Datetime,Open,High,Low,Close,Volume,Dividends,Stock Splits,Capital Gains
2024-07-08 09:30:00-04:00,61.25,61.25,61.11000061035156,61.130001068115234,29790,0.0,0.0,0.0
2024-07-08 09:31:00-04:00,61.099998474121094,61.209999084472656,61.099998474121094,61.20000076293945,5010,0.0,0.0,0.0
2024-07-08 09:32:00-04:00,61.18000030517578,61.22999954223633,61.1349983215332,61.22999954223633,14726,0.0,0.0,0.0
2024-07-08 09:33:00-04:00,61.279998779296875,61.369998931884766,61.279998779296875,61.36000061035156,1923,0.0,0.0,0.0
2024-07-08 09:34:00-04:00,61.36000061035156,61.43000030517578,61.36000061035156,61.38999938964844,4356,0.0,0.0,0.0
2024-07-08 09:35:00-04:00,61.380001068115234,61.400001525878906,61.31999969482422,61.349998474121094,5670,0.0,0.0,0.0
2024-07-08 09:36:00-04:00,61.439998626708984,61.4995002746582,61.369998931884766,61.439998626708984,11187,0.0,0.0,0.0
2024-07-08 09:37:00-04:00,61.34000015258789,61.439998626708984,61.33000183105469,61.34000015258789,3611,0.0,0.0,0.0
2024-07-08 09:38:00-04:00,61.33000183105469,61.34000015258789,61.290000915527344,61.29999923706055,16330,0.0,0.0,0.0
2024-07-08 09:39:00-04:00,61.29999923706055,61.369998931884766,61.27000045776367,61.36000061035156,9679,0.0,0.0,0.0
2024-07-08 09:40:00-04:00,61.34000015258789,61.36000061035156,61.31999969482422,61.36000061035156,2809,0.0,0.0,0.0
2024-07-08 09:41:00-04:00,61.380001068115234,61.380001068115234,61.36000061035156,61.380001068115234,1898,0.0,0.0,0.0
2024-07-08 09:42:00-04:00,61.40999984741211,61.41999816894531,61.349998474121094,61.380001068115234,7942,0.0,0.0,0.0
2024-07-08 09:43:00-04:00,61.38010025024414,61.415000915527344,61.36000061035156,61.415000915527344,3731,0.0,0.0,0.0
2024-07-08 09:44:00-04:00,61.41999816894531,61.41999816894531,61.380001068115234,61.400001525878906,4021,0.0,0.0,0.0
2024-07-08 09:45:00-04:00,61.41999816894531,61.470001220703125,61.400001525878906,61.470001220703125,8540,0.0,0.0,0.0
2024-07-08 09:46:00-04:00,61.470001220703125,61.5099983215332,61.45000076293945,61.46500015258789,3119,0.0,0.0,0.0
2024-07-08 09:47:00-04:00,61.459999084472656,61.5,61.41999816894531,61.5,4803,0.0,0.0,0.0
2024-07-08 09:48:00-04:00,61.4900016784668,61.4900016784668,61.400001525878906,61.41999816894531,22245,0.0,0.0,0.0
2024-07-08 09:49:00-04:00,61.42499923706055,61.45000076293945,61.40999984741211,61.41999816894531,3391,0.0,0.0,0.0
2024-07-08 09:50:00-04:00,61.41999816894531,61.41999816894531,61.380001068115234,61.380001068115234,1778,0.0,0.0,0.0
2024-07-08 09:51:00-04:00,61.380001068115234,61.380001068115234,61.36000061035156,61.36009979248047,3618,0.0,0.0,0.0
2024-07-08 09:52:00-04:00,61.439998626708984,61.439998626708984,61.36000061035156,61.439998626708984,2373,0.0,0.0,0.0
2024-07-08 09:53:00-04:00,61.45000076293945,61.459999084472656,61.43000030517578,61.43000030517578,3062,0.0,0.0,0.0
2024-07-08 09:54:00-04:00,61.43000030517578,61.43000030517578,61.40999984741211,61.40999984741211,1136,0.0,0.0,0.0
2024-07-08 09:55:00-04:00,61.41999816894531,61.470001220703125,61.40999984741211,61.470001220703125,1995,0.0,0.0,0.0
2024-07-08 09:56:00-04:00,61.45500183105469,61.5,61.43000030517578,61.5,2022,0.0,0.0,0.0
2024-07-08 09:57:00-04:00,61.5,61.5,61.45000076293945,61.459999084472656,1217,0.0,0.0,0.0
2024-07-08 09:58:00-04:00,61.47999954223633,61.59000015258789,61.47999954223633,61.56999969482422,7628,0.0,0.0,0.0
2024-07-08 09:59:00-04:00,61.59000015258789,61.599998474121094,61.58000183105469,61.58000183105469,1491,0.0,0.0,0.0
2024-07-08 10:00:00-04:00,61.56999969482422,61.59000015258789,61.54999923706055,61.560001373291016,2808,0.0,0.0,0.0
2024-07-08 10:01:00-04:00,61.529998779296875,61.58000183105469,61.529998779296875,61.58000183105469,2159,0.0,0.0,0.0
2024-07-08 10:02:00-04:00,61.59000015258789,61.59000015258789,61.5099983215332,61.529998779296875,2461,0.0,0.0,0.0
2024-07-08 10:03:00-04:00,61.540000915527344,61.54999923706055,61.47999954223633,61.47999954223633,5466,0.0,0.0,0.0
2024-07-08 10:04:00-04:00,61.4900016784668,61.5099983215332,61.4900016784668,61.5099983215332,1923,0.0,0.0,0.0
2024-07-08 10:05:00-04:00,61.51499938964844,61.52000045776367,61.459999084472656,61.470001220703125,3993,0.0,0.0,0.0
2024-07-08 10:06:00-04:00,61.459999084472656,61.47999954223633,61.45000076293945,61.47999954223633,1279,0.0,0.0,0.0
2024-07-08 10:07:00-04:00,61.470001220703125,61.540000915527344,61.470001220703125,61.540000915527344,10565,0.0,0.0,0.0
2024-07-08 10:08:00-04:00,61.54999923706055,61.560001373291016,61.540000915527344,61.540000915527344,1967,0.0,0.0,0.0
2024-07-08 10:09:00-04:00,61.540000915527344,61.54999923706055,61.525001525878906,61.529998779296875,1931,0.0,0.0,0.0
2024-07-08 10:10:00-04:00,61.540000915527344,61.540000915527344,61.529998779296875,61.540000915527344,1355,0.0,0.0,0.0
2024-07-08 10:11:00-04:00,61.529998779296875,61.56999969482422,61.52109909057617,61.56999969482422,4042,0.0,0.0,0.0
2024-07-08 10:12:00-04:00,61.560001373291016,61.584999084472656,61.54999923706055,61.54999923706055,3103,0.0,0.0,0.0
2024-07-08 10:13:00-04:00,61.54999923706055,61.58000183105469,61.54499816894531,61.55500030517578,1570,0.0,0.0,0.0
2024-07-08 10:14:00-04:00,61.54999923706055,61.59000015258789,61.540000915527344,61.560001373291016,8453,0.0,0.0,0.0
2024-07-08 10:15:00-04:00,61.58000183105469,61.58000183105469,61.5099983215332,61.51499938964844,5544,0.0,0.0,0.0
2024-07-08 10:16:00-04:00,61.51499938964844,61.52000045776367,61.47999954223633,61.4900016784668,4437,0.0,0.0,0.0
2024-07-08 10:17:00-04:00,61.5,61.5,61.4900016784668,61.4900016784668,632,0.0,0.0,0.0
2024-07-08 10:18:00-04:00,61.47999954223633,61.47999954223633,61.41999816894531,61.41999816894531,3778,0.0,0.0,0.0
2024-07-08 10:19:00-04:00,61.41999816894531,61.41999816894531,61.38999938964844,61.38999938964844,1755,0.0,0.0,0.0
2024-07-08 10:20:00-04:00,61.380001068115234,61.47999954223633,61.35499954223633,61.470001220703125,9186,0.0,0.0,0.0
2024-07-08 10:21:00-04:00,61.48500061035156,61.5,61.48500061035156,61.4900016784668,1491,0.0,0.0,0.0
2024-07-08 10:22:00-04:00,61.5099983215332,61.5099983215332,61.48500061035156,61.5,1723,0.0,0.0,0.0
2024-07-08 10:23:00-04:00,61.5099983215332,61.52000045776367,61.48500061035156,61.4900016784668,4280,0.0,0.0,0.0
2024-07-08 10:24:00-04:00,61.5099983215332,61.52000045776367,61.5099983215332,61.52000045776367,641,0.0,0.0,0.0
2024-07-08 10:25:00-04:00,61.5099983215332,61.5099983215332,61.435001373291016,61.435001373291016,2041,0.0,0.0,0.0
2024-07-08 10:26:00-04:00,61.43000030517578,61.43000030517578,61.400001525878906,61.40999984741211,2457,0.0,0.0,0.0
2024-07-08 10:27:00-04:00,61.4379997253418,61.4379997253418,61.400001525878906,61.400001525878906,3613,0.0,0.0,0.0
2024-07-08 10:28:00-04:00,61.38999938964844,61.40999984741211,61.380001068115234,61.400001525878906,5813,0.0,0.0,0.0
2024-07-08 10:29:00-04:00,61.38999938964844,61.38999938964844,61.369998931884766,61.369998931884766,2381,0.0,0.0,0.0
2024-07-08 10:30:00-04:00,61.369998931884766,61.380001068115234,61.349998474121094,61.380001068115234,9045,0.0,0.0,0.0
2024-07-08 10:31:00-04:00,61.38999938964844,61.400001525878906,61.38999938964844,61.400001525878906,2352,0.0,0.0,0.0
2024-07-08 10:32:00-04:00,61.40999984741211,61.459999084472656,61.404998779296875,61.459999084472656,1808,0.0,0.0,0.0
2024-07-08 10:33:00-04:00,61.470001220703125,61.529998779296875,61.470001220703125,61.52000045776367,6494,0.0,0.0,0.0
2024-07-08 10:34:00-04:00,61.52000045776367,61.54999923706055,61.52000045776367,61.54999923706055,931,0.0,0.0,0.0
2024-07-08 10:35:00-04:00,61.55500030517578,61.56999969482422,61.540000915527344,61.540000915527344,1832,0.0,0.0,0.0
2024-07-08 10:36:00-04:00,61.529998779296875,61.529998779296875,61.5099983215332,61.52000045776367,2320,0.0,0.0,0.0
2024-07-08 10:37:00-04:00,61.52000045776367,61.619998931884766,61.52000045776367,61.619998931884766,6341,0.0,0.0,0.0
2024-07-08 10:38:00-04:00,61.630001068115234,61.66999816894531,61.630001068115234,61.66999816894531,4013,0.0,0.0,0.0
2024-07-08 10:39:00-04:00,61.65999984741211,61.68000030517578,61.65829849243164,61.66999816894531,2358,0.0,0.0,0.0
2024-07-08 10:40:00-04:00,61.67499923706055,61.67499923706055,61.65999984741211,61.65999984741211,752,0.0,0.0,0.0
2024-07-08 10:41:00-04:00,61.66999816894531,61.720001220703125,61.66999816894531,61.709999084472656,3496,0.0,0.0,0.0
2024-07-08 10:42:00-04:00,61.709999084472656,61.720001220703125,61.68000030517578,61.709999084472656,2355,0.0,0.0,0.0
2024-07-08 10:43:00-04:00,61.70000076293945,61.72999954223633,61.70000076293945,61.70000076293945,4974,0.0,0.0,0.0
2024-07-08 10:44:00-04:00,61.70000076293945,61.70000076293945,61.650001525878906,61.65999984741211,2720,0.0,0.0,0.0
2024-07-08 10:45:00-04:00,61.65999984741211,61.65999984741211,61.630001068115234,61.63999938964844,4783,0.0,0.0,0.0
2024-07-08 10:46:00-04:00,61.650001525878906,61.654998779296875,61.630001068115234,61.630001068115234,2762,0.0,0.0,0.0
2024-07-08 10:47:00-04:00,61.63999938964844,61.66999816894531,61.63999938964844,61.66999816894531,2675,0.0,0.0,0.0
2024-07-08 10:48:00-04:00,61.67499923706055,61.67499923706055,61.63999938964844,61.650001525878906,1859,0.0,0.0,0.0
2024-07-08 10:49:00-04:00,61.650001525878906,61.66999816894531,61.64500045776367,61.64500045776367,3242,0.0,0.0,0.0
2024-07-08 10:50:00-04:00,61.64500045776367,61.64500045776367,61.64500045776367,61.64500045776367,100,0.0,0.0,0.0
2024-07-08 10:51:00-04:00,61.630001068115234,61.630001068115234,61.630001068115234,61.630001068115234,2972,0.0,0.0,0.0
2024-07-08 10:52:00-04:00,61.618499755859375,61.618499755859375,61.618499755859375,61.618499755859375,148,0.0,0.0,0.0
2024-07-08 10:53:00-04:00,61.61000061035156,61.65999984741211,61.61000061035156,61.65999984741211,2670,0.0,0.0,0.0
2024-07-08 10:54:00-04:00,61.65999984741211,61.65999984741211,61.630001068115234,61.650001525878906,2705,0.0,0.0,0.0
2024-07-08 10:55:00-04:00,61.64500045776367,61.64500045776367,61.599998474121094,61.61000061035156,3694,0.0,0.0,0.0
2024-07-08 10:56:00-04:00,61.6150016784668,61.6150016784668,61.58000183105469,61.58000183105469,1705,0.0,0.0,0.0
2024-07-08 10:57:00-04:00,61.58000183105469,61.58000183105469,61.58000183105469,61.58000183105469,376398,0.0,0.0,0.0
2024-07-08 10:58:00-04:00,61.56999969482422,61.58000183105469,61.56999969482422,61.56999969482422,2198,0.0,0.0,0.0
2024-07-08 10:59:00-04:00,61.56999969482422,61.56999969482422,61.564998626708984,61.564998626708984,1010,0.0,0.0,0.0
2024-07-08 11:00:00-04:00,61.560001373291016,61.560001373291016,61.54499816894531,61.54499816894531,1237,0.0,0.0,0.0
2024-07-08 11:01:00-04:00,61.540000915527344,61.540000915527344,61.540000915527344,61.540000915527344,801,0.0,0.0,0.0
2024-07-08 11:02:00-04:00,61.529998779296875,61.540000915527344,61.529998779296875,61.53799819946289,19751,0.0,0.0,0.0
2024-07-08 11:03:00-04:00,61.529998779296875,61.529998779296875,61.5,61.5,2713,0.0,0.0,0.0
2024-07-08 11:04:00-04:00,61.5,61.5,61.4900016784668,61.494998931884766,1385,0.0,0.0,0.0
2024-07-08 11:05:00-04:00,61.5,61.5099983215332,61.4900016784668,61.4900016784668,4352,0.0,0.0,0.0
2024-07-08 11:06:00-04:00,61.4900016784668,61.4900016784668,61.4900016784668,61.4900016784668,516,0.0,0.0,0.0
2024-07-08 11:07:00-04:00,61.47999954223633,61.47999954223633,61.47999954223633,61.47999954223633,1043,0.0,0.0,0.0
2024-07-08 11:08:00-04:00,61.47999954223633,61.47999954223633,61.459999084472656,61.470001220703125,824,0.0,0.0,0.0
2024-07-08 11:09:00-04:00,61.470001220703125,61.5099983215332,61.470001220703125,61.5099983215332,1088,0.0,0.0,0.0
2024-07-08 11:10:00-04:00,61.505001068115234,61.5099983215332,61.505001068115234,61.5099983215332,791,0.0,0.0,0.0
2024-07-08 11:11:00-04:00,61.5099983215332,61.5099983215332,61.48500061035156,61.48500061035156,2616,0.0,0.0,0.0
2024-07-08 11:12:00-04:00,61.5,61.5,61.45000076293945,61.45000076293945,968,0.0,0.0,0.0
2024-07-08 11:13:00-04:00,61.439998626708984,61.45000076293945,61.43230056762695,61.45000076293945,1942,0.0,0.0,0.0
2024-07-08 11:14:00-04:00,61.439998626708984,61.439998626708984,61.43000030517578,61.439998626708984,1328,0.0,0.0,0.0
2024-07-08 11:15:00-04:00,61.45000076293945,61.459999084472656,61.45000076293945,61.459999084472656,809,0.0,0.0,0.0
2024-07-08 11:16:00-04:00,61.459999084472656,61.459999084472656,61.40999984741211,61.40999984741211,1719,0.0,0.0,0.0
2024-07-08 11:17:00-04:00,61.40999984741211,61.40999984741211,61.40999984741211,61.40999984741211,507,0.0,0.0,0.0
2024-07-08 11:18:00-04:00,61.41999816894531,61.41999816894531,61.41999816894531,61.41999816894531,463,0.0,0.0,0.0
2024-07-08 11:19:00-04:00,61.41999816894531,61.43989944458008,61.41999816894531,61.43989944458008,1650,0.0,0.0,0.0
2024-07-08 11:20:00-04:00,61.43000030517578,61.43000030517578,61.41999816894531,61.41999816894531,3330,0.0,0.0,0.0
2024-07-08 11:21:00-04:00,61.41999816894531,61.41999816894531,61.41999816894531,61.41999816894531,539,0.0,0.0,0.0
2024-07-08 11:22:00-04:00,61.42499923706055,61.44060134887695,61.42499923706055,61.439998626708984,1989,0.0,0.0,0.0
2024-07-08 11:23:00-04:00,61.43000030517578,61.43000030517578,61.380001068115234,61.38999938964844,60223,0.0,0.0,0.0
2024-07-08 11:24:00-04:00,61.38999938964844,61.38999938964844,61.3650016784668,61.380001068115234,3921,0.0,0.0,0.0
2024-07-08 11:25:00-04:00,61.34000015258789,61.369998931884766,61.34000015258789,61.34000015258789,31902,0.0,0.0,0.0
2024-07-08 11:26:00-04:00,61.33000183105469,61.334999084472656,61.33000183105469,61.334999084472656,2528,0.0,0.0,0.0
2024-07-08 11:27:00-04:00,61.334999084472656,61.334999084472656,61.310001373291016,61.310001373291016,1909,0.0,0.0,0.0
2024-07-08 11:28:00-04:00,61.31999969482422,61.34000015258789,61.31999969482422,61.34000015258789,3123,0.0,0.0,0.0
2024-07-08 11:29:00-04:00,61.34000015258789,61.34000015258789,61.29999923706055,61.29999923706055,1382,0.0,0.0,0.0
2024-07-08 11:30:00-04:00,61.29999923706055,61.310001373291016,61.29999923706055,61.29999923706055,1772,0.0,0.0,0.0
2024-07-08 11:31:00-04:00,61.310001373291016,61.31999969482422,61.310001373291016,61.31019973754883,4380,0.0,0.0,0.0
2024-07-08 11:32:00-04:00,61.310001373291016,61.310001373291016,61.29999923706055,61.29999923706055,1452,0.0,0.0,0.0
2024-07-08 11:33:00-04:00,61.290000915527344,61.290000915527344,61.27000045776367,61.279998779296875,4675,0.0,0.0,0.0
2024-07-08 11:34:00-04:00,61.2599983215332,61.28499984741211,61.2599983215332,61.2599983215332,1431,0.0,0.0,0.0
2024-07-08 11:35:00-04:00,61.25,61.25,61.23500061035156,61.2400016784668,971,0.0,0.0,0.0
2024-07-08 11:36:00-04:00,61.2400016784668,61.25,61.22999954223633,61.23500061035156,8321,0.0,0.0,0.0
2024-07-08 11:37:00-04:00,61.23500061035156,61.23500061035156,61.16999816894531,61.18000030517578,37882,0.0,0.0,0.0
2024-07-08 11:38:00-04:00,61.185001373291016,61.185001373291016,61.11000061035156,61.11000061035156,77529,0.0,0.0,0.0
2024-07-08 11:39:00-04:00,61.130001068115234,61.13010025024414,61.099998474121094,61.130001068115234,4533,0.0,0.0,0.0
2024-07-08 11:40:00-04:00,61.119998931884766,61.119998931884766,61.08000183105469,61.099998474121094,5352,0.0,0.0,0.0
2024-07-08 11:41:00-04:00,61.09000015258789,61.09000015258789,61.08000183105469,61.09000015258789,6912,0.0,0.0,0.0
2024-07-08 11:42:00-04:00,61.084999084472656,61.099998474121094,61.08000183105469,61.099998474121094,3145,0.0,0.0,0.0
2024-07-08 11:43:00-04:00,61.11000061035156,61.119998931884766,61.099998474121094,61.11000061035156,1942,0.0,0.0,0.0
2024-07-08 11:44:00-04:00,61.09000015258789,61.09000015258789,61.08000183105469,61.08000183105469,851,0.0,0.0,0.0
2024-07-08 11:45:00-04:00,61.06999969482422,61.08000183105469,61.03499984741211,61.08000183105469,14414,0.0,0.0,0.0
2024-07-08 11:46:00-04:00,61.06999969482422,61.06999969482422,61.040000915527344,61.040000915527344,1836,0.0,0.0,0.0
2024-07-08 11:47:00-04:00,61.040000915527344,61.04999923706055,61.040000915527344,61.040000915527344,1553,0.0,0.0,0.0
2024-07-08 11:48:00-04:00,60.98500061035156,61.040000915527344,60.96500015258789,60.98500061035156,5693,0.0,0.0,0.0
2024-07-08 11:49:00-04:00,60.97999954223633,61.020198822021484,60.97999954223633,61.02000045776367,3948,0.0,0.0,0.0
2024-07-08 11:50:00-04:00,61.029998779296875,61.04999923706055,61.029998779296875,61.040000915527344,5713,0.0,0.0,0.0
2024-07-08 11:51:00-04:00,61.040000915527344,61.060001373291016,61.040000915527344,61.04999923706055,3850,0.0,0.0,0.0
2024-07-08 11:52:00-04:00,61.040000915527344,61.040000915527344,61.029998779296875,61.029998779296875,526,0.0,0.0,0.0
2024-07-08 11:53:00-04:00,61.0099983215332,61.04999923706055,61.0,61.04999923706055,1132,0.0,0.0,0.0
2024-07-08 11:54:00-04:00,61.04999923706055,61.06999969482422,61.04999923706055,61.06999969482422,602,0.0,0.0,0.0
2024-07-08 11:55:00-04:00,61.04999923706055,61.04999923706055,61.04999923706055,61.04999923706055,4791,0.0,0.0,0.0
2024-07-08 11:56:00-04:00,61.04499816894531,61.04999923706055,61.0099983215332,61.0099983215332,4024,0.0,0.0,0.0
2024-07-08 11:57:00-04:00,61.0099983215332,61.0099983215332,61.0099983215332,61.0099983215332,258,0.0,0.0,0.0
2024-07-08 11:58:00-04:00,61.005001068115234,61.0099983215332,61.005001068115234,61.0099983215332,394,0.0,0.0,0.0
2024-07-08 11:59:00-04:00,61.0099983215332,61.029998779296875,61.003299713134766,61.0099983215332,3778,0.0,0.0,0.0
2024-07-08 12:00:00-04:00,61.02000045776367,61.029998779296875,61.0099983215332,61.029998779296875,1540,0.0,0.0,0.0
2024-07-08 12:01:00-04:00,61.029998779296875,61.040000915527344,61.02000045776367,61.03499984741211,863,0.0,0.0,0.0
2024-07-08 12:02:00-04:00,61.040000915527344,61.040000915527344,61.0099983215332,61.0099983215332,1120,0.0,0.0,0.0
2024-07-08 12:03:00-04:00,61.02000045776367,61.02000045776367,61.0099983215332,61.0099983215332,308,0.0,0.0,0.0
2024-07-08 12:04:00-04:00,61.005001068115234,61.02000045776367,61.0,61.02000045776367,3808,0.0,0.0,0.0
2024-07-08 12:05:00-04:00,61.02000045776367,61.02000045776367,60.98500061035156,60.98500061035156,1374,0.0,0.0,0.0
2024-07-08 12:06:00-04:00,60.9900016784668,61.0,60.9900016784668,61.0,1994,0.0,0.0,0.0
2024-07-08 12:08:00-04:00,61.005001068115234,61.005001068115234,60.9900016784668,60.9900016784668,854,0.0,0.0,0.0
2024-07-08 12:09:00-04:00,60.97999954223633,60.97999954223633,60.939998626708984,60.939998626708984,1800,0.0,0.0,0.0
2024-07-08 12:10:00-04:00,60.93000030517578,60.93000030517578,60.91999816894531,60.93000030517578,1526,0.0,0.0,0.0
2024-07-08 12:11:00-04:00,60.93330001831055,60.939998626708984,60.93330001831055,60.939998626708984,618,0.0,0.0,0.0
2024-07-08 12:12:00-04:00,60.939998626708984,60.959999084472656,60.939998626708984,60.959999084472656,1865,0.0,0.0,0.0
2024-07-08 12:13:00-04:00,60.959999084472656,60.959999084472656,60.959999084472656,60.959999084472656,294,0.0,0.0,0.0
2024-07-08 12:14:00-04:00,60.97999954223633,60.9900016784668,60.97999954223633,60.9900016784668,989,0.0,0.0,0.0
2024-07-08 12:15:00-04:00,60.97999954223633,60.97999954223633,60.97999954223633,60.97999954223633,308,0.0,0.0,0.0
2024-07-08 12:16:00-04:00,60.970001220703125,60.970001220703125,60.939998626708984,60.939998626708984,1352,0.0,0.0,0.0
2024-07-08 12:17:00-04:00,60.95000076293945,60.970001220703125,60.95000076293945,60.970001220703125,977,0.0,0.0,0.0
2024-07-08 12:18:00-04:00,60.96500015258789,61.0,60.96500015258789,61.0,31817,0.0,0.0,0.0
2024-07-08 12:19:00-04:00,61.0099983215332,61.0099983215332,61.005001068115234,61.0099983215332,546,0.0,0.0,0.0
2024-07-08 12:20:00-04:00,61.029998779296875,61.05500030517578,61.029998779296875,61.04999923706055,1327,0.0,0.0,0.0
2024-07-08 12:21:00-04:00,61.029998779296875,61.040000915527344,61.029998779296875,61.029998779296875,638,0.0,0.0,0.0
2024-07-08 12:22:00-04:00,61.029998779296875,61.029998779296875,61.02009963989258,61.02009963989258,1014,0.0,0.0,0.0
2024-07-08 12:23:00-04:00,61.02000045776367,61.029998779296875,61.02000045776367,61.029998779296875,834,0.0,0.0,0.0
2024-07-08 12:24:00-04:00,61.029998779296875,61.04999923706055,61.029998779296875,61.04999923706055,493,0.0,0.0,0.0
2024-07-08 12:25:00-04:00,61.040000915527344,61.04999923706055,61.040000915527344,61.04999923706055,621,0.0,0.0,0.0
2024-07-08 12:26:00-04:00,61.060001373291016,61.06999969482422,61.060001373291016,61.06999969482422,783,0.0,0.0,0.0
2024-07-08 12:27:00-04:00,61.09000015258789,61.09000015258789,61.09000015258789,61.09000015258789,563,0.0,0.0,0.0
2024-07-08 12:28:00-04:00,61.08000183105469,61.08000183105469,61.060001373291016,61.060001373291016,432,0.0,0.0,0.0
2024-07-08 12:29:00-04:00,61.06999969482422,61.099998474121094,61.06999969482422,61.09000015258789,1136,0.0,0.0,0.0
2024-07-08 12:30:00-04:00,61.095001220703125,61.095001220703125,61.095001220703125,61.095001220703125,166,0.0,0.0,0.0
2024-07-08 12:31:00-04:00,61.099998474121094,61.119998931884766,61.099998474121094,61.119998931884766,764,0.0,0.0,0.0
2024-07-08 12:32:00-04:00,61.119998931884766,61.130001068115234,61.119998931884766,61.130001068115234,398,0.0,0.0,0.0
2024-07-08 12:33:00-04:00,61.130001068115234,61.130001068115234,61.130001068115234,61.130001068115234,237,0.0,0.0,0.0
2024-07-08 12:34:00-04:00,61.119998931884766,61.125,61.11000061035156,61.11000061035156,3609,0.0,0.0,0.0
2024-07-08 12:35:00-04:00,61.099998474121094,61.10499954223633,61.099998474121094,61.10499954223633,1130,0.0,0.0,0.0
2024-07-08 12:37:00-04:00,61.1150016784668,61.1349983215332,61.1150016784668,61.119998931884766,1104,0.0,0.0,0.0
2024-07-08 12:38:00-04:00,61.130001068115234,61.130001068115234,61.130001068115234,61.130001068115234,648,0.0,0.0,0.0
2024-07-08 12:39:00-04:00,61.119998931884766,61.119998931884766,61.1150016784668,61.119998931884766,921,0.0,0.0,0.0
2024-07-08 12:40:00-04:00,61.130001068115234,61.130001068115234,61.119998931884766,61.130001068115234,523,0.0,0.0,0.0
2024-07-08 12:41:00-04:00,61.130001068115234,61.130001068115234,61.130001068115234,61.130001068115234,386,0.0,0.0,0.0
2024-07-08 12:42:00-04:00,61.119998931884766,61.130001068115234,61.119998931884766,61.125,464,0.0,0.0,0.0
2024-07-08 12:43:00-04:00,61.11000061035156,61.11000061035156,61.099998474121094,61.11000061035156,1004,0.0,0.0,0.0
2024-07-08 12:45:00-04:00,61.1150016784668,61.1349983215332,61.1150016784668,61.1349983215332,1964,0.0,0.0,0.0
2024-07-08 12:46:00-04:00,61.13999938964844,61.13999938964844,61.099998474121094,61.099998474121094,1866,0.0,0.0,0.0
2024-07-08 12:47:00-04:00,61.099998474121094,61.119998931884766,61.099998474121094,61.119998931884766,914,0.0,0.0,0.0
2024-07-08 12:48:00-04:00,61.130001068115234,61.165000915527344,61.130001068115234,61.13999938964844,2609,0.0,0.0,0.0
2024-07-08 12:49:00-04:00,61.150001525878906,61.150001525878906,61.150001525878906,61.150001525878906,735,0.0,0.0,0.0
2024-07-08 12:50:00-04:00,61.165000915527344,61.16999816894531,61.15999984741211,61.16999816894531,2995,0.0,0.0,0.0
2024-07-08 12:51:00-04:00,61.150001525878906,61.150001525878906,61.150001525878906,61.150001525878906,486,0.0,0.0,0.0
2024-07-08 12:52:00-04:00,61.15999984741211,61.16999816894531,61.15999984741211,61.16999816894531,962,0.0,0.0,0.0
2024-07-08 12:53:00-04:00,61.18000030517578,61.18000030517578,61.17499923706055,61.17499923706055,494,0.0,0.0,0.0
2024-07-08 12:54:00-04:00,61.18000030517578,61.18000030517578,61.15999984741211,61.15999984741211,374,0.0,0.0,0.0
2024-07-08 12:55:00-04:00,61.15999984741211,61.17499923706055,61.15999984741211,61.17499923706055,788,0.0,0.0,0.0
2024-07-08 12:56:00-04:00,61.17499923706055,61.19499969482422,61.17499923706055,61.18000030517578,785,0.0,0.0,0.0
2024-07-08 12:57:00-04:00,61.189998626708984,61.189998626708984,61.185001373291016,61.185001373291016,561,0.0,0.0,0.0
2024-07-08 12:58:00-04:00,61.16999816894531,61.20000076293945,61.16999816894531,61.20000076293945,4109,0.0,0.0,0.0
2024-07-08 12:59:00-04:00,61.189998626708984,61.189998626708984,61.18000030517578,61.18000030517578,523,0.0,0.0,0.0
2024-07-08 13:00:00-04:00,61.17499923706055,61.17499923706055,61.15999984741211,61.15999984741211,748,0.0,0.0,0.0
2024-07-08 13:01:00-04:00,61.15999984741211,61.15999984741211,61.150001525878906,61.15999984741211,784,0.0,0.0,0.0
2024-07-08 13:02:00-04:00,61.15999984741211,61.15999984741211,61.150001525878906,61.150001525878906,1072,0.0,0.0,0.0
2024-07-08 13:03:00-04:00,61.1349983215332,61.13999938964844,61.130001068115234,61.130001068115234,1762,0.0,0.0,0.0
2024-07-08 13:04:00-04:00,61.1349983215332,61.14500045776367,61.1349983215332,61.14500045776367,539,0.0,0.0,0.0
2024-07-08 13:05:00-04:00,61.14500045776367,61.150001525878906,61.130001068115234,61.150001525878906,1544,0.0,0.0,0.0
2024-07-08 13:06:00-04:00,61.150001525878906,61.15999984741211,61.150001525878906,61.15999984741211,1171,0.0,0.0,0.0
2024-07-08 13:07:00-04:00,61.154998779296875,61.15999984741211,61.150001525878906,61.150001525878906,2345,0.0,0.0,0.0
2024-07-08 13:08:00-04:00,61.13999938964844,61.13999938964844,61.130001068115234,61.130001068115234,990,0.0,0.0,0.0
2024-07-08 13:09:00-04:00,61.130001068115234,61.1349983215332,61.130001068115234,61.130001068115234,1148,0.0,0.0,0.0
2024-07-08 13:10:00-04:00,61.119998931884766,61.125,61.11000061035156,61.1150016784668,1680,0.0,0.0,0.0
2024-07-08 13:11:00-04:00,61.119998931884766,61.119998931884766,61.119998931884766,61.119998931884766,680,0.0,0.0,0.0
2024-07-08 13:12:00-04:00,61.11000061035156,61.11000061035156,61.099998474121094,61.099998474121094,561,0.0,0.0,0.0
2024-07-08 13:13:00-04:00,61.095001220703125,61.099998474121094,61.095001220703125,61.095001220703125,814,0.0,0.0,0.0
2024-07-08 13:14:00-04:00,61.099998474121094,61.14500045776367,61.099998474121094,61.14500045776367,3730,0.0,0.0,0.0
2024-07-08 13:15:00-04:00,61.150001525878906,61.150001525878906,61.1349983215332,61.13999938964844,2644,0.0,0.0,0.0
2024-07-08 13:16:00-04:00,61.13999938964844,61.13999938964844,61.13999938964844,61.13999938964844,130,0.0,0.0,0.0
2024-07-08 13:17:00-04:00,61.14500045776367,61.14500045776367,61.13999938964844,61.13999938964844,401,0.0,0.0,0.0
2024-07-08 13:18:00-04:00,61.150001525878906,61.15999984741211,61.150001525878906,61.150001525878906,3268,0.0,0.0,0.0
2024-07-08 13:19:00-04:00,61.150001525878906,61.15679931640625,61.14500045776367,61.15679931640625,488,0.0,0.0,0.0
2024-07-08 13:20:00-04:00,61.15999984741211,61.16999816894531,61.154998779296875,61.15999984741211,16105,0.0,0.0,0.0
2024-07-08 13:21:00-04:00,61.150001525878906,61.150001525878906,61.13999938964844,61.13999938964844,1867,0.0,0.0,0.0
2024-07-08 13:22:00-04:00,61.13999938964844,61.154998779296875,61.130001068115234,61.130001068115234,1535,0.0,0.0,0.0
2024-07-08 13:23:00-04:00,61.125,61.125,61.119998931884766,61.119998931884766,283,0.0,0.0,0.0
2024-07-08 13:24:00-04:00,61.130001068115234,61.130001068115234,61.119998931884766,61.119998931884766,998,0.0,0.0,0.0
2024-07-08 13:25:00-04:00,61.130001068115234,61.130001068115234,61.130001068115234,61.130001068115234,250,0.0,0.0,0.0
2024-07-08 13:26:00-04:00,61.130001068115234,61.150001525878906,61.130001068115234,61.150001525878906,1143,0.0,0.0,0.0
2024-07-08 13:27:00-04:00,61.150001525878906,61.150001525878906,61.130001068115234,61.130001068115234,1743,0.0,0.0,0.0
2024-07-08 13:28:00-04:00,61.11000061035156,61.11000061035156,61.11000061035156,61.11000061035156,323,0.0,0.0,0.0
2024-07-08 13:29:00-04:00,61.099998474121094,61.099998474121094,61.08000183105469,61.09000015258789,1428,0.0,0.0,0.0
2024-07-08 13:30:00-04:00,61.095001220703125,61.10499954223633,61.09000015258789,61.10499954223633,1897,0.0,0.0,0.0
2024-07-08 13:31:00-04:00,61.11000061035156,61.1150016784668,61.11000061035156,61.11000061035156,877,0.0,0.0,0.0
2024-07-08 13:32:00-04:00,61.125,61.125,61.11000061035156,61.125,656,0.0,0.0,0.0
2024-07-08 13:33:00-04:00,61.119998931884766,61.150001525878906,61.119998931884766,61.150001525878906,2263,0.0,0.0,0.0
2024-07-08 13:34:00-04:00,61.150001525878906,61.150001525878906,61.13999938964844,61.150001525878906,1357,0.0,0.0,0.0
2024-07-08 13:35:00-04:00,61.150001525878906,61.15999984741211,61.150001525878906,61.15299987792969,1314,0.0,0.0,0.0
2024-07-08 13:36:00-04:00,61.150001525878906,61.15999984741211,61.150001525878906,61.15999984741211,1773,0.0,0.0,0.0
2024-07-08 13:37:00-04:00,61.154998779296875,61.154998779296875,61.154998779296875,61.154998779296875,116,0.0,0.0,0.0
2024-07-08 13:38:00-04:00,61.150001525878906,61.154998779296875,61.150001525878906,61.154998779296875,455,0.0,0.0,0.0
2024-07-08 13:39:00-04:00,61.15999984741211,61.16999816894531,61.15999984741211,61.165000915527344,503,0.0,0.0,0.0
2024-07-08 13:40:00-04:00,61.165000915527344,61.165000915527344,61.15999984741211,61.165000915527344,447,0.0,0.0,0.0
2024-07-08 13:41:00-04:00,61.165000915527344,61.16999816894531,61.15999984741211,61.16999816894531,1568,0.0,0.0,0.0
2024-07-08 13:42:00-04:00,61.16999816894531,61.18000030517578,61.16999816894531,61.16999816894531,971,0.0,0.0,0.0
2024-07-08 13:43:00-04:00,61.15999984741211,61.15999984741211,61.14500045776367,61.14500045776367,779,0.0,0.0,0.0
2024-07-08 13:44:00-04:00,61.13999938964844,61.13999938964844,61.130001068115234,61.130001068115234,1608,0.0,0.0,0.0
2024-07-08 13:45:00-04:00,61.125,61.130001068115234,61.125,61.130001068115234,444,0.0,0.0,0.0
2024-07-08 13:46:00-04:00,61.1349983215332,61.150001525878906,61.130001068115234,61.150001525878906,2586,0.0,0.0,0.0
2024-07-08 13:47:00-04:00,61.15999984741211,61.15999984741211,61.13999938964844,61.14500045776367,2944,0.0,0.0,0.0
2024-07-08 13:48:00-04:00,61.13999938964844,61.13999938964844,61.13999938964844,61.13999938964844,215,0.0,0.0,0.0
2024-07-08 13:49:00-04:00,61.130001068115234,61.130001068115234,61.130001068115234,61.130001068115234,746,0.0,0.0,0.0
2024-07-08 13:50:00-04:00,61.119998931884766,61.130001068115234,61.11000061035156,61.130001068115234,1468,0.0,0.0,0.0
2024-07-08 13:51:00-04:00,61.13999938964844,61.14500045776367,61.13999938964844,61.13999938964844,2889,0.0,0.0,0.0
2024-07-08 13:52:00-04:00,61.150001525878906,61.154998779296875,61.150001525878906,61.154998779296875,509,0.0,0.0,0.0
2024-07-08 13:53:00-04:00,61.154998779296875,61.154998779296875,61.14500045776367,61.154998779296875,737,0.0,0.0,0.0
2024-07-08 13:54:00-04:00,61.150001525878906,61.150001525878906,61.13999938964844,61.13999938964844,1265,0.0,0.0,0.0
2024-07-08 13:55:00-04:00,61.149898529052734,61.149898529052734,61.1349983215332,61.13990020751953,702,0.0,0.0,0.0
2024-07-08 13:56:00-04:00,61.13399887084961,61.13999938964844,61.130001068115234,61.13999938964844,1477,0.0,0.0,0.0
2024-07-08 13:57:00-04:00,61.14500045776367,61.150001525878906,61.14500045776367,61.150001525878906,1176,0.0,0.0,0.0
2024-07-08 13:59:00-04:00,61.15999984741211,61.15999984741211,61.154998779296875,61.15999984741211,316,0.0,0.0,0.0
2024-07-08 14:00:00-04:00,61.154998779296875,61.154998779296875,61.150001525878906,61.150001525878906,697,0.0,0.0,0.0
2024-07-08 14:01:00-04:00,61.150001525878906,61.150001525878906,61.150001525878906,61.150001525878906,598,0.0,0.0,0.0
2024-07-08 14:02:00-04:00,61.15999984741211,61.18000030517578,61.15999984741211,61.18000030517578,1435,0.0,0.0,0.0
2024-07-08 14:03:00-04:00,61.18000030517578,61.189998626708984,61.18000030517578,61.185001373291016,584,0.0,0.0,0.0
2024-07-08 14:04:00-04:00,61.185001373291016,61.185001373291016,61.15999984741211,61.15999984741211,1294,0.0,0.0,0.0
2024-07-08 14:05:00-04:00,61.15999984741211,61.15999984741211,61.15999984741211,61.15999984741211,336,0.0,0.0,0.0
2024-07-08 14:06:00-04:00,61.130001068115234,61.130001068115234,61.130001068115234,61.130001068115234,1788,0.0,0.0,0.0
2024-07-08 14:07:00-04:00,61.130001068115234,61.130001068115234,61.130001068115234,61.130001068115234,987,0.0,0.0,0.0
2024-07-08 14:08:00-04:00,61.130001068115234,61.130001068115234,61.130001068115234,61.130001068115234,399,0.0,0.0,0.0
2024-07-08 14:09:00-04:00,61.13999938964844,61.13999938964844,61.13999938964844,61.13999938964844,188,0.0,0.0,0.0
2024-07-08 14:10:00-04:00,61.130001068115234,61.165000915527344,61.130001068115234,61.165000915527344,2211,0.0,0.0,0.0
2024-07-08 14:11:00-04:00,61.15999984741211,61.15999984741211,61.150001525878906,61.150001525878906,485,0.0,0.0,0.0
2024-07-08 14:12:00-04:00,61.15999984741211,61.165000915527344,61.15999984741211,61.165000915527344,698,0.0,0.0,0.0
2024-07-08 14:13:00-04:00,61.16999816894531,61.16999816894531,61.16999816894531,61.16999816894531,226,0.0,0.0,0.0
2024-07-08 14:14:00-04:00,61.16999816894531,61.16999816894531,61.165000915527344,61.165000915527344,668,0.0,0.0,0.0
2024-07-08 14:15:00-04:00,61.16999816894531,61.185001373291016,61.16999816894531,61.18000030517578,1475,0.0,0.0,0.0
2024-07-08 14:16:00-04:00,61.16999816894531,61.16999816894531,61.15999984741211,61.15999984741211,376,0.0,0.0,0.0
2024-07-08 14:17:00-04:00,61.150001525878906,61.15999984741211,61.150001525878906,61.15999984741211,844,0.0,0.0,0.0
2024-07-08 14:18:00-04:00,61.150001525878906,61.150001525878906,61.14789962768555,61.150001525878906,938,0.0,0.0,0.0
2024-07-08 14:19:00-04:00,61.14500045776367,61.14500045776367,61.14500045776367,61.14500045776367,310,0.0,0.0,0.0
2024-07-08 14:20:00-04:00,61.13999938964844,61.13999938964844,61.119998931884766,61.119998931884766,748,0.0,0.0,0.0
2024-07-08 14:22:00-04:00,61.13999938964844,61.13999938964844,61.13999938964844,61.13999938964844,294,0.0,0.0,0.0
2024-07-08 14:23:00-04:00,61.130001068115234,61.13999938964844,61.130001068115234,61.13999938964844,956,0.0,0.0,0.0
2024-07-08 14:24:00-04:00,61.14500045776367,61.150001525878906,61.14500045776367,61.150001525878906,581,0.0,0.0,0.0
2024-07-08 14:25:00-04:00,61.150001525878906,61.15999984741211,61.150001525878906,61.15999984741211,1191,0.0,0.0,0.0
2024-07-08 14:26:00-04:00,61.15999984741211,61.15999984741211,61.150001525878906,61.150001525878906,853,0.0,0.0,0.0
2024-07-08 14:28:00-04:00,61.150001525878906,61.165000915527344,61.14500045776367,61.14500045776367,1099,0.0,0.0,0.0
2024-07-08 14:29:00-04:00,61.13999938964844,61.13999938964844,61.13999938964844,61.13999938964844,174,0.0,0.0,0.0
2024-07-08 14:30:00-04:00,61.1349983215332,61.1349983215332,61.1150016784668,61.1150016784668,2168,0.0,0.0,0.0
2024-07-08 14:31:00-04:00,61.119998931884766,61.130001068115234,61.119998931884766,61.130001068115234,1097,0.0,0.0,0.0
2024-07-08 14:32:00-04:00,61.130001068115234,61.154998779296875,61.130001068115234,61.154998779296875,3071,0.0,0.0,0.0
2024-07-08 14:33:00-04:00,61.15999984741211,61.15999984741211,61.150001525878906,61.150001525878906,4587,0.0,0.0,0.0
2024-07-08 14:34:00-04:00,61.13999938964844,61.150001525878906,61.13999938964844,61.1431999206543,603,0.0,0.0,0.0
2024-07-08 14:35:00-04:00,61.13999938964844,61.14500045776367,61.13999938964844,61.13999938964844,754,0.0,0.0,0.0
2024-07-08 14:36:00-04:00,61.13999938964844,61.13999938964844,61.13999938964844,61.13999938964844,735,0.0,0.0,0.0
2024-07-08 14:37:00-04:00,61.13999938964844,61.13999938964844,61.130001068115234,61.130001068115234,431,0.0,0.0,0.0
2024-07-08 14:38:00-04:00,61.130001068115234,61.130001068115234,61.130001068115234,61.130001068115234,418,0.0,0.0,0.0
2024-07-08 14:39:00-04:00,61.1349983215332,61.1349983215332,61.130001068115234,61.130001068115234,1157,0.0,0.0,0.0
2024-07-08 14:40:00-04:00,61.119998931884766,61.125,61.11000061035156,61.11000061035156,4512,0.0,0.0,0.0
2024-07-08 14:41:00-04:00,61.099998474121094,61.099998474121094,61.09000015258789,61.09000015258789,972,0.0,0.0,0.0
2024-07-08 14:42:00-04:00,61.08000183105469,61.08000183105469,61.025001525878906,61.025001525878906,1451,0.0,0.0,0.0
2024-07-08 14:43:00-04:00,61.02000045776367,61.02000045776367,61.0,61.0099983215332,2726,0.0,0.0,0.0
2024-07-08 14:45:00-04:00,60.9900016784668,60.9900016784668,60.959999084472656,60.959999084472656,1893,0.0,0.0,0.0
2024-07-08 14:46:00-04:00,60.95000076293945,60.98500061035156,60.939998626708984,60.98500061035156,5815,0.0,0.0,0.0
2024-07-08 14:47:00-04:00,60.9900016784668,60.9900016784668,60.9900016784668,60.9900016784668,500,0.0,0.0,0.0
2024-07-08 14:48:00-04:00,60.994998931884766,61.005001068115234,60.994998931884766,61.005001068115234,1167,0.0,0.0,0.0
2024-07-08 14:49:00-04:00,61.0099983215332,61.0099983215332,61.0,61.005001068115234,834,0.0,0.0,0.0
2024-07-08 14:50:00-04:00,61.0,61.0,61.0,61.0,1295,0.0,0.0,0.0
2024-07-08 14:51:00-04:00,61.0099983215332,61.0099983215332,61.0099983215332,61.0099983215332,207,0.0,0.0,0.0
2024-07-08 14:52:00-04:00,61.01499938964844,61.02000045776367,61.0099983215332,61.0099983215332,856,0.0,0.0,0.0
2024-07-08 14:53:00-04:00,61.0,61.00199890136719,61.0,61.00199890136719,285,0.0,0.0,0.0
2024-07-08 14:54:00-04:00,61.0,61.0,60.9900016784668,61.0,1947,0.0,0.0,0.0
2024-07-08 14:55:00-04:00,61.005001068115234,61.029998779296875,61.005001068115234,61.029998779296875,3786,0.0,0.0,0.0
2024-07-08 14:56:00-04:00,61.029998779296875,61.060001373291016,61.029998779296875,61.060001373291016,2042,0.0,0.0,0.0
2024-07-08 14:57:00-04:00,61.064998626708984,61.06999969482422,61.064998626708984,61.06999969482422,626,0.0,0.0,0.0
2024-07-08 14:58:00-04:00,61.06999969482422,61.06999969482422,61.060001373291016,61.060001373291016,1118,0.0,0.0,0.0
2024-07-08 14:59:00-04:00,61.060001373291016,61.064998626708984,61.060001373291016,61.060001373291016,832,0.0,0.0,0.0
2024-07-08 15:00:00-04:00,61.04999923706055,61.04999923706055,61.040000915527344,61.040000915527344,510,0.0,0.0,0.0
2024-07-08 15:01:00-04:00,61.040000915527344,61.040000915527344,61.040000915527344,61.040000915527344,175,0.0,0.0,0.0
2024-07-08 15:02:00-04:00,61.040000915527344,61.040000915527344,61.040000915527344,61.040000915527344,148,0.0,0.0,0.0
2024-07-08 15:03:00-04:00,61.029998779296875,61.06999969482422,61.029998779296875,61.06999969482422,36430,0.0,0.0,0.0
2024-07-08 15:04:00-04:00,61.060001373291016,61.154998779296875,61.060001373291016,61.150001525878906,104898,0.0,0.0,0.0
2024-07-08 15:05:00-04:00,61.154998779296875,61.19499969482422,61.154998779296875,61.19499969482422,19269,0.0,0.0,0.0
2024-07-08 15:06:00-04:00,61.19499969482422,61.19499969482422,61.18000030517578,61.189998626708984,13033,0.0,0.0,0.0
2024-07-08 15:07:00-04:00,61.18000030517578,61.18000030517578,61.18000030517578,61.18000030517578,6861,0.0,0.0,0.0
2024-07-08 15:08:00-04:00,61.18000030517578,61.19499969482422,61.18000030517578,61.189998626708984,6970,0.0,0.0,0.0
2024-07-08 15:09:00-04:00,61.20000076293945,61.20500183105469,61.19499969482422,61.19499969482422,7015,0.0,0.0,0.0
2024-07-08 15:10:00-04:00,61.19499969482422,61.209999084472656,61.189998626708984,61.20000076293945,3883,0.0,0.0,0.0
2024-07-08 15:11:00-04:00,61.20000076293945,61.209999084472656,61.18000030517578,61.189998626708984,4679,0.0,0.0,0.0
2024-07-08 15:12:00-04:00,61.189998626708984,61.209999084472656,61.189998626708984,61.209999084472656,1541,0.0,0.0,0.0
2024-07-08 15:13:00-04:00,61.209999084472656,61.220001220703125,61.209999084472656,61.220001220703125,763,0.0,0.0,0.0
2024-07-08 15:14:00-04:00,61.220001220703125,61.220001220703125,61.220001220703125,61.220001220703125,1523,0.0,0.0,0.0
2024-07-08 15:15:00-04:00,61.220001220703125,61.220001220703125,61.18000030517578,61.189998626708984,39065,0.0,0.0,0.0
2024-07-08 15:16:00-04:00,61.189998626708984,61.209999084472656,61.189998626708984,61.209999084472656,1936,0.0,0.0,0.0
2024-07-08 15:17:00-04:00,61.189998626708984,61.189998626708984,61.189998626708984,61.189998626708984,857,0.0,0.0,0.0
2024-07-08 15:18:00-04:00,61.20000076293945,61.209999084472656,61.20000076293945,61.209999084472656,1495,0.0,0.0,0.0
2024-07-08 15:19:00-04:00,61.20000076293945,61.20000076293945,61.18000030517578,61.18000030517578,23415,0.0,0.0,0.0
2024-07-08 15:20:00-04:00,61.18000030517578,61.189998626708984,61.17499923706055,61.189998626708984,26870,0.0,0.0,0.0
2024-07-08 15:21:00-04:00,61.189998626708984,61.209999084472656,61.189998626708984,61.209999084472656,2942,0.0,0.0,0.0
2024-07-08 15:22:00-04:00,61.209999084472656,61.220001220703125,61.20000076293945,61.20000076293945,1838,0.0,0.0,0.0
2024-07-08 15:23:00-04:00,61.19499969482422,61.19499969482422,61.189998626708984,61.190101623535156,2312,0.0,0.0,0.0
2024-07-08 15:24:00-04:00,61.20000076293945,61.20000076293945,61.19990158081055,61.20000076293945,789,0.0,0.0,0.0
2024-07-08 15:25:00-04:00,61.20500183105469,61.20500183105469,61.20000076293945,61.20000076293945,537,0.0,0.0,0.0
2024-07-08 15:26:00-04:00,61.209999084472656,61.224998474121094,61.209999084472656,61.224998474121094,3567,0.0,0.0,0.0
2024-07-08 15:27:00-04:00,61.224998474121094,61.224998474121094,61.220001220703125,61.220001220703125,1965,0.0,0.0,0.0
2024-07-08 15:28:00-04:00,61.209999084472656,61.209999084472656,61.189998626708984,61.19499969482422,3329,0.0,0.0,0.0
2024-07-08 15:29:00-04:00,61.19499969482422,61.19499969482422,61.18000030517578,61.18000030517578,1328,0.0,0.0,0.0
2024-07-08 15:30:00-04:00,61.16999816894531,61.18000030517578,61.15999984741211,61.16999816894531,3670,0.0,0.0,0.0
2024-07-08 15:31:00-04:00,61.16999816894531,61.189998626708984,61.16999816894531,61.189998626708984,2913,0.0,0.0,0.0
2024-07-08 15:32:00-04:00,61.185001373291016,61.220001220703125,61.185001373291016,61.21009826660156,3402,0.0,0.0,0.0
2024-07-08 15:33:00-04:00,61.220001220703125,61.25,61.220001220703125,61.244998931884766,3558,0.0,0.0,0.0
2024-07-08 15:34:00-04:00,61.2400016784668,61.2400016784668,61.220001220703125,61.220001220703125,2079,0.0,0.0,0.0
2024-07-08 15:35:00-04:00,61.209999084472656,61.209999084472656,61.20249938964844,61.209999084472656,1673,0.0,0.0,0.0
2024-07-08 15:36:00-04:00,61.220001220703125,61.25,61.220001220703125,61.25,3272,0.0,0.0,0.0
2024-07-08 15:37:00-04:00,61.255001068115234,61.255001068115234,61.212501525878906,61.212501525878906,2033,0.0,0.0,0.0
2024-07-08 15:38:00-04:00,61.220001220703125,61.25,61.220001220703125,61.2400016784668,3906,0.0,0.0,0.0
2024-07-08 15:39:00-04:00,61.25,61.2599983215332,61.25,61.25,1790,0.0,0.0,0.0
2024-07-08 15:40:00-04:00,61.2400016784668,61.25,61.2400016784668,61.25,1276,0.0,0.0,0.0
2024-07-08 15:41:00-04:00,61.25,61.27000045776367,61.25,61.2599983215332,3166,0.0,0.0,0.0
2024-07-08 15:42:00-04:00,61.2599983215332,61.275001525878906,61.255001068115234,61.2599983215332,1953,0.0,0.0,0.0
2024-07-08 15:43:00-04:00,61.2599983215332,61.279998779296875,61.2599983215332,61.27000045776367,4863,0.0,0.0,0.0
2024-07-08 15:44:00-04:00,61.279998779296875,61.279998779296875,61.27000045776367,61.279998779296875,1658,0.0,0.0,0.0
2024-07-08 15:45:00-04:00,61.275001525878906,61.275001525878906,61.2599983215332,61.2599983215332,6577,0.0,0.0,0.0
2024-07-08 15:46:00-04:00,61.2599983215332,61.279998779296875,61.2599983215332,61.27000045776367,3216,0.0,0.0,0.0
2024-07-08 15:47:00-04:00,61.279998779296875,61.29999923706055,61.279998779296875,61.29949951171875,4873,0.0,0.0,0.0
2024-07-08 15:48:00-04:00,61.29930114746094,61.310001373291016,61.290000915527344,61.29499816894531,6380,0.0,0.0,0.0
2024-07-08 15:49:00-04:00,61.29999923706055,61.310001373291016,61.29499816894531,61.30500030517578,4306,0.0,0.0,0.0
2024-07-08 15:50:00-04:00,61.310001373291016,61.400001525878906,61.310001373291016,61.400001525878906,18559,0.0,0.0,0.0
2024-07-08 15:51:00-04:00,61.400001525878906,61.400001525878906,61.380001068115234,61.39500045776367,17345,0.0,0.0,0.0
2024-07-08 15:52:00-04:00,61.39500045776367,61.41999816894531,61.38999938964844,61.40999984741211,23002,0.0,0.0,0.0
2024-07-08 15:53:00-04:00,61.40999984741211,61.40999984741211,61.369998931884766,61.380001068115234,16998,0.0,0.0,0.0
2024-07-08 15:54:00-04:00,61.380001068115234,61.38999938964844,61.369998931884766,61.380001068115234,20338,0.0,0.0,0.0
2024-07-08 15:55:00-04:00,61.380001068115234,61.38999938964844,61.310001373291016,61.310001373291016,86747,0.0,0.0,0.0
2024-07-08 15:56:00-04:00,61.310001373291016,61.31999969482422,61.27000045776367,61.27000045776367,31714,0.0,0.0,0.0
2024-07-08 15:57:00-04:00,61.27000045776367,61.28499984741211,61.2599983215332,61.27000045776367,58306,0.0,0.0,0.0
2024-07-08 15:58:00-04:00,61.27000045776367,61.290000915527344,61.27000045776367,61.275001525878906,45941,0.0,0.0,0.0
2024-07-08 15:59:00-04:00,61.27000045776367,61.31999969482422,61.27000045776367,61.310001373291016,121531,0.0,0.0,0.0
2024-07-09 09:30:00-04:00,61.20000076293945,61.220001220703125,61.099998474121094,61.119998931884766,10245,0.0,0.0,0.0
2024-07-09 09:31:00-04:00,61.02000045776367,61.02000045776367,60.95000076293945,60.95000076293945,4622,0.0,0.0,0.0
2024-07-09 09:32:00-04:00,60.93000030517578,61.0099983215332,60.900001525878906,61.0,7334,0.0,0.0,0.0
2024-07-09 09:33:00-04:00,60.97999954223633,60.97999954223633,60.93000030517578,60.970001220703125,1631,0.0,0.0,0.0
2024-07-09 09:34:00-04:00,60.96500015258789,61.0,60.959999084472656,61.0,1694,0.0,0.0,0.0
2024-07-09 09:35:00-04:00,61.02000045776367,61.15999984741211,61.02000045776367,61.15999984741211,2680,0.0,0.0,0.0
2024-07-09 09:36:00-04:00,61.189998626708984,61.189998626708984,61.095001220703125,61.095001220703125,961,0.0,0.0,0.0
2024-07-09 09:37:00-04:00,61.09000015258789,61.1349983215332,61.06999969482422,61.1349983215332,2460,0.0,0.0,0.0
2024-07-09 09:38:00-04:00,61.16999816894531,61.16999816894531,61.11000061035156,61.16999816894531,4855,0.0,0.0,0.0
2024-07-09 09:39:00-04:00,61.15999984741211,61.15999984741211,61.140899658203125,61.15999984741211,1304,0.0,0.0,0.0
2024-07-09 09:40:00-04:00,61.15999984741211,61.15999984741211,61.119998931884766,61.13999938964844,1149,0.0,0.0,0.0
2024-07-09 09:41:00-04:00,61.156700134277344,61.156700134277344,61.119998931884766,61.119998931884766,1426,0.0,0.0,0.0
2024-07-09 09:42:00-04:00,61.130001068115234,61.209999084472656,61.130001068115234,61.185001373291016,4900,0.0,0.0,0.0
2024-07-09 09:43:00-04:00,61.16999816894531,61.189998626708984,61.15999984741211,61.18000030517578,1112,0.0,0.0,0.0
2024-07-09 09:45:00-04:00,61.2400016784668,61.260101318359375,61.2400016784668,61.2400016784668,5186,0.0,0.0,0.0
2024-07-09 09:46:00-04:00,61.2599983215332,61.33000183105469,61.25,61.33000183105469,8549,0.0,0.0,0.0
2024-07-09 09:47:00-04:00,61.34000015258789,61.380001068115234,61.310001373291016,61.310001373291016,6993,0.0,0.0,0.0
2024-07-09 09:48:00-04:00,61.31999969482422,61.369998931884766,61.31999969482422,61.36000061035156,4696,0.0,0.0,0.0
2024-07-09 09:49:00-04:00,61.29999923706055,61.33000183105469,61.29999923706055,61.29999923706055,933,0.0,0.0,0.0
2024-07-09 09:50:00-04:00,61.320098876953125,61.34000015258789,61.310001373291016,61.31990051269531,1730,0.0,0.0,0.0
2024-07-09 09:51:00-04:00,61.310001373291016,61.31999969482422,61.22999954223633,61.22999954223633,2669,0.0,0.0,0.0
2024-07-09 09:52:00-04:00,61.22999954223633,61.279998779296875,61.209999084472656,61.279998779296875,3417,0.0,0.0,0.0
2024-07-09 09:53:00-04:00,61.28499984741211,61.28499984741211,61.27000045776367,61.279998779296875,354,0.0,0.0,0.0
2024-07-09 09:54:00-04:00,61.290000915527344,61.349998474121094,61.290000915527344,61.349998474121094,7292,0.0,0.0,0.0
2024-07-09 09:55:00-04:00,61.349998474121094,61.349998474121094,61.31999969482422,61.33000183105469,1186,0.0,0.0,0.0
2024-07-09 09:56:00-04:00,61.349998474121094,61.349998474121094,61.31999969482422,61.31999969482422,998,0.0,0.0,0.0
2024-07-09 09:57:00-04:00,61.34000015258789,61.34000015258789,61.279998779296875,61.29999923706055,4289,0.0,0.0,0.0
2024-07-09 09:58:00-04:00,61.290000915527344,61.290000915527344,61.27130126953125,61.27130126953125,1008,0.0,0.0,0.0
2024-07-09 10:00:00-04:00,61.29999923706055,61.369998931884766,61.290000915527344,61.310001373291016,2806,0.0,0.0,0.0
2024-07-09 10:01:00-04:00,61.33000183105469,61.337799072265625,61.310001373291016,61.31999969482422,718,0.0,0.0,0.0
2024-07-09 10:02:00-04:00,61.310001373291016,61.310001373291016,61.310001373291016,61.310001373291016,1108,0.0,0.0,0.0
2024-07-09 10:03:00-04:00,61.310001373291016,61.310001373291016,61.310001373291016,61.310001373291016,1451,0.0,0.0,0.0
2024-07-09 10:04:00-04:00,61.29999923706055,61.31999969482422,61.2599983215332,61.2599983215332,1882,0.0,0.0,0.0
2024-07-09 10:05:00-04:00,61.25,61.25,61.20000076293945,61.20000076293945,6171,0.0,0.0,0.0
2024-07-09 10:06:00-04:00,61.18000030517578,61.18000030517578,61.150001525878906,61.150001525878906,3443,0.0,0.0,0.0
2024-07-09 10:07:00-04:00,61.16999816894531,61.29999923706055,61.16999816894531,61.27000045776367,6405,0.0,0.0,0.0
2024-07-09 10:08:00-04:00,61.2599983215332,61.2599983215332,61.2400016784668,61.2400016784668,2798,0.0,0.0,0.0
2024-07-09 10:09:00-04:00,61.22999954223633,61.22999954223633,61.209999084472656,61.209999084472656,1027,0.0,0.0,0.0
2024-07-09 10:10:00-04:00,61.209999084472656,61.209999084472656,61.20000076293945,61.209999084472656,1906,0.0,0.0,0.0
2024-07-09 10:11:00-04:00,61.209999084472656,61.25,61.20000076293945,61.2400016784668,1694,0.0,0.0,0.0
2024-07-09 10:12:00-04:00,61.220001220703125,61.2599983215332,61.220001220703125,61.2599983215332,825,0.0,0.0,0.0
2024-07-09 10:13:00-04:00,61.25,61.27000045776367,61.244998931884766,61.27000045776367,903,0.0,0.0,0.0
2024-07-09 10:14:00-04:00,61.25,61.279998779296875,61.25,61.25,129400,0.0,0.0,0.0
2024-07-09 10:15:00-04:00,61.290000915527344,61.310001373291016,61.27000045776367,61.27000045776367,2185,0.0,0.0,0.0
2024-07-09 10:16:00-04:00,61.275001525878906,61.275001525878906,61.255001068115234,61.255001068115234,2698,0.0,0.0,0.0
2024-07-09 10:17:00-04:00,61.25,61.25,61.209999084472656,61.209999084472656,790,0.0,0.0,0.0
2024-07-09 10:18:00-04:00,61.16999816894531,61.16999816894531,61.16999816894531,61.16999816894531,3863,0.0,0.0,0.0
2024-07-09 10:19:00-04:00,61.15999984741211,61.16999816894531,61.150001525878906,61.150001525878906,2298,0.0,0.0,0.0
2024-07-09 10:20:00-04:00,61.150001525878906,61.150001525878906,61.119998931884766,61.150001525878906,2934,0.0,0.0,0.0
2024-07-09 10:21:00-04:00,61.15999984741211,61.189998626708984,61.15999984741211,61.189998626708984,547,0.0,0.0,0.0
2024-07-09 10:22:00-04:00,61.16999816894531,61.18000030517578,61.150001525878906,61.15999984741211,1610,0.0,0.0,0.0
2024-07-09 10:23:00-04:00,61.15999984741211,61.16999816894531,61.15999984741211,61.16999816894531,870,0.0,0.0,0.0
2024-07-09 10:24:00-04:00,61.15999984741211,61.16999816894531,61.150001525878906,61.15999984741211,2057,0.0,0.0,0.0
2024-07-09 10:25:00-04:00,61.154998779296875,61.15999984741211,61.150001525878906,61.15999984741211,1874,0.0,0.0,0.0
2024-07-09 10:26:00-04:00,61.16999816894531,61.18000030517578,61.15999984741211,61.15999984741211,1481,0.0,0.0,0.0
2024-07-09 10:27:00-04:00,61.16999816894531,61.20000076293945,61.16999816894531,61.189998626708984,754,0.0,0.0,0.0
2024-07-09 10:28:00-04:00,61.189998626708984,61.189998626708984,61.16999816894531,61.189998626708984,936,0.0,0.0,0.0
2024-07-09 10:29:00-04:00,61.189998626708984,61.190101623535156,61.18000030517578,61.18000030517578,1609,0.0,0.0,0.0
2024-07-09 10:30:00-04:00,61.17499923706055,61.17499923706055,61.14500045776367,61.150001525878906,3500,0.0,0.0,0.0
2024-07-09 10:31:00-04:00,61.13999938964844,61.15999984741211,61.13999938964844,61.15999984741211,749,0.0,0.0,0.0
2024-07-09 10:32:00-04:00,61.13999938964844,61.18000030517578,61.119998931884766,61.18000030517578,16219,0.0,0.0,0.0
2024-07-09 10:33:00-04:00,61.209999084472656,61.21500015258789,61.209999084472656,61.21500015258789,660,0.0,0.0,0.0
2024-07-09 10:34:00-04:00,61.224998474121094,61.25,61.224998474121094,61.25,3318,0.0,0.0,0.0
2024-07-09 10:35:00-04:00,61.2599983215332,61.27000045776367,61.2599983215332,61.2599983215332,1231,0.0,0.0,0.0
2024-07-09 10:36:00-04:00,61.25,61.279998779296875,61.25,61.27000045776367,1147,0.0,0.0,0.0
2024-07-09 10:37:00-04:00,61.290000915527344,61.29999923706055,61.290000915527344,61.29999923706055,1260,0.0,0.0,0.0
2024-07-09 10:38:00-04:00,61.29999923706055,61.29999923706055,61.2599983215332,61.27000045776367,1224,0.0,0.0,0.0
2024-07-09 10:39:00-04:00,61.26499938964844,61.290000915527344,61.2599983215332,61.290000915527344,832,0.0,0.0,0.0
2024-07-09 10:40:00-04:00,61.279998779296875,61.279998779296875,61.22999954223633,61.2599983215332,4132,0.0,0.0,0.0
2024-07-09 10:42:00-04:00,61.244998931884766,61.244998931884766,61.2400016784668,61.2400016784668,588,0.0,0.0,0.0
2024-07-09 10:44:00-04:00,61.189998626708984,61.189998626708984,61.18000030517578,61.18000030517578,315,0.0,0.0,0.0
2024-07-09 10:45:00-04:00,61.16999816894531,61.17720031738281,61.16999816894531,61.17720031738281,1361,0.0,0.0,0.0
2024-07-09 10:46:00-04:00,61.15999984741211,61.15999984741211,61.150001525878906,61.150001525878906,470,0.0,0.0,0.0
2024-07-09 10:47:00-04:00,61.13999938964844,61.13999938964844,61.130001068115234,61.130001068115234,636,0.0,0.0,0.0
2024-07-09 10:48:00-04:00,61.119998931884766,61.14500045776367,61.119998931884766,61.14500045776367,1036,0.0,0.0,0.0
2024-07-09 10:49:00-04:00,61.130001068115234,61.130001068115234,61.06999969482422,61.06999969482422,1760,0.0,0.0,0.0
2024-07-09 10:50:00-04:00,61.06999969482422,61.06999969482422,61.06999969482422,61.06999969482422,509,0.0,0.0,0.0
2024-07-09 10:51:00-04:00,61.03499984741211,61.051998138427734,61.03129959106445,61.03129959106445,879,0.0,0.0,0.0
2024-07-09 10:52:00-04:00,61.040000915527344,61.04999923706055,61.029998779296875,61.029998779296875,1860,0.0,0.0,0.0
2024-07-09 10:53:00-04:00,61.02000045776367,61.02000045776367,61.0099983215332,61.0099983215332,914,0.0,0.0,0.0
2024-07-09 10:54:00-04:00,61.0099983215332,61.02000045776367,61.0099983215332,61.02000045776367,1438,0.0,0.0,0.0
2024-07-09 10:55:00-04:00,61.02000045776367,61.025001525878906,61.02000045776367,61.02000045776367,1515,0.0,0.0,0.0
2024-07-09 10:56:00-04:00,61.005001068115234,61.02000045776367,60.97999954223633,61.0099983215332,2642,0.0,0.0,0.0
2024-07-09 10:57:00-04:00,61.0099983215332,61.0099983215332,60.97999954223633,60.97999954223633,1829,0.0,0.0,0.0
2024-07-09 10:58:00-04:00,60.970001220703125,60.97010040283203,60.94499969482422,60.94499969482422,2083,0.0,0.0,0.0
2024-07-09 10:59:00-04:00,60.939998626708984,60.959999084472656,60.939998626708984,60.959999084472656,1271,0.0,0.0,0.0
2024-07-09 11:00:00-04:00,60.959999084472656,60.970001220703125,60.939998626708984,60.95000076293945,3023,0.0,0.0,0.0
2024-07-09 11:01:00-04:00,60.95930099487305,61.0099983215332,60.95930099487305,61.0099983215332,1468,0.0,0.0,0.0
2024-07-09 11:02:00-04:00,61.029998779296875,61.029998779296875,61.0,61.0099983215332,801,0.0,0.0,0.0
2024-07-09 11:03:00-04:00,61.0,61.0099983215332,60.9900016784668,61.0099983215332,9112,0.0,0.0,0.0
2024-07-09 11:04:00-04:00,61.0,61.0099983215332,60.97999954223633,60.97999954223633,1802,0.0,0.0,0.0
2024-07-09 11:05:00-04:00,60.970001220703125,60.99169921875,60.970001220703125,60.98509979248047,1094,0.0,0.0,0.0
2024-07-09 11:06:00-04:00,60.97999954223633,60.97999954223633,60.92020034790039,60.92020034790039,2701,0.0,0.0,0.0
2024-07-09 11:07:00-04:00,60.91999816894531,60.939998626708984,60.91999816894531,60.939998626708984,866,0.0,0.0,0.0
2024-07-09 11:08:00-04:00,60.959999084472656,60.96500015258789,60.939998626708984,60.96500015258789,1343,0.0,0.0,0.0
2024-07-09 11:09:00-04:00,60.970001220703125,60.9900016784668,60.970001220703125,60.97999954223633,1467,0.0,0.0,0.0
2024-07-09 11:10:00-04:00,60.97999954223633,60.97999954223633,60.96009826660156,60.96009826660156,3886,0.0,0.0,0.0
2024-07-09 11:11:00-04:00,60.959999084472656,60.959999084472656,60.935001373291016,60.935001373291016,859,0.0,0.0,0.0
2024-07-09 11:12:00-04:00,60.91999816894531,60.91999816894531,60.88999938964844,60.88999938964844,981,0.0,0.0,0.0
2024-07-09 11:13:00-04:00,60.880001068115234,60.8849983215332,60.880001068115234,60.880001068115234,4203,0.0,0.0,0.0
2024-07-09 11:14:00-04:00,60.87200164794922,60.90999984741211,60.86000061035156,60.90999984741211,5077,0.0,0.0,0.0
2024-07-09 11:15:00-04:00,60.89630126953125,60.915000915527344,60.89630126953125,60.89630126953125,3632,0.0,0.0,0.0
2024-07-09 11:16:00-04:00,60.900001525878906,60.90999984741211,60.900001525878906,60.90999984741211,1200,0.0,0.0,0.0
2024-07-09 11:17:00-04:00,60.92499923706055,60.93000030517578,60.92499923706055,60.93000030517578,269,0.0,0.0,0.0
2024-07-09 11:18:00-04:00,60.91999816894531,60.929901123046875,60.900001525878906,60.90039825439453,1274,0.0,0.0,0.0
2024-07-09 11:19:00-04:00,60.880001068115234,60.880001068115234,60.85279846191406,60.85279846191406,1546,0.0,0.0,0.0
2024-07-09 11:20:00-04:00,60.869998931884766,60.869998931884766,60.869998931884766,60.869998931884766,122,0.0,0.0,0.0
2024-07-09 11:21:00-04:00,60.86000061035156,60.86000061035156,60.84000015258789,60.84000015258789,1713,0.0,0.0,0.0
2024-07-09 11:22:00-04:00,60.849998474121094,60.88999938964844,60.849998474121094,60.8849983215332,2195,0.0,0.0,0.0
2024-07-09 11:23:00-04:00,60.892398834228516,60.892398834228516,60.875,60.875,830,0.0,0.0,0.0
2024-07-09 11:24:00-04:00,60.869998931884766,60.88999938964844,60.869998931884766,60.88999938964844,643,0.0,0.0,0.0
2024-07-09 11:25:00-04:00,60.880001068115234,60.880001068115234,60.839298248291016,60.84000015258789,1637,0.0,0.0,0.0
2024-07-09 11:26:00-04:00,60.84000015258789,60.84000015258789,60.834999084472656,60.834999084472656,440,0.0,0.0,0.0
2024-07-09 11:27:00-04:00,60.84000015258789,60.84000015258789,60.84000015258789,60.84000015258789,323,0.0,0.0,0.0
2024-07-09 11:28:00-04:00,60.849998474121094,60.86000061035156,60.849998474121094,60.86000061035156,872,0.0,0.0,0.0
2024-07-09 11:29:00-04:00,60.834999084472656,60.85499954223633,60.834999084472656,60.85499954223633,699,0.0,0.0,0.0
2024-07-09 11:30:00-04:00,60.8650016784668,60.869998931884766,60.86000061035156,60.8650016784668,794,0.0,0.0,0.0
2024-07-09 11:31:00-04:00,60.86000061035156,60.88999938964844,60.849998474121094,60.880001068115234,2709,0.0,0.0,0.0
2024-07-09 11:33:00-04:00,60.8849983215332,60.900001525878906,60.880001068115234,60.900001525878906,1141,0.0,0.0,0.0
2024-07-09 11:34:00-04:00,60.90999984741211,60.93000030517578,60.90999984741211,60.93000030517578,303,0.0,0.0,0.0
2024-07-09 11:35:00-04:00,60.939998626708984,60.939998626708984,60.91999816894531,60.91999816894531,535,0.0,0.0,0.0
2024-07-09 11:36:00-04:00,60.89500045776367,60.89500045776367,60.89500045776367,60.89500045776367,1033,0.0,0.0,0.0
2024-07-09 11:37:00-04:00,60.93000030517578,60.93000030517578,60.93000030517578,60.93000030517578,525,0.0,0.0,0.0
2024-07-09 11:38:00-04:00,60.939998626708984,60.96500015258789,60.939998626708984,60.959999084472656,1319,0.0,0.0,0.0
2024-07-09 11:39:00-04:00,60.96500015258789,60.96500015258789,60.959999084472656,60.959999084472656,930,0.0,0.0,0.0
2024-07-09 11:40:00-04:00,60.95000076293945,60.95000076293945,60.95000076293945,60.95000076293945,135,0.0,0.0,0.0
2024-07-09 11:41:00-04:00,60.959999084472656,60.959999084472656,60.95500183105469,60.95500183105469,1018,0.0,0.0,0.0
2024-07-09 11:42:00-04:00,60.974998474121094,60.97999954223633,60.974998474121094,60.97999954223633,2535,0.0,0.0,0.0
2024-07-09 11:43:00-04:00,60.97999954223633,61.0099983215332,60.97999954223633,61.0099983215332,474,0.0,0.0,0.0
2024-07-09 11:44:00-04:00,61.01499938964844,61.02000045776367,61.01499938964844,61.02000045776367,383,0.0,0.0,0.0
2024-07-09 11:45:00-04:00,61.04999923706055,61.06999969482422,61.04999923706055,61.06999969482422,1500,0.0,0.0,0.0
2024-07-09 11:46:00-04:00,61.08000183105469,61.08000183105469,61.02000045776367,61.02000045776367,2015,0.0,0.0,0.0
2024-07-09 11:47:00-04:00,61.0099983215332,61.01499938964844,61.0099983215332,61.0099983215332,1802,0.0,0.0,0.0
2024-07-09 11:48:00-04:00,61.0,61.02000045776367,61.0,61.02000045776367,1203,0.0,0.0,0.0
2024-07-09 11:49:00-04:00,61.0099983215332,61.0099983215332,61.0099983215332,61.0099983215332,341,0.0,0.0,0.0
2024-07-09 11:50:00-04:00,61.02000045776367,61.03499984741211,61.02000045776367,61.03499984741211,879,0.0,0.0,0.0
2024-07-09 11:51:00-04:00,61.03499984741211,61.03499984741211,61.02000045776367,61.02000045776367,1578,0.0,0.0,0.0
2024-07-09 11:52:00-04:00,61.040000915527344,61.040000915527344,61.029998779296875,61.040000915527344,1666,0.0,0.0,0.0
2024-07-09 11:54:00-04:00,61.04999923706055,61.060001373291016,61.04999923706055,61.060001373291016,2217,0.0,0.0,0.0
2024-07-09 11:55:00-04:00,61.05500030517578,61.05500030517578,61.05500030517578,61.05500030517578,360,0.0,0.0,0.0
2024-07-09 11:56:00-04:00,61.064998626708984,61.064998626708984,61.05500030517578,61.05500030517578,790,0.0,0.0,0.0
2024-07-09 11:57:00-04:00,61.07500076293945,61.07500076293945,61.07500076293945,61.07500076293945,226,0.0,0.0,0.0
2024-07-09 11:58:00-04:00,61.07500076293945,61.080101013183594,61.07500076293945,61.08000183105469,637,0.0,0.0,0.0
2024-07-09 11:59:00-04:00,61.08000183105469,61.08000183105469,61.07500076293945,61.07500076293945,363,0.0,0.0,0.0
2024-07-09 12:00:00-04:00,61.08000183105469,61.09000015258789,61.08000183105469,61.08000183105469,583,0.0,0.0,0.0
2024-07-09 12:01:00-04:00,61.10499954223633,61.10499954223633,61.10499954223633,61.10499954223633,200,0.0,0.0,0.0
2024-07-09 12:02:00-04:00,61.095001220703125,61.095001220703125,61.060001373291016,61.064998626708984,2164,0.0,0.0,0.0
2024-07-09 12:03:00-04:00,61.06999969482422,61.099998474121094,61.06999969482422,61.099998474121094,709,0.0,0.0,0.0
2024-07-09 12:04:00-04:00,61.10499954223633,61.10499954223633,61.09000015258789,61.095001220703125,1693,0.0,0.0,0.0
2024-07-09 12:05:00-04:00,61.099998474121094,61.099998474121094,61.099998474121094,61.099998474121094,355,0.0,0.0,0.0
2024-07-09 12:07:00-04:00,61.11000061035156,61.119998931884766,61.099998474121094,61.119998931884766,1247,0.0,0.0,0.0
2024-07-09 12:08:00-04:00,61.130001068115234,61.130001068115234,61.130001068115234,61.130001068115234,102,0.0,0.0,0.0
2024-07-09 12:09:00-04:00,61.13999938964844,61.150001525878906,61.13999938964844,61.13999938964844,950,0.0,0.0,0.0
2024-07-09 12:10:00-04:00,61.13999938964844,61.13999938964844,61.125,61.125,671,0.0,0.0,0.0
2024-07-09 12:11:00-04:00,61.119998931884766,61.119998931884766,61.119998931884766,61.119998931884766,397,0.0,0.0,0.0
2024-07-09 12:12:00-04:00,61.130001068115234,61.15999984741211,61.130001068115234,61.150001525878906,1253,0.0,0.0,0.0
2024-07-09 12:13:00-04:00,61.154998779296875,61.154998779296875,61.140098571777344,61.14500045776367,2094,0.0,0.0,0.0
2024-07-09 12:14:00-04:00,61.13999938964844,61.13999938964844,61.130001068115234,61.130001068115234,1418,0.0,0.0,0.0
2024-07-09 12:15:00-04:00,61.119998931884766,61.12699890136719,61.119998931884766,61.125,623,0.0,0.0,0.0
2024-07-09 12:16:00-04:00,61.130001068115234,61.154998779296875,61.125,61.154998779296875,1979,0.0,0.0,0.0
2024-07-09 12:17:00-04:00,61.150001525878906,61.150001525878906,61.13999938964844,61.13999938964844,1019,0.0,0.0,0.0
2024-07-09 12:18:00-04:00,61.150001525878906,61.150001525878906,61.1349983215332,61.1349983215332,814,0.0,0.0,0.0
2024-07-09 12:19:00-04:00,61.1349983215332,61.1349983215332,61.119998931884766,61.119998931884766,623,0.0,0.0,0.0
2024-07-09 12:20:00-04:00,61.095001220703125,61.095001220703125,61.09000015258789,61.09000015258789,428,0.0,0.0,0.0
2024-07-09 12:21:00-04:00,61.09000015258789,61.099998474121094,61.09000015258789,61.099998474121094,789,0.0,0.0,0.0
2024-07-09 12:22:00-04:00,61.09000015258789,61.09000015258789,61.07500076293945,61.07500076293945,813,0.0,0.0,0.0
2024-07-09 12:24:00-04:00,61.060001373291016,61.064998626708984,61.060001373291016,61.064998626708984,412,0.0,0.0,0.0
2024-07-09 12:25:00-04:00,61.06999969482422,61.06999969482422,61.06999969482422,61.06999969482422,125,0.0,0.0,0.0
2024-07-09 12:26:00-04:00,61.06999969482422,61.08000183105469,61.06999969482422,61.07500076293945,4752,0.0,0.0,0.0
2024-07-09 12:27:00-04:00,61.09000015258789,61.09000015258789,61.084999084472656,61.09000015258789,323976,0.0,0.0,0.0
2024-07-09 12:28:00-04:00,61.095001220703125,61.10499954223633,61.095001220703125,61.099998474121094,827,0.0,0.0,0.0
2024-07-09 12:30:00-04:00,61.099998474121094,61.099998474121094,61.095001220703125,61.095001220703125,345,0.0,0.0,0.0
2024-07-09 12:31:00-04:00,61.084999084472656,61.084999084472656,61.084999084472656,61.084999084472656,418,0.0,0.0,0.0
2024-07-09 12:32:00-04:00,61.09000015258789,61.10499954223633,61.08000183105469,61.08000183105469,11965,0.0,0.0,0.0
2024-07-09 12:33:00-04:00,61.060001373291016,61.060001373291016,61.029998779296875,61.029998779296875,1220,0.0,0.0,0.0
2024-07-09 12:34:00-04:00,61.02000045776367,61.02000045776367,61.02000045776367,61.02000045776367,253,0.0,0.0,0.0
2024-07-09 12:36:00-04:00,60.98500061035156,60.98500061035156,60.97999954223633,60.97999954223633,503,0.0,0.0,0.0
2024-07-09 12:37:00-04:00,60.970001220703125,60.970001220703125,60.96500015258789,60.96500015258789,211,0.0,0.0,0.0
2024-07-09 12:38:00-04:00,60.970001220703125,60.97999954223633,60.970001220703125,60.970001220703125,3744,0.0,0.0,0.0
2024-07-09 12:39:00-04:00,60.97999954223633,60.97999954223633,60.97999954223633,60.97999954223633,184,0.0,0.0,0.0
2024-07-09 12:41:00-04:00,60.994998931884766,60.994998931884766,60.9900016784668,60.9900016784668,78502,0.0,0.0,0.0
2024-07-09 12:42:00-04:00,60.994998931884766,60.994998931884766,60.994998931884766,60.994998931884766,686,0.0,0.0,0.0
2024-07-09 12:43:00-04:00,61.0,61.03499984741211,61.0,61.03499984741211,7183,0.0,0.0,0.0
2024-07-09 12:44:00-04:00,61.029998779296875,61.040000915527344,61.029998779296875,61.040000915527344,1536,0.0,0.0,0.0
2024-07-09 12:45:00-04:00,61.04999923706055,61.05500030517578,61.040000915527344,61.04999923706055,1210,0.0,0.0,0.0
2024-07-09 12:46:00-04:00,61.05500030517578,61.059898376464844,61.04999923706055,61.04999923706055,2330,0.0,0.0,0.0
2024-07-09 12:47:00-04:00,61.029998779296875,61.029998779296875,61.025001525878906,61.025001525878906,746,0.0,0.0,0.0
2024-07-09 12:48:00-04:00,61.025001525878906,61.025001525878906,61.025001525878906,61.025001525878906,454,0.0,0.0,0.0
2024-07-09 12:49:00-04:00,61.029998779296875,61.029998779296875,61.02000045776367,61.02000045776367,1240,0.0,0.0,0.0
2024-07-09 12:50:00-04:00,61.01499938964844,61.01499938964844,61.01499938964844,61.01499938964844,100,0.0,0.0,0.0
2024-07-09 12:51:00-04:00,61.005001068115234,61.005001068115234,61.005001068115234,61.005001068115234,414,0.0,0.0,0.0
2024-07-09 12:52:00-04:00,61.0099983215332,61.0099983215332,61.0099983215332,61.0099983215332,231,0.0,0.0,0.0
2024-07-09 12:53:00-04:00,61.02000045776367,61.02000045776367,61.02000045776367,61.02000045776367,928,0.0,0.0,0.0
2024-07-09 12:54:00-04:00,61.025001525878906,61.03499984741211,61.02000045776367,61.029998779296875,3841,0.0,0.0,0.0
2024-07-09 12:57:00-04:00,61.037498474121094,61.04499816894531,61.037498474121094,61.04499816894531,1235,0.0,0.0,0.0
2024-07-09 12:58:00-04:00,61.04999923706055,61.04999923706055,61.040000915527344,61.04999923706055,914,0.0,0.0,0.0
2024-07-09 12:59:00-04:00,61.05500030517578,61.060001373291016,61.05500030517578,61.060001373291016,454,0.0,0.0,0.0
2024-07-09 13:00:00-04:00,61.06999969482422,61.06999969482422,61.060001373291016,61.06999969482422,324,0.0,0.0,0.0
2024-07-09 13:01:00-04:00,61.08000183105469,61.099998474121094,61.08000183105469,61.099998474121094,1016,0.0,0.0,0.0
2024-07-09 13:02:00-04:00,61.11000061035156,61.12699890136719,61.099998474121094,61.12699890136719,2736,0.0,0.0,0.0
2024-07-09 13:03:00-04:00,61.130001068115234,61.150001525878906,61.130001068115234,61.13999938964844,3217,0.0,0.0,0.0
2024-07-09 13:04:00-04:00,61.150001525878906,61.18000030517578,61.150001525878906,61.16999816894531,1393,0.0,0.0,0.0
2024-07-09 13:05:00-04:00,61.18000030517578,61.18000030517578,61.1349983215332,61.1349983215332,1166,0.0,0.0,0.0
2024-07-09 13:06:00-04:00,61.13999938964844,61.150001525878906,61.13999938964844,61.150001525878906,1031,0.0,0.0,0.0
2024-07-09 13:07:00-04:00,61.150001525878906,61.16999816894531,61.150001525878906,61.16999816894531,2977,0.0,0.0,0.0
2024-07-09 13:08:00-04:00,61.16999816894531,61.18000030517578,61.16999816894531,61.18000030517578,1281,0.0,0.0,0.0
2024-07-09 13:09:00-04:00,61.17959976196289,61.189998626708984,61.17959976196289,61.189998626708984,790,0.0,0.0,0.0
2024-07-09 13:10:00-04:00,61.189998626708984,61.20000076293945,61.189998626708984,61.189998626708984,1598,0.0,0.0,0.0
2024-07-09 13:11:00-04:00,61.189998626708984,61.189998626708984,61.189998626708984,61.189998626708984,520,0.0,0.0,0.0
2024-07-09 13:12:00-04:00,61.18000030517578,61.18000030517578,61.18000030517578,61.18000030517578,1574,0.0,0.0,0.0
2024-07-09 13:13:00-04:00,61.17499923706055,61.18000030517578,61.16999816894531,61.16999816894531,996,0.0,0.0,0.0
2024-07-09 13:14:00-04:00,61.15999984741211,61.15999984741211,61.150001525878906,61.150001525878906,1655,0.0,0.0,0.0
2024-07-09 13:15:00-04:00,61.15999984741211,61.15999984741211,61.130001068115234,61.130001068115234,1422,0.0,0.0,0.0
2024-07-09 13:16:00-04:00,61.125,61.130001068115234,61.11000061035156,61.11000061035156,1054,0.0,0.0,0.0
2024-07-09 13:17:00-04:00,61.099998474121094,61.099998474121094,61.099998474121094,61.099998474121094,944,0.0,0.0,0.0
2024-07-09 13:18:00-04:00,61.09000015258789,61.09000015258789,61.02000045776367,61.060001373291016,3292,0.0,0.0,0.0
2024-07-09 13:19:00-04:00,61.04999923706055,61.060001373291016,61.04999923706055,61.05500030517578,1012,0.0,0.0,0.0
2024-07-09 13:20:00-04:00,61.060001373291016,61.060001373291016,61.03499984741211,61.040000915527344,1751,0.0,0.0,0.0
2024-07-09 13:21:00-04:00,61.029998779296875,61.029998779296875,61.0099983215332,61.02000045776367,4601,0.0,0.0,0.0
2024-07-09 13:22:00-04:00,61.0,61.0,61.0,61.0,557,0.0,0.0,0.0
2024-07-09 13:24:00-04:00,60.994998931884766,61.0,60.98500061035156,60.98500061035156,509,0.0,0.0,0.0
2024-07-09 13:25:00-04:00,60.974998474121094,60.974998474121094,60.959999084472656,60.970001220703125,1251,0.0,0.0,0.0
2024-07-09 13:26:00-04:00,60.97999954223633,60.9900016784668,60.97999954223633,60.9900016784668,622,0.0,0.0,0.0
2024-07-09 13:27:00-04:00,60.994998931884766,60.994998931884766,60.994998931884766,60.994998931884766,261,0.0,0.0,0.0
2024-07-09 13:28:00-04:00,60.9900016784668,61.0,60.9900016784668,61.0,368,0.0,0.0,0.0
2024-07-09 13:29:00-04:00,61.0,61.0099983215332,61.0,61.0099983215332,612,0.0,0.0,0.0
2024-07-09 13:30:00-04:00,61.02000045776367,61.02000045776367,61.02000045776367,61.02000045776367,468,0.0,0.0,0.0
2024-07-09 13:31:00-04:00,61.029998779296875,61.029998779296875,61.029998779296875,61.029998779296875,314,0.0,0.0,0.0
2024-07-09 13:32:00-04:00,61.04999923706055,61.069000244140625,61.04999923706055,61.064998626708984,688,0.0,0.0,0.0
2024-07-09 13:33:00-04:00,61.06999969482422,61.06999969482422,61.04499816894531,61.04499816894531,467,0.0,0.0,0.0
2024-07-09 13:34:00-04:00,61.04999923706055,61.0703010559082,61.04999923706055,61.0703010559082,1811,0.0,0.0,0.0
2024-07-09 13:35:00-04:00,61.060001373291016,61.060001373291016,61.060001373291016,61.060001373291016,550,0.0,0.0,0.0
2024-07-09 13:36:00-04:00,61.04499816894531,61.060001373291016,61.04499816894531,61.04999923706055,673,0.0,0.0,0.0
2024-07-09 13:38:00-04:00,61.03049850463867,61.060001373291016,61.03049850463867,61.03049850463867,1235,0.0,0.0,0.0
2024-07-09 13:39:00-04:00,61.029998779296875,61.029998779296875,61.01499938964844,61.029998779296875,1176,0.0,0.0,0.0
2024-07-09 13:40:00-04:00,61.01499938964844,61.01499938964844,61.01499938964844,61.01499938964844,100,0.0,0.0,0.0
2024-07-09 13:41:00-04:00,61.01499938964844,61.01499938964844,60.994998931884766,61.0,484,0.0,0.0,0.0
2024-07-09 13:42:00-04:00,61.0099983215332,61.0099983215332,61.0099983215332,61.0099983215332,302,0.0,0.0,0.0
2024-07-09 13:44:00-04:00,61.0099983215332,61.0099983215332,61.005001068115234,61.005001068115234,538,0.0,0.0,0.0
2024-07-09 13:45:00-04:00,61.0099983215332,61.02000045776367,61.0099983215332,61.01810073852539,1700,0.0,0.0,0.0
2024-07-09 13:46:00-04:00,61.01499938964844,61.01499938964844,61.005001068115234,61.005001068115234,574,0.0,0.0,0.0
2024-07-09 13:47:00-04:00,61.0,61.0,61.0,61.0,763,0.0,0.0,0.0
2024-07-09 13:48:00-04:00,61.005001068115234,61.0099983215332,61.005001068115234,61.0099983215332,664,0.0,0.0,0.0
2024-07-09 13:49:00-04:00,61.01499938964844,61.029998779296875,61.01499938964844,61.02000045776367,720,0.0,0.0,0.0
2024-07-09 13:50:00-04:00,61.0099983215332,61.0099983215332,61.0,61.0,1585,0.0,0.0,0.0
2024-07-09 13:53:00-04:00,60.9900016784668,60.9900016784668,60.939998626708984,60.95500183105469,4676,0.0,0.0,0.0
2024-07-09 13:54:00-04:00,60.96500015258789,60.96500015258789,60.95000076293945,60.96500015258789,1945,0.0,0.0,0.0
2024-07-09 13:55:00-04:00,60.959999084472656,60.959999084472656,60.959999084472656,60.959999084472656,558,0.0,0.0,0.0
2024-07-09 13:56:00-04:00,60.95000076293945,60.95000076293945,60.94499969482422,60.945098876953125,665,0.0,0.0,0.0
2024-07-09 13:57:00-04:00,60.94499969482422,60.94499969482422,60.94499969482422,60.94499969482422,357,0.0,0.0,0.0
2024-07-09 13:58:00-04:00,60.939998626708984,60.939998626708984,60.939998626708984,60.939998626708984,2160,0.0,0.0,0.0
2024-07-09 13:59:00-04:00,60.93000030517578,60.93000030517578,60.93000030517578,60.93000030517578,222,0.0,0.0,0.0
2024-07-09 14:00:00-04:00,60.92499923706055,60.92499923706055,60.915000915527344,60.91999816894531,1219,0.0,0.0,0.0
2024-07-09 14:01:00-04:00,60.91999816894531,60.93000030517578,60.91999816894531,60.93000030517578,777,0.0,0.0,0.0
2024-07-09 14:02:00-04:00,60.92499923706055,60.93000030517578,60.92499923706055,60.93000030517578,1011,0.0,0.0,0.0
2024-07-09 14:03:00-04:00,60.91999816894531,60.91999816894531,60.90999984741211,60.91999816894531,1207,0.0,0.0,0.0
2024-07-09 14:04:00-04:00,60.90999984741211,60.90999984741211,60.90999984741211,60.90999984741211,252,0.0,0.0,0.0
2024-07-09 14:05:00-04:00,60.915000915527344,60.915000915527344,60.915000915527344,60.915000915527344,110,0.0,0.0,0.0
2024-07-09 14:06:00-04:00,60.915000915527344,60.915000915527344,60.900001525878906,60.900001525878906,1123,0.0,0.0,0.0
2024-07-09 14:07:00-04:00,60.89500045776367,60.91999816894531,60.89500045776367,60.91999816894531,3099,0.0,0.0,0.0
2024-07-09 14:08:00-04:00,60.91999816894531,60.93000030517578,60.91999816894531,60.93000030517578,934,0.0,0.0,0.0
2024-07-09 14:09:00-04:00,60.939998626708984,60.95000076293945,60.939998626708984,60.939998626708984,1681,0.0,0.0,0.0
2024-07-09 14:10:00-04:00,60.935001373291016,60.939998626708984,60.93199920654297,60.939998626708984,2484,0.0,0.0,0.0
2024-07-09 14:12:00-04:00,60.93000030517578,60.93000030517578,60.91999816894531,60.91999816894531,1799,0.0,0.0,0.0
2024-07-09 14:13:00-04:00,60.92499923706055,60.94499969482422,60.92499923706055,60.94499969482422,3387,0.0,0.0,0.0
2024-07-09 14:14:00-04:00,60.95000076293945,60.95000076293945,60.941898345947266,60.941898345947266,640,0.0,0.0,0.0
2024-07-09 14:15:00-04:00,60.96500015258789,60.970001220703125,60.96500015258789,60.970001220703125,379,0.0,0.0,0.0
2024-07-09 14:16:00-04:00,60.95000076293945,60.95000076293945,60.935001373291016,60.935001373291016,1244,0.0,0.0,0.0
2024-07-09 14:17:00-04:00,60.93989944458008,60.94919967651367,60.93989944458008,60.94919967651367,1897,0.0,0.0,0.0
2024-07-09 14:18:00-04:00,60.95000076293945,60.95000076293945,60.95000076293945,60.95000076293945,1749,0.0,0.0,0.0
2024-07-09 14:19:00-04:00,60.959999084472656,60.959999084472656,60.92499923706055,60.92499923706055,3843,0.0,0.0,0.0
2024-07-09 14:20:00-04:00,60.91999816894531,60.93000030517578,60.915000915527344,60.91999816894531,1481,0.0,0.0,0.0
2024-07-09 14:21:00-04:00,60.91999816894531,60.91999816894531,60.90999984741211,60.90999984741211,1035,0.0,0.0,0.0
2024-07-09 14:22:00-04:00,60.900001525878906,60.91999816894531,60.900001525878906,60.91999816894531,3553,0.0,0.0,0.0
2024-07-09 14:23:00-04:00,60.91999816894531,60.91999816894531,60.91999816894531,60.91999816894531,689,0.0,0.0,0.0
2024-07-09 14:24:00-04:00,60.91999816894531,60.93000030517578,60.91999816894531,60.93000030517578,786,0.0,0.0,0.0
2024-07-09 14:26:00-04:00,60.935001373291016,60.939998626708984,60.935001373291016,60.939998626708984,300,0.0,0.0,0.0
2024-07-09 14:27:00-04:00,60.935001373291016,60.94499969482422,60.93000030517578,60.935001373291016,1711,0.0,0.0,0.0
2024-07-09 14:28:00-04:00,60.93000030517578,60.93000030517578,60.91999816894531,60.91999816894531,875,0.0,0.0,0.0
2024-07-09 14:29:00-04:00,60.92499923706055,60.935001373291016,60.91999816894531,60.93000030517578,4925,0.0,0.0,0.0
2024-07-09 14:30:00-04:00,60.91999816894531,60.91999816894531,60.900001525878906,60.900001525878906,1096,0.0,0.0,0.0
2024-07-09 14:31:00-04:00,60.90999984741211,60.959999084472656,60.90999984741211,60.95500183105469,3376,0.0,0.0,0.0
2024-07-09 14:32:00-04:00,60.95000076293945,60.95500183105469,60.939998626708984,60.939998626708984,1224,0.0,0.0,0.0
2024-07-09 14:33:00-04:00,60.939998626708984,60.974998474121094,60.939998626708984,60.974998474121094,1759,0.0,0.0,0.0
2024-07-09 14:34:00-04:00,60.96500015258789,60.96500015258789,60.96500015258789,60.96500015258789,205,0.0,0.0,0.0
2024-07-09 14:35:00-04:00,60.96500015258789,60.96500015258789,60.959999084472656,60.959999084472656,524,0.0,0.0,0.0
2024-07-09 14:36:00-04:00,60.959999084472656,60.970001220703125,60.959999084472656,60.970001220703125,934,0.0,0.0,0.0
2024-07-09 14:37:00-04:00,60.974998474121094,60.98500061035156,60.974998474121094,60.97999954223633,829,0.0,0.0,0.0
2024-07-09 14:38:00-04:00,60.9900016784668,61.0099983215332,60.9900016784668,61.0099983215332,1111,0.0,0.0,0.0
2024-07-09 14:39:00-04:00,61.0099983215332,61.0099983215332,61.005001068115234,61.0099983215332,418,0.0,0.0,0.0
2024-07-09 14:40:00-04:00,61.005001068115234,61.005001068115234,61.0,61.0,2005,0.0,0.0,0.0
2024-07-09 14:41:00-04:00,61.0,61.0,61.0,61.0,208,0.0,0.0,0.0
2024-07-09 14:42:00-04:00,60.9900016784668,60.9900016784668,60.9900016784668,60.9900016784668,984,0.0,0.0,0.0
2024-07-09 14:43:00-04:00,60.996498107910156,61.005001068115234,60.996498107910156,61.005001068115234,1251,0.0,0.0,0.0
2024-07-09 14:44:00-04:00,61.005001068115234,61.0099983215332,61.005001068115234,61.005001068115234,958,0.0,0.0,0.0
2024-07-09 14:45:00-04:00,61.0,61.0,60.98500061035156,60.9900016784668,1035,0.0,0.0,0.0
2024-07-09 14:46:00-04:00,60.9900016784668,60.994998931884766,60.9900016784668,60.9900016784668,407,0.0,0.0,0.0
2024-07-09 14:47:00-04:00,60.98500061035156,61.005001068115234,60.98500061035156,61.005001068115234,1600,0.0,0.0,0.0
2024-07-09 14:48:00-04:00,61.0099983215332,61.0099983215332,61.0,61.0,882,0.0,0.0,0.0
2024-07-09 14:49:00-04:00,60.9900016784668,61.0099983215332,60.9900016784668,61.0099983215332,1610,0.0,0.0,0.0
2024-07-09 14:50:00-04:00,61.01499938964844,61.029998779296875,61.0099983215332,61.0099983215332,1799,0.0,0.0,0.0
2024-07-09 14:51:00-04:00,61.0,61.0099983215332,61.0,61.0,737,0.0,0.0,0.0
2024-07-09 14:52:00-04:00,60.97999954223633,60.97999954223633,60.974998474121094,60.97999954223633,1099,0.0,0.0,0.0
2024-07-09 14:53:00-04:00,60.970001220703125,60.974998474121094,60.970001220703125,60.974998474121094,2519,0.0,0.0,0.0
2024-07-09 14:54:00-04:00,60.97999954223633,60.9900016784668,60.974998474121094,60.97999954223633,1275,0.0,0.0,0.0
2024-07-09 14:55:00-04:00,60.98500061035156,60.98500061035156,60.970001220703125,60.970001220703125,410,0.0,0.0,0.0
2024-07-09 14:56:00-04:00,60.959999084472656,60.959999084472656,60.95000076293945,60.95000076293945,1371,0.0,0.0,0.0
2024-07-09 14:57:00-04:00,60.95000076293945,60.95000076293945,60.94499969482422,60.95000076293945,626,0.0,0.0,0.0
2024-07-09 14:58:00-04:00,60.94499969482422,60.94499969482422,60.94499969482422,60.94499969482422,189,0.0,0.0,0.0
2024-07-09 14:59:00-04:00,60.95000076293945,60.95000076293945,60.95000076293945,60.95000076293945,699,0.0,0.0,0.0
2024-07-09 15:00:00-04:00,60.95000076293945,60.95000076293945,60.915000915527344,60.915000915527344,1031,0.0,0.0,0.0
2024-07-09 15:01:00-04:00,60.900001525878906,60.900001525878906,60.900001525878906,60.900001525878906,368,0.0,0.0,0.0
2024-07-09 15:02:00-04:00,60.900001525878906,60.915000915527344,60.900001525878906,60.915000915527344,1191,0.0,0.0,0.0
2024-07-09 15:03:00-04:00,60.91999816894531,60.91999816894531,60.900001525878906,60.900001525878906,1807,0.0,0.0,0.0
2024-07-09 15:04:00-04:00,60.88999938964844,60.88999938964844,60.869998931884766,60.869998931884766,346,0.0,0.0,0.0
2024-07-09 15:05:00-04:00,60.869998931884766,60.880001068115234,60.8650016784668,60.869998931884766,1609,0.0,0.0,0.0
2024-07-09 15:06:00-04:00,60.8650016784668,60.8650016784668,60.86000061035156,60.86320114135742,1913,0.0,0.0,0.0
2024-07-09 15:07:00-04:00,60.86000061035156,60.875,60.849998474121094,60.875,3075,0.0,0.0,0.0
2024-07-09 15:08:00-04:00,60.88999938964844,60.88999938964844,60.869998931884766,60.88999938964844,774,0.0,0.0,0.0
2024-07-09 15:09:00-04:00,60.880001068115234,60.8849983215332,60.880001068115234,60.880001068115234,946,0.0,0.0,0.0
2024-07-09 15:10:00-04:00,60.880001068115234,60.8849983215332,60.875,60.875,931,0.0,0.0,0.0
2024-07-09 15:11:00-04:00,60.869998931884766,60.869998931884766,60.86000061035156,60.8650016784668,732,0.0,0.0,0.0
2024-07-09 15:12:00-04:00,60.871498107910156,60.880001068115234,60.871498107910156,60.880001068115234,1220,0.0,0.0,0.0
2024-07-09 15:13:00-04:00,60.880001068115234,60.880001068115234,60.880001068115234,60.880001068115234,187,0.0,0.0,0.0
2024-07-09 15:14:00-04:00,60.8849983215332,60.8849983215332,60.880001068115234,60.880001068115234,2297,0.0,0.0,0.0
2024-07-09 15:15:00-04:00,60.880001068115234,60.880001068115234,60.85499954223633,60.86000061035156,1676,0.0,0.0,0.0
2024-07-09 15:16:00-04:00,60.85499954223633,60.86000061035156,60.85499954223633,60.85499954223633,515,0.0,0.0,0.0
2024-07-09 15:17:00-04:00,60.84000015258789,60.84000015258789,60.83000183105469,60.83000183105469,599,0.0,0.0,0.0
2024-07-09 15:18:00-04:00,60.82500076293945,60.82500076293945,60.82500076293945,60.82500076293945,243,0.0,0.0,0.0
2024-07-09 15:19:00-04:00,60.81999969482422,60.81999969482422,60.790000915527344,60.790000915527344,1973,0.0,0.0,0.0
2024-07-09 15:20:00-04:00,60.790000915527344,60.790000915527344,60.779998779296875,60.790000915527344,4597,0.0,0.0,0.0
2024-07-09 15:21:00-04:00,60.790000915527344,60.790000915527344,60.75,60.7599983215332,17947,0.0,0.0,0.0
2024-07-09 15:22:00-04:00,60.7599983215332,60.77000045776367,60.7400016784668,60.75,8839,0.0,0.0,0.0
2024-07-09 15:23:00-04:00,60.7400016784668,60.744998931884766,60.7400016784668,60.7400016784668,45162,0.0,0.0,0.0
2024-07-09 15:24:00-04:00,60.7400016784668,60.7599983215332,60.73500061035156,60.7599983215332,6028,0.0,0.0,0.0
2024-07-09 15:25:00-04:00,60.7599983215332,60.76499938964844,60.755001068115234,60.755001068115234,756,0.0,0.0,0.0
2024-07-09 15:26:00-04:00,60.75,60.75,60.7400016784668,60.744998931884766,896,0.0,0.0,0.0
2024-07-09 15:27:00-04:00,60.7599983215332,60.77000045776367,60.7599983215332,60.76499938964844,2552,0.0,0.0,0.0
2024-07-09 15:28:00-04:00,60.7599983215332,60.779998779296875,60.75,60.779998779296875,4715,0.0,0.0,0.0
2024-07-09 15:29:00-04:00,60.77000045776367,60.779998779296875,60.77000045776367,60.779998779296875,618,0.0,0.0,0.0
2024-07-09 15:30:00-04:00,60.779998779296875,60.78499984741211,60.775001525878906,60.779998779296875,1186,0.0,0.0,0.0
2024-07-09 15:31:00-04:00,60.779998779296875,60.814998626708984,60.779998779296875,60.810001373291016,2777,0.0,0.0,0.0
2024-07-09 15:32:00-04:00,60.810001373291016,60.810001373291016,60.78499984741211,60.78499984741211,5814,0.0,0.0,0.0
2024-07-09 15:33:00-04:00,60.790000915527344,60.790000915527344,60.7599983215332,60.7599983215332,2739,0.0,0.0,0.0
2024-07-09 15:34:00-04:00,60.75,60.77000045776367,60.7400016784668,60.77000045776367,3936,0.0,0.0,0.0
2024-07-09 15:35:00-04:00,60.775001525878906,60.79999923706055,60.775001525878906,60.79999923706055,2953,0.0,0.0,0.0
2024-07-09 15:36:00-04:00,60.790000915527344,60.790000915527344,60.77000045776367,60.775001525878906,4512,0.0,0.0,0.0
2024-07-09 15:37:00-04:00,60.77000045776367,60.77000045776367,60.76499938964844,60.76499938964844,456,0.0,0.0,0.0
2024-07-09 15:38:00-04:00,60.775001525878906,60.790000915527344,60.775001525878906,60.779998779296875,2832,0.0,0.0,0.0
2024-07-09 15:39:00-04:00,60.78559875488281,60.78559875488281,60.779998779296875,60.78559875488281,1227,0.0,0.0,0.0
2024-07-09 15:40:00-04:00,60.790000915527344,60.79999923706055,60.790000915527344,60.79999923706055,3634,0.0,0.0,0.0
2024-07-09 15:41:00-04:00,60.805999755859375,60.82500076293945,60.805999755859375,60.810001373291016,4825,0.0,0.0,0.0
2024-07-09 15:42:00-04:00,60.79499816894531,60.79999923706055,60.79499816894531,60.79999923706055,523,0.0,0.0,0.0
2024-07-09 15:43:00-04:00,60.790000915527344,60.790000915527344,60.779998779296875,60.779998779296875,1887,0.0,0.0,0.0
2024-07-09 15:44:00-04:00,60.77989959716797,60.779998779296875,60.77000045776367,60.77000045776367,2488,0.0,0.0,0.0
2024-07-09 15:45:00-04:00,60.77000045776367,60.779998779296875,60.7599983215332,60.779998779296875,4865,0.0,0.0,0.0
2024-07-09 15:46:00-04:00,60.78499984741211,60.790000915527344,60.779998779296875,60.790000915527344,1382,0.0,0.0,0.0
2024-07-09 15:47:00-04:00,60.790000915527344,60.79999923706055,60.790000915527344,60.790000915527344,3426,0.0,0.0,0.0
2024-07-09 15:48:00-04:00,60.78499984741211,60.790000915527344,60.775001525878906,60.78499984741211,11075,0.0,0.0,0.0
2024-07-09 15:49:00-04:00,60.78499984741211,60.79499816894531,60.779998779296875,60.790000915527344,4132,0.0,0.0,0.0
2024-07-09 15:50:00-04:00,60.790000915527344,60.84000015258789,60.78499984741211,60.83000183105469,16892,0.0,0.0,0.0
2024-07-09 15:51:00-04:00,60.81999969482422,60.849998474121094,60.81999969482422,60.84000015258789,5355,0.0,0.0,0.0
2024-07-09 15:52:00-04:00,60.84000015258789,60.84000015258789,60.814998626708984,60.814998626708984,7088,0.0,0.0,0.0
2024-07-09 15:54:00-04:00,60.775001525878906,60.790000915527344,60.77000045776367,60.790000915527344,22413,0.0,0.0,0.0
2024-07-09 15:55:00-04:00,60.779998779296875,60.790000915527344,60.72999954223633,60.75,29045,0.0,0.0,0.0
2024-07-09 15:56:00-04:00,60.744998931884766,60.75,60.72999954223633,60.72999954223633,29443,0.0,0.0,0.0
2024-07-09 15:57:00-04:00,60.72999954223633,60.7400016784668,60.720001220703125,60.724998474121094,35493,0.0,0.0,0.0
2024-07-09 15:58:00-04:00,60.724998474121094,60.755001068115234,60.70000076293945,60.7400016784668,103001,0.0,0.0,0.0
2024-07-09 15:59:00-04:00,60.72999954223633,60.72999954223633,60.68000030517578,60.720001220703125,43729,0.0,0.0,0.0
2024-07-10 09:30:00-04:00,61.099998474121094,61.18000030517578,61.099998474121094,61.18000030517578,3768,0.0,0.0,0.0
2024-07-10 09:31:00-04:00,61.16999816894531,61.220001220703125,61.150001525878906,61.189998626708984,5433,0.0,0.0,0.0
2024-07-10 09:32:00-04:00,61.130001068115234,61.220001220703125,61.09360122680664,61.130001068115234,4925,0.0,0.0,0.0
2024-07-10 09:33:00-04:00,61.119998931884766,61.18000030517578,61.11000061035156,61.130001068115234,3024,0.0,0.0,0.0
2024-07-10 09:34:00-04:00,61.15999984741211,61.27000045776367,61.15999984741211,61.27000045776367,4103,0.0,0.0,0.0
2024-07-10 09:35:00-04:00,61.244998931884766,61.25,61.209999084472656,61.209999084472656,2199,0.0,0.0,0.0
2024-07-10 09:36:00-04:00,61.18000030517578,61.220001220703125,61.13999938964844,61.20000076293945,4973,0.0,0.0,0.0
2024-07-10 09:37:00-04:00,61.209999084472656,61.34000015258789,61.209999084472656,61.29999923706055,10906,0.0,0.0,0.0
2024-07-10 09:38:00-04:00,61.310001373291016,61.34000015258789,61.279998779296875,61.33000183105469,8113,0.0,0.0,0.0
2024-07-10 09:39:00-04:00,61.310001373291016,61.310001373291016,61.220001220703125,61.220001220703125,3791,0.0,0.0,0.0
2024-07-10 09:40:00-04:00,61.25,61.25,61.189998626708984,61.25,4171,0.0,0.0,0.0
2024-07-10 09:41:00-04:00,61.2599983215332,61.290000915527344,61.2400016784668,61.279998779296875,4585,0.0,0.0,0.0
2024-07-10 09:42:00-04:00,61.27000045776367,61.279998779296875,61.25,61.25,536,0.0,0.0,0.0
2024-07-10 09:43:00-04:00,61.150001525878906,61.20000076293945,61.13999938964844,61.150001525878906,2622,0.0,0.0,0.0
2024-07-10 09:44:00-04:00,61.13999938964844,61.13999938964844,61.06999969482422,61.06999969482422,2521,0.0,0.0,0.0
2024-07-10 09:45:00-04:00,61.09000015258789,61.11000061035156,61.08000183105469,61.08000183105469,2910,0.0,0.0,0.0
2024-07-10 09:46:00-04:00,61.06999969482422,61.099998474121094,61.06999969482422,61.099998474121094,2471,0.0,0.0,0.0
2024-07-10 09:47:00-04:00,61.119998931884766,61.130001068115234,61.092098236083984,61.119998931884766,2165,0.0,0.0,0.0
2024-07-10 09:48:00-04:00,61.11000061035156,61.130001068115234,61.09000015258789,61.130001068115234,2068,0.0,0.0,0.0
2024-07-10 09:49:00-04:00,61.119998931884766,61.13999938964844,61.099998474121094,61.1349983215332,2191,0.0,0.0,0.0
2024-07-10 09:50:00-04:00,61.13999938964844,61.220001220703125,61.13999938964844,61.220001220703125,3180,0.0,0.0,0.0
2024-07-10 09:51:00-04:00,61.22999954223633,61.25,61.18000030517578,61.25,1563,0.0,0.0,0.0
2024-07-10 09:52:00-04:00,61.2400016784668,61.27000045776367,61.2400016784668,61.255001068115234,835,0.0,0.0,0.0
2024-07-10 09:54:00-04:00,61.290000915527344,61.290000915527344,61.25,61.279998779296875,1498,0.0,0.0,0.0
2024-07-10 09:55:00-04:00,61.290000915527344,61.33000183105469,61.290000915527344,61.33000183105469,702,0.0,0.0,0.0
2024-07-10 09:56:00-04:00,61.33000183105469,61.33000183105469,61.310001373291016,61.310001373291016,575,0.0,0.0,0.0
2024-07-10 09:57:00-04:00,61.310001373291016,61.310001373291016,61.279998779296875,61.279998779296875,864,0.0,0.0,0.0
2024-07-10 09:58:00-04:00,61.27989959716797,61.290000915527344,61.27989959716797,61.290000915527344,733,0.0,0.0,0.0
2024-07-10 09:59:00-04:00,61.22999954223633,61.2400016784668,61.22999954223633,61.22999954223633,655,0.0,0.0,0.0
2024-07-10 10:00:00-04:00,61.20000076293945,61.2400016784668,61.1974983215332,61.2400016784668,2146,0.0,0.0,0.0
2024-07-10 10:01:00-04:00,61.25,61.400001525878906,61.25,61.38999938964844,1693,0.0,0.0,0.0
2024-07-10 10:02:00-04:00,61.38999938964844,61.439998626708984,61.38999938964844,61.400001525878906,3405,0.0,0.0,0.0
2024-07-10 10:03:00-04:00,61.41999816894531,61.470001220703125,61.41999816894531,61.43000030517578,2185,0.0,0.0,0.0
2024-07-10 10:04:00-04:00,61.40999984741211,61.40999984741211,61.38999938964844,61.38999938964844,1312,0.0,0.0,0.0
2024-07-10 10:05:00-04:00,61.34000015258789,61.36000061035156,61.290000915527344,61.33000183105469,4272,0.0,0.0,0.0
2024-07-10 10:06:00-04:00,61.33000183105469,61.380001068115234,61.33000183105469,61.35499954223633,2101,0.0,0.0,0.0
2024-07-10 10:07:00-04:00,61.41999816894531,61.41999816894531,61.380001068115234,61.40999984741211,1526,0.0,0.0,0.0
2024-07-10 10:08:00-04:00,61.400001525878906,61.400001525878906,61.349998474121094,61.369998931884766,2993,0.0,0.0,0.0
2024-07-10 10:09:00-04:00,61.3650016784668,61.39500045776367,61.36000061035156,61.39500045776367,2661,0.0,0.0,0.0
2024-07-10 10:10:00-04:00,61.37990188598633,61.38999938964844,61.369998931884766,61.369998931884766,1229,0.0,0.0,0.0
2024-07-10 10:11:00-04:00,61.36000061035156,61.36000061035156,61.30500030517578,61.30500030517578,4554,0.0,0.0,0.0
2024-07-10 10:12:00-04:00,61.29999923706055,61.310001373291016,61.290000915527344,61.290000915527344,524,0.0,0.0,0.0
2024-07-10 10:13:00-04:00,61.310001373291016,61.310001373291016,61.28499984741211,61.290000915527344,1650,0.0,0.0,0.0
2024-07-10 10:14:00-04:00,61.33000183105469,61.33000183105469,61.29999923706055,61.29999923706055,760,0.0,0.0,0.0
2024-07-10 10:15:00-04:00,61.34000015258789,61.34000015258789,61.34000015258789,61.34000015258789,945,0.0,0.0,0.0
2024-07-10 10:16:00-04:00,61.31999969482422,61.31999969482422,61.25,61.25,1933,0.0,0.0,0.0
2024-07-10 10:17:00-04:00,61.224998474121094,61.224998474121094,61.209999084472656,61.209999084472656,654,0.0,0.0,0.0
2024-07-10 10:18:00-04:00,61.13999938964844,61.13999938964844,61.13999938964844,61.13999938964844,1910,0.0,0.0,0.0
2024-07-10 10:19:00-04:00,61.125,61.150001525878906,61.125,61.125,819,0.0,0.0,0.0
2024-07-10 10:20:00-04:00,61.130001068115234,61.15999984741211,61.099998474121094,61.15999984741211,2405,0.0,0.0,0.0
2024-07-10 10:21:00-04:00,61.13999938964844,61.13999938964844,61.119998931884766,61.119998931884766,1019,0.0,0.0,0.0
2024-07-10 10:22:00-04:00,61.11000061035156,61.119998931884766,61.10499954223633,61.119998931884766,1184,0.0,0.0,0.0
2024-07-10 10:23:00-04:00,61.1150016784668,61.150001525878906,61.11000061035156,61.130001068115234,1374,0.0,0.0,0.0
2024-07-10 10:24:00-04:00,61.13999938964844,61.18000030517578,61.13999938964844,61.16999816894531,1637,0.0,0.0,0.0
2024-07-10 10:25:00-04:00,61.165000915527344,61.16999816894531,61.150001525878906,61.150001525878906,1463,0.0,0.0,0.0
2024-07-10 10:26:00-04:00,61.14500045776367,61.150001525878906,61.1150016784668,61.1150016784668,1337,0.0,0.0,0.0
2024-07-10 10:27:00-04:00,61.11000061035156,61.130001068115234,61.09000015258789,61.09000015258789,3052,0.0,0.0,0.0
2024-07-10 10:28:00-04:00,61.1150016784668,61.13999938964844,61.1150016784668,61.13999938964844,1541,0.0,0.0,0.0
2024-07-10 10:29:00-04:00,61.130001068115234,61.13999938964844,61.130001068115234,61.130001068115234,1215,0.0,0.0,0.0
2024-07-10 10:30:00-04:00,61.119998931884766,61.119998931884766,61.099998474121094,61.099998474121094,2689,0.0,0.0,0.0
2024-07-10 10:31:00-04:00,61.11000061035156,61.119998931884766,61.09000015258789,61.119998931884766,3606,0.0,0.0,0.0
2024-07-10 10:32:00-04:00,61.130001068115234,61.15999984741211,61.130001068115234,61.15999984741211,896,0.0,0.0,0.0
2024-07-10 10:33:00-04:00,61.16999816894531,61.18000030517578,61.13999938964844,61.16999816894531,2513,0.0,0.0,0.0
2024-07-10 10:34:00-04:00,61.189998626708984,61.19499969482422,61.17499923706055,61.179901123046875,1787,0.0,0.0,0.0
2024-07-10 10:35:00-04:00,61.17499923706055,61.209999084472656,61.17499923706055,61.17499923706055,2307,0.0,0.0,0.0
2024-07-10 10:36:00-04:00,61.18000030517578,61.18000030517578,61.14500045776367,61.14500045776367,3331,0.0,0.0,0.0
2024-07-10 10:37:00-04:00,61.16999816894531,61.18000030517578,61.16999816894531,61.16999816894531,1364,0.0,0.0,0.0
2024-07-10 10:38:00-04:00,61.150001525878906,61.150001525878906,61.119998931884766,61.119998931884766,1399,0.0,0.0,0.0
2024-07-10 10:39:00-04:00,61.130001068115234,61.130001068115234,61.099998474121094,61.099998474121094,3696,0.0,0.0,0.0
2024-07-10 10:40:00-04:00,61.08000183105469,61.08000183105469,61.04999923706055,61.04999923706055,1740,0.0,0.0,0.0
2024-07-10 10:41:00-04:00,61.04999923706055,61.04999923706055,61.040000915527344,61.040000915527344,1601,0.0,0.0,0.0
2024-07-10 10:42:00-04:00,61.01499938964844,61.064998626708984,61.01499938964844,61.04999923706055,3236,0.0,0.0,0.0
2024-07-10 10:43:00-04:00,61.04999923706055,61.070499420166016,61.04999923706055,61.070499420166016,3260,0.0,0.0,0.0
2024-07-10 10:44:00-04:00,61.079898834228516,61.08000183105469,61.079898834228516,61.08000183105469,3371,0.0,0.0,0.0
2024-07-10 10:45:00-04:00,61.04999923706055,61.08000183105469,61.04999923706055,61.08000183105469,7282,0.0,0.0,0.0
2024-07-10 10:46:00-04:00,61.08000183105469,61.08000183105469,61.08000183105469,61.08000183105469,347,0.0,0.0,0.0
2024-07-10 10:47:00-04:00,61.064998626708984,61.064998626708984,61.064998626708984,61.064998626708984,1939,0.0,0.0,0.0
2024-07-10 10:48:00-04:00,61.099998474121094,61.11000061035156,61.099998474121094,61.11000061035156,436,0.0,0.0,0.0
2024-07-10 10:49:00-04:00,61.099998474121094,61.130001068115234,61.099998474121094,61.119998931884766,2041,0.0,0.0,0.0
2024-07-10 10:50:00-04:00,61.130001068115234,61.130001068115234,61.130001068115234,61.130001068115234,475,0.0,0.0,0.0
2024-07-10 10:51:00-04:00,61.119998931884766,61.119998931884766,61.084999084472656,61.084999084472656,384,0.0,0.0,0.0
2024-07-10 10:52:00-04:00,61.11000061035156,61.13999938964844,61.11000061035156,61.13999938964844,3452,0.0,0.0,0.0
2024-07-10 10:53:00-04:00,61.13999938964844,61.18000030517578,61.13999938964844,61.16999816894531,3097,0.0,0.0,0.0
2024-07-10 10:54:00-04:00,61.18000030517578,61.18000030517578,61.18000030517578,61.18000030517578,1529,0.0,0.0,0.0
2024-07-10 10:55:00-04:00,61.165000915527344,61.165000915527344,61.150001525878906,61.150001525878906,1034,0.0,0.0,0.0
2024-07-10 10:56:00-04:00,61.165000915527344,61.165000915527344,61.165000915527344,61.165000915527344,100,0.0,0.0,0.0
2024-07-10 10:57:00-04:00,61.17499923706055,61.17499923706055,61.15999984741211,61.15999984741211,3678,0.0,0.0,0.0
2024-07-10 10:58:00-04:00,61.154998779296875,61.154998779296875,61.08000183105469,61.08000183105469,3929,0.0,0.0,0.0
2024-07-10 10:59:00-04:00,61.06999969482422,61.06999969482422,61.0,61.0099983215332,4441,0.0,0.0,0.0
2024-07-10 11:00:00-04:00,60.959999084472656,61.0099983215332,60.959999084472656,61.0,1985,0.0,0.0,0.0
2024-07-10 11:01:00-04:00,61.0,61.0099983215332,60.970001220703125,60.970001220703125,2946,0.0,0.0,0.0
2024-07-10 11:02:00-04:00,60.97999954223633,60.9900016784668,60.97999954223633,60.9900016784668,4268,0.0,0.0,0.0
2024-07-10 11:03:00-04:00,60.9900016784668,60.9900016784668,60.970001220703125,60.970001220703125,2543,0.0,0.0,0.0
2024-07-10 11:04:00-04:00,60.970001220703125,60.970001220703125,60.959999084472656,60.970001220703125,1048,0.0,0.0,0.0
2024-07-10 11:05:00-04:00,60.939998626708984,60.939998626708984,60.93000030517578,60.93000030517578,2149,0.0,0.0,0.0
2024-07-10 11:06:00-04:00,60.939998626708984,60.97999954223633,60.939998626708984,60.97999954223633,1602,0.0,0.0,0.0
2024-07-10 11:07:00-04:00,60.97999954223633,60.97999954223633,60.970001220703125,60.970001220703125,1664,0.0,0.0,0.0
2024-07-10 11:08:00-04:00,61.02000045776367,61.02000045776367,60.97999954223633,61.02000045776367,1964,0.0,0.0,0.0
2024-07-10 11:09:00-04:00,61.029998779296875,61.029998779296875,60.9900016784668,61.0,1343,0.0,0.0,0.0
2024-07-10 11:10:00-04:00,61.01499938964844,61.01499938964844,60.970001220703125,60.97999954223633,2923,0.0,0.0,0.0
2024-07-10 11:12:00-04:00,60.939998626708984,60.939998626708984,60.939998626708984,60.939998626708984,3389,0.0,0.0,0.0
2024-07-10 11:13:00-04:00,60.93000030517578,60.93000030517578,60.90999984741211,60.90999984741211,1608,0.0,0.0,0.0
2024-07-10 11:14:00-04:00,60.91999816894531,60.95000076293945,60.91999816894531,60.94499969482422,1851,0.0,0.0,0.0
2024-07-10 11:15:00-04:00,60.95000076293945,60.95000076293945,60.900001525878906,60.900001525878906,1540,0.0,0.0,0.0
2024-07-10 11:16:00-04:00,60.900001525878906,60.90999984741211,60.900001525878906,60.904998779296875,518,0.0,0.0,0.0
2024-07-10 11:17:00-04:00,61.0,61.0,60.970001220703125,61.0,2939,0.0,0.0,0.0
2024-07-10 11:18:00-04:00,61.0099983215332,61.060001373291016,61.0,61.060001373291016,5699,0.0,0.0,0.0
2024-07-10 11:19:00-04:00,61.06999969482422,61.095001220703125,61.06949996948242,61.084999084472656,5592,0.0,0.0,0.0
2024-07-10 11:20:00-04:00,61.099998474121094,61.099998474121094,61.099998474121094,61.099998474121094,100,0.0,0.0,0.0
2024-07-10 11:21:00-04:00,61.099998474121094,61.11000061035156,61.099998474121094,61.099998474121094,3275,0.0,0.0,0.0
2024-07-10 11:22:00-04:00,61.09000015258789,61.095001220703125,61.09000015258789,61.09000015258789,874,0.0,0.0,0.0
2024-07-10 11:23:00-04:00,61.12799835205078,61.130001068115234,61.12799835205078,61.130001068115234,1491,0.0,0.0,0.0
2024-07-10 11:24:00-04:00,61.120201110839844,61.130001068115234,61.09000015258789,61.09000015258789,2099,0.0,0.0,0.0
2024-07-10 11:25:00-04:00,61.06999969482422,61.06999969482422,61.005001068115234,61.005001068115234,3134,0.0,0.0,0.0
2024-07-10 11:26:00-04:00,61.0099983215332,61.04499816894531,61.0099983215332,61.04499816894531,1129,0.0,0.0,0.0
2024-07-10 11:27:00-04:00,61.06999969482422,61.06999969482422,61.060001373291016,61.060001373291016,1088,0.0,0.0,0.0
2024-07-10 11:28:00-04:00,61.06999969482422,61.099998474121094,61.06999969482422,61.09000015258789,1717,0.0,0.0,0.0
2024-07-10 11:29:00-04:00,61.09000015258789,61.099998474121094,61.08250045776367,61.099998474121094,1992,0.0,0.0,0.0
2024-07-10 11:30:00-04:00,61.099998474121094,61.130001068115234,61.099998474121094,61.099998474121094,4951,0.0,0.0,0.0
2024-07-10 11:31:00-04:00,61.09000015258789,61.10499954223633,61.08000183105469,61.084999084472656,3213,0.0,0.0,0.0
2024-07-10 11:32:00-04:00,61.08000183105469,61.084999084472656,61.06999969482422,61.06999969482422,3238,0.0,0.0,0.0
2024-07-10 11:33:00-04:00,61.06999969482422,61.06999969482422,61.03499984741211,61.03499984741211,1922,0.0,0.0,0.0
2024-07-10 11:34:00-04:00,61.040000915527344,61.06999969482422,61.040000915527344,61.06999969482422,2642,0.0,0.0,0.0
2024-07-10 11:35:00-04:00,61.08000183105469,61.08000183105469,61.04499816894531,61.06999969482422,3940,0.0,0.0,0.0
2024-07-10 11:36:00-04:00,61.060001373291016,61.06999969482422,61.060001373291016,61.06999969482422,523,0.0,0.0,0.0
2024-07-10 11:37:00-04:00,61.099998474121094,61.11000061035156,61.08000183105469,61.099998474121094,2889,0.0,0.0,0.0
2024-07-10 11:38:00-04:00,61.095001220703125,61.099998474121094,61.08000183105469,61.095001220703125,1511,0.0,0.0,0.0
2024-07-10 11:39:00-04:00,61.099998474121094,61.119998931884766,61.099998474121094,61.11000061035156,2929,0.0,0.0,0.0
2024-07-10 11:40:00-04:00,61.130001068115234,61.130001068115234,61.1150016784668,61.130001068115234,940,0.0,0.0,0.0
2024-07-10 11:41:00-04:00,61.13999938964844,61.18000030517578,61.13999938964844,61.18000030517578,3913,0.0,0.0,0.0
2024-07-10 11:42:00-04:00,61.17499923706055,61.189998626708984,61.15999984741211,61.189998626708984,8102,0.0,0.0,0.0
2024-07-10 11:43:00-04:00,61.188201904296875,61.19919967651367,61.185001373291016,61.189998626708984,3460,0.0,0.0,0.0
2024-07-10 11:44:00-04:00,61.20000076293945,61.209999084472656,61.189998626708984,61.20000076293945,9749,0.0,0.0,0.0
2024-07-10 11:45:00-04:00,61.209999084472656,61.244998931884766,61.209999084472656,61.2400016784668,16328,0.0,0.0,0.0
2024-07-10 11:46:00-04:00,61.21500015258789,61.22999954223633,61.20500183105469,61.21500015258789,5315,0.0,0.0,0.0
2024-07-10 11:47:00-04:00,61.220001220703125,61.22999954223633,61.19499969482422,61.21500015258789,8955,0.0,0.0,0.0
2024-07-10 11:48:00-04:00,61.220001220703125,61.22999954223633,61.19049835205078,61.19049835205078,3237,0.0,0.0,0.0
2024-07-10 11:49:00-04:00,61.20000076293945,61.20000076293945,61.11000061035156,61.11000061035156,10875,0.0,0.0,0.0
2024-07-10 11:50:00-04:00,61.119998931884766,61.150001525878906,61.11989974975586,61.150001525878906,3612,0.0,0.0,0.0
2024-07-10 11:51:00-04:00,61.16999816894531,61.17499923706055,61.13999938964844,61.16999816894531,8335,0.0,0.0,0.0
2024-07-10 11:52:00-04:00,61.18000030517578,61.20000076293945,61.18000030517578,61.189998626708984,14307,0.0,0.0,0.0
2024-07-10 11:53:00-04:00,61.189998626708984,61.220001220703125,61.189998626708984,61.220001220703125,6308,0.0,0.0,0.0
2024-07-10 11:54:00-04:00,61.220001220703125,61.22999954223633,61.18000030517578,61.189998626708984,3515,0.0,0.0,0.0
2024-07-10 11:55:00-04:00,61.20000076293945,61.2400016784668,61.189998626708984,61.23500061035156,7258,0.0,0.0,0.0
2024-07-10 11:56:00-04:00,61.2400016784668,61.27000045776367,61.2400016784668,61.244998931884766,9339,0.0,0.0,0.0
2024-07-10 11:57:00-04:00,61.244998931884766,61.244998931884766,61.16999816894531,61.18000030517578,11916,0.0,0.0,0.0
2024-07-10 11:58:00-04:00,61.16999816894531,61.20000076293945,61.16999816894531,61.189998626708984,8426,0.0,0.0,0.0
2024-07-10 11:59:00-04:00,61.18000030517578,61.19499969482422,61.13999938964844,61.15999984741211,38374,0.0,0.0,0.0
2024-07-10 12:00:00-04:00,61.150001525878906,61.16999816894531,61.14500045776367,61.16999816894531,7391,0.0,0.0,0.0
2024-07-10 12:01:00-04:00,61.16999816894531,61.17499923706055,61.14500045776367,61.150001525878906,3057,0.0,0.0,0.0
2024-07-10 12:02:00-04:00,61.13999938964844,61.19499969482422,61.13999938964844,61.189998626708984,4518,0.0,0.0,0.0
2024-07-10 12:03:00-04:00,61.18000030517578,61.209999084472656,61.18000030517578,61.209999084472656,2267,0.0,0.0,0.0
2024-07-10 12:04:00-04:00,61.209999084472656,61.224998474121094,61.209999084472656,61.21799850463867,2372,0.0,0.0,0.0
2024-07-10 12:05:00-04:00,61.220001220703125,61.22999954223633,61.209999084472656,61.209999084472656,1747,0.0,0.0,0.0
2024-07-10 12:06:00-04:00,61.209999084472656,61.220001220703125,61.209999084472656,61.209999084472656,987,0.0,0.0,0.0
2024-07-10 12:07:00-04:00,61.22999954223633,61.2400016784668,61.22999954223633,61.23500061035156,453,0.0,0.0,0.0
2024-07-10 12:08:00-04:00,61.23500061035156,61.23500061035156,61.220001220703125,61.23500061035156,1961,0.0,0.0,0.0
2024-07-10 12:09:00-04:00,61.22999954223633,61.25,61.220001220703125,61.22999954223633,2431,0.0,0.0,0.0
2024-07-10 12:10:00-04:00,61.23500061035156,61.279998779296875,61.23500061035156,61.279998779296875,1875,0.0,0.0,0.0
2024-07-10 12:11:00-04:00,61.290000915527344,61.29999923706055,61.290000915527344,61.290000915527344,1975,0.0,0.0,0.0
2024-07-10 12:12:00-04:00,61.290000915527344,61.30500030517578,61.290000915527344,61.30500030517578,640,0.0,0.0,0.0
2024-07-10 12:13:00-04:00,61.31999969482422,61.334999084472656,61.29999923706055,61.30500030517578,2001,0.0,0.0,0.0
2024-07-10 12:14:00-04:00,61.290000915527344,61.310001373291016,61.290000915527344,61.310001373291016,1778,0.0,0.0,0.0
2024-07-10 12:15:00-04:00,61.314998626708984,61.33000183105469,61.310001373291016,61.33000183105469,699,0.0,0.0,0.0
2024-07-10 12:16:00-04:00,61.32500076293945,61.34000015258789,61.290000915527344,61.32500076293945,5337,0.0,0.0,0.0
2024-07-10 12:17:00-04:00,61.31999969482422,61.33000183105469,61.314998626708984,61.31999969482422,652,0.0,0.0,0.0
2024-07-10 12:18:00-04:00,61.30500030517578,61.30500030517578,61.30500030517578,61.30500030517578,3419,0.0,0.0,0.0
2024-07-10 12:19:00-04:00,61.310001373291016,61.31999969482422,61.310001373291016,61.310001373291016,806,0.0,0.0,0.0
2024-07-10 12:20:00-04:00,61.314998626708984,61.334999084472656,61.310001373291016,61.31999969482422,1906,0.0,0.0,0.0
2024-07-10 12:21:00-04:00,61.30500030517578,61.30500030517578,61.279998779296875,61.279998779296875,2054,0.0,0.0,0.0
2024-07-10 12:22:00-04:00,61.290000915527344,61.290000915527344,61.28499984741211,61.290000915527344,1534,0.0,0.0,0.0
2024-07-10 12:23:00-04:00,61.279998779296875,61.279998779296875,61.27000045776367,61.279998779296875,1876,0.0,0.0,0.0
2024-07-10 12:24:00-04:00,61.279998779296875,61.29999923706055,61.279998779296875,61.29999923706055,969,0.0,0.0,0.0
2024-07-10 12:25:00-04:00,61.310001373291016,61.310001373291016,61.279998779296875,61.28499984741211,2195,0.0,0.0,0.0
2024-07-10 12:26:00-04:00,61.279998779296875,61.290000915527344,61.27000045776367,61.290000915527344,1748,0.0,0.0,0.0
2024-07-10 12:27:00-04:00,61.290000915527344,61.290000915527344,61.2599983215332,61.2599983215332,3354,0.0,0.0,0.0
2024-07-10 12:28:00-04:00,61.27000045776367,61.275001525878906,61.27000045776367,61.275001525878906,506,0.0,0.0,0.0
2024-07-10 12:29:00-04:00,61.279998779296875,61.290000915527344,61.279998779296875,61.290000915527344,2077,0.0,0.0,0.0
2024-07-10 12:30:00-04:00,61.28499984741211,61.28499984741211,61.25,61.2599983215332,6583,0.0,0.0,0.0
2024-07-10 12:31:00-04:00,61.275001525878906,61.290000915527344,61.275001525878906,61.28499984741211,1422,0.0,0.0,0.0
2024-07-10 12:32:00-04:00,61.28499984741211,61.28499984741211,61.27000045776367,61.27000045776367,754,0.0,0.0,0.0
2024-07-10 12:33:00-04:00,61.2599983215332,61.2599983215332,61.22999954223633,61.22999954223633,1672,0.0,0.0,0.0
2024-07-10 12:34:00-04:00,61.22999954223633,61.22999954223633,61.220001220703125,61.220001220703125,615,0.0,0.0,0.0
2024-07-10 12:35:00-04:00,61.220001220703125,61.23500061035156,61.209999084472656,61.22999954223633,2463,0.0,0.0,0.0
2024-07-10 12:36:00-04:00,61.2400016784668,61.2400016784668,61.209999084472656,61.209999084472656,1159,0.0,0.0,0.0
2024-07-10 12:37:00-04:00,61.20500183105469,61.20500183105469,61.189998626708984,61.189998626708984,962,0.0,0.0,0.0
2024-07-10 12:38:00-04:00,61.20000076293945,61.20989990234375,61.20000076293945,61.20989990234375,493,0.0,0.0,0.0
2024-07-10 12:39:00-04:00,61.209999084472656,61.209999084472656,61.189998626708984,61.189998626708984,1456,0.0,0.0,0.0
2024-07-10 12:40:00-04:00,61.209999084472656,61.209999084472656,61.18000030517578,61.209999084472656,3247,0.0,0.0,0.0
2024-07-10 12:41:00-04:00,61.220001220703125,61.220001220703125,61.20000076293945,61.20000076293945,653,0.0,0.0,0.0
2024-07-10 12:42:00-04:00,61.20000076293945,61.20500183105469,61.20000076293945,61.20500183105469,835,0.0,0.0,0.0
2024-07-10 12:43:00-04:00,61.20000076293945,61.20000076293945,61.165000915527344,61.165000915527344,4904,0.0,0.0,0.0
2024-07-10 12:44:00-04:00,61.165000915527344,61.185001373291016,61.15999984741211,61.185001373291016,1553,0.0,0.0,0.0
2024-07-10 12:45:00-04:00,61.190101623535156,61.20000076293945,61.189998626708984,61.189998626708984,2239,0.0,0.0,0.0
2024-07-10 12:46:00-04:00,61.189998626708984,61.21500015258789,61.189998626708984,61.21500015258789,1501,0.0,0.0,0.0
2024-07-10 12:47:00-04:00,61.220001220703125,61.22999954223633,61.220001220703125,61.220001220703125,585,0.0,0.0,0.0
2024-07-10 12:48:00-04:00,61.22999954223633,61.23500061035156,61.220001220703125,61.22999954223633,1010,0.0,0.0,0.0
2024-07-10 12:49:00-04:00,61.220001220703125,61.220001220703125,61.17499923706055,61.189998626708984,2022,0.0,0.0,0.0
2024-07-10 12:50:00-04:00,61.189998626708984,61.20500183105469,61.189998626708984,61.189998626708984,1570,0.0,0.0,0.0
2024-07-10 12:51:00-04:00,61.189998626708984,61.20000076293945,61.189998626708984,61.20000076293945,645,0.0,0.0,0.0
2024-07-10 12:52:00-04:00,61.20000076293945,61.20000076293945,61.189998626708984,61.189998626708984,1272,0.0,0.0,0.0
2024-07-10 12:53:00-04:00,61.20500183105469,61.20500183105469,61.19499969482422,61.19499969482422,1195,0.0,0.0,0.0
2024-07-10 12:54:00-04:00,61.189998626708984,61.20000076293945,61.165000915527344,61.165000915527344,3415,0.0,0.0,0.0
2024-07-10 12:55:00-04:00,61.18000030517578,61.18000030517578,61.15999984741211,61.165000915527344,5171,0.0,0.0,0.0
2024-07-10 12:56:00-04:00,61.16999816894531,61.18000030517578,61.16999816894531,61.18000030517578,692,0.0,0.0,0.0
2024-07-10 12:57:00-04:00,61.185001373291016,61.185001373291016,61.18000030517578,61.18000030517578,2559,0.0,0.0,0.0
2024-07-10 12:58:00-04:00,61.18000030517578,61.18000030517578,61.18000030517578,61.18000030517578,1001,0.0,0.0,0.0
2024-07-10 12:59:00-04:00,61.189998626708984,61.20500183105469,61.185001373291016,61.185001373291016,3995,0.0,0.0,0.0
2024-07-10 13:00:00-04:00,61.16999816894531,61.18000030517578,61.16999816894531,61.16999816894531,1251,0.0,0.0,0.0
2024-07-10 13:01:00-04:00,61.15999984741211,61.15999984741211,61.13999938964844,61.150001525878906,2425,0.0,0.0,0.0
2024-07-10 13:02:00-04:00,61.150001525878906,61.185001373291016,61.150001525878906,61.18000030517578,3733,0.0,0.0,0.0
2024-07-10 13:03:00-04:00,61.16999816894531,61.20000076293945,61.16999816894531,61.20000076293945,2667,0.0,0.0,0.0
2024-07-10 13:04:00-04:00,61.209999084472656,61.22999954223633,61.209999084472656,61.22999954223633,2358,0.0,0.0,0.0
2024-07-10 13:05:00-04:00,61.224998474121094,61.224998474121094,61.18000030517578,61.18000030517578,3567,0.0,0.0,0.0
2024-07-10 13:06:00-04:00,61.189998626708984,61.20000076293945,61.18000030517578,61.19499969482422,1552,0.0,0.0,0.0
2024-07-10 13:07:00-04:00,61.189998626708984,61.19499969482422,61.18000030517578,61.189998626708984,1885,0.0,0.0,0.0
2024-07-10 13:08:00-04:00,61.18000030517578,61.189998626708984,61.16999816894531,61.189998626708984,2394,0.0,0.0,0.0
2024-07-10 13:09:00-04:00,61.18000030517578,61.185001373291016,61.150001525878906,61.16999816894531,2684,0.0,0.0,0.0
2024-07-10 13:10:00-04:00,61.16999816894531,61.17499923706055,61.15999984741211,61.165000915527344,2413,0.0,0.0,0.0
2024-07-10 13:11:00-04:00,61.15999984741211,61.160099029541016,61.154998779296875,61.160099029541016,1616,0.0,0.0,0.0
2024-07-10 13:12:00-04:00,61.15999984741211,61.15999984741211,61.13999938964844,61.13999938964844,1980,0.0,0.0,0.0
2024-07-10 13:13:00-04:00,61.130001068115234,61.130001068115234,61.119998931884766,61.119998931884766,1180,0.0,0.0,0.0
2024-07-10 13:14:00-04:00,61.130001068115234,61.13999938964844,61.125,61.130001068115234,2003,0.0,0.0,0.0
2024-07-10 13:15:00-04:00,61.1349983215332,61.15999984741211,61.130001068115234,61.15449905395508,4724,0.0,0.0,0.0
2024-07-10 13:16:00-04:00,61.15999984741211,61.16999816894531,61.13999938964844,61.14500045776367,2764,0.0,0.0,0.0
2024-07-10 13:17:00-04:00,61.15999984741211,61.15999984741211,61.15999984741211,61.15999984741211,1443,0.0,0.0,0.0
2024-07-10 13:18:00-04:00,61.15999984741211,61.18000030517578,61.15999984741211,61.16999816894531,4044,0.0,0.0,0.0
2024-07-10 13:19:00-04:00,61.15999984741211,61.15999984741211,61.1349983215332,61.1349983215332,4833,0.0,0.0,0.0
2024-07-10 13:20:00-04:00,61.130001068115234,61.130001068115234,61.099998474121094,61.099998474121094,2260,0.0,0.0,0.0
2024-07-10 13:21:00-04:00,61.095001220703125,61.095001220703125,61.0,61.005001068115234,3168,0.0,0.0,0.0
2024-07-10 13:22:00-04:00,61.005001068115234,61.02000045776367,60.97999954223633,61.02000045776367,2518,0.0,0.0,0.0
2024-07-10 13:23:00-04:00,61.01499938964844,61.01499938964844,60.9900016784668,60.9900016784668,2430,0.0,0.0,0.0
2024-07-10 13:24:00-04:00,60.97999954223633,60.97999954223633,60.959999084472656,60.974998474121094,1706,0.0,0.0,0.0
2024-07-10 13:25:00-04:00,60.970001220703125,60.98500061035156,60.959999084472656,60.98500061035156,2119,0.0,0.0,0.0
2024-07-10 13:26:00-04:00,60.98500061035156,61.0099983215332,60.98500061035156,61.0099983215332,1844,0.0,0.0,0.0
2024-07-10 13:27:00-04:00,61.005001068115234,61.02000045776367,61.00170135498047,61.01499938964844,1834,0.0,0.0,0.0
2024-07-10 13:28:00-04:00,61.01499938964844,61.01499938964844,61.0,61.01499938964844,1814,0.0,0.0,0.0
2024-07-10 13:29:00-04:00,61.02000045776367,61.029998779296875,61.02000045776367,61.02000045776367,3123,0.0,0.0,0.0
2024-07-10 13:30:00-04:00,61.01499938964844,61.040000915527344,61.0099983215332,61.029998779296875,8784,0.0,0.0,0.0
2024-07-10 13:31:00-04:00,61.02000045776367,61.04999923706055,61.02000045776367,61.04999923706055,2669,0.0,0.0,0.0
2024-07-10 13:32:00-04:00,61.04999923706055,61.04999923706055,61.040000915527344,61.040000915527344,2199,0.0,0.0,0.0
2024-07-10 13:33:00-04:00,61.04999923706055,61.05500030517578,61.040000915527344,61.040000915527344,1142,0.0,0.0,0.0
2024-07-10 13:34:00-04:00,61.04999923706055,61.04999923706055,61.040000915527344,61.040000915527344,1358,0.0,0.0,0.0
2024-07-10 13:35:00-04:00,61.04499816894531,61.04499816894531,61.0099983215332,61.0099983215332,3015,0.0,0.0,0.0
2024-07-10 13:36:00-04:00,61.0099983215332,61.029998779296875,61.0099983215332,61.029998779296875,2835,0.0,0.0,0.0
2024-07-10 13:37:00-04:00,61.02000045776367,61.02000045776367,61.0,61.0,1562,0.0,0.0,0.0
2024-07-10 13:38:00-04:00,61.0,61.0099983215332,60.9900016784668,61.0099983215332,1625,0.0,0.0,0.0
2024-07-10 13:39:00-04:00,61.0099983215332,61.01499938964844,61.0099983215332,61.01499938964844,978,0.0,0.0,0.0
2024-07-10 13:40:00-04:00,61.01499938964844,61.01499938964844,61.005001068115234,61.0099983215332,3762,0.0,0.0,0.0
2024-07-10 13:41:00-04:00,60.9900016784668,61.0,60.97999954223633,61.0,4128,0.0,0.0,0.0
2024-07-10 13:42:00-04:00,60.994998931884766,61.0,60.994998931884766,60.994998931884766,1663,0.0,0.0,0.0
2024-07-10 13:43:00-04:00,60.9900016784668,60.9900016784668,60.95500183105469,60.96500015258789,3906,0.0,0.0,0.0
2024-07-10 13:44:00-04:00,60.959999084472656,60.970001220703125,60.939998626708984,60.970001220703125,2575,0.0,0.0,0.0
2024-07-10 13:45:00-04:00,60.970001220703125,60.974998474121094,60.96500015258789,60.96500015258789,926,0.0,0.0,0.0
2024-07-10 13:46:00-04:00,60.970001220703125,60.970001220703125,60.959999084472656,60.959999084472656,5883,0.0,0.0,0.0
2024-07-10 13:47:00-04:00,60.959999084472656,60.96849822998047,60.95500183105469,60.959999084472656,2003,0.0,0.0,0.0
2024-07-10 13:48:00-04:00,60.95500183105469,60.96500015258789,60.95500183105469,60.96500015258789,1793,0.0,0.0,0.0
2024-07-10 13:49:00-04:00,60.95500183105469,60.95500183105469,60.92499923706055,60.92499923706055,3084,0.0,0.0,0.0
2024-07-10 13:50:00-04:00,60.939998626708984,60.95000076293945,60.939998626708984,60.95000076293945,2819,0.0,0.0,0.0
2024-07-10 13:51:00-04:00,60.95000076293945,60.959999084472656,60.95000076293945,60.959999084472656,1253,0.0,0.0,0.0
2024-07-10 13:52:00-04:00,60.959999084472656,61.040000915527344,60.959999084472656,61.03499984741211,16657,0.0,0.0,0.0
2024-07-10 13:53:00-04:00,61.03499984741211,61.040000915527344,61.02000045776367,61.029998779296875,3759,0.0,0.0,0.0
2024-07-10 13:54:00-04:00,61.029998779296875,61.03499984741211,61.02000045776367,61.029998779296875,1824,0.0,0.0,0.0
2024-07-10 13:55:00-04:00,61.02000045776367,61.029998779296875,61.02000045776367,61.02000045776367,1166,0.0,0.0,0.0
2024-07-10 13:56:00-04:00,61.02000045776367,61.040000915527344,61.02000045776367,61.040000915527344,1991,0.0,0.0,0.0
2024-07-10 13:57:00-04:00,61.04999923706055,61.060001373291016,61.04999923706055,61.04999923706055,1399,0.0,0.0,0.0
2024-07-10 13:58:00-04:00,61.060001373291016,61.060001373291016,61.040000915527344,61.040000915527344,3504,0.0,0.0,0.0
2024-07-10 13:59:00-04:00,61.03499984741211,61.03499984741211,61.005001068115234,61.0099983215332,3887,0.0,0.0,0.0
2024-07-10 14:00:00-04:00,61.0099983215332,61.0099983215332,60.97309875488281,60.98500061035156,1720,0.0,0.0,0.0
2024-07-10 14:01:00-04:00,60.9900016784668,60.994998931884766,60.9900016784668,60.994998931884766,384,0.0,0.0,0.0
2024-07-10 14:02:00-04:00,61.0,61.0099983215332,60.9900016784668,61.0,2739,0.0,0.0,0.0
2024-07-10 14:03:00-04:00,60.994998931884766,60.994998931884766,60.970001220703125,60.970001220703125,2063,0.0,0.0,0.0
2024-07-10 14:04:00-04:00,60.959999084472656,60.959999084472656,60.95000076293945,60.95000076293945,1258,0.0,0.0,0.0
2024-07-10 14:05:00-04:00,60.939998626708984,60.94499969482422,60.939998626708984,60.939998626708984,784,0.0,0.0,0.0
2024-07-10 14:06:00-04:00,60.939998626708984,60.94499969482422,60.93000030517578,60.94499969482422,1961,0.0,0.0,0.0
2024-07-10 14:07:00-04:00,60.94499969482422,60.94499969482422,60.939998626708984,60.939998626708984,1117,0.0,0.0,0.0
2024-07-10 14:08:00-04:00,60.939998626708984,60.95000076293945,60.939998626708984,60.939998626708984,2752,0.0,0.0,0.0
2024-07-10 14:09:00-04:00,60.939998626708984,60.939998626708984,60.915000915527344,60.92499923706055,2708,0.0,0.0,0.0
2024-07-10 14:10:00-04:00,60.90999984741211,60.90999984741211,60.900001525878906,60.900001525878906,1447,0.0,0.0,0.0
2024-07-10 14:11:00-04:00,60.90999984741211,60.915000915527344,60.90999984741211,60.915000915527344,1323,0.0,0.0,0.0
2024-07-10 14:12:00-04:00,60.915000915527344,60.91999816894531,60.915000915527344,60.91999816894531,1657,0.0,0.0,0.0
2024-07-10 14:13:00-04:00,60.93000030517578,60.95500183105469,60.93000030517578,60.95500183105469,2286,0.0,0.0,0.0
2024-07-10 14:14:00-04:00,60.95000076293945,60.95500183105469,60.939998626708984,60.94499969482422,1962,0.0,0.0,0.0
2024-07-10 14:15:00-04:00,60.94499969482422,60.959999084472656,60.939998626708984,60.95500183105469,1447,0.0,0.0,0.0
2024-07-10 14:16:00-04:00,60.959999084472656,60.96500015258789,60.95000076293945,60.959999084472656,3271,0.0,0.0,0.0
2024-07-10 14:17:00-04:00,60.959999084472656,60.96500015258789,60.95000076293945,60.95500183105469,2608,0.0,0.0,0.0
2024-07-10 14:18:00-04:00,60.95500183105469,60.95500183105469,60.94200134277344,60.95500183105469,2009,0.0,0.0,0.0
2024-07-10 14:19:00-04:00,60.959999084472656,60.974998474121094,60.959999084472656,60.970001220703125,3178,0.0,0.0,0.0
2024-07-10 14:20:00-04:00,60.974998474121094,60.974998474121094,60.95500183105469,60.95500183105469,3939,0.0,0.0,0.0
2024-07-10 14:21:00-04:00,60.970001220703125,60.994998931884766,60.96500015258789,60.994998931884766,2799,0.0,0.0,0.0
2024-07-10 14:22:00-04:00,61.0,61.005001068115234,61.0,61.005001068115234,1088,0.0,0.0,0.0
2024-07-10 14:23:00-04:00,61.0,61.0099983215332,60.970001220703125,60.970001220703125,3240,0.0,0.0,0.0
2024-07-10 14:24:00-04:00,60.98500061035156,60.98500061035156,60.974998474121094,60.974998474121094,983,0.0,0.0,0.0
2024-07-10 14:25:00-04:00,60.970001220703125,61.0,60.970001220703125,61.0,3645,0.0,0.0,0.0
2024-07-10 14:26:00-04:00,60.9900016784668,60.994998931884766,60.98500061035156,60.994998931884766,982,0.0,0.0,0.0
2024-07-10 14:27:00-04:00,60.994998931884766,61.02000045776367,60.994998931884766,61.02000045776367,2813,0.0,0.0,0.0
2024-07-10 14:28:00-04:00,61.025001525878906,61.025001525878906,61.0,61.01499938964844,2184,0.0,0.0,0.0
2024-07-10 14:29:00-04:00,61.0099983215332,61.01499938964844,61.0,61.0099983215332,2371,0.0,0.0,0.0
2024-07-10 14:30:00-04:00,61.0,61.0,60.98500061035156,60.9900016784668,2183,0.0,0.0,0.0
2024-07-10 14:31:00-04:00,60.97999954223633,60.98500061035156,60.970001220703125,60.98500061035156,1495,0.0,0.0,0.0
2024-07-10 14:32:00-04:00,60.9900016784668,60.99620056152344,60.970001220703125,60.994998931884766,23354,0.0,0.0,0.0
2024-07-10 14:33:00-04:00,60.997501373291016,61.0099983215332,60.97999954223633,61.0099983215332,4592,0.0,0.0,0.0
2024-07-10 14:34:00-04:00,61.01499938964844,61.029998779296875,61.01499938964844,61.02949905395508,1535,0.0,0.0,0.0
2024-07-10 14:35:00-04:00,61.025001525878906,61.025001525878906,61.025001525878906,61.025001525878906,777,0.0,0.0,0.0
2024-07-10 14:36:00-04:00,61.025001525878906,61.025001525878906,61.02000045776367,61.02000045776367,1822,0.0,0.0,0.0
2024-07-10 14:37:00-04:00,61.029998779296875,61.040000915527344,61.029998779296875,61.040000915527344,1415,0.0,0.0,0.0
2024-07-10 14:38:00-04:00,61.04999923706055,61.05500030517578,61.04499816894531,61.05500030517578,2271,0.0,0.0,0.0
2024-07-10 14:39:00-04:00,61.060001373291016,61.060001373291016,61.029998779296875,61.029998779296875,1924,0.0,0.0,0.0
2024-07-10 14:40:00-04:00,61.03499984741211,61.040000915527344,61.029998779296875,61.040000915527344,1777,0.0,0.0,0.0
2024-07-10 14:41:00-04:00,61.03630065917969,61.03630065917969,61.029998779296875,61.029998779296875,1169,0.0,0.0,0.0
2024-07-10 14:42:00-04:00,61.02000045776367,61.02000045776367,61.02000045776367,61.02000045776367,1201,0.0,0.0,0.0
2024-07-10 14:43:00-04:00,61.02000045776367,61.02000045776367,61.02000045776367,61.02000045776367,743,0.0,0.0,0.0
2024-07-10 14:44:00-04:00,61.01499938964844,61.03499984741211,61.01499938964844,61.03499984741211,4182,0.0,0.0,0.0
2024-07-10 14:45:00-04:00,61.03499984741211,61.04499816894531,61.03499984741211,61.040000915527344,1841,0.0,0.0,0.0
2024-07-10 14:46:00-04:00,61.060001373291016,61.060001373291016,61.029998779296875,61.060001373291016,2278,0.0,0.0,0.0
2024-07-10 14:47:00-04:00,61.08000183105469,61.08000183105469,61.08000183105469,61.08000183105469,3640,0.0,0.0,0.0
2024-07-10 14:48:00-04:00,61.084999084472656,61.084999084472656,61.06999969482422,61.07500076293945,3038,0.0,0.0,0.0
2024-07-10 14:49:00-04:00,61.06999969482422,61.07500076293945,61.04999923706055,61.060001373291016,2809,0.0,0.0,0.0
2024-07-10 14:50:00-04:00,61.084999084472656,61.084999084472656,61.064998626708984,61.084999084472656,1130,0.0,0.0,0.0
2024-07-10 14:51:00-04:00,61.09000015258789,61.095001220703125,61.08000183105469,61.084999084472656,2426,0.0,0.0,0.0
2024-07-10 14:52:00-04:00,61.08000183105469,61.080101013183594,61.060001373291016,61.060001373291016,1669,0.0,0.0,0.0
2024-07-10 14:53:00-04:00,61.060001373291016,61.064998626708984,61.060001373291016,61.064998626708984,243,0.0,0.0,0.0
2024-07-10 14:54:00-04:00,61.06999969482422,61.099998474121094,61.06999969482422,61.09000015258789,3670,0.0,0.0,0.0
2024-07-10 14:55:00-04:00,61.09000015258789,61.099998474121094,61.09000015258789,61.099998474121094,1189,0.0,0.0,0.0
2024-07-10 14:56:00-04:00,61.10499954223633,61.10499954223633,61.084999084472656,61.084999084472656,1829,0.0,0.0,0.0
2024-07-10 14:57:00-04:00,61.084999084472656,61.084999084472656,61.064998626708984,61.06999969482422,659,0.0,0.0,0.0
2024-07-10 14:58:00-04:00,61.06999969482422,61.08000183105469,61.06999969482422,61.08000183105469,7238,0.0,0.0,0.0
2024-07-10 14:59:00-04:00,61.08000183105469,61.084999084472656,61.06999969482422,61.06999969482422,3439,0.0,0.0,0.0
2024-07-10 15:00:00-04:00,61.06999969482422,61.06999969482422,61.005001068115234,61.0099983215332,5089,0.0,0.0,0.0
2024-07-10 15:01:00-04:00,61.0,61.025001525878906,61.0,61.02000045776367,4800,0.0,0.0,0.0
2024-07-10 15:02:00-04:00,61.02000045776367,61.03499984741211,61.02000045776367,61.029998779296875,1688,0.0,0.0,0.0
2024-07-10 15:03:00-04:00,61.029998779296875,61.04499816894531,61.025001525878906,61.040000915527344,1904,0.0,0.0,0.0
2024-07-10 15:04:00-04:00,61.040000915527344,61.040000915527344,61.040000915527344,61.040000915527344,421,0.0,0.0,0.0
2024-07-10 15:05:00-04:00,61.02000045776367,61.040000915527344,61.02000045776367,61.02000045776367,1186,0.0,0.0,0.0
2024-07-10 15:06:00-04:00,61.029998779296875,61.029998779296875,61.02000045776367,61.02000045776367,3022,0.0,0.0,0.0
2024-07-10 15:07:00-04:00,61.02000045776367,61.03499984741211,61.02000045776367,61.03499984741211,1618,0.0,0.0,0.0
2024-07-10 15:08:00-04:00,61.040000915527344,61.040000915527344,61.040000915527344,61.040000915527344,884,0.0,0.0,0.0
2024-07-10 15:09:00-04:00,61.029998779296875,61.04999923706055,61.029998779296875,61.04999923706055,5187,0.0,0.0,0.0
2024-07-10 15:10:00-04:00,61.060001373291016,61.06999969482422,61.05500030517578,61.06999969482422,1726,0.0,0.0,0.0
2024-07-10 15:11:00-04:00,61.06999969482422,61.07500076293945,61.064998626708984,61.064998626708984,2090,0.0,0.0,0.0
2024-07-10 15:12:00-04:00,61.06999969482422,61.06999969482422,61.04999923706055,61.04999923706055,9576,0.0,0.0,0.0
2024-07-10 15:13:00-04:00,61.040000915527344,61.04999923706055,61.040000915527344,61.040000915527344,13185,0.0,0.0,0.0
2024-07-10 15:14:00-04:00,61.04499816894531,61.05500030517578,61.04499816894531,61.04999923706055,2867,0.0,0.0,0.0
2024-07-10 15:15:00-04:00,61.04499816894531,61.04999923706055,61.040000915527344,61.04999923706055,867,0.0,0.0,0.0
2024-07-10 15:16:00-04:00,61.04999923706055,61.07500076293945,61.04999923706055,61.07500076293945,987400,0.0,0.0,0.0
2024-07-10 15:17:00-04:00,61.06999969482422,61.084999084472656,61.06999969482422,61.08000183105469,4558,0.0,0.0,0.0
2024-07-10 15:18:00-04:00,61.084999084472656,61.084999084472656,61.06999969482422,61.07500076293945,1605,0.0,0.0,0.0
2024-07-10 15:19:00-04:00,61.08000183105469,61.09000015258789,61.06999969482422,61.084999084472656,8889,0.0,0.0,0.0
2024-07-10 15:20:00-04:00,61.09000015258789,61.095001220703125,61.084999084472656,61.09000015258789,2567,0.0,0.0,0.0
2024-07-10 15:21:00-04:00,61.09000015258789,61.1150016784668,61.09000015258789,61.09000015258789,4935,0.0,0.0,0.0
2024-07-10 15:22:00-04:00,61.099998474121094,61.109901428222656,61.09000015258789,61.09000015258789,1157,0.0,0.0,0.0
2024-07-10 15:23:00-04:00,61.095001220703125,61.099998474121094,61.09000015258789,61.099998474121094,3498,0.0,0.0,0.0
2024-07-10 15:24:00-04:00,61.09000015258789,61.09000015258789,61.09000015258789,61.09000015258789,1679,0.0,0.0,0.0
2024-07-10 15:25:00-04:00,61.099998474121094,61.099998474121094,61.09000015258789,61.09000015258789,440,0.0,0.0,0.0
2024-07-10 15:26:00-04:00,61.09000015258789,61.095001220703125,61.09000015258789,61.09000015258789,2675,0.0,0.0,0.0
2024-07-10 15:27:00-04:00,61.099998474121094,61.11800003051758,61.099998474121094,61.11800003051758,1004,0.0,0.0,0.0
2024-07-10 15:28:00-04:00,61.119998931884766,61.130001068115234,61.119998931884766,61.130001068115234,999,0.0,0.0,0.0
2024-07-10 15:29:00-04:00,61.1349983215332,61.1349983215332,61.10499954223633,61.11000061035156,4350,0.0,0.0,0.0
2024-07-10 15:30:00-04:00,61.125,61.13999938964844,61.11000061035156,61.11000061035156,2312,0.0,0.0,0.0
2024-07-10 15:31:00-04:00,61.11000061035156,61.130001068115234,61.09000015258789,61.130001068115234,6455,0.0,0.0,0.0
2024-07-10 15:32:00-04:00,61.130001068115234,61.165000915527344,61.130001068115234,61.15999984741211,2904,0.0,0.0,0.0
2024-07-10 15:33:00-04:00,61.150001525878906,61.15999984741211,61.14500045776367,61.14500045776367,8430,0.0,0.0,0.0
2024-07-10 15:34:00-04:00,61.130001068115234,61.130001068115234,61.11000061035156,61.11000061035156,1438,0.0,0.0,0.0
2024-07-10 15:35:00-04:00,61.1150016784668,61.1150016784668,61.09000015258789,61.09000015258789,5196,0.0,0.0,0.0
2024-07-10 15:36:00-04:00,61.084999084472656,61.084999084472656,61.07440185546875,61.084999084472656,2017,0.0,0.0,0.0
2024-07-10 15:37:00-04:00,61.09000015258789,61.10499954223633,61.09000015258789,61.104000091552734,4633,0.0,0.0,0.0
2024-07-10 15:38:00-04:00,61.09000015258789,61.11000061035156,61.09000015258789,61.09000015258789,6050,0.0,0.0,0.0
2024-07-10 15:39:00-04:00,61.09000015258789,61.125,61.09000015258789,61.125,2884,0.0,0.0,0.0
2024-07-10 15:40:00-04:00,61.130001068115234,61.15999984741211,61.130001068115234,61.13999938964844,4224,0.0,0.0,0.0
2024-07-10 15:41:00-04:00,61.13999938964844,61.13999938964844,61.119998931884766,61.130001068115234,2447,0.0,0.0,0.0
2024-07-10 15:42:00-04:00,61.130001068115234,61.150001525878906,61.130001068115234,61.150001525878906,2868,0.0,0.0,0.0
2024-07-10 15:43:00-04:00,61.140098571777344,61.14500045776367,61.1349983215332,61.13999938964844,4687,0.0,0.0,0.0
2024-07-10 15:44:00-04:00,61.130001068115234,61.1349983215332,61.11000061035156,61.119998931884766,4877,0.0,0.0,0.0
2024-07-10 15:45:00-04:00,61.119998931884766,61.154998779296875,61.119998931884766,61.154998779296875,3142,0.0,0.0,0.0
2024-07-10 15:46:00-04:00,61.159000396728516,61.16999816894531,61.150001525878906,61.150001525878906,6226,0.0,0.0,0.0
2024-07-10 15:47:00-04:00,61.154998779296875,61.154998779296875,61.130001068115234,61.1349983215332,10993,0.0,0.0,0.0
2024-07-10 15:48:00-04:00,61.13999938964844,61.165000915527344,61.13999938964844,61.154998779296875,12551,0.0,0.0,0.0
2024-07-10 15:49:00-04:00,61.150001525878906,61.154998779296875,61.150001525878906,61.154998779296875,1976,0.0,0.0,0.0
2024-07-10 15:50:00-04:00,61.150001525878906,61.20000076293945,61.14500045776367,61.20000076293945,8310,0.0,0.0,0.0
2024-07-10 15:51:00-04:00,61.20500183105469,61.22999954223633,61.20000076293945,61.209999084472656,10233,0.0,0.0,0.0
2024-07-10 15:52:00-04:00,61.220001220703125,61.2599983215332,61.21500015258789,61.2599983215332,4547,0.0,0.0,0.0
2024-07-10 15:53:00-04:00,61.26499938964844,61.279998779296875,61.26499938964844,61.27000045776367,3389,0.0,0.0,0.0
2024-07-10 15:54:00-04:00,61.275001525878906,61.279998779296875,61.25,61.2599983215332,7721,0.0,0.0,0.0
2024-07-10 15:55:00-04:00,61.25,61.26499938964844,61.2400016784668,61.26499938964844,9797,0.0,0.0,0.0
2024-07-10 15:56:00-04:00,61.27000045776367,61.275001525878906,61.25,61.25,12524,0.0,0.0,0.0
2024-07-10 15:57:00-04:00,61.2400016784668,61.2599983215332,61.2400016784668,61.2599983215332,16753,0.0,0.0,0.0
2024-07-10 15:58:00-04:00,61.26499938964844,61.26499938964844,61.23500061035156,61.25,23613,0.0,0.0,0.0
2024-07-10 15:59:00-04:00,61.244998931884766,61.244998931884766,61.209999084472656,61.220001220703125,16091,0.0,0.0,0.0
2024-07-11 09:30:00-04:00,62.31999969482422,62.46200180053711,62.279998779296875,62.31999969482422,24622,0.0,0.0,0.0
2024-07-11 09:31:00-04:00,62.38999938964844,62.4900016784668,62.34000015258789,62.400001525878906,52609,0.0,0.0,0.0
2024-07-11 09:32:00-04:00,62.310001373291016,62.380001068115234,62.310001373291016,62.380001068115234,8353,0.0,0.0,0.0
2024-07-11 09:33:00-04:00,62.38999938964844,62.400001525878906,62.31999969482422,62.33000183105469,3549,0.0,0.0,0.0
2024-07-11 09:34:00-04:00,62.349998474121094,62.3849983215332,62.22999954223633,62.27000045776367,15810,0.0,0.0,0.0
2024-07-11 09:35:00-04:00,62.290000915527344,62.29999923706055,62.22999954223633,62.2400016784668,5110,0.0,0.0,0.0
2024-07-11 09:36:00-04:00,62.210201263427734,62.22999954223633,62.13999938964844,62.150001525878906,5857,0.0,0.0,0.0
2024-07-11 09:37:00-04:00,62.150001525878906,62.150001525878906,62.060001373291016,62.06999969482422,19021,0.0,0.0,0.0
2024-07-11 09:38:00-04:00,62.08000183105469,62.08000183105469,61.9900016784668,62.03499984741211,4467,0.0,0.0,0.0
2024-07-11 09:39:00-04:00,62.040000915527344,62.040000915527344,62.0,62.040000915527344,5295,0.0,0.0,0.0
2024-07-11 09:40:00-04:00,62.04999923706055,62.04999923706055,62.0099983215332,62.0099983215332,710,0.0,0.0,0.0
2024-07-11 09:41:00-04:00,61.939998626708984,62.0,61.939998626708984,61.95000076293945,8611,0.0,0.0,0.0
2024-07-11 09:42:00-04:00,61.939998626708984,61.95000076293945,61.83000183105469,61.84000015258789,8960,0.0,0.0,0.0
2024-07-11 09:43:00-04:00,61.81999969482422,61.90999984741211,61.7599983215332,61.90999984741211,14195,0.0,0.0,0.0
2024-07-11 09:44:00-04:00,61.90999984741211,61.939998626708984,61.869998931884766,61.90999984741211,4880,0.0,0.0,0.0
2024-07-11 09:45:00-04:00,61.900001525878906,61.900001525878906,61.75,61.779998779296875,2117,0.0,0.0,0.0
2024-07-11 09:46:00-04:00,61.77000045776367,61.77000045776367,61.720001220703125,61.75,2991,0.0,0.0,0.0
2024-07-11 09:47:00-04:00,61.72999954223633,61.78010177612305,61.72999954223633,61.77000045776367,2393,0.0,0.0,0.0
2024-07-11 09:48:00-04:00,61.78499984741211,61.84000015258789,61.72999954223633,61.84000015258789,6613,0.0,0.0,0.0
2024-07-11 09:49:00-04:00,61.849998474121094,61.849998474121094,61.75,61.75,4916,0.0,0.0,0.0
2024-07-11 09:50:00-04:00,61.7400016784668,61.75,61.68000030517578,61.709999084472656,7397,0.0,0.0,0.0
2024-07-11 09:51:00-04:00,61.70000076293945,61.78499984741211,61.689998626708984,61.77000045776367,5877,0.0,0.0,0.0
2024-07-11 09:52:00-04:00,61.779998779296875,61.83000183105469,61.779998779296875,61.810001373291016,7248,0.0,0.0,0.0
2024-07-11 09:53:00-04:00,61.810001373291016,61.84000015258789,61.77000045776367,61.79999923706055,1635,0.0,0.0,0.0
2024-07-11 09:54:00-04:00,61.77000045776367,61.77000045776367,61.689998626708984,61.70000076293945,6434,0.0,0.0,0.0
2024-07-11 09:55:00-04:00,61.689998626708984,61.709999084472656,61.650001525878906,61.70000076293945,5328,0.0,0.0,0.0
2024-07-11 09:56:00-04:00,61.68000030517578,61.72999954223633,61.68000030517578,61.70000076293945,4930,0.0,0.0,0.0
2024-07-11 09:57:00-04:00,61.720001220703125,61.76499938964844,61.720001220703125,61.75,1907,0.0,0.0,0.0
2024-07-11 09:58:00-04:00,61.779998779296875,61.779998779296875,61.779998779296875,61.779998779296875,3296,0.0,0.0,0.0
2024-07-11 09:59:00-04:00,61.75,61.79999923706055,61.75,61.75,3604,0.0,0.0,0.0
2024-07-11 10:00:00-04:00,61.779998779296875,61.8849983215332,61.779998779296875,61.8849983215332,1558,0.0,0.0,0.0
2024-07-11 10:01:00-04:00,61.849998474121094,61.93000030517578,61.83000183105469,61.93000030517578,2525,0.0,0.0,0.0
2024-07-11 10:02:00-04:00,61.95000076293945,61.970001220703125,61.935001373291016,61.939998626708984,2610,0.0,0.0,0.0
2024-07-11 10:03:00-04:00,61.95000076293945,61.95000076293945,61.90999984741211,61.95000076293945,1517,0.0,0.0,0.0
2024-07-11 10:04:00-04:00,61.95500183105469,61.970001220703125,61.939998626708984,61.970001220703125,16548,0.0,0.0,0.0
2024-07-11 10:05:00-04:00,61.970001220703125,62.0,61.970001220703125,62.0,5569,0.0,0.0,0.0
2024-07-11 10:06:00-04:00,62.02000045776367,62.040000915527344,62.0,62.0,2374,0.0,0.0,0.0
2024-07-11 10:07:00-04:00,62.0,62.04999923706055,61.994998931884766,62.03630065917969,4260,0.0,0.0,0.0
2024-07-11 10:08:00-04:00,62.040000915527344,62.09000015258789,62.040000915527344,62.09000015258789,4869,0.0,0.0,0.0
2024-07-11 10:09:00-04:00,62.099998474121094,62.13999938964844,62.09000015258789,62.13999938964844,6356,0.0,0.0,0.0
2024-07-11 10:10:00-04:00,62.150001525878906,62.20000076293945,62.125,62.125,8006,0.0,0.0,0.0
2024-07-11 10:11:00-04:00,62.130001068115234,62.189998626708984,62.130001068115234,62.189998626708984,3837,0.0,0.0,0.0
2024-07-11 10:12:00-04:00,62.189998626708984,62.189998626708984,62.13999938964844,62.13999938964844,2192,0.0,0.0,0.0
2024-07-11 10:13:00-04:00,62.150001525878906,62.16999816894531,62.119998931884766,62.13999938964844,29761,0.0,0.0,0.0
2024-07-11 10:14:00-04:00,62.14899826049805,62.21500015258789,62.13999938964844,62.209999084472656,19249,0.0,0.0,0.0
2024-07-11 10:15:00-04:00,62.209999084472656,62.220001220703125,62.130001068115234,62.1349983215332,11142,0.0,0.0,0.0
2024-07-11 10:16:00-04:00,62.13999938964844,62.189998626708984,62.130001068115234,62.13999938964844,3169,0.0,0.0,0.0
2024-07-11 10:17:00-04:00,62.13999938964844,62.20000076293945,62.13999938964844,62.189998626708984,2041,0.0,0.0,0.0
2024-07-11 10:18:00-04:00,62.16999816894531,62.185001373291016,62.060001373291016,62.09000015258789,6184,0.0,0.0,0.0
2024-07-11 10:19:00-04:00,62.09000015258789,62.150001525878906,62.01499938964844,62.099998474121094,5876,0.0,0.0,0.0
2024-07-11 10:20:00-04:00,62.099998474121094,62.10499954223633,62.06999969482422,62.099998474121094,2429,0.0,0.0,0.0
2024-07-11 10:21:00-04:00,62.11000061035156,62.130001068115234,62.06999969482422,62.06999969482422,2951,0.0,0.0,0.0
2024-07-11 10:22:00-04:00,62.084999084472656,62.15999984741211,62.084999084472656,62.150001525878906,2850,0.0,0.0,0.0
2024-07-11 10:23:00-04:00,62.25,62.25,62.15999984741211,62.25,3021,0.0,0.0,0.0
2024-07-11 10:24:00-04:00,62.2400016784668,62.2400016784668,62.18000030517578,62.18000030517578,3059,0.0,0.0,0.0
2024-07-11 10:25:00-04:00,62.15999984741211,62.2400016784668,62.15999984741211,62.2400016784668,2163,0.0,0.0,0.0
2024-07-11 10:26:00-04:00,62.25,62.29999923706055,62.2400016784668,62.29999923706055,3691,0.0,0.0,0.0
2024-07-11 10:27:00-04:00,62.29999923706055,62.29999923706055,62.220001220703125,62.22999954223633,3373,0.0,0.0,0.0
2024-07-11 10:28:00-04:00,62.23500061035156,62.275001525878906,62.23500061035156,62.2599983215332,2198,0.0,0.0,0.0
2024-07-11 10:29:00-04:00,62.27000045776367,62.279998779296875,62.2599983215332,62.2599983215332,1872,0.0,0.0,0.0
2024-07-11 10:30:00-04:00,62.2599983215332,62.31999969482422,62.224998474121094,62.31999969482422,6294,0.0,0.0,0.0
2024-07-11 10:31:00-04:00,62.33000183105469,62.369998931884766,62.29999923706055,62.35499954223633,7666,0.0,0.0,0.0
2024-07-11 10:32:00-04:00,62.369998931884766,62.43000030517578,62.369998931884766,62.41999816894531,2292,0.0,0.0,0.0
2024-07-11 10:33:00-04:00,62.43000030517578,62.43000030517578,62.31999969482422,62.33000183105469,5856,0.0,0.0,0.0
2024-07-11 10:34:00-04:00,62.31999969482422,62.31999969482422,62.26499938964844,62.26499938964844,4598,0.0,0.0,0.0
2024-07-11 10:35:00-04:00,62.2599983215332,62.2599983215332,62.189998626708984,62.20000076293945,3326,0.0,0.0,0.0
2024-07-11 10:36:00-04:00,62.21500015258789,62.23500061035156,62.189998626708984,62.22999954223633,3808,0.0,0.0,0.0
2024-07-11 10:37:00-04:00,62.25,62.31999969482422,62.2400016784668,62.310001373291016,3607,0.0,0.0,0.0
2024-07-11 10:38:00-04:00,62.29999923706055,62.31999969482422,62.29999923706055,62.31999969482422,920,0.0,0.0,0.0
2024-07-11 10:39:00-04:00,62.33000183105469,62.345001220703125,62.29999923706055,62.31999969482422,2149,0.0,0.0,0.0
2024-07-11 10:40:00-04:00,62.310001373291016,62.34000015258789,62.29999923706055,62.34000015258789,5817,0.0,0.0,0.0
2024-07-11 10:41:00-04:00,62.34000015258789,62.349998474121094,62.29999923706055,62.29999923706055,3041,0.0,0.0,0.0
2024-07-11 10:42:00-04:00,62.31999969482422,62.40999984741211,62.310001373291016,62.38999938964844,4421,0.0,0.0,0.0
2024-07-11 10:43:00-04:00,62.400001525878906,62.439998626708984,62.34000015258789,62.349998474121094,5660,0.0,0.0,0.0
2024-07-11 10:44:00-04:00,62.349998474121094,62.369998931884766,62.33000183105469,62.34000015258789,3314,0.0,0.0,0.0
2024-07-11 10:45:00-04:00,62.334999084472656,62.400001525878906,62.334999084472656,62.38999938964844,5676,0.0,0.0,0.0
2024-07-11 10:46:00-04:00,62.415000915527344,62.459999084472656,62.415000915527344,62.45000076293945,3039,0.0,0.0,0.0
2024-07-11 10:47:00-04:00,62.45000076293945,62.5,62.45000076293945,62.5,5611,0.0,0.0,0.0
2024-07-11 10:48:00-04:00,62.5099983215332,62.540000915527344,62.5099983215332,62.529998779296875,2121,0.0,0.0,0.0
2024-07-11 10:49:00-04:00,62.52000045776367,62.540000915527344,62.5,62.540000915527344,6127,0.0,0.0,0.0
2024-07-11 10:50:00-04:00,62.54999923706055,62.56010055541992,62.54999923706055,62.560001373291016,4675,0.0,0.0,0.0
2024-07-11 10:51:00-04:00,62.564998626708984,62.654998779296875,62.55500030517578,62.60499954223633,6498,0.0,0.0,0.0
2024-07-11 10:52:00-04:00,62.619998931884766,62.625,62.59000015258789,62.6150016784668,3984,0.0,0.0,0.0
2024-07-11 10:53:00-04:00,62.6150016784668,62.630001068115234,62.599998474121094,62.61000061035156,4361,0.0,0.0,0.0
2024-07-11 10:54:00-04:00,62.6150016784668,62.630001068115234,62.56999969482422,62.58000183105469,5071,0.0,0.0,0.0
2024-07-11 10:55:00-04:00,62.56999969482422,62.56999969482422,62.529998779296875,62.53499984741211,4663,0.0,0.0,0.0
2024-07-11 10:56:00-04:00,62.540000915527344,62.54999923706055,62.505001068115234,62.505001068115234,2591,0.0,0.0,0.0
2024-07-11 10:57:00-04:00,62.5,62.5,62.46500015258789,62.48500061035156,2233,0.0,0.0,0.0
2024-07-11 10:58:00-04:00,62.5,62.54999923706055,62.5,62.54999923706055,7216,0.0,0.0,0.0
2024-07-11 10:59:00-04:00,62.529998779296875,62.58000183105469,62.525001525878906,62.58000183105469,2854,0.0,0.0,0.0
2024-07-11 11:00:00-04:00,62.59000015258789,62.630001068115234,62.59000015258789,62.6150016784668,3834,0.0,0.0,0.0
2024-07-11 11:02:00-04:00,62.494998931884766,62.494998931884766,62.470001220703125,62.470001220703125,5906,0.0,0.0,0.0
2024-07-11 11:03:00-04:00,62.459999084472656,62.470001220703125,62.43000030517578,62.45000076293945,6834,0.0,0.0,0.0
2024-07-11 11:04:00-04:00,62.439998626708984,62.47999954223633,62.439998626708984,62.47999954223633,3714,0.0,0.0,0.0
2024-07-11 11:05:00-04:00,62.4900016784668,62.5099983215332,62.474998474121094,62.4900016784668,2258,0.0,0.0,0.0
2024-07-11 11:06:00-04:00,62.494998931884766,62.5099983215332,62.45000076293945,62.494998931884766,6775,0.0,0.0,0.0
2024-07-11 11:07:00-04:00,62.5099983215332,62.560001373291016,62.5099983215332,62.54499816894531,4562,0.0,0.0,0.0
2024-07-11 11:08:00-04:00,62.540000915527344,62.630001068115234,62.540000915527344,62.630001068115234,2406,0.0,0.0,0.0
2024-07-11 11:09:00-04:00,62.650001525878906,62.665000915527344,62.650001525878906,62.65999984741211,2406,0.0,0.0,0.0
2024-07-11 11:10:00-04:00,62.66999816894531,62.68000030517578,62.650001525878906,62.66999816894531,1915,0.0,0.0,0.0
2024-07-11 11:11:00-04:00,62.67499923706055,62.67499923706055,62.654998779296875,62.65999984741211,19607,0.0,0.0,0.0
2024-07-11 11:12:00-04:00,62.65999984741211,62.65999984741211,62.560001373291016,62.560001373291016,7100,0.0,0.0,0.0
2024-07-11 11:13:00-04:00,62.560001373291016,62.61000061035156,62.560001373291016,62.599998474121094,6763,0.0,0.0,0.0
2024-07-11 11:14:00-04:00,62.599998474121094,62.630001068115234,62.599998474121094,62.62099838256836,6431,0.0,0.0,0.0
2024-07-11 11:15:00-04:00,62.619998931884766,62.619998931884766,62.555198669433594,62.595001220703125,4911,0.0,0.0,0.0
2024-07-11 11:16:00-04:00,62.56999969482422,62.56999969482422,62.54999923706055,62.55500030517578,3514,0.0,0.0,0.0
2024-07-11 11:17:00-04:00,62.58000183105469,62.59000015258789,62.54999923706055,62.560001373291016,5162,0.0,0.0,0.0
2024-07-11 11:18:00-04:00,62.54999923706055,62.61000061035156,62.54499816894531,62.61000061035156,7184,0.0,0.0,0.0
2024-07-11 11:19:00-04:00,62.61000061035156,62.63130187988281,62.589900970458984,62.630001068115234,5379,0.0,0.0,0.0
2024-07-11 11:20:00-04:00,62.619998931884766,62.63999938964844,62.600101470947266,62.630001068115234,3735,0.0,0.0,0.0
2024-07-11 11:21:00-04:00,62.619998931884766,62.619998931884766,62.599998474121094,62.599998474121094,2063,0.0,0.0,0.0
2024-07-11 11:22:00-04:00,62.59000015258789,62.60499954223633,62.58000183105469,62.58000183105469,2716,0.0,0.0,0.0
2024-07-11 11:23:00-04:00,62.599998474121094,62.599998474121094,62.54999923706055,62.560001373291016,1214,0.0,0.0,0.0
2024-07-11 11:24:00-04:00,62.560001373291016,62.560001373291016,62.5,62.52000045776367,7943,0.0,0.0,0.0
2024-07-11 11:25:00-04:00,62.52000045776367,62.560001373291016,62.52000045776367,62.54499816894531,3455,0.0,0.0,0.0
2024-07-11 11:26:00-04:00,62.54499816894531,62.54499816894531,62.529998779296875,62.540000915527344,893,0.0,0.0,0.0
2024-07-11 11:27:00-04:00,62.560001373291016,62.56999969482422,62.529998779296875,62.529998779296875,1249,0.0,0.0,0.0
2024-07-11 11:28:00-04:00,62.52000045776367,62.52000045776367,62.47999954223633,62.47999954223633,4103,0.0,0.0,0.0
2024-07-11 11:29:00-04:00,62.494998931884766,62.52000045776367,62.494998931884766,62.5,1448,0.0,0.0,0.0
2024-07-11 11:30:00-04:00,62.5,62.53499984741211,62.494998931884766,62.53499984741211,2227,0.0,0.0,0.0
2024-07-11 11:31:00-04:00,62.529998779296875,62.54499816894531,62.5099983215332,62.529998779296875,17425,0.0,0.0,0.0
2024-07-11 11:32:00-04:00,62.54999923706055,62.54999923706055,62.51499938964844,62.54999923706055,1653,0.0,0.0,0.0
2024-07-11 11:33:00-04:00,62.560001373291016,62.58000183105469,62.55500030517578,62.55500030517578,2201,0.0,0.0,0.0
2024-07-11 11:34:00-04:00,62.540000915527344,62.540000915527344,62.5099983215332,62.52000045776367,2931,0.0,0.0,0.0
2024-07-11 11:35:00-04:00,62.51499938964844,62.52000045776367,62.5099983215332,62.5099983215332,4104,0.0,0.0,0.0
2024-07-11 11:36:00-04:00,62.5,62.52000045776367,62.47999954223633,62.52000045776367,5849,0.0,0.0,0.0
2024-07-11 11:37:00-04:00,62.529998779296875,62.564998626708984,62.52000045776367,62.564998626708984,2924,0.0,0.0,0.0
2024-07-11 11:38:00-04:00,62.564998626708984,62.564998626708984,62.540000915527344,62.54999923706055,2736,0.0,0.0,0.0
2024-07-11 11:39:00-04:00,62.540000915527344,62.560001373291016,62.53499984741211,62.560001373291016,2248,0.0,0.0,0.0
2024-07-11 11:40:00-04:00,62.56999969482422,62.57500076293945,62.52000045776367,62.52000045776367,6708,0.0,0.0,0.0
2024-07-11 11:41:00-04:00,62.5099983215332,62.5099983215332,62.400001525878906,62.404998779296875,8810,0.0,0.0,0.0
2024-07-11 11:42:00-04:00,62.38999938964844,62.40999984741211,62.345001220703125,62.40999984741211,7156,0.0,0.0,0.0
2024-07-11 11:43:00-04:00,62.415000915527344,62.439998626708984,62.404998779296875,62.404998779296875,3677,0.0,0.0,0.0
2024-07-11 11:44:00-04:00,62.42499923706055,62.42499923706055,62.39400100708008,62.42499923706055,4694,0.0,0.0,0.0
2024-07-11 11:45:00-04:00,62.43000030517578,62.5099983215332,62.42499923706055,62.5099983215332,4437,0.0,0.0,0.0
2024-07-11 11:46:00-04:00,62.5099983215332,62.5099983215332,62.439998626708984,62.46500015258789,4284,0.0,0.0,0.0
2024-07-11 11:47:00-04:00,62.45500183105469,62.45500183105469,62.43000030517578,62.43000030517578,1560,0.0,0.0,0.0
2024-07-11 11:48:00-04:00,62.43000030517578,62.43000030517578,62.400001525878906,62.404998779296875,1356,0.0,0.0,0.0
2024-07-11 11:49:00-04:00,62.38999938964844,62.39500045776367,62.369998931884766,62.369998931884766,1314,0.0,0.0,0.0
2024-07-11 11:50:00-04:00,62.380001068115234,62.404998779296875,62.369998931884766,62.38999938964844,2897,0.0,0.0,0.0
2024-07-11 11:51:00-04:00,62.39500045776367,62.39500045776367,62.31999969482422,62.31999969482422,5548,0.0,0.0,0.0
2024-07-11 11:52:00-04:00,62.31999969482422,62.31999969482422,62.29999923706055,62.30500030517578,1608,0.0,0.0,0.0
2024-07-11 11:53:00-04:00,62.29999923706055,62.33000183105469,62.29999923706055,62.31999969482422,1251,0.0,0.0,0.0
2024-07-11 11:54:00-04:00,62.31999969482422,62.349998474121094,62.31999969482422,62.349998474121094,1953,0.0,0.0,0.0
2024-07-11 11:55:00-04:00,62.36000061035156,62.369998931884766,62.349998474121094,62.36000061035156,2216,0.0,0.0,0.0
2024-07-11 11:56:00-04:00,62.31330108642578,62.369998931884766,62.310001373291016,62.31330108642578,24539,0.0,0.0,0.0
2024-07-11 11:57:00-04:00,62.31999969482422,62.34000015258789,62.31999969482422,62.32500076293945,796,0.0,0.0,0.0
2024-07-11 11:58:00-04:00,62.33000183105469,62.33000183105469,62.29999923706055,62.29999923706055,2056,0.0,0.0,0.0
2024-07-11 11:59:00-04:00,62.290000915527344,62.290000915527344,62.25,62.255001068115234,2083,0.0,0.0,0.0
2024-07-11 12:00:00-04:00,62.2599983215332,62.2599983215332,62.20500183105469,62.209999084472656,2060,0.0,0.0,0.0
2024-07-11 12:01:00-04:00,62.224998474121094,62.22999954223633,62.220001220703125,62.224998474121094,1727,0.0,0.0,0.0
2024-07-11 12:02:00-04:00,62.209999084472656,62.22999954223633,62.19499969482422,62.209999084472656,2727,0.0,0.0,0.0
2024-07-11 12:03:00-04:00,62.20500183105469,62.22999954223633,62.20100021362305,62.22999954223633,2238,0.0,0.0,0.0
2024-07-11 12:04:00-04:00,62.224998474121094,62.22999954223633,62.20500183105469,62.20500183105469,1296,0.0,0.0,0.0
2024-07-11 12:05:00-04:00,62.209999084472656,62.209999084472656,62.189998626708984,62.20000076293945,2876,0.0,0.0,0.0
2024-07-11 12:06:00-04:00,62.220001220703125,62.23500061035156,62.220001220703125,62.220001220703125,1133,0.0,0.0,0.0
2024-07-11 12:07:00-04:00,62.224998474121094,62.279998779296875,62.209999084472656,62.275001525878906,2278,0.0,0.0,0.0
2024-07-11 12:08:00-04:00,62.279998779296875,62.3650016784668,62.25,62.3650016784668,3382,0.0,0.0,0.0
2024-07-11 12:09:00-04:00,62.369998931884766,62.41999816894531,62.369998931884766,62.400001525878906,32657,0.0,0.0,0.0
2024-07-11 12:10:00-04:00,62.40999984741211,62.43000030517578,62.400001525878906,62.43000030517578,3416,0.0,0.0,0.0
2024-07-11 12:11:00-04:00,62.38999938964844,62.40999984741211,62.38999938964844,62.38999938964844,1196,0.0,0.0,0.0
2024-07-11 12:12:00-04:00,62.400001525878906,62.41999816894531,62.38999938964844,62.41999816894531,1709,0.0,0.0,0.0
2024-07-11 12:13:00-04:00,62.404998779296875,62.415000915527344,62.38999938964844,62.38999938964844,1594,0.0,0.0,0.0
2024-07-11 12:14:00-04:00,62.39500045776367,62.42499923706055,62.39500045776367,62.42499923706055,1404,0.0,0.0,0.0
2024-07-11 12:15:00-04:00,62.42499923706055,62.42499923706055,62.380699157714844,62.380699157714844,2526,0.0,0.0,0.0
2024-07-11 12:16:00-04:00,62.459999084472656,62.459999084472656,62.380001068115234,62.459999084472656,1730,0.0,0.0,0.0
2024-07-11 12:17:00-04:00,62.41999816894531,62.439998626708984,62.415000915527344,62.41999816894531,1989,0.0,0.0,0.0
2024-07-11 12:18:00-04:00,62.439998626708984,62.45500183105469,62.42499923706055,62.42499923706055,769,0.0,0.0,0.0
2024-07-11 12:19:00-04:00,62.42499923706055,62.43000030517578,62.404998779296875,62.404998779296875,2684,0.0,0.0,0.0
2024-07-11 12:20:00-04:00,62.40999984741211,62.40999984741211,62.39500045776367,62.39500045776367,2937,0.0,0.0,0.0
2024-07-11 12:21:00-04:00,62.38999938964844,62.400001525878906,62.375,62.375,2341,0.0,0.0,0.0
2024-07-11 12:22:00-04:00,62.369998931884766,62.369998931884766,62.349998474121094,62.35309982299805,1628,0.0,0.0,0.0
2024-07-11 12:23:00-04:00,62.349998474121094,62.35499954223633,62.349998474121094,62.35499954223633,624,0.0,0.0,0.0
2024-07-11 12:24:00-04:00,62.349998474121094,62.36000061035156,62.32500076293945,62.36000061035156,2047,0.0,0.0,0.0
2024-07-11 12:25:00-04:00,62.3650016784668,62.369998931884766,62.36000061035156,62.369998931884766,1092,0.0,0.0,0.0
2024-07-11 12:26:00-04:00,62.3650016784668,62.375,62.358001708984375,62.36000061035156,1991,0.0,0.0,0.0
2024-07-11 12:27:00-04:00,62.36000061035156,62.369998931884766,62.36000061035156,62.36000061035156,437,0.0,0.0,0.0
2024-07-11 12:28:00-04:00,62.375,62.380001068115234,62.3650016784668,62.3650016784668,1836,0.0,0.0,0.0
2024-07-11 12:29:00-04:00,62.380001068115234,62.40999984741211,62.380001068115234,62.400001525878906,3085,0.0,0.0,0.0
2024-07-11 12:30:00-04:00,62.38999938964844,62.400001525878906,62.380001068115234,62.400001525878906,1319,0.0,0.0,0.0
2024-07-11 12:31:00-04:00,62.40999984741211,62.42499923706055,62.40999984741211,62.41999816894531,2547,0.0,0.0,0.0
2024-07-11 12:32:00-04:00,62.42499923706055,62.44499969482422,62.41999816894531,62.439998626708984,2705,0.0,0.0,0.0
2024-07-11 12:33:00-04:00,62.47999954223633,62.47999954223633,62.45000076293945,62.47999954223633,1516,0.0,0.0,0.0
2024-07-11 12:34:00-04:00,62.459999084472656,62.46500015258789,62.45000076293945,62.45000076293945,1530,0.0,0.0,0.0
2024-07-11 12:35:00-04:00,62.45000076293945,62.46500015258789,62.45000076293945,62.45000076293945,1557,0.0,0.0,0.0
2024-07-11 12:36:00-04:00,62.439998626708984,62.439998626708984,62.40999984741211,62.40999984741211,1184,0.0,0.0,0.0
2024-07-11 12:37:00-04:00,62.41999816894531,62.41999816894531,62.369998931884766,62.369998931884766,1308,0.0,0.0,0.0
2024-07-11 12:38:00-04:00,62.38999938964844,62.459999084472656,62.38999938964844,62.459999084472656,1284,0.0,0.0,0.0
2024-07-11 12:39:00-04:00,62.459999084472656,62.46500015258789,62.41999816894531,62.41999816894531,3223,0.0,0.0,0.0
2024-07-11 12:40:00-04:00,62.41999816894531,62.439998626708984,62.40999984741211,62.43000030517578,857,0.0,0.0,0.0
2024-07-11 12:41:00-04:00,62.439998626708984,62.439998626708984,62.435001373291016,62.435001373291016,263,0.0,0.0,0.0
2024-07-11 12:42:00-04:00,62.43000030517578,62.435001373291016,62.41999816894531,62.435001373291016,1525,0.0,0.0,0.0
2024-07-11 12:43:00-04:00,62.43000030517578,62.435001373291016,62.40999984741211,62.415000915527344,3309,0.0,0.0,0.0
2024-07-11 12:44:00-04:00,62.42499923706055,62.439998626708984,62.42499923706055,62.435001373291016,1345,0.0,0.0,0.0
2024-07-11 12:45:00-04:00,62.439998626708984,62.44499969482422,62.43370056152344,62.439998626708984,1888,0.0,0.0,0.0
2024-07-11 12:46:00-04:00,62.439998626708984,62.439998626708984,62.435001373291016,62.435001373291016,436,0.0,0.0,0.0
2024-07-11 12:47:00-04:00,62.43000030517578,62.43000030517578,62.3849983215332,62.38999938964844,4448,0.0,0.0,0.0
2024-07-11 12:48:00-04:00,62.380001068115234,62.3849983215332,62.380001068115234,62.380001068115234,421,0.0,0.0,0.0
2024-07-11 12:49:00-04:00,62.369998931884766,62.3849983215332,62.3650016784668,62.3849983215332,1934,0.0,0.0,0.0
2024-07-11 12:50:00-04:00,62.380001068115234,62.3849983215332,62.369998931884766,62.3849983215332,1137,0.0,0.0,0.0
2024-07-11 12:51:00-04:00,62.38999938964844,62.43000030517578,62.38999938964844,62.43000030517578,2504,0.0,0.0,0.0
2024-07-11 12:52:00-04:00,62.439998626708984,62.44499969482422,62.439998626708984,62.44499969482422,892,0.0,0.0,0.0
2024-07-11 12:53:00-04:00,62.44499969482422,62.44499969482422,62.38999938964844,62.400001525878906,3517,0.0,0.0,0.0
2024-07-11 12:54:00-04:00,62.40999984741211,62.47999954223633,62.40999984741211,62.47999954223633,2279,0.0,0.0,0.0
2024-07-11 12:55:00-04:00,62.47999954223633,62.525001525878906,62.47999954223633,62.525001525878906,1389,0.0,0.0,0.0
2024-07-11 12:56:00-04:00,62.529998779296875,62.53499984741211,62.5099983215332,62.5099983215332,1409,0.0,0.0,0.0
2024-07-11 12:57:00-04:00,62.51499938964844,62.540000915527344,62.5099983215332,62.540000915527344,5454,0.0,0.0,0.0
2024-07-11 12:58:00-04:00,62.529998779296875,62.540000915527344,62.529998779296875,62.529998779296875,1016,0.0,0.0,0.0
2024-07-11 12:59:00-04:00,62.53499984741211,62.540000915527344,62.5099983215332,62.5099983215332,2457,0.0,0.0,0.0
2024-07-11 13:00:00-04:00,62.5099983215332,62.5099983215332,62.5099983215332,62.5099983215332,339,0.0,0.0,0.0
2024-07-11 13:01:00-04:00,62.529998779296875,62.540000915527344,62.52000045776367,62.529998779296875,2349,0.0,0.0,0.0
2024-07-11 13:02:00-04:00,62.52000045776367,62.529998779296875,62.459999084472656,62.529998779296875,9620,0.0,0.0,0.0
2024-07-11 13:03:00-04:00,62.52000045776367,62.52000045776367,62.459999084472656,62.494998931884766,3551,0.0,0.0,0.0
2024-07-11 13:04:00-04:00,62.4900016784668,62.52000045776367,62.4900016784668,62.52000045776367,2502,0.0,0.0,0.0
2024-07-11 13:05:00-04:00,62.4900016784668,62.5099983215332,62.470001220703125,62.47999954223633,2509,0.0,0.0,0.0
2024-07-11 13:06:00-04:00,62.47999954223633,62.54499816894531,62.459999084472656,62.54499816894531,2231,0.0,0.0,0.0
2024-07-11 13:07:00-04:00,62.54999923706055,62.56999969482422,62.54999923706055,62.560001373291016,2311,0.0,0.0,0.0
2024-07-11 13:08:00-04:00,62.560001373291016,62.59000015258789,62.55500030517578,62.56999969482422,2051,0.0,0.0,0.0
2024-07-11 13:09:00-04:00,62.56999969482422,62.59000015258789,62.564998626708984,62.59000015258789,2030,0.0,0.0,0.0
2024-07-11 13:10:00-04:00,62.584999084472656,62.584999084472656,62.55500030517578,62.57500076293945,2994,0.0,0.0,0.0
2024-07-11 13:11:00-04:00,62.564998626708984,62.619998931884766,62.55500030517578,62.61050033569336,5624,0.0,0.0,0.0
2024-07-11 13:12:00-04:00,62.619998931884766,62.63999938964844,62.6150016784668,62.63999938964844,5054,0.0,0.0,0.0
2024-07-11 13:13:00-04:00,62.650001525878906,62.66999816894531,62.6349983215332,62.654998779296875,3411,0.0,0.0,0.0
2024-07-11 13:14:00-04:00,62.65999984741211,62.67499923706055,62.64500045776367,62.654998779296875,3376,0.0,0.0,0.0
2024-07-11 13:15:00-04:00,62.654998779296875,62.665000915527344,62.64500045776367,62.65999984741211,2030,0.0,0.0,0.0
2024-07-11 13:16:00-04:00,62.665000915527344,62.70000076293945,62.665000915527344,62.689998626708984,6350,0.0,0.0,0.0
2024-07-11 13:17:00-04:00,62.69499969482422,62.709999084472656,62.689998626708984,62.689998626708984,2944,0.0,0.0,0.0
2024-07-11 13:18:00-04:00,62.68000030517578,62.69499969482422,62.68000030517578,62.685001373291016,1567,0.0,0.0,0.0
2024-07-11 13:19:00-04:00,62.709999084472656,62.709999084472656,62.709999084472656,62.709999084472656,6136,0.0,0.0,0.0
2024-07-11 13:20:00-04:00,62.724998474121094,62.75,62.724998474121094,62.75,10775,0.0,0.0,0.0
2024-07-11 13:21:00-04:00,62.75,62.75,62.7400016784668,62.7400016784668,2175,0.0,0.0,0.0
2024-07-11 13:22:00-04:00,62.75,62.790000915527344,62.75,62.77000045776367,3635,0.0,0.0,0.0
2024-07-11 13:23:00-04:00,62.77000045776367,62.77000045776367,62.75,62.7599983215332,2326,0.0,0.0,0.0
2024-07-11 13:24:00-04:00,62.7400016784668,62.77000045776367,62.72999954223633,62.7599983215332,4647,0.0,0.0,0.0
2024-07-11 13:25:00-04:00,62.77000045776367,62.77000045776367,62.7400016784668,62.75,4374,0.0,0.0,0.0
2024-07-11 13:26:00-04:00,62.75,62.75,62.73500061035156,62.73500061035156,1172,0.0,0.0,0.0
2024-07-11 13:27:00-04:00,62.7599983215332,62.790000915527344,62.7599983215332,62.77000045776367,2658,0.0,0.0,0.0
2024-07-11 13:28:00-04:00,62.775001525878906,62.78990173339844,62.775001525878906,62.78990173339844,940,0.0,0.0,0.0
2024-07-11 13:29:00-04:00,62.78499984741211,62.790000915527344,62.78499984741211,62.790000915527344,1088,0.0,0.0,0.0
2024-07-11 13:30:00-04:00,62.790000915527344,62.790000915527344,62.76499938964844,62.77000045776367,5710,0.0,0.0,0.0
2024-07-11 13:31:00-04:00,62.779998779296875,62.779998779296875,62.76499938964844,62.76499938964844,520,0.0,0.0,0.0
2024-07-11 13:32:00-04:00,62.775001525878906,62.790000915527344,62.7599983215332,62.7599983215332,3211,0.0,0.0,0.0
2024-07-11 13:33:00-04:00,62.77000045776367,62.77000045776367,62.7400016784668,62.7400016784668,1148,0.0,0.0,0.0
2024-07-11 13:34:00-04:00,62.75,62.75,62.7400016784668,62.7400016784668,1248,0.0,0.0,0.0
2024-07-11 13:35:00-04:00,62.7400016784668,62.7400016784668,62.720001220703125,62.7400016784668,2831,0.0,0.0,0.0
2024-07-11 13:36:00-04:00,62.75,62.77000045776367,62.75,62.77000045776367,2100,0.0,0.0,0.0
2024-07-11 13:37:00-04:00,62.77000045776367,62.77000045776367,62.72999954223633,62.72999954223633,2049,0.0,0.0,0.0
2024-07-11 13:38:00-04:00,62.7400016784668,62.75,62.7400016784668,62.75,508,0.0,0.0,0.0
2024-07-11 13:39:00-04:00,62.7400016784668,62.749900817871094,62.72919845581055,62.72919845581055,1840,0.0,0.0,0.0
2024-07-11 13:40:00-04:00,62.720001220703125,62.720001220703125,62.70000076293945,62.720001220703125,1714,0.0,0.0,0.0
2024-07-11 13:41:00-04:00,62.72999954223633,62.7400016784668,62.72999954223633,62.7400016784668,940,0.0,0.0,0.0
2024-07-11 13:42:00-04:00,62.75,62.75,62.744998931884766,62.744998931884766,705,0.0,0.0,0.0
2024-07-11 13:43:00-04:00,62.744998931884766,62.77000045776367,62.744998931884766,62.7599983215332,2088,0.0,0.0,0.0
2024-07-11 13:44:00-04:00,62.77000045776367,62.77000045776367,62.76499938964844,62.76499938964844,1001,0.0,0.0,0.0
2024-07-11 13:45:00-04:00,62.77000045776367,62.77000045776367,62.709999084472656,62.717498779296875,5886,0.0,0.0,0.0
2024-07-11 13:46:00-04:00,62.720001220703125,62.720001220703125,62.689998626708984,62.69499969482422,2580,0.0,0.0,0.0
2024-07-11 13:47:00-04:00,62.689998626708984,62.689998626708984,62.68000030517578,62.68000030517578,353,0.0,0.0,0.0
2024-07-11 13:48:00-04:00,62.68000030517578,62.720001220703125,62.68000030517578,62.720001220703125,1859,0.0,0.0,0.0
2024-07-11 13:49:00-04:00,62.720001220703125,62.73500061035156,62.720001220703125,62.720001220703125,1533,0.0,0.0,0.0
2024-07-11 13:50:00-04:00,62.720001220703125,62.720001220703125,62.69499969482422,62.69499969482422,1684,0.0,0.0,0.0
2024-07-11 13:51:00-04:00,62.70500183105469,62.720001220703125,62.70000076293945,62.71500015258789,3098,0.0,0.0,0.0
2024-07-11 13:52:00-04:00,62.71500015258789,62.71500015258789,62.70000076293945,62.71500015258789,1609,0.0,0.0,0.0
2024-07-11 13:53:00-04:00,62.720001220703125,62.720001220703125,62.720001220703125,62.720001220703125,859,0.0,0.0,0.0
2024-07-11 13:54:00-04:00,62.709999084472656,62.709999084472656,62.689998626708984,62.70000076293945,2209,0.0,0.0,0.0
2024-07-11 13:55:00-04:00,62.709999084472656,62.72999954223633,62.709999084472656,62.72999954223633,1178,0.0,0.0,0.0
2024-07-11 13:56:00-04:00,62.7400016784668,62.744998931884766,62.7400016784668,62.744998931884766,1024,0.0,0.0,0.0
2024-07-11 13:57:00-04:00,62.744998931884766,62.75,62.7400016784668,62.7400016784668,799,0.0,0.0,0.0
2024-07-11 13:58:00-04:00,62.72999954223633,62.72999954223633,62.72999954223633,62.72999954223633,2074,0.0,0.0,0.0
2024-07-11 13:59:00-04:00,62.72999954223633,62.7400016784668,62.724998474121094,62.73500061035156,4347,0.0,0.0,0.0
2024-07-11 14:00:00-04:00,62.73500061035156,62.73500061035156,62.70000076293945,62.70500183105469,4507,0.0,0.0,0.0
2024-07-11 14:01:00-04:00,62.70500183105469,62.70500183105469,62.67499923706055,62.67499923706055,4024,0.0,0.0,0.0
2024-07-11 14:02:00-04:00,62.689998626708984,62.724998474121094,62.689998626708984,62.724998474121094,5826,0.0,0.0,0.0
2024-07-11 14:03:00-04:00,62.72999954223633,62.76499938964844,62.72999954223633,62.7599983215332,3224,0.0,0.0,0.0
2024-07-11 14:04:00-04:00,62.75,62.75,62.7400016784668,62.744998931884766,1358,0.0,0.0,0.0
2024-07-11 14:05:00-04:00,62.7400016784668,62.790000915527344,62.7400016784668,62.790000915527344,2036,0.0,0.0,0.0
2024-07-11 14:06:00-04:00,62.790000915527344,62.790000915527344,62.78499984741211,62.78499984741211,508,0.0,0.0,0.0
2024-07-11 14:07:00-04:00,62.77000045776367,62.79999923706055,62.7599983215332,62.79999923706055,1916,0.0,0.0,0.0
2024-07-11 14:08:00-04:00,62.79999923706055,62.79999923706055,62.779998779296875,62.78499984741211,1579,0.0,0.0,0.0
2024-07-11 14:10:00-04:00,62.779998779296875,62.779998779296875,62.755001068115234,62.755001068115234,1870,0.0,0.0,0.0
2024-07-11 14:12:00-04:00,62.75,62.7599983215332,62.75,62.7599983215332,1345,0.0,0.0,0.0
2024-07-11 14:13:00-04:00,62.77000045776367,62.810001373291016,62.77000045776367,62.810001373291016,2084,0.0,0.0,0.0
2024-07-11 14:14:00-04:00,62.810001373291016,62.810001373291016,62.80500030517578,62.80500030517578,976,0.0,0.0,0.0
2024-07-11 14:15:00-04:00,62.79499816894531,62.79999923706055,62.779998779296875,62.79999923706055,2730,0.0,0.0,0.0
2024-07-11 14:16:00-04:00,62.79999923706055,62.810001373291016,62.79999923706055,62.809898376464844,1038,0.0,0.0,0.0
2024-07-11 14:17:00-04:00,62.790000915527344,62.790000915527344,62.790000915527344,62.790000915527344,702,0.0,0.0,0.0
2024-07-11 14:18:00-04:00,62.79999923706055,62.79999923706055,62.7599983215332,62.79999923706055,1189,0.0,0.0,0.0
2024-07-11 14:19:00-04:00,62.790000915527344,62.790000915527344,62.790000915527344,62.790000915527344,640,0.0,0.0,0.0
2024-07-11 14:20:00-04:00,62.790000915527344,62.790000915527344,62.790000915527344,62.790000915527344,440,0.0,0.0,0.0
2024-07-11 14:21:00-04:00,62.790000915527344,62.790000915527344,62.78499984741211,62.790000915527344,960,0.0,0.0,0.0
2024-07-11 14:22:00-04:00,62.790000915527344,62.79499816894531,62.779998779296875,62.790000915527344,1188,0.0,0.0,0.0
2024-07-11 14:23:00-04:00,62.790000915527344,62.790000915527344,62.76499938964844,62.779998779296875,3633,0.0,0.0,0.0
2024-07-11 14:24:00-04:00,62.779998779296875,62.779998779296875,62.73500061035156,62.7400016784668,3396,0.0,0.0,0.0
2024-07-11 14:25:00-04:00,62.7400016784668,62.7400016784668,62.73500061035156,62.7400016784668,791,0.0,0.0,0.0
2024-07-11 14:26:00-04:00,62.744998931884766,62.75,62.744998931884766,62.75,2798,0.0,0.0,0.0
2024-07-11 14:27:00-04:00,62.7599983215332,62.7599983215332,62.7599983215332,62.7599983215332,637,0.0,0.0,0.0
2024-07-11 14:28:00-04:00,62.7599983215332,62.779998779296875,62.7599983215332,62.775001525878906,2437,0.0,0.0,0.0
2024-07-11 14:29:00-04:00,62.779998779296875,62.790000915527344,62.77000045776367,62.78499984741211,2333,0.0,0.0,0.0
2024-07-11 14:30:00-04:00,62.779998779296875,62.79499816894531,62.779998779296875,62.79499816894531,4285,0.0,0.0,0.0
2024-07-11 14:31:00-04:00,62.79999923706055,62.849998474121094,62.79999923706055,62.849998474121094,3689,0.0,0.0,0.0
2024-07-11 14:32:00-04:00,62.849998474121094,62.85499954223633,62.83000183105469,62.849998474121094,2918,0.0,0.0,0.0
2024-07-11 14:33:00-04:00,62.849998474121094,62.8650016784668,62.849998474121094,62.86000061035156,1421,0.0,0.0,0.0
2024-07-11 14:34:00-04:00,62.869998931884766,62.88999938964844,62.86000061035156,62.86000061035156,3081,0.0,0.0,0.0
2024-07-11 14:35:00-04:00,62.85499954223633,62.8650016784668,62.849998474121094,62.849998474121094,1943,0.0,0.0,0.0
2024-07-11 14:36:00-04:00,62.849998474121094,62.86000061035156,62.84629821777344,62.86000061035156,2820,0.0,0.0,0.0
2024-07-11 14:37:00-04:00,62.849998474121094,62.849998474121094,62.849998474121094,62.849998474121094,514,0.0,0.0,0.0
2024-07-11 14:38:00-04:00,62.849998474121094,62.86000061035156,62.84000015258789,62.85499954223633,2244,0.0,0.0,0.0
2024-07-11 14:39:00-04:00,62.86000061035156,62.86000061035156,62.86000061035156,62.86000061035156,660,0.0,0.0,0.0
2024-07-11 14:40:00-04:00,62.86000061035156,62.8650016784668,62.849998474121094,62.849998474121094,1715,0.0,0.0,0.0
2024-07-11 14:41:00-04:00,62.849998474121094,62.849998474121094,62.84000015258789,62.84000015258789,1279,0.0,0.0,0.0
2024-07-11 14:42:00-04:00,62.834999084472656,62.86000061035156,62.834999084472656,62.86000061035156,3014,0.0,0.0,0.0
2024-07-11 14:43:00-04:00,62.84000015258789,62.8650016784668,62.84000015258789,62.8650016784668,4642,0.0,0.0,0.0
2024-07-11 14:44:00-04:00,62.869998931884766,62.880001068115234,62.869998931884766,62.875,3038,0.0,0.0,0.0
2024-07-11 14:45:00-04:00,62.8849983215332,62.900001525878906,62.8849983215332,62.89500045776367,2978,0.0,0.0,0.0
2024-07-11 14:46:00-04:00,62.89500045776367,62.904998779296875,62.89500045776367,62.904998779296875,1210,0.0,0.0,0.0
2024-07-11 14:47:00-04:00,62.900001525878906,62.91999816894531,62.900001525878906,62.90999984741211,3886,0.0,0.0,0.0
2024-07-11 14:48:00-04:00,62.900001525878906,62.904998779296875,62.89500045776367,62.900001525878906,2712,0.0,0.0,0.0
2024-07-11 14:49:00-04:00,62.904998779296875,62.904998779296875,62.900001525878906,62.900001525878906,360,0.0,0.0,0.0
2024-07-11 14:50:00-04:00,62.900001525878906,62.91999816894531,62.900001525878906,62.91400146484375,1542,0.0,0.0,0.0
2024-07-11 14:51:00-04:00,62.91999816894531,62.91999816894531,62.90999984741211,62.90999984741211,2664,0.0,0.0,0.0
2024-07-11 14:52:00-04:00,62.900001525878906,62.900001525878906,62.875,62.875,2830,0.0,0.0,0.0
2024-07-11 14:53:00-04:00,62.880001068115234,62.89500045776367,62.880001068115234,62.88999938964844,1920,0.0,0.0,0.0
2024-07-11 14:54:00-04:00,62.89500045776367,62.89500045776367,62.89500045776367,62.89500045776367,245,0.0,0.0,0.0
2024-07-11 14:55:00-04:00,62.900001525878906,62.93000030517578,62.900001525878906,62.93000030517578,3276,0.0,0.0,0.0
2024-07-11 14:56:00-04:00,62.929901123046875,62.93000030517578,62.91999816894531,62.92499923706055,8142,0.0,0.0,0.0
2024-07-11 14:57:00-04:00,62.92499923706055,62.92499923706055,62.915000915527344,62.915000915527344,2150,0.0,0.0,0.0
2024-07-11 14:58:00-04:00,62.915000915527344,62.91999816894531,62.915000915527344,62.91999816894531,1750,0.0,0.0,0.0
2024-07-11 14:59:00-04:00,62.91999816894531,62.935001373291016,62.91999816894531,62.93000030517578,5463,0.0,0.0,0.0
2024-07-11 15:00:00-04:00,62.93000030517578,62.939998626708984,62.91999816894531,62.91999816894531,3165,0.0,0.0,0.0
2024-07-11 15:01:00-04:00,62.91999816894531,62.91999816894531,62.900001525878906,62.900001525878906,3598,0.0,0.0,0.0
2024-07-11 15:02:00-04:00,62.900001525878906,62.91999816894531,62.88999938964844,62.900001525878906,4447,0.0,0.0,0.0
2024-07-11 15:03:00-04:00,62.89500045776367,62.91999816894531,62.89500045776367,62.91999816894531,3422,0.0,0.0,0.0
2024-07-11 15:04:00-04:00,62.91999816894531,62.93000030517578,62.915000915527344,62.93000030517578,4546,0.0,0.0,0.0
2024-07-11 15:05:00-04:00,62.935001373291016,62.935001373291016,62.904998779296875,62.904998779296875,10492,0.0,0.0,0.0
2024-07-11 15:06:00-04:00,62.904998779296875,62.915000915527344,62.88999938964844,62.904998779296875,5859,0.0,0.0,0.0
2024-07-11 15:07:00-04:00,62.900001525878906,62.935001373291016,62.900001525878906,62.90999984741211,43194,0.0,0.0,0.0
2024-07-11 15:08:00-04:00,62.904998779296875,62.904998779296875,62.904998779296875,62.904998779296875,547,0.0,0.0,0.0
2024-07-11 15:09:00-04:00,62.904998779296875,62.904998779296875,62.869998931884766,62.88999938964844,14693,0.0,0.0,0.0
2024-07-11 15:10:00-04:00,62.8849983215332,62.900001525878906,62.8849983215332,62.900001525878906,4451,0.0,0.0,0.0
2024-07-11 15:11:00-04:00,62.89500045776367,62.93000030517578,62.89500045776367,62.91999816894531,6202,0.0,0.0,0.0
2024-07-11 15:12:00-04:00,62.93000030517578,62.93000030517578,62.90999984741211,62.91999816894531,3717,0.0,0.0,0.0
2024-07-11 15:13:00-04:00,62.93000030517578,62.93000030517578,62.91999816894531,62.91999816894531,6149,0.0,0.0,0.0
2024-07-11 15:14:00-04:00,62.91999816894531,62.93000030517578,62.904998779296875,62.904998779296875,4878,0.0,0.0,0.0
2024-07-11 15:15:00-04:00,62.904998779296875,62.939998626708984,62.904998779296875,62.939998626708984,3420,0.0,0.0,0.0
2024-07-11 15:16:00-04:00,62.935001373291016,62.939998626708984,62.90999984741211,62.91999816894531,2356,0.0,0.0,0.0
2024-07-11 15:17:00-04:00,62.93000030517578,62.939998626708984,62.93000030517578,62.939998626708984,3411,0.0,0.0,0.0
2024-07-11 15:18:00-04:00,62.95500183105469,62.970001220703125,62.95000076293945,62.95500183105469,14189,0.0,0.0,0.0
2024-07-11 15:19:00-04:00,62.959999084472656,62.9900016784668,62.959999084472656,62.97999954223633,5765,0.0,0.0,0.0
2024-07-11 15:20:00-04:00,62.970001220703125,62.98500061035156,62.970001220703125,62.970001220703125,7715,0.0,0.0,0.0
2024-07-11 15:21:00-04:00,62.970001220703125,62.970001220703125,62.94499969482422,62.96500015258789,6943,0.0,0.0,0.0
2024-07-11 15:22:00-04:00,62.959999084472656,62.9900016784668,62.959999084472656,62.97999954223633,24102,0.0,0.0,0.0
2024-07-11 15:23:00-04:00,62.97999954223633,62.994998931884766,62.97999954223633,62.9900016784668,7741,0.0,0.0,0.0
2024-07-11 15:24:00-04:00,62.994998931884766,63.0,62.9900016784668,62.994998931884766,6211,0.0,0.0,0.0
2024-07-11 15:25:00-04:00,63.0,63.0,62.97999954223633,62.994998931884766,11210,0.0,0.0,0.0
2024-07-11 15:26:00-04:00,62.9900016784668,63.02000045776367,62.9900016784668,63.0,20484,0.0,0.0,0.0
2024-07-11 15:27:00-04:00,63.005001068115234,63.005001068115234,62.95000076293945,62.959999084472656,9995,0.0,0.0,0.0
2024-07-11 15:28:00-04:00,62.970001220703125,62.970001220703125,62.959999084472656,62.96500015258789,6404,0.0,0.0,0.0
2024-07-11 15:29:00-04:00,62.95000076293945,62.959999084472656,62.915000915527344,62.915000915527344,7616,0.0,0.0,0.0
2024-07-11 15:30:00-04:00,62.91999816894531,62.95000076293945,62.91999816894531,62.95000076293945,11394,0.0,0.0,0.0
2024-07-11 15:31:00-04:00,62.959999084472656,62.97999954223633,62.95000076293945,62.95000076293945,16843,0.0,0.0,0.0
2024-07-11 15:32:00-04:00,62.95000076293945,62.96500015258789,62.935001373291016,62.959999084472656,8582,0.0,0.0,0.0
2024-07-11 15:33:00-04:00,62.95000076293945,62.970001220703125,62.939998626708984,62.970001220703125,10132,0.0,0.0,0.0
2024-07-11 15:34:00-04:00,62.96500015258789,62.970001220703125,62.96500015258789,62.970001220703125,2706,0.0,0.0,0.0
2024-07-11 15:35:00-04:00,62.970001220703125,63.01499938964844,62.970001220703125,63.0099983215332,11244,0.0,0.0,0.0
2024-07-11 15:36:00-04:00,63.01499938964844,63.029998779296875,63.0,63.029998779296875,6998,0.0,0.0,0.0
2024-07-11 15:37:00-04:00,63.03499984741211,63.060001373291016,63.03499984741211,63.060001373291016,9280,0.0,0.0,0.0
2024-07-11 15:38:00-04:00,63.060001373291016,63.06999969482422,63.04999923706055,63.05500030517578,8268,0.0,0.0,0.0
2024-07-11 15:39:00-04:00,63.060001373291016,63.07500076293945,63.060001373291016,63.060001373291016,5898,0.0,0.0,0.0
2024-07-11 15:40:00-04:00,63.06999969482422,63.099998474121094,63.06999969482422,63.099998474121094,8892,0.0,0.0,0.0
2024-07-11 15:41:00-04:00,63.095001220703125,63.1150016784668,63.09000015258789,63.11000061035156,5964,0.0,0.0,0.0
2024-07-11 15:42:00-04:00,63.11000061035156,63.11000061035156,63.040000915527344,63.060001373291016,7196,0.0,0.0,0.0
2024-07-11 15:43:00-04:00,63.095001220703125,63.095001220703125,63.064998626708984,63.095001220703125,9841,0.0,0.0,0.0
2024-07-11 15:44:00-04:00,63.09000015258789,63.09000015258789,63.06999969482422,63.07500076293945,9679,0.0,0.0,0.0
2024-07-11 15:45:00-04:00,63.06999969482422,63.09000015258789,63.060001373291016,63.084999084472656,5016,0.0,0.0,0.0
2024-07-11 15:46:00-04:00,63.08000183105469,63.09000015258789,63.06999969482422,63.084999084472656,18606,0.0,0.0,0.0
2024-07-11 15:47:00-04:00,63.07500076293945,63.07500076293945,63.02000045776367,63.025001525878906,36776,0.0,0.0,0.0
2024-07-11 15:48:00-04:00,63.025001525878906,63.040000915527344,63.0099983215332,63.02000045776367,33349,0.0,0.0,0.0
2024-07-11 15:49:00-04:00,63.02000045776367,63.029998779296875,63.005001068115234,63.0099983215332,7166,0.0,0.0,0.0
2024-07-11 15:50:00-04:00,63.0,63.029998779296875,62.9900016784668,63.02000045776367,15347,0.0,0.0,0.0
2024-07-11 15:51:00-04:00,63.02000045776367,63.02000045776367,62.98500061035156,62.98500061035156,15134,0.0,0.0,0.0
2024-07-11 15:52:00-04:00,62.97999954223633,62.9900016784668,62.95000076293945,62.974998474121094,22010,0.0,0.0,0.0
2024-07-11 15:53:00-04:00,62.970001220703125,62.970001220703125,62.93000030517578,62.939998626708984,24123,0.0,0.0,0.0
2024-07-11 15:54:00-04:00,62.939998626708984,62.939998626708984,62.900001525878906,62.90999984741211,47208,0.0,0.0,0.0
2024-07-11 15:55:00-04:00,62.900001525878906,62.94499969482422,62.89500045776367,62.939998626708984,33739,0.0,0.0,0.0
2024-07-11 15:56:00-04:00,62.939998626708984,62.959999084472656,62.93000030517578,62.95500183105469,31223,0.0,0.0,0.0
2024-07-11 15:57:00-04:00,62.959999084472656,62.9900016784668,62.959999084472656,62.974998474121094,40099,0.0,0.0,0.0
2024-07-11 15:58:00-04:00,62.974998474121094,62.974998474121094,62.939998626708984,62.95000076293945,38469,0.0,0.0,0.0
2024-07-11 15:59:00-04:00,62.939998626708984,62.959999084472656,62.90999984741211,62.93000030517578,29175,0.0,0.0,0.0
2024-07-12 09:30:00-04:00,63.189998626708984,63.27000045776367,63.18000030517578,63.189998626708984,17868,0.0,0.0,0.0
2024-07-12 09:31:00-04:00,63.20000076293945,63.27000045776367,63.13999938964844,63.18000030517578,7669,0.0,0.0,0.0
2024-07-12 09:32:00-04:00,63.13999938964844,63.15999984741211,63.095001220703125,63.14500045776367,7906,0.0,0.0,0.0
2024-07-12 09:33:00-04:00,63.13999938964844,63.15999984741211,63.09000015258789,63.150001525878906,11324,0.0,0.0,0.0
2024-07-12 09:34:00-04:00,63.13999938964844,63.31999969482422,63.130001068115234,63.220001220703125,16341,0.0,0.0,0.0
2024-07-12 09:35:00-04:00,63.18000030517578,63.22999954223633,63.11000061035156,63.189998626708984,13832,0.0,0.0,0.0
2024-07-12 09:36:00-04:00,63.189998626708984,63.209999084472656,63.17499923706055,63.20000076293945,3383,0.0,0.0,0.0
2024-07-12 09:37:00-04:00,63.18000030517578,63.209999084472656,63.13999938964844,63.13999938964844,31180,0.0,0.0,0.0
2024-07-12 09:38:00-04:00,63.1349983215332,63.15999984741211,63.099998474121094,63.119998931884766,14258,0.0,0.0,0.0
2024-07-12 09:39:00-04:00,63.11000061035156,63.130001068115234,63.08000183105469,63.09000015258789,9378,0.0,0.0,0.0
2024-07-12 09:40:00-04:00,62.91999816894531,63.077999114990234,62.91999816894531,62.91999816894531,17997,0.0,0.0,0.0
2024-07-12 09:41:00-04:00,62.91999816894531,63.099998474121094,62.900001525878906,63.08000183105469,22468,0.0,0.0,0.0
2024-07-12 09:42:00-04:00,63.099998474121094,63.15999984741211,63.099998474121094,63.11000061035156,17010,0.0,0.0,0.0
2024-07-12 09:43:00-04:00,63.119998931884766,63.255001068115234,63.119998931884766,63.25,22485,0.0,0.0,0.0
2024-07-12 09:44:00-04:00,63.244998931884766,63.29999923706055,63.16999816894531,63.20000076293945,27986,0.0,0.0,0.0
2024-07-12 09:45:00-04:00,63.18000030517578,63.2599983215332,63.15999984741211,63.2599983215332,7777,0.0,0.0,0.0
2024-07-12 09:46:00-04:00,63.2599983215332,63.400001525878906,63.25,63.38999938964844,17544,0.0,0.0,0.0
2024-07-12 09:47:00-04:00,63.400001525878906,63.43000030517578,63.29999923706055,63.29999923706055,11568,0.0,0.0,0.0
2024-07-12 09:48:00-04:00,63.29499816894531,63.349998474121094,63.27000045776367,63.34000015258789,5884,0.0,0.0,0.0
2024-07-12 09:49:00-04:00,63.349998474121094,63.380001068115234,63.279998779296875,63.279998779296875,13511,0.0,0.0,0.0
2024-07-12 09:50:00-04:00,63.255001068115234,63.255001068115234,63.150001525878906,63.189998626708984,3873,0.0,0.0,0.0
2024-07-12 09:51:00-04:00,63.189998626708984,63.22999954223633,63.18000030517578,63.224998474121094,1730,0.0,0.0,0.0
2024-07-12 09:52:00-04:00,63.209999084472656,63.21500015258789,63.189998626708984,63.21500015258789,1271,0.0,0.0,0.0
2024-07-12 09:53:00-04:00,63.189998626708984,63.189998626708984,63.125,63.15999984741211,4769,0.0,0.0,0.0
2024-07-12 09:54:00-04:00,63.165000915527344,63.220001220703125,63.150001525878906,63.209999084472656,7294,0.0,0.0,0.0
2024-07-12 09:55:00-04:00,63.20500183105469,63.25,63.13249969482422,63.2400016784668,5809,0.0,0.0,0.0
2024-07-12 09:56:00-04:00,63.2400016784668,63.31999969482422,63.2400016784668,63.31999969482422,8222,0.0,0.0,0.0
2024-07-12 09:57:00-04:00,63.31999969482422,63.349998474121094,63.310001373291016,63.33000183105469,6175,0.0,0.0,0.0
2024-07-12 09:58:00-04:00,63.349998474121094,63.349998474121094,63.31999969482422,63.349998474121094,12495,0.0,0.0,0.0
2024-07-12 09:59:00-04:00,63.349998474121094,63.349998474121094,63.290000915527344,63.33000183105469,6937,0.0,0.0,0.0
2024-07-12 10:00:00-04:00,63.33000183105469,63.470001220703125,63.33000183105469,63.41999816894531,7817,0.0,0.0,0.0
2024-07-12 10:01:00-04:00,63.41999816894531,63.45000076293945,63.400001525878906,63.40999984741211,10856,0.0,0.0,0.0
2024-07-12 10:02:00-04:00,63.41999816894531,63.470001220703125,63.349998474121094,63.35499954223633,7227,0.0,0.0,0.0
2024-07-12 10:03:00-04:00,63.34000015258789,63.369998931884766,63.31999969482422,63.33000183105469,6362,0.0,0.0,0.0
2024-07-12 10:04:00-04:00,63.33000183105469,63.3849983215332,63.29999923706055,63.369998931884766,6962,0.0,0.0,0.0
2024-07-12 10:05:00-04:00,63.39500045776367,63.439998626708984,63.369998931884766,63.439998626708984,7285,0.0,0.0,0.0
2024-07-12 10:06:00-04:00,63.439998626708984,63.439998626708984,63.38999938964844,63.40999984741211,4314,0.0,0.0,0.0
2024-07-12 10:07:00-04:00,63.36000061035156,63.380001068115234,63.31999969482422,63.380001068115234,1743,0.0,0.0,0.0
2024-07-12 10:08:00-04:00,63.400001525878906,63.45000076293945,63.400001525878906,63.44499969482422,3355,0.0,0.0,0.0
2024-07-12 10:09:00-04:00,63.43000030517578,63.45000076293945,63.400001525878906,63.400001525878906,3261,0.0,0.0,0.0
2024-07-12 10:10:00-04:00,63.400001525878906,63.42499923706055,63.380001068115234,63.42499923706055,1754,0.0,0.0,0.0
2024-07-12 10:11:00-04:00,63.41999816894531,63.47999954223633,63.400001525878906,63.46500015258789,7660,0.0,0.0,0.0
2024-07-12 10:12:00-04:00,63.459999084472656,63.505001068115234,63.459999084472656,63.5,4114,0.0,0.0,0.0
2024-07-12 10:13:00-04:00,63.5099983215332,63.525001525878906,63.470001220703125,63.48500061035156,2978,0.0,0.0,0.0
2024-07-12 10:14:00-04:00,63.5,63.5,63.47999954223633,63.47999954223633,2272,0.0,0.0,0.0
2024-07-12 10:15:00-04:00,63.47800064086914,63.52000045776367,63.470001220703125,63.494998931884766,5073,0.0,0.0,0.0
2024-07-12 10:16:00-04:00,63.4900016784668,63.540000915527344,63.4900016784668,63.540000915527344,5004,0.0,0.0,0.0
2024-07-12 10:17:00-04:00,63.52000045776367,63.564998626708984,63.52000045776367,63.560001373291016,3942,0.0,0.0,0.0
2024-07-12 10:18:00-04:00,63.56999969482422,63.58000183105469,63.48500061035156,63.494998931884766,4342,0.0,0.0,0.0
2024-07-12 10:19:00-04:00,63.54999923706055,63.54999923706055,63.5099983215332,63.52000045776367,653,0.0,0.0,0.0
2024-07-12 10:20:00-04:00,63.529998779296875,63.529998779296875,63.470001220703125,63.48500061035156,2594,0.0,0.0,0.0
2024-07-12 10:21:00-04:00,63.48500061035156,63.54999923706055,63.48500061035156,63.529998779296875,4862,0.0,0.0,0.0
2024-07-12 10:22:00-04:00,63.529998779296875,63.529998779296875,63.505001068115234,63.52000045776367,4960,0.0,0.0,0.0
2024-07-12 10:23:00-04:00,63.52000045776367,63.540000915527344,63.5099983215332,63.540000915527344,2688,0.0,0.0,0.0
2024-07-12 10:24:00-04:00,63.540000915527344,63.599998474121094,63.540000915527344,63.599998474121094,2916,0.0,0.0,0.0
2024-07-12 10:25:00-04:00,63.599998474121094,63.599998474121094,63.560001373291016,63.560001373291016,5344,0.0,0.0,0.0
2024-07-12 10:26:00-04:00,63.56999969482422,63.630001068115234,63.56999969482422,63.619998931884766,3794,0.0,0.0,0.0
2024-07-12 10:27:00-04:00,63.61000061035156,63.62779998779297,63.599998474121094,63.619998931884766,2651,0.0,0.0,0.0
2024-07-12 10:28:00-04:00,63.6349983215332,63.64500045776367,63.599998474121094,63.619998931884766,2260,0.0,0.0,0.0
2024-07-12 10:29:00-04:00,63.630001068115234,63.63999938964844,63.599998474121094,63.63999938964844,2501,0.0,0.0,0.0
2024-07-12 10:30:00-04:00,63.6349983215332,63.650001525878906,63.55500030517578,63.57500076293945,4716,0.0,0.0,0.0
2024-07-12 10:31:00-04:00,63.58000183105469,63.59000015258789,63.55500030517578,63.59000015258789,1752,0.0,0.0,0.0
2024-07-12 10:32:00-04:00,63.599998474121094,63.630001068115234,63.56999969482422,63.56999969482422,3385,0.0,0.0,0.0
2024-07-12 10:33:00-04:00,63.540000915527344,63.54999923706055,63.529998779296875,63.54999923706055,3419,0.0,0.0,0.0
2024-07-12 10:34:00-04:00,63.54999923706055,63.54999923706055,63.53499984741211,63.53499984741211,1591,0.0,0.0,0.0
2024-07-12 10:35:00-04:00,63.52000045776367,63.540000915527344,63.52000045776367,63.540000915527344,1029,0.0,0.0,0.0
2024-07-12 10:36:00-04:00,63.54499816894531,63.58000183105469,63.5099983215332,63.58000183105469,2465,0.0,0.0,0.0
2024-07-12 10:37:00-04:00,63.58000183105469,63.58000183105469,63.540000915527344,63.54999923706055,3280,0.0,0.0,0.0
2024-07-12 10:38:00-04:00,63.53499984741211,63.584999084472656,63.52000045776367,63.584999084472656,2046,0.0,0.0,0.0
2024-07-12 10:39:00-04:00,63.56999969482422,63.595001220703125,63.540000915527344,63.540000915527344,13300,0.0,0.0,0.0
2024-07-12 10:40:00-04:00,63.52000045776367,63.56999969482422,63.52000045776367,63.52000045776367,9308,0.0,0.0,0.0
2024-07-12 10:41:00-04:00,63.52000045776367,63.52000045776367,63.470001220703125,63.48500061035156,6491,0.0,0.0,0.0
2024-07-12 10:42:00-04:00,63.48500061035156,63.5,63.45500183105469,63.45500183105469,3417,0.0,0.0,0.0
2024-07-12 10:43:00-04:00,63.459999084472656,63.46500015258789,63.45500183105469,63.459999084472656,4030,0.0,0.0,0.0
2024-07-12 10:44:00-04:00,63.5099983215332,63.560001373291016,63.5099983215332,63.560001373291016,10836,0.0,0.0,0.0
2024-07-12 10:45:00-04:00,63.53499984741211,63.53499984741211,63.5,63.505001068115234,3206,0.0,0.0,0.0
2024-07-12 10:46:00-04:00,63.5099983215332,63.5099983215332,63.46500015258789,63.46500015258789,1812,0.0,0.0,0.0
2024-07-12 10:47:00-04:00,63.459999084472656,63.470001220703125,63.45000076293945,63.459999084472656,1763,0.0,0.0,0.0
2024-07-12 10:48:00-04:00,63.459999084472656,63.48500061035156,63.459999084472656,63.48500061035156,1596,0.0,0.0,0.0
2024-07-12 10:49:00-04:00,63.48500061035156,63.5,63.459999084472656,63.5,1497,0.0,0.0,0.0
2024-07-12 10:50:00-04:00,63.5,63.5,63.4900016784668,63.4900016784668,1506,0.0,0.0,0.0
2024-07-12 10:51:00-04:00,63.5,63.540000915527344,63.5,63.529998779296875,2091,0.0,0.0,0.0
2024-07-12 10:52:00-04:00,63.525001525878906,63.525001525878906,63.49100112915039,63.494998931884766,3081,0.0,0.0,0.0
2024-07-12 10:53:00-04:00,63.52000045776367,63.53499984741211,63.52000045776367,63.529998779296875,4849,0.0,0.0,0.0
2024-07-12 10:54:00-04:00,63.529998779296875,63.540000915527344,63.529998779296875,63.529998779296875,1818,0.0,0.0,0.0
2024-07-12 10:55:00-04:00,63.525001525878906,63.560001373291016,63.52000045776367,63.540000915527344,4330,0.0,0.0,0.0
2024-07-12 10:56:00-04:00,63.54499816894531,63.560001373291016,63.54499816894531,63.560001373291016,1118,0.0,0.0,0.0
2024-07-12 10:57:00-04:00,63.56999969482422,63.56999969482422,63.560001373291016,63.56999969482422,1952,0.0,0.0,0.0
2024-07-12 10:58:00-04:00,63.56999969482422,63.599998474121094,63.56999969482422,63.595001220703125,3881,0.0,0.0,0.0
2024-07-12 10:59:00-04:00,63.59000015258789,63.59000015258789,63.59000015258789,63.59000015258789,142,0.0,0.0,0.0
2024-07-12 11:00:00-04:00,63.60499954223633,63.61000061035156,63.58000183105469,63.58000183105469,5617,0.0,0.0,0.0
2024-07-12 11:01:00-04:00,63.59000015258789,63.63999938964844,63.59000015258789,63.63999938964844,1594,0.0,0.0,0.0
2024-07-12 11:02:00-04:00,63.650001525878906,63.68000030517578,63.650001525878906,63.68000030517578,2885,0.0,0.0,0.0
2024-07-12 11:03:00-04:00,63.68000030517578,63.7400016784668,63.68000030517578,63.7400016784668,2132,0.0,0.0,0.0
2024-07-12 11:04:00-04:00,63.75,63.7599983215332,63.744998931884766,63.7599983215332,1461,0.0,0.0,0.0
2024-07-12 11:05:00-04:00,63.77000045776367,63.79999923706055,63.77000045776367,63.779998779296875,2873,0.0,0.0,0.0
2024-07-12 11:06:00-04:00,63.7599983215332,63.769901275634766,63.7599983215332,63.7599983215332,1448,0.0,0.0,0.0
2024-07-12 11:07:00-04:00,63.75,63.75,63.72999954223633,63.72999954223633,2497,0.0,0.0,0.0
2024-07-12 11:08:00-04:00,63.72999954223633,63.7401008605957,63.724998474121094,63.724998474121094,2981,0.0,0.0,0.0
2024-07-12 11:09:00-04:00,63.720001220703125,63.720001220703125,63.6952018737793,63.709999084472656,2361,0.0,0.0,0.0
2024-07-12 11:10:00-04:00,63.720001220703125,63.720001220703125,63.70009994506836,63.720001220703125,1694,0.0,0.0,0.0
2024-07-12 11:11:00-04:00,63.72999954223633,63.7400016784668,63.709999084472656,63.709999084472656,6069,0.0,0.0,0.0
2024-07-12 11:12:00-04:00,63.70000076293945,63.709999084472656,63.70000076293945,63.70000076293945,2437,0.0,0.0,0.0
2024-07-12 11:13:00-04:00,63.72999954223633,63.7400016784668,63.70000076293945,63.72999954223633,3917,0.0,0.0,0.0
2024-07-12 11:14:00-04:00,63.720001220703125,63.72999954223633,63.70500183105469,63.70790100097656,1041,0.0,0.0,0.0
2024-07-12 11:15:00-04:00,63.68000030517578,63.68000030517578,63.68000030517578,63.68000030517578,1875,0.0,0.0,0.0
2024-07-12 11:16:00-04:00,63.68000030517578,63.70000076293945,63.68000030517578,63.70000076293945,1135,0.0,0.0,0.0
2024-07-12 11:17:00-04:00,63.69499969482422,63.69499969482422,63.66999816894531,63.66999816894531,1544,0.0,0.0,0.0
2024-07-12 11:18:00-04:00,63.65999984741211,63.65999984741211,63.63999938964844,63.650001525878906,1050,0.0,0.0,0.0
2024-07-12 11:19:00-04:00,63.65999984741211,63.68000030517578,63.65999984741211,63.65999984741211,3907,0.0,0.0,0.0
2024-07-12 11:20:00-04:00,63.65999984741211,63.65999984741211,63.619998931884766,63.619998931884766,1123,0.0,0.0,0.0
2024-07-12 11:21:00-04:00,63.619998931884766,63.619998931884766,63.619998931884766,63.619998931884766,1234,0.0,0.0,0.0
2024-07-12 11:22:00-04:00,63.619998931884766,63.619998931884766,63.61000061035156,63.61000061035156,520,0.0,0.0,0.0
2024-07-12 11:23:00-04:00,63.599998474121094,63.599998474121094,63.54999923706055,63.54999923706055,1659,0.0,0.0,0.0
2024-07-12 11:24:00-04:00,63.540000915527344,63.540000915527344,63.5,63.5099983215332,2519,0.0,0.0,0.0
2024-07-12 11:25:00-04:00,63.529998779296875,63.560001373291016,63.529998779296875,63.560001373291016,1325,0.0,0.0,0.0
2024-07-12 11:26:00-04:00,63.56999969482422,63.58000183105469,63.56999969482422,63.56999969482422,1310,0.0,0.0,0.0
2024-07-12 11:27:00-04:00,63.56999969482422,63.56999969482422,63.560001373291016,63.564998626708984,5275,0.0,0.0,0.0
2024-07-12 11:28:00-04:00,63.56999969482422,63.619998931884766,63.56999969482422,63.59000015258789,3602,0.0,0.0,0.0
2024-07-12 11:29:00-04:00,63.599998474121094,63.61000061035156,63.599998474121094,63.599998474121094,1666,0.0,0.0,0.0
2024-07-12 11:30:00-04:00,63.59149932861328,63.59149932861328,63.59000015258789,63.59000015258789,894,0.0,0.0,0.0
2024-07-12 11:31:00-04:00,63.599998474121094,63.599998474121094,63.58000183105469,63.58000183105469,1948,0.0,0.0,0.0
2024-07-12 11:32:00-04:00,63.58000183105469,63.58000183105469,63.58000183105469,63.58000183105469,268,0.0,0.0,0.0
2024-07-12 11:33:00-04:00,63.570499420166016,63.58000183105469,63.56999969482422,63.570499420166016,1709,0.0,0.0,0.0
2024-07-12 11:34:00-04:00,63.56999969482422,63.56999969482422,63.540000915527344,63.540000915527344,3132,0.0,0.0,0.0
2024-07-12 11:35:00-04:00,63.540000915527344,63.54999923706055,63.540000915527344,63.540000915527344,7435,0.0,0.0,0.0
2024-07-12 11:36:00-04:00,63.54999923706055,63.56999969482422,63.54999923706055,63.56999969482422,9511,0.0,0.0,0.0
2024-07-12 11:37:00-04:00,63.56999969482422,63.56999969482422,63.56999969482422,63.56999969482422,1018,0.0,0.0,0.0
2024-07-12 11:38:00-04:00,63.56999969482422,63.56999969482422,63.560001373291016,63.56999969482422,5131,0.0,0.0,0.0
2024-07-12 11:39:00-04:00,63.60499954223633,63.61000061035156,63.58000183105469,63.60499954223633,2549,0.0,0.0,0.0
2024-07-12 11:40:00-04:00,63.61000061035156,63.619998931884766,63.59000015258789,63.60499954223633,23645,0.0,0.0,0.0
2024-07-12 11:41:00-04:00,63.60499954223633,63.650001525878906,63.60499954223633,63.64500045776367,17964,0.0,0.0,0.0
2024-07-12 11:42:00-04:00,63.66999816894531,63.66999816894531,63.650001525878906,63.65999984741211,11183,0.0,0.0,0.0
2024-07-12 11:43:00-04:00,63.65999984741211,63.66999816894531,63.65999984741211,63.66999816894531,1600,0.0,0.0,0.0
2024-07-12 11:44:00-04:00,63.66999816894531,63.66999816894531,63.65999984741211,63.65999984741211,2364,0.0,0.0,0.0
2024-07-12 11:45:00-04:00,63.659000396728516,63.68000030517578,63.65520095825195,63.68000030517578,1990,0.0,0.0,0.0
2024-07-12 11:46:00-04:00,63.6879997253418,63.6879997253418,63.66999816894531,63.68000030517578,3710,0.0,0.0,0.0
2024-07-12 11:47:00-04:00,63.689998626708984,63.69499969482422,63.65999984741211,63.65999984741211,8053,0.0,0.0,0.0
2024-07-12 11:48:00-04:00,63.65999984741211,63.65999984741211,63.650001525878906,63.650001525878906,1520,0.0,0.0,0.0
2024-07-12 11:49:00-04:00,63.650001525878906,63.68000030517578,63.650001525878906,63.68000030517578,2358,0.0,0.0,0.0
2024-07-12 11:50:00-04:00,63.689998626708984,63.689998626708984,63.689998626708984,63.689998626708984,797,0.0,0.0,0.0
2024-07-12 11:51:00-04:00,63.689998626708984,63.689998626708984,63.68000030517578,63.68000030517578,1098,0.0,0.0,0.0
2024-07-12 11:52:00-04:00,63.66999816894531,63.67499923706055,63.66999816894531,63.67499923706055,1142,0.0,0.0,0.0
2024-07-12 11:53:00-04:00,63.68000030517578,63.70500183105469,63.68000030517578,63.70000076293945,2451,0.0,0.0,0.0
2024-07-12 11:54:00-04:00,63.70000076293945,63.70500183105469,63.70000076293945,63.70000076293945,1397,0.0,0.0,0.0
2024-07-12 11:55:00-04:00,63.70000076293945,63.70000076293945,63.68000030517578,63.689998626708984,1320,0.0,0.0,0.0
2024-07-12 11:57:00-04:00,63.68000030517578,63.68000030517578,63.68000030517578,63.68000030517578,1677,0.0,0.0,0.0
2024-07-12 11:58:00-04:00,63.68000030517578,63.68000030517578,63.67499923706055,63.67499923706055,1098,0.0,0.0,0.0
2024-07-12 11:59:00-04:00,63.66999816894531,63.66999816894531,63.650001525878906,63.650001525878906,1801,0.0,0.0,0.0
2024-07-12 12:00:00-04:00,63.630001068115234,63.63999938964844,63.61000061035156,63.619998931884766,3363,0.0,0.0,0.0
2024-07-12 12:01:00-04:00,63.630001068115234,63.654998779296875,63.630001068115234,63.650001525878906,1931,0.0,0.0,0.0
2024-07-12 12:02:00-04:00,63.65999984741211,63.65999984741211,63.65999984741211,63.65999984741211,4485,0.0,0.0,0.0
2024-07-12 12:03:00-04:00,63.650001525878906,63.65010070800781,63.650001525878906,63.65010070800781,879,0.0,0.0,0.0
2024-07-12 12:04:00-04:00,63.650001525878906,63.65999984741211,63.64500045776367,63.65999984741211,1669,0.0,0.0,0.0
2024-07-12 12:05:00-04:00,63.65890121459961,63.65999984741211,63.65890121459961,63.65999984741211,1784,0.0,0.0,0.0
2024-07-12 12:06:00-04:00,63.65999984741211,63.65999984741211,63.619998931884766,63.619998931884766,2006,0.0,0.0,0.0
2024-07-12 12:07:00-04:00,63.619998931884766,63.619998931884766,63.61000061035156,63.61000061035156,1444,0.0,0.0,0.0
2024-07-12 12:08:00-04:00,63.61000061035156,63.61000061035156,63.59000015258789,63.59000015258789,1254,0.0,0.0,0.0
2024-07-12 12:09:00-04:00,63.58000183105469,63.58000183105469,63.56999969482422,63.56999969482422,1456,0.0,0.0,0.0
2024-07-12 12:10:00-04:00,63.58000183105469,63.59000015258789,63.57500076293945,63.5880012512207,2013,0.0,0.0,0.0
2024-07-12 12:11:00-04:00,63.59000015258789,63.59000015258789,63.56999969482422,63.56999969482422,2328,0.0,0.0,0.0
2024-07-12 12:12:00-04:00,63.560001373291016,63.560001373291016,63.54999923706055,63.54999923706055,961,0.0,0.0,0.0
2024-07-12 12:13:00-04:00,63.54999923706055,63.54999923706055,63.529998779296875,63.540000915527344,1625,0.0,0.0,0.0
2024-07-12 12:14:00-04:00,63.540000915527344,63.54999923706055,63.529998779296875,63.54999923706055,2402,0.0,0.0,0.0
2024-07-12 12:15:00-04:00,63.54999923706055,63.56999969482422,63.54999923706055,63.56999969482422,1328,0.0,0.0,0.0
2024-07-12 12:16:00-04:00,63.599998474121094,63.599998474121094,63.58000183105469,63.599998474121094,857,0.0,0.0,0.0
2024-07-12 12:17:00-04:00,63.61000061035156,63.630001068115234,63.61000061035156,63.630001068115234,2015,0.0,0.0,0.0
2024-07-12 12:18:00-04:00,63.63999938964844,63.63999938964844,63.63999938964844,63.63999938964844,219,0.0,0.0,0.0
2024-07-12 12:19:00-04:00,63.63999938964844,63.63999938964844,63.619998931884766,63.619998931884766,2220,0.0,0.0,0.0
2024-07-12 12:20:00-04:00,63.619998931884766,63.63999938964844,63.619998931884766,63.63999938964844,2615,0.0,0.0,0.0
2024-07-12 12:21:00-04:00,63.630001068115234,63.63999938964844,63.630001068115234,63.63999938964844,563,0.0,0.0,0.0
2024-07-12 12:22:00-04:00,63.63999938964844,63.654998779296875,63.63999938964844,63.650001525878906,4308,0.0,0.0,0.0
2024-07-12 12:23:00-04:00,63.630001068115234,63.630001068115234,63.625,63.625,289,0.0,0.0,0.0
2024-07-12 12:24:00-04:00,63.619998931884766,63.665000915527344,63.619998931884766,63.665000915527344,1895,0.0,0.0,0.0
2024-07-12 12:25:00-04:00,63.665000915527344,63.665000915527344,63.65999984741211,63.65999984741211,1118,0.0,0.0,0.0
2024-07-12 12:26:00-04:00,63.66999816894531,63.66999816894531,63.65999984741211,63.65999984741211,1253,0.0,0.0,0.0
2024-07-12 12:27:00-04:00,63.65999984741211,63.65999984741211,63.654998779296875,63.65999984741211,1395,0.0,0.0,0.0
2024-07-12 12:28:00-04:00,63.65999984741211,63.65999984741211,63.65999984741211,63.65999984741211,214,0.0,0.0,0.0
2024-07-12 12:29:00-04:00,63.66999816894531,63.66999816894531,63.66999816894531,63.66999816894531,369,0.0,0.0,0.0
2024-07-12 12:30:00-04:00,63.650001525878906,63.654998779296875,63.650001525878906,63.654998779296875,323,0.0,0.0,0.0
2024-07-12 12:31:00-04:00,63.650001525878906,63.650001525878906,63.63999938964844,63.64500045776367,1371,0.0,0.0,0.0
2024-07-12 12:32:00-04:00,63.63999938964844,63.63999938964844,63.625,63.630001068115234,2113,0.0,0.0,0.0
2024-07-12 12:33:00-04:00,63.630001068115234,63.650001525878906,63.630001068115234,63.650001525878906,1760,0.0,0.0,0.0
2024-07-12 12:34:00-04:00,63.650001525878906,63.654998779296875,63.630001068115234,63.630001068115234,7366,0.0,0.0,0.0
2024-07-12 12:35:00-04:00,63.63999938964844,63.654998779296875,63.63999938964844,63.654998779296875,1829,0.0,0.0,0.0
2024-07-12 12:36:00-04:00,63.654998779296875,63.654998779296875,63.64500045776367,63.64500045776367,423,0.0,0.0,0.0
2024-07-12 12:37:00-04:00,63.650001525878906,63.654998779296875,63.63999938964844,63.63999938964844,2648,0.0,0.0,0.0
2024-07-12 12:38:00-04:00,63.63999938964844,63.63999938964844,63.63999938964844,63.63999938964844,144,0.0,0.0,0.0
2024-07-12 12:39:00-04:00,63.63999938964844,63.63999938964844,63.630001068115234,63.630001068115234,902,0.0,0.0,0.0
2024-07-12 12:40:00-04:00,63.630001068115234,63.630001068115234,63.619998931884766,63.619998931884766,957,0.0,0.0,0.0
2024-07-12 12:41:00-04:00,63.625,63.625,63.61000061035156,63.61000061035156,1765,0.0,0.0,0.0
2024-07-12 12:42:00-04:00,63.61000061035156,63.64500045776367,63.61000061035156,63.63999938964844,2548,0.0,0.0,0.0
2024-07-12 12:43:00-04:00,63.63999938964844,63.650001525878906,63.63999938964844,63.64500045776367,2999,0.0,0.0,0.0
2024-07-12 12:44:00-04:00,63.650001525878906,63.654998779296875,63.650001525878906,63.650001525878906,671,0.0,0.0,0.0
2024-07-12 12:45:00-04:00,63.63999938964844,63.63999938964844,63.599998474121094,63.599998474121094,1795,0.0,0.0,0.0
2024-07-12 12:46:00-04:00,63.60879898071289,63.60879898071289,63.60499954223633,63.60499954223633,4374,0.0,0.0,0.0
2024-07-12 12:47:00-04:00,63.599998474121094,63.60499954223633,63.599998474121094,63.60499954223633,1104,0.0,0.0,0.0
2024-07-12 12:49:00-04:00,63.60900115966797,63.60900115966797,63.599998474121094,63.599998474121094,691,0.0,0.0,0.0
2024-07-12 12:50:00-04:00,63.63999938964844,63.63999938964844,63.61000061035156,63.63999938964844,5012,0.0,0.0,0.0
2024-07-12 12:52:00-04:00,63.650001525878906,63.66999816894531,63.650001525878906,63.66999816894531,1207,0.0,0.0,0.0
2024-07-12 12:53:00-04:00,63.66999816894531,63.67900085449219,63.66999816894531,63.67900085449219,1028,0.0,0.0,0.0
2024-07-12 12:54:00-04:00,63.68000030517578,63.70000076293945,63.68000030517578,63.69499969482422,1573,0.0,0.0,0.0
2024-07-12 12:55:00-04:00,63.69499969482422,63.70000076293945,63.69499969482422,63.70000076293945,1250,0.0,0.0,0.0
2024-07-12 12:56:00-04:00,63.70000076293945,63.720001220703125,63.689998626708984,63.720001220703125,2790,0.0,0.0,0.0
2024-07-12 12:57:00-04:00,63.72999954223633,63.75,63.72999954223633,63.75,682,0.0,0.0,0.0
2024-07-12 12:58:00-04:00,63.7599983215332,63.7599983215332,63.7400016784668,63.7400016784668,3179,0.0,0.0,0.0
2024-07-12 12:59:00-04:00,63.74039840698242,63.75,63.74039840698242,63.75,5215,0.0,0.0,0.0
2024-07-12 13:00:00-04:00,63.7400016784668,63.7400016784668,63.720001220703125,63.720001220703125,1724,0.0,0.0,0.0
2024-07-12 13:01:00-04:00,63.70000076293945,63.70000076293945,63.69499969482422,63.69499969482422,530,0.0,0.0,0.0
2024-07-12 13:02:00-04:00,63.69499969482422,63.71500015258789,63.685001373291016,63.685001373291016,4602,0.0,0.0,0.0
2024-07-12 13:03:00-04:00,63.67499923706055,63.67499923706055,63.67409896850586,63.67409896850586,906,0.0,0.0,0.0
2024-07-12 13:04:00-04:00,63.66999816894531,63.66999816894531,63.65999984741211,63.669898986816406,4299,0.0,0.0,0.0
2024-07-12 13:05:00-04:00,63.665000915527344,63.665000915527344,63.65999984741211,63.65999984741211,1161,0.0,0.0,0.0
2024-07-12 13:06:00-04:00,63.66999816894531,63.66999816894531,63.65999984741211,63.65999984741211,377,0.0,0.0,0.0
2024-07-12 13:07:00-04:00,63.65999984741211,63.66999816894531,63.650001525878906,63.650001525878906,2504,0.0,0.0,0.0
2024-07-12 13:09:00-04:00,63.68000030517578,63.68000030517578,63.65999984741211,63.68000030517578,2550,0.0,0.0,0.0
2024-07-12 13:10:00-04:00,63.68000030517578,63.69499969482422,63.68000030517578,63.69499969482422,2799,0.0,0.0,0.0
2024-07-12 13:11:00-04:00,63.724998474121094,63.724998474121094,63.69499969482422,63.724998474121094,1281,0.0,0.0,0.0
2024-07-12 13:12:00-04:00,63.72999954223633,63.76499938964844,63.72999954223633,63.76499938964844,1246,0.0,0.0,0.0
2024-07-12 13:13:00-04:00,63.77000045776367,63.77000045776367,63.7599983215332,63.7599983215332,3982,0.0,0.0,0.0
2024-07-12 13:14:00-04:00,63.7599983215332,63.7599983215332,63.7599983215332,63.7599983215332,724,0.0,0.0,0.0
2024-07-12 13:15:00-04:00,63.75,63.755001068115234,63.75,63.755001068115234,1647,0.0,0.0,0.0
2024-07-12 13:16:00-04:00,63.7599983215332,63.775001525878906,63.7599983215332,63.7599983215332,13475,0.0,0.0,0.0
2024-07-12 13:17:00-04:00,63.77000045776367,63.779998779296875,63.77000045776367,63.77000045776367,2275,0.0,0.0,0.0
2024-07-12 13:18:00-04:00,63.755001068115234,63.755001068115234,63.751800537109375,63.751800537109375,1223,0.0,0.0,0.0
2024-07-12 13:19:00-04:00,63.7599983215332,63.790000915527344,63.7599983215332,63.779998779296875,10677,0.0,0.0,0.0
2024-07-12 13:20:00-04:00,63.77000045776367,63.775001525878906,63.77000045776367,63.775001525878906,1633,0.0,0.0,0.0
2024-07-12 13:22:00-04:00,63.775001525878906,63.77989959716797,63.775001525878906,63.77899932861328,1180,0.0,0.0,0.0
2024-07-12 13:23:00-04:00,63.790000915527344,63.79999923706055,63.790000915527344,63.79999923706055,5897,0.0,0.0,0.0
2024-07-12 13:24:00-04:00,63.808998107910156,63.810001373291016,63.808998107910156,63.810001373291016,590,0.0,0.0,0.0
2024-07-12 13:25:00-04:00,63.79999923706055,63.810001373291016,63.790000915527344,63.790000915527344,11906,0.0,0.0,0.0
2024-07-12 13:26:00-04:00,63.79999923706055,63.810001373291016,63.79999923706055,63.810001373291016,1346,0.0,0.0,0.0
2024-07-12 13:27:00-04:00,63.81999969482422,63.82500076293945,63.81999969482422,63.81999969482422,1141,0.0,0.0,0.0
2024-07-12 13:28:00-04:00,63.83000183105469,63.845001220703125,63.83000183105469,63.845001220703125,3175,0.0,0.0,0.0
2024-07-12 13:29:00-04:00,63.849998474121094,63.849998474121094,63.84000015258789,63.845001220703125,2589,0.0,0.0,0.0
2024-07-12 13:30:00-04:00,63.845001220703125,63.849998474121094,63.83000183105469,63.845001220703125,23691,0.0,0.0,0.0
2024-07-12 13:31:00-04:00,63.845001220703125,63.86000061035156,63.845001220703125,63.86000061035156,10732,0.0,0.0,0.0
2024-07-12 13:32:00-04:00,63.86000061035156,63.869998931884766,63.86000061035156,63.86899948120117,5527,0.0,0.0,0.0
2024-07-12 13:33:00-04:00,63.869998931884766,63.869998931884766,63.869998931884766,63.869998931884766,693,0.0,0.0,0.0
2024-07-12 13:34:00-04:00,63.880001068115234,63.89500045776367,63.880001068115234,63.880001068115234,3721,0.0,0.0,0.0
2024-07-12 13:35:00-04:00,63.88999938964844,63.88999938964844,63.887001037597656,63.88999938964844,3814,0.0,0.0,0.0
2024-07-12 13:36:00-04:00,63.8849983215332,63.88999938964844,63.8849983215332,63.88999938964844,1092,0.0,0.0,0.0
2024-07-12 13:37:00-04:00,63.8849983215332,63.88999938964844,63.8849983215332,63.88999938964844,269,0.0,0.0,0.0
2024-07-12 13:38:00-04:00,63.8849983215332,63.900001525878906,63.8849983215332,63.89500045776367,3858,0.0,0.0,0.0
2024-07-12 13:39:00-04:00,63.849998474121094,63.900001525878906,63.849998474121094,63.849998474121094,10688,0.0,0.0,0.0
2024-07-12 13:40:00-04:00,63.849998474121094,63.849998474121094,63.83000183105469,63.84000015258789,9714,0.0,0.0,0.0
2024-07-12 13:41:00-04:00,63.849998474121094,63.880001068115234,63.849998474121094,63.880001068115234,14554,0.0,0.0,0.0
2024-07-12 13:42:00-04:00,63.880001068115234,63.88999938964844,63.880001068115234,63.88999938964844,2808,0.0,0.0,0.0
2024-07-12 13:43:00-04:00,63.900001525878906,63.915000915527344,63.900001525878906,63.915000915527344,3071,0.0,0.0,0.0
2024-07-12 13:44:00-04:00,63.90999984741211,63.91999816894531,63.90999984741211,63.91999816894531,263,0.0,0.0,0.0
2024-07-12 13:45:00-04:00,63.91999816894531,63.91999816894531,63.900001525878906,63.900001525878906,4639,0.0,0.0,0.0
2024-07-12 13:46:00-04:00,63.89899826049805,63.900001525878906,63.89830017089844,63.900001525878906,567,0.0,0.0,0.0
2024-07-12 13:47:00-04:00,63.900001525878906,63.90999984741211,63.89500045776367,63.90999984741211,18954,0.0,0.0,0.0
2024-07-12 13:48:00-04:00,63.90760040283203,63.915000915527344,63.900001525878906,63.90760040283203,6021,0.0,0.0,0.0
2024-07-12 13:49:00-04:00,63.900001525878906,63.904998779296875,63.900001525878906,63.904998779296875,698,0.0,0.0,0.0
2024-07-12 13:50:00-04:00,63.88999938964844,63.88999938964844,63.880001068115234,63.88999938964844,2356,0.0,0.0,0.0
2024-07-12 13:51:00-04:00,63.880001068115234,63.89500045776367,63.880001068115234,63.880001068115234,3818,0.0,0.0,0.0
2024-07-12 13:52:00-04:00,63.880001068115234,63.880001068115234,63.8650016784668,63.880001068115234,9010,0.0,0.0,0.0
2024-07-12 13:53:00-04:00,63.88999938964844,63.900001525878906,63.869998931884766,63.869998931884766,17156,0.0,0.0,0.0
2024-07-12 13:54:00-04:00,63.869998931884766,63.879398345947266,63.869998931884766,63.879398345947266,2490,0.0,0.0,0.0
2024-07-12 13:55:00-04:00,63.8650016784668,63.869998931884766,63.8650016784668,63.8650016784668,920,0.0,0.0,0.0
2024-07-12 13:56:00-04:00,63.86000061035156,63.875,63.85499954223633,63.869998931884766,24150,0.0,0.0,0.0
2024-07-12 13:57:00-04:00,63.875,63.8849983215332,63.845001220703125,63.85499954223633,54246,0.0,0.0,0.0
2024-07-12 13:58:00-04:00,63.849998474121094,63.86000061035156,63.849998474121094,63.849998474121094,6976,0.0,0.0,0.0
2024-07-12 13:59:00-04:00,63.86000061035156,63.86000061035156,63.84989929199219,63.849998474121094,9564,0.0,0.0,0.0
2024-07-12 14:00:00-04:00,63.86000061035156,63.875,63.849998474121094,63.875,18057,0.0,0.0,0.0
2024-07-12 14:01:00-04:00,63.880001068115234,63.880001068115234,63.880001068115234,63.880001068115234,563,0.0,0.0,0.0
2024-07-12 14:02:00-04:00,63.869998931884766,63.89500045776367,63.869998931884766,63.869998931884766,40340,0.0,0.0,0.0
2024-07-12 14:03:00-04:00,63.849998474121094,63.86000061035156,63.849998474121094,63.86000061035156,10202,0.0,0.0,0.0
2024-07-12 14:04:00-04:00,63.849998474121094,63.869998931884766,63.849998474121094,63.869998931884766,5104,0.0,0.0,0.0
2024-07-12 14:05:00-04:00,63.85499954223633,63.869998931884766,63.85499954223633,63.85499954223633,2806,0.0,0.0,0.0
2024-07-12 14:06:00-04:00,63.86000061035156,63.869998931884766,63.86000061035156,63.86320114135742,1033,0.0,0.0,0.0
2024-07-12 14:07:00-04:00,63.8650016784668,63.869998931884766,63.849998474121094,63.869998931884766,29875,0.0,0.0,0.0
2024-07-12 14:08:00-04:00,63.869998931884766,63.880001068115234,63.869998931884766,63.869998931884766,2595,0.0,0.0,0.0
2024-07-12 14:10:00-04:00,63.869998931884766,63.8849983215332,63.8650016784668,63.8650016784668,7289,0.0,0.0,0.0
2024-07-12 14:11:00-04:00,63.86000061035156,63.86000061035156,63.845001220703125,63.849998474121094,3422,0.0,0.0,0.0
2024-07-12 14:12:00-04:00,63.86000061035156,63.8650016784668,63.86000061035156,63.8650016784668,2138,0.0,0.0,0.0
2024-07-12 14:13:00-04:00,63.875,63.875,63.84000015258789,63.875,59842,0.0,0.0,0.0
2024-07-12 14:14:00-04:00,63.875,63.875,63.869998931884766,63.869998931884766,2492,0.0,0.0,0.0
2024-07-12 14:15:00-04:00,63.8650016784668,63.86899948120117,63.8650016784668,63.8650016784668,413,0.0,0.0,0.0
2024-07-12 14:16:00-04:00,63.86000061035156,63.880001068115234,63.86000061035156,63.880001068115234,4302,0.0,0.0,0.0
2024-07-12 14:17:00-04:00,63.88999938964844,63.900001525878906,63.88999938964844,63.900001525878906,1532,0.0,0.0,0.0
2024-07-12 14:18:00-04:00,63.904998779296875,63.90999984741211,63.900001525878906,63.90999984741211,3211,0.0,0.0,0.0
2024-07-12 14:19:00-04:00,63.900001525878906,63.900001525878906,63.89500045776367,63.89500045776367,1479,0.0,0.0,0.0
2024-07-12 14:20:00-04:00,63.88999938964844,63.89500045776367,63.869998931884766,63.869998931884766,3215,0.0,0.0,0.0
2024-07-12 14:21:00-04:00,63.86000061035156,63.86000061035156,63.85499954223633,63.85499954223633,869,0.0,0.0,0.0
2024-07-12 14:22:00-04:00,63.849998474121094,63.86000061035156,63.83000183105469,63.83000183105469,11068,0.0,0.0,0.0
2024-07-12 14:23:00-04:00,63.84000015258789,63.849998474121094,63.8380012512207,63.849998474121094,7464,0.0,0.0,0.0
2024-07-12 14:24:00-04:00,63.84000015258789,63.849998474121094,63.84000015258789,63.84000015258789,511,0.0,0.0,0.0
2024-07-12 14:25:00-04:00,63.84000015258789,63.84000015258789,63.84000015258789,63.84000015258789,14404,0.0,0.0,0.0
2024-07-12 14:27:00-04:00,63.849998474121094,63.869998931884766,63.849998474121094,63.86000061035156,7609,0.0,0.0,0.0
2024-07-12 14:28:00-04:00,63.853599548339844,63.86000061035156,63.853599548339844,63.86000061035156,515,0.0,0.0,0.0
2024-07-12 14:29:00-04:00,63.86000061035156,63.869998931884766,63.86000061035156,63.869998931884766,6107,0.0,0.0,0.0
2024-07-12 14:30:00-04:00,63.869998931884766,63.869998931884766,63.83000183105469,63.83000183105469,1487263,0.0,0.0,0.0
2024-07-12 14:31:00-04:00,63.81999969482422,63.82500076293945,63.79999923706055,63.79999923706055,2646,0.0,0.0,0.0
2024-07-12 14:32:00-04:00,63.79999923706055,63.80500030517578,63.790000915527344,63.790000915527344,1600,0.0,0.0,0.0
2024-07-12 14:34:00-04:00,63.790000915527344,63.86000061035156,63.790000915527344,63.849998474121094,27693,0.0,0.0,0.0
2024-07-12 14:35:00-04:00,63.85499954223633,63.86000061035156,63.849998474121094,63.85499954223633,1594,0.0,0.0,0.0
2024-07-12 14:36:00-04:00,63.86000061035156,63.86000061035156,63.85499954223633,63.86000061035156,884,0.0,0.0,0.0
2024-07-12 14:37:00-04:00,63.869998931884766,63.869998931884766,63.869998931884766,63.869998931884766,505,0.0,0.0,0.0
2024-07-12 14:39:00-04:00,63.869998931884766,63.91999816894531,63.869998931884766,63.91999816894531,3264,0.0,0.0,0.0
2024-07-12 14:40:00-04:00,63.91999816894531,63.91999816894531,63.90999984741211,63.90999984741211,3753,0.0,0.0,0.0
2024-07-12 14:41:00-04:00,63.900001525878906,63.900001525878906,63.869998931884766,63.869998931884766,4562,0.0,0.0,0.0
2024-07-12 14:43:00-04:00,63.8650016784668,63.8650016784668,63.849998474121094,63.849998474121094,2388,0.0,0.0,0.0
2024-07-12 14:44:00-04:00,63.86000061035156,63.880001068115234,63.86000061035156,63.880001068115234,2961,0.0,0.0,0.0
2024-07-12 14:45:00-04:00,63.880001068115234,63.880001068115234,63.880001068115234,63.880001068115234,1005,0.0,0.0,0.0
2024-07-12 14:46:00-04:00,63.88999938964844,63.89500045776367,63.888999938964844,63.88999938964844,1727,0.0,0.0,0.0
2024-07-12 14:47:00-04:00,63.880001068115234,63.880001068115234,63.880001068115234,63.880001068115234,2565,0.0,0.0,0.0
2024-07-12 14:49:00-04:00,63.880001068115234,63.904998779296875,63.880001068115234,63.900001525878906,12515,0.0,0.0,0.0
2024-07-12 14:50:00-04:00,63.88999938964844,63.88999938964844,63.86000061035156,63.875,3436,0.0,0.0,0.0
2024-07-12 14:51:00-04:00,63.86000061035156,63.869998931884766,63.86000061035156,63.869998931884766,16724,0.0,0.0,0.0
2024-07-12 14:52:00-04:00,63.86000061035156,63.880001068115234,63.86000061035156,63.880001068115234,18438,0.0,0.0,0.0
2024-07-12 14:53:00-04:00,63.875,63.875,63.875,63.875,355,0.0,0.0,0.0
2024-07-12 14:55:00-04:00,63.869998931884766,63.88999938964844,63.869998931884766,63.8849983215332,6674,0.0,0.0,0.0
2024-07-12 14:56:00-04:00,63.8849983215332,63.89030075073242,63.8849983215332,63.88999938964844,7952,0.0,0.0,0.0
2024-07-12 14:57:00-04:00,63.8849983215332,63.89500045776367,63.8849983215332,63.888999938964844,4783,0.0,0.0,0.0
2024-07-12 14:58:00-04:00,63.88999938964844,63.88999938964844,63.869998931884766,63.869998931884766,4271,0.0,0.0,0.0
2024-07-12 14:59:00-04:00,63.880001068115234,63.880001068115234,63.880001068115234,63.880001068115234,1321,0.0,0.0,0.0
2024-07-12 15:00:00-04:00,63.88999938964844,63.904998779296875,63.88999938964844,63.904998779296875,1667,0.0,0.0,0.0
2024-07-12 15:01:00-04:00,63.890098571777344,63.90999984741211,63.890098571777344,63.90999984741211,2842,0.0,0.0,0.0
2024-07-12 15:02:00-04:00,63.92499923706055,63.92499923706055,63.900001525878906,63.92499923706055,24780,0.0,0.0,0.0
2024-07-12 15:03:00-04:00,63.91999816894531,63.92499923706055,63.90999984741211,63.91999816894531,7817,0.0,0.0,0.0
2024-07-12 15:04:00-04:00,63.91999816894531,63.92499923706055,63.91999816894531,63.92499923706055,1001,0.0,0.0,0.0
2024-07-12 15:05:00-04:00,63.93000030517578,63.935001373291016,63.91999816894531,63.91999816894531,10235,0.0,0.0,0.0
2024-07-12 15:06:00-04:00,63.915000915527344,63.91999816894531,63.90999984741211,63.90999984741211,1147,0.0,0.0,0.0
2024-07-12 15:07:00-04:00,63.91680145263672,63.91680145263672,63.915000915527344,63.915000915527344,1135,0.0,0.0,0.0
2024-07-12 15:08:00-04:00,63.915000915527344,63.93000030517578,63.90999984741211,63.93000030517578,16225,0.0,0.0,0.0
2024-07-12 15:09:00-04:00,63.93000030517578,63.935001373291016,63.91999816894531,63.91999816894531,12583,0.0,0.0,0.0
2024-07-12 15:10:00-04:00,63.92499923706055,63.92499923706055,63.90999984741211,63.91999816894531,15077,0.0,0.0,0.0
2024-07-12 15:11:00-04:00,63.900001525878906,63.90999984741211,63.900001525878906,63.900001525878906,25517,0.0,0.0,0.0
2024-07-12 15:12:00-04:00,63.900001525878906,63.904998779296875,63.88999938964844,63.89500045776367,37485,0.0,0.0,0.0
2024-07-12 15:13:00-04:00,63.890098571777344,63.90999984741211,63.890098571777344,63.90999984741211,17969,0.0,0.0,0.0
2024-07-12 15:14:00-04:00,63.900001525878906,63.935001373291016,63.900001525878906,63.932498931884766,18446,0.0,0.0,0.0
2024-07-12 15:15:00-04:00,63.93000030517578,63.935001373291016,63.915000915527344,63.915000915527344,8805,0.0,0.0,0.0
2024-07-12 15:16:00-04:00,63.90999984741211,63.915000915527344,63.90999984741211,63.90999984741211,12720,0.0,0.0,0.0
2024-07-12 15:17:00-04:00,63.90999984741211,63.90999984741211,63.900001525878906,63.900001525878906,692,0.0,0.0,0.0
2024-07-12 15:18:00-04:00,63.90589904785156,63.91999816894531,63.900001525878906,63.91999816894531,10491,0.0,0.0,0.0
2024-07-12 15:19:00-04:00,63.910099029541016,63.91999816894531,63.910099029541016,63.91999816894531,2168,0.0,0.0,0.0
2024-07-12 15:20:00-04:00,63.91999816894531,63.91999816894531,63.910099029541016,63.91999816894531,3384,0.0,0.0,0.0
2024-07-12 15:21:00-04:00,63.91999816894531,63.91999816894531,63.90999984741211,63.915000915527344,16288,0.0,0.0,0.0
2024-07-12 15:22:00-04:00,63.90999984741211,63.93000030517578,63.90999984741211,63.93000030517578,5511,0.0,0.0,0.0
2024-07-12 15:23:00-04:00,63.91999816894531,63.92499923706055,63.900001525878906,63.900001525878906,16727,0.0,0.0,0.0
2024-07-12 15:24:00-04:00,63.904998779296875,63.904998779296875,63.880001068115234,63.880001068115234,17189,0.0,0.0,0.0
2024-07-12 15:25:00-04:00,63.88999938964844,63.904998779296875,63.88999938964844,63.88999938964844,15400,0.0,0.0,0.0
2024-07-12 15:26:00-04:00,63.88999938964844,63.89500045776367,63.880001068115234,63.88999938964844,1926342,0.0,0.0,0.0
2024-07-12 15:27:00-04:00,63.88999938964844,63.88999938964844,63.880001068115234,63.880001068115234,1611,0.0,0.0,0.0
2024-07-12 15:28:00-04:00,63.880001068115234,63.880001068115234,63.869998931884766,63.869998931884766,8516,0.0,0.0,0.0
2024-07-12 15:29:00-04:00,63.869998931884766,63.880001068115234,63.869998931884766,63.869998931884766,4578,0.0,0.0,0.0
2024-07-12 15:30:00-04:00,63.869998931884766,63.880001068115234,63.849998474121094,63.849998474121094,13261,0.0,0.0,0.0
2024-07-12 15:31:00-04:00,63.84000015258789,63.86000061035156,63.790000915527344,63.86000061035156,25425,0.0,0.0,0.0
2024-07-12 15:32:00-04:00,63.86000061035156,63.86000061035156,63.84000015258789,63.84000015258789,5693,0.0,0.0,0.0
2024-07-12 15:33:00-04:00,63.84000015258789,63.84000015258789,63.81999969482422,63.83000183105469,2802,0.0,0.0,0.0
2024-07-12 15:34:00-04:00,63.83000183105469,63.86000061035156,63.83000183105469,63.86000061035156,4903,0.0,0.0,0.0
2024-07-12 15:35:00-04:00,63.849998474121094,63.849998474121094,63.84000015258789,63.84000015258789,4170,0.0,0.0,0.0
2024-07-12 15:36:00-04:00,63.84000015258789,63.84149932861328,63.84000015258789,63.84000015258789,8598,0.0,0.0,0.0
2024-07-12 15:37:00-04:00,63.79999923706055,63.83000183105469,63.79999923706055,63.79999923706055,9243,0.0,0.0,0.0
2024-07-12 15:38:00-04:00,63.79999923706055,63.810001373291016,63.790000915527344,63.79999923706055,11237,0.0,0.0,0.0
2024-07-12 15:39:00-04:00,63.810001373291016,63.810001373291016,63.790000915527344,63.79999923706055,9707,0.0,0.0,0.0
2024-07-12 15:40:00-04:00,63.79999923706055,63.79999923706055,63.790000915527344,63.790000915527344,6409,0.0,0.0,0.0
2024-07-12 15:41:00-04:00,63.779998779296875,63.810001373291016,63.77000045776367,63.810001373291016,8720,0.0,0.0,0.0
2024-07-12 15:42:00-04:00,63.79999923706055,63.79999923706055,63.790000915527344,63.790000915527344,6134,0.0,0.0,0.0
2024-07-12 15:43:00-04:00,63.790000915527344,63.790000915527344,63.755001068115234,63.76499938964844,14446,0.0,0.0,0.0
2024-07-12 15:44:00-04:00,63.7599983215332,63.7599983215332,63.7400016784668,63.7400016784668,8215,0.0,0.0,0.0
2024-07-12 15:45:00-04:00,63.75,63.790000915527344,63.744998931884766,63.790000915527344,24129,0.0,0.0,0.0
2024-07-12 15:46:00-04:00,63.79999923706055,63.83000183105469,63.79999923706055,63.810001373291016,28358,0.0,0.0,0.0
2024-07-12 15:47:00-04:00,63.814998626708984,63.814998626708984,63.79999923706055,63.79999923706055,5034,0.0,0.0,0.0
2024-07-12 15:48:00-04:00,63.79499816894531,63.810001373291016,63.779998779296875,63.79999923706055,10053,0.0,0.0,0.0
2024-07-12 15:49:00-04:00,63.790000915527344,63.790000915527344,63.779998779296875,63.779998779296875,11543,0.0,0.0,0.0
2024-07-12 15:50:00-04:00,63.779998779296875,63.779998779296875,63.7400016784668,63.7400016784668,30204,0.0,0.0,0.0
2024-07-12 15:51:00-04:00,63.7400016784668,63.77000045776367,63.73500061035156,63.76499938964844,29430,0.0,0.0,0.0
2024-07-12 15:52:00-04:00,63.7599983215332,63.76499938964844,63.7400016784668,63.7400016784668,18510,0.0,0.0,0.0
2024-07-12 15:53:00-04:00,63.7400016784668,63.744998931884766,63.72999954223633,63.72999954223633,14761,0.0,0.0,0.0
2024-07-12 15:54:00-04:00,63.720001220703125,63.744998931884766,63.70000076293945,63.709999084472656,36526,0.0,0.0,0.0
2024-07-12 15:55:00-04:00,63.70000076293945,63.70000076293945,63.66999816894531,63.685001373291016,24691,0.0,0.0,0.0
2024-07-12 15:56:00-04:00,63.685001373291016,63.689998626708984,63.63999938964844,63.650001525878906,49263,0.0,0.0,0.0
2024-07-12 15:57:00-04:00,63.63999938964844,63.64500045776367,63.619998931884766,63.630001068115234,36515,0.0,0.0,0.0
2024-07-12 15:58:00-04:00,63.630001068115234,63.63999938964844,63.595001220703125,63.595001220703125,62502,0.0,0.0,0.0
2024-07-12 15:59:00-04:00,63.59000015258789,63.63999938964844,63.59000015258789,63.599998474121094,144144,0.0,0.0,0.0
