Datetime,Open,High,Low,Close,Volume,Dividends,Stock Splits
2022-09-01 09:00:00+08:00,0.03200000151991844,0.03200000151991844,0.03200000151991844,0.03200000151991844,1100,0.0,0.0
2022-09-01 10:00:00+08:00,0.03200000151991844,0.03200000151991844,0.03200000151991844,0.03200000151991844,500,0.0,0.0
2022-09-01 11:00:00+08:00,0.03200000151991844,0.03200000151991844,0.03200000151991844,0.03200000151991844,500,0.0,0.0
2022-09-01 13:00:00+08:00,0.03200000151991844,0.03200000151991844,0.03200000151991844,0.03200000151991844,500,0.0,0.0
2022-09-01 14:00:00+08:00,0.03200000151991844,0.03200000151991844,0.03200000151991844,0.03200000151991844,500,0.0,0.0
2022-09-01 15:00:00+08:00,0.03200000151991844,0.03200000151991844,0.03200000151991844,0.03200000151991844,600,0.0,0.0
2022-09-01 16:00:00+08:00,0.03200000151991844,0.03200000151991844,0.03200000151991844,0.03200000151991844,800,0.0,0.0
2022-09-02 09:00:00+08:00,0.03099999949336052,0.03200000151991844,0.03099999949336052,0.03200000151991844,15500,0.0,0.0
2022-09-02 10:00:00+08:00,0.03200000151991844,0.03200000151991844,0.03099999949336052,0.03099999949336052,60500,0.0,0.0
2022-09-02 11:00:00+08:00,0.03099999949336052,0.03099999949336052,0.03099999949336052,0.03099999949336052,500,0.0,0.0
2022-09-02 12:00:00+08:00,0.03099999949336052,0.03099999949336052,0.03099999949336052,0.03099999949336052,100,0.0,0.0
2022-09-02 13:00:00+08:00,0.03099999949336052,0.03099999949336052,0.03099999949336052,0.03099999949336052,500,0.0,0.0
2022-09-02 14:00:00+08:00,0.03099999949336052,0.03200000151991844,0.03099999949336052,0.03200000151991844,202100,0.0,0.0
2022-09-02 15:00:00+08:00,0.03200000151991844,0.03200000151991844,0.03200000151991844,0.03200000151991844,400,0.0,0.0
2022-09-02 16:00:00+08:00,0.03200000151991844,0.03200000151991844,0.03099999949336052,0.03099999949336052,17800,0.0,0.0
2022-09-05 09:00:00+08:00,0.03099999949336052,0.03099999949336052,0.03099999949336052,0.03099999949336052,800,0.0,0.0
2022-09-05 10:00:00+08:00,0.03099999949336052,0.03099999949336052,0.03099999949336052,0.03099999949336052,500,0.0,0.0
2022-09-05 11:00:00+08:00,0.03099999949336052,0.03099999949336052,0.03099999949336052,0.03099999949336052,700,0.0,0.0
2022-09-05 13:00:00+08:00,0.03099999949336052,0.03099999949336052,0.03099999949336052,0.03099999949336052,500,0.0,0.0
2022-09-05 14:00:00+08:00,0.03099999949336052,0.03099999949336052,0.03099999949336052,0.03099999949336052,500,0.0,0.0
2022-09-05 15:00:00+08:00,0.03099999949336052,0.03099999949336052,0.03099999949336052,0.03099999949336052,500,0.0,0.0
2022-09-05 16:00:00+08:00,0.03099999949336052,0.03099999949336052,0.03099999949336052,0.03099999949336052,1400,0.0,0.0
2022-09-06 11:00:00+08:00,0.03099999949336052,0.032999999821186066,0.03099999949336052,0.03200000151991844,800,0.0,0.0
2022-09-06 12:00:00+08:00,0.03200000151991844,0.03200000151991844,0.03200000151991844,0.03200000151991844,100,0.0,0.0
2022-09-06 13:00:00+08:00,0.03200000151991844,0.03200000151991844,0.03200000151991844,0.03200000151991844,700,0.0,0.0
2022-09-06 14:00:00+08:00,0.03200000151991844,0.03200000151991844,0.03200000151991844,0.03200000151991844,700,0.0,0.0
2022-09-06 15:00:00+08:00,0.03200000151991844,0.03200000151991844,0.03099999949336052,0.03200000151991844,900,0.0,0.0
2022-09-06 16:00:00+08:00,0.03200000151991844,0.03200000151991844,0.03200000151991844,0.03200000151991844,1200,0.0,0.0
2022-09-07 09:00:00+08:00,0.03099999949336052,0.03099999949336052,0.03099999949336052,0.03099999949336052,1000,0.0,0.0
2022-09-07 10:00:00+08:00,0.03099999949336052,0.03099999949336052,0.03099999949336052,0.03099999949336052,5500,0.0,0.0
2022-09-07 11:00:00+08:00,0.03099999949336052,0.03099999949336052,0.03099999949336052,0.03099999949336052,600,0.0,0.0
2022-09-07 13:00:00+08:00,0.03099999949336052,0.03099999949336052,0.03099999949336052,0.03099999949336052,300,0.0,0.0
2022-09-07 14:00:00+08:00,0.03099999949336052,0.03099999949336052,0.03099999949336052,0.03099999949336052,600,0.0,0.0
2022-09-07 15:00:00+08:00,0.03099999949336052,0.03099999949336052,0.03099999949336052,0.03099999949336052,1500,0.0,0.0
2022-09-07 16:00:00+08:00,0.03099999949336052,0.03099999949336052,0.03099999949336052,0.03099999949336052,2400,0.0,0.0
2022-09-08 09:00:00+08:00,0.03099999949336052,0.03200000151991844,0.03099999949336052,0.03200000151991844,101100,0.0,0.0
2022-09-08 10:00:00+08:00,0.03200000151991844,0.03200000151991844,0.03200000151991844,0.03200000151991844,400,0.0,0.0
2022-09-08 11:00:00+08:00,0.03200000151991844,0.032999999821186066,0.03200000151991844,0.032999999821186066,600,0.0,0.0
2022-09-08 13:00:00+08:00,0.032999999821186066,0.032999999821186066,0.03200000151991844,0.03200000151991844,104900,0.0,0.0
2022-09-08 14:00:00+08:00,0.03200000151991844,0.03200000151991844,0.03200000151991844,0.03200000151991844,500,0.0,0.0
2022-09-08 15:00:00+08:00,0.03200000151991844,0.03200000151991844,0.03200000151991844,0.03200000151991844,600,0.0,0.0
2022-09-08 16:00:00+08:00,0.03200000151991844,0.032999999821186066,0.03200000151991844,0.03200000151991844,198600,0.0,0.0
2022-09-09 09:00:00+08:00,0.03200000151991844,0.03200000151991844,0.03200000151991844,0.03200000151991844,1300,0.0,0.0
2022-09-09 10:00:00+08:00,0.03200000151991844,0.03200000151991844,0.03200000151991844,0.03200000151991844,5200,0.0,0.0
2022-09-09 11:00:00+08:00,0.03200000151991844,0.03200000151991844,0.03099999949336052,0.03099999949336052,1900,0.0,0.0
2022-09-09 12:00:00+08:00,0.03099999949336052,0.03099999949336052,0.03099999949336052,0.03099999949336052,600,0.0,0.0
2022-09-09 13:00:00+08:00,0.03099999949336052,0.032999999821186066,0.03099999949336052,0.03099999949336052,1400,0.0,0.0
2022-09-09 14:00:00+08:00,0.03099999949336052,0.03099999949336052,0.03099999949336052,0.03099999949336052,800,0.0,0.0
2022-09-09 15:00:00+08:00,0.03099999949336052,0.03099999949336052,0.03099999949336052,0.03099999949336052,900,0.0,0.0
2022-09-09 16:00:00+08:00,0.03099999949336052,0.03200000151991844,0.03099999949336052,0.03200000151991844,1400,0.0,0.0
2022-09-12 09:00:00+08:00,0.03099999949336052,0.03200000151991844,0.03099999949336052,0.03200000151991844,1100,0.0,0.0
2022-09-12 10:00:00+08:00,0.03200000151991844,0.03200000151991844,0.03200000151991844,0.03200000151991844,49400,0.0,0.0
2022-09-12 11:00:00+08:00,0.03200000151991844,0.03200000151991844,0.03200000151991844,0.03200000151991844,58900,0.0,0.0
2022-09-12 13:00:00+08:00,0.03200000151991844,0.03200000151991844,0.03200000151991844,0.03200000151991844,500,0.0,0.0
2022-09-12 14:00:00+08:00,0.03200000151991844,0.03200000151991844,0.03099999949336052,0.03099999949336052,4400,0.0,0.0
2022-09-12 15:00:00+08:00,0.03099999949336052,0.03099999949336052,0.03099999949336052,0.03099999949336052,500,0.0,0.0
2022-09-12 16:00:00+08:00,0.03099999949336052,0.03200000151991844,0.03099999949336052,0.03200000151991844,1000,0.0,0.0
2022-09-13 09:00:00+08:00,0.03099999949336052,0.03099999949336052,0.03099999949336052,0.03099999949336052,1000,0.0,0.0
2022-09-13 10:00:00+08:00,0.03099999949336052,0.03099999949336052,0.03099999949336052,0.03099999949336052,500,0.0,0.0
2022-09-13 11:00:00+08:00,0.03099999949336052,0.03099999949336052,0.03099999949336052,0.03099999949336052,500,0.0,0.0
2022-09-13 13:00:00+08:00,0.03099999949336052,0.03099999949336052,0.03099999949336052,0.03099999949336052,500,0.0,0.0
2022-09-13 14:00:00+08:00,0.03099999949336052,0.03099999949336052,0.03099999949336052,0.03099999949336052,500,0.0,0.0
2022-09-13 15:00:00+08:00,0.03099999949336052,0.03099999949336052,0.03099999949336052,0.03099999949336052,500,0.0,0.0
2022-09-13 16:00:00+08:00,0.03099999949336052,0.03099999949336052,0.03099999949336052,0.03099999949336052,1100,0.0,0.0
2022-09-14 11:00:00+08:00,0.03099999949336052,0.03099999949336052,0.03099999949336052,0.03099999949336052,0,0.0,0.0
2022-09-14 12:00:00+08:00,0.03099999949336052,0.03099999949336052,0.03099999949336052,0.03099999949336052,100,0.0,0.0
2022-09-14 13:00:00+08:00,0.03099999949336052,0.03099999949336052,0.03099999949336052,0.03099999949336052,400,0.0,0.0
2022-09-14 14:00:00+08:00,0.03099999949336052,0.03099999949336052,0.03099999949336052,0.03099999949336052,800,0.0,0.0
2022-09-14 15:00:00+08:00,0.03099999949336052,0.03099999949336052,0.03099999949336052,0.03099999949336052,1200,0.0,0.0
2022-09-14 16:00:00+08:00,0.03099999949336052,0.03099999949336052,0.03099999949336052,0.03099999949336052,1400,0.0,0.0
2022-09-15 09:00:00+08:00,0.03099999949336052,0.03099999949336052,0.03099999949336052,0.03099999949336052,1000,0.0,0.0
2022-09-15 10:00:00+08:00,0.03099999949336052,0.03099999949336052,0.03099999949336052,0.03099999949336052,500,0.0,0.0
2022-09-15 11:00:00+08:00,0.03099999949336052,0.03099999949336052,0.03099999949336052,0.03099999949336052,500,0.0,0.0
2022-09-15 13:00:00+08:00,0.03099999949336052,0.03099999949336052,0.03099999949336052,0.03099999949336052,1700,0.0,0.0
2022-09-15 14:00:00+08:00,0.03099999949336052,0.03099999949336052,0.03099999949336052,0.03099999949336052,500,0.0,0.0
2022-09-15 15:00:00+08:00,0.03099999949336052,0.03099999949336052,0.03099999949336052,0.03099999949336052,500,0.0,0.0
2022-09-15 16:00:00+08:00,0.03099999949336052,0.03099999949336052,0.03099999949336052,0.03099999949336052,900,0.0,0.0
2022-09-16 09:00:00+08:00,0.03099999949336052,0.03099999949336052,0.03099999949336052,0.03099999949336052,1000,0.0,0.0
2022-09-16 10:00:00+08:00,0.03099999949336052,0.03099999949336052,0.03099999949336052,0.03099999949336052,500,0.0,0.0
2022-09-16 11:00:00+08:00,0.03099999949336052,0.03099999949336052,0.03099999949336052,0.03099999949336052,600,0.0,0.0
2022-09-16 13:00:00+08:00,0.03099999949336052,0.03099999949336052,0.03099999949336052,0.03099999949336052,300,0.0,0.0
2022-09-16 14:00:00+08:00,0.03099999949336052,0.03099999949336052,0.03099999949336052,0.03099999949336052,600,0.0,0.0
2022-09-16 15:00:00+08:00,0.03099999949336052,0.03099999949336052,0.03099999949336052,0.03099999949336052,100600,0.0,0.0
2022-09-16 16:00:00+08:00,0.03099999949336052,0.03099999949336052,0.03099999949336052,0.03099999949336052,800,0.0,0.0
2022-09-19 09:00:00+08:00,0.03099999949336052,0.03099999949336052,0.03099999949336052,0.03099999949336052,800,0.0,0.0
2022-09-19 10:00:00+08:00,0.03099999949336052,0.03099999949336052,0.03099999949336052,0.03099999949336052,14200,0.0,0.0
2022-09-19 11:00:00+08:00,0.03099999949336052,0.03099999949336052,0.03099999949336052,0.03099999949336052,0,0.0,0.0
2022-09-19 13:00:00+08:00,0.03099999949336052,0.03099999949336052,0.03099999949336052,0.03099999949336052,15800,0.0,0.0
2022-09-19 14:00:00+08:00,0.03099999949336052,0.03099999949336052,0.03099999949336052,0.03099999949336052,600,0.0,0.0
2022-09-19 15:00:00+08:00,0.03099999949336052,0.03099999949336052,0.03099999949336052,0.03099999949336052,600,0.0,0.0
2022-09-19 16:00:00+08:00,0.03099999949336052,0.03099999949336052,0.03099999949336052,0.03099999949336052,900,0.0,0.0
2022-09-20 10:00:00+08:00,0.03099999949336052,0.03099999949336052,0.03099999949336052,0.03099999949336052,1100,0.0,0.0
2022-09-20 11:00:00+08:00,0.03099999949336052,0.03099999949336052,0.03099999949336052,0.03099999949336052,520800,0.0,0.0
2022-09-20 12:00:00+08:00,0.03099999949336052,0.03099999949336052,0.03099999949336052,0.03099999949336052,600,0.0,0.0
2022-09-20 13:00:00+08:00,0.03099999949336052,0.03099999949336052,0.03099999949336052,0.03099999949336052,1000,0.0,0.0
2022-09-20 14:00:00+08:00,0.03099999949336052,0.03099999949336052,0.03099999949336052,0.03099999949336052,1900,0.0,0.0
2022-09-20 15:00:00+08:00,0.03099999949336052,0.03099999949336052,0.03099999949336052,0.03099999949336052,1600,0.0,0.0
2022-09-20 16:00:00+08:00,0.03099999949336052,0.03099999949336052,0.03099999949336052,0.03099999949336052,3100,0.0,0.0
2022-09-21 09:00:00+08:00,0.03099999949336052,0.03099999949336052,0.03099999949336052,0.03099999949336052,0,0.0,0.0
2022-09-21 10:00:00+08:00,0.03099999949336052,0.03099999949336052,0.03099999949336052,0.03099999949336052,1000,0.0,0.0
2022-09-21 11:00:00+08:00,0.03099999949336052,0.03099999949336052,0.03099999949336052,0.03099999949336052,1200,0.0,0.0
2022-09-21 12:00:00+08:00,0.03099999949336052,0.03099999949336052,0.03099999949336052,0.03099999949336052,100,0.0,0.0
2022-09-21 13:00:00+08:00,0.03099999949336052,0.03099999949336052,0.03099999949336052,0.03099999949336052,700,0.0,0.0
2022-09-21 14:00:00+08:00,0.03099999949336052,0.03099999949336052,0.03099999949336052,0.03099999949336052,700,0.0,0.0
2022-09-21 15:00:00+08:00,0.03099999949336052,0.03099999949336052,0.03099999949336052,0.03099999949336052,1100,0.0,0.0
2022-09-21 16:00:00+08:00,0.03099999949336052,0.03099999949336052,0.03099999949336052,0.03099999949336052,1900,0.0,0.0
2022-09-22 09:00:00+08:00,0.03200000151991844,0.03200000151991844,0.03200000151991844,0.03200000151991844,0,0.0,0.0
2022-09-22 12:00:00+08:00,0.03200000151991844,0.03200000151991844,0.03200000151991844,0.03200000151991844,30000,0.0,0.0
2022-09-23 09:00:00+08:00,0.03099999949336052,0.03099999949336052,0.03099999949336052,0.03099999949336052,900,0.0,0.0
2022-09-23 10:00:00+08:00,0.03099999949336052,0.03099999949336052,0.03099999949336052,0.03099999949336052,600,0.0,0.0
2022-09-23 11:00:00+08:00,0.03099999949336052,0.03099999949336052,0.03099999949336052,0.03099999949336052,400,0.0,0.0
2022-09-23 12:00:00+08:00,0.03099999949336052,0.03099999949336052,0.03099999949336052,0.03099999949336052,100,0.0,0.0
2022-09-23 13:00:00+08:00,0.03099999949336052,0.03099999949336052,0.03099999949336052,0.03099999949336052,600,0.0,0.0
2022-09-23 14:00:00+08:00,0.03099999949336052,0.03099999949336052,0.03099999949336052,0.03099999949336052,30600,0.0,0.0
2022-09-23 15:00:00+08:00,0.03099999949336052,0.03099999949336052,0.03099999949336052,0.03099999949336052,600,0.0,0.0
2022-09-23 16:00:00+08:00,0.03099999949336052,0.03099999949336052,0.03099999949336052,0.03099999949336052,84900,0.0,0.0
2022-09-26 09:00:00+08:00,0.029999999329447746,0.03400000184774399,0.029999999329447746,0.03200000151991844,151400,0.0,0.0
2022-09-26 10:00:00+08:00,0.03200000151991844,0.032999999821186066,0.03099999949336052,0.03099999949336052,500,0.0,0.0
2022-09-26 11:00:00+08:00,0.03099999949336052,0.03099999949336052,0.03099999949336052,0.03099999949336052,10500,0.0,0.0
2022-09-26 13:00:00+08:00,0.03099999949336052,0.03099999949336052,0.029999999329447746,0.029999999329447746,105400,0.0,0.0
2022-09-26 14:00:00+08:00,0.029999999329447746,0.03200000151991844,0.029999999329447746,0.03099999949336052,190700,0.0,0.0
2022-09-26 15:00:00+08:00,0.03099999949336052,0.03099999949336052,0.03099999949336052,0.03099999949336052,600,0.0,0.0
2022-09-26 16:00:00+08:00,0.03099999949336052,0.03200000151991844,0.029999999329447746,0.029999999329447746,50900,0.0,0.0
2022-09-27 09:00:00+08:00,0.029999999329447746,0.03099999949336052,0.029999999329447746,0.029999999329447746,50500,0.0,0.0
2022-09-27 10:00:00+08:00,0.029999999329447746,0.03099999949336052,0.029999999329447746,0.03099999949336052,600,0.0,0.0
2022-09-27 11:00:00+08:00,0.03099999949336052,0.03099999949336052,0.029999999329447746,0.029999999329447746,20300,0.0,0.0
2022-09-27 13:00:00+08:00,0.029999999329447746,0.03099999949336052,0.029999999329447746,0.03099999949336052,800,0.0,0.0
2022-09-27 14:00:00+08:00,0.03099999949336052,0.03099999949336052,0.03099999949336052,0.03099999949336052,400,0.0,0.0
2022-09-27 15:00:00+08:00,0.03099999949336052,0.03099999949336052,0.03099999949336052,0.03099999949336052,12100,0.0,0.0
2022-09-27 16:00:00+08:00,0.03099999949336052,0.03099999949336052,0.03099999949336052,0.03099999949336052,800,0.0,0.0
2022-09-28 09:00:00+08:00,0.029999999329447746,0.029999999329447746,0.029999999329447746,0.029999999329447746,1000,0.0,0.0
2022-09-28 10:00:00+08:00,0.029999999329447746,0.029999999329447746,0.029999999329447746,0.029999999329447746,500,0.0,0.0
2022-09-28 11:00:00+08:00,0.029999999329447746,0.029999999329447746,0.029999999329447746,0.029999999329447746,100500,0.0,0.0
2022-09-28 13:00:00+08:00,0.029999999329447746,0.029999999329447746,0.029999999329447746,0.029999999329447746,400,0.0,0.0
2022-09-28 14:00:00+08:00,0.029999999329447746,0.029999999329447746,0.029999999329447746,0.029999999329447746,400,0.0,0.0
2022-09-28 15:00:00+08:00,0.029999999329447746,0.029999999329447746,0.029999999329447746,0.029999999329447746,400,0.0,0.0
2022-09-28 16:00:00+08:00,0.029999999329447746,0.029999999329447746,0.029999999329447746,0.029999999329447746,1200,0.0,0.0
2022-09-29 13:00:00+08:00,0.029999999329447746,0.029999999329447746,0.029999999329447746,0.029999999329447746,8200,0.0,0.0
2022-09-29 15:00:00+08:00,0.029999999329447746,0.029999999329447746,0.029999999329447746,0.029999999329447746,50000,0.0,0.0
2022-09-29 16:00:00+08:00,0.029999999329447746,0.029999999329447746,0.029999999329447746,0.029999999329447746,237000,0.0,0.0
2022-09-30 09:00:00+08:00,0.029999999329447746,0.029999999329447746,0.029999999329447746,0.029999999329447746,40800,0.0,0.0
2022-09-30 10:00:00+08:00,0.029999999329447746,0.029999999329447746,0.029999999329447746,0.029999999329447746,500,0.0,0.0
2022-09-30 11:00:00+08:00,0.029999999329447746,0.029999999329447746,0.029999999329447746,0.029999999329447746,500,0.0,0.0
2022-09-30 13:00:00+08:00,0.029999999329447746,0.029999999329447746,0.029999999329447746,0.029999999329447746,400,0.0,0.0
2022-09-30 14:00:00+08:00,0.029999999329447746,0.029999999329447746,0.029999999329447746,0.029999999329447746,400,0.0,0.0
2022-09-30 15:00:00+08:00,0.029999999329447746,0.029999999329447746,0.029999999329447746,0.029999999329447746,600,0.0,0.0
2022-09-30 16:00:00+08:00,0.029999999329447746,0.03099999949336052,0.029999999329447746,0.03099999949336052,800,0.0,0.0
2022-10-03 09:00:00+08:00,0.03099999949336052,0.03099999949336052,0.03099999949336052,0.03099999949336052,1000,0.0,0.0
2022-10-03 10:00:00+08:00,0.03099999949336052,0.03099999949336052,0.03099999949336052,0.03099999949336052,600,0.0,0.0
2022-10-03 11:00:00+08:00,0.03099999949336052,0.03099999949336052,0.028999999165534973,0.028999999165534973,100,0.0,0.0
2022-10-03 13:00:00+08:00,0.028999999165534973,0.028999999165534973,0.028999999165534973,0.028999999165534973,500,0.0,0.0
2022-10-03 14:00:00+08:00,0.028999999165534973,0.028999999165534973,0.028999999165534973,0.028999999165534973,500,0.0,0.0
2022-10-03 15:00:00+08:00,0.028999999165534973,0.028999999165534973,0.028999999165534973,0.028999999165534973,500,0.0,0.0
2022-10-03 16:00:00+08:00,0.028999999165534973,0.028999999165534973,0.028999999165534973,0.028999999165534973,601200,0.0,0.0
2022-10-04 09:00:00+08:00,0.028999999165534973,0.029999999329447746,0.028999999165534973,0.029999999329447746,1800,0.0,0.0
2022-10-04 10:00:00+08:00,0.029999999329447746,0.029999999329447746,0.028999999165534973,0.028999999165534973,200,0.0,0.0
2022-10-04 11:00:00+08:00,0.028999999165534973,0.029999999329447746,0.028999999165534973,0.029999999329447746,500,0.0,0.0
2022-10-04 13:00:00+08:00,0.029999999329447746,0.029999999329447746,0.029999999329447746,0.029999999329447746,600,0.0,0.0
2022-10-04 14:00:00+08:00,0.029999999329447746,0.029999999329447746,0.029999999329447746,0.029999999329447746,500,0.0,0.0
2022-10-04 15:00:00+08:00,0.029999999329447746,0.029999999329447746,0.029999999329447746,0.029999999329447746,500,0.0,0.0
2022-10-04 16:00:00+08:00,0.029999999329447746,0.03200000151991844,0.029999999329447746,0.03099999949336052,10900,0.0,0.0
2022-10-05 09:00:00+08:00,0.03200000151991844,0.03200000151991844,0.029999999329447746,0.029999999329447746,0,0.0,0.0
2022-10-05 10:00:00+08:00,0.029999999329447746,0.032999999821186066,0.029999999329447746,0.029999999329447746,210900,0.0,0.0
2022-10-05 11:00:00+08:00,0.029999999329447746,0.029999999329447746,0.029999999329447746,0.029999999329447746,700,0.0,0.0
2022-10-05 12:00:00+08:00,0.029999999329447746,0.03099999949336052,0.029999999329447746,0.03099999949336052,100,0.0,0.0
2022-10-05 13:00:00+08:00,0.03099999949336052,0.03099999949336052,0.029999999329447746,0.029999999329447746,100200,0.0,0.0
2022-10-05 14:00:00+08:00,0.029999999329447746,0.029999999329447746,0.029999999329447746,0.029999999329447746,700,0.0,0.0
2022-10-05 15:00:00+08:00,0.029999999329447746,0.029999999329447746,0.029999999329447746,0.029999999329447746,800,0.0,0.0
2022-10-05 16:00:00+08:00,0.029999999329447746,0.03200000151991844,0.029999999329447746,0.03099999949336052,360700,0.0,0.0
2022-10-06 11:00:00+08:00,0.029999999329447746,0.029999999329447746,0.029999999329447746,0.029999999329447746,300,0.0,0.0
2022-10-06 12:00:00+08:00,0.029999999329447746,0.029999999329447746,0.029999999329447746,0.029999999329447746,100,0.0,0.0
2022-10-06 13:00:00+08:00,0.029999999329447746,0.03200000151991844,0.029999999329447746,0.029999999329447746,800,0.0,0.0
2022-10-06 14:00:00+08:00,0.029999999329447746,0.029999999329447746,0.029999999329447746,0.029999999329447746,800,0.0,0.0
2022-10-06 15:00:00+08:00,0.029999999329447746,0.029999999329447746,0.029999999329447746,0.029999999329447746,1000,0.0,0.0
2022-10-06 16:00:00+08:00,0.029999999329447746,0.03200000151991844,0.029999999329447746,0.029999999329447746,1300,0.0,0.0
2022-10-07 16:00:00+08:00,0.03099999949336052,0.03099999949336052,0.03099999949336052,0.03099999949336052,194700,0.0,0.0
2022-10-10 09:00:00+08:00,0.029999999329447746,0.029999999329447746,0.029999999329447746,0.029999999329447746,1000,0.0,0.0
2022-10-10 10:00:00+08:00,0.029999999329447746,0.029999999329447746,0.029999999329447746,0.029999999329447746,400,0.0,0.0
2022-10-10 11:00:00+08:00,0.029999999329447746,0.029999999329447746,0.029999999329447746,0.029999999329447746,600,0.0,0.0
2022-10-10 13:00:00+08:00,0.029999999329447746,0.029999999329447746,0.029999999329447746,0.029999999329447746,400,0.0,0.0
2022-10-10 14:00:00+08:00,0.029999999329447746,0.029999999329447746,0.029999999329447746,0.029999999329447746,400,0.0,0.0
2022-10-10 15:00:00+08:00,0.029999999329447746,0.029999999329447746,0.029999999329447746,0.029999999329447746,600,0.0,0.0
2022-10-10 16:00:00+08:00,0.029999999329447746,0.03099999949336052,0.029999999329447746,0.03099999949336052,101000,0.0,0.0
2022-10-11 09:00:00+08:00,0.03099999949336052,0.03200000151991844,0.03099999949336052,0.03099999949336052,0,0.0,0.0
2022-10-11 10:00:00+08:00,0.03099999949336052,0.03200000151991844,0.03099999949336052,0.03200000151991844,0,0.0,0.0
2022-10-11 11:00:00+08:00,0.03200000151991844,0.03200000151991844,0.03099999949336052,0.03099999949336052,87400,0.0,0.0
2022-10-11 13:00:00+08:00,0.03099999949336052,0.03099999949336052,0.03099999949336052,0.03099999949336052,110200,0.0,0.0
2022-10-11 14:00:00+08:00,0.03099999949336052,0.03099999949336052,0.03099999949336052,0.03099999949336052,2700,0.0,0.0
2022-10-11 15:00:00+08:00,0.03099999949336052,0.03099999949336052,0.03099999949336052,0.03099999949336052,2300,0.0,0.0
2022-10-12 09:00:00+08:00,0.03200000151991844,0.03200000151991844,0.03099999949336052,0.03099999949336052,467300,0.0,0.0
2022-10-12 10:00:00+08:00,0.03099999949336052,0.03099999949336052,0.03099999949336052,0.03099999949336052,200,0.0,0.0
2022-10-12 14:00:00+08:00,0.03099999949336052,0.03099999949336052,0.03099999949336052,0.03099999949336052,59900,0.0,0.0
2022-10-12 15:00:00+08:00,0.03099999949336052,0.03099999949336052,0.029999999329447746,0.03099999949336052,140100,0.0,0.0
2022-10-13 10:00:00+08:00,0.029999999329447746,0.029999999329447746,0.029999999329447746,0.029999999329447746,0,0.0,0.0
2022-10-13 11:00:00+08:00,0.029999999329447746,0.029999999329447746,0.029999999329447746,0.029999999329447746,500,0.0,0.0
2022-10-13 12:00:00+08:00,0.029999999329447746,0.029999999329447746,0.029999999329447746,0.029999999329447746,100,0.0,0.0
2022-10-13 13:00:00+08:00,0.029999999329447746,0.029999999329447746,0.029999999329447746,0.029999999329447746,500,0.0,0.0
2022-10-13 14:00:00+08:00,0.029999999329447746,0.029999999329447746,0.029999999329447746,0.029999999329447746,1000,0.0,0.0
2022-10-13 15:00:00+08:00,0.029999999329447746,0.029999999329447746,0.029999999329447746,0.029999999329447746,500,0.0,0.0
2022-10-13 16:00:00+08:00,0.029999999329447746,0.029999999329447746,0.029999999329447746,0.029999999329447746,1300,0.0,0.0
2022-10-14 09:00:00+08:00,0.029999999329447746,0.029999999329447746,0.029999999329447746,0.029999999329447746,900,0.0,0.0
2022-10-14 10:00:00+08:00,0.029999999329447746,0.029999999329447746,0.029999999329447746,0.029999999329447746,600,0.0,0.0
2022-10-14 11:00:00+08:00,0.029999999329447746,0.029999999329447746,0.029999999329447746,0.029999999329447746,400,0.0,0.0
2022-10-14 13:00:00+08:00,0.029999999329447746,0.029999999329447746,0.029999999329447746,0.029999999329447746,400,0.0,0.0
2022-10-14 14:00:00+08:00,0.029999999329447746,0.029999999329447746,0.029999999329447746,0.029999999329447746,600,0.0,0.0
2022-10-14 15:00:00+08:00,0.029999999329447746,0.029999999329447746,0.029999999329447746,0.029999999329447746,400,0.0,0.0
2022-10-14 16:00:00+08:00,0.029999999329447746,0.029999999329447746,0.029999999329447746,0.029999999329447746,1100,0.0,0.0
2022-10-17 09:00:00+08:00,0.029999999329447746,0.029999999329447746,0.028999999165534973,0.028999999165534973,319100,0.0,0.0
2022-10-17 10:00:00+08:00,0.028999999165534973,0.03099999949336052,0.028999999165534973,0.029999999329447746,5600,0.0,0.0
2022-10-17 11:00:00+08:00,0.029999999329447746,0.029999999329447746,0.029999999329447746,0.029999999329447746,400,0.0,0.0
2022-10-17 13:00:00+08:00,0.029999999329447746,0.029999999329447746,0.029999999329447746,0.029999999329447746,2800,0.0,0.0
2022-10-17 14:00:00+08:00,0.029999999329447746,0.029999999329447746,0.029999999329447746,0.029999999329447746,0,0.0,0.0
2022-10-17 15:00:00+08:00,0.029999999329447746,0.029999999329447746,0.029999999329447746,0.029999999329447746,329100,0.0,0.0
2022-10-17 16:00:00+08:00,0.029999999329447746,0.03099999949336052,0.028999999165534973,0.029999999329447746,1200,0.0,0.0
2022-10-18 09:00:00+08:00,0.029999999329447746,0.03099999949336052,0.029999999329447746,0.029999999329447746,1000,0.0,0.0
2022-10-18 10:00:00+08:00,0.029999999329447746,0.029999999329447746,0.029999999329447746,0.029999999329447746,400,0.0,0.0
2022-10-18 11:00:00+08:00,0.029999999329447746,0.029999999329447746,0.029999999329447746,0.029999999329447746,800,0.0,0.0
2022-10-18 13:00:00+08:00,0.029999999329447746,0.03200000151991844,0.029999999329447746,0.03200000151991844,400,0.0,0.0
2022-10-18 14:00:00+08:00,0.03200000151991844,0.03200000151991844,0.03099999949336052,0.03099999949336052,200800,0.0,0.0
2022-10-18 15:00:00+08:00,0.03099999949336052,0.03099999949336052,0.03099999949336052,0.03099999949336052,300,0.0,0.0
2022-10-18 16:00:00+08:00,0.03099999949336052,0.03200000151991844,0.029999999329447746,0.03099999949336052,180700,0.0,0.0
2022-10-19 09:00:00+08:00,0.029999999329447746,0.032999999821186066,0.029999999329447746,0.03099999949336052,9000,0.0,0.0
2022-10-19 10:00:00+08:00,0.03099999949336052,0.03099999949336052,0.029999999329447746,0.029999999329447746,100000,0.0,0.0
2022-10-19 11:00:00+08:00,0.029999999329447746,0.03099999949336052,0.029999999329447746,0.03099999949336052,87400,0.0,0.0
2022-10-19 13:00:00+08:00,0.03099999949336052,0.03099999949336052,0.03099999949336052,0.03099999949336052,218200,0.0,0.0
2022-10-19 14:00:00+08:00,0.03099999949336052,0.03099999949336052,0.03099999949336052,0.03099999949336052,17400,0.0,0.0
2022-10-19 15:00:00+08:00,0.03099999949336052,0.03099999949336052,0.03099999949336052,0.03099999949336052,100400,0.0,0.0
2022-10-19 16:00:00+08:00,0.03099999949336052,0.03099999949336052,0.029999999329447746,0.029999999329447746,32600,0.0,0.0
2022-10-20 09:00:00+08:00,0.028999999165534973,0.028999999165534973,0.028999999165534973,0.028999999165534973,1000,0.0,0.0
2022-10-20 10:00:00+08:00,0.028999999165534973,0.028999999165534973,0.028999999165534973,0.028999999165534973,0,0.0,0.0
2022-10-20 11:00:00+08:00,0.028999999165534973,0.028999999165534973,0.028999999165534973,0.028999999165534973,2100,0.0,0.0
2022-10-20 13:00:00+08:00,0.028999999165534973,0.028999999165534973,0.028999999165534973,0.028999999165534973,500,0.0,0.0
2022-10-20 14:00:00+08:00,0.028999999165534973,0.028999999165534973,0.028999999165534973,0.028999999165534973,500,0.0,0.0
2022-10-20 15:00:00+08:00,0.028999999165534973,0.028999999165534973,0.028999999165534973,0.028999999165534973,500,0.0,0.0
2022-10-20 16:00:00+08:00,0.028999999165534973,0.028999999165534973,0.028999999165534973,0.028999999165534973,900,0.0,0.0
2022-10-21 10:00:00+08:00,0.028999999165534973,0.029999999329447746,0.028999999165534973,0.029999999329447746,85000,0.0,0.0
2022-10-28 11:00:00+08:00,0.029999999329447746,0.029999999329447746,0.029999999329447746,0.029999999329447746,100000,0.0,0.0
2022-10-28 12:00:00+08:00,0.029999999329447746,0.029999999329447746,0.029999999329447746,0.029999999329447746,35000,0.0,0.0
2022-10-28 13:00:00+08:00,0.029999999329447746,0.029999999329447746,0.029999999329447746,0.029999999329447746,250300,0.0,0.0
2022-10-28 14:00:00+08:00,0.029999999329447746,0.03099999949336052,0.028999999165534973,0.028999999165534973,220000,0.0,0.0
2022-10-28 15:00:00+08:00,0.028999999165534973,0.028999999165534973,0.028999999165534973,0.028999999165534973,84900,0.0,0.0
2022-10-28 16:00:00+08:00,0.028999999165534973,0.029999999329447746,0.028999999165534973,0.029999999329447746,70000,0.0,0.0
2022-10-31 09:00:00+08:00,0.028999999165534973,0.028999999165534973,0.028999999165534973,0.028999999165534973,900,0.0,0.0
2022-10-31 10:00:00+08:00,0.028999999165534973,0.028999999165534973,0.028999999165534973,0.028999999165534973,400,0.0,0.0
2022-10-31 11:00:00+08:00,0.028999999165534973,0.028999999165534973,0.028999999165534973,0.028999999165534973,400,0.0,0.0
2022-10-31 13:00:00+08:00,0.028999999165534973,0.028999999165534973,0.028999999165534973,0.028999999165534973,600,0.0,0.0
2022-10-31 14:00:00+08:00,0.028999999165534973,0.028999999165534973,0.028999999165534973,0.028999999165534973,400,0.0,0.0
2022-10-31 15:00:00+08:00,0.028999999165534973,0.028999999165534973,0.028999999165534973,0.028999999165534973,400,0.0,0.0
2022-10-31 16:00:00+08:00,0.028999999165534973,0.028999999165534973,0.028999999165534973,0.028999999165534973,170900,0.0,0.0
2022-11-01 09:00:00+08:00,0.028999999165534973,0.028999999165534973,0.028999999165534973,0.028999999165534973,0,0.0,0.0
2022-11-01 10:00:00+08:00,0.028999999165534973,0.028999999165534973,0.028999999165534973,0.028999999165534973,600,0.0,0.0
2022-11-01 11:00:00+08:00,0.028999999165534973,0.028999999165534973,0.028999999165534973,0.028999999165534973,600,0.0,0.0
2022-11-01 12:00:00+08:00,0.029999999329447746,0.029999999329447746,0.028999999165534973,0.028999999165534973,50000,0.0,0.0
2022-11-01 13:00:00+08:00,0.028999999165534973,0.028999999165534973,0.028999999165534973,0.028999999165534973,600,0.0,0.0
2022-11-01 14:00:00+08:00,0.028999999165534973,0.029999999329447746,0.028999999165534973,0.028999999165534973,257600,0.0,0.0
2022-11-01 15:00:00+08:00,0.028999999165534973,0.028999999165534973,0.028999999165534973,0.028999999165534973,400,0.0,0.0
2022-11-01 16:00:00+08:00,0.028999999165534973,0.028999999165534973,0.028999999165534973,0.028999999165534973,1400,0.0,0.0
2022-11-02 10:00:00+08:00,0.028999999165534973,0.029999999329447746,0.028999999165534973,0.029999999329447746,0,0.0,0.0
2022-11-02 11:00:00+08:00,0.029999999329447746,0.029999999329447746,0.028999999165534973,0.028999999165534973,50500,0.0,0.0
2022-11-02 12:00:00+08:00,0.028999999165534973,0.028999999165534973,0.028999999165534973,0.028999999165534973,100,0.0,0.0
2022-11-02 13:00:00+08:00,0.028999999165534973,0.028999999165534973,0.028999999165534973,0.028999999165534973,500,0.0,0.0
2022-11-02 14:00:00+08:00,0.028999999165534973,0.028999999165534973,0.028999999165534973,0.028999999165534973,900,0.0,0.0
2022-11-02 15:00:00+08:00,0.028999999165534973,0.028999999165534973,0.028999999165534973,0.028999999165534973,800,0.0,0.0
2022-11-02 16:00:00+08:00,0.028999999165534973,0.028999999165534973,0.028999999165534973,0.028999999165534973,1100,0.0,0.0
2022-11-03 09:00:00+08:00,0.028999999165534973,0.028999999165534973,0.028999999165534973,0.028999999165534973,0,0.0,0.0
2022-11-03 10:00:00+08:00,0.028999999165534973,0.028999999165534973,0.028999999165534973,0.028999999165534973,800,0.0,0.0
2022-11-03 11:00:00+08:00,0.028999999165534973,0.028999999165534973,0.028999999165534973,0.028999999165534973,400,0.0,0.0
2022-11-03 13:00:00+08:00,0.028999999165534973,0.028999999165534973,0.028999999165534973,0.028999999165534973,400,0.0,0.0
2022-11-03 14:00:00+08:00,0.028999999165534973,0.028999999165534973,0.028999999165534973,0.028999999165534973,800,0.0,0.0
2022-11-03 15:00:00+08:00,0.028999999165534973,0.028999999165534973,0.028999999165534973,0.028999999165534973,400,0.0,0.0
2022-11-03 16:00:00+08:00,0.028999999165534973,0.028999999165534973,0.028999999165534973,0.028999999165534973,1100,0.0,0.0
2022-11-04 09:00:00+08:00,0.028999999165534973,0.028999999165534973,0.028999999165534973,0.028999999165534973,800,0.0,0.0
2022-11-04 10:00:00+08:00,0.028999999165534973,0.028999999165534973,0.028999999165534973,0.028999999165534973,800,0.0,0.0
2022-11-04 11:00:00+08:00,0.028999999165534973,0.028999999165534973,0.028999999165534973,0.028999999165534973,400,0.0,0.0
2022-11-04 13:00:00+08:00,0.028999999165534973,0.028999999165534973,0.028999999165534973,0.028999999165534973,400,0.0,0.0
2022-11-04 14:00:00+08:00,0.028999999165534973,0.028999999165534973,0.028999999165534973,0.028999999165534973,400,0.0,0.0
2022-11-04 15:00:00+08:00,0.028999999165534973,0.029999999329447746,0.028999999165534973,0.028999999165534973,100400,0.0,0.0
2022-11-04 16:00:00+08:00,0.028999999165534973,0.028999999165534973,0.028999999165534973,0.028999999165534973,800,0.0,0.0
2022-11-07 15:00:00+08:00,0.028999999165534973,0.028999999165534973,0.028999999165534973,0.028999999165534973,3300,0.0,0.0
2022-11-07 16:00:00+08:00,0.028999999165534973,0.03099999949336052,0.028999999165534973,0.028999999165534973,9300,0.0,0.0
2022-11-08 10:00:00+08:00,0.028999999165534973,0.028999999165534973,0.028999999165534973,0.028999999165534973,1000,0.0,0.0
2022-11-08 11:00:00+08:00,0.028999999165534973,0.028999999165534973,0.028999999165534973,0.028999999165534973,500,0.0,0.0
2022-11-08 12:00:00+08:00,0.028999999165534973,0.028999999165534973,0.028999999165534973,0.028999999165534973,100,0.0,0.0
2022-11-08 13:00:00+08:00,0.028999999165534973,0.028999999165534973,0.028999999165534973,0.028999999165534973,500,0.0,0.0
2022-11-08 14:00:00+08:00,0.028999999165534973,0.029999999329447746,0.028999999165534973,0.029999999329447746,500,0.0,0.0
2022-11-08 15:00:00+08:00,0.029999999329447746,0.029999999329447746,0.029999999329447746,0.029999999329447746,4200,0.0,0.0
2022-11-08 16:00:00+08:00,0.029999999329447746,0.03099999949336052,0.028999999165534973,0.029999999329447746,1100,0.0,0.0
2022-11-09 09:00:00+08:00,0.03099999949336052,0.03200000151991844,0.028999999165534973,0.029999999329447746,738600,0.0,0.0
2022-11-09 10:00:00+08:00,0.029999999329447746,0.029999999329447746,0.029999999329447746,0.029999999329447746,400,0.0,0.0
2022-11-09 11:00:00+08:00,0.029999999329447746,0.029999999329447746,0.029999999329447746,0.029999999329447746,400,0.0,0.0
2022-11-09 13:00:00+08:00,0.029999999329447746,0.03099999949336052,0.029999999329447746,0.03099999949336052,536200,0.0,0.0
2022-11-09 14:00:00+08:00,0.03099999949336052,0.03099999949336052,0.029999999329447746,0.029999999329447746,198900,0.0,0.0
2022-11-09 15:00:00+08:00,0.029999999329447746,0.03099999949336052,0.029999999329447746,0.03099999949336052,400,0.0,0.0
2022-11-09 16:00:00+08:00,0.03099999949336052,0.03099999949336052,0.029999999329447746,0.029999999329447746,1100,0.0,0.0
2022-11-10 09:00:00+08:00,0.029999999329447746,0.029999999329447746,0.029999999329447746,0.029999999329447746,31800,0.0,0.0
2022-11-10 10:00:00+08:00,0.029999999329447746,0.029999999329447746,0.029999999329447746,0.029999999329447746,400,0.0,0.0
2022-11-10 11:00:00+08:00,0.029999999329447746,0.029999999329447746,0.029999999329447746,0.029999999329447746,600,0.0,0.0
2022-11-10 13:00:00+08:00,0.029999999329447746,0.029999999329447746,0.029999999329447746,0.029999999329447746,500400,0.0,0.0
2022-11-10 14:00:00+08:00,0.029999999329447746,0.029999999329447746,0.029999999329447746,0.029999999329447746,121700,0.0,0.0
2022-11-10 15:00:00+08:00,0.029999999329447746,0.029999999329447746,0.028999999165534973,0.028999999165534973,262800,0.0,0.0
2022-11-10 16:00:00+08:00,0.028999999165534973,0.029999999329447746,0.028999999165534973,0.029999999329447746,50800,0.0,0.0
2022-11-11 09:00:00+08:00,0.028999999165534973,0.03099999949336052,0.028999999165534973,0.03099999949336052,76000,0.0,0.0
2022-11-11 10:00:00+08:00,0.03099999949336052,0.03099999949336052,0.029999999329447746,0.029999999329447746,1700,0.0,0.0
2022-11-11 11:00:00+08:00,0.029999999329447746,0.029999999329447746,0.029999999329447746,0.029999999329447746,900,0.0,0.0
2022-11-11 12:00:00+08:00,0.029999999329447746,0.029999999329447746,0.029999999329447746,0.029999999329447746,100,0.0,0.0
2022-11-11 13:00:00+08:00,0.029999999329447746,0.029999999329447746,0.029999999329447746,0.029999999329447746,900,0.0,0.0
2022-11-11 14:00:00+08:00,0.029999999329447746,0.029999999329447746,0.029999999329447746,0.029999999329447746,1000,0.0,0.0
2022-11-11 15:00:00+08:00,0.029999999329447746,0.03099999949336052,0.029999999329447746,0.029999999329447746,51200,0.0,0.0
2022-11-11 16:00:00+08:00,0.029999999329447746,0.029999999329447746,0.029999999329447746,0.029999999329447746,51600,0.0,0.0
2022-11-14 11:00:00+08:00,0.03099999949336052,0.03099999949336052,0.029999999329447746,0.029999999329447746,887300,0.0,0.0
2022-11-14 13:00:00+08:00,0.029999999329447746,0.029999999329447746,0.029999999329447746,0.029999999329447746,155700,0.0,0.0
2022-11-14 15:00:00+08:00,0.029999999329447746,0.029999999329447746,0.029999999329447746,0.029999999329447746,124500,0.0,0.0
2022-11-15 09:00:00+08:00,0.029999999329447746,0.029999999329447746,0.029999999329447746,0.029999999329447746,0,0.0,0.0
2022-11-15 10:00:00+08:00,0.029999999329447746,0.029999999329447746,0.029999999329447746,0.029999999329447746,100,0.0,0.0
2022-11-15 11:00:00+08:00,0.029999999329447746,0.029999999329447746,0.029999999329447746,0.029999999329447746,100,0.0,0.0
2022-11-15 16:00:00+08:00,0.029999999329447746,0.029999999329447746,0.029999999329447746,0.029999999329447746,1800,0.0,0.0
2022-11-16 10:00:00+08:00,0.029999999329447746,0.029999999329447746,0.029999999329447746,0.029999999329447746,100000,0.0,0.0
2022-11-18 13:00:00+08:00,0.028999999165534973,0.028999999165534973,0.028999999165534973,0.028999999165534973,0,0.0,0.0
2022-11-18 14:00:00+08:00,0.028999999165534973,0.028999999165534973,0.028999999165534973,0.028999999165534973,517700,0.0,0.0
2022-11-21 09:00:00+08:00,0.028999999165534973,0.028999999165534973,0.028999999165534973,0.028999999165534973,0,0.0,0.0
2022-11-24 10:00:00+08:00,0.028999999165534973,0.029999999329447746,0.028999999165534973,0.029999999329447746,0,0.0,0.0
2022-11-24 16:00:00+08:00,0.029999999329447746,0.029999999329447746,0.029999999329447746,0.029999999329447746,120000,0.0,0.0
2022-11-25 15:00:00+08:00,0.03099999949336052,0.03099999949336052,0.029999999329447746,0.029999999329447746,0,0.0,0.0
2022-11-28 13:00:00+08:00,0.03099999949336052,0.03099999949336052,0.029999999329447746,0.029999999329447746,19400,0.0,0.0
2022-11-28 14:00:00+08:00,0.029999999329447746,0.029999999329447746,0.029999999329447746,0.029999999329447746,2000,0.0,0.0
2022-11-29 15:00:00+08:00,0.029999999329447746,0.029999999329447746,0.029999999329447746,0.029999999329447746,0,0.0,0.0
2022-11-30 10:00:00+08:00,0.029999999329447746,0.029999999329447746,0.029999999329447746,0.029999999329447746,524600,0.0,0.0
2022-11-30 12:00:00+08:00,0.029999999329447746,0.029999999329447746,0.029999999329447746,0.029999999329447746,10000,0.0,0.0
2022-11-30 13:00:00+08:00,0.029999999329447746,0.029999999329447746,0.029999999329447746,0.029999999329447746,18100,0.0,0.0
2022-11-30 15:00:00+08:00,0.029999999329447746,0.029999999329447746,0.029999999329447746,0.029999999329447746,21900,0.0,0.0
2022-12-01 10:00:00+08:00,0.03099999949336052,0.03099999949336052,0.029999999329447746,0.029999999329447746,0,0.0,0.0
2022-12-01 15:00:00+08:00,0.029999999329447746,0.029999999329447746,0.029999999329447746,0.029999999329447746,103100,0.0,0.0
2022-12-01 16:00:00+08:00,0.029999999329447746,0.029999999329447746,0.029999999329447746,0.029999999329447746,200000,0.0,0.0
2022-12-05 09:00:00+08:00,0.029999999329447746,0.029999999329447746,0.029999999329447746,0.029999999329447746,0,0.0,0.0
2022-12-05 10:00:00+08:00,0.029999999329447746,0.029999999329447746,0.029999999329447746,0.029999999329447746,3100,0.0,0.0
2022-12-05 11:00:00+08:00,0.029999999329447746,0.03099999949336052,0.029999999329447746,0.03099999949336052,421600,0.0,0.0
2022-12-05 12:00:00+08:00,0.03099999949336052,0.03099999949336052,0.03099999949336052,0.03099999949336052,1000,0.0,0.0
2022-12-07 09:00:00+08:00,0.029999999329447746,0.03099999949336052,0.029999999329447746,0.03099999949336052,0,0.0,0.0
2022-12-07 14:00:00+08:00,0.03099999949336052,0.03099999949336052,0.03099999949336052,0.03099999949336052,6000,0.0,0.0
2022-12-09 09:00:00+08:00,0.03099999949336052,0.03099999949336052,0.03099999949336052,0.03099999949336052,144000,0.0,0.0
2022-12-09 15:00:00+08:00,0.03099999949336052,0.03200000151991844,0.03099999949336052,0.03099999949336052,579900,0.0,0.0
2022-12-09 16:00:00+08:00,0.03099999949336052,0.03099999949336052,0.03099999949336052,0.03099999949336052,34000,0.0,0.0
2022-12-12 10:00:00+08:00,0.03099999949336052,0.03099999949336052,0.029999999329447746,0.03099999949336052,200000,0.0,0.0
2022-12-12 11:00:00+08:00,0.029999999329447746,0.029999999329447746,0.029999999329447746,0.029999999329447746,739500,0.0,0.0
2022-12-12 13:00:00+08:00,0.029999999329447746,0.029999999329447746,0.029999999329447746,0.029999999329447746,100000,0.0,0.0
2022-12-12 14:00:00+08:00,0.029999999329447746,0.03099999949336052,0.029999999329447746,0.03099999949336052,16100,0.0,0.0
2022-12-12 15:00:00+08:00,0.029999999329447746,0.03099999949336052,0.029999999329447746,0.03099999949336052,35100,0.0,0.0
2022-12-13 10:00:00+08:00,0.029999999329447746,0.029999999329447746,0.029999999329447746,0.029999999329447746,0,0.0,0.0
2022-12-13 14:00:00+08:00,0.029999999329447746,0.029999999329447746,0.029999999329447746,0.029999999329447746,58800,0.0,0.0
2022-12-14 14:00:00+08:00,0.029999999329447746,0.029999999329447746,0.029999999329447746,0.029999999329447746,99000,0.0,0.0
2022-12-14 16:00:00+08:00,0.029999999329447746,0.03099999949336052,0.029999999329447746,0.03099999949336052,200,0.0,0.0
2022-12-15 11:00:00+08:00,0.029999999329447746,0.029999999329447746,0.029999999329447746,0.029999999329447746,49800,0.0,0.0
2022-12-15 13:00:00+08:00,0.029999999329447746,0.029999999329447746,0.029999999329447746,0.029999999329447746,800,0.0,0.0
2022-12-16 09:00:00+08:00,0.028999999165534973,0.029999999329447746,0.028999999165534973,0.029999999329447746,349500,0.0,0.0
2022-12-16 13:00:00+08:00,0.028999999165534973,0.028999999165534973,0.028999999165534973,0.028999999165534973,500000,0.0,0.0
2022-12-16 14:00:00+08:00,0.028999999165534973,0.028999999165534973,0.02800000086426735,0.028999999165534973,250000,0.0,0.0
2022-12-16 15:00:00+08:00,0.028999999165534973,0.028999999165534973,0.02800000086426735,0.02800000086426735,1600,0.0,0.0
2022-12-19 11:00:00+08:00,0.028999999165534973,0.028999999165534973,0.028999999165534973,0.028999999165534973,0,0.0,0.0
2022-12-20 09:00:00+08:00,0.029999999329447746,0.029999999329447746,0.029999999329447746,0.029999999329447746,0,0.0,0.0
2022-12-22 10:00:00+08:00,0.029999999329447746,0.029999999329447746,0.028999999165534973,0.029999999329447746,500,0.0,0.0
2022-12-22 11:00:00+08:00,0.028999999165534973,0.029999999329447746,0.028999999165534973,0.029999999329447746,550300,0.0,0.0
2022-12-22 13:00:00+08:00,0.029999999329447746,0.029999999329447746,0.028999999165534973,0.028999999165534973,334600,0.0,0.0
2022-12-22 15:00:00+08:00,0.028999999165534973,0.028999999165534973,0.028999999165534973,0.028999999165534973,1000,0.0,0.0
2022-12-27 15:00:00+08:00,0.028999999165534973,0.028999999165534973,0.028999999165534973,0.028999999165534973,100000,0.0,0.0
2022-12-28 11:00:00+08:00,0.028999999165534973,0.028999999165534973,0.028999999165534973,0.028999999165534973,0,0.0,0.0
2023-01-04 09:00:00+08:00,0.028999999165534973,0.028999999165534973,0.028999999165534973,0.028999999165534973,97900,0.0,0.0
2023-01-05 14:00:00+08:00,0.029999999329447746,0.029999999329447746,0.028999999165534973,0.028999999165534973,0,0.0,0.0
2023-01-05 16:00:00+08:00,0.028999999165534973,0.028999999165534973,0.028999999165534973,0.028999999165534973,60000,0.0,0.0
2023-01-09 15:00:00+08:00,0.029999999329447746,0.029999999329447746,0.029999999329447746,0.029999999329447746,179600,0.0,0.0
2023-01-10 15:00:00+08:00,0.028999999165534973,0.028999999165534973,0.028999999165534973,0.028999999165534973,260700,0.0,0.0
2023-01-10 16:00:00+08:00,0.028999999165534973,0.028999999165534973,0.028999999165534973,0.028999999165534973,41500,0.0,0.0
2023-01-11 11:00:00+08:00,0.029999999329447746,0.029999999329447746,0.029999999329447746,0.029999999329447746,0,0.0,0.0
2023-01-11 13:00:00+08:00,0.029999999329447746,0.029999999329447746,0.029999999329447746,0.029999999329447746,900,0.0,0.0
2023-01-18 09:00:00+08:00,0.029999999329447746,0.029999999329447746,0.029999999329447746,0.029999999329447746,130000,0.0,0.0
2023-01-18 11:00:00+08:00,0.029999999329447746,0.03200000151991844,0.029999999329447746,0.029999999329447746,18300,0.0,0.0
2023-01-18 12:00:00+08:00,0.029999999329447746,0.029999999329447746,0.029999999329447746,0.029999999329447746,3000,0.0,0.0
2023-01-18 13:00:00+08:00,0.029999999329447746,0.03200000151991844,0.029999999329447746,0.03099999949336052,84400,0.0,0.0
2023-01-18 14:00:00+08:00,0.03099999949336052,0.03099999949336052,0.029999999329447746,0.029999999329447746,13500,0.0,0.0
2023-01-25 10:00:00+08:00,0.03099999949336052,0.03099999949336052,0.028999999165534973,0.028999999165534973,0,0.0,0.0
2023-01-25 16:00:00+08:00,0.028999999165534973,0.03099999949336052,0.028999999165534973,0.03099999949336052,30000,0.0,0.0
2023-01-26 09:00:00+08:00,0.029999999329447746,0.029999999329447746,0.029999999329447746,0.029999999329447746,572700,0.0,0.0
2023-01-26 10:00:00+08:00,0.029999999329447746,0.029999999329447746,0.029999999329447746,0.029999999329447746,83300,0.0,0.0
2023-01-26 14:00:00+08:00,0.029999999329447746,0.029999999329447746,0.029999999329447746,0.029999999329447746,1000,0.0,0.0
2023-01-26 15:00:00+08:00,0.029999999329447746,0.029999999329447746,0.029999999329447746,0.029999999329447746,60800,0.0,0.0
2023-01-27 09:00:00+08:00,0.03099999949336052,0.03099999949336052,0.028999999165534973,0.03099999949336052,0,0.0,0.0
2023-01-27 13:00:00+08:00,0.03099999949336052,0.03099999949336052,0.029999999329447746,0.029999999329447746,100,0.0,0.0
2023-01-27 14:00:00+08:00,0.029999999329447746,0.029999999329447746,0.029999999329447746,0.029999999329447746,50100,0.0,0.0
2023-01-27 16:00:00+08:00,0.029999999329447746,0.029999999329447746,0.029999999329447746,0.029999999329447746,99000,0.0,0.0
2023-01-30 11:00:00+08:00,0.029999999329447746,0.029999999329447746,0.029999999329447746,0.029999999329447746,0,0.0,0.0
2023-01-30 13:00:00+08:00,0.029999999329447746,0.029999999329447746,0.029999999329447746,0.029999999329447746,100000,0.0,0.0
2023-01-31 11:00:00+08:00,0.029999999329447746,0.029999999329447746,0.029999999329447746,0.029999999329447746,0,0.0,0.0
2023-01-31 13:00:00+08:00,0.029999999329447746,0.029999999329447746,0.029999999329447746,0.029999999329447746,199600,0.0,0.0
2023-02-01 09:00:00+08:00,0.029999999329447746,0.029999999329447746,0.028999999165534973,0.028999999165534973,1205500,0.0,0.0
2023-02-01 10:00:00+08:00,0.028999999165534973,0.029999999329447746,0.02800000086426735,0.028999999165534973,1211100,0.0,0.0
2023-02-01 11:00:00+08:00,0.028999999165534973,0.028999999165534973,0.028999999165534973,0.028999999165534973,100000,0.0,0.0
2023-02-01 13:00:00+08:00,0.028999999165534973,0.029999999329447746,0.028999999165534973,0.028999999165534973,100000,0.0,0.0
2023-02-01 15:00:00+08:00,0.029999999329447746,0.029999999329447746,0.029999999329447746,0.029999999329447746,200,0.0,0.0
2023-02-02 09:00:00+08:00,0.028999999165534973,0.028999999165534973,0.028999999165534973,0.028999999165534973,0,0.0,0.0
2023-02-02 10:00:00+08:00,0.028999999165534973,0.028999999165534973,0.028999999165534973,0.028999999165534973,7900,0.0,0.0
2023-02-02 11:00:00+08:00,0.028999999165534973,0.028999999165534973,0.028999999165534973,0.028999999165534973,92100,0.0,0.0
2023-02-02 13:00:00+08:00,0.028999999165534973,0.028999999165534973,0.028999999165534973,0.028999999165534973,107900,0.0,0.0
2023-02-02 14:00:00+08:00,0.028999999165534973,0.028999999165534973,0.028999999165534973,0.028999999165534973,62800,0.0,0.0
2023-02-02 15:00:00+08:00,0.028999999165534973,0.028999999165534973,0.028999999165534973,0.028999999165534973,137200,0.0,0.0
2023-02-02 16:00:00+08:00,0.028999999165534973,0.028999999165534973,0.028999999165534973,0.028999999165534973,100000,0.0,0.0
2023-02-03 12:00:00+08:00,0.028999999165534973,0.028999999165534973,0.02800000086426735,0.02800000086426735,1000,0.0,0.0
2023-02-03 15:00:00+08:00,0.02800000086426735,0.02800000086426735,0.02800000086426735,0.02800000086426735,800000,0.0,0.0
2023-02-03 16:00:00+08:00,0.02800000086426735,0.02800000086426735,0.02800000086426735,0.02800000086426735,531000,0.0,0.0
2023-02-06 15:00:00+08:00,0.028999999165534973,0.028999999165534973,0.02800000086426735,0.02800000086426735,0,0.0,0.0
2023-02-06 16:00:00+08:00,0.02800000086426735,0.02800000086426735,0.02800000086426735,0.02800000086426735,530400,0.0,0.0
2023-02-07 09:00:00+08:00,0.027000000700354576,0.02800000086426735,0.027000000700354576,0.02800000086426735,0,0.0,0.0
2023-02-07 10:00:00+08:00,0.02800000086426735,0.02800000086426735,0.02800000086426735,0.02800000086426735,349900,0.0,0.0
2023-02-07 11:00:00+08:00,0.02800000086426735,0.02800000086426735,0.02800000086426735,0.02800000086426735,197000,0.0,0.0
2023-02-07 12:00:00+08:00,0.02800000086426735,0.02800000086426735,0.02800000086426735,0.02800000086426735,3000,0.0,0.0
2023-02-07 13:00:00+08:00,0.02800000086426735,0.02800000086426735,0.02800000086426735,0.02800000086426735,10500,0.0,0.0
2023-02-07 14:00:00+08:00,0.02800000086426735,0.02800000086426735,0.027000000700354576,0.02800000086426735,73000,0.0,0.0
2023-02-08 11:00:00+08:00,0.02800000086426735,0.02800000086426735,0.02800000086426735,0.02800000086426735,0,0.0,0.0
2023-02-08 12:00:00+08:00,0.02800000086426735,0.02800000086426735,0.02800000086426735,0.02800000086426735,200000,0.0,0.0
2023-02-08 13:00:00+08:00,0.02800000086426735,0.02800000086426735,0.02800000086426735,0.02800000086426735,218200,0.0,0.0
2023-02-08 14:00:00+08:00,0.02800000086426735,0.02800000086426735,0.02800000086426735,0.02800000086426735,9800,0.0,0.0
2023-02-08 16:00:00+08:00,0.02800000086426735,0.02800000086426735,0.02800000086426735,0.02800000086426735,90000,0.0,0.0
2023-02-10 13:00:00+08:00,0.02800000086426735,0.02800000086426735,0.02800000086426735,0.02800000086426735,0,0.0,0.0
2023-02-10 15:00:00+08:00,0.02800000086426735,0.02800000086426735,0.02800000086426735,0.02800000086426735,205000,0.0,0.0
2023-02-13 11:00:00+08:00,0.027000000700354576,0.02800000086426735,0.027000000700354576,0.02800000086426735,130000,0.0,0.0
2023-02-13 13:00:00+08:00,0.02800000086426735,0.02800000086426735,0.02800000086426735,0.02800000086426735,290000,0.0,0.0
2023-02-13 14:00:00+08:00,0.02800000086426735,0.02800000086426735,0.02800000086426735,0.02800000086426735,220300,0.0,0.0
2023-02-13 15:00:00+08:00,0.02800000086426735,0.02800000086426735,0.02800000086426735,0.02800000086426735,29700,0.0,0.0
2023-02-15 09:00:00+08:00,0.02800000086426735,0.02800000086426735,0.02800000086426735,0.02800000086426735,0,0.0,0.0
2023-02-16 16:00:00+08:00,0.02800000086426735,0.02800000086426735,0.027000000700354576,0.027000000700354576,500,0.0,0.0
2023-02-17 10:00:00+08:00,0.027000000700354576,0.027000000700354576,0.027000000700354576,0.027000000700354576,0,0.0,0.0
2023-02-20 11:00:00+08:00,0.02800000086426735,0.02800000086426735,0.027000000700354576,0.02800000086426735,0,0.0,0.0
2023-02-20 15:00:00+08:00,0.027000000700354576,0.027000000700354576,0.027000000700354576,0.027000000700354576,305000,0.0,0.0
2023-02-20 16:00:00+08:00,0.027000000700354576,0.027000000700354576,0.027000000700354576,0.027000000700354576,653200,0.0,0.0
2023-02-21 09:00:00+08:00,0.027000000700354576,0.027000000700354576,0.026000000536441803,0.027000000700354576,0,0.0,0.0
2023-02-21 11:00:00+08:00,0.026000000536441803,0.026000000536441803,0.026000000536441803,0.026000000536441803,9200,0.0,0.0
2023-02-21 14:00:00+08:00,0.026000000536441803,0.027000000700354576,0.026000000536441803,0.027000000700354576,58200,0.0,0.0
2023-02-21 15:00:00+08:00,0.027000000700354576,0.027000000700354576,0.027000000700354576,0.027000000700354576,39000,0.0,0.0
2023-02-22 09:00:00+08:00,0.026000000536441803,0.026000000536441803,0.02500000037252903,0.026000000536441803,605400,0.0,0.0
2023-02-22 10:00:00+08:00,0.026000000536441803,0.026000000536441803,0.02500000037252903,0.026000000536441803,100,0.0,0.0
2023-02-22 11:00:00+08:00,0.02500000037252903,0.02500000037252903,0.02500000037252903,0.02500000037252903,100000,0.0,0.0
2023-02-22 14:00:00+08:00,0.02500000037252903,0.02500000037252903,0.02500000037252903,0.02500000037252903,500000,0.0,0.0
2023-02-23 13:00:00+08:00,0.02500000037252903,0.02500000037252903,0.02500000037252903,0.02500000037252903,0,0.0,0.0
2023-02-24 14:00:00+08:00,0.02500000037252903,0.026000000536441803,0.02500000037252903,0.026000000536441803,12200,0.0,0.0
2023-02-27 09:00:00+08:00,0.02500000037252903,0.026000000536441803,0.02500000037252903,0.02500000037252903,0,0.0,0.0
2023-02-28 09:00:00+08:00,0.02500000037252903,0.02500000037252903,0.02500000037252903,0.02500000037252903,0,0.0,0.0
2023-02-28 10:00:00+08:00,0.02500000037252903,0.02500000037252903,0.02500000037252903,0.02500000037252903,129200,0.0,0.0
2023-02-28 11:00:00+08:00,0.02500000037252903,0.02500000037252903,0.02500000037252903,0.02500000037252903,70800,0.0,0.0
2023-02-28 14:00:00+08:00,0.02500000037252903,0.02500000037252903,0.024000000208616257,0.02500000037252903,139300,0.0,0.0
2023-02-28 15:00:00+08:00,0.02500000037252903,0.026000000536441803,0.02500000037252903,0.026000000536441803,136900,0.0,0.0
2023-02-28 16:00:00+08:00,0.026000000536441803,0.026000000536441803,0.026000000536441803,0.026000000536441803,4400,0.0,0.0
2023-03-02 15:00:00+08:00,0.02500000037252903,0.02500000037252903,0.02500000037252903,0.02500000037252903,0,0.0,0.0
2023-03-03 09:00:00+08:00,0.024000000208616257,0.026000000536441803,0.024000000208616257,0.026000000536441803,0,0.0,0.0
2023-03-03 16:00:00+08:00,0.026000000536441803,0.026000000536441803,0.026000000536441803,0.026000000536441803,25000,0.0,0.0
2023-03-06 13:00:00+08:00,0.02500000037252903,0.027000000700354576,0.02500000037252903,0.02500000037252903,0,0.0,0.0
2023-03-06 15:00:00+08:00,0.027000000700354576,0.027000000700354576,0.027000000700354576,0.027000000700354576,150000,0.0,0.0
2023-03-07 16:00:00+08:00,0.02500000037252903,0.02500000037252903,0.02500000037252903,0.02500000037252903,0,0.0,0.0
2023-03-08 15:00:00+08:00,0.02500000037252903,0.02500000037252903,0.02500000037252903,0.02500000037252903,0,0.0,0.0
2023-03-13 10:00:00+08:00,0.02500000037252903,0.02500000037252903,0.02500000037252903,0.02500000037252903,42000,0.0,0.0
2023-03-13 14:00:00+08:00,0.02500000037252903,0.02500000037252903,0.02500000037252903,0.02500000037252903,48000,0.0,0.0
2023-03-14 15:00:00+08:00,0.02500000037252903,0.02500000037252903,0.02500000037252903,0.02500000037252903,0,0.0,0.0
2023-03-15 09:00:00+08:00,0.02500000037252903,0.026000000536441803,0.024000000208616257,0.026000000536441803,280300,0.0,0.0
2023-03-15 11:00:00+08:00,0.026000000536441803,0.026000000536441803,0.02500000037252903,0.02500000037252903,200000,0.0,0.0
2023-03-15 14:00:00+08:00,0.02500000037252903,0.02500000037252903,0.02500000037252903,0.02500000037252903,100000,0.0,0.0
2023-03-15 16:00:00+08:00,0.02500000037252903,0.02500000037252903,0.02500000037252903,0.02500000037252903,152100,0.0,0.0
2023-03-16 15:00:00+08:00,0.024000000208616257,0.024000000208616257,0.024000000208616257,0.024000000208616257,0,0.0,0.0
2023-03-20 15:00:00+08:00,0.024000000208616257,0.024000000208616257,0.024000000208616257,0.024000000208616257,539500,0.0,0.0
2023-03-21 16:00:00+08:00,0.023000000044703484,0.023000000044703484,0.023000000044703484,0.023000000044703484,0,0.0,0.0
2023-03-22 09:00:00+08:00,0.023000000044703484,0.023000000044703484,0.023000000044703484,0.023000000044703484,6700,0.0,0.0
2023-03-22 10:00:00+08:00,0.023000000044703484,0.023000000044703484,0.02199999988079071,0.023000000044703484,87000,0.0,0.0
2023-03-22 16:00:00+08:00,0.023000000044703484,0.023000000044703484,0.023000000044703484,0.023000000044703484,120100,0.0,0.0
2023-03-23 10:00:00+08:00,0.023000000044703484,0.023000000044703484,0.023000000044703484,0.023000000044703484,2000,0.0,0.0
2023-03-23 11:00:00+08:00,0.023000000044703484,0.023000000044703484,0.023000000044703484,0.023000000044703484,16200,0.0,0.0
2023-03-24 15:00:00+08:00,0.024000000208616257,0.024000000208616257,0.023000000044703484,0.023000000044703484,81300,0.0,0.0
2023-03-27 10:00:00+08:00,0.023000000044703484,0.024000000208616257,0.023000000044703484,0.024000000208616257,0,0.0,0.0
2023-03-27 11:00:00+08:00,0.024000000208616257,0.024000000208616257,0.024000000208616257,0.024000000208616257,200000,0.0,0.0
2023-03-27 16:00:00+08:00,0.024000000208616257,0.024000000208616257,0.024000000208616257,0.024000000208616257,140100,0.0,0.0
2023-03-29 09:00:00+08:00,0.024000000208616257,0.02500000037252903,0.024000000208616257,0.02500000037252903,120000,0.0,0.0
2023-03-30 10:00:00+08:00,0.024000000208616257,0.024000000208616257,0.024000000208616257,0.024000000208616257,14800,0.0,0.0
2023-03-30 11:00:00+08:00,0.024000000208616257,0.024000000208616257,0.024000000208616257,0.024000000208616257,16400,0.0,0.0
2023-03-30 15:00:00+08:00,0.024000000208616257,0.024000000208616257,0.024000000208616257,0.024000000208616257,100000,0.0,0.0
2023-03-30 16:00:00+08:00,0.024000000208616257,0.024000000208616257,0.024000000208616257,0.024000000208616257,2000,0.0,0.0
2023-03-31 09:00:00+08:00,0.02500000037252903,0.02500000037252903,0.02500000037252903,0.02500000037252903,0,0.0,0.0
2023-03-31 13:00:00+08:00,0.02500000037252903,0.026000000536441803,0.02500000037252903,0.026000000536441803,0,0.0,0.0
2023-03-31 14:00:00+08:00,0.026000000536441803,0.026000000536441803,0.02500000037252903,0.02500000037252903,271000,0.0,0.0
2023-04-03 09:00:00+08:00,0.026000000536441803,0.026000000536441803,0.026000000536441803,0.026000000536441803,0,0.0,0.0
2023-04-03 10:00:00+08:00,0.026000000536441803,0.026000000536441803,0.026000000536441803,0.026000000536441803,180000,0.0,0.0
2023-04-03 11:00:00+08:00,0.026000000536441803,0.026000000536441803,0.026000000536441803,0.026000000536441803,20000,0.0,0.0
2023-04-03 12:00:00+08:00,0.02500000037252903,0.026000000536441803,0.02500000037252903,0.026000000536441803,458900,0.0,0.0
2023-04-03 13:00:00+08:00,0.026000000536441803,0.026000000536441803,0.026000000536441803,0.026000000536441803,200800,0.0,0.0
2023-04-04 11:00:00+08:00,0.026000000536441803,0.026000000536441803,0.026000000536441803,0.026000000536441803,0,0.0,0.0
2023-04-04 14:00:00+08:00,0.026000000536441803,0.026000000536441803,0.02500000037252903,0.02500000037252903,350000,0.0,0.0
2023-04-05 09:00:00+08:00,0.02500000037252903,0.026000000536441803,0.02500000037252903,0.026000000536441803,289200,0.0,0.0
2023-04-05 10:00:00+08:00,0.026000000536441803,0.026000000536441803,0.02500000037252903,0.02500000037252903,0,0.0,0.0
2023-04-05 11:00:00+08:00,0.02500000037252903,0.02500000037252903,0.02500000037252903,0.02500000037252903,493300,0.0,0.0
2023-04-05 16:00:00+08:00,0.02500000037252903,0.02500000037252903,0.02500000037252903,0.02500000037252903,100000,0.0,0.0
2023-04-10 16:00:00+08:00,0.02500000037252903,0.02500000037252903,0.02500000037252903,0.02500000037252903,0,0.0,0.0
2023-04-13 09:00:00+08:00,0.02500000037252903,0.02500000037252903,0.02500000037252903,0.02500000037252903,142400,0.0,0.0
2023-04-13 16:00:00+08:00,0.02500000037252903,0.02500000037252903,0.02500000037252903,0.02500000037252903,145000,0.0,0.0
2023-04-17 13:00:00+08:00,0.027000000700354576,0.027000000700354576,0.027000000700354576,0.027000000700354576,0,0.0,0.0
2023-04-17 14:00:00+08:00,0.026000000536441803,0.026000000536441803,0.026000000536441803,0.026000000536441803,0,0.0,0.0
2023-04-17 16:00:00+08:00,0.026000000536441803,0.026000000536441803,0.026000000536441803,0.026000000536441803,670000,0.0,0.0
2023-04-18 10:00:00+08:00,0.02500000037252903,0.02500000037252903,0.02500000037252903,0.02500000037252903,0,0.0,0.0
2023-04-18 15:00:00+08:00,0.02500000037252903,0.02500000037252903,0.02500000037252903,0.02500000037252903,0,0.0,0.0
2023-04-20 16:00:00+08:00,0.026000000536441803,0.026000000536441803,0.026000000536441803,0.026000000536441803,50000,0.0,0.0
2023-04-21 09:00:00+08:00,0.026000000536441803,0.026000000536441803,0.026000000536441803,0.026000000536441803,301000,0.0,0.0
2023-04-21 16:00:00+08:00,0.026000000536441803,0.027000000700354576,0.026000000536441803,0.027000000700354576,0,0.0,0.0
2023-04-24 11:00:00+08:00,0.02500000037252903,0.02500000037252903,0.02500000037252903,0.02500000037252903,1000000,0.0,0.0
2023-04-24 13:00:00+08:00,0.02500000037252903,0.02500000037252903,0.02500000037252903,0.02500000037252903,110000,0.0,0.0
2023-04-24 15:00:00+08:00,0.02500000037252903,0.02500000037252903,0.02500000037252903,0.02500000037252903,63500,0.0,0.0
2023-04-24 16:00:00+08:00,0.02500000037252903,0.02500000037252903,0.02500000037252903,0.02500000037252903,80000,0.0,0.0
2023-04-26 11:00:00+08:00,0.02500000037252903,0.02500000037252903,0.02500000037252903,0.02500000037252903,100000,0.0,0.0
2023-04-28 11:00:00+08:00,0.026000000536441803,0.026000000536441803,0.02500000037252903,0.026000000536441803,161000,0.0,0.0
2023-04-28 16:00:00+08:00,0.02500000037252903,0.02500000037252903,0.02500000037252903,0.02500000037252903,424000,0.0,0.0
2023-05-02 14:00:00+08:00,0.026000000536441803,0.026000000536441803,0.026000000536441803,0.026000000536441803,100,0.0,0.0
2023-05-08 15:00:00+08:00,0.026000000536441803,0.026000000536441803,0.026000000536441803,0.026000000536441803,9900,0.0,0.0
2023-05-09 09:00:00+08:00,0.026000000536441803,0.026000000536441803,0.026000000536441803,0.026000000536441803,115000,0.0,0.0
2023-05-09 10:00:00+08:00,0.026000000536441803,0.026000000536441803,0.026000000536441803,0.026000000536441803,0,0.0,0.0
2023-05-09 11:00:00+08:00,0.026000000536441803,0.026000000536441803,0.026000000536441803,0.026000000536441803,338400,0.0,0.0
2023-05-09 13:00:00+08:00,0.026000000536441803,0.026000000536441803,0.026000000536441803,0.026000000536441803,313900,0.0,0.0
2023-05-09 14:00:00+08:00,0.026000000536441803,0.027000000700354576,0.026000000536441803,0.026000000536441803,98600,0.0,0.0
2023-05-09 15:00:00+08:00,0.026000000536441803,0.027000000700354576,0.026000000536441803,0.026000000536441803,90700,0.0,0.0
2023-05-09 16:00:00+08:00,0.026000000536441803,0.026000000536441803,0.026000000536441803,0.026000000536441803,200000,0.0,0.0
2023-05-10 09:00:00+08:00,0.026000000536441803,0.027000000700354576,0.026000000536441803,0.026000000536441803,179800,0.0,0.0
2023-05-10 15:00:00+08:00,0.026000000536441803,0.026000000536441803,0.026000000536441803,0.026000000536441803,4900,0.0,0.0
2023-05-10 16:00:00+08:00,0.026000000536441803,0.026000000536441803,0.026000000536441803,0.026000000536441803,4100,0.0,0.0
2023-05-11 10:00:00+08:00,0.026000000536441803,0.026000000536441803,0.026000000536441803,0.026000000536441803,0,0.0,0.0
2023-05-11 13:00:00+08:00,0.026000000536441803,0.026000000536441803,0.026000000536441803,0.026000000536441803,63000,0.0,0.0
2023-05-11 14:00:00+08:00,0.026000000536441803,0.026000000536441803,0.026000000536441803,0.026000000536441803,0,0.0,0.0
2023-05-11 16:00:00+08:00,0.026000000536441803,0.026000000536441803,0.026000000536441803,0.026000000536441803,85000,0.0,0.0
2023-05-12 11:00:00+08:00,0.02500000037252903,0.026000000536441803,0.02500000037252903,0.026000000536441803,15000,0.0,0.0
2023-05-12 13:00:00+08:00,0.026000000536441803,0.026000000536441803,0.026000000536441803,0.026000000536441803,0,0.0,0.0
2023-05-15 09:00:00+08:00,0.026000000536441803,0.026000000536441803,0.02500000037252903,0.026000000536441803,0,0.0,0.0
2023-05-15 11:00:00+08:00,0.02500000037252903,0.026000000536441803,0.02500000037252903,0.026000000536441803,112300,0.0,0.0
2023-05-15 15:00:00+08:00,0.026000000536441803,0.02800000086426735,0.026000000536441803,0.027000000700354576,985400,0.0,0.0
2023-05-15 16:00:00+08:00,0.027000000700354576,0.02800000086426735,0.026000000536441803,0.026000000536441803,1736400,0.0,0.0
2023-05-16 09:00:00+08:00,0.032999999821186066,0.03799999877810478,0.029999999329447746,0.03099999949336052,25313500,0.0,0.0
2023-05-16 10:00:00+08:00,0.03099999949336052,0.03099999949336052,0.029999999329447746,0.029999999329447746,5316800,0.0,0.0
2023-05-16 11:00:00+08:00,0.029999999329447746,0.029999999329447746,0.029999999329447746,0.029999999329447746,1500500,0.0,0.0
2023-05-16 12:00:00+08:00,0.03099999949336052,0.03099999949336052,0.03099999949336052,0.03099999949336052,250000,0.0,0.0
2023-05-16 13:00:00+08:00,0.03099999949336052,0.03099999949336052,0.03099999949336052,0.03099999949336052,1973000,0.0,0.0
2023-05-16 14:00:00+08:00,0.03099999949336052,0.03099999949336052,0.03099999949336052,0.03099999949336052,1000,0.0,0.0
2023-05-16 15:00:00+08:00,0.03099999949336052,0.03099999949336052,0.03099999949336052,0.03099999949336052,2191200,0.0,0.0
2023-05-16 16:00:00+08:00,0.03099999949336052,0.03099999949336052,0.03099999949336052,0.03099999949336052,1842600,0.0,0.0
2023-05-17 09:00:00+08:00,0.03099999949336052,0.03099999949336052,0.028999999165534973,0.028999999165534973,1778000,0.0,0.0
2023-05-17 10:00:00+08:00,0.028999999165534973,0.029999999329447746,0.02800000086426735,0.029999999329447746,2259000,0.0,0.0
2023-05-17 11:00:00+08:00,0.029999999329447746,0.029999999329447746,0.029999999329447746,0.029999999329447746,100000,0.0,0.0
2023-05-17 12:00:00+08:00,0.029999999329447746,0.029999999329447746,0.029999999329447746,0.029999999329447746,50000,0.0,0.0
2023-05-17 13:00:00+08:00,0.029999999329447746,0.029999999329447746,0.029999999329447746,0.029999999329447746,416000,0.0,0.0
2023-05-17 14:00:00+08:00,0.029999999329447746,0.029999999329447746,0.029999999329447746,0.029999999329447746,0,0.0,0.0
2023-05-18 09:00:00+08:00,0.029999999329447746,0.029999999329447746,0.028999999165534973,0.028999999165534973,820000,0.0,0.0
2023-05-18 10:00:00+08:00,0.028999999165534973,0.028999999165534973,0.028999999165534973,0.028999999165534973,37400,0.0,0.0
2023-05-18 11:00:00+08:00,0.028999999165534973,0.029999999329447746,0.028999999165534973,0.029999999329447746,0,0.0,0.0
2023-05-18 14:00:00+08:00,0.029999999329447746,0.029999999329447746,0.028999999165534973,0.028999999165534973,1658400,0.0,0.0
2023-05-18 16:00:00+08:00,0.028999999165534973,0.028999999165534973,0.028999999165534973,0.028999999165534973,1210200,0.0,0.0
2023-05-19 09:00:00+08:00,0.02800000086426735,0.028999999165534973,0.02800000086426735,0.02800000086426735,850000,0.0,0.0
2023-05-19 10:00:00+08:00,0.028999999165534973,0.028999999165534973,0.02800000086426735,0.02800000086426735,668000,0.0,0.0
2023-05-19 13:00:00+08:00,0.02800000086426735,0.02800000086426735,0.02800000086426735,0.02800000086426735,1000,0.0,0.0
2023-05-19 15:00:00+08:00,0.02800000086426735,0.028999999165534973,0.02800000086426735,0.02800000086426735,4500,0.0,0.0
2023-05-19 16:00:00+08:00,0.028999999165534973,0.028999999165534973,0.02800000086426735,0.02800000086426735,520000,0.0,0.0
2023-05-22 09:00:00+08:00,0.02800000086426735,0.02800000086426735,0.02800000086426735,0.02800000086426735,0,0.0,0.0
2023-05-22 10:00:00+08:00,0.02800000086426735,0.02800000086426735,0.027000000700354576,0.027000000700354576,1451100,0.0,0.0
2023-05-22 11:00:00+08:00,0.027000000700354576,0.02800000086426735,0.027000000700354576,0.02800000086426735,370000,0.0,0.0
2023-05-22 12:00:00+08:00,0.02800000086426735,0.02800000086426735,0.02800000086426735,0.02800000086426735,80000,0.0,0.0
2023-05-22 14:00:00+08:00,0.02800000086426735,0.02800000086426735,0.027000000700354576,0.027000000700354576,560000,0.0,0.0
2023-05-22 15:00:00+08:00,0.027000000700354576,0.027000000700354576,0.027000000700354576,0.027000000700354576,1935300,0.0,0.0
2023-05-22 16:00:00+08:00,0.027000000700354576,0.02800000086426735,0.027000000700354576,0.02800000086426735,975700,0.0,0.0
2023-05-23 09:00:00+08:00,0.027000000700354576,0.02800000086426735,0.027000000700354576,0.02800000086426735,908900,0.0,0.0
2023-05-23 10:00:00+08:00,0.02800000086426735,0.02800000086426735,0.02800000086426735,0.02800000086426735,2006500,0.0,0.0
2023-05-23 11:00:00+08:00,0.02800000086426735,0.02800000086426735,0.027000000700354576,0.027000000700354576,350000,0.0,0.0
2023-05-23 13:00:00+08:00,0.027000000700354576,0.027000000700354576,0.027000000700354576,0.027000000700354576,148500,0.0,0.0
2023-05-23 14:00:00+08:00,0.027000000700354576,0.027000000700354576,0.027000000700354576,0.027000000700354576,110000,0.0,0.0
2023-05-23 15:00:00+08:00,0.027000000700354576,0.027000000700354576,0.027000000700354576,0.027000000700354576,49700,0.0,0.0
2023-05-23 16:00:00+08:00,0.027000000700354576,0.027000000700354576,0.027000000700354576,0.027000000700354576,550000,0.0,0.0
2023-05-24 09:00:00+08:00,0.027000000700354576,0.02800000086426735,0.027000000700354576,0.02800000086426735,0,0.0,0.0
2023-05-24 13:00:00+08:00,0.027000000700354576,0.027000000700354576,0.027000000700354576,0.027000000700354576,130000,0.0,0.0
2023-05-24 15:00:00+08:00,0.027000000700354576,0.02800000086426735,0.027000000700354576,0.02800000086426735,2085000,0.0,0.0
2023-05-24 16:00:00+08:00,0.02800000086426735,0.02800000086426735,0.02800000086426735,0.02800000086426735,1000,0.0,0.0
2023-05-25 09:00:00+08:00,0.027000000700354576,0.027000000700354576,0.027000000700354576,0.027000000700354576,0,0.0,0.0
2023-05-25 10:00:00+08:00,0.027000000700354576,0.027000000700354576,0.027000000700354576,0.027000000700354576,0,0.0,0.0
2023-05-25 11:00:00+08:00,0.027000000700354576,0.027000000700354576,0.027000000700354576,0.027000000700354576,0,0.0,0.0
2023-05-25 13:00:00+08:00,0.027000000700354576,0.02800000086426735,0.027000000700354576,0.02800000086426735,2770300,0.0,0.0
2023-05-25 14:00:00+08:00,0.02800000086426735,0.02800000086426735,0.027000000700354576,0.02800000086426735,100,0.0,0.0
2023-05-25 16:00:00+08:00,0.027000000700354576,0.02800000086426735,0.027000000700354576,0.02800000086426735,570100,0.0,0.0
2023-05-26 10:00:00+08:00,0.026000000536441803,0.027000000700354576,0.026000000536441803,0.027000000700354576,13700,0.0,0.0
2023-05-26 11:00:00+08:00,0.027000000700354576,0.027000000700354576,0.026000000536441803,0.026000000536441803,302000,0.0,0.0
2023-05-26 12:00:00+08:00,0.026000000536441803,0.026000000536441803,0.026000000536441803,0.026000000536441803,3000,0.0,0.0
2023-05-26 13:00:00+08:00,0.026000000536441803,0.026000000536441803,0.026000000536441803,0.026000000536441803,105000,0.0,0.0
2023-05-26 15:00:00+08:00,0.026000000536441803,0.026000000536441803,0.026000000536441803,0.026000000536441803,90000,0.0,0.0
2023-05-26 16:00:00+08:00,0.026000000536441803,0.026000000536441803,0.026000000536441803,0.026000000536441803,300000,0.0,0.0
2023-05-29 09:00:00+08:00,0.026000000536441803,0.027000000700354576,0.026000000536441803,0.026000000536441803,792000,0.0,0.0
2023-05-29 10:00:00+08:00,0.026000000536441803,0.027000000700354576,0.026000000536441803,0.026000000536441803,3936200,0.0,0.0
2023-05-29 11:00:00+08:00,0.026000000536441803,0.027000000700354576,0.026000000536441803,0.026000000536441803,50100,0.0,0.0
2023-05-29 13:00:00+08:00,0.026000000536441803,0.027000000700354576,0.026000000536441803,0.026000000536441803,0,0.0,0.0
2023-05-29 16:00:00+08:00,0.026000000536441803,0.026000000536441803,0.026000000536441803,0.026000000536441803,5029900,0.0,0.0
2023-05-30 14:00:00+08:00,0.026000000536441803,0.026000000536441803,0.026000000536441803,0.026000000536441803,100000,0.0,0.0
2023-05-30 16:00:00+08:00,0.026000000536441803,0.026000000536441803,0.026000000536441803,0.026000000536441803,1926700,0.0,0.0
2023-05-31 14:00:00+08:00,0.02500000037252903,0.02500000037252903,0.02500000037252903,0.02500000037252903,300000,0.0,0.0
2023-06-01 16:00:00+08:00,0.02500000037252903,0.02500000037252903,0.02500000037252903,0.02500000037252903,0,0.0,0.0
2023-06-05 09:00:00+08:00,0.026000000536441803,0.026000000536441803,0.02500000037252903,0.026000000536441803,85500,0.0,0.0
2023-06-05 13:00:00+08:00,0.02500000037252903,0.02500000037252903,0.02500000037252903,0.02500000037252903,406500,0.0,0.0
2023-06-06 12:00:00+08:00,0.027000000700354576,0.027000000700354576,0.027000000700354576,0.027000000700354576,7800,0.0,0.0
2023-06-07 09:00:00+08:00,0.026000000536441803,0.026000000536441803,0.026000000536441803,0.026000000536441803,400000,0.0,0.0
2023-06-07 10:00:00+08:00,0.026000000536441803,0.026000000536441803,0.026000000536441803,0.026000000536441803,190000,0.0,0.0
2023-06-07 11:00:00+08:00,0.026000000536441803,0.026000000536441803,0.02500000037252903,0.02500000037252903,3100,0.0,0.0
2023-06-07 15:00:00+08:00,0.026000000536441803,0.026000000536441803,0.02500000037252903,0.026000000536441803,456700,0.0,0.0
2023-06-07 16:00:00+08:00,0.026000000536441803,0.026000000536441803,0.026000000536441803,0.026000000536441803,300000,0.0,0.0
2023-06-08 11:00:00+08:00,0.026000000536441803,0.026000000536441803,0.02500000037252903,0.02500000037252903,0,0.0,0.0
2023-06-08 14:00:00+08:00,0.02500000037252903,0.02500000037252903,0.02500000037252903,0.02500000037252903,2100,0.0,0.0
2023-06-09 09:00:00+08:00,0.026000000536441803,0.026000000536441803,0.026000000536441803,0.026000000536441803,70000,0.0,0.0
2023-06-13 16:00:00+08:00,0.02500000037252903,0.02500000037252903,0.02500000037252903,0.02500000037252903,0,0.0,0.0
2023-06-15 11:00:00+08:00,0.026000000536441803,0.026000000536441803,0.026000000536441803,0.026000000536441803,145900,0.0,0.0
2023-06-15 14:00:00+08:00,0.026000000536441803,0.026000000536441803,0.026000000536441803,0.026000000536441803,40000,0.0,0.0
2023-06-15 15:00:00+08:00,0.026000000536441803,0.027000000700354576,0.026000000536441803,0.026000000536441803,3100,0.0,0.0
2023-06-15 16:00:00+08:00,0.027000000700354576,0.027000000700354576,0.026000000536441803,0.026000000536441803,111100,0.0,0.0
2023-06-16 11:00:00+08:00,0.026000000536441803,0.026000000536441803,0.026000000536441803,0.026000000536441803,0,0.0,0.0
2023-06-16 12:00:00+08:00,0.026000000536441803,0.026000000536441803,0.026000000536441803,0.026000000536441803,50000,0.0,0.0
2023-06-16 13:00:00+08:00,0.026000000536441803,0.026000000536441803,0.026000000536441803,0.026000000536441803,60000,0.0,0.0
2023-06-16 16:00:00+08:00,0.026000000536441803,0.026000000536441803,0.026000000536441803,0.026000000536441803,26000,0.0,0.0
2023-06-19 09:00:00+08:00,0.027000000700354576,0.027000000700354576,0.027000000700354576,0.027000000700354576,0,0.0,0.0
2023-06-20 13:00:00+08:00,0.026000000536441803,0.026000000536441803,0.026000000536441803,0.026000000536441803,291600,0.0,0.0
2023-06-20 14:00:00+08:00,0.026000000536441803,0.026000000536441803,0.026000000536441803,0.026000000536441803,58400,0.0,0.0
2023-06-21 10:00:00+08:00,0.027000000700354576,0.027000000700354576,0.026000000536441803,0.026000000536441803,0,0.0,0.0
2023-06-21 13:00:00+08:00,0.026000000536441803,0.026000000536441803,0.026000000536441803,0.026000000536441803,420600,0.0,0.0
2023-06-21 14:00:00+08:00,0.026000000536441803,0.026000000536441803,0.026000000536441803,0.026000000536441803,479400,0.0,0.0
2023-06-22 12:00:00+08:00,0.027000000700354576,0.027000000700354576,0.027000000700354576,0.027000000700354576,0,0.0,0.0
2023-06-22 13:00:00+08:00,0.027000000700354576,0.027000000700354576,0.026000000536441803,0.026000000536441803,256000,0.0,0.0
2023-06-22 15:00:00+08:00,0.026000000536441803,0.026000000536441803,0.026000000536441803,0.026000000536441803,300000,0.0,0.0
2023-06-23 10:00:00+08:00,0.026000000536441803,0.027000000700354576,0.026000000536441803,0.027000000700354576,0,0.0,0.0
2023-06-23 11:00:00+08:00,0.027000000700354576,0.027000000700354576,0.026000000536441803,0.027000000700354576,15000,0.0,0.0
2023-06-23 14:00:00+08:00,0.026000000536441803,0.027000000700354576,0.026000000536441803,0.027000000700354576,75000,0.0,0.0
2023-06-26 09:00:00+08:00,0.026000000536441803,0.026000000536441803,0.026000000536441803,0.026000000536441803,0,0.0,0.0
2023-06-26 14:00:00+08:00,0.026000000536441803,0.026000000536441803,0.026000000536441803,0.026000000536441803,0,0.0,0.0
2023-06-27 09:00:00+08:00,0.026000000536441803,0.026000000536441803,0.026000000536441803,0.026000000536441803,70000,0.0,0.0
2023-06-27 11:00:00+08:00,0.026000000536441803,0.026000000536441803,0.026000000536441803,0.026000000536441803,250000,0.0,0.0
2023-06-27 13:00:00+08:00,0.026000000536441803,0.026000000536441803,0.026000000536441803,0.026000000536441803,1000,0.0,0.0
2023-06-27 14:00:00+08:00,0.026000000536441803,0.027000000700354576,0.026000000536441803,0.026000000536441803,59100,0.0,0.0
2023-06-27 15:00:00+08:00,0.026000000536441803,0.026000000536441803,0.026000000536441803,0.026000000536441803,5100,0.0,0.0
2023-06-27 16:00:00+08:00,0.026000000536441803,0.026000000536441803,0.026000000536441803,0.026000000536441803,100,0.0,0.0
2023-06-28 15:00:00+08:00,0.026000000536441803,0.027000000700354576,0.02500000037252903,0.02500000037252903,300,0.0,0.0
2023-06-28 16:00:00+08:00,0.02500000037252903,0.027000000700354576,0.02500000037252903,0.027000000700354576,0,0.0,0.0
2023-06-30 14:00:00+08:00,0.02500000037252903,0.026000000536441803,0.02500000037252903,0.026000000536441803,80000,0.0,0.0
2023-06-30 15:00:00+08:00,0.026000000536441803,0.026000000536441803,0.026000000536441803,0.026000000536441803,80000,0.0,0.0
2023-06-30 16:00:00+08:00,0.026000000536441803,0.026000000536441803,0.026000000536441803,0.026000000536441803,20000,0.0,0.0
2023-07-03 09:00:00+08:00,0.029999999329447746,0.029999999329447746,0.027000000700354576,0.02800000086426735,3267400,0.0,0.0
2023-07-03 10:00:00+08:00,0.02800000086426735,0.028999999165534973,0.02800000086426735,0.02800000086426735,5900,0.0,0.0
2023-07-03 11:00:00+08:00,0.02800000086426735,0.028999999165534973,0.02800000086426735,0.028999999165534973,517900,0.0,0.0
2023-07-03 12:00:00+08:00,0.028999999165534973,0.028999999165534973,0.02800000086426735,0.02800000086426735,30300,0.0,0.0
2023-07-03 14:00:00+08:00,0.02800000086426735,0.02800000086426735,0.02800000086426735,0.02800000086426735,100000,0.0,0.0
2023-07-03 15:00:00+08:00,0.02800000086426735,0.028999999165534973,0.02800000086426735,0.028999999165534973,600000,0.0,0.0
2023-07-03 16:00:00+08:00,0.028999999165534973,0.028999999165534973,0.028999999165534973,0.028999999165534973,389400,0.0,0.0
2023-07-04 09:00:00+08:00,0.028999999165534973,0.028999999165534973,0.028999999165534973,0.028999999165534973,625000,0.0,0.0
2023-07-04 10:00:00+08:00,0.028999999165534973,0.028999999165534973,0.028999999165534973,0.028999999165534973,0,0.0,0.0
2023-07-04 12:00:00+08:00,0.028999999165534973,0.028999999165534973,0.028999999165534973,0.028999999165534973,1283400,0.0,0.0
2023-07-04 14:00:00+08:00,0.028999999165534973,0.028999999165534973,0.028999999165534973,0.028999999165534973,410000,0.0,0.0
2023-07-04 15:00:00+08:00,0.028999999165534973,0.028999999165534973,0.028999999165534973,0.028999999165534973,284700,0.0,0.0
2023-07-05 09:00:00+08:00,0.029999999329447746,0.029999999329447746,0.029999999329447746,0.029999999329447746,0,0.0,0.0
2023-07-05 10:00:00+08:00,0.029999999329447746,0.03099999949336052,0.029999999329447746,0.029999999329447746,365100,0.0,0.0
2023-07-05 11:00:00+08:00,0.029999999329447746,0.029999999329447746,0.029999999329447746,0.029999999329447746,62400,0.0,0.0
2023-07-05 13:00:00+08:00,0.029999999329447746,0.029999999329447746,0.028999999165534973,0.029999999329447746,500000,0.0,0.0
2023-07-05 16:00:00+08:00,0.028999999165534973,0.028999999165534973,0.028999999165534973,0.028999999165534973,100000,0.0,0.0
2023-07-06 09:00:00+08:00,0.029999999329447746,0.029999999329447746,0.028999999165534973,0.028999999165534973,30000,0.0,0.0
2023-07-06 10:00:00+08:00,0.028999999165534973,0.029999999329447746,0.028999999165534973,0.029999999329447746,219800,0.0,0.0
2023-07-06 15:00:00+08:00,0.029999999329447746,0.029999999329447746,0.029999999329447746,0.029999999329447746,40000,0.0,0.0
2023-07-07 09:00:00+08:00,0.029999999329447746,0.029999999329447746,0.029999999329447746,0.029999999329447746,300000,0.0,0.0
2023-07-07 10:00:00+08:00,0.029999999329447746,0.029999999329447746,0.028999999165534973,0.028999999165534973,0,0.0,0.0
2023-07-07 11:00:00+08:00,0.028999999165534973,0.029999999329447746,0.028999999165534973,0.029999999329447746,581600,0.0,0.0
2023-07-07 13:00:00+08:00,0.029999999329447746,0.029999999329447746,0.029999999329447746,0.029999999329447746,245300,0.0,0.0
2023-07-07 14:00:00+08:00,0.029999999329447746,0.029999999329447746,0.029999999329447746,0.029999999329447746,800,0.0,0.0
2023-07-07 16:00:00+08:00,0.029999999329447746,0.029999999329447746,0.029999999329447746,0.029999999329447746,0,0.0,0.0
2023-07-10 10:00:00+08:00,0.029999999329447746,0.029999999329447746,0.029999999329447746,0.029999999329447746,430000,0.0,0.0
2023-07-10 11:00:00+08:00,0.029999999329447746,0.03099999949336052,0.029999999329447746,0.03099999949336052,400000,0.0,0.0
2023-07-11 09:00:00+08:00,0.03099999949336052,0.03099999949336052,0.029999999329447746,0.029999999329447746,661100,0.0,0.0
2023-07-11 14:00:00+08:00,0.029999999329447746,0.029999999329447746,0.029999999329447746,0.029999999329447746,20000,0.0,0.0
2023-07-11 15:00:00+08:00,0.029999999329447746,0.029999999329447746,0.029999999329447746,0.029999999329447746,8200,0.0,0.0
2023-07-12 09:00:00+08:00,0.029999999329447746,0.029999999329447746,0.029999999329447746,0.029999999329447746,270800,0.0,0.0
2023-07-12 10:00:00+08:00,0.029999999329447746,0.03099999949336052,0.029999999329447746,0.03099999949336052,329200,0.0,0.0
2023-07-12 13:00:00+08:00,0.03099999949336052,0.03099999949336052,0.03099999949336052,0.03099999949336052,0,0.0,0.0
2023-07-13 09:00:00+08:00,0.03200000151991844,0.03200000151991844,0.03200000151991844,0.03200000151991844,1230000,0.0,0.0
2023-07-13 10:00:00+08:00,0.03200000151991844,0.03200000151991844,0.03200000151991844,0.03200000151991844,0,0.0,0.0
2023-07-13 11:00:00+08:00,0.03200000151991844,0.03200000151991844,0.03099999949336052,0.03099999949336052,0,0.0,0.0
2023-07-13 13:00:00+08:00,0.03099999949336052,0.03200000151991844,0.03099999949336052,0.03099999949336052,2013700,0.0,0.0
2023-07-13 14:00:00+08:00,0.03200000151991844,0.03200000151991844,0.03200000151991844,0.03200000151991844,520000,0.0,0.0
2023-07-13 15:00:00+08:00,0.03200000151991844,0.03200000151991844,0.03200000151991844,0.03200000151991844,7000,0.0,0.0
2023-07-13 16:00:00+08:00,0.03200000151991844,0.03200000151991844,0.03200000151991844,0.03200000151991844,100000,0.0,0.0
2023-07-14 09:00:00+08:00,0.032999999821186066,0.032999999821186066,0.03200000151991844,0.03200000151991844,0,0.0,0.0
2023-07-14 10:00:00+08:00,0.03200000151991844,0.03200000151991844,0.03200000151991844,0.03200000151991844,0,0.0,0.0
2023-07-14 11:00:00+08:00,0.032999999821186066,0.032999999821186066,0.03200000151991844,0.032999999821186066,860000,0.0,0.0
2023-07-14 13:00:00+08:00,0.03200000151991844,0.03200000151991844,0.03200000151991844,0.03200000151991844,200000,0.0,0.0
2023-07-14 14:00:00+08:00,0.03200000151991844,0.03200000151991844,0.03099999949336052,0.03099999949336052,0,0.0,0.0
2023-07-14 16:00:00+08:00,0.03099999949336052,0.03099999949336052,0.03099999949336052,0.03099999949336052,1202200,0.0,0.0
2023-07-17 09:00:00+08:00,0.03200000151991844,0.03200000151991844,0.03200000151991844,0.03200000151991844,0,0.0,0.0
2023-07-17 10:00:00+08:00,0.03200000151991844,0.03200000151991844,0.03200000151991844,0.03200000151991844,7000,0.0,0.0
2023-07-17 13:00:00+08:00,0.03200000151991844,0.032999999821186066,0.03200000151991844,0.032999999821186066,148000,0.0,0.0
2023-07-18 10:00:00+08:00,0.03200000151991844,0.03200000151991844,0.03200000151991844,0.03200000151991844,0,0.0,0.0
2023-07-18 11:00:00+08:00,0.03200000151991844,0.03200000151991844,0.03200000151991844,0.03200000151991844,100000,0.0,0.0
2023-07-18 15:00:00+08:00,0.03200000151991844,0.03200000151991844,0.03200000151991844,0.03200000151991844,102000,0.0,0.0
2023-07-19 10:00:00+08:00,0.03200000151991844,0.032999999821186066,0.03200000151991844,0.032999999821186066,9100,0.0,0.0
2023-07-19 13:00:00+08:00,0.032999999821186066,0.032999999821186066,0.032999999821186066,0.032999999821186066,1156000,0.0,0.0
2023-07-19 14:00:00+08:00,0.032999999821186066,0.032999999821186066,0.032999999821186066,0.032999999821186066,10000,0.0,0.0
2023-07-19 15:00:00+08:00,0.032999999821186066,0.032999999821186066,0.032999999821186066,0.032999999821186066,59100,0.0,0.0
2023-07-20 09:00:00+08:00,0.032999999821186066,0.032999999821186066,0.032999999821186066,0.032999999821186066,0,0.0,0.0
2023-07-20 16:00:00+08:00,0.032999999821186066,0.032999999821186066,0.03200000151991844,0.03200000151991844,950000,0.0,0.0
2023-07-21 11:00:00+08:00,0.03200000151991844,0.03200000151991844,0.03200000151991844,0.03200000151991844,450000,0.0,0.0
2023-07-21 13:00:00+08:00,0.03200000151991844,0.03200000151991844,0.03200000151991844,0.03200000151991844,200000,0.0,0.0
2023-07-24 09:00:00+08:00,0.032999999821186066,0.032999999821186066,0.03200000151991844,0.03200000151991844,0,0.0,0.0
2023-07-24 11:00:00+08:00,0.03200000151991844,0.03200000151991844,0.03200000151991844,0.03200000151991844,800,0.0,0.0
2023-07-24 12:00:00+08:00,0.03200000151991844,0.03200000151991844,0.03200000151991844,0.03200000151991844,5700,0.0,0.0
2023-07-24 13:00:00+08:00,0.03200000151991844,0.03200000151991844,0.03099999949336052,0.03099999949336052,106300,0.0,0.0
2023-07-24 16:00:00+08:00,0.03099999949336052,0.03099999949336052,0.03099999949336052,0.03099999949336052,3200,0.0,0.0
2023-07-25 14:00:00+08:00,0.03200000151991844,0.03200000151991844,0.03200000151991844,0.03200000151991844,183900,0.0,0.0
2023-07-25 16:00:00+08:00,0.03200000151991844,0.03200000151991844,0.03200000151991844,0.03200000151991844,300,0.0,0.0
2023-07-27 10:00:00+08:00,0.03200000151991844,0.03200000151991844,0.03200000151991844,0.03200000151991844,170500,0.0,0.0
2023-07-27 11:00:00+08:00,0.03200000151991844,0.03200000151991844,0.03200000151991844,0.03200000151991844,0,0.0,0.0
2023-07-27 16:00:00+08:00,0.03200000151991844,0.03200000151991844,0.03200000151991844,0.03200000151991844,449200,0.0,0.0
2023-07-28 16:00:00+08:00,0.03200000151991844,0.03200000151991844,0.03200000151991844,0.03200000151991844,100500,0.0,0.0
2023-07-31 09:00:00+08:00,0.032999999821186066,0.032999999821186066,0.032999999821186066,0.032999999821186066,398800,0.0,0.0
2023-07-31 11:00:00+08:00,0.032999999821186066,0.032999999821186066,0.032999999821186066,0.032999999821186066,330000,0.0,0.0
2023-07-31 13:00:00+08:00,0.032999999821186066,0.032999999821186066,0.032999999821186066,0.032999999821186066,150000,0.0,0.0
2023-07-31 14:00:00+08:00,0.032999999821186066,0.032999999821186066,0.032999999821186066,0.032999999821186066,50000,0.0,0.0
2023-07-31 16:00:00+08:00,0.032999999821186066,0.032999999821186066,0.03200000151991844,0.03200000151991844,888700,0.0,0.0
2023-08-02 09:00:00+08:00,0.032999999821186066,0.032999999821186066,0.032999999821186066,0.032999999821186066,149000,0.0,0.0
2023-08-02 10:00:00+08:00,0.032999999821186066,0.032999999821186066,0.032999999821186066,0.032999999821186066,100000,0.0,0.0
2023-08-02 12:00:00+08:00,0.032999999821186066,0.032999999821186066,0.03200000151991844,0.03200000151991844,1000,0.0,0.0
2023-08-02 14:00:00+08:00,0.03200000151991844,0.03200000151991844,0.03200000151991844,0.03200000151991844,600700,0.0,0.0
2023-08-02 16:00:00+08:00,0.03200000151991844,0.03200000151991844,0.03200000151991844,0.03200000151991844,10000,0.0,0.0
2023-08-04 13:00:00+08:00,0.03099999949336052,0.03099999949336052,0.03099999949336052,0.03099999949336052,782600,0.0,0.0
2023-08-04 14:00:00+08:00,0.03099999949336052,0.03099999949336052,0.03099999949336052,0.03099999949336052,516400,0.0,0.0
2023-08-07 10:00:00+08:00,0.029999999329447746,0.03200000151991844,0.029999999329447746,0.03200000151991844,0,0.0,0.0
2023-08-07 14:00:00+08:00,0.03200000151991844,0.03200000151991844,0.03099999949336052,0.03099999949336052,104100,0.0,0.0
2023-08-07 15:00:00+08:00,0.03099999949336052,0.03099999949336052,0.03099999949336052,0.03099999949336052,3100,0.0,0.0
2023-08-08 10:00:00+08:00,0.029999999329447746,0.03200000151991844,0.029999999329447746,0.03200000151991844,0,0.0,0.0
2023-08-08 11:00:00+08:00,0.03200000151991844,0.03200000151991844,0.03099999949336052,0.03099999949336052,100000,0.0,0.0
2023-08-08 16:00:00+08:00,0.03099999949336052,0.03099999949336052,0.03099999949336052,0.03099999949336052,100000,0.0,0.0
2023-08-10 14:00:00+08:00,0.029999999329447746,0.03099999949336052,0.029999999329447746,0.029999999329447746,52400,0.0,0.0
2023-08-14 15:00:00+08:00,0.03200000151991844,0.03200000151991844,0.03200000151991844,0.03200000151991844,100000,0.0,0.0
2023-08-15 09:00:00+08:00,0.03099999949336052,0.03099999949336052,0.03099999949336052,0.03099999949336052,500000,0.0,0.0
2023-08-15 11:00:00+08:00,0.03099999949336052,0.03099999949336052,0.03099999949336052,0.03099999949336052,300400,0.0,0.0
2023-08-15 14:00:00+08:00,0.03099999949336052,0.03099999949336052,0.03099999949336052,0.03099999949336052,50900,0.0,0.0
2023-08-16 14:00:00+08:00,0.03099999949336052,0.03099999949336052,0.03099999949336052,0.03099999949336052,200000,0.0,0.0
2023-08-17 09:00:00+08:00,0.03099999949336052,0.03099999949336052,0.03099999949336052,0.03099999949336052,0,0.0,0.0
2023-08-17 16:00:00+08:00,0.03099999949336052,0.03099999949336052,0.03099999949336052,0.03099999949336052,227000,0.0,0.0
2023-08-18 15:00:00+08:00,0.029999999329447746,0.029999999329447746,0.029999999329447746,0.029999999329447746,100000,0.0,0.0
2023-08-18 16:00:00+08:00,0.029999999329447746,0.03099999949336052,0.029999999329447746,0.03099999949336052,190000,0.0,0.0
2023-08-21 14:00:00+08:00,0.029999999329447746,0.029999999329447746,0.029999999329447746,0.029999999329447746,925000,0.0,0.0
2023-08-21 16:00:00+08:00,0.029999999329447746,0.029999999329447746,0.029999999329447746,0.029999999329447746,481000,0.0,0.0
2023-08-22 09:00:00+08:00,0.029999999329447746,0.029999999329447746,0.028999999165534973,0.029999999329447746,0,0.0,0.0
2023-08-22 16:00:00+08:00,0.029999999329447746,0.029999999329447746,0.029999999329447746,0.029999999329447746,150000,0.0,0.0
2023-08-23 09:00:00+08:00,0.029999999329447746,0.029999999329447746,0.028999999165534973,0.028999999165534973,0,0.0,0.0
2023-08-23 10:00:00+08:00,0.028999999165534973,0.029999999329447746,0.028999999165534973,0.029999999329447746,200000,0.0,0.0
2023-08-23 13:00:00+08:00,0.029999999329447746,0.029999999329447746,0.029999999329447746,0.029999999329447746,40700,0.0,0.0
2023-08-24 13:00:00+08:00,0.028999999165534973,0.029999999329447746,0.02800000086426735,0.029999999329447746,409100,0.0,0.0
2023-08-24 14:00:00+08:00,0.029999999329447746,0.029999999329447746,0.029999999329447746,0.029999999329447746,50000,0.0,0.0
2023-08-30 11:00:00+08:00,0.029999999329447746,0.029999999329447746,0.029999999329447746,0.029999999329447746,139900,0.0,0.0
2023-08-31 13:00:00+08:00,0.028999999165534973,0.028999999165534973,0.028999999165534973,0.028999999165534973,3700,0.0,0.0
2023-08-31 15:00:00+08:00,0.028999999165534973,0.029999999329447746,0.028999999165534973,0.029999999329447746,340000,0.0,0.0
2023-09-04 16:00:00+08:00,0.028999999165534973,0.028999999165534973,0.028999999165534973,0.028999999165534973,0,0.0,0.0
2023-09-06 14:00:00+08:00,0.02800000086426735,0.028999999165534973,0.02800000086426735,0.028999999165534973,100000,0.0,0.0
2023-09-06 16:00:00+08:00,0.028999999165534973,0.028999999165534973,0.028999999165534973,0.028999999165534973,150000,0.0,0.0
2023-09-07 15:00:00+08:00,0.028999999165534973,0.028999999165534973,0.028999999165534973,0.028999999165534973,0,0.0,0.0
2023-09-08 14:00:00+08:00,0.029999999329447746,0.029999999329447746,0.028999999165534973,0.028999999165534973,63900,0.0,0.0
2023-09-08 15:00:00+08:00,0.028999999165534973,0.028999999165534973,0.028999999165534973,0.028999999165534973,120000,0.0,0.0
2023-09-08 16:00:00+08:00,0.028999999165534973,0.028999999165534973,0.028999999165534973,0.028999999165534973,100000,0.0,0.0
2023-09-11 16:00:00+08:00,0.028999999165534973,0.028999999165534973,0.028999999165534973,0.028999999165534973,0,0.0,0.0
2023-09-12 16:00:00+08:00,0.028999999165534973,0.028999999165534973,0.028999999165534973,0.028999999165534973,100000,0.0,0.0
2023-09-15 16:00:00+08:00,0.02800000086426735,0.028999999165534973,0.02800000086426735,0.028999999165534973,40100,0.0,0.0
2023-09-18 09:00:00+08:00,0.02800000086426735,0.028999999165534973,0.02800000086426735,0.028999999165534973,0,0.0,0.0
2023-09-18 13:00:00+08:00,0.028999999165534973,0.028999999165534973,0.028999999165534973,0.028999999165534973,150000,0.0,0.0
2023-09-18 14:00:00+08:00,0.028999999165534973,0.028999999165534973,0.028999999165534973,0.028999999165534973,28000,0.0,0.0
2023-09-18 15:00:00+08:00,0.028999999165534973,0.028999999165534973,0.028999999165534973,0.028999999165534973,150000,0.0,0.0
2023-09-20 13:00:00+08:00,0.028999999165534973,0.028999999165534973,0.02800000086426735,0.028999999165534973,0,0.0,0.0
2023-09-20 14:00:00+08:00,0.028999999165534973,0.028999999165534973,0.028999999165534973,0.028999999165534973,0,0.0,0.0
2023-09-21 15:00:00+08:00,0.028999999165534973,0.028999999165534973,0.02800000086426735,0.02800000086426735,69000,0.0,0.0
2023-09-21 16:00:00+08:00,0.02800000086426735,0.02800000086426735,0.02800000086426735,0.02800000086426735,200600,0.0,0.0
2023-09-22 15:00:00+08:00,0.02800000086426735,0.02800000086426735,0.02800000086426735,0.02800000086426735,50000,0.0,0.0
2023-09-25 12:00:00+08:00,0.028999999165534973,0.028999999165534973,0.028999999165534973,0.028999999165534973,222000,0.0,0.0
2023-09-27 09:00:00+08:00,0.02800000086426735,0.02800000086426735,0.02800000086426735,0.02800000086426735,0,0.0,0.0
2023-09-29 09:00:00+08:00,0.029999999329447746,0.029999999329447746,0.029999999329447746,0.029999999329447746,1366800,0.0,0.0
2023-09-29 10:00:00+08:00,0.029999999329447746,0.029999999329447746,0.029999999329447746,0.029999999329447746,5700,0.0,0.0
2023-09-29 14:00:00+08:00,0.029999999329447746,0.029999999329447746,0.029999999329447746,0.029999999329447746,4400,0.0,0.0
2023-09-29 15:00:00+08:00,0.029999999329447746,0.029999999329447746,0.029999999329447746,0.029999999329447746,400,0.0,0.0
2023-09-29 16:00:00+08:00,0.029999999329447746,0.029999999329447746,0.028999999165534973,0.028999999165534973,120800,0.0,0.0
2023-10-02 09:00:00+08:00,0.029999999329447746,0.029999999329447746,0.029999999329447746,0.029999999329447746,0,0.0,0.0
2023-10-03 16:00:00+08:00,0.029999999329447746,0.029999999329447746,0.029999999329447746,0.029999999329447746,700000,0.0,0.0
2023-10-04 16:00:00+08:00,0.028999999165534973,0.028999999165534973,0.028999999165534973,0.028999999165534973,0,0.0,0.0
2023-10-05 09:00:00+08:00,0.028999999165534973,0.028999999165534973,0.028999999165534973,0.028999999165534973,0,0.0,0.0
2023-10-05 16:00:00+08:00,0.028999999165534973,0.028999999165534973,0.028999999165534973,0.028999999165534973,400000,0.0,0.0
2023-10-06 09:00:00+08:00,0.028999999165534973,0.028999999165534973,0.02800000086426735,0.02800000086426735,0,0.0,0.0
2023-10-06 13:00:00+08:00,0.02800000086426735,0.028999999165534973,0.02800000086426735,0.028999999165534973,21100,0.0,0.0
2023-10-06 15:00:00+08:00,0.028999999165534973,0.028999999165534973,0.028999999165534973,0.028999999165534973,374000,0.0,0.0
2023-10-10 16:00:00+08:00,0.028999999165534973,0.028999999165534973,0.028999999165534973,0.028999999165534973,60000,0.0,0.0
2023-10-11 13:00:00+08:00,0.028999999165534973,0.028999999165534973,0.028999999165534973,0.028999999165534973,0,0.0,0.0
2023-10-11 16:00:00+08:00,0.028999999165534973,0.028999999165534973,0.028999999165534973,0.028999999165534973,200000,0.0,0.0
2023-10-12 11:00:00+08:00,0.028999999165534973,0.028999999165534973,0.028999999165534973,0.028999999165534973,791800,0.0,0.0
2023-10-12 13:00:00+08:00,0.028999999165534973,0.028999999165534973,0.028999999165534973,0.028999999165534973,250000,0.0,0.0
2023-10-12 15:00:00+08:00,0.028999999165534973,0.028999999165534973,0.028999999165534973,0.028999999165534973,295400,0.0,0.0
2023-10-12 16:00:00+08:00,0.028999999165534973,0.028999999165534973,0.028999999165534973,0.028999999165534973,128000,0.0,0.0
2023-10-13 14:00:00+08:00,0.028999999165534973,0.028999999165534973,0.028999999165534973,0.028999999165534973,0,0.0,0.0
2023-10-16 09:00:00+08:00,0.028999999165534973,0.028999999165534973,0.028999999165534973,0.028999999165534973,0,0.0,0.0
2023-10-16 10:00:00+08:00,0.028999999165534973,0.028999999165534973,0.028999999165534973,0.028999999165534973,121000,0.0,0.0
2023-10-16 12:00:00+08:00,0.028999999165534973,0.028999999165534973,0.028999999165534973,0.028999999165534973,87400,0.0,0.0
2023-10-16 15:00:00+08:00,0.028999999165534973,0.028999999165534973,0.028999999165534973,0.028999999165534973,8200,0.0,0.0
2023-10-16 16:00:00+08:00,0.028999999165534973,0.028999999165534973,0.028999999165534973,0.028999999165534973,150000,0.0,0.0
2023-10-17 11:00:00+08:00,0.028999999165534973,0.028999999165534973,0.028999999165534973,0.028999999165534973,0,0.0,0.0
2023-10-17 12:00:00+08:00,0.028999999165534973,0.028999999165534973,0.028999999165534973,0.028999999165534973,150000,0.0,0.0
2023-10-17 13:00:00+08:00,0.028999999165534973,0.028999999165534973,0.028999999165534973,0.028999999165534973,30000,0.0,0.0
2023-10-17 15:00:00+08:00,0.028999999165534973,0.028999999165534973,0.028999999165534973,0.028999999165534973,4600,0.0,0.0
2023-10-17 16:00:00+08:00,0.028999999165534973,0.028999999165534973,0.028999999165534973,0.028999999165534973,380000,0.0,0.0
2023-10-18 11:00:00+08:00,0.02800000086426735,0.02800000086426735,0.02800000086426735,0.02800000086426735,0,0.0,0.0
2023-10-18 13:00:00+08:00,0.02800000086426735,0.028999999165534973,0.02800000086426735,0.028999999165534973,20000,0.0,0.0
2023-10-18 16:00:00+08:00,0.028999999165534973,0.028999999165534973,0.028999999165534973,0.028999999165534973,100000,0.0,0.0
2023-10-19 16:00:00+08:00,0.02800000086426735,0.02800000086426735,0.02800000086426735,0.02800000086426735,0,0.0,0.0
2023-10-20 10:00:00+08:00,0.028999999165534973,0.028999999165534973,0.02800000086426735,0.02800000086426735,1000,0.0,0.0
2023-10-20 13:00:00+08:00,0.02800000086426735,0.02800000086426735,0.02800000086426735,0.02800000086426735,20000,0.0,0.0
2023-10-20 16:00:00+08:00,0.02800000086426735,0.028999999165534973,0.02800000086426735,0.028999999165534973,100100,0.0,0.0
2023-10-23 16:00:00+08:00,0.02800000086426735,0.02800000086426735,0.02800000086426735,0.02800000086426735,100000,0.0,0.0
2023-10-24 16:00:00+08:00,0.02800000086426735,0.02800000086426735,0.02800000086426735,0.02800000086426735,0,0.0,0.0
2023-10-25 14:00:00+08:00,0.02800000086426735,0.02800000086426735,0.02800000086426735,0.02800000086426735,0,0.0,0.0
2023-10-25 16:00:00+08:00,0.02800000086426735,0.02800000086426735,0.02800000086426735,0.02800000086426735,100000,0.0,0.0
2023-10-26 09:00:00+08:00,0.02800000086426735,0.02800000086426735,0.02800000086426735,0.02800000086426735,189300,0.0,0.0
2023-10-26 16:00:00+08:00,0.02800000086426735,0.02800000086426735,0.02800000086426735,0.02800000086426735,100000,0.0,0.0
2023-10-27 16:00:00+08:00,0.02800000086426735,0.028999999165534973,0.02800000086426735,0.028999999165534973,100800,0.0,0.0
2023-10-31 10:00:00+08:00,0.028999999165534973,0.028999999165534973,0.02800000086426735,0.02800000086426735,0,0.0,0.0
2023-10-31 15:00:00+08:00,0.02800000086426735,0.02800000086426735,0.02800000086426735,0.02800000086426735,68000,0.0,0.0
2023-10-31 16:00:00+08:00,0.02800000086426735,0.02800000086426735,0.02800000086426735,0.02800000086426735,50000,0.0,0.0
2023-11-07 10:00:00+08:00,0.028999999165534973,0.028999999165534973,0.02800000086426735,0.02800000086426735,0,0.0,0.0
2023-11-07 11:00:00+08:00,0.02800000086426735,0.02800000086426735,0.02800000086426735,0.02800000086426735,1000,0.0,0.0
2023-11-14 09:00:00+08:00,0.028999999165534973,0.028999999165534973,0.028999999165534973,0.028999999165534973,25400,0.0,0.0
2023-11-14 16:00:00+08:00,0.028999999165534973,0.029999999329447746,0.028999999165534973,0.029999999329447746,113300,0.0,0.0
2023-11-15 10:00:00+08:00,0.028999999165534973,0.028999999165534973,0.028999999165534973,0.028999999165534973,0,0.0,0.0
2023-11-15 11:00:00+08:00,0.028999999165534973,0.028999999165534973,0.028999999165534973,0.028999999165534973,115500,0.0,0.0
2023-11-15 14:00:00+08:00,0.028999999165534973,0.028999999165534973,0.028999999165534973,0.028999999165534973,100000,0.0,0.0
2023-11-17 11:00:00+08:00,0.028999999165534973,0.028999999165534973,0.02800000086426735,0.02800000086426735,0,0.0,0.0
2023-11-17 16:00:00+08:00,0.02800000086426735,0.02800000086426735,0.02800000086426735,0.02800000086426735,9800,0.0,0.0
2023-11-22 11:00:00+08:00,0.028999999165534973,0.029999999329447746,0.028999999165534973,0.029999999329447746,88000,0.0,0.0
2023-11-23 11:00:00+08:00,0.029999999329447746,0.029999999329447746,0.028999999165534973,0.028999999165534973,232000,0.0,0.0
2023-11-23 15:00:00+08:00,0.028999999165534973,0.028999999165534973,0.028999999165534973,0.028999999165534973,150000,0.0,0.0
2023-11-24 14:00:00+08:00,0.028999999165534973,0.028999999165534973,0.028999999165534973,0.028999999165534973,0,0.0,0.0
2023-11-27 13:00:00+08:00,0.028999999165534973,0.028999999165534973,0.028999999165534973,0.028999999165534973,19800,0.0,0.0
2023-11-28 09:00:00+08:00,0.028999999165534973,0.028999999165534973,0.02800000086426735,0.02800000086426735,0,0.0,0.0
2023-11-28 16:00:00+08:00,0.02800000086426735,0.02800000086426735,0.02800000086426735,0.02800000086426735,250000,0.0,0.0
2023-11-29 10:00:00+08:00,0.029999999329447746,0.029999999329447746,0.02800000086426735,0.02800000086426735,1000,0.0,0.0
2023-11-29 13:00:00+08:00,0.028999999165534973,0.028999999165534973,0.028999999165534973,0.028999999165534973,305700,0.0,0.0
2023-11-29 16:00:00+08:00,0.028999999165534973,0.028999999165534973,0.028999999165534973,0.028999999165534973,50000,0.0,0.0
2023-12-01 10:00:00+08:00,0.028999999165534973,0.028999999165534973,0.028999999165534973,0.028999999165534973,0,0.0,0.0
2023-12-01 14:00:00+08:00,0.028999999165534973,0.028999999165534973,0.028999999165534973,0.028999999165534973,110000,0.0,0.0
2023-12-01 16:00:00+08:00,0.028999999165534973,0.028999999165534973,0.028999999165534973,0.028999999165534973,50000,0.0,0.0
2023-12-04 09:00:00+08:00,0.028999999165534973,0.028999999165534973,0.028999999165534973,0.028999999165534973,0,0.0,0.0
2023-12-06 10:00:00+08:00,0.028999999165534973,0.028999999165534973,0.028999999165534973,0.028999999165534973,430000,0.0,0.0
2023-12-06 14:00:00+08:00,0.028999999165534973,0.029999999329447746,0.028999999165534973,0.029999999329447746,650000,0.0,0.0
2023-12-06 15:00:00+08:00,0.029999999329447746,0.029999999329447746,0.028999999165534973,0.028999999165534973,265400,0.0,0.0
2023-12-06 16:00:00+08:00,0.028999999165534973,0.029999999329447746,0.028999999165534973,0.028999999165534973,784800,0.0,0.0
2023-12-07 09:00:00+08:00,0.029999999329447746,0.029999999329447746,0.02800000086426735,0.02800000086426735,1600,0.0,0.0
2023-12-07 13:00:00+08:00,0.02800000086426735,0.028999999165534973,0.02800000086426735,0.02800000086426735,10000,0.0,0.0
2023-12-07 15:00:00+08:00,0.028999999165534973,0.028999999165534973,0.028999999165534973,0.028999999165534973,300000,0.0,0.0
2023-12-07 16:00:00+08:00,0.028999999165534973,0.028999999165534973,0.028999999165534973,0.028999999165534973,200000,0.0,0.0
2023-12-08 11:00:00+08:00,0.029999999329447746,0.029999999329447746,0.029999999329447746,0.029999999329447746,0,0.0,0.0
2023-12-11 10:00:00+08:00,0.028999999165534973,0.028999999165534973,0.028999999165534973,0.028999999165534973,214000,0.0,0.0
2023-12-11 11:00:00+08:00,0.028999999165534973,0.029999999329447746,0.02800000086426735,0.02800000086426735,410000,0.0,0.0
2023-12-11 15:00:00+08:00,0.02800000086426735,0.02800000086426735,0.02800000086426735,0.02800000086426735,20000,0.0,0.0
2023-12-13 09:00:00+08:00,0.028999999165534973,0.028999999165534973,0.028999999165534973,0.028999999165534973,0,0.0,0.0
2023-12-13 10:00:00+08:00,0.028999999165534973,0.028999999165534973,0.028999999165534973,0.028999999165534973,70000,0.0,0.0
2023-12-13 12:00:00+08:00,0.028999999165534973,0.028999999165534973,0.028999999165534973,0.028999999165534973,50000,0.0,0.0
2023-12-13 15:00:00+08:00,0.028999999165534973,0.029999999329447746,0.028999999165534973,0.029999999329447746,211000,0.0,0.0
2023-12-13 16:00:00+08:00,0.029999999329447746,0.029999999329447746,0.029999999329447746,0.029999999329447746,4000,0.0,0.0
2023-12-14 09:00:00+08:00,0.028999999165534973,0.028999999165534973,0.028999999165534973,0.028999999165534973,35000,0.0,0.0
2023-12-14 10:00:00+08:00,0.028999999165534973,0.029999999329447746,0.028999999165534973,0.029999999329447746,213100,0.0,0.0
2023-12-14 11:00:00+08:00,0.029999999329447746,0.029999999329447746,0.028999999165534973,0.028999999165534973,1200000,0.0,0.0
2023-12-14 13:00:00+08:00,0.028999999165534973,0.028999999165534973,0.028999999165534973,0.028999999165534973,431400,0.0,0.0
2023-12-14 14:00:00+08:00,0.028999999165534973,0.028999999165534973,0.028999999165534973,0.028999999165534973,311000,0.0,0.0
2023-12-14 15:00:00+08:00,0.028999999165534973,0.028999999165534973,0.028999999165534973,0.028999999165534973,32600,0.0,0.0
2023-12-15 10:00:00+08:00,0.028999999165534973,0.029999999329447746,0.028999999165534973,0.029999999329447746,0,0.0,0.0
2023-12-15 11:00:00+08:00,0.029999999329447746,0.029999999329447746,0.028999999165534973,0.028999999165534973,0,0.0,0.0
2023-12-18 09:00:00+08:00,0.028999999165534973,0.028999999165534973,0.028999999165534973,0.028999999165534973,524600,0.0,0.0
2023-12-18 10:00:00+08:00,0.028999999165534973,0.028999999165534973,0.028999999165534973,0.028999999165534973,258600,0.0,0.0
2023-12-18 14:00:00+08:00,0.028999999165534973,0.028999999165534973,0.028999999165534973,0.028999999165534973,47800,0.0,0.0
2023-12-18 16:00:00+08:00,0.028999999165534973,0.028999999165534973,0.028999999165534973,0.028999999165534973,150000,0.0,0.0
2023-12-19 10:00:00+08:00,0.02800000086426735,0.029999999329447746,0.02800000086426735,0.029999999329447746,0,0.0,0.0
2023-12-19 13:00:00+08:00,0.029999999329447746,0.029999999329447746,0.029999999329447746,0.029999999329447746,3500,0.0,0.0
2023-12-20 09:00:00+08:00,0.028999999165534973,0.028999999165534973,0.028999999165534973,0.028999999165534973,101200,0.0,0.0
2023-12-20 10:00:00+08:00,0.028999999165534973,0.028999999165534973,0.028999999165534973,0.028999999165534973,200,0.0,0.0
2023-12-21 09:00:00+08:00,0.028999999165534973,0.028999999165534973,0.028999999165534973,0.028999999165534973,0,0.0,0.0
2023-12-21 15:00:00+08:00,0.028999999165534973,0.028999999165534973,0.028999999165534973,0.028999999165534973,100,0.0,0.0
2023-12-26 09:00:00+08:00,0.028999999165534973,0.028999999165534973,0.028999999165534973,0.028999999165534973,1700,0.0,0.0
2023-12-27 13:00:00+08:00,0.028999999165534973,0.028999999165534973,0.028999999165534973,0.028999999165534973,0,0.0,0.0
2023-12-27 15:00:00+08:00,0.028999999165534973,0.028999999165534973,0.028999999165534973,0.028999999165534973,8000,0.0,0.0
2023-12-27 16:00:00+08:00,0.028999999165534973,0.028999999165534973,0.028999999165534973,0.028999999165534973,10000,0.0,0.0
2023-12-28 10:00:00+08:00,0.028999999165534973,0.028999999165534973,0.028999999165534973,0.028999999165534973,1090300,0.0,0.0
2023-12-28 11:00:00+08:00,0.028999999165534973,0.028999999165534973,0.028999999165534973,0.028999999165534973,391100,0.0,0.0
2023-12-28 13:00:00+08:00,0.028999999165534973,0.028999999165534973,0.028999999165534973,0.028999999165534973,1000100,0.0,0.0
2023-12-28 14:00:00+08:00,0.028999999165534973,0.028999999165534973,0.028999999165534973,0.028999999165534973,39600,0.0,0.0
2023-12-28 15:00:00+08:00,0.028999999165534973,0.028999999165534973,0.028999999165534973,0.028999999165534973,26400,0.0,0.0
2023-12-28 16:00:00+08:00,0.028999999165534973,0.028999999165534973,0.028999999165534973,0.028999999165534973,34000,0.0,0.0
2023-12-29 10:00:00+08:00,0.028999999165534973,0.028999999165534973,0.028999999165534973,0.028999999165534973,22000,0.0,0.0
2023-12-29 14:00:00+08:00,0.028999999165534973,0.028999999165534973,0.028999999165534973,0.028999999165534973,4000,0.0,0.0
2023-12-29 16:00:00+08:00,0.028999999165534973,0.028999999165534973,0.028999999165534973,0.028999999165534973,300000,0.0,0.0
2024-01-04 09:00:00+08:00,0.02800000086426735,0.028999999165534973,0.02800000086426735,0.028999999165534973,0,0.0,0.0
2024-01-04 10:00:00+08:00,0.028999999165534973,0.028999999165534973,0.028999999165534973,0.028999999165534973,356300,0.0,0.0
2024-01-04 11:00:00+08:00,0.028999999165534973,0.028999999165534973,0.02800000086426735,0.02800000086426735,300000,0.0,0.0
2024-01-04 13:00:00+08:00,0.02800000086426735,0.028999999165534973,0.02800000086426735,0.028999999165534973,800,0.0,0.0
2024-01-04 15:00:00+08:00,0.028999999165534973,0.028999999165534973,0.028999999165534973,0.028999999165534973,500,0.0,0.0
2024-01-04 16:00:00+08:00,0.028999999165534973,0.028999999165534973,0.028999999165534973,0.028999999165534973,166000,0.0,0.0
2024-01-05 11:00:00+08:00,0.028999999165534973,0.028999999165534973,0.028999999165534973,0.028999999165534973,0,0.0,0.0
2024-01-08 10:00:00+08:00,0.028999999165534973,0.028999999165534973,0.028999999165534973,0.028999999165534973,0,0.0,0.0
2024-01-08 13:00:00+08:00,0.028999999165534973,0.028999999165534973,0.028999999165534973,0.028999999165534973,394000,0.0,0.0
2024-01-08 14:00:00+08:00,0.028999999165534973,0.028999999165534973,0.028999999165534973,0.028999999165534973,309100,0.0,0.0
2024-01-10 09:00:00+08:00,0.02800000086426735,0.02800000086426735,0.02800000086426735,0.02800000086426735,0,0.0,0.0
2024-01-12 10:00:00+08:00,0.02800000086426735,0.02800000086426735,0.02800000086426735,0.02800000086426735,0,0.0,0.0
2024-01-12 14:00:00+08:00,0.02800000086426735,0.028999999165534973,0.02800000086426735,0.028999999165534973,5000,0.0,0.0
2024-01-12 15:00:00+08:00,0.028999999165534973,0.029999999329447746,0.028999999165534973,0.029999999329447746,524700,0.0,0.0
2024-01-12 16:00:00+08:00,0.029999999329447746,0.029999999329447746,0.029999999329447746,0.029999999329447746,100,0.0,0.0
2024-01-15 15:00:00+08:00,0.028999999165534973,0.028999999165534973,0.028999999165534973,0.028999999165534973,250000,0.0,0.0
2024-01-16 10:00:00+08:00,0.028999999165534973,0.028999999165534973,0.028999999165534973,0.028999999165534973,0,0.0,0.0
2024-01-16 16:00:00+08:00,0.028999999165534973,0.028999999165534973,0.028999999165534973,0.028999999165534973,28000,0.0,0.0
2024-01-18 14:00:00+08:00,0.028999999165534973,0.028999999165534973,0.028999999165534973,0.028999999165534973,50000,0.0,0.0
2024-01-19 16:00:00+08:00,0.028999999165534973,0.028999999165534973,0.028999999165534973,0.028999999165534973,200000,0.0,0.0
2024-01-23 09:00:00+08:00,0.02800000086426735,0.02800000086426735,0.02800000086426735,0.02800000086426735,2545000,0.0,0.0
2024-01-23 10:00:00+08:00,0.02800000086426735,0.02800000086426735,0.02800000086426735,0.02800000086426735,0,0.0,0.0
2024-01-23 11:00:00+08:00,0.02800000086426735,0.02800000086426735,0.02800000086426735,0.02800000086426735,3770900,0.0,0.0
2024-01-23 12:00:00+08:00,0.027000000700354576,0.02800000086426735,0.027000000700354576,0.02800000086426735,19700,0.0,0.0
2024-01-23 13:00:00+08:00,0.02800000086426735,0.02800000086426735,0.02800000086426735,0.02800000086426735,628100,0.0,0.0
2024-01-23 14:00:00+08:00,0.02800000086426735,0.02800000086426735,0.02800000086426735,0.02800000086426735,144100,0.0,0.0
2024-01-23 15:00:00+08:00,0.02800000086426735,0.02800000086426735,0.02800000086426735,0.02800000086426735,300000,0.0,0.0
2024-01-23 16:00:00+08:00,0.02800000086426735,0.02800000086426735,0.02800000086426735,0.02800000086426735,90000,0.0,0.0
2024-01-24 09:00:00+08:00,0.02800000086426735,0.02800000086426735,0.02800000086426735,0.02800000086426735,0,0.0,0.0
2024-01-24 10:00:00+08:00,0.02800000086426735,0.02800000086426735,0.02800000086426735,0.02800000086426735,24000,0.0,0.0
2024-01-24 11:00:00+08:00,0.02800000086426735,0.02800000086426735,0.02800000086426735,0.02800000086426735,213700,0.0,0.0
2024-01-24 15:00:00+08:00,0.02800000086426735,0.02800000086426735,0.02800000086426735,0.02800000086426735,125500,0.0,0.0
2024-01-25 14:00:00+08:00,0.02800000086426735,0.02800000086426735,0.02800000086426735,0.02800000086426735,0,0.0,0.0
2024-01-31 13:00:00+08:00,0.027000000700354576,0.027000000700354576,0.027000000700354576,0.027000000700354576,262200,0.0,0.0
2024-02-01 09:00:00+08:00,0.027000000700354576,0.027000000700354576,0.027000000700354576,0.027000000700354576,0,0.0,0.0
2024-02-02 16:00:00+08:00,0.027000000700354576,0.027000000700354576,0.027000000700354576,0.027000000700354576,308200,0.0,0.0
2024-02-05 14:00:00+08:00,0.027000000700354576,0.027000000700354576,0.027000000700354576,0.027000000700354576,0,0.0,0.0
2024-02-05 15:00:00+08:00,0.027000000700354576,0.02800000086426735,0.027000000700354576,0.02800000086426735,100000,0.0,0.0
2024-02-05 16:00:00+08:00,0.02800000086426735,0.02800000086426735,0.02800000086426735,0.02800000086426735,50000,0.0,0.0
2024-02-06 11:00:00+08:00,0.02800000086426735,0.02800000086426735,0.02800000086426735,0.02800000086426735,0,0.0,0.0
2024-02-06 12:00:00+08:00,0.026000000536441803,0.026000000536441803,0.026000000536441803,0.026000000536441803,100,0.0,0.0
2024-02-13 11:00:00+08:00,0.026000000536441803,0.02800000086426735,0.026000000536441803,0.026000000536441803,342800,0.0,0.0
2024-02-13 13:00:00+08:00,0.02800000086426735,0.02800000086426735,0.02800000086426735,0.02800000086426735,100,0.0,0.0
2024-02-22 09:00:00+08:00,0.02800000086426735,0.028999999165534973,0.02800000086426735,0.02800000086426735,984400,0.0,0.0
2024-02-22 14:00:00+08:00,0.02800000086426735,0.02800000086426735,0.02800000086426735,0.02800000086426735,654900,0.0,0.0
2024-02-22 15:00:00+08:00,0.02800000086426735,0.02800000086426735,0.02800000086426735,0.02800000086426735,84000,0.0,0.0
2024-02-23 09:00:00+08:00,0.028999999165534973,0.028999999165534973,0.028999999165534973,0.028999999165534973,100000,0.0,0.0
2024-02-23 13:00:00+08:00,0.028999999165534973,0.028999999165534973,0.028999999165534973,0.028999999165534973,200,0.0,0.0
2024-02-26 10:00:00+08:00,0.028999999165534973,0.028999999165534973,0.028999999165534973,0.028999999165534973,0,0.0,0.0
2024-02-26 12:00:00+08:00,0.028999999165534973,0.028999999165534973,0.028999999165534973,0.028999999165534973,16000,0.0,0.0
2024-02-27 14:00:00+08:00,0.02800000086426735,0.028999999165534973,0.02800000086426735,0.028999999165534973,530100,0.0,0.0
2024-02-27 16:00:00+08:00,0.028999999165534973,0.028999999165534973,0.028999999165534973,0.028999999165534973,10000,0.0,0.0
2024-02-28 14:00:00+08:00,0.02800000086426735,0.02800000086426735,0.02800000086426735,0.02800000086426735,0,0.0,0.0
2024-02-29 09:00:00+08:00,0.02800000086426735,0.02800000086426735,0.02800000086426735,0.02800000086426735,0,0.0,0.0
2024-03-01 10:00:00+08:00,0.027000000700354576,0.02800000086426735,0.027000000700354576,0.02800000086426735,0,0.0,0.0
2024-03-04 09:00:00+08:00,0.02800000086426735,0.02800000086426735,0.02800000086426735,0.02800000086426735,200,0.0,0.0
2024-03-06 11:00:00+08:00,0.02800000086426735,0.02800000086426735,0.027000000700354576,0.027000000700354576,34900,0.0,0.0
2024-03-06 13:00:00+08:00,0.027000000700354576,0.027000000700354576,0.027000000700354576,0.027000000700354576,100000,0.0,0.0
2024-03-06 14:00:00+08:00,0.027000000700354576,0.027000000700354576,0.027000000700354576,0.027000000700354576,33000,0.0,0.0
2024-03-11 10:00:00+08:00,0.028999999165534973,0.028999999165534973,0.02800000086426735,0.02800000086426735,176200,0.0,0.0
2024-03-11 16:00:00+08:00,0.02800000086426735,0.02800000086426735,0.02800000086426735,0.02800000086426735,26800,0.0,0.0
2024-03-12 10:00:00+08:00,0.02800000086426735,0.02800000086426735,0.02800000086426735,0.02800000086426735,0,0.0,0.0
2024-03-12 11:00:00+08:00,0.02800000086426735,0.02800000086426735,0.02800000086426735,0.02800000086426735,22900,0.0,0.0
2024-03-13 14:00:00+08:00,0.027000000700354576,0.02800000086426735,0.027000000700354576,0.02800000086426735,427300,0.0,0.0
2024-03-13 15:00:00+08:00,0.02800000086426735,0.02800000086426735,0.02800000086426735,0.02800000086426735,3700,0.0,0.0
2024-03-14 14:00:00+08:00,0.027000000700354576,0.027000000700354576,0.027000000700354576,0.027000000700354576,0,0.0,0.0
2024-03-15 10:00:00+08:00,0.027000000700354576,0.027000000700354576,0.026000000536441803,0.026000000536441803,100000,0.0,0.0
2024-03-18 14:00:00+08:00,0.02800000086426735,0.02800000086426735,0.02800000086426735,0.02800000086426735,0,0.0,0.0
2024-03-19 12:00:00+08:00,0.027000000700354576,0.027000000700354576,0.027000000700354576,0.027000000700354576,900,0.0,0.0
2024-03-22 09:00:00+08:00,0.02800000086426735,0.02800000086426735,0.02800000086426735,0.02800000086426735,2100,0.0,0.0
2024-03-25 09:00:00+08:00,0.02800000086426735,0.02800000086426735,0.02800000086426735,0.02800000086426735,100,0.0,0.0
2024-03-27 12:00:00+08:00,0.026000000536441803,0.027000000700354576,0.026000000536441803,0.027000000700354576,148900,0.0,0.0
2024-03-27 14:00:00+08:00,0.027000000700354576,0.027000000700354576,0.027000000700354576,0.027000000700354576,12200,0.0,0.0
2024-03-27 15:00:00+08:00,0.027000000700354576,0.027000000700354576,0.027000000700354576,0.027000000700354576,181800,0.0,0.0
2024-03-27 16:00:00+08:00,0.027000000700354576,0.027000000700354576,0.027000000700354576,0.027000000700354576,100000,0.0,0.0
2024-03-28 13:00:00+08:00,0.027000000700354576,0.027000000700354576,0.027000000700354576,0.027000000700354576,200,0.0,0.0
2024-04-01 11:00:00+08:00,0.027000000700354576,0.027000000700354576,0.027000000700354576,0.027000000700354576,100,0.0,0.0
2024-04-01 14:00:00+08:00,0.027000000700354576,0.027000000700354576,0.027000000700354576,0.027000000700354576,50000,0.0,0.0
2024-04-02 14:00:00+08:00,0.02800000086426735,0.02800000086426735,0.02800000086426735,0.02800000086426735,0,0.0,0.0
2024-04-03 09:00:00+08:00,0.02800000086426735,0.02800000086426735,0.027000000700354576,0.027000000700354576,2900,0.0,0.0
2024-04-03 14:00:00+08:00,0.027000000700354576,0.027000000700354576,0.027000000700354576,0.027000000700354576,99900,0.0,0.0
2024-04-05 10:00:00+08:00,0.027000000700354576,0.027000000700354576,0.027000000700354576,0.027000000700354576,0,0.0,0.0
2024-04-05 13:00:00+08:00,0.027000000700354576,0.02800000086426735,0.027000000700354576,0.02800000086426735,336000,0.0,0.0
2024-04-08 14:00:00+08:00,0.02800000086426735,0.02800000086426735,0.02800000086426735,0.02800000086426735,0,0.0,0.0
2024-04-08 15:00:00+08:00,0.02800000086426735,0.028999999165534973,0.02800000086426735,0.02800000086426735,330000,0.0,0.0
2024-04-09 14:00:00+08:00,0.02800000086426735,0.02800000086426735,0.02800000086426735,0.02800000086426735,100100,0.0,0.0
2024-04-09 15:00:00+08:00,0.02800000086426735,0.02800000086426735,0.02800000086426735,0.02800000086426735,129000,0.0,0.0
2024-04-11 10:00:00+08:00,0.02800000086426735,0.028999999165534973,0.02800000086426735,0.028999999165534973,50100,0.0,0.0
2024-04-12 14:00:00+08:00,0.02800000086426735,0.02800000086426735,0.02800000086426735,0.02800000086426735,0,0.0,0.0
2024-04-12 16:00:00+08:00,0.02800000086426735,0.02800000086426735,0.02800000086426735,0.02800000086426735,65000,0.0,0.0
2024-04-15 12:00:00+08:00,0.027000000700354576,0.027000000700354576,0.027000000700354576,0.027000000700354576,0,0.0,0.0
2024-04-15 16:00:00+08:00,0.027000000700354576,0.027000000700354576,0.027000000700354576,0.027000000700354576,16300,0.0,0.0
2024-04-16 10:00:00+08:00,0.027000000700354576,0.027000000700354576,0.026000000536441803,0.026000000536441803,43300,0.0,0.0
2024-04-16 11:00:00+08:00,0.027000000700354576,0.027000000700354576,0.026000000536441803,0.027000000700354576,500000,0.0,0.0
2024-04-16 13:00:00+08:00,0.027000000700354576,0.027000000700354576,0.027000000700354576,0.027000000700354576,130000,0.0,0.0
2024-04-16 14:00:00+08:00,0.027000000700354576,0.027000000700354576,0.027000000700354576,0.027000000700354576,10000,0.0,0.0
2024-04-17 11:00:00+08:00,0.026000000536441803,0.026000000536441803,0.026000000536441803,0.026000000536441803,30400,0.0,0.0
2024-04-18 13:00:00+08:00,0.026000000536441803,0.026000000536441803,0.026000000536441803,0.026000000536441803,69600,0.0,0.0
2024-04-18 16:00:00+08:00,0.026000000536441803,0.026000000536441803,0.026000000536441803,0.026000000536441803,29600,0.0,0.0
2024-04-19 10:00:00+08:00,0.026000000536441803,0.026000000536441803,0.02500000037252903,0.02500000037252903,840400,0.0,0.0
2024-04-19 11:00:00+08:00,0.02500000037252903,0.026000000536441803,0.02500000037252903,0.026000000536441803,171400,0.0,0.0
2024-04-19 15:00:00+08:00,0.026000000536441803,0.028999999165534973,0.026000000536441803,0.028999999165534973,528600,0.0,0.0
2024-04-23 09:00:00+08:00,0.026000000536441803,0.027000000700354576,0.026000000536441803,0.027000000700354576,800,0.0,0.0
2024-04-23 10:00:00+08:00,0.027000000700354576,0.027000000700354576,0.027000000700354576,0.027000000700354576,34000,0.0,0.0
2024-04-25 09:00:00+08:00,0.027000000700354576,0.027000000700354576,0.027000000700354576,0.027000000700354576,0,0.0,0.0
2024-04-25 11:00:00+08:00,0.027000000700354576,0.027000000700354576,0.027000000700354576,0.027000000700354576,2000,0.0,0.0
2024-05-03 13:00:00+08:00,0.027000000700354576,0.027000000700354576,0.027000000700354576,0.027000000700354576,0,0.0,0.0
2024-05-06 11:00:00+08:00,0.026000000536441803,0.026000000536441803,0.026000000536441803,0.026000000536441803,199900,0.0,0.0
2024-05-07 10:00:00+08:00,0.026000000536441803,0.026000000536441803,0.026000000536441803,0.026000000536441803,0,0.0,0.0
2024-05-07 15:00:00+08:00,0.026000000536441803,0.026000000536441803,0.026000000536441803,0.026000000536441803,4300,0.0,0.0
2024-05-07 16:00:00+08:00,0.026000000536441803,0.026000000536441803,0.026000000536441803,0.026000000536441803,20000,0.0,0.0
2024-05-09 10:00:00+08:00,0.026000000536441803,0.027000000700354576,0.02500000037252903,0.027000000700354576,0,0.0,0.0
2024-05-09 15:00:00+08:00,0.027000000700354576,0.027000000700354576,0.027000000700354576,0.027000000700354576,1100,0.0,0.0
2024-05-09 16:00:00+08:00,0.027000000700354576,0.02800000086426735,0.027000000700354576,0.02800000086426735,65000,0.0,0.0
2024-05-10 09:00:00+08:00,0.02800000086426735,0.02800000086426735,0.027000000700354576,0.027000000700354576,0,0.0,0.0
2024-05-10 15:00:00+08:00,0.027000000700354576,0.027000000700354576,0.027000000700354576,0.027000000700354576,100,0.0,0.0
2024-05-10 16:00:00+08:00,0.027000000700354576,0.027000000700354576,0.027000000700354576,0.027000000700354576,4200,0.0,0.0
2024-05-13 10:00:00+08:00,0.027000000700354576,0.02800000086426735,0.027000000700354576,0.02800000086426735,0,0.0,0.0
2024-05-13 11:00:00+08:00,0.02800000086426735,0.02800000086426735,0.02500000037252903,0.026000000536441803,8900,0.0,0.0
2024-05-14 09:00:00+08:00,0.026000000536441803,0.026000000536441803,0.026000000536441803,0.026000000536441803,0,0.0,0.0
2024-05-14 14:00:00+08:00,0.026000000536441803,0.026000000536441803,0.026000000536441803,0.026000000536441803,29000,0.0,0.0
2024-05-16 09:00:00+08:00,0.027000000700354576,0.027000000700354576,0.027000000700354576,0.027000000700354576,0,0.0,0.0
2024-05-16 10:00:00+08:00,0.027000000700354576,0.027000000700354576,0.027000000700354576,0.027000000700354576,1000,0.0,0.0
2024-05-16 11:00:00+08:00,0.027000000700354576,0.02800000086426735,0.027000000700354576,0.02800000086426735,100700,0.0,0.0
2024-05-16 13:00:00+08:00,0.02800000086426735,0.02800000086426735,0.02800000086426735,0.02800000086426735,100,0.0,0.0
2024-05-16 16:00:00+08:00,0.02800000086426735,0.02800000086426735,0.02800000086426735,0.02800000086426735,48900,0.0,0.0
2024-05-17 09:00:00+08:00,0.02800000086426735,0.02800000086426735,0.02800000086426735,0.02800000086426735,0,0.0,0.0
2024-05-17 10:00:00+08:00,0.02800000086426735,0.02800000086426735,0.02800000086426735,0.02800000086426735,99000,0.0,0.0
2024-05-17 13:00:00+08:00,0.02800000086426735,0.02800000086426735,0.02800000086426735,0.02800000086426735,40000,0.0,0.0
2024-05-17 14:00:00+08:00,0.02800000086426735,0.02800000086426735,0.02800000086426735,0.02800000086426735,160000,0.0,0.0
2024-05-20 09:00:00+08:00,0.02800000086426735,0.02800000086426735,0.02800000086426735,0.02800000086426735,0,0.0,0.0
2024-05-21 10:00:00+08:00,0.02800000086426735,0.028999999165534973,0.02800000086426735,0.028999999165534973,279900,0.0,0.0
2024-05-23 09:00:00+08:00,0.02800000086426735,0.02800000086426735,0.02800000086426735,0.02800000086426735,500,0.0,0.0
2024-05-23 14:00:00+08:00,0.02800000086426735,0.02800000086426735,0.02800000086426735,0.02800000086426735,1000,0.0,0.0
2024-05-23 16:00:00+08:00,0.02800000086426735,0.02800000086426735,0.02800000086426735,0.02800000086426735,23600,0.0,0.0
2024-05-24 11:00:00+08:00,0.02800000086426735,0.02800000086426735,0.02800000086426735,0.02800000086426735,0,0.0,0.0
2024-05-27 09:00:00+08:00,0.027000000700354576,0.028999999165534973,0.027000000700354576,0.028999999165534973,98200,0.0,0.0
2024-05-28 11:00:00+08:00,0.02800000086426735,0.02800000086426735,0.02800000086426735,0.02800000086426735,0,0.0,0.0
2024-05-29 15:00:00+08:00,0.02800000086426735,0.02800000086426735,0.027000000700354576,0.027000000700354576,1900,0.0,0.0
2024-05-29 16:00:00+08:00,0.02800000086426735,0.029999999329447746,0.027000000700354576,0.029999999329447746,48000,0.0,0.0
2024-06-04 11:00:00+08:00,0.02800000086426735,0.028999999165534973,0.02800000086426735,0.02800000086426735,0,0.0,0.0
2024-06-04 13:00:00+08:00,0.028999999165534973,0.028999999165534973,0.02800000086426735,0.028999999165534973,7000,0.0,0.0
2024-06-04 15:00:00+08:00,0.028999999165534973,0.028999999165534973,0.028999999165534973,0.028999999165534973,2300,0.0,0.0
2024-06-05 09:00:00+08:00,0.02800000086426735,0.029999999329447746,0.02800000086426735,0.028999999165534973,20000,0.0,0.0
2024-06-05 10:00:00+08:00,0.028999999165534973,0.028999999165534973,0.028999999165534973,0.028999999165534973,18500,0.0,0.0
2024-06-05 11:00:00+08:00,0.028999999165534973,0.028999999165534973,0.028999999165534973,0.028999999165534973,28000,0.0,0.0
2024-06-05 13:00:00+08:00,0.028999999165534973,0.029999999329447746,0.028999999165534973,0.028999999165534973,12100,0.0,0.0
2024-06-05 15:00:00+08:00,0.028999999165534973,0.032999999821186066,0.028999999165534973,0.029999999329447746,105100,0.0,0.0
2024-06-05 16:00:00+08:00,0.029999999329447746,0.029999999329447746,0.02800000086426735,0.02800000086426735,104100,0.0,0.0
2024-06-06 09:00:00+08:00,0.029999999329447746,0.029999999329447746,0.028999999165534973,0.028999999165534973,0,0.0,0.0
2024-06-06 10:00:00+08:00,0.028999999165534973,0.028999999165534973,0.028999999165534973,0.028999999165534973,130000,0.0,0.0
2024-06-06 14:00:00+08:00,0.028999999165534973,0.029999999329447746,0.02800000086426735,0.02800000086426735,89100,0.0,0.0
2024-06-06 16:00:00+08:00,0.02800000086426735,0.028999999165534973,0.02800000086426735,0.028999999165534973,36300,0.0,0.0
2024-06-07 12:00:00+08:00,0.02800000086426735,0.028999999165534973,0.02800000086426735,0.028999999165534973,0,0.0,0.0
2024-06-07 13:00:00+08:00,0.028999999165534973,0.028999999165534973,0.028999999165534973,0.028999999165534973,8200,0.0,0.0
2024-06-11 09:00:00+08:00,0.02800000086426735,0.02800000086426735,0.02800000086426735,0.02800000086426735,0,0.0,0.0
2024-06-11 11:00:00+08:00,0.02800000086426735,0.02800000086426735,0.02800000086426735,0.02800000086426735,70000,0.0,0.0
2024-06-11 15:00:00+08:00,0.02800000086426735,0.02800000086426735,0.02800000086426735,0.02800000086426735,50000,0.0,0.0
2024-06-14 09:00:00+08:00,0.02800000086426735,0.02800000086426735,0.02800000086426735,0.02800000086426735,0,0.0,0.0
2024-06-14 11:00:00+08:00,0.02800000086426735,0.02800000086426735,0.02800000086426735,0.02800000086426735,5000,0.0,0.0
2024-06-14 13:00:00+08:00,0.02800000086426735,0.028999999165534973,0.02800000086426735,0.02800000086426735,4100,0.0,0.0
2024-06-14 16:00:00+08:00,0.02800000086426735,0.02800000086426735,0.02800000086426735,0.02800000086426735,5000,0.0,0.0
2024-06-18 15:00:00+08:00,0.028999999165534973,0.028999999165534973,0.028999999165534973,0.028999999165534973,0,0.0,0.0
2024-06-19 09:00:00+08:00,0.028999999165534973,0.029999999329447746,0.028999999165534973,0.029999999329447746,49800,0.0,0.0
2024-06-20 09:00:00+08:00,0.028999999165534973,0.028999999165534973,0.028999999165534973,0.028999999165534973,0,0.0,0.0
2024-06-21 15:00:00+08:00,0.028999999165534973,0.028999999165534973,0.028999999165534973,0.028999999165534973,55000,0.0,0.0
2024-06-24 09:00:00+08:00,0.02800000086426735,0.02800000086426735,0.02800000086426735,0.02800000086426735,40000,0.0,0.0
2024-06-24 15:00:00+08:00,0.02800000086426735,0.02800000086426735,0.02800000086426735,0.02800000086426735,181000,0.0,0.0
2024-06-24 16:00:00+08:00,0.02800000086426735,0.02800000086426735,0.02800000086426735,0.02800000086426735,14000,0.0,0.0
2024-06-25 11:00:00+08:00,0.02800000086426735,0.02800000086426735,0.02800000086426735,0.02800000086426735,0,0.0,0.0
2024-06-25 14:00:00+08:00,0.02800000086426735,0.02800000086426735,0.02800000086426735,0.02800000086426735,4000,0.0,0.0
2024-06-26 11:00:00+08:00,0.028999999165534973,0.028999999165534973,0.028999999165534973,0.028999999165534973,3000,0.0,0.0
2024-06-26 15:00:00+08:00,0.027000000700354576,0.027000000700354576,0.027000000700354576,0.027000000700354576,0,0.0,0.0
2024-06-27 10:00:00+08:00,0.027000000700354576,0.027000000700354576,0.027000000700354576,0.027000000700354576,800,0.0,0.0
2024-06-27 15:00:00+08:00,0.027000000700354576,0.027000000700354576,0.027000000700354576,0.027000000700354576,10000,0.0,0.0
2024-06-28 14:00:00+08:00,0.027000000700354576,0.027000000700354576,0.027000000700354576,0.027000000700354576,49200,0.0,0.0
2024-07-01 12:00:00+08:00,0.02800000086426735,0.02800000086426735,0.027000000700354576,0.027000000700354576,0,0.0,0.0
2024-07-01 16:00:00+08:00,0.027000000700354576,0.027000000700354576,0.027000000700354576,0.027000000700354576,49900,0.0,0.0
2024-07-03 16:00:00+08:00,0.027000000700354576,0.028999999165534973,0.027000000700354576,0.028999999165534973,710000,0.0,0.0
2024-07-04 16:00:00+08:00,0.02800000086426735,0.02800000086426735,0.02800000086426735,0.02800000086426735,0,0.0,0.0
2024-07-05 16:00:00+08:00,0.027000000700354576,0.027000000700354576,0.027000000700354576,0.027000000700354576,494900,0.0,0.0
2024-07-08 10:00:00+08:00,0.02800000086426735,0.02800000086426735,0.02800000086426735,0.02800000086426735,0,0.0,0.0
2024-07-08 11:00:00+08:00,0.02800000086426735,0.02800000086426735,0.02800000086426735,0.02800000086426735,170000,0.0,0.0
2024-07-08 13:00:00+08:00,0.02800000086426735,0.028999999165534973,0.02800000086426735,0.028999999165534973,173900,0.0,0.0
2024-07-08 15:00:00+08:00,0.028999999165534973,0.028999999165534973,0.02800000086426735,0.02800000086426735,120000,0.0,0.0
2024-07-08 16:00:00+08:00,0.02800000086426735,0.029999999329447746,0.02800000086426735,0.029999999329447746,93000,0.0,0.0
2024-07-09 14:00:00+08:00,0.028999999165534973,0.028999999165534973,0.028999999165534973,0.028999999165534973,0,0.0,0.0
2024-07-10 09:00:00+08:00,0.028999999165534973,0.028999999165534973,0.028999999165534973,0.028999999165534973,0,0.0,0.0
2024-07-10 13:00:00+08:00,0.028999999165534973,0.028999999165534973,0.02800000086426735,0.02800000086426735,700,0.0,0.0
2024-07-10 15:00:00+08:00,0.028999999165534973,0.028999999165534973,0.02800000086426735,0.028999999165534973,200000,0.0,0.0
2024-07-10 16:00:00+08:00,0.028999999165534973,0.029999999329447746,0.028999999165534973,0.029999999329447746,315700,0.0,0.0
2024-07-11 09:00:00+08:00,0.03099999949336052,0.03200000151991844,0.028999999165534973,0.028999999165534973,1195900,0.0,0.0
2024-07-11 10:00:00+08:00,0.028999999165534973,0.029999999329447746,0.028999999165534973,0.029999999329447746,616100,0.0,0.0
2024-07-11 11:00:00+08:00,0.029999999329447746,0.029999999329447746,0.029999999329447746,0.029999999329447746,64700,0.0,0.0
2024-07-11 13:00:00+08:00,0.029999999329447746,0.029999999329447746,0.029999999329447746,0.029999999329447746,100000,0.0,0.0
2024-07-12 16:00:00+08:00,0.028999999165534973,0.028999999165534973,0.028999999165534973,0.028999999165534973,50000,0.0,0.0
2024-07-15 09:00:00+08:00,0.028999999165534973,0.028999999165534973,0.028999999165534973,0.028999999165534973,0,0.0,0.0
2024-07-15 11:00:00+08:00,0.028999999165534973,0.028999999165534973,0.028999999165534973,0.028999999165534973,150000,0.0,0.0
2024-07-15 13:00:00+08:00,0.028999999165534973,0.028999999165534973,0.028999999165534973,0.028999999165534973,200000,0.0,0.0
2024-07-15 14:00:00+08:00,0.028999999165534973,0.028999999165534973,0.028999999165534973,0.028999999165534973,100,0.0,0.0
2024-07-15 15:00:00+08:00,0.028999999165534973,0.028999999165534973,0.028999999165534973,0.028999999165534973,0,0.0,0.0
2024-07-16 09:00:00+08:00,0.028999999165534973,0.028999999165534973,0.028999999165534973,0.028999999165534973,0,0.0,0.0
2024-07-17 13:00:00+08:00,0.02800000086426735,0.02800000086426735,0.02800000086426735,0.02800000086426735,1765300,0.0,0.0
2024-07-17 16:00:00+08:00,0.02800000086426735,0.02800000086426735,0.02800000086426735,0.02800000086426735,70000,0.0,0.0
2024-07-18 09:00:00+08:00,0.028999999165534973,0.028999999165534973,0.02800000086426735,0.02800000086426735,0,0.0,0.0
2024-07-18 16:00:00+08:00,0.02800000086426735,0.02800000086426735,0.02800000086426735,0.02800000086426735,500,0.0,0.0
2024-07-19 09:00:00+08:00,0.028999999165534973,0.03099999949336052,0.028999999165534973,0.028999999165534973,1345200,0.0,0.0
2024-07-19 10:00:00+08:00,0.028999999165534973,0.028999999165534973,0.028999999165534973,0.028999999165534973,83400,0.0,0.0
2024-07-19 15:00:00+08:00,0.028999999165534973,0.028999999165534973,0.028999999165534973,0.028999999165534973,10000,0.0,0.0
2024-07-22 14:00:00+08:00,0.028999999165534973,0.028999999165534973,0.02800000086426735,0.02800000086426735,0,0.0,0.0
2024-07-22 16:00:00+08:00,0.02800000086426735,0.02800000086426735,0.02800000086426735,0.02800000086426735,235500,0.0,0.0
2024-07-23 16:00:00+08:00,0.02800000086426735,0.02800000086426735,0.02800000086426735,0.02800000086426735,0,0.0,0.0
2024-07-24 09:00:00+08:00,0.029999999329447746,0.029999999329447746,0.02800000086426735,0.02800000086426735,0,0.0,0.0
2024-07-24 13:00:00+08:00,0.02800000086426735,0.02800000086426735,0.02800000086426735,0.02800000086426735,500000,0.0,0.0
2024-07-25 11:00:00+08:00,0.02800000086426735,0.02800000086426735,0.02800000086426735,0.02800000086426735,50200,0.0,0.0
2024-07-26 15:00:00+08:00,0.028999999165534973,0.028999999165534973,0.028999999165534973,0.028999999165534973,0,0.0,0.0
2024-07-26 16:00:00+08:00,0.028999999165534973,0.028999999165534973,0.028999999165534973,0.028999999165534973,10000,0.0,0.0
2024-07-29 09:00:00+08:00,0.02800000086426735,0.02800000086426735,0.027000000700354576,0.02800000086426735,1581000,0.0,0.0
2024-07-29 13:00:00+08:00,0.02800000086426735,0.02800000086426735,0.02800000086426735,0.02800000086426735,308000,0.0,0.0
2024-07-29 16:00:00+08:00,0.02800000086426735,0.02800000086426735,0.02800000086426735,0.02800000086426735,60000,0.0,0.0
2024-07-30 09:00:00+08:00,0.027000000700354576,0.027000000700354576,0.027000000700354576,0.027000000700354576,0,0.0,0.0
2024-07-30 14:00:00+08:00,0.027000000700354576,0.027000000700354576,0.027000000700354576,0.027000000700354576,1700,0.0,0.0
2024-08-01 09:00:00+08:00,0.027000000700354576,0.027000000700354576,0.027000000700354576,0.027000000700354576,0,0.0,0.0
2024-08-01 11:00:00+08:00,0.027000000700354576,0.027000000700354576,0.027000000700354576,0.027000000700354576,120000,0.0,0.0
2024-08-01 14:00:00+08:00,0.027000000700354576,0.027000000700354576,0.027000000700354576,0.027000000700354576,200000,0.0,0.0
2024-08-02 09:00:00+08:00,0.026000000536441803,0.027000000700354576,0.026000000536441803,0.026000000536441803,118000,0.0,0.0
2024-08-02 15:00:00+08:00,0.026000000536441803,0.026000000536441803,0.026000000536441803,0.026000000536441803,300000,0.0,0.0
2024-08-05 09:00:00+08:00,0.026000000536441803,0.026000000536441803,0.02500000037252903,0.02500000037252903,640100,0.0,0.0
2024-08-05 13:00:00+08:00,0.02500000037252903,0.02500000037252903,0.02500000037252903,0.02500000037252903,54400,0.0,0.0
2024-08-06 09:00:00+08:00,0.02500000037252903,0.02500000037252903,0.02500000037252903,0.02500000037252903,56200,0.0,0.0
2024-08-06 10:00:00+08:00,0.02500000037252903,0.02500000037252903,0.02500000037252903,0.02500000037252903,2000,0.0,0.0
2024-08-07 11:00:00+08:00,0.026000000536441803,0.026000000536441803,0.026000000536441803,0.026000000536441803,276200,0.0,0.0
2024-08-07 13:00:00+08:00,0.026000000536441803,0.026000000536441803,0.026000000536441803,0.026000000536441803,30000,0.0,0.0
2024-08-07 16:00:00+08:00,0.026000000536441803,0.026000000536441803,0.026000000536441803,0.026000000536441803,17000,0.0,0.0
2024-08-13 15:00:00+08:00,0.026000000536441803,0.026000000536441803,0.026000000536441803,0.026000000536441803,0,0.0,0.0
2024-08-14 14:00:00+08:00,0.027000000700354576,0.027000000700354576,0.027000000700354576,0.027000000700354576,84200,0.0,0.0
2024-08-19 09:00:00+08:00,0.026000000536441803,0.026000000536441803,0.026000000536441803,0.026000000536441803,257600,0.0,0.0
2024-08-19 10:00:00+08:00,0.026000000536441803,0.026000000536441803,0.026000000536441803,0.026000000536441803,159800,0.0,0.0
2024-08-19 11:00:00+08:00,0.026000000536441803,0.026000000536441803,0.026000000536441803,0.026000000536441803,100000,0.0,0.0
2024-08-19 12:00:00+08:00,0.026000000536441803,0.026000000536441803,0.026000000536441803,0.026000000536441803,6800,0.0,0.0
2024-08-19 13:00:00+08:00,0.026000000536441803,0.026000000536441803,0.026000000536441803,0.026000000536441803,100000,0.0,0.0
2024-08-19 15:00:00+08:00,0.026000000536441803,0.026000000536441803,0.02500000037252903,0.02500000037252903,69300,0.0,0.0
2024-08-19 16:00:00+08:00,0.02500000037252903,0.02500000037252903,0.02500000037252903,0.02500000037252903,23900,0.0,0.0
2024-08-21 09:00:00+08:00,0.026000000536441803,0.026000000536441803,0.026000000536441803,0.026000000536441803,0,0.0,0.0
2024-08-21 10:00:00+08:00,0.026000000536441803,0.026000000536441803,0.026000000536441803,0.026000000536441803,1200,0.0,0.0
2024-08-22 16:00:00+08:00,0.02500000037252903,0.02500000037252903,0.02500000037252903,0.02500000037252903,0,0.0,0.0
2024-08-23 10:00:00+08:00,0.02500000037252903,0.026000000536441803,0.02500000037252903,0.026000000536441803,90000,0.0,0.0
2024-08-23 14:00:00+08:00,0.026000000536441803,0.027000000700354576,0.026000000536441803,0.027000000700354576,110000,0.0,0.0
2024-08-23 16:00:00+08:00,0.027000000700354576,0.02800000086426735,0.027000000700354576,0.02800000086426735,35000,0.0,0.0
2024-08-27 11:00:00+08:00,0.02800000086426735,0.02800000086426735,0.026000000536441803,0.027000000700354576,47000,0.0,0.0
2024-08-27 14:00:00+08:00,0.027000000700354576,0.027000000700354576,0.027000000700354576,0.027000000700354576,90000,0.0,0.0
2024-08-28 15:00:00+08:00,0.027000000700354576,0.027000000700354576,0.027000000700354576,0.027000000700354576,0,0.0,0.0
2024-08-28 16:00:00+08:00,0.027000000700354576,0.027000000700354576,0.027000000700354576,0.027000000700354576,193000,0.0,0.0
2024-08-29 10:00:00+08:00,0.027000000700354576,0.02800000086426735,0.027000000700354576,0.02800000086426735,0,0.0,0.0
2024-08-29 16:00:00+08:00,0.02800000086426735,0.02800000086426735,0.027000000700354576,0.02800000086426735,127000,0.0,0.0
