Datetime,Open,High,Low,Close,Volume,Dividends,Stock Splits
2022-09-01 09:00:00+08:00,0.2750000059604645,0.2800000011920929,0.2750000059604645,0.2750000059604645,355800,0.0,0.0
2022-09-01 10:00:00+08:00,0.2750000059604645,0.2800000011920929,0.2750000059604645,0.2750000059604645,193300,0.0,0.0
2022-09-01 11:00:00+08:00,0.2750000059604645,0.2800000011920929,0.2750000059604645,0.2800000011920929,122000,0.0,0.0
2022-09-01 12:00:00+08:00,0.2800000011920929,0.2800000011920929,0.2800000011920929,0.2800000011920929,125200,0.0,0.0
2022-09-01 13:00:00+08:00,0.2800000011920929,0.2800000011920929,0.2750000059604645,0.2800000011920929,572700,0.0,0.0
2022-09-01 14:00:00+08:00,0.2800000011920929,0.2800000011920929,0.2750000059604645,0.2750000059604645,48800,0.0,0.0
2022-09-01 15:00:00+08:00,0.2750000059604645,0.2800000011920929,0.2750000059604645,0.2800000011920929,221200,0.0,0.0
2022-09-01 16:00:00+08:00,0.2800000011920929,0.2800000011920929,0.2750000059604645,0.2750000059604645,244800,0.0,0.0
2022-09-02 09:00:00+08:00,0.2800000011920929,0.2800000011920929,0.27000001072883606,0.27000001072883606,3686300,0.0,0.0
2022-09-02 10:00:00+08:00,0.27000001072883606,0.2750000059604645,0.27000001072883606,0.27000001072883606,339900,0.0,0.0
2022-09-02 11:00:00+08:00,0.27000001072883606,0.2750000059604645,0.27000001072883606,0.27000001072883606,254100,0.0,0.0
2022-09-02 12:00:00+08:00,0.27000001072883606,0.27000001072883606,0.27000001072883606,0.27000001072883606,17700,0.0,0.0
2022-09-02 13:00:00+08:00,0.27000001072883606,0.2800000011920929,0.27000001072883606,0.2750000059604645,1436200,0.0,0.0
2022-09-02 14:00:00+08:00,0.2750000059604645,0.2800000011920929,0.2750000059604645,0.2800000011920929,402600,0.0,0.0
2022-09-02 15:00:00+08:00,0.2800000011920929,0.2800000011920929,0.27000001072883606,0.2800000011920929,4644800,0.0,0.0
2022-09-02 16:00:00+08:00,0.2800000011920929,0.2800000011920929,0.2750000059604645,0.2750000059604645,700100,0.0,0.0
2022-09-05 09:00:00+08:00,0.27000001072883606,0.2750000059604645,0.27000001072883606,0.27000001072883606,125600,0.0,0.0
2022-09-05 10:00:00+08:00,0.27000001072883606,0.2750000059604645,0.27000001072883606,0.27000001072883606,106100,0.0,0.0
2022-09-05 11:00:00+08:00,0.27000001072883606,0.27000001072883606,0.27000001072883606,0.27000001072883606,500,0.0,0.0
2022-09-05 12:00:00+08:00,0.27000001072883606,0.27000001072883606,0.27000001072883606,0.27000001072883606,15700,0.0,0.0
2022-09-05 13:00:00+08:00,0.27000001072883606,0.2750000059604645,0.27000001072883606,0.27000001072883606,13100,0.0,0.0
2022-09-05 14:00:00+08:00,0.27000001072883606,0.2750000059604645,0.27000001072883606,0.2750000059604645,3069500,0.0,0.0
2022-09-05 15:00:00+08:00,0.2750000059604645,0.2750000059604645,0.27000001072883606,0.27000001072883606,20200,0.0,0.0
2022-09-05 16:00:00+08:00,0.27000001072883606,0.2750000059604645,0.27000001072883606,0.27000001072883606,147100,0.0,0.0
2022-09-06 09:00:00+08:00,0.2750000059604645,0.2750000059604645,0.27000001072883606,0.27000001072883606,113800,0.0,0.0
2022-09-06 10:00:00+08:00,0.27000001072883606,0.2750000059604645,0.27000001072883606,0.2750000059604645,122800,0.0,0.0
2022-09-06 11:00:00+08:00,0.2750000059604645,0.2750000059604645,0.27000001072883606,0.2750000059604645,84200,0.0,0.0
2022-09-06 12:00:00+08:00,0.2750000059604645,0.2750000059604645,0.2750000059604645,0.2750000059604645,53800,0.0,0.0
2022-09-06 13:00:00+08:00,0.2750000059604645,0.2750000059604645,0.27000001072883606,0.2750000059604645,57900,0.0,0.0
2022-09-06 14:00:00+08:00,0.2750000059604645,0.2750000059604645,0.27000001072883606,0.2750000059604645,50000,0.0,0.0
2022-09-06 15:00:00+08:00,0.2750000059604645,0.2750000059604645,0.27000001072883606,0.2750000059604645,71300,0.0,0.0
2022-09-06 16:00:00+08:00,0.2750000059604645,0.2750000059604645,0.27000001072883606,0.27000001072883606,233900,0.0,0.0
2022-09-07 09:00:00+08:00,0.2750000059604645,0.2750000059604645,0.27000001072883606,0.2750000059604645,49900,0.0,0.0
2022-09-07 10:00:00+08:00,0.2750000059604645,0.2750000059604645,0.27000001072883606,0.2750000059604645,62600,0.0,0.0
2022-09-07 11:00:00+08:00,0.2750000059604645,0.2750000059604645,0.27000001072883606,0.2750000059604645,148000,0.0,0.0
2022-09-07 12:00:00+08:00,0.27000001072883606,0.27000001072883606,0.27000001072883606,0.27000001072883606,40100,0.0,0.0
2022-09-07 13:00:00+08:00,0.2750000059604645,0.2750000059604645,0.27000001072883606,0.27000001072883606,13243600,0.0,0.0
2022-09-07 14:00:00+08:00,0.27000001072883606,0.2750000059604645,0.27000001072883606,0.27000001072883606,377600,0.0,0.0
2022-09-07 15:00:00+08:00,0.27000001072883606,0.2750000059604645,0.27000001072883606,0.2750000059604645,680900,0.0,0.0
2022-09-07 16:00:00+08:00,0.2750000059604645,0.2750000059604645,0.27000001072883606,0.2750000059604645,1647300,0.0,0.0
2022-09-08 09:00:00+08:00,0.2750000059604645,0.2750000059604645,0.27000001072883606,0.2750000059604645,281200,0.0,0.0
2022-09-08 10:00:00+08:00,0.2750000059604645,0.2750000059604645,0.27000001072883606,0.2750000059604645,14600,0.0,0.0
2022-09-08 11:00:00+08:00,0.2750000059604645,0.2800000011920929,0.2750000059604645,0.2750000059604645,6978600,0.0,0.0
2022-09-08 12:00:00+08:00,0.2750000059604645,0.2750000059604645,0.2750000059604645,0.2750000059604645,9200,0.0,0.0
2022-09-08 13:00:00+08:00,0.2750000059604645,0.2800000011920929,0.2750000059604645,0.2800000011920929,73200,0.0,0.0
2022-09-08 14:00:00+08:00,0.2800000011920929,0.2800000011920929,0.2750000059604645,0.2750000059604645,58500,0.0,0.0
2022-09-08 15:00:00+08:00,0.2750000059604645,0.2800000011920929,0.2750000059604645,0.2750000059604645,1654900,0.0,0.0
2022-09-08 16:00:00+08:00,0.2750000059604645,0.2800000011920929,0.2750000059604645,0.2800000011920929,74700,0.0,0.0
2022-09-09 09:00:00+08:00,0.2800000011920929,0.2800000011920929,0.2750000059604645,0.2800000011920929,7500,0.0,0.0
2022-09-09 10:00:00+08:00,0.2800000011920929,0.2800000011920929,0.2750000059604645,0.2800000011920929,93900,0.0,0.0
2022-09-09 11:00:00+08:00,0.2800000011920929,0.2800000011920929,0.2750000059604645,0.2800000011920929,76700,0.0,0.0
2022-09-09 12:00:00+08:00,0.2800000011920929,0.2800000011920929,0.2800000011920929,0.2800000011920929,30200,0.0,0.0
2022-09-09 13:00:00+08:00,0.2800000011920929,0.2800000011920929,0.2750000059604645,0.2750000059604645,134500,0.0,0.0
2022-09-09 14:00:00+08:00,0.2750000059604645,0.2800000011920929,0.2750000059604645,0.2800000011920929,152700,0.0,0.0
2022-09-09 15:00:00+08:00,0.2800000011920929,0.2800000011920929,0.2750000059604645,0.2800000011920929,185200,0.0,0.0
2022-09-09 16:00:00+08:00,0.2800000011920929,0.2800000011920929,0.2750000059604645,0.2800000011920929,571500,0.0,0.0
2022-09-12 09:00:00+08:00,0.2849999964237213,0.2849999964237213,0.2750000059604645,0.2849999964237213,2565300,0.0,0.0
2022-09-12 10:00:00+08:00,0.2849999964237213,0.2849999964237213,0.2800000011920929,0.2800000011920929,334400,0.0,0.0
2022-09-12 11:00:00+08:00,0.2800000011920929,0.2849999964237213,0.2750000059604645,0.2800000011920929,5731600,0.0,0.0
2022-09-12 12:00:00+08:00,0.2800000011920929,0.2800000011920929,0.2800000011920929,0.2800000011920929,50700,0.0,0.0
2022-09-12 13:00:00+08:00,0.2800000011920929,0.2800000011920929,0.2750000059604645,0.2750000059604645,72100,0.0,0.0
2022-09-12 14:00:00+08:00,0.2750000059604645,0.2800000011920929,0.2750000059604645,0.2750000059604645,187300,0.0,0.0
2022-09-12 15:00:00+08:00,0.2750000059604645,0.2800000011920929,0.2750000059604645,0.2750000059604645,313400,0.0,0.0
2022-09-12 16:00:00+08:00,0.2750000059604645,0.2800000011920929,0.2750000059604645,0.2800000011920929,660200,0.0,0.0
2022-09-13 09:00:00+08:00,0.2800000011920929,0.2800000011920929,0.2750000059604645,0.2750000059604645,213100,0.0,0.0
2022-09-13 10:00:00+08:00,0.2750000059604645,0.2800000011920929,0.2750000059604645,0.2800000011920929,53500,0.0,0.0
2022-09-13 11:00:00+08:00,0.2800000011920929,0.2800000011920929,0.2750000059604645,0.2800000011920929,453200,0.0,0.0
2022-09-13 12:00:00+08:00,0.2800000011920929,0.2800000011920929,0.2750000059604645,0.2750000059604645,22600,0.0,0.0
2022-09-13 13:00:00+08:00,0.2750000059604645,0.2800000011920929,0.2750000059604645,0.2800000011920929,99800,0.0,0.0
2022-09-13 14:00:00+08:00,0.2800000011920929,0.2800000011920929,0.2750000059604645,0.2750000059604645,728000,0.0,0.0
2022-09-13 15:00:00+08:00,0.2750000059604645,0.2800000011920929,0.2750000059604645,0.2750000059604645,119300,0.0,0.0
2022-09-13 16:00:00+08:00,0.2750000059604645,0.2800000011920929,0.2750000059604645,0.2800000011920929,411000,0.0,0.0
2022-09-14 09:00:00+08:00,0.2800000011920929,0.2800000011920929,0.2750000059604645,0.2800000011920929,1496600,0.0,0.0
2022-09-14 10:00:00+08:00,0.2800000011920929,0.2800000011920929,0.2750000059604645,0.2800000011920929,546400,0.0,0.0
2022-09-14 11:00:00+08:00,0.2800000011920929,0.2800000011920929,0.2750000059604645,0.2800000011920929,42500,0.0,0.0
2022-09-14 12:00:00+08:00,0.2800000011920929,0.2800000011920929,0.2750000059604645,0.2750000059604645,20800,0.0,0.0
2022-09-14 13:00:00+08:00,0.2750000059604645,0.2800000011920929,0.2750000059604645,0.2800000011920929,108600,0.0,0.0
2022-09-14 14:00:00+08:00,0.2800000011920929,0.2800000011920929,0.2750000059604645,0.2800000011920929,64000,0.0,0.0
2022-09-14 15:00:00+08:00,0.2800000011920929,0.2800000011920929,0.2750000059604645,0.2800000011920929,130700,0.0,0.0
2022-09-14 16:00:00+08:00,0.2800000011920929,0.2800000011920929,0.2750000059604645,0.2750000059604645,225600,0.0,0.0
2022-09-15 09:00:00+08:00,0.2800000011920929,0.2800000011920929,0.2750000059604645,0.2750000059604645,112000,0.0,0.0
2022-09-15 10:00:00+08:00,0.2750000059604645,0.2800000011920929,0.27000001072883606,0.27000001072883606,1950600,0.0,0.0
2022-09-15 11:00:00+08:00,0.27000001072883606,0.2800000011920929,0.27000001072883606,0.2750000059604645,1116500,0.0,0.0
2022-09-15 12:00:00+08:00,0.2750000059604645,0.2750000059604645,0.2750000059604645,0.2750000059604645,31300,0.0,0.0
2022-09-15 13:00:00+08:00,0.2750000059604645,0.2800000011920929,0.2750000059604645,0.2800000011920929,132200,0.0,0.0
2022-09-15 14:00:00+08:00,0.2800000011920929,0.2800000011920929,0.2750000059604645,0.2800000011920929,163400,0.0,0.0
2022-09-15 15:00:00+08:00,0.2800000011920929,0.2800000011920929,0.2750000059604645,0.2800000011920929,445600,0.0,0.0
2022-09-15 16:00:00+08:00,0.2800000011920929,0.2800000011920929,0.2750000059604645,0.2750000059604645,642900,0.0,0.0
2022-09-16 09:00:00+08:00,0.2750000059604645,0.2800000011920929,0.2750000059604645,0.2800000011920929,535700,0.0,0.0
2022-09-16 10:00:00+08:00,0.2800000011920929,0.2800000011920929,0.2750000059604645,0.2800000011920929,78300,0.0,0.0
2022-09-16 11:00:00+08:00,0.2800000011920929,0.2800000011920929,0.2750000059604645,0.2800000011920929,221700,0.0,0.0
2022-09-16 12:00:00+08:00,0.2800000011920929,0.2800000011920929,0.2800000011920929,0.2800000011920929,47000,0.0,0.0
2022-09-16 13:00:00+08:00,0.2800000011920929,0.2800000011920929,0.2750000059604645,0.2800000011920929,174300,0.0,0.0
2022-09-16 14:00:00+08:00,0.2800000011920929,0.2800000011920929,0.2750000059604645,0.2750000059604645,262200,0.0,0.0
2022-09-16 15:00:00+08:00,0.2750000059604645,0.2800000011920929,0.2750000059604645,0.2750000059604645,301000,0.0,0.0
2022-09-16 16:00:00+08:00,0.2750000059604645,0.2800000011920929,0.2750000059604645,0.2800000011920929,1082500,0.0,0.0
2022-09-19 09:00:00+08:00,0.2800000011920929,0.2800000011920929,0.2750000059604645,0.2800000011920929,164400,0.0,0.0
2022-09-19 10:00:00+08:00,0.2800000011920929,0.2800000011920929,0.2750000059604645,0.2800000011920929,112500,0.0,0.0
2022-09-19 11:00:00+08:00,0.2800000011920929,0.2800000011920929,0.2750000059604645,0.2750000059604645,2651800,0.0,0.0
2022-09-19 12:00:00+08:00,0.2750000059604645,0.2800000011920929,0.2750000059604645,0.2800000011920929,2800,0.0,0.0
2022-09-19 13:00:00+08:00,0.2800000011920929,0.2800000011920929,0.2750000059604645,0.2750000059604645,57200,0.0,0.0
2022-09-19 14:00:00+08:00,0.2750000059604645,0.2800000011920929,0.27000001072883606,0.27000001072883606,3579200,0.0,0.0
2022-09-19 15:00:00+08:00,0.27000001072883606,0.2750000059604645,0.27000001072883606,0.2750000059604645,111000,0.0,0.0
2022-09-19 16:00:00+08:00,0.2750000059604645,0.2750000059604645,0.27000001072883606,0.2750000059604645,208800,0.0,0.0
2022-09-20 09:00:00+08:00,0.2750000059604645,0.2750000059604645,0.27000001072883606,0.2750000059604645,120600,0.0,0.0
2022-09-20 10:00:00+08:00,0.2750000059604645,0.2750000059604645,0.27000001072883606,0.2750000059604645,17400,0.0,0.0
2022-09-20 11:00:00+08:00,0.2750000059604645,0.2750000059604645,0.27000001072883606,0.2750000059604645,198700,0.0,0.0
2022-09-20 12:00:00+08:00,0.2750000059604645,0.2750000059604645,0.27000001072883606,0.27000001072883606,24800,0.0,0.0
2022-09-20 13:00:00+08:00,0.27000001072883606,0.2750000059604645,0.27000001072883606,0.27000001072883606,3400,0.0,0.0
2022-09-20 14:00:00+08:00,0.27000001072883606,0.2750000059604645,0.27000001072883606,0.27000001072883606,107600,0.0,0.0
2022-09-20 15:00:00+08:00,0.27000001072883606,0.2750000059604645,0.27000001072883606,0.27000001072883606,743700,0.0,0.0
2022-09-20 16:00:00+08:00,0.27000001072883606,0.2750000059604645,0.27000001072883606,0.2750000059604645,75200,0.0,0.0
2022-09-21 09:00:00+08:00,0.2750000059604645,0.2750000059604645,0.27000001072883606,0.2750000059604645,1192300,0.0,0.0
2022-09-21 10:00:00+08:00,0.2750000059604645,0.2750000059604645,0.2750000059604645,0.2750000059604645,35000,0.0,0.0
2022-09-21 11:00:00+08:00,0.2750000059604645,0.2750000059604645,0.27000001072883606,0.27000001072883606,134500,0.0,0.0
2022-09-21 12:00:00+08:00,0.27000001072883606,0.2750000059604645,0.27000001072883606,0.2750000059604645,7900,0.0,0.0
2022-09-21 13:00:00+08:00,0.2750000059604645,0.2800000011920929,0.27000001072883606,0.2800000011920929,3877400,0.0,0.0
2022-09-21 14:00:00+08:00,0.2800000011920929,0.2800000011920929,0.2750000059604645,0.2800000011920929,239800,0.0,0.0
2022-09-21 15:00:00+08:00,0.2800000011920929,0.2800000011920929,0.2750000059604645,0.2800000011920929,4437300,0.0,0.0
2022-09-21 16:00:00+08:00,0.2800000011920929,0.2800000011920929,0.2750000059604645,0.2750000059604645,155400,0.0,0.0
2022-09-22 09:00:00+08:00,0.2750000059604645,0.2800000011920929,0.2750000059604645,0.2800000011920929,3995600,0.0,0.0
2022-09-22 10:00:00+08:00,0.2800000011920929,0.2800000011920929,0.2750000059604645,0.2800000011920929,559800,0.0,0.0
2022-09-22 11:00:00+08:00,0.2800000011920929,0.2800000011920929,0.2750000059604645,0.2750000059604645,173400,0.0,0.0
2022-09-22 12:00:00+08:00,0.2750000059604645,0.2750000059604645,0.2750000059604645,0.2750000059604645,13200,0.0,0.0
2022-09-22 13:00:00+08:00,0.2750000059604645,0.2800000011920929,0.2750000059604645,0.2800000011920929,14600,0.0,0.0
2022-09-22 14:00:00+08:00,0.2800000011920929,0.2800000011920929,0.2750000059604645,0.2750000059604645,385500,0.0,0.0
2022-09-22 15:00:00+08:00,0.2750000059604645,0.2800000011920929,0.2750000059604645,0.2800000011920929,47300,0.0,0.0
2022-09-22 16:00:00+08:00,0.2800000011920929,0.2800000011920929,0.2750000059604645,0.2800000011920929,120400,0.0,0.0
2022-09-23 09:00:00+08:00,0.2750000059604645,0.2800000011920929,0.2750000059604645,0.2750000059604645,71400,0.0,0.0
2022-09-23 10:00:00+08:00,0.2750000059604645,0.2800000011920929,0.2750000059604645,0.2750000059604645,310500,0.0,0.0
2022-09-23 11:00:00+08:00,0.2750000059604645,0.2800000011920929,0.2750000059604645,0.2800000011920929,38600,0.0,0.0
2022-09-23 12:00:00+08:00,0.2800000011920929,0.2800000011920929,0.2750000059604645,0.2750000059604645,19300,0.0,0.0
2022-09-23 13:00:00+08:00,0.2750000059604645,0.2800000011920929,0.2750000059604645,0.2800000011920929,535400,0.0,0.0
2022-09-23 14:00:00+08:00,0.2800000011920929,0.2800000011920929,0.2750000059604645,0.2750000059604645,103900,0.0,0.0
2022-09-23 15:00:00+08:00,0.2750000059604645,0.2800000011920929,0.27000001072883606,0.2750000059604645,3599000,0.0,0.0
2022-09-23 16:00:00+08:00,0.2750000059604645,0.2750000059604645,0.27000001072883606,0.2750000059604645,3025400,0.0,0.0
2022-09-26 09:00:00+08:00,0.27000001072883606,0.2750000059604645,0.27000001072883606,0.2750000059604645,1610500,0.0,0.0
2022-09-26 10:00:00+08:00,0.2750000059604645,0.2750000059604645,0.27000001072883606,0.27000001072883606,4100,0.0,0.0
2022-09-26 11:00:00+08:00,0.27000001072883606,0.2750000059604645,0.26499998569488525,0.27000001072883606,9751900,0.0,0.0
2022-09-26 12:00:00+08:00,0.27000001072883606,0.27000001072883606,0.26499998569488525,0.26499998569488525,29300,0.0,0.0
2022-09-26 13:00:00+08:00,0.26499998569488525,0.2750000059604645,0.26499998569488525,0.2750000059604645,3367800,0.0,0.0
2022-09-26 14:00:00+08:00,0.2750000059604645,0.2750000059604645,0.26499998569488525,0.26499998569488525,1260900,0.0,0.0
2022-09-26 15:00:00+08:00,0.26499998569488525,0.27000001072883606,0.26499998569488525,0.27000001072883606,137100,0.0,0.0
2022-09-26 16:00:00+08:00,0.27000001072883606,0.27000001072883606,0.26499998569488525,0.26499998569488525,46700,0.0,0.0
2022-09-27 09:00:00+08:00,0.27000001072883606,0.27000001072883606,0.26499998569488525,0.26499998569488525,500,0.0,0.0
2022-09-27 10:00:00+08:00,0.26499998569488525,0.27000001072883606,0.26499998569488525,0.26499998569488525,144500,0.0,0.0
2022-09-27 11:00:00+08:00,0.26499998569488525,0.27000001072883606,0.26499998569488525,0.26499998569488525,121400,0.0,0.0
2022-09-27 12:00:00+08:00,0.26499998569488525,0.26499998569488525,0.26499998569488525,0.26499998569488525,116700,0.0,0.0
2022-09-27 13:00:00+08:00,0.26499998569488525,0.27000001072883606,0.26499998569488525,0.26499998569488525,163100,0.0,0.0
2022-09-27 14:00:00+08:00,0.26499998569488525,0.27000001072883606,0.26499998569488525,0.26499998569488525,151700,0.0,0.0
2022-09-27 15:00:00+08:00,0.26499998569488525,0.27000001072883606,0.26499998569488525,0.26499998569488525,89800,0.0,0.0
2022-09-27 16:00:00+08:00,0.26499998569488525,0.27000001072883606,0.26499998569488525,0.26499998569488525,307600,0.0,0.0
2022-09-28 09:00:00+08:00,0.27000001072883606,0.27000001072883606,0.25999999046325684,0.26499998569488525,2594300,0.0,0.0
2022-09-28 10:00:00+08:00,0.26499998569488525,0.26499998569488525,0.25999999046325684,0.25999999046325684,394100,0.0,0.0
2022-09-28 11:00:00+08:00,0.25999999046325684,0.26499998569488525,0.25999999046325684,0.26499998569488525,308400,0.0,0.0
2022-09-28 12:00:00+08:00,0.26499998569488525,0.26499998569488525,0.25999999046325684,0.25999999046325684,112400,0.0,0.0
2022-09-28 13:00:00+08:00,0.25999999046325684,0.26499998569488525,0.25999999046325684,0.26499998569488525,130000,0.0,0.0
2022-09-28 14:00:00+08:00,0.26499998569488525,0.26499998569488525,0.25999999046325684,0.26499998569488525,254200,0.0,0.0
2022-09-28 15:00:00+08:00,0.26499998569488525,0.26499998569488525,0.25999999046325684,0.25999999046325684,681900,0.0,0.0
2022-09-28 16:00:00+08:00,0.25999999046325684,0.26499998569488525,0.25999999046325684,0.25999999046325684,1942300,0.0,0.0
2022-09-29 09:00:00+08:00,0.26499998569488525,0.27000001072883606,0.25999999046325684,0.27000001072883606,2632800,0.0,0.0
2022-09-29 10:00:00+08:00,0.27000001072883606,0.27000001072883606,0.26499998569488525,0.27000001072883606,2837000,0.0,0.0
2022-09-29 11:00:00+08:00,0.27000001072883606,0.27000001072883606,0.26499998569488525,0.26499998569488525,58900,0.0,0.0
2022-09-29 12:00:00+08:00,0.26499998569488525,0.27000001072883606,0.26499998569488525,0.27000001072883606,9600,0.0,0.0
2022-09-29 13:00:00+08:00,0.27000001072883606,0.27000001072883606,0.26499998569488525,0.26499998569488525,63800,0.0,0.0
2022-09-29 14:00:00+08:00,0.26499998569488525,0.27000001072883606,0.26499998569488525,0.26499998569488525,45500,0.0,0.0
2022-09-29 15:00:00+08:00,0.26499998569488525,0.27000001072883606,0.26499998569488525,0.27000001072883606,14505100,0.0,0.0
2022-09-29 16:00:00+08:00,0.27000001072883606,0.27000001072883606,0.26499998569488525,0.26499998569488525,712100,0.0,0.0
2022-09-30 09:00:00+08:00,0.26499998569488525,0.26499998569488525,0.25999999046325684,0.26499998569488525,1918600,0.0,0.0
2022-09-30 10:00:00+08:00,0.26499998569488525,0.26499998569488525,0.25999999046325684,0.25999999046325684,127600,0.0,0.0
2022-09-30 11:00:00+08:00,0.25999999046325684,0.26499998569488525,0.25999999046325684,0.26499998569488525,170500,0.0,0.0
2022-09-30 12:00:00+08:00,0.26499998569488525,0.26499998569488525,0.26499998569488525,0.26499998569488525,46000,0.0,0.0
2022-09-30 13:00:00+08:00,0.26499998569488525,0.26499998569488525,0.25999999046325684,0.25999999046325684,927700,0.0,0.0
2022-09-30 14:00:00+08:00,0.25999999046325684,0.26499998569488525,0.25999999046325684,0.26499998569488525,30400,0.0,0.0
2022-09-30 15:00:00+08:00,0.26499998569488525,0.26499998569488525,0.25999999046325684,0.25999999046325684,826000,0.0,0.0
2022-09-30 16:00:00+08:00,0.25999999046325684,0.26499998569488525,0.25999999046325684,0.26499998569488525,3042900,0.0,0.0
2022-10-03 09:00:00+08:00,0.25999999046325684,0.26499998569488525,0.25999999046325684,0.26499998569488525,406000,0.0,0.0
2022-10-03 10:00:00+08:00,0.26499998569488525,0.26499998569488525,0.25999999046325684,0.25999999046325684,69300,0.0,0.0
2022-10-03 11:00:00+08:00,0.25999999046325684,0.27000001072883606,0.25999999046325684,0.27000001072883606,731400,0.0,0.0
2022-10-03 12:00:00+08:00,0.27000001072883606,0.27000001072883606,0.27000001072883606,0.27000001072883606,16200,0.0,0.0
2022-10-03 13:00:00+08:00,0.27000001072883606,0.27000001072883606,0.26499998569488525,0.27000001072883606,37500,0.0,0.0
2022-10-03 14:00:00+08:00,0.27000001072883606,0.27000001072883606,0.26499998569488525,0.27000001072883606,661400,0.0,0.0
2022-10-03 15:00:00+08:00,0.27000001072883606,0.27000001072883606,0.26499998569488525,0.27000001072883606,521500,0.0,0.0
2022-10-03 16:00:00+08:00,0.27000001072883606,0.27000001072883606,0.25999999046325684,0.26499998569488525,1317200,0.0,0.0
2022-10-04 09:00:00+08:00,0.26499998569488525,0.27000001072883606,0.26499998569488525,0.27000001072883606,233100,0.0,0.0
2022-10-04 10:00:00+08:00,0.27000001072883606,0.27000001072883606,0.26499998569488525,0.26499998569488525,12413300,0.0,0.0
2022-10-04 11:00:00+08:00,0.26499998569488525,0.26499998569488525,0.25999999046325684,0.26499998569488525,215100,0.0,0.0
2022-10-04 12:00:00+08:00,0.26499998569488525,0.26499998569488525,0.26499998569488525,0.26499998569488525,16800,0.0,0.0
2022-10-04 13:00:00+08:00,0.26499998569488525,0.26499998569488525,0.26499998569488525,0.26499998569488525,85500,0.0,0.0
2022-10-04 14:00:00+08:00,0.26499998569488525,0.26499998569488525,0.25999999046325684,0.26499998569488525,139800,0.0,0.0
2022-10-04 15:00:00+08:00,0.26499998569488525,0.26499998569488525,0.25999999046325684,0.25999999046325684,326400,0.0,0.0
2022-10-04 16:00:00+08:00,0.25999999046325684,0.26499998569488525,0.25999999046325684,0.26499998569488525,1502000,0.0,0.0
2022-10-05 09:00:00+08:00,0.26499998569488525,0.27000001072883606,0.26499998569488525,0.27000001072883606,4834500,0.0,0.0
2022-10-05 10:00:00+08:00,0.27000001072883606,0.27000001072883606,0.26499998569488525,0.27000001072883606,222400,0.0,0.0
2022-10-05 11:00:00+08:00,0.27000001072883606,0.27000001072883606,0.26499998569488525,0.27000001072883606,335400,0.0,0.0
2022-10-05 12:00:00+08:00,0.27000001072883606,0.27000001072883606,0.26499998569488525,0.26499998569488525,23600,0.0,0.0
2022-10-05 13:00:00+08:00,0.26499998569488525,0.27000001072883606,0.26499998569488525,0.27000001072883606,83900,0.0,0.0
2022-10-05 14:00:00+08:00,0.27000001072883606,0.27000001072883606,0.26499998569488525,0.27000001072883606,177000,0.0,0.0
2022-10-05 15:00:00+08:00,0.27000001072883606,0.27000001072883606,0.25999999046325684,0.25999999046325684,2252400,0.0,0.0
2022-10-05 16:00:00+08:00,0.25999999046325684,0.26499998569488525,0.25999999046325684,0.26499998569488525,604800,0.0,0.0
2022-10-06 09:00:00+08:00,0.26499998569488525,0.26499998569488525,0.25999999046325684,0.26499998569488525,5096300,0.0,0.0
2022-10-06 10:00:00+08:00,0.26499998569488525,0.27000001072883606,0.25999999046325684,0.26499998569488525,1473500,0.0,0.0
2022-10-06 11:00:00+08:00,0.26499998569488525,0.27000001072883606,0.26499998569488525,0.26499998569488525,1572100,0.0,0.0
2022-10-06 12:00:00+08:00,0.26499998569488525,0.26499998569488525,0.26499998569488525,0.26499998569488525,78300,0.0,0.0
2022-10-06 13:00:00+08:00,0.26499998569488525,0.27000001072883606,0.26499998569488525,0.27000001072883606,39900,0.0,0.0
2022-10-06 14:00:00+08:00,0.27000001072883606,0.27000001072883606,0.26499998569488525,0.26499998569488525,83000,0.0,0.0
2022-10-06 15:00:00+08:00,0.26499998569488525,0.27000001072883606,0.26499998569488525,0.27000001072883606,0,0.0,0.0
2022-10-06 16:00:00+08:00,0.27000001072883606,0.27000001072883606,0.26499998569488525,0.26499998569488525,9910200,0.0,0.0
2022-10-07 09:00:00+08:00,0.26499998569488525,0.26499998569488525,0.25999999046325684,0.26499998569488525,257100,0.0,0.0
2022-10-07 10:00:00+08:00,0.26499998569488525,0.26499998569488525,0.25999999046325684,0.26499998569488525,215700,0.0,0.0
2022-10-07 11:00:00+08:00,0.26499998569488525,0.26499998569488525,0.25999999046325684,0.25999999046325684,385900,0.0,0.0
2022-10-07 12:00:00+08:00,0.25999999046325684,0.25999999046325684,0.25999999046325684,0.25999999046325684,105800,0.0,0.0
2022-10-07 13:00:00+08:00,0.26499998569488525,0.26499998569488525,0.25999999046325684,0.25999999046325684,33100,0.0,0.0
2022-10-07 14:00:00+08:00,0.25999999046325684,0.26499998569488525,0.25999999046325684,0.26499998569488525,137700,0.0,0.0
2022-10-07 15:00:00+08:00,0.26499998569488525,0.26499998569488525,0.25999999046325684,0.26499998569488525,547400,0.0,0.0
2022-10-07 16:00:00+08:00,0.26499998569488525,0.26499998569488525,0.25999999046325684,0.25999999046325684,528200,0.0,0.0
2022-10-10 09:00:00+08:00,0.25999999046325684,0.26499998569488525,0.2549999952316284,0.26499998569488525,7822000,0.0,0.0
2022-10-10 10:00:00+08:00,0.26499998569488525,0.27000001072883606,0.25999999046325684,0.27000001072883606,9377600,0.0,0.0
2022-10-10 11:00:00+08:00,0.27000001072883606,0.2750000059604645,0.26499998569488525,0.27000001072883606,7265900,0.0,0.0
2022-10-10 12:00:00+08:00,0.27000001072883606,0.2750000059604645,0.27000001072883606,0.2750000059604645,249100,0.0,0.0
2022-10-10 13:00:00+08:00,0.2750000059604645,0.2750000059604645,0.27000001072883606,0.27000001072883606,187500,0.0,0.0
2022-10-10 14:00:00+08:00,0.27000001072883606,0.2750000059604645,0.27000001072883606,0.27000001072883606,599000,0.0,0.0
2022-10-10 15:00:00+08:00,0.27000001072883606,0.2750000059604645,0.26499998569488525,0.27000001072883606,3842900,0.0,0.0
2022-10-10 16:00:00+08:00,0.27000001072883606,0.2750000059604645,0.27000001072883606,0.27000001072883606,1018900,0.0,0.0
2022-10-11 09:00:00+08:00,0.2750000059604645,0.2750000059604645,0.27000001072883606,0.2750000059604645,145100,0.0,0.0
2022-10-11 10:00:00+08:00,0.2750000059604645,0.2750000059604645,0.27000001072883606,0.2750000059604645,1975900,0.0,0.0
2022-10-11 11:00:00+08:00,0.2750000059604645,0.2750000059604645,0.27000001072883606,0.27000001072883606,419500,0.0,0.0
2022-10-11 12:00:00+08:00,0.27000001072883606,0.2750000059604645,0.27000001072883606,0.2750000059604645,317600,0.0,0.0
2022-10-11 13:00:00+08:00,0.2750000059604645,0.2750000059604645,0.27000001072883606,0.2750000059604645,56500,0.0,0.0
2022-10-11 14:00:00+08:00,0.2750000059604645,0.2750000059604645,0.27000001072883606,0.2750000059604645,142900,0.0,0.0
2022-10-11 15:00:00+08:00,0.2750000059604645,0.2750000059604645,0.27000001072883606,0.27000001072883606,106100,0.0,0.0
2022-10-11 16:00:00+08:00,0.27000001072883606,0.2750000059604645,0.27000001072883606,0.27000001072883606,965100,0.0,0.0
2022-10-12 09:00:00+08:00,0.2750000059604645,0.2750000059604645,0.26499998569488525,0.26499998569488525,5349900,0.0,0.0
2022-10-12 10:00:00+08:00,0.26499998569488525,0.2750000059604645,0.26499998569488525,0.27000001072883606,3735600,0.0,0.0
2022-10-12 11:00:00+08:00,0.27000001072883606,0.2750000059604645,0.27000001072883606,0.27000001072883606,577700,0.0,0.0
2022-10-12 12:00:00+08:00,0.27000001072883606,0.27000001072883606,0.27000001072883606,0.27000001072883606,109900,0.0,0.0
2022-10-12 13:00:00+08:00,0.27000001072883606,0.2750000059604645,0.27000001072883606,0.27000001072883606,30700,0.0,0.0
2022-10-12 14:00:00+08:00,0.27000001072883606,0.2750000059604645,0.26499998569488525,0.26499998569488525,4369800,0.0,0.0
2022-10-12 15:00:00+08:00,0.26499998569488525,0.2750000059604645,0.26499998569488525,0.2750000059604645,9527000,0.0,0.0
2022-10-12 16:00:00+08:00,0.2750000059604645,0.2750000059604645,0.26499998569488525,0.27000001072883606,3560000,0.0,0.0
2022-10-13 09:00:00+08:00,0.26499998569488525,0.27000001072883606,0.26499998569488525,0.26499998569488525,59200,0.0,0.0
2022-10-13 10:00:00+08:00,0.26499998569488525,0.27000001072883606,0.26499998569488525,0.27000001072883606,117700,0.0,0.0
2022-10-13 11:00:00+08:00,0.27000001072883606,0.27000001072883606,0.26499998569488525,0.26499998569488525,283900,0.0,0.0
2022-10-13 12:00:00+08:00,0.26499998569488525,0.27000001072883606,0.26499998569488525,0.27000001072883606,30500,0.0,0.0
2022-10-13 13:00:00+08:00,0.27000001072883606,0.27000001072883606,0.26499998569488525,0.27000001072883606,598300,0.0,0.0
2022-10-13 14:00:00+08:00,0.27000001072883606,0.2750000059604645,0.26499998569488525,0.27000001072883606,7593300,0.0,0.0
2022-10-13 15:00:00+08:00,0.27000001072883606,0.2750000059604645,0.26499998569488525,0.2750000059604645,2224400,0.0,0.0
2022-10-13 16:00:00+08:00,0.2750000059604645,0.2750000059604645,0.26499998569488525,0.27000001072883606,2758600,0.0,0.0
2022-10-14 09:00:00+08:00,0.27000001072883606,0.2750000059604645,0.26499998569488525,0.2750000059604645,7735400,0.0,0.0
2022-10-14 10:00:00+08:00,0.2750000059604645,0.2750000059604645,0.27000001072883606,0.2750000059604645,595100,0.0,0.0
2022-10-14 11:00:00+08:00,0.2750000059604645,0.2750000059604645,0.27000001072883606,0.27000001072883606,886600,0.0,0.0
2022-10-14 12:00:00+08:00,0.27000001072883606,0.2750000059604645,0.27000001072883606,0.2750000059604645,274900,0.0,0.0
2022-10-14 13:00:00+08:00,0.2750000059604645,0.2750000059604645,0.27000001072883606,0.2750000059604645,41700,0.0,0.0
2022-10-14 14:00:00+08:00,0.2750000059604645,0.2750000059604645,0.27000001072883606,0.27000001072883606,652300,0.0,0.0
2022-10-14 15:00:00+08:00,0.27000001072883606,0.2750000059604645,0.27000001072883606,0.2750000059604645,5927900,0.0,0.0
2022-10-14 16:00:00+08:00,0.2750000059604645,0.2750000059604645,0.26499998569488525,0.27000001072883606,5479000,0.0,0.0
2022-10-17 09:00:00+08:00,0.27000001072883606,0.27000001072883606,0.26499998569488525,0.26499998569488525,15500,0.0,0.0
2022-10-17 10:00:00+08:00,0.26499998569488525,0.27000001072883606,0.26499998569488525,0.27000001072883606,186200,0.0,0.0
2022-10-17 11:00:00+08:00,0.27000001072883606,0.27000001072883606,0.26499998569488525,0.26499998569488525,52500,0.0,0.0
2022-10-17 12:00:00+08:00,0.26499998569488525,0.27000001072883606,0.26499998569488525,0.27000001072883606,49700,0.0,0.0
2022-10-17 13:00:00+08:00,0.27000001072883606,0.27000001072883606,0.25999999046325684,0.26499998569488525,13675600,0.0,0.0
2022-10-17 14:00:00+08:00,0.26499998569488525,0.27000001072883606,0.26499998569488525,0.27000001072883606,1362600,0.0,0.0
2022-10-17 15:00:00+08:00,0.27000001072883606,0.2750000059604645,0.26499998569488525,0.26499998569488525,25383200,0.0,0.0
2022-10-17 16:00:00+08:00,0.26499998569488525,0.27000001072883606,0.26499998569488525,0.27000001072883606,328200,0.0,0.0
2022-10-18 09:00:00+08:00,0.27000001072883606,0.27000001072883606,0.26499998569488525,0.27000001072883606,222200,0.0,0.0
2022-10-18 10:00:00+08:00,0.27000001072883606,0.27000001072883606,0.26499998569488525,0.26499998569488525,225900,0.0,0.0
2022-10-18 11:00:00+08:00,0.26499998569488525,0.27000001072883606,0.26499998569488525,0.27000001072883606,195400,0.0,0.0
2022-10-18 12:00:00+08:00,0.27000001072883606,0.27000001072883606,0.26499998569488525,0.26499998569488525,21100,0.0,0.0
2022-10-18 13:00:00+08:00,0.26499998569488525,0.27000001072883606,0.26499998569488525,0.27000001072883606,132800,0.0,0.0
2022-10-18 14:00:00+08:00,0.27000001072883606,0.27000001072883606,0.26499998569488525,0.26499998569488525,489100,0.0,0.0
2022-10-18 15:00:00+08:00,0.26499998569488525,0.27000001072883606,0.26499998569488525,0.26499998569488525,647600,0.0,0.0
2022-10-18 16:00:00+08:00,0.26499998569488525,0.27000001072883606,0.26499998569488525,0.27000001072883606,4362100,0.0,0.0
2022-10-19 09:00:00+08:00,0.27000001072883606,0.27000001072883606,0.26499998569488525,0.27000001072883606,167000,0.0,0.0
2022-10-19 10:00:00+08:00,0.27000001072883606,0.27000001072883606,0.26499998569488525,0.27000001072883606,115300,0.0,0.0
2022-10-19 11:00:00+08:00,0.27000001072883606,0.27000001072883606,0.26499998569488525,0.27000001072883606,125600,0.0,0.0
2022-10-19 12:00:00+08:00,0.27000001072883606,0.27000001072883606,0.26499998569488525,0.26499998569488525,55900,0.0,0.0
2022-10-19 13:00:00+08:00,0.26499998569488525,0.27000001072883606,0.26499998569488525,0.27000001072883606,3100,0.0,0.0
2022-10-19 14:00:00+08:00,0.27000001072883606,0.27000001072883606,0.26499998569488525,0.27000001072883606,63000,0.0,0.0
2022-10-19 15:00:00+08:00,0.27000001072883606,0.27000001072883606,0.26499998569488525,0.27000001072883606,109100,0.0,0.0
2022-10-19 16:00:00+08:00,0.27000001072883606,0.27000001072883606,0.26499998569488525,0.27000001072883606,1076700,0.0,0.0
2022-10-20 09:00:00+08:00,0.26499998569488525,0.27000001072883606,0.26499998569488525,0.27000001072883606,1521200,0.0,0.0
2022-10-20 10:00:00+08:00,0.27000001072883606,0.27000001072883606,0.26499998569488525,0.27000001072883606,94900,0.0,0.0
2022-10-20 11:00:00+08:00,0.27000001072883606,0.27000001072883606,0.26499998569488525,0.27000001072883606,89900,0.0,0.0
2022-10-20 12:00:00+08:00,0.27000001072883606,0.27000001072883606,0.26499998569488525,0.26499998569488525,48400,0.0,0.0
2022-10-20 13:00:00+08:00,0.26499998569488525,0.27000001072883606,0.26499998569488525,0.27000001072883606,161600,0.0,0.0
2022-10-20 14:00:00+08:00,0.27000001072883606,0.2750000059604645,0.26499998569488525,0.2750000059604645,9956300,0.0,0.0
2022-10-20 15:00:00+08:00,0.2750000059604645,0.2750000059604645,0.27000001072883606,0.2750000059604645,234600,0.0,0.0
2022-10-20 16:00:00+08:00,0.2750000059604645,0.2750000059604645,0.27000001072883606,0.2750000059604645,354000,0.0,0.0
2022-10-21 09:00:00+08:00,0.2750000059604645,0.2750000059604645,0.27000001072883606,0.27000001072883606,202400,0.0,0.0
2022-10-21 10:00:00+08:00,0.27000001072883606,0.2750000059604645,0.27000001072883606,0.27000001072883606,56400,0.0,0.0
2022-10-21 11:00:00+08:00,0.27000001072883606,0.2750000059604645,0.27000001072883606,0.27000001072883606,248700,0.0,0.0
2022-10-21 12:00:00+08:00,0.27000001072883606,0.2750000059604645,0.27000001072883606,0.2750000059604645,20800,0.0,0.0
2022-10-21 13:00:00+08:00,0.2750000059604645,0.2750000059604645,0.27000001072883606,0.2750000059604645,234000,0.0,0.0
2022-10-21 14:00:00+08:00,0.2750000059604645,0.2750000059604645,0.27000001072883606,0.2750000059604645,64300,0.0,0.0
2022-10-21 15:00:00+08:00,0.2750000059604645,0.2750000059604645,0.27000001072883606,0.2750000059604645,353900,0.0,0.0
2022-10-21 16:00:00+08:00,0.2750000059604645,0.2750000059604645,0.27000001072883606,0.2750000059604645,452400,0.0,0.0
2022-10-25 09:00:00+08:00,0.27000001072883606,0.2750000059604645,0.26499998569488525,0.2750000059604645,3510200,0.0,0.0
2022-10-25 10:00:00+08:00,0.2750000059604645,0.2750000059604645,0.27000001072883606,0.2750000059604645,1107200,0.0,0.0
2022-10-25 11:00:00+08:00,0.2750000059604645,0.2750000059604645,0.27000001072883606,0.27000001072883606,197300,0.0,0.0
2022-10-25 12:00:00+08:00,0.27000001072883606,0.27000001072883606,0.27000001072883606,0.27000001072883606,99700,0.0,0.0
2022-10-25 13:00:00+08:00,0.27000001072883606,0.2750000059604645,0.27000001072883606,0.27000001072883606,138100,0.0,0.0
2022-10-25 14:00:00+08:00,0.27000001072883606,0.2750000059604645,0.27000001072883606,0.2750000059604645,1203400,0.0,0.0
2022-10-25 15:00:00+08:00,0.2750000059604645,0.2750000059604645,0.27000001072883606,0.27000001072883606,2347800,0.0,0.0
2022-10-25 16:00:00+08:00,0.27000001072883606,0.2750000059604645,0.27000001072883606,0.27000001072883606,657700,0.0,0.0
2022-10-26 09:00:00+08:00,0.27000001072883606,0.2750000059604645,0.27000001072883606,0.2750000059604645,0,0.0,0.0
2022-10-26 10:00:00+08:00,0.2750000059604645,0.2750000059604645,0.27000001072883606,0.2750000059604645,606900,0.0,0.0
2022-10-26 11:00:00+08:00,0.2750000059604645,0.2750000059604645,0.27000001072883606,0.27000001072883606,127400,0.0,0.0
2022-10-26 12:00:00+08:00,0.27000001072883606,0.27000001072883606,0.27000001072883606,0.27000001072883606,102800,0.0,0.0
2022-10-26 13:00:00+08:00,0.27000001072883606,0.2750000059604645,0.27000001072883606,0.2750000059604645,13400,0.0,0.0
2022-10-26 14:00:00+08:00,0.2750000059604645,0.2750000059604645,0.27000001072883606,0.2750000059604645,100500,0.0,0.0
2022-10-26 15:00:00+08:00,0.27000001072883606,0.2750000059604645,0.27000001072883606,0.27000001072883606,1234100,0.0,0.0
2022-10-26 16:00:00+08:00,0.27000001072883606,0.2750000059604645,0.27000001072883606,0.2750000059604645,2618400,0.0,0.0
2022-10-27 09:00:00+08:00,0.2750000059604645,0.2750000059604645,0.27000001072883606,0.2750000059604645,17400,0.0,0.0
2022-10-27 10:00:00+08:00,0.27000001072883606,0.2750000059604645,0.27000001072883606,0.2750000059604645,487500,0.0,0.0
2022-10-27 11:00:00+08:00,0.2750000059604645,0.2750000059604645,0.27000001072883606,0.2750000059604645,771900,0.0,0.0
2022-10-27 13:00:00+08:00,0.27000001072883606,0.2750000059604645,0.27000001072883606,0.2750000059604645,231200,0.0,0.0
2022-10-27 14:00:00+08:00,0.2750000059604645,0.2750000059604645,0.27000001072883606,0.27000001072883606,1281300,0.0,0.0
2022-10-27 15:00:00+08:00,0.27000001072883606,0.2750000059604645,0.27000001072883606,0.2750000059604645,1027000,0.0,0.0
2022-10-27 16:00:00+08:00,0.2750000059604645,0.2750000059604645,0.27000001072883606,0.2750000059604645,3115700,0.0,0.0
2022-10-28 09:00:00+08:00,0.2750000059604645,0.2800000011920929,0.2750000059604645,0.2800000011920929,6775100,0.0,0.0
2022-10-28 10:00:00+08:00,0.2800000011920929,0.2800000011920929,0.27000001072883606,0.2750000059604645,8062900,0.0,0.0
2022-10-28 11:00:00+08:00,0.2750000059604645,0.2800000011920929,0.27000001072883606,0.27000001072883606,2608200,0.0,0.0
2022-10-28 12:00:00+08:00,0.27000001072883606,0.2750000059604645,0.27000001072883606,0.2750000059604645,51000,0.0,0.0
2022-10-28 13:00:00+08:00,0.2750000059604645,0.2800000011920929,0.2750000059604645,0.2800000011920929,2258400,0.0,0.0
2022-10-28 14:00:00+08:00,0.2800000011920929,0.2800000011920929,0.2750000059604645,0.2800000011920929,567500,0.0,0.0
2022-10-28 15:00:00+08:00,0.2800000011920929,0.2800000011920929,0.27000001072883606,0.2800000011920929,3820900,0.0,0.0
2022-10-28 16:00:00+08:00,0.2800000011920929,0.2800000011920929,0.27000001072883606,0.2750000059604645,4261900,0.0,0.0
2022-10-31 09:00:00+08:00,0.2750000059604645,0.28999999165534973,0.2750000059604645,0.2849999964237213,11261200,0.0,0.0
2022-10-31 10:00:00+08:00,0.2849999964237213,0.28999999165534973,0.2849999964237213,0.2849999964237213,5033800,0.0,0.0
2022-10-31 11:00:00+08:00,0.2849999964237213,0.28999999165534973,0.2849999964237213,0.2849999964237213,2164000,0.0,0.0
2022-10-31 12:00:00+08:00,0.2849999964237213,0.28999999165534973,0.2849999964237213,0.28999999165534973,439200,0.0,0.0
2022-10-31 13:00:00+08:00,0.28999999165534973,0.28999999165534973,0.2849999964237213,0.2849999964237213,2051000,0.0,0.0
2022-10-31 14:00:00+08:00,0.2849999964237213,0.28999999165534973,0.2849999964237213,0.28999999165534973,1450700,0.0,0.0
2022-10-31 15:00:00+08:00,0.28999999165534973,0.28999999165534973,0.2849999964237213,0.28999999165534973,556800,0.0,0.0
2022-10-31 16:00:00+08:00,0.28999999165534973,0.28999999165534973,0.2849999964237213,0.28999999165534973,1296900,0.0,0.0
2022-11-01 09:00:00+08:00,0.28999999165534973,0.29499998688697815,0.2849999964237213,0.28999999165534973,7984800,0.0,0.0
2022-11-01 10:00:00+08:00,0.28999999165534973,0.29499998688697815,0.28999999165534973,0.28999999165534973,1614300,0.0,0.0
2022-11-01 11:00:00+08:00,0.28999999165534973,0.29499998688697815,0.28999999165534973,0.28999999165534973,4095300,0.0,0.0
2022-11-01 12:00:00+08:00,0.28999999165534973,0.28999999165534973,0.28999999165534973,0.28999999165534973,568800,0.0,0.0
2022-11-01 13:00:00+08:00,0.28999999165534973,0.30000001192092896,0.28999999165534973,0.30000001192092896,28601100,0.0,0.0
2022-11-01 14:00:00+08:00,0.30000001192092896,0.3050000071525574,0.29499998688697815,0.30000001192092896,3666500,0.0,0.0
2022-11-01 15:00:00+08:00,0.30000001192092896,0.30000001192092896,0.29499998688697815,0.29499998688697815,199500,0.0,0.0
2022-11-01 16:00:00+08:00,0.29499998688697815,0.30000001192092896,0.29499998688697815,0.29499998688697815,1201200,0.0,0.0
2022-11-02 09:00:00+08:00,0.29499998688697815,0.30000001192092896,0.29499998688697815,0.29499998688697815,735600,0.0,0.0
2022-11-02 10:00:00+08:00,0.29499998688697815,0.30000001192092896,0.29499998688697815,0.29499998688697815,1699300,0.0,0.0
2022-11-02 11:00:00+08:00,0.29499998688697815,0.30000001192092896,0.29499998688697815,0.29499998688697815,3398900,0.0,0.0
2022-11-02 12:00:00+08:00,0.29499998688697815,0.29499998688697815,0.29499998688697815,0.29499998688697815,353400,0.0,0.0
2022-11-02 13:00:00+08:00,0.29499998688697815,0.30000001192092896,0.29499998688697815,0.29499998688697815,1487500,0.0,0.0
2022-11-02 14:00:00+08:00,0.29499998688697815,0.30000001192092896,0.29499998688697815,0.30000001192092896,527200,0.0,0.0
2022-11-02 15:00:00+08:00,0.30000001192092896,0.30000001192092896,0.29499998688697815,0.30000001192092896,2033700,0.0,0.0
2022-11-02 16:00:00+08:00,0.30000001192092896,0.30000001192092896,0.29499998688697815,0.29499998688697815,5101100,0.0,0.0
2022-11-03 09:00:00+08:00,0.30000001192092896,0.3050000071525574,0.2800000011920929,0.28999999165534973,55261400,0.0,0.0
2022-11-03 10:00:00+08:00,0.28999999165534973,0.29499998688697815,0.28999999165534973,0.29499998688697815,365300,0.0,0.0
2022-11-03 11:00:00+08:00,0.29499998688697815,0.29499998688697815,0.28999999165534973,0.28999999165534973,7493300,0.0,0.0
2022-11-03 12:00:00+08:00,0.28999999165534973,0.28999999165534973,0.28999999165534973,0.28999999165534973,42500,0.0,0.0
2022-11-03 13:00:00+08:00,0.28999999165534973,0.28999999165534973,0.2849999964237213,0.28999999165534973,118800,0.0,0.0
2022-11-03 14:00:00+08:00,0.28999999165534973,0.28999999165534973,0.2849999964237213,0.28999999165534973,3100,0.0,0.0
2022-11-03 15:00:00+08:00,0.28999999165534973,0.28999999165534973,0.2849999964237213,0.2849999964237213,219500,0.0,0.0
2022-11-03 16:00:00+08:00,0.2849999964237213,0.28999999165534973,0.2800000011920929,0.28999999165534973,5138200,0.0,0.0
2022-11-04 09:00:00+08:00,0.28999999165534973,0.28999999165534973,0.2849999964237213,0.2849999964237213,138200,0.0,0.0
2022-11-04 10:00:00+08:00,0.2849999964237213,0.28999999165534973,0.2849999964237213,0.28999999165534973,59600,0.0,0.0
2022-11-04 11:00:00+08:00,0.28999999165534973,0.28999999165534973,0.2849999964237213,0.28999999165534973,236100,0.0,0.0
2022-11-04 12:00:00+08:00,0.28999999165534973,0.28999999165534973,0.28999999165534973,0.28999999165534973,42400,0.0,0.0
2022-11-04 13:00:00+08:00,0.28999999165534973,0.28999999165534973,0.28999999165534973,0.28999999165534973,9500,0.0,0.0
2022-11-04 14:00:00+08:00,0.28999999165534973,0.28999999165534973,0.2849999964237213,0.28999999165534973,125600,0.0,0.0
2022-11-04 15:00:00+08:00,0.28999999165534973,0.28999999165534973,0.2849999964237213,0.28999999165534973,739600,0.0,0.0
2022-11-04 16:00:00+08:00,0.28999999165534973,0.28999999165534973,0.2849999964237213,0.2849999964237213,1687900,0.0,0.0
2022-11-07 09:00:00+08:00,0.28999999165534973,0.28999999165534973,0.2849999964237213,0.28999999165534973,88300,0.0,0.0
2022-11-07 10:00:00+08:00,0.28999999165534973,0.28999999165534973,0.2849999964237213,0.28999999165534973,187800,0.0,0.0
2022-11-07 11:00:00+08:00,0.28999999165534973,0.28999999165534973,0.2849999964237213,0.28999999165534973,66300,0.0,0.0
2022-11-07 12:00:00+08:00,0.28999999165534973,0.28999999165534973,0.28999999165534973,0.28999999165534973,28100,0.0,0.0
2022-11-07 13:00:00+08:00,0.28999999165534973,0.28999999165534973,0.2849999964237213,0.2849999964237213,67200,0.0,0.0
2022-11-07 14:00:00+08:00,0.2849999964237213,0.28999999165534973,0.2849999964237213,0.28999999165534973,34800,0.0,0.0
2022-11-07 15:00:00+08:00,0.28999999165534973,0.28999999165534973,0.2849999964237213,0.2849999964237213,97600,0.0,0.0
2022-11-07 16:00:00+08:00,0.2849999964237213,0.28999999165534973,0.2849999964237213,0.28999999165534973,135800,0.0,0.0
2022-11-08 09:00:00+08:00,0.28999999165534973,0.29499998688697815,0.28999999165534973,0.29499998688697815,5527400,0.0,0.0
2022-11-08 10:00:00+08:00,0.29499998688697815,0.29499998688697815,0.28999999165534973,0.29499998688697815,1169300,0.0,0.0
2022-11-08 11:00:00+08:00,0.29499998688697815,0.29499998688697815,0.28999999165534973,0.28999999165534973,65300,0.0,0.0
2022-11-08 12:00:00+08:00,0.28999999165534973,0.29499998688697815,0.28999999165534973,0.29499998688697815,10000,0.0,0.0
2022-11-08 13:00:00+08:00,0.29499998688697815,0.29499998688697815,0.28999999165534973,0.29499998688697815,165500,0.0,0.0
2022-11-08 14:00:00+08:00,0.29499998688697815,0.29499998688697815,0.2849999964237213,0.28999999165534973,4591700,0.0,0.0
2022-11-08 15:00:00+08:00,0.28999999165534973,0.28999999165534973,0.2849999964237213,0.28999999165534973,367600,0.0,0.0
2022-11-08 16:00:00+08:00,0.28999999165534973,0.28999999165534973,0.2849999964237213,0.28999999165534973,175700,0.0,0.0
2022-11-09 09:00:00+08:00,0.2849999964237213,0.28999999165534973,0.2800000011920929,0.2849999964237213,8062400,0.0,0.0
2022-11-09 10:00:00+08:00,0.2849999964237213,0.28999999165534973,0.2849999964237213,0.28999999165534973,69300,0.0,0.0
2022-11-09 11:00:00+08:00,0.28999999165534973,0.28999999165534973,0.2849999964237213,0.2849999964237213,262200,0.0,0.0
2022-11-09 12:00:00+08:00,0.2849999964237213,0.28999999165534973,0.2849999964237213,0.28999999165534973,59700,0.0,0.0
2022-11-09 13:00:00+08:00,0.28999999165534973,0.28999999165534973,0.2849999964237213,0.28999999165534973,100100,0.0,0.0
2022-11-09 14:00:00+08:00,0.28999999165534973,0.28999999165534973,0.2849999964237213,0.28999999165534973,509000,0.0,0.0
2022-11-09 15:00:00+08:00,0.28999999165534973,0.28999999165534973,0.2849999964237213,0.28999999165534973,620300,0.0,0.0
2022-11-09 16:00:00+08:00,0.28999999165534973,0.28999999165534973,0.2849999964237213,0.28999999165534973,896600,0.0,0.0
2022-11-10 09:00:00+08:00,0.28999999165534973,0.28999999165534973,0.2849999964237213,0.28999999165534973,164100,0.0,0.0
2022-11-10 10:00:00+08:00,0.28999999165534973,0.28999999165534973,0.2849999964237213,0.28999999165534973,319800,0.0,0.0
2022-11-10 11:00:00+08:00,0.28999999165534973,0.28999999165534973,0.2849999964237213,0.28999999165534973,138200,0.0,0.0
2022-11-10 13:00:00+08:00,0.2849999964237213,0.28999999165534973,0.2849999964237213,0.28999999165534973,759800,0.0,0.0
2022-11-10 14:00:00+08:00,0.28999999165534973,0.28999999165534973,0.2849999964237213,0.28999999165534973,50600,0.0,0.0
2022-11-10 15:00:00+08:00,0.28999999165534973,0.28999999165534973,0.2849999964237213,0.2849999964237213,450700,0.0,0.0
2022-11-10 16:00:00+08:00,0.2849999964237213,0.28999999165534973,0.2849999964237213,0.2849999964237213,307900,0.0,0.0
2022-11-11 09:00:00+08:00,0.28999999165534973,0.28999999165534973,0.2849999964237213,0.2849999964237213,1880900,0.0,0.0
2022-11-11 10:00:00+08:00,0.2849999964237213,0.28999999165534973,0.2800000011920929,0.2800000011920929,5682000,0.0,0.0
2022-11-11 11:00:00+08:00,0.2800000011920929,0.2849999964237213,0.2800000011920929,0.2800000011920929,1903700,0.0,0.0
2022-11-11 12:00:00+08:00,0.2800000011920929,0.2800000011920929,0.2800000011920929,0.2800000011920929,51300,0.0,0.0
2022-11-11 13:00:00+08:00,0.2800000011920929,0.2849999964237213,0.2800000011920929,0.2800000011920929,730500,0.0,0.0
2022-11-11 14:00:00+08:00,0.2800000011920929,0.2849999964237213,0.2800000011920929,0.2800000011920929,652800,0.0,0.0
2022-11-11 15:00:00+08:00,0.2800000011920929,0.2849999964237213,0.27000001072883606,0.27000001072883606,13806200,0.0,0.0
2022-11-11 16:00:00+08:00,0.27000001072883606,0.2800000011920929,0.27000001072883606,0.2750000059604645,10889200,0.0,0.0
2022-11-14 09:00:00+08:00,0.2800000011920929,0.2849999964237213,0.2750000059604645,0.2800000011920929,3854300,0.0,0.0
2022-11-14 10:00:00+08:00,0.2800000011920929,0.2800000011920929,0.2750000059604645,0.2750000059604645,1894100,0.0,0.0
2022-11-14 11:00:00+08:00,0.2750000059604645,0.2800000011920929,0.27000001072883606,0.2750000059604645,6232100,0.0,0.0
2022-11-14 12:00:00+08:00,0.2750000059604645,0.2750000059604645,0.27000001072883606,0.27000001072883606,1743500,0.0,0.0
2022-11-14 13:00:00+08:00,0.27000001072883606,0.2800000011920929,0.27000001072883606,0.2800000011920929,2778000,0.0,0.0
2022-11-14 14:00:00+08:00,0.2800000011920929,0.2800000011920929,0.2750000059604645,0.2800000011920929,667900,0.0,0.0
2022-11-14 15:00:00+08:00,0.2800000011920929,0.2800000011920929,0.2750000059604645,0.2800000011920929,1098100,0.0,0.0
2022-11-14 16:00:00+08:00,0.2800000011920929,0.2849999964237213,0.2750000059604645,0.2849999964237213,7736500,0.0,0.0
2022-11-15 09:00:00+08:00,0.2849999964237213,0.28999999165534973,0.2849999964237213,0.2849999964237213,24184400,0.0,0.0
2022-11-15 10:00:00+08:00,0.2849999964237213,0.28999999165534973,0.2849999964237213,0.28999999165534973,1219800,0.0,0.0
2022-11-15 11:00:00+08:00,0.28999999165534973,0.28999999165534973,0.2849999964237213,0.2849999964237213,2355600,0.0,0.0
2022-11-15 12:00:00+08:00,0.2849999964237213,0.2849999964237213,0.2849999964237213,0.2849999964237213,375600,0.0,0.0
2022-11-15 13:00:00+08:00,0.2849999964237213,0.28999999165534973,0.2849999964237213,0.2849999964237213,4829000,0.0,0.0
2022-11-15 14:00:00+08:00,0.2849999964237213,0.28999999165534973,0.2849999964237213,0.2849999964237213,2166700,0.0,0.0
2022-11-15 15:00:00+08:00,0.2849999964237213,0.28999999165534973,0.2849999964237213,0.2849999964237213,2646000,0.0,0.0
2022-11-15 16:00:00+08:00,0.2849999964237213,0.28999999165534973,0.2849999964237213,0.2849999964237213,6997400,0.0,0.0
2022-11-16 09:00:00+08:00,0.2800000011920929,0.2849999964237213,0.2800000011920929,0.2800000011920929,590100,0.0,0.0
2022-11-16 10:00:00+08:00,0.2800000011920929,0.28999999165534973,0.2800000011920929,0.28999999165534973,18052200,0.0,0.0
2022-11-16 11:00:00+08:00,0.28999999165534973,0.28999999165534973,0.2800000011920929,0.2800000011920929,4550800,0.0,0.0
2022-11-16 12:00:00+08:00,0.2800000011920929,0.2849999964237213,0.2800000011920929,0.2849999964237213,199800,0.0,0.0
2022-11-16 13:00:00+08:00,0.2849999964237213,0.28999999165534973,0.2800000011920929,0.28999999165534973,3726500,0.0,0.0
2022-11-16 14:00:00+08:00,0.28999999165534973,0.28999999165534973,0.2849999964237213,0.2849999964237213,5559900,0.0,0.0
2022-11-16 15:00:00+08:00,0.2849999964237213,0.28999999165534973,0.2849999964237213,0.2849999964237213,2052800,0.0,0.0
2022-11-16 16:00:00+08:00,0.2849999964237213,0.28999999165534973,0.2800000011920929,0.2849999964237213,5511200,0.0,0.0
2022-11-17 09:00:00+08:00,0.2849999964237213,0.28999999165534973,0.2800000011920929,0.28999999165534973,7162200,0.0,0.0
2022-11-17 10:00:00+08:00,0.28999999165534973,0.28999999165534973,0.2800000011920929,0.28999999165534973,10196300,0.0,0.0
2022-11-17 11:00:00+08:00,0.28999999165534973,0.28999999165534973,0.2800000011920929,0.2849999964237213,6707100,0.0,0.0
2022-11-17 12:00:00+08:00,0.2849999964237213,0.2849999964237213,0.2849999964237213,0.2849999964237213,17400,0.0,0.0
2022-11-17 13:00:00+08:00,0.2849999964237213,0.2849999964237213,0.2800000011920929,0.2800000011920929,642900,0.0,0.0
2022-11-17 14:00:00+08:00,0.2800000011920929,0.2849999964237213,0.2800000011920929,0.2849999964237213,820900,0.0,0.0
2022-11-17 15:00:00+08:00,0.2849999964237213,0.2849999964237213,0.2800000011920929,0.2849999964237213,1256100,0.0,0.0
2022-11-17 16:00:00+08:00,0.2849999964237213,0.2849999964237213,0.2800000011920929,0.2849999964237213,2387800,0.0,0.0
2022-11-18 09:00:00+08:00,0.2849999964237213,0.28999999165534973,0.2849999964237213,0.2849999964237213,1220500,0.0,0.0
2022-11-18 10:00:00+08:00,0.2849999964237213,0.28999999165534973,0.2849999964237213,0.2849999964237213,703100,0.0,0.0
2022-11-18 11:00:00+08:00,0.2849999964237213,0.28999999165534973,0.2849999964237213,0.28999999165534973,720300,0.0,0.0
2022-11-18 12:00:00+08:00,0.28999999165534973,0.28999999165534973,0.2849999964237213,0.2849999964237213,174200,0.0,0.0
2022-11-18 13:00:00+08:00,0.2849999964237213,0.28999999165534973,0.2800000011920929,0.28999999165534973,6212300,0.0,0.0
2022-11-18 14:00:00+08:00,0.28999999165534973,0.28999999165534973,0.2849999964237213,0.2849999964237213,877700,0.0,0.0
2022-11-18 15:00:00+08:00,0.2849999964237213,0.28999999165534973,0.2849999964237213,0.2849999964237213,816600,0.0,0.0
2022-11-18 16:00:00+08:00,0.2849999964237213,0.28999999165534973,0.2849999964237213,0.2849999964237213,4278700,0.0,0.0
2022-11-21 09:00:00+08:00,0.2849999964237213,0.28999999165534973,0.2849999964237213,0.2849999964237213,1534100,0.0,0.0
2022-11-21 10:00:00+08:00,0.2849999964237213,0.28999999165534973,0.2800000011920929,0.28999999165534973,8528800,0.0,0.0
2022-11-21 11:00:00+08:00,0.28999999165534973,0.28999999165534973,0.2849999964237213,0.2849999964237213,1418300,0.0,0.0
2022-11-21 12:00:00+08:00,0.2849999964237213,0.28999999165534973,0.2849999964237213,0.28999999165534973,174200,0.0,0.0
2022-11-21 13:00:00+08:00,0.28999999165534973,0.28999999165534973,0.2849999964237213,0.2849999964237213,266800,0.0,0.0
2022-11-21 14:00:00+08:00,0.2849999964237213,0.28999999165534973,0.2849999964237213,0.2849999964237213,1085000,0.0,0.0
2022-11-21 15:00:00+08:00,0.2849999964237213,0.28999999165534973,0.2849999964237213,0.2849999964237213,2039200,0.0,0.0
2022-11-21 16:00:00+08:00,0.2849999964237213,0.28999999165534973,0.2800000011920929,0.2849999964237213,15037200,0.0,0.0
2022-11-22 09:00:00+08:00,0.28999999165534973,0.28999999165534973,0.2849999964237213,0.28999999165534973,968600,0.0,0.0
2022-11-22 10:00:00+08:00,0.2849999964237213,0.28999999165534973,0.2849999964237213,0.28999999165534973,2944900,0.0,0.0
2022-11-22 11:00:00+08:00,0.28999999165534973,0.28999999165534973,0.2849999964237213,0.2849999964237213,5418500,0.0,0.0
2022-11-22 12:00:00+08:00,0.2849999964237213,0.28999999165534973,0.2849999964237213,0.28999999165534973,984100,0.0,0.0
2022-11-22 13:00:00+08:00,0.28999999165534973,0.28999999165534973,0.2849999964237213,0.2849999964237213,3103200,0.0,0.0
2022-11-22 14:00:00+08:00,0.2849999964237213,0.28999999165534973,0.2800000011920929,0.2800000011920929,14801700,0.0,0.0
2022-11-22 15:00:00+08:00,0.2800000011920929,0.2849999964237213,0.2800000011920929,0.2849999964237213,3030600,0.0,0.0
2022-11-22 16:00:00+08:00,0.2849999964237213,0.2849999964237213,0.2800000011920929,0.2800000011920929,8154000,0.0,0.0
2022-11-23 09:00:00+08:00,0.2849999964237213,0.2849999964237213,0.2750000059604645,0.2750000059604645,5519100,0.0,0.0
2022-11-23 10:00:00+08:00,0.2750000059604645,0.2849999964237213,0.2750000059604645,0.2849999964237213,6981100,0.0,0.0
2022-11-23 11:00:00+08:00,0.2849999964237213,0.2849999964237213,0.2800000011920929,0.2849999964237213,2144500,0.0,0.0
2022-11-23 12:00:00+08:00,0.2849999964237213,0.2849999964237213,0.2849999964237213,0.2849999964237213,282000,0.0,0.0
2022-11-23 13:00:00+08:00,0.2849999964237213,0.2849999964237213,0.2800000011920929,0.2849999964237213,1197500,0.0,0.0
2022-11-23 14:00:00+08:00,0.2849999964237213,0.2849999964237213,0.2800000011920929,0.2849999964237213,2262300,0.0,0.0
2022-11-23 15:00:00+08:00,0.2849999964237213,0.2849999964237213,0.2800000011920929,0.2849999964237213,2802400,0.0,0.0
2022-11-23 16:00:00+08:00,0.2849999964237213,0.2849999964237213,0.2800000011920929,0.2849999964237213,7541600,0.0,0.0
2022-11-24 09:00:00+08:00,0.2849999964237213,0.2849999964237213,0.2800000011920929,0.2800000011920929,2241300,0.0,0.0
2022-11-24 10:00:00+08:00,0.2800000011920929,0.2849999964237213,0.2800000011920929,0.2800000011920929,965500,0.0,0.0
2022-11-24 11:00:00+08:00,0.2800000011920929,0.2849999964237213,0.2800000011920929,0.2849999964237213,810800,0.0,0.0
2022-11-24 12:00:00+08:00,0.2849999964237213,0.2849999964237213,0.2849999964237213,0.2849999964237213,117500,0.0,0.0
2022-11-24 13:00:00+08:00,0.2849999964237213,0.2849999964237213,0.2800000011920929,0.2800000011920929,709000,0.0,0.0
2022-11-24 14:00:00+08:00,0.2800000011920929,0.2849999964237213,0.2800000011920929,0.2800000011920929,456900,0.0,0.0
2022-11-24 15:00:00+08:00,0.2800000011920929,0.2849999964237213,0.2800000011920929,0.2800000011920929,687400,0.0,0.0
2022-11-24 16:00:00+08:00,0.2800000011920929,0.2849999964237213,0.2800000011920929,0.2849999964237213,1636500,0.0,0.0
2022-11-25 09:00:00+08:00,0.2849999964237213,0.28999999165534973,0.2800000011920929,0.28999999165534973,12205300,0.0,0.0
2022-11-25 10:00:00+08:00,0.28999999165534973,0.28999999165534973,0.2849999964237213,0.28999999165534973,1048600,0.0,0.0
2022-11-25 11:00:00+08:00,0.28999999165534973,0.28999999165534973,0.2849999964237213,0.2849999964237213,1180200,0.0,0.0
2022-11-25 12:00:00+08:00,0.2849999964237213,0.28999999165534973,0.2849999964237213,0.28999999165534973,364000,0.0,0.0
2022-11-25 13:00:00+08:00,0.28999999165534973,0.28999999165534973,0.2849999964237213,0.2849999964237213,190000,0.0,0.0
2022-11-25 14:00:00+08:00,0.2849999964237213,0.28999999165534973,0.2849999964237213,0.28999999165534973,458300,0.0,0.0
2022-11-25 15:00:00+08:00,0.28999999165534973,0.28999999165534973,0.2849999964237213,0.28999999165534973,639000,0.0,0.0
2022-11-25 16:00:00+08:00,0.28999999165534973,0.28999999165534973,0.2849999964237213,0.2849999964237213,11655500,0.0,0.0
2022-11-28 09:00:00+08:00,0.2800000011920929,0.2849999964237213,0.2800000011920929,0.2800000011920929,1232200,0.0,0.0
2022-11-28 10:00:00+08:00,0.2800000011920929,0.2849999964237213,0.2800000011920929,0.2800000011920929,1034100,0.0,0.0
2022-11-28 11:00:00+08:00,0.2800000011920929,0.2849999964237213,0.2800000011920929,0.2800000011920929,1498100,0.0,0.0
2022-11-28 12:00:00+08:00,0.2800000011920929,0.2800000011920929,0.2800000011920929,0.2800000011920929,128100,0.0,0.0
2022-11-28 13:00:00+08:00,0.2800000011920929,0.2849999964237213,0.2800000011920929,0.2800000011920929,714600,0.0,0.0
2022-11-28 14:00:00+08:00,0.2800000011920929,0.2849999964237213,0.2800000011920929,0.2849999964237213,803000,0.0,0.0
2022-11-28 15:00:00+08:00,0.2849999964237213,0.2849999964237213,0.2800000011920929,0.2800000011920929,1474700,0.0,0.0
2022-11-28 16:00:00+08:00,0.2800000011920929,0.2849999964237213,0.2800000011920929,0.2800000011920929,2222200,0.0,0.0
2022-11-29 09:00:00+08:00,0.2849999964237213,0.28999999165534973,0.2800000011920929,0.2849999964237213,6425500,0.0,0.0
2022-11-29 10:00:00+08:00,0.2849999964237213,0.28999999165534973,0.2849999964237213,0.28999999165534973,1653300,0.0,0.0
2022-11-29 11:00:00+08:00,0.28999999165534973,0.28999999165534973,0.2849999964237213,0.2849999964237213,2278600,0.0,0.0
2022-11-29 12:00:00+08:00,0.2849999964237213,0.2849999964237213,0.2849999964237213,0.2849999964237213,622300,0.0,0.0
2022-11-29 13:00:00+08:00,0.2849999964237213,0.28999999165534973,0.2849999964237213,0.2849999964237213,543900,0.0,0.0
2022-11-29 14:00:00+08:00,0.2849999964237213,0.28999999165534973,0.2800000011920929,0.28999999165534973,12456600,0.0,0.0
2022-11-29 15:00:00+08:00,0.28999999165534973,0.28999999165534973,0.2849999964237213,0.28999999165534973,1155600,0.0,0.0
2022-11-29 16:00:00+08:00,0.28999999165534973,0.28999999165534973,0.2849999964237213,0.2849999964237213,2699000,0.0,0.0
2022-11-30 09:00:00+08:00,0.28999999165534973,0.28999999165534973,0.2849999964237213,0.28999999165534973,657800,0.0,0.0
2022-11-30 10:00:00+08:00,0.28999999165534973,0.28999999165534973,0.2849999964237213,0.2849999964237213,2908200,0.0,0.0
2022-11-30 11:00:00+08:00,0.2849999964237213,0.28999999165534973,0.2849999964237213,0.2849999964237213,4096800,0.0,0.0
2022-11-30 12:00:00+08:00,0.2849999964237213,0.2849999964237213,0.2849999964237213,0.2849999964237213,613400,0.0,0.0
2022-11-30 13:00:00+08:00,0.2849999964237213,0.28999999165534973,0.2849999964237213,0.28999999165534973,668600,0.0,0.0
2022-11-30 14:00:00+08:00,0.28999999165534973,0.28999999165534973,0.2849999964237213,0.28999999165534973,1616400,0.0,0.0
2022-11-30 15:00:00+08:00,0.28999999165534973,0.28999999165534973,0.2849999964237213,0.28999999165534973,2954700,0.0,0.0
2022-11-30 16:00:00+08:00,0.28999999165534973,0.28999999165534973,0.2849999964237213,0.28999999165534973,7226900,0.0,0.0
2022-12-01 09:00:00+08:00,0.28999999165534973,0.29499998688697815,0.2849999964237213,0.2849999964237213,6888900,0.0,0.0
2022-12-01 10:00:00+08:00,0.2849999964237213,0.28999999165534973,0.2849999964237213,0.28999999165534973,2022300,0.0,0.0
2022-12-01 11:00:00+08:00,0.28999999165534973,0.28999999165534973,0.2849999964237213,0.2849999964237213,2293200,0.0,0.0
2022-12-01 12:00:00+08:00,0.2849999964237213,0.28999999165534973,0.2849999964237213,0.28999999165534973,748500,0.0,0.0
2022-12-01 13:00:00+08:00,0.28999999165534973,0.28999999165534973,0.2849999964237213,0.2849999964237213,2356100,0.0,0.0
2022-12-01 14:00:00+08:00,0.2849999964237213,0.28999999165534973,0.2849999964237213,0.2849999964237213,1766400,0.0,0.0
2022-12-01 15:00:00+08:00,0.2849999964237213,0.28999999165534973,0.2849999964237213,0.2849999964237213,1660900,0.0,0.0
2022-12-01 16:00:00+08:00,0.2849999964237213,0.28999999165534973,0.2849999964237213,0.28999999165534973,0,0.0,0.0
2022-12-02 09:00:00+08:00,0.28999999165534973,0.29499998688697815,0.2849999964237213,0.29499998688697815,10788700,0.0,0.0
2022-12-02 10:00:00+08:00,0.29499998688697815,0.29499998688697815,0.28999999165534973,0.28999999165534973,2317300,0.0,0.0
2022-12-02 11:00:00+08:00,0.28999999165534973,0.29499998688697815,0.28999999165534973,0.28999999165534973,2180200,0.0,0.0
2022-12-02 12:00:00+08:00,0.28999999165534973,0.28999999165534973,0.28999999165534973,0.28999999165534973,195600,0.0,0.0
2022-12-02 13:00:00+08:00,0.28999999165534973,0.29499998688697815,0.2849999964237213,0.2849999964237213,5592700,0.0,0.0
2022-12-02 14:00:00+08:00,0.2849999964237213,0.28999999165534973,0.2849999964237213,0.28999999165534973,1220800,0.0,0.0
2022-12-02 15:00:00+08:00,0.28999999165534973,0.28999999165534973,0.2849999964237213,0.2849999964237213,1293000,0.0,0.0
2022-12-02 16:00:00+08:00,0.2849999964237213,0.28999999165534973,0.2849999964237213,0.2849999964237213,2378400,0.0,0.0
2022-12-05 09:00:00+08:00,0.28999999165534973,0.29499998688697815,0.2849999964237213,0.2849999964237213,3493000,0.0,0.0
2022-12-05 10:00:00+08:00,0.2849999964237213,0.28999999165534973,0.2849999964237213,0.2849999964237213,1053500,0.0,0.0
2022-12-05 11:00:00+08:00,0.2849999964237213,0.28999999165534973,0.2849999964237213,0.2849999964237213,994500,0.0,0.0
2022-12-05 12:00:00+08:00,0.2849999964237213,0.2849999964237213,0.2849999964237213,0.2849999964237213,559100,0.0,0.0
2022-12-05 13:00:00+08:00,0.2849999964237213,0.28999999165534973,0.2849999964237213,0.2849999964237213,823800,0.0,0.0
2022-12-05 14:00:00+08:00,0.2849999964237213,0.28999999165534973,0.2800000011920929,0.2800000011920929,10287900,0.0,0.0
2022-12-05 15:00:00+08:00,0.2800000011920929,0.2849999964237213,0.2800000011920929,0.2800000011920929,2045900,0.0,0.0
2022-12-05 16:00:00+08:00,0.2800000011920929,0.2849999964237213,0.2800000011920929,0.2800000011920929,4464000,0.0,0.0
2022-12-06 09:00:00+08:00,0.2849999964237213,0.28999999165534973,0.2849999964237213,0.2849999964237213,10647200,0.0,0.0
2022-12-06 10:00:00+08:00,0.2849999964237213,0.28999999165534973,0.2800000011920929,0.2800000011920929,3236900,0.0,0.0
2022-12-06 11:00:00+08:00,0.2800000011920929,0.2849999964237213,0.2800000011920929,0.2800000011920929,998700,0.0,0.0
2022-12-06 12:00:00+08:00,0.2800000011920929,0.2800000011920929,0.2800000011920929,0.2800000011920929,253000,0.0,0.0
2022-12-06 13:00:00+08:00,0.2800000011920929,0.2849999964237213,0.2800000011920929,0.2800000011920929,1194900,0.0,0.0
2022-12-06 14:00:00+08:00,0.2800000011920929,0.2849999964237213,0.2800000011920929,0.2800000011920929,1382000,0.0,0.0
2022-12-06 15:00:00+08:00,0.2800000011920929,0.2849999964237213,0.2800000011920929,0.2800000011920929,2290100,0.0,0.0
2022-12-06 16:00:00+08:00,0.2800000011920929,0.2849999964237213,0.2800000011920929,0.2800000011920929,3279600,0.0,0.0
2022-12-07 09:00:00+08:00,0.2800000011920929,0.2800000011920929,0.27000001072883606,0.27000001072883606,18119700,0.0,0.0
2022-12-07 10:00:00+08:00,0.27000001072883606,0.2750000059604645,0.27000001072883606,0.2750000059604645,10252300,0.0,0.0
2022-12-07 11:00:00+08:00,0.2750000059604645,0.2750000059604645,0.27000001072883606,0.2750000059604645,1675800,0.0,0.0
2022-12-07 12:00:00+08:00,0.2750000059604645,0.2750000059604645,0.2750000059604645,0.2750000059604645,568900,0.0,0.0
2022-12-07 13:00:00+08:00,0.2750000059604645,0.2750000059604645,0.27000001072883606,0.2750000059604645,543200,0.0,0.0
2022-12-07 14:00:00+08:00,0.2750000059604645,0.2750000059604645,0.27000001072883606,0.27000001072883606,1925800,0.0,0.0
2022-12-07 15:00:00+08:00,0.27000001072883606,0.2750000059604645,0.26499998569488525,0.27000001072883606,8316900,0.0,0.0
2022-12-07 16:00:00+08:00,0.27000001072883606,0.27000001072883606,0.26499998569488525,0.26499998569488525,4816400,0.0,0.0
2022-12-08 09:00:00+08:00,0.26499998569488525,0.27000001072883606,0.25999999046325684,0.26499998569488525,6534600,0.0,0.0
2022-12-08 10:00:00+08:00,0.26499998569488525,0.26499998569488525,0.25999999046325684,0.25999999046325684,2717000,0.0,0.0
2022-12-08 11:00:00+08:00,0.25999999046325684,0.26499998569488525,0.25999999046325684,0.25999999046325684,1097300,0.0,0.0
2022-12-08 12:00:00+08:00,0.25999999046325684,0.26499998569488525,0.25999999046325684,0.26499998569488525,164700,0.0,0.0
2022-12-08 13:00:00+08:00,0.26499998569488525,0.26499998569488525,0.25999999046325684,0.25999999046325684,634400,0.0,0.0
2022-12-08 14:00:00+08:00,0.25999999046325684,0.26499998569488525,0.25999999046325684,0.25999999046325684,2171200,0.0,0.0
2022-12-08 15:00:00+08:00,0.25999999046325684,0.26499998569488525,0.25999999046325684,0.26499998569488525,922900,0.0,0.0
2022-12-08 16:00:00+08:00,0.26499998569488525,0.26499998569488525,0.25999999046325684,0.26499998569488525,2612300,0.0,0.0
2022-12-09 09:00:00+08:00,0.26499998569488525,0.26499998569488525,0.25,0.2549999952316284,18855400,0.0,0.0
2022-12-09 10:00:00+08:00,0.2549999952316284,0.25999999046325684,0.2549999952316284,0.25999999046325684,3074900,0.0,0.0
2022-12-09 11:00:00+08:00,0.25999999046325684,0.25999999046325684,0.2549999952316284,0.2549999952316284,1439200,0.0,0.0
2022-12-09 12:00:00+08:00,0.2549999952316284,0.2549999952316284,0.2549999952316284,0.2549999952316284,282000,0.0,0.0
2022-12-09 13:00:00+08:00,0.2549999952316284,0.25999999046325684,0.2549999952316284,0.2549999952316284,995400,0.0,0.0
2022-12-09 14:00:00+08:00,0.2549999952316284,0.25999999046325684,0.2549999952316284,0.2549999952316284,1201500,0.0,0.0
2022-12-09 15:00:00+08:00,0.2549999952316284,0.25999999046325684,0.2549999952316284,0.25999999046325684,1663400,0.0,0.0
2022-12-09 16:00:00+08:00,0.25999999046325684,0.25999999046325684,0.2549999952316284,0.25999999046325684,4458500,0.0,0.0
2022-12-12 09:00:00+08:00,0.25999999046325684,0.26499998569488525,0.2549999952316284,0.26499998569488525,31432500,0.0,0.0
2022-12-12 10:00:00+08:00,0.26499998569488525,0.26499998569488525,0.25999999046325684,0.26499998569488525,1187200,0.0,0.0
2022-12-12 11:00:00+08:00,0.26499998569488525,0.26499998569488525,0.25999999046325684,0.25999999046325684,2849400,0.0,0.0
2022-12-12 12:00:00+08:00,0.25999999046325684,0.25999999046325684,0.25999999046325684,0.25999999046325684,810900,0.0,0.0
2022-12-12 13:00:00+08:00,0.25999999046325684,0.26499998569488525,0.25999999046325684,0.25999999046325684,848700,0.0,0.0
2022-12-12 14:00:00+08:00,0.25999999046325684,0.26499998569488525,0.25999999046325684,0.25999999046325684,1223700,0.0,0.0
2022-12-12 15:00:00+08:00,0.25999999046325684,0.26499998569488525,0.25999999046325684,0.25999999046325684,1920500,0.0,0.0
2022-12-12 16:00:00+08:00,0.25999999046325684,0.26499998569488525,0.2549999952316284,0.25999999046325684,7860500,0.0,0.0
2022-12-13 09:00:00+08:00,0.26499998569488525,0.26499998569488525,0.25,0.2549999952316284,19611700,0.0,0.0
2022-12-13 10:00:00+08:00,0.2549999952316284,0.25999999046325684,0.2549999952316284,0.2549999952316284,477600,0.0,0.0
2022-12-13 11:00:00+08:00,0.2549999952316284,0.25999999046325684,0.2549999952316284,0.2549999952316284,1387300,0.0,0.0
2022-12-13 12:00:00+08:00,0.2549999952316284,0.2549999952316284,0.2549999952316284,0.2549999952316284,665200,0.0,0.0
2022-12-13 13:00:00+08:00,0.2549999952316284,0.25999999046325684,0.2549999952316284,0.2549999952316284,970300,0.0,0.0
2022-12-13 14:00:00+08:00,0.2549999952316284,0.25999999046325684,0.2549999952316284,0.25999999046325684,1386500,0.0,0.0
2022-12-13 15:00:00+08:00,0.25999999046325684,0.25999999046325684,0.25,0.25999999046325684,12709600,0.0,0.0
2022-12-13 16:00:00+08:00,0.25999999046325684,0.25999999046325684,0.2549999952316284,0.2549999952316284,2099000,0.0,0.0
2022-12-14 09:00:00+08:00,0.2549999952316284,0.25999999046325684,0.25,0.25,8671000,0.0,0.0
2022-12-14 10:00:00+08:00,0.25,0.25999999046325684,0.25,0.25999999046325684,9354400,0.0,0.0
2022-12-14 11:00:00+08:00,0.25999999046325684,0.25999999046325684,0.2549999952316284,0.25999999046325684,2590100,0.0,0.0
2022-12-14 12:00:00+08:00,0.25999999046325684,0.25999999046325684,0.25999999046325684,0.25999999046325684,372300,0.0,0.0
2022-12-14 13:00:00+08:00,0.25999999046325684,0.25999999046325684,0.2549999952316284,0.25999999046325684,836500,0.0,0.0
2022-12-14 14:00:00+08:00,0.25999999046325684,0.25999999046325684,0.2549999952316284,0.2549999952316284,1662900,0.0,0.0
2022-12-14 15:00:00+08:00,0.2549999952316284,0.25999999046325684,0.25,0.25,6108400,0.0,0.0
2022-12-14 16:00:00+08:00,0.25,0.25999999046325684,0.25,0.2549999952316284,10962300,0.0,0.0
2022-12-15 09:00:00+08:00,0.25999999046325684,0.25999999046325684,0.25,0.2549999952316284,4536600,0.0,0.0
2022-12-15 10:00:00+08:00,0.2549999952316284,0.2549999952316284,0.25,0.2549999952316284,1419900,0.0,0.0
2022-12-15 11:00:00+08:00,0.2549999952316284,0.2549999952316284,0.25,0.25,2099500,0.0,0.0
2022-12-15 12:00:00+08:00,0.25,0.2549999952316284,0.25,0.2549999952316284,761600,0.0,0.0
2022-12-15 13:00:00+08:00,0.2549999952316284,0.2549999952316284,0.25,0.2549999952316284,770300,0.0,0.0
2022-12-15 14:00:00+08:00,0.2549999952316284,0.2549999952316284,0.25,0.2549999952316284,2459600,0.0,0.0
2022-12-15 15:00:00+08:00,0.2549999952316284,0.2549999952316284,0.25,0.2549999952316284,4876900,0.0,0.0
2022-12-15 16:00:00+08:00,0.2549999952316284,0.2549999952316284,0.25,0.25,5673300,0.0,0.0
2022-12-16 09:00:00+08:00,0.25,0.2549999952316284,0.24500000476837158,0.25,5160600,0.0,0.0
2022-12-16 10:00:00+08:00,0.25,0.2549999952316284,0.25,0.25,3130500,0.0,0.0
2022-12-16 11:00:00+08:00,0.25,0.2549999952316284,0.25,0.2549999952316284,8845000,0.0,0.0
2022-12-16 12:00:00+08:00,0.2549999952316284,0.2549999952316284,0.2549999952316284,0.2549999952316284,379400,0.0,0.0
2022-12-16 13:00:00+08:00,0.2549999952316284,0.2549999952316284,0.25,0.2549999952316284,2158200,0.0,0.0
2022-12-16 14:00:00+08:00,0.25,0.2549999952316284,0.25,0.2549999952316284,2646700,0.0,0.0
2022-12-16 15:00:00+08:00,0.2549999952316284,0.2549999952316284,0.25,0.2549999952316284,5264700,0.0,0.0
2022-12-16 16:00:00+08:00,0.2549999952316284,0.2549999952316284,0.24500000476837158,0.24500000476837158,24440500,0.0,0.0
2022-12-19 09:00:00+08:00,0.24500000476837158,0.25,0.24500000476837158,0.24500000476837158,2557100,0.0,0.0
2022-12-19 10:00:00+08:00,0.24500000476837158,0.2549999952316284,0.24500000476837158,0.2549999952316284,5129200,0.0,0.0
2022-12-19 11:00:00+08:00,0.2549999952316284,0.2549999952316284,0.25,0.25,2062800,0.0,0.0
2022-12-19 12:00:00+08:00,0.25,0.2549999952316284,0.25,0.2549999952316284,269700,0.0,0.0
2022-12-19 13:00:00+08:00,0.2549999952316284,0.25999999046325684,0.25,0.2549999952316284,10241100,0.0,0.0
2022-12-19 14:00:00+08:00,0.2549999952316284,0.2549999952316284,0.25,0.25,238600,0.0,0.0
2022-12-19 15:00:00+08:00,0.25,0.2549999952316284,0.25,0.25,1268700,0.0,0.0
2022-12-19 16:00:00+08:00,0.25,0.2549999952316284,0.25,0.2549999952316284,2532600,0.0,0.0
2022-12-20 09:00:00+08:00,0.2549999952316284,0.25999999046325684,0.25,0.2549999952316284,5532400,0.0,0.0
2022-12-20 10:00:00+08:00,0.2549999952316284,0.25999999046325684,0.2549999952316284,0.25999999046325684,2133800,0.0,0.0
2022-12-20 11:00:00+08:00,0.25999999046325684,0.25999999046325684,0.2549999952316284,0.2549999952316284,2121600,0.0,0.0
2022-12-20 12:00:00+08:00,0.2549999952316284,0.2549999952316284,0.2549999952316284,0.2549999952316284,300200,0.0,0.0
2022-12-20 13:00:00+08:00,0.2549999952316284,0.25999999046325684,0.2549999952316284,0.2549999952316284,2781800,0.0,0.0
2022-12-20 14:00:00+08:00,0.2549999952316284,0.25999999046325684,0.2549999952316284,0.2549999952316284,1938400,0.0,0.0
2022-12-20 15:00:00+08:00,0.2549999952316284,0.25999999046325684,0.2549999952316284,0.2549999952316284,2613700,0.0,0.0
2022-12-20 16:00:00+08:00,0.2549999952316284,0.25999999046325684,0.2549999952316284,0.2549999952316284,4900300,0.0,0.0
2022-12-21 09:00:00+08:00,0.25,0.2549999952316284,0.24500000476837158,0.24500000476837158,14404400,0.0,0.0
2022-12-21 10:00:00+08:00,0.24500000476837158,0.25,0.24500000476837158,0.24500000476837158,1230700,0.0,0.0
2022-12-21 11:00:00+08:00,0.24500000476837158,0.25,0.24500000476837158,0.24500000476837158,990700,0.0,0.0
2022-12-21 12:00:00+08:00,0.24500000476837158,0.24500000476837158,0.24500000476837158,0.24500000476837158,245300,0.0,0.0
2022-12-21 13:00:00+08:00,0.24500000476837158,0.25,0.24500000476837158,0.25,243200,0.0,0.0
2022-12-21 14:00:00+08:00,0.25,0.25,0.24500000476837158,0.24500000476837158,1053600,0.0,0.0
2022-12-21 15:00:00+08:00,0.24500000476837158,0.25,0.24500000476837158,0.24500000476837158,770400,0.0,0.0
2022-12-21 16:00:00+08:00,0.24500000476837158,0.25,0.24500000476837158,0.24500000476837158,1859100,0.0,0.0
2022-12-22 09:00:00+08:00,0.24500000476837158,0.25,0.24500000476837158,0.24500000476837158,482200,0.0,0.0
2022-12-22 10:00:00+08:00,0.24500000476837158,0.25,0.24500000476837158,0.25,306900,0.0,0.0
2022-12-22 11:00:00+08:00,0.25,0.25,0.24500000476837158,0.25,444800,0.0,0.0
2022-12-22 12:00:00+08:00,0.25,0.25,0.25,0.25,149300,0.0,0.0
2022-12-22 13:00:00+08:00,0.25,0.25,0.24500000476837158,0.25,1081700,0.0,0.0
2022-12-22 14:00:00+08:00,0.25,0.25,0.24500000476837158,0.25,1027300,0.0,0.0
2022-12-22 15:00:00+08:00,0.25,0.25,0.24500000476837158,0.24500000476837158,855800,0.0,0.0
2022-12-22 16:00:00+08:00,0.24500000476837158,0.2549999952316284,0.24500000476837158,0.24500000476837158,15473000,0.0,0.0
2022-12-23 09:00:00+08:00,0.25,0.2549999952316284,0.25,0.2549999952316284,6908300,0.0,0.0
2022-12-23 10:00:00+08:00,0.2549999952316284,0.2549999952316284,0.25,0.25,305200,0.0,0.0
2022-12-23 11:00:00+08:00,0.25,0.2549999952316284,0.25,0.2549999952316284,351500,0.0,0.0
2022-12-23 12:00:00+08:00,0.25,0.25,0.25,0.25,69900,0.0,0.0
2022-12-23 13:00:00+08:00,0.25,0.2549999952316284,0.25,0.2549999952316284,211900,0.0,0.0
2022-12-23 14:00:00+08:00,0.2549999952316284,0.2549999952316284,0.25,0.25,573100,0.0,0.0
2022-12-23 15:00:00+08:00,0.25,0.2549999952316284,0.25,0.25,436700,0.0,0.0
2022-12-23 16:00:00+08:00,0.25,0.2549999952316284,0.25,0.2549999952316284,1379900,0.0,0.0
2022-12-27 09:00:00+08:00,0.2549999952316284,0.2549999952316284,0.25,0.2549999952316284,258100,0.0,0.0
2022-12-27 10:00:00+08:00,0.2549999952316284,0.2549999952316284,0.25,0.25,158800,0.0,0.0
2022-12-27 11:00:00+08:00,0.25,0.2549999952316284,0.25,0.25,283200,0.0,0.0
2022-12-27 12:00:00+08:00,0.25,0.25,0.25,0.25,40900,0.0,0.0
2022-12-27 13:00:00+08:00,0.25,0.2549999952316284,0.25,0.25,64700,0.0,0.0
2022-12-27 14:00:00+08:00,0.25,0.2549999952316284,0.25,0.2549999952316284,82100,0.0,0.0
2022-12-27 15:00:00+08:00,0.2549999952316284,0.2549999952316284,0.25,0.2549999952316284,74600,0.0,0.0
2022-12-27 16:00:00+08:00,0.2549999952316284,0.2549999952316284,0.25,0.25,215300,0.0,0.0
2022-12-28 09:00:00+08:00,0.2549999952316284,0.2549999952316284,0.25,0.2549999952316284,376100,0.0,0.0
2022-12-28 10:00:00+08:00,0.2549999952316284,0.25999999046325684,0.25,0.2549999952316284,11917600,0.0,0.0
2022-12-28 11:00:00+08:00,0.2549999952316284,0.2549999952316284,0.25,0.2549999952316284,413300,0.0,0.0
2022-12-28 12:00:00+08:00,0.2549999952316284,0.2549999952316284,0.2549999952316284,0.2549999952316284,58300,0.0,0.0
2022-12-28 13:00:00+08:00,0.25,0.2549999952316284,0.25,0.25,372200,0.0,0.0
2022-12-28 14:00:00+08:00,0.25,0.2549999952316284,0.25,0.25,172300,0.0,0.0
2022-12-28 15:00:00+08:00,0.25,0.25999999046325684,0.25,0.2549999952316284,12095200,0.0,0.0
2022-12-28 16:00:00+08:00,0.2549999952316284,0.2549999952316284,0.25,0.2549999952316284,949100,0.0,0.0
2022-12-29 09:00:00+08:00,0.2549999952316284,0.2549999952316284,0.25,0.2549999952316284,363700,0.0,0.0
2022-12-29 10:00:00+08:00,0.2549999952316284,0.2549999952316284,0.25,0.25,230000,0.0,0.0
2022-12-29 11:00:00+08:00,0.25,0.2549999952316284,0.25,0.2549999952316284,338200,0.0,0.0
2022-12-29 12:00:00+08:00,0.2549999952316284,0.2549999952316284,0.2549999952316284,0.2549999952316284,104700,0.0,0.0
2022-12-29 13:00:00+08:00,0.2549999952316284,0.2549999952316284,0.25,0.25,89700,0.0,0.0
2022-12-29 14:00:00+08:00,0.25,0.2549999952316284,0.25,0.25,1022400,0.0,0.0
2022-12-29 15:00:00+08:00,0.25,0.2549999952316284,0.25,0.2549999952316284,1276200,0.0,0.0
2022-12-29 16:00:00+08:00,0.2549999952316284,0.2549999952316284,0.25,0.25,2862400,0.0,0.0
2022-12-30 09:00:00+08:00,0.25,0.2549999952316284,0.25,0.2549999952316284,114400,0.0,0.0
2022-12-30 10:00:00+08:00,0.2549999952316284,0.2549999952316284,0.25,0.2549999952316284,60400,0.0,0.0
2022-12-30 11:00:00+08:00,0.2549999952316284,0.2549999952316284,0.25,0.2549999952316284,175300,0.0,0.0
2022-12-30 12:00:00+08:00,0.2549999952316284,0.2549999952316284,0.2549999952316284,0.2549999952316284,74300,0.0,0.0
2022-12-30 13:00:00+08:00,0.2549999952316284,0.2549999952316284,0.25,0.2549999952316284,12200,0.0,0.0
2022-12-30 14:00:00+08:00,0.2549999952316284,0.2549999952316284,0.25,0.2549999952316284,19000,0.0,0.0
2022-12-30 15:00:00+08:00,0.2549999952316284,0.2549999952316284,0.25,0.2549999952316284,185200,0.0,0.0
2022-12-30 16:00:00+08:00,0.2549999952316284,0.2549999952316284,0.25,0.25,2936100,0.0,0.0
2023-01-03 09:00:00+08:00,0.25,0.2549999952316284,0.25,0.25,276900,0.0,0.0
2023-01-03 10:00:00+08:00,0.25,0.2549999952316284,0.25,0.25,98800,0.0,0.0
2023-01-03 11:00:00+08:00,0.25,0.2549999952316284,0.25,0.2549999952316284,1198200,0.0,0.0
2023-01-03 12:00:00+08:00,0.2549999952316284,0.2549999952316284,0.2549999952316284,0.2549999952316284,119000,0.0,0.0
2023-01-03 13:00:00+08:00,0.2549999952316284,0.2549999952316284,0.25,0.2549999952316284,1009900,0.0,0.0
2023-01-03 14:00:00+08:00,0.2549999952316284,0.2549999952316284,0.25,0.2549999952316284,89600,0.0,0.0
2023-01-03 15:00:00+08:00,0.2549999952316284,0.2549999952316284,0.25,0.25,237600,0.0,0.0
2023-01-03 16:00:00+08:00,0.25,0.2549999952316284,0.25,0.25,1220400,0.0,0.0
2023-01-04 09:00:00+08:00,0.2549999952316284,0.2549999952316284,0.24500000476837158,0.25,18906300,0.0,0.0
2023-01-04 10:00:00+08:00,0.25,0.2549999952316284,0.25,0.25,267000,0.0,0.0
2023-01-04 11:00:00+08:00,0.25,0.2549999952316284,0.25,0.2549999952316284,389500,0.0,0.0
2023-01-04 12:00:00+08:00,0.2549999952316284,0.2549999952316284,0.2549999952316284,0.2549999952316284,81900,0.0,0.0
2023-01-04 13:00:00+08:00,0.2549999952316284,0.2549999952316284,0.25,0.25,90100,0.0,0.0
2023-01-04 14:00:00+08:00,0.25,0.2549999952316284,0.25,0.2549999952316284,438300,0.0,0.0
2023-01-04 15:00:00+08:00,0.2549999952316284,0.25999999046325684,0.25,0.2549999952316284,7700600,0.0,0.0
2023-01-04 16:00:00+08:00,0.2549999952316284,0.25999999046325684,0.25,0.2549999952316284,8216200,0.0,0.0
2023-01-05 09:00:00+08:00,0.2549999952316284,0.2549999952316284,0.25,0.2549999952316284,391700,0.0,0.0
2023-01-05 10:00:00+08:00,0.2549999952316284,0.2549999952316284,0.25,0.2549999952316284,89200,0.0,0.0
2023-01-05 11:00:00+08:00,0.2549999952316284,0.2549999952316284,0.25,0.25,173600,0.0,0.0
2023-01-05 12:00:00+08:00,0.25,0.2549999952316284,0.25,0.2549999952316284,343800,0.0,0.0
2023-01-05 13:00:00+08:00,0.2549999952316284,0.2549999952316284,0.25,0.2549999952316284,31800,0.0,0.0
2023-01-05 14:00:00+08:00,0.2549999952316284,0.2549999952316284,0.25,0.2549999952316284,236500,0.0,0.0
2023-01-05 15:00:00+08:00,0.2549999952316284,0.2549999952316284,0.24500000476837158,0.24500000476837158,13036800,0.0,0.0
2023-01-05 16:00:00+08:00,0.24500000476837158,0.25,0.24500000476837158,0.24500000476837158,1485600,0.0,0.0
2023-01-06 09:00:00+08:00,0.25,0.2549999952316284,0.25,0.25,3052300,0.0,0.0
2023-01-06 10:00:00+08:00,0.25,0.2549999952316284,0.25,0.2549999952316284,229000,0.0,0.0
2023-01-06 11:00:00+08:00,0.2549999952316284,0.2549999952316284,0.25,0.25,170100,0.0,0.0
2023-01-06 12:00:00+08:00,0.25,0.25,0.25,0.25,187900,0.0,0.0
2023-01-06 13:00:00+08:00,0.25,0.2549999952316284,0.25,0.2549999952316284,46800,0.0,0.0
2023-01-06 14:00:00+08:00,0.2549999952316284,0.2549999952316284,0.25,0.2549999952316284,102600,0.0,0.0
2023-01-06 15:00:00+08:00,0.2549999952316284,0.2549999952316284,0.25,0.2549999952316284,114600,0.0,0.0
2023-01-06 16:00:00+08:00,0.2549999952316284,0.2549999952316284,0.25,0.25,771900,0.0,0.0
2023-01-09 09:00:00+08:00,0.25,0.2549999952316284,0.25,0.25,1770400,0.0,0.0
2023-01-09 10:00:00+08:00,0.25,0.25,0.24500000476837158,0.24500000476837158,4278400,0.0,0.0
2023-01-09 11:00:00+08:00,0.24500000476837158,0.25,0.24500000476837158,0.24500000476837158,588700,0.0,0.0
2023-01-09 12:00:00+08:00,0.25,0.25,0.24500000476837158,0.24500000476837158,205600,0.0,0.0
2023-01-09 13:00:00+08:00,0.24500000476837158,0.25,0.24500000476837158,0.24500000476837158,59500,0.0,0.0
2023-01-09 14:00:00+08:00,0.24500000476837158,0.25,0.24500000476837158,0.24500000476837158,180100,0.0,0.0
2023-01-09 15:00:00+08:00,0.24500000476837158,0.25,0.24500000476837158,0.24500000476837158,269500,0.0,0.0
2023-01-09 16:00:00+08:00,0.24500000476837158,0.25,0.24500000476837158,0.24500000476837158,2116200,0.0,0.0
2023-01-10 09:00:00+08:00,0.24500000476837158,0.25,0.24500000476837158,0.24500000476837158,1194700,0.0,0.0
2023-01-10 10:00:00+08:00,0.24500000476837158,0.25,0.24500000476837158,0.24500000476837158,92200,0.0,0.0
2023-01-10 11:00:00+08:00,0.24500000476837158,0.2549999952316284,0.24500000476837158,0.24500000476837158,2904000,0.0,0.0
2023-01-10 12:00:00+08:00,0.24500000476837158,0.25,0.24500000476837158,0.25,29100,0.0,0.0
2023-01-10 13:00:00+08:00,0.25,0.25,0.24500000476837158,0.24500000476837158,303200,0.0,0.0
2023-01-10 14:00:00+08:00,0.24500000476837158,0.25,0.24500000476837158,0.24500000476837158,112100,0.0,0.0
2023-01-10 15:00:00+08:00,0.24500000476837158,0.25,0.24500000476837158,0.25,2444200,0.0,0.0
2023-01-10 16:00:00+08:00,0.25,0.25,0.24500000476837158,0.25,2487900,0.0,0.0
2023-01-11 09:00:00+08:00,0.25,0.25,0.24500000476837158,0.25,621100,0.0,0.0
2023-01-11 10:00:00+08:00,0.25,0.25,0.24500000476837158,0.24500000476837158,72200,0.0,0.0
2023-01-11 11:00:00+08:00,0.24500000476837158,0.25,0.24500000476837158,0.25,1660700,0.0,0.0
2023-01-11 12:00:00+08:00,0.25,0.25,0.25,0.25,36800,0.0,0.0
2023-01-11 13:00:00+08:00,0.25,0.25,0.24500000476837158,0.25,238100,0.0,0.0
2023-01-11 14:00:00+08:00,0.25,0.25,0.24500000476837158,0.25,121900,0.0,0.0
2023-01-11 15:00:00+08:00,0.25,0.25,0.24500000476837158,0.25,609300,0.0,0.0
2023-01-11 16:00:00+08:00,0.25,0.25,0.24500000476837158,0.24500000476837158,319100,0.0,0.0
2023-01-12 09:00:00+08:00,0.25,0.25,0.24500000476837158,0.25,3481700,0.0,0.0
2023-01-12 10:00:00+08:00,0.25,0.25,0.24500000476837158,0.25,12700,0.0,0.0
2023-01-12 11:00:00+08:00,0.25,0.25,0.24500000476837158,0.25,16500,0.0,0.0
2023-01-12 12:00:00+08:00,0.24500000476837158,0.25,0.24500000476837158,0.25,438000,0.0,0.0
2023-01-12 13:00:00+08:00,0.25,0.25,0.24500000476837158,0.25,25200,0.0,0.0
2023-01-12 14:00:00+08:00,0.25,0.25,0.24500000476837158,0.24500000476837158,289800,0.0,0.0
2023-01-12 15:00:00+08:00,0.24500000476837158,0.25,0.24500000476837158,0.24500000476837158,130500,0.0,0.0
2023-01-12 16:00:00+08:00,0.24500000476837158,0.25,0.24500000476837158,0.25,1992600,0.0,0.0
2023-01-13 09:00:00+08:00,0.24500000476837158,0.25,0.24500000476837158,0.25,5822300,0.0,0.0
2023-01-13 10:00:00+08:00,0.25,0.25,0.24500000476837158,0.24500000476837158,221500,0.0,0.0
2023-01-13 11:00:00+08:00,0.24500000476837158,0.25,0.24500000476837158,0.24500000476837158,337000,0.0,0.0
2023-01-13 12:00:00+08:00,0.24500000476837158,0.24500000476837158,0.24500000476837158,0.24500000476837158,252400,0.0,0.0
2023-01-13 13:00:00+08:00,0.24500000476837158,0.25,0.24500000476837158,0.24500000476837158,260600,0.0,0.0
2023-01-13 14:00:00+08:00,0.24500000476837158,0.25,0.24500000476837158,0.24500000476837158,251300,0.0,0.0
2023-01-13 15:00:00+08:00,0.24500000476837158,0.25,0.24500000476837158,0.24500000476837158,247400,0.0,0.0
2023-01-13 16:00:00+08:00,0.24500000476837158,0.25,0.24500000476837158,0.25,846400,0.0,0.0
2023-01-16 09:00:00+08:00,0.24500000476837158,0.25,0.24500000476837158,0.24500000476837158,378900,0.0,0.0
2023-01-16 10:00:00+08:00,0.24500000476837158,0.25,0.24500000476837158,0.24500000476837158,252400,0.0,0.0
2023-01-16 11:00:00+08:00,0.24500000476837158,0.25,0.24500000476837158,0.24500000476837158,196500,0.0,0.0
2023-01-16 12:00:00+08:00,0.24500000476837158,0.25,0.24500000476837158,0.25,55500,0.0,0.0
2023-01-16 13:00:00+08:00,0.25,0.25,0.24500000476837158,0.24500000476837158,289300,0.0,0.0
2023-01-16 14:00:00+08:00,0.24500000476837158,0.25,0.23999999463558197,0.24500000476837158,4203800,0.0,0.0
2023-01-16 15:00:00+08:00,0.24500000476837158,0.24500000476837158,0.23999999463558197,0.23999999463558197,558700,0.0,0.0
2023-01-16 16:00:00+08:00,0.23999999463558197,0.24500000476837158,0.23999999463558197,0.23999999463558197,348900,0.0,0.0
2023-01-17 09:00:00+08:00,0.24500000476837158,0.24500000476837158,0.23999999463558197,0.23999999463558197,830300,0.0,0.0
2023-01-17 10:00:00+08:00,0.23999999463558197,0.24500000476837158,0.23999999463558197,0.23999999463558197,233300,0.0,0.0
2023-01-17 11:00:00+08:00,0.23999999463558197,0.24500000476837158,0.23999999463558197,0.23999999463558197,829700,0.0,0.0
2023-01-17 12:00:00+08:00,0.23999999463558197,0.23999999463558197,0.23999999463558197,0.23999999463558197,45600,0.0,0.0
2023-01-17 13:00:00+08:00,0.23999999463558197,0.24500000476837158,0.23999999463558197,0.23999999463558197,60600,0.0,0.0
2023-01-17 14:00:00+08:00,0.23999999463558197,0.24500000476837158,0.23999999463558197,0.23999999463558197,587900,0.0,0.0
2023-01-17 15:00:00+08:00,0.23999999463558197,0.25,0.23999999463558197,0.23999999463558197,10988600,0.0,0.0
2023-01-17 16:00:00+08:00,0.23999999463558197,0.24500000476837158,0.23999999463558197,0.23999999463558197,1143000,0.0,0.0
2023-01-18 09:00:00+08:00,0.24500000476837158,0.24500000476837158,0.23999999463558197,0.24500000476837158,51700,0.0,0.0
2023-01-18 10:00:00+08:00,0.24500000476837158,0.24500000476837158,0.23999999463558197,0.24500000476837158,289300,0.0,0.0
2023-01-18 11:00:00+08:00,0.24500000476837158,0.24500000476837158,0.23999999463558197,0.24500000476837158,535700,0.0,0.0
2023-01-18 12:00:00+08:00,0.24500000476837158,0.24500000476837158,0.23999999463558197,0.23999999463558197,95600,0.0,0.0
2023-01-18 13:00:00+08:00,0.23999999463558197,0.24500000476837158,0.23999999463558197,0.24500000476837158,528200,0.0,0.0
2023-01-18 14:00:00+08:00,0.24500000476837158,0.24500000476837158,0.23999999463558197,0.23999999463558197,1130100,0.0,0.0
2023-01-18 15:00:00+08:00,0.23999999463558197,0.24500000476837158,0.23999999463558197,0.23999999463558197,711000,0.0,0.0
2023-01-18 16:00:00+08:00,0.23999999463558197,0.24500000476837158,0.23999999463558197,0.23999999463558197,1059800,0.0,0.0
2023-01-19 09:00:00+08:00,0.24500000476837158,0.24500000476837158,0.23999999463558197,0.24500000476837158,432000,0.0,0.0
2023-01-19 10:00:00+08:00,0.23999999463558197,0.24500000476837158,0.23999999463558197,0.24500000476837158,254600,0.0,0.0
2023-01-19 11:00:00+08:00,0.24500000476837158,0.24500000476837158,0.23999999463558197,0.23999999463558197,332900,0.0,0.0
2023-01-19 12:00:00+08:00,0.23999999463558197,0.23999999463558197,0.23999999463558197,0.23999999463558197,46000,0.0,0.0
2023-01-19 13:00:00+08:00,0.23999999463558197,0.24500000476837158,0.23999999463558197,0.23999999463558197,0,0.0,0.0
2023-01-19 14:00:00+08:00,0.23999999463558197,0.24500000476837158,0.23999999463558197,0.24500000476837158,2093700,0.0,0.0
2023-01-19 15:00:00+08:00,0.24500000476837158,0.24500000476837158,0.23999999463558197,0.23999999463558197,470800,0.0,0.0
2023-01-19 16:00:00+08:00,0.23999999463558197,0.24500000476837158,0.23999999463558197,0.23999999463558197,647400,0.0,0.0
2023-01-20 09:00:00+08:00,0.23999999463558197,0.24500000476837158,0.23999999463558197,0.23999999463558197,700600,0.0,0.0
2023-01-20 10:00:00+08:00,0.23999999463558197,0.24500000476837158,0.23999999463558197,0.24500000476837158,504500,0.0,0.0
2023-01-20 11:00:00+08:00,0.24500000476837158,0.24500000476837158,0.23999999463558197,0.23999999463558197,629200,0.0,0.0
2023-01-20 12:00:00+08:00,0.24500000476837158,0.24500000476837158,0.24500000476837158,0.24500000476837158,78300,0.0,0.0
2023-01-20 13:00:00+08:00,0.24500000476837158,0.24500000476837158,0.23999999463558197,0.24500000476837158,494500,0.0,0.0
2023-01-20 14:00:00+08:00,0.24500000476837158,0.24500000476837158,0.23999999463558197,0.23999999463558197,469500,0.0,0.0
2023-01-20 15:00:00+08:00,0.23999999463558197,0.24500000476837158,0.23999999463558197,0.23999999463558197,950000,0.0,0.0
2023-01-20 16:00:00+08:00,0.23999999463558197,0.24500000476837158,0.23999999463558197,0.23999999463558197,2101600,0.0,0.0
2023-01-25 09:00:00+08:00,0.23999999463558197,0.25,0.23999999463558197,0.25,10305000,0.0,0.0
2023-01-25 10:00:00+08:00,0.25,0.25,0.24500000476837158,0.25,338000,0.0,0.0
2023-01-25 11:00:00+08:00,0.25,0.2549999952316284,0.24500000476837158,0.2549999952316284,7189000,0.0,0.0
2023-01-25 12:00:00+08:00,0.25,0.25,0.25,0.25,1505300,0.0,0.0
2023-01-25 13:00:00+08:00,0.25,0.2549999952316284,0.25,0.2549999952316284,276900,0.0,0.0
2023-01-25 14:00:00+08:00,0.2549999952316284,0.2549999952316284,0.25,0.25,160800,0.0,0.0
2023-01-25 15:00:00+08:00,0.25,0.2549999952316284,0.25,0.25,727700,0.0,0.0
2023-01-25 16:00:00+08:00,0.25,0.2549999952316284,0.25,0.25,556800,0.0,0.0
2023-01-26 09:00:00+08:00,0.2549999952316284,0.2549999952316284,0.25,0.2549999952316284,236000,0.0,0.0
2023-01-26 10:00:00+08:00,0.2549999952316284,0.2549999952316284,0.25,0.2549999952316284,443500,0.0,0.0
2023-01-26 11:00:00+08:00,0.2549999952316284,0.2549999952316284,0.25,0.2549999952316284,221000,0.0,0.0
2023-01-26 12:00:00+08:00,0.25,0.2549999952316284,0.25,0.2549999952316284,51600,0.0,0.0
2023-01-26 13:00:00+08:00,0.2549999952316284,0.2549999952316284,0.25,0.2549999952316284,97100,0.0,0.0
2023-01-26 14:00:00+08:00,0.2549999952316284,0.2549999952316284,0.25,0.25,209100,0.0,0.0
2023-01-26 15:00:00+08:00,0.25,0.2549999952316284,0.25,0.2549999952316284,419100,0.0,0.0
2023-01-26 16:00:00+08:00,0.2549999952316284,0.2549999952316284,0.25,0.2549999952316284,379500,0.0,0.0
2023-01-27 09:00:00+08:00,0.25,0.2549999952316284,0.25,0.25,4001300,0.0,0.0
2023-01-27 10:00:00+08:00,0.25,0.2549999952316284,0.24500000476837158,0.25,19157900,0.0,0.0
2023-01-27 11:00:00+08:00,0.25,0.25,0.24500000476837158,0.24500000476837158,274400,0.0,0.0
2023-01-27 12:00:00+08:00,0.24500000476837158,0.24500000476837158,0.24500000476837158,0.24500000476837158,304900,0.0,0.0
2023-01-27 13:00:00+08:00,0.24500000476837158,0.25,0.24500000476837158,0.24500000476837158,23500,0.0,0.0
2023-01-27 14:00:00+08:00,0.24500000476837158,0.25,0.24500000476837158,0.24500000476837158,470900,0.0,0.0
2023-01-27 15:00:00+08:00,0.24500000476837158,0.25,0.24500000476837158,0.24500000476837158,264700,0.0,0.0
2023-01-27 16:00:00+08:00,0.24500000476837158,0.25,0.24500000476837158,0.25,711900,0.0,0.0
2023-01-30 09:00:00+08:00,0.25,0.25,0.24500000476837158,0.24500000476837158,36800,0.0,0.0
2023-01-30 10:00:00+08:00,0.24500000476837158,0.25,0.24500000476837158,0.24500000476837158,124600,0.0,0.0
2023-01-30 11:00:00+08:00,0.24500000476837158,0.25,0.24500000476837158,0.24500000476837158,305700,0.0,0.0
2023-01-30 12:00:00+08:00,0.25,0.25,0.24500000476837158,0.24500000476837158,61600,0.0,0.0
2023-01-30 13:00:00+08:00,0.24500000476837158,0.25,0.24500000476837158,0.24500000476837158,81700,0.0,0.0
2023-01-30 14:00:00+08:00,0.24500000476837158,0.25,0.24500000476837158,0.24500000476837158,287300,0.0,0.0
2023-01-30 15:00:00+08:00,0.24500000476837158,0.25,0.24500000476837158,0.25,481300,0.0,0.0
2023-01-30 16:00:00+08:00,0.25,0.25,0.24500000476837158,0.24500000476837158,856700,0.0,0.0
2023-01-31 09:00:00+08:00,0.25,0.25,0.24500000476837158,0.25,160600,0.0,0.0
2023-01-31 10:00:00+08:00,0.25,0.25,0.24500000476837158,0.25,1590200,0.0,0.0
2023-01-31 11:00:00+08:00,0.25,0.2549999952316284,0.24500000476837158,0.2549999952316284,6626700,0.0,0.0
2023-01-31 12:00:00+08:00,0.25,0.2549999952316284,0.25,0.2549999952316284,83100,0.0,0.0
2023-01-31 13:00:00+08:00,0.2549999952316284,0.2549999952316284,0.24500000476837158,0.25,6022700,0.0,0.0
2023-01-31 14:00:00+08:00,0.25,0.2549999952316284,0.24500000476837158,0.2549999952316284,14568000,0.0,0.0
2023-01-31 15:00:00+08:00,0.2549999952316284,0.2549999952316284,0.24500000476837158,0.25,4169400,0.0,0.0
2023-01-31 16:00:00+08:00,0.25,0.25,0.24500000476837158,0.25,703600,0.0,0.0
2023-02-01 09:00:00+08:00,0.2549999952316284,0.2549999952316284,0.25,0.25,184300,0.0,0.0
2023-02-01 10:00:00+08:00,0.25,0.2549999952316284,0.25,0.25,165300,0.0,0.0
2023-02-01 11:00:00+08:00,0.25,0.2549999952316284,0.25,0.25,441400,0.0,0.0
2023-02-01 12:00:00+08:00,0.25,0.25,0.25,0.25,72000,0.0,0.0
2023-02-01 13:00:00+08:00,0.25,0.2549999952316284,0.25,0.2549999952316284,163600,0.0,0.0
2023-02-01 14:00:00+08:00,0.2549999952316284,0.2549999952316284,0.25,0.2549999952316284,194100,0.0,0.0
2023-02-01 15:00:00+08:00,0.2549999952316284,0.2549999952316284,0.25,0.25,443100,0.0,0.0
2023-02-01 16:00:00+08:00,0.25,0.2549999952316284,0.25,0.25,451000,0.0,0.0
2023-02-02 09:00:00+08:00,0.2549999952316284,0.2549999952316284,0.25,0.2549999952316284,80100,0.0,0.0
2023-02-02 10:00:00+08:00,0.2549999952316284,0.2549999952316284,0.25,0.2549999952316284,165300,0.0,0.0
2023-02-02 11:00:00+08:00,0.2549999952316284,0.2549999952316284,0.25,0.2549999952316284,645700,0.0,0.0
2023-02-02 12:00:00+08:00,0.2549999952316284,0.2549999952316284,0.2549999952316284,0.2549999952316284,145400,0.0,0.0
2023-02-02 13:00:00+08:00,0.2549999952316284,0.2549999952316284,0.25,0.2549999952316284,324300,0.0,0.0
2023-02-02 14:00:00+08:00,0.2549999952316284,0.2549999952316284,0.25,0.2549999952316284,236700,0.0,0.0
2023-02-02 15:00:00+08:00,0.2549999952316284,0.2549999952316284,0.25,0.2549999952316284,2448000,0.0,0.0
2023-02-02 16:00:00+08:00,0.2549999952316284,0.2549999952316284,0.25,0.2549999952316284,4296400,0.0,0.0
2023-02-03 09:00:00+08:00,0.25,0.2549999952316284,0.25,0.2549999952316284,850200,0.0,0.0
2023-02-03 10:00:00+08:00,0.2549999952316284,0.2549999952316284,0.25,0.2549999952316284,1671900,0.0,0.0
2023-02-03 11:00:00+08:00,0.2549999952316284,0.2549999952316284,0.25,0.2549999952316284,656400,0.0,0.0
2023-02-03 12:00:00+08:00,0.2549999952316284,0.2549999952316284,0.25,0.25,230800,0.0,0.0
2023-02-03 13:00:00+08:00,0.25,0.2549999952316284,0.25,0.2549999952316284,237700,0.0,0.0
2023-02-03 14:00:00+08:00,0.2549999952316284,0.2549999952316284,0.25,0.25,1309000,0.0,0.0
2023-02-03 15:00:00+08:00,0.25,0.2549999952316284,0.25,0.25,1059400,0.0,0.0
2023-02-03 16:00:00+08:00,0.25,0.2549999952316284,0.25,0.25,3221400,0.0,0.0
2023-02-06 09:00:00+08:00,0.2549999952316284,0.2549999952316284,0.25,0.2549999952316284,169800,0.0,0.0
2023-02-06 10:00:00+08:00,0.2549999952316284,0.25999999046325684,0.25,0.25999999046325684,14675100,0.0,0.0
2023-02-06 11:00:00+08:00,0.25999999046325684,0.25999999046325684,0.2549999952316284,0.2549999952316284,785000,0.0,0.0
2023-02-06 12:00:00+08:00,0.2549999952316284,0.25999999046325684,0.2549999952316284,0.25999999046325684,381100,0.0,0.0
2023-02-06 13:00:00+08:00,0.25999999046325684,0.25999999046325684,0.2549999952316284,0.25999999046325684,211300,0.0,0.0
2023-02-06 14:00:00+08:00,0.25999999046325684,0.25999999046325684,0.2549999952316284,0.25999999046325684,600600,0.0,0.0
2023-02-06 15:00:00+08:00,0.25999999046325684,0.25999999046325684,0.25,0.25,6629000,0.0,0.0
2023-02-06 16:00:00+08:00,0.25,0.25999999046325684,0.25,0.2549999952316284,9591400,0.0,0.0
2023-02-07 09:00:00+08:00,0.2549999952316284,0.25999999046325684,0.2549999952316284,0.25999999046325684,118200,0.0,0.0
2023-02-07 10:00:00+08:00,0.25999999046325684,0.25999999046325684,0.2549999952316284,0.25999999046325684,91800,0.0,0.0
2023-02-07 11:00:00+08:00,0.25999999046325684,0.25999999046325684,0.2549999952316284,0.25999999046325684,242100,0.0,0.0
2023-02-07 12:00:00+08:00,0.2549999952316284,0.25999999046325684,0.2549999952316284,0.25999999046325684,129500,0.0,0.0
2023-02-07 13:00:00+08:00,0.25999999046325684,0.25999999046325684,0.2549999952316284,0.25999999046325684,109700,0.0,0.0
2023-02-07 14:00:00+08:00,0.25999999046325684,0.25999999046325684,0.2549999952316284,0.25999999046325684,319800,0.0,0.0
2023-02-07 15:00:00+08:00,0.25999999046325684,0.25999999046325684,0.2549999952316284,0.25999999046325684,484200,0.0,0.0
2023-02-07 16:00:00+08:00,0.25999999046325684,0.25999999046325684,0.2549999952316284,0.25999999046325684,3808900,0.0,0.0
2023-02-08 09:00:00+08:00,0.25999999046325684,0.25999999046325684,0.2549999952316284,0.25999999046325684,871100,0.0,0.0
2023-02-08 10:00:00+08:00,0.25999999046325684,0.25999999046325684,0.2549999952316284,0.25999999046325684,2055100,0.0,0.0
2023-02-08 11:00:00+08:00,0.25999999046325684,0.25999999046325684,0.2549999952316284,0.25999999046325684,1220600,0.0,0.0
2023-02-08 12:00:00+08:00,0.2549999952316284,0.2549999952316284,0.2549999952316284,0.2549999952316284,397300,0.0,0.0
2023-02-08 13:00:00+08:00,0.2549999952316284,0.25999999046325684,0.2549999952316284,0.25999999046325684,76100,0.0,0.0
2023-02-08 14:00:00+08:00,0.25999999046325684,0.25999999046325684,0.2549999952316284,0.25999999046325684,461000,0.0,0.0
2023-02-08 15:00:00+08:00,0.25999999046325684,0.25999999046325684,0.2549999952316284,0.25999999046325684,814600,0.0,0.0
2023-02-08 16:00:00+08:00,0.25999999046325684,0.25999999046325684,0.2549999952316284,0.25999999046325684,3023100,0.0,0.0
2023-02-09 09:00:00+08:00,0.25999999046325684,0.26499998569488525,0.2549999952316284,0.26499998569488525,7242900,0.0,0.0
2023-02-09 10:00:00+08:00,0.26499998569488525,0.26499998569488525,0.25999999046325684,0.26499998569488525,843600,0.0,0.0
2023-02-09 11:00:00+08:00,0.26499998569488525,0.26499998569488525,0.25999999046325684,0.26499998569488525,728800,0.0,0.0
2023-02-09 12:00:00+08:00,0.26499998569488525,0.26499998569488525,0.25999999046325684,0.25999999046325684,766400,0.0,0.0
2023-02-09 13:00:00+08:00,0.25999999046325684,0.26499998569488525,0.25999999046325684,0.26499998569488525,190400,0.0,0.0
2023-02-09 14:00:00+08:00,0.25999999046325684,0.26499998569488525,0.25999999046325684,0.25999999046325684,1449700,0.0,0.0
2023-02-09 15:00:00+08:00,0.25999999046325684,0.26499998569488525,0.25999999046325684,0.26499998569488525,710600,0.0,0.0
2023-02-09 16:00:00+08:00,0.26499998569488525,0.26499998569488525,0.25999999046325684,0.26499998569488525,1428900,0.0,0.0
2023-02-10 09:00:00+08:00,0.25999999046325684,0.25999999046325684,0.2549999952316284,0.25999999046325684,2189400,0.0,0.0
2023-02-10 10:00:00+08:00,0.25999999046325684,0.25999999046325684,0.2549999952316284,0.25999999046325684,339900,0.0,0.0
2023-02-10 11:00:00+08:00,0.25999999046325684,0.25999999046325684,0.2549999952316284,0.25999999046325684,199300,0.0,0.0
2023-02-10 12:00:00+08:00,0.25999999046325684,0.25999999046325684,0.25999999046325684,0.25999999046325684,44500,0.0,0.0
2023-02-10 13:00:00+08:00,0.25999999046325684,0.25999999046325684,0.2549999952316284,0.25999999046325684,72700,0.0,0.0
2023-02-10 14:00:00+08:00,0.25999999046325684,0.26499998569488525,0.2549999952316284,0.25999999046325684,7317600,0.0,0.0
2023-02-10 15:00:00+08:00,0.25999999046325684,0.26499998569488525,0.25999999046325684,0.26499998569488525,346100,0.0,0.0
2023-02-10 16:00:00+08:00,0.26499998569488525,0.26499998569488525,0.25999999046325684,0.25999999046325684,2681100,0.0,0.0
2023-02-13 09:00:00+08:00,0.25999999046325684,0.26499998569488525,0.25999999046325684,0.26499998569488525,222700,0.0,0.0
2023-02-13 10:00:00+08:00,0.26499998569488525,0.26499998569488525,0.25999999046325684,0.26499998569488525,331200,0.0,0.0
2023-02-13 11:00:00+08:00,0.26499998569488525,0.26499998569488525,0.25999999046325684,0.25999999046325684,233700,0.0,0.0
2023-02-13 12:00:00+08:00,0.25999999046325684,0.26499998569488525,0.25999999046325684,0.26499998569488525,86200,0.0,0.0
2023-02-13 13:00:00+08:00,0.26499998569488525,0.26499998569488525,0.25999999046325684,0.26499998569488525,56200,0.0,0.0
2023-02-13 14:00:00+08:00,0.26499998569488525,0.26499998569488525,0.25999999046325684,0.26499998569488525,612700,0.0,0.0
2023-02-13 15:00:00+08:00,0.26499998569488525,0.26499998569488525,0.25999999046325684,0.25999999046325684,443100,0.0,0.0
2023-02-13 16:00:00+08:00,0.25999999046325684,0.26499998569488525,0.25999999046325684,0.26499998569488525,1185800,0.0,0.0
2023-02-14 09:00:00+08:00,0.26499998569488525,0.26499998569488525,0.2549999952316284,0.25999999046325684,5849600,0.0,0.0
2023-02-14 10:00:00+08:00,0.25999999046325684,0.25999999046325684,0.2549999952316284,0.2549999952316284,513600,0.0,0.0
2023-02-14 11:00:00+08:00,0.2549999952316284,0.25999999046325684,0.2549999952316284,0.25999999046325684,774300,0.0,0.0
2023-02-14 12:00:00+08:00,0.25999999046325684,0.25999999046325684,0.2549999952316284,0.2549999952316284,119500,0.0,0.0
2023-02-14 13:00:00+08:00,0.2549999952316284,0.25999999046325684,0.2549999952316284,0.2549999952316284,27000,0.0,0.0
2023-02-14 14:00:00+08:00,0.2549999952316284,0.25999999046325684,0.2549999952316284,0.25999999046325684,172800,0.0,0.0
2023-02-14 15:00:00+08:00,0.25999999046325684,0.25999999046325684,0.2549999952316284,0.25999999046325684,431800,0.0,0.0
2023-02-14 16:00:00+08:00,0.25999999046325684,0.25999999046325684,0.2549999952316284,0.25999999046325684,1099800,0.0,0.0
2023-02-15 09:00:00+08:00,0.2549999952316284,0.25999999046325684,0.2549999952316284,0.25999999046325684,36500,0.0,0.0
2023-02-15 10:00:00+08:00,0.25999999046325684,0.25999999046325684,0.2549999952316284,0.25999999046325684,79900,0.0,0.0
2023-02-15 11:00:00+08:00,0.25999999046325684,0.25999999046325684,0.2549999952316284,0.25999999046325684,144300,0.0,0.0
2023-02-15 12:00:00+08:00,0.25999999046325684,0.25999999046325684,0.25999999046325684,0.25999999046325684,50300,0.0,0.0
2023-02-15 13:00:00+08:00,0.25999999046325684,0.25999999046325684,0.2549999952316284,0.25999999046325684,30000,0.0,0.0
2023-02-15 14:00:00+08:00,0.25999999046325684,0.25999999046325684,0.2549999952316284,0.25999999046325684,30900,0.0,0.0
2023-02-15 15:00:00+08:00,0.25999999046325684,0.25999999046325684,0.2549999952316284,0.2549999952316284,28100,0.0,0.0
2023-02-15 16:00:00+08:00,0.2549999952316284,0.25999999046325684,0.2549999952316284,0.25999999046325684,342700,0.0,0.0
2023-02-16 09:00:00+08:00,0.2549999952316284,0.25999999046325684,0.2549999952316284,0.25999999046325684,53100,0.0,0.0
2023-02-16 10:00:00+08:00,0.25999999046325684,0.25999999046325684,0.2549999952316284,0.25999999046325684,255200,0.0,0.0
2023-02-16 11:00:00+08:00,0.25999999046325684,0.25999999046325684,0.2549999952316284,0.25999999046325684,255800,0.0,0.0
2023-02-16 12:00:00+08:00,0.25999999046325684,0.25999999046325684,0.2549999952316284,0.2549999952316284,31300,0.0,0.0
2023-02-16 13:00:00+08:00,0.2549999952316284,0.25999999046325684,0.2549999952316284,0.25999999046325684,133700,0.0,0.0
2023-02-16 14:00:00+08:00,0.25999999046325684,0.25999999046325684,0.2549999952316284,0.25999999046325684,722300,0.0,0.0
2023-02-16 15:00:00+08:00,0.25999999046325684,0.25999999046325684,0.2549999952316284,0.25999999046325684,372100,0.0,0.0
2023-02-16 16:00:00+08:00,0.25999999046325684,0.25999999046325684,0.2549999952316284,0.25999999046325684,4397600,0.0,0.0
2023-02-17 09:00:00+08:00,0.25999999046325684,0.25999999046325684,0.2549999952316284,0.25999999046325684,54400,0.0,0.0
2023-02-17 10:00:00+08:00,0.25999999046325684,0.25999999046325684,0.2549999952316284,0.2549999952316284,69200,0.0,0.0
2023-02-17 11:00:00+08:00,0.2549999952316284,0.25999999046325684,0.2549999952316284,0.25999999046325684,58800,0.0,0.0
2023-02-17 12:00:00+08:00,0.25999999046325684,0.25999999046325684,0.2549999952316284,0.2549999952316284,45000,0.0,0.0
2023-02-17 13:00:00+08:00,0.2549999952316284,0.25999999046325684,0.2549999952316284,0.25999999046325684,30000,0.0,0.0
2023-02-17 14:00:00+08:00,0.25999999046325684,0.25999999046325684,0.2549999952316284,0.2549999952316284,190200,0.0,0.0
2023-02-17 15:00:00+08:00,0.2549999952316284,0.25999999046325684,0.2549999952316284,0.2549999952316284,54200,0.0,0.0
2023-02-17 16:00:00+08:00,0.2549999952316284,0.25999999046325684,0.2549999952316284,0.25999999046325684,521500,0.0,0.0
2023-02-20 09:00:00+08:00,0.26499998569488525,0.26499998569488525,0.2549999952316284,0.25999999046325684,2342000,0.0,0.0
2023-02-20 10:00:00+08:00,0.25999999046325684,0.25999999046325684,0.2549999952316284,0.2549999952316284,66700,0.0,0.0
2023-02-20 11:00:00+08:00,0.2549999952316284,0.25999999046325684,0.2549999952316284,0.25999999046325684,60600,0.0,0.0
2023-02-20 12:00:00+08:00,0.2549999952316284,0.25999999046325684,0.2549999952316284,0.25999999046325684,11400,0.0,0.0
2023-02-20 13:00:00+08:00,0.25999999046325684,0.25999999046325684,0.2549999952316284,0.25999999046325684,43100,0.0,0.0
2023-02-20 14:00:00+08:00,0.25999999046325684,0.25999999046325684,0.2549999952316284,0.25999999046325684,80000,0.0,0.0
2023-02-20 15:00:00+08:00,0.25999999046325684,0.25999999046325684,0.2549999952316284,0.25999999046325684,285100,0.0,0.0
2023-02-20 16:00:00+08:00,0.25999999046325684,0.25999999046325684,0.2549999952316284,0.2549999952316284,481500,0.0,0.0
2023-02-21 09:00:00+08:00,0.25999999046325684,0.25999999046325684,0.2549999952316284,0.25999999046325684,298300,0.0,0.0
2023-02-21 10:00:00+08:00,0.25999999046325684,0.25999999046325684,0.2549999952316284,0.25999999046325684,31600,0.0,0.0
2023-02-21 11:00:00+08:00,0.25999999046325684,0.25999999046325684,0.2549999952316284,0.25999999046325684,95300,0.0,0.0
2023-02-21 12:00:00+08:00,0.2549999952316284,0.2549999952316284,0.2549999952316284,0.2549999952316284,30000,0.0,0.0
2023-02-21 13:00:00+08:00,0.2549999952316284,0.25999999046325684,0.2549999952316284,0.25999999046325684,46500,0.0,0.0
2023-02-21 14:00:00+08:00,0.25999999046325684,0.25999999046325684,0.2549999952316284,0.25999999046325684,124300,0.0,0.0
2023-02-21 15:00:00+08:00,0.25999999046325684,0.25999999046325684,0.2549999952316284,0.25999999046325684,198500,0.0,0.0
2023-02-21 16:00:00+08:00,0.25999999046325684,0.25999999046325684,0.2549999952316284,0.25999999046325684,162000,0.0,0.0
2023-02-22 09:00:00+08:00,0.25999999046325684,0.25999999046325684,0.2549999952316284,0.25999999046325684,384700,0.0,0.0
2023-02-22 10:00:00+08:00,0.25999999046325684,0.25999999046325684,0.2549999952316284,0.2549999952316284,216500,0.0,0.0
2023-02-22 11:00:00+08:00,0.2549999952316284,0.25999999046325684,0.2549999952316284,0.25999999046325684,267200,0.0,0.0
2023-02-22 12:00:00+08:00,0.25999999046325684,0.25999999046325684,0.2549999952316284,0.2549999952316284,64600,0.0,0.0
2023-02-22 13:00:00+08:00,0.2549999952316284,0.25999999046325684,0.2549999952316284,0.2549999952316284,12800,0.0,0.0
2023-02-22 14:00:00+08:00,0.2549999952316284,0.25999999046325684,0.2549999952316284,0.2549999952316284,123200,0.0,0.0
2023-02-22 15:00:00+08:00,0.2549999952316284,0.25999999046325684,0.2549999952316284,0.2549999952316284,342100,0.0,0.0
2023-02-22 16:00:00+08:00,0.2549999952316284,0.25999999046325684,0.2549999952316284,0.25999999046325684,792200,0.0,0.0
2023-02-23 09:00:00+08:00,0.25999999046325684,0.26499998569488525,0.2549999952316284,0.2549999952316284,5997500,0.0,0.0
2023-02-23 10:00:00+08:00,0.2549999952316284,0.25999999046325684,0.2549999952316284,0.2549999952316284,445900,0.0,0.0
2023-02-23 11:00:00+08:00,0.2549999952316284,0.25999999046325684,0.2549999952316284,0.2549999952316284,156300,0.0,0.0
2023-02-23 12:00:00+08:00,0.2549999952316284,0.25999999046325684,0.2549999952316284,0.25999999046325684,127300,0.0,0.0
2023-02-23 13:00:00+08:00,0.25999999046325684,0.25999999046325684,0.2549999952316284,0.2549999952316284,217100,0.0,0.0
2023-02-23 14:00:00+08:00,0.2549999952316284,0.25999999046325684,0.2549999952316284,0.2549999952316284,146200,0.0,0.0
2023-02-23 15:00:00+08:00,0.2549999952316284,0.25999999046325684,0.2549999952316284,0.25999999046325684,247100,0.0,0.0
2023-02-23 16:00:00+08:00,0.25999999046325684,0.25999999046325684,0.2549999952316284,0.25999999046325684,607500,0.0,0.0
2023-02-24 09:00:00+08:00,0.2549999952316284,0.25999999046325684,0.2549999952316284,0.2549999952316284,19200,0.0,0.0
2023-02-24 10:00:00+08:00,0.2549999952316284,0.25999999046325684,0.2549999952316284,0.2549999952316284,561300,0.0,0.0
2023-02-24 11:00:00+08:00,0.2549999952316284,0.25999999046325684,0.2549999952316284,0.25999999046325684,820600,0.0,0.0
2023-02-24 12:00:00+08:00,0.25999999046325684,0.25999999046325684,0.2549999952316284,0.2549999952316284,200600,0.0,0.0
2023-02-24 13:00:00+08:00,0.2549999952316284,0.25999999046325684,0.2549999952316284,0.2549999952316284,335800,0.0,0.0
2023-02-24 14:00:00+08:00,0.2549999952316284,0.25999999046325684,0.2549999952316284,0.2549999952316284,404700,0.0,0.0
2023-02-24 15:00:00+08:00,0.2549999952316284,0.25999999046325684,0.2549999952316284,0.2549999952316284,666200,0.0,0.0
2023-02-24 16:00:00+08:00,0.2549999952316284,0.25999999046325684,0.2549999952316284,0.25999999046325684,2466300,0.0,0.0
2023-02-27 09:00:00+08:00,0.2549999952316284,0.25999999046325684,0.2549999952316284,0.25999999046325684,368900,0.0,0.0
2023-02-27 10:00:00+08:00,0.25999999046325684,0.25999999046325684,0.2549999952316284,0.25999999046325684,41200,0.0,0.0
2023-02-27 11:00:00+08:00,0.25999999046325684,0.25999999046325684,0.2549999952316284,0.25999999046325684,232400,0.0,0.0
2023-02-27 12:00:00+08:00,0.2549999952316284,0.2549999952316284,0.2549999952316284,0.2549999952316284,41600,0.0,0.0
2023-02-27 13:00:00+08:00,0.2549999952316284,0.25999999046325684,0.2549999952316284,0.2549999952316284,65500,0.0,0.0
2023-02-27 14:00:00+08:00,0.2549999952316284,0.25999999046325684,0.2549999952316284,0.25999999046325684,39800,0.0,0.0
2023-02-27 15:00:00+08:00,0.25999999046325684,0.25999999046325684,0.2549999952316284,0.25999999046325684,3200,0.0,0.0
2023-02-27 16:00:00+08:00,0.25999999046325684,0.25999999046325684,0.2549999952316284,0.25999999046325684,4069400,0.0,0.0
2023-02-28 09:00:00+08:00,0.25999999046325684,0.25999999046325684,0.2549999952316284,0.25999999046325684,2663200,0.0,0.0
2023-02-28 10:00:00+08:00,0.25999999046325684,0.25999999046325684,0.2549999952316284,0.25999999046325684,509700,0.0,0.0
2023-02-28 11:00:00+08:00,0.25999999046325684,0.25999999046325684,0.2549999952316284,0.25999999046325684,526700,0.0,0.0
2023-02-28 12:00:00+08:00,0.2549999952316284,0.25999999046325684,0.2549999952316284,0.25999999046325684,42100,0.0,0.0
2023-02-28 13:00:00+08:00,0.25999999046325684,0.25999999046325684,0.2549999952316284,0.25999999046325684,176600,0.0,0.0
2023-02-28 14:00:00+08:00,0.25999999046325684,0.25999999046325684,0.2549999952316284,0.25999999046325684,248700,0.0,0.0
2023-02-28 15:00:00+08:00,0.25999999046325684,0.25999999046325684,0.2549999952316284,0.25999999046325684,281900,0.0,0.0
2023-02-28 16:00:00+08:00,0.25999999046325684,0.25999999046325684,0.2549999952316284,0.25999999046325684,981700,0.0,0.0
2023-03-01 09:00:00+08:00,0.25999999046325684,0.27000001072883606,0.2549999952316284,0.27000001072883606,21839500,0.0,0.0
2023-03-01 10:00:00+08:00,0.27000001072883606,0.2750000059604645,0.26499998569488525,0.2750000059604645,13345100,0.0,0.0
2023-03-01 11:00:00+08:00,0.2750000059604645,0.2750000059604645,0.26499998569488525,0.2750000059604645,5730200,0.0,0.0
2023-03-01 12:00:00+08:00,0.2750000059604645,0.2750000059604645,0.27000001072883606,0.27000001072883606,776900,0.0,0.0
2023-03-01 13:00:00+08:00,0.27000001072883606,0.2750000059604645,0.27000001072883606,0.2750000059604645,4451700,0.0,0.0
2023-03-01 14:00:00+08:00,0.2750000059604645,0.2750000059604645,0.27000001072883606,0.2750000059604645,3391500,0.0,0.0
2023-03-01 15:00:00+08:00,0.2750000059604645,0.2800000011920929,0.27000001072883606,0.2800000011920929,9335300,0.0,0.0
2023-03-01 16:00:00+08:00,0.2800000011920929,0.2800000011920929,0.2750000059604645,0.2800000011920929,10828900,0.0,0.0
2023-03-02 09:00:00+08:00,0.2800000011920929,0.2800000011920929,0.27000001072883606,0.27000001072883606,1354400,0.0,0.0
2023-03-02 10:00:00+08:00,0.27000001072883606,0.2800000011920929,0.27000001072883606,0.2800000011920929,2748800,0.0,0.0
2023-03-02 11:00:00+08:00,0.2800000011920929,0.2800000011920929,0.2750000059604645,0.2800000011920929,3589700,0.0,0.0
2023-03-02 12:00:00+08:00,0.2750000059604645,0.2750000059604645,0.2750000059604645,0.2750000059604645,144300,0.0,0.0
2023-03-02 13:00:00+08:00,0.2750000059604645,0.2800000011920929,0.2750000059604645,0.2750000059604645,1461300,0.0,0.0
2023-03-02 14:00:00+08:00,0.2750000059604645,0.2800000011920929,0.2750000059604645,0.2750000059604645,791100,0.0,0.0
2023-03-02 15:00:00+08:00,0.2750000059604645,0.2800000011920929,0.2750000059604645,0.2800000011920929,1505600,0.0,0.0
2023-03-02 16:00:00+08:00,0.2800000011920929,0.2800000011920929,0.27000001072883606,0.2750000059604645,5094100,0.0,0.0
2023-03-03 09:00:00+08:00,0.2750000059604645,0.2800000011920929,0.2750000059604645,0.2800000011920929,2017000,0.0,0.0
2023-03-03 10:00:00+08:00,0.2800000011920929,0.2800000011920929,0.2750000059604645,0.2800000011920929,877200,0.0,0.0
2023-03-03 11:00:00+08:00,0.2800000011920929,0.2800000011920929,0.2750000059604645,0.2800000011920929,643500,0.0,0.0
2023-03-03 12:00:00+08:00,0.2800000011920929,0.2800000011920929,0.2750000059604645,0.2750000059604645,239100,0.0,0.0
2023-03-03 13:00:00+08:00,0.2750000059604645,0.2800000011920929,0.2750000059604645,0.2800000011920929,436000,0.0,0.0
2023-03-03 14:00:00+08:00,0.2800000011920929,0.2800000011920929,0.2750000059604645,0.2750000059604645,316400,0.0,0.0
2023-03-03 15:00:00+08:00,0.2750000059604645,0.2800000011920929,0.2750000059604645,0.2750000059604645,634400,0.0,0.0
2023-03-03 16:00:00+08:00,0.2750000059604645,0.2800000011920929,0.2750000059604645,0.2800000011920929,1659500,0.0,0.0
2023-03-06 09:00:00+08:00,0.2750000059604645,0.2800000011920929,0.2750000059604645,0.2750000059604645,226000,0.0,0.0
2023-03-06 10:00:00+08:00,0.2750000059604645,0.2800000011920929,0.2750000059604645,0.2800000011920929,427500,0.0,0.0
2023-03-06 11:00:00+08:00,0.2800000011920929,0.2800000011920929,0.2750000059604645,0.2800000011920929,207100,0.0,0.0
2023-03-06 12:00:00+08:00,0.2800000011920929,0.2800000011920929,0.2750000059604645,0.2750000059604645,197500,0.0,0.0
2023-03-06 13:00:00+08:00,0.2750000059604645,0.2800000011920929,0.2750000059604645,0.2800000011920929,2539200,0.0,0.0
2023-03-06 14:00:00+08:00,0.2800000011920929,0.2800000011920929,0.2750000059604645,0.2800000011920929,834500,0.0,0.0
2023-03-06 15:00:00+08:00,0.2800000011920929,0.28999999165534973,0.2750000059604645,0.28999999165534973,17899400,0.0,0.0
2023-03-06 16:00:00+08:00,0.28999999165534973,0.28999999165534973,0.2800000011920929,0.2800000011920929,9643600,0.0,0.0
2023-03-07 09:00:00+08:00,0.2800000011920929,0.2849999964237213,0.2800000011920929,0.2849999964237213,412400,0.0,0.0
2023-03-07 10:00:00+08:00,0.2849999964237213,0.2849999964237213,0.2800000011920929,0.2849999964237213,620700,0.0,0.0
2023-03-07 11:00:00+08:00,0.2849999964237213,0.2849999964237213,0.2800000011920929,0.2800000011920929,522000,0.0,0.0
2023-03-07 12:00:00+08:00,0.2849999964237213,0.2849999964237213,0.2849999964237213,0.2849999964237213,81400,0.0,0.0
2023-03-07 13:00:00+08:00,0.2849999964237213,0.2849999964237213,0.2800000011920929,0.2849999964237213,286200,0.0,0.0
2023-03-07 14:00:00+08:00,0.2849999964237213,0.2849999964237213,0.2750000059604645,0.2750000059604645,8443800,0.0,0.0
2023-03-07 15:00:00+08:00,0.2750000059604645,0.2800000011920929,0.2750000059604645,0.2750000059604645,472500,0.0,0.0
2023-03-07 16:00:00+08:00,0.2750000059604645,0.2849999964237213,0.2750000059604645,0.2849999964237213,7056200,0.0,0.0
2023-03-08 09:00:00+08:00,0.2800000011920929,0.2849999964237213,0.2750000059604645,0.2800000011920929,3424400,0.0,0.0
2023-03-08 10:00:00+08:00,0.2800000011920929,0.2800000011920929,0.2750000059604645,0.2800000011920929,502000,0.0,0.0
2023-03-08 11:00:00+08:00,0.2800000011920929,0.2849999964237213,0.2750000059604645,0.2849999964237213,6334100,0.0,0.0
2023-03-08 12:00:00+08:00,0.2849999964237213,0.2849999964237213,0.2849999964237213,0.2849999964237213,724500,0.0,0.0
2023-03-08 13:00:00+08:00,0.2849999964237213,0.28999999165534973,0.2800000011920929,0.28999999165534973,5446300,0.0,0.0
2023-03-08 14:00:00+08:00,0.28999999165534973,0.28999999165534973,0.2849999964237213,0.28999999165534973,2919400,0.0,0.0
2023-03-08 15:00:00+08:00,0.28999999165534973,0.28999999165534973,0.2849999964237213,0.28999999165534973,1420500,0.0,0.0
2023-03-08 16:00:00+08:00,0.28999999165534973,0.28999999165534973,0.2849999964237213,0.28999999165534973,4276000,0.0,0.0
2023-03-09 09:00:00+08:00,0.2849999964237213,0.29499998688697815,0.2849999964237213,0.28999999165534973,9623400,0.0,0.0
2023-03-09 10:00:00+08:00,0.28999999165534973,0.28999999165534973,0.2849999964237213,0.28999999165534973,302700,0.0,0.0
2023-03-09 11:00:00+08:00,0.28999999165534973,0.28999999165534973,0.2849999964237213,0.28999999165534973,627900,0.0,0.0
2023-03-09 12:00:00+08:00,0.28999999165534973,0.28999999165534973,0.2849999964237213,0.2849999964237213,545100,0.0,0.0
2023-03-09 13:00:00+08:00,0.2849999964237213,0.28999999165534973,0.2849999964237213,0.2849999964237213,38600,0.0,0.0
2023-03-09 14:00:00+08:00,0.2849999964237213,0.28999999165534973,0.2849999964237213,0.28999999165534973,497300,0.0,0.0
2023-03-09 15:00:00+08:00,0.28999999165534973,0.28999999165534973,0.2849999964237213,0.2849999964237213,472300,0.0,0.0
2023-03-09 16:00:00+08:00,0.2849999964237213,0.29499998688697815,0.2849999964237213,0.29499998688697815,12484200,0.0,0.0
2023-03-10 09:00:00+08:00,0.28999999165534973,0.29499998688697815,0.2849999964237213,0.28999999165534973,9794700,0.0,0.0
2023-03-10 10:00:00+08:00,0.28999999165534973,0.28999999165534973,0.2849999964237213,0.28999999165534973,1650000,0.0,0.0
2023-03-10 11:00:00+08:00,0.28999999165534973,0.28999999165534973,0.2849999964237213,0.2849999964237213,2093600,0.0,0.0
2023-03-10 12:00:00+08:00,0.28999999165534973,0.28999999165534973,0.28999999165534973,0.28999999165534973,634800,0.0,0.0
2023-03-10 13:00:00+08:00,0.28999999165534973,0.28999999165534973,0.2849999964237213,0.28999999165534973,308500,0.0,0.0
2023-03-10 14:00:00+08:00,0.28999999165534973,0.28999999165534973,0.2849999964237213,0.28999999165534973,1167200,0.0,0.0
2023-03-10 15:00:00+08:00,0.28999999165534973,0.28999999165534973,0.2849999964237213,0.28999999165534973,1620800,0.0,0.0
2023-03-10 16:00:00+08:00,0.28999999165534973,0.29499998688697815,0.2800000011920929,0.2849999964237213,37122100,0.0,0.0
2023-03-13 09:00:00+08:00,0.2849999964237213,0.28999999165534973,0.2800000011920929,0.2849999964237213,13029700,0.0,0.0
2023-03-13 10:00:00+08:00,0.2849999964237213,0.2849999964237213,0.2750000059604645,0.2750000059604645,7119500,0.0,0.0
2023-03-13 11:00:00+08:00,0.2750000059604645,0.2800000011920929,0.26499998569488525,0.26499998569488525,8743400,0.0,0.0
2023-03-13 12:00:00+08:00,0.26499998569488525,0.26499998569488525,0.26499998569488525,0.26499998569488525,774500,0.0,0.0
2023-03-13 13:00:00+08:00,0.26499998569488525,0.2750000059604645,0.26499998569488525,0.2750000059604645,4834200,0.0,0.0
2023-03-13 14:00:00+08:00,0.2750000059604645,0.2750000059604645,0.27000001072883606,0.2750000059604645,556200,0.0,0.0
2023-03-13 15:00:00+08:00,0.2750000059604645,0.2750000059604645,0.26499998569488525,0.26499998569488525,4365200,0.0,0.0
2023-03-13 16:00:00+08:00,0.26499998569488525,0.27000001072883606,0.2549999952316284,0.2549999952316284,40662500,0.0,0.0
2023-03-14 09:00:00+08:00,0.25999999046325684,0.26499998569488525,0.2549999952316284,0.26499998569488525,9002600,0.0,0.0
2023-03-14 10:00:00+08:00,0.26499998569488525,0.26499998569488525,0.25999999046325684,0.26499998569488525,1858200,0.0,0.0
2023-03-14 11:00:00+08:00,0.26499998569488525,0.27000001072883606,0.25999999046325684,0.27000001072883606,10574100,0.0,0.0
2023-03-14 12:00:00+08:00,0.2750000059604645,0.2750000059604645,0.2750000059604645,0.2750000059604645,2212500,0.0,0.0
2023-03-14 13:00:00+08:00,0.2750000059604645,0.2750000059604645,0.27000001072883606,0.27000001072883606,1109100,0.0,0.0
2023-03-14 14:00:00+08:00,0.27000001072883606,0.2750000059604645,0.27000001072883606,0.27000001072883606,885800,0.0,0.0
2023-03-14 15:00:00+08:00,0.27000001072883606,0.2750000059604645,0.27000001072883606,0.27000001072883606,2017600,0.0,0.0
2023-03-14 16:00:00+08:00,0.27000001072883606,0.2800000011920929,0.27000001072883606,0.27000001072883606,23372100,0.0,0.0
2023-03-15 09:00:00+08:00,0.2750000059604645,0.2849999964237213,0.2750000059604645,0.2849999964237213,10308500,0.0,0.0
2023-03-15 10:00:00+08:00,0.2849999964237213,0.2849999964237213,0.2800000011920929,0.2849999964237213,1948300,0.0,0.0
2023-03-15 11:00:00+08:00,0.2849999964237213,0.2849999964237213,0.2800000011920929,0.2849999964237213,2521700,0.0,0.0
2023-03-15 12:00:00+08:00,0.2800000011920929,0.2800000011920929,0.2800000011920929,0.2800000011920929,487500,0.0,0.0
2023-03-15 13:00:00+08:00,0.2800000011920929,0.2849999964237213,0.2800000011920929,0.2849999964237213,2745800,0.0,0.0
2023-03-15 14:00:00+08:00,0.2849999964237213,0.2849999964237213,0.2800000011920929,0.2849999964237213,1798100,0.0,0.0
2023-03-15 15:00:00+08:00,0.2800000011920929,0.2849999964237213,0.2800000011920929,0.2849999964237213,2829300,0.0,0.0
2023-03-15 16:00:00+08:00,0.2849999964237213,0.28999999165534973,0.2849999964237213,0.2849999964237213,11667000,0.0,0.0
2023-03-16 09:00:00+08:00,0.2849999964237213,0.2849999964237213,0.2750000059604645,0.2800000011920929,4178000,0.0,0.0
2023-03-16 10:00:00+08:00,0.2800000011920929,0.2849999964237213,0.27000001072883606,0.2849999964237213,16010400,0.0,0.0
2023-03-16 11:00:00+08:00,0.2849999964237213,0.28999999165534973,0.2800000011920929,0.2849999964237213,7753500,0.0,0.0
2023-03-16 12:00:00+08:00,0.2849999964237213,0.2849999964237213,0.2849999964237213,0.2849999964237213,421300,0.0,0.0
2023-03-16 13:00:00+08:00,0.2849999964237213,0.28999999165534973,0.2800000011920929,0.2800000011920929,8659900,0.0,0.0
2023-03-16 14:00:00+08:00,0.2800000011920929,0.2849999964237213,0.2800000011920929,0.2800000011920929,2676200,0.0,0.0
2023-03-16 15:00:00+08:00,0.2800000011920929,0.2849999964237213,0.2800000011920929,0.2849999964237213,3444100,0.0,0.0
2023-03-16 16:00:00+08:00,0.2849999964237213,0.28999999165534973,0.2800000011920929,0.2849999964237213,11975900,0.0,0.0
2023-03-17 09:00:00+08:00,0.2849999964237213,0.28999999165534973,0.2849999964237213,0.2849999964237213,4612100,0.0,0.0
2023-03-17 10:00:00+08:00,0.2849999964237213,0.29499998688697815,0.2849999964237213,0.28999999165534973,18465900,0.0,0.0
2023-03-17 11:00:00+08:00,0.28999999165534973,0.28999999165534973,0.2849999964237213,0.28999999165534973,3968800,0.0,0.0
2023-03-17 12:00:00+08:00,0.28999999165534973,0.28999999165534973,0.28999999165534973,0.28999999165534973,1690700,0.0,0.0
2023-03-17 13:00:00+08:00,0.2849999964237213,0.28999999165534973,0.2849999964237213,0.2849999964237213,1551300,0.0,0.0
2023-03-17 14:00:00+08:00,0.2849999964237213,0.28999999165534973,0.2849999964237213,0.2849999964237213,3215100,0.0,0.0
2023-03-17 15:00:00+08:00,0.2849999964237213,0.28999999165534973,0.2800000011920929,0.2849999964237213,6507500,0.0,0.0
2023-03-17 16:00:00+08:00,0.2849999964237213,0.28999999165534973,0.2750000059604645,0.2849999964237213,22979800,0.0,0.0
2023-03-20 09:00:00+08:00,0.28999999165534973,0.28999999165534973,0.2800000011920929,0.2800000011920929,2034800,0.0,0.0
2023-03-20 10:00:00+08:00,0.2800000011920929,0.28999999165534973,0.2800000011920929,0.28999999165534973,2056800,0.0,0.0
2023-03-20 11:00:00+08:00,0.28999999165534973,0.28999999165534973,0.2849999964237213,0.28999999165534973,968500,0.0,0.0
2023-03-20 12:00:00+08:00,0.2849999964237213,0.2849999964237213,0.2849999964237213,0.2849999964237213,1104900,0.0,0.0
2023-03-20 13:00:00+08:00,0.2849999964237213,0.2849999964237213,0.2800000011920929,0.2800000011920929,3741000,0.0,0.0
2023-03-20 14:00:00+08:00,0.2800000011920929,0.2849999964237213,0.2800000011920929,0.2800000011920929,632500,0.0,0.0
2023-03-20 15:00:00+08:00,0.2800000011920929,0.2849999964237213,0.2750000059604645,0.2800000011920929,4172400,0.0,0.0
2023-03-20 16:00:00+08:00,0.2800000011920929,0.2800000011920929,0.2750000059604645,0.2800000011920929,1166700,0.0,0.0
2023-03-21 09:00:00+08:00,0.2849999964237213,0.2849999964237213,0.2800000011920929,0.2800000011920929,1316700,0.0,0.0
2023-03-21 10:00:00+08:00,0.2800000011920929,0.2849999964237213,0.2800000011920929,0.2800000011920929,996800,0.0,0.0
2023-03-21 11:00:00+08:00,0.2800000011920929,0.2849999964237213,0.2750000059604645,0.2800000011920929,5309800,0.0,0.0
2023-03-21 12:00:00+08:00,0.2800000011920929,0.2800000011920929,0.2800000011920929,0.2800000011920929,110200,0.0,0.0
2023-03-21 13:00:00+08:00,0.2800000011920929,0.2849999964237213,0.2800000011920929,0.2800000011920929,158700,0.0,0.0
2023-03-21 14:00:00+08:00,0.2800000011920929,0.2849999964237213,0.2800000011920929,0.2800000011920929,680500,0.0,0.0
2023-03-21 15:00:00+08:00,0.2800000011920929,0.2849999964237213,0.2750000059604645,0.2750000059604645,3606800,0.0,0.0
2023-03-21 16:00:00+08:00,0.2750000059604645,0.2800000011920929,0.2750000059604645,0.2800000011920929,1664600,0.0,0.0
2023-03-22 09:00:00+08:00,0.2800000011920929,0.2849999964237213,0.2800000011920929,0.2849999964237213,4000100,0.0,0.0
2023-03-22 10:00:00+08:00,0.2849999964237213,0.2849999964237213,0.2800000011920929,0.2849999964237213,4640800,0.0,0.0
2023-03-22 11:00:00+08:00,0.2849999964237213,0.2849999964237213,0.2800000011920929,0.2849999964237213,916700,0.0,0.0
2023-03-22 12:00:00+08:00,0.2849999964237213,0.2849999964237213,0.2849999964237213,0.2849999964237213,623900,0.0,0.0
2023-03-22 13:00:00+08:00,0.2849999964237213,0.2849999964237213,0.2800000011920929,0.2849999964237213,262200,0.0,0.0
2023-03-22 14:00:00+08:00,0.2849999964237213,0.2849999964237213,0.2800000011920929,0.2849999964237213,769000,0.0,0.0
2023-03-22 15:00:00+08:00,0.2849999964237213,0.2849999964237213,0.2800000011920929,0.2849999964237213,632500,0.0,0.0
2023-03-22 16:00:00+08:00,0.2849999964237213,0.28999999165534973,0.2800000011920929,0.2849999964237213,7783900,0.0,0.0
2023-03-23 09:00:00+08:00,0.2849999964237213,0.2849999964237213,0.2800000011920929,0.2800000011920929,17500,0.0,0.0
2023-03-23 10:00:00+08:00,0.2800000011920929,0.2849999964237213,0.2800000011920929,0.2800000011920929,851700,0.0,0.0
2023-03-23 11:00:00+08:00,0.2800000011920929,0.2849999964237213,0.2800000011920929,0.2849999964237213,286200,0.0,0.0
2023-03-23 12:00:00+08:00,0.2800000011920929,0.2800000011920929,0.2800000011920929,0.2800000011920929,37600,0.0,0.0
2023-03-23 13:00:00+08:00,0.2800000011920929,0.2849999964237213,0.2750000059604645,0.2800000011920929,10741500,0.0,0.0
2023-03-23 14:00:00+08:00,0.2800000011920929,0.2849999964237213,0.2800000011920929,0.2800000011920929,141700,0.0,0.0
2023-03-23 15:00:00+08:00,0.2800000011920929,0.2849999964237213,0.2800000011920929,0.2849999964237213,664500,0.0,0.0
2023-03-23 16:00:00+08:00,0.2849999964237213,0.2849999964237213,0.2800000011920929,0.2800000011920929,950300,0.0,0.0
2023-03-24 09:00:00+08:00,0.2800000011920929,0.2849999964237213,0.2800000011920929,0.2849999964237213,1586700,0.0,0.0
2023-03-24 10:00:00+08:00,0.2849999964237213,0.28999999165534973,0.2800000011920929,0.28999999165534973,4278100,0.0,0.0
2023-03-24 11:00:00+08:00,0.28999999165534973,0.28999999165534973,0.2849999964237213,0.2849999964237213,700300,0.0,0.0
2023-03-24 12:00:00+08:00,0.2849999964237213,0.28999999165534973,0.2849999964237213,0.28999999165534973,179400,0.0,0.0
2023-03-24 13:00:00+08:00,0.28999999165534973,0.28999999165534973,0.2849999964237213,0.2849999964237213,388600,0.0,0.0
2023-03-24 14:00:00+08:00,0.2849999964237213,0.28999999165534973,0.2849999964237213,0.28999999165534973,3340500,0.0,0.0
2023-03-24 15:00:00+08:00,0.28999999165534973,0.28999999165534973,0.2849999964237213,0.28999999165534973,357700,0.0,0.0
2023-03-24 16:00:00+08:00,0.28999999165534973,0.28999999165534973,0.2849999964237213,0.2849999964237213,1600400,0.0,0.0
2023-03-27 09:00:00+08:00,0.29499998688697815,0.29499998688697815,0.28999999165534973,0.28999999165534973,3753100,0.0,0.0
2023-03-27 10:00:00+08:00,0.28999999165534973,0.29499998688697815,0.28999999165534973,0.29499998688697815,2200700,0.0,0.0
2023-03-27 11:00:00+08:00,0.29499998688697815,0.29499998688697815,0.28999999165534973,0.28999999165534973,2162700,0.0,0.0
2023-03-27 12:00:00+08:00,0.28999999165534973,0.28999999165534973,0.28999999165534973,0.28999999165534973,295500,0.0,0.0
2023-03-27 13:00:00+08:00,0.28999999165534973,0.29499998688697815,0.28999999165534973,0.29499998688697815,1037200,0.0,0.0
2023-03-27 14:00:00+08:00,0.29499998688697815,0.29499998688697815,0.28999999165534973,0.28999999165534973,1120200,0.0,0.0
2023-03-27 15:00:00+08:00,0.28999999165534973,0.29499998688697815,0.2849999964237213,0.2849999964237213,6052200,0.0,0.0
2023-03-27 16:00:00+08:00,0.2849999964237213,0.28999999165534973,0.2849999964237213,0.2849999964237213,6189000,0.0,0.0
2023-03-28 09:00:00+08:00,0.28999999165534973,0.29499998688697815,0.2849999964237213,0.29499998688697815,4628300,0.0,0.0
2023-03-28 10:00:00+08:00,0.29499998688697815,0.29499998688697815,0.2849999964237213,0.28999999165534973,19105300,0.0,0.0
2023-03-28 11:00:00+08:00,0.28999999165534973,0.29499998688697815,0.2849999964237213,0.2849999964237213,4993000,0.0,0.0
2023-03-28 12:00:00+08:00,0.2849999964237213,0.28999999165534973,0.2849999964237213,0.28999999165534973,170800,0.0,0.0
2023-03-28 13:00:00+08:00,0.28999999165534973,0.28999999165534973,0.2849999964237213,0.28999999165534973,816200,0.0,0.0
2023-03-28 14:00:00+08:00,0.28999999165534973,0.28999999165534973,0.2849999964237213,0.28999999165534973,803100,0.0,0.0
2023-03-28 15:00:00+08:00,0.28999999165534973,0.28999999165534973,0.2849999964237213,0.28999999165534973,1516600,0.0,0.0
2023-03-28 16:00:00+08:00,0.28999999165534973,0.28999999165534973,0.2849999964237213,0.2849999964237213,3203000,0.0,0.0
2023-03-29 09:00:00+08:00,0.2849999964237213,0.28999999165534973,0.2800000011920929,0.28999999165534973,4059000,0.0,0.0
2023-03-29 10:00:00+08:00,0.28999999165534973,0.28999999165534973,0.2849999964237213,0.2849999964237213,60000,0.0,0.0
2023-03-29 11:00:00+08:00,0.2849999964237213,0.28999999165534973,0.2849999964237213,0.2849999964237213,58700,0.0,0.0
2023-03-29 12:00:00+08:00,0.2849999964237213,0.28999999165534973,0.2849999964237213,0.28999999165534973,48700,0.0,0.0
2023-03-29 13:00:00+08:00,0.28999999165534973,0.28999999165534973,0.2849999964237213,0.28999999165534973,25800,0.0,0.0
2023-03-29 14:00:00+08:00,0.28999999165534973,0.28999999165534973,0.2800000011920929,0.2849999964237213,7074800,0.0,0.0
2023-03-29 15:00:00+08:00,0.2849999964237213,0.28999999165534973,0.2849999964237213,0.2849999964237213,23100,0.0,0.0
2023-03-29 16:00:00+08:00,0.2849999964237213,0.28999999165534973,0.2849999964237213,0.2849999964237213,2100100,0.0,0.0
2023-03-30 09:00:00+08:00,0.28999999165534973,0.28999999165534973,0.2800000011920929,0.2800000011920929,4025100,0.0,0.0
2023-03-30 10:00:00+08:00,0.2800000011920929,0.2849999964237213,0.2800000011920929,0.2800000011920929,225800,0.0,0.0
2023-03-30 11:00:00+08:00,0.2800000011920929,0.2849999964237213,0.2800000011920929,0.2800000011920929,940100,0.0,0.0
2023-03-30 12:00:00+08:00,0.2800000011920929,0.2800000011920929,0.2800000011920929,0.2800000011920929,231000,0.0,0.0
2023-03-30 13:00:00+08:00,0.2800000011920929,0.2849999964237213,0.2800000011920929,0.2800000011920929,311500,0.0,0.0
2023-03-30 14:00:00+08:00,0.2800000011920929,0.2849999964237213,0.2800000011920929,0.2849999964237213,168400,0.0,0.0
2023-03-30 15:00:00+08:00,0.2849999964237213,0.2849999964237213,0.2800000011920929,0.2800000011920929,35400,0.0,0.0
2023-03-30 16:00:00+08:00,0.2800000011920929,0.2849999964237213,0.2800000011920929,0.2800000011920929,1154200,0.0,0.0
2023-03-31 09:00:00+08:00,0.2849999964237213,0.2849999964237213,0.2800000011920929,0.2800000011920929,14800,0.0,0.0
2023-03-31 10:00:00+08:00,0.2800000011920929,0.2849999964237213,0.2800000011920929,0.2800000011920929,64900,0.0,0.0
2023-03-31 11:00:00+08:00,0.2800000011920929,0.2849999964237213,0.2800000011920929,0.2800000011920929,20700,0.0,0.0
2023-03-31 12:00:00+08:00,0.2849999964237213,0.2849999964237213,0.2849999964237213,0.2849999964237213,15700,0.0,0.0
2023-03-31 13:00:00+08:00,0.2849999964237213,0.2849999964237213,0.2800000011920929,0.2800000011920929,22500,0.0,0.0
2023-03-31 14:00:00+08:00,0.2800000011920929,0.2849999964237213,0.2800000011920929,0.2800000011920929,283200,0.0,0.0
2023-03-31 15:00:00+08:00,0.2800000011920929,0.2849999964237213,0.2800000011920929,0.2800000011920929,73800,0.0,0.0
2023-03-31 16:00:00+08:00,0.2800000011920929,0.2849999964237213,0.2800000011920929,0.2849999964237213,185600,0.0,0.0
2023-04-03 09:00:00+08:00,0.2800000011920929,0.2849999964237213,0.2800000011920929,0.2800000011920929,5024900,0.0,0.0
2023-04-03 10:00:00+08:00,0.2800000011920929,0.2849999964237213,0.2800000011920929,0.2849999964237213,837800,0.0,0.0
2023-04-03 11:00:00+08:00,0.2849999964237213,0.2849999964237213,0.2800000011920929,0.2849999964237213,158000,0.0,0.0
2023-04-03 12:00:00+08:00,0.2849999964237213,0.2849999964237213,0.2849999964237213,0.2849999964237213,161300,0.0,0.0
2023-04-03 13:00:00+08:00,0.2849999964237213,0.28999999165534973,0.2800000011920929,0.2849999964237213,8757100,0.0,0.0
2023-04-03 14:00:00+08:00,0.2849999964237213,0.2849999964237213,0.2800000011920929,0.2800000011920929,492600,0.0,0.0
2023-04-03 15:00:00+08:00,0.2800000011920929,0.2849999964237213,0.2800000011920929,0.2800000011920929,3270900,0.0,0.0
2023-04-03 16:00:00+08:00,0.2800000011920929,0.28999999165534973,0.2800000011920929,0.28999999165534973,3528300,0.0,0.0
2023-04-04 09:00:00+08:00,0.28999999165534973,0.29499998688697815,0.2849999964237213,0.2849999964237213,6403800,0.0,0.0
2023-04-04 10:00:00+08:00,0.2849999964237213,0.2849999964237213,0.2849999964237213,0.2849999964237213,133900,0.0,0.0
2023-04-04 11:00:00+08:00,0.2849999964237213,0.28999999165534973,0.2849999964237213,0.2849999964237213,267700,0.0,0.0
2023-04-04 12:00:00+08:00,0.28999999165534973,0.28999999165534973,0.2849999964237213,0.2849999964237213,71800,0.0,0.0
2023-04-04 13:00:00+08:00,0.2849999964237213,0.28999999165534973,0.2849999964237213,0.28999999165534973,363500,0.0,0.0
2023-04-04 14:00:00+08:00,0.28999999165534973,0.28999999165534973,0.2849999964237213,0.2849999964237213,119600,0.0,0.0
2023-04-04 15:00:00+08:00,0.2849999964237213,0.28999999165534973,0.2849999964237213,0.28999999165534973,124100,0.0,0.0
2023-04-04 16:00:00+08:00,0.28999999165534973,0.28999999165534973,0.2849999964237213,0.2849999964237213,204400,0.0,0.0
2023-04-05 09:00:00+08:00,0.28999999165534973,0.28999999165534973,0.2849999964237213,0.28999999165534973,3006000,0.0,0.0
2023-04-05 10:00:00+08:00,0.28999999165534973,0.28999999165534973,0.2849999964237213,0.28999999165534973,467800,0.0,0.0
2023-04-05 11:00:00+08:00,0.28999999165534973,0.28999999165534973,0.2849999964237213,0.28999999165534973,446400,0.0,0.0
2023-04-05 12:00:00+08:00,0.2849999964237213,0.28999999165534973,0.2849999964237213,0.28999999165534973,38800,0.0,0.0
2023-04-05 13:00:00+08:00,0.28999999165534973,0.28999999165534973,0.2849999964237213,0.28999999165534973,151100,0.0,0.0
2023-04-05 14:00:00+08:00,0.28999999165534973,0.28999999165534973,0.2849999964237213,0.28999999165534973,156100,0.0,0.0
2023-04-05 15:00:00+08:00,0.28999999165534973,0.28999999165534973,0.2849999964237213,0.28999999165534973,205100,0.0,0.0
2023-04-05 16:00:00+08:00,0.28999999165534973,0.28999999165534973,0.2849999964237213,0.28999999165534973,574700,0.0,0.0
2023-04-06 09:00:00+08:00,0.2849999964237213,0.2849999964237213,0.2800000011920929,0.2800000011920929,5478200,0.0,0.0
2023-04-06 10:00:00+08:00,0.2800000011920929,0.2849999964237213,0.2800000011920929,0.2800000011920929,205400,0.0,0.0
2023-04-06 11:00:00+08:00,0.2800000011920929,0.2849999964237213,0.2800000011920929,0.2800000011920929,540800,0.0,0.0
2023-04-06 12:00:00+08:00,0.2800000011920929,0.2800000011920929,0.2800000011920929,0.2800000011920929,268700,0.0,0.0
2023-04-06 13:00:00+08:00,0.2800000011920929,0.2800000011920929,0.2800000011920929,0.2800000011920929,12000,0.0,0.0
2023-04-06 14:00:00+08:00,0.2800000011920929,0.2849999964237213,0.2800000011920929,0.2800000011920929,145500,0.0,0.0
2023-04-06 15:00:00+08:00,0.2800000011920929,0.2849999964237213,0.2800000011920929,0.2800000011920929,426400,0.0,0.0
2023-04-06 16:00:00+08:00,0.2800000011920929,0.2849999964237213,0.2800000011920929,0.2800000011920929,1899200,0.0,0.0
2023-04-10 09:00:00+08:00,0.28999999165534973,0.28999999165534973,0.2849999964237213,0.28999999165534973,9090700,0.0,0.0
2023-04-10 10:00:00+08:00,0.28999999165534973,0.28999999165534973,0.2849999964237213,0.28999999165534973,306900,0.0,0.0
2023-04-10 11:00:00+08:00,0.28999999165534973,0.28999999165534973,0.2849999964237213,0.28999999165534973,163600,0.0,0.0
2023-04-10 12:00:00+08:00,0.2849999964237213,0.28999999165534973,0.2849999964237213,0.28999999165534973,28700,0.0,0.0
2023-04-10 13:00:00+08:00,0.28999999165534973,0.28999999165534973,0.2849999964237213,0.28999999165534973,622000,0.0,0.0
2023-04-10 14:00:00+08:00,0.28999999165534973,0.28999999165534973,0.2849999964237213,0.28999999165534973,162000,0.0,0.0
2023-04-10 15:00:00+08:00,0.28999999165534973,0.28999999165534973,0.2800000011920929,0.28999999165534973,9658400,0.0,0.0
2023-04-10 16:00:00+08:00,0.28999999165534973,0.28999999165534973,0.2800000011920929,0.2849999964237213,890800,0.0,0.0
2023-04-11 09:00:00+08:00,0.2849999964237213,0.2849999964237213,0.2800000011920929,0.2800000011920929,142900,0.0,0.0
2023-04-11 10:00:00+08:00,0.2800000011920929,0.2849999964237213,0.2800000011920929,0.2849999964237213,78700,0.0,0.0
2023-04-11 11:00:00+08:00,0.2849999964237213,0.2849999964237213,0.2800000011920929,0.2800000011920929,142700,0.0,0.0
2023-04-11 12:00:00+08:00,0.2800000011920929,0.2849999964237213,0.2800000011920929,0.2849999964237213,1114300,0.0,0.0
2023-04-11 13:00:00+08:00,0.2849999964237213,0.2849999964237213,0.2750000059604645,0.2750000059604645,10904900,0.0,0.0
2023-04-11 14:00:00+08:00,0.2750000059604645,0.2800000011920929,0.2750000059604645,0.2750000059604645,2558900,0.0,0.0
2023-04-11 15:00:00+08:00,0.2750000059604645,0.2800000011920929,0.2750000059604645,0.2750000059604645,3383000,0.0,0.0
2023-04-11 16:00:00+08:00,0.2750000059604645,0.2800000011920929,0.2750000059604645,0.2750000059604645,574200,0.0,0.0
2023-04-12 09:00:00+08:00,0.2800000011920929,0.2800000011920929,0.2750000059604645,0.2800000011920929,3002800,0.0,0.0
2023-04-12 10:00:00+08:00,0.2800000011920929,0.2800000011920929,0.2750000059604645,0.2750000059604645,1087900,0.0,0.0
2023-04-12 11:00:00+08:00,0.2750000059604645,0.2800000011920929,0.27000001072883606,0.27000001072883606,10600300,0.0,0.0
2023-04-12 12:00:00+08:00,0.27000001072883606,0.2750000059604645,0.27000001072883606,0.2750000059604645,305300,0.0,0.0
2023-04-12 13:00:00+08:00,0.2750000059604645,0.2800000011920929,0.2750000059604645,0.2800000011920929,4558700,0.0,0.0
2023-04-12 14:00:00+08:00,0.2800000011920929,0.2800000011920929,0.2750000059604645,0.2750000059604645,716700,0.0,0.0
2023-04-12 15:00:00+08:00,0.2750000059604645,0.2800000011920929,0.2750000059604645,0.2800000011920929,739600,0.0,0.0
2023-04-12 16:00:00+08:00,0.2800000011920929,0.2800000011920929,0.2750000059604645,0.2750000059604645,804900,0.0,0.0
2023-04-13 09:00:00+08:00,0.2800000011920929,0.2800000011920929,0.2750000059604645,0.2800000011920929,14500,0.0,0.0
2023-04-13 10:00:00+08:00,0.2800000011920929,0.2800000011920929,0.2750000059604645,0.2800000011920929,36600,0.0,0.0
2023-04-13 11:00:00+08:00,0.2800000011920929,0.2800000011920929,0.27000001072883606,0.2800000011920929,13584300,0.0,0.0
2023-04-13 12:00:00+08:00,0.2750000059604645,0.2800000011920929,0.2750000059604645,0.2800000011920929,338400,0.0,0.0
2023-04-13 13:00:00+08:00,0.2800000011920929,0.2800000011920929,0.2750000059604645,0.2800000011920929,571900,0.0,0.0
2023-04-13 14:00:00+08:00,0.2800000011920929,0.2800000011920929,0.27000001072883606,0.2800000011920929,5170500,0.0,0.0
2023-04-13 15:00:00+08:00,0.2800000011920929,0.2800000011920929,0.2750000059604645,0.2800000011920929,1023100,0.0,0.0
2023-04-13 16:00:00+08:00,0.2800000011920929,0.2800000011920929,0.2750000059604645,0.2800000011920929,1442800,0.0,0.0
2023-04-14 09:00:00+08:00,0.2800000011920929,0.2800000011920929,0.2750000059604645,0.2800000011920929,6400,0.0,0.0
2023-04-14 10:00:00+08:00,0.2800000011920929,0.2800000011920929,0.2750000059604645,0.2800000011920929,255400,0.0,0.0
2023-04-14 11:00:00+08:00,0.2800000011920929,0.2800000011920929,0.27000001072883606,0.27000001072883606,4789400,0.0,0.0
2023-04-14 12:00:00+08:00,0.27000001072883606,0.27000001072883606,0.27000001072883606,0.27000001072883606,5332600,0.0,0.0
2023-04-14 13:00:00+08:00,0.27000001072883606,0.2750000059604645,0.27000001072883606,0.27000001072883606,571400,0.0,0.0
2023-04-14 14:00:00+08:00,0.27000001072883606,0.2750000059604645,0.27000001072883606,0.27000001072883606,709700,0.0,0.0
2023-04-14 15:00:00+08:00,0.27000001072883606,0.2750000059604645,0.27000001072883606,0.2750000059604645,787000,0.0,0.0
2023-04-14 16:00:00+08:00,0.2750000059604645,0.2750000059604645,0.27000001072883606,0.27000001072883606,1442200,0.0,0.0
2023-04-17 09:00:00+08:00,0.27000001072883606,0.2750000059604645,0.27000001072883606,0.27000001072883606,345500,0.0,0.0
2023-04-17 10:00:00+08:00,0.27000001072883606,0.2750000059604645,0.27000001072883606,0.27000001072883606,305600,0.0,0.0
2023-04-17 11:00:00+08:00,0.27000001072883606,0.2750000059604645,0.27000001072883606,0.27000001072883606,454800,0.0,0.0
2023-04-17 12:00:00+08:00,0.27000001072883606,0.2750000059604645,0.27000001072883606,0.2750000059604645,150900,0.0,0.0
2023-04-17 13:00:00+08:00,0.2750000059604645,0.2750000059604645,0.27000001072883606,0.27000001072883606,297300,0.0,0.0
2023-04-17 14:00:00+08:00,0.27000001072883606,0.2750000059604645,0.27000001072883606,0.2750000059604645,453700,0.0,0.0
2023-04-17 15:00:00+08:00,0.2750000059604645,0.2750000059604645,0.27000001072883606,0.27000001072883606,239300,0.0,0.0
2023-04-17 16:00:00+08:00,0.27000001072883606,0.2750000059604645,0.27000001072883606,0.27000001072883606,1308800,0.0,0.0
2023-04-18 09:00:00+08:00,0.27000001072883606,0.2750000059604645,0.26499998569488525,0.27000001072883606,4221600,0.0,0.0
2023-04-18 10:00:00+08:00,0.27000001072883606,0.2750000059604645,0.27000001072883606,0.27000001072883606,175700,0.0,0.0
2023-04-18 11:00:00+08:00,0.27000001072883606,0.2750000059604645,0.27000001072883606,0.2750000059604645,284100,0.0,0.0
2023-04-18 12:00:00+08:00,0.2750000059604645,0.2750000059604645,0.2750000059604645,0.2750000059604645,96000,0.0,0.0
2023-04-18 13:00:00+08:00,0.2750000059604645,0.2750000059604645,0.27000001072883606,0.2750000059604645,37300,0.0,0.0
2023-04-18 14:00:00+08:00,0.2750000059604645,0.2750000059604645,0.27000001072883606,0.27000001072883606,152000,0.0,0.0
2023-04-18 15:00:00+08:00,0.27000001072883606,0.2750000059604645,0.27000001072883606,0.27000001072883606,177200,0.0,0.0
2023-04-18 16:00:00+08:00,0.27000001072883606,0.2750000059604645,0.27000001072883606,0.2750000059604645,1160500,0.0,0.0
2023-04-19 09:00:00+08:00,0.27000001072883606,0.2750000059604645,0.27000001072883606,0.27000001072883606,95800,0.0,0.0
2023-04-19 10:00:00+08:00,0.27000001072883606,0.2750000059604645,0.27000001072883606,0.27000001072883606,319900,0.0,0.0
2023-04-19 11:00:00+08:00,0.27000001072883606,0.2750000059604645,0.27000001072883606,0.2750000059604645,579100,0.0,0.0
2023-04-19 12:00:00+08:00,0.2750000059604645,0.2750000059604645,0.27000001072883606,0.27000001072883606,149100,0.0,0.0
2023-04-19 13:00:00+08:00,0.27000001072883606,0.2750000059604645,0.27000001072883606,0.27000001072883606,47400,0.0,0.0
2023-04-19 14:00:00+08:00,0.27000001072883606,0.2750000059604645,0.27000001072883606,0.27000001072883606,127300,0.0,0.0
2023-04-19 15:00:00+08:00,0.27000001072883606,0.2750000059604645,0.27000001072883606,0.27000001072883606,253900,0.0,0.0
2023-04-19 16:00:00+08:00,0.27000001072883606,0.2750000059604645,0.27000001072883606,0.27000001072883606,789700,0.0,0.0
2023-04-20 09:00:00+08:00,0.2750000059604645,0.2750000059604645,0.27000001072883606,0.27000001072883606,203600,0.0,0.0
2023-04-20 10:00:00+08:00,0.27000001072883606,0.2750000059604645,0.27000001072883606,0.2750000059604645,277400,0.0,0.0
2023-04-20 11:00:00+08:00,0.2750000059604645,0.2750000059604645,0.27000001072883606,0.27000001072883606,84200,0.0,0.0
2023-04-20 12:00:00+08:00,0.27000001072883606,0.27000001072883606,0.27000001072883606,0.27000001072883606,141600,0.0,0.0
2023-04-20 13:00:00+08:00,0.27000001072883606,0.2750000059604645,0.27000001072883606,0.2750000059604645,23000,0.0,0.0
2023-04-20 14:00:00+08:00,0.2750000059604645,0.2750000059604645,0.27000001072883606,0.27000001072883606,15900,0.0,0.0
2023-04-20 15:00:00+08:00,0.27000001072883606,0.2750000059604645,0.27000001072883606,0.27000001072883606,15000,0.0,0.0
2023-04-20 16:00:00+08:00,0.27000001072883606,0.2750000059604645,0.27000001072883606,0.27000001072883606,53900,0.0,0.0
2023-04-21 09:00:00+08:00,0.27000001072883606,0.2750000059604645,0.27000001072883606,0.2750000059604645,726900,0.0,0.0
2023-04-21 10:00:00+08:00,0.2750000059604645,0.2750000059604645,0.27000001072883606,0.27000001072883606,19800,0.0,0.0
2023-04-21 11:00:00+08:00,0.27000001072883606,0.2750000059604645,0.27000001072883606,0.27000001072883606,99400,0.0,0.0
2023-04-21 12:00:00+08:00,0.27000001072883606,0.27000001072883606,0.27000001072883606,0.27000001072883606,127200,0.0,0.0
2023-04-21 13:00:00+08:00,0.27000001072883606,0.2750000059604645,0.27000001072883606,0.2750000059604645,125700,0.0,0.0
2023-04-21 14:00:00+08:00,0.2750000059604645,0.2750000059604645,0.27000001072883606,0.2750000059604645,104300,0.0,0.0
2023-04-21 15:00:00+08:00,0.2750000059604645,0.2750000059604645,0.27000001072883606,0.2750000059604645,72400,0.0,0.0
2023-04-21 16:00:00+08:00,0.2750000059604645,0.2750000059604645,0.27000001072883606,0.27000001072883606,1234700,0.0,0.0
2023-04-24 09:00:00+08:00,0.2750000059604645,0.2750000059604645,0.27000001072883606,0.27000001072883606,3484700,0.0,0.0
2023-04-24 10:00:00+08:00,0.27000001072883606,0.2750000059604645,0.27000001072883606,0.27000001072883606,224000,0.0,0.0
2023-04-24 11:00:00+08:00,0.27000001072883606,0.2750000059604645,0.27000001072883606,0.27000001072883606,312000,0.0,0.0
2023-04-24 12:00:00+08:00,0.27000001072883606,0.2750000059604645,0.27000001072883606,0.2750000059604645,96200,0.0,0.0
2023-04-24 13:00:00+08:00,0.2750000059604645,0.2750000059604645,0.27000001072883606,0.27000001072883606,217300,0.0,0.0
2023-04-24 14:00:00+08:00,0.27000001072883606,0.2750000059604645,0.27000001072883606,0.27000001072883606,195600,0.0,0.0
2023-04-24 15:00:00+08:00,0.27000001072883606,0.2750000059604645,0.27000001072883606,0.27000001072883606,220400,0.0,0.0
2023-04-24 16:00:00+08:00,0.27000001072883606,0.2750000059604645,0.27000001072883606,0.27000001072883606,743100,0.0,0.0
2023-04-25 09:00:00+08:00,0.27000001072883606,0.27000001072883606,0.25999999046325684,0.26499998569488525,24607100,0.0,0.0
2023-04-25 10:00:00+08:00,0.26499998569488525,0.26499998569488525,0.2549999952316284,0.26499998569488525,6955900,0.0,0.0
2023-04-25 11:00:00+08:00,0.26499998569488525,0.26499998569488525,0.2549999952316284,0.25999999046325684,5235400,0.0,0.0
2023-04-25 12:00:00+08:00,0.26499998569488525,0.26499998569488525,0.26499998569488525,0.26499998569488525,26700,0.0,0.0
2023-04-25 13:00:00+08:00,0.26499998569488525,0.26499998569488525,0.25999999046325684,0.26499998569488525,197400,0.0,0.0
2023-04-25 14:00:00+08:00,0.26499998569488525,0.27000001072883606,0.25999999046325684,0.26499998569488525,17692800,0.0,0.0
2023-04-25 15:00:00+08:00,0.26499998569488525,0.27000001072883606,0.26499998569488525,0.26499998569488525,399500,0.0,0.0
2023-04-25 16:00:00+08:00,0.26499998569488525,0.27000001072883606,0.26499998569488525,0.26499998569488525,666100,0.0,0.0
2023-04-26 09:00:00+08:00,0.27000001072883606,0.2750000059604645,0.26499998569488525,0.27000001072883606,10062200,0.0,0.0
2023-04-26 10:00:00+08:00,0.27000001072883606,0.2750000059604645,0.27000001072883606,0.27000001072883606,403700,0.0,0.0
2023-04-26 11:00:00+08:00,0.27000001072883606,0.2750000059604645,0.27000001072883606,0.2750000059604645,1098800,0.0,0.0
2023-04-26 12:00:00+08:00,0.2750000059604645,0.2750000059604645,0.2750000059604645,0.2750000059604645,199200,0.0,0.0
2023-04-26 13:00:00+08:00,0.2750000059604645,0.2750000059604645,0.27000001072883606,0.27000001072883606,77000,0.0,0.0
2023-04-26 14:00:00+08:00,0.27000001072883606,0.2750000059604645,0.27000001072883606,0.27000001072883606,5741700,0.0,0.0
2023-04-26 15:00:00+08:00,0.27000001072883606,0.2750000059604645,0.27000001072883606,0.27000001072883606,788400,0.0,0.0
2023-04-26 16:00:00+08:00,0.27000001072883606,0.2750000059604645,0.27000001072883606,0.2750000059604645,895400,0.0,0.0
2023-04-27 09:00:00+08:00,0.27000001072883606,0.2750000059604645,0.26499998569488525,0.27000001072883606,1927300,0.0,0.0
2023-04-27 10:00:00+08:00,0.27000001072883606,0.2750000059604645,0.27000001072883606,0.2750000059604645,67200,0.0,0.0
2023-04-27 11:00:00+08:00,0.2750000059604645,0.2750000059604645,0.27000001072883606,0.27000001072883606,229600,0.0,0.0
2023-04-27 12:00:00+08:00,0.2750000059604645,0.2750000059604645,0.2750000059604645,0.2750000059604645,31400,0.0,0.0
2023-04-27 13:00:00+08:00,0.2750000059604645,0.2750000059604645,0.27000001072883606,0.2750000059604645,74400,0.0,0.0
2023-04-27 14:00:00+08:00,0.2750000059604645,0.2750000059604645,0.27000001072883606,0.27000001072883606,208800,0.0,0.0
2023-04-27 15:00:00+08:00,0.27000001072883606,0.2750000059604645,0.27000001072883606,0.2750000059604645,237500,0.0,0.0
2023-04-27 16:00:00+08:00,0.2750000059604645,0.2750000059604645,0.27000001072883606,0.27000001072883606,231800,0.0,0.0
2023-04-28 09:00:00+08:00,0.2750000059604645,0.2750000059604645,0.27000001072883606,0.2750000059604645,185200,0.0,0.0
2023-04-28 10:00:00+08:00,0.2750000059604645,0.2750000059604645,0.27000001072883606,0.27000001072883606,38700,0.0,0.0
2023-04-28 11:00:00+08:00,0.27000001072883606,0.2750000059604645,0.27000001072883606,0.2750000059604645,34200,0.0,0.0
2023-04-28 12:00:00+08:00,0.27000001072883606,0.2750000059604645,0.27000001072883606,0.2750000059604645,5800,0.0,0.0
2023-04-28 13:00:00+08:00,0.2750000059604645,0.2750000059604645,0.27000001072883606,0.2750000059604645,65200,0.0,0.0
2023-04-28 14:00:00+08:00,0.2750000059604645,0.2750000059604645,0.27000001072883606,0.27000001072883606,72800,0.0,0.0
2023-04-28 15:00:00+08:00,0.27000001072883606,0.2750000059604645,0.27000001072883606,0.2750000059604645,1632600,0.0,0.0
2023-04-28 16:00:00+08:00,0.2750000059604645,0.2750000059604645,0.27000001072883606,0.2750000059604645,566300,0.0,0.0
2023-05-02 09:00:00+08:00,0.27000001072883606,0.2750000059604645,0.27000001072883606,0.27000001072883606,270700,0.0,0.0
2023-05-02 10:00:00+08:00,0.27000001072883606,0.2750000059604645,0.27000001072883606,0.2750000059604645,889600,0.0,0.0
2023-05-02 11:00:00+08:00,0.2750000059604645,0.2750000059604645,0.27000001072883606,0.2750000059604645,105600,0.0,0.0
2023-05-02 12:00:00+08:00,0.27000001072883606,0.27000001072883606,0.27000001072883606,0.27000001072883606,103200,0.0,0.0
2023-05-02 13:00:00+08:00,0.27000001072883606,0.2750000059604645,0.27000001072883606,0.27000001072883606,828400,0.0,0.0
2023-05-02 14:00:00+08:00,0.27000001072883606,0.2750000059604645,0.27000001072883606,0.2750000059604645,1267000,0.0,0.0
2023-05-02 15:00:00+08:00,0.2750000059604645,0.2750000059604645,0.27000001072883606,0.2750000059604645,139500,0.0,0.0
2023-05-02 16:00:00+08:00,0.2750000059604645,0.2750000059604645,0.27000001072883606,0.2750000059604645,335200,0.0,0.0
2023-05-03 09:00:00+08:00,0.2750000059604645,0.2750000059604645,0.26499998569488525,0.26499998569488525,1255400,0.0,0.0
2023-05-03 10:00:00+08:00,0.26499998569488525,0.27000001072883606,0.26499998569488525,0.26499998569488525,63200,0.0,0.0
2023-05-03 11:00:00+08:00,0.26499998569488525,0.27000001072883606,0.26499998569488525,0.27000001072883606,59700,0.0,0.0
2023-05-03 12:00:00+08:00,0.27000001072883606,0.27000001072883606,0.27000001072883606,0.27000001072883606,87400,0.0,0.0
2023-05-03 13:00:00+08:00,0.26499998569488525,0.27000001072883606,0.26499998569488525,0.27000001072883606,84600,0.0,0.0
2023-05-03 14:00:00+08:00,0.27000001072883606,0.27000001072883606,0.26499998569488525,0.26499998569488525,74900,0.0,0.0
2023-05-03 15:00:00+08:00,0.26499998569488525,0.27000001072883606,0.26499998569488525,0.26499998569488525,282300,0.0,0.0
2023-05-03 16:00:00+08:00,0.26499998569488525,0.27000001072883606,0.26499998569488525,0.27000001072883606,779400,0.0,0.0
2023-05-04 09:00:00+08:00,0.27000001072883606,0.27000001072883606,0.26499998569488525,0.26499998569488525,1051100,0.0,0.0
2023-05-04 10:00:00+08:00,0.26499998569488525,0.27000001072883606,0.26499998569488525,0.27000001072883606,760000,0.0,0.0
2023-05-04 11:00:00+08:00,0.27000001072883606,0.27000001072883606,0.26499998569488525,0.26499998569488525,0,0.0,0.0
2023-05-04 12:00:00+08:00,0.26499998569488525,0.26499998569488525,0.26499998569488525,0.26499998569488525,2843600,0.0,0.0
2023-05-04 13:00:00+08:00,0.26499998569488525,0.27000001072883606,0.26499998569488525,0.26499998569488525,377800,0.0,0.0
2023-05-04 14:00:00+08:00,0.26499998569488525,0.27000001072883606,0.26499998569488525,0.26499998569488525,811200,0.0,0.0
2023-05-04 15:00:00+08:00,0.26499998569488525,0.27000001072883606,0.26499998569488525,0.26499998569488525,476600,0.0,0.0
2023-05-04 16:00:00+08:00,0.26499998569488525,0.27000001072883606,0.26499998569488525,0.26499998569488525,1016800,0.0,0.0
2023-05-05 09:00:00+08:00,0.26499998569488525,0.26499998569488525,0.25999999046325684,0.26499998569488525,7059400,0.0,0.0
2023-05-05 10:00:00+08:00,0.26499998569488525,0.27000001072883606,0.26499998569488525,0.27000001072883606,372800,0.0,0.0
2023-05-05 11:00:00+08:00,0.27000001072883606,0.27000001072883606,0.26499998569488525,0.27000001072883606,132100,0.0,0.0
2023-05-05 12:00:00+08:00,0.26499998569488525,0.27000001072883606,0.26499998569488525,0.27000001072883606,60100,0.0,0.0
2023-05-05 13:00:00+08:00,0.27000001072883606,0.27000001072883606,0.26499998569488525,0.27000001072883606,132400,0.0,0.0
2023-05-05 14:00:00+08:00,0.27000001072883606,0.2750000059604645,0.26499998569488525,0.27000001072883606,6186400,0.0,0.0
2023-05-05 15:00:00+08:00,0.27000001072883606,0.27000001072883606,0.26499998569488525,0.26499998569488525,294900,0.0,0.0
2023-05-05 16:00:00+08:00,0.26499998569488525,0.27000001072883606,0.26499998569488525,0.26499998569488525,2490900,0.0,0.0
2023-05-08 09:00:00+08:00,0.26499998569488525,0.27000001072883606,0.26499998569488525,0.26499998569488525,150400,0.0,0.0
2023-05-08 10:00:00+08:00,0.26499998569488525,0.27000001072883606,0.26499998569488525,0.26499998569488525,384500,0.0,0.0
2023-05-08 11:00:00+08:00,0.26499998569488525,0.27000001072883606,0.26499998569488525,0.26499998569488525,58700,0.0,0.0
2023-05-08 12:00:00+08:00,0.26499998569488525,0.26499998569488525,0.26499998569488525,0.26499998569488525,26400,0.0,0.0
2023-05-08 13:00:00+08:00,0.26499998569488525,0.27000001072883606,0.26499998569488525,0.27000001072883606,145200,0.0,0.0
2023-05-08 14:00:00+08:00,0.27000001072883606,0.27000001072883606,0.26499998569488525,0.27000001072883606,190000,0.0,0.0
2023-05-08 15:00:00+08:00,0.27000001072883606,0.27000001072883606,0.26499998569488525,0.27000001072883606,206300,0.0,0.0
2023-05-08 16:00:00+08:00,0.27000001072883606,0.27000001072883606,0.26499998569488525,0.26499998569488525,3231300,0.0,0.0
2023-05-09 09:00:00+08:00,0.25999999046325684,0.27000001072883606,0.25999999046325684,0.27000001072883606,7482000,0.0,0.0
2023-05-09 10:00:00+08:00,0.27000001072883606,0.27000001072883606,0.26499998569488525,0.26499998569488525,603100,0.0,0.0
2023-05-09 11:00:00+08:00,0.26499998569488525,0.27000001072883606,0.26499998569488525,0.26499998569488525,1098100,0.0,0.0
2023-05-09 12:00:00+08:00,0.26499998569488525,0.26499998569488525,0.26499998569488525,0.26499998569488525,34900,0.0,0.0
2023-05-09 13:00:00+08:00,0.26499998569488525,0.27000001072883606,0.26499998569488525,0.27000001072883606,133400,0.0,0.0
2023-05-09 14:00:00+08:00,0.27000001072883606,0.27000001072883606,0.26499998569488525,0.26499998569488525,128300,0.0,0.0
2023-05-09 15:00:00+08:00,0.26499998569488525,0.27000001072883606,0.26499998569488525,0.26499998569488525,269400,0.0,0.0
2023-05-09 16:00:00+08:00,0.26499998569488525,0.27000001072883606,0.26499998569488525,0.26499998569488525,583500,0.0,0.0
2023-05-10 09:00:00+08:00,0.27000001072883606,0.27000001072883606,0.26499998569488525,0.27000001072883606,1437800,0.0,0.0
2023-05-10 10:00:00+08:00,0.27000001072883606,0.27000001072883606,0.26499998569488525,0.27000001072883606,3163400,0.0,0.0
2023-05-10 11:00:00+08:00,0.27000001072883606,0.27000001072883606,0.26499998569488525,0.27000001072883606,207700,0.0,0.0
2023-05-10 12:00:00+08:00,0.27000001072883606,0.27000001072883606,0.26499998569488525,0.26499998569488525,121200,0.0,0.0
2023-05-10 13:00:00+08:00,0.26499998569488525,0.27000001072883606,0.26499998569488525,0.26499998569488525,152000,0.0,0.0
2023-05-10 14:00:00+08:00,0.26499998569488525,0.27000001072883606,0.26499998569488525,0.27000001072883606,100500,0.0,0.0
2023-05-10 15:00:00+08:00,0.27000001072883606,0.27000001072883606,0.26499998569488525,0.26499998569488525,107300,0.0,0.0
2023-05-10 16:00:00+08:00,0.26499998569488525,0.27000001072883606,0.26499998569488525,0.26499998569488525,483700,0.0,0.0
2023-05-11 09:00:00+08:00,0.26499998569488525,0.27000001072883606,0.26499998569488525,0.27000001072883606,430600,0.0,0.0
2023-05-11 10:00:00+08:00,0.27000001072883606,0.27000001072883606,0.26499998569488525,0.27000001072883606,37100,0.0,0.0
2023-05-11 11:00:00+08:00,0.27000001072883606,0.27000001072883606,0.26499998569488525,0.26499998569488525,79400,0.0,0.0
2023-05-11 12:00:00+08:00,0.26499998569488525,0.27000001072883606,0.26499998569488525,0.27000001072883606,241300,0.0,0.0
2023-05-11 13:00:00+08:00,0.27000001072883606,0.27000001072883606,0.26499998569488525,0.27000001072883606,85800,0.0,0.0
2023-05-11 14:00:00+08:00,0.27000001072883606,0.27000001072883606,0.26499998569488525,0.26499998569488525,330500,0.0,0.0
2023-05-11 15:00:00+08:00,0.26499998569488525,0.27000001072883606,0.26499998569488525,0.27000001072883606,55400,0.0,0.0
2023-05-11 16:00:00+08:00,0.27000001072883606,0.27000001072883606,0.26499998569488525,0.26499998569488525,329500,0.0,0.0
2023-05-12 09:00:00+08:00,0.26499998569488525,0.27000001072883606,0.26499998569488525,0.27000001072883606,219500,0.0,0.0
2023-05-12 10:00:00+08:00,0.27000001072883606,0.27000001072883606,0.26499998569488525,0.26499998569488525,215000,0.0,0.0
2023-05-12 11:00:00+08:00,0.26499998569488525,0.27000001072883606,0.26499998569488525,0.26499998569488525,148500,0.0,0.0
2023-05-12 12:00:00+08:00,0.26499998569488525,0.26499998569488525,0.26499998569488525,0.26499998569488525,57400,0.0,0.0
2023-05-12 13:00:00+08:00,0.26499998569488525,0.27000001072883606,0.26499998569488525,0.26499998569488525,59000,0.0,0.0
2023-05-12 14:00:00+08:00,0.26499998569488525,0.27000001072883606,0.26499998569488525,0.27000001072883606,257200,0.0,0.0
2023-05-12 15:00:00+08:00,0.27000001072883606,0.27000001072883606,0.26499998569488525,0.26499998569488525,152900,0.0,0.0
2023-05-12 16:00:00+08:00,0.26499998569488525,0.27000001072883606,0.26499998569488525,0.26499998569488525,1626600,0.0,0.0
2023-05-15 09:00:00+08:00,0.27000001072883606,0.27000001072883606,0.25999999046325684,0.27000001072883606,6706200,0.0,0.0
2023-05-15 10:00:00+08:00,0.27000001072883606,0.27000001072883606,0.26499998569488525,0.27000001072883606,685000,0.0,0.0
2023-05-15 11:00:00+08:00,0.27000001072883606,0.27000001072883606,0.26499998569488525,0.26499998569488525,332200,0.0,0.0
2023-05-15 12:00:00+08:00,0.26499998569488525,0.26499998569488525,0.26499998569488525,0.26499998569488525,147600,0.0,0.0
2023-05-15 13:00:00+08:00,0.26499998569488525,0.27000001072883606,0.26499998569488525,0.26499998569488525,172000,0.0,0.0
2023-05-15 14:00:00+08:00,0.26499998569488525,0.27000001072883606,0.26499998569488525,0.26499998569488525,3776700,0.0,0.0
2023-05-15 15:00:00+08:00,0.26499998569488525,0.27000001072883606,0.26499998569488525,0.27000001072883606,255200,0.0,0.0
2023-05-15 16:00:00+08:00,0.27000001072883606,0.2750000059604645,0.26499998569488525,0.2750000059604645,5456100,0.0,0.0
2023-05-16 09:00:00+08:00,0.27000001072883606,0.27000001072883606,0.26499998569488525,0.27000001072883606,519200,0.0,0.0
2023-05-16 10:00:00+08:00,0.27000001072883606,0.27000001072883606,0.26499998569488525,0.26499998569488525,54300,0.0,0.0
2023-05-16 11:00:00+08:00,0.26499998569488525,0.27000001072883606,0.26499998569488525,0.26499998569488525,106000,0.0,0.0
2023-05-16 12:00:00+08:00,0.26499998569488525,0.27000001072883606,0.26499998569488525,0.27000001072883606,56700,0.0,0.0
2023-05-16 13:00:00+08:00,0.27000001072883606,0.27000001072883606,0.26499998569488525,0.26499998569488525,140800,0.0,0.0
2023-05-16 14:00:00+08:00,0.26499998569488525,0.27000001072883606,0.26499998569488525,0.26499998569488525,137700,0.0,0.0
2023-05-16 15:00:00+08:00,0.26499998569488525,0.27000001072883606,0.26499998569488525,0.26499998569488525,142900,0.0,0.0
2023-05-16 16:00:00+08:00,0.26499998569488525,0.27000001072883606,0.26499998569488525,0.26499998569488525,456800,0.0,0.0
2023-05-17 09:00:00+08:00,0.27000001072883606,0.27000001072883606,0.26499998569488525,0.27000001072883606,2805800,0.0,0.0
2023-05-17 10:00:00+08:00,0.27000001072883606,0.27000001072883606,0.26499998569488525,0.26499998569488525,160200,0.0,0.0
2023-05-17 11:00:00+08:00,0.26499998569488525,0.27000001072883606,0.26499998569488525,0.26499998569488525,175500,0.0,0.0
2023-05-17 12:00:00+08:00,0.27000001072883606,0.27000001072883606,0.27000001072883606,0.27000001072883606,78300,0.0,0.0
2023-05-17 13:00:00+08:00,0.27000001072883606,0.27000001072883606,0.26499998569488525,0.27000001072883606,19100,0.0,0.0
2023-05-17 14:00:00+08:00,0.27000001072883606,0.27000001072883606,0.26499998569488525,0.26499998569488525,309500,0.0,0.0
2023-05-17 15:00:00+08:00,0.26499998569488525,0.27000001072883606,0.26499998569488525,0.26499998569488525,230200,0.0,0.0
2023-05-17 16:00:00+08:00,0.26499998569488525,0.27000001072883606,0.26499998569488525,0.26499998569488525,639900,0.0,0.0
2023-05-18 09:00:00+08:00,0.27000001072883606,0.27000001072883606,0.27000001072883606,0.27000001072883606,7200,0.0,0.0
2023-05-18 10:00:00+08:00,0.27000001072883606,0.27000001072883606,0.26499998569488525,0.27000001072883606,150100,0.0,0.0
2023-05-18 11:00:00+08:00,0.27000001072883606,0.27000001072883606,0.26499998569488525,0.26499998569488525,0,0.0,0.0
2023-05-18 12:00:00+08:00,0.26499998569488525,0.26499998569488525,0.26499998569488525,0.26499998569488525,656700,0.0,0.0
2023-05-18 13:00:00+08:00,0.26499998569488525,0.27000001072883606,0.26499998569488525,0.26499998569488525,165400,0.0,0.0
2023-05-18 14:00:00+08:00,0.26499998569488525,0.27000001072883606,0.26499998569488525,0.26499998569488525,53900,0.0,0.0
2023-05-18 15:00:00+08:00,0.26499998569488525,0.27000001072883606,0.26499998569488525,0.26499998569488525,96900,0.0,0.0
2023-05-18 16:00:00+08:00,0.26499998569488525,0.27000001072883606,0.26499998569488525,0.27000001072883606,790300,0.0,0.0
2023-05-19 09:00:00+08:00,0.27000001072883606,0.27000001072883606,0.26499998569488525,0.27000001072883606,24900,0.0,0.0
2023-05-19 10:00:00+08:00,0.27000001072883606,0.27000001072883606,0.26499998569488525,0.27000001072883606,43900,0.0,0.0
2023-05-19 11:00:00+08:00,0.27000001072883606,0.27000001072883606,0.26499998569488525,0.27000001072883606,2463200,0.0,0.0
2023-05-19 12:00:00+08:00,0.26499998569488525,0.27000001072883606,0.26499998569488525,0.27000001072883606,140600,0.0,0.0
2023-05-19 13:00:00+08:00,0.27000001072883606,0.27000001072883606,0.26499998569488525,0.26499998569488525,725900,0.0,0.0
2023-05-19 14:00:00+08:00,0.26499998569488525,0.27000001072883606,0.26499998569488525,0.27000001072883606,236300,0.0,0.0
2023-05-19 15:00:00+08:00,0.27000001072883606,0.27000001072883606,0.26499998569488525,0.27000001072883606,197300,0.0,0.0
2023-05-19 16:00:00+08:00,0.27000001072883606,0.27000001072883606,0.26499998569488525,0.27000001072883606,674100,0.0,0.0
2023-05-22 09:00:00+08:00,0.26499998569488525,0.26499998569488525,0.25999999046325684,0.25999999046325684,3971300,0.0,0.0
2023-05-22 10:00:00+08:00,0.25999999046325684,0.26499998569488525,0.25999999046325684,0.26499998569488525,218100,0.0,0.0
2023-05-22 11:00:00+08:00,0.26499998569488525,0.26499998569488525,0.25999999046325684,0.25999999046325684,129500,0.0,0.0
2023-05-22 12:00:00+08:00,0.25999999046325684,0.25999999046325684,0.25999999046325684,0.25999999046325684,82900,0.0,0.0
2023-05-22 13:00:00+08:00,0.26499998569488525,0.26499998569488525,0.25999999046325684,0.25999999046325684,0,0.0,0.0
2023-05-22 14:00:00+08:00,0.25999999046325684,0.26499998569488525,0.25999999046325684,0.25999999046325684,4966500,0.0,0.0
2023-05-22 15:00:00+08:00,0.25999999046325684,0.26499998569488525,0.25999999046325684,0.25999999046325684,81300,0.0,0.0
2023-05-22 16:00:00+08:00,0.25999999046325684,0.26499998569488525,0.25999999046325684,0.25999999046325684,242100,0.0,0.0
2023-05-23 09:00:00+08:00,0.26499998569488525,0.26499998569488525,0.25999999046325684,0.26499998569488525,391300,0.0,0.0
2023-05-23 10:00:00+08:00,0.26499998569488525,0.26499998569488525,0.25999999046325684,0.26499998569488525,56700,0.0,0.0
2023-05-23 11:00:00+08:00,0.26499998569488525,0.26499998569488525,0.25999999046325684,0.25999999046325684,57100,0.0,0.0
2023-05-23 12:00:00+08:00,0.25999999046325684,0.25999999046325684,0.25999999046325684,0.25999999046325684,193000,0.0,0.0
2023-05-23 13:00:00+08:00,0.26499998569488525,0.27000001072883606,0.26499998569488525,0.27000001072883606,6065300,0.0,0.0
2023-05-23 14:00:00+08:00,0.27000001072883606,0.27000001072883606,0.26499998569488525,0.26499998569488525,120800,0.0,0.0
2023-05-23 15:00:00+08:00,0.26499998569488525,0.27000001072883606,0.26499998569488525,0.26499998569488525,317000,0.0,0.0
2023-05-23 16:00:00+08:00,0.26499998569488525,0.27000001072883606,0.26499998569488525,0.26499998569488525,505500,0.0,0.0
2023-05-24 09:00:00+08:00,0.25999999046325684,0.26499998569488525,0.25999999046325684,0.25999999046325684,180600,0.0,0.0
2023-05-24 10:00:00+08:00,0.25999999046325684,0.26499998569488525,0.25999999046325684,0.25999999046325684,188000,0.0,0.0
2023-05-24 11:00:00+08:00,0.25999999046325684,0.26499998569488525,0.25999999046325684,0.25999999046325684,405600,0.0,0.0
2023-05-24 12:00:00+08:00,0.25999999046325684,0.25999999046325684,0.25999999046325684,0.25999999046325684,155400,0.0,0.0
2023-05-24 13:00:00+08:00,0.26499998569488525,0.26499998569488525,0.25999999046325684,0.26499998569488525,139300,0.0,0.0
2023-05-24 14:00:00+08:00,0.26499998569488525,0.26499998569488525,0.25999999046325684,0.25999999046325684,168600,0.0,0.0
2023-05-24 15:00:00+08:00,0.25999999046325684,0.26499998569488525,0.25999999046325684,0.25999999046325684,158100,0.0,0.0
2023-05-24 16:00:00+08:00,0.25999999046325684,0.27000001072883606,0.25999999046325684,0.26499998569488525,6507200,0.0,0.0
2023-05-25 09:00:00+08:00,0.26499998569488525,0.26499998569488525,0.25999999046325684,0.25999999046325684,193900,0.0,0.0
2023-05-25 10:00:00+08:00,0.25999999046325684,0.27000001072883606,0.25999999046325684,0.27000001072883606,1703100,0.0,0.0
2023-05-25 11:00:00+08:00,0.27000001072883606,0.27000001072883606,0.26499998569488525,0.26499998569488525,696700,0.0,0.0
2023-05-25 12:00:00+08:00,0.26499998569488525,0.26499998569488525,0.26499998569488525,0.26499998569488525,52200,0.0,0.0
2023-05-25 13:00:00+08:00,0.26499998569488525,0.27000001072883606,0.26499998569488525,0.26499998569488525,179400,0.0,0.0
2023-05-25 14:00:00+08:00,0.26499998569488525,0.27000001072883606,0.26499998569488525,0.27000001072883606,344500,0.0,0.0
2023-05-25 15:00:00+08:00,0.27000001072883606,0.27000001072883606,0.26499998569488525,0.26499998569488525,97900,0.0,0.0
2023-05-25 16:00:00+08:00,0.26499998569488525,0.27000001072883606,0.26499998569488525,0.26499998569488525,756200,0.0,0.0
2023-05-26 09:00:00+08:00,0.26499998569488525,0.27000001072883606,0.26499998569488525,0.26499998569488525,111600,0.0,0.0
2023-05-26 10:00:00+08:00,0.26499998569488525,0.27000001072883606,0.26499998569488525,0.26499998569488525,16200,0.0,0.0
2023-05-26 11:00:00+08:00,0.26499998569488525,0.27000001072883606,0.26499998569488525,0.26499998569488525,142100,0.0,0.0
2023-05-26 12:00:00+08:00,0.26499998569488525,0.26499998569488525,0.26499998569488525,0.26499998569488525,79700,0.0,0.0
2023-05-26 13:00:00+08:00,0.26499998569488525,0.27000001072883606,0.26499998569488525,0.27000001072883606,27900,0.0,0.0
2023-05-26 14:00:00+08:00,0.27000001072883606,0.27000001072883606,0.26499998569488525,0.26499998569488525,76000,0.0,0.0
2023-05-26 15:00:00+08:00,0.26499998569488525,0.27000001072883606,0.26499998569488525,0.27000001072883606,69700,0.0,0.0
2023-05-26 16:00:00+08:00,0.27000001072883606,0.27000001072883606,0.26499998569488525,0.26499998569488525,1160400,0.0,0.0
2023-05-29 09:00:00+08:00,0.26499998569488525,0.27000001072883606,0.26499998569488525,0.26499998569488525,3023500,0.0,0.0
2023-05-29 10:00:00+08:00,0.26499998569488525,0.27000001072883606,0.26499998569488525,0.26499998569488525,367100,0.0,0.0
2023-05-29 11:00:00+08:00,0.26499998569488525,0.27000001072883606,0.26499998569488525,0.26499998569488525,186500,0.0,0.0
2023-05-29 12:00:00+08:00,0.26499998569488525,0.26499998569488525,0.26499998569488525,0.26499998569488525,58100,0.0,0.0
2023-05-29 13:00:00+08:00,0.26499998569488525,0.27000001072883606,0.26499998569488525,0.26499998569488525,379700,0.0,0.0
2023-05-29 14:00:00+08:00,0.26499998569488525,0.26499998569488525,0.26499998569488525,0.26499998569488525,0,0.0,0.0
2023-05-29 15:00:00+08:00,0.26499998569488525,0.27000001072883606,0.26499998569488525,0.26499998569488525,4833000,0.0,0.0
2023-05-29 16:00:00+08:00,0.26499998569488525,0.27000001072883606,0.26499998569488525,0.26499998569488525,595200,0.0,0.0
2023-05-30 09:00:00+08:00,0.26499998569488525,0.27000001072883606,0.26499998569488525,0.26499998569488525,112600,0.0,0.0
2023-05-30 10:00:00+08:00,0.26499998569488525,0.27000001072883606,0.26499998569488525,0.27000001072883606,59000,0.0,0.0
2023-05-30 11:00:00+08:00,0.27000001072883606,0.27000001072883606,0.26499998569488525,0.27000001072883606,51000,0.0,0.0
2023-05-30 12:00:00+08:00,0.26499998569488525,0.27000001072883606,0.26499998569488525,0.27000001072883606,52200,0.0,0.0
2023-05-30 13:00:00+08:00,0.27000001072883606,0.27000001072883606,0.26499998569488525,0.27000001072883606,46900,0.0,0.0
2023-05-30 14:00:00+08:00,0.27000001072883606,0.27000001072883606,0.26499998569488525,0.27000001072883606,58400,0.0,0.0
2023-05-30 15:00:00+08:00,0.27000001072883606,0.27000001072883606,0.26499998569488525,0.26499998569488525,188800,0.0,0.0
2023-05-30 16:00:00+08:00,0.26499998569488525,0.27000001072883606,0.26499998569488525,0.27000001072883606,302000,0.0,0.0
2023-05-31 09:00:00+08:00,0.27000001072883606,0.27000001072883606,0.26499998569488525,0.26499998569488525,1278800,0.0,0.0
2023-05-31 10:00:00+08:00,0.26499998569488525,0.27000001072883606,0.26499998569488525,0.26499998569488525,334300,0.0,0.0
2023-05-31 11:00:00+08:00,0.26499998569488525,0.27000001072883606,0.26499998569488525,0.26499998569488525,240800,0.0,0.0
2023-05-31 12:00:00+08:00,0.26499998569488525,0.26499998569488525,0.26499998569488525,0.26499998569488525,61800,0.0,0.0
2023-05-31 13:00:00+08:00,0.26499998569488525,0.27000001072883606,0.26499998569488525,0.26499998569488525,63100,0.0,0.0
2023-05-31 14:00:00+08:00,0.26499998569488525,0.27000001072883606,0.26499998569488525,0.27000001072883606,706000,0.0,0.0
2023-05-31 15:00:00+08:00,0.27000001072883606,0.27000001072883606,0.26499998569488525,0.26499998569488525,86300,0.0,0.0
2023-05-31 16:00:00+08:00,0.26499998569488525,0.27000001072883606,0.26499998569488525,0.26499998569488525,3418400,0.0,0.0
2023-06-01 09:00:00+08:00,0.26499998569488525,0.27000001072883606,0.26499998569488525,0.26499998569488525,252200,0.0,0.0
2023-06-01 10:00:00+08:00,0.26499998569488525,0.27000001072883606,0.26499998569488525,0.26499998569488525,113700,0.0,0.0
2023-06-01 11:00:00+08:00,0.26499998569488525,0.27000001072883606,0.26499998569488525,0.26499998569488525,305800,0.0,0.0
2023-06-01 12:00:00+08:00,0.26499998569488525,0.26499998569488525,0.26499998569488525,0.26499998569488525,72600,0.0,0.0
2023-06-01 13:00:00+08:00,0.26499998569488525,0.27000001072883606,0.26499998569488525,0.26499998569488525,718900,0.0,0.0
2023-06-01 14:00:00+08:00,0.26499998569488525,0.27000001072883606,0.26499998569488525,0.26499998569488525,0,0.0,0.0
2023-06-01 15:00:00+08:00,0.26499998569488525,0.27000001072883606,0.26499998569488525,0.26499998569488525,2429100,0.0,0.0
2023-06-01 16:00:00+08:00,0.26499998569488525,0.27000001072883606,0.26499998569488525,0.26499998569488525,748300,0.0,0.0
2023-06-05 09:00:00+08:00,0.26499998569488525,0.27000001072883606,0.25999999046325684,0.26499998569488525,5013200,0.0,0.0
2023-06-05 10:00:00+08:00,0.26499998569488525,0.27000001072883606,0.26499998569488525,0.27000001072883606,141200,0.0,0.0
2023-06-05 11:00:00+08:00,0.27000001072883606,0.27000001072883606,0.26499998569488525,0.27000001072883606,267500,0.0,0.0
2023-06-05 12:00:00+08:00,0.26499998569488525,0.27000001072883606,0.26499998569488525,0.27000001072883606,62100,0.0,0.0
2023-06-05 13:00:00+08:00,0.27000001072883606,0.27000001072883606,0.26499998569488525,0.27000001072883606,176200,0.0,0.0
2023-06-05 14:00:00+08:00,0.27000001072883606,0.27000001072883606,0.26499998569488525,0.26499998569488525,285400,0.0,0.0
2023-06-05 15:00:00+08:00,0.26499998569488525,0.27000001072883606,0.26499998569488525,0.26499998569488525,261800,0.0,0.0
2023-06-05 16:00:00+08:00,0.26499998569488525,0.27000001072883606,0.26499998569488525,0.27000001072883606,490000,0.0,0.0
2023-06-06 09:00:00+08:00,0.26499998569488525,0.27000001072883606,0.26499998569488525,0.26499998569488525,953400,0.0,0.0
2023-06-06 10:00:00+08:00,0.26499998569488525,0.27000001072883606,0.26499998569488525,0.27000001072883606,174800,0.0,0.0
2023-06-06 11:00:00+08:00,0.27000001072883606,0.27000001072883606,0.26499998569488525,0.27000001072883606,300400,0.0,0.0
2023-06-06 12:00:00+08:00,0.26499998569488525,0.27000001072883606,0.26499998569488525,0.27000001072883606,56200,0.0,0.0
2023-06-06 13:00:00+08:00,0.27000001072883606,0.27000001072883606,0.26499998569488525,0.26499998569488525,145100,0.0,0.0
2023-06-06 14:00:00+08:00,0.26499998569488525,0.27000001072883606,0.26499998569488525,0.26499998569488525,145900,0.0,0.0
2023-06-06 15:00:00+08:00,0.26499998569488525,0.27000001072883606,0.26499998569488525,0.26499998569488525,4712500,0.0,0.0
2023-06-06 16:00:00+08:00,0.26499998569488525,0.27000001072883606,0.26499998569488525,0.26499998569488525,720900,0.0,0.0
2023-06-07 09:00:00+08:00,0.26499998569488525,0.26499998569488525,0.26499998569488525,0.26499998569488525,8061900,0.0,0.0
2023-06-07 10:00:00+08:00,0.26499998569488525,0.27000001072883606,0.26499998569488525,0.27000001072883606,4320900,0.0,0.0
2023-06-07 11:00:00+08:00,0.27000001072883606,0.27000001072883606,0.26499998569488525,0.26499998569488525,197400,0.0,0.0
2023-06-07 12:00:00+08:00,0.26499998569488525,0.26499998569488525,0.26499998569488525,0.26499998569488525,23600,0.0,0.0
2023-06-07 13:00:00+08:00,0.26499998569488525,0.27000001072883606,0.26499998569488525,0.26499998569488525,391600,0.0,0.0
2023-06-07 14:00:00+08:00,0.26499998569488525,0.27000001072883606,0.26499998569488525,0.27000001072883606,315200,0.0,0.0
2023-06-07 15:00:00+08:00,0.27000001072883606,0.27000001072883606,0.26499998569488525,0.27000001072883606,497800,0.0,0.0
2023-06-07 16:00:00+08:00,0.27000001072883606,0.27000001072883606,0.26499998569488525,0.26499998569488525,628500,0.0,0.0
2023-06-08 09:00:00+08:00,0.26499998569488525,0.27000001072883606,0.26499998569488525,0.27000001072883606,105400,0.0,0.0
2023-06-08 10:00:00+08:00,0.27000001072883606,0.27000001072883606,0.26499998569488525,0.27000001072883606,118900,0.0,0.0
2023-06-08 11:00:00+08:00,0.27000001072883606,0.27000001072883606,0.26499998569488525,0.27000001072883606,79200,0.0,0.0
2023-06-08 12:00:00+08:00,0.26499998569488525,0.26499998569488525,0.26499998569488525,0.26499998569488525,12100,0.0,0.0
2023-06-08 13:00:00+08:00,0.26499998569488525,0.27000001072883606,0.26499998569488525,0.27000001072883606,51700,0.0,0.0
2023-06-08 14:00:00+08:00,0.27000001072883606,0.27000001072883606,0.26499998569488525,0.27000001072883606,114400,0.0,0.0
2023-06-08 15:00:00+08:00,0.27000001072883606,0.27000001072883606,0.26499998569488525,0.27000001072883606,82900,0.0,0.0
2023-06-08 16:00:00+08:00,0.27000001072883606,0.27000001072883606,0.26499998569488525,0.27000001072883606,150100,0.0,0.0
2023-06-09 09:00:00+08:00,0.27000001072883606,0.27000001072883606,0.26499998569488525,0.27000001072883606,1389200,0.0,0.0
2023-06-09 10:00:00+08:00,0.27000001072883606,0.27000001072883606,0.26499998569488525,0.26499998569488525,1209600,0.0,0.0
2023-06-09 11:00:00+08:00,0.26499998569488525,0.27000001072883606,0.26499998569488525,0.26499998569488525,179100,0.0,0.0
2023-06-09 12:00:00+08:00,0.26499998569488525,0.26499998569488525,0.26499998569488525,0.26499998569488525,77800,0.0,0.0
2023-06-09 13:00:00+08:00,0.26499998569488525,0.27000001072883606,0.26499998569488525,0.26499998569488525,475400,0.0,0.0
2023-06-09 14:00:00+08:00,0.26499998569488525,0.27000001072883606,0.26499998569488525,0.26499998569488525,89900,0.0,0.0
2023-06-09 15:00:00+08:00,0.26499998569488525,0.27000001072883606,0.26499998569488525,0.26499998569488525,166400,0.0,0.0
2023-06-09 16:00:00+08:00,0.26499998569488525,0.27000001072883606,0.26499998569488525,0.27000001072883606,381800,0.0,0.0
2023-06-12 09:00:00+08:00,0.27000001072883606,0.27000001072883606,0.26499998569488525,0.27000001072883606,172600,0.0,0.0
2023-06-12 10:00:00+08:00,0.27000001072883606,0.27000001072883606,0.26499998569488525,0.26499998569488525,18500,0.0,0.0
2023-06-12 11:00:00+08:00,0.26499998569488525,0.27000001072883606,0.26499998569488525,0.27000001072883606,40600,0.0,0.0
2023-06-12 12:00:00+08:00,0.26499998569488525,0.27000001072883606,0.26499998569488525,0.27000001072883606,37900,0.0,0.0
2023-06-12 13:00:00+08:00,0.27000001072883606,0.27000001072883606,0.26499998569488525,0.27000001072883606,34900,0.0,0.0
2023-06-12 14:00:00+08:00,0.27000001072883606,0.27000001072883606,0.26499998569488525,0.26499998569488525,36900,0.0,0.0
2023-06-12 15:00:00+08:00,0.26499998569488525,0.27000001072883606,0.26499998569488525,0.27000001072883606,198700,0.0,0.0
2023-06-12 16:00:00+08:00,0.27000001072883606,0.27000001072883606,0.2549999952316284,0.25999999046325684,30977900,0.0,0.0
2023-06-13 09:00:00+08:00,0.25999999046325684,0.26499998569488525,0.2549999952316284,0.25999999046325684,13688000,0.0,0.0
2023-06-13 10:00:00+08:00,0.25999999046325684,0.25999999046325684,0.2549999952316284,0.2549999952316284,268900,0.0,0.0
2023-06-13 11:00:00+08:00,0.2549999952316284,0.25999999046325684,0.2549999952316284,0.25999999046325684,402600,0.0,0.0
2023-06-13 12:00:00+08:00,0.25999999046325684,0.25999999046325684,0.2549999952316284,0.2549999952316284,90900,0.0,0.0
2023-06-13 13:00:00+08:00,0.2549999952316284,0.26499998569488525,0.2549999952316284,0.25999999046325684,5663300,0.0,0.0
2023-06-13 14:00:00+08:00,0.25999999046325684,0.26499998569488525,0.2549999952316284,0.25999999046325684,60971000,0.0,0.0
2023-06-13 15:00:00+08:00,0.25999999046325684,0.26499998569488525,0.25999999046325684,0.26499998569488525,89800,0.0,0.0
2023-06-13 16:00:00+08:00,0.26499998569488525,0.26499998569488525,0.25999999046325684,0.26499998569488525,659900,0.0,0.0
2023-06-14 09:00:00+08:00,0.25999999046325684,0.2750000059604645,0.25999999046325684,0.2750000059604645,38070300,0.0,0.0
2023-06-14 10:00:00+08:00,0.2750000059604645,0.2750000059604645,0.26499998569488525,0.26499998569488525,4908600,0.0,0.0
2023-06-14 11:00:00+08:00,0.26499998569488525,0.27000001072883606,0.26499998569488525,0.26499998569488525,367200,0.0,0.0
2023-06-14 12:00:00+08:00,0.26499998569488525,0.27000001072883606,0.26499998569488525,0.27000001072883606,57500,0.0,0.0
2023-06-14 13:00:00+08:00,0.27000001072883606,0.2750000059604645,0.26499998569488525,0.27000001072883606,3794300,0.0,0.0
2023-06-14 14:00:00+08:00,0.27000001072883606,0.27000001072883606,0.26499998569488525,0.27000001072883606,1305100,0.0,0.0
2023-06-14 15:00:00+08:00,0.27000001072883606,0.27000001072883606,0.26499998569488525,0.26499998569488525,205400,0.0,0.0
2023-06-14 16:00:00+08:00,0.26499998569488525,0.2750000059604645,0.26499998569488525,0.2750000059604645,1486300,0.0,0.0
2023-06-15 09:00:00+08:00,0.27000001072883606,0.2750000059604645,0.27000001072883606,0.2750000059604645,146600,0.0,0.0
2023-06-15 10:00:00+08:00,0.2750000059604645,0.2750000059604645,0.27000001072883606,0.27000001072883606,175500,0.0,0.0
2023-06-15 11:00:00+08:00,0.27000001072883606,0.2750000059604645,0.27000001072883606,0.2750000059604645,159300,0.0,0.0
2023-06-15 12:00:00+08:00,0.2750000059604645,0.2750000059604645,0.2750000059604645,0.2750000059604645,28500,0.0,0.0
2023-06-15 13:00:00+08:00,0.2750000059604645,0.2750000059604645,0.27000001072883606,0.27000001072883606,1496600,0.0,0.0
2023-06-15 14:00:00+08:00,0.27000001072883606,0.2750000059604645,0.27000001072883606,0.2750000059604645,373700,0.0,0.0
2023-06-15 15:00:00+08:00,0.2750000059604645,0.2750000059604645,0.27000001072883606,0.2750000059604645,268800,0.0,0.0
2023-06-15 16:00:00+08:00,0.2750000059604645,0.2750000059604645,0.27000001072883606,0.2750000059604645,1446500,0.0,0.0
2023-06-16 09:00:00+08:00,0.27000001072883606,0.2750000059604645,0.27000001072883606,0.27000001072883606,22700,0.0,0.0
2023-06-16 10:00:00+08:00,0.27000001072883606,0.2750000059604645,0.27000001072883606,0.2750000059604645,1110200,0.0,0.0
2023-06-16 11:00:00+08:00,0.2750000059604645,0.2750000059604645,0.27000001072883606,0.27000001072883606,292800,0.0,0.0
2023-06-16 12:00:00+08:00,0.27000001072883606,0.27000001072883606,0.27000001072883606,0.27000001072883606,118800,0.0,0.0
2023-06-16 13:00:00+08:00,0.27000001072883606,0.2750000059604645,0.27000001072883606,0.27000001072883606,136500,0.0,0.0
2023-06-16 14:00:00+08:00,0.27000001072883606,0.2750000059604645,0.27000001072883606,0.27000001072883606,616000,0.0,0.0
2023-06-16 15:00:00+08:00,0.27000001072883606,0.2750000059604645,0.27000001072883606,0.27000001072883606,492900,0.0,0.0
2023-06-16 16:00:00+08:00,0.27000001072883606,0.2750000059604645,0.27000001072883606,0.27000001072883606,314500,0.0,0.0
2023-06-19 09:00:00+08:00,0.27000001072883606,0.27000001072883606,0.26499998569488525,0.26499998569488525,3338600,0.0,0.0
2023-06-19 10:00:00+08:00,0.26499998569488525,0.27000001072883606,0.26499998569488525,0.26499998569488525,526500,0.0,0.0
2023-06-19 11:00:00+08:00,0.26499998569488525,0.27000001072883606,0.26499998569488525,0.26499998569488525,834000,0.0,0.0
2023-06-19 12:00:00+08:00,0.27000001072883606,0.27000001072883606,0.26499998569488525,0.26499998569488525,172900,0.0,0.0
2023-06-19 13:00:00+08:00,0.26499998569488525,0.27000001072883606,0.26499998569488525,0.26499998569488525,238900,0.0,0.0
2023-06-19 14:00:00+08:00,0.26499998569488525,0.27000001072883606,0.26499998569488525,0.26499998569488525,340000,0.0,0.0
2023-06-19 15:00:00+08:00,0.26499998569488525,0.27000001072883606,0.26499998569488525,0.26499998569488525,198900,0.0,0.0
2023-06-19 16:00:00+08:00,0.26499998569488525,0.27000001072883606,0.26499998569488525,0.26499998569488525,1601200,0.0,0.0
2023-06-20 09:00:00+08:00,0.27000001072883606,0.27000001072883606,0.26499998569488525,0.26499998569488525,320400,0.0,0.0
2023-06-20 10:00:00+08:00,0.26499998569488525,0.27000001072883606,0.26499998569488525,0.27000001072883606,52300,0.0,0.0
2023-06-20 11:00:00+08:00,0.27000001072883606,0.27000001072883606,0.26499998569488525,0.26499998569488525,117400,0.0,0.0
2023-06-20 12:00:00+08:00,0.26499998569488525,0.26499998569488525,0.26499998569488525,0.26499998569488525,206800,0.0,0.0
2023-06-20 13:00:00+08:00,0.26499998569488525,0.26499998569488525,0.25999999046325684,0.25999999046325684,5409000,0.0,0.0
2023-06-20 14:00:00+08:00,0.25999999046325684,0.26499998569488525,0.25999999046325684,0.25999999046325684,280000,0.0,0.0
2023-06-20 15:00:00+08:00,0.25999999046325684,0.26499998569488525,0.25999999046325684,0.25999999046325684,75400,0.0,0.0
2023-06-20 16:00:00+08:00,0.25999999046325684,0.26499998569488525,0.25999999046325684,0.25999999046325684,274900,0.0,0.0
2023-06-21 09:00:00+08:00,0.26499998569488525,0.26499998569488525,0.25999999046325684,0.25999999046325684,268100,0.0,0.0
2023-06-21 10:00:00+08:00,0.25999999046325684,0.26499998569488525,0.25999999046325684,0.25999999046325684,84200,0.0,0.0
2023-06-21 11:00:00+08:00,0.25999999046325684,0.26499998569488525,0.25999999046325684,0.25999999046325684,227500,0.0,0.0
2023-06-21 12:00:00+08:00,0.26499998569488525,0.26499998569488525,0.26499998569488525,0.26499998569488525,84400,0.0,0.0
2023-06-21 13:00:00+08:00,0.26499998569488525,0.26499998569488525,0.25999999046325684,0.25999999046325684,13100,0.0,0.0
2023-06-21 14:00:00+08:00,0.25999999046325684,0.26499998569488525,0.25999999046325684,0.25999999046325684,38100,0.0,0.0
2023-06-21 15:00:00+08:00,0.25999999046325684,0.26499998569488525,0.25,0.2549999952316284,38094000,0.0,0.0
2023-06-21 16:00:00+08:00,0.2549999952316284,0.26499998569488525,0.2549999952316284,0.2549999952316284,36137000,0.0,0.0
2023-06-22 09:00:00+08:00,0.2549999952316284,0.25999999046325684,0.2549999952316284,0.2549999952316284,805400,0.0,0.0
2023-06-22 10:00:00+08:00,0.2549999952316284,0.25999999046325684,0.2549999952316284,0.2549999952316284,399000,0.0,0.0
2023-06-22 11:00:00+08:00,0.2549999952316284,0.25999999046325684,0.2549999952316284,0.2549999952316284,256900,0.0,0.0
2023-06-22 12:00:00+08:00,0.2549999952316284,0.25999999046325684,0.2549999952316284,0.25999999046325684,166400,0.0,0.0
2023-06-22 13:00:00+08:00,0.25999999046325684,0.25999999046325684,0.2549999952316284,0.2549999952316284,624300,0.0,0.0
2023-06-22 14:00:00+08:00,0.2549999952316284,0.25999999046325684,0.2549999952316284,0.2549999952316284,326800,0.0,0.0
2023-06-22 15:00:00+08:00,0.2549999952316284,0.25999999046325684,0.2549999952316284,0.2549999952316284,234000,0.0,0.0
2023-06-22 16:00:00+08:00,0.2549999952316284,0.2549999952316284,0.25,0.25,11383300,0.0,0.0
2023-06-23 09:00:00+08:00,0.2549999952316284,0.25999999046325684,0.25,0.25999999046325684,6789000,0.0,0.0
2023-06-23 10:00:00+08:00,0.25999999046325684,0.25999999046325684,0.2549999952316284,0.25999999046325684,204300,0.0,0.0
2023-06-23 11:00:00+08:00,0.25999999046325684,0.25999999046325684,0.2549999952316284,0.25999999046325684,357900,0.0,0.0
2023-06-23 12:00:00+08:00,0.25999999046325684,0.25999999046325684,0.2549999952316284,0.2549999952316284,71200,0.0,0.0
2023-06-23 13:00:00+08:00,0.2549999952316284,0.25999999046325684,0.2549999952316284,0.25999999046325684,124800,0.0,0.0
2023-06-23 14:00:00+08:00,0.25999999046325684,0.25999999046325684,0.25,0.2549999952316284,15596000,0.0,0.0
2023-06-23 15:00:00+08:00,0.2549999952316284,0.2549999952316284,0.25,0.25,13278800,0.0,0.0
2023-06-23 16:00:00+08:00,0.25,0.2549999952316284,0.25,0.2549999952316284,980900,0.0,0.0
2023-06-26 09:00:00+08:00,0.25,0.2549999952316284,0.24500000476837158,0.25,17123700,0.0,0.0
2023-06-26 10:00:00+08:00,0.25,0.2549999952316284,0.25,0.25,157700,0.0,0.0
2023-06-26 11:00:00+08:00,0.25,0.2549999952316284,0.25,0.25,174300,0.0,0.0
2023-06-26 12:00:00+08:00,0.25,0.25,0.25,0.25,500,0.0,0.0
2023-06-26 13:00:00+08:00,0.25,0.2549999952316284,0.25,0.25,188900,0.0,0.0
2023-06-26 14:00:00+08:00,0.25,0.2549999952316284,0.25,0.25,88800,0.0,0.0
2023-06-26 15:00:00+08:00,0.25,0.2549999952316284,0.25,0.25,54700,0.0,0.0
2023-06-26 16:00:00+08:00,0.25,0.2549999952316284,0.25,0.2549999952316284,125200,0.0,0.0
2023-06-27 09:00:00+08:00,0.25,0.2549999952316284,0.25,0.25,58700,0.0,0.0
2023-06-27 10:00:00+08:00,0.25,0.2549999952316284,0.25,0.25,3222800,0.0,0.0
2023-06-27 11:00:00+08:00,0.25,0.2549999952316284,0.25,0.25,447500,0.0,0.0
2023-06-27 12:00:00+08:00,0.25,0.25,0.25,0.25,8700,0.0,0.0
2023-06-27 13:00:00+08:00,0.25,0.2549999952316284,0.25,0.25,112000,0.0,0.0
2023-06-27 14:00:00+08:00,0.25,0.2549999952316284,0.25,0.25,38200,0.0,0.0
2023-06-27 15:00:00+08:00,0.25,0.2549999952316284,0.25,0.25,63100,0.0,0.0
2023-06-27 16:00:00+08:00,0.25,0.2549999952316284,0.25,0.25,195900,0.0,0.0
2023-06-28 09:00:00+08:00,0.25,0.2549999952316284,0.25,0.25,306300,0.0,0.0
2023-06-28 10:00:00+08:00,0.25,0.2549999952316284,0.25,0.25,22300,0.0,0.0
2023-06-28 11:00:00+08:00,0.25,0.2549999952316284,0.25,0.25,1265100,0.0,0.0
2023-06-28 12:00:00+08:00,0.25,0.25,0.25,0.25,13300,0.0,0.0
2023-06-28 13:00:00+08:00,0.25,0.2549999952316284,0.25,0.25,347800,0.0,0.0
2023-06-28 14:00:00+08:00,0.25,0.2549999952316284,0.25,0.25,1332800,0.0,0.0
2023-06-28 15:00:00+08:00,0.25,0.2549999952316284,0.25,0.2549999952316284,127100,0.0,0.0
2023-06-28 16:00:00+08:00,0.2549999952316284,0.2549999952316284,0.25,0.25,917800,0.0,0.0
2023-06-30 09:00:00+08:00,0.2549999952316284,0.2549999952316284,0.25,0.25,183400,0.0,0.0
2023-06-30 10:00:00+08:00,0.25,0.2549999952316284,0.25,0.25,303800,0.0,0.0
2023-06-30 11:00:00+08:00,0.25,0.25999999046325684,0.25,0.25,5025600,0.0,0.0
2023-06-30 12:00:00+08:00,0.25,0.2549999952316284,0.25,0.2549999952316284,8500,0.0,0.0
2023-06-30 13:00:00+08:00,0.2549999952316284,0.2549999952316284,0.25,0.25,2767900,0.0,0.0
2023-06-30 14:00:00+08:00,0.25,0.25999999046325684,0.25,0.2549999952316284,11458900,0.0,0.0
2023-06-30 15:00:00+08:00,0.2549999952316284,0.2549999952316284,0.25,0.25,4376000,0.0,0.0
2023-06-30 16:00:00+08:00,0.25,0.2549999952316284,0.24500000476837158,0.25,18498000,0.0,0.0
2023-07-03 09:00:00+08:00,0.25,0.2549999952316284,0.24500000476837158,0.2549999952316284,14464000,0.0,0.0
2023-07-03 10:00:00+08:00,0.2549999952316284,0.2549999952316284,0.25,0.2549999952316284,1006800,0.0,0.0
2023-07-03 11:00:00+08:00,0.2549999952316284,0.2549999952316284,0.25,0.25,1259600,0.0,0.0
2023-07-03 12:00:00+08:00,0.25,0.25,0.25,0.25,345800,0.0,0.0
2023-07-03 13:00:00+08:00,0.2549999952316284,0.2549999952316284,0.24500000476837158,0.24500000476837158,18028000,0.0,0.0
2023-07-03 14:00:00+08:00,0.24500000476837158,0.25,0.24500000476837158,0.25,1166500,0.0,0.0
2023-07-03 15:00:00+08:00,0.25,0.25,0.24500000476837158,0.24500000476837158,896800,0.0,0.0
2023-07-03 16:00:00+08:00,0.24500000476837158,0.25,0.24500000476837158,0.24500000476837158,3960500,0.0,0.0
2023-07-04 09:00:00+08:00,0.24500000476837158,0.25,0.24500000476837158,0.24500000476837158,324300,0.0,0.0
2023-07-04 10:00:00+08:00,0.24500000476837158,0.25,0.24500000476837158,0.24500000476837158,592100,0.0,0.0
2023-07-04 11:00:00+08:00,0.24500000476837158,0.25,0.24500000476837158,0.24500000476837158,651600,0.0,0.0
2023-07-04 12:00:00+08:00,0.24500000476837158,0.24500000476837158,0.24500000476837158,0.24500000476837158,38700,0.0,0.0
2023-07-04 13:00:00+08:00,0.25,0.25,0.24500000476837158,0.24500000476837158,66900,0.0,0.0
2023-07-04 14:00:00+08:00,0.24500000476837158,0.25,0.24500000476837158,0.25,201700,0.0,0.0
2023-07-04 15:00:00+08:00,0.25,0.25,0.24500000476837158,0.25,320400,0.0,0.0
2023-07-04 16:00:00+08:00,0.25,0.2549999952316284,0.24500000476837158,0.25,7457200,0.0,0.0
2023-07-05 09:00:00+08:00,0.24500000476837158,0.25,0.24500000476837158,0.24500000476837158,133200,0.0,0.0
2023-07-05 10:00:00+08:00,0.24500000476837158,0.25,0.24500000476837158,0.25,153200,0.0,0.0
2023-07-05 11:00:00+08:00,0.25,0.25,0.24500000476837158,0.25,540800,0.0,0.0
2023-07-05 12:00:00+08:00,0.25,0.25,0.24500000476837158,0.24500000476837158,46000,0.0,0.0
2023-07-05 13:00:00+08:00,0.24500000476837158,0.25,0.24500000476837158,0.25,49700,0.0,0.0
2023-07-05 14:00:00+08:00,0.25,0.25,0.24500000476837158,0.24500000476837158,167200,0.0,0.0
2023-07-05 15:00:00+08:00,0.24500000476837158,0.25,0.24500000476837158,0.24500000476837158,2292300,0.0,0.0
2023-07-05 16:00:00+08:00,0.24500000476837158,0.25,0.24500000476837158,0.24500000476837158,625000,0.0,0.0
2023-07-06 09:00:00+08:00,0.24500000476837158,0.25,0.24500000476837158,0.24500000476837158,3793800,0.0,0.0
2023-07-06 10:00:00+08:00,0.24500000476837158,0.25,0.24500000476837158,0.24500000476837158,152700,0.0,0.0
2023-07-06 11:00:00+08:00,0.24500000476837158,0.25,0.24500000476837158,0.24500000476837158,372400,0.0,0.0
2023-07-06 12:00:00+08:00,0.24500000476837158,0.24500000476837158,0.24500000476837158,0.24500000476837158,68400,0.0,0.0
2023-07-06 13:00:00+08:00,0.24500000476837158,0.25,0.24500000476837158,0.24500000476837158,238100,0.0,0.0
2023-07-06 14:00:00+08:00,0.24500000476837158,0.25,0.24500000476837158,0.24500000476837158,618400,0.0,0.0
2023-07-06 15:00:00+08:00,0.24500000476837158,0.25,0.24500000476837158,0.24500000476837158,739400,0.0,0.0
2023-07-06 16:00:00+08:00,0.24500000476837158,0.25,0.24500000476837158,0.24500000476837158,11852200,0.0,0.0
2023-07-07 09:00:00+08:00,0.24500000476837158,0.25,0.24500000476837158,0.24500000476837158,1057700,0.0,0.0
2023-07-07 10:00:00+08:00,0.24500000476837158,0.25,0.23999999463558197,0.23999999463558197,1641500,0.0,0.0
2023-07-07 11:00:00+08:00,0.23999999463558197,0.24500000476837158,0.23999999463558197,0.23999999463558197,694000,0.0,0.0
2023-07-07 12:00:00+08:00,0.23999999463558197,0.24500000476837158,0.23999999463558197,0.24500000476837158,98300,0.0,0.0
2023-07-07 13:00:00+08:00,0.24500000476837158,0.24500000476837158,0.23999999463558197,0.24500000476837158,2174500,0.0,0.0
2023-07-07 14:00:00+08:00,0.24500000476837158,0.24500000476837158,0.23999999463558197,0.24500000476837158,259400,0.0,0.0
2023-07-07 15:00:00+08:00,0.24500000476837158,0.24500000476837158,0.23999999463558197,0.24500000476837158,789400,0.0,0.0
2023-07-07 16:00:00+08:00,0.24500000476837158,0.24500000476837158,0.23999999463558197,0.23999999463558197,2606400,0.0,0.0
2023-07-10 09:00:00+08:00,0.23999999463558197,0.24500000476837158,0.23499999940395355,0.23999999463558197,4919000,0.0,0.0
2023-07-10 10:00:00+08:00,0.23999999463558197,0.24500000476837158,0.23999999463558197,0.23999999463558197,342700,0.0,0.0
2023-07-10 11:00:00+08:00,0.23999999463558197,0.24500000476837158,0.23999999463558197,0.24500000476837158,273700,0.0,0.0
2023-07-10 12:00:00+08:00,0.24500000476837158,0.24500000476837158,0.23999999463558197,0.23999999463558197,7300,0.0,0.0
2023-07-10 13:00:00+08:00,0.23999999463558197,0.24500000476837158,0.23999999463558197,0.23999999463558197,106200,0.0,0.0
2023-07-10 14:00:00+08:00,0.23999999463558197,0.24500000476837158,0.23999999463558197,0.23999999463558197,148900,0.0,0.0
2023-07-10 15:00:00+08:00,0.23999999463558197,0.24500000476837158,0.23999999463558197,0.23999999463558197,332000,0.0,0.0
2023-07-10 16:00:00+08:00,0.23999999463558197,0.24500000476837158,0.23999999463558197,0.23999999463558197,2126800,0.0,0.0
2023-07-11 09:00:00+08:00,0.23999999463558197,0.24500000476837158,0.23499999940395355,0.23999999463558197,2672500,0.0,0.0
2023-07-11 10:00:00+08:00,0.23999999463558197,0.24500000476837158,0.23999999463558197,0.23999999463558197,97700,0.0,0.0
2023-07-11 11:00:00+08:00,0.23999999463558197,0.24500000476837158,0.23999999463558197,0.23999999463558197,122400,0.0,0.0
2023-07-11 12:00:00+08:00,0.23999999463558197,0.23999999463558197,0.23999999463558197,0.23999999463558197,3300,0.0,0.0
2023-07-11 13:00:00+08:00,0.23999999463558197,0.24500000476837158,0.23999999463558197,0.23999999463558197,110200,0.0,0.0
2023-07-11 14:00:00+08:00,0.23999999463558197,0.24500000476837158,0.23999999463558197,0.24500000476837158,284200,0.0,0.0
2023-07-11 15:00:00+08:00,0.24500000476837158,0.24500000476837158,0.23999999463558197,0.23999999463558197,578600,0.0,0.0
2023-07-11 16:00:00+08:00,0.23999999463558197,0.24500000476837158,0.23999999463558197,0.24500000476837158,1002500,0.0,0.0
2023-07-12 09:00:00+08:00,0.23999999463558197,0.23999999463558197,0.23499999940395355,0.23999999463558197,4811400,0.0,0.0
2023-07-12 10:00:00+08:00,0.23999999463558197,0.24500000476837158,0.23499999940395355,0.24500000476837158,2855100,0.0,0.0
2023-07-12 11:00:00+08:00,0.24500000476837158,0.24500000476837158,0.23499999940395355,0.23499999940395355,2266900,0.0,0.0
2023-07-12 12:00:00+08:00,0.23499999940395355,0.23499999940395355,0.23499999940395355,0.23499999940395355,205700,0.0,0.0
2023-07-12 13:00:00+08:00,0.23999999463558197,0.23999999463558197,0.23499999940395355,0.23499999940395355,349400,0.0,0.0
2023-07-12 14:00:00+08:00,0.23499999940395355,0.23999999463558197,0.23499999940395355,0.23499999940395355,201100,0.0,0.0
2023-07-12 15:00:00+08:00,0.23499999940395355,0.23999999463558197,0.23499999940395355,0.23499999940395355,226100,0.0,0.0
2023-07-12 16:00:00+08:00,0.23499999940395355,0.23999999463558197,0.23499999940395355,0.23999999463558197,701100,0.0,0.0
2023-07-13 09:00:00+08:00,0.23999999463558197,0.24500000476837158,0.23499999940395355,0.24500000476837158,2774800,0.0,0.0
2023-07-13 10:00:00+08:00,0.24500000476837158,0.24500000476837158,0.23999999463558197,0.24500000476837158,880800,0.0,0.0
2023-07-13 11:00:00+08:00,0.24500000476837158,0.24500000476837158,0.23999999463558197,0.23999999463558197,276100,0.0,0.0
2023-07-13 12:00:00+08:00,0.24500000476837158,0.24500000476837158,0.24500000476837158,0.24500000476837158,107400,0.0,0.0
2023-07-13 13:00:00+08:00,0.23999999463558197,0.24500000476837158,0.23999999463558197,0.24500000476837158,168400,0.0,0.0
2023-07-13 14:00:00+08:00,0.24500000476837158,0.24500000476837158,0.23999999463558197,0.23999999463558197,229200,0.0,0.0
2023-07-13 15:00:00+08:00,0.23999999463558197,0.24500000476837158,0.23999999463558197,0.23999999463558197,272100,0.0,0.0
2023-07-13 16:00:00+08:00,0.23999999463558197,0.24500000476837158,0.23999999463558197,0.24500000476837158,8673100,0.0,0.0
2023-07-14 09:00:00+08:00,0.24500000476837158,0.24500000476837158,0.23999999463558197,0.23999999463558197,577800,0.0,0.0
2023-07-14 10:00:00+08:00,0.23999999463558197,0.24500000476837158,0.23999999463558197,0.23999999463558197,154100,0.0,0.0
2023-07-14 11:00:00+08:00,0.23999999463558197,0.24500000476837158,0.23999999463558197,0.23999999463558197,258600,0.0,0.0
2023-07-14 12:00:00+08:00,0.23999999463558197,0.24500000476837158,0.23999999463558197,0.24500000476837158,565000,0.0,0.0
2023-07-14 13:00:00+08:00,0.24500000476837158,0.24500000476837158,0.23999999463558197,0.23999999463558197,167000,0.0,0.0
2023-07-14 14:00:00+08:00,0.23999999463558197,0.24500000476837158,0.23999999463558197,0.23999999463558197,4451800,0.0,0.0
2023-07-14 15:00:00+08:00,0.23999999463558197,0.24500000476837158,0.23999999463558197,0.24500000476837158,257900,0.0,0.0
2023-07-14 16:00:00+08:00,0.24500000476837158,0.24500000476837158,0.23999999463558197,0.24500000476837158,650400,0.0,0.0
2023-07-17 09:00:00+08:00,0.23999999463558197,0.24500000476837158,0.23999999463558197,0.24500000476837158,629600,0.0,0.0
2023-07-17 10:00:00+08:00,0.24500000476837158,0.24500000476837158,0.23999999463558197,0.24500000476837158,467100,0.0,0.0
2023-07-17 11:00:00+08:00,0.24500000476837158,0.24500000476837158,0.23999999463558197,0.23999999463558197,102700,0.0,0.0
2023-07-17 12:00:00+08:00,0.23999999463558197,0.23999999463558197,0.23999999463558197,0.23999999463558197,23900,0.0,0.0
2023-07-17 13:00:00+08:00,0.23999999463558197,0.24500000476837158,0.23999999463558197,0.23999999463558197,67000,0.0,0.0
2023-07-17 14:00:00+08:00,0.23999999463558197,0.24500000476837158,0.23999999463558197,0.23999999463558197,54600,0.0,0.0
2023-07-17 15:00:00+08:00,0.23999999463558197,0.24500000476837158,0.23999999463558197,0.24500000476837158,168100,0.0,0.0
2023-07-17 16:00:00+08:00,0.24500000476837158,0.24500000476837158,0.23999999463558197,0.23999999463558197,230000,0.0,0.0
2023-07-18 09:00:00+08:00,0.23999999463558197,0.24500000476837158,0.23999999463558197,0.24500000476837158,254100,0.0,0.0
2023-07-18 10:00:00+08:00,0.24500000476837158,0.24500000476837158,0.23999999463558197,0.24500000476837158,195400,0.0,0.0
2023-07-18 11:00:00+08:00,0.24500000476837158,0.24500000476837158,0.23999999463558197,0.24500000476837158,284200,0.0,0.0
2023-07-18 12:00:00+08:00,0.24500000476837158,0.24500000476837158,0.24500000476837158,0.24500000476837158,74100,0.0,0.0
2023-07-18 13:00:00+08:00,0.24500000476837158,0.24500000476837158,0.23999999463558197,0.24500000476837158,66700,0.0,0.0
2023-07-18 14:00:00+08:00,0.24500000476837158,0.24500000476837158,0.23999999463558197,0.24500000476837158,107200,0.0,0.0
2023-07-18 15:00:00+08:00,0.24500000476837158,0.24500000476837158,0.23999999463558197,0.24500000476837158,2791300,0.0,0.0
2023-07-18 16:00:00+08:00,0.24500000476837158,0.24500000476837158,0.23999999463558197,0.23999999463558197,3518500,0.0,0.0
2023-07-19 09:00:00+08:00,0.23999999463558197,0.24500000476837158,0.23999999463558197,0.23999999463558197,59700,0.0,0.0
2023-07-19 10:00:00+08:00,0.23999999463558197,0.24500000476837158,0.23999999463558197,0.23999999463558197,127400,0.0,0.0
2023-07-19 11:00:00+08:00,0.23999999463558197,0.24500000476837158,0.23999999463558197,0.23999999463558197,219900,0.0,0.0
2023-07-19 12:00:00+08:00,0.23999999463558197,0.23999999463558197,0.23999999463558197,0.23999999463558197,30200,0.0,0.0
2023-07-19 13:00:00+08:00,0.23999999463558197,0.24500000476837158,0.23999999463558197,0.23999999463558197,93500,0.0,0.0
2023-07-19 14:00:00+08:00,0.23999999463558197,0.24500000476837158,0.23999999463558197,0.23999999463558197,109800,0.0,0.0
2023-07-19 15:00:00+08:00,0.23999999463558197,0.24500000476837158,0.23999999463558197,0.23999999463558197,119200,0.0,0.0
2023-07-19 16:00:00+08:00,0.24500000476837158,0.24500000476837158,0.23999999463558197,0.24500000476837158,2341000,0.0,0.0
2023-07-20 09:00:00+08:00,0.23999999463558197,0.24500000476837158,0.23999999463558197,0.24500000476837158,100300,0.0,0.0
2023-07-20 10:00:00+08:00,0.24500000476837158,0.24500000476837158,0.23999999463558197,0.24500000476837158,14800,0.0,0.0
2023-07-20 11:00:00+08:00,0.24500000476837158,0.24500000476837158,0.23999999463558197,0.23999999463558197,53700,0.0,0.0
2023-07-20 12:00:00+08:00,0.24500000476837158,0.24500000476837158,0.23999999463558197,0.23999999463558197,3900,0.0,0.0
2023-07-20 13:00:00+08:00,0.23999999463558197,0.24500000476837158,0.23999999463558197,0.23999999463558197,37000,0.0,0.0
2023-07-20 14:00:00+08:00,0.23999999463558197,0.24500000476837158,0.23999999463558197,0.23999999463558197,35200,0.0,0.0
2023-07-20 15:00:00+08:00,0.23999999463558197,0.24500000476837158,0.23999999463558197,0.23999999463558197,10000,0.0,0.0
2023-07-20 16:00:00+08:00,0.23999999463558197,0.24500000476837158,0.23999999463558197,0.23999999463558197,796100,0.0,0.0
2023-07-21 09:00:00+08:00,0.23999999463558197,0.24500000476837158,0.23999999463558197,0.23999999463558197,40300,0.0,0.0
2023-07-21 10:00:00+08:00,0.23999999463558197,0.24500000476837158,0.23999999463558197,0.23999999463558197,1080000,0.0,0.0
2023-07-21 11:00:00+08:00,0.23999999463558197,0.24500000476837158,0.23999999463558197,0.24500000476837158,210300,0.0,0.0
2023-07-21 12:00:00+08:00,0.24500000476837158,0.24500000476837158,0.23999999463558197,0.23999999463558197,61300,0.0,0.0
2023-07-21 13:00:00+08:00,0.23999999463558197,0.24500000476837158,0.23999999463558197,0.24500000476837158,33800,0.0,0.0
2023-07-21 14:00:00+08:00,0.24500000476837158,0.24500000476837158,0.23999999463558197,0.23999999463558197,595700,0.0,0.0
2023-07-21 15:00:00+08:00,0.23999999463558197,0.24500000476837158,0.23999999463558197,0.23999999463558197,269800,0.0,0.0
2023-07-21 16:00:00+08:00,0.23999999463558197,0.24500000476837158,0.23999999463558197,0.23999999463558197,1408900,0.0,0.0
2023-07-24 09:00:00+08:00,0.24500000476837158,0.24500000476837158,0.23999999463558197,0.24500000476837158,72300,0.0,0.0
2023-07-24 10:00:00+08:00,0.24500000476837158,0.24500000476837158,0.23999999463558197,0.24500000476837158,55300,0.0,0.0
2023-07-24 11:00:00+08:00,0.24500000476837158,0.24500000476837158,0.23999999463558197,0.24500000476837158,79100,0.0,0.0
2023-07-24 12:00:00+08:00,0.23999999463558197,0.23999999463558197,0.23999999463558197,0.23999999463558197,28800,0.0,0.0
2023-07-24 13:00:00+08:00,0.23999999463558197,0.25,0.23999999463558197,0.25,13300000,0.0,0.0
2023-07-24 14:00:00+08:00,0.25,0.25,0.24500000476837158,0.25,419000,0.0,0.0
2023-07-24 15:00:00+08:00,0.25,0.25,0.24500000476837158,0.25,138100,0.0,0.0
2023-07-24 16:00:00+08:00,0.25,0.25,0.24500000476837158,0.25,367500,0.0,0.0
2023-07-25 09:00:00+08:00,0.24500000476837158,0.25,0.24500000476837158,0.24500000476837158,383100,0.0,0.0
2023-07-25 10:00:00+08:00,0.24500000476837158,0.25,0.24500000476837158,0.24500000476837158,297500,0.0,0.0
2023-07-25 11:00:00+08:00,0.24500000476837158,0.25,0.24500000476837158,0.25,137700,0.0,0.0
2023-07-25 12:00:00+08:00,0.25,0.25,0.25,0.25,36600,0.0,0.0
2023-07-25 13:00:00+08:00,0.25,0.25,0.24500000476837158,0.25,93700,0.0,0.0
2023-07-25 14:00:00+08:00,0.25,0.25,0.24500000476837158,0.25,430500,0.0,0.0
2023-07-25 15:00:00+08:00,0.25,0.25,0.24500000476837158,0.25,89700,0.0,0.0
2023-07-25 16:00:00+08:00,0.25,0.25,0.24500000476837158,0.24500000476837158,151400,0.0,0.0
2023-07-26 09:00:00+08:00,0.25,0.25,0.24500000476837158,0.24500000476837158,135700,0.0,0.0
2023-07-26 10:00:00+08:00,0.24500000476837158,0.25,0.24500000476837158,0.25,110800,0.0,0.0
2023-07-26 11:00:00+08:00,0.25,0.25,0.24500000476837158,0.24500000476837158,108100,0.0,0.0
2023-07-26 12:00:00+08:00,0.25,0.25,0.24500000476837158,0.24500000476837158,79000,0.0,0.0
2023-07-26 13:00:00+08:00,0.24500000476837158,0.25,0.24500000476837158,0.24500000476837158,145200,0.0,0.0
2023-07-26 14:00:00+08:00,0.24500000476837158,0.25,0.24500000476837158,0.25,14091300,0.0,0.0
2023-07-26 15:00:00+08:00,0.25,0.25,0.24500000476837158,0.24500000476837158,1053900,0.0,0.0
2023-07-26 16:00:00+08:00,0.24500000476837158,0.25,0.24500000476837158,0.24500000476837158,2050500,0.0,0.0
2023-07-27 09:00:00+08:00,0.25,0.25,0.24500000476837158,0.24500000476837158,482700,0.0,0.0
2023-07-27 10:00:00+08:00,0.24500000476837158,0.25,0.24500000476837158,0.24500000476837158,258500,0.0,0.0
2023-07-27 11:00:00+08:00,0.24500000476837158,0.25,0.24500000476837158,0.25,251700,0.0,0.0
2023-07-27 12:00:00+08:00,0.25,0.25,0.25,0.25,75400,0.0,0.0
2023-07-27 13:00:00+08:00,0.25,0.25,0.24500000476837158,0.24500000476837158,840500,0.0,0.0
2023-07-27 14:00:00+08:00,0.24500000476837158,0.25,0.24500000476837158,0.24500000476837158,457900,0.0,0.0
2023-07-27 15:00:00+08:00,0.24500000476837158,0.25,0.24500000476837158,0.24500000476837158,500900,0.0,0.0
2023-07-27 16:00:00+08:00,0.24500000476837158,0.25,0.23999999463558197,0.24500000476837158,22606700,0.0,0.0
2023-07-28 09:00:00+08:00,0.23999999463558197,0.24500000476837158,0.23999999463558197,0.24500000476837158,178500,0.0,0.0
2023-07-28 10:00:00+08:00,0.24500000476837158,0.24500000476837158,0.23999999463558197,0.24500000476837158,258600,0.0,0.0
2023-07-28 11:00:00+08:00,0.23999999463558197,0.24500000476837158,0.23999999463558197,0.24500000476837158,219800,0.0,0.0
2023-07-28 12:00:00+08:00,0.23999999463558197,0.23999999463558197,0.23999999463558197,0.23999999463558197,184100,0.0,0.0
2023-07-28 13:00:00+08:00,0.23999999463558197,0.24500000476837158,0.23999999463558197,0.23999999463558197,379300,0.0,0.0
2023-07-28 14:00:00+08:00,0.23999999463558197,0.24500000476837158,0.23999999463558197,0.23999999463558197,123400,0.0,0.0
2023-07-28 15:00:00+08:00,0.23999999463558197,0.24500000476837158,0.23999999463558197,0.24500000476837158,698200,0.0,0.0
2023-07-28 16:00:00+08:00,0.24500000476837158,0.24500000476837158,0.23999999463558197,0.23999999463558197,6602200,0.0,0.0
2023-07-31 09:00:00+08:00,0.24500000476837158,0.2549999952316284,0.23999999463558197,0.25,20711700,0.0,0.0
2023-07-31 10:00:00+08:00,0.25,0.2549999952316284,0.25,0.2549999952316284,848700,0.0,0.0
2023-07-31 11:00:00+08:00,0.2549999952316284,0.2549999952316284,0.25,0.25,127600,0.0,0.0
2023-07-31 12:00:00+08:00,0.25,0.25,0.25,0.25,106900,0.0,0.0
2023-07-31 13:00:00+08:00,0.25,0.2549999952316284,0.25,0.2549999952316284,196800,0.0,0.0
2023-07-31 14:00:00+08:00,0.2549999952316284,0.2549999952316284,0.25,0.2549999952316284,87900,0.0,0.0
2023-07-31 15:00:00+08:00,0.2549999952316284,0.2549999952316284,0.25,0.25,381700,0.0,0.0
2023-07-31 16:00:00+08:00,0.25,0.2549999952316284,0.25,0.25,377900,0.0,0.0
2023-08-01 09:00:00+08:00,0.2549999952316284,0.2549999952316284,0.25,0.2549999952316284,335400,0.0,0.0
2023-08-01 10:00:00+08:00,0.2549999952316284,0.2549999952316284,0.25,0.2549999952316284,74600,0.0,0.0
2023-08-01 11:00:00+08:00,0.2549999952316284,0.2549999952316284,0.25,0.25,82400,0.0,0.0
2023-08-01 12:00:00+08:00,0.25,0.25,0.25,0.25,492000,0.0,0.0
2023-08-01 13:00:00+08:00,0.25,0.2549999952316284,0.25,0.25,120300,0.0,0.0
2023-08-01 14:00:00+08:00,0.25,0.2549999952316284,0.25,0.25,63500,0.0,0.0
2023-08-01 15:00:00+08:00,0.25,0.2549999952316284,0.25,0.25,247400,0.0,0.0
2023-08-01 16:00:00+08:00,0.25,0.2549999952316284,0.25,0.25,134200,0.0,0.0
2023-08-02 09:00:00+08:00,0.2549999952316284,0.2549999952316284,0.25,0.2549999952316284,103200,0.0,0.0
2023-08-02 10:00:00+08:00,0.2549999952316284,0.2549999952316284,0.25,0.25,70900,0.0,0.0
2023-08-02 11:00:00+08:00,0.25,0.2549999952316284,0.25,0.25,169400,0.0,0.0
2023-08-02 12:00:00+08:00,0.25,0.25,0.25,0.25,4500,0.0,0.0
2023-08-02 13:00:00+08:00,0.25,0.2549999952316284,0.25,0.25,312500,0.0,0.0
2023-08-02 14:00:00+08:00,0.25,0.2549999952316284,0.25,0.25,1103000,0.0,0.0
2023-08-02 15:00:00+08:00,0.25,0.2549999952316284,0.25,0.25,1092800,0.0,0.0
2023-08-02 16:00:00+08:00,0.25,0.2549999952316284,0.25,0.25,612400,0.0,0.0
2023-08-03 09:00:00+08:00,0.2549999952316284,0.2549999952316284,0.25,0.25,583900,0.0,0.0
2023-08-03 10:00:00+08:00,0.25,0.2549999952316284,0.25,0.2549999952316284,81400,0.0,0.0
2023-08-03 11:00:00+08:00,0.2549999952316284,0.2549999952316284,0.25,0.2549999952316284,81500,0.0,0.0
2023-08-03 12:00:00+08:00,0.25,0.25,0.25,0.25,26300,0.0,0.0
2023-08-03 13:00:00+08:00,0.25,0.2549999952316284,0.25,0.25,76300,0.0,0.0
2023-08-03 14:00:00+08:00,0.25,0.2549999952316284,0.25,0.25,291800,0.0,0.0
2023-08-03 15:00:00+08:00,0.25,0.2549999952316284,0.25,0.25,384400,0.0,0.0
2023-08-03 16:00:00+08:00,0.25,0.2549999952316284,0.25,0.25,2694800,0.0,0.0
2023-08-04 09:00:00+08:00,0.25,0.25,0.25,0.25,803900,0.0,0.0
2023-08-04 10:00:00+08:00,0.25,0.2549999952316284,0.25,0.25,355900,0.0,0.0
2023-08-04 11:00:00+08:00,0.25,0.25,0.24500000476837158,0.25,624300,0.0,0.0
2023-08-04 12:00:00+08:00,0.25,0.25,0.25,0.25,272100,0.0,0.0
2023-08-04 13:00:00+08:00,0.25,0.25,0.24500000476837158,0.24500000476837158,88300,0.0,0.0
2023-08-04 14:00:00+08:00,0.24500000476837158,0.24500000476837158,0.24500000476837158,0.24500000476837158,13800,0.0,0.0
2023-08-04 15:00:00+08:00,0.24500000476837158,0.25,0.24500000476837158,0.24500000476837158,42700,0.0,0.0
2023-08-04 16:00:00+08:00,0.24500000476837158,0.2549999952316284,0.24500000476837158,0.25,2286400,0.0,0.0
2023-08-07 09:00:00+08:00,0.2549999952316284,0.2549999952316284,0.25,0.2549999952316284,95400,0.0,0.0
2023-08-07 10:00:00+08:00,0.2549999952316284,0.2549999952316284,0.25,0.2549999952316284,155200,0.0,0.0
2023-08-07 11:00:00+08:00,0.2549999952316284,0.2549999952316284,0.25,0.2549999952316284,50100,0.0,0.0
2023-08-07 12:00:00+08:00,0.2549999952316284,0.2549999952316284,0.2549999952316284,0.2549999952316284,8200,0.0,0.0
2023-08-07 13:00:00+08:00,0.2549999952316284,0.2549999952316284,0.25,0.2549999952316284,20400,0.0,0.0
2023-08-07 14:00:00+08:00,0.2549999952316284,0.2549999952316284,0.25,0.2549999952316284,44600,0.0,0.0
2023-08-07 15:00:00+08:00,0.2549999952316284,0.2549999952316284,0.25,0.25,52600,0.0,0.0
2023-08-07 16:00:00+08:00,0.25,0.2549999952316284,0.25,0.25,605200,0.0,0.0
2023-08-08 09:00:00+08:00,0.25,0.2549999952316284,0.25,0.25,1335500,0.0,0.0
2023-08-08 10:00:00+08:00,0.25,0.2549999952316284,0.25,0.2549999952316284,1779100,0.0,0.0
2023-08-08 11:00:00+08:00,0.2549999952316284,0.2549999952316284,0.25,0.2549999952316284,157500,0.0,0.0
2023-08-08 12:00:00+08:00,0.25,0.25,0.25,0.25,102800,0.0,0.0
2023-08-08 13:00:00+08:00,0.25,0.2549999952316284,0.25,0.2549999952316284,147700,0.0,0.0
2023-08-08 14:00:00+08:00,0.2549999952316284,0.2549999952316284,0.25,0.25,12632600,0.0,0.0
2023-08-08 15:00:00+08:00,0.25,0.2549999952316284,0.25,0.25,5173200,0.0,0.0
2023-08-08 16:00:00+08:00,0.25,0.2549999952316284,0.25,0.25,738200,0.0,0.0
2023-08-10 09:00:00+08:00,0.25,0.2549999952316284,0.25,0.25,71700,0.0,0.0
2023-08-10 10:00:00+08:00,0.25,0.2549999952316284,0.25,0.25,106200,0.0,0.0
2023-08-10 11:00:00+08:00,0.25,0.2549999952316284,0.25,0.25,211000,0.0,0.0
2023-08-10 12:00:00+08:00,0.25,0.25,0.25,0.25,69800,0.0,0.0
2023-08-10 13:00:00+08:00,0.25,0.2549999952316284,0.25,0.2549999952316284,120900,0.0,0.0
2023-08-10 14:00:00+08:00,0.2549999952316284,0.2549999952316284,0.25,0.25,1010800,0.0,0.0
2023-08-10 15:00:00+08:00,0.25,0.2549999952316284,0.25,0.25,343200,0.0,0.0
2023-08-10 16:00:00+08:00,0.25,0.2549999952316284,0.25,0.25,408500,0.0,0.0
2023-08-11 09:00:00+08:00,0.2549999952316284,0.2549999952316284,0.25,0.2549999952316284,73800,0.0,0.0
2023-08-11 10:00:00+08:00,0.2549999952316284,0.2549999952316284,0.25,0.25,74900,0.0,0.0
2023-08-11 11:00:00+08:00,0.25,0.2549999952316284,0.25,0.2549999952316284,294200,0.0,0.0
2023-08-11 12:00:00+08:00,0.2549999952316284,0.2549999952316284,0.2549999952316284,0.2549999952316284,41300,0.0,0.0
2023-08-11 13:00:00+08:00,0.25,0.2549999952316284,0.25,0.2549999952316284,107300,0.0,0.0
2023-08-11 14:00:00+08:00,0.2549999952316284,0.2549999952316284,0.25,0.2549999952316284,103300,0.0,0.0
2023-08-11 15:00:00+08:00,0.2549999952316284,0.2549999952316284,0.25,0.25,355500,0.0,0.0
2023-08-11 16:00:00+08:00,0.25,0.2549999952316284,0.25,0.2549999952316284,1486400,0.0,0.0
2023-08-14 09:00:00+08:00,0.25,0.25,0.24500000476837158,0.25,6016200,0.0,0.0
2023-08-14 10:00:00+08:00,0.25,0.25,0.24500000476837158,0.24500000476837158,490400,0.0,0.0
2023-08-14 11:00:00+08:00,0.24500000476837158,0.25,0.24500000476837158,0.25,2727700,0.0,0.0
2023-08-14 12:00:00+08:00,0.25,0.25,0.25,0.25,4100,0.0,0.0
2023-08-14 13:00:00+08:00,0.25,0.25,0.25,0.25,103400,0.0,0.0
2023-08-14 14:00:00+08:00,0.25,0.25,0.24500000476837158,0.25,1614100,0.0,0.0
2023-08-14 15:00:00+08:00,0.25,0.25,0.25,0.25,410800,0.0,0.0
2023-08-14 16:00:00+08:00,0.25,0.2549999952316284,0.25,0.25,274200,0.0,0.0
2023-08-15 09:00:00+08:00,0.25,0.2549999952316284,0.25,0.25,1558700,0.0,0.0
2023-08-15 10:00:00+08:00,0.25,0.2549999952316284,0.25,0.25,100600,0.0,0.0
2023-08-15 11:00:00+08:00,0.25,0.2549999952316284,0.25,0.2549999952316284,34400,0.0,0.0
2023-08-15 12:00:00+08:00,0.25,0.25,0.25,0.25,17800,0.0,0.0
2023-08-15 13:00:00+08:00,0.25,0.2549999952316284,0.25,0.2549999952316284,27200,0.0,0.0
2023-08-15 14:00:00+08:00,0.2549999952316284,0.2549999952316284,0.25,0.25,357400,0.0,0.0
2023-08-15 15:00:00+08:00,0.25,0.2549999952316284,0.25,0.25,375400,0.0,0.0
2023-08-15 16:00:00+08:00,0.25,0.2549999952316284,0.25,0.25,572900,0.0,0.0
2023-08-16 09:00:00+08:00,0.25,0.25,0.24500000476837158,0.24500000476837158,1638900,0.0,0.0
2023-08-16 10:00:00+08:00,0.24500000476837158,0.2549999952316284,0.24500000476837158,0.25,12753500,0.0,0.0
2023-08-16 11:00:00+08:00,0.25,0.2549999952316284,0.25,0.25,237400,0.0,0.0
2023-08-16 12:00:00+08:00,0.25,0.2549999952316284,0.25,0.2549999952316284,15600,0.0,0.0
2023-08-16 13:00:00+08:00,0.2549999952316284,0.2549999952316284,0.24500000476837158,0.24500000476837158,12293400,0.0,0.0
2023-08-16 14:00:00+08:00,0.24500000476837158,0.25,0.24500000476837158,0.25,1673300,0.0,0.0
2023-08-16 15:00:00+08:00,0.25,0.25,0.24500000476837158,0.24500000476837158,101500,0.0,0.0
2023-08-16 16:00:00+08:00,0.24500000476837158,0.25,0.24500000476837158,0.25,576200,0.0,0.0
2023-08-17 09:00:00+08:00,0.24500000476837158,0.25,0.24500000476837158,0.24500000476837158,97900,0.0,0.0
2023-08-17 10:00:00+08:00,0.24500000476837158,0.25,0.24500000476837158,0.24500000476837158,18600,0.0,0.0
2023-08-17 11:00:00+08:00,0.24500000476837158,0.25,0.24500000476837158,0.24500000476837158,79000,0.0,0.0
2023-08-17 12:00:00+08:00,0.24500000476837158,0.25,0.24500000476837158,0.25,172800,0.0,0.0
2023-08-17 13:00:00+08:00,0.25,0.25,0.24500000476837158,0.24500000476837158,28800,0.0,0.0
2023-08-17 14:00:00+08:00,0.24500000476837158,0.2549999952316284,0.24500000476837158,0.25,3501100,0.0,0.0
2023-08-17 15:00:00+08:00,0.25,0.2549999952316284,0.25,0.25,111200,0.0,0.0
2023-08-17 16:00:00+08:00,0.25,0.2549999952316284,0.25,0.2549999952316284,491600,0.0,0.0
2023-08-18 09:00:00+08:00,0.25,0.2549999952316284,0.24500000476837158,0.25,4190200,0.0,0.0
2023-08-18 10:00:00+08:00,0.25,0.2549999952316284,0.25,0.25,39300,0.0,0.0
2023-08-18 11:00:00+08:00,0.25,0.25,0.25,0.25,51200,0.0,0.0
2023-08-18 12:00:00+08:00,0.25,0.25,0.25,0.25,84200,0.0,0.0
2023-08-18 13:00:00+08:00,0.25,0.2549999952316284,0.25,0.25,55600,0.0,0.0
2023-08-18 14:00:00+08:00,0.25,0.2549999952316284,0.25,0.25,588700,0.0,0.0
2023-08-18 15:00:00+08:00,0.25,0.25,0.25,0.25,414900,0.0,0.0
2023-08-18 16:00:00+08:00,0.25,0.2549999952316284,0.25,0.25,1067800,0.0,0.0
2023-08-21 09:00:00+08:00,0.25,0.2549999952316284,0.24500000476837158,0.25,1670200,0.0,0.0
2023-08-21 10:00:00+08:00,0.25,0.2549999952316284,0.25,0.25,186800,0.0,0.0
2023-08-21 11:00:00+08:00,0.25,0.2549999952316284,0.25,0.25,216200,0.0,0.0
2023-08-21 12:00:00+08:00,0.25,0.25,0.25,0.25,74100,0.0,0.0
2023-08-21 13:00:00+08:00,0.25,0.25,0.25,0.25,116800,0.0,0.0
2023-08-21 14:00:00+08:00,0.25,0.2549999952316284,0.25,0.25,498300,0.0,0.0
2023-08-21 15:00:00+08:00,0.25,0.2549999952316284,0.25,0.25,1188300,0.0,0.0
2023-08-21 16:00:00+08:00,0.25,0.25,0.25,0.25,2504500,0.0,0.0
2023-08-22 09:00:00+08:00,0.25,0.2549999952316284,0.25,0.25,85800,0.0,0.0
2023-08-22 10:00:00+08:00,0.25,0.2549999952316284,0.25,0.25,49700,0.0,0.0
2023-08-22 11:00:00+08:00,0.25,0.2549999952316284,0.25,0.25,3500,0.0,0.0
2023-08-22 12:00:00+08:00,0.25,0.25,0.25,0.25,33500,0.0,0.0
2023-08-22 13:00:00+08:00,0.25,0.2549999952316284,0.25,0.25,34100,0.0,0.0
2023-08-22 14:00:00+08:00,0.25,0.2549999952316284,0.25,0.25,176800,0.0,0.0
2023-08-22 15:00:00+08:00,0.25,0.2549999952316284,0.25,0.25,1627900,0.0,0.0
2023-08-22 16:00:00+08:00,0.25,0.2549999952316284,0.25,0.25,853100,0.0,0.0
2023-08-23 09:00:00+08:00,0.2549999952316284,0.2549999952316284,0.25,0.25,123900,0.0,0.0
2023-08-23 10:00:00+08:00,0.25,0.2549999952316284,0.25,0.25,642500,0.0,0.0
2023-08-23 11:00:00+08:00,0.25,0.2549999952316284,0.25,0.25,21500,0.0,0.0
2023-08-23 12:00:00+08:00,0.25,0.25,0.25,0.25,44200,0.0,0.0
2023-08-23 13:00:00+08:00,0.25,0.2549999952316284,0.25,0.25,44200,0.0,0.0
2023-08-23 14:00:00+08:00,0.25,0.2549999952316284,0.25,0.25,176900,0.0,0.0
2023-08-23 15:00:00+08:00,0.25,0.2549999952316284,0.25,0.25,271500,0.0,0.0
2023-08-23 16:00:00+08:00,0.25,0.2549999952316284,0.25,0.25,1601900,0.0,0.0
2023-08-24 09:00:00+08:00,0.25,0.2549999952316284,0.25,0.25,9600,0.0,0.0
2023-08-24 10:00:00+08:00,0.25,0.2549999952316284,0.25,0.25,140000,0.0,0.0
2023-08-24 11:00:00+08:00,0.25,0.2549999952316284,0.25,0.25,34500,0.0,0.0
2023-08-24 12:00:00+08:00,0.25,0.25,0.25,0.25,30900,0.0,0.0
2023-08-24 13:00:00+08:00,0.25,0.2549999952316284,0.25,0.2549999952316284,8940300,0.0,0.0
2023-08-24 14:00:00+08:00,0.2549999952316284,0.2549999952316284,0.25,0.2549999952316284,677300,0.0,0.0
2023-08-24 15:00:00+08:00,0.2549999952316284,0.2549999952316284,0.25,0.25,383000,0.0,0.0
2023-08-24 16:00:00+08:00,0.25,0.2549999952316284,0.25,0.25,1904800,0.0,0.0
2023-08-25 09:00:00+08:00,0.25,0.2549999952316284,0.25,0.25,568600,0.0,0.0
2023-08-25 10:00:00+08:00,0.25,0.2549999952316284,0.25,0.25,0,0.0,0.0
2023-08-25 11:00:00+08:00,0.25,0.2549999952316284,0.25,0.2549999952316284,2325500,0.0,0.0
2023-08-25 12:00:00+08:00,0.25,0.25,0.25,0.25,19200,0.0,0.0
2023-08-25 13:00:00+08:00,0.25,0.2549999952316284,0.25,0.25,333700,0.0,0.0
2023-08-25 14:00:00+08:00,0.25,0.2549999952316284,0.25,0.25,388900,0.0,0.0
2023-08-25 15:00:00+08:00,0.25,0.2549999952316284,0.25,0.25,399500,0.0,0.0
2023-08-25 16:00:00+08:00,0.25,0.2549999952316284,0.25,0.25,1644700,0.0,0.0
2023-08-28 09:00:00+08:00,0.2549999952316284,0.2549999952316284,0.25,0.2549999952316284,24300,0.0,0.0
2023-08-28 10:00:00+08:00,0.2549999952316284,0.2549999952316284,0.25,0.25,21300,0.0,0.0
2023-08-28 11:00:00+08:00,0.25,0.2549999952316284,0.25,0.25,49900,0.0,0.0
2023-08-28 12:00:00+08:00,0.25,0.25,0.25,0.25,95600,0.0,0.0
2023-08-28 13:00:00+08:00,0.25,0.2549999952316284,0.25,0.25,196900,0.0,0.0
2023-08-28 14:00:00+08:00,0.25,0.25,0.25,0.25,92100,0.0,0.0
2023-08-28 15:00:00+08:00,0.25,0.2549999952316284,0.25,0.25,236600,0.0,0.0
2023-08-28 16:00:00+08:00,0.25,0.2549999952316284,0.25,0.25,724700,0.0,0.0
2023-08-29 09:00:00+08:00,0.2549999952316284,0.2549999952316284,0.25,0.2549999952316284,8700,0.0,0.0
2023-08-29 10:00:00+08:00,0.2549999952316284,0.2549999952316284,0.25,0.25,53100,0.0,0.0
2023-08-29 11:00:00+08:00,0.2549999952316284,0.2549999952316284,0.25,0.25,0,0.0,0.0
2023-08-29 12:00:00+08:00,0.25,0.25,0.25,0.25,155400,0.0,0.0
2023-08-29 13:00:00+08:00,0.25,0.2549999952316284,0.25,0.25,1207900,0.0,0.0
2023-08-29 14:00:00+08:00,0.25,0.2549999952316284,0.25,0.25,53500,0.0,0.0
2023-08-29 15:00:00+08:00,0.25,0.2549999952316284,0.25,0.25,2347600,0.0,0.0
2023-08-29 16:00:00+08:00,0.25,0.2549999952316284,0.25,0.2549999952316284,1326200,0.0,0.0
2023-08-30 09:00:00+08:00,0.2549999952316284,0.2549999952316284,0.25,0.25,16700,0.0,0.0
2023-08-30 10:00:00+08:00,0.25,0.2549999952316284,0.25,0.25,57500,0.0,0.0
2023-08-30 11:00:00+08:00,0.25,0.2549999952316284,0.25,0.2549999952316284,85500,0.0,0.0
2023-08-30 12:00:00+08:00,0.25,0.25,0.25,0.25,30300,0.0,0.0
2023-08-30 13:00:00+08:00,0.25,0.2549999952316284,0.25,0.25,153600,0.0,0.0
2023-08-30 14:00:00+08:00,0.25,0.2549999952316284,0.25,0.25,107000,0.0,0.0
2023-08-30 15:00:00+08:00,0.25,0.2549999952316284,0.25,0.25,152500,0.0,0.0
2023-08-30 16:00:00+08:00,0.25,0.2549999952316284,0.25,0.25,380400,0.0,0.0
2023-08-31 09:00:00+08:00,0.25,0.2549999952316284,0.25,0.25,180100,0.0,0.0
2023-08-31 10:00:00+08:00,0.25,0.2549999952316284,0.25,0.25,1519300,0.0,0.0
2023-08-31 11:00:00+08:00,0.25,0.2549999952316284,0.25,0.25,281700,0.0,0.0
2023-08-31 12:00:00+08:00,0.25,0.25,0.25,0.25,446600,0.0,0.0
2023-08-31 13:00:00+08:00,0.25,0.2549999952316284,0.25,0.25,132800,0.0,0.0
2023-08-31 14:00:00+08:00,0.25,0.2549999952316284,0.25,0.25,247600,0.0,0.0
2023-08-31 15:00:00+08:00,0.25,0.2549999952316284,0.25,0.25,268400,0.0,0.0
2023-08-31 16:00:00+08:00,0.25,0.2549999952316284,0.24500000476837158,0.25,19767000,0.0,0.0
2023-09-04 09:00:00+08:00,0.25,0.2549999952316284,0.25,0.2549999952316284,43700,0.0,0.0
2023-09-04 10:00:00+08:00,0.2549999952316284,0.2549999952316284,0.25,0.25,26600,0.0,0.0
2023-09-04 11:00:00+08:00,0.25,0.2549999952316284,0.25,0.25,576700,0.0,0.0
2023-09-04 12:00:00+08:00,0.2549999952316284,0.2549999952316284,0.2549999952316284,0.2549999952316284,71900,0.0,0.0
2023-09-04 13:00:00+08:00,0.2549999952316284,0.2549999952316284,0.25,0.2549999952316284,63000,0.0,0.0
2023-09-04 14:00:00+08:00,0.2549999952316284,0.2549999952316284,0.25,0.2549999952316284,80600,0.0,0.0
2023-09-04 15:00:00+08:00,0.2549999952316284,0.2549999952316284,0.25,0.25,289600,0.0,0.0
2023-09-04 16:00:00+08:00,0.25,0.2549999952316284,0.25,0.25,2221100,0.0,0.0
2023-09-05 09:00:00+08:00,0.2549999952316284,0.2549999952316284,0.25,0.2549999952316284,24300,0.0,0.0
2023-09-05 10:00:00+08:00,0.2549999952316284,0.2549999952316284,0.25,0.2549999952316284,235600,0.0,0.0
2023-09-05 11:00:00+08:00,0.2549999952316284,0.2549999952316284,0.25,0.25,178600,0.0,0.0
2023-09-05 12:00:00+08:00,0.25,0.2549999952316284,0.25,0.2549999952316284,616400,0.0,0.0
2023-09-05 13:00:00+08:00,0.2549999952316284,0.2549999952316284,0.25,0.25,60000,0.0,0.0
2023-09-05 14:00:00+08:00,0.25,0.2549999952316284,0.25,0.25,141800,0.0,0.0
2023-09-05 15:00:00+08:00,0.25,0.2549999952316284,0.25,0.25,131200,0.0,0.0
2023-09-05 16:00:00+08:00,0.25,0.2549999952316284,0.25,0.25,226000,0.0,0.0
2023-09-06 09:00:00+08:00,0.2549999952316284,0.2549999952316284,0.25,0.25,9500,0.0,0.0
2023-09-06 10:00:00+08:00,0.25,0.2549999952316284,0.25,0.2549999952316284,1147700,0.0,0.0
2023-09-06 11:00:00+08:00,0.2549999952316284,0.2549999952316284,0.25,0.25,193800,0.0,0.0
2023-09-06 12:00:00+08:00,0.25,0.25,0.25,0.25,0,0.0,0.0
2023-09-06 13:00:00+08:00,0.25,0.2549999952316284,0.25,0.25,1822300,0.0,0.0
2023-09-06 14:00:00+08:00,0.25,0.2549999952316284,0.25,0.25,40900,0.0,0.0
2023-09-06 15:00:00+08:00,0.25,0.2549999952316284,0.25,0.2549999952316284,138000,0.0,0.0
2023-09-06 16:00:00+08:00,0.2549999952316284,0.2549999952316284,0.25,0.25,1075900,0.0,0.0
2023-09-07 09:00:00+08:00,0.2549999952316284,0.2549999952316284,0.25,0.25,69100,0.0,0.0
2023-09-07 10:00:00+08:00,0.25,0.25,0.24500000476837158,0.24500000476837158,10837500,0.0,0.0
2023-09-07 11:00:00+08:00,0.24500000476837158,0.25,0.24500000476837158,0.24500000476837158,2257500,0.0,0.0
2023-09-07 12:00:00+08:00,0.24500000476837158,0.24500000476837158,0.24500000476837158,0.24500000476837158,213300,0.0,0.0
2023-09-07 13:00:00+08:00,0.24500000476837158,0.25,0.24500000476837158,0.24500000476837158,18400,0.0,0.0
2023-09-07 14:00:00+08:00,0.24500000476837158,0.25,0.24500000476837158,0.24500000476837158,175300,0.0,0.0
2023-09-07 15:00:00+08:00,0.24500000476837158,0.25,0.23999999463558197,0.23999999463558197,4516900,0.0,0.0
2023-09-07 16:00:00+08:00,0.23999999463558197,0.24500000476837158,0.23999999463558197,0.23999999463558197,1045700,0.0,0.0
2023-09-08 09:00:00+08:00,0.23999999463558197,0.24500000476837158,0.23999999463558197,0.23999999463558197,314100,0.0,0.0
2023-09-08 10:00:00+08:00,0.23999999463558197,0.24500000476837158,0.23999999463558197,0.23999999463558197,330200,0.0,0.0
2023-09-08 11:00:00+08:00,0.23999999463558197,0.24500000476837158,0.23999999463558197,0.23999999463558197,159400,0.0,0.0
2023-09-08 12:00:00+08:00,0.23999999463558197,0.23999999463558197,0.23999999463558197,0.23999999463558197,51000,0.0,0.0
2023-09-08 13:00:00+08:00,0.23999999463558197,0.24500000476837158,0.23999999463558197,0.23999999463558197,318200,0.0,0.0
2023-09-08 14:00:00+08:00,0.23999999463558197,0.24500000476837158,0.23999999463558197,0.23999999463558197,411600,0.0,0.0
2023-09-08 15:00:00+08:00,0.23999999463558197,0.24500000476837158,0.23999999463558197,0.23999999463558197,291500,0.0,0.0
2023-09-08 16:00:00+08:00,0.23999999463558197,0.24500000476837158,0.23999999463558197,0.23999999463558197,570900,0.0,0.0
2023-09-11 09:00:00+08:00,0.23999999463558197,0.24500000476837158,0.23999999463558197,0.23999999463558197,126900,0.0,0.0
2023-09-11 10:00:00+08:00,0.23999999463558197,0.24500000476837158,0.23999999463558197,0.23999999463558197,232200,0.0,0.0
2023-09-11 11:00:00+08:00,0.23999999463558197,0.24500000476837158,0.23999999463558197,0.23999999463558197,143300,0.0,0.0
2023-09-11 12:00:00+08:00,0.23999999463558197,0.23999999463558197,0.23999999463558197,0.23999999463558197,74000,0.0,0.0
2023-09-11 13:00:00+08:00,0.23999999463558197,0.2549999952316284,0.23999999463558197,0.25,15307500,0.0,0.0
2023-09-11 14:00:00+08:00,0.25,0.2549999952316284,0.25,0.25,265900,0.0,0.0
2023-09-11 15:00:00+08:00,0.25,0.2549999952316284,0.25,0.25,1139200,0.0,0.0
2023-09-11 16:00:00+08:00,0.25,0.2549999952316284,0.25,0.25,1742900,0.0,0.0
2023-09-12 09:00:00+08:00,0.25,0.25,0.25,0.25,13500,0.0,0.0
2023-09-12 10:00:00+08:00,0.25,0.2549999952316284,0.25,0.25,129500,0.0,0.0
2023-09-12 11:00:00+08:00,0.25,0.2549999952316284,0.25,0.25,168500,0.0,0.0
2023-09-12 12:00:00+08:00,0.25,0.25,0.25,0.25,48700,0.0,0.0
2023-09-12 13:00:00+08:00,0.25,0.2549999952316284,0.25,0.25,302600,0.0,0.0
2023-09-12 14:00:00+08:00,0.25,0.2549999952316284,0.25,0.25,65100,0.0,0.0
2023-09-12 15:00:00+08:00,0.25,0.2549999952316284,0.25,0.25,194300,0.0,0.0
2023-09-12 16:00:00+08:00,0.25,0.2549999952316284,0.25,0.25,189400,0.0,0.0
2023-09-13 09:00:00+08:00,0.2549999952316284,0.2549999952316284,0.25,0.25,46500,0.0,0.0
2023-09-13 10:00:00+08:00,0.25,0.2549999952316284,0.25,0.25,577900,0.0,0.0
2023-09-13 11:00:00+08:00,0.25,0.2549999952316284,0.25,0.25,298400,0.0,0.0
2023-09-13 12:00:00+08:00,0.25,0.25,0.25,0.25,23300,0.0,0.0
2023-09-13 13:00:00+08:00,0.25,0.2549999952316284,0.25,0.2549999952316284,16300,0.0,0.0
2023-09-13 14:00:00+08:00,0.2549999952316284,0.2549999952316284,0.25,0.25,1430500,0.0,0.0
2023-09-13 15:00:00+08:00,0.25,0.2549999952316284,0.25,0.2549999952316284,79900,0.0,0.0
2023-09-13 16:00:00+08:00,0.2549999952316284,0.2549999952316284,0.25,0.25,204100,0.0,0.0
2023-09-14 09:00:00+08:00,0.2549999952316284,0.2549999952316284,0.25,0.25,203300,0.0,0.0
2023-09-14 10:00:00+08:00,0.25,0.2549999952316284,0.25,0.25,98800,0.0,0.0
2023-09-14 11:00:00+08:00,0.25,0.2549999952316284,0.25,0.25,168300,0.0,0.0
2023-09-14 12:00:00+08:00,0.25,0.25,0.25,0.25,46400,0.0,0.0
2023-09-14 13:00:00+08:00,0.25,0.2549999952316284,0.25,0.2549999952316284,96000,0.0,0.0
2023-09-14 14:00:00+08:00,0.2549999952316284,0.2549999952316284,0.25,0.25,147300,0.0,0.0
2023-09-14 15:00:00+08:00,0.25,0.2549999952316284,0.25,0.25,162100,0.0,0.0
2023-09-14 16:00:00+08:00,0.25,0.2549999952316284,0.25,0.2549999952316284,441600,0.0,0.0
2023-09-15 09:00:00+08:00,0.25,0.2549999952316284,0.25,0.25,137000,0.0,0.0
2023-09-15 10:00:00+08:00,0.25,0.2549999952316284,0.25,0.25,156500,0.0,0.0
2023-09-15 11:00:00+08:00,0.25,0.2549999952316284,0.25,0.25,294800,0.0,0.0
2023-09-15 12:00:00+08:00,0.25,0.25,0.25,0.25,89000,0.0,0.0
2023-09-15 13:00:00+08:00,0.25,0.2549999952316284,0.25,0.25,169000,0.0,0.0
2023-09-15 14:00:00+08:00,0.25,0.2549999952316284,0.25,0.25,1603400,0.0,0.0
2023-09-15 15:00:00+08:00,0.25,0.2549999952316284,0.25,0.25,372200,0.0,0.0
2023-09-15 16:00:00+08:00,0.25,0.2549999952316284,0.24500000476837158,0.24500000476837158,7084600,0.0,0.0
2023-09-18 09:00:00+08:00,0.25,0.2549999952316284,0.24500000476837158,0.2549999952316284,6069400,0.0,0.0
2023-09-18 10:00:00+08:00,0.2549999952316284,0.2549999952316284,0.25,0.2549999952316284,125300,0.0,0.0
2023-09-18 11:00:00+08:00,0.2549999952316284,0.2549999952316284,0.25,0.2549999952316284,306100,0.0,0.0
2023-09-18 12:00:00+08:00,0.2549999952316284,0.2549999952316284,0.25,0.25,65000,0.0,0.0
2023-09-18 13:00:00+08:00,0.25,0.2549999952316284,0.25,0.2549999952316284,61300,0.0,0.0
2023-09-18 14:00:00+08:00,0.2549999952316284,0.2549999952316284,0.25,0.25,174100,0.0,0.0
2023-09-18 15:00:00+08:00,0.25,0.2549999952316284,0.25,0.2549999952316284,235200,0.0,0.0
2023-09-18 16:00:00+08:00,0.2549999952316284,0.2549999952316284,0.25,0.25,603100,0.0,0.0
2023-09-19 09:00:00+08:00,0.2549999952316284,0.2549999952316284,0.25,0.2549999952316284,910600,0.0,0.0
2023-09-19 10:00:00+08:00,0.2549999952316284,0.2549999952316284,0.25,0.2549999952316284,208600,0.0,0.0
2023-09-19 11:00:00+08:00,0.2549999952316284,0.2549999952316284,0.25,0.2549999952316284,195500,0.0,0.0
2023-09-19 12:00:00+08:00,0.2549999952316284,0.2549999952316284,0.25,0.25,37600,0.0,0.0
2023-09-19 13:00:00+08:00,0.25,0.2549999952316284,0.25,0.2549999952316284,187500,0.0,0.0
2023-09-19 14:00:00+08:00,0.2549999952316284,0.2549999952316284,0.25,0.2549999952316284,1163100,0.0,0.0
2023-09-19 15:00:00+08:00,0.2549999952316284,0.2549999952316284,0.25,0.25,246400,0.0,0.0
2023-09-19 16:00:00+08:00,0.25,0.2549999952316284,0.25,0.2549999952316284,523800,0.0,0.0
2023-09-20 09:00:00+08:00,0.25,0.2549999952316284,0.25,0.25,864200,0.0,0.0
2023-09-20 10:00:00+08:00,0.25,0.2549999952316284,0.25,0.2549999952316284,311500,0.0,0.0
2023-09-20 11:00:00+08:00,0.2549999952316284,0.2549999952316284,0.25,0.25,6392900,0.0,0.0
2023-09-20 12:00:00+08:00,0.25,0.25,0.25,0.25,106900,0.0,0.0
2023-09-20 13:00:00+08:00,0.25,0.2549999952316284,0.25,0.2549999952316284,81900,0.0,0.0
2023-09-20 14:00:00+08:00,0.2549999952316284,0.2549999952316284,0.25,0.25,138600,0.0,0.0
2023-09-20 15:00:00+08:00,0.25,0.2549999952316284,0.25,0.2549999952316284,221100,0.0,0.0
2023-09-20 16:00:00+08:00,0.2549999952316284,0.2549999952316284,0.25,0.25,822700,0.0,0.0
2023-09-21 09:00:00+08:00,0.25,0.2549999952316284,0.25,0.2549999952316284,4070400,0.0,0.0
2023-09-21 10:00:00+08:00,0.2549999952316284,0.2549999952316284,0.25,0.2549999952316284,499900,0.0,0.0
2023-09-21 11:00:00+08:00,0.2549999952316284,0.2549999952316284,0.25,0.25,359100,0.0,0.0
2023-09-21 12:00:00+08:00,0.2549999952316284,0.2549999952316284,0.25,0.25,444700,0.0,0.0
2023-09-21 13:00:00+08:00,0.25,0.2549999952316284,0.25,0.2549999952316284,71400,0.0,0.0
2023-09-21 14:00:00+08:00,0.2549999952316284,0.2549999952316284,0.25,0.2549999952316284,178100,0.0,0.0
2023-09-21 15:00:00+08:00,0.2549999952316284,0.2549999952316284,0.25,0.2549999952316284,331500,0.0,0.0
2023-09-21 16:00:00+08:00,0.2549999952316284,0.2549999952316284,0.25,0.2549999952316284,799900,0.0,0.0
2023-09-22 09:00:00+08:00,0.25,0.25,0.24500000476837158,0.25,3373500,0.0,0.0
2023-09-22 10:00:00+08:00,0.25,0.25,0.24500000476837158,0.25,69700,0.0,0.0
2023-09-22 11:00:00+08:00,0.25,0.25,0.24500000476837158,0.25,416600,0.0,0.0
2023-09-22 12:00:00+08:00,0.25,0.25,0.25,0.25,72300,0.0,0.0
2023-09-22 13:00:00+08:00,0.24500000476837158,0.25,0.24500000476837158,0.25,37800,0.0,0.0
2023-09-22 14:00:00+08:00,0.25,0.25,0.24500000476837158,0.25,495300,0.0,0.0
2023-09-22 15:00:00+08:00,0.25,0.2549999952316284,0.24500000476837158,0.2549999952316284,13620200,0.0,0.0
2023-09-22 16:00:00+08:00,0.2549999952316284,0.2549999952316284,0.25,0.25,500100,0.0,0.0
2023-09-25 09:00:00+08:00,0.2549999952316284,0.2549999952316284,0.25,0.25,171700,0.0,0.0
2023-09-25 10:00:00+08:00,0.25,0.2549999952316284,0.25,0.25,251100,0.0,0.0
2023-09-25 11:00:00+08:00,0.25,0.2549999952316284,0.25,0.2549999952316284,697500,0.0,0.0
2023-09-25 12:00:00+08:00,0.2549999952316284,0.2549999952316284,0.25,0.25,3606200,0.0,0.0
2023-09-25 13:00:00+08:00,0.25,0.26499998569488525,0.25,0.26499998569488525,17812800,0.0,0.0
2023-09-25 14:00:00+08:00,0.26499998569488525,0.26499998569488525,0.25999999046325684,0.26499998569488525,1033700,0.0,0.0
2023-09-25 15:00:00+08:00,0.26499998569488525,0.26499998569488525,0.25999999046325684,0.25999999046325684,1858200,0.0,0.0
2023-09-25 16:00:00+08:00,0.25999999046325684,0.26499998569488525,0.25999999046325684,0.26499998569488525,5021500,0.0,0.0
2023-09-26 09:00:00+08:00,0.26499998569488525,0.26499998569488525,0.25999999046325684,0.26499998569488525,342800,0.0,0.0
2023-09-26 10:00:00+08:00,0.26499998569488525,0.26499998569488525,0.25999999046325684,0.25999999046325684,954300,0.0,0.0
2023-09-26 11:00:00+08:00,0.25999999046325684,0.26499998569488525,0.25999999046325684,0.25999999046325684,921200,0.0,0.0
2023-09-26 12:00:00+08:00,0.26499998569488525,0.26499998569488525,0.25999999046325684,0.25999999046325684,173100,0.0,0.0
2023-09-26 13:00:00+08:00,0.25999999046325684,0.26499998569488525,0.25999999046325684,0.25999999046325684,365300,0.0,0.0
2023-09-26 14:00:00+08:00,0.25999999046325684,0.26499998569488525,0.25999999046325684,0.26499998569488525,623800,0.0,0.0
2023-09-26 15:00:00+08:00,0.26499998569488525,0.26499998569488525,0.25999999046325684,0.25999999046325684,700500,0.0,0.0
2023-09-26 16:00:00+08:00,0.25999999046325684,0.26499998569488525,0.25999999046325684,0.25999999046325684,3006700,0.0,0.0
2023-09-27 09:00:00+08:00,0.25999999046325684,0.26499998569488525,0.25999999046325684,0.26499998569488525,153300,0.0,0.0
2023-09-27 10:00:00+08:00,0.25999999046325684,0.26499998569488525,0.25999999046325684,0.25999999046325684,231500,0.0,0.0
2023-09-27 11:00:00+08:00,0.25999999046325684,0.26499998569488525,0.25999999046325684,0.25999999046325684,323800,0.0,0.0
2023-09-27 12:00:00+08:00,0.26499998569488525,0.26499998569488525,0.25999999046325684,0.25999999046325684,154400,0.0,0.0
2023-09-27 13:00:00+08:00,0.25999999046325684,0.26499998569488525,0.25999999046325684,0.26499998569488525,287100,0.0,0.0
2023-09-27 14:00:00+08:00,0.26499998569488525,0.26499998569488525,0.25999999046325684,0.25999999046325684,388900,0.0,0.0
2023-09-27 15:00:00+08:00,0.25999999046325684,0.26499998569488525,0.25999999046325684,0.25999999046325684,776100,0.0,0.0
2023-09-27 16:00:00+08:00,0.25999999046325684,0.26499998569488525,0.2549999952316284,0.25999999046325684,6575700,0.0,0.0
2023-09-28 09:00:00+08:00,0.26499998569488525,0.26499998569488525,0.25999999046325684,0.25999999046325684,287300,0.0,0.0
2023-09-28 10:00:00+08:00,0.25999999046325684,0.26499998569488525,0.25999999046325684,0.25999999046325684,142900,0.0,0.0
2023-09-28 11:00:00+08:00,0.25999999046325684,0.26499998569488525,0.25999999046325684,0.25999999046325684,236200,0.0,0.0
2023-09-28 12:00:00+08:00,0.26499998569488525,0.26499998569488525,0.25999999046325684,0.25999999046325684,78000,0.0,0.0
2023-09-28 13:00:00+08:00,0.25999999046325684,0.26499998569488525,0.25999999046325684,0.25999999046325684,55600,0.0,0.0
2023-09-28 14:00:00+08:00,0.25999999046325684,0.26499998569488525,0.25999999046325684,0.26499998569488525,62400,0.0,0.0
2023-09-28 15:00:00+08:00,0.26499998569488525,0.26499998569488525,0.2549999952316284,0.26499998569488525,6158500,0.0,0.0
2023-09-28 16:00:00+08:00,0.26499998569488525,0.2750000059604645,0.25999999046325684,0.27000001072883606,20309700,0.0,0.0
2023-09-29 09:00:00+08:00,0.27000001072883606,0.27000001072883606,0.26499998569488525,0.26499998569488525,1666200,0.0,0.0
2023-09-29 10:00:00+08:00,0.26499998569488525,0.27000001072883606,0.26499998569488525,0.26499998569488525,44000,0.0,0.0
2023-09-29 11:00:00+08:00,0.26499998569488525,0.2750000059604645,0.26499998569488525,0.27000001072883606,3327500,0.0,0.0
2023-09-29 12:00:00+08:00,0.27000001072883606,0.27000001072883606,0.27000001072883606,0.27000001072883606,75500,0.0,0.0
2023-09-29 13:00:00+08:00,0.27000001072883606,0.27000001072883606,0.26499998569488525,0.26499998569488525,251900,0.0,0.0
2023-09-29 14:00:00+08:00,0.26499998569488525,0.27000001072883606,0.26499998569488525,0.26499998569488525,1965600,0.0,0.0
2023-09-29 15:00:00+08:00,0.26499998569488525,0.27000001072883606,0.26499998569488525,0.27000001072883606,428000,0.0,0.0
2023-09-29 16:00:00+08:00,0.27000001072883606,0.27000001072883606,0.26499998569488525,0.26499998569488525,866800,0.0,0.0
2023-10-02 09:00:00+08:00,0.26499998569488525,0.2750000059604645,0.26499998569488525,0.2750000059604645,1939800,0.0,0.0
2023-10-02 10:00:00+08:00,0.2750000059604645,0.2750000059604645,0.27000001072883606,0.27000001072883606,741300,0.0,0.0
2023-10-02 11:00:00+08:00,0.27000001072883606,0.2750000059604645,0.26499998569488525,0.26499998569488525,6679100,0.0,0.0
2023-10-02 12:00:00+08:00,0.27000001072883606,0.27000001072883606,0.27000001072883606,0.27000001072883606,154200,0.0,0.0
2023-10-02 13:00:00+08:00,0.27000001072883606,0.2750000059604645,0.27000001072883606,0.2750000059604645,470000,0.0,0.0
2023-10-02 14:00:00+08:00,0.2750000059604645,0.2750000059604645,0.26499998569488525,0.27000001072883606,1198900,0.0,0.0
2023-10-02 15:00:00+08:00,0.27000001072883606,0.27000001072883606,0.26499998569488525,0.27000001072883606,516900,0.0,0.0
2023-10-02 16:00:00+08:00,0.27000001072883606,0.27000001072883606,0.26499998569488525,0.26499998569488525,1569000,0.0,0.0
2023-10-03 09:00:00+08:00,0.26499998569488525,0.27000001072883606,0.26499998569488525,0.26499998569488525,80700,0.0,0.0
2023-10-03 10:00:00+08:00,0.26499998569488525,0.27000001072883606,0.26499998569488525,0.27000001072883606,555700,0.0,0.0
2023-10-03 11:00:00+08:00,0.27000001072883606,0.27000001072883606,0.26499998569488525,0.27000001072883606,378500,0.0,0.0
2023-10-03 12:00:00+08:00,0.26499998569488525,0.27000001072883606,0.26499998569488525,0.27000001072883606,52100,0.0,0.0
2023-10-03 13:00:00+08:00,0.27000001072883606,0.27000001072883606,0.26499998569488525,0.27000001072883606,94000,0.0,0.0
2023-10-03 14:00:00+08:00,0.27000001072883606,0.27000001072883606,0.26499998569488525,0.27000001072883606,162100,0.0,0.0
2023-10-03 15:00:00+08:00,0.27000001072883606,0.27000001072883606,0.26499998569488525,0.27000001072883606,1227700,0.0,0.0
2023-10-03 16:00:00+08:00,0.27000001072883606,0.27000001072883606,0.26499998569488525,0.27000001072883606,1155400,0.0,0.0
2023-10-04 09:00:00+08:00,0.26499998569488525,0.26499998569488525,0.25999999046325684,0.26499998569488525,488500,0.0,0.0
2023-10-04 10:00:00+08:00,0.26499998569488525,0.26499998569488525,0.25999999046325684,0.26499998569488525,221000,0.0,0.0
2023-10-04 11:00:00+08:00,0.26499998569488525,0.26499998569488525,0.25999999046325684,0.26499998569488525,605400,0.0,0.0
2023-10-04 12:00:00+08:00,0.26499998569488525,0.26499998569488525,0.26499998569488525,0.26499998569488525,67800,0.0,0.0
2023-10-04 13:00:00+08:00,0.26499998569488525,0.26499998569488525,0.25999999046325684,0.25999999046325684,125900,0.0,0.0
2023-10-04 14:00:00+08:00,0.25999999046325684,0.26499998569488525,0.25999999046325684,0.25999999046325684,160500,0.0,0.0
2023-10-04 15:00:00+08:00,0.25999999046325684,0.26499998569488525,0.25999999046325684,0.25999999046325684,379600,0.0,0.0
2023-10-04 16:00:00+08:00,0.25999999046325684,0.26499998569488525,0.25999999046325684,0.25999999046325684,967900,0.0,0.0
2023-10-05 09:00:00+08:00,0.26499998569488525,0.26499998569488525,0.25999999046325684,0.25999999046325684,30000,0.0,0.0
2023-10-05 10:00:00+08:00,0.25999999046325684,0.26499998569488525,0.25999999046325684,0.25999999046325684,62200,0.0,0.0
2023-10-05 11:00:00+08:00,0.25999999046325684,0.26499998569488525,0.25999999046325684,0.25999999046325684,129200,0.0,0.0
2023-10-05 12:00:00+08:00,0.25999999046325684,0.25999999046325684,0.25999999046325684,0.25999999046325684,246900,0.0,0.0
2023-10-05 13:00:00+08:00,0.26499998569488525,0.26499998569488525,0.25999999046325684,0.25999999046325684,102500,0.0,0.0
2023-10-05 14:00:00+08:00,0.25999999046325684,0.26499998569488525,0.25999999046325684,0.25999999046325684,38000,0.0,0.0
2023-10-05 15:00:00+08:00,0.25999999046325684,0.26499998569488525,0.25999999046325684,0.25999999046325684,1350600,0.0,0.0
2023-10-05 16:00:00+08:00,0.25999999046325684,0.26499998569488525,0.25999999046325684,0.25999999046325684,783500,0.0,0.0
2023-10-06 09:00:00+08:00,0.25999999046325684,0.26499998569488525,0.25999999046325684,0.25999999046325684,25300,0.0,0.0
2023-10-06 10:00:00+08:00,0.25999999046325684,0.26499998569488525,0.25999999046325684,0.25999999046325684,63400,0.0,0.0
2023-10-06 11:00:00+08:00,0.25999999046325684,0.26499998569488525,0.25999999046325684,0.25999999046325684,31900,0.0,0.0
2023-10-06 12:00:00+08:00,0.25999999046325684,0.25999999046325684,0.25999999046325684,0.25999999046325684,33600,0.0,0.0
2023-10-06 13:00:00+08:00,0.25999999046325684,0.26499998569488525,0.25999999046325684,0.25999999046325684,6100,0.0,0.0
2023-10-06 14:00:00+08:00,0.25999999046325684,0.26499998569488525,0.25999999046325684,0.25999999046325684,5000,0.0,0.0
2023-10-06 15:00:00+08:00,0.25999999046325684,0.26499998569488525,0.25999999046325684,0.25999999046325684,60700,0.0,0.0
2023-10-06 16:00:00+08:00,0.25999999046325684,0.26499998569488525,0.25999999046325684,0.25999999046325684,323100,0.0,0.0
2023-10-09 09:00:00+08:00,0.25999999046325684,0.26499998569488525,0.25999999046325684,0.26499998569488525,132400,0.0,0.0
2023-10-09 10:00:00+08:00,0.26499998569488525,0.2750000059604645,0.25999999046325684,0.2750000059604645,8700500,0.0,0.0
2023-10-09 11:00:00+08:00,0.2750000059604645,0.2750000059604645,0.26499998569488525,0.26499998569488525,6417600,0.0,0.0
2023-10-09 12:00:00+08:00,0.26499998569488525,0.27000001072883606,0.26499998569488525,0.27000001072883606,20500,0.0,0.0
2023-10-09 13:00:00+08:00,0.27000001072883606,0.27000001072883606,0.26499998569488525,0.27000001072883606,150300,0.0,0.0
2023-10-09 14:00:00+08:00,0.27000001072883606,0.27000001072883606,0.26499998569488525,0.26499998569488525,249600,0.0,0.0
2023-10-09 15:00:00+08:00,0.26499998569488525,0.27000001072883606,0.26499998569488525,0.26499998569488525,273800,0.0,0.0
2023-10-09 16:00:00+08:00,0.26499998569488525,0.27000001072883606,0.26499998569488525,0.27000001072883606,610100,0.0,0.0
2023-10-10 09:00:00+08:00,0.26499998569488525,0.27000001072883606,0.26499998569488525,0.26499998569488525,119000,0.0,0.0
2023-10-10 10:00:00+08:00,0.26499998569488525,0.27000001072883606,0.26499998569488525,0.26499998569488525,43500,0.0,0.0
2023-10-10 11:00:00+08:00,0.26499998569488525,0.27000001072883606,0.26499998569488525,0.26499998569488525,495600,0.0,0.0
2023-10-10 12:00:00+08:00,0.26499998569488525,0.27000001072883606,0.26499998569488525,0.27000001072883606,143200,0.0,0.0
2023-10-10 13:00:00+08:00,0.27000001072883606,0.27000001072883606,0.26499998569488525,0.26499998569488525,4600,0.0,0.0
2023-10-10 14:00:00+08:00,0.26499998569488525,0.27000001072883606,0.26499998569488525,0.26499998569488525,90900,0.0,0.0
2023-10-10 15:00:00+08:00,0.26499998569488525,0.27000001072883606,0.26499998569488525,0.26499998569488525,293600,0.0,0.0
2023-10-10 16:00:00+08:00,0.26499998569488525,0.27000001072883606,0.26499998569488525,0.26499998569488525,356200,0.0,0.0
2023-10-11 09:00:00+08:00,0.25999999046325684,0.27000001072883606,0.25999999046325684,0.27000001072883606,747100,0.0,0.0
2023-10-11 10:00:00+08:00,0.27000001072883606,0.27000001072883606,0.26499998569488525,0.26499998569488525,57500,0.0,0.0
2023-10-11 11:00:00+08:00,0.26499998569488525,0.27000001072883606,0.26499998569488525,0.26499998569488525,61400,0.0,0.0
2023-10-11 12:00:00+08:00,0.26499998569488525,0.27000001072883606,0.26499998569488525,0.27000001072883606,104500,0.0,0.0
2023-10-11 13:00:00+08:00,0.27000001072883606,0.27000001072883606,0.27000001072883606,0.27000001072883606,4600,0.0,0.0
2023-10-11 14:00:00+08:00,0.27000001072883606,0.27000001072883606,0.26499998569488525,0.27000001072883606,4100,0.0,0.0
2023-10-11 15:00:00+08:00,0.27000001072883606,0.27000001072883606,0.26499998569488525,0.26499998569488525,39100,0.0,0.0
2023-10-11 16:00:00+08:00,0.26499998569488525,0.27000001072883606,0.26499998569488525,0.27000001072883606,319800,0.0,0.0
2023-10-12 09:00:00+08:00,0.27000001072883606,0.27000001072883606,0.26499998569488525,0.27000001072883606,546400,0.0,0.0
2023-10-12 10:00:00+08:00,0.27000001072883606,0.27000001072883606,0.26499998569488525,0.26499998569488525,422700,0.0,0.0
2023-10-12 11:00:00+08:00,0.26499998569488525,0.27000001072883606,0.26499998569488525,0.27000001072883606,140800,0.0,0.0
2023-10-12 12:00:00+08:00,0.26499998569488525,0.26499998569488525,0.26499998569488525,0.26499998569488525,22900,0.0,0.0
2023-10-12 13:00:00+08:00,0.27000001072883606,0.27000001072883606,0.26499998569488525,0.27000001072883606,109000,0.0,0.0
2023-10-12 14:00:00+08:00,0.27000001072883606,0.27000001072883606,0.26499998569488525,0.26499998569488525,153200,0.0,0.0
2023-10-12 15:00:00+08:00,0.26499998569488525,0.27000001072883606,0.26499998569488525,0.26499998569488525,195000,0.0,0.0
2023-10-12 16:00:00+08:00,0.26499998569488525,0.27000001072883606,0.26499998569488525,0.27000001072883606,841400,0.0,0.0
2023-10-13 09:00:00+08:00,0.26499998569488525,0.27000001072883606,0.26499998569488525,0.26499998569488525,194300,0.0,0.0
2023-10-13 10:00:00+08:00,0.26499998569488525,0.27000001072883606,0.26499998569488525,0.26499998569488525,433800,0.0,0.0
2023-10-13 11:00:00+08:00,0.26499998569488525,0.27000001072883606,0.26499998569488525,0.26499998569488525,39800,0.0,0.0
2023-10-13 12:00:00+08:00,0.26499998569488525,0.26499998569488525,0.26499998569488525,0.26499998569488525,47900,0.0,0.0
2023-10-13 13:00:00+08:00,0.26499998569488525,0.27000001072883606,0.26499998569488525,0.26499998569488525,3500,0.0,0.0
2023-10-13 14:00:00+08:00,0.26499998569488525,0.27000001072883606,0.26499998569488525,0.26499998569488525,49100,0.0,0.0
2023-10-13 15:00:00+08:00,0.26499998569488525,0.26499998569488525,0.26499998569488525,0.26499998569488525,23500,0.0,0.0
2023-10-13 16:00:00+08:00,0.26499998569488525,0.27000001072883606,0.26499998569488525,0.26499998569488525,73500,0.0,0.0
2023-10-16 09:00:00+08:00,0.27000001072883606,0.27000001072883606,0.26499998569488525,0.26499998569488525,0,0.0,0.0
2023-10-16 10:00:00+08:00,0.26499998569488525,0.27000001072883606,0.26499998569488525,0.27000001072883606,898400,0.0,0.0
2023-10-16 11:00:00+08:00,0.27000001072883606,0.27000001072883606,0.26499998569488525,0.26499998569488525,366500,0.0,0.0
2023-10-16 12:00:00+08:00,0.27000001072883606,0.27000001072883606,0.27000001072883606,0.27000001072883606,25100,0.0,0.0
2023-10-16 13:00:00+08:00,0.27000001072883606,0.27000001072883606,0.26499998569488525,0.26499998569488525,322200,0.0,0.0
2023-10-16 14:00:00+08:00,0.26499998569488525,0.27000001072883606,0.26499998569488525,0.26499998569488525,64800,0.0,0.0
2023-10-16 15:00:00+08:00,0.26499998569488525,0.27000001072883606,0.26499998569488525,0.26499998569488525,343000,0.0,0.0
2023-10-16 16:00:00+08:00,0.26499998569488525,0.27000001072883606,0.26499998569488525,0.26499998569488525,2421500,0.0,0.0
2023-10-17 09:00:00+08:00,0.26499998569488525,0.27000001072883606,0.26499998569488525,0.26499998569488525,29300,0.0,0.0
2023-10-17 10:00:00+08:00,0.26499998569488525,0.27000001072883606,0.26499998569488525,0.26499998569488525,660800,0.0,0.0
2023-10-17 11:00:00+08:00,0.26499998569488525,0.27000001072883606,0.26499998569488525,0.26499998569488525,375300,0.0,0.0
2023-10-17 12:00:00+08:00,0.26499998569488525,0.26499998569488525,0.26499998569488525,0.26499998569488525,62100,0.0,0.0
2023-10-17 13:00:00+08:00,0.26499998569488525,0.27000001072883606,0.26499998569488525,0.26499998569488525,68700,0.0,0.0
2023-10-17 14:00:00+08:00,0.26499998569488525,0.27000001072883606,0.26499998569488525,0.27000001072883606,395400,0.0,0.0
2023-10-17 15:00:00+08:00,0.27000001072883606,0.27000001072883606,0.26499998569488525,0.26499998569488525,453400,0.0,0.0
2023-10-17 16:00:00+08:00,0.26499998569488525,0.27000001072883606,0.26499998569488525,0.27000001072883606,1323300,0.0,0.0
2023-10-18 09:00:00+08:00,0.26499998569488525,0.27000001072883606,0.26499998569488525,0.27000001072883606,583400,0.0,0.0
2023-10-18 10:00:00+08:00,0.27000001072883606,0.27000001072883606,0.26499998569488525,0.26499998569488525,299400,0.0,0.0
2023-10-18 11:00:00+08:00,0.26499998569488525,0.27000001072883606,0.26499998569488525,0.27000001072883606,1311600,0.0,0.0
2023-10-18 12:00:00+08:00,0.26499998569488525,0.26499998569488525,0.26499998569488525,0.26499998569488525,112600,0.0,0.0
2023-10-18 13:00:00+08:00,0.26499998569488525,0.27000001072883606,0.26499998569488525,0.27000001072883606,204300,0.0,0.0
2023-10-18 14:00:00+08:00,0.27000001072883606,0.27000001072883606,0.26499998569488525,0.27000001072883606,272500,0.0,0.0
2023-10-18 15:00:00+08:00,0.26499998569488525,0.27000001072883606,0.26499998569488525,0.26499998569488525,562400,0.0,0.0
2023-10-18 16:00:00+08:00,0.26499998569488525,0.27000001072883606,0.26499998569488525,0.26499998569488525,2379500,0.0,0.0
2023-10-19 09:00:00+08:00,0.26499998569488525,0.27000001072883606,0.25999999046325684,0.27000001072883606,3448800,0.0,0.0
2023-10-19 10:00:00+08:00,0.27000001072883606,0.27000001072883606,0.26499998569488525,0.26499998569488525,779600,0.0,0.0
2023-10-19 11:00:00+08:00,0.26499998569488525,0.27000001072883606,0.26499998569488525,0.26499998569488525,849500,0.0,0.0
2023-10-19 12:00:00+08:00,0.26499998569488525,0.27000001072883606,0.26499998569488525,0.27000001072883606,365900,0.0,0.0
2023-10-19 13:00:00+08:00,0.27000001072883606,0.27000001072883606,0.26499998569488525,0.27000001072883606,128600,0.0,0.0
2023-10-19 14:00:00+08:00,0.27000001072883606,0.27000001072883606,0.26499998569488525,0.26499998569488525,153000,0.0,0.0
2023-10-19 15:00:00+08:00,0.26499998569488525,0.27000001072883606,0.26499998569488525,0.27000001072883606,605300,0.0,0.0
2023-10-19 16:00:00+08:00,0.27000001072883606,0.27000001072883606,0.26499998569488525,0.27000001072883606,1127000,0.0,0.0
2023-10-20 09:00:00+08:00,0.26499998569488525,0.27000001072883606,0.26499998569488525,0.26499998569488525,1528800,0.0,0.0
2023-10-20 10:00:00+08:00,0.26499998569488525,0.27000001072883606,0.26499998569488525,0.27000001072883606,230200,0.0,0.0
2023-10-20 11:00:00+08:00,0.27000001072883606,0.27000001072883606,0.26499998569488525,0.27000001072883606,353600,0.0,0.0
2023-10-20 12:00:00+08:00,0.26499998569488525,0.26499998569488525,0.26499998569488525,0.26499998569488525,59700,0.0,0.0
2023-10-20 13:00:00+08:00,0.26499998569488525,0.26499998569488525,0.26499998569488525,0.26499998569488525,0,0.0,0.0
2023-10-20 14:00:00+08:00,0.26499998569488525,0.27000001072883606,0.26499998569488525,0.26499998569488525,2629300,0.0,0.0
2023-10-20 15:00:00+08:00,0.26499998569488525,0.27000001072883606,0.26499998569488525,0.26499998569488525,602900,0.0,0.0
2023-10-20 16:00:00+08:00,0.26499998569488525,0.27000001072883606,0.26499998569488525,0.26499998569488525,1134400,0.0,0.0
2023-10-23 09:00:00+08:00,0.26499998569488525,0.27000001072883606,0.25999999046325684,0.26499998569488525,770400,0.0,0.0
2023-10-23 10:00:00+08:00,0.26499998569488525,0.26499998569488525,0.25999999046325684,0.26499998569488525,130900,0.0,0.0
2023-10-23 11:00:00+08:00,0.26499998569488525,0.26499998569488525,0.25999999046325684,0.26499998569488525,42100,0.0,0.0
2023-10-23 12:00:00+08:00,0.25999999046325684,0.25999999046325684,0.25999999046325684,0.25999999046325684,40600,0.0,0.0
2023-10-23 13:00:00+08:00,0.26499998569488525,0.26499998569488525,0.25999999046325684,0.26499998569488525,18500,0.0,0.0
2023-10-23 14:00:00+08:00,0.26499998569488525,0.26499998569488525,0.25999999046325684,0.26499998569488525,57400,0.0,0.0
2023-10-23 15:00:00+08:00,0.26499998569488525,0.26499998569488525,0.25999999046325684,0.26499998569488525,334200,0.0,0.0
2023-10-23 16:00:00+08:00,0.26499998569488525,0.26499998569488525,0.25999999046325684,0.26499998569488525,184000,0.0,0.0
2023-10-24 09:00:00+08:00,0.25999999046325684,0.26499998569488525,0.25999999046325684,0.25999999046325684,355400,0.0,0.0
2023-10-24 10:00:00+08:00,0.25999999046325684,0.26499998569488525,0.25999999046325684,0.25999999046325684,127100,0.0,0.0
2023-10-24 11:00:00+08:00,0.25999999046325684,0.26499998569488525,0.25999999046325684,0.25999999046325684,81800,0.0,0.0
2023-10-24 12:00:00+08:00,0.25999999046325684,0.26499998569488525,0.25999999046325684,0.26499998569488525,92300,0.0,0.0
2023-10-24 13:00:00+08:00,0.26499998569488525,0.26499998569488525,0.25999999046325684,0.25999999046325684,451900,0.0,0.0
2023-10-24 14:00:00+08:00,0.25999999046325684,0.26499998569488525,0.25999999046325684,0.25999999046325684,121300,0.0,0.0
2023-10-24 15:00:00+08:00,0.25999999046325684,0.26499998569488525,0.25999999046325684,0.25999999046325684,3545200,0.0,0.0
2023-10-24 16:00:00+08:00,0.25999999046325684,0.26499998569488525,0.25999999046325684,0.26499998569488525,594300,0.0,0.0
2023-10-25 09:00:00+08:00,0.25999999046325684,0.26499998569488525,0.25999999046325684,0.25999999046325684,7700,0.0,0.0
2023-10-25 10:00:00+08:00,0.25999999046325684,0.26499998569488525,0.25999999046325684,0.26499998569488525,154100,0.0,0.0
2023-10-25 11:00:00+08:00,0.26499998569488525,0.26499998569488525,0.25999999046325684,0.25999999046325684,271700,0.0,0.0
2023-10-25 12:00:00+08:00,0.25999999046325684,0.26499998569488525,0.25999999046325684,0.26499998569488525,84700,0.0,0.0
2023-10-25 13:00:00+08:00,0.26499998569488525,0.26499998569488525,0.25999999046325684,0.26499998569488525,209800,0.0,0.0
2023-10-25 14:00:00+08:00,0.26499998569488525,0.26499998569488525,0.25999999046325684,0.25999999046325684,140000,0.0,0.0
2023-10-25 15:00:00+08:00,0.25999999046325684,0.26499998569488525,0.25999999046325684,0.25999999046325684,130200,0.0,0.0
2023-10-25 16:00:00+08:00,0.25999999046325684,0.27000001072883606,0.25999999046325684,0.27000001072883606,5641700,0.0,0.0
2023-10-26 09:00:00+08:00,0.27000001072883606,0.27000001072883606,0.25999999046325684,0.26499998569488525,3196900,0.0,0.0
2023-10-26 10:00:00+08:00,0.26499998569488525,0.26499998569488525,0.25999999046325684,0.26499998569488525,639600,0.0,0.0
2023-10-26 11:00:00+08:00,0.26499998569488525,0.26499998569488525,0.25999999046325684,0.26499998569488525,426900,0.0,0.0
2023-10-26 12:00:00+08:00,0.25999999046325684,0.25999999046325684,0.25999999046325684,0.25999999046325684,73800,0.0,0.0
2023-10-26 13:00:00+08:00,0.25999999046325684,0.27000001072883606,0.25999999046325684,0.27000001072883606,7508600,0.0,0.0
2023-10-26 14:00:00+08:00,0.27000001072883606,0.27000001072883606,0.26499998569488525,0.27000001072883606,207400,0.0,0.0
2023-10-26 15:00:00+08:00,0.27000001072883606,0.27000001072883606,0.26499998569488525,0.27000001072883606,856500,0.0,0.0
2023-10-26 16:00:00+08:00,0.27000001072883606,0.27000001072883606,0.26499998569488525,0.26499998569488525,1906400,0.0,0.0
2023-10-27 09:00:00+08:00,0.26499998569488525,0.27000001072883606,0.26499998569488525,0.26499998569488525,405100,0.0,0.0
2023-10-27 10:00:00+08:00,0.26499998569488525,0.27000001072883606,0.26499998569488525,0.26499998569488525,561300,0.0,0.0
2023-10-27 11:00:00+08:00,0.26499998569488525,0.27000001072883606,0.26499998569488525,0.27000001072883606,200900,0.0,0.0
2023-10-27 12:00:00+08:00,0.26499998569488525,0.26499998569488525,0.26499998569488525,0.26499998569488525,2082400,0.0,0.0
2023-10-27 13:00:00+08:00,0.26499998569488525,0.27000001072883606,0.26499998569488525,0.26499998569488525,124800,0.0,0.0
2023-10-27 14:00:00+08:00,0.26499998569488525,0.27000001072883606,0.26499998569488525,0.26499998569488525,161100,0.0,0.0
2023-10-27 15:00:00+08:00,0.26499998569488525,0.27000001072883606,0.26499998569488525,0.26499998569488525,243400,0.0,0.0
2023-10-27 16:00:00+08:00,0.26499998569488525,0.27000001072883606,0.26499998569488525,0.26499998569488525,619600,0.0,0.0
2023-10-30 09:00:00+08:00,0.26499998569488525,0.27000001072883606,0.26499998569488525,0.27000001072883606,85800,0.0,0.0
2023-10-30 10:00:00+08:00,0.27000001072883606,0.27000001072883606,0.26499998569488525,0.27000001072883606,162100,0.0,0.0
2023-10-30 11:00:00+08:00,0.27000001072883606,0.27000001072883606,0.26499998569488525,0.26499998569488525,53400,0.0,0.0
2023-10-30 12:00:00+08:00,0.26499998569488525,0.27000001072883606,0.26499998569488525,0.27000001072883606,6800,0.0,0.0
2023-10-30 13:00:00+08:00,0.27000001072883606,0.27000001072883606,0.26499998569488525,0.27000001072883606,268000,0.0,0.0
2023-10-30 14:00:00+08:00,0.27000001072883606,0.27000001072883606,0.26499998569488525,0.27000001072883606,107200,0.0,0.0
2023-10-30 15:00:00+08:00,0.27000001072883606,0.27000001072883606,0.26499998569488525,0.27000001072883606,59500,0.0,0.0
2023-10-30 16:00:00+08:00,0.27000001072883606,0.27000001072883606,0.26499998569488525,0.26499998569488525,109300,0.0,0.0
2023-10-31 09:00:00+08:00,0.27000001072883606,0.27000001072883606,0.26499998569488525,0.26499998569488525,8900,0.0,0.0
2023-10-31 10:00:00+08:00,0.26499998569488525,0.27000001072883606,0.26499998569488525,0.26499998569488525,12000,0.0,0.0
2023-10-31 11:00:00+08:00,0.26499998569488525,0.27000001072883606,0.26499998569488525,0.26499998569488525,849000,0.0,0.0
2023-10-31 12:00:00+08:00,0.26499998569488525,0.27000001072883606,0.26499998569488525,0.27000001072883606,50100,0.0,0.0
2023-10-31 13:00:00+08:00,0.27000001072883606,0.27000001072883606,0.26499998569488525,0.27000001072883606,226400,0.0,0.0
2023-10-31 14:00:00+08:00,0.27000001072883606,0.27000001072883606,0.26499998569488525,0.26499998569488525,1070100,0.0,0.0
2023-10-31 15:00:00+08:00,0.26499998569488525,0.27000001072883606,0.26499998569488525,0.27000001072883606,1174400,0.0,0.0
2023-10-31 16:00:00+08:00,0.27000001072883606,0.27000001072883606,0.26499998569488525,0.26499998569488525,2107800,0.0,0.0
2023-11-01 09:00:00+08:00,0.26499998569488525,0.27000001072883606,0.26499998569488525,0.27000001072883606,13600,0.0,0.0
2023-11-01 10:00:00+08:00,0.27000001072883606,0.27000001072883606,0.26499998569488525,0.26499998569488525,449100,0.0,0.0
2023-11-01 11:00:00+08:00,0.27000001072883606,0.27000001072883606,0.26499998569488525,0.27000001072883606,566700,0.0,0.0
2023-11-01 12:00:00+08:00,0.26499998569488525,0.26499998569488525,0.26499998569488525,0.26499998569488525,126300,0.0,0.0
2023-11-01 13:00:00+08:00,0.26499998569488525,0.27000001072883606,0.26499998569488525,0.27000001072883606,71900,0.0,0.0
2023-11-01 14:00:00+08:00,0.27000001072883606,0.27000001072883606,0.26499998569488525,0.26499998569488525,199500,0.0,0.0
2023-11-01 15:00:00+08:00,0.26499998569488525,0.27000001072883606,0.26499998569488525,0.26499998569488525,286400,0.0,0.0
2023-11-01 16:00:00+08:00,0.26499998569488525,0.27000001072883606,0.26499998569488525,0.26499998569488525,921200,0.0,0.0
2023-11-02 09:00:00+08:00,0.26499998569488525,0.27000001072883606,0.26499998569488525,0.26499998569488525,43600,0.0,0.0
2023-11-02 10:00:00+08:00,0.27000001072883606,0.27000001072883606,0.26499998569488525,0.27000001072883606,337300,0.0,0.0
2023-11-02 11:00:00+08:00,0.27000001072883606,0.27000001072883606,0.26499998569488525,0.27000001072883606,1101100,0.0,0.0
2023-11-02 12:00:00+08:00,0.27000001072883606,0.27000001072883606,0.26499998569488525,0.26499998569488525,525700,0.0,0.0
2023-11-02 13:00:00+08:00,0.26499998569488525,0.27000001072883606,0.26499998569488525,0.27000001072883606,160100,0.0,0.0
2023-11-02 14:00:00+08:00,0.27000001072883606,0.27000001072883606,0.26499998569488525,0.27000001072883606,166300,0.0,0.0
2023-11-02 15:00:00+08:00,0.27000001072883606,0.27000001072883606,0.26499998569488525,0.26499998569488525,268200,0.0,0.0
2023-11-02 16:00:00+08:00,0.26499998569488525,0.27000001072883606,0.26499998569488525,0.26499998569488525,592000,0.0,0.0
2023-11-03 09:00:00+08:00,0.26499998569488525,0.27000001072883606,0.26499998569488525,0.26499998569488525,32600,0.0,0.0
2023-11-03 10:00:00+08:00,0.26499998569488525,0.27000001072883606,0.26499998569488525,0.26499998569488525,44100,0.0,0.0
2023-11-03 11:00:00+08:00,0.26499998569488525,0.27000001072883606,0.26499998569488525,0.26499998569488525,257300,0.0,0.0
2023-11-03 12:00:00+08:00,0.26499998569488525,0.26499998569488525,0.26499998569488525,0.26499998569488525,23500,0.0,0.0
2023-11-03 13:00:00+08:00,0.26499998569488525,0.27000001072883606,0.26499998569488525,0.26499998569488525,310800,0.0,0.0
2023-11-03 14:00:00+08:00,0.26499998569488525,0.27000001072883606,0.26499998569488525,0.27000001072883606,221200,0.0,0.0
2023-11-03 15:00:00+08:00,0.27000001072883606,0.27000001072883606,0.26499998569488525,0.26499998569488525,405700,0.0,0.0
2023-11-03 16:00:00+08:00,0.26499998569488525,0.27000001072883606,0.26499998569488525,0.27000001072883606,692600,0.0,0.0
2023-11-06 09:00:00+08:00,0.26499998569488525,0.27000001072883606,0.26499998569488525,0.26499998569488525,56000,0.0,0.0
2023-11-06 10:00:00+08:00,0.26499998569488525,0.27000001072883606,0.26499998569488525,0.26499998569488525,281700,0.0,0.0
2023-11-06 11:00:00+08:00,0.26499998569488525,0.27000001072883606,0.26499998569488525,0.27000001072883606,435100,0.0,0.0
2023-11-06 12:00:00+08:00,0.26499998569488525,0.26499998569488525,0.26499998569488525,0.26499998569488525,175600,0.0,0.0
2023-11-06 13:00:00+08:00,0.26499998569488525,0.27000001072883606,0.26499998569488525,0.27000001072883606,153900,0.0,0.0
2023-11-06 14:00:00+08:00,0.27000001072883606,0.27000001072883606,0.26499998569488525,0.26499998569488525,288300,0.0,0.0
2023-11-06 15:00:00+08:00,0.26499998569488525,0.27000001072883606,0.26499998569488525,0.26499998569488525,528200,0.0,0.0
2023-11-06 16:00:00+08:00,0.26499998569488525,0.27000001072883606,0.26499998569488525,0.26499998569488525,655600,0.0,0.0
2023-11-07 09:00:00+08:00,0.26499998569488525,0.27000001072883606,0.26499998569488525,0.26499998569488525,309000,0.0,0.0
2023-11-07 10:00:00+08:00,0.26499998569488525,0.27000001072883606,0.26499998569488525,0.26499998569488525,207300,0.0,0.0
2023-11-07 11:00:00+08:00,0.26499998569488525,0.27000001072883606,0.26499998569488525,0.26499998569488525,971200,0.0,0.0
2023-11-07 12:00:00+08:00,0.26499998569488525,0.26499998569488525,0.26499998569488525,0.26499998569488525,126300,0.0,0.0
2023-11-07 13:00:00+08:00,0.26499998569488525,0.27000001072883606,0.26499998569488525,0.27000001072883606,0,0.0,0.0
2023-11-07 14:00:00+08:00,0.27000001072883606,0.27000001072883606,0.26499998569488525,0.26499998569488525,2721700,0.0,0.0
2023-11-07 15:00:00+08:00,0.26499998569488525,0.27000001072883606,0.26499998569488525,0.26499998569488525,335300,0.0,0.0
2023-11-07 16:00:00+08:00,0.26499998569488525,0.27000001072883606,0.26499998569488525,0.27000001072883606,976700,0.0,0.0
2023-11-08 09:00:00+08:00,0.26499998569488525,0.27000001072883606,0.26499998569488525,0.26499998569488525,675700,0.0,0.0
2023-11-08 10:00:00+08:00,0.26499998569488525,0.27000001072883606,0.26499998569488525,0.26499998569488525,784700,0.0,0.0
2023-11-08 11:00:00+08:00,0.26499998569488525,0.27000001072883606,0.26499998569488525,0.26499998569488525,1349700,0.0,0.0
2023-11-08 12:00:00+08:00,0.27000001072883606,0.27000001072883606,0.26499998569488525,0.26499998569488525,335800,0.0,0.0
2023-11-08 13:00:00+08:00,0.26499998569488525,0.27000001072883606,0.26499998569488525,0.27000001072883606,726600,0.0,0.0
2023-11-08 14:00:00+08:00,0.27000001072883606,0.27000001072883606,0.26499998569488525,0.26499998569488525,1309700,0.0,0.0
2023-11-08 15:00:00+08:00,0.26499998569488525,0.27000001072883606,0.26499998569488525,0.26499998569488525,1440000,0.0,0.0
2023-11-08 16:00:00+08:00,0.26499998569488525,0.27000001072883606,0.26499998569488525,0.26499998569488525,5345600,0.0,0.0
2023-11-09 09:00:00+08:00,0.26499998569488525,0.27000001072883606,0.26499998569488525,0.26499998569488525,81900,0.0,0.0
2023-11-09 10:00:00+08:00,0.26499998569488525,0.27000001072883606,0.26499998569488525,0.27000001072883606,278900,0.0,0.0
2023-11-09 11:00:00+08:00,0.27000001072883606,0.27000001072883606,0.26499998569488525,0.26499998569488525,343100,0.0,0.0
2023-11-09 12:00:00+08:00,0.26499998569488525,0.26499998569488525,0.26499998569488525,0.26499998569488525,176500,0.0,0.0
2023-11-09 13:00:00+08:00,0.26499998569488525,0.27000001072883606,0.26499998569488525,0.27000001072883606,264000,0.0,0.0
2023-11-09 14:00:00+08:00,0.27000001072883606,0.27000001072883606,0.26499998569488525,0.27000001072883606,306700,0.0,0.0
2023-11-09 15:00:00+08:00,0.27000001072883606,0.27000001072883606,0.26499998569488525,0.26499998569488525,451500,0.0,0.0
2023-11-09 16:00:00+08:00,0.26499998569488525,0.27000001072883606,0.26499998569488525,0.26499998569488525,1149400,0.0,0.0
2023-11-10 09:00:00+08:00,0.26499998569488525,0.27000001072883606,0.26499998569488525,0.26499998569488525,255700,0.0,0.0
2023-11-10 10:00:00+08:00,0.26499998569488525,0.27000001072883606,0.26499998569488525,0.26499998569488525,221800,0.0,0.0
2023-11-10 11:00:00+08:00,0.26499998569488525,0.27000001072883606,0.26499998569488525,0.26499998569488525,382700,0.0,0.0
2023-11-10 12:00:00+08:00,0.26499998569488525,0.27000001072883606,0.26499998569488525,0.27000001072883606,29200,0.0,0.0
2023-11-10 13:00:00+08:00,0.27000001072883606,0.27000001072883606,0.26499998569488525,0.26499998569488525,117100,0.0,0.0
2023-11-10 14:00:00+08:00,0.26499998569488525,0.27000001072883606,0.26499998569488525,0.27000001072883606,110500,0.0,0.0
2023-11-10 15:00:00+08:00,0.27000001072883606,0.27000001072883606,0.26499998569488525,0.27000001072883606,176300,0.0,0.0
2023-11-10 16:00:00+08:00,0.27000001072883606,0.27000001072883606,0.26499998569488525,0.27000001072883606,1090800,0.0,0.0
2023-11-14 09:00:00+08:00,0.25999999046325684,0.27000001072883606,0.25999999046325684,0.27000001072883606,4436100,0.0,0.0
2023-11-14 10:00:00+08:00,0.27000001072883606,0.27000001072883606,0.26499998569488525,0.26499998569488525,7933700,0.0,0.0
2023-11-14 11:00:00+08:00,0.26499998569488525,0.27000001072883606,0.26499998569488525,0.26499998569488525,222900,0.0,0.0
2023-11-14 12:00:00+08:00,0.26499998569488525,0.26499998569488525,0.26499998569488525,0.26499998569488525,49500,0.0,0.0
2023-11-14 13:00:00+08:00,0.26499998569488525,0.27000001072883606,0.26499998569488525,0.26499998569488525,90900,0.0,0.0
2023-11-14 14:00:00+08:00,0.26499998569488525,0.27000001072883606,0.26499998569488525,0.26499998569488525,135800,0.0,0.0
2023-11-14 15:00:00+08:00,0.26499998569488525,0.27000001072883606,0.26499998569488525,0.27000001072883606,245300,0.0,0.0
2023-11-14 16:00:00+08:00,0.27000001072883606,0.27000001072883606,0.26499998569488525,0.27000001072883606,633500,0.0,0.0
2023-11-15 09:00:00+08:00,0.26499998569488525,0.27000001072883606,0.26499998569488525,0.26499998569488525,98900,0.0,0.0
2023-11-15 10:00:00+08:00,0.26499998569488525,0.27000001072883606,0.26499998569488525,0.26499998569488525,211200,0.0,0.0
2023-11-15 11:00:00+08:00,0.26499998569488525,0.27000001072883606,0.26499998569488525,0.26499998569488525,395000,0.0,0.0
2023-11-15 12:00:00+08:00,0.27000001072883606,0.27000001072883606,0.26499998569488525,0.26499998569488525,129900,0.0,0.0
2023-11-15 13:00:00+08:00,0.26499998569488525,0.27000001072883606,0.26499998569488525,0.27000001072883606,181000,0.0,0.0
2023-11-15 14:00:00+08:00,0.27000001072883606,0.27000001072883606,0.26499998569488525,0.27000001072883606,190000,0.0,0.0
2023-11-15 15:00:00+08:00,0.27000001072883606,0.27000001072883606,0.26499998569488525,0.27000001072883606,440400,0.0,0.0
2023-11-15 16:00:00+08:00,0.27000001072883606,0.27000001072883606,0.26499998569488525,0.26499998569488525,1457500,0.0,0.0
2023-11-16 09:00:00+08:00,0.27000001072883606,0.27000001072883606,0.26499998569488525,0.26499998569488525,18500,0.0,0.0
2023-11-16 10:00:00+08:00,0.26499998569488525,0.27000001072883606,0.25999999046325684,0.26499998569488525,37654800,0.0,0.0
2023-11-16 11:00:00+08:00,0.26499998569488525,0.26499998569488525,0.25999999046325684,0.25999999046325684,236100,0.0,0.0
2023-11-16 12:00:00+08:00,0.26499998569488525,0.26499998569488525,0.25999999046325684,0.25999999046325684,45500,0.0,0.0
2023-11-16 13:00:00+08:00,0.25999999046325684,0.26499998569488525,0.25999999046325684,0.26499998569488525,109100,0.0,0.0
2023-11-16 14:00:00+08:00,0.26499998569488525,0.26499998569488525,0.25999999046325684,0.25999999046325684,160900,0.0,0.0
2023-11-16 15:00:00+08:00,0.25999999046325684,0.26499998569488525,0.25999999046325684,0.25999999046325684,313700,0.0,0.0
2023-11-16 16:00:00+08:00,0.25999999046325684,0.27000001072883606,0.25999999046325684,0.25999999046325684,8983200,0.0,0.0
2023-11-17 09:00:00+08:00,0.26499998569488525,0.26499998569488525,0.25999999046325684,0.25999999046325684,1700,0.0,0.0
2023-11-17 10:00:00+08:00,0.25999999046325684,0.26499998569488525,0.25999999046325684,0.25999999046325684,39900,0.0,0.0
2023-11-17 11:00:00+08:00,0.25999999046325684,0.26499998569488525,0.25999999046325684,0.25999999046325684,331600,0.0,0.0
2023-11-17 12:00:00+08:00,0.25999999046325684,0.25999999046325684,0.25999999046325684,0.25999999046325684,201100,0.0,0.0
2023-11-17 13:00:00+08:00,0.25999999046325684,0.26499998569488525,0.25999999046325684,0.26499998569488525,287800,0.0,0.0
2023-11-17 14:00:00+08:00,0.26499998569488525,0.26499998569488525,0.25999999046325684,0.25999999046325684,69300,0.0,0.0
2023-11-17 15:00:00+08:00,0.25999999046325684,0.26499998569488525,0.25999999046325684,0.25999999046325684,170100,0.0,0.0
2023-11-17 16:00:00+08:00,0.25999999046325684,0.27000001072883606,0.25999999046325684,0.25999999046325684,7232800,0.0,0.0
2023-11-20 09:00:00+08:00,0.25999999046325684,0.26499998569488525,0.25999999046325684,0.25999999046325684,11900,0.0,0.0
2023-11-20 10:00:00+08:00,0.25999999046325684,0.26499998569488525,0.25999999046325684,0.25999999046325684,28700,0.0,0.0
2023-11-20 11:00:00+08:00,0.25999999046325684,0.26499998569488525,0.25999999046325684,0.26499998569488525,32300,0.0,0.0
2023-11-20 12:00:00+08:00,0.25999999046325684,0.26499998569488525,0.25999999046325684,0.26499998569488525,116300,0.0,0.0
2023-11-20 13:00:00+08:00,0.26499998569488525,0.26499998569488525,0.25999999046325684,0.26499998569488525,220100,0.0,0.0
2023-11-20 14:00:00+08:00,0.26499998569488525,0.26499998569488525,0.25999999046325684,0.26499998569488525,418300,0.0,0.0
2023-11-20 15:00:00+08:00,0.26499998569488525,0.26499998569488525,0.25999999046325684,0.25999999046325684,96000,0.0,0.0
2023-11-20 16:00:00+08:00,0.25999999046325684,0.26499998569488525,0.25999999046325684,0.25999999046325684,839900,0.0,0.0
2023-11-21 09:00:00+08:00,0.25999999046325684,0.26499998569488525,0.25999999046325684,0.25999999046325684,67900,0.0,0.0
2023-11-21 10:00:00+08:00,0.25999999046325684,0.26499998569488525,0.25999999046325684,0.25999999046325684,177000,0.0,0.0
2023-11-21 11:00:00+08:00,0.25999999046325684,0.26499998569488525,0.25999999046325684,0.26499998569488525,161500,0.0,0.0
2023-11-21 12:00:00+08:00,0.26499998569488525,0.26499998569488525,0.26499998569488525,0.26499998569488525,39100,0.0,0.0
2023-11-21 13:00:00+08:00,0.25999999046325684,0.26499998569488525,0.25999999046325684,0.25999999046325684,278200,0.0,0.0
2023-11-21 14:00:00+08:00,0.25999999046325684,0.26499998569488525,0.25999999046325684,0.25999999046325684,65500,0.0,0.0
2023-11-21 15:00:00+08:00,0.25999999046325684,0.26499998569488525,0.25999999046325684,0.26499998569488525,143900,0.0,0.0
2023-11-21 16:00:00+08:00,0.26499998569488525,0.26499998569488525,0.25999999046325684,0.25999999046325684,622900,0.0,0.0
2023-11-22 09:00:00+08:00,0.25999999046325684,0.26499998569488525,0.25999999046325684,0.26499998569488525,130300,0.0,0.0
2023-11-22 10:00:00+08:00,0.26499998569488525,0.26499998569488525,0.25999999046325684,0.25999999046325684,73400,0.0,0.0
2023-11-22 11:00:00+08:00,0.25999999046325684,0.26499998569488525,0.25999999046325684,0.25999999046325684,1118800,0.0,0.0
2023-11-22 12:00:00+08:00,0.26499998569488525,0.26499998569488525,0.26499998569488525,0.26499998569488525,91100,0.0,0.0
2023-11-22 13:00:00+08:00,0.26499998569488525,0.26499998569488525,0.25999999046325684,0.26499998569488525,14049500,0.0,0.0
2023-11-22 14:00:00+08:00,0.26499998569488525,0.27000001072883606,0.26499998569488525,0.26499998569488525,1050600,0.0,0.0
2023-11-22 15:00:00+08:00,0.26499998569488525,0.27000001072883606,0.26499998569488525,0.27000001072883606,389000,0.0,0.0
2023-11-22 16:00:00+08:00,0.27000001072883606,0.27000001072883606,0.26499998569488525,0.26499998569488525,1933100,0.0,0.0
2023-11-23 09:00:00+08:00,0.27000001072883606,0.27000001072883606,0.25999999046325684,0.27000001072883606,9007700,0.0,0.0
2023-11-23 10:00:00+08:00,0.27000001072883606,0.27000001072883606,0.26499998569488525,0.27000001072883606,79300,0.0,0.0
2023-11-23 11:00:00+08:00,0.27000001072883606,0.27000001072883606,0.26499998569488525,0.27000001072883606,138400,0.0,0.0
2023-11-23 12:00:00+08:00,0.27000001072883606,0.27000001072883606,0.27000001072883606,0.27000001072883606,91600,0.0,0.0
2023-11-23 13:00:00+08:00,0.27000001072883606,0.27000001072883606,0.25999999046325684,0.25999999046325684,15838300,0.0,0.0
2023-11-23 14:00:00+08:00,0.25999999046325684,0.26499998569488525,0.25999999046325684,0.26499998569488525,76800,0.0,0.0
2023-11-23 15:00:00+08:00,0.26499998569488525,0.26499998569488525,0.25999999046325684,0.26499998569488525,109600,0.0,0.0
2023-11-23 16:00:00+08:00,0.26499998569488525,0.26499998569488525,0.25999999046325684,0.25999999046325684,356400,0.0,0.0
2023-11-24 09:00:00+08:00,0.25999999046325684,0.25999999046325684,0.25999999046325684,0.25999999046325684,3000,0.0,0.0
2023-11-24 10:00:00+08:00,0.25999999046325684,0.26499998569488525,0.25999999046325684,0.25999999046325684,9300,0.0,0.0
2023-11-24 11:00:00+08:00,0.25999999046325684,0.26499998569488525,0.25999999046325684,0.26499998569488525,67600,0.0,0.0
2023-11-24 12:00:00+08:00,0.26499998569488525,0.26499998569488525,0.25999999046325684,0.25999999046325684,358500,0.0,0.0
2023-11-24 13:00:00+08:00,0.25999999046325684,0.26499998569488525,0.25999999046325684,0.25999999046325684,46800,0.0,0.0
2023-11-24 14:00:00+08:00,0.25999999046325684,0.26499998569488525,0.25999999046325684,0.25999999046325684,43200,0.0,0.0
2023-11-24 15:00:00+08:00,0.25999999046325684,0.26499998569488525,0.25999999046325684,0.25999999046325684,1832800,0.0,0.0
2023-11-24 16:00:00+08:00,0.25999999046325684,0.26499998569488525,0.25999999046325684,0.25999999046325684,856100,0.0,0.0
2023-11-27 09:00:00+08:00,0.25999999046325684,0.26499998569488525,0.25999999046325684,0.25999999046325684,24500,0.0,0.0
2023-11-27 10:00:00+08:00,0.25999999046325684,0.26499998569488525,0.25999999046325684,0.25999999046325684,315900,0.0,0.0
2023-11-27 11:00:00+08:00,0.25999999046325684,0.26499998569488525,0.25999999046325684,0.25999999046325684,153500,0.0,0.0
2023-11-27 12:00:00+08:00,0.26499998569488525,0.26499998569488525,0.26499998569488525,0.26499998569488525,171300,0.0,0.0
2023-11-27 13:00:00+08:00,0.26499998569488525,0.26499998569488525,0.25999999046325684,0.25999999046325684,29800,0.0,0.0
2023-11-27 14:00:00+08:00,0.25999999046325684,0.26499998569488525,0.25999999046325684,0.25999999046325684,18900,0.0,0.0
2023-11-27 15:00:00+08:00,0.25999999046325684,0.26499998569488525,0.25999999046325684,0.25999999046325684,54700,0.0,0.0
2023-11-27 16:00:00+08:00,0.25999999046325684,0.26499998569488525,0.25999999046325684,0.25999999046325684,246900,0.0,0.0
2023-11-28 09:00:00+08:00,0.26499998569488525,0.27000001072883606,0.25999999046325684,0.27000001072883606,2713500,0.0,0.0
2023-11-28 10:00:00+08:00,0.27000001072883606,0.27000001072883606,0.26499998569488525,0.26499998569488525,237700,0.0,0.0
2023-11-28 11:00:00+08:00,0.26499998569488525,0.27000001072883606,0.26499998569488525,0.26499998569488525,215900,0.0,0.0
2023-11-28 12:00:00+08:00,0.26499998569488525,0.27000001072883606,0.26499998569488525,0.27000001072883606,525900,0.0,0.0
2023-11-28 13:00:00+08:00,0.27000001072883606,0.27000001072883606,0.26499998569488525,0.26499998569488525,636800,0.0,0.0
2023-11-28 14:00:00+08:00,0.26499998569488525,0.27000001072883606,0.26499998569488525,0.26499998569488525,434500,0.0,0.0
2023-11-28 15:00:00+08:00,0.26499998569488525,0.27000001072883606,0.26499998569488525,0.26499998569488525,453700,0.0,0.0
2023-11-28 16:00:00+08:00,0.26499998569488525,0.27000001072883606,0.26499998569488525,0.26499998569488525,4725400,0.0,0.0
2023-11-29 09:00:00+08:00,0.26499998569488525,0.27000001072883606,0.26499998569488525,0.27000001072883606,966000,0.0,0.0
2023-11-29 10:00:00+08:00,0.27000001072883606,0.27000001072883606,0.26499998569488525,0.26499998569488525,15200,0.0,0.0
2023-11-29 11:00:00+08:00,0.26499998569488525,0.27000001072883606,0.26499998569488525,0.26499998569488525,269400,0.0,0.0
2023-11-29 12:00:00+08:00,0.27000001072883606,0.27000001072883606,0.26499998569488525,0.26499998569488525,97100,0.0,0.0
2023-11-29 13:00:00+08:00,0.26499998569488525,0.27000001072883606,0.26499998569488525,0.27000001072883606,1330500,0.0,0.0
2023-11-29 14:00:00+08:00,0.27000001072883606,0.27000001072883606,0.26499998569488525,0.27000001072883606,234600,0.0,0.0
2023-11-29 15:00:00+08:00,0.27000001072883606,0.27000001072883606,0.26499998569488525,0.27000001072883606,369300,0.0,0.0
2023-11-29 16:00:00+08:00,0.27000001072883606,0.27000001072883606,0.26499998569488525,0.27000001072883606,938800,0.0,0.0
2023-11-30 09:00:00+08:00,0.27000001072883606,0.27000001072883606,0.26499998569488525,0.26499998569488525,1094100,0.0,0.0
2023-11-30 10:00:00+08:00,0.26499998569488525,0.27000001072883606,0.26499998569488525,0.26499998569488525,136700,0.0,0.0
2023-11-30 11:00:00+08:00,0.26499998569488525,0.27000001072883606,0.26499998569488525,0.26499998569488525,539500,0.0,0.0
2023-11-30 12:00:00+08:00,0.26499998569488525,0.26499998569488525,0.26499998569488525,0.26499998569488525,131600,0.0,0.0
2023-11-30 13:00:00+08:00,0.26499998569488525,0.27000001072883606,0.26499998569488525,0.27000001072883606,616900,0.0,0.0
2023-11-30 14:00:00+08:00,0.27000001072883606,0.27000001072883606,0.26499998569488525,0.27000001072883606,329100,0.0,0.0
2023-11-30 15:00:00+08:00,0.27000001072883606,0.27000001072883606,0.26499998569488525,0.26499998569488525,329900,0.0,0.0
2023-11-30 16:00:00+08:00,0.26499998569488525,0.27000001072883606,0.26499998569488525,0.27000001072883606,1236300,0.0,0.0
2023-12-01 09:00:00+08:00,0.26499998569488525,0.27000001072883606,0.26499998569488525,0.26499998569488525,289700,0.0,0.0
2023-12-01 10:00:00+08:00,0.26499998569488525,0.27000001072883606,0.26499998569488525,0.26499998569488525,99800,0.0,0.0
2023-12-01 11:00:00+08:00,0.26499998569488525,0.27000001072883606,0.26499998569488525,0.26499998569488525,74800,0.0,0.0
2023-12-01 12:00:00+08:00,0.26499998569488525,0.26499998569488525,0.26499998569488525,0.26499998569488525,60800,0.0,0.0
2023-12-01 13:00:00+08:00,0.26499998569488525,0.27000001072883606,0.26499998569488525,0.26499998569488525,94300,0.0,0.0
2023-12-01 14:00:00+08:00,0.26499998569488525,0.27000001072883606,0.26499998569488525,0.26499998569488525,1996600,0.0,0.0
2023-12-01 15:00:00+08:00,0.26499998569488525,0.27000001072883606,0.26499998569488525,0.26499998569488525,142800,0.0,0.0
2023-12-01 16:00:00+08:00,0.26499998569488525,0.27000001072883606,0.26499998569488525,0.27000001072883606,2296200,0.0,0.0
2023-12-04 09:00:00+08:00,0.26499998569488525,0.27000001072883606,0.26499998569488525,0.26499998569488525,678700,0.0,0.0
2023-12-04 10:00:00+08:00,0.26499998569488525,0.27000001072883606,0.26499998569488525,0.27000001072883606,99600,0.0,0.0
2023-12-04 11:00:00+08:00,0.27000001072883606,0.27000001072883606,0.26499998569488525,0.27000001072883606,537700,0.0,0.0
2023-12-04 12:00:00+08:00,0.26499998569488525,0.26499998569488525,0.26499998569488525,0.26499998569488525,79600,0.0,0.0
2023-12-04 13:00:00+08:00,0.26499998569488525,0.27000001072883606,0.26499998569488525,0.27000001072883606,195300,0.0,0.0
2023-12-04 14:00:00+08:00,0.27000001072883606,0.27000001072883606,0.26499998569488525,0.26499998569488525,289300,0.0,0.0
2023-12-04 15:00:00+08:00,0.26499998569488525,0.27000001072883606,0.26499998569488525,0.26499998569488525,289000,0.0,0.0
2023-12-04 16:00:00+08:00,0.26499998569488525,0.27000001072883606,0.26499998569488525,0.26499998569488525,1561100,0.0,0.0
2023-12-05 09:00:00+08:00,0.27000001072883606,0.27000001072883606,0.26499998569488525,0.26499998569488525,19300,0.0,0.0
2023-12-05 10:00:00+08:00,0.26499998569488525,0.27000001072883606,0.26499998569488525,0.27000001072883606,392000,0.0,0.0
2023-12-05 11:00:00+08:00,0.27000001072883606,0.27000001072883606,0.26499998569488525,0.27000001072883606,190800,0.0,0.0
2023-12-05 12:00:00+08:00,0.26499998569488525,0.27000001072883606,0.26499998569488525,0.27000001072883606,66500,0.0,0.0
2023-12-05 13:00:00+08:00,0.27000001072883606,0.27000001072883606,0.26499998569488525,0.26499998569488525,202600,0.0,0.0
2023-12-05 14:00:00+08:00,0.26499998569488525,0.27000001072883606,0.26499998569488525,0.26499998569488525,109700,0.0,0.0
2023-12-05 15:00:00+08:00,0.26499998569488525,0.27000001072883606,0.26499998569488525,0.26499998569488525,181300,0.0,0.0
2023-12-05 16:00:00+08:00,0.26499998569488525,0.27000001072883606,0.26499998569488525,0.26499998569488525,694700,0.0,0.0
2023-12-06 09:00:00+08:00,0.26499998569488525,0.27000001072883606,0.26499998569488525,0.26499998569488525,844200,0.0,0.0
2023-12-06 10:00:00+08:00,0.26499998569488525,0.27000001072883606,0.26499998569488525,0.27000001072883606,424000,0.0,0.0
2023-12-06 11:00:00+08:00,0.27000001072883606,0.27000001072883606,0.26499998569488525,0.26499998569488525,274600,0.0,0.0
2023-12-06 12:00:00+08:00,0.26499998569488525,0.26499998569488525,0.26499998569488525,0.26499998569488525,101600,0.0,0.0
2023-12-06 13:00:00+08:00,0.26499998569488525,0.27000001072883606,0.26499998569488525,0.27000001072883606,227900,0.0,0.0
2023-12-06 14:00:00+08:00,0.27000001072883606,0.27000001072883606,0.26499998569488525,0.27000001072883606,562100,0.0,0.0
2023-12-06 15:00:00+08:00,0.27000001072883606,0.27000001072883606,0.26499998569488525,0.26499998569488525,345400,0.0,0.0
2023-12-06 16:00:00+08:00,0.26499998569488525,0.27000001072883606,0.26499998569488525,0.27000001072883606,1119900,0.0,0.0
2023-12-07 09:00:00+08:00,0.26499998569488525,0.27000001072883606,0.26499998569488525,0.26499998569488525,82900,0.0,0.0
2023-12-07 10:00:00+08:00,0.26499998569488525,0.27000001072883606,0.26499998569488525,0.27000001072883606,201900,0.0,0.0
2023-12-07 11:00:00+08:00,0.27000001072883606,0.27000001072883606,0.26499998569488525,0.26499998569488525,431500,0.0,0.0
2023-12-07 12:00:00+08:00,0.27000001072883606,0.27000001072883606,0.26499998569488525,0.26499998569488525,65600,0.0,0.0
2023-12-07 13:00:00+08:00,0.26499998569488525,0.27000001072883606,0.26499998569488525,0.27000001072883606,795700,0.0,0.0
2023-12-07 14:00:00+08:00,0.27000001072883606,0.27000001072883606,0.26499998569488525,0.26499998569488525,178400,0.0,0.0
2023-12-07 15:00:00+08:00,0.26499998569488525,0.27000001072883606,0.26499998569488525,0.26499998569488525,567700,0.0,0.0
2023-12-07 16:00:00+08:00,0.26499998569488525,0.27000001072883606,0.26499998569488525,0.27000001072883606,977800,0.0,0.0
2023-12-08 09:00:00+08:00,0.27000001072883606,0.27000001072883606,0.26499998569488525,0.26499998569488525,950200,0.0,0.0
2023-12-08 10:00:00+08:00,0.26499998569488525,0.27000001072883606,0.26499998569488525,0.27000001072883606,111100,0.0,0.0
2023-12-08 11:00:00+08:00,0.27000001072883606,0.27000001072883606,0.26499998569488525,0.27000001072883606,234500,0.0,0.0
2023-12-08 12:00:00+08:00,0.27000001072883606,0.27000001072883606,0.26499998569488525,0.26499998569488525,77600,0.0,0.0
2023-12-08 13:00:00+08:00,0.26499998569488525,0.27000001072883606,0.26499998569488525,0.26499998569488525,265000,0.0,0.0
2023-12-08 14:00:00+08:00,0.26499998569488525,0.27000001072883606,0.26499998569488525,0.26499998569488525,180900,0.0,0.0
2023-12-08 15:00:00+08:00,0.26499998569488525,0.27000001072883606,0.26499998569488525,0.26499998569488525,208700,0.0,0.0
2023-12-08 16:00:00+08:00,0.26499998569488525,0.27000001072883606,0.26499998569488525,0.27000001072883606,948800,0.0,0.0
2023-12-11 09:00:00+08:00,0.26499998569488525,0.27000001072883606,0.26499998569488525,0.27000001072883606,82500,0.0,0.0
2023-12-11 10:00:00+08:00,0.27000001072883606,0.27000001072883606,0.26499998569488525,0.27000001072883606,150800,0.0,0.0
2023-12-11 11:00:00+08:00,0.27000001072883606,0.27000001072883606,0.26499998569488525,0.27000001072883606,239100,0.0,0.0
2023-12-11 12:00:00+08:00,0.27000001072883606,0.27000001072883606,0.26499998569488525,0.26499998569488525,35300,0.0,0.0
2023-12-11 13:00:00+08:00,0.26499998569488525,0.27000001072883606,0.26499998569488525,0.27000001072883606,70400,0.0,0.0
2023-12-11 14:00:00+08:00,0.27000001072883606,0.27000001072883606,0.26499998569488525,0.27000001072883606,150700,0.0,0.0
2023-12-11 15:00:00+08:00,0.27000001072883606,0.27000001072883606,0.26499998569488525,0.27000001072883606,219200,0.0,0.0
2023-12-11 16:00:00+08:00,0.27000001072883606,0.27000001072883606,0.26499998569488525,0.27000001072883606,1757000,0.0,0.0
2023-12-12 09:00:00+08:00,0.26499998569488525,0.27000001072883606,0.26499998569488525,0.26499998569488525,46200,0.0,0.0
2023-12-12 10:00:00+08:00,0.26499998569488525,0.27000001072883606,0.26499998569488525,0.27000001072883606,1643300,0.0,0.0
2023-12-12 11:00:00+08:00,0.27000001072883606,0.27000001072883606,0.26499998569488525,0.26499998569488525,688100,0.0,0.0
2023-12-12 12:00:00+08:00,0.26499998569488525,0.26499998569488525,0.26499998569488525,0.26499998569488525,207700,0.0,0.0
2023-12-12 13:00:00+08:00,0.26499998569488525,0.27000001072883606,0.26499998569488525,0.26499998569488525,455700,0.0,0.0
2023-12-12 14:00:00+08:00,0.26499998569488525,0.27000001072883606,0.26499998569488525,0.27000001072883606,424900,0.0,0.0
2023-12-12 15:00:00+08:00,0.27000001072883606,0.27000001072883606,0.26499998569488525,0.26499998569488525,493100,0.0,0.0
2023-12-12 16:00:00+08:00,0.26499998569488525,0.27000001072883606,0.26499998569488525,0.26499998569488525,2640900,0.0,0.0
2023-12-13 09:00:00+08:00,0.26499998569488525,0.27000001072883606,0.25999999046325684,0.26499998569488525,6433500,0.0,0.0
2023-12-13 10:00:00+08:00,0.26499998569488525,0.27000001072883606,0.26499998569488525,0.27000001072883606,362700,0.0,0.0
2023-12-13 11:00:00+08:00,0.27000001072883606,0.27000001072883606,0.26499998569488525,0.27000001072883606,208100,0.0,0.0
2023-12-13 12:00:00+08:00,0.26499998569488525,0.27000001072883606,0.26499998569488525,0.27000001072883606,102600,0.0,0.0
2023-12-13 13:00:00+08:00,0.27000001072883606,0.27000001072883606,0.26499998569488525,0.26499998569488525,200900,0.0,0.0
2023-12-13 14:00:00+08:00,0.26499998569488525,0.27000001072883606,0.26499998569488525,0.26499998569488525,220100,0.0,0.0
2023-12-13 15:00:00+08:00,0.26499998569488525,0.27000001072883606,0.26499998569488525,0.27000001072883606,0,0.0,0.0
2023-12-13 16:00:00+08:00,0.27000001072883606,0.27000001072883606,0.25999999046325684,0.25999999046325684,10759427,0.0,0.0
2023-12-14 09:00:00+08:00,0.26499998569488525,0.26499998569488525,0.25999999046325684,0.26499998569488525,149100,0.0,0.0
2023-12-14 10:00:00+08:00,0.26499998569488525,0.26499998569488525,0.25999999046325684,0.25999999046325684,143900,0.0,0.0
2023-12-14 11:00:00+08:00,0.25999999046325684,0.26499998569488525,0.25999999046325684,0.25999999046325684,163400,0.0,0.0
2023-12-14 12:00:00+08:00,0.26499998569488525,0.26499998569488525,0.26499998569488525,0.26499998569488525,73300,0.0,0.0
2023-12-14 13:00:00+08:00,0.26499998569488525,0.26499998569488525,0.25999999046325684,0.25999999046325684,468000,0.0,0.0
2023-12-14 14:00:00+08:00,0.25999999046325684,0.26499998569488525,0.25999999046325684,0.26499998569488525,453600,0.0,0.0
2023-12-14 15:00:00+08:00,0.26499998569488525,0.26499998569488525,0.25999999046325684,0.26499998569488525,238500,0.0,0.0
2023-12-14 16:00:00+08:00,0.26499998569488525,0.26499998569488525,0.25999999046325684,0.26499998569488525,725200,0.0,0.0
2023-12-15 09:00:00+08:00,0.25999999046325684,0.26499998569488525,0.25999999046325684,0.26499998569488525,141900,0.0,0.0
2023-12-15 10:00:00+08:00,0.26499998569488525,0.26499998569488525,0.25999999046325684,0.25999999046325684,94600,0.0,0.0
2023-12-15 11:00:00+08:00,0.25999999046325684,0.26499998569488525,0.25999999046325684,0.26499998569488525,593000,0.0,0.0
2023-12-15 12:00:00+08:00,0.26499998569488525,0.26499998569488525,0.26499998569488525,0.26499998569488525,58600,0.0,0.0
2023-12-15 13:00:00+08:00,0.26499998569488525,0.26499998569488525,0.25999999046325684,0.25999999046325684,117900,0.0,0.0
2023-12-15 14:00:00+08:00,0.25999999046325684,0.26499998569488525,0.25999999046325684,0.26499998569488525,76200,0.0,0.0
2023-12-15 15:00:00+08:00,0.26499998569488525,0.26499998569488525,0.25999999046325684,0.26499998569488525,326000,0.0,0.0
2023-12-15 16:00:00+08:00,0.26499998569488525,0.26499998569488525,0.25999999046325684,0.26499998569488525,1264200,0.0,0.0
2023-12-18 09:00:00+08:00,0.25999999046325684,0.26499998569488525,0.25999999046325684,0.26499998569488525,112500,0.0,0.0
2023-12-18 10:00:00+08:00,0.26499998569488525,0.26499998569488525,0.25999999046325684,0.25999999046325684,71800,0.0,0.0
2023-12-18 11:00:00+08:00,0.25999999046325684,0.26499998569488525,0.25999999046325684,0.25999999046325684,211800,0.0,0.0
2023-12-18 12:00:00+08:00,0.25999999046325684,0.26499998569488525,0.25999999046325684,0.26499998569488525,224800,0.0,0.0
2023-12-18 13:00:00+08:00,0.26499998569488525,0.26499998569488525,0.25999999046325684,0.26499998569488525,130200,0.0,0.0
2023-12-18 14:00:00+08:00,0.26499998569488525,0.26499998569488525,0.25999999046325684,0.26499998569488525,132100,0.0,0.0
2023-12-18 15:00:00+08:00,0.26499998569488525,0.26499998569488525,0.25999999046325684,0.26499998569488525,213200,0.0,0.0
2023-12-18 16:00:00+08:00,0.26499998569488525,0.26499998569488525,0.25999999046325684,0.25999999046325684,1084800,0.0,0.0
2023-12-19 09:00:00+08:00,0.25999999046325684,0.26499998569488525,0.25999999046325684,0.26499998569488525,713500,0.0,0.0
2023-12-19 10:00:00+08:00,0.26499998569488525,0.26499998569488525,0.25999999046325684,0.26499998569488525,248300,0.0,0.0
2023-12-19 11:00:00+08:00,0.26499998569488525,0.26499998569488525,0.25999999046325684,0.26499998569488525,417100,0.0,0.0
2023-12-19 12:00:00+08:00,0.26499998569488525,0.26499998569488525,0.25999999046325684,0.25999999046325684,109000,0.0,0.0
2023-12-19 13:00:00+08:00,0.25999999046325684,0.26499998569488525,0.25999999046325684,0.26499998569488525,103800,0.0,0.0
2023-12-19 14:00:00+08:00,0.26499998569488525,0.26499998569488525,0.25999999046325684,0.25999999046325684,324500,0.0,0.0
2023-12-19 15:00:00+08:00,0.25999999046325684,0.26499998569488525,0.25999999046325684,0.25999999046325684,423600,0.0,0.0
2023-12-19 16:00:00+08:00,0.25999999046325684,0.26499998569488525,0.25999999046325684,0.25999999046325684,5339600,0.0,0.0
2023-12-20 09:00:00+08:00,0.26499998569488525,0.26499998569488525,0.25999999046325684,0.26499998569488525,317700,0.0,0.0
2023-12-20 10:00:00+08:00,0.26499998569488525,0.26499998569488525,0.25999999046325684,0.26499998569488525,216000,0.0,0.0
2023-12-20 11:00:00+08:00,0.26499998569488525,0.26499998569488525,0.25999999046325684,0.25999999046325684,192200,0.0,0.0
2023-12-20 12:00:00+08:00,0.26499998569488525,0.26499998569488525,0.26499998569488525,0.26499998569488525,177100,0.0,0.0
2023-12-20 13:00:00+08:00,0.26499998569488525,0.26499998569488525,0.25999999046325684,0.26499998569488525,124200,0.0,0.0
2023-12-20 14:00:00+08:00,0.26499998569488525,0.26499998569488525,0.25999999046325684,0.25999999046325684,224600,0.0,0.0
2023-12-20 15:00:00+08:00,0.25999999046325684,0.26499998569488525,0.25999999046325684,0.26499998569488525,602900,0.0,0.0
2023-12-20 16:00:00+08:00,0.26499998569488525,0.26499998569488525,0.25999999046325684,0.25999999046325684,2754900,0.0,0.0
2023-12-21 09:00:00+08:00,0.25999999046325684,0.26499998569488525,0.25999999046325684,0.26499998569488525,4700,0.0,0.0
2023-12-21 10:00:00+08:00,0.26499998569488525,0.26499998569488525,0.25999999046325684,0.26499998569488525,66800,0.0,0.0
2023-12-21 11:00:00+08:00,0.26499998569488525,0.26499998569488525,0.25999999046325684,0.26499998569488525,130200,0.0,0.0
2023-12-21 12:00:00+08:00,0.26499998569488525,0.26499998569488525,0.26499998569488525,0.26499998569488525,83400,0.0,0.0
2023-12-21 13:00:00+08:00,0.26499998569488525,0.26499998569488525,0.25999999046325684,0.26499998569488525,15000,0.0,0.0
2023-12-21 14:00:00+08:00,0.26499998569488525,0.26499998569488525,0.25999999046325684,0.26499998569488525,11200,0.0,0.0
2023-12-21 15:00:00+08:00,0.26499998569488525,0.26499998569488525,0.25999999046325684,0.25999999046325684,8000,0.0,0.0
2023-12-21 16:00:00+08:00,0.25999999046325684,0.26499998569488525,0.25999999046325684,0.26499998569488525,289300,0.0,0.0
2023-12-22 09:00:00+08:00,0.25999999046325684,0.26499998569488525,0.25999999046325684,0.26499998569488525,33400,0.0,0.0
2023-12-22 10:00:00+08:00,0.26499998569488525,0.26499998569488525,0.25999999046325684,0.26499998569488525,253900,0.0,0.0
2023-12-22 11:00:00+08:00,0.26499998569488525,0.26499998569488525,0.25999999046325684,0.26499998569488525,119800,0.0,0.0
2023-12-22 12:00:00+08:00,0.25999999046325684,0.25999999046325684,0.25999999046325684,0.25999999046325684,27600,0.0,0.0
2023-12-22 13:00:00+08:00,0.26499998569488525,0.26499998569488525,0.25999999046325684,0.26499998569488525,735200,0.0,0.0
2023-12-22 14:00:00+08:00,0.26499998569488525,0.26499998569488525,0.25999999046325684,0.26499998569488525,84400,0.0,0.0
2023-12-22 15:00:00+08:00,0.26499998569488525,0.26499998569488525,0.25999999046325684,0.26499998569488525,1121900,0.0,0.0
2023-12-22 16:00:00+08:00,0.26499998569488525,0.26499998569488525,0.25999999046325684,0.25999999046325684,602500,0.0,0.0
2023-12-26 09:00:00+08:00,0.25999999046325684,0.26499998569488525,0.25999999046325684,0.26499998569488525,355700,0.0,0.0
2023-12-26 10:00:00+08:00,0.26499998569488525,0.26499998569488525,0.25999999046325684,0.26499998569488525,29700,0.0,0.0
2023-12-26 11:00:00+08:00,0.26499998569488525,0.26499998569488525,0.25999999046325684,0.25999999046325684,44700,0.0,0.0
2023-12-26 12:00:00+08:00,0.25999999046325684,0.26499998569488525,0.25999999046325684,0.26499998569488525,63100,0.0,0.0
2023-12-26 13:00:00+08:00,0.26499998569488525,0.26499998569488525,0.25999999046325684,0.25999999046325684,30200,0.0,0.0
2023-12-26 14:00:00+08:00,0.25999999046325684,0.26499998569488525,0.25999999046325684,0.25999999046325684,69300,0.0,0.0
2023-12-26 15:00:00+08:00,0.25999999046325684,0.26499998569488525,0.25999999046325684,0.26499998569488525,13600,0.0,0.0
2023-12-26 16:00:00+08:00,0.26499998569488525,0.26499998569488525,0.25999999046325684,0.26499998569488525,100100,0.0,0.0
2023-12-27 09:00:00+08:00,0.25999999046325684,0.26499998569488525,0.25999999046325684,0.26499998569488525,16800,0.0,0.0
2023-12-27 10:00:00+08:00,0.26499998569488525,0.26499998569488525,0.25999999046325684,0.25999999046325684,290400,0.0,0.0
2023-12-27 11:00:00+08:00,0.25999999046325684,0.26499998569488525,0.25999999046325684,0.26499998569488525,201600,0.0,0.0
2023-12-27 12:00:00+08:00,0.25999999046325684,0.26499998569488525,0.25999999046325684,0.26499998569488525,49300,0.0,0.0
2023-12-27 13:00:00+08:00,0.26499998569488525,0.26499998569488525,0.25999999046325684,0.26499998569488525,60000,0.0,0.0
2023-12-27 14:00:00+08:00,0.26499998569488525,0.26499998569488525,0.25999999046325684,0.26499998569488525,31000,0.0,0.0
2023-12-27 15:00:00+08:00,0.26499998569488525,0.26499998569488525,0.25999999046325684,0.26499998569488525,465700,0.0,0.0
2023-12-27 16:00:00+08:00,0.26499998569488525,0.26499998569488525,0.25999999046325684,0.26499998569488525,1506200,0.0,0.0
2023-12-28 09:00:00+08:00,0.25999999046325684,0.26499998569488525,0.25999999046325684,0.25999999046325684,106000,0.0,0.0
2023-12-28 10:00:00+08:00,0.25999999046325684,0.26499998569488525,0.25999999046325684,0.25999999046325684,359100,0.0,0.0
2023-12-28 11:00:00+08:00,0.25999999046325684,0.26499998569488525,0.25999999046325684,0.26499998569488525,50400,0.0,0.0
2023-12-28 12:00:00+08:00,0.26499998569488525,0.26499998569488525,0.26499998569488525,0.26499998569488525,47800,0.0,0.0
2023-12-28 13:00:00+08:00,0.26499998569488525,0.26499998569488525,0.25999999046325684,0.26499998569488525,3200,0.0,0.0
2023-12-28 14:00:00+08:00,0.26499998569488525,0.26499998569488525,0.25999999046325684,0.26499998569488525,153100,0.0,0.0
2023-12-28 15:00:00+08:00,0.26499998569488525,0.26499998569488525,0.25999999046325684,0.26499998569488525,296300,0.0,0.0
2023-12-28 16:00:00+08:00,0.26499998569488525,0.26499998569488525,0.25999999046325684,0.25999999046325684,210000,0.0,0.0
2023-12-29 09:00:00+08:00,0.25999999046325684,0.26499998569488525,0.25999999046325684,0.25999999046325684,1077200,0.0,0.0
2023-12-29 10:00:00+08:00,0.25999999046325684,0.26499998569488525,0.25999999046325684,0.26499998569488525,227700,0.0,0.0
2023-12-29 11:00:00+08:00,0.26499998569488525,0.26499998569488525,0.25999999046325684,0.26499998569488525,846200,0.0,0.0
2023-12-29 12:00:00+08:00,0.26499998569488525,0.26499998569488525,0.26499998569488525,0.26499998569488525,71100,0.0,0.0
2023-12-29 13:00:00+08:00,0.26499998569488525,0.26499998569488525,0.25999999046325684,0.25999999046325684,145200,0.0,0.0
2023-12-29 14:00:00+08:00,0.25999999046325684,0.26499998569488525,0.25999999046325684,0.26499998569488525,255800,0.0,0.0
2023-12-29 15:00:00+08:00,0.26499998569488525,0.26499998569488525,0.25999999046325684,0.26499998569488525,349900,0.0,0.0
2023-12-29 16:00:00+08:00,0.26499998569488525,0.26499998569488525,0.25999999046325684,0.26499998569488525,343300,0.0,0.0
2024-01-02 09:00:00+08:00,0.25999999046325684,0.26499998569488525,0.25999999046325684,0.25999999046325684,62600,0.0,0.0
2024-01-02 10:00:00+08:00,0.25999999046325684,0.26499998569488525,0.25999999046325684,0.26499998569488525,138100,0.0,0.0
2024-01-02 11:00:00+08:00,0.26499998569488525,0.26499998569488525,0.25999999046325684,0.25999999046325684,277600,0.0,0.0
2024-01-02 12:00:00+08:00,0.26499998569488525,0.26499998569488525,0.26499998569488525,0.26499998569488525,115000,0.0,0.0
2024-01-02 13:00:00+08:00,0.26499998569488525,0.26499998569488525,0.25999999046325684,0.26499998569488525,482000,0.0,0.0
2024-01-02 14:00:00+08:00,0.26499998569488525,0.26499998569488525,0.25999999046325684,0.25999999046325684,573800,0.0,0.0
2024-01-02 15:00:00+08:00,0.25999999046325684,0.26499998569488525,0.25999999046325684,0.26499998569488525,961900,0.0,0.0
2024-01-02 16:00:00+08:00,0.26499998569488525,0.26499998569488525,0.25999999046325684,0.25999999046325684,2611100,0.0,0.0
2024-01-03 09:00:00+08:00,0.25999999046325684,0.26499998569488525,0.25999999046325684,0.25999999046325684,15600,0.0,0.0
2024-01-03 10:00:00+08:00,0.25999999046325684,0.26499998569488525,0.25999999046325684,0.25999999046325684,179700,0.0,0.0
2024-01-03 11:00:00+08:00,0.25999999046325684,0.26499998569488525,0.25999999046325684,0.26499998569488525,348200,0.0,0.0
2024-01-03 12:00:00+08:00,0.25999999046325684,0.25999999046325684,0.25999999046325684,0.25999999046325684,119200,0.0,0.0
2024-01-03 13:00:00+08:00,0.25999999046325684,0.26499998569488525,0.25999999046325684,0.25999999046325684,140700,0.0,0.0
2024-01-03 14:00:00+08:00,0.25999999046325684,0.26499998569488525,0.25999999046325684,0.25999999046325684,124800,0.0,0.0
2024-01-03 15:00:00+08:00,0.25999999046325684,0.26499998569488525,0.25999999046325684,0.25999999046325684,470200,0.0,0.0
2024-01-03 16:00:00+08:00,0.25999999046325684,0.26499998569488525,0.25999999046325684,0.26499998569488525,1228800,0.0,0.0
2024-01-04 09:00:00+08:00,0.25999999046325684,0.25999999046325684,0.25999999046325684,0.25999999046325684,31100,0.0,0.0
2024-01-04 10:00:00+08:00,0.25999999046325684,0.26499998569488525,0.25999999046325684,0.26499998569488525,401500,0.0,0.0
2024-01-04 11:00:00+08:00,0.26499998569488525,0.26499998569488525,0.25999999046325684,0.26499998569488525,620700,0.0,0.0
2024-01-04 12:00:00+08:00,0.25999999046325684,0.26499998569488525,0.25999999046325684,0.26499998569488525,56100,0.0,0.0
2024-01-04 13:00:00+08:00,0.26499998569488525,0.26499998569488525,0.25999999046325684,0.25999999046325684,336800,0.0,0.0
2024-01-04 14:00:00+08:00,0.25999999046325684,0.26499998569488525,0.25999999046325684,0.26499998569488525,463900,0.0,0.0
2024-01-04 15:00:00+08:00,0.26499998569488525,0.26499998569488525,0.25999999046325684,0.25999999046325684,536700,0.0,0.0
2024-01-04 16:00:00+08:00,0.25999999046325684,0.26499998569488525,0.25999999046325684,0.26499998569488525,1329700,0.0,0.0
2024-01-05 09:00:00+08:00,0.25999999046325684,0.26499998569488525,0.25999999046325684,0.26499998569488525,34900,0.0,0.0
2024-01-05 10:00:00+08:00,0.26499998569488525,0.26499998569488525,0.25999999046325684,0.25999999046325684,152900,0.0,0.0
2024-01-05 11:00:00+08:00,0.25999999046325684,0.26499998569488525,0.25999999046325684,0.25999999046325684,304400,0.0,0.0
2024-01-05 12:00:00+08:00,0.25999999046325684,0.25999999046325684,0.25999999046325684,0.25999999046325684,128500,0.0,0.0
2024-01-05 13:00:00+08:00,0.25999999046325684,0.26499998569488525,0.25999999046325684,0.25999999046325684,82800,0.0,0.0
2024-01-05 14:00:00+08:00,0.25999999046325684,0.26499998569488525,0.25999999046325684,0.25999999046325684,217000,0.0,0.0
2024-01-05 15:00:00+08:00,0.25999999046325684,0.26499998569488525,0.25999999046325684,0.26499998569488525,426100,0.0,0.0
2024-01-05 16:00:00+08:00,0.26499998569488525,0.26499998569488525,0.25999999046325684,0.26499998569488525,2683500,0.0,0.0
2024-01-08 09:00:00+08:00,0.26499998569488525,0.26499998569488525,0.25999999046325684,0.25999999046325684,127000,0.0,0.0
2024-01-08 10:00:00+08:00,0.25999999046325684,0.26499998569488525,0.25999999046325684,0.25999999046325684,1662600,0.0,0.0
2024-01-08 11:00:00+08:00,0.25999999046325684,0.26499998569488525,0.25999999046325684,0.25999999046325684,406200,0.0,0.0
2024-01-08 12:00:00+08:00,0.25999999046325684,0.25999999046325684,0.25999999046325684,0.25999999046325684,116500,0.0,0.0
2024-01-08 13:00:00+08:00,0.25999999046325684,0.26499998569488525,0.25999999046325684,0.25999999046325684,1038500,0.0,0.0
2024-01-08 14:00:00+08:00,0.25999999046325684,0.26499998569488525,0.25999999046325684,0.25999999046325684,873500,0.0,0.0
2024-01-08 15:00:00+08:00,0.25999999046325684,0.26499998569488525,0.25999999046325684,0.26499998569488525,763700,0.0,0.0
2024-01-08 16:00:00+08:00,0.26499998569488525,0.26499998569488525,0.25999999046325684,0.26499998569488525,846400,0.0,0.0
2024-01-09 09:00:00+08:00,0.25999999046325684,0.26499998569488525,0.25999999046325684,0.25999999046325684,187500,0.0,0.0
2024-01-09 10:00:00+08:00,0.25999999046325684,0.26499998569488525,0.25999999046325684,0.26499998569488525,164600,0.0,0.0
2024-01-09 11:00:00+08:00,0.26499998569488525,0.26499998569488525,0.25999999046325684,0.25999999046325684,229600,0.0,0.0
2024-01-09 12:00:00+08:00,0.25999999046325684,0.25999999046325684,0.25999999046325684,0.25999999046325684,71100,0.0,0.0
2024-01-09 13:00:00+08:00,0.25999999046325684,0.26499998569488525,0.2549999952316284,0.2549999952316284,3796700,0.0,0.0
2024-01-09 14:00:00+08:00,0.2549999952316284,0.25999999046325684,0.2549999952316284,0.2549999952316284,258300,0.0,0.0
2024-01-09 15:00:00+08:00,0.2549999952316284,0.25999999046325684,0.2549999952316284,0.25999999046325684,340200,0.0,0.0
2024-01-09 16:00:00+08:00,0.25999999046325684,0.26499998569488525,0.2549999952316284,0.26499998569488525,2679000,0.0,0.0
2024-01-10 09:00:00+08:00,0.25999999046325684,0.26499998569488525,0.2549999952316284,0.25999999046325684,1155100,0.0,0.0
2024-01-10 10:00:00+08:00,0.25999999046325684,0.26499998569488525,0.2549999952316284,0.25999999046325684,708100,0.0,0.0
2024-01-10 11:00:00+08:00,0.25999999046325684,0.25999999046325684,0.2549999952316284,0.25999999046325684,201500,0.0,0.0
2024-01-10 12:00:00+08:00,0.2549999952316284,0.2549999952316284,0.2549999952316284,0.2549999952316284,85200,0.0,0.0
2024-01-10 13:00:00+08:00,0.2549999952316284,0.25999999046325684,0.2549999952316284,0.2549999952316284,229700,0.0,0.0
2024-01-10 14:00:00+08:00,0.2549999952316284,0.25999999046325684,0.2549999952316284,0.2549999952316284,149900,0.0,0.0
2024-01-10 15:00:00+08:00,0.2549999952316284,0.25999999046325684,0.2549999952316284,0.25999999046325684,282200,0.0,0.0
2024-01-10 16:00:00+08:00,0.25999999046325684,0.25999999046325684,0.2549999952316284,0.25999999046325684,1235800,0.0,0.0
2024-01-11 09:00:00+08:00,0.25999999046325684,0.26499998569488525,0.2549999952316284,0.26499998569488525,2093900,0.0,0.0
2024-01-11 10:00:00+08:00,0.26499998569488525,0.26499998569488525,0.25999999046325684,0.26499998569488525,743200,0.0,0.0
2024-01-11 11:00:00+08:00,0.26499998569488525,0.26499998569488525,0.25999999046325684,0.26499998569488525,711900,0.0,0.0
2024-01-11 12:00:00+08:00,0.26499998569488525,0.26499998569488525,0.26499998569488525,0.26499998569488525,359700,0.0,0.0
2024-01-11 13:00:00+08:00,0.25999999046325684,0.26499998569488525,0.25999999046325684,0.26499998569488525,762500,0.0,0.0
2024-01-11 14:00:00+08:00,0.26499998569488525,0.26499998569488525,0.25999999046325684,0.25999999046325684,927600,0.0,0.0
2024-01-11 15:00:00+08:00,0.25999999046325684,0.26499998569488525,0.25999999046325684,0.26499998569488525,1318200,0.0,0.0
2024-01-11 16:00:00+08:00,0.26499998569488525,0.26499998569488525,0.25999999046325684,0.26499998569488525,4308600,0.0,0.0
2024-01-12 09:00:00+08:00,0.25999999046325684,0.26499998569488525,0.25999999046325684,0.26499998569488525,90200,0.0,0.0
2024-01-12 10:00:00+08:00,0.26499998569488525,0.26499998569488525,0.25999999046325684,0.25999999046325684,175600,0.0,0.0
2024-01-12 11:00:00+08:00,0.25999999046325684,0.26499998569488525,0.25999999046325684,0.26499998569488525,683600,0.0,0.0
2024-01-12 12:00:00+08:00,0.25999999046325684,0.26499998569488525,0.25999999046325684,0.26499998569488525,157500,0.0,0.0
2024-01-12 13:00:00+08:00,0.26499998569488525,0.26499998569488525,0.25999999046325684,0.25999999046325684,465800,0.0,0.0
2024-01-12 14:00:00+08:00,0.25999999046325684,0.26499998569488525,0.25999999046325684,0.26499998569488525,482200,0.0,0.0
2024-01-12 15:00:00+08:00,0.26499998569488525,0.26499998569488525,0.25999999046325684,0.26499998569488525,805000,0.0,0.0
2024-01-12 16:00:00+08:00,0.26499998569488525,0.26499998569488525,0.25999999046325684,0.26499998569488525,3232200,0.0,0.0
2024-01-15 09:00:00+08:00,0.25999999046325684,0.26499998569488525,0.25999999046325684,0.25999999046325684,0,0.0,0.0
2024-01-15 10:00:00+08:00,0.25999999046325684,0.26499998569488525,0.25999999046325684,0.25999999046325684,163400,0.0,0.0
2024-01-15 11:00:00+08:00,0.25999999046325684,0.26499998569488525,0.25999999046325684,0.26499998569488525,169200,0.0,0.0
2024-01-15 12:00:00+08:00,0.26499998569488525,0.26499998569488525,0.26499998569488525,0.26499998569488525,58600,0.0,0.0
2024-01-15 13:00:00+08:00,0.25999999046325684,0.26499998569488525,0.25999999046325684,0.26499998569488525,96700,0.0,0.0
2024-01-15 14:00:00+08:00,0.26499998569488525,0.26499998569488525,0.25999999046325684,0.25999999046325684,57100,0.0,0.0
2024-01-15 15:00:00+08:00,0.25999999046325684,0.26499998569488525,0.25999999046325684,0.25999999046325684,496000,0.0,0.0
2024-01-15 16:00:00+08:00,0.25999999046325684,0.26499998569488525,0.25999999046325684,0.26499998569488525,959400,0.0,0.0
2024-01-16 09:00:00+08:00,0.25999999046325684,0.26499998569488525,0.25999999046325684,0.25999999046325684,79400,0.0,0.0
2024-01-16 10:00:00+08:00,0.25999999046325684,0.26499998569488525,0.25999999046325684,0.25999999046325684,53600,0.0,0.0
2024-01-16 11:00:00+08:00,0.25999999046325684,0.26499998569488525,0.25999999046325684,0.26499998569488525,197100,0.0,0.0
2024-01-16 12:00:00+08:00,0.25999999046325684,0.25999999046325684,0.25999999046325684,0.25999999046325684,114300,0.0,0.0
2024-01-16 13:00:00+08:00,0.25999999046325684,0.26499998569488525,0.25999999046325684,0.25999999046325684,64400,0.0,0.0
2024-01-16 14:00:00+08:00,0.25999999046325684,0.26499998569488525,0.25999999046325684,0.26499998569488525,86500,0.0,0.0
2024-01-16 15:00:00+08:00,0.26499998569488525,0.26499998569488525,0.25999999046325684,0.25999999046325684,1194600,0.0,0.0
2024-01-16 16:00:00+08:00,0.25999999046325684,0.26499998569488525,0.25999999046325684,0.26499998569488525,1792000,0.0,0.0
2024-01-17 09:00:00+08:00,0.25999999046325684,0.26499998569488525,0.25999999046325684,0.26499998569488525,141700,0.0,0.0
2024-01-17 10:00:00+08:00,0.26499998569488525,0.26499998569488525,0.25999999046325684,0.25999999046325684,181400,0.0,0.0
2024-01-17 11:00:00+08:00,0.25999999046325684,0.26499998569488525,0.25999999046325684,0.26499998569488525,340300,0.0,0.0
2024-01-17 12:00:00+08:00,0.25999999046325684,0.25999999046325684,0.25999999046325684,0.25999999046325684,252300,0.0,0.0
2024-01-17 13:00:00+08:00,0.25999999046325684,0.27000001072883606,0.25999999046325684,0.27000001072883606,11542700,0.0,0.0
2024-01-17 14:00:00+08:00,0.27000001072883606,0.27000001072883606,0.26499998569488525,0.27000001072883606,598100,0.0,0.0
2024-01-17 15:00:00+08:00,0.27000001072883606,0.27000001072883606,0.26499998569488525,0.27000001072883606,966100,0.0,0.0
2024-01-17 16:00:00+08:00,0.27000001072883606,0.27000001072883606,0.26499998569488525,0.27000001072883606,1215400,0.0,0.0
2024-01-18 09:00:00+08:00,0.27000001072883606,0.27000001072883606,0.26499998569488525,0.27000001072883606,242100,0.0,0.0
2024-01-18 10:00:00+08:00,0.27000001072883606,0.27000001072883606,0.26499998569488525,0.27000001072883606,346100,0.0,0.0
2024-01-18 11:00:00+08:00,0.27000001072883606,0.27000001072883606,0.26499998569488525,0.27000001072883606,264400,0.0,0.0
2024-01-18 12:00:00+08:00,0.26499998569488525,0.26499998569488525,0.26499998569488525,0.26499998569488525,126800,0.0,0.0
2024-01-18 13:00:00+08:00,0.26499998569488525,0.27000001072883606,0.26499998569488525,0.27000001072883606,241800,0.0,0.0
2024-01-18 14:00:00+08:00,0.27000001072883606,0.27000001072883606,0.26499998569488525,0.27000001072883606,331800,0.0,0.0
2024-01-18 15:00:00+08:00,0.27000001072883606,0.27000001072883606,0.26499998569488525,0.26499998569488525,740600,0.0,0.0
2024-01-18 16:00:00+08:00,0.26499998569488525,0.27000001072883606,0.26499998569488525,0.27000001072883606,2092600,0.0,0.0
2024-01-19 09:00:00+08:00,0.27000001072883606,0.27000001072883606,0.26499998569488525,0.27000001072883606,105300,0.0,0.0
2024-01-19 10:00:00+08:00,0.27000001072883606,0.27000001072883606,0.26499998569488525,0.27000001072883606,47900,0.0,0.0
2024-01-19 11:00:00+08:00,0.27000001072883606,0.27000001072883606,0.26499998569488525,0.27000001072883606,181600,0.0,0.0
2024-01-19 12:00:00+08:00,0.26499998569488525,0.27000001072883606,0.26499998569488525,0.27000001072883606,167100,0.0,0.0
2024-01-19 13:00:00+08:00,0.26499998569488525,0.27000001072883606,0.26499998569488525,0.26499998569488525,157500,0.0,0.0
2024-01-19 14:00:00+08:00,0.26499998569488525,0.27000001072883606,0.26499998569488525,0.26499998569488525,58800,0.0,0.0
2024-01-19 15:00:00+08:00,0.26499998569488525,0.27000001072883606,0.26499998569488525,0.27000001072883606,184200,0.0,0.0
2024-01-19 16:00:00+08:00,0.27000001072883606,0.27000001072883606,0.26499998569488525,0.27000001072883606,729000,0.0,0.0
2024-01-22 09:00:00+08:00,0.26499998569488525,0.27000001072883606,0.26499998569488525,0.27000001072883606,199200,0.0,0.0
2024-01-22 10:00:00+08:00,0.27000001072883606,0.27000001072883606,0.26499998569488525,0.27000001072883606,94800,0.0,0.0
2024-01-22 11:00:00+08:00,0.27000001072883606,0.27000001072883606,0.26499998569488525,0.27000001072883606,401600,0.0,0.0
2024-01-22 12:00:00+08:00,0.26499998569488525,0.27000001072883606,0.26499998569488525,0.27000001072883606,377600,0.0,0.0
2024-01-22 13:00:00+08:00,0.27000001072883606,0.27000001072883606,0.26499998569488525,0.27000001072883606,282700,0.0,0.0
2024-01-22 14:00:00+08:00,0.27000001072883606,0.27000001072883606,0.26499998569488525,0.27000001072883606,165200,0.0,0.0
2024-01-22 15:00:00+08:00,0.27000001072883606,0.27000001072883606,0.26499998569488525,0.27000001072883606,257400,0.0,0.0
2024-01-22 16:00:00+08:00,0.27000001072883606,0.27000001072883606,0.26499998569488525,0.27000001072883606,1935900,0.0,0.0
2024-01-23 09:00:00+08:00,0.27000001072883606,0.27000001072883606,0.26499998569488525,0.26499998569488525,103400,0.0,0.0
2024-01-23 10:00:00+08:00,0.26499998569488525,0.27000001072883606,0.26499998569488525,0.26499998569488525,209000,0.0,0.0
2024-01-23 11:00:00+08:00,0.26499998569488525,0.27000001072883606,0.26499998569488525,0.27000001072883606,930800,0.0,0.0
2024-01-23 12:00:00+08:00,0.26499998569488525,0.26499998569488525,0.26499998569488525,0.26499998569488525,552200,0.0,0.0
2024-01-23 13:00:00+08:00,0.27000001072883606,0.27000001072883606,0.26499998569488525,0.27000001072883606,214600,0.0,0.0
2024-01-23 14:00:00+08:00,0.27000001072883606,0.27000001072883606,0.26499998569488525,0.27000001072883606,286400,0.0,0.0
2024-01-23 15:00:00+08:00,0.27000001072883606,0.27000001072883606,0.26499998569488525,0.26499998569488525,293100,0.0,0.0
2024-01-23 16:00:00+08:00,0.26499998569488525,0.27000001072883606,0.26499998569488525,0.27000001072883606,1123000,0.0,0.0
2024-01-24 09:00:00+08:00,0.26499998569488525,0.27000001072883606,0.26499998569488525,0.26499998569488525,90100,0.0,0.0
2024-01-24 10:00:00+08:00,0.26499998569488525,0.27000001072883606,0.26499998569488525,0.26499998569488525,72400,0.0,0.0
2024-01-24 11:00:00+08:00,0.26499998569488525,0.27000001072883606,0.26499998569488525,0.26499998569488525,180900,0.0,0.0
2024-01-24 12:00:00+08:00,0.26499998569488525,0.27000001072883606,0.26499998569488525,0.27000001072883606,129000,0.0,0.0
2024-01-24 13:00:00+08:00,0.27000001072883606,0.27000001072883606,0.26499998569488525,0.27000001072883606,61500,0.0,0.0
2024-01-24 14:00:00+08:00,0.27000001072883606,0.27000001072883606,0.26499998569488525,0.27000001072883606,739700,0.0,0.0
2024-01-24 15:00:00+08:00,0.27000001072883606,0.27000001072883606,0.26499998569488525,0.26499998569488525,462800,0.0,0.0
2024-01-24 16:00:00+08:00,0.26499998569488525,0.27000001072883606,0.26499998569488525,0.27000001072883606,1311500,0.0,0.0
2024-01-25 09:00:00+08:00,0.26499998569488525,0.27000001072883606,0.26499998569488525,0.27000001072883606,13500,0.0,0.0
2024-01-25 10:00:00+08:00,0.27000001072883606,0.27000001072883606,0.26499998569488525,0.26499998569488525,93300,0.0,0.0
2024-01-25 11:00:00+08:00,0.26499998569488525,0.27000001072883606,0.26499998569488525,0.27000001072883606,125300,0.0,0.0
2024-01-25 12:00:00+08:00,0.27000001072883606,0.27000001072883606,0.27000001072883606,0.27000001072883606,210900,0.0,0.0
2024-01-25 13:00:00+08:00,0.27000001072883606,0.27000001072883606,0.26499998569488525,0.27000001072883606,239000,0.0,0.0
2024-01-25 14:00:00+08:00,0.27000001072883606,0.27000001072883606,0.26499998569488525,0.26499998569488525,870200,0.0,0.0
2024-01-25 15:00:00+08:00,0.26499998569488525,0.27000001072883606,0.26499998569488525,0.27000001072883606,1294300,0.0,0.0
2024-01-25 16:00:00+08:00,0.27000001072883606,0.27000001072883606,0.26499998569488525,0.26499998569488525,2289100,0.0,0.0
2024-01-26 09:00:00+08:00,0.27000001072883606,0.27000001072883606,0.26499998569488525,0.26499998569488525,222400,0.0,0.0
2024-01-26 10:00:00+08:00,0.26499998569488525,0.27000001072883606,0.26499998569488525,0.26499998569488525,104700,0.0,0.0
2024-01-26 11:00:00+08:00,0.26499998569488525,0.27000001072883606,0.26499998569488525,0.26499998569488525,104800,0.0,0.0
2024-01-26 12:00:00+08:00,0.27000001072883606,0.27000001072883606,0.27000001072883606,0.27000001072883606,93200,0.0,0.0
2024-01-26 13:00:00+08:00,0.27000001072883606,0.27000001072883606,0.26499998569488525,0.26499998569488525,210800,0.0,0.0
2024-01-26 14:00:00+08:00,0.26499998569488525,0.27000001072883606,0.26499998569488525,0.26499998569488525,262000,0.0,0.0
2024-01-26 15:00:00+08:00,0.26499998569488525,0.27000001072883606,0.26499998569488525,0.26499998569488525,698700,0.0,0.0
2024-01-26 16:00:00+08:00,0.26499998569488525,0.27000001072883606,0.26499998569488525,0.26499998569488525,470100,0.0,0.0
2024-01-29 09:00:00+08:00,0.27000001072883606,0.2750000059604645,0.27000001072883606,0.27000001072883606,2937700,0.0,0.0
2024-01-29 10:00:00+08:00,0.27000001072883606,0.2750000059604645,0.27000001072883606,0.27000001072883606,263800,0.0,0.0
2024-01-29 11:00:00+08:00,0.27000001072883606,0.2750000059604645,0.27000001072883606,0.27000001072883606,612000,0.0,0.0
2024-01-29 12:00:00+08:00,0.27000001072883606,0.2750000059604645,0.27000001072883606,0.2750000059604645,404200,0.0,0.0
2024-01-29 13:00:00+08:00,0.2750000059604645,0.2750000059604645,0.27000001072883606,0.2750000059604645,225000,0.0,0.0
2024-01-29 14:00:00+08:00,0.2750000059604645,0.2750000059604645,0.27000001072883606,0.2750000059604645,393500,0.0,0.0
2024-01-29 15:00:00+08:00,0.2750000059604645,0.2750000059604645,0.27000001072883606,0.27000001072883606,491700,0.0,0.0
2024-01-29 16:00:00+08:00,0.27000001072883606,0.2750000059604645,0.27000001072883606,0.2750000059604645,1320000,0.0,0.0
2024-01-30 09:00:00+08:00,0.27000001072883606,0.2750000059604645,0.27000001072883606,0.2750000059604645,6910600,0.0,0.0
2024-01-30 10:00:00+08:00,0.2750000059604645,0.2750000059604645,0.27000001072883606,0.2750000059604645,116900,0.0,0.0
2024-01-30 11:00:00+08:00,0.2750000059604645,0.2750000059604645,0.27000001072883606,0.27000001072883606,2413200,0.0,0.0
2024-01-30 12:00:00+08:00,0.2750000059604645,0.2750000059604645,0.2750000059604645,0.2750000059604645,717300,0.0,0.0
2024-01-30 13:00:00+08:00,0.27000001072883606,0.2750000059604645,0.27000001072883606,0.2750000059604645,416300,0.0,0.0
2024-01-30 14:00:00+08:00,0.2750000059604645,0.2750000059604645,0.27000001072883606,0.27000001072883606,422200,0.0,0.0
2024-01-30 15:00:00+08:00,0.27000001072883606,0.2750000059604645,0.27000001072883606,0.27000001072883606,959900,0.0,0.0
2024-01-30 16:00:00+08:00,0.27000001072883606,0.2750000059604645,0.27000001072883606,0.27000001072883606,574800,0.0,0.0
2024-01-31 09:00:00+08:00,0.27000001072883606,0.2750000059604645,0.27000001072883606,0.27000001072883606,591700,0.0,0.0
2024-01-31 10:00:00+08:00,0.27000001072883606,0.2750000059604645,0.27000001072883606,0.27000001072883606,306800,0.0,0.0
2024-01-31 11:00:00+08:00,0.27000001072883606,0.2750000059604645,0.27000001072883606,0.2750000059604645,136100,0.0,0.0
2024-01-31 12:00:00+08:00,0.27000001072883606,0.27000001072883606,0.27000001072883606,0.27000001072883606,303300,0.0,0.0
2024-01-31 13:00:00+08:00,0.27000001072883606,0.27000001072883606,0.26499998569488525,0.27000001072883606,10626800,0.0,0.0
2024-01-31 14:00:00+08:00,0.27000001072883606,0.2750000059604645,0.27000001072883606,0.27000001072883606,233100,0.0,0.0
2024-01-31 15:00:00+08:00,0.27000001072883606,0.2750000059604645,0.27000001072883606,0.27000001072883606,424700,0.0,0.0
2024-01-31 16:00:00+08:00,0.27000001072883606,0.2750000059604645,0.27000001072883606,0.2750000059604645,366700,0.0,0.0
2024-02-01 09:00:00+08:00,0.2750000059604645,0.2750000059604645,0.27000001072883606,0.27000001072883606,496400,0.0,0.0
2024-02-01 10:00:00+08:00,0.27000001072883606,0.2750000059604645,0.27000001072883606,0.27000001072883606,166700,0.0,0.0
2024-02-01 11:00:00+08:00,0.27000001072883606,0.2750000059604645,0.27000001072883606,0.27000001072883606,303800,0.0,0.0
2024-02-01 12:00:00+08:00,0.27000001072883606,0.27000001072883606,0.27000001072883606,0.27000001072883606,435700,0.0,0.0
2024-02-01 13:00:00+08:00,0.27000001072883606,0.2750000059604645,0.27000001072883606,0.2750000059604645,239000,0.0,0.0
2024-02-01 14:00:00+08:00,0.2750000059604645,0.2750000059604645,0.27000001072883606,0.27000001072883606,773300,0.0,0.0
2024-02-01 15:00:00+08:00,0.27000001072883606,0.2750000059604645,0.27000001072883606,0.27000001072883606,373500,0.0,0.0
2024-02-01 16:00:00+08:00,0.27000001072883606,0.2750000059604645,0.27000001072883606,0.27000001072883606,1032000,0.0,0.0
2024-02-02 09:00:00+08:00,0.27000001072883606,0.2750000059604645,0.27000001072883606,0.2750000059604645,163200,0.0,0.0
2024-02-02 10:00:00+08:00,0.2750000059604645,0.2750000059604645,0.27000001072883606,0.27000001072883606,98100,0.0,0.0
2024-02-02 11:00:00+08:00,0.27000001072883606,0.2750000059604645,0.27000001072883606,0.27000001072883606,55700,0.0,0.0
2024-02-02 12:00:00+08:00,0.27000001072883606,0.27000001072883606,0.27000001072883606,0.27000001072883606,159100,0.0,0.0
2024-02-02 13:00:00+08:00,0.27000001072883606,0.2750000059604645,0.27000001072883606,0.27000001072883606,8400,0.0,0.0
2024-02-02 14:00:00+08:00,0.27000001072883606,0.2750000059604645,0.27000001072883606,0.27000001072883606,21200,0.0,0.0
2024-02-02 15:00:00+08:00,0.27000001072883606,0.2750000059604645,0.27000001072883606,0.27000001072883606,3787000,0.0,0.0
2024-02-02 16:00:00+08:00,0.27000001072883606,0.2750000059604645,0.27000001072883606,0.2750000059604645,1439500,0.0,0.0
2024-02-05 09:00:00+08:00,0.27000001072883606,0.27000001072883606,0.27000001072883606,0.27000001072883606,4333200,0.0,0.0
2024-02-05 10:00:00+08:00,0.27000001072883606,0.2750000059604645,0.27000001072883606,0.27000001072883606,132100,0.0,0.0
2024-02-05 11:00:00+08:00,0.27000001072883606,0.2750000059604645,0.27000001072883606,0.2750000059604645,25700,0.0,0.0
2024-02-05 12:00:00+08:00,0.2750000059604645,0.2750000059604645,0.2750000059604645,0.2750000059604645,49200,0.0,0.0
2024-02-05 13:00:00+08:00,0.2750000059604645,0.2750000059604645,0.27000001072883606,0.2750000059604645,28300,0.0,0.0
2024-02-05 14:00:00+08:00,0.2750000059604645,0.2750000059604645,0.27000001072883606,0.2750000059604645,59500,0.0,0.0
2024-02-05 15:00:00+08:00,0.2750000059604645,0.2750000059604645,0.27000001072883606,0.27000001072883606,75000,0.0,0.0
2024-02-05 16:00:00+08:00,0.27000001072883606,0.2750000059604645,0.27000001072883606,0.2750000059604645,370300,0.0,0.0
2024-02-06 09:00:00+08:00,0.2750000059604645,0.2750000059604645,0.27000001072883606,0.27000001072883606,135300,0.0,0.0
2024-02-06 10:00:00+08:00,0.27000001072883606,0.2750000059604645,0.27000001072883606,0.27000001072883606,151500,0.0,0.0
2024-02-06 11:00:00+08:00,0.27000001072883606,0.2750000059604645,0.27000001072883606,0.27000001072883606,783300,0.0,0.0
2024-02-06 12:00:00+08:00,0.2750000059604645,0.2750000059604645,0.2750000059604645,0.2750000059604645,102800,0.0,0.0
2024-02-06 13:00:00+08:00,0.2750000059604645,0.2750000059604645,0.27000001072883606,0.27000001072883606,202500,0.0,0.0
2024-02-06 14:00:00+08:00,0.27000001072883606,0.2750000059604645,0.27000001072883606,0.27000001072883606,497500,0.0,0.0
2024-02-06 15:00:00+08:00,0.27000001072883606,0.2750000059604645,0.27000001072883606,0.27000001072883606,2835700,0.0,0.0
2024-02-06 16:00:00+08:00,0.27000001072883606,0.2750000059604645,0.27000001072883606,0.27000001072883606,346500,0.0,0.0
2024-02-07 09:00:00+08:00,0.27000001072883606,0.2750000059604645,0.27000001072883606,0.27000001072883606,2152500,0.0,0.0
2024-02-07 10:00:00+08:00,0.27000001072883606,0.2750000059604645,0.27000001072883606,0.2750000059604645,130000,0.0,0.0
2024-02-07 11:00:00+08:00,0.2750000059604645,0.2750000059604645,0.27000001072883606,0.27000001072883606,479400,0.0,0.0
2024-02-07 12:00:00+08:00,0.27000001072883606,0.2750000059604645,0.27000001072883606,0.2750000059604645,355800,0.0,0.0
2024-02-07 13:00:00+08:00,0.2750000059604645,0.2750000059604645,0.27000001072883606,0.27000001072883606,641500,0.0,0.0
2024-02-07 14:00:00+08:00,0.27000001072883606,0.2750000059604645,0.27000001072883606,0.27000001072883606,356900,0.0,0.0
2024-02-07 15:00:00+08:00,0.27000001072883606,0.2750000059604645,0.27000001072883606,0.27000001072883606,762600,0.0,0.0
2024-02-07 16:00:00+08:00,0.27000001072883606,0.2750000059604645,0.27000001072883606,0.2750000059604645,2180300,0.0,0.0
2024-02-08 09:00:00+08:00,0.27000001072883606,0.2750000059604645,0.27000001072883606,0.27000001072883606,76600,0.0,0.0
2024-02-08 10:00:00+08:00,0.27000001072883606,0.2750000059604645,0.27000001072883606,0.2750000059604645,79900,0.0,0.0
2024-02-08 11:00:00+08:00,0.2750000059604645,0.2750000059604645,0.27000001072883606,0.27000001072883606,460800,0.0,0.0
2024-02-08 12:00:00+08:00,0.27000001072883606,0.2750000059604645,0.27000001072883606,0.2750000059604645,156800,0.0,0.0
2024-02-08 13:00:00+08:00,0.2750000059604645,0.2750000059604645,0.27000001072883606,0.27000001072883606,237000,0.0,0.0
2024-02-08 14:00:00+08:00,0.27000001072883606,0.2750000059604645,0.27000001072883606,0.2750000059604645,3808100,0.0,0.0
2024-02-08 15:00:00+08:00,0.2750000059604645,0.2750000059604645,0.27000001072883606,0.27000001072883606,793800,0.0,0.0
2024-02-08 16:00:00+08:00,0.27000001072883606,0.2750000059604645,0.27000001072883606,0.2750000059604645,2387000,0.0,0.0
2024-02-09 09:00:00+08:00,0.27000001072883606,0.2750000059604645,0.27000001072883606,0.27000001072883606,350400,0.0,0.0
2024-02-09 10:00:00+08:00,0.27000001072883606,0.2750000059604645,0.27000001072883606,0.27000001072883606,266900,0.0,0.0
2024-02-09 11:00:00+08:00,0.27000001072883606,0.2750000059604645,0.27000001072883606,0.27000001072883606,788900,0.0,0.0
2024-02-13 09:00:00+08:00,0.2750000059604645,0.2750000059604645,0.27000001072883606,0.27000001072883606,305500,0.0,0.0
2024-02-13 10:00:00+08:00,0.27000001072883606,0.2750000059604645,0.27000001072883606,0.27000001072883606,340000,0.0,0.0
2024-02-13 11:00:00+08:00,0.27000001072883606,0.2750000059604645,0.27000001072883606,0.27000001072883606,745100,0.0,0.0
2024-02-13 12:00:00+08:00,0.27000001072883606,0.27000001072883606,0.27000001072883606,0.27000001072883606,327200,0.0,0.0
2024-02-13 13:00:00+08:00,0.27000001072883606,0.2750000059604645,0.27000001072883606,0.27000001072883606,115000,0.0,0.0
2024-02-13 14:00:00+08:00,0.27000001072883606,0.2750000059604645,0.27000001072883606,0.2750000059604645,476300,0.0,0.0
2024-02-13 15:00:00+08:00,0.2750000059604645,0.2750000059604645,0.27000001072883606,0.2750000059604645,969100,0.0,0.0
2024-02-13 16:00:00+08:00,0.2750000059604645,0.2750000059604645,0.27000001072883606,0.27000001072883606,3247900,0.0,0.0
2024-02-14 09:00:00+08:00,0.27000001072883606,0.2750000059604645,0.26499998569488525,0.2750000059604645,4047500,0.0,0.0
2024-02-14 10:00:00+08:00,0.2750000059604645,0.2750000059604645,0.27000001072883606,0.2750000059604645,915400,0.0,0.0
2024-02-14 11:00:00+08:00,0.2750000059604645,0.2750000059604645,0.27000001072883606,0.2750000059604645,950200,0.0,0.0
2024-02-14 12:00:00+08:00,0.2750000059604645,0.2750000059604645,0.27000001072883606,0.27000001072883606,328700,0.0,0.0
2024-02-14 13:00:00+08:00,0.27000001072883606,0.2750000059604645,0.27000001072883606,0.2750000059604645,785400,0.0,0.0
2024-02-14 14:00:00+08:00,0.2750000059604645,0.2750000059604645,0.27000001072883606,0.27000001072883606,811500,0.0,0.0
2024-02-14 15:00:00+08:00,0.27000001072883606,0.2750000059604645,0.27000001072883606,0.27000001072883606,1261000,0.0,0.0
2024-02-14 16:00:00+08:00,0.27000001072883606,0.2750000059604645,0.27000001072883606,0.27000001072883606,2847100,0.0,0.0
2024-02-15 09:00:00+08:00,0.27000001072883606,0.2750000059604645,0.27000001072883606,0.27000001072883606,491200,0.0,0.0
2024-02-15 10:00:00+08:00,0.27000001072883606,0.2750000059604645,0.27000001072883606,0.2750000059604645,386600,0.0,0.0
2024-02-15 11:00:00+08:00,0.2750000059604645,0.2750000059604645,0.27000001072883606,0.27000001072883606,1140400,0.0,0.0
2024-02-15 12:00:00+08:00,0.27000001072883606,0.27000001072883606,0.27000001072883606,0.27000001072883606,863200,0.0,0.0
2024-02-15 13:00:00+08:00,0.2750000059604645,0.2750000059604645,0.27000001072883606,0.2750000059604645,305700,0.0,0.0
2024-02-15 14:00:00+08:00,0.2750000059604645,0.2750000059604645,0.27000001072883606,0.2750000059604645,866900,0.0,0.0
2024-02-15 15:00:00+08:00,0.2750000059604645,0.2750000059604645,0.27000001072883606,0.2750000059604645,1332500,0.0,0.0
2024-02-15 16:00:00+08:00,0.2750000059604645,0.2750000059604645,0.27000001072883606,0.27000001072883606,2558200,0.0,0.0
2024-02-16 09:00:00+08:00,0.27000001072883606,0.2750000059604645,0.27000001072883606,0.27000001072883606,1383000,0.0,0.0
2024-02-16 10:00:00+08:00,0.27000001072883606,0.2750000059604645,0.27000001072883606,0.27000001072883606,460000,0.0,0.0
2024-02-16 11:00:00+08:00,0.27000001072883606,0.2750000059604645,0.27000001072883606,0.27000001072883606,472800,0.0,0.0
2024-02-16 12:00:00+08:00,0.27000001072883606,0.27000001072883606,0.27000001072883606,0.27000001072883606,130100,0.0,0.0
2024-02-16 13:00:00+08:00,0.27000001072883606,0.2750000059604645,0.27000001072883606,0.2750000059604645,250600,0.0,0.0
2024-02-16 14:00:00+08:00,0.2750000059604645,0.2750000059604645,0.27000001072883606,0.27000001072883606,343400,0.0,0.0
2024-02-16 15:00:00+08:00,0.27000001072883606,0.2750000059604645,0.27000001072883606,0.27000001072883606,450700,0.0,0.0
2024-02-16 16:00:00+08:00,0.27000001072883606,0.2750000059604645,0.27000001072883606,0.27000001072883606,1200500,0.0,0.0
2024-02-19 09:00:00+08:00,0.27000001072883606,0.2750000059604645,0.27000001072883606,0.2750000059604645,819100,0.0,0.0
2024-02-19 10:00:00+08:00,0.2750000059604645,0.2750000059604645,0.27000001072883606,0.2750000059604645,485300,0.0,0.0
2024-02-19 11:00:00+08:00,0.2750000059604645,0.2750000059604645,0.27000001072883606,0.27000001072883606,1549800,0.0,0.0
2024-02-19 12:00:00+08:00,0.2750000059604645,0.2750000059604645,0.27000001072883606,0.27000001072883606,568700,0.0,0.0
2024-02-19 13:00:00+08:00,0.27000001072883606,0.2750000059604645,0.27000001072883606,0.27000001072883606,284400,0.0,0.0
2024-02-19 14:00:00+08:00,0.27000001072883606,0.2750000059604645,0.27000001072883606,0.27000001072883606,607300,0.0,0.0
2024-02-19 15:00:00+08:00,0.27000001072883606,0.2750000059604645,0.27000001072883606,0.2750000059604645,1092000,0.0,0.0
2024-02-19 16:00:00+08:00,0.2750000059604645,0.2750000059604645,0.27000001072883606,0.27000001072883606,2397000,0.0,0.0
2024-02-20 09:00:00+08:00,0.27000001072883606,0.2750000059604645,0.27000001072883606,0.2750000059604645,446100,0.0,0.0
2024-02-20 10:00:00+08:00,0.2750000059604645,0.2750000059604645,0.27000001072883606,0.2750000059604645,1041400,0.0,0.0
2024-02-20 11:00:00+08:00,0.2750000059604645,0.2750000059604645,0.27000001072883606,0.27000001072883606,1174500,0.0,0.0
2024-02-20 12:00:00+08:00,0.27000001072883606,0.27000001072883606,0.27000001072883606,0.27000001072883606,238300,0.0,0.0
2024-02-20 13:00:00+08:00,0.2750000059604645,0.2750000059604645,0.27000001072883606,0.27000001072883606,351200,0.0,0.0
2024-02-20 14:00:00+08:00,0.27000001072883606,0.2750000059604645,0.27000001072883606,0.27000001072883606,797100,0.0,0.0
2024-02-20 15:00:00+08:00,0.27000001072883606,0.2750000059604645,0.27000001072883606,0.2750000059604645,1022300,0.0,0.0
2024-02-20 16:00:00+08:00,0.2750000059604645,0.2750000059604645,0.27000001072883606,0.2750000059604645,2387600,0.0,0.0
2024-02-21 09:00:00+08:00,0.27000001072883606,0.2750000059604645,0.27000001072883606,0.27000001072883606,477900,0.0,0.0
2024-02-21 10:00:00+08:00,0.27000001072883606,0.2750000059604645,0.26499998569488525,0.27000001072883606,4123200,0.0,0.0
2024-02-21 11:00:00+08:00,0.27000001072883606,0.2750000059604645,0.27000001072883606,0.27000001072883606,278700,0.0,0.0
2024-02-21 12:00:00+08:00,0.27000001072883606,0.27000001072883606,0.27000001072883606,0.27000001072883606,255600,0.0,0.0
2024-02-21 13:00:00+08:00,0.27000001072883606,0.2750000059604645,0.27000001072883606,0.27000001072883606,107300,0.0,0.0
2024-02-21 14:00:00+08:00,0.27000001072883606,0.2750000059604645,0.27000001072883606,0.27000001072883606,370800,0.0,0.0
2024-02-21 15:00:00+08:00,0.27000001072883606,0.2750000059604645,0.27000001072883606,0.2750000059604645,763600,0.0,0.0
2024-02-21 16:00:00+08:00,0.2750000059604645,0.2750000059604645,0.27000001072883606,0.2750000059604645,2283500,0.0,0.0
2024-02-22 09:00:00+08:00,0.2750000059604645,0.2750000059604645,0.27000001072883606,0.27000001072883606,557300,0.0,0.0
2024-02-22 10:00:00+08:00,0.27000001072883606,0.2750000059604645,0.27000001072883606,0.27000001072883606,697100,0.0,0.0
2024-02-22 11:00:00+08:00,0.27000001072883606,0.2750000059604645,0.27000001072883606,0.2750000059604645,892700,0.0,0.0
2024-02-22 12:00:00+08:00,0.27000001072883606,0.2750000059604645,0.27000001072883606,0.2750000059604645,304300,0.0,0.0
2024-02-22 13:00:00+08:00,0.2750000059604645,0.2750000059604645,0.27000001072883606,0.2750000059604645,494700,0.0,0.0
2024-02-22 14:00:00+08:00,0.2750000059604645,0.2750000059604645,0.27000001072883606,0.27000001072883606,686800,0.0,0.0
2024-02-22 15:00:00+08:00,0.27000001072883606,0.2750000059604645,0.27000001072883606,0.27000001072883606,1001500,0.0,0.0
2024-02-22 16:00:00+08:00,0.27000001072883606,0.2750000059604645,0.27000001072883606,0.27000001072883606,3414300,0.0,0.0
2024-02-23 09:00:00+08:00,0.27000001072883606,0.2750000059604645,0.27000001072883606,0.2750000059604645,241000,0.0,0.0
2024-02-23 10:00:00+08:00,0.2750000059604645,0.2750000059604645,0.27000001072883606,0.27000001072883606,10934600,0.0,0.0
2024-02-23 11:00:00+08:00,0.27000001072883606,0.2750000059604645,0.27000001072883606,0.27000001072883606,1721900,0.0,0.0
2024-02-23 12:00:00+08:00,0.27000001072883606,0.27000001072883606,0.27000001072883606,0.27000001072883606,210300,0.0,0.0
2024-02-23 13:00:00+08:00,0.27000001072883606,0.2750000059604645,0.27000001072883606,0.2750000059604645,609200,0.0,0.0
2024-02-23 14:00:00+08:00,0.2750000059604645,0.2750000059604645,0.27000001072883606,0.2750000059604645,1582400,0.0,0.0
2024-02-23 15:00:00+08:00,0.2750000059604645,0.2750000059604645,0.27000001072883606,0.2750000059604645,1303200,0.0,0.0
2024-02-23 16:00:00+08:00,0.2750000059604645,0.2750000059604645,0.27000001072883606,0.27000001072883606,15798300,0.0,0.0
2024-02-26 09:00:00+08:00,0.2750000059604645,0.2750000059604645,0.27000001072883606,0.27000001072883606,30600,0.0,0.0
2024-02-26 10:00:00+08:00,0.27000001072883606,0.2750000059604645,0.27000001072883606,0.27000001072883606,48900,0.0,0.0
2024-02-26 11:00:00+08:00,0.27000001072883606,0.2750000059604645,0.27000001072883606,0.2750000059604645,179000,0.0,0.0
2024-02-26 12:00:00+08:00,0.2750000059604645,0.2750000059604645,0.2750000059604645,0.2750000059604645,444300,0.0,0.0
2024-02-26 13:00:00+08:00,0.2750000059604645,0.2750000059604645,0.27000001072883606,0.27000001072883606,878100,0.0,0.0
2024-02-26 14:00:00+08:00,0.27000001072883606,0.2750000059604645,0.27000001072883606,0.27000001072883606,1007200,0.0,0.0
2024-02-26 15:00:00+08:00,0.27000001072883606,0.2750000059604645,0.27000001072883606,0.2750000059604645,1594600,0.0,0.0
2024-02-26 16:00:00+08:00,0.2750000059604645,0.2750000059604645,0.27000001072883606,0.27000001072883606,2645100,0.0,0.0
2024-02-27 09:00:00+08:00,0.2750000059604645,0.2800000011920929,0.27000001072883606,0.2750000059604645,4094700,0.0,0.0
2024-02-27 10:00:00+08:00,0.2750000059604645,0.2800000011920929,0.2750000059604645,0.2750000059604645,789400,0.0,0.0
2024-02-27 11:00:00+08:00,0.2750000059604645,0.2800000011920929,0.27000001072883606,0.2750000059604645,4468000,0.0,0.0
2024-02-27 12:00:00+08:00,0.27000001072883606,0.2750000059604645,0.27000001072883606,0.2750000059604645,275300,0.0,0.0
2024-02-27 13:00:00+08:00,0.2750000059604645,0.2750000059604645,0.27000001072883606,0.27000001072883606,127600,0.0,0.0
2024-02-27 14:00:00+08:00,0.27000001072883606,0.2750000059604645,0.27000001072883606,0.2750000059604645,224100,0.0,0.0
2024-02-27 15:00:00+08:00,0.2750000059604645,0.2750000059604645,0.27000001072883606,0.2750000059604645,487900,0.0,0.0
2024-02-27 16:00:00+08:00,0.2750000059604645,0.2750000059604645,0.27000001072883606,0.27000001072883606,1227500,0.0,0.0
2024-02-28 09:00:00+08:00,0.2750000059604645,0.2750000059604645,0.27000001072883606,0.27000001072883606,137800,0.0,0.0
2024-02-28 10:00:00+08:00,0.27000001072883606,0.2750000059604645,0.27000001072883606,0.27000001072883606,280700,0.0,0.0
2024-02-28 11:00:00+08:00,0.27000001072883606,0.2750000059604645,0.27000001072883606,0.27000001072883606,1054600,0.0,0.0
2024-02-28 12:00:00+08:00,0.27000001072883606,0.27000001072883606,0.27000001072883606,0.27000001072883606,342500,0.0,0.0
2024-02-28 13:00:00+08:00,0.27000001072883606,0.2750000059604645,0.27000001072883606,0.2750000059604645,647000,0.0,0.0
2024-02-28 14:00:00+08:00,0.2750000059604645,0.2750000059604645,0.27000001072883606,0.27000001072883606,440900,0.0,0.0
2024-02-28 15:00:00+08:00,0.27000001072883606,0.2750000059604645,0.27000001072883606,0.27000001072883606,1503600,0.0,0.0
2024-02-28 16:00:00+08:00,0.27000001072883606,0.2750000059604645,0.27000001072883606,0.27000001072883606,1463900,0.0,0.0
2024-02-29 09:00:00+08:00,0.27000001072883606,0.2750000059604645,0.27000001072883606,0.27000001072883606,882600,0.0,0.0
2024-02-29 10:00:00+08:00,0.27000001072883606,0.2750000059604645,0.27000001072883606,0.27000001072883606,1475000,0.0,0.0
2024-02-29 11:00:00+08:00,0.27000001072883606,0.2750000059604645,0.27000001072883606,0.27000001072883606,1702200,0.0,0.0
2024-02-29 12:00:00+08:00,0.27000001072883606,0.27000001072883606,0.27000001072883606,0.27000001072883606,391000,0.0,0.0
2024-02-29 13:00:00+08:00,0.27000001072883606,0.2750000059604645,0.27000001072883606,0.27000001072883606,13615900,0.0,0.0
2024-02-29 14:00:00+08:00,0.27000001072883606,0.2750000059604645,0.27000001072883606,0.27000001072883606,1520700,0.0,0.0
2024-02-29 15:00:00+08:00,0.27000001072883606,0.2750000059604645,0.27000001072883606,0.27000001072883606,1124100,0.0,0.0
2024-02-29 16:00:00+08:00,0.27000001072883606,0.2750000059604645,0.26499998569488525,0.26499998569488525,5140000,0.0,0.0
2024-03-01 09:00:00+08:00,0.27000001072883606,0.2750000059604645,0.27000001072883606,0.27000001072883606,8321300,0.0,0.0
2024-03-01 10:00:00+08:00,0.27000001072883606,0.2750000059604645,0.27000001072883606,0.27000001072883606,2443800,0.0,0.0
2024-03-01 11:00:00+08:00,0.27000001072883606,0.2750000059604645,0.27000001072883606,0.2750000059604645,2516900,0.0,0.0
2024-03-01 12:00:00+08:00,0.27000001072883606,0.27000001072883606,0.27000001072883606,0.27000001072883606,1229500,0.0,0.0
2024-03-01 13:00:00+08:00,0.2750000059604645,0.2750000059604645,0.27000001072883606,0.27000001072883606,931800,0.0,0.0
2024-03-01 14:00:00+08:00,0.27000001072883606,0.2750000059604645,0.27000001072883606,0.27000001072883606,2015900,0.0,0.0
2024-03-01 15:00:00+08:00,0.27000001072883606,0.2750000059604645,0.27000001072883606,0.2750000059604645,4795200,0.0,0.0
2024-03-01 16:00:00+08:00,0.2750000059604645,0.2750000059604645,0.26499998569488525,0.2750000059604645,22126900,0.0,0.0
2024-03-04 09:00:00+08:00,0.27000001072883606,0.2750000059604645,0.26499998569488525,0.2750000059604645,15013000,0.0,0.0
2024-03-04 10:00:00+08:00,0.2750000059604645,0.2750000059604645,0.27000001072883606,0.27000001072883606,247800,0.0,0.0
2024-03-04 11:00:00+08:00,0.27000001072883606,0.2750000059604645,0.27000001072883606,0.27000001072883606,1444900,0.0,0.0
2024-03-04 12:00:00+08:00,0.27000001072883606,0.27000001072883606,0.27000001072883606,0.27000001072883606,443900,0.0,0.0
2024-03-04 13:00:00+08:00,0.27000001072883606,0.2750000059604645,0.27000001072883606,0.27000001072883606,317800,0.0,0.0
2024-03-04 14:00:00+08:00,0.27000001072883606,0.2750000059604645,0.27000001072883606,0.2750000059604645,998200,0.0,0.0
2024-03-04 15:00:00+08:00,0.2750000059604645,0.2750000059604645,0.27000001072883606,0.27000001072883606,1342000,0.0,0.0
2024-03-04 16:00:00+08:00,0.27000001072883606,0.2750000059604645,0.27000001072883606,0.27000001072883606,5772800,0.0,0.0
2024-03-05 09:00:00+08:00,0.27000001072883606,0.2750000059604645,0.26499998569488525,0.2750000059604645,8865500,0.0,0.0
2024-03-05 10:00:00+08:00,0.2750000059604645,0.2750000059604645,0.27000001072883606,0.2750000059604645,876100,0.0,0.0
2024-03-05 11:00:00+08:00,0.2750000059604645,0.2750000059604645,0.27000001072883606,0.2750000059604645,1357400,0.0,0.0
2024-03-05 12:00:00+08:00,0.27000001072883606,0.27000001072883606,0.27000001072883606,0.27000001072883606,301700,0.0,0.0
2024-03-05 13:00:00+08:00,0.27000001072883606,0.2750000059604645,0.27000001072883606,0.2750000059604645,1211200,0.0,0.0
2024-03-05 14:00:00+08:00,0.2750000059604645,0.2750000059604645,0.27000001072883606,0.27000001072883606,1179300,0.0,0.0
2024-03-05 15:00:00+08:00,0.27000001072883606,0.2750000059604645,0.27000001072883606,0.27000001072883606,1956900,0.0,0.0
2024-03-05 16:00:00+08:00,0.27000001072883606,0.2750000059604645,0.27000001072883606,0.2750000059604645,3829900,0.0,0.0
2024-03-06 09:00:00+08:00,0.27000001072883606,0.2750000059604645,0.27000001072883606,0.27000001072883606,1998200,0.0,0.0
2024-03-06 10:00:00+08:00,0.27000001072883606,0.2750000059604645,0.27000001072883606,0.27000001072883606,781800,0.0,0.0
2024-03-06 11:00:00+08:00,0.27000001072883606,0.2750000059604645,0.27000001072883606,0.2750000059604645,1116400,0.0,0.0
2024-03-06 12:00:00+08:00,0.27000001072883606,0.27000001072883606,0.27000001072883606,0.27000001072883606,296100,0.0,0.0
2024-03-06 13:00:00+08:00,0.27000001072883606,0.2750000059604645,0.27000001072883606,0.27000001072883606,1466000,0.0,0.0
2024-03-06 14:00:00+08:00,0.27000001072883606,0.2750000059604645,0.27000001072883606,0.27000001072883606,691700,0.0,0.0
2024-03-06 15:00:00+08:00,0.27000001072883606,0.2750000059604645,0.27000001072883606,0.27000001072883606,1575900,0.0,0.0
2024-03-06 16:00:00+08:00,0.27000001072883606,0.2750000059604645,0.27000001072883606,0.2750000059604645,4186100,0.0,0.0
2024-03-07 09:00:00+08:00,0.27000001072883606,0.2750000059604645,0.27000001072883606,0.27000001072883606,178300,0.0,0.0
2024-03-07 10:00:00+08:00,0.27000001072883606,0.2750000059604645,0.27000001072883606,0.27000001072883606,1202900,0.0,0.0
2024-03-07 11:00:00+08:00,0.27000001072883606,0.2750000059604645,0.27000001072883606,0.27000001072883606,1499300,0.0,0.0
2024-03-07 12:00:00+08:00,0.27000001072883606,0.27000001072883606,0.27000001072883606,0.27000001072883606,458500,0.0,0.0
2024-03-07 13:00:00+08:00,0.27000001072883606,0.2750000059604645,0.27000001072883606,0.27000001072883606,587000,0.0,0.0
2024-03-07 14:00:00+08:00,0.27000001072883606,0.2750000059604645,0.27000001072883606,0.27000001072883606,797800,0.0,0.0
2024-03-07 15:00:00+08:00,0.27000001072883606,0.2750000059604645,0.27000001072883606,0.27000001072883606,1740100,0.0,0.0
2024-03-07 16:00:00+08:00,0.27000001072883606,0.2750000059604645,0.27000001072883606,0.27000001072883606,4839300,0.0,0.0
2024-03-08 09:00:00+08:00,0.27000001072883606,0.2750000059604645,0.27000001072883606,0.27000001072883606,1002100,0.0,0.0
2024-03-08 10:00:00+08:00,0.27000001072883606,0.2750000059604645,0.27000001072883606,0.27000001072883606,1449400,0.0,0.0
2024-03-08 11:00:00+08:00,0.27000001072883606,0.2750000059604645,0.27000001072883606,0.2750000059604645,731700,0.0,0.0
2024-03-08 12:00:00+08:00,0.27000001072883606,0.27000001072883606,0.27000001072883606,0.27000001072883606,155200,0.0,0.0
2024-03-08 13:00:00+08:00,0.27000001072883606,0.2750000059604645,0.27000001072883606,0.27000001072883606,1336800,0.0,0.0
2024-03-08 14:00:00+08:00,0.27000001072883606,0.2750000059604645,0.27000001072883606,0.27000001072883606,1073800,0.0,0.0
2024-03-08 15:00:00+08:00,0.27000001072883606,0.2750000059604645,0.26499998569488525,0.27000001072883606,16303100,0.0,0.0
2024-03-08 16:00:00+08:00,0.27000001072883606,0.2750000059604645,0.27000001072883606,0.2750000059604645,2811500,0.0,0.0
2024-03-11 09:00:00+08:00,0.27000001072883606,0.2750000059604645,0.27000001072883606,0.27000001072883606,1203300,0.0,0.0
2024-03-11 10:00:00+08:00,0.27000001072883606,0.2750000059604645,0.27000001072883606,0.27000001072883606,1120900,0.0,0.0
2024-03-11 11:00:00+08:00,0.27000001072883606,0.2750000059604645,0.26499998569488525,0.27000001072883606,7871900,0.0,0.0
2024-03-11 12:00:00+08:00,0.27000001072883606,0.27000001072883606,0.27000001072883606,0.27000001072883606,401300,0.0,0.0
2024-03-11 13:00:00+08:00,0.27000001072883606,0.2750000059604645,0.27000001072883606,0.27000001072883606,1031000,0.0,0.0
2024-03-11 14:00:00+08:00,0.27000001072883606,0.2750000059604645,0.27000001072883606,0.27000001072883606,480600,0.0,0.0
2024-03-11 15:00:00+08:00,0.27000001072883606,0.2750000059604645,0.27000001072883606,0.27000001072883606,1032200,0.0,0.0
2024-03-11 16:00:00+08:00,0.27000001072883606,0.2750000059604645,0.27000001072883606,0.27000001072883606,3201300,0.0,0.0
2024-03-12 09:00:00+08:00,0.27000001072883606,0.2750000059604645,0.27000001072883606,0.27000001072883606,544700,0.0,0.0
2024-03-12 10:00:00+08:00,0.27000001072883606,0.2750000059604645,0.27000001072883606,0.2750000059604645,635700,0.0,0.0
2024-03-12 11:00:00+08:00,0.2750000059604645,0.2750000059604645,0.27000001072883606,0.27000001072883606,10383000,0.0,0.0
2024-03-12 12:00:00+08:00,0.27000001072883606,0.27000001072883606,0.27000001072883606,0.27000001072883606,273200,0.0,0.0
2024-03-12 13:00:00+08:00,0.27000001072883606,0.2750000059604645,0.27000001072883606,0.27000001072883606,264900,0.0,0.0
2024-03-12 14:00:00+08:00,0.27000001072883606,0.2750000059604645,0.27000001072883606,0.2750000059604645,571100,0.0,0.0
2024-03-12 15:00:00+08:00,0.2750000059604645,0.2750000059604645,0.27000001072883606,0.27000001072883606,1029400,0.0,0.0
2024-03-12 16:00:00+08:00,0.27000001072883606,0.2750000059604645,0.27000001072883606,0.27000001072883606,2681600,0.0,0.0
2024-03-13 09:00:00+08:00,0.27000001072883606,0.2750000059604645,0.27000001072883606,0.27000001072883606,1102000,0.0,0.0
2024-03-13 10:00:00+08:00,0.27000001072883606,0.2750000059604645,0.27000001072883606,0.27000001072883606,763500,0.0,0.0
2024-03-13 11:00:00+08:00,0.27000001072883606,0.2750000059604645,0.27000001072883606,0.2750000059604645,4305500,0.0,0.0
2024-03-13 12:00:00+08:00,0.27000001072883606,0.27000001072883606,0.27000001072883606,0.27000001072883606,217200,0.0,0.0
2024-03-13 13:00:00+08:00,0.27000001072883606,0.2750000059604645,0.27000001072883606,0.27000001072883606,266100,0.0,0.0
2024-03-13 14:00:00+08:00,0.27000001072883606,0.2750000059604645,0.27000001072883606,0.2750000059604645,482600,0.0,0.0
2024-03-13 15:00:00+08:00,0.2750000059604645,0.2750000059604645,0.27000001072883606,0.2750000059604645,2470500,0.0,0.0
2024-03-13 16:00:00+08:00,0.2750000059604645,0.2750000059604645,0.27000001072883606,0.27000001072883606,2532100,0.0,0.0
2024-03-14 09:00:00+08:00,0.2750000059604645,0.2750000059604645,0.27000001072883606,0.27000001072883606,264200,0.0,0.0
2024-03-14 10:00:00+08:00,0.27000001072883606,0.2750000059604645,0.27000001072883606,0.27000001072883606,789700,0.0,0.0
2024-03-14 11:00:00+08:00,0.27000001072883606,0.2750000059604645,0.27000001072883606,0.27000001072883606,3287700,0.0,0.0
2024-03-14 12:00:00+08:00,0.2750000059604645,0.2750000059604645,0.27000001072883606,0.27000001072883606,478500,0.0,0.0
2024-03-14 13:00:00+08:00,0.27000001072883606,0.2750000059604645,0.27000001072883606,0.27000001072883606,635600,0.0,0.0
2024-03-14 14:00:00+08:00,0.27000001072883606,0.2750000059604645,0.27000001072883606,0.27000001072883606,992300,0.0,0.0
2024-03-14 15:00:00+08:00,0.27000001072883606,0.2750000059604645,0.27000001072883606,0.2750000059604645,2105800,0.0,0.0
2024-03-14 16:00:00+08:00,0.2750000059604645,0.2750000059604645,0.27000001072883606,0.2750000059604645,5260900,0.0,0.0
2024-03-15 09:00:00+08:00,0.27000001072883606,0.2750000059604645,0.27000001072883606,0.27000001072883606,82800,0.0,0.0
2024-03-15 10:00:00+08:00,0.27000001072883606,0.2750000059604645,0.27000001072883606,0.2750000059604645,688800,0.0,0.0
2024-03-15 11:00:00+08:00,0.2750000059604645,0.2750000059604645,0.27000001072883606,0.27000001072883606,10093500,0.0,0.0
2024-03-15 12:00:00+08:00,0.27000001072883606,0.27000001072883606,0.27000001072883606,0.27000001072883606,593600,0.0,0.0
2024-03-15 13:00:00+08:00,0.27000001072883606,0.2750000059604645,0.27000001072883606,0.27000001072883606,443600,0.0,0.0
2024-03-15 14:00:00+08:00,0.27000001072883606,0.2750000059604645,0.27000001072883606,0.27000001072883606,1052400,0.0,0.0
2024-03-15 15:00:00+08:00,0.27000001072883606,0.2750000059604645,0.27000001072883606,0.27000001072883606,2491000,0.0,0.0
2024-03-15 16:00:00+08:00,0.27000001072883606,0.2750000059604645,0.27000001072883606,0.27000001072883606,6474000,0.0,0.0
2024-03-18 09:00:00+08:00,0.27000001072883606,0.2750000059604645,0.27000001072883606,0.2750000059604645,845400,0.0,0.0
2024-03-18 10:00:00+08:00,0.2750000059604645,0.2750000059604645,0.27000001072883606,0.2750000059604645,524900,0.0,0.0
2024-03-18 11:00:00+08:00,0.2750000059604645,0.2750000059604645,0.27000001072883606,0.27000001072883606,1954700,0.0,0.0
2024-03-18 12:00:00+08:00,0.27000001072883606,0.27000001072883606,0.27000001072883606,0.27000001072883606,427100,0.0,0.0
2024-03-18 13:00:00+08:00,0.27000001072883606,0.2750000059604645,0.27000001072883606,0.27000001072883606,421600,0.0,0.0
2024-03-18 14:00:00+08:00,0.27000001072883606,0.2750000059604645,0.27000001072883606,0.27000001072883606,3950900,0.0,0.0
2024-03-18 15:00:00+08:00,0.27000001072883606,0.2750000059604645,0.27000001072883606,0.27000001072883606,2260900,0.0,0.0
2024-03-18 16:00:00+08:00,0.27000001072883606,0.2750000059604645,0.27000001072883606,0.27000001072883606,2045000,0.0,0.0
2024-03-19 09:00:00+08:00,0.27000001072883606,0.2750000059604645,0.27000001072883606,0.27000001072883606,272800,0.0,0.0
2024-03-19 10:00:00+08:00,0.27000001072883606,0.2750000059604645,0.27000001072883606,0.27000001072883606,238100,0.0,0.0
2024-03-19 11:00:00+08:00,0.27000001072883606,0.2750000059604645,0.27000001072883606,0.27000001072883606,522100,0.0,0.0
2024-03-19 12:00:00+08:00,0.27000001072883606,0.27000001072883606,0.27000001072883606,0.27000001072883606,161800,0.0,0.0
2024-03-19 13:00:00+08:00,0.27000001072883606,0.2750000059604645,0.27000001072883606,0.27000001072883606,291500,0.0,0.0
2024-03-19 14:00:00+08:00,0.27000001072883606,0.2750000059604645,0.27000001072883606,0.27000001072883606,608500,0.0,0.0
2024-03-19 15:00:00+08:00,0.27000001072883606,0.2750000059604645,0.27000001072883606,0.27000001072883606,1389300,0.0,0.0
2024-03-19 16:00:00+08:00,0.27000001072883606,0.2750000059604645,0.27000001072883606,0.27000001072883606,2956200,0.0,0.0
2024-03-20 09:00:00+08:00,0.27000001072883606,0.2750000059604645,0.27000001072883606,0.27000001072883606,267400,0.0,0.0
2024-03-20 10:00:00+08:00,0.27000001072883606,0.2750000059604645,0.27000001072883606,0.2750000059604645,216000,0.0,0.0
2024-03-20 11:00:00+08:00,0.2750000059604645,0.2750000059604645,0.27000001072883606,0.27000001072883606,245800,0.0,0.0
2024-03-20 12:00:00+08:00,0.27000001072883606,0.27000001072883606,0.27000001072883606,0.27000001072883606,133800,0.0,0.0
2024-03-20 13:00:00+08:00,0.27000001072883606,0.2750000059604645,0.27000001072883606,0.27000001072883606,94200,0.0,0.0
2024-03-20 14:00:00+08:00,0.27000001072883606,0.2750000059604645,0.27000001072883606,0.27000001072883606,149700,0.0,0.0
2024-03-20 15:00:00+08:00,0.27000001072883606,0.2750000059604645,0.27000001072883606,0.27000001072883606,311500,0.0,0.0
2024-03-20 16:00:00+08:00,0.27000001072883606,0.2750000059604645,0.27000001072883606,0.27000001072883606,967900,0.0,0.0
2024-03-21 09:00:00+08:00,0.2750000059604645,0.2750000059604645,0.27000001072883606,0.27000001072883606,111900,0.0,0.0
2024-03-21 10:00:00+08:00,0.27000001072883606,0.2750000059604645,0.27000001072883606,0.27000001072883606,239300,0.0,0.0
2024-03-21 11:00:00+08:00,0.27000001072883606,0.2750000059604645,0.27000001072883606,0.27000001072883606,153900,0.0,0.0
2024-03-21 12:00:00+08:00,0.27000001072883606,0.27000001072883606,0.27000001072883606,0.27000001072883606,59900,0.0,0.0
2024-03-21 13:00:00+08:00,0.27000001072883606,0.2750000059604645,0.27000001072883606,0.27000001072883606,38100,0.0,0.0
2024-03-21 14:00:00+08:00,0.27000001072883606,0.2750000059604645,0.27000001072883606,0.27000001072883606,71000,0.0,0.0
2024-03-21 15:00:00+08:00,0.27000001072883606,0.2750000059604645,0.27000001072883606,0.27000001072883606,317700,0.0,0.0
2024-03-21 16:00:00+08:00,0.27000001072883606,0.2750000059604645,0.27000001072883606,0.27000001072883606,1386200,0.0,0.0
2024-03-22 09:00:00+08:00,0.27000001072883606,0.2750000059604645,0.27000001072883606,0.27000001072883606,242700,0.0,0.0
2024-03-22 10:00:00+08:00,0.27000001072883606,0.2750000059604645,0.27000001072883606,0.27000001072883606,214600,0.0,0.0
2024-03-22 11:00:00+08:00,0.27000001072883606,0.2750000059604645,0.27000001072883606,0.2750000059604645,494100,0.0,0.0
2024-03-22 12:00:00+08:00,0.27000001072883606,0.2750000059604645,0.27000001072883606,0.2750000059604645,146200,0.0,0.0
2024-03-22 13:00:00+08:00,0.2750000059604645,0.2750000059604645,0.27000001072883606,0.27000001072883606,94400,0.0,0.0
2024-03-22 14:00:00+08:00,0.27000001072883606,0.2750000059604645,0.27000001072883606,0.27000001072883606,181400,0.0,0.0
2024-03-22 15:00:00+08:00,0.27000001072883606,0.2750000059604645,0.27000001072883606,0.27000001072883606,330700,0.0,0.0
2024-03-22 16:00:00+08:00,0.27000001072883606,0.2750000059604645,0.27000001072883606,0.2750000059604645,1187200,0.0,0.0
2024-03-25 09:00:00+08:00,0.27000001072883606,0.2750000059604645,0.27000001072883606,0.27000001072883606,542100,0.0,0.0
2024-03-25 10:00:00+08:00,0.27000001072883606,0.2750000059604645,0.27000001072883606,0.27000001072883606,687400,0.0,0.0
2024-03-25 11:00:00+08:00,0.27000001072883606,0.2750000059604645,0.27000001072883606,0.2750000059604645,286400,0.0,0.0
2024-03-25 12:00:00+08:00,0.27000001072883606,0.2750000059604645,0.27000001072883606,0.2750000059604645,392500,0.0,0.0
2024-03-25 13:00:00+08:00,0.2750000059604645,0.2750000059604645,0.27000001072883606,0.27000001072883606,62900,0.0,0.0
2024-03-25 14:00:00+08:00,0.27000001072883606,0.2750000059604645,0.27000001072883606,0.27000001072883606,574200,0.0,0.0
2024-03-25 15:00:00+08:00,0.27000001072883606,0.2750000059604645,0.27000001072883606,0.27000001072883606,320600,0.0,0.0
2024-03-25 16:00:00+08:00,0.27000001072883606,0.2750000059604645,0.27000001072883606,0.2750000059604645,758200,0.0,0.0
2024-03-26 09:00:00+08:00,0.27000001072883606,0.27000001072883606,0.26499998569488525,0.27000001072883606,550400,0.0,0.0
2024-03-26 10:00:00+08:00,0.27000001072883606,0.27000001072883606,0.26499998569488525,0.26499998569488525,347800,0.0,0.0
2024-03-26 11:00:00+08:00,0.26499998569488525,0.27000001072883606,0.26499998569488525,0.26499998569488525,330400,0.0,0.0
2024-03-26 12:00:00+08:00,0.27000001072883606,0.27000001072883606,0.27000001072883606,0.27000001072883606,150100,0.0,0.0
2024-03-26 13:00:00+08:00,0.27000001072883606,0.2750000059604645,0.26499998569488525,0.2750000059604645,7151800,0.0,0.0
2024-03-26 14:00:00+08:00,0.2750000059604645,0.2750000059604645,0.27000001072883606,0.27000001072883606,590200,0.0,0.0
2024-03-26 15:00:00+08:00,0.27000001072883606,0.2750000059604645,0.27000001072883606,0.2750000059604645,422000,0.0,0.0
2024-03-26 16:00:00+08:00,0.2750000059604645,0.2750000059604645,0.27000001072883606,0.2750000059604645,1133200,0.0,0.0
2024-03-27 09:00:00+08:00,0.2750000059604645,0.2750000059604645,0.27000001072883606,0.2750000059604645,143500,0.0,0.0
2024-03-27 10:00:00+08:00,0.2750000059604645,0.2750000059604645,0.27000001072883606,0.27000001072883606,616500,0.0,0.0
2024-03-27 11:00:00+08:00,0.27000001072883606,0.2750000059604645,0.27000001072883606,0.27000001072883606,384900,0.0,0.0
2024-03-27 12:00:00+08:00,0.2750000059604645,0.2750000059604645,0.2750000059604645,0.2750000059604645,293700,0.0,0.0
2024-03-27 13:00:00+08:00,0.2750000059604645,0.2750000059604645,0.27000001072883606,0.2750000059604645,399100,0.0,0.0
2024-03-27 14:00:00+08:00,0.2750000059604645,0.2750000059604645,0.27000001072883606,0.27000001072883606,1835900,0.0,0.0
2024-03-27 15:00:00+08:00,0.27000001072883606,0.2750000059604645,0.27000001072883606,0.2750000059604645,790500,0.0,0.0
2024-03-27 16:00:00+08:00,0.2750000059604645,0.2750000059604645,0.27000001072883606,0.27000001072883606,1464000,0.0,0.0
2024-03-28 09:00:00+08:00,0.2750000059604645,0.2750000059604645,0.27000001072883606,0.2750000059604645,772300,0.0,0.0
2024-03-28 10:00:00+08:00,0.2750000059604645,0.2750000059604645,0.27000001072883606,0.2750000059604645,123100,0.0,0.0
2024-03-28 11:00:00+08:00,0.2750000059604645,0.2750000059604645,0.27000001072883606,0.27000001072883606,180100,0.0,0.0
2024-03-28 12:00:00+08:00,0.2750000059604645,0.2750000059604645,0.27000001072883606,0.27000001072883606,104700,0.0,0.0
2024-03-28 13:00:00+08:00,0.27000001072883606,0.2750000059604645,0.27000001072883606,0.27000001072883606,93800,0.0,0.0
2024-03-28 14:00:00+08:00,0.27000001072883606,0.2750000059604645,0.27000001072883606,0.2750000059604645,184600,0.0,0.0
2024-03-28 15:00:00+08:00,0.2750000059604645,0.2750000059604645,0.27000001072883606,0.2750000059604645,580200,0.0,0.0
2024-03-28 16:00:00+08:00,0.2750000059604645,0.2750000059604645,0.27000001072883606,0.2750000059604645,3046000,0.0,0.0
2024-04-01 09:00:00+08:00,0.2750000059604645,0.2750000059604645,0.27000001072883606,0.2750000059604645,5600,0.0,0.0
2024-04-01 10:00:00+08:00,0.2750000059604645,0.2750000059604645,0.27000001072883606,0.2750000059604645,13700,0.0,0.0
2024-04-01 11:00:00+08:00,0.2750000059604645,0.2750000059604645,0.27000001072883606,0.2750000059604645,40300,0.0,0.0
2024-04-01 12:00:00+08:00,0.27000001072883606,0.2750000059604645,0.27000001072883606,0.2750000059604645,20300,0.0,0.0
2024-04-01 13:00:00+08:00,0.2750000059604645,0.2750000059604645,0.27000001072883606,0.2750000059604645,2300,0.0,0.0
2024-04-01 14:00:00+08:00,0.2750000059604645,0.2750000059604645,0.27000001072883606,0.2750000059604645,120100,0.0,0.0
2024-04-01 15:00:00+08:00,0.2750000059604645,0.2750000059604645,0.27000001072883606,0.2750000059604645,28400,0.0,0.0
2024-04-01 16:00:00+08:00,0.2750000059604645,0.2750000059604645,0.27000001072883606,0.27000001072883606,122600,0.0,0.0
2024-04-02 09:00:00+08:00,0.27000001072883606,0.2750000059604645,0.27000001072883606,0.27000001072883606,79000,0.0,0.0
2024-04-02 10:00:00+08:00,0.27000001072883606,0.2750000059604645,0.27000001072883606,0.27000001072883606,55600,0.0,0.0
2024-04-02 11:00:00+08:00,0.27000001072883606,0.2750000059604645,0.27000001072883606,0.27000001072883606,395900,0.0,0.0
2024-04-02 12:00:00+08:00,0.27000001072883606,0.2750000059604645,0.27000001072883606,0.2750000059604645,56900,0.0,0.0
2024-04-02 13:00:00+08:00,0.2750000059604645,0.2750000059604645,0.27000001072883606,0.27000001072883606,45800,0.0,0.0
2024-04-02 14:00:00+08:00,0.27000001072883606,0.2750000059604645,0.27000001072883606,0.27000001072883606,143000,0.0,0.0
2024-04-02 15:00:00+08:00,0.27000001072883606,0.2750000059604645,0.27000001072883606,0.2750000059604645,141900,0.0,0.0
2024-04-02 16:00:00+08:00,0.2750000059604645,0.2750000059604645,0.27000001072883606,0.27000001072883606,302000,0.0,0.0
2024-04-03 09:00:00+08:00,0.27000001072883606,0.2750000059604645,0.27000001072883606,0.27000001072883606,806400,0.0,0.0
2024-04-03 10:00:00+08:00,0.27000001072883606,0.2750000059604645,0.27000001072883606,0.27000001072883606,974200,0.0,0.0
2024-04-03 11:00:00+08:00,0.27000001072883606,0.2750000059604645,0.27000001072883606,0.27000001072883606,380300,0.0,0.0
2024-04-03 12:00:00+08:00,0.27000001072883606,0.27000001072883606,0.27000001072883606,0.27000001072883606,102400,0.0,0.0
2024-04-03 13:00:00+08:00,0.27000001072883606,0.2750000059604645,0.27000001072883606,0.27000001072883606,753500,0.0,0.0
2024-04-03 14:00:00+08:00,0.27000001072883606,0.2750000059604645,0.27000001072883606,0.27000001072883606,398000,0.0,0.0
2024-04-03 15:00:00+08:00,0.27000001072883606,0.2750000059604645,0.27000001072883606,0.27000001072883606,504200,0.0,0.0
2024-04-03 16:00:00+08:00,0.27000001072883606,0.2750000059604645,0.27000001072883606,0.27000001072883606,1690000,0.0,0.0
2024-04-04 09:00:00+08:00,0.27000001072883606,0.2750000059604645,0.27000001072883606,0.27000001072883606,1366700,0.0,0.0
2024-04-04 10:00:00+08:00,0.27000001072883606,0.2750000059604645,0.27000001072883606,0.27000001072883606,108000,0.0,0.0
2024-04-04 11:00:00+08:00,0.27000001072883606,0.2750000059604645,0.27000001072883606,0.2750000059604645,206200,0.0,0.0
2024-04-04 12:00:00+08:00,0.27000001072883606,0.27000001072883606,0.27000001072883606,0.27000001072883606,69500,0.0,0.0
2024-04-04 13:00:00+08:00,0.27000001072883606,0.2750000059604645,0.27000001072883606,0.27000001072883606,97300,0.0,0.0
2024-04-04 14:00:00+08:00,0.27000001072883606,0.2750000059604645,0.27000001072883606,0.27000001072883606,244900,0.0,0.0
2024-04-04 15:00:00+08:00,0.27000001072883606,0.2750000059604645,0.27000001072883606,0.27000001072883606,217600,0.0,0.0
2024-04-04 16:00:00+08:00,0.27000001072883606,0.2750000059604645,0.27000001072883606,0.2750000059604645,555100,0.0,0.0
2024-04-05 09:00:00+08:00,0.2750000059604645,0.2750000059604645,0.27000001072883606,0.2750000059604645,658800,0.0,0.0
2024-04-05 10:00:00+08:00,0.2750000059604645,0.2750000059604645,0.27000001072883606,0.2750000059604645,230100,0.0,0.0
2024-04-05 11:00:00+08:00,0.2750000059604645,0.2750000059604645,0.27000001072883606,0.2750000059604645,609600,0.0,0.0
2024-04-05 12:00:00+08:00,0.27000001072883606,0.27000001072883606,0.27000001072883606,0.27000001072883606,95600,0.0,0.0
2024-04-05 13:00:00+08:00,0.2750000059604645,0.2750000059604645,0.27000001072883606,0.27000001072883606,107400,0.0,0.0
2024-04-05 14:00:00+08:00,0.27000001072883606,0.2750000059604645,0.27000001072883606,0.27000001072883606,241700,0.0,0.0
2024-04-05 15:00:00+08:00,0.27000001072883606,0.2750000059604645,0.27000001072883606,0.2750000059604645,459600,0.0,0.0
2024-04-05 16:00:00+08:00,0.2750000059604645,0.2750000059604645,0.27000001072883606,0.2750000059604645,1067100,0.0,0.0
2024-04-08 09:00:00+08:00,0.27000001072883606,0.2750000059604645,0.27000001072883606,0.27000001072883606,102700,0.0,0.0
2024-04-08 10:00:00+08:00,0.27000001072883606,0.2750000059604645,0.27000001072883606,0.27000001072883606,166200,0.0,0.0
2024-04-08 11:00:00+08:00,0.27000001072883606,0.2750000059604645,0.27000001072883606,0.27000001072883606,275100,0.0,0.0
2024-04-08 12:00:00+08:00,0.27000001072883606,0.27000001072883606,0.27000001072883606,0.27000001072883606,106100,0.0,0.0
2024-04-08 13:00:00+08:00,0.2750000059604645,0.2750000059604645,0.27000001072883606,0.27000001072883606,84500,0.0,0.0
2024-04-08 14:00:00+08:00,0.27000001072883606,0.2750000059604645,0.27000001072883606,0.27000001072883606,308300,0.0,0.0
2024-04-08 15:00:00+08:00,0.27000001072883606,0.2750000059604645,0.27000001072883606,0.27000001072883606,1083300,0.0,0.0
2024-04-08 16:00:00+08:00,0.27000001072883606,0.2750000059604645,0.27000001072883606,0.2750000059604645,712300,0.0,0.0
2024-04-09 09:00:00+08:00,0.27000001072883606,0.2750000059604645,0.27000001072883606,0.27000001072883606,68700,0.0,0.0
2024-04-09 10:00:00+08:00,0.27000001072883606,0.2750000059604645,0.27000001072883606,0.27000001072883606,325900,0.0,0.0
2024-04-09 11:00:00+08:00,0.27000001072883606,0.2750000059604645,0.27000001072883606,0.27000001072883606,101400,0.0,0.0
2024-04-09 12:00:00+08:00,0.27000001072883606,0.27000001072883606,0.27000001072883606,0.27000001072883606,60500,0.0,0.0
2024-04-09 13:00:00+08:00,0.27000001072883606,0.2750000059604645,0.27000001072883606,0.27000001072883606,681800,0.0,0.0
2024-04-09 14:00:00+08:00,0.27000001072883606,0.2750000059604645,0.27000001072883606,0.27000001072883606,163000,0.0,0.0
2024-04-09 15:00:00+08:00,0.27000001072883606,0.2750000059604645,0.27000001072883606,0.27000001072883606,133400,0.0,0.0
2024-04-09 16:00:00+08:00,0.27000001072883606,0.2750000059604645,0.27000001072883606,0.2750000059604645,1642100,0.0,0.0
2024-04-11 09:00:00+08:00,0.27000001072883606,0.2750000059604645,0.27000001072883606,0.27000001072883606,431400,0.0,0.0
2024-04-11 10:00:00+08:00,0.27000001072883606,0.2750000059604645,0.27000001072883606,0.27000001072883606,1428500,0.0,0.0
2024-04-11 11:00:00+08:00,0.27000001072883606,0.2750000059604645,0.27000001072883606,0.2750000059604645,1827500,0.0,0.0
2024-04-11 12:00:00+08:00,0.27000001072883606,0.27000001072883606,0.27000001072883606,0.27000001072883606,53400,0.0,0.0
2024-04-11 13:00:00+08:00,0.27000001072883606,0.2750000059604645,0.27000001072883606,0.27000001072883606,1374000,0.0,0.0
2024-04-11 14:00:00+08:00,0.27000001072883606,0.2750000059604645,0.27000001072883606,0.27000001072883606,433600,0.0,0.0
2024-04-11 15:00:00+08:00,0.27000001072883606,0.2750000059604645,0.27000001072883606,0.2750000059604645,1064500,0.0,0.0
2024-04-11 16:00:00+08:00,0.2750000059604645,0.2750000059604645,0.27000001072883606,0.2750000059604645,4024900,0.0,0.0
2024-04-12 09:00:00+08:00,0.27000001072883606,0.2750000059604645,0.27000001072883606,0.27000001072883606,29000,0.0,0.0
2024-04-12 10:00:00+08:00,0.27000001072883606,0.2750000059604645,0.27000001072883606,0.27000001072883606,161300,0.0,0.0
2024-04-12 11:00:00+08:00,0.27000001072883606,0.2750000059604645,0.27000001072883606,0.27000001072883606,3857400,0.0,0.0
2024-04-12 12:00:00+08:00,0.2750000059604645,0.2750000059604645,0.2750000059604645,0.2750000059604645,556000,0.0,0.0
2024-04-12 13:00:00+08:00,0.27000001072883606,0.2750000059604645,0.27000001072883606,0.27000001072883606,200900,0.0,0.0
2024-04-12 14:00:00+08:00,0.27000001072883606,0.2750000059604645,0.27000001072883606,0.2750000059604645,307900,0.0,0.0
2024-04-12 15:00:00+08:00,0.2750000059604645,0.2750000059604645,0.27000001072883606,0.27000001072883606,184900,0.0,0.0
2024-04-12 16:00:00+08:00,0.27000001072883606,0.2750000059604645,0.27000001072883606,0.27000001072883606,1645800,0.0,0.0
2024-04-15 09:00:00+08:00,0.27000001072883606,0.2750000059604645,0.27000001072883606,0.2750000059604645,71500,0.0,0.0
2024-04-15 10:00:00+08:00,0.2750000059604645,0.2750000059604645,0.27000001072883606,0.2750000059604645,192300,0.0,0.0
2024-04-15 11:00:00+08:00,0.2750000059604645,0.2750000059604645,0.27000001072883606,0.27000001072883606,78100,0.0,0.0
2024-04-15 12:00:00+08:00,0.27000001072883606,0.27000001072883606,0.27000001072883606,0.27000001072883606,28800,0.0,0.0
2024-04-15 13:00:00+08:00,0.27000001072883606,0.2750000059604645,0.27000001072883606,0.27000001072883606,27500,0.0,0.0
2024-04-15 14:00:00+08:00,0.27000001072883606,0.2750000059604645,0.27000001072883606,0.27000001072883606,55600,0.0,0.0
2024-04-15 15:00:00+08:00,0.27000001072883606,0.2750000059604645,0.27000001072883606,0.27000001072883606,78700,0.0,0.0
2024-04-15 16:00:00+08:00,0.27000001072883606,0.2750000059604645,0.27000001072883606,0.2750000059604645,407300,0.0,0.0
2024-04-16 09:00:00+08:00,0.27000001072883606,0.2750000059604645,0.27000001072883606,0.27000001072883606,140200,0.0,0.0
2024-04-16 10:00:00+08:00,0.27000001072883606,0.2750000059604645,0.27000001072883606,0.27000001072883606,97800,0.0,0.0
2024-04-16 11:00:00+08:00,0.27000001072883606,0.2750000059604645,0.27000001072883606,0.2750000059604645,273700,0.0,0.0
2024-04-16 12:00:00+08:00,0.27000001072883606,0.27000001072883606,0.27000001072883606,0.27000001072883606,37700,0.0,0.0
2024-04-16 13:00:00+08:00,0.27000001072883606,0.2750000059604645,0.27000001072883606,0.27000001072883606,142800,0.0,0.0
2024-04-16 14:00:00+08:00,0.27000001072883606,0.2750000059604645,0.27000001072883606,0.2750000059604645,150300,0.0,0.0
2024-04-16 15:00:00+08:00,0.2750000059604645,0.2750000059604645,0.27000001072883606,0.27000001072883606,99900,0.0,0.0
2024-04-16 16:00:00+08:00,0.27000001072883606,0.2750000059604645,0.27000001072883606,0.27000001072883606,230700,0.0,0.0
2024-04-17 09:00:00+08:00,0.27000001072883606,0.2750000059604645,0.27000001072883606,0.2750000059604645,37100,0.0,0.0
2024-04-17 10:00:00+08:00,0.2750000059604645,0.2750000059604645,0.27000001072883606,0.27000001072883606,171300,0.0,0.0
2024-04-17 11:00:00+08:00,0.27000001072883606,0.2750000059604645,0.27000001072883606,0.27000001072883606,242100,0.0,0.0
2024-04-17 12:00:00+08:00,0.27000001072883606,0.2750000059604645,0.27000001072883606,0.2750000059604645,42700,0.0,0.0
2024-04-17 13:00:00+08:00,0.2750000059604645,0.2750000059604645,0.27000001072883606,0.2750000059604645,54000,0.0,0.0
2024-04-17 14:00:00+08:00,0.2750000059604645,0.2750000059604645,0.27000001072883606,0.2750000059604645,113100,0.0,0.0
2024-04-17 15:00:00+08:00,0.2750000059604645,0.2750000059604645,0.27000001072883606,0.2750000059604645,327400,0.0,0.0
2024-04-17 16:00:00+08:00,0.2750000059604645,0.2750000059604645,0.27000001072883606,0.2750000059604645,460200,0.0,0.0
2024-04-18 09:00:00+08:00,0.27000001072883606,0.2750000059604645,0.27000001072883606,0.2750000059604645,2423500,0.0,0.0
2024-04-18 10:00:00+08:00,0.2750000059604645,0.2750000059604645,0.27000001072883606,0.2750000059604645,490600,0.0,0.0
2024-04-18 11:00:00+08:00,0.2750000059604645,0.2750000059604645,0.27000001072883606,0.2750000059604645,1600100,0.0,0.0
2024-04-18 12:00:00+08:00,0.27000001072883606,0.2750000059604645,0.27000001072883606,0.2750000059604645,134600,0.0,0.0
2024-04-18 13:00:00+08:00,0.2750000059604645,0.2750000059604645,0.27000001072883606,0.2750000059604645,237400,0.0,0.0
2024-04-18 14:00:00+08:00,0.2750000059604645,0.2750000059604645,0.27000001072883606,0.2750000059604645,416100,0.0,0.0
2024-04-18 15:00:00+08:00,0.2750000059604645,0.2750000059604645,0.27000001072883606,0.27000001072883606,472700,0.0,0.0
2024-04-18 16:00:00+08:00,0.27000001072883606,0.2750000059604645,0.27000001072883606,0.27000001072883606,1252800,0.0,0.0
2024-04-19 09:00:00+08:00,0.2750000059604645,0.2750000059604645,0.27000001072883606,0.27000001072883606,46400,0.0,0.0
2024-04-19 10:00:00+08:00,0.27000001072883606,0.2750000059604645,0.27000001072883606,0.27000001072883606,640300,0.0,0.0
2024-04-19 11:00:00+08:00,0.27000001072883606,0.2750000059604645,0.27000001072883606,0.27000001072883606,682900,0.0,0.0
2024-04-19 12:00:00+08:00,0.27000001072883606,0.2750000059604645,0.27000001072883606,0.2750000059604645,67200,0.0,0.0
2024-04-19 13:00:00+08:00,0.2750000059604645,0.2750000059604645,0.27000001072883606,0.27000001072883606,289100,0.0,0.0
2024-04-19 14:00:00+08:00,0.27000001072883606,0.2750000059604645,0.27000001072883606,0.27000001072883606,217000,0.0,0.0
2024-04-19 15:00:00+08:00,0.27000001072883606,0.2750000059604645,0.27000001072883606,0.27000001072883606,118700,0.0,0.0
2024-04-19 16:00:00+08:00,0.27000001072883606,0.2750000059604645,0.27000001072883606,0.27000001072883606,920200,0.0,0.0
2024-04-22 09:00:00+08:00,0.27000001072883606,0.2750000059604645,0.27000001072883606,0.27000001072883606,299900,0.0,0.0
2024-04-22 10:00:00+08:00,0.27000001072883606,0.2750000059604645,0.27000001072883606,0.27000001072883606,94800,0.0,0.0
2024-04-22 11:00:00+08:00,0.27000001072883606,0.2750000059604645,0.27000001072883606,0.27000001072883606,147100,0.0,0.0
2024-04-22 12:00:00+08:00,0.27000001072883606,0.2750000059604645,0.27000001072883606,0.2750000059604645,25800,0.0,0.0
2024-04-22 13:00:00+08:00,0.2750000059604645,0.2750000059604645,0.27000001072883606,0.27000001072883606,477300,0.0,0.0
2024-04-22 14:00:00+08:00,0.27000001072883606,0.2750000059604645,0.27000001072883606,0.2750000059604645,75700,0.0,0.0
2024-04-22 15:00:00+08:00,0.2750000059604645,0.2750000059604645,0.27000001072883606,0.2750000059604645,87100,0.0,0.0
2024-04-22 16:00:00+08:00,0.2750000059604645,0.2750000059604645,0.27000001072883606,0.27000001072883606,198000,0.0,0.0
2024-04-23 09:00:00+08:00,0.2750000059604645,0.2750000059604645,0.27000001072883606,0.27000001072883606,3815100,0.0,0.0
2024-04-23 10:00:00+08:00,0.27000001072883606,0.2750000059604645,0.27000001072883606,0.2750000059604645,53100,0.0,0.0
2024-04-23 11:00:00+08:00,0.2750000059604645,0.2750000059604645,0.27000001072883606,0.27000001072883606,92300,0.0,0.0
2024-04-23 12:00:00+08:00,0.27000001072883606,0.27000001072883606,0.27000001072883606,0.27000001072883606,171300,0.0,0.0
2024-04-23 13:00:00+08:00,0.27000001072883606,0.2750000059604645,0.27000001072883606,0.2750000059604645,167300,0.0,0.0
2024-04-23 14:00:00+08:00,0.2750000059604645,0.2750000059604645,0.27000001072883606,0.2750000059604645,58100,0.0,0.0
2024-04-23 15:00:00+08:00,0.2750000059604645,0.2750000059604645,0.27000001072883606,0.2750000059604645,497400,0.0,0.0
2024-04-23 16:00:00+08:00,0.2750000059604645,0.2750000059604645,0.27000001072883606,0.2750000059604645,638600,0.0,0.0
2024-04-24 09:00:00+08:00,0.2750000059604645,0.2750000059604645,0.27000001072883606,0.27000001072883606,150700,0.0,0.0
2024-04-24 10:00:00+08:00,0.27000001072883606,0.2750000059604645,0.27000001072883606,0.2750000059604645,448000,0.0,0.0
2024-04-24 11:00:00+08:00,0.2750000059604645,0.2750000059604645,0.27000001072883606,0.27000001072883606,853200,0.0,0.0
2024-04-24 12:00:00+08:00,0.27000001072883606,0.27000001072883606,0.27000001072883606,0.27000001072883606,144000,0.0,0.0
2024-04-24 13:00:00+08:00,0.27000001072883606,0.2750000059604645,0.27000001072883606,0.2750000059604645,90300,0.0,0.0
2024-04-24 14:00:00+08:00,0.2750000059604645,0.2750000059604645,0.27000001072883606,0.27000001072883606,112300,0.0,0.0
2024-04-24 15:00:00+08:00,0.27000001072883606,0.2750000059604645,0.27000001072883606,0.27000001072883606,185700,0.0,0.0
2024-04-24 16:00:00+08:00,0.27000001072883606,0.2750000059604645,0.27000001072883606,0.27000001072883606,1178200,0.0,0.0
2024-04-25 09:00:00+08:00,0.27000001072883606,0.2750000059604645,0.27000001072883606,0.27000001072883606,465800,0.0,0.0
2024-04-25 10:00:00+08:00,0.27000001072883606,0.2750000059604645,0.27000001072883606,0.27000001072883606,446100,0.0,0.0
2024-04-25 11:00:00+08:00,0.27000001072883606,0.2750000059604645,0.27000001072883606,0.27000001072883606,574800,0.0,0.0
2024-04-25 12:00:00+08:00,0.27000001072883606,0.2750000059604645,0.27000001072883606,0.2750000059604645,55100,0.0,0.0
2024-04-25 13:00:00+08:00,0.2750000059604645,0.2750000059604645,0.27000001072883606,0.27000001072883606,108500,0.0,0.0
2024-04-25 14:00:00+08:00,0.27000001072883606,0.2750000059604645,0.27000001072883606,0.27000001072883606,511500,0.0,0.0
2024-04-25 15:00:00+08:00,0.27000001072883606,0.2750000059604645,0.27000001072883606,0.27000001072883606,305200,0.0,0.0
2024-04-25 16:00:00+08:00,0.27000001072883606,0.2750000059604645,0.27000001072883606,0.2750000059604645,960100,0.0,0.0
2024-04-26 09:00:00+08:00,0.2750000059604645,0.2750000059604645,0.27000001072883606,0.2750000059604645,183600,0.0,0.0
2024-04-26 10:00:00+08:00,0.2750000059604645,0.2750000059604645,0.27000001072883606,0.2750000059604645,104200,0.0,0.0
2024-04-26 11:00:00+08:00,0.2750000059604645,0.2750000059604645,0.27000001072883606,0.2750000059604645,1561400,0.0,0.0
2024-04-26 12:00:00+08:00,0.2750000059604645,0.2750000059604645,0.27000001072883606,0.27000001072883606,61900,0.0,0.0
2024-04-26 13:00:00+08:00,0.27000001072883606,0.2750000059604645,0.27000001072883606,0.2750000059604645,128100,0.0,0.0
2024-04-26 14:00:00+08:00,0.2750000059604645,0.2750000059604645,0.27000001072883606,0.2750000059604645,150900,0.0,0.0
2024-04-26 15:00:00+08:00,0.2750000059604645,0.2750000059604645,0.27000001072883606,0.27000001072883606,132000,0.0,0.0
2024-04-26 16:00:00+08:00,0.27000001072883606,0.2750000059604645,0.27000001072883606,0.27000001072883606,567500,0.0,0.0
2024-04-29 09:00:00+08:00,0.27000001072883606,0.2750000059604645,0.27000001072883606,0.27000001072883606,355000,0.0,0.0
2024-04-29 10:00:00+08:00,0.27000001072883606,0.2750000059604645,0.27000001072883606,0.2750000059604645,153300,0.0,0.0
2024-04-29 11:00:00+08:00,0.2750000059604645,0.2750000059604645,0.27000001072883606,0.27000001072883606,136900,0.0,0.0
2024-04-29 12:00:00+08:00,0.2750000059604645,0.2750000059604645,0.2750000059604645,0.2750000059604645,24800,0.0,0.0
2024-04-29 13:00:00+08:00,0.2750000059604645,0.2750000059604645,0.27000001072883606,0.2750000059604645,95300,0.0,0.0
2024-04-29 14:00:00+08:00,0.2750000059604645,0.2750000059604645,0.27000001072883606,0.2750000059604645,41000,0.0,0.0
2024-04-29 15:00:00+08:00,0.2750000059604645,0.2750000059604645,0.27000001072883606,0.2750000059604645,69900,0.0,0.0
2024-04-29 16:00:00+08:00,0.2750000059604645,0.2750000059604645,0.27000001072883606,0.27000001072883606,164300,0.0,0.0
2024-04-30 09:00:00+08:00,0.2750000059604645,0.2750000059604645,0.27000001072883606,0.2750000059604645,386500,0.0,0.0
2024-04-30 10:00:00+08:00,0.2750000059604645,0.2750000059604645,0.27000001072883606,0.27000001072883606,166000,0.0,0.0
2024-04-30 11:00:00+08:00,0.27000001072883606,0.2750000059604645,0.27000001072883606,0.27000001072883606,495000,0.0,0.0
2024-04-30 12:00:00+08:00,0.27000001072883606,0.2750000059604645,0.27000001072883606,0.2750000059604645,500100,0.0,0.0
2024-04-30 13:00:00+08:00,0.2750000059604645,0.2750000059604645,0.27000001072883606,0.2750000059604645,194700,0.0,0.0
2024-04-30 14:00:00+08:00,0.2750000059604645,0.2750000059604645,0.27000001072883606,0.2750000059604645,81800,0.0,0.0
2024-04-30 15:00:00+08:00,0.2750000059604645,0.2750000059604645,0.27000001072883606,0.27000001072883606,202300,0.0,0.0
2024-04-30 16:00:00+08:00,0.27000001072883606,0.2750000059604645,0.27000001072883606,0.2750000059604645,609800,0.0,0.0
2024-05-02 09:00:00+08:00,0.27000001072883606,0.2750000059604645,0.27000001072883606,0.2750000059604645,212100,0.0,0.0
2024-05-02 10:00:00+08:00,0.2750000059604645,0.2750000059604645,0.27000001072883606,0.2750000059604645,37800,0.0,0.0
2024-05-02 11:00:00+08:00,0.2750000059604645,0.2750000059604645,0.27000001072883606,0.27000001072883606,194600,0.0,0.0
2024-05-02 12:00:00+08:00,0.2750000059604645,0.2750000059604645,0.2750000059604645,0.2750000059604645,40800,0.0,0.0
2024-05-02 13:00:00+08:00,0.27000001072883606,0.2750000059604645,0.27000001072883606,0.2750000059604645,360400,0.0,0.0
2024-05-02 14:00:00+08:00,0.2750000059604645,0.2750000059604645,0.27000001072883606,0.27000001072883606,716700,0.0,0.0
2024-05-02 15:00:00+08:00,0.27000001072883606,0.2750000059604645,0.27000001072883606,0.27000001072883606,247700,0.0,0.0
2024-05-02 16:00:00+08:00,0.27000001072883606,0.2750000059604645,0.27000001072883606,0.27000001072883606,1089800,0.0,0.0
2024-05-03 09:00:00+08:00,0.2750000059604645,0.2750000059604645,0.27000001072883606,0.27000001072883606,76700,0.0,0.0
2024-05-03 10:00:00+08:00,0.27000001072883606,0.2750000059604645,0.27000001072883606,0.27000001072883606,2028600,0.0,0.0
2024-05-03 11:00:00+08:00,0.27000001072883606,0.2750000059604645,0.27000001072883606,0.2750000059604645,364300,0.0,0.0
2024-05-03 12:00:00+08:00,0.27000001072883606,0.27000001072883606,0.27000001072883606,0.27000001072883606,89300,0.0,0.0
2024-05-03 13:00:00+08:00,0.27000001072883606,0.2750000059604645,0.27000001072883606,0.2750000059604645,114000,0.0,0.0
2024-05-03 14:00:00+08:00,0.2750000059604645,0.2750000059604645,0.27000001072883606,0.27000001072883606,28400,0.0,0.0
2024-05-03 15:00:00+08:00,0.27000001072883606,0.2750000059604645,0.27000001072883606,0.2750000059604645,74200,0.0,0.0
2024-05-03 16:00:00+08:00,0.2750000059604645,0.2750000059604645,0.27000001072883606,0.27000001072883606,417100,0.0,0.0
2024-05-06 09:00:00+08:00,0.27000001072883606,0.2750000059604645,0.27000001072883606,0.27000001072883606,131200,0.0,0.0
2024-05-06 10:00:00+08:00,0.27000001072883606,0.2750000059604645,0.27000001072883606,0.27000001072883606,610800,0.0,0.0
2024-05-06 11:00:00+08:00,0.27000001072883606,0.2750000059604645,0.27000001072883606,0.27000001072883606,813900,0.0,0.0
2024-05-06 12:00:00+08:00,0.27000001072883606,0.2750000059604645,0.27000001072883606,0.2750000059604645,77100,0.0,0.0
2024-05-06 13:00:00+08:00,0.2750000059604645,0.2750000059604645,0.27000001072883606,0.2750000059604645,552600,0.0,0.0
2024-05-06 14:00:00+08:00,0.2750000059604645,0.2750000059604645,0.27000001072883606,0.2750000059604645,216600,0.0,0.0
2024-05-06 15:00:00+08:00,0.2750000059604645,0.2750000059604645,0.27000001072883606,0.27000001072883606,2258500,0.0,0.0
2024-05-06 16:00:00+08:00,0.27000001072883606,0.2750000059604645,0.27000001072883606,0.2750000059604645,1955400,0.0,0.0
2024-05-07 09:00:00+08:00,0.26499998569488525,0.2750000059604645,0.25999999046325684,0.26499998569488525,27826900,0.0,0.0
2024-05-07 10:00:00+08:00,0.26499998569488525,0.27000001072883606,0.26499998569488525,0.26499998569488525,1333600,0.0,0.0
2024-05-07 11:00:00+08:00,0.26499998569488525,0.27000001072883606,0.26499998569488525,0.27000001072883606,460900,0.0,0.0
2024-05-07 12:00:00+08:00,0.27000001072883606,0.27000001072883606,0.27000001072883606,0.27000001072883606,103000,0.0,0.0
2024-05-07 13:00:00+08:00,0.26499998569488525,0.27000001072883606,0.26499998569488525,0.26499998569488525,421100,0.0,0.0
2024-05-07 14:00:00+08:00,0.26499998569488525,0.27000001072883606,0.25999999046325684,0.25999999046325684,8406300,0.0,0.0
2024-05-07 15:00:00+08:00,0.25999999046325684,0.27000001072883606,0.25999999046325684,0.27000001072883606,14760100,0.0,0.0
2024-05-07 16:00:00+08:00,0.27000001072883606,0.2750000059604645,0.26499998569488525,0.2750000059604645,6281100,0.0,0.0
2024-05-08 09:00:00+08:00,0.27000001072883606,0.2750000059604645,0.27000001072883606,0.2750000059604645,137900,0.0,0.0
2024-05-08 10:00:00+08:00,0.2750000059604645,0.2750000059604645,0.27000001072883606,0.27000001072883606,764300,0.0,0.0
2024-05-08 11:00:00+08:00,0.27000001072883606,0.2750000059604645,0.27000001072883606,0.27000001072883606,1021700,0.0,0.0
2024-05-08 12:00:00+08:00,0.27000001072883606,0.27000001072883606,0.27000001072883606,0.27000001072883606,84600,0.0,0.0
2024-05-08 13:00:00+08:00,0.27000001072883606,0.2750000059604645,0.27000001072883606,0.2750000059604645,127700,0.0,0.0
2024-05-08 14:00:00+08:00,0.2750000059604645,0.2750000059604645,0.27000001072883606,0.27000001072883606,302900,0.0,0.0
2024-05-08 15:00:00+08:00,0.27000001072883606,0.2750000059604645,0.27000001072883606,0.2750000059604645,330300,0.0,0.0
2024-05-08 16:00:00+08:00,0.2750000059604645,0.2750000059604645,0.27000001072883606,0.27000001072883606,196600,0.0,0.0
2024-05-09 09:00:00+08:00,0.27000001072883606,0.2750000059604645,0.27000001072883606,0.27000001072883606,3748300,0.0,0.0
2024-05-09 10:00:00+08:00,0.27000001072883606,0.2750000059604645,0.27000001072883606,0.2750000059604645,2034500,0.0,0.0
2024-05-09 11:00:00+08:00,0.2750000059604645,0.2750000059604645,0.27000001072883606,0.2750000059604645,261400,0.0,0.0
2024-05-09 12:00:00+08:00,0.27000001072883606,0.27000001072883606,0.27000001072883606,0.27000001072883606,32400,0.0,0.0
2024-05-09 13:00:00+08:00,0.27000001072883606,0.2750000059604645,0.27000001072883606,0.27000001072883606,86300,0.0,0.0
2024-05-09 14:00:00+08:00,0.27000001072883606,0.2750000059604645,0.27000001072883606,0.27000001072883606,143800,0.0,0.0
2024-05-09 15:00:00+08:00,0.27000001072883606,0.2750000059604645,0.27000001072883606,0.27000001072883606,176700,0.0,0.0
2024-05-09 16:00:00+08:00,0.27000001072883606,0.2750000059604645,0.27000001072883606,0.27000001072883606,1579100,0.0,0.0
2024-05-10 09:00:00+08:00,0.27000001072883606,0.2750000059604645,0.27000001072883606,0.27000001072883606,42900,0.0,0.0
2024-05-10 10:00:00+08:00,0.27000001072883606,0.2750000059604645,0.26499998569488525,0.26499998569488525,1807600,0.0,0.0
2024-05-10 11:00:00+08:00,0.26499998569488525,0.27000001072883606,0.26499998569488525,0.26499998569488525,432100,0.0,0.0
2024-05-10 12:00:00+08:00,0.27000001072883606,0.27000001072883606,0.26499998569488525,0.26499998569488525,20000,0.0,0.0
2024-05-10 13:00:00+08:00,0.26499998569488525,0.27000001072883606,0.26499998569488525,0.26499998569488525,67300,0.0,0.0
2024-05-10 14:00:00+08:00,0.26499998569488525,0.27000001072883606,0.26499998569488525,0.27000001072883606,79500,0.0,0.0
2024-05-10 15:00:00+08:00,0.27000001072883606,0.27000001072883606,0.26499998569488525,0.26499998569488525,113900,0.0,0.0
2024-05-10 16:00:00+08:00,0.26499998569488525,0.27000001072883606,0.26499998569488525,0.27000001072883606,636200,0.0,0.0
2024-05-13 09:00:00+08:00,0.26499998569488525,0.27000001072883606,0.26499998569488525,0.26499998569488525,203300,0.0,0.0
2024-05-13 10:00:00+08:00,0.26499998569488525,0.27000001072883606,0.26499998569488525,0.26499998569488525,60100,0.0,0.0
2024-05-13 11:00:00+08:00,0.26499998569488525,0.27000001072883606,0.26499998569488525,0.26499998569488525,127200,0.0,0.0
2024-05-13 12:00:00+08:00,0.26499998569488525,0.26499998569488525,0.26499998569488525,0.26499998569488525,16400,0.0,0.0
2024-05-13 13:00:00+08:00,0.26499998569488525,0.27000001072883606,0.26499998569488525,0.26499998569488525,21600,0.0,0.0
2024-05-13 14:00:00+08:00,0.26499998569488525,0.27000001072883606,0.26499998569488525,0.27000001072883606,50700,0.0,0.0
2024-05-13 15:00:00+08:00,0.27000001072883606,0.27000001072883606,0.26499998569488525,0.26499998569488525,56300,0.0,0.0
2024-05-13 16:00:00+08:00,0.26499998569488525,0.27000001072883606,0.26499998569488525,0.26499998569488525,273600,0.0,0.0
2024-05-14 09:00:00+08:00,0.27000001072883606,0.27000001072883606,0.26499998569488525,0.27000001072883606,88500,0.0,0.0
2024-05-14 10:00:00+08:00,0.27000001072883606,0.27000001072883606,0.26499998569488525,0.27000001072883606,305300,0.0,0.0
2024-05-14 11:00:00+08:00,0.27000001072883606,0.27000001072883606,0.26499998569488525,0.26499998569488525,549300,0.0,0.0
2024-05-14 12:00:00+08:00,0.27000001072883606,0.27000001072883606,0.27000001072883606,0.27000001072883606,76200,0.0,0.0
2024-05-14 13:00:00+08:00,0.27000001072883606,0.27000001072883606,0.26499998569488525,0.27000001072883606,226200,0.0,0.0
2024-05-14 14:00:00+08:00,0.27000001072883606,0.27000001072883606,0.26499998569488525,0.26499998569488525,86400,0.0,0.0
2024-05-14 15:00:00+08:00,0.26499998569488525,0.27000001072883606,0.26499998569488525,0.27000001072883606,200900,0.0,0.0
2024-05-14 16:00:00+08:00,0.27000001072883606,0.27000001072883606,0.26499998569488525,0.26499998569488525,390100,0.0,0.0
2024-05-15 09:00:00+08:00,0.27000001072883606,0.27000001072883606,0.26499998569488525,0.26499998569488525,966800,0.0,0.0
2024-05-15 10:00:00+08:00,0.26499998569488525,0.27000001072883606,0.26499998569488525,0.26499998569488525,366000,0.0,0.0
2024-05-15 11:00:00+08:00,0.26499998569488525,0.27000001072883606,0.26499998569488525,0.27000001072883606,787200,0.0,0.0
2024-05-15 12:00:00+08:00,0.27000001072883606,0.27000001072883606,0.27000001072883606,0.27000001072883606,25300,0.0,0.0
2024-05-15 13:00:00+08:00,0.27000001072883606,0.27000001072883606,0.26499998569488525,0.26499998569488525,389200,0.0,0.0
2024-05-15 14:00:00+08:00,0.26499998569488525,0.27000001072883606,0.25999999046325684,0.27000001072883606,48906500,0.0,0.0
2024-05-15 15:00:00+08:00,0.27000001072883606,0.27000001072883606,0.26499998569488525,0.26499998569488525,13211400,0.0,0.0
2024-05-15 16:00:00+08:00,0.26499998569488525,0.27000001072883606,0.26499998569488525,0.26499998569488525,986300,0.0,0.0
2024-05-16 09:00:00+08:00,0.27000001072883606,0.27000001072883606,0.26499998569488525,0.26499998569488525,1906800,0.0,0.0
2024-05-16 10:00:00+08:00,0.26499998569488525,0.27000001072883606,0.26499998569488525,0.26499998569488525,855600,0.0,0.0
2024-05-16 11:00:00+08:00,0.26499998569488525,0.27000001072883606,0.26499998569488525,0.26499998569488525,1041300,0.0,0.0
2024-05-16 12:00:00+08:00,0.26499998569488525,0.26499998569488525,0.26499998569488525,0.26499998569488525,142100,0.0,0.0
2024-05-16 13:00:00+08:00,0.26499998569488525,0.27000001072883606,0.26499998569488525,0.26499998569488525,215600,0.0,0.0
2024-05-16 14:00:00+08:00,0.26499998569488525,0.27000001072883606,0.26499998569488525,0.26499998569488525,407600,0.0,0.0
2024-05-16 15:00:00+08:00,0.26499998569488525,0.27000001072883606,0.26499998569488525,0.26499998569488525,381300,0.0,0.0
2024-05-16 16:00:00+08:00,0.26499998569488525,0.27000001072883606,0.26499998569488525,0.26499998569488525,881300,0.0,0.0
2024-05-17 09:00:00+08:00,0.26499998569488525,0.27000001072883606,0.26499998569488525,0.27000001072883606,15600,0.0,0.0
2024-05-17 10:00:00+08:00,0.27000001072883606,0.27000001072883606,0.26499998569488525,0.26499998569488525,107500,0.0,0.0
2024-05-17 11:00:00+08:00,0.26499998569488525,0.27000001072883606,0.26499998569488525,0.26499998569488525,368500,0.0,0.0
2024-05-17 12:00:00+08:00,0.26499998569488525,0.26499998569488525,0.26499998569488525,0.26499998569488525,44900,0.0,0.0
2024-05-17 13:00:00+08:00,0.26499998569488525,0.27000001072883606,0.26499998569488525,0.26499998569488525,105000,0.0,0.0
2024-05-17 14:00:00+08:00,0.26499998569488525,0.27000001072883606,0.26499998569488525,0.27000001072883606,196500,0.0,0.0
2024-05-17 15:00:00+08:00,0.27000001072883606,0.27000001072883606,0.26499998569488525,0.26499998569488525,288000,0.0,0.0
2024-05-17 16:00:00+08:00,0.26499998569488525,0.27000001072883606,0.26499998569488525,0.26499998569488525,1494700,0.0,0.0
2024-05-20 09:00:00+08:00,0.26499998569488525,0.27000001072883606,0.26499998569488525,0.26499998569488525,153400,0.0,0.0
2024-05-20 10:00:00+08:00,0.26499998569488525,0.27000001072883606,0.26499998569488525,0.27000001072883606,15769100,0.0,0.0
2024-05-20 11:00:00+08:00,0.27000001072883606,0.2750000059604645,0.27000001072883606,0.27000001072883606,197800,0.0,0.0
2024-05-20 12:00:00+08:00,0.27000001072883606,0.27000001072883606,0.27000001072883606,0.27000001072883606,201800,0.0,0.0
2024-05-20 13:00:00+08:00,0.27000001072883606,0.27000001072883606,0.26499998569488525,0.26499998569488525,5674900,0.0,0.0
2024-05-20 14:00:00+08:00,0.26499998569488525,0.27000001072883606,0.26499998569488525,0.26499998569488525,154800,0.0,0.0
2024-05-20 15:00:00+08:00,0.26499998569488525,0.27000001072883606,0.26499998569488525,0.26499998569488525,105300,0.0,0.0
2024-05-20 16:00:00+08:00,0.26499998569488525,0.27000001072883606,0.26499998569488525,0.27000001072883606,640800,0.0,0.0
2024-05-21 09:00:00+08:00,0.27000001072883606,0.27000001072883606,0.26499998569488525,0.26499998569488525,24700,0.0,0.0
2024-05-21 10:00:00+08:00,0.26499998569488525,0.27000001072883606,0.26499998569488525,0.26499998569488525,51000,0.0,0.0
2024-05-21 11:00:00+08:00,0.26499998569488525,0.27000001072883606,0.26499998569488525,0.26499998569488525,558000,0.0,0.0
2024-05-21 12:00:00+08:00,0.26499998569488525,0.27000001072883606,0.26499998569488525,0.27000001072883606,73600,0.0,0.0
2024-05-21 13:00:00+08:00,0.27000001072883606,0.27000001072883606,0.26499998569488525,0.26499998569488525,311900,0.0,0.0
2024-05-21 14:00:00+08:00,0.26499998569488525,0.27000001072883606,0.26499998569488525,0.26499998569488525,222400,0.0,0.0
2024-05-21 15:00:00+08:00,0.26499998569488525,0.27000001072883606,0.26499998569488525,0.26499998569488525,367500,0.0,0.0
2024-05-21 16:00:00+08:00,0.26499998569488525,0.27000001072883606,0.26499998569488525,0.26499998569488525,635500,0.0,0.0
2024-05-23 09:00:00+08:00,0.26499998569488525,0.2750000059604645,0.26499998569488525,0.2750000059604645,39323400,0.0,0.0
2024-05-23 10:00:00+08:00,0.2750000059604645,0.2750000059604645,0.27000001072883606,0.2750000059604645,552000,0.0,0.0
2024-05-23 11:00:00+08:00,0.2750000059604645,0.2750000059604645,0.27000001072883606,0.2750000059604645,505200,0.0,0.0
2024-05-23 12:00:00+08:00,0.27000001072883606,0.27000001072883606,0.27000001072883606,0.27000001072883606,259900,0.0,0.0
2024-05-23 13:00:00+08:00,0.27000001072883606,0.2750000059604645,0.26499998569488525,0.26499998569488525,3981400,0.0,0.0
2024-05-23 14:00:00+08:00,0.26499998569488525,0.27000001072883606,0.26499998569488525,0.27000001072883606,328100,0.0,0.0
2024-05-23 15:00:00+08:00,0.27000001072883606,0.27000001072883606,0.26499998569488525,0.27000001072883606,224400,0.0,0.0
2024-05-23 16:00:00+08:00,0.27000001072883606,0.27000001072883606,0.26499998569488525,0.26499998569488525,607300,0.0,0.0
2024-05-24 09:00:00+08:00,0.27000001072883606,0.27000001072883606,0.26499998569488525,0.26499998569488525,275900,0.0,0.0
2024-05-24 10:00:00+08:00,0.26499998569488525,0.27000001072883606,0.26499998569488525,0.27000001072883606,570700,0.0,0.0
2024-05-24 11:00:00+08:00,0.27000001072883606,0.27000001072883606,0.26499998569488525,0.27000001072883606,1131000,0.0,0.0
2024-05-24 12:00:00+08:00,0.26499998569488525,0.27000001072883606,0.26499998569488525,0.27000001072883606,107700,0.0,0.0
2024-05-24 13:00:00+08:00,0.27000001072883606,0.27000001072883606,0.26499998569488525,0.26499998569488525,330600,0.0,0.0
2024-05-24 14:00:00+08:00,0.26499998569488525,0.26499998569488525,0.26499998569488525,0.26499998569488525,403400,0.0,0.0
2024-05-24 15:00:00+08:00,0.26499998569488525,0.26499998569488525,0.26499998569488525,0.26499998569488525,534000,0.0,0.0
2024-05-24 16:00:00+08:00,0.26499998569488525,0.27000001072883606,0.26499998569488525,0.26499998569488525,1169300,0.0,0.0
2024-05-27 10:00:00+08:00,0.26499998569488525,0.26499998569488525,0.26499998569488525,0.26499998569488525,268500,0.0,0.0
2024-05-27 11:00:00+08:00,0.26499998569488525,0.27000001072883606,0.26499998569488525,0.26499998569488525,142500,0.0,0.0
2024-05-27 12:00:00+08:00,0.26499998569488525,0.26499998569488525,0.26499998569488525,0.26499998569488525,154300,0.0,0.0
2024-05-27 13:00:00+08:00,0.27000001072883606,0.27000001072883606,0.26499998569488525,0.26499998569488525,319200,0.0,0.0
2024-05-27 14:00:00+08:00,0.26499998569488525,0.27000001072883606,0.26499998569488525,0.27000001072883606,228000,0.0,0.0
2024-05-27 15:00:00+08:00,0.27000001072883606,0.27000001072883606,0.26499998569488525,0.26499998569488525,204500,0.0,0.0
2024-05-27 16:00:00+08:00,0.26499998569488525,0.27000001072883606,0.26499998569488525,0.26499998569488525,182400,0.0,0.0
2024-05-28 09:00:00+08:00,0.26499998569488525,0.27000001072883606,0.26499998569488525,0.26499998569488525,963700,0.0,0.0
2024-05-28 10:00:00+08:00,0.26499998569488525,0.27000001072883606,0.26499998569488525,0.27000001072883606,107000,0.0,0.0
2024-05-28 11:00:00+08:00,0.27000001072883606,0.27000001072883606,0.26499998569488525,0.26499998569488525,45700,0.0,0.0
2024-05-28 12:00:00+08:00,0.26499998569488525,0.26499998569488525,0.26499998569488525,0.26499998569488525,26300,0.0,0.0
2024-05-28 13:00:00+08:00,0.26499998569488525,0.27000001072883606,0.26499998569488525,0.27000001072883606,82900,0.0,0.0
2024-05-28 14:00:00+08:00,0.27000001072883606,0.27000001072883606,0.26499998569488525,0.27000001072883606,36900,0.0,0.0
2024-05-28 15:00:00+08:00,0.27000001072883606,0.27000001072883606,0.26499998569488525,0.26499998569488525,72300,0.0,0.0
2024-05-28 16:00:00+08:00,0.26499998569488525,0.27000001072883606,0.26499998569488525,0.27000001072883606,224000,0.0,0.0
2024-05-29 09:00:00+08:00,0.26499998569488525,0.26499998569488525,0.26499998569488525,0.26499998569488525,562500,0.0,0.0
2024-05-29 10:00:00+08:00,0.26499998569488525,0.27000001072883606,0.26499998569488525,0.26499998569488525,155000,0.0,0.0
2024-05-29 11:00:00+08:00,0.26499998569488525,0.27000001072883606,0.26499998569488525,0.27000001072883606,224800,0.0,0.0
2024-05-29 12:00:00+08:00,0.26499998569488525,0.26499998569488525,0.26499998569488525,0.26499998569488525,83000,0.0,0.0
2024-05-29 13:00:00+08:00,0.26499998569488525,0.27000001072883606,0.26499998569488525,0.26499998569488525,73500,0.0,0.0
2024-05-29 14:00:00+08:00,0.26499998569488525,0.27000001072883606,0.26499998569488525,0.26499998569488525,251000,0.0,0.0
2024-05-29 15:00:00+08:00,0.26499998569488525,0.27000001072883606,0.26499998569488525,0.26499998569488525,429900,0.0,0.0
2024-05-29 16:00:00+08:00,0.26499998569488525,0.27000001072883606,0.26499998569488525,0.26499998569488525,1292600,0.0,0.0
2024-05-30 09:00:00+08:00,0.26499998569488525,0.27000001072883606,0.26499998569488525,0.26499998569488525,79800,0.0,0.0
2024-05-30 10:00:00+08:00,0.26499998569488525,0.27000001072883606,0.26499998569488525,0.26499998569488525,173800,0.0,0.0
2024-05-30 11:00:00+08:00,0.26499998569488525,0.27000001072883606,0.26499998569488525,0.26499998569488525,223800,0.0,0.0
2024-05-30 12:00:00+08:00,0.26499998569488525,0.26499998569488525,0.26499998569488525,0.26499998569488525,37200,0.0,0.0
2024-05-30 13:00:00+08:00,0.26499998569488525,0.27000001072883606,0.26499998569488525,0.27000001072883606,11800,0.0,0.0
2024-05-30 14:00:00+08:00,0.27000001072883606,0.27000001072883606,0.26499998569488525,0.26499998569488525,73300,0.0,0.0
2024-05-30 15:00:00+08:00,0.26499998569488525,0.27000001072883606,0.26499998569488525,0.26499998569488525,225500,0.0,0.0
2024-05-30 16:00:00+08:00,0.26499998569488525,0.27000001072883606,0.26499998569488525,0.26499998569488525,559700,0.0,0.0
2024-05-31 09:00:00+08:00,0.26499998569488525,0.27000001072883606,0.26499998569488525,0.26499998569488525,664300,0.0,0.0
2024-05-31 10:00:00+08:00,0.26499998569488525,0.27000001072883606,0.26499998569488525,0.26499998569488525,260700,0.0,0.0
2024-05-31 11:00:00+08:00,0.26499998569488525,0.27000001072883606,0.26499998569488525,0.26499998569488525,404600,0.0,0.0
2024-05-31 12:00:00+08:00,0.26499998569488525,0.26499998569488525,0.26499998569488525,0.26499998569488525,37800,0.0,0.0
2024-05-31 13:00:00+08:00,0.26499998569488525,0.27000001072883606,0.26499998569488525,0.26499998569488525,341100,0.0,0.0
2024-05-31 14:00:00+08:00,0.26499998569488525,0.27000001072883606,0.26499998569488525,0.26499998569488525,1076300,0.0,0.0
2024-05-31 15:00:00+08:00,0.26499998569488525,0.27000001072883606,0.25999999046325684,0.26499998569488525,68589400,0.0,0.0
2024-05-31 16:00:00+08:00,0.26499998569488525,0.27000001072883606,0.26499998569488525,0.26499998569488525,1311000,0.0,0.0
2024-06-03 09:00:00+08:00,0.26499998569488525,0.26499998569488525,0.26499998569488525,0.26499998569488525,259400,0.0,0.0
2024-06-03 10:00:00+08:00,0.26499998569488525,0.27000001072883606,0.26499998569488525,0.26499998569488525,677400,0.0,0.0
2024-06-03 11:00:00+08:00,0.26499998569488525,0.27000001072883606,0.26499998569488525,0.26499998569488525,535300,0.0,0.0
2024-06-03 12:00:00+08:00,0.26499998569488525,0.26499998569488525,0.26499998569488525,0.26499998569488525,102800,0.0,0.0
2024-06-03 13:00:00+08:00,0.26499998569488525,0.27000001072883606,0.26499998569488525,0.26499998569488525,68500,0.0,0.0
2024-06-03 14:00:00+08:00,0.26499998569488525,0.27000001072883606,0.26499998569488525,0.26499998569488525,395200,0.0,0.0
2024-06-03 15:00:00+08:00,0.26499998569488525,0.27000001072883606,0.26499998569488525,0.26499998569488525,511300,0.0,0.0
2024-06-03 16:00:00+08:00,0.26499998569488525,0.27000001072883606,0.26499998569488525,0.26499998569488525,825100,0.0,0.0
2024-06-04 09:00:00+08:00,0.26499998569488525,0.27000001072883606,0.26499998569488525,0.26499998569488525,43100,0.0,0.0
2024-06-04 10:00:00+08:00,0.26499998569488525,0.27000001072883606,0.26499998569488525,0.26499998569488525,77000,0.0,0.0
2024-06-04 11:00:00+08:00,0.26499998569488525,0.27000001072883606,0.26499998569488525,0.26499998569488525,884100,0.0,0.0
2024-06-04 13:00:00+08:00,0.27000001072883606,0.27000001072883606,0.26499998569488525,0.26499998569488525,976800,0.0,0.0
2024-06-04 14:00:00+08:00,0.26499998569488525,0.27000001072883606,0.26499998569488525,0.26499998569488525,360000,0.0,0.0
2024-06-04 15:00:00+08:00,0.26499998569488525,0.27000001072883606,0.26499998569488525,0.26499998569488525,301400,0.0,0.0
2024-06-04 16:00:00+08:00,0.26499998569488525,0.27000001072883606,0.26499998569488525,0.26499998569488525,1032000,0.0,0.0
2024-06-05 09:00:00+08:00,0.27000001072883606,0.27000001072883606,0.26499998569488525,0.26499998569488525,141400,0.0,0.0
2024-06-05 10:00:00+08:00,0.26499998569488525,0.27000001072883606,0.26499998569488525,0.26499998569488525,103800,0.0,0.0
2024-06-05 11:00:00+08:00,0.26499998569488525,0.27000001072883606,0.26499998569488525,0.27000001072883606,60400,0.0,0.0
2024-06-05 12:00:00+08:00,0.26499998569488525,0.26499998569488525,0.26499998569488525,0.26499998569488525,42500,0.0,0.0
2024-06-05 13:00:00+08:00,0.26499998569488525,0.27000001072883606,0.26499998569488525,0.26499998569488525,27400,0.0,0.0
2024-06-05 14:00:00+08:00,0.26499998569488525,0.27000001072883606,0.26499998569488525,0.26499998569488525,57600,0.0,0.0
2024-06-05 15:00:00+08:00,0.26499998569488525,0.27000001072883606,0.26499998569488525,0.26499998569488525,415500,0.0,0.0
2024-06-05 16:00:00+08:00,0.26499998569488525,0.27000001072883606,0.26499998569488525,0.27000001072883606,349600,0.0,0.0
2024-06-06 09:00:00+08:00,0.26499998569488525,0.27000001072883606,0.26499998569488525,0.26499998569488525,769800,0.0,0.0
2024-06-06 10:00:00+08:00,0.26499998569488525,0.27000001072883606,0.26499998569488525,0.26499998569488525,877600,0.0,0.0
2024-06-06 11:00:00+08:00,0.26499998569488525,0.27000001072883606,0.25999999046325684,0.26499998569488525,3272500,0.0,0.0
2024-06-06 12:00:00+08:00,0.26499998569488525,0.26499998569488525,0.26499998569488525,0.26499998569488525,137000,0.0,0.0
2024-06-06 13:00:00+08:00,0.26499998569488525,0.27000001072883606,0.25999999046325684,0.26499998569488525,6507900,0.0,0.0
2024-06-06 14:00:00+08:00,0.26499998569488525,0.27000001072883606,0.26499998569488525,0.26499998569488525,197800,0.0,0.0
2024-06-06 15:00:00+08:00,0.26499998569488525,0.27000001072883606,0.26499998569488525,0.26499998569488525,605500,0.0,0.0
2024-06-06 16:00:00+08:00,0.26499998569488525,0.27000001072883606,0.26499998569488525,0.26499998569488525,978700,0.0,0.0
2024-06-07 09:00:00+08:00,0.26499998569488525,0.27000001072883606,0.26499998569488525,0.27000001072883606,575500,0.0,0.0
2024-06-07 10:00:00+08:00,0.27000001072883606,0.27000001072883606,0.26499998569488525,0.26499998569488525,536200,0.0,0.0
2024-06-07 11:00:00+08:00,0.26499998569488525,0.27000001072883606,0.26499998569488525,0.26499998569488525,587000,0.0,0.0
2024-06-07 12:00:00+08:00,0.26499998569488525,0.26499998569488525,0.26499998569488525,0.26499998569488525,58000,0.0,0.0
2024-06-07 13:00:00+08:00,0.26499998569488525,0.27000001072883606,0.26499998569488525,0.26499998569488525,38600,0.0,0.0
2024-06-07 14:00:00+08:00,0.26499998569488525,0.27000001072883606,0.26499998569488525,0.26499998569488525,235100,0.0,0.0
2024-06-07 15:00:00+08:00,0.26499998569488525,0.27000001072883606,0.26499998569488525,0.27000001072883606,626500,0.0,0.0
2024-06-07 16:00:00+08:00,0.27000001072883606,0.27000001072883606,0.26499998569488525,0.26499998569488525,777200,0.0,0.0
2024-06-10 09:00:00+08:00,0.26499998569488525,0.27000001072883606,0.26499998569488525,0.26499998569488525,113600,0.0,0.0
2024-06-10 10:00:00+08:00,0.26499998569488525,0.27000001072883606,0.26499998569488525,0.26499998569488525,831600,0.0,0.0
2024-06-10 11:00:00+08:00,0.26499998569488525,0.27000001072883606,0.26499998569488525,0.27000001072883606,1275600,0.0,0.0
2024-06-10 12:00:00+08:00,0.26499998569488525,0.27000001072883606,0.26499998569488525,0.27000001072883606,53100,0.0,0.0
2024-06-10 13:00:00+08:00,0.27000001072883606,0.27000001072883606,0.26499998569488525,0.26499998569488525,183400,0.0,0.0
2024-06-10 14:00:00+08:00,0.26499998569488525,0.27000001072883606,0.26499998569488525,0.26499998569488525,451800,0.0,0.0
2024-06-10 15:00:00+08:00,0.26499998569488525,0.27000001072883606,0.25999999046325684,0.26499998569488525,3772800,0.0,0.0
2024-06-10 16:00:00+08:00,0.26499998569488525,0.27000001072883606,0.26499998569488525,0.27000001072883606,1889600,0.0,0.0
2024-06-11 09:00:00+08:00,0.27000001072883606,0.27000001072883606,0.26499998569488525,0.27000001072883606,37616300,0.0,0.0
2024-06-11 10:00:00+08:00,0.27000001072883606,0.27000001072883606,0.26499998569488525,0.27000001072883606,315600,0.0,0.0
2024-06-11 11:00:00+08:00,0.27000001072883606,0.27000001072883606,0.26499998569488525,0.26499998569488525,705700,0.0,0.0
2024-06-11 12:00:00+08:00,0.27000001072883606,0.27000001072883606,0.26499998569488525,0.26499998569488525,86200,0.0,0.0
2024-06-11 13:00:00+08:00,0.26499998569488525,0.27000001072883606,0.26499998569488525,0.27000001072883606,201000,0.0,0.0
2024-06-11 14:00:00+08:00,0.27000001072883606,0.27000001072883606,0.26499998569488525,0.26499998569488525,391500,0.0,0.0
2024-06-11 15:00:00+08:00,0.26499998569488525,0.27000001072883606,0.26499998569488525,0.27000001072883606,647000,0.0,0.0
2024-06-11 16:00:00+08:00,0.27000001072883606,0.27000001072883606,0.26499998569488525,0.27000001072883606,1138800,0.0,0.0
2024-06-12 09:00:00+08:00,0.27000001072883606,0.27000001072883606,0.26499998569488525,0.26499998569488525,15200,0.0,0.0
2024-06-12 10:00:00+08:00,0.26499998569488525,0.27000001072883606,0.26499998569488525,0.26499998569488525,66400,0.0,0.0
2024-06-12 11:00:00+08:00,0.26499998569488525,0.27000001072883606,0.26499998569488525,0.26499998569488525,143000,0.0,0.0
2024-06-12 12:00:00+08:00,0.27000001072883606,0.27000001072883606,0.27000001072883606,0.27000001072883606,18200,0.0,0.0
2024-06-12 13:00:00+08:00,0.26499998569488525,0.27000001072883606,0.26499998569488525,0.27000001072883606,76000,0.0,0.0
2024-06-12 14:00:00+08:00,0.27000001072883606,0.27000001072883606,0.26499998569488525,0.27000001072883606,389100,0.0,0.0
2024-06-12 15:00:00+08:00,0.27000001072883606,0.27000001072883606,0.26499998569488525,0.26499998569488525,121900,0.0,0.0
2024-06-12 16:00:00+08:00,0.26499998569488525,0.27000001072883606,0.26499998569488525,0.27000001072883606,701600,0.0,0.0
2024-06-13 09:00:00+08:00,0.26499998569488525,0.27000001072883606,0.26499998569488525,0.26499998569488525,333000,0.0,0.0
2024-06-13 10:00:00+08:00,0.26499998569488525,0.27000001072883606,0.26499998569488525,0.26499998569488525,158900,0.0,0.0
2024-06-13 11:00:00+08:00,0.26499998569488525,0.27000001072883606,0.26499998569488525,0.27000001072883606,256000,0.0,0.0
2024-06-13 12:00:00+08:00,0.26499998569488525,0.26499998569488525,0.26499998569488525,0.26499998569488525,111200,0.0,0.0
2024-06-13 13:00:00+08:00,0.26499998569488525,0.27000001072883606,0.26499998569488525,0.27000001072883606,59500,0.0,0.0
2024-06-13 14:00:00+08:00,0.27000001072883606,0.27000001072883606,0.26499998569488525,0.26499998569488525,4024500,0.0,0.0
2024-06-13 15:00:00+08:00,0.26499998569488525,0.27000001072883606,0.26499998569488525,0.26499998569488525,718000,0.0,0.0
2024-06-13 16:00:00+08:00,0.26499998569488525,0.27000001072883606,0.26499998569488525,0.27000001072883606,1651900,0.0,0.0
2024-06-14 09:00:00+08:00,0.26499998569488525,0.27000001072883606,0.26499998569488525,0.26499998569488525,141000,0.0,0.0
2024-06-14 10:00:00+08:00,0.26499998569488525,0.27000001072883606,0.26499998569488525,0.26499998569488525,357700,0.0,0.0
2024-06-14 11:00:00+08:00,0.26499998569488525,0.27000001072883606,0.26499998569488525,0.26499998569488525,250500,0.0,0.0
2024-06-14 12:00:00+08:00,0.26499998569488525,0.26499998569488525,0.26499998569488525,0.26499998569488525,48400,0.0,0.0
2024-06-14 13:00:00+08:00,0.26499998569488525,0.27000001072883606,0.26499998569488525,0.26499998569488525,250700,0.0,0.0
2024-06-14 14:00:00+08:00,0.26499998569488525,0.27000001072883606,0.26499998569488525,0.27000001072883606,303500,0.0,0.0
2024-06-14 15:00:00+08:00,0.27000001072883606,0.27000001072883606,0.26499998569488525,0.26499998569488525,1163600,0.0,0.0
2024-06-14 16:00:00+08:00,0.26499998569488525,0.27000001072883606,0.25999999046325684,0.26499998569488525,6243400,0.0,0.0
2024-06-18 09:00:00+08:00,0.26499998569488525,0.27000001072883606,0.26499998569488525,0.27000001072883606,3937000,0.0,0.0
2024-06-18 10:00:00+08:00,0.27000001072883606,0.27000001072883606,0.26499998569488525,0.27000001072883606,2890800,0.0,0.0
2024-06-18 11:00:00+08:00,0.27000001072883606,0.2750000059604645,0.26499998569488525,0.2750000059604645,40636500,0.0,0.0
2024-06-18 12:00:00+08:00,0.2750000059604645,0.2750000059604645,0.2750000059604645,0.2750000059604645,401100,0.0,0.0
2024-06-18 13:00:00+08:00,0.2750000059604645,0.2750000059604645,0.27000001072883606,0.27000001072883606,1602300,0.0,0.0
2024-06-18 14:00:00+08:00,0.27000001072883606,0.2750000059604645,0.26499998569488525,0.27000001072883606,8264300,0.0,0.0
2024-06-18 15:00:00+08:00,0.27000001072883606,0.27000001072883606,0.26499998569488525,0.26499998569488525,1977400,0.0,0.0
2024-06-18 16:00:00+08:00,0.26499998569488525,0.2750000059604645,0.26499998569488525,0.27000001072883606,6662200,0.0,0.0
2024-06-19 09:00:00+08:00,0.27000001072883606,0.2750000059604645,0.26499998569488525,0.27000001072883606,1809100,0.0,0.0
2024-06-19 10:00:00+08:00,0.27000001072883606,0.27000001072883606,0.26499998569488525,0.26499998569488525,398900,0.0,0.0
2024-06-19 11:00:00+08:00,0.26499998569488525,0.27000001072883606,0.26499998569488525,0.27000001072883606,1051300,0.0,0.0
2024-06-19 12:00:00+08:00,0.27000001072883606,0.27000001072883606,0.27000001072883606,0.27000001072883606,141900,0.0,0.0
2024-06-19 13:00:00+08:00,0.27000001072883606,0.2750000059604645,0.26499998569488525,0.27000001072883606,3678400,0.0,0.0
2024-06-19 14:00:00+08:00,0.27000001072883606,0.2750000059604645,0.27000001072883606,0.27000001072883606,1069400,0.0,0.0
2024-06-19 15:00:00+08:00,0.27000001072883606,0.2750000059604645,0.27000001072883606,0.2750000059604645,2228100,0.0,0.0
2024-06-19 16:00:00+08:00,0.2750000059604645,0.2750000059604645,0.27000001072883606,0.2750000059604645,4819200,0.0,0.0
2024-06-20 09:00:00+08:00,0.2750000059604645,0.2750000059604645,0.27000001072883606,0.2750000059604645,198600,0.0,0.0
2024-06-20 10:00:00+08:00,0.2750000059604645,0.2750000059604645,0.27000001072883606,0.2750000059604645,235600,0.0,0.0
2024-06-20 11:00:00+08:00,0.2750000059604645,0.2750000059604645,0.27000001072883606,0.2750000059604645,1619100,0.0,0.0
2024-06-20 12:00:00+08:00,0.2750000059604645,0.2750000059604645,0.2750000059604645,0.2750000059604645,153000,0.0,0.0
2024-06-20 13:00:00+08:00,0.2750000059604645,0.2750000059604645,0.27000001072883606,0.2750000059604645,1032000,0.0,0.0
2024-06-20 14:00:00+08:00,0.2750000059604645,0.2750000059604645,0.27000001072883606,0.2750000059604645,1289200,0.0,0.0
2024-06-20 15:00:00+08:00,0.2750000059604645,0.2750000059604645,0.27000001072883606,0.2750000059604645,1730900,0.0,0.0
2024-06-20 16:00:00+08:00,0.2750000059604645,0.2849999964237213,0.27000001072883606,0.2849999964237213,33336400,0.0,0.0
2024-06-21 09:00:00+08:00,0.2849999964237213,0.2849999964237213,0.2800000011920929,0.2800000011920929,1484800,0.0,0.0
2024-06-21 10:00:00+08:00,0.2800000011920929,0.2849999964237213,0.2800000011920929,0.2800000011920929,619700,0.0,0.0
2024-06-21 11:00:00+08:00,0.2800000011920929,0.2849999964237213,0.2800000011920929,0.2849999964237213,1070300,0.0,0.0
2024-06-21 12:00:00+08:00,0.2800000011920929,0.2800000011920929,0.2800000011920929,0.2800000011920929,240500,0.0,0.0
2024-06-21 13:00:00+08:00,0.2800000011920929,0.2849999964237213,0.2800000011920929,0.2849999964237213,715100,0.0,0.0
2024-06-21 14:00:00+08:00,0.2849999964237213,0.2849999964237213,0.2800000011920929,0.2800000011920929,1371300,0.0,0.0
2024-06-21 15:00:00+08:00,0.2800000011920929,0.2849999964237213,0.2800000011920929,0.2849999964237213,2761400,0.0,0.0
2024-06-21 16:00:00+08:00,0.2849999964237213,0.2849999964237213,0.2800000011920929,0.2849999964237213,5621600,0.0,0.0
2024-06-24 09:00:00+08:00,0.2800000011920929,0.2800000011920929,0.2750000059604645,0.2750000059604645,116700,0.0,0.0
2024-06-24 10:00:00+08:00,0.2750000059604645,0.2800000011920929,0.2750000059604645,0.2800000011920929,100200,0.0,0.0
2024-06-24 11:00:00+08:00,0.2800000011920929,0.2800000011920929,0.2750000059604645,0.2800000011920929,678500,0.0,0.0
2024-06-24 12:00:00+08:00,0.2750000059604645,0.2800000011920929,0.2750000059604645,0.2800000011920929,178100,0.0,0.0
2024-06-24 13:00:00+08:00,0.2800000011920929,0.2800000011920929,0.2750000059604645,0.2800000011920929,632300,0.0,0.0
2024-06-24 14:00:00+08:00,0.2800000011920929,0.2800000011920929,0.27000001072883606,0.27000001072883606,8579700,0.0,0.0
2024-06-24 15:00:00+08:00,0.27000001072883606,0.2750000059604645,0.27000001072883606,0.27000001072883606,938500,0.0,0.0
2024-06-24 16:00:00+08:00,0.27000001072883606,0.2750000059604645,0.27000001072883606,0.2750000059604645,2974500,0.0,0.0
2024-06-25 09:00:00+08:00,0.2750000059604645,0.2800000011920929,0.2750000059604645,0.2800000011920929,2078500,0.0,0.0
2024-06-25 10:00:00+08:00,0.2800000011920929,0.2800000011920929,0.2750000059604645,0.2750000059604645,89700,0.0,0.0
2024-06-25 11:00:00+08:00,0.2750000059604645,0.2800000011920929,0.2750000059604645,0.2750000059604645,302300,0.0,0.0
2024-06-25 12:00:00+08:00,0.2800000011920929,0.2800000011920929,0.2800000011920929,0.2800000011920929,41100,0.0,0.0
2024-06-25 13:00:00+08:00,0.2800000011920929,0.2800000011920929,0.2750000059604645,0.2750000059604645,20400,0.0,0.0
2024-06-25 14:00:00+08:00,0.2750000059604645,0.2800000011920929,0.2750000059604645,0.2750000059604645,119400,0.0,0.0
2024-06-25 15:00:00+08:00,0.2750000059604645,0.2800000011920929,0.2750000059604645,0.2800000011920929,495400,0.0,0.0
2024-06-25 16:00:00+08:00,0.2800000011920929,0.2800000011920929,0.2750000059604645,0.2750000059604645,544400,0.0,0.0
2024-06-26 09:00:00+08:00,0.2750000059604645,0.2750000059604645,0.27000001072883606,0.2750000059604645,252300,0.0,0.0
2024-06-26 10:00:00+08:00,0.2750000059604645,0.2750000059604645,0.27000001072883606,0.2750000059604645,211000,0.0,0.0
2024-06-26 11:00:00+08:00,0.2750000059604645,0.2750000059604645,0.27000001072883606,0.27000001072883606,769800,0.0,0.0
2024-06-26 12:00:00+08:00,0.27000001072883606,0.27000001072883606,0.27000001072883606,0.27000001072883606,1347000,0.0,0.0
2024-06-26 13:00:00+08:00,0.2750000059604645,0.2750000059604645,0.27000001072883606,0.2750000059604645,183400,0.0,0.0
2024-06-26 14:00:00+08:00,0.2750000059604645,0.2750000059604645,0.27000001072883606,0.2750000059604645,625100,0.0,0.0
2024-06-26 15:00:00+08:00,0.2750000059604645,0.2750000059604645,0.27000001072883606,0.2750000059604645,349900,0.0,0.0
2024-06-26 16:00:00+08:00,0.2750000059604645,0.2750000059604645,0.27000001072883606,0.27000001072883606,1745200,0.0,0.0
2024-06-27 09:00:00+08:00,0.27000001072883606,0.27000001072883606,0.27000001072883606,0.27000001072883606,200,0.0,0.0
2024-06-27 10:00:00+08:00,0.27000001072883606,0.2750000059604645,0.27000001072883606,0.27000001072883606,341800,0.0,0.0
2024-06-27 11:00:00+08:00,0.27000001072883606,0.2750000059604645,0.27000001072883606,0.2750000059604645,607800,0.0,0.0
2024-06-27 12:00:00+08:00,0.27000001072883606,0.27000001072883606,0.27000001072883606,0.27000001072883606,94600,0.0,0.0
2024-06-27 13:00:00+08:00,0.27000001072883606,0.2750000059604645,0.27000001072883606,0.27000001072883606,98700,0.0,0.0
2024-06-27 14:00:00+08:00,0.27000001072883606,0.2750000059604645,0.27000001072883606,0.27000001072883606,632700,0.0,0.0
2024-06-27 15:00:00+08:00,0.27000001072883606,0.2750000059604645,0.27000001072883606,0.27000001072883606,683800,0.0,0.0
2024-06-27 16:00:00+08:00,0.27000001072883606,0.2750000059604645,0.27000001072883606,0.27000001072883606,3820100,0.0,0.0
2024-06-28 09:00:00+08:00,0.27000001072883606,0.2750000059604645,0.27000001072883606,0.27000001072883606,1498200,0.0,0.0
2024-06-28 10:00:00+08:00,0.27000001072883606,0.2750000059604645,0.27000001072883606,0.27000001072883606,178200,0.0,0.0
2024-06-28 11:00:00+08:00,0.27000001072883606,0.2750000059604645,0.27000001072883606,0.27000001072883606,314200,0.0,0.0
2024-06-28 12:00:00+08:00,0.27000001072883606,0.27000001072883606,0.27000001072883606,0.27000001072883606,252600,0.0,0.0
2024-06-28 13:00:00+08:00,0.27000001072883606,0.2750000059604645,0.27000001072883606,0.27000001072883606,186600,0.0,0.0
2024-06-28 14:00:00+08:00,0.27000001072883606,0.2750000059604645,0.27000001072883606,0.27000001072883606,545700,0.0,0.0
2024-06-28 15:00:00+08:00,0.27000001072883606,0.2750000059604645,0.27000001072883606,0.27000001072883606,571600,0.0,0.0
2024-06-28 16:00:00+08:00,0.27000001072883606,0.2750000059604645,0.27000001072883606,0.2750000059604645,1909800,0.0,0.0
2024-07-01 09:00:00+08:00,0.27000001072883606,0.27000001072883606,0.27000001072883606,0.27000001072883606,11700,0.0,0.0
2024-07-01 10:00:00+08:00,0.27000001072883606,0.2750000059604645,0.27000001072883606,0.27000001072883606,29100,0.0,0.0
2024-07-01 11:00:00+08:00,0.27000001072883606,0.2750000059604645,0.27000001072883606,0.27000001072883606,46500,0.0,0.0
2024-07-01 12:00:00+08:00,0.27000001072883606,0.27000001072883606,0.27000001072883606,0.27000001072883606,46300,0.0,0.0
2024-07-01 13:00:00+08:00,0.27000001072883606,0.2750000059604645,0.27000001072883606,0.27000001072883606,96100,0.0,0.0
2024-07-01 14:00:00+08:00,0.27000001072883606,0.2750000059604645,0.27000001072883606,0.27000001072883606,114500,0.0,0.0
2024-07-01 15:00:00+08:00,0.27000001072883606,0.2750000059604645,0.27000001072883606,0.27000001072883606,501800,0.0,0.0
2024-07-01 16:00:00+08:00,0.27000001072883606,0.2750000059604645,0.27000001072883606,0.27000001072883606,107300,0.0,0.0
2024-07-02 09:00:00+08:00,0.27000001072883606,0.2750000059604645,0.27000001072883606,0.2750000059604645,47300,0.0,0.0
2024-07-02 10:00:00+08:00,0.2750000059604645,0.2750000059604645,0.27000001072883606,0.2750000059604645,13000,0.0,0.0
2024-07-02 11:00:00+08:00,0.2750000059604645,0.2750000059604645,0.27000001072883606,0.2750000059604645,50000,0.0,0.0
2024-07-02 12:00:00+08:00,0.27000001072883606,0.27000001072883606,0.27000001072883606,0.27000001072883606,95100,0.0,0.0
2024-07-02 13:00:00+08:00,0.27000001072883606,0.2750000059604645,0.27000001072883606,0.27000001072883606,150400,0.0,0.0
2024-07-02 14:00:00+08:00,0.27000001072883606,0.2750000059604645,0.27000001072883606,0.27000001072883606,230000,0.0,0.0
2024-07-02 15:00:00+08:00,0.27000001072883606,0.2750000059604645,0.27000001072883606,0.2750000059604645,133500,0.0,0.0
2024-07-02 16:00:00+08:00,0.2750000059604645,0.2750000059604645,0.27000001072883606,0.27000001072883606,1361200,0.0,0.0
2024-07-03 09:00:00+08:00,0.27000001072883606,0.2750000059604645,0.27000001072883606,0.2750000059604645,88800,0.0,0.0
2024-07-03 10:00:00+08:00,0.2750000059604645,0.2750000059604645,0.27000001072883606,0.27000001072883606,15400,0.0,0.0
2024-07-03 11:00:00+08:00,0.27000001072883606,0.2750000059604645,0.27000001072883606,0.2750000059604645,81700,0.0,0.0
2024-07-03 12:00:00+08:00,0.27000001072883606,0.27000001072883606,0.27000001072883606,0.27000001072883606,11600,0.0,0.0
2024-07-03 13:00:00+08:00,0.27000001072883606,0.2750000059604645,0.27000001072883606,0.27000001072883606,53400,0.0,0.0
2024-07-03 14:00:00+08:00,0.27000001072883606,0.2750000059604645,0.27000001072883606,0.27000001072883606,639200,0.0,0.0
2024-07-03 15:00:00+08:00,0.27000001072883606,0.2750000059604645,0.27000001072883606,0.2750000059604645,243700,0.0,0.0
2024-07-03 16:00:00+08:00,0.2750000059604645,0.2750000059604645,0.27000001072883606,0.27000001072883606,382100,0.0,0.0
2024-07-04 09:00:00+08:00,0.2750000059604645,0.2750000059604645,0.27000001072883606,0.2750000059604645,170600,0.0,0.0
2024-07-04 10:00:00+08:00,0.2750000059604645,0.2750000059604645,0.27000001072883606,0.27000001072883606,106800,0.0,0.0
2024-07-04 11:00:00+08:00,0.27000001072883606,0.2750000059604645,0.27000001072883606,0.2750000059604645,272400,0.0,0.0
2024-07-04 12:00:00+08:00,0.27000001072883606,0.27000001072883606,0.27000001072883606,0.27000001072883606,70700,0.0,0.0
2024-07-04 13:00:00+08:00,0.27000001072883606,0.2750000059604645,0.27000001072883606,0.27000001072883606,40000,0.0,0.0
2024-07-04 14:00:00+08:00,0.27000001072883606,0.2750000059604645,0.27000001072883606,0.27000001072883606,38600,0.0,0.0
2024-07-04 15:00:00+08:00,0.27000001072883606,0.2750000059604645,0.27000001072883606,0.2750000059604645,43400,0.0,0.0
2024-07-04 16:00:00+08:00,0.2750000059604645,0.2750000059604645,0.27000001072883606,0.27000001072883606,1545800,0.0,0.0
2024-07-05 09:00:00+08:00,0.27000001072883606,0.2750000059604645,0.27000001072883606,0.27000001072883606,30600,0.0,0.0
2024-07-05 10:00:00+08:00,0.27000001072883606,0.2750000059604645,0.27000001072883606,0.27000001072883606,115900,0.0,0.0
2024-07-05 11:00:00+08:00,0.27000001072883606,0.2750000059604645,0.27000001072883606,0.27000001072883606,90400,0.0,0.0
2024-07-05 12:00:00+08:00,0.27000001072883606,0.2750000059604645,0.27000001072883606,0.2750000059604645,26300,0.0,0.0
2024-07-05 13:00:00+08:00,0.2750000059604645,0.2750000059604645,0.27000001072883606,0.27000001072883606,16300,0.0,0.0
2024-07-05 14:00:00+08:00,0.27000001072883606,0.2750000059604645,0.27000001072883606,0.27000001072883606,103400,0.0,0.0
2024-07-05 15:00:00+08:00,0.27000001072883606,0.2750000059604645,0.27000001072883606,0.27000001072883606,63500,0.0,0.0
2024-07-05 16:00:00+08:00,0.27000001072883606,0.2750000059604645,0.27000001072883606,0.27000001072883606,290300,0.0,0.0
2024-07-08 09:00:00+08:00,0.2750000059604645,0.2750000059604645,0.27000001072883606,0.27000001072883606,349700,0.0,0.0
2024-07-08 10:00:00+08:00,0.27000001072883606,0.2750000059604645,0.27000001072883606,0.2750000059604645,68700,0.0,0.0
2024-07-08 11:00:00+08:00,0.2750000059604645,0.2750000059604645,0.27000001072883606,0.2750000059604645,170600,0.0,0.0
2024-07-08 12:00:00+08:00,0.2750000059604645,0.2750000059604645,0.2750000059604645,0.2750000059604645,60800,0.0,0.0
2024-07-08 13:00:00+08:00,0.2750000059604645,0.2750000059604645,0.27000001072883606,0.2750000059604645,63100,0.0,0.0
2024-07-08 14:00:00+08:00,0.2750000059604645,0.2750000059604645,0.27000001072883606,0.27000001072883606,85700,0.0,0.0
2024-07-08 15:00:00+08:00,0.27000001072883606,0.2750000059604645,0.27000001072883606,0.2750000059604645,109300,0.0,0.0
2024-07-08 16:00:00+08:00,0.2750000059604645,0.2750000059604645,0.27000001072883606,0.2750000059604645,448700,0.0,0.0
2024-07-09 09:00:00+08:00,0.27000001072883606,0.2750000059604645,0.27000001072883606,0.27000001072883606,548900,0.0,0.0
2024-07-09 10:00:00+08:00,0.27000001072883606,0.2750000059604645,0.27000001072883606,0.2750000059604645,160000,0.0,0.0
2024-07-09 11:00:00+08:00,0.2750000059604645,0.2750000059604645,0.27000001072883606,0.2750000059604645,274800,0.0,0.0
2024-07-09 12:00:00+08:00,0.2750000059604645,0.2750000059604645,0.2750000059604645,0.2750000059604645,82600,0.0,0.0
2024-07-09 13:00:00+08:00,0.2750000059604645,0.2800000011920929,0.2750000059604645,0.2800000011920929,9975900,0.0,0.0
2024-07-09 14:00:00+08:00,0.2800000011920929,0.2800000011920929,0.2750000059604645,0.2800000011920929,612900,0.0,0.0
2024-07-09 15:00:00+08:00,0.2800000011920929,0.2800000011920929,0.2750000059604645,0.2800000011920929,492300,0.0,0.0
2024-07-09 16:00:00+08:00,0.2800000011920929,0.2800000011920929,0.2750000059604645,0.2800000011920929,1224600,0.0,0.0
2024-07-10 09:00:00+08:00,0.2750000059604645,0.2750000059604645,0.27000001072883606,0.2750000059604645,8286100,0.0,0.0
2024-07-10 10:00:00+08:00,0.2750000059604645,0.2800000011920929,0.27000001072883606,0.2750000059604645,9624400,0.0,0.0
2024-07-10 11:00:00+08:00,0.2750000059604645,0.2800000011920929,0.2750000059604645,0.2750000059604645,3417700,0.0,0.0
2024-07-10 12:00:00+08:00,0.2750000059604645,0.2750000059604645,0.2750000059604645,0.2750000059604645,69200,0.0,0.0
2024-07-10 13:00:00+08:00,0.2750000059604645,0.2800000011920929,0.2750000059604645,0.2750000059604645,5612400,0.0,0.0
2024-07-10 14:00:00+08:00,0.2750000059604645,0.2800000011920929,0.2750000059604645,0.2800000011920929,375600,0.0,0.0
2024-07-10 15:00:00+08:00,0.2800000011920929,0.2800000011920929,0.2750000059604645,0.2800000011920929,942800,0.0,0.0
2024-07-10 16:00:00+08:00,0.2800000011920929,0.2800000011920929,0.27000001072883606,0.2750000059604645,1987500,0.0,0.0
2024-07-11 09:00:00+08:00,0.27000001072883606,0.27000001072883606,0.27000001072883606,0.27000001072883606,26400,0.0,0.0
2024-07-11 10:00:00+08:00,0.27000001072883606,0.2750000059604645,0.27000001072883606,0.27000001072883606,348600,0.0,0.0
2024-07-11 11:00:00+08:00,0.27000001072883606,0.2750000059604645,0.27000001072883606,0.27000001072883606,127600,0.0,0.0
2024-07-11 12:00:00+08:00,0.27000001072883606,0.2750000059604645,0.27000001072883606,0.2750000059604645,19000,0.0,0.0
2024-07-11 13:00:00+08:00,0.2750000059604645,0.2750000059604645,0.27000001072883606,0.27000001072883606,66800,0.0,0.0
2024-07-11 14:00:00+08:00,0.27000001072883606,0.2750000059604645,0.27000001072883606,0.2750000059604645,164600,0.0,0.0
2024-07-11 15:00:00+08:00,0.2750000059604645,0.2750000059604645,0.27000001072883606,0.27000001072883606,31500,0.0,0.0
2024-07-11 16:00:00+08:00,0.27000001072883606,0.2750000059604645,0.27000001072883606,0.27000001072883606,92500,0.0,0.0
2024-07-12 09:00:00+08:00,0.27000001072883606,0.2750000059604645,0.27000001072883606,0.27000001072883606,62300,0.0,0.0
2024-07-12 10:00:00+08:00,0.27000001072883606,0.2750000059604645,0.27000001072883606,0.27000001072883606,94200,0.0,0.0
2024-07-12 11:00:00+08:00,0.27000001072883606,0.2750000059604645,0.27000001072883606,0.27000001072883606,147200,0.0,0.0
2024-07-12 12:00:00+08:00,0.27000001072883606,0.27000001072883606,0.27000001072883606,0.27000001072883606,43100,0.0,0.0
2024-07-12 13:00:00+08:00,0.27000001072883606,0.2750000059604645,0.27000001072883606,0.27000001072883606,49500,0.0,0.0
2024-07-12 14:00:00+08:00,0.27000001072883606,0.2750000059604645,0.27000001072883606,0.27000001072883606,311200,0.0,0.0
2024-07-12 15:00:00+08:00,0.27000001072883606,0.2750000059604645,0.27000001072883606,0.27000001072883606,157200,0.0,0.0
2024-07-12 16:00:00+08:00,0.27000001072883606,0.2750000059604645,0.27000001072883606,0.27000001072883606,213500,0.0,0.0
2024-07-15 09:00:00+08:00,0.27000001072883606,0.2750000059604645,0.27000001072883606,0.27000001072883606,32500,0.0,0.0
2024-07-15 10:00:00+08:00,0.27000001072883606,0.2750000059604645,0.27000001072883606,0.27000001072883606,60600,0.0,0.0
2024-07-15 11:00:00+08:00,0.27000001072883606,0.2750000059604645,0.27000001072883606,0.27000001072883606,61100,0.0,0.0
2024-07-15 12:00:00+08:00,0.27000001072883606,0.2750000059604645,0.27000001072883606,0.2750000059604645,210000,0.0,0.0
2024-07-15 13:00:00+08:00,0.2750000059604645,0.2750000059604645,0.27000001072883606,0.27000001072883606,47600,0.0,0.0
2024-07-15 14:00:00+08:00,0.27000001072883606,0.2750000059604645,0.27000001072883606,0.2750000059604645,36600,0.0,0.0
2024-07-15 15:00:00+08:00,0.2750000059604645,0.2750000059604645,0.27000001072883606,0.2750000059604645,84100,0.0,0.0
2024-07-15 16:00:00+08:00,0.2750000059604645,0.2750000059604645,0.27000001072883606,0.27000001072883606,454100,0.0,0.0
2024-07-16 09:00:00+08:00,0.27000001072883606,0.2750000059604645,0.27000001072883606,0.27000001072883606,50300,0.0,0.0
2024-07-16 10:00:00+08:00,0.27000001072883606,0.2750000059604645,0.27000001072883606,0.2750000059604645,108100,0.0,0.0
2024-07-16 11:00:00+08:00,0.2750000059604645,0.2750000059604645,0.27000001072883606,0.2750000059604645,50500,0.0,0.0
2024-07-16 12:00:00+08:00,0.2750000059604645,0.2750000059604645,0.2750000059604645,0.2750000059604645,51100,0.0,0.0
2024-07-16 13:00:00+08:00,0.2750000059604645,0.2750000059604645,0.27000001072883606,0.2750000059604645,18600,0.0,0.0
2024-07-16 14:00:00+08:00,0.2750000059604645,0.2750000059604645,0.27000001072883606,0.2750000059604645,40900,0.0,0.0
2024-07-16 15:00:00+08:00,0.2750000059604645,0.2750000059604645,0.27000001072883606,0.2750000059604645,214100,0.0,0.0
2024-07-16 16:00:00+08:00,0.2750000059604645,0.2750000059604645,0.27000001072883606,0.27000001072883606,112000,0.0,0.0
2024-07-17 09:00:00+08:00,0.2750000059604645,0.2800000011920929,0.2750000059604645,0.2800000011920929,4549300,0.0,0.0
2024-07-17 10:00:00+08:00,0.2800000011920929,0.2800000011920929,0.2750000059604645,0.2800000011920929,390700,0.0,0.0
2024-07-17 11:00:00+08:00,0.2800000011920929,0.2800000011920929,0.27000001072883606,0.27000001072883606,1220300,0.0,0.0
2024-07-17 12:00:00+08:00,0.27000001072883606,0.2750000059604645,0.27000001072883606,0.2750000059604645,47300,0.0,0.0
2024-07-17 13:00:00+08:00,0.2750000059604645,0.2750000059604645,0.27000001072883606,0.2750000059604645,25100,0.0,0.0
2024-07-17 14:00:00+08:00,0.2750000059604645,0.2750000059604645,0.27000001072883606,0.2750000059604645,88500,0.0,0.0
2024-07-17 15:00:00+08:00,0.2750000059604645,0.2750000059604645,0.27000001072883606,0.2750000059604645,119200,0.0,0.0
2024-07-17 16:00:00+08:00,0.2750000059604645,0.2750000059604645,0.27000001072883606,0.2750000059604645,383100,0.0,0.0
2024-07-18 09:00:00+08:00,0.2750000059604645,0.2750000059604645,0.27000001072883606,0.27000001072883606,11800,0.0,0.0
2024-07-18 10:00:00+08:00,0.27000001072883606,0.2750000059604645,0.27000001072883606,0.27000001072883606,7700,0.0,0.0
2024-07-18 11:00:00+08:00,0.27000001072883606,0.2750000059604645,0.27000001072883606,0.2750000059604645,80900,0.0,0.0
2024-07-18 12:00:00+08:00,0.27000001072883606,0.2750000059604645,0.27000001072883606,0.2750000059604645,19600,0.0,0.0
2024-07-18 14:00:00+08:00,0.2750000059604645,0.2750000059604645,0.27000001072883606,0.27000001072883606,32400,0.0,0.0
2024-07-18 15:00:00+08:00,0.27000001072883606,0.2750000059604645,0.27000001072883606,0.27000001072883606,206000,0.0,0.0
2024-07-18 16:00:00+08:00,0.27000001072883606,0.2750000059604645,0.27000001072883606,0.27000001072883606,808200,0.0,0.0
2024-07-19 09:00:00+08:00,0.2750000059604645,0.2750000059604645,0.27000001072883606,0.2750000059604645,35700,0.0,0.0
2024-07-19 10:00:00+08:00,0.2750000059604645,0.2750000059604645,0.27000001072883606,0.2750000059604645,69100,0.0,0.0
2024-07-19 11:00:00+08:00,0.2750000059604645,0.2750000059604645,0.27000001072883606,0.2750000059604645,184900,0.0,0.0
2024-07-19 12:00:00+08:00,0.2750000059604645,0.2750000059604645,0.27000001072883606,0.27000001072883606,119600,0.0,0.0
2024-07-19 13:00:00+08:00,0.27000001072883606,0.2750000059604645,0.27000001072883606,0.2750000059604645,17100,0.0,0.0
2024-07-19 14:00:00+08:00,0.2750000059604645,0.2750000059604645,0.27000001072883606,0.2750000059604645,73200,0.0,0.0
2024-07-19 15:00:00+08:00,0.2750000059604645,0.2750000059604645,0.27000001072883606,0.2750000059604645,66900,0.0,0.0
2024-07-19 16:00:00+08:00,0.2750000059604645,0.2750000059604645,0.27000001072883606,0.2750000059604645,295200,0.0,0.0
2024-07-22 09:00:00+08:00,0.2750000059604645,0.2750000059604645,0.2750000059604645,0.2750000059604645,300,0.0,0.0
2024-07-22 10:00:00+08:00,0.2750000059604645,0.2750000059604645,0.27000001072883606,0.2750000059604645,2000,0.0,0.0
2024-07-22 11:00:00+08:00,0.2750000059604645,0.2750000059604645,0.27000001072883606,0.2750000059604645,131200,0.0,0.0
2024-07-22 12:00:00+08:00,0.2750000059604645,0.2750000059604645,0.27000001072883606,0.27000001072883606,93500,0.0,0.0
2024-07-22 13:00:00+08:00,0.27000001072883606,0.2750000059604645,0.27000001072883606,0.2750000059604645,8100,0.0,0.0
2024-07-22 14:00:00+08:00,0.2750000059604645,0.2750000059604645,0.27000001072883606,0.2750000059604645,54100,0.0,0.0
2024-07-22 15:00:00+08:00,0.2750000059604645,0.2750000059604645,0.27000001072883606,0.2750000059604645,83700,0.0,0.0
2024-07-22 16:00:00+08:00,0.2750000059604645,0.2750000059604645,0.27000001072883606,0.2750000059604645,790700,0.0,0.0
2024-07-23 09:00:00+08:00,0.2750000059604645,0.2750000059604645,0.27000001072883606,0.2750000059604645,106400,0.0,0.0
2024-07-23 10:00:00+08:00,0.2750000059604645,0.2750000059604645,0.27000001072883606,0.2750000059604645,130700,0.0,0.0
2024-07-23 11:00:00+08:00,0.2750000059604645,0.2750000059604645,0.27000001072883606,0.2750000059604645,177000,0.0,0.0
2024-07-23 12:00:00+08:00,0.2750000059604645,0.2750000059604645,0.2750000059604645,0.2750000059604645,137300,0.0,0.0
2024-07-23 13:00:00+08:00,0.2750000059604645,0.2750000059604645,0.27000001072883606,0.27000001072883606,420100,0.0,0.0
2024-07-23 14:00:00+08:00,0.27000001072883606,0.2750000059604645,0.27000001072883606,0.2750000059604645,121600,0.0,0.0
2024-07-23 15:00:00+08:00,0.2750000059604645,0.2750000059604645,0.27000001072883606,0.2750000059604645,123500,0.0,0.0
2024-07-23 16:00:00+08:00,0.2750000059604645,0.2750000059604645,0.27000001072883606,0.2750000059604645,337000,0.0,0.0
2024-07-24 09:00:00+08:00,0.2750000059604645,0.2750000059604645,0.27000001072883606,0.2750000059604645,87700,0.0,0.0
2024-07-24 10:00:00+08:00,0.2750000059604645,0.2750000059604645,0.27000001072883606,0.27000001072883606,136300,0.0,0.0
2024-07-24 11:00:00+08:00,0.27000001072883606,0.2750000059604645,0.27000001072883606,0.27000001072883606,225100,0.0,0.0
2024-07-24 12:00:00+08:00,0.2750000059604645,0.2750000059604645,0.2750000059604645,0.2750000059604645,68600,0.0,0.0
2024-07-24 13:00:00+08:00,0.2750000059604645,0.2750000059604645,0.27000001072883606,0.27000001072883606,675700,0.0,0.0
2024-07-24 14:00:00+08:00,0.27000001072883606,0.2750000059604645,0.27000001072883606,0.2750000059604645,203800,0.0,0.0
2024-07-24 15:00:00+08:00,0.2750000059604645,0.2750000059604645,0.27000001072883606,0.27000001072883606,227100,0.0,0.0
2024-07-24 16:00:00+08:00,0.27000001072883606,0.2750000059604645,0.27000001072883606,0.2750000059604645,693800,0.0,0.0
2024-07-25 09:00:00+08:00,0.27000001072883606,0.2750000059604645,0.27000001072883606,0.2750000059604645,634800,0.0,0.0
2024-07-25 10:00:00+08:00,0.2750000059604645,0.2750000059604645,0.27000001072883606,0.27000001072883606,335300,0.0,0.0
2024-07-25 11:00:00+08:00,0.27000001072883606,0.2750000059604645,0.27000001072883606,0.2750000059604645,232900,0.0,0.0
2024-07-25 12:00:00+08:00,0.2750000059604645,0.2750000059604645,0.2750000059604645,0.2750000059604645,608100,0.0,0.0
2024-07-25 13:00:00+08:00,0.2750000059604645,0.2750000059604645,0.27000001072883606,0.27000001072883606,80300,0.0,0.0
2024-07-25 14:00:00+08:00,0.27000001072883606,0.2750000059604645,0.27000001072883606,0.2750000059604645,127900,0.0,0.0
2024-07-25 15:00:00+08:00,0.2750000059604645,0.2750000059604645,0.27000001072883606,0.27000001072883606,214900,0.0,0.0
2024-07-25 16:00:00+08:00,0.27000001072883606,0.2750000059604645,0.27000001072883606,0.2750000059604645,579000,0.0,0.0
2024-07-26 09:00:00+08:00,0.27000001072883606,0.2750000059604645,0.27000001072883606,0.27000001072883606,26000,0.0,0.0
2024-07-26 10:00:00+08:00,0.27000001072883606,0.2750000059604645,0.27000001072883606,0.27000001072883606,19300,0.0,0.0
2024-07-26 11:00:00+08:00,0.27000001072883606,0.2750000059604645,0.27000001072883606,0.2750000059604645,27900,0.0,0.0
2024-07-26 12:00:00+08:00,0.27000001072883606,0.27000001072883606,0.27000001072883606,0.27000001072883606,15800,0.0,0.0
2024-07-26 13:00:00+08:00,0.27000001072883606,0.2750000059604645,0.27000001072883606,0.2750000059604645,160400,0.0,0.0
2024-07-26 14:00:00+08:00,0.2750000059604645,0.2750000059604645,0.27000001072883606,0.27000001072883606,48300,0.0,0.0
2024-07-26 15:00:00+08:00,0.27000001072883606,0.2750000059604645,0.27000001072883606,0.2750000059604645,51900,0.0,0.0
2024-07-26 16:00:00+08:00,0.2750000059604645,0.2750000059604645,0.27000001072883606,0.2750000059604645,137900,0.0,0.0
2024-07-29 09:00:00+08:00,0.27000001072883606,0.2750000059604645,0.27000001072883606,0.27000001072883606,305600,0.0,0.0
2024-07-29 10:00:00+08:00,0.27000001072883606,0.2750000059604645,0.27000001072883606,0.27000001072883606,180700,0.0,0.0
2024-07-29 11:00:00+08:00,0.27000001072883606,0.2750000059604645,0.27000001072883606,0.27000001072883606,93300,0.0,0.0
2024-07-29 12:00:00+08:00,0.27000001072883606,0.27000001072883606,0.27000001072883606,0.27000001072883606,22100,0.0,0.0
2024-07-29 13:00:00+08:00,0.2750000059604645,0.2750000059604645,0.27000001072883606,0.27000001072883606,122900,0.0,0.0
2024-07-29 14:00:00+08:00,0.27000001072883606,0.2750000059604645,0.27000001072883606,0.2750000059604645,204600,0.0,0.0
2024-07-29 15:00:00+08:00,0.2750000059604645,0.2750000059604645,0.27000001072883606,0.2750000059604645,219100,0.0,0.0
2024-07-29 16:00:00+08:00,0.2750000059604645,0.2750000059604645,0.27000001072883606,0.27000001072883606,339500,0.0,0.0
2024-07-30 09:00:00+08:00,0.2750000059604645,0.2750000059604645,0.27000001072883606,0.2750000059604645,158800,0.0,0.0
2024-07-30 10:00:00+08:00,0.2750000059604645,0.2750000059604645,0.27000001072883606,0.27000001072883606,22200,0.0,0.0
2024-07-30 11:00:00+08:00,0.27000001072883606,0.2750000059604645,0.27000001072883606,0.27000001072883606,58600,0.0,0.0
2024-07-30 12:00:00+08:00,0.2750000059604645,0.2750000059604645,0.27000001072883606,0.27000001072883606,27500,0.0,0.0
2024-07-30 13:00:00+08:00,0.27000001072883606,0.2750000059604645,0.27000001072883606,0.27000001072883606,151900,0.0,0.0
2024-07-30 14:00:00+08:00,0.27000001072883606,0.2750000059604645,0.27000001072883606,0.2750000059604645,31300,0.0,0.0
2024-07-30 15:00:00+08:00,0.2750000059604645,0.2750000059604645,0.27000001072883606,0.27000001072883606,97800,0.0,0.0
2024-07-30 16:00:00+08:00,0.27000001072883606,0.2750000059604645,0.27000001072883606,0.27000001072883606,115800,0.0,0.0
2024-07-31 09:00:00+08:00,0.27000001072883606,0.2750000059604645,0.27000001072883606,0.27000001072883606,203100,0.0,0.0
2024-07-31 10:00:00+08:00,0.27000001072883606,0.2750000059604645,0.27000001072883606,0.27000001072883606,317400,0.0,0.0
2024-07-31 11:00:00+08:00,0.27000001072883606,0.2750000059604645,0.27000001072883606,0.27000001072883606,68200,0.0,0.0
2024-07-31 12:00:00+08:00,0.27000001072883606,0.27000001072883606,0.27000001072883606,0.27000001072883606,30800,0.0,0.0
2024-07-31 13:00:00+08:00,0.27000001072883606,0.2750000059604645,0.27000001072883606,0.27000001072883606,407700,0.0,0.0
2024-07-31 14:00:00+08:00,0.27000001072883606,0.2750000059604645,0.27000001072883606,0.2750000059604645,543400,0.0,0.0
2024-07-31 15:00:00+08:00,0.2750000059604645,0.2750000059604645,0.27000001072883606,0.27000001072883606,38500,0.0,0.0
2024-07-31 16:00:00+08:00,0.27000001072883606,0.2750000059604645,0.27000001072883606,0.27000001072883606,683000,0.0,0.0
2024-08-01 09:00:00+08:00,0.27000001072883606,0.2750000059604645,0.27000001072883606,0.27000001072883606,138200,0.0,0.0
2024-08-01 10:00:00+08:00,0.27000001072883606,0.2750000059604645,0.27000001072883606,0.27000001072883606,15600,0.0,0.0
2024-08-01 11:00:00+08:00,0.27000001072883606,0.2750000059604645,0.27000001072883606,0.27000001072883606,72100,0.0,0.0
2024-08-01 12:00:00+08:00,0.27000001072883606,0.2750000059604645,0.27000001072883606,0.2750000059604645,22300,0.0,0.0
2024-08-01 13:00:00+08:00,0.2750000059604645,0.2750000059604645,0.27000001072883606,0.27000001072883606,3600,0.0,0.0
2024-08-01 14:00:00+08:00,0.27000001072883606,0.2750000059604645,0.27000001072883606,0.27000001072883606,30700,0.0,0.0
2024-08-01 15:00:00+08:00,0.27000001072883606,0.2750000059604645,0.27000001072883606,0.27000001072883606,677800,0.0,0.0
2024-08-01 16:00:00+08:00,0.27000001072883606,0.2800000011920929,0.27000001072883606,0.2750000059604645,14039100,0.0,0.0
2024-08-02 09:00:00+08:00,0.2750000059604645,0.2800000011920929,0.2750000059604645,0.2750000059604645,653500,0.0,0.0
2024-08-02 10:00:00+08:00,0.2750000059604645,0.2800000011920929,0.2750000059604645,0.2750000059604645,102700,0.0,0.0
2024-08-02 11:00:00+08:00,0.2750000059604645,0.2800000011920929,0.27000001072883606,0.2750000059604645,5350900,0.0,0.0
2024-08-02 12:00:00+08:00,0.2750000059604645,0.2750000059604645,0.2750000059604645,0.2750000059604645,17600,0.0,0.0
2024-08-02 13:00:00+08:00,0.2750000059604645,0.2750000059604645,0.27000001072883606,0.2750000059604645,146400,0.0,0.0
2024-08-02 14:00:00+08:00,0.2750000059604645,0.2750000059604645,0.27000001072883606,0.2750000059604645,65400,0.0,0.0
2024-08-02 15:00:00+08:00,0.2750000059604645,0.2750000059604645,0.27000001072883606,0.27000001072883606,10713100,0.0,0.0
2024-08-02 16:00:00+08:00,0.27000001072883606,0.27000001072883606,0.26499998569488525,0.27000001072883606,315200,0.0,0.0
2024-08-05 09:00:00+08:00,0.26499998569488525,0.26499998569488525,0.25999999046325684,0.26499998569488525,10410700,0.0,0.0
2024-08-05 10:00:00+08:00,0.26499998569488525,0.27000001072883606,0.26499998569488525,0.27000001072883606,39571400,0.0,0.0
2024-08-05 11:00:00+08:00,0.27000001072883606,0.2750000059604645,0.27000001072883606,0.27000001072883606,536700,0.0,0.0
2024-08-05 12:00:00+08:00,0.27000001072883606,0.2750000059604645,0.27000001072883606,0.2750000059604645,1942300,0.0,0.0
2024-08-05 13:00:00+08:00,0.2750000059604645,0.2750000059604645,0.27000001072883606,0.27000001072883606,506900,0.0,0.0
2024-08-05 14:00:00+08:00,0.27000001072883606,0.2750000059604645,0.26499998569488525,0.26499998569488525,4059300,0.0,0.0
2024-08-05 15:00:00+08:00,0.26499998569488525,0.27000001072883606,0.26499998569488525,0.26499998569488525,675000,0.0,0.0
2024-08-05 16:00:00+08:00,0.26499998569488525,0.27000001072883606,0.26499998569488525,0.26499998569488525,600000,0.0,0.0
2024-08-06 09:00:00+08:00,0.27000001072883606,0.27000001072883606,0.26499998569488525,0.26499998569488525,352000,0.0,0.0
2024-08-06 10:00:00+08:00,0.26499998569488525,0.27000001072883606,0.26499998569488525,0.26499998569488525,90000,0.0,0.0
2024-08-06 11:00:00+08:00,0.26499998569488525,0.27000001072883606,0.26499998569488525,0.26499998569488525,120000,0.0,0.0
2024-08-06 12:00:00+08:00,0.26499998569488525,0.27000001072883606,0.26499998569488525,0.27000001072883606,27500,0.0,0.0
2024-08-06 13:00:00+08:00,0.27000001072883606,0.27000001072883606,0.27000001072883606,0.27000001072883606,12000,0.0,0.0
2024-08-06 14:00:00+08:00,0.26499998569488525,0.27000001072883606,0.26499998569488525,0.27000001072883606,47000,0.0,0.0
2024-08-06 15:00:00+08:00,0.27000001072883606,0.27000001072883606,0.26499998569488525,0.26499998569488525,336600,0.0,0.0
2024-08-06 16:00:00+08:00,0.26499998569488525,0.27000001072883606,0.26499998569488525,0.26499998569488525,105100,0.0,0.0
2024-08-07 09:00:00+08:00,0.26499998569488525,0.27000001072883606,0.26499998569488525,0.27000001072883606,111800,0.0,0.0
2024-08-07 10:00:00+08:00,0.27000001072883606,0.27000001072883606,0.26499998569488525,0.26499998569488525,191300,0.0,0.0
2024-08-07 11:00:00+08:00,0.26499998569488525,0.27000001072883606,0.26499998569488525,0.27000001072883606,65000,0.0,0.0
2024-08-07 12:00:00+08:00,0.27000001072883606,0.27000001072883606,0.26499998569488525,0.26499998569488525,41700,0.0,0.0
2024-08-07 13:00:00+08:00,0.26499998569488525,0.27000001072883606,0.26499998569488525,0.27000001072883606,31900,0.0,0.0
2024-08-07 14:00:00+08:00,0.27000001072883606,0.27000001072883606,0.26499998569488525,0.27000001072883606,64200,0.0,0.0
2024-08-07 15:00:00+08:00,0.27000001072883606,0.27000001072883606,0.26499998569488525,0.27000001072883606,393300,0.0,0.0
2024-08-07 16:00:00+08:00,0.27000001072883606,0.27000001072883606,0.25999999046325684,0.26499998569488525,22485000,0.0,0.0
2024-08-08 09:00:00+08:00,0.26499998569488525,0.27000001072883606,0.26499998569488525,0.26499998569488525,18200,0.0,0.0
2024-08-08 10:00:00+08:00,0.26499998569488525,0.27000001072883606,0.26499998569488525,0.26499998569488525,65100,0.0,0.0
2024-08-08 11:00:00+08:00,0.26499998569488525,0.27000001072883606,0.26499998569488525,0.27000001072883606,108100,0.0,0.0
2024-08-08 12:00:00+08:00,0.27000001072883606,0.27000001072883606,0.26499998569488525,0.26499998569488525,26900,0.0,0.0
2024-08-08 13:00:00+08:00,0.26499998569488525,0.27000001072883606,0.26499998569488525,0.27000001072883606,124300,0.0,0.0
2024-08-08 14:00:00+08:00,0.27000001072883606,0.27000001072883606,0.26499998569488525,0.27000001072883606,73500,0.0,0.0
2024-08-08 15:00:00+08:00,0.27000001072883606,0.27000001072883606,0.26499998569488525,0.27000001072883606,128600,0.0,0.0
2024-08-08 16:00:00+08:00,0.27000001072883606,0.27000001072883606,0.25999999046325684,0.26499998569488525,11569900,0.0,0.0
2024-08-12 09:00:00+08:00,0.26499998569488525,0.27000001072883606,0.26499998569488525,0.27000001072883606,16800,0.0,0.0
2024-08-12 10:00:00+08:00,0.27000001072883606,0.2750000059604645,0.25999999046325684,0.27000001072883606,43624500,0.0,0.0
2024-08-12 11:00:00+08:00,0.27000001072883606,0.27000001072883606,0.26499998569488525,0.27000001072883606,19100,0.0,0.0
2024-08-12 12:00:00+08:00,0.26499998569488525,0.27000001072883606,0.26499998569488525,0.27000001072883606,59300,0.0,0.0
2024-08-12 13:00:00+08:00,0.27000001072883606,0.27000001072883606,0.26499998569488525,0.26499998569488525,24000,0.0,0.0
2024-08-12 14:00:00+08:00,0.26499998569488525,0.27000001072883606,0.26499998569488525,0.27000001072883606,22600,0.0,0.0
2024-08-12 15:00:00+08:00,0.27000001072883606,0.27000001072883606,0.26499998569488525,0.26499998569488525,118600,0.0,0.0
2024-08-12 16:00:00+08:00,0.26499998569488525,0.27000001072883606,0.26499998569488525,0.26499998569488525,219400,0.0,0.0
2024-08-13 09:00:00+08:00,0.26499998569488525,0.27000001072883606,0.26499998569488525,0.27000001072883606,19900,0.0,0.0
2024-08-13 10:00:00+08:00,0.27000001072883606,0.27000001072883606,0.26499998569488525,0.27000001072883606,44900,0.0,0.0
2024-08-13 11:00:00+08:00,0.27000001072883606,0.27000001072883606,0.26499998569488525,0.27000001072883606,97300,0.0,0.0
2024-08-13 12:00:00+08:00,0.27000001072883606,0.27000001072883606,0.27000001072883606,0.27000001072883606,49400,0.0,0.0
2024-08-13 13:00:00+08:00,0.27000001072883606,0.27000001072883606,0.26499998569488525,0.26499998569488525,2300,0.0,0.0
2024-08-13 14:00:00+08:00,0.26499998569488525,0.27000001072883606,0.26499998569488525,0.27000001072883606,48200,0.0,0.0
2024-08-13 15:00:00+08:00,0.27000001072883606,0.27000001072883606,0.26499998569488525,0.27000001072883606,99700,0.0,0.0
2024-08-13 16:00:00+08:00,0.27000001072883606,0.27000001072883606,0.26499998569488525,0.27000001072883606,2336300,0.0,0.0
2024-08-14 09:00:00+08:00,0.26499998569488525,0.27000001072883606,0.26499998569488525,0.26499998569488525,334700,0.0,0.0
2024-08-14 10:00:00+08:00,0.27000001072883606,0.27000001072883606,0.26499998569488525,0.26499998569488525,95600,0.0,0.0
2024-08-14 11:00:00+08:00,0.26499998569488525,0.27000001072883606,0.26499998569488525,0.27000001072883606,72300,0.0,0.0
2024-08-14 12:00:00+08:00,0.27000001072883606,0.27000001072883606,0.27000001072883606,0.27000001072883606,35600,0.0,0.0
2024-08-14 13:00:00+08:00,0.27000001072883606,0.27000001072883606,0.26499998569488525,0.27000001072883606,240000,0.0,0.0
2024-08-14 14:00:00+08:00,0.27000001072883606,0.27000001072883606,0.26499998569488525,0.27000001072883606,24000,0.0,0.0
2024-08-14 15:00:00+08:00,0.27000001072883606,0.27000001072883606,0.26499998569488525,0.27000001072883606,64500,0.0,0.0
2024-08-14 16:00:00+08:00,0.27000001072883606,0.27000001072883606,0.26499998569488525,0.27000001072883606,329000,0.0,0.0
2024-08-15 09:00:00+08:00,0.27000001072883606,0.27000001072883606,0.26499998569488525,0.27000001072883606,9100,0.0,0.0
2024-08-15 10:00:00+08:00,0.27000001072883606,0.27000001072883606,0.26499998569488525,0.26499998569488525,92600,0.0,0.0
2024-08-15 11:00:00+08:00,0.26499998569488525,0.27000001072883606,0.26499998569488525,0.26499998569488525,54900,0.0,0.0
2024-08-15 12:00:00+08:00,0.26499998569488525,0.27000001072883606,0.26499998569488525,0.27000001072883606,37300,0.0,0.0
2024-08-15 13:00:00+08:00,0.27000001072883606,0.27000001072883606,0.26499998569488525,0.26499998569488525,300,0.0,0.0
2024-08-15 14:00:00+08:00,0.26499998569488525,0.27000001072883606,0.26499998569488525,0.26499998569488525,79400,0.0,0.0
2024-08-15 15:00:00+08:00,0.26499998569488525,0.27000001072883606,0.26499998569488525,0.26499998569488525,47500,0.0,0.0
2024-08-15 16:00:00+08:00,0.26499998569488525,0.27000001072883606,0.26499998569488525,0.26499998569488525,1008000,0.0,0.0
2024-08-16 09:00:00+08:00,0.26499998569488525,0.26499998569488525,0.26499998569488525,0.26499998569488525,372000,0.0,0.0
2024-08-16 10:00:00+08:00,0.26499998569488525,0.27000001072883606,0.26499998569488525,0.27000001072883606,1642100,0.0,0.0
2024-08-16 11:00:00+08:00,0.27000001072883606,0.27000001072883606,0.26499998569488525,0.26499998569488525,189900,0.0,0.0
2024-08-16 12:00:00+08:00,0.27000001072883606,0.27000001072883606,0.27000001072883606,0.27000001072883606,54900,0.0,0.0
2024-08-16 13:00:00+08:00,0.27000001072883606,0.27000001072883606,0.26499998569488525,0.26499998569488525,20300,0.0,0.0
2024-08-16 14:00:00+08:00,0.26499998569488525,0.27000001072883606,0.26499998569488525,0.26499998569488525,168800,0.0,0.0
2024-08-16 15:00:00+08:00,0.26499998569488525,0.27000001072883606,0.26499998569488525,0.26499998569488525,270500,0.0,0.0
2024-08-16 16:00:00+08:00,0.26499998569488525,0.27000001072883606,0.26499998569488525,0.26499998569488525,489900,0.0,0.0
2024-08-19 09:00:00+08:00,0.26499998569488525,0.27000001072883606,0.26499998569488525,0.26499998569488525,1219200,0.0,0.0
2024-08-19 10:00:00+08:00,0.26499998569488525,0.27000001072883606,0.26499998569488525,0.26499998569488525,433000,0.0,0.0
2024-08-19 11:00:00+08:00,0.26499998569488525,0.27000001072883606,0.26499998569488525,0.26499998569488525,984200,0.0,0.0
2024-08-19 12:00:00+08:00,0.26499998569488525,0.26499998569488525,0.26499998569488525,0.26499998569488525,76700,0.0,0.0
2024-08-19 13:00:00+08:00,0.26499998569488525,0.27000001072883606,0.26499998569488525,0.26499998569488525,256000,0.0,0.0
2024-08-19 14:00:00+08:00,0.26499998569488525,0.27000001072883606,0.26499998569488525,0.26499998569488525,375600,0.0,0.0
2024-08-19 15:00:00+08:00,0.26499998569488525,0.27000001072883606,0.26499998569488525,0.26499998569488525,1115700,0.0,0.0
2024-08-19 16:00:00+08:00,0.26499998569488525,0.27000001072883606,0.26499998569488525,0.26499998569488525,2767800,0.0,0.0
2024-08-20 09:00:00+08:00,0.27000001072883606,0.27000001072883606,0.26499998569488525,0.26499998569488525,242400,0.0,0.0
2024-08-20 10:00:00+08:00,0.26499998569488525,0.27000001072883606,0.26499998569488525,0.26499998569488525,154100,0.0,0.0
2024-08-20 11:00:00+08:00,0.26499998569488525,0.27000001072883606,0.26499998569488525,0.27000001072883606,326600,0.0,0.0
2024-08-20 12:00:00+08:00,0.26499998569488525,0.26499998569488525,0.26499998569488525,0.26499998569488525,88800,0.0,0.0
2024-08-20 13:00:00+08:00,0.26499998569488525,0.27000001072883606,0.26499998569488525,0.26499998569488525,135600,0.0,0.0
2024-08-20 14:00:00+08:00,0.26499998569488525,0.27000001072883606,0.26499998569488525,0.27000001072883606,111500,0.0,0.0
2024-08-20 15:00:00+08:00,0.27000001072883606,0.27000001072883606,0.26499998569488525,0.26499998569488525,283700,0.0,0.0
2024-08-20 16:00:00+08:00,0.26499998569488525,0.27000001072883606,0.26499998569488525,0.26499998569488525,790600,0.0,0.0
2024-08-21 09:00:00+08:00,0.27000001072883606,0.27000001072883606,0.26499998569488525,0.26499998569488525,31900,0.0,0.0
2024-08-21 10:00:00+08:00,0.26499998569488525,0.27000001072883606,0.26499998569488525,0.26499998569488525,24100,0.0,0.0
2024-08-21 11:00:00+08:00,0.26499998569488525,0.27000001072883606,0.26499998569488525,0.26499998569488525,48600,0.0,0.0
2024-08-21 12:00:00+08:00,0.26499998569488525,0.26499998569488525,0.26499998569488525,0.26499998569488525,117900,0.0,0.0
2024-08-21 13:00:00+08:00,0.27000001072883606,0.27000001072883606,0.26499998569488525,0.26499998569488525,131600,0.0,0.0
2024-08-21 14:00:00+08:00,0.26499998569488525,0.27000001072883606,0.26499998569488525,0.26499998569488525,57800,0.0,0.0
2024-08-21 15:00:00+08:00,0.26499998569488525,0.27000001072883606,0.26499998569488525,0.26499998569488525,366700,0.0,0.0
2024-08-21 16:00:00+08:00,0.26499998569488525,0.27000001072883606,0.26499998569488525,0.26499998569488525,918600,0.0,0.0
2024-08-22 09:00:00+08:00,0.26499998569488525,0.27000001072883606,0.26499998569488525,0.26499998569488525,25300,0.0,0.0
2024-08-22 10:00:00+08:00,0.26499998569488525,0.27000001072883606,0.26499998569488525,0.26499998569488525,48400,0.0,0.0
2024-08-22 11:00:00+08:00,0.26499998569488525,0.27000001072883606,0.26499998569488525,0.26499998569488525,38900,0.0,0.0
2024-08-22 12:00:00+08:00,0.27000001072883606,0.27000001072883606,0.27000001072883606,0.27000001072883606,43800,0.0,0.0
2024-08-22 13:00:00+08:00,0.26499998569488525,0.27000001072883606,0.26499998569488525,0.26499998569488525,39100,0.0,0.0
2024-08-22 14:00:00+08:00,0.26499998569488525,0.27000001072883606,0.26499998569488525,0.27000001072883606,109700,0.0,0.0
2024-08-22 15:00:00+08:00,0.27000001072883606,0.27000001072883606,0.26499998569488525,0.26499998569488525,32773800,0.0,0.0
2024-08-22 16:00:00+08:00,0.26499998569488525,0.27000001072883606,0.26499998569488525,0.26499998569488525,566700,0.0,0.0
2024-08-23 09:00:00+08:00,0.26499998569488525,0.26499998569488525,0.26499998569488525,0.26499998569488525,3800,0.0,0.0
2024-08-23 10:00:00+08:00,0.26499998569488525,0.27000001072883606,0.26499998569488525,0.27000001072883606,50300,0.0,0.0
2024-08-23 11:00:00+08:00,0.27000001072883606,0.27000001072883606,0.26499998569488525,0.26499998569488525,283900,0.0,0.0
2024-08-23 12:00:00+08:00,0.27000001072883606,0.27000001072883606,0.27000001072883606,0.27000001072883606,19800,0.0,0.0
2024-08-23 13:00:00+08:00,0.27000001072883606,0.27000001072883606,0.26499998569488525,0.26499998569488525,6700,0.0,0.0
2024-08-23 14:00:00+08:00,0.26499998569488525,0.27000001072883606,0.26499998569488525,0.26499998569488525,69800,0.0,0.0
2024-08-23 15:00:00+08:00,0.26499998569488525,0.27000001072883606,0.26499998569488525,0.26499998569488525,33100,0.0,0.0
2024-08-23 16:00:00+08:00,0.26499998569488525,0.27000001072883606,0.26499998569488525,0.26499998569488525,128900,0.0,0.0
2024-08-26 10:00:00+08:00,0.26499998569488525,0.27000001072883606,0.26499998569488525,0.27000001072883606,33600,0.0,0.0
2024-08-26 11:00:00+08:00,0.27000001072883606,0.27000001072883606,0.26499998569488525,0.26499998569488525,165900,0.0,0.0
2024-08-26 12:00:00+08:00,0.26499998569488525,0.27000001072883606,0.26499998569488525,0.27000001072883606,89500,0.0,0.0
2024-08-26 14:00:00+08:00,0.27000001072883606,0.27000001072883606,0.26499998569488525,0.26499998569488525,434000,0.0,0.0
2024-08-26 15:00:00+08:00,0.26499998569488525,0.27000001072883606,0.26499998569488525,0.26499998569488525,444600,0.0,0.0
2024-08-26 16:00:00+08:00,0.26499998569488525,0.27000001072883606,0.26499998569488525,0.26499998569488525,547300,0.0,0.0
2024-08-27 10:00:00+08:00,0.26499998569488525,0.27000001072883606,0.26499998569488525,0.26499998569488525,17100,0.0,0.0
2024-08-27 11:00:00+08:00,0.26499998569488525,0.27000001072883606,0.26499998569488525,0.27000001072883606,121700,0.0,0.0
2024-08-27 12:00:00+08:00,0.26499998569488525,0.27000001072883606,0.26499998569488525,0.27000001072883606,78800,0.0,0.0
2024-08-27 13:00:00+08:00,0.27000001072883606,0.27000001072883606,0.26499998569488525,0.27000001072883606,79100,0.0,0.0
2024-08-27 14:00:00+08:00,0.26499998569488525,0.2750000059604645,0.26499998569488525,0.2750000059604645,6079100,0.0,0.0
2024-08-27 15:00:00+08:00,0.2750000059604645,0.2750000059604645,0.26499998569488525,0.27000001072883606,5587000,0.0,0.0
2024-08-27 16:00:00+08:00,0.27000001072883606,0.27000001072883606,0.26499998569488525,0.26499998569488525,508300,0.0,0.0
2024-08-28 09:00:00+08:00,0.26499998569488525,0.26499998569488525,0.26499998569488525,0.26499998569488525,27800,0.0,0.0
2024-08-28 10:00:00+08:00,0.26499998569488525,0.27000001072883606,0.26499998569488525,0.26499998569488525,69400,0.0,0.0
2024-08-28 11:00:00+08:00,0.26499998569488525,0.27000001072883606,0.26499998569488525,0.26499998569488525,771400,0.0,0.0
2024-08-28 12:00:00+08:00,0.27000001072883606,0.27000001072883606,0.27000001072883606,0.27000001072883606,55900,0.0,0.0
2024-08-28 13:00:00+08:00,0.27000001072883606,0.27000001072883606,0.26499998569488525,0.26499998569488525,212600,0.0,0.0
2024-08-28 14:00:00+08:00,0.26499998569488525,0.27000001072883606,0.26499998569488525,0.27000001072883606,45500,0.0,0.0
2024-08-28 15:00:00+08:00,0.27000001072883606,0.27000001072883606,0.26499998569488525,0.26499998569488525,87700,0.0,0.0
2024-08-28 16:00:00+08:00,0.26499998569488525,0.2750000059604645,0.26499998569488525,0.27000001072883606,1108200,0.0,0.0
2024-08-29 09:00:00+08:00,0.27000001072883606,0.2750000059604645,0.27000001072883606,0.2750000059604645,300300,0.0,0.0
2024-08-29 10:00:00+08:00,0.2750000059604645,0.2750000059604645,0.26499998569488525,0.27000001072883606,1090300,0.0,0.0
2024-08-29 11:00:00+08:00,0.27000001072883606,0.27000001072883606,0.26499998569488525,0.26499998569488525,412100,0.0,0.0
2024-08-29 12:00:00+08:00,0.26499998569488525,0.27000001072883606,0.26499998569488525,0.27000001072883606,107400,0.0,0.0
2024-08-29 13:00:00+08:00,0.27000001072883606,0.27000001072883606,0.27000001072883606,0.27000001072883606,33400,0.0,0.0
2024-08-29 14:00:00+08:00,0.27000001072883606,0.27000001072883606,0.26499998569488525,0.26499998569488525,84000,0.0,0.0
2024-08-29 15:00:00+08:00,0.26499998569488525,0.27000001072883606,0.26499998569488525,0.27000001072883606,435600,0.0,0.0
2024-08-29 16:00:00+08:00,0.26499998569488525,0.27000001072883606,0.26499998569488525,0.26499998569488525,939900,0.0,0.0
2024-08-30 09:00:00+08:00,0.26499998569488525,0.26499998569488525,0.26499998569488525,0.26499998569488525,85700,0.0,0.0
2024-08-30 10:00:00+08:00,0.26499998569488525,0.26499998569488525,0.26499998569488525,0.26499998569488525,182800,0.0,0.0
2024-08-30 11:00:00+08:00,0.26499998569488525,0.27000001072883606,0.26499998569488525,0.26499998569488525,223600,0.0,0.0
2024-08-30 12:00:00+08:00,0.26499998569488525,0.26499998569488525,0.26499998569488525,0.26499998569488525,70300,0.0,0.0
2024-08-30 13:00:00+08:00,0.26499998569488525,0.27000001072883606,0.26499998569488525,0.27000001072883606,145800,0.0,0.0
2024-08-30 14:00:00+08:00,0.27000001072883606,0.27000001072883606,0.26499998569488525,0.27000001072883606,0,0.0,0.0
2024-08-30 15:00:00+08:00,0.26499998569488525,0.27000001072883606,0.26499998569488525,0.27000001072883606,1480800,0.0,0.0
2024-08-30 16:00:00+08:00,0.27000001072883606,0.27000001072883606,0.26499998569488525,0.26499998569488525,414900,0.0,0.0
