Datetime,Open,High,Low,Close,Volume,Dividends,Stock Splits,Capital Gains
2022-07-07 13:30:00-04:00,24.405000686645508,24.420000076293945,24.405000686645508,24.420000076293945,0,0.0,0.0,0.0
2022-07-08 12:30:00-04:00,24.3700008392334,24.3700008392334,24.3700008392334,24.3700008392334,1247,0.0,0.0,0.0
2022-07-08 13:30:00-04:00,24.360000610351562,24.360000610351562,24.360000610351562,24.360000610351562,481,0.0,0.0,0.0
2022-07-11 09:30:00-04:00,24.43000030517578,24.43000030517578,24.43000030517578,24.43000030517578,0,0.0,0.0,0.0
2022-07-11 10:30:00-04:00,24.43000030517578,24.430099487304688,24.43000030517578,24.430099487304688,1021,0.0,0.0,0.0
2022-07-11 12:30:00-04:00,24.40999984741211,24.40999984741211,24.37969970703125,24.37969970703125,2819,0.0,0.0,0.0
2022-07-12 09:30:00-04:00,24.440000534057617,24.440000534057617,24.43000030517578,24.43000030517578,0,0.0,0.0,0.0
2022-07-12 12:30:00-04:00,24.43000030517578,24.43000030517578,24.43000030517578,24.43000030517578,1311,0.0,0.0,0.0
2022-07-12 13:30:00-04:00,24.420000076293945,24.420000076293945,24.404699325561523,24.420000076293945,600,0.0,0.0,0.0
2022-07-13 11:30:00-04:00,24.3799991607666,24.3799991607666,24.3799991607666,24.3799991607666,511,0.0,0.0,0.0
2022-07-13 12:30:00-04:00,24.40999984741211,24.40999984741211,24.40999984741211,24.40999984741211,345,0.0,0.0,0.0
2022-07-13 13:30:00-04:00,24.392499923706055,24.416099548339844,24.392499923706055,24.416099548339844,467,0.0,0.0,0.0
2022-07-14 12:30:00-04:00,24.3799991607666,24.3799991607666,24.3700008392334,24.3700008392334,0,0.0,0.0,0.0
2022-07-14 14:30:00-04:00,24.391599655151367,24.391599655151367,24.391599655151367,24.391599655151367,756,0.0,0.0,0.0
2022-07-14 15:30:00-04:00,24.391300201416016,24.391300201416016,24.391300201416016,24.391300201416016,0,0.0,0.0,0.0
2022-07-15 09:30:00-04:00,24.360000610351562,24.43000030517578,24.360000610351562,24.43000030517578,1208,0.0,0.0,0.0
2022-07-15 12:30:00-04:00,24.440000534057617,24.440000534057617,24.43000030517578,24.43000030517578,767,0.0,0.0,0.0
2022-07-15 14:30:00-04:00,24.434099197387695,24.434999465942383,24.420000076293945,24.434999465942383,597,0.0,0.0,0.0
2022-07-18 09:30:00-04:00,24.389999389648438,24.389999389648438,24.389999389648438,24.389999389648438,0,0.0,0.0,0.0
2022-07-18 10:30:00-04:00,24.389999389648438,24.389999389648438,24.378999710083008,24.378999710083008,453,0.0,0.0,0.0
2022-07-18 13:30:00-04:00,24.3700008392334,24.3799991607666,24.354999542236328,24.354999542236328,616,0.0,0.0,0.0
2022-07-19 12:30:00-04:00,24.340999603271484,24.340999603271484,24.340999603271484,24.340999603271484,0,0.0,0.0,0.0
2022-07-19 13:30:00-04:00,24.34000015258789,24.354400634765625,24.34000015258789,24.354400634765625,3289,0.0,0.0,0.0
2022-07-20 10:30:00-04:00,24.34000015258789,24.34000015258789,24.34000015258789,24.34000015258789,0,0.0,0.0,0.0
2022-07-20 11:30:00-04:00,24.358999252319336,24.358999252319336,24.358999252319336,24.358999252319336,100,0.0,0.0,0.0
2022-07-20 12:30:00-04:00,24.34000015258789,24.350000381469727,24.34000015258789,24.350000381469727,959,0.0,0.0,0.0
2022-07-20 15:30:00-04:00,24.34000015258789,24.34000015258789,24.32110023498535,24.32110023498535,474,0.0,0.0,0.0
2022-07-21 12:30:00-04:00,24.43000030517578,24.440000534057617,24.43000030517578,24.440000534057617,0,0.0,0.0,0.0
2022-07-21 13:30:00-04:00,24.43000030517578,24.48539924621582,24.43000030517578,24.48539924621582,15392,0.0,0.0,0.0
2022-07-22 11:30:00-04:00,24.56999969482422,24.56999969482422,24.56999969482422,24.56999969482422,0,0.0,0.0,0.0
2022-07-22 12:30:00-04:00,24.584999084472656,24.600400924682617,24.584999084472656,24.600400924682617,490,0.0,0.0,0.0
2022-07-25 12:30:00-04:00,24.530000686645508,24.530000686645508,24.530000686645508,24.530000686645508,0,0.0,0.0,0.0
2022-07-25 13:30:00-04:00,24.540000915527344,24.559999465942383,24.540000915527344,24.559999465942383,2272,0.0,0.0,0.0
2022-07-25 14:30:00-04:00,24.576900482177734,24.576900482177734,24.576900482177734,24.576900482177734,4647,0.0,0.0,0.0
2022-07-25 15:30:00-04:00,24.559999465942383,24.559999465942383,24.559999465942383,24.559999465942383,122,0.0,0.0,0.0
2022-07-26 09:30:00-04:00,24.56999969482422,24.56999969482422,24.56999969482422,24.56999969482422,0,0.0,0.0,0.0
2022-07-26 13:30:00-04:00,24.549999237060547,24.569900512695312,24.549999237060547,24.569900512695312,1510,0.0,0.0,0.0
2022-07-26 15:30:00-04:00,24.549999237060547,24.549999237060547,24.532499313354492,24.532499313354492,1277,0.0,0.0,0.0
2022-07-27 09:30:00-04:00,24.56999969482422,24.56999969482422,24.56999969482422,24.56999969482422,0,0.0,0.0,0.0
2022-07-27 11:30:00-04:00,24.570100784301758,24.570100784301758,24.570100784301758,24.570100784301758,745,0.0,0.0,0.0
2022-07-27 13:30:00-04:00,24.59000015258789,24.59000015258789,24.59000015258789,24.59000015258789,1573,0.0,0.0,0.0
2022-07-27 14:30:00-04:00,24.638999938964844,24.639999389648438,24.632600784301758,24.632600784301758,325,0.0,0.0,0.0
2022-07-28 09:30:00-04:00,24.75,24.75,24.75,24.75,0,0.0,0.0,0.0
2022-07-28 10:30:00-04:00,24.75,24.75,24.75,24.75,413,0.0,0.0,0.0
2022-07-28 11:30:00-04:00,24.760000228881836,24.760000228881836,24.739999771118164,24.739999771118164,737,0.0,0.0,0.0
2022-07-28 12:30:00-04:00,24.711000442504883,24.75,24.709999084472656,24.75,960,0.0,0.0,0.0
2022-07-28 13:30:00-04:00,24.75,24.75,24.729999542236328,24.75,1209,0.0,0.0,0.0
2022-07-28 14:30:00-04:00,24.739999771118164,24.770000457763672,24.739999771118164,24.770000457763672,485,0.0,0.0,0.0
2022-07-28 15:30:00-04:00,24.770000457763672,24.770000457763672,24.760000228881836,24.770000457763672,563,0.0,0.0,0.0
2022-07-29 12:30:00-04:00,24.770000457763672,24.770000457763672,24.770000457763672,24.770000457763672,0,0.0,0.0,0.0
2022-07-29 13:30:00-04:00,24.760099411010742,24.780000686645508,24.760000228881836,24.778600692749023,7255,0.0,0.0,0.0
2022-08-01 09:30:00-04:00,24.75,24.760000228881836,24.75,24.75,0,0.0,0.0,0.0
2022-08-01 12:30:00-04:00,24.778099060058594,24.778099060058594,24.778099060058594,24.778099060058594,614,0.0,0.0,0.0
2022-08-01 13:30:00-04:00,24.760099411010742,24.760099411010742,24.760000228881836,24.760000228881836,2123,0.0,0.0,0.0
2022-08-01 14:30:00-04:00,24.770000457763672,24.770000457763672,24.758699417114258,24.758699417114258,619,0.0,0.0,0.0
2022-08-02 09:30:00-04:00,24.760000228881836,24.760000228881836,24.760000228881836,24.760000228881836,0,0.0,0.0,0.0
2022-08-02 10:30:00-04:00,24.68000030517578,24.68000030517578,24.670000076293945,24.68000030517578,12205,0.0,0.0,0.0
2022-08-02 12:30:00-04:00,24.680099487304688,24.680099487304688,24.680099487304688,24.680099487304688,100,0.0,0.0,0.0
2022-08-02 13:30:00-04:00,24.64349937438965,24.64349937438965,24.6200008392334,24.6200008392334,124273,0.0,0.0,0.0
2022-08-02 14:30:00-04:00,24.6200008392334,24.6200008392334,24.594999313354492,24.594999313354492,365,0.0,0.0,0.0
2022-08-03 09:30:00-04:00,24.549999237060547,24.549999237060547,24.549999237060547,24.549999237060547,0,0.0,0.0,0.0
2022-08-03 10:30:00-04:00,24.57670021057129,24.57670021057129,24.57670021057129,24.57670021057129,113,0.0,0.0,0.0
2022-08-03 12:30:00-04:00,24.58099937438965,24.58099937438965,24.579999923706055,24.579999923706055,335,0.0,0.0,0.0
2022-08-03 13:30:00-04:00,24.600000381469727,24.610000610351562,24.600000381469727,24.610000610351562,2570,0.0,0.0,0.0
2022-08-03 14:30:00-04:00,24.627899169921875,24.627899169921875,24.627899169921875,24.627899169921875,147,0.0,0.0,0.0
2022-08-03 15:30:00-04:00,24.65999984741211,24.65999984741211,24.657100677490234,24.657100677490234,0,0.0,0.0,0.0
2022-08-04 12:30:00-04:00,24.690000534057617,24.691999435424805,24.690000534057617,24.691999435424805,253,0.0,0.0,0.0
2022-08-04 13:30:00-04:00,24.709999084472656,24.739500045776367,24.700000762939453,24.739500045776367,1214,0.0,0.0,0.0
2022-08-05 13:30:00-04:00,24.559999465942383,24.559999465942383,24.55940055847168,24.55940055847168,0,0.0,0.0,0.0
2022-08-08 12:30:00-04:00,24.56999969482422,24.579999923706055,24.56999969482422,24.579999923706055,1006,0.0,0.0,0.0
2022-08-08 14:30:00-04:00,24.56999969482422,24.56999969482422,24.56999969482422,24.56999969482422,622,0.0,0.0,0.0
2022-08-08 15:30:00-04:00,24.579999923706055,24.579999923706055,24.570499420166016,24.570499420166016,100,0.0,0.0,0.0
2022-08-09 12:30:00-04:00,24.549999237060547,24.549999237060547,24.510000228881836,24.510000228881836,0,0.0,0.0,0.0
2022-08-09 13:30:00-04:00,24.530000686645508,24.530000686645508,24.530000686645508,24.530000686645508,100,0.0,0.0,0.0
2022-08-09 14:30:00-04:00,24.540000915527344,24.540000915527344,24.51650047302246,24.51650047302246,100,0.0,0.0,0.0
2022-08-10 10:30:00-04:00,24.639999389648438,24.639999389648438,24.63129997253418,24.63129997253418,1369,0.0,0.0,0.0
2022-08-10 12:30:00-04:00,24.639999389648438,24.649999618530273,24.639999389648438,24.649999618530273,3473,0.0,0.0,0.0
2022-08-10 13:30:00-04:00,24.6299991607666,24.6299991607666,24.6117000579834,24.6299991607666,100,0.0,0.0,0.0
2022-08-11 09:30:00-04:00,24.690000534057617,24.690000534057617,24.690000534057617,24.690000534057617,0,0.0,0.0,0.0
2022-08-11 10:30:00-04:00,24.622499465942383,24.622499465942383,24.622499465942383,24.622499465942383,127,0.0,0.0,0.0
2022-08-11 13:30:00-04:00,24.579999923706055,24.59000015258789,24.579999923706055,24.579999923706055,1469,0.0,0.0,0.0
2022-08-11 14:30:00-04:00,24.55270004272461,24.568700790405273,24.55270004272461,24.568700790405273,4546,0.0,0.0,0.0
2022-08-12 13:30:00-04:00,24.600000381469727,24.610000610351562,24.600000381469727,24.604000091552734,873,0.0,0.0,0.0
2022-08-12 14:30:00-04:00,24.6200008392334,24.6200008392334,24.6200008392334,24.6200008392334,101,0.0,0.0,0.0
2022-08-12 15:30:00-04:00,24.639999389648438,24.639999389648438,24.639999389648438,24.639999389648438,100,0.0,0.0,0.0
2022-08-15 12:30:00-04:00,24.650999069213867,24.65999984741211,24.649999618530273,24.649999618530273,6178,0.0,0.0,0.0
2022-08-15 13:30:00-04:00,24.650999069213867,24.650999069213867,24.642000198364258,24.642000198364258,604,0.0,0.0,0.0
2022-08-15 14:30:00-04:00,24.639999389648438,24.65999984741211,24.639999389648438,24.639999389648438,434,0.0,0.0,0.0
2022-08-15 15:30:00-04:00,24.639999389648438,24.65999984741211,24.639999389648438,24.649999618530273,300,0.0,0.0,0.0
2022-08-16 09:30:00-04:00,24.639999389648438,24.639999389648438,24.59000015258789,24.594999313354492,74,0.0,0.0,0.0
2022-08-16 10:30:00-04:00,24.594999313354492,24.594999313354492,24.594999313354492,24.594999313354492,3700,0.0,0.0,0.0
2022-08-16 11:30:00-04:00,24.600000381469727,24.610000610351562,24.600000381469727,24.610000610351562,3868,0.0,0.0,0.0
2022-08-16 12:30:00-04:00,24.6200008392334,24.6200008392334,24.614999771118164,24.614999771118164,3200,0.0,0.0,0.0
2022-08-16 13:30:00-04:00,24.614999771118164,24.6200008392334,24.610000610351562,24.614999771118164,5754,0.0,0.0,0.0
2022-08-16 14:30:00-04:00,24.614999771118164,24.614999771118164,24.614999771118164,24.614999771118164,3936,0.0,0.0,0.0
2022-08-16 15:30:00-04:00,24.614999771118164,24.6200008392334,24.610000610351562,24.610000610351562,5250,0.0,0.0,0.0
2022-08-17 12:30:00-04:00,24.489999771118164,24.5,24.489999771118164,24.5,0,0.0,0.0,0.0
2022-08-17 13:30:00-04:00,24.479999542236328,24.479999542236328,24.479999542236328,24.479999542236328,2528,0.0,0.0,0.0
2022-08-17 14:30:00-04:00,24.540000915527344,24.540000915527344,24.506900787353516,24.506900787353516,275,0.0,0.0,0.0
2022-08-18 11:30:00-04:00,24.550100326538086,24.551000595092773,24.549999237060547,24.550100326538086,559,0.0,0.0,0.0
2022-08-18 12:30:00-04:00,24.559999465942383,24.559999465942383,24.549999237060547,24.549999237060547,1310,0.0,0.0,0.0
2022-08-18 13:30:00-04:00,24.540000915527344,24.540000915527344,24.540000915527344,24.540000915527344,100,0.0,0.0,0.0
2022-08-18 14:30:00-04:00,24.540000915527344,24.540000915527344,24.530000686645508,24.540000915527344,424,0.0,0.0,0.0
2022-08-18 15:30:00-04:00,24.548999786376953,24.548999786376953,24.548999786376953,24.548999786376953,240,0.0,0.0,0.0
2022-08-19 13:30:00-04:00,24.459999084472656,24.459999084472656,24.459999084472656,24.459999084472656,429,0.0,0.0,0.0
2022-08-19 14:30:00-04:00,24.459999084472656,24.459999084472656,24.459999084472656,24.459999084472656,14402,0.0,0.0,0.0
2022-08-19 15:30:00-04:00,24.459999084472656,24.459999084472656,24.459999084472656,24.459999084472656,102,0.0,0.0,0.0
2022-08-22 09:30:00-04:00,24.3799991607666,24.389999389648438,24.3799991607666,24.389999389648438,0,0.0,0.0,0.0
2022-08-22 10:30:00-04:00,24.389999389648438,24.389999389648438,24.385000228881836,24.389999389648438,872,0.0,0.0,0.0
2022-08-22 11:30:00-04:00,24.389999389648438,24.389999389648438,24.3700008392334,24.3700008392334,839,0.0,0.0,0.0
2022-08-22 12:30:00-04:00,24.3700008392334,24.3700008392334,24.350000381469727,24.350000381469727,1655,0.0,0.0,0.0
2022-08-22 13:30:00-04:00,24.354999542236328,24.354999542236328,24.329999923706055,24.329999923706055,3468,0.0,0.0,0.0
2022-08-22 14:30:00-04:00,24.34000015258789,24.350000381469727,24.329999923706055,24.34000015258789,2490,0.0,0.0,0.0
2022-08-22 15:30:00-04:00,24.34000015258789,24.350000381469727,24.329999923706055,24.34480094909668,1259,0.0,0.0,0.0
2022-08-23 09:30:00-04:00,24.38599967956543,24.38599967956543,24.38599967956543,24.38599967956543,0,0.0,0.0,0.0
2022-08-23 11:30:00-04:00,24.399999618530273,24.399999618530273,24.399999618530273,24.399999618530273,540,0.0,0.0,0.0
2022-08-23 13:30:00-04:00,24.3700008392334,24.3700008392334,24.3700008392334,24.3700008392334,2673,0.0,0.0,0.0
2022-08-23 14:30:00-04:00,24.360000610351562,24.360000610351562,24.354999542236328,24.354999542236328,200,0.0,0.0,0.0
2022-08-23 15:30:00-04:00,24.354999542236328,24.354999542236328,24.354400634765625,24.354400634765625,108,0.0,0.0,0.0
2022-08-24 12:30:00-04:00,24.309999465942383,24.309999465942383,24.299999237060547,24.299999237060547,0,0.0,0.0,0.0
2022-08-24 15:30:00-04:00,24.31999969482422,24.31999969482422,24.31999969482422,24.31999969482422,386,0.0,0.0,0.0
2022-08-25 13:30:00-04:00,24.389999389648438,24.399999618530273,24.389999389648438,24.399999618530273,0,0.0,0.0,0.0
2022-08-25 15:30:00-04:00,24.420000076293945,24.420000076293945,24.41900062561035,24.41900062561035,103,0.0,0.0,0.0
2022-08-26 09:30:00-04:00,24.3799991607666,24.3799991607666,24.3799991607666,24.3799991607666,0,0.0,0.0,0.0
2022-08-26 10:30:00-04:00,24.36829948425293,24.36829948425293,24.36829948425293,24.36829948425293,398,0.0,0.0,0.0
2022-08-26 13:30:00-04:00,24.360000610351562,24.360000610351562,24.350000381469727,24.350000381469727,1357,0.0,0.0,0.0
2022-08-26 15:30:00-04:00,24.329999923706055,24.34000015258789,24.329999923706055,24.34000015258789,826,0.0,0.0,0.0
2022-08-29 13:30:00-04:00,24.299999237060547,24.299999237060547,24.290000915527344,24.299999237060547,9017,0.0,0.0,0.0
2022-08-29 14:30:00-04:00,24.295000076293945,24.295000076293945,24.290000915527344,24.290000915527344,411,0.0,0.0,0.0
2022-08-29 15:30:00-04:00,24.290000915527344,24.290000915527344,24.280000686645508,24.280000686645508,120,0.0,0.0,0.0
2022-08-30 10:30:00-04:00,24.260000228881836,24.260000228881836,24.260000228881836,24.260000228881836,0,0.0,0.0,0.0
2022-08-30 11:30:00-04:00,24.260000228881836,24.260000228881836,24.260000228881836,24.260000228881836,100,0.0,0.0,0.0
2022-08-30 12:30:00-04:00,24.270000457763672,24.280000686645508,24.260000228881836,24.260000228881836,2396,0.0,0.0,0.0
2022-08-30 13:30:00-04:00,24.264999389648438,24.264999389648438,24.264999389648438,24.264999389648438,498,0.0,0.0,0.0
2022-08-30 14:30:00-04:00,24.270000457763672,24.270000457763672,24.270000457763672,24.270000457763672,191,0.0,0.0,0.0
2022-08-30 15:30:00-04:00,24.280000686645508,24.299999237060547,24.280000686645508,24.299999237060547,200,0.0,0.0,0.0
2022-08-31 12:30:00-04:00,24.239999771118164,24.25,24.19569969177246,24.19569969177246,2189,0.0,0.0,0.0
2022-09-01 11:30:00-04:00,24.110000610351562,24.110000610351562,24.110000610351562,24.110000610351562,0,0.0,0.0,0.0
2022-09-01 12:30:00-04:00,24.149999618530273,24.174999237060547,24.149999618530273,24.174999237060547,2318,0.0,0.0,0.0
2022-09-02 11:30:00-04:00,24.25,24.25,24.222200393676758,24.222200393676758,0,0.0,0.0,0.0
2022-09-06 13:30:00-04:00,24.139999389648438,24.139999389648438,24.11669921875,24.11669921875,1623,0.0,0.0,0.0
2022-09-07 09:30:00-04:00,24.139999389648438,24.139999389648438,24.139999389648438,24.139999389648438,0,0.0,0.0,0.0
2022-09-07 10:30:00-04:00,24.19499969482422,24.19499969482422,24.19499969482422,24.19499969482422,300,0.0,0.0,0.0
2022-09-07 11:30:00-04:00,24.179899215698242,24.190000534057617,24.179899215698242,24.190000534057617,14722,0.0,0.0,0.0
2022-09-07 12:30:00-04:00,24.19499969482422,24.200000762939453,24.18000030517578,24.200000762939453,5926,0.0,0.0,0.0
2022-09-07 13:30:00-04:00,24.209999084472656,24.219999313354492,24.209999084472656,24.21739959716797,4385,0.0,0.0,0.0
2022-09-07 14:30:00-04:00,24.202199935913086,24.202199935913086,24.202199935913086,24.202199935913086,198,0.0,0.0,0.0
2022-09-07 15:30:00-04:00,24.209999084472656,24.209999084472656,24.209999084472656,24.209999084472656,126,0.0,0.0,0.0
2022-09-08 09:30:00-04:00,24.211000442504883,24.211000442504883,24.209999084472656,24.209999084472656,0,0.0,0.0,0.0
2022-09-08 10:30:00-04:00,24.219999313354492,24.219999313354492,24.219999313354492,24.219999313354492,600,0.0,0.0,0.0
2022-09-08 11:30:00-04:00,24.219999313354492,24.219999313354492,24.190000534057617,24.19499969482422,1484,0.0,0.0,0.0
2022-09-08 12:30:00-04:00,24.204999923706055,24.219999313354492,24.190000534057617,24.200000762939453,5310,0.0,0.0,0.0
2022-09-08 14:30:00-04:00,24.190000534057617,24.192899703979492,24.190000534057617,24.192899703979492,0,0.0,0.0,0.0
2022-09-09 12:30:00-04:00,24.209999084472656,24.209999084472656,24.209999084472656,24.209999084472656,3948,0.0,0.0,0.0
2022-09-09 13:30:00-04:00,24.19499969482422,24.19499969482422,24.19499969482422,24.19499969482422,2707,0.0,0.0,0.0
2022-09-09 15:30:00-04:00,24.184999465942383,24.184999465942383,24.184999465942383,24.184999465942383,800,0.0,0.0,0.0
2022-09-12 11:30:00-04:00,24.209999084472656,24.209999084472656,24.209999084472656,24.209999084472656,0,0.0,0.0,0.0
2022-09-12 12:30:00-04:00,24.209999084472656,24.209999084472656,24.204999923706055,24.204999923706055,1258,0.0,0.0,0.0
2022-09-12 13:30:00-04:00,24.209999084472656,24.219999313354492,24.204999923706055,24.204999923706055,1956,0.0,0.0,0.0
2022-09-12 14:30:00-04:00,24.18000030517578,24.190000534057617,24.18000030517578,24.190000534057617,773,0.0,0.0,0.0
2022-09-12 15:30:00-04:00,24.18000030517578,24.18000030517578,24.170000076293945,24.170000076293945,785,0.0,0.0,0.0
2022-09-13 11:30:00-04:00,24.059999465942383,24.059999465942383,24.059999465942383,24.059999465942383,0,0.0,0.0,0.0
2022-09-13 13:30:00-04:00,24.049999237060547,24.059999465942383,24.049999237060547,24.059999465942383,3426,0.0,0.0,0.0
2022-09-13 14:30:00-04:00,24.059999465942383,24.065000534057617,24.059999465942383,24.064899444580078,0,0.0,0.0,0.0
2022-09-14 13:30:00-04:00,24.079999923706055,24.09000015258789,24.079999923706055,24.09000015258789,3466,0.0,0.0,0.0
2022-09-14 14:30:00-04:00,24.084999084472656,24.084999084472656,24.084999084472656,24.084999084472656,194,0.0,0.0,0.0
2022-09-14 15:30:00-04:00,24.06999969482422,24.06999969482422,24.06999969482422,24.06999969482422,431,0.0,0.0,0.0
2022-09-15 09:30:00-04:00,24.040000915527344,24.05500030517578,24.03499984741211,24.05500030517578,0,0.0,0.0,0.0
2022-09-15 10:30:00-04:00,24.05500030517578,24.059999465942383,24.05500030517578,24.05500030517578,3900,0.0,0.0,0.0
2022-09-15 11:30:00-04:00,24.05500030517578,24.05500030517578,24.024999618530273,24.024999618530273,2901,0.0,0.0,0.0
2022-09-15 12:30:00-04:00,24.024999618530273,24.030000686645508,24.024999618530273,24.030000686645508,2596,0.0,0.0,0.0
2022-09-15 13:30:00-04:00,24.040000915527344,24.040000915527344,24.030000686645508,24.03499984741211,3191,0.0,0.0,0.0
2022-09-15 14:30:00-04:00,24.040000915527344,24.040000915527344,24.030000686645508,24.03499984741211,3559,0.0,0.0,0.0
2022-09-15 15:30:00-04:00,24.03499984741211,24.03499984741211,24.030000686645508,24.030000686645508,3849,0.0,0.0,0.0
2022-09-16 12:30:00-04:00,24.030000686645508,24.030000686645508,24.020000457763672,24.020000457763672,0,0.0,0.0,0.0
2022-09-16 13:30:00-04:00,24.030000686645508,24.036300659179688,24.030000686645508,24.030000686645508,224,0.0,0.0,0.0
2022-09-19 09:30:00-04:00,23.924999237060547,23.93000030517578,23.924999237060547,23.93000030517578,1131,0.0,0.0,0.0
2022-09-19 10:30:00-04:00,23.94099998474121,23.961000442504883,23.940000534057617,23.959999084472656,1000,0.0,0.0,0.0
2022-09-19 11:30:00-04:00,23.959999084472656,23.959999084472656,23.950000762939453,23.950000762939453,925,0.0,0.0,0.0
2022-09-19 12:30:00-04:00,23.959999084472656,23.959999084472656,23.950000762939453,23.950000762939453,906,0.0,0.0,0.0
2022-09-19 13:30:00-04:00,23.950000762939453,23.956899642944336,23.940000534057617,23.956899642944336,0,0.0,0.0,0.0
2022-09-20 10:30:00-04:00,23.895000457763672,23.895000457763672,23.895000457763672,23.895000457763672,328,0.0,0.0,0.0
2022-09-20 13:30:00-04:00,23.920000076293945,23.93000030517578,23.899999618530273,23.910600662231445,2667,0.0,0.0,0.0
2022-09-20 15:30:00-04:00,23.899999618530273,23.899999618530273,23.899999618530273,23.899999618530273,508,0.0,0.0,0.0
2022-09-21 10:30:00-04:00,23.920000076293945,23.920000076293945,23.920000076293945,23.920000076293945,0,0.0,0.0,0.0
2022-09-21 11:30:00-04:00,23.899999618530273,23.899999618530273,23.899999618530273,23.899999618530273,500,0.0,0.0,0.0
2022-09-21 12:30:00-04:00,23.88010025024414,23.889999389648438,23.88010025024414,23.889999389648438,2090,0.0,0.0,0.0
2022-09-21 13:30:00-04:00,23.850000381469727,23.850000381469727,23.84000015258789,23.84000015258789,233139,0.0,0.0,0.0
2022-09-21 14:30:00-04:00,23.8799991607666,23.90999984741211,23.8799991607666,23.90999984741211,979,0.0,0.0,0.0
2022-09-21 15:30:00-04:00,23.889999389648438,23.889999389648438,23.8799991607666,23.88159942626953,1200,0.0,0.0,0.0
2022-09-22 12:30:00-04:00,23.770000457763672,23.770000457763672,23.770000457763672,23.770000457763672,0,0.0,0.0,0.0
2022-09-22 13:30:00-04:00,23.770000457763672,23.770000457763672,23.756999969482422,23.756999969482422,1495,0.0,0.0,0.0
2022-09-23 09:30:00-04:00,23.719999313354492,23.719999313354492,23.719999313354492,23.719999313354492,54284,0.0,0.0,0.0
2022-09-23 10:30:00-04:00,23.690099716186523,23.690099716186523,23.690099716186523,23.690099716186523,1801,0.0,0.0,0.0
2022-09-23 12:30:00-04:00,23.701200485229492,23.701200485229492,23.701200485229492,23.701200485229492,662,0.0,0.0,0.0
2022-09-23 13:30:00-04:00,23.690000534057617,23.700000762939453,23.680099487304688,23.680099487304688,2886,0.0,0.0,0.0
2022-09-23 14:30:00-04:00,23.670000076293945,23.670000076293945,23.670000076293945,23.670000076293945,602,0.0,0.0,0.0
2022-09-23 15:30:00-04:00,23.709999084472656,23.709999084472656,23.709999084472656,23.709999084472656,100,0.0,0.0,0.0
2022-09-26 09:30:00-04:00,23.6299991607666,23.665000915527344,23.6299991607666,23.665000915527344,0,0.0,0.0,0.0
2022-09-26 10:30:00-04:00,23.665000915527344,23.665000915527344,23.635000228881836,23.635000228881836,0,0.0,0.0,0.0
2022-09-26 11:30:00-04:00,23.635000228881836,23.635000228881836,23.59000015258789,23.59000015258789,9533,0.0,0.0,0.0
2022-09-26 12:30:00-04:00,23.565000534057617,23.565000534057617,23.545000076293945,23.545000076293945,1368,0.0,0.0,0.0
2022-09-26 13:30:00-04:00,23.545000076293945,23.549999237060547,23.540000915527344,23.545000076293945,3522,0.0,0.0,0.0
2022-09-26 14:30:00-04:00,23.545000076293945,23.549999237060547,23.540000915527344,23.545000076293945,2087,0.0,0.0,0.0
2022-09-26 15:30:00-04:00,23.545000076293945,23.549999237060547,23.540000915527344,23.549999237060547,2134,0.0,0.0,0.0
2022-09-27 09:30:00-04:00,23.540000915527344,23.540000915527344,23.540000915527344,23.540000915527344,0,0.0,0.0,0.0
2022-09-27 13:30:00-04:00,23.469999313354492,23.469999313354492,23.459999084472656,23.459999084472656,793,0.0,0.0,0.0
2022-09-27 14:30:00-04:00,23.46500015258789,23.46500015258789,23.459999084472656,23.459999084472656,501,0.0,0.0,0.0
2022-09-27 15:30:00-04:00,23.450000762939453,23.450000762939453,23.440000534057617,23.440000534057617,691,0.0,0.0,0.0
2022-09-28 09:30:00-04:00,23.549999237060547,23.590099334716797,23.549999237060547,23.590099334716797,0,0.0,0.0,0.0
2022-09-28 10:30:00-04:00,23.62689971923828,23.62689971923828,23.62689971923828,23.62689971923828,312,0.0,0.0,0.0
2022-09-28 13:30:00-04:00,23.65999984741211,23.670000076293945,23.65999984741211,23.670000076293945,1942,0.0,0.0,0.0
2022-09-28 14:30:00-04:00,23.65999984741211,23.706199645996094,23.65999984741211,23.706199645996094,1703,0.0,0.0,0.0
2022-09-29 12:30:00-04:00,23.56999969482422,23.59000015258789,23.56999969482422,23.59000015258789,983,0.0,0.0,0.0
2022-09-29 14:30:00-04:00,23.594999313354492,23.6200008392334,23.59000015258789,23.6200008392334,4940,0.0,0.0,0.0
2022-09-29 15:30:00-04:00,23.6299991607666,23.6299991607666,23.6299991607666,23.6299991607666,822,0.0,0.0,0.0
2022-09-30 09:30:00-04:00,23.6299991607666,23.649999618530273,23.6299991607666,23.649999618530273,0,0.0,0.0,0.0
2022-09-30 10:30:00-04:00,23.65999984741211,23.65999984741211,23.65999984741211,23.65999984741211,511,0.0,0.0,0.0
2022-09-30 11:30:00-04:00,23.65999984741211,23.65999984741211,23.65999984741211,23.65999984741211,145,0.0,0.0,0.0
2022-09-30 12:30:00-04:00,23.68000030517578,23.68000030517578,23.58060073852539,23.58060073852539,726,0.0,0.0,0.0
2022-10-03 10:30:00-04:00,23.792499542236328,23.792499542236328,23.792499542236328,23.792499542236328,0,0.0,0.0,0.0
2022-10-03 11:30:00-04:00,23.81839942932129,23.81839942932129,23.810100555419922,23.810100555419922,378,0.0,0.0,0.0
2022-10-03 12:30:00-04:00,23.780000686645508,23.780000686645508,23.770000457763672,23.770000457763672,3737,0.0,0.0,0.0
2022-10-03 13:30:00-04:00,23.780000686645508,23.780000686645508,23.759000778198242,23.759000778198242,219,0.0,0.0,0.0
2022-10-04 09:30:00-04:00,23.90999984741211,23.90999984741211,23.7992000579834,23.7992000579834,0,0.0,0.0,0.0
2022-10-04 12:30:00-04:00,23.799999237060547,23.809999465942383,23.799999237060547,23.809999465942383,5512,0.0,0.0,0.0
2022-10-04 13:30:00-04:00,23.799999237060547,23.799999237060547,23.790000915527344,23.799999237060547,1638,0.0,0.0,0.0
2022-10-04 14:30:00-04:00,23.799999237060547,23.81999969482422,23.799999237060547,23.799999237060547,2088,0.0,0.0,0.0
2022-10-04 15:30:00-04:00,23.80500030517578,23.809999465942383,23.795000076293945,23.809999465942383,1708,0.0,0.0,0.0
2022-10-05 09:30:00-04:00,23.739999771118164,23.739999771118164,23.739999771118164,23.739999771118164,8618,0.0,0.0,0.0
2022-10-05 10:30:00-04:00,23.685300827026367,23.685300827026367,23.685300827026367,23.685300827026367,522,0.0,0.0,0.0
2022-10-05 13:30:00-04:00,23.700000762939453,23.700000762939453,23.690000534057617,23.690000534057617,1572,0.0,0.0,0.0
2022-10-05 14:30:00-04:00,23.709999084472656,23.72100067138672,23.709999084472656,23.72100067138672,1074,0.0,0.0,0.0
2022-10-06 12:30:00-04:00,23.6830997467041,23.6830997467041,23.674999237060547,23.68000030517578,431,0.0,0.0,0.0
2022-10-06 13:30:00-04:00,23.673200607299805,23.690000534057617,23.673200607299805,23.690000534057617,1505,0.0,0.0,0.0
2022-10-06 14:30:00-04:00,23.690000534057617,23.690000534057617,23.659900665283203,23.659900665283203,576,0.0,0.0,0.0
2022-10-07 10:30:00-04:00,23.600000381469727,23.600000381469727,23.600000381469727,23.600000381469727,0,0.0,0.0,0.0
2022-10-07 12:30:00-04:00,23.579999923706055,23.579999923706055,23.579999923706055,23.579999923706055,1265,0.0,0.0,0.0
2022-10-07 13:30:00-04:00,23.56999969482422,23.56999969482422,23.56999969482422,23.56999969482422,170,0.0,0.0,0.0
2022-10-07 14:30:00-04:00,23.579999923706055,23.579999923706055,23.566999435424805,23.566999435424805,240,0.0,0.0,0.0
2022-10-07 15:30:00-04:00,23.56999969482422,23.56999969482422,23.56999969482422,23.56999969482422,104,0.0,0.0,0.0
2022-10-10 12:30:00-04:00,23.479999542236328,23.489999771118164,23.479999542236328,23.489999771118164,0,0.0,0.0,0.0
2022-10-10 13:30:00-04:00,23.489900588989258,23.489999771118164,23.489900588989258,23.489999771118164,200,0.0,0.0,0.0
2022-10-10 14:30:00-04:00,23.489999771118164,23.512300491333008,23.489999771118164,23.512300491333008,0,0.0,0.0,0.0
2022-10-11 09:30:00-04:00,23.510000228881836,23.510000228881836,23.510000228881836,23.510000228881836,130,0.0,0.0,0.0
2022-10-11 10:30:00-04:00,23.540000915527344,23.540000915527344,23.540000915527344,23.540000915527344,165,0.0,0.0,0.0
2022-10-11 12:30:00-04:00,23.565000534057617,23.579999923706055,23.565000534057617,23.579999923706055,429,0.0,0.0,0.0
2022-10-11 14:30:00-04:00,23.520000457763672,23.520000457763672,23.5177001953125,23.5177001953125,0,0.0,0.0,0.0
2022-10-11 15:30:00-04:00,23.50119972229004,23.505199432373047,23.50119972229004,23.505199432373047,3951,0.0,0.0,0.0
2022-10-12 09:30:00-04:00,23.510000228881836,23.510000228881836,23.510000228881836,23.510000228881836,0,0.0,0.0,0.0
2022-10-12 12:30:00-04:00,23.485000610351562,23.485000610351562,23.485000610351562,23.485000610351562,310,0.0,0.0,0.0
2022-10-12 13:30:00-04:00,23.489999771118164,23.489999771118164,23.469999313354492,23.489999771118164,1352,0.0,0.0,0.0
2022-10-12 15:30:00-04:00,23.510000228881836,23.520000457763672,23.5,23.508899688720703,320,0.0,0.0,0.0
2022-10-13 09:30:00-04:00,23.389999389648438,23.389999389648438,23.389999389648438,23.389999389648438,0,0.0,0.0,0.0
2022-10-13 10:30:00-04:00,23.440000534057617,23.440000534057617,23.440000534057617,23.440000534057617,100,0.0,0.0,0.0
2022-10-13 11:30:00-04:00,23.469999313354492,23.469999313354492,23.469999313354492,23.469999313354492,100,0.0,0.0,0.0
2022-10-13 12:30:00-04:00,23.454999923706055,23.459999084472656,23.454999923706055,23.459999084472656,1077,0.0,0.0,0.0
2022-10-13 13:30:00-04:00,23.479999542236328,23.479999542236328,23.479999542236328,23.479999542236328,100,0.0,0.0,0.0
2022-10-13 14:30:00-04:00,23.475000381469727,23.479999542236328,23.475000381469727,23.479999542236328,849,0.0,0.0,0.0
2022-10-13 15:30:00-04:00,23.489999771118164,23.489999771118164,23.488000869750977,23.488000869750977,100,0.0,0.0,0.0
2022-10-14 09:30:00-04:00,23.540000915527344,23.540000915527344,23.530000686645508,23.530000686645508,0,0.0,0.0,0.0
2022-10-14 10:30:00-04:00,23.459999084472656,23.459999084472656,23.459999084472656,23.459999084472656,100,0.0,0.0,0.0
2022-10-14 12:30:00-04:00,23.400400161743164,23.40999984741211,23.400400161743164,23.40999984741211,1130,0.0,0.0,0.0
2022-10-14 13:30:00-04:00,23.372499465942383,23.372499465942383,23.372499465942383,23.372499465942383,0,0.0,0.0,0.0
2022-10-14 15:30:00-04:00,23.3799991607666,23.3799991607666,23.3799991607666,23.3799991607666,2001,0.0,0.0,0.0
2022-10-17 09:30:00-04:00,23.479999542236328,23.479999542236328,23.479999542236328,23.479999542236328,0,0.0,0.0,0.0
2022-10-17 10:30:00-04:00,23.48900032043457,23.489999771118164,23.48900032043457,23.489999771118164,350,0.0,0.0,0.0
2022-10-17 13:30:00-04:00,23.4507999420166,23.459999084472656,23.450000762939453,23.450000762939453,813,0.0,0.0,0.0
2022-10-17 14:30:00-04:00,23.44179916381836,23.44179916381836,23.44179916381836,23.44179916381836,186,0.0,0.0,0.0
2022-10-18 11:30:00-04:00,23.459999084472656,23.459999084472656,23.459699630737305,23.459699630737305,148,0.0,0.0,0.0
2022-10-18 13:30:00-04:00,23.46139907836914,23.479999542236328,23.46139907836914,23.479999542236328,1191,0.0,0.0,0.0
2022-10-18 14:30:00-04:00,23.469999313354492,23.479999542236328,23.469999313354492,23.479999542236328,300,0.0,0.0,0.0
2022-10-18 15:30:00-04:00,23.479999542236328,23.489999771118164,23.479999542236328,23.489999771118164,609,0.0,0.0,0.0
2022-10-19 09:30:00-04:00,23.389999389648438,23.40999984741211,23.389999389648438,23.40999984741211,0,0.0,0.0,0.0
2022-10-19 10:30:00-04:00,23.397899627685547,23.397899627685547,23.397899627685547,23.397899627685547,844,0.0,0.0,0.0
2022-10-19 12:30:00-04:00,23.3700008392334,23.3700008392334,23.360000610351562,23.360000610351562,2459,0.0,0.0,0.0
2022-10-19 15:30:00-04:00,23.360000610351562,23.360000610351562,23.346799850463867,23.346799850463867,10700,0.0,0.0,0.0
2022-10-20 09:30:00-04:00,23.360000610351562,23.3799991607666,23.350000381469727,23.3700008392334,0,0.0,0.0,0.0
2022-10-20 12:30:00-04:00,23.329999923706055,23.34000015258789,23.31999969482422,23.31999969482422,2588,0.0,0.0,0.0
2022-10-20 13:30:00-04:00,23.309999465942383,23.309999465942383,23.309999465942383,23.309999465942383,200,0.0,0.0,0.0
2022-10-20 14:30:00-04:00,23.299999237060547,23.299999237060547,23.28499984741211,23.28499984741211,245,0.0,0.0,0.0
2022-10-21 11:30:00-04:00,23.329999923706055,23.3799991607666,23.329999923706055,23.375,451,0.0,0.0,0.0
2022-10-21 13:30:00-04:00,23.360000610351562,23.3700008392334,23.360000610351562,23.3700008392334,2289,0.0,0.0,0.0
2022-10-21 14:30:00-04:00,23.3700008392334,23.3700008392334,23.3700008392334,23.3700008392334,200,0.0,0.0,0.0
2022-10-21 15:30:00-04:00,23.395000457763672,23.395000457763672,23.395000457763672,23.395000457763672,280,0.0,0.0,0.0
2022-10-24 09:30:00-04:00,23.360000610351562,23.360000610351562,23.315000534057617,23.315000534057617,0,0.0,0.0,0.0
2022-10-24 10:30:00-04:00,23.31999969482422,23.31999969482422,23.31999969482422,23.31999969482422,100,0.0,0.0,0.0
2022-10-24 11:30:00-04:00,23.350000381469727,23.350000381469727,23.350000381469727,23.350000381469727,100,0.0,0.0,0.0
2022-10-24 12:30:00-04:00,23.3700008392334,23.3700008392334,23.3700008392334,23.3700008392334,4761,0.0,0.0,0.0
2022-10-24 13:30:00-04:00,23.3700008392334,23.3700008392334,23.358600616455078,23.358600616455078,2039,0.0,0.0,0.0
2022-10-25 11:30:00-04:00,23.479999542236328,23.479999542236328,23.479999542236328,23.479999542236328,0,0.0,0.0,0.0
2022-10-25 13:30:00-04:00,23.450000762939453,23.469999313354492,23.450000762939453,23.469999313354492,4915,0.0,0.0,0.0
2022-10-25 14:30:00-04:00,23.469999313354492,23.469999313354492,23.469999313354492,23.469999313354492,2954,0.0,0.0,0.0
2022-10-25 15:30:00-04:00,23.440900802612305,23.445100784301758,23.440000534057617,23.445100784301758,2000,0.0,0.0,0.0
2022-10-26 09:30:00-04:00,23.459999084472656,23.459999084472656,23.459999084472656,23.459999084472656,0,0.0,0.0,0.0
2022-10-26 10:30:00-04:00,23.5,23.5,23.5,23.5,551,0.0,0.0,0.0
2022-10-26 13:30:00-04:00,23.489999771118164,23.5,23.485200881958008,23.485200881958008,2648,0.0,0.0,0.0
2022-10-27 09:30:00-04:00,23.545000076293945,23.549999237060547,23.530000686645508,23.549999237060547,0,0.0,0.0,0.0
2022-10-27 10:30:00-04:00,23.559999465942383,23.584999084472656,23.559999465942383,23.584999084472656,1174,0.0,0.0,0.0
2022-10-27 11:30:00-04:00,23.584999084472656,23.584999084472656,23.584999084472656,23.584999084472656,600,0.0,0.0,0.0
2022-10-27 12:30:00-04:00,23.584999084472656,23.584999084472656,23.584999084472656,23.584999084472656,500,0.0,0.0,0.0
2022-10-27 13:30:00-04:00,23.584999084472656,23.584999084472656,23.559999465942383,23.565000534057617,2079,0.0,0.0,0.0
2022-10-27 14:30:00-04:00,23.56999969482422,23.56999969482422,23.565000534057617,23.565000534057617,569,0.0,0.0,0.0
2022-10-27 15:30:00-04:00,23.565000534057617,23.56999969482422,23.565000534057617,23.56999969482422,0,0.0,0.0,0.0
2022-10-28 09:30:00-04:00,23.489999771118164,23.489999771118164,23.489999771118164,23.489999771118164,489,0.0,0.0,0.0
2022-10-28 12:30:00-04:00,23.5310001373291,23.5310001373291,23.530000686645508,23.530099868774414,1261,0.0,0.0,0.0
2022-10-28 13:30:00-04:00,23.540000915527344,23.540000915527344,23.530000686645508,23.530000686645508,1114,0.0,0.0,0.0
2022-10-28 15:30:00-04:00,23.530000686645508,23.530000686645508,23.530000686645508,23.530000686645508,168,0.0,0.0,0.0
2022-10-31 11:30:00-04:00,23.5,23.5,23.5,23.5,0,0.0,0.0,0.0
2022-10-31 12:30:00-04:00,23.489999771118164,23.5,23.489999771118164,23.5,2704,0.0,0.0,0.0
2022-10-31 13:30:00-04:00,23.520000457763672,23.520000457763672,23.46500015258789,23.46500015258789,203,0.0,0.0,0.0
2022-11-01 10:30:00-04:00,23.490100860595703,23.49020004272461,23.479999542236328,23.479999542236328,4431,0.0,0.0,0.0
2022-11-01 12:30:00-04:00,23.489999771118164,23.5,23.489999771118164,23.5,1292,0.0,0.0,0.0
2022-11-01 14:30:00-04:00,23.5,23.5,23.5,23.5,211,0.0,0.0,0.0
2022-11-01 15:30:00-04:00,23.5,23.510000228881836,23.5,23.510000228881836,554,0.0,0.0,0.0
2022-11-02 09:30:00-04:00,23.5,23.5,23.5,23.5,284,0.0,0.0,0.0
2022-11-02 10:30:00-04:00,23.510000228881836,23.520000457763672,23.5,23.520000457763672,5620,0.0,0.0,0.0
2022-11-02 11:30:00-04:00,23.514999389648438,23.514999389648438,23.510000228881836,23.510000228881836,280,0.0,0.0,0.0
2022-11-02 12:30:00-04:00,23.514999389648438,23.520000457763672,23.5049991607666,23.5049991607666,23067,0.0,0.0,0.0
2022-11-02 13:30:00-04:00,23.514999389648438,23.579999923706055,23.514999389648438,23.579999923706055,1545,0.0,0.0,0.0
2022-11-02 14:30:00-04:00,23.579999923706055,23.604999542236328,23.530000686645508,23.530000686645508,1685,0.0,0.0,0.0
2022-11-02 15:30:00-04:00,23.600000381469727,23.600000381469727,23.573999404907227,23.573999404907227,1278,0.0,0.0,0.0
2022-11-03 10:30:00-04:00,23.3700008392334,23.3700008392334,23.3700008392334,23.3700008392334,0,0.0,0.0,0.0
2022-11-03 11:30:00-04:00,23.389999389648438,23.389999389648438,23.385000228881836,23.385000228881836,955,0.0,0.0,0.0
2022-11-03 12:30:00-04:00,23.3799991607666,23.3799991607666,23.3799991607666,23.3799991607666,243,0.0,0.0,0.0
2022-11-03 13:30:00-04:00,23.41309928894043,23.43000030517578,23.41309928894043,23.43000030517578,8355,0.0,0.0,0.0
2022-11-03 14:30:00-04:00,23.440000534057617,23.469999313354492,23.424999237060547,23.440000534057617,19645,0.0,0.0,0.0
2022-11-03 15:30:00-04:00,23.43000030517578,23.43000030517578,23.420000076293945,23.420000076293945,500,0.0,0.0,0.0
2022-11-04 09:30:00-04:00,23.450000762939453,23.459999084472656,23.450000762939453,23.459999084472656,0,0.0,0.0,0.0
2022-11-04 10:30:00-04:00,23.5,23.5,23.459999084472656,23.459999084472656,1401,0.0,0.0,0.0
2022-11-04 11:30:00-04:00,23.450000762939453,23.459999084472656,23.440000534057617,23.459999084472656,800,0.0,0.0,0.0
2022-11-04 12:30:00-04:00,23.459999084472656,23.459999084472656,23.440000534057617,23.450000762939453,3241,0.0,0.0,0.0
2022-11-04 13:30:00-04:00,23.459999084472656,23.469999313354492,23.459999084472656,23.469999313354492,805,0.0,0.0,0.0
2022-11-04 14:30:00-04:00,23.469999313354492,23.479999542236328,23.459999084472656,23.479999542236328,1800,0.0,0.0,0.0
2022-11-04 15:30:00-04:00,23.479999542236328,23.5,23.479999542236328,23.48040008544922,1595,0.0,0.0,0.0
2022-11-07 09:30:00-05:00,23.460100173950195,23.460100173950195,23.460100173950195,23.460100173950195,0,0.0,0.0,0.0
2022-11-07 11:30:00-05:00,23.450000762939453,23.450000762939453,23.450000762939453,23.450000762939453,0,0.0,0.0,0.0
2022-11-07 13:30:00-05:00,23.469999313354492,23.469999313354492,23.450000762939453,23.469999313354492,3544,0.0,0.0,0.0
2022-11-07 15:30:00-05:00,23.459999084472656,23.459999084472656,23.45639991760254,23.45639991760254,300,0.0,0.0,0.0
2022-11-08 11:30:00-05:00,23.499000549316406,23.5,23.499000549316406,23.5,100,0.0,0.0,0.0
2022-11-08 12:30:00-05:00,23.489999771118164,23.510000228881836,23.479999542236328,23.510000228881836,4358,0.0,0.0,0.0
2022-11-08 15:30:00-05:00,23.485000610351562,23.489999771118164,23.485000610351562,23.489500045776367,0,0.0,0.0,0.0
2022-11-09 10:30:00-05:00,23.489999771118164,23.530000686645508,23.489900588989258,23.524999618530273,1195,0.0,0.0,0.0
2022-11-09 12:30:00-05:00,23.5049991607666,23.510000228881836,23.5049991607666,23.510000228881836,432,0.0,0.0,0.0
2022-11-09 13:30:00-05:00,23.489999771118164,23.510000228881836,23.489999771118164,23.510000228881836,1768,0.0,0.0,0.0
2022-11-09 14:30:00-05:00,23.520000457763672,23.520000457763672,23.520000457763672,23.520000457763672,104,0.0,0.0,0.0
2022-11-09 15:30:00-05:00,23.520000457763672,23.520000457763672,23.520000457763672,23.520000457763672,202,0.0,0.0,0.0
2022-11-10 10:30:00-05:00,23.850000381469727,23.860000610351562,23.850000381469727,23.850000381469727,560,0.0,0.0,0.0
2022-11-10 11:30:00-05:00,23.850000381469727,23.850000381469727,23.850000381469727,23.850000381469727,151,0.0,0.0,0.0
2022-11-10 13:30:00-05:00,23.850000381469727,23.860000610351562,23.84000015258789,23.84000015258789,1563,0.0,0.0,0.0
2022-11-11 10:30:00-05:00,23.829999923706055,23.84000015258789,23.829999923706055,23.829999923706055,504,0.0,0.0,0.0
2022-11-11 12:30:00-05:00,23.850000381469727,23.850000381469727,23.850000381469727,23.850000381469727,386,0.0,0.0,0.0
2022-11-11 13:30:00-05:00,23.859899520874023,23.859899520874023,23.859899520874023,23.859899520874023,2251,0.0,0.0,0.0
2022-11-11 14:30:00-05:00,23.84980010986328,23.84980010986328,23.84320068359375,23.84320068359375,5122,0.0,0.0,0.0
2022-11-14 10:30:00-05:00,23.809999465942383,23.809999465942383,23.809999465942383,23.809999465942383,0,0.0,0.0,0.0
2022-11-14 14:30:00-05:00,23.790000915527344,23.81999969482422,23.790000915527344,23.804500579833984,1448,0.0,0.0,0.0
2022-11-15 09:30:00-05:00,23.8700008392334,23.8700008392334,23.8700008392334,23.8700008392334,0,0.0,0.0,0.0
2022-11-15 10:30:00-05:00,23.8700008392334,23.8700008392334,23.8700008392334,23.8700008392334,100,0.0,0.0,0.0
2022-11-15 13:30:00-05:00,23.899999618530273,23.899999618530273,23.860000610351562,23.8700008392334,2375,0.0,0.0,0.0
2022-11-15 14:30:00-05:00,23.889999389648438,23.889999389648438,23.889999389648438,23.889999389648438,300,0.0,0.0,0.0
2022-11-15 15:30:00-05:00,23.91990089416504,23.91990089416504,23.89859962463379,23.89859962463379,2009,0.0,0.0,0.0
2022-11-16 09:30:00-05:00,23.93000030517578,23.93000030517578,23.929899215698242,23.929899215698242,0,0.0,0.0,0.0
2022-11-16 10:30:00-05:00,23.93000030517578,23.93000030517578,23.93000030517578,23.93000030517578,201,0.0,0.0,0.0
2022-11-16 11:30:00-05:00,23.912399291992188,23.93000030517578,23.912399291992188,23.93000030517578,640,0.0,0.0,0.0
2022-11-16 12:30:00-05:00,23.90999984741211,23.90999984741211,23.90999984741211,23.90999984741211,250,0.0,0.0,0.0
2022-11-16 13:30:00-05:00,23.940000534057617,23.940000534057617,23.90999984741211,23.93000030517578,2858,0.0,0.0,0.0
2022-11-16 14:30:00-05:00,23.940000534057617,23.950000762939453,23.940000534057617,23.94499969482422,870,0.0,0.0,0.0
2022-11-17 09:30:00-05:00,23.84779930114746,23.850000381469727,23.84000015258789,23.850000381469727,0,0.0,0.0,0.0
2022-11-17 10:30:00-05:00,23.860000610351562,23.860000610351562,23.860000610351562,23.860000610351562,204,0.0,0.0,0.0
2022-11-17 13:30:00-05:00,23.8700008392334,23.8799991607666,23.860000610351562,23.8799991607666,2704,0.0,0.0,0.0
2022-11-17 14:30:00-05:00,23.8799991607666,23.899999618530273,23.8799991607666,23.889999389648438,8400,0.0,0.0,0.0
2022-11-17 15:30:00-05:00,23.8700008392334,23.934999465942383,23.8700008392334,23.887500762939453,2355,0.0,0.0,0.0
2022-11-18 09:30:00-05:00,23.8700008392334,23.8700008392334,23.8700008392334,23.8700008392334,0,0.0,0.0,0.0
2022-11-18 10:30:00-05:00,23.889999389648438,23.899999618530273,23.889999389648438,23.899999618530273,1907,0.0,0.0,0.0
2022-11-18 11:30:00-05:00,23.8799991607666,23.8799991607666,23.8799991607666,23.8799991607666,101,0.0,0.0,0.0
2022-11-18 12:30:00-05:00,23.850000381469727,23.850000381469727,23.850000381469727,23.850000381469727,201,0.0,0.0,0.0
2022-11-18 13:30:00-05:00,23.860000610351562,23.860000610351562,23.850000381469727,23.860000610351562,2211,0.0,0.0,0.0
2022-11-18 15:30:00-05:00,23.867900848388672,23.867900848388672,23.858400344848633,23.858400344848633,300,0.0,0.0,0.0
2022-11-21 09:30:00-05:00,23.809999465942383,23.829999923706055,23.809999465942383,23.829999923706055,0,0.0,0.0,0.0
2022-11-21 10:30:00-05:00,23.838199615478516,23.84000015258789,23.829999923706055,23.829999923706055,1065,0.0,0.0,0.0
2022-11-21 11:30:00-05:00,23.84000015258789,23.84000015258789,23.809999465942383,23.81999969482422,1470,0.0,0.0,0.0
2022-11-21 12:30:00-05:00,23.81999969482422,23.81999969482422,23.81999969482422,23.81999969482422,664,0.0,0.0,0.0
2022-11-21 13:30:00-05:00,23.809999465942383,23.809999465942383,23.799999237060547,23.809999465942383,1840,0.0,0.0,0.0
2022-11-21 15:30:00-05:00,23.799999237060547,23.799999237060547,23.799999237060547,23.799999237060547,100,0.0,0.0,0.0
2022-11-22 09:30:00-05:00,23.829999923706055,23.829999923706055,23.829999923706055,23.829999923706055,0,0.0,0.0,0.0
2022-11-22 10:30:00-05:00,23.81999969482422,23.829999923706055,23.81999969482422,23.829999923706055,400,0.0,0.0,0.0
2022-11-22 11:30:00-05:00,23.829999923706055,23.829999923706055,23.829999923706055,23.829999923706055,400,0.0,0.0,0.0
2022-11-22 12:30:00-05:00,23.829999923706055,23.84000015258789,23.809999465942383,23.809999465942383,450,0.0,0.0,0.0
2022-11-22 13:30:00-05:00,23.829999923706055,23.829999923706055,23.829999923706055,23.829999923706055,300,0.0,0.0,0.0
2022-11-22 14:30:00-05:00,23.850000381469727,23.850000381469727,23.829999923706055,23.846900939941406,15459,0.0,0.0,0.0
2022-11-22 15:30:00-05:00,23.844999313354492,23.860000610351562,23.844999313354492,23.85110092163086,400,0.0,0.0,0.0
2022-11-23 09:30:00-05:00,23.889999389648438,23.889999389648438,23.8799991607666,23.8799991607666,0,0.0,0.0,0.0
2022-11-23 11:30:00-05:00,23.852699279785156,23.852699279785156,23.852699279785156,23.852699279785156,701,0.0,0.0,0.0
2022-11-23 13:30:00-05:00,23.8799991607666,23.8799991607666,23.8799991607666,23.8799991607666,995,0.0,0.0,0.0
2022-11-23 15:30:00-05:00,23.899999618530273,23.899999618530273,23.896099090576172,23.896099090576172,100,0.0,0.0,0.0
2022-11-25 10:30:00-05:00,23.90999984741211,23.90999984741211,23.90999984741211,23.90999984741211,0,0.0,0.0,0.0
2022-11-25 11:30:00-05:00,23.899999618530273,23.90999984741211,23.899999618530273,23.90999984741211,1355,0.0,0.0,0.0
2022-11-28 12:30:00-05:00,23.90999984741211,23.90999984741211,23.899999618530273,23.899999618530273,1591,0.0,0.0,0.0
2022-11-28 13:30:00-05:00,23.899999618530273,23.903499603271484,23.899999618530273,23.903499603271484,260,0.0,0.0,0.0
2022-11-28 14:30:00-05:00,23.899999618530273,23.899999618530273,23.864999771118164,23.864999771118164,324,0.0,0.0,0.0
2022-11-28 15:30:00-05:00,23.8799991607666,23.889999389648438,23.8799991607666,23.88800048828125,377,0.0,0.0,0.0
2022-11-29 10:30:00-05:00,23.8700008392334,23.8700008392334,23.8700008392334,23.8700008392334,101,0.0,0.0,0.0
2022-11-29 12:30:00-05:00,23.8700008392334,23.8700008392334,23.860000610351562,23.86750030517578,28165,0.0,0.0,0.0
2022-11-29 13:30:00-05:00,23.8700008392334,23.8700008392334,23.860000610351562,23.860000610351562,16298,0.0,0.0,0.0
2022-11-29 14:30:00-05:00,23.860000610351562,23.860000610351562,23.860000610351562,23.860000610351562,57713,0.0,0.0,0.0
2022-11-29 15:30:00-05:00,23.84000015258789,23.844999313354492,23.84000015258789,23.844999313354492,263,0.0,0.0,0.0
2022-11-30 09:30:00-05:00,23.809999465942383,23.809999465942383,23.809999465942383,23.809999465942383,0,0.0,0.0,0.0
2022-11-30 11:30:00-05:00,23.80500030517578,23.8799991607666,23.799999237060547,23.8799991607666,6824,0.0,0.0,0.0
2022-11-30 12:30:00-05:00,23.834999084472656,23.84000015258789,23.825000762939453,23.825000762939453,2351,0.0,0.0,0.0
2022-11-30 13:30:00-05:00,23.829999923706055,23.93000030517578,23.825000762939453,23.920000076293945,2879,0.0,0.0,0.0
2022-11-30 14:30:00-05:00,23.940000534057617,23.959999084472656,23.940000534057617,23.959999084472656,910,0.0,0.0,0.0
2022-11-30 15:30:00-05:00,23.969999313354492,23.969999313354492,23.959999084472656,23.969999313354492,705,0.0,0.0,0.0
2022-12-01 10:30:00-05:00,24.030000686645508,24.030000686645508,24.030000686645508,24.030000686645508,0,0.0,0.0,0.0
2022-12-01 11:30:00-05:00,24.048999786376953,24.049999237060547,24.043899536132812,24.043899536132812,4365,0.0,0.0,0.0
2022-12-01 12:30:00-05:00,24.059999465942383,24.059999465942383,24.059999465942383,24.059999465942383,100,0.0,0.0,0.0
2022-12-01 13:30:00-05:00,24.049999237060547,24.084999084472656,24.049999237060547,24.084999084472656,4397,0.0,0.0,0.0
2022-12-02 09:30:00-05:00,24.0,24.0,24.0,24.0,0,0.0,0.0,0.0
2022-12-02 10:30:00-05:00,23.9950008392334,24.010000228881836,23.9950008392334,24.010000228881836,702,0.0,0.0,0.0
2022-12-02 11:30:00-05:00,24.030000686645508,24.03499984741211,24.030000686645508,24.03499984741211,600,0.0,0.0,0.0
2022-12-02 12:30:00-05:00,24.03499984741211,24.049999237060547,24.020000457763672,24.049999237060547,3003,0.0,0.0,0.0
2022-12-02 13:30:00-05:00,24.049999237060547,24.084999084472656,24.049999237060547,24.084999084472656,506,0.0,0.0,0.0
2022-12-02 14:30:00-05:00,24.084999084472656,24.104999542236328,24.084999084472656,24.104999542236328,501,0.0,0.0,0.0
2022-12-02 15:30:00-05:00,24.09000015258789,24.114999771118164,24.09000015258789,24.114999771118164,805,0.0,0.0,0.0
2022-12-05 10:30:00-05:00,24.024999618530273,24.03499984741211,24.024999618530273,24.03499984741211,600,0.0,0.0,0.0
2022-12-05 11:30:00-05:00,24.03499984741211,24.03499984741211,24.030000686645508,24.030000686645508,541,0.0,0.0,0.0
2022-12-05 12:30:00-05:00,24.010000228881836,24.010000228881836,24.010000228881836,24.010000228881836,240,0.0,0.0,0.0
2022-12-05 13:30:00-05:00,24.010000228881836,24.020000457763672,23.985000610351562,23.985000610351562,3490,0.0,0.0,0.0
2022-12-05 14:30:00-05:00,23.989999771118164,23.989999771118164,23.985000610351562,23.985000610351562,1294,0.0,0.0,0.0
2022-12-05 15:30:00-05:00,23.979999542236328,24.0,23.975000381469727,24.0,981,0.0,0.0,0.0
2022-12-06 09:30:00-05:00,24.0,24.0,24.0,24.0,0,0.0,0.0,0.0
2022-12-06 10:30:00-05:00,24.0049991607666,24.0049991607666,24.0,24.003599166870117,469,0.0,0.0,0.0
2022-12-06 12:30:00-05:00,23.990999221801758,24.0,23.989999771118164,24.0,4028,0.0,0.0,0.0
2022-12-06 13:30:00-05:00,24.0,24.0,23.9950008392334,23.9950008392334,3136,0.0,0.0,0.0
2022-12-06 15:30:00-05:00,23.992000579833984,24.020000457763672,23.992000579833984,24.020000457763672,0,0.0,0.0,0.0
2022-12-07 09:30:00-05:00,24.049999237060547,24.079999923706055,24.049999237060547,24.06999969482422,1702,0.0,0.0,0.0
2022-12-07 12:30:00-05:00,24.09000015258789,24.09000015258789,24.079999923706055,24.079999923706055,2889,0.0,0.0,0.0
2022-12-07 13:30:00-05:00,24.084999084472656,24.084999084472656,24.084999084472656,24.084999084472656,400,0.0,0.0,0.0
2022-12-07 14:30:00-05:00,24.079999923706055,24.084999084472656,24.079999923706055,24.084999084472656,1061,0.0,0.0,0.0
2022-12-07 15:30:00-05:00,24.09000015258789,24.1200008392334,24.09000015258789,24.1200008392334,599,0.0,0.0,0.0
2022-12-08 09:30:00-05:00,24.059999465942383,24.059999465942383,24.059999465942383,24.059999465942383,0,0.0,0.0,0.0
2022-12-08 13:30:00-05:00,24.06999969482422,24.06999969482422,24.056100845336914,24.056100845336914,3385,0.0,0.0,0.0
2022-12-08 15:30:00-05:00,24.040000915527344,24.04509925842285,24.040000915527344,24.04509925842285,300,0.0,0.0,0.0
2022-12-09 12:30:00-05:00,24.030000686645508,24.030000686645508,24.030000686645508,24.030000686645508,0,0.0,0.0,0.0
2022-12-09 15:30:00-05:00,24.020000457763672,24.021099090576172,24.020000457763672,24.021099090576172,102,0.0,0.0,0.0
2022-12-12 09:30:00-05:00,24.049999237060547,24.049999237060547,24.049999237060547,24.049999237060547,4464,0.0,0.0,0.0
2022-12-12 11:30:00-05:00,24.0049991607666,24.0049991607666,24.0049991607666,24.0049991607666,2415,0.0,0.0,0.0
2022-12-12 12:30:00-05:00,23.980100631713867,23.980100631713867,23.980100631713867,23.980100631713867,1965,0.0,0.0,0.0
2022-12-12 13:30:00-05:00,23.979999542236328,23.979999542236328,23.979999542236328,23.979999542236328,421,0.0,0.0,0.0
2022-12-12 14:30:00-05:00,23.979999542236328,23.982200622558594,23.920000076293945,23.920000076293945,7740,0.0,0.0,0.0
2022-12-12 15:30:00-05:00,23.970300674438477,23.970300674438477,23.969999313354492,23.969999313354492,1757,0.0,0.0,0.0
2022-12-13 09:30:00-05:00,24.15999984741211,24.15999984741211,24.15999984741211,24.15999984741211,0,0.0,0.0,0.0
2022-12-13 11:30:00-05:00,24.125499725341797,24.125499725341797,24.125499725341797,24.125499725341797,2000,0.0,0.0,0.0
2022-12-13 12:30:00-05:00,24.100000381469727,24.1200008392334,24.09000015258789,24.100000381469727,7184,0.0,0.0,0.0
2022-12-13 13:30:00-05:00,24.100000381469727,24.100000381469727,24.074600219726562,24.074600219726562,101,0.0,0.0,0.0
2022-12-14 09:30:00-05:00,24.110000610351562,24.1299991607666,24.110000610351562,24.1299991607666,750,0.0,0.0,0.0
2022-12-14 12:30:00-05:00,24.110000610351562,24.114999771118164,24.110000610351562,24.114999771118164,3292,0.0,0.0,0.0
2022-12-14 13:30:00-05:00,24.1200008392334,24.1200008392334,24.030000686645508,24.030000686645508,1531,0.0,0.0,0.0
2022-12-14 14:30:00-05:00,24.030000686645508,24.06999969482422,24.030000686645508,24.06999969482422,600,0.0,0.0,0.0
2022-12-14 15:30:00-05:00,24.09000015258789,24.1112003326416,24.09000015258789,24.1112003326416,300,0.0,0.0,0.0
2022-12-15 09:30:00-05:00,24.1299991607666,24.1299991607666,24.1299991607666,24.1299991607666,0,0.0,0.0,0.0
2022-12-15 11:30:00-05:00,24.079999923706055,24.079999923706055,24.079999923706055,24.079999923706055,250,0.0,0.0,0.0
2022-12-15 12:30:00-05:00,24.100000381469727,24.139999389648438,24.100000381469727,24.104999542236328,8037,0.0,0.0,0.0
2022-12-15 13:30:00-05:00,24.104999542236328,24.110000610351562,24.100000381469727,24.100000381469727,4962,0.0,0.0,0.0
2022-12-15 14:30:00-05:00,24.104999542236328,24.104999542236328,24.104999542236328,24.104999542236328,301,0.0,0.0,0.0
2022-12-15 15:30:00-05:00,24.1299991607666,24.1299991607666,24.124000549316406,24.124000549316406,100,0.0,0.0,0.0
2022-12-16 09:30:00-05:00,24.059999465942383,24.06999969482422,24.059999465942383,24.06999969482422,0,0.0,0.0,0.0
2022-12-16 11:30:00-05:00,24.06999969482422,24.06999969482422,24.06999969482422,24.06999969482422,200,0.0,0.0,0.0
2022-12-16 13:30:00-05:00,24.100000381469727,24.110000610351562,24.100000381469727,24.110000610351562,5604,0.0,0.0,0.0
2022-12-16 14:30:00-05:00,24.105600357055664,24.1299991607666,24.100000381469727,24.1299991607666,8307,0.0,0.0,0.0
2022-12-16 15:30:00-05:00,24.1299991607666,24.1299991607666,24.110000610351562,24.1299991607666,5609,0.0,0.0,0.0
2022-12-19 09:30:00-05:00,24.030000686645508,24.030000686645508,23.985000610351562,23.9950008392334,0,0.0,0.0,0.0
2022-12-19 10:30:00-05:00,23.969999313354492,23.979999542236328,23.969999313354492,23.979999542236328,534,0.0,0.0,0.0
2022-12-19 11:30:00-05:00,23.979999542236328,23.979999542236328,23.979999542236328,23.979999542236328,1200,0.0,0.0,0.0
2022-12-19 12:30:00-05:00,23.979999542236328,23.989999771118164,23.979999542236328,23.981199264526367,3346,0.0,0.0,0.0
2022-12-19 13:30:00-05:00,23.989999771118164,23.989999771118164,23.972200393676758,23.972200393676758,1243,0.0,0.0,0.0
2022-12-19 14:30:00-05:00,23.959999084472656,23.975200653076172,23.959999084472656,23.975200653076172,4480,0.0,0.0,0.0
2022-12-20 12:30:00-05:00,23.899999618530273,23.90999984741211,23.899999618530273,23.90999984741211,808,0.0,0.0,0.0
2022-12-20 14:30:00-05:00,23.90999984741211,23.93000030517578,23.90999984741211,23.917200088500977,324,0.0,0.0,0.0
2022-12-21 09:30:00-05:00,23.997100830078125,23.997100830078125,23.989999771118164,23.989999771118164,0,0.0,0.0,0.0
2022-12-21 13:30:00-05:00,23.959999084472656,23.979999542236328,23.959999084472656,23.979999542236328,5602,0.0,0.0,0.0
2022-12-21 14:30:00-05:00,23.989999771118164,23.989999771118164,23.969999313354492,23.979999542236328,9940,0.0,0.0,0.0
2022-12-21 15:30:00-05:00,23.979999542236328,23.979999542236328,23.975099563598633,23.975099563598633,100,0.0,0.0,0.0
2022-12-22 09:30:00-05:00,24.040000915527344,24.040000915527344,23.985000610351562,23.989099502563477,0,0.0,0.0,0.0
2022-12-22 10:30:00-05:00,23.99970054626465,24.007999420166016,23.98579978942871,23.989999771118164,2560,0.0,0.0,0.0
2022-12-22 11:30:00-05:00,24.0,24.0,23.989999771118164,23.9950008392334,5174,0.0,0.0,0.0
2022-12-22 12:30:00-05:00,23.9950008392334,23.9950008392334,23.9950008392334,23.9950008392334,130,0.0,0.0,0.0
2022-12-22 13:30:00-05:00,23.991199493408203,24.0,23.989999771118164,23.9950008392334,5006,0.0,0.0,0.0
2022-12-22 14:30:00-05:00,23.990100860595703,24.0,23.989999771118164,23.99920082092285,7811,0.0,0.0,0.0
2022-12-22 15:30:00-05:00,24.0,24.0,24.0,24.0,107,0.0,0.0,0.0
2022-12-23 09:30:00-05:00,23.950000762939453,23.950000762939453,23.940000534057617,23.940000534057617,0,0.0,0.0,0.0
2022-12-23 10:30:00-05:00,23.950000762939453,23.969999313354492,23.950000762939453,23.969999313354492,2625,0.0,0.0,0.0
2022-12-23 11:30:00-05:00,23.964399337768555,23.979999542236328,23.95210075378418,23.979900360107422,38097,0.0,0.0,0.0
2022-12-23 12:30:00-05:00,23.975000381469727,23.979999542236328,23.969999313354492,23.969999313354492,63332,0.0,0.0,0.0
2022-12-23 13:30:00-05:00,23.978500366210938,24.0,23.969999313354492,23.975000381469727,24547,0.0,0.0,0.0
2022-12-23 14:30:00-05:00,23.975000381469727,23.97800064086914,23.969999313354492,23.975000381469727,1938,0.0,0.0,0.0
2022-12-23 15:30:00-05:00,23.975000381469727,23.979900360107422,23.969999313354492,23.975000381469727,4598,0.0,0.0,0.0
2022-12-27 09:30:00-05:00,23.920000076293945,23.940000534057617,23.899999618530273,23.939899444580078,0,0.0,0.0,0.0
2022-12-27 10:30:00-05:00,23.92009925842285,23.93000030517578,23.920000076293945,23.920000076293945,988,0.0,0.0,0.0
2022-12-27 11:30:00-05:00,23.920000076293945,23.920000076293945,23.885000228881836,23.885000228881836,12619,0.0,0.0,0.0
2022-12-27 12:30:00-05:00,23.88010025024414,23.88010025024414,23.88010025024414,23.88010025024414,290,0.0,0.0,0.0
2022-12-27 13:30:00-05:00,23.8799991607666,23.889400482177734,23.8799991607666,23.885000228881836,3532,0.0,0.0,0.0
2022-12-27 14:30:00-05:00,23.885000228881836,23.889999389648438,23.8799991607666,23.885000228881836,21751,0.0,0.0,0.0
2022-12-27 15:30:00-05:00,23.885000228881836,23.889999389648438,23.885000228881836,23.885000228881836,5845,0.0,0.0,0.0
2022-12-28 09:30:00-05:00,23.889999389648438,23.909900665283203,23.889999389648438,23.899999618530273,0,0.0,0.0,0.0
2022-12-28 10:30:00-05:00,23.890100479125977,23.895000457763672,23.88010025024414,23.885000228881836,6729,0.0,0.0,0.0
2022-12-28 11:30:00-05:00,23.8799991607666,23.889999389648438,23.8799991607666,23.889999389648438,1179,0.0,0.0,0.0
2022-12-28 12:30:00-05:00,23.882099151611328,23.889999389648438,23.8700008392334,23.8700008392334,5035,0.0,0.0,0.0
2022-12-28 13:30:00-05:00,23.8700008392334,23.8799991607666,23.8700008392334,23.875,5252,0.0,0.0,0.0
2022-12-28 14:30:00-05:00,23.8700008392334,23.8799991607666,23.8700008392334,23.875,4343,0.0,0.0,0.0
2022-12-28 15:30:00-05:00,23.8799991607666,23.8799991607666,23.875,23.875,4796,0.0,0.0,0.0
2022-12-29 09:30:00-05:00,23.8799991607666,23.885000228881836,23.8799991607666,23.8799991607666,0,0.0,0.0,0.0
2022-12-29 11:30:00-05:00,23.885000228881836,23.888999938964844,23.885000228881836,23.888999938964844,211,0.0,0.0,0.0
2022-12-29 13:30:00-05:00,23.89900016784668,23.959999084472656,23.89229965209961,23.905000686645508,12118,0.0,0.0,0.0
2022-12-29 14:30:00-05:00,23.905000686645508,23.98940086364746,23.899999618530273,23.905000686645508,50453,0.0,0.0,0.0
2022-12-29 15:30:00-05:00,23.899999618530273,23.90999984741211,23.899999618530273,23.905000686645508,8861,0.0,0.0,0.0
2022-12-30 09:30:00-05:00,23.889999389648438,23.889999389648438,23.8700008392334,23.8799991607666,0,0.0,0.0,0.0
2022-12-30 10:30:00-05:00,23.8700008392334,23.879899978637695,23.84000015258789,23.842100143432617,11999,0.0,0.0,0.0
2022-12-30 11:30:00-05:00,23.84119987487793,23.850000381469727,23.84000015258789,23.844999313354492,8856,0.0,0.0,0.0
2022-12-30 12:30:00-05:00,23.844999313354492,23.8799991607666,23.844999313354492,23.8700008392334,17151,0.0,0.0,0.0
2022-12-30 13:30:00-05:00,23.875,23.899999618530273,23.850099563598633,23.8700008392334,60069,0.0,0.0,0.0
2022-12-30 14:30:00-05:00,23.8700008392334,23.8799991607666,23.860000610351562,23.866300582885742,64359,0.0,0.0,0.0
2022-12-30 15:30:00-05:00,23.8700008392334,23.899999618530273,23.864999771118164,23.864999771118164,21589,0.0,0.0,0.0
2023-01-03 09:30:00-05:00,23.989999771118164,23.989999771118164,23.920000076293945,23.920000076293945,0,0.0,0.0,0.0
2023-01-03 10:30:00-05:00,23.93000030517578,24.030000686645508,23.889999389648438,23.899999618530273,23675,0.0,0.0,0.0
2023-01-03 11:30:00-05:00,23.901399612426758,23.909900665283203,23.8799991607666,23.889999389648438,47897,0.0,0.0,0.0
2023-01-03 12:30:00-05:00,23.889999389648438,23.895000457763672,23.8799991607666,23.885000228881836,11885,0.0,0.0,0.0
2023-01-03 13:30:00-05:00,23.889999389648438,23.895000457763672,23.8799991607666,23.889999389648438,2568,0.0,0.0,0.0
2023-01-03 14:30:00-05:00,23.891000747680664,23.940000534057617,23.889999389648438,23.899999618530273,25325,0.0,0.0,0.0
2023-01-03 15:30:00-05:00,23.90839958190918,23.90999984741211,23.900100708007812,23.905000686645508,6200,0.0,0.0,0.0
2023-01-04 09:30:00-05:00,23.959999084472656,23.968399047851562,23.940000534057617,23.959999084472656,0,0.0,0.0,0.0
2023-01-04 10:30:00-05:00,23.940000534057617,23.959999084472656,23.940000534057617,23.94099998474121,15076,0.0,0.0,0.0
2023-01-04 11:30:00-05:00,23.940000534057617,23.950000762939453,23.850799560546875,23.94499969482422,67675,0.0,0.0,0.0
2023-01-04 12:30:00-05:00,23.94070053100586,23.959999084472656,23.93000030517578,23.959999084472656,15752,0.0,0.0,0.0
2023-01-04 13:30:00-05:00,23.940000534057617,23.947900772094727,23.8799991607666,23.915000915527344,14992,0.0,0.0,0.0
2023-01-04 14:30:00-05:00,23.915000915527344,23.934999465942383,23.91010093688965,23.934999465942383,25354,0.0,0.0,0.0
2023-01-04 15:30:00-05:00,23.934999465942383,23.940000534057617,23.93000030517578,23.940000534057617,2534,0.0,0.0,0.0
2023-01-05 09:30:00-05:00,23.860000610351562,23.860000610351562,23.829999923706055,23.850000381469727,0,0.0,0.0,0.0
2023-01-05 10:30:00-05:00,23.844999313354492,23.8700008392334,23.844999313354492,23.8700008392334,4957,0.0,0.0,0.0
2023-01-05 11:30:00-05:00,23.864999771118164,23.889999389648438,23.864999771118164,23.885000228881836,19316,0.0,0.0,0.0
2023-01-05 12:30:00-05:00,23.888900756835938,23.899999618530273,23.8799991607666,23.885000228881836,5747,0.0,0.0,0.0
2023-01-05 13:30:00-05:00,23.8799991607666,23.899999618530273,23.8799991607666,23.890100479125977,5773,0.0,0.0,0.0
2023-01-05 14:30:00-05:00,23.895000457763672,23.895000457763672,23.889999389648438,23.890100479125977,7541,0.0,0.0,0.0
2023-01-05 15:30:00-05:00,23.895000457763672,23.899999618530273,23.889999389648438,23.899999618530273,1611,0.0,0.0,0.0
2023-01-06 09:30:00-05:00,23.93000030517578,24.002399444580078,23.920000076293945,24.0,0,0.0,0.0,0.0
2023-01-06 10:30:00-05:00,24.0,24.040000915527344,24.0,24.040000915527344,5441,0.0,0.0,0.0
2023-01-06 11:30:00-05:00,24.040000915527344,24.040000915527344,24.030000686645508,24.031999588012695,2228,0.0,0.0,0.0
2023-01-06 12:30:00-05:00,24.03499984741211,24.03499984741211,24.03019905090332,24.03019905090332,716,0.0,0.0,0.0
2023-01-06 13:30:00-05:00,24.040000915527344,24.05590057373047,24.030000686645508,24.05500030517578,10281,0.0,0.0,0.0
2023-01-06 14:30:00-05:00,24.05500030517578,24.079999923706055,24.05500030517578,24.079999923706055,1673,0.0,0.0,0.0
2023-01-06 15:30:00-05:00,24.08099937438965,24.084999084472656,24.030000686645508,24.06999969482422,6688,0.0,0.0,0.0
2023-01-09 09:30:00-05:00,24.06999969482422,24.110000610351562,24.06999969482422,24.110000610351562,0,0.0,0.0,0.0
2023-01-09 10:30:00-05:00,24.109899520874023,24.1200008392334,24.109899520874023,24.1200008392334,1396,0.0,0.0,0.0
2023-01-09 11:30:00-05:00,24.111000061035156,24.111000061035156,24.110000610351562,24.110000610351562,1100,0.0,0.0,0.0
2023-01-09 12:30:00-05:00,24.129899978637695,24.129899978637695,24.111000061035156,24.1200008392334,677,0.0,0.0,0.0
2023-01-09 13:30:00-05:00,24.111000061035156,24.117900848388672,24.110000610351562,24.117900848388672,1437,0.0,0.0,0.0
2023-01-09 14:30:00-05:00,24.1200008392334,24.1200008392334,24.11989974975586,24.11989974975586,610,0.0,0.0,0.0
2023-01-09 15:30:00-05:00,24.100099563598633,24.104999542236328,24.100000381469727,24.10099983215332,2855,0.0,0.0,0.0
2023-01-10 09:30:00-05:00,24.09000015258789,24.09000015258789,24.079999923706055,24.084999084472656,0,0.0,0.0,0.0
2023-01-10 10:30:00-05:00,24.075000762939453,24.075000762939453,24.075000762939453,24.075000762939453,109,0.0,0.0,0.0
2023-01-10 11:30:00-05:00,24.059999465942383,24.06999969482422,24.059999465942383,24.06999969482422,224,0.0,0.0,0.0
2023-01-10 12:30:00-05:00,24.06100082397461,24.06100082397461,24.050100326538086,24.059999465942383,1651,0.0,0.0,0.0
2023-01-10 13:30:00-05:00,24.059999465942383,24.079999923706055,24.049999237060547,24.06999969482422,36252,0.0,0.0,0.0
2023-01-10 14:30:00-05:00,24.06999969482422,24.075000762939453,24.06999969482422,24.075000762939453,43417,0.0,0.0,0.0
2023-01-10 15:30:00-05:00,24.075000762939453,24.075000762939453,24.075000762939453,24.075000762939453,100,0.0,0.0,0.0
2023-01-11 09:30:00-05:00,24.1200008392334,24.1200008392334,24.11199951171875,24.11199951171875,0,0.0,0.0,0.0
2023-01-11 10:30:00-05:00,24.11870002746582,24.1200008392334,24.11870002746582,24.1200008392334,960,0.0,0.0,0.0
2023-01-11 11:30:00-05:00,24.114999771118164,24.114999771118164,24.114999771118164,24.114999771118164,321,0.0,0.0,0.0
2023-01-11 12:30:00-05:00,24.117900848388672,24.117900848388672,24.110000610351562,24.110000610351562,23737,0.0,0.0,0.0
2023-01-11 13:30:00-05:00,24.114999771118164,24.1200008392334,24.110000610351562,24.114999771118164,4567,0.0,0.0,0.0
2023-01-11 14:30:00-05:00,24.1200008392334,24.145000457763672,24.11009979248047,24.145000457763672,35412,0.0,0.0,0.0
2023-01-12 09:30:00-05:00,24.200000762939453,24.20009994506836,24.170000076293945,24.190000534057617,0,0.0,0.0,0.0
2023-01-12 10:30:00-05:00,24.209999084472656,24.209999084472656,24.18000030517578,24.1968994140625,11364,0.0,0.0,0.0
2023-01-12 11:30:00-05:00,24.19420051574707,24.19580078125,24.170000076293945,24.184999465942383,82405,0.0,0.0,0.0
2023-01-12 12:30:00-05:00,24.190000534057617,24.239999771118164,24.190000534057617,24.231000900268555,6653,0.0,0.0,0.0
2023-01-12 13:30:00-05:00,24.229999542236328,24.229999542236328,24.219999313354492,24.22559928894043,12731,0.0,0.0,0.0
2023-01-12 14:30:00-05:00,24.225000381469727,24.229999542236328,24.219999313354492,24.22100067138672,1036,0.0,0.0,0.0
2023-01-12 15:30:00-05:00,24.225000381469727,24.225000381469727,24.225000381469727,24.225000381469727,306,0.0,0.0,0.0
2023-01-13 09:30:00-05:00,24.200000762939453,24.20199966430664,24.200000762939453,24.20199966430664,0,0.0,0.0,0.0
2023-01-13 10:30:00-05:00,24.209999084472656,24.229999542236328,24.209999084472656,24.229999542236328,2769,0.0,0.0,0.0
2023-01-13 11:30:00-05:00,24.219999313354492,24.219999313354492,24.219999313354492,24.219999313354492,200,0.0,0.0,0.0
2023-01-13 12:30:00-05:00,24.219999313354492,24.219999313354492,24.209999084472656,24.209999084472656,3789,0.0,0.0,0.0
2023-01-13 13:30:00-05:00,24.203399658203125,24.209999084472656,24.190000534057617,24.190099716186523,131667,0.0,0.0,0.0
2023-01-13 14:30:00-05:00,24.19499969482422,24.200000762939453,24.184999465942383,24.19499969482422,68333,0.0,0.0,0.0
2023-01-13 15:30:00-05:00,24.19499969482422,24.200000762939453,24.1299991607666,24.200000762939453,42865,0.0,0.0,0.0
2023-01-17 09:30:00-05:00,24.15999984741211,24.184999465942383,24.15999984741211,24.184999465942383,0,0.0,0.0,0.0
2023-01-17 10:30:00-05:00,24.184999465942383,24.184999465942383,24.184999465942383,24.184999465942383,5177,0.0,0.0,0.0
2023-01-17 11:30:00-05:00,24.184999465942383,24.184999465942383,24.184999465942383,24.184999465942383,3683,0.0,0.0,0.0
2023-01-17 12:30:00-05:00,24.184999465942383,24.184999465942383,24.170000076293945,24.174999237060547,4147,0.0,0.0,0.0
2023-01-17 13:30:00-05:00,24.174999237060547,24.18000030517578,24.170000076293945,24.174999237060547,7965,0.0,0.0,0.0
2023-01-17 14:30:00-05:00,24.174999237060547,24.174999237060547,24.174999237060547,24.174999237060547,4150,0.0,0.0,0.0
2023-01-17 15:30:00-05:00,24.174999237060547,24.190000534057617,24.174999237060547,24.18000030517578,11421,0.0,0.0,0.0
2023-01-18 09:30:00-05:00,24.299999237060547,24.31999969482422,24.299999237060547,24.31999969482422,0,0.0,0.0,0.0
2023-01-18 11:30:00-05:00,24.270000457763672,24.270000457763672,24.270000457763672,24.270000457763672,100,0.0,0.0,0.0
2023-01-18 13:30:00-05:00,24.280000686645508,24.290000915527344,24.280000686645508,24.290000915527344,2353,0.0,0.0,0.0
2023-01-18 14:30:00-05:00,24.290000915527344,24.309999465942383,24.290000915527344,24.309999465942383,502,0.0,0.0,0.0
2023-01-18 15:30:00-05:00,24.31999969482422,24.31999969482422,24.299999237060547,24.3080997467041,1844,0.0,0.0,0.0
2023-01-19 09:30:00-05:00,24.290000915527344,24.290000915527344,24.28499984741211,24.28499984741211,0,0.0,0.0,0.0
2023-01-19 11:30:00-05:00,24.280000686645508,24.280000686645508,24.280000686645508,24.280000686645508,315,0.0,0.0,0.0
2023-01-19 12:30:00-05:00,24.264999389648438,24.264999389648438,24.260000228881836,24.260000228881836,2408,0.0,0.0,0.0
2023-01-19 13:30:00-05:00,24.264999389648438,24.264999389648438,24.264999389648438,24.264999389648438,2215,0.0,0.0,0.0
2023-01-19 14:30:00-05:00,24.264699935913086,24.264699935913086,24.264699935913086,24.264699935913086,4094,0.0,0.0,0.0
2023-01-19 15:30:00-05:00,24.269899368286133,24.269899368286133,24.26490020751953,24.26490020751953,213,0.0,0.0,0.0
2023-01-20 09:30:00-05:00,24.230300903320312,24.230300903320312,24.219999313354492,24.22010040283203,0,0.0,0.0,0.0
2023-01-20 10:30:00-05:00,24.204999923706055,24.204999923706055,24.204999923706055,24.204999923706055,200,0.0,0.0,0.0
2023-01-20 11:30:00-05:00,24.200000762939453,24.280000686645508,24.200000762939453,24.209999084472656,43686,0.0,0.0,0.0
2023-01-20 12:30:00-05:00,24.217599868774414,24.25,24.210800170898438,24.239999771118164,87509,0.0,0.0,0.0
2023-01-20 13:30:00-05:00,24.219999313354492,24.239999771118164,24.219999313354492,24.239599227905273,18989,0.0,0.0,0.0
2023-01-20 14:30:00-05:00,24.239999771118164,24.259899139404297,24.232500076293945,24.2549991607666,38948,0.0,0.0,0.0
2023-01-20 15:30:00-05:00,24.25,24.260000228881836,24.24209976196289,24.25,32672,0.0,0.0,0.0
2023-01-23 09:30:00-05:00,24.15999984741211,24.169099807739258,24.15999984741211,24.16819953918457,7804,0.0,0.0,0.0
2023-01-23 10:30:00-05:00,24.177200317382812,24.18000030517578,24.170000076293945,24.174999237060547,20006,0.0,0.0,0.0
2023-01-23 11:30:00-05:00,24.174999237060547,24.18000030517578,24.170000076293945,24.174999237060547,34777,0.0,0.0,0.0
2023-01-23 12:30:00-05:00,24.174999237060547,24.18000030517578,24.15999984741211,24.174999237060547,73461,0.0,0.0,0.0
2023-01-23 13:30:00-05:00,24.174999237060547,24.190000534057617,24.170000076293945,24.174999237060547,38895,0.0,0.0,0.0
2023-01-23 14:30:00-05:00,24.18000030517578,24.18000030517578,24.170000076293945,24.17799949645996,2123,0.0,0.0,0.0
2023-01-23 15:30:00-05:00,24.174999237060547,24.179899215698242,24.170000076293945,24.172100067138672,7288,0.0,0.0,0.0
2023-01-24 09:30:00-05:00,24.149999618530273,24.18000030517578,24.149999618530273,24.155000686645508,0,0.0,0.0,0.0
2023-01-24 10:30:00-05:00,24.15180015563965,24.16990089416504,24.149999618530273,24.15999984741211,4115,0.0,0.0,0.0
2023-01-24 11:30:00-05:00,24.170000076293945,24.18000030517578,24.170000076293945,24.174999237060547,50543,0.0,0.0,0.0
2023-01-24 12:30:00-05:00,24.172100067138672,24.18400001525879,24.17009925842285,24.179000854492188,8791,0.0,0.0,0.0
2023-01-24 13:30:00-05:00,24.18000030517578,24.200000762939453,24.177000045776367,24.190000534057617,6304,0.0,0.0,0.0
2023-01-24 14:30:00-05:00,24.186899185180664,24.190000534057617,24.18000030517578,24.182100296020508,22567,0.0,0.0,0.0
2023-01-24 15:30:00-05:00,24.189899444580078,24.190000534057617,24.180099487304688,24.190000534057617,13881,0.0,0.0,0.0
2023-01-25 09:30:00-05:00,24.200000762939453,24.229999542236328,24.18000030517578,24.204999923706055,32938,0.0,0.0,0.0
2023-01-25 10:30:00-05:00,24.200000762939453,24.20840072631836,24.184999465942383,24.184999465942383,6917,0.0,0.0,0.0
2023-01-25 11:30:00-05:00,24.184999465942383,24.190000534057617,24.18090057373047,24.184999465942383,6665,0.0,0.0,0.0
2023-01-25 12:30:00-05:00,24.190000534057617,24.209999084472656,24.184999465942383,24.200000762939453,21964,0.0,0.0,0.0
2023-01-25 13:30:00-05:00,24.200000762939453,24.209999084472656,24.192100524902344,24.19499969482422,9457,0.0,0.0,0.0
2023-01-25 14:30:00-05:00,24.19499969482422,24.200000762939453,24.18000030517578,24.200000762939453,7749,0.0,0.0,0.0
2023-01-25 15:30:00-05:00,24.200000762939453,24.200000762939453,24.190000534057617,24.19499969482422,15807,0.0,0.0,0.0
2023-01-26 09:30:00-05:00,24.17009925842285,24.17009925842285,24.17009925842285,24.17009925842285,0,0.0,0.0,0.0
2023-01-26 10:30:00-05:00,24.179000854492188,24.18000030517578,24.17009925842285,24.179899215698242,2842,0.0,0.0,0.0
2023-01-26 11:30:00-05:00,24.170900344848633,24.25,24.170000076293945,24.174999237060547,38843,0.0,0.0,0.0
2023-01-26 12:30:00-05:00,24.18000030517578,24.219999313354492,24.170000076293945,24.19499969482422,22843,0.0,0.0,0.0
2023-01-26 13:30:00-05:00,24.198999404907227,24.209699630737305,24.18000030517578,24.199899673461914,34098,0.0,0.0,0.0
2023-01-26 14:30:00-05:00,24.190000534057617,24.190000534057617,24.182100296020508,24.189899444580078,18905,0.0,0.0,0.0
2023-01-26 15:30:00-05:00,24.184999465942383,24.190000534057617,24.174999237060547,24.174999237060547,15506,0.0,0.0,0.0
2023-01-27 09:30:00-05:00,24.149999618530273,24.159299850463867,24.149999618530273,24.155000686645508,0,0.0,0.0,0.0
2023-01-27 10:30:00-05:00,24.155000686645508,24.159900665283203,24.150100708007812,24.159900665283203,2749,0.0,0.0,0.0
2023-01-27 11:30:00-05:00,24.155000686645508,24.239999771118164,24.150699615478516,24.155000686645508,85611,0.0,0.0,0.0
2023-01-27 12:30:00-05:00,24.155000686645508,24.209999084472656,24.150100708007812,24.150699615478516,80721,0.0,0.0,0.0
2023-01-27 13:30:00-05:00,24.15999984741211,24.260000228881836,24.156299591064453,24.16900062561035,155525,0.0,0.0,0.0
2023-01-27 14:30:00-05:00,24.165000915527344,24.170000076293945,24.15999984741211,24.16469955444336,166161,0.0,0.0,0.0
2023-01-27 15:30:00-05:00,24.165000915527344,24.170000076293945,24.16010093688965,24.165000915527344,41940,0.0,0.0,0.0
2023-01-30 09:30:00-05:00,24.139999389648438,24.18000030517578,24.110000610351562,24.139999389648438,114941,0.0,0.0,0.0
2023-01-30 10:30:00-05:00,24.145000457763672,24.145000457763672,24.11009979248047,24.114999771118164,3167,0.0,0.0,0.0
2023-01-30 11:30:00-05:00,24.119199752807617,24.1299991607666,24.100000381469727,24.10409927368164,64165,0.0,0.0,0.0
2023-01-30 12:30:00-05:00,24.11870002746582,24.15999984741211,24.110000610351562,24.120899200439453,42687,0.0,0.0,0.0
2023-01-30 13:30:00-05:00,24.125,24.1299991607666,24.122299194335938,24.125,29461,0.0,0.0,0.0
2023-01-30 14:30:00-05:00,24.125,24.1299991607666,24.12070083618164,24.125,28998,0.0,0.0,0.0
2023-01-30 15:30:00-05:00,24.125,24.1299991607666,24.120100021362305,24.125,46246,0.0,0.0,0.0
2023-01-31 09:30:00-05:00,24.15999984741211,24.15999984741211,24.145000457763672,24.145000457763672,19145,0.0,0.0,0.0
2023-01-31 10:30:00-05:00,24.145000457763672,24.155000686645508,24.145000457763672,24.155000686645508,34356,0.0,0.0,0.0
2023-01-31 11:30:00-05:00,24.165000915527344,24.165000915527344,24.15999984741211,24.15999984741211,1527,0.0,0.0,0.0
2023-01-31 12:30:00-05:00,24.165000915527344,24.165000915527344,24.160499572753906,24.165000915527344,811,0.0,0.0,0.0
2023-01-31 13:30:00-05:00,24.16010093688965,24.18000030517578,24.15999984741211,24.18000030517578,21444,0.0,0.0,0.0
2023-01-31 14:30:00-05:00,24.174999237060547,24.18000030517578,24.15999984741211,24.16950035095215,6600,0.0,0.0,0.0
2023-01-31 15:30:00-05:00,24.15999984741211,24.200000762939453,24.15999984741211,24.200000762939453,18291,0.0,0.0,0.0
2023-02-01 09:30:00-05:00,24.209999084472656,24.219999313354492,24.181699752807617,24.190000534057617,5166,0.0,0.0,0.0
2023-02-01 10:30:00-05:00,24.198999404907227,24.198999404907227,24.170000076293945,24.190000534057617,7883,0.0,0.0,0.0
2023-02-01 11:30:00-05:00,24.18899917602539,24.200000762939453,24.18000030517578,24.184999465942383,29575,0.0,0.0,0.0
2023-02-01 12:30:00-05:00,24.190000534057617,24.190000534057617,24.18000030517578,24.184099197387695,8912,0.0,0.0,0.0
2023-02-01 13:30:00-05:00,24.184999465942383,24.190000534057617,24.15999984741211,24.190000534057617,8564,0.0,0.0,0.0
2023-02-01 14:30:00-05:00,24.184999465942383,24.31999969482422,24.18000030517578,24.31999969482422,77897,0.0,0.0,0.0
2023-02-01 15:30:00-05:00,24.31999969482422,24.31999969482422,24.290000915527344,24.299999237060547,8704,0.0,0.0,0.0
2023-02-02 09:30:00-05:00,24.34000015258789,24.350000381469727,24.299999237060547,24.31999969482422,4567,0.0,0.0,0.0
2023-02-02 10:30:00-05:00,24.31999969482422,24.349899291992188,24.31999969482422,24.34000015258789,3510,0.0,0.0,0.0
2023-02-02 11:30:00-05:00,24.33099937438965,24.33099937438965,24.329999923706055,24.329999923706055,497,0.0,0.0,0.0
2023-02-02 12:30:00-05:00,24.334999084472656,24.334999084472656,24.31999969482422,24.32159996032715,2767,0.0,0.0,0.0
2023-02-02 13:30:00-05:00,24.31999969482422,24.31999969482422,24.309999465942383,24.309999465942383,35999,0.0,0.0,0.0
2023-02-02 14:30:00-05:00,24.319000244140625,24.319000244140625,24.309999465942383,24.309999465942383,2191,0.0,0.0,0.0
2023-02-02 15:30:00-05:00,24.315000534057617,24.315000534057617,24.315000534057617,24.315000534057617,500,0.0,0.0,0.0
2023-02-03 09:30:00-05:00,24.18000030517578,24.21500015258789,24.159299850463867,24.170000076293945,0,0.0,0.0,0.0
2023-02-03 10:30:00-05:00,24.18000030517578,24.190000534057617,24.179899215698242,24.184999465942383,256558,0.0,0.0,0.0
2023-02-03 11:30:00-05:00,24.184999465942383,24.219999313354492,24.170000076293945,24.184999465942383,65188,0.0,0.0,0.0
2023-02-03 12:30:00-05:00,24.190000534057617,24.190000534057617,24.180099487304688,24.180099487304688,20935,0.0,0.0,0.0
2023-02-03 13:30:00-05:00,24.184999465942383,24.190000534057617,24.149999618530273,24.174999237060547,689751,0.0,0.0,0.0
2023-02-03 14:30:00-05:00,24.174999237060547,24.18000030517578,24.174999237060547,24.174999237060547,4753,0.0,0.0,0.0
2023-02-03 15:30:00-05:00,24.174999237060547,24.18000030517578,24.170000076293945,24.17009925842285,26527,0.0,0.0,0.0
2023-02-06 09:30:00-05:00,24.1299991607666,24.1299991607666,24.037500381469727,24.049999237060547,0,0.0,0.0,0.0
2023-02-06 10:30:00-05:00,24.049999237060547,24.079999923706055,24.049999237060547,24.06999969482422,26740,0.0,0.0,0.0
2023-02-06 11:30:00-05:00,24.069900512695312,24.06999969482422,24.060100555419922,24.060100555419922,26818,0.0,0.0,0.0
2023-02-06 12:30:00-05:00,24.065000534057617,24.06999969482422,24.059999465942383,24.06999969482422,60126,0.0,0.0,0.0
2023-02-06 13:30:00-05:00,24.06999969482422,24.079999923706055,24.059999465942383,24.07900047302246,7455,0.0,0.0,0.0
2023-02-06 14:30:00-05:00,24.075000762939453,24.079999923706055,24.070100784301758,24.07990074157715,12329,0.0,0.0,0.0
2023-02-06 15:30:00-05:00,24.075000762939453,24.079999923706055,24.060100555419922,24.065000534057617,5156,0.0,0.0,0.0
2023-02-07 09:30:00-05:00,24.05900001525879,24.059999465942383,24.03499984741211,24.03499984741211,0,0.0,0.0,0.0
2023-02-07 10:30:00-05:00,24.039899826049805,24.05500030517578,24.039899826049805,24.05500030517578,3892,0.0,0.0,0.0
2023-02-07 11:30:00-05:00,24.05500030517578,24.058900833129883,24.049999237060547,24.049999237060547,1044,0.0,0.0,0.0
2023-02-07 12:30:00-05:00,24.05500030517578,24.104999542236328,24.05500030517578,24.061800003051758,5620,0.0,0.0,0.0
2023-02-07 13:30:00-05:00,24.065000534057617,24.06999969482422,24.060100555419922,24.065000534057617,195046,0.0,0.0,0.0
2023-02-07 14:30:00-05:00,24.059999465942383,24.059999465942383,24.050100326538086,24.05500030517578,8057,0.0,0.0,0.0
2023-02-07 15:30:00-05:00,24.05500030517578,24.05500030517578,24.05500030517578,24.05500030517578,818,0.0,0.0,0.0
2023-02-08 09:30:00-05:00,24.059999465942383,24.059999465942383,24.010000228881836,24.024999618530273,0,0.0,0.0,0.0
2023-02-08 10:30:00-05:00,24.020099639892578,24.040000915527344,24.020099639892578,24.040000915527344,7652,0.0,0.0,0.0
2023-02-08 11:30:00-05:00,24.040000915527344,24.049999237060547,24.030000686645508,24.046600341796875,6937,0.0,0.0,0.0
2023-02-08 12:30:00-05:00,24.049999237060547,24.06999969482422,24.045000076293945,24.059999465942383,15701,0.0,0.0,0.0
2023-02-08 13:30:00-05:00,24.065000534057617,24.068199157714844,24.05500030517578,24.05500030517578,3590,0.0,0.0,0.0
2023-02-08 14:30:00-05:00,24.05500030517578,24.059900283813477,24.049999237060547,24.05500030517578,8894,0.0,0.0,0.0
2023-02-08 15:30:00-05:00,24.05500030517578,24.059999465942383,24.054000854492188,24.059999465942383,7313,0.0,0.0,0.0
2023-02-09 09:30:00-05:00,24.06999969482422,24.079999923706055,24.060100555419922,24.060100555419922,0,0.0,0.0,0.0
2023-02-09 10:30:00-05:00,24.059999465942383,24.059999465942383,24.04010009765625,24.045000076293945,1933,0.0,0.0,0.0
2023-02-09 11:30:00-05:00,24.040000915527344,24.059999465942383,24.040000915527344,24.059999465942383,34434,0.0,0.0,0.0
2023-02-09 12:30:00-05:00,24.059999465942383,24.059999465942383,24.040000915527344,24.04949951171875,50591,0.0,0.0,0.0
2023-02-09 13:30:00-05:00,24.04990005493164,24.049999237060547,24.014999389648438,24.014999389648438,14244,0.0,0.0,0.0
2023-02-09 14:30:00-05:00,24.014999389648438,24.03499984741211,24.011199951171875,24.03499984741211,96431,0.0,0.0,0.0
2023-02-09 15:30:00-05:00,24.03499984741211,24.040000915527344,24.011600494384766,24.014999389648438,92675,0.0,0.0,0.0
2023-02-10 09:30:00-05:00,24.020000457763672,24.020000457763672,23.989999771118164,23.989999771118164,0,0.0,0.0,0.0
2023-02-10 10:30:00-05:00,23.9950008392334,23.999900817871094,23.960899353027344,23.96500015258789,8657,0.0,0.0,0.0
2023-02-10 11:30:00-05:00,23.950000762939453,23.959999084472656,23.940000534057617,23.954999923706055,8321,0.0,0.0,0.0
2023-02-10 12:30:00-05:00,23.954999923706055,23.979999542236328,23.954999923706055,23.979900360107422,37242,0.0,0.0,0.0
2023-02-10 13:30:00-05:00,23.975000381469727,23.979999542236328,23.969999313354492,23.979000091552734,13629,0.0,0.0,0.0
2023-02-10 14:30:00-05:00,23.979000091552734,23.989900588989258,23.969999313354492,23.985000610351562,18527,0.0,0.0,0.0
2023-02-10 15:30:00-05:00,23.985000610351562,23.989999771118164,23.979999542236328,23.985000610351562,27132,0.0,0.0,0.0
2023-02-13 09:30:00-05:00,23.979999542236328,23.989999771118164,23.95050048828125,23.97010040283203,0,0.0,0.0,0.0
2023-02-13 10:30:00-05:00,23.969999313354492,23.975000381469727,23.950000762939453,23.959999084472656,5174,0.0,0.0,0.0
2023-02-13 11:30:00-05:00,23.96500015258789,23.969200134277344,23.960100173950195,23.96500015258789,1670,0.0,0.0,0.0
2023-02-13 12:30:00-05:00,23.969999313354492,23.979999542236328,23.96500015258789,23.975000381469727,3968,0.0,0.0,0.0
2023-02-13 13:30:00-05:00,23.975000381469727,23.975000381469727,23.959999084472656,23.959999084472656,12944,0.0,0.0,0.0
2023-02-13 14:30:00-05:00,23.969200134277344,23.969200134277344,23.959999084472656,23.959999084472656,10516,0.0,0.0,0.0
2023-02-13 15:30:00-05:00,23.96500015258789,23.979999542236328,23.959999084472656,23.979999542236328,3110,0.0,0.0,0.0
2023-02-14 09:30:00-05:00,23.940000534057617,23.949800491333008,23.90999984741211,23.934999465942383,0,0.0,0.0,0.0
2023-02-14 10:30:00-05:00,23.905000686645508,23.905000686645508,23.89900016784668,23.89900016784668,1826,0.0,0.0,0.0
2023-02-14 11:30:00-05:00,23.879499435424805,23.895000457763672,23.875,23.895000457763672,3247,0.0,0.0,0.0
2023-02-14 12:30:00-05:00,23.895000457763672,23.899999618530273,23.860000610351562,23.899999618530273,38078,0.0,0.0,0.0
2023-02-14 13:30:00-05:00,23.90999984741211,23.915000915527344,23.90999984741211,23.915000915527344,2538,0.0,0.0,0.0
2023-02-14 14:30:00-05:00,23.915000915527344,23.915000915527344,23.902000427246094,23.915000915527344,3976,0.0,0.0,0.0
2023-02-14 15:30:00-05:00,23.915000915527344,23.920000076293945,23.899999618530273,23.899999618530273,2131,0.0,0.0,0.0
2023-02-15 09:30:00-05:00,23.889999389648438,23.899999618530273,23.889999389648438,23.892099380493164,0,0.0,0.0,0.0
2023-02-15 10:30:00-05:00,23.889999389648438,23.899999618530273,23.8799991607666,23.885000228881836,5075,0.0,0.0,0.0
2023-02-15 11:30:00-05:00,23.8799991607666,23.889999389648438,23.8799991607666,23.889999389648438,9513,0.0,0.0,0.0
2023-02-15 12:30:00-05:00,23.889999389648438,23.889999389648438,23.8799991607666,23.885000228881836,14671,0.0,0.0,0.0
2023-02-15 13:30:00-05:00,23.885000228881836,23.885000228881836,23.8700008392334,23.879899978637695,6268,0.0,0.0,0.0
2023-02-15 14:30:00-05:00,23.875,23.897899627685547,23.875,23.8799991607666,6650,0.0,0.0,0.0
2023-02-15 15:30:00-05:00,23.88170051574707,23.899999618530273,23.88170051574707,23.895000457763672,12803,0.0,0.0,0.0
2023-02-16 09:30:00-05:00,23.870100021362305,23.8799991607666,23.86009979248047,23.8799991607666,0,0.0,0.0,0.0
2023-02-16 10:30:00-05:00,23.875,23.8799991607666,23.8700008392334,23.8799991607666,10817,0.0,0.0,0.0
2023-02-16 11:30:00-05:00,23.881999969482422,23.889999389648438,23.881999969482422,23.889999389648438,380,0.0,0.0,0.0
2023-02-16 12:30:00-05:00,23.890100479125977,23.895000457763672,23.890100479125977,23.895000457763672,564,0.0,0.0,0.0
2023-02-16 13:30:00-05:00,23.89900016784668,23.899999618530273,23.889999389648438,23.899999618530273,2324,0.0,0.0,0.0
2023-02-16 14:30:00-05:00,23.895000457763672,23.895000457763672,23.889999389648438,23.889999389648438,878,0.0,0.0,0.0
2023-02-16 15:30:00-05:00,23.895000457763672,23.899999618530273,23.895000457763672,23.899999618530273,15713,0.0,0.0,0.0
2023-02-17 09:30:00-05:00,23.868999481201172,23.8799991607666,23.850000381469727,23.878000259399414,0,0.0,0.0,0.0
2023-02-17 10:30:00-05:00,23.8799991607666,23.8799991607666,23.8700008392334,23.8799991607666,24420,0.0,0.0,0.0
2023-02-17 11:30:00-05:00,23.8799991607666,23.899999618530273,23.8799991607666,23.889999389648438,1432,0.0,0.0,0.0
2023-02-17 12:30:00-05:00,23.899999618530273,23.899999618530273,23.88520050048828,23.88520050048828,3333,0.0,0.0,0.0
2023-02-17 13:30:00-05:00,23.88909912109375,23.889999389648438,23.8799991607666,23.881799697875977,5873,0.0,0.0,0.0
2023-02-17 14:30:00-05:00,23.88010025024414,23.909900665283203,23.8799991607666,23.9060001373291,54888,0.0,0.0,0.0
2023-02-17 15:30:00-05:00,23.901899337768555,23.90999984741211,23.900100708007812,23.90130043029785,8699,0.0,0.0,0.0
2023-02-21 09:30:00-05:00,23.790000915527344,23.799999237060547,23.75,23.765600204467773,0,0.0,0.0,0.0
2023-02-21 10:30:00-05:00,23.76180076599121,23.769899368286133,23.760000228881836,23.760000228881836,9628,0.0,0.0,0.0
2023-02-21 11:30:00-05:00,23.764999389648438,23.770000457763672,23.764999389648438,23.769899368286133,1890,0.0,0.0,0.0
2023-02-21 12:30:00-05:00,23.764999389648438,23.76740074157715,23.75,23.760000228881836,27532,0.0,0.0,0.0
2023-02-21 13:30:00-05:00,23.760099411010742,23.763999938964844,23.760099411010742,23.763999938964844,4363,0.0,0.0,0.0
2023-02-21 14:30:00-05:00,23.760000228881836,23.760000228881836,23.739999771118164,23.7450008392334,26253,0.0,0.0,0.0
2023-02-21 15:30:00-05:00,23.749900817871094,23.749900817871094,23.739999771118164,23.7450008392334,11807,0.0,0.0,0.0
2023-02-22 09:30:00-05:00,23.770000457763672,23.78499984741211,23.760099411010742,23.760099411010742,0,0.0,0.0,0.0
2023-02-22 10:30:00-05:00,23.764999389648438,23.770000457763672,23.760000228881836,23.760099411010742,37745,0.0,0.0,0.0
2023-02-22 11:30:00-05:00,23.764999389648438,23.770000457763672,23.760000228881836,23.764999389648438,48836,0.0,0.0,0.0
2023-02-22 12:30:00-05:00,23.764999389648438,23.790000915527344,23.7549991607666,23.774999618530273,48438,0.0,0.0,0.0
2023-02-22 13:30:00-05:00,23.775999069213867,23.779499053955078,23.753700256347656,23.753700256347656,2511,0.0,0.0,0.0
2023-02-22 14:30:00-05:00,23.75200080871582,23.75749969482422,23.739999771118164,23.750099182128906,5838,0.0,0.0,0.0
2023-02-22 15:30:00-05:00,23.750099182128906,23.760000228881836,23.739999771118164,23.739999771118164,2573,0.0,0.0,0.0
2023-02-23 09:30:00-05:00,23.770000457763672,23.774999618530273,23.770000457763672,23.774999618530273,0,0.0,0.0,0.0
2023-02-23 10:30:00-05:00,23.770999908447266,23.770999908447266,23.760000228881836,23.764999389648438,3251,0.0,0.0,0.0
2023-02-23 11:30:00-05:00,23.764999389648438,23.770000457763672,23.760000228881836,23.76099967956543,34352,0.0,0.0,0.0
2023-02-23 12:30:00-05:00,23.764999389648438,23.769899368286133,23.739999771118164,23.769899368286133,22721,0.0,0.0,0.0
2023-02-23 13:30:00-05:00,23.764999389648438,23.790199279785156,23.762500762939453,23.790000915527344,18179,0.0,0.0,0.0
2023-02-23 14:30:00-05:00,23.780099868774414,23.789899826049805,23.780099868774414,23.78070068359375,3570,0.0,0.0,0.0
2023-02-23 15:30:00-05:00,23.78499984741211,23.789499282836914,23.7810001373291,23.78499984741211,4074,0.0,0.0,0.0
2023-02-24 09:30:00-05:00,23.709999084472656,23.719999313354492,23.700000762939453,23.719999313354492,0,0.0,0.0,0.0
2023-02-24 10:30:00-05:00,23.700000762939453,23.709999084472656,23.700000762939453,23.701000213623047,9425,0.0,0.0,0.0
2023-02-24 11:30:00-05:00,23.697999954223633,23.697999954223633,23.690000534057617,23.690000534057617,29991,0.0,0.0,0.0
2023-02-24 12:30:00-05:00,23.686100006103516,23.697999954223633,23.686100006103516,23.697999954223633,3714,0.0,0.0,0.0
2023-02-24 13:30:00-05:00,23.700000762939453,23.700000762939453,23.690000534057617,23.699899673461914,4727,0.0,0.0,0.0
2023-02-24 14:30:00-05:00,23.700000762939453,23.719999313354492,23.690000534057617,23.710100173950195,8869,0.0,0.0,0.0
2023-02-24 15:30:00-05:00,23.719900131225586,23.719900131225586,23.705299377441406,23.705299377441406,1103,0.0,0.0,0.0
2023-02-27 09:30:00-05:00,23.729999542236328,23.7450008392334,23.729999542236328,23.744699478149414,0,0.0,0.0,0.0
2023-02-27 10:30:00-05:00,23.729999542236328,23.735000610351562,23.72089958190918,23.72089958190918,1312,0.0,0.0,0.0
2023-02-27 11:30:00-05:00,23.725000381469727,23.729900360107422,23.719999313354492,23.725000381469727,31920,0.0,0.0,0.0
2023-02-27 12:30:00-05:00,23.725000381469727,23.727500915527344,23.72089958190918,23.725000381469727,14431,0.0,0.0,0.0
2023-02-27 13:30:00-05:00,23.725000381469727,23.728599548339844,23.719999313354492,23.725000381469727,3058,0.0,0.0,0.0
2023-02-27 14:30:00-05:00,23.721399307250977,23.749900817871094,23.72010040283203,23.740100860595703,22442,0.0,0.0,0.0
2023-02-27 15:30:00-05:00,23.739999771118164,23.75,23.73069953918457,23.74090003967285,2728,0.0,0.0,0.0
2023-02-28 09:30:00-05:00,23.719999313354492,23.719999313354492,23.700000762939453,23.70989990234375,0,0.0,0.0,0.0
2023-02-28 10:30:00-05:00,23.700000762939453,23.729999542236328,23.700000762939453,23.729999542236328,23601,0.0,0.0,0.0
2023-02-28 11:30:00-05:00,23.739999771118164,23.739999771118164,23.73069953918457,23.73069953918457,1540,0.0,0.0,0.0
2023-02-28 12:30:00-05:00,23.736000061035156,23.75,23.735700607299805,23.739900588989258,4636,0.0,0.0,0.0
2023-02-28 13:30:00-05:00,23.731800079345703,23.739999771118164,23.709999084472656,23.735000610351562,39931,0.0,0.0,0.0
2023-02-28 14:30:00-05:00,23.739999771118164,23.739999771118164,23.729999542236328,23.735000610351562,53968,0.0,0.0,0.0
2023-02-28 15:30:00-05:00,23.735000610351562,23.739999771118164,23.735000610351562,23.739999771118164,2337,0.0,0.0,0.0
2023-03-01 09:30:00-05:00,23.709999084472656,23.709999084472656,23.649999618530273,23.65999984741211,0,0.0,0.0,0.0
2023-03-01 10:30:00-05:00,23.65999984741211,23.674999237060547,23.65999984741211,23.674999237060547,2884,0.0,0.0,0.0
2023-03-01 11:30:00-05:00,23.66990089416504,23.690000534057617,23.66010093688965,23.68000030517578,19206,0.0,0.0,0.0
2023-03-01 12:30:00-05:00,23.670000076293945,23.670000076293945,23.65329933166504,23.65329933166504,3542,0.0,0.0,0.0
2023-03-01 13:30:00-05:00,23.670000076293945,23.68000030517578,23.650100708007812,23.66790008544922,3321,0.0,0.0,0.0
2023-03-01 14:30:00-05:00,23.65999984741211,23.66469955444336,23.649999618530273,23.654699325561523,21489,0.0,0.0,0.0
2023-03-01 15:30:00-05:00,23.655000686645508,23.659900665283203,23.649999618530273,23.65060043334961,6141,0.0,0.0,0.0
2023-03-02 09:30:00-05:00,23.639999389648438,23.639999389648438,23.6200008392334,23.62299919128418,0,0.0,0.0,0.0
2023-03-02 10:30:00-05:00,23.625099182128906,23.639999389648438,23.6200008392334,23.6299991607666,11608,0.0,0.0,0.0
2023-03-02 11:30:00-05:00,23.6299991607666,23.649999618530273,23.6299991607666,23.639999389648438,25250,0.0,0.0,0.0
2023-03-02 12:30:00-05:00,23.645000457763672,23.645000457763672,23.6299991607666,23.639999389648438,10265,0.0,0.0,0.0
2023-03-02 13:30:00-05:00,23.6299991607666,23.65999984741211,23.6299991607666,23.649999618530273,51111,0.0,0.0,0.0
2023-03-02 14:30:00-05:00,23.649999618530273,23.659900665283203,23.649999618530273,23.649999618530273,2680,0.0,0.0,0.0
2023-03-02 15:30:00-05:00,23.649999618530273,23.68000030517578,23.649999618530273,23.665000915527344,30670,0.0,0.0,0.0
2023-03-03 09:30:00-05:00,23.729999542236328,23.729999542236328,23.709999084472656,23.71500015258789,0,0.0,0.0,0.0
2023-03-03 10:30:00-05:00,23.71500015258789,23.71500015258789,23.704999923706055,23.709999084472656,7339,0.0,0.0,0.0
2023-03-03 11:30:00-05:00,23.709999084472656,23.729999542236328,23.709999084472656,23.719999313354492,1588,0.0,0.0,0.0
2023-03-03 12:30:00-05:00,23.719999313354492,23.739999771118164,23.719999313354492,23.739999771118164,3993,0.0,0.0,0.0
2023-03-03 13:30:00-05:00,23.739999771118164,23.739999771118164,23.719999313354492,23.720300674438477,82411,0.0,0.0,0.0
2023-03-03 14:30:00-05:00,23.729999542236328,23.739999771118164,23.719999313354492,23.739299774169922,36254,0.0,0.0,0.0
2023-03-03 15:30:00-05:00,23.739999771118164,23.739999771118164,23.729999542236328,23.735000610351562,11125,0.0,0.0,0.0
2023-03-06 09:30:00-05:00,23.75,23.770000457763672,23.739999771118164,23.739999771118164,4131,0.0,0.0,0.0
2023-03-06 10:30:00-05:00,23.7450008392334,23.7450008392334,23.739999771118164,23.739999771118164,2814,0.0,0.0,0.0
2023-03-06 11:30:00-05:00,23.729999542236328,23.73710060119629,23.719999313354492,23.719999313354492,2155,0.0,0.0,0.0
2023-03-06 12:30:00-05:00,23.729999542236328,23.729999542236328,23.709999084472656,23.729999542236328,3368,0.0,0.0,0.0
2023-03-06 13:30:00-05:00,23.72010040283203,23.725000381469727,23.719999313354492,23.72010040283203,1542,0.0,0.0,0.0
2023-03-06 14:30:00-05:00,23.72010040283203,23.72010040283203,23.719999313354492,23.72010040283203,1676,0.0,0.0,0.0
2023-03-06 15:30:00-05:00,23.719999313354492,23.729999542236328,23.719999313354492,23.724300384521484,16319,0.0,0.0,0.0
2023-03-07 09:30:00-05:00,23.719999313354492,23.729999542236328,23.676000595092773,23.676000595092773,0,0.0,0.0,0.0
2023-03-07 10:30:00-05:00,23.679899215698242,23.679899215698242,23.670299530029297,23.67840003967285,1529,0.0,0.0,0.0
2023-03-07 11:30:00-05:00,23.674999237060547,23.674999237060547,23.674999237060547,23.674999237060547,7365,0.0,0.0,0.0
2023-03-07 12:30:00-05:00,23.670000076293945,23.68000030517578,23.670000076293945,23.679800033569336,20939,0.0,0.0,0.0
2023-03-07 13:30:00-05:00,23.674999237060547,23.674999237060547,23.659900665283203,23.659900665283203,1386,0.0,0.0,0.0
2023-03-07 14:30:00-05:00,23.649999618530273,23.65399932861328,23.649999618530273,23.65399932861328,2740,0.0,0.0,0.0
2023-03-07 15:30:00-05:00,23.655000686645508,23.655000686645508,23.649999618530273,23.649999618530273,1992,0.0,0.0,0.0
2023-03-08 09:30:00-05:00,23.65999984741211,23.674999237060547,23.639999389648438,23.670000076293945,22486,0.0,0.0,0.0
2023-03-08 10:30:00-05:00,23.674999237060547,23.68000030517578,23.65999984741211,23.65999984741211,1751,0.0,0.0,0.0
2023-03-08 11:30:00-05:00,23.649999618530273,23.649999618530273,23.610000610351562,23.610000610351562,8734,0.0,0.0,0.0
2023-03-08 12:30:00-05:00,23.614999771118164,23.614999771118164,23.600000381469727,23.600000381469727,1551,0.0,0.0,0.0
2023-03-08 13:30:00-05:00,23.594999313354492,23.600000381469727,23.59000015258789,23.599899291992188,14313,0.0,0.0,0.0
2023-03-08 14:30:00-05:00,23.59000015258789,23.593399047851562,23.59000015258789,23.59000015258789,118600,0.0,0.0,0.0
2023-03-08 15:30:00-05:00,23.594999313354492,23.59709930419922,23.59000015258789,23.594999313354492,2611,0.0,0.0,0.0
2023-03-09 09:30:00-05:00,23.649999618530273,23.678600311279297,23.649999618530273,23.670000076293945,0,0.0,0.0,0.0
2023-03-09 10:30:00-05:00,23.65999984741211,23.65999984741211,23.655000686645508,23.655000686645508,2659,0.0,0.0,0.0
2023-03-09 11:30:00-05:00,23.655000686645508,23.65999984741211,23.649999618530273,23.65999984741211,24532,0.0,0.0,0.0
2023-03-09 12:30:00-05:00,23.649999618530273,23.659900665283203,23.649999618530273,23.652000427246094,23411,0.0,0.0,0.0
2023-03-09 13:30:00-05:00,23.655000686645508,23.690099716186523,23.650100708007812,23.690099716186523,10976,0.0,0.0,0.0
2023-03-09 14:30:00-05:00,23.690000534057617,23.690000534057617,23.670000076293945,23.672700881958008,6064,0.0,0.0,0.0
2023-03-09 15:30:00-05:00,23.679899215698242,23.68000030517578,23.67099952697754,23.674999237060547,0,0.0,0.0,0.0
2023-03-10 09:30:00-05:00,23.81999969482422,23.850000381469727,23.810100555419922,23.834999084472656,126650,0.0,0.0,0.0
2023-03-10 10:30:00-05:00,23.834999084472656,23.869699478149414,23.809999465942383,23.81999969482422,12392,0.0,0.0,0.0
2023-03-10 11:30:00-05:00,23.809999465942383,23.829500198364258,23.7450008392334,23.825000762939453,229185,0.0,0.0,0.0
2023-03-10 12:30:00-05:00,23.825000762939453,23.84000015258789,23.719999313354492,23.829999923706055,829303,0.0,0.0,0.0
2023-03-10 13:30:00-05:00,23.829999923706055,23.829999923706055,23.81999969482422,23.825000762939453,130068,0.0,0.0,0.0
2023-03-10 14:30:00-05:00,23.825000762939453,23.829999923706055,23.81999969482422,23.825000762939453,26774,0.0,0.0,0.0
2023-03-10 15:30:00-05:00,23.820600509643555,23.825000762939453,23.820100784301758,23.825000762939453,9499,0.0,0.0,0.0
2023-03-13 09:30:00-04:00,23.940000534057617,24.05500030517578,23.940000534057617,24.030000686645508,59056,0.0,0.0,0.0
2023-03-13 10:30:00-04:00,24.03499984741211,24.110000610351562,24.03499984741211,24.065000534057617,9766,0.0,0.0,0.0
2023-03-13 11:30:00-04:00,24.065000534057617,24.065000534057617,23.979999542236328,24.003599166870117,9326,0.0,0.0,0.0
2023-03-13 12:30:00-04:00,24.0,24.000099182128906,23.969999313354492,23.975000381469727,7534,0.0,0.0,0.0
2023-03-13 13:30:00-04:00,23.975000381469727,23.979999542236328,23.950000762939453,23.954999923706055,186582,0.0,0.0,0.0
2023-03-13 14:30:00-04:00,23.954999923706055,23.954999923706055,23.920000076293945,23.920000076293945,6229,0.0,0.0,0.0
2023-03-13 15:30:00-04:00,23.924999237060547,23.93000030517578,23.915000915527344,23.915000915527344,91490,0.0,0.0,0.0
2023-03-14 09:30:00-04:00,23.875,23.8799991607666,23.829999923706055,23.8799991607666,0,0.0,0.0,0.0
2023-03-14 10:30:00-04:00,23.920000076293945,23.920000076293945,23.90999984741211,23.90999984741211,14028,0.0,0.0,0.0
2023-03-14 11:30:00-04:00,23.920000076293945,23.920000076293945,23.860000610351562,23.8700008392334,65690,0.0,0.0,0.0
2023-03-14 12:30:00-04:00,23.860000610351562,23.860000610351562,23.829999923706055,23.84000015258789,172691,0.0,0.0,0.0
2023-03-14 13:30:00-04:00,23.850000381469727,23.8700008392334,23.850000381469727,23.8700008392334,3299,0.0,0.0,0.0
2023-03-14 14:30:00-04:00,23.90999984741211,23.940000534057617,23.90999984741211,23.93000030517578,1466,0.0,0.0,0.0
2023-03-14 15:30:00-04:00,23.920000076293945,23.92009925842285,23.895000457763672,23.895000457763672,24406,0.0,0.0,0.0
2023-03-15 09:30:00-04:00,23.989999771118164,24.014999389648438,23.959999084472656,24.014999389648438,0,0.0,0.0,0.0
2023-03-15 10:30:00-04:00,24.040000915527344,24.059999465942383,24.020000457763672,24.020000457763672,9848,0.0,0.0,0.0
2023-03-15 11:30:00-04:00,24.030000686645508,24.030000686645508,23.979999542236328,23.979999542236328,5638,0.0,0.0,0.0
2023-03-15 12:30:00-04:00,23.989999771118164,23.994699478149414,23.96500015258789,23.96500015258789,3223,0.0,0.0,0.0
2023-03-15 13:30:00-04:00,23.975000381469727,23.979999542236328,23.969999313354492,23.969999313354492,11404,0.0,0.0,0.0
2023-03-15 14:30:00-04:00,23.959999084472656,24.030000686645508,23.93000030517578,24.030000686645508,25983,0.0,0.0,0.0
2023-03-15 15:30:00-04:00,24.03499984741211,24.040000915527344,24.020000457763672,24.030000686645508,15901,0.0,0.0,0.0
2023-03-16 09:30:00-04:00,24.040000915527344,24.043899536132812,24.0,24.010000228881836,0,0.0,0.0,0.0
2023-03-16 10:30:00-04:00,24.0,24.030000686645508,23.950000762939453,23.950000762939453,1761,0.0,0.0,0.0
2023-03-16 11:30:00-04:00,23.959999084472656,23.979999542236328,23.915000915527344,23.915000915527344,5712,0.0,0.0,0.0
2023-03-16 12:30:00-04:00,23.915000915527344,23.940000534057617,23.899999618530273,23.93000030517578,3105,0.0,0.0,0.0
2023-03-16 13:30:00-04:00,23.920400619506836,23.940000534057617,23.915000915527344,23.924999237060547,3916,0.0,0.0,0.0
2023-03-16 14:30:00-04:00,23.93000030517578,23.969999313354492,23.93000030517578,23.969999313354492,1911,0.0,0.0,0.0
2023-03-16 15:30:00-04:00,23.940000534057617,23.940000534057617,23.940000534057617,23.940000534057617,794,0.0,0.0,0.0
2023-03-17 09:30:00-04:00,24.0,24.070199966430664,24.0,24.049999237060547,0,0.0,0.0,0.0
2023-03-17 10:30:00-04:00,24.065000534057617,24.09000015258789,24.065000534057617,24.079999923706055,19841,0.0,0.0,0.0
2023-03-17 11:30:00-04:00,24.079999923706055,24.12700080871582,24.079999923706055,24.079999923706055,5927,0.0,0.0,0.0
2023-03-17 12:30:00-04:00,24.08099937438965,24.100000381469727,24.059999465942383,24.059999465942383,6573,0.0,0.0,0.0
2023-03-17 13:30:00-04:00,24.06909942626953,24.06999969482422,24.059999465942383,24.065000534057617,4048,0.0,0.0,0.0
2023-03-17 14:30:00-04:00,24.06999969482422,24.115800857543945,24.059999465942383,24.115800857543945,17860,0.0,0.0,0.0
2023-03-17 15:30:00-04:00,24.110000610351562,24.110000610351562,24.079999923706055,24.079999923706055,2570,0.0,0.0,0.0
2023-03-20 09:30:00-04:00,23.989999771118164,23.989999771118164,23.95669937133789,23.95669937133789,0,0.0,0.0,0.0
2023-03-20 10:30:00-04:00,23.959999084472656,23.969999313354492,23.959999084472656,23.959999084472656,2816,0.0,0.0,0.0
2023-03-20 11:30:00-04:00,23.954999923706055,23.954999923706055,23.934999465942383,23.934999465942383,1148,0.0,0.0,0.0
2023-03-20 12:30:00-04:00,23.94499969482422,23.94499969482422,23.94499969482422,23.94499969482422,125,0.0,0.0,0.0
2023-03-20 13:30:00-04:00,23.922000885009766,23.940000534057617,23.91010093688965,23.940000534057617,1472,0.0,0.0,0.0
2023-03-20 14:30:00-04:00,23.930099487304688,23.930099487304688,23.930099487304688,23.930099487304688,232,0.0,0.0,0.0
2023-03-20 15:30:00-04:00,23.934999465942383,23.94499969482422,23.90999984741211,23.94499969482422,0,0.0,0.0,0.0
2023-03-21 09:30:00-04:00,23.889999389648438,23.921899795532227,23.889999389648438,23.921899795532227,3193,0.0,0.0,0.0
2023-03-21 10:30:00-04:00,23.940000534057617,23.979900360107422,23.940000534057617,23.975000381469727,34065,0.0,0.0,0.0
2023-03-21 11:30:00-04:00,23.979999542236328,24.0,23.969999313354492,23.989999771118164,122224,0.0,0.0,0.0
2023-03-21 12:30:00-04:00,23.989999771118164,24.02989959716797,23.989999771118164,24.0049991607666,77449,0.0,0.0,0.0
2023-03-21 13:30:00-04:00,24.00979995727539,24.00979995727539,23.979999542236328,23.985000610351562,15303,0.0,0.0,0.0
2023-03-21 14:30:00-04:00,23.985000610351562,23.989999771118164,23.96500015258789,23.96500015258789,76835,0.0,0.0,0.0
2023-03-21 15:30:00-04:00,23.96500015258789,23.96500015258789,23.920000076293945,23.939800262451172,10435,0.0,0.0,0.0
2023-03-22 09:30:00-04:00,23.940000534057617,23.940000534057617,23.91010093688965,23.91900062561035,0,0.0,0.0,0.0
2023-03-22 10:30:00-04:00,23.91900062561035,23.950000762939453,23.90999984741211,23.93000030517578,46846,0.0,0.0,0.0
2023-03-22 11:30:00-04:00,23.949899673461914,23.959999084472656,23.940000534057617,23.954999923706055,3500,0.0,0.0,0.0
2023-03-22 12:30:00-04:00,23.954999923706055,23.979999542236328,23.950000762939453,23.979999542236328,11248,0.0,0.0,0.0
2023-03-22 13:30:00-04:00,23.979999542236328,24.06999969482422,23.979999542236328,24.04010009765625,11890,0.0,0.0,0.0
2023-03-22 14:30:00-04:00,24.110000610351562,24.170000076293945,24.080900192260742,24.100000381469727,36405,0.0,0.0,0.0
2023-03-22 15:30:00-04:00,24.099000930786133,24.25,24.059999465942383,24.09000015258789,42846,0.0,0.0,0.0
2023-03-23 09:30:00-04:00,24.107900619506836,24.1200008392334,24.093000411987305,24.11989974975586,0,0.0,0.0,0.0
2023-03-23 10:30:00-04:00,24.125,24.149999618530273,24.111099243164062,24.141199111938477,30769,0.0,0.0,0.0
2023-03-23 11:30:00-04:00,24.140100479125977,24.178499221801758,24.140100479125977,24.1697998046875,6278,0.0,0.0,0.0
2023-03-23 12:30:00-04:00,24.170000076293945,24.18000030517578,24.114999771118164,24.116300582885742,60034,0.0,0.0,0.0
2023-03-23 13:30:00-04:00,24.1200008392334,24.170000076293945,24.114999771118164,24.139799118041992,42233,0.0,0.0,0.0
2023-03-23 14:30:00-04:00,24.135000228881836,24.16860008239746,24.135000228881836,24.16860008239746,8472,0.0,0.0,0.0
2023-03-23 15:30:00-04:00,24.16160011291504,24.18000030517578,24.15999984741211,24.1648006439209,3300,0.0,0.0,0.0
2023-03-24 09:30:00-04:00,24.25,24.25,24.18000030517578,24.190000534057617,0,0.0,0.0,0.0
2023-03-24 10:30:00-04:00,24.190000534057617,24.219999313354492,24.190000534057617,24.219200134277344,25682,0.0,0.0,0.0
2023-03-24 11:30:00-04:00,24.200000762939453,24.209999084472656,24.172000885009766,24.198999404907227,12553,0.0,0.0,0.0
2023-03-24 12:30:00-04:00,24.198999404907227,24.209999084472656,24.18899917602539,24.192899703979492,36866,0.0,0.0,0.0
2023-03-24 13:30:00-04:00,24.19099998474121,24.219999313354492,24.190000534057617,24.199800491333008,4663,0.0,0.0,0.0
2023-03-24 14:30:00-04:00,24.191099166870117,24.219999313354492,24.191099166870117,24.219900131225586,5869,0.0,0.0,0.0
2023-03-24 15:30:00-04:00,24.208999633789062,24.209999084472656,24.200000762939453,24.202199935913086,7155,0.0,0.0,0.0
2023-03-27 09:30:00-04:00,24.094999313354492,24.1200008392334,24.09000015258789,24.116100311279297,0,0.0,0.0,0.0
2023-03-27 10:30:00-04:00,24.114999771118164,24.1200008392334,24.110000610351562,24.117799758911133,47341,0.0,0.0,0.0
2023-03-27 11:30:00-04:00,24.11989974975586,24.1200008392334,24.09000015258789,24.09000015258789,51123,0.0,0.0,0.0
2023-03-27 12:30:00-04:00,24.09000015258789,24.100000381469727,24.060100555419922,24.06570053100586,10477,0.0,0.0,0.0
2023-03-27 13:30:00-04:00,24.06999969482422,24.079999923706055,24.059999465942383,24.060100555419922,19800,0.0,0.0,0.0
2023-03-27 14:30:00-04:00,24.060100555419922,24.069900512695312,24.059999465942383,24.062299728393555,6704,0.0,0.0,0.0
2023-03-27 15:30:00-04:00,24.065000534057617,24.06999969482422,24.049999237060547,24.05820083618164,11237,0.0,0.0,0.0
2023-03-28 09:30:00-04:00,24.0,24.010000228881836,24.0,24.00029945373535,0,0.0,0.0,0.0
2023-03-28 10:30:00-04:00,24.008100509643555,24.010000228881836,24.0,24.0,7846,0.0,0.0,0.0
2023-03-28 11:30:00-04:00,24.010000228881836,24.010000228881836,24.0,24.00909996032715,19932,0.0,0.0,0.0
2023-03-28 12:30:00-04:00,24.0049991607666,24.010000228881836,24.0,24.0049991607666,41392,0.0,0.0,0.0
2023-03-28 13:30:00-04:00,24.0049991607666,24.010000228881836,24.0,24.0,21673,0.0,0.0,0.0
2023-03-28 14:30:00-04:00,24.0049991607666,24.010000228881836,24.002300262451172,24.010000228881836,25667,0.0,0.0,0.0
2023-03-28 15:30:00-04:00,24.009000778198242,24.010000228881836,24.0,24.0,22479,0.0,0.0,0.0
2023-03-29 09:30:00-04:00,24.0,24.0,23.959999084472656,23.969999313354492,0,0.0,0.0,0.0
2023-03-29 10:30:00-04:00,23.979999542236328,24.010099411010742,23.979999542236328,24.010099411010742,3981,0.0,0.0,0.0
2023-03-29 11:30:00-04:00,24.01799964904785,24.018400192260742,24.01799964904785,24.01799964904785,3156,0.0,0.0,0.0
2023-03-29 12:30:00-04:00,24.017799377441406,24.020000457763672,24.01110076904297,24.01110076904297,1837,0.0,0.0,0.0
2023-03-29 13:30:00-04:00,24.014999389648438,24.030000686645508,24.014999389648438,24.024999618530273,21165,0.0,0.0,0.0
2023-03-29 14:30:00-04:00,24.020000457763672,24.039899826049805,24.020000457763672,24.039899826049805,1351,0.0,0.0,0.0
2023-03-29 15:30:00-04:00,24.030000686645508,24.040000915527344,24.030000686645508,24.0393009185791,4181,0.0,0.0,0.0
2023-03-30 09:30:00-04:00,24.020000457763672,24.049999237060547,24.020000457763672,24.03499984741211,7877,0.0,0.0,0.0
2023-03-30 10:30:00-04:00,24.03499984741211,24.049999237060547,24.03499984741211,24.03499984741211,5394,0.0,0.0,0.0
2023-03-30 11:30:00-04:00,24.040000915527344,24.049999237060547,24.031700134277344,24.04010009765625,5509,0.0,0.0,0.0
2023-03-30 12:30:00-04:00,24.04010009765625,24.049999237060547,24.030000686645508,24.04599952697754,28631,0.0,0.0,0.0
2023-03-30 13:30:00-04:00,24.04010009765625,24.049999237060547,24.04010009765625,24.045000076293945,10928,0.0,0.0,0.0
2023-03-30 14:30:00-04:00,24.045000076293945,24.059999465942383,24.040000915527344,24.049999237060547,28213,0.0,0.0,0.0
2023-03-30 15:30:00-04:00,24.059999465942383,24.059999465942383,24.040000915527344,24.045000076293945,14683,0.0,0.0,0.0
2023-03-31 09:30:00-04:00,24.049999237060547,24.09000015258789,24.049999237060547,24.09000015258789,0,0.0,0.0,0.0
2023-03-31 10:30:00-04:00,24.09000015258789,24.09000015258789,24.079999923706055,24.081300735473633,2003,0.0,0.0,0.0
2023-03-31 11:30:00-04:00,24.09000015258789,24.09000015258789,24.09000015258789,24.09000015258789,344,0.0,0.0,0.0
2023-03-31 12:30:00-04:00,24.084999084472656,24.084999084472656,24.084999084472656,24.084999084472656,1309,0.0,0.0,0.0
2023-03-31 13:30:00-04:00,24.094999313354492,24.100000381469727,24.09000015258789,24.100000381469727,3363,0.0,0.0,0.0
2023-03-31 14:30:00-04:00,24.138599395751953,24.139999389648438,24.1299991607666,24.130599975585938,2637,0.0,0.0,0.0
2023-03-31 15:30:00-04:00,24.13010025024414,24.14889907836914,24.1299991607666,24.14889907836914,3230,0.0,0.0,0.0
2023-04-03 09:30:00-04:00,24.139999389648438,24.209999084472656,24.1299991607666,24.209999084472656,1146,0.0,0.0,0.0
2023-04-03 10:30:00-04:00,24.21179962158203,24.219999313354492,24.209999084472656,24.209999084472656,906,0.0,0.0,0.0
2023-04-03 11:30:00-04:00,24.229999542236328,24.229999542236328,24.219999313354492,24.225000381469727,1587,0.0,0.0,0.0
2023-04-03 12:30:00-04:00,24.22010040283203,24.229799270629883,24.219999313354492,24.229799270629883,4107,0.0,0.0,0.0
2023-04-03 13:30:00-04:00,24.229999542236328,24.229999542236328,24.221099853515625,24.221099853515625,1016,0.0,0.0,0.0
2023-04-03 14:30:00-04:00,24.229999542236328,24.260000228881836,24.229999542236328,24.260000228881836,584,0.0,0.0,0.0
2023-04-03 15:30:00-04:00,24.26180076599121,24.265100479125977,24.26180076599121,24.265100479125977,100,0.0,0.0,0.0
2023-04-04 09:30:00-04:00,24.190000534057617,24.269500732421875,24.190000534057617,24.264999389648438,0,0.0,0.0,0.0
2023-04-04 10:30:00-04:00,24.26930046081543,24.270000457763672,24.260099411010742,24.264999389648438,2438,0.0,0.0,0.0
2023-04-04 11:30:00-04:00,24.264999389648438,24.290000915527344,24.264999389648438,24.280000686645508,2134,0.0,0.0,0.0
2023-04-04 12:30:00-04:00,24.295000076293945,24.295000076293945,24.2908992767334,24.2908992767334,1019,0.0,0.0,0.0
2023-04-04 13:30:00-04:00,24.29010009765625,24.299999237060547,24.29010009765625,24.29990005493164,1246,0.0,0.0,0.0
2023-04-04 14:30:00-04:00,24.290000915527344,24.29990005493164,24.290000915527344,24.29990005493164,2985,0.0,0.0,0.0
2023-04-04 15:30:00-04:00,24.295000076293945,24.309999465942383,24.29210090637207,24.30430030822754,2310,0.0,0.0,0.0
2023-04-05 09:30:00-04:00,24.34000015258789,24.3700008392334,24.329999923706055,24.3700008392334,0,0.0,0.0,0.0
2023-04-05 10:30:00-04:00,24.3700008392334,24.3700008392334,24.36009979248047,24.3700008392334,956,0.0,0.0,0.0
2023-04-05 11:30:00-04:00,24.360000610351562,24.3700008392334,24.360000610351562,24.360000610351562,4715,0.0,0.0,0.0
2023-04-05 12:30:00-04:00,24.3700008392334,24.3700008392334,24.340099334716797,24.3439998626709,3688,0.0,0.0,0.0
2023-04-05 13:30:00-04:00,24.349899291992188,24.349899291992188,24.349899291992188,24.349899291992188,1491,0.0,0.0,0.0
2023-04-05 15:30:00-04:00,24.344999313354492,24.344999313354492,24.344999313354492,24.344999313354492,237,0.0,0.0,0.0
2023-04-06 09:30:00-04:00,24.34000015258789,24.34000015258789,24.31399917602539,24.329999923706055,0,0.0,0.0,0.0
2023-04-06 10:30:00-04:00,24.31999969482422,24.320100784301758,24.31999969482422,24.31999969482422,930,0.0,0.0,0.0
2023-04-06 11:30:00-04:00,24.328399658203125,24.328399658203125,24.325000762939453,24.325000762939453,1316,0.0,0.0,0.0
2023-04-06 13:30:00-04:00,24.32990074157715,24.329999923706055,24.320100784301758,24.322099685668945,41799,0.0,0.0,0.0
2023-04-06 14:30:00-04:00,24.325000762939453,24.325000762939453,24.309999465942383,24.31599998474121,44322,0.0,0.0,0.0
2023-04-06 15:30:00-04:00,24.309999465942383,24.309999465942383,24.280000686645508,24.280000686645508,5486,0.0,0.0,0.0
2023-04-10 09:30:00-04:00,24.170000076293945,24.17970085144043,24.149999618530273,24.170000076293945,0,0.0,0.0,0.0
2023-04-10 10:30:00-04:00,24.16950035095215,24.179000854492188,24.15999984741211,24.165000915527344,8308,0.0,0.0,0.0
2023-04-10 11:30:00-04:00,24.174999237060547,24.18000030517578,24.170000076293945,24.174999237060547,5655,0.0,0.0,0.0
2023-04-10 12:30:00-04:00,24.170000076293945,24.199899673461914,24.170000076293945,24.198999404907227,10302,0.0,0.0,0.0
2023-04-10 13:30:00-04:00,24.19499969482422,24.209999084472656,24.190000534057617,24.20800018310547,16767,0.0,0.0,0.0
2023-04-10 14:30:00-04:00,24.19540023803711,24.21929931640625,24.190000534057617,24.209999084472656,25601,0.0,0.0,0.0
2023-04-10 15:30:00-04:00,24.212900161743164,24.239999771118164,24.209999084472656,24.219999313354492,8627,0.0,0.0,0.0
2023-04-11 09:30:00-04:00,24.219999313354492,24.219999313354492,24.2189998626709,24.21940040588379,0,0.0,0.0,0.0
2023-04-11 10:30:00-04:00,24.219100952148438,24.219999313354492,24.19930076599121,24.19930076599121,2292,0.0,0.0,0.0
2023-04-11 11:30:00-04:00,24.180400848388672,24.18899917602539,24.180099487304688,24.187999725341797,1656,0.0,0.0,0.0
2023-04-11 12:30:00-04:00,24.18000030517578,24.18000030517578,24.171499252319336,24.171499252319336,566,0.0,0.0,0.0
2023-04-11 13:30:00-04:00,24.18000030517578,24.200000762939453,24.18000030517578,24.199899673461914,4235,0.0,0.0,0.0
2023-04-11 14:30:00-04:00,24.200000762939453,24.209999084472656,24.200000762939453,24.209999084472656,7399,0.0,0.0,0.0
2023-04-11 15:30:00-04:00,24.21940040588379,24.219999313354492,24.21500015258789,24.21500015258789,21243,0.0,0.0,0.0
2023-04-12 09:30:00-04:00,24.270000457763672,24.270000457763672,24.240100860595703,24.25,0,0.0,0.0,0.0
2023-04-12 11:30:00-04:00,24.239999771118164,24.246299743652344,24.239999771118164,24.246299743652344,542,0.0,0.0,0.0
2023-04-12 12:30:00-04:00,24.219999313354492,24.229900360107422,24.209999084472656,24.229900360107422,614,0.0,0.0,0.0
2023-04-12 13:30:00-04:00,24.221399307250977,24.25,24.221399307250977,24.25,6006,0.0,0.0,0.0
2023-04-12 14:30:00-04:00,24.25,24.260000228881836,24.239999771118164,24.25,18726,0.0,0.0,0.0
2023-04-12 15:30:00-04:00,24.25,24.25,24.239999771118164,24.25,4864,0.0,0.0,0.0
2023-04-13 09:30:00-04:00,24.30900001525879,24.309999465942383,24.298999786376953,24.298999786376953,0,0.0,0.0,0.0
2023-04-13 10:30:00-04:00,24.299999237060547,24.30900001525879,24.288999557495117,24.290000915527344,3965,0.0,0.0,0.0
2023-04-13 11:30:00-04:00,24.290000915527344,24.299999237060547,24.281700134277344,24.299999237060547,24815,0.0,0.0,0.0
2023-04-13 12:30:00-04:00,24.295000076293945,24.299999237060547,24.295000076293945,24.299999237060547,4915,0.0,0.0,0.0
2023-04-13 13:30:00-04:00,24.295000076293945,24.295000076293945,24.280000686645508,24.290000915527344,1085,0.0,0.0,0.0
2023-04-13 14:30:00-04:00,24.290000915527344,24.290000915527344,24.28070068359375,24.284700393676758,754,0.0,0.0,0.0
2023-04-13 15:30:00-04:00,24.270000457763672,24.28499984741211,24.270000457763672,24.280000686645508,6487,0.0,0.0,0.0
2023-04-14 09:30:00-04:00,24.239999771118164,24.239999771118164,24.209999084472656,24.219999313354492,0,0.0,0.0,0.0
2023-04-14 10:30:00-04:00,24.219999313354492,24.22599983215332,24.219999313354492,24.22599983215332,2251,0.0,0.0,0.0
2023-04-14 11:30:00-04:00,24.219999313354492,24.219999313354492,24.190099716186523,24.2052001953125,7553,0.0,0.0,0.0
2023-04-14 12:30:00-04:00,24.200000762939453,24.20989990234375,24.200000762939453,24.200000762939453,6103,0.0,0.0,0.0
2023-04-14 13:30:00-04:00,24.20009994506836,24.219999313354492,24.20009994506836,24.204999923706055,32436,0.0,0.0,0.0
2023-04-14 14:30:00-04:00,24.204999923706055,24.209999084472656,24.200000762939453,24.204999923706055,20339,0.0,0.0,0.0
2023-04-14 15:30:00-04:00,24.204999923706055,24.219999313354492,24.202800750732422,24.210599899291992,18103,0.0,0.0,0.0
2023-04-17 09:30:00-04:00,24.15999984741211,24.170000076293945,24.150100708007812,24.16990089416504,0,0.0,0.0,0.0
2023-04-17 10:30:00-04:00,24.155000686645508,24.15999984741211,24.149999618530273,24.158199310302734,12995,0.0,0.0,0.0
2023-04-17 11:30:00-04:00,24.155000686645508,24.15999984741211,24.149999618530273,24.157699584960938,18795,0.0,0.0,0.0
2023-04-17 12:30:00-04:00,24.155000686645508,24.15999984741211,24.149999618530273,24.15920066833496,19088,0.0,0.0,0.0
2023-04-17 13:30:00-04:00,24.150100708007812,24.15999984741211,24.149999618530273,24.15999984741211,10798,0.0,0.0,0.0
2023-04-17 14:30:00-04:00,24.1560001373291,24.15999984741211,24.149999618530273,24.149999618530273,2068,0.0,0.0,0.0
2023-04-17 15:30:00-04:00,24.155000686645508,24.15999984741211,24.152099609375,24.15999984741211,7023,0.0,0.0,0.0
2023-04-18 09:30:00-04:00,24.155000686645508,24.18000030517578,24.155000686645508,24.169700622558594,0,0.0,0.0,0.0
2023-04-18 10:30:00-04:00,24.18000030517578,24.18000030517578,24.15999984741211,24.15999984741211,12612,0.0,0.0,0.0
2023-04-18 11:30:00-04:00,24.170000076293945,24.170000076293945,24.15999984741211,24.165000915527344,2155,0.0,0.0,0.0
2023-04-18 12:30:00-04:00,24.1697998046875,24.16990089416504,24.15999984741211,24.167699813842773,14410,0.0,0.0,0.0
2023-04-18 13:30:00-04:00,24.161500930786133,24.166000366210938,24.15999984741211,24.166000366210938,6204,0.0,0.0,0.0
2023-04-18 14:30:00-04:00,24.165000915527344,24.18000030517578,24.15999984741211,24.170000076293945,57438,0.0,0.0,0.0
2023-04-18 15:30:00-04:00,24.165000915527344,24.165000915527344,24.15999984741211,24.165000915527344,819,0.0,0.0,0.0
2023-04-19 09:30:00-04:00,24.110000610351562,24.149999618530273,24.105199813842773,24.125,95980,0.0,0.0,0.0
2023-04-19 10:30:00-04:00,24.125,24.1299991607666,24.1200008392334,24.125,57155,0.0,0.0,0.0
2023-04-19 11:30:00-04:00,24.125,24.1299991607666,24.1200008392334,24.125,49837,0.0,0.0,0.0
2023-04-19 12:30:00-04:00,24.125,24.139999389648438,24.1200008392334,24.135000228881836,30722,0.0,0.0,0.0
2023-04-19 13:30:00-04:00,24.135000228881836,24.139999389648438,24.1299991607666,24.135000228881836,24857,0.0,0.0,0.0
2023-04-19 14:30:00-04:00,24.135000228881836,24.139999389648438,24.1299991607666,24.1299991607666,25548,0.0,0.0,0.0
2023-04-19 15:30:00-04:00,24.135000228881836,24.135000228881836,24.1200008392334,24.1299991607666,43776,0.0,0.0,0.0
2023-04-20 09:30:00-04:00,24.15999984741211,24.170000076293945,24.149999618530273,24.170000076293945,16876,0.0,0.0,0.0
2023-04-20 10:30:00-04:00,24.170000076293945,24.18000030517578,24.161399841308594,24.170000076293945,3374,0.0,0.0,0.0
2023-04-20 11:30:00-04:00,24.165000915527344,24.165000915527344,24.16069984436035,24.165000915527344,2534,0.0,0.0,0.0
2023-04-20 12:30:00-04:00,24.15999984741211,24.18000030517578,24.15999984741211,24.15999984741211,3215,0.0,0.0,0.0
2023-04-20 13:30:00-04:00,24.165000915527344,24.18000030517578,24.15999984741211,24.16010093688965,12352,0.0,0.0,0.0
2023-04-20 14:30:00-04:00,24.16010093688965,24.18000030517578,24.16010093688965,24.16029930114746,6861,0.0,0.0,0.0
2023-04-20 15:30:00-04:00,24.165000915527344,24.170000076293945,24.16010093688965,24.170000076293945,30554,0.0,0.0,0.0
2023-04-21 09:30:00-04:00,24.210100173950195,24.219999313354492,24.149999618530273,24.170000076293945,0,0.0,0.0,0.0
2023-04-21 10:30:00-04:00,24.15999984741211,24.15999984741211,24.14229965209961,24.15089988708496,4021,0.0,0.0,0.0
2023-04-21 11:30:00-04:00,24.150100708007812,24.18000030517578,24.150100708007812,24.170000076293945,4869,0.0,0.0,0.0
2023-04-21 12:30:00-04:00,24.16080093383789,24.18000030517578,24.16010093688965,24.170000076293945,14266,0.0,0.0,0.0
2023-04-21 13:30:00-04:00,24.17009925842285,24.18000030517578,24.15999984741211,24.160600662231445,82063,0.0,0.0,0.0
2023-04-21 14:30:00-04:00,24.165000915527344,24.170000076293945,24.150299072265625,24.170000076293945,7590,0.0,0.0,0.0
2023-04-21 15:30:00-04:00,24.165000915527344,24.170000076293945,24.149999618530273,24.170000076293945,0,0.0,0.0,0.0
2023-04-24 09:30:00-04:00,24.129899978637695,24.129899978637695,24.1200008392334,24.1200008392334,5104,0.0,0.0,0.0
2023-04-24 10:30:00-04:00,24.125,24.139999389648438,24.1200008392334,24.12299919128418,5796,0.0,0.0,0.0
2023-04-24 11:30:00-04:00,24.125,24.12649917602539,24.1200008392334,24.12649917602539,1483,0.0,0.0,0.0
2023-04-24 12:30:00-04:00,24.12660026550293,24.13990020751953,24.1200008392334,24.13010025024414,36058,0.0,0.0,0.0
2023-04-24 13:30:00-04:00,24.13800048828125,24.139999389648438,24.132299423217773,24.13520050048828,3314,0.0,0.0,0.0
2023-04-24 14:30:00-04:00,24.135000228881836,24.139999389648438,24.135000228881836,24.139999389648438,4971,0.0,0.0,0.0
2023-04-24 15:30:00-04:00,24.136499404907227,24.139999389648438,24.136499404907227,24.139999389648438,0,0.0,0.0,0.0
2023-04-25 09:30:00-04:00,24.21500015258789,24.229999542236328,24.209999084472656,24.219999313354492,16260,0.0,0.0,0.0
2023-04-25 10:30:00-04:00,24.21500015258789,24.219999313354492,24.200000762939453,24.204999923706055,84589,0.0,0.0,0.0
2023-04-25 11:30:00-04:00,24.204999923706055,24.209999084472656,24.190099716186523,24.190200805664062,43052,0.0,0.0,0.0
2023-04-25 12:30:00-04:00,24.19499969482422,24.239999771118164,24.190000534057617,24.231199264526367,25198,0.0,0.0,0.0
2023-04-25 13:30:00-04:00,24.239999771118164,24.239999771118164,24.229999542236328,24.229999542236328,10270,0.0,0.0,0.0
2023-04-25 14:30:00-04:00,24.235000610351562,24.236000061035156,24.229999542236328,24.235000610351562,6330,0.0,0.0,0.0
2023-04-25 15:30:00-04:00,24.230499267578125,24.239999771118164,24.229999542236328,24.239999771118164,7068,0.0,0.0,0.0
2023-04-26 09:30:00-04:00,24.25,24.2549991607666,24.230100631713867,24.25,0,0.0,0.0,0.0
2023-04-26 10:30:00-04:00,24.22010040283203,24.239999771118164,24.209999084472656,24.210899353027344,17105,0.0,0.0,0.0
2023-04-26 11:30:00-04:00,24.204999923706055,24.204999923706055,24.170000076293945,24.170000076293945,9501,0.0,0.0,0.0
2023-04-26 12:30:00-04:00,24.170000076293945,24.185699462890625,24.149999618530273,24.15999984741211,9950,0.0,0.0,0.0
2023-04-26 13:30:00-04:00,24.155000686645508,24.18000030517578,24.149999618530273,24.171899795532227,30703,0.0,0.0,0.0
2023-04-26 14:30:00-04:00,24.170000076293945,24.209999084472656,24.170000076293945,24.209999084472656,15994,0.0,0.0,0.0
2023-04-26 15:30:00-04:00,24.200000762939453,24.20359992980957,24.200000762939453,24.200000762939453,3003,0.0,0.0,0.0
2023-04-27 09:30:00-04:00,24.150100708007812,24.155000686645508,24.150100708007812,24.155000686645508,0,0.0,0.0,0.0
2023-04-27 10:30:00-04:00,24.150100708007812,24.15999984741211,24.150100708007812,24.15999984741211,372,0.0,0.0,0.0
2023-04-27 11:30:00-04:00,24.156099319458008,24.15999984741211,24.149999618530273,24.15169906616211,6803,0.0,0.0,0.0
2023-04-27 12:30:00-04:00,24.15920066833496,24.15999984741211,24.149999618530273,24.159900665283203,22013,0.0,0.0,0.0
2023-04-27 13:30:00-04:00,24.15920066833496,24.15999984741211,24.149999618530273,24.15999984741211,1891,0.0,0.0,0.0
2023-04-27 14:30:00-04:00,24.155000686645508,24.15999984741211,24.149999618530273,24.152299880981445,4605,0.0,0.0,0.0
2023-04-27 15:30:00-04:00,24.155000686645508,24.15719985961914,24.149999618530273,24.155000686645508,9470,0.0,0.0,0.0
2023-04-28 09:30:00-04:00,24.209999084472656,24.209999084472656,24.190000534057617,24.19499969482422,1934,0.0,0.0,0.0
2023-04-28 10:30:00-04:00,24.19849967956543,24.200000762939453,24.19499969482422,24.200000762939453,1608,0.0,0.0,0.0
2023-04-28 11:30:00-04:00,24.19499969482422,24.200000762939453,24.190099716186523,24.190099716186523,6883,0.0,0.0,0.0
2023-04-28 12:30:00-04:00,24.190099716186523,24.19499969482422,24.190099716186523,24.190099716186523,1518,0.0,0.0,0.0
2023-04-28 13:30:00-04:00,24.190200805664062,24.19499969482422,24.182100296020508,24.182100296020508,1968,0.0,0.0,0.0
2023-04-28 14:30:00-04:00,24.18199920654297,24.198999404907227,24.18000030517578,24.190000534057617,5602,0.0,0.0,0.0
2023-04-28 15:30:00-04:00,24.190000534057617,24.200000762939453,24.190000534057617,24.200000762939453,8262,0.0,0.0,0.0
2023-05-01 09:30:00-04:00,24.170000076293945,24.170000076293945,24.149999618530273,24.149999618530273,0,0.0,0.0,0.0
2023-05-01 10:30:00-04:00,24.150100708007812,24.156999588012695,24.1299991607666,24.1299991607666,3580,0.0,0.0,0.0
2023-05-01 11:30:00-04:00,24.139999389648438,24.139999389648438,24.1299991607666,24.135000228881836,25864,0.0,0.0,0.0
2023-05-01 12:30:00-04:00,24.139999389648438,24.139999389648438,24.1299991607666,24.13990020751953,28773,0.0,0.0,0.0
2023-05-01 13:30:00-04:00,24.135000228881836,24.139999389648438,24.1299991607666,24.135000228881836,1798,0.0,0.0,0.0
2023-05-01 14:30:00-04:00,24.135000228881836,24.139999389648438,24.128000259399414,24.128000259399414,79252,0.0,0.0,0.0
2023-05-01 15:30:00-04:00,24.1200008392334,24.1200008392334,24.110000610351562,24.114999771118164,4219,0.0,0.0,0.0
2023-05-02 09:30:00-04:00,24.1299991607666,24.174400329589844,24.1200008392334,24.170000076293945,5389,0.0,0.0,0.0
2023-05-02 10:30:00-04:00,24.174999237060547,24.20009994506836,24.174999237060547,24.20009994506836,3750,0.0,0.0,0.0
2023-05-02 11:30:00-04:00,24.20359992980957,24.209999084472656,24.190000534057617,24.19099998474121,15855,0.0,0.0,0.0
2023-05-02 12:30:00-04:00,24.200000762939453,24.200000762939453,24.149999618530273,24.19499969482422,18186,0.0,0.0,0.0
2023-05-02 13:30:00-04:00,24.19499969482422,24.209999084472656,24.190000534057617,24.209999084472656,6690,0.0,0.0,0.0
2023-05-02 14:30:00-04:00,24.200000762939453,24.200000762939453,24.190000534057617,24.191699981689453,4369,0.0,0.0,0.0
2023-05-02 15:30:00-04:00,24.19499969482422,24.19499969482422,24.190000534057617,24.190000534057617,1200,0.0,0.0,0.0
2023-05-03 09:30:00-04:00,24.25,24.25,24.239999771118164,24.242700576782227,0,0.0,0.0,0.0
2023-05-03 10:30:00-04:00,24.24139976501465,24.25,24.240100860595703,24.2450008392334,7336,0.0,0.0,0.0
2023-05-03 11:30:00-04:00,24.2450008392334,24.25,24.239999771118164,24.24920082092285,38262,0.0,0.0,0.0
2023-05-03 12:30:00-04:00,24.25,24.25,24.239999771118164,24.2450008392334,7100,0.0,0.0,0.0
2023-05-03 13:30:00-04:00,24.2450008392334,24.280000686645508,24.243900299072266,24.247299194335938,3335,0.0,0.0,0.0
2023-05-03 14:30:00-04:00,24.2450008392334,24.25,24.240100860595703,24.25,0,0.0,0.0,0.0
2023-05-03 15:30:00-04:00,24.25,24.280000686645508,24.25,24.275999069213867,78479,0.0,0.0,0.0
2023-05-04 09:30:00-04:00,24.260000228881836,24.2726993560791,24.25,24.270000457763672,0,0.0,0.0,0.0
2023-05-04 10:30:00-04:00,24.26849937438965,24.28499984741211,24.26110076904297,24.274999618530273,9335,0.0,0.0,0.0
2023-05-04 11:30:00-04:00,24.270099639892578,24.340499877929688,24.270099639892578,24.34000015258789,2637,0.0,0.0,0.0
2023-05-04 12:30:00-04:00,24.340099334716797,24.350000381469727,24.321500778198242,24.321500778198242,932,0.0,0.0,0.0
2023-05-04 13:30:00-04:00,24.30500030517578,24.307899475097656,24.30500030517578,24.307899475097656,989,0.0,0.0,0.0
2023-05-04 14:30:00-04:00,24.30500030517578,24.305999755859375,24.30500030517578,24.305999755859375,966,0.0,0.0,0.0
2023-05-04 15:30:00-04:00,24.299999237060547,24.300100326538086,24.299999237060547,24.300100326538086,840,0.0,0.0,0.0
2023-05-05 09:30:00-04:00,24.25,24.264999389648438,24.219999313354492,24.229999542236328,49374,0.0,0.0,0.0
2023-05-05 10:30:00-04:00,24.238500595092773,24.25,24.219999313354492,24.235000610351562,8638,0.0,0.0,0.0
2023-05-05 11:30:00-04:00,24.235000610351562,24.23900032043457,24.200000762939453,24.200000762939453,5590,0.0,0.0,0.0
2023-05-05 12:30:00-04:00,24.200000762939453,24.206100463867188,24.200000762939453,24.204999923706055,43253,0.0,0.0,0.0
2023-05-05 13:30:00-04:00,24.21500015258789,24.219999313354492,24.200000762939453,24.20319938659668,11861,0.0,0.0,0.0
2023-05-05 14:30:00-04:00,24.208799362182617,24.219999313354492,24.200000762939453,24.20639991760254,30541,0.0,0.0,0.0
2023-05-05 15:30:00-04:00,24.205900192260742,24.219999313354492,24.200000762939453,24.21500015258789,0,0.0,0.0,0.0
2023-05-08 09:30:00-04:00,24.15999984741211,24.170000076293945,24.133899688720703,24.155000686645508,9725,0.0,0.0,0.0
2023-05-08 10:30:00-04:00,24.155000686645508,24.18000030517578,24.149999618530273,24.170000076293945,49451,0.0,0.0,0.0
2023-05-08 11:30:00-04:00,24.174999237060547,24.200000762939453,24.170000076293945,24.18000030517578,54690,0.0,0.0,0.0
2023-05-08 12:30:00-04:00,24.17609977722168,24.18000030517578,24.170000076293945,24.174999237060547,43071,0.0,0.0,0.0
2023-05-08 13:30:00-04:00,24.174999237060547,24.18000030517578,24.15999984741211,24.170000076293945,12359,0.0,0.0,0.0
2023-05-08 14:30:00-04:00,24.168399810791016,24.170000076293945,24.15999984741211,24.15999984741211,3528,0.0,0.0,0.0
2023-05-08 15:30:00-04:00,24.15999984741211,24.170000076293945,24.15999984741211,24.15999984741211,7267,0.0,0.0,0.0
2023-05-09 09:30:00-04:00,24.170000076293945,24.170000076293945,24.15999984741211,24.15999984741211,0,0.0,0.0,0.0
2023-05-09 10:30:00-04:00,24.165000915527344,24.170000076293945,24.15999984741211,24.15999984741211,1813,0.0,0.0,0.0
2023-05-09 11:30:00-04:00,24.15999984741211,24.170000076293945,24.15999984741211,24.165000915527344,39456,0.0,0.0,0.0
2023-05-09 12:30:00-04:00,24.165000915527344,24.165000915527344,24.1299991607666,24.145700454711914,29887,0.0,0.0,0.0
2023-05-09 13:30:00-04:00,24.140100479125977,24.149999618530273,24.139999389648438,24.139999389648438,3837,0.0,0.0,0.0
2023-05-09 14:30:00-04:00,24.14900016784668,24.149999618530273,24.139999389648438,24.139999389648438,7769,0.0,0.0,0.0
2023-05-09 15:30:00-04:00,24.144100189208984,24.15999984741211,24.139999389648438,24.149999618530273,4975,0.0,0.0,0.0
2023-05-10 09:30:00-04:00,24.219999313354492,24.239900588989258,24.21500015258789,24.22170066833496,37712,0.0,0.0,0.0
2023-05-10 10:30:00-04:00,24.229900360107422,24.229999542236328,24.22010040283203,24.225000381469727,65796,0.0,0.0,0.0
2023-05-10 11:30:00-04:00,24.225000381469727,24.229999542236328,24.209999084472656,24.219999313354492,28312,0.0,0.0,0.0
2023-05-10 12:30:00-04:00,24.220399856567383,24.229999542236328,24.219999313354492,24.219999313354492,24469,0.0,0.0,0.0
2023-05-10 13:30:00-04:00,24.22010040283203,24.229999542236328,24.22010040283203,24.22010040283203,6110,0.0,0.0,0.0
2023-05-10 14:30:00-04:00,24.229900360107422,24.25,24.219999313354492,24.248300552368164,5349,0.0,0.0,0.0
2023-05-10 15:30:00-04:00,24.25,24.25,24.239999771118164,24.25,4845,0.0,0.0,0.0
2023-05-11 09:30:00-04:00,24.309999465942383,24.309999465942383,24.299999237060547,24.299999237060547,0,0.0,0.0,0.0
2023-05-11 10:30:00-04:00,24.30500030517578,24.30500030517578,24.277599334716797,24.277599334716797,3790,0.0,0.0,0.0
2023-05-11 11:30:00-04:00,24.274999618530273,24.29990005493164,24.270099639892578,24.29990005493164,7753,0.0,0.0,0.0
2023-05-11 12:30:00-04:00,24.290000915527344,24.299999237060547,24.280000686645508,24.280000686645508,3938,0.0,0.0,0.0
2023-05-11 13:30:00-04:00,24.280000686645508,24.280000686645508,24.280000686645508,24.280000686645508,321,0.0,0.0,0.0
2023-05-11 14:30:00-04:00,24.28499984741211,24.290000915527344,24.260000228881836,24.27989959716797,10364,0.0,0.0,0.0
2023-05-11 15:30:00-04:00,24.260099411010742,24.270000457763672,24.260000228881836,24.26849937438965,23192,0.0,0.0,0.0
2023-05-12 09:30:00-04:00,24.250099182128906,24.270000457763672,24.239999771118164,24.25,0,0.0,0.0,0.0
2023-05-12 10:30:00-04:00,24.219999313354492,24.219999313354492,24.210599899291992,24.219999313354492,2214,0.0,0.0,0.0
2023-05-12 11:30:00-04:00,24.219900131225586,24.219900131225586,24.190000534057617,24.197999954223633,6379,0.0,0.0,0.0
2023-05-12 12:30:00-04:00,24.199899673461914,24.208599090576172,24.190000534057617,24.201799392700195,3853,0.0,0.0,0.0
2023-05-12 13:30:00-04:00,24.200000762939453,24.209999084472656,24.200000762939453,24.200000762939453,18685,0.0,0.0,0.0
2023-05-12 14:30:00-04:00,24.209299087524414,24.209999084472656,24.200000762939453,24.209999084472656,33449,0.0,0.0,0.0
2023-05-12 15:30:00-04:00,24.200000762939453,24.20989990234375,24.200000762939453,24.204999923706055,6728,0.0,0.0,0.0
2023-05-15 09:30:00-04:00,24.18000030517578,24.18000030517578,24.170000076293945,24.174999237060547,0,0.0,0.0,0.0
2023-05-15 10:30:00-04:00,24.179899215698242,24.18000030517578,24.170000076293945,24.18000030517578,3945,0.0,0.0,0.0
2023-05-15 11:30:00-04:00,24.174999237060547,24.18000030517578,24.17009925842285,24.179399490356445,24268,0.0,0.0,0.0
2023-05-15 12:30:00-04:00,24.174999237060547,24.18000030517578,24.170000076293945,24.17169952392578,8769,0.0,0.0,0.0
2023-05-15 13:30:00-04:00,24.174999237060547,24.18000030517578,24.17009925842285,24.18000030517578,37619,0.0,0.0,0.0
2023-05-15 14:30:00-04:00,24.18000030517578,24.18000030517578,24.170000076293945,24.18000030517578,10327,0.0,0.0,0.0
2023-05-15 15:30:00-04:00,24.190000534057617,24.190000534057617,24.174999237060547,24.18000030517578,5898,0.0,0.0,0.0
2023-05-16 09:30:00-04:00,24.170000076293945,24.170000076293945,24.139999389648438,24.145000457763672,0,0.0,0.0,0.0
2023-05-16 10:30:00-04:00,24.139999389648438,24.149900436401367,24.139999389648438,24.143999099731445,17569,0.0,0.0,0.0
2023-05-16 11:30:00-04:00,24.139999389648438,24.145000457763672,24.1299991607666,24.13249969482422,28916,0.0,0.0,0.0
2023-05-16 12:30:00-04:00,24.13909912109375,24.139999389648438,24.1299991607666,24.13909912109375,71154,0.0,0.0,0.0
2023-05-16 13:30:00-04:00,24.135000228881836,24.13990020751953,24.1299991607666,24.1299991607666,36280,0.0,0.0,0.0
2023-05-16 14:30:00-04:00,24.1299991607666,24.149999618530273,24.1299991607666,24.149900436401367,36928,0.0,0.0,0.0
2023-05-16 15:30:00-04:00,24.145000457763672,24.149999618530273,24.1299991607666,24.1299991607666,217640,0.0,0.0,0.0
2023-05-17 09:30:00-04:00,24.149999618530273,24.149999618530273,24.110000610351562,24.11009979248047,25101,0.0,0.0,0.0
2023-05-17 10:30:00-04:00,24.11009979248047,24.1200008392334,24.100000381469727,24.100000381469727,16303,0.0,0.0,0.0
2023-05-17 11:30:00-04:00,24.100000381469727,24.100000381469727,24.090099334716797,24.099899291992188,5573,0.0,0.0,0.0
2023-05-17 12:30:00-04:00,24.094999313354492,24.100000381469727,24.09000015258789,24.09980010986328,17318,0.0,0.0,0.0
2023-05-17 13:30:00-04:00,24.094999313354492,24.100000381469727,24.09000015258789,24.094999313354492,71838,0.0,0.0,0.0
2023-05-17 14:30:00-04:00,24.094999313354492,24.100000381469727,24.092100143432617,24.094999313354492,54175,0.0,0.0,0.0
2023-05-17 15:30:00-04:00,24.09980010986328,24.100000381469727,24.09000015258789,24.094999313354492,29844,0.0,0.0,0.0
2023-05-18 09:30:00-04:00,24.09000015258789,24.09000015258789,24.020000457763672,24.030000686645508,63851,0.0,0.0,0.0
2023-05-18 10:30:00-04:00,24.049999237060547,24.049999237060547,24.020000457763672,24.040000915527344,26799,0.0,0.0,0.0
2023-05-18 11:30:00-04:00,24.036800384521484,24.059999465942383,24.030000686645508,24.03499984741211,3331,0.0,0.0,0.0
2023-05-18 12:30:00-04:00,24.038000106811523,24.049999237060547,24.030000686645508,24.03499984741211,19744,0.0,0.0,0.0
2023-05-18 13:30:00-04:00,24.03499984741211,24.040000915527344,24.030000686645508,24.032400131225586,57136,0.0,0.0,0.0
2023-05-18 14:30:00-04:00,24.03499984741211,24.05500030517578,23.989999771118164,24.0,203424,0.0,0.0,0.0
2023-05-18 15:30:00-04:00,24.004499435424805,24.040000915527344,24.0,24.020000457763672,65200,0.0,0.0,0.0
2023-05-19 09:30:00-04:00,24.010000228881836,24.010000228881836,23.960100173950195,23.989999771118164,0,0.0,0.0,0.0
2023-05-19 10:30:00-04:00,23.98200035095215,23.989999771118164,23.979299545288086,23.989999771118164,2597,0.0,0.0,0.0
2023-05-19 11:30:00-04:00,24.03499984741211,24.040000915527344,24.020000457763672,24.027099609375,4445,0.0,0.0,0.0
2023-05-19 12:30:00-04:00,24.02989959716797,24.02989959716797,24.020000457763672,24.024999618530273,3367,0.0,0.0,0.0
2023-05-19 13:30:00-04:00,24.029499053955078,24.029499053955078,24.010000228881836,24.018999099731445,9726,0.0,0.0,0.0
2023-05-19 14:30:00-04:00,24.014999389648438,24.014999389648438,23.989999771118164,24.0,69583,0.0,0.0,0.0
2023-05-19 15:30:00-04:00,23.999799728393555,24.010000228881836,23.989999771118164,24.0,0,0.0,0.0,0.0
2023-05-22 09:30:00-04:00,23.93000030517578,23.93000030517578,23.920000076293945,23.92329978942871,7373,0.0,0.0,0.0
2023-05-22 10:30:00-04:00,23.924999237060547,23.93000030517578,23.92060089111328,23.921100616455078,849,0.0,0.0,0.0
2023-05-22 11:30:00-04:00,23.927400588989258,23.929899215698242,23.920700073242188,23.929899215698242,1338,0.0,0.0,0.0
2023-05-22 12:30:00-04:00,23.924999237060547,23.92959976196289,23.920000076293945,23.924999237060547,9663,0.0,0.0,0.0
2023-05-22 13:30:00-04:00,23.92930030822754,23.940000534057617,23.92930030822754,23.937000274658203,4569,0.0,0.0,0.0
2023-05-22 14:30:00-04:00,23.940000534057617,23.940000534057617,23.930099487304688,23.939199447631836,2116,0.0,0.0,0.0
2023-05-22 15:30:00-04:00,23.934999465942383,23.934999465942383,23.90999984741211,23.920000076293945,7971,0.0,0.0,0.0
2023-05-23 09:30:00-04:00,23.899999618530273,23.91990089416504,23.889999389648438,23.90019989013672,0,0.0,0.0,0.0
2023-05-23 10:30:00-04:00,23.899999618530273,23.90999984741211,23.899999618530273,23.90999984741211,7677,0.0,0.0,0.0
2023-05-23 11:30:00-04:00,23.90999984741211,23.90999984741211,23.892799377441406,23.909900665283203,8369,0.0,0.0,0.0
2023-05-23 12:30:00-04:00,23.920000076293945,23.920000076293945,23.90999984741211,23.920000076293945,5397,0.0,0.0,0.0
2023-05-23 13:30:00-04:00,23.915000915527344,23.921100616455078,23.905000686645508,23.921100616455078,5402,0.0,0.0,0.0
2023-05-23 14:30:00-04:00,23.940000534057617,23.940000534057617,23.921199798583984,23.937400817871094,10578,0.0,0.0,0.0
2023-05-23 15:30:00-04:00,23.93000030517578,23.93000030517578,23.921499252319336,23.929800033569336,1905,0.0,0.0,0.0
2023-05-24 09:30:00-04:00,23.940000534057617,23.940000534057617,23.910900115966797,23.9143009185791,0,0.0,0.0,0.0
2023-05-24 10:30:00-04:00,23.91900062561035,23.924999237060547,23.911800384521484,23.924999237060547,1220,0.0,0.0,0.0
2023-05-24 11:30:00-04:00,23.913799285888672,23.916200637817383,23.8700008392334,23.8700008392334,18211,0.0,0.0,0.0
2023-05-24 12:30:00-04:00,23.8700008392334,23.885000228881836,23.8700008392334,23.871999740600586,82244,0.0,0.0,0.0
2023-05-24 13:30:00-04:00,23.875,23.907699584960938,23.870100021362305,23.907699584960938,31583,0.0,0.0,0.0
2023-05-24 14:30:00-04:00,23.908899307250977,23.908899307250977,23.889999389648438,23.895000457763672,30356,0.0,0.0,0.0
2023-05-24 15:30:00-04:00,23.885000228881836,23.889999389648438,23.8799991607666,23.880399703979492,0,0.0,0.0,0.0
2023-05-25 09:30:00-04:00,23.850000381469727,23.850000381469727,23.834999084472656,23.844999313354492,14256,0.0,0.0,0.0
2023-05-25 10:30:00-04:00,23.844999313354492,23.860000610351562,23.780000686645508,23.844999313354492,13339,0.0,0.0,0.0
2023-05-25 11:30:00-04:00,23.829999923706055,23.829999923706055,23.81999969482422,23.81999969482422,1333,0.0,0.0,0.0
2023-05-25 12:30:00-04:00,23.820100784301758,23.829999923706055,23.809999465942383,23.82200050354004,32654,0.0,0.0,0.0
2023-05-25 13:30:00-04:00,23.820499420166016,23.820499420166016,23.81999969482422,23.81999969482422,2320,0.0,0.0,0.0
2023-05-25 14:30:00-04:00,23.829999923706055,23.829999923706055,23.795000076293945,23.795000076293945,5479,0.0,0.0,0.0
2023-05-25 15:30:00-04:00,23.790599822998047,23.799999237060547,23.790000915527344,23.790000915527344,2763,0.0,0.0,0.0
2023-05-26 09:30:00-04:00,23.780000686645508,23.81999969482422,23.780000686645508,23.81999969482422,0,0.0,0.0,0.0
2023-05-26 10:30:00-04:00,23.80470085144043,23.80470085144043,23.770000457763672,23.774999618530273,4149,0.0,0.0,0.0
2023-05-26 11:30:00-04:00,23.777999877929688,23.780000686645508,23.774999618530273,23.780000686645508,1131,0.0,0.0,0.0
2023-05-26 12:30:00-04:00,23.770000457763672,23.799999237060547,23.770000457763672,23.795000076293945,10340,0.0,0.0,0.0
2023-05-26 13:30:00-04:00,23.790000915527344,23.815000534057617,23.790000915527344,23.809999465942383,7898,0.0,0.0,0.0
2023-05-26 14:30:00-04:00,23.8169002532959,23.81999969482422,23.770000457763672,23.80500030517578,45670,0.0,0.0,0.0
2023-05-26 15:30:00-04:00,23.809900283813477,23.809999465942383,23.80139923095703,23.808000564575195,1070,0.0,0.0,0.0
2023-05-30 09:30:00-04:00,23.850000381469727,23.8700008392334,23.850000381469727,23.864999771118164,0,0.0,0.0,0.0
2023-05-30 10:30:00-04:00,23.865999221801758,23.881000518798828,23.860000610351562,23.875,107933,0.0,0.0,0.0
2023-05-30 11:30:00-04:00,23.875,23.8799991607666,23.8700008392334,23.871999740600586,52929,0.0,0.0,0.0
2023-05-30 12:30:00-04:00,23.875,23.8799991607666,23.8700008392334,23.871999740600586,0,0.0,0.0,0.0
2023-05-30 13:30:00-04:00,23.8799991607666,23.88990020751953,23.8799991607666,23.8799991607666,207972,0.0,0.0,0.0
2023-05-30 14:30:00-04:00,23.88990020751953,23.898300170898438,23.8799991607666,23.895000457763672,17597,0.0,0.0,0.0
2023-05-30 15:30:00-04:00,23.897600173950195,23.920000076293945,23.889999389648438,23.90999984741211,22131,0.0,0.0,0.0
2023-05-31 09:30:00-04:00,23.950000762939453,23.961000442504883,23.799999237060547,23.915000915527344,14281,0.0,0.0,0.0
2023-05-31 10:30:00-04:00,23.915000915527344,23.934999465942383,23.90999984741211,23.93000030517578,9168,0.0,0.0,0.0
2023-05-31 11:30:00-04:00,23.93000030517578,23.934999465942383,23.90999984741211,23.918699264526367,62714,0.0,0.0,0.0
2023-05-31 12:30:00-04:00,23.915000915527344,23.934999465942383,23.850000381469727,23.934999465942383,72540,0.0,0.0,0.0
2023-05-31 13:30:00-04:00,23.93000030517578,23.959999084472656,23.889999389648438,23.95989990234375,126429,0.0,0.0,0.0
2023-05-31 14:30:00-04:00,23.951000213623047,23.959999084472656,23.924999237060547,23.954999923706055,22611,0.0,0.0,0.0
2023-05-31 15:30:00-04:00,23.954999923706055,23.956100463867188,23.950000762939453,23.950000762939453,36699,0.0,0.0,0.0
2023-06-01 09:30:00-04:00,23.989999771118164,24.0,23.979999542236328,23.989999771118164,0,0.0,0.0,0.0
2023-06-01 10:30:00-04:00,23.985000610351562,23.989999771118164,23.979999542236328,23.979999542236328,2992,0.0,0.0,0.0
2023-06-01 11:30:00-04:00,23.990100860595703,24.006500244140625,23.989999771118164,23.9950008392334,13505,0.0,0.0,0.0
2023-06-01 12:30:00-04:00,23.989999771118164,23.990999221801758,23.979999542236328,23.979999542236328,22489,0.0,0.0,0.0
2023-06-01 13:30:00-04:00,23.985000610351562,23.9950008392334,23.981399536132812,23.992399215698242,6198,0.0,0.0,0.0
2023-06-01 14:30:00-04:00,23.9950008392334,24.020000457763672,23.991300582885742,24.020000457763672,5923,0.0,0.0,0.0
2023-06-01 15:30:00-04:00,24.016199111938477,24.020000457763672,24.0,24.0049991607666,23833,0.0,0.0,0.0
2023-06-02 09:30:00-04:00,23.989999771118164,23.989999771118164,23.940000534057617,23.940000534057617,0,0.0,0.0,0.0
2023-06-02 10:30:00-04:00,23.950000762939453,23.950000762939453,23.93000030517578,23.932100296020508,8856,0.0,0.0,0.0
2023-06-02 11:30:00-04:00,23.931900024414062,23.934999465942383,23.93000030517578,23.93000030517578,0,0.0,0.0,0.0
2023-06-02 12:30:00-04:00,23.93000030517578,23.940000534057617,23.8700008392334,23.934999465942383,55041,0.0,0.0,0.0
2023-06-02 13:30:00-04:00,23.934999465942383,23.940000534057617,23.920000076293945,23.920000076293945,2735,0.0,0.0,0.0
2023-06-02 14:30:00-04:00,23.934999465942383,23.940000534057617,23.93000030517578,23.93000030517578,8748,0.0,0.0,0.0
2023-06-02 15:30:00-04:00,23.93000030517578,23.940000534057617,23.920000076293945,23.920000076293945,54134,0.0,0.0,0.0
2023-06-05 09:30:00-04:00,23.8799991607666,23.950000762939453,23.75,23.940000534057617,20636,0.0,0.0,0.0
2023-06-05 10:30:00-04:00,23.940000534057617,23.940000534057617,23.920000076293945,23.92009925842285,5148,0.0,0.0,0.0
2023-06-05 12:30:00-04:00,23.90999984741211,23.91990089416504,23.90999984741211,23.915000915527344,6560,0.0,0.0,0.0
2023-06-05 13:30:00-04:00,23.912599563598633,23.912599563598633,23.90999984741211,23.90999984741211,433,0.0,0.0,0.0
2023-06-05 14:30:00-04:00,23.920000076293945,23.920000076293945,23.915000915527344,23.920000076293945,0,0.0,0.0,0.0
2023-06-06 09:30:00-04:00,23.929899215698242,23.929899215698242,23.889999389648438,23.889999389648438,0,0.0,0.0,0.0
2023-06-06 10:30:00-04:00,23.891000747680664,23.899999618530273,23.891000747680664,23.891000747680664,1042,0.0,0.0,0.0
2023-06-06 11:30:00-04:00,23.889999389648438,23.899999618530273,23.889999389648438,23.899999618530273,569,0.0,0.0,0.0
2023-06-06 12:30:00-04:00,23.899999618530273,23.899999618530273,23.889999389648438,23.889999389648438,9549,0.0,0.0,0.0
2023-06-06 13:30:00-04:00,23.895000457763672,23.89940071105957,23.889999389648438,23.889999389648438,7649,0.0,0.0,0.0
2023-06-06 14:30:00-04:00,23.89229965209961,23.89229965209961,23.89229965209961,23.89229965209961,235,0.0,0.0,0.0
2023-06-06 15:30:00-04:00,23.895000457763672,23.899999618530273,23.895000457763672,23.899999618530273,0,0.0,0.0,0.0
2023-06-07 09:30:00-04:00,23.899999618530273,23.899999618530273,23.860000610351562,23.860000610351562,409,0.0,0.0,0.0
2023-06-07 10:30:00-04:00,23.841999053955078,23.84269905090332,23.841999053955078,23.84269905090332,712,0.0,0.0,0.0
2023-06-07 11:30:00-04:00,23.84000015258789,23.84000015258789,23.81999969482422,23.81999969482422,11923,0.0,0.0,0.0
2023-06-07 12:30:00-04:00,23.81999969482422,23.829999923706055,23.809999465942383,23.81999969482422,6865,0.0,0.0,0.0
2023-06-07 13:30:00-04:00,23.81999969482422,23.839599609375,23.81999969482422,23.829999923706055,7599,0.0,0.0,0.0
2023-06-07 14:30:00-04:00,23.829999923706055,23.834999084472656,23.829999923706055,23.829999923706055,5071,0.0,0.0,0.0
2023-06-07 15:30:00-04:00,23.829999923706055,23.829999923706055,23.799999237060547,23.829999923706055,7793,0.0,0.0,0.0
2023-06-08 09:30:00-04:00,23.8799991607666,23.88050079345703,23.8799991607666,23.88050079345703,0,0.0,0.0,0.0
2023-06-08 10:30:00-04:00,23.88050079345703,23.88050079345703,23.88050079345703,23.88050079345703,527,0.0,0.0,0.0
2023-06-08 11:30:00-04:00,23.88010025024414,23.88010025024414,23.88010025024414,23.88010025024414,464,0.0,0.0,0.0
2023-06-08 12:30:00-04:00,23.887800216674805,23.888599395751953,23.88279914855957,23.88279914855957,2533,0.0,0.0,0.0
2023-06-08 13:30:00-04:00,23.885000228881836,23.889999389648438,23.88010025024414,23.885000228881836,19306,0.0,0.0,0.0
2023-06-08 14:30:00-04:00,23.8799991607666,23.885000228881836,23.8799991607666,23.885000228881836,12242,0.0,0.0,0.0
2023-06-08 15:30:00-04:00,23.8700008392334,23.889999389648438,23.8700008392334,23.885000228881836,0,0.0,0.0,0.0
2023-06-09 09:30:00-04:00,23.84000015258789,23.85099983215332,23.82509994506836,23.82509994506836,12258,0.0,0.0,0.0
2023-06-09 10:30:00-04:00,23.838699340820312,23.838699340820312,23.829999923706055,23.834999084472656,2619,0.0,0.0,0.0
2023-06-09 11:30:00-04:00,23.84000015258789,23.84000015258789,23.832000732421875,23.834999084472656,3887,0.0,0.0,0.0
2023-06-09 12:30:00-04:00,23.834999084472656,23.83989906311035,23.830799102783203,23.83989906311035,2096,0.0,0.0,0.0
2023-06-09 13:30:00-04:00,23.838699340820312,23.838699340820312,23.829999923706055,23.829999923706055,688,0.0,0.0,0.0
2023-06-09 14:30:00-04:00,23.834999084472656,23.836000442504883,23.834999084472656,23.836000442504883,1213,0.0,0.0,0.0
2023-06-09 15:30:00-04:00,23.829999923706055,23.829999923706055,23.81999969482422,23.825000762939453,6431,0.0,0.0,0.0
2023-06-12 09:30:00-04:00,23.850000381469727,23.850000381469727,23.81999969482422,23.81999969482422,0,0.0,0.0,0.0
2023-06-12 10:30:00-04:00,23.829999923706055,23.84000015258789,23.82390022277832,23.833999633789062,8786,0.0,0.0,0.0
2023-06-12 11:30:00-04:00,23.83370018005371,23.83370018005371,23.829999923706055,23.829999923706055,1602,0.0,0.0,0.0
2023-06-12 12:30:00-04:00,23.834999084472656,23.84000015258789,23.829999923706055,23.834999084472656,1418,0.0,0.0,0.0
2023-06-12 13:30:00-04:00,23.834999084472656,23.864999771118164,23.83099937438965,23.850000381469727,12054,0.0,0.0,0.0
2023-06-12 14:30:00-04:00,23.860000610351562,23.860000610351562,23.860000610351562,23.860000610351562,5448,0.0,0.0,0.0
2023-06-12 15:30:00-04:00,23.860000610351562,23.86829948425293,23.860000610351562,23.864999771118164,0,0.0,0.0,0.0
2023-06-13 09:30:00-04:00,23.899999618530273,23.899999618530273,23.860000610351562,23.860000610351562,18861,0.0,0.0,0.0
2023-06-13 10:30:00-04:00,23.860000610351562,23.87470054626465,23.829999923706055,23.84480094909668,59471,0.0,0.0,0.0
2023-06-13 11:30:00-04:00,23.841999053955078,23.860000610351562,23.829999923706055,23.830299377441406,48665,0.0,0.0,0.0
2023-06-13 12:30:00-04:00,23.83009910583496,23.850000381469727,23.825000762939453,23.84000015258789,61998,0.0,0.0,0.0
2023-06-13 13:30:00-04:00,23.840999603271484,23.840999603271484,23.809999465942383,23.810100555419922,87953,0.0,0.0,0.0
2023-06-13 14:30:00-04:00,23.799999237060547,23.799999237060547,23.760000228881836,23.795000076293945,30926,0.0,0.0,0.0
2023-06-13 15:30:00-04:00,23.795000076293945,23.81999969482422,23.791000366210938,23.808300018310547,0,0.0,0.0,0.0
2023-06-14 09:30:00-04:00,23.799999237060547,23.860000610351562,23.799999237060547,23.84000015258789,54329,0.0,0.0,0.0
2023-06-14 10:30:00-04:00,23.84000015258789,23.854999542236328,23.84000015258789,23.854999542236328,30430,0.0,0.0,0.0
2023-06-14 11:30:00-04:00,23.860000610351562,23.8700008392334,23.850099563598633,23.85099983215332,4504,0.0,0.0,0.0
2023-06-14 12:30:00-04:00,23.863000869750977,23.863000869750977,23.851499557495117,23.860000610351562,7481,0.0,0.0,0.0
2023-06-14 13:30:00-04:00,23.860000610351562,23.860000610351562,23.764999389648438,23.770000457763672,5731,0.0,0.0,0.0
2023-06-14 14:30:00-04:00,23.770000457763672,23.82080078125,23.770000457763672,23.790000915527344,5036,0.0,0.0,0.0
2023-06-14 15:30:00-04:00,23.770000457763672,23.815000534057617,23.770000457763672,23.815000534057617,0,0.0,0.0,0.0
2023-06-15 09:30:00-04:00,23.8700008392334,23.8700008392334,23.860000610351562,23.8700008392334,1686,0.0,0.0,0.0
2023-06-15 10:30:00-04:00,23.899900436401367,23.899999618530273,23.85099983215332,23.860000610351562,4407,0.0,0.0,0.0
2023-06-15 11:30:00-04:00,23.864999771118164,23.8700008392334,23.860000610351562,23.8700008392334,8346,0.0,0.0,0.0
2023-06-15 12:30:00-04:00,23.890399932861328,23.899499893188477,23.889999389648438,23.895000457763672,3294,0.0,0.0,0.0
2023-06-15 13:30:00-04:00,23.889999389648438,23.895000457763672,23.8799991607666,23.885000228881836,3561,0.0,0.0,0.0
2023-06-15 14:30:00-04:00,23.885000228881836,23.88990020751953,23.8799991607666,23.881999969482422,11155,0.0,0.0,0.0
2023-06-15 15:30:00-04:00,23.8799991607666,23.915000915527344,23.8799991607666,23.915000915527344,21816,0.0,0.0,0.0
2023-06-16 09:30:00-04:00,23.860000610351562,23.8799991607666,23.81999969482422,23.81999969482422,0,0.0,0.0,0.0
2023-06-16 10:30:00-04:00,23.829999923706055,23.850000381469727,23.820499420166016,23.850000381469727,1180,0.0,0.0,0.0
2023-06-16 11:30:00-04:00,23.860000610351562,23.860000610351562,23.854000091552734,23.854000091552734,896,0.0,0.0,0.0
2023-06-16 12:30:00-04:00,23.854999542236328,23.860000610351562,23.85070037841797,23.854999542236328,3939,0.0,0.0,0.0
2023-06-16 13:30:00-04:00,23.842500686645508,23.86039924621582,23.842500686645508,23.860000610351562,38365,0.0,0.0,0.0
2023-06-16 14:30:00-04:00,23.864999771118164,23.864999771118164,23.864999771118164,23.864999771118164,2282,0.0,0.0,0.0
2023-06-16 15:30:00-04:00,23.864999771118164,23.867900848388672,23.864999771118164,23.864999771118164,1206,0.0,0.0,0.0
2023-06-20 09:30:00-04:00,23.790000915527344,23.821500778198242,23.790000915527344,23.811800003051758,75365,0.0,0.0,0.0
2023-06-20 10:30:00-04:00,23.82699966430664,23.82699966430664,23.719999313354492,23.813600540161133,122853,0.0,0.0,0.0
2023-06-20 11:30:00-04:00,23.810400009155273,23.819900512695312,23.780000686645508,23.80500030517578,37083,0.0,0.0,0.0
2023-06-20 12:30:00-04:00,23.80500030517578,23.81999969482422,23.799999237060547,23.813499450683594,10610,0.0,0.0,0.0
2023-06-20 13:30:00-04:00,23.815000534057617,23.81999969482422,23.812000274658203,23.817699432373047,1661,0.0,0.0,0.0
2023-06-20 14:30:00-04:00,23.799999237060547,23.815000534057617,23.799999237060547,23.81170082092285,182819,0.0,0.0,0.0
2023-06-20 15:30:00-04:00,23.809999465942383,23.81999969482422,23.809999465942383,23.815000534057617,64305,0.0,0.0,0.0
2023-06-21 09:30:00-04:00,23.770999908447266,23.774999618530273,23.770000457763672,23.770000457763672,0,0.0,0.0,0.0
2023-06-21 10:30:00-04:00,23.770700454711914,23.77829933166504,23.770000457763672,23.770000457763672,4681,0.0,0.0,0.0
2023-06-21 11:30:00-04:00,23.774999618530273,23.77790069580078,23.770000457763672,23.774999618530273,33740,0.0,0.0,0.0
2023-06-21 12:30:00-04:00,23.774999618530273,23.795000076293945,23.7726993560791,23.795000076293945,26221,0.0,0.0,0.0
2023-06-21 13:30:00-04:00,23.795000076293945,23.829999923706055,23.795000076293945,23.829999923706055,61344,0.0,0.0,0.0
2023-06-21 14:30:00-04:00,23.829999923706055,23.829999923706055,23.81800079345703,23.81800079345703,823,0.0,0.0,0.0
2023-06-21 15:30:00-04:00,23.815000534057617,23.815000534057617,23.799999237060547,23.814300537109375,97760,0.0,0.0,0.0
2023-06-22 09:30:00-04:00,23.829999923706055,23.829999923706055,23.7814998626709,23.790000915527344,0,0.0,0.0,0.0
2023-06-22 10:30:00-04:00,23.790000915527344,23.790000915527344,23.780000686645508,23.78499984741211,3547,0.0,0.0,0.0
2023-06-22 11:30:00-04:00,23.78499984741211,23.790000915527344,23.760099411010742,23.780000686645508,2171,0.0,0.0,0.0
2023-06-22 12:30:00-04:00,23.770000457763672,23.799999237060547,23.760000228881836,23.764999389648438,1625,0.0,0.0,0.0
2023-06-22 13:30:00-04:00,23.764999389648438,23.770000457763672,23.76259994506836,23.770000457763672,6409,0.0,0.0,0.0
2023-06-22 14:30:00-04:00,23.770000457763672,23.780000686645508,23.760000228881836,23.780000686645508,6147,0.0,0.0,0.0
2023-06-22 15:30:00-04:00,23.780000686645508,23.780000686645508,23.770000457763672,23.780000686645508,2324,0.0,0.0,0.0
2023-06-23 09:30:00-04:00,23.850000381469727,23.850000381469727,23.800100326538086,23.800100326538086,0,0.0,0.0,0.0
2023-06-23 10:30:00-04:00,23.780000686645508,23.780000686645508,23.780000686645508,23.780000686645508,191,0.0,0.0,0.0
2023-06-23 11:30:00-04:00,23.790000915527344,23.790000915527344,23.78499984741211,23.790000915527344,1842,0.0,0.0,0.0
2023-06-23 12:30:00-04:00,23.774999618530273,23.77899932861328,23.770000457763672,23.774999618530273,1027,0.0,0.0,0.0
2023-06-23 13:30:00-04:00,23.77989959716797,23.787700653076172,23.774999618530273,23.787700653076172,2022,0.0,0.0,0.0
2023-06-23 14:30:00-04:00,23.780000686645508,23.79789924621582,23.780000686645508,23.780000686645508,13315,0.0,0.0,0.0
2023-06-23 15:30:00-04:00,23.78499984741211,23.790000915527344,23.780000686645508,23.78499984741211,22001,0.0,0.0,0.0
2023-06-26 09:30:00-04:00,23.81999969482422,23.81999969482422,23.799999237060547,23.809999465942383,0,0.0,0.0,0.0
2023-06-26 10:30:00-04:00,23.809999465942383,23.81999969482422,23.799999237060547,23.81999969482422,2428,0.0,0.0,0.0
2023-06-26 11:30:00-04:00,23.815000534057617,23.815000534057617,23.811899185180664,23.811899185180664,3363,0.0,0.0,0.0
2023-06-26 12:30:00-04:00,23.812999725341797,23.812999725341797,23.812999725341797,23.812999725341797,302,0.0,0.0,0.0
2023-06-26 13:30:00-04:00,23.815000534057617,23.815000534057617,23.809999465942383,23.8125,5936,0.0,0.0,0.0
2023-06-26 14:30:00-04:00,23.815000534057617,23.827899932861328,23.815000534057617,23.81999969482422,7033,0.0,0.0,0.0
2023-06-26 15:30:00-04:00,23.82229995727539,23.82229995727539,23.81999969482422,23.81999969482422,607,0.0,0.0,0.0
2023-06-27 09:30:00-04:00,23.829999923706055,23.834999084472656,23.80120086669922,23.80120086669922,0,0.0,0.0,0.0
2023-06-27 10:30:00-04:00,23.77199935913086,23.77199935913086,23.768400192260742,23.768400192260742,1308,0.0,0.0,0.0
2023-06-27 11:30:00-04:00,23.77989959716797,23.77989959716797,23.77989959716797,23.77989959716797,384,0.0,0.0,0.0
2023-06-27 12:30:00-04:00,23.780000686645508,23.780000686645508,23.780000686645508,23.780000686645508,2125,0.0,0.0,0.0
2023-06-27 13:30:00-04:00,23.770000457763672,23.790000915527344,23.770000457763672,23.790000915527344,4450,0.0,0.0,0.0
2023-06-27 14:30:00-04:00,23.77090072631836,23.774999618530273,23.77090072631836,23.774999618530273,547,0.0,0.0,0.0
2023-06-27 15:30:00-04:00,23.774999618530273,23.774999618530273,23.770000457763672,23.770000457763672,387,0.0,0.0,0.0
2023-06-28 09:30:00-04:00,23.809999465942383,23.809999465942383,23.78459930419922,23.78499984741211,0,0.0,0.0,0.0
2023-06-28 10:30:00-04:00,23.790000915527344,23.790000915527344,23.780000686645508,23.78499984741211,4252,0.0,0.0,0.0
2023-06-28 11:30:00-04:00,23.78499984741211,23.815000534057617,23.78499984741211,23.815000534057617,22182,0.0,0.0,0.0
2023-06-28 12:30:00-04:00,23.815000534057617,23.815000534057617,23.815000534057617,23.815000534057617,235,0.0,0.0,0.0
2023-06-28 13:30:00-04:00,23.815000534057617,23.81999969482422,23.815000534057617,23.815000534057617,5230,0.0,0.0,0.0
2023-06-28 14:30:00-04:00,23.815000534057617,23.815000534057617,23.815000534057617,23.815000534057617,10294,0.0,0.0,0.0
2023-06-28 15:30:00-04:00,23.815000534057617,23.815000534057617,23.815000534057617,23.815000534057617,5389,0.0,0.0,0.0
2023-06-29 09:30:00-04:00,23.739999771118164,23.739999771118164,23.729999542236328,23.733999252319336,0,0.0,0.0,0.0
2023-06-29 10:30:00-04:00,23.735000610351562,23.739900588989258,23.729999542236328,23.7322998046875,4479,0.0,0.0,0.0
2023-06-29 11:30:00-04:00,23.735000610351562,23.735000610351562,23.735000610351562,23.735000610351562,460,0.0,0.0,0.0
2023-06-29 12:30:00-04:00,23.730300903320312,23.730300903320312,23.730300903320312,23.730300903320312,330,0.0,0.0,0.0
2023-06-29 13:30:00-04:00,23.734100341796875,23.739999771118164,23.729999542236328,23.735000610351562,1647,0.0,0.0,0.0
2023-06-30 09:30:00-04:00,23.75,23.751699447631836,23.74090003967285,23.751699447631836,599,0.0,0.0,0.0
2023-06-30 10:30:00-04:00,23.7549991607666,23.780000686645508,23.750200271606445,23.780000686645508,1060,0.0,0.0,0.0
2023-06-30 11:30:00-04:00,23.777999877929688,23.777999877929688,23.777999877929688,23.777999877929688,196,0.0,0.0,0.0
2023-06-30 12:30:00-04:00,23.781400680541992,23.78499984741211,23.780000686645508,23.78499984741211,1948,0.0,0.0,0.0
2023-06-30 13:30:00-04:00,23.780000686645508,23.780000686645508,23.75,23.75,20297,0.0,0.0,0.0
2023-06-30 14:30:00-04:00,23.770000457763672,23.770000457763672,23.760000228881836,23.765199661254883,1719,0.0,0.0,0.0
2023-06-30 15:30:00-04:00,23.770999908447266,23.780000686645508,23.770000457763672,23.772199630737305,1010,0.0,0.0,0.0
2023-07-03 09:30:00-04:00,23.770000457763672,23.80030059814453,23.770000457763672,23.78499984741211,0,0.0,0.0,0.0
2023-07-03 10:30:00-04:00,23.78499984741211,23.78499984741211,23.78499984741211,23.78499984741211,294,0.0,0.0,0.0
2023-07-03 11:30:00-04:00,23.7549991607666,23.7549991607666,23.750099182128906,23.7549991607666,2254,0.0,0.0,0.0
2023-07-03 12:30:00-04:00,23.739999771118164,23.739999771118164,23.739999771118164,23.739999771118164,1804,0.0,0.0,0.0
2023-07-05 09:30:00-04:00,23.729999542236328,23.739999771118164,23.722000122070312,23.722000122070312,0,0.0,0.0,0.0
2023-07-05 10:30:00-04:00,23.710100173950195,23.710100173950195,23.710100173950195,23.710100173950195,254,0.0,0.0,0.0
2023-07-05 11:30:00-04:00,23.71500015258789,23.71500015258789,23.704999923706055,23.704999923706055,561,0.0,0.0,0.0
2023-07-05 12:30:00-04:00,23.704999923706055,23.704999923706055,23.690000534057617,23.691999435424805,2900,0.0,0.0,0.0
2023-07-05 13:30:00-04:00,23.68000030517578,23.690000534057617,23.68000030517578,23.690000534057617,864,0.0,0.0,0.0
2023-07-05 14:30:00-04:00,23.687400817871094,23.689300537109375,23.67530059814453,23.684499740600586,3038,0.0,0.0,0.0
2023-07-05 15:30:00-04:00,23.690000534057617,23.690000534057617,23.68709945678711,23.68709945678711,515,0.0,0.0,0.0
2023-07-06 09:30:00-04:00,23.59000015258789,23.59000015258789,23.540000915527344,23.559999465942383,0,0.0,0.0,0.0
2023-07-06 10:30:00-04:00,23.549999237060547,23.559999465942383,23.54010009765625,23.54010009765625,4611,0.0,0.0,0.0
2023-07-06 11:30:00-04:00,23.549999237060547,23.56999969482422,23.549999237060547,23.56999969482422,2950,0.0,0.0,0.0
2023-07-06 12:30:00-04:00,23.56100082397461,23.579999923706055,23.56100082397461,23.579999923706055,12600,0.0,0.0,0.0
2023-07-06 13:30:00-04:00,23.579999923706055,23.59000015258789,23.579999923706055,23.583900451660156,1750,0.0,0.0,0.0
2023-07-06 14:30:00-04:00,23.594999313354492,23.59950065612793,23.5939998626709,23.5939998626709,1702,0.0,0.0,0.0
2023-07-06 15:30:00-04:00,23.600000381469727,23.600000381469727,23.594999313354492,23.600000381469727,1250,0.0,0.0,0.0
2023-07-07 09:30:00-04:00,23.6200008392334,23.649999618530273,23.600000381469727,23.600000381469727,0,0.0,0.0,0.0
2023-07-07 10:30:00-04:00,23.649999618530273,23.649999618530273,23.649999618530273,23.649999618530273,253,0.0,0.0,0.0
2023-07-07 11:30:00-04:00,23.649999618530273,23.65220069885254,23.649999618530273,23.649999618530273,4208,0.0,0.0,0.0
2023-07-07 12:30:00-04:00,23.631000518798828,23.639999389648438,23.6299991607666,23.639999389648438,3385,0.0,0.0,0.0
2023-07-07 13:30:00-04:00,23.6299991607666,23.6299991607666,23.6299991607666,23.6299991607666,800,0.0,0.0,0.0
2023-07-07 14:30:00-04:00,23.6299991607666,23.6299991607666,23.6299991607666,23.6299991607666,931,0.0,0.0,0.0
2023-07-07 15:30:00-04:00,23.621000289916992,23.621000289916992,23.614999771118164,23.6200008392334,4481,0.0,0.0,0.0
2023-07-10 09:30:00-04:00,23.610000610351562,23.66010093688965,23.610000610351562,23.66010093688965,0,0.0,0.0,0.0
2023-07-10 10:30:00-04:00,23.65999984741211,23.68000030517578,23.65999984741211,23.68000030517578,0,0.0,0.0,0.0
2023-07-10 12:30:00-04:00,23.69499969482422,23.69499969482422,23.690000534057617,23.690000534057617,2718,0.0,0.0,0.0
2023-07-10 13:30:00-04:00,23.69499969482422,23.69499969482422,23.690000534057617,23.69499969482422,1628,0.0,0.0,0.0
2023-07-10 14:30:00-04:00,23.680999755859375,23.690900802612305,23.680999755859375,23.690099716186523,646,0.0,0.0,0.0
2023-07-10 15:30:00-04:00,23.690000534057617,23.69499969482422,23.690000534057617,23.694900512695312,0,0.0,0.0,0.0
2023-07-11 09:30:00-04:00,23.709999084472656,23.729999542236328,23.700000762939453,23.70009994506836,6794,0.0,0.0,0.0
2023-07-11 10:30:00-04:00,23.701000213623047,23.709999084472656,23.700000762939453,23.704099655151367,1918,0.0,0.0,0.0
2023-07-11 11:30:00-04:00,23.700000762939453,23.700000762939453,23.700000762939453,23.700000762939453,1826,0.0,0.0,0.0
2023-07-11 12:30:00-04:00,23.70560073852539,23.70560073852539,23.70560073852539,23.70560073852539,1302,0.0,0.0,0.0
2023-07-11 13:30:00-04:00,23.730899810791016,23.739299774169922,23.729999542236328,23.735000610351562,7198,0.0,0.0,0.0
2023-07-11 14:30:00-04:00,23.72100067138672,23.72100067138672,23.72100067138672,23.72100067138672,361,0.0,0.0,0.0
2023-07-11 15:30:00-04:00,23.729999542236328,23.729999542236328,23.729999542236328,23.729999542236328,100,0.0,0.0,0.0
2023-07-12 09:30:00-04:00,23.81999969482422,23.86989974975586,23.81999969482422,23.86989974975586,0,0.0,0.0,0.0
2023-07-12 10:30:00-04:00,23.860000610351562,23.8700008392334,23.860000610351562,23.8700008392334,1295,0.0,0.0,0.0
2023-07-12 11:30:00-04:00,23.850000381469727,23.854999542236328,23.850000381469727,23.854999542236328,540,0.0,0.0,0.0
2023-07-12 12:30:00-04:00,23.850099563598633,23.85700035095215,23.850099563598633,23.85700035095215,989,0.0,0.0,0.0
2023-07-12 13:30:00-04:00,23.84000015258789,23.849899291992188,23.84000015258789,23.844999313354492,2820,0.0,0.0,0.0
2023-07-12 14:30:00-04:00,23.844999313354492,23.860000610351562,23.842500686645508,23.850000381469727,1493,0.0,0.0,0.0
2023-07-12 15:30:00-04:00,23.850099563598633,23.85300064086914,23.850000381469727,23.850000381469727,0,0.0,0.0,0.0
2023-07-13 09:30:00-04:00,23.920000076293945,23.93000030517578,23.920000076293945,23.920000076293945,5924,0.0,0.0,0.0
2023-07-13 10:30:00-04:00,23.920000076293945,23.924999237060547,23.90999984741211,23.91200065612793,5447,0.0,0.0,0.0
2023-07-13 11:30:00-04:00,23.915000915527344,23.9507999420166,23.915000915527344,23.9507999420166,5619,0.0,0.0,0.0
2023-07-13 12:30:00-04:00,23.950000762939453,23.954999923706055,23.920000076293945,23.954999923706055,1713,0.0,0.0,0.0
2023-07-13 13:30:00-04:00,23.950000762939453,23.959999084472656,23.94499969482422,23.954999923706055,4493,0.0,0.0,0.0
2023-07-13 14:30:00-04:00,23.954999923706055,23.959999084472656,23.950000762939453,23.959999084472656,53171,0.0,0.0,0.0
2023-07-13 15:30:00-04:00,23.959999084472656,23.959999084472656,23.950000762939453,23.959999084472656,21169,0.0,0.0,0.0
2023-07-14 09:30:00-04:00,23.920000076293945,23.92009925842285,23.899999618530273,23.899999618530273,0,0.0,0.0,0.0
2023-07-14 10:30:00-04:00,23.895000457763672,23.895000457763672,23.885700225830078,23.885700225830078,646,0.0,0.0,0.0
2023-07-14 12:30:00-04:00,23.86989974975586,23.86989974975586,23.864999771118164,23.864999771118164,0,0.0,0.0,0.0
2023-07-14 14:30:00-04:00,23.857999801635742,23.857999801635742,23.850000381469727,23.853900909423828,7604,0.0,0.0,0.0
2023-07-14 15:30:00-04:00,23.84000015258789,23.840099334716797,23.84000015258789,23.84000015258789,812,0.0,0.0,0.0
2023-07-17 09:30:00-04:00,23.8700008392334,23.8700008392334,23.850099563598633,23.86240005493164,0,0.0,0.0,0.0
2023-07-17 10:30:00-04:00,23.860000610351562,23.8700008392334,23.860000610351562,23.860000610351562,18360,0.0,0.0,0.0
2023-07-17 11:30:00-04:00,23.860000610351562,23.8700008392334,23.860000610351562,23.8700008392334,9305,0.0,0.0,0.0
2023-07-17 12:30:00-04:00,23.8700008392334,23.8700008392334,23.864999771118164,23.864999771118164,7442,0.0,0.0,0.0
2023-07-17 13:30:00-04:00,23.864999771118164,23.899999618530273,23.86090087890625,23.88010025024414,20250,0.0,0.0,0.0
2023-07-17 14:30:00-04:00,23.880300521850586,23.880300521850586,23.8700008392334,23.875,7277,0.0,0.0,0.0
2023-07-17 15:30:00-04:00,23.8700008392334,23.870100021362305,23.850000381469727,23.8700008392334,0,0.0,0.0,0.0
2023-07-18 09:30:00-04:00,23.93000030517578,23.93000030517578,23.920000076293945,23.93000030517578,1091,0.0,0.0,0.0
2023-07-18 10:30:00-04:00,23.92329978942871,23.924999237060547,23.920000076293945,23.924999237060547,11452,0.0,0.0,0.0
2023-07-18 11:30:00-04:00,23.922000885009766,23.926599502563477,23.910200119018555,23.910200119018555,4915,0.0,0.0,0.0
2023-07-18 13:30:00-04:00,23.917699813842773,23.917699813842773,23.90399932861328,23.90399932861328,2051,0.0,0.0,0.0
2023-07-18 14:30:00-04:00,23.900999069213867,23.900999069213867,23.899999618530273,23.900999069213867,1623,0.0,0.0,0.0
2023-07-18 15:30:00-04:00,23.905000686645508,23.905000686645508,23.895000457763672,23.895000457763672,0,0.0,0.0,0.0
2023-07-19 09:30:00-04:00,23.93000030517578,23.93000030517578,23.93000030517578,23.93000030517578,185,0.0,0.0,0.0
2023-07-19 11:30:00-04:00,23.91010093688965,23.91010093688965,23.904600143432617,23.905000686645508,1089,0.0,0.0,0.0
2023-07-19 12:30:00-04:00,23.905000686645508,23.905000686645508,23.90060043334961,23.902099609375,657,0.0,0.0,0.0
2023-07-19 13:30:00-04:00,23.90999984741211,23.92099952697754,23.909900665283203,23.920000076293945,23474,0.0,0.0,0.0
2023-07-19 14:30:00-04:00,23.920000076293945,23.924999237060547,23.889999389648438,23.905000686645508,61968,0.0,0.0,0.0
2023-07-19 15:30:00-04:00,23.905000686645508,23.920000076293945,23.899999618530273,23.919200897216797,17996,0.0,0.0,0.0
2023-07-20 09:30:00-04:00,23.8799991607666,23.8799991607666,23.829999923706055,23.829999923706055,0,0.0,0.0,0.0
2023-07-20 10:30:00-04:00,23.834999084472656,23.836200714111328,23.829999923706055,23.836200714111328,884,0.0,0.0,0.0
2023-07-20 11:30:00-04:00,23.829999923706055,23.83169937133789,23.820199966430664,23.829999923706055,6524,0.0,0.0,0.0
2023-07-20 12:30:00-04:00,23.825000762939453,23.825000762939453,23.825000762939453,23.825000762939453,368,0.0,0.0,0.0
2023-07-20 13:30:00-04:00,23.829999923706055,23.863300323486328,23.790000915527344,23.844100952148438,10854,0.0,0.0,0.0
2023-07-20 14:30:00-04:00,23.850000381469727,23.854999542236328,23.850000381469727,23.850099563598633,4885,0.0,0.0,0.0
2023-07-20 15:30:00-04:00,23.860000610351562,23.861000061035156,23.860000610351562,23.860300064086914,0,0.0,0.0,0.0
2023-07-21 09:30:00-04:00,23.8700008392334,23.8799991607666,23.860000610351562,23.860000610351562,5999,0.0,0.0,0.0
2023-07-21 10:30:00-04:00,23.864999771118164,23.864999771118164,23.860000610351562,23.860000610351562,640,0.0,0.0,0.0
2023-07-21 11:30:00-04:00,23.85700035095215,23.85700035095215,23.85700035095215,23.85700035095215,153,0.0,0.0,0.0
2023-07-21 12:30:00-04:00,23.854999542236328,23.864999771118164,23.854999542236328,23.864999771118164,749,0.0,0.0,0.0
2023-07-21 13:30:00-04:00,23.864999771118164,23.864999771118164,23.860000610351562,23.864999771118164,3687,0.0,0.0,0.0
2023-07-21 14:30:00-04:00,23.864999771118164,23.864999771118164,23.860000610351562,23.860000610351562,7809,0.0,0.0,0.0
2023-07-21 15:30:00-04:00,23.875,23.875,23.864999771118164,23.875,403,0.0,0.0,0.0
2023-07-24 09:30:00-04:00,23.81999969482422,23.825000762939453,23.81999969482422,23.825000762939453,0,0.0,0.0,0.0
2023-07-24 10:30:00-04:00,23.80500030517578,23.80500030517578,23.80500030517578,23.80500030517578,300,0.0,0.0,0.0
2023-07-24 11:30:00-04:00,23.809999465942383,23.81209945678711,23.809999465942383,23.809999465942383,949,0.0,0.0,0.0
2023-07-24 12:30:00-04:00,23.790000915527344,23.790000915527344,23.790000915527344,23.790000915527344,61130,0.0,0.0,0.0
2023-07-24 13:30:00-04:00,23.780000686645508,23.78499984741211,23.770000457763672,23.78499984741211,2822,0.0,0.0,0.0
2023-07-24 14:30:00-04:00,23.78499984741211,23.78499984741211,23.780000686645508,23.78499984741211,565,0.0,0.0,0.0
2023-07-24 15:30:00-04:00,23.781099319458008,23.781099319458008,23.780000686645508,23.780000686645508,7902,0.0,0.0,0.0
2023-07-25 09:30:00-04:00,23.739999771118164,23.7549991607666,23.739999771118164,23.7549991607666,0,0.0,0.0,0.0
2023-07-25 10:30:00-04:00,23.7549991607666,23.7549991607666,23.75,23.7549991607666,41984,0.0,0.0,0.0
2023-07-25 11:30:00-04:00,23.7549991607666,23.7549991607666,23.7549991607666,23.7549991607666,2500,0.0,0.0,0.0
2023-07-25 12:30:00-04:00,23.7549991607666,23.7549991607666,23.7549991607666,23.7549991607666,3065,0.0,0.0,0.0
2023-07-25 13:30:00-04:00,23.7549991607666,23.760000228881836,23.75,23.7549991607666,21556,0.0,0.0,0.0
2023-07-25 14:30:00-04:00,23.75,23.75200080871582,23.75,23.75200080871582,1500,0.0,0.0,0.0
2023-07-25 15:30:00-04:00,23.7549991607666,23.760000228881836,23.750099182128906,23.7549991607666,3214,0.0,0.0,0.0
2023-07-26 09:30:00-04:00,23.780000686645508,23.780000686645508,23.770999908447266,23.780000686645508,0,0.0,0.0,0.0
2023-07-26 10:30:00-04:00,23.78499984741211,23.78499984741211,23.774999618530273,23.780000686645508,10870,0.0,0.0,0.0
2023-07-26 11:30:00-04:00,23.774999618530273,23.774999618530273,23.774999618530273,23.774999618530273,1000,0.0,0.0,0.0
2023-07-26 12:30:00-04:00,23.770000457763672,23.770099639892578,23.760299682617188,23.770000457763672,2821,0.0,0.0,0.0
2023-07-26 13:30:00-04:00,23.770000457763672,23.780000686645508,23.770000457763672,23.770000457763672,4105,0.0,0.0,0.0
2023-07-26 14:30:00-04:00,23.774999618530273,23.829999923706055,23.770000457763672,23.825000762939453,24727,0.0,0.0,0.0
2023-07-26 15:30:00-04:00,23.825000762939453,23.831499099731445,23.81999969482422,23.831499099731445,0,0.0,0.0,0.0
2023-07-27 09:30:00-04:00,23.809999465942383,23.809999465942383,23.770000457763672,23.770000457763672,8509,0.0,0.0,0.0
2023-07-27 10:30:00-04:00,23.760000228881836,23.774999618530273,23.760000228881836,23.774999618530273,1078,0.0,0.0,0.0
2023-07-27 12:30:00-04:00,23.780000686645508,23.784700393676758,23.780000686645508,23.780000686645508,1300,0.0,0.0,0.0
2023-07-27 13:30:00-04:00,23.75909996032715,23.75909996032715,23.753299713134766,23.753299713134766,799,0.0,0.0,0.0
2023-07-27 14:30:00-04:00,23.719600677490234,23.728300094604492,23.71500015258789,23.728300094604492,0,0.0,0.0,0.0
2023-07-28 09:30:00-04:00,23.790000915527344,23.790000915527344,23.770000457763672,23.78499984741211,2687,0.0,0.0,0.0
2023-07-28 10:30:00-04:00,23.795000076293945,23.795000076293945,23.795000076293945,23.795000076293945,486,0.0,0.0,0.0
2023-07-28 11:30:00-04:00,23.790000915527344,23.790000915527344,23.790000915527344,23.790000915527344,3310,0.0,0.0,0.0
2023-07-28 12:30:00-04:00,23.795000076293945,23.795000076293945,23.790000915527344,23.790000915527344,5302,0.0,0.0,0.0
2023-07-28 13:30:00-04:00,23.774999618530273,23.780000686645508,23.774999618530273,23.780000686645508,757,0.0,0.0,0.0
2023-07-28 14:30:00-04:00,23.78499984741211,23.790000915527344,23.78499984741211,23.790000915527344,6627,0.0,0.0,0.0
2023-07-31 09:30:00-04:00,23.809999465942383,23.809999465942383,23.809999465942383,23.809999465942383,0,0.0,0.0,0.0
2023-07-31 10:30:00-04:00,23.815000534057617,23.81999969482422,23.815000534057617,23.81999969482422,1551,0.0,0.0,0.0
2023-07-31 11:30:00-04:00,23.81999969482422,23.820100784301758,23.81999969482422,23.820100784301758,257,0.0,0.0,0.0
2023-07-31 12:30:00-04:00,23.829999923706055,23.838499069213867,23.829999923706055,23.838499069213867,1874,0.0,0.0,0.0
2023-07-31 13:30:00-04:00,23.84000015258789,23.84000015258789,23.829999923706055,23.83009910583496,836,0.0,0.0,0.0
2023-07-31 14:30:00-04:00,23.81999969482422,23.829999923706055,23.81999969482422,23.81999969482422,3654,0.0,0.0,0.0
2023-07-31 15:30:00-04:00,23.81999969482422,23.825000762939453,23.81999969482422,23.825000762939453,1625,0.0,0.0,0.0
2023-08-01 09:30:00-04:00,23.780000686645508,23.790000915527344,23.780000686645508,23.790000915527344,0,0.0,0.0,0.0
2023-08-01 10:30:00-04:00,23.770000457763672,23.774999618530273,23.7450008392334,23.760000228881836,10601,0.0,0.0,0.0
2023-08-01 11:30:00-04:00,23.760000228881836,23.764999389648438,23.760000228881836,23.760099411010742,6553,0.0,0.0,0.0
2023-08-01 12:30:00-04:00,23.760000228881836,23.769899368286133,23.760000228881836,23.769899368286133,360,0.0,0.0,0.0
2023-08-01 13:30:00-04:00,23.760000228881836,23.760000228881836,23.7450008392334,23.7450008392334,2367,0.0,0.0,0.0
2023-08-01 14:30:00-04:00,23.760000228881836,23.760000228881836,23.760000228881836,23.760000228881836,1800,0.0,0.0,0.0
2023-08-01 15:30:00-04:00,23.75,23.750200271606445,23.75,23.75,0,0.0,0.0,0.0
2023-08-02 09:30:00-04:00,23.72480010986328,23.72480010986328,23.71190071105957,23.722999572753906,851,0.0,0.0,0.0
2023-08-02 10:30:00-04:00,23.709999084472656,23.709999084472656,23.700000762939453,23.70009994506836,4501,0.0,0.0,0.0
2023-08-02 11:30:00-04:00,23.704999923706055,23.704999923706055,23.704999923706055,23.704999923706055,100,0.0,0.0,0.0
2023-08-02 12:30:00-04:00,23.700000762939453,23.719999313354492,23.700000762939453,23.719999313354492,7153,0.0,0.0,0.0
2023-08-02 13:30:00-04:00,23.739999771118164,23.739999771118164,23.7367000579834,23.7367000579834,1270,0.0,0.0,0.0
2023-08-02 14:30:00-04:00,23.729999542236328,23.729999542236328,23.729999542236328,23.729999542236328,400,0.0,0.0,0.0
2023-08-02 15:30:00-04:00,23.719999313354492,23.729999542236328,23.690000534057617,23.725000381469727,0,0.0,0.0,0.0
2023-08-03 09:30:00-04:00,23.68000030517578,23.700000762939453,23.68000030517578,23.700000762939453,9766,0.0,0.0,0.0
2023-08-03 10:30:00-04:00,23.700000762939453,23.704700469970703,23.700000762939453,23.704700469970703,716,0.0,0.0,0.0
2023-08-03 12:30:00-04:00,23.700000762939453,23.71619987487793,23.700000762939453,23.71619987487793,331,0.0,0.0,0.0
2023-08-03 13:30:00-04:00,23.701000213623047,23.709999084472656,23.700000762939453,23.704999923706055,31452,0.0,0.0,0.0
2023-08-03 14:30:00-04:00,23.704999923706055,23.704999923706055,23.704999923706055,23.704999923706055,535,0.0,0.0,0.0
2023-08-03 15:30:00-04:00,23.699899673461914,23.699899673461914,23.69099998474121,23.69099998474121,0,0.0,0.0,0.0
2023-08-04 09:30:00-04:00,23.79400062561035,23.79400062561035,23.79400062561035,23.79400062561035,153,0.0,0.0,0.0
2023-08-04 10:30:00-04:00,23.79199981689453,23.79199981689453,23.790000915527344,23.790000915527344,749,0.0,0.0,0.0
2023-08-04 11:30:00-04:00,23.790000915527344,23.790000915527344,23.790000915527344,23.790000915527344,487,0.0,0.0,0.0
2023-08-04 12:30:00-04:00,23.795000076293945,23.795000076293945,23.790000915527344,23.79010009765625,3056,0.0,0.0,0.0
2023-08-04 13:30:00-04:00,23.795000076293945,23.795000076293945,23.795000076293945,23.795000076293945,509,0.0,0.0,0.0
2023-08-04 14:30:00-04:00,23.801000595092773,23.80900001525879,23.799999237060547,23.800100326538086,9438,0.0,0.0,0.0
2023-08-04 15:30:00-04:00,23.800100326538086,23.806900024414062,23.799999237060547,23.806900024414062,1429,0.0,0.0,0.0
2023-08-07 09:30:00-04:00,23.80500030517578,23.80500030517578,23.80500030517578,23.80500030517578,0,0.0,0.0,0.0
2023-08-07 10:30:00-04:00,23.79010009765625,23.799999237060547,23.79010009765625,23.799999237060547,1003,0.0,0.0,0.0
2023-08-07 11:30:00-04:00,23.799999237060547,23.80500030517578,23.799999237060547,23.799999237060547,3538,0.0,0.0,0.0
2023-08-07 12:30:00-04:00,23.81999969482422,23.81999969482422,23.799999237060547,23.80500030517578,3681,0.0,0.0,0.0
2023-08-07 13:30:00-04:00,23.809999465942383,23.8174991607666,23.809999465942383,23.809999465942383,1897,0.0,0.0,0.0
2023-08-07 14:30:00-04:00,23.815000534057617,23.815000534057617,23.809999465942383,23.813800811767578,5432,0.0,0.0,0.0
2023-08-08 09:30:00-04:00,23.844999313354492,23.844999313354492,23.844999313354492,23.844999313354492,0,0.0,0.0,0.0
2023-08-08 10:30:00-04:00,23.81999969482422,23.81999969482422,23.81999969482422,23.81999969482422,145139,0.0,0.0,0.0
2023-08-08 11:30:00-04:00,23.82029914855957,23.82029914855957,23.81999969482422,23.81999969482422,1101,0.0,0.0,0.0
2023-08-08 12:30:00-04:00,23.81999969482422,23.825000762939453,23.81999969482422,23.825000762939453,3937,0.0,0.0,0.0
2023-08-08 13:30:00-04:00,23.829999923706055,23.84000015258789,23.829999923706055,23.84000015258789,696,0.0,0.0,0.0
2023-08-08 15:30:00-04:00,23.829999923706055,23.829999923706055,23.829999923706055,23.829999923706055,0,0.0,0.0,0.0
2023-08-09 09:30:00-04:00,23.84000015258789,23.840999603271484,23.81999969482422,23.840999603271484,5743,0.0,0.0,0.0
2023-08-09 11:30:00-04:00,23.83099937438965,23.836700439453125,23.829999923706055,23.834999084472656,1105,0.0,0.0,0.0
2023-08-09 12:30:00-04:00,23.835800170898438,23.835800170898438,23.835800170898438,23.835800170898438,447,0.0,0.0,0.0
2023-08-09 13:30:00-04:00,23.825000762939453,23.825000762939453,23.825000762939453,23.825000762939453,5690,0.0,0.0,0.0
2023-08-09 14:30:00-04:00,23.81999969482422,23.820999145507812,23.81999969482422,23.81999969482422,12833,0.0,0.0,0.0
2023-08-09 15:30:00-04:00,23.809999465942383,23.815000534057617,23.809999465942383,23.812000274658203,0,0.0,0.0,0.0
2023-08-10 09:30:00-04:00,23.829999923706055,23.854999542236328,23.829999923706055,23.84000015258789,28017,0.0,0.0,0.0
2023-08-10 10:30:00-04:00,23.844999313354492,23.844999313354492,23.81999969482422,23.825000762939453,12563,0.0,0.0,0.0
2023-08-10 11:30:00-04:00,23.825000762939453,23.829999923706055,23.81999969482422,23.81999969482422,10200,0.0,0.0,0.0
2023-08-10 12:30:00-04:00,23.815000534057617,23.81999969482422,23.799999237060547,23.799999237060547,778,0.0,0.0,0.0
2023-08-10 14:30:00-04:00,23.760000228881836,23.760000228881836,23.760000228881836,23.760000228881836,100,0.0,0.0,0.0
2023-08-10 15:30:00-04:00,23.755399703979492,23.755399703979492,23.7549991607666,23.755399703979492,101,0.0,0.0,0.0
2023-08-11 09:30:00-04:00,23.700000762939453,23.700000762939453,23.700000762939453,23.700000762939453,0,0.0,0.0,0.0
2023-08-11 10:30:00-04:00,23.72599983215332,23.735000610351562,23.72599983215332,23.735000610351562,357,0.0,0.0,0.0
2023-08-11 11:30:00-04:00,23.700000762939453,23.713300704956055,23.700000762939453,23.703699111938477,961,0.0,0.0,0.0
2023-08-14 09:30:00-04:00,23.670000076293945,23.670000076293945,23.649999618530273,23.649999618530273,61,0.0,0.0,0.0
2023-08-14 12:30:00-04:00,23.699100494384766,23.699100494384766,23.699100494384766,23.699100494384766,196,0.0,0.0,0.0
2023-08-14 13:30:00-04:00,23.68199920654297,23.68199920654297,23.670000076293945,23.670000076293945,3811,0.0,0.0,0.0
2023-08-14 14:30:00-04:00,23.66010093688965,23.66010093688965,23.65999984741211,23.65999984741211,22782,0.0,0.0,0.0
2023-08-15 09:30:00-04:00,23.65999984741211,23.690000534057617,23.65999984741211,23.690000534057617,0,0.0,0.0,0.0
2023-08-15 10:30:00-04:00,23.690500259399414,23.69860076904297,23.68000030517578,23.69860076904297,1411,0.0,0.0,0.0
2023-08-15 15:30:00-04:00,23.65049934387207,23.65049934387207,23.65049934387207,23.65049934387207,0,0.0,0.0,0.0
2023-08-16 09:30:00-04:00,23.67099952697754,23.67099952697754,23.67099952697754,23.67099952697754,200,0.0,0.0,0.0
2023-08-16 10:30:00-04:00,23.670000076293945,23.670000076293945,23.65999984741211,23.65999984741211,1960,0.0,0.0,0.0
2023-08-16 11:30:00-04:00,23.649999618530273,23.649999618530273,23.649999618530273,23.649999618530273,905,0.0,0.0,0.0
2023-08-16 12:30:00-04:00,23.631000518798828,23.631000518798828,23.62619972229004,23.62619972229004,854,0.0,0.0,0.0
2023-08-16 13:30:00-04:00,23.611900329589844,23.611900329589844,23.611900329589844,23.611900329589844,175,0.0,0.0,0.0
2023-08-16 14:30:00-04:00,23.610000610351562,23.61009979248047,23.594999313354492,23.594999313354492,451,0.0,0.0,0.0
2023-08-16 15:30:00-04:00,23.600000381469727,23.606000900268555,23.600000381469727,23.600500106811523,0,0.0,0.0,0.0
2023-08-17 10:30:00-04:00,23.604700088500977,23.604700088500977,23.604700088500977,23.604700088500977,595,0.0,0.0,0.0
2023-08-17 11:30:00-04:00,23.599899291992188,23.599899291992188,23.579999923706055,23.58009910583496,810,0.0,0.0,0.0
2023-08-17 12:30:00-04:00,23.58099937438965,23.59000015258789,23.579999923706055,23.588699340820312,3681,0.0,0.0,0.0
2023-08-17 13:30:00-04:00,23.58989906311035,23.58989906311035,23.58989906311035,23.58989906311035,352,0.0,0.0,0.0
2023-08-17 14:30:00-04:00,23.59000015258789,23.59000015258789,23.59000015258789,23.59000015258789,238,0.0,0.0,0.0
2023-08-17 15:30:00-04:00,23.594999313354492,23.594999313354492,23.594999313354492,23.594999313354492,0,0.0,0.0,0.0
2023-08-18 10:30:00-04:00,23.649999618530273,23.65999984741211,23.649999618530273,23.65999984741211,747,0.0,0.0,0.0
2023-08-18 11:30:00-04:00,23.670000076293945,23.672300338745117,23.666000366210938,23.666000366210938,4532,0.0,0.0,0.0
2023-08-18 12:30:00-04:00,23.65999984741211,23.665000915527344,23.65999984741211,23.65999984741211,1040,0.0,0.0,0.0
2023-08-18 14:30:00-04:00,23.649999618530273,23.649999618530273,23.645000457763672,23.645000457763672,998,0.0,0.0,0.0
2023-08-18 15:30:00-04:00,23.645000457763672,23.649999618530273,23.645000457763672,23.645000457763672,1152,0.0,0.0,0.0
2023-08-21 09:30:00-04:00,23.530000686645508,23.530000686645508,23.509000778198242,23.509000778198242,0,0.0,0.0,0.0
2023-08-21 10:30:00-04:00,23.514999389648438,23.514999389648438,23.514999389648438,23.514999389648438,729,0.0,0.0,0.0
2023-08-21 11:30:00-04:00,23.510000228881836,23.510000228881836,23.510000228881836,23.510000228881836,162,0.0,0.0,0.0
2023-08-21 12:30:00-04:00,23.514999389648438,23.520000457763672,23.510000228881836,23.514999389648438,2138,0.0,0.0,0.0
2023-08-21 13:30:00-04:00,23.517000198364258,23.517000198364258,23.517000198364258,23.517000198364258,316,0.0,0.0,0.0
2023-08-21 14:30:00-04:00,23.514999389648438,23.514999389648438,23.514999389648438,23.514999389648438,213,0.0,0.0,0.0
2023-08-21 15:30:00-04:00,23.513500213623047,23.51409912109375,23.513500213623047,23.51409912109375,0,0.0,0.0,0.0
2023-08-22 09:30:00-04:00,23.5,23.5049991607666,23.5,23.5,16953,0.0,0.0,0.0
2023-08-22 10:30:00-04:00,23.5049991607666,23.5049991607666,23.5,23.5049991607666,3677,0.0,0.0,0.0
2023-08-22 11:30:00-04:00,23.5049991607666,23.530000686645508,23.5049991607666,23.520000457763672,6059,0.0,0.0,0.0
2023-08-22 12:30:00-04:00,23.522300720214844,23.52440071105957,23.515600204467773,23.520000457763672,3748,0.0,0.0,0.0
2023-08-22 13:30:00-04:00,23.520000457763672,23.528799057006836,23.520000457763672,23.528799057006836,1800,0.0,0.0,0.0
2023-08-22 14:30:00-04:00,23.520000457763672,23.520000457763672,23.5,23.5049991607666,2167,0.0,0.0,0.0
2023-08-22 15:30:00-04:00,23.5049991607666,23.5049991607666,23.5049991607666,23.5049991607666,1528,0.0,0.0,0.0
2023-08-23 09:30:00-04:00,23.6200008392334,23.6200008392334,23.610000610351562,23.610000610351562,0,0.0,0.0,0.0
2023-08-23 10:30:00-04:00,23.604999542236328,23.604999542236328,23.604999542236328,23.604999542236328,389,0.0,0.0,0.0
2023-08-23 11:30:00-04:00,23.609399795532227,23.609399795532227,23.606700897216797,23.606700897216797,850,0.0,0.0,0.0
2023-08-23 12:30:00-04:00,23.609899520874023,23.6200008392334,23.604999542236328,23.6200008392334,1400,0.0,0.0,0.0
2023-08-23 13:30:00-04:00,23.6299991607666,23.6299991607666,23.621000289916992,23.621000289916992,751,0.0,0.0,0.0
2023-08-23 14:30:00-04:00,23.6200008392334,23.6200008392334,23.610000610351562,23.6200008392334,4787,0.0,0.0,0.0
2023-08-23 15:30:00-04:00,23.6200008392334,23.620800018310547,23.6200008392334,23.620800018310547,0,0.0,0.0,0.0
2023-08-24 10:30:00-04:00,23.610000610351562,23.610000610351562,23.59000015258789,23.59469985961914,821,0.0,0.0,0.0
2023-08-24 11:30:00-04:00,23.5939998626709,23.5939998626709,23.5939998626709,23.5939998626709,319,0.0,0.0,0.0
2023-08-24 12:30:00-04:00,23.600000381469727,23.600000381469727,23.600000381469727,23.600000381469727,502,0.0,0.0,0.0
2023-08-24 13:30:00-04:00,23.600000381469727,23.602399826049805,23.594999313354492,23.595699310302734,1843,0.0,0.0,0.0
2023-08-24 15:30:00-04:00,23.584999084472656,23.59000015258789,23.584999084472656,23.59000015258789,0,0.0,0.0,0.0
2023-08-25 09:30:00-04:00,23.579999923706055,23.600000381469727,23.579999923706055,23.600000381469727,1570,0.0,0.0,0.0
2023-08-25 10:30:00-04:00,23.579999923706055,23.579999923706055,23.545000076293945,23.549999237060547,1801,0.0,0.0,0.0
2023-08-25 11:30:00-04:00,23.565000534057617,23.56920051574707,23.560100555419922,23.56920051574707,2761,0.0,0.0,0.0
2023-08-25 13:30:00-04:00,23.565000534057617,23.584999084472656,23.565000534057617,23.584999084472656,1543,0.0,0.0,0.0
2023-08-25 14:30:00-04:00,23.57990074157715,23.57990074157715,23.573999404907227,23.57990074157715,1036,0.0,0.0,0.0
2023-08-25 15:30:00-04:00,23.559999465942383,23.579999923706055,23.559999465942383,23.579999923706055,1719,0.0,0.0,0.0
2023-08-28 09:30:00-04:00,23.579999923706055,23.59000015258789,23.579999923706055,23.58009910583496,0,0.0,0.0,0.0
2023-08-28 10:30:00-04:00,23.570600509643555,23.570600509643555,23.570600509643555,23.570600509643555,104,0.0,0.0,0.0
2023-08-28 11:30:00-04:00,23.590999603271484,23.59469985961914,23.59000015258789,23.59000015258789,1495,0.0,0.0,0.0
2023-08-28 12:30:00-04:00,23.599300384521484,23.599300384521484,23.599300384521484,23.599300384521484,488,0.0,0.0,0.0
2023-08-28 13:30:00-04:00,23.594999313354492,23.597000122070312,23.594999313354492,23.597000122070312,250,0.0,0.0,0.0
2023-08-28 14:30:00-04:00,23.59000015258789,23.610000610351562,23.59000015258789,23.610000610351562,4978,0.0,0.0,0.0
2023-08-28 15:30:00-04:00,23.610000610351562,23.610000610351562,23.60099983215332,23.610000610351562,0,0.0,0.0,0.0
2023-08-29 10:30:00-04:00,23.65999984741211,23.670000076293945,23.65999984741211,23.670000076293945,2103,0.0,0.0,0.0
2023-08-29 11:30:00-04:00,23.68000030517578,23.690000534057617,23.68000030517578,23.690000534057617,3912,0.0,0.0,0.0
2023-08-29 12:30:00-04:00,23.690000534057617,23.69499969482422,23.690000534057617,23.69499969482422,1243,0.0,0.0,0.0
2023-08-29 13:30:00-04:00,23.690000534057617,23.690000534057617,23.690000534057617,23.690000534057617,155,0.0,0.0,0.0
2023-08-29 14:30:00-04:00,23.68000030517578,23.700000762939453,23.68000030517578,23.700000762939453,8384,0.0,0.0,0.0
2023-08-29 15:30:00-04:00,23.700000762939453,23.704999923706055,23.700000762939453,23.704999923706055,0,0.0,0.0,0.0
2023-08-30 09:30:00-04:00,23.719999313354492,23.729999542236328,23.719999313354492,23.720600128173828,1162,0.0,0.0,0.0
2023-08-30 11:30:00-04:00,23.72450065612793,23.72450065612793,23.711000442504883,23.719999313354492,2727,0.0,0.0,0.0
2023-08-30 12:30:00-04:00,23.71500015258789,23.71500015258789,23.71500015258789,23.71500015258789,407,0.0,0.0,0.0
2023-08-30 13:30:00-04:00,23.709999084472656,23.709999084472656,23.709999084472656,23.709999084472656,100,0.0,0.0,0.0
2023-08-30 14:30:00-04:00,23.714000701904297,23.714000701904297,23.691699981689453,23.691699981689453,0,0.0,0.0,0.0
2023-08-31 09:30:00-04:00,23.709999084472656,23.717899322509766,23.709999084472656,23.717899322509766,207,0.0,0.0,0.0
2023-08-31 10:30:00-04:00,23.719499588012695,23.719499588012695,23.719499588012695,23.719499588012695,501,0.0,0.0,0.0
2023-08-31 12:30:00-04:00,23.713899612426758,23.719999313354492,23.713899612426758,23.719999313354492,1433,0.0,0.0,0.0
2023-08-31 13:30:00-04:00,23.729999542236328,23.730100631713867,23.729999542236328,23.730100631713867,1821,0.0,0.0,0.0
2023-08-31 14:30:00-04:00,23.729999542236328,23.735000610351562,23.729999542236328,23.735000610351562,1484,0.0,0.0,0.0
2023-08-31 15:30:00-04:00,23.733400344848633,23.733400344848633,23.72949981689453,23.729999542236328,300,0.0,0.0,0.0
2023-09-01 10:30:00-04:00,23.69379997253418,23.69379997253418,23.69379997253418,23.69379997253418,0,0.0,0.0,0.0
2023-09-01 11:30:00-04:00,23.690000534057617,23.690000534057617,23.670000076293945,23.690000534057617,57705,0.0,0.0,0.0
2023-09-01 12:30:00-04:00,23.680400848388672,23.690000534057617,23.680099487304688,23.690000534057617,1068,0.0,0.0,0.0
2023-09-01 14:30:00-04:00,23.686199188232422,23.690000534057617,23.684999465942383,23.690000534057617,879,0.0,0.0,0.0
2023-09-01 15:30:00-04:00,23.690000534057617,23.690000534057617,23.680099487304688,23.690000534057617,2862,0.0,0.0,0.0
2023-09-05 10:30:00-04:00,23.649999618530273,23.649999618530273,23.649999618530273,23.649999618530273,0,0.0,0.0,0.0
2023-09-05 11:30:00-04:00,23.6299991607666,23.639999389648438,23.625,23.6299991607666,1812,0.0,0.0,0.0
2023-09-05 12:30:00-04:00,23.633899688720703,23.63800048828125,23.6200008392334,23.6200008392334,1996,0.0,0.0,0.0
2023-09-05 13:30:00-04:00,23.625,23.625,23.625,23.625,1003,0.0,0.0,0.0
2023-09-05 14:30:00-04:00,23.622400283813477,23.622400283813477,23.6200008392334,23.6200008392334,1450,0.0,0.0,0.0
2023-09-05 15:30:00-04:00,23.6299991607666,23.6299991607666,23.6200008392334,23.6299991607666,0,0.0,0.0,0.0
2023-09-06 09:30:00-04:00,23.58099937438965,23.58099937438965,23.57900047302246,23.57900047302246,1308,0.0,0.0,0.0
2023-09-06 10:30:00-04:00,23.565000534057617,23.56999969482422,23.565000534057617,23.56999969482422,2654,0.0,0.0,0.0
2023-09-06 11:30:00-04:00,23.569900512695312,23.569900512695312,23.560300827026367,23.56100082397461,2276,0.0,0.0,0.0
2023-09-06 12:30:00-04:00,23.563899993896484,23.566999435424805,23.563899993896484,23.566999435424805,857,0.0,0.0,0.0
2023-09-06 14:30:00-04:00,23.562700271606445,23.56999969482422,23.559999465942383,23.56999969482422,992,0.0,0.0,0.0
2023-09-06 15:30:00-04:00,23.56999969482422,23.57069969177246,23.56999969482422,23.57069969177246,0,0.0,0.0,0.0
2023-09-07 10:30:00-04:00,23.600000381469727,23.607900619506836,23.600000381469727,23.607900619506836,410,0.0,0.0,0.0
2023-09-07 11:30:00-04:00,23.609899520874023,23.610000610351562,23.609899520874023,23.610000610351562,900,0.0,0.0,0.0
2023-09-07 12:30:00-04:00,23.600799560546875,23.600799560546875,23.600799560546875,23.600799560546875,313,0.0,0.0,0.0
2023-09-07 13:30:00-04:00,23.60110092163086,23.637699127197266,23.60110092163086,23.637699127197266,991,0.0,0.0,0.0
2023-09-07 14:30:00-04:00,23.6299991607666,23.635000228881836,23.620800018310547,23.63479995727539,0,0.0,0.0,0.0
2023-09-08 10:30:00-04:00,23.665000915527344,23.665000915527344,23.665000915527344,23.665000915527344,268,0.0,0.0,0.0
2023-09-08 11:30:00-04:00,23.66189956665039,23.66189956665039,23.639999389648438,23.645000457763672,3186,0.0,0.0,0.0
2023-09-08 12:30:00-04:00,23.639999389648438,23.639999389648438,23.6299991607666,23.632200241088867,20509,0.0,0.0,0.0
2023-09-11 09:30:00-04:00,23.6299991607666,23.631000518798828,23.6200008392334,23.6299991607666,0,0.0,0.0,0.0
2023-09-11 10:30:00-04:00,23.621000289916992,23.621000289916992,23.610000610351562,23.610000610351562,1401,0.0,0.0,0.0
2023-09-11 11:30:00-04:00,23.6200008392334,23.6200008392334,23.6200008392334,23.6200008392334,702,0.0,0.0,0.0
2023-09-11 12:30:00-04:00,23.6200008392334,23.6289005279541,23.6200008392334,23.6200008392334,1334,0.0,0.0,0.0
2023-09-11 13:30:00-04:00,23.625,23.6299991607666,23.6200008392334,23.620100021362305,9433,0.0,0.0,0.0
2023-09-11 14:30:00-04:00,23.6200008392334,23.625,23.6200008392334,23.625,0,0.0,0.0,0.0
2023-09-12 09:30:00-04:00,23.610000610351562,23.6200008392334,23.600000381469727,23.600000381469727,673,0.0,0.0,0.0
2023-09-12 10:30:00-04:00,23.600000381469727,23.604999542236328,23.600000381469727,23.604999542236328,1435,0.0,0.0,0.0
2023-09-12 11:30:00-04:00,23.610000610351562,23.610000610351562,23.610000610351562,23.610000610351562,900,0.0,0.0,0.0
2023-09-12 12:30:00-04:00,23.579999923706055,23.600000381469727,23.579999923706055,23.600000381469727,500,0.0,0.0,0.0
2023-09-12 13:30:00-04:00,23.599899291992188,23.599899291992188,23.594999313354492,23.594999313354492,2451,0.0,0.0,0.0
2023-09-12 14:30:00-04:00,23.600000381469727,23.600000381469727,23.594999313354492,23.599700927734375,1223,0.0,0.0,0.0
2023-09-12 15:30:00-04:00,23.594999313354492,23.594999313354492,23.59000015258789,23.594999313354492,0,0.0,0.0,0.0
2023-09-13 10:30:00-04:00,23.604999542236328,23.604999542236328,23.604999542236328,23.604999542236328,202,0.0,0.0,0.0
2023-09-13 11:30:00-04:00,23.600000381469727,23.625,23.600000381469727,23.625,5998,0.0,0.0,0.0
2023-09-13 12:30:00-04:00,23.6299991607666,23.6299991607666,23.6299991607666,23.6299991607666,2460,0.0,0.0,0.0
2023-09-13 13:30:00-04:00,23.639999389648438,23.639999389648438,23.639999389648438,23.639999389648438,488,0.0,0.0,0.0
2023-09-13 14:30:00-04:00,23.639999389648438,23.639999389648438,23.6299991607666,23.6299991607666,200,0.0,0.0,0.0
2023-09-13 15:30:00-04:00,23.6299991607666,23.635000228881836,23.6299991607666,23.6299991607666,2448,0.0,0.0,0.0
2023-09-14 09:30:00-04:00,23.65999984741211,23.65999984741211,23.6299991607666,23.635000228881836,0,0.0,0.0,0.0
2023-09-14 10:30:00-04:00,23.639999389648438,23.649999618530273,23.639999389648438,23.649999618530273,300,0.0,0.0,0.0
2023-09-14 11:30:00-04:00,23.641000747680664,23.649900436401367,23.641000747680664,23.649900436401367,2484,0.0,0.0,0.0
2023-09-14 14:30:00-04:00,23.6299991607666,23.6299991607666,23.6299991607666,23.6299991607666,107,0.0,0.0,0.0
2023-09-14 15:30:00-04:00,23.614999771118164,23.614999771118164,23.614999771118164,23.614999771118164,659,0.0,0.0,0.0
2023-09-15 09:30:00-04:00,23.600099563598633,23.610000610351562,23.600000381469727,23.610000610351562,0,0.0,0.0,0.0
2023-09-15 10:30:00-04:00,23.608999252319336,23.608999252319336,23.608999252319336,23.608999252319336,635,0.0,0.0,0.0
2023-09-15 11:30:00-04:00,23.605199813842773,23.605199813842773,23.594999313354492,23.594999313354492,2345,0.0,0.0,0.0
2023-09-15 12:30:00-04:00,23.598800659179688,23.59910011291504,23.598800659179688,23.59910011291504,387,0.0,0.0,0.0
2023-09-15 13:30:00-04:00,23.600000381469727,23.600000381469727,23.600000381469727,23.600000381469727,554,0.0,0.0,0.0
2023-09-15 14:30:00-04:00,23.609899520874023,23.609899520874023,23.604999542236328,23.604999542236328,309,0.0,0.0,0.0
2023-09-18 09:30:00-04:00,23.530099868774414,23.536100387573242,23.530099868774414,23.536100387573242,0,0.0,0.0,0.0
2023-09-18 11:30:00-04:00,23.5310001373291,23.5310001373291,23.5310001373291,23.5310001373291,2525,0.0,0.0,0.0
2023-09-18 13:30:00-04:00,23.54990005493164,23.54990005493164,23.54990005493164,23.54990005493164,468,0.0,0.0,0.0
2023-09-18 14:30:00-04:00,23.53499984741211,23.545000076293945,23.53499984741211,23.545000076293945,0,0.0,0.0,0.0
2023-09-19 10:30:00-04:00,23.530000686645508,23.530000686645508,23.520000457763672,23.524999618530273,2098,0.0,0.0,0.0
2023-09-19 11:30:00-04:00,23.520000457763672,23.530000686645508,23.510000228881836,23.510000228881836,19124,0.0,0.0,0.0
2023-09-19 12:30:00-04:00,23.512100219726562,23.512100219726562,23.512100219726562,23.512100219726562,756,0.0,0.0,0.0
2023-09-19 13:30:00-04:00,23.520000457763672,23.520000457763672,23.520000457763672,23.520000457763672,328,0.0,0.0,0.0
2023-09-19 14:30:00-04:00,23.510000228881836,23.520000457763672,23.510000228881836,23.514999389648438,7285,0.0,0.0,0.0
2023-09-19 15:30:00-04:00,23.5,23.510000228881836,23.5,23.510000228881836,0,0.0,0.0,0.0
2023-09-20 09:30:00-04:00,23.540000915527344,23.549999237060547,23.540000915527344,23.549999237060547,787,0.0,0.0,0.0
2023-09-20 10:30:00-04:00,23.559999465942383,23.559999465942383,23.559999465942383,23.559999465942383,117,0.0,0.0,0.0
2023-09-20 11:30:00-04:00,23.55500030517578,23.55500030517578,23.549999237060547,23.549999237060547,502,0.0,0.0,0.0
2023-09-20 12:30:00-04:00,23.559999465942383,23.559999465942383,23.550100326538086,23.559999465942383,1802,0.0,0.0,0.0
2023-09-20 13:30:00-04:00,23.565000534057617,23.565000534057617,23.559999465942383,23.559999465942383,481,0.0,0.0,0.0
2023-09-20 14:30:00-04:00,23.536399841308594,23.536399841308594,23.4950008392334,23.5,8636,0.0,0.0,0.0
2023-09-20 15:30:00-04:00,23.489999771118164,23.489999771118164,23.479999542236328,23.480100631713867,200,0.0,0.0,0.0
2023-09-21 09:30:00-04:00,23.43000030517578,23.450000762939453,23.349700927734375,23.349700927734375,0,0.0,0.0,0.0
2023-09-21 10:30:00-04:00,23.450000762939453,23.450000762939453,23.43000030517578,23.43939971923828,1392,0.0,0.0,0.0
2023-09-21 11:30:00-04:00,23.434999465942383,23.440799713134766,23.43000030517578,23.43199920654297,9656,0.0,0.0,0.0
2023-09-21 12:30:00-04:00,23.43000030517578,23.43000030517578,23.43000030517578,23.43000030517578,178,0.0,0.0,0.0
2023-09-21 13:30:00-04:00,23.434999465942383,23.450000762939453,23.43000030517578,23.450000762939453,1560,0.0,0.0,0.0
2023-09-21 14:30:00-04:00,23.451200485229492,23.4591007232666,23.447399139404297,23.447399139404297,2875,0.0,0.0,0.0
2023-09-21 15:30:00-04:00,23.44499969482422,23.44499969482422,23.44499969482422,23.44499969482422,0,0.0,0.0,0.0
2023-09-22 09:30:00-04:00,23.489999771118164,23.489999771118164,23.479999542236328,23.479999542236328,716,0.0,0.0,0.0
2023-09-22 10:30:00-04:00,23.491899490356445,23.502399444580078,23.479999542236328,23.480100631713867,4801,0.0,0.0,0.0
2023-09-22 11:30:00-04:00,23.49329948425293,23.5039005279541,23.49329948425293,23.5039005279541,1287,0.0,0.0,0.0
2023-09-22 12:30:00-04:00,23.489999771118164,23.510000228881836,23.489999771118164,23.510000228881836,4385,0.0,0.0,0.0
2023-09-22 13:30:00-04:00,23.489999771118164,23.493999481201172,23.48819923400879,23.48819923400879,13323,0.0,0.0,0.0
2023-09-22 14:30:00-04:00,23.489999771118164,23.489999771118164,23.479999542236328,23.479999542236328,2000,0.0,0.0,0.0
2023-09-22 15:30:00-04:00,23.479999542236328,23.485000610351562,23.479999542236328,23.485000610351562,1536,0.0,0.0,0.0
2023-09-25 09:30:00-04:00,23.469999313354492,23.469999313354492,23.469999313354492,23.469999313354492,0,0.0,0.0,0.0
2023-09-25 10:30:00-04:00,23.479999542236328,23.489999771118164,23.479999542236328,23.489999771118164,7285,0.0,0.0,0.0
2023-09-25 13:30:00-04:00,23.473800659179688,23.479900360107422,23.473800659179688,23.479900360107422,493,0.0,0.0,0.0
2023-09-25 14:30:00-04:00,23.469999313354492,23.469999313354492,23.459999084472656,23.459999084472656,2020,0.0,0.0,0.0
2023-09-25 15:30:00-04:00,23.460100173950195,23.469999313354492,23.450000762939453,23.468700408935547,0,0.0,0.0,0.0
2023-09-26 09:30:00-04:00,23.460100173950195,23.460100173950195,23.459999084472656,23.459999084472656,2403,0.0,0.0,0.0
2023-09-26 10:30:00-04:00,23.450000762939453,23.450000762939453,23.441999435424805,23.441999435424805,1100,0.0,0.0,0.0
2023-09-26 11:30:00-04:00,23.43589973449707,23.44700050354004,23.43589973449707,23.44700050354004,282,0.0,0.0,0.0
2023-09-26 12:30:00-04:00,23.440000534057617,23.440000534057617,23.430099487304688,23.440000534057617,2973,0.0,0.0,0.0
2023-09-26 14:30:00-04:00,23.424999237060547,23.426599502563477,23.420000076293945,23.424999237060547,1251,0.0,0.0,0.0
2023-09-26 15:30:00-04:00,23.424999237060547,23.43000030517578,23.420000076293945,23.43000030517578,3448,0.0,0.0,0.0
2023-09-27 09:30:00-04:00,23.459999084472656,23.459999084472656,23.459999084472656,23.459999084472656,0,0.0,0.0,0.0
2023-09-27 10:30:00-04:00,23.420000076293945,23.421300888061523,23.420000076293945,23.421300888061523,443,0.0,0.0,0.0
2023-09-27 11:30:00-04:00,23.40999984741211,23.40999984741211,23.39109992980957,23.395000457763672,7850,0.0,0.0,0.0
2023-09-27 12:30:00-04:00,23.389999389648438,23.395000457763672,23.360000610351562,23.360000610351562,10224,0.0,0.0,0.0
2023-09-27 13:30:00-04:00,23.351200103759766,23.354999542236328,23.350500106811523,23.354999542236328,4347,0.0,0.0,0.0
2023-09-27 14:30:00-04:00,23.360000610351562,23.375,23.359899520874023,23.375,1485,0.0,0.0,0.0
2023-09-27 15:30:00-04:00,23.3700008392334,23.375,23.3700008392334,23.375,0,0.0,0.0,0.0
2023-09-28 09:30:00-04:00,23.381000518798828,23.399999618530273,23.3799991607666,23.389999389648438,5152,0.0,0.0,0.0
2023-09-28 10:30:00-04:00,23.389299392700195,23.389999389648438,23.371299743652344,23.389999389648438,4962,0.0,0.0,0.0
2023-09-28 11:30:00-04:00,23.3799991607666,23.424699783325195,23.3799991607666,23.424699783325195,4050,0.0,0.0,0.0
2023-09-28 12:30:00-04:00,23.420000076293945,23.424999237060547,23.408000946044922,23.408000946044922,9034,0.0,0.0,0.0
2023-09-28 13:30:00-04:00,23.407400131225586,23.415000915527344,23.399999618530273,23.415000915527344,9080,0.0,0.0,0.0
2023-09-28 14:30:00-04:00,23.41010093688965,23.429899215698242,23.41010093688965,23.429899215698242,2080,0.0,0.0,0.0
2023-09-28 15:30:00-04:00,23.434999465942383,23.440000534057617,23.434999465942383,23.440000534057617,0,0.0,0.0,0.0
2023-09-29 09:30:00-04:00,23.510000228881836,23.510000228881836,23.490299224853516,23.493999481201172,1873,0.0,0.0,0.0
2023-09-29 10:30:00-04:00,23.48110008239746,23.481300354003906,23.480300903320312,23.480300903320312,0,0.0,0.0,0.0
2023-09-29 11:30:00-04:00,23.460800170898438,23.46649932861328,23.459999084472656,23.459999084472656,3378,0.0,0.0,0.0
2023-09-29 12:30:00-04:00,23.459999084472656,23.46500015258789,23.459999084472656,23.46500015258789,6900,0.0,0.0,0.0
2023-09-29 13:30:00-04:00,23.42099952697754,23.42099952697754,23.42099952697754,23.42099952697754,155,0.0,0.0,0.0
2023-09-29 14:30:00-04:00,23.449899673461914,23.449899673461914,23.42009925842285,23.42009925842285,1471,0.0,0.0,0.0
2023-09-29 15:30:00-04:00,23.43079948425293,23.434999465942383,23.43000030517578,23.434999465942383,1011,0.0,0.0,0.0
2023-10-02 09:30:00-04:00,23.3799991607666,23.405000686645508,23.3799991607666,23.399999618530273,0,0.0,0.0,0.0
2023-10-02 10:30:00-04:00,23.398799896240234,23.398799896240234,23.398799896240234,23.398799896240234,277,0.0,0.0,0.0
2023-10-02 11:30:00-04:00,23.373699188232422,23.373699188232422,23.360000610351562,23.36009979248047,3336,0.0,0.0,0.0
2023-10-02 13:30:00-04:00,23.3700008392334,23.3700008392334,23.3700008392334,23.3700008392334,800,0.0,0.0,0.0
2023-10-02 14:30:00-04:00,23.3700008392334,23.3700008392334,23.360000610351562,23.360000610351562,4344,0.0,0.0,0.0
2023-10-03 09:30:00-04:00,23.340200424194336,23.340200424194336,23.340200424194336,23.340200424194336,759,0.0,0.0,0.0
2023-10-03 10:30:00-04:00,23.295000076293945,23.29990005493164,23.291000366210938,23.295000076293945,2949,0.0,0.0,0.0
2023-10-03 11:30:00-04:00,23.290000915527344,23.292299270629883,23.274999618530273,23.292299270629883,1910,0.0,0.0,0.0
2023-10-03 12:30:00-04:00,23.290000915527344,23.290000915527344,23.28380012512207,23.28499984741211,1171,0.0,0.0,0.0
2023-10-03 13:30:00-04:00,23.287500381469727,23.287500381469727,23.274999618530273,23.274999618530273,1182,0.0,0.0,0.0
2023-10-03 14:30:00-04:00,23.260099411010742,23.264999389648438,23.260099411010742,23.264999389648438,2055,0.0,0.0,0.0
2023-10-04 09:30:00-04:00,23.299999237060547,23.299999237060547,23.299999237060547,23.299999237060547,0,0.0,0.0,0.0
2023-10-04 10:30:00-04:00,23.290000915527344,23.309999465942383,23.290000915527344,23.309999465942383,3958,0.0,0.0,0.0
2023-10-04 11:30:00-04:00,23.31999969482422,23.337799072265625,23.31999969482422,23.332000732421875,1950,0.0,0.0,0.0
2023-10-04 12:30:00-04:00,23.34000015258789,23.34000015258789,23.34000015258789,23.34000015258789,252,0.0,0.0,0.0
2023-10-04 13:30:00-04:00,23.350000381469727,23.350000381469727,23.340499877929688,23.340499877929688,516,0.0,0.0,0.0
2023-10-04 15:30:00-04:00,23.34000015258789,23.360300064086914,23.34000015258789,23.360300064086914,0,0.0,0.0,0.0
2023-10-05 10:30:00-04:00,23.377500534057617,23.38800048828125,23.3700008392334,23.3700008392334,2464,0.0,0.0,0.0
2023-10-05 11:30:00-04:00,23.37779998779297,23.37779998779297,23.374000549316406,23.374000549316406,1525,0.0,0.0,0.0
2023-10-05 13:30:00-04:00,23.3799991607666,23.3799991607666,23.3799991607666,23.3799991607666,115,0.0,0.0,0.0
2023-10-05 14:30:00-04:00,23.366199493408203,23.366199493408203,23.364999771118164,23.364999771118164,200,0.0,0.0,0.0
2023-10-06 09:30:00-04:00,23.27199935913086,23.295000076293945,23.27199935913086,23.295000076293945,0,0.0,0.0,0.0
2023-10-06 10:30:00-04:00,23.300100326538086,23.300100326538086,23.300100326538086,23.300100326538086,1099,0.0,0.0,0.0
2023-10-06 11:30:00-04:00,23.352699279785156,23.352699279785156,23.337200164794922,23.349899291992188,9483,0.0,0.0,0.0
2023-10-06 13:30:00-04:00,23.350000381469727,23.350000381469727,23.350000381469727,23.350000381469727,199,0.0,0.0,0.0
2023-10-06 15:30:00-04:00,23.359899520874023,23.359899520874023,23.343399047851562,23.350000381469727,2603,0.0,0.0,0.0
2023-10-09 10:30:00-04:00,23.469900131225586,23.469999313354492,23.469900131225586,23.469999313354492,2494,0.0,0.0,0.0
2023-10-09 11:30:00-04:00,23.45009994506836,23.489900588989258,23.450000762939453,23.489900588989258,0,0.0,0.0,0.0
2023-10-10 10:30:00-04:00,23.460100173950195,23.489999771118164,23.460100173950195,23.489999771118164,634,0.0,0.0,0.0
2023-10-10 11:30:00-04:00,23.490100860595703,23.490100860595703,23.490100860595703,23.490100860595703,912,0.0,0.0,0.0
2023-10-10 13:30:00-04:00,23.479999542236328,23.510000228881836,23.47260093688965,23.47260093688965,6035,0.0,0.0,0.0
2023-10-11 09:30:00-04:00,23.510000228881836,23.510000228881836,23.510000228881836,23.510000228881836,0,0.0,0.0,0.0
2023-10-11 10:30:00-04:00,23.489999771118164,23.5,23.489999771118164,23.489999771118164,22517,0.0,0.0,0.0
2023-10-11 11:30:00-04:00,23.489999771118164,23.5,23.48430061340332,23.49839973449707,18643,0.0,0.0,0.0
2023-10-11 13:30:00-04:00,23.472000122070312,23.472000122070312,23.472000122070312,23.472000122070312,152,0.0,0.0,0.0
2023-10-11 14:30:00-04:00,23.479999542236328,23.479999542236328,23.440000534057617,23.440000534057617,10873,0.0,0.0,0.0
2023-10-11 15:30:00-04:00,23.469999313354492,23.469999313354492,23.40999984741211,23.40999984741211,1139,0.0,0.0,0.0
2023-10-12 11:30:00-04:00,23.434999465942383,23.46500015258789,23.420000076293945,23.46500015258789,1999,0.0,0.0,0.0
2023-10-12 12:30:00-04:00,23.43000030517578,23.43000030517578,23.43000030517578,23.43000030517578,173,0.0,0.0,0.0
2023-10-12 13:30:00-04:00,23.43000030517578,23.43000030517578,23.43000030517578,23.43000030517578,166,0.0,0.0,0.0
2023-10-12 14:30:00-04:00,23.41900062561035,23.41900062561035,23.41900062561035,23.41900062561035,131,0.0,0.0,0.0
2023-10-12 15:30:00-04:00,23.40999984741211,23.40999984741211,23.40999984741211,23.40999984741211,0,0.0,0.0,0.0
2023-10-13 09:30:00-04:00,23.469999313354492,23.474000930786133,23.469999313354492,23.469999313354492,2586,0.0,0.0,0.0
2023-10-13 10:30:00-04:00,23.459999084472656,23.479999542236328,23.459999084472656,23.479999542236328,1378,0.0,0.0,0.0
2023-10-13 11:30:00-04:00,23.461000442504883,23.461000442504883,23.454999923706055,23.454999923706055,580,0.0,0.0,0.0
2023-10-13 14:30:00-04:00,23.44420051574707,23.459999084472656,23.44420051574707,23.454999923706055,4900,0.0,0.0,0.0
2023-10-16 10:30:00-04:00,23.43000030517578,23.440000534057617,23.399999618530273,23.400100708007812,3340,0.0,0.0,0.0
2023-10-16 11:30:00-04:00,23.424100875854492,23.43400001525879,23.41010093688965,23.41390037536621,2833,0.0,0.0,0.0
2023-10-16 14:30:00-04:00,23.407899856567383,23.407899856567383,23.407899856567383,23.407899856567383,383,0.0,0.0,0.0
2023-10-16 15:30:00-04:00,23.399999618530273,23.399999618530273,23.38990020751953,23.38990020751953,0,0.0,0.0,0.0
2023-10-17 10:30:00-04:00,23.315000534057617,23.315000534057617,23.300100326538086,23.300100326538086,1596,0.0,0.0,0.0
2023-10-17 13:30:00-04:00,23.299999237060547,23.299999237060547,23.299999237060547,23.299999237060547,215,0.0,0.0,0.0
2023-10-17 14:30:00-04:00,23.28230094909668,23.290000915527344,23.280099868774414,23.290000915527344,888,0.0,0.0,0.0
2023-10-17 15:30:00-04:00,23.280000686645508,23.28730010986328,23.280000686645508,23.28730010986328,0,0.0,0.0,0.0
2023-10-18 10:30:00-04:00,23.29050064086914,23.29050064086914,23.229999542236328,23.229999542236328,385,0.0,0.0,0.0
2023-10-18 11:30:00-04:00,23.239999771118164,23.245500564575195,23.229999542236328,23.229999542236328,2140,0.0,0.0,0.0
2023-10-18 12:30:00-04:00,23.239999771118164,23.25,23.229999542236328,23.25,2791,0.0,0.0,0.0
2023-10-18 13:30:00-04:00,23.25,23.25,23.239999771118164,23.239999771118164,400,0.0,0.0,0.0
2023-10-18 14:30:00-04:00,23.239999771118164,23.25,23.219999313354492,23.219999313354492,795,0.0,0.0,0.0
2023-10-18 15:30:00-04:00,23.229999542236328,23.229999542236328,23.225000381469727,23.225000381469727,0,0.0,0.0,0.0
2023-10-19 09:30:00-04:00,23.225000381469727,23.225000381469727,23.209999084472656,23.219999313354492,1966,0.0,0.0,0.0
2023-10-19 10:30:00-04:00,23.239999771118164,23.239999771118164,23.239999771118164,23.239999771118164,216,0.0,0.0,0.0
2023-10-19 11:30:00-04:00,23.229999542236328,23.266799926757812,23.229999542236328,23.263599395751953,0,0.0,0.0,0.0
2023-10-19 12:30:00-04:00,23.207000732421875,23.231199264526367,23.207000732421875,23.231199264526367,5319,0.0,0.0,0.0
2023-10-19 15:30:00-04:00,23.225000381469727,23.225000381469727,23.224899291992188,23.224899291992188,0,0.0,0.0,0.0
2023-10-20 10:30:00-04:00,23.260000228881836,23.274999618530273,23.260000228881836,23.274999618530273,458,0.0,0.0,0.0
2023-10-20 11:30:00-04:00,23.290000915527344,23.296300888061523,23.290000915527344,23.296300888061523,5787,0.0,0.0,0.0
2023-10-20 12:30:00-04:00,23.28230094909668,23.290000915527344,23.28230094909668,23.290000915527344,492,0.0,0.0,0.0
2023-10-20 13:30:00-04:00,23.29319953918457,23.29319953918457,23.29319953918457,23.29319953918457,340,0.0,0.0,0.0
2023-10-20 14:30:00-04:00,23.280000686645508,23.29990005493164,23.280000686645508,23.29990005493164,529,0.0,0.0,0.0
2023-10-20 15:30:00-04:00,23.290000915527344,23.30500030517578,23.290000915527344,23.30500030517578,30474,0.0,0.0,0.0
2023-10-23 09:30:00-04:00,23.206499099731445,23.210500717163086,23.206499099731445,23.210500717163086,0,0.0,0.0,0.0
2023-10-23 11:30:00-04:00,23.260000228881836,23.280000686645508,23.260000228881836,23.268400192260742,3271,0.0,0.0,0.0
2023-10-23 12:30:00-04:00,23.274999618530273,23.280000686645508,23.274999618530273,23.280000686645508,2531,0.0,0.0,0.0
2023-10-23 14:30:00-04:00,23.28499984741211,23.28499984741211,23.28499984741211,23.28499984741211,263,0.0,0.0,0.0
2023-10-23 15:30:00-04:00,23.280000686645508,23.290000915527344,23.280000686645508,23.280000686645508,0,0.0,0.0,0.0
2023-10-24 09:30:00-04:00,23.273099899291992,23.273099899291992,23.273099899291992,23.273099899291992,491,0.0,0.0,0.0
2023-10-24 10:30:00-04:00,23.264999389648438,23.274999618530273,23.264699935913086,23.274999618530273,2003,0.0,0.0,0.0
2023-10-24 12:30:00-04:00,23.289899826049805,23.289899826049805,23.270099639892578,23.28499984741211,1748,0.0,0.0,0.0
2023-10-24 13:30:00-04:00,23.280099868774414,23.280099868774414,23.280099868774414,23.280099868774414,312,0.0,0.0,0.0
2023-10-24 14:30:00-04:00,23.290000915527344,23.299999237060547,23.280099868774414,23.299999237060547,840,0.0,0.0,0.0
2023-10-25 09:30:00-04:00,23.260000228881836,23.260000228881836,23.260000228881836,23.260000228881836,0,0.0,0.0,0.0
2023-10-25 10:30:00-04:00,23.270000457763672,23.270000457763672,23.23349952697754,23.23349952697754,4790,0.0,0.0,0.0
2023-10-25 11:30:00-04:00,23.260000228881836,23.260000228881836,23.25,23.25,2703,0.0,0.0,0.0
2023-10-25 12:30:00-04:00,23.263999938964844,23.263999938964844,23.229999542236328,23.229999542236328,2417,0.0,0.0,0.0
2023-10-25 13:30:00-04:00,23.219999313354492,23.219999313354492,23.211599349975586,23.211599349975586,604,0.0,0.0,0.0
2023-10-25 14:30:00-04:00,23.20050048828125,23.21500015258789,23.20050048828125,23.21500015258789,441,0.0,0.0,0.0
2023-10-25 15:30:00-04:00,23.219999313354492,23.229999542236328,23.219999313354492,23.229999542236328,500,0.0,0.0,0.0
2023-10-26 09:30:00-04:00,23.239999771118164,23.280000686645508,23.209999084472656,23.280000686645508,42663,0.0,0.0,0.0
2023-10-26 11:30:00-04:00,23.260000228881836,23.274999618530273,23.260000228881836,23.274999618530273,3596,0.0,0.0,0.0
2023-10-26 12:30:00-04:00,23.274999618530273,23.274999618530273,23.274999618530273,23.274999618530273,250,0.0,0.0,0.0
2023-10-26 13:30:00-04:00,23.280000686645508,23.30500030517578,23.280000686645508,23.30500030517578,569,0.0,0.0,0.0
2023-10-26 14:30:00-04:00,23.299999237060547,23.299999237060547,23.299999237060547,23.299999237060547,752,0.0,0.0,0.0
2023-10-26 15:30:00-04:00,23.290000915527344,23.290000915527344,23.280000686645508,23.280000686645508,1277,0.0,0.0,0.0
2023-10-27 09:30:00-04:00,23.290000915527344,23.31999969482422,23.290000915527344,23.309999465942383,0,0.0,0.0,0.0
2023-10-27 10:30:00-04:00,23.290000915527344,23.319900512695312,23.290000915527344,23.319900512695312,7087,0.0,0.0,0.0
2023-10-27 11:30:00-04:00,23.305999755859375,23.305999755859375,23.305999755859375,23.305999755859375,396,0.0,0.0,0.0
2023-10-27 12:30:00-04:00,23.290000915527344,23.290000915527344,23.284299850463867,23.284299850463867,263,0.0,0.0,0.0
2023-10-27 13:30:00-04:00,23.299999237060547,23.309200286865234,23.29199981689453,23.309200286865234,3318,0.0,0.0,0.0
2023-10-27 14:30:00-04:00,23.299999237060547,23.309799194335938,23.295700073242188,23.309799194335938,1154,0.0,0.0,0.0
2023-10-27 15:30:00-04:00,23.30500030517578,23.30500030517578,23.30500030517578,23.30500030517578,102,0.0,0.0,0.0
2023-10-30 09:30:00-04:00,23.280000686645508,23.280000686645508,23.280000686645508,23.280000686645508,0,0.0,0.0,0.0
2023-10-30 10:30:00-04:00,23.270000457763672,23.274200439453125,23.260099411010742,23.27199935913086,4067,0.0,0.0,0.0
2023-10-30 11:30:00-04:00,23.281999588012695,23.284000396728516,23.261999130249023,23.261999130249023,1409,0.0,0.0,0.0
2023-10-30 13:30:00-04:00,23.260000228881836,23.260000228881836,23.260000228881836,23.260000228881836,2505,0.0,0.0,0.0
2023-10-30 14:30:00-04:00,23.28380012512207,23.290000915527344,23.260499954223633,23.289100646972656,2668,0.0,0.0,0.0
2023-10-30 15:30:00-04:00,23.280000686645508,23.280000686645508,23.280000686645508,23.280000686645508,200,0.0,0.0,0.0
2023-10-31 09:30:00-04:00,23.260000228881836,23.288700103759766,23.260000228881836,23.288700103759766,0,0.0,0.0,0.0
2023-10-31 10:30:00-04:00,23.280000686645508,23.290000915527344,23.280000686645508,23.290000915527344,707,0.0,0.0,0.0
2023-10-31 11:30:00-04:00,23.299999237060547,23.299999237060547,23.299999237060547,23.299999237060547,383,0.0,0.0,0.0
2023-10-31 12:30:00-04:00,23.3085994720459,23.3085994720459,23.3085994720459,23.3085994720459,302,0.0,0.0,0.0
2023-10-31 13:30:00-04:00,23.299999237060547,23.299999237060547,23.299999237060547,23.299999237060547,285,0.0,0.0,0.0
2023-10-31 14:30:00-04:00,23.279800415039062,23.28510093688965,23.279800415039062,23.279800415039062,925,0.0,0.0,0.0
2023-11-01 09:30:00-04:00,23.290000915527344,23.344999313354492,23.290000915527344,23.344999313354492,0,0.0,0.0,0.0
2023-11-01 10:30:00-04:00,23.350299835205078,23.359800338745117,23.34040069580078,23.359800338745117,930,0.0,0.0,0.0
2023-11-01 11:30:00-04:00,23.350000381469727,23.357900619506836,23.350000381469727,23.357900619506836,937,0.0,0.0,0.0
2023-11-01 12:30:00-04:00,23.34950065612793,23.34950065612793,23.33099937438965,23.33650016784668,2568,0.0,0.0,0.0
2023-11-01 13:30:00-04:00,23.34000015258789,23.34000015258789,23.34000015258789,23.34000015258789,100,0.0,0.0,0.0
2023-11-01 14:30:00-04:00,23.3700008392334,23.414600372314453,23.354999542236328,23.414600372314453,692,0.0,0.0,0.0
2023-11-01 15:30:00-04:00,23.41010093688965,23.424999237060547,23.41010093688965,23.424999237060547,0,0.0,0.0,0.0
2023-11-02 09:30:00-04:00,23.480100631713867,23.480100631713867,23.480100631713867,23.480100631713867,589,0.0,0.0,0.0
2023-11-02 10:30:00-04:00,23.489999771118164,23.489999771118164,23.485000610351562,23.485000610351562,287,0.0,0.0,0.0
2023-11-02 11:30:00-04:00,23.483800888061523,23.483800888061523,23.479999542236328,23.479999542236328,646,0.0,0.0,0.0
2023-11-02 12:30:00-04:00,23.479999542236328,23.479999542236328,23.479999542236328,23.479999542236328,100,0.0,0.0,0.0
2023-11-02 13:30:00-04:00,23.462400436401367,23.469900131225586,23.459999084472656,23.459999084472656,2129,0.0,0.0,0.0
2023-11-02 14:30:00-04:00,23.469999313354492,23.469999313354492,23.468000411987305,23.468000411987305,779,0.0,0.0,0.0
2023-11-02 15:30:00-04:00,23.459999084472656,23.464599609375,23.459999084472656,23.464599609375,0,0.0,0.0,0.0
2023-11-03 09:30:00-04:00,23.607999801635742,23.607999801635742,23.600000381469727,23.600000381469727,536,0.0,0.0,0.0
2023-11-03 10:30:00-04:00,23.59000015258789,23.59000015258789,23.59000015258789,23.59000015258789,106,0.0,0.0,0.0
2023-11-03 11:30:00-04:00,23.579999923706055,23.6200008392334,23.579999923706055,23.610000610351562,1657,0.0,0.0,0.0
2023-11-03 12:30:00-04:00,23.56999969482422,23.56999969482422,23.56999969482422,23.56999969482422,400,0.0,0.0,0.0
2023-11-03 13:30:00-04:00,23.56290054321289,23.56399917602539,23.56290054321289,23.56399917602539,1508,0.0,0.0,0.0
2023-11-03 14:30:00-04:00,23.584999084472656,23.584999084472656,23.56999969482422,23.56999969482422,345,0.0,0.0,0.0
2023-11-03 15:30:00-04:00,23.565000534057617,23.565000534057617,23.564800262451172,23.564800262451172,643,0.0,0.0,0.0
2023-11-06 09:30:00-05:00,23.540000915527344,23.540000915527344,23.540000915527344,23.540000915527344,0,0.0,0.0,0.0
2023-11-06 10:30:00-05:00,23.503400802612305,23.514999389648438,23.503400802612305,23.514999389648438,897,0.0,0.0,0.0
2023-11-06 11:30:00-05:00,23.504499435424805,23.518199920654297,23.5,23.514999389648438,4398,0.0,0.0,0.0
2023-11-06 12:30:00-05:00,23.50309944152832,23.52400016784668,23.50309944152832,23.514999389648438,2106,0.0,0.0,0.0
2023-11-06 14:30:00-05:00,23.491500854492188,23.491500854492188,23.479999542236328,23.479999542236328,2191,0.0,0.0,0.0
2023-11-06 15:30:00-05:00,23.475000381469727,23.477500915527344,23.469999313354492,23.477500915527344,0,0.0,0.0,0.0
2023-11-07 10:30:00-05:00,23.520999908447266,23.520999908447266,23.520999908447266,23.520999908447266,836,0.0,0.0,0.0
2023-11-07 11:30:00-05:00,23.52790069580078,23.52790069580078,23.5177001953125,23.5177001953125,834,0.0,0.0,0.0
2023-11-07 13:30:00-05:00,23.530000686645508,23.530000686645508,23.530000686645508,23.530000686645508,492,0.0,0.0,0.0
2023-11-07 14:30:00-05:00,23.562000274658203,23.562000274658203,23.552400588989258,23.552499771118164,0,0.0,0.0,0.0
2023-11-08 09:30:00-05:00,23.578500747680664,23.578500747680664,23.578500747680664,23.578500747680664,200,0.0,0.0,0.0
2023-11-08 11:30:00-05:00,23.577600479125977,23.579999923706055,23.5674991607666,23.5674991607666,1431,0.0,0.0,0.0
2023-11-08 13:30:00-05:00,23.56909942626953,23.56909942626953,23.559999465942383,23.559999465942383,686,0.0,0.0,0.0
2023-11-08 14:30:00-05:00,23.550100326538086,23.56760025024414,23.550100326538086,23.56679916381836,2018,0.0,0.0,0.0
2023-11-08 15:30:00-05:00,23.559999465942383,23.56999969482422,23.543500900268555,23.56999969482422,0,0.0,0.0,0.0
2023-11-09 11:30:00-05:00,23.547700881958008,23.559999465942383,23.546499252319336,23.546499252319336,1215,0.0,0.0,0.0
2023-11-09 12:30:00-05:00,23.540000915527344,23.540000915527344,23.527700424194336,23.527700424194336,1565,0.0,0.0,0.0
2023-11-09 13:30:00-05:00,23.498699188232422,23.498699188232422,23.498699188232422,23.498699188232422,257,0.0,0.0,0.0
2023-11-09 14:30:00-05:00,23.490800857543945,23.490800857543945,23.479999542236328,23.479999542236328,1708,0.0,0.0,0.0
2023-11-10 10:30:00-05:00,23.520000457763672,23.520000457763672,23.520000457763672,23.520000457763672,0,0.0,0.0,0.0
2023-11-10 11:30:00-05:00,23.510000228881836,23.510000228881836,23.510000228881836,23.510000228881836,649,0.0,0.0,0.0
2023-11-10 13:30:00-05:00,23.485000610351562,23.485000610351562,23.479999542236328,23.479999542236328,2204,0.0,0.0,0.0
2023-11-10 14:30:00-05:00,23.489999771118164,23.489999771118164,23.489999771118164,23.489999771118164,209,0.0,0.0,0.0
2023-11-10 15:30:00-05:00,23.489999771118164,23.489999771118164,23.489999771118164,23.489999771118164,200,0.0,0.0,0.0
2023-11-13 10:30:00-05:00,23.479999542236328,23.479999542236328,23.479999542236328,23.479999542236328,0,0.0,0.0,0.0
2023-11-13 11:30:00-05:00,23.485000610351562,23.489900588989258,23.481300354003906,23.482999801635742,1372,0.0,0.0,0.0
2023-11-13 12:30:00-05:00,23.481000900268555,23.481000900268555,23.481000900268555,23.481000900268555,885,0.0,0.0,0.0
2023-11-13 13:30:00-05:00,23.489999771118164,23.5,23.489999771118164,23.489999771118164,8745,0.0,0.0,0.0
2023-11-13 14:30:00-05:00,23.504899978637695,23.514999389648438,23.494800567626953,23.514999389648438,307,0.0,0.0,0.0
2023-11-14 09:30:00-05:00,23.68000030517578,23.68000030517578,23.68000030517578,23.68000030517578,0,0.0,0.0,0.0
2023-11-14 10:30:00-05:00,23.684999465942383,23.684999465942383,23.684999465942383,23.684999465942383,942,0.0,0.0,0.0
2023-11-14 11:30:00-05:00,23.685699462890625,23.690000534057617,23.68000030517578,23.68000030517578,3331,0.0,0.0,0.0
2023-11-14 13:30:00-05:00,23.68120002746582,23.690000534057617,23.68120002746582,23.690000534057617,219,0.0,0.0,0.0
2023-11-14 14:30:00-05:00,23.68790054321289,23.690000534057617,23.68790054321289,23.690000534057617,780,0.0,0.0,0.0
2023-11-14 15:30:00-05:00,23.690000534057617,23.690000534057617,23.690000534057617,23.690000534057617,0,0.0,0.0,0.0
2023-11-15 11:30:00-05:00,23.6200008392334,23.634199142456055,23.610000610351562,23.634199142456055,3292,0.0,0.0,0.0
2023-11-15 12:30:00-05:00,23.631000518798828,23.631000518798828,23.61949920654297,23.6200008392334,1327,0.0,0.0,0.0
2023-11-15 13:30:00-05:00,23.622100830078125,23.622100830078125,23.61009979248047,23.61009979248047,816,0.0,0.0,0.0
2023-11-15 14:30:00-05:00,23.631000518798828,23.63949966430664,23.631000518798828,23.63949966430664,312,0.0,0.0,0.0
2023-11-15 15:30:00-05:00,23.635000228881836,23.635000228881836,23.635000228881836,23.635000228881836,312,0.0,0.0,0.0
2023-11-16 09:30:00-05:00,23.716299057006836,23.716299057006836,23.716299057006836,23.716299057006836,0,0.0,0.0,0.0
2023-11-16 11:30:00-05:00,23.700000762939453,23.71980094909668,23.700000762939453,23.71980094909668,1351,0.0,0.0,0.0
2023-11-16 13:30:00-05:00,23.709999084472656,23.709999084472656,23.709999084472656,23.709999084472656,239,0.0,0.0,0.0
2023-11-16 14:30:00-05:00,23.71500015258789,23.719100952148438,23.710100173950195,23.719100952148438,7342,0.0,0.0,0.0
2023-11-16 15:30:00-05:00,23.710100173950195,23.71500015258789,23.709999084472656,23.71500015258789,0,0.0,0.0,0.0
2023-11-17 09:30:00-05:00,23.739999771118164,23.739999771118164,23.739999771118164,23.739999771118164,188,0.0,0.0,0.0
2023-11-17 10:30:00-05:00,23.712400436401367,23.712400436401367,23.712400436401367,23.712400436401367,376,0.0,0.0,0.0
2023-11-17 11:30:00-05:00,23.726200103759766,23.726200103759766,23.700199127197266,23.719999313354492,1046,0.0,0.0,0.0
2023-11-17 13:30:00-05:00,23.71780014038086,23.71780014038086,23.71500015258789,23.71500015258789,392,0.0,0.0,0.0
2023-11-17 14:30:00-05:00,23.71500015258789,23.71500015258789,23.709999084472656,23.71500015258789,3274,0.0,0.0,0.0
2023-11-20 09:30:00-05:00,23.6200008392334,23.6200008392334,23.6200008392334,23.6200008392334,0,0.0,0.0,0.0
2023-11-20 11:30:00-05:00,23.634199142456055,23.634199142456055,23.634199142456055,23.634199142456055,810,0.0,0.0,0.0
2023-11-20 12:30:00-05:00,23.635099411010742,23.65999984741211,23.63360023498535,23.65999984741211,0,0.0,0.0,0.0
2023-11-21 11:30:00-05:00,23.68269920349121,23.694000244140625,23.682300567626953,23.6830997467041,284,0.0,0.0,0.0
2023-11-22 11:30:00-05:00,23.670000076293945,23.684999465942383,23.670000076293945,23.684999465942383,1447,0.0,0.0,0.0
2023-11-22 12:30:00-05:00,23.684999465942383,23.684999465942383,23.684999465942383,23.684999465942383,1035,0.0,0.0,0.0
2023-11-22 14:30:00-05:00,23.690000534057617,23.690000534057617,23.690000534057617,23.690000534057617,174,0.0,0.0,0.0
2023-11-22 15:30:00-05:00,23.690000534057617,23.709999084472656,23.690000534057617,23.709999084472656,24084,0.0,0.0,0.0
2023-11-24 09:30:00-05:00,23.68000030517578,23.690000534057617,23.65999984741211,23.65999984741211,0,0.0,0.0,0.0
2023-11-24 10:30:00-05:00,23.68400001525879,23.68400001525879,23.66010093688965,23.664100646972656,1155,0.0,0.0,0.0
2023-11-24 11:30:00-05:00,23.67690086364746,23.685100555419922,23.67690086364746,23.685100555419922,295,0.0,0.0,0.0
2023-11-24 12:30:00-05:00,23.66349983215332,23.66349983215332,23.66349983215332,23.66349983215332,0,0.0,0.0,0.0
2023-11-27 11:30:00-05:00,23.70400047302246,23.712099075317383,23.690000534057617,23.70400047302246,1362,0.0,0.0,0.0
2023-11-27 12:30:00-05:00,23.719999313354492,23.719999313354492,23.719999313354492,23.719999313354492,101,0.0,0.0,0.0
2023-11-27 14:30:00-05:00,23.717899322509766,23.719999313354492,23.717899322509766,23.719999313354492,729,0.0,0.0,0.0
2023-11-27 15:30:00-05:00,23.719999313354492,23.7450008392334,23.719999313354492,23.7450008392334,0,0.0,0.0,0.0
2023-11-28 09:30:00-05:00,23.74679946899414,23.755800247192383,23.74679946899414,23.755800247192383,1100,0.0,0.0,0.0
2023-11-28 10:30:00-05:00,23.790599822998047,23.790599822998047,23.77090072631836,23.77090072631836,2138,0.0,0.0,0.0
2023-11-28 11:30:00-05:00,23.791200637817383,23.791200637817383,23.791200637817383,23.791200637817383,501,0.0,0.0,0.0
2023-11-28 13:30:00-05:00,23.809900283813477,23.809900283813477,23.809099197387695,23.809099197387695,658,0.0,0.0,0.0
2023-11-28 14:30:00-05:00,23.815000534057617,23.822999954223633,23.815000534057617,23.822999954223633,0,0.0,0.0,0.0
2023-11-29 09:30:00-05:00,23.883399963378906,23.883399963378906,23.883399963378906,23.883399963378906,1279,0.0,0.0,0.0
2023-11-29 10:30:00-05:00,23.871400833129883,23.89430046081543,23.871400833129883,23.89430046081543,1733,0.0,0.0,0.0
2023-11-29 12:30:00-05:00,23.883100509643555,23.883100509643555,23.883100509643555,23.883100509643555,135,0.0,0.0,0.0
2023-11-29 13:30:00-05:00,23.899999618530273,23.90489959716797,23.899999618530273,23.90489959716797,0,0.0,0.0,0.0
2023-11-30 09:30:00-05:00,23.850099563598633,23.850099563598633,23.850099563598633,23.850099563598633,3768,0.0,0.0,0.0
2023-11-30 11:30:00-05:00,23.87019920349121,23.8799991607666,23.860599517822266,23.860599517822266,3503,0.0,0.0,0.0
2023-11-30 14:30:00-05:00,23.84000015258789,23.84000015258789,23.84000015258789,23.84000015258789,100,0.0,0.0,0.0
2023-11-30 15:30:00-05:00,23.832300186157227,23.845300674438477,23.832300186157227,23.84000015258789,0,0.0,0.0,0.0
2023-12-01 10:30:00-05:00,23.920000076293945,23.94099998474121,23.920000076293945,23.94099998474121,748,0.0,0.0,0.0
2023-12-01 11:30:00-05:00,23.94529914855957,23.969999313354492,23.94529914855957,23.969999313354492,575,0.0,0.0,0.0
2023-12-01 13:30:00-05:00,23.96500015258789,23.979999542236328,23.96500015258789,23.96769905090332,3995,0.0,0.0,0.0
2023-12-01 14:30:00-05:00,23.979000091552734,23.979000091552734,23.969999313354492,23.969999313354492,1320,0.0,0.0,0.0
2023-12-01 15:30:00-05:00,23.979999542236328,23.979999542236328,23.979999542236328,23.979999542236328,312,0.0,0.0,0.0
2023-12-04 09:30:00-05:00,23.92060089111328,23.92060089111328,23.92060089111328,23.92060089111328,0,0.0,0.0,0.0
2023-12-04 10:30:00-05:00,23.916099548339844,23.916099548339844,23.916099548339844,23.916099548339844,296,0.0,0.0,0.0
2023-12-04 12:30:00-05:00,23.89940071105957,23.910999298095703,23.890600204467773,23.890600204467773,1115,0.0,0.0,0.0
2023-12-04 13:30:00-05:00,23.9153995513916,23.9153995513916,23.912799835205078,23.912799835205078,209,0.0,0.0,0.0
2023-12-05 09:30:00-05:00,23.940000534057617,23.976900100708008,23.940000534057617,23.976900100708008,336,0.0,0.0,0.0
2023-12-05 10:30:00-05:00,23.95240020751953,23.985000610351562,23.95240020751953,23.985000610351562,627,0.0,0.0,0.0
2023-12-05 11:30:00-05:00,23.96489906311035,23.96929931640625,23.959999084472656,23.959999084472656,776,0.0,0.0,0.0
2023-12-05 12:30:00-05:00,23.975000381469727,23.975000381469727,23.959999084472656,23.96269989013672,550,0.0,0.0,0.0
2023-12-05 13:30:00-05:00,23.96500015258789,23.96500015258789,23.96500015258789,23.96500015258789,348,0.0,0.0,0.0
2023-12-05 14:30:00-05:00,23.969999313354492,23.979900360107422,23.969999313354492,23.97610092163086,872,0.0,0.0,0.0
2023-12-06 09:30:00-05:00,23.979999542236328,23.979999542236328,23.979999542236328,23.979999542236328,0,0.0,0.0,0.0
2023-12-06 10:30:00-05:00,23.989999771118164,23.99209976196289,23.979999542236328,23.99209976196289,1380,0.0,0.0,0.0
2023-12-06 11:30:00-05:00,24.0,24.0,23.981199264526367,23.981199264526367,0,0.0,0.0,0.0
2023-12-07 11:30:00-05:00,23.999000549316406,23.999000549316406,23.999000549316406,23.999000549316406,393,0.0,0.0,0.0
2023-12-07 12:30:00-05:00,24.01300048828125,24.01300048828125,24.01300048828125,24.01300048828125,339,0.0,0.0,0.0
2023-12-07 13:30:00-05:00,24.030000686645508,24.030000686645508,24.030000686645508,24.030000686645508,264,0.0,0.0,0.0
2023-12-07 14:30:00-05:00,24.000499725341797,24.000499725341797,24.000499725341797,24.000499725341797,603,0.0,0.0,0.0
2023-12-07 15:30:00-05:00,24.010000228881836,24.010000228881836,24.010000228881836,24.010000228881836,119,0.0,0.0,0.0
2023-12-08 09:30:00-05:00,23.939300537109375,23.939300537109375,23.939300537109375,23.939300537109375,0,0.0,0.0,0.0
2023-12-08 10:30:00-05:00,23.920000076293945,23.920000076293945,23.920000076293945,23.920000076293945,37810,0.0,0.0,0.0
2023-12-08 11:30:00-05:00,23.9242000579834,23.934499740600586,23.902000427246094,23.90999984741211,88138,0.0,0.0,0.0
2023-12-08 13:30:00-05:00,23.917699813842773,23.917699813842773,23.915000915527344,23.915000915527344,506,0.0,0.0,0.0
2023-12-11 11:30:00-05:00,23.875099182128906,23.885000228881836,23.87310028076172,23.878999710083008,2186,0.0,0.0,0.0
2023-12-11 13:30:00-05:00,23.90999984741211,23.90999984741211,23.905000686645508,23.905000686645508,269,0.0,0.0,0.0
2023-12-12 10:30:00-05:00,23.93470001220703,23.93470001220703,23.92020034790039,23.92020034790039,0,0.0,0.0,0.0
2023-12-12 12:30:00-05:00,23.920799255371094,23.92099952697754,23.920799255371094,23.92099952697754,704,0.0,0.0,0.0
2023-12-12 13:30:00-05:00,23.94499969482422,23.94499969482422,23.94499969482422,23.94499969482422,184,0.0,0.0,0.0
2023-12-12 14:30:00-05:00,23.944000244140625,23.94499969482422,23.94230079650879,23.94499969482422,0,0.0,0.0,0.0
2023-12-13 09:30:00-05:00,23.980100631713867,23.980100631713867,23.980100631713867,23.980100631713867,1084,0.0,0.0,0.0
2023-12-13 10:30:00-05:00,23.985700607299805,24.0,23.975000381469727,24.0,962,0.0,0.0,0.0
2023-12-13 13:30:00-05:00,24.104999542236328,24.104999542236328,24.104999542236328,24.104999542236328,167,0.0,0.0,0.0
2023-12-13 14:30:00-05:00,24.100000381469727,24.165000915527344,24.100000381469727,24.149999618530273,1343,0.0,0.0,0.0
2023-12-13 15:30:00-05:00,24.1560001373291,24.165000915527344,24.1560001373291,24.165000915527344,740,0.0,0.0,0.0
2023-12-14 09:30:00-05:00,24.219999313354492,24.233999252319336,24.219999313354492,24.229999542236328,0,0.0,0.0,0.0
2023-12-14 10:30:00-05:00,24.25,24.260000228881836,24.25,24.260000228881836,1104,0.0,0.0,0.0
2023-12-14 11:30:00-05:00,24.2549991607666,24.270000457763672,24.239999771118164,24.270000457763672,18935,0.0,0.0,0.0
2023-12-14 12:30:00-05:00,24.270000457763672,24.270000457763672,24.200000762939453,24.219999313354492,12762,0.0,0.0,0.0
2023-12-14 13:30:00-05:00,24.219999313354492,24.219999313354492,24.2101993560791,24.2101993560791,29353,0.0,0.0,0.0
2023-12-14 14:30:00-05:00,24.21430015563965,24.215999603271484,24.21430015563965,24.215999603271484,788,0.0,0.0,0.0
2023-12-14 15:30:00-05:00,24.219999313354492,24.219999313354492,24.219999313354492,24.219999313354492,0,0.0,0.0,0.0
2023-12-15 10:30:00-05:00,24.235200881958008,24.235200881958008,24.235200881958008,24.235200881958008,301,0.0,0.0,0.0
2023-12-15 11:30:00-05:00,24.238000869750977,24.242700576782227,24.238000869750977,24.242700576782227,552,0.0,0.0,0.0
2023-12-15 12:30:00-05:00,24.243799209594727,24.249900817871094,24.211999893188477,24.219999313354492,4815,0.0,0.0,0.0
2023-12-15 13:30:00-05:00,24.229900360107422,24.229900360107422,24.21500015258789,24.21500015258789,1394,0.0,0.0,0.0
2023-12-15 14:30:00-05:00,24.200000762939453,24.221900939941406,24.200000762939453,24.219999313354492,9977,0.0,0.0,0.0
2023-12-15 15:30:00-05:00,24.209999084472656,24.239900588989258,24.209999084472656,24.209999084472656,5358,0.0,0.0,0.0
2023-12-18 10:30:00-05:00,24.139999389648438,24.139999389648438,24.139999389648438,24.139999389648438,454,0.0,0.0,0.0
2023-12-18 11:30:00-05:00,24.120100021362305,24.13800048828125,24.120100021362305,24.13800048828125,8991,0.0,0.0,0.0
2023-12-18 13:30:00-05:00,24.119400024414062,24.125,24.113100051879883,24.125,0,0.0,0.0,0.0
2023-12-19 12:30:00-05:00,24.149999618530273,24.159000396728516,24.139999389648438,24.149999618530273,3829,0.0,0.0,0.0
2023-12-19 14:30:00-05:00,24.130300521850586,24.135000228881836,24.130300521850586,24.135000228881836,0,0.0,0.0,0.0
2023-12-20 12:30:00-05:00,24.167200088500977,24.167200088500977,24.157899856567383,24.157899856567383,807,0.0,0.0,0.0
2023-12-20 13:30:00-05:00,24.15999984741211,24.15999984741211,24.15999984741211,24.15999984741211,360,0.0,0.0,0.0
2023-12-20 14:30:00-05:00,24.18000030517578,24.18000030517578,24.18000030517578,24.18000030517578,1631,0.0,0.0,0.0
2023-12-20 15:30:00-05:00,24.18000030517578,24.180500030517578,24.18000030517578,24.180500030517578,0,0.0,0.0,0.0
2023-12-21 09:30:00-05:00,24.23080062866211,24.23080062866211,24.229999542236328,24.229999542236328,422,0.0,0.0,0.0
2023-12-21 10:30:00-05:00,24.209999084472656,24.209999084472656,24.209999084472656,24.209999084472656,374,0.0,0.0,0.0
2023-12-21 11:30:00-05:00,24.215999603271484,24.215999603271484,24.201099395751953,24.208099365234375,2422,0.0,0.0,0.0
2023-12-21 14:30:00-05:00,24.203100204467773,24.203100204467773,24.203100204467773,24.203100204467773,0,0.0,0.0,0.0
2023-12-22 09:30:00-05:00,24.25,24.25,24.25,24.25,379,0.0,0.0,0.0
2023-12-22 10:30:00-05:00,24.200000762939453,24.200000762939453,24.200000762939453,24.200000762939453,151,0.0,0.0,0.0
2023-12-22 11:30:00-05:00,24.202299118041992,24.202299118041992,24.194000244140625,24.194000244140625,1218,0.0,0.0,0.0
2023-12-22 13:30:00-05:00,24.209699630737305,24.209699630737305,24.209699630737305,24.209699630737305,445,0.0,0.0,0.0
2023-12-22 14:30:00-05:00,24.229999542236328,24.229999542236328,24.207700729370117,24.21500015258789,1065,0.0,0.0,0.0
2023-12-26 11:30:00-05:00,24.209999084472656,24.209999084472656,24.201499938964844,24.201499938964844,215,0.0,0.0,0.0
2023-12-26 12:30:00-05:00,24.200000762939453,24.200000762939453,24.200000762939453,24.200000762939453,2140,0.0,0.0,0.0
2023-12-26 14:30:00-05:00,24.229900360107422,24.229900360107422,24.209999084472656,24.209999084472656,0,0.0,0.0,0.0
2023-12-27 11:30:00-05:00,24.260299682617188,24.265499114990234,24.260299682617188,24.264999389648438,1251,0.0,0.0,0.0
2023-12-27 12:30:00-05:00,24.270000457763672,24.270000457763672,24.270000457763672,24.270000457763672,989,0.0,0.0,0.0
2023-12-27 13:30:00-05:00,24.29010009765625,24.29010009765625,24.29010009765625,24.29010009765625,369,0.0,0.0,0.0
2023-12-27 14:30:00-05:00,24.30500030517578,24.30500030517578,24.30190086364746,24.30190086364746,1435,0.0,0.0,0.0
2023-12-27 15:30:00-05:00,24.299999237060547,24.299999237060547,24.299999237060547,24.299999237060547,100,0.0,0.0,0.0
2023-12-28 09:30:00-05:00,24.280000686645508,24.280000686645508,24.27989959716797,24.27989959716797,0,0.0,0.0,0.0
2023-12-28 11:30:00-05:00,24.28969955444336,24.28969955444336,24.28969955444336,24.28969955444336,122,0.0,0.0,0.0
2023-12-28 12:30:00-05:00,24.280000686645508,24.280000686645508,24.280000686645508,24.280000686645508,120,0.0,0.0,0.0
2023-12-28 13:30:00-05:00,24.281099319458008,24.281099319458008,24.281099319458008,24.281099319458008,457,0.0,0.0,0.0
2023-12-28 15:30:00-05:00,24.28499984741211,24.298999786376953,24.28499984741211,24.298999786376953,0,0.0,0.0,0.0
2023-12-29 10:30:00-05:00,24.270000457763672,24.270000457763672,24.270000457763672,24.270000457763672,476,0.0,0.0,0.0
2023-12-29 11:30:00-05:00,24.264999389648438,24.264999389648438,24.264999389648438,24.264999389648438,600,0.0,0.0,0.0
2023-12-29 12:30:00-05:00,24.270000457763672,24.295000076293945,24.266300201416016,24.295000076293945,3006,0.0,0.0,0.0
2023-12-29 15:30:00-05:00,24.304000854492188,24.304000854492188,24.28499984741211,24.28499984741211,724,0.0,0.0,0.0
2024-01-02 09:30:00-05:00,24.219999313354492,24.219999313354492,24.219999313354492,24.219999313354492,0,0.0,0.0,0.0
2024-01-02 11:30:00-05:00,24.206600189208984,24.219999313354492,24.206600189208984,24.21500015258789,1196,0.0,0.0,0.0
2024-01-02 14:30:00-05:00,24.219999313354492,24.219999313354492,24.190000534057617,24.190000534057617,1968,0.0,0.0,0.0
2024-01-02 15:30:00-05:00,24.19499969482422,24.205400466918945,24.180500030517578,24.205400466918945,0,0.0,0.0,0.0
2024-01-03 09:30:00-05:00,24.180500030517578,24.180500030517578,24.180500030517578,24.180500030517578,512,0.0,0.0,0.0
2024-01-03 10:30:00-05:00,24.155000686645508,24.15999984741211,24.155000686645508,24.15999984741211,432,0.0,0.0,0.0
2024-01-03 11:30:00-05:00,24.168100357055664,24.168100357055664,24.159000396728516,24.159000396728516,1074,0.0,0.0,0.0
2024-01-03 12:30:00-05:00,24.179500579833984,24.190000534057617,24.178699493408203,24.190000534057617,1172,0.0,0.0,0.0
2024-01-03 13:30:00-05:00,24.219999313354492,24.219999313354492,24.15999984741211,24.180599212646484,1924,0.0,0.0,0.0
2024-01-03 14:30:00-05:00,24.199499130249023,24.204999923706055,24.19499969482422,24.19499969482422,0,0.0,0.0,0.0
2024-01-04 11:30:00-05:00,24.15169906616211,24.158100128173828,24.145999908447266,24.145999908447266,1657,0.0,0.0,0.0
2024-01-04 12:30:00-05:00,24.15999984741211,24.15999984741211,24.1299991607666,24.1299991607666,667,0.0,0.0,0.0
2024-01-04 14:30:00-05:00,24.140399932861328,24.149999618530273,24.140399932861328,24.149999618530273,0,0.0,0.0,0.0
2024-01-05 11:30:00-05:00,24.190000534057617,24.190000534057617,24.149999618530273,24.15920066833496,2010,0.0,0.0,0.0
2024-01-05 13:30:00-05:00,24.131099700927734,24.139999389648438,24.131099700927734,24.139999389648438,303,0.0,0.0,0.0
2024-01-08 11:30:00-05:00,24.216400146484375,24.216400146484375,24.190000534057617,24.215599060058594,1633,0.0,0.0,0.0
2024-01-08 13:30:00-05:00,24.18079948425293,24.18079948425293,24.18079948425293,24.18079948425293,189,0.0,0.0,0.0
2024-01-08 14:30:00-05:00,24.19809913635254,24.19809913635254,24.182899475097656,24.182899475097656,0,0.0,0.0,0.0
2024-01-09 10:30:00-05:00,24.163999557495117,24.18000030517578,24.16010093688965,24.18000030517578,1427,0.0,0.0,0.0
2024-01-09 11:30:00-05:00,24.171899795532227,24.180999755859375,24.171899795532227,24.180999755859375,879,0.0,0.0,0.0
2024-01-09 13:30:00-05:00,24.170000076293945,24.190000534057617,24.170000076293945,24.190000534057617,971,0.0,0.0,0.0
2024-01-09 14:30:00-05:00,24.190000534057617,24.200000762939453,24.190000534057617,24.19219970703125,0,0.0,0.0,0.0
2024-01-10 09:30:00-05:00,24.219999313354492,24.219999313354492,24.209999084472656,24.210399627685547,910,0.0,0.0,0.0
2024-01-10 11:30:00-05:00,24.209999084472656,24.209999084472656,24.209999084472656,24.209999084472656,1001,0.0,0.0,0.0
2024-01-10 14:30:00-05:00,24.19499969482422,24.19499969482422,24.190000534057617,24.190000534057617,0,0.0,0.0,0.0
2024-01-11 09:30:00-05:00,24.20009994506836,24.20009994506836,24.20009994506836,24.20009994506836,774,0.0,0.0,0.0
2024-01-11 11:30:00-05:00,24.21430015563965,24.232099533081055,24.21430015563965,24.232099533081055,1039,0.0,0.0,0.0
2024-01-11 13:30:00-05:00,24.25,24.28499984741211,24.25,24.28499984741211,0,0.0,0.0,0.0
2024-01-12 10:30:00-05:00,24.329999923706055,24.329999923706055,24.329999923706055,24.329999923706055,168,0.0,0.0,0.0
2024-01-12 11:30:00-05:00,24.33370018005371,24.337299346923828,24.320100784301758,24.320100784301758,924,0.0,0.0,0.0
2024-01-12 13:30:00-05:00,24.31999969482422,24.344999313354492,24.31999969482422,24.344999313354492,830,0.0,0.0,0.0
2024-01-16 09:30:00-05:00,24.290000915527344,24.290000915527344,24.290000915527344,24.290000915527344,1502,0.0,0.0,0.0
2024-01-16 10:30:00-05:00,24.309999465942383,24.309999465942383,24.290000915527344,24.290000915527344,794,0.0,0.0,0.0
2024-01-16 11:30:00-05:00,24.28499984741211,24.28499984741211,24.25,24.25,3345,0.0,0.0,0.0
2024-01-16 12:30:00-05:00,24.243799209594727,24.2549991607666,24.243799209594727,24.2549991607666,754,0.0,0.0,0.0
2024-01-16 13:30:00-05:00,24.268299102783203,24.268299102783203,24.25,24.25,2594,0.0,0.0,0.0
2024-01-16 15:30:00-05:00,24.260000228881836,24.267200469970703,24.257600784301758,24.264299392700195,601,0.0,0.0,0.0
2024-01-17 09:30:00-05:00,24.209999084472656,24.209999084472656,24.190000534057617,24.190000534057617,0,0.0,0.0,0.0
2024-01-17 11:30:00-05:00,24.189899444580078,24.190000534057617,24.18000030517578,24.180999755859375,2125,0.0,0.0,0.0
2024-01-17 12:30:00-05:00,24.183799743652344,24.183799743652344,24.183799743652344,24.183799743652344,546,0.0,0.0,0.0
2024-01-17 13:30:00-05:00,24.184999465942383,24.184999465942383,24.180299758911133,24.180299758911133,317,0.0,0.0,0.0
2024-01-17 14:30:00-05:00,24.180099487304688,24.180099487304688,24.180099487304688,24.180099487304688,231,0.0,0.0,0.0
2024-01-17 15:30:00-05:00,24.204999923706055,24.204999923706055,24.19890022277832,24.19890022277832,825,0.0,0.0,0.0
2024-01-18 09:30:00-05:00,24.209999084472656,24.209999084472656,24.209999084472656,24.209999084472656,0,0.0,0.0,0.0
2024-01-18 11:30:00-05:00,24.20400047302246,24.20400047302246,24.190000534057617,24.190000534057617,913,0.0,0.0,0.0
2024-01-18 12:30:00-05:00,24.199899673461914,24.229700088500977,24.190000534057617,24.229700088500977,4244,0.0,0.0,0.0
2024-01-18 14:30:00-05:00,24.190000534057617,24.190000534057617,24.190000534057617,24.190000534057617,134,0.0,0.0,0.0
2024-01-18 15:30:00-05:00,24.2012996673584,24.209999084472656,24.2012996673584,24.209999084472656,0,0.0,0.0,0.0
2024-01-19 09:30:00-05:00,24.16469955444336,24.16469955444336,24.16469955444336,24.16469955444336,143,0.0,0.0,0.0
2024-01-19 11:30:00-05:00,24.164100646972656,24.179899215698242,24.159000396728516,24.179899215698242,1078,0.0,0.0,0.0
2024-01-19 15:30:00-05:00,24.18000030517578,24.18000030517578,24.18000030517578,24.18000030517578,190,0.0,0.0,0.0
2024-01-22 10:30:00-05:00,24.123699188232422,24.123699188232422,24.123699188232422,24.123699188232422,0,0.0,0.0,0.0
2024-01-22 11:30:00-05:00,24.141000747680664,24.141000747680664,24.128999710083008,24.128999710083008,1011,0.0,0.0,0.0
2024-01-22 13:30:00-05:00,24.139999389648438,24.139999389648438,24.110000610351562,24.110000610351562,355,0.0,0.0,0.0
2024-01-22 15:30:00-05:00,24.125,24.125,24.125,24.125,302,0.0,0.0,0.0
2024-01-23 09:30:00-05:00,24.09000015258789,24.10740089416504,24.09000015258789,24.10740089416504,0,0.0,0.0,0.0
2024-01-23 10:30:00-05:00,24.109600067138672,24.109600067138672,24.090200424194336,24.104999542236328,1820,0.0,0.0,0.0
2024-01-23 11:30:00-05:00,24.110000610351562,24.110000610351562,24.09600067138672,24.09600067138672,926,0.0,0.0,0.0
2024-01-23 14:30:00-05:00,24.094100952148438,24.110000610351562,24.094100952148438,24.110000610351562,0,0.0,0.0,0.0
2024-01-24 10:30:00-05:00,24.1200008392334,24.1200008392334,24.110300064086914,24.113399505615234,3251,0.0,0.0,0.0
2024-01-24 14:30:00-05:00,24.100000381469727,24.100000381469727,24.094999313354492,24.094999313354492,0,0.0,0.0,0.0
2024-01-25 09:30:00-05:00,24.139999389648438,24.149900436401367,24.139999389648438,24.149900436401367,846,0.0,0.0,0.0
2024-01-25 10:30:00-05:00,24.149900436401367,24.149900436401367,24.149900436401367,24.149900436401367,483,0.0,0.0,0.0
2024-01-25 11:30:00-05:00,24.139999389648438,24.149700164794922,24.139999389648438,24.149700164794922,1691,0.0,0.0,0.0
2024-01-25 13:30:00-05:00,24.155000686645508,24.155000686645508,24.155000686645508,24.155000686645508,0,0.0,0.0,0.0
2024-01-26 09:30:00-05:00,24.15999984741211,24.15999984741211,24.15999984741211,24.15999984741211,303,0.0,0.0,0.0
2024-01-26 10:30:00-05:00,24.149999618530273,24.149999618530273,24.1200008392334,24.149999618530273,29088,0.0,0.0,0.0
2024-01-26 11:30:00-05:00,24.1299991607666,24.149900436401367,24.1200008392334,24.149900436401367,6645,0.0,0.0,0.0
2024-01-26 12:30:00-05:00,24.149799346923828,24.149799346923828,24.149799346923828,24.149799346923828,2577,0.0,0.0,0.0
2024-01-26 15:30:00-05:00,24.1299991607666,24.1299991607666,24.1299991607666,24.1299991607666,195,0.0,0.0,0.0
2024-01-29 10:30:00-05:00,24.16819953918457,24.16819953918457,24.16819953918457,24.16819953918457,0,0.0,0.0,0.0
2024-01-29 11:30:00-05:00,24.170000076293945,24.177799224853516,24.15999984741211,24.15999984741211,792,0.0,0.0,0.0
2024-01-29 14:30:00-05:00,24.16010093688965,24.18000030517578,24.16010093688965,24.18000030517578,1412,0.0,0.0,0.0
2024-01-30 09:30:00-05:00,24.18000030517578,24.18000030517578,24.18000030517578,24.18000030517578,454,0.0,0.0,0.0
2024-01-30 10:30:00-05:00,24.145000457763672,24.145000457763672,24.145000457763672,24.145000457763672,580,0.0,0.0,0.0
2024-01-30 11:30:00-05:00,24.155000686645508,24.155000686645508,24.149999618530273,24.155000686645508,4482,0.0,0.0,0.0
2024-01-30 12:30:00-05:00,24.13010025024414,24.13010025024414,24.13010025024414,24.13010025024414,1084,0.0,0.0,0.0
2024-01-30 15:30:00-05:00,24.15999984741211,24.16080093383789,24.15999984741211,24.16080093383789,0,0.0,0.0,0.0
2024-01-31 10:30:00-05:00,24.260000228881836,24.260000228881836,24.240800857543945,24.240800857543945,1198,0.0,0.0,0.0
2024-01-31 11:30:00-05:00,24.248899459838867,24.248899459838867,24.248899459838867,24.248899459838867,320,0.0,0.0,0.0
2024-01-31 12:30:00-05:00,24.25,24.25,24.25,24.25,130,0.0,0.0,0.0
2024-01-31 14:30:00-05:00,24.23509979248047,24.263999938964844,24.23509979248047,24.23509979248047,183,0.0,0.0,0.0
2024-02-01 09:30:00-05:00,24.290000915527344,24.290000915527344,24.281200408935547,24.28350067138672,0,0.0,0.0,0.0
2024-02-01 10:30:00-05:00,24.260099411010742,24.260099411010742,24.260099411010742,24.260099411010742,151,0.0,0.0,0.0
2024-02-01 11:30:00-05:00,24.290000915527344,24.308799743652344,24.290000915527344,24.294300079345703,16357,0.0,0.0,0.0
2024-02-01 12:30:00-05:00,24.307899475097656,24.309600830078125,24.293500900268555,24.309600830078125,2761,0.0,0.0,0.0
2024-02-01 13:30:00-05:00,24.308799743652344,24.308799743652344,24.29010009765625,24.29010009765625,1291,0.0,0.0,0.0
2024-02-01 14:30:00-05:00,24.309999465942383,24.309999465942383,24.29010009765625,24.29010009765625,2385,0.0,0.0,0.0
2024-02-01 15:30:00-05:00,24.309999465942383,24.309999465942383,24.309999465942383,24.309999465942383,0,0.0,0.0,0.0
2024-02-02 09:30:00-05:00,24.15999984741211,24.170000076293945,24.15999984741211,24.170000076293945,567,0.0,0.0,0.0
2024-02-02 10:30:00-05:00,24.170000076293945,24.170000076293945,24.15999984741211,24.15999984741211,499,0.0,0.0,0.0
2024-02-02 11:30:00-05:00,24.17020034790039,24.179800033569336,24.17020034790039,24.17970085144043,1023,0.0,0.0,0.0
2024-02-02 12:30:00-05:00,24.15999984741211,24.15999984741211,24.15999984741211,24.15999984741211,221,0.0,0.0,0.0
2024-02-02 13:30:00-05:00,24.170000076293945,24.190000534057617,24.170000076293945,24.190000534057617,1005,0.0,0.0,0.0
2024-02-02 14:30:00-05:00,24.19499969482422,24.19499969482422,24.190000534057617,24.19499969482422,300,0.0,0.0,0.0
2024-02-05 10:30:00-05:00,24.085899353027344,24.085899353027344,24.085899353027344,24.085899353027344,0,0.0,0.0,0.0
2024-02-05 11:30:00-05:00,24.08989906311035,24.100000381469727,24.089000701904297,24.100000381469727,4758,0.0,0.0,0.0
2024-02-05 12:30:00-05:00,24.110000610351562,24.110000610351562,24.110000610351562,24.110000610351562,101,0.0,0.0,0.0
2024-02-05 13:30:00-05:00,24.105199813842773,24.11050033569336,24.105199813842773,24.107500076293945,0,0.0,0.0,0.0
2024-02-06 10:30:00-05:00,24.149999618530273,24.15999984741211,24.139999389648438,24.15999984741211,1963,0.0,0.0,0.0
2024-02-06 11:30:00-05:00,24.159900665283203,24.159900665283203,24.159900665283203,24.159900665283203,833,0.0,0.0,0.0
2024-02-06 14:30:00-05:00,24.18440055847168,24.18440055847168,24.18440055847168,24.18440055847168,107,0.0,0.0,0.0
2024-02-06 15:30:00-05:00,24.170000076293945,24.170499801635742,24.170000076293945,24.170499801635742,152,0.0,0.0,0.0
2024-02-07 09:30:00-05:00,24.18000030517578,24.18000030517578,24.18000030517578,24.18000030517578,0,0.0,0.0,0.0
2024-02-07 10:30:00-05:00,24.18910026550293,24.189699172973633,24.174999237060547,24.189699172973633,1167,0.0,0.0,0.0
2024-02-07 11:30:00-05:00,24.15999984741211,24.16010093688965,24.15999984741211,24.16010093688965,370,0.0,0.0,0.0
2024-02-07 12:30:00-05:00,24.170000076293945,24.170000076293945,24.170000076293945,24.170000076293945,299,0.0,0.0,0.0
2024-02-07 13:30:00-05:00,24.159000396728516,24.159000396728516,24.159000396728516,24.159000396728516,433,0.0,0.0,0.0
2024-02-07 15:30:00-05:00,24.139999389648438,24.14150047302246,24.139999389648438,24.14150047302246,0,0.0,0.0,0.0
2024-02-08 09:30:00-05:00,24.149999618530273,24.149999618530273,24.139999389648438,24.149999618530273,5203,0.0,0.0,0.0
2024-02-08 10:30:00-05:00,24.135000228881836,24.138099670410156,24.124099731445312,24.138099670410156,1466,0.0,0.0,0.0
2024-02-08 11:30:00-05:00,24.135000228881836,24.135000228881836,24.135000228881836,24.135000228881836,732,0.0,0.0,0.0
2024-02-08 12:30:00-05:00,24.125,24.125,24.125,24.125,301,0.0,0.0,0.0
2024-02-08 13:30:00-05:00,24.120899200439453,24.1289005279541,24.111000061035156,24.125,1584,0.0,0.0,0.0
2024-02-08 14:30:00-05:00,24.100099563598633,24.100099563598633,24.100099563598633,24.100099563598633,107,0.0,0.0,0.0
2024-02-08 15:30:00-05:00,24.103900909423828,24.107200622558594,24.103900909423828,24.107200622558594,0,0.0,0.0,0.0
2024-02-09 09:30:00-05:00,24.090700149536133,24.1200008392334,24.090700149536133,24.1200008392334,6645,0.0,0.0,0.0
2024-02-09 10:30:00-05:00,24.104999542236328,24.106300354003906,24.094100952148438,24.094100952148438,2887,0.0,0.0,0.0
2024-02-09 11:30:00-05:00,24.105199813842773,24.105199813842773,24.100000381469727,24.100000381469727,580,0.0,0.0,0.0
2024-02-09 12:30:00-05:00,24.105899810791016,24.105899810791016,24.105899810791016,24.105899810791016,140,0.0,0.0,0.0
2024-02-09 14:30:00-05:00,24.100500106811523,24.116100311279297,24.100500106811523,24.116100311279297,871,0.0,0.0,0.0
2024-02-09 15:30:00-05:00,24.1200008392334,24.1299991607666,24.1200008392334,24.127700805664062,6966,0.0,0.0,0.0
2024-02-12 09:30:00-05:00,24.1200008392334,24.1200008392334,24.110000610351562,24.110000610351562,0,0.0,0.0,0.0
2024-02-12 10:30:00-05:00,24.11400032043457,24.11400032043457,24.100000381469727,24.100000381469727,1244,0.0,0.0,0.0
2024-02-12 11:30:00-05:00,24.129899978637695,24.129899978637695,24.129899978637695,24.129899978637695,317,0.0,0.0,0.0
2024-02-12 12:30:00-05:00,24.139999389648438,24.139999389648438,24.139999389648438,24.139999389648438,329,0.0,0.0,0.0
2024-02-12 13:30:00-05:00,24.138999938964844,24.145000457763672,24.13010025024414,24.13010025024414,362,0.0,0.0,0.0
2024-02-12 14:30:00-05:00,24.130199432373047,24.130199432373047,24.130199432373047,24.130199432373047,224,0.0,0.0,0.0
2024-02-12 15:30:00-05:00,24.13010025024414,24.13010025024414,24.1299991607666,24.1299991607666,0,0.0,0.0,0.0
2024-02-13 10:30:00-05:00,24.02079963684082,24.031099319458008,24.020099639892578,24.020099639892578,2651,0.0,0.0,0.0
2024-02-13 13:30:00-05:00,24.028799057006836,24.028799057006836,24.020000457763672,24.020000457763672,513,0.0,0.0,0.0
2024-02-13 14:30:00-05:00,23.999900817871094,23.999900817871094,23.999900817871094,23.999900817871094,147,0.0,0.0,0.0
2024-02-13 15:30:00-05:00,23.989999771118164,23.99049949645996,23.989999771118164,23.99049949645996,0,0.0,0.0,0.0
2024-02-14 09:30:00-05:00,24.028600692749023,24.03499984741211,24.028600692749023,24.03499984741211,875,0.0,0.0,0.0
2024-02-14 10:30:00-05:00,24.040000915527344,24.059499740600586,24.030000686645508,24.045000076293945,3964,0.0,0.0,0.0
2024-02-14 11:30:00-05:00,24.040000915527344,24.0403995513916,24.040000915527344,24.0403995513916,50000,0.0,0.0,0.0
2024-02-14 12:30:00-05:00,24.057199478149414,24.059999465942383,24.05500030517578,24.059999465942383,1687,0.0,0.0,0.0
2024-02-14 13:30:00-05:00,24.056699752807617,24.056699752807617,24.05299949645996,24.05299949645996,765,0.0,0.0,0.0
2024-02-14 14:30:00-05:00,24.050100326538086,24.050100326538086,24.041000366210938,24.049999237060547,1051,0.0,0.0,0.0
2024-02-14 15:30:00-05:00,24.045000076293945,24.045799255371094,24.045000076293945,24.045799255371094,24983,0.0,0.0,0.0
2024-02-15 09:30:00-05:00,24.08009910583496,24.08009910583496,24.08009910583496,24.08009910583496,0,0.0,0.0,0.0
2024-02-15 10:30:00-05:00,24.10540008544922,24.10540008544922,24.084800720214844,24.084800720214844,716,0.0,0.0,0.0
2024-02-15 11:30:00-05:00,24.07990074157715,24.087600708007812,24.07990074157715,24.079999923706055,1787,0.0,0.0,0.0
2024-02-15 13:30:00-05:00,24.09670066833496,24.09670066833496,24.09670066833496,24.09670066833496,470,0.0,0.0,0.0
2024-02-15 15:30:00-05:00,24.08289909362793,24.090999603271484,24.079999923706055,24.0841007232666,0,0.0,0.0,0.0
2024-02-16 09:30:00-05:00,24.011600494384766,24.039899826049805,24.011600494384766,24.039899826049805,1410,0.0,0.0,0.0
2024-02-16 10:30:00-05:00,24.03339958190918,24.034000396728516,24.026100158691406,24.026100158691406,1924,0.0,0.0,0.0
2024-02-16 11:30:00-05:00,24.02359962463379,24.02359962463379,24.020000457763672,24.020000457763672,669,0.0,0.0,0.0
2024-02-16 13:30:00-05:00,24.024999618530273,24.030000686645508,24.024999618530273,24.030000686645508,935,0.0,0.0,0.0
2024-02-16 15:30:00-05:00,24.024999618530273,24.024999618530273,24.0216007232666,24.024999618530273,2968,0.0,0.0,0.0
2024-02-20 09:30:00-05:00,23.979999542236328,24.00950050354004,23.979999542236328,24.00950050354004,0,0.0,0.0,0.0
2024-02-20 10:30:00-05:00,24.010000228881836,24.010000228881836,24.0,24.0,6140,0.0,0.0,0.0
2024-02-20 11:30:00-05:00,24.0049991607666,24.009899139404297,24.0,24.0,7545,0.0,0.0,0.0
2024-02-20 12:30:00-05:00,24.003400802612305,24.003400802612305,24.0,24.0,1151,0.0,0.0,0.0
2024-02-20 13:30:00-05:00,24.0049991607666,24.010000228881836,24.0049991607666,24.009899139404297,1552,0.0,0.0,0.0
2024-02-20 14:30:00-05:00,24.00040054321289,24.020000457763672,24.00040054321289,24.020000457763672,5258,0.0,0.0,0.0
2024-02-20 15:30:00-05:00,24.010000228881836,24.010000228881836,24.004600524902344,24.004600524902344,0,0.0,0.0,0.0
2024-02-21 09:30:00-05:00,24.03499984741211,24.03499984741211,24.010000228881836,24.010000228881836,5281,0.0,0.0,0.0
2024-02-21 10:30:00-05:00,24.014999389648438,24.019899368286133,24.010099411010742,24.014999389648438,2479,0.0,0.0,0.0
2024-02-21 11:30:00-05:00,24.014999389648438,24.020000457763672,23.959999084472656,23.979999542236328,426361,0.0,0.0,0.0
2024-02-21 12:30:00-05:00,23.979999542236328,23.979999542236328,23.969999313354492,23.969999313354492,493,0.0,0.0,0.0
2024-02-21 13:30:00-05:00,23.969999313354492,23.989999771118164,23.96500015258789,23.989999771118164,7092,0.0,0.0,0.0
2024-02-21 14:30:00-05:00,23.979999542236328,23.979999542236328,23.97010040283203,23.979999542236328,4361,0.0,0.0,0.0
2024-02-21 15:30:00-05:00,23.979999542236328,23.989999771118164,23.979999542236328,23.979999542236328,888,0.0,0.0,0.0
2024-02-22 09:30:00-05:00,23.96500015258789,23.96500015258789,23.954999923706055,23.954999923706055,0,0.0,0.0,0.0
2024-02-22 10:30:00-05:00,23.95989990234375,23.959999084472656,23.954999923706055,23.959400177001953,2753,0.0,0.0,0.0
2024-02-22 13:30:00-05:00,23.93000030517578,23.93000030517578,23.93000030517578,23.93000030517578,352,0.0,0.0,0.0
2024-02-22 14:30:00-05:00,23.93790054321289,23.950000762939453,23.93790054321289,23.950000762939453,993,0.0,0.0,0.0
2024-02-22 15:30:00-05:00,23.94499969482422,23.94499969482422,23.94499969482422,23.94499969482422,300,0.0,0.0,0.0
2024-02-23 09:30:00-05:00,23.950000762939453,23.950000762939453,23.950000762939453,23.950000762939453,0,0.0,0.0,0.0
2024-02-23 10:30:00-05:00,23.94499969482422,23.94499969482422,23.94499969482422,23.94499969482422,928,0.0,0.0,0.0
2024-02-23 11:30:00-05:00,23.969999313354492,23.989999771118164,23.969999313354492,23.989999771118164,1087,0.0,0.0,0.0
2024-02-23 12:30:00-05:00,23.959999084472656,23.959999084472656,23.959999084472656,23.959999084472656,1000,0.0,0.0,0.0
2024-02-23 13:30:00-05:00,23.969999313354492,23.969999313354492,23.969999313354492,23.969999313354492,718,0.0,0.0,0.0
2024-02-23 14:30:00-05:00,23.950000762939453,23.969999313354492,23.950000762939453,23.96500015258789,3960,0.0,0.0,0.0
2024-02-26 09:30:00-05:00,23.948400497436523,23.948400497436523,23.94230079650879,23.94230079650879,0,0.0,0.0,0.0
2024-02-26 10:30:00-05:00,23.959999084472656,23.959999084472656,23.940000534057617,23.940000534057617,1249,0.0,0.0,0.0
2024-02-26 12:30:00-05:00,23.944000244140625,23.944000244140625,23.944000244140625,23.944000244140625,211,0.0,0.0,0.0
2024-02-26 13:30:00-05:00,23.934999465942383,23.934999465942383,23.934999465942383,23.934999465942383,139,0.0,0.0,0.0
2024-02-26 14:30:00-05:00,23.940000534057617,23.940000534057617,23.940000534057617,23.940000534057617,134,0.0,0.0,0.0
2024-02-26 15:30:00-05:00,23.93000030517578,23.93000030517578,23.93000030517578,23.93000030517578,0,0.0,0.0,0.0
2024-02-27 10:30:00-05:00,23.95479965209961,23.95479965209961,23.95479965209961,23.95479965209961,940,0.0,0.0,0.0
2024-02-27 11:30:00-05:00,23.940000534057617,23.940000534057617,23.940000534057617,23.940000534057617,181,0.0,0.0,0.0
2024-02-27 13:30:00-05:00,23.943700790405273,23.943700790405273,23.940000534057617,23.940000534057617,0,0.0,0.0,0.0
2024-02-28 10:30:00-05:00,23.954599380493164,23.954599380493164,23.954599380493164,23.954599380493164,1789,0.0,0.0,0.0
2024-02-28 13:30:00-05:00,23.943300247192383,23.96969985961914,23.943300247192383,23.96969985961914,1561,0.0,0.0,0.0
2024-02-28 14:30:00-05:00,23.962299346923828,23.962299346923828,23.950000762939453,23.950000762939453,662,0.0,0.0,0.0
2024-02-28 15:30:00-05:00,23.969999313354492,23.969999313354492,23.959999084472656,23.959999084472656,0,0.0,0.0,0.0
2024-02-29 10:30:00-05:00,23.989999771118164,24.0,23.979999542236328,23.98900032043457,7857,0.0,0.0,0.0
2024-02-29 11:30:00-05:00,23.989999771118164,24.0,23.97599983215332,24.0,19260,0.0,0.0,0.0
2024-02-29 14:30:00-05:00,23.96500015258789,23.96500015258789,23.958599090576172,23.958599090576172,200,0.0,0.0,0.0
2024-03-01 09:30:00-05:00,23.979900360107422,23.9950008392334,23.979900360107422,23.9950008392334,0,0.0,0.0,0.0
2024-03-01 10:30:00-05:00,24.0,24.0,23.9950008392334,23.996700286865234,3215,0.0,0.0,0.0
2024-03-01 12:30:00-05:00,24.0,24.045000076293945,24.0,24.045000076293945,4337,0.0,0.0,0.0
2024-03-01 13:30:00-05:00,24.045000076293945,24.045000076293945,24.045000076293945,24.045000076293945,1655,0.0,0.0,0.0
2024-03-01 14:30:00-05:00,24.058000564575195,24.058000564575195,24.052099227905273,24.052099227905273,5901,0.0,0.0,0.0
2024-03-01 15:30:00-05:00,24.05500030517578,24.05500030517578,24.05500030517578,24.05500030517578,115,0.0,0.0,0.0
2024-03-04 09:30:00-05:00,24.010000228881836,24.010000228881836,24.010000228881836,24.010000228881836,483,0.0,0.0,0.0
2024-03-04 10:30:00-05:00,24.024999618530273,24.031400680541992,24.010000228881836,24.02389907836914,2461,0.0,0.0,0.0
2024-03-04 11:30:00-05:00,24.0,24.0,24.0,24.0,411,0.0,0.0,0.0
2024-03-04 12:30:00-05:00,24.000900268554688,24.000900268554688,24.000900268554688,24.000900268554688,244,0.0,0.0,0.0
2024-03-04 15:30:00-05:00,24.030000686645508,24.030000686645508,24.010000228881836,24.010900497436523,0,0.0,0.0,0.0
2024-03-05 09:30:00-05:00,24.06999969482422,24.06999969482422,24.06999969482422,24.06999969482422,696,0.0,0.0,0.0
2024-03-05 13:30:00-05:00,24.049999237060547,24.059999465942383,24.049999237060547,24.059999465942383,0,0.0,0.0,0.0
2024-03-06 09:30:00-05:00,24.1200008392334,24.1200008392334,24.1200008392334,24.1200008392334,312,0.0,0.0,0.0
2024-03-06 12:30:00-05:00,24.104799270629883,24.1200008392334,24.094100952148438,24.104999542236328,1877,0.0,0.0,0.0
2024-03-06 14:30:00-05:00,24.110000610351562,24.110000610351562,24.075000762939453,24.075000762939453,0,0.0,0.0,0.0
2024-03-07 10:30:00-05:00,24.085100173950195,24.11199951171875,24.085100173950195,24.11199951171875,1104,0.0,0.0,0.0
2024-03-07 11:30:00-05:00,24.111499786376953,24.1299991607666,24.111499786376953,24.1299991607666,1599,0.0,0.0,0.0
2024-03-07 13:30:00-05:00,24.09040069580078,24.125,24.09040069580078,24.125,400,0.0,0.0,0.0
2024-03-08 09:30:00-05:00,24.15999984741211,24.15999984741211,24.15999984741211,24.15999984741211,0,0.0,0.0,0.0
2024-03-08 10:30:00-05:00,24.173500061035156,24.173500061035156,24.17099952697754,24.17099952697754,669,0.0,0.0,0.0
2024-03-08 13:30:00-05:00,24.18000030517578,24.18000030517578,24.145999908447266,24.145999908447266,699,0.0,0.0,0.0
2024-03-08 14:30:00-05:00,24.155000686645508,24.155000686645508,24.155000686645508,24.155000686645508,202,0.0,0.0,0.0
2024-03-08 15:30:00-05:00,24.151100158691406,24.151100158691406,24.139999389648438,24.149999618530273,986,0.0,0.0,0.0
2024-03-11 09:30:00-04:00,24.149999618530273,24.149999618530273,24.1299991607666,24.14459991455078,0,0.0,0.0,0.0
2024-03-11 10:30:00-04:00,24.144699096679688,24.144699096679688,24.139999389648438,24.139999389648438,1065,0.0,0.0,0.0
2024-03-11 14:30:00-04:00,24.142200469970703,24.142200469970703,24.142200469970703,24.142200469970703,101,0.0,0.0,0.0
2024-03-11 15:30:00-04:00,24.139999389648438,24.139999389648438,24.135000228881836,24.135000228881836,214,0.0,0.0,0.0
2024-03-12 09:30:00-04:00,24.100000381469727,24.100000381469727,24.100000381469727,24.100000381469727,0,0.0,0.0,0.0
2024-03-12 10:30:00-04:00,24.1299991607666,24.1299991607666,24.1299991607666,24.1299991607666,149,0.0,0.0,0.0
2024-03-12 11:30:00-04:00,24.094900131225586,24.11989974975586,24.079999923706055,24.11989974975586,1533,0.0,0.0,0.0
2024-03-12 12:30:00-04:00,24.0841007232666,24.0841007232666,24.0841007232666,24.0841007232666,189,0.0,0.0,0.0
2024-03-12 13:30:00-04:00,24.094999313354492,24.106399536132812,24.073699951171875,24.073699951171875,5582,0.0,0.0,0.0
2024-03-12 14:30:00-04:00,24.110000610351562,24.110000610351562,24.110000610351562,24.110000610351562,406,0.0,0.0,0.0
2024-03-12 15:30:00-04:00,24.06999969482422,24.09000015258789,24.06999969482422,24.09000015258789,4679,0.0,0.0,0.0
2024-03-13 09:30:00-04:00,24.079999923706055,24.079999923706055,24.075199127197266,24.075199127197266,0,0.0,0.0,0.0
2024-03-13 10:30:00-04:00,24.103099822998047,24.103099822998047,24.0851993560791,24.102500915527344,483,0.0,0.0,0.0
2024-03-13 11:30:00-04:00,24.09309959411621,24.09309959411621,24.09309959411621,24.09309959411621,176,0.0,0.0,0.0
2024-03-13 12:30:00-04:00,24.110000610351562,24.110000610351562,24.110000610351562,24.110000610351562,500,0.0,0.0,0.0
2024-03-13 13:30:00-04:00,24.09000015258789,24.09000015258789,24.079999923706055,24.079999923706055,1826,0.0,0.0,0.0
2024-03-13 14:30:00-04:00,24.07699966430664,24.07699966430664,24.07699966430664,24.07699966430664,134,0.0,0.0,0.0
2024-03-13 15:30:00-04:00,24.07390022277832,24.07390022277832,24.06999969482422,24.06999969482422,0,0.0,0.0,0.0
2024-03-14 09:30:00-04:00,24.03499984741211,24.03499984741211,24.03499984741211,24.03499984741211,102,0.0,0.0,0.0
2024-03-14 10:30:00-04:00,24.036300659179688,24.036300659179688,24.034500122070312,24.034500122070312,2074,0.0,0.0,0.0
2024-03-14 11:30:00-04:00,24.02079963684082,24.02079963684082,24.02079963684082,24.02079963684082,426,0.0,0.0,0.0
2024-03-14 12:30:00-04:00,24.024999618530273,24.024999618530273,24.024999618530273,24.024999618530273,0,0.0,0.0,0.0
2024-03-15 10:30:00-04:00,23.989999771118164,23.989999771118164,23.989999771118164,23.989999771118164,174,0.0,0.0,0.0
2024-03-15 11:30:00-04:00,24.02989959716797,24.02989959716797,23.989999771118164,24.014999389648438,1731,0.0,0.0,0.0
2024-03-15 14:30:00-04:00,24.014999389648438,24.014999389648438,24.014999389648438,24.014999389648438,205,0.0,0.0,0.0
2024-03-15 15:30:00-04:00,24.030000686645508,24.030000686645508,24.012100219726562,24.012100219726562,547,0.0,0.0,0.0
2024-03-18 15:30:00-04:00,23.90719985961914,23.911800384521484,23.889999389648438,23.911800384521484,0,0.0,0.0,0.0
2024-03-19 10:30:00-04:00,23.95159912109375,23.95159912109375,23.95159912109375,23.95159912109375,0,0.0,0.0,0.0
2024-03-19 11:30:00-04:00,23.954999923706055,23.960899353027344,23.954999923706055,23.96030044555664,139,0.0,0.0,0.0
2024-03-20 11:30:00-04:00,23.940000534057617,23.96820068359375,23.940000534057617,23.95039939880371,815,0.0,0.0,0.0
2024-03-20 12:30:00-04:00,23.959999084472656,23.959999084472656,23.954099655151367,23.954099655151367,621,0.0,0.0,0.0
2024-03-20 13:30:00-04:00,23.940000534057617,23.940000534057617,23.940000534057617,23.940000534057617,135,0.0,0.0,0.0
2024-03-20 14:30:00-04:00,23.969999313354492,23.969999313354492,23.969999313354492,23.969999313354492,341,0.0,0.0,0.0
2024-03-20 15:30:00-04:00,23.9950008392334,23.995500564575195,23.9950008392334,23.995500564575195,0,0.0,0.0,0.0
2024-03-21 10:30:00-04:00,24.030000686645508,24.030000686645508,24.005699157714844,24.005699157714844,1600,0.0,0.0,0.0
2024-03-21 11:30:00-04:00,24.003799438476562,24.010000228881836,24.003799438476562,24.010000228881836,863,0.0,0.0,0.0
2024-03-21 12:30:00-04:00,24.025999069213867,24.030000686645508,24.025999069213867,24.02989959716797,1230,0.0,0.0,0.0
2024-03-21 13:30:00-04:00,24.010000228881836,24.010000228881836,24.010000228881836,24.010000228881836,253,0.0,0.0,0.0
2024-03-21 15:30:00-04:00,24.0,24.006000518798828,24.0,24.006000518798828,0,0.0,0.0,0.0
2024-03-22 09:30:00-04:00,24.059999465942383,24.079999923706055,24.059999465942383,24.059999465942383,2790,0.0,0.0,0.0
2024-03-22 10:30:00-04:00,24.049999237060547,24.065000534057617,24.040000915527344,24.065000534057617,435,0.0,0.0,0.0
2024-03-22 11:30:00-04:00,24.06999969482422,24.06999969482422,24.040000915527344,24.040000915527344,325,0.0,0.0,0.0
2024-03-22 12:30:00-04:00,24.040000915527344,24.079999923706055,24.040000915527344,24.079999923706055,817,0.0,0.0,0.0
2024-03-22 13:30:00-04:00,24.040000915527344,24.079999923706055,24.040000915527344,24.046100616455078,1783,0.0,0.0,0.0
2024-03-22 14:30:00-04:00,24.06800079345703,24.06800079345703,24.040000915527344,24.051599502563477,1253,0.0,0.0,0.0
2024-03-25 10:30:00-04:00,24.0408992767334,24.0408992767334,24.0408992767334,24.0408992767334,0,0.0,0.0,0.0
2024-03-25 11:30:00-04:00,24.042400360107422,24.042400360107422,24.010000228881836,24.010000228881836,4263,0.0,0.0,0.0
2024-03-25 12:30:00-04:00,24.030000686645508,24.044700622558594,24.030000686645508,24.044700622558594,442,0.0,0.0,0.0
2024-03-25 13:30:00-04:00,24.049999237060547,24.049999237060547,24.049999237060547,24.049999237060547,218,0.0,0.0,0.0
2024-03-25 14:30:00-04:00,24.030000686645508,24.033100128173828,24.02739906311035,24.02739906311035,0,0.0,0.0,0.0
2024-03-26 09:30:00-04:00,24.0,24.0,24.0,24.0,155,0.0,0.0,0.0
2024-03-26 10:30:00-04:00,24.030000686645508,24.030000686645508,24.030000686645508,24.030000686645508,370,0.0,0.0,0.0
2024-03-26 11:30:00-04:00,24.0,24.0,24.0,24.0,101,0.0,0.0,0.0
2024-03-26 12:30:00-04:00,24.018800735473633,24.032899856567383,24.018800735473633,24.032899856567383,5308,0.0,0.0,0.0
2024-03-26 14:30:00-04:00,24.00149917602539,24.035600662231445,24.00149917602539,24.035600662231445,455,0.0,0.0,0.0
2024-03-26 15:30:00-04:00,24.010000228881836,24.030000686645508,24.010000228881836,24.030000686645508,0,0.0,0.0,0.0
2024-03-27 10:30:00-04:00,24.040000915527344,24.040000915527344,24.040000915527344,24.040000915527344,187,0.0,0.0,0.0
2024-03-27 11:30:00-04:00,24.049999237060547,24.049999237060547,24.042999267578125,24.042999267578125,452,0.0,0.0,0.0
2024-03-27 12:30:00-04:00,24.059999465942383,24.059999465942383,24.059999465942383,24.059999465942383,352,0.0,0.0,0.0
2024-03-27 14:30:00-04:00,24.059999465942383,24.059999465942383,24.059999465942383,24.059999465942383,258,0.0,0.0,0.0
2024-03-27 15:30:00-04:00,24.06999969482422,24.079999923706055,24.06999969482422,24.079999923706055,0,0.0,0.0,0.0
2024-03-28 09:30:00-04:00,24.06999969482422,24.06999969482422,24.06999969482422,24.06999969482422,229,0.0,0.0,0.0
2024-03-28 10:30:00-04:00,24.059999465942383,24.088199615478516,24.059999465942383,24.07670021057129,3219,0.0,0.0,0.0
2024-03-28 13:30:00-04:00,24.06999969482422,24.06999969482422,24.06170082092285,24.06170082092285,456,0.0,0.0,0.0
2024-04-01 09:30:00-04:00,23.979999542236328,23.999000549316406,23.979999542236328,23.980100631713867,0,0.0,0.0,0.0
2024-04-01 11:30:00-04:00,23.950000762939453,23.968000411987305,23.93000030517578,23.950000762939453,2322,0.0,0.0,0.0
2024-04-01 15:30:00-04:00,23.96299934387207,23.96299934387207,23.96299934387207,23.96299934387207,0,0.0,0.0,0.0
2024-04-02 09:30:00-04:00,23.969999313354492,23.969999313354492,23.935300827026367,23.935300827026367,417,0.0,0.0,0.0
2024-04-02 11:30:00-04:00,23.959999084472656,23.97879981994629,23.959999084472656,23.96619987487793,2284,0.0,0.0,0.0
2024-04-02 12:30:00-04:00,23.959999084472656,23.959999084472656,23.959999084472656,23.959999084472656,315,0.0,0.0,0.0
2024-04-02 13:30:00-04:00,23.969999313354492,23.979999542236328,23.969999313354492,23.979999542236328,554,0.0,0.0,0.0
2024-04-02 15:30:00-04:00,23.969999313354492,23.971599578857422,23.969999313354492,23.971599578857422,0,0.0,0.0,0.0
2024-04-03 10:30:00-04:00,23.959999084472656,23.969999313354492,23.95989990234375,23.969999313354492,1544,0.0,0.0,0.0
2024-04-03 11:30:00-04:00,23.979999542236328,23.979999542236328,23.979999542236328,23.979999542236328,1200,0.0,0.0,0.0
2024-04-03 12:30:00-04:00,23.989999771118164,23.989999771118164,23.980300903320312,23.980300903320312,500,0.0,0.0,0.0
2024-04-03 14:30:00-04:00,24.0,24.0,24.0,24.0,311,0.0,0.0,0.0
2024-04-03 15:30:00-04:00,23.989999771118164,24.0,23.979999542236328,24.0,0,0.0,0.0,0.0
2024-04-04 11:30:00-04:00,23.989999771118164,23.996299743652344,23.989999771118164,23.996299743652344,751,0.0,0.0,0.0
2024-04-04 13:30:00-04:00,23.987199783325195,23.987199783325195,23.979999542236328,23.979999542236328,966,0.0,0.0,0.0
2024-04-04 14:30:00-04:00,24.0,24.0,24.0,24.0,400,0.0,0.0,0.0
2024-04-04 15:30:00-04:00,24.010000228881836,24.010000228881836,24.010000228881836,24.010000228881836,0,0.0,0.0,0.0
2024-04-05 10:30:00-04:00,23.975000381469727,23.979999542236328,23.975000381469727,23.979900360107422,352,0.0,0.0,0.0
2024-04-05 11:30:00-04:00,23.985000610351562,23.985000610351562,23.979999542236328,23.983600616455078,485,0.0,0.0,0.0
2024-04-05 13:30:00-04:00,23.979999542236328,23.979999542236328,23.979999542236328,23.979999542236328,129,0.0,0.0,0.0
2024-04-05 15:30:00-04:00,23.9606990814209,23.975000381469727,23.9606990814209,23.975000381469727,879,0.0,0.0,0.0
2024-04-08 09:30:00-04:00,23.90999984741211,23.90999984741211,23.90999984741211,23.90999984741211,0,0.0,0.0,0.0
2024-04-08 10:30:00-04:00,23.940000534057617,23.940000534057617,23.933000564575195,23.940000534057617,1164,0.0,0.0,0.0
2024-04-08 11:30:00-04:00,23.93000030517578,23.939899444580078,23.93000030517578,23.939899444580078,690,0.0,0.0,0.0
2024-04-08 12:30:00-04:00,23.920000076293945,23.93000030517578,23.920000076293945,23.920000076293945,7829,0.0,0.0,0.0
2024-04-08 13:30:00-04:00,23.940000534057617,23.940000534057617,23.940000534057617,23.940000534057617,100,0.0,0.0,0.0
2024-04-08 14:30:00-04:00,23.940099716186523,23.946500778198242,23.930700302124023,23.930700302124023,0,0.0,0.0,0.0
2024-04-09 09:30:00-04:00,23.997800827026367,23.997800827026367,23.968900680541992,23.968900680541992,770,0.0,0.0,0.0
2024-04-09 10:30:00-04:00,23.98310089111328,23.98310089111328,23.959999084472656,23.972000122070312,3406,0.0,0.0,0.0
2024-04-09 11:30:00-04:00,23.969999313354492,23.989999771118164,23.969999313354492,23.974000930786133,911,0.0,0.0,0.0
2024-04-09 13:30:00-04:00,23.97610092163086,23.979999542236328,23.969999313354492,23.979999542236328,742,0.0,0.0,0.0
2024-04-09 14:30:00-04:00,23.977500915527344,23.977500915527344,23.977500915527344,23.977500915527344,135,0.0,0.0,0.0
2024-04-09 15:30:00-04:00,23.989999771118164,23.989999771118164,23.96299934387207,23.979799270629883,612,0.0,0.0,0.0
2024-04-10 09:30:00-04:00,23.8700008392334,23.8700008392334,23.8700008392334,23.8700008392334,0,0.0,0.0,0.0
2024-04-10 10:30:00-04:00,23.830400466918945,23.8439998626709,23.830400466918945,23.84239959716797,550,0.0,0.0,0.0
2024-04-10 11:30:00-04:00,23.84000015258789,23.84000015258789,23.84000015258789,23.84000015258789,216,0.0,0.0,0.0
2024-04-10 13:30:00-04:00,23.793399810791016,23.793399810791016,23.793399810791016,23.793399810791016,314,0.0,0.0,0.0
2024-04-10 14:30:00-04:00,23.78179931640625,23.799999237060547,23.780399322509766,23.799999237060547,6339,0.0,0.0,0.0
2024-04-10 15:30:00-04:00,23.790000915527344,23.791500091552734,23.790000915527344,23.791500091552734,0,0.0,0.0,0.0
2024-04-11 11:30:00-04:00,23.783599853515625,23.797700881958008,23.783599853515625,23.797700881958008,758,0.0,0.0,0.0
2024-04-11 14:30:00-04:00,23.803699493408203,23.803699493408203,23.795000076293945,23.795000076293945,318,0.0,0.0,0.0
2024-04-12 09:30:00-04:00,23.850000381469727,23.850000381469727,23.850000381469727,23.850000381469727,482,0.0,0.0,0.0
2024-04-12 10:30:00-04:00,23.836000442504883,23.836000442504883,23.836000442504883,23.836000442504883,129,0.0,0.0,0.0
2024-04-12 11:30:00-04:00,23.84320068359375,23.84320068359375,23.841699600219727,23.841699600219727,477,0.0,0.0,0.0
2024-04-12 13:30:00-04:00,23.860000610351562,23.860000610351562,23.850000381469727,23.850000381469727,1200,0.0,0.0,0.0
2024-04-12 15:30:00-04:00,23.844999313354492,23.844999313354492,23.844999313354492,23.844999313354492,200,0.0,0.0,0.0
2024-04-15 09:30:00-04:00,23.780000686645508,23.780000686645508,23.780000686645508,23.780000686645508,0,0.0,0.0,0.0
2024-04-15 10:30:00-04:00,23.75979995727539,23.774999618530273,23.75979995727539,23.774999618530273,255,0.0,0.0,0.0
2024-04-15 11:30:00-04:00,23.780000686645508,23.780000686645508,23.75,23.760000228881836,31686,0.0,0.0,0.0
2024-04-15 12:30:00-04:00,23.760000228881836,23.760000228881836,23.760000228881836,23.760000228881836,207,0.0,0.0,0.0
2024-04-15 13:30:00-04:00,23.760000228881836,23.760000228881836,23.75,23.75,487,0.0,0.0,0.0
2024-04-15 14:30:00-04:00,23.739999771118164,23.75,23.739999771118164,23.75,306,0.0,0.0,0.0
2024-04-15 15:30:00-04:00,23.739999771118164,23.75,23.739999771118164,23.739999771118164,0,0.0,0.0,0.0
2024-04-16 09:30:00-04:00,23.729999542236328,23.729999542236328,23.729999542236328,23.729999542236328,238,0.0,0.0,0.0
2024-04-16 10:30:00-04:00,23.739500045776367,23.739500045776367,23.719999313354492,23.719999313354492,800,0.0,0.0,0.0
2024-04-16 11:30:00-04:00,23.735000610351562,23.735000610351562,23.719999313354492,23.735000610351562,929,0.0,0.0,0.0
2024-04-16 12:30:00-04:00,23.725000381469727,23.725000381469727,23.725000381469727,23.725000381469727,146,0.0,0.0,0.0
2024-04-16 13:30:00-04:00,23.719999313354492,23.719999313354492,23.719999313354492,23.719999313354492,325,0.0,0.0,0.0
2024-04-16 14:30:00-04:00,23.719999313354492,23.719999313354492,23.71500015258789,23.71500015258789,1986,0.0,0.0,0.0
2024-04-16 15:30:00-04:00,23.719999313354492,23.719999313354492,23.719999313354492,23.719999313354492,0,0.0,0.0,0.0
2024-04-17 11:30:00-04:00,23.771699905395508,23.785999298095703,23.760000228881836,23.780000686645508,2443,0.0,0.0,0.0
2024-04-17 12:30:00-04:00,23.780000686645508,23.78499984741211,23.770099639892578,23.780000686645508,1285,0.0,0.0,0.0
2024-04-17 13:30:00-04:00,23.780000686645508,23.790000915527344,23.780000686645508,23.780000686645508,4281,0.0,0.0,0.0
2024-04-17 14:30:00-04:00,23.780000686645508,23.790000915527344,23.780000686645508,23.780000686645508,0,0.0,0.0,0.0
2024-04-18 09:30:00-04:00,23.739999771118164,23.75,23.739999771118164,23.746299743652344,820,0.0,0.0,0.0
2024-04-18 10:30:00-04:00,23.75,23.75,23.739999771118164,23.739999771118164,1922,0.0,0.0,0.0
2024-04-18 11:30:00-04:00,23.7450008392334,23.7450008392334,23.739999771118164,23.7450008392334,558,0.0,0.0,0.0
2024-04-18 12:30:00-04:00,23.739999771118164,23.748300552368164,23.739999771118164,23.739999771118164,593,0.0,0.0,0.0
2024-04-18 13:30:00-04:00,23.739999771118164,23.75,23.729999542236328,23.75,872,0.0,0.0,0.0
2024-04-18 14:30:00-04:00,23.739999771118164,23.7450008392334,23.729999542236328,23.7450008392334,691,0.0,0.0,0.0
2024-04-19 09:30:00-04:00,23.79990005493164,23.79990005493164,23.774799346923828,23.774799346923828,0,0.0,0.0,0.0
2024-04-19 10:30:00-04:00,23.78219985961914,23.78219985961914,23.760000228881836,23.760000228881836,711,0.0,0.0,0.0
2024-04-19 11:30:00-04:00,23.780000686645508,23.780000686645508,23.780000686645508,23.780000686645508,391,0.0,0.0,0.0
2024-04-19 14:30:00-04:00,23.781200408935547,23.781200408935547,23.760000228881836,23.770000457763672,923,0.0,0.0,0.0
2024-04-22 10:30:00-04:00,23.71500015258789,23.71500015258789,23.700000762939453,23.700000762939453,0,0.0,0.0,0.0
2024-04-22 11:30:00-04:00,23.724000930786133,23.724000930786133,23.724000930786133,23.724000930786133,262,0.0,0.0,0.0
2024-04-22 13:30:00-04:00,23.712600708007812,23.712600708007812,23.709999084472656,23.709999084472656,1003,0.0,0.0,0.0
2024-04-22 14:30:00-04:00,23.7106990814209,23.719999313354492,23.7106990814209,23.719999313354492,0,0.0,0.0,0.0
2024-04-23 09:30:00-04:00,23.729999542236328,23.729999542236328,23.729999542236328,23.729999542236328,191,0.0,0.0,0.0
2024-04-23 10:30:00-04:00,23.780000686645508,23.780000686645508,23.780000686645508,23.780000686645508,276,0.0,0.0,0.0
2024-04-23 11:30:00-04:00,23.770000457763672,23.770000457763672,23.750999450683594,23.750999450683594,435,0.0,0.0,0.0
2024-04-23 14:30:00-04:00,23.790000915527344,23.790000915527344,23.76959991455078,23.76959991455078,0,0.0,0.0,0.0
2024-04-24 10:30:00-04:00,23.709999084472656,23.71030044555664,23.709999084472656,23.71030044555664,1234,0.0,0.0,0.0
2024-04-24 11:30:00-04:00,23.725000381469727,23.725000381469727,23.725000381469727,23.725000381469727,301,0.0,0.0,0.0
2024-04-24 13:30:00-04:00,23.709999084472656,23.709999084472656,23.709999084472656,23.709999084472656,191,0.0,0.0,0.0
2024-04-24 14:30:00-04:00,23.725000381469727,23.729999542236328,23.725000381469727,23.729999542236328,0,0.0,0.0,0.0
2024-04-25 10:30:00-04:00,23.66390037536621,23.690000534057617,23.66390037536621,23.68400001525879,1212,0.0,0.0,0.0
2024-04-25 11:30:00-04:00,23.670000076293945,23.68000030517578,23.670000076293945,23.68000030517578,367,0.0,0.0,0.0
2024-04-25 12:30:00-04:00,23.690000534057617,23.719999313354492,23.690000534057617,23.719999313354492,291,0.0,0.0,0.0
2024-04-25 14:30:00-04:00,23.700000762939453,23.700000762939453,23.700000762939453,23.700000762939453,406,0.0,0.0,0.0
2024-04-25 15:30:00-04:00,23.690099716186523,23.690099716186523,23.690000534057617,23.690000534057617,1028,0.0,0.0,0.0
2024-04-26 09:30:00-04:00,23.760000228881836,23.760000228881836,23.760000228881836,23.760000228881836,0,0.0,0.0,0.0
2024-04-26 10:30:00-04:00,23.722299575805664,23.739999771118164,23.722299575805664,23.739999771118164,487,0.0,0.0,0.0
2024-04-26 11:30:00-04:00,23.72100067138672,23.72100067138672,23.72100067138672,23.72100067138672,100,0.0,0.0,0.0
2024-04-26 13:30:00-04:00,23.71929931640625,23.724899291992188,23.709999084472656,23.724899291992188,1401,0.0,0.0,0.0
2024-04-26 14:30:00-04:00,23.721500396728516,23.730600357055664,23.709999084472656,23.730600357055664,589,0.0,0.0,0.0
2024-04-29 09:30:00-04:00,23.739999771118164,23.739999771118164,23.739999771118164,23.739999771118164,0,0.0,0.0,0.0
2024-04-29 10:30:00-04:00,23.785600662231445,23.785600662231445,23.750699996948242,23.760000228881836,2001,0.0,0.0,0.0
2024-04-29 11:30:00-04:00,23.750999450683594,23.750999450683594,23.750999450683594,23.750999450683594,194,0.0,0.0,0.0
2024-04-29 13:30:00-04:00,23.76569938659668,23.76569938659668,23.760000228881836,23.760000228881836,1146,0.0,0.0,0.0
2024-04-29 14:30:00-04:00,23.760000228881836,23.774999618530273,23.760000228881836,23.774999618530273,250,0.0,0.0,0.0
2024-04-30 09:30:00-04:00,23.719999313354492,23.719999313354492,23.719999313354492,23.719999313354492,0,0.0,0.0,0.0
2024-04-30 10:30:00-04:00,23.729799270629883,23.729799270629883,23.709999084472656,23.709999084472656,1194,0.0,0.0,0.0
2024-04-30 11:30:00-04:00,23.743099212646484,23.743099212646484,23.729999542236328,23.729999542236328,435,0.0,0.0,0.0
2024-04-30 14:30:00-04:00,23.739599227905273,23.760000228881836,23.720199584960938,23.720199584960938,0,0.0,0.0,0.0
2024-05-01 10:30:00-04:00,23.732099533081055,23.732099533081055,23.732099533081055,23.732099533081055,374,0.0,0.0,0.0
2024-05-01 11:30:00-04:00,23.73080062866211,23.73080062866211,23.73080062866211,23.73080062866211,243,0.0,0.0,0.0
2024-05-01 12:30:00-04:00,23.71500015258789,23.719900131225586,23.71500015258789,23.719900131225586,361,0.0,0.0,0.0
2024-05-01 13:30:00-04:00,23.739999771118164,23.75,23.736900329589844,23.736900329589844,552,0.0,0.0,0.0
2024-05-01 14:30:00-04:00,23.799999237060547,23.799999237060547,23.78969955444336,23.78969955444336,0,0.0,0.0,0.0
2024-05-02 10:30:00-04:00,23.825000762939453,23.829999923706055,23.809999465942383,23.809999465942383,1413,0.0,0.0,0.0
2024-05-02 11:30:00-04:00,23.810300827026367,23.810300827026367,23.809999465942383,23.809999465942383,891,0.0,0.0,0.0
2024-05-02 13:30:00-04:00,23.850000381469727,23.8700008392334,23.84000015258789,23.85580062866211,2002,0.0,0.0,0.0
2024-05-02 15:30:00-04:00,23.84239959716797,23.859899520874023,23.84239959716797,23.859899520874023,150,0.0,0.0,0.0
2024-05-03 09:30:00-04:00,23.950000762939453,23.950000762939453,23.950000762939453,23.950000762939453,0,0.0,0.0,0.0
2024-05-03 10:30:00-04:00,23.950000762939453,23.950000762939453,23.941999435424805,23.941999435424805,1342,0.0,0.0,0.0
2024-05-03 11:30:00-04:00,23.933500289916992,23.933500289916992,23.933500289916992,23.933500289916992,244,0.0,0.0,0.0
2024-05-03 12:30:00-04:00,23.90999984741211,23.90999984741211,23.90999984741211,23.90999984741211,199,0.0,0.0,0.0
2024-05-03 13:30:00-04:00,23.937999725341797,23.937999725341797,23.920499801635742,23.937000274658203,563,0.0,0.0,0.0
2024-05-06 09:30:00-04:00,23.950000762939453,23.950000762939453,23.920000076293945,23.93000030517578,0,0.0,0.0,0.0
2024-05-06 10:30:00-04:00,23.920000076293945,23.949899673461914,23.90999984741211,23.920000076293945,1510,0.0,0.0,0.0
2024-05-06 11:30:00-04:00,23.920000076293945,23.93000030517578,23.90999984741211,23.93000030517578,889,0.0,0.0,0.0
2024-05-06 12:30:00-04:00,23.920000076293945,23.93000030517578,23.920000076293945,23.93000030517578,672,0.0,0.0,0.0
2024-05-06 13:30:00-04:00,23.93000030517578,23.959999084472656,23.920000076293945,23.959999084472656,1260,0.0,0.0,0.0
2024-05-06 14:30:00-04:00,23.940000534057617,23.940000534057617,23.93000030517578,23.93000030517578,907,0.0,0.0,0.0
2024-05-06 15:30:00-04:00,23.93000030517578,23.952800750732422,23.920000076293945,23.93199920654297,933,0.0,0.0,0.0
2024-05-07 09:30:00-04:00,23.969999313354492,23.969999313354492,23.960399627685547,23.960399627685547,0,0.0,0.0,0.0
2024-05-07 10:30:00-04:00,23.969999313354492,23.975000381469727,23.967199325561523,23.975000381469727,772,0.0,0.0,0.0
2024-05-07 14:30:00-04:00,23.940000534057617,23.968000411987305,23.940000534057617,23.954999923706055,0,0.0,0.0,0.0
2024-05-08 10:30:00-04:00,23.9325008392334,23.9325008392334,23.9325008392334,23.9325008392334,127,0.0,0.0,0.0
2024-05-08 11:30:00-04:00,23.95680046081543,23.95680046081543,23.944900512695312,23.944900512695312,0,0.0,0.0,0.0
2024-05-09 10:30:00-04:00,23.961999893188477,23.961999893188477,23.961999893188477,23.961999893188477,791,0.0,0.0,0.0
2024-05-09 11:30:00-04:00,23.96500015258789,23.96500015258789,23.950000762939453,23.950000762939453,551,0.0,0.0,0.0
2024-05-09 14:30:00-04:00,23.967599868774414,23.967599868774414,23.950000762939453,23.960500717163086,0,0.0,0.0,0.0
2024-05-10 10:30:00-04:00,23.924999237060547,23.924999237060547,23.90999984741211,23.924999237060547,1203,0.0,0.0,0.0
2024-05-10 11:30:00-04:00,23.90999984741211,23.93000030517578,23.899999618530273,23.93000030517578,7805,0.0,0.0,0.0
2024-05-10 12:30:00-04:00,23.915000915527344,23.920000076293945,23.90519905090332,23.90519905090332,1414,0.0,0.0,0.0
2024-05-10 13:30:00-04:00,23.90999984741211,23.90999984741211,23.90999984741211,23.90999984741211,644,0.0,0.0,0.0
2024-05-10 14:30:00-04:00,23.899999618530273,23.899999618530273,23.899999618530273,23.899999618530273,196,0.0,0.0,0.0
2024-05-10 15:30:00-04:00,23.90999984741211,23.90999984741211,23.90999984741211,23.90999984741211,210,0.0,0.0,0.0
2024-05-13 11:30:00-04:00,23.93239974975586,23.940000534057617,23.93239974975586,23.940000534057617,1363,0.0,0.0,0.0
2024-05-13 15:30:00-04:00,23.915000915527344,23.915000915527344,23.915000915527344,23.915000915527344,0,0.0,0.0,0.0
2024-05-14 11:30:00-04:00,23.94809913635254,23.94809913635254,23.940099716186523,23.940099716186523,534,0.0,0.0,0.0
2024-05-14 14:30:00-04:00,23.969999313354492,23.969999313354492,23.95159912109375,23.954999923706055,0,0.0,0.0,0.0
2024-05-15 10:30:00-04:00,24.05579948425293,24.05579948425293,24.04210090637207,24.04210090637207,2157,0.0,0.0,0.0
2024-05-15 13:30:00-04:00,24.040000915527344,24.040000915527344,24.040000915527344,24.040000915527344,115,0.0,0.0,0.0
2024-05-15 14:30:00-04:00,24.030099868774414,24.045000076293945,24.030099868774414,24.045000076293945,2702,0.0,0.0,0.0
2024-05-15 15:30:00-04:00,24.035499572753906,24.049999237060547,24.035499572753906,24.049400329589844,0,0.0,0.0,0.0
2024-05-16 10:30:00-04:00,24.035999298095703,24.04159927368164,24.030000686645508,24.030000686645508,1620,0.0,0.0,0.0
2024-05-16 12:30:00-04:00,24.040000915527344,24.040000915527344,24.020000457763672,24.020000457763672,470,0.0,0.0,0.0
2024-05-16 13:30:00-04:00,24.030000686645508,24.030000686645508,24.019899368286133,24.019899368286133,0,0.0,0.0,0.0
2024-05-17 09:30:00-04:00,24.023700714111328,24.023700714111328,24.023700714111328,24.023700714111328,646,0.0,0.0,0.0
2024-05-17 10:30:00-04:00,24.010000228881836,24.019800186157227,24.000999450683594,24.000999450683594,688,0.0,0.0,0.0
2024-05-17 13:30:00-04:00,24.0049991607666,24.0049991607666,24.0,24.0,106,0.0,0.0,0.0
2024-05-20 09:30:00-04:00,23.91010093688965,23.91010093688965,23.91010093688965,23.91010093688965,0,0.0,0.0,0.0
2024-05-20 10:30:00-04:00,23.93000030517578,23.93000030517578,23.93000030517578,23.93000030517578,104,0.0,0.0,0.0
2024-05-20 11:30:00-04:00,23.92009925842285,23.92009925842285,23.915000915527344,23.915000915527344,548,0.0,0.0,0.0
2024-05-20 13:30:00-04:00,23.926000595092773,23.93000030517578,23.90999984741211,23.93000030517578,2092,0.0,0.0,0.0
2024-05-20 15:30:00-04:00,23.920000076293945,23.93000030517578,23.9197998046875,23.9197998046875,0,0.0,0.0,0.0
2024-05-21 11:30:00-04:00,23.937000274658203,23.937000274658203,23.93000030517578,23.93000030517578,878,0.0,0.0,0.0
2024-05-21 15:30:00-04:00,23.940000534057617,23.940000534057617,23.939599990844727,23.939599990844727,0,0.0,0.0,0.0
2024-05-22 10:30:00-04:00,23.921199798583984,23.921199798583984,23.90999984741211,23.920000076293945,1815,0.0,0.0,0.0
2024-05-22 11:30:00-04:00,23.90999984741211,23.90999984741211,23.90999984741211,23.90999984741211,100,0.0,0.0,0.0
2024-05-22 12:30:00-04:00,23.920000076293945,23.937000274658203,23.910999298095703,23.910999298095703,3138,0.0,0.0,0.0
2024-05-22 14:30:00-04:00,23.911699295043945,23.911699295043945,23.911699295043945,23.911699295043945,0,0.0,0.0,0.0
2024-05-23 10:30:00-04:00,23.84309959411621,23.85260009765625,23.84000015258789,23.84000015258789,982,0.0,0.0,0.0
2024-05-23 13:30:00-04:00,23.860000610351562,23.860000610351562,23.860000610351562,23.860000610351562,172,0.0,0.0,0.0
2024-05-23 14:30:00-04:00,23.8700008392334,23.8700008392334,23.858999252319336,23.858999252319336,1651,0.0,0.0,0.0
2024-05-24 09:30:00-04:00,23.8700008392334,23.8700008392334,23.860000610351562,23.860000610351562,370,0.0,0.0,0.0
2024-05-24 10:30:00-04:00,23.8799991607666,23.8799991607666,23.8533992767334,23.879899978637695,2630,0.0,0.0,0.0
2024-05-24 11:30:00-04:00,23.850000381469727,23.856300354003906,23.850000381469727,23.850000381469727,818,0.0,0.0,0.0
2024-05-24 13:30:00-04:00,23.875900268554688,23.875900268554688,23.860000610351562,23.860000610351562,259,0.0,0.0,0.0
2024-05-28 10:30:00-04:00,23.870100021362305,23.899900436401367,23.8700008392334,23.899900436401367,895,0.0,0.0,0.0
2024-05-28 11:30:00-04:00,23.8700008392334,23.8700008392334,23.8700008392334,23.8700008392334,327,0.0,0.0,0.0
2024-05-28 12:30:00-04:00,23.863000869750977,23.863000869750977,23.860000610351562,23.860000610351562,929,0.0,0.0,0.0
2024-05-28 14:30:00-04:00,23.834999084472656,23.834999084472656,23.81999969482422,23.829999923706055,7808,0.0,0.0,0.0
2024-05-28 15:30:00-04:00,23.84000015258789,23.84000015258789,23.829999923706055,23.829999923706055,0,0.0,0.0,0.0
2024-05-29 10:30:00-04:00,23.811199188232422,23.811199188232422,23.811199188232422,23.811199188232422,359,0.0,0.0,0.0
2024-05-29 11:30:00-04:00,23.80500030517578,23.80500030517578,23.790000915527344,23.790000915527344,306,0.0,0.0,0.0
2024-05-29 13:30:00-04:00,23.799999237060547,23.809999465942383,23.780000686645508,23.788999557495117,3914,0.0,0.0,0.0
2024-05-29 14:30:00-04:00,23.799999237060547,23.799999237060547,23.799999237060547,23.799999237060547,0,0.0,0.0,0.0
2024-05-30 10:30:00-04:00,23.84749984741211,23.84749984741211,23.84749984741211,23.84749984741211,560,0.0,0.0,0.0
2024-05-30 11:30:00-04:00,23.859500885009766,23.859500885009766,23.850000381469727,23.850000381469727,306,0.0,0.0,0.0
2024-05-30 12:30:00-04:00,23.864299774169922,23.864299774169922,23.860000610351562,23.860000610351562,521,0.0,0.0,0.0
2024-05-30 13:30:00-04:00,23.861299514770508,23.861299514770508,23.850000381469727,23.850000381469727,488,0.0,0.0,0.0
2024-05-30 15:30:00-04:00,23.860000610351562,23.860000610351562,23.850000381469727,23.850000381469727,13343,0.0,0.0,0.0
2024-05-31 09:30:00-04:00,23.920000076293945,23.920000076293945,23.920000076293945,23.920000076293945,0,0.0,0.0,0.0
2024-05-31 11:30:00-04:00,23.90850067138672,23.93000030517578,23.899999618530273,23.899999618530273,666,0.0,0.0,0.0
2024-05-31 13:30:00-04:00,23.920000076293945,23.920000076293945,23.917699813842773,23.917699813842773,518,0.0,0.0,0.0
2024-05-31 14:30:00-04:00,23.905000686645508,23.905000686645508,23.905000686645508,23.905000686645508,605,0.0,0.0,0.0
2024-05-31 15:30:00-04:00,23.90999984741211,23.90999984741211,23.90999984741211,23.90999984741211,313,0.0,0.0,0.0
2024-06-03 09:30:00-04:00,23.93000030517578,23.93000030517578,23.93000030517578,23.93000030517578,0,0.0,0.0,0.0
2024-06-03 10:30:00-04:00,23.976299285888672,23.979999542236328,23.976299285888672,23.979900360107422,1822,0.0,0.0,0.0
2024-06-03 11:30:00-04:00,23.989999771118164,23.989999771118164,23.989999771118164,23.989999771118164,358,0.0,0.0,0.0
2024-06-03 12:30:00-04:00,23.969999313354492,23.989999771118164,23.969999313354492,23.989999771118164,233,0.0,0.0,0.0
2024-06-03 13:30:00-04:00,23.97599983215332,23.97599983215332,23.97599983215332,23.97599983215332,250,0.0,0.0,0.0
2024-06-03 14:30:00-04:00,23.979999542236328,23.979999542236328,23.979999542236328,23.979999542236328,1667,0.0,0.0,0.0
2024-06-03 15:30:00-04:00,23.98979949951172,23.989999771118164,23.979999542236328,23.9862003326416,1164,0.0,0.0,0.0
2024-06-04 09:30:00-04:00,24.0,24.0,24.0,24.0,0,0.0,0.0,0.0
2024-06-04 10:30:00-04:00,24.014999389648438,24.014999389648438,24.013700485229492,24.013700485229492,616,0.0,0.0,0.0
2024-06-04 12:30:00-04:00,24.02989959716797,24.02989959716797,24.020000457763672,24.020000457763672,1122,0.0,0.0,0.0
2024-06-04 13:30:00-04:00,24.024999618530273,24.030000686645508,24.024999618530273,24.026100158691406,845,0.0,0.0,0.0
2024-06-04 14:30:00-04:00,24.010000228881836,24.024999618530273,24.010000228881836,24.024999618530273,385,0.0,0.0,0.0
2024-06-05 09:30:00-04:00,24.030000686645508,24.040000915527344,24.030000686645508,24.040000915527344,0,0.0,0.0,0.0
2024-06-05 10:30:00-04:00,24.024999618530273,24.047100067138672,24.024999618530273,24.03499984741211,438,0.0,0.0,0.0
2024-06-05 11:30:00-04:00,24.049999237060547,24.049999237060547,24.045000076293945,24.045000076293945,462,0.0,0.0,0.0
2024-06-05 13:30:00-04:00,24.05299949645996,24.05299949645996,24.05299949645996,24.05299949645996,428,0.0,0.0,0.0
2024-06-05 14:30:00-04:00,24.055999755859375,24.055999755859375,24.055999755859375,24.055999755859375,1014,0.0,0.0,0.0
2024-06-05 15:30:00-04:00,24.059999465942383,24.059999465942383,24.049999237060547,24.054899215698242,588,0.0,0.0,0.0
2024-06-06 09:30:00-04:00,24.049999237060547,24.049999237060547,24.049999237060547,24.049999237060547,0,0.0,0.0,0.0
2024-06-06 10:30:00-04:00,24.065000534057617,24.065000534057617,24.065000534057617,24.065000534057617,463,0.0,0.0,0.0
2024-06-06 11:30:00-04:00,24.06130027770996,24.06999969482422,24.06130027770996,24.06999969482422,2917,0.0,0.0,0.0
2024-06-06 15:30:00-04:00,24.040000915527344,24.040000915527344,24.040000915527344,24.040000915527344,0,0.0,0.0,0.0
2024-06-07 10:30:00-04:00,23.950000762939453,23.969999313354492,23.950000762939453,23.969999313354492,731,0.0,0.0,0.0
2024-06-07 12:30:00-04:00,23.958499908447266,23.958499908447266,23.950000762939453,23.950000762939453,375,0.0,0.0,0.0
2024-06-10 10:30:00-04:00,23.930099487304688,23.939899444580078,23.930099487304688,23.939899444580078,477,0.0,0.0,0.0
2024-06-10 11:30:00-04:00,23.934999465942383,23.934999465942383,23.9325008392334,23.9325008392334,640,0.0,0.0,0.0
2024-06-10 12:30:00-04:00,23.93630027770996,23.93630027770996,23.93000030517578,23.93000030517578,971,0.0,0.0,0.0
2024-06-10 14:30:00-04:00,23.937299728393555,23.937299728393555,23.934999465942383,23.934999465942383,0,0.0,0.0,0.0
2024-06-11 09:30:00-04:00,23.940000534057617,23.940000534057617,23.940000534057617,23.940000534057617,100,0.0,0.0,0.0
2024-06-11 10:30:00-04:00,23.977100372314453,23.977100372314453,23.950000762939453,23.950000762939453,714,0.0,0.0,0.0
2024-06-11 11:30:00-04:00,23.96500015258789,23.96500015258789,23.96500015258789,23.96500015258789,133,0.0,0.0,0.0
2024-06-11 13:30:00-04:00,23.975000381469727,23.975000381469727,23.975000381469727,23.975000381469727,824,0.0,0.0,0.0
2024-06-11 14:30:00-04:00,23.976499557495117,23.985000610351562,23.976499557495117,23.985000610351562,5107,0.0,0.0,0.0
2024-06-12 09:30:00-04:00,24.1200008392334,24.1200008392334,24.1200008392334,24.1200008392334,0,0.0,0.0,0.0
2024-06-12 11:30:00-04:00,24.139999389648438,24.149999618530273,24.1200008392334,24.1200008392334,1045,0.0,0.0,0.0
2024-06-12 12:30:00-04:00,24.12070083618164,24.12070083618164,24.12070083618164,24.12070083618164,248,0.0,0.0,0.0
2024-06-12 14:30:00-04:00,24.100000381469727,24.100000381469727,24.059999465942383,24.066499710083008,4338,0.0,0.0,0.0
2024-06-13 10:30:00-04:00,24.09000015258789,24.110000610351562,24.09000015258789,24.110000610351562,294,0.0,0.0,0.0
2024-06-13 11:30:00-04:00,24.121000289916992,24.121000289916992,24.121000289916992,24.121000289916992,199,0.0,0.0,0.0
2024-06-13 13:30:00-04:00,24.1200008392334,24.1200008392334,24.118200302124023,24.118200302124023,0,0.0,0.0,0.0
2024-06-14 11:30:00-04:00,24.10740089416504,24.110000610351562,24.104999542236328,24.104999542236328,773,0.0,0.0,0.0
2024-06-14 12:30:00-04:00,24.09000015258789,24.09000015258789,24.09000015258789,24.09000015258789,338,0.0,0.0,0.0
2024-06-14 14:30:00-04:00,24.100000381469727,24.100000381469727,24.100000381469727,24.100000381469727,1701,0.0,0.0,0.0
2024-06-14 15:30:00-04:00,24.100000381469727,24.100000381469727,24.100000381469727,24.100000381469727,300,0.0,0.0,0.0
2024-06-17 10:30:00-04:00,24.075000762939453,24.075000762939453,24.075000762939453,24.075000762939453,0,0.0,0.0,0.0
2024-06-17 11:30:00-04:00,24.075000762939453,24.08209991455078,24.06599998474121,24.06599998474121,1671,0.0,0.0,0.0
2024-06-17 13:30:00-04:00,24.09000015258789,24.09000015258789,24.06999969482422,24.06999969482422,0,0.0,0.0,0.0
2024-06-18 09:30:00-04:00,24.1200008392334,24.1200008392334,24.1200008392334,24.1200008392334,200,0.0,0.0,0.0
2024-06-18 10:30:00-04:00,24.1299991607666,24.1299991607666,24.09000015258789,24.09000015258789,851,0.0,0.0,0.0
2024-06-18 11:30:00-04:00,24.09600067138672,24.09600067138672,24.09600067138672,24.09600067138672,240,0.0,0.0,0.0
2024-06-18 12:30:00-04:00,24.100000381469727,24.110000610351562,24.100000381469727,24.110000610351562,173,0.0,0.0,0.0
2024-06-20 09:30:00-04:00,24.079999923706055,24.119300842285156,24.079599380493164,24.079599380493164,502,0.0,0.0,0.0
2024-06-20 11:30:00-04:00,24.07229995727539,24.084199905395508,24.07229995727539,24.084199905395508,459,0.0,0.0,0.0
2024-06-20 12:30:00-04:00,24.06999969482422,24.075000762939453,24.06999969482422,24.075000762939453,232,0.0,0.0,0.0
2024-06-20 14:30:00-04:00,24.09000015258789,24.100000381469727,24.079999923706055,24.086200714111328,14519,0.0,0.0,0.0
2024-06-21 09:30:00-04:00,24.1028995513916,24.1028995513916,24.1028995513916,24.1028995513916,0,0.0,0.0,0.0
2024-06-21 10:30:00-04:00,24.06999969482422,24.06999969482422,24.06999969482422,24.06999969482422,253,0.0,0.0,0.0
2024-06-21 11:30:00-04:00,24.087799072265625,24.087799072265625,24.087799072265625,24.087799072265625,290,0.0,0.0,0.0
2024-06-21 14:30:00-04:00,24.0802001953125,24.094999313354492,24.079999923706055,24.090099334716797,767,0.0,0.0,0.0
2024-06-21 15:30:00-04:00,24.090999603271484,24.09760093688965,24.090999603271484,24.09760093688965,210,0.0,0.0,0.0
2024-06-24 10:30:00-04:00,24.02549934387207,24.046899795532227,24.02549934387207,24.046899795532227,938,0.0,0.0,0.0
2024-06-24 11:30:00-04:00,24.010299682617188,24.030000686645508,24.010299682617188,24.030000686645508,1284,0.0,0.0,0.0
2024-06-24 12:30:00-04:00,24.030000686645508,24.030000686645508,24.020200729370117,24.020200729370117,511,0.0,0.0,0.0
2024-06-25 09:30:00-04:00,24.020000457763672,24.020000457763672,24.006000518798828,24.006000518798828,0,0.0,0.0,0.0
2024-06-25 11:30:00-04:00,24.020000457763672,24.020000457763672,24.020000457763672,24.020000457763672,1080,0.0,0.0,0.0
2024-06-25 13:30:00-04:00,24.014999389648438,24.014999389648438,24.014999389648438,24.014999389648438,0,0.0,0.0,0.0
2024-06-26 10:30:00-04:00,23.979999542236328,23.988000869750977,23.950899124145508,23.988000869750977,8405,0.0,0.0,0.0
2024-06-26 13:30:00-04:00,23.950899124145508,23.979999542236328,23.95009994506836,23.950599670410156,946,0.0,0.0,0.0
2024-06-26 15:30:00-04:00,23.969999313354492,23.979999542236328,23.959999084472656,23.969900131225586,0,0.0,0.0,0.0
2024-06-27 09:30:00-04:00,23.99370002746582,24.030000686645508,23.990999221801758,24.030000686645508,1944,0.0,0.0,0.0
2024-06-27 10:30:00-04:00,24.00309944152832,24.00309944152832,23.989999771118164,23.989999771118164,1069,0.0,0.0,0.0
2024-06-27 12:30:00-04:00,23.989999771118164,23.989999771118164,23.979999542236328,23.979999542236328,1212,0.0,0.0,0.0
2024-06-27 13:30:00-04:00,24.010000228881836,24.010000228881836,24.0093994140625,24.010000228881836,3308,0.0,0.0,0.0
2024-06-27 14:30:00-04:00,24.003299713134766,24.003299713134766,23.980100631713867,23.989999771118164,0,0.0,0.0,0.0
2024-06-28 10:30:00-04:00,24.020000457763672,24.020000457763672,24.020000457763672,24.020000457763672,878,0.0,0.0,0.0
2024-06-28 11:30:00-04:00,24.00550079345703,24.00550079345703,24.00550079345703,24.00550079345703,146,0.0,0.0,0.0
2024-06-28 12:30:00-04:00,23.969999313354492,23.98710060119629,23.969999313354492,23.98710060119629,1868,0.0,0.0,0.0
2024-06-28 13:30:00-04:00,23.989999771118164,24.010000228881836,23.989999771118164,24.010000228881836,1340,0.0,0.0,0.0
2024-06-28 14:30:00-04:00,23.999300003051758,23.999300003051758,23.97010040283203,23.98310089111328,765,0.0,0.0,0.0
2024-07-01 09:30:00-04:00,23.950000762939453,23.950000762939453,23.950000762939453,23.950000762939453,0,0.0,0.0,0.0
2024-07-01 10:30:00-04:00,23.943700790405273,23.945600509643555,23.929000854492188,23.929000854492188,794,0.0,0.0,0.0
2024-07-01 11:30:00-04:00,23.942699432373047,23.942699432373047,23.942699432373047,23.942699432373047,213,0.0,0.0,0.0
2024-07-01 13:30:00-04:00,23.93000030517578,23.93000030517578,23.90999984741211,23.90999984741211,443,0.0,0.0,0.0
2024-07-01 14:30:00-04:00,23.94930076599121,23.94930076599121,23.93440055847168,23.93440055847168,0,0.0,0.0,0.0
2024-07-02 09:30:00-04:00,23.979999542236328,23.979999542236328,23.979999542236328,23.979999542236328,100,0.0,0.0,0.0
2024-07-02 11:30:00-04:00,24.0,24.0,23.969999313354492,23.985000610351562,1770,0.0,0.0,0.0
2024-07-03 09:30:00-04:00,24.05929946899414,24.06999969482422,24.040000915527344,24.040000915527344,0,0.0,0.0,0.0
2024-07-03 10:30:00-04:00,24.040000915527344,24.04439926147461,24.040000915527344,24.04439926147461,519,0.0,0.0,0.0
2024-07-03 11:30:00-04:00,24.0447998046875,24.05500030517578,24.0447998046875,24.05500030517578,416,0.0,0.0,0.0
2024-07-05 09:30:00-04:00,24.100000381469727,24.100000381469727,24.09000015258789,24.09000015258789,0,0.0,0.0,0.0
2024-07-05 10:30:00-04:00,24.110000610351562,24.110000610351562,24.110000610351562,24.110000610351562,165,0.0,0.0,0.0
2024-07-05 13:30:00-04:00,24.104999542236328,24.110000610351562,24.104999542236328,24.110000610351562,604,0.0,0.0,0.0
2024-07-05 14:30:00-04:00,24.125900268554688,24.126699447631836,24.125900268554688,24.126699447631836,584,0.0,0.0,0.0
2024-07-05 15:30:00-04:00,24.1299991607666,24.1299991607666,24.12849998474121,24.12849998474121,145,0.0,0.0,0.0
