Datetime,Open,High,Low,Close,Volume,Dividends,Stock Splits
2022-07-07 09:30:00-04:00,6.199999809265137,6.670000076293945,6.11870002746582,6.260000228881836,301726,0.0,0.0
2022-07-07 10:30:00-04:00,6.260000228881836,6.400000095367432,6.139999866485596,6.210000038146973,135803,0.0,0.0
2022-07-07 11:30:00-04:00,6.21999979019165,6.440000057220459,6.150000095367432,6.244999885559082,101641,0.0,0.0
2022-07-07 12:30:00-04:00,6.199999809265137,6.300000190734863,6.139999866485596,6.139999866485596,22558,0.0,0.0
2022-07-07 13:30:00-04:00,6.119999885559082,6.1682000160217285,5.949999809265137,6.059999942779541,99726,0.0,0.0
2022-07-07 14:30:00-04:00,6.099999904632568,6.170000076293945,6.039999961853027,6.130000114440918,54248,0.0,0.0
2022-07-07 15:30:00-04:00,6.139999866485596,6.150000095367432,6.060100078582764,6.150000095367432,35389,0.0,0.0
2022-07-08 09:30:00-04:00,6.440000057220459,6.440000057220459,6.090000152587891,6.349999904632568,97229,0.0,0.0
2022-07-08 10:30:00-04:00,6.314799785614014,6.449900150299072,6.25,6.369999885559082,47723,0.0,0.0
2022-07-08 11:30:00-04:00,6.354700088500977,6.460000038146973,6.300000190734863,6.30019998550415,36213,0.0,0.0
2022-07-08 12:30:00-04:00,6.300000190734863,6.360000133514404,6.210000038146973,6.250199794769287,43871,0.0,0.0
2022-07-08 13:30:00-04:00,6.250100135803223,6.449999809265137,6.250100135803223,6.449999809265137,33143,0.0,0.0
2022-07-08 14:30:00-04:00,6.42710018157959,6.659999847412109,6.415999889373779,6.460000038146973,131141,0.0,0.0
2022-07-08 15:30:00-04:00,6.440199851989746,6.46999979019165,6.350100040435791,6.449999809265137,39810,0.0,0.0
2022-07-11 09:30:00-04:00,6.150000095367432,6.25,5.840000152587891,5.840000152587891,119962,0.0,0.0
2022-07-11 10:30:00-04:00,5.824999809265137,6.079999923706055,5.824999809265137,6.050000190734863,39479,0.0,0.0
2022-07-11 11:30:00-04:00,6.079999923706055,6.114999771118164,5.920000076293945,5.949999809265137,45801,0.0,0.0
2022-07-11 12:30:00-04:00,5.96999979019165,6.090000152587891,5.960000038146973,6.050000190734863,14400,0.0,0.0
2022-07-11 13:30:00-04:00,6.119999885559082,6.150000095367432,6.010000228881836,6.030099868774414,13844,0.0,0.0
2022-07-11 14:30:00-04:00,6.03000020980835,6.099999904632568,5.849999904632568,5.897299766540527,44762,0.0,0.0
2022-07-11 15:30:00-04:00,5.869999885559082,5.920000076293945,5.860000133514404,5.900000095367432,23080,0.0,0.0
2022-07-12 09:30:00-04:00,7.760000228881836,7.760000228881836,6.660099983215332,6.970300197601318,10129042,0.0,0.0
2022-07-12 10:30:00-04:00,6.96999979019165,7.340000152587891,6.75,7.269899845123291,1850088,0.0,0.0
2022-07-12 11:30:00-04:00,7.269999980926514,7.510000228881836,6.820000171661377,6.96999979019165,1579003,0.0,0.0
2022-07-12 12:30:00-04:00,6.972700119018555,7.159999847412109,6.849999904632568,7.010000228881836,491196,0.0,0.0
2022-07-12 13:30:00-04:00,7.017300128936768,7.150000095367432,6.860000133514404,7.068600177764893,374534,0.0,0.0
2022-07-12 14:30:00-04:00,7.068999767303467,7.090000152587891,6.621399879455566,6.71999979019165,379676,0.0,0.0
2022-07-12 15:30:00-04:00,6.71999979019165,6.800000190734863,6.550000190734863,6.650100231170654,319013,0.0,0.0
2022-07-13 09:30:00-04:00,6.235000133514404,6.630000114440918,6.039999961853027,6.619999885559082,463736,0.0,0.0
2022-07-13 10:30:00-04:00,6.590000152587891,6.739999771118164,6.519999980926514,6.650000095367432,105418,0.0,0.0
2022-07-13 11:30:00-04:00,6.620100021362305,6.860000133514404,6.599999904632568,6.664999961853027,130375,0.0,0.0
2022-07-13 12:30:00-04:00,6.664999961853027,6.710000038146973,6.480000019073486,6.551700115203857,52291,0.0,0.0
2022-07-13 13:30:00-04:00,6.610000133514404,6.739999771118164,6.550000190734863,6.699999809265137,38145,0.0,0.0
2022-07-13 14:30:00-04:00,6.71999979019165,6.888999938964844,6.690000057220459,6.841100215911865,89962,0.0,0.0
2022-07-13 15:30:00-04:00,6.840000152587891,6.900000095367432,6.75,6.900000095367432,98111,0.0,0.0
2022-07-14 09:30:00-04:00,6.559999942779541,6.900000095367432,6.550000190734863,6.760000228881836,77610,0.0,0.0
2022-07-14 10:30:00-04:00,6.730100154876709,6.900000095367432,6.699999809265137,6.78000020980835,76171,0.0,0.0
2022-07-14 11:30:00-04:00,6.769999980926514,6.829899787902832,6.690000057220459,6.690000057220459,40666,0.0,0.0
2022-07-14 12:30:00-04:00,6.690000057220459,6.818600177764893,6.600100040435791,6.789999961853027,19088,0.0,0.0
2022-07-14 13:30:00-04:00,6.789999961853027,6.840000152587891,6.710000038146973,6.792600154876709,14305,0.0,0.0
2022-07-14 14:30:00-04:00,6.829999923706055,6.829999923706055,6.599999904632568,6.755000114440918,56179,0.0,0.0
2022-07-14 15:30:00-04:00,6.730000019073486,6.730000019073486,6.619999885559082,6.650000095367432,43747,0.0,0.0
2022-07-15 09:30:00-04:00,6.949999809265137,6.949999809265137,6.550000190734863,6.690000057220459,133020,0.0,0.0
2022-07-15 10:30:00-04:00,6.690000057220459,6.75,6.599999904632568,6.699999809265137,38072,0.0,0.0
2022-07-15 11:30:00-04:00,6.75,6.829999923706055,6.700099945068359,6.739999771118164,87695,0.0,0.0
2022-07-15 12:30:00-04:00,6.739999771118164,6.78000020980835,6.599999904632568,6.599999904632568,28237,0.0,0.0
2022-07-15 13:30:00-04:00,6.610000133514404,6.635300159454346,6.429999828338623,6.531199932098389,73136,0.0,0.0
2022-07-15 14:30:00-04:00,6.559999942779541,6.599999904632568,6.482999801635742,6.572999954223633,49224,0.0,0.0
2022-07-15 15:30:00-04:00,6.550000190734863,6.589900016784668,6.510000228881836,6.511499881744385,37243,0.0,0.0
2022-07-18 09:30:00-04:00,6.670000076293945,6.769599914550781,6.559999942779541,6.650000095367432,184814,0.0,0.0
2022-07-18 10:30:00-04:00,6.630000114440918,7.090000152587891,6.630000114440918,6.889999866485596,237350,0.0,0.0
2022-07-18 11:30:00-04:00,6.851200103759766,6.886000156402588,6.679999828338623,6.75,42981,0.0,0.0
2022-07-18 12:30:00-04:00,6.749100208282471,6.78000020980835,6.559999942779541,6.650000095367432,90830,0.0,0.0
2022-07-18 13:30:00-04:00,6.664999961853027,6.699999809265137,6.449999809265137,6.590000152587891,70397,0.0,0.0
2022-07-18 14:30:00-04:00,6.614200115203857,6.699999809265137,6.520500183105469,6.560100078582764,63610,0.0,0.0
2022-07-18 15:30:00-04:00,6.560100078582764,6.639999866485596,6.559999942779541,6.559999942779541,30093,0.0,0.0
2022-07-19 09:30:00-04:00,6.510000228881836,6.659999847412109,6.390999794006348,6.480000019073486,113768,0.0,0.0
2022-07-19 10:30:00-04:00,6.460000038146973,6.530700206756592,6.309999942779541,6.436399936676025,66005,0.0,0.0
2022-07-19 11:30:00-04:00,6.40500020980835,6.499899864196777,6.370100021362305,6.489999771118164,74892,0.0,0.0
2022-07-19 12:30:00-04:00,6.4899001121521,7.214000225067139,6.460000038146973,7.119999885559082,629488,0.0,0.0
2022-07-19 13:30:00-04:00,7.189300060272217,7.189300060272217,6.920000076293945,7.019999980926514,237256,0.0,0.0
2022-07-19 14:30:00-04:00,7.0,7.179999828338623,6.940000057220459,7.150100231170654,184701,0.0,0.0
2022-07-19 15:30:00-04:00,7.150000095367432,7.170000076293945,6.989999771118164,7.019999980926514,81199,0.0,0.0
2022-07-20 09:30:00-04:00,6.929999828338623,7.0,6.699999809265137,6.900000095367432,145008,0.0,0.0
2022-07-20 10:30:00-04:00,6.800000190734863,7.099999904632568,6.800000190734863,6.949999809265137,90136,0.0,0.0
2022-07-20 11:30:00-04:00,6.989999771118164,7.090000152587891,6.869999885559082,7.001299858093262,68463,0.0,0.0
2022-07-20 12:30:00-04:00,7.039999961853027,7.079999923706055,6.849999904632568,6.994999885559082,55746,0.0,0.0
2022-07-20 13:30:00-04:00,6.994999885559082,7.079999923706055,6.920000076293945,7.079999923706055,30386,0.0,0.0
2022-07-20 14:30:00-04:00,7.090000152587891,7.09089994430542,6.699999809265137,6.815000057220459,115714,0.0,0.0
2022-07-20 15:30:00-04:00,6.793099880218506,6.859899997711182,6.730000019073486,6.730000019073486,40204,0.0,0.0
2022-07-21 09:30:00-04:00,6.619999885559082,6.65500020980835,6.110000133514404,6.199999809265137,268077,0.0,0.0
2022-07-21 10:30:00-04:00,6.239999771118164,6.499199867248535,6.232500076293945,6.380000114440918,77884,0.0,0.0
2022-07-21 11:30:00-04:00,6.327700138092041,6.429999828338623,6.303599834442139,6.336900234222412,36173,0.0,0.0
2022-07-21 12:30:00-04:00,6.365900039672852,6.369999885559082,6.256899833679199,6.270100116729736,81787,0.0,0.0
2022-07-21 13:30:00-04:00,6.269999980926514,6.374199867248535,6.260000228881836,6.297999858856201,44482,0.0,0.0
2022-07-21 14:30:00-04:00,6.300000190734863,6.379499912261963,6.21999979019165,6.306300163269043,60827,0.0,0.0
2022-07-21 15:30:00-04:00,6.300000190734863,6.369999885559082,6.199999809265137,6.360000133514404,33265,0.0,0.0
2022-07-22 09:30:00-04:00,6.369999885559082,6.394999980926514,6.104300022125244,6.199999809265137,102602,0.0,0.0
2022-07-22 10:30:00-04:00,6.170000076293945,6.190000057220459,6.0100998878479,6.03000020980835,121015,0.0,0.0
2022-07-22 11:30:00-04:00,6.034999847412109,6.099999904632568,5.980000019073486,6.019999980926514,109701,0.0,0.0
2022-07-22 12:30:00-04:00,6.019999980926514,6.06279993057251,5.900000095367432,5.929999828338623,88706,0.0,0.0
2022-07-22 13:30:00-04:00,5.958199977874756,5.989999771118164,5.820000171661377,5.920000076293945,77082,0.0,0.0
2022-07-22 14:30:00-04:00,5.909999847412109,5.980000019073486,5.900000095367432,5.929999828338623,20661,0.0,0.0
2022-07-22 15:30:00-04:00,5.949999809265137,5.980000019073486,5.900000095367432,5.96999979019165,42915,0.0,0.0
2022-07-25 09:30:00-04:00,5.849999904632568,6.130000114440918,5.699999809265137,6.11359977722168,181203,0.0,0.0
2022-07-25 10:30:00-04:00,6.110099792480469,6.25,6.0,6.064199924468994,150481,0.0,0.0
2022-07-25 11:30:00-04:00,6.150000095367432,6.150000095367432,5.920000076293945,6.0,79554,0.0,0.0
2022-07-25 12:30:00-04:00,6.03000020980835,6.099999904632568,6.020100116729736,6.052499771118164,15263,0.0,0.0
2022-07-25 13:30:00-04:00,6.050000190734863,6.09250020980835,6.019999980926514,6.090000152587891,19124,0.0,0.0
2022-07-25 14:30:00-04:00,6.090000152587891,6.170000076293945,6.070000171661377,6.083499908447266,51304,0.0,0.0
2022-07-25 15:30:00-04:00,6.070000171661377,6.139999866485596,6.03000020980835,6.099999904632568,24358,0.0,0.0
2022-07-26 09:30:00-04:00,6.139999866485596,6.380000114440918,6.0,6.130000114440918,274942,0.0,0.0
2022-07-26 10:30:00-04:00,6.110000133514404,6.199999809265137,6.0208001136779785,6.078999996185303,53631,0.0,0.0
2022-07-26 11:30:00-04:00,6.070000171661377,6.099999904632568,5.880000114440918,5.920000076293945,53004,0.0,0.0
2022-07-26 12:30:00-04:00,5.96999979019165,6.125899791717529,5.929999828338623,6.058000087738037,105486,0.0,0.0
2022-07-26 13:30:00-04:00,6.039999961853027,6.099999904632568,5.949999809265137,5.949999809265137,13566,0.0,0.0
2022-07-26 14:30:00-04:00,6.0,6.010000228881836,5.900000095367432,5.980000019073486,52394,0.0,0.0
2022-07-26 15:30:00-04:00,5.960000038146973,6.010000228881836,5.949999809265137,5.980000019073486,26935,0.0,0.0
2022-07-27 09:30:00-04:00,6.0,6.050000190734863,5.900000095367432,5.986499786376953,72860,0.0,0.0
2022-07-27 10:30:00-04:00,6.005000114440918,6.190000057220459,5.929999828338623,6.020899772644043,348613,0.0,0.0
2022-07-27 11:30:00-04:00,6.03000020980835,6.119999885559082,6.003200054168701,6.03000020980835,31332,0.0,0.0
2022-07-27 12:30:00-04:00,6.019999980926514,6.025000095367432,5.920000076293945,5.957200050354004,48717,0.0,0.0
2022-07-27 13:30:00-04:00,5.929999828338623,5.969900131225586,5.860000133514404,5.9019999504089355,80707,0.0,0.0
2022-07-27 14:30:00-04:00,5.900000095367432,6.058499813079834,5.869999885559082,6.050000190734863,76603,0.0,0.0
2022-07-27 15:30:00-04:00,6.050000190734863,6.050000190734863,5.980000019073486,6.010000228881836,32671,0.0,0.0
2022-07-28 09:30:00-04:00,6.159999847412109,6.228600025177002,5.920000076293945,5.96999979019165,131050,0.0,0.0
2022-07-28 10:30:00-04:00,5.96999979019165,6.090000152587891,5.96999979019165,6.079999923706055,38812,0.0,0.0
2022-07-28 11:30:00-04:00,6.090000152587891,6.150000095367432,6.059999942779541,6.059999942779541,20928,0.0,0.0
2022-07-28 12:30:00-04:00,6.105000019073486,6.109899997711182,6.050000190734863,6.050000190734863,15338,0.0,0.0
2022-07-28 13:30:00-04:00,6.051700115203857,6.090000152587891,6.03000020980835,6.090000152587891,11693,0.0,0.0
2022-07-28 14:30:00-04:00,6.070000171661377,6.139999866485596,6.050000190734863,6.139999866485596,35420,0.0,0.0
2022-07-28 15:30:00-04:00,6.110000133514404,6.170000076293945,6.050000190734863,6.059999942779541,49160,0.0,0.0
2022-07-29 09:30:00-04:00,6.050000190734863,6.800000190734863,6.050000190734863,6.800000190734863,433765,0.0,0.0
2022-07-29 10:30:00-04:00,6.75600004196167,6.78000020980835,6.420000076293945,6.451700210571289,242355,0.0,0.0
2022-07-29 11:30:00-04:00,6.449999809265137,6.48360013961792,6.329999923706055,6.389999866485596,100675,0.0,0.0
2022-07-29 12:30:00-04:00,6.385000228881836,6.438300132751465,6.28000020980835,6.289999961853027,57213,0.0,0.0
2022-07-29 13:30:00-04:00,6.289999961853027,6.340000152587891,6.210100173950195,6.260000228881836,71421,0.0,0.0
2022-07-29 14:30:00-04:00,6.257599830627441,6.389999866485596,6.257599830627441,6.329999923706055,37274,0.0,0.0
2022-07-29 15:30:00-04:00,6.320700168609619,6.323299884796143,6.269999980926514,6.309999942779541,24073,0.0,0.0
2022-08-01 09:30:00-04:00,6.239999771118164,6.239999771118164,5.889999866485596,6.019999980926514,102685,0.0,0.0
2022-08-01 10:30:00-04:00,6.019999980926514,6.059999942779541,5.920000076293945,5.960000038146973,107221,0.0,0.0
2022-08-01 11:30:00-04:00,5.960000038146973,6.130000114440918,5.920000076293945,6.050000190734863,52772,0.0,0.0
2022-08-01 12:30:00-04:00,6.03000020980835,6.319900035858154,5.980000019073486,6.300000190734863,57309,0.0,0.0
2022-08-01 13:30:00-04:00,6.320000171661377,6.429900169372559,6.210100173950195,6.289999961853027,117558,0.0,0.0
2022-08-01 14:30:00-04:00,6.315000057220459,6.315000057220459,6.150000095367432,6.170000076293945,44290,0.0,0.0
2022-08-01 15:30:00-04:00,6.210000038146973,6.25,6.170000076293945,6.199999809265137,20977,0.0,0.0
2022-08-02 09:30:00-04:00,6.139999866485596,6.300000190734863,6.059999942779541,6.260000228881836,93214,0.0,0.0
2022-08-02 10:30:00-04:00,6.300000190734863,6.358699798583984,6.210000038146973,6.269999980926514,50101,0.0,0.0
2022-08-02 11:30:00-04:00,6.260000228881836,6.449999809265137,6.210000038146973,6.440000057220459,69073,0.0,0.0
2022-08-02 12:30:00-04:00,6.420000076293945,6.800000190734863,6.349999904632568,6.677199840545654,206375,0.0,0.0
2022-08-02 13:30:00-04:00,6.730000019073486,6.800000190734863,6.330100059509277,6.340000152587891,141552,0.0,0.0
2022-08-02 14:30:00-04:00,6.340000152587891,6.449999809265137,6.28000020980835,6.309999942779541,52568,0.0,0.0
2022-08-02 15:30:00-04:00,6.315000057220459,6.429999828338623,6.280099868774414,6.300000190734863,25446,0.0,0.0
2022-08-03 09:30:00-04:00,6.340000152587891,6.367599964141846,6.170000076293945,6.191999912261963,58278,0.0,0.0
2022-08-03 10:30:00-04:00,6.215000152587891,6.215000152587891,6.0,6.058899879455566,75126,0.0,0.0
2022-08-03 11:30:00-04:00,6.079999923706055,6.139900207519531,6.050000190734863,6.099899768829346,44503,0.0,0.0
2022-08-03 12:30:00-04:00,6.074999809265137,6.117700099945068,6.039999961853027,6.070000171661377,37728,0.0,0.0
2022-08-03 13:30:00-04:00,6.070000171661377,6.170000076293945,6.041500091552734,6.149899959564209,32420,0.0,0.0
2022-08-03 14:30:00-04:00,6.119999885559082,6.130000114440918,6.05109977722168,6.090000152587891,18895,0.0,0.0
2022-08-03 15:30:00-04:00,6.139999866485596,6.139999866485596,6.039999961853027,6.039999961853027,32929,0.0,0.0
2022-08-04 09:30:00-04:00,6.050000190734863,6.179999828338623,5.920000076293945,5.940000057220459,112156,0.0,0.0
2022-08-04 10:30:00-04:00,5.940000057220459,5.960000038146973,5.710000038146973,5.800000190734863,129189,0.0,0.0
2022-08-04 11:30:00-04:00,5.800000190734863,5.8649001121521,5.790200233459473,5.820000171661377,63609,0.0,0.0
2022-08-04 12:30:00-04:00,5.824999809265137,5.840000152587891,5.71999979019165,5.821899890899658,33440,0.0,0.0
2022-08-04 13:30:00-04:00,5.829999923706055,5.920000076293945,5.800000190734863,5.920000076293945,22735,0.0,0.0
2022-08-04 14:30:00-04:00,5.869999885559082,5.909900188446045,5.800000190734863,5.835000038146973,33881,0.0,0.0
2022-08-04 15:30:00-04:00,5.857999801635742,5.860000133514404,5.75,5.849999904632568,54781,0.0,0.0
2022-08-05 09:30:00-04:00,5.800000190734863,6.0,5.800000190734863,5.96999979019165,84011,0.0,0.0
2022-08-05 10:30:00-04:00,5.940000057220459,6.0,5.840000152587891,5.920000076293945,36902,0.0,0.0
2022-08-05 11:30:00-04:00,5.880000114440918,5.96999979019165,5.809999942779541,5.960000038146973,83093,0.0,0.0
2022-08-05 12:30:00-04:00,5.920000076293945,5.980000019073486,5.900000095367432,5.920000076293945,21958,0.0,0.0
2022-08-05 13:30:00-04:00,5.900000095367432,5.989999771118164,5.860000133514404,5.940000057220459,5008,0.0,0.0
2022-08-05 14:30:00-04:00,5.909999847412109,6.0,5.889999866485596,5.954899787902832,19421,0.0,0.0
2022-08-05 15:30:00-04:00,5.989999771118164,6.0,5.909999847412109,5.909999847412109,56151,0.0,0.0
2022-08-08 09:30:00-04:00,5.940000057220459,5.980000019073486,5.820000171661377,5.929999828338623,49735,0.0,0.0
2022-08-08 10:30:00-04:00,5.899400234222412,5.980000019073486,5.809999942779541,5.940000057220459,69889,0.0,0.0
2022-08-08 11:30:00-04:00,5.920000076293945,5.940000057220459,5.869999885559082,5.880000114440918,22842,0.0,0.0
2022-08-08 12:30:00-04:00,5.889800071716309,5.96999979019165,5.889800071716309,5.959400177001953,11932,0.0,0.0
2022-08-08 13:30:00-04:00,5.949999809265137,5.960000038146973,5.9197998046875,5.9197998046875,17231,0.0,0.0
2022-08-08 14:30:00-04:00,5.920400142669678,6.0,5.920400142669678,5.996200084686279,40057,0.0,0.0
2022-08-08 15:30:00-04:00,5.980000019073486,5.989999771118164,5.900000095367432,5.940000057220459,17730,0.0,0.0
2022-08-09 09:30:00-04:00,6.0,6.059999942779541,5.940000057220459,5.993599891662598,99708,0.0,0.0
2022-08-09 10:30:00-04:00,5.985000133514404,5.985300064086914,5.849999904632568,5.880000114440918,75174,0.0,0.0
2022-08-09 11:30:00-04:00,5.900000095367432,5.900000095367432,5.769999980926514,5.784999847412109,47062,0.0,0.0
2022-08-09 12:30:00-04:00,5.769999980926514,5.889900207519531,5.760000228881836,5.889900207519531,10091,0.0,0.0
2022-08-09 13:30:00-04:00,5.851799964904785,5.889999866485596,5.829999923706055,5.849899768829346,7774,0.0,0.0
2022-08-09 14:30:00-04:00,5.79010009765625,5.90500020980835,5.761300086975098,5.889999866485596,28387,0.0,0.0
2022-08-09 15:30:00-04:00,5.90500020980835,5.90500020980835,5.7692999839782715,5.769999980926514,17269,0.0,0.0
2022-08-10 09:30:00-04:00,5.849999904632568,5.849999904632568,5.699999809265137,5.789599895477295,49436,0.0,0.0
2022-08-10 10:30:00-04:00,5.789999961853027,5.880000114440918,5.789999961853027,5.879300117492676,25976,0.0,0.0
2022-08-10 11:30:00-04:00,5.860099792480469,5.885000228881836,5.829999923706055,5.852499961853027,13647,0.0,0.0
2022-08-10 12:30:00-04:00,5.879199981689453,5.929999828338623,5.860000133514404,5.916800022125244,12589,0.0,0.0
2022-08-10 13:30:00-04:00,5.909999847412109,6.050000190734863,5.900100231170654,5.900100231170654,49442,0.0,0.0
2022-08-10 14:30:00-04:00,5.9481000900268555,6.0,5.900000095367432,6.0,24503,0.0,0.0
2022-08-10 15:30:00-04:00,5.980000019073486,6.0,5.940000057220459,5.980000019073486,11340,0.0,0.0
2022-08-11 09:30:00-04:00,6.0,6.409999847412109,5.989999771118164,6.320099830627441,187044,0.0,0.0
2022-08-11 10:30:00-04:00,6.380000114440918,6.5,6.199999809265137,6.262499809265137,98652,0.0,0.0
2022-08-11 11:30:00-04:00,6.247200012207031,6.399799823760986,6.247200012207031,6.349999904632568,35524,0.0,0.0
2022-08-11 12:30:00-04:00,6.339900016784668,6.480000019073486,6.28000020980835,6.400000095367432,136874,0.0,0.0
2022-08-11 13:30:00-04:00,6.380000114440918,6.400000095367432,6.25,6.349999904632568,95949,0.0,0.0
2022-08-11 14:30:00-04:00,6.329999923706055,6.354100227355957,6.218500137329102,6.230000019073486,14536,0.0,0.0
2022-08-11 15:30:00-04:00,6.239999771118164,6.269999980926514,6.199999809265137,6.199999809265137,15590,0.0,0.0
2022-08-12 09:30:00-04:00,6.170000076293945,6.25,6.050000190734863,6.0971999168396,21029,0.0,0.0
2022-08-12 10:30:00-04:00,6.080100059509277,6.15500020980835,6.070000171661377,6.11959981918335,45239,0.0,0.0
2022-08-12 11:30:00-04:00,6.110000133514404,6.149899959564209,6.070000171661377,6.128499984741211,14079,0.0,0.0
2022-08-12 12:30:00-04:00,6.11460018157959,6.15500020980835,6.099999904632568,6.121500015258789,8459,0.0,0.0
2022-08-12 13:30:00-04:00,6.150000095367432,6.179999828338623,6.110000133514404,6.159999847412109,5803,0.0,0.0
2022-08-12 14:30:00-04:00,6.190000057220459,6.340000152587891,6.150000095367432,6.170000076293945,19218,0.0,0.0
2022-08-12 15:30:00-04:00,6.190000057220459,6.260000228881836,6.170000076293945,6.239999771118164,9747,0.0,0.0
2022-08-15 09:30:00-04:00,6.0,6.099999904632568,5.849999904632568,6.019999980926514,106764,0.0,0.0
2022-08-15 10:30:00-04:00,5.989999771118164,6.110000133514404,5.989999771118164,6.038099765777588,25921,0.0,0.0
2022-08-15 11:30:00-04:00,6.050000190734863,6.1072001457214355,6.03000020980835,6.059999942779541,9646,0.0,0.0
2022-08-15 12:30:00-04:00,6.03000020980835,6.039999961853027,5.909999847412109,6.039999961853027,29869,0.0,0.0
2022-08-15 13:30:00-04:00,6.014999866485596,6.03000020980835,5.920000076293945,5.965000152587891,15183,0.0,0.0
2022-08-15 14:30:00-04:00,5.977399826049805,6.0,5.929999828338623,5.989999771118164,15800,0.0,0.0
2022-08-15 15:30:00-04:00,5.980000019073486,5.999100208282471,5.929999828338623,5.929999828338623,16340,0.0,0.0
2022-08-16 09:30:00-04:00,5.949999809265137,6.098199844360352,5.920000076293945,5.985000133514404,36961,0.0,0.0
2022-08-16 10:30:00-04:00,5.960000038146973,6.0,5.840000152587891,5.894999980926514,46342,0.0,0.0
2022-08-16 11:30:00-04:00,5.900000095367432,6.010000228881836,5.880000114440918,5.980100154876709,33972,0.0,0.0
2022-08-16 12:30:00-04:00,6.0,6.239999771118164,5.977200031280518,6.070000171661377,130097,0.0,0.0
2022-08-16 13:30:00-04:00,6.070000171661377,6.21999979019165,6.050000190734863,6.199999809265137,53320,0.0,0.0
2022-08-16 14:30:00-04:00,6.199999809265137,6.199999809265137,6.03000020980835,6.090000152587891,40625,0.0,0.0
2022-08-16 15:30:00-04:00,6.10129976272583,6.150000095367432,6.019999980926514,6.059999942779541,9842,0.0,0.0
2022-08-17 09:30:00-04:00,6.039999961853027,6.170000076293945,5.900000095367432,6.000100135803223,81097,0.0,0.0
2022-08-17 10:30:00-04:00,6.0,6.299699783325195,5.860000133514404,5.871500015258789,332645,0.0,0.0
2022-08-17 11:30:00-04:00,5.889999866485596,5.908699989318848,5.769999980926514,5.889999866485596,54706,0.0,0.0
2022-08-17 12:30:00-04:00,5.860000133514404,5.980000019073486,5.860000133514404,5.949999809265137,17357,0.0,0.0
2022-08-17 13:30:00-04:00,5.940000057220459,5.969900131225586,5.890399932861328,5.890399932861328,18469,0.0,0.0
2022-08-17 14:30:00-04:00,5.934999942779541,5.96999979019165,5.869999885559082,5.929599761962891,36965,0.0,0.0
2022-08-17 15:30:00-04:00,5.870100021362305,5.929999828338623,5.840000152587891,5.880000114440918,14557,0.0,0.0
2022-08-18 09:30:00-04:00,5.980000019073486,7.239999771118164,5.900000095367432,7.099999904632568,1850052,0.0,0.0
2022-08-18 10:30:00-04:00,7.090000152587891,8.300000190734863,7.030099868774414,7.875999927520752,10826434,0.0,0.0
2022-08-18 11:30:00-04:00,7.850100040435791,9.0,7.570000171661377,8.519800186157227,10545191,0.0,0.0
2022-08-18 12:30:00-04:00,8.510000228881836,8.789999961853027,7.75,8.199999809265137,5126064,0.0,0.0
2022-08-18 13:30:00-04:00,8.195799827575684,8.270000457763672,7.650000095367432,7.959000110626221,2282979,0.0,0.0
2022-08-18 14:30:00-04:00,7.928999900817871,8.079899787902832,7.020100116729736,7.289999961853027,1151706,0.0,0.0
2022-08-18 15:30:00-04:00,7.289999961853027,7.820000171661377,7.264200210571289,7.820000171661377,688712,0.0,0.0
2022-08-19 09:30:00-04:00,7.159999847412109,7.329999923706055,6.360000133514404,6.850100040435791,1090482,0.0,0.0
2022-08-19 10:30:00-04:00,6.855000019073486,7.170000076293945,6.71999979019165,6.809999942779541,438743,0.0,0.0
2022-08-19 11:30:00-04:00,6.812099933624268,7.690000057220459,6.812099933624268,7.309999942779541,1016587,0.0,0.0
2022-08-19 12:30:00-04:00,7.324999809265137,7.480000019073486,7.060100078582764,7.340000152587891,239839,0.0,0.0
2022-08-19 13:30:00-04:00,7.300000190734863,7.539999961853027,7.02400016784668,7.329999923706055,221125,0.0,0.0
2022-08-19 14:30:00-04:00,7.295000076293945,7.5,7.130000114440918,7.2164998054504395,162044,0.0,0.0
2022-08-19 15:30:00-04:00,7.230000019073486,7.351799964904785,7.163899898529053,7.260000228881836,63221,0.0,0.0
2022-08-22 09:30:00-04:00,7.019999980926514,7.630000114440918,6.769999980926514,7.100100040435791,528721,0.0,0.0
2022-08-22 10:30:00-04:00,7.099999904632568,7.849999904632568,6.960000038146973,7.800000190734863,503596,0.0,0.0
2022-08-22 11:30:00-04:00,7.769999980926514,8.29990005493164,7.500199794769287,7.860799789428711,1476062,0.0,0.0
2022-08-22 12:30:00-04:00,7.860000133514404,8.109999656677246,7.514999866485596,7.53380012512207,524700,0.0,0.0
2022-08-22 13:30:00-04:00,7.534999847412109,7.7399001121521,7.53000020980835,7.710299968719482,304008,0.0,0.0
2022-08-22 14:30:00-04:00,7.699999809265137,8.26990032196045,7.679999828338623,7.7804999351501465,970895,0.0,0.0
2022-08-22 15:30:00-04:00,7.849999904632568,7.860000133514404,7.630000114440918,7.787799835205078,228846,0.0,0.0
2022-08-23 09:30:00-04:00,8.770000457763672,11.539899826049805,8.600000381469727,10.369999885559082,21174105,0.0,0.0
2022-08-23 10:30:00-04:00,10.370200157165527,12.760000228881836,10.239999771118164,12.299799919128418,16951777,0.0,0.0
2022-08-23 11:30:00-04:00,12.299799919128418,12.487799644470215,10.34000015258789,10.699999809265137,7356992,0.0,0.0
2022-08-23 12:30:00-04:00,10.739899635314941,11.25,10.510000228881836,10.70989990234375,3281245,0.0,0.0
2022-08-23 13:30:00-04:00,10.709699630737305,12.100000381469727,10.569999694824219,11.779999732971191,7111166,0.0,0.0
2022-08-23 14:30:00-04:00,11.800000190734863,12.029999732971191,11.029999732971191,11.390000343322754,3503376,0.0,0.0
2022-08-23 15:30:00-04:00,11.375,11.649999618530273,11.080100059509277,11.463399887084961,1550011,0.0,0.0
2022-08-24 09:30:00-04:00,10.619999885559082,10.785200119018555,9.630000114440918,10.079999923706055,3131037,0.0,0.0
2022-08-24 10:30:00-04:00,10.140000343322754,11.399999618530273,9.770000457763672,10.639300346374512,2877500,0.0,0.0
2022-08-24 11:30:00-04:00,10.635000228881836,10.859999656677246,9.710000038146973,10.599800109863281,1116080,0.0,0.0
2022-08-24 12:30:00-04:00,10.615599632263184,10.850000381469727,10.010000228881836,10.239999771118164,909354,0.0,0.0
2022-08-24 13:30:00-04:00,10.25,10.899999618530273,10.149999618530273,10.8149995803833,458648,0.0,0.0
2022-08-24 14:30:00-04:00,10.829999923706055,11.040599822998047,10.520000457763672,10.750100135803223,481746,0.0,0.0
2022-08-24 15:30:00-04:00,10.75,11.970000267028809,10.6899995803833,11.869999885559082,959721,0.0,0.0
2022-08-25 09:30:00-04:00,11.180000305175781,11.850000381469727,10.270000457763672,10.429900169372559,1514280,0.0,0.0
2022-08-25 10:30:00-04:00,10.350000381469727,10.649999618530273,10.069999694824219,10.366900444030762,633361,0.0,0.0
2022-08-25 11:30:00-04:00,10.369999885559082,10.600000381469727,10.150099754333496,10.199999809265137,364595,0.0,0.0
2022-08-25 12:30:00-04:00,10.21500015258789,10.531299591064453,10.119999885559082,10.300000190734863,294297,0.0,0.0
2022-08-25 13:30:00-04:00,10.319999694824219,10.381500244140625,9.729999542236328,9.75,352257,0.0,0.0
2022-08-25 14:30:00-04:00,9.749699592590332,9.84000015258789,9.050000190734863,9.250399589538574,858620,0.0,0.0
2022-08-25 15:30:00-04:00,9.255200386047363,9.34000015258789,8.6899995803833,8.800000190734863,369649,0.0,0.0
2022-08-26 09:30:00-04:00,8.960000038146973,9.670000076293945,8.920000076293945,9.485699653625488,979263,0.0,0.0
2022-08-26 10:30:00-04:00,9.479999542236328,9.489899635314941,8.710000038146973,8.84000015258789,499920,0.0,0.0
2022-08-26 11:30:00-04:00,8.800100326538086,9.26990032196045,8.800100326538086,9.003999710083008,214576,0.0,0.0
2022-08-26 12:30:00-04:00,9.02750015258789,9.149999618530273,8.949999809265137,9.149999618530273,74989,0.0,0.0
2022-08-26 13:30:00-04:00,9.124799728393555,9.420000076293945,9.050000190734863,9.420000076293945,226217,0.0,0.0
2022-08-26 14:30:00-04:00,9.40999984741211,9.989999771118164,9.25,9.600000381469727,889381,0.0,0.0
2022-08-26 15:30:00-04:00,9.635000228881836,9.84000015258789,9.47130012512207,9.619500160217285,313131,0.0,0.0
2022-08-29 09:30:00-04:00,9.960000038146973,10.369999885559082,9.619999885559082,9.789999961853027,2805149,0.0,0.0
2022-08-29 10:30:00-04:00,9.78499984741211,10.09000015258789,9.449999809265137,9.710000038146973,925102,0.0,0.0
2022-08-29 11:30:00-04:00,9.71049976348877,10.109999656677246,9.550000190734863,10.100000381469727,546138,0.0,0.0
2022-08-29 12:30:00-04:00,10.11989974975586,10.25,9.800000190734863,10.039999961853027,389165,0.0,0.0
2022-08-29 13:30:00-04:00,10.039999961853027,10.199999809265137,9.800000190734863,10.119999885559082,607002,0.0,0.0
2022-08-29 14:30:00-04:00,10.149999618530273,10.199999809265137,9.3100004196167,9.5,309461,0.0,0.0
2022-08-29 15:30:00-04:00,9.5,9.539999961853027,8.699999809265137,8.930000305175781,464492,0.0,0.0
2022-08-30 09:30:00-04:00,8.720000267028809,8.800000190734863,7.440000057220459,7.920000076293945,992972,0.0,0.0
2022-08-30 10:30:00-04:00,7.95989990234375,8.0,7.320000171661377,7.800000190734863,331798,0.0,0.0
2022-08-30 11:30:00-04:00,7.787300109863281,7.920000076293945,7.630000114440918,7.920000076293945,134821,0.0,0.0
2022-08-30 12:30:00-04:00,7.920000076293945,7.920000076293945,7.559999942779541,7.75,88297,0.0,0.0
2022-08-30 13:30:00-04:00,7.739999771118164,7.820000171661377,7.449999809265137,7.583099842071533,141670,0.0,0.0
2022-08-30 14:30:00-04:00,7.607900142669678,7.690000057220459,7.440000057220459,7.4446001052856445,106242,0.0,0.0
2022-08-30 15:30:00-04:00,7.5,7.559899806976318,7.400000095367432,7.480000019073486,106897,0.0,0.0
2022-08-31 09:30:00-04:00,7.579999923706055,7.690000057220459,7.199999809265137,7.400000095367432,353488,0.0,0.0
2022-08-31 10:30:00-04:00,7.440000057220459,7.994999885559082,7.400000095367432,7.957900047302246,477436,0.0,0.0
2022-08-31 11:30:00-04:00,7.820000171661377,8.350000381469727,7.690000057220459,7.84119987487793,504397,0.0,0.0
2022-08-31 12:30:00-04:00,7.840000152587891,8.180000305175781,7.759799957275391,7.960000038146973,214404,0.0,0.0
2022-08-31 13:30:00-04:00,8.0,8.0,7.690000057220459,7.738699913024902,102811,0.0,0.0
2022-08-31 14:30:00-04:00,7.75,7.760000228881836,7.46999979019165,7.599999904632568,104665,0.0,0.0
2022-08-31 15:30:00-04:00,7.598899841308594,7.6468000411987305,7.480000019073486,7.480000019073486,45512,0.0,0.0
2022-09-01 09:30:00-04:00,7.21999979019165,7.404200077056885,6.800000190734863,7.170100212097168,338429,0.0,0.0
2022-09-01 10:30:00-04:00,7.170000076293945,7.399199962615967,7.059999942779541,7.154099941253662,79142,0.0,0.0
2022-09-01 11:30:00-04:00,7.179999828338623,7.23799991607666,7.070000171661377,7.119999885559082,89944,0.0,0.0
2022-09-01 12:30:00-04:00,7.119999885559082,7.320000171661377,7.070000171661377,7.25,33484,0.0,0.0
2022-09-01 13:30:00-04:00,7.28000020980835,7.28000020980835,6.862800121307373,7.010000228881836,157983,0.0,0.0
2022-09-01 14:30:00-04:00,7.0,7.072999954223633,6.800000190734863,6.912099838256836,100228,0.0,0.0
2022-09-01 15:30:00-04:00,6.92080020904541,7.070000171661377,6.900000095367432,6.980000019073486,51936,0.0,0.0
2022-09-02 09:30:00-04:00,7.340000152587891,7.730000019073486,7.300000190734863,7.420000076293945,442549,0.0,0.0
2022-09-02 10:30:00-04:00,7.5,7.5,7.239999771118164,7.429999828338623,131906,0.0,0.0
2022-09-02 11:30:00-04:00,7.349999904632568,7.510000228881836,7.281000137329102,7.5,75491,0.0,0.0
2022-09-02 12:30:00-04:00,7.4953999519348145,7.4953999519348145,7.119999885559082,7.199999809265137,131070,0.0,0.0
2022-09-02 13:30:00-04:00,7.199999809265137,7.369900226593018,7.130000114440918,7.340000152587891,98282,0.0,0.0
2022-09-02 14:30:00-04:00,7.309999942779541,8.399999618530273,7.25,7.896100044250488,781628,0.0,0.0
2022-09-02 15:30:00-04:00,7.920000076293945,8.156200408935547,7.860300064086914,7.966899871826172,297456,0.0,0.0
2022-09-06 09:30:00-04:00,7.949999809265137,8.59000015258789,7.78000020980835,8.079999923706055,899258,0.0,0.0
2022-09-06 10:30:00-04:00,7.978400230407715,8.119999885559082,7.869999885559082,8.048999786376953,194662,0.0,0.0
2022-09-06 11:30:00-04:00,8.039999961853027,8.4399995803833,7.920000076293945,8.190699577331543,312175,0.0,0.0
2022-09-06 12:30:00-04:00,8.254199981689453,8.300000190734863,8.0,8.09000015258789,75543,0.0,0.0
2022-09-06 13:30:00-04:00,8.0600004196167,8.199999809265137,7.949999809265137,8.112099647521973,108701,0.0,0.0
2022-09-06 14:30:00-04:00,8.140000343322754,8.140000343322754,8.010000228881836,8.029999732971191,47355,0.0,0.0
2022-09-06 15:30:00-04:00,8.050000190734863,8.098899841308594,7.599999904632568,7.610000133514404,190178,0.0,0.0
2022-09-07 09:30:00-04:00,7.5,7.800000190734863,7.150100231170654,7.650000095367432,336983,0.0,0.0
2022-09-07 10:30:00-04:00,7.650000095367432,7.699999809265137,7.398499965667725,7.5229997634887695,65038,0.0,0.0
2022-09-07 11:30:00-04:00,7.545000076293945,7.590000152587891,7.200099945068359,7.349999904632568,116794,0.0,0.0
2022-09-07 12:30:00-04:00,7.309999942779541,7.400000095367432,7.179999828338623,7.340000152587891,151365,0.0,0.0
2022-09-07 13:30:00-04:00,7.340000152587891,7.340000152587891,7.099999904632568,7.132999897003174,137658,0.0,0.0
2022-09-07 14:30:00-04:00,7.149899959564209,7.429999828338623,7.052800178527832,7.429999828338623,78605,0.0,0.0
2022-09-07 15:30:00-04:00,7.429999828338623,7.440000057220459,7.130000114440918,7.21999979019165,44606,0.0,0.0
2022-09-08 09:30:00-04:00,7.269999980926514,7.489999771118164,7.260000228881836,7.327600002288818,204826,0.0,0.0
2022-09-08 10:30:00-04:00,7.300000190734863,7.339900016784668,7.110000133514404,7.255000114440918,64692,0.0,0.0
2022-09-08 11:30:00-04:00,7.216599941253662,7.25,7.139999866485596,7.224999904632568,47803,0.0,0.0
2022-09-08 12:30:00-04:00,7.250400066375732,7.670000076293945,7.190000057220459,7.519999980926514,168436,0.0,0.0
2022-09-08 13:30:00-04:00,7.5,7.539999961853027,7.340000152587891,7.400000095367432,56315,0.0,0.0
2022-09-08 14:30:00-04:00,7.400000095367432,7.46999979019165,7.230000019073486,7.304999828338623,40134,0.0,0.0
2022-09-08 15:30:00-04:00,7.339900016784668,7.340000152587891,7.190000057220459,7.284999847412109,52661,0.0,0.0
2022-09-09 09:30:00-04:00,7.659999847412109,7.699999809265137,7.329999923706055,7.406499862670898,266025,0.0,0.0
2022-09-09 10:30:00-04:00,7.414999961853027,7.444900035858154,7.230000019073486,7.3069000244140625,90458,0.0,0.0
2022-09-09 11:30:00-04:00,7.289999961853027,7.389999866485596,7.28000020980835,7.321000099182129,46698,0.0,0.0
2022-09-09 12:30:00-04:00,7.35230016708374,7.739299774169922,7.320000171661377,7.462800025939941,458433,0.0,0.0
2022-09-09 13:30:00-04:00,7.46999979019165,7.610000133514404,7.360000133514404,7.428599834442139,150542,0.0,0.0
2022-09-09 14:30:00-04:00,7.469900131225586,7.630000114440918,7.360000133514404,7.514999866485596,129771,0.0,0.0
2022-09-09 15:30:00-04:00,7.5,7.53000020980835,7.360000133514404,7.429999828338623,32363,0.0,0.0
2022-09-12 09:30:00-04:00,7.5,7.599999904632568,7.3968000411987305,7.53000020980835,279675,0.0,0.0
2022-09-12 10:30:00-04:00,7.53000020980835,7.719900131225586,7.389999866485596,7.480000019073486,187560,0.0,0.0
2022-09-12 11:30:00-04:00,7.519899845123291,7.519999980926514,7.4207000732421875,7.465000152587891,47048,0.0,0.0
2022-09-12 12:30:00-04:00,7.423299789428711,7.506899833679199,7.400000095367432,7.439499855041504,34804,0.0,0.0
2022-09-12 13:30:00-04:00,7.425099849700928,7.639900207519531,7.409999847412109,7.428100109100342,215300,0.0,0.0
2022-09-12 14:30:00-04:00,7.46999979019165,7.509900093078613,7.380099773406982,7.420000076293945,34960,0.0,0.0
2022-09-12 15:30:00-04:00,7.429999828338623,7.5,7.400000095367432,7.451399803161621,53241,0.0,0.0
2022-09-13 09:30:00-04:00,7.230000019073486,7.394999980926514,7.010000228881836,7.119999885559082,293415,0.0,0.0
2022-09-13 10:30:00-04:00,7.105000019073486,7.130000114440918,6.75,6.850500106811523,189223,0.0,0.0
2022-09-13 11:30:00-04:00,6.900000095367432,6.960000038146973,6.803699970245361,6.909999847412109,51549,0.0,0.0
2022-09-13 12:30:00-04:00,6.900100231170654,6.992000102996826,6.769999980926514,6.992000102996826,58293,0.0,0.0
2022-09-13 13:30:00-04:00,7.0,7.170000076293945,6.849999904632568,6.867199897766113,265075,0.0,0.0
2022-09-13 14:30:00-04:00,6.885000228881836,6.980000019073486,6.849999904632568,6.920000076293945,61825,0.0,0.0
2022-09-13 15:30:00-04:00,6.900000095367432,6.960000038146973,6.860000133514404,6.880000114440918,31217,0.0,0.0
2022-09-14 09:30:00-04:00,6.96999979019165,7.639999866485596,6.9653000831604,7.409999847412109,841140,0.0,0.0
2022-09-14 10:30:00-04:00,7.394999980926514,7.579999923706055,7.309999942779541,7.375,358226,0.0,0.0
2022-09-14 11:30:00-04:00,7.360000133514404,7.647900104522705,7.340000152587891,7.619999885559082,318743,0.0,0.0
2022-09-14 12:30:00-04:00,7.619999885559082,7.690000057220459,7.440000057220459,7.488699913024902,247051,0.0,0.0
2022-09-14 13:30:00-04:00,7.5,7.559999942779541,7.309999942779541,7.400000095367432,77468,0.0,0.0
2022-09-14 14:30:00-04:00,7.385000228881836,7.460000038146973,7.260000228881836,7.300099849700928,64454,0.0,0.0
2022-09-14 15:30:00-04:00,7.373300075531006,7.429999828338623,7.289999961853027,7.360000133514404,60313,0.0,0.0
2022-09-15 09:30:00-04:00,7.320000171661377,7.333600044250488,7.019999980926514,7.03000020980835,251330,0.0,0.0
2022-09-15 10:30:00-04:00,7.0518999099731445,7.25,7.03000020980835,7.160399913787842,74583,0.0,0.0
2022-09-15 11:30:00-04:00,7.159999847412109,7.199999809265137,6.909999847412109,6.980000019073486,175607,0.0,0.0
2022-09-15 12:30:00-04:00,6.980000019073486,7.130000114440918,6.960000038146973,7.105000019073486,100615,0.0,0.0
2022-09-15 13:30:00-04:00,7.105000019073486,7.213799953460693,7.039999961853027,7.199999809265137,112559,0.0,0.0
2022-09-15 14:30:00-04:00,7.199999809265137,7.199999809265137,7.050000190734863,7.067999839782715,18113,0.0,0.0
2022-09-15 15:30:00-04:00,7.099999904632568,7.170000076293945,7.079999923706055,7.110000133514404,14952,0.0,0.0
2022-09-16 09:30:00-04:00,7.010000228881836,7.105000019073486,6.800000190734863,6.965000152587891,248947,0.0,0.0
2022-09-16 10:30:00-04:00,6.961400032043457,7.090000152587891,6.820000171661377,6.849999904632568,178076,0.0,0.0
2022-09-16 11:30:00-04:00,6.899899959564209,6.899899959564209,6.639999866485596,6.683199882507324,165387,0.0,0.0
2022-09-16 12:30:00-04:00,6.670000076293945,6.699900150299072,6.5,6.539999961853027,99583,0.0,0.0
2022-09-16 13:30:00-04:00,6.539999961853027,6.78000020980835,6.539999961853027,6.679999828338623,32467,0.0,0.0
2022-09-16 14:30:00-04:00,6.769999980926514,6.769999980926514,6.630000114440918,6.75,68362,0.0,0.0
2022-09-16 15:30:00-04:00,6.719900131225586,6.75,6.639999866485596,6.639999866485596,25871,0.0,0.0
2022-09-19 09:30:00-04:00,6.570000171661377,6.739999771118164,6.570000171661377,6.610000133514404,177811,0.0,0.0
2022-09-19 10:30:00-04:00,6.657400131225586,6.714000225067139,6.400000095367432,6.5,84061,0.0,0.0
2022-09-19 11:30:00-04:00,6.5507001876831055,6.599999904632568,6.28000020980835,6.28000020980835,223844,0.0,0.0
2022-09-19 12:30:00-04:00,6.273900032043457,6.440000057220459,6.273900032043457,6.400000095367432,81399,0.0,0.0
2022-09-19 13:30:00-04:00,6.410699844360352,6.485000133514404,6.375899791717529,6.389599800109863,40711,0.0,0.0
2022-09-19 14:30:00-04:00,6.370100021362305,6.389999866485596,6.248000144958496,6.25,64937,0.0,0.0
2022-09-19 15:30:00-04:00,6.250999927520752,6.340000152587891,6.223299980163574,6.329999923706055,55796,0.0,0.0
2022-09-20 09:30:00-04:00,6.210000038146973,6.400000095367432,6.116799831390381,6.21999979019165,80112,0.0,0.0
2022-09-20 10:30:00-04:00,6.300000190734863,6.449999809265137,6.240099906921387,6.340099811553955,31445,0.0,0.0
2022-09-20 11:30:00-04:00,6.400000095367432,6.420000076293945,6.340000152587891,6.361499786376953,19930,0.0,0.0
2022-09-20 12:30:00-04:00,6.300099849700928,6.360000133514404,6.300000190734863,6.300000190734863,7127,0.0,0.0
2022-09-20 13:30:00-04:00,6.305799961090088,6.369999885559082,6.269999980926514,6.349999904632568,27626,0.0,0.0
2022-09-20 14:30:00-04:00,6.320000171661377,6.360000133514404,6.210000038146973,6.230000019073486,11775,0.0,0.0
2022-09-20 15:30:00-04:00,6.239999771118164,6.260000228881836,6.139999866485596,6.190000057220459,26374,0.0,0.0
2022-09-21 09:30:00-04:00,6.369999885559082,6.5,6.201700210571289,6.460000038146973,171847,0.0,0.0
2022-09-21 10:30:00-04:00,6.446300029754639,6.599999904632568,6.289999961853027,6.419600009918213,140837,0.0,0.0
2022-09-21 11:30:00-04:00,6.453000068664551,6.456200122833252,6.329999923706055,6.340099811553955,33872,0.0,0.0
2022-09-21 12:30:00-04:00,6.340000152587891,6.411900043487549,6.269999980926514,6.349999904632568,24794,0.0,0.0
2022-09-21 13:30:00-04:00,6.365600109100342,6.389999866485596,6.150000095367432,6.25,120640,0.0,0.0
2022-09-21 14:30:00-04:00,6.25,6.380000114440918,6.226900100708008,6.28000020980835,18880,0.0,0.0
2022-09-21 15:30:00-04:00,6.28000020980835,6.289999961853027,6.130000114440918,6.150000095367432,59002,0.0,0.0
2022-09-22 09:30:00-04:00,6.25,6.550000190734863,6.0,6.090000152587891,272970,0.0,0.0
2022-09-22 10:30:00-04:00,6.119200229644775,6.159999847412109,5.860000133514404,5.920000076293945,166715,0.0,0.0
2022-09-22 11:30:00-04:00,5.982399940490723,6.039999961853027,5.909999847412109,5.991199970245361,28442,0.0,0.0
2022-09-22 12:30:00-04:00,6.049099922180176,6.049099922180176,5.952300071716309,5.991600036621094,14916,0.0,0.0
2022-09-22 13:30:00-04:00,5.9720001220703125,6.159999847412109,5.96999979019165,6.070000171661377,49457,0.0,0.0
2022-09-22 14:30:00-04:00,6.099899768829346,6.153299808502197,6.010000228881836,6.130000114440918,14518,0.0,0.0
2022-09-22 15:30:00-04:00,6.125899791717529,6.150000095367432,6.014999866485596,6.050000190734863,21748,0.0,0.0
2022-09-23 09:30:00-04:00,5.71999979019165,5.7515997886657715,5.409999847412109,5.621600151062012,185627,0.0,0.0
2022-09-23 10:30:00-04:00,5.579999923706055,5.659999847412109,5.510000228881836,5.659999847412109,69637,0.0,0.0
2022-09-23 11:30:00-04:00,5.659999847412109,5.659999847412109,5.570000171661377,5.610000133514404,22263,0.0,0.0
2022-09-23 12:30:00-04:00,5.599999904632568,5.61899995803833,5.5,5.570000171661377,49013,0.0,0.0
2022-09-23 13:30:00-04:00,5.559999942779541,5.630000114440918,5.490099906921387,5.550099849700928,34421,0.0,0.0
2022-09-23 14:30:00-04:00,5.563799858093262,5.579999923706055,5.480000019073486,5.550000190734863,24977,0.0,0.0
2022-09-23 15:30:00-04:00,5.53000020980835,5.650000095367432,5.53000020980835,5.611599922180176,36168,0.0,0.0
2022-09-26 09:30:00-04:00,5.599999904632568,5.730000019073486,5.5,5.66540002822876,143949,0.0,0.0
2022-09-26 10:30:00-04:00,5.630000114440918,5.659999847412109,5.440100193023682,5.453499794006348,43462,0.0,0.0
2022-09-26 11:30:00-04:00,5.460000038146973,5.460000038146973,5.21999979019165,5.320000171661377,101446,0.0,0.0
2022-09-26 12:30:00-04:00,5.320000171661377,5.369999885559082,5.21999979019165,5.228300094604492,60954,0.0,0.0
2022-09-26 13:30:00-04:00,5.230000019073486,5.343200206756592,5.210000038146973,5.260000228881836,28713,0.0,0.0
2022-09-26 14:30:00-04:00,5.220099925994873,5.275000095367432,5.210000038146973,5.255000114440918,25219,0.0,0.0
2022-09-26 15:30:00-04:00,5.25,5.25,5.119999885559082,5.25,77816,0.0,0.0
2022-09-27 09:30:00-04:00,5.360000133514404,5.699999809265137,5.360000133514404,5.489999771118164,210884,0.0,0.0
2022-09-27 10:30:00-04:00,5.505000114440918,5.690000057220459,5.483099937438965,5.5991997718811035,98998,0.0,0.0
2022-09-27 11:30:00-04:00,5.599999904632568,5.599999904632568,5.400000095367432,5.5,49721,0.0,0.0
2022-09-27 12:30:00-04:00,5.538599967956543,5.539999961853027,5.400000095367432,5.5,30631,0.0,0.0
2022-09-27 13:30:00-04:00,5.5,5.67140007019043,5.454999923706055,5.650000095367432,154176,0.0,0.0
2022-09-27 14:30:00-04:00,5.65500020980835,5.710000038146973,5.550099849700928,5.619999885559082,93194,0.0,0.0
2022-09-27 15:30:00-04:00,5.610000133514404,5.610000133514404,5.449999809265137,5.489999771118164,46935,0.0,0.0
2022-09-28 09:30:00-04:00,5.489999771118164,5.820000171661377,5.449999809265137,5.808599948883057,155601,0.0,0.0
2022-09-28 10:30:00-04:00,5.809899806976318,5.96999979019165,5.639999866485596,5.760000228881836,205374,0.0,0.0
2022-09-28 11:30:00-04:00,5.820000171661377,5.948299884796143,5.679999828338623,5.820000171661377,67062,0.0,0.0
2022-09-28 12:30:00-04:00,5.82450008392334,5.899899959564209,5.739999771118164,5.849999904632568,26774,0.0,0.0
2022-09-28 13:30:00-04:00,5.863900184631348,5.889999866485596,5.78000020980835,5.889999866485596,48737,0.0,0.0
2022-09-28 14:30:00-04:00,5.829999923706055,6.369999885559082,5.829999923706055,6.309899806976318,251432,0.0,0.0
2022-09-28 15:30:00-04:00,6.289000034332275,6.309999942779541,6.079999923706055,6.090000152587891,111344,0.0,0.0
2022-09-29 09:30:00-04:00,6.340000152587891,6.369999885559082,5.800000190734863,5.949999809265137,187633,0.0,0.0
2022-09-29 10:30:00-04:00,5.949999809265137,6.132500171661377,5.849999904632568,6.0,82424,0.0,0.0
2022-09-29 11:30:00-04:00,6.0,6.300000190734863,5.970099925994873,6.072700023651123,74850,0.0,0.0
2022-09-29 12:30:00-04:00,6.070099830627441,6.139200210571289,6.019999980926514,6.109899997711182,45208,0.0,0.0
2022-09-29 13:30:00-04:00,6.039999961853027,6.74970006942749,5.900000095367432,6.730000019073486,929118,0.0,0.0
2022-09-29 14:30:00-04:00,6.730000019073486,7.619999885559082,6.599999904632568,6.914999961853027,3791855,0.0,0.0
2022-09-29 15:30:00-04:00,6.909999847412109,6.9141998291015625,6.510000228881836,6.570000171661377,596885,0.0,0.0
2022-09-30 09:30:00-04:00,6.619999885559082,6.829899787902832,6.343400001525879,6.400000095367432,256118,0.0,0.0
2022-09-30 10:30:00-04:00,6.423699855804443,6.819900035858154,6.420000076293945,6.755000114440918,130149,0.0,0.0
2022-09-30 11:30:00-04:00,6.760000228881836,6.900000095367432,6.599999904632568,6.650000095367432,155930,0.0,0.0
2022-09-30 12:30:00-04:00,6.599999904632568,6.900000095367432,6.599999904632568,6.71999979019165,95583,0.0,0.0
2022-09-30 13:30:00-04:00,6.730000019073486,6.739999771118164,6.630000114440918,6.679500102996826,34936,0.0,0.0
2022-09-30 14:30:00-04:00,6.670000076293945,6.699900150299072,6.400000095367432,6.474999904632568,102226,0.0,0.0
2022-09-30 15:30:00-04:00,6.457699775695801,6.565000057220459,6.409999847412109,6.440000057220459,58886,0.0,0.0
2022-10-03 09:30:00-04:00,6.880000114440918,7.179999828338623,6.639999866485596,6.900000095367432,564155,0.0,0.0
2022-10-03 10:30:00-04:00,6.924799919128418,6.999899864196777,6.610000133514404,6.699999809265137,191403,0.0,0.0
2022-10-03 11:30:00-04:00,6.699999809265137,6.768799781799316,6.630000114440918,6.695400238037109,96402,0.0,0.0
2022-10-03 12:30:00-04:00,6.702300071716309,6.879899978637695,6.662600040435791,6.809999942779541,54924,0.0,0.0
2022-10-03 13:30:00-04:00,6.849999904632568,6.984799861907959,6.769999980926514,6.9720001220703125,62148,0.0,0.0
2022-10-03 14:30:00-04:00,6.985400199890137,7.110000133514404,6.880000114440918,7.090000152587891,144705,0.0,0.0
2022-10-03 15:30:00-04:00,7.099999904632568,7.150000095367432,6.929999828338623,6.929999828338623,201942,0.0,0.0
2022-10-04 09:30:00-04:00,7.179999828338623,7.190000057220459,6.860000133514404,6.945400238037109,233332,0.0,0.0
2022-10-04 10:30:00-04:00,6.945000171661377,7.479899883270264,6.945000171661377,7.346399784088135,746122,0.0,0.0
2022-10-04 11:30:00-04:00,7.28000020980835,7.539999961853027,7.150000095367432,7.235300064086914,441407,0.0,0.0
2022-10-04 12:30:00-04:00,7.200099945068359,7.244699954986572,7.010000228881836,7.150000095367432,95655,0.0,0.0
2022-10-04 13:30:00-04:00,7.170000076293945,7.300000190734863,7.099999904632568,7.239999771118164,57219,0.0,0.0
2022-10-04 14:30:00-04:00,7.239999771118164,7.289999961853027,7.070000171661377,7.149499893188477,86315,0.0,0.0
2022-10-04 15:30:00-04:00,7.110000133514404,7.184999942779541,7.050099849700928,7.130000114440918,91784,0.0,0.0
2022-10-05 09:30:00-04:00,8.300000190734863,9.300000190734863,7.600100040435791,8.033300399780273,3793614,0.0,0.0
2022-10-05 10:30:00-04:00,8.050000190734863,8.470000267028809,8.0,8.170000076293945,1085307,0.0,0.0
2022-10-05 11:30:00-04:00,8.15999984741211,8.539999961853027,8.100000381469727,8.225000381469727,656565,0.0,0.0
2022-10-05 12:30:00-04:00,8.199999809265137,8.609999656677246,8.149999618530273,8.4399995803833,811040,0.0,0.0
2022-10-05 13:30:00-04:00,8.414999961853027,8.414999961853027,8.079999923706055,8.130000114440918,349687,0.0,0.0
2022-10-05 14:30:00-04:00,8.119999885559082,8.359999656677246,8.0,8.109999656677246,162487,0.0,0.0
2022-10-05 15:30:00-04:00,8.109999656677246,8.1943998336792,8.029999732971191,8.130000114440918,140074,0.0,0.0
2022-10-06 09:30:00-04:00,8.220000267028809,8.220000267028809,7.5,7.510000228881836,551201,0.0,0.0
2022-10-06 10:30:00-04:00,7.501200199127197,8.0,7.5,7.800000190734863,238825,0.0,0.0
2022-10-06 11:30:00-04:00,7.800000190734863,7.829899787902832,7.610000133514404,7.72160005569458,92397,0.0,0.0
2022-10-06 12:30:00-04:00,7.71999979019165,7.920000076293945,7.670000076293945,7.900000095367432,72615,0.0,0.0
2022-10-06 13:30:00-04:00,7.900000095367432,8.130000114440918,7.78000020980835,8.055000305175781,229557,0.0,0.0
2022-10-06 14:30:00-04:00,8.050000190734863,8.059900283813477,7.71999979019165,7.900000095367432,159645,0.0,0.0
2022-10-06 15:30:00-04:00,7.880000114440918,7.889999866485596,7.71999979019165,7.71999979019165,110233,0.0,0.0
2022-10-07 09:30:00-04:00,7.690000057220459,8.29990005493164,7.563799858093262,8.107799530029297,1187977,0.0,0.0
2022-10-07 10:30:00-04:00,8.149900436401367,8.289999961853027,7.889999866485596,8.020999908447266,761841,0.0,0.0
2022-10-07 11:30:00-04:00,8.020000457763672,8.239999771118164,7.909999847412109,8.081100463867188,652838,0.0,0.0
2022-10-07 12:30:00-04:00,8.079999923706055,8.100000381469727,7.690000057220459,7.920000076293945,318355,0.0,0.0
2022-10-07 13:30:00-04:00,7.8516998291015625,7.880000114440918,7.71999979019165,7.869999885559082,98619,0.0,0.0
2022-10-07 14:30:00-04:00,7.849999904632568,7.96999979019165,7.659999847412109,7.741000175476074,230505,0.0,0.0
2022-10-07 15:30:00-04:00,7.75,7.889999866485596,7.670000076293945,7.800000190734863,122896,0.0,0.0
2022-10-10 09:30:00-04:00,7.75,7.840000152587891,7.170000076293945,7.381199836730957,379124,0.0,0.0
2022-10-10 10:30:00-04:00,7.300000190734863,7.5,7.1620001792907715,7.25,142283,0.0,0.0
2022-10-10 11:30:00-04:00,7.221199989318848,7.400000095367432,7.193399906158447,7.28000020980835,30247,0.0,0.0
2022-10-10 12:30:00-04:00,7.28000020980835,7.29640007019043,7.019999980926514,7.099999904632568,72644,0.0,0.0
2022-10-10 13:30:00-04:00,7.099999904632568,7.289999961853027,7.099999904632568,7.110000133514404,55375,0.0,0.0
2022-10-10 14:30:00-04:00,7.080100059509277,7.1528000831604,7.010000228881836,7.04010009765625,34389,0.0,0.0
2022-10-10 15:30:00-04:00,7.059999942779541,7.159999847412109,7.027599811553955,7.070000171661377,50278,0.0,0.0
2022-10-11 09:30:00-04:00,6.710000038146973,6.973100185394287,6.409999847412109,6.494999885559082,328601,0.0,0.0
2022-10-11 10:30:00-04:00,6.494999885559082,6.590000152587891,6.349999904632568,6.590000152587891,90091,0.0,0.0
2022-10-11 11:30:00-04:00,6.550000190734863,6.579999923706055,6.349999904632568,6.465000152587891,128639,0.0,0.0
2022-10-11 12:30:00-04:00,6.46999979019165,6.539899826049805,6.300000190734863,6.36899995803833,68124,0.0,0.0
2022-10-11 13:30:00-04:00,6.36299991607666,6.429599761962891,6.309999942779541,6.335000038146973,58651,0.0,0.0
2022-10-11 14:30:00-04:00,6.329999923706055,6.380000114440918,6.199999809265137,6.28000020980835,74758,0.0,0.0
2022-10-11 15:30:00-04:00,6.319900035858154,6.389900207519531,6.25,6.25,62224,0.0,0.0
2022-10-12 09:30:00-04:00,6.25,6.360000133514404,6.060100078582764,6.11329984664917,130270,0.0,0.0
2022-10-12 10:30:00-04:00,6.141200065612793,6.300000190734863,6.110000133514404,6.21999979019165,35589,0.0,0.0
2022-10-12 11:30:00-04:00,6.210000038146973,6.389999866485596,6.199999809265137,6.300000190734863,50910,0.0,0.0
2022-10-12 12:30:00-04:00,6.28000020980835,6.389999866485596,6.245999813079834,6.305799961090088,82894,0.0,0.0
2022-10-12 13:30:00-04:00,6.28849983215332,6.345099925994873,6.260000228881836,6.340000152587891,11096,0.0,0.0
2022-10-12 14:30:00-04:00,6.335899829864502,6.389999866485596,6.210000038146973,6.389999866485596,18641,0.0,0.0
2022-10-12 15:30:00-04:00,6.360000133514404,6.380000114440918,6.28000020980835,6.28000020980835,0,0.0,0.0
2022-10-13 09:30:00-04:00,6.03000020980835,6.480000019073486,6.03000020980835,6.24370002746582,138738,0.0,0.0
2022-10-13 10:30:00-04:00,6.230000019073486,6.71999979019165,6.230000019073486,6.570000171661377,271327,0.0,0.0
2022-10-13 11:30:00-04:00,6.570000171661377,6.799900054931641,6.544300079345703,6.610099792480469,149630,0.0,0.0
2022-10-13 12:30:00-04:00,6.670000076293945,6.847300052642822,6.630000114440918,6.829999923706055,67854,0.0,0.0
2022-10-13 13:30:00-04:00,6.789999961853027,6.829999923706055,6.670000076293945,6.730000019073486,59750,0.0,0.0
2022-10-13 14:30:00-04:00,6.699999809265137,6.889999866485596,6.699999809265137,6.829999923706055,39582,0.0,0.0
2022-10-13 15:30:00-04:00,6.809999942779541,6.920000076293945,6.797800064086914,6.880000114440918,59308,0.0,0.0
2022-10-14 09:30:00-04:00,6.840000152587891,6.840000152587891,6.429999828338623,6.7895002365112305,124999,0.0,0.0
2022-10-14 10:30:00-04:00,6.798999786376953,6.900000095367432,6.53000020980835,6.590000152587891,28598,0.0,0.0
2022-10-14 11:30:00-04:00,6.610000133514404,6.78000020980835,6.5518999099731445,6.730000019073486,37809,0.0,0.0
2022-10-14 12:30:00-04:00,6.75,6.75,6.510000228881836,6.539999961853027,22175,0.0,0.0
2022-10-14 13:30:00-04:00,6.574999809265137,6.670000076293945,6.489999771118164,6.570000171661377,46595,0.0,0.0
2022-10-14 14:30:00-04:00,6.570000171661377,6.619999885559082,6.480000019073486,6.53000020980835,26555,0.0,0.0
2022-10-14 15:30:00-04:00,6.519999980926514,6.639999866485596,6.480000019073486,6.550000190734863,23163,0.0,0.0
2022-10-17 09:30:00-04:00,6.630000114440918,6.829899787902832,6.579999923706055,6.739999771118164,80413,0.0,0.0
2022-10-17 10:30:00-04:00,6.735499858856201,6.78000020980835,6.559999942779541,6.679999828338623,49370,0.0,0.0
2022-10-17 11:30:00-04:00,6.699999809265137,6.739999771118164,6.590000152587891,6.739999771118164,23801,0.0,0.0
2022-10-17 12:30:00-04:00,6.736800193786621,6.78000020980835,6.690000057220459,6.78000020980835,25990,0.0,0.0
2022-10-17 13:30:00-04:00,6.71999979019165,6.75,6.639999866485596,6.650000095367432,25496,0.0,0.0
2022-10-17 14:30:00-04:00,6.670000076293945,6.670000076293945,6.610000133514404,6.670000076293945,14553,0.0,0.0
2022-10-17 15:30:00-04:00,6.670000076293945,6.699999809265137,6.579999923706055,6.579999923706055,0,0.0,0.0
2022-10-18 09:30:00-04:00,6.599999904632568,6.690000057220459,6.230000019073486,6.230000019073486,160907,0.0,0.0
2022-10-18 10:30:00-04:00,6.230000019073486,6.363800048828125,6.130000114440918,6.306600093841553,79302,0.0,0.0
2022-10-18 11:30:00-04:00,6.269999980926514,6.389999866485596,6.225200176239014,6.320000171661377,28602,0.0,0.0
2022-10-18 12:30:00-04:00,6.309999942779541,6.5,6.309999942779541,6.489999771118164,34317,0.0,0.0
2022-10-18 13:30:00-04:00,6.489999771118164,6.489999771118164,6.25,6.27239990234375,44394,0.0,0.0
2022-10-18 14:30:00-04:00,6.289999961853027,6.400000095367432,6.25,6.340000152587891,37733,0.0,0.0
2022-10-18 15:30:00-04:00,6.349999904632568,6.380000114440918,6.269999980926514,6.269999980926514,25626,0.0,0.0
2022-10-19 09:30:00-04:00,6.369999885559082,6.56790018081665,6.3140997886657715,6.5391998291015625,65028,0.0,0.0
2022-10-19 10:30:00-04:00,6.480100154876709,6.539999961853027,6.369999885559082,6.420000076293945,21073,0.0,0.0
2022-10-19 11:30:00-04:00,6.460000038146973,6.509900093078613,6.380000114440918,6.422100067138672,33802,0.0,0.0
2022-10-19 12:30:00-04:00,6.420000076293945,6.507199764251709,6.380000114440918,6.39300012588501,66708,0.0,0.0
2022-10-19 13:30:00-04:00,6.409999847412109,7.199999809265137,6.409999847412109,6.840000152587891,1039687,0.0,0.0
2022-10-19 14:30:00-04:00,6.840000152587891,6.980000019073486,6.580100059509277,6.627699851989746,98593,0.0,0.0
2022-10-19 15:30:00-04:00,6.579999923706055,6.714000225067139,6.560100078582764,6.619999885559082,53163,0.0,0.0
2022-10-20 09:30:00-04:00,7.25,7.5,6.800000190734863,6.934599876403809,2833404,0.0,0.0
2022-10-20 10:30:00-04:00,6.952199935913086,7.090000152587891,6.760000228881836,6.789999961853027,283957,0.0,0.0
2022-10-20 11:30:00-04:00,6.804999828338623,6.849899768829346,6.599999904632568,6.699900150299072,181961,0.0,0.0
2022-10-20 12:30:00-04:00,6.630000114440918,6.739999771118164,6.510000228881836,6.6554999351501465,137675,0.0,0.0
2022-10-20 13:30:00-04:00,6.650000095367432,6.670000076293945,6.480000019073486,6.52370023727417,96285,0.0,0.0
2022-10-20 14:30:00-04:00,6.539999961853027,6.699999809265137,6.480000019073486,6.675000190734863,95412,0.0,0.0
2022-10-20 15:30:00-04:00,6.6768999099731445,6.730000019073486,6.610099792480469,6.71999979019165,88590,0.0,0.0
2022-10-21 09:30:00-04:00,6.550000190734863,6.849999904632568,6.5,6.649499893188477,172096,0.0,0.0
2022-10-21 10:30:00-04:00,6.601500034332275,6.650000095367432,6.5,6.650000095367432,37075,0.0,0.0
2022-10-21 11:30:00-04:00,6.677299976348877,6.729899883270264,6.579999923706055,6.619999885559082,56909,0.0,0.0
2022-10-21 12:30:00-04:00,6.599999904632568,6.659900188446045,6.550000190734863,6.625,37895,0.0,0.0
2022-10-21 13:30:00-04:00,6.630000114440918,6.760000228881836,6.585000038146973,6.75,96075,0.0,0.0
2022-10-21 14:30:00-04:00,6.702499866485596,6.760000228881836,6.670000076293945,6.744999885559082,34827,0.0,0.0
2022-10-21 15:30:00-04:00,6.739999771118164,6.800000190734863,6.639999866485596,6.710000038146973,41072,0.0,0.0
2022-10-24 09:30:00-04:00,6.550000190734863,6.771599769592285,6.510000228881836,6.579999923706055,158444,0.0,0.0
2022-10-24 10:30:00-04:00,6.5609002113342285,6.75,6.519999980926514,6.559899806976318,122683,0.0,0.0
2022-10-24 11:30:00-04:00,6.539999961853027,6.60890007019043,6.53000020980835,6.599999904632568,23680,0.0,0.0
2022-10-24 12:30:00-04:00,6.580100059509277,6.619900226593018,6.510000228881836,6.532299995422363,16424,0.0,0.0
2022-10-24 13:30:00-04:00,6.53000020980835,6.530200004577637,6.420000076293945,6.424499988555908,38026,0.0,0.0
2022-10-24 14:30:00-04:00,6.434999942779541,6.539899826049805,6.420000076293945,6.53000020980835,46294,0.0,0.0
2022-10-24 15:30:00-04:00,6.53000020980835,6.579999923706055,6.5,6.53000020980835,17472,0.0,0.0
2022-10-25 09:30:00-04:00,6.5,7.099999904632568,6.46999979019165,7.090000152587891,268291,0.0,0.0
2022-10-25 10:30:00-04:00,7.056700229644775,7.150000095367432,6.820000171661377,6.849999904632568,133570,0.0,0.0
2022-10-25 11:30:00-04:00,6.849999904632568,6.96999979019165,6.849999904632568,6.929999828338623,20923,0.0,0.0
2022-10-25 12:30:00-04:00,6.929999828338623,6.989999771118164,6.800000190734863,6.820000171661377,25576,0.0,0.0
2022-10-25 13:30:00-04:00,6.840000152587891,7.079999923706055,6.840000152587891,7.04010009765625,85762,0.0,0.0
2022-10-25 14:30:00-04:00,7.090000152587891,7.099999904632568,6.840000152587891,7.042799949645996,80290,0.0,0.0
2022-10-25 15:30:00-04:00,7.079999923706055,7.079999923706055,6.900000095367432,7.0,53076,0.0,0.0
2022-10-26 09:30:00-04:00,7.21999979019165,7.400000095367432,7.099999904632568,7.1981000900268555,220626,0.0,0.0
2022-10-26 10:30:00-04:00,7.130000114440918,7.389999866485596,7.119999885559082,7.179999828338623,237066,0.0,0.0
2022-10-26 11:30:00-04:00,7.260000228881836,7.349999904632568,7.21999979019165,7.28000020980835,72737,0.0,0.0
2022-10-26 12:30:00-04:00,7.289999961853027,7.299900054931641,7.150000095367432,7.198699951171875,54781,0.0,0.0
2022-10-26 13:30:00-04:00,7.1975998878479,7.239999771118164,7.150000095367432,7.184999942779541,15501,0.0,0.0
2022-10-26 14:30:00-04:00,7.190000057220459,7.289999961853027,7.150000095367432,7.167500019073486,16851,0.0,0.0
2022-10-26 15:30:00-04:00,7.190000057220459,7.269999980926514,7.159999847412109,7.164999961853027,44307,0.0,0.0
2022-10-27 09:30:00-04:00,7.199999809265137,7.339900016784668,6.909999847412109,7.086599826812744,144575,0.0,0.0
2022-10-27 10:30:00-04:00,7.072299957275391,7.099999904632568,6.949999809265137,7.039999961853027,65889,0.0,0.0
2022-10-27 11:30:00-04:00,7.019999980926514,7.050000190734863,6.849999904632568,6.849999904632568,58977,0.0,0.0
2022-10-27 12:30:00-04:00,6.9039998054504395,6.935100078582764,6.809999942779541,6.860000133514404,40482,0.0,0.0
2022-10-27 13:30:00-04:00,6.849999904632568,6.880000114440918,6.730000019073486,6.739999771118164,71223,0.0,0.0
2022-10-27 14:30:00-04:00,6.730000019073486,6.789999961853027,6.599999904632568,6.599999904632568,72785,0.0,0.0
2022-10-27 15:30:00-04:00,6.614999771118164,6.71999979019165,6.599999904632568,6.630000114440918,30951,0.0,0.0
2022-10-28 09:30:00-04:00,6.699999809265137,6.840000152587891,6.460000038146973,6.514999866485596,139361,0.0,0.0
2022-10-28 10:30:00-04:00,6.53000020980835,6.629000186920166,6.460000038146973,6.53000020980835,36175,0.0,0.0
2022-10-28 11:30:00-04:00,6.579899787902832,6.579999923706055,6.460000038146973,6.53000020980835,34852,0.0,0.0
2022-10-28 12:30:00-04:00,6.545000076293945,6.610000133514404,6.480000019073486,6.480000019073486,28186,0.0,0.0
2022-10-28 13:30:00-04:00,6.494500160217285,6.5,6.420000076293945,6.46999979019165,66600,0.0,0.0
2022-10-28 14:30:00-04:00,6.46999979019165,6.579999923706055,6.440000057220459,6.525000095367432,21864,0.0,0.0
2022-10-28 15:30:00-04:00,6.525000095367432,6.550000190734863,6.46999979019165,6.46999979019165,16022,0.0,0.0
2022-10-31 09:30:00-04:00,6.369999885559082,6.688300132751465,6.340000152587891,6.5,122763,0.0,0.0
2022-10-31 10:30:00-04:00,6.508999824523926,6.670000076293945,6.46999979019165,6.630000114440918,37801,0.0,0.0
2022-10-31 11:30:00-04:00,6.650000095367432,6.650000095367432,6.494999885559082,6.510000228881836,34176,0.0,0.0
2022-10-31 12:30:00-04:00,6.52269983291626,6.559999942779541,6.460000038146973,6.469299793243408,22114,0.0,0.0
2022-10-31 13:30:00-04:00,6.46589994430542,6.699999809265137,6.46560001373291,6.664999961853027,38867,0.0,0.0
2022-10-31 14:30:00-04:00,6.699900150299072,6.71999979019165,6.650000095367432,6.670000076293945,29293,0.0,0.0
2022-10-31 15:30:00-04:00,6.661600112915039,6.676499843597412,6.53000020980835,6.599999904632568,28705,0.0,0.0
2022-11-01 09:30:00-04:00,6.900000095367432,6.948800086975098,6.659999847412109,6.909999847412109,104476,0.0,0.0
2022-11-01 10:30:00-04:00,6.909999847412109,6.909999847412109,6.760000228881836,6.860000133514404,38733,0.0,0.0
2022-11-01 11:30:00-04:00,6.835000038146973,7.050000190734863,6.78000020980835,6.880000114440918,113885,0.0,0.0
2022-11-01 12:30:00-04:00,6.949999809265137,6.96999979019165,6.7600998878479,6.829999923706055,39602,0.0,0.0
2022-11-01 13:30:00-04:00,6.800000190734863,6.869999885559082,6.75,6.75,29060,0.0,0.0
2022-11-01 14:30:00-04:00,6.75,6.775000095367432,6.710000038146973,6.739999771118164,18393,0.0,0.0
2022-11-01 15:30:00-04:00,6.739999771118164,6.769999980926514,6.699999809265137,6.699999809265137,26057,0.0,0.0
2022-11-02 09:30:00-04:00,6.71999979019165,6.759500026702881,6.409999847412109,6.599999904632568,97924,0.0,0.0
2022-11-02 10:30:00-04:00,6.589000225067139,6.739999771118164,6.519999980926514,6.679999828338623,176220,0.0,0.0
2022-11-02 11:30:00-04:00,6.71999979019165,6.75,6.600100040435791,6.670000076293945,122619,0.0,0.0
2022-11-02 12:30:00-04:00,6.641600131988525,6.71999979019165,6.565000057220459,6.565000057220459,27990,0.0,0.0
2022-11-02 13:30:00-04:00,6.607800006866455,6.880000114440918,6.570000171661377,6.820000171661377,58938,0.0,0.0
2022-11-02 14:30:00-04:00,6.840000152587891,6.860000133514404,6.5,6.630000114440918,88297,0.0,0.0
2022-11-02 15:30:00-04:00,6.630000114440918,6.644999980926514,6.570000171661377,6.619999885559082,23056,0.0,0.0
2022-11-03 09:30:00-04:00,6.559999942779541,6.820000171661377,6.5416998863220215,6.686600208282471,48397,0.0,0.0
2022-11-03 10:30:00-04:00,6.639999866485596,6.75,6.630099773406982,6.749899864196777,36139,0.0,0.0
2022-11-03 11:30:00-04:00,6.690000057220459,6.75,6.650000095367432,6.71999979019165,16308,0.0,0.0
2022-11-03 12:30:00-04:00,6.71999979019165,6.730000019073486,6.670000076293945,6.690899848937988,23697,0.0,0.0
2022-11-03 13:30:00-04:00,6.6946001052856445,6.75,6.670000076293945,6.699999809265137,12385,0.0,0.0
2022-11-03 14:30:00-04:00,6.669600009918213,6.7393999099731445,6.650000095367432,6.679999828338623,19851,0.0,0.0
2022-11-03 15:30:00-04:00,6.710000038146973,6.710000038146973,6.579999923706055,6.610000133514404,15808,0.0,0.0
2022-11-04 09:30:00-04:00,7.119999885559082,7.28000020980835,6.860000133514404,7.074999809265137,272722,0.0,0.0
2022-11-04 10:30:00-04:00,7.060800075531006,7.150000095367432,6.761000156402588,6.849999904632568,74135,0.0,0.0
2022-11-04 11:30:00-04:00,6.800000190734863,6.857699871063232,6.639999866485596,6.764999866485596,44497,0.0,0.0
2022-11-04 12:30:00-04:00,6.797399997711182,6.980000019073486,6.764999866485596,6.837500095367432,39078,0.0,0.0
2022-11-04 13:30:00-04:00,6.921500205993652,6.989999771118164,6.849999904632568,6.960000038146973,40186,0.0,0.0
2022-11-04 14:30:00-04:00,6.909299850463867,7.010000228881836,6.900000095367432,6.993299961090088,58005,0.0,0.0
2022-11-04 15:30:00-04:00,6.96999979019165,6.980000019073486,6.900000095367432,6.960000038146973,33909,0.0,0.0
2022-11-07 09:30:00-05:00,7.039999961853027,7.119999885559082,6.699999809265137,6.920000076293945,65542,0.0,0.0
2022-11-07 10:30:00-05:00,6.849999904632568,7.28000020980835,6.820300102233887,7.125,288850,0.0,0.0
2022-11-07 11:30:00-05:00,7.170000076293945,7.289400100708008,7.079999923706055,7.105400085449219,77695,0.0,0.0
2022-11-07 12:30:00-05:00,7.10260009765625,7.159999847412109,6.940000057220459,6.985000133514404,27304,0.0,0.0
2022-11-07 13:30:00-05:00,6.940000057220459,7.019999980926514,6.789999961853027,6.960000038146973,46055,0.0,0.0
2022-11-07 14:30:00-05:00,7.045199871063232,7.050000190734863,6.880000114440918,6.880000114440918,16310,0.0,0.0
2022-11-07 15:30:00-05:00,6.946199893951416,6.949900150299072,6.809999942779541,6.860000133514404,30849,0.0,0.0
2022-11-08 09:30:00-05:00,6.730000019073486,6.848700046539307,6.559999942779541,6.599800109863281,147726,0.0,0.0
2022-11-08 10:30:00-05:00,6.579999923706055,6.769999980926514,6.539999961853027,6.56850004196167,88871,0.0,0.0
2022-11-08 11:30:00-05:00,6.570000171661377,6.699999809265137,6.570000171661377,6.633299827575684,28072,0.0,0.0
2022-11-08 12:30:00-05:00,6.659999847412109,6.760000228881836,6.630000114440918,6.644100189208984,22402,0.0,0.0
2022-11-08 13:30:00-05:00,6.630000114440918,6.795000076293945,6.599999904632568,6.610000133514404,44685,0.0,0.0
2022-11-08 14:30:00-05:00,6.629499912261963,6.749899864196777,6.629499912261963,6.749899864196777,9920,0.0,0.0
2022-11-08 15:30:00-05:00,6.729899883270264,6.73199987411499,6.659999847412109,6.659999847412109,9844,0.0,0.0
2022-11-09 09:30:00-05:00,6.570000171661377,6.650000095367432,6.300000190734863,6.5,113968,0.0,0.0
2022-11-09 10:30:00-05:00,6.5,6.590000152587891,6.449999809265137,6.590000152587891,24734,0.0,0.0
2022-11-09 11:30:00-05:00,6.533899784088135,6.590000152587891,6.510000228881836,6.579999923706055,6708,0.0,0.0
2022-11-09 12:30:00-05:00,6.53000020980835,6.559999942779541,6.407700061798096,6.407700061798096,15413,0.0,0.0
2022-11-09 13:30:00-05:00,6.400000095367432,6.5,6.400000095367432,6.420000076293945,13913,0.0,0.0
2022-11-09 14:30:00-05:00,6.420000076293945,6.420000076293945,6.210000038146973,6.21999979019165,74698,0.0,0.0
2022-11-09 15:30:00-05:00,6.22189998626709,6.3582000732421875,6.210000038146973,6.320000171661377,31130,0.0,0.0
2022-11-10 09:30:00-05:00,6.539999961853027,6.699999809265137,6.329999923706055,6.5320000648498535,127468,0.0,0.0
2022-11-10 10:30:00-05:00,6.449999809265137,6.619999885559082,6.400000095367432,6.579999923706055,50587,0.0,0.0
2022-11-10 11:30:00-05:00,6.519999980926514,6.699999809265137,6.519999980926514,6.63100004196167,67931,0.0,0.0
2022-11-10 12:30:00-05:00,6.570099830627441,6.729899883270264,6.420000076293945,6.639999866485596,348848,0.0,0.0
2022-11-10 13:30:00-05:00,6.679999828338623,6.699999809265137,6.599999904632568,6.671199798583984,26110,0.0,0.0
2022-11-10 14:30:00-05:00,6.662499904632568,6.819900035858154,6.6539998054504395,6.804999828338623,46051,0.0,0.0
2022-11-10 15:30:00-05:00,6.787199974060059,6.824999809265137,6.70989990234375,6.789999961853027,48593,0.0,0.0
2022-11-11 09:30:00-05:00,6.820000171661377,7.066800117492676,6.78000020980835,7.0015997886657715,212782,0.0,0.0
2022-11-11 10:30:00-05:00,7.039999961853027,7.150000095367432,6.900000095367432,6.940000057220459,212832,0.0,0.0
2022-11-11 11:30:00-05:00,6.9380998611450195,6.989999771118164,6.809999942779541,6.940000057220459,46827,0.0,0.0
2022-11-11 12:30:00-05:00,6.94980001449585,6.96999979019165,6.900000095367432,6.96999979019165,28697,0.0,0.0
2022-11-11 13:30:00-05:00,6.949999809265137,6.961400032043457,6.880000114440918,6.961400032043457,38647,0.0,0.0
2022-11-11 14:30:00-05:00,6.979899883270264,6.980000019073486,6.809999942779541,6.969399929046631,42163,0.0,0.0
2022-11-11 15:30:00-05:00,6.980000019073486,6.989999771118164,6.869999885559082,6.960000038146973,43726,0.0,0.0
2022-11-14 09:30:00-05:00,6.900000095367432,6.929999828338623,6.72629976272583,6.826200008392334,74210,0.0,0.0
2022-11-14 10:30:00-05:00,6.821000099182129,6.875,6.659999847412109,6.710000038146973,54484,0.0,0.0
2022-11-14 11:30:00-05:00,6.717199802398682,6.730000019073486,6.599999904632568,6.651800155639648,38410,0.0,0.0
2022-11-14 12:30:00-05:00,6.690000057220459,6.715000152587891,6.610000133514404,6.659800052642822,23600,0.0,0.0
2022-11-14 13:30:00-05:00,6.65500020980835,6.760000228881836,6.650000095367432,6.715000152587891,15248,0.0,0.0
2022-11-14 14:30:00-05:00,6.709199905395508,6.710000038146973,6.550099849700928,6.65500020980835,35163,0.0,0.0
2022-11-14 15:30:00-05:00,6.690000057220459,6.699999809265137,6.590000152587891,6.599999904632568,23017,0.0,0.0
2022-11-15 09:30:00-05:00,6.730000019073486,6.929999828338623,6.710000038146973,6.829999923706055,100439,0.0,0.0
2022-11-15 10:30:00-05:00,6.815000057220459,6.889999866485596,6.710000038146973,6.829999923706055,38425,0.0,0.0
2022-11-15 11:30:00-05:00,6.849999904632568,6.861700057983398,6.760000228881836,6.796800136566162,47547,0.0,0.0
2022-11-15 12:30:00-05:00,6.849999904632568,6.952000141143799,6.800099849700928,6.869900226593018,52583,0.0,0.0
2022-11-15 13:30:00-05:00,6.869999885559082,7.190000057220459,6.869999885559082,7.029900074005127,429479,0.0,0.0
2022-11-15 14:30:00-05:00,6.9471001625061035,7.099999904632568,6.9471001625061035,7.03000020980835,78885,0.0,0.0
2022-11-15 15:30:00-05:00,7.090000152587891,7.099999904632568,7.0,7.050000190734863,46860,0.0,0.0
2022-11-16 09:30:00-05:00,6.809999942779541,6.949999809265137,6.619999885559082,6.789999961853027,106468,0.0,0.0
2022-11-16 10:30:00-05:00,6.789400100708008,6.929999828338623,6.730000019073486,6.905399799346924,35328,0.0,0.0
2022-11-16 11:30:00-05:00,6.914999961853027,6.914999961853027,6.800000190734863,6.809899806976318,9908,0.0,0.0
2022-11-16 12:30:00-05:00,6.800000190734863,6.869999885559082,6.769999980926514,6.781300067901611,8727,0.0,0.0
2022-11-16 13:30:00-05:00,6.78000020980835,6.820000171661377,6.710999965667725,6.769999980926514,17801,0.0,0.0
2022-11-16 14:30:00-05:00,6.75,6.789999961853027,6.599999904632568,6.599999904632568,46725,0.0,0.0
2022-11-16 15:30:00-05:00,6.599999904632568,6.679999828338623,6.559999942779541,6.590000152587891,64949,0.0,0.0
2022-11-17 09:30:00-05:00,6.699999809265137,6.699999809265137,6.460000038146973,6.545899868011475,103924,0.0,0.0
2022-11-17 10:30:00-05:00,6.53000020980835,6.597599983215332,6.42140007019043,6.440000057220459,69229,0.0,0.0
2022-11-17 11:30:00-05:00,6.460000038146973,6.552000045776367,6.440000057220459,6.460000038146973,20893,0.0,0.0
2022-11-17 12:30:00-05:00,6.489999771118164,6.589300155639648,6.440000057220459,6.510000228881836,18124,0.0,0.0
2022-11-17 13:30:00-05:00,6.510000228881836,6.539999961853027,6.454999923706055,6.454999923706055,11313,0.0,0.0
2022-11-17 14:30:00-05:00,6.46999979019165,6.5269999504089355,6.449999809265137,6.505000114440918,10693,0.0,0.0
2022-11-17 15:30:00-05:00,6.489999771118164,6.519999980926514,6.460000038146973,6.460000038146973,20530,0.0,0.0
2022-11-18 09:30:00-05:00,6.429999828338623,6.46999979019165,6.199999809265137,6.420000076293945,68445,0.0,0.0
2022-11-18 10:30:00-05:00,6.461100101470947,6.461100101470947,6.349999904632568,6.403200149536133,20168,0.0,0.0
2022-11-18 11:30:00-05:00,6.399899959564209,6.399899959564209,6.329999923706055,6.331399917602539,26942,0.0,0.0
2022-11-18 12:30:00-05:00,6.329999923706055,6.375800132751465,6.309999942779541,6.375800132751465,13136,0.0,0.0
2022-11-18 13:30:00-05:00,6.380000114440918,6.439899921417236,6.340000152587891,6.369999885559082,11164,0.0,0.0
2022-11-18 14:30:00-05:00,6.369999885559082,6.420000076293945,6.329999923706055,6.360099792480469,29958,0.0,0.0
2022-11-18 15:30:00-05:00,6.362400054931641,6.440000057220459,6.360000133514404,6.420000076293945,24802,0.0,0.0
2022-11-21 09:30:00-05:00,6.269999980926514,6.3445000648498535,6.050000190734863,6.150100231170654,93063,0.0,0.0
2022-11-21 10:30:00-05:00,6.175000190734863,6.239999771118164,6.139999866485596,6.195000171661377,34341,0.0,0.0
2022-11-21 11:30:00-05:00,6.199999809265137,6.429999828338623,6.139999866485596,6.304999828338623,155443,0.0,0.0
2022-11-21 12:30:00-05:00,6.336100101470947,6.420000076293945,6.260000228881836,6.349999904632568,28754,0.0,0.0
2022-11-21 13:30:00-05:00,6.349999904632568,6.369999885559082,6.315000057220459,6.349999904632568,19712,0.0,0.0
2022-11-21 14:30:00-05:00,6.321300029754639,6.357800006866455,6.28000020980835,6.309999942779541,17582,0.0,0.0
2022-11-21 15:30:00-05:00,6.28000020980835,6.340000152587891,6.230000019073486,6.340000152587891,14919,0.0,0.0
2022-11-22 09:30:00-05:00,6.400000095367432,6.46999979019165,6.210000038146973,6.349999904632568,55834,0.0,0.0
2022-11-22 10:30:00-05:00,6.380000114440918,6.449999809265137,6.300000190734863,6.387400150299072,50381,0.0,0.0
2022-11-22 11:30:00-05:00,6.370299816131592,6.5,6.360000133514404,6.489999771118164,40429,0.0,0.0
2022-11-22 12:30:00-05:00,6.480000019073486,6.492700099945068,6.369999885559082,6.449900150299072,25107,0.0,0.0
2022-11-22 13:30:00-05:00,6.420000076293945,6.440000057220459,6.309999942779541,6.309999942779541,21191,0.0,0.0
2022-11-22 14:30:00-05:00,6.309999942779541,6.400000095367432,6.28000020980835,6.304999828338623,27049,0.0,0.0
2022-11-22 15:30:00-05:00,6.320000171661377,6.389900207519531,6.320000171661377,6.340000152587891,9449,0.0,0.0
2022-11-23 09:30:00-05:00,6.159999847412109,6.380000114440918,6.057000160217285,6.139999866485596,105223,0.0,0.0
2022-11-23 10:30:00-05:00,6.239999771118164,6.269999980926514,6.0802998542785645,6.204999923706055,25267,0.0,0.0
2022-11-23 11:30:00-05:00,6.200699806213379,6.200699806213379,6.119999885559082,6.159999847412109,33023,0.0,0.0
2022-11-23 12:30:00-05:00,6.159999847412109,6.239999771118164,6.150000095367432,6.239999771118164,3200,0.0,0.0
2022-11-23 13:30:00-05:00,6.25,6.349999904632568,6.230000019073486,6.340000152587891,23049,0.0,0.0
2022-11-23 14:30:00-05:00,6.29010009765625,6.29010009765625,6.139999866485596,6.159999847412109,27181,0.0,0.0
2022-11-23 15:30:00-05:00,6.157400131225586,6.166999816894531,6.099999904632568,6.110000133514404,29908,0.0,0.0
2022-11-25 09:30:00-05:00,6.289999961853027,6.300000190734863,6.119999885559082,6.190000057220459,27668,0.0,0.0
2022-11-25 10:30:00-05:00,6.199999809265137,6.204999923706055,6.139999866485596,6.175000190734863,13599,0.0,0.0
2022-11-25 11:30:00-05:00,6.157199859619141,6.201300144195557,6.150000095367432,6.190000057220459,3994,0.0,0.0
2022-11-28 09:30:00-05:00,6.150000095367432,6.150000095367432,5.920000076293945,6.079999923706055,66018,0.0,0.0
2022-11-28 10:30:00-05:00,6.079999923706055,6.099999904632568,6.0,6.034999847412109,25014,0.0,0.0
2022-11-28 11:30:00-05:00,6.034999847412109,6.199999809265137,6.020199775695801,6.172699928283691,61527,0.0,0.0
2022-11-28 12:30:00-05:00,6.135000228881836,6.150000095367432,6.0843000411987305,6.138400077819824,6545,0.0,0.0
2022-11-28 13:30:00-05:00,6.079999923706055,6.119999885559082,6.045499801635742,6.063700199127197,9807,0.0,0.0
2022-11-28 14:30:00-05:00,6.110000133514404,6.119999885559082,5.988100051879883,6.0,22055,0.0,0.0
2022-11-28 15:30:00-05:00,6.025000095367432,6.079899787902832,6.01609992980957,6.039999961853027,6283,0.0,0.0
2022-11-29 09:30:00-05:00,6.170000076293945,6.289999961853027,6.101099967956543,6.2032999992370605,41366,0.0,0.0
2022-11-29 10:30:00-05:00,6.258699893951416,6.28000020980835,6.170000076293945,6.199999809265137,28171,0.0,0.0
2022-11-29 11:30:00-05:00,6.199999809265137,6.260000228881836,6.170000076293945,6.199999809265137,19657,0.0,0.0
2022-11-29 12:30:00-05:00,6.21999979019165,6.260000228881836,6.195000171661377,6.239999771118164,8821,0.0,0.0
2022-11-29 13:30:00-05:00,6.269999980926514,6.366099834442139,6.170000076293945,6.230000019073486,63685,0.0,0.0
2022-11-29 14:30:00-05:00,6.230000019073486,6.230000019073486,6.119999885559082,6.198800086975098,21699,0.0,0.0
2022-11-29 15:30:00-05:00,6.199999809265137,6.199999809265137,6.099999904632568,6.139999866485596,21793,0.0,0.0
2022-11-30 09:30:00-05:00,6.260000228881836,6.3180999755859375,6.179999828338623,6.185999870300293,41180,0.0,0.0
2022-11-30 10:30:00-05:00,6.226200103759766,6.269999980926514,6.005000114440918,6.019999980926514,52842,0.0,0.0
2022-11-30 11:30:00-05:00,6.050000190734863,6.099999904632568,6.0,6.039999961853027,21495,0.0,0.0
2022-11-30 12:30:00-05:00,6.03000020980835,6.093400001525879,6.0,6.041999816894531,8092,0.0,0.0
2022-11-30 13:30:00-05:00,6.090000152587891,6.179999828338623,6.084499835968018,6.160099983215332,21823,0.0,0.0
2022-11-30 14:30:00-05:00,6.179999828338623,6.1875,6.110099792480469,6.179999828338623,6243,0.0,0.0
2022-11-30 15:30:00-05:00,6.179999828338623,6.190000057220459,6.119999885559082,6.190000057220459,0,0.0,0.0
2022-12-01 09:30:00-05:00,6.230000019073486,6.389800071716309,6.160099983215332,6.300899982452393,84315,0.0,0.0
2022-12-01 10:30:00-05:00,6.280099868774414,6.5,6.28000020980835,6.409900188446045,81379,0.0,0.0
2022-12-01 11:30:00-05:00,6.349999904632568,6.369999885559082,6.150000095367432,6.199999809265137,19235,0.0,0.0
2022-12-01 12:30:00-05:00,6.238900184631348,6.349999904632568,6.230000019073486,6.329800128936768,16276,0.0,0.0
2022-12-01 13:30:00-05:00,6.309999942779541,6.324999809265137,6.25,6.289999961853027,17078,0.0,0.0
2022-12-01 14:30:00-05:00,6.3302998542785645,6.34499979019165,6.239999771118164,6.269999980926514,4318,0.0,0.0
2022-12-01 15:30:00-05:00,6.269999980926514,6.28000020980835,6.150000095367432,6.260000228881836,0,0.0,0.0
2022-12-02 09:30:00-05:00,6.150000095367432,6.278200149536133,6.150000095367432,6.230500221252441,10910,0.0,0.0
2022-12-02 10:30:00-05:00,6.240099906921387,6.300000190734863,6.239999771118164,6.239999771118164,16680,0.0,0.0
2022-12-02 11:30:00-05:00,6.260000228881836,6.309899806976318,6.252900123596191,6.252900123596191,12773,0.0,0.0
2022-12-02 12:30:00-05:00,6.260000228881836,6.278800010681152,6.210299968719482,6.2519001960754395,9813,0.0,0.0
2022-12-02 13:30:00-05:00,6.251399993896484,6.289999961853027,6.21999979019165,6.269999980926514,32273,0.0,0.0
2022-12-02 14:30:00-05:00,6.275000095367432,6.3024001121521,6.230000019073486,6.245200157165527,19683,0.0,0.0
2022-12-02 15:30:00-05:00,6.264999866485596,6.300000190734863,6.25,6.300000190734863,8559,0.0,0.0
2022-12-05 09:30:00-05:00,6.230000019073486,6.429999828338623,6.199999809265137,6.204999923706055,69683,0.0,0.0
2022-12-05 10:30:00-05:00,6.224999904632568,6.239999771118164,6.176000118255615,6.190000057220459,12481,0.0,0.0
2022-12-05 11:30:00-05:00,6.22160005569458,6.239999771118164,6.150000095367432,6.2153000831604,12805,0.0,0.0
2022-12-05 12:30:00-05:00,6.176000118255615,6.195000171661377,6.090000152587891,6.159200191497803,16764,0.0,0.0
2022-12-05 13:30:00-05:00,6.139999866485596,6.139999866485596,6.0,6.050000190734863,35835,0.0,0.0
2022-12-05 14:30:00-05:00,6.010000228881836,6.139999866485596,6.010000228881836,6.113500118255615,15192,0.0,0.0
2022-12-05 15:30:00-05:00,6.099999904632568,6.099999904632568,5.670000076293945,5.829999923706055,151335,0.0,0.0
2022-12-06 09:30:00-05:00,5.840000152587891,5.960000038146973,5.75,5.820000171661377,55740,0.0,0.0
2022-12-06 10:30:00-05:00,5.8024001121521,5.928299903869629,5.800000190734863,5.889999866485596,33878,0.0,0.0
2022-12-06 11:30:00-05:00,5.875,5.886199951171875,5.710000038146973,5.710100173950195,55530,0.0,0.0
2022-12-06 12:30:00-05:00,5.728799819946289,5.789999961853027,5.679999828338623,5.730000019073486,44801,0.0,0.0
2022-12-06 13:30:00-05:00,5.760000228881836,5.860000133514404,5.75,5.829999923706055,42239,0.0,0.0
2022-12-06 14:30:00-05:00,5.827300071716309,5.829999923706055,5.710000038146973,5.710000038146973,8951,0.0,0.0
2022-12-06 15:30:00-05:00,5.75,5.75,5.610000133514404,5.684999942779541,40240,0.0,0.0
2022-12-07 09:30:00-05:00,5.619999885559082,5.704999923706055,5.409999847412109,5.549099922180176,94909,0.0,0.0
2022-12-07 10:30:00-05:00,5.550000190734863,5.569699764251709,5.400000095367432,5.409999847412109,88619,0.0,0.0
2022-12-07 11:30:00-05:00,5.4567999839782715,5.610000133514404,5.445000171661377,5.550000190734863,31412,0.0,0.0
2022-12-07 12:30:00-05:00,5.574999809265137,5.574999809265137,5.46999979019165,5.515500068664551,14655,0.0,0.0
2022-12-07 13:30:00-05:00,5.519999980926514,5.604000091552734,5.5,5.550000190734863,15117,0.0,0.0
2022-12-07 14:30:00-05:00,5.53000020980835,5.599999904632568,5.489999771118164,5.510000228881836,26961,0.0,0.0
2022-12-07 15:30:00-05:00,5.519999980926514,5.550000190734863,5.46999979019165,5.5,21377,0.0,0.0
2022-12-08 09:30:00-05:00,5.559999942779541,5.679900169372559,5.494999885559082,5.506800174713135,43290,0.0,0.0
2022-12-08 10:30:00-05:00,5.519999980926514,5.590799808502197,5.416200160980225,5.460000038146973,15884,0.0,0.0
2022-12-08 11:30:00-05:00,5.4567999839782715,5.579999923706055,5.4567999839782715,5.519899845123291,11496,0.0,0.0
2022-12-08 12:30:00-05:00,5.510000228881836,5.570000171661377,5.429999828338623,5.489999771118164,11992,0.0,0.0
2022-12-08 13:30:00-05:00,5.449999809265137,5.4710001945495605,5.340000152587891,5.428599834442139,21309,0.0,0.0
2022-12-08 14:30:00-05:00,5.420000076293945,5.480000019073486,5.400000095367432,5.479899883270264,8916,0.0,0.0
2022-12-08 15:30:00-05:00,5.499899864196777,5.5,5.389999866485596,5.412700176239014,29163,0.0,0.0
2022-12-09 09:30:00-05:00,5.369999885559082,5.497900009155273,5.349999904632568,5.434999942779541,28774,0.0,0.0
2022-12-09 10:30:00-05:00,5.420000076293945,5.47599983215332,5.3471999168396,5.47599983215332,16971,0.0,0.0
2022-12-09 11:30:00-05:00,5.450099945068359,5.4857001304626465,5.400000095367432,5.400000095367432,13858,0.0,0.0
2022-12-09 12:30:00-05:00,5.385000228881836,5.385000228881836,5.329999923706055,5.340000152587891,11569,0.0,0.0
2022-12-09 13:30:00-05:00,5.329999923706055,5.409999847412109,5.278200149536133,5.409999847412109,18124,0.0,0.0
2022-12-09 14:30:00-05:00,5.420000076293945,5.449900150299072,5.353099822998047,5.380000114440918,16713,0.0,0.0
2022-12-09 15:30:00-05:00,5.383600234985352,5.406099796295166,5.309999942779541,5.340000152587891,11242,0.0,0.0
2022-12-12 09:30:00-05:00,5.329999923706055,5.466599941253662,5.28000020980835,5.377799987792969,48973,0.0,0.0
2022-12-12 10:30:00-05:00,5.414999961853027,5.449900150299072,5.320000171661377,5.360000133514404,14021,0.0,0.0
2022-12-12 11:30:00-05:00,5.340000152587891,5.409999847412109,5.340000152587891,5.409999847412109,7499,0.0,0.0
2022-12-12 12:30:00-05:00,5.360300064086914,5.409999847412109,5.360000133514404,5.389999866485596,3719,0.0,0.0
2022-12-12 13:30:00-05:00,5.449999809265137,5.449999809265137,5.349999904632568,5.400000095367432,15535,0.0,0.0
2022-12-12 14:30:00-05:00,5.400000095367432,5.440000057220459,5.309999942779541,5.360000133514404,17617,0.0,0.0
2022-12-12 15:30:00-05:00,5.400000095367432,5.420000076293945,5.383500099182129,5.420000076293945,8277,0.0,0.0
2022-12-13 09:30:00-05:00,5.590000152587891,5.650000095367432,5.400700092315674,5.539999961853027,71327,0.0,0.0
2022-12-13 10:30:00-05:00,5.490099906921387,5.559999942779541,5.449999809265137,5.5,18597,0.0,0.0
2022-12-13 11:30:00-05:00,5.46999979019165,5.590000152587891,5.429999828338623,5.489999771118164,34384,0.0,0.0
2022-12-13 12:30:00-05:00,5.440000057220459,5.480000019073486,5.329999923706055,5.439700126647949,33140,0.0,0.0
2022-12-13 13:30:00-05:00,5.389999866485596,5.389999866485596,5.25,5.289999961853027,33306,0.0,0.0
2022-12-13 14:30:00-05:00,5.289999961853027,5.351200103759766,5.199999809265137,5.239999771118164,33256,0.0,0.0
2022-12-13 15:30:00-05:00,5.21999979019165,5.239999771118164,5.190000057220459,5.199999809265137,17566,0.0,0.0
2022-12-14 09:30:00-05:00,5.320000171661377,5.3881001472473145,5.199999809265137,5.230000019073486,51434,0.0,0.0
2022-12-14 10:30:00-05:00,5.199999809265137,5.380000114440918,5.099999904632568,5.300000190734863,47134,0.0,0.0
2022-12-14 11:30:00-05:00,5.349999904632568,5.349999904632568,5.150000095367432,5.204999923706055,28942,0.0,0.0
2022-12-14 12:30:00-05:00,5.1809000968933105,5.260000228881836,5.1809000968933105,5.260000228881836,8131,0.0,0.0
2022-12-14 13:30:00-05:00,5.214799880981445,5.300000190734863,5.179999828338623,5.25,24437,0.0,0.0
2022-12-14 14:30:00-05:00,5.209000110626221,5.28000020980835,5.150000095367432,5.21999979019165,35322,0.0,0.0
2022-12-14 15:30:00-05:00,5.224999904632568,5.239999771118164,5.173500061035156,5.199999809265137,12794,0.0,0.0
2022-12-15 09:30:00-05:00,5.110000133514404,5.179999828338623,5.010000228881836,5.090099811553955,48027,0.0,0.0
2022-12-15 10:30:00-05:00,5.125,5.170000076293945,5.070000171661377,5.079999923706055,19645,0.0,0.0
2022-12-15 11:30:00-05:00,5.070000171661377,5.139999866485596,5.019999980926514,5.139999866485596,20637,0.0,0.0
2022-12-15 12:30:00-05:00,5.122099876403809,5.21999979019165,5.120800018310547,5.174799919128418,11443,0.0,0.0
2022-12-15 13:30:00-05:00,5.21999979019165,5.25,5.179999828338623,5.180099964141846,5245,0.0,0.0
2022-12-15 14:30:00-05:00,5.179999828338623,5.399899959564209,5.179999828338623,5.309999942779541,25796,0.0,0.0
2022-12-15 15:30:00-05:00,5.2972002029418945,5.30049991607666,5.199999809265137,5.239999771118164,23728,0.0,0.0
2022-12-16 09:30:00-05:00,5.110000133514404,5.2129998207092285,5.050000190734863,5.110000133514404,47013,0.0,0.0
2022-12-16 10:30:00-05:00,5.059999942779541,5.170000076293945,5.050000190734863,5.105000019073486,26829,0.0,0.0
2022-12-16 11:30:00-05:00,5.070000171661377,5.139999866485596,5.03000020980835,5.090000152587891,28522,0.0,0.0
2022-12-16 12:30:00-05:00,5.109899997711182,5.109899997711182,5.050000190734863,5.059999942779541,4440,0.0,0.0
2022-12-16 13:30:00-05:00,5.110000133514404,5.130000114440918,5.059999942779541,5.099999904632568,11169,0.0,0.0
2022-12-16 14:30:00-05:00,5.110000133514404,5.150000095367432,5.110000133514404,5.150000095367432,5773,0.0,0.0
2022-12-16 15:30:00-05:00,5.139999866485596,5.179999828338623,5.099999904632568,5.099999904632568,9829,0.0,0.0
2022-12-19 09:30:00-05:00,5.159999847412109,5.229899883270264,5.050000190734863,5.159999847412109,22318,0.0,0.0
2022-12-19 10:30:00-05:00,5.150000095367432,5.19950008392334,5.099999904632568,5.190000057220459,36077,0.0,0.0
2022-12-19 11:30:00-05:00,5.199999809265137,5.239999771118164,5.170000076293945,5.190000057220459,24321,0.0,0.0
2022-12-19 12:30:00-05:00,5.190000057220459,5.190000057220459,5.099999904632568,5.190000057220459,11398,0.0,0.0
2022-12-19 13:30:00-05:00,5.179999828338623,5.179999828338623,5.0,5.039999961853027,40191,0.0,0.0
2022-12-19 14:30:00-05:00,5.020999908447266,5.090000152587891,5.0,5.070000171661377,34981,0.0,0.0
2022-12-19 15:30:00-05:00,5.063300132751465,5.079999923706055,5.059999942779541,5.070000171661377,12723,0.0,0.0
2022-12-20 09:30:00-05:00,5.039999961853027,5.150000095367432,5.0,5.084799766540527,49111,0.0,0.0
2022-12-20 10:30:00-05:00,5.070000171661377,5.070000171661377,5.0,5.03000020980835,31718,0.0,0.0
2022-12-20 11:30:00-05:00,5.050000190734863,5.079999923706055,5.039999961853027,5.054999828338623,4064,0.0,0.0
2022-12-20 12:30:00-05:00,5.070000171661377,5.079899787902832,5.019999980926514,5.05810022354126,11748,0.0,0.0
2022-12-20 13:30:00-05:00,5.070000171661377,5.099999904632568,5.020100116729736,5.065000057220459,13386,0.0,0.0
2022-12-20 14:30:00-05:00,5.059999942779541,5.079999923706055,5.019999980926514,5.070000171661377,9059,0.0,0.0
2022-12-20 15:30:00-05:00,5.070000171661377,5.070000171661377,5.0,5.0,10644,0.0,0.0
2022-12-21 09:30:00-05:00,5.079999923706055,5.090000152587891,5.0,5.012499809265137,39156,0.0,0.0
2022-12-21 10:30:00-05:00,5.039999961853027,5.21999979019165,5.039999961853027,5.159999847412109,61399,0.0,0.0
2022-12-21 11:30:00-05:00,5.152100086212158,5.190000057220459,5.070000171661377,5.150000095367432,31833,0.0,0.0
2022-12-21 12:30:00-05:00,5.159999847412109,5.230000019073486,5.140100002288818,5.21999979019165,26739,0.0,0.0
2022-12-21 13:30:00-05:00,5.159999847412109,5.25,5.150000095367432,5.233099937438965,13351,0.0,0.0
2022-12-21 14:30:00-05:00,5.223100185394287,5.230000019073486,5.170000076293945,5.199999809265137,22504,0.0,0.0
2022-12-21 15:30:00-05:00,5.170000076293945,5.170000076293945,5.099999904632568,5.130000114440918,10963,0.0,0.0
2022-12-22 09:30:00-05:00,5.110000133514404,5.110000133514404,4.800000190734863,4.800000190734863,46952,0.0,0.0
2022-12-22 10:30:00-05:00,4.789999961853027,4.960000038146973,4.78000020980835,4.940000057220459,23431,0.0,0.0
2022-12-22 11:30:00-05:00,4.949999809265137,4.949999809265137,4.809999942779541,4.840000152587891,10888,0.0,0.0
2022-12-22 12:30:00-05:00,4.840000152587891,4.840000152587891,4.710000038146973,4.724999904632568,23457,0.0,0.0
2022-12-22 13:30:00-05:00,4.71999979019165,4.75,4.641600131988525,4.75,19119,0.0,0.0
2022-12-22 14:30:00-05:00,4.75,4.789999961853027,4.699999809265137,4.789999961853027,21314,0.0,0.0
2022-12-22 15:30:00-05:00,4.771999835968018,4.7729997634887695,4.679999828338623,4.679999828338623,28872,0.0,0.0
2022-12-23 09:30:00-05:00,4.710000038146973,4.909999847412109,4.710000038146973,4.880099773406982,26824,0.0,0.0
2022-12-23 10:30:00-05:00,4.880000114440918,4.93779993057251,4.800000190734863,4.850399971008301,28805,0.0,0.0
2022-12-23 11:30:00-05:00,4.811800003051758,4.880000114440918,4.811800003051758,4.840000152587891,27126,0.0,0.0
2022-12-23 12:30:00-05:00,4.849999904632568,4.900000095367432,4.840000152587891,4.900000095367432,7972,0.0,0.0
2022-12-23 13:30:00-05:00,4.909999847412109,4.949999809265137,4.889999866485596,4.909599781036377,9548,0.0,0.0
2022-12-23 14:30:00-05:00,4.949999809265137,5.0,4.949999809265137,4.985000133514404,17686,0.0,0.0
2022-12-23 15:30:00-05:00,4.96999979019165,5.010000228881836,4.96999979019165,4.989999771118164,14118,0.0,0.0
2022-12-27 09:30:00-05:00,4.949999809265137,5.182199954986572,4.949999809265137,5.059999942779541,40483,0.0,0.0
2022-12-27 10:30:00-05:00,5.099999904632568,5.139999866485596,5.030099868774414,5.0777997970581055,21907,0.0,0.0
2022-12-27 11:30:00-05:00,5.079999923706055,5.119999885559082,4.960000038146973,4.974999904632568,19684,0.0,0.0
2022-12-27 12:30:00-05:00,4.960599899291992,4.989999771118164,4.78000020980835,4.789999961853027,61190,0.0,0.0
2022-12-27 13:30:00-05:00,4.79010009765625,4.840000152587891,4.79010009765625,4.820000171661377,9972,0.0,0.0
2022-12-27 14:30:00-05:00,4.820000171661377,4.829999923706055,4.760000228881836,4.815000057220459,7210,0.0,0.0
2022-12-27 15:30:00-05:00,4.812399864196777,4.812399864196777,4.75,4.764999866485596,14343,0.0,0.0
2022-12-28 09:30:00-05:00,4.739999771118164,4.782299995422363,4.471199989318848,4.480000019073486,76871,0.0,0.0
2022-12-28 10:30:00-05:00,4.480000019073486,4.519999980926514,4.340000152587891,4.434999942779541,50874,0.0,0.0
2022-12-28 11:30:00-05:00,4.420000076293945,4.53000020980835,4.409999847412109,4.4893999099731445,15594,0.0,0.0
2022-12-28 12:30:00-05:00,4.465000152587891,4.579999923706055,4.440100193023682,4.53000020980835,17585,0.0,0.0
2022-12-28 13:30:00-05:00,4.570000171661377,4.570000171661377,4.400000095367432,4.55679988861084,31518,0.0,0.0
2022-12-28 14:30:00-05:00,4.480000019073486,4.550000190734863,4.449999809265137,4.463699817657471,8863,0.0,0.0
2022-12-28 15:30:00-05:00,4.434999942779541,4.510000228881836,4.420000076293945,4.429999828338623,28188,0.0,0.0
2022-12-29 09:30:00-05:00,4.389999866485596,4.487299919128418,4.260000228881836,4.454999923706055,32668,0.0,0.0
2022-12-29 10:30:00-05:00,4.460000038146973,4.46999979019165,4.400000095367432,4.46999979019165,12940,0.0,0.0
2022-12-29 11:30:00-05:00,4.444699764251709,4.46999979019165,4.414400100708008,4.414400100708008,10196,0.0,0.0
2022-12-29 12:30:00-05:00,4.420000076293945,4.53000020980835,4.412700176239014,4.53000020980835,49931,0.0,0.0
2022-12-29 13:30:00-05:00,4.539999961853027,4.559999942779541,4.489999771118164,4.53000020980835,10791,0.0,0.0
2022-12-29 14:30:00-05:00,4.539999961853027,4.539999961853027,4.5,4.519999980926514,5911,0.0,0.0
2022-12-29 15:30:00-05:00,4.46999979019165,4.519999980926514,4.449999809265137,4.5,17258,0.0,0.0
2022-12-30 09:30:00-05:00,4.449999809265137,4.529900074005127,4.369999885559082,4.497700214385986,26288,0.0,0.0
2022-12-30 10:30:00-05:00,4.480000019073486,4.5,4.370999813079834,4.46999979019165,11137,0.0,0.0
2022-12-30 11:30:00-05:00,4.46999979019165,4.470099925994873,4.449999809265137,4.449999809265137,4731,0.0,0.0
2022-12-30 12:30:00-05:00,4.460000038146973,4.5,4.400000095367432,4.466899871826172,29092,0.0,0.0
2022-12-30 13:30:00-05:00,4.46999979019165,4.579999923706055,4.429999828338623,4.550000190734863,13680,0.0,0.0
2022-12-30 14:30:00-05:00,4.545000076293945,4.639999866485596,4.54010009765625,4.639999866485596,26386,0.0,0.0
2022-12-30 15:30:00-05:00,4.605400085449219,4.690000057220459,4.599999904632568,4.625,39894,0.0,0.0
2023-01-03 09:30:00-05:00,4.630000114440918,4.670000076293945,4.400000095367432,4.400000095367432,40721,0.0,0.0
2023-01-03 10:30:00-05:00,4.429999828338623,4.539999961853027,4.400000095367432,4.539999961853027,19055,0.0,0.0
2023-01-03 11:30:00-05:00,4.526299953460693,4.526299953460693,4.409999847412109,4.480000019073486,10013,0.0,0.0
2023-01-03 12:30:00-05:00,4.46999979019165,4.550000190734863,4.46999979019165,4.519999980926514,12292,0.0,0.0
2023-01-03 13:30:00-05:00,4.524799823760986,4.524799823760986,4.480000019073486,4.480000019073486,7360,0.0,0.0
2023-01-03 14:30:00-05:00,4.496300220489502,4.590000152587891,4.496300220489502,4.550000190734863,6632,0.0,0.0
2023-01-03 15:30:00-05:00,4.539999961853027,4.570000171661377,4.53000020980835,4.53000020980835,5381,0.0,0.0
2023-01-04 09:30:00-05:00,4.449999809265137,4.661099910736084,4.449999809265137,4.650000095367432,39247,0.0,0.0
2023-01-04 10:30:00-05:00,4.639999866485596,4.639999866485596,4.519999980926514,4.53000020980835,11939,0.0,0.0
2023-01-04 11:30:00-05:00,4.519999980926514,4.590000152587891,4.519999980926514,4.54010009765625,12815,0.0,0.0
2023-01-04 12:30:00-05:00,4.590000152587891,4.599999904632568,4.539999961853027,4.570000171661377,6955,0.0,0.0
2023-01-04 13:30:00-05:00,4.550000190734863,4.619999885559082,4.550000190734863,4.599999904632568,8680,0.0,0.0
2023-01-04 14:30:00-05:00,4.599999904632568,4.670000076293945,4.579999923706055,4.639999866485596,16116,0.0,0.0
2023-01-04 15:30:00-05:00,4.639999866485596,4.679999828338623,4.579999923706055,4.639999866485596,14021,0.0,0.0
2023-01-05 09:30:00-05:00,4.559999942779541,4.699999809265137,4.550000190734863,4.699999809265137,21753,0.0,0.0
2023-01-05 10:30:00-05:00,4.699999809265137,4.769999980926514,4.679999828338623,4.769999980926514,17613,0.0,0.0
2023-01-05 11:30:00-05:00,4.789999961853027,4.869900226593018,4.789999961853027,4.840000152587891,12066,0.0,0.0
2023-01-05 12:30:00-05:00,4.815000057220459,4.829999923706055,4.800000190734863,4.829999923706055,7311,0.0,0.0
2023-01-05 13:30:00-05:00,4.829999923706055,4.894999980926514,4.820000171661377,4.864999771118164,25471,0.0,0.0
2023-01-05 14:30:00-05:00,4.849999904632568,4.889999866485596,4.849999904632568,4.880000114440918,7487,0.0,0.0
2023-01-05 15:30:00-05:00,4.864999771118164,4.900000095367432,4.864999771118164,4.900000095367432,6765,0.0,0.0
2023-01-06 09:30:00-05:00,4.880000114440918,5.199999809265137,4.880000114440918,5.100100040435791,45322,0.0,0.0
2023-01-06 10:30:00-05:00,5.110000133514404,5.21999979019165,5.090000152587891,5.099999904632568,26110,0.0,0.0
2023-01-06 11:30:00-05:00,5.128399848937988,5.199999809265137,5.010000228881836,5.039999961853027,56251,0.0,0.0
2023-01-06 12:30:00-05:00,5.050000190734863,5.130000114440918,5.039999961853027,5.130000114440918,9776,0.0,0.0
2023-01-06 13:30:00-05:00,5.127999782562256,5.15500020980835,5.099999904632568,5.150000095367432,8899,0.0,0.0
2023-01-06 14:30:00-05:00,5.159999847412109,5.199999809265137,5.150000095367432,5.179999828338623,9386,0.0,0.0
2023-01-06 15:30:00-05:00,5.119999885559082,5.139999866485596,5.010000228881836,5.019999980926514,24317,0.0,0.0
2023-01-09 09:30:00-05:00,5.369999885559082,5.710000038146973,5.190000057220459,5.570000171661377,171100,0.0,0.0
2023-01-09 10:30:00-05:00,5.525000095367432,5.53000020980835,5.400000095367432,5.429999828338623,28761,0.0,0.0
2023-01-09 11:30:00-05:00,5.449999809265137,5.550000190734863,5.449999809265137,5.550000190734863,12304,0.0,0.0
2023-01-09 12:30:00-05:00,5.5,5.679999828338623,5.5,5.679999828338623,20868,0.0,0.0
2023-01-09 13:30:00-05:00,5.630000114440918,5.730000019073486,5.600200176239014,5.699999809265137,66909,0.0,0.0
2023-01-09 14:30:00-05:00,5.679999828338623,5.849999904632568,5.670000076293945,5.799900054931641,84281,0.0,0.0
2023-01-09 15:30:00-05:00,5.78000020980835,5.840000152587891,5.670000076293945,5.75,42718,0.0,0.0
2023-01-10 09:30:00-05:00,5.670000076293945,5.670000076293945,5.430600166320801,5.589900016784668,60975,0.0,0.0
2023-01-10 10:30:00-05:00,5.519999980926514,5.588399887084961,5.449999809265137,5.554999828338623,29175,0.0,0.0
2023-01-10 11:30:00-05:00,5.519999980926514,5.579999923706055,5.519999980926514,5.559999942779541,7789,0.0,0.0
2023-01-10 12:30:00-05:00,5.585000038146973,5.670000076293945,5.559999942779541,5.599999904632568,11050,0.0,0.0
2023-01-10 13:30:00-05:00,5.599999904632568,5.789999961853027,5.599999904632568,5.699999809265137,21384,0.0,0.0
2023-01-10 14:30:00-05:00,5.699999809265137,5.699999809265137,5.579999923706055,5.614999771118164,20080,0.0,0.0
2023-01-10 15:30:00-05:00,5.590000152587891,5.639999866485596,5.539999961853027,5.559999942779541,33373,0.0,0.0
2023-01-11 09:30:00-05:00,5.579999923706055,5.610000133514404,5.5,5.579999923706055,29161,0.0,0.0
2023-01-11 10:30:00-05:00,5.559999942779541,5.559999942779541,5.385499954223633,5.519999980926514,19418,0.0,0.0
2023-01-11 11:30:00-05:00,5.5447998046875,5.690000057220459,5.5447998046875,5.637499809265137,16657,0.0,0.0
2023-01-11 12:30:00-05:00,5.599999904632568,5.690000057220459,5.590000152587891,5.670000076293945,7888,0.0,0.0
2023-01-11 13:30:00-05:00,5.630000114440918,5.71999979019165,5.619999885559082,5.690000057220459,12446,0.0,0.0
2023-01-11 14:30:00-05:00,5.690000057220459,5.704999923706055,5.630000114440918,5.679999828338623,11316,0.0,0.0
2023-01-11 15:30:00-05:00,5.670000076293945,5.800000190734863,5.610000133514404,5.710000038146973,37929,0.0,0.0
2023-01-12 09:30:00-05:00,5.860000133514404,6.098499774932861,5.795000076293945,5.9268999099731445,101597,0.0,0.0
2023-01-12 10:30:00-05:00,5.920000076293945,6.090000152587891,5.920000076293945,5.965000152587891,36582,0.0,0.0
2023-01-12 11:30:00-05:00,5.980000019073486,6.019999980926514,5.949999809265137,6.0,19454,0.0,0.0
2023-01-12 12:30:00-05:00,6.010000228881836,6.150000095367432,6.010000228881836,6.020100116729736,40762,0.0,0.0
2023-01-12 13:30:00-05:00,6.034999847412109,6.099999904632568,6.019999980926514,6.085000038146973,12365,0.0,0.0
2023-01-12 14:30:00-05:00,6.099999904632568,6.130000114440918,6.019999980926514,6.079999923706055,24915,0.0,0.0
2023-01-12 15:30:00-05:00,6.065000057220459,6.130000114440918,6.050000190734863,6.119999885559082,29248,0.0,0.0
2023-01-13 09:30:00-05:00,6.079999923706055,6.300000190734863,6.019999980926514,6.198999881744385,49338,0.0,0.0
2023-01-13 10:30:00-05:00,6.150000095367432,6.263899803161621,6.150000095367432,6.25,28845,0.0,0.0
2023-01-13 11:30:00-05:00,6.25,6.46999979019165,6.239999771118164,6.449999809265137,71747,0.0,0.0
2023-01-13 12:30:00-05:00,6.449900150299072,6.679999828338623,6.428999900817871,6.57450008392334,99981,0.0,0.0
2023-01-13 13:30:00-05:00,6.621699810028076,6.639999866485596,6.449999809265137,6.451399803161621,46128,0.0,0.0
2023-01-13 14:30:00-05:00,6.449999809265137,6.559999942779541,6.349800109863281,6.539999961853027,30660,0.0,0.0
2023-01-13 15:30:00-05:00,6.500400066375732,6.539899826049805,6.389999866485596,6.420000076293945,54048,0.0,0.0
2023-01-17 09:30:00-05:00,6.849999904632568,6.929999828338623,6.449999809265137,6.590000152587891,441182,0.0,0.0
2023-01-17 10:30:00-05:00,6.604599952697754,6.604599952697754,6.271500110626221,6.400000095367432,77385,0.0,0.0
2023-01-17 11:30:00-05:00,6.429999828338623,6.460000038146973,6.251100063323975,6.289999961853027,32528,0.0,0.0
2023-01-17 12:30:00-05:00,6.270699977874756,6.384900093078613,6.25,6.322299957275391,29990,0.0,0.0
2023-01-17 13:30:00-05:00,6.320000171661377,6.324999809265137,6.130000114440918,6.230000019073486,33428,0.0,0.0
2023-01-17 14:30:00-05:00,6.25,6.269899845123291,6.199999809265137,6.199999809265137,12369,0.0,0.0
2023-01-17 15:30:00-05:00,6.179999828338623,6.28000020980835,6.110000133514404,6.230000019073486,42788,0.0,0.0
2023-01-18 09:30:00-05:00,6.230000019073486,6.467400074005127,6.21999979019165,6.300099849700928,120780,0.0,0.0
2023-01-18 10:30:00-05:00,6.309999942779541,6.369999885559082,6.052599906921387,6.119999885559082,51923,0.0,0.0
2023-01-18 11:30:00-05:00,6.079999923706055,6.139999866485596,5.869999885559082,6.059999942779541,84129,0.0,0.0
2023-01-18 12:30:00-05:00,6.059999942779541,6.059999942779541,5.920100212097168,5.944499969482422,32126,0.0,0.0
2023-01-18 13:30:00-05:00,5.96999979019165,6.053800106048584,5.960000038146973,6.010000228881836,12638,0.0,0.0
2023-01-18 14:30:00-05:00,6.0,6.019999980926514,5.920000076293945,5.9679999351501465,7330,0.0,0.0
2023-01-18 15:30:00-05:00,5.935999870300293,5.96999979019165,5.78000020980835,5.889999866485596,51601,0.0,0.0
2023-01-19 09:30:00-05:00,5.829999923706055,5.955999851226807,5.809999942779541,5.891499996185303,65420,0.0,0.0
2023-01-19 10:30:00-05:00,5.890900135040283,5.96999979019165,5.809999942779541,5.829999923706055,24765,0.0,0.0
2023-01-19 11:30:00-05:00,5.833199977874756,6.025000095367432,5.800000190734863,6.019999980926514,18800,0.0,0.0
2023-01-19 12:30:00-05:00,6.023499965667725,6.159900188446045,5.949999809265137,6.088699817657471,25884,0.0,0.0
2023-01-19 13:30:00-05:00,6.079999923706055,6.139900207519531,6.019999980926514,6.110000133514404,21993,0.0,0.0
2023-01-19 14:30:00-05:00,6.119999885559082,6.130000114440918,6.050000190734863,6.052700042724609,8721,0.0,0.0
2023-01-19 15:30:00-05:00,6.050000190734863,6.070000171661377,6.03000020980835,6.065700054168701,8410,0.0,0.0
2023-01-20 09:30:00-05:00,6.139999866485596,6.139999866485596,5.960000038146973,6.019999980926514,41441,0.0,0.0
2023-01-20 10:30:00-05:00,5.985000133514404,6.090000152587891,5.96999979019165,6.087299823760986,12923,0.0,0.0
2023-01-20 11:30:00-05:00,6.079999923706055,6.159999847412109,6.050000190734863,6.159999847412109,19801,0.0,0.0
2023-01-20 12:30:00-05:00,6.159999847412109,6.360000133514404,6.159999847412109,6.232600212097168,29722,0.0,0.0
2023-01-20 13:30:00-05:00,6.248700141906738,6.329999923706055,6.235000133514404,6.329999923706055,20898,0.0,0.0
2023-01-20 14:30:00-05:00,6.329999923706055,6.400000095367432,6.28000020980835,6.360000133514404,35443,0.0,0.0
2023-01-20 15:30:00-05:00,6.349999904632568,6.380000114440918,6.309999942779541,6.321000099182129,18411,0.0,0.0
2023-01-23 09:30:00-05:00,6.409999847412109,6.440000057220459,6.216300010681152,6.369999885559082,35704,0.0,0.0
2023-01-23 10:30:00-05:00,6.349999904632568,6.389999866485596,6.230100154876709,6.389999866485596,42659,0.0,0.0
2023-01-23 11:30:00-05:00,6.350100040435791,6.472899913787842,6.325399875640869,6.3566999435424805,26366,0.0,0.0
2023-01-23 12:30:00-05:00,6.289999961853027,6.394999980926514,6.289999961853027,6.394999980926514,9664,0.0,0.0
2023-01-23 13:30:00-05:00,6.375,6.400000095367432,6.340000152587891,6.349999904632568,7848,0.0,0.0
2023-01-23 14:30:00-05:00,6.349999904632568,6.349999904632568,6.300000190734863,6.300000190734863,10438,0.0,0.0
2023-01-23 15:30:00-05:00,6.268099784851074,6.313300132751465,6.260000228881836,6.269999980926514,8276,0.0,0.0
2023-01-24 09:30:00-05:00,6.199999809265137,6.349999904632568,6.159999847412109,6.184999942779541,28309,0.0,0.0
2023-01-24 10:30:00-05:00,6.184999942779541,6.300000190734863,6.099999904632568,6.170000076293945,33420,0.0,0.0
2023-01-24 11:30:00-05:00,6.150000095367432,6.199999809265137,6.150000095367432,6.150000095367432,8189,0.0,0.0
2023-01-24 12:30:00-05:00,6.190000057220459,6.230000019073486,6.110000133514404,6.159999847412109,10003,0.0,0.0
2023-01-24 13:30:00-05:00,6.160099983215332,6.239999771118164,6.159999847412109,6.179999828338623,7796,0.0,0.0
2023-01-24 14:30:00-05:00,6.199999809265137,6.239999771118164,6.145999908447266,6.201399803161621,8597,0.0,0.0
2023-01-24 15:30:00-05:00,6.130099773406982,6.230000019073486,6.130099773406982,6.190000057220459,5959,0.0,0.0
2023-01-25 09:30:00-05:00,6.110000133514404,6.309999942779541,5.960000038146973,5.989999771118164,52805,0.0,0.0
2023-01-25 10:30:00-05:00,6.025000095367432,6.025000095367432,5.869999885559082,5.96999979019165,59287,0.0,0.0
2023-01-25 11:30:00-05:00,6.0,6.099999904632568,5.920000076293945,5.940000057220459,10940,0.0,0.0
2023-01-25 12:30:00-05:00,5.940000057220459,6.0,5.920000076293945,5.96999979019165,11127,0.0,0.0
2023-01-25 13:30:00-05:00,5.957499980926514,6.039999961853027,5.954999923706055,6.0,5504,0.0,0.0
2023-01-25 14:30:00-05:00,6.039999961853027,6.059999942779541,5.98199987411499,6.0335001945495605,13032,0.0,0.0
2023-01-25 15:30:00-05:00,6.053599834442139,6.059999942779541,6.019999980926514,6.019999980926514,8310,0.0,0.0
2023-01-26 09:30:00-05:00,6.0,6.099999904632568,5.900000095367432,5.989999771118164,30336,0.0,0.0
2023-01-26 10:30:00-05:00,5.960000038146973,6.0,5.760000228881836,5.864999771118164,43673,0.0,0.0
2023-01-26 11:30:00-05:00,5.880000114440918,5.900000095367432,5.829999923706055,5.860000133514404,16212,0.0,0.0
2023-01-26 12:30:00-05:00,5.880199909210205,5.960000038146973,5.849999904632568,5.909999847412109,8016,0.0,0.0
2023-01-26 13:30:00-05:00,5.925000190734863,5.939899921417236,5.885000228881836,5.900100231170654,3295,0.0,0.0
2023-01-26 14:30:00-05:00,5.909999847412109,5.949999809265137,5.900000095367432,5.920000076293945,11547,0.0,0.0
2023-01-26 15:30:00-05:00,5.929999828338623,6.0,5.920000076293945,5.96999979019165,9399,0.0,0.0
2023-01-27 09:30:00-05:00,6.079999923706055,6.119999885559082,6.0,6.011600017547607,17486,0.0,0.0
2023-01-27 10:30:00-05:00,6.010000228881836,6.019899845123291,5.964600086212158,6.019899845123291,12430,0.0,0.0
2023-01-27 11:30:00-05:00,6.045000076293945,6.070000171661377,5.989999771118164,5.989999771118164,8102,0.0,0.0
2023-01-27 12:30:00-05:00,5.980000019073486,6.0,5.950200080871582,5.980000019073486,3884,0.0,0.0
2023-01-27 13:30:00-05:00,5.960000038146973,6.065000057220459,5.949999809265137,6.007900238037109,16469,0.0,0.0
2023-01-27 14:30:00-05:00,6.010000228881836,6.059899806976318,5.9934000968933105,5.9934000968933105,4217,0.0,0.0
2023-01-27 15:30:00-05:00,5.985000133514404,6.010000228881836,5.96999979019165,5.980000019073486,9337,0.0,0.0
2023-01-30 09:30:00-05:00,5.989999771118164,5.989999771118164,5.829999923706055,5.9278998374938965,20745,0.0,0.0
2023-01-30 10:30:00-05:00,5.924799919128418,5.994999885559082,5.909999847412109,5.9882001876831055,4828,0.0,0.0
2023-01-30 11:30:00-05:00,5.980000019073486,6.099999904632568,5.960100173950195,6.090000152587891,6722,0.0,0.0
2023-01-30 12:30:00-05:00,6.089900016784668,6.090000152587891,5.994999885559082,6.014999866485596,3649,0.0,0.0
2023-01-30 13:30:00-05:00,6.019999980926514,6.019999980926514,5.96999979019165,6.000100135803223,3622,0.0,0.0
2023-01-30 14:30:00-05:00,6.0,6.054999828338623,5.929999828338623,5.929999828338623,13325,0.0,0.0
2023-01-30 15:30:00-05:00,5.960000038146973,5.974999904632568,5.880000114440918,5.920000076293945,13245,0.0,0.0
2023-01-31 09:30:00-05:00,5.860000133514404,6.059999942779541,5.820000171661377,6.014999866485596,24684,0.0,0.0
2023-01-31 10:30:00-05:00,6.014999866485596,6.119999885559082,6.014999866485596,6.084099769592285,13796,0.0,0.0
2023-01-31 11:30:00-05:00,6.070000171661377,6.090000152587891,6.050000190734863,6.079999923706055,3498,0.0,0.0
2023-01-31 12:30:00-05:00,6.045000076293945,6.079999923706055,6.019999980926514,6.039999961853027,6702,0.0,0.0
2023-01-31 13:30:00-05:00,6.0,6.010000228881836,6.0,6.0,794,0.0,0.0
2023-01-31 14:30:00-05:00,6.0,6.0,5.909999847412109,5.960000038146973,7278,0.0,0.0
2023-01-31 15:30:00-05:00,5.960000038146973,6.0,5.960000038146973,5.989999771118164,7103,0.0,0.0
2023-02-01 09:30:00-05:00,6.010000228881836,6.021999835968018,5.850100040435791,5.922999858856201,15239,0.0,0.0
2023-02-01 10:30:00-05:00,5.996799945831299,5.996799945831299,5.849999904632568,5.889999866485596,8880,0.0,0.0
2023-02-01 11:30:00-05:00,5.889999866485596,5.909999847412109,5.758299827575684,5.783999919891357,21650,0.0,0.0
2023-02-01 12:30:00-05:00,5.824999809265137,5.875,5.78000020980835,5.875,8381,0.0,0.0
2023-02-01 13:30:00-05:00,5.880000114440918,5.974999904632568,5.837500095367432,5.954999923706055,3613,0.0,0.0
2023-02-01 14:30:00-05:00,5.960000038146973,6.090000152587891,5.900000095367432,5.960000038146973,20510,0.0,0.0
2023-02-01 15:30:00-05:00,5.978499889373779,6.050000190734863,5.960000038146973,5.96999979019165,12413,0.0,0.0
2023-02-02 09:30:00-05:00,6.03000020980835,6.03000020980835,5.840000152587891,5.980000019073486,30801,0.0,0.0
2023-02-02 10:30:00-05:00,5.980000019073486,6.050000190734863,5.900000095367432,5.96999979019165,24602,0.0,0.0
2023-02-02 11:30:00-05:00,5.989999771118164,5.989999771118164,5.929999828338623,5.949999809265137,4520,0.0,0.0
2023-02-02 12:30:00-05:00,5.949999809265137,5.980000019073486,5.929999828338623,5.948999881744385,5504,0.0,0.0
2023-02-02 13:30:00-05:00,5.929999828338623,5.949999809265137,5.809999942779541,5.809999942779541,30938,0.0,0.0
2023-02-02 14:30:00-05:00,5.829999923706055,5.900000095367432,5.829999923706055,5.829999923706055,17841,0.0,0.0
2023-02-02 15:30:00-05:00,5.835000038146973,5.925000190734863,5.809999942779541,5.880000114440918,15012,0.0,0.0
2023-02-03 09:30:00-05:00,5.960000038146973,6.039999961853027,5.909599781036377,6.009900093078613,29341,0.0,0.0
2023-02-03 10:30:00-05:00,6.039999961853027,6.039999961853027,5.960100173950195,5.960100173950195,12159,0.0,0.0
2023-02-03 11:30:00-05:00,5.946100234985352,5.964799880981445,5.900000095367432,5.904699802398682,6781,0.0,0.0
2023-02-03 12:30:00-05:00,5.939599990844727,5.980000019073486,5.900000095367432,5.96999979019165,7120,0.0,0.0
2023-02-03 13:30:00-05:00,5.936999797821045,5.96999979019165,5.900000095367432,5.914999961853027,8499,0.0,0.0
2023-02-03 14:30:00-05:00,5.909999847412109,5.960000038146973,5.880000114440918,5.949999809265137,8825,0.0,0.0
2023-02-03 15:30:00-05:00,5.940000057220459,5.940000057220459,5.860000133514404,5.920000076293945,9827,0.0,0.0
2023-02-06 09:30:00-05:00,5.889999866485596,5.989999771118164,5.840000152587891,5.869999885559082,11825,0.0,0.0
2023-02-06 10:30:00-05:00,5.860000133514404,5.927800178527832,5.820000171661377,5.914999961853027,6207,0.0,0.0
2023-02-06 11:30:00-05:00,5.909999847412109,5.909999847412109,5.864999771118164,5.875,5584,0.0,0.0
2023-02-06 12:30:00-05:00,5.900000095367432,5.940000057220459,5.854700088500977,5.869999885559082,12922,0.0,0.0
2023-02-06 13:30:00-05:00,5.875,5.875,5.829999923706055,5.847499847412109,8232,0.0,0.0
2023-02-06 14:30:00-05:00,5.840000152587891,5.840000152587891,5.76200008392334,5.800000190734863,15123,0.0,0.0
2023-02-06 15:30:00-05:00,5.769999980926514,5.820000171661377,5.760000228881836,5.789999961853027,13109,0.0,0.0
2023-02-07 09:30:00-05:00,5.820000171661377,5.917300224304199,5.809999942779541,5.884399890899658,19399,0.0,0.0
2023-02-07 10:30:00-05:00,5.800000190734863,5.980000019073486,5.789999961853027,5.946899890899658,29184,0.0,0.0
2023-02-07 11:30:00-05:00,5.900100231170654,6.199999809265137,5.900000095367432,6.171800136566162,79020,0.0,0.0
2023-02-07 12:30:00-05:00,6.139999866485596,6.25,6.0,6.0,57898,0.0,0.0
2023-02-07 13:30:00-05:00,6.0,6.073299884796143,6.0,6.073299884796143,6581,0.0,0.0
2023-02-07 14:30:00-05:00,6.090000152587891,6.139999866485596,6.0,6.130000114440918,8278,0.0,0.0
2023-02-07 15:30:00-05:00,6.130000114440918,6.159999847412109,6.050000190734863,6.139999866485596,10259,0.0,0.0
2023-02-08 09:30:00-05:00,6.019999980926514,6.119999885559082,5.940000057220459,5.980000019073486,31830,0.0,0.0
2023-02-08 10:30:00-05:00,5.980000019073486,5.980100154876709,5.870100021362305,5.929999828338623,23855,0.0,0.0
2023-02-08 11:30:00-05:00,5.940000057220459,5.960000038146973,5.849999904632568,5.960000038146973,9935,0.0,0.0
2023-02-08 12:30:00-05:00,5.960000038146973,5.960000038146973,5.898200035095215,5.949999809265137,8983,0.0,0.0
2023-02-08 13:30:00-05:00,5.949999809265137,5.949999809265137,5.900000095367432,5.909999847412109,1157,0.0,0.0
2023-02-08 14:30:00-05:00,5.900000095367432,5.949999809265137,5.849999904632568,5.894999980926514,14708,0.0,0.0
2023-02-08 15:30:00-05:00,5.840000152587891,5.869999885559082,5.760000228881836,5.760000228881836,23827,0.0,0.0
2023-02-09 09:30:00-05:00,5.929999828338623,5.929999828338623,5.800000190734863,5.880000114440918,21678,0.0,0.0
2023-02-09 10:30:00-05:00,5.860000133514404,5.880499839782715,5.809999942779541,5.860000133514404,12576,0.0,0.0
2023-02-09 11:30:00-05:00,5.8282999992370605,5.880000114440918,5.8282999992370605,5.880000114440918,4433,0.0,0.0
2023-02-09 12:30:00-05:00,5.849999904632568,5.980000019073486,5.829999923706055,5.909999847412109,27653,0.0,0.0
2023-02-09 13:30:00-05:00,5.929999828338623,5.949999809265137,5.869999885559082,5.920000076293945,7740,0.0,0.0
2023-02-09 14:30:00-05:00,5.920000076293945,5.920000076293945,5.78000020980835,5.809999942779541,19717,0.0,0.0
2023-02-09 15:30:00-05:00,5.824999809265137,5.824999809265137,5.75,5.789999961853027,18237,0.0,0.0
2023-02-10 09:30:00-05:00,5.860000133514404,5.966300010681152,5.849999904632568,5.932600021362305,45486,0.0,0.0
2023-02-10 10:30:00-05:00,5.900100231170654,6.099999904632568,5.900100231170654,6.059999942779541,46214,0.0,0.0
2023-02-10 11:30:00-05:00,6.0721001625061035,6.338200092315674,6.059999942779541,6.125,144897,0.0,0.0
2023-02-10 12:30:00-05:00,6.100100040435791,6.150000095367432,6.050000190734863,6.1203999519348145,22281,0.0,0.0
2023-02-10 13:30:00-05:00,6.145199775695801,6.269999980926514,6.050000190734863,6.269999980926514,26596,0.0,0.0
2023-02-10 14:30:00-05:00,6.204999923706055,6.449999809265137,6.180099964141846,6.260000228881836,98529,0.0,0.0
2023-02-10 15:30:00-05:00,6.2505998611450195,6.449999809265137,6.230000019073486,6.449999809265137,51869,0.0,0.0
2023-02-13 09:30:00-05:00,6.210000038146973,6.429999828338623,6.0,6.300000190734863,152389,0.0,0.0
2023-02-13 10:30:00-05:00,6.28000020980835,6.28000020980835,6.130099773406982,6.170000076293945,23804,0.0,0.0
2023-02-13 11:30:00-05:00,6.170000076293945,6.399899959564209,6.150000095367432,6.380000114440918,30748,0.0,0.0
2023-02-13 12:30:00-05:00,6.384399890899658,6.739999771118164,6.384399890899658,6.468299865722656,87676,0.0,0.0
2023-02-13 13:30:00-05:00,6.429999828338623,6.670000076293945,6.407599925994873,6.550000190734863,27453,0.0,0.0
2023-02-13 14:30:00-05:00,6.641200065612793,6.641200065612793,6.349999904632568,6.360000133514404,22726,0.0,0.0
2023-02-13 15:30:00-05:00,6.369999885559082,6.4899001121521,6.300000190734863,6.359899997711182,33523,0.0,0.0
2023-02-14 09:30:00-05:00,6.159999847412109,6.590000152587891,6.110000133514404,6.409999847412109,51436,0.0,0.0
2023-02-14 10:30:00-05:00,6.399199962615967,6.399199962615967,6.25,6.260000228881836,16906,0.0,0.0
2023-02-14 11:30:00-05:00,6.315000057220459,6.389999866485596,6.269999980926514,6.300000190734863,7778,0.0,0.0
2023-02-14 12:30:00-05:00,6.327300071716309,6.4899001121521,6.261499881744385,6.400000095367432,8550,0.0,0.0
2023-02-14 13:30:00-05:00,6.390100002288818,6.40500020980835,6.210000038146973,6.304999828338623,21220,0.0,0.0
2023-02-14 14:30:00-05:00,6.300000190734863,6.349999904632568,6.199999809265137,6.210000038146973,43401,0.0,0.0
2023-02-14 15:30:00-05:00,6.210000038146973,6.2631001472473145,6.170000076293945,6.179999828338623,11300,0.0,0.0
2023-02-15 09:30:00-05:00,6.269999980926514,6.28000020980835,6.030099868774414,6.099999904632568,58234,0.0,0.0
2023-02-15 10:30:00-05:00,6.099999904632568,6.150000095367432,5.960000038146973,6.010000228881836,37045,0.0,0.0
2023-02-15 11:30:00-05:00,5.989999771118164,6.077899932861328,5.960000038146973,5.960000038146973,19271,0.0,0.0
2023-02-15 12:30:00-05:00,5.961900234222412,6.150000095367432,5.880000114440918,6.142499923706055,36117,0.0,0.0
2023-02-15 13:30:00-05:00,6.130000114440918,6.139800071716309,6.0,6.059999942779541,23061,0.0,0.0
2023-02-15 14:30:00-05:00,6.050000190734863,6.057499885559082,6.0,6.034999847412109,5865,0.0,0.0
2023-02-15 15:30:00-05:00,6.022600173950195,6.070000171661377,6.014999866485596,6.059999942779541,9200,0.0,0.0
2023-02-16 09:30:00-05:00,6.010000228881836,6.079999923706055,5.900000095367432,6.025000095367432,30712,0.0,0.0
2023-02-16 10:30:00-05:00,6.010000228881836,6.0345001220703125,5.994999885559082,6.0,3243,0.0,0.0
2023-02-16 11:30:00-05:00,5.989999771118164,6.000400066375732,5.949999809265137,5.980000019073486,4736,0.0,0.0
2023-02-16 12:30:00-05:00,5.989999771118164,6.028900146484375,5.949999809265137,6.028900146484375,2840,0.0,0.0
2023-02-16 13:30:00-05:00,5.980000019073486,5.989999771118164,5.980000019073486,5.980000019073486,919,0.0,0.0
2023-02-16 14:30:00-05:00,5.980000019073486,5.980000019073486,5.920000076293945,5.979899883270264,12022,0.0,0.0
2023-02-16 15:30:00-05:00,5.909999847412109,5.920000076293945,5.880000114440918,5.915999889373779,21884,0.0,0.0
2023-02-17 09:30:00-05:00,5.909999847412109,5.909999847412109,5.500100135803223,5.659999847412109,90255,0.0,0.0
2023-02-17 10:30:00-05:00,5.639699935913086,5.670000076293945,5.559999942779541,5.559999942779541,11644,0.0,0.0
2023-02-17 11:30:00-05:00,5.6371002197265625,5.650000095367432,5.560100078582764,5.639999866485596,3022,0.0,0.0
2023-02-17 12:30:00-05:00,5.573400020599365,5.629899978637695,5.559999942779541,5.584499835968018,14166,0.0,0.0
2023-02-17 13:30:00-05:00,5.550000190734863,5.579999923706055,5.519999980926514,5.559999942779541,8230,0.0,0.0
2023-02-17 14:30:00-05:00,5.519999980926514,5.659900188446045,5.519999980926514,5.610000133514404,28079,0.0,0.0
2023-02-17 15:30:00-05:00,5.650000095367432,5.679999828338623,5.599999904632568,5.659999847412109,13737,0.0,0.0
2023-02-21 09:30:00-05:00,5.639999866485596,5.7382001876831055,5.611199855804443,5.611199855804443,12107,0.0,0.0
2023-02-21 10:30:00-05:00,5.599999904632568,5.699999809265137,5.599999904632568,5.649799823760986,6264,0.0,0.0
2023-02-21 11:30:00-05:00,5.619999885559082,5.669099807739258,5.610000133514404,5.669099807739258,8915,0.0,0.0
2023-02-21 12:30:00-05:00,5.659999847412109,5.659999847412109,5.649600028991699,5.649700164794922,1271,0.0,0.0
2023-02-21 13:30:00-05:00,5.637199878692627,5.637199878692627,5.550000190734863,5.570000171661377,7138,0.0,0.0
2023-02-21 14:30:00-05:00,5.573500156402588,5.610199928283691,5.573500156402588,5.582699775695801,3380,0.0,0.0
2023-02-21 15:30:00-05:00,5.59499979019165,5.800000190734863,5.59499979019165,5.690000057220459,46436,0.0,0.0
2023-02-22 09:30:00-05:00,5.710000038146973,5.751100063323975,5.59499979019165,5.599999904632568,18620,0.0,0.0
2023-02-22 10:30:00-05:00,5.570000171661377,5.673099994659424,5.567999839782715,5.639999866485596,4607,0.0,0.0
2023-02-22 11:30:00-05:00,5.689899921417236,5.689899921417236,5.588799953460693,5.679999828338623,5993,0.0,0.0
2023-02-22 12:30:00-05:00,5.670000076293945,5.730000019073486,5.630099773406982,5.650000095367432,8929,0.0,0.0
2023-02-22 13:30:00-05:00,5.697299957275391,5.71999979019165,5.610099792480469,5.639999866485596,15302,0.0,0.0
2023-02-22 14:30:00-05:00,5.679999828338623,5.710400104522705,5.679999828338623,5.710400104522705,1006,0.0,0.0
2023-02-22 15:30:00-05:00,5.71999979019165,5.889999866485596,5.710000038146973,5.889999866485596,22864,0.0,0.0
2023-02-23 09:30:00-05:00,5.900000095367432,5.960000038146973,5.791500091552734,5.860000133514404,16384,0.0,0.0
2023-02-23 10:30:00-05:00,5.899899959564209,5.899899959564209,5.809999942779541,5.829999923706055,6131,0.0,0.0
2023-02-23 11:30:00-05:00,5.800000190734863,5.800000190734863,5.690000057220459,5.75,8775,0.0,0.0
2023-02-23 12:30:00-05:00,5.800000190734863,5.849999904632568,5.75,5.760000228881836,2274,0.0,0.0
2023-02-23 13:30:00-05:00,5.849999904632568,5.849999904632568,5.840000152587891,5.840000152587891,1269,0.0,0.0
2023-02-23 14:30:00-05:00,5.829899787902832,5.860000133514404,5.801499843597412,5.801499843597412,4542,0.0,0.0
2023-02-23 15:30:00-05:00,5.869999885559082,5.900000095367432,5.800000190734863,5.800000190734863,7029,0.0,0.0
2023-02-24 09:30:00-05:00,5.800000190734863,5.800000190734863,5.650100231170654,5.679999828338623,15496,0.0,0.0
2023-02-24 10:30:00-05:00,5.670000076293945,5.849999904632568,5.630099773406982,5.804999828338623,19030,0.0,0.0
2023-02-24 11:30:00-05:00,5.760000228881836,5.849999904632568,5.760000228881836,5.800000190734863,5572,0.0,0.0
2023-02-24 12:30:00-05:00,5.820000171661377,5.820000171661377,5.710100173950195,5.730000019073486,6670,0.0,0.0
2023-02-24 13:30:00-05:00,5.659999847412109,5.7382001876831055,5.659999847412109,5.659999847412109,6295,0.0,0.0
2023-02-24 14:30:00-05:00,5.74970006942749,5.800000190734863,5.734899997711182,5.800000190734863,1984,0.0,0.0
2023-02-24 15:30:00-05:00,5.800000190734863,5.801300048828125,5.739999771118164,5.760000228881836,7199,0.0,0.0
2023-02-27 09:30:00-05:00,5.920000076293945,5.920000076293945,5.75,5.829999923706055,15951,0.0,0.0
2023-02-27 10:30:00-05:00,5.78000020980835,5.800000190734863,5.71999979019165,5.766300201416016,15142,0.0,0.0
2023-02-27 11:30:00-05:00,5.769999980926514,5.849999904632568,5.71999979019165,5.804999828338623,7899,0.0,0.0
2023-02-27 12:30:00-05:00,5.800000190734863,5.800000190734863,5.71999979019165,5.75,5215,0.0,0.0
2023-02-27 13:30:00-05:00,5.71999979019165,5.789999961853027,5.659999847412109,5.78000020980835,15715,0.0,0.0
2023-02-27 14:30:00-05:00,5.71999979019165,5.760000228881836,5.699999809265137,5.732699871063232,5417,0.0,0.0
2023-02-27 15:30:00-05:00,5.739999771118164,5.739999771118164,5.659999847412109,5.71999979019165,11426,0.0,0.0
2023-02-28 09:30:00-05:00,5.659999847412109,5.7733001708984375,5.659999847412109,5.75,8680,0.0,0.0
2023-02-28 10:30:00-05:00,5.759900093078613,5.759900093078613,5.659999847412109,5.675099849700928,10063,0.0,0.0
2023-02-28 11:30:00-05:00,5.679999828338623,5.699999809265137,5.619999885559082,5.650000095367432,13571,0.0,0.0
2023-02-28 12:30:00-05:00,5.644999980926514,5.673999786376953,5.610000133514404,5.630000114440918,4246,0.0,0.0
2023-02-28 13:30:00-05:00,5.659999847412109,5.690000057220459,5.639999866485596,5.644999980926514,14910,0.0,0.0
2023-02-28 14:30:00-05:00,5.650000095367432,5.650000095367432,5.550000190734863,5.605000019073486,9028,0.0,0.0
2023-02-28 15:30:00-05:00,5.632500171661377,5.659999847412109,5.559999942779541,5.559999942779541,18258,0.0,0.0
2023-03-01 09:30:00-05:00,5.639999866485596,5.739999771118164,5.630000114440918,5.690000057220459,8969,0.0,0.0
2023-03-01 10:30:00-05:00,5.690000057220459,5.739999771118164,5.559999942779541,5.599999904632568,11717,0.0,0.0
2023-03-01 11:30:00-05:00,5.683700084686279,5.683700084686279,5.599999904632568,5.639999866485596,4230,0.0,0.0
2023-03-01 12:30:00-05:00,5.620100021362305,5.659999847412109,5.590000152587891,5.59499979019165,4643,0.0,0.0
2023-03-01 13:30:00-05:00,5.585000038146973,5.599999904632568,5.570000171661377,5.585000038146973,2634,0.0,0.0
2023-03-01 14:30:00-05:00,5.570099830627441,5.599999904632568,5.570099830627441,5.599999904632568,5728,0.0,0.0
2023-03-01 15:30:00-05:00,5.586100101470947,5.599999904632568,5.480000019073486,5.480000019073486,31334,0.0,0.0
2023-03-02 09:30:00-05:00,5.480000019073486,5.518400192260742,5.360000133514404,5.425000190734863,23531,0.0,0.0
2023-03-02 10:30:00-05:00,5.400000095367432,5.420000076293945,5.309999942779541,5.420000076293945,13010,0.0,0.0
2023-03-02 11:30:00-05:00,5.420000076293945,5.449999809265137,5.395999908447266,5.430200099945068,15204,0.0,0.0
2023-03-02 12:30:00-05:00,5.443600177764893,5.519999980926514,5.443600177764893,5.460000038146973,4389,0.0,0.0
2023-03-02 13:30:00-05:00,5.460000038146973,5.46999979019165,5.420000076293945,5.429999828338623,5030,0.0,0.0
2023-03-02 14:30:00-05:00,5.420000076293945,5.420000076293945,5.320099830627441,5.349999904632568,11800,0.0,0.0
2023-03-02 15:30:00-05:00,5.380000114440918,5.400000095367432,5.309999942779541,5.340000152587891,7067,0.0,0.0
2023-03-03 09:30:00-05:00,5.309999942779541,5.445000171661377,5.309999942779541,5.3404998779296875,14312,0.0,0.0
2023-03-03 10:30:00-05:00,5.439899921417236,5.439899921417236,5.3856000900268555,5.429999828338623,3016,0.0,0.0
2023-03-03 11:30:00-05:00,5.419000148773193,5.48960018157959,5.372300148010254,5.453999996185303,6271,0.0,0.0
2023-03-03 12:30:00-05:00,5.480000019073486,5.539999961853027,5.465000152587891,5.518899917602539,4540,0.0,0.0
2023-03-03 13:30:00-05:00,5.550000190734863,5.550000190734863,5.349999904632568,5.349999904632568,5044,0.0,0.0
2023-03-03 14:30:00-05:00,5.407899856567383,5.46999979019165,5.3979997634887695,5.440400123596191,9321,0.0,0.0
2023-03-03 15:30:00-05:00,5.5,5.5,5.426700115203857,5.489999771118164,1615,0.0,0.0
2023-03-06 09:30:00-05:00,5.539999961853027,5.539999961853027,5.409999847412109,5.440000057220459,10127,0.0,0.0
2023-03-06 10:30:00-05:00,5.449999809265137,5.4882001876831055,5.3993000984191895,5.400000095367432,19676,0.0,0.0
2023-03-06 11:30:00-05:00,5.400000095367432,5.5,5.369999885559082,5.449999809265137,23290,0.0,0.0
2023-03-06 12:30:00-05:00,5.409999847412109,5.410799980163574,5.369999885559082,5.369999885559082,12534,0.0,0.0
2023-03-06 13:30:00-05:00,5.360000133514404,5.420000076293945,5.349999904632568,5.360400199890137,10105,0.0,0.0
2023-03-06 14:30:00-05:00,5.420000076293945,5.449999809265137,5.400000095367432,5.425000190734863,7307,0.0,0.0
2023-03-06 15:30:00-05:00,5.409999847412109,5.414999961853027,5.329999923706055,5.340000152587891,3287,0.0,0.0
2023-03-07 09:30:00-05:00,5.5,5.5,5.300000190734863,5.301300048828125,9879,0.0,0.0
2023-03-07 10:30:00-05:00,5.341400146484375,5.349999904632568,5.295599937438965,5.344299793243408,6952,0.0,0.0
2023-03-07 11:30:00-05:00,5.309999942779541,5.345900058746338,5.309999942779541,5.335000038146973,1184,0.0,0.0
2023-03-07 12:30:00-05:00,5.3684000968933105,5.3684000968933105,5.349999904632568,5.349999904632568,589,0.0,0.0
2023-03-07 13:30:00-05:00,5.310100078582764,5.310100078582764,5.25,5.309899806976318,22946,0.0,0.0
2023-03-07 14:30:00-05:00,5.260000228881836,5.309999942779541,5.150000095367432,5.304999828338623,23703,0.0,0.0
2023-03-07 15:30:00-05:00,5.25,5.304999828338623,5.119999885559082,5.1479997634887695,13440,0.0,0.0
2023-03-08 09:30:00-05:00,5.170000076293945,5.170000076293945,5.025000095367432,5.050000190734863,43271,0.0,0.0
2023-03-08 10:30:00-05:00,5.050000190734863,5.119999885559082,5.03000020980835,5.07480001449585,12459,0.0,0.0
2023-03-08 11:30:00-05:00,5.039999961853027,5.050000190734863,5.0,5.0,5933,0.0,0.0
2023-03-08 12:30:00-05:00,5.010000228881836,5.130000114440918,5.010000228881836,5.130000114440918,6128,0.0,0.0
2023-03-08 13:30:00-05:00,5.010000228881836,5.130000114440918,5.010000228881836,5.130000114440918,1422,0.0,0.0
2023-03-08 14:30:00-05:00,5.119999885559082,5.139999866485596,5.050000190734863,5.079999923706055,11463,0.0,0.0
2023-03-08 15:30:00-05:00,5.105000019073486,5.150000095367432,5.039999961853027,5.119999885559082,11787,0.0,0.0
2023-03-09 09:30:00-05:00,5.090000152587891,5.230299949645996,5.090000152587891,5.110099792480469,6511,0.0,0.0
2023-03-09 10:30:00-05:00,5.119999885559082,5.119999885559082,5.037899971008301,5.037899971008301,4718,0.0,0.0
2023-03-09 11:30:00-05:00,5.016600131988525,5.027299880981445,5.010000228881836,5.019999980926514,3839,0.0,0.0
2023-03-09 12:30:00-05:00,5.010000228881836,5.080399990081787,5.010000228881836,5.080399990081787,1483,0.0,0.0
2023-03-09 13:30:00-05:00,5.029900074005127,5.029900074005127,4.900000095367432,4.909999847412109,27896,0.0,0.0
2023-03-09 14:30:00-05:00,4.880000114440918,4.885000228881836,4.769999980926514,4.824999809265137,40443,0.0,0.0
2023-03-09 15:30:00-05:00,4.800000190734863,4.849899768829346,4.75,4.75,14522,0.0,0.0
2023-03-10 09:30:00-05:00,4.940000057220459,5.000100135803223,4.800000190734863,4.969900131225586,17593,0.0,0.0
2023-03-10 10:30:00-05:00,4.861999988555908,4.900000095367432,4.800099849700928,4.900000095367432,6717,0.0,0.0
2023-03-10 11:30:00-05:00,4.880000114440918,4.914999961853027,4.809999942779541,4.809999942779541,4364,0.0,0.0
2023-03-10 12:30:00-05:00,4.869999885559082,4.88129997253418,4.730000019073486,4.759900093078613,7944,0.0,0.0
2023-03-10 13:30:00-05:00,4.739999771118164,4.909999847412109,4.659999847412109,4.909999847412109,8760,0.0,0.0
2023-03-10 14:30:00-05:00,4.889999866485596,4.909999847412109,4.71999979019165,4.71999979019165,9626,0.0,0.0
2023-03-10 15:30:00-05:00,4.7221999168396,4.860000133514404,4.7221999168396,4.760000228881836,9883,0.0,0.0
2023-03-13 09:30:00-04:00,4.800000190734863,4.900000095367432,4.690000057220459,4.800000190734863,14238,0.0,0.0
2023-03-13 10:30:00-04:00,4.800000190734863,4.919899940490723,4.800000190734863,4.820000171661377,6516,0.0,0.0
2023-03-13 11:30:00-04:00,4.820000171661377,4.894999980926514,4.820000171661377,4.849999904632568,5149,0.0,0.0
2023-03-13 12:30:00-04:00,4.800000190734863,4.800000190734863,4.699999809265137,4.755000114440918,10137,0.0,0.0
2023-03-13 13:30:00-04:00,4.756700038909912,4.809999942779541,4.75,4.75,7145,0.0,0.0
2023-03-13 14:30:00-04:00,4.800000190734863,5.014999866485596,4.75,4.940000057220459,15845,0.0,0.0
2023-03-13 15:30:00-04:00,4.96999979019165,5.130000114440918,4.960000038146973,4.994999885559082,14396,0.0,0.0
2023-03-14 09:30:00-04:00,5.0,5.059999942779541,4.87529993057251,5.059999942779541,10664,0.0,0.0
2023-03-14 10:30:00-04:00,5.024700164794922,5.090000152587891,5.024700164794922,5.070000171661377,6832,0.0,0.0
2023-03-14 11:30:00-04:00,5.110000133514404,5.130000114440918,5.020100116729736,5.020100116729736,5819,0.0,0.0
2023-03-14 12:30:00-04:00,5.090000152587891,5.159999847412109,5.070000171661377,5.09499979019165,8481,0.0,0.0
2023-03-14 13:30:00-04:00,5.119999885559082,5.150000095367432,5.026899814605713,5.079999923706055,11174,0.0,0.0
2023-03-14 14:30:00-04:00,5.099999904632568,5.099999904632568,5.019999980926514,5.03000020980835,1802,0.0,0.0
2023-03-14 15:30:00-04:00,5.079999923706055,5.289999961853027,5.059999942779541,5.25,18684,0.0,0.0
2023-03-15 09:30:00-04:00,4.940000057220459,5.077899932861328,4.934999942779541,5.010000228881836,15267,0.0,0.0
2023-03-15 10:30:00-04:00,5.059899806976318,5.059899806976318,4.909999847412109,4.999899864196777,9274,0.0,0.0
2023-03-15 11:30:00-04:00,4.9899001121521,4.9899001121521,4.760000228881836,4.885000228881836,44099,0.0,0.0
2023-03-15 12:30:00-04:00,4.809999942779541,4.889999866485596,4.760000228881836,4.869999885559082,9411,0.0,0.0
2023-03-15 13:30:00-04:00,4.8856000900268555,4.889400005340576,4.800000190734863,4.800000190734863,7095,0.0,0.0
2023-03-15 14:30:00-04:00,4.800000190734863,4.869999885559082,4.769999980926514,4.800000190734863,7776,0.0,0.0
2023-03-15 15:30:00-04:00,4.840000152587891,5.0,4.840000152587891,5.0,26555,0.0,0.0
2023-03-16 09:30:00-04:00,5.119999885559082,5.119999885559082,4.900000095367432,4.985000133514404,21768,0.0,0.0
2023-03-16 10:30:00-04:00,4.985000133514404,5.088500022888184,4.922299861907959,5.010000228881836,11183,0.0,0.0
2023-03-16 11:30:00-04:00,4.989999771118164,5.0,4.949999809265137,4.970099925994873,1284,0.0,0.0
2023-03-16 12:30:00-04:00,4.949999809265137,5.050000190734863,4.949999809265137,5.039999961853027,3320,0.0,0.0
2023-03-16 13:30:00-04:00,5.070000171661377,5.0914998054504395,4.909999847412109,4.914999961853027,5985,0.0,0.0
2023-03-16 14:30:00-04:00,4.9604997634887695,4.995800018310547,4.889999866485596,4.889999866485596,10469,0.0,0.0
2023-03-16 15:30:00-04:00,4.911600112915039,5.019999980926514,4.911600112915039,4.980000019073486,4094,0.0,0.0
2023-03-17 09:30:00-04:00,5.050000190734863,5.050000190734863,4.889999866485596,4.900100231170654,12753,0.0,0.0
2023-03-17 10:30:00-04:00,4.929999828338623,4.985000133514404,4.919600009918213,4.949999809265137,767,0.0,0.0
2023-03-17 11:30:00-04:00,4.965000152587891,4.965000152587891,4.886300086975098,4.900000095367432,1414,0.0,0.0
2023-03-17 12:30:00-04:00,4.889999866485596,5.099999904632568,4.849999904632568,4.889999866485596,1574,0.0,0.0
2023-03-17 13:30:00-04:00,4.997099876403809,5.050000190734863,4.860000133514404,4.929999828338623,16015,0.0,0.0
2023-03-17 14:30:00-04:00,5.03000020980835,5.159999847412109,4.909999847412109,4.949999809265137,11996,0.0,0.0
2023-03-17 15:30:00-04:00,4.90500020980835,5.150000095367432,4.90500020980835,5.0,7300,0.0,0.0
2023-03-20 09:30:00-04:00,5.019999980926514,5.076600074768066,4.96999979019165,5.070000171661377,10665,0.0,0.0
2023-03-20 10:30:00-04:00,5.050000190734863,5.050000190734863,4.900000095367432,4.980000019073486,16200,0.0,0.0
2023-03-20 11:30:00-04:00,5.03000020980835,5.03000020980835,4.944200038909912,4.944200038909912,1863,0.0,0.0
2023-03-20 12:30:00-04:00,4.929999828338623,4.929999828338623,4.800000190734863,4.925000190734863,15763,0.0,0.0
2023-03-20 13:30:00-04:00,4.929900169372559,4.929900169372559,4.860000133514404,4.916399955749512,3616,0.0,0.0
2023-03-20 14:30:00-04:00,4.9166998863220215,4.920000076293945,4.820000171661377,4.869999885559082,4029,0.0,0.0
2023-03-20 15:30:00-04:00,4.820000171661377,4.901000022888184,4.820000171661377,4.829999923706055,0,0.0,0.0
2023-03-21 09:30:00-04:00,4.934999942779541,5.03000020980835,4.829999923706055,4.900000095367432,22522,0.0,0.0
2023-03-21 10:30:00-04:00,4.900000095367432,5.0,4.850100040435791,4.989999771118164,6603,0.0,0.0
2023-03-21 12:30:00-04:00,4.903500080108643,5.0,4.900000095367432,4.965000152587891,4236,0.0,0.0
2023-03-21 13:30:00-04:00,5.0,5.03000020980835,4.965000152587891,5.0,4577,0.0,0.0
2023-03-21 14:30:00-04:00,5.0,5.0,4.989999771118164,4.989999771118164,1281,0.0,0.0
2023-03-21 15:30:00-04:00,5.0,5.03000020980835,4.96999979019165,5.03000020980835,3437,0.0,0.0
2023-03-22 09:30:00-04:00,5.03000020980835,5.050000190734863,4.900000095367432,4.939199924468994,5686,0.0,0.0
2023-03-22 10:30:00-04:00,4.945000171661377,4.989999771118164,4.860000133514404,4.949999809265137,25473,0.0,0.0
2023-03-22 11:30:00-04:00,4.949999809265137,4.965000152587891,4.871099948883057,4.889999866485596,2064,0.0,0.0
2023-03-22 12:30:00-04:00,4.93179988861084,4.93179988861084,4.900000095367432,4.900000095367432,1425,0.0,0.0
2023-03-22 13:30:00-04:00,4.980000019073486,5.045000076293945,4.980000019073486,4.984499931335449,1917,0.0,0.0
2023-03-22 14:30:00-04:00,4.980000019073486,5.018400192260742,4.900000095367432,4.930099964141846,24116,0.0,0.0
2023-03-22 15:30:00-04:00,4.96999979019165,4.980000019073486,4.880000114440918,4.880000114440918,0,0.0,0.0
2023-03-23 09:30:00-04:00,4.840000152587891,4.965000152587891,4.840000152587891,4.947999954223633,12160,0.0,0.0
2023-03-23 10:30:00-04:00,4.910900115966797,4.910900115966797,4.829999923706055,4.829999923706055,4854,0.0,0.0
2023-03-23 11:30:00-04:00,4.829999923706055,4.849999904632568,4.699999809265137,4.75,21185,0.0,0.0
2023-03-23 12:30:00-04:00,4.760000228881836,4.829999923706055,4.5100998878479,4.650000095367432,52660,0.0,0.0
2023-03-23 13:30:00-04:00,4.730000019073486,4.730000019073486,4.730000019073486,4.730000019073486,1122,0.0,0.0
2023-03-23 14:30:00-04:00,4.730000019073486,4.739999771118164,4.670100212097168,4.710000038146973,4762,0.0,0.0
2023-03-23 15:30:00-04:00,4.725399971008301,4.800000190734863,4.724999904632568,4.75,4989,0.0,0.0
2023-03-24 09:30:00-04:00,4.789999961853027,4.829999923706055,4.610000133514404,4.6371002197265625,4235,0.0,0.0
2023-03-24 10:30:00-04:00,4.684999942779541,4.75,4.620100021362305,4.623899936676025,12693,0.0,0.0
2023-03-24 11:30:00-04:00,4.693699836730957,4.75,4.669400215148926,4.710000038146973,8195,0.0,0.0
2023-03-24 12:30:00-04:00,4.690000057220459,4.715000152587891,4.679999828338623,4.715000152587891,1695,0.0,0.0
2023-03-24 13:30:00-04:00,4.710000038146973,4.75,4.699999809265137,4.699999809265137,2749,0.0,0.0
2023-03-24 14:30:00-04:00,4.699999809265137,4.699999809265137,4.670000076293945,4.670000076293945,2455,0.0,0.0
2023-03-24 15:30:00-04:00,4.670000076293945,4.710000038146973,4.630000114440918,4.630000114440918,9690,0.0,0.0
2023-03-27 09:30:00-04:00,4.679999828338623,4.744999885559082,4.679999828338623,4.710000038146973,3575,0.0,0.0
2023-03-27 10:30:00-04:00,4.690000057220459,4.752900123596191,4.653500080108643,4.679999828338623,7446,0.0,0.0
2023-03-27 11:30:00-04:00,4.710000038146973,4.749899864196777,4.699999809265137,4.715000152587891,2344,0.0,0.0
2023-03-27 12:30:00-04:00,4.715000152587891,4.75,4.699999809265137,4.724999904632568,1007,0.0,0.0
2023-03-27 13:30:00-04:00,4.749899864196777,4.849999904632568,4.724999904632568,4.840000152587891,21586,0.0,0.0
2023-03-27 14:30:00-04:00,4.829999923706055,4.849899768829346,4.699999809265137,4.800000190734863,29381,0.0,0.0
2023-03-27 15:30:00-04:00,4.760000228881836,4.799900054931641,4.71999979019165,4.71999979019165,8301,0.0,0.0
2023-03-28 09:30:00-04:00,4.789999961853027,4.789999961853027,4.699999809265137,4.699999809265137,4554,0.0,0.0
2023-03-28 10:30:00-04:00,4.679999828338623,4.690000057220459,4.599999904632568,4.610000133514404,20597,0.0,0.0
2023-03-28 11:30:00-04:00,4.644999980926514,4.669899940490723,4.5100998878479,4.539999961853027,17090,0.0,0.0
2023-03-28 12:30:00-04:00,4.522200107574463,4.570000171661377,4.522200107574463,4.550000190734863,5241,0.0,0.0
2023-03-28 13:30:00-04:00,4.550000190734863,4.639999866485596,4.539999961853027,4.605000019073486,13422,0.0,0.0
2023-03-28 14:30:00-04:00,4.570000171661377,4.599999904632568,4.520100116729736,4.520199775695801,8605,0.0,0.0
2023-03-28 15:30:00-04:00,4.619999885559082,4.639999866485596,4.519999980926514,4.519999980926514,2406,0.0,0.0
2023-03-29 09:30:00-04:00,4.579999923706055,4.650000095367432,4.579999923706055,4.632800102233887,7738,0.0,0.0
2023-03-29 10:30:00-04:00,4.590000152587891,4.590000152587891,4.579999923706055,4.579999923706055,1603,0.0,0.0
2023-03-29 11:30:00-04:00,4.579999923706055,4.579999923706055,4.53000020980835,4.574999809265137,2151,0.0,0.0
2023-03-29 12:30:00-04:00,4.570499897003174,4.573500156402588,4.5,4.505000114440918,32616,0.0,0.0
2023-03-29 13:30:00-04:00,4.505000114440918,4.599899768829346,4.5,4.5,5005,0.0,0.0
2023-03-29 14:30:00-04:00,4.540900230407715,4.598400115966797,4.5,4.550000190734863,17600,0.0,0.0
2023-03-29 15:30:00-04:00,4.5,4.599999904632568,4.5,4.53000020980835,4291,0.0,0.0
2023-03-30 09:30:00-04:00,4.75,4.75,4.524400234222412,4.559999942779541,14724,0.0,0.0
2023-03-30 10:30:00-04:00,4.541999816894531,4.679999828338623,4.541100025177002,4.679900169372559,12494,0.0,0.0
2023-03-30 11:30:00-04:00,4.610899925231934,4.659999847412109,4.610000133514404,4.630000114440918,5814,0.0,0.0
2023-03-30 12:30:00-04:00,4.600299835205078,4.749899864196777,4.600299835205078,4.749899864196777,10050,0.0,0.0
2023-03-30 13:30:00-04:00,4.619999885559082,4.690000057220459,4.592199802398682,4.690000057220459,7353,0.0,0.0
2023-03-30 14:30:00-04:00,4.650000095367432,4.650000095367432,4.539999961853027,4.590000152587891,7865,0.0,0.0
2023-03-30 15:30:00-04:00,4.610000133514404,4.630000114440918,4.570000171661377,4.599999904632568,3141,0.0,0.0
2023-03-31 09:30:00-04:00,4.760000228881836,4.760000228881836,4.650000095367432,4.699999809265137,7295,0.0,0.0
2023-03-31 10:30:00-04:00,4.71999979019165,4.71999979019165,4.639999866485596,4.670000076293945,5129,0.0,0.0
2023-03-31 11:30:00-04:00,4.650000095367432,4.739999771118164,4.639999866485596,4.645899772644043,10429,0.0,0.0
2023-03-31 12:30:00-04:00,4.710000038146973,4.900000095367432,4.690000057220459,4.75,24344,0.0,0.0
2023-03-31 13:30:00-04:00,4.860000133514404,4.860000133514404,4.742800235748291,4.815000057220459,3587,0.0,0.0
2023-03-31 14:30:00-04:00,4.804999828338623,4.824999809265137,4.775000095367432,4.824999809265137,5003,0.0,0.0
2023-03-31 15:30:00-04:00,4.800000190734863,4.824999809265137,4.71999979019165,4.730000019073486,11469,0.0,0.0
2023-04-03 09:30:00-04:00,6.199999809265137,6.689899921417236,5.579999923706055,5.710000038146973,12359535,0.0,0.0
2023-04-03 10:30:00-04:00,5.704899787902832,6.050000190734863,5.630000114440918,5.920199871063232,1604129,0.0,0.0
2023-04-03 11:30:00-04:00,5.928299903869629,6.170000076293945,5.710000038146973,6.059999942779541,937486,0.0,0.0
2023-04-03 12:30:00-04:00,6.079999923706055,6.230000019073486,5.949999809265137,6.010000228881836,821774,0.0,0.0
2023-04-03 13:30:00-04:00,6.0100998878479,6.449999809265137,5.96999979019165,6.28000020980835,889660,0.0,0.0
2023-04-03 14:30:00-04:00,6.2967000007629395,6.590000152587891,6.119999885559082,6.380000114440918,1119393,0.0,0.0
2023-04-03 15:30:00-04:00,6.380000114440918,6.449999809265137,6.309999942779541,6.409999847412109,402882,0.0,0.0
2023-04-04 09:30:00-04:00,6.099999904632568,6.190000057220459,5.849999904632568,6.079999923706055,614673,0.0,0.0
2023-04-04 10:30:00-04:00,6.050099849700928,6.1595001220703125,5.760000228881836,5.850100040435791,148856,0.0,0.0
2023-04-04 11:30:00-04:00,5.909999847412109,5.940000057220459,5.820000171661377,5.940000057220459,48206,0.0,0.0
2023-04-04 12:30:00-04:00,5.920000076293945,5.940000057220459,5.78000020980835,5.940000057220459,58498,0.0,0.0
2023-04-04 13:30:00-04:00,5.920000076293945,5.989999771118164,5.829999923706055,5.980100154876709,49363,0.0,0.0
2023-04-04 14:30:00-04:00,5.980000019073486,6.050000190734863,5.960000038146973,6.019999980926514,54964,0.0,0.0
2023-04-04 15:30:00-04:00,6.019999980926514,6.019999980926514,5.869999885559082,5.929999828338623,66657,0.0,0.0
2023-04-05 09:30:00-04:00,5.889999866485596,5.940000057220459,5.320000171661377,5.53000020980835,253509,0.0,0.0
2023-04-05 10:30:00-04:00,5.53000020980835,5.530099868774414,5.320000171661377,5.410099983215332,90601,0.0,0.0
2023-04-05 11:30:00-04:00,5.425000190734863,5.460000038146973,5.320000171661377,5.420000076293945,61882,0.0,0.0
2023-04-05 12:30:00-04:00,5.414999961853027,5.559999942779541,5.349999904632568,5.559999942779541,40973,0.0,0.0
2023-04-05 13:30:00-04:00,5.5,5.554999828338623,5.429999828338623,5.5,10561,0.0,0.0
2023-04-05 14:30:00-04:00,5.5,5.5,5.362599849700928,5.377099990844727,46640,0.0,0.0
2023-04-05 15:30:00-04:00,5.380000114440918,5.409999847412109,5.320000171661377,5.329999923706055,40587,0.0,0.0
2023-04-06 09:30:00-04:00,5.320000171661377,5.451399803161621,5.25,5.329999923706055,80732,0.0,0.0
2023-04-06 10:30:00-04:00,5.334000110626221,5.480000019073486,5.25,5.449999809265137,49509,0.0,0.0
2023-04-06 11:30:00-04:00,5.440000057220459,5.519999980926514,5.400000095367432,5.46999979019165,29202,0.0,0.0
2023-04-06 12:30:00-04:00,5.430099964141846,5.480000019073486,5.409999847412109,5.46999979019165,10800,0.0,0.0
2023-04-06 13:30:00-04:00,5.449999809265137,5.46999979019165,5.400000095367432,5.447299957275391,14504,0.0,0.0
2023-04-06 14:30:00-04:00,5.420000076293945,5.489999771118164,5.420000076293945,5.46999979019165,6576,0.0,0.0
2023-04-06 15:30:00-04:00,5.46999979019165,5.480000019073486,5.420000076293945,5.46999979019165,30159,0.0,0.0
2023-04-10 09:30:00-04:00,5.53000020980835,5.53000020980835,5.21999979019165,5.340000152587891,69406,0.0,0.0
2023-04-10 10:30:00-04:00,5.340000152587891,5.400000095367432,5.25,5.320000171661377,17538,0.0,0.0
2023-04-10 11:30:00-04:00,5.322000026702881,5.389999866485596,5.210000038146973,5.25,30658,0.0,0.0
2023-04-10 12:30:00-04:00,5.21999979019165,5.28000020980835,5.150000095367432,5.15310001373291,34731,0.0,0.0
2023-04-10 13:30:00-04:00,5.175899982452393,5.28000020980835,5.110000133514404,5.110000133514404,33507,0.0,0.0
2023-04-10 14:30:00-04:00,5.159999847412109,5.239999771118164,5.130000114440918,5.130000114440918,0,0.0,0.0
2023-04-10 15:30:00-04:00,5.150000095367432,5.159999847412109,5.070000171661377,5.139999866485596,238368,0.0,0.0
2023-04-11 09:30:00-04:00,5.130000114440918,5.288599967956543,5.010000228881836,5.170000076293945,108161,0.0,0.0
2023-04-11 10:30:00-04:00,5.119999885559082,5.139900207519531,4.900000095367432,5.019999980926514,102152,0.0,0.0
2023-04-11 11:30:00-04:00,5.0278000831604,5.089900016784668,4.972499847412109,5.039999961853027,26199,0.0,0.0
2023-04-11 12:30:00-04:00,5.079999923706055,5.129899978637695,5.070000171661377,5.101600170135498,15386,0.0,0.0
2023-04-11 13:30:00-04:00,5.099999904632568,5.269999980926514,5.099999904632568,5.269999980926514,31767,0.0,0.0
2023-04-11 14:30:00-04:00,5.269499778747559,5.269499778747559,5.170000076293945,5.23829984664917,13588,0.0,0.0
2023-04-11 15:30:00-04:00,5.239999771118164,5.239999771118164,5.119999885559082,5.199999809265137,12898,0.0,0.0
2023-04-12 09:30:00-04:00,5.199999809265137,5.25,5.060100078582764,5.208799839019775,29382,0.0,0.0
2023-04-12 10:30:00-04:00,5.199999809265137,5.199999809265137,5.050000190734863,5.159999847412109,23810,0.0,0.0
2023-04-12 11:30:00-04:00,5.170000076293945,5.230000019073486,5.150000095367432,5.184999942779541,10074,0.0,0.0
2023-04-12 12:30:00-04:00,5.179999828338623,5.46999979019165,5.179999828338623,5.360000133514404,75875,0.0,0.0
2023-04-12 13:30:00-04:00,5.329899787902832,5.389999866485596,5.269999980926514,5.349899768829346,13139,0.0,0.0
2023-04-12 14:30:00-04:00,5.309999942779541,5.324999809265137,5.252099990844727,5.314899921417236,19129,0.0,0.0
2023-04-12 15:30:00-04:00,5.309999942779541,5.318999767303467,5.25,5.300000190734863,9141,0.0,0.0
2023-04-13 09:30:00-04:00,5.309999942779541,5.400000095367432,5.25,5.269999980926514,71377,0.0,0.0
2023-04-13 10:30:00-04:00,5.260000228881836,5.298600196838379,5.210000038146973,5.295000076293945,13612,0.0,0.0
2023-04-13 11:30:00-04:00,5.300000190734863,5.300000190734863,5.120999813079834,5.129300117492676,16945,0.0,0.0
2023-04-13 12:30:00-04:00,5.13640022277832,5.28000020980835,5.099999904632568,5.25,22618,0.0,0.0
2023-04-13 13:30:00-04:00,5.228000164031982,5.28000020980835,5.221099853515625,5.25,10947,0.0,0.0
2023-04-13 14:30:00-04:00,5.21999979019165,5.244999885559082,5.152699947357178,5.152699947357178,8207,0.0,0.0
2023-04-13 15:30:00-04:00,5.155099868774414,5.199999809265137,5.155099868774414,5.159999847412109,5233,0.0,0.0
2023-04-14 09:30:00-04:00,5.079999923706055,5.28000020980835,5.079999923706055,5.169000148773193,29151,0.0,0.0
2023-04-14 10:30:00-04:00,5.190000057220459,5.190000057220459,5.050000190734863,5.050000190734863,24436,0.0,0.0
2023-04-14 11:30:00-04:00,5.051499843597412,5.241499900817871,5.051499843597412,5.079999923706055,3858,0.0,0.0
2023-04-14 12:30:00-04:00,5.079999923706055,5.099999904632568,5.050000190734863,5.099999904632568,5095,0.0,0.0
2023-04-14 13:30:00-04:00,5.119999885559082,5.119999885559082,4.96999979019165,5.019999980926514,35643,0.0,0.0
2023-04-14 14:30:00-04:00,5.019999980926514,5.135000228881836,5.0,5.135000228881836,4445,0.0,0.0
2023-04-14 15:30:00-04:00,5.032199859619141,5.110000133514404,5.019999980926514,5.099999904632568,6296,0.0,0.0
2023-04-17 09:30:00-04:00,5.039999961853027,5.115600109100342,5.039999961853027,5.059999942779541,18443,0.0,0.0
2023-04-17 10:30:00-04:00,5.050000190734863,5.0690999031066895,4.9730000495910645,5.03000020980835,24831,0.0,0.0
2023-04-17 11:30:00-04:00,5.000999927520752,5.065000057220459,4.960000038146973,5.010000228881836,22975,0.0,0.0
2023-04-17 12:30:00-04:00,5.039999961853027,5.039999961853027,4.96999979019165,5.009300231933594,8671,0.0,0.0
2023-04-17 13:30:00-04:00,4.989999771118164,5.019999980926514,4.96999979019165,4.989999771118164,2775,0.0,0.0
2023-04-17 14:30:00-04:00,4.96999979019165,5.010000228881836,4.960000038146973,4.960000038146973,14468,0.0,0.0
2023-04-17 15:30:00-04:00,4.960100173950195,5.019999980926514,4.960000038146973,4.980000019073486,9437,0.0,0.0
2023-04-18 09:30:00-04:00,4.96999979019165,5.039999961853027,4.949999809265137,4.949999809265137,27266,0.0,0.0
2023-04-18 10:30:00-04:00,4.974999904632568,4.989999771118164,4.920000076293945,4.920000076293945,17512,0.0,0.0
2023-04-18 11:30:00-04:00,4.920100212097168,5.039999961853027,4.920100212097168,5.03000020980835,6066,0.0,0.0
2023-04-18 12:30:00-04:00,5.039999961853027,5.039999961853027,4.985000133514404,5.010000228881836,5014,0.0,0.0
2023-04-18 13:30:00-04:00,5.019999980926514,5.019999980926514,4.940000057220459,4.940000057220459,16919,0.0,0.0
2023-04-18 14:30:00-04:00,4.929999828338623,4.965000152587891,4.929999828338623,4.965000152587891,1850,0.0,0.0
2023-04-18 15:30:00-04:00,4.96999979019165,4.96999979019165,4.930099964141846,4.960000038146973,9236,0.0,0.0
2023-04-19 09:30:00-04:00,4.96999979019165,4.96999979019165,4.829999923706055,4.860000133514404,22314,0.0,0.0
2023-04-19 10:30:00-04:00,4.869999885559082,4.964700222015381,4.860000133514404,4.90500020980835,7501,0.0,0.0
2023-04-19 11:30:00-04:00,4.880000114440918,4.900000095367432,4.869999885559082,4.869999885559082,4411,0.0,0.0
2023-04-19 12:30:00-04:00,4.889999866485596,4.929599761962891,4.880000114440918,4.889999866485596,8934,0.0,0.0
2023-04-19 13:30:00-04:00,4.940000057220459,4.940000057220459,4.880000114440918,4.9293999671936035,6312,0.0,0.0
2023-04-19 14:30:00-04:00,4.880000114440918,4.900000095367432,4.860000133514404,4.860000133514404,5256,0.0,0.0
2023-04-19 15:30:00-04:00,4.880000114440918,4.880000114440918,4.849999904632568,4.855000019073486,14080,0.0,0.0
2023-04-20 09:30:00-04:00,4.820000171661377,4.860000133514404,4.800000190734863,4.820099830627441,17036,0.0,0.0
2023-04-20 10:30:00-04:00,4.840000152587891,4.854000091552734,4.800000190734863,4.800000190734863,6357,0.0,0.0
2023-04-20 11:30:00-04:00,4.809999942779541,4.860000133514404,4.809999942779541,4.840000152587891,2338,0.0,0.0
2023-04-20 12:30:00-04:00,4.829999923706055,4.860000133514404,4.829999923706055,4.860000133514404,1560,0.0,0.0
2023-04-20 13:30:00-04:00,4.844799995422363,4.909999847412109,4.844799995422363,4.888000011444092,8444,0.0,0.0
2023-04-20 14:30:00-04:00,4.860000133514404,4.888800144195557,4.820000171661377,4.849999904632568,4513,0.0,0.0
2023-04-20 15:30:00-04:00,4.820000171661377,4.909999847412109,4.820000171661377,4.8557000160217285,0,0.0,0.0
2023-04-21 09:30:00-04:00,4.940000057220459,4.940000057220459,4.800000190734863,4.900000095367432,7946,0.0,0.0
2023-04-21 10:30:00-04:00,4.909299850463867,4.909299850463867,4.849999904632568,4.869999885559082,9704,0.0,0.0
2023-04-21 11:30:00-04:00,4.905700206756592,4.914999961853027,4.837699890136719,4.837699890136719,5285,0.0,0.0
2023-04-21 12:30:00-04:00,4.889999866485596,4.889999866485596,4.820000171661377,4.820000171661377,12507,0.0,0.0
2023-04-21 13:30:00-04:00,4.829999923706055,4.885000228881836,4.812099933624268,4.812099933624268,1870,0.0,0.0
2023-04-21 14:30:00-04:00,4.875,4.889999866485596,4.760000228881836,4.800000190734863,25060,0.0,0.0
2023-04-21 15:30:00-04:00,4.804999828338623,4.804999828338623,4.71999979019165,4.71999979019165,13129,0.0,0.0
2023-04-24 09:30:00-04:00,4.789999961853027,4.849999904632568,4.71999979019165,4.848899841308594,18752,0.0,0.0
2023-04-24 10:30:00-04:00,4.75,4.838099956512451,4.75,4.760000228881836,3200,0.0,0.0
2023-04-24 11:30:00-04:00,4.770100116729736,4.840000152587891,4.770100116729736,4.840000152587891,7554,0.0,0.0
2023-04-24 12:30:00-04:00,4.79010009765625,4.840000152587891,4.769999980926514,4.820000171661377,6824,0.0,0.0
2023-04-24 13:30:00-04:00,4.789999961853027,4.849999904632568,4.789999961853027,4.849999904632568,3800,0.0,0.0
2023-04-24 14:30:00-04:00,4.860000133514404,4.860000133514404,4.801499843597412,4.860000133514404,3314,0.0,0.0
2023-04-24 15:30:00-04:00,4.849999904632568,4.869999885559082,4.789999961853027,4.860000133514404,0,0.0,0.0
2023-04-25 09:30:00-04:00,4.900000095367432,4.900000095367432,4.690000057220459,4.690000057220459,30803,0.0,0.0
2023-04-25 10:30:00-04:00,4.690100193023682,4.799900054931641,4.690100193023682,4.799900054931641,7244,0.0,0.0
2023-04-25 11:30:00-04:00,4.800000190734863,4.800000190734863,4.710999965667725,4.730000019073486,1766,0.0,0.0
2023-04-25 12:30:00-04:00,4.71999979019165,4.71999979019165,4.630000114440918,4.630000114440918,17609,0.0,0.0
2023-04-25 13:30:00-04:00,4.610000133514404,4.699999809265137,4.610000133514404,4.695000171661377,5921,0.0,0.0
2023-04-25 14:30:00-04:00,4.650000095367432,4.662899971008301,4.650000095367432,4.662899971008301,1082,0.0,0.0
2023-04-25 15:30:00-04:00,4.639999866485596,4.650000095367432,4.630000114440918,4.650000095367432,2298,0.0,0.0
2023-04-26 09:30:00-04:00,4.730000019073486,4.730000019073486,4.579999923706055,4.639999866485596,18569,0.0,0.0
2023-04-26 10:30:00-04:00,4.639999866485596,4.708000183105469,4.630000114440918,4.699999809265137,6920,0.0,0.0
2023-04-26 11:30:00-04:00,4.630000114440918,4.710000038146973,4.630000114440918,4.710000038146973,3997,0.0,0.0
2023-04-26 12:30:00-04:00,4.690000057220459,4.690000057220459,4.630000114440918,4.652500152587891,4815,0.0,0.0
2023-04-26 13:30:00-04:00,4.628699779510498,4.679999828338623,4.599999904632568,4.650000095367432,2893,0.0,0.0
2023-04-26 14:30:00-04:00,4.639200210571289,4.650000095367432,4.559999942779541,4.599999904632568,12787,0.0,0.0
2023-04-26 15:30:00-04:00,4.559999942779541,4.590000152587891,4.519999980926514,4.559999942779541,17536,0.0,0.0
2023-04-27 09:30:00-04:00,4.559999942779541,4.659999847412109,4.550099849700928,4.610000133514404,8548,0.0,0.0
2023-04-27 10:30:00-04:00,4.650000095367432,4.659999847412109,4.550000190734863,4.551700115203857,7859,0.0,0.0
2023-04-27 11:30:00-04:00,4.550000190734863,4.610000133514404,4.53000020980835,4.565000057220459,10858,0.0,0.0
2023-04-27 12:30:00-04:00,4.550000190734863,4.639999866485596,4.539999961853027,4.639999866485596,5295,0.0,0.0
2023-04-27 13:30:00-04:00,4.599999904632568,4.659999847412109,4.599999904632568,4.599999904632568,3931,0.0,0.0
2023-04-27 14:30:00-04:00,4.5605998039245605,4.630000114440918,4.539999961853027,4.629799842834473,4914,0.0,0.0
2023-04-27 15:30:00-04:00,4.54010009765625,4.610000133514404,4.539999961853027,4.579999923706055,7545,0.0,0.0
2023-04-28 09:30:00-04:00,4.53000020980835,4.699999809265137,4.53000020980835,4.640100002288818,11325,0.0,0.0
2023-04-28 10:30:00-04:00,4.659999847412109,4.71999979019165,4.619999885559082,4.71999979019165,10461,0.0,0.0
2023-04-28 11:30:00-04:00,4.699999809265137,4.8470001220703125,4.699999809265137,4.820000171661377,22247,0.0,0.0
2023-04-28 12:30:00-04:00,4.800000190734863,4.809999942779541,4.730000019073486,4.75,6192,0.0,0.0
2023-04-28 13:30:00-04:00,4.789999961853027,4.789999961853027,4.723499774932861,4.75,2285,0.0,0.0
2023-04-28 14:30:00-04:00,4.747900009155273,4.760000228881836,4.711599826812744,4.760000228881836,1632,0.0,0.0
2023-04-28 15:30:00-04:00,4.760000228881836,4.78000020980835,4.71999979019165,4.78000020980835,6417,0.0,0.0
2023-05-01 09:30:00-04:00,4.78000020980835,4.78000020980835,4.610000133514404,4.610000133514404,23879,0.0,0.0
2023-05-01 10:30:00-04:00,4.65500020980835,4.710000038146973,4.610799789428711,4.650000095367432,3838,0.0,0.0
2023-05-01 11:30:00-04:00,4.650000095367432,4.650000095367432,4.650000095367432,4.650000095367432,718,0.0,0.0
2023-05-01 12:30:00-04:00,4.639999866485596,4.730000019073486,4.639999866485596,4.699999809265137,2136,0.0,0.0
2023-05-01 13:30:00-04:00,4.650000095367432,4.739999771118164,4.650000095367432,4.739999771118164,7021,0.0,0.0
2023-05-01 14:30:00-04:00,4.659999847412109,4.75,4.659999847412109,4.699999809265137,723,0.0,0.0
2023-05-01 15:30:00-04:00,4.699999809265137,4.739999771118164,4.699999809265137,4.699999809265137,8373,0.0,0.0
2023-05-02 09:30:00-04:00,4.670000076293945,4.679999828338623,4.5,4.570000171661377,27544,0.0,0.0
2023-05-02 10:30:00-04:00,4.521999835968018,4.610000133514404,4.510000228881836,4.590000152587891,15217,0.0,0.0
2023-05-02 11:30:00-04:00,4.579999923706055,4.610000133514404,4.550099849700928,4.610000133514404,3434,0.0,0.0
2023-05-02 12:30:00-04:00,4.650000095367432,4.650000095367432,4.570000171661377,4.637700080871582,7985,0.0,0.0
2023-05-02 13:30:00-04:00,4.639999866485596,4.639999866485596,4.510000228881836,4.539999961853027,10474,0.0,0.0
2023-05-02 14:30:00-04:00,4.590000152587891,4.599999904632568,4.579999923706055,4.590000152587891,3140,0.0,0.0
2023-05-02 15:30:00-04:00,4.639999866485596,4.650000095367432,4.590000152587891,4.610000133514404,4234,0.0,0.0
2023-05-03 09:30:00-04:00,4.5,4.689899921417236,4.5,4.679900169372559,14098,0.0,0.0
2023-05-03 10:30:00-04:00,4.610000133514404,4.670000076293945,4.599999904632568,4.650000095367432,5503,0.0,0.0
2023-05-03 11:30:00-04:00,4.649899959564209,4.650000095367432,4.559999942779541,4.559999942779541,2246,0.0,0.0
2023-05-03 12:30:00-04:00,4.639999866485596,4.639999866485596,4.559999942779541,4.570000171661377,3740,0.0,0.0
2023-05-03 13:30:00-04:00,4.599999904632568,4.650000095367432,4.599999904632568,4.599999904632568,3646,0.0,0.0
2023-05-03 14:30:00-04:00,4.650000095367432,4.650000095367432,4.53000020980835,4.565000057220459,8397,0.0,0.0
2023-05-03 15:30:00-04:00,4.510000228881836,4.519999980926514,4.400000095367432,4.420000076293945,0,0.0,0.0
2023-05-04 09:30:00-04:00,4.460000038146973,4.570000171661377,4.449999809265137,4.449999809265137,31286,0.0,0.0
2023-05-04 10:30:00-04:00,4.440000057220459,4.489999771118164,4.434700012207031,4.460000038146973,11773,0.0,0.0
2023-05-04 11:30:00-04:00,4.454999923706055,4.46999979019165,4.449999809265137,4.449999809265137,5224,0.0,0.0
2023-05-04 12:30:00-04:00,4.454400062561035,4.46999979019165,4.440000057220459,4.460000038146973,7773,0.0,0.0
2023-05-04 13:30:00-04:00,4.489999771118164,4.5,4.489999771118164,4.5,956,0.0,0.0
2023-05-04 14:30:00-04:00,4.449999809265137,4.480000019073486,4.449999809265137,4.460000038146973,7225,0.0,0.0
2023-05-04 15:30:00-04:00,4.460100173950195,4.5,4.460000038146973,4.460000038146973,1889,0.0,0.0
2023-05-05 09:30:00-04:00,4.519999980926514,4.666100025177002,4.46999979019165,4.639999866485596,25413,0.0,0.0
2023-05-05 10:30:00-04:00,4.599999904632568,4.637899875640869,4.550000190734863,4.637899875640869,9368,0.0,0.0
2023-05-05 11:30:00-04:00,4.628600120544434,4.699999809265137,4.574999809265137,4.699999809265137,11191,0.0,0.0
2023-05-05 12:30:00-04:00,4.699999809265137,4.760000228881836,4.650000095367432,4.650000095367432,45285,0.0,0.0
2023-05-05 13:30:00-04:00,4.650000095367432,4.650000095367432,4.550000190734863,4.610300064086914,7731,0.0,0.0
2023-05-05 14:30:00-04:00,4.590000152587891,4.590000152587891,4.550000190734863,4.550000190734863,1847,0.0,0.0
2023-05-05 15:30:00-04:00,4.550000190734863,4.58459997177124,4.550000190734863,4.550000190734863,3085,0.0,0.0
2023-05-08 09:30:00-04:00,4.650000095367432,4.899700164794922,4.644899845123291,4.671599864959717,39530,0.0,0.0
2023-05-08 10:30:00-04:00,4.679999828338623,4.790299892425537,4.650899887084961,4.699999809265137,8613,0.0,0.0
2023-05-08 11:30:00-04:00,4.710000038146973,4.78000020980835,4.699999809265137,4.699999809265137,1637,0.0,0.0
2023-05-08 12:30:00-04:00,4.71999979019165,4.71999979019165,4.699999809265137,4.699999809265137,7470,0.0,0.0
2023-05-08 13:30:00-04:00,4.740099906921387,4.740099906921387,4.650000095367432,4.659999847412109,6978,0.0,0.0
2023-05-08 14:30:00-04:00,4.774600028991699,4.774600028991699,4.659999847412109,4.659999847412109,2495,0.0,0.0
2023-05-08 15:30:00-04:00,4.699999809265137,4.730000019073486,4.699999809265137,4.730000019073486,435,0.0,0.0
2023-05-09 09:30:00-04:00,4.610000133514404,4.699999809265137,4.602399826049805,4.659900188446045,12210,0.0,0.0
2023-05-09 10:30:00-04:00,4.600100040435791,4.659999847412109,4.599999904632568,4.650000095367432,0,0.0,0.0
2023-05-09 11:30:00-04:00,4.610000133514404,4.625,4.610000133514404,4.625,18262,0.0,0.0
2023-05-09 12:30:00-04:00,4.650000095367432,4.699999809265137,4.610000133514404,4.615300178527832,3873,0.0,0.0
2023-05-09 13:30:00-04:00,4.650000095367432,4.693399906158447,4.630000114440918,4.679999828338623,1835,0.0,0.0
2023-05-09 14:30:00-04:00,4.619999885559082,4.699999809265137,4.619999885559082,4.690000057220459,4660,0.0,0.0
2023-05-09 15:30:00-04:00,4.66349983215332,4.699999809265137,4.630000114440918,4.650000095367432,10457,0.0,0.0
2023-05-10 09:30:00-04:00,4.639999866485596,4.699999809265137,4.613399982452393,4.630000114440918,11989,0.0,0.0
2023-05-10 10:30:00-04:00,4.690000057220459,4.7769999504089355,4.639999866485596,4.671199798583984,4790,0.0,0.0
2023-05-10 11:30:00-04:00,4.670000076293945,4.670000076293945,4.599999904632568,4.650000095367432,27071,0.0,0.0
2023-05-10 12:30:00-04:00,4.651100158691406,4.75,4.610000133514404,4.610000133514404,21485,0.0,0.0
2023-05-10 13:30:00-04:00,4.649799823760986,4.699999809265137,4.599999904632568,4.610099792480469,2763,0.0,0.0
2023-05-10 14:30:00-04:00,4.679999828338623,4.699999809265137,4.616600036621094,4.699999809265137,1751,0.0,0.0
2023-05-10 15:30:00-04:00,4.630000114440918,4.690000057220459,4.599999904632568,4.599999904632568,3885,0.0,0.0
2023-05-11 09:30:00-04:00,4.639999866485596,4.650000095367432,4.5,4.579999923706055,19417,0.0,0.0
2023-05-11 10:30:00-04:00,4.585000038146973,4.670000076293945,4.520400047302246,4.590000152587891,10211,0.0,0.0
2023-05-11 11:30:00-04:00,4.590000152587891,4.590000152587891,4.519999980926514,4.53000020980835,6623,0.0,0.0
2023-05-11 12:30:00-04:00,4.555699825286865,4.659900188446045,4.519999980926514,4.570000171661377,7047,0.0,0.0
2023-05-11 13:30:00-04:00,4.532599925994873,4.532599925994873,4.532199859619141,4.532199859619141,471,0.0,0.0
2023-05-11 14:30:00-04:00,4.539999961853027,4.650000095367432,4.539999961853027,4.550000190734863,3082,0.0,0.0
2023-05-11 15:30:00-04:00,4.570000171661377,4.570000171661377,4.570000171661377,4.570000171661377,380,0.0,0.0
2023-05-12 09:30:00-04:00,4.659999847412109,4.659999847412109,4.519999980926514,4.565000057220459,10036,0.0,0.0
2023-05-12 10:30:00-04:00,4.539999961853027,4.590000152587891,4.519999980926514,4.550000190734863,1722,0.0,0.0
2023-05-12 11:30:00-04:00,4.649899959564209,4.649899959564209,4.550000190734863,4.550000190734863,4735,0.0,0.0
2023-05-12 12:30:00-04:00,4.53000020980835,4.572299957275391,4.519999980926514,4.536099910736084,6003,0.0,0.0
2023-05-12 13:30:00-04:00,4.54010009765625,4.554999828338623,4.52269983291626,4.53000020980835,1898,0.0,0.0
2023-05-12 14:30:00-04:00,4.550000190734863,4.550000190734863,4.5,4.519999980926514,12048,0.0,0.0
2023-05-12 15:30:00-04:00,4.510000228881836,4.550000190734863,4.510000228881836,4.510000228881836,2108,0.0,0.0
2023-05-15 09:30:00-04:00,4.510000228881836,4.559999942779541,4.5,4.510000228881836,7218,0.0,0.0
2023-05-15 10:30:00-04:00,4.5543999671936035,4.5543999671936035,4.510000228881836,4.5100998878479,2049,0.0,0.0
2023-05-15 11:30:00-04:00,4.534999847412109,4.559999942779541,4.510000228881836,4.53000020980835,5642,0.0,0.0
2023-05-15 12:30:00-04:00,4.5578999519348145,4.599999904632568,4.53000020980835,4.599999904632568,4777,0.0,0.0
2023-05-15 13:30:00-04:00,4.55810022354126,4.650000095367432,4.55810022354126,4.570000171661377,3236,0.0,0.0
2023-05-15 14:30:00-04:00,4.5883002281188965,4.599999904632568,4.550000190734863,4.590000152587891,6145,0.0,0.0
2023-05-15 15:30:00-04:00,4.559999942779541,4.650000095367432,4.550000190734863,4.650000095367432,1796,0.0,0.0
2023-05-16 09:30:00-04:00,4.639999866485596,4.639999866485596,4.526400089263916,4.559999942779541,2683,0.0,0.0
2023-05-16 10:30:00-04:00,4.589900016784668,4.630000114440918,4.560500144958496,4.566699981689453,2087,0.0,0.0
2023-05-16 11:30:00-04:00,4.582200050354004,4.582200050354004,4.579999923706055,4.579999923706055,928,0.0,0.0
2023-05-16 12:30:00-04:00,4.619999885559082,4.639999866485596,4.570099830627441,4.639999866485596,1582,0.0,0.0
2023-05-16 13:30:00-04:00,4.630000114440918,4.630000114440918,4.630000114440918,4.630000114440918,100,0.0,0.0
2023-05-16 14:30:00-04:00,4.583000183105469,4.630000114440918,4.583000183105469,4.585000038146973,1267,0.0,0.0
2023-05-16 15:30:00-04:00,4.605000019073486,4.619999885559082,4.605000019073486,4.619999885559082,1118,0.0,0.0
2023-05-17 09:30:00-04:00,4.579999923706055,4.619999885559082,4.558599948883057,4.563899993896484,3153,0.0,0.0
2023-05-17 10:30:00-04:00,4.587399959564209,4.590000152587891,4.562300205230713,4.590000152587891,1126,0.0,0.0
2023-05-17 11:30:00-04:00,4.605000019073486,4.639999866485596,4.600100040435791,4.639900207519531,5160,0.0,0.0
2023-05-17 12:30:00-04:00,4.633299827575684,4.679999828338623,4.599999904632568,4.670000076293945,3475,0.0,0.0
2023-05-17 13:30:00-04:00,4.679999828338623,4.699999809265137,4.650000095367432,4.650000095367432,2212,0.0,0.0
2023-05-17 14:30:00-04:00,4.670000076293945,4.690000057220459,4.650000095367432,4.690000057220459,6443,0.0,0.0
2023-05-17 15:30:00-04:00,4.650000095367432,4.690000057220459,4.599999904632568,4.690000057220459,5163,0.0,0.0
2023-05-18 09:30:00-04:00,4.610000133514404,4.678100109100342,4.550099849700928,4.625,6843,0.0,0.0
2023-05-18 10:30:00-04:00,4.630000114440918,4.630000114440918,4.590000152587891,4.590000152587891,3963,0.0,0.0
2023-05-18 11:30:00-04:00,4.570099830627441,4.610000133514404,4.570099830627441,4.610000133514404,3872,0.0,0.0
2023-05-18 12:30:00-04:00,4.610000133514404,4.610000133514404,4.610000133514404,4.610000133514404,383,0.0,0.0
2023-05-18 13:30:00-04:00,4.610000133514404,4.610000133514404,4.573800086975098,4.579999923706055,3511,0.0,0.0
2023-05-18 14:30:00-04:00,4.619999885559082,4.619999885559082,4.570000171661377,4.570000171661377,864,0.0,0.0
2023-05-18 15:30:00-04:00,4.630000114440918,4.650000095367432,4.630000114440918,4.639999866485596,2542,0.0,0.0
2023-05-19 09:30:00-04:00,4.610000133514404,4.829999923706055,4.604400157928467,4.687900066375732,7995,0.0,0.0
2023-05-19 10:30:00-04:00,4.624499797821045,4.670000076293945,4.624499797821045,4.644999980926514,3532,0.0,0.0
2023-05-19 11:30:00-04:00,4.619999885559082,4.629799842834473,4.550099849700928,4.629799842834473,11470,0.0,0.0
2023-05-19 12:30:00-04:00,4.599999904632568,4.599999904632568,4.539999961853027,4.539999961853027,1955,0.0,0.0
2023-05-19 13:30:00-04:00,4.570000171661377,4.590000152587891,4.519999980926514,4.590000152587891,2208,0.0,0.0
2023-05-19 14:30:00-04:00,4.535699844360352,4.599899768829346,4.535699844360352,4.590000152587891,3023,0.0,0.0
2023-05-19 15:30:00-04:00,4.559999942779541,4.590000152587891,4.550000190734863,4.550000190734863,1226,0.0,0.0
2023-05-22 09:30:00-04:00,4.605000019073486,4.690000057220459,4.559999942779541,4.559999942779541,5422,0.0,0.0
2023-05-22 10:30:00-04:00,4.603499889373779,4.6620001792907715,4.510000228881836,4.576399803161621,11710,0.0,0.0
2023-05-22 11:30:00-04:00,4.570000171661377,4.571199893951416,4.534599781036377,4.571199893951416,5215,0.0,0.0
2023-05-22 12:30:00-04:00,4.544600009918213,4.57889986038208,4.46999979019165,4.5,32567,0.0,0.0
2023-05-22 13:30:00-04:00,4.519999980926514,4.570000171661377,4.510000228881836,4.534999847412109,3700,0.0,0.0
2023-05-22 14:30:00-04:00,4.510000228881836,4.579999923706055,4.5,4.570000171661377,5132,0.0,0.0
2023-05-22 15:30:00-04:00,4.57390022277832,4.579999923706055,4.5,4.579999923706055,7750,0.0,0.0
2023-05-23 09:30:00-04:00,4.599999904632568,4.670000076293945,4.530700206756592,4.644999980926514,15619,0.0,0.0
2023-05-23 10:30:00-04:00,4.650000095367432,4.800000190734863,4.616799831390381,4.784999847412109,26594,0.0,0.0
2023-05-23 11:30:00-04:00,4.799900054931641,4.799900054931641,4.699999809265137,4.699999809265137,14714,0.0,0.0
2023-05-23 12:30:00-04:00,4.690000057220459,4.699999809265137,4.650000095367432,4.6834001541137695,16432,0.0,0.0
2023-05-23 13:30:00-04:00,4.699999809265137,4.699999809265137,4.619999885559082,4.619999885559082,5836,0.0,0.0
2023-05-23 14:30:00-04:00,4.600100040435791,4.690000057220459,4.600100040435791,4.690000057220459,4305,0.0,0.0
2023-05-23 15:30:00-04:00,4.669899940490723,4.669899940490723,4.599999904632568,4.599999904632568,3005,0.0,0.0
2023-05-24 09:30:00-04:00,4.760000228881836,4.769999980926514,4.670000076293945,4.735400199890137,18807,0.0,0.0
2023-05-24 10:30:00-04:00,4.71999979019165,4.840000152587891,4.670000076293945,4.670000076293945,20442,0.0,0.0
2023-05-24 11:30:00-04:00,4.771599769592285,4.800000190734863,4.670000076293945,4.800000190734863,4684,0.0,0.0
2023-05-24 12:30:00-04:00,4.700099945068359,4.741799831390381,4.670000076293945,4.670000076293945,33212,0.0,0.0
2023-05-24 13:30:00-04:00,4.71999979019165,4.730000019073486,4.670000076293945,4.713699817657471,2739,0.0,0.0
2023-05-24 14:30:00-04:00,4.713099956512451,4.739999771118164,4.650000095367432,4.710000038146973,7688,0.0,0.0
2023-05-24 15:30:00-04:00,4.628799915313721,4.800000190734863,4.628799915313721,4.769899845123291,20179,0.0,0.0
2023-05-25 09:30:00-04:00,4.639999866485596,4.71999979019165,4.610000133514404,4.690000057220459,12304,0.0,0.0
2023-05-25 10:30:00-04:00,4.690100193023682,4.742300033569336,4.639999866485596,4.639999866485596,16564,0.0,0.0
2023-05-25 11:30:00-04:00,4.650000095367432,4.724999904632568,4.610000133514404,4.724999904632568,3518,0.0,0.0
2023-05-25 12:30:00-04:00,4.684999942779541,4.684999942779541,4.579999923706055,4.580100059509277,2791,0.0,0.0
2023-05-25 13:30:00-04:00,4.579999923706055,4.639999866485596,4.519999980926514,4.610000133514404,1616,0.0,0.0
2023-05-25 14:30:00-04:00,4.610000133514404,4.639999866485596,4.559999942779541,4.635300159454346,3550,0.0,0.0
2023-05-25 15:30:00-04:00,4.599999904632568,4.599999904632568,4.599999904632568,4.599999904632568,203,0.0,0.0
2023-05-26 09:30:00-04:00,4.510000228881836,4.679999828338623,4.510000228881836,4.610000133514404,9569,0.0,0.0
2023-05-26 10:30:00-04:00,4.580699920654297,4.630000114440918,4.579999923706055,4.607699871063232,3973,0.0,0.0
2023-05-26 11:30:00-04:00,4.579999923706055,4.579999923706055,4.537600040435791,4.579999923706055,4038,0.0,0.0
2023-05-26 12:30:00-04:00,4.559999942779541,4.578800201416016,4.519999980926514,4.524600028991699,11966,0.0,0.0
2023-05-26 13:30:00-04:00,4.559999942779541,5.0,4.559999942779541,4.781000137329102,93916,0.0,0.0
2023-05-26 14:30:00-04:00,4.789999961853027,4.798500061035156,4.659999847412109,4.7399001121521,10401,0.0,0.0
2023-05-26 15:30:00-04:00,4.730000019073486,4.769999980926514,4.671299934387207,4.71999979019165,5728,0.0,0.0
2023-05-30 09:30:00-04:00,4.659999847412109,4.7820000648498535,4.650000095367432,4.650000095367432,23221,0.0,0.0
2023-05-30 10:30:00-04:00,4.650000095367432,4.650000095367432,4.58519983291626,4.650000095367432,7667,0.0,0.0
2023-05-30 11:30:00-04:00,4.614999771118164,4.71999979019165,4.591800212860107,4.612100124359131,21085,0.0,0.0
2023-05-30 12:30:00-04:00,4.610000133514404,4.699999809265137,4.599999904632568,4.650000095367432,6970,0.0,0.0
2023-05-30 13:30:00-04:00,4.679999828338623,4.690000057220459,4.615699768066406,4.690000057220459,3653,0.0,0.0
2023-05-30 14:30:00-04:00,4.639999866485596,4.670000076293945,4.603700160980225,4.644700050354004,9451,0.0,0.0
2023-05-30 15:30:00-04:00,4.639999866485596,4.650000095367432,4.590000152587891,4.590000152587891,4979,0.0,0.0
2023-05-31 09:30:00-04:00,4.550000190734863,4.630000114440918,4.519999980926514,4.559999942779541,12268,0.0,0.0
2023-05-31 10:30:00-04:00,4.570000171661377,4.570000171661377,4.570000171661377,4.570000171661377,381,0.0,0.0
2023-05-31 11:30:00-04:00,4.577199935913086,4.610099792480469,4.570000171661377,4.6020002365112305,5069,0.0,0.0
2023-05-31 12:30:00-04:00,4.610000133514404,4.610000133514404,4.570000171661377,4.570000171661377,1627,0.0,0.0
2023-05-31 13:30:00-04:00,4.579999923706055,4.59499979019165,4.550000190734863,4.59499979019165,3106,0.0,0.0
2023-05-31 14:30:00-04:00,4.550099849700928,4.658899784088135,4.53000020980835,4.559999942779541,12071,0.0,0.0
2023-05-31 15:30:00-04:00,4.610000133514404,4.659999847412109,4.570000171661377,4.659999847412109,1683,0.0,0.0
2023-06-01 09:30:00-04:00,4.559999942779541,4.644999980926514,4.559999942779541,4.630000114440918,2636,0.0,0.0
2023-06-01 10:30:00-04:00,4.599999904632568,4.656899929046631,4.5605998039245605,4.656899929046631,4776,0.0,0.0
2023-06-01 11:30:00-04:00,4.593299865722656,4.659999847412109,4.563499927520752,4.602700233459473,5307,0.0,0.0
2023-06-01 12:30:00-04:00,4.609000205993652,4.609000205993652,4.599999904632568,4.599999904632568,308,0.0,0.0
2023-06-01 13:30:00-04:00,4.630000114440918,4.630000114440918,4.619999885559082,4.630000114440918,1989,0.0,0.0
2023-06-01 14:30:00-04:00,4.610000133514404,4.622799873352051,4.564899921417236,4.622799873352051,8909,0.0,0.0
2023-06-01 15:30:00-04:00,4.59499979019165,4.59499979019165,4.53000020980835,4.550000190734863,9343,0.0,0.0
2023-06-02 09:30:00-04:00,4.670000076293945,4.918600082397461,4.630000114440918,4.785200119018555,56026,0.0,0.0
2023-06-02 10:30:00-04:00,4.800000190734863,4.849999904632568,4.800000190734863,4.800000190734863,7578,0.0,0.0
2023-06-02 11:30:00-04:00,4.767600059509277,4.809899806976318,4.679999828338623,4.699999809265137,8115,0.0,0.0
2023-06-02 12:30:00-04:00,4.769999980926514,4.789999961853027,4.650000095367432,4.789999961853027,4028,0.0,0.0
2023-06-02 13:30:00-04:00,4.789899826049805,4.789899826049805,4.690000057220459,4.690000057220459,2750,0.0,0.0
2023-06-02 14:30:00-04:00,4.760900020599365,4.800000190734863,4.723899841308594,4.800000190734863,15591,0.0,0.0
2023-06-02 15:30:00-04:00,4.839900016784668,4.839900016784668,4.71999979019165,4.800000190734863,24818,0.0,0.0
2023-06-05 09:30:00-04:00,5.139999866485596,5.139999866485596,4.769999980926514,4.840000152587891,139474,0.0,0.0
2023-06-05 10:30:00-04:00,4.829999923706055,4.949900150299072,4.78000020980835,4.929999828338623,23249,0.0,0.0
2023-06-05 11:30:00-04:00,4.929999828338623,4.929999828338623,4.800000190734863,4.849999904632568,24622,0.0,0.0
2023-06-05 12:30:00-04:00,4.880000114440918,4.895599842071533,4.820000171661377,4.849999904632568,6037,0.0,0.0
2023-06-05 13:30:00-04:00,4.820000171661377,4.860000133514404,4.75,4.841599941253662,12003,0.0,0.0
2023-06-05 14:30:00-04:00,4.800000190734863,4.849999904632568,4.78000020980835,4.78000020980835,4732,0.0,0.0
2023-06-05 15:30:00-04:00,4.809999942779541,4.840000152587891,4.78000020980835,4.78000020980835,5287,0.0,0.0
2023-06-06 09:30:00-04:00,4.809999942779541,4.809999942779541,4.599999904632568,4.716100215911865,27163,0.0,0.0
2023-06-06 10:30:00-04:00,4.74560022354126,4.74560022354126,4.679999828338623,4.679999828338623,6312,0.0,0.0
2023-06-06 11:30:00-04:00,4.711999893188477,4.711999893188477,4.650000095367432,4.710000038146973,3200,0.0,0.0
2023-06-06 12:30:00-04:00,4.630000114440918,4.699900150299072,4.610000133514404,4.67579984664917,5234,0.0,0.0
2023-06-06 13:30:00-04:00,4.690000057220459,4.704999923706055,4.650000095367432,4.704999923706055,4102,0.0,0.0
2023-06-06 14:30:00-04:00,4.679999828338623,4.70989990234375,4.650000095367432,4.70989990234375,1130,0.0,0.0
2023-06-06 15:30:00-04:00,4.654300212860107,4.739999771118164,4.654300212860107,4.690000057220459,10540,0.0,0.0
2023-06-07 09:30:00-04:00,4.630000114440918,4.746399879455566,4.619999885559082,4.650100231170654,15885,0.0,0.0
2023-06-07 10:30:00-04:00,4.635000228881836,4.684000015258789,4.619999885559082,4.650000095367432,6821,0.0,0.0
2023-06-07 11:30:00-04:00,4.6774001121521,4.739999771118164,4.519999980926514,4.642600059509277,40595,0.0,0.0
2023-06-07 12:30:00-04:00,4.599999904632568,4.710000038146973,4.599999904632568,4.610000133514404,7006,0.0,0.0
2023-06-07 13:30:00-04:00,4.610000133514404,4.694200038909912,4.610000133514404,4.650000095367432,6532,0.0,0.0
2023-06-07 14:30:00-04:00,4.704999923706055,4.704999923706055,4.704999923706055,4.704999923706055,543,0.0,0.0
2023-06-07 15:30:00-04:00,4.610000133514404,4.690000057220459,4.599999904632568,4.599999904632568,5598,0.0,0.0
2023-06-08 09:30:00-04:00,4.670000076293945,4.739999771118164,4.599999904632568,4.675000190734863,11648,0.0,0.0
2023-06-08 10:30:00-04:00,4.630000114440918,4.699999809265137,4.630000114440918,4.672299861907959,1353,0.0,0.0
2023-06-08 11:30:00-04:00,4.670000076293945,4.739999771118164,4.619999885559082,4.659999847412109,14345,0.0,0.0
2023-06-08 12:30:00-04:00,4.690000057220459,4.739999771118164,4.670000076293945,4.739999771118164,6851,0.0,0.0
2023-06-08 13:30:00-04:00,4.71999979019165,4.739999771118164,4.679999828338623,4.71999979019165,4337,0.0,0.0
2023-06-08 14:30:00-04:00,4.7170000076293945,4.736100196838379,4.659999847412109,4.710000038146973,3602,0.0,0.0
2023-06-08 15:30:00-04:00,4.730000019073486,4.739999771118164,4.659999847412109,4.679999828338623,10917,0.0,0.0
2023-06-09 09:30:00-04:00,4.730000019073486,4.730000019073486,4.619999885559082,4.650000095367432,14309,0.0,0.0
2023-06-09 10:30:00-04:00,4.675000190734863,4.710000038146973,4.599999904632568,4.619999885559082,10363,0.0,0.0
2023-06-09 11:30:00-04:00,4.630000114440918,4.630000114440918,4.620100021362305,4.620100021362305,2694,0.0,0.0
2023-06-09 12:30:00-04:00,4.619999885559082,4.659999847412109,4.610000133514404,4.659999847412109,4209,0.0,0.0
2023-06-09 13:30:00-04:00,4.650000095367432,4.659999847412109,4.630000114440918,4.635000228881836,3191,0.0,0.0
2023-06-09 14:30:00-04:00,4.630000114440918,4.639999866485596,4.559999942779541,4.570000171661377,7550,0.0,0.0
2023-06-09 15:30:00-04:00,4.599999904632568,4.639999866485596,4.579999923706055,4.579999923706055,3642,0.0,0.0
2023-06-12 09:30:00-04:00,4.599999904632568,4.650000095367432,4.5,4.630000114440918,23587,0.0,0.0
2023-06-12 10:30:00-04:00,4.500100135803223,4.619999885559082,4.500100135803223,4.590000152587891,8702,0.0,0.0
2023-06-12 11:30:00-04:00,4.539999961853027,4.589900016784668,4.53000020980835,4.580599784851074,9878,0.0,0.0
2023-06-12 12:30:00-04:00,4.580599784851074,4.580599784851074,4.539999961853027,4.539999961853027,2799,0.0,0.0
2023-06-12 13:30:00-04:00,4.54010009765625,4.5625,4.53000020980835,4.533400058746338,6255,0.0,0.0
2023-06-12 14:30:00-04:00,4.53000020980835,4.530099868774414,4.519999980926514,4.519999980926514,1646,0.0,0.0
2023-06-12 15:30:00-04:00,4.53000020980835,4.550000190734863,4.449999809265137,4.5,25972,0.0,0.0
2023-06-13 09:30:00-04:00,4.510000228881836,4.690000057220459,4.510000228881836,4.599999904632568,32547,0.0,0.0
2023-06-13 10:30:00-04:00,4.593200206756592,4.599999904632568,4.420000076293945,4.533299922943115,42698,0.0,0.0
2023-06-13 11:30:00-04:00,4.539999961853027,4.559999942779541,4.5,4.519999980926514,10475,0.0,0.0
2023-06-13 12:30:00-04:00,4.539999961853027,4.559999942779541,4.5,4.5289998054504395,11340,0.0,0.0
2023-06-13 13:30:00-04:00,4.550000190734863,4.550000190734863,4.489999771118164,4.489999771118164,2429,0.0,0.0
2023-06-13 14:30:00-04:00,4.519999980926514,4.519999980926514,4.5055999755859375,4.5100998878479,1658,0.0,0.0
2023-06-13 15:30:00-04:00,4.510000228881836,4.510000228881836,4.480000019073486,4.480000019073486,7498,0.0,0.0
2023-06-14 09:30:00-04:00,4.550000190734863,4.550000190734863,4.46999979019165,4.549099922180176,14857,0.0,0.0
2023-06-14 10:30:00-04:00,4.539999961853027,4.539999961853027,4.505000114440918,4.505000114440918,1446,0.0,0.0
2023-06-14 11:30:00-04:00,4.519999980926514,4.519999980926514,4.489999771118164,4.489999771118164,5033,0.0,0.0
2023-06-14 12:30:00-04:00,4.500100135803223,4.500199794769287,4.500100135803223,4.500100135803223,2557,0.0,0.0
2023-06-14 13:30:00-04:00,4.510000228881836,4.510000228881836,4.449999809265137,4.46999979019165,15217,0.0,0.0
2023-06-14 14:30:00-04:00,4.46999979019165,4.5,4.460000038146973,4.460000038146973,5369,0.0,0.0
2023-06-14 15:30:00-04:00,4.45989990234375,4.489999771118164,4.449999809265137,4.489999771118164,7708,0.0,0.0
2023-06-15 09:30:00-04:00,4.579999923706055,4.579999923706055,4.460000038146973,4.510000228881836,9562,0.0,0.0
2023-06-15 10:30:00-04:00,4.53000020980835,4.53000020980835,4.449999809265137,4.53000020980835,31407,0.0,0.0
2023-06-15 11:30:00-04:00,4.53000020980835,4.53000020980835,4.4847002029418945,4.519999980926514,3911,0.0,0.0
2023-06-15 12:30:00-04:00,4.480000019073486,4.514999866485596,4.473599910736084,4.473599910736084,1100,0.0,0.0
2023-06-15 13:30:00-04:00,4.515399932861328,4.519999980926514,4.5,4.519999980926514,1738,0.0,0.0
2023-06-15 14:30:00-04:00,4.49429988861084,4.516900062561035,4.49429988861084,4.505000114440918,1468,0.0,0.0
2023-06-15 15:30:00-04:00,4.490099906921387,4.494999885559082,4.46999979019165,4.46999979019165,4986,0.0,0.0
2023-06-16 09:30:00-04:00,4.559999942779541,4.559999942779541,4.4532999992370605,4.460000038146973,19388,0.0,0.0
2023-06-16 10:30:00-04:00,4.46999979019165,4.489099979400635,4.320000171661377,4.434599876403809,19247,0.0,0.0
2023-06-16 11:30:00-04:00,4.447999954223633,4.454999923706055,4.400100231170654,4.400100231170654,2367,0.0,0.0
2023-06-16 12:30:00-04:00,4.448599815368652,4.509900093078613,4.440000057220459,4.480000019073486,5196,0.0,0.0
2023-06-16 13:30:00-04:00,4.460000038146973,4.489999771118164,4.449999809265137,4.474999904632568,5768,0.0,0.0
2023-06-16 14:30:00-04:00,4.449999809265137,4.5,4.369999885559082,4.468400001525879,12652,0.0,0.0
2023-06-16 15:30:00-04:00,4.468800067901611,4.468800067901611,4.360000133514404,4.360000133514404,13284,0.0,0.0
2023-06-20 09:30:00-04:00,4.349999904632568,4.392899990081787,4.349999904632568,4.349999904632568,23010,0.0,0.0
2023-06-20 10:30:00-04:00,4.355000019073486,4.389900207519531,4.25,4.295400142669678,27990,0.0,0.0
2023-06-20 11:30:00-04:00,4.260000228881836,4.329999923706055,4.207099914550781,4.2932000160217285,19298,0.0,0.0
2023-06-20 12:30:00-04:00,4.29449987411499,4.324999809265137,4.25,4.25,18726,0.0,0.0
2023-06-20 13:30:00-04:00,4.275000095367432,4.3059000968933105,4.25,4.25,4711,0.0,0.0
2023-06-20 14:30:00-04:00,4.28000020980835,4.28000020980835,4.170000076293945,4.170000076293945,32712,0.0,0.0
2023-06-20 15:30:00-04:00,4.20419979095459,4.260000228881836,4.170000076293945,4.190000057220459,7285,0.0,0.0
2023-06-21 09:30:00-04:00,4.199999809265137,4.269999980926514,4.170100212097168,4.204999923706055,8011,0.0,0.0
2023-06-21 10:30:00-04:00,4.239999771118164,4.239999771118164,4.239999771118164,4.239999771118164,849,0.0,0.0
2023-06-21 11:30:00-04:00,4.25,4.28000020980835,4.239999771118164,4.28000020980835,13202,0.0,0.0
2023-06-21 12:30:00-04:00,4.300000190734863,4.300000190734863,4.289999961853027,4.289999961853027,5418,0.0,0.0
2023-06-21 13:30:00-04:00,4.337500095367432,4.337500095367432,4.323500156402588,4.323500156402588,304,0.0,0.0
2023-06-21 14:30:00-04:00,4.256899833679199,4.300300121307373,4.256899833679199,4.300300121307373,1640,0.0,0.0
2023-06-21 15:30:00-04:00,4.340000152587891,4.340000152587891,4.285600185394287,4.289999961853027,789,0.0,0.0
2023-06-22 09:30:00-04:00,4.21999979019165,4.340000152587891,4.21999979019165,4.340000152587891,3152,0.0,0.0
2023-06-22 10:30:00-04:00,4.339900016784668,4.339900016784668,4.339900016784668,4.339900016784668,870,0.0,0.0
2023-06-22 11:30:00-04:00,4.320000171661377,4.320000171661377,4.320000171661377,4.320000171661377,121,0.0,0.0
2023-06-22 12:30:00-04:00,4.260000228881836,4.260000228881836,4.25,4.25,3627,0.0,0.0
2023-06-22 13:30:00-04:00,4.252299785614014,4.268199920654297,4.250100135803223,4.268199920654297,1417,0.0,0.0
2023-06-22 14:30:00-04:00,4.25,4.269999980926514,4.230000019073486,4.269999980926514,6552,0.0,0.0
2023-06-22 15:30:00-04:00,4.25,4.25,4.21999979019165,4.239999771118164,4857,0.0,0.0
2023-06-23 09:30:00-04:00,4.320000171661377,4.320000171661377,4.21999979019165,4.230000019073486,4958,0.0,0.0
2023-06-23 10:30:00-04:00,4.230100154876709,4.349899768829346,4.230100154876709,4.239999771118164,9867,0.0,0.0
2023-06-23 11:30:00-04:00,4.289999961853027,4.289999961853027,4.269999980926514,4.269999980926514,597,0.0,0.0
2023-06-23 12:30:00-04:00,4.260000228881836,4.269999980926514,4.230899810791016,4.26140022277832,1790,0.0,0.0
2023-06-23 13:30:00-04:00,4.239999771118164,4.239999771118164,4.239999771118164,4.239999771118164,2801,0.0,0.0
2023-06-23 14:30:00-04:00,4.239999771118164,4.268499851226807,4.21999979019165,4.239999771118164,21749,0.0,0.0
2023-06-23 15:30:00-04:00,4.230000019073486,4.300000190734863,4.215000152587891,4.230000019073486,2913,0.0,0.0
2023-06-26 09:30:00-04:00,4.190000057220459,4.4899001121521,4.190000057220459,4.309999942779541,26453,0.0,0.0
2023-06-26 10:30:00-04:00,4.457300186157227,4.457300186157227,4.320000171661377,4.320000171661377,883,0.0,0.0
2023-06-26 11:30:00-04:00,4.320000171661377,4.320000171661377,4.309999942779541,4.309999942779541,1286,0.0,0.0
2023-06-26 12:30:00-04:00,4.329999923706055,4.329999923706055,4.329999923706055,4.329999923706055,644,0.0,0.0
2023-06-26 13:30:00-04:00,4.313899993896484,4.388000011444092,4.300000190734863,4.340000152587891,3945,0.0,0.0
2023-06-26 14:30:00-04:00,4.306000232696533,4.369999885559082,4.25600004196167,4.25600004196167,9158,0.0,0.0
2023-06-26 15:30:00-04:00,4.289999961853027,4.379899978637695,4.28000020980835,4.360000133514404,0,0.0,0.0
2023-06-27 09:30:00-04:00,4.389999866485596,4.389999866485596,4.25,4.356200218200684,6116,0.0,0.0
2023-06-27 10:30:00-04:00,4.291200160980225,4.349999904632568,4.289999961853027,4.349999904632568,3035,0.0,0.0
2023-06-27 11:30:00-04:00,4.289999961853027,4.348599910736084,4.288400173187256,4.293600082397461,1668,0.0,0.0
2023-06-27 12:30:00-04:00,4.349999904632568,4.400000095367432,4.349999904632568,4.400000095367432,5055,0.0,0.0
2023-06-27 13:30:00-04:00,4.400000095367432,4.400000095367432,4.369999885559082,4.399400234222412,2376,0.0,0.0
2023-06-27 14:30:00-04:00,4.382299900054932,4.389999866485596,4.28000020980835,4.383399963378906,4009,0.0,0.0
2023-06-27 15:30:00-04:00,4.309999942779541,4.349999904632568,4.309999942779541,4.349999904632568,1108,0.0,0.0
2023-06-28 09:30:00-04:00,4.429999828338623,4.440000057220459,4.300000190734863,4.300000190734863,9731,0.0,0.0
2023-06-28 10:30:00-04:00,4.309999942779541,4.393099784851074,4.309999942779541,4.320099830627441,2197,0.0,0.0
2023-06-28 11:30:00-04:00,4.364999771118164,4.400000095367432,4.349100112915039,4.400000095367432,6693,0.0,0.0
2023-06-28 12:30:00-04:00,4.360000133514404,4.420000076293945,4.330100059509277,4.420000076293945,3391,0.0,0.0
2023-06-28 13:30:00-04:00,4.389999866485596,4.409900188446045,4.360000133514404,4.409900188446045,1008,0.0,0.0
2023-06-28 14:30:00-04:00,4.360000133514404,4.409999847412109,4.349999904632568,4.409999847412109,3963,0.0,0.0
2023-06-28 15:30:00-04:00,4.372499942779541,4.439899921417236,4.360000133514404,4.420000076293945,5661,0.0,0.0
2023-06-29 09:30:00-04:00,4.329999923706055,4.420000076293945,4.329999923706055,4.380000114440918,2874,0.0,0.0
2023-06-29 10:30:00-04:00,4.369999885559082,4.369999885559082,4.340000152587891,4.349999904632568,3339,0.0,0.0
2023-06-29 11:30:00-04:00,4.349999904632568,4.389900207519531,4.329999923706055,4.389900207519531,3182,0.0,0.0
2023-06-29 12:30:00-04:00,4.364999771118164,4.364999771118164,4.340199947357178,4.340199947357178,960,0.0,0.0
2023-06-29 13:30:00-04:00,4.349999904632568,4.360000133514404,4.340000152587891,4.349999904632568,1274,0.0,0.0
2023-06-29 14:30:00-04:00,4.350399971008301,4.350399971008301,4.348599910736084,4.348599910736084,851,0.0,0.0
2023-06-29 15:30:00-04:00,4.320000171661377,4.349999904632568,4.320000171661377,4.349999904632568,737,0.0,0.0
2023-06-30 09:30:00-04:00,4.420000076293945,4.420000076293945,4.380000114440918,4.409999847412109,2324,0.0,0.0
2023-06-30 10:30:00-04:00,4.349999904632568,4.389999866485596,4.349999904632568,4.360000133514404,1799,0.0,0.0
2023-06-30 11:30:00-04:00,4.380000114440918,4.400000095367432,4.380000114440918,4.3815999031066895,1747,0.0,0.0
2023-06-30 12:30:00-04:00,4.394999980926514,4.394999980926514,4.394999980926514,4.394999980926514,114,0.0,0.0
2023-06-30 13:30:00-04:00,4.3846001625061035,4.409999847412109,4.384099960327148,4.409999847412109,2153,0.0,0.0
2023-06-30 14:30:00-04:00,4.409999847412109,4.409999847412109,4.369999885559082,4.373300075531006,6732,0.0,0.0
2023-06-30 15:30:00-04:00,4.371399879455566,4.420000076293945,4.371399879455566,4.420000076293945,1142,0.0,0.0
2023-07-03 09:30:00-04:00,4.5,4.5,4.349999904632568,4.440000057220459,9137,0.0,0.0
2023-07-03 10:30:00-04:00,4.435699939727783,4.435699939727783,4.435699939727783,4.435699939727783,277,0.0,0.0
2023-07-03 11:30:00-04:00,4.400000095367432,4.400000095367432,4.395100116729736,4.395100116729736,397,0.0,0.0
2023-07-05 09:30:00-04:00,4.349999904632568,4.429999828338623,4.349999904632568,4.369999885559082,5520,0.0,0.0
2023-07-05 10:30:00-04:00,4.369999885559082,4.380899906158447,4.329999923706055,4.380000114440918,5167,0.0,0.0
2023-07-05 11:30:00-04:00,4.380000114440918,4.380000114440918,4.310100078582764,4.369999885559082,4569,0.0,0.0
2023-07-05 12:30:00-04:00,4.380000114440918,4.400000095367432,4.3206000328063965,4.393799781799316,4602,0.0,0.0
2023-07-05 13:30:00-04:00,4.369999885559082,4.389999866485596,4.369999885559082,4.383999824523926,1209,0.0,0.0
2023-07-05 14:30:00-04:00,4.360000133514404,4.360000133514404,4.360000133514404,4.360000133514404,357,0.0,0.0
2023-07-05 15:30:00-04:00,4.356100082397461,4.420000076293945,4.356100082397461,4.409999847412109,590,0.0,0.0
2023-07-06 09:30:00-04:00,4.320000171661377,4.387400150299072,4.289999961853027,4.380000114440918,12366,0.0,0.0
2023-07-06 10:30:00-04:00,4.28000020980835,4.320000171661377,4.269999980926514,4.300000190734863,3032,0.0,0.0
2023-07-06 11:30:00-04:00,4.320000171661377,4.320000171661377,4.269999980926514,4.269999980926514,1051,0.0,0.0
2023-07-06 12:30:00-04:00,4.295000076293945,4.320000171661377,4.274700164794922,4.300000190734863,2122,0.0,0.0
2023-07-06 13:30:00-04:00,4.300000190734863,4.380000114440918,4.289999961853027,4.380000114440918,1294,0.0,0.0
2023-07-06 14:30:00-04:00,4.289999961853027,4.289999961853027,4.289999961853027,4.289999961853027,267,0.0,0.0
2023-07-06 15:30:00-04:00,4.28000020980835,4.380000114440918,4.28000020980835,4.28000020980835,0,0.0,0.0
2023-07-07 09:30:00-04:00,4.25,4.295000076293945,4.119999885559082,4.172500133514404,25651,0.0,0.0
2023-07-07 10:30:00-04:00,4.244999885559082,4.349999904632568,4.199999809265137,4.199999809265137,17220,0.0,0.0
2023-07-07 11:30:00-04:00,4.199999809265137,4.230000019073486,4.199999809265137,4.199999809265137,8818,0.0,0.0
2023-07-07 12:30:00-04:00,4.276400089263916,4.276400089263916,4.199999809265137,4.230000019073486,4324,0.0,0.0
2023-07-07 13:30:00-04:00,4.264999866485596,4.269899845123291,4.21999979019165,4.25,6707,0.0,0.0
2023-07-07 14:30:00-04:00,4.2519001960754395,4.260000228881836,4.179999828338623,4.200099945068359,10466,0.0,0.0
2023-07-07 15:30:00-04:00,4.199999809265137,4.224999904632568,4.159999847412109,4.159999847412109,9960,0.0,0.0
2023-07-10 09:30:00-04:00,4.28000020980835,4.349899768829346,4.179999828338623,4.269999980926514,18843,0.0,0.0
2023-07-10 10:30:00-04:00,4.201399803161621,4.257299900054932,4.201399803161621,4.23360013961792,9652,0.0,0.0
2023-07-10 11:30:00-04:00,4.235799789428711,4.240200042724609,4.199999809265137,4.199999809265137,0,0.0,0.0
2023-07-10 12:30:00-04:00,4.210000038146973,4.21999979019165,4.159999847412109,4.210000038146973,37424,0.0,0.0
2023-07-10 13:30:00-04:00,4.239999771118164,4.28000020980835,4.210000038146973,4.28000020980835,2397,0.0,0.0
2023-07-10 14:30:00-04:00,4.25,4.25,4.21999979019165,4.25,1463,0.0,0.0
2023-07-10 15:30:00-04:00,4.25,4.25,4.230000019073486,4.25,3973,0.0,0.0
2023-07-11 09:30:00-04:00,4.199999809265137,4.289999961853027,4.190000057220459,4.289999961853027,7621,0.0,0.0
2023-07-11 10:30:00-04:00,4.287199974060059,4.289999961853027,4.25,4.289999961853027,3993,0.0,0.0
2023-07-11 11:30:00-04:00,4.260000228881836,4.289999961853027,4.239999771118164,4.28000020980835,12173,0.0,0.0
2023-07-11 12:30:00-04:00,4.255000114440918,4.28000020980835,4.239999771118164,4.28000020980835,1953,0.0,0.0
2023-07-11 13:30:00-04:00,4.25,4.28000020980835,4.25,4.28000020980835,7790,0.0,0.0
2023-07-11 14:30:00-04:00,4.289999961853027,4.340000152587891,4.289999961853027,4.309999942779541,4919,0.0,0.0
2023-07-11 15:30:00-04:00,4.300000190734863,4.320000171661377,4.284900188446045,4.320000171661377,0,0.0,0.0
2023-07-12 09:30:00-04:00,4.28000020980835,4.349899768829346,4.261600017547607,4.349899768829346,15355,0.0,0.0
2023-07-12 10:30:00-04:00,4.329999923706055,4.340000152587891,4.302499771118164,4.329999923706055,6602,0.0,0.0
2023-07-12 11:30:00-04:00,4.329999923706055,4.329999923706055,4.269999980926514,4.329999923706055,3499,0.0,0.0
2023-07-12 12:30:00-04:00,4.329800128936768,4.329999923706055,4.28000020980835,4.28000020980835,5605,0.0,0.0
2023-07-12 13:30:00-04:00,4.2820000648498535,4.329999923706055,4.2820000648498535,4.310100078582764,8386,0.0,0.0
2023-07-12 14:30:00-04:00,4.300000190734863,4.340000152587891,4.300000190734863,4.329999923706055,3223,0.0,0.0
2023-07-12 15:30:00-04:00,4.3109002113342285,4.400000095367432,4.3109002113342285,4.400000095367432,25251,0.0,0.0
2023-07-13 09:30:00-04:00,4.46999979019165,4.46999979019165,4.324999809265137,4.400000095367432,27226,0.0,0.0
2023-07-13 10:30:00-04:00,4.409999847412109,4.409999847412109,4.335000038146973,4.335000038146973,12343,0.0,0.0
2023-07-13 11:30:00-04:00,4.335000038146973,4.419899940490723,4.25,4.419899940490723,4858,0.0,0.0
2023-07-13 12:30:00-04:00,4.400000095367432,4.409999847412109,4.309999942779541,4.340000152587891,5178,0.0,0.0
2023-07-13 13:30:00-04:00,4.340000152587891,4.354899883270264,4.320000171661377,4.329999923706055,4486,0.0,0.0
2023-07-13 14:30:00-04:00,4.340000152587891,4.369999885559082,4.340000152587891,4.369999885559082,3103,0.0,0.0
2023-07-13 15:30:00-04:00,4.369999885559082,4.400000095367432,4.369999885559082,4.400000095367432,1118,0.0,0.0
2023-07-14 09:30:00-04:00,4.329999923706055,4.349999904632568,4.260000228881836,4.280099868774414,23047,0.0,0.0
2023-07-14 10:30:00-04:00,4.309999942779541,4.320000171661377,4.184999942779541,4.25,26310,0.0,0.0
2023-07-14 11:30:00-04:00,4.200099945068359,4.239299774169922,4.200099945068359,4.21999979019165,2992,0.0,0.0
2023-07-14 12:30:00-04:00,4.230000019073486,4.230000019073486,4.190000057220459,4.199999809265137,13201,0.0,0.0
2023-07-14 13:30:00-04:00,4.191299915313721,4.210000038146973,4.190000057220459,4.199999809265137,2779,0.0,0.0
2023-07-14 14:30:00-04:00,4.196499824523926,4.210000038146973,4.190000057220459,4.190299987792969,3865,0.0,0.0
2023-07-14 15:30:00-04:00,4.190000057220459,4.190000057220459,4.150000095367432,4.170000076293945,8662,0.0,0.0
2023-07-17 09:30:00-04:00,4.179999828338623,4.247499942779541,4.170000076293945,4.200099945068359,0,0.0,0.0
2023-07-17 10:30:00-04:00,4.28980016708374,4.28980016708374,4.28980016708374,4.28980016708374,9745,0.0,0.0
2023-07-17 11:30:00-04:00,4.25,4.25,4.199999809265137,4.224999904632568,9731,0.0,0.0
2023-07-17 12:30:00-04:00,4.199999809265137,4.215000152587891,4.190000057220459,4.215000152587891,4735,0.0,0.0
2023-07-17 13:30:00-04:00,4.230000019073486,4.239999771118164,4.215000152587891,4.215000152587891,3357,0.0,0.0
2023-07-17 14:30:00-04:00,4.230000019073486,4.230000019073486,4.230000019073486,4.230000019073486,322,0.0,0.0
2023-07-17 15:30:00-04:00,4.199999809265137,4.200799942016602,4.190000057220459,4.190000057220459,3138,0.0,0.0
2023-07-18 09:30:00-04:00,4.300000190734863,4.329999923706055,4.223800182342529,4.329999923706055,8711,0.0,0.0
2023-07-18 10:30:00-04:00,4.304999828338623,4.304999828338623,4.289999961853027,4.289999961853027,2565,0.0,0.0
2023-07-18 11:30:00-04:00,4.299600124359131,4.299600124359131,4.28000020980835,4.28000020980835,8177,0.0,0.0
2023-07-18 12:30:00-04:00,4.28000020980835,4.28000020980835,4.255000114440918,4.255000114440918,736,0.0,0.0
2023-07-18 13:30:00-04:00,4.28000020980835,4.300000190734863,4.28000020980835,4.300000190734863,2696,0.0,0.0
2023-07-18 14:30:00-04:00,4.289999961853027,4.320000171661377,4.2571001052856445,4.2571001052856445,3891,0.0,0.0
2023-07-18 15:30:00-04:00,4.260000228881836,4.28000020980835,4.230000019073486,4.230000019073486,3660,0.0,0.0
2023-07-19 09:30:00-04:00,4.269999980926514,4.269999980926514,4.239999771118164,4.239999771118164,4025,0.0,0.0
2023-07-19 10:30:00-04:00,4.21999979019165,4.243199825286865,4.199999809265137,4.199999809265137,4621,0.0,0.0
2023-07-19 11:30:00-04:00,4.217199802398682,4.21999979019165,4.210000038146973,4.210000038146973,3029,0.0,0.0
2023-07-19 12:30:00-04:00,4.199999809265137,4.205999851226807,4.170000076293945,4.171599864959717,9499,0.0,0.0
2023-07-19 13:30:00-04:00,4.199900150299072,4.199900150299072,4.1743998527526855,4.179999828338623,4139,0.0,0.0
2023-07-19 14:30:00-04:00,4.179999828338623,4.1890997886657715,4.179999828338623,4.1890997886657715,686,0.0,0.0
2023-07-19 15:30:00-04:00,4.190000057220459,4.210000038146973,4.1707000732421875,4.210000038146973,0,0.0,0.0
2023-07-20 09:30:00-04:00,4.210000038146973,4.272299766540527,4.179999828338623,4.199999809265137,6745,0.0,0.0
2023-07-20 10:30:00-04:00,4.201499938964844,4.219699859619141,4.179999828338623,4.179999828338623,3110,0.0,0.0
2023-07-20 11:30:00-04:00,4.179999828338623,4.195000171661377,4.160099983215332,4.190000057220459,4067,0.0,0.0
2023-07-20 12:30:00-04:00,4.190000057220459,4.199999809265137,4.190000057220459,4.190000057220459,418,0.0,0.0
2023-07-20 13:30:00-04:00,4.228700160980225,4.228700160980225,4.170000076293945,4.170000076293945,3247,0.0,0.0
2023-07-20 14:30:00-04:00,4.170000076293945,4.199999809265137,4.159999847412109,4.159999847412109,4479,0.0,0.0
2023-07-20 15:30:00-04:00,4.190000057220459,4.190000057220459,4.130000114440918,4.139999866485596,3945,0.0,0.0
2023-07-21 09:30:00-04:00,4.224999904632568,4.224999904632568,4.159999847412109,4.170000076293945,5120,0.0,0.0
2023-07-21 10:30:00-04:00,4.25,4.25,4.178500175476074,4.25,2971,0.0,0.0
2023-07-21 11:30:00-04:00,4.235000133514404,4.25,4.173099994659424,4.177700042724609,6476,0.0,0.0
2023-07-21 12:30:00-04:00,4.229000091552734,4.239999771118164,4.170100212097168,4.170100212097168,7043,0.0,0.0
2023-07-21 13:30:00-04:00,4.225100040435791,4.225100040435791,4.224999904632568,4.224999904632568,394,0.0,0.0
2023-07-21 14:30:00-04:00,4.210000038146973,4.219600200653076,4.190199851989746,4.190199851989746,1952,0.0,0.0
2023-07-21 15:30:00-04:00,4.170000076293945,4.230000019073486,4.170000076293945,4.230000019073486,2684,0.0,0.0
2023-07-24 09:30:00-04:00,4.289999961853027,4.289999961853027,4.1631999015808105,4.179999828338623,18212,0.0,0.0
2023-07-24 10:30:00-04:00,4.200099945068359,4.360000133514404,4.200099945068359,4.335899829864502,35732,0.0,0.0
2023-07-24 11:30:00-04:00,4.320000171661377,4.400000095367432,4.319900035858154,4.376699924468994,24336,0.0,0.0
2023-07-24 12:30:00-04:00,4.380000114440918,4.439199924468994,4.369999885559082,4.4096999168396,26282,0.0,0.0
2023-07-24 13:30:00-04:00,4.380000114440918,4.409999847412109,4.349999904632568,4.400000095367432,4876,0.0,0.0
2023-07-24 14:30:00-04:00,4.375,4.388000011444092,4.360000133514404,4.380000114440918,10248,0.0,0.0
2023-07-24 15:30:00-04:00,4.372000217437744,4.380000114440918,4.350299835205078,4.360000133514404,5289,0.0,0.0
2023-07-25 09:30:00-04:00,4.429999828338623,4.429999828338623,4.260000228881836,4.304999828338623,18800,0.0,0.0
2023-07-25 10:30:00-04:00,4.250100135803223,4.320000171661377,4.250100135803223,4.320000171661377,11093,0.0,0.0
2023-07-25 11:30:00-04:00,4.320000171661377,4.349999904632568,4.320000171661377,4.3403000831604,7141,0.0,0.0
2023-07-25 12:30:00-04:00,4.360000133514404,4.400000095367432,4.360000133514404,4.369999885559082,3812,0.0,0.0
2023-07-25 13:30:00-04:00,4.369999885559082,4.4394001960754395,4.349999904632568,4.4394001960754395,16134,0.0,0.0
2023-07-25 14:30:00-04:00,4.427999973297119,4.427999973297119,4.300000190734863,4.349999904632568,12855,0.0,0.0
2023-07-25 15:30:00-04:00,4.409900188446045,4.409999847412109,4.300000190734863,4.335000038146973,10507,0.0,0.0
2023-07-26 09:30:00-04:00,4.260000228881836,4.380000114440918,4.210000038146973,4.260000228881836,16331,0.0,0.0
2023-07-26 10:30:00-04:00,4.214700222015381,4.300000190734863,4.214700222015381,4.289999961853027,5921,0.0,0.0
2023-07-26 11:30:00-04:00,4.239999771118164,4.289999961853027,4.239999771118164,4.239999771118164,1348,0.0,0.0
2023-07-26 12:30:00-04:00,4.260000228881836,4.269999980926514,4.260000228881836,4.2657999992370605,1742,0.0,0.0
2023-07-26 13:30:00-04:00,4.28000020980835,4.28000020980835,4.269999980926514,4.269999980926514,555,0.0,0.0
2023-07-26 14:30:00-04:00,4.28000020980835,4.289999961853027,4.239999771118164,4.244999885559082,2174,0.0,0.0
2023-07-26 15:30:00-04:00,4.240900039672852,4.260000228881836,4.199999809265137,4.199999809265137,9510,0.0,0.0
2023-07-27 09:30:00-04:00,4.329999923706055,4.329999923706055,4.191800117492676,4.259300231933594,15226,0.0,0.0
2023-07-27 10:30:00-04:00,4.210700035095215,4.260000228881836,4.210700035095215,4.240499973297119,10243,0.0,0.0
2023-07-27 11:30:00-04:00,4.239999771118164,4.25,4.21999979019165,4.21999979019165,3192,0.0,0.0
2023-07-27 12:30:00-04:00,4.224999904632568,4.230000019073486,4.179999828338623,4.179999828338623,7809,0.0,0.0
2023-07-27 13:30:00-04:00,4.175000190734863,4.175000190734863,4.129300117492676,4.150000095367432,8586,0.0,0.0
2023-07-27 14:30:00-04:00,4.130000114440918,4.179900169372559,4.099999904632568,4.176499843597412,38959,0.0,0.0
2023-07-27 15:30:00-04:00,4.170000076293945,4.170000076293945,4.130000114440918,4.139999866485596,5488,0.0,0.0
2023-07-28 09:30:00-04:00,4.199999809265137,4.349999904632568,4.150000095367432,4.325399875640869,44086,0.0,0.0
2023-07-28 10:30:00-04:00,4.301300048828125,4.320000171661377,4.239999771118164,4.300000190734863,10075,0.0,0.0
2023-07-28 11:30:00-04:00,4.309999942779541,4.329999923706055,4.284999847412109,4.329999923706055,2487,0.0,0.0
2023-07-28 12:30:00-04:00,4.329999923706055,4.340000152587891,4.267399787902832,4.309999942779541,4871,0.0,0.0
2023-07-28 13:30:00-04:00,4.300000190734863,4.369999885559082,4.260000228881836,4.369900226593018,10502,0.0,0.0
2023-07-28 14:30:00-04:00,4.369999885559082,4.409999847412109,4.337299823760986,4.360000133514404,14986,0.0,0.0
2023-07-28 15:30:00-04:00,4.369999885559082,4.369999885559082,4.28000020980835,4.329999923706055,43110,0.0,0.0
2023-07-31 09:30:00-04:00,4.300000190734863,4.402100086212158,4.269999980926514,4.300000190734863,16490,0.0,0.0
2023-07-31 10:30:00-04:00,4.300000190734863,4.378699779510498,4.260000228881836,4.34499979019165,12952,0.0,0.0
2023-07-31 11:30:00-04:00,4.355000019073486,4.369999885559082,4.320000171661377,4.369999885559082,4669,0.0,0.0
2023-07-31 12:30:00-04:00,4.350200176239014,4.400000095367432,4.350200176239014,4.397900104522705,10647,0.0,0.0
2023-07-31 13:30:00-04:00,4.385000228881836,4.659999847412109,4.369999885559082,4.445000171661377,163693,0.0,0.0
2023-07-31 14:30:00-04:00,4.469900131225586,4.5,4.400000095367432,4.449999809265137,19028,0.0,0.0
2023-07-31 15:30:00-04:00,4.449999809265137,4.489999771118164,4.420100212097168,4.429999828338623,13579,0.0,0.0
2023-08-01 09:30:00-04:00,4.46999979019165,4.480000019073486,4.269999980926514,4.340000152587891,27068,0.0,0.0
2023-08-01 10:30:00-04:00,4.349999904632568,4.375,4.28000020980835,4.375,11317,0.0,0.0
2023-08-01 11:30:00-04:00,4.380000114440918,4.389999866485596,4.320000171661377,4.321700096130371,6285,0.0,0.0
2023-08-01 12:30:00-04:00,4.330100059509277,4.389999866485596,4.320000171661377,4.320099830627441,7185,0.0,0.0
2023-08-01 13:30:00-04:00,4.369999885559082,4.369999885559082,4.320099830627441,4.369999885559082,2945,0.0,0.0
2023-08-01 14:30:00-04:00,4.369999885559082,4.369999885559082,4.320000171661377,4.34499979019165,9207,0.0,0.0
2023-08-01 15:30:00-04:00,4.369999885559082,4.369999885559082,4.329999923706055,4.369999885559082,0,0.0,0.0
2023-08-02 09:30:00-04:00,4.349999904632568,4.349999904632568,4.192999839782715,4.192999839782715,10693,0.0,0.0
2023-08-02 10:30:00-04:00,4.193999767303467,4.25,4.119999885559082,4.119999885559082,11628,0.0,0.0
2023-08-02 11:30:00-04:00,4.150000095367432,4.239999771118164,4.150000095367432,4.172699928283691,8051,0.0,0.0
2023-08-02 12:30:00-04:00,4.25,4.25,4.150000095367432,4.229499816894531,4930,0.0,0.0
2023-08-02 13:30:00-04:00,4.230000019073486,4.300000190734863,4.184999942779541,4.269999980926514,9072,0.0,0.0
2023-08-02 14:30:00-04:00,4.244999885559082,4.289999961853027,4.199999809265137,4.210000038146973,8121,0.0,0.0
2023-08-02 15:30:00-04:00,4.25,4.269999980926514,4.199999809265137,4.269999980926514,3407,0.0,0.0
2023-08-03 09:30:00-04:00,4.269999980926514,4.269999980926514,4.179999828338623,4.25,10962,0.0,0.0
2023-08-03 10:30:00-04:00,4.25,4.300000190734863,4.211299896240234,4.289299964904785,5453,0.0,0.0
2023-08-03 11:30:00-04:00,4.309999942779541,4.429999828338623,4.29010009765625,4.374800205230713,23647,0.0,0.0
2023-08-03 12:30:00-04:00,4.360000133514404,4.463399887084961,4.27269983291626,4.27269983291626,16519,0.0,0.0
2023-08-03 13:30:00-04:00,4.380000114440918,4.380000114440918,4.329999923706055,4.360000133514404,2852,0.0,0.0
2023-08-03 14:30:00-04:00,4.349999904632568,4.440000057220459,4.25,4.420000076293945,43702,0.0,0.0
2023-08-03 15:30:00-04:00,4.429900169372559,4.429999828338623,4.380000114440918,4.400000095367432,0,0.0,0.0
2023-08-04 09:30:00-04:00,4.289999961853027,4.349999904632568,4.269999980926514,4.295000076293945,10899,0.0,0.0
2023-08-04 10:30:00-04:00,4.309899806976318,4.349999904632568,4.309899806976318,4.329999923706055,11917,0.0,0.0
2023-08-04 11:30:00-04:00,4.329999923706055,4.449999809265137,4.309999942779541,4.425000190734863,40422,0.0,0.0
2023-08-04 12:30:00-04:00,4.429999828338623,4.429999828338623,4.380000114440918,4.414999961853027,9376,0.0,0.0
2023-08-04 13:30:00-04:00,4.400000095367432,4.420000076293945,4.320000171661377,4.398099899291992,9072,0.0,0.0
2023-08-04 14:30:00-04:00,4.375,4.400000095367432,4.329999923706055,4.360000133514404,6586,0.0,0.0
2023-08-04 15:30:00-04:00,4.389500141143799,4.389500141143799,4.21999979019165,4.230000019073486,20370,0.0,0.0
2023-08-07 09:30:00-04:00,4.230000019073486,4.349999904632568,4.166600227355957,4.269999980926514,26660,0.0,0.0
2023-08-07 10:30:00-04:00,4.159999847412109,4.2677998542785645,4.159999847412109,4.260000228881836,3587,0.0,0.0
2023-08-07 11:30:00-04:00,4.204999923706055,4.204999923706055,4.190000057220459,4.190000057220459,821,0.0,0.0
2023-08-07 12:30:00-04:00,4.249000072479248,4.249000072479248,4.210000038146973,4.226799964904785,1087,0.0,0.0
2023-08-07 13:30:00-04:00,4.204999923706055,4.204999923706055,4.150000095367432,4.190000057220459,5905,0.0,0.0
2023-08-07 14:30:00-04:00,4.150000095367432,4.190000057220459,4.150000095367432,4.1803998947143555,8048,0.0,0.0
2023-08-07 15:30:00-04:00,4.179999828338623,4.179999828338623,4.150000095367432,4.159999847412109,0,0.0,0.0
2023-08-08 09:30:00-04:00,4.150000095367432,4.150000095367432,4.099999904632568,4.105000019073486,19419,0.0,0.0
2023-08-08 10:30:00-04:00,4.130000114440918,4.159999847412109,4.110000133514404,4.159999847412109,1193,0.0,0.0
2023-08-08 11:30:00-04:00,4.139999866485596,4.146900177001953,4.119999885559082,4.135000228881836,3120,0.0,0.0
2023-08-08 12:30:00-04:00,4.119999885559082,4.139999866485596,4.110000133514404,4.130000114440918,21605,0.0,0.0
2023-08-08 13:30:00-04:00,4.150000095367432,4.289999961853027,4.150000095367432,4.179999828338623,6070,0.0,0.0
2023-08-08 14:30:00-04:00,4.190000057220459,4.190000057220459,4.190000057220459,4.190000057220459,624,0.0,0.0
2023-08-08 15:30:00-04:00,4.150000095367432,4.179999828338623,4.150000095367432,4.179999828338623,0,0.0,0.0
2023-08-09 09:30:00-04:00,4.28000020980835,4.639900207519531,4.275000095367432,4.460000038146973,121311,0.0,0.0
2023-08-09 10:30:00-04:00,4.460000038146973,4.539999961853027,4.370100021362305,4.370100021362305,81263,0.0,0.0
2023-08-09 11:30:00-04:00,4.380000114440918,4.429999828338623,4.329999923706055,4.350100040435791,11004,0.0,0.0
2023-08-09 12:30:00-04:00,4.384699821472168,4.409999847412109,4.330399990081787,4.340000152587891,8043,0.0,0.0
2023-08-09 13:30:00-04:00,4.349999904632568,4.364999771118164,4.332600116729736,4.360000133514404,1313,0.0,0.0
2023-08-09 14:30:00-04:00,4.340000152587891,4.385000228881836,4.340000152587891,4.364999771118164,5670,0.0,0.0
2023-08-09 15:30:00-04:00,4.340000152587891,4.420000076293945,4.340000152587891,4.389999866485596,9424,0.0,0.0
2023-08-10 09:30:00-04:00,4.309999942779541,4.380000114440918,4.309999942779541,4.340000152587891,15323,0.0,0.0
2023-08-10 10:30:00-04:00,4.340099811553955,4.340099811553955,4.199999809265137,4.215000152587891,28842,0.0,0.0
2023-08-10 11:30:00-04:00,4.199999809265137,4.230000019073486,4.199999809265137,4.210000038146973,10918,0.0,0.0
2023-08-10 12:30:00-04:00,4.219699859619141,4.289999961853027,4.210000038146973,4.210000038146973,2143,0.0,0.0
2023-08-10 13:30:00-04:00,4.28000020980835,4.380000114440918,4.215000152587891,4.230000019073486,8379,0.0,0.0
2023-08-10 14:30:00-04:00,4.230000019073486,4.28000020980835,4.230000019073486,4.25,1523,0.0,0.0
2023-08-10 15:30:00-04:00,4.272299766540527,4.300000190734863,4.25,4.25,0,0.0,0.0
2023-08-11 09:30:00-04:00,4.300000190734863,4.369999885559082,4.210000038146973,4.210000038146973,13313,0.0,0.0
2023-08-11 10:30:00-04:00,4.230000019073486,4.230000019073486,4.170000076293945,4.190000057220459,7327,0.0,0.0
2023-08-11 11:30:00-04:00,4.195000171661377,4.210000038146973,4.150000095367432,4.150000095367432,15299,0.0,0.0
2023-08-11 12:30:00-04:00,4.150000095367432,4.204999923706055,4.150000095367432,4.179999828338623,7311,0.0,0.0
2023-08-11 13:30:00-04:00,4.164299964904785,4.186999797821045,4.159999847412109,4.186999797821045,2371,0.0,0.0
2023-08-11 14:30:00-04:00,4.170000076293945,4.170000076293945,4.170000076293945,4.170000076293945,348,0.0,0.0
2023-08-11 15:30:00-04:00,4.210000038146973,4.230000019073486,4.184999942779541,4.230000019073486,2110,0.0,0.0
2023-08-14 09:30:00-04:00,4.210000038146973,4.25,4.110000133514404,4.159999847412109,14932,0.0,0.0
2023-08-14 10:30:00-04:00,4.14139986038208,4.150000095367432,4.119999885559082,4.130000114440918,6355,0.0,0.0
2023-08-14 11:30:00-04:00,4.150000095367432,4.150000095367432,4.150000095367432,4.150000095367432,947,0.0,0.0
2023-08-14 12:30:00-04:00,4.164999961853027,4.164999961853027,4.119999885559082,4.119999885559082,7335,0.0,0.0
2023-08-14 13:30:00-04:00,4.130000114440918,4.150000095367432,4.110000133514404,4.110000133514404,3623,0.0,0.0
2023-08-14 14:30:00-04:00,4.119999885559082,4.130000114440918,4.119999885559082,4.130000114440918,640,0.0,0.0
2023-08-14 15:30:00-04:00,4.150000095367432,4.179999828338623,4.110000133514404,4.179999828338623,2699,0.0,0.0
2023-08-15 09:30:00-04:00,4.119999885559082,4.1483001708984375,3.9100000858306885,3.930000066757202,37817,0.0,0.0
2023-08-15 10:30:00-04:00,3.930000066757202,3.9537999629974365,3.859999895095825,3.9191999435424805,19145,0.0,0.0
2023-08-15 11:30:00-04:00,3.9100000858306885,3.942500114440918,3.9100000858306885,3.910099983215332,9380,0.0,0.0
2023-08-15 12:30:00-04:00,3.9200000762939453,3.934999942779541,3.9100000858306885,3.9100000858306885,10243,0.0,0.0
2023-08-15 13:30:00-04:00,3.911799907684326,3.911799907684326,3.8499999046325684,3.8828001022338867,9307,0.0,0.0
2023-08-15 14:30:00-04:00,3.8996999263763428,3.8996999263763428,3.8499999046325684,3.8589000701904297,6807,0.0,0.0
2023-08-15 15:30:00-04:00,3.8564000129699707,3.869999885559082,3.7799999713897705,3.799999952316284,25133,0.0,0.0
2023-08-16 09:30:00-04:00,3.8499999046325684,4.059999942779541,3.8499999046325684,3.8499999046325684,33205,0.0,0.0
2023-08-16 10:30:00-04:00,3.859999895095825,3.869999885559082,3.819999933242798,3.8238000869750977,7140,0.0,0.0
2023-08-16 11:30:00-04:00,3.819999933242798,3.8499999046325684,3.75,3.7553000450134277,10295,0.0,0.0
2023-08-16 12:30:00-04:00,3.75,3.7516000270843506,3.5799999237060547,3.619999885559082,28402,0.0,0.0
2023-08-16 13:30:00-04:00,3.680000066757202,3.8598999977111816,3.630000114440918,3.8299999237060547,22340,0.0,0.0
2023-08-16 14:30:00-04:00,3.712599992752075,3.8399999141693115,3.7100000381469727,3.8299999237060547,1434,0.0,0.0
2023-08-16 15:30:00-04:00,3.7100000381469727,3.7100000381469727,3.5999999046325684,3.619999885559082,23613,0.0,0.0
2023-08-17 09:30:00-04:00,3.690000057220459,3.7100000381469727,3.6449999809265137,3.700000047683716,9352,0.0,0.0
2023-08-17 10:30:00-04:00,3.690000057220459,3.700700044631958,3.5999999046325684,3.6147000789642334,5759,0.0,0.0
2023-08-17 11:30:00-04:00,3.699899911880493,3.700000047683716,3.6500000953674316,3.6600000858306885,4527,0.0,0.0
2023-08-17 12:30:00-04:00,3.680000066757202,3.6958000659942627,3.630000114440918,3.630000114440918,2532,0.0,0.0
2023-08-17 13:30:00-04:00,3.6700000762939453,3.6923000812530518,3.5999999046325684,3.609999895095825,6800,0.0,0.0
2023-08-17 14:30:00-04:00,3.6549999713897705,3.6549999713897705,3.5999999046325684,3.609999895095825,4039,0.0,0.0
2023-08-17 15:30:00-04:00,3.5999999046325684,3.5999999046325684,3.5399999618530273,3.549999952316284,0,0.0,0.0
2023-08-18 09:30:00-04:00,3.509999990463257,3.509999990463257,3.3299999237060547,3.3499999046325684,24903,0.0,0.0
2023-08-18 10:30:00-04:00,3.359999895095825,3.4549999237060547,3.3499999046325684,3.4549999237060547,8576,0.0,0.0
2023-08-18 11:30:00-04:00,3.4600000381469727,3.490000009536743,3.390000104904175,3.4100000858306885,3552,0.0,0.0
2023-08-18 12:30:00-04:00,3.4999001026153564,3.4999001026153564,3.4200000762939453,3.4600000381469727,3478,0.0,0.0
2023-08-18 13:30:00-04:00,3.4749999046325684,3.490000009536743,3.4700000286102295,3.4700000286102295,1443,0.0,0.0
2023-08-18 14:30:00-04:00,3.4600000381469727,3.490000009536743,3.4100000858306885,3.490000009536743,8752,0.0,0.0
2023-08-18 15:30:00-04:00,3.4718000888824463,3.4800000190734863,3.4100000858306885,3.4200000762939453,7165,0.0,0.0
2023-08-21 09:30:00-04:00,3.549999952316284,3.549999952316284,3.440000057220459,3.4702999591827393,11056,0.0,0.0
2023-08-21 10:30:00-04:00,3.4000000953674316,3.440000057220459,3.369999885559082,3.369999885559082,3924,0.0,0.0
2023-08-21 11:30:00-04:00,3.380000114440918,3.4100000858306885,3.3499999046325684,3.4100000858306885,5800,0.0,0.0
2023-08-21 12:30:00-04:00,3.390000104904175,3.4298999309539795,3.359999895095825,3.4000000953674316,3222,0.0,0.0
2023-08-21 13:30:00-04:00,3.4000000953674316,3.4000000953674316,3.359999895095825,3.359999895095825,7883,0.0,0.0
2023-08-21 14:30:00-04:00,3.3499999046325684,3.3499999046325684,3.309999942779541,3.3399999141693115,5483,0.0,0.0
2023-08-21 15:30:00-04:00,3.3299999237060547,3.343899965286255,3.2799999713897705,3.2799999713897705,0,0.0,0.0
2023-08-22 09:30:00-04:00,3.326200008392334,3.3364999294281006,3.2699999809265137,3.297600030899048,4863,0.0,0.0
2023-08-22 10:30:00-04:00,3.299999952316284,3.349299907684326,3.2899999618530273,3.299999952316284,11724,0.0,0.0
2023-08-22 11:30:00-04:00,3.3487000465393066,3.390000104904175,3.319999933242798,3.343600034713745,4677,0.0,0.0
2023-08-22 12:30:00-04:00,3.3399999141693115,3.365000009536743,3.3399999141693115,3.3399999141693115,4920,0.0,0.0
2023-08-22 13:30:00-04:00,3.319999933242798,3.319999933242798,3.299999952316284,3.299999952316284,4069,0.0,0.0
2023-08-22 14:30:00-04:00,3.2899999618530273,3.3299999237060547,3.2699999809265137,3.2950000762939453,2413,0.0,0.0
2023-08-22 15:30:00-04:00,3.2899999618530273,3.2899999618530273,3.2799999713897705,3.2799999713897705,0,0.0,0.0
2023-08-23 09:30:00-04:00,3.2699999809265137,3.325000047683716,3.115000009536743,3.1600000858306885,21370,0.0,0.0
2023-08-23 10:30:00-04:00,3.188999891281128,3.190000057220459,3.1500000953674316,3.170099973678589,8877,0.0,0.0
2023-08-23 11:30:00-04:00,3.180000066757202,3.190000057220459,3.180000066757202,3.1875998973846436,1304,0.0,0.0
2023-08-23 12:30:00-04:00,3.200000047683716,3.2149999141693115,3.1900999546051025,3.2100000381469727,2180,0.0,0.0
2023-08-23 13:30:00-04:00,3.2149999141693115,3.25,3.2100000381469727,3.25,4581,0.0,0.0
2023-08-23 14:30:00-04:00,3.220099925994873,3.2950000762939453,3.220099925994873,3.2899999618530273,3550,0.0,0.0
2023-08-23 15:30:00-04:00,3.2699999809265137,3.2899999618530273,3.2100000381469727,3.2200000286102295,0,0.0,0.0
2023-08-24 09:30:00-04:00,3.2799999713897705,3.2799999713897705,3.1600000858306885,3.190000057220459,8465,0.0,0.0
2023-08-24 10:30:00-04:00,3.2100000381469727,3.2100000381469727,3.180000066757202,3.200000047683716,3197,0.0,0.0
2023-08-24 11:30:00-04:00,3.276900053024292,3.276900053024292,3.200000047683716,3.25,2726,0.0,0.0
2023-08-24 12:30:00-04:00,3.259999990463257,3.259999990463257,3.2200000286102295,3.2200000286102295,1272,0.0,0.0
2023-08-24 13:30:00-04:00,3.2200000286102295,3.220099925994873,3.180000066757202,3.220099925994873,9045,0.0,0.0
2023-08-24 14:30:00-04:00,3.2002999782562256,3.2100000381469727,3.2002999782562256,3.2100000381469727,367,0.0,0.0
2023-08-24 15:30:00-04:00,3.1700000762939453,3.1700000762939453,3.119999885559082,3.119999885559082,0,0.0,0.0
2023-08-25 09:30:00-04:00,3.266400098800659,3.266400098800659,3.140000104904175,3.140000104904175,2188,0.0,0.0
2023-08-25 10:30:00-04:00,3.119999885559082,3.1721999645233154,3.119999885559082,3.1700000762939453,1749,0.0,0.0
2023-08-25 11:30:00-04:00,3.140000104904175,3.200000047683716,3.140000104904175,3.200000047683716,1485,0.0,0.0
2023-08-25 12:30:00-04:00,3.1449999809265137,3.2200000286102295,3.1449999809265137,3.2200000286102295,1395,0.0,0.0
2023-08-25 13:30:00-04:00,3.1500000953674316,3.2200000286102295,3.140199899673462,3.1600000858306885,2276,0.0,0.0
2023-08-25 14:30:00-04:00,3.1909000873565674,3.1909000873565674,3.1693999767303467,3.1693999767303467,2582,0.0,0.0
2023-08-25 15:30:00-04:00,3.1600000858306885,3.1891000270843506,3.1510000228881836,3.1700000762939453,3517,0.0,0.0
2023-08-28 09:30:00-04:00,3.200000047683716,3.2699999809265137,3.200000047683716,3.2300000190734863,4682,0.0,0.0
2023-08-28 10:30:00-04:00,3.240000009536743,3.259999990463257,3.200000047683716,3.200000047683716,729,0.0,0.0
2023-08-28 11:30:00-04:00,3.2249999046325684,3.2249999046325684,3.2149999141693115,3.2149999141693115,1091,0.0,0.0
2023-08-28 12:30:00-04:00,3.180000066757202,3.200000047683716,3.180000066757202,3.200000047683716,1238,0.0,0.0
2023-08-28 13:30:00-04:00,3.180000066757202,3.1803998947143555,3.174999952316284,3.1803998947143555,1563,0.0,0.0
2023-08-28 14:30:00-04:00,3.1821000576019287,3.1821000576019287,3.160099983215332,3.160099983215332,1058,0.0,0.0
2023-08-28 15:30:00-04:00,3.180000066757202,3.200000047683716,3.180000066757202,3.1812000274658203,0,0.0,0.0
2023-08-29 09:30:00-04:00,3.243499994277954,3.243499994277954,3.1700000762939453,3.1700000762939453,3623,0.0,0.0
2023-08-29 10:30:00-04:00,3.2100000381469727,3.2699999809265137,3.190000057220459,3.2699999809265137,6651,0.0,0.0
2023-08-29 11:30:00-04:00,3.2699999809265137,3.2827000617980957,3.2100000381469727,3.2100000381469727,10917,0.0,0.0
2023-08-29 12:30:00-04:00,3.2300000190734863,3.2899999618530273,3.2300000190734863,3.2899999618530273,10904,0.0,0.0
2023-08-29 13:30:00-04:00,3.2790000438690186,3.2899999618530273,3.240000009536743,3.25,4457,0.0,0.0
2023-08-29 14:30:00-04:00,3.2200000286102295,3.2200000286102295,3.2100000381469727,3.2200000286102295,1966,0.0,0.0
2023-08-29 15:30:00-04:00,3.2149999141693115,3.2298998832702637,3.200000047683716,3.200000047683716,3132,0.0,0.0
2023-08-30 09:30:00-04:00,3.2499001026153564,3.2499001026153564,3.2200000286102295,3.2200000286102295,3027,0.0,0.0
2023-08-30 10:30:00-04:00,3.25,3.319999933242798,3.240000009536743,3.299999952316284,16323,0.0,0.0
2023-08-30 11:30:00-04:00,3.299999952316284,3.362499952316284,3.2899999618530273,3.3101000785827637,8904,0.0,0.0
2023-08-30 12:30:00-04:00,3.3498001098632812,3.3498001098632812,3.317199945449829,3.325000047683716,2226,0.0,0.0
2023-08-30 13:30:00-04:00,3.313999891281128,3.3299999237060547,3.313999891281128,3.3299999237060547,329,0.0,0.0
2023-08-30 14:30:00-04:00,3.3299999237060547,3.3399999141693115,3.309999942779541,3.3280999660491943,2864,0.0,0.0
2023-08-30 15:30:00-04:00,3.309999942779541,3.319999933242798,3.309999942779541,3.319999933242798,0,0.0,0.0
2023-08-31 09:30:00-04:00,3.380000114440918,3.380000114440918,3.259999990463257,3.309999942779541,7000,0.0,0.0
2023-08-31 10:30:00-04:00,3.309999942779541,3.315000057220459,3.253499984741211,3.253499984741211,2956,0.0,0.0
2023-08-31 11:30:00-04:00,3.2939000129699707,3.2939000129699707,3.180000066757202,3.2300000190734863,5290,0.0,0.0
2023-08-31 12:30:00-04:00,3.190000057220459,3.194999933242798,3.180000066757202,3.190000057220459,1781,0.0,0.0
2023-08-31 13:30:00-04:00,3.2100000381469727,3.218600034713745,3.2100000381469727,3.218600034713745,1179,0.0,0.0
2023-08-31 14:30:00-04:00,3.218100070953369,3.2200000286102295,3.2125000953674316,3.2125000953674316,2700,0.0,0.0
2023-08-31 15:30:00-04:00,3.2200000286102295,3.240000009536743,3.2100000381469727,3.2100000381469727,0,0.0,0.0
2023-09-01 09:30:00-04:00,3.390000104904175,3.608599901199341,3.2699999809265137,3.5250000953674316,58161,0.0,0.0
2023-09-01 10:30:00-04:00,3.5239999294281006,3.5399999618530273,3.4000000953674316,3.4100000858306885,36548,0.0,0.0
2023-09-01 11:30:00-04:00,3.4423000812530518,3.450000047683716,3.309999942779541,3.4100000858306885,9825,0.0,0.0
2023-09-01 12:30:00-04:00,3.440000057220459,3.490000009536743,3.4100000858306885,3.4268999099731445,4745,0.0,0.0
2023-09-01 13:30:00-04:00,3.4800000190734863,3.549999952316284,3.431299924850464,3.506500005722046,15306,0.0,0.0
2023-09-01 14:30:00-04:00,3.436000108718872,3.533900022506714,3.4019999504089355,3.509999990463257,9303,0.0,0.0
2023-09-01 15:30:00-04:00,3.450000047683716,3.490000009536743,3.4000000953674316,3.4000000953674316,13248,0.0,0.0
2023-09-05 09:30:00-04:00,3.759999990463257,4.130000114440918,3.619999885559082,3.9200000762939453,231969,0.0,0.0
2023-09-05 10:30:00-04:00,3.9200000762939453,3.950000047683716,3.759999990463257,3.8647000789642334,47307,0.0,0.0
2023-09-05 11:30:00-04:00,3.859999895095825,3.930000066757202,3.7627999782562256,3.859999895095825,19862,0.0,0.0
2023-09-05 12:30:00-04:00,3.859999895095825,3.8838000297546387,3.819999933242798,3.8350000381469727,29724,0.0,0.0
2023-09-05 13:30:00-04:00,3.8499999046325684,3.8499999046325684,3.759999990463257,3.7750000953674316,15426,0.0,0.0
2023-09-05 14:30:00-04:00,3.7699999809265137,3.940000057220459,3.7699999809265137,3.805000066757202,11388,0.0,0.0
2023-09-05 15:30:00-04:00,3.7899999618530273,3.9100000858306885,3.7799999713897705,3.9000000953674316,27413,0.0,0.0
2023-09-06 09:30:00-04:00,3.7899999618530273,3.887200117111206,3.7100000381469727,3.75,30550,0.0,0.0
2023-09-06 10:30:00-04:00,3.7300000190734863,3.7300000190734863,3.640000104904175,3.640000104904175,13087,0.0,0.0
2023-09-06 11:30:00-04:00,3.6638998985290527,3.700000047683716,3.640000104904175,3.6891000270843506,6284,0.0,0.0
2023-09-06 12:30:00-04:00,3.700000047683716,3.719899892807007,3.6500000953674316,3.6600000858306885,11575,0.0,0.0
2023-09-06 13:30:00-04:00,3.6500000953674316,3.799999952316284,3.6500000953674316,3.7578999996185303,13420,0.0,0.0
2023-09-06 14:30:00-04:00,3.7750000953674316,3.799999952316284,3.700000047683716,3.700000047683716,4131,0.0,0.0
2023-09-06 15:30:00-04:00,3.75,3.799999952316284,3.700000047683716,3.7899999618530273,11081,0.0,0.0
2023-09-07 09:30:00-04:00,3.8499999046325684,3.999799966812134,3.700000047683716,3.7899999618530273,116937,0.0,0.0
2023-09-07 10:30:00-04:00,3.7899999618530273,3.799999952316284,3.700000047683716,3.700000047683716,7544,0.0,0.0
2023-09-07 11:30:00-04:00,3.7214999198913574,3.799999952316284,3.710099935531616,3.799999952316284,2624,0.0,0.0
2023-09-07 12:30:00-04:00,3.7500998973846436,3.799999952316284,3.7300000190734863,3.75,4905,0.0,0.0
2023-09-07 13:30:00-04:00,3.765000104904175,3.765000104904175,3.73009991645813,3.73009991645813,303,0.0,0.0
2023-09-07 14:30:00-04:00,3.7397000789642334,3.765000104904175,3.7360000610351562,3.765000104904175,1753,0.0,0.0
2023-09-07 15:30:00-04:00,3.75,3.799999952316284,3.73009991645813,3.799999952316284,11758,0.0,0.0
2023-09-08 09:30:00-04:00,3.640000104904175,3.880000114440918,3.640000104904175,3.744999885559082,34684,0.0,0.0
2023-09-08 10:30:00-04:00,3.744999885559082,3.819999933242798,3.7300000190734863,3.740000009536743,5823,0.0,0.0
2023-09-08 11:30:00-04:00,3.7300000190734863,3.8399999141693115,3.7300000190734863,3.8399999141693115,6004,0.0,0.0
2023-09-08 12:30:00-04:00,3.792799949645996,3.792799949645996,3.7799999713897705,3.7799999713897705,1049,0.0,0.0
2023-09-08 13:30:00-04:00,3.680000066757202,3.7799999713897705,3.680000066757202,3.680000066757202,1150,0.0,0.0
2023-09-08 14:30:00-04:00,3.819999933242798,3.8299999237060547,3.7899999618530273,3.799999952316284,2831,0.0,0.0
2023-09-08 15:30:00-04:00,3.819999933242798,3.8399999141693115,3.7899999618530273,3.8399999141693115,2396,0.0,0.0
2023-09-11 09:30:00-04:00,3.809999942779541,3.90310001373291,3.700000047683716,3.869999885559082,19402,0.0,0.0
2023-09-11 10:30:00-04:00,3.869999885559082,3.92549991607666,3.8299999237060547,3.9128000736236572,3639,0.0,0.0
2023-09-11 11:30:00-04:00,3.8550000190734863,3.9000000953674316,3.799999952316284,3.8299999237060547,1557,0.0,0.0
2023-09-11 12:30:00-04:00,3.850399971008301,3.9100000858306885,3.850100040435791,3.8949999809265137,3817,0.0,0.0
2023-09-11 13:30:00-04:00,3.9200000762939453,3.940000057220459,3.8499999046325684,3.884999990463257,8814,0.0,0.0
2023-09-11 14:30:00-04:00,3.9000000953674316,3.940000057220459,3.890000104904175,3.890000104904175,3949,0.0,0.0
2023-09-11 15:30:00-04:00,3.930000066757202,4.03000020980835,3.892400026321411,4.03000020980835,32433,0.0,0.0
2023-09-12 09:30:00-04:00,3.9600000381469727,4.038000106811523,3.849400043487549,3.9000000953674316,19166,0.0,0.0
2023-09-12 10:30:00-04:00,3.890000104904175,4.039999961853027,3.890000104904175,4.03000020980835,9805,0.0,0.0
2023-09-12 11:30:00-04:00,4.0,4.119999885559082,3.9700000286102295,4.070000171661377,21419,0.0,0.0
2023-09-12 12:30:00-04:00,4.070000171661377,4.099999904632568,4.0,4.099999904632568,10868,0.0,0.0
2023-09-12 13:30:00-04:00,4.099999904632568,4.099999904632568,3.9600000381469727,4.0,8088,0.0,0.0
2023-09-12 14:30:00-04:00,4.0,4.054999828338623,4.0,4.013700008392334,2450,0.0,0.0
2023-09-12 15:30:00-04:00,4.025000095367432,4.039999961853027,4.0,4.0,0,0.0,0.0
2023-09-13 09:30:00-04:00,3.9600000381469727,3.9600000381469727,3.800100088119507,3.8924999237060547,22315,0.0,0.0
2023-09-13 10:30:00-04:00,3.799999952316284,4.0,3.799999952316284,3.924999952316284,7012,0.0,0.0
2023-09-13 11:30:00-04:00,3.9000000953674316,3.990000009536743,3.8399999141693115,3.9200000762939453,9410,0.0,0.0
2023-09-13 12:30:00-04:00,3.8594000339508057,3.940000057220459,3.8594000339508057,3.9000000953674316,2050,0.0,0.0
2023-09-13 13:30:00-04:00,3.9100000858306885,3.9200000762939453,3.9100000858306885,3.9200000762939453,288,0.0,0.0
2023-09-13 14:30:00-04:00,3.865600109100342,3.940000057220459,3.8589999675750732,3.859999895095825,5345,0.0,0.0
2023-09-13 15:30:00-04:00,3.9000000953674316,3.940000057220459,3.869999885559082,3.9200000762939453,2385,0.0,0.0
2023-09-14 09:30:00-04:00,3.930000066757202,4.039999961853027,3.9000000953674316,4.031099796295166,33741,0.0,0.0
2023-09-14 10:30:00-04:00,4.039899826049805,4.079999923706055,3.940000057220459,3.964200019836426,22884,0.0,0.0
2023-09-14 11:30:00-04:00,3.9291000366210938,4.039999961853027,3.869999885559082,3.880000114440918,12833,0.0,0.0
2023-09-14 12:30:00-04:00,3.890000104904175,3.992500066757202,3.8499999046325684,3.9600000381469727,4232,0.0,0.0
2023-09-14 13:30:00-04:00,3.9600000381469727,3.9700000286102295,3.8499999046325684,3.850100040435791,10255,0.0,0.0
2023-09-14 14:30:00-04:00,3.869999885559082,3.8951001167297363,3.75,3.7500998973846436,17133,0.0,0.0
2023-09-14 15:30:00-04:00,3.7699999809265137,3.9052999019622803,3.75,3.75,19809,0.0,0.0
2023-09-15 09:30:00-04:00,3.819999933242798,3.83489990234375,3.7337000370025635,3.759500026702881,10711,0.0,0.0
2023-09-15 10:30:00-04:00,3.799999952316284,3.8499999046325684,3.7799999713897705,3.7799999713897705,10977,0.0,0.0
2023-09-15 11:30:00-04:00,3.7562999725341797,3.799999952316284,3.740000009536743,3.7699999809265137,2393,0.0,0.0
2023-09-15 12:30:00-04:00,3.740000009536743,3.7799999713897705,3.7300000190734863,3.73009991645813,5509,0.0,0.0
2023-09-15 13:30:00-04:00,3.75,3.7899999618530273,3.7007999420166016,3.7899999618530273,2093,0.0,0.0
2023-09-15 14:30:00-04:00,3.789799928665161,3.7899999618530273,3.7100000381469727,3.7699999809265137,1062,0.0,0.0
2023-09-15 15:30:00-04:00,3.7458999156951904,3.8499999046325684,3.7320001125335693,3.8499999046325684,3055,0.0,0.0
2023-09-18 09:30:00-04:00,3.7799999713897705,3.8499999046325684,3.7060000896453857,3.7274999618530273,21297,0.0,0.0
2023-09-18 10:30:00-04:00,3.7300000190734863,3.8299999237060547,3.7200000286102295,3.740000009536743,8870,0.0,0.0
2023-09-18 11:30:00-04:00,3.774399995803833,3.7799999713897705,3.7000999450683594,3.759999990463257,6543,0.0,0.0
2023-09-18 12:30:00-04:00,3.759999990463257,3.7799999713897705,3.610100030899048,3.630000114440918,18522,0.0,0.0
2023-09-18 13:30:00-04:00,3.7699999809265137,3.7699999809265137,3.6142001152038574,3.726900100708008,3773,0.0,0.0
2023-09-18 14:30:00-04:00,3.7300000190734863,3.740000009536743,3.7200000286102295,3.7300000190734863,2540,0.0,0.0
2023-09-18 15:30:00-04:00,3.6500000953674316,3.7300000190734863,3.5999999046325684,3.5999999046325684,7157,0.0,0.0
2023-09-19 09:30:00-04:00,3.680000066757202,3.7651000022888184,3.631700038909912,3.6401000022888184,13415,0.0,0.0
2023-09-19 10:30:00-04:00,3.630000114440918,3.700000047683716,3.630000114440918,3.640000104904175,8662,0.0,0.0
2023-09-19 11:30:00-04:00,3.674999952316284,3.75,3.6503000259399414,3.700000047683716,12946,0.0,0.0
2023-09-19 12:30:00-04:00,3.6500000953674316,3.6500000953674316,3.3510000705718994,3.380000114440918,22412,0.0,0.0
2023-09-19 13:30:00-04:00,3.5325000286102295,3.5827999114990234,3.436000108718872,3.4800000190734863,5064,0.0,0.0
2023-09-19 14:30:00-04:00,3.505000114440918,3.559999942779541,3.5,3.5190000534057617,8698,0.0,0.0
2023-09-19 15:30:00-04:00,3.5,3.549999952316284,3.5,3.509999990463257,4520,0.0,0.0
2023-09-20 09:30:00-04:00,3.4800000190734863,3.515000104904175,3.4000000953674316,3.5,13914,0.0,0.0
2023-09-20 10:30:00-04:00,3.5399999618530273,3.549999952316284,3.4800000190734863,3.5399999618530273,10405,0.0,0.0
2023-09-20 11:30:00-04:00,3.5810999870300293,3.630000114440918,3.569999933242798,3.5899999141693115,8605,0.0,0.0
2023-09-20 12:30:00-04:00,3.585200071334839,3.6122000217437744,3.5799999237060547,3.5999999046325684,4719,0.0,0.0
2023-09-20 13:30:00-04:00,3.5801000595092773,3.5801000595092773,3.5100998878479004,3.565000057220459,7230,0.0,0.0
2023-09-20 14:30:00-04:00,3.5799999237060547,3.619999885559082,3.5146000385284424,3.5146000385284424,1321,0.0,0.0
2023-09-20 15:30:00-04:00,3.509999990463257,3.559999942779541,3.440000057220459,3.440000057220459,9616,0.0,0.0
2023-09-21 09:30:00-04:00,3.490000009536743,3.569999933242798,3.45740008354187,3.4800000190734863,11871,0.0,0.0
2023-09-21 10:30:00-04:00,3.4800000190734863,3.490000009536743,3.359999895095825,3.4000000953674316,6108,0.0,0.0
2023-09-21 11:30:00-04:00,3.359999895095825,3.424999952316284,3.359999895095825,3.4200000762939453,3348,0.0,0.0
2023-09-21 12:30:00-04:00,3.4200000762939453,3.4800000190734863,3.4100000858306885,3.4149999618530273,2677,0.0,0.0
2023-09-21 13:30:00-04:00,3.4147000312805176,3.4560999870300293,3.302000045776367,3.309999942779541,4291,0.0,0.0
2023-09-21 14:30:00-04:00,3.319000005722046,3.4000000953674316,3.319000005722046,3.3729000091552734,15867,0.0,0.0
2023-09-21 15:30:00-04:00,3.3299999237060547,3.380000114440918,3.2899999618530273,3.2899999618530273,12757,0.0,0.0
2023-09-22 09:30:00-04:00,3.359999895095825,3.51990008354187,3.359999895095825,3.4200000762939453,23253,0.0,0.0
2023-09-22 10:30:00-04:00,3.4486000537872314,3.4486000537872314,3.390000104904175,3.390500068664551,5646,0.0,0.0
2023-09-22 11:30:00-04:00,3.390000104904175,3.390000104904175,3.380000114440918,3.380000114440918,599,0.0,0.0
2023-09-22 13:30:00-04:00,3.369999885559082,3.369999885559082,3.2799999713897705,3.369999885559082,4867,0.0,0.0
2023-09-22 14:30:00-04:00,3.3515000343322754,3.359999895095825,3.315000057220459,3.315000057220459,1029,0.0,0.0
2023-09-22 15:30:00-04:00,3.309999942779541,3.309999942779541,3.259999990463257,3.2799999713897705,4716,0.0,0.0
2023-09-25 09:30:00-04:00,3.2799999713897705,3.369999885559082,3.259999990463257,3.3499999046325684,3041,0.0,0.0
2023-09-25 10:30:00-04:00,3.31820011138916,3.3399999141693115,3.2899999618530273,3.2899999618530273,1340,0.0,0.0
2023-09-25 11:30:00-04:00,3.4100000858306885,3.4790000915527344,3.390000104904175,3.390000104904175,2106,0.0,0.0
2023-09-25 12:30:00-04:00,3.319999933242798,3.319999933242798,3.319999933242798,3.319999933242798,162,0.0,0.0
2023-09-25 13:30:00-04:00,3.384999990463257,3.384999990463257,3.299999952316284,3.361999988555908,1864,0.0,0.0
2023-09-25 14:30:00-04:00,3.380000114440918,3.434999942779541,3.359999895095825,3.434999942779541,3310,0.0,0.0
2023-09-25 15:30:00-04:00,3.440000057220459,3.440000057220459,3.380000114440918,3.380000114440918,1140,0.0,0.0
2023-09-26 09:30:00-04:00,3.4100000858306885,3.490000009536743,3.359999895095825,3.440000057220459,4289,0.0,0.0
2023-09-26 10:30:00-04:00,3.440000057220459,3.490000009536743,3.4300999641418457,3.4600000381469727,4941,0.0,0.0
2023-09-26 11:30:00-04:00,3.490000009536743,3.490000009536743,3.4300999641418457,3.4800000190734863,2834,0.0,0.0
2023-09-26 12:30:00-04:00,3.4800000190734863,3.5199999809265137,3.4800000190734863,3.515000104904175,3248,0.0,0.0
2023-09-26 13:30:00-04:00,3.509999990463257,3.509999990463257,3.450000047683716,3.505000114440918,1178,0.0,0.0
2023-09-26 14:30:00-04:00,3.444200038909912,3.450000047683716,3.4124999046325684,3.4124999046325684,1169,0.0,0.0
2023-09-26 15:30:00-04:00,3.450000047683716,3.4700000286102295,3.4100000858306885,3.430000066757202,0,0.0,0.0
2023-09-27 09:30:00-04:00,3.5299999713897705,3.602400064468384,3.4521000385284424,3.494999885559082,11164,0.0,0.0
2023-09-27 10:30:00-04:00,3.5299999713897705,3.9000000953674316,3.4988999366760254,3.819999933242798,66080,0.0,0.0
2023-09-27 11:30:00-04:00,3.815000057220459,4.099999904632568,3.7799999713897705,3.9000000953674316,222971,0.0,0.0
2023-09-27 12:30:00-04:00,3.9000000953674316,3.9000000953674316,3.5999999046325684,3.7799999713897705,76439,0.0,0.0
2023-09-27 13:30:00-04:00,3.7100000381469727,3.7799999713897705,3.6500000953674316,3.7799999713897705,23088,0.0,0.0
2023-09-27 14:30:00-04:00,3.7799999713897705,3.799999952316284,3.6500000953674316,3.789900064468384,14791,0.0,0.0
2023-09-27 15:30:00-04:00,3.7799999713897705,3.9000000953674316,3.7701001167297363,3.869999885559082,9942,0.0,0.0
2023-09-28 09:30:00-04:00,3.930000066757202,4.019899845123291,3.7218000888824463,3.7218000888824463,42922,0.0,0.0
2023-09-28 10:30:00-04:00,3.7699999809265137,3.8949999809265137,3.7302000522613525,3.799999952316284,7185,0.0,0.0
2023-09-28 11:30:00-04:00,3.7899999618530273,3.819999933242798,3.609999895095825,3.6549999713897705,18161,0.0,0.0
2023-09-28 12:30:00-04:00,3.6700000762939453,3.7999000549316406,3.66129994392395,3.671999931335449,4515,0.0,0.0
2023-09-28 13:30:00-04:00,3.6700000762939453,3.76990008354187,3.6600000858306885,3.6600000858306885,2186,0.0,0.0
2023-09-28 14:30:00-04:00,3.6600000858306885,3.700000047683716,3.658799886703491,3.680299997329712,7914,0.0,0.0
2023-09-28 15:30:00-04:00,3.700000047683716,3.700000047683716,3.6500000953674316,3.6500000953674316,3662,0.0,0.0
2023-09-29 09:30:00-04:00,3.7100000381469727,3.7950000762939453,3.6600000858306885,3.7200000286102295,21711,0.0,0.0
2023-09-29 10:30:00-04:00,3.755000114440918,3.755000114440918,3.701900005340576,3.701900005340576,3002,0.0,0.0
2023-09-29 11:30:00-04:00,3.75,3.815000057220459,3.7300000190734863,3.7799999713897705,11049,0.0,0.0
2023-09-29 12:30:00-04:00,3.819999933242798,3.8299999237060547,3.731800079345703,3.799999952316284,4669,0.0,0.0
2023-09-29 13:30:00-04:00,3.7990000247955322,3.7990000247955322,3.700000047683716,3.7899999618530273,2188,0.0,0.0
2023-09-29 14:30:00-04:00,3.700000047683716,3.7699999809265137,3.700000047683716,3.734999895095825,2423,0.0,0.0
2023-09-29 15:30:00-04:00,3.704200029373169,3.7149999141693115,3.6600000858306885,3.700000047683716,4478,0.0,0.0
2023-10-02 09:30:00-04:00,3.700000047683716,3.7750000953674316,3.48009991645813,3.5011000633239746,19075,0.0,0.0
2023-10-02 10:30:00-04:00,3.549999952316284,3.694999933242798,3.5399999618530273,3.5950000286102295,6510,0.0,0.0
2023-10-02 11:30:00-04:00,3.5999999046325684,3.5999999046325684,3.555000066757202,3.559999942779541,4257,0.0,0.0
2023-10-02 12:30:00-04:00,3.5799999237060547,3.5799999237060547,3.501300096511841,3.5253000259399414,5359,0.0,0.0
2023-10-02 13:30:00-04:00,3.549999952316284,3.549999952316284,3.5,3.5,2127,0.0,0.0
2023-10-02 14:30:00-04:00,3.500200033187866,3.5399999618530273,3.450000047683716,3.5299999713897705,4431,0.0,0.0
2023-10-02 15:30:00-04:00,3.5399999618530273,3.5399999618530273,3.5,3.5,0,0.0,0.0
2023-10-03 09:30:00-04:00,3.509999990463257,3.640000104904175,3.450000047683716,3.450000047683716,7022,0.0,0.0
2023-10-03 10:30:00-04:00,3.4319000244140625,3.450000047683716,3.401599884033203,3.450000047683716,1760,0.0,0.0
2023-10-03 11:30:00-04:00,3.440000057220459,3.549999952316284,3.440000057220459,3.549999952316284,9397,0.0,0.0
2023-10-03 12:30:00-04:00,3.505000114440918,3.575000047683716,3.450000047683716,3.450000047683716,6383,0.0,0.0
2023-10-03 13:30:00-04:00,3.5950000286102295,3.5950000286102295,3.559999942779541,3.559999942779541,365,0.0,0.0
2023-10-03 14:30:00-04:00,3.5399999618530273,3.5399999618530273,3.440000057220459,3.5399999618530273,2477,0.0,0.0
2023-10-03 15:30:00-04:00,3.5299999713897705,3.5299999713897705,3.4200000762939453,3.4200000762939453,0,0.0,0.0
2023-10-04 09:30:00-04:00,3.4749999046325684,3.5399999618530273,3.450000047683716,3.4800000190734863,5307,0.0,0.0
2023-10-04 10:30:00-04:00,3.4000000953674316,3.505000114440918,3.359999895095825,3.4000000953674316,4864,0.0,0.0
2023-10-04 11:30:00-04:00,3.4000000953674316,3.4049999713897705,3.380000114440918,3.4019999504089355,4135,0.0,0.0
2023-10-04 12:30:00-04:00,3.4000000953674316,3.505000114440918,3.390000104904175,3.505000114440918,1589,0.0,0.0
2023-10-04 13:30:00-04:00,3.5,3.5,3.433199882507324,3.433199882507324,1020,0.0,0.0
2023-10-04 14:30:00-04:00,3.4100000858306885,3.440000057220459,3.390000104904175,3.390000104904175,2856,0.0,0.0
2023-10-04 15:30:00-04:00,3.440000057220459,3.5,3.4000000953674316,3.4000000953674316,0,0.0,0.0
2023-10-05 09:30:00-04:00,3.450000047683716,3.492300033569336,3.369999885559082,3.369999885559082,4017,0.0,0.0
2023-10-05 10:30:00-04:00,3.5264999866485596,3.5264999866485596,3.369999885559082,3.440000057220459,2403,0.0,0.0
2023-10-05 11:30:00-04:00,3.4049999713897705,3.4049999713897705,3.4000000953674316,3.4000000953674316,211,0.0,0.0
2023-10-05 12:30:00-04:00,3.4000000953674316,3.4000000953674316,3.369999885559082,3.369999885559082,1828,0.0,0.0
2023-10-05 13:30:00-04:00,3.399899959564209,3.4000000953674316,3.399899959564209,3.4000000953674316,307,0.0,0.0
2023-10-05 14:30:00-04:00,3.4000000953674316,3.440000057220459,3.4000000953674316,3.440000057220459,661,0.0,0.0
2023-10-05 15:30:00-04:00,3.4231998920440674,3.4231998920440674,3.390000104904175,3.390000104904175,0,0.0,0.0
2023-10-06 10:30:00-04:00,3.390000104904175,3.5058999061584473,3.390000104904175,3.450000047683716,1816,0.0,0.0
2023-10-06 11:30:00-04:00,3.440000057220459,3.515000104904175,3.440000057220459,3.4700000286102295,699,0.0,0.0
2023-10-06 12:30:00-04:00,3.440000057220459,3.4700000286102295,3.4000000953674316,3.4700000286102295,559,0.0,0.0
2023-10-06 13:30:00-04:00,3.4251999855041504,3.428999900817871,3.4251999855041504,3.428999900817871,992,0.0,0.0
2023-10-06 14:30:00-04:00,3.424999952316284,3.424999952316284,3.390000104904175,3.4100000858306885,4467,0.0,0.0
2023-10-06 15:30:00-04:00,3.3499999046325684,3.408600091934204,3.3499999046325684,3.3499999046325684,2747,0.0,0.0
2023-10-09 09:30:00-04:00,3.759999990463257,4.269999980926514,3.609999895095825,3.8499999046325684,1780057,0.0,0.0
2023-10-09 10:30:00-04:00,3.8499999046325684,4.090000152587891,3.809999942779541,3.930000066757202,326921,0.0,0.0
2023-10-09 11:30:00-04:00,3.990000009536743,4.21999979019165,3.9509999752044678,4.117599964141846,408434,0.0,0.0
2023-10-09 12:30:00-04:00,4.103300094604492,4.219900131225586,3.9976000785827637,4.059999942779541,320698,0.0,0.0
2023-10-09 13:30:00-04:00,4.039999961853027,4.090000152587891,3.9000000953674316,3.990000009536743,68734,0.0,0.0
2023-10-09 14:30:00-04:00,3.984999895095825,4.090000152587891,3.943000078201294,4.059999942779541,72054,0.0,0.0
2023-10-09 15:30:00-04:00,4.059899806976318,4.150000095367432,4.019999980926514,4.105000019073486,102794,0.0,0.0
2023-10-10 09:30:00-04:00,3.7300000190734863,4.130000114440918,3.7300000190734863,4.0192999839782715,209835,0.0,0.0
2023-10-10 10:30:00-04:00,3.9800000190734863,4.150000095367432,3.940000057220459,4.059999942779541,58764,0.0,0.0
2023-10-10 11:30:00-04:00,4.059899806976318,4.190000057220459,4.050000190734863,4.190000057220459,31428,0.0,0.0
2023-10-10 12:30:00-04:00,4.16349983215332,4.179999828338623,4.010000228881836,4.0578999519348145,30675,0.0,0.0
2023-10-10 13:30:00-04:00,4.050000190734863,4.09499979019165,3.990000009536743,4.0,46535,0.0,0.0
2023-10-10 14:30:00-04:00,4.0,4.019899845123291,3.8299999237060547,3.8698999881744385,35509,0.0,0.0
2023-10-10 15:30:00-04:00,3.865999937057495,3.869999885559082,3.7699999809265137,3.7699999809265137,41346,0.0,0.0
2023-10-11 09:30:00-04:00,3.7899999618530273,3.841200113296509,3.4000000953674316,3.569999933242798,145434,0.0,0.0
2023-10-11 10:30:00-04:00,3.601099967956543,3.700000047683716,3.509999990463257,3.523900032043457,39400,0.0,0.0
2023-10-11 11:30:00-04:00,3.5100998878479004,3.5999999046325684,3.5100998878479004,3.5999999046325684,36279,0.0,0.0
2023-10-11 12:30:00-04:00,3.579400062561035,3.625,3.4000000953674316,3.430000066757202,150191,0.0,0.0
2023-10-11 13:30:00-04:00,3.469099998474121,3.5,3.400099992752075,3.4611001014709473,59644,0.0,0.0
2023-10-11 14:30:00-04:00,3.4600000381469727,3.6171000003814697,3.4600000381469727,3.5999999046325684,51383,0.0,0.0
2023-10-11 15:30:00-04:00,3.565200090408325,3.664299964904785,3.5,3.5,20011,0.0,0.0
2023-10-12 09:30:00-04:00,3.609999895095825,3.617500066757202,3.450000047683716,3.4816999435424805,78794,0.0,0.0
2023-10-12 10:30:00-04:00,3.4700000286102295,3.5199999809265137,3.4600000381469727,3.4686999320983887,20051,0.0,0.0
2023-10-12 11:30:00-04:00,3.4700000286102295,3.477299928665161,3.4100000858306885,3.440000057220459,5670,0.0,0.0
2023-10-12 12:30:00-04:00,3.420099973678589,3.4700000286102295,3.4000000953674316,3.4142000675201416,19247,0.0,0.0
2023-10-12 13:30:00-04:00,3.4200000762939453,3.426100015640259,3.4000000953674316,3.4100000858306885,13248,0.0,0.0
2023-10-12 14:30:00-04:00,3.4000000953674316,3.4800000190734863,3.4000000953674316,3.444999933242798,13807,0.0,0.0
2023-10-12 15:30:00-04:00,3.4230000972747803,3.4600000381469727,3.4000000953674316,3.4100000858306885,10341,0.0,0.0
2023-10-13 09:30:00-04:00,3.4700000286102295,3.6600000858306885,3.4700000286102295,3.5999999046325684,77414,0.0,0.0
2023-10-13 10:30:00-04:00,3.599900007247925,3.619999885559082,3.490000009536743,3.6198999881744385,28623,0.0,0.0
2023-10-13 11:30:00-04:00,3.607800006866455,3.7994000911712646,3.5903000831604004,3.7170000076293945,76244,0.0,0.0
2023-10-13 12:30:00-04:00,3.7344000339508057,3.7899999618530273,3.628999948501587,3.7834999561309814,57533,0.0,0.0
2023-10-13 13:30:00-04:00,3.7802000045776367,3.9200000762939453,3.7300000190734863,3.9200000762939453,53989,0.0,0.0
2023-10-13 14:30:00-04:00,3.9200000762939453,3.9200000762939453,3.809999942779541,3.859999895095825,29051,0.0,0.0
2023-10-13 15:30:00-04:00,3.869999885559082,3.9600000381469727,3.859999895095825,3.9200000762939453,58052,0.0,0.0
2023-10-16 09:30:00-04:00,3.9100000858306885,3.970900058746338,3.6700000762939453,3.8499999046325684,122109,0.0,0.0
2023-10-16 10:30:00-04:00,3.869999885559082,3.949899911880493,3.7600998878479004,3.880000114440918,35578,0.0,0.0
2023-10-16 11:30:00-04:00,3.940000057220459,3.9899001121520996,3.9100000858306885,3.9700000286102295,11140,0.0,0.0
2023-10-16 12:30:00-04:00,3.990000009536743,3.990000009536743,3.890199899673462,3.894399881362915,7631,0.0,0.0
2023-10-16 13:30:00-04:00,3.927999973297119,3.9667000770568848,3.8499999046325684,3.8499999046325684,15879,0.0,0.0
2023-10-16 14:30:00-04:00,3.8499999046325684,3.890000104904175,3.8299999237060547,3.8399999141693115,12269,0.0,0.0
2023-10-16 15:30:00-04:00,3.8399999141693115,3.9790000915527344,3.819999933242798,3.9700000286102295,22883,0.0,0.0
2023-10-17 09:30:00-04:00,3.8399999141693115,4.029900074005127,3.8399999141693115,3.910099983215332,53148,0.0,0.0
2023-10-17 10:30:00-04:00,3.9735000133514404,3.9735000133514404,3.780100107192993,3.9309000968933105,33633,0.0,0.0
2023-10-17 11:30:00-04:00,3.884999990463257,3.884999990463257,3.759999990463257,3.8299999237060547,21999,0.0,0.0
2023-10-17 12:30:00-04:00,3.8399999141693115,3.890000104904175,3.8299999237060547,3.8499999046325684,5341,0.0,0.0
2023-10-17 13:30:00-04:00,3.8499999046325684,3.9000000953674316,3.8399999141693115,3.9000000953674316,9769,0.0,0.0
2023-10-17 14:30:00-04:00,3.930000066757202,3.9700000286102295,3.900099992752075,3.950000047683716,18327,0.0,0.0
2023-10-17 15:30:00-04:00,3.950000047683716,3.950000047683716,3.9200000762939453,3.930000066757202,8593,0.0,0.0
2023-10-18 09:30:00-04:00,3.9800000190734863,4.3094000816345215,3.9800000190734863,4.289999961853027,247626,0.0,0.0
2023-10-18 10:30:00-04:00,4.288899898529053,4.380000114440918,4.150000095367432,4.239999771118164,362616,0.0,0.0
2023-10-18 11:30:00-04:00,4.200099945068359,4.2683000564575195,4.130000114440918,4.162399768829346,41989,0.0,0.0
2023-10-18 12:30:00-04:00,4.159999847412109,4.289999961853027,4.159999847412109,4.283999919891357,69630,0.0,0.0
2023-10-18 13:30:00-04:00,4.28000020980835,4.300000190734863,4.139999866485596,4.220099925994873,66120,0.0,0.0
2023-10-18 14:30:00-04:00,4.186500072479248,4.195000171661377,3.9000000953674316,4.059999942779541,136801,0.0,0.0
2023-10-18 15:30:00-04:00,4.034999847412109,4.079999923706055,3.9200000762939453,3.990000009536743,19608,0.0,0.0
2023-10-19 09:30:00-04:00,4.0,4.05049991607666,3.860100030899048,3.990000009536743,57081,0.0,0.0
2023-10-19 10:30:00-04:00,3.9700000286102295,3.9800000190734863,3.9000000953674316,3.9700000286102295,10797,0.0,0.0
2023-10-19 11:30:00-04:00,3.95740008354187,4.070000171661377,3.913800001144409,4.039999961853027,6924,0.0,0.0
2023-10-19 12:30:00-04:00,3.9800000190734863,4.015900135040283,3.9200000762939453,4.015900135040283,13263,0.0,0.0
2023-10-19 13:30:00-04:00,4.019999980926514,4.039999961853027,3.9000000953674316,3.9489998817443848,32178,0.0,0.0
2023-10-19 14:30:00-04:00,3.924099922180176,4.269999980926514,3.9000000953674316,4.03000020980835,64388,0.0,0.0
2023-10-19 15:30:00-04:00,4.020999908447266,4.139999866485596,4.0,4.119999885559082,0,0.0,0.0
2023-10-20 09:30:00-04:00,4.050000190734863,4.190000057220459,3.9200000762939453,3.960099935531616,58242,0.0,0.0
2023-10-20 10:30:00-04:00,3.9600000381469727,4.055500030517578,3.890000104904175,3.908600091934204,33684,0.0,0.0
2023-10-20 11:30:00-04:00,3.940000057220459,4.0,3.940000057220459,4.0,20289,0.0,0.0
2023-10-20 12:30:00-04:00,3.984999895095825,3.999500036239624,3.9000000953674316,3.930000066757202,19285,0.0,0.0
2023-10-20 13:30:00-04:00,3.950000047683716,3.950000047683716,3.759999990463257,3.8545000553131104,34485,0.0,0.0
2023-10-20 14:30:00-04:00,3.8450000286102295,3.88100004196167,3.8399999141693115,3.8399999141693115,16597,0.0,0.0
2023-10-20 15:30:00-04:00,3.869999885559082,3.869999885559082,3.7699999809265137,3.839900016784668,19792,0.0,0.0
2023-10-23 09:30:00-04:00,3.740000009536743,3.8160998821258545,3.5799999237060547,3.680000066757202,74931,0.0,0.0
2023-10-23 10:30:00-04:00,3.6677000522613525,3.7699999809265137,3.640000104904175,3.7599000930786133,14069,0.0,0.0
2023-10-23 11:30:00-04:00,3.7200000286102295,3.75,3.619999885559082,3.7070999145507812,15036,0.0,0.0
2023-10-23 12:30:00-04:00,3.674999952316284,3.700000047683716,3.6500000953674316,3.690000057220459,6426,0.0,0.0
2023-10-23 13:30:00-04:00,3.682499885559082,3.693700075149536,3.6500000953674316,3.693700075149536,7658,0.0,0.0
2023-10-23 14:30:00-04:00,3.6500000953674316,3.700000047683716,3.6500000953674316,3.674999952316284,2524,0.0,0.0
2023-10-23 15:30:00-04:00,3.650099992752075,3.6798999309539795,3.609999895095825,3.609999895095825,0,0.0,0.0
2023-10-24 09:30:00-04:00,3.5799999237060547,3.7100000381469727,3.549999952316284,3.7100000381469727,19759,0.0,0.0
2023-10-24 10:30:00-04:00,3.6700000762939453,3.7200000286102295,3.6500000953674316,3.6902999877929688,8140,0.0,0.0
2023-10-24 11:30:00-04:00,3.6500000953674316,3.700000047683716,3.6500000953674316,3.699899911880493,2689,0.0,0.0
2023-10-24 12:30:00-04:00,3.700000047683716,3.700000047683716,3.640000104904175,3.6500000953674316,4435,0.0,0.0
2023-10-24 13:30:00-04:00,3.674999952316284,3.7200000286102295,3.6510000228881836,3.7200000286102295,10334,0.0,0.0
2023-10-24 14:30:00-04:00,3.619999885559082,3.75,3.619999885559082,3.7100000381469727,5905,0.0,0.0
2023-10-24 15:30:00-04:00,3.7100000381469727,3.75,3.690000057220459,3.7300000190734863,0,0.0,0.0
2023-10-25 09:30:00-04:00,3.661900043487549,3.6700000762939453,3.559999942779541,3.619999885559082,15714,0.0,0.0
2023-10-25 10:30:00-04:00,3.5999999046325684,3.6700000762939453,3.549999952316284,3.5899999141693115,12635,0.0,0.0
2023-10-25 11:30:00-04:00,3.615600109100342,3.680000066757202,3.609999895095825,3.680000066757202,11889,0.0,0.0
2023-10-25 12:30:00-04:00,3.680000066757202,3.700000047683716,3.5999999046325684,3.6600000858306885,24182,0.0,0.0
2023-10-25 13:30:00-04:00,3.619999885559082,3.698699951171875,3.5999999046325684,3.6700000762939453,28496,0.0,0.0
2023-10-25 14:30:00-04:00,3.6747000217437744,3.690000057220459,3.619999885559082,3.6470999717712402,18421,0.0,0.0
2023-10-25 15:30:00-04:00,3.6600000858306885,3.6600000858306885,3.5999999046325684,3.619999885559082,0,0.0,0.0
2023-10-26 09:30:00-04:00,3.549999952316284,3.6189000606536865,3.5199999809265137,3.579900026321411,17224,0.0,0.0
2023-10-26 10:30:00-04:00,3.630000114440918,3.740000009536743,3.6201000213623047,3.6700000762939453,12135,0.0,0.0
2023-10-26 11:30:00-04:00,3.6600000858306885,3.6600000858306885,3.6600000858306885,3.6600000858306885,424,0.0,0.0
2023-10-26 12:30:00-04:00,3.6530001163482666,3.6530001163482666,3.6530001163482666,3.6530001163482666,179,0.0,0.0
2023-10-26 13:30:00-04:00,3.619999885559082,3.700000047683716,3.5799999237060547,3.700000047683716,12965,0.0,0.0
2023-10-26 14:30:00-04:00,3.6898999214172363,3.700000047683716,3.6301000118255615,3.6600000858306885,4645,0.0,0.0
2023-10-26 15:30:00-04:00,3.674499988555908,3.700000047683716,3.619999885559082,3.680000066757202,0,0.0,0.0
2023-10-27 09:30:00-04:00,3.75,3.75,3.559999942779541,3.5950000286102295,18779,0.0,0.0
2023-10-27 10:30:00-04:00,3.5601000785827637,3.640000104904175,3.549999952316284,3.549999952316284,9290,0.0,0.0
2023-10-27 11:30:00-04:00,3.599900007247925,3.690000057220459,3.569999933242798,3.617300033569336,9722,0.0,0.0
2023-10-27 12:30:00-04:00,3.619999885559082,3.680000066757202,3.619999885559082,3.674999952316284,3139,0.0,0.0
2023-10-27 13:30:00-04:00,3.6798999309539795,3.799999952316284,3.609999895095825,3.7899999618530273,47040,0.0,0.0
2023-10-27 14:30:00-04:00,3.7629001140594482,3.789099931716919,3.7000999450683594,3.7200000286102295,12114,0.0,0.0
2023-10-27 15:30:00-04:00,3.7149999141693115,3.7699999809265137,3.710099935531616,3.7699999809265137,12852,0.0,0.0
2023-10-30 09:30:00-04:00,3.7300000190734863,3.7799999713897705,3.630000114440918,3.6677000522613525,13474,0.0,0.0
2023-10-30 10:30:00-04:00,3.6649999618530273,3.700000047683716,3.631500005722046,3.6500000953674316,11247,0.0,0.0
2023-10-30 11:30:00-04:00,3.6600000858306885,3.6600000858306885,3.619999885559082,3.619999885559082,7959,0.0,0.0
2023-10-30 12:30:00-04:00,3.690000057220459,3.690000057220459,3.6217000484466553,3.640000104904175,4583,0.0,0.0
2023-10-30 13:30:00-04:00,3.620500087738037,3.6600000858306885,3.619999885559082,3.6600000858306885,3848,0.0,0.0
2023-10-30 14:30:00-04:00,3.630000114440918,3.630000114440918,3.619999885559082,3.621000051498413,1674,0.0,0.0
2023-10-30 15:30:00-04:00,3.674999952316284,3.674999952316284,3.619999885559082,3.6301000118255615,0,0.0,0.0
2023-10-31 09:30:00-04:00,3.6600000858306885,3.7383999824523926,3.5999999046325684,3.6600000858306885,8549,0.0,0.0
2023-10-31 10:30:00-04:00,3.6201000213623047,3.66729998588562,3.559999942779541,3.5999999046325684,5754,0.0,0.0
2023-10-31 11:30:00-04:00,3.6377999782562256,3.6377999782562256,3.559999942779541,3.580699920654297,1582,0.0,0.0
2023-10-31 12:30:00-04:00,3.630000114440918,3.630000114440918,3.569999933242798,3.569999933242798,4001,0.0,0.0
2023-10-31 13:30:00-04:00,3.6036999225616455,3.630000114440918,3.6036999225616455,3.619999885559082,1029,0.0,0.0
2023-10-31 14:30:00-04:00,3.630000114440918,3.630000114440918,3.619999885559082,3.630000114440918,1131,0.0,0.0
2023-10-31 15:30:00-04:00,3.630000114440918,3.630000114440918,3.619999885559082,3.630000114440918,0,0.0,0.0
2023-11-01 09:30:00-04:00,3.5999999046325684,3.710099935531616,3.5999999046325684,3.640000104904175,11277,0.0,0.0
2023-11-01 10:30:00-04:00,3.619999885559082,3.619999885559082,3.5799999237060547,3.5799999237060547,2052,0.0,0.0
2023-11-01 11:30:00-04:00,3.569999933242798,3.5999999046325684,3.5415000915527344,3.569200038909912,12402,0.0,0.0
2023-11-01 12:30:00-04:00,3.555000066757202,3.5899999141693115,3.5199999809265137,3.5899999141693115,7036,0.0,0.0
2023-11-01 13:30:00-04:00,3.5713000297546387,3.5713000297546387,3.4519999027252197,3.5199999809265137,19036,0.0,0.0
2023-11-01 14:30:00-04:00,3.509999990463257,3.549999952316284,3.46560001373291,3.549999952316284,17423,0.0,0.0
2023-11-01 15:30:00-04:00,3.5,3.5,3.450000047683716,3.450000047683716,2874,0.0,0.0
2023-11-02 09:30:00-04:00,3.5,3.549999952316284,3.450000047683716,3.4667999744415283,15480,0.0,0.0
2023-11-02 10:30:00-04:00,3.490000009536743,3.5216000080108643,3.490000009536743,3.5,3967,0.0,0.0
2023-11-02 11:30:00-04:00,3.5,3.5299999713897705,3.450000047683716,3.5,18848,0.0,0.0
2023-11-02 12:30:00-04:00,3.513700008392334,3.539900064468384,3.490000009536743,3.490000009536743,5437,0.0,0.0
2023-11-02 13:30:00-04:00,3.55649995803833,3.55649995803833,3.470099925994873,3.5,8264,0.0,0.0
2023-11-02 14:30:00-04:00,3.490000009536743,3.5499000549316406,3.484999895095825,3.5399999618530273,6221,0.0,0.0
2023-11-02 15:30:00-04:00,3.5399999618530273,3.5999999046325684,3.5399999618530273,3.5899999141693115,0,0.0,0.0
2023-11-03 09:30:00-04:00,3.630000114440918,3.6449999809265137,3.549999952316284,3.549999952316284,7561,0.0,0.0
2023-11-03 10:30:00-04:00,3.549999952316284,3.619999885559082,3.5,3.5299999713897705,25869,0.0,0.0
2023-11-03 11:30:00-04:00,3.5350000858306885,3.5894999504089355,3.48009991645813,3.48009991645813,2440,0.0,0.0
2023-11-03 12:30:00-04:00,3.515500068664551,3.5999999046325684,3.515500068664551,3.5162999629974365,626,0.0,0.0
2023-11-03 13:30:00-04:00,3.5350000858306885,3.6500000953674316,3.5299999713897705,3.559999942779541,16962,0.0,0.0
2023-11-03 14:30:00-04:00,3.595599889755249,3.630000114440918,3.509999990463257,3.630000114440918,4997,0.0,0.0
2023-11-03 15:30:00-04:00,3.550100088119507,3.630000114440918,3.550100088119507,3.630000114440918,4791,0.0,0.0
2023-11-06 09:30:00-05:00,3.559999942779541,3.5799999237060547,3.5,3.572999954223633,28558,0.0,0.0
2023-11-06 10:30:00-05:00,3.5199999809265137,3.5999999046325684,3.4700000286102295,3.5573999881744385,23833,0.0,0.0
2023-11-06 11:30:00-05:00,3.509999990463257,3.549999952316284,3.490000009536743,3.5,23966,0.0,0.0
2023-11-06 12:30:00-05:00,3.5,3.5399999618530273,3.490000009536743,3.490000009536743,6527,0.0,0.0
2023-11-06 13:30:00-05:00,3.539900064468384,3.539900064468384,3.4265999794006348,3.5,41738,0.0,0.0
2023-11-06 14:30:00-05:00,3.5028998851776123,3.5028998851776123,3.4749999046325684,3.5,5056,0.0,0.0
2023-11-06 15:30:00-05:00,3.495300054550171,3.5,3.450000047683716,3.450000047683716,6190,0.0,0.0
2023-11-07 09:30:00-05:00,3.430000066757202,3.4899001121520996,3.3499999046325684,3.390000104904175,32087,0.0,0.0
2023-11-07 10:30:00-05:00,3.4899001121520996,3.4899001121520996,3.359999895095825,3.365000009536743,3635,0.0,0.0
2023-11-07 11:30:00-05:00,3.359999895095825,3.450000047683716,3.3499999046325684,3.390000104904175,9407,0.0,0.0
2023-11-07 12:30:00-05:00,3.3499999046325684,3.3499999046325684,3.299999952316284,3.315000057220459,8293,0.0,0.0
2023-11-07 13:30:00-05:00,3.3201000690460205,3.390000104904175,3.309999942779541,3.344899892807007,27695,0.0,0.0
2023-11-07 14:30:00-05:00,3.369999885559082,3.4000000953674316,3.359999895095825,3.4000000953674316,2376,0.0,0.0
2023-11-07 15:30:00-05:00,3.4049999713897705,3.4100000858306885,3.319999933242798,3.3499999046325684,7857,0.0,0.0
2023-11-08 09:30:00-05:00,3.319999933242798,3.3759000301361084,3.259999990463257,3.259999990463257,14053,0.0,0.0
2023-11-08 10:30:00-05:00,3.259999990463257,3.2892000675201416,3.233299970626831,3.25,13729,0.0,0.0
2023-11-08 11:30:00-05:00,3.2506000995635986,3.28439998626709,3.2200000286102295,3.2200000286102295,7408,0.0,0.0
2023-11-08 12:30:00-05:00,3.2200000286102295,3.25,3.180000066757202,3.25,19784,0.0,0.0
2023-11-08 13:30:00-05:00,3.2499001026153564,3.2499001026153564,3.1858999729156494,3.2295000553131104,2713,0.0,0.0
2023-11-08 14:30:00-05:00,3.190000057220459,3.2269999980926514,3.105600118637085,3.130000114440918,22403,0.0,0.0
2023-11-08 15:30:00-05:00,3.1649999618530273,3.211899995803833,3.1500000953674316,3.1500000953674316,1612,0.0,0.0
2023-11-09 09:30:00-05:00,3.2200000286102295,3.248800039291382,3.1600000858306885,3.240000009536743,7888,0.0,0.0
2023-11-09 10:30:00-05:00,3.184999942779541,3.240000009536743,3.1600000858306885,3.2170000076293945,11577,0.0,0.0
2023-11-09 11:30:00-05:00,3.2200000286102295,3.240000009536743,3.198899984359741,3.2249999046325684,5491,0.0,0.0
2023-11-09 12:30:00-05:00,3.240000009536743,3.3399999141693115,3.174999952316284,3.2100000381469727,18169,0.0,0.0
2023-11-09 13:30:00-05:00,3.319999933242798,3.3399999141693115,3.156100034713745,3.299999952316284,7392,0.0,0.0
2023-11-09 14:30:00-05:00,3.265000104904175,3.2750000953674316,3.2200000286102295,3.25,1712,0.0,0.0
2023-11-09 15:30:00-05:00,3.2100000381469727,3.2100000381469727,3.1700000762939453,3.199899911880493,0,0.0,0.0
2023-11-10 09:30:00-05:00,3.2300000190734863,3.319999933242798,3.2000999450683594,3.25,11344,0.0,0.0
2023-11-10 10:30:00-05:00,3.2300000190734863,3.259999990463257,3.200000047683716,3.259999990463257,5504,0.0,0.0
2023-11-10 11:30:00-05:00,3.200000047683716,3.25,3.200000047683716,3.240000009536743,1137,0.0,0.0
2023-11-10 12:30:00-05:00,3.240000009536743,3.299999952316284,3.240000009536743,3.299999952316284,2709,0.0,0.0
2023-11-10 13:30:00-05:00,3.25,3.319999933242798,3.25,3.259999990463257,598,0.0,0.0
2023-11-10 14:30:00-05:00,3.2200000286102295,3.2462000846862793,3.200000047683716,3.210099935531616,6067,0.0,0.0
2023-11-10 15:30:00-05:00,3.240000009536743,3.240000009536743,3.190000057220459,3.190000057220459,2874,0.0,0.0
2023-11-13 09:30:00-05:00,3.190000057220459,3.190000057220459,3.0999999046325684,3.1449999809265137,6539,0.0,0.0
2023-11-13 10:30:00-05:00,3.190000057220459,3.190000057220459,3.0999999046325684,3.1389000415802,5469,0.0,0.0
2023-11-13 11:30:00-05:00,3.1898999214172363,3.297300100326538,3.180000066757202,3.180000066757202,12137,0.0,0.0
2023-11-13 12:30:00-05:00,3.200000047683716,3.25,3.190000057220459,3.190000057220459,9480,0.0,0.0
2023-11-13 13:30:00-05:00,3.2149999141693115,3.25,3.2149999141693115,3.2200000286102295,658,0.0,0.0
2023-11-13 14:30:00-05:00,3.251300096511841,3.2750000953674316,3.2200000286102295,3.2300000190734863,2549,0.0,0.0
2023-11-13 15:30:00-05:00,3.200000047683716,3.200000047683716,3.1500000953674316,3.1700000762939453,0,0.0,0.0
2023-11-14 09:30:00-05:00,3.200000047683716,3.2499001026153564,3.1700000762939453,3.240000009536743,13977,0.0,0.0
2023-11-14 10:30:00-05:00,3.2100000381469727,3.240000009536743,3.170099973678589,3.180000066757202,4059,0.0,0.0
2023-11-14 11:30:00-05:00,3.190000057220459,3.190000057220459,3.1500000953674316,3.180000066757202,1268,0.0,0.0
2023-11-14 12:30:00-05:00,3.180000066757202,3.180000066757202,3.144399881362915,3.1700000762939453,1959,0.0,0.0
2023-11-14 13:30:00-05:00,3.1600000858306885,3.1600000858306885,3.1600000858306885,3.1600000858306885,715,0.0,0.0
2023-11-14 14:30:00-05:00,3.180000066757202,3.200000047683716,3.1500000953674316,3.174999952316284,1606,0.0,0.0
2023-11-14 15:30:00-05:00,3.174999952316284,3.1988000869750977,3.1500000953674316,3.1500000953674316,0,0.0,0.0
2023-11-15 09:30:00-05:00,3.1600000858306885,3.255000114440918,3.1600000858306885,3.255000114440918,8006,0.0,0.0
2023-11-15 10:30:00-05:00,3.259999990463257,3.309999942779541,3.25,3.299999952316284,6434,0.0,0.0
2023-11-15 11:30:00-05:00,3.2699999809265137,3.2799999713897705,3.2600998878479004,3.2600998878479004,1322,0.0,0.0
2023-11-15 12:30:00-05:00,3.2899999618530273,3.2899999618530273,3.25,3.25,2211,0.0,0.0
2023-11-15 13:30:00-05:00,3.268399953842163,3.309999942779541,3.210900068283081,3.210900068283081,8153,0.0,0.0
2023-11-15 14:30:00-05:00,3.200000047683716,3.200000047683716,3.1600000858306885,3.1600000858306885,4527,0.0,0.0
2023-11-15 15:30:00-05:00,3.190000057220459,3.2899999618530273,3.190000057220459,3.240000009536743,0,0.0,0.0
2023-11-16 09:30:00-05:00,3.2100000381469727,3.2200000286102295,3.0299999713897705,3.0590999126434326,35406,0.0,0.0
2023-11-16 10:30:00-05:00,3.059999942779541,3.089900016784668,2.819999933242798,2.9100000858306885,46944,0.0,0.0
2023-11-16 11:30:00-05:00,2.930000066757202,2.930000066757202,2.890000104904175,2.9149999618530273,12300,0.0,0.0
2023-11-16 12:30:00-05:00,2.9000000953674316,2.930000066757202,2.890000104904175,2.9200000762939453,11183,0.0,0.0
2023-11-16 13:30:00-05:00,2.929500102996826,3.0,2.9000000953674316,3.0,19298,0.0,0.0
2023-11-16 14:30:00-05:00,3.0,3.1500000953674316,2.9695000648498535,3.059999942779541,24367,0.0,0.0
2023-11-16 15:30:00-05:00,3.030100107192993,3.059999942779541,2.960599899291992,2.9800000190734863,0,0.0,0.0
2023-11-17 09:30:00-05:00,3.0199999809265137,3.099900007247925,3.0011000633239746,3.049999952316284,8290,0.0,0.0
2023-11-17 10:30:00-05:00,3.000499963760376,3.047100067138672,3.0,3.047100067138672,5851,0.0,0.0
2023-11-17 11:30:00-05:00,3.0399999618530273,3.095599889755249,3.0399999618530273,3.075000047683716,4365,0.0,0.0
2023-11-17 12:30:00-05:00,3.0799999237060547,3.0799999237060547,3.049999952316284,3.0799999237060547,5122,0.0,0.0
2023-11-17 13:30:00-05:00,3.0000998973846436,3.0866000652313232,3.0000998973846436,3.009999990463257,1458,0.0,0.0
2023-11-17 14:30:00-05:00,3.0399999618530273,3.0899999141693115,3.0399999618530273,3.0899999141693115,7173,0.0,0.0
2023-11-17 15:30:00-05:00,3.059999942779541,3.075000047683716,3.009999990463257,3.009999990463257,3211,0.0,0.0
2023-11-20 09:30:00-05:00,3.0999999046325684,3.1500000953674316,3.0399999618530273,3.0999999046325684,16234,0.0,0.0
2023-11-20 10:30:00-05:00,3.0999999046325684,3.0999999046325684,3.0299999713897705,3.049999952316284,6632,0.0,0.0
2023-11-20 11:30:00-05:00,3.059999942779541,3.059999942779541,3.049999952316284,3.049999952316284,538,0.0,0.0
2023-11-20 12:30:00-05:00,3.049999952316284,3.119999885559082,3.0399999618530273,3.082200050354004,7837,0.0,0.0
2023-11-20 13:30:00-05:00,3.0708000659942627,3.0708000659942627,3.0299999713897705,3.0299999713897705,7877,0.0,0.0
2023-11-20 14:30:00-05:00,3.0299999713897705,3.059999942779541,3.0299999713897705,3.0299999713897705,2824,0.0,0.0
2023-11-20 15:30:00-05:00,3.0599000453948975,3.059999942779541,3.0,3.0199999809265137,0,0.0,0.0
2023-11-21 09:30:00-05:00,3.009999990463257,3.119999885559082,3.004699945449829,3.049999952316284,9563,0.0,0.0
2023-11-21 10:30:00-05:00,3.069499969482422,3.069999933242798,3.0450000762939453,3.052799940109253,3047,0.0,0.0
2023-11-21 11:30:00-05:00,3.0367000102996826,3.0367000102996826,2.9800000190734863,2.9800000190734863,3478,0.0,0.0
2023-11-21 12:30:00-05:00,3.0134999752044678,3.0134999752044678,2.9600000381469727,2.9700000286102295,1798,0.0,0.0
2023-11-21 13:30:00-05:00,2.9700000286102295,2.990000009536743,2.9700000286102295,2.9700000286102295,4916,0.0,0.0
2023-11-21 14:30:00-05:00,2.9700000286102295,3.0,2.9700000286102295,2.994499921798706,3367,0.0,0.0
2023-11-21 15:30:00-05:00,2.971100091934204,2.984499931335449,2.9700000286102295,2.9800000190734863,0,0.0,0.0
2023-11-22 09:30:00-05:00,2.9200000762939453,3.049999952316284,2.9100000858306885,2.9800000190734863,11304,0.0,0.0
2023-11-22 10:30:00-05:00,2.9800000190734863,3.0399999618530273,2.9800000190734863,3.0399999618530273,3396,0.0,0.0
2023-11-22 11:30:00-05:00,3.0299999713897705,3.099900007247925,3.0299999713897705,3.099900007247925,1166,0.0,0.0
2023-11-22 12:30:00-05:00,3.045300006866455,3.109999895095825,3.045300006866455,3.0899999141693115,7892,0.0,0.0
2023-11-22 13:30:00-05:00,3.130000114440918,3.130000114440918,3.059999942779541,3.0899999141693115,3489,0.0,0.0
2023-11-22 14:30:00-05:00,3.061300039291382,3.061300039291382,3.061300039291382,3.061300039291382,271,0.0,0.0
2023-11-22 15:30:00-05:00,3.0999999046325684,3.119999885559082,3.0299999713897705,3.0299999713897705,4732,0.0,0.0
2023-11-24 09:30:00-05:00,3.059999942779541,3.072499990463257,3.0369999408721924,3.059999942779541,2955,0.0,0.0
2023-11-24 10:30:00-05:00,3.075000047683716,3.0899999141693115,2.9749999046325684,3.0199999809265137,11952,0.0,0.0
2023-11-24 11:30:00-05:00,2.990000009536743,3.049999952316284,2.9100000858306885,2.9900999069213867,3566,0.0,0.0
2023-11-27 09:30:00-05:00,2.950000047683716,2.9700000286102295,2.8801000118255615,2.940000057220459,16496,0.0,0.0
2023-11-27 10:30:00-05:00,2.950000047683716,3.0250000953674316,2.930000066757202,3.0,4669,0.0,0.0
2023-11-27 11:30:00-05:00,3.003700017929077,3.049999952316284,2.9800000190734863,3.025599956512451,2663,0.0,0.0
2023-11-27 12:30:00-05:00,3.0274999141693115,3.0399999618530273,3.0274999141693115,3.0399999618530273,499,0.0,0.0
2023-11-27 13:30:00-05:00,3.0299999713897705,3.0299999713897705,2.990000009536743,2.990000009536743,1319,0.0,0.0
2023-11-27 14:30:00-05:00,3.0199999809265137,3.0199999809265137,2.950000047683716,2.9600000381469727,2358,0.0,0.0
2023-11-27 15:30:00-05:00,2.997999906539917,2.997999906539917,2.9600000381469727,2.990000009536743,0,0.0,0.0
2023-11-28 09:30:00-05:00,2.9899001121520996,2.990000009536743,2.9100000858306885,2.9375998973846436,4270,0.0,0.0
2023-11-28 10:30:00-05:00,2.940000057220459,3.052799940109253,2.940000057220459,3.052799940109253,8156,0.0,0.0
2023-11-28 11:30:00-05:00,3.049999952316284,3.049999952316284,2.984800100326538,3.0429999828338623,1893,0.0,0.0
2023-11-28 12:30:00-05:00,3.009999990463257,3.009999990463257,3.009999990463257,3.009999990463257,678,0.0,0.0
2023-11-28 13:30:00-05:00,3.009999990463257,3.0480000972747803,3.009999990463257,3.0250000953674316,7128,0.0,0.0
2023-11-28 14:30:00-05:00,3.0199999809265137,3.0199999809265137,3.0199999809265137,3.0199999809265137,217,0.0,0.0
2023-11-28 15:30:00-05:00,3.0199999809265137,3.0201001167297363,3.0,3.0,0,0.0,0.0
2023-11-29 09:30:00-05:00,3.0,3.089900016784668,2.950000047683716,2.950000047683716,6726,0.0,0.0
2023-11-29 10:30:00-05:00,3.0599000453948975,3.0599000453948975,3.045799970626831,3.045799970626831,2106,0.0,0.0
2023-11-29 11:30:00-05:00,2.976599931716919,3.0,2.976599931716919,3.0,431,0.0,0.0
2023-11-29 12:30:00-05:00,3.015000104904175,3.049999952316284,2.9900999069213867,3.007499933242798,13989,0.0,0.0
2023-11-29 13:30:00-05:00,3.0350000858306885,3.0450000762939453,3.0199999809265137,3.0399999618530273,6303,0.0,0.0
2023-11-29 14:30:00-05:00,3.009999990463257,3.043600082397461,3.009999990463257,3.043600082397461,1227,0.0,0.0
2023-11-29 15:30:00-05:00,3.0,3.0399999618530273,3.0,3.0399999618530273,0,0.0,0.0
2023-11-30 09:30:00-05:00,3.0199999809265137,3.085900068283081,2.990000009536743,3.009999990463257,10397,0.0,0.0
2023-11-30 10:30:00-05:00,3.072499990463257,3.0799999237060547,2.990000009536743,3.059999942779541,2024,0.0,0.0
2023-11-30 11:30:00-05:00,3.0,3.039799928665161,2.950000047683716,3.039799928665161,2375,0.0,0.0
2023-11-30 12:30:00-05:00,2.9800000190734863,2.9800000190734863,2.950000047683716,2.950000047683716,4131,0.0,0.0
2023-11-30 13:30:00-05:00,2.940000057220459,2.955699920654297,2.940000057220459,2.950000047683716,2498,0.0,0.0
2023-11-30 14:30:00-05:00,2.9695000648498535,2.9700000286102295,2.950000047683716,2.950000047683716,3030,0.0,0.0
2023-11-30 15:30:00-05:00,2.9749999046325684,2.9800000190734863,2.9749999046325684,2.9800000190734863,454,0.0,0.0
2023-12-01 09:30:00-05:00,3.0,3.0,2.9700000286102295,2.990000009536743,1472,0.0,0.0
2023-12-01 10:30:00-05:00,3.0030999183654785,3.0274999141693115,2.9700000286102295,2.9700000286102295,3032,0.0,0.0
2023-12-01 11:30:00-05:00,2.9700000286102295,3.009999990463257,2.930000066757202,2.973900079727173,11563,0.0,0.0
2023-12-01 12:30:00-05:00,2.9714999198913574,3.0,2.940000057220459,2.940000057220459,2388,0.0,0.0
2023-12-01 13:30:00-05:00,2.9600000381469727,2.9851999282836914,2.9200000762939453,2.948499917984009,6758,0.0,0.0
2023-12-01 14:30:00-05:00,2.930000066757202,2.950000047683716,2.930000066757202,2.949700117111206,3800,0.0,0.0
2023-12-01 15:30:00-05:00,2.949700117111206,2.9700000286102295,2.9407999515533447,2.950000047683716,16341,0.0,0.0
2023-12-04 09:30:00-05:00,2.9200000762939453,2.99180006980896,2.9200000762939453,2.950000047683716,17078,0.0,0.0
2023-12-04 10:30:00-05:00,2.9600000381469727,2.9600000381469727,2.799999952316284,2.9198999404907227,24706,0.0,0.0
2023-12-04 11:30:00-05:00,2.9200000762939453,2.9200000762939453,2.830199956893921,2.88319993019104,3998,0.0,0.0
2023-12-04 12:30:00-05:00,2.8399999141693115,2.9200000762939453,2.8399999141693115,2.890000104904175,2716,0.0,0.0
2023-12-04 13:30:00-05:00,2.884999990463257,2.8949999809265137,2.8399999141693115,2.8399999141693115,1880,0.0,0.0
2023-12-04 14:30:00-05:00,2.8399999141693115,2.9045000076293945,2.8399999141693115,2.8399999141693115,3565,0.0,0.0
2023-12-04 15:30:00-05:00,2.8299999237060547,2.852099895477295,2.819999933242798,2.819999933242798,0,0.0,0.0
2023-12-05 09:30:00-05:00,2.8299999237060547,2.909899950027466,2.819999933242798,2.8550000190734863,13899,0.0,0.0
2023-12-05 10:30:00-05:00,2.819999933242798,2.819999933242798,2.7400999069213867,2.759999990463257,20628,0.0,0.0
2023-12-05 11:30:00-05:00,2.759999990463257,2.7899999618530273,2.700000047683716,2.7283999919891357,10123,0.0,0.0
2023-12-05 12:30:00-05:00,2.7298998832702637,2.7298998832702637,2.6500000953674316,2.690000057220459,8720,0.0,0.0
2023-12-05 13:30:00-05:00,2.690000057220459,2.700000047683716,2.680000066757202,2.690000057220459,7896,0.0,0.0
2023-12-05 14:30:00-05:00,2.700000047683716,2.7200000286102295,2.700000047683716,2.7100000381469727,4155,0.0,0.0
2023-12-05 15:30:00-05:00,2.718400001525879,2.718400001525879,2.700000047683716,2.7100000381469727,0,0.0,0.0
2023-12-06 09:30:00-05:00,2.7300000190734863,2.799999952316284,2.6900999546051025,2.7100000381469727,18567,0.0,0.0
2023-12-06 10:30:00-05:00,2.7190001010894775,2.740000009536743,2.700000047683716,2.7300000190734863,5361,0.0,0.0
2023-12-06 11:30:00-05:00,2.700000047683716,2.7251999378204346,2.700000047683716,2.7170000076293945,2482,0.0,0.0
2023-12-06 12:30:00-05:00,2.690000057220459,2.733099937438965,2.619999885559082,2.634999990463257,28322,0.0,0.0
2023-12-06 13:30:00-05:00,2.619999885559082,2.640000104904175,2.609999895095825,2.609999895095825,6091,0.0,0.0
2023-12-06 14:30:00-05:00,2.5999999046325684,2.6500000953674316,2.5799999237060547,2.609999895095825,14226,0.0,0.0
2023-12-06 15:30:00-05:00,2.6500000953674316,2.6700000762939453,2.5999999046325684,2.6700000762939453,4991,0.0,0.0
2023-12-07 09:30:00-05:00,2.630000114440918,2.6549999713897705,2.619999885559082,2.6278998851776123,8701,0.0,0.0
2023-12-07 10:30:00-05:00,2.625200033187866,2.640000104904175,2.609999895095825,2.610300064086914,11471,0.0,0.0
2023-12-07 11:30:00-05:00,2.609999895095825,2.640000104904175,2.609999895095825,2.640000104904175,2527,0.0,0.0
2023-12-07 12:30:00-05:00,2.634999990463257,2.634999990463257,2.609999895095825,2.609999895095825,10527,0.0,0.0
2023-12-07 13:30:00-05:00,2.6270999908447266,2.630000114440918,2.559999942779541,2.559999942779541,8300,0.0,0.0
2023-12-07 14:30:00-05:00,2.5799999237060547,2.5941998958587646,2.569999933242798,2.5799999237060547,5331,0.0,0.0
2023-12-07 15:30:00-05:00,2.575000047683716,2.609999895095825,2.572999954223633,2.5899999141693115,0,0.0,0.0
2023-12-08 09:30:00-05:00,2.5899999141693115,2.6700000762939453,2.581199884414673,2.619999885559082,3269,0.0,0.0
2023-12-08 10:30:00-05:00,2.628000020980835,2.690000057220459,2.619999885559082,2.634999990463257,3350,0.0,0.0
2023-12-08 11:30:00-05:00,2.5999999046325684,2.609999895095825,2.5899999141693115,2.5899999141693115,1540,0.0,0.0
2023-12-08 12:30:00-05:00,2.5999999046325684,2.6212000846862793,2.5899999141693115,2.6212000846862793,6499,0.0,0.0
2023-12-08 13:30:00-05:00,2.5899999141693115,2.5899999141693115,2.5899999141693115,2.5899999141693115,549,0.0,0.0
2023-12-08 14:30:00-05:00,2.5899999141693115,2.5999999046325684,2.5850000381469727,2.5850000381469727,3887,0.0,0.0
2023-12-08 15:30:00-05:00,2.5999999046325684,2.6198999881744385,2.5999999046325684,2.6198999881744385,2685,0.0,0.0
2023-12-11 09:30:00-05:00,2.630000114440918,2.650099992752075,2.619999885559082,2.640000104904175,6219,0.0,0.0
2023-12-11 10:30:00-05:00,2.609999895095825,2.622299909591675,2.5899999141693115,2.5922999382019043,6968,0.0,0.0
2023-12-11 11:30:00-05:00,2.577699899673462,2.577699899673462,2.5051000118255615,2.529099941253662,6307,0.0,0.0
2023-12-11 12:30:00-05:00,2.549999952316284,2.559999942779541,2.5199999809265137,2.5599000453948975,5506,0.0,0.0
2023-12-11 13:30:00-05:00,2.559999942779541,2.559999942779541,2.5299999713897705,2.5299999713897705,2181,0.0,0.0
2023-12-11 14:30:00-05:00,2.5383999347686768,2.549999952316284,2.534600019454956,2.549999952316284,1815,0.0,0.0
2023-12-11 15:30:00-05:00,2.5483999252319336,2.569999933242798,2.5299999713897705,2.5299999713897705,2851,0.0,0.0
2023-12-12 09:30:00-05:00,2.5299999713897705,2.5799999237060547,2.5,2.5360000133514404,34348,0.0,0.0
2023-12-12 10:30:00-05:00,2.5299999713897705,2.5299999713897705,2.4200000762939453,2.446000099182129,17220,0.0,0.0
2023-12-12 11:30:00-05:00,2.434999942779541,2.507499933242798,2.434999942779541,2.4800000190734863,10079,0.0,0.0
2023-12-12 12:30:00-05:00,2.4800000190734863,2.500200033187866,2.4200000762939453,2.490000009536743,28624,0.0,0.0
2023-12-12 13:30:00-05:00,2.490000009536743,2.5,2.490000009536743,2.5,3219,0.0,0.0
2023-12-12 14:30:00-05:00,2.4800000190734863,2.5,2.4800000190734863,2.5,4721,0.0,0.0
2023-12-12 15:30:00-05:00,2.509999990463257,2.5199999809265137,2.5,2.5199999809265137,0,0.0,0.0
2023-12-13 09:30:00-05:00,2.490000009536743,2.6001999378204346,2.4853999614715576,2.5113000869750977,4207,0.0,0.0
2023-12-13 10:30:00-05:00,2.549999952316284,2.5999999046325684,2.4828999042510986,2.5,8651,0.0,0.0
2023-12-13 11:30:00-05:00,2.5000998973846436,2.5927999019622803,2.5,2.5739998817443848,3758,0.0,0.0
2023-12-13 12:30:00-05:00,2.5615999698638916,2.5615999698638916,2.5199999809265137,2.5418999195098877,3597,0.0,0.0
2023-12-13 13:30:00-05:00,2.5399999618530273,2.5799999237060547,2.5,2.5799999237060547,3575,0.0,0.0
2023-12-13 14:30:00-05:00,2.569999933242798,2.609999895095825,2.5327999591827393,2.5327999591827393,9640,0.0,0.0
2023-12-13 15:30:00-05:00,2.5999999046325684,2.5999999046325684,2.575000047683716,2.5999999046325684,0,0.0,0.0
2023-12-14 09:30:00-05:00,2.5799999237060547,2.7200000286102295,2.5799999237060547,2.7200000286102295,14488,0.0,0.0
2023-12-14 10:30:00-05:00,2.7999000549316406,2.7999000549316406,2.6500000953674316,2.6500000953674316,9944,0.0,0.0
2023-12-14 11:30:00-05:00,2.680000066757202,2.680000066757202,2.6500000953674316,2.6500000953674316,3453,0.0,0.0
2023-12-14 12:30:00-05:00,2.680000066757202,2.680000066757202,2.6500000953674316,2.6700000762939453,3973,0.0,0.0
2023-12-14 13:30:00-05:00,2.6777000427246094,2.6798999309539795,2.5999999046325684,2.5999999046325684,7687,0.0,0.0
2023-12-14 14:30:00-05:00,2.663599967956543,2.6700000762939453,2.609999895095825,2.609999895095825,2303,0.0,0.0
2023-12-14 15:30:00-05:00,2.6600000858306885,2.6600000858306885,2.609999895095825,2.609999895095825,0,0.0,0.0
2023-12-15 09:30:00-05:00,2.6500000953674316,2.680000066757202,2.630000114440918,2.649899959564209,4721,0.0,0.0
2023-12-15 10:30:00-05:00,2.6500000953674316,2.6500000953674316,2.6500000953674316,2.6500000953674316,284,0.0,0.0
2023-12-15 11:30:00-05:00,2.619999885559082,2.630000114440918,2.5999999046325684,2.609999895095825,5585,0.0,0.0
2023-12-15 12:30:00-05:00,2.5999999046325684,2.634999990463257,2.5999999046325684,2.634999990463257,6899,0.0,0.0
2023-12-15 13:30:00-05:00,2.630000114440918,2.6500000953674316,2.630000114440918,2.6500000953674316,1506,0.0,0.0
2023-12-15 14:30:00-05:00,2.640000104904175,2.640000104904175,2.609999895095825,2.609999895095825,4419,0.0,0.0
2023-12-15 15:30:00-05:00,2.5999999046325684,2.6377999782562256,2.5899999141693115,2.5899999141693115,4132,0.0,0.0
2023-12-18 09:30:00-05:00,2.6500000953674316,2.7795000076293945,2.5999999046325684,2.658099889755249,62289,0.0,0.0
2023-12-18 10:30:00-05:00,2.6519999504089355,2.700000047683716,2.6519999504089355,2.680000066757202,2730,0.0,0.0
2023-12-18 11:30:00-05:00,2.6500000953674316,2.6760001182556152,2.6500000953674316,2.6500000953674316,645,0.0,0.0
2023-12-18 12:30:00-05:00,2.6500000953674316,2.6754000186920166,2.6500000953674316,2.6500000953674316,3184,0.0,0.0
2023-12-18 13:30:00-05:00,2.640000104904175,2.640000104904175,2.5880000591278076,2.6138999462127686,5337,0.0,0.0
2023-12-18 14:30:00-05:00,2.615000009536743,2.6500000953674316,2.600100040435791,2.6449999809265137,2919,0.0,0.0
2023-12-18 15:30:00-05:00,2.630000114440918,2.6384999752044678,2.630000114440918,2.6384999752044678,0,0.0,0.0
2023-12-19 09:30:00-05:00,2.5899999141693115,2.75,2.5899999141693115,2.7300000190734863,16360,0.0,0.0
2023-12-19 10:30:00-05:00,2.7200000286102295,2.7290000915527344,2.680000066757202,2.6933999061584473,2984,0.0,0.0
2023-12-19 11:30:00-05:00,2.684999942779541,2.700000047683716,2.6600000858306885,2.660900115966797,2672,0.0,0.0
2023-12-19 12:30:00-05:00,2.700000047683716,2.75,2.700000047683716,2.7300000190734863,24578,0.0,0.0
2023-12-19 13:30:00-05:00,2.740000009536743,2.7799999713897705,2.7300000190734863,2.7799999713897705,7609,0.0,0.0
2023-12-19 14:30:00-05:00,2.7588999271392822,2.809999942779541,2.7400999069213867,2.809999942779541,20180,0.0,0.0
2023-12-19 15:30:00-05:00,2.7899999618530273,2.8299999237060547,2.759999990463257,2.7899999618530273,0,0.0,0.0
2023-12-20 09:30:00-05:00,2.809999942779541,2.8399999141693115,2.7548000812530518,2.8399999141693115,5437,0.0,0.0
2023-12-20 10:30:00-05:00,2.7899999618530273,2.8499999046325684,2.756500005722046,2.7699999809265137,11087,0.0,0.0
2023-12-20 11:30:00-05:00,2.7699999809265137,2.799999952316284,2.7699999809265137,2.7850000858306885,2233,0.0,0.0
2023-12-20 12:30:00-05:00,2.7699999809265137,2.7799999713897705,2.75,2.7799999713897705,7395,0.0,0.0
2023-12-20 14:30:00-05:00,2.759999990463257,2.759999990463257,2.6700000762939453,2.680000066757202,11045,0.0,0.0
2023-12-20 15:30:00-05:00,2.6846001148223877,2.699899911880493,2.619999885559082,2.619999885559082,0,0.0,0.0
2023-12-21 09:30:00-05:00,2.6600000858306885,2.7799999713897705,2.5999999046325684,2.6747000217437744,34012,0.0,0.0
2023-12-21 10:30:00-05:00,2.694999933242798,2.694999933242798,2.680000066757202,2.690000057220459,1055,0.0,0.0
2023-12-21 11:30:00-05:00,2.700000047683716,2.710599899291992,2.700000047683716,2.710599899291992,1184,0.0,0.0
2023-12-21 12:30:00-05:00,2.6500000953674316,2.6600000858306885,2.6500000953674316,2.6600000858306885,915,0.0,0.0
2023-12-21 13:30:00-05:00,2.664599895477295,2.740000009536743,2.6600000858306885,2.740000009536743,2908,0.0,0.0
2023-12-21 14:30:00-05:00,2.671799898147583,2.740000009536743,2.660399913787842,2.680000066757202,1770,0.0,0.0
2023-12-21 15:30:00-05:00,2.6800999641418457,2.740000009536743,2.6800999641418457,2.740000009536743,0,0.0,0.0
2023-12-22 09:30:00-05:00,2.75,2.799999952316284,2.7400999069213867,2.75,8834,0.0,0.0
2023-12-22 10:30:00-05:00,2.7699999809265137,2.7739999294281006,2.7100000381469727,2.75,4261,0.0,0.0
2023-12-22 11:30:00-05:00,2.75,2.7502999305725098,2.6500000953674316,2.711400032043457,6238,0.0,0.0
2023-12-22 12:30:00-05:00,2.740000009536743,2.75,2.740000009536743,2.7495999336242676,678,0.0,0.0
2023-12-22 13:30:00-05:00,2.7249999046325684,2.75,2.710599899291992,2.7300000190734863,1512,0.0,0.0
2023-12-22 14:30:00-05:00,2.7200000286102295,2.75,2.704900026321411,2.734999895095825,1226,0.0,0.0
2023-12-22 15:30:00-05:00,2.7200000286102295,2.75,2.7100000381469727,2.75,3402,0.0,0.0
2023-12-26 09:30:00-05:00,2.75,2.7799999713897705,2.693000078201294,2.7100000381469727,12600,0.0,0.0
2023-12-26 10:30:00-05:00,2.7639999389648438,2.7699999809265137,2.75,2.7699999809265137,854,0.0,0.0
2023-12-26 11:30:00-05:00,2.7699999809265137,2.7901999950408936,2.7300000190734863,2.7799999713897705,6527,0.0,0.0
2023-12-26 12:30:00-05:00,2.7904000282287598,2.8299999237060547,2.731800079345703,2.8092000484466553,8958,0.0,0.0
2023-12-26 13:30:00-05:00,2.799999952316284,2.8299999237060547,2.7822999954223633,2.8055999279022217,17791,0.0,0.0
2023-12-26 14:30:00-05:00,2.819999933242798,2.828000068664551,2.7500998973846436,2.828000068664551,8988,0.0,0.0
2023-12-26 15:30:00-05:00,2.808500051498413,2.950000047683716,2.808500051498413,2.897900104522705,25242,0.0,0.0
2023-12-27 09:30:00-05:00,2.7899999618530273,2.880000114440918,2.759999990463257,2.859999895095825,10227,0.0,0.0
2023-12-27 10:30:00-05:00,2.8499999046325684,2.869999885559082,2.800100088119507,2.859999895095825,11616,0.0,0.0
2023-12-27 11:30:00-05:00,2.859999895095825,2.880000114440918,2.8499999046325684,2.8499999046325684,3663,0.0,0.0
2023-12-27 12:30:00-05:00,2.8071000576019287,2.839900016784668,2.8071000576019287,2.829900026321411,862,0.0,0.0
2023-12-27 13:30:00-05:00,2.829900026321411,2.865000009536743,2.800100088119507,2.8499999046325684,4056,0.0,0.0
2023-12-27 14:30:00-05:00,2.8089001178741455,2.8399999141693115,2.8089001178741455,2.825000047683716,2374,0.0,0.0
2023-12-27 15:30:00-05:00,2.8399999141693115,2.8399999141693115,2.7799999713897705,2.799999952316284,6694,0.0,0.0
2023-12-28 09:30:00-05:00,2.799999952316284,2.949899911880493,2.799999952316284,2.8299999237060547,32149,0.0,0.0
2023-12-28 10:30:00-05:00,2.8399999141693115,2.9000000953674316,2.8399999141693115,2.8508999347686768,2670,0.0,0.0
2023-12-28 11:30:00-05:00,2.859999895095825,2.859999895095825,2.81030011177063,2.859999895095825,5832,0.0,0.0
2023-12-28 12:30:00-05:00,2.8450000286102295,2.859999895095825,2.809999942779541,2.819999933242798,8619,0.0,0.0
2023-12-28 13:30:00-05:00,2.8480000495910645,2.8499999046325684,2.819999933242798,2.819999933242798,2150,0.0,0.0
2023-12-28 14:30:00-05:00,2.819999933242798,2.880000114440918,2.819999933242798,2.869999885559082,10295,0.0,0.0
2023-12-28 15:30:00-05:00,2.8399999141693115,2.869999885559082,2.8399999141693115,2.869999885559082,0,0.0,0.0
2023-12-29 09:30:00-05:00,2.890000104904175,2.9100000858306885,2.809999942779541,2.809999942779541,9838,0.0,0.0
2023-12-29 10:30:00-05:00,2.809999942779541,2.8399999141693115,2.7799999713897705,2.7920000553131104,10630,0.0,0.0
2023-12-29 11:30:00-05:00,2.7899999618530273,2.859999895095825,2.7799999713897705,2.79010009765625,10258,0.0,0.0
2023-12-29 12:30:00-05:00,2.7899999618530273,2.8220999240875244,2.7899999618530273,2.7945001125335693,5269,0.0,0.0
2023-12-29 13:30:00-05:00,2.809999942779541,2.810800075531006,2.7500998973846436,2.7500998973846436,13186,0.0,0.0
2023-12-29 14:30:00-05:00,2.759999990463257,2.7699999809265137,2.690000057220459,2.7499001026153564,11499,0.0,0.0
2023-12-29 15:30:00-05:00,2.7100000381469727,2.7200000286102295,2.6900999546051025,2.7100000381469727,1385,0.0,0.0
2024-01-02 09:30:00-05:00,2.8399999141693115,2.8399999141693115,2.75,2.750499963760376,7582,0.0,0.0
2024-01-02 10:30:00-05:00,2.7500998973846436,2.7500998973846436,2.7500998973846436,2.7500998973846436,185,0.0,0.0
2024-01-02 11:30:00-05:00,2.75,2.7699999809265137,2.7300000190734863,2.7699999809265137,1880,0.0,0.0
2024-01-02 12:30:00-05:00,2.7506000995635986,2.7890000343322754,2.7506000995635986,2.7890000343322754,5484,0.0,0.0
2024-01-02 13:30:00-05:00,2.793100118637085,2.799999952316284,2.7690999507904053,2.7699999809265137,4354,0.0,0.0
2024-01-02 14:30:00-05:00,2.7899999618530273,2.8499999046325684,2.7699999809265137,2.7699999809265137,9811,0.0,0.0
2024-01-02 15:30:00-05:00,2.819999933242798,2.8299999237060547,2.819999933242798,2.819999933242798,1025,0.0,0.0
2024-01-03 09:30:00-05:00,2.7899999618530273,2.859999895095825,2.7706000804901123,2.859999895095825,6844,0.0,0.0
2024-01-03 10:30:00-05:00,2.864799976348877,2.8773999214172363,2.8334999084472656,2.8334999084472656,7221,0.0,0.0
2024-01-03 11:30:00-05:00,2.8299999237060547,2.859999895095825,2.7792999744415283,2.859999895095825,3582,0.0,0.0
2024-01-03 12:30:00-05:00,2.832200050354004,2.9000000953674316,2.8299999237060547,2.890000104904175,6901,0.0,0.0
2024-01-03 13:30:00-05:00,2.890000104904175,2.9100000858306885,2.8889999389648438,2.9100000858306885,6835,0.0,0.0
2024-01-03 14:30:00-05:00,2.9282000064849854,2.950000047683716,2.906599998474121,2.950000047683716,2976,0.0,0.0
2024-01-03 15:30:00-05:00,2.920599937438965,2.940000057220459,2.9100000858306885,2.940000057220459,6357,0.0,0.0
2024-01-04 09:30:00-05:00,2.950000047683716,2.9600000381469727,2.8615000247955322,2.8615000247955322,10517,0.0,0.0
2024-01-04 10:30:00-05:00,2.859999895095825,2.880000114440918,2.8499999046325684,2.880000114440918,6990,0.0,0.0
2024-01-04 11:30:00-05:00,2.859999895095825,2.890000104904175,2.8280999660491943,2.890000104904175,8248,0.0,0.0
2024-01-04 12:30:00-05:00,2.869999885559082,2.869999885559082,2.869999885559082,2.869999885559082,411,0.0,0.0
2024-01-04 13:30:00-05:00,2.880000114440918,2.880000114440918,2.849900007247925,2.869999885559082,1151,0.0,0.0
2024-01-04 14:30:00-05:00,2.92330002784729,2.940000057220459,2.8905999660491943,2.8905999660491943,2803,0.0,0.0
2024-01-04 15:30:00-05:00,2.890000104904175,2.950000047683716,2.890000104904175,2.940000057220459,0,0.0,0.0
2024-01-05 09:30:00-05:00,2.950000047683716,2.950000047683716,2.828000068664551,2.9000000953674316,7018,0.0,0.0
2024-01-05 10:30:00-05:00,2.930000066757202,2.940000057220459,2.9200000762939453,2.940000057220459,797,0.0,0.0
2024-01-05 11:30:00-05:00,2.9000000953674316,2.930000066757202,2.9000000953674316,2.9049999713897705,1058,0.0,0.0
2024-01-05 12:30:00-05:00,2.9049999713897705,2.930000066757202,2.9049999713897705,2.930000066757202,1841,0.0,0.0
2024-01-05 13:30:00-05:00,2.9049999713897705,2.950000047683716,2.9049999713897705,2.950000047683716,4918,0.0,0.0
2024-01-05 14:30:00-05:00,2.930000066757202,2.950000047683716,2.930000066757202,2.950000047683716,3925,0.0,0.0
2024-01-05 15:30:00-05:00,2.940000057220459,2.950000047683716,2.9100000858306885,2.950000047683716,6536,0.0,0.0
2024-01-08 09:30:00-05:00,2.9000000953674316,2.9000000953674316,2.819999933242798,2.890000104904175,9718,0.0,0.0
2024-01-08 10:30:00-05:00,2.8299999237060547,2.859999895095825,2.817699909210205,2.859999895095825,3481,0.0,0.0
2024-01-08 11:30:00-05:00,2.890000104904175,2.9000000953674316,2.880000114440918,2.9000000953674316,6695,0.0,0.0
2024-01-08 12:30:00-05:00,2.9000000953674316,2.930000066757202,2.8264999389648438,2.930000066757202,1174,0.0,0.0
2024-01-08 14:30:00-05:00,2.8320999145507812,2.9100000858306885,2.819999933242798,2.9100000858306885,2461,0.0,0.0
2024-01-08 15:30:00-05:00,2.875,2.9100000858306885,2.8399999141693115,2.9100000858306885,0,0.0,0.0
2024-01-09 09:30:00-05:00,2.819999933242798,2.897900104522705,2.5999999046325684,2.7251999378204346,24751,0.0,0.0
2024-01-09 10:30:00-05:00,2.720099925994873,2.799999952316284,2.7200000286102295,2.762200117111206,3780,0.0,0.0
2024-01-09 11:30:00-05:00,2.7997000217437744,2.8299999237060547,2.7899999618530273,2.819999933242798,8349,0.0,0.0
2024-01-09 12:30:00-05:00,2.819999933242798,2.865000009536743,2.819999933242798,2.865000009536743,1992,0.0,0.0
2024-01-09 13:30:00-05:00,2.838099956512451,2.8399999141693115,2.809999942779541,2.809999942779541,1983,0.0,0.0
2024-01-09 14:30:00-05:00,2.8152999877929688,2.8399999141693115,2.8134000301361084,2.8399999141693115,889,0.0,0.0
2024-01-09 15:30:00-05:00,2.819999933242798,2.8299999237060547,2.73009991645813,2.819999933242798,0,0.0,0.0
2024-01-10 09:30:00-05:00,2.809999942779541,2.809999942779541,2.75,2.7669999599456787,4830,0.0,0.0
2024-01-10 10:30:00-05:00,2.7699999809265137,2.799999952316284,2.7699999809265137,2.7899999618530273,2349,0.0,0.0
2024-01-10 11:30:00-05:00,2.759999990463257,2.7699999809265137,2.740000009536743,2.740000009536743,2607,0.0,0.0
2024-01-10 12:30:00-05:00,2.740000009536743,2.740000009536743,2.740000009536743,2.740000009536743,290,0.0,0.0
2024-01-10 13:30:00-05:00,2.755000114440918,2.869999885559082,2.6500000953674316,2.849600076675415,21666,0.0,0.0
2024-01-10 14:30:00-05:00,2.7600998878479004,2.8134000301361084,2.7288999557495117,2.7288999557495117,1809,0.0,0.0
2024-01-10 15:30:00-05:00,2.692199945449829,2.809999942779541,2.692199945449829,2.809999942779541,0,0.0,0.0
2024-01-11 09:30:00-05:00,2.8399999141693115,2.8399999141693115,2.680000066757202,2.7732999324798584,4767,0.0,0.0
2024-01-11 10:30:00-05:00,2.7100000381469727,2.822700023651123,2.700000047683716,2.822700023651123,1364,0.0,0.0
2024-01-11 11:30:00-05:00,2.759999990463257,2.819999933242798,2.75600004196167,2.75600004196167,1496,0.0,0.0
2024-01-11 12:30:00-05:00,2.705899953842163,2.705899953842163,2.705899953842163,2.705899953842163,369,0.0,0.0
2024-01-11 13:30:00-05:00,2.759999990463257,2.765000104904175,2.7000999450683594,2.765000104904175,6733,0.0,0.0
2024-01-11 15:30:00-05:00,2.759999990463257,2.759999990463257,2.7300000190734863,2.759999990463257,0,0.0,0.0
2024-01-12 09:30:00-05:00,2.869999885559082,2.9133999347686768,2.819999933242798,2.865000009536743,44223,0.0,0.0
2024-01-12 10:30:00-05:00,2.9000000953674316,2.909899950027466,2.819999933242798,2.819999933242798,11516,0.0,0.0
2024-01-12 11:30:00-05:00,2.8399999141693115,2.9000000953674316,2.8399999141693115,2.840100049972534,3258,0.0,0.0
2024-01-12 12:30:00-05:00,2.8415000438690186,2.869999885559082,2.8399999141693115,2.8677000999450684,2279,0.0,0.0
2024-01-12 13:30:00-05:00,2.869999885559082,2.9000000953674316,2.869999885559082,2.9000000953674316,1111,0.0,0.0
2024-01-12 14:30:00-05:00,2.8399999141693115,2.8738999366760254,2.8399999141693115,2.869999885559082,1792,0.0,0.0
2024-01-12 15:30:00-05:00,2.8399999141693115,2.9000000953674316,2.8399999141693115,2.9000000953674316,10424,0.0,0.0
2024-01-16 09:30:00-05:00,2.8499999046325684,2.8864998817443848,2.79010009765625,2.808500051498413,8650,0.0,0.0
2024-01-16 10:30:00-05:00,2.8201000690460205,2.8399999141693115,2.8201000690460205,2.8399999141693115,2094,0.0,0.0
2024-01-16 11:30:00-05:00,2.819999933242798,2.8350000381469727,2.819999933242798,2.827399969100952,6652,0.0,0.0
2024-01-16 12:30:00-05:00,2.799999952316284,2.799999952316284,2.724900007247925,2.7699999809265137,7849,0.0,0.0
2024-01-16 13:30:00-05:00,2.7850000858306885,2.7899999618530273,2.759999990463257,2.7799999713897705,9726,0.0,0.0
2024-01-16 14:30:00-05:00,2.809999942779541,2.8399999141693115,2.7200000286102295,2.720099925994873,12959,0.0,0.0
2024-01-16 15:30:00-05:00,2.7437000274658203,2.759399890899658,2.694999933242798,2.700000047683716,0,0.0,0.0
2024-01-17 09:30:00-05:00,2.6700000762939453,2.7816998958587646,2.6700000762939453,2.755000114440918,4045,0.0,0.0
2024-01-17 10:30:00-05:00,2.72189998626709,2.7300000190734863,2.7100000381469727,2.7100000381469727,1339,0.0,0.0
2024-01-17 11:30:00-05:00,2.720099925994873,2.75,2.720099925994873,2.75,2665,0.0,0.0
2024-01-17 12:30:00-05:00,2.7300000190734863,2.740000009536743,2.7100000381469727,2.7119998931884766,16421,0.0,0.0
2024-01-17 13:30:00-05:00,2.73580002784729,2.73580002784729,2.619999885559082,2.6600000858306885,15425,0.0,0.0
2024-01-17 14:30:00-05:00,2.6700000762939453,2.6814000606536865,2.6700000762939453,2.6814000606536865,1169,0.0,0.0
2024-01-17 15:30:00-05:00,2.6800999641418457,2.700000047683716,2.619999885559082,2.619999885559082,0,0.0,0.0
2024-01-18 09:30:00-05:00,2.6700000762939453,2.728100061416626,2.640000104904175,2.6700000762939453,3570,0.0,0.0
2024-01-18 10:30:00-05:00,2.6949000358581543,2.694999933242798,2.6600000858306885,2.6600000858306885,5680,0.0,0.0
2024-01-18 11:30:00-05:00,2.6700000762939453,2.7300000190734863,2.6600000858306885,2.6700000762939453,14361,0.0,0.0
2024-01-18 12:30:00-05:00,2.700000047683716,2.7300000190734863,2.600100040435791,2.618499994277954,9337,0.0,0.0
2024-01-18 13:30:00-05:00,2.609999895095825,2.6579999923706055,2.5999999046325684,2.6449999809265137,8207,0.0,0.0
2024-01-18 14:30:00-05:00,2.64490008354187,2.6705000400543213,2.64490008354187,2.6700000762939453,411,0.0,0.0
2024-01-18 15:30:00-05:00,2.6710000038146973,2.680000066757202,2.619999885559082,2.619999885559082,0,0.0,0.0
2024-01-19 09:30:00-05:00,2.630000114440918,2.763000011444092,2.609999895095825,2.6126999855041504,8383,0.0,0.0
2024-01-19 10:30:00-05:00,2.6600000858306885,2.700000047683716,2.610100030899048,2.664099931716919,3195,0.0,0.0
2024-01-19 11:30:00-05:00,2.610100030899048,2.6631999015808105,2.610100030899048,2.6631999015808105,834,0.0,0.0
2024-01-19 12:30:00-05:00,2.680000066757202,2.680000066757202,2.6500000953674316,2.6517999172210693,967,0.0,0.0
2024-01-19 13:30:00-05:00,2.6500000953674316,2.650099992752075,2.634999990463257,2.634999990463257,6128,0.0,0.0
2024-01-19 14:30:00-05:00,2.6201000213623047,2.634999990463257,2.619999885559082,2.619999885559082,2376,0.0,0.0
2024-01-19 15:30:00-05:00,2.619999885559082,2.6500000953674316,2.619999885559082,2.6500000953674316,990,0.0,0.0
2024-01-22 09:30:00-05:00,2.619999885559082,2.690000057220459,2.5999999046325684,2.6700000762939453,12573,0.0,0.0
2024-01-22 12:30:00-05:00,2.662100076675415,2.744499921798706,2.609999895095825,2.680000066757202,8784,0.0,0.0
2024-01-22 13:30:00-05:00,2.6500000953674316,2.6865999698638916,2.6500000953674316,2.6865999698638916,1504,0.0,0.0
2024-01-22 14:30:00-05:00,2.7200000286102295,2.7200000286102295,2.650099992752075,2.651700019836426,1342,0.0,0.0
2024-01-22 15:30:00-05:00,2.6600000858306885,2.7200000286102295,2.6600000858306885,2.6700000762939453,0,0.0,0.0
2024-01-23 09:30:00-05:00,2.700000047683716,2.7288999557495117,2.670099973678589,2.7288999557495117,8070,0.0,0.0
2024-01-23 10:30:00-05:00,2.717600107192993,2.717600107192993,2.717600107192993,2.717600107192993,239,0.0,0.0
2024-01-23 11:30:00-05:00,2.690000057220459,2.700000047683716,2.680000066757202,2.680000066757202,844,0.0,0.0
2024-01-23 12:30:00-05:00,2.6700000762939453,2.690000057220459,2.630000114440918,2.690000057220459,4887,0.0,0.0
2024-01-23 13:30:00-05:00,2.680000066757202,2.680000066757202,2.680000066757202,2.680000066757202,0,0.0,0.0
2024-01-23 14:30:00-05:00,2.680000066757202,2.680000066757202,2.680000066757202,2.680000066757202,14742,0.0,0.0
2024-01-23 15:30:00-05:00,2.655400037765503,2.6700000762939453,2.6500000953674316,2.6500000953674316,0,0.0,0.0
2024-01-24 09:30:00-05:00,2.6875998973846436,2.690000057220459,2.630000114440918,2.6700000762939453,3483,0.0,0.0
2024-01-24 10:30:00-05:00,2.6600000858306885,2.6700000762939453,2.640000104904175,2.6500000953674316,5616,0.0,0.0
2024-01-24 11:30:00-05:00,2.6865999698638916,2.687999963760376,2.6865999698638916,2.687999963760376,1821,0.0,0.0
2024-01-24 12:30:00-05:00,2.672800064086914,2.676100015640259,2.6500000953674316,2.676100015640259,1022,0.0,0.0
2024-01-24 13:30:00-05:00,2.6700000762939453,2.690000057220459,2.6700000762939453,2.680000066757202,3136,0.0,0.0
2024-01-24 14:30:00-05:00,2.6700000762939453,2.680000066757202,2.6500000953674316,2.6500000953674316,997,0.0,0.0
2024-01-24 15:30:00-05:00,2.674999952316284,2.690000057220459,2.6700000762939453,2.684999942779541,0,0.0,0.0
2024-01-25 09:30:00-05:00,2.6600000858306885,2.7100000381469727,2.644200086593628,2.694999933242798,9187,0.0,0.0
2024-01-25 10:30:00-05:00,2.680000066757202,2.690000057220459,2.630000114440918,2.690000057220459,11014,0.0,0.0
2024-01-25 11:30:00-05:00,2.7170000076293945,2.7200000286102295,2.696199893951416,2.696199893951416,2399,0.0,0.0
2024-01-25 12:30:00-05:00,2.690000057220459,2.7100000381469727,2.690000057220459,2.7100000381469727,581,0.0,0.0
2024-01-25 13:30:00-05:00,2.700000047683716,2.700000047683716,2.630000114440918,2.675600051879883,13771,0.0,0.0
2024-01-25 14:30:00-05:00,2.6600000858306885,2.690000057220459,2.6600000858306885,2.6893999576568604,7282,0.0,0.0
2024-01-25 15:30:00-05:00,2.684999942779541,2.684999942779541,2.680000066757202,2.680000066757202,0,0.0,0.0
2024-01-26 09:30:00-05:00,2.690000057220459,2.700000047683716,2.629699945449829,2.700000047683716,14807,0.0,0.0
2024-01-26 10:30:00-05:00,2.6856000423431396,2.6856000423431396,2.6600000858306885,2.6600000858306885,2087,0.0,0.0
2024-01-26 11:30:00-05:00,2.6600000858306885,2.680000066757202,2.5999999046325684,2.630500078201294,10703,0.0,0.0
2024-01-26 12:30:00-05:00,2.640000104904175,2.6500000953674316,2.5999999046325684,2.6196000576019287,2708,0.0,0.0
2024-01-26 13:30:00-05:00,2.6700000762939453,2.690000057220459,2.6500000953674316,2.6500000953674316,3839,0.0,0.0
2024-01-26 14:30:00-05:00,2.630000114440918,2.6700000762939453,2.619999885559082,2.630000114440918,4423,0.0,0.0
2024-01-26 15:30:00-05:00,2.630000114440918,2.6740000247955322,2.619999885559082,2.619999885559082,4919,0.0,0.0
2024-01-29 09:30:00-05:00,2.6700000762939453,2.690000057220459,2.6126999855041504,2.640000104904175,5862,0.0,0.0
2024-01-29 10:30:00-05:00,2.690000057220459,2.690000057220459,2.6201000213623047,2.650700092315674,3116,0.0,0.0
2024-01-29 11:30:00-05:00,2.6600000858306885,2.6600000858306885,2.6500000953674316,2.6500000953674316,736,0.0,0.0
2024-01-29 12:30:00-05:00,2.6475000381469727,2.6475000381469727,2.6438000202178955,2.6438000202178955,925,0.0,0.0
2024-01-29 13:30:00-05:00,2.6403000354766846,2.6500000953674316,2.6403000354766846,2.6500000953674316,301,0.0,0.0
2024-01-29 14:30:00-05:00,2.6505000591278076,2.6505000591278076,2.620300054550171,2.620300054550171,1800,0.0,0.0
2024-01-29 15:30:00-05:00,2.619999885559082,2.634200096130371,2.5720999240875244,2.5999999046325684,0,0.0,0.0
2024-01-30 09:30:00-05:00,2.629499912261963,2.6600000858306885,2.619999885559082,2.6596999168395996,4785,0.0,0.0
2024-01-30 10:30:00-05:00,2.6600000858306885,2.6600000858306885,2.609999895095825,2.619999885559082,4022,0.0,0.0
2024-01-30 11:30:00-05:00,2.640000104904175,2.6679000854492188,2.640000104904175,2.6500000953674316,2217,0.0,0.0
2024-01-30 12:30:00-05:00,2.6600000858306885,2.674999952316284,2.6600000858306885,2.674999952316284,1311,0.0,0.0
2024-01-30 13:30:00-05:00,2.6600000858306885,2.680000066757202,2.6600000858306885,2.6700000762939453,1451,0.0,0.0
2024-01-30 14:30:00-05:00,2.684999942779541,2.7300000190734863,2.6700000762939453,2.7300000190734863,14265,0.0,0.0
2024-01-30 15:30:00-05:00,2.720099925994873,2.7411999702453613,2.700000047683716,2.7019999027252197,0,0.0,0.0
2024-01-31 09:30:00-05:00,2.7100000381469727,2.7100000381469727,2.609999895095825,2.621999979019165,8078,0.0,0.0
2024-01-31 10:30:00-05:00,2.690000057220459,2.690000057220459,2.690000057220459,2.690000057220459,324,0.0,0.0
2024-01-31 11:30:00-05:00,2.6698999404907227,2.6698999404907227,2.628499984741211,2.6600000858306885,2730,0.0,0.0
2024-01-31 12:30:00-05:00,2.640000104904175,2.640000104904175,2.6201000213623047,2.6201000213623047,1890,0.0,0.0
2024-01-31 13:30:00-05:00,2.6500000953674316,2.6500000953674316,2.619999885559082,2.630000114440918,2187,0.0,0.0
2024-01-31 14:30:00-05:00,2.640000104904175,2.6579999923706055,2.619999885559082,2.6579999923706055,2931,0.0,0.0
2024-01-31 15:30:00-05:00,2.6473000049591064,2.6500000953674316,2.5899999141693115,2.592400074005127,0,0.0,0.0
2024-02-01 09:30:00-05:00,2.5999999046325684,2.6700000762939453,2.5999999046325684,2.646199941635132,2349,0.0,0.0
2024-02-01 10:30:00-05:00,2.625,2.690000057220459,2.609999895095825,2.690000057220459,2039,0.0,0.0
2024-02-01 11:30:00-05:00,2.5873000621795654,2.5873000621795654,2.5873000621795654,2.5873000621795654,116,0.0,0.0
2024-02-01 12:30:00-05:00,2.630000114440918,2.6487998962402344,2.5299999713897705,2.609999895095825,13435,0.0,0.0
2024-02-01 14:30:00-05:00,2.619999885559082,2.6600000858306885,2.5899999141693115,2.5899999141693115,5150,0.0,0.0
2024-02-01 15:30:00-05:00,2.619999885559082,2.619999885559082,2.5799999237060547,2.5799999237060547,0,0.0,0.0
2024-02-02 09:30:00-05:00,2.619999885559082,2.619999885559082,2.509999990463257,2.539900064468384,16785,0.0,0.0
2024-02-02 10:30:00-05:00,2.539900064468384,2.555000066757202,2.5,2.5199999809265137,25510,0.0,0.0
2024-02-02 11:30:00-05:00,2.5199999809265137,2.549999952316284,2.509999990463257,2.5199999809265137,1765,0.0,0.0
2024-02-02 12:30:00-05:00,2.549999952316284,2.549999952316284,2.5,2.5,11305,0.0,0.0
2024-02-02 13:30:00-05:00,2.5199999809265137,2.5199999809265137,2.509999990463257,2.509999990463257,2206,0.0,0.0
2024-02-02 14:30:00-05:00,2.5192999839782715,2.5299999713897705,2.51200008392334,2.51200008392334,2061,0.0,0.0
2024-02-02 15:30:00-05:00,2.509999990463257,2.5390000343322754,2.5,2.5,3907,0.0,0.0
2024-02-05 09:30:00-05:00,2.6700000762939453,2.6798999309539795,2.569999933242798,2.5799999237060547,19727,0.0,0.0
2024-02-05 10:30:00-05:00,2.590100049972534,2.6500000953674316,2.590100049972534,2.610100030899048,3932,0.0,0.0
2024-02-05 11:30:00-05:00,2.609999895095825,2.634999990463257,2.609999895095825,2.634999990463257,3702,0.0,0.0
2024-02-05 12:30:00-05:00,2.640000104904175,2.649899959564209,2.609999895095825,2.609999895095825,4210,0.0,0.0
2024-02-05 13:30:00-05:00,2.613800048828125,2.613800048828125,2.5899999141693115,2.5899999141693115,1109,0.0,0.0
2024-02-05 14:30:00-05:00,2.5899999141693115,2.5899999141693115,2.5899999141693115,2.5899999141693115,197,0.0,0.0
2024-02-05 15:30:00-05:00,2.5999999046325684,2.640000104904175,2.5899999141693115,2.5999999046325684,0,0.0,0.0
2024-02-06 09:30:00-05:00,2.6600000858306885,2.6600000858306885,2.5717999935150146,2.5717999935150146,3385,0.0,0.0
2024-02-06 10:30:00-05:00,2.5801000595092773,2.5801000595092773,2.5801000595092773,2.5801000595092773,642,0.0,0.0
2024-02-06 12:30:00-05:00,2.639899969100952,2.639899969100952,2.5999999046325684,2.619999885559082,1207,0.0,0.0
2024-02-06 13:30:00-05:00,2.619999885559082,2.640000104904175,2.5899999141693115,2.5899999141693115,4781,0.0,0.0
2024-02-06 15:30:00-05:00,2.619999885559082,2.619999885559082,2.569999933242798,2.5899999141693115,0,0.0,0.0
2024-02-07 09:30:00-05:00,2.5899999141693115,2.619999885559082,2.549999952316284,2.619999885559082,4583,0.0,0.0
2024-02-07 10:30:00-05:00,2.596299886703491,2.596299886703491,2.531899929046631,2.5399999618530273,7111,0.0,0.0
2024-02-07 11:30:00-05:00,2.6126999855041504,2.6126999855041504,2.5515999794006348,2.5515999794006348,616,0.0,0.0
2024-02-07 12:30:00-05:00,2.5999999046325684,2.619999885559082,2.5899999141693115,2.609999895095825,1566,0.0,0.0
2024-02-07 13:30:00-05:00,2.609999895095825,2.6700000762939453,2.609999895095825,2.6500000953674316,2602,0.0,0.0
2024-02-07 14:30:00-05:00,2.6500000953674316,2.6700000762939453,2.609999895095825,2.6700000762939453,2923,0.0,0.0
2024-02-07 15:30:00-05:00,2.6050000190734863,2.6050000190734863,2.5799999237060547,2.5820000171661377,0,0.0,0.0
2024-02-08 09:30:00-05:00,2.5799999237060547,2.5999999046325684,2.5799999237060547,2.5999999046325684,2803,0.0,0.0
2024-02-08 10:30:00-05:00,2.6050000190734863,2.619999885559082,2.5899999141693115,2.6105000972747803,1851,0.0,0.0
2024-02-08 11:30:00-05:00,2.609999895095825,2.619999885559082,2.6013998985290527,2.609999895095825,1970,0.0,0.0
2024-02-08 12:30:00-05:00,2.619999885559082,2.619999885559082,2.609999895095825,2.609999895095825,2519,0.0,0.0
2024-02-08 13:30:00-05:00,2.609999895095825,2.619999885559082,2.609800100326538,2.609800100326538,1309,0.0,0.0
2024-02-08 14:30:00-05:00,2.619999885559082,2.6500000953674316,2.6191999912261963,2.6500000953674316,3841,0.0,0.0
2024-02-08 15:30:00-05:00,2.6600000858306885,2.680000066757202,2.6301000118255615,2.6419999599456787,0,0.0,0.0
2024-02-09 09:30:00-05:00,2.609999895095825,2.6600000858306885,2.5899999141693115,2.630000114440918,6012,0.0,0.0
2024-02-09 10:30:00-05:00,2.621999979019165,2.621999979019165,2.59060001373291,2.609999895095825,4476,0.0,0.0
2024-02-09 11:30:00-05:00,2.609999895095825,2.625,2.5899999141693115,2.619999885559082,3869,0.0,0.0
2024-02-09 12:30:00-05:00,2.640000104904175,2.640000104904175,2.640000104904175,2.640000104904175,202,0.0,0.0
2024-02-09 13:30:00-05:00,2.620500087738037,2.6600000858306885,2.5899999141693115,2.638400077819824,3221,0.0,0.0
2024-02-09 14:30:00-05:00,2.634999990463257,2.634999990463257,2.5899999141693115,2.5899999141693115,4771,0.0,0.0
2024-02-09 15:30:00-05:00,2.639899969100952,2.639899969100952,2.5899999141693115,2.5899999141693115,2501,0.0,0.0
2024-02-12 09:30:00-05:00,2.640000104904175,2.640000104904175,2.5999999046325684,2.5999999046325684,6543,0.0,0.0
2024-02-12 10:30:00-05:00,2.5999999046325684,2.5999999046325684,2.5906999111175537,2.599100112915039,4277,0.0,0.0
2024-02-12 11:30:00-05:00,2.59879994392395,2.5999999046325684,2.5899999141693115,2.5899999141693115,2205,0.0,0.0
2024-02-12 12:30:00-05:00,2.5799999237060547,2.5999999046325684,2.5799999237060547,2.5999999046325684,1097,0.0,0.0
2024-02-12 13:30:00-05:00,2.5820000171661377,2.5999999046325684,2.5820000171661377,2.5999999046325684,5566,0.0,0.0
2024-02-12 14:30:00-05:00,2.5801000595092773,2.5999999046325684,2.5799999237060547,2.5799999237060547,650,0.0,0.0
2024-02-12 15:30:00-05:00,2.5899999141693115,2.5999999046325684,2.5799999237060547,2.5799999237060547,0,0.0,0.0
2024-02-13 09:30:00-05:00,2.559999942779541,2.5799999237060547,2.559999942779541,2.5799999237060547,6899,0.0,0.0
2024-02-13 10:30:00-05:00,2.575200080871582,2.5789999961853027,2.5501999855041504,2.5789999961853027,3326,0.0,0.0
2024-02-13 11:30:00-05:00,2.5641000270843506,2.569999933242798,2.550299882888794,2.559799909591675,2661,0.0,0.0
2024-02-13 12:30:00-05:00,2.5778000354766846,2.5778000354766846,2.549999952316284,2.5524001121520996,4675,0.0,0.0
2024-02-13 13:30:00-05:00,2.559999942779541,2.5799999237060547,2.559999942779541,2.565000057220459,1793,0.0,0.0
2024-02-13 14:30:00-05:00,2.5687999725341797,2.5687999725341797,2.5399999618530273,2.5399999618530273,0,0.0,0.0
2024-02-14 09:30:00-05:00,2.549999952316284,2.625499963760376,2.450000047683716,2.450000047683716,27566,0.0,0.0
2024-02-14 10:30:00-05:00,2.5899999141693115,2.5899999141693115,2.509999990463257,2.539599895477295,4683,0.0,0.0
2024-02-14 11:30:00-05:00,2.5299999713897705,2.549999952316284,2.5278000831604004,2.549999952316284,1377,0.0,0.0
2024-02-14 12:30:00-05:00,2.5243000984191895,2.5420000553131104,2.5243000984191895,2.5399999618530273,1850,0.0,0.0
2024-02-14 13:30:00-05:00,2.5199999809265137,2.5199999809265137,2.5,2.5,2326,0.0,0.0
2024-02-14 14:30:00-05:00,2.515000104904175,2.515000104904175,2.4800000190734863,2.4800000190734863,3777,0.0,0.0
2024-02-14 15:30:00-05:00,2.4872000217437744,2.5,2.4800000190734863,2.490000009536743,0,0.0,0.0
2024-02-15 09:30:00-05:00,2.559999942779541,2.559999942779541,2.5190999507904053,2.559999942779541,5799,0.0,0.0
2024-02-15 10:30:00-05:00,2.5385000705718994,2.5399999618530273,2.5216000080108643,2.5399999618530273,576,0.0,0.0
2024-02-15 11:30:00-05:00,2.549999952316284,2.5799999237060547,2.5241000652313232,2.5776000022888184,12589,0.0,0.0
2024-02-15 12:30:00-05:00,2.5332000255584717,2.5690999031066895,2.5332000255584717,2.5483999252319336,5635,0.0,0.0
2024-02-15 13:30:00-05:00,2.559999942779541,2.5799999237060547,2.559999942779541,2.5790998935699463,1678,0.0,0.0
2024-02-15 14:30:00-05:00,2.5799999237060547,2.5999999046325684,2.5799999237060547,2.590399980545044,4364,0.0,0.0
2024-02-15 15:30:00-05:00,2.5950000286102295,2.611999988555908,2.5950000286102295,2.609999895095825,0,0.0,0.0
2024-02-16 09:30:00-05:00,2.625,2.625,2.5899999141693115,2.590100049972534,1933,0.0,0.0
2024-02-16 10:30:00-05:00,2.5799999237060547,2.5810999870300293,2.559999942779541,2.5732998847961426,6588,0.0,0.0
2024-02-16 11:30:00-05:00,2.598299980163574,2.598299980163574,2.5801000595092773,2.5801000595092773,2130,0.0,0.0
2024-02-16 12:30:00-05:00,2.5899999141693115,2.5999999046325684,2.581899881362915,2.5999999046325684,2844,0.0,0.0
2024-02-16 13:30:00-05:00,2.5871999263763428,2.5871999263763428,2.5871999263763428,2.5871999263763428,1106,0.0,0.0
2024-02-16 14:30:00-05:00,2.5899999141693115,2.5999999046325684,2.5899999141693115,2.5999999046325684,2617,0.0,0.0
2024-02-16 15:30:00-05:00,2.5899999141693115,2.602799892425537,2.5799999237060547,2.602799892425537,3652,0.0,0.0
2024-02-20 09:30:00-05:00,2.5799999237060547,2.5999999046325684,2.569999933242798,2.569999933242798,9892,0.0,0.0
2024-02-20 10:30:00-05:00,2.559999942779541,2.559999942779541,2.549999952316284,2.549999952316284,1492,0.0,0.0
2024-02-20 11:30:00-05:00,2.569999933242798,2.569999933242798,2.559999942779541,2.559999942779541,641,0.0,0.0
2024-02-20 12:30:00-05:00,2.549999952316284,2.559999942779541,2.549999952316284,2.559999942779541,501,0.0,0.0
2024-02-20 13:30:00-05:00,2.559999942779541,2.5697999000549316,2.559999942779541,2.5685999393463135,1736,0.0,0.0
2024-02-20 14:30:00-05:00,2.549999952316284,2.549999952316284,2.5,2.500499963760376,3439,0.0,0.0
2024-02-20 15:30:00-05:00,2.5299999713897705,2.5350000858306885,2.5,2.5,0,0.0,0.0
2024-02-21 09:30:00-05:00,2.5100998878479004,2.5199999809265137,2.502000093460083,2.5199999809265137,2905,0.0,0.0
2024-02-21 10:30:00-05:00,2.5299999713897705,2.5460000038146973,2.5299999713897705,2.5460000038146973,2143,0.0,0.0
2024-02-21 11:30:00-05:00,2.509999990463257,2.5299999713897705,2.509999990463257,2.5299999713897705,5022,0.0,0.0
2024-02-21 12:30:00-05:00,2.5199999809265137,2.5199999809265137,2.490000009536743,2.5,3356,0.0,0.0
2024-02-21 13:30:00-05:00,2.509999990463257,2.509999990463257,2.490000009536743,2.490000009536743,578,0.0,0.0
2024-02-21 15:30:00-05:00,2.48009991645813,2.509999990463257,2.4800000190734863,2.509999990463257,0,0.0,0.0
2024-02-22 09:30:00-05:00,2.490000009536743,2.509999990463257,2.4200000762939453,2.4700000286102295,21250,0.0,0.0
2024-02-22 10:30:00-05:00,2.440000057220459,2.4700000286102295,2.440000057220459,2.4470999240875244,7008,0.0,0.0
2024-02-22 11:30:00-05:00,2.450000047683716,2.450000047683716,2.434999942779541,2.449899911880493,2078,0.0,0.0
2024-02-22 12:30:00-05:00,2.440000057220459,2.4800000190734863,2.430000066757202,2.450000047683716,11908,0.0,0.0
2024-02-22 13:30:00-05:00,2.4800000190734863,2.4800000190734863,2.450000047683716,2.4507999420166016,5071,0.0,0.0
2024-02-22 14:30:00-05:00,2.4700000286102295,2.4700000286102295,2.440000057220459,2.440000057220459,1523,0.0,0.0
2024-02-22 15:30:00-05:00,2.4346001148223877,2.4700000286102295,2.4200000762939453,2.469899892807007,0,0.0,0.0
2024-02-23 09:30:00-05:00,2.4700000286102295,2.4999001026153564,2.4210000038146973,2.4798998832702637,11828,0.0,0.0
2024-02-23 10:30:00-05:00,2.421299934387207,2.430000066757202,2.421299934387207,2.430000066757202,483,0.0,0.0
2024-02-23 11:30:00-05:00,2.4300999641418457,2.450000047683716,2.430000066757202,2.430000066757202,990,0.0,0.0
2024-02-23 12:30:00-05:00,2.430000066757202,2.4300999641418457,2.4298999309539795,2.4298999309539795,2202,0.0,0.0
2024-02-23 13:30:00-05:00,2.424999952316284,2.424999952316284,2.4200000762939453,2.4200000762939453,3103,0.0,0.0
2024-02-23 14:30:00-05:00,2.4149999618530273,2.5,2.390000104904175,2.434999942779541,8413,0.0,0.0
2024-02-23 15:30:00-05:00,2.4100000858306885,2.4100000858306885,2.4000000953674316,2.4000000953674316,630,0.0,0.0
2024-02-26 09:30:00-05:00,2.4000000953674316,2.4000000953674316,2.3499999046325684,2.380000114440918,18893,0.0,0.0
2024-02-26 10:30:00-05:00,2.3901000022888184,2.485599994659424,2.3901000022888184,2.437000036239624,5418,0.0,0.0
2024-02-26 11:30:00-05:00,2.440000057220459,2.440000057220459,2.4112000465393066,2.4112000465393066,2378,0.0,0.0
2024-02-26 12:30:00-05:00,2.3901000022888184,2.440000057220459,2.3901000022888184,2.440000057220459,5241,0.0,0.0
2024-02-26 13:30:00-05:00,2.450000047683716,2.450000047683716,2.449899911880493,2.450000047683716,2341,0.0,0.0
2024-02-26 14:30:00-05:00,2.421299934387207,2.4800000190734863,2.421299934387207,2.4800000190734863,1071,0.0,0.0
2024-02-26 15:30:00-05:00,2.450000047683716,2.4800000190734863,2.380000114440918,2.380000114440918,0,0.0,0.0
2024-02-27 09:30:00-05:00,2.4200000762939453,2.450000047683716,2.387700080871582,2.450000047683716,5282,0.0,0.0
2024-02-27 10:30:00-05:00,2.436000108718872,2.440000057220459,2.4100000858306885,2.410900115966797,4041,0.0,0.0
2024-02-27 11:30:00-05:00,2.4100000858306885,2.424999952316284,2.4100000858306885,2.421999931335449,2424,0.0,0.0
2024-02-27 12:30:00-05:00,2.424999952316284,2.4398999214172363,2.4100000858306885,2.4398999214172363,441,0.0,0.0
2024-02-27 13:30:00-05:00,2.430000066757202,2.430000066757202,2.4000000953674316,2.4000000953674316,1125,0.0,0.0
2024-02-27 14:30:00-05:00,2.424999952316284,2.424999952316284,2.3499999046325684,2.3499999046325684,5252,0.0,0.0
2024-02-27 15:30:00-05:00,2.4000000953674316,2.4200000762939453,2.359999895095825,2.4100000858306885,0,0.0,0.0
2024-02-28 09:30:00-05:00,2.380000114440918,2.4296000003814697,2.380000114440918,2.380000114440918,10805,0.0,0.0
2024-02-28 10:30:00-05:00,2.359999895095825,2.3798999786376953,2.3299999237060547,2.3299999237060547,10064,0.0,0.0
2024-02-28 11:30:00-05:00,2.324399948120117,2.380000114440918,2.324399948120117,2.359999895095825,3993,0.0,0.0
2024-02-28 12:30:00-05:00,2.3399999141693115,2.3498001098632812,2.3399999141693115,2.3399999141693115,1624,0.0,0.0
2024-02-28 13:30:00-05:00,2.359999895095825,2.359999895095825,2.3554999828338623,2.3554999828338623,598,0.0,0.0
2024-02-28 14:30:00-05:00,2.359999895095825,2.359999895095825,2.3499999046325684,2.3499999046325684,1086,0.0,0.0
2024-02-28 15:30:00-05:00,2.359999895095825,2.359999895095825,2.3299999237060547,2.3499999046325684,888,0.0,0.0
2024-02-29 09:30:00-05:00,2.369999885559082,2.369999885559082,2.259999990463257,2.2852001190185547,13087,0.0,0.0
2024-02-29 10:30:00-05:00,2.299999952316284,2.3299999237060547,2.299999952316284,2.315000057220459,3029,0.0,0.0
2024-02-29 11:30:00-05:00,2.309999942779541,2.309999942779541,2.2200000286102295,2.246000051498413,14349,0.0,0.0
2024-02-29 12:30:00-05:00,2.2899999618530273,2.309999942779541,2.2528998851776123,2.299999952316284,1878,0.0,0.0
2024-02-29 13:30:00-05:00,2.302999973297119,2.319999933242798,2.299999952316284,2.319999933242798,6847,0.0,0.0
2024-02-29 14:30:00-05:00,2.299999952316284,2.309999942779541,2.299999952316284,2.300100088119507,1187,0.0,0.0
2024-02-29 15:30:00-05:00,2.299999952316284,2.3004000186920166,2.2799999713897705,2.2799999713897705,0,0.0,0.0
2024-03-01 09:30:00-05:00,2.2799999713897705,2.380000114440918,2.2799999713897705,2.369999885559082,1322,0.0,0.0
2024-03-01 10:30:00-05:00,2.319999933242798,2.3631999492645264,2.309999942779541,2.3299999237060547,1717,0.0,0.0
2024-03-01 11:30:00-05:00,2.350100040435791,2.359999895095825,2.319999933242798,2.3499999046325684,7057,0.0,0.0
2024-03-01 12:30:00-05:00,2.331199884414673,2.369999885559082,2.319999933242798,2.319999933242798,2570,0.0,0.0
2024-03-01 13:30:00-05:00,2.319999933242798,2.368499994277954,2.319999933242798,2.3659000396728516,2600,0.0,0.0
2024-03-01 14:30:00-05:00,2.359999895095825,2.3698999881744385,2.3450000286102295,2.3698999881744385,3730,0.0,0.0
2024-03-01 15:30:00-05:00,2.3499999046325684,2.369999885559082,2.3399999141693115,2.3399999141693115,2056,0.0,0.0
2024-03-04 09:30:00-05:00,2.3399999141693115,2.369999885559082,2.299999952316284,2.369999885559082,6100,0.0,0.0
2024-03-04 10:30:00-05:00,2.3399999141693115,2.3499999046325684,2.2899999618530273,2.2920000553131104,1985,0.0,0.0
2024-03-04 11:30:00-05:00,2.319999933242798,2.335599899291992,2.2967000007629395,2.327899932861328,10415,0.0,0.0
2024-03-04 12:30:00-05:00,2.319999933242798,2.319999933242798,2.319999933242798,2.319999933242798,174,0.0,0.0
2024-03-04 13:30:00-05:00,2.3039000034332275,2.3039000034332275,2.3039000034332275,2.3039000034332275,654,0.0,0.0
2024-03-04 15:30:00-05:00,2.299999952316284,2.3299999237060547,2.2957000732421875,2.2957000732421875,0,0.0,0.0
2024-03-05 09:30:00-05:00,2.309999942779541,2.3294999599456787,2.25570011138916,2.25570011138916,6232,0.0,0.0
2024-03-05 10:30:00-05:00,2.259999990463257,2.259999990463257,2.1600000858306885,2.234999895095825,17607,0.0,0.0
2024-03-05 11:30:00-05:00,2.2300000190734863,2.2300000190734863,2.2300000190734863,2.2300000190734863,264,0.0,0.0
2024-03-05 12:30:00-05:00,2.234999895095825,2.234999895095825,2.234999895095825,2.234999895095825,2281,0.0,0.0
2024-03-05 13:30:00-05:00,2.2100000381469727,2.259999990463257,2.2100000381469727,2.2281999588012695,1204,0.0,0.0
2024-03-05 14:30:00-05:00,2.2300000190734863,2.2548999786376953,2.200000047683716,2.2548999786376953,1858,0.0,0.0
2024-03-05 15:30:00-05:00,2.200000047683716,2.25,2.1600000858306885,2.2249999046325684,5811,0.0,0.0
2024-03-06 09:30:00-05:00,2.299999952316284,2.299999952316284,2.25,2.25,14496,0.0,0.0
2024-03-06 10:30:00-05:00,2.234999895095825,2.2797999382019043,2.200000047683716,2.2797999382019043,8939,0.0,0.0
2024-03-06 11:30:00-05:00,2.2799999713897705,2.2799999713897705,2.2300000190734863,2.2300000190734863,2195,0.0,0.0
2024-03-06 12:30:00-05:00,2.2699999809265137,2.2699999809265137,2.240000009536743,2.262200117111206,2132,0.0,0.0
2024-03-06 13:30:00-05:00,2.2923998832702637,2.2923998832702637,2.25,2.25,4159,0.0,0.0
2024-03-06 14:30:00-05:00,2.2799999713897705,2.2799999713897705,2.210099935531616,2.210099935531616,2895,0.0,0.0
2024-03-06 15:30:00-05:00,2.259999990463257,2.2799999713897705,2.2039999961853027,2.259999990463257,0,0.0,0.0
2024-03-07 09:30:00-05:00,2.2300000190734863,2.2799999713897705,2.2100000381469727,2.2100000381469727,1906,0.0,0.0
2024-03-07 10:30:00-05:00,2.259999990463257,2.26990008354187,2.259999990463257,2.259999990463257,1234,0.0,0.0
2024-03-07 11:30:00-05:00,2.25,2.25,2.25,2.25,1615,0.0,0.0
2024-03-07 12:30:00-05:00,2.25,2.25,2.2300000190734863,2.2300000190734863,2071,0.0,0.0
2024-03-07 13:30:00-05:00,2.2100000381469727,2.2249999046325684,2.200000047683716,2.2100000381469727,1242,0.0,0.0
2024-03-07 14:30:00-05:00,2.22160005569458,2.22160005569458,2.200000047683716,2.2200000286102295,2572,0.0,0.0
2024-03-07 15:30:00-05:00,2.2100000381469727,2.240000009536743,2.2100000381469727,2.2100000381469727,0,0.0,0.0
2024-03-08 09:30:00-05:00,2.130000114440918,2.259999990463257,2.130000114440918,2.240000009536743,5617,0.0,0.0
2024-03-08 10:30:00-05:00,2.190000057220459,2.208899974822998,2.140000104904175,2.190000057220459,3756,0.0,0.0
2024-03-08 11:30:00-05:00,2.2016000747680664,2.2200000286102295,2.1700000762939453,2.1700000762939453,976,0.0,0.0
2024-03-08 12:30:00-05:00,2.190000057220459,2.190000057220459,2.0850000381469727,2.099900007247925,12965,0.0,0.0
2024-03-08 13:30:00-05:00,2.0950000286102295,2.139400005340576,2.0950000286102295,2.109999895095825,4040,0.0,0.0
2024-03-08 14:30:00-05:00,2.1136999130249023,2.190000057220459,2.109999895095825,2.119999885559082,7165,0.0,0.0
2024-03-08 15:30:00-05:00,2.1117000579833984,2.140000104904175,2.1117000579833984,2.130000114440918,7637,0.0,0.0
2024-03-11 09:30:00-04:00,2.1500000953674316,2.1798999309539795,2.109999895095825,2.1798999309539795,3258,0.0,0.0
2024-03-11 10:30:00-04:00,2.1500000953674316,2.200000047683716,2.1500000953674316,2.200000047683716,12334,0.0,0.0
2024-03-11 11:30:00-04:00,2.180000066757202,2.180000066757202,2.130000114440918,2.1600000858306885,3807,0.0,0.0
2024-03-11 12:30:00-04:00,2.180000066757202,2.180000066757202,2.1600000858306885,2.1600000858306885,1284,0.0,0.0
2024-03-11 13:30:00-04:00,2.130000114440918,2.1700000762939453,2.130000114440918,2.1700000762939453,604,0.0,0.0
2024-03-11 14:30:00-04:00,2.1500000953674316,2.180000066757202,2.130000114440918,2.130000114440918,3305,0.0,0.0
2024-03-11 15:30:00-04:00,2.1350998878479004,2.1350998878479004,2.0999999046325684,2.0999999046325684,2579,0.0,0.0
2024-03-12 09:30:00-04:00,2.109999895095825,2.1500000953674316,2.059999942779541,2.069999933242798,11078,0.0,0.0
2024-03-12 10:30:00-04:00,2.0399999618530273,2.149899959564209,2.0299999713897705,2.059999942779541,11046,0.0,0.0
2024-03-12 11:30:00-04:00,2.059999942779541,2.0998001098632812,2.055000066757202,2.0899999141693115,6125,0.0,0.0
2024-03-12 12:30:00-04:00,2.0615999698638916,2.0615999698638916,2.059999942779541,2.059999942779541,1070,0.0,0.0
2024-03-12 13:30:00-04:00,2.055000066757202,2.0589001178741455,2.0399999618530273,2.0399999618530273,2280,0.0,0.0
2024-03-12 14:30:00-04:00,2.0889999866485596,2.140000104904175,2.0799999237060547,2.0999999046325684,6533,0.0,0.0
2024-03-12 15:30:00-04:00,2.0999999046325684,2.1338000297546387,2.0999999046325684,2.130000114440918,5002,0.0,0.0
2024-03-13 09:30:00-04:00,2.109999895095825,2.240000009536743,2.049999952316284,2.0999999046325684,64004,0.0,0.0
2024-03-13 10:30:00-04:00,2.200000047683716,2.200000047683716,2.140000104904175,2.149899959564209,3525,0.0,0.0
2024-03-13 11:30:00-04:00,2.140000104904175,2.1698999404907227,2.07450008392334,2.1684000492095947,8906,0.0,0.0
2024-03-13 12:30:00-04:00,2.150700092315674,2.150700092315674,2.150700092315674,2.150700092315674,268,0.0,0.0
2024-03-13 13:30:00-04:00,2.1050000190734863,2.1589999198913574,2.0899999141693115,2.1589999198913574,3228,0.0,0.0
2024-03-13 14:30:00-04:00,2.1700000762939453,2.1700000762939453,2.1600000858306885,2.1700000762939453,6719,0.0,0.0
2024-03-13 15:30:00-04:00,2.170099973678589,2.240000009536743,2.1700000762939453,2.2149999141693115,17552,0.0,0.0
2024-03-14 09:30:00-04:00,2.180000066757202,2.270699977874756,2.180000066757202,2.200000047683716,12038,0.0,0.0
2024-03-14 10:30:00-04:00,2.190000057220459,2.259999990463257,2.190000057220459,2.25,3202,0.0,0.0
2024-03-14 11:30:00-04:00,2.2200000286102295,2.2200000286102295,2.119999885559082,2.121000051498413,7425,0.0,0.0
2024-03-14 13:30:00-04:00,2.1826999187469482,2.1826999187469482,2.0899999141693115,2.136399984359741,3369,0.0,0.0
2024-03-14 14:30:00-04:00,2.109999895095825,2.119999885559082,2.049999952316284,2.119999885559082,5825,0.0,0.0
2024-03-14 15:30:00-04:00,2.0999999046325684,2.1649999618530273,2.0999999046325684,2.109999895095825,0,0.0,0.0
2024-03-15 09:30:00-04:00,2.119999885559082,2.1500000953674316,2.119999885559082,2.1500000953674316,1169,0.0,0.0
2024-03-15 10:30:00-04:00,2.1500000953674316,2.25,2.1500000953674316,2.190000057220459,12972,0.0,0.0
2024-03-15 11:30:00-04:00,2.1733999252319336,2.190000057220459,2.1649999618530273,2.187999963760376,14290,0.0,0.0
2024-03-15 12:30:00-04:00,2.174999952316284,2.174999952316284,2.1600000858306885,2.174999952316284,1730,0.0,0.0
2024-03-15 13:30:00-04:00,2.1610000133514404,2.1695001125335693,2.1600000858306885,2.1695001125335693,667,0.0,0.0
2024-03-15 14:30:00-04:00,2.1898999214172363,2.190000057220459,2.1710000038146973,2.190000057220459,2408,0.0,0.0
2024-03-15 15:30:00-04:00,2.190000057220459,2.25,2.180000066757202,2.240000009536743,11484,0.0,0.0
2024-03-18 09:30:00-04:00,2.2300000190734863,2.259999990463257,2.200000047683716,2.2200000286102295,12004,0.0,0.0
2024-03-18 10:30:00-04:00,2.2300000190734863,2.2300000190734863,2.140000104904175,2.191999912261963,8194,0.0,0.0
2024-03-18 11:30:00-04:00,2.25,2.2699999809265137,2.2100000381469727,2.259999990463257,12204,0.0,0.0
2024-03-18 12:30:00-04:00,2.26990008354187,2.300100088119507,2.259999990463257,2.300100088119507,10422,0.0,0.0
2024-03-18 13:30:00-04:00,2.299999952316284,2.3499999046325684,2.2899999618530273,2.3499999046325684,3175,0.0,0.0
2024-03-18 14:30:00-04:00,2.3269999027252197,2.3269999027252197,2.3269999027252197,2.3269999027252197,260,0.0,0.0
2024-03-18 15:30:00-04:00,2.3350000381469727,2.3399999141693115,2.309999942779541,2.3399999141693115,0,0.0,0.0
2024-03-19 09:30:00-04:00,2.3499999046325684,2.3794000148773193,2.319999933242798,2.3350000381469727,9489,0.0,0.0
2024-03-19 10:30:00-04:00,2.3066999912261963,2.390000104904175,2.3066999912261963,2.3859000205993652,5109,0.0,0.0
2024-03-19 11:30:00-04:00,2.375,2.390000104904175,2.3499999046325684,2.3666000366210938,5335,0.0,0.0
2024-03-19 12:30:00-04:00,2.359999895095825,2.360100030899048,2.359999895095825,2.360100030899048,432,0.0,0.0
2024-03-19 13:30:00-04:00,2.360100030899048,2.369999885559082,2.3499999046325684,2.3499999046325684,872,0.0,0.0
2024-03-19 14:30:00-04:00,2.3499999046325684,2.3499999046325684,2.3399999141693115,2.3499999046325684,3728,0.0,0.0
2024-03-19 15:30:00-04:00,2.3468000888824463,2.3499999046325684,2.299999952316284,2.299999952316284,1894,0.0,0.0
2024-03-20 09:30:00-04:00,2.2699999809265137,2.2899999618530273,2.190000057220459,2.2799999713897705,7963,0.0,0.0
2024-03-20 10:30:00-04:00,2.259999990463257,2.2899999618530273,2.2100000381469727,2.2899999618530273,4328,0.0,0.0
2024-03-20 11:30:00-04:00,2.2244999408721924,2.259999990463257,2.190000057220459,2.2200000286102295,6278,0.0,0.0
2024-03-20 12:30:00-04:00,2.200000047683716,2.2200000286102295,2.190000057220459,2.200000047683716,3199,0.0,0.0
2024-03-20 13:30:00-04:00,2.200000047683716,2.2209999561309814,2.200000047683716,2.2200000286102295,22930,0.0,0.0
2024-03-20 14:30:00-04:00,2.2232000827789307,2.2899999618530273,2.2232000827789307,2.2899999618530273,2425,0.0,0.0
2024-03-20 15:30:00-04:00,2.2200000286102295,2.240000009536743,2.200000047683716,2.200000047683716,1927,0.0,0.0
2024-03-21 09:30:00-04:00,2.1700000762939453,2.200000047683716,2.1600000858306885,2.180000066757202,4499,0.0,0.0
2024-03-21 10:30:00-04:00,2.171999931335449,2.190000057220459,2.1449999809265137,2.1449999809265137,3837,0.0,0.0
2024-03-21 11:30:00-04:00,2.1600000858306885,2.180000066757202,2.1500000953674316,2.180000066757202,1941,0.0,0.0
2024-03-21 12:30:00-04:00,2.184999942779541,2.1944000720977783,2.16729998588562,2.1710000038146973,3645,0.0,0.0
2024-03-21 13:30:00-04:00,2.19950008392334,2.19950008392334,2.180000066757202,2.180000066757202,1627,0.0,0.0
2024-03-21 14:30:00-04:00,2.180000066757202,2.199899911880493,2.180000066757202,2.199899911880493,522,0.0,0.0
2024-03-21 15:30:00-04:00,2.180000066757202,2.200000047683716,2.180000066757202,2.200000047683716,0,0.0,0.0
2024-03-22 09:30:00-04:00,2.1600000858306885,2.258500099182129,2.0799999237060547,2.190000057220459,11521,0.0,0.0
2024-03-22 10:30:00-04:00,2.192699909210205,2.192699909210205,2.140000104904175,2.1914000511169434,1437,0.0,0.0
2024-03-22 11:30:00-04:00,2.200000047683716,2.200000047683716,2.180000066757202,2.180000066757202,1273,0.0,0.0
2024-03-22 12:30:00-04:00,2.1933000087738037,2.1933000087738037,2.1933000087738037,2.1933000087738037,300,0.0,0.0
2024-03-22 13:30:00-04:00,2.190000057220459,2.190000057220459,2.1456000804901123,2.1456000804901123,936,0.0,0.0
2024-03-22 14:30:00-04:00,2.190000057220459,2.200000047683716,2.190000057220459,2.190000057220459,1288,0.0,0.0
2024-03-22 15:30:00-04:00,2.1500000953674316,2.1600000858306885,2.1500000953674316,2.1600000858306885,894,0.0,0.0
2024-03-25 09:30:00-04:00,2.1600000858306885,2.1888999938964844,2.109999895095825,2.180000066757202,10852,0.0,0.0
2024-03-25 10:30:00-04:00,2.1500000953674316,2.1700000762939453,2.1284000873565674,2.1284000873565674,5872,0.0,0.0
2024-03-25 11:30:00-04:00,2.1201000213623047,2.1500000953674316,2.109999895095825,2.109999895095825,1231,0.0,0.0
2024-03-25 12:30:00-04:00,2.109999895095825,2.134999990463257,2.0799999237060547,2.109999895095825,7462,0.0,0.0
2024-03-25 13:30:00-04:00,2.109999895095825,2.1805999279022217,2.0999999046325684,2.1805999279022217,13978,0.0,0.0
2024-03-25 14:30:00-04:00,2.109999895095825,2.109999895095825,2.109999895095825,2.109999895095825,268,0.0,0.0
2024-03-25 15:30:00-04:00,2.173799991607666,2.1782000064849854,2.0999999046325684,2.109999895095825,2765,0.0,0.0
2024-03-26 09:30:00-04:00,2.1500000953674316,2.180000066757202,2.104300022125244,2.180000066757202,4191,0.0,0.0
2024-03-26 10:30:00-04:00,2.1500000953674316,2.1986000537872314,2.0899999141693115,2.1888999938964844,12287,0.0,0.0
2024-03-26 11:30:00-04:00,2.090100049972534,2.189199924468994,2.090100049972534,2.189199924468994,2587,0.0,0.0
2024-03-26 12:30:00-04:00,2.1751999855041504,2.190000057220459,2.095099925994873,2.1691999435424805,1629,0.0,0.0
2024-03-26 13:30:00-04:00,2.130000114440918,2.130000114440918,2.119999885559082,2.130000114440918,1330,0.0,0.0
2024-03-26 14:30:00-04:00,2.109999895095825,2.1549999713897705,2.109999895095825,2.1549999713897705,1471,0.0,0.0
2024-03-26 15:30:00-04:00,2.109999895095825,2.1500000953674316,2.109999895095825,2.119999885559082,0,0.0,0.0
2024-03-27 09:30:00-04:00,2.1700000762939453,2.1700000762939453,2.130000114440918,2.130000114440918,2167,0.0,0.0
2024-03-27 10:30:00-04:00,2.130000114440918,2.140000104904175,2.0850000381469727,2.130000114440918,12940,0.0,0.0
2024-03-27 11:30:00-04:00,2.109999895095825,2.130000114440918,2.109999895095825,2.1221001148223877,1322,0.0,0.0
2024-03-27 12:30:00-04:00,2.134700059890747,2.156399965286255,2.134700059890747,2.156399965286255,3505,0.0,0.0
2024-03-27 13:30:00-04:00,2.136199951171875,2.1600000858306885,2.130000114440918,2.1301000118255615,2609,0.0,0.0
2024-03-27 14:30:00-04:00,2.119999885559082,2.140000104904175,2.0999999046325684,2.140000104904175,1794,0.0,0.0
2024-03-27 15:30:00-04:00,2.119999885559082,2.1600000858306885,2.119999885559082,2.130000114440918,0,0.0,0.0
2024-03-28 09:30:00-04:00,2.1500000953674316,2.1723999977111816,2.1449999809265137,2.1549999713897705,4318,0.0,0.0
2024-03-28 10:30:00-04:00,2.1549999713897705,2.1549999713897705,2.130000114440918,2.130000114440918,817,0.0,0.0
2024-03-28 11:30:00-04:00,2.1600000858306885,2.1600000858306885,2.140000104904175,2.1449999809265137,6676,0.0,0.0
2024-03-28 12:30:00-04:00,2.15310001373291,2.1700000762939453,2.15310001373291,2.1700000762939453,2524,0.0,0.0
2024-03-28 13:30:00-04:00,2.167099952697754,2.167099952697754,2.119999885559082,2.130000114440918,2977,0.0,0.0
2024-03-28 14:30:00-04:00,2.180000066757202,2.180000066757202,2.1600000858306885,2.1649999618530273,2068,0.0,0.0
2024-03-28 15:30:00-04:00,2.1649999618530273,2.1649999618530273,2.140000104904175,2.1600000858306885,1612,0.0,0.0
2024-04-01 09:30:00-04:00,2.181999921798706,2.181999921798706,2.0899999141693115,2.1600000858306885,7895,0.0,0.0
2024-04-01 10:30:00-04:00,2.109999895095825,2.1698999404907227,2.0999999046325684,2.1600000858306885,13445,0.0,0.0
2024-04-01 11:30:00-04:00,2.1600000858306885,2.380000114440918,2.1600000858306885,2.380000114440918,51035,0.0,0.0
2024-04-01 12:30:00-04:00,2.3450000286102295,2.525399923324585,2.2899999618530273,2.4198999404907227,71230,0.0,0.0
2024-04-01 13:30:00-04:00,2.4198999404907227,2.478800058364868,2.359999895095825,2.411099910736084,18330,0.0,0.0
2024-04-01 14:30:00-04:00,2.4289000034332275,2.469399929046631,2.309999942779541,2.440000057220459,36357,0.0,0.0
2024-04-01 15:30:00-04:00,2.450000047683716,3.049999952316284,2.4200000762939453,2.819999933242798,122233,0.0,0.0
2024-04-02 09:30:00-04:00,2.7200000286102295,3.2100000381469727,2.7200000286102295,2.8650999069213867,379472,0.0,0.0
2024-04-02 10:30:00-04:00,2.8991000652313232,3.2300000190734863,2.8678998947143555,3.055000066757202,101980,0.0,0.0
2024-04-02 11:30:00-04:00,3.0350000858306885,3.059999942779541,2.9000000953674316,2.994999885559082,51009,0.0,0.0
2024-04-02 12:30:00-04:00,2.990000009536743,3.0316998958587646,2.904099941253662,2.930500030517578,35811,0.0,0.0
2024-04-02 13:30:00-04:00,2.9769999980926514,2.990000009536743,2.9000000953674316,2.9000000953674316,19050,0.0,0.0
2024-04-02 14:30:00-04:00,2.9000000953674316,2.982599973678589,2.8499999046325684,2.880000114440918,27457,0.0,0.0
2024-04-02 15:30:00-04:00,2.875,2.9100000858306885,2.8299999237060547,2.9000000953674316,17702,0.0,0.0
2024-04-03 09:30:00-04:00,2.8299999237060547,2.8299999237060547,2.609999895095825,2.6500000953674316,79108,0.0,0.0
2024-04-03 10:30:00-04:00,2.6898999214172363,2.7467000484466553,2.610100030899048,2.7112998962402344,22640,0.0,0.0
2024-04-03 11:30:00-04:00,2.7200000286102295,2.7599000930786133,2.640000104904175,2.7599000930786133,22691,0.0,0.0
2024-04-03 12:30:00-04:00,2.7599000930786133,2.7599000930786133,2.700000047683716,2.733599901199341,6542,0.0,0.0
2024-04-03 13:30:00-04:00,2.7200000286102295,2.740000009536743,2.700000047683716,2.7300000190734863,6991,0.0,0.0
2024-04-03 14:30:00-04:00,2.759200096130371,2.759999990463257,2.7100000381469727,2.7249999046325684,7277,0.0,0.0
2024-04-03 15:30:00-04:00,2.7100000381469727,2.740000009536743,2.640000104904175,2.7100000381469727,13572,0.0,0.0
2024-04-04 09:30:00-04:00,2.630000114440918,2.636399984359741,2.490000009536743,2.490000009536743,28836,0.0,0.0
2024-04-04 10:30:00-04:00,2.5,2.549999952316284,2.5,2.549999952316284,3599,0.0,0.0
2024-04-04 11:30:00-04:00,2.5299999713897705,2.565000057220459,2.309999942779541,2.4149999618530273,24373,0.0,0.0
2024-04-04 12:30:00-04:00,2.391200065612793,2.450000047683716,2.391200065612793,2.4200000762939453,2074,0.0,0.0
2024-04-04 13:30:00-04:00,2.428800106048584,2.719899892807007,2.428800106048584,2.680000066757202,89640,0.0,0.0
2024-04-04 14:30:00-04:00,2.7100000381469727,2.8499999046325684,2.686500072479248,2.8499999046325684,108265,0.0,0.0
2024-04-04 15:30:00-04:00,2.8399999141693115,2.8399999141693115,2.75,2.7799999713897705,0,0.0,0.0
2024-04-05 09:30:00-04:00,2.799999952316284,2.8199000358581543,2.549999952316284,2.799999952316284,45797,0.0,0.0
2024-04-05 10:30:00-04:00,2.6900999546051025,2.8499999046325684,2.6900999546051025,2.75,28106,0.0,0.0
2024-04-05 11:30:00-04:00,2.7978999614715576,2.8399999141693115,2.75,2.809999942779541,25482,0.0,0.0
2024-04-05 12:30:00-04:00,2.7850000858306885,3.059999942779541,2.7850000858306885,2.9600000381469727,123893,0.0,0.0
2024-04-05 13:30:00-04:00,2.9700000286102295,3.049999952316284,2.9000000953674316,2.9000000953674316,27969,0.0,0.0
2024-04-05 14:30:00-04:00,3.0,3.0299999713897705,2.914299964904785,3.003999948501587,24173,0.0,0.0
2024-04-05 15:30:00-04:00,3.0000998973846436,3.069999933242798,2.950000047683716,2.950000047683716,39067,0.0,0.0
2024-04-08 09:30:00-04:00,2.990000009536743,3.009999990463257,2.799999952316284,2.9600000381469727,50888,0.0,0.0
2024-04-08 10:30:00-04:00,2.9000000953674316,2.9600000381469727,2.880000114440918,2.950000047683716,32090,0.0,0.0
2024-04-08 11:30:00-04:00,2.940000057220459,2.940000057220459,2.799999952316284,2.9000000953674316,15969,0.0,0.0
2024-04-08 12:30:00-04:00,2.9100000858306885,2.9100000858306885,2.8499999046325684,2.869999885559082,4946,0.0,0.0
2024-04-08 13:30:00-04:00,2.890000104904175,2.9000000953674316,2.890000104904175,2.9000000953674316,697,0.0,0.0
2024-04-08 14:30:00-04:00,2.890000104904175,2.890000104904175,2.809999942779541,2.8350000381469727,5292,0.0,0.0
2024-04-08 15:30:00-04:00,2.859999895095825,2.859999895095825,2.7200000286102295,2.75,0,0.0,0.0
2024-04-09 09:30:00-04:00,2.7899999618530273,2.859999895095825,2.7200000286102295,2.7300000190734863,21570,0.0,0.0
2024-04-09 10:30:00-04:00,2.710900068283081,2.809999942779541,2.6010000705718994,2.714400053024292,30097,0.0,0.0
2024-04-09 11:30:00-04:00,2.740000009536743,2.741499900817871,2.6600000858306885,2.690000057220459,2997,0.0,0.0
2024-04-09 12:30:00-04:00,2.680000066757202,2.680000066757202,2.5799999237060547,2.5799999237060547,10535,0.0,0.0
2024-04-09 13:30:00-04:00,2.630000114440918,2.700000047683716,2.630000114440918,2.6533000469207764,1782,0.0,0.0
2024-04-09 14:30:00-04:00,2.630000114440918,2.6800999641418457,2.630000114440918,2.6449999809265137,2455,0.0,0.0
2024-04-09 15:30:00-04:00,2.630000114440918,2.659899950027466,2.5799999237060547,2.5999999046325684,0,0.0,0.0
2024-04-10 09:30:00-04:00,2.5999999046325684,2.628200054168701,2.509999990463257,2.5999999046325684,20467,0.0,0.0
2024-04-10 10:30:00-04:00,2.569999933242798,2.662400007247925,2.559999942779541,2.649899959564209,16848,0.0,0.0
2024-04-10 11:30:00-04:00,2.559999942779541,2.559999942779541,2.559999942779541,2.559999942779541,381,0.0,0.0
2024-04-10 12:30:00-04:00,2.5999999046325684,2.613800048828125,2.559999942779541,2.559999942779541,4711,0.0,0.0
2024-04-10 13:30:00-04:00,2.639899969100952,3.0,2.5999999046325684,2.9798998832702637,82857,0.0,0.0
2024-04-10 14:30:00-04:00,2.9649999141693115,3.0999999046325684,2.950000047683716,2.9800000190734863,129298,0.0,0.0
2024-04-10 15:30:00-04:00,2.988300085067749,3.009999990463257,2.9000000953674316,2.9000000953674316,0,0.0,0.0
2024-04-11 09:30:00-04:00,2.8499999046325684,2.9000000953674316,2.819999933242798,2.8931000232696533,50444,0.0,0.0
2024-04-11 10:30:00-04:00,2.8399999141693115,2.880000114440918,2.75,2.8299999237060547,20240,0.0,0.0
2024-04-11 11:30:00-04:00,2.8299999237060547,2.880000114440918,2.759999990463257,2.771699905395508,11256,0.0,0.0
2024-04-11 12:30:00-04:00,2.7699999809265137,2.880000114440918,2.7699999809265137,2.827199935913086,9132,0.0,0.0
2024-04-11 13:30:00-04:00,2.809999942779541,2.825000047683716,2.7850000858306885,2.799999952316284,8708,0.0,0.0
2024-04-11 14:30:00-04:00,2.809999942779541,2.8399999141693115,2.7799999713897705,2.805000066757202,8365,0.0,0.0
2024-04-11 15:30:00-04:00,2.805000066757202,2.819999933242798,2.740000009536743,2.740000009536743,0,0.0,0.0
2024-04-12 09:30:00-04:00,2.9600000381469727,3.940000057220459,2.9600000381469727,3.890000104904175,1944495,0.0,0.0
2024-04-12 10:30:00-04:00,3.859999895095825,5.199999809265137,3.819999933242798,4.3881001472473145,18215524,0.0,0.0
2024-04-12 11:30:00-04:00,4.369999885559082,5.940000057220459,4.300000190734863,5.71999979019165,15434476,0.0,0.0
2024-04-12 12:30:00-04:00,5.720099925994873,5.78000020980835,4.96999979019165,5.588799953460693,8864850,0.0,0.0
2024-04-12 13:30:00-04:00,5.581099987030029,5.730000019073486,4.579999923706055,4.820000171661377,6376754,0.0,0.0
2024-04-12 14:30:00-04:00,4.824999809265137,4.940000057220459,4.510000228881836,4.859000205993652,3134329,0.0,0.0
2024-04-12 15:30:00-04:00,4.849999904632568,4.96999979019165,4.519999980926514,4.929999828338623,1763989,0.0,0.0
2024-04-15 09:30:00-04:00,4.909999847412109,5.059999942779541,4.119999885559082,4.369999885559082,7004503,0.0,0.0
2024-04-15 10:30:00-04:00,4.349999904632568,4.809999942779541,4.309999942779541,4.46999979019165,1204713,0.0,0.0
2024-04-15 11:30:00-04:00,4.5,4.550000190734863,4.199999809265137,4.300000190734863,407836,0.0,0.0
2024-04-15 12:30:00-04:00,4.300000190734863,4.730000019073486,4.21999979019165,4.730000019073486,680109,0.0,0.0
2024-04-15 13:30:00-04:00,4.71999979019165,6.289999961853027,4.622000217437744,6.010000228881836,9944175,0.0,0.0
2024-04-15 14:30:00-04:00,6.010000228881836,6.650000095367432,5.710000038146973,6.027599811553955,10132073,0.0,0.0
2024-04-15 15:30:00-04:00,6.039999961853027,6.340000152587891,5.849999904632568,6.014999866485596,3185398,0.0,0.0
2024-04-16 09:30:00-04:00,5.239999771118164,5.610000133514404,4.565000057220459,5.380099773406982,2567669,0.0,0.0
2024-04-16 10:30:00-04:00,5.400000095367432,5.989999771118164,5.0,5.626399993896484,1629599,0.0,0.0
2024-04-16 11:30:00-04:00,5.650000095367432,5.840000152587891,5.110000133514404,5.170300006866455,906087,0.0,0.0
2024-04-16 12:30:00-04:00,5.194499969482422,5.340000152587891,4.949999809265137,5.329899787902832,429793,0.0,0.0
2024-04-16 13:30:00-04:00,5.2891998291015625,5.320000171661377,5.019999980926514,5.100100040435791,253801,0.0,0.0
2024-04-16 14:30:00-04:00,5.1092000007629395,5.369999885559082,4.869999885559082,4.894999980926514,480034,0.0,0.0
2024-04-16 15:30:00-04:00,4.900000095367432,4.929999828338623,4.650000095367432,4.690100193023682,304864,0.0,0.0
2024-04-17 09:30:00-04:00,4.25,4.489999771118164,4.050000190734863,4.289999961853027,855599,0.0,0.0
2024-04-17 10:30:00-04:00,4.289999961853027,4.460000038146973,4.210000038146973,4.21999979019165,271712,0.0,0.0
2024-04-17 11:30:00-04:00,4.210000038146973,4.210000038146973,4.0,4.010000228881836,197553,0.0,0.0
2024-04-17 12:30:00-04:00,4.010000228881836,4.079899787902832,3.9200000762939453,4.059999942779541,181423,0.0,0.0
2024-04-17 13:30:00-04:00,4.059999942779541,4.059999942779541,3.880000114440918,3.9700000286102295,99772,0.0,0.0
2024-04-17 14:30:00-04:00,4.0,4.0,3.75,3.759999990463257,163159,0.0,0.0
2024-04-17 15:30:00-04:00,3.7600998878479004,3.9000000953674316,3.7600998878479004,3.819999933242798,104550,0.0,0.0
2024-04-18 09:30:00-04:00,3.630000114440918,4.78000020980835,3.609999895095825,4.170499801635742,2449681,0.0,0.0
2024-04-18 10:30:00-04:00,4.170400142669678,4.349999904632568,3.880000114440918,4.039999961853027,854965,0.0,0.0
2024-04-18 11:30:00-04:00,4.048999786376953,4.239999771118164,4.010000228881836,4.155700206756592,271158,0.0,0.0
2024-04-18 12:30:00-04:00,4.199999809265137,4.246600151062012,4.070000171661377,4.09499979019165,114741,0.0,0.0
2024-04-18 13:30:00-04:00,4.080100059509277,4.150000095367432,4.068399906158447,4.072999954223633,55810,0.0,0.0
2024-04-18 14:30:00-04:00,4.070099830627441,4.119999885559082,4.022200107574463,4.090000152587891,57193,0.0,0.0
2024-04-18 15:30:00-04:00,4.105000019073486,4.150000095367432,4.019999980926514,4.130099773406982,48728,0.0,0.0
2024-04-19 09:30:00-04:00,4.119999885559082,4.980000019073486,4.119999885559082,4.699999809265137,5502070,0.0,0.0
2024-04-19 10:30:00-04:00,4.699999809265137,5.460000038146973,4.539999961853027,5.269999980926514,5830769,0.0,0.0
2024-04-19 11:30:00-04:00,5.289999961853027,5.349899768829346,4.550099849700928,4.75,2351658,0.0,0.0
2024-04-19 12:30:00-04:00,4.769999980926514,5.070000171661377,4.769999980926514,4.949999809265137,885722,0.0,0.0
2024-04-19 13:30:00-04:00,4.949999809265137,5.170000076293945,4.75,4.809999942779541,790071,0.0,0.0
2024-04-19 14:30:00-04:00,4.820000171661377,4.940000057220459,4.679999828338623,4.909999847412109,403546,0.0,0.0
2024-04-19 15:30:00-04:00,4.909999847412109,5.099999904632568,4.880000114440918,5.000100135803223,363519,0.0,0.0
2024-04-22 09:30:00-04:00,4.369999885559082,4.519999980926514,3.9700000286102295,4.360000133514404,971660,0.0,0.0
2024-04-22 10:30:00-04:00,4.409999847412109,4.420000076293945,4.2104997634887695,4.270100116729736,139843,0.0,0.0
2024-04-22 11:30:00-04:00,4.289999961853027,4.5,4.230100154876709,4.429999828338623,134403,0.0,0.0
2024-04-22 12:30:00-04:00,4.429999828338623,4.670000076293945,4.380000114440918,4.510000228881836,246456,0.0,0.0
2024-04-22 13:30:00-04:00,4.500100135803223,4.539899826049805,4.320000171661377,4.355000019073486,135848,0.0,0.0
2024-04-22 14:30:00-04:00,4.359499931335449,4.448400020599365,4.260000228881836,4.260200023651123,57087,0.0,0.0
2024-04-22 15:30:00-04:00,4.260000228881836,4.260000228881836,4.150000095367432,4.159999847412109,69874,0.0,0.0
2024-04-23 09:30:00-04:00,4.090000152587891,4.289999961853027,3.990000009536743,4.059999942779541,345374,0.0,0.0
2024-04-23 10:30:00-04:00,4.059999942779541,4.28000020980835,4.0,4.190499782562256,170566,0.0,0.0
2024-04-23 11:30:00-04:00,4.20550012588501,4.550000190734863,4.170100212097168,4.429999828338623,228471,0.0,0.0
2024-04-23 12:30:00-04:00,4.420000076293945,4.478400230407715,4.349999904632568,4.440000057220459,106702,0.0,0.0
2024-04-23 13:30:00-04:00,4.434999942779541,4.480000019073486,4.3420000076293945,4.360000133514404,140068,0.0,0.0
2024-04-23 14:30:00-04:00,4.35099983215332,4.360000133514404,4.25,4.309999942779541,61020,0.0,0.0
2024-04-23 15:30:00-04:00,4.297999858856201,4.300000190734863,4.179999828338623,4.21999979019165,42177,0.0,0.0
2024-04-24 09:30:00-04:00,4.239999771118164,4.849999904632568,4.239999771118164,4.360000133514404,997362,0.0,0.0
2024-04-24 10:30:00-04:00,4.380000114440918,4.519999980926514,4.250999927520752,4.360000133514404,381693,0.0,0.0
2024-04-24 11:30:00-04:00,4.369999885559082,4.380000114440918,4.294099807739258,4.304999828338623,59127,0.0,0.0
2024-04-24 12:30:00-04:00,4.300000190734863,4.468999862670898,4.28000020980835,4.400000095367432,95305,0.0,0.0
2024-04-24 13:30:00-04:00,4.389999866485596,4.5,4.360000133514404,4.48769998550415,79829,0.0,0.0
2024-04-24 14:30:00-04:00,4.489999771118164,4.53000020980835,4.420000076293945,4.454999923706055,47217,0.0,0.0
2024-04-24 15:30:00-04:00,4.460000038146973,4.519899845123291,4.400000095367432,4.409999847412109,69303,0.0,0.0
2024-04-25 09:30:00-04:00,4.309999942779541,4.480000019073486,4.099999904632568,4.150000095367432,255726,0.0,0.0
2024-04-25 10:30:00-04:00,4.15310001373291,4.228499889373779,4.117599964141846,4.179999828338623,103016,0.0,0.0
2024-04-25 11:30:00-04:00,4.170000076293945,4.185200214385986,4.110000133514404,4.159999847412109,69191,0.0,0.0
2024-04-25 12:30:00-04:00,4.159999847412109,4.159999847412109,3.950000047683716,4.039999961853027,141868,0.0,0.0
2024-04-25 13:30:00-04:00,4.039999961853027,4.170000076293945,4.039999961853027,4.159999847412109,64532,0.0,0.0
2024-04-25 14:30:00-04:00,4.150000095367432,4.360000133514404,4.089900016784668,4.309999942779541,293019,0.0,0.0
2024-04-25 15:30:00-04:00,4.309999942779541,4.309999942779541,4.050000190734863,4.099999904632568,136423,0.0,0.0
2024-04-26 09:30:00-04:00,4.340000152587891,4.420000076293945,4.210000038146973,4.230000019073486,180651,0.0,0.0
2024-04-26 10:30:00-04:00,4.220200061798096,4.380000114440918,4.220099925994873,4.380000114440918,73574,0.0,0.0
2024-04-26 11:30:00-04:00,4.349999904632568,4.699999809265137,4.300000190734863,4.590099811553955,438477,0.0,0.0
2024-04-26 12:30:00-04:00,4.610000133514404,4.639900207519531,4.409999847412109,4.480000019073486,202264,0.0,0.0
2024-04-26 13:30:00-04:00,4.484899997711182,4.510000228881836,4.26200008392334,4.340000152587891,155063,0.0,0.0
2024-04-26 14:30:00-04:00,4.369999885559082,4.409999847412109,4.27209997177124,4.27209997177124,40520,0.0,0.0
2024-04-26 15:30:00-04:00,4.309999942779541,4.389900207519531,4.29010009765625,4.340000152587891,37377,0.0,0.0
2024-04-29 09:30:00-04:00,4.150000095367432,4.389999866485596,4.050000190734863,4.239999771118164,213170,0.0,0.0
2024-04-29 10:30:00-04:00,4.230000019073486,4.257199764251709,4.110799789428711,4.239999771118164,74507,0.0,0.0
2024-04-29 11:30:00-04:00,4.25,4.440000057220459,4.25,4.4197998046875,69997,0.0,0.0
2024-04-29 12:30:00-04:00,4.400000095367432,4.440000057220459,4.340000152587891,4.38100004196167,23758,0.0,0.0
2024-04-29 13:30:00-04:00,4.380000114440918,4.525000095367432,4.380000114440918,4.460000038146973,58768,0.0,0.0
2024-04-29 14:30:00-04:00,4.449999809265137,4.519700050354004,4.260000228881836,4.389999866485596,67861,0.0,0.0
2024-04-29 15:30:00-04:00,4.400000095367432,4.40500020980835,4.269999980926514,4.309999942779541,83910,0.0,0.0
2024-04-30 09:30:00-04:00,4.139999866485596,4.460000038146973,4.050000190734863,4.38100004196167,183157,0.0,0.0
2024-04-30 10:30:00-04:00,4.372200012207031,4.905200004577637,4.340000152587891,4.704599857330322,1309436,0.0,0.0
2024-04-30 11:30:00-04:00,4.717400074005127,5.050000190734863,4.599999904632568,4.820000171661377,1368526,0.0,0.0
2024-04-30 12:30:00-04:00,4.824999809265137,4.839900016784668,4.199999809265137,4.3404998779296875,406265,0.0,0.0
2024-04-30 13:30:00-04:00,4.360000133514404,4.429900169372559,4.300000190734863,4.36870002746582,114488,0.0,0.0
2024-04-30 14:30:00-04:00,4.349999904632568,4.38640022277832,4.230000019073486,4.240099906921387,76199,0.0,0.0
2024-04-30 15:30:00-04:00,4.269999980926514,4.28000020980835,4.150000095367432,4.159999847412109,48065,0.0,0.0
2024-05-01 09:30:00-04:00,4.199999809265137,4.53000020980835,4.159999847412109,4.389999866485596,321739,0.0,0.0
2024-05-01 10:30:00-04:00,4.409999847412109,4.420000076293945,4.21999979019165,4.28000020980835,86002,0.0,0.0
2024-05-01 11:30:00-04:00,4.286099910736084,4.289999961853027,4.210000038146973,4.260000228881836,33404,0.0,0.0
2024-05-01 12:30:00-04:00,4.239999771118164,4.28000020980835,4.159999847412109,4.210000038146973,42857,0.0,0.0
2024-05-01 13:30:00-04:00,4.190000057220459,4.247700214385986,4.170000076293945,4.230000019073486,20008,0.0,0.0
2024-05-01 14:30:00-04:00,4.25,4.309999942779541,4.059999942779541,4.059999942779541,73237,0.0,0.0
2024-05-01 15:30:00-04:00,4.119999885559082,4.119999885559082,3.950000047683716,3.9800000190734863,125392,0.0,0.0
2024-05-02 09:30:00-04:00,3.990000009536743,4.059999942779541,3.7100000381469727,3.9149999618530273,199256,0.0,0.0
2024-05-02 10:30:00-04:00,3.9000000953674316,4.019999980926514,3.880000114440918,3.9093000888824463,67839,0.0,0.0
2024-05-02 11:30:00-04:00,3.9100000858306885,3.95989990234375,3.8499999046325684,3.9100000858306885,47322,0.0,0.0
2024-05-02 12:30:00-04:00,3.9200000762939453,4.099999904632568,3.9072000980377197,4.059999942779541,38443,0.0,0.0
2024-05-02 13:30:00-04:00,4.050000190734863,4.119999885559082,3.990000009536743,4.010000228881836,69451,0.0,0.0
2024-05-02 14:30:00-04:00,4.03000020980835,4.090000152587891,4.0,4.034999847412109,121050,0.0,0.0
2024-05-02 15:30:00-04:00,4.050000190734863,4.050000190734863,3.8429999351501465,3.869999885559082,82720,0.0,0.0
2024-05-03 09:30:00-04:00,3.950000047683716,4.238500118255615,3.880000114440918,3.983299970626831,134431,0.0,0.0
2024-05-03 10:30:00-04:00,4.019999980926514,4.119999885559082,4.000100135803223,4.091599941253662,21848,0.0,0.0
2024-05-03 11:30:00-04:00,4.119999885559082,4.199999809265137,4.090000152587891,4.139999866485596,37802,0.0,0.0
2024-05-03 12:30:00-04:00,4.150000095367432,4.28000020980835,4.100100040435791,4.239999771118164,80050,0.0,0.0
2024-05-03 13:30:00-04:00,4.210000038146973,4.236800193786621,4.150000095367432,4.195000171661377,32652,0.0,0.0
2024-05-03 14:30:00-04:00,4.170000076293945,4.230000019073486,4.130000114440918,4.190000057220459,18165,0.0,0.0
2024-05-03 15:30:00-04:00,4.150100231170654,4.21999979019165,4.150000095367432,4.210000038146973,24486,0.0,0.0
2024-05-06 09:30:00-04:00,4.269999980926514,4.389999866485596,4.170000076293945,4.25,145326,0.0,0.0
2024-05-06 10:30:00-04:00,4.25,4.284999847412109,4.179999828338623,4.204999923706055,36700,0.0,0.0
2024-05-06 11:30:00-04:00,4.230000019073486,4.291299819946289,4.230000019073486,4.270899772644043,38690,0.0,0.0
2024-05-06 12:30:00-04:00,4.300000190734863,4.300000190734863,4.099999904632568,4.159999847412109,70506,0.0,0.0
2024-05-06 13:30:00-04:00,4.159999847412109,4.210000038146973,4.150100231170654,4.210000038146973,13088,0.0,0.0
2024-05-06 14:30:00-04:00,4.199999809265137,4.230000019073486,4.131700038909912,4.17710018157959,22397,0.0,0.0
2024-05-06 15:30:00-04:00,4.15500020980835,4.170000076293945,4.059999942779541,4.090000152587891,59929,0.0,0.0
2024-05-07 09:30:00-04:00,4.070000171661377,4.150000095367432,4.019999980926514,4.074999809265137,53805,0.0,0.0
2024-05-07 10:30:00-04:00,4.098100185394287,4.099999904632568,3.990000009536743,4.065000057220459,48137,0.0,0.0
2024-05-07 11:30:00-04:00,4.050000190734863,4.150000095367432,4.015200138092041,4.090099811553955,23651,0.0,0.0
2024-05-07 12:30:00-04:00,4.114999771118164,4.179999828338623,4.110000133514404,4.178999900817871,13448,0.0,0.0
2024-05-07 13:30:00-04:00,4.150000095367432,4.170000076293945,4.110000133514404,4.150000095367432,14328,0.0,0.0
2024-05-07 14:30:00-04:00,4.119999885559082,4.125,4.019999980926514,4.070000171661377,33531,0.0,0.0
2024-05-07 15:30:00-04:00,4.070000171661377,4.150000095367432,4.059999942779541,4.099999904632568,16146,0.0,0.0
2024-05-08 09:30:00-04:00,4.070000171661377,4.364299774169922,4.0,4.042600154876709,181331,0.0,0.0
2024-05-08 10:30:00-04:00,4.108699798583984,4.168900012969971,4.039999961853027,4.150000095367432,40151,0.0,0.0
2024-05-08 11:30:00-04:00,4.100100040435791,4.210000038146973,4.100100040435791,4.159999847412109,38102,0.0,0.0
2024-05-08 12:30:00-04:00,4.178100109100342,4.336400032043457,4.170000076293945,4.309899806976318,73853,0.0,0.0
2024-05-08 13:30:00-04:00,4.269999980926514,4.289999961853027,4.21999979019165,4.230100154876709,33369,0.0,0.0
2024-05-08 14:30:00-04:00,4.28000020980835,4.28000020980835,4.150000095367432,4.179999828338623,26811,0.0,0.0
2024-05-08 15:30:00-04:00,4.179999828338623,4.210000038146973,4.110199928283691,4.110199928283691,47629,0.0,0.0
2024-05-09 09:30:00-04:00,4.099999904632568,4.28000020980835,4.070000171661377,4.191800117492676,74529,0.0,0.0
2024-05-09 10:30:00-04:00,4.229899883270264,4.25,4.150000095367432,4.155799865722656,10598,0.0,0.0
2024-05-09 11:30:00-04:00,4.150100231170654,4.25,4.090000152587891,4.21999979019165,48091,0.0,0.0
2024-05-09 12:30:00-04:00,4.220600128173828,4.239999771118164,4.165299892425537,4.239999771118164,13359,0.0,0.0
2024-05-09 13:30:00-04:00,4.230000019073486,4.329999923706055,4.220099925994873,4.329999923706055,86893,0.0,0.0
2024-05-09 14:30:00-04:00,4.300000190734863,4.369999885559082,4.230100154876709,4.258999824523926,64874,0.0,0.0
2024-05-09 15:30:00-04:00,4.25,4.26170015335083,4.150000095367432,4.215000152587891,53911,0.0,0.0
2024-05-10 09:30:00-04:00,4.21999979019165,4.349999904632568,4.179999828338623,4.187699794769287,49552,0.0,0.0
2024-05-10 10:30:00-04:00,4.190000057220459,4.210000038146973,4.079999923706055,4.175000190734863,67107,0.0,0.0
2024-05-10 11:30:00-04:00,4.170000076293945,4.170000076293945,4.079999923706055,4.119999885559082,13326,0.0,0.0
2024-05-10 12:30:00-04:00,4.119999885559082,4.159299850463867,4.100299835205078,4.159299850463867,11309,0.0,0.0
2024-05-10 13:30:00-04:00,4.141900062561035,4.150000095367432,4.099999904632568,4.150000095367432,32767,0.0,0.0
2024-05-10 14:30:00-04:00,4.159999847412109,4.210000038146973,4.130000114440918,4.159999847412109,22400,0.0,0.0
2024-05-10 15:30:00-04:00,4.159999847412109,4.170000076293945,4.099999904632568,4.170000076293945,31401,0.0,0.0
2024-05-13 09:30:00-04:00,4.139999866485596,4.299900054931641,4.080100059509277,4.179299831390381,82627,0.0,0.0
2024-05-13 10:30:00-04:00,4.179999828338623,4.179999828338623,4.119999885559082,4.150000095367432,10507,0.0,0.0
2024-05-13 11:30:00-04:00,4.160099983215332,4.639999866485596,4.160099983215332,4.412199974060059,321164,0.0,0.0
2024-05-13 12:30:00-04:00,4.449999809265137,4.449999809265137,4.21999979019165,4.3190999031066895,78372,0.0,0.0
2024-05-13 13:30:00-04:00,4.300000190734863,4.380000114440918,4.300000190734863,4.369999885559082,16860,0.0,0.0
2024-05-13 14:30:00-04:00,4.369999885559082,4.38539981842041,4.25,4.275000095367432,41014,0.0,0.0
2024-05-13 15:30:00-04:00,4.278299808502197,4.300000190734863,4.210000038146973,4.300000190734863,17222,0.0,0.0
2024-05-14 09:30:00-04:00,4.210000038146973,4.389999866485596,4.150000095367432,4.190000057220459,150279,0.0,0.0
2024-05-14 10:30:00-04:00,4.230000019073486,4.300000190734863,4.210000038146973,4.235000133514404,29967,0.0,0.0
2024-05-14 11:30:00-04:00,4.210000038146973,4.269999980926514,4.170000076293945,4.256700038909912,23285,0.0,0.0
2024-05-14 12:30:00-04:00,4.21999979019165,4.230000019073486,4.079999923706055,4.111700057983398,97928,0.0,0.0
2024-05-14 13:30:00-04:00,4.110000133514404,4.114999771118164,3.799999952316284,3.999300003051758,172392,0.0,0.0
2024-05-14 14:30:00-04:00,3.9993999004364014,4.010000228881836,3.9200000762939453,3.9700000286102295,42110,0.0,0.0
2024-05-14 15:30:00-04:00,3.9700000286102295,4.0,3.9700000286102295,3.999300003051758,14742,0.0,0.0
2024-05-15 09:30:00-04:00,4.050000190734863,4.159999847412109,3.940000057220459,3.940000057220459,82573,0.0,0.0
2024-05-15 10:30:00-04:00,3.9488000869750977,4.019999980926514,3.944999933242798,4.019999980926514,25203,0.0,0.0
2024-05-15 11:30:00-04:00,4.001399993896484,4.072000026702881,3.9904000759124756,4.050000190734863,26332,0.0,0.0
2024-05-15 12:30:00-04:00,4.054999828338623,4.054999828338623,3.950000047683716,3.9899001121520996,35154,0.0,0.0
2024-05-15 13:30:00-04:00,4.034999847412109,4.0594000816345215,3.9809999465942383,4.019999980926514,21517,0.0,0.0
2024-05-15 14:30:00-04:00,4.019999980926514,4.050000190734863,4.010000228881836,4.034800052642822,6027,0.0,0.0
2024-05-15 15:30:00-04:00,4.031700134277344,4.059999942779541,4.001399993896484,4.059999942779541,18790,0.0,0.0
2024-05-16 09:30:00-04:00,3.930000066757202,4.239999771118164,3.880000114440918,4.120100021362305,102674,0.0,0.0
2024-05-16 10:30:00-04:00,4.134900093078613,4.179999828338623,4.050000190734863,4.125,21468,0.0,0.0
2024-05-16 11:30:00-04:00,4.119999885559082,4.199999809265137,4.119999885559082,4.125,32901,0.0,0.0
2024-05-16 12:30:00-04:00,4.110000133514404,4.110000133514404,4.050000190734863,4.050000190734863,33036,0.0,0.0
2024-05-16 13:30:00-04:00,4.019999980926514,4.099999904632568,3.950000047683716,3.979099988937378,24717,0.0,0.0
2024-05-16 14:30:00-04:00,3.9800000190734863,4.039999961853027,3.950000047683716,4.039999961853027,12365,0.0,0.0
2024-05-16 15:30:00-04:00,4.039999961853027,4.039999961853027,3.9600000381469727,3.9749999046325684,14900,0.0,0.0
2024-05-17 09:30:00-04:00,3.9800000190734863,4.019999980926514,3.759999990463257,3.878499984741211,76834,0.0,0.0
2024-05-17 10:30:00-04:00,3.8649001121520996,3.9700000286102295,3.8450000286102295,3.8812999725341797,18298,0.0,0.0
2024-05-17 11:30:00-04:00,3.9000000953674316,3.940000057220459,3.859999895095825,3.909899950027466,13030,0.0,0.0
2024-05-17 12:30:00-04:00,3.9200000762939453,3.9410998821258545,3.9000000953674316,3.940000057220459,5342,0.0,0.0
2024-05-17 13:30:00-04:00,3.940000057220459,4.0,3.880000114440918,3.9142000675201416,51502,0.0,0.0
2024-05-17 14:30:00-04:00,3.9100000858306885,3.9200000762939453,3.826200008392334,3.8499999046325684,12652,0.0,0.0
2024-05-17 15:30:00-04:00,3.869999885559082,3.869999885559082,3.799999952316284,3.8299999237060547,16907,0.0,0.0
2024-05-20 09:30:00-04:00,3.8299999237060547,3.9800000190734863,3.700000047683716,3.8029000759124756,199365,0.0,0.0
2024-05-20 10:30:00-04:00,3.825000047683716,3.899899959564209,3.700000047683716,3.7799999713897705,46811,0.0,0.0
2024-05-20 11:30:00-04:00,3.757999897003174,3.809799909591675,3.630000114440918,3.630000114440918,63787,0.0,0.0
2024-05-20 12:30:00-04:00,3.630000114440918,3.724100112915039,3.619999885559082,3.674999952316284,47450,0.0,0.0
2024-05-20 13:30:00-04:00,3.640000104904175,3.7100000381469727,3.640000104904175,3.700000047683716,11136,0.0,0.0
2024-05-20 14:30:00-04:00,3.680000066757202,3.6800999641418457,3.619999885559082,3.6384999752044678,16939,0.0,0.0
2024-05-20 15:30:00-04:00,3.634999990463257,3.634999990463257,3.509999990463257,3.5199999809265137,49207,0.0,0.0
2024-05-21 09:30:00-04:00,3.5,3.5,3.309999942779541,3.369999885559082,94033,0.0,0.0
2024-05-21 10:30:00-04:00,3.380000114440918,3.440000057220459,3.3505001068115234,3.4200000762939453,32389,0.0,0.0
2024-05-21 11:30:00-04:00,3.4049999713897705,3.4200000762939453,3.309999942779541,3.31820011138916,80921,0.0,0.0
2024-05-21 12:30:00-04:00,3.309999942779541,3.408600091934204,3.309999942779541,3.4000000953674316,10220,0.0,0.0
2024-05-21 13:30:00-04:00,3.40120005607605,3.4200000762939453,3.309999942779541,3.3299999237060547,15080,0.0,0.0
2024-05-21 14:30:00-04:00,3.359999895095825,3.359999895095825,3.319999933242798,3.3350000381469727,22421,0.0,0.0
2024-05-21 15:30:00-04:00,3.3399999141693115,3.390000104904175,3.3399999141693115,3.390000104904175,10606,0.0,0.0
2024-05-22 09:30:00-04:00,3.240000009536743,3.2899999618530273,3.0850000381469727,3.115000009536743,61305,0.0,0.0
2024-05-22 10:30:00-04:00,3.115000009536743,3.2200000286102295,3.115000009536743,3.180000066757202,33183,0.0,0.0
2024-05-22 11:30:00-04:00,3.180000066757202,3.180000066757202,3.109999895095825,3.119999885559082,26045,0.0,0.0
2024-05-22 12:30:00-04:00,3.119999885559082,3.140000104904175,3.0999999046325684,3.119999885559082,9776,0.0,0.0
2024-05-22 13:30:00-04:00,3.119999885559082,3.1600000858306885,3.0899999141693115,3.0999999046325684,18551,0.0,0.0
2024-05-22 14:30:00-04:00,3.0999999046325684,3.119999885559082,3.0799999237060547,3.109999895095825,5599,0.0,0.0
2024-05-22 15:30:00-04:00,3.118499994277954,3.118499994277954,3.0799999237060547,3.100800037384033,6347,0.0,0.0
2024-05-23 09:30:00-04:00,3.109999895095825,3.2799999713897705,3.109999895095825,3.2799999713897705,66033,0.0,0.0
2024-05-23 10:30:00-04:00,3.2799999713897705,3.2899999618530273,3.180000066757202,3.2300000190734863,10316,0.0,0.0
2024-05-23 11:30:00-04:00,3.2300000190734863,3.240000009536743,3.200000047683716,3.2395999431610107,20341,0.0,0.0
2024-05-23 12:30:00-04:00,3.2100000381469727,3.2699999809265137,3.140000104904175,3.240000009536743,48706,0.0,0.0
2024-05-23 13:30:00-04:00,3.2300000190734863,3.2300000190734863,3.180000066757202,3.1803998947143555,4562,0.0,0.0
2024-05-23 14:30:00-04:00,3.2100000381469727,3.219899892807007,3.190000057220459,3.200000047683716,5937,0.0,0.0
2024-05-23 15:30:00-04:00,3.2100000381469727,3.255000114440918,3.200000047683716,3.25,9701,0.0,0.0
2024-05-24 09:30:00-04:00,3.190000057220459,3.2300000190734863,3.109999895095825,3.2200000286102295,25101,0.0,0.0
2024-05-24 10:30:00-04:00,3.1909000873565674,3.1909000873565674,3.119999885559082,3.130000114440918,6309,0.0,0.0
2024-05-24 11:30:00-04:00,3.130000114440918,3.140000104904175,2.9904000759124756,3.0,21061,0.0,0.0
2024-05-24 12:30:00-04:00,3.0,3.049999952316284,2.950000047683716,3.009999990463257,20499,0.0,0.0
2024-05-24 13:30:00-04:00,3.009999990463257,3.049999952316284,2.9800000190734863,2.990000009536743,25436,0.0,0.0
2024-05-24 14:30:00-04:00,2.9900999069213867,3.029900074005127,2.9800000190734863,3.0,6670,0.0,0.0
2024-05-24 15:30:00-04:00,3.009999990463257,3.009999990463257,2.990000009536743,2.994999885559082,10278,0.0,0.0
2024-05-28 09:30:00-04:00,3.0899999141693115,3.140000104904175,3.0199999809265137,3.059999942779541,24544,0.0,0.0
2024-05-28 10:30:00-04:00,3.065000057220459,3.2699999809265137,3.0404999256134033,3.1700000762939453,63976,0.0,0.0
2024-05-28 11:30:00-04:00,3.2200000286102295,3.240000009536743,3.1600000858306885,3.1600000858306885,17846,0.0,0.0
2024-05-28 12:30:00-04:00,3.1600000858306885,3.25,3.1600000858306885,3.180000066757202,27560,0.0,0.0
2024-05-28 13:30:00-04:00,3.180000066757202,3.199899911880493,3.0899999141693115,3.1600000858306885,18638,0.0,0.0
2024-05-28 14:30:00-04:00,3.1549999713897705,3.2730000019073486,3.140000104904175,3.25,58591,0.0,0.0
2024-05-28 15:30:00-04:00,3.244999885559082,3.299999952316284,3.244999885559082,3.2799999713897705,22153,0.0,0.0
2024-05-29 09:30:00-04:00,3.240000009536743,3.319999933242798,3.0199999809265137,3.0399999618530273,46140,0.0,0.0
2024-05-29 10:30:00-04:00,3.0299999713897705,3.0899999141693115,2.990000009536743,3.0480000972747803,21248,0.0,0.0
2024-05-29 11:30:00-04:00,3.069999933242798,3.130000114440918,3.069999933242798,3.0899999141693115,9162,0.0,0.0
2024-05-29 12:30:00-04:00,3.081199884414673,3.1070001125335693,3.0799999237060547,3.1070001125335693,3581,0.0,0.0
2024-05-29 13:30:00-04:00,3.0801000595092773,3.0999999046325684,3.049999952316284,3.0803000926971436,15344,0.0,0.0
2024-05-29 14:30:00-04:00,3.0799999237060547,3.0899999141693115,3.059999942779541,3.089400053024292,9396,0.0,0.0
2024-05-29 15:30:00-04:00,3.0899999141693115,3.115000009536743,3.0799999237060547,3.0799999237060547,9340,0.0,0.0
2024-05-30 09:30:00-04:00,3.069999933242798,3.109999895095825,3.052799940109253,3.059999942779541,7229,0.0,0.0
2024-05-30 10:30:00-04:00,3.069999933242798,3.0999999046325684,3.069999933242798,3.0999999046325684,3067,0.0,0.0
2024-05-30 11:30:00-04:00,3.0999999046325684,3.1798999309539795,3.049999952316284,3.0599000453948975,10027,0.0,0.0
2024-05-30 12:30:00-04:00,3.049999952316284,3.085599899291992,3.049999952316284,3.085599899291992,4257,0.0,0.0
2024-05-30 13:30:00-04:00,3.0799999237060547,3.085400104522705,3.0648000240325928,3.0720999240875244,766,0.0,0.0
2024-05-30 14:30:00-04:00,3.0799999237060547,3.0799999237060547,3.059999942779541,3.069999933242798,2361,0.0,0.0
2024-05-30 15:30:00-04:00,3.049999952316284,3.065000057220459,3.0299999713897705,3.059999942779541,8623,0.0,0.0
2024-05-31 09:30:00-04:00,3.069999933242798,3.143699884414673,3.069999933242798,3.069999933242798,12805,0.0,0.0
2024-05-31 10:30:00-04:00,3.0799999237060547,3.0899999141693115,3.049999952316284,3.079200029373169,9446,0.0,0.0
2024-05-31 11:30:00-04:00,3.059999942779541,3.0785000324249268,3.0399999618530273,3.04010009765625,6759,0.0,0.0
2024-05-31 12:30:00-04:00,3.049999952316284,3.110300064086914,3.049999952316284,3.110300064086914,2968,0.0,0.0
2024-05-31 13:30:00-04:00,3.0817999839782715,3.1600000858306885,3.0817999839782715,3.152400016784668,9815,0.0,0.0
2024-05-31 14:30:00-04:00,3.1600000858306885,3.187999963760376,3.140000104904175,3.1600000858306885,5952,0.0,0.0
2024-05-31 15:30:00-04:00,3.1500000953674316,3.1500000953674316,3.0899999141693115,3.140000104904175,3891,0.0,0.0
2024-06-03 09:30:00-04:00,3.0899999141693115,3.130000114440918,2.960599899291992,2.9700000286102295,53351,0.0,0.0
2024-06-03 10:30:00-04:00,3.0199999809265137,3.0999999046325684,2.9600000381469727,3.009999990463257,24624,0.0,0.0
2024-06-03 11:30:00-04:00,3.0201001167297363,3.109999895095825,2.9700000286102295,2.9700000286102295,39446,0.0,0.0
2024-06-03 12:30:00-04:00,2.984999895095825,3.0399999618530273,2.9700000286102295,3.023699998855591,6108,0.0,0.0
2024-06-03 13:30:00-04:00,2.9800000190734863,2.9993999004364014,2.978600025177002,2.978600025177002,1462,0.0,0.0
2024-06-03 14:30:00-04:00,2.990000009536743,3.038800001144409,2.990000009536743,3.015000104904175,3795,0.0,0.0
2024-06-03 15:30:00-04:00,3.009999990463257,3.009999990463257,2.930000066757202,2.930000066757202,16193,0.0,0.0
2024-06-04 09:30:00-04:00,2.950000047683716,2.950000047683716,2.859999895095825,2.9268999099731445,27823,0.0,0.0
2024-06-04 10:30:00-04:00,2.9049999713897705,2.9200000762939453,2.880000114440918,2.9000000953674316,17129,0.0,0.0
2024-06-04 11:30:00-04:00,2.9198999404907227,2.9200000762939453,2.890000104904175,2.9200000762939453,5755,0.0,0.0
2024-06-04 12:30:00-04:00,2.9200000762939453,2.9298999309539795,2.9149999618530273,2.9200000762939453,2470,0.0,0.0
2024-06-04 13:30:00-04:00,2.930000066757202,2.9398000240325928,2.9100000858306885,2.9100000858306885,13077,0.0,0.0
2024-06-04 14:30:00-04:00,2.9000000953674316,2.9149999618530273,2.859999895095825,2.9149999618530273,4378,0.0,0.0
2024-06-04 15:30:00-04:00,2.9100000858306885,2.930000066757202,2.890000104904175,2.9200000762939453,4527,0.0,0.0
2024-06-05 09:30:00-04:00,2.9700000286102295,2.9800000190734863,2.9330999851226807,2.9330999851226807,17460,0.0,0.0
2024-06-05 10:30:00-04:00,2.9549999237060547,2.9549999237060547,2.9000000953674316,2.9149999618530273,4877,0.0,0.0
2024-06-05 11:30:00-04:00,2.9200000762939453,2.9600000381469727,2.9100000858306885,2.940000057220459,6668,0.0,0.0
2024-06-05 12:30:00-04:00,2.940000057220459,3.0299999713897705,2.9100000858306885,2.9200000762939453,23878,0.0,0.0
2024-06-05 13:30:00-04:00,2.9700000286102295,2.9700000286102295,2.944499969482422,2.9700000286102295,1869,0.0,0.0
2024-06-05 14:30:00-04:00,2.9700000286102295,2.9800000190734863,2.950000047683716,2.9600000381469727,4525,0.0,0.0
2024-06-05 15:30:00-04:00,2.9549999237060547,2.9800000190734863,2.9300999641418457,2.950000047683716,5604,0.0,0.0
2024-06-06 09:30:00-04:00,2.990000009536743,2.990000009536743,2.9000000953674316,2.9100000858306885,13533,0.0,0.0
2024-06-06 10:30:00-04:00,2.940000057220459,2.9800000190734863,2.924999952316284,2.9800000190734863,5471,0.0,0.0
2024-06-06 11:30:00-04:00,2.9800000190734863,3.059999942779541,2.9800000190734863,2.984999895095825,6480,0.0,0.0
2024-06-06 12:30:00-04:00,2.990000009536743,2.990000009536743,2.930000066757202,2.9600000381469727,7512,0.0,0.0
2024-06-06 13:30:00-04:00,2.9509999752044678,2.9951999187469482,2.940000057220459,2.9600000381469727,8116,0.0,0.0
2024-06-06 14:30:00-04:00,2.9600000381469727,2.9800000190734863,2.940000057220459,2.940000057220459,2886,0.0,0.0
2024-06-06 15:30:00-04:00,2.9532999992370605,2.9658000469207764,2.940000057220459,2.940000057220459,2061,0.0,0.0
2024-06-07 09:30:00-04:00,2.950000047683716,2.950000047683716,2.871799945831299,2.8949999809265137,10296,0.0,0.0
2024-06-07 10:30:00-04:00,2.890000104904175,2.9049999713897705,2.8299999237060547,2.8499999046325684,22159,0.0,0.0
2024-06-07 11:30:00-04:00,2.8299999237060547,2.8698999881744385,2.819999933242798,2.819999933242798,14630,0.0,0.0
2024-06-07 12:30:00-04:00,2.819999933242798,2.8399999141693115,2.799999952316284,2.799999952316284,11292,0.0,0.0
2024-06-07 13:30:00-04:00,2.8010001182556152,2.8011999130249023,2.759999990463257,2.7799999713897705,10348,0.0,0.0
2024-06-07 14:30:00-04:00,2.7799999713897705,2.815000057220459,2.7699999809265137,2.809999942779541,10477,0.0,0.0
2024-06-07 15:30:00-04:00,2.799999952316284,2.8324999809265137,2.799999952316284,2.8324999809265137,4446,0.0,0.0
2024-06-10 09:30:00-04:00,2.819999933242798,2.8499999046325684,2.799999952316284,2.809999942779541,8310,0.0,0.0
2024-06-10 10:30:00-04:00,2.8399999141693115,2.8598999977111816,2.7799999713897705,2.849900007247925,29022,0.0,0.0
2024-06-10 11:30:00-04:00,2.825000047683716,2.859999895095825,2.7899999618530273,2.8499999046325684,27504,0.0,0.0
2024-06-10 12:30:00-04:00,2.819499969482422,2.859999895095825,2.819499969482422,2.825500011444092,25670,0.0,0.0
2024-06-10 13:30:00-04:00,2.8401999473571777,2.8589999675750732,2.8401999473571777,2.8589999675750732,856,0.0,0.0
2024-06-10 14:30:00-04:00,2.8399999141693115,2.880000114440918,2.8399999141693115,2.865000009536743,2507,0.0,0.0
2024-06-10 15:30:00-04:00,2.880000114440918,2.884999990463257,2.8399999141693115,2.8499999046325684,13434,0.0,0.0
2024-06-11 09:30:00-04:00,2.8399999141693115,2.899899959564209,2.7899999618530273,2.809999942779541,21013,0.0,0.0
2024-06-11 10:30:00-04:00,2.809999942779541,2.8499999046325684,2.809999942779541,2.8499999046325684,7269,0.0,0.0
2024-06-11 11:30:00-04:00,2.819999933242798,2.819999933242798,2.809999942779541,2.817500114440918,10968,0.0,0.0
2024-06-11 12:30:00-04:00,2.819999933242798,2.8399999141693115,2.7799999713897705,2.819999933242798,5198,0.0,0.0
2024-06-11 13:30:00-04:00,2.830699920654297,2.830699920654297,2.7799999713897705,2.7799999713897705,8001,0.0,0.0
2024-06-11 14:30:00-04:00,2.805000066757202,2.819999933242798,2.740000009536743,2.75,19736,0.0,0.0
2024-06-11 15:30:00-04:00,2.75,2.7695000171661377,2.740000009536743,2.75,0,0.0,0.0
2024-06-12 09:30:00-04:00,2.7799999713897705,2.83270001411438,2.6407999992370605,2.7067999839782715,30399,0.0,0.0
2024-06-12 10:30:00-04:00,2.6600000858306885,2.6888999938964844,2.6514999866485596,2.674999952316284,7843,0.0,0.0
2024-06-12 11:30:00-04:00,2.687999963760376,2.7200000286102295,2.680500030517578,2.719899892807007,4297,0.0,0.0
2024-06-12 12:30:00-04:00,2.7100000381469727,2.737499952316284,2.7005999088287354,2.737499952316284,1528,0.0,0.0
2024-06-12 13:30:00-04:00,2.737600088119507,2.740000009536743,2.6800999641418457,2.680299997329712,8128,0.0,0.0
2024-06-12 14:30:00-04:00,2.680000066757202,2.7200000286102295,2.680000066757202,2.699899911880493,2472,0.0,0.0
2024-06-12 15:30:00-04:00,2.680000066757202,2.700000047683716,2.6600000858306885,2.690000057220459,0,0.0,0.0
2024-06-13 09:30:00-04:00,2.680000066757202,2.680000066757202,2.619999885559082,2.630000114440918,7525,0.0,0.0
2024-06-13 10:30:00-04:00,2.647200107574463,2.6679999828338623,2.640000104904175,2.6600000858306885,10455,0.0,0.0
2024-06-13 11:30:00-04:00,2.640000104904175,2.6514999866485596,2.5850000381469727,2.634700059890747,5698,0.0,0.0
2024-06-13 12:30:00-04:00,2.5999999046325684,2.6136999130249023,2.5799999237060547,2.6136999130249023,5039,0.0,0.0
2024-06-13 13:30:00-04:00,2.609999895095825,2.680000066757202,2.609999895095825,2.680000066757202,8652,0.0,0.0
2024-06-13 14:30:00-04:00,2.6500000953674316,2.6500000953674316,2.640000104904175,2.640000104904175,446,0.0,0.0
2024-06-13 15:30:00-04:00,2.6500000953674316,2.6700000762939453,2.619999885559082,2.619999885559082,0,0.0,0.0
2024-06-14 09:30:00-04:00,2.5899999141693115,2.640000104904175,2.5899999141693115,2.609999895095825,6881,0.0,0.0
2024-06-14 10:30:00-04:00,2.609999895095825,2.640000104904175,2.5950000286102295,2.640000104904175,5109,0.0,0.0
2024-06-14 11:30:00-04:00,2.630000114440918,2.6549999713897705,2.630000114440918,2.6549999713897705,1059,0.0,0.0
2024-06-14 12:30:00-04:00,2.6700000762939453,2.6700000762939453,2.640000104904175,2.640000104904175,1552,0.0,0.0
2024-06-14 13:30:00-04:00,2.6600000858306885,2.6698999404907227,2.619999885559082,2.619999885559082,3787,0.0,0.0
2024-06-14 14:30:00-04:00,2.6600000858306885,2.680000066757202,2.630000114440918,2.6600000858306885,5721,0.0,0.0
2024-06-14 15:30:00-04:00,2.6700000762939453,2.700000047683716,2.6700000762939453,2.697000026702881,2095,0.0,0.0
2024-06-17 09:30:00-04:00,2.7100000381469727,2.7200000286102295,2.630000114440918,2.6700000762939453,12877,0.0,0.0
2024-06-17 10:30:00-04:00,2.6600000858306885,2.690000057220459,2.6600000858306885,2.680000066757202,4188,0.0,0.0
2024-06-17 11:30:00-04:00,2.680000066757202,2.680000066757202,2.6600000858306885,2.671799898147583,6902,0.0,0.0
2024-06-17 12:30:00-04:00,2.6700000762939453,2.699899911880493,2.6700000762939453,2.6700000762939453,3990,0.0,0.0
2024-06-17 13:30:00-04:00,2.6700000762939453,2.6953999996185303,2.6700000762939453,2.6953999996185303,2600,0.0,0.0
2024-06-17 14:30:00-04:00,2.694999933242798,2.700000047683716,2.6600000858306885,2.6700000762939453,11988,0.0,0.0
2024-06-17 15:30:00-04:00,2.700000047683716,2.700000047683716,2.6700000762939453,2.680000066757202,0,0.0,0.0
2024-06-18 09:30:00-04:00,2.700000047683716,2.700000047683716,2.609999895095825,2.6779000759124756,3403,0.0,0.0
2024-06-18 10:30:00-04:00,2.6798999309539795,2.740000009536743,2.630000114440918,2.6700000762939453,38787,0.0,0.0
2024-06-18 11:30:00-04:00,2.690000057220459,2.700200080871582,2.630000114440918,2.6700000762939453,28490,0.0,0.0
2024-06-18 12:30:00-04:00,2.6600000858306885,2.6600000858306885,2.640000104904175,2.6600000858306885,4510,0.0,0.0
2024-06-18 13:30:00-04:00,2.6600000858306885,2.6700000762939453,2.650700092315674,2.6600000858306885,2984,0.0,0.0
2024-06-18 14:30:00-04:00,2.6698999404907227,2.6698999404907227,2.6500000953674316,2.6500000953674316,11471,0.0,0.0
2024-06-18 15:30:00-04:00,2.6500000953674316,2.669300079345703,2.640000104904175,2.6500000953674316,7747,0.0,0.0
2024-06-20 09:30:00-04:00,2.690000057220459,2.744999885559082,2.690000057220459,2.690200090408325,56203,0.0,0.0
2024-06-20 10:30:00-04:00,2.7300000190734863,2.7300000190734863,2.700000047683716,2.72760009765625,8586,0.0,0.0
2024-06-20 11:30:00-04:00,2.7200000286102295,2.7300000190734863,2.6791999340057373,2.706899881362915,5998,0.0,0.0
2024-06-20 12:30:00-04:00,2.6800999641418457,2.690000057220459,2.6500000953674316,2.6500000953674316,7244,0.0,0.0
2024-06-20 13:30:00-04:00,2.6503000259399414,2.6698999404907227,2.6500000953674316,2.6686999797821045,3740,0.0,0.0
2024-06-20 14:30:00-04:00,2.6600000858306885,2.6649999618530273,2.6500000953674316,2.6500000953674316,5139,0.0,0.0
2024-06-20 15:30:00-04:00,2.6549999713897705,2.680000066757202,2.640000104904175,2.6500000953674316,5264,0.0,0.0
2024-06-21 09:30:00-04:00,2.609999895095825,2.700000047683716,2.609999895095825,2.6700000762939453,24073,0.0,0.0
2024-06-21 10:30:00-04:00,2.66510009765625,2.7200000286102295,2.6600000858306885,2.691499948501587,28510,0.0,0.0
2024-06-21 11:30:00-04:00,2.694999933242798,2.700000047683716,2.6600000858306885,2.6700000762939453,6481,0.0,0.0
2024-06-21 12:30:00-04:00,2.630000114440918,2.6600000858306885,2.5999999046325684,2.602099895477295,27287,0.0,0.0
2024-06-21 13:30:00-04:00,2.625,2.630000114440918,2.619999885559082,2.630000114440918,1881,0.0,0.0
2024-06-21 14:30:00-04:00,2.619999885559082,2.619999885559082,2.5799999237060547,2.5899999141693115,30896,0.0,0.0
2024-06-21 15:30:00-04:00,2.580199956893921,2.580199956893921,2.5299999713897705,2.549999952316284,5930,0.0,0.0
2024-06-24 09:30:00-04:00,2.680000066757202,2.700000047683716,2.619999885559082,2.680000066757202,37785,0.0,0.0
2024-06-24 10:30:00-04:00,2.680000066757202,2.680000066757202,2.6600000858306885,2.6600000858306885,10795,0.0,0.0
2024-06-24 11:30:00-04:00,2.6510000228881836,2.666300058364868,2.628000020980835,2.6600000858306885,11915,0.0,0.0
2024-06-24 12:30:00-04:00,2.6700000762939453,2.680000066757202,2.6700000762939453,2.680000066757202,3129,0.0,0.0
2024-06-24 13:30:00-04:00,2.680000066757202,2.700000047683716,2.671299934387207,2.697000026702881,4764,0.0,0.0
2024-06-24 14:30:00-04:00,2.6900999546051025,2.759999990463257,2.6900999546051025,2.7399001121520996,21464,0.0,0.0
2024-06-24 15:30:00-04:00,2.7300000190734863,2.779900074005127,2.7100000381469727,2.740000009536743,30558,0.0,0.0
2024-06-25 09:30:00-04:00,2.809999942779541,2.8299999237060547,2.700000047683716,2.7314000129699707,29329,0.0,0.0
2024-06-25 10:30:00-04:00,2.7300000190734863,2.740000009536743,2.619999885559082,2.740000009536743,43936,0.0,0.0
2024-06-25 11:30:00-04:00,2.680000066757202,2.7200000286102295,2.619999885559082,2.6466000080108643,27151,0.0,0.0
2024-06-25 12:30:00-04:00,2.640500068664551,2.7100000381469727,2.640000104904175,2.7100000381469727,20893,0.0,0.0
2024-06-25 13:30:00-04:00,2.7100000381469727,2.759999990463257,2.7100000381469727,2.740000009536743,6725,0.0,0.0
2024-06-25 14:30:00-04:00,2.7699999809265137,2.7699999809265137,2.7200000286102295,2.759999990463257,3091,0.0,0.0
2024-06-25 15:30:00-04:00,2.759999990463257,2.7799999713897705,2.7200000286102295,2.7799999713897705,6194,0.0,0.0
2024-06-26 09:30:00-04:00,2.690000057220459,2.7300000190734863,2.680000066757202,2.699700117111206,15952,0.0,0.0
2024-06-26 10:30:00-04:00,2.7100000381469727,2.759999990463257,2.6786999702453613,2.759999990463257,12769,0.0,0.0
2024-06-26 11:30:00-04:00,2.7699999809265137,2.7699999809265137,2.7100000381469727,2.7300000190734863,9832,0.0,0.0
2024-06-26 12:30:00-04:00,2.75,2.809999942779541,2.7300000190734863,2.7799999713897705,25474,0.0,0.0
2024-06-26 13:30:00-04:00,2.7899999618530273,2.819999933242798,2.759999990463257,2.7750000953674316,8061,0.0,0.0
2024-06-26 14:30:00-04:00,2.7850000858306885,2.7850000858306885,2.740000009536743,2.740000009536743,4123,0.0,0.0
2024-06-26 15:30:00-04:00,2.740000009536743,2.7699999809265137,2.7300000190734863,2.7699999809265137,0,0.0,0.0
2024-06-27 09:30:00-04:00,2.7679998874664307,2.809999942779541,2.72760009765625,2.72760009765625,16453,0.0,0.0
2024-06-27 10:30:00-04:00,2.7799999713897705,2.7799999713897705,2.75,2.75,15462,0.0,0.0
2024-06-27 11:30:00-04:00,2.7200000286102295,2.7249999046325684,2.680000066757202,2.680000066757202,2743,0.0,0.0
2024-06-27 12:30:00-04:00,2.7300000190734863,2.7300000190734863,2.6800999641418457,2.700000047683716,8374,0.0,0.0
2024-06-27 13:30:00-04:00,2.7298998832702637,2.7298998832702637,2.6900999546051025,2.7200000286102295,4290,0.0,0.0
2024-06-27 14:30:00-04:00,2.700000047683716,2.7149999141693115,2.690000057220459,2.7100000381469727,2150,0.0,0.0
2024-06-27 15:30:00-04:00,2.7100000381469727,2.75,2.700000047683716,2.740000009536743,0,0.0,0.0
2024-06-28 09:30:00-04:00,2.809999942779541,2.809999942779541,2.7300000190734863,2.7899999618530273,15465,0.0,0.0
2024-06-28 10:30:00-04:00,2.7836999893188477,2.8499999046325684,2.7836999893188477,2.796999931335449,8226,0.0,0.0
2024-06-28 11:30:00-04:00,2.7899999618530273,2.8499999046325684,2.7899999618530273,2.8029000759124756,5965,0.0,0.0
2024-06-28 12:30:00-04:00,2.799999952316284,2.819999933242798,2.7899999618530273,2.7899999618530273,6379,0.0,0.0
2024-06-28 13:30:00-04:00,2.8092000484466553,2.819999933242798,2.7899999618530273,2.809999942779541,5030,0.0,0.0
2024-06-28 14:30:00-04:00,2.809999942779541,2.809999942779541,2.7899999618530273,2.7899999618530273,8241,0.0,0.0
2024-06-28 15:30:00-04:00,2.7899999618530273,2.819999933242798,2.75,2.75,17450,0.0,0.0
2024-07-01 09:30:00-04:00,2.799999952316284,2.8010001182556152,2.75,2.75,28637,0.0,0.0
2024-07-01 10:30:00-04:00,2.720099925994873,2.769399881362915,2.7200000286102295,2.7300000190734863,29150,0.0,0.0
2024-07-01 11:30:00-04:00,2.75,2.759999990463257,2.710099935531616,2.710099935531616,26761,0.0,0.0
2024-07-01 12:30:00-04:00,2.71370005607605,2.76990008354187,2.71370005607605,2.75,12419,0.0,0.0
2024-07-01 13:30:00-04:00,2.7437000274658203,2.7799999713897705,2.7100000381469727,2.716900110244751,13049,0.0,0.0
2024-07-01 14:30:00-04:00,2.7100000381469727,2.759999990463257,2.700000047683716,2.7599000930786133,327589,0.0,0.0
2024-07-01 15:30:00-04:00,2.7100000381469727,2.759000062942505,2.7100000381469727,2.7100000381469727,24881,0.0,0.0
2024-07-02 09:30:00-04:00,2.75,2.7799999713897705,2.7300000190734863,2.7493999004364014,42518,0.0,0.0
2024-07-02 10:30:00-04:00,2.730299949645996,2.7314999103546143,2.7200000286102295,2.7202999591827393,17627,0.0,0.0
2024-07-02 11:30:00-04:00,2.7209999561309814,2.73580002784729,2.7100000381469727,2.7100000381469727,16213,0.0,0.0
2024-07-02 12:30:00-04:00,2.700000047683716,2.700000047683716,2.610100030899048,2.6700000762939453,57495,0.0,0.0
2024-07-02 13:30:00-04:00,2.6500000953674316,2.700000047683716,2.630000114440918,2.680799961090088,11248,0.0,0.0
2024-07-02 14:30:00-04:00,2.684999942779541,2.6898000240325928,2.6500000953674316,2.651700019836426,29051,0.0,0.0
2024-07-02 15:30:00-04:00,2.6600000858306885,2.680000066757202,2.6500000953674316,2.680000066757202,6397,0.0,0.0
2024-07-03 09:30:00-04:00,2.6617000102996826,2.759999990463257,2.6617000102996826,2.740000009536743,15312,0.0,0.0
2024-07-03 10:30:00-04:00,2.7249999046325684,2.8199000358581543,2.6600000858306885,2.6600000858306885,97777,0.0,0.0
2024-07-03 11:30:00-04:00,2.6923999786376953,2.700000047683716,2.671299934387207,2.696199893951416,8356,0.0,0.0
2024-07-05 09:30:00-04:00,2.75,2.7699999809265137,2.700000047683716,2.75,44516,0.0,0.0
2024-07-05 10:30:00-04:00,2.755000114440918,2.7699999809265137,2.700000047683716,2.700000047683716,21261,0.0,0.0
2024-07-05 11:30:00-04:00,2.712899923324585,2.7200000286102295,2.686000108718872,2.700000047683716,19668,0.0,0.0
2024-07-05 12:30:00-04:00,2.700000047683716,2.7200000286102295,2.700000047683716,2.7100000381469727,2235,0.0,0.0
2024-07-05 13:30:00-04:00,2.7200000286102295,2.7300000190734863,2.7100000381469727,2.710099935531616,10897,0.0,0.0
2024-07-05 14:30:00-04:00,2.7184998989105225,2.7184998989105225,2.700000047683716,2.700000047683716,4068,0.0,0.0
2024-07-05 15:30:00-04:00,2.7100000381469727,2.7300000190734863,2.7100000381469727,2.7200000286102295,4796,0.0,0.0
