Datetime,Open,High,Low,Close,Volume,Dividends,Stock Splits,Capital Gains
2024-08-01 09:30:00-04:00,130.5,130.75,130.1999969482422,130.69000244140625,18294,0.0,0.0,0.0
2024-08-01 09:35:00-04:00,130.83999633789062,131.02000427246094,130.74000549316406,130.85000610351562,34496,0.0,0.0,0.0
2024-08-01 09:40:00-04:00,130.80999755859375,130.9040069580078,130.75999450683594,130.76950073242188,6197,0.0,0.0,0.0
2024-08-01 09:45:00-04:00,130.58999633789062,130.60000610351562,130.33999633789062,130.39999389648438,25463,0.0,0.0,0.0
2024-08-01 09:50:00-04:00,130.38499450683594,130.42999267578125,130.25,130.25999450683594,6527,0.0,0.0,0.0
2024-08-01 09:55:00-04:00,130.13999938964844,130.13999938964844,129.8800048828125,129.94000244140625,9146,0.0,0.0,0.0
2024-08-01 10:00:00-04:00,129.83999633789062,130.0500030517578,129.8000030517578,130.02000427246094,10542,0.0,0.0,0.0
2024-08-01 10:05:00-04:00,130.00999450683594,130.00999450683594,129.6999969482422,129.6999969482422,7091,0.0,0.0,0.0
2024-08-01 10:10:00-04:00,129.6768035888672,129.7100067138672,129.6768035888672,129.7100067138672,1003,0.0,0.0,0.0
2024-08-01 10:15:00-04:00,129.57449340820312,129.6699981689453,129.57449340820312,129.6699981689453,1010,0.0,0.0,0.0
2024-08-01 10:20:00-04:00,129.66009521484375,129.75999450683594,129.6501007080078,129.72999572753906,4653,0.0,0.0,0.0
2024-08-01 10:25:00-04:00,129.66000366210938,129.69000244140625,129.63009643554688,129.69000244140625,1923,0.0,0.0,0.0
2024-08-01 10:30:00-04:00,129.58999633789062,129.58999633789062,129.44000244140625,129.57000732421875,6575,0.0,0.0,0.0
2024-08-01 10:35:00-04:00,129.52999877929688,129.52999877929688,129.25999450683594,129.35000610351562,9685,0.0,0.0,0.0
2024-08-01 10:40:00-04:00,129.35830688476562,129.35830688476562,129.3000030517578,129.35000610351562,1684,0.0,0.0,0.0
2024-08-01 10:45:00-04:00,129.39549255371094,129.47999572753906,129.2899932861328,129.2899932861328,5209,0.0,0.0,0.0
2024-08-01 10:50:00-04:00,129.2902069091797,129.3300018310547,129.10000610351562,129.19000244140625,7034,0.0,0.0,0.0
2024-08-01 10:55:00-04:00,129.1999969482422,129.24000549316406,129.1999969482422,129.2017059326172,1144,0.0,0.0,0.0
2024-08-01 11:00:00-04:00,129.25,129.25,129.17930603027344,129.17930603027344,1589,0.0,0.0,0.0
2024-08-01 11:05:00-04:00,129.13499450683594,129.22000122070312,129.13499450683594,129.1999969482422,2834,0.0,0.0,0.0
2024-08-01 11:10:00-04:00,129.15899658203125,129.15899658203125,129.0,129.0,2535,0.0,0.0,0.0
2024-08-01 11:15:00-04:00,129.11000061035156,129.18899536132812,129.11000061035156,129.18899536132812,2110,0.0,0.0,0.0
2024-08-01 11:20:00-04:00,129.1199951171875,129.1199951171875,129.0399932861328,129.07000732421875,2314,0.0,0.0,0.0
2024-08-01 11:25:00-04:00,129.05039978027344,129.11000061035156,129.0500030517578,129.0500030517578,2467,0.0,0.0,0.0
2024-08-01 11:30:00-04:00,129.1300048828125,129.19000244140625,129.10000610351562,129.13999938964844,8096,0.0,0.0,0.0
2024-08-01 11:35:00-04:00,129.05999755859375,129.05999755859375,129.00999450683594,129.0500030517578,1326,0.0,0.0,0.0
2024-08-01 11:40:00-04:00,129.16000366210938,129.23289489746094,129.14500427246094,129.16900634765625,2783,0.0,0.0,0.0
2024-08-01 11:45:00-04:00,129.1759033203125,129.1759033203125,129.0500030517578,129.06900024414062,3970,0.0,0.0,0.0
2024-08-01 11:50:00-04:00,129.07339477539062,129.1199951171875,129.07339477539062,129.10000610351562,2997,0.0,0.0,0.0
2024-08-01 11:55:00-04:00,129.1699981689453,129.27499389648438,129.16000366210938,129.27499389648438,1680,0.0,0.0,0.0
2024-08-01 12:00:00-04:00,129.1699981689453,129.20899963378906,129.1699981689453,129.17999267578125,1095,0.0,0.0,0.0
2024-08-01 12:05:00-04:00,129.2303009033203,129.3000030517578,129.2303009033203,129.27999877929688,1752,0.0,0.0,0.0
2024-08-01 12:10:00-04:00,129.2801055908203,129.2801055908203,129.0800018310547,129.10000610351562,6677,0.0,0.0,0.0
2024-08-01 12:15:00-04:00,129.1999969482422,129.40460205078125,129.1999969482422,129.40460205078125,1008,0.0,0.0,0.0
2024-08-01 12:20:00-04:00,129.3800048828125,129.3800048828125,129.19500732421875,129.27000427246094,2065,0.0,0.0,0.0
2024-08-01 12:25:00-04:00,129.27999877929688,129.41000366210938,129.2799072265625,129.41000366210938,2753,0.0,0.0,0.0
2024-08-01 12:30:00-04:00,129.38999938964844,129.39199829101562,129.3000030517578,129.3000030517578,2832,0.0,0.0,0.0
2024-08-01 12:35:00-04:00,129.3300018310547,129.34429931640625,129.27000427246094,129.27000427246094,2855,0.0,0.0,0.0
2024-08-01 12:40:00-04:00,129.2100067138672,129.2100067138672,129.2100067138672,129.2100067138672,247,0.0,0.0,0.0
2024-08-01 12:45:00-04:00,129.27000427246094,129.27000427246094,129.1320037841797,129.1320037841797,565,0.0,0.0,0.0
2024-08-01 12:50:00-04:00,129.1199951171875,129.23899841308594,129.08999633789062,129.23899841308594,1374,0.0,0.0,0.0
2024-08-01 12:55:00-04:00,129.23500061035156,129.3300018310547,129.23500061035156,129.3300018310547,1271,0.0,0.0,0.0
2024-08-01 13:00:00-04:00,129.30999755859375,129.30999755859375,129.24000549316406,129.25,1995,0.0,0.0,0.0
2024-08-01 13:05:00-04:00,129.25,129.25,129.2415008544922,129.2415008544922,455,0.0,0.0,0.0
2024-08-01 13:10:00-04:00,129.2550048828125,129.2949981689453,129.2550048828125,129.2949981689453,1259,0.0,0.0,0.0
2024-08-01 13:15:00-04:00,129.25,129.32000732421875,129.23219299316406,129.32000732421875,1596,0.0,0.0,0.0
2024-08-01 13:20:00-04:00,129.1999969482422,129.2100067138672,129.19500732421875,129.2010040283203,1303,0.0,0.0,0.0
2024-08-01 13:25:00-04:00,129.3000030517578,129.3300018310547,129.24000549316406,129.25999450683594,1846,0.0,0.0,0.0
2024-08-01 13:30:00-04:00,129.24000549316406,129.25,129.19000244140625,129.22549438476562,6350,0.0,0.0,0.0
2024-08-01 13:35:00-04:00,129.1999969482422,129.2100067138672,129.1999969482422,129.2100067138672,680,0.0,0.0,0.0
2024-08-01 13:40:00-04:00,129.33900451660156,129.35000610351562,129.32510375976562,129.32510375976562,4358,0.0,0.0,0.0
2024-08-01 13:45:00-04:00,129.34750366210938,129.34750366210938,129.22999572753906,129.25,2471,0.0,0.0,0.0
2024-08-01 13:50:00-04:00,129.2100067138672,129.30999755859375,129.2100067138672,129.2899932861328,3936,0.0,0.0,0.0
2024-08-01 13:55:00-04:00,129.2899932861328,129.35899353027344,129.25,129.35899353027344,2578,0.0,0.0,0.0
2024-08-01 14:00:00-04:00,129.3800048828125,129.38999938964844,129.17999267578125,129.2100067138672,20235,0.0,0.0,0.0
2024-08-01 14:05:00-04:00,129.1999969482422,129.2899932861328,129.1999969482422,129.22000122070312,11243,0.0,0.0,0.0
2024-08-01 14:10:00-04:00,129.1999969482422,129.21099853515625,129.1300048828125,129.15049743652344,5075,0.0,0.0,0.0
2024-08-01 14:15:00-04:00,129.2899932861328,129.2899932861328,129.2899932861328,129.2899932861328,173,0.0,0.0,0.0
2024-08-01 14:20:00-04:00,129.2899932861328,129.36900329589844,129.28089904785156,129.33999633789062,2817,0.0,0.0,0.0
2024-08-01 14:25:00-04:00,129.24000549316406,129.24000549316406,129.17999267578125,129.17999267578125,1828,0.0,0.0,0.0
2024-08-01 14:30:00-04:00,129.2100067138672,129.22999572753906,129.19009399414062,129.22999572753906,1111,0.0,0.0,0.0
2024-08-01 14:35:00-04:00,129.2550048828125,129.27220153808594,129.1999969482422,129.20509338378906,2170,0.0,0.0,0.0
2024-08-01 14:40:00-04:00,129.17999267578125,129.17999267578125,129.10440063476562,129.10440063476562,1514,0.0,0.0,0.0
2024-08-01 14:45:00-04:00,129.0800018310547,129.11000061035156,129.0800018310547,129.1020050048828,1572,0.0,0.0,0.0
2024-08-01 14:50:00-04:00,129.12899780273438,129.14500427246094,129.05999755859375,129.1300048828125,2050,0.0,0.0,0.0
2024-08-01 14:55:00-04:00,129.11000061035156,129.16000366210938,129.10479736328125,129.1199951171875,1545,0.0,0.0,0.0
2024-08-01 15:00:00-04:00,129.0800018310547,129.10899353027344,129.02029418945312,129.10899353027344,2550,0.0,0.0,0.0
2024-08-01 15:05:00-04:00,129.0800018310547,129.16000366210938,129.0413055419922,129.16000366210938,3022,0.0,0.0,0.0
2024-08-01 15:10:00-04:00,129.14019775390625,129.14999389648438,129.13999938964844,129.1425018310547,1782,0.0,0.0,0.0
2024-08-01 15:15:00-04:00,129.11000061035156,129.17999267578125,129.10000610351562,129.1790008544922,2079,0.0,0.0,0.0
2024-08-01 15:20:00-04:00,129.17999267578125,129.235107421875,129.1750030517578,129.235107421875,4387,0.0,0.0,0.0
2024-08-01 15:25:00-04:00,129.3000030517578,129.35000610351562,129.25999450683594,129.31500244140625,2781,0.0,0.0,0.0
2024-08-01 15:30:00-04:00,129.3699951171875,129.4499969482422,129.36000061035156,129.42999267578125,2584,0.0,0.0,0.0
2024-08-01 15:35:00-04:00,129.4600067138672,129.49000549316406,129.4600067138672,129.49000549316406,1117,0.0,0.0,0.0
2024-08-01 15:40:00-04:00,129.4600067138672,129.47999572753906,129.4029998779297,129.4029998779297,2765,0.0,0.0,0.0
2024-08-01 15:45:00-04:00,129.4199981689453,129.55999755859375,129.4199981689453,129.49000549316406,5259,0.0,0.0,0.0
2024-08-01 15:50:00-04:00,129.5800018310547,129.63999938964844,129.3699951171875,129.3800048828125,4710,0.0,0.0,0.0
2024-08-01 15:55:00-04:00,129.4199981689453,129.53900146484375,129.4199981689453,129.50999450683594,17530,0.0,0.0,0.0
2024-08-02 09:30:00-04:00,128.67999267578125,129.1199951171875,128.67999267578125,128.86000061035156,34342,0.0,0.0,0.0
2024-08-02 09:35:00-04:00,128.80999755859375,128.82000732421875,128.4293975830078,128.4293975830078,9827,0.0,0.0,0.0
2024-08-02 09:40:00-04:00,128.39999389648438,128.6555938720703,128.35000610351562,128.6555938720703,18610,0.0,0.0,0.0
2024-08-02 09:45:00-04:00,128.57000732421875,129.00079345703125,128.57000732421875,129.00079345703125,3308,0.0,0.0,0.0
2024-08-02 09:50:00-04:00,129.02999877929688,129.1699981689453,128.8800048828125,128.8800048828125,8339,0.0,0.0,0.0
2024-08-02 09:55:00-04:00,128.80999755859375,128.82000732421875,128.4600067138672,128.4600067138672,10729,0.0,0.0,0.0
2024-08-02 10:00:00-04:00,128.41000366210938,128.57000732421875,128.38999938964844,128.52000427246094,15809,0.0,0.0,0.0
2024-08-02 10:05:00-04:00,128.5,128.5,128.0399932861328,128.08999633789062,7265,0.0,0.0,0.0
2024-08-02 10:10:00-04:00,128.13999938964844,128.1999969482422,127.72859954833984,127.75,13994,0.0,0.0,0.0
2024-08-02 10:15:00-04:00,127.73999786376953,127.79000091552734,127.55999755859375,127.55999755859375,19150,0.0,0.0,0.0
2024-08-02 10:20:00-04:00,127.31999969482422,127.31999969482422,127.0,127.04139709472656,2469,0.0,0.0,0.0
2024-08-02 10:25:00-04:00,127.0,127.16000366210938,126.97000122070312,127.04010009765625,6694,0.0,0.0,0.0
2024-08-02 10:30:00-04:00,126.98999786376953,127.2249984741211,126.98999786376953,127.22000122070312,8429,0.0,0.0,0.0
2024-08-02 10:35:00-04:00,127.25,127.25,127.16000366210938,127.23999786376953,5601,0.0,0.0,0.0
2024-08-02 10:40:00-04:00,127.26499938964844,127.26499938964844,127.08999633789062,127.12999725341797,17898,0.0,0.0,0.0
2024-08-02 10:45:00-04:00,127.02999877929688,127.02999877929688,126.7699966430664,126.79000091552734,4079,0.0,0.0,0.0
2024-08-02 10:50:00-04:00,126.86000061035156,126.93000030517578,126.86000061035156,126.89920043945312,3628,0.0,0.0,0.0
2024-08-02 10:55:00-04:00,126.83000183105469,126.83000183105469,126.60880279541016,126.71499633789062,3624,0.0,0.0,0.0
2024-08-02 11:00:00-04:00,126.73999786376953,126.74089813232422,126.5999984741211,126.5999984741211,12878,0.0,0.0,0.0
2024-08-02 11:05:00-04:00,126.42040252685547,126.46499633789062,126.33619689941406,126.37999725341797,4716,0.0,0.0,0.0
2024-08-02 11:10:00-04:00,126.38099670410156,126.47000122070312,126.36100006103516,126.36100006103516,3079,0.0,0.0,0.0
2024-08-02 11:15:00-04:00,126.30400085449219,126.4800033569336,126.29100036621094,126.44999694824219,8116,0.0,0.0,0.0
2024-08-02 11:20:00-04:00,126.4209976196289,126.4209976196289,126.23500061035156,126.24590301513672,6333,0.0,0.0,0.0
2024-08-02 11:25:00-04:00,126.26000213623047,126.30000305175781,126.16999816894531,126.27999877929688,5654,0.0,0.0,0.0
2024-08-02 11:30:00-04:00,126.26509857177734,126.27999877929688,126.19999694824219,126.20999908447266,7266,0.0,0.0,0.0
2024-08-02 11:35:00-04:00,126.16000366210938,126.30000305175781,126.16000366210938,126.29000091552734,8578,0.0,0.0,0.0
2024-08-02 11:40:00-04:00,126.23999786376953,126.33999633789062,126.2300033569336,126.33000183105469,9909,0.0,0.0,0.0
2024-08-02 11:45:00-04:00,126.4468994140625,126.52169799804688,126.44000244140625,126.52169799804688,5452,0.0,0.0,0.0
2024-08-02 11:50:00-04:00,126.6500015258789,126.6500015258789,126.49500274658203,126.49500274658203,12866,0.0,0.0,0.0
2024-08-02 11:55:00-04:00,126.49500274658203,126.58989715576172,126.4800033569336,126.56999969482422,3302,0.0,0.0,0.0
2024-08-02 12:00:00-04:00,126.49909973144531,126.68000030517578,126.46099853515625,126.68000030517578,5261,0.0,0.0,0.0
2024-08-02 12:05:00-04:00,126.5999984741211,126.82499694824219,126.5999984741211,126.82499694824219,1420,0.0,0.0,0.0
2024-08-02 12:10:00-04:00,126.7300033569336,126.84500122070312,126.71099853515625,126.84500122070312,3422,0.0,0.0,0.0
2024-08-02 12:15:00-04:00,126.88990020751953,126.90499877929688,126.83999633789062,126.83999633789062,2191,0.0,0.0,0.0
2024-08-02 12:20:00-04:00,126.94499969482422,126.94499969482422,126.8499984741211,126.86000061035156,1413,0.0,0.0,0.0
2024-08-02 12:25:00-04:00,126.9291000366211,127.06749725341797,126.90010070800781,127.06749725341797,8837,0.0,0.0,0.0
2024-08-02 12:30:00-04:00,127.03099822998047,127.11499786376953,127.03099822998047,127.05709838867188,3652,0.0,0.0,0.0
2024-08-02 12:35:00-04:00,127.03099822998047,127.15499877929688,127.0199966430664,127.15499877929688,4356,0.0,0.0,0.0
2024-08-02 12:40:00-04:00,127.0999984741211,127.16000366210938,127.08999633789062,127.13099670410156,1084,0.0,0.0,0.0
2024-08-02 12:45:00-04:00,127.08999633789062,127.20469665527344,127.08999633789062,127.20469665527344,1428,0.0,0.0,0.0
2024-08-02 12:50:00-04:00,127.23100280761719,127.23999786376953,127.1500015258789,127.1500015258789,1497,0.0,0.0,0.0
2024-08-02 12:55:00-04:00,127.05999755859375,127.20829772949219,127.02999877929688,127.19999694824219,2266,0.0,0.0,0.0
2024-08-02 13:00:00-04:00,127.0,127.02999877929688,127.0,127.0020980834961,1894,0.0,0.0,0.0
2024-08-02 13:05:00-04:00,126.93000030517578,127.01000213623047,126.88500213623047,126.98500061035156,2180,0.0,0.0,0.0
2024-08-02 13:10:00-04:00,126.95999908447266,127.0199966430664,126.88099670410156,127.0186996459961,1261,0.0,0.0,0.0
2024-08-02 13:15:00-04:00,127.0199966430664,127.02909851074219,126.95010375976562,127.0,3968,0.0,0.0,0.0
2024-08-02 13:20:00-04:00,126.94999694824219,126.94999694824219,126.86100006103516,126.86100006103516,1415,0.0,0.0,0.0
2024-08-02 13:25:00-04:00,126.88999938964844,126.96099853515625,126.88999938964844,126.96099853515625,1387,0.0,0.0,0.0
2024-08-02 13:30:00-04:00,126.97000122070312,126.97000122070312,126.9010009765625,126.9010009765625,2126,0.0,0.0,0.0
2024-08-02 13:35:00-04:00,126.9800033569336,126.98999786376953,126.91999816894531,126.94499969482422,2175,0.0,0.0,0.0
2024-08-02 13:40:00-04:00,126.93099975585938,126.97370147705078,126.93099975585938,126.95500183105469,1647,0.0,0.0,0.0
2024-08-02 13:45:00-04:00,126.91000366210938,126.96499633789062,126.87039947509766,126.96499633789062,3069,0.0,0.0,0.0
2024-08-02 13:50:00-04:00,126.9000015258789,126.9000015258789,126.83999633789062,126.85040283203125,12303,0.0,0.0,0.0
2024-08-02 13:55:00-04:00,126.83000183105469,126.83000183105469,126.72010040283203,126.72010040283203,2529,0.0,0.0,0.0
2024-08-02 14:00:00-04:00,126.70099639892578,126.70099639892578,126.60099792480469,126.60099792480469,1379,0.0,0.0,0.0
2024-08-02 14:05:00-04:00,126.66999816894531,126.66999816894531,126.63300323486328,126.6449966430664,2351,0.0,0.0,0.0
2024-08-02 14:10:00-04:00,126.69200134277344,126.69200134277344,126.69200134277344,126.69200134277344,384,0.0,0.0,0.0
2024-08-02 14:15:00-04:00,126.77999877929688,126.91000366210938,126.77999877929688,126.86000061035156,1859,0.0,0.0,0.0
2024-08-02 14:20:00-04:00,126.91999816894531,126.95999908447266,126.91999816894531,126.95989990234375,724,0.0,0.0,0.0
2024-08-02 14:25:00-04:00,126.93499755859375,126.9800033569336,126.91999816894531,126.9800033569336,1578,0.0,0.0,0.0
2024-08-02 14:30:00-04:00,127.02999877929688,127.02999877929688,127.0,127.0,1098,0.0,0.0,0.0
2024-08-02 14:35:00-04:00,126.94999694824219,126.94999694824219,126.8499984741211,126.91500091552734,1773,0.0,0.0,0.0
2024-08-02 14:40:00-04:00,126.9000015258789,127.0,126.9000015258789,127.0,1812,0.0,0.0,0.0
2024-08-02 14:45:00-04:00,126.94100189208984,126.94100189208984,126.86100006103516,126.86100006103516,1487,0.0,0.0,0.0
2024-08-02 14:50:00-04:00,126.81099700927734,126.87989807128906,126.81099700927734,126.87989807128906,2098,0.0,0.0,0.0
2024-08-02 14:55:00-04:00,126.95999908447266,127.02100372314453,126.95999908447266,127.02100372314453,1557,0.0,0.0,0.0
2024-08-02 15:00:00-04:00,127.0,127.03500366210938,127.0,127.0,1517,0.0,0.0,0.0
2024-08-02 15:05:00-04:00,127.01000213623047,127.01000213623047,126.97100067138672,127.01000213623047,1553,0.0,0.0,0.0
2024-08-02 15:10:00-04:00,126.95099639892578,126.9800033569336,126.93000030517578,126.96499633789062,16326,0.0,0.0,0.0
2024-08-02 15:15:00-04:00,126.98999786376953,127.08999633789062,126.98999786376953,127.08999633789062,3131,0.0,0.0,0.0
2024-08-02 15:20:00-04:00,127.02999877929688,127.02999877929688,126.95999908447266,127.02999877929688,1579,0.0,0.0,0.0
2024-08-02 15:25:00-04:00,127.06999969482422,127.19100189208984,127.06999969482422,127.19100189208984,2849,0.0,0.0,0.0
2024-08-02 15:30:00-04:00,127.22000122070312,127.2926025390625,127.18000030517578,127.27100372314453,5440,0.0,0.0,0.0
2024-08-02 15:35:00-04:00,127.26000213623047,127.26000213623047,127.13999938964844,127.13999938964844,2776,0.0,0.0,0.0
2024-08-02 15:40:00-04:00,127.12999725341797,127.19000244140625,127.12000274658203,127.19000244140625,2063,0.0,0.0,0.0
2024-08-02 15:45:00-04:00,127.30000305175781,127.43000030517578,127.2509994506836,127.2509994506836,16014,0.0,0.0,0.0
2024-08-02 15:50:00-04:00,127.30000305175781,127.44999694824219,127.26000213623047,127.4000015258789,9963,0.0,0.0,0.0
2024-08-02 15:55:00-04:00,127.48999786376953,127.66000366210938,127.4800033569336,127.62999725341797,38362,0.0,0.0,0.0
2024-08-05 09:30:00-04:00,125.50499725341797,125.50499725341797,124.55999755859375,124.55999755859375,55802,0.0,0.0,0.0
2024-08-05 09:35:00-04:00,124.28500366210938,124.37999725341797,123.9000015258789,124.12999725341797,15666,0.0,0.0,0.0
2024-08-05 09:40:00-04:00,124.30500030517578,124.37000274658203,123.83000183105469,123.87999725341797,12301,0.0,0.0,0.0
2024-08-05 09:45:00-04:00,123.79000091552734,123.99250030517578,123.76000213623047,123.83499908447266,7732,0.0,0.0,0.0
2024-08-05 09:50:00-04:00,123.94000244140625,124.43000030517578,123.94000244140625,124.01000213623047,9323,0.0,0.0,0.0
2024-08-05 09:55:00-04:00,124.07949829101562,124.07949829101562,123.6500015258789,123.77459716796875,3967,0.0,0.0,0.0
2024-08-05 10:00:00-04:00,123.7300033569336,124.87809753417969,123.7300033569336,124.52999877929688,11519,0.0,0.0,0.0
2024-08-05 10:05:00-04:00,124.60009765625,124.62000274658203,124.37999725341797,124.51499938964844,12993,0.0,0.0,0.0
2024-08-05 10:10:00-04:00,124.36000061035156,124.55000305175781,124.30999755859375,124.3499984741211,22015,0.0,0.0,0.0
2024-08-05 10:15:00-04:00,124.19000244140625,124.41000366210938,124.12999725341797,124.41000366210938,8029,0.0,0.0,0.0
2024-08-05 10:20:00-04:00,124.37999725341797,124.41539764404297,124.05999755859375,124.08219909667969,10676,0.0,0.0,0.0
2024-08-05 10:25:00-04:00,124.0999984741211,124.2300033569336,123.88999938964844,123.88999938964844,4647,0.0,0.0,0.0
2024-08-05 10:30:00-04:00,123.875,124.29000091552734,123.875,124.23899841308594,6173,0.0,0.0,0.0
2024-08-05 10:35:00-04:00,124.16999816894531,124.2300033569336,123.69999694824219,123.73500061035156,10736,0.0,0.0,0.0
2024-08-05 10:40:00-04:00,123.72000122070312,124.03500366210938,123.69999694824219,124.00379943847656,12885,0.0,0.0,0.0
2024-08-05 10:45:00-04:00,124.1500015258789,124.16999816894531,123.875,123.875,23147,0.0,0.0,0.0
2024-08-05 10:50:00-04:00,123.91000366210938,124.16999816894531,123.87999725341797,124.05999755859375,13382,0.0,0.0,0.0
2024-08-05 10:55:00-04:00,124.0199966430664,124.0199966430664,123.86499786376953,123.86499786376953,2627,0.0,0.0,0.0
2024-08-05 11:00:00-04:00,123.90499877929688,124.01080322265625,123.83000183105469,123.875,5474,0.0,0.0,0.0
2024-08-05 11:05:00-04:00,123.87000274658203,124.13999938964844,123.87000274658203,124.12000274658203,6302,0.0,0.0,0.0
2024-08-05 11:10:00-04:00,124.06999969482422,124.13899993896484,123.93000030517578,123.93000030517578,7658,0.0,0.0,0.0
2024-08-05 11:15:00-04:00,124.02999877929688,124.1500015258789,124.02999877929688,124.05999755859375,3783,0.0,0.0,0.0
2024-08-05 11:20:00-04:00,124.05999755859375,124.20999908447266,124.05999755859375,124.15899658203125,4488,0.0,0.0,0.0
2024-08-05 11:25:00-04:00,124.20999908447266,124.51000213623047,124.20999908447266,124.51000213623047,2388,0.0,0.0,0.0
2024-08-05 11:30:00-04:00,124.4645004272461,124.56999969482422,124.36499786376953,124.56999969482422,10901,0.0,0.0,0.0
2024-08-05 11:35:00-04:00,124.58999633789062,124.91000366210938,124.56510162353516,124.69000244140625,12362,0.0,0.0,0.0
2024-08-05 11:40:00-04:00,124.7300033569336,124.7699966430664,124.5999984741211,124.7699966430664,7186,0.0,0.0,0.0
2024-08-05 11:45:00-04:00,124.61000061035156,124.73999786376953,124.61000061035156,124.625,7467,0.0,0.0,0.0
2024-08-05 11:50:00-04:00,124.58000183105469,124.61000061035156,124.5250015258789,124.5250015258789,2605,0.0,0.0,0.0
2024-08-05 11:55:00-04:00,124.63500213623047,124.83999633789062,124.63500213623047,124.83999633789062,3370,0.0,0.0,0.0
2024-08-05 12:00:00-04:00,124.87870025634766,124.87870025634766,124.71009826660156,124.83509826660156,7456,0.0,0.0,0.0
2024-08-05 12:05:00-04:00,124.88999938964844,125.01000213623047,124.86000061035156,125.01000213623047,3407,0.0,0.0,0.0
2024-08-05 12:10:00-04:00,124.9800033569336,124.9800033569336,124.88200378417969,124.88200378417969,2383,0.0,0.0,0.0
2024-08-05 12:15:00-04:00,124.94290161132812,125.01930236816406,124.9000015258789,124.9000015258789,4239,0.0,0.0,0.0
2024-08-05 12:20:00-04:00,124.98909759521484,125.10790252685547,124.97000122070312,125.04000091552734,1855,0.0,0.0,0.0
2024-08-05 12:25:00-04:00,125.04000091552734,125.05680084228516,124.95999908447266,125.04000091552734,7245,0.0,0.0,0.0
2024-08-05 12:30:00-04:00,124.89800262451172,124.9800033569336,124.87570190429688,124.97000122070312,7856,0.0,0.0,0.0
2024-08-05 12:35:00-04:00,124.91000366210938,124.91999816894531,124.83999633789062,124.83999633789062,2832,0.0,0.0,0.0
2024-08-05 12:40:00-04:00,124.9000015258789,124.9000015258789,124.66000366210938,124.66000366210938,3552,0.0,0.0,0.0
2024-08-05 12:45:00-04:00,124.62999725341797,124.6500015258789,124.5,124.56510162353516,3102,0.0,0.0,0.0
2024-08-05 12:50:00-04:00,124.4801025390625,124.54000091552734,124.44000244140625,124.51899719238281,5532,0.0,0.0,0.0
2024-08-05 12:55:00-04:00,124.47000122070312,124.6449966430664,124.47000122070312,124.58820343017578,3854,0.0,0.0,0.0
2024-08-05 13:00:00-04:00,124.58999633789062,124.5999984741211,124.43000030517578,124.43000030517578,2998,0.0,0.0,0.0
2024-08-05 13:05:00-04:00,124.41899871826172,124.54499816894531,124.34980010986328,124.54499816894531,4427,0.0,0.0,0.0
2024-08-05 13:10:00-04:00,124.52899932861328,124.52899932861328,124.36199951171875,124.38999938964844,2218,0.0,0.0,0.0
2024-08-05 13:15:00-04:00,124.41999816894531,124.45999908447266,124.38999938964844,124.44000244140625,2336,0.0,0.0,0.0
2024-08-05 13:20:00-04:00,124.47000122070312,124.5199966430664,124.47000122070312,124.5199966430664,1388,0.0,0.0,0.0
2024-08-05 13:25:00-04:00,124.61000061035156,124.6500015258789,124.52999877929688,124.52999877929688,2960,0.0,0.0,0.0
2024-08-05 13:30:00-04:00,124.55999755859375,124.55999755859375,124.46520233154297,124.55999755859375,2100,0.0,0.0,0.0
2024-08-05 13:35:00-04:00,124.55899810791016,124.62000274658203,124.48989868164062,124.61000061035156,3019,0.0,0.0,0.0
2024-08-05 13:40:00-04:00,124.62999725341797,124.63999938964844,124.49600219726562,124.49600219726562,5778,0.0,0.0,0.0
2024-08-05 13:45:00-04:00,124.45999908447266,124.48999786376953,124.4198989868164,124.4800033569336,14753,0.0,0.0,0.0
2024-08-05 13:50:00-04:00,124.44999694824219,124.51360321044922,124.34500122070312,124.37999725341797,14495,0.0,0.0,0.0
2024-08-05 13:55:00-04:00,124.37899780273438,124.37899780273438,124.26000213623047,124.31999969482422,3453,0.0,0.0,0.0
2024-08-05 14:00:00-04:00,124.3093032836914,124.36499786376953,124.20999908447266,124.33499908447266,11673,0.0,0.0,0.0
2024-08-05 14:05:00-04:00,124.44000244140625,124.4800033569336,124.44000244140625,124.4800033569336,2882,0.0,0.0,0.0
2024-08-05 14:10:00-04:00,124.4166030883789,124.47000122070312,124.4166030883789,124.47000122070312,819,0.0,0.0,0.0
2024-08-05 14:15:00-04:00,124.5,124.59719848632812,124.5,124.59719848632812,1999,0.0,0.0,0.0
2024-08-05 14:20:00-04:00,124.56500244140625,124.59500122070312,124.55999755859375,124.59500122070312,2302,0.0,0.0,0.0
2024-08-05 14:25:00-04:00,124.62000274658203,124.63999938964844,124.58000183105469,124.5886001586914,1600,0.0,0.0,0.0
2024-08-05 14:30:00-04:00,124.61000061035156,124.61000061035156,124.38999938964844,124.38999938964844,4341,0.0,0.0,0.0
2024-08-05 14:35:00-04:00,124.38500213623047,124.44000244140625,124.37000274658203,124.3927001953125,15020,0.0,0.0,0.0
2024-08-05 14:40:00-04:00,124.38999938964844,124.48999786376953,124.38999938964844,124.4749984741211,5018,0.0,0.0,0.0
2024-08-05 14:45:00-04:00,124.46499633789062,124.47000122070312,124.38680267333984,124.38680267333984,9237,0.0,0.0,0.0
2024-08-05 14:50:00-04:00,124.43000030517578,124.47000122070312,124.42500305175781,124.42500305175781,2331,0.0,0.0,0.0
2024-08-05 14:55:00-04:00,124.45999908447266,124.45999908447266,124.3311996459961,124.33769989013672,2549,0.0,0.0,0.0
2024-08-05 15:00:00-04:00,124.33200073242188,124.4000015258789,124.22000122070312,124.2219009399414,8612,0.0,0.0,0.0
2024-08-05 15:05:00-04:00,124.2750015258789,124.29000091552734,124.23500061035156,124.23999786376953,5850,0.0,0.0,0.0
2024-08-05 15:10:00-04:00,124.26000213623047,124.26000213623047,124.08999633789062,124.1250991821289,3705,0.0,0.0,0.0
2024-08-05 15:15:00-04:00,124.13999938964844,124.19830322265625,124.13999938964844,124.18000030517578,4745,0.0,0.0,0.0
2024-08-05 15:20:00-04:00,124.19999694824219,124.2699966430664,124.15010070800781,124.20999908447266,9769,0.0,0.0,0.0
2024-08-05 15:25:00-04:00,124.20500183105469,124.20500183105469,124.08999633789062,124.0999984741211,35280,0.0,0.0,0.0
2024-08-05 15:30:00-04:00,124.13999938964844,124.13999938964844,124.05000305175781,124.05000305175781,8928,0.0,0.0,0.0
2024-08-05 15:35:00-04:00,124.08999633789062,124.08999633789062,123.93099975585938,123.9999008178711,3953,0.0,0.0,0.0
2024-08-05 15:40:00-04:00,123.95500183105469,123.95999908447266,123.88999938964844,123.88999938964844,4894,0.0,0.0,0.0
2024-08-05 15:45:00-04:00,123.91000366210938,123.93000030517578,123.80000305175781,123.80999755859375,34319,0.0,0.0,0.0
2024-08-05 15:50:00-04:00,123.79000091552734,124.11000061035156,123.79000091552734,123.94000244140625,95435,0.0,0.0,0.0
2024-08-05 15:55:00-04:00,123.94000244140625,124.05999755859375,123.93499755859375,124.04000091552734,113855,0.0,0.0,0.0
2024-08-06 09:30:00-04:00,124.18000030517578,124.26850128173828,123.94000244140625,124.26850128173828,10312,0.0,0.0,0.0
2024-08-06 09:35:00-04:00,124.13999938964844,124.72869873046875,124.13999938964844,124.72869873046875,8936,0.0,0.0,0.0
2024-08-06 09:40:00-04:00,124.79499816894531,125.05000305175781,124.7699966430664,125.0,25120,0.0,0.0,0.0
2024-08-06 09:45:00-04:00,125.05999755859375,125.06999969482422,124.7699966430664,124.95999908447266,12911,0.0,0.0,0.0
2024-08-06 09:50:00-04:00,125.12999725341797,125.31999969482422,125.12999725341797,125.30000305175781,8894,0.0,0.0,0.0
2024-08-06 09:55:00-04:00,125.27999877929688,125.4000015258789,125.26000213623047,125.4000015258789,1681,0.0,0.0,0.0
2024-08-06 10:00:00-04:00,125.36000061035156,125.52999877929688,125.27999877929688,125.33999633789062,7874,0.0,0.0,0.0
2024-08-06 10:05:00-04:00,125.27349853515625,125.44000244140625,125.27349853515625,125.44000244140625,2249,0.0,0.0,0.0
2024-08-06 10:10:00-04:00,125.41000366210938,125.41000366210938,125.36000061035156,125.4000015258789,1168,0.0,0.0,0.0
2024-08-06 10:15:00-04:00,125.37000274658203,125.48999786376953,125.36000061035156,125.36000061035156,4475,0.0,0.0,0.0
2024-08-06 10:20:00-04:00,125.4000015258789,125.51000213623047,125.37000274658203,125.45999908447266,6864,0.0,0.0,0.0
2024-08-06 10:25:00-04:00,125.6500015258789,125.6500015258789,125.31999969482422,125.31999969482422,3488,0.0,0.0,0.0
2024-08-06 10:30:00-04:00,125.33999633789062,125.47000122070312,125.2300033569336,125.47000122070312,8474,0.0,0.0,0.0
2024-08-06 10:35:00-04:00,125.48500061035156,125.55999755859375,125.29000091552734,125.29000091552734,13558,0.0,0.0,0.0
2024-08-06 10:40:00-04:00,125.3499984741211,125.62999725341797,125.3499984741211,125.62999725341797,5459,0.0,0.0,0.0
2024-08-06 10:45:00-04:00,125.7699966430664,125.79000091552734,125.75,125.7750015258789,2381,0.0,0.0,0.0
2024-08-06 10:50:00-04:00,125.58000183105469,125.69999694824219,125.58000183105469,125.65779876708984,3413,0.0,0.0,0.0
2024-08-06 10:55:00-04:00,125.58000183105469,125.58000183105469,125.38999938964844,125.43479919433594,2177,0.0,0.0,0.0
2024-08-06 11:00:00-04:00,125.46920013427734,125.55999755859375,125.37000274658203,125.51000213623047,4442,0.0,0.0,0.0
2024-08-06 11:05:00-04:00,125.48509979248047,125.4884033203125,125.26100158691406,125.26100158691406,3212,0.0,0.0,0.0
2024-08-06 11:10:00-04:00,125.19999694824219,125.2699966430664,125.1709976196289,125.2699966430664,3837,0.0,0.0,0.0
2024-08-06 11:15:00-04:00,125.26000213623047,125.29000091552734,125.16999816894531,125.23999786376953,4649,0.0,0.0,0.0
2024-08-06 11:20:00-04:00,125.18000030517578,125.18000030517578,124.9800033569336,124.98999786376953,3161,0.0,0.0,0.0
2024-08-06 11:25:00-04:00,124.9800033569336,125.08999633789062,124.85099792480469,124.85199737548828,3819,0.0,0.0,0.0
2024-08-06 11:30:00-04:00,124.86000061035156,124.98999786376953,124.86000061035156,124.91000366210938,4133,0.0,0.0,0.0
2024-08-06 11:35:00-04:00,124.91000366210938,125.01740264892578,124.91000366210938,125.01740264892578,2199,0.0,0.0,0.0
2024-08-06 11:40:00-04:00,125.02999877929688,125.08039855957031,124.98999786376953,124.98999786376953,2809,0.0,0.0,0.0
2024-08-06 11:45:00-04:00,125.04499816894531,125.1500015258789,124.9749984741211,125.1500015258789,3522,0.0,0.0,0.0
2024-08-06 11:50:00-04:00,125.19000244140625,125.26000213623047,125.19000244140625,125.20999908447266,2378,0.0,0.0,0.0
2024-08-06 11:55:00-04:00,125.30000305175781,125.30000305175781,125.19999694824219,125.2300033569336,5104,0.0,0.0,0.0
2024-08-06 12:00:00-04:00,125.37000274658203,125.44000244140625,125.36000061035156,125.4000015258789,3035,0.0,0.0,0.0
2024-08-06 12:05:00-04:00,125.4010009765625,125.5,125.4010009765625,125.45999908447266,1408,0.0,0.0,0.0
2024-08-06 12:10:00-04:00,125.44860076904297,125.47039794921875,125.39099884033203,125.47039794921875,2467,0.0,0.0,0.0
2024-08-06 12:15:00-04:00,125.5009994506836,125.62000274658203,125.5009994506836,125.5510025024414,3590,0.0,0.0,0.0
2024-08-06 12:20:00-04:00,125.54000091552734,125.54039764404297,125.41999816894531,125.4800033569336,4996,0.0,0.0,0.0
2024-08-06 12:25:00-04:00,125.4209976196289,125.53450012207031,125.39099884033203,125.51000213623047,2872,0.0,0.0,0.0
2024-08-06 12:30:00-04:00,125.44999694824219,125.44999694824219,125.38999938964844,125.38999938964844,1542,0.0,0.0,0.0
2024-08-06 12:35:00-04:00,125.36759948730469,125.38500213623047,125.2936019897461,125.36000061035156,3856,0.0,0.0,0.0
2024-08-06 12:40:00-04:00,125.43000030517578,125.45989990234375,125.37999725341797,125.41100311279297,2258,0.0,0.0,0.0
2024-08-06 12:45:00-04:00,125.37100219726562,125.44000244140625,125.33999633789062,125.33999633789062,2877,0.0,0.0,0.0
2024-08-06 12:50:00-04:00,125.41000366210938,125.61000061035156,125.41000366210938,125.61000061035156,2000,0.0,0.0,0.0
2024-08-06 12:55:00-04:00,125.56099700927734,125.56099700927734,125.56099700927734,125.56099700927734,345,0.0,0.0,0.0
2024-08-06 13:00:00-04:00,125.56099700927734,125.70999908447266,125.54000091552734,125.61000061035156,3627,0.0,0.0,0.0
2024-08-06 13:05:00-04:00,125.56999969482422,125.61710357666016,125.52999877929688,125.58989715576172,4614,0.0,0.0,0.0
2024-08-06 13:10:00-04:00,125.5510025024414,125.68099975585938,125.5510025024414,125.66349792480469,2241,0.0,0.0,0.0
2024-08-06 13:15:00-04:00,125.66000366210938,125.7145004272461,125.66000366210938,125.7145004272461,2405,0.0,0.0,0.0
2024-08-06 13:20:00-04:00,125.68099975585938,125.69999694824219,125.625,125.625,1557,0.0,0.0,0.0
2024-08-06 13:25:00-04:00,125.66999816894531,125.7300033569336,125.6500015258789,125.7300033569336,14453,0.0,0.0,0.0
2024-08-06 13:30:00-04:00,125.76000213623047,125.77999877929688,125.71009826660156,125.74690246582031,3772,0.0,0.0,0.0
2024-08-06 13:35:00-04:00,125.76000213623047,125.80000305175781,125.70999908447266,125.80000305175781,2552,0.0,0.0,0.0
2024-08-06 13:40:00-04:00,125.81719970703125,125.81719970703125,125.70999908447266,125.70999908447266,2586,0.0,0.0,0.0
2024-08-06 13:45:00-04:00,125.75019836425781,125.7667007446289,125.73100280761719,125.7667007446289,1035,0.0,0.0,0.0
2024-08-06 13:50:00-04:00,125.80290222167969,125.86689758300781,125.80290222167969,125.86689758300781,1599,0.0,0.0,0.0
2024-08-06 13:55:00-04:00,125.90989685058594,125.93920135498047,125.88999938964844,125.90499877929688,3696,0.0,0.0,0.0
2024-08-06 14:00:00-04:00,125.8550033569336,125.8550033569336,125.8550033569336,125.8550033569336,766,0.0,0.0,0.0
2024-08-06 14:05:00-04:00,125.80000305175781,125.83000183105469,125.76499938964844,125.76499938964844,3120,0.0,0.0,0.0
2024-08-06 14:10:00-04:00,125.81999969482422,125.83000183105469,125.7300033569336,125.7300033569336,1428,0.0,0.0,0.0
2024-08-06 14:15:00-04:00,125.77999877929688,125.91999816894531,125.77999877929688,125.91999816894531,3159,0.0,0.0,0.0
2024-08-06 14:20:00-04:00,125.95999908447266,126.03700256347656,125.95999908447266,126.03700256347656,1836,0.0,0.0,0.0
2024-08-06 14:25:00-04:00,126.05010223388672,126.05010223388672,126.0022964477539,126.02619934082031,1003,0.0,0.0,0.0
2024-08-06 14:30:00-04:00,126.08000183105469,126.12950134277344,126.08000183105469,126.12010192871094,3369,0.0,0.0,0.0
2024-08-06 14:35:00-04:00,126.12999725341797,126.20490264892578,126.1050033569336,126.16999816894531,2623,0.0,0.0,0.0
2024-08-06 14:40:00-04:00,126.1698989868164,126.19000244140625,126.1698989868164,126.16999816894531,5971,0.0,0.0,0.0
2024-08-06 14:45:00-04:00,126.18000030517578,126.18000030517578,126.18000030517578,126.18000030517578,568,0.0,0.0,0.0
2024-08-06 14:50:00-04:00,126.16000366210938,126.21759796142578,126.12999725341797,126.12999725341797,3038,0.0,0.0,0.0
2024-08-06 14:55:00-04:00,126.12999725341797,126.12999725341797,125.81999969482422,125.81999969482422,5844,0.0,0.0,0.0
2024-08-06 15:00:00-04:00,125.77999877929688,125.80999755859375,125.58000183105469,125.58000183105469,3718,0.0,0.0,0.0
2024-08-06 15:05:00-04:00,125.5,125.51000213623047,125.33000183105469,125.4800033569336,12623,0.0,0.0,0.0
2024-08-06 15:10:00-04:00,125.47000122070312,125.58999633789062,125.45999908447266,125.56999969482422,16218,0.0,0.0,0.0
2024-08-06 15:15:00-04:00,125.59500122070312,125.59500122070312,125.44000244140625,125.44999694824219,2834,0.0,0.0,0.0
2024-08-06 15:20:00-04:00,125.48999786376953,125.76000213623047,125.47000122070312,125.7300033569336,5370,0.0,0.0,0.0
2024-08-06 15:25:00-04:00,125.83000183105469,125.86000061035156,125.69000244140625,125.72000122070312,3004,0.0,0.0,0.0
2024-08-06 15:30:00-04:00,125.7300033569336,125.75,125.61000061035156,125.69999694824219,3776,0.0,0.0,0.0
2024-08-06 15:35:00-04:00,125.70999908447266,125.76499938964844,125.69000244140625,125.76499938964844,4707,0.0,0.0,0.0
2024-08-06 15:40:00-04:00,125.74829864501953,125.74829864501953,125.5999984741211,125.5999984741211,40459,0.0,0.0,0.0
2024-08-06 15:45:00-04:00,125.55000305175781,125.58000183105469,125.31999969482422,125.31999969482422,3080,0.0,0.0,0.0
2024-08-06 15:50:00-04:00,125.2699966430664,125.36000061035156,125.05000305175781,125.05000305175781,38674,0.0,0.0,0.0
2024-08-06 15:55:00-04:00,125.06999969482422,125.08000183105469,124.88999938964844,124.88999938964844,54788,0.0,0.0,0.0
2024-08-07 09:30:00-04:00,125.8499984741211,126.0999984741211,125.76000213623047,125.95999908447266,14248,0.0,0.0,0.0
2024-08-07 09:35:00-04:00,126.05999755859375,126.3499984741211,126.05999755859375,126.3499984741211,3264,0.0,0.0,0.0
2024-08-07 09:40:00-04:00,126.30999755859375,126.44999694824219,126.29000091552734,126.30000305175781,10057,0.0,0.0,0.0
2024-08-07 09:45:00-04:00,126.37000274658203,126.50450134277344,126.20999908447266,126.2300033569336,12639,0.0,0.0,0.0
2024-08-07 09:50:00-04:00,126.25,126.56999969482422,126.24500274658203,126.56999969482422,3919,0.0,0.0,0.0
2024-08-07 09:55:00-04:00,126.62999725341797,126.86000061035156,126.62999725341797,126.82119750976562,4364,0.0,0.0,0.0
2024-08-07 10:00:00-04:00,126.8822021484375,126.88999938964844,126.6050033569336,126.6050033569336,5586,0.0,0.0,0.0
2024-08-07 10:05:00-04:00,126.55999755859375,126.69499969482422,126.55999755859375,126.69499969482422,23879,0.0,0.0,0.0
2024-08-07 10:10:00-04:00,126.65989685058594,126.66000366210938,126.44000244140625,126.44000244140625,2043,0.0,0.0,0.0
2024-08-07 10:15:00-04:00,126.53939819335938,126.53939819335938,126.41000366210938,126.41000366210938,1620,0.0,0.0,0.0
2024-08-07 10:20:00-04:00,126.46929931640625,126.5,126.44999694824219,126.44999694824219,2855,0.0,0.0,0.0
2024-08-07 10:25:00-04:00,126.43000030517578,126.43000030517578,126.27249908447266,126.31999969482422,3804,0.0,0.0,0.0
2024-08-07 10:30:00-04:00,126.29499816894531,126.36000061035156,126.24500274658203,126.28500366210938,4057,0.0,0.0,0.0
2024-08-07 10:35:00-04:00,126.3301010131836,126.4000015258789,126.3301010131836,126.4000015258789,1896,0.0,0.0,0.0
2024-08-07 10:40:00-04:00,126.40280151367188,126.41000366210938,126.38269805908203,126.41000366210938,2741,0.0,0.0,0.0
2024-08-07 10:45:00-04:00,126.44999694824219,126.58000183105469,126.43000030517578,126.43000030517578,3183,0.0,0.0,0.0
2024-08-07 10:50:00-04:00,126.44000244140625,126.4749984741211,126.41999816894531,126.41999816894531,2765,0.0,0.0,0.0
2024-08-07 10:55:00-04:00,126.55000305175781,126.56179809570312,126.52999877929688,126.55500030517578,1041,0.0,0.0,0.0
2024-08-07 11:00:00-04:00,126.55000305175781,126.55999755859375,126.4800033569336,126.55999755859375,1342,0.0,0.0,0.0
2024-08-07 11:05:00-04:00,126.54000091552734,126.58000183105469,126.5250015258789,126.56500244140625,1886,0.0,0.0,0.0
2024-08-07 11:10:00-04:00,126.52999877929688,126.52999877929688,126.40260314941406,126.40260314941406,2533,0.0,0.0,0.0
2024-08-07 11:15:00-04:00,126.45999908447266,126.45999908447266,126.27999877929688,126.30500030517578,1274,0.0,0.0,0.0
2024-08-07 11:20:00-04:00,126.37999725341797,126.37999725341797,126.33499908447266,126.33499908447266,347,0.0,0.0,0.0
2024-08-07 11:25:00-04:00,126.44000244140625,126.58000183105469,126.44000244140625,126.58000183105469,842,0.0,0.0,0.0
2024-08-07 11:30:00-04:00,126.57499694824219,126.58999633789062,126.5000991821289,126.5000991821289,1412,0.0,0.0,0.0
2024-08-07 11:35:00-04:00,126.50499725341797,126.5999984741211,126.50499725341797,126.5999984741211,7540,0.0,0.0,0.0
2024-08-07 11:40:00-04:00,126.54000091552734,126.65499877929688,126.54000091552734,126.6144027709961,2116,0.0,0.0,0.0
2024-08-07 11:45:00-04:00,126.44999694824219,126.44999694824219,126.2699966430664,126.30000305175781,2138,0.0,0.0,0.0
2024-08-07 11:50:00-04:00,126.38999938964844,126.38999938964844,126.33000183105469,126.3499984741211,1240,0.0,0.0,0.0
2024-08-07 11:55:00-04:00,126.31999969482422,126.33000183105469,126.26689910888672,126.26689910888672,2977,0.0,0.0,0.0
2024-08-07 12:00:00-04:00,126.23860168457031,126.2699966430664,126.20999908447266,126.20999908447266,1679,0.0,0.0,0.0
2024-08-07 12:05:00-04:00,126.16889953613281,126.19999694824219,126.11000061035156,126.11000061035156,4260,0.0,0.0,0.0
2024-08-07 12:10:00-04:00,126.0,126.20500183105469,126.0,126.20500183105469,3916,0.0,0.0,0.0
2024-08-07 12:15:00-04:00,126.14530181884766,126.22000122070312,126.14530181884766,126.22000122070312,951,0.0,0.0,0.0
2024-08-07 12:20:00-04:00,126.19000244140625,126.19000244140625,126.1500015258789,126.19000244140625,2176,0.0,0.0,0.0
2024-08-07 12:25:00-04:00,126.19999694824219,126.2699966430664,126.19499969482422,126.2699966430664,3254,0.0,0.0,0.0
2024-08-07 12:30:00-04:00,126.23500061035156,126.26000213623047,126.18000030517578,126.26000213623047,2526,0.0,0.0,0.0
2024-08-07 12:35:00-04:00,126.2301025390625,126.25900268554688,126.20040130615234,126.20040130615234,4653,0.0,0.0,0.0
2024-08-07 12:45:00-04:00,126.05999755859375,126.09500122070312,125.910400390625,125.910400390625,2495,0.0,0.0,0.0
2024-08-07 12:50:00-04:00,125.8499984741211,125.94000244140625,125.80000305175781,125.83000183105469,2449,0.0,0.0,0.0
2024-08-07 12:55:00-04:00,125.80000305175781,125.83989715576172,125.77970123291016,125.77970123291016,2126,0.0,0.0,0.0
2024-08-07 13:00:00-04:00,125.69999694824219,125.69999694824219,125.62999725341797,125.69000244140625,1206,0.0,0.0,0.0
2024-08-07 13:05:00-04:00,125.63999938964844,125.68000030517578,125.5,125.5,2637,0.0,0.0,0.0
2024-08-07 13:10:00-04:00,125.44999694824219,125.45999908447266,125.42739868164062,125.45999908447266,807,0.0,0.0,0.0
2024-08-07 13:15:00-04:00,125.44999694824219,125.45880126953125,125.44499969482422,125.44499969482422,2618,0.0,0.0,0.0
2024-08-07 13:20:00-04:00,125.45999908447266,125.66999816894531,125.45999908447266,125.66999816894531,10298,0.0,0.0,0.0
2024-08-07 13:25:00-04:00,125.73999786376953,125.73999786376953,125.6449966430664,125.6449966430664,923,0.0,0.0,0.0
2024-08-07 13:30:00-04:00,125.76000213623047,125.78730010986328,125.75,125.77999877929688,1630,0.0,0.0,0.0
2024-08-07 13:35:00-04:00,125.8499984741211,125.94999694824219,125.81999969482422,125.8499984741211,3313,0.0,0.0,0.0
2024-08-07 13:40:00-04:00,125.8759994506836,125.8759994506836,125.73999786376953,125.76000213623047,4098,0.0,0.0,0.0
2024-08-07 13:45:00-04:00,125.72000122070312,125.72000122070312,125.45999908447266,125.45999908447266,2843,0.0,0.0,0.0
2024-08-07 13:50:00-04:00,125.46499633789062,125.46499633789062,125.46499633789062,125.46499633789062,270,0.0,0.0,0.0
2024-08-07 13:55:00-04:00,125.4000015258789,125.4000015258789,125.30039978027344,125.3750991821289,4392,0.0,0.0,0.0
2024-08-07 14:00:00-04:00,125.33999633789062,125.33999633789062,125.22000122070312,125.23999786376953,3715,0.0,0.0,0.0
2024-08-07 14:05:00-04:00,125.19999694824219,125.19999694824219,125.1500015258789,125.16000366210938,2487,0.0,0.0,0.0
2024-08-07 14:10:00-04:00,125.12039947509766,125.12039947509766,125.0,125.0,994,0.0,0.0,0.0
2024-08-07 14:15:00-04:00,124.98370361328125,125.01000213623047,124.87999725341797,124.90129852294922,1725,0.0,0.0,0.0
2024-08-07 14:20:00-04:00,124.95999908447266,124.97000122070312,124.95999908447266,124.97000122070312,778,0.0,0.0,0.0
2024-08-07 14:25:00-04:00,124.88909912109375,125.04000091552734,124.88909912109375,125.0197982788086,861,0.0,0.0,0.0
2024-08-07 14:30:00-04:00,124.9749984741211,124.9749984741211,124.91000366210938,124.92500305175781,1774,0.0,0.0,0.0
2024-08-07 14:35:00-04:00,124.90499877929688,124.91999816894531,124.86000061035156,124.9000015258789,2957,0.0,0.0,0.0
2024-08-07 14:40:00-04:00,124.97000122070312,125.00499725341797,124.97000122070312,125.00499725341797,793,0.0,0.0,0.0
2024-08-07 14:45:00-04:00,124.97000122070312,124.97000122070312,124.79419708251953,124.79419708251953,4113,0.0,0.0,0.0
2024-08-07 14:50:00-04:00,124.80000305175781,124.80000305175781,124.76000213623047,124.76020050048828,5921,0.0,0.0,0.0
2024-08-07 14:55:00-04:00,124.8499984741211,124.8499984741211,124.80999755859375,124.80999755859375,1115,0.0,0.0,0.0
2024-08-07 15:00:00-04:00,124.91000366210938,125.10990142822266,124.91000366210938,125.0999984741211,1640,0.0,0.0,0.0
2024-08-07 15:05:00-04:00,125.12000274658203,125.12000274658203,125.0199966430664,125.0199966430664,1665,0.0,0.0,0.0
2024-08-07 15:10:00-04:00,125.05999755859375,125.08000183105469,125.05999755859375,125.08000183105469,2018,0.0,0.0,0.0
2024-08-07 15:15:00-04:00,125.08999633789062,125.11009979248047,125.08999633789062,125.11009979248047,3274,0.0,0.0,0.0
2024-08-07 15:20:00-04:00,125.22000122070312,125.22160339355469,125.12200164794922,125.12999725341797,2149,0.0,0.0,0.0
2024-08-07 15:25:00-04:00,125.11009979248047,125.22160339355469,125.11009979248047,125.22160339355469,6902,0.0,0.0,0.0
2024-08-07 15:30:00-04:00,125.12999725341797,125.25,125.11009979248047,125.2261962890625,5721,0.0,0.0,0.0
2024-08-07 15:35:00-04:00,125.23750305175781,125.23750305175781,125.14209747314453,125.14209747314453,1523,0.0,0.0,0.0
2024-08-07 15:40:00-04:00,125.13999938964844,125.13999938964844,124.98989868164062,124.98989868164062,3640,0.0,0.0,0.0
2024-08-07 15:45:00-04:00,124.98999786376953,125.1709976196289,124.9800033569336,125.1709976196289,1994,0.0,0.0,0.0
2024-08-07 15:50:00-04:00,125.04000091552734,125.04000091552734,124.76000213623047,124.77999877929688,3705,0.0,0.0,0.0
2024-08-07 15:55:00-04:00,124.7699966430664,124.81999969482422,124.68000030517578,124.73999786376953,84746,0.0,0.0,0.0
2024-08-08 09:30:00-04:00,125.06999969482422,125.06999969482422,124.88999938964844,124.89189910888672,5279,0.0,0.0,0.0
2024-08-08 09:35:00-04:00,125.30999755859375,125.37000274658203,125.29000091552734,125.37000274658203,4141,0.0,0.0,0.0
2024-08-08 09:40:00-04:00,125.52999877929688,125.6500015258789,125.47000122070312,125.4800033569336,6243,0.0,0.0,0.0
2024-08-08 09:45:00-04:00,125.56500244140625,125.83999633789062,125.54000091552734,125.7249984741211,5255,0.0,0.0,0.0
2024-08-08 09:50:00-04:00,125.62000274658203,126.0,125.62000274658203,125.88500213623047,12471,0.0,0.0,0.0
2024-08-08 09:55:00-04:00,126.05999755859375,126.06500244140625,126.0,126.0,3072,0.0,0.0,0.0
2024-08-08 10:00:00-04:00,126.12999725341797,126.13330078125,126.12059783935547,126.12059783935547,1196,0.0,0.0,0.0
2024-08-08 10:05:00-04:00,126.16000366210938,126.16000366210938,125.70999908447266,125.70999908447266,5328,0.0,0.0,0.0
2024-08-08 10:10:00-04:00,125.7699966430664,125.91000366210938,125.76000213623047,125.9000015258789,2787,0.0,0.0,0.0
2024-08-08 10:15:00-04:00,125.83999633789062,125.91000366210938,125.83999633789062,125.8949966430664,2975,0.0,0.0,0.0
2024-08-08 10:20:00-04:00,125.87999725341797,126.0999984741211,125.87999725341797,126.0999984741211,4343,0.0,0.0,0.0
2024-08-08 10:25:00-04:00,126.16000366210938,126.2300033569336,126.16000366210938,126.20349884033203,5327,0.0,0.0,0.0
2024-08-08 10:30:00-04:00,126.19000244140625,126.20030212402344,126.11000061035156,126.20030212402344,3595,0.0,0.0,0.0
2024-08-08 10:35:00-04:00,126.16999816894531,126.16999816894531,126.12000274658203,126.13999938964844,2941,0.0,0.0,0.0
2024-08-08 10:40:00-04:00,126.10009765625,126.12000274658203,126.05999755859375,126.05999755859375,1314,0.0,0.0,0.0
2024-08-08 10:45:00-04:00,125.98999786376953,126.02999877929688,125.98999786376953,126.02999877929688,839,0.0,0.0,0.0
2024-08-08 10:50:00-04:00,125.96499633789062,126.01000213623047,125.93119812011719,126.0,4614,0.0,0.0,0.0
2024-08-08 10:55:00-04:00,126.0365982055664,126.11419677734375,126.0365982055664,126.0999984741211,4479,0.0,0.0,0.0
2024-08-08 11:00:00-04:00,126.07340240478516,126.13999938964844,126.06939697265625,126.13999938964844,1341,0.0,0.0,0.0
2024-08-08 11:05:00-04:00,126.14530181884766,126.14530181884766,126.08999633789062,126.08999633789062,1628,0.0,0.0,0.0
2024-08-08 11:10:00-04:00,126.06999969482422,126.06999969482422,125.93689727783203,125.98999786376953,4360,0.0,0.0,0.0
2024-08-08 11:15:00-04:00,125.9000015258789,125.93000030517578,125.89140319824219,125.89140319824219,2851,0.0,0.0,0.0
2024-08-08 11:20:00-04:00,125.87000274658203,125.95989990234375,125.8550033569336,125.87249755859375,3060,0.0,0.0,0.0
2024-08-08 11:25:00-04:00,125.96520233154297,126.08999633789062,125.96520233154297,126.05999755859375,907,0.0,0.0,0.0
2024-08-08 11:30:00-04:00,125.9209976196289,126.01000213623047,125.9209976196289,125.93000030517578,2267,0.0,0.0,0.0
2024-08-08 11:35:00-04:00,125.8749008178711,125.93000030517578,125.8749008178711,125.87999725341797,3621,0.0,0.0,0.0
2024-08-08 11:40:00-04:00,125.8499984741211,125.8499984741211,125.80000305175781,125.83380126953125,731,0.0,0.0,0.0
2024-08-08 11:45:00-04:00,125.81500244140625,125.81500244140625,125.81500244140625,125.81500244140625,370,0.0,0.0,0.0
2024-08-08 11:50:00-04:00,125.91000366210938,125.9800033569336,125.91000366210938,125.94000244140625,1831,0.0,0.0,0.0
2024-08-08 11:55:00-04:00,125.9625015258789,125.9625015258789,125.87159729003906,125.87159729003906,4367,0.0,0.0,0.0
2024-08-08 12:00:00-04:00,125.86000061035156,126.01000213623047,125.83000183105469,126.01000213623047,1031,0.0,0.0,0.0
2024-08-08 12:05:00-04:00,126.06999969482422,126.06999969482422,125.99469757080078,125.99469757080078,4219,0.0,0.0,0.0
2024-08-08 12:10:00-04:00,125.9800033569336,125.9800033569336,125.81999969482422,125.8550033569336,1739,0.0,0.0,0.0
2024-08-08 12:15:00-04:00,125.91000366210938,125.91999816894531,125.8364028930664,125.8364028930664,866,0.0,0.0,0.0
2024-08-08 12:20:00-04:00,125.9000015258789,125.91500091552734,125.87999725341797,125.87999725341797,4406,0.0,0.0,0.0
2024-08-08 12:25:00-04:00,125.91000366210938,125.91999816894531,125.91000366210938,125.91999816894531,2766,0.0,0.0,0.0
2024-08-08 12:30:00-04:00,125.83499908447266,125.87999725341797,125.80999755859375,125.81990051269531,3375,0.0,0.0,0.0
2024-08-08 12:35:00-04:00,125.62999725341797,125.62999725341797,125.59500122070312,125.59500122070312,506,0.0,0.0,0.0
2024-08-08 12:40:00-04:00,125.572998046875,125.67500305175781,125.572998046875,125.67500305175781,4557,0.0,0.0,0.0
2024-08-08 12:45:00-04:00,125.69000244140625,125.77999877929688,125.69000244140625,125.77999877929688,1511,0.0,0.0,0.0
2024-08-08 12:50:00-04:00,125.78099822998047,125.78099822998047,125.78099822998047,125.78099822998047,401,0.0,0.0,0.0
2024-08-08 12:55:00-04:00,125.83999633789062,125.83999633789062,125.76000213623047,125.76000213623047,2416,0.0,0.0,0.0
2024-08-08 13:00:00-04:00,125.7699966430664,125.7699966430664,125.66339874267578,125.68990325927734,2684,0.0,0.0,0.0
2024-08-08 13:05:00-04:00,125.6500015258789,125.7300033569336,125.6500015258789,125.7300033569336,706,0.0,0.0,0.0
2024-08-08 13:10:00-04:00,125.73419952392578,125.81990051269531,125.72049713134766,125.80000305175781,1625,0.0,0.0,0.0
2024-08-08 13:15:00-04:00,125.84500122070312,125.9800033569336,125.84500122070312,125.9800033569336,6458,0.0,0.0,0.0
2024-08-08 13:20:00-04:00,126.08000183105469,126.08000183105469,126.0199966430664,126.0199966430664,2158,0.0,0.0,0.0
2024-08-08 13:25:00-04:00,126.05999755859375,126.08999633789062,126.02140045166016,126.08999633789062,10142,0.0,0.0,0.0
2024-08-08 13:30:00-04:00,126.17500305175781,126.17500305175781,126.17500305175781,126.17500305175781,436,0.0,0.0,0.0
2024-08-08 13:35:00-04:00,126.08000183105469,126.08000183105469,125.9800033569336,126.02999877929688,11514,0.0,0.0,0.0
2024-08-08 13:40:00-04:00,126.06500244140625,126.12000274658203,126.05000305175781,126.05000305175781,3749,0.0,0.0,0.0
2024-08-08 13:45:00-04:00,126.04000091552734,126.05979919433594,126.01499938964844,126.02999877929688,1647,0.0,0.0,0.0
2024-08-08 13:50:00-04:00,125.97650146484375,126.02999877929688,125.95999908447266,126.0,3952,0.0,0.0,0.0
2024-08-08 13:55:00-04:00,126.00499725341797,126.01000213623047,125.9800033569336,126.01000213623047,723,0.0,0.0,0.0
2024-08-08 14:05:00-04:00,126.07099914550781,126.08999633789062,126.06999969482422,126.08999633789062,2017,0.0,0.0,0.0
2024-08-08 14:10:00-04:00,126.0999984741211,126.12999725341797,126.08999633789062,126.12000274658203,2695,0.0,0.0,0.0
2024-08-08 14:15:00-04:00,126.08999633789062,126.16899871826172,126.08000183105469,126.15499877929688,4305,0.0,0.0,0.0
2024-08-08 14:20:00-04:00,126.1250991821289,126.17510223388672,126.1250991821289,126.17510223388672,1600,0.0,0.0,0.0
2024-08-08 14:25:00-04:00,126.16100311279297,126.1771011352539,126.05000305175781,126.05030059814453,3180,0.0,0.0,0.0
2024-08-08 14:35:00-04:00,126.11000061035156,126.11000061035156,126.05500030517578,126.06520080566406,1609,0.0,0.0,0.0
2024-08-08 14:40:00-04:00,126.0,126.11000061035156,125.9800033569336,126.0999984741211,2061,0.0,0.0,0.0
2024-08-08 14:45:00-04:00,126.08999633789062,126.12999725341797,126.08999633789062,126.12999725341797,743,0.0,0.0,0.0
2024-08-08 14:50:00-04:00,126.12000274658203,126.13500213623047,126.04010009765625,126.06999969482422,1451,0.0,0.0,0.0
2024-08-08 14:55:00-04:00,126.12999725341797,126.12999725341797,126.10099792480469,126.125,369,0.0,0.0,0.0
2024-08-08 15:00:00-04:00,126.08100128173828,126.16000366210938,126.08100128173828,126.16000366210938,3127,0.0,0.0,0.0
2024-08-08 15:05:00-04:00,126.08000183105469,126.29000091552734,126.08000183105469,126.2699966430664,4654,0.0,0.0,0.0
2024-08-08 15:10:00-04:00,126.25279998779297,126.27999877929688,126.25279998779297,126.2699966430664,164,0.0,0.0,0.0
2024-08-08 15:15:00-04:00,126.25299835205078,126.30999755859375,126.25299835205078,126.29010009765625,1180,0.0,0.0,0.0
2024-08-08 15:20:00-04:00,126.22000122070312,126.27999877929688,126.22000122070312,126.27999877929688,1717,0.0,0.0,0.0
2024-08-08 15:25:00-04:00,126.24829864501953,126.30999755859375,126.24829864501953,126.302001953125,4799,0.0,0.0,0.0
2024-08-08 15:30:00-04:00,126.2301025390625,126.2301025390625,126.06999969482422,126.06999969482422,3702,0.0,0.0,0.0
2024-08-08 15:35:00-04:00,126.0999984741211,126.0999984741211,126.02120208740234,126.05000305175781,4120,0.0,0.0,0.0
2024-08-08 15:40:00-04:00,126.05799865722656,126.19000244140625,126.05799865722656,126.19000244140625,953,0.0,0.0,0.0
2024-08-08 15:45:00-04:00,126.1500015258789,126.1500015258789,126.11000061035156,126.1500015258789,3120,0.0,0.0,0.0
2024-08-08 15:50:00-04:00,126.12000274658203,126.16000366210938,126.05000305175781,126.08000183105469,7023,0.0,0.0,0.0
2024-08-08 15:55:00-04:00,126.08999633789062,126.27999877929688,126.05000305175781,126.19999694824219,20173,0.0,0.0,0.0
2024-08-09 09:30:00-04:00,126.12999725341797,126.12999725341797,125.55000305175781,125.55000305175781,14867,0.0,0.0,0.0
2024-08-09 09:35:00-04:00,125.55999755859375,125.66400146484375,125.55999755859375,125.66400146484375,2376,0.0,0.0,0.0
2024-08-09 09:40:00-04:00,125.58000183105469,125.58000183105469,125.36000061035156,125.45999908447266,13456,0.0,0.0,0.0
2024-08-09 09:45:00-04:00,125.41000366210938,125.44999694824219,125.22000122070312,125.22000122070312,9082,0.0,0.0,0.0
2024-08-09 09:50:00-04:00,125.16999816894531,125.3499984741211,125.12999725341797,125.3499984741211,8107,0.0,0.0,0.0
2024-08-09 09:55:00-04:00,125.44000244140625,125.52999877929688,125.4395980834961,125.5199966430664,4393,0.0,0.0,0.0
2024-08-09 10:00:00-04:00,125.54000091552734,125.66999816894531,125.54000091552734,125.66999816894531,2884,0.0,0.0,0.0
2024-08-09 10:05:00-04:00,125.76000213623047,125.76399993896484,125.69499969482422,125.69499969482422,2950,0.0,0.0,0.0
2024-08-09 10:10:00-04:00,125.70570373535156,125.7300033569336,125.70570373535156,125.7300033569336,1109,0.0,0.0,0.0
2024-08-09 10:15:00-04:00,125.75,125.75499725341797,125.71019744873047,125.73500061035156,1885,0.0,0.0,0.0
2024-08-09 10:20:00-04:00,125.76000213623047,125.88999938964844,125.76000213623047,125.88999938964844,2786,0.0,0.0,0.0
2024-08-09 10:25:00-04:00,125.83999633789062,125.87999725341797,125.83080291748047,125.86000061035156,1743,0.0,0.0,0.0
2024-08-09 10:30:00-04:00,125.83489990234375,125.8499984741211,125.73999786376953,125.73999786376953,3877,0.0,0.0,0.0
2024-08-09 10:35:00-04:00,125.70010375976562,125.86000061035156,125.70010375976562,125.83999633789062,1016,0.0,0.0,0.0
2024-08-09 10:40:00-04:00,125.9800033569336,125.9800033569336,125.96029663085938,125.96029663085938,678,0.0,0.0,0.0
2024-08-09 10:45:00-04:00,126.0250015258789,126.0250015258789,125.83999633789062,125.87999725341797,2430,0.0,0.0,0.0
2024-08-09 10:50:00-04:00,125.9000015258789,125.94999694824219,125.9000015258789,125.94999694824219,813,0.0,0.0,0.0
2024-08-09 10:55:00-04:00,125.95999908447266,126.00769805908203,125.95999908447266,125.98699951171875,1537,0.0,0.0,0.0
2024-08-09 11:00:00-04:00,126.04340362548828,126.04340362548828,125.99569702148438,125.99569702148438,411,0.0,0.0,0.0
2024-08-09 11:05:00-04:00,126.05000305175781,126.17500305175781,126.03199768066406,126.17500305175781,3288,0.0,0.0,0.0
2024-08-09 11:10:00-04:00,126.20880126953125,126.2300033569336,126.18499755859375,126.19999694824219,2704,0.0,0.0,0.0
2024-08-09 11:15:00-04:00,126.16000366210938,126.16500091552734,126.16000366210938,126.16500091552734,1688,0.0,0.0,0.0
2024-08-09 11:20:00-04:00,126.16999816894531,126.19000244140625,126.13999938964844,126.16000366210938,1985,0.0,0.0,0.0
2024-08-09 11:25:00-04:00,126.15740203857422,126.15740203857422,126.15740203857422,126.15740203857422,383,0.0,0.0,0.0
2024-08-09 11:30:00-04:00,126.07499694824219,126.07499694824219,126.05999755859375,126.05999755859375,711,0.0,0.0,0.0
2024-08-09 11:35:00-04:00,126.08499908447266,126.08499908447266,126.05999755859375,126.06999969482422,1235,0.0,0.0,0.0
2024-08-09 11:40:00-04:00,126.11000061035156,126.11000061035156,126.05180358886719,126.06999969482422,2881,0.0,0.0,0.0
2024-08-09 11:45:00-04:00,126.13510131835938,126.18820190429688,126.13510131835938,126.18820190429688,1276,0.0,0.0,0.0
2024-08-09 11:50:00-04:00,126.16000366210938,126.18499755859375,126.12999725341797,126.13999938964844,8858,0.0,0.0,0.0
2024-08-09 11:55:00-04:00,126.08999633789062,126.08999633789062,125.97000122070312,125.97000122070312,3564,0.0,0.0,0.0
2024-08-09 12:00:00-04:00,125.95989990234375,125.98999786376953,125.95500183105469,125.98999786376953,1388,0.0,0.0,0.0
2024-08-09 12:05:00-04:00,125.9999008178711,125.9999008178711,125.9999008178711,125.9999008178711,658,0.0,0.0,0.0
2024-08-09 12:10:00-04:00,125.98500061035156,125.98500061035156,125.9800033569336,125.9800033569336,1180,0.0,0.0,0.0
2024-08-09 12:15:00-04:00,125.9583969116211,125.9583969116211,125.9583969116211,125.9583969116211,332,0.0,0.0,0.0
2024-08-09 12:20:00-04:00,125.94000244140625,125.94000244140625,125.93000030517578,125.93000030517578,1440,0.0,0.0,0.0
2024-08-09 12:30:00-04:00,126.0198974609375,126.06999969482422,126.0198974609375,126.06490325927734,2215,0.0,0.0,0.0
2024-08-09 12:35:00-04:00,126.05999755859375,126.0999984741211,126.05999755859375,126.0999984741211,2968,0.0,0.0,0.0
2024-08-09 12:45:00-04:00,126.16999816894531,126.1791000366211,126.16999816894531,126.1791000366211,1019,0.0,0.0,0.0
2024-08-09 12:50:00-04:00,126.19000244140625,126.19000244140625,126.125,126.125,879,0.0,0.0,0.0
2024-08-09 12:55:00-04:00,126.11229705810547,126.20040130615234,126.11229705810547,126.20040130615234,547,0.0,0.0,0.0
2024-08-09 13:00:00-04:00,126.30999755859375,126.30999755859375,126.25,126.25,1768,0.0,0.0,0.0
2024-08-09 13:05:00-04:00,126.21009826660156,126.23999786376953,126.21009826660156,126.23999786376953,615,0.0,0.0,0.0
2024-08-09 13:10:00-04:00,126.27999877929688,126.37999725341797,126.25,126.37999725341797,1360,0.0,0.0,0.0
2024-08-09 13:15:00-04:00,126.42400360107422,126.43000030517578,126.39990234375,126.39990234375,857,0.0,0.0,0.0
2024-08-09 13:20:00-04:00,126.44029998779297,126.44999694824219,126.41999816894531,126.41999816894531,2230,0.0,0.0,0.0
2024-08-09 13:25:00-04:00,126.43000030517578,126.59919738769531,126.43000030517578,126.59919738769531,6236,0.0,0.0,0.0
2024-08-09 13:30:00-04:00,126.63999938964844,126.63999938964844,126.54000091552734,126.54000091552734,766,0.0,0.0,0.0
2024-08-09 13:35:00-04:00,126.5999984741211,126.5999984741211,126.54000091552734,126.58999633789062,4394,0.0,0.0,0.0
2024-08-09 13:40:00-04:00,126.5,126.5,126.36009979248047,126.36009979248047,1581,0.0,0.0,0.0
2024-08-09 13:45:00-04:00,126.43000030517578,126.43000030517578,126.38999938964844,126.38999938964844,519,0.0,0.0,0.0
2024-08-09 13:50:00-04:00,126.31999969482422,126.31999969482422,126.31999969482422,126.31999969482422,566,0.0,0.0,0.0
2024-08-09 13:55:00-04:00,126.26000213623047,126.26000213623047,126.26000213623047,126.26000213623047,258,0.0,0.0,0.0
2024-08-09 14:00:00-04:00,126.16999816894531,126.16999816894531,126.06999969482422,126.06999969482422,3945,0.0,0.0,0.0
2024-08-09 14:05:00-04:00,126.09700012207031,126.09700012207031,126.09700012207031,126.09700012207031,649,0.0,0.0,0.0
2024-08-09 14:10:00-04:00,126.13999938964844,126.1708984375,126.05999755859375,126.1708984375,3134,0.0,0.0,0.0
2024-08-09 14:20:00-04:00,126.14530181884766,126.1500015258789,126.0999984741211,126.0999984741211,1684,0.0,0.0,0.0
2024-08-09 14:25:00-04:00,126.125,126.125,126.11370086669922,126.11370086669922,1408,0.0,0.0,0.0
2024-08-09 14:30:00-04:00,126.05000305175781,126.05000305175781,126.05000305175781,126.05000305175781,236,0.0,0.0,0.0
2024-08-09 14:35:00-04:00,126.16000366210938,126.18000030517578,126.16000366210938,126.17320251464844,603,0.0,0.0,0.0
2024-08-09 14:40:00-04:00,126.19000244140625,126.2699966430664,126.19000244140625,126.2699966430664,1102,0.0,0.0,0.0
2024-08-09 14:45:00-04:00,126.33409881591797,126.34390258789062,126.25900268554688,126.25900268554688,1384,0.0,0.0,0.0
2024-08-09 14:50:00-04:00,126.27890014648438,126.27890014648438,126.19999694824219,126.21099853515625,3320,0.0,0.0,0.0
2024-08-09 14:55:00-04:00,126.2300033569336,126.3447036743164,126.2300033569336,126.3447036743164,1497,0.0,0.0,0.0
2024-08-09 15:00:00-04:00,126.3550033569336,126.37000274658203,126.31990051269531,126.31999969482422,3573,0.0,0.0,0.0
2024-08-09 15:05:00-04:00,126.29100036621094,126.36209869384766,126.29000091552734,126.29000091552734,959,0.0,0.0,0.0
2024-08-09 15:10:00-04:00,126.37999725341797,126.37999725341797,126.33999633789062,126.37000274658203,4225,0.0,0.0,0.0
2024-08-09 15:15:00-04:00,126.37000274658203,126.41000366210938,126.37000274658203,126.38500213623047,1054,0.0,0.0,0.0
2024-08-09 15:20:00-04:00,126.38099670410156,126.38099670410156,126.31999969482422,126.31999969482422,4245,0.0,0.0,0.0
2024-08-09 15:25:00-04:00,126.3499984741211,126.44000244140625,126.34049987792969,126.42790222167969,1287,0.0,0.0,0.0
2024-08-09 15:30:00-04:00,126.38999938964844,126.45999908447266,126.38999938964844,126.45999908447266,1615,0.0,0.0,0.0
2024-08-09 15:35:00-04:00,126.4800033569336,126.4800033569336,126.35099792480469,126.35289764404297,8464,0.0,0.0,0.0
2024-08-09 15:40:00-04:00,126.34970092773438,126.37000274658203,126.33000183105469,126.3582992553711,3739,0.0,0.0,0.0
2024-08-09 15:45:00-04:00,126.30999755859375,126.30999755859375,126.29000091552734,126.29000091552734,1445,0.0,0.0,0.0
2024-08-09 15:50:00-04:00,126.43000030517578,126.43000030517578,126.20999908447266,126.20999908447266,3557,0.0,0.0,0.0
2024-08-09 15:55:00-04:00,126.18099975585938,126.41999816894531,126.18099975585938,126.4000015258789,10700,0.0,0.0,0.0
2024-08-12 09:30:00-04:00,127.0,127.04000091552734,126.94000244140625,127.01000213623047,17375,0.0,0.0,0.0
2024-08-12 09:35:00-04:00,126.93000030517578,126.93000030517578,126.7699966430664,126.83999633789062,7939,0.0,0.0,0.0
2024-08-12 09:40:00-04:00,126.81999969482422,126.83000183105469,126.63999938964844,126.6449966430664,6895,0.0,0.0,0.0
2024-08-12 09:45:00-04:00,126.61499786376953,126.66999816894531,126.61499786376953,126.66999816894531,4747,0.0,0.0,0.0
2024-08-12 09:50:00-04:00,126.52999877929688,126.52999877929688,126.35179901123047,126.35179901123047,2903,0.0,0.0,0.0
2024-08-12 09:55:00-04:00,126.29000091552734,126.45999908447266,126.23999786376953,126.45999908447266,5732,0.0,0.0,0.0
2024-08-12 10:00:00-04:00,126.3499984741211,126.3499984741211,126.31999969482422,126.31999969482422,1194,0.0,0.0,0.0
2024-08-12 10:05:00-04:00,126.39189910888672,126.52839660644531,126.39189910888672,126.52839660644531,5146,0.0,0.0,0.0
2024-08-12 10:10:00-04:00,126.56990051269531,126.66000366210938,126.56990051269531,126.62999725341797,5308,0.0,0.0,0.0
2024-08-12 10:15:00-04:00,126.62999725341797,126.63999938964844,126.56999969482422,126.59089660644531,3160,0.0,0.0,0.0
2024-08-12 10:20:00-04:00,126.57039642333984,126.57039642333984,126.49199676513672,126.5,11192,0.0,0.0,0.0
2024-08-12 10:25:00-04:00,126.54000091552734,126.62999725341797,126.54000091552734,126.58999633789062,4857,0.0,0.0,0.0
2024-08-12 10:30:00-04:00,126.62999725341797,126.68000030517578,126.62059783935547,126.65989685058594,5359,0.0,0.0,0.0
2024-08-12 10:35:00-04:00,126.61000061035156,126.62000274658203,126.5999984741211,126.61000061035156,1869,0.0,0.0,0.0
2024-08-12 10:40:00-04:00,126.63999938964844,126.66999816894531,126.5999984741211,126.5999984741211,3114,0.0,0.0,0.0
2024-08-12 10:45:00-04:00,126.5999984741211,126.5999984741211,126.5999984741211,126.5999984741211,1843,0.0,0.0,0.0
2024-08-12 10:50:00-04:00,126.62999725341797,126.70999908447266,126.62999725341797,126.70999908447266,1966,0.0,0.0,0.0
2024-08-12 10:55:00-04:00,126.67179870605469,126.70999908447266,126.67179870605469,126.70040130615234,2026,0.0,0.0,0.0
2024-08-12 11:00:00-04:00,126.70999908447266,126.70999908447266,126.57849884033203,126.57849884033203,4898,0.0,0.0,0.0
2024-08-12 11:05:00-04:00,126.56099700927734,126.58000183105469,126.48999786376953,126.48999786376953,2066,0.0,0.0,0.0
2024-08-12 11:10:00-04:00,126.4844970703125,126.5,126.45999908447266,126.5,784,0.0,0.0,0.0
2024-08-12 11:15:00-04:00,126.44999694824219,126.4540023803711,126.36000061035156,126.36000061035156,3185,0.0,0.0,0.0
2024-08-12 11:20:00-04:00,126.44999694824219,126.44999694824219,126.19999694824219,126.19999694824219,2458,0.0,0.0,0.0
2024-08-12 11:25:00-04:00,126.20999908447266,126.22100067138672,126.20999908447266,126.20999908447266,1495,0.0,0.0,0.0
2024-08-12 11:30:00-04:00,126.14230346679688,126.16999816894531,126.12999725341797,126.1510009765625,870,0.0,0.0,0.0
2024-08-12 11:35:00-04:00,126.193603515625,126.193603515625,126.1510009765625,126.1510009765625,6997,0.0,0.0,0.0
2024-08-12 11:40:00-04:00,126.16999816894531,126.16999816894531,126.12100219726562,126.12999725341797,1343,0.0,0.0,0.0
2024-08-12 11:45:00-04:00,126.12000274658203,126.12000274658203,126.05000305175781,126.08000183105469,1382,0.0,0.0,0.0
2024-08-12 11:50:00-04:00,126.31099700927734,126.35040283203125,126.31099700927734,126.35040283203125,559,0.0,0.0,0.0
2024-08-12 11:55:00-04:00,126.37100219726562,126.4000015258789,126.37100219726562,126.4000015258789,749,0.0,0.0,0.0
2024-08-12 12:00:00-04:00,126.44999694824219,126.47000122070312,126.33000183105469,126.33000183105469,4371,0.0,0.0,0.0
2024-08-12 12:05:00-04:00,126.31099700927734,126.31099700927734,126.16100311279297,126.16100311279297,2064,0.0,0.0,0.0
2024-08-12 12:10:00-04:00,126.2074966430664,126.2074966430664,126.18000030517578,126.19000244140625,1043,0.0,0.0,0.0
2024-08-12 12:15:00-04:00,126.19100189208984,126.19100189208984,126.12999725341797,126.12999725341797,963,0.0,0.0,0.0
2024-08-12 12:20:00-04:00,126.0999984741211,126.11000061035156,126.06500244140625,126.08999633789062,1359,0.0,0.0,0.0
2024-08-12 12:25:00-04:00,126.0999984741211,126.0999984741211,126.02999877929688,126.02999877929688,831,0.0,0.0,0.0
2024-08-12 12:30:00-04:00,126.02999877929688,126.05999755859375,125.96099853515625,125.97789764404297,2063,0.0,0.0,0.0
2024-08-12 12:35:00-04:00,125.93499755859375,126.01000213623047,125.92009735107422,126.01000213623047,848,0.0,0.0,0.0
2024-08-12 12:40:00-04:00,125.99169921875,125.99169921875,125.97000122070312,125.9894027709961,1091,0.0,0.0,0.0
2024-08-12 12:45:00-04:00,126.0510025024414,126.06099700927734,126.04000091552734,126.04000091552734,672,0.0,0.0,0.0
2024-08-12 12:50:00-04:00,126.00029754638672,126.05999755859375,126.0,126.05999755859375,1316,0.0,0.0,0.0
2024-08-12 12:55:00-04:00,125.94000244140625,125.94000244140625,125.87000274658203,125.87000274658203,376,0.0,0.0,0.0
2024-08-12 13:00:00-04:00,125.80000305175781,125.86000061035156,125.76000213623047,125.86000061035156,2298,0.0,0.0,0.0
2024-08-12 13:05:00-04:00,125.80010223388672,125.80010223388672,125.76000213623047,125.79000091552734,955,0.0,0.0,0.0
2024-08-12 13:10:00-04:00,125.83000183105469,125.83999633789062,125.80000305175781,125.83999633789062,1729,0.0,0.0,0.0
2024-08-12 13:15:00-04:00,125.90499877929688,125.90499877929688,125.90499877929688,125.90499877929688,357,0.0,0.0,0.0
2024-08-12 13:20:00-04:00,126.05999755859375,126.0999984741211,125.96029663085938,125.9800033569336,1857,0.0,0.0,0.0
2024-08-12 13:25:00-04:00,125.91999816894531,125.93000030517578,125.80999755859375,125.93000030517578,1804,0.0,0.0,0.0
2024-08-12 13:30:00-04:00,125.9917984008789,126.0199966430664,125.99099731445312,126.0199966430664,2488,0.0,0.0,0.0
2024-08-12 13:35:00-04:00,126.02999877929688,126.05000305175781,126.0,126.05000305175781,1577,0.0,0.0,0.0
2024-08-12 13:40:00-04:00,126.0602035522461,126.0602035522461,125.94999694824219,125.94999694824219,3060,0.0,0.0,0.0
2024-08-12 13:45:00-04:00,125.94999694824219,125.95999908447266,125.89009857177734,125.95999908447266,2753,0.0,0.0,0.0
2024-08-12 13:50:00-04:00,125.81999969482422,125.81999969482422,125.73999786376953,125.76499938964844,1222,0.0,0.0,0.0
2024-08-12 13:55:00-04:00,125.72000122070312,125.7699966430664,125.72000122070312,125.7699966430664,94228,0.0,0.0,0.0
2024-08-12 14:00:00-04:00,125.76000213623047,125.91000366210938,125.76000213623047,125.86000061035156,2244,0.0,0.0,0.0
2024-08-12 14:05:00-04:00,125.81999969482422,125.81999969482422,125.80999755859375,125.80999755859375,1810,0.0,0.0,0.0
2024-08-12 14:10:00-04:00,125.8499984741211,126.0199966430664,125.8499984741211,126.00700378417969,1820,0.0,0.0,0.0
2024-08-12 14:15:00-04:00,125.98100280761719,125.98100280761719,125.9386978149414,125.9386978149414,1875,0.0,0.0,0.0
2024-08-12 14:20:00-04:00,125.93000030517578,125.9800033569336,125.93000030517578,125.95999908447266,1621,0.0,0.0,0.0
2024-08-12 14:25:00-04:00,125.93000030517578,125.95999908447266,125.93000030517578,125.95500183105469,2863,0.0,0.0,0.0
2024-08-12 14:30:00-04:00,125.93000030517578,125.98999786376953,125.91999816894531,125.94000244140625,2462,0.0,0.0,0.0
2024-08-12 14:35:00-04:00,125.94000244140625,125.98709869384766,125.93000030517578,125.9800033569336,1981,0.0,0.0,0.0
2024-08-12 14:40:00-04:00,125.93000030517578,126.01499938964844,125.91000366210938,125.9800033569336,3168,0.0,0.0,0.0
2024-08-12 14:45:00-04:00,125.95099639892578,126.0009994506836,125.95099639892578,126.0009994506836,1380,0.0,0.0,0.0
2024-08-12 14:50:00-04:00,126.0510025024414,126.06999969482422,126.05010223388672,126.06999969482422,695,0.0,0.0,0.0
2024-08-12 14:55:00-04:00,126.04000091552734,126.05999755859375,125.9800033569336,126.00499725341797,1365,0.0,0.0,0.0
2024-08-12 15:00:00-04:00,125.99500274658203,125.99500274658203,125.95099639892578,125.99500274658203,1093,0.0,0.0,0.0
2024-08-12 15:05:00-04:00,126.0009994506836,126.00499725341797,125.95099639892578,125.95099639892578,1898,0.0,0.0,0.0
2024-08-12 15:10:00-04:00,126.0199966430664,126.0199966430664,125.95999908447266,125.95999908447266,1139,0.0,0.0,0.0
2024-08-12 15:15:00-04:00,125.97869873046875,125.97869873046875,125.9749984741211,125.9749984741211,606,0.0,0.0,0.0
2024-08-12 15:20:00-04:00,125.98999786376953,126.0,125.93099975585938,126.0,1947,0.0,0.0,0.0
2024-08-12 15:25:00-04:00,126.0009994506836,126.04080200195312,125.99099731445312,125.99099731445312,3747,0.0,0.0,0.0
2024-08-12 15:30:00-04:00,126.0103988647461,126.05020141601562,126.0103988647461,126.01100158691406,1634,0.0,0.0,0.0
2024-08-12 15:35:00-04:00,126.02860260009766,126.02860260009766,125.94999694824219,126.00900268554688,3242,0.0,0.0,0.0
2024-08-12 15:40:00-04:00,125.99220275878906,125.99220275878906,125.94999694824219,125.94999694824219,3176,0.0,0.0,0.0
2024-08-12 15:45:00-04:00,125.87100219726562,125.9000015258789,125.87100219726562,125.87100219726562,1321,0.0,0.0,0.0
2024-08-12 15:50:00-04:00,125.9000015258789,126.0,125.86000061035156,125.91000366210938,9748,0.0,0.0,0.0
2024-08-12 15:55:00-04:00,125.91000366210938,126.05999755859375,125.88999938964844,126.05000305175781,28527,0.0,0.0,0.0
2024-08-13 09:30:00-04:00,126.48999786376953,126.55999755859375,126.41000366210938,126.5,14673,0.0,0.0,0.0
2024-08-13 09:35:00-04:00,126.51000213623047,126.51000213623047,126.41999816894531,126.4749984741211,15087,0.0,0.0,0.0
2024-08-13 09:40:00-04:00,126.69000244140625,126.69000244140625,126.54000091552734,126.5999984741211,8692,0.0,0.0,0.0
2024-08-13 09:45:00-04:00,126.6500015258789,126.68499755859375,126.52999877929688,126.52999877929688,11776,0.0,0.0,0.0
2024-08-13 09:50:00-04:00,126.51000213623047,126.70500183105469,126.3949966430664,126.3949966430664,6528,0.0,0.0,0.0
2024-08-13 09:55:00-04:00,126.33000183105469,126.37999725341797,126.30999755859375,126.35160064697266,3538,0.0,0.0,0.0
2024-08-13 10:00:00-04:00,126.23999786376953,126.30000305175781,126.0999984741211,126.0999984741211,4589,0.0,0.0,0.0
2024-08-13 10:05:00-04:00,126.12999725341797,126.27010345458984,126.11150360107422,126.27010345458984,3823,0.0,0.0,0.0
2024-08-13 10:10:00-04:00,126.22000122070312,126.28669738769531,126.22000122070312,126.28669738769531,2130,0.0,0.0,0.0
2024-08-13 10:15:00-04:00,126.2699966430664,126.2699966430664,126.1500015258789,126.19000244140625,1045,0.0,0.0,0.0
2024-08-13 10:20:00-04:00,126.1500015258789,126.24500274658203,126.1500015258789,126.18270111083984,2136,0.0,0.0,0.0
2024-08-13 10:25:00-04:00,126.23500061035156,126.31999969482422,126.23500061035156,126.31999969482422,1414,0.0,0.0,0.0
2024-08-13 10:30:00-04:00,126.2699966430664,126.27559661865234,126.23999786376953,126.23999786376953,814,0.0,0.0,0.0
2024-08-13 10:35:00-04:00,126.27999877929688,126.32039642333984,126.27999877929688,126.32039642333984,627,0.0,0.0,0.0
2024-08-13 10:40:00-04:00,126.38349914550781,126.50810241699219,126.38349914550781,126.50810241699219,4886,0.0,0.0,0.0
2024-08-13 10:45:00-04:00,126.47029876708984,126.51000213623047,126.47029876708984,126.51000213623047,796,0.0,0.0,0.0
2024-08-13 10:50:00-04:00,126.51000213623047,126.5199966430664,126.51000213623047,126.5199966430664,884,0.0,0.0,0.0
2024-08-13 10:55:00-04:00,126.55999755859375,126.58039855957031,126.55999755859375,126.58039855957031,563,0.0,0.0,0.0
2024-08-13 11:00:00-04:00,126.61000061035156,126.67500305175781,126.61000061035156,126.67500305175781,959,0.0,0.0,0.0
2024-08-13 11:05:00-04:00,126.66999816894531,126.66999816894531,126.58999633789062,126.58999633789062,1282,0.0,0.0,0.0
2024-08-13 11:10:00-04:00,126.56999969482422,126.5999984741211,126.56999969482422,126.58999633789062,7012,0.0,0.0,0.0
2024-08-13 11:15:00-04:00,126.55999755859375,126.69000244140625,126.55999755859375,126.69000244140625,1058,0.0,0.0,0.0
2024-08-13 11:20:00-04:00,126.69000244140625,126.69999694824219,126.68000030517578,126.68499755859375,3118,0.0,0.0,0.0
2024-08-13 11:25:00-04:00,126.68340301513672,126.69999694824219,126.62999725341797,126.62999725341797,1750,0.0,0.0,0.0
2024-08-13 11:30:00-04:00,126.6364974975586,126.66500091552734,126.6364974975586,126.66500091552734,1028,0.0,0.0,0.0
2024-08-13 11:35:00-04:00,126.65899658203125,126.65899658203125,126.62000274658203,126.62000274658203,1355,0.0,0.0,0.0
2024-08-13 11:40:00-04:00,126.60009765625,126.68000030517578,126.60009765625,126.6406021118164,2334,0.0,0.0,0.0
2024-08-13 11:45:00-04:00,126.66000366210938,126.69000244140625,126.6500015258789,126.6500015258789,1996,0.0,0.0,0.0
2024-08-13 11:50:00-04:00,126.67729949951172,126.71499633789062,126.67729949951172,126.71499633789062,858,0.0,0.0,0.0
2024-08-13 11:55:00-04:00,126.67430114746094,126.67430114746094,126.6500015258789,126.6500015258789,2052,0.0,0.0,0.0
2024-08-13 12:00:00-04:00,126.66000366210938,126.6698989868164,126.6500015258789,126.6698989868164,1514,0.0,0.0,0.0
2024-08-13 12:05:00-04:00,126.7300033569336,126.73999786376953,126.7300033569336,126.73999786376953,1497,0.0,0.0,0.0
2024-08-13 12:10:00-04:00,126.71420288085938,126.71420288085938,126.71420288085938,126.71420288085938,679,0.0,0.0,0.0
2024-08-13 12:20:00-04:00,126.83399963378906,126.88960266113281,126.80999755859375,126.80999755859375,2042,0.0,0.0,0.0
2024-08-13 12:25:00-04:00,126.79000091552734,126.81099700927734,126.7323989868164,126.7323989868164,723,0.0,0.0,0.0
2024-08-13 12:30:00-04:00,126.68499755859375,126.75,126.68499755859375,126.74099731445312,1104,0.0,0.0,0.0
2024-08-13 12:35:00-04:00,126.79499816894531,126.86949920654297,126.79499816894531,126.86949920654297,781,0.0,0.0,0.0
2024-08-13 12:40:00-04:00,126.94999694824219,126.94999694824219,126.94999694824219,126.94999694824219,577,0.0,0.0,0.0
2024-08-13 12:45:00-04:00,126.96260070800781,127.04000091552734,126.96260070800781,127.04000091552734,2009,0.0,0.0,0.0
2024-08-13 12:50:00-04:00,127.0614013671875,127.0614013671875,127.0614013671875,127.0614013671875,881,0.0,0.0,0.0
2024-08-13 12:55:00-04:00,127.03980255126953,127.03980255126953,127.03980255126953,127.03980255126953,429,0.0,0.0,0.0
2024-08-13 13:00:00-04:00,127.0,127.0,126.87999725341797,126.87999725341797,1781,0.0,0.0,0.0
2024-08-13 13:05:00-04:00,126.87100219726562,126.87100219726562,126.81809997558594,126.83000183105469,912,0.0,0.0,0.0
2024-08-13 13:10:00-04:00,126.79000091552734,126.83560180664062,126.77239990234375,126.82499694824219,2372,0.0,0.0,0.0
2024-08-13 13:15:00-04:00,126.8499984741211,126.8499984741211,126.8499984741211,126.8499984741211,393,0.0,0.0,0.0
2024-08-13 13:20:00-04:00,126.89900207519531,126.89900207519531,126.85040283203125,126.85040283203125,3666,0.0,0.0,0.0
2024-08-13 13:25:00-04:00,126.9000015258789,126.9000015258789,126.87999725341797,126.87999725341797,0,0.0,0.0,0.0
2024-08-13 13:30:00-04:00,126.80999755859375,126.80999755859375,126.75,126.75659942626953,8637,0.0,0.0,0.0
2024-08-13 13:35:00-04:00,126.80020141601562,126.80020141601562,126.80020141601562,126.80020141601562,242,0.0,0.0,0.0
2024-08-13 13:40:00-04:00,126.8009033203125,126.8009033203125,126.8009033203125,126.8009033203125,282,0.0,0.0,0.0
2024-08-13 13:45:00-04:00,126.83000183105469,126.83000183105469,126.72000122070312,126.77999877929688,4759,0.0,0.0,0.0
2024-08-13 13:50:00-04:00,126.81770324707031,126.875,126.81770324707031,126.8499984741211,4473,0.0,0.0,0.0
2024-08-13 13:55:00-04:00,126.91500091552734,126.93000030517578,126.91000366210938,126.93000030517578,1384,0.0,0.0,0.0
2024-08-13 14:00:00-04:00,126.94000244140625,126.97239685058594,126.94000244140625,126.97239685058594,669,0.0,0.0,0.0
2024-08-13 14:05:00-04:00,126.966796875,126.966796875,126.91999816894531,126.93000030517578,5022,0.0,0.0,0.0
2024-08-13 14:10:00-04:00,126.87000274658203,126.87000274658203,126.87000274658203,126.87000274658203,345,0.0,0.0,0.0
2024-08-13 14:15:00-04:00,126.9458999633789,126.9458999633789,126.8949966430664,126.8949966430664,651,0.0,0.0,0.0
2024-08-13 14:20:00-04:00,126.94100189208984,126.9800033569336,126.93000030517578,126.93000030517578,1401,0.0,0.0,0.0
2024-08-13 14:25:00-04:00,126.96530151367188,127.0,126.96530151367188,126.9800033569336,1483,0.0,0.0,0.0
2024-08-13 14:30:00-04:00,127.03500366210938,127.03500366210938,127.02580261230469,127.02580261230469,461,0.0,0.0,0.0
2024-08-13 14:35:00-04:00,127.06999969482422,127.13099670410156,127.06719970703125,127.13099670410156,1868,0.0,0.0,0.0
2024-08-13 14:40:00-04:00,127.13999938964844,127.13999938964844,127.0790023803711,127.0790023803711,3269,0.0,0.0,0.0
2024-08-13 14:45:00-04:00,127.06189727783203,127.089599609375,127.05999755859375,127.089599609375,1670,0.0,0.0,0.0
2024-08-13 14:50:00-04:00,127.06099700927734,127.06099700927734,127.02860260009766,127.02860260009766,952,0.0,0.0,0.0
2024-08-13 14:55:00-04:00,127.01000213623047,127.04199981689453,127.0009994506836,127.03500366210938,1666,0.0,0.0,0.0
2024-08-13 15:00:00-04:00,127.02999877929688,127.17500305175781,127.02999877929688,127.17500305175781,1086,0.0,0.0,0.0
2024-08-13 15:05:00-04:00,127.06999969482422,127.06999969482422,127.06999969482422,127.06999969482422,605,0.0,0.0,0.0
2024-08-13 15:10:00-04:00,127.07990264892578,127.07990264892578,127.07990264892578,127.07990264892578,210,0.0,0.0,0.0
2024-08-13 15:15:00-04:00,127.08000183105469,127.11499786376953,127.08000183105469,127.11499786376953,2083,0.0,0.0,0.0
2024-08-13 15:20:00-04:00,127.07499694824219,127.11000061035156,127.05000305175781,127.11000061035156,2688,0.0,0.0,0.0
2024-08-13 15:25:00-04:00,127.09040069580078,127.09040069580078,127.08000183105469,127.08550262451172,3696,0.0,0.0,0.0
2024-08-13 15:30:00-04:00,127.12000274658203,127.12000274658203,127.0999984741211,127.0999984741211,3151,0.0,0.0,0.0
2024-08-13 15:35:00-04:00,127.13099670410156,127.15499877929688,127.13099670410156,127.15499877929688,561,0.0,0.0,0.0
2024-08-13 15:40:00-04:00,127.16999816894531,127.18609619140625,127.16999816894531,127.18609619140625,1270,0.0,0.0,0.0
2024-08-13 15:45:00-04:00,127.16999816894531,127.30000305175781,127.16999816894531,127.28600311279297,6441,0.0,0.0,0.0
2024-08-13 15:50:00-04:00,127.31999969482422,127.37999725341797,127.09400177001953,127.11000061035156,18168,0.0,0.0,0.0
2024-08-13 15:55:00-04:00,127.12999725341797,127.30999755859375,127.12999725341797,127.22000122070312,10164,0.0,0.0,0.0
2024-08-14 09:30:00-04:00,127.2699966430664,127.3499984741211,127.2300033569336,127.30000305175781,16537,0.0,0.0,0.0
2024-08-14 09:35:00-04:00,127.31999969482422,127.31999969482422,127.16000366210938,127.19999694824219,12211,0.0,0.0,0.0
2024-08-14 09:40:00-04:00,127.20500183105469,127.36499786376953,127.19000244140625,127.36499786376953,2801,0.0,0.0,0.0
2024-08-14 09:45:00-04:00,127.31999969482422,127.31999969482422,127.18000030517578,127.2300033569336,17348,0.0,0.0,0.0
2024-08-14 09:50:00-04:00,127.27999877929688,127.36499786376953,127.27999877929688,127.36499786376953,1324,0.0,0.0,0.0
2024-08-14 09:55:00-04:00,127.3550033569336,127.3550033569336,127.29000091552734,127.29000091552734,1472,0.0,0.0,0.0
2024-08-14 10:00:00-04:00,127.23989868164062,127.23989868164062,127.23930358886719,127.23930358886719,782,0.0,0.0,0.0
2024-08-14 10:05:00-04:00,127.29000091552734,127.29000091552734,127.26920318603516,127.26920318603516,3100,0.0,0.0,0.0
2024-08-14 10:10:00-04:00,127.34120178222656,127.45500183105469,127.34120178222656,127.42620086669922,1518,0.0,0.0,0.0
2024-08-14 10:15:00-04:00,127.5,127.5,127.48999786376953,127.48999786376953,931,0.0,0.0,0.0
2024-08-14 10:25:00-04:00,127.63999938964844,127.69000244140625,127.63999938964844,127.69000244140625,1610,0.0,0.0,0.0
2024-08-14 10:30:00-04:00,127.67240142822266,127.67240142822266,127.53009796142578,127.53009796142578,1108,0.0,0.0,0.0
2024-08-14 10:35:00-04:00,127.58000183105469,127.58529663085938,127.58000183105469,127.58529663085938,2292,0.0,0.0,0.0
2024-08-14 10:40:00-04:00,127.51689910888672,127.51689910888672,127.51689910888672,127.51689910888672,2785,0.0,0.0,0.0
2024-08-14 10:45:00-04:00,127.53500366210938,127.53500366210938,127.53500366210938,127.53500366210938,283,0.0,0.0,0.0
2024-08-14 10:50:00-04:00,127.49600219726562,127.50589752197266,127.42469787597656,127.42469787597656,2557,0.0,0.0,0.0
2024-08-14 10:55:00-04:00,127.49009704589844,127.54000091552734,127.49009704589844,127.5239028930664,1210,0.0,0.0,0.0
2024-08-14 11:00:00-04:00,127.56999969482422,127.56999969482422,127.56999969482422,127.56999969482422,156,0.0,0.0,0.0
2024-08-14 11:05:00-04:00,127.63999938964844,127.65499877929688,127.63999938964844,127.64900207519531,2633,0.0,0.0,0.0
2024-08-14 11:10:00-04:00,127.60590362548828,127.60590362548828,127.54000091552734,127.54000091552734,1014,0.0,0.0,0.0
2024-08-14 11:15:00-04:00,127.50499725341797,127.58000183105469,127.50090026855469,127.54010009765625,1394,0.0,0.0,0.0
2024-08-14 11:20:00-04:00,127.58000183105469,127.62950134277344,127.56060028076172,127.62950134277344,3208,0.0,0.0,0.0
2024-08-14 11:25:00-04:00,127.61499786376953,127.6500015258789,127.60900115966797,127.6500015258789,1394,0.0,0.0,0.0
2024-08-14 11:30:00-04:00,127.68000030517578,127.74199676513672,127.68000030517578,127.74199676513672,2081,0.0,0.0,0.0
2024-08-14 11:35:00-04:00,127.7699966430664,127.79900360107422,127.76000213623047,127.76000213623047,625,0.0,0.0,0.0
2024-08-14 11:40:00-04:00,127.78900146484375,127.78900146484375,127.65609741210938,127.70999908447266,1570,0.0,0.0,0.0
2024-08-14 11:45:00-04:00,127.716796875,127.75019836425781,127.70999908447266,127.70999908447266,1442,0.0,0.0,0.0
2024-08-14 11:50:00-04:00,127.72899627685547,127.7300033569336,127.70159912109375,127.7300033569336,2318,0.0,0.0,0.0
2024-08-14 11:55:00-04:00,127.70999908447266,127.70999908447266,127.69999694824219,127.69999694824219,692,0.0,0.0,0.0
2024-08-14 12:00:00-04:00,127.73829650878906,127.75,127.7249984741211,127.73899841308594,1315,0.0,0.0,0.0
2024-08-14 12:05:00-04:00,127.7699966430664,127.83000183105469,127.7699966430664,127.7699966430664,1262,0.0,0.0,0.0
2024-08-14 12:10:00-04:00,127.85900115966797,127.86009979248047,127.85900115966797,127.86009979248047,1019,0.0,0.0,0.0
2024-08-14 12:20:00-04:00,127.78980255126953,127.80999755859375,127.58000183105469,127.61000061035156,1767,0.0,0.0,0.0
2024-08-14 12:25:00-04:00,127.5864028930664,127.5864028930664,127.5864028930664,127.5864028930664,316,0.0,0.0,0.0
2024-08-14 12:30:00-04:00,127.65899658203125,127.65899658203125,127.6449966430664,127.6449966430664,472,0.0,0.0,0.0
2024-08-14 12:35:00-04:00,127.70999908447266,127.70999908447266,127.70999908447266,127.70999908447266,328,0.0,0.0,0.0
2024-08-14 12:40:00-04:00,127.80000305175781,127.80000305175781,127.68170166015625,127.68170166015625,1085,0.0,0.0,0.0
2024-08-14 12:45:00-04:00,127.70999908447266,127.70999908447266,127.68000030517578,127.70899963378906,666,0.0,0.0,0.0
2024-08-14 12:50:00-04:00,127.72959899902344,127.73899841308594,127.72959899902344,127.73500061035156,1164,0.0,0.0,0.0
2024-08-14 12:55:00-04:00,127.81999969482422,127.81999969482422,127.81999969482422,127.81999969482422,174,0.0,0.0,0.0
2024-08-14 13:00:00-04:00,127.77999877929688,127.77999877929688,127.66899871826172,127.66899871826172,1535,0.0,0.0,0.0
2024-08-14 13:05:00-04:00,127.6500015258789,127.76000213623047,127.6500015258789,127.76000213623047,2673,0.0,0.0,0.0
2024-08-14 13:10:00-04:00,127.62000274658203,127.62000274658203,127.5999984741211,127.6050033569336,9727,0.0,0.0,0.0
2024-08-14 13:20:00-04:00,127.63899993896484,127.63999938964844,127.63899993896484,127.63999938964844,289,0.0,0.0,0.0
2024-08-14 13:25:00-04:00,127.62999725341797,127.6500015258789,127.62000274658203,127.64759826660156,1163,0.0,0.0,0.0
2024-08-14 13:30:00-04:00,127.56999969482422,127.64790344238281,127.56999969482422,127.63870239257812,3439,0.0,0.0,0.0
2024-08-14 13:35:00-04:00,127.658203125,127.70999908447266,127.658203125,127.70999908447266,637,0.0,0.0,0.0
2024-08-14 13:40:00-04:00,127.67009735107422,127.7300033569336,127.67009735107422,127.70999908447266,1197,0.0,0.0,0.0
2024-08-14 13:45:00-04:00,127.7300033569336,127.7300033569336,127.69499969482422,127.72000122070312,4899,0.0,0.0,0.0
2024-08-14 13:50:00-04:00,127.72000122070312,127.81500244140625,127.72000122070312,127.81500244140625,1445,0.0,0.0,0.0
2024-08-14 13:55:00-04:00,127.83000183105469,127.86100006103516,127.83000183105469,127.86100006103516,5302,0.0,0.0,0.0
2024-08-14 14:00:00-04:00,127.82659912109375,127.82659912109375,127.7500991821289,127.81900024414062,10045,0.0,0.0,0.0
2024-08-14 14:05:00-04:00,127.80000305175781,127.80000305175781,127.72899627685547,127.72899627685547,2631,0.0,0.0,0.0
2024-08-14 14:10:00-04:00,127.74500274658203,127.77999877929688,127.74500274658203,127.75,1299,0.0,0.0,0.0
2024-08-14 14:15:00-04:00,127.72000122070312,127.72000122070312,127.68000030517578,127.68000030517578,950,0.0,0.0,0.0
2024-08-14 14:20:00-04:00,127.68000030517578,127.72000122070312,127.68000030517578,127.72000122070312,1814,0.0,0.0,0.0
2024-08-14 14:25:00-04:00,127.72000122070312,127.7699966430664,127.70999908447266,127.7699966430664,1669,0.0,0.0,0.0
2024-08-14 14:30:00-04:00,127.78450012207031,127.81999969482422,127.78450012207031,127.81990051269531,1155,0.0,0.0,0.0
2024-08-14 14:35:00-04:00,127.86900329589844,127.86900329589844,127.8499984741211,127.8499984741211,924,0.0,0.0,0.0
2024-08-14 14:40:00-04:00,127.93000030517578,127.94999694824219,127.91799926757812,127.91799926757812,898,0.0,0.0,0.0
2024-08-14 14:45:00-04:00,127.94000244140625,127.94000244140625,127.93000030517578,127.93000030517578,1220,0.0,0.0,0.0
2024-08-14 14:50:00-04:00,127.91000366210938,127.97000122070312,127.91000366210938,127.97000122070312,2525,0.0,0.0,0.0
2024-08-14 14:55:00-04:00,127.9800033569336,128.04769897460938,127.97000122070312,128.02920532226562,2753,0.0,0.0,0.0
2024-08-14 15:00:00-04:00,128.0319061279297,128.03500366210938,127.97630310058594,127.9800033569336,1560,0.0,0.0,0.0
2024-08-14 15:05:00-04:00,127.9800033569336,128.05999755859375,127.9800033569336,128.05999755859375,1110,0.0,0.0,0.0
2024-08-14 15:10:00-04:00,128.0399932861328,128.05499267578125,127.96589660644531,127.96589660644531,2781,0.0,0.0,0.0
2024-08-14 15:15:00-04:00,127.95999908447266,127.95999908447266,127.8678970336914,127.8678970336914,2437,0.0,0.0,0.0
2024-08-14 15:20:00-04:00,127.87999725341797,127.88500213623047,127.86000061035156,127.86499786376953,1709,0.0,0.0,0.0
2024-08-14 15:25:00-04:00,127.90899658203125,127.90899658203125,127.86499786376953,127.8666000366211,2204,0.0,0.0,0.0
2024-08-14 15:30:00-04:00,127.79499816894531,127.85320281982422,127.79499816894531,127.85320281982422,3140,0.0,0.0,0.0
2024-08-14 15:35:00-04:00,127.82990264892578,127.83000183105469,127.7699966430664,127.83000183105469,4916,0.0,0.0,0.0
2024-08-14 15:40:00-04:00,127.81839752197266,127.83999633789062,127.80999755859375,127.80999755859375,2163,0.0,0.0,0.0
2024-08-14 15:45:00-04:00,127.86689758300781,127.86689758300781,127.76000213623047,127.77449798583984,3051,0.0,0.0,0.0
2024-08-14 15:50:00-04:00,127.73999786376953,127.7699966430664,127.63999938964844,127.7699966430664,3459,0.0,0.0,0.0
2024-08-14 15:55:00-04:00,127.7699966430664,127.80999755859375,127.70999908447266,127.70999908447266,15269,0.0,0.0,0.0
2024-08-15 09:30:00-04:00,128.27000427246094,128.8000030517578,128.210205078125,128.74000549316406,0,0.0,0.0,0.0
2024-08-15 09:35:00-04:00,128.73060607910156,128.73060607910156,128.57000732421875,128.57000732421875,2837,0.0,0.0,0.0
2024-08-15 09:40:00-04:00,128.5,128.5,128.5,128.5,434,0.0,0.0,0.0
2024-08-15 09:45:00-04:00,128.55999755859375,128.55999755859375,128.41830444335938,128.55999755859375,4574,0.0,0.0,0.0
2024-08-15 09:50:00-04:00,128.5299072265625,128.52999877929688,128.41000366210938,128.4199981689453,5147,0.0,0.0,0.0
2024-08-15 09:55:00-04:00,128.27130126953125,128.27769470214844,128.1699981689453,128.1999969482422,4814,0.0,0.0,0.0
2024-08-15 10:00:00-04:00,128.22000122070312,128.22000122070312,128.1580047607422,128.1999969482422,2529,0.0,0.0,0.0
2024-08-15 10:05:00-04:00,128.10000610351562,128.13999938964844,128.07000732421875,128.0800018310547,2568,0.0,0.0,0.0
2024-08-15 10:10:00-04:00,128.02430725097656,128.0800018310547,128.00999450683594,128.00999450683594,1867,0.0,0.0,0.0
2024-08-15 10:15:00-04:00,128.1999969482422,128.2899932861328,128.1999969482422,128.2899932861328,1712,0.0,0.0,0.0
2024-08-15 10:20:00-04:00,128.21499633789062,128.25999450683594,128.1999053955078,128.1999969482422,2555,0.0,0.0,0.0
2024-08-15 10:25:00-04:00,128.19500732421875,128.35000610351562,128.17999267578125,128.30999755859375,4609,0.0,0.0,0.0
2024-08-15 10:30:00-04:00,128.3699951171875,128.42999267578125,128.3699951171875,128.39500427246094,2642,0.0,0.0,0.0
2024-08-15 10:35:00-04:00,128.40499877929688,128.40499877929688,128.3300018310547,128.34500122070312,3524,0.0,0.0,0.0
2024-08-15 10:40:00-04:00,128.33999633789062,128.4199981689453,128.33999633789062,128.41000366210938,3946,0.0,0.0,0.0
2024-08-15 10:45:00-04:00,128.44000244140625,128.44000244140625,128.41009521484375,128.43499755859375,3422,0.0,0.0,0.0
2024-08-15 10:50:00-04:00,128.40170288085938,128.52000427246094,128.40170288085938,128.52000427246094,11099,0.0,0.0,0.0
2024-08-15 10:55:00-04:00,128.47999572753906,128.5601043701172,128.47999572753906,128.5601043701172,998,0.0,0.0,0.0
2024-08-15 11:00:00-04:00,128.57000732421875,128.6645965576172,128.57000732421875,128.6645965576172,2147,0.0,0.0,0.0
2024-08-15 11:05:00-04:00,128.68580627441406,128.72000122070312,128.68580627441406,128.7113037109375,1906,0.0,0.0,0.0
2024-08-15 11:10:00-04:00,128.74000549316406,128.74000549316406,128.64999389648438,128.6501007080078,7376,0.0,0.0,0.0
2024-08-15 11:15:00-04:00,128.67999267578125,128.74000549316406,128.67999267578125,128.74000549316406,2126,0.0,0.0,0.0
2024-08-15 11:20:00-04:00,128.67100524902344,128.67100524902344,128.67100524902344,128.67100524902344,742,0.0,0.0,0.0
2024-08-15 11:25:00-04:00,128.7010040283203,128.7050018310547,128.66099548339844,128.6699981689453,2378,0.0,0.0,0.0
2024-08-15 11:30:00-04:00,128.66619873046875,128.77999877929688,128.66619873046875,128.75999450683594,5348,0.0,0.0,0.0
2024-08-15 11:35:00-04:00,128.74000549316406,128.75,128.6699981689453,128.6699981689453,4214,0.0,0.0,0.0
2024-08-15 11:40:00-04:00,128.6699981689453,128.67999267578125,128.6699981689453,128.67999267578125,726,0.0,0.0,0.0
2024-08-15 11:45:00-04:00,128.55099487304688,128.66000366210938,128.55099487304688,128.65240478515625,3700,0.0,0.0,0.0
2024-08-15 11:50:00-04:00,128.64999389648438,128.66000366210938,128.63999938964844,128.66000366210938,2626,0.0,0.0,0.0
2024-08-15 11:55:00-04:00,128.6699981689453,128.6699981689453,128.5955047607422,128.5955047607422,1048,0.0,0.0,0.0
2024-08-15 12:00:00-04:00,128.58099365234375,128.66099548339844,128.58099365234375,128.66099548339844,803,0.0,0.0,0.0
2024-08-15 12:05:00-04:00,128.69000244140625,128.6999969482422,128.66000366210938,128.6750030517578,2375,0.0,0.0,0.0
2024-08-15 12:10:00-04:00,128.68519592285156,128.74000549316406,128.68519592285156,128.7050018310547,1566,0.0,0.0,0.0
2024-08-15 12:15:00-04:00,128.75999450683594,128.77999877929688,128.72000122070312,128.72000122070312,1381,0.0,0.0,0.0
2024-08-15 12:20:00-04:00,128.75,128.80990600585938,128.73399353027344,128.7899932861328,2606,0.0,0.0,0.0
2024-08-15 12:25:00-04:00,128.7209930419922,128.7899932861328,128.7209930419922,128.7899932861328,1842,0.0,0.0,0.0
2024-08-15 12:30:00-04:00,128.7550048828125,128.7550048828125,128.6999969482422,128.7550048828125,979,0.0,0.0,0.0
2024-08-15 12:35:00-04:00,128.77000427246094,128.77999877929688,128.7100067138672,128.7100067138672,2903,0.0,0.0,0.0
2024-08-15 12:40:00-04:00,128.61000061035156,128.61000061035156,128.61000061035156,128.61000061035156,468,0.0,0.0,0.0
2024-08-15 12:45:00-04:00,128.57000732421875,128.61000061035156,128.52000427246094,128.61000061035156,4583,0.0,0.0,0.0
2024-08-15 12:50:00-04:00,128.61000061035156,128.61000061035156,128.5500030517578,128.5800018310547,2517,0.0,0.0,0.0
2024-08-15 12:55:00-04:00,128.5800018310547,128.6199951171875,128.55099487304688,128.6199951171875,842,0.0,0.0,0.0
2024-08-15 13:00:00-04:00,128.5800018310547,128.58999633789062,128.52999877929688,128.53500366210938,3076,0.0,0.0,0.0
2024-08-15 13:05:00-04:00,128.52000427246094,128.52000427246094,128.47999572753906,128.49000549316406,6588,0.0,0.0,0.0
2024-08-15 13:10:00-04:00,128.5207061767578,128.5207061767578,128.4499969482422,128.47999572753906,2513,0.0,0.0,0.0
2024-08-15 13:15:00-04:00,128.4600067138672,128.47999572753906,128.42100524902344,128.4600067138672,6716,0.0,0.0,0.0
2024-08-15 13:20:00-04:00,128.49000549316406,128.50999450683594,128.49000549316406,128.5,3347,0.0,0.0,0.0
2024-08-15 13:25:00-04:00,128.52999877929688,128.5800018310547,128.52999877929688,128.55999755859375,830,0.0,0.0,0.0
2024-08-15 13:30:00-04:00,128.5491943359375,128.5800018310547,128.54849243164062,128.5800018310547,2829,0.0,0.0,0.0
2024-08-15 13:35:00-04:00,128.56100463867188,128.56100463867188,128.50999450683594,128.52999877929688,1171,0.0,0.0,0.0
2024-08-15 13:40:00-04:00,128.5050048828125,128.50999450683594,128.4709930419922,128.4709930419922,2422,0.0,0.0,0.0
2024-08-15 13:45:00-04:00,128.52000427246094,128.55999755859375,128.4600067138672,128.52000427246094,3832,0.0,0.0,0.0
2024-08-15 13:50:00-04:00,128.49000549316406,128.52999877929688,128.49000549316406,128.51499938964844,2847,0.0,0.0,0.0
2024-08-15 13:55:00-04:00,128.52099609375,128.5500030517578,128.50999450683594,128.52999877929688,2259,0.0,0.0,0.0
2024-08-15 14:00:00-04:00,128.52000427246094,128.6199951171875,128.52000427246094,128.6199951171875,2679,0.0,0.0,0.0
2024-08-15 14:05:00-04:00,128.61500549316406,128.6363983154297,128.60000610351562,128.60000610351562,1838,0.0,0.0,0.0
2024-08-15 14:10:00-04:00,128.5800018310547,128.5800018310547,128.5800018310547,128.5800018310547,959,0.0,0.0,0.0
2024-08-15 14:15:00-04:00,128.57000732421875,128.6300048828125,128.57000732421875,128.625,5285,0.0,0.0,0.0
2024-08-15 14:20:00-04:00,128.6199951171875,128.6199951171875,128.59100341796875,128.6118927001953,0,0.0,0.0,0.0
2024-08-15 14:25:00-04:00,128.60000610351562,128.6300048828125,128.58999633789062,128.6300048828125,2327,0.0,0.0,0.0
2024-08-15 14:30:00-04:00,128.63999938964844,128.7100067138672,128.63999938964844,128.7100067138672,3420,0.0,0.0,0.0
2024-08-15 14:35:00-04:00,128.67999267578125,128.72000122070312,128.67999267578125,128.72000122070312,1260,0.0,0.0,0.0
2024-08-15 14:40:00-04:00,128.7209930419922,128.76010131835938,128.7209930419922,128.75999450683594,1422,0.0,0.0,0.0
2024-08-15 14:45:00-04:00,128.75,128.82000732421875,128.75,128.80499267578125,2613,0.0,0.0,0.0
2024-08-15 14:50:00-04:00,128.79100036621094,128.79100036621094,128.69000244140625,128.7418975830078,1364,0.0,0.0,0.0
2024-08-15 14:55:00-04:00,128.6999969482422,128.6999969482422,128.67100524902344,128.67100524902344,972,0.0,0.0,0.0
2024-08-15 15:00:00-04:00,128.6300048828125,128.69000244140625,128.6300048828125,128.67999267578125,2945,0.0,0.0,0.0
2024-08-15 15:05:00-04:00,128.6699981689453,128.69000244140625,128.6699981689453,128.68099975585938,984,0.0,0.0,0.0
2024-08-15 15:10:00-04:00,128.68099975585938,128.7100067138672,128.67999267578125,128.6999969482422,1527,0.0,0.0,0.0
2024-08-15 15:15:00-04:00,128.68099975585938,128.75999450683594,128.68099975585938,128.7425994873047,3979,0.0,0.0,0.0
2024-08-15 15:20:00-04:00,128.74000549316406,128.75999450683594,128.72000122070312,128.74099731445312,2213,0.0,0.0,0.0
2024-08-15 15:25:00-04:00,128.71180725097656,128.8000030517578,128.71180725097656,128.7899932861328,4742,0.0,0.0,0.0
2024-08-15 15:30:00-04:00,128.74769592285156,128.7899932861328,128.74099731445312,128.7899932861328,3965,0.0,0.0,0.0
2024-08-15 15:35:00-04:00,128.77000427246094,128.8000030517578,128.74099731445312,128.74099731445312,2387,0.0,0.0,0.0
2024-08-15 15:40:00-04:00,128.74000549316406,128.74000549316406,128.6300048828125,128.63999938964844,2606,0.0,0.0,0.0
2024-08-15 15:45:00-04:00,128.6300048828125,128.63999938964844,128.52000427246094,128.53179931640625,7931,0.0,0.0,0.0
2024-08-15 15:50:00-04:00,128.5399932861328,128.57000732421875,128.36500549316406,128.41000366210938,10474,0.0,0.0,0.0
2024-08-15 15:55:00-04:00,128.4499969482422,128.55999755859375,128.36000061035156,128.55999755859375,26859,0.0,0.0,0.0
2024-08-16 09:30:00-04:00,128.52000427246094,128.75999450683594,128.52000427246094,128.62330627441406,15822,0.0,0.0,0.0
2024-08-16 09:35:00-04:00,128.72999572753906,128.75,128.72999572753906,128.7418975830078,1625,0.0,0.0,0.0
2024-08-16 09:40:00-04:00,128.9199981689453,128.9199981689453,128.9199981689453,128.9199981689453,1273,0.0,0.0,0.0
2024-08-16 09:45:00-04:00,128.85000610351562,128.94000244140625,128.85000610351562,128.94000244140625,3128,0.0,0.0,0.0
2024-08-16 09:50:00-04:00,129.0,129.00999450683594,128.97500610351562,129.00999450683594,5426,0.0,0.0,0.0
2024-08-16 09:55:00-04:00,129.10000610351562,129.13510131835938,129.10000610351562,129.13510131835938,3257,0.0,0.0,0.0
2024-08-16 10:00:00-04:00,129.25,129.36000061035156,129.16000366210938,129.1699981689453,3318,0.0,0.0,0.0
2024-08-16 10:05:00-04:00,129.10000610351562,129.10000610351562,128.99000549316406,128.99000549316406,5649,0.0,0.0,0.0
2024-08-16 10:10:00-04:00,128.97000122070312,128.98910522460938,128.9199981689453,128.98910522460938,2079,0.0,0.0,0.0
2024-08-16 10:15:00-04:00,128.9113006591797,128.9600067138672,128.9113006591797,128.9600067138672,1552,0.0,0.0,0.0
2024-08-16 10:20:00-04:00,128.99000549316406,128.99000549316406,128.92999267578125,128.9315948486328,2126,0.0,0.0,0.0
2024-08-16 10:25:00-04:00,128.97999572753906,128.97999572753906,128.92999267578125,128.92999267578125,3738,0.0,0.0,0.0
2024-08-16 10:30:00-04:00,128.843994140625,128.8800048828125,128.843994140625,128.8800048828125,1981,0.0,0.0,0.0
2024-08-16 10:35:00-04:00,128.91000366210938,128.9600067138672,128.88180541992188,128.92999267578125,4894,0.0,0.0,0.0
2024-08-16 10:40:00-04:00,128.9199981689453,128.9499969482422,128.9199981689453,128.94000244140625,1515,0.0,0.0,0.0
2024-08-16 10:45:00-04:00,128.9499969482422,128.97999572753906,128.94000244140625,128.97999572753906,5612,0.0,0.0,0.0
2024-08-16 10:50:00-04:00,129.02999877929688,129.0800018310547,129.02999877929688,129.07000732421875,1433,0.0,0.0,0.0
2024-08-16 10:55:00-04:00,129.02000427246094,129.02999877929688,129.02000427246094,129.02999877929688,1323,0.0,0.0,0.0
2024-08-16 11:00:00-04:00,129.0590057373047,129.08999633789062,129.0449981689453,129.08999633789062,1208,0.0,0.0,0.0
2024-08-16 11:05:00-04:00,129.0697021484375,129.13949584960938,129.0697021484375,129.0989990234375,1069,0.0,0.0,0.0
2024-08-16 11:10:00-04:00,129.08999633789062,129.1490020751953,129.08999633789062,129.1490020751953,1119,0.0,0.0,0.0
2024-08-16 11:15:00-04:00,129.11000061035156,129.1490020751953,129.11000061035156,129.1490020751953,1418,0.0,0.0,0.0
2024-08-16 11:20:00-04:00,129.15310668945312,129.17999267578125,129.13499450683594,129.17999267578125,1476,0.0,0.0,0.0
2024-08-16 11:25:00-04:00,129.1999969482422,129.25999450683594,129.1999969482422,129.25999450683594,544,0.0,0.0,0.0
2024-08-16 11:30:00-04:00,129.23959350585938,129.23959350585938,129.1699981689453,129.1699981689453,838,0.0,0.0,0.0
2024-08-16 11:35:00-04:00,129.16000366210938,129.16000366210938,129.06219482421875,129.06219482421875,2835,0.0,0.0,0.0
2024-08-16 11:40:00-04:00,129.07899475097656,129.11500549316406,129.0399932861328,129.11500549316406,1656,0.0,0.0,0.0
2024-08-16 11:45:00-04:00,129.1300048828125,129.17999267578125,129.1300048828125,129.1699981689453,2472,0.0,0.0,0.0
2024-08-16 11:50:00-04:00,129.16009521484375,129.22000122070312,129.16000366210938,129.1649932861328,2665,0.0,0.0,0.0
2024-08-16 11:55:00-04:00,129.17999267578125,129.2100067138672,129.17999267578125,129.19500732421875,6488,0.0,0.0,0.0
2024-08-16 12:00:00-04:00,129.13999938964844,129.22000122070312,129.13999938964844,129.22000122070312,2054,0.0,0.0,0.0
2024-08-16 12:05:00-04:00,129.16000366210938,129.16000366210938,129.15350341796875,129.15350341796875,1139,0.0,0.0,0.0
2024-08-16 12:10:00-04:00,129.19000244140625,129.21209716796875,129.19000244140625,129.21209716796875,1439,0.0,0.0,0.0
2024-08-16 12:15:00-04:00,129.2790069580078,129.2790069580078,129.25970458984375,129.25970458984375,1370,0.0,0.0,0.0
2024-08-16 12:20:00-04:00,129.22000122070312,129.24000549316406,129.1999969482422,129.20989990234375,1995,0.0,0.0,0.0
2024-08-16 12:25:00-04:00,129.1490020751953,129.1490020751953,129.1490020751953,129.1490020751953,153,0.0,0.0,0.0
2024-08-16 12:30:00-04:00,129.13999938964844,129.20899963378906,129.13999938964844,129.20899963378906,2677,0.0,0.0,0.0
2024-08-16 12:35:00-04:00,129.19000244140625,129.20899963378906,129.19000244140625,129.20899963378906,688,0.0,0.0,0.0
2024-08-16 12:40:00-04:00,129.22999572753906,129.23500061035156,129.2100067138672,129.22999572753906,3993,0.0,0.0,0.0
2024-08-16 12:45:00-04:00,129.22999572753906,129.24000549316406,129.22999572753906,129.24000549316406,464,0.0,0.0,0.0
2024-08-16 12:50:00-04:00,129.2790069580078,129.3000030517578,129.2550048828125,129.2899932861328,9217,0.0,0.0,0.0
2024-08-16 12:55:00-04:00,129.30999755859375,129.3800048828125,129.3000030517578,129.3800048828125,5634,0.0,0.0,0.0
2024-08-16 13:00:00-04:00,129.3498992919922,129.35000610351562,129.30999755859375,129.3300018310547,7112,0.0,0.0,0.0
2024-08-16 13:05:00-04:00,129.33999633789062,129.39999389648438,129.32640075683594,129.32640075683594,14920,0.0,0.0,0.0
2024-08-16 13:10:00-04:00,129.3300018310547,129.3300018310547,129.30999755859375,129.3249969482422,1265,0.0,0.0,0.0
2024-08-16 13:15:00-04:00,129.31080627441406,129.36500549316406,129.31080627441406,129.35000610351562,2204,0.0,0.0,0.0
2024-08-16 13:20:00-04:00,129.3050994873047,129.33999633789062,129.3050994873047,129.33999633789062,1228,0.0,0.0,0.0
2024-08-16 13:25:00-04:00,129.3188018798828,129.3188018798828,129.25999450683594,129.30999755859375,27790,0.0,0.0,0.0
2024-08-16 13:30:00-04:00,129.32000732421875,129.3300018310547,129.30999755859375,129.3249969482422,1516,0.0,0.0,0.0
2024-08-16 13:35:00-04:00,129.3489990234375,129.3699951171875,129.3489990234375,129.3621063232422,1003,0.0,0.0,0.0
2024-08-16 13:40:00-04:00,129.3800048828125,129.3800048828125,129.33999633789062,129.3699951171875,1247,0.0,0.0,0.0
2024-08-16 13:45:00-04:00,129.38900756835938,129.38900756835938,129.3520050048828,129.3520050048828,380,0.0,0.0,0.0
2024-08-16 13:50:00-04:00,129.3527069091797,129.3527069091797,129.30599975585938,129.3072967529297,2883,0.0,0.0,0.0
2024-08-16 13:55:00-04:00,129.35000610351562,129.4199981689453,129.35000610351562,129.4199981689453,3680,0.0,0.0,0.0
2024-08-16 14:00:00-04:00,129.39999389648438,129.42999267578125,129.39999389648438,129.42999267578125,771,0.0,0.0,0.0
2024-08-16 14:05:00-04:00,129.40899658203125,129.4149932861328,129.40899658203125,129.4149932861328,877,0.0,0.0,0.0
2024-08-16 14:10:00-04:00,129.38009643554688,129.4199981689453,129.3800048828125,129.4199981689453,2471,0.0,0.0,0.0
2024-08-16 14:15:00-04:00,129.4199981689453,129.4600067138672,129.40150451660156,129.4600067138672,1139,0.0,0.0,0.0
2024-08-16 14:20:00-04:00,129.47000122070312,129.47000122070312,129.38999938964844,129.39999389648438,1439,0.0,0.0,0.0
2024-08-16 14:25:00-04:00,129.3800048828125,129.44000244140625,129.3800048828125,129.42999267578125,2155,0.0,0.0,0.0
2024-08-16 14:30:00-04:00,129.44000244140625,129.4600067138672,129.44000244140625,129.45509338378906,1287,0.0,0.0,0.0
2024-08-16 14:35:00-04:00,129.47000122070312,129.49000549316406,129.47000122070312,129.49000549316406,1225,0.0,0.0,0.0
2024-08-16 14:40:00-04:00,129.5,129.5,129.47999572753906,129.4842987060547,2477,0.0,0.0,0.0
2024-08-16 14:45:00-04:00,129.47999572753906,129.52999877929688,129.47999572753906,129.52999877929688,2465,0.0,0.0,0.0
2024-08-16 14:50:00-04:00,129.52549743652344,129.57000732421875,129.50999450683594,129.57000732421875,2274,0.0,0.0,0.0
2024-08-16 14:55:00-04:00,129.55999755859375,129.58999633789062,129.5399932861328,129.58999633789062,1656,0.0,0.0,0.0
2024-08-16 15:00:00-04:00,129.60000610351562,129.6300048828125,129.5706024169922,129.5706024169922,965,0.0,0.0,0.0
2024-08-16 15:05:00-04:00,129.58999633789062,129.6490020751953,129.58999633789062,129.625,2988,0.0,0.0,0.0
2024-08-16 15:10:00-04:00,129.60000610351562,129.6199951171875,129.60000610351562,129.6199951171875,1783,0.0,0.0,0.0
2024-08-16 15:15:00-04:00,129.57899475097656,129.57899475097656,129.5500030517578,129.5500030517578,1092,0.0,0.0,0.0
2024-08-16 15:20:00-04:00,129.5189971923828,129.52000427246094,129.49989318847656,129.5,2255,0.0,0.0,0.0
2024-08-16 15:25:00-04:00,129.49899291992188,129.5399932861328,129.47000122070312,129.47000122070312,2361,0.0,0.0,0.0
2024-08-16 15:30:00-04:00,129.45840454101562,129.53370666503906,129.44000244140625,129.53370666503906,5369,0.0,0.0,0.0
2024-08-16 15:35:00-04:00,129.5299072265625,129.57000732421875,129.5299072265625,129.57000732421875,2787,0.0,0.0,0.0
2024-08-16 15:40:00-04:00,129.55999755859375,129.55999755859375,129.52000427246094,129.5399932861328,2914,0.0,0.0,0.0
2024-08-16 15:45:00-04:00,129.5,129.5500030517578,129.4600067138672,129.5198974609375,13697,0.0,0.0,0.0
2024-08-16 15:50:00-04:00,129.52000427246094,129.5500030517578,129.44000244140625,129.4600067138672,8260,0.0,0.0,0.0
2024-08-16 15:55:00-04:00,129.5330047607422,129.57000732421875,129.50999450683594,129.5399932861328,6507,0.0,0.0,0.0
2024-08-19 09:30:00-04:00,129.4199981689453,129.94000244140625,129.4199981689453,129.94000244140625,23853,0.0,0.0,0.0
2024-08-19 09:35:00-04:00,129.9600067138672,129.9600067138672,129.83999633789062,129.9199981689453,6199,0.0,0.0,0.0
2024-08-19 09:40:00-04:00,129.91000366210938,130.0,129.86000061035156,129.86000061035156,19744,0.0,0.0,0.0
2024-08-19 09:45:00-04:00,129.8000030517578,129.8000030517578,129.8000030517578,129.8000030517578,1618,0.0,0.0,0.0
2024-08-19 09:50:00-04:00,129.71499633789062,129.8000030517578,129.71499633789062,129.77999877929688,1368,0.0,0.0,0.0
2024-08-19 10:00:00-04:00,129.83999633789062,129.83999633789062,129.81900024414062,129.83999633789062,5155,0.0,0.0,0.0
2024-08-19 10:10:00-04:00,129.86000061035156,129.86000061035156,129.86000061035156,129.86000061035156,210,0.0,0.0,0.0
2024-08-19 10:15:00-04:00,129.85000610351562,129.85000610351562,129.77999877929688,129.85000610351562,1816,0.0,0.0,0.0
2024-08-19 10:20:00-04:00,129.8699951171875,129.89500427246094,129.8699951171875,129.88999938964844,1411,0.0,0.0,0.0
2024-08-19 10:25:00-04:00,129.85000610351562,129.97000122070312,129.85000610351562,129.9250030517578,3286,0.0,0.0,0.0
2024-08-19 10:30:00-04:00,129.92909240722656,129.97500610351562,129.92909240722656,129.97500610351562,2875,0.0,0.0,0.0
2024-08-19 10:35:00-04:00,129.96229553222656,130.0299072265625,129.96229553222656,130.0299072265625,1693,0.0,0.0,0.0
2024-08-19 10:40:00-04:00,130.0500030517578,130.0614013671875,130.03500366210938,130.0614013671875,1873,0.0,0.0,0.0
2024-08-19 10:45:00-04:00,130.05169677734375,130.13499450683594,130.05169677734375,130.11709594726562,3059,0.0,0.0,0.0
2024-08-19 10:50:00-04:00,130.07000732421875,130.1199951171875,130.07000732421875,130.11500549316406,2886,0.0,0.0,0.0
2024-08-19 10:55:00-04:00,130.1199951171875,130.1199951171875,130.09280395507812,130.09280395507812,951,0.0,0.0,0.0
2024-08-19 11:00:00-04:00,130.10899353027344,130.10899353027344,130.06500244140625,130.06900024414062,959,0.0,0.0,0.0
2024-08-19 11:05:00-04:00,130.02789306640625,130.0399932861328,129.99000549316406,130.02999877929688,1746,0.0,0.0,0.0
2024-08-19 11:10:00-04:00,130.0,130.0500030517578,130.0,130.0500030517578,2129,0.0,0.0,0.0
2024-08-19 11:15:00-04:00,130.0800018310547,130.16000366210938,130.0800018310547,130.16000366210938,1526,0.0,0.0,0.0
2024-08-19 11:20:00-04:00,130.125,130.13900756835938,130.10499572753906,130.11000061035156,1401,0.0,0.0,0.0
2024-08-19 11:25:00-04:00,130.13499450683594,130.13900756835938,130.0989990234375,130.0989990234375,1411,0.0,0.0,0.0
2024-08-19 11:30:00-04:00,130.09500122070312,130.1490020751953,130.09500122070312,130.1490020751953,1307,0.0,0.0,0.0
2024-08-19 11:35:00-04:00,130.19000244140625,130.2100067138672,130.19000244140625,130.2100067138672,807,0.0,0.0,0.0
2024-08-19 11:40:00-04:00,130.1999969482422,130.1999969482422,130.13189697265625,130.13189697265625,1223,0.0,0.0,0.0
2024-08-19 11:45:00-04:00,130.1790008544922,130.1790008544922,130.10499572753906,130.10499572753906,2898,0.0,0.0,0.0
2024-08-19 11:50:00-04:00,130.13999938964844,130.1999969482422,130.13999938964844,130.19000244140625,1589,0.0,0.0,0.0
2024-08-19 11:55:00-04:00,130.1999969482422,130.1999969482422,130.10000610351562,130.1584014892578,4619,0.0,0.0,0.0
2024-08-19 12:00:00-04:00,130.1573944091797,130.24000549316406,130.14999389648438,130.16009521484375,6556,0.0,0.0,0.0
2024-08-19 12:05:00-04:00,130.16000366210938,130.1999969482422,130.16000366210938,130.1999969482422,4350,0.0,0.0,0.0
2024-08-19 12:10:00-04:00,130.22000122070312,130.25,130.19509887695312,130.25,2820,0.0,0.0,0.0
2024-08-19 12:15:00-04:00,130.214599609375,130.214599609375,130.214599609375,130.214599609375,584,0.0,0.0,0.0
2024-08-19 12:20:00-04:00,130.19900512695312,130.22000122070312,130.19900512695312,130.22000122070312,1508,0.0,0.0,0.0
2024-08-19 12:25:00-04:00,130.25,130.2899932861328,130.25,130.2899932861328,4056,0.0,0.0,0.0
2024-08-19 12:30:00-04:00,130.27000427246094,130.2747039794922,130.27000427246094,130.27000427246094,1709,0.0,0.0,0.0
2024-08-19 12:35:00-04:00,130.3090057373047,130.3090057373047,130.27999877929688,130.30499267578125,3809,0.0,0.0,0.0
2024-08-19 12:40:00-04:00,130.27999877929688,130.28610229492188,130.27999877929688,130.28610229492188,472,0.0,0.0,0.0
2024-08-19 12:45:00-04:00,130.25,130.25,130.24989318847656,130.24989318847656,476,0.0,0.0,0.0
2024-08-19 12:50:00-04:00,130.25999450683594,130.27999877929688,130.25999450683594,130.25999450683594,1126,0.0,0.0,0.0
2024-08-19 12:55:00-04:00,130.28750610351562,130.32000732421875,130.28750610351562,130.32000732421875,772,0.0,0.0,0.0
2024-08-19 13:00:00-04:00,130.2790069580078,130.2790069580078,130.25759887695312,130.27760314941406,691,0.0,0.0,0.0
2024-08-19 13:05:00-04:00,130.30999755859375,130.3300018310547,130.30999755859375,130.3300018310547,2168,0.0,0.0,0.0
2024-08-19 13:10:00-04:00,130.3000030517578,130.3000030517578,130.2899932861328,130.2899932861328,8596,0.0,0.0,0.0
2024-08-19 13:15:00-04:00,130.26010131835938,130.3000030517578,130.26010131835938,130.2899932861328,1705,0.0,0.0,0.0
2024-08-19 13:20:00-04:00,130.2899932861328,130.2899932861328,130.2779998779297,130.27999877929688,13682,0.0,0.0,0.0
2024-08-19 13:25:00-04:00,130.22999572753906,130.22999572753906,130.1999969482422,130.1999969482422,3076,0.0,0.0,0.0
2024-08-19 13:30:00-04:00,130.16900634765625,130.1699981689453,130.16000366210938,130.16879272460938,2677,0.0,0.0,0.0
2024-08-19 13:35:00-04:00,130.14500427246094,130.2100067138672,130.14500427246094,130.2050018310547,2224,0.0,0.0,0.0
2024-08-19 13:40:00-04:00,130.24000549316406,130.24000549316406,130.24000549316406,130.24000549316406,291,0.0,0.0,0.0
2024-08-19 13:45:00-04:00,130.2292022705078,130.24000549316406,130.2292022705078,130.24000549316406,990,0.0,0.0,0.0
2024-08-19 13:50:00-04:00,130.18850708007812,130.1999969482422,130.1800994873047,130.1999969482422,942,0.0,0.0,0.0
2024-08-19 13:55:00-04:00,130.19900512695312,130.235107421875,130.19900512695312,130.235107421875,1659,0.0,0.0,0.0
2024-08-19 14:00:00-04:00,130.22999572753906,130.27000427246094,130.2220001220703,130.25999450683594,2026,0.0,0.0,0.0
2024-08-19 14:05:00-04:00,130.25999450683594,130.25999450683594,130.19200134277344,130.19200134277344,914,0.0,0.0,0.0
2024-08-19 14:10:00-04:00,130.1707000732422,130.20899963378906,130.1501007080078,130.20899963378906,1835,0.0,0.0,0.0
2024-08-19 14:15:00-04:00,130.2100067138672,130.23899841308594,130.2100067138672,130.21009826660156,1552,0.0,0.0,0.0
2024-08-19 14:20:00-04:00,130.21800231933594,130.25900268554688,130.21800231933594,130.25900268554688,2174,0.0,0.0,0.0
2024-08-19 14:25:00-04:00,130.2100067138672,130.24000549316406,130.2100067138672,130.24000549316406,998,0.0,0.0,0.0
2024-08-19 14:30:00-04:00,130.24899291992188,130.26010131835938,130.24009704589844,130.25900268554688,1310,0.0,0.0,0.0
2024-08-19 14:35:00-04:00,130.25999450683594,130.32009887695312,130.25999450683594,130.32000732421875,4295,0.0,0.0,0.0
2024-08-19 14:40:00-04:00,130.3699951171875,130.38999938964844,130.36500549316406,130.38999938964844,3036,0.0,0.0,0.0
2024-08-19 14:45:00-04:00,130.40060424804688,130.40060424804688,130.3560028076172,130.36410522460938,2449,0.0,0.0,0.0
2024-08-19 14:50:00-04:00,130.33999633789062,130.3437042236328,130.31500244140625,130.32899475097656,1242,0.0,0.0,0.0
2024-08-19 14:55:00-04:00,130.33999633789062,130.33999633789062,130.3350067138672,130.33670043945312,1146,0.0,0.0,0.0
2024-08-19 15:00:00-04:00,130.30999755859375,130.30999755859375,130.24000549316406,130.25999450683594,1394,0.0,0.0,0.0
2024-08-19 15:05:00-04:00,130.27000427246094,130.28900146484375,130.27000427246094,130.27499389648438,3214,0.0,0.0,0.0
2024-08-19 15:10:00-04:00,130.27999877929688,130.2899932861328,130.2689971923828,130.2689971923828,998,0.0,0.0,0.0
2024-08-19 15:15:00-04:00,130.2624969482422,130.27999877929688,130.25,130.27049255371094,3208,0.0,0.0,0.0
2024-08-19 15:20:00-04:00,130.27000427246094,130.2989959716797,130.26730346679688,130.2989959716797,2501,0.0,0.0,0.0
2024-08-19 15:25:00-04:00,130.3000030517578,130.33120727539062,130.2899932861328,130.30999755859375,3717,0.0,0.0,0.0
2024-08-19 15:30:00-04:00,130.28500366210938,130.3000030517578,130.25999450683594,130.26499938964844,2140,0.0,0.0,0.0
2024-08-19 15:35:00-04:00,130.2550048828125,130.26499938964844,130.22999572753906,130.25999450683594,4622,0.0,0.0,0.0
2024-08-19 15:40:00-04:00,130.25999450683594,130.30909729003906,130.2550048828125,130.3000030517578,5081,0.0,0.0,0.0
2024-08-19 15:45:00-04:00,130.30999755859375,130.33999633789062,130.30999755859375,130.32000732421875,5883,0.0,0.0,0.0
2024-08-19 15:50:00-04:00,130.3300018310547,130.3300018310547,130.1649932861328,130.21499633789062,19055,0.0,0.0,0.0
2024-08-19 15:55:00-04:00,130.22999572753906,130.3699951171875,130.22000122070312,130.3699951171875,12047,0.0,0.0,0.0
2024-08-20 09:30:00-04:00,130.3699951171875,130.3699951171875,130.1699981689453,130.25,19294,0.0,0.0,0.0
2024-08-20 09:35:00-04:00,130.22999572753906,130.22999572753906,130.15020751953125,130.16000366210938,2887,0.0,0.0,0.0
2024-08-20 09:40:00-04:00,130.24000549316406,130.24000549316406,130.1699981689453,130.1699981689453,1706,0.0,0.0,0.0
2024-08-20 09:45:00-04:00,130.2100067138672,130.22999572753906,130.13909912109375,130.22000122070312,6476,0.0,0.0,0.0
2024-08-20 09:50:00-04:00,130.2100067138672,130.24000549316406,130.16000366210938,130.17999267578125,2491,0.0,0.0,0.0
2024-08-20 09:55:00-04:00,130.19000244140625,130.27499389648438,130.19000244140625,130.27499389648438,1375,0.0,0.0,0.0
2024-08-20 10:00:00-04:00,130.22000122070312,130.2949981689453,130.2039031982422,130.2100067138672,1950,0.0,0.0,0.0
2024-08-20 10:05:00-04:00,130.22000122070312,130.25,130.2100067138672,130.21180725097656,1958,0.0,0.0,0.0
2024-08-20 10:10:00-04:00,130.19500732421875,130.24000549316406,130.19500732421875,130.24000549316406,1493,0.0,0.0,0.0
2024-08-20 10:15:00-04:00,130.24000549316406,130.24000549316406,130.24000549316406,130.24000549316406,1226,0.0,0.0,0.0
2024-08-20 10:20:00-04:00,130.24000549316406,130.25999450683594,130.1490936279297,130.2050018310547,25219,0.0,0.0,0.0
2024-08-20 10:25:00-04:00,130.2393035888672,130.3000030517578,130.2393035888672,130.28289794921875,2391,0.0,0.0,0.0
2024-08-20 10:30:00-04:00,130.22999572753906,130.22999572753906,130.22999572753906,130.22999572753906,260,0.0,0.0,0.0
2024-08-20 10:35:00-04:00,130.2841033935547,130.39999389648438,130.27999877929688,130.39999389648438,1618,0.0,0.0,0.0
2024-08-20 10:40:00-04:00,130.3699951171875,130.3699951171875,130.3300018310547,130.3302001953125,5227,0.0,0.0,0.0
2024-08-20 10:45:00-04:00,130.26780700683594,130.3249969482422,130.26780700683594,130.27499389648438,4392,0.0,0.0,0.0
2024-08-20 10:50:00-04:00,130.26890563964844,130.26890563964844,130.1999969482422,130.22000122070312,4264,0.0,0.0,0.0
2024-08-20 10:55:00-04:00,130.1999969482422,130.22999572753906,130.1999969482422,130.22900390625,1928,0.0,0.0,0.0
2024-08-20 11:00:00-04:00,130.17250061035156,130.17250061035156,130.08009338378906,130.08009338378906,2707,0.0,0.0,0.0
2024-08-20 11:05:00-04:00,130.1300048828125,130.1699981689453,130.1300048828125,130.13999938964844,1273,0.0,0.0,0.0
2024-08-20 11:10:00-04:00,130.11630249023438,130.11630249023438,130.0399932861328,130.0500030517578,2759,0.0,0.0,0.0
2024-08-20 11:15:00-04:00,130.03900146484375,130.03900146484375,129.92999267578125,129.9499969482422,3013,0.0,0.0,0.0
2024-08-20 11:20:00-04:00,129.97799682617188,129.98500061035156,129.88999938964844,129.88999938964844,2497,0.0,0.0,0.0
2024-08-20 11:25:00-04:00,129.88999938964844,129.91000366210938,129.86500549316406,129.8699951171875,5150,0.0,0.0,0.0
2024-08-20 11:30:00-04:00,129.8699951171875,129.8699951171875,129.85000610351562,129.85000610351562,1171,0.0,0.0,0.0
2024-08-20 11:35:00-04:00,129.7899932861328,129.86900329589844,129.7899932861328,129.85499572753906,2281,0.0,0.0,0.0
2024-08-20 11:40:00-04:00,129.8699951171875,129.8699951171875,129.81089782714844,129.86000061035156,3165,0.0,0.0,0.0
2024-08-20 11:45:00-04:00,129.86000061035156,129.88499450683594,129.86000061035156,129.87460327148438,2515,0.0,0.0,0.0
2024-08-20 11:50:00-04:00,129.88999938964844,129.94000244140625,129.8800048828125,129.94000244140625,1947,0.0,0.0,0.0
2024-08-20 11:55:00-04:00,129.93919372558594,130.05889892578125,129.93919372558594,130.05889892578125,5690,0.0,0.0,0.0
2024-08-20 12:00:00-04:00,130.0399932861328,130.05990600585938,130.00900268554688,130.00900268554688,5242,0.0,0.0,0.0
2024-08-20 12:05:00-04:00,129.99989318847656,130.02999877929688,129.97999572753906,130.02999877929688,1344,0.0,0.0,0.0
2024-08-20 12:10:00-04:00,130.07000732421875,130.07000732421875,130.01499938964844,130.02999877929688,874,0.0,0.0,0.0
2024-08-20 12:15:00-04:00,129.95309448242188,129.95309448242188,129.9199981689453,129.9199981689453,1374,0.0,0.0,0.0
2024-08-20 12:20:00-04:00,129.91000366210938,129.94000244140625,129.91000366210938,129.94000244140625,991,0.0,0.0,0.0
2024-08-20 12:25:00-04:00,129.92660522460938,129.99000549316406,129.92660522460938,129.99000549316406,1586,0.0,0.0,0.0
2024-08-20 12:30:00-04:00,129.94000244140625,129.97000122070312,129.89999389648438,129.9199981689453,4309,0.0,0.0,0.0
2024-08-20 12:35:00-04:00,129.968994140625,130.0,129.968994140625,130.0,1293,0.0,0.0,0.0
2024-08-20 12:40:00-04:00,130.0,130.0,130.0,130.0,884,0.0,0.0,0.0
2024-08-20 12:45:00-04:00,129.9600067138672,130.02000427246094,129.9600067138672,130.02000427246094,3511,0.0,0.0,0.0
2024-08-20 12:50:00-04:00,130.02999877929688,130.02999877929688,130.00999450683594,130.00999450683594,1374,0.0,0.0,0.0
2024-08-20 12:55:00-04:00,130.0399932861328,130.0399932861328,130.0399932861328,130.0399932861328,495,0.0,0.0,0.0
2024-08-20 13:00:00-04:00,129.90150451660156,129.90150451660156,129.8699951171875,129.8699951171875,858,0.0,0.0,0.0
2024-08-20 13:05:00-04:00,129.88900756835938,129.92999267578125,129.852294921875,129.91000366210938,2299,0.0,0.0,0.0
2024-08-20 13:10:00-04:00,129.95899963378906,129.95899963378906,129.88499450683594,129.88499450683594,1265,0.0,0.0,0.0
2024-08-20 13:20:00-04:00,129.92999267578125,129.93499755859375,129.92999267578125,129.93499755859375,746,0.0,0.0,0.0
2024-08-20 13:30:00-04:00,129.85000610351562,129.87899780273438,129.85000610351562,129.85899353027344,1399,0.0,0.0,0.0
2024-08-20 13:35:00-04:00,129.82000732421875,129.82000732421875,129.80999755859375,129.80999755859375,281,0.0,0.0,0.0
2024-08-20 13:40:00-04:00,129.80999755859375,129.80999755859375,129.76019287109375,129.77999877929688,2525,0.0,0.0,0.0
2024-08-20 13:45:00-04:00,129.77499389648438,129.7899932861328,129.75,129.7899932861328,2481,0.0,0.0,0.0
2024-08-20 13:50:00-04:00,129.75999450683594,129.8249969482422,129.75999450683594,129.8249969482422,1779,0.0,0.0,0.0
2024-08-20 13:55:00-04:00,129.80999755859375,129.80999755859375,129.77999877929688,129.77999877929688,2671,0.0,0.0,0.0
2024-08-20 14:00:00-04:00,129.77000427246094,129.80999755859375,129.77000427246094,129.80999755859375,3406,0.0,0.0,0.0
2024-08-20 14:05:00-04:00,129.82000732421875,129.88999938964844,129.82000732421875,129.88999938964844,1453,0.0,0.0,0.0
2024-08-20 14:10:00-04:00,129.9199981689453,129.9199981689453,129.91319274902344,129.9196014404297,1435,0.0,0.0,0.0
2024-08-20 14:15:00-04:00,129.97000122070312,129.97999572753906,129.9600067138672,129.97000122070312,1184,0.0,0.0,0.0
2024-08-20 14:20:00-04:00,130.02999877929688,130.05999755859375,130.02000427246094,130.0500030517578,26353,0.0,0.0,0.0
2024-08-20 14:25:00-04:00,130.02000427246094,130.03729248046875,129.99000549316406,129.99000549316406,1758,0.0,0.0,0.0
2024-08-20 14:30:00-04:00,129.98330688476562,130.0,129.97000122070312,129.97000122070312,1949,0.0,0.0,0.0
2024-08-20 14:35:00-04:00,129.99000549316406,130.00709533691406,129.99000549316406,130.00709533691406,668,0.0,0.0,0.0
2024-08-20 14:40:00-04:00,130.00999450683594,130.02999877929688,129.93040466308594,129.9600067138672,23401,0.0,0.0,0.0
2024-08-20 14:45:00-04:00,129.9499969482422,129.9499969482422,129.9499969482422,129.9499969482422,1368,0.0,0.0,0.0
2024-08-20 14:50:00-04:00,130.02000427246094,130.02999877929688,129.97509765625,129.97509765625,1810,0.0,0.0,0.0
2024-08-20 14:55:00-04:00,129.97000122070312,129.97000122070312,129.91000366210938,129.91000366210938,5703,0.0,0.0,0.0
2024-08-20 15:00:00-04:00,129.9250030517578,129.92999267578125,129.91000366210938,129.92999267578125,1416,0.0,0.0,0.0
2024-08-20 15:05:00-04:00,129.9290008544922,129.968994140625,129.91000366210938,129.94000244140625,1779,0.0,0.0,0.0
2024-08-20 15:10:00-04:00,129.94000244140625,129.97000122070312,129.94000244140625,129.94000244140625,1448,0.0,0.0,0.0
2024-08-20 15:15:00-04:00,129.94000244140625,129.97000122070312,129.94000244140625,129.97000122070312,1063,0.0,0.0,0.0
2024-08-20 15:20:00-04:00,129.9499969482422,129.9499969482422,129.91000366210938,129.9499969482422,1562,0.0,0.0,0.0
2024-08-20 15:25:00-04:00,129.9550018310547,129.97999572753906,129.9550018310547,129.97000122070312,2637,0.0,0.0,0.0
2024-08-20 15:30:00-04:00,129.97000122070312,129.9971923828125,129.96170043945312,129.98899841308594,2328,0.0,0.0,0.0
2024-08-20 15:35:00-04:00,129.99000549316406,129.99000549316406,129.88999938964844,129.88999938964844,2356,0.0,0.0,0.0
2024-08-20 15:40:00-04:00,129.8800048828125,129.88900756835938,129.85499572753906,129.85499572753906,638,0.0,0.0,0.0
2024-08-20 15:45:00-04:00,129.86900329589844,129.90899658203125,129.8300018310547,129.90899658203125,4053,0.0,0.0,0.0
2024-08-20 15:50:00-04:00,129.94000244140625,129.94000244140625,129.81500244140625,129.8300018310547,5461,0.0,0.0,0.0
2024-08-20 15:55:00-04:00,129.83999633789062,129.88999938964844,129.83999633789062,129.85000610351562,9602,0.0,0.0,0.0
2024-08-21 09:30:00-04:00,130.14999389648438,130.39999389648438,130.14999389648438,130.2100067138672,14349,0.0,0.0,0.0
2024-08-21 09:35:00-04:00,130.15040588378906,130.19000244140625,130.1199951171875,130.1199951171875,6904,0.0,0.0,0.0
2024-08-21 09:40:00-04:00,130.16000366210938,130.16000366210938,130.01499938964844,130.0399932861328,1980,0.0,0.0,0.0
2024-08-21 09:45:00-04:00,130.05999755859375,130.10000610351562,130.0399932861328,130.10000610351562,3104,0.0,0.0,0.0
2024-08-21 09:50:00-04:00,130.08999633789062,130.08999633789062,130.07000732421875,130.08999633789062,2021,0.0,0.0,0.0
2024-08-21 09:55:00-04:00,130.14999389648438,130.15280151367188,130.1300048828125,130.14500427246094,1965,0.0,0.0,0.0
2024-08-21 10:00:00-04:00,130.1300048828125,130.14010620117188,129.9810028076172,129.9810028076172,3637,0.0,0.0,0.0
2024-08-21 10:05:00-04:00,129.97000122070312,129.97000122070312,129.9250030517578,129.9250030517578,4246,0.0,0.0,0.0
2024-08-21 10:10:00-04:00,129.85000610351562,129.88999938964844,129.75999450683594,129.75999450683594,38654,0.0,0.0,0.0
2024-08-21 10:15:00-04:00,129.75999450683594,129.85499572753906,129.72000122070312,129.85499572753906,28286,0.0,0.0,0.0
2024-08-21 10:20:00-04:00,129.80999755859375,129.80999755859375,129.80999755859375,129.80999755859375,1156,0.0,0.0,0.0
2024-08-21 10:25:00-04:00,129.99000549316406,130.0500030517578,129.99000549316406,130.0500030517578,1800,0.0,0.0,0.0
2024-08-21 10:30:00-04:00,130.07000732421875,130.10499572753906,130.06959533691406,130.06959533691406,1461,0.0,0.0,0.0
2024-08-21 10:35:00-04:00,130.1300048828125,130.27999877929688,130.1199951171875,130.24859619140625,66821,0.0,0.0,0.0
2024-08-21 10:40:00-04:00,130.22999572753906,130.30999755859375,130.22999572753906,130.30999755859375,3600,0.0,0.0,0.0
2024-08-21 10:45:00-04:00,130.24000549316406,130.24000549316406,130.1300048828125,130.1300048828125,1132,0.0,0.0,0.0
2024-08-21 10:50:00-04:00,130.10000610351562,130.10000610351562,129.9250030517578,129.9250030517578,4004,0.0,0.0,0.0
2024-08-21 10:55:00-04:00,129.97000122070312,130.05999755859375,129.97000122070312,130.03799438476562,5205,0.0,0.0,0.0
2024-08-21 11:00:00-04:00,129.95899963378906,130.02000427246094,129.95899963378906,130.02000427246094,2766,0.0,0.0,0.0
2024-08-21 11:05:00-04:00,130.00999450683594,130.0800018310547,129.99000549316406,130.07000732421875,3982,0.0,0.0,0.0
2024-08-21 11:10:00-04:00,130.10910034179688,130.2100067138672,130.10499572753906,130.2100067138672,4996,0.0,0.0,0.0
2024-08-21 11:15:00-04:00,130.22999572753906,130.30999755859375,130.22999572753906,130.25999450683594,3782,0.0,0.0,0.0
2024-08-21 11:20:00-04:00,130.3000030517578,130.3090057373047,130.25289916992188,130.3090057373047,1619,0.0,0.0,0.0
2024-08-21 11:25:00-04:00,130.27499389648438,130.27499389648438,130.24000549316406,130.25999450683594,1653,0.0,0.0,0.0
2024-08-21 11:30:00-04:00,130.23500061035156,130.29969787597656,130.2100067138672,130.29969787597656,2623,0.0,0.0,0.0
2024-08-21 11:35:00-04:00,130.2899932861328,130.32899475097656,130.25840759277344,130.25840759277344,766,0.0,0.0,0.0
2024-08-21 11:40:00-04:00,130.32000732421875,130.32000732421875,130.27499389648438,130.28900146484375,1904,0.0,0.0,0.0
2024-08-21 11:45:00-04:00,130.2899932861328,130.2899932861328,130.15499877929688,130.15499877929688,960,0.0,0.0,0.0
2024-08-21 11:50:00-04:00,130.1199951171875,130.1199951171875,130.0800018310547,130.11000061035156,995,0.0,0.0,0.0
2024-08-21 11:55:00-04:00,130.06500244140625,130.06900024414062,130.02999877929688,130.05999755859375,1571,0.0,0.0,0.0
2024-08-21 12:00:00-04:00,130.0052032470703,130.0399932861328,130.0052032470703,130.02999877929688,2788,0.0,0.0,0.0
2024-08-21 12:05:00-04:00,130.06500244140625,130.1074981689453,130.06500244140625,130.10499572753906,881,0.0,0.0,0.0
2024-08-21 12:10:00-04:00,130.11000061035156,130.11000061035156,130.06910705566406,130.08900451660156,1975,0.0,0.0,0.0
2024-08-21 12:15:00-04:00,130.07000732421875,130.08999633789062,130.07000732421875,130.08999633789062,1285,0.0,0.0,0.0
2024-08-21 12:20:00-04:00,130.0800018310547,130.2100067138672,130.0800018310547,130.20970153808594,1319,0.0,0.0,0.0
2024-08-21 12:25:00-04:00,130.2100067138672,130.25,130.2100067138672,130.25,279,0.0,0.0,0.0
2024-08-21 12:30:00-04:00,130.24000549316406,130.2790069580078,130.24000549316406,130.2790069580078,458,0.0,0.0,0.0
2024-08-21 12:35:00-04:00,130.31900024414062,130.31900024414062,130.31900024414062,130.31900024414062,443,0.0,0.0,0.0
2024-08-21 12:40:00-04:00,130.30050659179688,130.3300018310547,130.3000030517578,130.3300018310547,2268,0.0,0.0,0.0
2024-08-21 12:45:00-04:00,130.2899932861328,130.35000610351562,130.2899932861328,130.33009338378906,1272,0.0,0.0,0.0
2024-08-21 12:50:00-04:00,130.35000610351562,130.35000610351562,130.32000732421875,130.33999633789062,1044,0.0,0.0,0.0
2024-08-21 12:55:00-04:00,130.35899353027344,130.35899353027344,130.35000610351562,130.35899353027344,464,0.0,0.0,0.0
2024-08-21 13:00:00-04:00,130.38999938964844,130.38999938964844,130.36900329589844,130.36900329589844,1040,0.0,0.0,0.0
2024-08-21 13:05:00-04:00,130.3699951171875,130.3699951171875,130.36000061035156,130.36000061035156,489,0.0,0.0,0.0
2024-08-21 13:10:00-04:00,130.35000610351562,130.39999389648438,130.35000610351562,130.375,1031,0.0,0.0,0.0
2024-08-21 13:15:00-04:00,130.33900451660156,130.35899353027344,130.32000732421875,130.35899353027344,1250,0.0,0.0,0.0
2024-08-21 13:20:00-04:00,130.3699951171875,130.3800048828125,130.29269409179688,130.3090057373047,2033,0.0,0.0,0.0
2024-08-21 13:25:00-04:00,130.31500244140625,130.32000732421875,130.31500244140625,130.32000732421875,984,0.0,0.0,0.0
2024-08-21 13:30:00-04:00,130.3300018310547,130.3300018310547,130.3300018310547,130.3300018310547,510,0.0,0.0,0.0
2024-08-21 13:35:00-04:00,130.2899932861328,130.32000732421875,130.2700958251953,130.30499267578125,1920,0.0,0.0,0.0
2024-08-21 13:40:00-04:00,130.27999877929688,130.27999877929688,130.2366943359375,130.2799072265625,1625,0.0,0.0,0.0
2024-08-21 13:45:00-04:00,130.3000030517578,130.36199951171875,130.3000030517578,130.35000610351562,1435,0.0,0.0,0.0
2024-08-21 13:50:00-04:00,130.36500549316406,130.3800048828125,130.34500122070312,130.34500122070312,1652,0.0,0.0,0.0
2024-08-21 13:55:00-04:00,130.32220458984375,130.32220458984375,130.2884063720703,130.2884063720703,2277,0.0,0.0,0.0
2024-08-21 14:00:00-04:00,130.32000732421875,130.38999938964844,130.28640747070312,130.30999755859375,5725,0.0,0.0,0.0
2024-08-21 14:05:00-04:00,130.27499389648438,130.31900024414062,130.27499389648438,130.3000030517578,2186,0.0,0.0,0.0
2024-08-21 14:10:00-04:00,130.32000732421875,130.3300018310547,130.30999755859375,130.3300018310547,2596,0.0,0.0,0.0
2024-08-21 14:15:00-04:00,130.33689880371094,130.3800048828125,130.3000030517578,130.3000030517578,4739,0.0,0.0,0.0
2024-08-21 14:20:00-04:00,130.335205078125,130.335205078125,130.3249969482422,130.32899475097656,4403,0.0,0.0,0.0
2024-08-21 14:25:00-04:00,130.3350067138672,130.41000366210938,130.3350067138672,130.41000366210938,6387,0.0,0.0,0.0
2024-08-21 14:30:00-04:00,130.410400390625,130.49000549316406,130.410400390625,130.47000122070312,2088,0.0,0.0,0.0
2024-08-21 14:35:00-04:00,130.44000244140625,130.44000244140625,130.36000061035156,130.38510131835938,1888,0.0,0.0,0.0
2024-08-21 14:40:00-04:00,130.3800048828125,130.38999938964844,130.3800048828125,130.38999938964844,1197,0.0,0.0,0.0
2024-08-21 14:45:00-04:00,130.38999938964844,130.4499969482422,130.38999938964844,130.4219970703125,3063,0.0,0.0,0.0
2024-08-21 14:50:00-04:00,130.44000244140625,130.47000122070312,130.44000244140625,130.4647979736328,1334,0.0,0.0,0.0
2024-08-21 14:55:00-04:00,130.4499969482422,130.4499969482422,130.4499969482422,130.4499969482422,400,0.0,0.0,0.0
2024-08-21 15:00:00-04:00,130.47999572753906,130.47999572753906,130.40589904785156,130.41000366210938,3321,0.0,0.0,0.0
2024-08-21 15:05:00-04:00,130.43899536132812,130.43899536132812,130.33999633789062,130.33999633789062,2440,0.0,0.0,0.0
2024-08-21 15:10:00-04:00,130.36000061035156,130.3800048828125,130.36000061035156,130.36000061035156,1061,0.0,0.0,0.0
2024-08-21 15:15:00-04:00,130.33999633789062,130.35000610351562,130.30999755859375,130.3300018310547,3415,0.0,0.0,0.0
2024-08-21 15:20:00-04:00,130.2899932861328,130.2899932861328,130.21499633789062,130.23899841308594,2286,0.0,0.0,0.0
2024-08-21 15:25:00-04:00,130.25,130.30999755859375,130.25,130.30999755859375,3715,0.0,0.0,0.0
2024-08-21 15:30:00-04:00,130.28500366210938,130.28500366210938,130.22000122070312,130.24000549316406,1613,0.0,0.0,0.0
2024-08-21 15:35:00-04:00,130.27000427246094,130.3699951171875,130.27000427246094,130.3699951171875,6719,0.0,0.0,0.0
2024-08-21 15:40:00-04:00,130.3800048828125,130.40899658203125,130.3699951171875,130.3699951171875,4521,0.0,0.0,0.0
2024-08-21 15:45:00-04:00,130.3690948486328,130.3699951171875,130.28900146484375,130.2899932861328,2314,0.0,0.0,0.0
2024-08-21 15:50:00-04:00,130.35000610351562,130.3524932861328,130.25,130.3524932861328,5093,0.0,0.0,0.0
2024-08-21 15:55:00-04:00,130.41000366210938,130.49000549316406,130.41000366210938,130.47000122070312,16318,0.0,0.0,0.0
2024-08-22 09:30:00-04:00,130.47000122070312,130.75,130.47000122070312,130.74000549316406,12211,0.0,0.0,0.0
2024-08-22 09:35:00-04:00,130.69000244140625,130.8000030517578,130.63999938964844,130.8000030517578,1493,0.0,0.0,0.0
2024-08-22 09:40:00-04:00,130.8000030517578,130.86000061035156,130.75999450683594,130.82000732421875,16133,0.0,0.0,0.0
2024-08-22 09:45:00-04:00,130.75999450683594,130.75999450683594,130.44000244140625,130.5,19087,0.0,0.0,0.0
2024-08-22 09:55:00-04:00,130.52999877929688,130.52999877929688,130.42999267578125,130.4600067138672,2190,0.0,0.0,0.0
2024-08-22 10:00:00-04:00,130.42999267578125,130.43899536132812,130.34100341796875,130.34100341796875,2434,0.0,0.0,0.0
2024-08-22 10:05:00-04:00,130.30999755859375,130.33999633789062,130.25,130.27999877929688,3803,0.0,0.0,0.0
2024-08-22 10:10:00-04:00,130.22000122070312,130.22000122070312,130.1999969482422,130.1999969482422,5151,0.0,0.0,0.0
2024-08-22 10:15:00-04:00,130.24070739746094,130.2550048828125,130.24070739746094,130.2550048828125,2271,0.0,0.0,0.0
2024-08-22 10:20:00-04:00,130.2449951171875,130.2449951171875,130.20199584960938,130.20989990234375,1033,0.0,0.0,0.0
2024-08-22 10:25:00-04:00,130.30999755859375,130.30999755859375,130.22999572753906,130.25,5465,0.0,0.0,0.0
2024-08-22 10:30:00-04:00,130.22999572753906,130.3000030517578,130.2100067138672,130.27999877929688,13175,0.0,0.0,0.0
2024-08-22 10:35:00-04:00,130.3448028564453,130.4149932861328,130.33799743652344,130.4149932861328,965,0.0,0.0,0.0
2024-08-22 10:40:00-04:00,130.3654022216797,130.40640258789062,130.3654022216797,130.40640258789062,991,0.0,0.0,0.0
2024-08-22 10:45:00-04:00,130.44500732421875,130.47500610351562,130.44500732421875,130.47500610351562,1466,0.0,0.0,0.0
2024-08-22 10:50:00-04:00,130.5,130.5800018310547,130.5,130.5800018310547,1708,0.0,0.0,0.0
2024-08-22 10:55:00-04:00,130.52999877929688,130.54559326171875,130.48500061035156,130.49000549316406,1380,0.0,0.0,0.0
2024-08-22 11:00:00-04:00,130.5189971923828,130.52999877929688,130.5,130.5,1720,0.0,0.0,0.0
2024-08-22 11:05:00-04:00,130.49000549316406,130.50999450683594,130.36500549316406,130.36500549316406,3117,0.0,0.0,0.0
2024-08-22 11:10:00-04:00,130.40499877929688,130.4250030517578,130.3699951171875,130.37969970703125,1465,0.0,0.0,0.0
2024-08-22 11:15:00-04:00,130.3699951171875,130.3699951171875,130.30999755859375,130.30999755859375,1526,0.0,0.0,0.0
2024-08-22 11:20:00-04:00,130.1649932861328,130.27999877929688,130.1649932861328,130.27999877929688,1737,0.0,0.0,0.0
2024-08-22 11:25:00-04:00,130.26499938964844,130.36000061035156,130.25,130.36000061035156,3305,0.0,0.0,0.0
2024-08-22 11:30:00-04:00,130.402099609375,130.5399932861328,130.402099609375,130.5155029296875,2365,0.0,0.0,0.0
2024-08-22 11:35:00-04:00,130.52000427246094,130.5399932861328,130.50999450683594,130.5399932861328,1837,0.0,0.0,0.0
2024-08-22 11:40:00-04:00,130.60899353027344,130.60899353027344,130.52999877929688,130.55499267578125,1412,0.0,0.0,0.0
2024-08-22 11:45:00-04:00,130.6300048828125,130.6300048828125,130.49000549316406,130.49000549316406,1459,0.0,0.0,0.0
2024-08-22 11:50:00-04:00,130.49000549316406,130.52999877929688,130.46499633789062,130.46499633789062,1976,0.0,0.0,0.0
2024-08-22 11:55:00-04:00,130.44000244140625,130.4600067138672,130.41009521484375,130.4600067138672,2102,0.0,0.0,0.0
2024-08-22 12:00:00-04:00,130.4600067138672,130.52000427246094,130.4600067138672,130.50999450683594,3760,0.0,0.0,0.0
2024-08-22 12:05:00-04:00,130.5500030517578,130.55999755859375,130.5,130.5,1109,0.0,0.0,0.0
2024-08-22 12:10:00-04:00,130.55999755859375,130.57000732421875,130.52149963378906,130.52999877929688,1419,0.0,0.0,0.0
2024-08-22 12:15:00-04:00,130.5489959716797,130.55999755859375,130.531005859375,130.55999755859375,604,0.0,0.0,0.0
2024-08-22 12:20:00-04:00,130.5800018310547,130.60000610351562,130.55999755859375,130.5989990234375,1980,0.0,0.0,0.0
2024-08-22 12:25:00-04:00,130.64999389648438,130.64999389648438,130.63999938964844,130.63999938964844,541,0.0,0.0,0.0
2024-08-22 12:30:00-04:00,130.6199951171875,130.65899658203125,130.6199951171875,130.64999389648438,2280,0.0,0.0,0.0
2024-08-22 12:35:00-04:00,130.718994140625,130.718994140625,130.66000366210938,130.70899963378906,1288,0.0,0.0,0.0
2024-08-22 12:40:00-04:00,130.65499877929688,130.65499877929688,130.61000061035156,130.61000061035156,718,0.0,0.0,0.0
2024-08-22 12:45:00-04:00,130.62899780273438,130.6300048828125,130.6199951171875,130.6199951171875,421,0.0,0.0,0.0
2024-08-22 12:50:00-04:00,130.60000610351562,130.60000610351562,130.5,130.5,1122,0.0,0.0,0.0
2024-08-22 12:55:00-04:00,130.39999389648438,130.41000366210938,130.3800048828125,130.41000366210938,1015,0.0,0.0,0.0
2024-08-22 13:00:00-04:00,130.3699951171875,130.3699951171875,130.2899932861328,130.34140014648438,3307,0.0,0.0,0.0
2024-08-22 13:05:00-04:00,130.32000732421875,130.38999938964844,130.27999877929688,130.38999938964844,2077,0.0,0.0,0.0
2024-08-22 13:10:00-04:00,130.40499877929688,130.4949951171875,130.40499877929688,130.4949951171875,2150,0.0,0.0,0.0
2024-08-22 13:15:00-04:00,130.44000244140625,130.47500610351562,130.41000366210938,130.47500610351562,2067,0.0,0.0,0.0
2024-08-22 13:20:00-04:00,130.42489624023438,130.4499969482422,130.41000366210938,130.4499969482422,498,0.0,0.0,0.0
2024-08-22 13:25:00-04:00,130.38999938964844,130.38999938964844,130.30279541015625,130.30279541015625,1529,0.0,0.0,0.0
2024-08-22 13:30:00-04:00,130.2451934814453,130.25999450683594,130.1199951171875,130.16000366210938,2187,0.0,0.0,0.0
2024-08-22 13:35:00-04:00,130.2449951171875,130.3300018310547,130.2449951171875,130.32000732421875,4569,0.0,0.0,0.0
2024-08-22 13:40:00-04:00,130.25999450683594,130.35499572753906,130.25999450683594,130.35000610351562,9414,0.0,0.0,0.0
2024-08-22 13:45:00-04:00,130.30499267578125,130.3699951171875,130.3000030517578,130.3000030517578,1526,0.0,0.0,0.0
2024-08-22 13:50:00-04:00,130.35000610351562,130.35000610351562,130.2238006591797,130.2238006591797,2297,0.0,0.0,0.0
2024-08-22 13:55:00-04:00,130.1501007080078,130.18899536132812,130.13999938964844,130.13999938964844,1305,0.0,0.0,0.0
2024-08-22 14:00:00-04:00,130.1300048828125,130.1999969482422,130.1300048828125,130.1999969482422,1059,0.0,0.0,0.0
2024-08-22 14:05:00-04:00,130.27000427246094,130.27000427246094,130.27000427246094,130.27000427246094,312,0.0,0.0,0.0
2024-08-22 14:10:00-04:00,130.3699951171875,130.41839599609375,130.3699951171875,130.38999938964844,981,0.0,0.0,0.0
2024-08-22 14:15:00-04:00,130.44000244140625,130.50160217285156,130.44000244140625,130.5,902,0.0,0.0,0.0
2024-08-22 14:20:00-04:00,130.55999755859375,130.55999755859375,130.4810028076172,130.49000549316406,1845,0.0,0.0,0.0
2024-08-22 14:25:00-04:00,130.4600067138672,130.4792022705078,130.44000244140625,130.4792022705078,2148,0.0,0.0,0.0
2024-08-22 14:30:00-04:00,130.4300994873047,130.49000549316406,130.4300994873047,130.49000549316406,950,0.0,0.0,0.0
2024-08-22 14:35:00-04:00,130.49000549316406,130.49000549316406,130.4499969482422,130.47000122070312,1332,0.0,0.0,0.0
2024-08-22 14:40:00-04:00,130.41000366210938,130.47669982910156,130.41000366210938,130.47669982910156,2302,0.0,0.0,0.0
2024-08-22 14:45:00-04:00,130.4499969482422,130.49000549316406,130.43499755859375,130.43499755859375,1931,0.0,0.0,0.0
2024-08-22 14:50:00-04:00,130.44000244140625,130.4600067138672,130.42999267578125,130.4499969482422,1591,0.0,0.0,0.0
2024-08-22 14:55:00-04:00,130.485107421875,130.485107421875,130.41990661621094,130.44920349121094,1474,0.0,0.0,0.0
2024-08-22 15:00:00-04:00,130.4136962890625,130.48500061035156,130.4136962890625,130.47000122070312,3456,0.0,0.0,0.0
2024-08-22 15:05:00-04:00,130.49000549316406,130.49000549316406,130.47000122070312,130.4700927734375,2930,0.0,0.0,0.0
2024-08-22 15:10:00-04:00,130.5,130.58990478515625,130.49000549316406,130.58990478515625,4768,0.0,0.0,0.0
2024-08-22 15:15:00-04:00,130.60000610351562,130.60000610351562,130.52999877929688,130.5500030517578,2313,0.0,0.0,0.0
2024-08-22 15:20:00-04:00,130.55999755859375,130.56300354003906,130.4499969482422,130.46229553222656,3450,0.0,0.0,0.0
2024-08-22 15:25:00-04:00,130.4600067138672,130.52000427246094,130.4600067138672,130.50180053710938,3918,0.0,0.0,0.0
2024-08-22 15:30:00-04:00,130.52000427246094,130.5989990234375,130.52000427246094,130.5500030517578,12944,0.0,0.0,0.0
2024-08-22 15:35:00-04:00,130.5399932861328,130.5699005126953,130.5399932861328,130.5590057373047,6631,0.0,0.0,0.0
2024-08-22 15:40:00-04:00,130.52999877929688,130.55999755859375,130.5,130.5399932861328,1975,0.0,0.0,0.0
2024-08-22 15:45:00-04:00,130.55999755859375,130.57899475097656,130.5,130.51499938964844,11471,0.0,0.0,0.0
2024-08-22 15:50:00-04:00,130.52000427246094,130.55999755859375,130.3000030517578,130.3699951171875,5900,0.0,0.0,0.0
2024-08-22 15:55:00-04:00,130.38499450683594,130.5489959716797,130.35000610351562,130.52000427246094,12552,0.0,0.0,0.0
2024-08-23 09:30:00-04:00,131.1199951171875,131.25,131.00999450683594,131.19000244140625,28345,0.0,0.0,0.0
2024-08-23 09:35:00-04:00,131.14999389648438,131.17999267578125,131.14999389648438,131.1697998046875,5487,0.0,0.0,0.0
2024-08-23 09:40:00-04:00,131.10000610351562,131.16619873046875,131.10000610351562,131.16619873046875,4989,0.0,0.0,0.0
2024-08-23 09:45:00-04:00,131.0648956298828,131.0648956298828,130.97999572753906,130.97999572753906,1200,0.0,0.0,0.0
2024-08-23 09:50:00-04:00,130.94000244140625,130.94000244140625,130.88999938964844,130.88999938964844,959,0.0,0.0,0.0
2024-08-23 09:55:00-04:00,131.02999877929688,131.03500366210938,131.02000427246094,131.03500366210938,1162,0.0,0.0,0.0
2024-08-23 10:00:00-04:00,131.13999938964844,131.49000549316406,131.1199951171875,131.38999938964844,10692,0.0,0.0,0.0
2024-08-23 10:05:00-04:00,131.5,131.5800018310547,131.5,131.52239990234375,2968,0.0,0.0,0.0
2024-08-23 10:10:00-04:00,131.76609802246094,131.88929748535156,131.76609802246094,131.88929748535156,5536,0.0,0.0,0.0
2024-08-23 10:15:00-04:00,131.8300018310547,131.8300018310547,131.55389404296875,131.59100341796875,3633,0.0,0.0,0.0
2024-08-23 10:20:00-04:00,131.6199951171875,131.91000366210938,131.6199951171875,131.91000366210938,6481,0.0,0.0,0.0
2024-08-23 10:25:00-04:00,131.9199981689453,132.0050048828125,131.9199981689453,132.0050048828125,1918,0.0,0.0,0.0
2024-08-23 10:30:00-04:00,131.9600067138672,132.02000427246094,131.94000244140625,131.97000122070312,7318,0.0,0.0,0.0
2024-08-23 10:35:00-04:00,131.8699951171875,131.9949951171875,131.85009765625,131.9949951171875,1698,0.0,0.0,0.0
2024-08-23 10:40:00-04:00,131.99090576171875,132.0800018310547,131.99090576171875,132.0800018310547,4358,0.0,0.0,0.0
2024-08-23 10:45:00-04:00,132.11309814453125,132.1699981689453,131.88999938964844,131.91000366210938,8078,0.0,0.0,0.0
2024-08-23 10:50:00-04:00,131.94920349121094,131.98989868164062,131.9149932861328,131.98989868164062,6733,0.0,0.0,0.0
2024-08-23 10:55:00-04:00,132.06480407714844,132.1999969482422,132.05499267578125,132.1999969482422,8243,0.0,0.0,0.0
2024-08-23 11:00:00-04:00,132.125,132.1999969482422,132.08999633789062,132.1999969482422,6321,0.0,0.0,0.0
2024-08-23 11:05:00-04:00,132.23609924316406,132.33999633789062,132.2042999267578,132.33999633789062,4441,0.0,0.0,0.0
2024-08-23 11:10:00-04:00,132.33929443359375,132.3800048828125,132.25399780273438,132.3800048828125,6534,0.0,0.0,0.0
2024-08-23 11:15:00-04:00,132.42999267578125,132.5050048828125,132.40170288085938,132.4718017578125,8904,0.0,0.0,0.0
2024-08-23 11:20:00-04:00,132.5,132.5,132.41000366210938,132.4199981689453,3223,0.0,0.0,0.0
2024-08-23 11:25:00-04:00,132.44000244140625,132.49899291992188,132.4199981689453,132.49899291992188,3874,0.0,0.0,0.0
2024-08-23 11:30:00-04:00,132.5050048828125,132.5800018310547,132.5050048828125,132.5800018310547,930,0.0,0.0,0.0
2024-08-23 11:35:00-04:00,132.61000061035156,132.61000061035156,132.49000549316406,132.49000549316406,2566,0.0,0.0,0.0
2024-08-23 11:40:00-04:00,132.53900146484375,132.5800018310547,132.47369384765625,132.47369384765625,2250,0.0,0.0,0.0
2024-08-23 11:45:00-04:00,132.29449462890625,132.33999633789062,132.27999877929688,132.3249969482422,2077,0.0,0.0,0.0
2024-08-23 11:50:00-04:00,132.23550415039062,132.24899291992188,132.2100067138672,132.2100067138672,1170,0.0,0.0,0.0
2024-08-23 11:55:00-04:00,132.13999938964844,132.1699981689453,132.02999877929688,132.02999877929688,3699,0.0,0.0,0.0
2024-08-23 12:00:00-04:00,132.00999450683594,132.00999450683594,131.8218994140625,131.9149932861328,8802,0.0,0.0,0.0
2024-08-23 12:05:00-04:00,131.83470153808594,131.89370727539062,131.75,131.85000610351562,2051,0.0,0.0,0.0
2024-08-23 12:10:00-04:00,131.9600067138672,131.96499633789062,131.93190002441406,131.96499633789062,1243,0.0,0.0,0.0
2024-08-23 12:15:00-04:00,131.90499877929688,131.9600067138672,131.83999633789062,131.9499969482422,3809,0.0,0.0,0.0
2024-08-23 12:20:00-04:00,131.9499969482422,131.9600067138672,131.9199981689453,131.9199981689453,4011,0.0,0.0,0.0
2024-08-23 12:25:00-04:00,131.8000030517578,131.8249969482422,131.75010681152344,131.80499267578125,3862,0.0,0.0,0.0
2024-08-23 12:30:00-04:00,131.88900756835938,131.89999389648438,131.86500549316406,131.89999389648438,1035,0.0,0.0,0.0
2024-08-23 12:35:00-04:00,131.889892578125,131.97000122070312,131.889892578125,131.91940307617188,3433,0.0,0.0,0.0
2024-08-23 12:40:00-04:00,131.91920471191406,131.91920471191406,131.6699981689453,131.71499633789062,2786,0.0,0.0,0.0
2024-08-23 12:45:00-04:00,131.7899932861328,131.7899932861328,131.7415008544922,131.7449951171875,937,0.0,0.0,0.0
2024-08-23 12:50:00-04:00,131.7899932861328,131.9290008544922,131.7899932861328,131.9290008544922,1287,0.0,0.0,0.0
2024-08-23 12:55:00-04:00,131.93499755859375,132.03500366210938,131.93499755859375,131.97000122070312,3218,0.0,0.0,0.0
2024-08-23 13:00:00-04:00,131.93170166015625,132.02999877929688,131.93170166015625,131.99000549316406,5025,0.0,0.0,0.0
2024-08-23 13:05:00-04:00,132.0,132.0399932861328,131.99000549316406,131.99000549316406,3415,0.0,0.0,0.0
2024-08-23 13:10:00-04:00,131.99000549316406,132.0500030517578,131.98789978027344,132.0500030517578,2276,0.0,0.0,0.0
2024-08-23 13:15:00-04:00,132.10899353027344,132.10899353027344,132.10899353027344,132.10899353027344,207,0.0,0.0,0.0
2024-08-23 13:20:00-04:00,132.05999755859375,132.08999633789062,132.05999755859375,132.06900024414062,1606,0.0,0.0,0.0
2024-08-23 13:25:00-04:00,132.0189971923828,132.0189971923828,132.0189971923828,132.0189971923828,614,0.0,0.0,0.0
2024-08-23 13:30:00-04:00,132.0590057373047,132.0590057373047,132.00999450683594,132.00999450683594,988,0.0,0.0,0.0
2024-08-23 13:35:00-04:00,131.9949951171875,132.02999877929688,131.9949951171875,132.01210021972656,1395,0.0,0.0,0.0
2024-08-23 13:40:00-04:00,132.02000427246094,132.02999877929688,131.99000549316406,132.02999877929688,1938,0.0,0.0,0.0
2024-08-23 13:45:00-04:00,132.02000427246094,132.033203125,131.97000122070312,132.033203125,1417,0.0,0.0,0.0
2024-08-23 13:50:00-04:00,132.02999877929688,132.0399932861328,132.02999877929688,132.0399932861328,394,0.0,0.0,0.0
2024-08-23 13:55:00-04:00,132.01499938964844,132.0590057373047,132.00259399414062,132.0500030517578,2070,0.0,0.0,0.0
2024-08-23 14:00:00-04:00,132.03900146484375,132.06900024414062,132.03900146484375,132.06900024414062,2304,0.0,0.0,0.0
2024-08-23 14:05:00-04:00,132.10499572753906,132.12899780273438,132.05999755859375,132.05999755859375,1373,0.0,0.0,0.0
2024-08-23 14:10:00-04:00,132.05999755859375,132.13160705566406,132.02999877929688,132.13160705566406,2157,0.0,0.0,0.0
2024-08-23 14:15:00-04:00,132.125,132.125,132.08999633789062,132.08999633789062,1728,0.0,0.0,0.0
2024-08-23 14:20:00-04:00,132.06500244140625,132.0800018310547,132.06500244140625,132.07009887695312,620,0.0,0.0,0.0
2024-08-23 14:25:00-04:00,132.10000610351562,132.1199951171875,132.0749969482422,132.11000061035156,1275,0.0,0.0,0.0
2024-08-23 14:30:00-04:00,132.09500122070312,132.12899780273438,132.08999633789062,132.1199951171875,1103,0.0,0.0,0.0
2024-08-23 14:35:00-04:00,132.11900329589844,132.12899780273438,132.11900329589844,132.12899780273438,663,0.0,0.0,0.0
2024-08-23 14:40:00-04:00,132.1199951171875,132.1300048828125,132.08999633789062,132.1300048828125,4748,0.0,0.0,0.0
2024-08-23 14:45:00-04:00,132.12899780273438,132.16000366210938,132.10000610351562,132.11160278320312,3781,0.0,0.0,0.0
2024-08-23 14:50:00-04:00,132.1199951171875,132.13999938964844,132.10000610351562,132.13900756835938,1253,0.0,0.0,0.0
2024-08-23 14:55:00-04:00,132.10499572753906,132.1199951171875,132.0800018310547,132.0800018310547,9293,0.0,0.0,0.0
2024-08-23 15:00:00-04:00,132.08999633789062,132.08999633789062,132.05499267578125,132.07899475097656,723,0.0,0.0,0.0
2024-08-23 15:05:00-04:00,132.07000732421875,132.10000610351562,132.05999755859375,132.08009338378906,2381,0.0,0.0,0.0
2024-08-23 15:10:00-04:00,132.1300048828125,132.19000244140625,132.12120056152344,132.19000244140625,9132,0.0,0.0,0.0
2024-08-23 15:15:00-04:00,132.19000244140625,132.19500732421875,132.14999389648438,132.1699981689453,2219,0.0,0.0,0.0
2024-08-23 15:20:00-04:00,132.1790008544922,132.23899841308594,132.1790008544922,132.23899841308594,2083,0.0,0.0,0.0
2024-08-23 15:25:00-04:00,132.2100067138672,132.25900268554688,132.1999969482422,132.25900268554688,4561,0.0,0.0,0.0
2024-08-23 15:30:00-04:00,132.22999572753906,132.2624969482422,132.1999969482422,132.2100067138672,22357,0.0,0.0,0.0
2024-08-23 15:35:00-04:00,132.2050018310547,132.2100067138672,132.07020568847656,132.10000610351562,19635,0.0,0.0,0.0
2024-08-23 15:40:00-04:00,132.10000610351562,132.14999389648438,132.0800018310547,132.10000610351562,18550,0.0,0.0,0.0
2024-08-23 15:45:00-04:00,132.06500244140625,132.2100067138672,132.02999877929688,132.2100067138672,24873,0.0,0.0,0.0
2024-08-23 15:50:00-04:00,132.22000122070312,132.27000427246094,132.14500427246094,132.25999450683594,23858,0.0,0.0,0.0
2024-08-23 15:55:00-04:00,132.3000030517578,132.32000732421875,132.22999572753906,132.27999877929688,27298,0.0,0.0,0.0
2024-08-26 09:30:00-04:00,132.5800018310547,132.94900512695312,132.5800018310547,132.7899932861328,18790,0.0,0.0,0.0
2024-08-26 09:35:00-04:00,132.86000061035156,133.0,132.85499572753906,133.0,9180,0.0,0.0,0.0
2024-08-26 09:40:00-04:00,132.94000244140625,133.0500030517578,132.94000244140625,133.0500030517578,2239,0.0,0.0,0.0
2024-08-26 09:45:00-04:00,133.14999389648438,133.14999389648438,133.09500122070312,133.11500549316406,8198,0.0,0.0,0.0
2024-08-26 09:50:00-04:00,133.22999572753906,133.22999572753906,132.97000122070312,132.97000122070312,4548,0.0,0.0,0.0
2024-08-26 09:55:00-04:00,133.05810546875,133.18499755859375,133.05810546875,133.18499755859375,1339,0.0,0.0,0.0
2024-08-26 10:00:00-04:00,133.2100067138672,133.2100067138672,133.14999389648438,133.1654052734375,2973,0.0,0.0,0.0
2024-08-26 10:05:00-04:00,133.13999938964844,133.25999450683594,133.13999938964844,133.25999450683594,3011,0.0,0.0,0.0
2024-08-26 10:10:00-04:00,133.32000732421875,133.32000732421875,133.22210693359375,133.25999450683594,2623,0.0,0.0,0.0
2024-08-26 10:15:00-04:00,133.2949981689453,133.2949981689453,133.2899932861328,133.2899932861328,1642,0.0,0.0,0.0
2024-08-26 10:20:00-04:00,133.24960327148438,133.25999450683594,133.1804962158203,133.25999450683594,2463,0.0,0.0,0.0
2024-08-26 10:30:00-04:00,133.30999755859375,133.42999267578125,133.30050659179688,133.4199981689453,4456,0.0,0.0,0.0
2024-08-26 10:35:00-04:00,133.44920349121094,133.4550018310547,133.35299682617188,133.35299682617188,4247,0.0,0.0,0.0
2024-08-26 10:40:00-04:00,133.38999938964844,133.38999938964844,133.2720947265625,133.28500366210938,2140,0.0,0.0,0.0
2024-08-26 10:45:00-04:00,133.27549743652344,133.3000030517578,133.2375030517578,133.2375030517578,2750,0.0,0.0,0.0
2024-08-26 10:50:00-04:00,133.16000366210938,133.1699981689453,133.0800018310547,133.0850067138672,3615,0.0,0.0,0.0
2024-08-26 10:55:00-04:00,132.9600067138672,132.9600067138672,132.9499969482422,132.9499969482422,1316,0.0,0.0,0.0
2024-08-26 11:00:00-04:00,132.89999389648438,132.9149932861328,132.83999633789062,132.85000610351562,2075,0.0,0.0,0.0
2024-08-26 11:05:00-04:00,132.8563995361328,132.8563995361328,132.7899932861328,132.80499267578125,3923,0.0,0.0,0.0
2024-08-26 11:10:00-04:00,132.77780151367188,132.78799438476562,132.72999572753906,132.78799438476562,1957,0.0,0.0,0.0
2024-08-26 11:15:00-04:00,132.75149536132812,132.75149536132812,132.7449951171875,132.7449951171875,2295,0.0,0.0,0.0
2024-08-26 11:20:00-04:00,132.69000244140625,132.69000244140625,132.6300048828125,132.6300048828125,4676,0.0,0.0,0.0
2024-08-26 11:25:00-04:00,132.58009338378906,132.59910583496094,132.58009338378906,132.59500122070312,5343,0.0,0.0,0.0
2024-08-26 11:30:00-04:00,132.57449340820312,132.58999633789062,132.5699005126953,132.58009338378906,3929,0.0,0.0,0.0
2024-08-26 11:35:00-04:00,132.6199951171875,132.62530517578125,132.6071014404297,132.6199951171875,4326,0.0,0.0,0.0
2024-08-26 11:40:00-04:00,132.64999389648438,132.69000244140625,132.64999389648438,132.69000244140625,3756,0.0,0.0,0.0
2024-08-26 11:45:00-04:00,132.63250732421875,132.64100646972656,132.60000610351562,132.64100646972656,1895,0.0,0.0,0.0
2024-08-26 11:50:00-04:00,132.66000366210938,132.68499755859375,132.64089965820312,132.64089965820312,1459,0.0,0.0,0.0
2024-08-26 11:55:00-04:00,132.66000366210938,132.69500732421875,132.66000366210938,132.69500732421875,6615,0.0,0.0,0.0
2024-08-26 12:00:00-04:00,132.64999389648438,132.6999969482422,132.63009643554688,132.66990661621094,1185,0.0,0.0,0.0
2024-08-26 12:05:00-04:00,132.69000244140625,132.72000122070312,132.69000244140625,132.70150756835938,3639,0.0,0.0,0.0
2024-08-26 12:10:00-04:00,132.70199584960938,132.74000549316406,132.69000244140625,132.70289611816406,11832,0.0,0.0,0.0
2024-08-26 12:20:00-04:00,132.76499938964844,132.7899932861328,132.76499938964844,132.7899932861328,1271,0.0,0.0,0.0
2024-08-26 12:25:00-04:00,132.72000122070312,132.72500610351562,132.72000122070312,132.72500610351562,1243,0.0,0.0,0.0
2024-08-26 12:30:00-04:00,132.75999450683594,132.75999450683594,132.74000549316406,132.74000549316406,1101,0.0,0.0,0.0
2024-08-26 12:35:00-04:00,132.80999755859375,132.80999755859375,132.80999755859375,132.80999755859375,848,0.0,0.0,0.0
2024-08-26 12:40:00-04:00,132.7899932861328,132.7899932861328,132.7552947998047,132.7552947998047,1440,0.0,0.0,0.0
2024-08-26 12:45:00-04:00,132.80999755859375,132.81500244140625,132.80999755859375,132.81500244140625,1123,0.0,0.0,0.0
2024-08-26 12:50:00-04:00,132.85479736328125,132.85479736328125,132.85479736328125,132.85479736328125,595,0.0,0.0,0.0
2024-08-26 12:55:00-04:00,132.8800048828125,132.8800048828125,132.8800048828125,132.8800048828125,668,0.0,0.0,0.0
2024-08-26 13:00:00-04:00,132.92999267578125,132.97000122070312,132.9176025390625,132.97000122070312,2919,0.0,0.0,0.0
2024-08-26 13:05:00-04:00,132.9600067138672,132.9600067138672,132.89999389648438,132.89999389648438,1263,0.0,0.0,0.0
2024-08-26 13:10:00-04:00,132.92770385742188,132.9499969482422,132.92770385742188,132.9499969482422,879,0.0,0.0,0.0
2024-08-26 13:15:00-04:00,132.9781951904297,132.9781951904297,132.9136962890625,132.91990661621094,1570,0.0,0.0,0.0
2024-08-26 13:20:00-04:00,132.91000366210938,132.92999267578125,132.89300537109375,132.92999267578125,904,0.0,0.0,0.0
2024-08-26 13:25:00-04:00,132.91000366210938,132.94590759277344,132.89999389648438,132.89999389648438,2977,0.0,0.0,0.0
2024-08-26 13:30:00-04:00,132.85499572753906,132.86000061035156,132.82989501953125,132.82989501953125,2334,0.0,0.0,0.0
2024-08-26 13:35:00-04:00,132.78750610351562,132.80999755859375,132.75999450683594,132.75999450683594,19051,0.0,0.0,0.0
2024-08-26 13:40:00-04:00,132.72000122070312,132.73800659179688,132.72000122070312,132.7299041748047,2420,0.0,0.0,0.0
2024-08-26 13:45:00-04:00,132.64500427246094,132.64500427246094,132.60000610351562,132.61000061035156,1729,0.0,0.0,0.0
2024-08-26 13:50:00-04:00,132.6199951171875,132.6199951171875,132.5800018310547,132.5800018310547,1632,0.0,0.0,0.0
2024-08-26 13:55:00-04:00,132.61000061035156,132.66510009765625,132.61000061035156,132.63999938964844,4570,0.0,0.0,0.0
2024-08-26 14:00:00-04:00,132.65870666503906,132.7100067138672,132.65870666503906,132.67999267578125,2186,0.0,0.0,0.0
2024-08-26 14:05:00-04:00,132.69090270996094,132.69090270996094,132.69090270996094,132.69090270996094,881,0.0,0.0,0.0
2024-08-26 14:10:00-04:00,132.62530517578125,132.6511993408203,132.62010192871094,132.6511993408203,1319,0.0,0.0,0.0
2024-08-26 14:15:00-04:00,132.6699981689453,132.6699981689453,132.65499877929688,132.66900634765625,1495,0.0,0.0,0.0
2024-08-26 14:20:00-04:00,132.70620727539062,132.7100067138672,132.6907958984375,132.6907958984375,1263,0.0,0.0,0.0
2024-08-26 14:25:00-04:00,132.75999450683594,132.75999450683594,132.7198944091797,132.72149658203125,6118,0.0,0.0,0.0
2024-08-26 14:30:00-04:00,132.72900390625,132.72999572753906,132.72000122070312,132.72000122070312,1096,0.0,0.0,0.0
2024-08-26 14:35:00-04:00,132.6999969482422,132.75999450683594,132.6999969482422,132.74989318847656,1265,0.0,0.0,0.0
2024-08-26 14:40:00-04:00,132.7454071044922,132.75619506835938,132.72000122070312,132.72000122070312,1075,0.0,0.0,0.0
2024-08-26 14:45:00-04:00,132.75999450683594,132.75999450683594,132.6750030517578,132.6750030517578,1984,0.0,0.0,0.0
2024-08-26 14:50:00-04:00,132.66000366210938,132.6999969482422,132.6199951171875,132.6199951171875,3668,0.0,0.0,0.0
2024-08-26 14:55:00-04:00,132.716796875,132.75999450683594,132.6999969482422,132.75999450683594,1145,0.0,0.0,0.0
2024-08-26 15:00:00-04:00,132.73199462890625,132.75,132.72000122070312,132.72000122070312,1974,0.0,0.0,0.0
2024-08-26 15:05:00-04:00,132.75,132.75,132.6999969482422,132.72000122070312,678,0.0,0.0,0.0
2024-08-26 15:10:00-04:00,132.75160217285156,132.75999450683594,132.74000549316406,132.75999450683594,932,0.0,0.0,0.0
2024-08-26 15:15:00-04:00,132.77000427246094,132.77000427246094,132.72000122070312,132.75,6797,0.0,0.0,0.0
2024-08-26 15:20:00-04:00,132.75,132.77000427246094,132.73500061035156,132.75,2216,0.0,0.0,0.0
2024-08-26 15:25:00-04:00,132.76499938964844,132.8000030517578,132.76170349121094,132.77000427246094,3516,0.0,0.0,0.0
2024-08-26 15:30:00-04:00,132.71499633789062,132.72740173339844,132.71499633789062,132.72740173339844,1529,0.0,0.0,0.0
2024-08-26 15:35:00-04:00,132.75,132.77999877929688,132.72000122070312,132.75999450683594,1790,0.0,0.0,0.0
2024-08-26 15:40:00-04:00,132.7790069580078,132.82000732421875,132.75999450683594,132.7899932861328,1254,0.0,0.0,0.0
2024-08-26 15:45:00-04:00,132.7899932861328,132.8199005126953,132.7301025390625,132.7301025390625,1671,0.0,0.0,0.0
2024-08-26 15:50:00-04:00,132.72000122070312,132.75,132.6013946533203,132.61000061035156,4279,0.0,0.0,0.0
2024-08-26 15:55:00-04:00,132.57000732421875,132.6999969482422,132.52000427246094,132.6999969482422,5267,0.0,0.0,0.0
2024-08-27 09:30:00-04:00,132.3800048828125,132.42999267578125,132.32000732421875,132.33999633789062,19897,0.0,0.0,0.0
2024-08-27 09:35:00-04:00,132.35000610351562,132.50999450683594,132.35000610351562,132.4503936767578,6047,0.0,0.0,0.0
2024-08-27 09:40:00-04:00,132.47000122070312,132.58999633789062,132.47000122070312,132.58999633789062,4171,0.0,0.0,0.0
2024-08-27 09:45:00-04:00,132.60000610351562,132.66000366210938,132.5399932861328,132.57139587402344,3852,0.0,0.0,0.0
2024-08-27 09:50:00-04:00,132.4499969482422,132.4499969482422,132.3800048828125,132.3800048828125,1065,0.0,0.0,0.0
2024-08-27 09:55:00-04:00,132.3000030517578,132.3000030517578,132.2100067138672,132.2100067138672,1808,0.0,0.0,0.0
2024-08-27 10:00:00-04:00,132.23800659179688,132.27999877929688,132.14999389648438,132.22000122070312,14652,0.0,0.0,0.0
2024-08-27 10:05:00-04:00,132.25999450683594,132.36000061035156,132.25999450683594,132.31539916992188,2310,0.0,0.0,0.0
2024-08-27 10:10:00-04:00,132.25999450683594,132.25999450683594,132.14990234375,132.14990234375,1400,0.0,0.0,0.0
2024-08-27 10:15:00-04:00,132.10499572753906,132.21499633789062,132.10000610351562,132.21499633789062,2609,0.0,0.0,0.0
2024-08-27 10:20:00-04:00,132.27999877929688,132.30999755859375,132.27999877929688,132.30999755859375,3130,0.0,0.0,0.0
2024-08-27 10:25:00-04:00,132.2469024658203,132.3101043701172,132.2469024658203,132.3101043701172,1652,0.0,0.0,0.0
2024-08-27 10:30:00-04:00,132.30999755859375,132.30999755859375,132.2550048828125,132.2550048828125,3659,0.0,0.0,0.0
2024-08-27 10:35:00-04:00,132.28500366210938,132.3699951171875,132.28500366210938,132.35000610351562,2156,0.0,0.0,0.0
2024-08-27 10:40:00-04:00,132.375,132.375,132.35800170898438,132.35800170898438,1003,0.0,0.0,0.0
2024-08-27 10:45:00-04:00,132.3699951171875,132.38999938964844,132.35499572753906,132.3699951171875,1868,0.0,0.0,0.0
2024-08-27 10:50:00-04:00,132.36500549316406,132.40499877929688,132.34030151367188,132.40499877929688,932,0.0,0.0,0.0
2024-08-27 10:55:00-04:00,132.37010192871094,132.41009521484375,132.37010192871094,132.3800048828125,5403,0.0,0.0,0.0
2024-08-27 11:00:00-04:00,132.38999938964844,132.40109252929688,132.3699951171875,132.39500427246094,2421,0.0,0.0,0.0
2024-08-27 11:05:00-04:00,132.40499877929688,132.41990661621094,132.38900756835938,132.38900756835938,2360,0.0,0.0,0.0
2024-08-27 11:10:00-04:00,132.3350067138672,132.3350067138672,132.31500244140625,132.31500244140625,1045,0.0,0.0,0.0
2024-08-27 11:15:00-04:00,132.31900024414062,132.31900024414062,132.1199951171875,132.1199951171875,2362,0.0,0.0,0.0
2024-08-27 11:20:00-04:00,132.13900756835938,132.22000122070312,132.125,132.22000122070312,2321,0.0,0.0,0.0
2024-08-27 11:25:00-04:00,132.1199951171875,132.16329956054688,132.1199951171875,132.16329956054688,3803,0.0,0.0,0.0
2024-08-27 11:30:00-04:00,132.11000061035156,132.1199951171875,132.0,132.048095703125,15164,0.0,0.0,0.0
2024-08-27 11:35:00-04:00,132.05999755859375,132.1199951171875,132.05999755859375,132.11500549316406,2781,0.0,0.0,0.0
2024-08-27 11:40:00-04:00,132.0800018310547,132.1199951171875,132.05999755859375,132.1199951171875,2337,0.0,0.0,0.0
2024-08-27 11:45:00-04:00,132.11000061035156,132.11000061035156,132.05999755859375,132.05999755859375,1450,0.0,0.0,0.0
2024-08-27 11:50:00-04:00,132.05999755859375,132.05999755859375,132.0408935546875,132.0500030517578,1971,0.0,0.0,0.0
2024-08-27 11:55:00-04:00,132.0590057373047,132.0590057373047,132.0500030517578,132.0500030517578,393,0.0,0.0,0.0
2024-08-27 12:00:00-04:00,132.077392578125,132.08999633789062,132.02999877929688,132.0500030517578,2814,0.0,0.0,0.0
2024-08-27 12:05:00-04:00,131.97149658203125,131.97149658203125,131.95899963378906,131.9600067138672,1104,0.0,0.0,0.0
2024-08-27 12:10:00-04:00,131.9488067626953,131.99000549316406,131.9488067626953,131.97999572753906,2133,0.0,0.0,0.0
2024-08-27 12:20:00-04:00,132.0,132.0,131.9008026123047,131.9008026123047,1399,0.0,0.0,0.0
2024-08-27 12:25:00-04:00,131.91400146484375,131.91400146484375,131.875,131.88999938964844,1043,0.0,0.0,0.0
2024-08-27 12:30:00-04:00,131.8699951171875,131.9199981689453,131.86000061035156,131.9199981689453,2707,0.0,0.0,0.0
2024-08-27 12:35:00-04:00,131.91000366210938,131.91000366210938,131.8699951171875,131.8699951171875,1322,0.0,0.0,0.0
2024-08-27 12:40:00-04:00,131.86500549316406,131.87950134277344,131.8300018310547,131.83689880371094,4850,0.0,0.0,0.0
2024-08-27 12:45:00-04:00,131.8489990234375,131.8699951171875,131.8489990234375,131.8699951171875,1073,0.0,0.0,0.0
2024-08-27 12:50:00-04:00,131.9033966064453,131.9600067138672,131.9033966064453,131.9517059326172,960,0.0,0.0,0.0
2024-08-27 12:55:00-04:00,131.97500610351562,132.05999755859375,131.91000366210938,131.9199981689453,765139,0.0,0.0,0.0
2024-08-27 13:00:00-04:00,131.94000244140625,132.02000427246094,131.94000244140625,132.02000427246094,2923,0.0,0.0,0.0
2024-08-27 13:05:00-04:00,132.05499267578125,132.05999755859375,132.01499938964844,132.01499938964844,2151,0.0,0.0,0.0
2024-08-27 13:10:00-04:00,131.97999572753906,132.00999450683594,131.97000122070312,132.00999450683594,1628,0.0,0.0,0.0
2024-08-27 13:15:00-04:00,132.0500030517578,132.0500030517578,132.00990295410156,132.00990295410156,1678,0.0,0.0,0.0
2024-08-27 13:20:00-04:00,132.06900024414062,132.06900024414062,132.06900024414062,132.06900024414062,823,0.0,0.0,0.0
2024-08-27 13:25:00-04:00,132.08999633789062,132.16000366210938,132.0800018310547,132.16000366210938,2615,0.0,0.0,0.0
2024-08-27 13:35:00-04:00,132.13999938964844,132.14999389648438,132.13999938964844,132.1414031982422,3237,0.0,0.0,0.0
2024-08-27 13:40:00-04:00,132.2100067138672,132.2100067138672,132.17840576171875,132.1999053955078,692,0.0,0.0,0.0
2024-08-27 13:45:00-04:00,132.16099548339844,132.1750030517578,132.13290405273438,132.13330078125,3525,0.0,0.0,0.0
2024-08-27 13:50:00-04:00,132.16000366210938,132.16000366210938,132.14500427246094,132.15660095214844,3598,0.0,0.0,0.0
2024-08-27 13:55:00-04:00,132.1300048828125,132.1300048828125,132.1300048828125,132.1300048828125,520,0.0,0.0,0.0
2024-08-27 14:00:00-04:00,132.1300048828125,132.1300048828125,132.08839416503906,132.1199951171875,3249,0.0,0.0,0.0
2024-08-27 14:05:00-04:00,132.1699981689453,132.1699981689453,132.13999938964844,132.13999938964844,5791,0.0,0.0,0.0
2024-08-27 14:10:00-04:00,132.19000244140625,132.19000244140625,132.19000244140625,132.19000244140625,146,0.0,0.0,0.0
2024-08-27 14:15:00-04:00,132.22900390625,132.22900390625,132.1699981689453,132.17999267578125,1205,0.0,0.0,0.0
2024-08-27 14:20:00-04:00,132.2100067138672,132.2100067138672,132.16690063476562,132.1699981689453,1766,0.0,0.0,0.0
2024-08-27 14:25:00-04:00,132.1501007080078,132.16000366210938,132.14999389648438,132.16000366210938,1420,0.0,0.0,0.0
2024-08-27 14:30:00-04:00,132.14999389648438,132.19000244140625,132.14999389648438,132.19000244140625,1637,0.0,0.0,0.0
2024-08-27 14:35:00-04:00,132.19090270996094,132.2100067138672,132.19090270996094,132.20899963378906,3143,0.0,0.0,0.0
2024-08-27 14:40:00-04:00,132.22000122070312,132.22000122070312,132.1999969482422,132.1999969482422,1004,0.0,0.0,0.0
2024-08-27 14:45:00-04:00,132.19900512695312,132.20919799804688,132.19329833984375,132.19329833984375,1395,0.0,0.0,0.0
2024-08-27 14:50:00-04:00,132.19000244140625,132.25,132.19000244140625,132.22999572753906,1822,0.0,0.0,0.0
2024-08-27 14:55:00-04:00,132.25,132.25,132.2100067138672,132.22999572753906,2137,0.0,0.0,0.0
2024-08-27 15:00:00-04:00,132.17999267578125,132.17999267578125,132.14999389648438,132.16000366210938,1894,0.0,0.0,0.0
2024-08-27 15:05:00-04:00,132.17999267578125,132.19900512695312,132.17999267578125,132.19900512695312,1840,0.0,0.0,0.0
2024-08-27 15:10:00-04:00,132.19329833984375,132.23899841308594,132.19329833984375,132.1999969482422,3190,0.0,0.0,0.0
2024-08-27 15:15:00-04:00,132.19000244140625,132.218994140625,132.1699981689453,132.1999969482422,1690,0.0,0.0,0.0
2024-08-27 15:20:00-04:00,132.20899963378906,132.20899963378906,132.20899963378906,132.20899963378906,807,0.0,0.0,0.0
2024-08-27 15:25:00-04:00,132.218994140625,132.25999450683594,132.218994140625,132.23739624023438,4640,0.0,0.0,0.0
2024-08-27 15:30:00-04:00,132.25900268554688,132.2689971923828,132.2310028076172,132.24000549316406,2511,0.0,0.0,0.0
2024-08-27 15:35:00-04:00,132.24000549316406,132.24000549316406,132.14999389648438,132.14999389648438,849,0.0,0.0,0.0
2024-08-27 15:40:00-04:00,132.16000366210938,132.17999267578125,132.13999938964844,132.16000366210938,3105,0.0,0.0,0.0
2024-08-27 15:45:00-04:00,132.16000366210938,132.17999267578125,132.13999938964844,132.1699981689453,6207,0.0,0.0,0.0
2024-08-27 15:50:00-04:00,132.17999267578125,132.2100067138672,132.1199951171875,132.14999389648438,6197,0.0,0.0,0.0
2024-08-27 15:55:00-04:00,132.17039489746094,132.22000122070312,132.1699981689453,132.2100067138672,6829,0.0,0.0,0.0
2024-08-28 09:30:00-04:00,132.0399932861328,132.1699981689453,132.00999450683594,132.00999450683594,32058,0.0,0.0,0.0
2024-08-28 09:35:00-04:00,132.0500030517578,132.14999389648438,132.0500030517578,132.14999389648438,1897,0.0,0.0,0.0
2024-08-28 09:40:00-04:00,132.16000366210938,132.3800048828125,132.16000366210938,132.3800048828125,6735,0.0,0.0,0.0
2024-08-28 09:45:00-04:00,132.4600067138672,132.5500030517578,132.44000244140625,132.52499389648438,6850,0.0,0.0,0.0
2024-08-28 09:50:00-04:00,132.67999267578125,132.77999877929688,132.67999267578125,132.77999877929688,1936,0.0,0.0,0.0
2024-08-28 09:55:00-04:00,132.82000732421875,132.82000732421875,132.64500427246094,132.64500427246094,1681,0.0,0.0,0.0
2024-08-28 10:00:00-04:00,132.6580047607422,132.66000366210938,132.52000427246094,132.52000427246094,30164,0.0,0.0,0.0
2024-08-28 10:05:00-04:00,132.5399932861328,132.64500427246094,132.5399932861328,132.63499450683594,11112,0.0,0.0,0.0
2024-08-28 10:10:00-04:00,132.65989685058594,132.65989685058594,132.57000732421875,132.57000732421875,791,0.0,0.0,0.0
2024-08-28 10:15:00-04:00,132.66000366210938,132.66000366210938,132.5500030517578,132.55499267578125,4259,0.0,0.0,0.0
2024-08-28 10:20:00-04:00,132.5500030517578,132.5500030517578,132.5,132.50010681152344,1334,0.0,0.0,0.0
2024-08-28 10:25:00-04:00,132.49000549316406,132.4969024658203,132.47999572753906,132.47999572753906,826,0.0,0.0,0.0
2024-08-28 10:30:00-04:00,132.47000122070312,132.57000732421875,132.47000122070312,132.57000732421875,1101,0.0,0.0,0.0
2024-08-28 10:35:00-04:00,132.64500427246094,132.73500061035156,132.6300048828125,132.73500061035156,946,0.0,0.0,0.0
2024-08-28 10:40:00-04:00,132.7301025390625,132.7301025390625,132.6999969482422,132.6999969482422,1619,0.0,0.0,0.0
2024-08-28 10:45:00-04:00,132.8000030517578,132.8300018310547,132.7899932861328,132.81500244140625,1255,0.0,0.0,0.0
2024-08-28 10:50:00-04:00,132.82000732421875,132.8699951171875,132.80999755859375,132.8699951171875,1942,0.0,0.0,0.0
2024-08-28 10:55:00-04:00,132.82000732421875,132.89999389648438,132.82000732421875,132.88999938964844,4335,0.0,0.0,0.0
2024-08-28 11:00:00-04:00,132.85000610351562,132.90699768066406,132.82150268554688,132.90699768066406,1121,0.0,0.0,0.0
2024-08-28 11:05:00-04:00,132.9154052734375,132.94760131835938,132.9149932861328,132.9149932861328,1013,0.0,0.0,0.0
2024-08-28 11:10:00-04:00,132.9499969482422,133.01499938964844,132.89999389648438,133.01499938964844,2449,0.0,0.0,0.0
2024-08-28 11:15:00-04:00,132.99000549316406,132.99000549316406,132.82000732421875,132.82000732421875,2117,0.0,0.0,0.0
2024-08-28 11:20:00-04:00,132.80999755859375,132.80999755859375,132.75,132.75,4292,0.0,0.0,0.0
2024-08-28 11:25:00-04:00,132.8157958984375,132.8157958984375,132.7198944091797,132.72999572753906,3215,0.0,0.0,0.0
2024-08-28 11:30:00-04:00,132.6898956298828,132.6898956298828,132.5800018310547,132.5800018310547,4034,0.0,0.0,0.0
2024-08-28 11:35:00-04:00,132.60000610351562,132.60000610351562,132.59500122070312,132.59500122070312,1049,0.0,0.0,0.0
2024-08-28 11:40:00-04:00,132.50999450683594,132.51499938964844,132.47999572753906,132.47999572753906,1577,0.0,0.0,0.0
2024-08-28 11:45:00-04:00,132.47999572753906,132.49000549316406,132.44509887695312,132.44509887695312,767,0.0,0.0,0.0
2024-08-28 11:50:00-04:00,132.4550018310547,132.47500610351562,132.4550018310547,132.47500610351562,1016,0.0,0.0,0.0
2024-08-28 11:55:00-04:00,132.47000122070312,132.47999572753906,132.4199981689453,132.4409942626953,9398,0.0,0.0,0.0
2024-08-28 12:00:00-04:00,132.4149932861328,132.4149932861328,132.36000061035156,132.36000061035156,3472,0.0,0.0,0.0
2024-08-28 12:05:00-04:00,132.1909942626953,132.1909942626953,132.19000244140625,132.19000244140625,746,0.0,0.0,0.0
2024-08-28 12:10:00-04:00,132.21499633789062,132.22500610351562,132.21499633789062,132.22500610351562,2511,0.0,0.0,0.0
2024-08-28 12:15:00-04:00,132.1840057373047,132.1840057373047,132.1840057373047,132.1840057373047,218,0.0,0.0,0.0
2024-08-28 12:20:00-04:00,132.1688995361328,132.1750030517578,132.1199951171875,132.1199951171875,1735,0.0,0.0,0.0
2024-08-28 12:25:00-04:00,132.0800018310547,132.0800018310547,132.05999755859375,132.05999755859375,1266,0.0,0.0,0.0
2024-08-28 12:30:00-04:00,132.0800018310547,132.08999633789062,132.0800018310547,132.08999633789062,320,0.0,0.0,0.0
2024-08-28 12:35:00-04:00,132.0699005126953,132.14950561523438,132.0699005126953,132.14950561523438,1823,0.0,0.0,0.0
2024-08-28 12:40:00-04:00,132.1199951171875,132.1199951171875,132.1199951171875,132.1199951171875,486,0.0,0.0,0.0
2024-08-28 12:45:00-04:00,132.15499877929688,132.1699981689453,132.15499877929688,132.1699981689453,391,0.0,0.0,0.0
2024-08-28 12:50:00-04:00,132.19000244140625,132.20989990234375,132.1699981689453,132.17999267578125,3474,0.0,0.0,0.0
2024-08-28 12:55:00-04:00,132.22500610351562,132.2321014404297,132.21670532226562,132.22999572753906,1240,0.0,0.0,0.0
2024-08-28 13:00:00-04:00,132.22500610351562,132.25,132.22500610351562,132.25,1815,0.0,0.0,0.0
2024-08-28 13:05:00-04:00,132.26499938964844,132.26499938964844,132.21099853515625,132.21099853515625,944,0.0,0.0,0.0
2024-08-28 13:10:00-04:00,132.23500061035156,132.2532958984375,132.22630310058594,132.24000549316406,2136,0.0,0.0,0.0
2024-08-28 13:15:00-04:00,132.21910095214844,132.21910095214844,132.21910095214844,132.21910095214844,678,0.0,0.0,0.0
2024-08-28 13:20:00-04:00,132.1510009765625,132.1750030517578,132.11500549316406,132.11500549316406,927,0.0,0.0,0.0
2024-08-28 13:25:00-04:00,132.19000244140625,132.19000244140625,132.17999267578125,132.17999267578125,1178,0.0,0.0,0.0
2024-08-28 13:30:00-04:00,132.19000244140625,132.28500366210938,132.18919372558594,132.2666015625,2212,0.0,0.0,0.0
2024-08-28 13:35:00-04:00,132.27499389648438,132.2899932861328,132.2550048828125,132.27000427246094,1598,0.0,0.0,0.0
2024-08-28 13:40:00-04:00,132.24000549316406,132.24000549316406,132.2227020263672,132.2227020263672,886,0.0,0.0,0.0
2024-08-28 13:45:00-04:00,132.17010498046875,132.17010498046875,132.11000061035156,132.11000061035156,1063,0.0,0.0,0.0
2024-08-28 13:50:00-04:00,132.1510009765625,132.1510009765625,132.10000610351562,132.10000610351562,3345,0.0,0.0,0.0
2024-08-28 13:55:00-04:00,132.0,132.02000427246094,131.99000549316406,131.99000549316406,1002,0.0,0.0,0.0
2024-08-28 14:00:00-04:00,131.9810028076172,132.0,131.9250030517578,131.9250030517578,2174,0.0,0.0,0.0
2024-08-28 14:05:00-04:00,131.92999267578125,132.02999877929688,131.92999267578125,132.02999877929688,1048,0.0,0.0,0.0
2024-08-28 14:10:00-04:00,132.0229034423828,132.02999877929688,132.0,132.02000427246094,1403,0.0,0.0,0.0
2024-08-28 14:15:00-04:00,131.9949951171875,131.9949951171875,131.94000244140625,131.96080017089844,2400,0.0,0.0,0.0
2024-08-28 14:20:00-04:00,131.9468994140625,131.97000122070312,131.9468994140625,131.97000122070312,2153,0.0,0.0,0.0
2024-08-28 14:25:00-04:00,131.9508056640625,131.9508056640625,131.9508056640625,131.9508056640625,849,0.0,0.0,0.0
2024-08-28 14:30:00-04:00,131.8800048828125,131.88929748535156,131.83999633789062,131.85000610351562,7902,0.0,0.0,0.0
2024-08-28 14:35:00-04:00,131.85000610351562,131.89999389648438,131.83999633789062,131.89999389648438,9744,0.0,0.0,0.0
2024-08-28 14:40:00-04:00,131.88999938964844,131.9550018310547,131.88999938964844,131.91000366210938,4256,0.0,0.0,0.0
2024-08-28 14:45:00-04:00,131.89100646972656,131.90220642089844,131.8699951171875,131.8699951171875,2280,0.0,0.0,0.0
2024-08-28 14:50:00-04:00,131.88999938964844,132.00799560546875,131.88999938964844,132.00799560546875,1739,0.0,0.0,0.0
2024-08-28 14:55:00-04:00,132.0955047607422,132.23829650878906,132.0955047607422,132.23829650878906,2538,0.0,0.0,0.0
2024-08-28 15:00:00-04:00,132.3000030517578,132.33740234375,132.27999877929688,132.27999877929688,1040,0.0,0.0,0.0
2024-08-28 15:05:00-04:00,132.19000244140625,132.2100067138672,132.1300048828125,132.1300048828125,1352,0.0,0.0,0.0
2024-08-28 15:10:00-04:00,132.1374969482422,132.1374969482422,132.0399932861328,132.0399932861328,1882,0.0,0.0,0.0
2024-08-28 15:15:00-04:00,132.0800018310547,132.0800018310547,132.07640075683594,132.0800018310547,1786,0.0,0.0,0.0
2024-08-28 15:20:00-04:00,132.19369506835938,132.21139526367188,132.1699981689453,132.21139526367188,1226,0.0,0.0,0.0
2024-08-28 15:25:00-04:00,132.24000549316406,132.27000427246094,132.22500610351562,132.25,4312,0.0,0.0,0.0
2024-08-28 15:30:00-04:00,132.22999572753906,132.22999572753906,132.21499633789062,132.21499633789062,1059,0.0,0.0,0.0
2024-08-28 15:35:00-04:00,132.22000122070312,132.22000122070312,132.1300048828125,132.1699981689453,6470,0.0,0.0,0.0
2024-08-28 15:40:00-04:00,132.1649932861328,132.1999969482422,132.14100646972656,132.1999969482422,1441,0.0,0.0,0.0
2024-08-28 15:45:00-04:00,132.27000427246094,132.2899932861328,132.25010681152344,132.25999450683594,3802,0.0,0.0,0.0
2024-08-28 15:50:00-04:00,132.25999450683594,132.3262939453125,132.22000122070312,132.22000122070312,5683,0.0,0.0,0.0
2024-08-28 15:55:00-04:00,132.30999755859375,132.3800048828125,132.27000427246094,132.3000030517578,11110,0.0,0.0,0.0
2024-08-29 09:30:00-04:00,132.8699951171875,132.8699951171875,132.52000427246094,132.52000427246094,15924,0.0,0.0,0.0
2024-08-29 09:35:00-04:00,132.41000366210938,132.49000549316406,132.32139587402344,132.32139587402344,3097,0.0,0.0,0.0
2024-08-29 09:40:00-04:00,132.29769897460938,132.42999267578125,132.26499938964844,132.26499938964844,4666,0.0,0.0,0.0
2024-08-29 09:45:00-04:00,132.1999969482422,132.1999969482422,131.89999389648438,131.89999389648438,5259,0.0,0.0,0.0
2024-08-29 09:50:00-04:00,131.8300018310547,131.9199981689453,131.77000427246094,131.9199981689453,2968,0.0,0.0,0.0
2024-08-29 09:55:00-04:00,131.98500061035156,132.0800018310547,131.9600067138672,131.9700927734375,6742,0.0,0.0,0.0
2024-08-29 10:00:00-04:00,132.10000610351562,132.22999572753906,132.10000610351562,132.22999572753906,6128,0.0,0.0,0.0
2024-08-29 10:05:00-04:00,132.48989868164062,132.51499938964844,132.4600067138672,132.51499938964844,2412,0.0,0.0,0.0
2024-08-29 10:10:00-04:00,132.58999633789062,132.60499572753906,132.56930541992188,132.56930541992188,1541,0.0,0.0,0.0
2024-08-29 10:15:00-04:00,132.70889282226562,132.8699951171875,132.70889282226562,132.8300018310547,6863,0.0,0.0,0.0
2024-08-29 10:20:00-04:00,132.94000244140625,133.0399932861328,132.94000244140625,133.0399932861328,1529,0.0,0.0,0.0
2024-08-29 10:25:00-04:00,133.10000610351562,133.1199951171875,133.07000732421875,133.07000732421875,3077,0.0,0.0,0.0
2024-08-29 10:30:00-04:00,133.06500244140625,133.06500244140625,132.97999572753906,132.97999572753906,1754,0.0,0.0,0.0
2024-08-29 10:35:00-04:00,133.0399932861328,133.07989501953125,133.02999877929688,133.02999877929688,2756,0.0,0.0,0.0
2024-08-29 10:40:00-04:00,133.00079345703125,133.00079345703125,132.86839294433594,132.86839294433594,3431,0.0,0.0,0.0
2024-08-29 10:45:00-04:00,132.91000366210938,132.91000366210938,132.77999877929688,132.77999877929688,2435,0.0,0.0,0.0
2024-08-29 10:50:00-04:00,132.77999877929688,132.77999877929688,132.67999267578125,132.67999267578125,1083,0.0,0.0,0.0
2024-08-29 10:55:00-04:00,132.6999969482422,132.73980712890625,132.67999267578125,132.6999969482422,2829,0.0,0.0,0.0
2024-08-29 11:00:00-04:00,132.79010009765625,132.8148956298828,132.72500610351562,132.72999572753906,3568,0.0,0.0,0.0
2024-08-29 11:05:00-04:00,132.78900146484375,132.7989959716797,132.74899291992188,132.74899291992188,1667,0.0,0.0,0.0
2024-08-29 11:10:00-04:00,132.6898956298828,132.82000732421875,132.68899536132812,132.82000732421875,2142,0.0,0.0,0.0
2024-08-29 11:15:00-04:00,132.8096923828125,132.83999633789062,132.74000549316406,132.75999450683594,5681,0.0,0.0,0.0
2024-08-29 11:20:00-04:00,132.77999877929688,132.8090057373047,132.74000549316406,132.7989959716797,31633,0.0,0.0,0.0
2024-08-29 11:25:00-04:00,132.8090057373047,132.83900451660156,132.80349731445312,132.83900451660156,2502,0.0,0.0,0.0
2024-08-29 11:30:00-04:00,132.9199981689453,132.9600067138672,132.91000366210938,132.9600067138672,1075,0.0,0.0,0.0
2024-08-29 11:35:00-04:00,132.90499877929688,132.93899536132812,132.875,132.90899658203125,1608,0.0,0.0,0.0
2024-08-29 11:40:00-04:00,132.91470336914062,132.9199981689453,132.87899780273438,132.87899780273438,1634,0.0,0.0,0.0
2024-08-29 11:45:00-04:00,132.86900329589844,132.92999267578125,132.86000061035156,132.92999267578125,1167,0.0,0.0,0.0
2024-08-29 11:50:00-04:00,133.02000427246094,133.07899475097656,133.0,133.05999755859375,4255,0.0,0.0,0.0
2024-08-29 11:55:00-04:00,133.04220581054688,133.10000610351562,133.0301055908203,133.10000610351562,2687,0.0,0.0,0.0
2024-08-29 12:00:00-04:00,133.0800018310547,133.1199951171875,133.0800018310547,133.1199951171875,2252,0.0,0.0,0.0
2024-08-29 12:05:00-04:00,133.10899353027344,133.1750030517578,133.07359313964844,133.1750030517578,709,0.0,0.0,0.0
2024-08-29 12:10:00-04:00,133.16000366210938,133.22999572753906,133.16000366210938,133.21499633789062,1488,0.0,0.0,0.0
2024-08-29 12:15:00-04:00,133.22000122070312,133.23989868164062,133.14999389648438,133.16000366210938,2524,0.0,0.0,0.0
2024-08-29 12:20:00-04:00,133.1490020751953,133.1800994873047,133.1490020751953,133.1800994873047,918,0.0,0.0,0.0
2024-08-29 12:25:00-04:00,133.202392578125,133.25,133.17999267578125,133.25,2206,0.0,0.0,0.0
2024-08-29 12:30:00-04:00,133.24000549316406,133.24000549316406,133.158203125,133.158203125,1717,0.0,0.0,0.0
2024-08-29 12:35:00-04:00,133.19949340820312,133.20469665527344,133.177001953125,133.1999969482422,2324,0.0,0.0,0.0
2024-08-29 12:40:00-04:00,133.2100067138672,133.25,133.1909942626953,133.2449951171875,2651,0.0,0.0,0.0
2024-08-29 12:45:00-04:00,133.2198944091797,133.23899841308594,133.16029357910156,133.16029357910156,2247,0.0,0.0,0.0
2024-08-29 12:50:00-04:00,133.19000244140625,133.27999877929688,133.19000244140625,133.27999877929688,11420,0.0,0.0,0.0
2024-08-29 12:55:00-04:00,133.2689971923828,133.2899932861328,133.23699951171875,133.26930236816406,1735,0.0,0.0,0.0
2024-08-29 13:00:00-04:00,133.25999450683594,133.2689971923828,133.22900390625,133.23300170898438,1661,0.0,0.0,0.0
2024-08-29 13:05:00-04:00,133.24899291992188,133.24899291992188,133.24899291992188,133.24899291992188,616,0.0,0.0,0.0
2024-08-29 13:10:00-04:00,133.18899536132812,133.18899536132812,133.13510131835938,133.16900634765625,1089,0.0,0.0,0.0
2024-08-29 13:15:00-04:00,133.1470947265625,133.2100067138672,133.1427001953125,133.2030029296875,3136,0.0,0.0,0.0
2024-08-29 13:20:00-04:00,133.19500732421875,133.1999969482422,133.17520141601562,133.17520141601562,10325,0.0,0.0,0.0
2024-08-29 13:25:00-04:00,133.1790008544922,133.22999572753906,133.1790008544922,133.22900390625,1278,0.0,0.0,0.0
2024-08-29 13:30:00-04:00,133.22999572753906,133.25,133.22999572753906,133.25,893,0.0,0.0,0.0
2024-08-29 13:35:00-04:00,133.25,133.27000427246094,133.25,133.25010681152344,1260,0.0,0.0,0.0
2024-08-29 13:40:00-04:00,133.3000030517578,133.33999633789062,133.3000030517578,133.33999633789062,1164,0.0,0.0,0.0
2024-08-29 13:45:00-04:00,133.3699951171875,133.39999389648438,133.3699951171875,133.39999389648438,909,0.0,0.0,0.0
2024-08-29 13:50:00-04:00,133.39999389648438,133.41000366210938,133.37030029296875,133.41000366210938,1670,0.0,0.0,0.0
2024-08-29 13:55:00-04:00,133.38999938964844,133.38999938964844,133.3699951171875,133.38900756835938,1250,0.0,0.0,0.0
2024-08-29 14:00:00-04:00,133.35000610351562,133.41000366210938,133.35000610351562,133.39089965820312,2464,0.0,0.0,0.0
2024-08-29 14:05:00-04:00,133.40899658203125,133.41070556640625,133.4008026123047,133.41000366210938,2317,0.0,0.0,0.0
2024-08-29 14:10:00-04:00,133.39999389648438,133.42999267578125,133.37770080566406,133.37770080566406,1815,0.0,0.0,0.0
2024-08-29 14:15:00-04:00,133.3800048828125,133.41900634765625,133.3800048828125,133.38999938964844,2970,0.0,0.0,0.0
2024-08-29 14:20:00-04:00,133.3699951171875,133.3699951171875,133.3090057373047,133.30999755859375,1232,0.0,0.0,0.0
2024-08-29 14:25:00-04:00,133.30250549316406,133.32000732421875,133.19000244140625,133.22000122070312,5043,0.0,0.0,0.0
2024-08-29 14:30:00-04:00,133.17999267578125,133.22000122070312,133.15499877929688,133.22000122070312,2694,0.0,0.0,0.0
2024-08-29 14:35:00-04:00,133.12899780273438,133.12899780273438,132.94009399414062,132.94009399414062,2480,0.0,0.0,0.0
2024-08-29 14:40:00-04:00,132.89230346679688,132.91900634765625,132.83999633789062,132.83999633789062,3908,0.0,0.0,0.0
2024-08-29 14:45:00-04:00,132.8800048828125,132.9499969482422,132.8491973876953,132.9499969482422,2919,0.0,0.0,0.0
2024-08-29 14:50:00-04:00,132.91510009765625,132.91510009765625,132.77999877929688,132.86500549316406,2917,0.0,0.0,0.0
2024-08-29 14:55:00-04:00,132.92999267578125,132.9600067138672,132.91000366210938,132.9600067138672,1931,0.0,0.0,0.0
2024-08-29 15:00:00-04:00,132.9499969482422,132.9499969482422,132.8596954345703,132.8596954345703,1487,0.0,0.0,0.0
2024-08-29 15:05:00-04:00,132.875,132.97999572753906,132.875,132.97999572753906,1566,0.0,0.0,0.0
2024-08-29 15:10:00-04:00,132.97999572753906,132.97999572753906,132.97999572753906,132.97999572753906,896,0.0,0.0,0.0
2024-08-29 15:15:00-04:00,133.10000610351562,133.13250732421875,133.10000610351562,133.11000061035156,2357,0.0,0.0,0.0
2024-08-29 15:20:00-04:00,133.12179565429688,133.12179565429688,133.04029846191406,133.04029846191406,2220,0.0,0.0,0.0
2024-08-29 15:25:00-04:00,133.08360290527344,133.17999267578125,133.08360290527344,133.17999267578125,1486,0.0,0.0,0.0
2024-08-29 15:30:00-04:00,133.17999267578125,133.17999267578125,133.10000610351562,133.13999938964844,2499,0.0,0.0,0.0
2024-08-29 15:35:00-04:00,133.08999633789062,133.1199951171875,133.0800018310547,133.09249877929688,2874,0.0,0.0,0.0
2024-08-29 15:40:00-04:00,132.93780517578125,132.94000244140625,132.74000549316406,132.74000549316406,1790,0.0,0.0,0.0
2024-08-29 15:45:00-04:00,132.75,132.75999450683594,132.69000244140625,132.72000122070312,2930,0.0,0.0,0.0
2024-08-29 15:50:00-04:00,132.75999450683594,132.83999633789062,132.7100067138672,132.80999755859375,6273,0.0,0.0,0.0
2024-08-29 15:55:00-04:00,132.80999755859375,132.94000244140625,132.8000030517578,132.94000244140625,19343,0.0,0.0,0.0
2024-08-30 09:30:00-04:00,133.17999267578125,133.4949951171875,133.17999267578125,133.4949951171875,11428,0.0,0.0,0.0
2024-08-30 09:35:00-04:00,133.52999877929688,133.52999877929688,133.49989318847656,133.52609252929688,2522,0.0,0.0,0.0
2024-08-30 09:40:00-04:00,133.47000122070312,133.5399932861328,133.42239379882812,133.42239379882812,12887,0.0,0.0,0.0
2024-08-30 09:45:00-04:00,133.2550048828125,133.2550048828125,133.2550048828125,133.2550048828125,258,0.0,0.0,0.0
2024-08-30 09:50:00-04:00,133.22000122070312,133.302001953125,133.22000122070312,133.2899932861328,3311,0.0,0.0,0.0
2024-08-30 09:55:00-04:00,133.3867950439453,133.4199981689453,133.3867950439453,133.4199981689453,851,0.0,0.0,0.0
2024-08-30 10:00:00-04:00,133.47999572753906,133.47999572753906,133.42999267578125,133.42999267578125,2709,0.0,0.0,0.0
2024-08-30 10:05:00-04:00,133.49000549316406,133.60009765625,133.48899841308594,133.60009765625,5932,0.0,0.0,0.0
2024-08-30 10:10:00-04:00,133.67999267578125,133.7100067138672,133.64500427246094,133.64999389648438,2056,0.0,0.0,0.0
2024-08-30 10:15:00-04:00,133.55999755859375,133.59500122070312,133.5200958251953,133.59500122070312,1568,0.0,0.0,0.0
2024-08-30 10:20:00-04:00,133.60000610351562,133.60000610351562,133.5500030517578,133.5500030517578,1703,0.0,0.0,0.0
2024-08-30 10:25:00-04:00,133.55999755859375,133.58999633789062,133.55999755859375,133.58999633789062,7991,0.0,0.0,0.0
2024-08-30 10:30:00-04:00,133.5800018310547,133.61000061035156,133.52999877929688,133.5399932861328,8352,0.0,0.0,0.0
2024-08-30 10:35:00-04:00,133.52999877929688,133.54969787597656,133.4600067138672,133.47999572753906,2475,0.0,0.0,0.0
2024-08-30 10:40:00-04:00,133.5500030517578,133.58999633789062,133.47999572753906,133.47999572753906,2659,0.0,0.0,0.0
2024-08-30 10:45:00-04:00,133.4600067138672,133.52999877929688,133.4600067138672,133.51170349121094,5568,0.0,0.0,0.0
2024-08-30 10:50:00-04:00,133.53729248046875,133.53729248046875,133.47000122070312,133.47000122070312,646,0.0,0.0,0.0
2024-08-30 10:55:00-04:00,133.468994140625,133.5500030517578,133.468994140625,133.50999450683594,4234,0.0,0.0,0.0
2024-08-30 11:00:00-04:00,133.4499969482422,133.52000427246094,133.43499755859375,133.4499969482422,3402,0.0,0.0,0.0
2024-08-30 11:05:00-04:00,133.42999267578125,133.52000427246094,133.4199981689453,133.43899536132812,1750,0.0,0.0,0.0
2024-08-30 11:10:00-04:00,133.4199981689453,133.4199981689453,133.3699951171875,133.3699951171875,1011,0.0,0.0,0.0
2024-08-30 11:15:00-04:00,133.38999938964844,133.38999938964844,133.38999938964844,133.38999938964844,582,0.0,0.0,0.0
2024-08-30 11:20:00-04:00,133.25750732421875,133.27999877929688,133.20230102539062,133.20230102539062,1357,0.0,0.0,0.0
2024-08-30 11:25:00-04:00,133.1699981689453,133.19000244140625,133.1199951171875,133.1199951171875,2487,0.0,0.0,0.0
2024-08-30 11:30:00-04:00,133.0800018310547,133.0800018310547,133.00999450683594,133.02000427246094,4648,0.0,0.0,0.0
2024-08-30 11:35:00-04:00,133.0050048828125,133.02499389648438,132.9250030517578,132.9250030517578,1878,0.0,0.0,0.0
2024-08-30 11:40:00-04:00,132.90260314941406,133.00999450683594,132.90260314941406,132.99000549316406,4503,0.0,0.0,0.0
2024-08-30 11:45:00-04:00,132.99000549316406,133.0399932861328,132.99000549316406,133.02589416503906,1712,0.0,0.0,0.0
2024-08-30 11:50:00-04:00,132.99000549316406,133.0189971923828,132.97999572753906,133.00970458984375,7237,0.0,0.0,0.0
2024-08-30 11:55:00-04:00,133.05999755859375,133.0800018310547,133.0399932861328,133.05999755859375,10292,0.0,0.0,0.0
2024-08-30 12:00:00-04:00,133.0500030517578,133.0500030517578,133.0,133.0489959716797,3920,0.0,0.0,0.0
2024-08-30 12:05:00-04:00,133.08009338378906,133.1999969482422,133.07899475097656,133.1999969482422,2287,0.0,0.0,0.0
2024-08-30 12:10:00-04:00,133.24000549316406,133.24000549316406,133.19000244140625,133.19000244140625,1625,0.0,0.0,0.0
2024-08-30 12:15:00-04:00,133.1999969482422,133.1999969482422,133.1300048828125,133.13999938964844,1380,0.0,0.0,0.0
2024-08-30 12:20:00-04:00,133.10899353027344,133.10899353027344,133.00999450683594,133.00999450683594,1454,0.0,0.0,0.0
2024-08-30 12:25:00-04:00,132.9949951171875,133.0,132.85000610351562,132.8585968017578,1828,0.0,0.0,0.0
2024-08-30 12:30:00-04:00,132.83999633789062,132.83999633789062,132.74429321289062,132.75,1977,0.0,0.0,0.0
2024-08-30 12:35:00-04:00,132.74000549316406,132.8000030517578,132.72000122070312,132.8000030517578,2321,0.0,0.0,0.0
2024-08-30 12:40:00-04:00,132.83999633789062,132.83999633789062,132.8300018310547,132.83009338378906,1364,0.0,0.0,0.0
2024-08-30 12:45:00-04:00,132.8800048828125,132.92999267578125,132.8800048828125,132.92999267578125,3514,0.0,0.0,0.0
2024-08-30 12:50:00-04:00,132.91000366210938,132.99839782714844,132.91000366210938,132.99839782714844,512,0.0,0.0,0.0
2024-08-30 12:55:00-04:00,133.02000427246094,133.02999877929688,133.0,133.02999877929688,1064,0.0,0.0,0.0
2024-08-30 13:00:00-04:00,133.02000427246094,133.03900146484375,133.0,133.03900146484375,834,0.0,0.0,0.0
2024-08-30 13:05:00-04:00,132.9884033203125,132.98899841308594,132.9499969482422,132.97500610351562,2016,0.0,0.0,0.0
2024-08-30 13:10:00-04:00,132.94900512695312,132.9600067138672,132.94000244140625,132.9600067138672,823,0.0,0.0,0.0
2024-08-30 13:15:00-04:00,133.02000427246094,133.02000427246094,132.94900512695312,132.94900512695312,3366,0.0,0.0,0.0
2024-08-30 13:20:00-04:00,132.97000122070312,132.97999572753906,132.9199981689453,132.9199981689453,1105,0.0,0.0,0.0
2024-08-30 13:25:00-04:00,132.90899658203125,132.91000366210938,132.90899658203125,132.91000366210938,501,0.0,0.0,0.0
2024-08-30 13:30:00-04:00,132.9199981689453,132.9499969482422,132.9149932861328,132.92999267578125,1329,0.0,0.0,0.0
2024-08-30 13:35:00-04:00,132.91969299316406,132.94000244140625,132.89999389648438,132.92999267578125,1687,0.0,0.0,0.0
2024-08-30 13:40:00-04:00,132.9499969482422,132.97999572753906,132.9499969482422,132.97999572753906,1953,0.0,0.0,0.0
2024-08-30 13:45:00-04:00,132.97000122070312,133.02999877929688,132.97000122070312,133.0290069580078,1891,0.0,0.0,0.0
2024-08-30 13:50:00-04:00,133.02000427246094,133.0500030517578,132.99000549316406,133.0500030517578,1855,0.0,0.0,0.0
2024-08-30 13:55:00-04:00,133.02000427246094,133.02000427246094,133.02000427246094,133.02000427246094,748,0.0,0.0,0.0
2024-08-30 14:00:00-04:00,133.0072021484375,133.07000732421875,133.0072021484375,133.05999755859375,1580,0.0,0.0,0.0
2024-08-30 14:05:00-04:00,133.0800018310547,133.14999389648438,133.0800018310547,133.14999389648438,864,0.0,0.0,0.0
2024-08-30 14:10:00-04:00,133.122802734375,133.15899658203125,133.122802734375,133.14999389648438,791,0.0,0.0,0.0
2024-08-30 14:15:00-04:00,133.1699981689453,133.18899536132812,133.1699981689453,133.18899536132812,385,0.0,0.0,0.0
2024-08-30 14:20:00-04:00,133.16920471191406,133.22000122070312,133.16029357910156,133.22000122070312,1248,0.0,0.0,0.0
2024-08-30 14:25:00-04:00,133.27000427246094,133.27000427246094,133.24000549316406,133.24000549316406,1226,0.0,0.0,0.0
2024-08-30 14:30:00-04:00,133.1750030517578,133.20899963378906,133.1750030517578,133.20899963378906,1118,0.0,0.0,0.0
2024-08-30 14:35:00-04:00,133.24899291992188,133.25030517578125,133.21499633789062,133.25030517578125,3104,0.0,0.0,0.0
2024-08-30 14:40:00-04:00,133.28900146484375,133.28900146484375,133.27000427246094,133.27000427246094,5848,0.0,0.0,0.0
2024-08-30 14:45:00-04:00,133.30999755859375,133.3231964111328,133.2996063232422,133.3231964111328,2483,0.0,0.0,0.0
2024-08-30 14:50:00-04:00,133.3800048828125,133.3800048828125,133.30999755859375,133.30999755859375,2224,0.0,0.0,0.0
2024-08-30 14:55:00-04:00,133.32000732421875,133.3280029296875,133.3000030517578,133.30499267578125,833,0.0,0.0,0.0
2024-08-30 15:00:00-04:00,133.3300018310547,133.3800048828125,133.32000732421875,133.3800048828125,1549,0.0,0.0,0.0
2024-08-30 15:05:00-04:00,133.38009643554688,133.414306640625,133.37899780273438,133.414306640625,972,0.0,0.0,0.0
2024-08-30 15:10:00-04:00,133.3874969482422,133.41000366210938,133.35000610351562,133.35000610351562,2082,0.0,0.0,0.0
2024-08-30 15:15:00-04:00,133.3800048828125,133.41000366210938,133.3800048828125,133.41000366210938,512,0.0,0.0,0.0
2024-08-30 15:20:00-04:00,133.4499969482422,133.5489959716797,133.4499969482422,133.54220581054688,1264,0.0,0.0,0.0
2024-08-30 15:25:00-04:00,133.54010009765625,133.64999389648438,133.54010009765625,133.6300048828125,2163,0.0,0.0,0.0
2024-08-30 15:30:00-04:00,133.6199951171875,133.6699981689453,133.5800018310547,133.5800018310547,3030,0.0,0.0,0.0
2024-08-30 15:35:00-04:00,133.6199951171875,133.8000030517578,133.6199951171875,133.78500366210938,4537,0.0,0.0,0.0
2024-08-30 15:40:00-04:00,133.74000549316406,133.7899932861328,133.74000549316406,133.74000549316406,2383,0.0,0.0,0.0
2024-08-30 15:45:00-04:00,133.7899932861328,133.7899932861328,133.75,133.75999450683594,2492,0.0,0.0,0.0
2024-08-30 15:50:00-04:00,133.7899932861328,133.9949951171875,133.77000427246094,133.9949951171875,13046,0.0,0.0,0.0
2024-08-30 15:55:00-04:00,133.99000549316406,134.1300048828125,133.99000549316406,134.0399932861328,21483,0.0,0.0,0.0
