Datetime,Open,High,Low,Close,Volume,Dividends,Stock Splits
2022-07-14 12:00:00+08:00,19.850000381469727,20.049999237060547,19.850000381469727,20.049999237060547,2000,0.0,0.0
2022-07-14 13:00:00+08:00,20.100000381469727,20.200000762939453,20.100000381469727,20.200000762939453,0,0.0,0.0
2022-07-15 09:00:00+08:00,19.799999237060547,20.049999237060547,19.350000381469727,20.0,14177,0.0,0.0
2022-07-15 11:00:00+08:00,19.450000762939453,19.450000762939453,19.450000762939453,19.450000762939453,7345,0.0,0.0
2022-07-15 12:00:00+08:00,19.899999618530273,20.0,19.899999618530273,20.0,2428,0.0,0.0
2022-07-15 13:00:00+08:00,19.950000762939453,19.950000762939453,19.450000762939453,19.450000762939453,2011,0.0,0.0
2022-07-18 10:00:00+08:00,19.850000381469727,20.0,19.549999237060547,20.0,2762,0.0,0.0
2022-07-18 11:00:00+08:00,19.75,20.0,19.75,20.0,3224,0.0,0.0
2022-07-18 12:00:00+08:00,19.799999237060547,20.0,19.799999237060547,20.0,2009,0.0,0.0
2022-07-18 13:00:00+08:00,19.649999618530273,19.950000762939453,19.649999618530273,19.950000762939453,3000,0.0,0.0
2022-07-19 11:00:00+08:00,19.600000381469727,19.600000381469727,19.600000381469727,19.600000381469727,7122,0.0,0.0
2022-07-19 12:00:00+08:00,19.649999618530273,19.649999618530273,19.649999618530273,19.649999618530273,1949,0.0,0.0
2022-07-19 13:00:00+08:00,19.899999618530273,19.899999618530273,19.649999618530273,19.899999618530273,3000,0.0,0.0
2022-07-20 09:00:00+08:00,19.899999618530273,20.200000762939453,19.899999618530273,20.200000762939453,0,0.0,0.0
2022-07-20 12:00:00+08:00,19.700000762939453,19.899999618530273,19.649999618530273,19.899999618530273,3754,0.0,0.0
2022-07-21 09:00:00+08:00,19.950000762939453,19.950000762939453,19.950000762939453,19.950000762939453,0,0.0,0.0
2022-07-21 10:00:00+08:00,19.649999618530273,19.649999618530273,19.649999618530273,19.649999618530273,2085,0.0,0.0
2022-07-21 11:00:00+08:00,19.649999618530273,19.649999618530273,19.649999618530273,19.649999618530273,1079,0.0,0.0
2022-07-21 13:00:00+08:00,19.649999618530273,19.850000381469727,19.649999618530273,19.850000381469727,3000,0.0,0.0
2022-07-22 13:00:00+08:00,19.399999618530273,19.75,19.399999618530273,19.75,4000,0.0,0.0
2022-07-25 12:00:00+08:00,19.700000762939453,19.700000762939453,19.700000762939453,19.700000762939453,0,0.0,0.0
2022-07-25 13:00:00+08:00,19.600000381469727,19.899999618530273,19.600000381469727,19.899999618530273,0,0.0,0.0
2022-07-26 11:00:00+08:00,19.600000381469727,19.649999618530273,19.600000381469727,19.649999618530273,4280,0.0,0.0
2022-07-26 13:00:00+08:00,19.700000762939453,19.700000762939453,19.700000762939453,19.700000762939453,1140,0.0,0.0
2022-07-27 09:00:00+08:00,19.350000381469727,19.350000381469727,19.350000381469727,19.350000381469727,3000,0.0,0.0
2022-07-27 10:00:00+08:00,19.399999618530273,19.399999618530273,19.350000381469727,19.399999618530273,10666,0.0,0.0
2022-07-27 12:00:00+08:00,19.350000381469727,19.5,19.25,19.5,12336,0.0,0.0
2022-07-27 13:00:00+08:00,19.600000381469727,19.799999237060547,19.600000381469727,19.799999237060547,4050,0.0,0.0
2022-07-28 10:00:00+08:00,19.450000762939453,19.649999618530273,19.299999237060547,19.649999618530273,2000,0.0,0.0
2022-07-28 11:00:00+08:00,19.75,19.950000762939453,19.75,19.899999618530273,30000,0.0,0.0
2022-07-28 12:00:00+08:00,19.899999618530273,19.899999618530273,19.899999618530273,19.899999618530273,4659,0.0,0.0
2022-07-29 09:00:00+08:00,19.450000762939453,19.450000762939453,19.450000762939453,19.450000762939453,0,0.0,0.0
2022-07-29 10:00:00+08:00,19.5,19.5,19.5,19.5,2553,0.0,0.0
2022-07-29 11:00:00+08:00,19.600000381469727,19.850000381469727,19.600000381469727,19.850000381469727,21000,0.0,0.0
2022-07-29 12:00:00+08:00,19.600000381469727,19.850000381469727,19.600000381469727,19.850000381469727,3030,0.0,0.0
2022-08-01 13:00:00+08:00,19.700000762939453,19.899999618530273,19.549999237060547,19.899999618530273,6450,0.0,0.0
2022-08-02 09:00:00+08:00,19.850000381469727,20.149999618530273,19.850000381469727,20.149999618530273,593970,0.0,0.0
2022-08-02 10:00:00+08:00,20.0,20.0,20.0,20.0,6097,0.0,0.0
2022-08-02 12:00:00+08:00,19.899999618530273,19.950000762939453,19.850000381469727,19.899999618530273,7669,0.0,0.0
2022-08-02 13:00:00+08:00,19.899999618530273,19.950000762939453,19.850000381469727,19.950000762939453,5159,0.0,0.0
2022-08-03 09:00:00+08:00,20.0,20.450000762939453,19.799999237060547,20.149999618530273,0,0.0,0.0
2022-08-04 09:00:00+08:00,19.799999237060547,19.950000762939453,19.799999237060547,19.950000762939453,0,0.0,0.0
2022-08-05 09:00:00+08:00,20.049999237060547,20.149999618530273,20.049999237060547,20.149999618530273,0,0.0,0.0
2022-08-05 12:00:00+08:00,20.0,20.0,20.0,20.0,4000,0.0,0.0
2022-08-05 13:00:00+08:00,19.799999237060547,19.950000762939453,19.799999237060547,19.950000762939453,2000,0.0,0.0
2022-08-09 09:00:00+08:00,20.149999618530273,20.149999618530273,20.149999618530273,20.149999618530273,0,0.0,0.0
2022-08-09 11:00:00+08:00,19.5,19.950000762939453,19.5,19.799999237060547,5050,0.0,0.0
2022-08-09 13:00:00+08:00,19.549999237060547,19.549999237060547,19.450000762939453,19.450000762939453,11119,0.0,0.0
2022-08-10 09:00:00+08:00,19.75,19.75,19.75,19.75,0,0.0,0.0
2022-08-10 10:00:00+08:00,19.5,19.600000381469727,19.299999237060547,19.600000381469727,13000,0.0,0.0
2022-08-10 11:00:00+08:00,19.549999237060547,19.799999237060547,19.549999237060547,19.549999237060547,6230,0.0,0.0
2022-08-10 12:00:00+08:00,19.549999237060547,19.850000381469727,19.299999237060547,19.850000381469727,25400,0.0,0.0
2022-08-11 09:00:00+08:00,19.799999237060547,19.799999237060547,19.799999237060547,19.799999237060547,0,0.0,0.0
2022-08-11 13:00:00+08:00,19.75,19.899999618530273,19.75,19.899999618530273,7060,0.0,0.0
2022-08-12 11:00:00+08:00,19.5,19.549999237060547,19.5,19.5,5100,0.0,0.0
2022-08-12 12:00:00+08:00,19.5,19.5,19.450000762939453,19.450000762939453,12620,0.0,0.0
2022-08-12 13:00:00+08:00,19.450000762939453,19.700000762939453,19.450000762939453,19.700000762939453,5131,0.0,0.0
2022-08-15 11:00:00+08:00,19.600000381469727,19.600000381469727,19.600000381469727,19.600000381469727,0,0.0,0.0
2022-08-15 12:00:00+08:00,19.350000381469727,19.350000381469727,19.350000381469727,19.350000381469727,1436,0.0,0.0
2022-08-15 13:00:00+08:00,19.600000381469727,19.600000381469727,19.600000381469727,19.600000381469727,1291,0.0,0.0
2022-08-16 09:00:00+08:00,19.299999237060547,19.299999237060547,19.149999618530273,19.149999618530273,8436,0.0,0.0
2022-08-16 10:00:00+08:00,19.100000381469727,19.149999618530273,18.899999618530273,19.149999618530273,8485,0.0,0.0
2022-08-16 11:00:00+08:00,19.149999618530273,19.149999618530273,19.149999618530273,19.149999618530273,1155,0.0,0.0
2022-08-16 12:00:00+08:00,19.149999618530273,19.299999237060547,19.149999618530273,19.299999237060547,12675,0.0,0.0
2022-08-16 13:00:00+08:00,19.0,19.0,19.0,19.0,1035,0.0,0.0
2022-08-17 09:00:00+08:00,18.75,19.25,18.75,19.25,0,0.0,0.0
2022-08-17 11:00:00+08:00,18.799999237060547,18.799999237060547,18.799999237060547,18.799999237060547,3117,0.0,0.0
2022-08-17 12:00:00+08:00,18.899999618530273,19.149999618530273,18.899999618530273,19.049999237060547,5290,0.0,0.0
2022-08-17 13:00:00+08:00,18.700000762939453,19.100000381469727,18.700000762939453,19.100000381469727,2018,0.0,0.0
2022-08-18 09:00:00+08:00,19.0,19.549999237060547,18.549999237060547,19.299999237060547,0,0.0,0.0
2022-08-18 11:00:00+08:00,19.25,19.25,19.25,19.25,2604,0.0,0.0
2022-08-18 13:00:00+08:00,19.049999237060547,19.399999618530273,19.049999237060547,19.399999618530273,14073,0.0,0.0
2022-08-19 13:00:00+08:00,19.149999618530273,19.5,19.149999618530273,19.5,0,0.0,0.0
2022-08-23 11:00:00+08:00,18.899999618530273,19.25,18.899999618530273,19.25,1083,0.0,0.0
2022-08-24 09:00:00+08:00,18.75,19.350000381469727,18.75,19.350000381469727,622,0.0,0.0
2022-08-24 10:00:00+08:00,19.049999237060547,19.049999237060547,19.049999237060547,19.049999237060547,2000,0.0,0.0
2022-08-24 11:00:00+08:00,19.0,19.25,19.0,19.25,12926,0.0,0.0
2022-08-24 13:00:00+08:00,18.899999618530273,19.149999618530273,18.75,19.149999618530273,10263,0.0,0.0
2022-08-25 09:00:00+08:00,19.25,19.25,19.25,19.25,0,0.0,0.0
2022-08-25 12:00:00+08:00,19.0,19.100000381469727,19.0,19.100000381469727,2802,0.0,0.0
2022-08-26 09:00:00+08:00,18.649999618530273,18.649999618530273,18.600000381469727,18.600000381469727,209,0.0,0.0
2022-08-26 10:00:00+08:00,18.600000381469727,18.799999237060547,18.5,18.5,3232,0.0,0.0
2022-08-26 11:00:00+08:00,18.5,18.899999618530273,18.5,18.899999618530273,6219,0.0,0.0
2022-08-26 12:00:00+08:00,18.450000762939453,18.799999237060547,18.399999618530273,18.399999618530273,6574,0.0,0.0
2022-08-26 13:00:00+08:00,18.450000762939453,18.799999237060547,18.450000762939453,18.799999237060547,5416,0.0,0.0
2022-08-30 09:00:00+08:00,18.75,19.350000381469727,18.75,19.350000381469727,0,0.0,0.0
2022-08-30 10:00:00+08:00,19.299999237060547,19.5,19.049999237060547,19.5,28400,0.0,0.0
2022-08-30 12:00:00+08:00,19.149999618530273,19.350000381469727,19.149999618530273,19.350000381469727,2320,0.0,0.0
2022-08-31 10:00:00+08:00,19.0,19.0,19.0,19.0,0,0.0,0.0
2022-08-31 11:00:00+08:00,19.049999237060547,19.200000762939453,19.049999237060547,19.200000762939453,5000,0.0,0.0
2022-08-31 12:00:00+08:00,19.049999237060547,19.049999237060547,19.0,19.0,3220,0.0,0.0
2022-08-31 13:00:00+08:00,19.100000381469727,19.399999618530273,19.100000381469727,19.399999618530273,18000,0.0,0.0
2022-09-01 09:00:00+08:00,19.100000381469727,19.100000381469727,19.100000381469727,19.100000381469727,0,0.0,0.0
2022-09-01 10:00:00+08:00,19.049999237060547,19.100000381469727,19.049999237060547,19.049999237060547,4732,0.0,0.0
2022-09-01 12:00:00+08:00,19.25,19.25,19.25,19.25,1070,0.0,0.0
2022-09-01 13:00:00+08:00,19.049999237060547,19.700000762939453,19.049999237060547,19.700000762939453,0,0.0,0.0
2022-09-02 13:00:00+08:00,19.200000762939453,19.600000381469727,19.200000762939453,19.600000381469727,3628,0.0,0.0
2022-09-05 09:00:00+08:00,19.600000381469727,19.799999237060547,19.600000381469727,19.799999237060547,0,0.0,0.0
2022-09-05 10:00:00+08:00,19.100000381469727,19.450000762939453,18.950000762939453,18.950000762939453,9000,0.0,0.0
2022-09-05 12:00:00+08:00,18.899999618530273,19.100000381469727,18.799999237060547,19.100000381469727,10209,0.0,0.0
2022-09-05 13:00:00+08:00,18.899999618530273,19.450000762939453,18.899999618530273,19.450000762939453,10000,0.0,0.0
2022-09-06 10:00:00+08:00,18.950000762939453,18.950000762939453,18.950000762939453,18.950000762939453,0,0.0,0.0
2022-09-06 11:00:00+08:00,18.899999618530273,19.200000762939453,18.899999618530273,19.200000762939453,2050,0.0,0.0
2022-09-06 13:00:00+08:00,19.049999237060547,19.049999237060547,19.049999237060547,19.049999237060547,1000,0.0,0.0
2022-09-07 09:00:00+08:00,19.25,19.25,19.25,19.25,0,0.0,0.0
2022-09-07 12:00:00+08:00,18.950000762939453,19.0,18.700000762939453,19.0,4110,0.0,0.0
2022-09-07 13:00:00+08:00,19.0,19.200000762939453,19.0,19.200000762939453,3000,0.0,0.0
2022-09-08 09:00:00+08:00,19.200000762939453,19.25,19.200000762939453,19.25,0,0.0,0.0
2022-09-08 11:00:00+08:00,19.200000762939453,19.200000762939453,19.200000762939453,19.200000762939453,1002,0.0,0.0
2022-09-12 09:00:00+08:00,19.0,19.25,18.950000762939453,18.950000762939453,3511,0.0,0.0
2022-09-12 10:00:00+08:00,18.899999618530273,18.899999618530273,18.75,18.75,4136,0.0,0.0
2022-09-12 11:00:00+08:00,18.399999618530273,18.850000381469727,18.399999618530273,18.5,5316,0.0,0.0
2022-09-12 12:00:00+08:00,18.600000381469727,18.950000762939453,18.399999618530273,18.950000762939453,5001,0.0,0.0
2022-09-13 09:00:00+08:00,18.899999618530273,18.899999618530273,18.899999618530273,18.899999618530273,0,0.0,0.0
2022-09-13 12:00:00+08:00,18.850000381469727,18.850000381469727,18.850000381469727,18.850000381469727,2000,0.0,0.0
2022-09-13 13:00:00+08:00,18.850000381469727,18.850000381469727,18.850000381469727,18.850000381469727,2000,0.0,0.0
2022-09-14 09:00:00+08:00,18.799999237060547,18.799999237060547,18.549999237060547,18.549999237060547,0,0.0,0.0
2022-09-14 11:00:00+08:00,18.5,18.549999237060547,18.5,18.549999237060547,2000,0.0,0.0
2022-09-15 09:00:00+08:00,18.25,18.899999618530273,18.25,18.899999618530273,2989,0.0,0.0
2022-09-16 09:00:00+08:00,18.950000762939453,18.950000762939453,18.950000762939453,18.950000762939453,0,0.0,0.0
2022-09-19 09:00:00+08:00,18.549999237060547,18.75,18.549999237060547,18.75,0,0.0,0.0
2022-09-19 10:00:00+08:00,18.549999237060547,18.700000762939453,18.5,18.5,4002,0.0,0.0
2022-09-19 11:00:00+08:00,18.450000762939453,18.450000762939453,18.450000762939453,18.450000762939453,1375,0.0,0.0
2022-09-19 12:00:00+08:00,18.350000381469727,18.5,18.299999237060547,18.5,17020,0.0,0.0
2022-09-19 13:00:00+08:00,18.549999237060547,19.799999237060547,18.549999237060547,19.799999237060547,39390,0.0,0.0
2022-09-20 09:00:00+08:00,19.950000762939453,20.25,19.649999618530273,19.850000381469727,0,0.0,0.0
2022-09-20 10:00:00+08:00,19.600000381469727,19.700000762939453,19.299999237060547,19.700000762939453,12200,0.0,0.0
2022-09-20 11:00:00+08:00,19.700000762939453,19.950000762939453,19.600000381469727,19.950000762939453,12100,0.0,0.0
2022-09-21 09:00:00+08:00,19.75,19.75,19.549999237060547,19.649999618530273,0,0.0,0.0
2022-09-21 10:00:00+08:00,19.5,19.5,19.5,19.5,1006,0.0,0.0
2022-09-21 11:00:00+08:00,19.450000762939453,19.600000381469727,19.399999618530273,19.600000381469727,4072,0.0,0.0
2022-09-21 12:00:00+08:00,19.399999618530273,19.399999618530273,19.399999618530273,19.399999618530273,1000,0.0,0.0
2022-09-21 13:00:00+08:00,19.350000381469727,19.799999237060547,19.350000381469727,19.799999237060547,8355,0.0,0.0
2022-09-22 09:00:00+08:00,19.75,20.0,19.75,20.0,0,0.0,0.0
2022-09-22 10:00:00+08:00,19.450000762939453,19.450000762939453,19.450000762939453,19.450000762939453,1033,0.0,0.0
2022-09-22 12:00:00+08:00,19.399999618530273,19.600000381469727,19.399999618530273,19.600000381469727,4514,0.0,0.0
2022-09-22 13:00:00+08:00,19.600000381469727,19.850000381469727,19.450000762939453,19.850000381469727,9073,0.0,0.0
2022-09-23 09:00:00+08:00,19.75,19.75,19.75,19.75,0,0.0,0.0
2022-09-23 10:00:00+08:00,19.299999237060547,19.5,19.299999237060547,19.350000381469727,7300,0.0,0.0
2022-09-23 11:00:00+08:00,19.350000381469727,19.450000762939453,19.149999618530273,19.450000762939453,7160,0.0,0.0
2022-09-23 12:00:00+08:00,19.100000381469727,19.649999618530273,19.0,19.649999618530273,12392,0.0,0.0
2022-09-23 13:00:00+08:00,19.600000381469727,19.75,19.600000381469727,19.75,4403,0.0,0.0
2022-09-26 09:00:00+08:00,19.75,20.299999237060547,19.350000381469727,19.850000381469727,0,0.0,0.0
2022-09-26 10:00:00+08:00,19.399999618530273,19.399999618530273,19.0,19.0,19142,0.0,0.0
2022-09-26 11:00:00+08:00,19.0,19.0,19.0,19.0,1902,0.0,0.0
2022-09-26 12:00:00+08:00,18.850000381469727,19.649999618530273,18.850000381469727,19.649999618530273,12899,0.0,0.0
2022-09-27 11:00:00+08:00,19.450000762939453,19.5,19.450000762939453,19.5,2000,0.0,0.0
2022-09-27 12:00:00+08:00,19.200000762939453,19.549999237060547,19.0,19.549999237060547,12000,0.0,0.0
2022-09-27 13:00:00+08:00,19.25,19.950000762939453,19.25,19.950000762939453,21301,0.0,0.0
2022-09-28 09:00:00+08:00,19.100000381469727,19.100000381469727,19.100000381469727,19.100000381469727,0,0.0,0.0
2022-09-28 10:00:00+08:00,19.149999618530273,19.600000381469727,19.100000381469727,19.100000381469727,6000,0.0,0.0
2022-09-28 11:00:00+08:00,19.100000381469727,19.5,19.0,19.5,15340,0.0,0.0
2022-09-28 12:00:00+08:00,19.0,19.350000381469727,19.0,19.350000381469727,2014,0.0,0.0
2022-09-28 13:00:00+08:00,19.0,19.350000381469727,19.0,19.350000381469727,3100,0.0,0.0
2022-09-29 09:00:00+08:00,19.049999237060547,19.299999237060547,19.049999237060547,19.25,0,0.0,0.0
2022-09-29 10:00:00+08:00,19.0,19.200000762939453,19.0,19.200000762939453,2020,0.0,0.0
2022-09-29 13:00:00+08:00,19.149999618530273,19.700000762939453,19.149999618530273,19.700000762939453,27078,0.0,0.0
2022-09-30 10:00:00+08:00,19.549999237060547,19.549999237060547,19.549999237060547,19.549999237060547,0,0.0,0.0
2022-09-30 11:00:00+08:00,19.5,19.549999237060547,19.450000762939453,19.549999237060547,5324,0.0,0.0
2022-09-30 12:00:00+08:00,19.5,19.549999237060547,19.5,19.549999237060547,3015,0.0,0.0
2022-09-30 13:00:00+08:00,19.549999237060547,20.450000762939453,19.549999237060547,20.450000762939453,55753,0.0,0.0
2022-10-03 09:00:00+08:00,20.25,20.649999618530273,19.5,19.5,51410,0.0,0.0
2022-10-03 10:00:00+08:00,19.5,20.100000381469727,19.5,20.100000381469727,26713,0.0,0.0
2022-10-03 11:00:00+08:00,20.149999618530273,20.350000381469727,19.5,19.950000762939453,97613,0.0,0.0
2022-10-03 12:00:00+08:00,19.5,20.049999237060547,19.5,19.5,47160,0.0,0.0
2022-10-03 13:00:00+08:00,19.5,19.799999237060547,19.5,19.799999237060547,9280,0.0,0.0
2022-10-04 09:00:00+08:00,19.799999237060547,19.799999237060547,19.200000762939453,19.549999237060547,0,0.0,0.0
2022-10-04 11:00:00+08:00,19.25,19.549999237060547,19.25,19.549999237060547,4290,0.0,0.0
2022-10-04 12:00:00+08:00,19.549999237060547,19.649999618530273,19.299999237060547,19.600000381469727,17750,0.0,0.0
2022-10-04 13:00:00+08:00,19.350000381469727,19.799999237060547,19.350000381469727,19.799999237060547,11939,0.0,0.0
2022-10-05 09:00:00+08:00,19.5,19.649999618530273,19.350000381469727,19.649999618530273,0,0.0,0.0
2022-10-05 10:00:00+08:00,19.299999237060547,19.549999237060547,19.299999237060547,19.549999237060547,11993,0.0,0.0
2022-10-05 12:00:00+08:00,19.350000381469727,19.5,19.299999237060547,19.5,4619,0.0,0.0
2022-10-05 13:00:00+08:00,19.549999237060547,19.549999237060547,19.549999237060547,19.549999237060547,2100,0.0,0.0
2022-10-06 09:00:00+08:00,19.450000762939453,19.450000762939453,19.350000381469727,19.350000381469727,0,0.0,0.0
2022-10-06 10:00:00+08:00,19.299999237060547,19.299999237060547,19.299999237060547,19.299999237060547,6908,0.0,0.0
2022-10-06 11:00:00+08:00,19.5,19.600000381469727,19.5,19.600000381469727,8358,0.0,0.0
2022-10-06 12:00:00+08:00,19.600000381469727,19.75,19.549999237060547,19.600000381469727,7472,0.0,0.0
2022-10-06 13:00:00+08:00,19.350000381469727,19.549999237060547,19.299999237060547,19.549999237060547,5010,0.0,0.0
2022-10-07 10:00:00+08:00,19.399999618530273,19.549999237060547,19.350000381469727,19.549999237060547,7450,0.0,0.0
2022-10-07 11:00:00+08:00,19.549999237060547,19.600000381469727,19.549999237060547,19.600000381469727,3090,0.0,0.0
2022-10-12 09:00:00+08:00,18.850000381469727,19.5,18.850000381469727,19.5,0,0.0,0.0
2022-10-13 09:00:00+08:00,19.0,19.399999618530273,19.0,19.399999618530273,1087,0.0,0.0
2022-10-13 10:00:00+08:00,19.0,19.0,18.950000762939453,18.950000762939453,2063,0.0,0.0
2022-10-13 11:00:00+08:00,19.100000381469727,19.25,19.049999237060547,19.100000381469727,6048,0.0,0.0
2022-10-13 12:00:00+08:00,19.0,19.399999618530273,19.0,19.399999618530273,6880,0.0,0.0
2022-10-13 13:00:00+08:00,18.899999618530273,19.299999237060547,18.899999618530273,19.299999237060547,4480,0.0,0.0
2022-10-14 10:00:00+08:00,18.950000762939453,19.450000762939453,18.950000762939453,19.25,13000,0.0,0.0
2022-10-14 11:00:00+08:00,19.200000762939453,19.299999237060547,18.950000762939453,19.299999237060547,12524,0.0,0.0
2022-10-14 12:00:00+08:00,18.950000762939453,19.299999237060547,18.950000762939453,19.25,6395,0.0,0.0
2022-10-14 13:00:00+08:00,19.0,19.799999237060547,18.850000381469727,19.799999237060547,20140,0.0,0.0
2022-10-17 09:00:00+08:00,19.75,19.75,19.0,19.25,0,0.0,0.0
2022-10-17 10:00:00+08:00,18.850000381469727,18.950000762939453,18.799999237060547,18.950000762939453,14791,0.0,0.0
2022-10-17 11:00:00+08:00,18.950000762939453,18.950000762939453,18.950000762939453,18.950000762939453,2275,0.0,0.0
2022-10-17 12:00:00+08:00,18.950000762939453,19.399999618530273,18.950000762939453,19.049999237060547,6795,0.0,0.0
2022-10-17 13:00:00+08:00,19.399999618530273,19.399999618530273,18.850000381469727,18.850000381469727,5000,0.0,0.0
2022-10-18 09:00:00+08:00,18.799999237060547,19.149999618530273,18.549999237060547,18.75,5220,0.0,0.0
2022-10-18 11:00:00+08:00,18.549999237060547,18.549999237060547,18.350000381469727,18.350000381469727,8291,0.0,0.0
2022-10-18 12:00:00+08:00,18.75,18.850000381469727,18.75,18.850000381469727,4170,0.0,0.0
2022-10-19 09:00:00+08:00,18.850000381469727,18.850000381469727,18.649999618530273,18.799999237060547,0,0.0,0.0
2022-10-19 11:00:00+08:00,18.649999618530273,18.799999237060547,18.649999618530273,18.799999237060547,4068,0.0,0.0
2022-10-20 09:00:00+08:00,18.25,18.25,18.25,18.25,0,0.0,0.0
2022-10-20 10:00:00+08:00,18.25,18.25,18.25,18.25,2043,0.0,0.0
2022-10-20 11:00:00+08:00,18.350000381469727,18.600000381469727,18.25,18.549999237060547,8300,0.0,0.0
2022-10-20 12:00:00+08:00,18.549999237060547,18.700000762939453,18.549999237060547,18.700000762939453,2000,0.0,0.0
2022-10-20 13:00:00+08:00,18.200000762939453,18.700000762939453,18.200000762939453,18.700000762939453,3000,0.0,0.0
2022-10-21 09:00:00+08:00,18.600000381469727,18.600000381469727,18.600000381469727,18.600000381469727,0,0.0,0.0
2022-10-21 10:00:00+08:00,18.25,18.549999237060547,18.25,18.549999237060547,2717,0.0,0.0
2022-10-21 13:00:00+08:00,18.25,18.75,18.25,18.75,9000,0.0,0.0
2022-10-24 09:00:00+08:00,18.850000381469727,18.850000381469727,18.850000381469727,18.850000381469727,0,0.0,0.0
2022-10-25 09:00:00+08:00,19.200000762939453,19.200000762939453,18.350000381469727,19.049999237060547,1299,0.0,0.0
2022-10-25 10:00:00+08:00,18.25,18.700000762939453,18.25,18.700000762939453,3000,0.0,0.0
2022-10-25 13:00:00+08:00,18.649999618530273,18.799999237060547,18.200000762939453,18.799999237060547,5692,0.0,0.0
2022-10-26 11:00:00+08:00,18.799999237060547,19.399999618530273,18.75,19.399999618530273,32585,0.0,0.0
2022-10-26 13:00:00+08:00,18.75,19.25,18.700000762939453,19.25,21270,0.0,0.0
2022-10-27 12:00:00+08:00,18.649999618530273,19.350000381469727,18.600000381469727,19.350000381469727,76074,0.0,0.0
2022-10-27 13:00:00+08:00,18.899999618530273,18.950000762939453,18.600000381469727,18.950000762939453,30000,0.0,0.0
2022-10-28 10:00:00+08:00,18.899999618530273,18.899999618530273,18.549999237060547,18.549999237060547,3000,0.0,0.0
2022-10-28 11:00:00+08:00,18.549999237060547,18.75,18.549999237060547,18.75,6070,0.0,0.0
2022-10-28 12:00:00+08:00,18.75,18.75,18.75,18.75,1165,0.0,0.0
2022-10-31 13:00:00+08:00,18.549999237060547,18.649999618530273,18.549999237060547,18.649999618530273,0,0.0,0.0
2022-11-02 12:00:00+08:00,18.549999237060547,18.700000762939453,18.450000762939453,18.649999618530273,5001,0.0,0.0
2022-11-02 13:00:00+08:00,18.700000762939453,18.950000762939453,18.700000762939453,18.950000762939453,6025,0.0,0.0
2022-11-03 13:00:00+08:00,18.700000762939453,18.850000381469727,18.700000762939453,18.850000381469727,1000,0.0,0.0
2022-11-04 12:00:00+08:00,18.5,18.75,18.399999618530273,18.75,5000,0.0,0.0
2022-11-07 13:00:00+08:00,18.75,18.950000762939453,18.75,18.950000762939453,2251,0.0,0.0
2022-11-08 13:00:00+08:00,18.75,18.75,18.75,18.75,0,0.0,0.0
2022-11-09 10:00:00+08:00,18.299999237060547,18.850000381469727,18.299999237060547,18.850000381469727,3711,0.0,0.0
2022-11-09 12:00:00+08:00,18.5,18.5,18.399999618530273,18.399999618530273,2120,0.0,0.0
2022-11-09 13:00:00+08:00,18.399999618530273,18.850000381469727,18.399999618530273,18.850000381469727,4040,0.0,0.0
2022-11-10 09:00:00+08:00,18.299999237060547,18.799999237060547,18.299999237060547,18.799999237060547,0,0.0,0.0
2022-11-10 12:00:00+08:00,18.600000381469727,18.600000381469727,18.600000381469727,18.600000381469727,1030,0.0,0.0
2022-11-10 13:00:00+08:00,18.649999618530273,18.799999237060547,18.649999618530273,18.799999237060547,4000,0.0,0.0
2022-11-11 09:00:00+08:00,18.75,18.75,18.75,18.75,0,0.0,0.0
2022-11-15 09:00:00+08:00,18.5,18.700000762939453,18.450000762939453,18.700000762939453,3430,0.0,0.0
2022-11-16 11:00:00+08:00,18.5,18.5,18.5,18.5,0,0.0,0.0
2022-11-16 12:00:00+08:00,18.5,18.5,18.5,18.5,3060,0.0,0.0
2022-11-16 13:00:00+08:00,18.450000762939453,18.950000762939453,18.450000762939453,18.950000762939453,6180,0.0,0.0
2022-11-18 13:00:00+08:00,18.700000762939453,18.950000762939453,18.700000762939453,18.950000762939453,0,0.0,0.0
2022-11-21 09:00:00+08:00,18.5,19.0,18.5,19.0,120750,0.0,0.0
2022-11-21 12:00:00+08:00,18.649999618530273,18.75,18.5,18.75,14000,0.0,0.0
2022-11-21 13:00:00+08:00,18.399999618530273,18.75,18.399999618530273,18.75,4000,0.0,0.0
2022-11-22 12:00:00+08:00,18.649999618530273,18.649999618530273,18.649999618530273,18.649999618530273,0,0.0,0.0
2022-11-22 13:00:00+08:00,18.700000762939453,19.100000381469727,18.700000762939453,19.100000381469727,15000,0.0,0.0
2022-11-23 10:00:00+08:00,18.600000381469727,18.600000381469727,18.600000381469727,18.600000381469727,0,0.0,0.0
2022-11-23 11:00:00+08:00,18.899999618530273,18.899999618530273,18.899999618530273,18.899999618530273,1115,0.0,0.0
2022-11-23 12:00:00+08:00,18.799999237060547,18.899999618530273,18.799999237060547,18.899999618530273,2700,0.0,0.0
2022-11-23 13:00:00+08:00,18.799999237060547,18.799999237060547,18.799999237060547,18.799999237060547,2086,0.0,0.0
2022-11-24 10:00:00+08:00,18.600000381469727,18.649999618530273,18.5,18.649999618530273,5002,0.0,0.0
2022-11-24 12:00:00+08:00,18.700000762939453,18.75,18.700000762939453,18.75,5050,0.0,0.0
2022-11-25 10:00:00+08:00,18.549999237060547,18.549999237060547,18.549999237060547,18.549999237060547,0,0.0,0.0
2022-11-28 10:00:00+08:00,18.549999237060547,18.549999237060547,18.549999237060547,18.549999237060547,2163,0.0,0.0
2022-11-28 12:00:00+08:00,18.549999237060547,18.549999237060547,18.549999237060547,18.549999237060547,1999,0.0,0.0
2022-11-28 13:00:00+08:00,18.549999237060547,18.549999237060547,18.549999237060547,18.549999237060547,1728,0.0,0.0
2022-11-29 09:00:00+08:00,18.299999237060547,18.299999237060547,18.299999237060547,18.299999237060547,322,0.0,0.0
2022-11-29 10:00:00+08:00,18.299999237060547,18.299999237060547,18.299999237060547,18.299999237060547,2000,0.0,0.0
2022-11-29 11:00:00+08:00,18.450000762939453,18.5,18.450000762939453,18.5,2580,0.0,0.0
2022-11-29 12:00:00+08:00,18.350000381469727,18.350000381469727,18.299999237060547,18.299999237060547,2100,0.0,0.0
2022-11-29 13:00:00+08:00,18.5,18.649999618530273,18.5,18.649999618530273,0,0.0,0.0
2022-12-01 09:00:00+08:00,18.399999618530273,18.399999618530273,18.399999618530273,18.399999618530273,876,0.0,0.0
2022-12-01 11:00:00+08:00,18.450000762939453,18.549999237060547,18.399999618530273,18.549999237060547,3000,0.0,0.0
2022-12-01 12:00:00+08:00,18.549999237060547,18.549999237060547,18.549999237060547,18.549999237060547,1316,0.0,0.0
2022-12-01 13:00:00+08:00,18.549999237060547,18.850000381469727,18.549999237060547,18.850000381469727,6000,0.0,0.0
2022-12-02 09:00:00+08:00,18.75,18.75,18.5,18.5,571,0.0,0.0
2022-12-02 10:00:00+08:00,18.549999237060547,18.600000381469727,18.549999237060547,18.600000381469727,3000,0.0,0.0
2022-12-02 11:00:00+08:00,18.600000381469727,18.600000381469727,18.5,18.5,12170,0.0,0.0
2022-12-02 12:00:00+08:00,18.5,18.600000381469727,18.5,18.600000381469727,4280,0.0,0.0
2022-12-02 13:00:00+08:00,18.5,18.950000762939453,18.5,18.950000762939453,9370,0.0,0.0
2022-12-05 09:00:00+08:00,18.5,18.5,18.5,18.5,0,0.0,0.0
2022-12-05 10:00:00+08:00,18.549999237060547,18.700000762939453,18.5,18.700000762939453,7789,0.0,0.0
2022-12-05 11:00:00+08:00,18.549999237060547,18.549999237060547,18.5,18.5,3484,0.0,0.0
2022-12-05 13:00:00+08:00,18.5,18.75,18.5,18.75,5000,0.0,0.0
2022-12-06 09:00:00+08:00,18.649999618530273,18.649999618530273,18.649999618530273,18.649999618530273,0,0.0,0.0
2022-12-06 11:00:00+08:00,18.5,18.649999618530273,18.5,18.649999618530273,3965,0.0,0.0
2022-12-07 13:00:00+08:00,18.549999237060547,18.549999237060547,18.549999237060547,18.549999237060547,0,0.0,0.0
2022-12-08 13:00:00+08:00,18.549999237060547,18.549999237060547,18.549999237060547,18.549999237060547,0,0.0,0.0
2022-12-09 12:00:00+08:00,18.600000381469727,18.600000381469727,18.600000381469727,18.600000381469727,2000,0.0,0.0
2022-12-13 09:00:00+08:00,18.450000762939453,18.450000762939453,18.450000762939453,18.450000762939453,0,0.0,0.0
2022-12-13 10:00:00+08:00,18.350000381469727,18.5,18.350000381469727,18.5,2000,0.0,0.0
2022-12-13 11:00:00+08:00,18.350000381469727,18.5,18.350000381469727,18.5,3110,0.0,0.0
2022-12-13 12:00:00+08:00,18.350000381469727,18.350000381469727,18.299999237060547,18.299999237060547,5673,0.0,0.0
2022-12-13 13:00:00+08:00,18.25,18.450000762939453,18.25,18.450000762939453,3012,0.0,0.0
2022-12-14 09:00:00+08:00,18.450000762939453,18.450000762939453,18.25,18.25,0,0.0,0.0
2022-12-14 11:00:00+08:00,18.200000762939453,18.25,18.049999237060547,18.25,17030,0.0,0.0
2022-12-14 12:00:00+08:00,18.25,18.299999237060547,18.25,18.299999237060547,0,0.0,0.0
2022-12-14 13:00:00+08:00,18.299999237060547,18.700000762939453,18.299999237060547,18.600000381469727,41062,0.0,0.0
2022-12-15 11:00:00+08:00,18.350000381469727,18.350000381469727,18.350000381469727,18.350000381469727,2500,0.0,0.0
2022-12-15 13:00:00+08:00,18.5,18.850000381469727,18.5,18.850000381469727,13286,0.0,0.0
2022-12-16 12:00:00+08:00,18.5,18.5,18.5,18.5,0,0.0,0.0
2022-12-16 13:00:00+08:00,18.5,19.049999237060547,18.5,19.049999237060547,9001,0.0,0.0
2022-12-19 09:00:00+08:00,18.950000762939453,18.950000762939453,18.950000762939453,18.950000762939453,0,0.0,0.0
2022-12-19 12:00:00+08:00,18.899999618530273,18.950000762939453,18.899999618530273,18.950000762939453,5025,0.0,0.0
2022-12-19 13:00:00+08:00,18.649999618530273,18.649999618530273,18.649999618530273,18.649999618530273,1142,0.0,0.0
2022-12-20 11:00:00+08:00,18.649999618530273,19.049999237060547,18.649999618530273,19.049999237060547,2140,0.0,0.0
2022-12-20 12:00:00+08:00,19.0,19.049999237060547,18.600000381469727,18.75,9020,0.0,0.0
2022-12-21 09:00:00+08:00,18.950000762939453,18.950000762939453,18.950000762939453,18.950000762939453,0,0.0,0.0
2022-12-21 12:00:00+08:00,18.649999618530273,18.649999618530273,18.600000381469727,18.600000381469727,2000,0.0,0.0
2022-12-21 13:00:00+08:00,18.600000381469727,18.600000381469727,18.600000381469727,18.600000381469727,2050,0.0,0.0
2022-12-22 09:00:00+08:00,18.649999618530273,18.649999618530273,18.600000381469727,18.600000381469727,0,0.0,0.0
2022-12-22 11:00:00+08:00,18.799999237060547,18.799999237060547,18.799999237060547,18.799999237060547,1101,0.0,0.0
2022-12-22 12:00:00+08:00,18.799999237060547,19.0,18.799999237060547,19.0,7955,0.0,0.0
2022-12-23 09:00:00+08:00,18.75,18.75,18.75,18.75,0,0.0,0.0
2022-12-23 13:00:00+08:00,18.75,19.200000762939453,18.75,19.200000762939453,18122,0.0,0.0
2022-12-26 13:00:00+08:00,19.100000381469727,19.200000762939453,19.100000381469727,19.200000762939453,2999,0.0,0.0
2022-12-27 09:00:00+08:00,18.799999237060547,18.799999237060547,18.799999237060547,18.799999237060547,0,0.0,0.0
2022-12-27 10:00:00+08:00,18.799999237060547,18.799999237060547,18.799999237060547,18.799999237060547,1002,0.0,0.0
2022-12-27 11:00:00+08:00,18.799999237060547,19.0,18.75,19.0,6000,0.0,0.0
2022-12-27 12:00:00+08:00,18.850000381469727,18.850000381469727,18.850000381469727,18.850000381469727,1000,0.0,0.0
2022-12-27 13:00:00+08:00,19.0,19.200000762939453,19.0,19.200000762939453,0,0.0,0.0
2022-12-28 09:00:00+08:00,18.850000381469727,18.850000381469727,18.850000381469727,18.850000381469727,1108,0.0,0.0
2022-12-28 11:00:00+08:00,18.899999618530273,19.100000381469727,18.899999618530273,19.100000381469727,3040,0.0,0.0
2022-12-28 12:00:00+08:00,19.0,19.350000381469727,19.0,19.25,128235,0.0,0.0
2022-12-29 09:00:00+08:00,19.25,19.299999237060547,19.25,19.299999237060547,0,0.0,0.0
2022-12-29 10:00:00+08:00,19.100000381469727,19.299999237060547,19.049999237060547,19.299999237060547,9850,0.0,0.0
2022-12-29 11:00:00+08:00,19.25,19.25,19.200000762939453,19.25,4185,0.0,0.0
2022-12-29 12:00:00+08:00,19.200000762939453,19.25,19.049999237060547,19.25,7160,0.0,0.0
2022-12-30 09:00:00+08:00,19.350000381469727,19.899999618530273,19.350000381469727,19.399999618530273,0,0.0,0.0
2022-12-30 10:00:00+08:00,19.399999618530273,19.5,19.399999618530273,19.5,7000,0.0,0.0
2022-12-30 11:00:00+08:00,19.350000381469727,19.350000381469727,19.299999237060547,19.299999237060547,10000,0.0,0.0
2022-12-30 12:00:00+08:00,19.399999618530273,21.149999618530273,19.399999618530273,21.149999618530273,183486,0.0,0.0
2022-12-30 13:00:00+08:00,21.149999618530273,21.149999618530273,20.0,20.899999618530273,29232,0.0,0.0
2023-01-03 09:00:00+08:00,20.200000762939453,20.850000381469727,19.100000381469727,19.100000381469727,0,0.0,0.0
2023-01-03 10:00:00+08:00,19.100000381469727,19.100000381469727,18.850000381469727,19.100000381469727,59782,0.0,0.0
2023-01-03 11:00:00+08:00,18.850000381469727,18.850000381469727,18.850000381469727,18.850000381469727,19215,0.0,0.0
2023-01-03 12:00:00+08:00,18.850000381469727,18.850000381469727,18.850000381469727,18.850000381469727,5115,0.0,0.0
2023-01-03 13:00:00+08:00,18.850000381469727,19.299999237060547,18.850000381469727,19.299999237060547,3056,0.0,0.0
2023-01-04 09:00:00+08:00,18.75,18.75,18.049999237060547,18.350000381469727,0,0.0,0.0
2023-01-04 10:00:00+08:00,18.049999237060547,18.049999237060547,18.049999237060547,18.049999237060547,2135,0.0,0.0
2023-01-04 11:00:00+08:00,18.149999618530273,18.149999618530273,18.149999618530273,18.149999618530273,9371,0.0,0.0
2023-01-04 12:00:00+08:00,18.100000381469727,18.399999618530273,18.100000381469727,18.399999618530273,7736,0.0,0.0
2023-01-04 13:00:00+08:00,18.200000762939453,18.600000381469727,18.0,18.600000381469727,23160,0.0,0.0
2023-01-05 09:00:00+08:00,18.350000381469727,18.350000381469727,18.299999237060547,18.299999237060547,0,0.0,0.0
2023-01-05 12:00:00+08:00,18.350000381469727,18.399999618530273,18.350000381469727,18.399999618530273,16349,0.0,0.0
2023-01-05 13:00:00+08:00,18.5,18.5,18.5,18.5,1000,0.0,0.0
2023-01-06 10:00:00+08:00,18.5,18.649999618530273,18.5,18.600000381469727,1100,0.0,0.0
2023-01-06 11:00:00+08:00,18.700000762939453,18.950000762939453,18.700000762939453,18.950000762939453,6100,0.0,0.0
2023-01-06 12:00:00+08:00,18.899999618530273,18.899999618530273,18.899999618530273,18.899999618530273,3130,0.0,0.0
2023-01-06 13:00:00+08:00,18.850000381469727,18.850000381469727,18.850000381469727,18.850000381469727,2000,0.0,0.0
2023-01-09 09:00:00+08:00,18.799999237060547,18.799999237060547,18.799999237060547,18.799999237060547,0,0.0,0.0
2023-01-09 10:00:00+08:00,18.850000381469727,18.850000381469727,18.850000381469727,18.850000381469727,5001,0.0,0.0
2023-01-09 11:00:00+08:00,18.799999237060547,18.850000381469727,18.799999237060547,18.850000381469727,5000,0.0,0.0
2023-01-09 12:00:00+08:00,18.899999618530273,19.0,18.899999618530273,19.0,6000,0.0,0.0
2023-01-09 13:00:00+08:00,19.0,19.049999237060547,19.0,19.0,16397,0.0,0.0
2023-01-10 09:00:00+08:00,19.0,19.100000381469727,19.0,19.100000381469727,0,0.0,0.0
2023-01-10 11:00:00+08:00,19.100000381469727,19.100000381469727,19.100000381469727,19.100000381469727,2492,0.0,0.0
2023-01-10 12:00:00+08:00,19.100000381469727,19.75,19.100000381469727,19.75,22691,0.0,0.0
2023-01-11 10:00:00+08:00,19.600000381469727,19.649999618530273,19.600000381469727,19.600000381469727,8000,0.0,0.0
2023-01-11 11:00:00+08:00,19.600000381469727,19.600000381469727,19.5,19.5,8000,0.0,0.0
2023-01-11 12:00:00+08:00,19.649999618530273,19.649999618530273,19.649999618530273,19.649999618530273,1003,0.0,0.0
2023-01-11 13:00:00+08:00,19.399999618530273,20.450000762939453,19.399999618530273,20.450000762939453,140668,0.0,0.0
2023-01-12 09:00:00+08:00,20.049999237060547,20.049999237060547,20.049999237060547,20.049999237060547,0,0.0,0.0
2023-01-12 13:00:00+08:00,19.899999618530273,20.649999618530273,19.899999618530273,20.649999618530273,133649,0.0,0.0
2023-01-13 09:00:00+08:00,20.700000762939453,21.700000762939453,20.549999237060547,21.25,0,0.0,0.0
2023-01-13 10:00:00+08:00,21.100000381469727,21.100000381469727,20.549999237060547,21.0,5403,0.0,0.0
2023-01-13 11:00:00+08:00,20.850000381469727,21.0,20.799999237060547,21.0,11236,0.0,0.0
2023-01-13 12:00:00+08:00,20.600000381469727,21.0,20.5,20.799999237060547,28307,0.0,0.0
2023-01-13 13:00:00+08:00,20.75,20.950000762939453,20.75,20.950000762939453,11482,0.0,0.0
2023-01-16 09:00:00+08:00,20.899999618530273,21.25,20.350000381469727,20.899999618530273,0,0.0,0.0
2023-01-16 10:00:00+08:00,20.399999618530273,21.0,20.399999618530273,21.0,121298,0.0,0.0
2023-01-16 11:00:00+08:00,20.450000762939453,20.899999618530273,20.299999237060547,20.899999618530273,9000,0.0,0.0
2023-01-16 12:00:00+08:00,20.299999237060547,20.75,20.299999237060547,20.75,6333,0.0,0.0
2023-01-16 13:00:00+08:00,20.75,20.899999618530273,20.75,20.899999618530273,3100,0.0,0.0
2023-01-17 09:00:00+08:00,20.899999618530273,21.450000762939453,20.899999618530273,21.450000762939453,0,0.0,0.0
2023-01-17 10:00:00+08:00,21.25,21.25,21.149999618530273,21.149999618530273,3993,0.0,0.0
2023-01-17 11:00:00+08:00,20.799999237060547,20.950000762939453,20.799999237060547,20.950000762939453,4407,0.0,0.0
2023-01-30 09:00:00+08:00,20.950000762939453,21.799999237060547,20.5,21.149999618530273,0,0.0,0.0
2023-01-30 10:00:00+08:00,21.0,21.0,21.0,21.0,1129,0.0,0.0
2023-01-30 12:00:00+08:00,20.899999618530273,20.950000762939453,20.899999618530273,20.950000762939453,2000,0.0,0.0
2023-01-31 11:00:00+08:00,20.950000762939453,21.149999618530273,20.950000762939453,21.049999237060547,1137,0.0,0.0
2023-01-31 12:00:00+08:00,20.600000381469727,20.899999618530273,20.600000381469727,20.899999618530273,2199,0.0,0.0
2023-01-31 13:00:00+08:00,20.899999618530273,20.950000762939453,20.899999618530273,20.950000762939453,2419,0.0,0.0
2023-02-01 09:00:00+08:00,20.950000762939453,21.5,20.5,21.200000762939453,19307,0.0,0.0
2023-02-01 11:00:00+08:00,20.700000762939453,20.700000762939453,20.649999618530273,20.649999618530273,4388,0.0,0.0
2023-02-01 12:00:00+08:00,20.600000381469727,20.950000762939453,20.600000381469727,20.950000762939453,3085,0.0,0.0
2023-02-01 13:00:00+08:00,20.950000762939453,21.0,20.950000762939453,21.0,2030,0.0,0.0
2023-02-02 09:00:00+08:00,20.899999618530273,20.899999618530273,20.899999618530273,20.899999618530273,0,0.0,0.0
2023-02-02 10:00:00+08:00,20.850000381469727,20.850000381469727,20.850000381469727,20.850000381469727,1006,0.0,0.0
2023-02-02 12:00:00+08:00,20.700000762939453,20.700000762939453,20.700000762939453,20.700000762939453,1174,0.0,0.0
2023-02-02 13:00:00+08:00,20.799999237060547,20.799999237060547,20.799999237060547,20.799999237060547,1119,0.0,0.0
2023-02-03 09:00:00+08:00,20.950000762939453,20.950000762939453,20.950000762939453,20.950000762939453,0,0.0,0.0
2023-02-03 11:00:00+08:00,20.5,20.799999237060547,20.5,20.799999237060547,2002,0.0,0.0
2023-02-03 12:00:00+08:00,20.5,20.75,20.5,20.75,2868,0.0,0.0
2023-02-06 09:00:00+08:00,20.5,20.700000762939453,20.399999618530273,20.649999618530273,3080,0.0,0.0
2023-02-06 10:00:00+08:00,20.649999618530273,20.700000762939453,20.649999618530273,20.700000762939453,5190,0.0,0.0
2023-02-06 11:00:00+08:00,20.549999237060547,20.649999618530273,20.5,20.649999618530273,3023,0.0,0.0
2023-02-06 12:00:00+08:00,20.600000381469727,20.700000762939453,20.399999618530273,20.649999618530273,8000,0.0,0.0
2023-02-06 13:00:00+08:00,20.399999618530273,20.600000381469727,20.299999237060547,20.600000381469727,9001,0.0,0.0
2023-02-07 09:00:00+08:00,20.600000381469727,20.600000381469727,20.5,20.5,0,0.0,0.0
2023-02-07 11:00:00+08:00,20.450000762939453,20.450000762939453,20.450000762939453,20.450000762939453,1000,0.0,0.0
2023-02-07 12:00:00+08:00,20.5,20.700000762939453,20.5,20.700000762939453,22792,0.0,0.0
2023-02-07 13:00:00+08:00,20.5,20.600000381469727,20.450000762939453,20.600000381469727,5233,0.0,0.0
2023-02-08 09:00:00+08:00,20.700000762939453,20.950000762939453,20.700000762939453,20.950000762939453,0,0.0,0.0
2023-02-09 09:00:00+08:00,20.950000762939453,20.950000762939453,20.950000762939453,20.950000762939453,0,0.0,0.0
2023-02-09 13:00:00+08:00,20.5,20.5,20.299999237060547,20.299999237060547,7000,0.0,0.0
2023-02-10 09:00:00+08:00,20.5,20.5,20.5,20.5,0,0.0,0.0
2023-02-10 11:00:00+08:00,20.649999618530273,20.799999237060547,20.649999618530273,20.799999237060547,5050,0.0,0.0
2023-02-10 12:00:00+08:00,20.5,20.75,20.5,20.75,4000,0.0,0.0
2023-02-10 13:00:00+08:00,20.5,20.649999618530273,20.5,20.649999618530273,2050,0.0,0.0
2023-02-13 10:00:00+08:00,20.5,20.600000381469727,20.5,20.600000381469727,5000,0.0,0.0
2023-02-14 09:00:00+08:00,20.700000762939453,21.25,20.600000381469727,20.950000762939453,2900,0.0,0.0
2023-02-14 13:00:00+08:00,20.600000381469727,20.75,20.450000762939453,20.75,7445,0.0,0.0
2023-02-15 09:00:00+08:00,20.399999618530273,20.649999618530273,20.350000381469727,20.649999618530273,0,0.0,0.0
2023-02-16 11:00:00+08:00,20.450000762939453,20.600000381469727,20.450000762939453,20.600000381469727,1294,0.0,0.0
2023-02-17 09:00:00+08:00,20.299999237060547,20.899999618530273,20.299999237060547,20.899999618530273,0,0.0,0.0
2023-02-17 10:00:00+08:00,20.399999618530273,20.600000381469727,20.399999618530273,20.600000381469727,22482,0.0,0.0
2023-02-17 12:00:00+08:00,20.299999237060547,20.5,20.200000762939453,20.5,5000,0.0,0.0
2023-02-17 13:00:00+08:00,20.5,20.549999237060547,20.5,20.549999237060547,4000,0.0,0.0
2023-02-20 13:00:00+08:00,20.5,20.700000762939453,20.5,20.700000762939453,2461,0.0,0.0
2023-02-21 13:00:00+08:00,20.299999237060547,20.299999237060547,20.200000762939453,20.200000762939453,8572,0.0,0.0
2023-02-22 09:00:00+08:00,20.350000381469727,20.899999618530273,20.350000381469727,20.899999618530273,0,0.0,0.0
2023-02-22 10:00:00+08:00,20.600000381469727,20.600000381469727,20.600000381469727,20.600000381469727,3223,0.0,0.0
2023-02-22 12:00:00+08:00,20.399999618530273,20.75,20.399999618530273,20.75,4350,0.0,0.0
2023-02-22 13:00:00+08:00,20.700000762939453,20.700000762939453,20.450000762939453,20.700000762939453,9000,0.0,0.0
2023-02-23 09:00:00+08:00,21.100000381469727,21.100000381469727,21.100000381469727,21.100000381469727,0,0.0,0.0
2023-02-23 11:00:00+08:00,20.549999237060547,20.899999618530273,20.549999237060547,20.549999237060547,5498,0.0,0.0
2023-02-23 12:00:00+08:00,20.850000381469727,20.850000381469727,20.799999237060547,20.799999237060547,5000,0.0,0.0
2023-02-23 13:00:00+08:00,20.899999618530273,21.950000762939453,20.899999618530273,21.350000381469727,102017,0.0,0.0
2023-02-24 09:00:00+08:00,21.700000762939453,22.450000762939453,21.549999237060547,21.75,0,0.0,0.0
2023-02-24 10:00:00+08:00,21.75,21.75,21.75,21.75,1600,0.0,0.0
2023-02-24 11:00:00+08:00,21.399999618530273,21.700000762939453,21.399999618530273,21.700000762939453,4483,0.0,0.0
2023-03-01 09:00:00+08:00,21.700000762939453,21.850000381469727,21.700000762939453,21.850000381469727,0,0.0,0.0
2023-03-01 10:00:00+08:00,21.75,21.75,21.75,21.75,2465,0.0,0.0
2023-03-02 09:00:00+08:00,21.850000381469727,21.950000762939453,21.350000381469727,21.700000762939453,0,0.0,0.0
2023-03-02 10:00:00+08:00,21.350000381469727,21.700000762939453,21.350000381469727,21.700000762939453,2000,0.0,0.0
2023-03-02 11:00:00+08:00,21.350000381469727,21.350000381469727,21.350000381469727,21.350000381469727,2000,0.0,0.0
2023-03-02 12:00:00+08:00,21.350000381469727,21.450000762939453,21.350000381469727,21.450000762939453,2119,0.0,0.0
2023-03-02 13:00:00+08:00,21.299999237060547,21.399999618530273,21.299999237060547,21.299999237060547,4000,0.0,0.0
2023-03-03 09:00:00+08:00,21.350000381469727,21.350000381469727,21.350000381469727,21.350000381469727,0,0.0,0.0
2023-03-03 10:00:00+08:00,21.100000381469727,21.299999237060547,21.100000381469727,21.299999237060547,2175,0.0,0.0
2023-03-03 11:00:00+08:00,21.25,21.299999237060547,21.25,21.299999237060547,11095,0.0,0.0
2023-03-03 13:00:00+08:00,21.100000381469727,21.25,21.100000381469727,21.25,4017,0.0,0.0
2023-03-06 09:00:00+08:00,21.299999237060547,21.950000762939453,21.299999237060547,21.75,0,0.0,0.0
2023-03-07 11:00:00+08:00,21.299999237060547,21.299999237060547,21.299999237060547,21.299999237060547,2285,0.0,0.0
2023-03-07 12:00:00+08:00,21.299999237060547,21.5,21.299999237060547,21.5,7340,0.0,0.0
2023-03-07 13:00:00+08:00,21.600000381469727,23.0,21.600000381469727,23.0,67409,0.0,0.0
2023-03-08 09:00:00+08:00,22.700000762939453,23.450000762939453,22.700000762939453,23.299999237060547,0,0.0,0.0
2023-03-08 10:00:00+08:00,23.0,23.049999237060547,22.450000762939453,23.049999237060547,10670,0.0,0.0
2023-03-08 12:00:00+08:00,22.799999237060547,22.850000381469727,22.799999237060547,22.850000381469727,2418,0.0,0.0
2023-03-08 13:00:00+08:00,22.799999237060547,23.0,22.799999237060547,23.0,4273,0.0,0.0
2023-03-09 09:00:00+08:00,22.950000762939453,23.450000762939453,22.950000762939453,23.450000762939453,0,0.0,0.0
2023-03-09 10:00:00+08:00,23.0,23.350000381469727,23.0,23.350000381469727,14397,0.0,0.0
2023-03-09 11:00:00+08:00,23.149999618530273,23.350000381469727,22.600000381469727,23.200000762939453,28973,0.0,0.0
2023-03-09 12:00:00+08:00,22.799999237060547,23.149999618530273,22.700000762939453,23.149999618530273,6080,0.0,0.0
2023-03-09 13:00:00+08:00,23.0,23.100000381469727,22.75,23.100000381469727,5269,0.0,0.0
2023-03-10 09:00:00+08:00,23.100000381469727,23.899999618530273,22.850000381469727,23.25,3671,0.0,0.0
2023-03-10 10:00:00+08:00,23.200000762939453,23.200000762939453,23.200000762939453,23.200000762939453,2000,0.0,0.0
2023-03-10 11:00:00+08:00,22.799999237060547,23.149999618530273,22.549999237060547,23.049999237060547,14219,0.0,0.0
2023-03-10 12:00:00+08:00,22.600000381469727,22.700000762939453,21.850000381469727,21.850000381469727,9006,0.0,0.0
2023-03-10 13:00:00+08:00,21.799999237060547,21.850000381469727,21.299999237060547,21.850000381469727,26000,0.0,0.0
2023-03-13 09:00:00+08:00,21.450000762939453,21.950000762939453,21.450000762939453,21.75,0,0.0,0.0
2023-03-13 10:00:00+08:00,21.700000762939453,21.700000762939453,21.700000762939453,21.700000762939453,1000,0.0,0.0
2023-03-13 11:00:00+08:00,21.75,21.75,21.0,21.0,7000,0.0,0.0
2023-03-13 12:00:00+08:00,21.0,21.25,20.299999237060547,20.899999618530273,25000,0.0,0.0
2023-03-13 13:00:00+08:00,21.0,21.700000762939453,21.0,21.700000762939453,7000,0.0,0.0
2023-03-14 09:00:00+08:00,21.350000381469727,21.450000762939453,21.149999618530273,21.299999237060547,0,0.0,0.0
2023-03-14 10:00:00+08:00,21.299999237060547,21.399999618530273,21.299999237060547,21.399999618530273,3100,0.0,0.0
2023-03-14 11:00:00+08:00,21.299999237060547,21.399999618530273,21.299999237060547,21.399999618530273,0,0.0,0.0
2023-03-14 12:00:00+08:00,21.399999618530273,21.399999618530273,21.399999618530273,21.399999618530273,17716,0.0,0.0
2023-03-14 13:00:00+08:00,21.399999618530273,22.0,21.399999618530273,22.0,33431,0.0,0.0
2023-03-15 12:00:00+08:00,21.950000762939453,22.0,21.5,21.950000762939453,6441,0.0,0.0
2023-03-16 09:00:00+08:00,21.950000762939453,22.700000762939453,21.950000762939453,22.399999618530273,47697,0.0,0.0
2023-03-16 10:00:00+08:00,22.049999237060547,22.299999237060547,22.0,22.299999237060547,5050,0.0,0.0
2023-03-16 11:00:00+08:00,22.200000762939453,22.25,21.950000762939453,22.100000381469727,9361,0.0,0.0
2023-03-16 12:00:00+08:00,21.950000762939453,22.100000381469727,21.950000762939453,22.100000381469727,5115,0.0,0.0
2023-03-16 13:00:00+08:00,21.950000762939453,22.200000762939453,21.950000762939453,22.200000762939453,11200,0.0,0.0
2023-03-17 09:00:00+08:00,22.299999237060547,23.049999237060547,22.0,22.799999237060547,0,0.0,0.0
2023-03-17 10:00:00+08:00,22.0,22.75,22.0,22.75,14390,0.0,0.0
2023-03-20 09:00:00+08:00,22.200000762939453,22.700000762939453,22.200000762939453,22.700000762939453,0,0.0,0.0
2023-03-20 10:00:00+08:00,22.299999237060547,22.299999237060547,22.299999237060547,22.299999237060547,1340,0.0,0.0
2023-03-20 11:00:00+08:00,22.5,22.5,22.5,22.5,1600,0.0,0.0
2023-03-21 09:00:00+08:00,22.200000762939453,22.200000762939453,22.200000762939453,22.200000762939453,1000,0.0,0.0
2023-03-21 10:00:00+08:00,22.200000762939453,22.450000762939453,21.5,22.450000762939453,22784,0.0,0.0
2023-03-21 12:00:00+08:00,21.850000381469727,22.450000762939453,21.850000381469727,22.450000762939453,0,0.0,0.0
2023-03-22 09:00:00+08:00,22.399999618530273,22.399999618530273,22.399999618530273,22.399999618530273,2602,0.0,0.0
2023-03-23 09:00:00+08:00,22.399999618530273,22.399999618530273,22.399999618530273,22.399999618530273,0,0.0,0.0
2023-03-23 11:00:00+08:00,21.850000381469727,21.850000381469727,21.850000381469727,21.850000381469727,1000,0.0,0.0
2023-03-23 12:00:00+08:00,22.25,22.299999237060547,21.899999618530273,21.899999618530273,6460,0.0,0.0
2023-03-23 13:00:00+08:00,21.950000762939453,22.299999237060547,21.950000762939453,22.299999237060547,2000,0.0,0.0
2023-03-24 09:00:00+08:00,22.450000762939453,22.5,22.450000762939453,22.5,0,0.0,0.0
2023-03-24 12:00:00+08:00,21.899999618530273,22.0,21.75,22.0,11237,0.0,0.0
2023-03-24 13:00:00+08:00,22.100000381469727,22.350000381469727,22.100000381469727,22.350000381469727,4000,0.0,0.0
2023-03-27 10:00:00+08:00,22.0,22.450000762939453,21.850000381469727,22.450000762939453,8046,0.0,0.0
2023-03-27 13:00:00+08:00,22.350000381469727,22.350000381469727,22.350000381469727,22.350000381469727,1286,0.0,0.0
2023-03-28 09:00:00+08:00,22.450000762939453,22.799999237060547,22.299999237060547,22.350000381469727,0,0.0,0.0
2023-03-28 10:00:00+08:00,22.399999618530273,22.450000762939453,22.399999618530273,22.450000762939453,9014,0.0,0.0
2023-03-28 11:00:00+08:00,22.299999237060547,22.450000762939453,22.299999237060547,22.350000381469727,3060,0.0,0.0
2023-03-28 12:00:00+08:00,22.299999237060547,22.299999237060547,22.299999237060547,22.299999237060547,3011,0.0,0.0
2023-03-28 13:00:00+08:00,22.25,22.450000762939453,22.25,22.450000762939453,6066,0.0,0.0
2023-03-29 09:00:00+08:00,22.450000762939453,24.0,22.450000762939453,23.5,20030,0.0,0.0
2023-03-29 10:00:00+08:00,22.600000381469727,22.950000762939453,22.549999237060547,22.549999237060547,37923,0.0,0.0
2023-03-29 11:00:00+08:00,22.700000762939453,22.700000762939453,22.549999237060547,22.700000762939453,11983,0.0,0.0
2023-03-29 12:00:00+08:00,22.75,22.899999618530273,22.600000381469727,22.799999237060547,21494,0.0,0.0
2023-03-29 13:00:00+08:00,22.799999237060547,22.899999618530273,22.5,22.850000381469727,61272,0.0,0.0
2023-03-30 09:00:00+08:00,22.799999237060547,22.899999618530273,22.299999237060547,22.299999237060547,0,0.0,0.0
2023-03-30 10:00:00+08:00,22.5,22.5,22.5,22.5,8399,0.0,0.0
2023-03-30 12:00:00+08:00,22.350000381469727,22.350000381469727,22.350000381469727,22.350000381469727,3000,0.0,0.0
2023-03-30 13:00:00+08:00,22.350000381469727,22.899999618530273,22.299999237060547,22.850000381469727,35697,0.0,0.0
2023-03-31 09:00:00+08:00,22.799999237060547,23.049999237060547,22.600000381469727,22.75,0,0.0,0.0
2023-03-31 10:00:00+08:00,22.600000381469727,22.799999237060547,22.600000381469727,22.600000381469727,11257,0.0,0.0
2023-03-31 11:00:00+08:00,22.600000381469727,22.649999618530273,22.600000381469727,22.649999618530273,3136,0.0,0.0
2023-03-31 12:00:00+08:00,22.700000762939453,22.75,22.700000762939453,22.75,5494,0.0,0.0
2023-03-31 13:00:00+08:00,22.799999237060547,23.299999237060547,22.799999237060547,23.100000381469727,46025,0.0,0.0
2023-04-06 09:00:00+08:00,23.0,23.0,21.049999237060547,21.75,46531,0.0,0.0
2023-04-06 10:00:00+08:00,21.200000762939453,21.200000762939453,21.0,21.049999237060547,33169,0.0,0.0
2023-04-06 11:00:00+08:00,21.0,21.0,20.950000762939453,20.950000762939453,41009,0.0,0.0
2023-04-06 12:00:00+08:00,21.200000762939453,21.799999237060547,20.950000762939453,21.5,153557,0.0,0.0
2023-04-06 13:00:00+08:00,21.549999237060547,22.799999237060547,21.549999237060547,22.799999237060547,41862,0.0,0.0
2023-04-07 09:00:00+08:00,22.0,22.0,20.649999618530273,21.850000381469727,0,0.0,0.0
2023-04-07 10:00:00+08:00,20.899999618530273,20.899999618530273,20.700000762939453,20.700000762939453,15001,0.0,0.0
2023-04-07 11:00:00+08:00,20.700000762939453,22.450000762939453,20.399999618530273,22.450000762939453,163901,0.0,0.0
2023-04-07 12:00:00+08:00,22.0,22.950000762939453,21.899999618530273,22.5,41518,0.0,0.0
2023-04-07 13:00:00+08:00,22.399999618530273,22.700000762939453,22.399999618530273,22.700000762939453,12089,0.0,0.0
2023-04-10 09:00:00+08:00,21.850000381469727,21.850000381469727,20.649999618530273,20.700000762939453,0,0.0,0.0
2023-04-10 10:00:00+08:00,20.75,20.75,20.649999618530273,20.75,21124,0.0,0.0
2023-04-10 11:00:00+08:00,20.649999618530273,20.649999618530273,20.5,20.5,57049,0.0,0.0
2023-04-10 12:00:00+08:00,20.450000762939453,20.549999237060547,20.399999618530273,20.5,143408,0.0,0.0
2023-04-10 13:00:00+08:00,20.450000762939453,20.700000762939453,20.399999618530273,20.700000762939453,28103,0.0,0.0
2023-04-11 09:00:00+08:00,19.5,20.100000381469727,19.5,19.950000762939453,21271,0.0,0.0
2023-04-11 10:00:00+08:00,20.149999618530273,20.700000762939453,19.950000762939453,20.0,406123,0.0,0.0
2023-04-11 11:00:00+08:00,20.0,20.049999237060547,20.0,20.049999237060547,6086,0.0,0.0
2023-04-11 12:00:00+08:00,20.0,20.200000762939453,20.0,20.049999237060547,14007,0.0,0.0
2023-04-11 13:00:00+08:00,20.049999237060547,20.25,20.049999237060547,20.149999618530273,27001,0.0,0.0
2023-04-12 09:00:00+08:00,20.299999237060547,20.350000381469727,19.799999237060547,20.200000762939453,0,0.0,0.0
2023-04-12 10:00:00+08:00,19.850000381469727,20.049999237060547,19.850000381469727,20.049999237060547,2476,0.0,0.0
2023-04-12 12:00:00+08:00,20.049999237060547,20.100000381469727,20.049999237060547,20.100000381469727,2197,0.0,0.0
2023-04-12 13:00:00+08:00,20.049999237060547,20.350000381469727,20.049999237060547,20.350000381469727,4733,0.0,0.0
2023-04-13 09:00:00+08:00,19.450000762939453,19.5,19.450000762939453,19.5,0,0.0,0.0
2023-04-13 11:00:00+08:00,19.549999237060547,19.549999237060547,19.549999237060547,19.549999237060547,1000,0.0,0.0
2023-04-13 12:00:00+08:00,19.549999237060547,19.549999237060547,19.5,19.5,8665,0.0,0.0
2023-04-13 13:00:00+08:00,19.5,19.5,19.5,19.5,1003,0.0,0.0
2023-04-14 10:00:00+08:00,19.549999237060547,19.549999237060547,19.5,19.5,1010,0.0,0.0
2023-04-14 11:00:00+08:00,19.549999237060547,19.549999237060547,19.5,19.5,4100,0.0,0.0
2023-04-14 12:00:00+08:00,19.350000381469727,20.0,19.299999237060547,20.0,46723,0.0,0.0
2023-04-14 13:00:00+08:00,19.950000762939453,19.950000762939453,19.899999618530273,19.950000762939453,20892,0.0,0.0
2023-04-17 09:00:00+08:00,20.149999618530273,20.149999618530273,20.0,20.0,0,0.0,0.0
2023-04-17 10:00:00+08:00,19.950000762939453,20.0,19.799999237060547,20.0,25363,0.0,0.0
2023-04-17 11:00:00+08:00,19.899999618530273,19.899999618530273,19.899999618530273,19.899999618530273,3150,0.0,0.0
2023-04-17 12:00:00+08:00,19.799999237060547,19.950000762939453,19.799999237060547,19.899999618530273,8999,0.0,0.0
2023-04-17 13:00:00+08:00,19.899999618530273,19.899999618530273,19.899999618530273,19.899999618530273,1000,0.0,0.0
2023-04-18 09:00:00+08:00,19.649999618530273,19.850000381469727,19.649999618530273,19.649999618530273,0,0.0,0.0
2023-04-18 11:00:00+08:00,19.700000762939453,19.700000762939453,19.600000381469727,19.600000381469727,18982,0.0,0.0
2023-04-18 12:00:00+08:00,19.600000381469727,20.149999618530273,19.600000381469727,20.100000381469727,6793,0.0,0.0
2023-04-19 09:00:00+08:00,19.700000762939453,19.700000762939453,19.700000762939453,19.700000762939453,1334,0.0,0.0
2023-04-19 10:00:00+08:00,19.799999237060547,19.799999237060547,19.799999237060547,19.799999237060547,2318,0.0,0.0
2023-04-19 11:00:00+08:00,19.799999237060547,19.799999237060547,19.799999237060547,19.799999237060547,7486,0.0,0.0
2023-04-19 12:00:00+08:00,19.799999237060547,19.799999237060547,19.549999237060547,19.549999237060547,18535,0.0,0.0
2023-04-20 09:00:00+08:00,19.549999237060547,19.549999237060547,19.549999237060547,19.549999237060547,0,0.0,0.0
2023-04-20 10:00:00+08:00,19.649999618530273,19.649999618530273,19.649999618530273,19.649999618530273,8791,0.0,0.0
2023-04-20 12:00:00+08:00,19.899999618530273,20.200000762939453,19.799999237060547,19.799999237060547,130405,0.0,0.0
2023-04-20 13:00:00+08:00,19.950000762939453,20.100000381469727,19.600000381469727,19.600000381469727,180085,0.0,0.0
2023-04-21 11:00:00+08:00,19.450000762939453,19.600000381469727,19.399999618530273,19.600000381469727,11665,0.0,0.0
2023-04-21 13:00:00+08:00,19.700000762939453,20.149999618530273,19.600000381469727,20.149999618530273,280074,0.0,0.0
2023-04-24 09:00:00+08:00,19.899999618530273,19.899999618530273,19.899999618530273,19.899999618530273,0,0.0,0.0
2023-04-24 10:00:00+08:00,20.100000381469727,20.100000381469727,20.049999237060547,20.049999237060547,2288,0.0,0.0
2023-04-24 11:00:00+08:00,20.0,20.0,20.0,20.0,1171,0.0,0.0
2023-04-24 12:00:00+08:00,19.799999237060547,20.0,19.75,20.0,6236,0.0,0.0
2023-04-25 10:00:00+08:00,19.600000381469727,19.600000381469727,19.600000381469727,19.600000381469727,0,0.0,0.0
2023-04-25 11:00:00+08:00,19.600000381469727,19.600000381469727,19.600000381469727,19.600000381469727,1000,0.0,0.0
2023-04-25 12:00:00+08:00,19.5,19.850000381469727,19.5,19.850000381469727,5158,0.0,0.0
2023-04-25 13:00:00+08:00,19.450000762939453,19.450000762939453,19.450000762939453,19.450000762939453,1266,0.0,0.0
2023-04-26 09:00:00+08:00,20.0,20.0,19.950000762939453,19.950000762939453,17680,0.0,0.0
2023-04-26 11:00:00+08:00,19.5,19.5,19.5,19.5,3212,0.0,0.0
2023-04-26 12:00:00+08:00,19.5,19.5,19.450000762939453,19.5,3548,0.0,0.0
2023-04-27 09:00:00+08:00,19.450000762939453,19.450000762939453,19.450000762939453,19.450000762939453,0,0.0,0.0
2023-04-27 10:00:00+08:00,19.450000762939453,19.450000762939453,19.450000762939453,19.450000762939453,2020,0.0,0.0
2023-04-27 11:00:00+08:00,19.450000762939453,19.450000762939453,19.100000381469727,19.200000762939453,34161,0.0,0.0
2023-04-27 12:00:00+08:00,19.25,19.299999237060547,18.850000381469727,18.850000381469727,52977,0.0,0.0
2023-04-27 13:00:00+08:00,18.799999237060547,18.950000762939453,18.799999237060547,18.950000762939453,13641,0.0,0.0
2023-04-28 09:00:00+08:00,18.950000762939453,18.950000762939453,18.950000762939453,18.950000762939453,0,0.0,0.0
2023-04-28 11:00:00+08:00,18.950000762939453,19.350000381469727,18.899999618530273,18.899999618530273,9148,0.0,0.0
2023-04-28 12:00:00+08:00,18.850000381469727,18.850000381469727,18.5,18.5,103928,0.0,0.0
2023-04-28 13:00:00+08:00,18.5,18.549999237060547,18.100000381469727,18.399999618530273,88382,0.0,0.0
2023-05-02 09:00:00+08:00,18.350000381469727,18.700000762939453,18.25,18.25,0,0.0,0.0
2023-05-02 10:00:00+08:00,18.25,18.25,17.5,17.600000381469727,63540,0.0,0.0
2023-05-02 11:00:00+08:00,17.649999618530273,17.649999618530273,17.200000762939453,17.200000762939453,153875,0.0,0.0
2023-05-02 12:00:00+08:00,17.25,17.5,17.200000762939453,17.200000762939453,98683,0.0,0.0
2023-05-02 13:00:00+08:00,17.200000762939453,17.549999237060547,17.200000762939453,17.5,113819,0.0,0.0
2023-05-03 09:00:00+08:00,17.25,17.450000762939453,17.149999618530273,17.450000762939453,0,0.0,0.0
2023-05-03 10:00:00+08:00,17.450000762939453,17.450000762939453,17.299999237060547,17.399999618530273,47562,0.0,0.0
2023-05-03 12:00:00+08:00,17.350000381469727,17.350000381469727,17.299999237060547,17.299999237060547,10013,0.0,0.0
2023-05-03 13:00:00+08:00,17.299999237060547,17.549999237060547,17.149999618530273,17.549999237060547,0,0.0,0.0
2023-05-04 09:00:00+08:00,17.200000762939453,17.200000762939453,16.950000762939453,17.049999237060547,108914,0.0,0.0
2023-05-04 10:00:00+08:00,17.100000381469727,17.100000381469727,16.950000762939453,17.049999237060547,42096,0.0,0.0
2023-05-04 11:00:00+08:00,17.049999237060547,17.100000381469727,17.049999237060547,17.100000381469727,4376,0.0,0.0
2023-05-04 12:00:00+08:00,17.200000762939453,17.200000762939453,17.049999237060547,17.049999237060547,23351,0.0,0.0
2023-05-04 13:00:00+08:00,17.049999237060547,17.350000381469727,16.899999618530273,17.350000381469727,63745,0.0,0.0
2023-05-05 09:00:00+08:00,17.200000762939453,17.200000762939453,16.899999618530273,16.899999618530273,0,0.0,0.0
2023-05-05 10:00:00+08:00,16.899999618530273,16.899999618530273,16.700000762939453,16.75,87602,0.0,0.0
2023-05-05 11:00:00+08:00,16.799999237060547,16.899999618530273,16.799999237060547,16.899999618530273,4069,0.0,0.0
2023-05-05 12:00:00+08:00,16.899999618530273,16.899999618530273,16.899999618530273,16.899999618530273,8602,0.0,0.0
2023-05-05 13:00:00+08:00,16.850000381469727,17.450000762939453,16.850000381469727,17.450000762939453,16531,0.0,0.0
2023-05-08 09:00:00+08:00,17.25,17.25,17.25,17.25,0,0.0,0.0
2023-05-08 11:00:00+08:00,16.899999618530273,17.0,16.600000381469727,17.0,80058,0.0,0.0
2023-05-08 12:00:00+08:00,16.899999618530273,16.899999618530273,16.5,16.549999237060547,118110,0.0,0.0
2023-05-08 13:00:00+08:00,16.549999237060547,16.549999237060547,16.399999618530273,16.450000762939453,44200,0.0,0.0
2023-05-09 09:00:00+08:00,16.399999618530273,16.600000381469727,16.350000381469727,16.5,0,0.0,0.0
2023-05-09 11:00:00+08:00,16.399999618530273,16.399999618530273,16.299999237060547,16.299999237060547,18919,0.0,0.0
2023-05-09 12:00:00+08:00,16.350000381469727,16.399999618530273,16.299999237060547,16.399999618530273,8999,0.0,0.0
2023-05-09 13:00:00+08:00,16.399999618530273,16.450000762939453,16.299999237060547,16.450000762939453,14143,0.0,0.0
2023-05-10 09:00:00+08:00,16.799999237060547,16.799999237060547,16.799999237060547,16.799999237060547,0,0.0,0.0
2023-05-10 10:00:00+08:00,16.350000381469727,16.399999618530273,16.149999618530273,16.149999618530273,30718,0.0,0.0
2023-05-10 11:00:00+08:00,16.149999618530273,16.149999618530273,16.0,16.0,32067,0.0,0.0
2023-05-10 12:00:00+08:00,16.049999237060547,16.649999618530273,16.0,16.600000381469727,76314,0.0,0.0
2023-05-10 13:00:00+08:00,16.549999237060547,16.600000381469727,16.450000762939453,16.600000381469727,16390,0.0,0.0
2023-05-11 09:00:00+08:00,16.649999618530273,16.700000762939453,16.5,16.5,0,0.0,0.0
2023-05-11 10:00:00+08:00,16.549999237060547,16.549999237060547,16.5,16.549999237060547,8163,0.0,0.0
2023-05-11 11:00:00+08:00,16.549999237060547,16.549999237060547,16.450000762939453,16.5,7721,0.0,0.0
2023-05-11 12:00:00+08:00,16.399999618530273,16.399999618530273,16.399999618530273,16.399999618530273,5277,0.0,0.0
2023-05-11 13:00:00+08:00,16.399999618530273,16.399999618530273,16.0,16.25,0,0.0,0.0
2023-05-12 09:00:00+08:00,16.200000762939453,16.200000762939453,15.149999618530273,15.550000190734863,148608,0.0,0.0
2023-05-12 10:00:00+08:00,15.850000381469727,15.850000381469727,15.300000190734863,15.5,34266,0.0,0.0
2023-05-12 11:00:00+08:00,15.5,15.550000190734863,15.300000190734863,15.300000190734863,49911,0.0,0.0
2023-05-12 12:00:00+08:00,15.350000381469727,15.899999618530273,15.350000381469727,15.899999618530273,19618,0.0,0.0
2023-05-12 13:00:00+08:00,16.0,16.049999237060547,15.850000381469727,16.049999237060547,8230,0.0,0.0
2023-05-15 09:00:00+08:00,15.649999618530273,15.949999809265137,15.649999618530273,15.949999809265137,0,0.0,0.0
2023-05-15 10:00:00+08:00,15.899999618530273,15.899999618530273,15.399999618530273,15.699999809265137,24204,0.0,0.0
2023-05-15 11:00:00+08:00,15.699999809265137,15.699999809265137,15.350000381469727,15.399999618530273,14451,0.0,0.0
2023-05-15 12:00:00+08:00,15.350000381469727,15.350000381469727,15.0,15.149999618530273,43031,0.0,0.0
2023-05-15 13:00:00+08:00,15.149999618530273,15.300000190734863,15.0,15.050000190734863,24581,0.0,0.0
2023-05-16 09:00:00+08:00,15.199999809265137,15.300000190734863,15.199999809265137,15.300000190734863,0,0.0,0.0
2023-05-16 10:00:00+08:00,15.0,15.0,14.899999618530273,15.0,15962,0.0,0.0
2023-05-16 11:00:00+08:00,15.0,15.0,14.850000381469727,14.850000381469727,4328,0.0,0.0
2023-05-16 12:00:00+08:00,15.0,15.0,14.899999618530273,14.899999618530273,4298,0.0,0.0
2023-05-16 13:00:00+08:00,14.949999809265137,15.0,14.850000381469727,15.0,16130,0.0,0.0
2023-05-17 10:00:00+08:00,15.050000190734863,15.100000381469727,15.050000190734863,15.050000190734863,11889,0.0,0.0
2023-05-17 11:00:00+08:00,15.100000381469727,15.100000381469727,15.0,15.0,19141,0.0,0.0
2023-05-17 12:00:00+08:00,15.050000190734863,15.050000190734863,15.050000190734863,15.050000190734863,2233,0.0,0.0
2023-05-17 13:00:00+08:00,15.050000190734863,15.050000190734863,15.050000190734863,15.050000190734863,4027,0.0,0.0
2023-05-18 09:00:00+08:00,15.300000190734863,15.300000190734863,15.100000381469727,15.199999809265137,0,0.0,0.0
2023-05-18 10:00:00+08:00,15.199999809265137,15.25,15.149999618530273,15.149999618530273,8900,0.0,0.0
2023-05-18 11:00:00+08:00,15.100000381469727,15.100000381469727,15.100000381469727,15.100000381469727,6157,0.0,0.0
2023-05-18 12:00:00+08:00,15.149999618530273,15.5,15.149999618530273,15.5,19294,0.0,0.0
2023-05-18 13:00:00+08:00,15.699999809265137,15.949999809265137,15.699999809265137,15.949999809265137,22162,0.0,0.0
2023-05-19 09:00:00+08:00,15.850000381469727,15.850000381469727,15.649999618530273,15.649999618530273,0,0.0,0.0
2023-05-19 10:00:00+08:00,15.649999618530273,15.75,15.649999618530273,15.75,5571,0.0,0.0
2023-05-19 11:00:00+08:00,15.649999618530273,15.649999618530273,15.649999618530273,15.649999618530273,2050,0.0,0.0
2023-05-19 12:00:00+08:00,15.600000381469727,15.600000381469727,15.5,15.5,10996,0.0,0.0
2023-05-19 13:00:00+08:00,15.5,15.600000381469727,15.449999809265137,15.600000381469727,5286,0.0,0.0
2023-05-22 09:00:00+08:00,15.850000381469727,15.850000381469727,15.5,15.5,0,0.0,0.0
2023-05-22 10:00:00+08:00,15.550000190734863,15.550000190734863,15.5,15.5,15916,0.0,0.0
2023-05-22 13:00:00+08:00,15.550000190734863,15.550000190734863,15.550000190734863,15.550000190734863,1325,0.0,0.0
2023-05-23 09:00:00+08:00,15.600000381469727,15.600000381469727,15.600000381469727,15.600000381469727,0,0.0,0.0
2023-05-23 10:00:00+08:00,15.600000381469727,15.699999809265137,15.600000381469727,15.649999618530273,10558,0.0,0.0
2023-05-23 11:00:00+08:00,15.649999618530273,15.649999618530273,15.649999618530273,15.649999618530273,4122,0.0,0.0
2023-05-23 12:00:00+08:00,15.649999618530273,15.649999618530273,15.600000381469727,15.600000381469727,12998,0.0,0.0
2023-05-24 09:00:00+08:00,15.899999618530273,16.399999618530273,15.800000190734863,15.800000190734863,27756,0.0,0.0
2023-05-24 10:00:00+08:00,15.800000190734863,15.800000190734863,15.800000190734863,15.800000190734863,11849,0.0,0.0
2023-05-24 11:00:00+08:00,15.800000190734863,16.049999237060547,15.800000190734863,15.800000190734863,14031,0.0,0.0
2023-05-24 12:00:00+08:00,15.800000190734863,15.850000381469727,15.75,15.75,15532,0.0,0.0
2023-05-24 13:00:00+08:00,16.0,16.049999237060547,16.0,16.049999237060547,0,0.0,0.0
2023-05-25 09:00:00+08:00,16.0,16.399999618530273,15.550000190734863,15.649999618530273,46989,0.0,0.0
2023-05-25 10:00:00+08:00,15.699999809265137,15.800000190734863,15.699999809265137,15.800000190734863,8042,0.0,0.0
2023-05-25 11:00:00+08:00,15.850000381469727,16.049999237060547,15.850000381469727,16.049999237060547,3000,0.0,0.0
2023-05-25 12:00:00+08:00,15.949999809265137,15.949999809265137,15.550000190734863,15.800000190734863,17443,0.0,0.0
2023-05-25 13:00:00+08:00,15.800000190734863,16.200000762939453,15.800000190734863,16.200000762939453,0,0.0,0.0
2023-05-26 09:00:00+08:00,15.899999618530273,15.899999618530273,15.75,15.75,4339,0.0,0.0
2023-05-26 10:00:00+08:00,15.699999809265137,15.800000190734863,15.300000190734863,15.800000190734863,37000,0.0,0.0
2023-05-26 11:00:00+08:00,15.800000190734863,15.800000190734863,15.800000190734863,15.800000190734863,1018,0.0,0.0
2023-05-26 12:00:00+08:00,15.649999618530273,15.649999618530273,15.449999809265137,15.550000190734863,36662,0.0,0.0
2023-05-26 13:00:00+08:00,15.550000190734863,16.049999237060547,15.5,16.049999237060547,0,0.0,0.0
2023-05-29 11:00:00+08:00,16.0,16.0,15.5,15.600000381469727,33967,0.0,0.0
2023-05-29 12:00:00+08:00,15.600000381469727,15.600000381469727,15.5,15.600000381469727,0,0.0,0.0
2023-05-30 10:00:00+08:00,15.5,15.5,15.5,15.5,13134,0.0,0.0
2023-05-30 11:00:00+08:00,15.5,15.5,15.5,15.5,1000,0.0,0.0
2023-05-30 12:00:00+08:00,15.5,15.600000381469727,15.5,15.5,8792,0.0,0.0
2023-05-30 13:00:00+08:00,15.449999809265137,15.5,15.0,15.5,35242,0.0,0.0
2023-05-31 09:00:00+08:00,15.350000381469727,15.350000381469727,14.850000381469727,14.850000381469727,16433,0.0,0.0
2023-05-31 10:00:00+08:00,14.850000381469727,15.25,14.850000381469727,15.25,85447,0.0,0.0
2023-05-31 11:00:00+08:00,15.25,15.5,14.699999809265137,14.800000190734863,125426,0.0,0.0
2023-05-31 12:00:00+08:00,14.75,15.25,14.600000381469727,14.949999809265137,351683,0.0,0.0
2023-05-31 13:00:00+08:00,14.949999809265137,15.199999809265137,14.850000381469727,15.199999809265137,54270,0.0,0.0
2023-06-01 09:00:00+08:00,14.899999618530273,15.199999809265137,14.5,14.550000190734863,0,0.0,0.0
2023-06-01 10:00:00+08:00,14.550000190734863,14.949999809265137,14.449999809265137,14.850000381469727,293076,0.0,0.0
2023-06-01 11:00:00+08:00,14.850000381469727,14.899999618530273,14.649999618530273,14.75,71309,0.0,0.0
2023-06-01 12:00:00+08:00,14.75,14.75,14.100000381469727,14.600000381469727,504279,0.0,0.0
2023-06-01 13:00:00+08:00,14.600000381469727,14.800000190734863,14.600000381469727,14.800000190734863,16554,0.0,0.0
2023-06-02 09:00:00+08:00,14.75,14.800000190734863,14.5,14.75,0,0.0,0.0
2023-06-02 10:00:00+08:00,14.75,15.050000190734863,14.699999809265137,14.899999618530273,25764,0.0,0.0
2023-06-02 11:00:00+08:00,14.899999618530273,14.949999809265137,14.899999618530273,14.949999809265137,11471,0.0,0.0
2023-06-02 12:00:00+08:00,15.0,15.100000381469727,14.899999618530273,14.899999618530273,25357,0.0,0.0
2023-06-02 13:00:00+08:00,14.899999618530273,14.899999618530273,14.899999618530273,14.899999618530273,4281,0.0,0.0
2023-06-05 09:00:00+08:00,15.199999809265137,15.199999809265137,14.949999809265137,14.949999809265137,0,0.0,0.0
2023-06-05 10:00:00+08:00,14.899999618530273,14.899999618530273,14.899999618530273,14.899999618530273,4346,0.0,0.0
2023-06-05 11:00:00+08:00,15.0,15.0,15.0,15.0,6148,0.0,0.0
2023-06-05 12:00:00+08:00,14.949999809265137,15.0,14.899999618530273,14.949999809265137,19517,0.0,0.0
2023-06-05 13:00:00+08:00,14.949999809265137,14.949999809265137,14.850000381469727,14.850000381469727,8188,0.0,0.0
2023-06-06 09:00:00+08:00,14.899999618530273,15.0,14.899999618530273,15.0,4977,0.0,0.0
2023-06-06 10:00:00+08:00,14.899999618530273,14.899999618530273,14.699999809265137,14.699999809265137,18932,0.0,0.0
2023-06-06 11:00:00+08:00,14.850000381469727,14.850000381469727,14.850000381469727,14.850000381469727,3000,0.0,0.0
2023-06-06 13:00:00+08:00,14.899999618530273,14.899999618530273,14.899999618530273,14.899999618530273,4716,0.0,0.0
2023-06-07 09:00:00+08:00,14.899999618530273,15.25,14.899999618530273,15.25,0,0.0,0.0
2023-06-07 10:00:00+08:00,15.100000381469727,15.100000381469727,15.0,15.0,4191,0.0,0.0
2023-06-07 11:00:00+08:00,15.0,15.0,15.0,15.0,5672,0.0,0.0
2023-06-07 12:00:00+08:00,15.050000190734863,15.050000190734863,15.050000190734863,15.050000190734863,1527,0.0,0.0
2023-06-07 13:00:00+08:00,15.100000381469727,15.100000381469727,15.100000381469727,15.100000381469727,1437,0.0,0.0
2023-06-08 09:00:00+08:00,15.100000381469727,15.5,14.949999809265137,15.0,0,0.0,0.0
2023-06-08 10:00:00+08:00,15.0,15.0,15.0,15.0,7387,0.0,0.0
2023-06-08 11:00:00+08:00,14.949999809265137,15.199999809265137,14.949999809265137,15.199999809265137,16184,0.0,0.0
2023-06-08 12:00:00+08:00,15.199999809265137,15.449999809265137,15.199999809265137,15.449999809265137,36047,0.0,0.0
2023-06-08 13:00:00+08:00,15.399999618530273,15.399999618530273,15.050000190734863,15.300000190734863,15396,0.0,0.0
2023-06-09 09:00:00+08:00,15.449999809265137,15.850000381469727,15.300000190734863,15.850000381469727,0,0.0,0.0
2023-06-09 10:00:00+08:00,15.850000381469727,16.399999618530273,15.699999809265137,15.899999618530273,44045,0.0,0.0
2023-06-09 11:00:00+08:00,15.850000381469727,15.850000381469727,15.75,15.75,7544,0.0,0.0
2023-06-09 12:00:00+08:00,15.699999809265137,15.699999809265137,15.649999618530273,15.649999618530273,11783,0.0,0.0
2023-06-09 13:00:00+08:00,15.699999809265137,15.850000381469727,15.699999809265137,15.850000381469727,4900,0.0,0.0
2023-06-12 09:00:00+08:00,15.899999618530273,15.899999618530273,15.75,15.75,0,0.0,0.0
2023-06-12 10:00:00+08:00,15.600000381469727,15.600000381469727,15.350000381469727,15.5,14658,0.0,0.0
2023-06-12 11:00:00+08:00,15.699999809265137,15.699999809265137,15.699999809265137,15.699999809265137,6312,0.0,0.0
2023-06-12 12:00:00+08:00,15.600000381469727,15.600000381469727,15.5,15.5,16431,0.0,0.0
2023-06-13 09:00:00+08:00,15.399999618530273,15.399999618530273,15.399999618530273,15.399999618530273,0,0.0,0.0
2023-06-13 10:00:00+08:00,15.350000381469727,15.5,15.199999809265137,15.5,7199,0.0,0.0
2023-06-13 12:00:00+08:00,15.5,15.5,15.5,15.5,3339,0.0,0.0
2023-06-13 13:00:00+08:00,15.449999809265137,15.5,15.399999618530273,15.5,7289,0.0,0.0
2023-06-14 10:00:00+08:00,15.5,15.5,15.350000381469727,15.350000381469727,2040,0.0,0.0
2023-06-14 11:00:00+08:00,15.5,15.5,15.449999809265137,15.449999809265137,5138,0.0,0.0
2023-06-14 12:00:00+08:00,15.449999809265137,15.699999809265137,15.449999809265137,15.699999809265137,6340,0.0,0.0
2023-06-15 09:00:00+08:00,16.0,16.0,16.0,16.0,0,0.0,0.0
2023-06-15 10:00:00+08:00,15.899999618530273,15.899999618530273,15.899999618530273,15.899999618530273,1857,0.0,0.0
2023-06-15 13:00:00+08:00,15.800000190734863,15.899999618530273,15.800000190734863,15.899999618530273,5646,0.0,0.0
2023-06-16 09:00:00+08:00,15.899999618530273,15.899999618530273,15.899999618530273,15.899999618530273,0,0.0,0.0
2023-06-16 10:00:00+08:00,15.75,15.75,15.5,15.5,19702,0.0,0.0
2023-06-16 12:00:00+08:00,15.550000190734863,15.800000190734863,15.550000190734863,15.800000190734863,10143,0.0,0.0
2023-06-19 09:00:00+08:00,15.850000381469727,15.850000381469727,15.850000381469727,15.850000381469727,0,0.0,0.0
2023-06-19 11:00:00+08:00,15.699999809265137,15.699999809265137,15.699999809265137,15.699999809265137,1999,0.0,0.0
2023-06-19 12:00:00+08:00,15.649999618530273,15.800000190734863,15.649999618530273,15.800000190734863,5032,0.0,0.0
2023-06-19 13:00:00+08:00,15.850000381469727,15.850000381469727,15.850000381469727,15.850000381469727,1034,0.0,0.0
2023-06-20 09:00:00+08:00,15.800000190734863,15.800000190734863,15.800000190734863,15.800000190734863,0,0.0,0.0
2023-06-20 10:00:00+08:00,15.75,15.75,15.75,15.75,3705,0.0,0.0
2023-06-20 11:00:00+08:00,15.800000190734863,15.899999618530273,15.75,15.75,12646,0.0,0.0
2023-06-20 12:00:00+08:00,15.850000381469727,16.0,15.850000381469727,16.0,15230,0.0,0.0
2023-06-20 13:00:00+08:00,15.899999618530273,16.0,15.899999618530273,16.0,2150,0.0,0.0
2023-06-21 09:00:00+08:00,15.899999618530273,16.0,15.899999618530273,16.0,0,0.0,0.0
2023-06-21 10:00:00+08:00,16.0,16.049999237060547,16.0,16.0,8000,0.0,0.0
2023-06-21 11:00:00+08:00,15.949999809265137,15.949999809265137,15.899999618530273,15.899999618530273,2205,0.0,0.0
2023-06-21 12:00:00+08:00,15.899999618530273,16.0,15.899999618530273,15.949999809265137,6000,0.0,0.0
2023-06-21 13:00:00+08:00,15.899999618530273,15.949999809265137,15.75,15.949999809265137,10682,0.0,0.0
2023-06-26 09:00:00+08:00,15.949999809265137,15.949999809265137,15.949999809265137,15.949999809265137,0,0.0,0.0
2023-06-26 10:00:00+08:00,15.899999618530273,15.949999809265137,15.899999618530273,15.949999809265137,2682,0.0,0.0
2023-06-26 11:00:00+08:00,16.0,16.0,15.899999618530273,15.899999618530273,7418,0.0,0.0
2023-06-26 12:00:00+08:00,15.850000381469727,15.949999809265137,15.850000381469727,15.949999809265137,9307,0.0,0.0
2023-06-26 13:00:00+08:00,15.800000190734863,15.800000190734863,15.800000190734863,15.800000190734863,1050,0.0,0.0
2023-06-27 09:00:00+08:00,16.100000381469727,16.5,15.800000190734863,15.800000190734863,0,0.0,0.0
2023-06-27 10:00:00+08:00,15.800000190734863,15.949999809265137,15.800000190734863,15.949999809265137,3681,0.0,0.0
2023-06-27 11:00:00+08:00,15.75,15.75,15.699999809265137,15.699999809265137,2629,0.0,0.0
2023-06-27 12:00:00+08:00,15.949999809265137,16.0,15.899999618530273,15.949999809265137,9626,0.0,0.0
2023-06-27 13:00:00+08:00,15.899999618530273,16.0,15.899999618530273,16.0,6256,0.0,0.0
2023-06-29 09:00:00+08:00,15.699999809265137,16.450000762939453,15.699999809265137,16.25,0,0.0,0.0
2023-06-29 10:00:00+08:00,16.200000762939453,16.200000762939453,16.100000381469727,16.100000381469727,2603,0.0,0.0
2023-07-03 09:00:00+08:00,16.25,16.25,16.25,16.25,0,0.0,0.0
2023-07-03 10:00:00+08:00,15.75,15.75,15.75,15.75,2177,0.0,0.0
2023-07-03 11:00:00+08:00,15.75,15.899999618530273,15.699999809265137,15.899999618530273,6769,0.0,0.0
2023-07-03 12:00:00+08:00,15.899999618530273,15.899999618530273,15.899999618530273,15.899999618530273,1115,0.0,0.0
2023-07-03 13:00:00+08:00,15.699999809265137,15.850000381469727,15.649999618530273,15.850000381469727,8287,0.0,0.0
2023-07-04 13:00:00+08:00,15.699999809265137,15.850000381469727,15.649999618530273,15.850000381469727,2803,0.0,0.0
2023-07-05 10:00:00+08:00,15.550000190734863,15.800000190734863,15.5,15.800000190734863,8128,0.0,0.0
2023-07-05 11:00:00+08:00,15.800000190734863,15.800000190734863,15.800000190734863,15.800000190734863,1394,0.0,0.0
2023-07-05 12:00:00+08:00,15.550000190734863,15.75,15.550000190734863,15.550000190734863,10034,0.0,0.0
2023-07-05 13:00:00+08:00,15.550000190734863,15.75,15.550000190734863,15.75,4010,0.0,0.0
2023-07-06 09:00:00+08:00,15.550000190734863,15.550000190734863,15.550000190734863,15.550000190734863,0,0.0,0.0
2023-07-06 10:00:00+08:00,15.600000381469727,15.649999618530273,15.600000381469727,15.649999618530273,2138,0.0,0.0
2023-07-06 11:00:00+08:00,15.449999809265137,15.699999809265137,15.399999618530273,15.399999618530273,7641,0.0,0.0
2023-07-06 12:00:00+08:00,15.399999618530273,15.399999618530273,15.399999618530273,15.399999618530273,8400,0.0,0.0
2023-07-06 13:00:00+08:00,15.399999618530273,15.399999618530273,15.300000190734863,15.350000381469727,9963,0.0,0.0
2023-07-07 09:00:00+08:00,15.300000190734863,15.550000190734863,15.050000190734863,15.050000190734863,0,0.0,0.0
2023-07-07 10:00:00+08:00,15.050000190734863,15.300000190734863,15.050000190734863,15.300000190734863,9191,0.0,0.0
2023-07-07 11:00:00+08:00,15.300000190734863,15.300000190734863,15.300000190734863,15.300000190734863,1390,0.0,0.0
2023-07-07 12:00:00+08:00,15.350000381469727,15.949999809265137,15.350000381469727,15.949999809265137,31310,0.0,0.0
2023-07-07 13:00:00+08:00,15.949999809265137,16.350000381469727,15.949999809265137,16.350000381469727,44950,0.0,0.0
2023-07-10 09:00:00+08:00,16.0,16.0,16.0,16.0,0,0.0,0.0
2023-07-10 10:00:00+08:00,16.100000381469727,16.200000762939453,16.100000381469727,16.100000381469727,5775,0.0,0.0
2023-07-10 11:00:00+08:00,16.049999237060547,16.049999237060547,16.0,16.0,3725,0.0,0.0
2023-07-10 12:00:00+08:00,16.0,16.0,16.0,16.0,1562,0.0,0.0
2023-07-10 13:00:00+08:00,16.0,16.799999237060547,15.949999809265137,16.799999237060547,113437,0.0,0.0
2023-07-11 09:00:00+08:00,16.75,16.75,16.299999237060547,16.299999237060547,0,0.0,0.0
2023-07-11 10:00:00+08:00,16.25,16.450000762939453,16.149999618530273,16.450000762939453,23310,0.0,0.0
2023-07-11 11:00:00+08:00,16.200000762939453,17.350000381469727,16.200000762939453,17.200000762939453,158045,0.0,0.0
2023-07-11 12:00:00+08:00,17.100000381469727,17.200000762939453,17.100000381469727,17.200000762939453,12823,0.0,0.0
2023-07-11 13:00:00+08:00,17.200000762939453,17.299999237060547,16.850000381469727,17.299999237060547,21700,0.0,0.0
2023-07-12 09:00:00+08:00,17.0,17.0,16.549999237060547,16.850000381469727,0,0.0,0.0
2023-07-12 10:00:00+08:00,16.799999237060547,16.799999237060547,16.75,16.75,2190,0.0,0.0
2023-07-12 11:00:00+08:00,16.75,16.75,16.700000762939453,16.700000762939453,8579,0.0,0.0
2023-07-12 12:00:00+08:00,16.649999618530273,16.649999618530273,16.399999618530273,16.399999618530273,31773,0.0,0.0
2023-07-12 13:00:00+08:00,16.399999618530273,16.799999237060547,16.399999618530273,16.799999237060547,0,0.0,0.0
2023-07-13 11:00:00+08:00,16.649999618530273,16.700000762939453,16.649999618530273,16.700000762939453,2000,0.0,0.0
2023-07-13 12:00:00+08:00,16.25,16.450000762939453,16.0,16.0,40611,0.0,0.0
2023-07-13 13:00:00+08:00,16.0,16.600000381469727,16.0,16.600000381469727,20684,0.0,0.0
2023-07-14 10:00:00+08:00,16.25,16.25,16.25,16.25,1011,0.0,0.0
2023-07-14 12:00:00+08:00,16.149999618530273,16.149999618530273,16.100000381469727,16.100000381469727,3520,0.0,0.0
2023-07-14 13:00:00+08:00,16.100000381469727,16.200000762939453,16.049999237060547,16.200000762939453,9000,0.0,0.0
2023-07-17 09:00:00+08:00,16.0,16.0,15.800000190734863,16.0,9025,0.0,0.0
2023-07-17 10:00:00+08:00,16.0,16.0,15.850000381469727,15.850000381469727,5891,0.0,0.0
2023-07-17 12:00:00+08:00,15.850000381469727,15.850000381469727,15.800000190734863,15.800000190734863,14227,0.0,0.0
2023-07-17 13:00:00+08:00,15.800000190734863,15.800000190734863,15.800000190734863,15.800000190734863,5488,0.0,0.0
2023-07-18 09:00:00+08:00,15.5,15.5,15.399999618530273,15.5,10206,0.0,0.0
2023-07-18 10:00:00+08:00,15.5,15.5,15.5,15.5,3369,0.0,0.0
2023-07-18 11:00:00+08:00,15.5,15.5,15.449999809265137,15.449999809265137,7400,0.0,0.0
2023-07-18 12:00:00+08:00,15.449999809265137,15.449999809265137,15.100000381469727,15.100000381469727,39720,0.0,0.0
2023-07-18 13:00:00+08:00,15.199999809265137,15.199999809265137,15.100000381469727,15.100000381469727,7206,0.0,0.0
2023-07-19 09:00:00+08:00,15.25,15.25,15.25,15.25,1000,0.0,0.0
2023-07-19 10:00:00+08:00,15.25,15.5,15.199999809265137,15.5,490064,0.0,0.0
2023-07-19 11:00:00+08:00,15.649999618530273,15.699999809265137,15.649999618530273,15.699999809265137,8640,0.0,0.0
2023-07-19 12:00:00+08:00,15.699999809265137,15.699999809265137,15.300000190734863,15.300000190734863,11730,0.0,0.0
2023-07-19 13:00:00+08:00,15.300000190734863,15.399999618530273,15.300000190734863,15.399999618530273,0,0.0,0.0
2023-07-20 09:00:00+08:00,15.399999618530273,15.399999618530273,15.399999618530273,15.399999618530273,1144,0.0,0.0
2023-07-20 10:00:00+08:00,15.399999618530273,15.5,15.399999618530273,15.5,2290,0.0,0.0
2023-07-20 11:00:00+08:00,15.25,15.25,15.25,15.25,5920,0.0,0.0
2023-07-20 12:00:00+08:00,15.5,15.5,15.5,15.5,0,0.0,0.0
2023-07-21 11:00:00+08:00,15.399999618530273,15.5,15.399999618530273,15.399999618530273,7524,0.0,0.0
2023-07-21 12:00:00+08:00,15.300000190734863,15.300000190734863,15.300000190734863,15.300000190734863,3673,0.0,0.0
2023-07-24 09:00:00+08:00,15.300000190734863,15.300000190734863,15.300000190734863,15.300000190734863,0,0.0,0.0
2023-07-24 10:00:00+08:00,15.199999809265137,15.199999809265137,15.199999809265137,15.199999809265137,1000,0.0,0.0
2023-07-24 11:00:00+08:00,15.199999809265137,15.199999809265137,15.199999809265137,15.199999809265137,7569,0.0,0.0
2023-07-24 13:00:00+08:00,15.25,15.25,15.25,15.25,0,0.0,0.0
2023-07-25 09:00:00+08:00,15.0,15.0,15.0,15.0,1408,0.0,0.0
2023-07-25 10:00:00+08:00,15.350000381469727,15.350000381469727,15.350000381469727,15.350000381469727,1832,0.0,0.0
2023-07-26 10:00:00+08:00,15.050000190734863,15.050000190734863,15.0,15.0,11541,0.0,0.0
2023-07-26 11:00:00+08:00,15.050000190734863,15.050000190734863,14.949999809265137,14.949999809265137,3915,0.0,0.0
2023-07-26 12:00:00+08:00,14.899999618530273,14.899999618530273,14.800000190734863,14.800000190734863,16318,0.0,0.0
2023-07-26 13:00:00+08:00,14.800000190734863,15.050000190734863,14.800000190734863,15.050000190734863,0,0.0,0.0
2023-07-27 09:00:00+08:00,14.699999809265137,14.899999618530273,14.699999809265137,14.899999618530273,6320,0.0,0.0
2023-07-27 10:00:00+08:00,14.75,14.75,14.100000381469727,14.199999809265137,366195,0.0,0.0
2023-07-27 11:00:00+08:00,14.199999809265137,14.300000190734863,14.0,14.149999618530273,588074,0.0,0.0
2023-07-27 12:00:00+08:00,14.149999618530273,14.199999809265137,14.0,14.149999618530273,184875,0.0,0.0
2023-07-27 13:00:00+08:00,14.149999618530273,14.149999618530273,14.050000190734863,14.149999618530273,116139,0.0,0.0
2023-07-28 09:00:00+08:00,14.199999809265137,14.25,14.0,14.050000190734863,84942,0.0,0.0
2023-07-28 10:00:00+08:00,14.050000190734863,14.100000381469727,14.0,14.100000381469727,38700,0.0,0.0
2023-07-28 11:00:00+08:00,14.100000381469727,14.100000381469727,13.800000190734863,14.0,134082,0.0,0.0
2023-07-28 12:00:00+08:00,14.0,14.100000381469727,13.800000190734863,13.800000190734863,193269,0.0,0.0
2023-07-28 13:00:00+08:00,13.800000190734863,13.800000190734863,13.600000381469727,13.800000190734863,103550,0.0,0.0
2023-07-31 09:00:00+08:00,13.949999809265137,14.050000190734863,13.699999809265137,13.75,0,0.0,0.0
2023-07-31 10:00:00+08:00,13.75,13.75,13.649999618530273,13.649999618530273,73063,0.0,0.0
2023-07-31 11:00:00+08:00,13.75,13.75,13.699999809265137,13.699999809265137,18467,0.0,0.0
2023-07-31 12:00:00+08:00,13.699999809265137,13.800000190734863,13.699999809265137,13.699999809265137,46927,0.0,0.0
2023-07-31 13:00:00+08:00,13.75,13.75,13.649999618530273,13.699999809265137,49435,0.0,0.0
2023-08-01 09:00:00+08:00,13.649999618530273,13.850000381469727,13.649999618530273,13.850000381469727,20136,0.0,0.0
2023-08-01 10:00:00+08:00,13.800000190734863,13.850000381469727,13.800000190734863,13.850000381469727,19176,0.0,0.0
2023-08-01 11:00:00+08:00,13.800000190734863,13.800000190734863,13.800000190734863,13.800000190734863,22255,0.0,0.0
2023-08-01 12:00:00+08:00,13.800000190734863,13.800000190734863,13.75,13.75,22249,0.0,0.0
2023-08-01 13:00:00+08:00,13.699999809265137,13.800000190734863,13.699999809265137,13.800000190734863,5201,0.0,0.0
2023-08-02 09:00:00+08:00,13.75,13.800000190734863,13.5,13.800000190734863,40917,0.0,0.0
2023-08-02 10:00:00+08:00,13.75,13.75,13.75,13.75,1360,0.0,0.0
2023-08-02 11:00:00+08:00,13.75,13.800000190734863,13.75,13.800000190734863,6045,0.0,0.0
2023-08-02 12:00:00+08:00,13.75,13.75,13.699999809265137,13.699999809265137,18101,0.0,0.0
2023-08-02 13:00:00+08:00,13.699999809265137,13.699999809265137,13.699999809265137,13.699999809265137,14449,0.0,0.0
2023-08-04 10:00:00+08:00,13.75,13.75,13.699999809265137,13.699999809265137,9312,0.0,0.0
2023-08-04 11:00:00+08:00,13.75,13.75,13.75,13.75,4417,0.0,0.0
2023-08-04 12:00:00+08:00,13.800000190734863,13.800000190734863,13.75,13.75,3098,0.0,0.0
2023-08-04 13:00:00+08:00,13.75,13.75,13.699999809265137,13.699999809265137,8260,0.0,0.0
2023-08-07 09:00:00+08:00,13.75,13.800000190734863,13.75,13.800000190734863,0,0.0,0.0
2023-08-07 10:00:00+08:00,13.699999809265137,13.800000190734863,13.600000381469727,13.800000190734863,8933,0.0,0.0
2023-08-07 12:00:00+08:00,13.75,13.75,13.75,13.75,1000,0.0,0.0
2023-08-07 13:00:00+08:00,13.699999809265137,13.800000190734863,13.699999809265137,13.75,0,0.0,0.0
2023-08-08 09:00:00+08:00,13.75,13.75,13.75,13.75,1820,0.0,0.0
2023-08-08 10:00:00+08:00,13.649999618530273,13.699999809265137,13.649999618530273,13.649999618530273,9294,0.0,0.0
2023-08-08 12:00:00+08:00,13.649999618530273,13.699999809265137,13.600000381469727,13.600000381469727,12727,0.0,0.0
2023-08-08 13:00:00+08:00,13.649999618530273,13.699999809265137,13.649999618530273,13.699999809265137,2672,0.0,0.0
2023-08-09 09:00:00+08:00,13.75,13.75,13.75,13.75,1273,0.0,0.0
2023-08-09 10:00:00+08:00,13.75,13.75,13.649999618530273,13.649999618530273,24751,0.0,0.0
2023-08-09 11:00:00+08:00,13.600000381469727,13.649999618530273,13.600000381469727,13.649999618530273,8127,0.0,0.0
2023-08-09 13:00:00+08:00,13.649999618530273,13.649999618530273,13.600000381469727,13.600000381469727,13106,0.0,0.0
2023-08-10 09:00:00+08:00,13.5,13.550000190734863,13.5,13.550000190734863,17065,0.0,0.0
2023-08-10 10:00:00+08:00,13.449999809265137,13.5,13.399999618530273,13.399999618530273,23187,0.0,0.0
2023-08-10 11:00:00+08:00,13.399999618530273,13.5,13.300000190734863,13.5,72908,0.0,0.0
2023-08-10 12:00:00+08:00,13.5,13.550000190734863,13.5,13.550000190734863,26716,0.0,0.0
2023-08-10 13:00:00+08:00,13.600000381469727,13.600000381469727,13.600000381469727,13.600000381469727,1186,0.0,0.0
2023-08-11 09:00:00+08:00,13.600000381469727,13.600000381469727,13.550000190734863,13.550000190734863,9029,0.0,0.0
2023-08-11 10:00:00+08:00,13.550000190734863,13.550000190734863,13.300000190734863,13.399999618530273,58370,0.0,0.0
2023-08-11 11:00:00+08:00,13.449999809265137,13.449999809265137,13.350000381469727,13.399999618530273,13821,0.0,0.0
2023-08-11 12:00:00+08:00,13.399999618530273,13.449999809265137,13.399999618530273,13.449999809265137,6050,0.0,0.0
2023-08-11 13:00:00+08:00,13.449999809265137,13.449999809265137,13.199999809265137,13.199999809265137,67735,0.0,0.0
2023-08-14 09:00:00+08:00,13.75,13.75,13.0,13.350000381469727,0,0.0,0.0
2023-08-14 10:00:00+08:00,13.350000381469727,13.350000381469727,13.350000381469727,13.350000381469727,6905,0.0,0.0
2023-08-14 11:00:00+08:00,13.300000190734863,13.300000190734863,13.300000190734863,13.300000190734863,12936,0.0,0.0
2023-08-14 12:00:00+08:00,13.300000190734863,13.300000190734863,13.300000190734863,13.300000190734863,1289,0.0,0.0
2023-08-14 13:00:00+08:00,13.25,13.25,13.25,13.25,0,0.0,0.0
2023-08-15 09:00:00+08:00,13.149999618530273,13.350000381469727,13.100000381469727,13.350000381469727,4954,0.0,0.0
2023-08-15 11:00:00+08:00,13.25,13.300000190734863,13.199999809265137,13.25,9258,0.0,0.0
2023-08-15 12:00:00+08:00,13.25,13.25,13.199999809265137,13.199999809265137,10659,0.0,0.0
2023-08-15 13:00:00+08:00,13.300000190734863,13.300000190734863,13.300000190734863,13.300000190734863,0,0.0,0.0
2023-08-16 11:00:00+08:00,13.300000190734863,13.350000381469727,13.300000190734863,13.350000381469727,3680,0.0,0.0
2023-08-16 12:00:00+08:00,13.350000381469727,13.399999618530273,13.350000381469727,13.399999618530273,2231,0.0,0.0
2023-08-16 13:00:00+08:00,13.399999618530273,13.399999618530273,13.399999618530273,13.399999618530273,0,0.0,0.0
2023-08-17 10:00:00+08:00,13.149999618530273,13.149999618530273,13.0,13.149999618530273,85421,0.0,0.0
2023-08-17 11:00:00+08:00,13.149999618530273,13.300000190734863,13.149999618530273,13.300000190734863,24737,0.0,0.0
2023-08-17 12:00:00+08:00,13.300000190734863,13.300000190734863,13.300000190734863,13.300000190734863,5943,0.0,0.0
2023-08-17 13:00:00+08:00,13.300000190734863,13.300000190734863,13.199999809265137,13.199999809265137,29463,0.0,0.0
2023-08-18 09:00:00+08:00,13.199999809265137,13.199999809265137,13.199999809265137,13.199999809265137,4463,0.0,0.0
2023-08-18 10:00:00+08:00,13.100000381469727,13.100000381469727,13.0,13.0,44205,0.0,0.0
2023-08-18 11:00:00+08:00,13.0,13.0,12.899999618530273,12.949999809265137,119834,0.0,0.0
2023-08-18 12:00:00+08:00,12.899999618530273,12.949999809265137,12.800000190734863,12.800000190734863,64364,0.0,0.0
2023-08-18 13:00:00+08:00,12.899999618530273,12.899999618530273,12.899999618530273,12.899999618530273,6329,0.0,0.0
2023-08-21 09:00:00+08:00,12.949999809265137,12.949999809265137,12.949999809265137,12.949999809265137,0,0.0,0.0
2023-08-21 10:00:00+08:00,12.949999809265137,12.949999809265137,12.899999618530273,12.899999618530273,11447,0.0,0.0
2023-08-21 11:00:00+08:00,12.899999618530273,12.949999809265137,12.899999618530273,12.949999809265137,11832,0.0,0.0
2023-08-21 13:00:00+08:00,12.949999809265137,12.949999809265137,12.949999809265137,12.949999809265137,0,0.0,0.0
2023-08-22 09:00:00+08:00,12.949999809265137,12.949999809265137,12.699999809265137,12.699999809265137,48866,0.0,0.0
2023-08-22 10:00:00+08:00,12.75,12.800000190734863,12.649999618530273,12.699999809265137,90240,0.0,0.0
2023-08-22 11:00:00+08:00,12.649999618530273,12.649999618530273,12.399999618530273,12.5,181489,0.0,0.0
2023-08-22 12:00:00+08:00,12.5,12.5,12.300000190734863,12.399999618530273,180152,0.0,0.0
2023-08-22 13:00:00+08:00,12.399999618530273,12.449999809265137,12.399999618530273,12.449999809265137,34145,0.0,0.0
2023-08-23 09:00:00+08:00,12.600000381469727,12.649999618530273,12.449999809265137,12.649999618530273,0,0.0,0.0
2023-08-23 11:00:00+08:00,12.649999618530273,12.649999618530273,12.649999618530273,12.649999618530273,7451,0.0,0.0
2023-08-23 12:00:00+08:00,12.649999618530273,12.649999618530273,12.649999618530273,12.649999618530273,11659,0.0,0.0
2023-08-23 13:00:00+08:00,12.699999809265137,12.699999809265137,12.649999618530273,12.649999618530273,2869,0.0,0.0
2023-08-24 09:00:00+08:00,12.5,12.5,12.5,12.5,10074,0.0,0.0
2023-08-24 10:00:00+08:00,12.550000190734863,12.550000190734863,12.550000190734863,12.550000190734863,5803,0.0,0.0
2023-08-24 11:00:00+08:00,12.550000190734863,12.550000190734863,12.550000190734863,12.550000190734863,4879,0.0,0.0
2023-08-24 12:00:00+08:00,12.550000190734863,12.550000190734863,12.5,12.5,4000,0.0,0.0
2023-08-24 13:00:00+08:00,12.5,12.5,12.300000190734863,12.300000190734863,76734,0.0,0.0
2023-08-25 09:00:00+08:00,12.5,12.5,12.5,12.5,5715,0.0,0.0
2023-08-25 10:00:00+08:00,12.5,12.5,12.5,12.5,4767,0.0,0.0
2023-08-25 11:00:00+08:00,12.550000190734863,12.550000190734863,12.550000190734863,12.550000190734863,3273,0.0,0.0
2023-08-25 12:00:00+08:00,12.600000381469727,12.600000381469727,12.600000381469727,12.600000381469727,5386,0.0,0.0
2023-08-28 09:00:00+08:00,12.699999809265137,12.800000190734863,12.699999809265137,12.699999809265137,0,0.0,0.0
2023-08-28 10:00:00+08:00,12.699999809265137,12.699999809265137,12.699999809265137,12.699999809265137,3116,0.0,0.0
2023-08-28 11:00:00+08:00,12.699999809265137,12.699999809265137,12.699999809265137,12.699999809265137,3469,0.0,0.0
2023-08-28 12:00:00+08:00,12.699999809265137,12.699999809265137,12.699999809265137,12.699999809265137,8439,0.0,0.0
2023-08-29 09:00:00+08:00,12.949999809265137,13.199999809265137,12.949999809265137,12.949999809265137,7648,0.0,0.0
2023-08-29 10:00:00+08:00,12.949999809265137,12.949999809265137,12.949999809265137,12.949999809265137,4878,0.0,0.0
2023-08-29 11:00:00+08:00,12.899999618530273,12.949999809265137,12.899999618530273,12.949999809265137,4425,0.0,0.0
2023-08-29 12:00:00+08:00,12.949999809265137,12.949999809265137,12.949999809265137,12.949999809265137,2416,0.0,0.0
2023-08-30 09:00:00+08:00,13.25,13.300000190734863,13.25,13.300000190734863,4110,0.0,0.0
2023-08-30 10:00:00+08:00,13.25,13.25,13.25,13.25,3628,0.0,0.0
2023-08-30 12:00:00+08:00,13.100000381469727,13.100000381469727,12.850000381469727,12.949999809265137,16929,0.0,0.0
2023-08-30 13:00:00+08:00,12.949999809265137,13.0,12.949999809265137,13.0,4405,0.0,0.0
2023-08-31 09:00:00+08:00,13.0,13.0,12.5,12.75,1246,0.0,0.0
2023-08-31 10:00:00+08:00,12.75,12.850000381469727,12.75,12.850000381469727,4541,0.0,0.0
2023-08-31 11:00:00+08:00,12.800000190734863,12.800000190734863,12.800000190734863,12.800000190734863,2235,0.0,0.0
2023-08-31 12:00:00+08:00,12.800000190734863,12.850000381469727,12.800000190734863,12.850000381469727,5731,0.0,0.0
2023-08-31 13:00:00+08:00,12.850000381469727,12.899999618530273,12.75,12.899999618530273,0,0.0,0.0
2023-09-01 09:00:00+08:00,13.149999618530273,13.149999618530273,13.149999618530273,13.149999618530273,2724,0.0,0.0
2023-09-01 10:00:00+08:00,13.100000381469727,13.100000381469727,13.050000190734863,13.050000190734863,2834,0.0,0.0
2023-09-01 11:00:00+08:00,13.100000381469727,13.350000381469727,13.100000381469727,13.350000381469727,20001,0.0,0.0
2023-09-01 12:00:00+08:00,13.350000381469727,13.399999618530273,13.350000381469727,13.399999618530273,3043,0.0,0.0
2023-09-01 13:00:00+08:00,13.300000190734863,13.300000190734863,13.25,13.25,6643,0.0,0.0
2023-09-04 09:00:00+08:00,13.5,13.5,13.5,13.5,0,0.0,0.0
2023-09-04 12:00:00+08:00,13.449999809265137,13.449999809265137,13.300000190734863,13.449999809265137,7768,0.0,0.0
2023-09-05 09:00:00+08:00,13.449999809265137,13.600000381469727,13.449999809265137,13.600000381469727,0,0.0,0.0
2023-09-05 10:00:00+08:00,13.550000190734863,13.550000190734863,13.550000190734863,13.550000190734863,3001,0.0,0.0
2023-09-05 11:00:00+08:00,13.600000381469727,13.600000381469727,13.600000381469727,13.600000381469727,1575,0.0,0.0
2023-09-05 12:00:00+08:00,13.600000381469727,13.600000381469727,13.600000381469727,13.600000381469727,0,0.0,0.0
2023-09-06 10:00:00+08:00,13.600000381469727,13.600000381469727,13.600000381469727,13.600000381469727,2256,0.0,0.0
2023-09-06 12:00:00+08:00,13.550000190734863,13.550000190734863,13.5,13.5,5887,0.0,0.0
2023-09-06 13:00:00+08:00,13.449999809265137,13.449999809265137,13.449999809265137,13.449999809265137,1118,0.0,0.0
2023-09-07 10:00:00+08:00,13.399999618530273,13.399999618530273,13.149999618530273,13.149999618530273,19107,0.0,0.0
2023-09-07 11:00:00+08:00,13.300000190734863,13.300000190734863,13.300000190734863,13.300000190734863,1836,0.0,0.0
2023-09-07 12:00:00+08:00,13.199999809265137,13.199999809265137,13.199999809265137,13.199999809265137,2634,0.0,0.0
2023-09-08 10:00:00+08:00,13.300000190734863,13.300000190734863,13.300000190734863,13.300000190734863,1472,0.0,0.0
2023-09-08 12:00:00+08:00,13.300000190734863,13.350000381469727,13.300000190734863,13.350000381469727,2517,0.0,0.0
2023-09-11 09:00:00+08:00,13.5,13.600000381469727,13.5,13.600000381469727,0,0.0,0.0
2023-09-12 13:00:00+08:00,13.25,13.25,13.25,13.25,0,0.0,0.0
2023-09-13 10:00:00+08:00,13.300000190734863,13.300000190734863,13.300000190734863,13.300000190734863,1560,0.0,0.0
2023-09-13 11:00:00+08:00,13.399999618530273,13.399999618530273,13.300000190734863,13.300000190734863,12223,0.0,0.0
2023-09-13 12:00:00+08:00,13.300000190734863,13.300000190734863,13.300000190734863,13.300000190734863,6299,0.0,0.0
2023-09-14 09:00:00+08:00,13.399999618530273,13.5,13.399999618530273,13.5,445,0.0,0.0
2023-09-15 10:00:00+08:00,13.449999809265137,13.449999809265137,13.149999618530273,13.149999618530273,4459,0.0,0.0
2023-09-15 11:00:00+08:00,13.199999809265137,13.199999809265137,13.199999809265137,13.199999809265137,1902,0.0,0.0
2023-09-15 12:00:00+08:00,13.199999809265137,13.399999618530273,13.199999809265137,13.399999618530273,9349,0.0,0.0
2023-09-18 12:00:00+08:00,13.350000381469727,13.350000381469727,13.350000381469727,13.350000381469727,0,0.0,0.0
2023-09-19 10:00:00+08:00,13.449999809265137,13.449999809265137,13.449999809265137,13.449999809265137,1341,0.0,0.0
2023-09-19 11:00:00+08:00,13.449999809265137,13.5,13.449999809265137,13.5,4200,0.0,0.0
2023-09-19 12:00:00+08:00,13.5,13.5,13.5,13.5,2181,0.0,0.0
2023-09-19 13:00:00+08:00,13.5,13.5,13.5,13.5,0,0.0,0.0
2023-09-20 09:00:00+08:00,13.550000190734863,13.600000381469727,13.550000190734863,13.600000381469727,2600,0.0,0.0
2023-09-20 12:00:00+08:00,13.399999618530273,13.399999618530273,13.399999618530273,13.399999618530273,1000,0.0,0.0
2023-09-20 13:00:00+08:00,13.399999618530273,13.399999618530273,13.399999618530273,13.399999618530273,1990,0.0,0.0
2023-09-21 09:00:00+08:00,13.449999809265137,13.449999809265137,13.449999809265137,13.449999809265137,0,0.0,0.0
2023-09-21 11:00:00+08:00,13.300000190734863,13.300000190734863,13.300000190734863,13.300000190734863,0,0.0,0.0
2023-09-22 10:00:00+08:00,13.199999809265137,13.199999809265137,13.199999809265137,13.199999809265137,3502,0.0,0.0
2023-09-22 12:00:00+08:00,13.199999809265137,13.199999809265137,13.199999809265137,13.199999809265137,0,0.0,0.0
2023-09-26 09:00:00+08:00,13.199999809265137,13.649999618530273,13.199999809265137,13.649999618530273,7618,0.0,0.0
2023-09-26 10:00:00+08:00,13.199999809265137,13.449999809265137,13.199999809265137,13.449999809265137,2069,0.0,0.0
2023-09-26 11:00:00+08:00,13.449999809265137,13.449999809265137,13.449999809265137,13.449999809265137,1030,0.0,0.0
2023-09-26 12:00:00+08:00,13.449999809265137,13.449999809265137,13.199999809265137,13.449999809265137,0,0.0,0.0
2023-09-27 09:00:00+08:00,13.149999618530273,13.149999618530273,13.149999618530273,13.149999618530273,1128,0.0,0.0
2023-09-27 10:00:00+08:00,13.199999809265137,13.5,13.199999809265137,13.5,4071,0.0,0.0
2023-09-27 11:00:00+08:00,13.5,13.5,13.5,13.5,4191,0.0,0.0
2023-09-27 13:00:00+08:00,13.5,13.5,13.5,13.5,2373,0.0,0.0
2023-09-28 09:00:00+08:00,13.5,13.699999809265137,13.5,13.699999809265137,0,0.0,0.0
2023-09-28 10:00:00+08:00,13.5,13.5,13.5,13.5,1150,0.0,0.0
2023-09-28 11:00:00+08:00,13.600000381469727,13.600000381469727,13.600000381469727,13.600000381469727,1921,0.0,0.0
2023-10-02 12:00:00+08:00,13.399999618530273,13.399999618530273,13.399999618530273,13.399999618530273,0,0.0,0.0
2023-10-03 09:00:00+08:00,13.399999618530273,13.399999618530273,13.199999809265137,13.199999809265137,0,0.0,0.0
2023-10-03 11:00:00+08:00,13.25,13.399999618530273,13.25,13.399999618530273,4852,0.0,0.0
2023-10-03 12:00:00+08:00,13.199999809265137,13.199999809265137,13.199999809265137,13.199999809265137,4799,0.0,0.0
2023-10-04 10:00:00+08:00,13.149999618530273,13.149999618530273,13.0,13.0,8788,0.0,0.0
2023-10-04 11:00:00+08:00,13.199999809265137,13.199999809265137,13.199999809265137,13.199999809265137,1523,0.0,0.0
2023-10-04 12:00:00+08:00,13.199999809265137,13.199999809265137,13.199999809265137,13.199999809265137,1968,0.0,0.0
2023-10-04 13:00:00+08:00,13.350000381469727,13.350000381469727,13.350000381469727,13.350000381469727,0,0.0,0.0
2023-10-05 10:00:00+08:00,13.199999809265137,13.199999809265137,13.149999618530273,13.149999618530273,4450,0.0,0.0
2023-10-05 12:00:00+08:00,13.25,13.399999618530273,13.25,13.399999618530273,3052,0.0,0.0
2023-10-05 13:00:00+08:00,13.149999618530273,13.149999618530273,13.149999618530273,13.149999618530273,4466,0.0,0.0
2023-10-11 12:00:00+08:00,13.199999809265137,13.199999809265137,13.199999809265137,13.199999809265137,2842,0.0,0.0
2023-10-12 12:00:00+08:00,13.199999809265137,13.300000190734863,13.199999809265137,13.300000190734863,0,0.0,0.0
2023-10-13 09:00:00+08:00,13.149999618530273,13.149999618530273,13.149999618530273,13.149999618530273,1414,0.0,0.0
2023-10-13 10:00:00+08:00,13.149999618530273,13.149999618530273,13.100000381469727,13.100000381469727,6625,0.0,0.0
2023-10-13 12:00:00+08:00,13.149999618530273,13.300000190734863,13.100000381469727,13.300000190734863,10818,0.0,0.0
2023-10-16 09:00:00+08:00,13.100000381469727,13.100000381469727,13.100000381469727,13.100000381469727,0,0.0,0.0
2023-10-16 12:00:00+08:00,13.149999618530273,13.149999618530273,13.149999618530273,13.149999618530273,2702,0.0,0.0
2023-10-16 13:00:00+08:00,13.149999618530273,13.149999618530273,13.149999618530273,13.149999618530273,0,0.0,0.0
2023-10-17 09:00:00+08:00,12.949999809265137,12.949999809265137,12.949999809265137,12.949999809265137,1258,0.0,0.0
2023-10-17 10:00:00+08:00,13.0,13.100000381469727,13.0,13.0,3175,0.0,0.0
2023-10-17 12:00:00+08:00,13.100000381469727,13.300000190734863,13.100000381469727,13.300000190734863,2900,0.0,0.0
2023-10-17 13:00:00+08:00,13.100000381469727,13.100000381469727,13.050000190734863,13.050000190734863,5965,0.0,0.0
2023-10-18 09:00:00+08:00,12.949999809265137,13.0,12.949999809265137,13.0,0,0.0,0.0
2023-10-18 10:00:00+08:00,13.0,13.0,13.0,13.0,2225,0.0,0.0
2023-10-18 11:00:00+08:00,13.0,13.0,12.899999618530273,13.0,12810,0.0,0.0
2023-10-18 12:00:00+08:00,13.050000190734863,13.649999618530273,13.0,13.649999618530273,20944,0.0,0.0
2023-10-18 13:00:00+08:00,13.449999809265137,13.5,13.449999809265137,13.5,3020,0.0,0.0
2023-10-19 10:00:00+08:00,13.050000190734863,13.050000190734863,13.050000190734863,13.050000190734863,5647,0.0,0.0
2023-10-19 12:00:00+08:00,13.050000190734863,13.25,13.050000190734863,13.25,0,0.0,0.0
2023-10-20 13:00:00+08:00,13.25,13.399999618530273,13.25,13.399999618530273,4176,0.0,0.0
2023-10-23 09:00:00+08:00,13.149999618530273,13.149999618530273,13.149999618530273,13.149999618530273,0,0.0,0.0
2023-10-23 10:00:00+08:00,13.399999618530273,13.5,13.399999618530273,13.449999809265137,5411,0.0,0.0
2023-10-23 12:00:00+08:00,13.25,13.5,13.25,13.5,21458,0.0,0.0
2023-10-23 13:00:00+08:00,13.399999618530273,13.399999618530273,13.399999618530273,13.399999618530273,1176,0.0,0.0
2023-10-24 09:00:00+08:00,13.5,13.649999618530273,13.5,13.649999618530273,3000,0.0,0.0
2023-10-24 10:00:00+08:00,13.449999809265137,13.449999809265137,13.449999809265137,13.449999809265137,2612,0.0,0.0
2023-10-25 09:00:00+08:00,13.600000381469727,13.600000381469727,13.600000381469727,13.600000381469727,0,0.0,0.0
2023-10-25 12:00:00+08:00,13.5,13.850000381469727,13.5,13.850000381469727,24023,0.0,0.0
2023-10-25 13:00:00+08:00,13.800000190734863,13.850000381469727,13.800000190734863,13.850000381469727,12000,0.0,0.0
2023-10-26 09:00:00+08:00,13.300000190734863,13.649999618530273,13.300000190734863,13.649999618530273,0,0.0,0.0
2023-10-26 10:00:00+08:00,13.649999618530273,13.699999809265137,13.649999618530273,13.699999809265137,12398,0.0,0.0
2023-10-26 11:00:00+08:00,13.649999618530273,14.0,13.649999618530273,13.899999618530273,32207,0.0,0.0
2023-10-26 12:00:00+08:00,13.899999618530273,14.0,13.899999618530273,13.949999809265137,39337,0.0,0.0
2023-10-26 13:00:00+08:00,13.949999809265137,13.949999809265137,13.600000381469727,13.899999618530273,0,0.0,0.0
2023-10-27 09:00:00+08:00,14.0,14.600000381469727,14.0,14.0,21076,0.0,0.0
2023-10-27 10:00:00+08:00,13.949999809265137,14.0,13.949999809265137,14.0,6000,0.0,0.0
2023-10-27 11:00:00+08:00,13.899999618530273,14.0,13.75,14.0,21727,0.0,0.0
2023-10-27 12:00:00+08:00,14.0,14.0,13.600000381469727,13.949999809265137,15796,0.0,0.0
2023-10-27 13:00:00+08:00,13.899999618530273,13.899999618530273,13.899999618530273,13.899999618530273,1000,0.0,0.0
2023-10-30 09:00:00+08:00,14.0,14.0,14.0,14.0,0,0.0,0.0
2023-10-30 10:00:00+08:00,14.0,14.100000381469727,14.0,14.100000381469727,9400,0.0,0.0
2023-10-30 11:00:00+08:00,14.050000190734863,14.100000381469727,14.0,14.0,7840,0.0,0.0
2023-10-31 09:00:00+08:00,14.050000190734863,14.050000190734863,14.050000190734863,14.050000190734863,0,0.0,0.0
2023-10-31 10:00:00+08:00,14.0,14.0,14.0,14.0,2169,0.0,0.0
2023-10-31 11:00:00+08:00,14.0,14.0,13.949999809265137,14.0,29874,0.0,0.0
2023-10-31 12:00:00+08:00,14.0,14.5,14.0,14.5,117225,0.0,0.0
2023-10-31 13:00:00+08:00,14.449999809265137,14.449999809265137,14.449999809265137,14.449999809265137,16735,0.0,0.0
2023-11-01 09:00:00+08:00,14.850000381469727,14.850000381469727,14.5,14.5,0,0.0,0.0
2023-11-01 12:00:00+08:00,14.199999809265137,14.350000381469727,14.149999618530273,14.149999618530273,0,0.0,0.0
2023-11-01 13:00:00+08:00,14.350000381469727,14.350000381469727,14.149999618530273,14.149999618530273,29831,0.0,0.0
2023-11-02 09:00:00+08:00,14.149999618530273,14.5,14.0,14.0,22294,0.0,0.0
2023-11-02 10:00:00+08:00,14.300000190734863,14.350000381469727,14.050000190734863,14.050000190734863,12117,0.0,0.0
2023-11-02 11:00:00+08:00,14.050000190734863,14.199999809265137,14.050000190734863,14.199999809265137,3800,0.0,0.0
2023-11-02 12:00:00+08:00,14.100000381469727,14.100000381469727,14.100000381469727,14.100000381469727,1943,0.0,0.0
2023-11-02 13:00:00+08:00,14.100000381469727,14.100000381469727,14.100000381469727,14.100000381469727,2229,0.0,0.0
2023-11-03 10:00:00+08:00,14.199999809265137,14.199999809265137,14.199999809265137,14.199999809265137,2073,0.0,0.0
2023-11-03 11:00:00+08:00,14.0,14.0,14.0,14.0,2120,0.0,0.0
2023-11-03 12:00:00+08:00,14.0,14.25,14.0,14.25,11139,0.0,0.0
2023-11-06 09:00:00+08:00,14.25,14.25,14.25,14.25,0,0.0,0.0
2023-11-06 11:00:00+08:00,14.0,14.25,14.0,14.25,12304,0.0,0.0
2023-11-07 09:00:00+08:00,14.25,14.350000381469727,14.25,14.350000381469727,2156,0.0,0.0
2023-11-07 10:00:00+08:00,14.350000381469727,14.350000381469727,14.350000381469727,14.350000381469727,1050,0.0,0.0
2023-11-07 11:00:00+08:00,14.100000381469727,14.100000381469727,14.100000381469727,14.100000381469727,46425,0.0,0.0
2023-11-07 12:00:00+08:00,14.149999618530273,14.300000190734863,14.149999618530273,14.300000190734863,2799,0.0,0.0
2023-11-08 09:00:00+08:00,14.350000381469727,14.350000381469727,14.350000381469727,14.350000381469727,1174,0.0,0.0
2023-11-08 10:00:00+08:00,14.350000381469727,14.350000381469727,14.350000381469727,14.350000381469727,4596,0.0,0.0
2023-11-08 12:00:00+08:00,14.149999618530273,14.399999618530273,14.149999618530273,14.399999618530273,5052,0.0,0.0
2023-11-08 13:00:00+08:00,14.399999618530273,14.399999618530273,14.399999618530273,14.399999618530273,3350,0.0,0.0
2023-11-09 09:00:00+08:00,14.149999618530273,14.5,14.149999618530273,14.449999809265137,0,0.0,0.0
2023-11-09 11:00:00+08:00,14.399999618530273,14.399999618530273,14.399999618530273,14.399999618530273,3331,0.0,0.0
2023-11-10 12:00:00+08:00,14.350000381469727,14.350000381469727,14.350000381469727,14.350000381469727,1375,0.0,0.0
2023-11-10 13:00:00+08:00,14.350000381469727,14.350000381469727,14.350000381469727,14.350000381469727,1000,0.0,0.0
2023-11-13 09:00:00+08:00,14.149999618530273,14.149999618530273,14.149999618530273,14.149999618530273,0,0.0,0.0
2023-11-13 10:00:00+08:00,14.149999618530273,14.149999618530273,14.149999618530273,14.149999618530273,1100,0.0,0.0
2023-11-13 12:00:00+08:00,14.149999618530273,14.350000381469727,14.149999618530273,14.350000381469727,4013,0.0,0.0
2023-11-14 11:00:00+08:00,14.350000381469727,14.350000381469727,14.350000381469727,14.350000381469727,3883,0.0,0.0
2023-11-15 09:00:00+08:00,14.350000381469727,14.899999618530273,14.350000381469727,14.899999618530273,0,0.0,0.0
2023-11-15 10:00:00+08:00,14.649999618530273,14.649999618530273,14.199999809265137,14.199999809265137,6096,0.0,0.0
2023-11-15 12:00:00+08:00,14.199999809265137,14.399999618530273,14.199999809265137,14.399999618530273,5129,0.0,0.0
2023-11-16 09:00:00+08:00,14.199999809265137,14.449999809265137,14.199999809265137,14.449999809265137,0,0.0,0.0
2023-11-16 10:00:00+08:00,14.449999809265137,14.449999809265137,14.449999809265137,14.449999809265137,1987,0.0,0.0
2023-11-17 12:00:00+08:00,14.199999809265137,14.449999809265137,14.199999809265137,14.449999809265137,2030,0.0,0.0
2023-11-20 13:00:00+08:00,14.199999809265137,14.449999809265137,14.199999809265137,14.449999809265137,0,0.0,0.0
2023-11-21 09:00:00+08:00,14.399999618530273,14.399999618530273,14.100000381469727,14.100000381469727,8175,0.0,0.0
2023-11-21 10:00:00+08:00,14.199999809265137,14.199999809265137,14.199999809265137,14.199999809265137,1682,0.0,0.0
2023-11-21 12:00:00+08:00,14.199999809265137,14.449999809265137,14.149999618530273,14.149999618530273,10320,0.0,0.0
2023-11-21 13:00:00+08:00,14.350000381469727,14.350000381469727,14.350000381469727,14.350000381469727,1550,0.0,0.0
2023-11-22 09:00:00+08:00,14.350000381469727,14.350000381469727,14.350000381469727,14.350000381469727,0,0.0,0.0
2023-11-22 10:00:00+08:00,14.350000381469727,14.350000381469727,14.350000381469727,14.350000381469727,3780,0.0,0.0
2023-11-22 12:00:00+08:00,14.350000381469727,14.350000381469727,14.350000381469727,14.350000381469727,1001,0.0,0.0
2023-11-22 13:00:00+08:00,14.350000381469727,14.449999809265137,14.350000381469727,14.449999809265137,4000,0.0,0.0
2023-11-23 11:00:00+08:00,14.449999809265137,14.449999809265137,14.300000190734863,14.300000190734863,2224,0.0,0.0
2023-11-24 11:00:00+08:00,14.199999809265137,14.199999809265137,14.199999809265137,14.199999809265137,8304,0.0,0.0
2023-11-24 12:00:00+08:00,14.199999809265137,14.399999618530273,14.199999809265137,14.399999618530273,2590,0.0,0.0
2023-11-24 13:00:00+08:00,14.149999618530273,14.149999618530273,14.149999618530273,14.149999618530273,1000,0.0,0.0
2023-11-27 10:00:00+08:00,14.050000190734863,14.050000190734863,14.0,14.050000190734863,13764,0.0,0.0
2023-11-27 11:00:00+08:00,14.050000190734863,14.050000190734863,14.050000190734863,14.050000190734863,1000,0.0,0.0
2023-11-27 12:00:00+08:00,14.050000190734863,14.149999618530273,14.0,14.149999618530273,3402,0.0,0.0
2023-11-27 13:00:00+08:00,14.149999618530273,15.350000381469727,14.149999618530273,15.350000381469727,34894,0.0,0.0
2023-11-28 09:00:00+08:00,15.0,15.0,14.949999809265137,15.0,8231,0.0,0.0
2023-11-28 10:00:00+08:00,15.0,15.0,15.0,15.0,10220,0.0,0.0
2023-11-28 11:00:00+08:00,15.0,15.149999618530273,15.0,15.100000381469727,16195,0.0,0.0
2023-11-28 12:00:00+08:00,14.949999809265137,15.0,14.949999809265137,15.0,3312,0.0,0.0
2023-11-28 13:00:00+08:00,15.0,15.199999809265137,15.0,15.199999809265137,23193,0.0,0.0
2023-11-29 09:00:00+08:00,15.0,15.0,14.800000190734863,14.800000190734863,10158,0.0,0.0
2023-11-29 10:00:00+08:00,14.800000190734863,14.800000190734863,14.800000190734863,14.800000190734863,2220,0.0,0.0
2023-11-29 11:00:00+08:00,14.850000381469727,14.850000381469727,14.850000381469727,14.850000381469727,1070,0.0,0.0
2023-11-29 12:00:00+08:00,15.0,15.149999618530273,15.0,15.149999618530273,53427,0.0,0.0
2023-11-29 13:00:00+08:00,15.149999618530273,15.199999809265137,15.149999618530273,15.199999809265137,6338,0.0,0.0
2023-11-30 09:00:00+08:00,15.149999618530273,15.149999618530273,15.149999618530273,15.149999618530273,0,0.0,0.0
2023-11-30 12:00:00+08:00,15.050000190734863,15.75,15.050000190734863,15.75,43803,0.0,0.0
2023-12-01 09:00:00+08:00,15.699999809265137,15.949999809265137,15.350000381469727,15.800000190734863,0,0.0,0.0
2023-12-01 10:00:00+08:00,15.699999809265137,15.75,15.699999809265137,15.75,2307,0.0,0.0
2023-12-01 11:00:00+08:00,15.75,15.75,15.75,15.75,4447,0.0,0.0
2023-12-01 12:00:00+08:00,15.5,15.699999809265137,15.5,15.699999809265137,4122,0.0,0.0
2023-12-04 10:00:00+08:00,15.350000381469727,15.800000190734863,15.350000381469727,15.800000190734863,4556,0.0,0.0
2023-12-04 12:00:00+08:00,15.699999809265137,15.800000190734863,15.699999809265137,15.800000190734863,24293,0.0,0.0
2023-12-04 13:00:00+08:00,15.800000190734863,15.800000190734863,15.75,15.75,3751,0.0,0.0
2023-12-05 12:00:00+08:00,15.399999618530273,15.5,15.399999618530273,15.5,9018,0.0,0.0
2023-12-05 13:00:00+08:00,15.449999809265137,15.449999809265137,15.399999618530273,15.399999618530273,2010,0.0,0.0
2023-12-06 09:00:00+08:00,15.399999618530273,15.399999618530273,15.399999618530273,15.399999618530273,0,0.0,0.0
2023-12-06 10:00:00+08:00,15.5,15.75,15.5,15.75,4460,0.0,0.0
2023-12-06 11:00:00+08:00,15.699999809265137,15.699999809265137,15.699999809265137,15.699999809265137,3746,0.0,0.0
2023-12-06 12:00:00+08:00,15.699999809265137,15.699999809265137,15.449999809265137,15.699999809265137,21327,0.0,0.0
2023-12-06 13:00:00+08:00,15.699999809265137,15.899999618530273,15.699999809265137,15.850000381469727,56944,0.0,0.0
2023-12-07 09:00:00+08:00,16.0,16.149999618530273,16.0,16.0,6452,0.0,0.0
2023-12-07 10:00:00+08:00,16.0,16.100000381469727,16.0,16.0,22142,0.0,0.0
2023-12-07 12:00:00+08:00,15.699999809265137,15.800000190734863,15.649999618530273,15.800000190734863,10660,0.0,0.0
2023-12-07 13:00:00+08:00,15.699999809265137,15.699999809265137,15.699999809265137,15.699999809265137,1260,0.0,0.0
2023-12-08 10:00:00+08:00,15.649999618530273,15.649999618530273,15.649999618530273,15.649999618530273,4953,0.0,0.0
2023-12-08 11:00:00+08:00,15.649999618530273,15.699999809265137,15.649999618530273,15.699999809265137,2756,0.0,0.0
2023-12-08 12:00:00+08:00,15.699999809265137,15.75,15.699999809265137,15.75,4979,0.0,0.0
2023-12-11 09:00:00+08:00,15.5,15.5,15.350000381469727,15.350000381469727,0,0.0,0.0
2023-12-11 10:00:00+08:00,15.350000381469727,15.350000381469727,15.300000190734863,15.300000190734863,2427,0.0,0.0
2023-12-11 11:00:00+08:00,15.350000381469727,15.350000381469727,15.350000381469727,15.350000381469727,2356,0.0,0.0
2023-12-11 12:00:00+08:00,15.350000381469727,15.600000381469727,15.350000381469727,15.600000381469727,3122,0.0,0.0
2023-12-11 13:00:00+08:00,15.550000190734863,15.550000190734863,15.5,15.5,5781,0.0,0.0
2023-12-12 09:00:00+08:00,15.550000190734863,15.550000190734863,15.550000190734863,15.550000190734863,0,0.0,0.0
2023-12-12 10:00:00+08:00,15.649999618530273,15.649999618530273,15.600000381469727,15.600000381469727,3070,0.0,0.0
2023-12-12 11:00:00+08:00,15.649999618530273,15.649999618530273,15.5,15.5,6422,0.0,0.0
2023-12-12 12:00:00+08:00,15.699999809265137,15.899999618530273,15.699999809265137,15.899999618530273,34463,0.0,0.0
2023-12-12 13:00:00+08:00,15.899999618530273,16.299999237060547,15.899999618530273,16.25,31560,0.0,0.0
2023-12-13 09:00:00+08:00,16.25,16.299999237060547,16.0,16.25,40569,0.0,0.0
2023-12-13 10:00:00+08:00,16.200000762939453,16.200000762939453,16.200000762939453,16.200000762939453,2754,0.0,0.0
2023-12-13 12:00:00+08:00,16.149999618530273,16.200000762939453,16.049999237060547,16.049999237060547,30107,0.0,0.0
2023-12-13 13:00:00+08:00,16.049999237060547,16.049999237060547,16.049999237060547,16.049999237060547,0,0.0,0.0
2023-12-14 09:00:00+08:00,16.049999237060547,16.200000762939453,15.699999809265137,16.200000762939453,10744,0.0,0.0
2023-12-14 11:00:00+08:00,16.0,16.0,16.0,16.0,2107,0.0,0.0
2023-12-14 12:00:00+08:00,16.0,16.0,15.899999618530273,16.0,13900,0.0,0.0
2023-12-14 13:00:00+08:00,16.0,16.0,16.0,16.0,1046,0.0,0.0
2023-12-15 11:00:00+08:00,16.0,16.0,16.0,16.0,1100,0.0,0.0
2023-12-15 12:00:00+08:00,16.149999618530273,16.149999618530273,16.149999618530273,16.149999618530273,2044,0.0,0.0
2023-12-15 13:00:00+08:00,16.100000381469727,16.149999618530273,16.100000381469727,16.100000381469727,6400,0.0,0.0
2023-12-18 09:00:00+08:00,16.0,16.0,16.0,16.0,8465,0.0,0.0
2023-12-18 10:00:00+08:00,16.0,16.049999237060547,15.899999618530273,15.899999618530273,12049,0.0,0.0
2023-12-18 11:00:00+08:00,15.899999618530273,15.899999618530273,15.850000381469727,15.850000381469727,6325,0.0,0.0
2023-12-18 12:00:00+08:00,15.899999618530273,15.899999618530273,15.899999618530273,15.899999618530273,2849,0.0,0.0
2023-12-18 13:00:00+08:00,16.0,16.049999237060547,16.0,16.0,5112,0.0,0.0
2023-12-19 11:00:00+08:00,16.049999237060547,16.799999237060547,16.049999237060547,16.450000762939453,96609,0.0,0.0
2023-12-19 12:00:00+08:00,16.5,16.5,16.450000762939453,16.5,9435,0.0,0.0
2023-12-19 13:00:00+08:00,16.5,16.850000381469727,16.350000381469727,16.850000381469727,36356,0.0,0.0
2023-12-20 09:00:00+08:00,16.799999237060547,18.399999618530273,16.799999237060547,18.399999618530273,388399,0.0,0.0
2023-12-20 10:00:00+08:00,18.399999618530273,18.399999618530273,18.399999618530273,18.399999618530273,44352,0.0,0.0
2023-12-20 11:00:00+08:00,18.399999618530273,18.399999618530273,18.399999618530273,18.399999618530273,27988,0.0,0.0
2023-12-20 12:00:00+08:00,18.399999618530273,18.399999618530273,18.399999618530273,18.399999618530273,42339,0.0,0.0
2023-12-20 13:00:00+08:00,18.399999618530273,18.399999618530273,18.399999618530273,18.399999618530273,7069,0.0,0.0
2023-12-21 09:00:00+08:00,18.100000381469727,18.399999618530273,17.799999237060547,18.0,0,0.0,0.0
2023-12-21 10:00:00+08:00,17.950000762939453,17.950000762939453,17.5,17.600000381469727,39584,0.0,0.0
2023-12-21 11:00:00+08:00,17.850000381469727,17.850000381469727,17.5,17.600000381469727,41686,0.0,0.0
2023-12-21 12:00:00+08:00,17.600000381469727,18.350000381469727,17.600000381469727,18.299999237060547,34439,0.0,0.0
2023-12-21 13:00:00+08:00,18.299999237060547,18.299999237060547,18.299999237060547,18.299999237060547,2039,0.0,0.0
2023-12-22 09:00:00+08:00,17.850000381469727,18.049999237060547,17.850000381469727,17.950000762939453,5523,0.0,0.0
2023-12-22 10:00:00+08:00,17.850000381469727,17.850000381469727,17.450000762939453,17.549999237060547,26873,0.0,0.0
2023-12-22 11:00:00+08:00,17.600000381469727,17.850000381469727,17.600000381469727,17.850000381469727,4600,0.0,0.0
2023-12-22 12:00:00+08:00,17.75,17.75,17.75,17.75,2009,0.0,0.0
2023-12-22 13:00:00+08:00,17.75,18.049999237060547,17.75,18.049999237060547,7596,0.0,0.0
2023-12-25 09:00:00+08:00,17.700000762939453,17.700000762939453,17.600000381469727,17.700000762939453,0,0.0,0.0
2023-12-25 11:00:00+08:00,17.75,17.75,17.700000762939453,17.700000762939453,2094,0.0,0.0
2023-12-25 12:00:00+08:00,17.700000762939453,17.75,17.700000762939453,17.700000762939453,8357,0.0,0.0
2023-12-25 13:00:00+08:00,17.649999618530273,17.700000762939453,17.649999618530273,17.700000762939453,5550,0.0,0.0
2023-12-26 09:00:00+08:00,18.049999237060547,19.149999618530273,18.049999237060547,18.700000762939453,610346,0.0,0.0
2023-12-26 10:00:00+08:00,18.649999618530273,18.649999618530273,18.350000381469727,18.350000381469727,7250,0.0,0.0
2023-12-26 11:00:00+08:00,18.350000381469727,18.399999618530273,18.350000381469727,18.350000381469727,15009,0.0,0.0
2023-12-26 12:00:00+08:00,18.450000762939453,18.600000381469727,18.450000762939453,18.600000381469727,7689,0.0,0.0
2023-12-26 13:00:00+08:00,18.5,18.5,18.350000381469727,18.5,9046,0.0,0.0
2023-12-27 09:00:00+08:00,18.600000381469727,18.600000381469727,18.049999237060547,18.049999237060547,0,0.0,0.0
2023-12-27 10:00:00+08:00,18.0,18.0,17.899999618530273,18.0,19892,0.0,0.0
2023-12-27 11:00:00+08:00,18.0,18.0,17.950000762939453,17.950000762939453,4948,0.0,0.0
2023-12-27 12:00:00+08:00,18.0,18.049999237060547,17.950000762939453,17.950000762939453,7360,0.0,0.0
2023-12-27 13:00:00+08:00,18.0,18.100000381469727,17.950000762939453,17.950000762939453,15050,0.0,0.0
2023-12-28 09:00:00+08:00,17.899999618530273,17.899999618530273,17.850000381469727,17.850000381469727,0,0.0,0.0
2023-12-28 10:00:00+08:00,17.950000762939453,18.0,17.899999618530273,17.899999618530273,6644,0.0,0.0
2023-12-28 11:00:00+08:00,18.0,18.0,18.0,18.0,7586,0.0,0.0
2023-12-28 12:00:00+08:00,18.0,18.100000381469727,18.0,18.100000381469727,2816,0.0,0.0
2023-12-29 09:00:00+08:00,18.0,18.0,18.0,18.0,0,0.0,0.0
2023-12-29 10:00:00+08:00,18.0,18.399999618530273,18.0,18.399999618530273,27767,0.0,0.0
2023-12-29 11:00:00+08:00,18.25,18.25,18.100000381469727,18.100000381469727,7010,0.0,0.0
2023-12-29 12:00:00+08:00,18.100000381469727,18.100000381469727,18.100000381469727,18.100000381469727,9314,0.0,0.0
2023-12-29 13:00:00+08:00,18.100000381469727,18.649999618530273,18.100000381469727,18.600000381469727,43169,0.0,0.0
2024-01-02 09:00:00+08:00,18.100000381469727,18.299999237060547,16.850000381469727,17.350000381469727,26047,0.0,0.0
2024-01-02 10:00:00+08:00,17.399999618530273,17.399999618530273,17.399999618530273,17.399999618530273,1536,0.0,0.0
2024-01-02 11:00:00+08:00,17.350000381469727,17.399999618530273,17.100000381469727,17.100000381469727,23466,0.0,0.0
2024-01-02 12:00:00+08:00,17.25,17.450000762939453,17.0,17.100000381469727,33846,0.0,0.0
2024-01-02 13:00:00+08:00,17.200000762939453,17.600000381469727,17.200000762939453,17.600000381469727,9251,0.0,0.0
2024-01-03 09:00:00+08:00,17.200000762939453,17.200000762939453,17.200000762939453,17.200000762939453,1104,0.0,0.0
2024-01-03 10:00:00+08:00,17.200000762939453,17.200000762939453,17.0,17.049999237060547,20510,0.0,0.0
2024-01-03 12:00:00+08:00,17.100000381469727,17.100000381469727,17.100000381469727,17.100000381469727,1451,0.0,0.0
2024-01-03 13:00:00+08:00,17.100000381469727,17.5,17.100000381469727,17.5,8188,0.0,0.0
2024-01-04 09:00:00+08:00,17.299999237060547,17.299999237060547,17.299999237060547,17.299999237060547,1251,0.0,0.0
2024-01-04 10:00:00+08:00,17.299999237060547,17.299999237060547,17.299999237060547,17.299999237060547,3911,0.0,0.0
2024-01-04 11:00:00+08:00,17.25,17.25,17.25,17.25,2500,0.0,0.0
2024-01-04 12:00:00+08:00,17.25,17.25,17.25,17.25,1000,0.0,0.0
2024-01-04 13:00:00+08:00,17.25,17.700000762939453,17.25,17.700000762939453,0,0.0,0.0
2024-01-05 09:00:00+08:00,17.350000381469727,17.350000381469727,17.149999618530273,17.25,8997,0.0,0.0
2024-01-05 10:00:00+08:00,17.299999237060547,17.299999237060547,17.149999618530273,17.200000762939453,24448,0.0,0.0
2024-01-05 11:00:00+08:00,17.200000762939453,17.200000762939453,17.149999618530273,17.149999618530273,14293,0.0,0.0
2024-01-05 12:00:00+08:00,17.149999618530273,17.299999237060547,17.100000381469727,17.299999237060547,9449,0.0,0.0
2024-01-05 13:00:00+08:00,17.100000381469727,17.899999618530273,17.100000381469727,17.899999618530273,14016,0.0,0.0
2024-01-08 09:00:00+08:00,17.600000381469727,17.600000381469727,17.149999618530273,17.600000381469727,0,0.0,0.0
2024-01-08 11:00:00+08:00,17.450000762939453,17.450000762939453,17.450000762939453,17.450000762939453,1000,0.0,0.0
2024-01-08 12:00:00+08:00,17.200000762939453,17.200000762939453,17.200000762939453,17.200000762939453,9094,0.0,0.0
2024-01-08 13:00:00+08:00,17.200000762939453,17.600000381469727,17.149999618530273,17.600000381469727,10000,0.0,0.0
2024-01-09 09:00:00+08:00,17.25,17.25,17.200000762939453,17.200000762939453,0,0.0,0.0
2024-01-09 10:00:00+08:00,17.149999618530273,17.149999618530273,16.850000381469727,16.850000381469727,12239,0.0,0.0
2024-01-09 11:00:00+08:00,16.950000762939453,16.950000762939453,16.950000762939453,16.950000762939453,1350,0.0,0.0
2024-01-09 12:00:00+08:00,16.950000762939453,16.950000762939453,16.899999618530273,16.899999618530273,7361,0.0,0.0
2024-01-09 13:00:00+08:00,16.899999618530273,17.149999618530273,16.899999618530273,17.149999618530273,7560,0.0,0.0
2024-01-10 09:00:00+08:00,17.299999237060547,18.100000381469727,16.950000762939453,17.450000762939453,0,0.0,0.0
2024-01-10 10:00:00+08:00,17.0,17.100000381469727,17.0,17.100000381469727,10189,0.0,0.0
2024-01-10 11:00:00+08:00,16.950000762939453,17.0,16.899999618530273,17.0,8145,0.0,0.0
2024-01-10 12:00:00+08:00,17.0,17.149999618530273,17.0,17.149999618530273,31676,0.0,0.0
2024-01-11 09:00:00+08:00,17.200000762939453,17.299999237060547,17.200000762939453,17.299999237060547,0,0.0,0.0
2024-01-11 10:00:00+08:00,16.899999618530273,17.0,16.899999618530273,17.0,4188,0.0,0.0
2024-01-11 12:00:00+08:00,17.0,17.0,17.0,17.0,4373,0.0,0.0
2024-01-12 11:00:00+08:00,17.0,17.0,17.0,17.0,12660,0.0,0.0
2024-01-15 09:00:00+08:00,17.0,17.0,17.0,17.0,0,0.0,0.0
2024-01-15 12:00:00+08:00,16.950000762939453,16.950000762939453,16.950000762939453,16.950000762939453,6428,0.0,0.0
2024-01-16 11:00:00+08:00,16.850000381469727,17.0,16.75,17.0,9006,0.0,0.0
2024-01-16 12:00:00+08:00,17.149999618530273,17.149999618530273,17.149999618530273,17.149999618530273,1340,0.0,0.0
2024-01-17 09:00:00+08:00,16.799999237060547,17.299999237060547,16.799999237060547,17.299999237060547,0,0.0,0.0
2024-01-17 10:00:00+08:00,17.399999618530273,17.399999618530273,17.399999618530273,17.399999618530273,1309,0.0,0.0
2024-01-17 11:00:00+08:00,16.850000381469727,16.850000381469727,16.799999237060547,16.799999237060547,6039,0.0,0.0
2024-01-17 12:00:00+08:00,16.799999237060547,16.799999237060547,16.799999237060547,16.799999237060547,1436,0.0,0.0
2024-01-17 13:00:00+08:00,16.75,17.0,16.75,17.0,6300,0.0,0.0
2024-01-18 09:00:00+08:00,16.700000762939453,16.850000381469727,16.700000762939453,16.850000381469727,3776,0.0,0.0
2024-01-18 10:00:00+08:00,16.700000762939453,16.75,16.700000762939453,16.75,5349,0.0,0.0
2024-01-18 12:00:00+08:00,16.75,16.899999618530273,16.75,16.899999618530273,4108,0.0,0.0
2024-01-18 13:00:00+08:00,16.850000381469727,16.850000381469727,16.850000381469727,16.850000381469727,1000,0.0,0.0
2024-01-19 09:00:00+08:00,16.75,16.75,16.700000762939453,16.700000762939453,2240,0.0,0.0
2024-01-19 10:00:00+08:00,16.75,17.299999237060547,16.75,17.299999237060547,6356,0.0,0.0
2024-01-19 12:00:00+08:00,17.200000762939453,17.200000762939453,17.049999237060547,17.049999237060547,12515,0.0,0.0
2024-01-22 09:00:00+08:00,16.899999618530273,17.100000381469727,16.5,17.100000381469727,0,0.0,0.0
2024-01-22 10:00:00+08:00,16.700000762939453,17.0,16.549999237060547,17.0,8486,0.0,0.0
2024-01-22 11:00:00+08:00,16.950000762939453,17.0,16.950000762939453,17.0,3557,0.0,0.0
2024-01-23 09:00:00+08:00,17.0,17.0,17.0,17.0,1509,0.0,0.0
2024-01-23 13:00:00+08:00,16.899999618530273,16.950000762939453,16.899999618530273,16.950000762939453,2234,0.0,0.0
2024-01-24 11:00:00+08:00,16.899999618530273,16.899999618530273,16.799999237060547,16.799999237060547,10030,0.0,0.0
2024-01-24 12:00:00+08:00,16.799999237060547,16.850000381469727,16.799999237060547,16.850000381469727,2833,0.0,0.0
2024-01-25 10:00:00+08:00,16.649999618530273,16.649999618530273,16.600000381469727,16.600000381469727,8100,0.0,0.0
2024-01-25 11:00:00+08:00,16.600000381469727,16.600000381469727,16.549999237060547,16.549999237060547,6000,0.0,0.0
2024-01-25 12:00:00+08:00,16.600000381469727,16.850000381469727,16.600000381469727,16.850000381469727,9610,0.0,0.0
2024-01-26 12:00:00+08:00,16.75,16.799999237060547,16.75,16.799999237060547,2518,0.0,0.0
2024-01-29 09:00:00+08:00,17.0,17.0,17.0,17.0,0,0.0,0.0
2024-01-29 10:00:00+08:00,17.0,17.0,17.0,17.0,1249,0.0,0.0
2024-01-29 11:00:00+08:00,16.75,16.799999237060547,16.350000381469727,16.799999237060547,57030,0.0,0.0
2024-01-29 12:00:00+08:00,16.75,16.899999618530273,16.700000762939453,16.899999618530273,32921,0.0,0.0
2024-01-29 13:00:00+08:00,17.0,17.049999237060547,17.0,17.0,8396,0.0,0.0
2024-01-30 09:00:00+08:00,17.200000762939453,17.399999618530273,17.200000762939453,17.399999618530273,0,0.0,0.0
2024-01-30 10:00:00+08:00,17.25,17.75,17.200000762939453,17.75,49360,0.0,0.0
2024-01-30 11:00:00+08:00,17.75,17.899999618530273,17.700000762939453,17.899999618530273,36234,0.0,0.0
2024-01-30 12:00:00+08:00,17.899999618530273,18.100000381469727,17.799999237060547,18.100000381469727,52247,0.0,0.0
2024-01-30 13:00:00+08:00,18.100000381469727,18.100000381469727,18.0,18.100000381469727,0,0.0,0.0
2024-01-31 09:00:00+08:00,18.100000381469727,18.100000381469727,17.850000381469727,17.850000381469727,25706,0.0,0.0
2024-01-31 10:00:00+08:00,17.850000381469727,18.149999618530273,17.850000381469727,18.149999618530273,36390,0.0,0.0
2024-01-31 11:00:00+08:00,18.149999618530273,18.149999618530273,17.950000762939453,17.950000762939453,4081,0.0,0.0
2024-01-31 12:00:00+08:00,17.950000762939453,18.0,17.899999618530273,18.0,14972,0.0,0.0
2024-01-31 13:00:00+08:00,18.0,18.049999237060547,17.899999618530273,18.049999237060547,0,0.0,0.0
2024-02-01 10:00:00+08:00,18.0,18.0,17.850000381469727,17.850000381469727,12570,0.0,0.0
2024-02-01 12:00:00+08:00,17.799999237060547,18.049999237060547,17.600000381469727,18.049999237060547,12337,0.0,0.0
2024-02-01 13:00:00+08:00,17.799999237060547,17.950000762939453,17.799999237060547,17.950000762939453,3000,0.0,0.0
2024-02-02 09:00:00+08:00,18.100000381469727,18.100000381469727,18.0,18.0,2265,0.0,0.0
2024-02-02 10:00:00+08:00,18.0,18.0,18.0,18.0,6967,0.0,0.0
2024-02-02 13:00:00+08:00,17.899999618530273,18.0,17.899999618530273,18.0,2000,0.0,0.0
2024-02-05 10:00:00+08:00,18.0,18.049999237060547,18.0,18.049999237060547,42673,0.0,0.0
2024-02-05 11:00:00+08:00,18.0,18.0,18.0,18.0,31506,0.0,0.0
2024-02-05 12:00:00+08:00,18.0,18.049999237060547,17.700000762939453,18.049999237060547,57477,0.0,0.0
2024-02-05 13:00:00+08:00,18.049999237060547,18.049999237060547,18.0,18.0,21080,0.0,0.0
2024-02-15 09:00:00+08:00,18.0,18.75,17.899999618530273,18.75,0,0.0,0.0
2024-02-15 10:00:00+08:00,18.649999618530273,18.700000762939453,18.399999618530273,18.399999618530273,15514,0.0,0.0
2024-02-15 11:00:00+08:00,18.450000762939453,19.450000762939453,18.450000762939453,18.799999237060547,309559,0.0,0.0
2024-02-15 12:00:00+08:00,18.700000762939453,19.100000381469727,18.700000762939453,19.100000381469727,0,0.0,0.0
2024-02-16 09:00:00+08:00,19.0,19.0,18.649999618530273,18.649999618530273,10782,0.0,0.0
2024-02-16 10:00:00+08:00,18.600000381469727,18.600000381469727,18.299999237060547,18.299999237060547,11409,0.0,0.0
2024-02-16 11:00:00+08:00,18.350000381469727,18.399999618530273,18.350000381469727,18.399999618530273,5517,0.0,0.0
2024-02-16 12:00:00+08:00,18.350000381469727,18.350000381469727,18.25,18.350000381469727,5918,0.0,0.0
2024-02-16 13:00:00+08:00,18.350000381469727,18.350000381469727,18.299999237060547,18.299999237060547,2329,0.0,0.0
2024-02-19 09:00:00+08:00,18.350000381469727,18.350000381469727,18.350000381469727,18.350000381469727,0,0.0,0.0
2024-02-19 10:00:00+08:00,18.399999618530273,18.950000762939453,18.399999618530273,18.5,185706,0.0,0.0
2024-02-19 11:00:00+08:00,18.5,18.549999237060547,18.5,18.549999237060547,4954,0.0,0.0
2024-02-19 12:00:00+08:00,18.600000381469727,18.600000381469727,18.450000762939453,18.450000762939453,8256,0.0,0.0
2024-02-19 13:00:00+08:00,18.450000762939453,18.850000381469727,18.450000762939453,18.850000381469727,0,0.0,0.0
2024-02-20 09:00:00+08:00,18.450000762939453,18.450000762939453,18.299999237060547,18.299999237060547,6446,0.0,0.0
2024-02-20 10:00:00+08:00,18.350000381469727,18.350000381469727,18.350000381469727,18.350000381469727,3641,0.0,0.0
2024-02-20 11:00:00+08:00,18.450000762939453,18.600000381469727,18.450000762939453,18.600000381469727,18119,0.0,0.0
2024-02-20 12:00:00+08:00,18.549999237060547,18.700000762939453,18.549999237060547,18.700000762939453,18964,0.0,0.0
2024-02-20 13:00:00+08:00,18.649999618530273,18.649999618530273,18.649999618530273,18.649999618530273,1000,0.0,0.0
2024-02-21 09:00:00+08:00,18.350000381469727,18.350000381469727,18.350000381469727,18.350000381469727,0,0.0,0.0
2024-02-21 10:00:00+08:00,18.350000381469727,18.350000381469727,18.350000381469727,18.350000381469727,3045,0.0,0.0
2024-02-21 11:00:00+08:00,18.399999618530273,18.399999618530273,18.399999618530273,18.399999618530273,4783,0.0,0.0
2024-02-21 12:00:00+08:00,18.399999618530273,18.450000762939453,18.399999618530273,18.450000762939453,2194,0.0,0.0
2024-02-21 13:00:00+08:00,18.399999618530273,18.700000762939453,18.399999618530273,18.600000381469727,24623,0.0,0.0
2024-02-22 09:00:00+08:00,18.5,18.5,18.5,18.5,2020,0.0,0.0
2024-02-22 10:00:00+08:00,18.399999618530273,18.5,18.399999618530273,18.5,2257,0.0,0.0
2024-02-22 11:00:00+08:00,18.450000762939453,18.450000762939453,18.350000381469727,18.350000381469727,9164,0.0,0.0
2024-02-22 12:00:00+08:00,18.350000381469727,18.549999237060547,18.350000381469727,18.549999237060547,8271,0.0,0.0
2024-02-22 13:00:00+08:00,18.5,18.5,18.5,18.5,1270,0.0,0.0
2024-02-23 09:00:00+08:00,18.299999237060547,18.5,18.299999237060547,18.5,7558,0.0,0.0
2024-02-23 10:00:00+08:00,18.5,18.5,18.5,18.5,3339,0.0,0.0
2024-02-23 11:00:00+08:00,18.350000381469727,18.350000381469727,18.350000381469727,18.350000381469727,3032,0.0,0.0
2024-02-23 12:00:00+08:00,18.450000762939453,18.450000762939453,18.450000762939453,18.450000762939453,3825,0.0,0.0
2024-02-23 13:00:00+08:00,18.399999618530273,18.399999618530273,18.350000381469727,18.350000381469727,2130,0.0,0.0
2024-02-26 09:00:00+08:00,18.100000381469727,18.100000381469727,18.0,18.0,0,0.0,0.0
2024-02-26 10:00:00+08:00,18.049999237060547,18.049999237060547,17.799999237060547,17.799999237060547,10622,0.0,0.0
2024-02-26 11:00:00+08:00,17.950000762939453,17.950000762939453,17.899999618530273,17.899999618530273,2223,0.0,0.0
2024-02-26 12:00:00+08:00,17.899999618530273,18.299999237060547,17.899999618530273,18.299999237060547,7548,0.0,0.0
2024-02-26 13:00:00+08:00,18.200000762939453,18.200000762939453,18.200000762939453,18.200000762939453,1000,0.0,0.0
2024-02-27 10:00:00+08:00,17.950000762939453,17.950000762939453,17.950000762939453,17.950000762939453,1668,0.0,0.0
2024-02-27 11:00:00+08:00,17.799999237060547,17.799999237060547,17.799999237060547,17.799999237060547,7464,0.0,0.0
2024-02-27 12:00:00+08:00,17.799999237060547,18.399999618530273,17.799999237060547,17.899999618530273,27840,0.0,0.0
2024-02-27 13:00:00+08:00,17.899999618530273,17.899999618530273,17.850000381469727,17.850000381469727,4499,0.0,0.0
2024-02-29 10:00:00+08:00,18.299999237060547,18.299999237060547,18.299999237060547,18.299999237060547,0,0.0,0.0
2024-02-29 12:00:00+08:00,18.149999618530273,18.149999618530273,18.149999618530273,18.149999618530273,2058,0.0,0.0
2024-02-29 13:00:00+08:00,18.149999618530273,18.25,18.149999618530273,18.25,3356,0.0,0.0
2024-03-01 09:00:00+08:00,18.049999237060547,18.049999237060547,18.0,18.0,0,0.0,0.0
2024-03-01 10:00:00+08:00,18.049999237060547,18.049999237060547,18.049999237060547,18.049999237060547,4161,0.0,0.0
2024-03-01 11:00:00+08:00,18.049999237060547,18.049999237060547,17.899999618530273,17.899999618530273,8048,0.0,0.0
2024-03-01 12:00:00+08:00,17.950000762939453,18.100000381469727,17.899999618530273,18.100000381469727,11073,0.0,0.0
2024-03-01 13:00:00+08:00,18.049999237060547,18.049999237060547,18.049999237060547,18.049999237060547,1100,0.0,0.0
2024-03-04 09:00:00+08:00,17.399999618530273,17.799999237060547,17.399999618530273,17.799999237060547,0,0.0,0.0
2024-03-04 10:00:00+08:00,17.649999618530273,17.649999618530273,17.600000381469727,17.600000381469727,6689,0.0,0.0
2024-03-04 11:00:00+08:00,17.600000381469727,17.600000381469727,17.5,17.5,7775,0.0,0.0
2024-03-04 12:00:00+08:00,17.600000381469727,17.600000381469727,17.549999237060547,17.549999237060547,11243,0.0,0.0
2024-03-04 13:00:00+08:00,17.600000381469727,18.0,17.600000381469727,18.0,5099,0.0,0.0
2024-03-05 09:00:00+08:00,18.0,18.0,18.0,18.0,2924,0.0,0.0
2024-03-05 10:00:00+08:00,17.600000381469727,17.75,17.600000381469727,17.75,3875,0.0,0.0
2024-03-05 11:00:00+08:00,17.799999237060547,17.799999237060547,17.799999237060547,17.799999237060547,2000,0.0,0.0
2024-03-05 12:00:00+08:00,17.950000762939453,17.950000762939453,17.950000762939453,17.950000762939453,4999,0.0,0.0
2024-03-06 10:00:00+08:00,17.600000381469727,17.600000381469727,17.5,17.5,0,0.0,0.0
2024-03-06 11:00:00+08:00,17.549999237060547,17.600000381469727,17.549999237060547,17.600000381469727,10443,0.0,0.0
2024-03-06 13:00:00+08:00,17.600000381469727,18.0,17.600000381469727,18.0,0,0.0,0.0
2024-03-07 10:00:00+08:00,18.0,18.049999237060547,18.0,18.049999237060547,3000,0.0,0.0
2024-03-07 11:00:00+08:00,17.700000762939453,17.700000762939453,17.649999618530273,17.649999618530273,7220,0.0,0.0
2024-03-07 12:00:00+08:00,17.649999618530273,17.649999618530273,17.649999618530273,17.649999618530273,1369,0.0,0.0
2024-03-07 13:00:00+08:00,17.700000762939453,18.0,17.700000762939453,18.0,0,0.0,0.0
2024-03-08 09:00:00+08:00,17.649999618530273,17.649999618530273,17.649999618530273,17.649999618530273,1135,0.0,0.0
2024-03-08 11:00:00+08:00,17.649999618530273,17.649999618530273,17.649999618530273,17.649999618530273,12508,0.0,0.0
2024-03-08 12:00:00+08:00,17.600000381469727,17.649999618530273,17.600000381469727,17.649999618530273,12962,0.0,0.0
2024-03-08 13:00:00+08:00,17.549999237060547,17.799999237060547,17.549999237060547,17.549999237060547,5260,0.0,0.0
2024-03-11 09:00:00+08:00,17.549999237060547,17.549999237060547,17.299999237060547,17.5,0,0.0,0.0
2024-03-11 10:00:00+08:00,17.549999237060547,17.549999237060547,17.549999237060547,17.549999237060547,5541,0.0,0.0
2024-03-11 11:00:00+08:00,17.549999237060547,17.549999237060547,17.549999237060547,17.549999237060547,1000,0.0,0.0
2024-03-11 12:00:00+08:00,17.5,17.5,17.450000762939453,17.450000762939453,2535,0.0,0.0
2024-03-12 09:00:00+08:00,17.200000762939453,17.200000762939453,17.200000762939453,17.200000762939453,0,0.0,0.0
2024-03-12 10:00:00+08:00,17.299999237060547,17.600000381469727,17.299999237060547,17.600000381469727,3415,0.0,0.0
2024-03-12 12:00:00+08:00,17.600000381469727,17.600000381469727,17.600000381469727,17.600000381469727,3020,0.0,0.0
2024-03-12 13:00:00+08:00,17.600000381469727,18.049999237060547,17.600000381469727,18.049999237060547,19308,0.0,0.0
2024-03-13 09:00:00+08:00,17.600000381469727,17.600000381469727,17.600000381469727,17.600000381469727,0,0.0,0.0
2024-03-13 10:00:00+08:00,17.600000381469727,17.600000381469727,17.600000381469727,17.600000381469727,1277,0.0,0.0
2024-03-13 11:00:00+08:00,17.600000381469727,17.600000381469727,17.600000381469727,17.600000381469727,3600,0.0,0.0
2024-03-13 12:00:00+08:00,17.600000381469727,17.799999237060547,17.600000381469727,17.799999237060547,0,0.0,0.0
2024-03-14 09:00:00+08:00,17.700000762939453,17.899999618530273,17.700000762939453,17.899999618530273,15615,0.0,0.0
2024-03-14 12:00:00+08:00,17.600000381469727,17.850000381469727,17.549999237060547,17.850000381469727,3181,0.0,0.0
2024-03-15 11:00:00+08:00,17.850000381469727,17.899999618530273,17.600000381469727,17.600000381469727,9178,0.0,0.0
2024-03-15 13:00:00+08:00,17.600000381469727,17.899999618530273,17.600000381469727,17.899999618530273,2342,0.0,0.0
2024-03-18 09:00:00+08:00,17.850000381469727,18.0,17.850000381469727,18.0,0,0.0,0.0
2024-03-18 10:00:00+08:00,18.0,18.0,17.950000762939453,18.0,23152,0.0,0.0
2024-03-18 11:00:00+08:00,17.649999618530273,18.0,17.649999618530273,18.0,6842,0.0,0.0
2024-03-18 13:00:00+08:00,18.0,18.200000762939453,18.0,18.200000762939453,36987,0.0,0.0
2024-03-19 13:00:00+08:00,18.100000381469727,18.25,18.100000381469727,18.25,22157,0.0,0.0
2024-03-20 09:00:00+08:00,18.200000762939453,18.25,18.200000762939453,18.25,18431,0.0,0.0
2024-03-20 10:00:00+08:00,17.950000762939453,18.299999237060547,17.950000762939453,18.299999237060547,16135,0.0,0.0
2024-03-20 11:00:00+08:00,18.299999237060547,18.350000381469727,18.100000381469727,18.100000381469727,29393,0.0,0.0
2024-03-20 12:00:00+08:00,18.350000381469727,18.350000381469727,18.350000381469727,18.350000381469727,9938,0.0,0.0
2024-03-20 13:00:00+08:00,18.350000381469727,18.350000381469727,18.200000762939453,18.200000762939453,6158,0.0,0.0
2024-03-21 09:00:00+08:00,18.149999618530273,18.149999618530273,18.149999618530273,18.149999618530273,1588,0.0,0.0
2024-03-21 10:00:00+08:00,18.299999237060547,18.350000381469727,18.299999237060547,18.350000381469727,11023,0.0,0.0
2024-03-21 11:00:00+08:00,18.399999618530273,19.5,18.399999618530273,18.75,133859,0.0,0.0
2024-03-21 12:00:00+08:00,18.700000762939453,18.899999618530273,18.649999618530273,18.75,14245,0.0,0.0
2024-03-21 13:00:00+08:00,18.850000381469727,18.850000381469727,18.850000381469727,18.850000381469727,3384,0.0,0.0
2024-03-22 09:00:00+08:00,18.700000762939453,18.700000762939453,18.649999618530273,18.649999618530273,3200,0.0,0.0
2024-03-22 10:00:00+08:00,18.649999618530273,18.649999618530273,18.649999618530273,18.649999618530273,5601,0.0,0.0
2024-03-22 11:00:00+08:00,18.649999618530273,18.75,18.649999618530273,18.75,5732,0.0,0.0
2024-03-22 12:00:00+08:00,18.700000762939453,18.700000762939453,18.700000762939453,18.700000762939453,1286,0.0,0.0
2024-03-22 13:00:00+08:00,18.649999618530273,18.649999618530273,18.649999618530273,18.649999618530273,1000,0.0,0.0
2024-03-25 09:00:00+08:00,18.799999237060547,18.850000381469727,18.799999237060547,18.850000381469727,0,0.0,0.0
2024-03-25 11:00:00+08:00,18.799999237060547,18.799999237060547,18.799999237060547,18.799999237060547,2000,0.0,0.0
2024-03-25 12:00:00+08:00,18.700000762939453,18.850000381469727,18.700000762939453,18.75,23148,0.0,0.0
2024-03-25 13:00:00+08:00,18.700000762939453,18.700000762939453,18.700000762939453,18.700000762939453,2173,0.0,0.0
2024-03-26 09:00:00+08:00,18.850000381469727,18.899999618530273,18.850000381469727,18.899999618530273,0,0.0,0.0
2024-03-26 10:00:00+08:00,18.899999618530273,18.899999618530273,18.75,18.75,10038,0.0,0.0
2024-03-26 11:00:00+08:00,18.799999237060547,18.799999237060547,18.700000762939453,18.75,6031,0.0,0.0
2024-03-26 13:00:00+08:00,18.75,18.75,18.75,18.75,6344,0.0,0.0
2024-03-27 09:00:00+08:00,18.899999618530273,18.899999618530273,18.75,18.75,9957,0.0,0.0
2024-03-27 10:00:00+08:00,18.850000381469727,18.850000381469727,18.850000381469727,18.850000381469727,6250,0.0,0.0
2024-03-27 11:00:00+08:00,18.700000762939453,18.700000762939453,18.700000762939453,18.700000762939453,4633,0.0,0.0
2024-03-27 12:00:00+08:00,18.700000762939453,18.850000381469727,18.700000762939453,18.850000381469727,5000,0.0,0.0
2024-03-27 13:00:00+08:00,18.899999618530273,18.950000762939453,18.899999618530273,18.950000762939453,8050,0.0,0.0
2024-03-28 09:00:00+08:00,18.899999618530273,18.899999618530273,18.799999237060547,18.799999237060547,0,0.0,0.0
2024-03-28 10:00:00+08:00,18.799999237060547,18.850000381469727,18.799999237060547,18.850000381469727,19152,0.0,0.0
2024-03-28 11:00:00+08:00,18.75,18.75,18.75,18.75,3115,0.0,0.0
2024-03-28 12:00:00+08:00,18.75,18.75,18.75,18.75,2859,0.0,0.0
2024-03-28 13:00:00+08:00,18.700000762939453,18.700000762939453,18.700000762939453,18.700000762939453,6070,0.0,0.0
2024-03-29 09:00:00+08:00,18.700000762939453,18.850000381469727,18.600000381469727,18.850000381469727,7173,0.0,0.0
2024-03-29 10:00:00+08:00,18.600000381469727,18.600000381469727,18.5,18.5,2563,0.0,0.0
2024-03-29 11:00:00+08:00,18.600000381469727,18.700000762939453,18.350000381469727,18.700000762939453,7607,0.0,0.0
2024-03-29 12:00:00+08:00,18.600000381469727,18.649999618530273,18.5,18.649999618530273,4833,0.0,0.0
2024-04-01 09:00:00+08:00,18.600000381469727,18.899999618530273,18.600000381469727,18.600000381469727,0,0.0,0.0
2024-04-01 10:00:00+08:00,18.600000381469727,18.600000381469727,18.600000381469727,18.600000381469727,4603,0.0,0.0
2024-04-01 12:00:00+08:00,18.600000381469727,18.75,18.600000381469727,18.75,2000,0.0,0.0
2024-04-02 09:00:00+08:00,18.799999237060547,18.799999237060547,18.799999237060547,18.799999237060547,1336,0.0,0.0
2024-04-02 11:00:00+08:00,18.75,18.799999237060547,18.75,18.799999237060547,4468,0.0,0.0
2024-04-02 12:00:00+08:00,18.75,18.75,18.75,18.75,1220,0.0,0.0
2024-04-02 13:00:00+08:00,18.799999237060547,18.799999237060547,18.799999237060547,18.799999237060547,4150,0.0,0.0
2024-04-03 09:00:00+08:00,18.799999237060547,18.799999237060547,18.799999237060547,18.799999237060547,3000,0.0,0.0
2024-04-03 10:00:00+08:00,18.75,18.799999237060547,18.75,18.799999237060547,4000,0.0,0.0
2024-04-03 11:00:00+08:00,18.799999237060547,18.799999237060547,18.799999237060547,18.799999237060547,4005,0.0,0.0
2024-04-03 13:00:00+08:00,18.799999237060547,18.850000381469727,18.799999237060547,18.799999237060547,4483,0.0,0.0
2024-04-08 09:00:00+08:00,19.100000381469727,19.5,19.100000381469727,19.299999237060547,0,0.0,0.0
2024-04-08 10:00:00+08:00,19.299999237060547,19.299999237060547,18.649999618530273,18.649999618530273,7559,0.0,0.0
2024-04-08 11:00:00+08:00,18.75,18.850000381469727,18.75,18.850000381469727,2513,0.0,0.0
2024-04-08 12:00:00+08:00,18.899999618530273,19.200000762939453,18.899999618530273,19.0,12116,0.0,0.0
2024-04-08 13:00:00+08:00,19.100000381469727,19.25,19.100000381469727,19.200000762939453,0,0.0,0.0
2024-04-09 11:00:00+08:00,19.149999618530273,19.149999618530273,19.100000381469727,19.100000381469727,4186,0.0,0.0
2024-04-09 12:00:00+08:00,19.100000381469727,19.25,19.100000381469727,19.25,16080,0.0,0.0
2024-04-10 09:00:00+08:00,19.25,19.450000762939453,19.149999618530273,19.299999237060547,0,0.0,0.0
2024-04-10 10:00:00+08:00,19.299999237060547,19.5,19.299999237060547,19.5,37650,0.0,0.0
2024-04-10 11:00:00+08:00,19.5,19.549999237060547,19.399999618530273,19.549999237060547,9382,0.0,0.0
2024-04-10 12:00:00+08:00,19.450000762939453,19.549999237060547,19.399999618530273,19.5,32410,0.0,0.0
2024-04-10 13:00:00+08:00,19.5,19.700000762939453,19.5,19.600000381469727,24784,0.0,0.0
2024-04-11 09:00:00+08:00,19.799999237060547,21.299999237060547,19.799999237060547,20.850000381469727,64769,0.0,0.0
2024-04-11 10:00:00+08:00,20.899999618530273,21.299999237060547,20.899999618530273,21.299999237060547,176099,0.0,0.0
2024-04-11 11:00:00+08:00,21.299999237060547,21.299999237060547,21.299999237060547,21.299999237060547,47026,0.0,0.0
2024-04-11 12:00:00+08:00,21.299999237060547,21.299999237060547,21.299999237060547,21.299999237060547,43107,0.0,0.0
2024-04-11 13:00:00+08:00,21.299999237060547,21.299999237060547,21.299999237060547,21.299999237060547,0,0.0,0.0
2024-04-12 09:00:00+08:00,22.5,23.399999618530273,22.0,23.399999618530273,251062,0.0,0.0
2024-04-12 10:00:00+08:00,23.399999618530273,23.399999618530273,23.399999618530273,23.399999618530273,45432,0.0,0.0
2024-04-12 11:00:00+08:00,23.399999618530273,23.399999618530273,23.399999618530273,23.399999618530273,86565,0.0,0.0
2024-04-12 12:00:00+08:00,23.399999618530273,23.399999618530273,23.399999618530273,23.399999618530273,13824,0.0,0.0
2024-04-12 13:00:00+08:00,23.399999618530273,23.399999618530273,23.399999618530273,23.399999618530273,4091,0.0,0.0
2024-04-15 09:00:00+08:00,23.549999237060547,24.399999618530273,23.0,23.450000762939453,0,0.0,0.0
2024-04-15 10:00:00+08:00,23.450000762939453,24.0,23.450000762939453,23.600000381469727,51345,0.0,0.0
2024-04-15 11:00:00+08:00,23.5,24.799999237060547,23.399999618530273,24.399999618530273,284008,0.0,0.0
2024-04-15 12:00:00+08:00,24.399999618530273,24.399999618530273,23.899999618530273,23.899999618530273,77315,0.0,0.0
2024-04-15 13:00:00+08:00,23.899999618530273,24.200000762939453,23.799999237060547,24.200000762939453,41476,0.0,0.0
2024-04-16 09:00:00+08:00,24.049999237060547,24.049999237060547,23.200000762939453,23.5,0,0.0,0.0
2024-04-16 10:00:00+08:00,23.399999618530273,23.450000762939453,23.25,23.450000762939453,23612,0.0,0.0
2024-04-16 11:00:00+08:00,23.350000381469727,23.600000381469727,23.299999237060547,23.5,80311,0.0,0.0
2024-04-16 12:00:00+08:00,23.5,23.5,23.25,23.399999618530273,21599,0.0,0.0
2024-04-16 13:00:00+08:00,23.399999618530273,23.600000381469727,23.299999237060547,23.600000381469727,16196,0.0,0.0
2024-04-17 09:00:00+08:00,22.350000381469727,22.899999618530273,21.600000381469727,22.899999618530273,0,0.0,0.0
2024-04-17 10:00:00+08:00,23.100000381469727,23.100000381469727,23.0,23.0,5946,0.0,0.0
2024-04-17 11:00:00+08:00,23.0,23.299999237060547,23.0,23.299999237060547,13100,0.0,0.0
2024-04-17 12:00:00+08:00,23.049999237060547,23.149999618530273,22.850000381469727,23.0,19588,0.0,0.0
2024-04-17 13:00:00+08:00,23.0,23.0,23.0,23.0,1400,0.0,0.0
2024-04-18 09:00:00+08:00,22.450000762939453,22.75,22.100000381469727,22.100000381469727,11185,0.0,0.0
2024-04-18 10:00:00+08:00,22.549999237060547,22.549999237060547,22.100000381469727,22.149999618530273,17554,0.0,0.0
2024-04-18 11:00:00+08:00,22.5,22.549999237060547,22.5,22.549999237060547,3449,0.0,0.0
2024-04-18 12:00:00+08:00,22.450000762939453,22.5,22.399999618530273,22.5,13405,0.0,0.0
2024-04-18 13:00:00+08:00,22.549999237060547,22.649999618530273,22.5,22.649999618530273,0,0.0,0.0
2024-04-19 09:00:00+08:00,22.799999237060547,22.850000381469727,22.799999237060547,22.799999237060547,4597,0.0,0.0
2024-04-19 10:00:00+08:00,22.399999618530273,22.75,22.399999618530273,22.700000762939453,5550,0.0,0.0
2024-04-19 11:00:00+08:00,22.399999618530273,22.799999237060547,22.399999618530273,22.450000762939453,9606,0.0,0.0
2024-04-19 12:00:00+08:00,22.450000762939453,22.700000762939453,22.450000762939453,22.649999618530273,8415,0.0,0.0
2024-04-19 13:00:00+08:00,22.5,22.700000762939453,22.450000762939453,22.700000762939453,7425,0.0,0.0
2024-04-22 09:00:00+08:00,22.200000762939453,22.299999237060547,22.200000762939453,22.299999237060547,0,0.0,0.0
2024-04-22 10:00:00+08:00,22.399999618530273,24.5,22.350000381469727,24.5,44006,0.0,0.0
2024-04-22 11:00:00+08:00,23.700000762939453,24.100000381469727,22.700000762939453,22.700000762939453,11240,0.0,0.0
2024-04-22 12:00:00+08:00,22.700000762939453,24.100000381469727,22.700000762939453,23.600000381469727,38206,0.0,0.0
2024-04-22 13:00:00+08:00,23.549999237060547,23.950000762939453,22.75,23.950000762939453,9391,0.0,0.0
2024-04-23 09:00:00+08:00,23.950000762939453,23.950000762939453,23.200000762939453,23.200000762939453,0,0.0,0.0
2024-04-23 10:00:00+08:00,23.25,23.5,23.25,23.5,7370,0.0,0.0
2024-04-23 11:00:00+08:00,23.350000381469727,23.399999618530273,23.350000381469727,23.399999618530273,7079,0.0,0.0
2024-04-23 12:00:00+08:00,23.399999618530273,23.399999618530273,23.25,23.25,8491,0.0,0.0
2024-04-23 13:00:00+08:00,23.25,23.299999237060547,23.25,23.299999237060547,3690,0.0,0.0
2024-04-24 09:00:00+08:00,23.149999618530273,23.25,23.149999618530273,23.25,0,0.0,0.0
2024-04-24 10:00:00+08:00,23.25,24.25,23.25,24.25,27586,0.0,0.0
2024-04-24 11:00:00+08:00,24.399999618530273,25.549999237060547,24.399999618530273,25.100000381469727,470378,0.0,0.0
2024-04-24 12:00:00+08:00,24.75,24.75,24.149999618530273,24.700000762939453,39686,0.0,0.0
2024-04-24 13:00:00+08:00,24.5,24.600000381469727,24.5,24.600000381469727,24648,0.0,0.0
2024-04-25 09:00:00+08:00,24.0,24.299999237060547,22.600000381469727,22.799999237060547,128510,0.0,0.0
2024-04-25 10:00:00+08:00,22.700000762939453,23.5,22.700000762939453,22.75,40240,0.0,0.0
2024-04-25 11:00:00+08:00,22.799999237060547,23.100000381469727,22.399999618530273,23.0,50452,0.0,0.0
2024-04-25 12:00:00+08:00,23.0,23.0,22.25,22.299999237060547,77980,0.0,0.0
2024-04-25 13:00:00+08:00,22.299999237060547,22.600000381469727,22.299999237060547,22.299999237060547,46755,0.0,0.0
2024-04-26 09:00:00+08:00,22.600000381469727,22.600000381469727,21.799999237060547,22.25,0,0.0,0.0
2024-04-26 10:00:00+08:00,22.299999237060547,22.299999237060547,22.299999237060547,22.299999237060547,1014,0.0,0.0
2024-04-26 11:00:00+08:00,22.25,22.25,22.25,22.25,2846,0.0,0.0
2024-04-26 12:00:00+08:00,22.299999237060547,22.600000381469727,22.25,22.549999237060547,14009,0.0,0.0
2024-04-26 13:00:00+08:00,22.5,22.5,22.5,22.5,3212,0.0,0.0
2024-04-29 09:00:00+08:00,21.649999618530273,23.049999237060547,21.649999618530273,23.049999237060547,80191,0.0,0.0
2024-04-29 10:00:00+08:00,23.049999237060547,23.149999618530273,23.049999237060547,23.149999618530273,21005,0.0,0.0
2024-04-29 11:00:00+08:00,23.049999237060547,23.049999237060547,22.799999237060547,22.799999237060547,5402,0.0,0.0
2024-04-29 12:00:00+08:00,22.75,22.75,22.75,22.75,1981,0.0,0.0
2024-04-29 13:00:00+08:00,22.700000762939453,22.799999237060547,22.600000381469727,22.799999237060547,0,0.0,0.0
2024-04-30 09:00:00+08:00,23.399999618530273,23.5,23.399999618530273,23.5,5538,0.0,0.0
2024-04-30 10:00:00+08:00,23.450000762939453,23.450000762939453,23.399999618530273,23.450000762939453,4391,0.0,0.0
2024-04-30 11:00:00+08:00,23.049999237060547,23.049999237060547,23.0,23.0,10023,0.0,0.0
2024-04-30 12:00:00+08:00,22.899999618530273,22.899999618530273,22.700000762939453,22.700000762939453,2000,0.0,0.0
2024-04-30 13:00:00+08:00,22.600000381469727,23.149999618530273,22.600000381469727,23.149999618530273,11001,0.0,0.0
2024-05-02 09:00:00+08:00,23.0,23.200000762939453,23.0,23.0,131023,0.0,0.0
2024-05-02 10:00:00+08:00,23.0,23.0,23.0,23.0,4399,0.0,0.0
2024-05-02 11:00:00+08:00,23.0,23.100000381469727,23.0,23.100000381469727,3773,0.0,0.0
2024-05-02 12:00:00+08:00,23.200000762939453,23.950000762939453,23.200000762939453,23.950000762939453,15832,0.0,0.0
2024-05-03 09:00:00+08:00,24.0,24.0,23.0,23.5,21075,0.0,0.0
2024-05-03 10:00:00+08:00,23.299999237060547,23.5,23.0,23.399999618530273,12225,0.0,0.0
2024-05-03 11:00:00+08:00,23.0,23.299999237060547,22.899999618530273,23.299999237060547,6446,0.0,0.0
2024-05-03 12:00:00+08:00,23.149999618530273,23.149999618530273,23.149999618530273,23.149999618530273,1323,0.0,0.0
2024-05-06 09:00:00+08:00,23.100000381469727,23.299999237060547,22.899999618530273,23.049999237060547,0,0.0,0.0
2024-05-06 10:00:00+08:00,23.100000381469727,23.100000381469727,22.899999618530273,23.100000381469727,14855,0.0,0.0
2024-05-06 11:00:00+08:00,23.049999237060547,23.049999237060547,23.049999237060547,23.049999237060547,3501,0.0,0.0
2024-05-06 12:00:00+08:00,22.899999618530273,23.049999237060547,22.799999237060547,23.049999237060547,15836,0.0,0.0
2024-05-06 13:00:00+08:00,23.100000381469727,23.100000381469727,22.850000381469727,23.100000381469727,13000,0.0,0.0
2024-05-07 09:00:00+08:00,23.149999618530273,23.350000381469727,23.0,23.0,179513,0.0,0.0
2024-05-07 10:00:00+08:00,23.0,23.200000762939453,23.0,23.0,12840,0.0,0.0
2024-05-07 11:00:00+08:00,23.049999237060547,23.049999237060547,23.049999237060547,23.049999237060547,2049,0.0,0.0
2024-05-07 12:00:00+08:00,23.049999237060547,23.049999237060547,23.0,23.049999237060547,22226,0.0,0.0
2024-05-08 09:00:00+08:00,23.450000762939453,24.200000762939453,23.0,23.049999237060547,76590,0.0,0.0
2024-05-08 10:00:00+08:00,23.100000381469727,23.100000381469727,23.100000381469727,23.100000381469727,1100,0.0,0.0
2024-05-08 11:00:00+08:00,23.100000381469727,23.100000381469727,23.049999237060547,23.049999237060547,4305,0.0,0.0
2024-05-08 12:00:00+08:00,23.0,23.5,23.0,23.5,14409,0.0,0.0
2024-05-08 13:00:00+08:00,23.299999237060547,23.299999237060547,23.299999237060547,23.299999237060547,1375,0.0,0.0
2024-05-09 09:00:00+08:00,23.399999618530273,23.399999618530273,23.0,23.0,0,0.0,0.0
2024-05-09 10:00:00+08:00,23.0,23.100000381469727,23.0,23.100000381469727,8370,0.0,0.0
2024-05-09 12:00:00+08:00,23.100000381469727,23.100000381469727,23.0,23.0,2005,0.0,0.0
2024-05-09 13:00:00+08:00,23.0,23.0,23.0,23.0,2100,0.0,0.0
2024-05-10 09:00:00+08:00,23.049999237060547,23.200000762939453,23.0,23.0,0,0.0,0.0
2024-05-10 10:00:00+08:00,22.899999618530273,22.899999618530273,22.899999618530273,22.899999618530273,1116,0.0,0.0
2024-05-10 11:00:00+08:00,23.0,23.049999237060547,23.0,23.049999237060547,3831,0.0,0.0
2024-05-10 12:00:00+08:00,23.049999237060547,23.049999237060547,23.049999237060547,23.049999237060547,1270,0.0,0.0
2024-05-13 09:00:00+08:00,23.0,23.350000381469727,22.950000762939453,23.049999237060547,0,0.0,0.0
2024-05-13 10:00:00+08:00,23.0,23.100000381469727,22.899999618530273,23.100000381469727,5000,0.0,0.0
2024-05-13 11:00:00+08:00,23.100000381469727,23.149999618530273,23.049999237060547,23.149999618530273,6671,0.0,0.0
2024-05-13 12:00:00+08:00,23.100000381469727,23.100000381469727,23.0,23.0,5160,0.0,0.0
2024-05-13 13:00:00+08:00,23.0,23.0,23.0,23.0,0,0.0,0.0
2024-05-14 09:00:00+08:00,23.049999237060547,23.049999237060547,23.0,23.0,209050,0.0,0.0
2024-05-14 10:00:00+08:00,23.0,23.0,23.0,23.0,3618,0.0,0.0
2024-05-14 11:00:00+08:00,23.0,23.049999237060547,23.0,23.049999237060547,2364,0.0,0.0
2024-05-14 13:00:00+08:00,23.0,23.049999237060547,23.0,23.049999237060547,8000,0.0,0.0
2024-05-15 09:00:00+08:00,23.0,23.100000381469727,23.0,23.049999237060547,156382,0.0,0.0
2024-05-15 10:00:00+08:00,23.100000381469727,23.100000381469727,23.100000381469727,23.100000381469727,2454,0.0,0.0
2024-05-15 11:00:00+08:00,23.049999237060547,23.049999237060547,23.0,23.0,4160,0.0,0.0
2024-05-15 12:00:00+08:00,22.950000762939453,23.0,22.950000762939453,22.950000762939453,9409,0.0,0.0
2024-05-15 13:00:00+08:00,23.0,23.0,23.0,23.0,1009,0.0,0.0
2024-05-16 09:00:00+08:00,23.100000381469727,23.100000381469727,22.899999618530273,22.899999618530273,211201,0.0,0.0
2024-05-16 10:00:00+08:00,23.0,23.200000762939453,23.0,23.100000381469727,16259,0.0,0.0
2024-05-16 11:00:00+08:00,23.049999237060547,23.049999237060547,23.049999237060547,23.049999237060547,7876,0.0,0.0
2024-05-16 12:00:00+08:00,23.0,23.049999237060547,23.0,23.049999237060547,5442,0.0,0.0
2024-05-16 13:00:00+08:00,23.049999237060547,23.100000381469727,23.049999237060547,23.100000381469727,2000,0.0,0.0
2024-05-17 09:00:00+08:00,23.450000762939453,23.450000762939453,23.0,23.0,0,0.0,0.0
2024-05-17 10:00:00+08:00,23.049999237060547,23.149999618530273,23.049999237060547,23.149999618530273,3065,0.0,0.0
2024-05-17 11:00:00+08:00,23.100000381469727,23.100000381469727,23.100000381469727,23.100000381469727,3413,0.0,0.0
2024-05-17 13:00:00+08:00,23.100000381469727,23.200000762939453,23.100000381469727,23.100000381469727,8540,0.0,0.0
2024-05-20 09:00:00+08:00,23.5,23.899999618530273,23.0,23.0,0,0.0,0.0
2024-05-20 11:00:00+08:00,23.100000381469727,23.100000381469727,23.100000381469727,23.100000381469727,4101,0.0,0.0
2024-05-20 12:00:00+08:00,23.0,23.200000762939453,23.0,23.200000762939453,5748,0.0,0.0
2024-05-21 09:00:00+08:00,23.100000381469727,23.100000381469727,23.0,23.0,0,0.0,0.0
2024-05-21 11:00:00+08:00,23.0,23.0,23.0,23.0,1201,0.0,0.0
2024-05-21 13:00:00+08:00,23.0,23.149999618530273,23.0,23.149999618530273,0,0.0,0.0
2024-05-22 09:00:00+08:00,23.100000381469727,23.100000381469727,23.100000381469727,23.100000381469727,1010,0.0,0.0
2024-05-22 10:00:00+08:00,23.100000381469727,23.399999618530273,23.0,23.399999618530273,221807,0.0,0.0
2024-05-22 11:00:00+08:00,23.25,23.299999237060547,23.25,23.299999237060547,15758,0.0,0.0
2024-05-22 12:00:00+08:00,23.299999237060547,23.350000381469727,23.299999237060547,23.299999237060547,22881,0.0,0.0
2024-05-22 13:00:00+08:00,23.299999237060547,23.299999237060547,23.299999237060547,23.299999237060547,2051,0.0,0.0
2024-05-23 09:00:00+08:00,23.299999237060547,23.299999237060547,23.0,23.299999237060547,0,0.0,0.0
2024-05-23 10:00:00+08:00,23.049999237060547,23.399999618530273,22.799999237060547,23.100000381469727,18300,0.0,0.0
2024-05-23 11:00:00+08:00,23.0,23.350000381469727,23.0,23.350000381469727,4170,0.0,0.0
2024-05-23 12:00:00+08:00,23.049999237060547,23.049999237060547,23.0,23.0,5010,0.0,0.0
2024-05-23 13:00:00+08:00,23.350000381469727,23.350000381469727,23.350000381469727,23.350000381469727,0,0.0,0.0
2024-05-24 11:00:00+08:00,23.299999237060547,23.299999237060547,23.0,23.049999237060547,204100,0.0,0.0
2024-05-24 12:00:00+08:00,23.100000381469727,23.100000381469727,23.100000381469727,23.100000381469727,3290,0.0,0.0
2024-05-24 13:00:00+08:00,23.049999237060547,23.049999237060547,23.049999237060547,23.049999237060547,10040,0.0,0.0
2024-05-27 09:00:00+08:00,23.0,23.049999237060547,23.0,23.049999237060547,0,0.0,0.0
2024-05-27 11:00:00+08:00,23.049999237060547,23.25,23.049999237060547,23.100000381469727,6382,0.0,0.0
2024-05-27 12:00:00+08:00,23.100000381469727,23.100000381469727,23.049999237060547,23.049999237060547,4000,0.0,0.0
2024-05-27 13:00:00+08:00,23.049999237060547,23.200000762939453,23.049999237060547,23.200000762939453,2100,0.0,0.0
2024-05-28 09:00:00+08:00,23.149999618530273,23.399999618530273,23.049999237060547,23.399999618530273,0,0.0,0.0
2024-05-28 10:00:00+08:00,23.399999618530273,23.700000762939453,23.299999237060547,23.600000381469727,39954,0.0,0.0
2024-05-28 12:00:00+08:00,23.600000381469727,23.600000381469727,23.299999237060547,23.299999237060547,10620,0.0,0.0
2024-05-28 13:00:00+08:00,23.299999237060547,23.549999237060547,23.299999237060547,23.299999237060547,4050,0.0,0.0
2024-05-29 09:00:00+08:00,23.600000381469727,24.299999237060547,23.600000381469727,23.899999618530273,0,0.0,0.0
2024-05-29 10:00:00+08:00,23.950000762939453,24.399999618530273,23.950000762939453,24.399999618530273,32952,0.0,0.0
2024-05-29 11:00:00+08:00,24.450000762939453,25.600000381469727,24.299999237060547,25.600000381469727,172285,0.0,0.0
2024-05-29 12:00:00+08:00,25.600000381469727,25.600000381469727,25.299999237060547,25.5,48638,0.0,0.0
2024-05-29 13:00:00+08:00,25.5,25.549999237060547,25.299999237060547,25.549999237060547,26785,0.0,0.0
2024-05-30 09:00:00+08:00,25.299999237060547,25.299999237060547,24.5,24.5,0,0.0,0.0
2024-05-30 10:00:00+08:00,24.5,24.5,23.799999237060547,23.850000381469727,31692,0.0,0.0
2024-05-30 11:00:00+08:00,23.850000381469727,24.5,23.850000381469727,24.25,16789,0.0,0.0
2024-05-30 12:00:00+08:00,23.950000762939453,23.950000762939453,23.850000381469727,23.850000381469727,17474,0.0,0.0
2024-05-30 13:00:00+08:00,23.850000381469727,23.850000381469727,23.850000381469727,23.850000381469727,8360,0.0,0.0
2024-05-31 09:00:00+08:00,24.299999237060547,24.5,24.0,24.350000381469727,0,0.0,0.0
2024-05-31 10:00:00+08:00,24.149999618530273,24.149999618530273,24.0,24.0,4214,0.0,0.0
2024-05-31 11:00:00+08:00,24.049999237060547,24.049999237060547,23.950000762939453,23.950000762939453,9612,0.0,0.0
2024-05-31 12:00:00+08:00,23.950000762939453,23.950000762939453,23.899999618530273,23.899999618530273,2937,0.0,0.0
2024-05-31 13:00:00+08:00,23.799999237060547,23.950000762939453,23.799999237060547,23.950000762939453,3007,0.0,0.0
2024-06-03 09:00:00+08:00,23.950000762939453,23.950000762939453,23.899999618530273,23.899999618530273,0,0.0,0.0
2024-06-03 10:00:00+08:00,23.700000762939453,23.850000381469727,23.399999618530273,23.399999618530273,23475,0.0,0.0
2024-06-03 11:00:00+08:00,23.700000762939453,23.850000381469727,23.5,23.5,3017,0.0,0.0
2024-06-03 12:00:00+08:00,23.450000762939453,23.450000762939453,23.450000762939453,23.450000762939453,3810,0.0,0.0
2024-06-03 13:00:00+08:00,23.649999618530273,23.850000381469727,23.299999237060547,23.850000381469727,0,0.0,0.0
2024-06-04 09:00:00+08:00,23.149999618530273,23.649999618530273,23.100000381469727,23.649999618530273,6126,0.0,0.0
2024-06-04 10:00:00+08:00,23.450000762939453,23.450000762939453,23.049999237060547,23.049999237060547,10406,0.0,0.0
2024-06-04 11:00:00+08:00,23.049999237060547,23.450000762939453,23.049999237060547,23.450000762939453,15010,0.0,0.0
2024-06-04 12:00:00+08:00,23.450000762939453,23.700000762939453,23.049999237060547,23.5,13640,0.0,0.0
2024-06-04 13:00:00+08:00,23.100000381469727,23.399999618530273,23.100000381469727,23.399999618530273,4000,0.0,0.0
2024-06-05 09:00:00+08:00,23.600000381469727,23.899999618530273,23.600000381469727,23.899999618530273,0,0.0,0.0
2024-06-06 09:00:00+08:00,23.850000381469727,25.0,23.5,24.200000762939453,3471,0.0,0.0
2024-06-06 10:00:00+08:00,23.5,23.549999237060547,23.5,23.549999237060547,3050,0.0,0.0
2024-06-06 11:00:00+08:00,23.5,24.0,23.5,24.0,4551,0.0,0.0
2024-06-07 09:00:00+08:00,24.0,24.299999237060547,24.0,24.299999237060547,0,0.0,0.0
2024-06-07 10:00:00+08:00,23.5,23.5,23.5,23.5,2200,0.0,0.0
2024-06-07 11:00:00+08:00,23.549999237060547,23.549999237060547,23.5,23.5,2544,0.0,0.0
2024-06-07 12:00:00+08:00,23.5,23.799999237060547,23.5,23.799999237060547,2014,0.0,0.0
2024-06-11 09:00:00+08:00,24.549999237060547,24.549999237060547,24.100000381469727,24.100000381469727,0,0.0,0.0
2024-06-11 10:00:00+08:00,23.700000762939453,23.700000762939453,23.700000762939453,23.700000762939453,1105,0.0,0.0
2024-06-11 11:00:00+08:00,23.700000762939453,23.700000762939453,23.649999618530273,23.649999618530273,4567,0.0,0.0
2024-06-12 09:00:00+08:00,23.5,23.600000381469727,23.299999237060547,23.600000381469727,5811,0.0,0.0
2024-06-12 10:00:00+08:00,23.549999237060547,23.549999237060547,23.5,23.5,5279,0.0,0.0
2024-06-12 12:00:00+08:00,23.5,24.0,23.5,24.0,12262,0.0,0.0
2024-06-13 09:00:00+08:00,23.5,24.149999618530273,23.299999237060547,23.350000381469727,0,0.0,0.0
2024-06-13 10:00:00+08:00,23.399999618530273,23.899999618530273,23.399999618530273,23.399999618530273,4698,0.0,0.0
2024-06-13 11:00:00+08:00,23.5,24.049999237060547,23.450000762939453,24.049999237060547,9418,0.0,0.0
2024-06-13 12:00:00+08:00,24.0,24.0,24.0,24.0,1068,0.0,0.0
2024-06-14 09:00:00+08:00,23.350000381469727,24.100000381469727,23.350000381469727,24.100000381469727,15244,0.0,0.0
2024-06-14 10:00:00+08:00,24.0,24.100000381469727,23.850000381469727,24.100000381469727,14475,0.0,0.0
2024-06-14 11:00:00+08:00,24.049999237060547,24.200000762939453,23.850000381469727,24.200000762939453,11507,0.0,0.0
2024-06-14 12:00:00+08:00,24.100000381469727,24.200000762939453,24.0,24.0,21620,0.0,0.0
2024-06-14 13:00:00+08:00,23.850000381469727,24.049999237060547,23.799999237060547,24.049999237060547,5000,0.0,0.0
2024-06-17 09:00:00+08:00,24.100000381469727,24.399999618530273,23.700000762939453,23.700000762939453,0,0.0,0.0
2024-06-17 10:00:00+08:00,23.799999237060547,24.0,23.700000762939453,23.700000762939453,11195,0.0,0.0
2024-06-17 11:00:00+08:00,24.0,24.0,23.5,24.0,14042,0.0,0.0
2024-06-17 12:00:00+08:00,24.0,24.0,23.600000381469727,23.600000381469727,3000,0.0,0.0
2024-06-17 13:00:00+08:00,23.600000381469727,23.950000762939453,23.600000381469727,23.950000762939453,0,0.0,0.0
2024-06-18 09:00:00+08:00,24.049999237060547,24.049999237060547,23.799999237060547,24.0,4020,0.0,0.0
2024-06-18 10:00:00+08:00,23.75,23.75,23.75,23.75,1409,0.0,0.0
2024-06-18 11:00:00+08:00,23.75,23.75,23.75,23.75,1002,0.0,0.0
2024-06-18 12:00:00+08:00,23.799999237060547,23.799999237060547,23.799999237060547,23.799999237060547,3194,0.0,0.0
2024-06-18 13:00:00+08:00,23.700000762939453,23.899999618530273,23.700000762939453,23.899999618530273,8000,0.0,0.0
2024-06-19 09:00:00+08:00,23.75,25.399999618530273,23.75,24.049999237060547,2937,0.0,0.0
2024-06-19 10:00:00+08:00,24.100000381469727,24.100000381469727,24.049999237060547,24.049999237060547,2075,0.0,0.0
2024-06-19 11:00:00+08:00,24.0,24.0,23.5,23.899999618530273,13124,0.0,0.0
2024-06-20 09:00:00+08:00,23.950000762939453,23.950000762939453,23.950000762939453,23.950000762939453,0,0.0,0.0
2024-06-20 10:00:00+08:00,23.649999618530273,23.649999618530273,23.649999618530273,23.649999618530273,1255,0.0,0.0
2024-06-20 11:00:00+08:00,23.649999618530273,23.649999618530273,23.649999618530273,23.649999618530273,2010,0.0,0.0
2024-06-20 12:00:00+08:00,23.850000381469727,23.850000381469727,23.850000381469727,23.850000381469727,2057,0.0,0.0
2024-06-21 09:00:00+08:00,24.0,26.200000762939453,24.0,24.850000381469727,694005,0.0,0.0
2024-06-21 10:00:00+08:00,24.350000381469727,24.899999618530273,23.899999618530273,24.600000381469727,44859,0.0,0.0
2024-06-21 11:00:00+08:00,24.5,24.700000762939453,24.450000762939453,24.649999618530273,24156,0.0,0.0
2024-06-21 12:00:00+08:00,24.200000762939453,24.200000762939453,24.200000762939453,24.200000762939453,4923,0.0,0.0
2024-06-21 13:00:00+08:00,24.299999237060547,24.399999618530273,24.049999237060547,24.049999237060547,8693,0.0,0.0
2024-06-24 09:00:00+08:00,22.25,23.299999237060547,22.200000762939453,22.799999237060547,0,0.0,0.0
2024-06-24 10:00:00+08:00,22.799999237060547,22.950000762939453,22.5,22.950000762939453,26686,0.0,0.0
2024-06-24 11:00:00+08:00,22.899999618530273,22.899999618530273,22.5,22.600000381469727,42116,0.0,0.0
2024-06-24 12:00:00+08:00,22.600000381469727,22.799999237060547,22.299999237060547,22.799999237060547,39565,0.0,0.0
2024-06-24 13:00:00+08:00,22.850000381469727,22.850000381469727,22.399999618530273,22.850000381469727,9193,0.0,0.0
2024-06-25 09:00:00+08:00,22.0,22.399999618530273,21.850000381469727,22.299999237060547,0,0.0,0.0
2024-06-25 10:00:00+08:00,22.25,23.75,22.200000762939453,23.75,30338,0.0,0.0
2024-06-25 12:00:00+08:00,23.25,23.25,23.25,23.25,1435,0.0,0.0
2024-06-25 13:00:00+08:00,22.700000762939453,22.950000762939453,22.700000762939453,22.950000762939453,2137,0.0,0.0
2024-06-26 09:00:00+08:00,23.600000381469727,23.700000762939453,23.600000381469727,23.700000762939453,0,0.0,0.0
2024-06-26 10:00:00+08:00,23.5,23.5,23.450000762939453,23.450000762939453,5100,0.0,0.0
2024-06-27 09:00:00+08:00,23.100000381469727,23.799999237060547,23.100000381469727,23.799999237060547,0,0.0,0.0
2024-06-27 10:00:00+08:00,23.450000762939453,23.450000762939453,23.450000762939453,23.450000762939453,1837,0.0,0.0
2024-06-27 11:00:00+08:00,23.0,23.0,23.0,23.0,1158,0.0,0.0
2024-06-27 12:00:00+08:00,22.850000381469727,23.350000381469727,22.850000381469727,23.350000381469727,2115,0.0,0.0
2024-06-28 09:00:00+08:00,23.5,23.5,23.450000762939453,23.5,0,0.0,0.0
2024-06-28 10:00:00+08:00,23.0,23.399999618530273,22.950000762939453,23.399999618530273,5199,0.0,0.0
2024-06-28 11:00:00+08:00,22.950000762939453,23.25,22.799999237060547,23.25,8197,0.0,0.0
2024-06-28 12:00:00+08:00,22.850000381469727,23.350000381469727,22.850000381469727,23.350000381469727,6653,0.0,0.0
2024-07-01 09:00:00+08:00,23.450000762939453,23.450000762939453,23.350000381469727,23.350000381469727,0,0.0,0.0
2024-07-01 11:00:00+08:00,23.0,23.0,23.0,23.0,3050,0.0,0.0
2024-07-01 12:00:00+08:00,22.649999618530273,22.700000762939453,22.649999618530273,22.700000762939453,2319,0.0,0.0
2024-07-01 13:00:00+08:00,22.700000762939453,22.950000762939453,22.700000762939453,22.950000762939453,0,0.0,0.0
2024-07-02 10:00:00+08:00,22.299999237060547,22.299999237060547,22.299999237060547,22.299999237060547,2000,0.0,0.0
2024-07-02 11:00:00+08:00,22.850000381469727,22.850000381469727,22.799999237060547,22.799999237060547,2293,0.0,0.0
2024-07-02 12:00:00+08:00,22.799999237060547,22.899999618530273,22.799999237060547,22.899999618530273,3741,0.0,0.0
2024-07-02 13:00:00+08:00,22.899999618530273,22.899999618530273,22.799999237060547,22.799999237060547,4280,0.0,0.0
2024-07-03 09:00:00+08:00,22.350000381469727,22.350000381469727,22.350000381469727,22.350000381469727,3739,0.0,0.0
2024-07-03 10:00:00+08:00,22.899999618530273,22.899999618530273,22.799999237060547,22.850000381469727,14129,0.0,0.0
2024-07-03 11:00:00+08:00,22.850000381469727,23.0,22.850000381469727,23.0,9375,0.0,0.0
2024-07-03 12:00:00+08:00,23.0,23.0,22.799999237060547,22.799999237060547,5751,0.0,0.0
2024-07-03 13:00:00+08:00,22.700000762939453,22.700000762939453,22.700000762939453,22.700000762939453,0,0.0,0.0
2024-07-04 10:00:00+08:00,22.549999237060547,22.700000762939453,22.549999237060547,22.700000762939453,6533,0.0,0.0
2024-07-04 11:00:00+08:00,22.700000762939453,22.700000762939453,22.700000762939453,22.700000762939453,3000,0.0,0.0
2024-07-04 12:00:00+08:00,23.049999237060547,23.049999237060547,23.049999237060547,23.049999237060547,1246,0.0,0.0
2024-07-04 13:00:00+08:00,22.649999618530273,22.649999618530273,22.649999618530273,22.649999618530273,1103,0.0,0.0
2024-07-05 09:00:00+08:00,22.549999237060547,22.549999237060547,22.5,22.5,0,0.0,0.0
2024-07-05 10:00:00+08:00,22.549999237060547,22.649999618530273,22.549999237060547,22.649999618530273,4353,0.0,0.0
2024-07-05 12:00:00+08:00,22.649999618530273,23.0,22.649999618530273,23.0,3363,0.0,0.0
2024-07-08 12:00:00+08:00,22.600000381469727,22.899999618530273,22.5,22.899999618530273,8906,0.0,0.0
2024-07-08 13:00:00+08:00,22.299999237060547,22.75,22.299999237060547,22.75,0,0.0,0.0
2024-07-09 09:00:00+08:00,22.850000381469727,23.149999618530273,22.850000381469727,23.149999618530273,15757,0.0,0.0
2024-07-09 10:00:00+08:00,23.049999237060547,23.049999237060547,23.049999237060547,23.049999237060547,0,0.0,0.0
2024-07-10 09:00:00+08:00,23.049999237060547,23.049999237060547,23.049999237060547,23.049999237060547,0,0.0,0.0
2024-07-11 09:00:00+08:00,23.049999237060547,23.149999618530273,23.0,23.149999618530273,8709,0.0,0.0
2024-07-11 10:00:00+08:00,22.75,22.75,22.75,22.75,1001,0.0,0.0
2024-07-11 11:00:00+08:00,22.75,22.75,22.75,22.75,4209,0.0,0.0
2024-07-11 12:00:00+08:00,22.75,22.950000762939453,22.75,22.950000762939453,9200,0.0,0.0
2024-07-11 13:00:00+08:00,22.950000762939453,23.049999237060547,22.799999237060547,23.049999237060547,0,0.0,0.0
2024-07-12 12:00:00+08:00,23.0,23.0,23.0,23.0,2247,0.0,0.0
2024-07-12 13:00:00+08:00,22.950000762939453,23.0,22.950000762939453,23.0,2133,0.0,0.0
