Datetime,Open,High,Low,Close,Volume,Dividends,Stock Splits
2022-08-11 09:30:00-04:00,16.049999237060547,16.049999237060547,15.84000015258789,15.984999656677246,48294,0.0,0.0
2022-08-11 10:30:00-04:00,16.0,16.209999084472656,15.989999771118164,16.150400161743164,33298,0.0,0.0
2022-08-11 11:30:00-04:00,16.149999618530273,16.170000076293945,16.049999237060547,16.084999084472656,33906,0.0,0.0
2022-08-11 12:30:00-04:00,16.084999084472656,16.229999542236328,16.084999084472656,16.19499969482422,44428,0.0,0.0
2022-08-11 13:30:00-04:00,16.149999618530273,16.185100555419922,16.104999542236328,16.170000076293945,7832,0.0,0.0
2022-08-11 14:30:00-04:00,16.1299991607666,16.18000030517578,15.829999923706055,15.880000114440918,33858,0.0,0.0
2022-08-11 15:30:00-04:00,15.9399995803833,15.9399995803833,15.829999923706055,15.829999923706055,13385,0.0,0.0
2022-08-12 09:30:00-04:00,15.989999771118164,16.299999237060547,15.850000381469727,16.110000610351562,92200,0.0,0.0
2022-08-12 10:30:00-04:00,16.1299991607666,16.190000534057617,16.049999237060547,16.1200008392334,39209,0.0,0.0
2022-08-12 11:30:00-04:00,16.100000381469727,16.649999618530273,16.100000381469727,16.55500030517578,73181,0.0,0.0
2022-08-12 12:30:00-04:00,16.6200008392334,16.690000534057617,16.479999542236328,16.6299991607666,39713,0.0,0.0
2022-08-12 13:30:00-04:00,16.625,16.813899993896484,16.600000381469727,16.799999237060547,43468,0.0,0.0
2022-08-12 14:30:00-04:00,16.799999237060547,16.84320068359375,16.450000762939453,16.565000534057617,18496,0.0,0.0
2022-08-12 15:30:00-04:00,16.559999465942383,16.65999984741211,16.40999984741211,16.549999237060547,49396,0.0,0.0
2022-08-15 09:30:00-04:00,16.139999389648438,16.200000762939453,15.880000114440918,16.010000228881836,56254,0.0,0.0
2022-08-15 10:30:00-04:00,16.068500518798828,16.229999542236328,16.068500518798828,16.229999542236328,9673,0.0,0.0
2022-08-15 11:30:00-04:00,16.170000076293945,16.34000015258789,16.149999618530273,16.299999237060547,13553,0.0,0.0
2022-08-15 12:30:00-04:00,16.299999237060547,16.489999771118164,16.299999237060547,16.489999771118164,14007,0.0,0.0
2022-08-15 13:30:00-04:00,16.479999542236328,16.479999542236328,16.170000076293945,16.350000381469727,49335,0.0,0.0
2022-08-15 14:30:00-04:00,16.350000381469727,16.540000915527344,16.31999969482422,16.389999389648438,21239,0.0,0.0
2022-08-15 15:30:00-04:00,16.3700008392334,16.469999313354492,16.280000686645508,16.360000610351562,25540,0.0,0.0
2022-08-16 09:30:00-04:00,16.6200008392334,16.6200008392334,16.25749969482422,16.34000015258789,21393,0.0,0.0
2022-08-16 10:30:00-04:00,16.299999237060547,16.309999465942383,16.130800247192383,16.305099487304688,16371,0.0,0.0
2022-08-16 11:30:00-04:00,16.34000015258789,16.55820083618164,16.299999237060547,16.55820083618164,5980,0.0,0.0
2022-08-16 12:30:00-04:00,16.5,16.5,16.329999923706055,16.372900009155273,5220,0.0,0.0
2022-08-16 13:30:00-04:00,16.34000015258789,16.65999984741211,16.329999923706055,16.58919906616211,25992,0.0,0.0
2022-08-16 14:30:00-04:00,16.610000610351562,16.66200065612793,16.424999237060547,16.510000228881836,21265,0.0,0.0
2022-08-16 15:30:00-04:00,16.454999923706055,16.549999237060547,16.30500030517578,16.31999969482422,33652,0.0,0.0
2022-08-17 09:30:00-04:00,16.309999465942383,16.6299991607666,16.262699127197266,16.579999923706055,9234,0.0,0.0
2022-08-17 10:30:00-04:00,16.649999618530273,16.799999237060547,16.5049991607666,16.690000534057617,17604,0.0,0.0
2022-08-17 11:30:00-04:00,16.700000762939453,16.739999771118164,16.604999542236328,16.739999771118164,27301,0.0,0.0
2022-08-17 12:30:00-04:00,16.75,16.829999923706055,16.579999923706055,16.81999969482422,18711,0.0,0.0
2022-08-17 13:30:00-04:00,16.799999237060547,16.809999465942383,16.614999771118164,16.739999771118164,26735,0.0,0.0
2022-08-17 14:30:00-04:00,16.764999389648438,16.764999389648438,16.549999237060547,16.74720001220703,13655,0.0,0.0
2022-08-17 15:30:00-04:00,16.766799926757812,16.770000457763672,16.592500686645508,16.600000381469727,8250,0.0,0.0
2022-08-18 09:30:00-04:00,17.049999237060547,18.469999313354492,17.0,17.799999237060547,219569,0.0,0.0
2022-08-18 10:30:00-04:00,17.790000915527344,17.979999542236328,17.739999771118164,17.850000381469727,39857,0.0,0.0
2022-08-18 11:30:00-04:00,17.850000381469727,17.979999542236328,17.799999237060547,17.8700008392334,47778,0.0,0.0
2022-08-18 12:30:00-04:00,17.90999984741211,18.1200008392334,17.8700008392334,17.915000915527344,55431,0.0,0.0
2022-08-18 13:30:00-04:00,17.915000915527344,17.98900032043457,17.81100082397461,17.969999313354492,55866,0.0,0.0
2022-08-18 14:30:00-04:00,17.940000534057617,17.940000534057617,17.670000076293945,17.670000076293945,98734,0.0,0.0
2022-08-18 15:30:00-04:00,17.68910026550293,17.739999771118164,17.3700008392334,17.5,73184,0.0,0.0
2022-08-19 09:30:00-04:00,17.5,17.739999771118164,17.079999923706055,17.5,67571,0.0,0.0
2022-08-19 10:30:00-04:00,17.488800048828125,17.5,17.06999969482422,17.10379981994629,34932,0.0,0.0
2022-08-19 11:30:00-04:00,17.149999618530273,17.299999237060547,17.110000610351562,17.25749969482422,12161,0.0,0.0
2022-08-19 12:30:00-04:00,17.209999084472656,17.270000457763672,17.110000610351562,17.15999984741211,13275,0.0,0.0
2022-08-19 13:30:00-04:00,17.149999618530273,17.237199783325195,17.09000015258789,17.110000610351562,12951,0.0,0.0
2022-08-19 14:30:00-04:00,17.100000381469727,17.15250015258789,16.719999313354492,16.93000030517578,28438,0.0,0.0
2022-08-19 15:30:00-04:00,16.924999237060547,16.924999237060547,16.68000030517578,16.829999923706055,48098,0.0,0.0
2022-08-22 09:30:00-04:00,16.6200008392334,16.710500717163086,16.0,16.334999084472656,48509,0.0,0.0
2022-08-22 10:30:00-04:00,16.309999465942383,16.739999771118164,16.110000610351562,16.739999771118164,14864,0.0,0.0
2022-08-22 11:30:00-04:00,16.844999313354492,17.0,16.700000762939453,16.8799991607666,21333,0.0,0.0
2022-08-22 12:30:00-04:00,16.90999984741211,17.18000030517578,16.770000457763672,16.8799991607666,11332,0.0,0.0
2022-08-22 13:30:00-04:00,16.8799991607666,16.915000915527344,16.829999923706055,16.829999923706055,6953,0.0,0.0
2022-08-22 14:30:00-04:00,16.910900115966797,16.959999084472656,16.829999923706055,16.91990089416504,8155,0.0,0.0
2022-08-22 15:30:00-04:00,16.920000076293945,17.059999465942383,16.8700008392334,16.989999771118164,20591,0.0,0.0
2022-08-23 09:30:00-04:00,17.209999084472656,17.770000457763672,17.149999618530273,17.559999465942383,49060,0.0,0.0
2022-08-23 10:30:00-04:00,17.639999389648438,17.90999984741211,17.5,17.6299991607666,40236,0.0,0.0
2022-08-23 11:30:00-04:00,17.611900329589844,17.611900329589844,17.260000228881836,17.329999923706055,22915,0.0,0.0
2022-08-23 12:30:00-04:00,17.569499969482422,17.761699676513672,17.350000381469727,17.360000610351562,13553,0.0,0.0
2022-08-23 13:30:00-04:00,17.434999465942383,17.5,17.25,17.489999771118164,10252,0.0,0.0
2022-08-23 14:30:00-04:00,17.411300659179688,17.59000015258789,17.309999465942383,17.59000015258789,25812,0.0,0.0
2022-08-23 15:30:00-04:00,17.610000610351562,17.709999084472656,17.559999465942383,17.579999923706055,18682,0.0,0.0
2022-08-24 09:30:00-04:00,17.649999618530273,17.950000762939453,17.639999389648438,17.74720001220703,0,0.0,0.0
2022-08-24 10:30:00-04:00,17.709999084472656,17.709999084472656,17.5,17.670000076293945,5185,0.0,0.0
2022-08-24 11:30:00-04:00,17.670000076293945,17.799999237060547,17.647899627685547,17.78339958190918,7744,0.0,0.0
2022-08-24 12:30:00-04:00,17.730100631713867,17.789899826049805,17.649999618530273,17.71500015258789,10777,0.0,0.0
2022-08-24 13:30:00-04:00,17.700000762939453,17.736000061035156,17.68000030517578,17.70039939880371,12249,0.0,0.0
2022-08-24 14:30:00-04:00,17.709999084472656,17.809999465942383,17.65999984741211,17.71500015258789,18031,0.0,0.0
2022-08-24 15:30:00-04:00,17.729999542236328,17.8700008392334,17.71500015258789,17.809999465942383,32801,0.0,0.0
2022-08-25 09:30:00-04:00,18.0,18.0,17.65290069580078,17.899999618530273,16322,0.0,0.0
2022-08-25 10:30:00-04:00,17.899999618530273,17.899999618530273,17.729999542236328,17.815000534057617,11650,0.0,0.0
2022-08-25 11:30:00-04:00,17.871299743652344,17.910900115966797,17.59000015258789,17.875,22202,0.0,0.0
2022-08-25 12:30:00-04:00,17.829999923706055,17.899999618530273,17.820100784301758,17.885000228881836,3478,0.0,0.0
2022-08-25 13:30:00-04:00,17.80900001525879,17.825000762939453,17.770000457763672,17.81999969482422,7247,0.0,0.0
2022-08-25 14:30:00-04:00,17.799999237060547,17.899999618530273,17.799999237060547,17.885000228881836,7964,0.0,0.0
2022-08-25 15:30:00-04:00,17.84000015258789,17.913700103759766,17.809999465942383,17.860000610351562,8032,0.0,0.0
2022-08-26 09:30:00-04:00,17.920000076293945,17.989900588989258,17.549999237060547,17.549999237060547,29097,0.0,0.0
2022-08-26 10:30:00-04:00,17.549999237060547,17.829999923706055,17.270000457763672,17.829999923706055,32606,0.0,0.0
2022-08-26 11:30:00-04:00,17.920000076293945,17.920000076293945,17.530000686645508,17.530000686645508,3761,0.0,0.0
2022-08-26 12:30:00-04:00,17.690000534057617,17.759899139404297,17.540000915527344,17.719999313354492,5211,0.0,0.0
2022-08-26 13:30:00-04:00,17.75,17.790000915527344,17.559999465942383,17.7549991607666,15182,0.0,0.0
2022-08-26 14:30:00-04:00,17.75,17.84000015258789,17.67259979248047,17.84000015258789,25122,0.0,0.0
2022-08-26 15:30:00-04:00,17.809999465942383,17.84000015258789,17.719999313354492,17.780000686645508,22321,0.0,0.0
2022-08-29 09:30:00-04:00,17.790000915527344,17.98110008239746,17.520000457763672,17.899999618530273,25104,0.0,0.0
2022-08-29 10:30:00-04:00,17.973100662231445,17.973100662231445,17.541200637817383,17.81999969482422,6656,0.0,0.0
2022-08-29 11:30:00-04:00,17.799999237060547,17.8799991607666,17.68000030517578,17.68000030517578,13942,0.0,0.0
2022-08-29 12:30:00-04:00,17.68000030517578,17.739999771118164,17.56999969482422,17.600000381469727,4640,0.0,0.0
2022-08-29 13:30:00-04:00,17.684999465942383,17.713300704956055,17.575000762939453,17.639999389648438,19319,0.0,0.0
2022-08-29 14:30:00-04:00,17.6200008392334,17.690000534057617,17.5,17.540000915527344,22319,0.0,0.0
2022-08-29 15:30:00-04:00,17.540000915527344,17.610000610351562,17.399999618530273,17.540000915527344,28092,0.0,0.0
2022-08-30 09:30:00-04:00,17.5,17.5,16.350000381469727,16.75,54518,0.0,0.0
2022-08-30 10:30:00-04:00,16.7052001953125,16.799999237060547,16.53420066833496,16.704099655151367,10252,0.0,0.0
2022-08-30 11:30:00-04:00,16.795000076293945,16.93000030517578,16.600000381469727,16.93000030517578,16581,0.0,0.0
2022-08-30 12:30:00-04:00,16.719999313354492,16.739999771118164,16.520099639892578,16.690000534057617,17045,0.0,0.0
2022-08-30 13:30:00-04:00,16.610000610351562,16.950000762939453,16.610000610351562,16.851999282836914,14635,0.0,0.0
2022-08-30 14:30:00-04:00,16.850000381469727,16.920000076293945,16.59000015258789,16.780000686645508,15436,0.0,0.0
2022-08-30 15:30:00-04:00,16.75,16.91360092163086,16.670000076293945,16.799999237060547,11983,0.0,0.0
2022-08-31 09:30:00-04:00,17.200000762939453,17.469999313354492,16.75,17.459999084472656,31076,0.0,0.0
2022-08-31 10:30:00-04:00,17.459999084472656,17.8799991607666,17.17009925842285,17.8799991607666,22223,0.0,0.0
2022-08-31 11:30:00-04:00,17.712400436401367,17.889999389648438,17.712400436401367,17.770000457763672,11037,0.0,0.0
2022-08-31 12:30:00-04:00,17.770000457763672,17.829999923706055,17.479999542236328,17.55929946899414,9984,0.0,0.0
2022-08-31 13:30:00-04:00,17.584999084472656,17.584999084472656,17.273000717163086,17.365299224853516,3545,0.0,0.0
2022-08-31 14:30:00-04:00,17.467199325561523,17.467199325561523,17.220600128173828,17.360000610351562,3588,0.0,0.0
2022-08-31 15:30:00-04:00,17.43000030517578,17.479999542236328,17.31999969482422,17.440000534057617,8583,0.0,0.0
2022-09-01 09:30:00-04:00,17.280000686645508,17.365999221801758,16.6200008392334,16.815000534057617,26493,0.0,0.0
2022-09-01 10:30:00-04:00,16.781999588012695,17.100000381469727,16.781999588012695,16.83370018005371,12821,0.0,0.0
2022-09-01 11:30:00-04:00,16.75,17.229999542236328,16.75,17.094999313354492,6972,0.0,0.0
2022-09-01 12:30:00-04:00,17.0,17.34000015258789,16.899999618530273,17.100000381469727,28541,0.0,0.0
2022-09-01 13:30:00-04:00,17.25,17.25,16.969999313354492,17.219999313354492,9936,0.0,0.0
2022-09-01 14:30:00-04:00,17.229999542236328,17.360000610351562,17.15999984741211,17.290000915527344,7266,0.0,0.0
2022-09-01 15:30:00-04:00,17.280000686645508,17.290000915527344,17.040000915527344,17.270000457763672,11226,0.0,0.0
2022-09-02 09:30:00-04:00,17.780000686645508,17.780000686645508,17.020000457763672,17.549999237060547,18595,0.0,0.0
2022-09-02 10:30:00-04:00,17.5,17.555400848388672,17.5,17.555400848388672,1053,0.0,0.0
2022-09-02 11:30:00-04:00,17.514999389648438,17.6200008392334,17.510000228881836,17.510000228881836,10746,0.0,0.0
2022-09-02 12:30:00-04:00,17.418100357055664,17.586599349975586,17.25,17.350000381469727,11571,0.0,0.0
2022-09-02 13:30:00-04:00,17.299999237060547,17.405000686645508,17.229999542236328,17.3700008392334,9112,0.0,0.0
2022-09-02 14:30:00-04:00,17.3700008392334,17.511899948120117,17.346200942993164,17.399999618530273,8953,0.0,0.0
2022-09-02 15:30:00-04:00,17.475799560546875,17.475799560546875,17.280000686645508,17.469999313354492,6794,0.0,0.0
2022-09-06 09:30:00-04:00,17.31999969482422,17.649999618530273,16.950000762939453,17.139999389648438,19424,0.0,0.0
2022-09-06 10:30:00-04:00,17.100000381469727,17.290000915527344,17.100000381469727,17.100000381469727,9478,0.0,0.0
2022-09-06 11:30:00-04:00,17.110000610351562,17.25,17.075000762939453,17.079700469970703,9860,0.0,0.0
2022-09-06 12:30:00-04:00,17.02739906311035,17.02739906311035,16.860000610351562,16.979999542236328,8946,0.0,0.0
2022-09-06 13:30:00-04:00,16.989999771118164,17.100000381469727,16.84000015258789,16.940500259399414,5856,0.0,0.0
2022-09-06 14:30:00-04:00,16.96500015258789,17.040000915527344,16.80340003967285,16.813499450683594,7259,0.0,0.0
2022-09-06 15:30:00-04:00,16.77680015563965,16.93000030517578,16.739999771118164,16.81999969482422,5892,0.0,0.0
2022-09-07 09:30:00-04:00,16.760000228881836,16.889999389648438,16.18000030517578,16.75,29539,0.0,0.0
2022-09-07 10:30:00-04:00,16.78499984741211,16.809999465942383,16.719999313354492,16.754600524902344,3203,0.0,0.0
2022-09-07 11:30:00-04:00,16.739999771118164,16.809999465942383,16.610000610351562,16.61009979248047,3476,0.0,0.0
2022-09-07 12:30:00-04:00,16.639999389648438,16.889999389648438,16.450000762939453,16.844999313354492,5532,0.0,0.0
2022-09-07 13:30:00-04:00,16.90850067138672,16.989999771118164,16.85890007019043,16.91320037841797,6138,0.0,0.0
2022-09-07 14:30:00-04:00,16.988300323486328,17.09000015258789,16.895000457763672,17.09000015258789,10840,0.0,0.0
2022-09-07 15:30:00-04:00,17.045000076293945,17.159799575805664,17.010000228881836,17.1200008392334,5237,0.0,0.0
2022-09-08 09:30:00-04:00,16.90999984741211,17.049999237060547,16.68000030517578,16.90999984741211,2309,0.0,0.0
2022-09-08 10:30:00-04:00,16.690000534057617,17.030000686645508,16.690000534057617,17.030000686645508,4903,0.0,0.0
2022-09-08 11:30:00-04:00,17.028099060058594,17.028099060058594,16.760000228881836,16.799999237060547,4649,0.0,0.0
2022-09-08 12:30:00-04:00,16.84000015258789,17.049999237060547,16.84000015258789,17.049999237060547,1887,0.0,0.0
2022-09-08 13:30:00-04:00,17.049999237060547,17.059999465942383,17.0,17.059999465942383,7123,0.0,0.0
2022-09-08 14:30:00-04:00,17.09000015258789,17.173500061035156,16.993200302124023,16.993200302124023,3903,0.0,0.0
2022-09-08 15:30:00-04:00,17.078800201416016,17.229999542236328,17.06999969482422,17.200000762939453,9377,0.0,0.0
2022-09-09 09:30:00-04:00,17.209999084472656,17.709999084472656,17.15999984741211,17.56999969482422,0,0.0,0.0
2022-09-09 10:30:00-04:00,17.631999969482422,17.639999389648438,17.549999237060547,17.549999237060547,5609,0.0,0.0
2022-09-09 11:30:00-04:00,17.500099182128906,17.610000610351562,17.424100875854492,17.43000030517578,14722,0.0,0.0
2022-09-09 12:30:00-04:00,17.440099716186523,17.5,17.440099716186523,17.445899963378906,3180,0.0,0.0
2022-09-09 13:30:00-04:00,17.450000762939453,17.533700942993164,17.399999618530273,17.469999313354492,7649,0.0,0.0
2022-09-09 14:30:00-04:00,17.459999084472656,17.6299991607666,17.459999084472656,17.579999923706055,34354,0.0,0.0
2022-09-09 15:30:00-04:00,17.4950008392334,17.639999389648438,17.489999771118164,17.489999771118164,12034,0.0,0.0
2022-09-12 09:30:00-04:00,17.719999313354492,17.719999313354492,17.28499984741211,17.649999618530273,10700,0.0,0.0
2022-09-12 10:30:00-04:00,17.649999618530273,17.650800704956055,17.350000381469727,17.350000381469727,5446,0.0,0.0
2022-09-12 11:30:00-04:00,17.399999618530273,17.399999618530273,17.124300003051758,17.370399475097656,3477,0.0,0.0
2022-09-12 12:30:00-04:00,17.290000915527344,17.475000381469727,17.25,17.440000534057617,12918,0.0,0.0
2022-09-12 13:30:00-04:00,17.469999313354492,17.469999313354492,17.309999465942383,17.389999389648438,3426,0.0,0.0
2022-09-12 14:30:00-04:00,17.360000610351562,17.399999618530273,17.290000915527344,17.29129981994629,2424,0.0,0.0
2022-09-12 15:30:00-04:00,17.28499984741211,17.450000762939453,17.25,17.389999389648438,5260,0.0,0.0
2022-09-13 09:30:00-04:00,17.360000610351562,17.389999389648438,17.229999542236328,17.229999542236328,7356,0.0,0.0
2022-09-13 10:30:00-04:00,17.299999237060547,17.299999237060547,17.04360008239746,17.185699462890625,6903,0.0,0.0
2022-09-13 11:30:00-04:00,17.145000457763672,17.2189998626709,17.086299896240234,17.173999786376953,3303,0.0,0.0
2022-09-13 12:30:00-04:00,17.100000381469727,17.190000534057617,17.059999465942383,17.15999984741211,5267,0.0,0.0
2022-09-13 13:30:00-04:00,17.200000762939453,17.21940040588379,17.0,17.092199325561523,4184,0.0,0.0
2022-09-13 14:30:00-04:00,17.110000610351562,17.25,17.096799850463867,17.100000381469727,20186,0.0,0.0
2022-09-13 15:30:00-04:00,17.117700576782227,17.18000030517578,17.04360008239746,17.18000030517578,6727,0.0,0.0
2022-09-14 09:30:00-04:00,17.209999084472656,17.5,17.209999084472656,17.309999465942383,8096,0.0,0.0
2022-09-14 10:30:00-04:00,17.261999130249023,17.34510040283203,17.205900192260742,17.25,2919,0.0,0.0
2022-09-14 11:30:00-04:00,17.312000274658203,17.312000274658203,17.15999984741211,17.15999984741211,2768,0.0,0.0
2022-09-14 12:30:00-04:00,17.170000076293945,17.375900268554688,17.170000076293945,17.280000686645508,2796,0.0,0.0
2022-09-14 13:30:00-04:00,17.09000015258789,17.15999984741211,17.09000015258789,17.150299072265625,3859,0.0,0.0
2022-09-14 14:30:00-04:00,17.149999618530273,17.18000030517578,17.06999969482422,17.079999923706055,4323,0.0,0.0
2022-09-14 15:30:00-04:00,17.06999969482422,17.219999313354492,17.0,17.219999313354492,16115,0.0,0.0
2022-09-15 09:30:00-04:00,17.010000228881836,17.309999465942383,16.829999923706055,17.190000534057617,21901,0.0,0.0
2022-09-15 10:30:00-04:00,17.243999481201172,17.25,16.899999618530273,16.899999618530273,6307,0.0,0.0
2022-09-15 11:30:00-04:00,16.969999313354492,17.18000030517578,16.899999618530273,16.899999618530273,5036,0.0,0.0
2022-09-15 12:30:00-04:00,16.93000030517578,17.0,16.899999618530273,16.954999923706055,9222,0.0,0.0
2022-09-15 13:30:00-04:00,16.955400466918945,16.955400466918945,16.735000610351562,16.735000610351562,2143,0.0,0.0
2022-09-15 14:30:00-04:00,16.81999969482422,16.84000015258789,16.639999389648438,16.65999984741211,7273,0.0,0.0
2022-09-15 15:30:00-04:00,16.6299991607666,16.790000915527344,16.6200008392334,16.790000915527344,6573,0.0,0.0
2022-09-16 09:30:00-04:00,16.510000228881836,17.0,16.25,16.764999389648438,30456,0.0,0.0
2022-09-16 10:30:00-04:00,16.940000534057617,16.940000534057617,16.610000610351562,16.75,48267,0.0,0.0
2022-09-16 11:30:00-04:00,16.75,17.079999923706055,16.75,16.780000686645508,23654,0.0,0.0
2022-09-16 12:30:00-04:00,16.770000457763672,16.770000457763672,16.13010025024414,16.399999618530273,14148,0.0,0.0
2022-09-16 13:30:00-04:00,16.295000076293945,16.399999618530273,16.149999618530273,16.3799991607666,37617,0.0,0.0
2022-09-16 14:30:00-04:00,16.329999923706055,16.584999084472656,16.260000228881836,16.584999084472656,37357,0.0,0.0
2022-09-16 15:30:00-04:00,16.450000762939453,16.75,16.448200225830078,16.719999313354492,13086,0.0,0.0
2022-09-19 09:30:00-04:00,16.309999465942383,16.969999313354492,16.260000228881836,16.959999084472656,0,0.0,0.0
2022-09-19 10:30:00-04:00,16.959999084472656,17.219999313354492,16.834999084472656,16.920000076293945,6928,0.0,0.0
2022-09-19 11:30:00-04:00,16.979999542236328,16.979999542236328,16.81999969482422,16.850000381469727,4976,0.0,0.0
2022-09-19 12:30:00-04:00,16.940000534057617,16.959999084472656,16.81999969482422,16.90999984741211,6247,0.0,0.0
2022-09-19 13:30:00-04:00,16.959999084472656,16.959999084472656,16.690000534057617,16.84000015258789,9097,0.0,0.0
2022-09-19 14:30:00-04:00,16.7549991607666,17.030000686645508,16.719999313354492,17.020000457763672,10370,0.0,0.0
2022-09-19 15:30:00-04:00,17.020000457763672,17.149999618530273,16.950000762939453,17.030000686645508,11971,0.0,0.0
2022-09-20 09:30:00-04:00,16.989999771118164,17.309999465942383,16.68000030517578,16.68000030517578,14378,0.0,0.0
2022-09-20 10:30:00-04:00,16.699499130249023,16.959999084472656,16.6299991607666,16.899999618530273,7795,0.0,0.0
2022-09-20 11:30:00-04:00,16.889999389648438,16.950000762939453,16.885000228881836,16.899999618530273,3377,0.0,0.0
2022-09-20 12:30:00-04:00,16.800500869750977,16.850000381469727,16.683799743652344,16.683799743652344,989,0.0,0.0
2022-09-20 13:30:00-04:00,16.699100494384766,16.781299591064453,16.660999298095703,16.774999618530273,11597,0.0,0.0
2022-09-20 14:30:00-04:00,16.739999771118164,16.739999771118164,16.739999771118164,16.739999771118164,887,0.0,0.0
2022-09-20 15:30:00-04:00,16.81999969482422,16.8700008392334,16.729999542236328,16.729999542236328,8175,0.0,0.0
2022-09-21 09:30:00-04:00,16.899999618530273,16.899999618530273,16.350000381469727,16.5398006439209,21233,0.0,0.0
2022-09-21 10:30:00-04:00,16.496000289916992,16.613800048828125,16.469999313354492,16.540000915527344,6058,0.0,0.0
2022-09-21 11:30:00-04:00,16.59000015258789,16.739999771118164,16.59000015258789,16.649999618530273,3156,0.0,0.0
2022-09-21 12:30:00-04:00,16.639999389648438,16.639999389648438,16.540000915527344,16.540000915527344,3067,0.0,0.0
2022-09-21 13:30:00-04:00,16.545000076293945,16.674999237060547,16.010000228881836,16.34000015258789,28661,0.0,0.0
2022-09-21 14:30:00-04:00,16.264999389648438,16.682899475097656,16.219999313354492,16.260000228881836,7677,0.0,0.0
2022-09-21 15:30:00-04:00,16.290000915527344,16.332700729370117,15.5,15.9399995803833,80877,0.0,0.0
2022-09-22 09:30:00-04:00,15.949999809265137,16.2549991607666,15.850000381469727,16.128000259399414,23833,0.0,0.0
2022-09-22 10:30:00-04:00,16.1299991607666,16.329999923706055,16.0,16.329999923706055,26035,0.0,0.0
2022-09-22 11:30:00-04:00,16.1299991607666,16.200000762939453,16.059999465942383,16.079999923706055,972,0.0,0.0
2022-09-22 12:30:00-04:00,16.127899169921875,16.174999237060547,15.989999771118164,16.020000457763672,4644,0.0,0.0
2022-09-22 13:30:00-04:00,16.030000686645508,16.1299991607666,15.770000457763672,15.864999771118164,27647,0.0,0.0
2022-09-22 14:30:00-04:00,15.90999984741211,16.170000076293945,15.90999984741211,16.149999618530273,15358,0.0,0.0
2022-09-22 15:30:00-04:00,16.15999984741211,16.174999237060547,15.944999694824219,16.0,14987,0.0,0.0
2022-09-23 09:30:00-04:00,15.270000457763672,15.789999961853027,14.563300132751465,15.213500022888184,0,0.0,0.0
2022-09-23 10:30:00-04:00,15.3100004196167,15.3100004196167,15.069999694824219,15.122200012207031,19070,0.0,0.0
2022-09-23 11:30:00-04:00,15.079999923706055,15.229999542236328,14.789999961853027,14.819999694824219,32119,0.0,0.0
2022-09-23 12:30:00-04:00,14.779999732971191,14.899999618530273,14.369999885559082,14.550000190734863,77429,0.0,0.0
2022-09-23 13:30:00-04:00,14.59000015258789,14.749899864196777,14.390000343322754,14.390000343322754,23768,0.0,0.0
2022-09-23 14:30:00-04:00,14.432700157165527,14.59000015258789,14.109999656677246,14.420000076293945,34218,0.0,0.0
2022-09-23 15:30:00-04:00,14.4399995803833,14.630000114440918,14.34000015258789,14.399999618530273,23250,0.0,0.0
2022-09-26 09:30:00-04:00,14.319999694824219,14.880000114440918,14.319999694824219,14.59000015258789,34623,0.0,0.0
2022-09-26 10:30:00-04:00,14.529999732971191,14.529999732971191,14.149999618530273,14.170000076293945,18638,0.0,0.0
2022-09-26 11:30:00-04:00,14.149999618530273,14.170000076293945,13.710000038146973,13.720000267028809,39018,0.0,0.0
2022-09-26 12:30:00-04:00,13.699999809265137,13.890000343322754,13.600000381469727,13.600000381469727,14486,0.0,0.0
2022-09-26 13:30:00-04:00,13.649999618530273,13.8149995803833,13.489999771118164,13.555000305175781,50157,0.0,0.0
2022-09-26 14:30:00-04:00,13.510000228881836,13.718000411987305,13.510000228881836,13.579999923706055,19372,0.0,0.0
2022-09-26 15:30:00-04:00,13.539999961853027,13.542699813842773,13.055000305175781,13.055000305175781,61236,0.0,0.0
2022-09-27 09:30:00-04:00,13.3100004196167,13.640000343322754,13.204999923706055,13.5,75568,0.0,0.0
2022-09-27 10:30:00-04:00,13.5,13.600000381469727,13.399999618530273,13.399999618530273,27822,0.0,0.0
2022-09-27 11:30:00-04:00,13.329999923706055,13.329999923706055,12.75,12.760000228881836,5251,0.0,0.0
2022-09-27 12:30:00-04:00,13.010000228881836,13.09000015258789,12.920000076293945,13.010000228881836,16717,0.0,0.0
2022-09-27 13:30:00-04:00,13.029999732971191,13.399999618530273,13.029999732971191,13.149999618530273,31253,0.0,0.0
2022-09-27 14:30:00-04:00,13.114999771118164,13.350000381469727,13.029999732971191,13.300000190734863,45152,0.0,0.0
2022-09-27 15:30:00-04:00,13.288000106811523,13.329999923706055,13.149999618530273,13.149999618530273,67332,0.0,0.0
2022-09-28 09:30:00-04:00,13.0600004196167,13.164999961853027,13.010000228881836,13.079999923706055,11182,0.0,0.0
2022-09-28 10:30:00-04:00,13.229999542236328,13.615400314331055,13.15999984741211,13.585000038146973,29943,0.0,0.0
2022-09-28 11:30:00-04:00,13.630000114440918,13.800000190734863,13.595000267028809,13.710000038146973,32564,0.0,0.0
2022-09-28 12:30:00-04:00,13.789999961853027,13.985099792480469,13.789999961853027,13.9350004196167,6660,0.0,0.0
2022-09-28 13:30:00-04:00,13.880000114440918,14.0,13.880000114440918,13.954999923706055,10151,0.0,0.0
2022-09-28 14:30:00-04:00,13.954999923706055,13.954999923706055,13.770000457763672,13.8149995803833,8435,0.0,0.0
2022-09-28 15:30:00-04:00,13.755000114440918,13.899999618530273,13.639399528503418,13.800000190734863,18642,0.0,0.0
2022-09-29 09:30:00-04:00,13.59000015258789,14.181900024414062,13.132599830627441,13.15999984741211,0,0.0,0.0
2022-09-29 10:30:00-04:00,13.270000457763672,13.460000038146973,13.270000457763672,13.390000343322754,3157,0.0,0.0
2022-09-29 11:30:00-04:00,13.5,13.569999694824219,13.460000038146973,13.569999694824219,681,0.0,0.0
2022-09-29 12:30:00-04:00,13.569999694824219,13.600000381469727,13.5,13.551899909973145,5625,0.0,0.0
2022-09-29 13:30:00-04:00,13.4399995803833,13.4399995803833,13.170000076293945,13.229999542236328,7074,0.0,0.0
2022-09-29 14:30:00-04:00,13.289999961853027,13.3149995803833,13.199999809265137,13.210000038146973,7733,0.0,0.0
2022-09-29 15:30:00-04:00,13.239999771118164,13.3100004196167,13.140000343322754,13.180000305175781,9972,0.0,0.0
2022-09-30 09:30:00-04:00,13.050000190734863,13.279999732971191,12.774999618530273,13.109999656677246,16629,0.0,0.0
2022-09-30 10:30:00-04:00,13.130000114440918,13.289999961853027,13.119999885559082,13.25,19388,0.0,0.0
2022-09-30 11:30:00-04:00,13.25,13.289999961853027,13.149999618530273,13.149999618530273,9514,0.0,0.0
2022-09-30 12:30:00-04:00,13.170000076293945,13.170000076293945,12.925000190734863,13.010000228881836,9629,0.0,0.0
2022-09-30 13:30:00-04:00,13.05270004272461,13.069999694824219,12.880000114440918,12.880000114440918,18438,0.0,0.0
2022-09-30 14:30:00-04:00,12.869999885559082,12.90999984741211,12.829999923706055,12.850899696350098,5413,0.0,0.0
2022-09-30 15:30:00-04:00,12.8725004196167,13.0,12.8100004196167,12.960000038146973,8653,0.0,0.0
2022-10-03 09:30:00-04:00,13.390000343322754,13.712800025939941,13.130800247192383,13.4399995803833,12935,0.0,0.0
2022-10-03 10:30:00-04:00,13.429100036621094,13.4399995803833,13.3100004196167,13.430000305175781,12103,0.0,0.0
2022-10-03 11:30:00-04:00,13.380000114440918,13.444999694824219,13.25,13.319999694824219,11421,0.0,0.0
2022-10-03 12:30:00-04:00,13.300000190734863,13.449999809265137,13.239999771118164,13.279999732971191,7488,0.0,0.0
2022-10-03 13:30:00-04:00,13.270000457763672,13.539999961853027,13.199999809265137,13.470000267028809,48745,0.0,0.0
2022-10-03 14:30:00-04:00,13.470000267028809,13.529999732971191,13.319999694824219,13.350000381469727,67624,0.0,0.0
2022-10-03 15:30:00-04:00,13.380000114440918,13.380000114440918,13.270000457763672,13.300000190734863,30441,0.0,0.0
2022-10-04 09:30:00-04:00,14.029999732971191,14.15999984741211,13.600000381469727,13.699999809265137,87539,0.0,0.0
2022-10-04 10:30:00-04:00,13.65999984741211,13.75,13.600000381469727,13.600000381469727,32008,0.0,0.0
2022-10-04 11:30:00-04:00,13.579999923706055,13.630000114440918,13.520000457763672,13.600000381469727,12127,0.0,0.0
2022-10-04 12:30:00-04:00,13.510000228881836,13.603400230407715,13.420000076293945,13.449999809265137,12223,0.0,0.0
2022-10-04 13:30:00-04:00,13.460000038146973,13.520000457763672,13.460000038146973,13.505000114440918,6479,0.0,0.0
2022-10-04 14:30:00-04:00,13.5,13.550200462341309,13.4399995803833,13.460000038146973,17998,0.0,0.0
2022-10-04 15:30:00-04:00,13.475000381469727,13.539999961853027,13.449999809265137,13.489999771118164,22373,0.0,0.0
2022-10-05 09:30:00-04:00,13.569999694824219,13.629899978637695,13.296699523925781,13.399999618530273,19558,0.0,0.0
2022-10-05 10:30:00-04:00,13.390000343322754,13.550000190734863,13.359999656677246,13.380000114440918,41206,0.0,0.0
2022-10-05 11:30:00-04:00,13.369999885559082,13.489999771118164,13.369999885559082,13.4399995803833,26340,0.0,0.0
2022-10-05 12:30:00-04:00,13.40999984741211,13.46500015258789,13.369999885559082,13.399999618530273,24185,0.0,0.0
2022-10-05 13:30:00-04:00,13.430000305175781,13.529999732971191,13.430000305175781,13.449999809265137,38017,0.0,0.0
2022-10-05 14:30:00-04:00,13.470000267028809,13.470000267028809,13.4399995803833,13.449999809265137,26035,0.0,0.0
2022-10-05 15:30:00-04:00,13.454999923706055,13.460000038146973,13.329999923706055,13.329999923706055,16266,0.0,0.0
2022-10-06 09:30:00-04:00,13.3100004196167,13.529999732971191,13.119999885559082,13.119999885559082,19108,0.0,0.0
2022-10-06 10:30:00-04:00,13.239999771118164,13.460000038146973,13.239999771118164,13.460000038146973,14665,0.0,0.0
2022-10-06 11:30:00-04:00,13.460000038146973,13.510000228881836,13.39210033416748,13.5,9457,0.0,0.0
2022-10-06 12:30:00-04:00,13.5,13.5,13.430000305175781,13.430000305175781,5346,0.0,0.0
2022-10-06 13:30:00-04:00,13.489899635314941,13.5649995803833,13.475099563598633,13.475099563598633,28717,0.0,0.0
2022-10-06 14:30:00-04:00,13.489999771118164,13.5600004196167,13.489999771118164,13.529999732971191,33458,0.0,0.0
2022-10-06 15:30:00-04:00,13.539999961853027,13.65999984741211,13.539999961853027,13.600000381469727,21975,0.0,0.0
2022-10-07 09:30:00-04:00,13.319999694824219,13.8100004196167,13.319999694824219,13.720000267028809,28766,0.0,0.0
2022-10-07 10:30:00-04:00,13.819999694824219,14.020000457763672,13.75,13.850000381469727,45277,0.0,0.0
2022-10-07 11:30:00-04:00,13.850000381469727,14.140000343322754,13.800000190734863,14.039999961853027,37232,0.0,0.0
2022-10-07 12:30:00-04:00,14.029999732971191,14.109999656677246,13.970999717712402,14.09000015258789,12142,0.0,0.0
2022-10-07 13:30:00-04:00,14.100000381469727,14.248299598693848,14.0,14.100000381469727,0,0.0,0.0
2022-10-07 14:30:00-04:00,14.0600004196167,14.270000457763672,14.050000190734863,14.229999542236328,197187,0.0,0.0
2022-10-07 15:30:00-04:00,14.229999542236328,14.5,14.229999542236328,14.5,20999,0.0,0.0
2022-10-10 09:30:00-04:00,14.489999771118164,15.149999618530273,14.475000381469727,14.670000076293945,29119,0.0,0.0
2022-10-10 10:30:00-04:00,14.649999618530273,14.84000015258789,14.479999542236328,14.510100364685059,15656,0.0,0.0
2022-10-10 11:30:00-04:00,14.579999923706055,14.800000190734863,14.579999923706055,14.760000228881836,10195,0.0,0.0
2022-10-10 12:30:00-04:00,14.704999923706055,14.869999885559082,14.704999923706055,14.869999885559082,6242,0.0,0.0
2022-10-10 13:30:00-04:00,14.774999618530273,14.930000305175781,14.760000228881836,14.899999618530273,9020,0.0,0.0
2022-10-10 14:30:00-04:00,14.699999809265137,14.9399995803833,14.630000114440918,14.820500373840332,24908,0.0,0.0
2022-10-10 15:30:00-04:00,14.819999694824219,14.969900131225586,14.779999732971191,14.875,14333,0.0,0.0
2022-10-11 09:30:00-04:00,14.649999618530273,14.654999732971191,14.039999961853027,14.180000305175781,12413,0.0,0.0
2022-10-11 10:30:00-04:00,14.244999885559082,14.501299858093262,14.239999771118164,14.501299858093262,2891,0.0,0.0
2022-10-11 11:30:00-04:00,14.460000038146973,14.739999771118164,14.460000038146973,14.739999771118164,31025,0.0,0.0
2022-10-11 12:30:00-04:00,14.729999542236328,15.130000114440918,14.654999732971191,14.90999984741211,30601,0.0,0.0
2022-10-11 13:30:00-04:00,15.0,15.0,14.813400268554688,14.84000015258789,28490,0.0,0.0
2022-10-11 14:30:00-04:00,14.850000381469727,14.885000228881836,14.550000190734863,14.765000343322754,34048,0.0,0.0
2022-10-11 15:30:00-04:00,14.765000343322754,14.829999923706055,14.609999656677246,14.609999656677246,14666,0.0,0.0
2022-10-12 09:30:00-04:00,14.449999809265137,14.77910041809082,14.210000038146973,14.361599922180176,0,0.0,0.0
2022-10-12 10:30:00-04:00,14.4399995803833,14.675000190734863,14.28499984741211,14.611800193786621,14423,0.0,0.0
2022-10-12 11:30:00-04:00,14.710000038146973,14.710000038146973,14.5,14.5,8255,0.0,0.0
2022-10-12 12:30:00-04:00,14.5,14.600000381469727,14.489999771118164,14.600000381469727,4628,0.0,0.0
2022-10-12 13:30:00-04:00,14.649999618530273,14.880000114440918,14.649999618530273,14.760000228881836,10199,0.0,0.0
2022-10-12 14:30:00-04:00,14.880000114440918,15.0,14.8100004196167,14.84000015258789,21088,0.0,0.0
2022-10-12 15:30:00-04:00,14.84000015258789,15.010000228881836,14.8100004196167,14.970000267028809,32208,0.0,0.0
2022-10-13 09:30:00-04:00,14.720000267028809,14.90999984741211,14.399999618530273,14.779999732971191,23167,0.0,0.0
2022-10-13 10:30:00-04:00,14.899999618530273,15.539999961853027,14.880000114440918,15.53499984741211,30651,0.0,0.0
2022-10-13 11:30:00-04:00,15.5,15.600000381469727,15.460000038146973,15.550000190734863,60848,0.0,0.0
2022-10-13 12:30:00-04:00,15.59000015258789,15.949999809265137,15.545000076293945,15.869999885559082,14814,0.0,0.0
2022-10-13 13:30:00-04:00,15.864999771118164,15.920000076293945,15.699999809265137,15.725000381469727,24128,0.0,0.0
2022-10-13 14:30:00-04:00,15.739999771118164,15.9399995803833,15.680000305175781,15.680000305175781,12737,0.0,0.0
2022-10-13 15:30:00-04:00,15.779600143432617,15.819999694824219,15.640000343322754,15.779999732971191,28234,0.0,0.0
2022-10-14 09:30:00-04:00,16.020000457763672,16.190000534057617,15.600000381469727,15.880000114440918,62352,0.0,0.0
2022-10-14 10:30:00-04:00,15.949999809265137,16.100000381469727,15.79800033569336,16.020000457763672,45244,0.0,0.0
2022-10-14 11:30:00-04:00,16.020000457763672,16.049999237060547,15.899999618530273,16.010000228881836,25569,0.0,0.0
2022-10-14 12:30:00-04:00,16.040000915527344,16.06999969482422,15.90999984741211,15.979999542236328,28696,0.0,0.0
2022-10-14 13:30:00-04:00,16.010000228881836,16.059999465942383,15.949999809265137,15.989999771118164,39929,0.0,0.0
2022-10-14 14:30:00-04:00,15.984999656677246,16.020000457763672,15.869999885559082,15.914999961853027,39895,0.0,0.0
2022-10-14 15:30:00-04:00,15.890000343322754,15.930000305175781,15.670000076293945,15.680000305175781,28326,0.0,0.0
2022-10-17 09:30:00-04:00,16.100000381469727,16.239999771118164,15.9399995803833,16.239999771118164,33725,0.0,0.0
2022-10-17 10:30:00-04:00,16.11829948425293,16.489999771118164,16.110000610351562,16.389999389648438,23344,0.0,0.0
2022-10-17 11:30:00-04:00,16.399999618530273,16.610000610351562,16.399999618530273,16.610000610351562,8547,0.0,0.0
2022-10-17 12:30:00-04:00,16.6387996673584,16.684999465942383,16.460100173950195,16.59000015258789,20836,0.0,0.0
2022-10-17 13:30:00-04:00,16.59000015258789,16.59000015258789,16.25,16.479999542236328,32083,0.0,0.0
2022-10-17 14:30:00-04:00,16.40880012512207,16.780000686645508,16.40880012512207,16.780000686645508,17300,0.0,0.0
2022-10-17 15:30:00-04:00,16.780000686645508,16.84000015258789,16.75,16.809999465942383,16565,0.0,0.0
2022-10-18 09:30:00-04:00,16.940000534057617,17.200000762939453,16.760000228881836,16.860000610351562,32070,0.0,0.0
2022-10-18 10:30:00-04:00,16.860000610351562,16.889999389648438,16.40999984741211,16.674999237060547,21957,0.0,0.0
2022-10-18 11:30:00-04:00,16.690000534057617,16.825000762939453,16.690000534057617,16.825000762939453,18752,0.0,0.0
2022-10-18 12:30:00-04:00,16.799999237060547,16.920000076293945,16.770000457763672,16.799999237060547,33398,0.0,0.0
2022-10-18 13:30:00-04:00,16.78499984741211,16.8799991607666,16.78499984741211,16.8700008392334,19711,0.0,0.0
2022-10-18 14:30:00-04:00,16.8700008392334,16.8700008392334,16.600000381469727,16.81999969482422,13355,0.0,0.0
2022-10-18 15:30:00-04:00,16.81999969482422,16.969999313354492,16.770000457763672,16.950000762939453,28031,0.0,0.0
2022-10-19 09:30:00-04:00,16.5,17.190000534057617,16.5,17.059999465942383,0,0.0,0.0
2022-10-19 10:30:00-04:00,17.030000686645508,17.25,16.821199417114258,17.239999771118164,22530,0.0,0.0
2022-10-19 11:30:00-04:00,17.2450008392334,17.350000381469727,17.128599166870117,17.34000015258789,24110,0.0,0.0
2022-10-19 12:30:00-04:00,17.3799991607666,17.399999618530273,17.25,17.350000381469727,36988,0.0,0.0
2022-10-19 13:30:00-04:00,17.399999618530273,17.66990089416504,17.360000610351562,17.664400100708008,30768,0.0,0.0
2022-10-19 14:30:00-04:00,17.56999969482422,17.68000030517578,17.55139923095703,17.6200008392334,11400,0.0,0.0
2022-10-19 15:30:00-04:00,17.600000381469727,17.658899307250977,17.485000610351562,17.649999618530273,25831,0.0,0.0
2022-10-20 09:30:00-04:00,17.690000534057617,18.190000534057617,17.475000381469727,17.899999618530273,106357,0.0,0.0
2022-10-20 10:30:00-04:00,17.8700008392334,17.998699188232422,17.760000228881836,17.81999969482422,14813,0.0,0.0
2022-10-20 11:30:00-04:00,17.739999771118164,17.809999465942383,17.559999465942383,17.610000610351562,16279,0.0,0.0
2022-10-20 12:30:00-04:00,17.6299991607666,17.690000534057617,17.5,17.5,11277,0.0,0.0
2022-10-20 13:30:00-04:00,17.5,17.540000915527344,17.34000015258789,17.510000228881836,12468,0.0,0.0
2022-10-20 14:30:00-04:00,17.559999465942383,17.739999771118164,17.530000686645508,17.719999313354492,11547,0.0,0.0
2022-10-20 15:30:00-04:00,17.729999542236328,17.75,17.600000381469727,17.65999984741211,20311,0.0,0.0
2022-10-21 09:30:00-04:00,17.8700008392334,18.05500030517578,17.5,18.020000457763672,0,0.0,0.0
2022-10-21 10:30:00-04:00,18.010000228881836,18.05500030517578,17.75,17.8799991607666,30226,0.0,0.0
2022-10-21 11:30:00-04:00,17.860000610351562,18.100000381469727,17.829999923706055,18.100000381469727,26520,0.0,0.0
2022-10-21 12:30:00-04:00,18.084999084472656,18.28499984741211,18.020000457763672,18.149999618530273,30299,0.0,0.0
2022-10-21 13:30:00-04:00,18.19499969482422,18.299999237060547,18.15999984741211,18.17009925842285,32569,0.0,0.0
2022-10-21 14:30:00-04:00,18.190000534057617,18.34000015258789,18.15999984741211,18.239999771118164,83154,0.0,0.0
2022-10-21 15:30:00-04:00,18.239999771118164,18.34000015258789,17.8799991607666,17.899999618530273,72697,0.0,0.0
2022-10-24 09:30:00-04:00,17.760000228881836,17.8799991607666,17.399999618530273,17.420000076293945,19722,0.0,0.0
2022-10-24 10:30:00-04:00,17.630399703979492,17.700000762939453,17.311500549316406,17.33609962463379,28023,0.0,0.0
2022-10-24 11:30:00-04:00,17.360000610351562,17.389999389648438,17.030000686645508,17.03499984741211,26487,0.0,0.0
2022-10-24 12:30:00-04:00,17.030000686645508,17.20989990234375,16.735000610351562,17.010000228881836,8936,0.0,0.0
2022-10-24 13:30:00-04:00,17.0,17.10460090637207,16.981300354003906,17.020000457763672,3413,0.0,0.0
2022-10-24 14:30:00-04:00,17.0,17.20330047607422,16.989999771118164,17.20330047607422,12202,0.0,0.0
2022-10-24 15:30:00-04:00,17.149999618530273,17.280000686645508,17.123699188232422,17.25,9176,0.0,0.0
2022-10-25 09:30:00-04:00,16.969999313354492,17.93000030517578,16.709999084472656,17.93000030517578,22275,0.0,0.0
2022-10-25 10:30:00-04:00,17.799999237060547,17.940000534057617,17.799999237060547,17.889999389648438,12675,0.0,0.0
2022-10-25 11:30:00-04:00,17.854999542236328,17.887300491333008,17.799999237060547,17.878599166870117,5135,0.0,0.0
2022-10-25 12:30:00-04:00,17.889999389648438,18.059999465942383,17.8799991607666,18.0,10713,0.0,0.0
2022-10-25 13:30:00-04:00,18.0,18.170000076293945,17.969999313354492,18.100000381469727,7875,0.0,0.0
2022-10-25 14:30:00-04:00,18.149999618530273,18.309999465942383,18.008699417114258,18.174999237060547,27195,0.0,0.0
2022-10-25 15:30:00-04:00,18.239999771118164,18.25,18.030000686645508,18.139999389648438,34582,0.0,0.0
2022-10-26 09:30:00-04:00,18.350000381469727,18.989999771118164,18.17099952697754,18.989999771118164,76861,0.0,0.0
2022-10-26 10:30:00-04:00,18.950000762939453,19.350000381469727,18.900100708007812,19.049999237060547,64796,0.0,0.0
2022-10-26 11:30:00-04:00,19.049999237060547,19.18000030517578,18.979999542236328,19.139999389648438,83349,0.0,0.0
2022-10-26 12:30:00-04:00,19.083999633789062,19.165000915527344,18.90999984741211,19.079999923706055,36386,0.0,0.0
2022-10-26 13:30:00-04:00,19.100000381469727,19.1200008392334,18.760000228881836,18.8799991607666,51078,0.0,0.0
2022-10-26 14:30:00-04:00,18.8799991607666,19.100000381469727,18.760000228881836,18.905000686645508,43875,0.0,0.0
2022-10-26 15:30:00-04:00,18.88920021057129,19.1200008392334,18.81999969482422,19.079999923706055,38652,0.0,0.0
2022-10-27 09:30:00-04:00,19.450000762939453,19.639999389648438,19.0,19.520000457763672,27433,0.0,0.0
2022-10-27 10:30:00-04:00,19.329999923706055,19.690000534057617,19.280000686645508,19.690000534057617,10920,0.0,0.0
2022-10-27 11:30:00-04:00,19.6200008392334,19.889999389648438,19.459999084472656,19.834999084472656,50649,0.0,0.0
2022-10-27 12:30:00-04:00,19.799999237060547,20.31999969482422,19.799999237060547,20.229999542236328,59624,0.0,0.0
2022-10-27 13:30:00-04:00,20.21500015258789,20.229999542236328,19.62299919128418,19.62299919128418,48870,0.0,0.0
2022-10-27 14:30:00-04:00,19.639999389648438,19.700000762939453,19.040000915527344,19.100000381469727,16527,0.0,0.0
2022-10-27 15:30:00-04:00,19.057300567626953,19.15999984741211,19.030000686645508,19.079999923706055,11767,0.0,0.0
2022-10-28 09:30:00-04:00,19.200000762939453,19.333999633789062,18.610000610351562,18.81999969482422,18319,0.0,0.0
2022-10-28 10:30:00-04:00,18.7549991607666,18.918800354003906,18.600000381469727,18.670000076293945,20099,0.0,0.0
2022-10-28 11:30:00-04:00,18.670000076293945,18.760000228881836,18.450000762939453,18.760000228881836,17567,0.0,0.0
2022-10-28 12:30:00-04:00,18.760000228881836,18.81999969482422,18.67009925842285,18.739999771118164,18619,0.0,0.0
2022-10-28 13:30:00-04:00,18.790000915527344,18.829999923706055,18.746999740600586,18.774999618530273,29841,0.0,0.0
2022-10-28 14:30:00-04:00,18.774999618530273,18.799999237060547,18.530000686645508,18.540000915527344,16457,0.0,0.0
2022-10-28 15:30:00-04:00,18.520000457763672,19.0,18.478200912475586,18.959999084472656,75196,0.0,0.0
2022-10-31 09:30:00-04:00,18.8700008392334,19.56999969482422,18.777000427246094,19.434999465942383,21047,0.0,0.0
2022-10-31 10:30:00-04:00,19.329999923706055,19.530000686645508,19.290000915527344,19.44499969482422,7299,0.0,0.0
2022-10-31 11:30:00-04:00,19.3799991607666,19.3799991607666,19.15999984741211,19.202600479125977,2672,0.0,0.0
2022-10-31 12:30:00-04:00,19.209999084472656,19.329999923706055,19.209999084472656,19.270000457763672,8172,0.0,0.0
2022-10-31 13:30:00-04:00,19.24650001525879,19.459999084472656,19.24650001525879,19.40999984741211,14171,0.0,0.0
2022-10-31 14:30:00-04:00,19.420000076293945,19.850000381469727,19.3700008392334,19.790000915527344,27321,0.0,0.0
2022-10-31 15:30:00-04:00,19.799999237060547,19.950000762939453,19.789499282836914,19.920000076293945,70333,0.0,0.0
2022-11-01 09:30:00-04:00,20.0,20.1299991607666,19.600000381469727,19.989999771118164,15702,0.0,0.0
2022-11-01 10:30:00-04:00,19.770000457763672,19.91510009765625,19.639999389648438,19.8799991607666,13860,0.0,0.0
2022-11-01 11:30:00-04:00,19.799999237060547,19.950000762939453,19.68000030517578,19.8799991607666,17389,0.0,0.0
2022-11-01 12:30:00-04:00,19.8799991607666,19.940000534057617,19.790000915527344,19.899999618530273,10612,0.0,0.0
2022-11-01 13:30:00-04:00,19.860000610351562,19.87820053100586,19.65999984741211,19.729999542236328,6756,0.0,0.0
2022-11-01 14:30:00-04:00,19.729999542236328,19.850000381469727,19.610000610351562,19.780000686645508,13469,0.0,0.0
2022-11-01 15:30:00-04:00,19.73270034790039,19.809999465942383,19.719999313354492,19.780000686645508,8891,0.0,0.0
2022-11-02 09:30:00-04:00,19.75,19.790000915527344,18.81999969482422,19.56999969482422,20880,0.0,0.0
2022-11-02 10:30:00-04:00,19.489999771118164,19.68000030517578,19.40999984741211,19.626399993896484,6970,0.0,0.0
2022-11-02 11:30:00-04:00,19.850000381469727,19.889999389648438,19.670000076293945,19.790000915527344,8595,0.0,0.0
2022-11-02 12:30:00-04:00,19.829999923706055,19.899999618530273,19.7549991607666,19.799999237060547,11215,0.0,0.0
2022-11-02 13:30:00-04:00,19.8799991607666,20.149999618530273,19.820100784301758,19.959999084472656,24689,0.0,0.0
2022-11-02 14:30:00-04:00,19.949399948120117,20.049999237060547,19.475000381469727,19.479999542236328,24354,0.0,0.0
2022-11-02 15:30:00-04:00,19.485000610351562,19.579999923706055,19.290000915527344,19.290000915527344,19073,0.0,0.0
2022-11-03 09:30:00-04:00,19.0,19.2549991607666,18.850000381469727,19.2549991607666,23356,0.0,0.0
2022-11-03 10:30:00-04:00,19.454999923706055,19.709999084472656,19.454999923706055,19.700000762939453,17201,0.0,0.0
2022-11-03 11:30:00-04:00,19.649999618530273,19.649999618530273,19.46179962158203,19.46179962158203,4895,0.0,0.0
2022-11-03 12:30:00-04:00,19.620500564575195,19.649999618530273,19.424999237060547,19.510000228881836,3082,0.0,0.0
2022-11-03 13:30:00-04:00,19.395000457763672,19.440000534057617,19.343700408935547,19.440000534057617,1518,0.0,0.0
2022-11-03 14:30:00-04:00,19.49920082092285,19.579999923706055,19.34000015258789,19.579999923706055,10952,0.0,0.0
2022-11-03 15:30:00-04:00,19.540000915527344,19.579999923706055,19.360000610351562,19.360000610351562,15226,0.0,0.0
2022-11-04 09:30:00-04:00,19.600000381469727,19.700000762939453,18.979999542236328,19.530000686645508,17422,0.0,0.0
2022-11-04 10:30:00-04:00,19.540000915527344,19.639999389648438,19.43000030517578,19.43000030517578,6472,0.0,0.0
2022-11-04 11:30:00-04:00,19.360000610351562,19.559999465942383,19.100000381469727,19.290000915527344,16598,0.0,0.0
2022-11-04 12:30:00-04:00,19.31999969482422,19.350000381469727,19.149999618530273,19.240100860595703,10282,0.0,0.0
2022-11-04 13:30:00-04:00,19.3799991607666,19.399999618530273,19.219999313354492,19.350000381469727,7244,0.0,0.0
2022-11-04 14:30:00-04:00,19.399999618530273,19.4950008392334,19.325000762939453,19.34000015258789,10119,0.0,0.0
2022-11-04 15:30:00-04:00,19.350000381469727,19.43000030517578,19.34000015258789,19.40999984741211,17981,0.0,0.0
2022-11-07 09:30:00-05:00,19.309999465942383,19.56999969482422,19.11090087890625,19.530000686645508,12489,0.0,0.0
2022-11-07 10:30:00-05:00,19.450000762939453,19.600000381469727,19.309999465942383,19.5,25681,0.0,0.0
2022-11-07 11:30:00-05:00,19.440000534057617,19.850000381469727,19.350000381469727,19.829999923706055,20762,0.0,0.0
2022-11-07 12:30:00-05:00,19.81999969482422,20.110000610351562,19.729999542236328,19.971399307250977,26170,0.0,0.0
2022-11-07 13:30:00-05:00,19.975000381469727,20.229999542236328,19.899999618530273,20.200000762939453,33687,0.0,0.0
2022-11-07 14:30:00-05:00,20.200000762939453,20.239999771118164,20.0531005859375,20.1200008392334,39692,0.0,0.0
2022-11-07 15:30:00-05:00,20.110000610351562,20.200000762939453,19.860000610351562,19.860000610351562,29364,0.0,0.0
2022-11-08 09:30:00-05:00,20.290000915527344,20.499900817871094,19.710100173950195,19.809999465942383,55759,0.0,0.0
2022-11-08 10:30:00-05:00,19.786100387573242,20.0,19.75,19.809999465942383,14827,0.0,0.0
2022-11-08 11:30:00-05:00,19.80500030517578,19.959999084472656,19.68000030517578,19.959999084472656,18498,0.0,0.0
2022-11-08 12:30:00-05:00,19.959999084472656,20.0,19.79010009765625,19.799999237060547,9730,0.0,0.0
2022-11-08 13:30:00-05:00,19.68000030517578,19.895000457763672,19.68000030517578,19.729999542236328,32195,0.0,0.0
2022-11-08 14:30:00-05:00,19.735000610351562,20.01059913635254,19.735000610351562,19.979999542236328,26623,0.0,0.0
2022-11-08 15:30:00-05:00,19.979999542236328,20.059999465942383,19.8700008392334,19.950000762939453,29127,0.0,0.0
2022-11-09 09:30:00-05:00,19.93000030517578,20.479999542236328,18.380199432373047,18.5,71997,0.0,0.0
2022-11-09 10:30:00-05:00,18.59000015258789,18.635000228881836,17.6299991607666,18.5,113711,0.0,0.0
2022-11-09 11:30:00-05:00,18.89349937438965,18.90290069580078,18.0,18.40250015258789,64014,0.0,0.0
2022-11-09 12:30:00-05:00,18.375,18.375,18.059999465942383,18.18000030517578,38916,0.0,0.0
2022-11-09 13:30:00-05:00,18.200000762939453,18.260000228881836,17.479999542236328,17.5,85068,0.0,0.0
2022-11-09 14:30:00-05:00,17.530000686645508,17.760000228881836,17.059999465942383,17.683799743652344,48583,0.0,0.0
2022-11-09 15:30:00-05:00,17.854999542236328,18.09000015258789,17.80500030517578,18.010000228881836,52828,0.0,0.0
2022-11-10 09:30:00-05:00,17.829999923706055,19.040000915527344,17.829999923706055,18.834999084472656,32149,0.0,0.0
2022-11-10 10:30:00-05:00,18.94499969482422,19.020000457763672,18.440000534057617,18.790000915527344,48285,0.0,0.0
2022-11-10 11:30:00-05:00,18.76930046081543,18.76930046081543,18.40999984741211,18.40999984741211,2831,0.0,0.0
2022-11-10 12:30:00-05:00,18.415000915527344,18.440000534057617,18.299999237060547,18.299999237060547,5984,0.0,0.0
2022-11-10 13:30:00-05:00,18.280000686645508,18.3799991607666,17.940000534057617,18.0,17987,0.0,0.0
2022-11-10 14:30:00-05:00,17.889999389648438,18.31999969482422,17.889999389648438,18.170000076293945,40022,0.0,0.0
2022-11-10 15:30:00-05:00,18.1299991607666,18.37030029296875,18.100000381469727,18.209999084472656,43568,0.0,0.0
2022-11-11 09:30:00-05:00,18.020000457763672,18.489999771118164,17.97439956665039,18.343900680541992,18689,0.0,0.0
2022-11-11 10:30:00-05:00,18.280000686645508,18.34000015258789,17.969999313354492,17.979999542236328,46093,0.0,0.0
2022-11-11 11:30:00-05:00,17.975000381469727,18.06999969482422,17.940000534057617,17.989999771118164,34800,0.0,0.0
2022-11-11 12:30:00-05:00,17.97130012512207,18.068500518798828,17.940000534057617,18.068500518798828,5264,0.0,0.0
2022-11-11 13:30:00-05:00,18.09000015258789,18.09000015258789,17.959999084472656,18.06999969482422,10602,0.0,0.0
2022-11-11 14:30:00-05:00,18.020099639892578,18.100000381469727,17.969999313354492,18.100000381469727,33972,0.0,0.0
2022-11-11 15:30:00-05:00,18.050100326538086,18.354999542236328,18.050100326538086,18.079999923706055,14173,0.0,0.0
2022-11-14 09:30:00-05:00,17.579999923706055,17.86039924621582,17.399999618530273,17.43000030517578,36151,0.0,0.0
2022-11-14 10:30:00-05:00,17.389999389648438,17.809999465942383,17.3700008392334,17.579999923706055,13740,0.0,0.0
2022-11-14 11:30:00-05:00,17.55069923400879,17.81999969482422,17.55069923400879,17.81999969482422,4019,0.0,0.0
2022-11-14 12:30:00-05:00,17.8435001373291,17.90999984741211,17.708099365234375,17.708099365234375,7348,0.0,0.0
2022-11-14 13:30:00-05:00,17.8799991607666,18.079999923706055,17.850000381469727,18.079999923706055,10742,0.0,0.0
2022-11-14 14:30:00-05:00,18.0,18.09000015258789,17.66010093688965,17.90999984741211,14540,0.0,0.0
2022-11-14 15:30:00-05:00,17.959999084472656,18.04800033569336,17.799999237060547,17.84000015258789,16038,0.0,0.0
2022-11-15 09:30:00-05:00,17.979999542236328,17.979999542236328,17.631900787353516,17.799999237060547,10603,0.0,0.0
2022-11-15 10:30:00-05:00,17.825000762939453,17.825000762939453,17.549999237060547,17.649999618530273,3961,0.0,0.0
2022-11-15 11:30:00-05:00,17.65999984741211,17.81999969482422,17.610000610351562,17.75,12369,0.0,0.0
2022-11-15 12:30:00-05:00,17.75,18.0,17.739999771118164,17.750099182128906,20301,0.0,0.0
2022-11-15 13:30:00-05:00,17.8700008392334,17.8799991607666,17.770000457763672,17.875,5596,0.0,0.0
2022-11-15 14:30:00-05:00,17.81999969482422,17.87529945373535,17.739999771118164,17.84000015258789,10976,0.0,0.0
2022-11-15 15:30:00-05:00,17.770000457763672,17.829999923706055,17.65999984741211,17.65999984741211,9496,0.0,0.0
2022-11-16 09:30:00-05:00,17.540000915527344,17.75,17.299999237060547,17.75,19673,0.0,0.0
2022-11-16 10:30:00-05:00,17.824600219726562,17.920000076293945,17.639799118041992,17.920000076293945,2466,0.0,0.0
2022-11-16 11:30:00-05:00,17.850000381469727,17.850000381469727,17.690099716186523,17.700000762939453,8777,0.0,0.0
2022-11-16 12:30:00-05:00,17.819900512695312,17.819900512695312,17.65999984741211,17.65999984741211,3346,0.0,0.0
2022-11-16 13:30:00-05:00,17.600000381469727,17.699800491333008,17.55150032043457,17.600000381469727,9874,0.0,0.0
2022-11-16 14:30:00-05:00,17.600000381469727,17.649999618530273,17.43000030517578,17.510000228881836,17639,0.0,0.0
2022-11-16 15:30:00-05:00,17.510000228881836,17.584999084472656,17.43000030517578,17.440000534057617,7637,0.0,0.0
2022-11-17 09:30:00-05:00,17.399999618530273,17.449899673461914,17.15999984741211,17.25,0,0.0,0.0
2022-11-17 10:30:00-05:00,17.149999618530273,17.25,16.780099868774414,16.790000915527344,12186,0.0,0.0
2022-11-17 11:30:00-05:00,16.739999771118164,17.0,16.739999771118164,17.0,3596,0.0,0.0
2022-11-17 12:30:00-05:00,17.010000228881836,17.12809944152832,16.979999542236328,17.03860092163086,2128,0.0,0.0
2022-11-17 13:30:00-05:00,17.084999084472656,17.149999618530273,17.06999969482422,17.1200008392334,5823,0.0,0.0
2022-11-17 14:30:00-05:00,17.068199157714844,17.145000457763672,17.059999465942383,17.135000228881836,2745,0.0,0.0
2022-11-17 15:30:00-05:00,17.149999618530273,17.219999313354492,17.09000015258789,17.15999984741211,24842,0.0,0.0
2022-11-18 09:30:00-05:00,16.950000762939453,16.989999771118164,16.75,16.770000457763672,12178,0.0,0.0
2022-11-18 10:30:00-05:00,16.940000534057617,17.200000762939453,16.940000534057617,17.030000686645508,5616,0.0,0.0
2022-11-18 11:30:00-05:00,17.030000686645508,17.1200008392334,16.760000228881836,16.84000015258789,20641,0.0,0.0
2022-11-18 12:30:00-05:00,16.84000015258789,16.875,16.760000228881836,16.84000015258789,25064,0.0,0.0
2022-11-18 13:30:00-05:00,16.84000015258789,16.871999740600586,16.780000686645508,16.81999969482422,12093,0.0,0.0
2022-11-18 14:30:00-05:00,16.850000381469727,17.0,16.799999237060547,16.81999969482422,9484,0.0,0.0
2022-11-18 15:30:00-05:00,16.81999969482422,17.0,16.81999969482422,16.889999389648438,18833,0.0,0.0
2022-11-21 09:30:00-05:00,16.540000915527344,16.65999984741211,16.11400032043457,16.200000762939453,50326,0.0,0.0
2022-11-21 10:30:00-05:00,16.0403995513916,16.34000015258789,15.680000305175781,16.010000228881836,27146,0.0,0.0
2022-11-21 11:30:00-05:00,16.010000228881836,16.225000381469727,16.000099182128906,16.1200008392334,7450,0.0,0.0
2022-11-21 12:30:00-05:00,16.246700286865234,16.38990020751953,16.246700286865234,16.360000610351562,5517,0.0,0.0
2022-11-21 13:30:00-05:00,16.3799991607666,16.725000381469727,16.3799991607666,16.600000381469727,4784,0.0,0.0
2022-11-21 14:30:00-05:00,16.549999237060547,16.75,16.549999237060547,16.75,921,0.0,0.0
2022-11-21 15:30:00-05:00,16.75,16.850000381469727,16.6200008392334,16.68000030517578,17616,0.0,0.0
2022-11-22 09:30:00-05:00,16.93000030517578,17.36400032043457,16.600000381469727,16.700000762939453,0,0.0,0.0
2022-11-22 10:30:00-05:00,16.735000610351562,16.850000381469727,16.700000762939453,16.760000228881836,15606,0.0,0.0
2022-11-22 11:30:00-05:00,16.75,16.790000915527344,16.730100631713867,16.760000228881836,13544,0.0,0.0
2022-11-22 12:30:00-05:00,16.770000457763672,17.0,16.753299713134766,17.0,16041,0.0,0.0
2022-11-22 13:30:00-05:00,17.1299991607666,17.1299991607666,17.020000457763672,17.06999969482422,2806,0.0,0.0
2022-11-22 14:30:00-05:00,17.125,17.260000228881836,17.030000686645508,17.1200008392334,22208,0.0,0.0
2022-11-22 15:30:00-05:00,17.040000915527344,17.139999389648438,16.989999771118164,17.020000457763672,14002,0.0,0.0
2022-11-23 09:30:00-05:00,16.850000381469727,17.059999465942383,16.68000030517578,16.770700454711914,0,0.0,0.0
2022-11-23 10:30:00-05:00,16.760000228881836,16.77910041809082,16.635000228881836,16.729999542236328,9149,0.0,0.0
2022-11-23 11:30:00-05:00,16.729999542236328,16.739999771118164,16.6200008392334,16.635000228881836,13308,0.0,0.0
2022-11-23 12:30:00-05:00,16.709999084472656,16.729999542236328,16.6299991607666,16.65999984741211,6190,0.0,0.0
2022-11-23 13:30:00-05:00,16.719999313354492,16.8700008392334,16.69499969482422,16.850000381469727,11711,0.0,0.0
2022-11-23 14:30:00-05:00,16.81999969482422,16.81999969482422,16.700000762939453,16.75,6949,0.0,0.0
2022-11-23 15:30:00-05:00,16.760000228881836,16.780000686645508,16.65999984741211,16.770000457763672,10410,0.0,0.0
2022-11-25 09:30:00-05:00,16.90999984741211,16.90999984741211,16.510000228881836,16.65999984741211,0,0.0,0.0
2022-11-25 10:30:00-05:00,16.674999237060547,16.700000762939453,16.610000610351562,16.610000610351562,18702,0.0,0.0
2022-11-25 11:30:00-05:00,16.65999984741211,16.790000915527344,16.540000915527344,16.549999237060547,24928,0.0,0.0
2022-11-28 09:30:00-05:00,16.25,16.520000457763672,16.060400009155273,16.25349998474121,13282,0.0,0.0
2022-11-28 10:30:00-05:00,16.280000686645508,16.280000686645508,16.049999237060547,16.100000381469727,20421,0.0,0.0
2022-11-28 11:30:00-05:00,16.149999618530273,16.350000381469727,16.149999618530273,16.25,4948,0.0,0.0
2022-11-28 12:30:00-05:00,16.149999618530273,16.25,16.149999618530273,16.200000762939453,10465,0.0,0.0
2022-11-28 13:30:00-05:00,16.200000762939453,16.200000762939453,16.139999389648438,16.170000076293945,10914,0.0,0.0
2022-11-28 14:30:00-05:00,16.170000076293945,16.260000228881836,16.149999618530273,16.18000030517578,18459,0.0,0.0
2022-11-28 15:30:00-05:00,16.190000534057617,16.25,16.139999389648438,16.200000762939453,8907,0.0,0.0
2022-11-29 09:30:00-05:00,16.450000762939453,16.450000762939453,15.930000305175781,15.951299667358398,38232,0.0,0.0
2022-11-29 10:30:00-05:00,15.949999809265137,15.970000267028809,15.720000267028809,15.729999542236328,45143,0.0,0.0
2022-11-29 11:30:00-05:00,15.755000114440918,15.779999732971191,15.65999984741211,15.6899995803833,24796,0.0,0.0
2022-11-29 12:30:00-05:00,15.685500144958496,15.770000457763672,15.680000305175781,15.704999923706055,28566,0.0,0.0
2022-11-29 13:30:00-05:00,15.704999923706055,15.75,15.6899995803833,15.699999809265137,8083,0.0,0.0
2022-11-29 14:30:00-05:00,15.71399974822998,15.75,15.650099754333496,15.654999732971191,15505,0.0,0.0
2022-11-29 15:30:00-05:00,15.71500015258789,15.800000190734863,15.6899995803833,15.800000190734863,42435,0.0,0.0
2022-11-30 09:30:00-05:00,15.890000343322754,15.890000343322754,15.119999885559082,15.199999809265137,47235,0.0,0.0
2022-11-30 10:30:00-05:00,15.210000038146973,15.3100004196167,15.039999961853027,15.180000305175781,94856,0.0,0.0
2022-11-30 11:30:00-05:00,15.175000190734863,15.300000190734863,15.100000381469727,15.260000228881836,73135,0.0,0.0
2022-11-30 12:30:00-05:00,15.255000114440918,15.260000228881836,15.0600004196167,15.229999542236328,39666,0.0,0.0
2022-11-30 13:30:00-05:00,15.239999771118164,15.399999618530273,15.180299758911133,15.364999771118164,92223,0.0,0.0
2022-11-30 14:30:00-05:00,15.34000015258789,15.550000190734863,15.25,15.524999618530273,39803,0.0,0.0
2022-11-30 15:30:00-05:00,15.619999885559082,15.960000038146973,15.5600004196167,15.829999923706055,89276,0.0,0.0
2022-12-01 09:30:00-05:00,15.90999984741211,16.299999237060547,15.6899995803833,15.920000076293945,53137,0.0,0.0
2022-12-01 10:30:00-05:00,15.920000076293945,16.049999237060547,15.880000114440918,15.960000038146973,46447,0.0,0.0
2022-12-01 11:30:00-05:00,15.912099838256836,15.912099838256836,15.628999710083008,15.628999710083008,29283,0.0,0.0
2022-12-01 12:30:00-05:00,15.744999885559082,15.899999618530273,15.720000267028809,15.779999732971191,9158,0.0,0.0
2022-12-01 13:30:00-05:00,15.800000190734863,15.850000381469727,15.739999771118164,15.75,31975,0.0,0.0
2022-12-01 14:30:00-05:00,15.75,16.0,15.75,15.770000457763672,46281,0.0,0.0
2022-12-01 15:30:00-05:00,15.819999694824219,15.970000267028809,15.800000190734863,15.970000267028809,13038,0.0,0.0
2022-12-02 09:30:00-05:00,15.609999656677246,15.933799743652344,15.300000190734863,15.78499984741211,48572,0.0,0.0
2022-12-02 10:30:00-05:00,15.869999885559082,15.899999618530273,15.505000114440918,15.555000305175781,20780,0.0,0.0
2022-12-02 11:30:00-05:00,15.550000190734863,15.609999656677246,15.494999885559082,15.539999961853027,48368,0.0,0.0
2022-12-02 12:30:00-05:00,15.539999961853027,15.545000076293945,15.270000457763672,15.350000381469727,48055,0.0,0.0
2022-12-02 13:30:00-05:00,15.350000381469727,15.380000114440918,15.199999809265137,15.350000381469727,34027,0.0,0.0
2022-12-02 14:30:00-05:00,15.350000381469727,15.420000076293945,15.25,15.25,49520,0.0,0.0
2022-12-02 15:30:00-05:00,15.3100004196167,15.3100004196167,14.899999618530273,15.0600004196167,51897,0.0,0.0
2022-12-05 09:30:00-05:00,15.0,15.0,14.451399803161621,14.505000114440918,44266,0.0,0.0
2022-12-05 10:30:00-05:00,14.458499908447266,14.510000228881836,14.220000267028809,14.220000267028809,71059,0.0,0.0
2022-12-05 11:30:00-05:00,14.229999542236328,14.229999542236328,14.100000381469727,14.1850004196167,81373,0.0,0.0
2022-12-05 12:30:00-05:00,14.180000305175781,14.1899995803833,14.0,14.050000190734863,45880,0.0,0.0
2022-12-05 13:30:00-05:00,14.03499984741211,14.059900283813477,13.899999618530273,14.0,56764,0.0,0.0
2022-12-05 14:30:00-05:00,14.010000228881836,14.100000381469727,13.960000038146973,14.100000381469727,26779,0.0,0.0
2022-12-05 15:30:00-05:00,14.069999694824219,14.180000305175781,14.0600004196167,14.180000305175781,54567,0.0,0.0
2022-12-06 09:30:00-05:00,14.210000038146973,14.300000190734863,14.100000381469727,14.210000038146973,27409,0.0,0.0
2022-12-06 10:30:00-05:00,14.210000038146973,14.25,13.84000015258789,13.954999923706055,22659,0.0,0.0
2022-12-06 11:30:00-05:00,13.949999809265137,14.079999923706055,13.79010009765625,13.869999885559082,32357,0.0,0.0
2022-12-06 12:30:00-05:00,13.869999885559082,14.010000228881836,13.821000099182129,13.989999771118164,42297,0.0,0.0
2022-12-06 13:30:00-05:00,13.930000305175781,14.069999694824219,13.930000305175781,14.069999694824219,32336,0.0,0.0
2022-12-06 14:30:00-05:00,14.035799980163574,14.035799980163574,13.960000038146973,14.010000228881836,27833,0.0,0.0
2022-12-06 15:30:00-05:00,14.010000228881836,14.130000114440918,14.010000228881836,14.119999885559082,30658,0.0,0.0
2022-12-07 09:30:00-05:00,14.229999542236328,14.229999542236328,13.619999885559082,14.0600004196167,73676,0.0,0.0
2022-12-07 10:30:00-05:00,14.100000381469727,14.119999885559082,13.8100004196167,13.989999771118164,44232,0.0,0.0
2022-12-07 11:30:00-05:00,13.979999542236328,14.010000228881836,13.829999923706055,13.899999618530273,19339,0.0,0.0
2022-12-07 12:30:00-05:00,13.859999656677246,13.9399995803833,13.819999694824219,13.819999694824219,36425,0.0,0.0
2022-12-07 13:30:00-05:00,13.829999923706055,13.84000015258789,13.640000343322754,13.755000114440918,69262,0.0,0.0
2022-12-07 14:30:00-05:00,13.779999732971191,13.779999732971191,13.369999885559082,13.390000343322754,67997,0.0,0.0
2022-12-07 15:30:00-05:00,13.359999656677246,13.413000106811523,13.109999656677246,13.279999732971191,81585,0.0,0.0
2022-12-08 09:30:00-05:00,13.180000305175781,13.369999885559082,13.050000190734863,13.300000190734863,67362,0.0,0.0
2022-12-08 10:30:00-05:00,13.300000190734863,13.529999732971191,13.140000343322754,13.4399995803833,38637,0.0,0.0
2022-12-08 11:30:00-05:00,13.359999656677246,13.789999961853027,13.34000015258789,13.789999961853027,37046,0.0,0.0
2022-12-08 12:30:00-05:00,13.75,14.149999618530273,13.75,13.89900016784668,66227,0.0,0.0
2022-12-08 13:30:00-05:00,13.859600067138672,14.154999732971191,13.800000190734863,14.119999885559082,19638,0.0,0.0
2022-12-08 14:30:00-05:00,14.149999618530273,14.149999618530273,13.789999961853027,13.96500015258789,21352,0.0,0.0
2022-12-08 15:30:00-05:00,13.979999542236328,14.109999656677246,13.954999923706055,14.039999961853027,20857,0.0,0.0
2022-12-09 09:30:00-05:00,14.15999984741211,14.3100004196167,13.949999809265137,14.229999542236328,46276,0.0,0.0
2022-12-09 10:30:00-05:00,14.25,14.289999961853027,14.0,14.109999656677246,24391,0.0,0.0
2022-12-09 11:30:00-05:00,14.100000381469727,14.15999984741211,14.0,14.027000427246094,16191,0.0,0.0
2022-12-09 12:30:00-05:00,14.050000190734863,14.100000381469727,14.010000228881836,14.015000343322754,20513,0.0,0.0
2022-12-09 13:30:00-05:00,14.020000457763672,14.069999694824219,14.0,14.050000190734863,27263,0.0,0.0
2022-12-09 14:30:00-05:00,14.045000076293945,14.09000015258789,14.020000457763672,14.050000190734863,23453,0.0,0.0
2022-12-09 15:30:00-05:00,14.050000190734863,14.199999809265137,14.0,14.199999809265137,33311,0.0,0.0
2022-12-12 09:30:00-05:00,14.180000305175781,14.489999771118164,14.170000076293945,14.231100082397461,40790,0.0,0.0
2022-12-12 10:30:00-05:00,14.260000228881836,14.34000015258789,14.25,14.279999732971191,12249,0.0,0.0
2022-12-12 11:30:00-05:00,14.279999732971191,14.3100004196167,14.15999984741211,14.199999809265137,6796,0.0,0.0
2022-12-12 12:30:00-05:00,14.181500434875488,14.220000267028809,14.14009952545166,14.170000076293945,21262,0.0,0.0
2022-12-12 13:30:00-05:00,14.170000076293945,14.239999771118164,14.164999961853027,14.164999961853027,40253,0.0,0.0
2022-12-12 14:30:00-05:00,14.164999961853027,14.180000305175781,14.0600004196167,14.079999923706055,31257,0.0,0.0
2022-12-12 15:30:00-05:00,14.079999923706055,14.130000114440918,14.045000076293945,14.119999885559082,12571,0.0,0.0
2022-12-13 09:30:00-05:00,14.390000343322754,14.550000190734863,14.149999618530273,14.3100004196167,0,0.0,0.0
2022-12-13 10:30:00-05:00,14.34000015258789,14.385000228881836,14.140000343322754,14.210000038146973,34260,0.0,0.0
2022-12-13 11:30:00-05:00,14.210000038146973,14.289999961853027,14.140000343322754,14.199999809265137,12168,0.0,0.0
2022-12-13 12:30:00-05:00,14.196499824523926,14.229999542236328,14.149999618530273,14.15999984741211,8878,0.0,0.0
2022-12-13 13:30:00-05:00,14.149999618530273,14.194999694824219,14.050000190734863,14.100000381469727,18554,0.0,0.0
2022-12-13 14:30:00-05:00,14.100000381469727,14.100000381469727,14.015000343322754,14.015000343322754,12969,0.0,0.0
2022-12-13 15:30:00-05:00,14.015000343322754,14.020000457763672,13.859999656677246,13.869999885559082,55186,0.0,0.0
2022-12-14 09:30:00-05:00,14.300000190734863,14.300000190734863,13.579999923706055,13.579999923706055,25430,0.0,0.0
2022-12-14 10:30:00-05:00,13.569999694824219,13.569999694824219,13.390000343322754,13.390000343322754,121899,0.0,0.0
2022-12-14 11:30:00-05:00,13.399999618530273,13.5,13.329999923706055,13.5,16246,0.0,0.0
2022-12-14 12:30:00-05:00,13.5,13.699999809265137,13.5,13.670000076293945,14346,0.0,0.0
2022-12-14 13:30:00-05:00,13.680000305175781,13.996999740600586,13.550000190734863,13.90999984741211,29003,0.0,0.0
2022-12-14 14:30:00-05:00,13.880000114440918,14.0,13.628299713134766,13.899999618530273,24510,0.0,0.0
2022-12-14 15:30:00-05:00,13.84000015258789,13.949999809265137,13.800000190734863,13.930000305175781,13644,0.0,0.0
2022-12-15 09:30:00-05:00,13.6899995803833,13.899999618530273,13.25,13.869999885559082,6651,0.0,0.0
2022-12-15 10:30:00-05:00,13.809300422668457,14.130000114440918,13.809300422668457,13.9399995803833,26959,0.0,0.0
2022-12-15 11:30:00-05:00,13.9399995803833,14.210000038146973,13.9399995803833,14.100000381469727,37692,0.0,0.0
2022-12-15 12:30:00-05:00,14.109999656677246,14.210000038146973,14.107999801635742,14.149999618530273,13046,0.0,0.0
2022-12-15 13:30:00-05:00,14.149999618530273,14.420000076293945,14.119999885559082,14.359999656677246,30307,0.0,0.0
2022-12-15 14:30:00-05:00,14.399999618530273,14.600000381469727,14.369999885559082,14.56309986114502,17011,0.0,0.0
2022-12-15 15:30:00-05:00,14.574999809265137,14.6899995803833,14.539999961853027,14.680000305175781,21485,0.0,0.0
2022-12-16 09:30:00-05:00,14.430000305175781,14.430000305175781,14.201399803161621,14.399999618530273,8952,0.0,0.0
2022-12-16 10:30:00-05:00,14.220000267028809,14.40999984741211,14.220000267028809,14.369999885559082,4801,0.0,0.0
2022-12-16 11:30:00-05:00,14.385700225830078,14.420000076293945,14.279999732971191,14.300000190734863,9953,0.0,0.0
2022-12-16 12:30:00-05:00,14.300000190734863,14.300000190734863,14.119999885559082,14.149999618530273,7965,0.0,0.0
2022-12-16 13:30:00-05:00,14.130000114440918,14.130000114440918,13.925000190734863,13.925000190734863,20813,0.0,0.0
2022-12-16 14:30:00-05:00,13.920000076293945,14.050000190734863,13.885000228881836,14.029999732971191,14276,0.0,0.0
2022-12-16 15:30:00-05:00,14.029999732971191,14.140000343322754,13.989999771118164,14.079999923706055,24672,0.0,0.0
2022-12-19 09:30:00-05:00,14.0600004196167,14.100000381469727,13.746999740600586,13.8149995803833,24479,0.0,0.0
2022-12-19 10:30:00-05:00,13.729999542236328,13.869999885559082,13.729999542236328,13.829999923706055,23502,0.0,0.0
2022-12-19 11:30:00-05:00,13.850000381469727,13.890000343322754,13.670000076293945,13.770000457763672,14082,0.0,0.0
2022-12-19 12:30:00-05:00,13.800000190734863,13.843000411987305,13.699999809265137,13.75,17173,0.0,0.0
2022-12-19 13:30:00-05:00,13.75,13.819999694824219,13.59000015258789,13.614999771118164,25631,0.0,0.0
2022-12-19 14:30:00-05:00,13.59000015258789,13.720000267028809,13.569999694824219,13.699999809265137,70625,0.0,0.0
2022-12-19 15:30:00-05:00,13.710000038146973,13.869999885559082,13.699999809265137,13.869999885559082,28901,0.0,0.0
2022-12-20 09:30:00-05:00,13.859999656677246,14.100000381469727,13.529999732971191,13.920000076293945,0,0.0,0.0
2022-12-20 10:30:00-05:00,13.920000076293945,13.970000267028809,13.84000015258789,13.859999656677246,22780,0.0,0.0
2022-12-20 11:30:00-05:00,13.85789966583252,13.859999656677246,13.739999771118164,13.755000114440918,19309,0.0,0.0
2022-12-20 12:30:00-05:00,13.739999771118164,13.739999771118164,13.65999984741211,13.694999694824219,24524,0.0,0.0
2022-12-20 13:30:00-05:00,13.694999694824219,13.800000190734863,13.619999885559082,13.619999885559082,40585,0.0,0.0
2022-12-20 14:30:00-05:00,13.619999885559082,13.6899995803833,13.600000381469727,13.65999984741211,37018,0.0,0.0
2022-12-20 15:30:00-05:00,13.65999984741211,13.75,13.619999885559082,13.680000305175781,38920,0.0,0.0
2022-12-21 09:30:00-05:00,13.90999984741211,13.90999984741211,13.34000015258789,13.404999732971191,66832,0.0,0.0
2022-12-21 10:30:00-05:00,13.404999732971191,13.649999618530273,13.404999732971191,13.600000381469727,43295,0.0,0.0
2022-12-21 11:30:00-05:00,13.600000381469727,13.800000190734863,13.5600004196167,13.75,51063,0.0,0.0
2022-12-21 12:30:00-05:00,13.739999771118164,13.899999618530273,13.710000038146973,13.755000114440918,36087,0.0,0.0
2022-12-21 13:30:00-05:00,13.729999542236328,13.800000190734863,13.619999885559082,13.704999923706055,35488,0.0,0.0
2022-12-21 14:30:00-05:00,13.720000267028809,13.779999732971191,13.600000381469727,13.664999961853027,42460,0.0,0.0
2022-12-21 15:30:00-05:00,13.65999984741211,13.699999809265137,13.550000190734863,13.579999923706055,31959,0.0,0.0
2022-12-22 09:30:00-05:00,13.609999656677246,13.680000305175781,13.289999961853027,13.289999961853027,0,0.0,0.0
2022-12-22 10:30:00-05:00,13.300000190734863,13.329999923706055,13.052399635314941,13.260000228881836,40214,0.0,0.0
2022-12-22 11:30:00-05:00,13.260000228881836,13.429900169372559,13.109999656677246,13.149999618530273,48536,0.0,0.0
2022-12-22 12:30:00-05:00,13.149999618530273,13.210000038146973,13.010000228881836,13.020000457763672,18658,0.0,0.0
2022-12-22 13:30:00-05:00,13.045000076293945,13.045000076293945,12.880000114440918,13.005000114440918,48219,0.0,0.0
2022-12-22 14:30:00-05:00,13.005000114440918,13.09000015258789,12.869999885559082,12.869999885559082,37410,0.0,0.0
2022-12-22 15:30:00-05:00,12.899999618530273,12.930000305175781,12.8100004196167,12.890000343322754,67110,0.0,0.0
2022-12-23 09:30:00-05:00,12.770000457763672,13.039999961853027,12.5,12.899999618530273,41939,0.0,0.0
2022-12-23 10:30:00-05:00,12.970000267028809,13.010000228881836,12.729999542236328,12.8100004196167,51488,0.0,0.0
2022-12-23 11:30:00-05:00,12.8100004196167,12.859999656677246,12.720000267028809,12.760000228881836,21683,0.0,0.0
2022-12-23 12:30:00-05:00,12.760000228881836,12.899999618530273,12.699999809265137,12.725000381469727,45326,0.0,0.0
2022-12-23 13:30:00-05:00,12.729999542236328,12.850000381469727,12.65999984741211,12.850000381469727,33072,0.0,0.0
2022-12-23 14:30:00-05:00,12.850000381469727,12.960000038146973,12.774999618530273,12.960000038146973,20979,0.0,0.0
2022-12-23 15:30:00-05:00,12.970000267028809,13.130000114440918,12.9399995803833,13.0,37509,0.0,0.0
2022-12-27 09:30:00-05:00,13.130000114440918,13.199999809265137,12.760000228881836,12.975000381469727,0,0.0,0.0
2022-12-27 10:30:00-05:00,12.970000267028809,13.194000244140625,12.9399995803833,13.140000343322754,39998,0.0,0.0
2022-12-27 11:30:00-05:00,13.100000381469727,13.510000228881836,13.020000457763672,13.489999771118164,25539,0.0,0.0
2022-12-27 12:30:00-05:00,13.510000228881836,13.600000381469727,13.443099975585938,13.5,7725,0.0,0.0
2022-12-27 13:30:00-05:00,13.539999961853027,13.609999656677246,13.330100059509277,13.479999542236328,19227,0.0,0.0
2022-12-27 14:30:00-05:00,13.515000343322754,13.529999732971191,13.3100004196167,13.5,14837,0.0,0.0
2022-12-27 15:30:00-05:00,13.479999542236328,13.5,13.399999618530273,13.425000190734863,18260,0.0,0.0
2022-12-28 09:30:00-05:00,13.4399995803833,13.600000381469727,13.329999923706055,13.550000190734863,44123,0.0,0.0
2022-12-28 10:30:00-05:00,13.5600004196167,13.949999809265137,13.479999542236328,13.949999809265137,20511,0.0,0.0
2022-12-28 11:30:00-05:00,13.970000267028809,13.970000267028809,13.680000305175781,13.710000038146973,5765,0.0,0.0
2022-12-28 12:30:00-05:00,13.760000228881836,14.199999809265137,13.729999542236328,14.170000076293945,17727,0.0,0.0
2022-12-28 13:30:00-05:00,14.109999656677246,14.15999984741211,14.03499984741211,14.100000381469727,9201,0.0,0.0
2022-12-28 14:30:00-05:00,14.09000015258789,14.5,14.038599967956543,14.279999732971191,22928,0.0,0.0
2022-12-28 15:30:00-05:00,14.270000457763672,14.300000190734863,14.199999809265137,14.300000190734863,16748,0.0,0.0
2022-12-29 09:30:00-05:00,14.229999542236328,15.449999809265137,14.229999542236328,15.380000114440918,58688,0.0,0.0
2022-12-29 10:30:00-05:00,15.449999809265137,15.479999542236328,15.244999885559082,15.34000015258789,23540,0.0,0.0
2022-12-29 11:30:00-05:00,15.34000015258789,15.647700309753418,15.319999694824219,15.647700309753418,40827,0.0,0.0
2022-12-29 12:30:00-05:00,15.689399719238281,15.869999885559082,15.630000114440918,15.6850004196167,22519,0.0,0.0
2022-12-29 13:30:00-05:00,15.6850004196167,16.09000015258789,15.6850004196167,15.994999885559082,27745,0.0,0.0
2022-12-29 14:30:00-05:00,16.010000228881836,16.014999389648438,15.798199653625488,15.960000038146973,28052,0.0,0.0
2022-12-29 15:30:00-05:00,15.989999771118164,16.1299991607666,15.979999542236328,16.0,25477,0.0,0.0
2022-12-30 09:30:00-05:00,16.010000228881836,16.863399505615234,15.76449966430664,16.80620002746582,95450,0.0,0.0
2022-12-30 10:30:00-05:00,16.790000915527344,17.139999389648438,16.729999542236328,16.780000686645508,34679,0.0,0.0
2022-12-30 11:30:00-05:00,16.719999313354492,16.799999237060547,16.612499237060547,16.700000762939453,18935,0.0,0.0
2022-12-30 12:30:00-05:00,16.719999313354492,16.860000610351562,16.6299991607666,16.649999618530273,8737,0.0,0.0
2022-12-30 13:30:00-05:00,16.6299991607666,16.809999465942383,16.607799530029297,16.80150032043457,13253,0.0,0.0
2022-12-30 14:30:00-05:00,16.84000015258789,16.920000076293945,16.795799255371094,16.809999465942383,14657,0.0,0.0
2022-12-30 15:30:00-05:00,16.780000686645508,16.979999542236328,16.739999771118164,16.969999313354492,77595,0.0,0.0
2023-01-03 09:30:00-05:00,16.8799991607666,17.52869987487793,16.729999542236328,17.299999237060547,53635,0.0,0.0
2023-01-03 10:30:00-05:00,17.3700008392334,17.46500015258789,16.850000381469727,16.850000381469727,30919,0.0,0.0
2023-01-03 11:30:00-05:00,16.850000381469727,16.850000381469727,16.399999618530273,16.399999618530273,7716,0.0,0.0
2023-01-03 12:30:00-05:00,16.390499114990234,16.440000534057617,15.880000114440918,16.299999237060547,17137,0.0,0.0
2023-01-03 13:30:00-05:00,16.332799911499023,16.332799911499023,16.149999618530273,16.219999313354492,17875,0.0,0.0
2023-01-03 14:30:00-05:00,16.219999313354492,16.530000686645508,16.219999313354492,16.399999618530273,12351,0.0,0.0
2023-01-03 15:30:00-05:00,16.31999969482422,16.389999389648438,16.25,16.34000015258789,13361,0.0,0.0
2023-01-04 09:30:00-05:00,16.139999389648438,17.479900360107422,15.710000038146973,16.040000915527344,30110,0.0,0.0
2023-01-04 10:30:00-05:00,16.040000915527344,16.399999618530273,16.010000228881836,16.15999984741211,11448,0.0,0.0
2023-01-04 11:30:00-05:00,16.15999984741211,16.264999389648438,16.049999237060547,16.18000030517578,17536,0.0,0.0
2023-01-04 12:30:00-05:00,16.15999984741211,16.260000228881836,16.15999984741211,16.25,4152,0.0,0.0
2023-01-04 13:30:00-05:00,16.200000762939453,16.31999969482422,16.200000762939453,16.25,5650,0.0,0.0
2023-01-04 14:30:00-05:00,16.200000762939453,16.239999771118164,16.18000030517578,16.200000762939453,7970,0.0,0.0
2023-01-04 15:30:00-05:00,16.200000762939453,16.309999465942383,16.18000030517578,16.270000457763672,19418,0.0,0.0
2023-01-05 09:30:00-05:00,16.200000762939453,16.759899139404297,16.200000762939453,16.34000015258789,22492,0.0,0.0
2023-01-05 10:30:00-05:00,16.549999237060547,16.65999984741211,16.434999465942383,16.584999084472656,5165,0.0,0.0
2023-01-05 11:30:00-05:00,16.600000381469727,16.874399185180664,16.600000381469727,16.774999618530273,11467,0.0,0.0
2023-01-05 12:30:00-05:00,16.719999313354492,17.0,16.719999313354492,16.969999313354492,14816,0.0,0.0
2023-01-05 13:30:00-05:00,17.010000228881836,17.18000030517578,16.802799224853516,17.040000915527344,23776,0.0,0.0
2023-01-05 14:30:00-05:00,17.040000915527344,17.25,17.0,17.15999984741211,22800,0.0,0.0
2023-01-05 15:30:00-05:00,17.136999130249023,17.325000762939453,17.136999130249023,17.209999084472656,20805,0.0,0.0
2023-01-06 09:30:00-05:00,17.360000610351562,17.746200561523438,17.18000030517578,17.58009910583496,17466,0.0,0.0
2023-01-06 10:30:00-05:00,17.58009910583496,17.712299346923828,17.5,17.569000244140625,40495,0.0,0.0
2023-01-06 11:30:00-05:00,17.579999923706055,17.600000381469727,17.153200149536133,17.264999389648438,10697,0.0,0.0
2023-01-06 12:30:00-05:00,17.18000030517578,17.215900421142578,17.139999389648438,17.215900421142578,5009,0.0,0.0
2023-01-06 13:30:00-05:00,17.100000381469727,17.100000381469727,16.97480010986328,17.024999618530273,5544,0.0,0.0
2023-01-06 14:30:00-05:00,17.03499984741211,17.03499984741211,16.815000534057617,16.825000762939453,11962,0.0,0.0
2023-01-06 15:30:00-05:00,16.770000457763672,16.860000610351562,16.739999771118164,16.760000228881836,18949,0.0,0.0
2023-01-09 09:30:00-05:00,16.760000228881836,17.165000915527344,16.760000228881836,17.165000915527344,7925,0.0,0.0
2023-01-09 10:30:00-05:00,17.200000762939453,17.290000915527344,17.149999618530273,17.203899383544922,7672,0.0,0.0
2023-01-09 11:30:00-05:00,17.170000076293945,17.192899703979492,16.809999465942383,16.829999923706055,19111,0.0,0.0
2023-01-09 12:30:00-05:00,16.892499923706055,16.892499923706055,16.780000686645508,16.780000686645508,2233,0.0,0.0
2023-01-09 13:30:00-05:00,16.7549991607666,16.761699676513672,16.600000381469727,16.75,7177,0.0,0.0
2023-01-09 14:30:00-05:00,16.8799991607666,16.959999084472656,16.8799991607666,16.959999084472656,1607,0.0,0.0
2023-01-09 15:30:00-05:00,16.93000030517578,17.049999237060547,16.90999984741211,17.049999237060547,5647,0.0,0.0
2023-01-10 09:30:00-05:00,17.139999389648438,17.28660011291504,16.850000381469727,16.850000381469727,0,0.0,0.0
2023-01-10 10:30:00-05:00,16.81999969482422,16.81999969482422,16.649999618530273,16.780000686645508,4778,0.0,0.0
2023-01-10 11:30:00-05:00,16.770000457763672,16.889999389648438,16.690000534057617,16.84000015258789,7923,0.0,0.0
2023-01-10 12:30:00-05:00,16.889999389648438,16.899999618530273,16.860000610351562,16.860000610351562,1001,0.0,0.0
2023-01-10 13:30:00-05:00,16.860000610351562,17.020000457763672,16.854000091552734,16.940000534057617,4165,0.0,0.0
2023-01-10 14:30:00-05:00,16.899999618530273,16.989999771118164,16.81999969482422,16.899999618530273,7861,0.0,0.0
2023-01-10 15:30:00-05:00,16.868600845336914,16.940000534057617,16.809999465942383,16.8700008392334,10969,0.0,0.0
2023-01-11 09:30:00-05:00,16.950000762939453,17.100000381469727,16.84000015258789,16.90999984741211,0,0.0,0.0
2023-01-11 10:30:00-05:00,16.90999984741211,17.0,16.770000457763672,16.947500228881836,2882,0.0,0.0
2023-01-11 12:30:00-05:00,16.829999923706055,16.959699630737305,16.829999923706055,16.925500869750977,2180,0.0,0.0
2023-01-11 13:30:00-05:00,17.032499313354492,17.032499313354492,16.890100479125977,16.916099548339844,2029,0.0,0.0
2023-01-11 14:30:00-05:00,16.950000762939453,16.989999771118164,16.8799991607666,16.940000534057617,5890,0.0,0.0
2023-01-11 15:30:00-05:00,16.88010025024414,16.940000534057617,16.820100784301758,16.860000610351562,9358,0.0,0.0
2023-01-12 09:30:00-05:00,16.860000610351562,17.110000610351562,16.760000228881836,16.8700008392334,8158,0.0,0.0
2023-01-12 10:30:00-05:00,16.84000015258789,17.125499725341797,16.84000015258789,16.93000030517578,1806,0.0,0.0
2023-01-12 11:30:00-05:00,17.10260009765625,17.10260009765625,16.770000457763672,16.905000686645508,9913,0.0,0.0
2023-01-12 12:30:00-05:00,16.883499145507812,16.883499145507812,16.883499145507812,16.883499145507812,119,0.0,0.0
2023-01-12 13:30:00-05:00,16.8700008392334,16.989999771118164,16.829999923706055,16.959999084472656,11223,0.0,0.0
2023-01-12 14:30:00-05:00,16.90999984741211,17.18000030517578,16.8700008392334,17.110000610351562,26215,0.0,0.0
2023-01-12 15:30:00-05:00,17.145000457763672,17.145000457763672,16.8799991607666,17.0,14656,0.0,0.0
2023-01-13 09:30:00-05:00,16.899999618530273,17.25,16.850000381469727,17.041099548339844,0,0.0,0.0
2023-01-13 10:30:00-05:00,17.079999923706055,17.079999923706055,16.8700008392334,17.047800064086914,5705,0.0,0.0
2023-01-13 11:30:00-05:00,16.88159942626953,17.0,16.88159942626953,16.920000076293945,1213,0.0,0.0
2023-01-13 12:30:00-05:00,16.952299118041992,17.030000686645508,16.90999984741211,16.979999542236328,6534,0.0,0.0
2023-01-13 13:30:00-05:00,16.979999542236328,17.010000228881836,16.95009994506836,16.95009994506836,2328,0.0,0.0
2023-01-13 14:30:00-05:00,17.010000228881836,17.027599334716797,16.889999389648438,16.889999389648438,6766,0.0,0.0
2023-01-13 15:30:00-05:00,16.93000030517578,17.010000228881836,16.889999389648438,16.899999618530273,8158,0.0,0.0
2023-01-17 09:30:00-05:00,17.059999465942383,17.204999923706055,17.01930046081543,17.19499969482422,0,0.0,0.0
2023-01-17 10:30:00-05:00,17.190000534057617,17.190000534057617,16.979999542236328,17.040000915527344,11323,0.0,0.0
2023-01-17 11:30:00-05:00,17.17140007019043,17.17140007019043,17.136899948120117,17.136899948120117,1411,0.0,0.0
2023-01-17 12:30:00-05:00,17.1299991607666,17.1299991607666,16.920000076293945,16.969999313354492,12790,0.0,0.0
2023-01-17 13:30:00-05:00,16.979999542236328,17.024999618530273,16.94499969482422,17.020000457763672,3337,0.0,0.0
2023-01-17 14:30:00-05:00,17.020000457763672,17.09000015258789,17.016000747680664,17.040000915527344,6411,0.0,0.0
2023-01-17 15:30:00-05:00,17.041400909423828,17.079999923706055,17.0,17.030000686645508,3181,0.0,0.0
2023-01-18 09:30:00-05:00,16.979999542236328,17.368999481201172,16.979999542236328,17.225000381469727,23135,0.0,0.0
2023-01-18 10:30:00-05:00,17.145000457763672,17.200000762939453,16.50149917602539,16.50149917602539,37289,0.0,0.0
2023-01-18 11:30:00-05:00,16.540000915527344,16.760000228881836,16.540000915527344,16.719999313354492,12210,0.0,0.0
2023-01-18 12:30:00-05:00,16.700000762939453,16.784099578857422,16.59000015258789,16.691699981689453,6476,0.0,0.0
2023-01-18 13:30:00-05:00,16.700000762939453,16.940000534057617,16.700000762939453,16.940000534057617,5044,0.0,0.0
2023-01-18 14:30:00-05:00,16.84000015258789,17.020000457763672,16.799999237060547,16.959999084472656,14140,0.0,0.0
2023-01-18 15:30:00-05:00,16.899999618530273,16.94499969482422,16.800100326538086,16.90999984741211,13141,0.0,0.0
2023-01-19 09:30:00-05:00,16.81999969482422,16.969999313354492,16.57390022277832,16.704999923706055,9930,0.0,0.0
2023-01-19 10:30:00-05:00,16.809999465942383,16.809999465942383,16.56999969482422,16.56999969482422,4555,0.0,0.0
2023-01-19 11:30:00-05:00,16.565000534057617,16.93000030517578,16.565000534057617,16.93000030517578,4064,0.0,0.0
2023-01-19 12:30:00-05:00,16.8700008392334,16.8700008392334,16.729999542236328,16.790000915527344,3199,0.0,0.0
2023-01-19 13:30:00-05:00,16.860000610351562,17.0,16.84000015258789,16.950000762939453,9339,0.0,0.0
2023-01-19 14:30:00-05:00,16.94499969482422,17.059999465942383,16.899999618530273,17.059999465942383,14703,0.0,0.0
2023-01-19 15:30:00-05:00,17.030000686645508,17.049999237060547,16.719999313354492,16.7549991607666,18869,0.0,0.0
2023-01-20 09:30:00-05:00,17.040000915527344,17.1299991607666,16.719999313354492,16.924999237060547,17388,0.0,0.0
2023-01-20 10:30:00-05:00,16.8799991607666,17.0,16.81999969482422,16.989999771118164,9789,0.0,0.0
2023-01-20 11:30:00-05:00,16.985000610351562,17.030000686645508,16.75,16.90999984741211,16093,0.0,0.0
2023-01-20 12:30:00-05:00,16.93000030517578,17.0,16.81760025024414,16.90999984741211,3615,0.0,0.0
2023-01-20 13:30:00-05:00,16.790000915527344,17.020000457763672,16.790000915527344,16.920000076293945,6580,0.0,0.0
2023-01-20 14:30:00-05:00,16.895999908447266,16.940000534057617,16.809999465942383,16.940000534057617,12701,0.0,0.0
2023-01-20 15:30:00-05:00,16.93000030517578,16.93000030517578,16.75,16.780000686645508,13821,0.0,0.0
2023-01-23 09:30:00-05:00,16.610000610351562,17.0,16.610000610351562,16.829999923706055,13240,0.0,0.0
2023-01-23 10:30:00-05:00,16.864999771118164,16.864999771118164,16.6200008392334,16.649999618530273,12842,0.0,0.0
2023-01-23 11:30:00-05:00,16.760000228881836,16.950000762939453,16.399999618530273,16.950000762939453,28101,0.0,0.0
2023-01-23 12:30:00-05:00,16.950000762939453,17.110000610351562,16.85140037536621,17.0,27728,0.0,0.0
2023-01-23 13:30:00-05:00,16.969999313354492,17.0,16.729999542236328,16.790000915527344,7565,0.0,0.0
2023-01-23 14:30:00-05:00,16.834999084472656,16.850000381469727,16.65999984741211,16.670000076293945,3971,0.0,0.0
2023-01-23 15:30:00-05:00,16.695600509643555,16.695600509643555,16.510000228881836,16.510000228881836,6048,0.0,0.0
2023-01-24 09:30:00-05:00,16.75,16.75,16.5,16.5,4939,0.0,0.0
2023-01-24 10:30:00-05:00,16.649999618530273,16.979900360107422,16.649999618530273,16.899999618530273,5376,0.0,0.0
2023-01-24 11:30:00-05:00,16.81999969482422,16.854999542236328,16.68000030517578,16.68000030517578,3902,0.0,0.0
2023-01-24 12:30:00-05:00,16.735000610351562,16.735000610351562,16.735000610351562,16.735000610351562,223,0.0,0.0
2023-01-24 13:30:00-05:00,16.729999542236328,16.829999923706055,16.639999389648438,16.75,4127,0.0,0.0
2023-01-24 14:30:00-05:00,16.75,16.940000534057617,16.739999771118164,16.770000457763672,10284,0.0,0.0
2023-01-24 15:30:00-05:00,16.795000076293945,16.795000076293945,16.56999969482422,16.649999618530273,9492,0.0,0.0
2023-01-25 09:30:00-05:00,16.56999969482422,16.799400329589844,16.459999084472656,16.56999969482422,3495,0.0,0.0
2023-01-25 10:30:00-05:00,16.600000381469727,16.689899444580078,16.415000915527344,16.649999618530273,3215,0.0,0.0
2023-01-25 11:30:00-05:00,16.450000762939453,16.700000762939453,16.280000686645508,16.579999923706055,13793,0.0,0.0
2023-01-25 12:30:00-05:00,16.55500030517578,16.610000610351562,16.469999313354492,16.540000915527344,3018,0.0,0.0
2023-01-25 13:30:00-05:00,16.610000610351562,16.670000076293945,16.604999542236328,16.670000076293945,6775,0.0,0.0
2023-01-25 14:30:00-05:00,16.670000076293945,16.8799991607666,16.670000076293945,16.850000381469727,14632,0.0,0.0
2023-01-25 15:30:00-05:00,16.860000610351562,16.940000534057617,16.790000915527344,16.8700008392334,11664,0.0,0.0
2023-01-26 09:30:00-05:00,16.75,16.90999984741211,16.510000228881836,16.760000228881836,32031,0.0,0.0
2023-01-26 10:30:00-05:00,16.770000457763672,16.770000457763672,16.600000381469727,16.709999084472656,10887,0.0,0.0
2023-01-26 11:30:00-05:00,16.65999984741211,16.739999771118164,16.610000610351562,16.709999084472656,6605,0.0,0.0
2023-01-26 12:30:00-05:00,16.739999771118164,16.809999465942383,16.739999771118164,16.809999465942383,1881,0.0,0.0
2023-01-26 13:30:00-05:00,16.833900451660156,16.93000030517578,16.77829933166504,16.90999984741211,6185,0.0,0.0
2023-01-26 14:30:00-05:00,16.950000762939453,17.0,16.880300521850586,16.915000915527344,26738,0.0,0.0
2023-01-26 15:30:00-05:00,16.96500015258789,16.989999771118164,16.81999969482422,16.8799991607666,6545,0.0,0.0
2023-01-27 09:30:00-05:00,16.950000762939453,17.15999984741211,16.731800079345703,16.9512996673584,6799,0.0,0.0
2023-01-27 10:30:00-05:00,16.889999389648438,16.899999618530273,16.600000381469727,16.670000076293945,7090,0.0,0.0
2023-01-27 11:30:00-05:00,16.65999984741211,16.700000762939453,16.510000228881836,16.586000442504883,22192,0.0,0.0
2023-01-27 12:30:00-05:00,16.584999084472656,16.809999465942383,16.510000228881836,16.665300369262695,13486,0.0,0.0
2023-01-27 13:30:00-05:00,16.719999313354492,16.770000457763672,16.649999618530273,16.709999084472656,2496,0.0,0.0
2023-01-27 14:30:00-05:00,16.645000457763672,16.760000228881836,16.572999954223633,16.65999984741211,6510,0.0,0.0
2023-01-27 15:30:00-05:00,16.655000686645508,16.709999084472656,16.56999969482422,16.709999084472656,9143,0.0,0.0
2023-01-30 09:30:00-05:00,16.260000228881836,16.3700008392334,15.779999732971191,16.3700008392334,28106,0.0,0.0
2023-01-30 10:30:00-05:00,16.127399444580078,16.489999771118164,16.11440086364746,16.489999771118164,14436,0.0,0.0
2023-01-30 11:30:00-05:00,16.40999984741211,16.489999771118164,16.209999084472656,16.270000457763672,45397,0.0,0.0
2023-01-30 12:30:00-05:00,16.402000427246094,16.402000427246094,16.290000915527344,16.290000915527344,1897,0.0,0.0
2023-01-30 13:30:00-05:00,16.25,16.600000381469727,16.20009994506836,16.34000015258789,18132,0.0,0.0
2023-01-30 14:30:00-05:00,16.209999084472656,16.290000915527344,16.200000762939453,16.200000762939453,5428,0.0,0.0
2023-01-30 15:30:00-05:00,16.21500015258789,16.415800094604492,16.21500015258789,16.389999389648438,11930,0.0,0.0
2023-01-31 09:30:00-05:00,16.299999237060547,16.520000457763672,16.049999237060547,16.31999969482422,0,0.0,0.0
2023-01-31 10:30:00-05:00,16.497800827026367,16.700000762939453,16.31999969482422,16.514999389648438,12049,0.0,0.0
2023-01-31 11:30:00-05:00,16.489999771118164,16.559900283813477,16.299999237060547,16.309999465942383,18869,0.0,0.0
2023-01-31 12:30:00-05:00,16.309999465942383,16.469999313354492,16.299999237060547,16.31999969482422,15601,0.0,0.0
2023-01-31 13:30:00-05:00,16.350000381469727,16.469900131225586,16.25,16.309999465942383,17535,0.0,0.0
2023-01-31 14:30:00-05:00,16.270000457763672,16.309999465942383,15.920000076293945,16.100000381469727,37421,0.0,0.0
2023-01-31 15:30:00-05:00,16.100000381469727,16.559999465942383,16.059999465942383,16.360000610351562,55719,0.0,0.0
2023-02-01 09:30:00-05:00,16.18000030517578,16.469999313354492,16.059999465942383,16.25,13116,0.0,0.0
2023-02-01 10:30:00-05:00,16.260000228881836,16.360000610351562,16.15999984741211,16.309999465942383,6778,0.0,0.0
2023-02-01 11:30:00-05:00,16.31999969482422,16.440000534057617,16.0,16.100000381469727,14806,0.0,0.0
2023-02-01 12:30:00-05:00,16.139999389648438,16.260000228881836,16.059999465942383,16.260000228881836,8491,0.0,0.0
2023-02-01 13:30:00-05:00,16.27989959716797,16.27989959716797,16.13920021057129,16.239999771118164,3727,0.0,0.0
2023-02-01 14:30:00-05:00,16.239999771118164,16.479999542236328,16.184999465942383,16.469999313354492,17421,0.0,0.0
2023-02-01 15:30:00-05:00,16.43000030517578,16.6299991607666,16.43000030517578,16.5,15661,0.0,0.0
2023-02-02 09:30:00-05:00,16.399999618530273,16.399999618530273,16.020000457763672,16.364999771118164,65969,0.0,0.0
2023-02-02 10:30:00-05:00,16.43000030517578,16.530000686645508,16.299999237060547,16.5,95029,0.0,0.0
2023-02-02 11:30:00-05:00,16.5,16.600000381469727,16.459999084472656,16.549999237060547,14000,0.0,0.0
2023-02-02 12:30:00-05:00,16.50029945373535,16.59000015258789,16.470199584960938,16.549999237060547,7558,0.0,0.0
2023-02-02 13:30:00-05:00,16.549999237060547,16.81999969482422,16.479999542236328,16.739999771118164,42768,0.0,0.0
2023-02-02 14:30:00-05:00,16.739999771118164,16.81999969482422,16.670000076293945,16.799999237060547,39082,0.0,0.0
2023-02-02 15:30:00-05:00,16.81999969482422,17.010000228881836,16.7450008392334,16.969999313354492,21613,0.0,0.0
2023-02-03 09:30:00-05:00,16.639999389648438,17.179899215698242,16.639999389648438,16.992300033569336,10954,0.0,0.0
2023-02-03 10:30:00-05:00,17.100000381469727,17.100000381469727,17.020000457763672,17.020000457763672,3732,0.0,0.0
2023-02-03 11:30:00-05:00,16.940000534057617,17.216899871826172,16.940000534057617,17.087099075317383,12510,0.0,0.0
2023-02-03 12:30:00-05:00,17.114999771118164,17.114999771118164,17.0,17.010000228881836,7685,0.0,0.0
2023-02-03 13:30:00-05:00,17.059999465942383,17.13680076599121,16.995100021362305,17.13680076599121,1301,0.0,0.0
2023-02-03 14:30:00-05:00,17.170299530029297,17.170299530029297,16.989999771118164,17.149999618530273,8605,0.0,0.0
2023-02-03 15:30:00-05:00,17.149999618530273,17.25,17.059999465942383,17.200000762939453,31769,0.0,0.0
2023-02-06 09:30:00-05:00,17.030000686645508,17.209999084472656,17.0,17.059999465942383,0,0.0,0.0
2023-02-06 10:30:00-05:00,17.020000457763672,17.049999237060547,16.899999618530273,17.010000228881836,7891,0.0,0.0
2023-02-06 11:30:00-05:00,17.0,17.139999389648438,16.899999618530273,17.100000381469727,22969,0.0,0.0
2023-02-06 12:30:00-05:00,17.149999618530273,17.5,17.100000381469727,17.5,38760,0.0,0.0
2023-02-06 13:30:00-05:00,17.459999084472656,17.700000762939453,17.420000076293945,17.700000762939453,26437,0.0,0.0
2023-02-06 14:30:00-05:00,17.700000762939453,17.989999771118164,17.700000762939453,17.950000762939453,19070,0.0,0.0
2023-02-06 15:30:00-05:00,17.959999084472656,18.149999618530273,17.920000076293945,17.959999084472656,38191,0.0,0.0
2023-02-07 09:30:00-05:00,17.989999771118164,18.170000076293945,17.6200008392334,17.768199920654297,45011,0.0,0.0
2023-02-07 10:30:00-05:00,17.729999542236328,17.899999618530273,17.66900062561035,17.79199981689453,4575,0.0,0.0
2023-02-07 11:30:00-05:00,17.804000854492188,17.90999984741211,17.804000854492188,17.864999771118164,5894,0.0,0.0
2023-02-07 12:30:00-05:00,17.700000762939453,17.969999313354492,17.6200008392334,17.969999313354492,17203,0.0,0.0
2023-02-07 13:30:00-05:00,17.885000228881836,17.889999389648438,17.71500015258789,17.809999465942383,20040,0.0,0.0
2023-02-07 14:30:00-05:00,17.889999389648438,18.020000457763672,17.823999404907227,18.0,25625,0.0,0.0
2023-02-07 15:30:00-05:00,18.0,18.040000915527344,17.829999923706055,17.940000534057617,16442,0.0,0.0
2023-02-08 09:30:00-05:00,17.860000610351562,17.860000610351562,17.510499954223633,17.549999237060547,4044,0.0,0.0
2023-02-08 10:30:00-05:00,17.66119956970215,17.785200119018555,17.623899459838867,17.669099807739258,3763,0.0,0.0
2023-02-08 11:30:00-05:00,17.649999618530273,17.649999618530273,17.46269989013672,17.5,10921,0.0,0.0
2023-02-08 12:30:00-05:00,17.545000076293945,17.545000076293945,17.5,17.5,632,0.0,0.0
2023-02-08 13:30:00-05:00,17.579999923706055,17.600000381469727,17.56999969482422,17.600000381469727,2271,0.0,0.0
2023-02-08 14:30:00-05:00,17.550100326538086,17.6299991607666,17.550100326538086,17.61370086669922,1425,0.0,0.0
2023-02-08 15:30:00-05:00,17.610000610351562,17.81999969482422,17.573999404907227,17.809999465942383,13579,0.0,0.0
2023-02-09 09:30:00-05:00,17.760000228881836,17.90999984741211,17.299999237060547,17.709999084472656,2834,0.0,0.0
2023-02-09 10:30:00-05:00,17.75,17.854999542236328,17.75,17.780000686645508,1498,0.0,0.0
2023-02-09 11:30:00-05:00,17.81999969482422,17.829999923706055,17.510000228881836,17.510000228881836,7592,0.0,0.0
2023-02-09 12:30:00-05:00,17.5,17.520000457763672,17.43000030517578,17.450000762939453,5029,0.0,0.0
2023-02-09 13:30:00-05:00,17.389999389648438,17.40999984741211,17.299999237060547,17.309999465942383,3536,0.0,0.0
2023-02-09 14:30:00-05:00,17.290000915527344,17.350000381469727,17.219999313354492,17.229999542236328,7235,0.0,0.0
2023-02-09 15:30:00-05:00,17.230100631713867,17.299999237060547,17.190000534057617,17.190000534057617,7318,0.0,0.0
2023-02-10 09:30:00-05:00,17.200000762939453,17.200000762939453,16.600500106811523,17.094999313354492,0,0.0,0.0
2023-02-10 10:30:00-05:00,17.125,17.260000228881836,17.104999542236328,17.260000228881836,3587,0.0,0.0
2023-02-10 11:30:00-05:00,17.260000228881836,17.286100387573242,17.059999465942383,17.059999465942383,4274,0.0,0.0
2023-02-10 12:30:00-05:00,17.114999771118164,17.354999542236328,17.110000610351562,17.31999969482422,7778,0.0,0.0
2023-02-10 13:30:00-05:00,17.5,17.520000457763672,17.3799991607666,17.43000030517578,13178,0.0,0.0
2023-02-10 14:30:00-05:00,17.459999084472656,17.60070037841797,17.389999389648438,17.470699310302734,11411,0.0,0.0
2023-02-10 15:30:00-05:00,17.520000457763672,17.799999237060547,17.510000228881836,17.799999237060547,22729,0.0,0.0
2023-02-13 09:30:00-05:00,17.209999084472656,18.0,17.209999084472656,18.0,23744,0.0,0.0
2023-02-13 10:30:00-05:00,18.0,18.049999237060547,17.918100357055664,18.014999389648438,2316,0.0,0.0
2023-02-13 11:30:00-05:00,17.96500015258789,18.152000427246094,17.96500015258789,18.100000381469727,17636,0.0,0.0
2023-02-13 12:30:00-05:00,18.149999618530273,18.200000762939453,18.114999771118164,18.15999984741211,5851,0.0,0.0
2023-02-13 13:30:00-05:00,18.190000534057617,18.389999389648438,18.18000030517578,18.31999969482422,31941,0.0,0.0
2023-02-13 14:30:00-05:00,18.30500030517578,18.350000381469727,18.229999542236328,18.270000457763672,34227,0.0,0.0
2023-02-13 15:30:00-05:00,18.32990074157715,18.32990074157715,18.209999084472656,18.25,22416,0.0,0.0
2023-02-14 09:30:00-05:00,18.110000610351562,18.31800079345703,18.049999237060547,18.1200008392334,2651,0.0,0.0
2023-02-14 10:30:00-05:00,18.209999084472656,18.270000457763672,18.209999084472656,18.243799209594727,3358,0.0,0.0
2023-02-14 11:30:00-05:00,18.25,18.350000381469727,18.190000534057617,18.350000381469727,8660,0.0,0.0
2023-02-14 12:30:00-05:00,18.357900619506836,18.420000076293945,18.337200164794922,18.420000076293945,1273,0.0,0.0
2023-02-14 13:30:00-05:00,18.424999237060547,18.47170066833496,18.39889907836914,18.45989990234375,1712,0.0,0.0
2023-02-14 14:30:00-05:00,18.405000686645508,18.40999984741211,18.3700008392334,18.3700008392334,1325,0.0,0.0
2023-02-14 15:30:00-05:00,18.3799991607666,18.3799991607666,18.25,18.309999465942383,11544,0.0,0.0
2023-02-15 09:30:00-05:00,18.020000457763672,18.020000457763672,17.709999084472656,17.889999389648438,0,0.0,0.0
2023-02-15 10:30:00-05:00,18.15999984741211,18.299999237060547,18.139999389648438,18.25,7858,0.0,0.0
2023-02-15 11:30:00-05:00,18.170000076293945,18.170000076293945,18.0,18.020000457763672,5218,0.0,0.0
2023-02-15 12:30:00-05:00,18.058799743652344,18.290000915527344,18.040000915527344,18.290000915527344,10547,0.0,0.0
2023-02-15 13:30:00-05:00,18.329999923706055,18.329999923706055,18.329999923706055,18.329999923706055,1384,0.0,0.0
2023-02-15 14:30:00-05:00,18.420000076293945,18.420000076293945,18.3799991607666,18.3799991607666,782,0.0,0.0
2023-02-15 15:30:00-05:00,18.42300033569336,18.6299991607666,18.42300033569336,18.579999923706055,9291,0.0,0.0
2023-02-16 09:30:00-05:00,18.280000686645508,18.864999771118164,18.280000686645508,18.81999969482422,16167,0.0,0.0
2023-02-16 10:30:00-05:00,18.774200439453125,19.25,18.719999313354492,19.014999389648438,84571,0.0,0.0
2023-02-16 11:30:00-05:00,19.020000457763672,19.5,19.020000457763672,19.454999923706055,42056,0.0,0.0
2023-02-16 12:30:00-05:00,19.489999771118164,19.8700008392334,19.450000762939453,19.5,89283,0.0,0.0
2023-02-16 13:30:00-05:00,19.5,19.790000915527344,19.450000762939453,19.549999237060547,28295,0.0,0.0
2023-02-16 14:30:00-05:00,19.489999771118164,19.8799991607666,19.459999084472656,19.75,96697,0.0,0.0
2023-02-16 15:30:00-05:00,19.75,20.0,19.700000762939453,19.940000534057617,122686,0.0,0.0
2023-02-17 09:30:00-05:00,19.780000686645508,19.780000686645508,19.17289924621582,19.5,58872,0.0,0.0
2023-02-17 10:30:00-05:00,19.500099182128906,19.500099182128906,19.194299697875977,19.350000381469727,12780,0.0,0.0
2023-02-17 11:30:00-05:00,19.360000610351562,19.3799991607666,19.200000762939453,19.299999237060547,24229,0.0,0.0
2023-02-17 12:30:00-05:00,19.280000686645508,19.329999923706055,19.25,19.299999237060547,10649,0.0,0.0
2023-02-17 13:30:00-05:00,19.309999465942383,19.3799991607666,19.25,19.3799991607666,9793,0.0,0.0
2023-02-17 14:30:00-05:00,19.40999984741211,19.459999084472656,19.268999099731445,19.360000610351562,8453,0.0,0.0
2023-02-17 15:30:00-05:00,19.350000381469727,19.639999389648438,19.329999923706055,19.575000762939453,45072,0.0,0.0
2023-02-21 09:30:00-05:00,19.260000228881836,19.409900665283203,18.989999771118164,19.190000534057617,29070,0.0,0.0
2023-02-21 10:30:00-05:00,19.200000762939453,19.2549991607666,19.169099807739258,19.225000381469727,16645,0.0,0.0
2023-02-21 11:30:00-05:00,19.25,19.34000015258789,19.125,19.200000762939453,13315,0.0,0.0
2023-02-21 12:30:00-05:00,19.150100708007812,19.270000457763672,19.149999618530273,19.200000762939453,8506,0.0,0.0
2023-02-21 13:30:00-05:00,19.239999771118164,19.3700008392334,19.183799743652344,19.32939910888672,32220,0.0,0.0
2023-02-21 14:30:00-05:00,19.360000610351562,19.546600341796875,19.329999923706055,19.489999771118164,25053,0.0,0.0
2023-02-21 15:30:00-05:00,19.5,19.584199905395508,19.42639923095703,19.530000686645508,16777,0.0,0.0
2023-02-22 09:30:00-05:00,19.479999542236328,19.549999237060547,19.28499984741211,19.309999465942383,0,0.0,0.0
2023-02-22 10:30:00-05:00,19.200000762939453,19.469999313354492,19.039199829101562,19.190500259399414,11042,0.0,0.0
2023-02-22 11:30:00-05:00,19.334999084472656,19.700000762939453,19.334999084472656,19.700000762939453,12326,0.0,0.0
2023-02-22 12:30:00-05:00,19.556400299072266,19.639999389648438,19.5,19.579999923706055,8169,0.0,0.0
2023-02-22 13:30:00-05:00,19.579999923706055,19.59000015258789,19.450000762939453,19.5,16206,0.0,0.0
2023-02-22 14:30:00-05:00,19.524999618530273,19.549999237060547,19.469999313354492,19.5,22294,0.0,0.0
2023-02-22 15:30:00-05:00,19.5,19.649999618530273,19.450000762939453,19.610000610351562,20663,0.0,0.0
2023-02-23 09:30:00-05:00,19.8799991607666,19.940000534057617,19.700000762939453,19.80500030517578,0,0.0,0.0
2023-02-23 10:30:00-05:00,19.80500030517578,19.80500030517578,19.621200561523438,19.625,3614,0.0,0.0
2023-02-23 11:30:00-05:00,19.639999389648438,19.639999389648438,19.34000015258789,19.34000015258789,5963,0.0,0.0
2023-02-23 12:30:00-05:00,19.3799991607666,19.520000457763672,19.3799991607666,19.489999771118164,11616,0.0,0.0
2023-02-23 13:30:00-05:00,19.549999237060547,19.549999237060547,19.479999542236328,19.479999542236328,8883,0.0,0.0
2023-02-23 14:30:00-05:00,19.549999237060547,19.549999237060547,19.43000030517578,19.450000762939453,23197,0.0,0.0
2023-02-23 15:30:00-05:00,19.450000762939453,19.510000228881836,19.219999313354492,19.219999313354492,9082,0.0,0.0
2023-02-24 09:30:00-05:00,19.0,19.307100296020508,18.899999618530273,19.010000228881836,0,0.0,0.0
2023-02-24 10:30:00-05:00,19.209999084472656,19.21500015258789,19.110000610351562,19.200000762939453,19257,0.0,0.0
2023-02-24 11:30:00-05:00,19.190000534057617,19.25,19.15999984741211,19.21500015258789,12621,0.0,0.0
2023-02-24 12:30:00-05:00,19.209999084472656,19.25,19.170000076293945,19.25,3828,0.0,0.0
2023-02-24 13:30:00-05:00,19.20170021057129,19.239999771118164,19.170000076293945,19.18000030517578,4064,0.0,0.0
2023-02-24 14:30:00-05:00,19.149999618530273,19.43000030517578,19.149999618530273,19.3700008392334,12754,0.0,0.0
2023-02-24 15:30:00-05:00,19.389999389648438,19.469999313354492,19.31999969482422,19.450000762939453,10502,0.0,0.0
2023-02-27 09:30:00-05:00,19.489999771118164,19.489999771118164,19.030000686645508,19.18000030517578,0,0.0,0.0
2023-02-27 10:30:00-05:00,19.18000030517578,19.309999465942383,18.8799991607666,18.920000076293945,9966,0.0,0.0
2023-02-27 11:30:00-05:00,18.93000030517578,19.260000228881836,18.719999313354492,19.239999771118164,46469,0.0,0.0
2023-02-27 12:30:00-05:00,19.19499969482422,19.3799991607666,19.15999984741211,19.165000915527344,11545,0.0,0.0
2023-02-27 13:30:00-05:00,19.079999923706055,19.360000610351562,19.079999923706055,19.360000610351562,16307,0.0,0.0
2023-02-27 14:30:00-05:00,19.360000610351562,19.420000076293945,19.1200008392334,19.219999313354492,11391,0.0,0.0
2023-02-27 15:30:00-05:00,19.219999313354492,19.479999542236328,19.170000076293945,19.43000030517578,38999,0.0,0.0
2023-02-28 09:30:00-05:00,19.610000610351562,19.667499542236328,19.5,19.667499542236328,1889,0.0,0.0
2023-02-28 10:30:00-05:00,19.5,19.5,19.399999618530273,19.479999542236328,1333,0.0,0.0
2023-02-28 11:30:00-05:00,19.5,19.5049991607666,19.40570068359375,19.5049991607666,6363,0.0,0.0
2023-02-28 12:30:00-05:00,19.5049991607666,19.540000915527344,19.459999084472656,19.479999542236328,6711,0.0,0.0
2023-02-28 13:30:00-05:00,19.5,19.530000686645508,19.479999542236328,19.48539924621582,3417,0.0,0.0
2023-02-28 14:30:00-05:00,19.489999771118164,19.530000686645508,19.479999542236328,19.489999771118164,8178,0.0,0.0
2023-02-28 15:30:00-05:00,19.5,19.56999969482422,19.5,19.5,11462,0.0,0.0
2023-03-01 09:30:00-05:00,19.43000030517578,19.579999923706055,19.264999389648438,19.579999923706055,0,0.0,0.0
2023-03-01 10:30:00-05:00,19.639999389648438,19.799999237060547,19.5,19.565000534057617,11362,0.0,0.0
2023-03-01 11:30:00-05:00,19.5,19.520000457763672,19.399999618530273,19.457500457763672,23441,0.0,0.0
2023-03-01 12:30:00-05:00,19.459999084472656,19.565000534057617,19.399999618530273,19.46500015258789,7402,0.0,0.0
2023-03-01 13:30:00-05:00,19.459999084472656,19.6200008392334,19.350000381469727,19.5,12988,0.0,0.0
2023-03-01 14:30:00-05:00,19.54520034790039,19.6200008392334,19.5,19.559999465942383,6646,0.0,0.0
2023-03-01 15:30:00-05:00,19.610000610351562,19.68000030517578,19.600000381469727,19.610000610351562,4674,0.0,0.0
2023-03-02 09:30:00-05:00,19.350000381469727,19.799999237060547,19.322900772094727,19.760000228881836,53677,0.0,0.0
2023-03-02 10:30:00-05:00,19.753999710083008,19.940000534057617,19.753999710083008,19.829999923706055,7761,0.0,0.0
2023-03-02 11:30:00-05:00,19.8799991607666,19.950000762939453,19.799999237060547,19.899999618530273,13927,0.0,0.0
2023-03-02 12:30:00-05:00,19.899999618530273,19.920000076293945,19.850000381469727,19.875,14562,0.0,0.0
2023-03-02 13:30:00-05:00,19.889999389648438,20.010000228881836,19.860000610351562,20.0049991607666,53973,0.0,0.0
2023-03-02 14:30:00-05:00,20.0049991607666,20.09000015258789,19.915000915527344,20.079999923706055,31037,0.0,0.0
2023-03-02 15:30:00-05:00,20.020000457763672,20.040000915527344,19.889999389648438,19.969999313354492,20121,0.0,0.0
2023-03-03 09:30:00-05:00,19.989999771118164,20.109899520874023,19.850000381469727,20.100000381469727,17091,0.0,0.0
2023-03-03 10:30:00-05:00,20.059999465942383,20.170000076293945,20.0,20.05500030517578,16203,0.0,0.0
2023-03-03 11:30:00-05:00,20.049999237060547,20.049999237060547,19.979999542236328,20.0,10442,0.0,0.0
2023-03-03 12:30:00-05:00,20.049999237060547,20.100000381469727,19.989999771118164,20.079999923706055,27844,0.0,0.0
2023-03-03 13:30:00-05:00,20.047700881958008,20.219999313354492,20.030000686645508,20.219999313354492,23534,0.0,0.0
2023-03-03 14:30:00-05:00,20.184999465942383,20.25,20.06999969482422,20.139999389648438,26348,0.0,0.0
2023-03-03 15:30:00-05:00,20.139999389648438,20.15999984741211,20.020000457763672,20.1299991607666,28748,0.0,0.0
2023-03-06 09:30:00-05:00,19.8799991607666,20.100000381469727,19.81999969482422,19.930099487304688,0,0.0,0.0
2023-03-06 10:30:00-05:00,20.0,20.100000381469727,19.81999969482422,19.8799991607666,23611,0.0,0.0
2023-03-06 11:30:00-05:00,19.899999618530273,19.969999313354492,19.8971004486084,19.899999618530273,13442,0.0,0.0
2023-03-06 12:30:00-05:00,19.889999389648438,19.90999984741211,19.795000076293945,19.795000076293945,3556,0.0,0.0
2023-03-06 13:30:00-05:00,19.799999237060547,19.860000610351562,19.639999389648438,19.774999618530273,7652,0.0,0.0
2023-03-06 14:30:00-05:00,19.760000228881836,19.760000228881836,19.524999618530273,19.674999237060547,5707,0.0,0.0
2023-03-06 15:30:00-05:00,19.520000457763672,19.58989906311035,19.34000015258789,19.520000457763672,26230,0.0,0.0
2023-03-07 09:30:00-05:00,19.5,19.549999237060547,18.829999923706055,18.875,53169,0.0,0.0
2023-03-07 10:30:00-05:00,18.969999313354492,19.1875,18.969999313354492,19.100000381469727,11964,0.0,0.0
2023-03-07 11:30:00-05:00,19.229999542236328,19.25,19.19499969482422,19.229999542236328,2616,0.0,0.0
2023-03-07 12:30:00-05:00,19.25480079650879,19.25480079650879,19.079999923706055,19.094999313354492,4093,0.0,0.0
2023-03-07 13:30:00-05:00,19.070600509643555,19.070600509643555,18.950000762939453,18.979999542236328,7354,0.0,0.0
2023-03-07 14:30:00-05:00,18.99799919128418,19.03499984741211,18.959999084472656,18.959999084472656,10730,0.0,0.0
2023-03-07 15:30:00-05:00,18.915000915527344,19.049999237060547,18.915000915527344,19.0,12675,0.0,0.0
2023-03-08 09:30:00-05:00,19.020000457763672,19.190000534057617,18.6299991607666,19.139999389648438,0,0.0,0.0
2023-03-08 10:30:00-05:00,19.0,19.0,19.0,19.0,696,0.0,0.0
2023-03-08 11:30:00-05:00,18.959999084472656,18.959999084472656,18.806100845336914,18.806100845336914,2447,0.0,0.0
2023-03-08 12:30:00-05:00,18.709999084472656,18.82990074157715,18.65999984741211,18.65999984741211,8359,0.0,0.0
2023-03-08 13:30:00-05:00,18.710899353027344,18.8799991607666,18.710899353027344,18.825000762939453,8573,0.0,0.0
2023-03-08 14:30:00-05:00,18.875,18.875,18.770099639892578,18.809999465942383,2874,0.0,0.0
2023-03-08 15:30:00-05:00,18.860000610351562,19.100000381469727,18.860000610351562,19.079999923706055,16450,0.0,0.0
2023-03-09 09:30:00-05:00,18.989999771118164,19.3700008392334,18.989999771118164,19.3700008392334,7406,0.0,0.0
2023-03-09 10:30:00-05:00,19.270000457763672,19.399999618530273,19.229999542236328,19.389999389648438,4806,0.0,0.0
2023-03-09 11:30:00-05:00,19.3799991607666,19.450000762939453,19.26180076599121,19.26180076599121,4883,0.0,0.0
2023-03-09 12:30:00-05:00,19.28499984741211,19.308799743652344,19.06999969482422,19.15999984741211,6552,0.0,0.0
2023-03-09 13:30:00-05:00,19.040000915527344,19.100000381469727,18.90999984741211,19.030000686645508,21181,0.0,0.0
2023-03-09 14:30:00-05:00,19.049999237060547,19.109899520874023,18.85409927368164,18.8799991607666,9897,0.0,0.0
2023-03-09 15:30:00-05:00,18.90999984741211,18.920000076293945,18.770000457763672,18.809999465942383,16596,0.0,0.0
2023-03-10 09:30:00-05:00,18.809999465942383,18.959999084472656,18.6200008392334,18.665000915527344,0,0.0,0.0
2023-03-10 10:30:00-05:00,18.709999084472656,18.735000610351562,18.389999389648438,18.600000381469727,34027,0.0,0.0
2023-03-10 11:30:00-05:00,18.673599243164062,18.799999237060547,18.38559913635254,18.38559913635254,13182,0.0,0.0
2023-03-10 12:30:00-05:00,18.30069923400879,18.469999313354492,18.100000381469727,18.110000610351562,16888,0.0,0.0
2023-03-10 13:30:00-05:00,18.06999969482422,18.139999389648438,17.950000762939453,18.079999923706055,26817,0.0,0.0
2023-03-10 14:30:00-05:00,18.110000610351562,18.40999984741211,18.100000381469727,18.299999237060547,13963,0.0,0.0
2023-03-10 15:30:00-05:00,18.299999237060547,18.34000015258789,17.90999984741211,18.110000610351562,28065,0.0,0.0
2023-03-13 09:30:00-04:00,18.100000381469727,18.100000381469727,17.239999771118164,17.670000076293945,62596,0.0,0.0
2023-03-13 10:30:00-04:00,17.56999969482422,18.110000610351562,17.56999969482422,17.71500015258789,34292,0.0,0.0
2023-03-13 11:30:00-04:00,17.75,17.90999984741211,17.510000228881836,17.6299991607666,48006,0.0,0.0
2023-03-13 12:30:00-04:00,17.6299991607666,17.850000381469727,17.5,17.770000457763672,62736,0.0,0.0
2023-03-13 13:30:00-04:00,17.700000762939453,17.969999313354492,17.700000762939453,17.799999237060547,19833,0.0,0.0
2023-03-13 14:30:00-04:00,17.809999465942383,17.844999313354492,17.5,17.510000228881836,24016,0.0,0.0
2023-03-13 15:30:00-04:00,17.510000228881836,17.84000015258789,17.510000228881836,17.799999237060547,35589,0.0,0.0
2023-03-14 09:30:00-04:00,17.90999984741211,18.489900588989258,17.90999984741211,18.290000915527344,0,0.0,0.0
2023-03-14 10:30:00-04:00,18.149999618530273,18.391599655151367,18.101200103759766,18.350000381469727,6285,0.0,0.0
2023-03-14 11:30:00-04:00,18.350000381469727,18.350000381469727,18.149999618530273,18.149999618530273,4038,0.0,0.0
2023-03-14 12:30:00-04:00,18.229999542236328,18.280000686645508,18.18000030517578,18.18000030517578,5870,0.0,0.0
2023-03-14 13:30:00-04:00,18.15999984741211,18.15999984741211,17.969999313354492,18.0,12261,0.0,0.0
2023-03-14 14:30:00-04:00,18.010000228881836,18.079999923706055,17.860000610351562,17.915000915527344,34074,0.0,0.0
2023-03-14 15:30:00-04:00,17.93000030517578,18.010000228881836,17.899999618530273,18.010000228881836,28461,0.0,0.0
2023-03-15 09:30:00-04:00,17.489999771118164,18.010000228881836,17.22920036315918,17.559999465942383,64432,0.0,0.0
2023-03-15 10:30:00-04:00,17.600000381469727,17.600000381469727,16.64889907836914,17.239999771118164,44237,0.0,0.0
2023-03-15 11:30:00-04:00,17.209999084472656,17.379899978637695,16.760000228881836,16.760000228881836,23297,0.0,0.0
2023-03-15 12:30:00-04:00,16.81999969482422,17.06999969482422,16.799999237060547,17.059999465942383,21448,0.0,0.0
2023-03-15 13:30:00-04:00,17.010000228881836,17.049999237060547,16.799999237060547,16.8799991607666,20993,0.0,0.0
2023-03-15 14:30:00-04:00,16.8799991607666,17.084999084472656,16.670000076293945,16.84000015258789,42243,0.0,0.0
2023-03-15 15:30:00-04:00,16.799999237060547,16.859899520874023,16.59000015258789,16.790000915527344,26437,0.0,0.0
2023-03-16 09:30:00-04:00,17.25,17.5,16.809999465942383,17.0049991607666,29210,0.0,0.0
2023-03-16 10:30:00-04:00,17.170000076293945,18.1200008392334,17.170000076293945,17.950000762939453,31036,0.0,0.0
2023-03-16 11:30:00-04:00,17.829999923706055,17.9330997467041,17.5,17.889999389648438,18373,0.0,0.0
2023-03-16 12:30:00-04:00,17.899999618530273,18.059999465942383,17.809999465942383,18.059999465942383,20633,0.0,0.0
2023-03-16 13:30:00-04:00,18.016199111938477,18.016199111938477,17.70009994506836,17.8700008392334,7581,0.0,0.0
2023-03-16 14:30:00-04:00,17.764999389648438,17.860000610351562,17.709999084472656,17.760000228881836,7107,0.0,0.0
2023-03-16 15:30:00-04:00,17.739999771118164,18.100000381469727,17.739999771118164,18.030099868774414,20403,0.0,0.0
2023-03-17 09:30:00-04:00,18.25,18.25,17.850000381469727,17.8700008392334,0,0.0,0.0
2023-03-17 10:30:00-04:00,17.739999771118164,18.09000015258789,17.690000534057617,18.045000076293945,11813,0.0,0.0
2023-03-17 11:30:00-04:00,17.88909912109375,17.88909912109375,17.83009910583496,17.83009910583496,1124,0.0,0.0
2023-03-17 12:30:00-04:00,17.989999771118164,18.014999389648438,17.8700008392334,18.014999389648438,1619,0.0,0.0
2023-03-17 13:30:00-04:00,18.020000457763672,18.075000762939453,17.95009994506836,18.06999969482422,11513,0.0,0.0
2023-03-17 14:30:00-04:00,18.110000610351562,18.135000228881836,18.05500030517578,18.06999969482422,5475,0.0,0.0
2023-03-17 15:30:00-04:00,18.079999923706055,18.200000762939453,18.030000686645508,18.184999465942383,33175,0.0,0.0
2023-03-20 09:30:00-04:00,18.190000534057617,18.239999771118164,17.8700008392334,17.8700008392334,11311,0.0,0.0
2023-03-20 10:30:00-04:00,17.8700008392334,18.11989974975586,17.739999771118164,17.88360023498535,5544,0.0,0.0
2023-03-20 11:30:00-04:00,18.100000381469727,18.100000381469727,17.760000228881836,17.760000228881836,6966,0.0,0.0
2023-03-20 12:30:00-04:00,17.770000457763672,17.790000915527344,17.610000610351562,17.6299991607666,7628,0.0,0.0
2023-03-20 13:30:00-04:00,17.655000686645508,17.770000457763672,17.655000686645508,17.709999084472656,6604,0.0,0.0
2023-03-20 14:30:00-04:00,17.65999984741211,17.674999237060547,17.25,17.440000534057617,14969,0.0,0.0
2023-03-20 15:30:00-04:00,17.434999465942383,17.65999984741211,17.3799991607666,17.450000762939453,24977,0.0,0.0
2023-03-21 09:30:00-04:00,17.75,17.899999618530273,17.559999465942383,17.780000686645508,11050,0.0,0.0
2023-03-21 10:30:00-04:00,17.850000381469727,17.899999618530273,17.790000915527344,17.889999389648438,5917,0.0,0.0
2023-03-21 11:30:00-04:00,17.889999389648438,17.899999618530273,17.695899963378906,17.75,6954,0.0,0.0
2023-03-21 12:30:00-04:00,17.760000228881836,17.899999618530273,17.75,17.899999618530273,3141,0.0,0.0
2023-03-21 13:30:00-04:00,17.8700008392334,17.8700008392334,17.760000228881836,17.760000228881836,2549,0.0,0.0
2023-03-21 14:30:00-04:00,17.73900032043457,17.799999237060547,17.59000015258789,17.600000381469727,34535,0.0,0.0
2023-03-21 15:30:00-04:00,17.6299991607666,17.770000457763672,17.540000915527344,17.56999969482422,15881,0.0,0.0
2023-03-22 09:30:00-04:00,17.68000030517578,17.68000030517578,17.310100555419922,17.450000762939453,0,0.0,0.0
2023-03-22 10:30:00-04:00,17.670000076293945,17.809999465942383,17.5,17.770000457763672,5859,0.0,0.0
2023-03-22 11:30:00-04:00,17.70009994506836,17.979900360107422,17.579999923706055,17.90999984741211,24979,0.0,0.0
2023-03-22 12:30:00-04:00,17.895000457763672,17.959999084472656,17.8700008392334,17.950000762939453,2335,0.0,0.0
2023-03-22 13:30:00-04:00,17.940000534057617,18.260000228881836,17.920000076293945,18.01020050048828,20173,0.0,0.0
2023-03-22 14:30:00-04:00,18.146299362182617,18.146299362182617,17.725000381469727,17.799999237060547,28595,0.0,0.0
2023-03-22 15:30:00-04:00,17.760000228881836,17.84000015258789,17.559999465942383,17.59000015258789,41884,0.0,0.0
2023-03-23 09:30:00-04:00,17.639999389648438,17.832300186157227,17.4950008392334,17.644699096679688,25185,0.0,0.0
2023-03-23 10:30:00-04:00,17.56999969482422,17.56999969482422,17.440099716186523,17.530000686645508,12288,0.0,0.0
2023-03-23 11:30:00-04:00,17.549999237060547,17.549999237060547,17.200000762939453,17.200000762939453,7308,0.0,0.0
2023-03-23 12:30:00-04:00,17.200000762939453,17.200000762939453,16.93000030517578,16.989999771118164,20486,0.0,0.0
2023-03-23 13:30:00-04:00,17.030000686645508,17.189899444580078,17.0,17.0,11553,0.0,0.0
2023-03-23 14:30:00-04:00,17.0,17.065000534057617,16.780000686645508,16.905000686645508,28355,0.0,0.0
2023-03-23 15:30:00-04:00,16.90999984741211,17.030000686645508,16.854999542236328,17.010000228881836,12582,0.0,0.0
2023-03-24 09:30:00-04:00,16.709999084472656,16.940000534057617,16.3700008392334,16.5,0,0.0,0.0
2023-03-24 10:30:00-04:00,16.600000381469727,16.600000381469727,16.299999237060547,16.399999618530273,24924,0.0,0.0
2023-03-24 11:30:00-04:00,16.399999618530273,16.468000411987305,16.299999237060547,16.450000762939453,13419,0.0,0.0
2023-03-24 12:30:00-04:00,16.40999984741211,16.809999465942383,16.40999984741211,16.799999237060547,31530,0.0,0.0
2023-03-24 13:30:00-04:00,16.809999465942383,16.809999465942383,16.6299991607666,16.6299991607666,5177,0.0,0.0
2023-03-24 14:30:00-04:00,16.684999465942383,16.740299224853516,16.6200008392334,16.6200008392334,4067,0.0,0.0
2023-03-24 15:30:00-04:00,16.637100219726562,16.801599502563477,16.600000381469727,16.670000076293945,15636,0.0,0.0
2023-03-27 09:30:00-04:00,16.899999618530273,17.34000015258789,16.84000015258789,16.84000015258789,0,0.0,0.0
2023-03-27 10:30:00-04:00,16.8700008392334,16.934999465942383,16.739999771118164,16.840299606323242,6866,0.0,0.0
2023-03-27 11:30:00-04:00,16.72010040283203,16.96299934387207,16.710100173950195,16.96299934387207,1462,0.0,0.0
2023-03-27 12:30:00-04:00,17.0,17.1299991607666,16.959999084472656,16.959999084472656,3904,0.0,0.0
2023-03-27 13:30:00-04:00,17.069000244140625,17.1200008392334,17.0531005859375,17.0531005859375,2746,0.0,0.0
2023-03-27 14:30:00-04:00,17.058500289916992,17.08300018310547,16.989999771118164,17.00119972229004,6221,0.0,0.0
2023-03-27 15:30:00-04:00,17.010000228881836,17.010000228881836,16.959999084472656,16.96500015258789,4133,0.0,0.0
2023-03-28 09:30:00-04:00,16.920000076293945,17.229999542236328,16.920000076293945,17.229999542236328,0,0.0,0.0
2023-03-28 10:30:00-04:00,17.415000915527344,17.68000030517578,17.415000915527344,17.68000030517578,4565,0.0,0.0
2023-03-28 11:30:00-04:00,17.530000686645508,17.549999237060547,17.433799743652344,17.433799743652344,886,0.0,0.0
2023-03-28 12:30:00-04:00,17.450000762939453,17.608800888061523,17.354999542236328,17.354999542236328,1639,0.0,0.0
2023-03-28 13:30:00-04:00,17.329999923706055,17.334999084472656,17.329999923706055,17.334999084472656,408,0.0,0.0
2023-03-28 14:30:00-04:00,17.36280059814453,17.36280059814453,17.317699432373047,17.317699432373047,1119,0.0,0.0
2023-03-28 15:30:00-04:00,17.309999465942383,17.3700008392334,17.25,17.280000686645508,9714,0.0,0.0
2023-03-29 09:30:00-04:00,17.3799991607666,17.610000610351562,17.3700008392334,17.5,0,0.0,0.0
2023-03-29 10:30:00-04:00,17.547700881958008,17.547700881958008,17.329999923706055,17.385000228881836,5632,0.0,0.0
2023-03-29 11:30:00-04:00,17.5,17.5,17.299999237060547,17.309999465942383,4694,0.0,0.0
2023-03-29 12:30:00-04:00,17.299999237060547,17.300100326538086,17.010000228881836,17.020000457763672,7120,0.0,0.0
2023-03-29 13:30:00-04:00,17.049999237060547,17.100000381469727,16.8700008392334,17.100000381469727,6509,0.0,0.0
2023-03-29 14:30:00-04:00,17.262500762939453,17.33989906311035,17.020000457763672,17.030000686645508,17010,0.0,0.0
2023-03-29 15:30:00-04:00,17.010000228881836,17.170000076293945,17.0,17.020000457763672,9276,0.0,0.0
2023-03-30 09:30:00-04:00,17.1299991607666,17.274999618530273,17.027999877929688,17.135000228881836,0,0.0,0.0
2023-03-30 10:30:00-04:00,17.021099090576172,17.100000381469727,16.959999084472656,16.959999084472656,5602,0.0,0.0
2023-03-30 11:30:00-04:00,16.920000076293945,17.0,16.850000381469727,16.969999313354492,7458,0.0,0.0
2023-03-30 12:30:00-04:00,16.979999542236328,16.979999542236328,16.979999542236328,16.979999542236328,656,0.0,0.0
2023-03-30 13:30:00-04:00,16.959999084472656,17.0049991607666,16.959999084472656,17.0049991607666,504,0.0,0.0
2023-03-30 14:30:00-04:00,16.934999465942383,17.040000915527344,16.934999465942383,17.040000915527344,6810,0.0,0.0
2023-03-30 15:30:00-04:00,17.030000686645508,17.18000030517578,17.030000686645508,17.149999618530273,7279,0.0,0.0
2023-03-31 09:30:00-04:00,17.1343994140625,17.270000457763672,17.1343994140625,17.1968994140625,1166,0.0,0.0
2023-03-31 10:30:00-04:00,17.239999771118164,17.65999984741211,17.20210075378418,17.360000610351562,3504,0.0,0.0
2023-03-31 11:30:00-04:00,17.610000610351562,17.770000457763672,17.610000610351562,17.69499969482422,7638,0.0,0.0
2023-03-31 12:30:00-04:00,17.60700035095215,17.700000762939453,17.600000381469727,17.649999618530273,3921,0.0,0.0
2023-03-31 13:30:00-04:00,17.65999984741211,17.65999984741211,17.18000030517578,17.31290054321289,10272,0.0,0.0
2023-03-31 14:30:00-04:00,17.3799991607666,17.520000457763672,17.360000610351562,17.479999542236328,14294,0.0,0.0
2023-03-31 15:30:00-04:00,17.399999618530273,17.469999313354492,17.329999923706055,17.329999923706055,11940,0.0,0.0
2023-04-03 09:30:00-04:00,17.579999923706055,17.652099609375,17.260099411010742,17.389999389648438,0,0.0,0.0
2023-04-03 10:30:00-04:00,17.385000228881836,17.459999084472656,17.145000457763672,17.145000457763672,13600,0.0,0.0
2023-04-03 11:30:00-04:00,17.135000228881836,17.25,16.950000762939453,17.229999542236328,13082,0.0,0.0
2023-04-03 12:30:00-04:00,17.100000381469727,17.280000686645508,17.09000015258789,17.197500228881836,5590,0.0,0.0
2023-04-03 13:30:00-04:00,17.280000686645508,17.280000686645508,17.209999084472656,17.229999542236328,4362,0.0,0.0
2023-04-03 14:30:00-04:00,17.260000228881836,17.350000381469727,17.260000228881836,17.280000686645508,3178,0.0,0.0
2023-04-03 15:30:00-04:00,17.274999618530273,17.280000686645508,16.989999771118164,17.0,25643,0.0,0.0
2023-04-04 09:30:00-04:00,16.90999984741211,17.25,16.467899322509766,16.467899322509766,3807,0.0,0.0
2023-04-04 10:30:00-04:00,16.55500030517578,16.6200008392334,16.43000030517578,16.519899368286133,11884,0.0,0.0
2023-04-04 11:30:00-04:00,16.469999313354492,16.469999313354492,16.145000457763672,16.165000915527344,11311,0.0,0.0
2023-04-04 12:30:00-04:00,16.25,16.520000457763672,16.25,16.34000015258789,6798,0.0,0.0
2023-04-04 13:30:00-04:00,16.34000015258789,16.420000076293945,16.31999969482422,16.3799991607666,4754,0.0,0.0
2023-04-04 14:30:00-04:00,16.3799991607666,16.3799991607666,16.229999542236328,16.30500030517578,4904,0.0,0.0
2023-04-04 15:30:00-04:00,16.219999313354492,16.40999984741211,16.049999237060547,16.25,27359,0.0,0.0
2023-04-05 09:30:00-04:00,16.239999771118164,17.082300186157227,16.059999465942383,17.0,16108,0.0,0.0
2023-04-05 10:30:00-04:00,17.134000778198242,17.25,16.860000610351562,17.0,19170,0.0,0.0
2023-04-05 11:30:00-04:00,17.0,17.3799991607666,17.0,17.139999389648438,11969,0.0,0.0
2023-04-05 12:30:00-04:00,17.170000076293945,17.5,17.13010025024414,17.5,7653,0.0,0.0
2023-04-05 13:30:00-04:00,17.489999771118164,17.545000076293945,17.030000686645508,17.173999786376953,17792,0.0,0.0
2023-04-05 14:30:00-04:00,17.225000381469727,17.260000228881836,17.071699142456055,17.071699142456055,8659,0.0,0.0
2023-04-05 15:30:00-04:00,17.18000030517578,17.270000457763672,17.110000610351562,17.110000610351562,16581,0.0,0.0
2023-04-06 09:30:00-04:00,17.040000915527344,17.040000915527344,16.756500244140625,16.756500244140625,8339,0.0,0.0
2023-04-06 10:30:00-04:00,16.878000259399414,16.8799991607666,16.65999984741211,16.65999984741211,4533,0.0,0.0
2023-04-06 11:30:00-04:00,16.7549991607666,16.8700008392334,16.75,16.8700008392334,1965,0.0,0.0
2023-04-06 12:30:00-04:00,16.852100372314453,17.040000915527344,16.660999298095703,16.774099349975586,8577,0.0,0.0
2023-04-06 13:30:00-04:00,16.68000030517578,16.739999771118164,16.6200008392334,16.6200008392334,3471,0.0,0.0
2023-04-06 14:30:00-04:00,16.649999618530273,16.690000534057617,16.549999237060547,16.56999969482422,3080,0.0,0.0
2023-04-06 15:30:00-04:00,16.578800201416016,16.649999618530273,16.5,16.5,10942,0.0,0.0
2023-04-10 09:30:00-04:00,16.670000076293945,16.93000030517578,16.549999237060547,16.690099716186523,7238,0.0,0.0
2023-04-10 10:30:00-04:00,16.84980010986328,17.06999969482422,16.797000885009766,16.81999969482422,5942,0.0,0.0
2023-04-10 11:30:00-04:00,16.93000030517578,16.93000030517578,16.737899780273438,16.84670066833496,3059,0.0,0.0
2023-04-10 12:30:00-04:00,16.670000076293945,16.795000076293945,16.639999389648438,16.790000915527344,880,0.0,0.0
2023-04-10 13:30:00-04:00,16.56999969482422,16.979999542236328,16.540000915527344,16.75,4843,0.0,0.0
2023-04-10 14:30:00-04:00,16.670000076293945,16.795000076293945,16.670000076293945,16.795000076293945,989,0.0,0.0
2023-04-10 15:30:00-04:00,16.709999084472656,16.950000762939453,16.709999084472656,16.81999969482422,4745,0.0,0.0
2023-04-11 09:30:00-04:00,16.8799991607666,16.8799991607666,16.8799991607666,16.8799991607666,489,0.0,0.0
2023-04-11 10:30:00-04:00,17.079999923706055,17.079999923706055,17.079999923706055,17.079999923706055,131,0.0,0.0
2023-04-11 11:30:00-04:00,16.979999542236328,17.049999237060547,16.920000076293945,16.920000076293945,3608,0.0,0.0
2023-04-11 12:30:00-04:00,16.864999771118164,17.049999237060547,16.75,17.0,14130,0.0,0.0
2023-04-11 13:30:00-04:00,17.049999237060547,17.049999237060547,16.860000610351562,16.96500015258789,8864,0.0,0.0
2023-04-11 14:30:00-04:00,16.975000381469727,17.0,16.917600631713867,16.920000076293945,1634,0.0,0.0
2023-04-11 15:30:00-04:00,16.90999984741211,17.0,16.719999313354492,16.8700008392334,22239,0.0,0.0
2023-04-12 09:30:00-04:00,17.0,17.0,16.649999618530273,16.649999618530273,2668,0.0,0.0
2023-04-12 10:30:00-04:00,16.690000534057617,16.74570083618164,16.530000686645508,16.530000686645508,3372,0.0,0.0
2023-04-12 11:30:00-04:00,16.600000381469727,16.7450008392334,16.530000686645508,16.65999984741211,3518,0.0,0.0
2023-04-12 12:30:00-04:00,16.649999618530273,16.8799991607666,16.649999618530273,16.850000381469727,10772,0.0,0.0
2023-04-12 13:30:00-04:00,16.799999237060547,17.0,16.75,17.0,10100,0.0,0.0
2023-04-12 14:30:00-04:00,16.950000762939453,17.0,16.549999237060547,16.56999969482422,8114,0.0,0.0
2023-04-12 15:30:00-04:00,16.579999923706055,16.66830062866211,16.489999771118164,16.639999389648438,12096,0.0,0.0
2023-04-13 09:30:00-04:00,16.729999542236328,17.0,16.6299991607666,16.8700008392334,9275,0.0,0.0
2023-04-13 10:30:00-04:00,16.815000534057617,16.815000534057617,16.68000030517578,16.700000762939453,1825,0.0,0.0
2023-04-13 11:30:00-04:00,16.75,16.8700008392334,16.691099166870117,16.691099166870117,1285,0.0,0.0
2023-04-13 12:30:00-04:00,16.75,16.822900772094727,16.75,16.75,571,0.0,0.0
2023-04-13 13:30:00-04:00,16.799999237060547,17.040000915527344,16.770000457763672,16.850000381469727,14283,0.0,0.0
2023-04-13 14:30:00-04:00,16.850000381469727,16.857500076293945,16.649999618530273,16.729999542236328,12444,0.0,0.0
2023-04-13 15:30:00-04:00,16.7731990814209,16.779699325561523,16.549999237060547,16.700000762939453,13142,0.0,0.0
2023-04-14 09:30:00-04:00,16.850000381469727,16.969900131225586,16.52989959716797,16.52989959716797,2625,0.0,0.0
2023-04-14 10:30:00-04:00,16.549999237060547,16.549999237060547,16.400100708007812,16.438199996948242,2262,0.0,0.0
2023-04-14 11:30:00-04:00,16.540000915527344,16.614999771118164,16.440000534057617,16.469999313354492,6792,0.0,0.0
2023-04-14 12:30:00-04:00,16.542499542236328,16.542499542236328,16.440000534057617,16.440000534057617,2860,0.0,0.0
2023-04-14 13:30:00-04:00,16.399999618530273,16.450000762939453,16.363100051879883,16.363100051879883,8795,0.0,0.0
2023-04-14 14:30:00-04:00,16.450000762939453,16.49329948425293,16.40999984741211,16.49329948425293,6893,0.0,0.0
2023-04-14 15:30:00-04:00,16.43000030517578,16.489999771118164,16.43000030517578,16.440000534057617,3357,0.0,0.0
2023-04-17 09:30:00-04:00,16.469999313354492,16.469999313354492,16.25,16.25,0,0.0,0.0
2023-04-17 10:30:00-04:00,16.299999237060547,16.299999237060547,16.040000915527344,16.040000915527344,19353,0.0,0.0
2023-04-17 11:30:00-04:00,16.166000366210938,16.200000762939453,16.040000915527344,16.100000381469727,12676,0.0,0.0
2023-04-17 12:30:00-04:00,16.114999771118164,16.239999771118164,16.114999771118164,16.209299087524414,3417,0.0,0.0
2023-04-17 13:30:00-04:00,16.229999542236328,16.25,16.229999542236328,16.25,677,0.0,0.0
2023-04-17 14:30:00-04:00,16.25,16.31999969482422,16.25,16.31999969482422,846,0.0,0.0
2023-04-17 15:30:00-04:00,16.250099182128906,16.420000076293945,16.250099182128906,16.350000381469727,12716,0.0,0.0
2023-04-18 09:30:00-04:00,16.5,16.530000686645508,16.15999984741211,16.440000534057617,0,0.0,0.0
2023-04-18 10:30:00-04:00,16.615999221801758,16.780000686645508,16.559999465942383,16.6299991607666,10786,0.0,0.0
2023-04-18 11:30:00-04:00,16.6200008392334,16.8700008392334,16.6200008392334,16.8700008392334,1930,0.0,0.0
2023-04-18 12:30:00-04:00,16.854999542236328,16.920000076293945,16.690000534057617,16.690000534057617,527,0.0,0.0
2023-04-18 13:30:00-04:00,16.809999465942383,16.809999465942383,16.510000228881836,16.539600372314453,18097,0.0,0.0
2023-04-18 14:30:00-04:00,16.600000381469727,16.600000381469727,16.559999465942383,16.559999465942383,2210,0.0,0.0
2023-04-18 15:30:00-04:00,16.559999465942383,16.610000610351562,16.5,16.56999969482422,2919,0.0,0.0
2023-04-19 09:30:00-04:00,16.610000610351562,16.790000915527344,16.549999237060547,16.575000762939453,0,0.0,0.0
2023-04-19 10:30:00-04:00,16.600000381469727,16.600000381469727,16.579999923706055,16.584999084472656,1442,0.0,0.0
2023-04-19 11:30:00-04:00,16.56999969482422,16.61989974975586,16.510000228881836,16.61989974975586,4418,0.0,0.0
2023-04-19 12:30:00-04:00,16.5,16.610000610351562,16.5,16.610000610351562,1511,0.0,0.0
2023-04-19 14:30:00-04:00,16.65999984741211,16.65999984741211,16.614999771118164,16.614999771118164,10439,0.0,0.0
2023-04-19 15:30:00-04:00,16.639999389648438,16.729999542236328,16.6200008392334,16.639999389648438,9157,0.0,0.0
2023-04-20 09:30:00-04:00,16.6299991607666,16.770000457763672,16.6299991607666,16.6299991607666,1398,0.0,0.0
2023-04-20 10:30:00-04:00,16.66010093688965,16.66010093688965,16.290000915527344,16.415199279785156,18254,0.0,0.0
2023-04-20 11:30:00-04:00,16.510000228881836,16.514999389648438,16.3799991607666,16.3799991607666,4587,0.0,0.0
2023-04-20 12:30:00-04:00,16.463199615478516,16.56999969482422,16.463199615478516,16.549999237060547,3879,0.0,0.0
2023-04-20 13:30:00-04:00,16.649999618530273,16.649999618530273,16.440000534057617,16.489999771118164,30415,0.0,0.0
2023-04-20 14:30:00-04:00,16.440000534057617,16.610000610351562,16.399999618530273,16.610000610351562,8457,0.0,0.0
2023-04-20 15:30:00-04:00,16.69499969482422,16.719999313354492,16.520000457763672,16.709999084472656,4736,0.0,0.0
2023-04-21 09:30:00-04:00,16.649999618530273,16.649999618530273,16.600000381469727,16.600000381469727,7657,0.0,0.0
2023-04-21 10:30:00-04:00,16.600000381469727,16.65999984741211,16.579999923706055,16.640199661254883,6686,0.0,0.0
2023-04-21 11:30:00-04:00,16.739999771118164,16.75,16.639999389648438,16.682600021362305,3723,0.0,0.0
2023-04-21 12:30:00-04:00,16.690000534057617,16.690000534057617,16.68000030517578,16.68000030517578,634,0.0,0.0
2023-04-21 13:30:00-04:00,16.700000762939453,16.735000610351562,16.65999984741211,16.735000610351562,2453,0.0,0.0
2023-04-21 14:30:00-04:00,16.680099487304688,16.680099487304688,16.680099487304688,16.680099487304688,500,0.0,0.0
2023-04-21 15:30:00-04:00,16.719999313354492,16.780000686645508,16.68000030517578,16.780000686645508,5820,0.0,0.0
2023-04-24 09:30:00-04:00,16.6299991607666,16.93000030517578,16.6299991607666,16.799999237060547,4788,0.0,0.0
2023-04-24 10:30:00-04:00,16.850000381469727,16.929899215698242,16.739999771118164,16.810100555419922,9739,0.0,0.0
2023-04-24 11:30:00-04:00,16.899900436401367,17.0,16.899900436401367,16.989999771118164,4778,0.0,0.0
2023-04-24 12:30:00-04:00,16.989999771118164,17.170000076293945,16.899999618530273,17.110000610351562,9981,0.0,0.0
2023-04-24 13:30:00-04:00,17.212099075317383,17.219900131225586,17.122499465942383,17.122499465942383,621,0.0,0.0
2023-04-24 14:30:00-04:00,17.155000686645508,17.190200805664062,17.155000686645508,17.190200805664062,715,0.0,0.0
2023-04-24 15:30:00-04:00,17.030000686645508,17.059999465942383,16.81999969482422,16.8799991607666,6626,0.0,0.0
2023-04-25 09:30:00-04:00,17.280000686645508,17.280000686645508,16.84000015258789,17.100000381469727,31787,0.0,0.0
2023-04-25 10:30:00-04:00,17.170000076293945,17.170000076293945,16.822999954223633,17.020000457763672,10673,0.0,0.0
2023-04-25 11:30:00-04:00,16.934999465942383,17.31999969482422,16.860000610351562,17.31999969482422,22669,0.0,0.0
2023-04-25 12:30:00-04:00,17.395000457763672,17.429899215698242,17.1299991607666,17.174999237060547,19838,0.0,0.0
2023-04-25 13:30:00-04:00,17.1299991607666,17.350000381469727,17.1200008392334,17.260000228881836,12586,0.0,0.0
2023-04-25 14:30:00-04:00,17.17009925842285,17.499900817871094,17.17009925842285,17.43000030517578,4957,0.0,0.0
2023-04-25 15:30:00-04:00,17.440000534057617,17.510000228881836,17.3700008392334,17.510000228881836,13448,0.0,0.0
2023-04-26 09:30:00-04:00,17.25,17.6200008392334,17.25,17.40999984741211,8129,0.0,0.0
2023-04-26 10:30:00-04:00,17.399999618530273,17.700000762939453,17.399999618530273,17.700000762939453,4014,0.0,0.0
2023-04-26 11:30:00-04:00,17.697999954223633,17.809999465942383,17.600000381469727,17.809999465942383,9481,0.0,0.0
2023-04-26 12:30:00-04:00,17.808000564575195,18.0,17.729999542236328,17.989999771118164,11881,0.0,0.0
2023-04-26 13:30:00-04:00,17.950000762939453,18.139999389648438,17.890100479125977,18.065000534057617,16191,0.0,0.0
2023-04-26 14:30:00-04:00,18.094999313354492,18.149999618530273,17.90999984741211,18.139999389648438,41426,0.0,0.0
2023-04-26 15:30:00-04:00,18.1299991607666,18.18000030517578,17.950700759887695,17.989999771118164,35586,0.0,0.0
2023-04-27 09:30:00-04:00,18.09000015258789,18.214399337768555,17.790000915527344,17.90999984741211,8017,0.0,0.0
2023-04-27 10:30:00-04:00,17.989999771118164,18.14459991455078,17.90999984741211,17.920000076293945,15874,0.0,0.0
2023-04-27 11:30:00-04:00,18.030000686645508,18.030000686645508,17.850000381469727,17.989999771118164,10480,0.0,0.0
2023-04-27 12:30:00-04:00,17.969999313354492,18.030000686645508,17.950000762939453,17.959999084472656,12100,0.0,0.0
2023-04-27 13:30:00-04:00,17.850000381469727,17.989999771118164,17.75,17.850000381469727,18222,0.0,0.0
2023-04-27 14:30:00-04:00,17.864999771118164,17.899900436401367,17.670000076293945,17.770000457763672,12656,0.0,0.0
2023-04-27 15:30:00-04:00,17.770000457763672,17.850000381469727,17.739999771118164,17.739999771118164,12685,0.0,0.0
2023-04-28 09:30:00-04:00,17.68000030517578,17.84000015258789,17.635000228881836,17.635000228881836,2462,0.0,0.0
2023-04-28 10:30:00-04:00,17.530000686645508,17.530000686645508,17.420000076293945,17.465999603271484,1212,0.0,0.0
2023-04-28 11:30:00-04:00,17.56999969482422,17.600000381469727,17.3799991607666,17.600000381469727,3622,0.0,0.0
2023-04-28 12:30:00-04:00,17.440099716186523,17.690000534057617,17.440099716186523,17.549999237060547,8072,0.0,0.0
2023-04-28 13:30:00-04:00,17.450000762939453,17.520000457763672,17.350000381469727,17.40999984741211,4896,0.0,0.0
2023-04-28 14:30:00-04:00,17.399999618530273,17.545000076293945,17.329999923706055,17.459999084472656,16180,0.0,0.0
2023-04-28 15:30:00-04:00,17.46190071105957,17.75,17.354999542236328,17.75,3891,0.0,0.0
2023-05-01 09:30:00-04:00,17.329999923706055,17.719999313354492,17.079999923706055,17.140100479125977,6963,0.0,0.0
2023-05-01 10:30:00-04:00,17.149999618530273,17.469999313354492,17.1299991607666,17.399999618530273,5030,0.0,0.0
2023-05-01 11:30:00-04:00,17.399999618530273,17.399999618530273,17.299999237060547,17.299999237060547,3397,0.0,0.0
2023-05-01 12:30:00-04:00,17.34000015258789,17.34000015258789,17.139999389648438,17.139999389648438,4847,0.0,0.0
2023-05-01 13:30:00-04:00,17.139999389648438,17.239999771118164,17.06999969482422,17.139999389648438,3838,0.0,0.0
2023-05-01 14:30:00-04:00,17.229999542236328,17.229999542236328,17.22170066833496,17.22170066833496,1478,0.0,0.0
2023-05-01 15:30:00-04:00,17.145000457763672,17.145000457763672,17.079999923706055,17.09000015258789,1777,0.0,0.0
2023-05-02 09:30:00-04:00,17.010000228881836,17.1427001953125,16.6299991607666,16.6299991607666,14034,0.0,0.0
2023-05-02 10:30:00-04:00,16.539400100708008,16.559999465942383,16.399999618530273,16.5,14775,0.0,0.0
2023-05-02 11:30:00-04:00,16.559999465942383,16.860000610351562,16.48390007019043,16.84000015258789,4817,0.0,0.0
2023-05-02 12:30:00-04:00,16.719999313354492,17.020000457763672,16.719999313354492,17.020000457763672,4848,0.0,0.0
2023-05-02 13:30:00-04:00,16.90999984741211,17.09000015258789,16.899999618530273,17.010000228881836,6374,0.0,0.0
2023-05-02 14:30:00-04:00,17.010000228881836,17.190000534057617,16.934999465942383,17.06999969482422,17999,0.0,0.0
2023-05-02 15:30:00-04:00,17.0,17.209999084472656,17.0,17.18000030517578,10980,0.0,0.0
2023-05-03 09:30:00-04:00,16.969999313354492,17.299999237060547,16.5,16.5,0,0.0,0.0
2023-05-03 10:30:00-04:00,16.6299991607666,16.989999771118164,16.6299991607666,16.899999618530273,12882,0.0,0.0
2023-05-03 11:30:00-04:00,16.81999969482422,16.89900016784668,16.5,16.889999389648438,25907,0.0,0.0
2023-05-03 12:30:00-04:00,16.770000457763672,16.81999969482422,16.579999923706055,16.809999465942383,28897,0.0,0.0
2023-05-03 13:30:00-04:00,16.760000228881836,16.809999465942383,16.709999084472656,16.770000457763672,16458,0.0,0.0
2023-05-03 14:30:00-04:00,16.709999084472656,16.75,16.600000381469727,16.639999389648438,3825,0.0,0.0
2023-05-03 15:30:00-04:00,16.699899673461914,16.719999313354492,16.450000762939453,16.712499618530273,26403,0.0,0.0
2023-05-04 09:30:00-04:00,16.579999923706055,16.811399459838867,16.190000534057617,16.200000762939453,37165,0.0,0.0
2023-05-04 10:30:00-04:00,16.1299991607666,16.429899215698242,16.020000457763672,16.277099609375,9338,0.0,0.0
2023-05-04 11:30:00-04:00,16.25,16.25,16.040000915527344,16.190000534057617,19979,0.0,0.0
2023-05-04 12:30:00-04:00,16.200000762939453,16.219999313354492,16.040000915527344,16.190000534057617,15652,0.0,0.0
2023-05-04 13:30:00-04:00,16.190000534057617,16.219999313354492,16.079999923706055,16.079999923706055,4864,0.0,0.0
2023-05-04 14:30:00-04:00,16.149999618530273,16.149999618530273,16.049999237060547,16.06439971923828,15490,0.0,0.0
2023-05-04 15:30:00-04:00,16.059999465942383,16.190000534057617,16.020000457763672,16.020000457763672,35744,0.0,0.0
2023-05-05 09:30:00-04:00,17.75,18.25,16.795000076293945,18.0,54077,0.0,0.0
2023-05-05 10:30:00-04:00,18.0,18.1200008392334,17.709999084472656,17.757699966430664,13827,0.0,0.0
2023-05-05 11:30:00-04:00,17.523500442504883,17.75,17.523500442504883,17.690000534057617,17765,0.0,0.0
2023-05-05 12:30:00-04:00,17.670000076293945,17.670000076293945,17.56999969482422,17.56999969482422,3672,0.0,0.0
2023-05-05 13:30:00-04:00,17.55500030517578,17.55500030517578,17.389999389648438,17.389999389648438,6209,0.0,0.0
2023-05-05 14:30:00-04:00,17.3700008392334,17.729999542236328,17.30500030517578,17.65999984741211,11551,0.0,0.0
2023-05-05 15:30:00-04:00,17.673200607299805,17.690000534057617,17.290000915527344,17.43000030517578,16977,0.0,0.0
2023-05-08 09:30:00-04:00,18.110000610351562,18.190000534057617,17.700000762939453,17.84709930419922,23650,0.0,0.0
2023-05-08 10:30:00-04:00,17.81999969482422,18.149999618530273,17.600000381469727,17.649999618530273,41641,0.0,0.0
2023-05-08 11:30:00-04:00,17.6200008392334,17.67970085144043,17.50160026550293,17.61639976501465,11458,0.0,0.0
2023-05-08 12:30:00-04:00,17.56999969482422,17.60540008544922,17.5049991607666,17.5049991607666,5453,0.0,0.0
2023-05-08 13:30:00-04:00,17.510000228881836,17.61440086364746,17.5,17.5049991607666,6103,0.0,0.0
2023-05-08 14:30:00-04:00,17.5049991607666,17.5049991607666,17.405000686645508,17.40999984741211,3577,0.0,0.0
2023-05-08 15:30:00-04:00,17.440000534057617,17.579999923706055,17.400100708007812,17.579999923706055,8285,0.0,0.0
2023-05-09 09:30:00-04:00,17.579999923706055,17.790000915527344,17.25,17.700000762939453,6343,0.0,0.0
2023-05-09 10:30:00-04:00,17.555599212646484,17.555599212646484,17.17009925842285,17.457700729370117,11016,0.0,0.0
2023-05-09 11:30:00-04:00,17.459999084472656,17.6299991607666,17.28499984741211,17.440000534057617,9262,0.0,0.0
2023-05-09 12:30:00-04:00,17.475000381469727,17.695199966430664,17.450000762939453,17.450000762939453,9045,0.0,0.0
2023-05-09 13:30:00-04:00,17.40999984741211,17.549999237060547,17.34000015258789,17.39080047607422,9443,0.0,0.0
2023-05-09 14:30:00-04:00,17.469999313354492,17.5,17.25,17.31999969482422,15456,0.0,0.0
2023-05-09 15:30:00-04:00,17.219999313354492,17.283199310302734,17.059999465942383,17.059999465942383,8469,0.0,0.0
2023-05-10 09:30:00-04:00,17.030000686645508,17.300899505615234,17.030000686645508,17.149999618530273,5663,0.0,0.0
2023-05-10 10:30:00-04:00,17.059999465942383,17.141300201416016,17.059999465942383,17.141300201416016,969,0.0,0.0
2023-05-10 11:30:00-04:00,17.1299991607666,17.1299991607666,17.04010009765625,17.04010009765625,1395,0.0,0.0
2023-05-10 12:30:00-04:00,17.049999237060547,17.15999984741211,17.049999237060547,17.06999969482422,2388,0.0,0.0
2023-05-10 13:30:00-04:00,17.06999969482422,17.229999542236328,17.040000915527344,17.040000915527344,10549,0.0,0.0
2023-05-10 14:30:00-04:00,17.011199951171875,17.040000915527344,16.930099487304688,16.950000762939453,5136,0.0,0.0
2023-05-10 15:30:00-04:00,16.967500686645508,17.0,16.81999969482422,16.847999572753906,11168,0.0,0.0
2023-05-11 09:30:00-04:00,16.799999237060547,17.079999923706055,16.670000076293945,16.670000076293945,0,0.0,0.0
2023-05-11 10:30:00-04:00,16.644899368286133,16.969999313354492,16.644899368286133,16.8799991607666,3524,0.0,0.0
2023-05-11 11:30:00-04:00,16.885000228881836,16.885000228881836,16.729999542236328,16.76449966430664,11839,0.0,0.0
2023-05-11 12:30:00-04:00,16.75,16.790000915527344,16.729999542236328,16.770000457763672,2976,0.0,0.0
2023-05-11 13:30:00-04:00,16.790000915527344,16.989900588989258,16.770000457763672,16.780000686645508,21111,0.0,0.0
2023-05-11 14:30:00-04:00,16.75,16.899900436401367,16.729999542236328,16.740100860595703,5869,0.0,0.0
2023-05-11 15:30:00-04:00,16.760000228881836,16.91990089416504,16.75,16.75,3632,0.0,0.0
2023-05-12 09:30:00-04:00,16.75,17.15999984741211,16.75,17.15999984741211,0,0.0,0.0
2023-05-12 10:30:00-04:00,17.014999389648438,17.149999618530273,16.940000534057617,17.110000610351562,7353,0.0,0.0
2023-05-12 11:30:00-04:00,17.1299991607666,17.1299991607666,16.815000534057617,16.81999969482422,8033,0.0,0.0
2023-05-12 12:30:00-04:00,16.829999923706055,16.860000610351562,16.649999618530273,16.650100708007812,15164,0.0,0.0
2023-05-12 13:30:00-04:00,16.719999313354492,16.84000015258789,16.600000381469727,16.600000381469727,22995,0.0,0.0
2023-05-12 14:30:00-04:00,16.649999618530273,16.795000076293945,16.620100021362305,16.645000457763672,10647,0.0,0.0
2023-05-12 15:30:00-04:00,16.790000915527344,16.790000915527344,16.6200008392334,16.729999542236328,6591,0.0,0.0
2023-05-15 09:30:00-04:00,16.6200008392334,17.059999465942383,16.6200008392334,17.059999465942383,1783,0.0,0.0
2023-05-15 10:30:00-04:00,16.899999618530273,17.0,16.729999542236328,16.79669952392578,6540,0.0,0.0
2023-05-15 11:30:00-04:00,16.739999771118164,16.850000381469727,16.69499969482422,16.730499267578125,3579,0.0,0.0
2023-05-15 12:30:00-04:00,16.75,16.83799934387207,16.735000610351562,16.770000457763672,7808,0.0,0.0
2023-05-15 13:30:00-04:00,16.75,16.819900512695312,16.65999984741211,16.799999237060547,7311,0.0,0.0
2023-05-15 14:30:00-04:00,16.809999465942383,16.809999465942383,16.75,16.767499923706055,4989,0.0,0.0
2023-05-15 15:30:00-04:00,16.75,16.790000915527344,16.690000534057617,16.719999313354492,14911,0.0,0.0
2023-05-16 09:30:00-04:00,16.600000381469727,16.75,16.600000381469727,16.712099075317383,0,0.0,0.0
2023-05-16 10:30:00-04:00,16.635000228881836,16.68000030517578,16.520000457763672,16.6200008392334,4468,0.0,0.0
2023-05-16 11:30:00-04:00,16.639999389648438,16.639999389648438,16.399999618530273,16.399999618530273,8719,0.0,0.0
2023-05-16 12:30:00-04:00,16.399999618530273,16.469999313354492,16.3799991607666,16.3799991607666,3029,0.0,0.0
2023-05-16 13:30:00-04:00,16.360000610351562,16.399999618530273,16.344999313354492,16.399999618530273,1237,0.0,0.0
2023-05-16 14:30:00-04:00,16.350000381469727,16.479999542236328,16.34000015258789,16.469999313354492,6662,0.0,0.0
2023-05-16 15:30:00-04:00,16.420000076293945,17.020000457763672,16.40999984741211,17.020000457763672,44822,0.0,0.0
2023-05-17 09:30:00-04:00,16.799999237060547,16.89579963684082,16.79010009765625,16.89579963684082,0,0.0,0.0
2023-05-17 10:30:00-04:00,16.770299911499023,16.810300827026367,16.770299911499023,16.810300827026367,325,0.0,0.0
2023-05-17 11:30:00-04:00,16.559999465942383,16.844999313354492,16.559999465942383,16.809999465942383,1952,0.0,0.0
2023-05-17 12:30:00-04:00,16.80500030517578,17.0,16.80500030517578,17.0,1240,0.0,0.0
2023-05-17 13:30:00-04:00,17.06999969482422,17.06999969482422,16.979999542236328,17.065000534057617,3013,0.0,0.0
2023-05-17 14:30:00-04:00,17.139999389648438,17.139999389648438,16.989999771118164,17.020000457763672,4367,0.0,0.0
2023-05-17 15:30:00-04:00,16.957199096679688,17.030899047851562,16.950000762939453,16.989999771118164,4723,0.0,0.0
2023-05-18 09:30:00-04:00,16.989999771118164,17.1299991607666,16.83009910583496,17.049999237060547,0,0.0,0.0
2023-05-18 10:30:00-04:00,16.969999313354492,16.985000610351562,16.780000686645508,16.780000686645508,6808,0.0,0.0
2023-05-18 11:30:00-04:00,16.84000015258789,16.848100662231445,16.700599670410156,16.76650047302246,3395,0.0,0.0
2023-05-18 12:30:00-04:00,16.709999084472656,16.806699752807617,16.709999084472656,16.725000381469727,823,0.0,0.0
2023-05-18 13:30:00-04:00,16.700000762939453,16.749900817871094,16.549999237060547,16.657800674438477,11370,0.0,0.0
2023-05-18 14:30:00-04:00,16.584999084472656,16.681900024414062,16.579999923706055,16.681900024414062,2376,0.0,0.0
2023-05-18 15:30:00-04:00,16.600000381469727,16.65999984741211,16.510000228881836,16.59000015258789,10444,0.0,0.0
2023-05-19 09:30:00-04:00,16.59000015258789,16.799999237060547,16.59000015258789,16.729999542236328,4331,0.0,0.0
2023-05-19 10:30:00-04:00,16.81100082397461,16.81100082397461,16.780000686645508,16.780000686645508,1527,0.0,0.0
2023-05-19 11:30:00-04:00,16.6200008392334,16.864999771118164,16.600000381469727,16.854999542236328,8805,0.0,0.0
2023-05-19 12:30:00-04:00,16.75,16.950000762939453,16.670000076293945,16.950000762939453,1614,0.0,0.0
2023-05-19 13:30:00-04:00,16.90999984741211,16.950000762939453,16.73069953918457,16.889999389648438,6025,0.0,0.0
2023-05-19 14:30:00-04:00,16.889999389648438,16.979999542236328,16.830799102783203,16.885000228881836,14001,0.0,0.0
2023-05-19 15:30:00-04:00,16.93000030517578,16.93000030517578,16.649999618530273,16.700000762939453,23644,0.0,0.0
2023-05-22 09:30:00-04:00,16.719999313354492,16.734800338745117,16.664899826049805,16.68000030517578,2455,0.0,0.0
2023-05-22 10:30:00-04:00,16.779199600219727,16.82990074157715,16.59000015258789,16.82990074157715,14037,0.0,0.0
2023-05-22 11:30:00-04:00,16.729999542236328,16.815799713134766,16.709999084472656,16.815799713134766,1801,0.0,0.0
2023-05-22 12:30:00-04:00,16.767499923706055,16.767499923706055,16.739999771118164,16.739999771118164,1901,0.0,0.0
2023-05-22 13:30:00-04:00,16.729999542236328,16.780000686645508,16.604999542236328,16.729999542236328,10227,0.0,0.0
2023-05-22 14:30:00-04:00,16.604999542236328,16.69499969482422,16.604999542236328,16.69499969482422,910,0.0,0.0
2023-05-22 15:30:00-04:00,16.65999984741211,16.65999984741211,16.3799991607666,16.3799991607666,21179,0.0,0.0
2023-05-23 09:30:00-04:00,16.309999465942383,16.639999389648438,16.309999465942383,16.514999389648438,1963,0.0,0.0
2023-05-23 10:30:00-04:00,16.469999313354492,16.539899826049805,16.399999618530273,16.539899826049805,5443,0.0,0.0
2023-05-23 11:30:00-04:00,16.559999465942383,16.635000228881836,16.500099182128906,16.500099182128906,2464,0.0,0.0
2023-05-23 12:30:00-04:00,16.540000915527344,16.540000915527344,16.540000915527344,16.540000915527344,457,0.0,0.0
2023-05-23 13:30:00-04:00,16.600000381469727,16.68000030517578,16.5,16.59000015258789,10006,0.0,0.0
2023-05-23 14:30:00-04:00,16.559999465942383,16.760000228881836,16.459999084472656,16.670000076293945,15590,0.0,0.0
2023-05-23 15:30:00-04:00,16.673099517822266,16.684999465942383,16.600000381469727,16.600000381469727,5914,0.0,0.0
2023-05-24 09:30:00-04:00,16.5,16.790000915527344,16.450000762939453,16.496999740600586,0,0.0,0.0
2023-05-24 10:30:00-04:00,16.510000228881836,16.528799057006836,16.479999542236328,16.528799057006836,1265,0.0,0.0
2023-05-24 11:30:00-04:00,16.5,16.500099182128906,16.469999313354492,16.469999313354492,3239,0.0,0.0
2023-05-24 12:30:00-04:00,16.469999313354492,16.5,16.15999984741211,16.200000762939453,10306,0.0,0.0
2023-05-24 13:30:00-04:00,16.209999084472656,16.25,16.209999084472656,16.239999771118164,6682,0.0,0.0
2023-05-24 14:30:00-04:00,16.239999771118164,16.259899139404297,16.0531005859375,16.0531005859375,72951,0.0,0.0
2023-05-24 15:30:00-04:00,16.075000762939453,16.18000030517578,16.040000915527344,16.06999969482422,62263,0.0,0.0
2023-05-25 09:30:00-04:00,16.049999237060547,16.395000457763672,16.049999237060547,16.049999237060547,0,0.0,0.0
2023-05-25 10:30:00-04:00,16.100000381469727,16.15999984741211,16.030000686645508,16.139999389648438,44290,0.0,0.0
2023-05-25 11:30:00-04:00,16.049999237060547,16.084999084472656,16.030000686645508,16.065000534057617,128100,0.0,0.0
2023-05-25 12:30:00-04:00,16.06999969482422,16.06999969482422,16.049999237060547,16.065000534057617,4488,0.0,0.0
2023-05-25 13:30:00-04:00,16.06879997253418,16.09000015258789,15.770000457763672,15.989999771118164,38162,0.0,0.0
2023-05-25 14:30:00-04:00,15.970000267028809,16.05500030517578,15.75,15.8149995803833,40407,0.0,0.0
2023-05-25 15:30:00-04:00,15.869999885559082,15.949999809265137,15.5600004196167,15.899999618530273,18806,0.0,0.0
2023-05-26 09:30:00-04:00,16.0,16.614999771118164,16.0,16.549999237060547,0,0.0,0.0
2023-05-26 10:30:00-04:00,16.57080078125,16.600000381469727,16.25,16.489999771118164,20449,0.0,0.0
2023-05-26 11:30:00-04:00,16.43000030517578,16.809999465942383,16.43000030517578,16.809999465942383,37112,0.0,0.0
2023-05-26 12:30:00-04:00,16.780000686645508,16.84000015258789,16.718900680541992,16.799999237060547,32252,0.0,0.0
2023-05-26 13:30:00-04:00,16.799999237060547,16.834999084472656,16.709999084472656,16.75,19440,0.0,0.0
2023-05-26 14:30:00-04:00,16.73200035095215,16.7992000579834,16.619800567626953,16.6200008392334,18716,0.0,0.0
2023-05-26 15:30:00-04:00,16.622699737548828,16.622699737548828,16.479999542236328,16.59000015258789,14129,0.0,0.0
2023-05-30 09:30:00-04:00,16.549999237060547,16.549999237060547,15.989999771118164,15.989999771118164,31122,0.0,0.0
2023-05-30 10:30:00-04:00,15.989999771118164,16.229999542236328,15.850000381469727,16.219999313354492,18348,0.0,0.0
2023-05-30 11:30:00-04:00,16.114999771118164,16.114999771118164,15.800000190734863,15.859999656677246,7641,0.0,0.0
2023-05-30 12:30:00-04:00,15.9350004196167,15.973199844360352,15.800000190734863,15.850000381469727,14698,0.0,0.0
2023-05-30 13:30:00-04:00,15.800000190734863,15.850000381469727,15.710000038146973,15.770000457763672,20976,0.0,0.0
2023-05-30 14:30:00-04:00,15.75,15.850000381469727,15.649999618530273,15.8149995803833,23856,0.0,0.0
2023-05-30 15:30:00-04:00,15.8149995803833,15.829999923706055,15.6899995803833,15.770000457763672,24265,0.0,0.0
2023-05-31 09:30:00-04:00,15.699999809265137,15.845000267028809,15.649999618530273,15.649999618530273,0,0.0,0.0
2023-05-31 10:30:00-04:00,15.850000381469727,15.850000381469727,15.65999984741211,15.850000381469727,6322,0.0,0.0
2023-05-31 11:30:00-04:00,15.720000267028809,15.720000267028809,15.529999732971191,15.60569953918457,19254,0.0,0.0
2023-05-31 12:30:00-04:00,15.569999694824219,15.75,15.5600004196167,15.680000305175781,14852,0.0,0.0
2023-05-31 13:30:00-04:00,15.762499809265137,15.8100004196167,15.680000305175781,15.680000305175781,9547,0.0,0.0
2023-05-31 14:30:00-04:00,15.744999885559082,15.765000343322754,15.680000305175781,15.680000305175781,15647,0.0,0.0
2023-05-31 15:30:00-04:00,15.680000305175781,15.729999542236328,15.649999618530273,15.6899995803833,13951,0.0,0.0
2023-06-01 09:30:00-04:00,15.770000457763672,15.869999885559082,15.520000457763672,15.75,2617,0.0,0.0
2023-06-01 10:30:00-04:00,15.687999725341797,15.720000267028809,15.685199737548828,15.699999809265137,10841,0.0,0.0
2023-06-01 11:30:00-04:00,15.800000190734863,15.819999694824219,15.789999961853027,15.819999694824219,9823,0.0,0.0
2023-06-01 12:30:00-04:00,15.8100004196167,15.819999694824219,15.736499786376953,15.760000228881836,6747,0.0,0.0
2023-06-01 13:30:00-04:00,15.775300025939941,15.8100004196167,15.774999618530273,15.8100004196167,9920,0.0,0.0
2023-06-01 14:30:00-04:00,15.8100004196167,15.8100004196167,15.59000015258789,15.619999885559082,15966,0.0,0.0
2023-06-01 15:30:00-04:00,15.630000114440918,15.712200164794922,15.609999656677246,15.670000076293945,8042,0.0,0.0
2023-06-02 09:30:00-04:00,15.800000190734863,15.975000381469727,15.720000267028809,15.800000190734863,0,0.0,0.0
2023-06-02 10:30:00-04:00,15.770000457763672,15.86989974975586,15.75,15.84000015258789,11621,0.0,0.0
2023-06-02 11:30:00-04:00,15.854999542236328,15.869999885559082,15.75,15.800000190734863,21675,0.0,0.0
2023-06-02 12:30:00-04:00,15.84000015258789,15.850000381469727,15.789999961853027,15.850000381469727,5779,0.0,0.0
2023-06-02 13:30:00-04:00,15.9399995803833,16.05500030517578,15.890000343322754,15.994999885559082,6048,0.0,0.0
2023-06-02 14:30:00-04:00,15.954999923706055,15.96500015258789,15.800000190734863,15.920000076293945,13827,0.0,0.0
2023-06-02 15:30:00-04:00,15.850000381469727,15.899999618530273,15.800000190734863,15.850000381469727,11335,0.0,0.0
2023-06-05 09:30:00-04:00,16.309999465942383,16.399900436401367,16.049999237060547,16.219900131225586,13227,0.0,0.0
2023-06-05 10:30:00-04:00,15.982099533081055,16.06999969482422,15.880000114440918,15.890000343322754,22887,0.0,0.0
2023-06-05 11:30:00-04:00,15.954999923706055,16.200000762939453,15.890000343322754,16.149999618530273,44657,0.0,0.0
2023-06-05 12:30:00-04:00,16.149999618530273,16.44969940185547,16.139999389648438,16.3700008392334,13692,0.0,0.0
2023-06-05 13:30:00-04:00,16.371299743652344,16.371299743652344,16.09000015258789,16.122800827026367,10047,0.0,0.0
2023-06-05 14:30:00-04:00,16.075000762939453,16.170000076293945,16.075000762939453,16.12070083618164,14147,0.0,0.0
2023-06-05 15:30:00-04:00,16.1200008392334,16.239999771118164,16.1200008392334,16.15999984741211,31639,0.0,0.0
2023-06-06 09:30:00-04:00,16.139999389648438,16.235000610351562,16.1299991607666,16.235000610351562,4324,0.0,0.0
2023-06-06 10:30:00-04:00,16.270000457763672,16.270000457763672,16.045000076293945,16.049999237060547,15664,0.0,0.0
2023-06-06 11:30:00-04:00,16.088499069213867,16.115999221801758,15.880000114440918,15.890000343322754,9024,0.0,0.0
2023-06-06 12:30:00-04:00,15.957099914550781,15.994999885559082,15.90999984741211,15.90999984741211,1674,0.0,0.0
2023-06-06 13:30:00-04:00,15.96500015258789,16.02989959716797,15.770000457763672,15.770000457763672,28526,0.0,0.0
2023-06-06 14:30:00-04:00,15.75,16.170000076293945,15.720000267028809,16.030000686645508,45469,0.0,0.0
2023-06-06 15:30:00-04:00,16.291900634765625,16.458499908447266,16.09000015258789,16.350000381469727,47244,0.0,0.0
2023-06-07 09:30:00-04:00,16.260000228881836,16.479900360107422,16.239999771118164,16.479900360107422,11680,0.0,0.0
2023-06-07 10:30:00-04:00,16.270000457763672,16.354999542236328,16.100000381469727,16.233699798583984,34698,0.0,0.0
2023-06-07 11:30:00-04:00,16.25,16.329999923706055,16.235000610351562,16.299999237060547,27036,0.0,0.0
2023-06-07 12:30:00-04:00,16.31999969482422,16.329999923706055,16.239999771118164,16.290000915527344,15225,0.0,0.0
2023-06-07 13:30:00-04:00,16.210100173950195,16.329999923706055,16.171300888061523,16.329999923706055,27063,0.0,0.0
2023-06-07 14:30:00-04:00,16.329999923706055,16.479999542236328,16.299999237060547,16.358800888061523,22252,0.0,0.0
2023-06-07 15:30:00-04:00,16.34000015258789,16.34000015258789,16.170000076293945,16.209999084472656,13364,0.0,0.0
2023-06-08 09:30:00-04:00,16.280000686645508,16.329999923706055,16.040000915527344,16.1200008392334,5585,0.0,0.0
2023-06-08 10:30:00-04:00,16.059999465942383,16.128000259399414,16.0,16.0,5170,0.0,0.0
2023-06-08 11:30:00-04:00,16.049999237060547,16.191600799560547,16.030000686645508,16.191600799560547,18466,0.0,0.0
2023-06-08 12:30:00-04:00,16.149999618530273,16.190000534057617,16.11090087890625,16.170000076293945,6843,0.0,0.0
2023-06-08 13:30:00-04:00,16.18000030517578,16.225000381469727,16.18000030517578,16.219999313354492,3853,0.0,0.0
2023-06-08 14:30:00-04:00,16.190000534057617,16.235000610351562,16.0,16.0,23177,0.0,0.0
2023-06-08 15:30:00-04:00,16.0,16.079999923706055,15.949999809265137,16.0,17600,0.0,0.0
2023-06-09 09:30:00-04:00,15.880000114440918,16.395000457763672,15.880000114440918,16.110000610351562,8550,0.0,0.0
2023-06-09 10:30:00-04:00,16.150800704956055,16.150800704956055,16.0,16.059999465942383,3576,0.0,0.0
2023-06-09 11:30:00-04:00,16.059999465942383,16.139999389648438,15.90999984741211,16.114999771118164,7589,0.0,0.0
2023-06-09 12:30:00-04:00,16.110000610351562,16.114999771118164,16.020000457763672,16.094999313354492,5048,0.0,0.0
2023-06-09 13:30:00-04:00,16.069900512695312,16.174999237060547,16.040000915527344,16.11590003967285,7670,0.0,0.0
2023-06-09 14:30:00-04:00,16.170000076293945,16.170000076293945,15.899999618530273,15.969900131225586,7501,0.0,0.0
2023-06-09 15:30:00-04:00,15.960000038146973,16.059999465942383,15.960000038146973,16.024999618530273,15271,0.0,0.0
2023-06-12 09:30:00-04:00,16.0,16.149999618530273,16.0,16.06999969482422,13495,0.0,0.0
2023-06-12 10:30:00-04:00,16.079999923706055,16.079999923706055,16.0,16.0,18647,0.0,0.0
2023-06-12 11:30:00-04:00,15.90999984741211,15.90999984741211,15.579999923706055,15.600000381469727,18647,0.0,0.0
2023-06-12 12:30:00-04:00,15.600000381469727,15.680000305175781,15.5,15.53499984741211,17585,0.0,0.0
2023-06-12 13:30:00-04:00,15.53499984741211,15.579099655151367,15.449999809265137,15.5,23138,0.0,0.0
2023-06-12 14:30:00-04:00,15.520000457763672,15.600000381469727,15.449999809265137,15.520000457763672,29508,0.0,0.0
2023-06-12 15:30:00-04:00,15.569999694824219,15.609999656677246,15.520000457763672,15.550000190734863,15137,0.0,0.0
2023-06-13 09:30:00-04:00,15.789999961853027,16.0,15.739999771118164,15.917499542236328,11527,0.0,0.0
2023-06-13 10:30:00-04:00,15.970000267028809,16.0,15.760000228881836,15.760000228881836,5584,0.0,0.0
2023-06-13 11:30:00-04:00,15.800000190734863,15.800000190734863,15.59000015258789,15.59000015258789,15794,0.0,0.0
2023-06-13 12:30:00-04:00,15.59000015258789,15.699999809265137,15.569999694824219,15.600000381469727,15343,0.0,0.0
2023-06-13 13:30:00-04:00,15.632599830627441,15.640000343322754,15.40999984741211,15.479999542236328,37740,0.0,0.0
2023-06-13 14:30:00-04:00,15.475000381469727,15.475000381469727,15.390000343322754,15.4399995803833,36618,0.0,0.0
2023-06-13 15:30:00-04:00,15.4399995803833,15.479999542236328,15.390000343322754,15.390000343322754,33119,0.0,0.0
2023-06-14 09:30:00-04:00,15.84000015258789,15.850000381469727,15.399999618530273,15.420000076293945,18976,0.0,0.0
2023-06-14 10:30:00-04:00,15.430000305175781,15.45989990234375,15.180000305175781,15.220000267028809,53311,0.0,0.0
2023-06-14 11:30:00-04:00,15.319999694824219,15.420000076293945,15.145000457763672,15.210000038146973,18514,0.0,0.0
2023-06-14 12:30:00-04:00,15.199999809265137,15.339900016784668,15.175000190734863,15.210000038146973,10677,0.0,0.0
2023-06-14 13:30:00-04:00,15.180000305175781,15.199999809265137,15.079999923706055,15.130000114440918,21745,0.0,0.0
2023-06-14 14:30:00-04:00,15.180000305175781,15.350000381469727,15.180000305175781,15.28499984741211,6764,0.0,0.0
2023-06-14 15:30:00-04:00,15.329999923706055,15.399999618530273,15.210000038146973,15.270000457763672,19385,0.0,0.0
2023-06-15 09:30:00-04:00,15.300000190734863,15.619999885559082,15.300000190734863,15.397299766540527,3271,0.0,0.0
2023-06-15 10:30:00-04:00,15.479999542236328,15.635000228881836,15.4399995803833,15.569999694824219,20710,0.0,0.0
2023-06-15 11:30:00-04:00,15.5600004196167,15.59000015258789,15.420000076293945,15.470000267028809,6959,0.0,0.0
2023-06-15 12:30:00-04:00,15.494999885559082,15.609999656677246,15.470000267028809,15.470000267028809,7881,0.0,0.0
2023-06-15 13:30:00-04:00,15.458100318908691,15.520000457763672,15.4399995803833,15.520000457763672,5937,0.0,0.0
2023-06-15 14:30:00-04:00,15.515999794006348,15.680000305175781,15.489999771118164,15.593999862670898,7852,0.0,0.0
2023-06-15 15:30:00-04:00,15.6899995803833,15.6899995803833,15.524999618530273,15.550000190734863,15500,0.0,0.0
2023-06-16 09:30:00-04:00,15.699999809265137,15.710000038146973,15.220000267028809,15.3100004196167,0,0.0,0.0
2023-06-16 10:30:00-04:00,15.399999618530273,15.4399995803833,15.319999694824219,15.430000305175781,4058,0.0,0.0
2023-06-16 11:30:00-04:00,15.404999732971191,15.470000267028809,15.289999961853027,15.430000305175781,18624,0.0,0.0
2023-06-16 12:30:00-04:00,15.449999809265137,15.470000267028809,15.359999656677246,15.380000114440918,2634,0.0,0.0
2023-06-16 13:30:00-04:00,15.40999984741211,15.619999885559082,15.380000114440918,15.619999885559082,10640,0.0,0.0
2023-06-16 14:30:00-04:00,15.619999885559082,15.65999984741211,15.529999732971191,15.600000381469727,10604,0.0,0.0
2023-06-16 15:30:00-04:00,15.577400207519531,15.609999656677246,15.510000228881836,15.520000457763672,7069,0.0,0.0
2023-06-20 09:30:00-04:00,15.520000457763672,15.770000457763672,15.390000343322754,15.770000457763672,0,0.0,0.0
2023-06-20 10:30:00-04:00,15.770000457763672,15.989999771118164,15.760000228881836,15.880000114440918,9018,0.0,0.0
2023-06-20 11:30:00-04:00,15.920000076293945,16.199899673461914,15.920000076293945,16.190000534057617,17302,0.0,0.0
2023-06-20 12:30:00-04:00,16.190000534057617,16.190000534057617,15.930000305175781,15.930000305175781,13979,0.0,0.0
2023-06-20 13:30:00-04:00,15.859999656677246,16.009899139404297,15.854999542236328,15.9399995803833,18150,0.0,0.0
2023-06-20 14:30:00-04:00,15.930000305175781,16.030000686645508,15.90999984741211,16.0,6035,0.0,0.0
2023-06-20 15:30:00-04:00,16.0049991607666,16.137500762939453,15.899999618530273,16.0,17178,0.0,0.0
2023-06-21 09:30:00-04:00,15.920000076293945,16.200000762939453,15.760000228881836,16.110000610351562,0,0.0,0.0
2023-06-21 10:30:00-04:00,16.18000030517578,16.1830997467041,16.0231990814209,16.110000610351562,9493,0.0,0.0
2023-06-21 11:30:00-04:00,16.100000381469727,16.229999542236328,16.09160041809082,16.18000030517578,12356,0.0,0.0
2023-06-21 12:30:00-04:00,16.200000762939453,16.25,16.139999389648438,16.239999771118164,9063,0.0,0.0
2023-06-21 13:30:00-04:00,16.25,16.399999618530273,16.194499969482422,16.399999618530273,6624,0.0,0.0
2023-06-21 14:30:00-04:00,16.459999084472656,16.540000915527344,16.360000610351562,16.3700008392334,6973,0.0,0.0
2023-06-21 15:30:00-04:00,16.399999618530273,16.410600662231445,16.149999618530273,16.18000030517578,19683,0.0,0.0
2023-06-22 09:30:00-04:00,16.190000534057617,16.420000076293945,15.6899995803833,15.807100296020508,29830,0.0,0.0
2023-06-22 10:30:00-04:00,15.72599983215332,15.75,15.670100212097168,15.75,3521,0.0,0.0
2023-06-22 11:30:00-04:00,15.7878999710083,15.875,15.7878999710083,15.875,4149,0.0,0.0
2023-06-22 12:30:00-04:00,15.859999656677246,15.90999984741211,15.835000038146973,15.835000038146973,1562,0.0,0.0
2023-06-22 13:30:00-04:00,15.8149995803833,15.890000343322754,15.8149995803833,15.890000343322754,2288,0.0,0.0
2023-06-22 14:30:00-04:00,15.890000343322754,15.899999618530273,15.8100004196167,15.8100004196167,10070,0.0,0.0
2023-06-22 15:30:00-04:00,15.8100004196167,15.830100059509277,15.699999809265137,15.699999809265137,7331,0.0,0.0
2023-06-23 09:30:00-04:00,15.59000015258789,15.75,15.59000015258789,15.6850004196167,10557,0.0,0.0
2023-06-23 10:30:00-04:00,15.733400344848633,15.733400344848633,15.71500015258789,15.729999542236328,946,0.0,0.0
2023-06-23 11:30:00-04:00,15.74209976196289,15.8100004196167,15.725000381469727,15.770000457763672,4570,0.0,0.0
2023-06-23 12:30:00-04:00,15.710000038146973,15.779999732971191,15.677499771118164,15.755000114440918,4799,0.0,0.0
2023-06-23 13:30:00-04:00,15.710000038146973,15.90999984741211,15.710000038146973,15.90999984741211,6666,0.0,0.0
2023-06-23 14:30:00-04:00,15.850000381469727,15.875,15.75,15.819999694824219,10343,0.0,0.0
2023-06-23 15:30:00-04:00,15.819999694824219,15.925000190734863,15.819999694824219,15.864999771118164,5008,0.0,0.0
2023-06-26 09:30:00-04:00,15.949999809265137,16.030000686645508,15.774499893188477,16.0,11898,0.0,0.0
2023-06-26 10:30:00-04:00,16.0,16.170000076293945,15.949999809265137,16.0,6042,0.0,0.0
2023-06-26 11:30:00-04:00,15.895000457763672,15.922100067138672,15.8100004196167,15.859999656677246,1731,0.0,0.0
2023-06-26 12:30:00-04:00,15.8149995803833,15.829999923706055,15.770000457763672,15.829999923706055,3356,0.0,0.0
2023-06-26 13:30:00-04:00,15.890000343322754,16.000999450683594,15.890000343322754,16.000999450683594,6979,0.0,0.0
2023-06-26 14:30:00-04:00,15.9350004196167,15.989999771118164,15.819999694824219,15.989899635314941,17348,0.0,0.0
2023-06-26 15:30:00-04:00,15.970000267028809,15.979999542236328,15.859999656677246,15.920000076293945,10342,0.0,0.0
2023-06-27 09:30:00-04:00,16.049999237060547,16.100000381469727,15.900099754333496,15.90060043334961,2386,0.0,0.0
2023-06-27 10:30:00-04:00,15.920000076293945,16.235000610351562,15.920000076293945,16.235000610351562,8054,0.0,0.0
2023-06-27 11:30:00-04:00,16.239999771118164,16.25,16.170000076293945,16.200000762939453,5069,0.0,0.0
2023-06-27 12:30:00-04:00,16.200000762939453,16.350000381469727,16.200000762939453,16.299999237060547,6449,0.0,0.0
2023-06-27 13:30:00-04:00,16.309999465942383,16.344999313354492,16.139999389648438,16.239999771118164,10209,0.0,0.0
2023-06-27 14:30:00-04:00,16.200000762939453,16.231599807739258,16.084999084472656,16.18000030517578,15686,0.0,0.0
2023-06-27 15:30:00-04:00,16.145000457763672,16.165000915527344,15.90999984741211,15.960000038146973,26452,0.0,0.0
2023-06-28 09:30:00-04:00,15.800000190734863,15.850000381469727,15.800000190734863,15.800000190734863,5944,0.0,0.0
2023-06-28 10:30:00-04:00,15.909899711608887,15.930000305175781,15.84000015258789,15.84000015258789,5353,0.0,0.0
2023-06-28 11:30:00-04:00,15.989999771118164,16.010000228881836,15.869999885559082,15.933899879455566,5852,0.0,0.0
2023-06-28 12:30:00-04:00,15.9399995803833,15.9399995803833,15.890000343322754,15.9399995803833,1454,0.0,0.0
2023-06-28 13:30:00-04:00,15.970000267028809,15.983499526977539,15.970000267028809,15.983499526977539,331,0.0,0.0
2023-06-28 14:30:00-04:00,15.890000343322754,15.899999618530273,15.649999618530273,15.75,24416,0.0,0.0
2023-06-28 15:30:00-04:00,15.75,15.989999771118164,15.748900413513184,15.989999771118164,10419,0.0,0.0
2023-06-29 09:30:00-04:00,15.829999923706055,16.001800537109375,15.829999923706055,15.953499794006348,0,0.0,0.0
2023-06-29 10:30:00-04:00,15.800800323486328,15.899999618530273,15.800800323486328,15.899999618530273,8536,0.0,0.0
2023-06-29 11:30:00-04:00,15.850000381469727,15.899999618530273,15.729999542236328,15.829999923706055,12351,0.0,0.0
2023-06-29 12:30:00-04:00,15.879899978637695,15.880000114440918,15.770000457763672,15.819999694824219,6796,0.0,0.0
2023-06-29 13:30:00-04:00,15.859999656677246,15.859999656677246,15.75,15.760000228881836,11039,0.0,0.0
2023-06-29 14:30:00-04:00,15.787400245666504,15.979700088500977,15.670000076293945,15.914999961853027,8835,0.0,0.0
2023-06-29 15:30:00-04:00,15.90999984741211,15.960000038146973,15.859999656677246,15.960000038146973,4348,0.0,0.0
2023-06-30 09:30:00-04:00,15.9399995803833,15.9399995803833,15.760000228881836,15.770000457763672,0,0.0,0.0
2023-06-30 10:30:00-04:00,15.720000267028809,15.760000228881836,15.609999656677246,15.675000190734863,12814,0.0,0.0
2023-06-30 11:30:00-04:00,15.680700302124023,15.800000190734863,15.670000076293945,15.800000190734863,8393,0.0,0.0
2023-06-30 12:30:00-04:00,15.78499984741211,15.9399995803833,15.780099868774414,15.9399995803833,982,0.0,0.0
2023-06-30 13:30:00-04:00,15.9399995803833,15.9399995803833,15.904899597167969,15.930000305175781,2335,0.0,0.0
2023-06-30 14:30:00-04:00,15.914999961853027,16.049999237060547,15.914999961853027,15.989999771118164,8093,0.0,0.0
2023-06-30 15:30:00-04:00,16.010000228881836,16.049999237060547,15.850000381469727,15.859999656677246,13430,0.0,0.0
2023-07-03 09:30:00-04:00,15.899999618530273,15.899999618530273,15.6899995803833,15.6899995803833,0,0.0,0.0
2023-07-03 10:30:00-04:00,15.649999618530273,15.816499710083008,15.649999618530273,15.710100173950195,7807,0.0,0.0
2023-07-03 11:30:00-04:00,15.770000457763672,15.9399995803833,15.744999885559082,15.779999732971191,2527,0.0,0.0
2023-07-05 09:30:00-04:00,15.800000190734863,15.800000190734863,15.717000007629395,15.717000007629395,0,0.0,0.0
2023-07-05 10:30:00-04:00,15.699999809265137,15.772600173950195,15.699999809265137,15.71500015258789,11375,0.0,0.0
2023-07-05 11:30:00-04:00,15.755000114440918,15.779999732971191,15.609999656677246,15.755000114440918,2471,0.0,0.0
2023-07-05 12:30:00-04:00,15.680100440979004,15.788900375366211,15.680100440979004,15.699999809265137,1018,0.0,0.0
2023-07-05 13:30:00-04:00,15.699999809265137,15.789899826049805,15.699999809265137,15.774999618530273,1656,0.0,0.0
2023-07-05 14:30:00-04:00,15.6899995803833,15.774999618530273,15.609999656677246,15.765000343322754,13229,0.0,0.0
2023-07-05 15:30:00-04:00,15.765000343322754,15.779999732971191,15.680000305175781,15.779999732971191,6294,0.0,0.0
2023-07-06 09:30:00-04:00,15.609999656677246,15.684000015258789,15.449999809265137,15.449999809265137,0,0.0,0.0
2023-07-06 10:30:00-04:00,15.449999809265137,15.569999694824219,15.40999984741211,15.569999694824219,6429,0.0,0.0
2023-07-06 11:30:00-04:00,15.479999542236328,15.639900207519531,15.479999542236328,15.5,2341,0.0,0.0
2023-07-06 12:30:00-04:00,15.595000267028809,15.680000305175781,15.510000228881836,15.65999984741211,4729,0.0,0.0
2023-07-06 13:30:00-04:00,15.619999885559082,15.875,15.614999771118164,15.829999923706055,10661,0.0,0.0
2023-07-06 14:30:00-04:00,15.869999885559082,15.869999885559082,15.729999542236328,15.800000190734863,2195,0.0,0.0
2023-07-06 15:30:00-04:00,15.805000305175781,15.859999656677246,15.744999885559082,15.835000038146973,3989,0.0,0.0
2023-07-07 09:30:00-04:00,15.8100004196167,15.867799758911133,15.705499649047852,15.729999542236328,4461,0.0,0.0
2023-07-07 10:30:00-04:00,15.880000114440918,16.030000686645508,15.805000305175781,15.979999542236328,5351,0.0,0.0
2023-07-07 11:30:00-04:00,15.930000305175781,16.100000381469727,15.930000305175781,16.100000381469727,8012,0.0,0.0
2023-07-07 12:30:00-04:00,16.09000015258789,16.350000381469727,16.06999969482422,16.299999237060547,21769,0.0,0.0
2023-07-07 13:30:00-04:00,16.332500457763672,16.469999313354492,16.010000228881836,16.110000610351562,28325,0.0,0.0
2023-07-07 14:30:00-04:00,16.1200008392334,16.1200008392334,16.030000686645508,16.079999923706055,10234,0.0,0.0
2023-07-07 15:30:00-04:00,16.052900314331055,16.1299991607666,16.052900314331055,16.1299991607666,8274,0.0,0.0
2023-07-10 09:30:00-04:00,16.040000915527344,16.43000030517578,16.0,16.049999237060547,0,0.0,0.0
2023-07-10 10:30:00-04:00,16.020000457763672,16.020000457763672,16.020000457763672,16.020000457763672,324,0.0,0.0
2023-07-10 11:30:00-04:00,16.030000686645508,16.030000686645508,16.0,16.0,1211,0.0,0.0
2023-07-10 12:30:00-04:00,16.030000686645508,16.079999923706055,15.979999542236328,16.079999923706055,1804,0.0,0.0
2023-07-10 13:30:00-04:00,16.0,16.059999465942383,15.979999542236328,16.040000915527344,2501,0.0,0.0
2023-07-10 14:30:00-04:00,16.020000457763672,16.030000686645508,15.989999771118164,16.030000686645508,1483,0.0,0.0
2023-07-10 15:30:00-04:00,15.949999809265137,16.040000915527344,15.949999809265137,16.040000915527344,5933,0.0,0.0
2023-07-11 09:30:00-04:00,15.920000076293945,16.423900604248047,15.920000076293945,16.100000381469727,7592,0.0,0.0
2023-07-11 10:30:00-04:00,16.110000610351562,16.25,15.930000305175781,15.930000305175781,10753,0.0,0.0
2023-07-11 11:30:00-04:00,15.90999984741211,16.013599395751953,15.859999656677246,16.013599395751953,9892,0.0,0.0
2023-07-11 12:30:00-04:00,15.960000038146973,16.001300811767578,15.949999809265137,16.001300811767578,1102,0.0,0.0
2023-07-11 13:30:00-04:00,16.010000228881836,16.15999984741211,15.989999771118164,16.15999984741211,8266,0.0,0.0
2023-07-11 14:30:00-04:00,16.15999984741211,16.329999923706055,16.094999313354492,16.299999237060547,8643,0.0,0.0
2023-07-11 15:30:00-04:00,16.299999237060547,16.739999771118164,16.299999237060547,16.729999542236328,25604,0.0,0.0
2023-07-12 09:30:00-04:00,16.75,16.90999984741211,16.56999969482422,16.8843994140625,16200,0.0,0.0
2023-07-12 10:30:00-04:00,16.84000015258789,16.875,16.649999618530273,16.81999969482422,15044,0.0,0.0
2023-07-12 11:30:00-04:00,16.579999923706055,16.780000686645508,16.475000381469727,16.475000381469727,3998,0.0,0.0
2023-07-12 12:30:00-04:00,16.56999969482422,16.790000915527344,16.56999969482422,16.790000915527344,7982,0.0,0.0
2023-07-12 13:30:00-04:00,16.800100326538086,16.8799991607666,16.700000762939453,16.8799991607666,11197,0.0,0.0
2023-07-12 14:30:00-04:00,16.8799991607666,16.989999771118164,16.780000686645508,16.780000686645508,14095,0.0,0.0
2023-07-12 15:30:00-04:00,16.867300033569336,16.90999984741211,16.770000457763672,16.8700008392334,0,0.0,0.0
2023-07-13 09:30:00-04:00,16.719999313354492,16.889999389648438,16.318300247192383,16.790000915527344,19861,0.0,0.0
2023-07-13 10:30:00-04:00,16.71500015258789,16.95989990234375,16.63010025024414,16.725000381469727,19100,0.0,0.0
2023-07-13 11:30:00-04:00,16.739999771118164,16.774999618530273,16.500099182128906,16.690000534057617,5662,0.0,0.0
2023-07-13 12:30:00-04:00,16.638200759887695,16.69499969482422,16.638200759887695,16.69499969482422,1405,0.0,0.0
2023-07-13 13:30:00-04:00,16.69499969482422,16.700000762939453,16.645000457763672,16.690000534057617,1502,0.0,0.0
2023-07-13 14:30:00-04:00,16.670000076293945,16.700000762939453,16.6299991607666,16.68000030517578,12715,0.0,0.0
2023-07-13 15:30:00-04:00,16.700000762939453,16.790000915527344,16.690000534057617,16.760000228881836,13376,0.0,0.0
2023-07-14 09:30:00-04:00,16.5,16.809999465942383,16.43000030517578,16.43000030517578,8920,0.0,0.0
2023-07-14 10:30:00-04:00,16.350000381469727,16.440000534057617,16.25,16.40999984741211,7750,0.0,0.0
2023-07-14 11:30:00-04:00,16.489999771118164,16.5049991607666,16.450000762939453,16.5,1320,0.0,0.0
2023-07-14 12:30:00-04:00,16.489999771118164,16.489999771118164,16.31999969482422,16.399999618530273,5066,0.0,0.0
2023-07-14 13:30:00-04:00,16.399999618530273,16.510000228881836,16.399999618530273,16.510000228881836,1509,0.0,0.0
2023-07-14 14:30:00-04:00,16.5,16.520000457763672,16.440000534057617,16.489999771118164,1701,0.0,0.0
2023-07-14 15:30:00-04:00,16.489999771118164,16.510000228881836,16.43000030517578,16.450000762939453,9749,0.0,0.0
2023-07-17 09:30:00-04:00,16.31999969482422,16.639999389648438,16.272199630737305,16.43000030517578,0,0.0,0.0
2023-07-17 10:30:00-04:00,16.41860008239746,16.41860008239746,16.299999237060547,16.299999237060547,3413,0.0,0.0
2023-07-17 11:30:00-04:00,16.3700008392334,16.43000030517578,16.309999465942383,16.43000030517578,6161,0.0,0.0
2023-07-17 12:30:00-04:00,16.387699127197266,16.510000228881836,16.329999923706055,16.5,15096,0.0,0.0
2023-07-17 13:30:00-04:00,16.510000228881836,16.510000228881836,16.350000381469727,16.489999771118164,2918,0.0,0.0
2023-07-17 14:30:00-04:00,16.424999237060547,16.489999771118164,16.270000457763672,16.280000686645508,3723,0.0,0.0
2023-07-17 15:30:00-04:00,16.260000228881836,16.424999237060547,16.219999313354492,16.229999542236328,5603,0.0,0.0
2023-07-18 09:30:00-04:00,16.229999542236328,16.530000686645508,16.229999542236328,16.290000915527344,0,0.0,0.0
2023-07-18 10:30:00-04:00,16.399999618530273,16.493999481201172,16.260000228881836,16.270000457763672,7023,0.0,0.0
2023-07-18 11:30:00-04:00,16.270000457763672,16.360000610351562,16.149999618530273,16.239999771118164,6885,0.0,0.0
2023-07-18 12:30:00-04:00,16.354999542236328,16.3799991607666,16.260000228881836,16.3799991607666,3195,0.0,0.0
2023-07-18 13:30:00-04:00,16.3799991607666,16.469999313354492,16.200000762939453,16.280000686645508,4147,0.0,0.0
2023-07-18 14:30:00-04:00,16.280000686645508,16.280000686645508,16.200000762939453,16.270000457763672,5751,0.0,0.0
2023-07-18 15:30:00-04:00,16.235000610351562,16.270000457763672,16.15999984741211,16.25,16592,0.0,0.0
2023-07-19 09:30:00-04:00,16.15999984741211,16.25,16.15999984741211,16.25,1532,0.0,0.0
2023-07-19 10:30:00-04:00,16.3799991607666,16.399999618530273,16.309999465942383,16.354999542236328,3033,0.0,0.0
2023-07-19 11:30:00-04:00,16.405000686645508,16.420000076293945,16.329999923706055,16.329999923706055,4464,0.0,0.0
2023-07-19 12:30:00-04:00,16.389999389648438,16.420000076293945,16.270099639892578,16.329999923706055,6289,0.0,0.0
2023-07-19 13:30:00-04:00,16.3799991607666,16.399999618530273,16.260000228881836,16.334999084472656,2915,0.0,0.0
2023-07-19 14:30:00-04:00,16.389999389648438,16.489999771118164,16.270000457763672,16.469999313354492,14148,0.0,0.0
2023-07-19 15:30:00-04:00,16.450000762939453,16.59000015258789,16.450000762939453,16.579999923706055,6482,0.0,0.0
2023-07-20 09:30:00-04:00,16.520000457763672,16.748699188232422,16.520000457763672,16.6299991607666,11685,0.0,0.0
2023-07-20 10:30:00-04:00,16.625,16.799999237060547,16.625,16.719999313354492,11552,0.0,0.0
2023-07-20 11:30:00-04:00,16.674999237060547,16.71500015258789,16.545000076293945,16.6299991607666,7814,0.0,0.0
2023-07-20 12:30:00-04:00,16.58769989013672,16.65999984741211,16.450000762939453,16.450000762939453,7019,0.0,0.0
2023-07-20 13:30:00-04:00,16.43560028076172,16.521299362182617,16.402000427246094,16.42770004272461,4145,0.0,0.0
2023-07-20 14:30:00-04:00,16.46500015258789,16.530000686645508,16.402000427246094,16.406299591064453,3976,0.0,0.0
2023-07-20 15:30:00-04:00,16.485000610351562,16.549999237060547,16.360000610351562,16.440000534057617,6433,0.0,0.0
2023-07-21 09:30:00-04:00,16.579999923706055,16.579999923706055,16.2810001373291,16.510000228881836,0,0.0,0.0
2023-07-21 10:30:00-04:00,16.520000457763672,16.600000381469727,16.47010040283203,16.600000381469727,13893,0.0,0.0
2023-07-21 11:30:00-04:00,16.729299545288086,16.739999771118164,16.520000457763672,16.520000457763672,1352,0.0,0.0
2023-07-21 12:30:00-04:00,16.5,16.530000686645508,16.389999389648438,16.389999389648438,4912,0.0,0.0
2023-07-21 13:30:00-04:00,16.450000762939453,16.520000457763672,16.434999465942383,16.520000457763672,987,0.0,0.0
2023-07-21 14:30:00-04:00,16.459999084472656,16.565000534057617,16.40999984741211,16.565000534057617,13625,0.0,0.0
2023-07-21 15:30:00-04:00,16.56999969482422,16.6200008392334,16.510000228881836,16.510000228881836,7666,0.0,0.0
2023-07-24 09:30:00-04:00,16.56999969482422,16.56999969482422,16.440000534057617,16.52519989013672,10893,0.0,0.0
2023-07-24 10:30:00-04:00,16.500999450683594,16.500999450683594,16.500999450683594,16.500999450683594,0,0.0,0.0
2023-07-24 11:30:00-04:00,16.600000381469727,16.711700439453125,16.510000228881836,16.646799087524414,17255,0.0,0.0
2023-07-24 12:30:00-04:00,16.702299118041992,16.875,16.540000915527344,16.6299991607666,18441,0.0,0.0
2023-07-24 13:30:00-04:00,16.649999618530273,16.709999084472656,16.610000610351562,16.639999389648438,8693,0.0,0.0
2023-07-24 14:30:00-04:00,16.6200008392334,16.683500289916992,16.56999969482422,16.56999969482422,3868,0.0,0.0
2023-07-24 15:30:00-04:00,16.579999923706055,16.600000381469727,16.420000076293945,16.5,11134,0.0,0.0
2023-07-25 09:30:00-04:00,15.140000343322754,16.0,15.119999885559082,15.989999771118164,334213,0.0,0.0
2023-07-25 10:30:00-04:00,15.960000038146973,16.049999237060547,15.859999656677246,15.949999809265137,20924,0.0,0.0
2023-07-25 11:30:00-04:00,16.0,16.25,16.0,16.25,20835,0.0,0.0
2023-07-25 12:30:00-04:00,16.280000686645508,16.6200008392334,16.280000686645508,16.6200008392334,10843,0.0,0.0
2023-07-25 13:30:00-04:00,16.68000030517578,16.75,16.520000457763672,16.600000381469727,26921,0.0,0.0
2023-07-25 14:30:00-04:00,16.68000030517578,16.68000030517578,16.604999542236328,16.68000030517578,7208,0.0,0.0
2023-07-25 15:30:00-04:00,16.68000030517578,16.68000030517578,16.34000015258789,16.43000030517578,31026,0.0,0.0
2023-07-26 09:30:00-04:00,16.420000076293945,16.479999542236328,16.375,16.469999313354492,1193,0.0,0.0
2023-07-26 10:30:00-04:00,16.270000457763672,16.399999618530273,16.270000457763672,16.399999618530273,3365,0.0,0.0
2023-07-26 11:30:00-04:00,16.450000762939453,16.450000762939453,16.31999969482422,16.350000381469727,2792,0.0,0.0
2023-07-26 12:30:00-04:00,16.360000610351562,16.360000610351562,16.31999969482422,16.31999969482422,1473,0.0,0.0
2023-07-26 13:30:00-04:00,16.375,16.375,16.299999237060547,16.31999969482422,3079,0.0,0.0
2023-07-26 14:30:00-04:00,16.434999465942383,16.434999465942383,16.31999969482422,16.399999618530273,2797,0.0,0.0
2023-07-26 15:30:00-04:00,16.399999618530273,16.440000534057617,16.299999237060547,16.40999984741211,11185,0.0,0.0
2023-07-27 09:30:00-04:00,16.3700008392334,16.5,16.290000915527344,16.290000915527344,0,0.0,0.0
2023-07-27 10:30:00-04:00,16.25,16.31999969482422,16.219999313354492,16.219999313354492,2323,0.0,0.0
2023-07-27 11:30:00-04:00,16.200000762939453,16.200000762939453,16.200000762939453,16.200000762939453,764,0.0,0.0
2023-07-27 12:30:00-04:00,16.14590072631836,16.309999465942383,16.14590072631836,16.194299697875977,5173,0.0,0.0
2023-07-27 13:30:00-04:00,16.3700008392334,16.3700008392334,16.09000015258789,16.100000381469727,5879,0.0,0.0
2023-07-27 14:30:00-04:00,16.097700119018555,16.200000762939453,15.901100158691406,16.030000686645508,13264,0.0,0.0
2023-07-27 15:30:00-04:00,16.049999237060547,16.049999237060547,15.800000190734863,15.829999923706055,9734,0.0,0.0
2023-07-28 09:30:00-04:00,15.8100004196167,15.989999771118164,15.8100004196167,15.895000457763672,8049,0.0,0.0
2023-07-28 10:30:00-04:00,15.930000305175781,16.010000228881836,15.90999984741211,16.010000228881836,3170,0.0,0.0
2023-07-28 11:30:00-04:00,16.01420021057129,16.01420021057129,15.9552001953125,15.9552001953125,1133,0.0,0.0
2023-07-28 12:30:00-04:00,15.945199966430664,15.945199966430664,15.923100471496582,15.923100471496582,2387,0.0,0.0
2023-07-28 14:30:00-04:00,16.010000228881836,16.010000228881836,15.899999618530273,15.949999809265137,6473,0.0,0.0
2023-07-28 15:30:00-04:00,15.9399995803833,16.020000457763672,15.9399995803833,16.0,9954,0.0,0.0
2023-07-31 09:30:00-04:00,16.0,16.11989974975586,15.920000076293945,16.099899291992188,2114,0.0,0.0
2023-07-31 10:30:00-04:00,15.979999542236328,16.049999237060547,15.960000038146973,15.970000267028809,2173,0.0,0.0
2023-07-31 11:30:00-04:00,16.0,16.050899505615234,15.960000038146973,16.030000686645508,5864,0.0,0.0
2023-07-31 12:30:00-04:00,16.059999465942383,16.059999465942383,15.970000267028809,15.979999542236328,4368,0.0,0.0
2023-07-31 13:30:00-04:00,16.059999465942383,16.100000381469727,16.049999237060547,16.100000381469727,7757,0.0,0.0
2023-07-31 14:30:00-04:00,16.15999984741211,16.25,16.09000015258789,16.182600021362305,4647,0.0,0.0
2023-07-31 15:30:00-04:00,16.25,16.350000381469727,16.239999771118164,16.350000381469727,1517,0.0,0.0
2023-08-01 09:30:00-04:00,16.149999618530273,16.304399490356445,16.149999618530273,16.304399490356445,0,0.0,0.0
2023-08-01 10:30:00-04:00,16.332399368286133,16.332399368286133,16.332399368286133,16.332399368286133,518,0.0,0.0
2023-08-01 12:30:00-04:00,16.329999923706055,16.329999923706055,16.329999923706055,16.329999923706055,394,0.0,0.0
2023-08-01 13:30:00-04:00,16.299999237060547,16.299999237060547,16.299999237060547,16.299999237060547,200,0.0,0.0
2023-08-01 14:30:00-04:00,16.250099182128906,16.3700008392334,16.250099182128906,16.344600677490234,5574,0.0,0.0
2023-08-01 15:30:00-04:00,16.350000381469727,16.3799991607666,16.219999313354492,16.219999313354492,5949,0.0,0.0
2023-08-02 09:30:00-04:00,16.299999237060547,16.299999237060547,16.083499908447266,16.139999389648438,2941,0.0,0.0
2023-08-02 10:30:00-04:00,16.10110092163086,16.139999389648438,15.850000381469727,15.850000381469727,13834,0.0,0.0
2023-08-02 11:30:00-04:00,15.850000381469727,15.976200103759766,15.800000190734863,15.914999961853027,12588,0.0,0.0
2023-08-02 12:30:00-04:00,15.859999656677246,15.960000038146973,15.859999656677246,15.899999618530273,5580,0.0,0.0
2023-08-02 13:30:00-04:00,15.899999618530273,15.96969985961914,15.859999656677246,15.896300315856934,5399,0.0,0.0
2023-08-02 14:30:00-04:00,15.865699768066406,16.0,15.865699768066406,15.954999923706055,3358,0.0,0.0
2023-08-02 15:30:00-04:00,15.949999809265137,15.979999542236328,15.899999618530273,15.930000305175781,5985,0.0,0.0
2023-08-03 09:30:00-04:00,15.850000381469727,15.895000457763672,15.850000381469727,15.850000381469727,554,0.0,0.0
2023-08-03 10:30:00-04:00,15.859999656677246,16.0,15.859999656677246,15.984999656677246,6986,0.0,0.0
2023-08-03 11:30:00-04:00,16.059999465942383,16.1200008392334,16.0,16.0,7095,0.0,0.0
2023-08-03 12:30:00-04:00,15.979999542236328,16.139999389648438,15.979999542236328,16.094999313354492,6726,0.0,0.0
2023-08-03 13:30:00-04:00,16.059999465942383,16.079999923706055,15.899999618530273,15.899999618530273,18189,0.0,0.0
2023-08-03 14:30:00-04:00,15.885000228881836,16.100000381469727,15.800000190734863,16.100000381469727,28459,0.0,0.0
2023-08-03 15:30:00-04:00,16.049999237060547,16.049999237060547,15.887499809265137,15.989999771118164,8935,0.0,0.0
2023-08-04 09:30:00-04:00,16.03569984436035,16.09600067138672,15.726099967956543,15.75,10756,0.0,0.0
2023-08-04 10:30:00-04:00,15.880000114440918,15.880000114440918,15.670000076293945,15.6899995803833,5607,0.0,0.0
2023-08-04 11:30:00-04:00,15.635899543762207,15.75,15.635899543762207,15.75,0,0.0,0.0
2023-08-04 12:30:00-04:00,15.800000190734863,15.800000190734863,15.609999656677246,15.680000305175781,38098,0.0,0.0
2023-08-04 13:30:00-04:00,15.670000076293945,15.770000457763672,15.625,15.635000228881836,16353,0.0,0.0
2023-08-04 14:30:00-04:00,15.65999984741211,15.680000305175781,15.550000190734863,15.555000305175781,9395,0.0,0.0
2023-08-04 15:30:00-04:00,15.59000015258789,15.600000381469727,15.529999732971191,15.550000190734863,9196,0.0,0.0
2023-08-07 09:30:00-04:00,15.520000457763672,15.789999961853027,15.5,15.670000076293945,15612,0.0,0.0
2023-08-07 10:30:00-04:00,15.694999694824219,15.729900360107422,15.635000228881836,15.720000267028809,2909,0.0,0.0
2023-08-07 11:30:00-04:00,15.649999618530273,15.649999618530273,15.569999694824219,15.630000114440918,7963,0.0,0.0
2023-08-07 12:30:00-04:00,15.630000114440918,15.640000343322754,15.579999923706055,15.600000381469727,2825,0.0,0.0
2023-08-07 13:30:00-04:00,15.630000114440918,15.699999809265137,15.600000381469727,15.635000228881836,9497,0.0,0.0
2023-08-07 14:30:00-04:00,15.635000228881836,15.670000076293945,15.600000381469727,15.649999618530273,9547,0.0,0.0
2023-08-07 15:30:00-04:00,15.65999984741211,15.75,15.61870002746582,15.710000038146973,7119,0.0,0.0
2023-08-08 09:30:00-04:00,15.550000190734863,15.640000343322754,15.40999984741211,15.460000038146973,6255,0.0,0.0
2023-08-08 10:30:00-04:00,15.489999771118164,15.579999923706055,15.489999771118164,15.579999923706055,4973,0.0,0.0
2023-08-08 11:30:00-04:00,15.600000381469727,15.670000076293945,15.516900062561035,15.630000114440918,2050,0.0,0.0
2023-08-08 12:30:00-04:00,15.6899995803833,15.6899995803833,15.572400093078613,15.604999542236328,3408,0.0,0.0
2023-08-08 13:30:00-04:00,15.649999618530273,15.699999809265137,15.635000228881836,15.6899995803833,976,0.0,0.0
2023-08-08 14:30:00-04:00,15.710000038146973,15.710000038146973,15.580599784851074,15.663700103759766,3383,0.0,0.0
2023-08-08 15:30:00-04:00,15.635000228881836,15.739999771118164,15.609999656677246,15.635000228881836,20699,0.0,0.0
2023-08-09 09:30:00-04:00,15.949999809265137,15.949999809265137,15.739999771118164,15.925299644470215,2824,0.0,0.0
2023-08-09 10:30:00-04:00,15.861800193786621,15.979999542236328,15.704999923706055,15.704999923706055,15551,0.0,0.0
2023-08-09 11:30:00-04:00,15.692500114440918,15.850000381469727,15.649999618530273,15.800000190734863,18760,0.0,0.0
2023-08-09 12:30:00-04:00,15.8100004196167,15.919899940490723,15.729999542236328,15.75,14661,0.0,0.0
2023-08-09 13:30:00-04:00,15.75,15.890000343322754,15.710000038146973,15.800000190734863,18859,0.0,0.0
2023-08-09 14:30:00-04:00,15.800000190734863,15.869999885559082,15.720000267028809,15.789999961853027,21742,0.0,0.0
2023-08-09 15:30:00-04:00,15.789999961853027,15.84000015258789,15.699999809265137,15.699999809265137,24471,0.0,0.0
2023-08-10 09:30:00-04:00,15.640000343322754,16.1200008392334,15.640000343322754,16.010000228881836,0,0.0,0.0
2023-08-10 10:30:00-04:00,16.0939998626709,16.149999618530273,16.010000228881836,16.020000457763672,8514,0.0,0.0
2023-08-10 11:30:00-04:00,16.0,16.0,15.800000190734863,15.800000190734863,14503,0.0,0.0
2023-08-10 12:30:00-04:00,15.800000190734863,15.920000076293945,15.800000190734863,15.8100004196167,1869,0.0,0.0
2023-08-10 13:30:00-04:00,15.817999839782715,15.869999885559082,15.710000038146973,15.8100004196167,4838,0.0,0.0
2023-08-10 14:30:00-04:00,15.819999694824219,15.819999694824219,15.770000457763672,15.779999732971191,3151,0.0,0.0
2023-08-10 15:30:00-04:00,15.75,15.8100004196167,15.710000038146973,15.8100004196167,4528,0.0,0.0
2023-08-11 09:30:00-04:00,15.75,15.957500457763672,15.75,15.8100004196167,0,0.0,0.0
2023-08-11 10:30:00-04:00,15.90999984741211,16.149999618530273,15.819999694824219,16.100000381469727,24029,0.0,0.0
2023-08-11 11:30:00-04:00,16.020000457763672,16.135499954223633,16.0,16.05500030517578,18647,0.0,0.0
2023-08-11 12:30:00-04:00,16.04010009765625,16.190000534057617,16.0,16.1299991607666,32247,0.0,0.0
2023-08-11 13:30:00-04:00,16.1200008392334,16.270000457763672,16.10099983215332,16.110000610351562,22774,0.0,0.0
2023-08-11 14:30:00-04:00,16.065000534057617,16.18000030517578,16.040000915527344,16.170000076293945,15166,0.0,0.0
2023-08-11 15:30:00-04:00,16.102500915527344,16.209999084472656,16.09000015258789,16.165000915527344,12660,0.0,0.0
2023-08-14 09:30:00-04:00,16.030000686645508,16.190000534057617,16.030000686645508,16.190000534057617,1044,0.0,0.0
2023-08-14 10:30:00-04:00,16.139999389648438,16.149999618530273,16.09749984741211,16.100000381469727,1349,0.0,0.0
2023-08-14 11:30:00-04:00,16.100000381469727,16.280000686645508,16.100000381469727,16.25,15639,0.0,0.0
2023-08-14 12:30:00-04:00,16.239999771118164,16.280000686645508,16.100000381469727,16.139999389648438,17893,0.0,0.0
2023-08-14 13:30:00-04:00,16.149999618530273,16.229999542236328,16.139999389648438,16.229999542236328,17423,0.0,0.0
2023-08-14 14:30:00-04:00,16.270000457763672,16.29170036315918,16.270000457763672,16.29170036315918,2352,0.0,0.0
2023-08-14 15:30:00-04:00,16.309999465942383,16.3799991607666,16.2450008392334,16.31999969482422,13677,0.0,0.0
2023-08-15 09:30:00-04:00,16.420000076293945,16.43000030517578,15.930000305175781,15.949999809265137,20589,0.0,0.0
2023-08-15 10:30:00-04:00,15.914999961853027,16.09000015258789,15.84000015258789,16.0,25686,0.0,0.0
2023-08-15 11:30:00-04:00,16.049999237060547,16.100000381469727,15.914999961853027,15.960000038146973,20926,0.0,0.0
2023-08-15 12:30:00-04:00,15.960000038146973,16.020000457763672,15.869999885559082,15.949999809265137,10883,0.0,0.0
2023-08-15 13:30:00-04:00,15.979999542236328,16.020000457763672,15.930000305175781,16.010000228881836,7205,0.0,0.0
2023-08-15 14:30:00-04:00,16.010000228881836,16.049999237060547,15.970000267028809,16.0,10987,0.0,0.0
2023-08-15 15:30:00-04:00,16.049999237060547,16.049999237060547,15.949999809265137,16.040000915527344,7154,0.0,0.0
2023-08-16 09:30:00-04:00,15.970000267028809,16.290000915527344,15.960000038146973,16.290000915527344,4109,0.0,0.0
2023-08-16 10:30:00-04:00,16.207500457763672,16.34000015258789,16.190000534057617,16.25,8437,0.0,0.0
2023-08-16 11:30:00-04:00,16.25,16.299999237060547,16.209999084472656,16.260000228881836,10938,0.0,0.0
2023-08-16 12:30:00-04:00,16.30500030517578,16.329999923706055,16.225000381469727,16.290000915527344,6799,0.0,0.0
2023-08-16 13:30:00-04:00,16.299999237060547,16.34000015258789,16.252500534057617,16.299999237060547,1896,0.0,0.0
2023-08-16 14:30:00-04:00,16.299999237060547,16.389999389648438,16.219999313354492,16.315000534057617,5054,0.0,0.0
2023-08-16 15:30:00-04:00,16.3700008392334,16.3799991607666,16.209999084472656,16.3799991607666,10584,0.0,0.0
2023-08-17 09:30:00-04:00,16.3799991607666,16.43000030517578,16.340499877929688,16.3700008392334,0,0.0,0.0
2023-08-17 10:30:00-04:00,16.428600311279297,16.428600311279297,16.270000457763672,16.354999542236328,10141,0.0,0.0
2023-08-17 11:30:00-04:00,16.31999969482422,16.375699996948242,16.260000228881836,16.31999969482422,3255,0.0,0.0
2023-08-17 12:30:00-04:00,16.28499984741211,16.3799991607666,16.280000686645508,16.329999923706055,3817,0.0,0.0
2023-08-17 13:30:00-04:00,16.325000762939453,16.34000015258789,16.229999542236328,16.280000686645508,7732,0.0,0.0
2023-08-17 14:30:00-04:00,16.209999084472656,16.229999542236328,16.125,16.125,10453,0.0,0.0
2023-08-17 15:30:00-04:00,16.15999984741211,16.260000228881836,16.1299991607666,16.239999771118164,7442,0.0,0.0
2023-08-18 09:30:00-04:00,16.299999237060547,16.5,16.170000076293945,16.274999618530273,0,0.0,0.0
2023-08-18 10:30:00-04:00,16.150100708007812,16.399999618530273,16.1299991607666,16.399999618530273,8586,0.0,0.0
2023-08-18 11:30:00-04:00,16.389999389648438,16.475000381469727,16.389999389648438,16.440000534057617,10495,0.0,0.0
2023-08-18 12:30:00-04:00,16.450000762939453,16.4950008392334,16.41010093688965,16.4950008392334,5113,0.0,0.0
2023-08-18 13:30:00-04:00,16.499000549316406,16.655000686645508,16.499000549316406,16.639999389648438,24903,0.0,0.0
2023-08-18 14:30:00-04:00,16.639999389648438,16.795000076293945,16.6200008392334,16.739999771118164,23875,0.0,0.0
2023-08-18 15:30:00-04:00,16.739999771118164,16.799999237060547,16.709999084472656,16.799999237060547,11778,0.0,0.0
2023-08-21 09:30:00-04:00,16.739999771118164,16.979999542236328,16.739999771118164,16.90999984741211,33181,0.0,0.0
2023-08-21 10:30:00-04:00,16.850000381469727,16.860000610351562,16.719999313354492,16.7273006439209,5444,0.0,0.0
2023-08-21 11:30:00-04:00,16.75,16.81999969482422,16.75,16.799999237060547,13603,0.0,0.0
2023-08-21 12:30:00-04:00,16.790000915527344,16.934999465942383,16.770000457763672,16.8700008392334,21894,0.0,0.0
2023-08-21 13:30:00-04:00,16.899999618530273,16.940000534057617,16.8700008392334,16.90999984741211,14541,0.0,0.0
2023-08-21 14:30:00-04:00,16.899999618530273,16.96500015258789,16.860000610351562,16.905000686645508,36567,0.0,0.0
2023-08-21 15:30:00-04:00,16.90999984741211,16.959999084472656,16.8700008392334,16.959999084472656,16075,0.0,0.0
2023-08-22 09:30:00-04:00,16.950000762939453,17.1200008392334,16.899999618530273,17.099899291992188,47685,0.0,0.0
2023-08-22 10:30:00-04:00,17.09000015258789,17.122800827026367,17.010000228881836,17.122800827026367,12899,0.0,0.0
2023-08-22 11:30:00-04:00,17.100000381469727,17.145000457763672,17.059999465942383,17.059999465942383,2816,0.0,0.0
2023-08-22 12:30:00-04:00,17.1200008392334,17.1200008392334,16.959999084472656,17.05500030517578,14264,0.0,0.0
2023-08-22 13:30:00-04:00,17.020000457763672,17.100000381469727,17.010000228881836,17.100000381469727,6237,0.0,0.0
2023-08-22 14:30:00-04:00,17.149999618530273,17.235000610351562,17.100000381469727,17.198999404907227,10965,0.0,0.0
2023-08-22 15:30:00-04:00,17.223800659179688,17.34000015258789,17.18000030517578,17.34000015258789,12904,0.0,0.0
2023-08-23 09:30:00-04:00,17.280000686645508,17.360000610351562,17.010000228881836,17.360000610351562,46931,0.0,0.0
2023-08-23 10:30:00-04:00,17.299999237060547,17.299999237060547,17.209999084472656,17.299999237060547,4183,0.0,0.0
2023-08-23 11:30:00-04:00,17.3341007232666,17.34000015258789,17.0,17.024999618530273,33583,0.0,0.0
2023-08-23 12:30:00-04:00,17.024999618530273,17.34000015258789,17.0,17.23390007019043,60025,0.0,0.0
2023-08-23 13:30:00-04:00,17.239999771118164,17.399999618530273,17.239900588989258,17.290000915527344,18559,0.0,0.0
2023-08-23 14:30:00-04:00,17.3075008392334,17.3075008392334,17.15999984741211,17.2549991607666,8070,0.0,0.0
2023-08-23 15:30:00-04:00,17.2549991607666,17.2549991607666,17.040000915527344,17.1299991607666,22349,0.0,0.0
2023-08-24 09:30:00-04:00,17.0,17.420000076293945,16.99920082092285,17.257299423217773,0,0.0,0.0
2023-08-24 10:30:00-04:00,17.31999969482422,17.329999923706055,17.295000076293945,17.295000076293945,7777,0.0,0.0
2023-08-24 11:30:00-04:00,17.282400131225586,17.34000015258789,17.282400131225586,17.329999923706055,1964,0.0,0.0
2023-08-24 12:30:00-04:00,17.270999908447266,17.31999969482422,17.200000762939453,17.200000762939453,3567,0.0,0.0
2023-08-24 13:30:00-04:00,17.25,17.25,17.060100555419922,17.060100555419922,4073,0.0,0.0
2023-08-24 14:30:00-04:00,17.104999542236328,17.139999389648438,17.049999237060547,17.10300064086914,9623,0.0,0.0
2023-08-24 15:30:00-04:00,17.09000015258789,17.1299991607666,17.020000457763672,17.059999465942383,7271,0.0,0.0
2023-08-25 09:30:00-04:00,17.079999923706055,17.18000030517578,17.049999237060547,17.1299991607666,11807,0.0,0.0
2023-08-25 10:30:00-04:00,17.020000457763672,17.040000915527344,17.0,17.010000228881836,1388,0.0,0.0
2023-08-25 11:30:00-04:00,17.049999237060547,17.08099937438965,17.030000686645508,17.030000686645508,2870,0.0,0.0
2023-08-25 12:30:00-04:00,17.000099182128906,17.03499984741211,17.0,17.014999389648438,2200,0.0,0.0
2023-08-25 13:30:00-04:00,17.049999237060547,17.049999237060547,17.049999237060547,17.049999237060547,1220,0.0,0.0
2023-08-25 14:30:00-04:00,17.139999389648438,17.139999389648438,17.059999465942383,17.110000610351562,4283,0.0,0.0
2023-08-25 15:30:00-04:00,17.079999923706055,17.09000015258789,17.0,17.020000457763672,7275,0.0,0.0
2023-08-28 09:30:00-04:00,17.149999618530273,17.591400146484375,17.149999618530273,17.591400146484375,0,0.0,0.0
2023-08-28 10:30:00-04:00,17.610000610351562,17.709999084472656,17.4950008392334,17.565000534057617,37363,0.0,0.0
2023-08-28 11:30:00-04:00,17.649999618530273,17.649999618530273,17.649999618530273,17.649999618530273,102,0.0,0.0
2023-08-28 12:30:00-04:00,17.53700065612793,17.625,17.53700065612793,17.58799934387207,2000,0.0,0.0
2023-08-28 13:30:00-04:00,17.657499313354492,17.845600128173828,17.639999389648438,17.845600128173828,23033,0.0,0.0
2023-08-28 14:30:00-04:00,17.799999237060547,17.799999237060547,17.726999282836914,17.790000915527344,8037,0.0,0.0
2023-08-28 15:30:00-04:00,17.773000717163086,18.020000457763672,17.773000717163086,17.979999542236328,33458,0.0,0.0
2023-08-29 09:30:00-04:00,17.850000381469727,17.88279914855957,17.68829917907715,17.700000762939453,15170,0.0,0.0
2023-08-29 10:30:00-04:00,17.790000915527344,17.940000534057617,17.700000762939453,17.940000534057617,6429,0.0,0.0
2023-08-29 11:30:00-04:00,17.989999771118164,18.059999465942383,17.989999771118164,18.059999465942383,4449,0.0,0.0
2023-08-29 12:30:00-04:00,18.06999969482422,18.1200008392334,18.06999969482422,18.1200008392334,2609,0.0,0.0
2023-08-29 13:30:00-04:00,18.110000610351562,18.139999389648438,17.989999771118164,17.9950008392334,10881,0.0,0.0
2023-08-29 14:30:00-04:00,17.959999084472656,17.991300582885742,17.75,17.75,6323,0.0,0.0
2023-08-29 15:30:00-04:00,17.75,17.860000610351562,17.75,17.829999923706055,10262,0.0,0.0
2023-08-30 09:30:00-04:00,17.760000228881836,17.860000610351562,17.66349983215332,17.700000762939453,4655,0.0,0.0
2023-08-30 10:30:00-04:00,17.726600646972656,17.93000030517578,17.726600646972656,17.864999771118164,2309,0.0,0.0
2023-08-30 11:30:00-04:00,17.860000610351562,17.89229965209961,17.799999237060547,17.800100326538086,3671,0.0,0.0
2023-08-30 12:30:00-04:00,17.825000762939453,17.825000762939453,17.65999984741211,17.719999313354492,11115,0.0,0.0
2023-08-30 13:30:00-04:00,17.6200008392334,17.690000534057617,17.520000457763672,17.530000686645508,6414,0.0,0.0
2023-08-30 14:30:00-04:00,17.53499984741211,17.56999969482422,17.461000442504883,17.520000457763672,12901,0.0,0.0
2023-08-30 15:30:00-04:00,17.56999969482422,17.690000534057617,17.56999969482422,17.690000534057617,5557,0.0,0.0
2023-08-31 09:30:00-04:00,17.579999923706055,17.649999618530273,17.459999084472656,17.59000015258789,11403,0.0,0.0
2023-08-31 10:30:00-04:00,17.56999969482422,17.690000534057617,17.565000534057617,17.690000534057617,2833,0.0,0.0
2023-08-31 11:30:00-04:00,17.790000915527344,17.790000915527344,17.549999237060547,17.549999237060547,7692,0.0,0.0
2023-08-31 12:30:00-04:00,17.549999237060547,17.549999237060547,17.469999313354492,17.549999237060547,7856,0.0,0.0
2023-08-31 13:30:00-04:00,17.545000076293945,17.545000076293945,17.510000228881836,17.510000228881836,634,0.0,0.0
2023-08-31 14:30:00-04:00,17.540000915527344,17.610000610351562,17.520000457763672,17.576900482177734,4518,0.0,0.0
2023-08-31 15:30:00-04:00,17.549999237060547,17.600000381469727,17.530000686645508,17.56999969482422,6883,0.0,0.0
2023-09-01 09:30:00-04:00,17.670000076293945,17.854999542236328,17.670000076293945,17.82990074157715,0,0.0,0.0
2023-09-01 10:30:00-04:00,17.809999465942383,18.15999984741211,17.809999465942383,18.14929962158203,27679,0.0,0.0
2023-09-01 11:30:00-04:00,18.15999984741211,18.18000030517578,18.049999237060547,18.170000076293945,8278,0.0,0.0
2023-09-01 12:30:00-04:00,18.1205997467041,18.25,18.1205997467041,18.25,15678,0.0,0.0
2023-09-01 13:30:00-04:00,18.309999465942383,18.52630043029785,18.290000915527344,18.52630043029785,13340,0.0,0.0
2023-09-01 14:30:00-04:00,18.481399536132812,18.808700561523438,18.459999084472656,18.690000534057617,19794,0.0,0.0
2023-09-01 15:30:00-04:00,18.690000534057617,18.759899139404297,18.56999969482422,18.700000762939453,35688,0.0,0.0
2023-09-05 09:30:00-04:00,18.579999923706055,18.75,18.43400001525879,18.64590072631836,18857,0.0,0.0
2023-09-05 10:30:00-04:00,18.770000457763672,18.83180046081543,18.72920036315918,18.764999389648438,7316,0.0,0.0
2023-09-05 11:30:00-04:00,18.729999542236328,18.809999465942383,18.719999313354492,18.809999465942383,7272,0.0,0.0
2023-09-05 12:30:00-04:00,18.850000381469727,18.979999542236328,18.81999969482422,18.920000076293945,18894,0.0,0.0
2023-09-05 13:30:00-04:00,18.85740089416504,18.8799991607666,18.649999618530273,18.68000030517578,7163,0.0,0.0
2023-09-05 14:30:00-04:00,18.700000762939453,18.84000015258789,18.700000762939453,18.709999084472656,9297,0.0,0.0
2023-09-05 15:30:00-04:00,18.760000228881836,18.90999984741211,18.709999084472656,18.899999618530273,13264,0.0,0.0
2023-09-06 09:30:00-04:00,18.690000534057617,18.889999389648438,18.600000381469727,18.600000381469727,11361,0.0,0.0
2023-09-06 10:30:00-04:00,18.604999542236328,18.610000610351562,18.440000534057617,18.524999618530273,12301,0.0,0.0
2023-09-06 11:30:00-04:00,18.56999969482422,18.65999984741211,18.56999969482422,18.65999984741211,4149,0.0,0.0
2023-09-06 12:30:00-04:00,18.700000762939453,18.799999237060547,18.700000762939453,18.75,3055,0.0,0.0
2023-09-06 13:30:00-04:00,18.799999237060547,18.799999237060547,18.719999313354492,18.780000686645508,5861,0.0,0.0
2023-09-06 14:30:00-04:00,18.770000457763672,18.84000015258789,18.72010040283203,18.7810001373291,5553,0.0,0.0
2023-09-06 15:30:00-04:00,18.829999923706055,18.885000228881836,18.801700592041016,18.860000610351562,8423,0.0,0.0
2023-09-07 09:30:00-04:00,18.725000381469727,18.979999542236328,18.549999237060547,18.690000534057617,4484,0.0,0.0
2023-09-07 10:30:00-04:00,18.690099716186523,18.899999618530273,18.690099716186523,18.899999618530273,2044,0.0,0.0
2023-09-07 11:30:00-04:00,18.750099182128906,18.899999618530273,18.75,18.899999618530273,3395,0.0,0.0
2023-09-07 12:30:00-04:00,18.929500579833984,18.969999313354492,18.90999984741211,18.94499969482422,8480,0.0,0.0
2023-09-07 13:30:00-04:00,18.925199508666992,18.971200942993164,18.850000381469727,18.850000381469727,4046,0.0,0.0
2023-09-07 14:30:00-04:00,18.889999389648438,18.93000030517578,18.850000381469727,18.8794002532959,4870,0.0,0.0
2023-09-07 15:30:00-04:00,18.889999389648438,19.0,18.889999389648438,18.975000381469727,14127,0.0,0.0
2023-09-08 09:30:00-04:00,19.0,19.440000534057617,18.999900817871094,19.354999542236328,0,0.0,0.0
2023-09-08 10:30:00-04:00,19.354999542236328,19.91360092163086,19.354999542236328,19.649999618530273,63082,0.0,0.0
2023-09-08 11:30:00-04:00,19.659799575805664,19.785999298095703,19.479999542236328,19.579999923706055,25971,0.0,0.0
2023-09-08 12:30:00-04:00,19.6299991607666,19.68000030517578,19.469999313354492,19.649999618530273,6351,0.0,0.0
2023-09-08 13:30:00-04:00,19.56999969482422,19.575000762939453,19.395000457763672,19.395000457763672,10993,0.0,0.0
2023-09-08 14:30:00-04:00,19.393199920654297,19.40999984741211,19.200000762939453,19.399999618530273,17449,0.0,0.0
2023-09-08 15:30:00-04:00,19.389999389648438,19.75,19.389999389648438,19.639999389648438,37748,0.0,0.0
2023-09-11 09:30:00-04:00,19.6200008392334,19.719999313354492,19.389999389648438,19.559999465942383,29663,0.0,0.0
2023-09-11 10:30:00-04:00,19.579999923706055,19.6299991607666,19.44610023498535,19.450000762939453,16969,0.0,0.0
2023-09-11 11:30:00-04:00,19.520000457763672,19.649999618530273,19.399999618530273,19.579999923706055,18947,0.0,0.0
2023-09-11 12:30:00-04:00,19.600000381469727,19.7549991607666,19.559200286865234,19.729999542236328,6402,0.0,0.0
2023-09-11 13:30:00-04:00,19.780000686645508,19.809999465942383,19.680099487304688,19.75,13177,0.0,0.0
2023-09-11 14:30:00-04:00,19.7549991607666,19.7549991607666,19.5,19.614999771118164,23917,0.0,0.0
2023-09-11 15:30:00-04:00,19.579999923706055,19.600000381469727,19.510000228881836,19.559999465942383,11101,0.0,0.0
2023-09-12 09:30:00-04:00,19.559999465942383,19.68000030517578,19.413400650024414,19.559999465942383,8361,0.0,0.0
2023-09-12 10:30:00-04:00,19.600000381469727,19.849899291992188,19.600000381469727,19.68000030517578,18390,0.0,0.0
2023-09-12 11:30:00-04:00,19.68000030517578,19.729999542236328,19.56999969482422,19.68000030517578,18096,0.0,0.0
2023-09-12 12:30:00-04:00,19.649999618530273,19.75,19.639999389648438,19.735000610351562,23746,0.0,0.0
2023-09-12 13:30:00-04:00,19.68000030517578,19.719999313354492,19.56999969482422,19.68000030517578,23614,0.0,0.0
2023-09-12 14:30:00-04:00,19.635000228881836,19.690000534057617,19.260000228881836,19.260000228881836,24590,0.0,0.0
2023-09-12 15:30:00-04:00,19.260000228881836,19.280000686645508,19.059999465942383,19.209999084472656,29931,0.0,0.0
2023-09-13 09:30:00-04:00,19.15999984741211,19.739999771118164,19.149999618530273,19.19499969482422,0,0.0,0.0
2023-09-13 10:30:00-04:00,19.1299991607666,19.190000534057617,19.065099716186523,19.14189910888672,4166,0.0,0.0
2023-09-13 11:30:00-04:00,19.09000015258789,19.1299991607666,19.049999237060547,19.1299991607666,7543,0.0,0.0
2023-09-13 12:30:00-04:00,19.159000396728516,19.159000396728516,19.110000610351562,19.110000610351562,3035,0.0,0.0
2023-09-13 13:30:00-04:00,19.135000228881836,19.135000228881836,19.110000610351562,19.110000610351562,623,0.0,0.0
2023-09-13 14:30:00-04:00,19.1200008392334,19.170000076293945,19.110000610351562,19.11590003967285,14003,0.0,0.0
2023-09-13 15:30:00-04:00,19.135000228881836,19.170000076293945,19.059999465942383,19.170000076293945,10669,0.0,0.0
2023-09-14 09:30:00-04:00,19.110000610351562,19.559799194335938,19.010000228881836,19.295000076293945,0,0.0,0.0
2023-09-14 10:30:00-04:00,19.18000030517578,19.344999313354492,19.18000030517578,19.299999237060547,2568,0.0,0.0
2023-09-14 11:30:00-04:00,19.40999984741211,19.719999313354492,19.320100784301758,19.530000686645508,17731,0.0,0.0
2023-09-14 12:30:00-04:00,19.59000015258789,19.729900360107422,19.469999313354492,19.6200008392334,16294,0.0,0.0
2023-09-14 13:30:00-04:00,19.6299991607666,19.6299991607666,19.520099639892578,19.520099639892578,2960,0.0,0.0
2023-09-14 14:30:00-04:00,19.6299991607666,19.6299991607666,19.514999389648438,19.6200008392334,3807,0.0,0.0
2023-09-14 15:30:00-04:00,19.600000381469727,19.699899673461914,19.584999084472656,19.690000534057617,41764,0.0,0.0
2023-09-15 09:30:00-04:00,19.75,19.860000610351562,19.709999084472656,19.739999771118164,15443,0.0,0.0
2023-09-15 10:30:00-04:00,19.500099182128906,19.729999542236328,19.38629913330078,19.59000015258789,6937,0.0,0.0
2023-09-15 11:30:00-04:00,19.510000228881836,19.510000228881836,19.3799991607666,19.3799991607666,4266,0.0,0.0
2023-09-15 12:30:00-04:00,19.40999984741211,19.479999542236328,19.387300491333008,19.43000030517578,5098,0.0,0.0
2023-09-15 13:30:00-04:00,19.360000610351562,19.48110008239746,19.360000610351562,19.40999984741211,4948,0.0,0.0
2023-09-15 14:30:00-04:00,19.479900360107422,19.65999984741211,19.43000030517578,19.440000534057617,9362,0.0,0.0
2023-09-15 15:30:00-04:00,19.420000076293945,19.540000915527344,19.420000076293945,19.469999313354492,13644,0.0,0.0
2023-09-18 09:30:00-04:00,19.399999618530273,19.646299362182617,19.19260025024414,19.5,8363,0.0,0.0
2023-09-18 10:30:00-04:00,19.5935001373291,19.5935001373291,19.540000915527344,19.565000534057617,3104,0.0,0.0
2023-09-18 11:30:00-04:00,19.629899978637695,19.8799991607666,19.59000015258789,19.799100875854492,41466,0.0,0.0
2023-09-18 12:30:00-04:00,19.844999313354492,19.849199295043945,19.6299991607666,19.740400314331055,7799,0.0,0.0
2023-09-18 13:30:00-04:00,19.56999969482422,19.56999969482422,19.56999969482422,19.56999969482422,291,0.0,0.0
2023-09-18 14:30:00-04:00,19.54509925842285,19.54509925842285,19.54509925842285,19.54509925842285,1343,0.0,0.0
2023-09-18 15:30:00-04:00,19.40999984741211,19.510000228881836,19.299999237060547,19.43000030517578,10929,0.0,0.0
2023-09-19 09:30:00-04:00,19.43000030517578,19.43000030517578,19.20400047302246,19.299999237060547,9991,0.0,0.0
2023-09-19 10:30:00-04:00,19.290000915527344,19.399999618530273,19.219999313354492,19.329999923706055,23674,0.0,0.0
2023-09-19 11:30:00-04:00,19.350000381469727,19.350000381469727,19.260000228881836,19.299999237060547,2028,0.0,0.0
2023-09-19 12:30:00-04:00,19.299999237060547,19.30500030517578,19.299999237060547,19.299999237060547,1367,0.0,0.0
2023-09-19 13:30:00-04:00,19.309999465942383,19.31999969482422,19.25,19.28499984741211,7133,0.0,0.0
2023-09-19 14:30:00-04:00,19.299999237060547,19.31999969482422,19.25,19.280399322509766,6471,0.0,0.0
2023-09-19 15:30:00-04:00,19.299999237060547,19.489999771118164,19.274999618530273,19.479999542236328,12893,0.0,0.0
2023-09-20 09:30:00-04:00,19.350000381469727,19.739900588989258,19.350000381469727,19.729999542236328,0,0.0,0.0
2023-09-20 10:30:00-04:00,19.68000030517578,19.729999542236328,19.489999771118164,19.649999618530273,12291,0.0,0.0
2023-09-20 11:30:00-04:00,19.65999984741211,19.729999542236328,19.610000610351562,19.610000610351562,1489,0.0,0.0
2023-09-20 12:30:00-04:00,19.639999389648438,19.719999313354492,19.6299991607666,19.719999313354492,2494,0.0,0.0
2023-09-20 13:30:00-04:00,19.670000076293945,19.690000534057617,19.559999465942383,19.670000076293945,5958,0.0,0.0
2023-09-20 14:30:00-04:00,19.639999389648438,19.700000762939453,19.559999465942383,19.628999710083008,3757,0.0,0.0
2023-09-20 15:30:00-04:00,19.6299991607666,19.6299991607666,19.360000610351562,19.450000762939453,15456,0.0,0.0
2023-09-21 09:30:00-04:00,19.540000915527344,19.540000915527344,19.300100326538086,19.300100326538086,0,0.0,0.0
2023-09-21 10:30:00-04:00,19.299999237060547,19.450000762939453,19.299999237060547,19.43000030517578,2076,0.0,0.0
2023-09-21 11:30:00-04:00,19.395000457763672,19.395000457763672,19.299999237060547,19.299999237060547,7413,0.0,0.0
2023-09-21 12:30:00-04:00,19.364999771118164,19.43000030517578,19.299999237060547,19.329999923706055,10863,0.0,0.0
2023-09-21 13:30:00-04:00,19.329999923706055,19.360000610351562,19.299999237060547,19.341999053955078,4932,0.0,0.0
2023-09-21 14:30:00-04:00,19.299999237060547,19.299999237060547,19.13279914855957,19.19499969482422,15065,0.0,0.0
2023-09-21 15:30:00-04:00,19.149999618530273,19.239999771118164,18.969999313354492,19.030000686645508,28999,0.0,0.0
2023-09-22 09:30:00-04:00,19.170000076293945,19.331899642944336,19.170000076293945,19.190000534057617,2242,0.0,0.0
2023-09-22 10:30:00-04:00,19.18000030517578,19.219999313354492,19.09000015258789,19.150699615478516,1490,0.0,0.0
2023-09-22 11:30:00-04:00,19.229900360107422,19.229900360107422,19.020000457763672,19.020000457763672,7681,0.0,0.0
2023-09-22 12:30:00-04:00,19.059999465942383,19.170000076293945,19.059999465942383,19.08009910583496,3438,0.0,0.0
2023-09-22 13:30:00-04:00,19.100000381469727,19.15999984741211,18.959999084472656,19.045000076293945,7336,0.0,0.0
2023-09-22 15:30:00-04:00,19.100000381469727,19.100000381469727,19.0,19.0,51311,0.0,0.0
2023-09-25 09:30:00-04:00,18.950000762939453,19.329999923706055,18.950000762939453,19.239999771118164,0,0.0,0.0
2023-09-25 10:30:00-04:00,19.200000762939453,19.329999923706055,19.15999984741211,19.329999923706055,1465,0.0,0.0
2023-09-25 11:30:00-04:00,19.319900512695312,19.440500259399414,19.299999237060547,19.329999923706055,4452,0.0,0.0
2023-09-25 13:30:00-04:00,19.389999389648438,19.389999389648438,19.280000686645508,19.280000686645508,4809,0.0,0.0
2023-09-25 14:30:00-04:00,19.190000534057617,19.260000228881836,19.11009979248047,19.260000228881836,852,0.0,0.0
2023-09-25 15:30:00-04:00,19.209999084472656,19.280000686645508,19.17009925842285,19.280000686645508,6256,0.0,0.0
2023-09-26 09:30:00-04:00,19.219999313354492,19.3700008392334,18.96299934387207,19.270000457763672,0,0.0,0.0
2023-09-26 10:30:00-04:00,19.174999237060547,19.450000762939453,19.079999923706055,19.229999542236328,21447,0.0,0.0
2023-09-26 11:30:00-04:00,19.219999313354492,19.399999618530273,19.21500015258789,19.2450008392334,2834,0.0,0.0
2023-09-26 12:30:00-04:00,19.239999771118164,19.239999771118164,19.05500030517578,19.05500030517578,6526,0.0,0.0
2023-09-26 13:30:00-04:00,19.014999389648438,19.020000457763672,18.95009994506836,18.95009994506836,5251,0.0,0.0
2023-09-26 14:30:00-04:00,18.950000762939453,18.974199295043945,18.800100326538086,18.850000381469727,11352,0.0,0.0
2023-09-26 15:30:00-04:00,18.809999465942383,18.979999542236328,18.732500076293945,18.979999542236328,12887,0.0,0.0
2023-09-27 09:30:00-04:00,19.040000915527344,19.290000915527344,19.0,19.190000534057617,3513,0.0,0.0
2023-09-27 10:30:00-04:00,19.170000076293945,19.170000076293945,19.051000595092773,19.079999923706055,3074,0.0,0.0
2023-09-27 11:30:00-04:00,19.100000381469727,19.22369956970215,19.100000381469727,19.200000762939453,8317,0.0,0.0
2023-09-27 12:30:00-04:00,19.140100479125977,19.14150047302246,19.139999389648438,19.139999389648438,1261,0.0,0.0
2023-09-27 13:30:00-04:00,19.079999923706055,19.100000381469727,19.003299713134766,19.049999237060547,6099,0.0,0.0
2023-09-27 14:30:00-04:00,19.020000457763672,19.059999465942383,18.989999771118164,19.0,7215,0.0,0.0
2023-09-27 15:30:00-04:00,19.010000228881836,19.017499923706055,18.979999542236328,18.989999771118164,22216,0.0,0.0
2023-09-28 09:30:00-04:00,18.899999618530273,19.0,18.809999465942383,18.899999618530273,12105,0.0,0.0
2023-09-28 10:30:00-04:00,18.899999618530273,19.03499984741211,18.899999618530273,18.989999771118164,15991,0.0,0.0
2023-09-28 11:30:00-04:00,19.010000228881836,19.010000228881836,18.950000762939453,18.950000762939453,2459,0.0,0.0
2023-09-28 12:30:00-04:00,18.959999084472656,19.0,18.899999618530273,18.950000762939453,7033,0.0,0.0
2023-09-28 13:30:00-04:00,18.899999618530273,18.950000762939453,18.889999389648438,18.899999618530273,3518,0.0,0.0
2023-09-28 14:30:00-04:00,18.940000534057617,18.979999542236328,18.899999618530273,18.950000762939453,5337,0.0,0.0
2023-09-28 15:30:00-04:00,18.93000030517578,19.020000457763672,18.899999618530273,18.959999084472656,19709,0.0,0.0
2023-09-29 09:30:00-04:00,19.0,19.200000762939453,19.0,19.190000534057617,10164,0.0,0.0
2023-09-29 10:30:00-04:00,19.15999984741211,19.190000534057617,19.100000381469727,19.100000381469727,3886,0.0,0.0
2023-09-29 11:30:00-04:00,19.100000381469727,19.100000381469727,18.959999084472656,18.969999313354492,10522,0.0,0.0
2023-09-29 12:30:00-04:00,18.959999084472656,19.059999465942383,18.959999084472656,19.059999465942383,12066,0.0,0.0
2023-09-29 13:30:00-04:00,19.06999969482422,19.200000762939453,18.959999084472656,19.010000228881836,10104,0.0,0.0
2023-09-29 14:30:00-04:00,19.010000228881836,19.209999084472656,18.970300674438477,19.104799270629883,36777,0.0,0.0
2023-09-29 15:30:00-04:00,19.100000381469727,19.18000030517578,19.010000228881836,19.18000030517578,11016,0.0,0.0
2023-10-02 09:30:00-04:00,18.959999084472656,19.044700622558594,18.829999923706055,18.950000762939453,3733,0.0,0.0
2023-10-02 10:30:00-04:00,18.92490005493164,18.989900588989258,18.84000015258789,18.949499130249023,3579,0.0,0.0
2023-10-02 11:30:00-04:00,18.950000762939453,19.018400192260742,18.945899963378906,18.979999542236328,2010,0.0,0.0
2023-10-02 12:30:00-04:00,18.979999542236328,19.040000915527344,18.950000762939453,19.0,8959,0.0,0.0
2023-10-02 13:30:00-04:00,19.0,19.059999465942383,18.969999313354492,19.0,11717,0.0,0.0
2023-10-02 14:30:00-04:00,19.049999237060547,19.059999465942383,19.0,19.024999618530273,3850,0.0,0.0
2023-10-02 15:30:00-04:00,19.010000228881836,19.030000686645508,18.959999084472656,19.020000457763672,11328,0.0,0.0
2023-10-03 09:30:00-04:00,18.899999618530273,19.0,18.540000915527344,18.56999969482422,14606,0.0,0.0
2023-10-03 10:30:00-04:00,18.549999237060547,18.549999237060547,18.219999313354492,18.315000534057617,17350,0.0,0.0
2023-10-03 11:30:00-04:00,18.43000030517578,18.43000030517578,18.270000457763672,18.270000457763672,3279,0.0,0.0
2023-10-03 12:30:00-04:00,18.325000762939453,18.510000228881836,18.325000762939453,18.389999389648438,2182,0.0,0.0
2023-10-03 13:30:00-04:00,18.499900817871094,18.499900817871094,18.280000686645508,18.364999771118164,3518,0.0,0.0
2023-10-03 14:30:00-04:00,18.360000610351562,18.479999542236328,18.31999969482422,18.389999389648438,5537,0.0,0.0
2023-10-03 15:30:00-04:00,18.3700008392334,18.3700008392334,18.25,18.260000228881836,18859,0.0,0.0
2023-10-04 09:30:00-04:00,18.219999313354492,18.25,17.93000030517578,17.93000030517578,6913,0.0,0.0
2023-10-04 10:30:00-04:00,17.84000015258789,17.84000015258789,17.559999465942383,17.799999237060547,5742,0.0,0.0
2023-10-04 11:30:00-04:00,17.719999313354492,17.780000686645508,17.68000030517578,17.68000030517578,6272,0.0,0.0
2023-10-04 12:30:00-04:00,17.795400619506836,17.860000610351562,17.739999771118164,17.860000610351562,3739,0.0,0.0
2023-10-04 13:30:00-04:00,17.850000381469727,17.850000381469727,17.790000915527344,17.790000915527344,1680,0.0,0.0
2023-10-04 14:30:00-04:00,17.690000534057617,17.969999313354492,17.6299991607666,17.969999313354492,12508,0.0,0.0
2023-10-04 15:30:00-04:00,17.809999465942383,17.809999465942383,17.75,17.760000228881836,7673,0.0,0.0
2023-10-05 09:30:00-04:00,17.700000762939453,17.75,17.59000015258789,17.700000762939453,0,0.0,0.0
2023-10-05 10:30:00-04:00,17.69499969482422,17.69499969482422,17.649999618530273,17.649999618530273,2433,0.0,0.0
2023-10-05 11:30:00-04:00,17.690000534057617,17.739999771118164,17.63010025024414,17.670000076293945,6791,0.0,0.0
2023-10-05 12:30:00-04:00,17.68000030517578,17.790000915527344,17.68000030517578,17.790000915527344,5572,0.0,0.0
2023-10-05 13:30:00-04:00,17.81999969482422,17.81999969482422,17.75,17.799999237060547,1814,0.0,0.0
2023-10-05 14:30:00-04:00,17.799999237060547,17.940000534057617,17.799999237060547,17.8700008392334,4899,0.0,0.0
2023-10-05 15:30:00-04:00,17.899999618530273,17.93000030517578,17.8700008392334,17.8799991607666,4613,0.0,0.0
2023-10-06 09:30:00-04:00,17.790000915527344,18.40999984741211,17.790000915527344,18.40999984741211,0,0.0,0.0
2023-10-06 10:30:00-04:00,18.008699417114258,18.010000228881836,17.579999923706055,17.760000228881836,6472,0.0,0.0
2023-10-06 11:30:00-04:00,17.905000686645508,18.200000762939453,17.8700008392334,18.200000762939453,4730,0.0,0.0
2023-10-06 12:30:00-04:00,18.200000762939453,18.200000762939453,18.139999389648438,18.145000457763672,1611,0.0,0.0
2023-10-06 13:30:00-04:00,18.125,18.125,18.125,18.125,473,0.0,0.0
2023-10-06 14:30:00-04:00,18.15999984741211,18.25,18.100000381469727,18.100000381469727,7408,0.0,0.0
2023-10-06 15:30:00-04:00,18.075000762939453,18.18000030517578,18.059999465942383,18.18000030517578,7102,0.0,0.0
2023-10-09 09:30:00-04:00,18.049999237060547,18.450000762939453,18.0,18.135000228881836,3669,0.0,0.0
2023-10-09 10:30:00-04:00,17.985300064086914,17.985300064086914,17.985300064086914,17.985300064086914,456,0.0,0.0
2023-10-09 11:30:00-04:00,18.07069969177246,18.092599868774414,18.020000457763672,18.092599868774414,991,0.0,0.0
2023-10-09 12:30:00-04:00,17.985000610351562,17.985000610351562,17.985000610351562,17.985000610351562,113,0.0,0.0
2023-10-09 13:30:00-04:00,18.110700607299805,18.149999618530273,18.030000686645508,18.09000015258789,4018,0.0,0.0
2023-10-09 14:30:00-04:00,18.084999084472656,18.190000534057617,18.059999465942383,18.100000381469727,3007,0.0,0.0
2023-10-09 15:30:00-04:00,18.06999969482422,18.1299991607666,18.059999465942383,18.06999969482422,2284,0.0,0.0
2023-10-10 09:30:00-04:00,17.700000762939453,18.299999237060547,17.700000762939453,18.260000228881836,3456,0.0,0.0
2023-10-10 10:30:00-04:00,18.260000228881836,18.260000228881836,18.149999618530273,18.149999618530273,5101,0.0,0.0
2023-10-10 11:30:00-04:00,18.200000762939453,18.200000762939453,18.200000762939453,18.200000762939453,582,0.0,0.0
2023-10-10 12:30:00-04:00,18.149999618530273,18.149999618530273,18.0,18.000099182128906,5134,0.0,0.0
2023-10-10 13:30:00-04:00,18.0,18.149999618530273,17.959999084472656,17.979999542236328,4014,0.0,0.0
2023-10-10 14:30:00-04:00,17.989999771118164,18.114999771118164,17.8700008392334,17.920000076293945,8413,0.0,0.0
2023-10-10 15:30:00-04:00,17.920000076293945,17.920000076293945,17.809999465942383,17.899999618530273,0,0.0,0.0
2023-10-11 09:30:00-04:00,17.700000762939453,17.8799991607666,17.69499969482422,17.69499969482422,3203,0.0,0.0
2023-10-11 10:30:00-04:00,17.690000534057617,17.760000228881836,17.600000381469727,17.760000228881836,10496,0.0,0.0
2023-10-11 11:30:00-04:00,17.760000228881836,17.950000762939453,17.709999084472656,17.709999084472656,33974,0.0,0.0
2023-10-11 12:30:00-04:00,17.73040008544922,17.7450008392334,17.650999069213867,17.650999069213867,968,0.0,0.0
2023-10-11 13:30:00-04:00,17.75,17.75,17.75,17.75,679,0.0,0.0
2023-10-11 14:30:00-04:00,17.65999984741211,17.80500030517578,17.65999984741211,17.775999069213867,2008,0.0,0.0
2023-10-11 15:30:00-04:00,17.719999313354492,17.790000915527344,17.65999984741211,17.760000228881836,16542,0.0,0.0
2023-10-12 09:30:00-04:00,17.709999084472656,17.780000686645508,17.600000381469727,17.709999084472656,0,0.0,0.0
2023-10-12 10:30:00-04:00,17.700000762939453,17.700000762939453,17.700000762939453,17.700000762939453,433,0.0,0.0
2023-10-12 11:30:00-04:00,17.610000610351562,17.649999618530273,17.606700897216797,17.639999389648438,1976,0.0,0.0
2023-10-12 12:30:00-04:00,17.610599517822266,17.656200408935547,17.290000915527344,17.290000915527344,9566,0.0,0.0
2023-10-12 13:30:00-04:00,17.334999084472656,17.405000686645508,17.241300582885742,17.350200653076172,7078,0.0,0.0
2023-10-12 14:30:00-04:00,17.420000076293945,17.469999313354492,17.420000076293945,17.469999313354492,1580,0.0,0.0
2023-10-12 15:30:00-04:00,17.510000228881836,17.540000915527344,17.489999771118164,17.540000915527344,10280,0.0,0.0
2023-10-13 09:30:00-04:00,17.200000762939453,17.389999389648438,17.155899047851562,17.18000030517578,15318,0.0,0.0
2023-10-13 10:30:00-04:00,17.225000381469727,17.26569938659668,17.155000686645508,17.209999084472656,32413,0.0,0.0
2023-10-13 11:30:00-04:00,17.194000244140625,17.200000762939453,16.90999984741211,17.149999618530273,37672,0.0,0.0
2023-10-13 12:30:00-04:00,17.010000228881836,17.190799713134766,17.010000228881836,17.190799713134766,1314,0.0,0.0
2023-10-13 13:30:00-04:00,17.09000015258789,17.200000762939453,17.09000015258789,17.149999618530273,4390,0.0,0.0
2023-10-13 14:30:00-04:00,17.125,17.139999389648438,17.110000610351562,17.110000610351562,3648,0.0,0.0
2023-10-13 15:30:00-04:00,17.100000381469727,17.1299991607666,17.010000228881836,17.010000228881836,6814,0.0,0.0
2023-10-16 09:30:00-04:00,17.15999984741211,17.209999084472656,16.725000381469727,16.770000457763672,0,0.0,0.0
2023-10-16 10:30:00-04:00,16.770000457763672,17.030000686645508,16.65999984741211,16.795000076293945,20358,0.0,0.0
2023-10-16 11:30:00-04:00,16.75749969482422,16.844999313354492,16.719999313354492,16.799999237060547,1919,0.0,0.0
2023-10-16 12:30:00-04:00,16.84000015258789,16.89929962158203,16.770000457763672,16.81999969482422,7829,0.0,0.0
2023-10-16 13:30:00-04:00,16.81999969482422,16.899999618530273,16.760000228881836,16.815000534057617,10176,0.0,0.0
2023-10-16 14:30:00-04:00,16.81999969482422,16.8799991607666,16.780000686645508,16.850000381469727,18106,0.0,0.0
2023-10-16 15:30:00-04:00,16.864999771118164,16.864999771118164,16.549999237060547,16.549999237060547,24867,0.0,0.0
2023-10-17 09:30:00-04:00,16.610000610351562,17.35930061340332,16.610000610351562,16.770000457763672,6053,0.0,0.0
2023-10-17 10:30:00-04:00,16.700000762939453,16.969999313354492,16.549999237060547,16.670000076293945,4298,0.0,0.0
2023-10-17 11:30:00-04:00,16.559999465942383,16.604999542236328,16.280000686645508,16.280000686645508,18392,0.0,0.0
2023-10-17 12:30:00-04:00,16.350000381469727,16.479999542236328,16.34000015258789,16.389999389648438,22086,0.0,0.0
2023-10-17 13:30:00-04:00,16.30500030517578,16.469999313354492,16.235000610351562,16.28499984741211,48399,0.0,0.0
2023-10-17 14:30:00-04:00,16.34000015258789,16.469900131225586,16.260000228881836,16.350000381469727,14948,0.0,0.0
2023-10-17 15:30:00-04:00,16.381200790405273,16.520000457763672,16.381200790405273,16.469999313354492,12674,0.0,0.0
2023-10-18 09:30:00-04:00,16.31999969482422,16.969999313354492,16.31999969482422,16.780000686645508,1090,0.0,0.0
2023-10-18 10:30:00-04:00,16.760000228881836,17.295000076293945,16.6200008392334,17.295000076293945,15240,0.0,0.0
2023-10-18 11:30:00-04:00,17.135000228881836,17.34000015258789,17.135000228881836,17.204999923706055,9097,0.0,0.0
2023-10-18 12:30:00-04:00,17.270000457763672,17.36989974975586,17.139999389648438,17.270000457763672,9167,0.0,0.0
2023-10-18 13:30:00-04:00,17.239999771118164,17.25,17.110000610351562,17.1200008392334,2211,0.0,0.0
2023-10-18 14:30:00-04:00,17.110000610351562,17.193899154663086,17.045000076293945,17.139999389648438,5505,0.0,0.0
2023-10-18 15:30:00-04:00,17.139999389648438,17.139999389648438,17.010000228881836,17.079999923706055,14796,0.0,0.0
2023-10-19 09:30:00-04:00,17.079999923706055,17.290000915527344,16.489999771118164,17.05500030517578,0,0.0,0.0
2023-10-19 10:30:00-04:00,16.950000762939453,17.06999969482422,16.860000610351562,17.020000457763672,4507,0.0,0.0
2023-10-19 11:30:00-04:00,17.104999542236328,17.104999542236328,16.780000686645508,16.780000686645508,15836,0.0,0.0
2023-10-19 12:30:00-04:00,16.729999542236328,16.790000915527344,16.350000381469727,16.59749984741211,0,0.0,0.0
2023-10-19 13:30:00-04:00,16.735000610351562,16.7450008392334,16.579999923706055,16.729999542236328,95697,0.0,0.0
2023-10-19 14:30:00-04:00,16.729999542236328,16.75,16.639999389648438,16.735000610351562,14000,0.0,0.0
2023-10-19 15:30:00-04:00,16.719999313354492,16.829999923706055,16.719999313354492,16.790000915527344,11533,0.0,0.0
2023-10-20 09:30:00-04:00,16.780000686645508,16.780000686645508,16.450000762939453,16.46500015258789,0,0.0,0.0
2023-10-20 10:30:00-04:00,16.40999984741211,16.5,16.170000076293945,16.170000076293945,37274,0.0,0.0
2023-10-20 11:30:00-04:00,16.18000030517578,16.25,16.170000076293945,16.190000534057617,17978,0.0,0.0
2023-10-20 12:30:00-04:00,16.190000534057617,16.329999923706055,16.190000534057617,16.239999771118164,5831,0.0,0.0
2023-10-20 13:30:00-04:00,16.190000534057617,16.31999969482422,16.18000030517578,16.25,12958,0.0,0.0
2023-10-20 14:30:00-04:00,16.229999542236328,16.31999969482422,16.219999313354492,16.31999969482422,5855,0.0,0.0
2023-10-20 15:30:00-04:00,16.350000381469727,16.75,16.230100631713867,16.65999984741211,39816,0.0,0.0
2023-10-23 09:30:00-04:00,16.600000381469727,16.600000381469727,16.299999237060547,16.43000030517578,0,0.0,0.0
2023-10-23 10:30:00-04:00,16.530000686645508,16.569900512695312,16.374500274658203,16.399999618530273,1872,0.0,0.0
2023-10-23 11:30:00-04:00,16.489999771118164,16.510000228881836,16.329999923706055,16.3700008392334,9609,0.0,0.0
2023-10-23 12:30:00-04:00,16.420000076293945,16.43000030517578,16.295499801635742,16.295499801635742,7209,0.0,0.0
2023-10-23 13:30:00-04:00,16.290000915527344,16.34000015258789,16.290000915527344,16.31999969482422,427,0.0,0.0
2023-10-23 14:30:00-04:00,16.280099868774414,16.31999969482422,16.280000686645508,16.309999465942383,2028,0.0,0.0
2023-10-23 15:30:00-04:00,16.299999237060547,16.329999923706055,16.229999542236328,16.25,23986,0.0,0.0
2023-10-24 09:30:00-04:00,16.32200050354004,16.40999984741211,16.139999389648438,16.149999618530273,13417,0.0,0.0
2023-10-24 10:30:00-04:00,16.110000610351562,16.269399642944336,16.100099563598633,16.174999237060547,11626,0.0,0.0
2023-10-24 11:30:00-04:00,16.170000076293945,16.170000076293945,16.049999237060547,16.09000015258789,19042,0.0,0.0
2023-10-24 12:30:00-04:00,16.049999237060547,16.049999237060547,15.829999923706055,15.979999542236328,28525,0.0,0.0
2023-10-24 13:30:00-04:00,15.920499801635742,16.020000457763672,15.800000190734863,15.8100004196167,14116,0.0,0.0
2023-10-24 14:30:00-04:00,15.850000381469727,15.850000381469727,15.550000190734863,15.71500015258789,43979,0.0,0.0
2023-10-24 15:30:00-04:00,15.680000305175781,15.739999771118164,15.569999694824219,15.569999694824219,20021,0.0,0.0
2023-10-25 09:30:00-04:00,15.5600004196167,15.75,15.512499809265137,15.640000343322754,18125,0.0,0.0
2023-10-25 10:30:00-04:00,15.640000343322754,15.729999542236328,15.5600004196167,15.699999809265137,21910,0.0,0.0
2023-10-25 11:30:00-04:00,15.640000343322754,15.710000038146973,15.609999656677246,15.609999656677246,11068,0.0,0.0
2023-10-25 12:30:00-04:00,15.640000343322754,15.670000076293945,15.555000305175781,15.649999618530273,14627,0.0,0.0
2023-10-25 13:30:00-04:00,15.640000343322754,15.65999984741211,15.604999542236328,15.65999984741211,7320,0.0,0.0
2023-10-25 14:30:00-04:00,15.65999984741211,15.65999984741211,15.050000190734863,15.15999984741211,56739,0.0,0.0
2023-10-25 15:30:00-04:00,15.180000305175781,15.25,14.789999961853027,14.8100004196167,63395,0.0,0.0
2023-10-26 09:30:00-04:00,14.949999809265137,14.949999809265137,13.6899995803833,14.157999992370605,25962,0.0,0.0
2023-10-26 10:30:00-04:00,14.149999618530273,14.170000076293945,12.079999923706055,12.670000076293945,325904,0.0,0.0
2023-10-26 11:30:00-04:00,12.685799598693848,13.800000190734863,12.390000343322754,13.28499984741211,553777,0.0,0.0
2023-10-26 12:30:00-04:00,13.341400146484375,14.0,13.300000190734863,13.9350004196167,74314,0.0,0.0
2023-10-26 13:30:00-04:00,13.960000038146973,14.350000381469727,13.829999923706055,13.960000038146973,51209,0.0,0.0
2023-10-26 14:30:00-04:00,13.949999809265137,14.1899995803833,13.920000076293945,13.949999809265137,36998,0.0,0.0
2023-10-26 15:30:00-04:00,14.029999732971191,14.029999732971191,13.660099983215332,13.819999694824219,46105,0.0,0.0
2023-10-27 09:30:00-04:00,13.819999694824219,13.84000015258789,13.239999771118164,13.569999694824219,60996,0.0,0.0
2023-10-27 10:30:00-04:00,13.5600004196167,13.5600004196167,13.404999732971191,13.420000076293945,13321,0.0,0.0
2023-10-27 11:30:00-04:00,13.489999771118164,13.699999809265137,13.430000305175781,13.670000076293945,31781,0.0,0.0
2023-10-27 12:30:00-04:00,13.670000076293945,13.770000457763672,13.640000343322754,13.694999694824219,14080,0.0,0.0
2023-10-27 13:30:00-04:00,13.739999771118164,13.739999771118164,13.510000228881836,13.59000015258789,53821,0.0,0.0
2023-10-27 14:30:00-04:00,13.5600004196167,13.59000015258789,13.109999656677246,13.260000228881836,73715,0.0,0.0
2023-10-27 15:30:00-04:00,13.25,13.262299537658691,13.010000228881836,13.029999732971191,100112,0.0,0.0
2023-10-30 09:30:00-04:00,13.300000190734863,13.562999725341797,12.895000457763672,13.069999694824219,44077,0.0,0.0
2023-10-30 10:30:00-04:00,13.0,13.0,11.90999984741211,12.220000267028809,161971,0.0,0.0
2023-10-30 11:30:00-04:00,12.220000267028809,12.829999923706055,12.220000267028809,12.829999923706055,56332,0.0,0.0
2023-10-30 12:30:00-04:00,12.828700065612793,12.920000076293945,12.75,12.78499984741211,42730,0.0,0.0
2023-10-30 13:30:00-04:00,12.8100004196167,13.270000457763672,12.789999961853027,13.210000038146973,60396,0.0,0.0
2023-10-30 14:30:00-04:00,13.2475004196167,13.369999885559082,13.21500015258789,13.310099601745605,22445,0.0,0.0
2023-10-30 15:30:00-04:00,13.335000038146973,13.369999885559082,13.260000228881836,13.319999694824219,28827,0.0,0.0
2023-10-31 09:30:00-04:00,13.229999542236328,13.539999961853027,13.226099967956543,13.539999961853027,6399,0.0,0.0
2023-10-31 10:30:00-04:00,13.537500381469727,13.579999923706055,13.260000228881836,13.260000228881836,4684,0.0,0.0
2023-10-31 11:30:00-04:00,13.388500213623047,13.510000228881836,13.25,13.510000228881836,22562,0.0,0.0
2023-10-31 12:30:00-04:00,13.4399995803833,13.4399995803833,13.260000228881836,13.260000228881836,8444,0.0,0.0
2023-10-31 13:30:00-04:00,13.280599594116211,13.390000343322754,13.229999542236328,13.234999656677246,8408,0.0,0.0
2023-10-31 14:30:00-04:00,13.204999923706055,13.270000457763672,13.03499984741211,13.0600004196167,7430,0.0,0.0
2023-10-31 15:30:00-04:00,13.0600004196167,13.0600004196167,12.930000305175781,13.029999732971191,15327,0.0,0.0
2023-11-01 09:30:00-04:00,13.119999885559082,13.14050006866455,12.520000457763672,12.574999809265137,15111,0.0,0.0
2023-11-01 10:30:00-04:00,12.561200141906738,12.737500190734863,12.420000076293945,12.630000114440918,49747,0.0,0.0
2023-11-01 11:30:00-04:00,12.704999923706055,12.880000114440918,12.619999885559082,12.75,13749,0.0,0.0
2023-11-01 12:30:00-04:00,12.700300216674805,12.770000457763672,12.619999885559082,12.649999618530273,18822,0.0,0.0
2023-11-01 13:30:00-04:00,12.680000305175781,12.869999885559082,12.625,12.869999885559082,12361,0.0,0.0
2023-11-01 14:30:00-04:00,12.870599746704102,13.039999961853027,12.84000015258789,12.989999771118164,14526,0.0,0.0
2023-11-01 15:30:00-04:00,12.956600189208984,13.021400451660156,12.920499801635742,12.979999542236328,16820,0.0,0.0
2023-11-02 09:30:00-04:00,13.119999885559082,13.300000190734863,12.739999771118164,12.949999809265137,18148,0.0,0.0
2023-11-02 10:30:00-04:00,12.800000190734863,12.970000267028809,12.800000190734863,12.859999656677246,4915,0.0,0.0
2023-11-02 11:30:00-04:00,12.859999656677246,13.149999618530273,12.829999923706055,12.970000267028809,8573,0.0,0.0
2023-11-02 12:30:00-04:00,12.829999923706055,12.989999771118164,12.829999923706055,12.90999984741211,3252,0.0,0.0
2023-11-02 13:30:00-04:00,12.989999771118164,13.020000457763672,12.859999656677246,13.010000228881836,20534,0.0,0.0
2023-11-02 14:30:00-04:00,13.039999961853027,13.140000343322754,13.0,13.010000228881836,13874,0.0,0.0
2023-11-02 15:30:00-04:00,13.029999732971191,13.239999771118164,13.010000228881836,13.170000076293945,24707,0.0,0.0
2023-11-03 09:30:00-04:00,13.279999732971191,13.600000381469727,13.279999732971191,13.550000190734863,6464,0.0,0.0
2023-11-03 10:30:00-04:00,13.5600004196167,13.6899995803833,13.460000038146973,13.65999984741211,8744,0.0,0.0
2023-11-03 11:30:00-04:00,13.680000305175781,13.760000228881836,13.651800155639648,13.720000267028809,4546,0.0,0.0
2023-11-03 12:30:00-04:00,13.720000267028809,13.90999984741211,13.6850004196167,13.831100463867188,12284,0.0,0.0
2023-11-03 13:30:00-04:00,13.895999908447266,13.970000267028809,13.889900207519531,13.960000038146973,17586,0.0,0.0
2023-11-03 14:30:00-04:00,13.975000381469727,13.975000381469727,13.819999694824219,13.895000457763672,10062,0.0,0.0
2023-11-03 15:30:00-04:00,13.859999656677246,13.930000305175781,13.833399772644043,13.920000076293945,12824,0.0,0.0
2023-11-06 09:30:00-05:00,14.0,14.0,13.460000038146973,13.640000343322754,0,0.0,0.0
2023-11-06 10:30:00-05:00,13.586000442504883,13.619999885559082,13.430000305175781,13.600000381469727,7526,0.0,0.0
2023-11-06 11:30:00-05:00,13.5,13.5600004196167,13.454999923706055,13.454999923706055,5009,0.0,0.0
2023-11-06 12:30:00-05:00,13.430000305175781,13.454999923706055,13.319999694824219,13.420000076293945,10466,0.0,0.0
2023-11-06 13:30:00-05:00,13.4350004196167,13.437000274658203,13.399999618530273,13.437000274658203,3436,0.0,0.0
2023-11-06 14:30:00-05:00,13.4399995803833,13.517499923706055,13.40999984741211,13.517499923706055,9604,0.0,0.0
2023-11-06 15:30:00-05:00,13.494999885559082,13.550000190734863,13.470000267028809,13.494999885559082,15982,0.0,0.0
2023-11-07 09:30:00-05:00,13.359999656677246,13.670000076293945,13.359999656677246,13.47249984741211,0,0.0,0.0
2023-11-07 10:30:00-05:00,13.579999923706055,13.579999923706055,13.390000343322754,13.5,10133,0.0,0.0
2023-11-07 11:30:00-05:00,13.420000076293945,13.420000076293945,13.350000381469727,13.350000381469727,833,0.0,0.0
2023-11-07 12:30:00-05:00,13.470000267028809,13.470000267028809,13.25,13.289999961853027,14564,0.0,0.0
2023-11-07 13:30:00-05:00,13.289999961853027,13.329999923706055,13.289999961853027,13.329999923706055,1172,0.0,0.0
2023-11-07 14:30:00-05:00,13.350000381469727,13.420000076293945,13.329999923706055,13.369999885559082,7902,0.0,0.0
2023-11-07 15:30:00-05:00,13.369999885559082,13.385000228881836,13.3100004196167,13.350000381469727,9146,0.0,0.0
2023-11-08 09:30:00-05:00,13.350000381469727,13.369999885559082,13.149999618530273,13.170000076293945,17488,0.0,0.0
2023-11-08 10:30:00-05:00,13.130000114440918,13.210000038146973,12.850099563598633,12.850099563598633,16170,0.0,0.0
2023-11-08 11:30:00-05:00,12.859999656677246,12.979999542236328,12.84000015258789,12.854999542236328,25115,0.0,0.0
2023-11-08 12:30:00-05:00,12.892399787902832,12.899999618530273,12.760000228881836,12.859999656677246,27685,0.0,0.0
2023-11-08 13:30:00-05:00,12.899999618530273,12.920000076293945,12.699999809265137,12.739999771118164,35226,0.0,0.0
2023-11-08 14:30:00-05:00,12.795000076293945,13.0,12.739999771118164,13.0,29888,0.0,0.0
2023-11-08 15:30:00-05:00,12.989999771118164,13.039999961853027,12.9399995803833,13.0,31972,0.0,0.0
2023-11-09 09:30:00-05:00,15.899999618530273,16.18000030517578,14.6899995803833,15.020000457763672,265634,0.0,0.0
2023-11-09 10:30:00-05:00,15.010000228881836,15.100000381469727,14.369999885559082,14.54010009765625,88584,0.0,0.0
2023-11-09 11:30:00-05:00,14.670000076293945,14.75,14.399999618530273,14.399999618530273,22073,0.0,0.0
2023-11-09 12:30:00-05:00,14.399999618530273,14.5,14.210000038146973,14.390000343322754,31182,0.0,0.0
2023-11-09 13:30:00-05:00,14.305000305175781,14.470000267028809,14.140000343322754,14.260000228881836,42415,0.0,0.0
2023-11-09 14:30:00-05:00,14.199999809265137,14.550000190734863,14.199999809265137,14.25,26131,0.0,0.0
2023-11-09 15:30:00-05:00,14.25,14.444999694824219,14.220000267028809,14.220000267028809,78212,0.0,0.0
2023-11-10 09:30:00-05:00,14.5600004196167,15.180000305175781,14.5,14.899999618530273,72681,0.0,0.0
2023-11-10 10:30:00-05:00,14.967700004577637,14.993800163269043,14.850000381469727,14.86769962310791,18801,0.0,0.0
2023-11-10 11:30:00-05:00,14.892499923706055,15.079999923706055,14.840100288391113,15.024999618530273,22381,0.0,0.0
2023-11-10 12:30:00-05:00,15.024999618530273,15.039999961853027,14.949999809265137,14.979999542236328,26479,0.0,0.0
2023-11-10 13:30:00-05:00,14.914999961853027,15.430000305175781,14.835000038146973,15.050000190734863,83496,0.0,0.0
2023-11-10 14:30:00-05:00,14.989999771118164,15.109999656677246,14.880000114440918,14.90999984741211,18196,0.0,0.0
2023-11-10 15:30:00-05:00,14.904999732971191,15.029999732971191,14.904999732971191,14.949999809265137,39857,0.0,0.0
2023-11-13 09:30:00-05:00,14.729999542236328,15.050000190734863,14.710000038146973,14.907600402832031,0,0.0,0.0
2023-11-13 10:30:00-05:00,14.859999656677246,14.89799976348877,14.795000076293945,14.795000076293945,4232,0.0,0.0
2023-11-13 11:30:00-05:00,14.850000381469727,15.119999885559082,14.800000190734863,15.119999885559082,13666,0.0,0.0
2023-11-13 12:30:00-05:00,15.069999694824219,15.079999923706055,14.960000038146973,15.006799697875977,13687,0.0,0.0
2023-11-13 13:30:00-05:00,15.005000114440918,15.079999923706055,15.005000114440918,15.0600004196167,2580,0.0,0.0
2023-11-13 14:30:00-05:00,15.029999732971191,15.229999542236328,15.029999732971191,15.194999694824219,15704,0.0,0.0
2023-11-13 15:30:00-05:00,15.164999961853027,15.399999618530273,15.130000114440918,15.25,52908,0.0,0.0
2023-11-14 09:30:00-05:00,15.489999771118164,15.899999618530273,15.399999618530273,15.654999732971191,33831,0.0,0.0
2023-11-14 10:30:00-05:00,15.630000114440918,15.630000114440918,15.260000228881836,15.46500015258789,27604,0.0,0.0
2023-11-14 11:30:00-05:00,15.399999618530273,15.5,15.15250015258789,15.15250015258789,25735,0.0,0.0
2023-11-14 12:30:00-05:00,15.125,15.359999656677246,15.069999694824219,15.279999732971191,10650,0.0,0.0
2023-11-14 13:30:00-05:00,15.333900451660156,15.333900451660156,15.184000015258789,15.184000015258789,7951,0.0,0.0
2023-11-14 14:30:00-05:00,15.199999809265137,15.25,14.970000267028809,15.0,20653,0.0,0.0
2023-11-14 15:30:00-05:00,14.949999809265137,14.989999771118164,14.84000015258789,14.90999984741211,17585,0.0,0.0
2023-11-15 09:30:00-05:00,14.890000343322754,15.180000305175781,14.8100004196167,15.027899742126465,28217,0.0,0.0
2023-11-15 10:30:00-05:00,15.010000228881836,15.079999923706055,14.806599617004395,14.854999542236328,15822,0.0,0.0
2023-11-15 11:30:00-05:00,14.81089973449707,14.81089973449707,14.710000038146973,14.739999771118164,15554,0.0,0.0
2023-11-15 12:30:00-05:00,14.760000228881836,14.819999694824219,14.609999656677246,14.609999656677246,10710,0.0,0.0
2023-11-15 13:30:00-05:00,14.662500381469727,14.819999694824219,14.609999656677246,14.797499656677246,22331,0.0,0.0
2023-11-15 14:30:00-05:00,14.789999961853027,14.890000343322754,14.760000228881836,14.8100004196167,17034,0.0,0.0
2023-11-15 15:30:00-05:00,14.8100004196167,14.829999923706055,14.670000076293945,14.729999542236328,9493,0.0,0.0
2023-11-16 09:30:00-05:00,14.579999923706055,14.8100004196167,14.300000190734863,14.460000038146973,20700,0.0,0.0
2023-11-16 10:30:00-05:00,14.449999809265137,14.520000457763672,14.420000076293945,14.470000267028809,3680,0.0,0.0
2023-11-16 11:30:00-05:00,14.430000305175781,14.470000267028809,14.170000076293945,14.279999732971191,21786,0.0,0.0
2023-11-16 12:30:00-05:00,14.329999923706055,14.539999961853027,14.279999732971191,14.345000267028809,11075,0.0,0.0
2023-11-16 13:30:00-05:00,14.289999961853027,14.380000114440918,14.220000267028809,14.324999809265137,12143,0.0,0.0
2023-11-16 14:30:00-05:00,14.359999656677246,14.449999809265137,14.34000015258789,14.34000015258789,5971,0.0,0.0
2023-11-16 15:30:00-05:00,14.279999732971191,14.430000305175781,14.279999732971191,14.359999656677246,11097,0.0,0.0
2023-11-17 09:30:00-05:00,14.399999618530273,14.779999732971191,14.375,14.699999809265137,34451,0.0,0.0
2023-11-17 10:30:00-05:00,14.718799591064453,14.869999885559082,14.699999809265137,14.859999656677246,8708,0.0,0.0
2023-11-17 11:30:00-05:00,14.800000190734863,14.90999984741211,14.800000190734863,14.871999740600586,9920,0.0,0.0
2023-11-17 12:30:00-05:00,14.819999694824219,14.880000114440918,14.680000305175781,14.680000305175781,8761,0.0,0.0
2023-11-17 13:30:00-05:00,14.649999618530273,14.670000076293945,14.550000190734863,14.619500160217285,22140,0.0,0.0
2023-11-17 14:30:00-05:00,14.609800338745117,14.640000343322754,14.539999961853027,14.579999923706055,4183,0.0,0.0
2023-11-17 15:30:00-05:00,14.520000457763672,14.5600004196167,14.5,14.529999732971191,8026,0.0,0.0
2023-11-20 09:30:00-05:00,14.510000228881836,14.539999961853027,14.240099906921387,14.390000343322754,0,0.0,0.0
2023-11-20 10:30:00-05:00,14.350000381469727,14.517999649047852,14.25,14.489999771118164,20871,0.0,0.0
2023-11-20 11:30:00-05:00,14.484999656677246,14.539999961853027,14.479999542236328,14.479999542236328,1971,0.0,0.0
2023-11-20 12:30:00-05:00,14.479999542236328,14.489899635314941,14.350000381469727,14.4399995803833,8438,0.0,0.0
2023-11-20 13:30:00-05:00,14.449999809265137,14.65999984741211,14.4399995803833,14.649999618530273,13806,0.0,0.0
2023-11-20 14:30:00-05:00,14.670000076293945,14.755000114440918,14.489999771118164,14.520000457763672,11135,0.0,0.0
2023-11-20 15:30:00-05:00,14.5,14.720000267028809,14.5,14.720000267028809,15833,0.0,0.0
2023-11-21 09:30:00-05:00,14.539999961853027,15.220000267028809,14.539999961853027,15.09000015258789,0,0.0,0.0
2023-11-21 10:30:00-05:00,15.03499984741211,15.4399995803833,15.03499984741211,15.180000305175781,9837,0.0,0.0
2023-11-21 11:30:00-05:00,15.220000267028809,15.420000076293945,15.095000267028809,15.350000381469727,11915,0.0,0.0
2023-11-21 12:30:00-05:00,15.300000190734863,15.399999618530273,15.1899995803833,15.21500015258789,13658,0.0,0.0
2023-11-21 13:30:00-05:00,15.289999961853027,15.399900436401367,15.239999771118164,15.279999732971191,17109,0.0,0.0
2023-11-21 14:30:00-05:00,15.300000190734863,15.399999618530273,15.289999961853027,15.3100004196167,15442,0.0,0.0
2023-11-21 15:30:00-05:00,15.369999885559082,15.380000114440918,15.289999961853027,15.359999656677246,9594,0.0,0.0
2023-11-22 09:30:00-05:00,15.4399995803833,17.0,15.4399995803833,17.0,81005,0.0,0.0
2023-11-22 10:30:00-05:00,16.96500015258789,17.249900817871094,16.75,17.09000015258789,29004,0.0,0.0
2023-11-22 11:30:00-05:00,17.09000015258789,17.200000762939453,16.989999771118164,17.079999923706055,34624,0.0,0.0
2023-11-22 12:30:00-05:00,17.010099411010742,17.049999237060547,16.940000534057617,17.039899826049805,6389,0.0,0.0
2023-11-22 13:30:00-05:00,17.030000686645508,17.549999237060547,17.010000228881836,17.459999084472656,70456,0.0,0.0
2023-11-22 14:30:00-05:00,17.469999313354492,17.65999984741211,17.389999389648438,17.524999618530273,20778,0.0,0.0
2023-11-22 15:30:00-05:00,17.584999084472656,17.790000915527344,17.510000228881836,17.770000457763672,54985,0.0,0.0
2023-11-24 09:30:00-05:00,17.40999984741211,17.809999465942383,17.395000457763672,17.395000457763672,15679,0.0,0.0
2023-11-24 10:30:00-05:00,17.329999923706055,17.399999618530273,16.9606990814209,17.020000457763672,8545,0.0,0.0
2023-11-24 11:30:00-05:00,17.020000457763672,17.06999969482422,16.850000381469727,16.94499969482422,9349,0.0,0.0
2023-11-27 09:30:00-05:00,16.989999771118164,17.100000381469727,16.5,16.729999542236328,23263,0.0,0.0
2023-11-27 10:30:00-05:00,16.600000381469727,16.835800170898438,16.280000686645508,16.454999923706055,23469,0.0,0.0
2023-11-27 11:30:00-05:00,16.360000610351562,16.5,16.260000228881836,16.5,15079,0.0,0.0
2023-11-27 12:30:00-05:00,16.540000915527344,16.739999771118164,16.511499404907227,16.655000686645508,5447,0.0,0.0
2023-11-27 13:30:00-05:00,16.709999084472656,16.709999084472656,16.440000534057617,16.680700302124023,7866,0.0,0.0
2023-11-27 14:30:00-05:00,16.559999465942383,16.559999465942383,16.25,16.270000457763672,38435,0.0,0.0
2023-11-27 15:30:00-05:00,16.328699111938477,16.389999389648438,16.20009994506836,16.309999465942383,9037,0.0,0.0
2023-11-28 09:30:00-05:00,16.639999389648438,16.64259910583496,16.19070053100586,16.420000076293945,20602,0.0,0.0
2023-11-28 10:30:00-05:00,16.350000381469727,16.375,16.290000915527344,16.299999237060547,2054,0.0,0.0
2023-11-28 11:30:00-05:00,16.37700080871582,16.510000228881836,16.360000610351562,16.479999542236328,3140,0.0,0.0
2023-11-28 12:30:00-05:00,16.329999923706055,16.450000762939453,16.299999237060547,16.40999984741211,8278,0.0,0.0
2023-11-28 13:30:00-05:00,16.459999084472656,16.65999984741211,16.459999084472656,16.65999984741211,16767,0.0,0.0
2023-11-28 14:30:00-05:00,16.690000534057617,17.101600646972656,16.670000076293945,17.100000381469727,71585,0.0,0.0
2023-11-28 15:30:00-05:00,17.084999084472656,17.34000015258789,16.989999771118164,17.34000015258789,52695,0.0,0.0
2023-11-29 09:30:00-05:00,17.600000381469727,17.690000534057617,17.389999389648438,17.389999389648438,18918,0.0,0.0
2023-11-29 10:30:00-05:00,17.31999969482422,17.31999969482422,17.06999969482422,17.1299991607666,10630,0.0,0.0
2023-11-29 11:30:00-05:00,17.15999984741211,17.15999984741211,16.92639923095703,16.969999313354492,16164,0.0,0.0
2023-11-29 12:30:00-05:00,16.959999084472656,17.209999084472656,16.93000030517578,17.014999389648438,16151,0.0,0.0
2023-11-29 13:30:00-05:00,17.0,17.290000915527344,16.940000534057617,17.290000915527344,8327,0.0,0.0
2023-11-29 14:30:00-05:00,17.174999237060547,17.450000762939453,17.149999618530273,17.149999618530273,8310,0.0,0.0
2023-11-29 15:30:00-05:00,17.270000457763672,17.270000457763672,17.059999465942383,17.118999481201172,9406,0.0,0.0
2023-11-30 09:30:00-05:00,16.959999084472656,17.059999465942383,16.829999923706055,16.90999984741211,7038,0.0,0.0
2023-11-30 10:30:00-05:00,16.920000076293945,17.098499298095703,16.799999237060547,16.799999237060547,3939,0.0,0.0
2023-11-30 11:30:00-05:00,16.790000915527344,16.898500442504883,16.770000457763672,16.898500442504883,4398,0.0,0.0
2023-11-30 12:30:00-05:00,16.829999923706055,17.040000915527344,16.829999923706055,17.03499984741211,3787,0.0,0.0
2023-11-30 13:30:00-05:00,17.010000228881836,17.239999771118164,16.989999771118164,17.200000762939453,8922,0.0,0.0
2023-11-30 14:30:00-05:00,17.20989990234375,17.25,16.950000762939453,17.049999237060547,12133,0.0,0.0
2023-11-30 15:30:00-05:00,17.049999237060547,17.219999313354492,17.049999237060547,17.219999313354492,17001,0.0,0.0
2023-12-01 09:30:00-05:00,16.989999771118164,17.420000076293945,16.989999771118164,17.389999389648438,3320,0.0,0.0
2023-12-01 10:30:00-05:00,17.43000030517578,17.69969940185547,17.270099639892578,17.610000610351562,27983,0.0,0.0
2023-12-01 11:30:00-05:00,17.700000762939453,17.739999771118164,17.510000228881836,17.600000381469727,17034,0.0,0.0
2023-12-01 12:30:00-05:00,17.6200008392334,17.625,17.425399780273438,17.450000762939453,9158,0.0,0.0
2023-12-01 13:30:00-05:00,17.519899368286133,17.600000381469727,17.40290069580078,17.510000228881836,13454,0.0,0.0
2023-12-01 14:30:00-05:00,17.483400344848633,17.59000015258789,17.479999542236328,17.59000015258789,7103,0.0,0.0
2023-12-01 15:30:00-05:00,17.600000381469727,17.68000030517578,17.479999542236328,17.6200008392334,19781,0.0,0.0
2023-12-04 09:30:00-05:00,17.6299991607666,17.739999771118164,17.270000457763672,17.739999771118164,0,0.0,0.0
2023-12-04 10:30:00-05:00,17.709999084472656,17.75,17.600000381469727,17.600000381469727,8171,0.0,0.0
2023-12-04 11:30:00-05:00,17.510000228881836,17.674999237060547,17.510000228881836,17.674999237060547,3749,0.0,0.0
2023-12-04 12:30:00-05:00,17.68000030517578,17.68000030517578,17.549999237060547,17.59040069580078,2683,0.0,0.0
2023-12-04 13:30:00-05:00,17.560800552368164,17.600000381469727,17.549999237060547,17.549999237060547,3113,0.0,0.0
2023-12-04 14:30:00-05:00,17.65999984741211,17.749900817871094,17.59000015258789,17.6200008392334,6996,0.0,0.0
2023-12-04 15:30:00-05:00,17.6200008392334,17.625,17.489999771118164,17.489999771118164,8027,0.0,0.0
2023-12-05 09:30:00-05:00,17.309999465942383,17.499900817871094,17.309999465942383,17.450000762939453,0,0.0,0.0
2023-12-05 10:30:00-05:00,17.459999084472656,17.739999771118164,17.450000762939453,17.649999618530273,7587,0.0,0.0
2023-12-05 11:30:00-05:00,17.604999542236328,17.729999542236328,17.510000228881836,17.6200008392334,3108,0.0,0.0
2023-12-05 12:30:00-05:00,17.530000686645508,17.65999984741211,17.399999618530273,17.65999984741211,22153,0.0,0.0
2023-12-05 13:30:00-05:00,17.59000015258789,17.690000534057617,17.59000015258789,17.600000381469727,11088,0.0,0.0
2023-12-05 14:30:00-05:00,17.565000534057617,17.565000534057617,17.35689926147461,17.389999389648438,7188,0.0,0.0
2023-12-05 15:30:00-05:00,17.34000015258789,17.3799991607666,17.15999984741211,17.200000762939453,5156,0.0,0.0
2023-12-06 09:30:00-05:00,17.219999313354492,17.25,16.93000030517578,17.040000915527344,12102,0.0,0.0
2023-12-06 10:30:00-05:00,17.25,17.25,16.97450065612793,16.988800048828125,8544,0.0,0.0
2023-12-06 11:30:00-05:00,16.989999771118164,17.03019905090332,16.799999237060547,16.94499969482422,21318,0.0,0.0
2023-12-06 12:30:00-05:00,16.899999618530273,16.950000762939453,16.885000228881836,16.899999618530273,11838,0.0,0.0
2023-12-06 13:30:00-05:00,16.90999984741211,16.969999313354492,16.899999618530273,16.959999084472656,22733,0.0,0.0
2023-12-06 14:30:00-05:00,16.94499969482422,16.96660041809082,16.799999237060547,16.799999237060547,19528,0.0,0.0
2023-12-06 15:30:00-05:00,16.799999237060547,16.799999237060547,16.639999389648438,16.700000762939453,17059,0.0,0.0
2023-12-07 09:30:00-05:00,16.889999389648438,17.149999618530273,16.889999389648438,17.149999618530273,0,0.0,0.0
2023-12-07 10:30:00-05:00,17.05500030517578,17.19499969482422,16.90999984741211,16.90999984741211,6744,0.0,0.0
2023-12-07 11:30:00-05:00,16.952800750732422,17.055299758911133,16.90999984741211,16.90999984741211,5313,0.0,0.0
2023-12-07 12:30:00-05:00,17.0,17.0,17.0,17.0,423,0.0,0.0
2023-12-07 13:30:00-05:00,16.956199645996094,16.9950008392334,16.899999618530273,16.950000762939453,5160,0.0,0.0
2023-12-07 14:30:00-05:00,16.9950008392334,16.9950008392334,16.8700008392334,16.890100479125977,7641,0.0,0.0
2023-12-07 15:30:00-05:00,16.890100479125977,16.915000915527344,16.79990005493164,16.889999389648438,17473,0.0,0.0
2023-12-08 09:30:00-05:00,16.770000457763672,17.010000228881836,16.709999084472656,16.90999984741211,0,0.0,0.0
2023-12-08 10:30:00-05:00,17.058700561523438,17.079999923706055,17.0,17.0,2254,0.0,0.0
2023-12-08 11:30:00-05:00,17.030000686645508,17.030000686645508,17.0,17.020000457763672,1118,0.0,0.0
2023-12-08 12:30:00-05:00,17.079999923706055,17.100000381469727,17.079999923706055,17.079999923706055,2399,0.0,0.0
2023-12-08 13:30:00-05:00,17.170000076293945,17.170000076293945,17.09000015258789,17.1200008392334,1268,0.0,0.0
2023-12-08 14:30:00-05:00,17.09000015258789,17.239999771118164,17.079999923706055,17.229999542236328,6167,0.0,0.0
2023-12-08 15:30:00-05:00,17.290000915527344,17.290000915527344,17.200000762939453,17.219999313354492,2494,0.0,0.0
2023-12-11 09:30:00-05:00,17.1200008392334,17.301000595092773,17.079999923706055,17.25,13258,0.0,0.0
2023-12-11 10:30:00-05:00,17.25,17.25,17.110000610351562,17.139999389648438,11187,0.0,0.0
2023-12-11 11:30:00-05:00,17.026199340820312,17.239999771118164,17.020099639892578,17.020099639892578,9082,0.0,0.0
2023-12-11 12:30:00-05:00,17.1299991607666,17.200000762939453,16.97010040283203,17.200000762939453,11611,0.0,0.0
2023-12-11 13:30:00-05:00,17.020000457763672,17.239999771118164,17.020000457763672,17.184999465942383,5763,0.0,0.0
2023-12-11 14:30:00-05:00,17.139999389648438,17.329999923706055,17.139999389648438,17.329999923706055,3695,0.0,0.0
2023-12-11 15:30:00-05:00,17.295000076293945,17.399999618530273,17.25,17.25,8475,0.0,0.0
2023-12-12 09:30:00-05:00,17.170000076293945,17.209999084472656,16.700000762939453,16.799999237060547,0,0.0,0.0
2023-12-12 10:30:00-05:00,16.979999542236328,17.006000518798828,16.975000381469727,16.975000381469727,1128,0.0,0.0
2023-12-12 11:30:00-05:00,17.059999465942383,17.09000015258789,17.0,17.074499130249023,1358,0.0,0.0
2023-12-12 12:30:00-05:00,16.940000534057617,17.035499572753906,16.90999984741211,17.0,2609,0.0,0.0
2023-12-12 13:30:00-05:00,16.911500930786133,17.0,16.911500930786133,16.989999771118164,7865,0.0,0.0
2023-12-12 14:30:00-05:00,17.0,17.092599868774414,16.950000762939453,17.092599868774414,11349,0.0,0.0
2023-12-12 15:30:00-05:00,17.129899978637695,17.170000076293945,16.978200912475586,16.979999542236328,9031,0.0,0.0
2023-12-13 09:30:00-05:00,16.969999313354492,17.068899154663086,16.893999099731445,16.969999313354492,5478,0.0,0.0
2023-12-13 10:30:00-05:00,17.049999237060547,17.25,16.969999313354492,17.25,6450,0.0,0.0
2023-12-13 11:30:00-05:00,17.290000915527344,17.31999969482422,17.149999618530273,17.31999969482422,11903,0.0,0.0
2023-12-13 12:30:00-05:00,17.299999237060547,17.299999237060547,17.020000457763672,17.020000457763672,6387,0.0,0.0
2023-12-13 13:30:00-05:00,17.135000228881836,17.135000228881836,17.135000228881836,17.135000228881836,717,0.0,0.0
2023-12-13 14:30:00-05:00,17.242799758911133,17.5,17.242799758911133,17.30500030517578,30792,0.0,0.0
2023-12-13 15:30:00-05:00,17.290000915527344,17.329999923706055,17.149999618530273,17.149999618530273,33881,0.0,0.0
2023-12-14 09:30:00-05:00,17.1200008392334,17.43000030517578,17.01110076904297,17.344999313354492,14205,0.0,0.0
2023-12-14 10:30:00-05:00,17.43000030517578,17.43000030517578,17.270000457763672,17.270000457763672,3815,0.0,0.0
2023-12-14 11:30:00-05:00,17.280000686645508,17.280000686645508,17.280000686645508,17.280000686645508,944,0.0,0.0
2023-12-14 12:30:00-05:00,17.280000686645508,17.280000686645508,17.059999465942383,17.100000381469727,5823,0.0,0.0
2023-12-14 13:30:00-05:00,17.09000015258789,17.299999237060547,17.079999923706055,17.200000762939453,20978,0.0,0.0
2023-12-14 14:30:00-05:00,17.290000915527344,17.40999984741211,17.280000686645508,17.375,7692,0.0,0.0
2023-12-14 15:30:00-05:00,17.329999923706055,17.59000015258789,17.31999969482422,17.360000610351562,23155,0.0,0.0
2023-12-15 09:30:00-05:00,17.040000915527344,17.399999618530273,17.040000915527344,17.299999237060547,0,0.0,0.0
2023-12-15 10:30:00-05:00,17.309999465942383,17.404499053955078,17.299999237060547,17.404499053955078,4131,0.0,0.0
2023-12-15 11:30:00-05:00,17.405000686645508,17.405000686645508,17.309999465942383,17.34000015258789,11159,0.0,0.0
2023-12-15 12:30:00-05:00,17.31999969482422,17.31999969482422,17.31999969482422,17.31999969482422,1560,0.0,0.0
2023-12-15 13:30:00-05:00,17.359500885009766,17.359500885009766,16.989999771118164,17.0,31660,0.0,0.0
2023-12-15 14:30:00-05:00,16.950000762939453,17.110000610351562,16.950000762939453,17.0,16328,0.0,0.0
2023-12-15 15:30:00-05:00,17.0398006439209,17.09000015258789,16.885000228881836,16.969999313354492,31099,0.0,0.0
2023-12-18 09:30:00-05:00,16.969999313354492,17.149999618530273,16.829999923706055,17.049999237060547,0,0.0,0.0
2023-12-18 10:30:00-05:00,17.095699310302734,17.190000534057617,17.010000228881836,17.145000457763672,6554,0.0,0.0
2023-12-18 11:30:00-05:00,17.155000686645508,17.155000686645508,16.959999084472656,17.010000228881836,8881,0.0,0.0
2023-12-18 12:30:00-05:00,16.969999313354492,17.059999465942383,16.65999984741211,16.760000228881836,21361,0.0,0.0
2023-12-18 13:30:00-05:00,16.7367000579834,16.84000015258789,16.390100479125977,16.390100479125977,27677,0.0,0.0
2023-12-18 14:30:00-05:00,16.469999313354492,16.719999313354492,16.350000381469727,16.520000457763672,12123,0.0,0.0
2023-12-18 15:30:00-05:00,16.440000534057617,16.5,16.350000381469727,16.399999618530273,19791,0.0,0.0
2023-12-19 09:30:00-05:00,16.459999084472656,16.639999389648438,16.31999969482422,16.399999618530273,11534,0.0,0.0
2023-12-19 10:30:00-05:00,16.513700485229492,16.59000015258789,16.31999969482422,16.459999084472656,9452,0.0,0.0
2023-12-19 11:30:00-05:00,16.549999237060547,16.700000762939453,16.459999084472656,16.700000762939453,10972,0.0,0.0
2023-12-19 12:30:00-05:00,16.709999084472656,16.709999084472656,16.530000686645508,16.556100845336914,11119,0.0,0.0
2023-12-19 13:30:00-05:00,16.600000381469727,16.68000030517578,16.520000457763672,16.600000381469727,7029,0.0,0.0
2023-12-19 14:30:00-05:00,16.600000381469727,16.649999618530273,16.450000762939453,16.520000457763672,35133,0.0,0.0
2023-12-19 15:30:00-05:00,16.409900665283203,16.40999984741211,16.260000228881836,16.399999618530273,6603,0.0,0.0
2023-12-20 09:30:00-05:00,16.260000228881836,16.459999084472656,16.18000030517578,16.389999389648438,0,0.0,0.0
2023-12-20 10:30:00-05:00,16.3700008392334,16.600000381469727,16.3700008392334,16.53700065612793,5220,0.0,0.0
2023-12-20 11:30:00-05:00,16.40999984741211,16.500099182128906,16.399999618530273,16.40999984741211,3194,0.0,0.0
2023-12-20 12:30:00-05:00,16.420000076293945,16.655000686645508,16.40999984741211,16.655000686645508,20471,0.0,0.0
2023-12-20 13:30:00-05:00,16.700000762939453,16.93000030517578,16.700000762939453,16.93000030517578,2535,0.0,0.0
2023-12-20 14:30:00-05:00,16.899999618530273,16.9512996673584,16.549999237060547,16.549999237060547,11207,0.0,0.0
2023-12-20 15:30:00-05:00,16.559999465942383,16.6200008392334,16.459999084472656,16.59000015258789,6255,0.0,0.0
2023-12-21 09:30:00-05:00,16.61050033569336,16.61050033569336,16.420000076293945,16.420000076293945,959,0.0,0.0
2023-12-21 10:30:00-05:00,16.459999084472656,16.829999923706055,16.40999984741211,16.829999923706055,15721,0.0,0.0
2023-12-21 11:30:00-05:00,16.799999237060547,16.799999237060547,16.709999084472656,16.7450008392334,8076,0.0,0.0
2023-12-21 12:30:00-05:00,16.770000457763672,16.809999465942383,16.709999084472656,16.809999465942383,6498,0.0,0.0
2023-12-21 13:30:00-05:00,16.764999389648438,16.764999389648438,16.670000076293945,16.709999084472656,7965,0.0,0.0
2023-12-21 14:30:00-05:00,16.72879981994629,16.739999771118164,16.43000030517578,16.540000915527344,8133,0.0,0.0
2023-12-21 15:30:00-05:00,16.59000015258789,16.59000015258789,16.399999618530273,16.43000030517578,12581,0.0,0.0
2023-12-22 09:30:00-05:00,16.739999771118164,17.0,16.665000915527344,16.940000534057617,23240,0.0,0.0
2023-12-22 10:30:00-05:00,17.0,17.1299991607666,16.84000015258789,17.045000076293945,38075,0.0,0.0
2023-12-22 11:30:00-05:00,17.037099838256836,17.199100494384766,16.990100860595703,16.990100860595703,9712,0.0,0.0
2023-12-22 12:30:00-05:00,17.059999465942383,17.15130043029785,17.049999237060547,17.1299991607666,3382,0.0,0.0
2023-12-22 13:30:00-05:00,17.100000381469727,17.229999542236328,17.065500259399414,17.229999542236328,18788,0.0,0.0
2023-12-22 14:30:00-05:00,17.149999618530273,17.25,17.149999618530273,17.25,2557,0.0,0.0
2023-12-22 15:30:00-05:00,17.25,17.25,17.100000381469727,17.18000030517578,4565,0.0,0.0
2023-12-26 09:30:00-05:00,17.06999969482422,17.579999923706055,17.030000686645508,17.309999465942383,0,0.0,0.0
2023-12-26 10:30:00-05:00,17.270000457763672,17.600000381469727,17.270000457763672,17.579999923706055,15912,0.0,0.0
2023-12-26 11:30:00-05:00,17.47719955444336,17.950000762939453,17.47719955444336,17.844999313354492,43073,0.0,0.0
2023-12-26 12:30:00-05:00,17.8075008392334,18.145000457763672,17.799999237060547,18.139999389648438,40374,0.0,0.0
2023-12-26 13:30:00-05:00,18.139999389648438,18.25,18.02750015258789,18.209999084472656,10647,0.0,0.0
2023-12-26 14:30:00-05:00,18.25,18.270000457763672,17.8799991607666,17.8799991607666,25112,0.0,0.0
2023-12-26 15:30:00-05:00,17.860000610351562,17.889999389648438,17.6299991607666,17.670000076293945,26050,0.0,0.0
2023-12-27 09:30:00-05:00,17.579999923706055,18.489999771118164,17.579999923706055,18.25,64363,0.0,0.0
2023-12-27 10:30:00-05:00,18.420000076293945,18.489999771118164,18.100000381469727,18.1200008392334,9807,0.0,0.0
2023-12-27 11:30:00-05:00,18.1299991607666,18.1299991607666,18.0,18.08690071105957,11052,0.0,0.0
2023-12-27 12:30:00-05:00,18.0,18.15999984741211,18.0,18.15999984741211,2825,0.0,0.0
2023-12-27 13:30:00-05:00,18.200000762939453,18.200000762939453,17.959999084472656,17.959999084472656,5002,0.0,0.0
2023-12-27 14:30:00-05:00,17.969999313354492,18.030000686645508,17.809999465942383,17.889999389648438,16014,0.0,0.0
2023-12-27 15:30:00-05:00,17.94499969482422,17.950000762939453,17.780000686645508,17.790000915527344,12135,0.0,0.0
2023-12-28 09:30:00-05:00,17.75,17.8700008392334,17.430099487304688,17.520000457763672,2939,0.0,0.0
2023-12-28 10:30:00-05:00,17.850000381469727,17.9950008392334,17.850000381469727,17.979999542236328,5729,0.0,0.0
2023-12-28 11:30:00-05:00,17.850000381469727,17.8799991607666,17.68000030517578,17.690799713134766,5930,0.0,0.0
2023-12-28 12:30:00-05:00,17.670000076293945,17.895000457763672,17.670000076293945,17.80500030517578,6240,0.0,0.0
2023-12-28 13:30:00-05:00,17.80739974975586,17.80739974975586,17.687700271606445,17.687700271606445,3074,0.0,0.0
2023-12-28 14:30:00-05:00,17.735000610351562,17.735000610351562,17.530000686645508,17.6200008392334,4658,0.0,0.0
2023-12-28 15:30:00-05:00,17.6299991607666,17.84000015258789,17.579999923706055,17.84000015258789,11453,0.0,0.0
2023-12-29 09:30:00-05:00,18.200000762939453,18.200000762939453,17.860000610351562,17.961999893188477,4365,0.0,0.0
2023-12-29 10:30:00-05:00,17.950000762939453,18.045000076293945,17.84000015258789,18.0,12686,0.0,0.0
2023-12-29 11:30:00-05:00,17.931100845336914,18.05229949951172,17.860000610351562,17.860000610351562,15502,0.0,0.0
2023-12-29 12:30:00-05:00,17.8700008392334,18.03499984741211,17.860000610351562,17.860000610351562,36947,0.0,0.0
2023-12-29 13:30:00-05:00,17.799999237060547,17.850000381469727,17.729999542236328,17.739999771118164,13888,0.0,0.0
2023-12-29 14:30:00-05:00,17.7549991607666,17.799999237060547,17.709999084472656,17.739999771118164,21764,0.0,0.0
2023-12-29 15:30:00-05:00,17.75,17.889999389648438,17.75,17.84000015258789,33412,0.0,0.0
2024-01-02 09:30:00-05:00,17.8700008392334,17.9950008392334,17.649999618530273,17.864999771118164,0,0.0,0.0
2024-01-02 10:30:00-05:00,17.8700008392334,17.90999984741211,17.780000686645508,17.790000915527344,8293,0.0,0.0
2024-01-02 11:30:00-05:00,17.780000686645508,17.859899520874023,17.709999084472656,17.74020004272461,5095,0.0,0.0
2024-01-02 12:30:00-05:00,17.8174991607666,17.81999969482422,17.729999542236328,17.75,2891,0.0,0.0
2024-01-02 13:30:00-05:00,17.774999618530273,17.80900001525879,17.6299991607666,17.700000762939453,6252,0.0,0.0
2024-01-02 14:30:00-05:00,17.639999389648438,17.68000030517578,17.450000762939453,17.545000076293945,18705,0.0,0.0
2024-01-02 15:30:00-05:00,17.59000015258789,17.75,17.40999984741211,17.610000610351562,22469,0.0,0.0
2024-01-03 09:30:00-05:00,17.549999237060547,17.549999237060547,17.466100692749023,17.5,6426,0.0,0.0
2024-01-03 10:30:00-05:00,17.5,17.559999465942383,17.5,17.540000915527344,5753,0.0,0.0
2024-01-03 11:30:00-05:00,17.565000534057617,17.565000534057617,17.510000228881836,17.530000686645508,4512,0.0,0.0
2024-01-03 12:30:00-05:00,17.549999237060547,17.655000686645508,17.540000915527344,17.649999618530273,11400,0.0,0.0
2024-01-03 13:30:00-05:00,17.649999618530273,17.709999084472656,17.56999969482422,17.690000534057617,7428,0.0,0.0
2024-01-03 14:30:00-05:00,17.69499969482422,17.69499969482422,17.600000381469727,17.6200008392334,9104,0.0,0.0
2024-01-03 15:30:00-05:00,17.65999984741211,17.719999313354492,17.600000381469727,17.719999313354492,12542,0.0,0.0
2024-01-04 09:30:00-05:00,17.610000610351562,18.1200008392334,17.600000381469727,17.989999771118164,0,0.0,0.0
2024-01-04 10:30:00-05:00,17.989999771118164,18.041000366210938,17.88010025024414,17.88010025024414,10156,0.0,0.0
2024-01-04 11:30:00-05:00,17.982099533081055,17.982099533081055,17.920000076293945,17.920000076293945,1651,0.0,0.0
2024-01-04 12:30:00-05:00,17.899999618530273,17.950000762939453,17.860000610351562,17.875,4120,0.0,0.0
2024-01-04 13:30:00-05:00,17.93280029296875,17.940000534057617,17.830900192260742,17.875,17438,0.0,0.0
2024-01-04 14:30:00-05:00,17.875,17.981199264526367,17.729999542236328,17.799999237060547,15237,0.0,0.0
2024-01-04 15:30:00-05:00,17.825000762939453,17.87809944152832,17.639999389648438,17.639999389648438,18194,0.0,0.0
2024-01-05 09:30:00-05:00,17.600000381469727,17.989900588989258,17.600000381469727,17.709999084472656,0,0.0,0.0
2024-01-05 10:30:00-05:00,17.933300018310547,17.933300018310547,17.709999084472656,17.859899520874023,12012,0.0,0.0
2024-01-05 11:30:00-05:00,17.850000381469727,17.889999389648438,17.709999084472656,17.780000686645508,3534,0.0,0.0
2024-01-05 12:30:00-05:00,17.709999084472656,17.739900588989258,17.670000076293945,17.68000030517578,3159,0.0,0.0
2024-01-05 13:30:00-05:00,17.709999084472656,17.729999542236328,17.600000381469727,17.699899673461914,25732,0.0,0.0
2024-01-05 14:30:00-05:00,17.690000534057617,17.690000534057617,17.530099868774414,17.610000610351562,16195,0.0,0.0
2024-01-05 15:30:00-05:00,17.657899856567383,17.68000030517578,17.389999389648438,17.389999389648438,29683,0.0,0.0
2024-01-08 09:30:00-05:00,17.18000030517578,17.497800827026367,17.020000457763672,17.260000228881836,0,0.0,0.0
2024-01-08 10:30:00-05:00,17.32229995727539,17.4414005279541,17.270000457763672,17.4414005279541,10433,0.0,0.0
2024-01-08 11:30:00-05:00,17.459999084472656,17.684999465942383,17.459999084472656,17.471500396728516,7753,0.0,0.0
2024-01-08 12:30:00-05:00,17.399999618530273,17.43000030517578,17.25,17.329999923706055,5215,0.0,0.0
2024-01-08 13:30:00-05:00,17.395000457763672,17.45989990234375,17.309999465942383,17.43000030517578,4223,0.0,0.0
2024-01-08 14:30:00-05:00,17.450000762939453,17.549999237060547,17.399999618530273,17.520000457763672,4412,0.0,0.0
2024-01-08 15:30:00-05:00,17.549999237060547,17.59000015258789,17.3799991607666,17.479999542236328,24548,0.0,0.0
2024-01-09 09:30:00-05:00,17.5,17.5,17.100000381469727,17.110000610351562,13107,0.0,0.0
2024-01-09 10:30:00-05:00,17.19499969482422,17.299999237060547,17.110000610351562,17.299999237060547,10114,0.0,0.0
2024-01-09 11:30:00-05:00,17.225000381469727,17.43000030517578,17.15999984741211,17.389999389648438,17107,0.0,0.0
2024-01-09 12:30:00-05:00,17.360000610351562,17.700000762939453,17.350000381469727,17.700000762939453,10767,0.0,0.0
2024-01-09 13:30:00-05:00,17.610000610351562,17.665000915527344,17.530000686645508,17.530000686645508,10052,0.0,0.0
2024-01-09 14:30:00-05:00,17.610000610351562,17.670000076293945,17.3700008392334,17.3700008392334,34121,0.0,0.0
2024-01-09 15:30:00-05:00,17.360000610351562,17.479999542236328,17.31999969482422,17.389999389648438,15392,0.0,0.0
2024-01-10 09:30:00-05:00,17.288999557495117,17.450000762939453,17.1200008392334,17.1200008392334,8677,0.0,0.0
2024-01-10 10:30:00-05:00,17.059999465942383,17.21500015258789,17.059999465942383,17.15999984741211,6525,0.0,0.0
2024-01-10 11:30:00-05:00,17.200000762939453,17.280000686645508,17.174999237060547,17.174999237060547,3727,0.0,0.0
2024-01-10 12:30:00-05:00,17.170000076293945,17.174999237060547,17.010000228881836,17.069900512695312,6930,0.0,0.0
2024-01-10 13:30:00-05:00,17.020000457763672,17.098800659179688,16.8799991607666,17.040000915527344,28894,0.0,0.0
2024-01-10 14:30:00-05:00,16.989999771118164,17.028499603271484,16.950000762939453,16.954999923706055,13217,0.0,0.0
2024-01-10 15:30:00-05:00,16.93000030517578,17.08989906311035,16.899999618530273,16.93000030517578,18960,0.0,0.0
2024-01-11 09:30:00-05:00,16.899999618530273,17.43000030517578,16.700000762939453,17.1200008392334,11544,0.0,0.0
2024-01-11 10:30:00-05:00,17.1200008392334,17.239999771118164,17.11989974975586,17.1200008392334,2419,0.0,0.0
2024-01-11 11:30:00-05:00,17.15999984741211,17.207500457763672,17.03030014038086,17.03030014038086,5913,0.0,0.0
2024-01-11 12:30:00-05:00,17.149999618530273,17.149999618530273,16.950000762939453,16.969999313354492,7121,0.0,0.0
2024-01-11 13:30:00-05:00,16.945100784301758,17.125,16.93000030517578,17.059999465942383,9037,0.0,0.0
2024-01-11 14:30:00-05:00,17.128700256347656,17.139999389648438,17.020000457763672,17.100000381469727,10067,0.0,0.0
2024-01-11 15:30:00-05:00,17.079999923706055,17.25,17.030000686645508,17.235000610351562,34955,0.0,0.0
2024-01-12 09:30:00-05:00,17.280000686645508,17.5,17.190000534057617,17.190000534057617,13116,0.0,0.0
2024-01-12 10:30:00-05:00,17.229000091552734,17.25,17.09000015258789,17.164100646972656,15446,0.0,0.0
2024-01-12 11:30:00-05:00,17.229999542236328,17.270000457763672,17.15999984741211,17.180099487304688,5190,0.0,0.0
2024-01-12 12:30:00-05:00,17.231300354003906,17.2450008392334,17.110000610351562,17.110000610351562,6774,0.0,0.0
2024-01-12 13:30:00-05:00,17.18000030517578,17.18000030517578,17.116899490356445,17.116899490356445,1569,0.0,0.0
2024-01-12 14:30:00-05:00,17.09000015258789,17.200000762939453,17.079999923706055,17.09600067138672,21154,0.0,0.0
2024-01-12 15:30:00-05:00,17.110000610351562,17.149999618530273,17.06999969482422,17.139999389648438,8095,0.0,0.0
2024-01-16 09:30:00-05:00,17.010000228881836,17.030000686645508,16.729999542236328,16.84000015258789,10510,0.0,0.0
2024-01-16 10:30:00-05:00,16.81999969482422,17.0,16.68000030517578,16.799999237060547,20004,0.0,0.0
2024-01-16 11:30:00-05:00,16.790000915527344,16.790000915527344,16.719999313354492,16.719999313354492,5033,0.0,0.0
2024-01-16 12:30:00-05:00,16.719999313354492,16.719999313354492,16.420000076293945,16.450000762939453,27794,0.0,0.0
2024-01-16 13:30:00-05:00,16.450000762939453,16.700000762939453,16.450000762939453,16.600000381469727,7060,0.0,0.0
2024-01-16 14:30:00-05:00,16.524799346923828,16.850000381469727,16.469999313354492,16.850000381469727,18400,0.0,0.0
2024-01-16 15:30:00-05:00,16.81999969482422,16.940000534057617,16.719999313354492,16.719999313354492,36007,0.0,0.0
2024-01-17 09:30:00-05:00,16.499799728393555,16.5,16.450000762939453,16.450000762939453,4012,0.0,0.0
2024-01-17 10:30:00-05:00,16.40999984741211,16.52560043334961,16.40999984741211,16.52560043334961,1126,0.0,0.0
2024-01-17 11:30:00-05:00,16.450000762939453,16.530000686645508,16.450000762939453,16.530000686645508,4228,0.0,0.0
2024-01-17 12:30:00-05:00,16.452499389648438,16.489999771118164,16.430099487304688,16.46500015258789,1325,0.0,0.0
2024-01-17 13:30:00-05:00,16.43000030517578,16.454999923706055,16.309999465942383,16.350000381469727,14637,0.0,0.0
2024-01-17 14:30:00-05:00,16.399999618530273,16.579999923706055,16.309999465942383,16.514999389648438,10409,0.0,0.0
2024-01-17 15:30:00-05:00,16.510000228881836,16.530000686645508,16.40999984741211,16.40999984741211,8064,0.0,0.0
2024-01-18 09:30:00-05:00,16.450000762939453,16.81089973449707,16.399999618530273,16.81089973449707,10254,0.0,0.0
2024-01-18 10:30:00-05:00,16.714399337768555,16.920000076293945,16.690000534057617,16.889999389648438,28056,0.0,0.0
2024-01-18 11:30:00-05:00,16.863000869750977,16.899999618530273,16.620100021362305,16.620100021362305,15348,0.0,0.0
2024-01-18 12:30:00-05:00,16.6299991607666,16.68000030517578,16.5,16.545000076293945,5307,0.0,0.0
2024-01-18 13:30:00-05:00,16.5,16.5,16.420000076293945,16.420000076293945,1070,0.0,0.0
2024-01-18 14:30:00-05:00,16.40999984741211,16.459999084472656,16.329999923706055,16.329999923706055,5328,0.0,0.0
2024-01-18 15:30:00-05:00,16.385000228881836,16.43000030517578,16.260000228881836,16.260000228881836,38042,0.0,0.0
2024-01-19 09:30:00-05:00,16.299999237060547,16.65999984741211,16.049999237060547,16.149999618530273,23558,0.0,0.0
2024-01-19 10:30:00-05:00,16.139999389648438,16.299999237060547,16.049999237060547,16.299999237060547,11783,0.0,0.0
2024-01-19 11:30:00-05:00,16.221399307250977,16.221399307250977,16.202600479125977,16.202600479125977,544,0.0,0.0
2024-01-19 12:30:00-05:00,16.200000762939453,16.239999771118164,16.200000762939453,16.239999771118164,3561,0.0,0.0
2024-01-19 13:30:00-05:00,16.239999771118164,16.329999923706055,16.149999618530273,16.21500015258789,19167,0.0,0.0
2024-01-19 14:30:00-05:00,16.252500534057617,16.3700008392334,16.149999618530273,16.149999618530273,27092,0.0,0.0
2024-01-19 15:30:00-05:00,16.149999618530273,16.299999237060547,15.979999542236328,15.989999771118164,49709,0.0,0.0
2024-01-22 09:30:00-05:00,16.0,16.200000762939453,15.854599952697754,16.040000915527344,0,0.0,0.0
2024-01-22 10:30:00-05:00,16.013999938964844,16.459999084472656,16.013999938964844,16.280000686645508,11157,0.0,0.0
2024-01-22 11:30:00-05:00,16.290000915527344,16.325000762939453,16.100000381469727,16.102500915527344,5129,0.0,0.0
2024-01-22 12:30:00-05:00,16.100099563598633,16.299999237060547,16.100099563598633,16.18000030517578,7701,0.0,0.0
2024-01-22 13:30:00-05:00,16.209999084472656,16.290000915527344,16.209999084472656,16.270000457763672,3949,0.0,0.0
2024-01-22 14:30:00-05:00,16.260000228881836,16.280000686645508,16.229999542236328,16.280000686645508,6967,0.0,0.0
2024-01-22 15:30:00-05:00,16.290000915527344,16.299999237060547,16.049999237060547,16.049999237060547,46318,0.0,0.0
2024-01-23 09:30:00-05:00,16.139999389648438,16.18000030517578,15.859999656677246,15.979999542236328,36807,0.0,0.0
2024-01-23 10:30:00-05:00,15.890000343322754,15.890000343322754,15.699999809265137,15.75,0,0.0,0.0
2024-01-23 11:30:00-05:00,15.729999542236328,15.739999771118164,15.600000381469727,15.649999618530273,85246,0.0,0.0
2024-01-23 12:30:00-05:00,15.680000305175781,15.90999984741211,15.680000305175781,15.720000267028809,26635,0.0,0.0
2024-01-23 13:30:00-05:00,15.699999809265137,15.710000038146973,15.5600004196167,15.635000228881836,10952,0.0,0.0
2024-01-23 14:30:00-05:00,15.640000343322754,16.084999084472656,15.619999885559082,16.0049991607666,33422,0.0,0.0
2024-01-23 15:30:00-05:00,16.0,16.110000610351562,15.944999694824219,16.075000762939453,37261,0.0,0.0
2024-01-24 09:30:00-05:00,15.800000190734863,16.100000381469727,15.800000190734863,16.100000381469727,9304,0.0,0.0
2024-01-24 10:30:00-05:00,15.9399995803833,16.103700637817383,15.872900009155273,16.103700637817383,6601,0.0,0.0
2024-01-24 11:30:00-05:00,16.084999084472656,16.1299991607666,15.90999984741211,15.912500381469727,16866,0.0,0.0
2024-01-24 12:30:00-05:00,15.987500190734863,16.0,15.958900451660156,15.958900451660156,4178,0.0,0.0
2024-01-24 13:30:00-05:00,15.978699684143066,15.979999542236328,15.880000114440918,15.890000343322754,4255,0.0,0.0
2024-01-24 14:30:00-05:00,15.880000114440918,15.890000343322754,15.859999656677246,15.87279987335205,1907,0.0,0.0
2024-01-24 15:30:00-05:00,15.892000198364258,15.930000305175781,15.859999656677246,15.920000076293945,9886,0.0,0.0
2024-01-25 09:30:00-05:00,16.0,16.059999465942383,15.900099754333496,15.989999771118164,4641,0.0,0.0
2024-01-25 10:30:00-05:00,15.994999885559082,16.05500030517578,15.739999771118164,15.789999961853027,25898,0.0,0.0
2024-01-25 11:30:00-05:00,15.824999809265137,15.890000343322754,15.800000190734863,15.869999885559082,1980,0.0,0.0
2024-01-25 12:30:00-05:00,15.796299934387207,15.892000198364258,15.796299934387207,15.892000198364258,1203,0.0,0.0
2024-01-25 13:30:00-05:00,15.885000228881836,15.916099548339844,15.829999923706055,15.84000015258789,4342,0.0,0.0
2024-01-25 14:30:00-05:00,15.84000015258789,16.00670051574707,15.829999923706055,16.00670051574707,23528,0.0,0.0
2024-01-25 15:30:00-05:00,16.020000457763672,16.020000457763672,15.960000038146973,15.989999771118164,10606,0.0,0.0
2024-01-26 09:30:00-05:00,15.9399995803833,16.079999923706055,15.9399995803833,16.010000228881836,5587,0.0,0.0
2024-01-26 10:30:00-05:00,16.020000457763672,16.09000015258789,15.949999809265137,16.024999618530273,29204,0.0,0.0
2024-01-26 11:30:00-05:00,16.05500030517578,16.05500030517578,16.05500030517578,16.05500030517578,283,0.0,0.0
2024-01-26 12:30:00-05:00,16.03499984741211,16.040000915527344,15.979999542236328,16.010000228881836,11225,0.0,0.0
2024-01-26 13:30:00-05:00,16.010000228881836,16.020000457763672,15.920000076293945,16.0,10414,0.0,0.0
2024-01-26 14:30:00-05:00,16.0,16.020000457763672,15.930000305175781,15.970000267028809,12686,0.0,0.0
2024-01-26 15:30:00-05:00,15.970000267028809,16.010000228881836,15.960000038146973,16.0,7302,0.0,0.0
2024-01-29 09:30:00-05:00,15.970000267028809,15.970000267028809,15.819999694824219,15.84000015258789,3931,0.0,0.0
2024-01-29 10:30:00-05:00,15.819999694824219,16.139999389648438,15.75,16.100000381469727,21458,0.0,0.0
2024-01-29 11:30:00-05:00,16.100000381469727,16.139999389648438,16.040000915527344,16.040000915527344,14728,0.0,0.0
2024-01-29 12:30:00-05:00,16.010000228881836,16.010000228881836,15.925000190734863,15.975000381469727,21945,0.0,0.0
2024-01-29 13:30:00-05:00,15.975000381469727,16.0,15.920000076293945,15.9399995803833,17229,0.0,0.0
2024-01-29 14:30:00-05:00,15.949999809265137,16.0,15.899999618530273,15.989999771118164,23409,0.0,0.0
2024-01-29 15:30:00-05:00,15.989999771118164,16.040000915527344,15.984999656677246,16.020000457763672,23219,0.0,0.0
2024-01-30 09:30:00-05:00,15.899999618530273,16.15999984741211,15.855199813842773,16.065000534057617,28646,0.0,0.0
2024-01-30 10:30:00-05:00,16.059999465942383,16.100000381469727,16.0,16.049999237060547,24111,0.0,0.0
2024-01-30 11:30:00-05:00,16.059999465942383,16.079999923706055,16.010000228881836,16.020000457763672,10238,0.0,0.0
2024-01-30 12:30:00-05:00,15.9399995803833,15.9399995803833,15.829999923706055,15.880000114440918,24611,0.0,0.0
2024-01-30 13:30:00-05:00,15.869999885559082,15.869999885559082,15.65999984741211,15.75,15643,0.0,0.0
2024-01-30 14:30:00-05:00,15.75,15.75,15.449999809265137,15.555000305175781,25262,0.0,0.0
2024-01-30 15:30:00-05:00,15.59000015258789,15.65999984741211,15.510000228881836,15.619999885559082,43272,0.0,0.0
2024-01-31 09:30:00-05:00,15.710000038146973,15.8100004196167,15.607500076293945,15.607500076293945,936,0.0,0.0
2024-01-31 10:30:00-05:00,15.694999694824219,15.694999694824219,15.5,15.510000228881836,4247,0.0,0.0
2024-01-31 11:30:00-05:00,15.5,15.550000190734863,15.4399995803833,15.503999710083008,5281,0.0,0.0
2024-01-31 12:30:00-05:00,15.5,15.5,15.399999618530273,15.399999618530273,12076,0.0,0.0
2024-01-31 13:30:00-05:00,15.449999809265137,15.449999809265137,15.350000381469727,15.378600120544434,5059,0.0,0.0
2024-01-31 14:30:00-05:00,15.3100004196167,15.537699699401855,15.199999809265137,15.430000305175781,18892,0.0,0.0
2024-01-31 15:30:00-05:00,15.329999923706055,15.4399995803833,15.25,15.279999732971191,30816,0.0,0.0
2024-02-01 09:30:00-05:00,15.279999732971191,15.529999732971191,15.279999732971191,15.5,0,0.0,0.0
2024-02-01 10:30:00-05:00,15.449899673461914,15.539999961853027,15.329999923706055,15.539999961853027,5690,0.0,0.0
2024-02-01 11:30:00-05:00,15.539999961853027,15.539999961853027,15.489999771118164,15.5,3677,0.0,0.0
2024-02-01 12:30:00-05:00,15.470000267028809,15.470000267028809,15.34000015258789,15.437600135803223,3508,0.0,0.0
2024-02-01 13:30:00-05:00,15.4399995803833,15.449999809265137,15.359999656677246,15.359999656677246,3619,0.0,0.0
2024-02-01 14:30:00-05:00,15.369999885559082,15.369999885559082,15.220000267028809,15.220000267028809,23230,0.0,0.0
2024-02-01 15:30:00-05:00,15.20989990234375,15.430000305175781,15.20989990234375,15.369999885559082,19107,0.0,0.0
2024-02-02 09:30:00-05:00,15.449999809265137,15.925000190734863,15.3100004196167,15.3100004196167,5274,0.0,0.0
2024-02-02 10:30:00-05:00,15.454999923706055,15.5,15.350099563598633,15.5,4553,0.0,0.0
2024-02-02 11:30:00-05:00,15.529999732971191,15.582500457763672,15.420000076293945,15.5,10585,0.0,0.0
2024-02-02 12:30:00-05:00,15.5,15.609999656677246,15.5,15.59000015258789,3743,0.0,0.0
2024-02-02 13:30:00-05:00,15.619999885559082,15.6899995803833,15.579999923706055,15.649999618530273,6260,0.0,0.0
2024-02-02 14:30:00-05:00,15.640000343322754,15.65999984741211,15.460000038146973,15.460000038146973,45698,0.0,0.0
2024-02-02 15:30:00-05:00,15.460000038146973,15.470000267028809,15.390000343322754,15.460000038146973,20535,0.0,0.0
2024-02-05 09:30:00-05:00,15.399999618530273,15.59000015258789,15.220000267028809,15.449999809265137,15679,0.0,0.0
2024-02-05 10:30:00-05:00,15.489999771118164,15.54990005493164,15.449999809265137,15.499899864196777,1406,0.0,0.0
2024-02-05 11:30:00-05:00,15.47089958190918,15.550399780273438,15.430000305175781,15.545000076293945,9556,0.0,0.0
2024-02-05 12:30:00-05:00,15.51039981842041,15.640000343322754,15.510000228881836,15.609999656677246,6871,0.0,0.0
2024-02-05 13:30:00-05:00,15.619999885559082,15.720000267028809,15.619999885559082,15.720000267028809,9183,0.0,0.0
2024-02-05 14:30:00-05:00,15.71500015258789,15.859999656677246,15.683199882507324,15.800000190734863,21465,0.0,0.0
2024-02-05 15:30:00-05:00,15.779999732971191,15.890000343322754,15.760000228881836,15.890000343322754,18251,0.0,0.0
2024-02-06 09:30:00-05:00,15.75,16.100000381469727,15.520000457763672,16.030000686645508,0,0.0,0.0
2024-02-06 10:30:00-05:00,16.030000686645508,16.148300170898438,15.96500015258789,16.139999389648438,15651,0.0,0.0
2024-02-06 11:30:00-05:00,16.11829948425293,16.149999618530273,16.074199676513672,16.1299991607666,4539,0.0,0.0
2024-02-06 12:30:00-05:00,16.110000610351562,16.1299991607666,15.880000114440918,16.079999923706055,26803,0.0,0.0
2024-02-06 13:30:00-05:00,16.1200008392334,16.209400177001953,16.084999084472656,16.209400177001953,7285,0.0,0.0
2024-02-06 14:30:00-05:00,16.184999465942383,16.280000686645508,16.1200008392334,16.270000457763672,15091,0.0,0.0
2024-02-06 15:30:00-05:00,16.260000228881836,16.299999237060547,16.190000534057617,16.239999771118164,9405,0.0,0.0
2024-02-07 09:30:00-05:00,16.25,16.5,16.1299991607666,16.5,15843,0.0,0.0
2024-02-07 10:30:00-05:00,16.545000076293945,16.704999923706055,16.479999542236328,16.559999465942383,32298,0.0,0.0
2024-02-07 11:30:00-05:00,16.594999313354492,16.670000076293945,16.549999237060547,16.649999618530273,8949,0.0,0.0
2024-02-07 12:30:00-05:00,16.6299991607666,16.81999969482422,16.6299991607666,16.81999969482422,29169,0.0,0.0
2024-02-07 13:30:00-05:00,16.760000228881836,16.829999923706055,16.681100845336914,16.790000915527344,7205,0.0,0.0
2024-02-07 14:30:00-05:00,16.774999618530273,16.780000686645508,16.68000030517578,16.75,11910,0.0,0.0
2024-02-07 15:30:00-05:00,16.729999542236328,16.770000457763672,16.559999465942383,16.559999465942383,15547,0.0,0.0
2024-02-08 09:30:00-05:00,16.530000686645508,16.530000686645508,16.399999618530273,16.450000762939453,20792,0.0,0.0
2024-02-08 10:30:00-05:00,16.459999084472656,16.459999084472656,16.200000762939453,16.290000915527344,9442,0.0,0.0
2024-02-08 11:30:00-05:00,16.280000686645508,16.309999465942383,16.12380027770996,16.14240074157715,27937,0.0,0.0
2024-02-08 12:30:00-05:00,16.069599151611328,16.125,16.065000534057617,16.11750030517578,4887,0.0,0.0
2024-02-08 13:30:00-05:00,16.04010009765625,16.389999389648438,16.040000915527344,16.360000610351562,33262,0.0,0.0
2024-02-08 14:30:00-05:00,16.31999969482422,16.3799991607666,16.31999969482422,16.31999969482422,7360,0.0,0.0
2024-02-08 15:30:00-05:00,16.290000915527344,16.290000915527344,16.209999084472656,16.21500015258789,6223,0.0,0.0
2024-02-09 09:30:00-05:00,16.264999389648438,16.360000610351562,16.264999389648438,16.34000015258789,13614,0.0,0.0
2024-02-09 10:30:00-05:00,16.34000015258789,16.360000610351562,16.118900299072266,16.229999542236328,30067,0.0,0.0
2024-02-09 11:30:00-05:00,16.239999771118164,16.309999465942383,16.209999084472656,16.209999084472656,13708,0.0,0.0
2024-02-09 12:30:00-05:00,16.229999542236328,16.260000228881836,16.200000762939453,16.25,4209,0.0,0.0
2024-02-09 13:30:00-05:00,16.270000457763672,16.3799991607666,16.239999771118164,16.329999923706055,12225,0.0,0.0
2024-02-09 14:30:00-05:00,16.334999084472656,16.3700008392334,16.290000915527344,16.354999542236328,10755,0.0,0.0
2024-02-09 15:30:00-05:00,16.350000381469727,16.3700008392334,16.260000228881836,16.290000915527344,13068,0.0,0.0
2024-02-12 09:30:00-05:00,16.510000228881836,16.59000015258789,16.41010093688965,16.579999923706055,0,0.0,0.0
2024-02-12 10:30:00-05:00,16.579999923706055,16.799999237060547,16.530000686645508,16.799999237060547,32309,0.0,0.0
2024-02-12 11:30:00-05:00,16.81999969482422,17.100000381469727,16.81999969482422,17.0,20127,0.0,0.0
2024-02-12 12:30:00-05:00,16.975000381469727,17.03499984741211,16.940000534057617,17.03499984741211,11963,0.0,0.0
2024-02-12 13:30:00-05:00,17.0,17.030000686645508,16.961200714111328,16.979999542236328,6497,0.0,0.0
2024-02-12 14:30:00-05:00,16.989999771118164,17.06999969482422,16.989999771118164,17.049999237060547,13341,0.0,0.0
2024-02-12 15:30:00-05:00,17.06999969482422,17.149999618530273,17.040000915527344,17.079999923706055,9752,0.0,0.0
2024-02-13 09:30:00-05:00,17.010000228881836,17.010000228881836,16.600000381469727,16.600000381469727,15018,0.0,0.0
2024-02-13 10:30:00-05:00,16.600000381469727,17.170000076293945,16.600000381469727,17.170000076293945,14280,0.0,0.0
2024-02-13 11:30:00-05:00,17.200000762939453,17.309999465942383,16.989999771118164,16.991100311279297,21242,0.0,0.0
2024-02-13 12:30:00-05:00,17.0,17.040000915527344,17.0,17.040000915527344,1480,0.0,0.0
2024-02-13 13:30:00-05:00,17.100000381469727,17.1299991607666,16.8799991607666,16.91010093688965,11169,0.0,0.0
2024-02-13 14:30:00-05:00,16.93000030517578,17.139999389648438,16.93000030517578,17.114999771118164,12354,0.0,0.0
2024-02-13 15:30:00-05:00,17.139999389648438,17.15999984741211,17.059999465942383,17.139999389648438,15292,0.0,0.0
2024-02-14 09:30:00-05:00,17.360000610351562,17.499900817871094,17.1299991607666,17.485000610351562,17696,0.0,0.0
2024-02-14 10:30:00-05:00,17.33919906616211,17.33919906616211,17.229999542236328,17.295000076293945,4485,0.0,0.0
2024-02-14 11:30:00-05:00,17.30500030517578,17.315000534057617,17.190000534057617,17.190000534057617,5854,0.0,0.0
2024-02-14 12:30:00-05:00,17.219999313354492,17.299999237060547,17.219999313354492,17.299999237060547,4735,0.0,0.0
2024-02-14 13:30:00-05:00,17.270000457763672,17.479999542236328,17.270000457763672,17.479999542236328,10576,0.0,0.0
2024-02-14 14:30:00-05:00,17.47439956665039,17.559999465942383,17.310100555419922,17.3799991607666,17488,0.0,0.0
2024-02-14 15:30:00-05:00,17.3799991607666,17.510000228881836,17.010000228881836,17.219999313354492,66419,0.0,0.0
2024-02-15 09:30:00-05:00,17.290000915527344,17.488500595092773,17.290000915527344,17.399999618530273,3553,0.0,0.0
2024-02-15 10:30:00-05:00,17.479999542236328,17.530399322509766,17.3700008392334,17.479999542236328,20678,0.0,0.0
2024-02-15 11:30:00-05:00,17.469999313354492,17.63909912109375,17.469999313354492,17.610000610351562,13465,0.0,0.0
2024-02-15 12:30:00-05:00,17.614999771118164,17.614999771118164,17.462400436401367,17.510000228881836,6364,0.0,0.0
2024-02-15 13:30:00-05:00,17.520000457763672,17.630399703979492,17.471399307250977,17.6299991607666,12239,0.0,0.0
2024-02-15 14:30:00-05:00,17.6200008392334,17.670000076293945,17.329999923706055,17.34000015258789,10188,0.0,0.0
2024-02-15 15:30:00-05:00,17.34000015258789,17.40999984741211,17.290000915527344,17.34000015258789,15942,0.0,0.0
2024-02-16 09:30:00-05:00,17.200000762939453,17.40999984741211,17.139999389648438,17.183900833129883,0,0.0,0.0
2024-02-16 10:30:00-05:00,17.149999618530273,17.192100524902344,17.139999389648438,17.139999389648438,1833,0.0,0.0
2024-02-16 11:30:00-05:00,17.11750030517578,17.209999084472656,17.11750030517578,17.190000534057617,2919,0.0,0.0
2024-02-16 12:30:00-05:00,17.190000534057617,17.239999771118164,17.1299991607666,17.1299991607666,2994,0.0,0.0
2024-02-16 13:30:00-05:00,17.1299991607666,17.190000534057617,17.110000610351562,17.18000030517578,7043,0.0,0.0
2024-02-16 14:30:00-05:00,17.167999267578125,17.19499969482422,16.885000228881836,16.93000030517578,10423,0.0,0.0
2024-02-16 15:30:00-05:00,16.90999984741211,16.950000762939453,16.809999465942383,16.889999389648438,13162,0.0,0.0
2024-02-20 09:30:00-05:00,16.809999465942383,17.079999923706055,16.719999313354492,17.059999465942383,20819,0.0,0.0
2024-02-20 10:30:00-05:00,17.09000015258789,17.530000686645508,17.09000015258789,17.520000457763672,14216,0.0,0.0
2024-02-20 11:30:00-05:00,17.520000457763672,17.520000457763672,17.316699981689453,17.354999542236328,7284,0.0,0.0
2024-02-20 12:30:00-05:00,17.360000610351562,17.360000610351562,16.969999313354492,17.040000915527344,16770,0.0,0.0
2024-02-20 13:30:00-05:00,17.0049991607666,17.100000381469727,17.0,17.0,3867,0.0,0.0
2024-02-20 14:30:00-05:00,17.014999389648438,17.06999969482422,16.920000076293945,16.989999771118164,17185,0.0,0.0
2024-02-20 15:30:00-05:00,17.0,17.19580078125,16.959999084472656,17.19580078125,16417,0.0,0.0
2024-02-21 09:30:00-05:00,17.156099319458008,17.200000762939453,17.0,17.1299991607666,7579,0.0,0.0
2024-02-21 10:30:00-05:00,17.18000030517578,17.18000030517578,16.93000030517578,16.940000534057617,11571,0.0,0.0
2024-02-21 11:30:00-05:00,16.97640037536621,17.049999237060547,16.920000076293945,16.989999771118164,12496,0.0,0.0
2024-02-21 12:30:00-05:00,17.010000228881836,17.200000762939453,17.010000228881836,17.200000762939453,1851,0.0,0.0
2024-02-21 13:30:00-05:00,17.18000030517578,17.239999771118164,17.049999237060547,17.049999237060547,11792,0.0,0.0
2024-02-21 14:30:00-05:00,17.030000686645508,17.18000030517578,17.030000686645508,17.100000381469727,6617,0.0,0.0
2024-02-21 15:30:00-05:00,17.125,17.15999984741211,17.09000015258789,17.139999389648438,13169,0.0,0.0
2024-02-22 09:30:00-05:00,17.200000762939453,17.200000762939453,16.920000076293945,17.049999237060547,0,0.0,0.0
2024-02-22 10:30:00-05:00,17.049999237060547,17.260000228881836,16.920000076293945,17.15999984741211,22916,0.0,0.0
2024-02-22 11:30:00-05:00,17.149999618530273,17.200000762939453,17.059999465942383,17.190000534057617,23949,0.0,0.0
2024-02-22 12:30:00-05:00,17.18000030517578,17.43600082397461,17.18000030517578,17.40999984741211,13945,0.0,0.0
2024-02-22 13:30:00-05:00,17.420000076293945,17.459999084472656,17.32939910888672,17.385000228881836,8081,0.0,0.0
2024-02-22 14:30:00-05:00,17.3700008392334,17.549999237060547,17.260000228881836,17.309999465942383,44531,0.0,0.0
2024-02-22 15:30:00-05:00,17.34000015258789,17.34000015258789,17.109100341796875,17.209999084472656,30053,0.0,0.0
2024-02-23 09:30:00-05:00,16.450000762939453,16.989999771118164,15.8100004196167,16.360000610351562,191828,0.0,0.0
2024-02-23 10:30:00-05:00,16.34000015258789,16.700000762939453,16.309999465942383,16.360000610351562,71806,0.0,0.0
2024-02-23 11:30:00-05:00,16.3700008392334,16.879899978637695,16.3700008392334,16.68000030517578,89980,0.0,0.0
2024-02-23 12:30:00-05:00,16.700000762939453,16.969999313354492,16.389999389648438,16.540000915527344,28619,0.0,0.0
2024-02-23 13:30:00-05:00,16.56999969482422,16.709999084472656,16.399999618530273,16.5,35400,0.0,0.0
2024-02-23 14:30:00-05:00,16.53499984741211,16.68000030517578,16.40999984741211,16.565000534057617,37593,0.0,0.0
2024-02-23 15:30:00-05:00,16.53499984741211,16.729999542236328,16.520000457763672,16.600000381469727,54491,0.0,0.0
2024-02-26 09:30:00-05:00,16.3700008392334,16.989999771118164,16.3700008392334,16.989999771118164,18301,0.0,0.0
2024-02-26 10:30:00-05:00,16.950000762939453,16.950000762939453,16.549999237060547,16.600000381469727,5028,0.0,0.0
2024-02-26 11:30:00-05:00,16.600000381469727,16.625,16.5,16.510000228881836,12319,0.0,0.0
2024-02-26 12:30:00-05:00,16.54960060119629,16.6299991607666,16.399999618530273,16.6299991607666,7586,0.0,0.0
2024-02-26 13:30:00-05:00,16.6299991607666,16.77829933166504,16.6299991607666,16.764999389648438,6114,0.0,0.0
2024-02-26 14:30:00-05:00,16.68000030517578,16.760000228881836,16.440000534057617,16.604999542236328,21913,0.0,0.0
2024-02-26 15:30:00-05:00,16.604999542236328,16.739999771118164,16.559999465942383,16.735000610351562,20453,0.0,0.0
2024-02-27 09:30:00-05:00,16.6200008392334,16.6299991607666,16.09000015258789,16.200000762939453,64485,0.0,0.0
2024-02-27 10:30:00-05:00,16.219999313354492,16.25,16.040000915527344,16.174999237060547,28123,0.0,0.0
2024-02-27 11:30:00-05:00,16.149999618530273,16.173799514770508,15.819999694824219,15.9399995803833,40630,0.0,0.0
2024-02-27 12:30:00-05:00,16.0,16.100000381469727,15.819999694824219,15.84000015258789,42319,0.0,0.0
2024-02-27 13:30:00-05:00,15.819999694824219,15.899999618530273,15.75,15.890000343322754,21111,0.0,0.0
2024-02-27 14:30:00-05:00,15.90999984741211,15.979999542236328,15.850000381469727,15.880000114440918,20137,0.0,0.0
2024-02-27 15:30:00-05:00,15.90999984741211,15.911199569702148,15.75,15.8056001663208,35502,0.0,0.0
2024-02-28 09:30:00-05:00,15.75,15.890000343322754,15.699999809265137,15.835000038146973,12670,0.0,0.0
2024-02-28 10:30:00-05:00,15.835000038146973,15.880000114440918,15.649999618530273,15.75,39365,0.0,0.0
2024-02-28 11:30:00-05:00,15.710000038146973,15.7475004196167,15.620400428771973,15.630000114440918,13572,0.0,0.0
2024-02-28 12:30:00-05:00,15.705599784851074,15.705599784851074,15.369999885559082,15.4399995803833,29544,0.0,0.0
2024-02-28 13:30:00-05:00,15.4399995803833,15.4399995803833,15.100000381469727,15.220000267028809,40013,0.0,0.0
2024-02-28 14:30:00-05:00,15.229900360107422,15.520000457763672,15.199999809265137,15.40999984741211,20189,0.0,0.0
2024-02-28 15:30:00-05:00,15.430000305175781,15.449999809265137,15.365099906921387,15.380000114440918,28697,0.0,0.0
2024-02-29 09:30:00-05:00,15.380000114440918,15.789999961853027,15.260000228881836,15.375,30115,0.0,0.0
2024-02-29 10:30:00-05:00,15.369999885559082,15.5600004196167,15.289999961853027,15.5600004196167,17815,0.0,0.0
2024-02-29 11:30:00-05:00,15.550000190734863,15.569999694824219,15.4399995803833,15.449999809265137,26434,0.0,0.0
2024-02-29 12:30:00-05:00,15.494999885559082,15.850000381469727,15.494999885559082,15.729999542236328,92041,0.0,0.0
2024-02-29 13:30:00-05:00,15.760000228881836,15.84000015258789,15.699999809265137,15.699999809265137,29017,0.0,0.0
2024-02-29 14:30:00-05:00,15.691900253295898,15.755000114440918,15.619999885559082,15.619999885559082,21078,0.0,0.0
2024-02-29 15:30:00-05:00,15.630000114440918,15.680000305175781,15.520000457763672,15.539999961853027,13489,0.0,0.0
2024-03-01 09:30:00-05:00,15.699899673461914,15.748700141906738,15.6003999710083,15.675000190734863,6049,0.0,0.0
2024-03-01 10:30:00-05:00,15.675000190734863,15.73490047454834,15.670000076293945,15.710000038146973,20813,0.0,0.0
2024-03-01 11:30:00-05:00,15.670000076293945,15.720000267028809,15.635000228881836,15.649999618530273,5065,0.0,0.0
2024-03-01 12:30:00-05:00,15.600000381469727,15.609999656677246,15.539999961853027,15.539999961853027,5695,0.0,0.0
2024-03-01 13:30:00-05:00,15.5600004196167,15.614999771118164,15.550000190734863,15.614999771118164,4109,0.0,0.0
2024-03-01 14:30:00-05:00,15.574999809265137,15.600000381469727,15.555399894714355,15.579999923706055,8990,0.0,0.0
2024-03-01 15:30:00-05:00,15.600000381469727,15.739999771118164,15.579999923706055,15.680000305175781,16784,0.0,0.0
2024-03-04 09:30:00-05:00,15.640000343322754,15.640000343322754,15.350000381469727,15.5600004196167,0,0.0,0.0
2024-03-04 10:30:00-05:00,15.539999961853027,15.539999961853027,15.380000114440918,15.404999732971191,11676,0.0,0.0
2024-03-04 11:30:00-05:00,15.390000343322754,15.510000228881836,15.319999694824219,15.505000114440918,4258,0.0,0.0
2024-03-04 12:30:00-05:00,15.539999961853027,15.5600004196167,15.479999542236328,15.479999542236328,5841,0.0,0.0
2024-03-04 13:30:00-05:00,15.5,15.600000381469727,15.5,15.539999961853027,10920,0.0,0.0
2024-03-04 14:30:00-05:00,15.561200141906738,15.630000114440918,15.555000305175781,15.5600004196167,9920,0.0,0.0
2024-03-04 15:30:00-05:00,15.5600004196167,15.5600004196167,15.470000267028809,15.489999771118164,40088,0.0,0.0
2024-03-05 09:30:00-05:00,15.410099983215332,15.739999771118164,15.410099983215332,15.739999771118164,11445,0.0,0.0
2024-03-05 10:30:00-05:00,15.739999771118164,15.800000190734863,15.694999694824219,15.729999542236328,32406,0.0,0.0
2024-03-05 11:30:00-05:00,15.9399995803833,15.9399995803833,15.789999961853027,15.789999961853027,0,0.0,0.0
2024-03-05 12:30:00-05:00,15.729999542236328,15.792499542236328,15.649999618530273,15.774999618530273,12786,0.0,0.0
2024-03-05 13:30:00-05:00,15.774999618530273,15.774999618530273,15.699999809265137,15.729999542236328,6791,0.0,0.0
2024-03-05 14:30:00-05:00,15.734999656677246,15.765000343322754,15.600000381469727,15.649999618530273,13461,0.0,0.0
2024-03-05 15:30:00-05:00,15.680000305175781,15.75,15.65999984741211,15.710000038146973,36485,0.0,0.0
2024-03-06 09:30:00-05:00,15.600000381469727,15.699999809265137,15.569999694824219,15.569999694824219,14115,0.0,0.0
2024-03-06 10:30:00-05:00,15.555000305175781,15.680000305175781,15.550000190734863,15.649999618530273,10073,0.0,0.0
2024-03-06 11:30:00-05:00,15.649999618530273,15.649999618530273,15.551400184631348,15.649999618530273,2988,0.0,0.0
2024-03-06 12:30:00-05:00,15.635000228881836,15.649999618530273,15.619999885559082,15.640000343322754,10631,0.0,0.0
2024-03-06 13:30:00-05:00,15.640000343322754,15.675000190734863,15.430000305175781,15.449999809265137,10350,0.0,0.0
2024-03-06 14:30:00-05:00,15.484999656677246,15.5649995803833,15.40999984741211,15.40999984741211,6556,0.0,0.0
2024-03-06 15:30:00-05:00,15.390000343322754,15.479999542236328,15.390000343322754,15.449999809265137,30122,0.0,0.0
2024-03-07 09:30:00-05:00,15.369999885559082,15.59000015258789,15.369999885559082,15.550000190734863,8050,0.0,0.0
2024-03-07 10:30:00-05:00,15.569999694824219,15.569999694824219,15.491800308227539,15.520000457763672,4825,0.0,0.0
2024-03-07 11:30:00-05:00,15.550000190734863,15.555000305175781,15.539999961853027,15.555000305175781,1058,0.0,0.0
2024-03-07 12:30:00-05:00,15.550000190734863,15.59000015258789,15.5,15.5,12860,0.0,0.0
2024-03-07 13:30:00-05:00,15.4399995803833,15.46500015258789,15.220000267028809,15.220000267028809,9982,0.0,0.0
2024-03-07 14:30:00-05:00,15.199999809265137,15.3100004196167,15.199999809265137,15.289999961853027,5087,0.0,0.0
2024-03-07 15:30:00-05:00,15.300000190734863,15.329999923706055,15.239999771118164,15.300000190734863,15525,0.0,0.0
2024-03-08 09:30:00-05:00,15.260000228881836,15.420000076293945,15.222599983215332,15.319999694824219,19291,0.0,0.0
2024-03-08 10:30:00-05:00,15.369999885559082,15.369999885559082,15.300000190734863,15.300000190734863,6056,0.0,0.0
2024-03-08 11:30:00-05:00,15.300000190734863,15.350000381469727,15.170000076293945,15.199999809265137,15769,0.0,0.0
2024-03-08 12:30:00-05:00,15.229999542236328,15.229999542236328,15.149999618530273,15.194999694824219,5889,0.0,0.0
2024-03-08 13:30:00-05:00,15.15999984741211,15.220000267028809,15.069999694824219,15.140000343322754,16592,0.0,0.0
2024-03-08 14:30:00-05:00,15.15999984741211,15.3100004196167,15.130000114440918,15.270000457763672,22367,0.0,0.0
2024-03-08 15:30:00-05:00,15.279999732971191,15.3100004196167,15.199999809265137,15.199999809265137,7240,0.0,0.0
2024-03-11 09:30:00-04:00,15.029999732971191,15.199899673461914,15.029999732971191,15.109999656677246,7082,0.0,0.0
2024-03-11 10:30:00-04:00,15.04520034790039,15.149999618530273,15.04520034790039,15.140000343322754,5723,0.0,0.0
2024-03-11 11:30:00-04:00,15.140000343322754,15.149999618530273,14.930100440979004,15.0600004196167,26508,0.0,0.0
2024-03-11 12:30:00-04:00,15.010000228881836,15.04990005493164,14.914999961853027,15.0,40347,0.0,0.0
2024-03-11 13:30:00-04:00,15.0,15.020000457763672,14.869999885559082,14.885000228881836,3910,0.0,0.0
2024-03-11 14:30:00-04:00,14.885000228881836,14.9399995803833,14.869999885559082,14.899999618530273,18481,0.0,0.0
2024-03-11 15:30:00-04:00,14.895000457763672,14.899999618530273,14.789999961853027,14.850000381469727,14976,0.0,0.0
2024-03-12 09:30:00-04:00,14.899999618530273,14.899999618530273,14.614500045776367,14.729999542236328,11850,0.0,0.0
2024-03-12 10:30:00-04:00,14.760000228881836,14.76830005645752,14.680000305175781,14.725000381469727,13807,0.0,0.0
2024-03-12 11:30:00-04:00,14.725000381469727,14.79990005493164,14.725000381469727,14.755000114440918,4632,0.0,0.0
2024-03-12 12:30:00-04:00,14.699999809265137,14.729999542236328,14.600000381469727,14.649999618530273,8177,0.0,0.0
2024-03-12 13:30:00-04:00,14.649999618530273,14.859999656677246,14.609999656677246,14.75,23390,0.0,0.0
2024-03-12 14:30:00-04:00,14.725000381469727,14.765000343322754,14.670000076293945,14.699999809265137,14995,0.0,0.0
2024-03-12 15:30:00-04:00,14.699999809265137,14.869999885559082,14.699999809265137,14.8100004196167,33329,0.0,0.0
2024-03-13 09:30:00-04:00,14.579999923706055,15.112500190734863,14.579999923706055,15.112500190734863,0,0.0,0.0
2024-03-13 10:30:00-04:00,15.130000114440918,15.279999732971191,15.0,15.279999732971191,31280,0.0,0.0
2024-03-13 11:30:00-04:00,15.260000228881836,15.289999961853027,15.0,15.0,12288,0.0,0.0
2024-03-13 12:30:00-04:00,14.949999809265137,15.069999694824219,14.949999809265137,14.979999542236328,17733,0.0,0.0
2024-03-13 13:30:00-04:00,14.994999885559082,15.015000343322754,14.899999618530273,14.914999961853027,10876,0.0,0.0
2024-03-13 14:30:00-04:00,14.949999809265137,14.970000267028809,14.75,14.800000190734863,21363,0.0,0.0
2024-03-13 15:30:00-04:00,14.760000228881836,14.800000190734863,14.609999656677246,14.699999809265137,25915,0.0,0.0
2024-03-14 09:30:00-04:00,14.800000190734863,14.850000381469727,14.5600004196167,14.619999885559082,10705,0.0,0.0
2024-03-14 10:30:00-04:00,14.640000343322754,14.640000343322754,14.5,14.59000015258789,14956,0.0,0.0
2024-03-14 11:30:00-04:00,14.5600004196167,14.609999656677246,14.270000457763672,14.3149995803833,47513,0.0,0.0
2024-03-14 12:30:00-04:00,14.324999809265137,14.399999618530273,14.3100004196167,14.354999542236328,18050,0.0,0.0
2024-03-14 13:30:00-04:00,14.329999923706055,14.600000381469727,14.329899787902832,14.565199851989746,59145,0.0,0.0
2024-03-14 14:30:00-04:00,14.569999694824219,14.569999694824219,14.340100288391113,14.354999542236328,21682,0.0,0.0
2024-03-14 15:30:00-04:00,14.329999923706055,14.350000381469727,14.25,14.25,23134,0.0,0.0
2024-03-15 09:30:00-04:00,14.09000015258789,14.489999771118164,14.09000015258789,14.489999771118164,9338,0.0,0.0
2024-03-15 10:30:00-04:00,14.550000190734863,14.721500396728516,14.550000190734863,14.721500396728516,9033,0.0,0.0
2024-03-15 11:30:00-04:00,14.769700050354004,14.779999732971191,14.630000114440918,14.630000114440918,9697,0.0,0.0
2024-03-15 12:30:00-04:00,14.664999961853027,14.664999961853027,14.5,14.539999961853027,4207,0.0,0.0
2024-03-15 13:30:00-04:00,14.449999809265137,14.679499626159668,14.449999809265137,14.649999618530273,15890,0.0,0.0
2024-03-15 14:30:00-04:00,14.65999984741211,14.699999809265137,14.239999771118164,14.300000190734863,48318,0.0,0.0
2024-03-15 15:30:00-04:00,14.300000190734863,14.300000190734863,14.199999809265137,14.220000267028809,67786,0.0,0.0
2024-03-18 09:30:00-04:00,13.755499839782715,14.199999809265137,13.755499839782715,14.109999656677246,28624,0.0,0.0
2024-03-18 10:30:00-04:00,14.147899627685547,14.147899627685547,14.020000457763672,14.045000076293945,12629,0.0,0.0
2024-03-18 11:30:00-04:00,14.020000457763672,14.079999923706055,14.020000457763672,14.055000305175781,22190,0.0,0.0
2024-03-18 12:30:00-04:00,14.029999732971191,14.045000076293945,13.949999809265137,14.020000457763672,30775,0.0,0.0
2024-03-18 13:30:00-04:00,13.994999885559082,13.994999885559082,13.890000343322754,13.899999618530273,35715,0.0,0.0
2024-03-18 14:30:00-04:00,13.930000305175781,14.0600004196167,13.899999618530273,14.0,27394,0.0,0.0
2024-03-18 15:30:00-04:00,13.994999885559082,14.0,13.930000305175781,13.944999694824219,35812,0.0,0.0
2024-03-19 09:30:00-04:00,13.84000015258789,14.050000190734863,13.84000015258789,14.015000343322754,10477,0.0,0.0
2024-03-19 10:30:00-04:00,14.040900230407715,14.040900230407715,13.901200294494629,13.9399995803833,8053,0.0,0.0
2024-03-19 11:30:00-04:00,13.93809986114502,14.014399528503418,13.93809986114502,13.994999885559082,5395,0.0,0.0
2024-03-19 12:30:00-04:00,13.994999885559082,14.029999732971191,13.920000076293945,13.920000076293945,14358,0.0,0.0
2024-03-19 13:30:00-04:00,13.920000076293945,13.930000305175781,13.850000381469727,13.850000381469727,21007,0.0,0.0
2024-03-19 14:30:00-04:00,13.850000381469727,13.854999542236328,13.6899995803833,13.699999809265137,55945,0.0,0.0
2024-03-19 15:30:00-04:00,13.739999771118164,13.890000343322754,13.710000038146973,13.84000015258789,93682,0.0,0.0
2024-03-20 09:30:00-04:00,13.9399995803833,14.789999961853027,13.9399995803833,14.720000267028809,46933,0.0,0.0
2024-03-20 10:30:00-04:00,14.6899995803833,14.73799991607666,14.395000457763672,14.579999923706055,37577,0.0,0.0
2024-03-20 11:30:00-04:00,14.684700012207031,14.6899995803833,14.59000015258789,14.630000114440918,10653,0.0,0.0
2024-03-20 12:30:00-04:00,14.59000015258789,14.625,14.5600004196167,14.59000015258789,14164,0.0,0.0
2024-03-20 13:30:00-04:00,14.595000267028809,14.680000305175781,14.569999694824219,14.630000114440918,12185,0.0,0.0
2024-03-20 14:30:00-04:00,14.684000015258789,14.684000015258789,14.479999542236328,14.555000305175781,35929,0.0,0.0
2024-03-20 15:30:00-04:00,14.579999923706055,14.600000381469727,14.3100004196167,14.380000114440918,61482,0.0,0.0
2024-03-21 09:30:00-04:00,14.3100004196167,14.619999885559082,14.300000190734863,14.619999885559082,13874,0.0,0.0
2024-03-21 10:30:00-04:00,14.670000076293945,14.746000289916992,14.636699676513672,14.739999771118164,4085,0.0,0.0
2024-03-21 11:30:00-04:00,14.75,14.9399995803833,14.739999771118164,14.9350004196167,25036,0.0,0.0
2024-03-21 12:30:00-04:00,14.9350004196167,14.9399995803833,14.649999618530273,14.670000076293945,11957,0.0,0.0
2024-03-21 13:30:00-04:00,14.600000381469727,14.600000381469727,14.399999618530273,14.539999961853027,12847,0.0,0.0
2024-03-21 14:30:00-04:00,14.559800148010254,14.640000343322754,14.4399995803833,14.475000381469727,25480,0.0,0.0
2024-03-21 15:30:00-04:00,14.502699851989746,14.529999732971191,14.380000114440918,14.460000038146973,31843,0.0,0.0
2024-03-22 09:30:00-04:00,14.510000228881836,14.579999923706055,14.260000228881836,14.260000228881836,13949,0.0,0.0
2024-03-22 10:30:00-04:00,14.199999809265137,14.329999923706055,14.170000076293945,14.329999923706055,4961,0.0,0.0
2024-03-22 11:30:00-04:00,14.350000381469727,14.350000381469727,14.300000190734863,14.305000305175781,1140,0.0,0.0
2024-03-22 12:30:00-04:00,14.299799919128418,14.350700378417969,14.260000228881836,14.3100004196167,4665,0.0,0.0
2024-03-22 13:30:00-04:00,14.3100004196167,14.375,14.3100004196167,14.367600440979004,2872,0.0,0.0
2024-03-22 14:30:00-04:00,14.375,14.489500045776367,14.375,14.489500045776367,9822,0.0,0.0
2024-03-22 15:30:00-04:00,14.470000267028809,14.539999961853027,14.470000267028809,14.5,9346,0.0,0.0
2024-03-25 09:30:00-04:00,14.40999984741211,14.619999885559082,14.399999618530273,14.566100120544434,0,0.0,0.0
2024-03-25 10:30:00-04:00,14.526599884033203,14.630000114440918,14.510000228881836,14.55049991607666,5911,0.0,0.0
2024-03-25 11:30:00-04:00,14.618000030517578,14.618000030517578,14.449999809265137,14.449999809265137,9903,0.0,0.0
2024-03-25 12:30:00-04:00,14.481800079345703,14.520000457763672,14.481800079345703,14.520000457763672,1752,0.0,0.0
2024-03-25 13:30:00-04:00,14.520000457763672,14.520000457763672,14.40999984741211,14.460000038146973,5535,0.0,0.0
2024-03-25 14:30:00-04:00,14.444999694824219,14.460000038146973,14.28499984741211,14.28499984741211,7821,0.0,0.0
2024-03-25 15:30:00-04:00,14.239999771118164,14.25,14.210000038146973,14.25,3489,0.0,0.0
2024-03-26 09:30:00-04:00,14.305000305175781,14.337499618530273,14.210000038146973,14.300000190734863,8257,0.0,0.0
2024-03-26 10:30:00-04:00,14.243900299072266,14.243900299072266,14.0600004196167,14.086700439453125,11307,0.0,0.0
2024-03-26 11:30:00-04:00,14.09000015258789,14.15999984741211,14.09000015258789,14.15999984741211,2357,0.0,0.0
2024-03-26 12:30:00-04:00,14.119999885559082,14.120100021362305,14.069999694824219,14.105299949645996,8922,0.0,0.0
2024-03-26 13:30:00-04:00,14.15999984741211,14.160799980163574,14.119999885559082,14.119999885559082,4094,0.0,0.0
2024-03-26 14:30:00-04:00,14.100000381469727,14.108200073242188,13.970000267028809,13.989999771118164,17154,0.0,0.0
2024-03-26 15:30:00-04:00,13.960000038146973,13.979999542236328,13.8100004196167,13.829999923706055,25297,0.0,0.0
2024-03-27 09:30:00-04:00,13.899999618530273,14.024999618530273,13.899999618530273,14.024999618530273,11149,0.0,0.0
2024-03-27 10:30:00-04:00,14.03499984741211,14.292900085449219,14.010000228881836,14.229999542236328,11275,0.0,0.0
2024-03-27 11:30:00-04:00,14.295000076293945,14.319999694824219,14.270000457763672,14.3125,6522,0.0,0.0
2024-03-27 12:30:00-04:00,14.329999923706055,14.34749984741211,14.329999923706055,14.34749984741211,15898,0.0,0.0
2024-03-27 13:30:00-04:00,14.329999923706055,14.420000076293945,14.30090045928955,14.359999656677246,4422,0.0,0.0
2024-03-27 14:30:00-04:00,14.326700210571289,14.369999885559082,14.260000228881836,14.345000267028809,14505,0.0,0.0
2024-03-27 15:30:00-04:00,14.331000328063965,14.40999984741211,14.331000328063965,14.40999984741211,20959,0.0,0.0
2024-03-28 09:30:00-04:00,14.25,14.770000457763672,14.25,14.770000457763672,18007,0.0,0.0
2024-03-28 10:30:00-04:00,14.720000267028809,14.779999732971191,14.719900131225586,14.779999732971191,3521,0.0,0.0
2024-03-28 11:30:00-04:00,14.84000015258789,14.84000015258789,14.8100004196167,14.819999694824219,2084,0.0,0.0
2024-03-28 12:30:00-04:00,14.829999923706055,14.829999923706055,14.829999923706055,14.829999923706055,1051,0.0,0.0
2024-03-28 13:30:00-04:00,14.793999671936035,14.793999671936035,14.740500450134277,14.740500450134277,1558,0.0,0.0
2024-03-28 14:30:00-04:00,14.744999885559082,14.795000076293945,14.71310043334961,14.770000457763672,36662,0.0,0.0
2024-03-28 15:30:00-04:00,14.800000190734863,14.9350004196167,14.779999732971191,14.84000015258789,35379,0.0,0.0
2024-04-01 09:30:00-04:00,14.359999656677246,14.779999732971191,14.15999984741211,14.762700080871582,9674,0.0,0.0
2024-04-01 10:30:00-04:00,14.770000457763672,14.770000457763672,14.699999809265137,14.739999771118164,1783,0.0,0.0
2024-04-01 11:30:00-04:00,14.760000228881836,14.831100463867188,14.70009994506836,14.805000305175781,5381,0.0,0.0
2024-04-01 12:30:00-04:00,14.811300277709961,14.970000267028809,14.8100004196167,14.90999984741211,6751,0.0,0.0
2024-04-01 13:30:00-04:00,14.875,14.960000038146973,14.75,14.8100004196167,44733,0.0,0.0
2024-04-01 14:30:00-04:00,14.779999732971191,14.869999885559082,14.725000381469727,14.850000381469727,21710,0.0,0.0
2024-04-01 15:30:00-04:00,14.850000381469727,15.0,14.8100004196167,14.880000114440918,37272,0.0,0.0
2024-04-02 09:30:00-04:00,14.930000305175781,14.930000305175781,14.710000038146973,14.710000038146973,0,0.0,0.0
2024-04-02 10:30:00-04:00,14.729999542236328,14.744999885559082,14.600000381469727,14.649999618530273,8041,0.0,0.0
2024-04-02 11:30:00-04:00,14.59000015258789,14.699999809265137,14.59000015258789,14.649999618530273,5274,0.0,0.0
2024-04-02 12:30:00-04:00,14.6850004196167,14.75,14.569999694824219,14.569999694824219,14212,0.0,0.0
2024-04-02 13:30:00-04:00,14.569999694824219,14.710000038146973,14.550200462341309,14.710000038146973,16455,0.0,0.0
2024-04-02 14:30:00-04:00,14.710000038146973,14.75,14.694999694824219,14.704999923706055,3564,0.0,0.0
2024-04-02 15:30:00-04:00,14.619999885559082,14.829999923706055,14.619999885559082,14.779999732971191,12034,0.0,0.0
2024-04-03 09:30:00-04:00,14.710000038146973,14.979999542236328,14.710000038146973,14.899999618530273,6843,0.0,0.0
2024-04-03 10:30:00-04:00,14.880000114440918,15.039999961853027,14.880000114440918,15.010000228881836,4139,0.0,0.0
2024-04-03 11:30:00-04:00,15.010000228881836,15.085000038146973,14.930000305175781,15.050000190734863,10823,0.0,0.0
2024-04-03 12:30:00-04:00,15.020000457763672,15.100000381469727,14.970000267028809,15.100000381469727,12267,0.0,0.0
2024-04-03 13:30:00-04:00,15.09000015258789,15.130000114440918,15.050000190734863,15.085000038146973,9821,0.0,0.0
2024-04-03 14:30:00-04:00,15.0600004196167,15.239999771118164,15.05049991607666,15.239999771118164,11109,0.0,0.0
2024-04-03 15:30:00-04:00,15.25,15.260000228881836,15.119999885559082,15.210000038146973,12196,0.0,0.0
2024-04-04 09:30:00-04:00,15.229999542236328,15.34000015258789,15.175000190734863,15.260000228881836,15656,0.0,0.0
2024-04-04 10:30:00-04:00,15.274999618530273,15.329999923706055,15.260000228881836,15.300000190734863,8946,0.0,0.0
2024-04-04 11:30:00-04:00,15.329999923706055,15.329999923706055,15.274999618530273,15.300000190734863,7546,0.0,0.0
2024-04-04 12:30:00-04:00,15.380000114440918,15.5,15.300000190734863,15.454999923706055,38477,0.0,0.0
2024-04-04 13:30:00-04:00,15.5,15.520000457763672,15.4399995803833,15.489999771118164,22287,0.0,0.0
2024-04-04 14:30:00-04:00,15.4399995803833,15.510000228881836,15.390000343322754,15.390000343322754,4039,0.0,0.0
2024-04-04 15:30:00-04:00,15.380000114440918,15.380000114440918,15.1899995803833,15.300000190734863,27545,0.0,0.0
2024-04-05 09:30:00-04:00,15.34000015258789,15.350000381469727,15.210000038146973,15.226200103759766,0,0.0,0.0
2024-04-05 10:30:00-04:00,15.22089958190918,15.35990047454834,15.22089958190918,15.34000015258789,6510,0.0,0.0
2024-04-05 11:30:00-04:00,15.34000015258789,15.56980037689209,15.34000015258789,15.479999542236328,6863,0.0,0.0
2024-04-05 12:30:00-04:00,15.473600387573242,15.550000190734863,15.460200309753418,15.545000076293945,5646,0.0,0.0
2024-04-05 13:30:00-04:00,15.5600004196167,15.569999694824219,15.470000267028809,15.470000267028809,17471,0.0,0.0
2024-04-05 14:30:00-04:00,15.4399995803833,15.489999771118164,15.34630012512207,15.420000076293945,18237,0.0,0.0
2024-04-05 15:30:00-04:00,15.449999809265137,15.489999771118164,15.380000114440918,15.470000267028809,21005,0.0,0.0
2024-04-08 09:30:00-04:00,15.569999694824219,15.569999694824219,15.270000457763672,15.4399995803833,0,0.0,0.0
2024-04-08 10:30:00-04:00,15.449999809265137,15.5733003616333,15.449999809265137,15.490099906921387,3382,0.0,0.0
2024-04-08 11:30:00-04:00,15.5,15.510000228881836,15.430000305175781,15.489999771118164,7253,0.0,0.0
2024-04-08 12:30:00-04:00,15.510000228881836,15.524999618530273,15.467499732971191,15.505000114440918,16783,0.0,0.0
2024-04-08 13:30:00-04:00,15.505000114440918,15.529999732971191,15.5,15.529999732971191,4646,0.0,0.0
2024-04-08 14:30:00-04:00,15.510000228881836,15.515000343322754,15.489999771118164,15.505000114440918,2671,0.0,0.0
2024-04-08 15:30:00-04:00,15.529999732971191,15.529999732971191,15.479999542236328,15.510000228881836,12500,0.0,0.0
2024-04-09 09:30:00-04:00,15.649999618530273,15.829999923706055,15.5,15.751799583435059,26549,0.0,0.0
2024-04-09 10:30:00-04:00,15.75,15.770000457763672,15.66759967803955,15.66759967803955,13068,0.0,0.0
2024-04-09 11:30:00-04:00,15.699999809265137,15.899999618530273,15.649999618530273,15.826600074768066,33185,0.0,0.0
2024-04-09 12:30:00-04:00,15.845000267028809,15.84749984741211,15.670000076293945,15.729999542236328,16812,0.0,0.0
2024-04-09 13:30:00-04:00,15.75,15.800000190734863,15.744999885559082,15.765000343322754,15874,0.0,0.0
2024-04-09 14:30:00-04:00,15.789999961853027,15.829999923706055,15.760000228881836,15.779999732971191,18436,0.0,0.0
2024-04-09 15:30:00-04:00,15.84000015258789,15.84000015258789,15.789999961853027,15.829999923706055,20963,0.0,0.0
2024-04-10 09:30:00-04:00,15.699999809265137,15.699999809265137,15.529999732971191,15.6899995803833,22739,0.0,0.0
2024-04-10 10:30:00-04:00,15.635000228881836,15.635000228881836,15.59000015258789,15.59000015258789,936,0.0,0.0
2024-04-10 11:30:00-04:00,15.5600004196167,15.639900207519531,15.510100364685059,15.555000305175781,6802,0.0,0.0
2024-04-10 12:30:00-04:00,15.680000305175781,15.779999732971191,15.600000381469727,15.625,36184,0.0,0.0
2024-04-10 13:30:00-04:00,15.625,15.625,15.539999961853027,15.569999694824219,14536,0.0,0.0
2024-04-10 14:30:00-04:00,15.569999694824219,15.789999961853027,15.5600004196167,15.600000381469727,11448,0.0,0.0
2024-04-10 15:30:00-04:00,15.59000015258789,15.680000305175781,15.569999694824219,15.609999656677246,17892,0.0,0.0
2024-04-11 09:30:00-04:00,15.529999732971191,15.649999618530273,15.529999732971191,15.539999961853027,4914,0.0,0.0
2024-04-11 10:30:00-04:00,15.539999961853027,15.619999885559082,15.53499984741211,15.619999885559082,3077,0.0,0.0
2024-04-11 11:30:00-04:00,15.59000015258789,15.600000381469727,15.569999694824219,15.569999694824219,1845,0.0,0.0
2024-04-11 12:30:00-04:00,15.569999694824219,15.600000381469727,15.569999694824219,15.569999694824219,1745,0.0,0.0
2024-04-11 13:30:00-04:00,15.5649995803833,15.600000381469727,15.420000076293945,15.4350004196167,21408,0.0,0.0
2024-04-11 14:30:00-04:00,15.425000190734863,15.455599784851074,15.399999618530273,15.40999984741211,5342,0.0,0.0
2024-04-11 15:30:00-04:00,15.420000076293945,15.430000305175781,15.34000015258789,15.430000305175781,13942,0.0,0.0
2024-04-12 09:30:00-04:00,15.579999923706055,15.579999923706055,15.380000114440918,15.46500015258789,0,0.0,0.0
2024-04-12 10:30:00-04:00,15.4399995803833,15.449999809265137,15.420000076293945,15.420000076293945,1684,0.0,0.0
2024-04-12 11:30:00-04:00,15.430000305175781,15.430000305175781,15.380000114440918,15.390000343322754,2470,0.0,0.0
2024-04-12 12:30:00-04:00,15.359999656677246,15.425000190734863,15.343299865722656,15.358699798583984,15730,0.0,0.0
2024-04-12 13:30:00-04:00,15.375,15.40999984741211,15.329999923706055,15.404999732971191,1773,0.0,0.0
2024-04-12 14:30:00-04:00,15.369999885559082,15.380000114440918,15.289999961853027,15.289999961853027,4986,0.0,0.0
2024-04-12 15:30:00-04:00,15.300000190734863,15.350000381469727,15.270000457763672,15.329999923706055,14511,0.0,0.0
2024-04-15 09:30:00-04:00,15.260000228881836,15.319999694824219,15.194999694824219,15.194999694824219,0,0.0,0.0
2024-04-15 10:30:00-04:00,15.1899995803833,15.258700370788574,14.92770004272461,14.930000305175781,10168,0.0,0.0
2024-04-15 11:30:00-04:00,14.975000381469727,15.104999542236328,14.975000381469727,15.050000190734863,5569,0.0,0.0
2024-04-15 12:30:00-04:00,15.029999732971191,15.052000045776367,14.975000381469727,14.984999656677246,4345,0.0,0.0
2024-04-15 13:30:00-04:00,14.984999656677246,15.0,14.96500015258789,14.96500015258789,3505,0.0,0.0
2024-04-15 14:30:00-04:00,14.920000076293945,14.989999771118164,14.876500129699707,14.920000076293945,10013,0.0,0.0
2024-04-15 15:30:00-04:00,14.949999809265137,15.016799926757812,14.930000305175781,14.989999771118164,12004,0.0,0.0
2024-04-16 09:30:00-04:00,14.859999656677246,15.135000228881836,14.859999656677246,15.10099983215332,11889,0.0,0.0
2024-04-16 10:30:00-04:00,15.119999885559082,15.45740032196045,15.100000381469727,15.390000343322754,21316,0.0,0.0
2024-04-16 11:30:00-04:00,15.364999771118164,15.369999885559082,14.979999542236328,14.979999542236328,34030,0.0,0.0
2024-04-16 12:30:00-04:00,14.984999656677246,15.089300155639648,14.795000076293945,14.795000076293945,30633,0.0,0.0
2024-04-16 13:30:00-04:00,14.75,14.8100004196167,14.609999656677246,14.6850004196167,56483,0.0,0.0
2024-04-16 14:30:00-04:00,14.6850004196167,14.829999923706055,14.609999656677246,14.670000076293945,27864,0.0,0.0
2024-04-16 15:30:00-04:00,14.609999656677246,15.029999732971191,14.470000267028809,14.979999542236328,53960,0.0,0.0
2024-04-17 09:30:00-04:00,14.880000114440918,14.886300086975098,14.600000381469727,14.819999694824219,22336,0.0,0.0
2024-04-17 10:30:00-04:00,14.835000038146973,14.960000038146973,14.835000038146973,14.949999809265137,7899,0.0,0.0
2024-04-17 11:30:00-04:00,14.900899887084961,14.90999984741211,14.900899887084961,14.90999984741211,1172,0.0,0.0
2024-04-17 12:30:00-04:00,14.895000457763672,15.100000381469727,14.859000205993652,15.05459976196289,35905,0.0,0.0
2024-04-17 13:30:00-04:00,15.0649995803833,15.100000381469727,14.983499526977539,15.074999809265137,41794,0.0,0.0
2024-04-17 14:30:00-04:00,15.050000190734863,15.114999771118164,15.010000228881836,15.010000228881836,19652,0.0,0.0
2024-04-17 15:30:00-04:00,15.0,15.199999809265137,15.0,15.109999656677246,47414,0.0,0.0
2024-04-18 09:30:00-04:00,15.039999961853027,15.170000076293945,15.029999732971191,15.170000076293945,3198,0.0,0.0
2024-04-18 10:30:00-04:00,15.145000457763672,15.279999732971191,15.145000457763672,15.244999885559082,7860,0.0,0.0
2024-04-18 11:30:00-04:00,15.244999885559082,15.390000343322754,15.199999809265137,15.289999961853027,17133,0.0,0.0
2024-04-18 12:30:00-04:00,15.335000038146973,15.34000015258789,15.329999923706055,15.329999923706055,3259,0.0,0.0
2024-04-18 13:30:00-04:00,15.149999618530273,15.15999984741211,15.100000381469727,15.119999885559082,6657,0.0,0.0
2024-04-18 14:30:00-04:00,15.145000457763672,15.265000343322754,15.135000228881836,15.219799995422363,7854,0.0,0.0
2024-04-18 15:30:00-04:00,15.234000205993652,15.239999771118164,15.14009952545166,15.180000305175781,16689,0.0,0.0
2024-04-19 09:30:00-04:00,15.050000190734863,15.164999961853027,15.050000190734863,15.15999984741211,6940,0.0,0.0
2024-04-19 10:30:00-04:00,15.15999984741211,15.187999725341797,15.072999954223633,15.072999954223633,7985,0.0,0.0
2024-04-19 11:30:00-04:00,15.031299591064453,15.109999656677246,14.984999656677246,14.984999656677246,6286,0.0,0.0
2024-04-19 12:30:00-04:00,15.010000228881836,15.010000228881836,15.010000228881836,15.010000228881836,958,0.0,0.0
2024-04-19 13:30:00-04:00,15.030900001525879,15.09000015258789,14.989999771118164,15.010000228881836,8615,0.0,0.0
2024-04-19 14:30:00-04:00,15.0,15.029999732971191,14.979999542236328,15.029999732971191,6549,0.0,0.0
2024-04-19 15:30:00-04:00,14.970000267028809,15.029899597167969,14.92710018157959,14.970000267028809,6070,0.0,0.0
2024-04-22 09:30:00-04:00,15.010000228881836,15.020000457763672,14.904999732971191,14.979999542236328,13597,0.0,0.0
2024-04-22 10:30:00-04:00,15.009900093078613,15.09000015258789,14.920000076293945,15.039999961853027,16365,0.0,0.0
2024-04-22 11:30:00-04:00,15.024999618530273,15.270000457763672,15.024999618530273,15.21500015258789,17209,0.0,0.0
2024-04-22 12:30:00-04:00,15.22599983215332,15.260000228881836,15.180000305175781,15.260000228881836,11674,0.0,0.0
2024-04-22 13:30:00-04:00,15.289999961853027,15.399999618530273,15.220000267028809,15.329999923706055,52703,0.0,0.0
2024-04-22 14:30:00-04:00,15.390000343322754,15.449999809265137,15.329999923706055,15.329999923706055,12747,0.0,0.0
2024-04-22 15:30:00-04:00,15.329999923706055,15.399999618530273,15.300100326538086,15.399999618530273,28597,0.0,0.0
2024-04-23 09:30:00-04:00,15.295000076293945,15.789999961853027,15.295000076293945,15.789999961853027,23727,0.0,0.0
2024-04-23 10:30:00-04:00,15.739999771118164,16.0,15.680000305175781,16.0,21332,0.0,0.0
2024-04-23 11:30:00-04:00,15.970000267028809,16.200000762939453,15.90999984741211,16.18549919128418,24995,0.0,0.0
2024-04-23 12:30:00-04:00,16.139999389648438,16.280000686645508,16.114999771118164,16.235000610351562,35559,0.0,0.0
2024-04-23 13:30:00-04:00,16.229999542236328,16.280000686645508,16.18000030517578,16.280000686645508,14802,0.0,0.0
2024-04-23 14:30:00-04:00,16.25,16.290000915527344,16.214599609375,16.260000228881836,19609,0.0,0.0
2024-04-23 15:30:00-04:00,16.15999984741211,16.200000762939453,16.100000381469727,16.190000534057617,22795,0.0,0.0
2024-04-24 09:30:00-04:00,16.06999969482422,16.189899444580078,16.010000228881836,16.059999465942383,15741,0.0,0.0
2024-04-24 10:30:00-04:00,16.049999237060547,16.049999237060547,15.880000114440918,15.949999809265137,12231,0.0,0.0
2024-04-24 11:30:00-04:00,15.869999885559082,15.880000114440918,15.819999694824219,15.824999809265137,5593,0.0,0.0
2024-04-24 12:30:00-04:00,15.8100004196167,15.831999778747559,15.800000190734863,15.831999778747559,4607,0.0,0.0
2024-04-24 13:30:00-04:00,15.845000267028809,15.845000267028809,15.770000457763672,15.770099639892578,2840,0.0,0.0
2024-04-24 14:30:00-04:00,15.770000457763672,15.770000457763672,15.710000038146973,15.710000038146973,3917,0.0,0.0
2024-04-24 15:30:00-04:00,15.739999771118164,15.739999771118164,15.5600004196167,15.569999694824219,19105,0.0,0.0
2024-04-25 09:30:00-04:00,15.369999885559082,15.5,15.334699630737305,15.399999618530273,42392,0.0,0.0
2024-04-25 10:30:00-04:00,15.494999885559082,15.593400001525879,15.430000305175781,15.5,9555,0.0,0.0
2024-04-25 11:30:00-04:00,15.462800025939941,15.519200325012207,15.462800025939941,15.494999885559082,9532,0.0,0.0
2024-04-25 12:30:00-04:00,15.485400199890137,15.529999732971191,15.4399995803833,15.440099716186523,10557,0.0,0.0
2024-04-25 13:30:00-04:00,15.436100006103516,15.550000190734863,15.399999618530273,15.479999542236328,21708,0.0,0.0
2024-04-25 14:30:00-04:00,15.529999732971191,15.670000076293945,15.470000267028809,15.664999961853027,7694,0.0,0.0
2024-04-25 15:30:00-04:00,15.640000343322754,15.6899995803833,15.630000114440918,15.630000114440918,3235,0.0,0.0
2024-04-26 09:30:00-04:00,15.649999618530273,15.649999618530273,15.510100364685059,15.619999885559082,11374,0.0,0.0
2024-04-26 10:30:00-04:00,15.579999923706055,15.609999656677246,15.569999694824219,15.569999694824219,2095,0.0,0.0
2024-04-26 11:30:00-04:00,15.569999694824219,15.734999656677246,15.500100135803223,15.734999656677246,23018,0.0,0.0
2024-04-26 12:30:00-04:00,15.675000190734863,15.680000305175781,15.579999923706055,15.680000305175781,16212,0.0,0.0
2024-04-26 13:30:00-04:00,15.663800239562988,15.739999771118164,15.635000228881836,15.640000343322754,16995,0.0,0.0
2024-04-26 14:30:00-04:00,15.609999656677246,15.699999809265137,15.579999923706055,15.602299690246582,16700,0.0,0.0
2024-04-26 15:30:00-04:00,15.623800277709961,15.649999618530273,15.529999732971191,15.5649995803833,14136,0.0,0.0
2024-04-29 09:30:00-04:00,15.5,15.789999961853027,15.5,15.694999694824219,6624,0.0,0.0
2024-04-29 10:30:00-04:00,15.600000381469727,15.758399963378906,15.600000381469727,15.694999694824219,4795,0.0,0.0
2024-04-29 11:30:00-04:00,15.690299987792969,15.800000190734863,15.690299987792969,15.75,5786,0.0,0.0
2024-04-29 12:30:00-04:00,15.75,15.800000190734863,15.71500015258789,15.800000190734863,8015,0.0,0.0
2024-04-29 13:30:00-04:00,15.850000381469727,15.975000381469727,15.84000015258789,15.975000381469727,12233,0.0,0.0
2024-04-29 14:30:00-04:00,15.899999618530273,15.989999771118164,15.890000343322754,15.960000038146973,11293,0.0,0.0
2024-04-29 15:30:00-04:00,15.989899635314941,16.010000228881836,15.979999542236328,15.989999771118164,9835,0.0,0.0
2024-04-30 09:30:00-04:00,15.829999923706055,15.899900436401367,15.720100402832031,15.8100004196167,5709,0.0,0.0
2024-04-30 10:30:00-04:00,15.770000457763672,15.850000381469727,15.710000038146973,15.850000381469727,3886,0.0,0.0
2024-04-30 11:30:00-04:00,15.720000267028809,15.762900352478027,15.699999809265137,15.762900352478027,8877,0.0,0.0
2024-04-30 12:30:00-04:00,15.670000076293945,15.75,15.625,15.739999771118164,9763,0.0,0.0
2024-04-30 13:30:00-04:00,15.656999588012695,15.779999732971191,15.630000114440918,15.770000457763672,23941,0.0,0.0
2024-04-30 14:30:00-04:00,15.829999923706055,15.859999656677246,15.6899995803833,15.729999542236328,15370,0.0,0.0
2024-04-30 15:30:00-04:00,15.789999961853027,15.789999961853027,15.640000343322754,15.690999984741211,25044,0.0,0.0
2024-05-01 09:30:00-04:00,15.779999732971191,15.800000190734863,15.700599670410156,15.75,4721,0.0,0.0
2024-05-01 10:30:00-04:00,15.720000267028809,15.720000267028809,15.6181001663208,15.680000305175781,1719,0.0,0.0
2024-05-01 11:30:00-04:00,15.635000228881836,15.637299537658691,15.59000015258789,15.600099563598633,5746,0.0,0.0
2024-05-01 12:30:00-04:00,15.590100288391113,15.649999618530273,15.585000038146973,15.649999618530273,3013,0.0,0.0
2024-05-01 13:30:00-04:00,15.619999885559082,15.619999885559082,15.5,15.550000190734863,12684,0.0,0.0
2024-05-01 14:30:00-04:00,15.5600004196167,15.800000190734863,15.5600004196167,15.720000267028809,12227,0.0,0.0
2024-05-01 15:30:00-04:00,15.670000076293945,15.699999809265137,15.600000381469727,15.65999984741211,11136,0.0,0.0
2024-05-02 09:30:00-04:00,15.609999656677246,15.760000228881836,15.60830020904541,15.699999809265137,8853,0.0,0.0
2024-05-02 10:30:00-04:00,15.84000015258789,15.930000305175781,15.79010009765625,15.930000305175781,9004,0.0,0.0
2024-05-02 11:30:00-04:00,15.920000076293945,15.979999542236328,15.869999885559082,15.9399995803833,10630,0.0,0.0
2024-05-02 12:30:00-04:00,15.960000038146973,16.079999923706055,15.921699523925781,16.0,18606,0.0,0.0
2024-05-02 13:30:00-04:00,15.989999771118164,16.010000228881836,15.973099708557129,16.0,5226,0.0,0.0
2024-05-02 14:30:00-04:00,16.010000228881836,16.100000381469727,15.975000381469727,16.02910041809082,20667,0.0,0.0
2024-05-02 15:30:00-04:00,15.90999984741211,15.970000267028809,15.865900039672852,15.9399995803833,6633,0.0,0.0
2024-05-03 09:30:00-04:00,16.024999618530273,16.024999618530273,15.989899635314941,15.989899635314941,840,0.0,0.0
2024-05-03 10:30:00-04:00,15.899999618530273,15.98490047454834,15.825599670410156,15.825599670410156,419,0.0,0.0
2024-05-03 11:30:00-04:00,15.9399995803833,16.100000381469727,15.9399995803833,16.100000381469727,9903,0.0,0.0
2024-05-03 12:30:00-04:00,16.065000534057617,16.260000228881836,16.065000534057617,16.19499969482422,14062,0.0,0.0
2024-05-03 13:30:00-04:00,16.184999465942383,16.20669937133789,16.11009979248047,16.190000534057617,11823,0.0,0.0
2024-05-03 14:30:00-04:00,16.184999465942383,16.200000762939453,16.079999923706055,16.170000076293945,9821,0.0,0.0
2024-05-03 15:30:00-04:00,16.170000076293945,16.200000762939453,16.1200008392334,16.200000762939453,20240,0.0,0.0
2024-05-06 09:30:00-04:00,16.170000076293945,16.170000076293945,16.170000076293945,16.170000076293945,1901,0.0,0.0
2024-05-06 10:30:00-04:00,16.125,16.200000762939453,16.100000381469727,16.139999389648438,2693,0.0,0.0
2024-05-06 11:30:00-04:00,16.1299991607666,16.290000915527344,16.104999542236328,16.290000915527344,11817,0.0,0.0
2024-05-06 12:30:00-04:00,16.28499984741211,16.28499984741211,16.219999313354492,16.255800247192383,4826,0.0,0.0
2024-05-06 13:30:00-04:00,16.255800247192383,16.260000228881836,16.17009925842285,16.190000534057617,6193,0.0,0.0
2024-05-06 14:30:00-04:00,16.170000076293945,16.225000381469727,16.147199630737305,16.170000076293945,11537,0.0,0.0
2024-05-06 15:30:00-04:00,16.15999984741211,16.219999313354492,16.081600189208984,16.170000076293945,11189,0.0,0.0
2024-05-07 09:30:00-04:00,16.290000915527344,16.599899291992188,16.290000915527344,16.587499618530273,23233,0.0,0.0
2024-05-07 10:30:00-04:00,16.693500518798828,16.770000457763672,16.614999771118164,16.729999542236328,30372,0.0,0.0
2024-05-07 11:30:00-04:00,16.75,16.78499984741211,16.639999389648438,16.649999618530273,14485,0.0,0.0
2024-05-07 12:30:00-04:00,16.719999313354492,16.790000915527344,16.670000076293945,16.709999084472656,16649,0.0,0.0
2024-05-07 13:30:00-04:00,16.709999084472656,16.709999084472656,16.59000015258789,16.674999237060547,11627,0.0,0.0
2024-05-07 14:30:00-04:00,16.540000915527344,16.579999923706055,16.3799991607666,16.43000030517578,24090,0.0,0.0
2024-05-07 15:30:00-04:00,16.43000030517578,16.43000030517578,16.239999771118164,16.34000015258789,14512,0.0,0.0
2024-05-08 09:30:00-04:00,16.3700008392334,16.3700008392334,16.290000915527344,16.290000915527344,1094,0.0,0.0
2024-05-08 10:30:00-04:00,16.329999923706055,16.34000015258789,16.274999618530273,16.274999618530273,3161,0.0,0.0
2024-05-08 11:30:00-04:00,16.299999237060547,16.299999237060547,16.259000778198242,16.28499984741211,8942,0.0,0.0
2024-05-08 12:30:00-04:00,16.260000228881836,16.350000381469727,16.260000228881836,16.350000381469727,7227,0.0,0.0
2024-05-08 13:30:00-04:00,16.309999465942383,16.350000381469727,16.239999771118164,16.274999618530273,3963,0.0,0.0
2024-05-08 14:30:00-04:00,16.260000228881836,16.280000686645508,16.15999984741211,16.15999984741211,14164,0.0,0.0
2024-05-08 15:30:00-04:00,16.15999984741211,16.190000534057617,16.040000915527344,16.049999237060547,15840,0.0,0.0
2024-05-09 09:30:00-04:00,16.040000915527344,16.045000076293945,15.90999984741211,16.045000076293945,23439,0.0,0.0
2024-05-09 10:30:00-04:00,16.049999237060547,16.079999923706055,15.996500015258789,16.024200439453125,8820,0.0,0.0
2024-05-09 11:30:00-04:00,16.049999237060547,16.25,16.049999237060547,16.25,12481,0.0,0.0
2024-05-09 12:30:00-04:00,16.280000686645508,16.395000457763672,16.270000457763672,16.325000762939453,11736,0.0,0.0
2024-05-09 13:30:00-04:00,16.329999923706055,16.3799991607666,16.290000915527344,16.3799991607666,6743,0.0,0.0
2024-05-09 14:30:00-04:00,16.389999389648438,16.450000762939453,16.30500030517578,16.3799991607666,33256,0.0,0.0
2024-05-09 15:30:00-04:00,16.350000381469727,16.350000381469727,16.149999618530273,16.15999984741211,17801,0.0,0.0
2024-05-10 09:30:00-04:00,16.030000686645508,16.41550064086914,15.65999984741211,15.835000038146973,36959,0.0,0.0
2024-05-10 10:30:00-04:00,15.835000038146973,15.890000343322754,15.835000038146973,15.890000343322754,8313,0.0,0.0
2024-05-10 11:30:00-04:00,15.8100004196167,15.960000038146973,15.8100004196167,15.960000038146973,10486,0.0,0.0
2024-05-10 12:30:00-04:00,15.899999618530273,15.968000411987305,15.875,15.944999694824219,51631,0.0,0.0
2024-05-10 13:30:00-04:00,15.930000305175781,15.979999542236328,15.930000305175781,15.9399995803833,5495,0.0,0.0
2024-05-10 14:30:00-04:00,15.9399995803833,15.960000038146973,15.890000343322754,15.9399995803833,8994,0.0,0.0
2024-05-10 15:30:00-04:00,15.954999923706055,16.09000015258789,15.949999809265137,16.030000686645508,15102,0.0,0.0
2024-05-13 09:30:00-04:00,15.899999618530273,15.899999618530273,15.724100112915039,15.824999809265137,13468,0.0,0.0
2024-05-13 10:30:00-04:00,15.779999732971191,15.800000190734863,15.75,15.789999961853027,13711,0.0,0.0
2024-05-13 11:30:00-04:00,15.789999961853027,15.800000190734863,15.747200012207031,15.770000457763672,8280,0.0,0.0
2024-05-13 12:30:00-04:00,15.779999732971191,15.8100004196167,15.729999542236328,15.744999885559082,8626,0.0,0.0
2024-05-13 13:30:00-04:00,15.744999885559082,15.760000228881836,15.697999954223633,15.725000381469727,13474,0.0,0.0
2024-05-13 14:30:00-04:00,15.725000381469727,15.729999542236328,15.260000228881836,15.279999732971191,34692,0.0,0.0
2024-05-13 15:30:00-04:00,15.279999732971191,15.3149995803833,15.199999809265137,15.239999771118164,23869,0.0,0.0
2024-05-14 09:30:00-04:00,15.220000267028809,15.289999961853027,15.039999961853027,15.289999961853027,23477,0.0,0.0
2024-05-14 10:30:00-04:00,15.300100326538086,15.300100326538086,15.210100173950195,15.29170036315918,2329,0.0,0.0
2024-05-14 11:30:00-04:00,15.270000457763672,15.350000381469727,15.149999618530273,15.199999809265137,18350,0.0,0.0
2024-05-14 12:30:00-04:00,15.229999542236328,15.329999923706055,15.180100440979004,15.329999923706055,6155,0.0,0.0
2024-05-14 13:30:00-04:00,15.34000015258789,15.399999618530273,15.279999732971191,15.399999618530273,13534,0.0,0.0
2024-05-14 14:30:00-04:00,15.4350004196167,15.4350004196167,15.350099563598633,15.359999656677246,7654,0.0,0.0
2024-05-14 15:30:00-04:00,15.380000114440918,15.489999771118164,15.350000381469727,15.430000305175781,17597,0.0,0.0
2024-05-15 09:30:00-04:00,15.324999809265137,15.350099563598633,15.020000457763672,15.140000343322754,26408,0.0,0.0
2024-05-15 10:30:00-04:00,15.074999809265137,15.218500137329102,15.0600004196167,15.15999984741211,16515,0.0,0.0
2024-05-15 11:30:00-04:00,15.15999984741211,15.239999771118164,15.130000114440918,15.210000038146973,3252,0.0,0.0
2024-05-15 12:30:00-04:00,15.15999984741211,15.219900131225586,15.010100364685059,15.069999694824219,17098,0.0,0.0
2024-05-15 13:30:00-04:00,15.029999732971191,15.279999732971191,15.029999732971191,15.220000267028809,31115,0.0,0.0
2024-05-15 14:30:00-04:00,15.289999961853027,15.470000267028809,15.260000228881836,15.470000267028809,36580,0.0,0.0
2024-05-15 15:30:00-04:00,15.460000038146973,15.470000267028809,15.380000114440918,15.404999732971191,26228,0.0,0.0
2024-05-16 09:30:00-04:00,15.37339973449707,15.489899635314941,15.340100288391113,15.399100303649902,4557,0.0,0.0
2024-05-16 10:30:00-04:00,15.417900085449219,15.680000305175781,15.350099563598633,15.670000076293945,11734,0.0,0.0
2024-05-16 11:30:00-04:00,15.670000076293945,15.729999542236328,15.65999984741211,15.729999542236328,10175,0.0,0.0
2024-05-16 12:30:00-04:00,15.720000267028809,15.789999961853027,15.699999809265137,15.779999732971191,10741,0.0,0.0
2024-05-16 13:30:00-04:00,15.75,15.779999732971191,15.720000267028809,15.720000267028809,5624,0.0,0.0
2024-05-16 14:30:00-04:00,15.739999771118164,15.739999771118164,15.739999771118164,15.739999771118164,267,0.0,0.0
2024-05-16 15:30:00-04:00,15.729999542236328,15.82800006866455,15.699999809265137,15.765000343322754,34146,0.0,0.0
2024-05-17 09:30:00-04:00,15.699999809265137,15.699999809265137,15.600000381469727,15.614999771118164,6949,0.0,0.0
2024-05-17 10:30:00-04:00,15.680000305175781,15.680000305175781,15.680000305175781,15.680000305175781,1496,0.0,0.0
2024-05-17 11:30:00-04:00,15.670000076293945,15.670000076293945,15.619999885559082,15.659000396728516,3199,0.0,0.0
2024-05-17 12:30:00-04:00,15.640000343322754,15.739999771118164,15.630000114440918,15.739999771118164,12187,0.0,0.0
2024-05-17 13:30:00-04:00,15.800000190734863,15.890000343322754,15.770000457763672,15.789999961853027,15118,0.0,0.0
2024-05-17 14:30:00-04:00,15.789999961853027,15.829999923706055,15.739999771118164,15.739999771118164,7202,0.0,0.0
2024-05-17 15:30:00-04:00,15.779999732971191,15.829999923706055,15.470000267028809,15.789999961853027,52949,0.0,0.0
2024-05-20 09:30:00-04:00,15.720000267028809,15.720100402832031,15.630599975585938,15.630599975585938,4292,0.0,0.0
2024-05-20 10:30:00-04:00,15.6850004196167,15.697999954223633,15.640000343322754,15.649999618530273,12232,0.0,0.0
2024-05-20 11:30:00-04:00,15.670000076293945,15.739999771118164,15.649999618530273,15.739999771118164,13764,0.0,0.0
2024-05-20 12:30:00-04:00,15.74020004272461,15.760000228881836,15.710000038146973,15.744999885559082,3137,0.0,0.0
2024-05-20 13:30:00-04:00,15.720000267028809,15.75,15.699999809265137,15.75,4680,0.0,0.0
2024-05-20 14:30:00-04:00,15.729999542236328,15.739999771118164,15.40999984741211,15.698800086975098,122069,0.0,0.0
2024-05-20 15:30:00-04:00,15.65999984741211,15.720000267028809,15.649999618530273,15.720000267028809,9285,0.0,0.0
2024-05-21 09:30:00-04:00,15.619999885559082,15.829999923706055,15.619999885559082,15.829999923706055,17590,0.0,0.0
2024-05-21 10:30:00-04:00,15.819999694824219,15.925000190734863,15.8100004196167,15.8100004196167,15940,0.0,0.0
2024-05-21 11:30:00-04:00,15.755000114440918,15.760000228881836,15.640000343322754,15.704999923706055,13617,0.0,0.0
2024-05-21 12:30:00-04:00,15.725000381469727,15.725000381469727,15.399999618530273,15.5649995803833,10794,0.0,0.0
2024-05-21 13:30:00-04:00,15.59000015258789,15.770000457763672,15.59000015258789,15.770000457763672,12765,0.0,0.0
2024-05-21 14:30:00-04:00,15.789999961853027,15.800000190734863,15.649999618530273,15.729999542236328,16516,0.0,0.0
2024-05-21 15:30:00-04:00,15.710000038146973,15.75,15.600000381469727,15.640000343322754,28343,0.0,0.0
2024-05-22 09:30:00-04:00,15.699999809265137,15.720000267028809,15.337200164794922,15.350000381469727,0,0.0,0.0
2024-05-22 10:30:00-04:00,15.350000381469727,15.529999732971191,15.336199760437012,15.4399995803833,17081,0.0,0.0
2024-05-22 11:30:00-04:00,15.449999809265137,15.6899995803833,15.449999809265137,15.649999618530273,24743,0.0,0.0
2024-05-22 12:30:00-04:00,15.65999984741211,15.710000038146973,15.489999771118164,15.640000343322754,15954,0.0,0.0
2024-05-22 13:30:00-04:00,15.651300430297852,15.6899995803833,15.359999656677246,15.359999656677246,30252,0.0,0.0
2024-05-22 14:30:00-04:00,15.330100059509277,15.569999694824219,15.330100059509277,15.5,11345,0.0,0.0
2024-05-22 15:30:00-04:00,15.529999732971191,15.579999923706055,15.430000305175781,15.460000038146973,13171,0.0,0.0
2024-05-23 09:30:00-04:00,15.5,15.5,15.326600074768066,15.470000267028809,0,0.0,0.0
2024-05-23 10:30:00-04:00,15.430000305175781,15.489999771118164,15.430000305175781,15.489999771118164,1235,0.0,0.0
2024-05-23 11:30:00-04:00,15.489999771118164,15.585000038146973,15.489999771118164,15.585000038146973,8300,0.0,0.0
2024-05-23 12:30:00-04:00,15.59000015258789,15.59000015258789,15.470000267028809,15.475000381469727,3841,0.0,0.0
2024-05-23 13:30:00-04:00,15.53499984741211,15.579999923706055,15.460000038146973,15.460000038146973,5038,0.0,0.0
2024-05-23 14:30:00-04:00,15.422200202941895,15.425000190734863,15.25,15.260000228881836,15407,0.0,0.0
2024-05-23 15:30:00-04:00,15.300000190734863,15.520000457763672,15.270000457763672,15.510000228881836,34653,0.0,0.0
2024-05-24 09:30:00-04:00,15.449999809265137,15.449999809265137,15.400099754333496,15.420000076293945,1569,0.0,0.0
2024-05-24 10:30:00-04:00,15.420000076293945,15.539999961853027,15.420000076293945,15.5,7180,0.0,0.0
2024-05-24 11:30:00-04:00,15.489999771118164,15.53499984741211,15.489999771118164,15.489999771118164,3640,0.0,0.0
2024-05-24 12:30:00-04:00,15.490500450134277,15.630000114440918,15.420000076293945,15.52180004119873,15074,0.0,0.0
2024-05-24 13:30:00-04:00,15.520000457763672,15.859999656677246,15.520000457763672,15.789999961853027,40008,0.0,0.0
2024-05-24 14:30:00-04:00,15.789999961853027,15.850000381469727,15.760000228881836,15.824999809265137,31218,0.0,0.0
2024-05-24 15:30:00-04:00,15.850000381469727,15.970000267028809,15.800000190734863,15.970000267028809,41579,0.0,0.0
2024-05-28 09:30:00-04:00,16.0,16.167999267578125,15.925000190734863,16.15999984741211,0,0.0,0.0
2024-05-28 10:30:00-04:00,16.15999984741211,16.239999771118164,16.149999618530273,16.239999771118164,5967,0.0,0.0
2024-05-28 11:30:00-04:00,16.2549991607666,16.274999618530273,16.123699188232422,16.139999389648438,8132,0.0,0.0
2024-05-28 12:30:00-04:00,16.149999618530273,16.170000076293945,16.045000076293945,16.045000076293945,8310,0.0,0.0
2024-05-28 13:30:00-04:00,16.01799964904785,16.045000076293945,16.01799964904785,16.024999618530273,5289,0.0,0.0
2024-05-28 14:30:00-04:00,16.024999618530273,16.100000381469727,16.020000457763672,16.075000762939453,16002,0.0,0.0
2024-05-28 15:30:00-04:00,16.075000762939453,16.149999618530273,16.06999969482422,16.090099334716797,31011,0.0,0.0
2024-05-29 09:30:00-04:00,15.930000305175781,15.930000305175781,15.810099601745605,15.837800025939941,4214,0.0,0.0
2024-05-29 10:30:00-04:00,15.930000305175781,15.930000305175781,15.844300270080566,15.859999656677246,1719,0.0,0.0
2024-05-29 11:30:00-04:00,15.795000076293945,15.800000190734863,15.795000076293945,15.800000190734863,1543,0.0,0.0
2024-05-29 12:30:00-04:00,15.832500457763672,15.9350004196167,15.832500457763672,15.904999732971191,4817,0.0,0.0
2024-05-29 13:30:00-04:00,15.901200294494629,15.90999984741211,15.869999885559082,15.899999618530273,2157,0.0,0.0
2024-05-29 14:30:00-04:00,15.8100004196167,15.9399995803833,15.800000190734863,15.9399995803833,6495,0.0,0.0
2024-05-29 15:30:00-04:00,15.9399995803833,15.9399995803833,15.890000343322754,15.890000343322754,5165,0.0,0.0
2024-05-30 09:30:00-04:00,15.850000381469727,15.899999618530273,15.784500122070312,15.84469985961914,0,0.0,0.0
2024-05-30 10:30:00-04:00,15.829999923706055,15.829999923706055,15.768500328063965,15.828800201416016,11796,0.0,0.0
2024-05-30 11:30:00-04:00,15.850000381469727,15.859999656677246,15.800000190734863,15.800000190734863,10598,0.0,0.0
2024-05-30 12:30:00-04:00,15.779999732971191,15.84000015258789,15.779999732971191,15.84000015258789,3166,0.0,0.0
2024-05-30 13:30:00-04:00,15.859600067138672,15.920000076293945,15.8100004196167,15.920000076293945,5571,0.0,0.0
2024-05-30 14:30:00-04:00,15.960000038146973,16.010000228881836,15.940099716186523,15.940099716186523,16251,0.0,0.0
2024-05-30 15:30:00-04:00,15.920000076293945,16.09000015258789,15.8100004196167,16.09000015258789,27634,0.0,0.0
2024-05-31 09:30:00-04:00,15.979999542236328,16.3031005859375,15.979999542236328,16.17009925842285,15075,0.0,0.0
2024-05-31 10:30:00-04:00,16.18000030517578,16.18000030517578,16.1200008392334,16.1200008392334,2933,0.0,0.0
2024-05-31 11:30:00-04:00,16.139999389648438,16.209999084472656,16.09000015258789,16.09000015258789,19576,0.0,0.0
2024-05-31 12:30:00-04:00,16.100000381469727,16.18000030517578,16.081899642944336,16.18000030517578,3705,0.0,0.0
2024-05-31 13:30:00-04:00,16.174999237060547,16.270000457763672,16.174999237060547,16.25,15995,0.0,0.0
2024-05-31 14:30:00-04:00,16.25,16.459999084472656,16.225000381469727,16.319299697875977,21982,0.0,0.0
2024-05-31 15:30:00-04:00,16.280000686645508,16.31599998474121,16.25,16.280000686645508,27649,0.0,0.0
2024-06-03 09:30:00-04:00,16.280000686645508,16.333599090576172,16.149999618530273,16.149999618530273,4712,0.0,0.0
2024-06-03 10:30:00-04:00,16.049999237060547,16.09000015258789,16.0,16.09000015258789,6539,0.0,0.0
2024-06-03 11:30:00-04:00,16.000099182128906,16.139999389648438,16.000099182128906,16.065000534057617,4555,0.0,0.0
2024-06-03 12:30:00-04:00,16.000099182128906,16.219999313354492,16.0,16.15999984741211,16607,0.0,0.0
2024-06-03 13:30:00-04:00,16.149999618530273,16.29990005493164,16.100000381469727,16.264999389648438,17549,0.0,0.0
2024-06-03 14:30:00-04:00,16.34000015258789,16.450000762939453,16.290000915527344,16.450000762939453,11916,0.0,0.0
2024-06-03 15:30:00-04:00,16.459999084472656,16.499900817871094,16.37849998474121,16.424999237060547,10034,0.0,0.0
2024-06-04 10:30:00-04:00,16.2450008392334,16.2450008392334,16.16390037536621,16.16390037536621,10434,0.0,0.0
2024-06-04 11:30:00-04:00,16.190000534057617,16.309999465942383,16.079999923706055,16.079999923706055,27016,0.0,0.0
2024-06-04 12:30:00-04:00,16.049999237060547,16.145000457763672,16.04010009765625,16.09000015258789,7522,0.0,0.0
2024-06-04 13:30:00-04:00,16.049999237060547,16.049999237060547,16.03499984741211,16.049999237060547,3376,0.0,0.0
2024-06-04 14:30:00-04:00,16.049999237060547,16.100000381469727,15.930000305175781,16.0669002532959,30903,0.0,0.0
2024-06-04 15:30:00-04:00,16.075000762939453,16.110000610351562,16.04010009765625,16.059999465942383,19709,0.0,0.0
2024-06-05 09:30:00-04:00,16.100000381469727,16.100000381469727,15.98009967803955,15.98009967803955,12410,0.0,0.0
2024-06-05 10:30:00-04:00,16.0,16.040000915527344,15.920100212097168,15.95580005645752,19045,0.0,0.0
2024-06-05 11:30:00-04:00,15.916999816894531,15.9399995803833,15.882399559020996,15.90999984741211,6122,0.0,0.0
2024-06-05 12:30:00-04:00,15.930000305175781,16.06999969482422,15.930000305175781,16.040000915527344,17163,0.0,0.0
2024-06-05 13:30:00-04:00,15.9399995803833,15.958399772644043,15.923299789428711,15.930000305175781,2887,0.0,0.0
2024-06-05 14:30:00-04:00,15.960000038146973,15.960000038146973,15.890000343322754,15.940099716186523,10076,0.0,0.0
2024-06-05 15:30:00-04:00,15.9399995803833,15.960000038146973,15.779999732971191,15.819999694824219,46603,0.0,0.0
2024-06-06 09:30:00-04:00,15.785400390625,15.785400390625,15.785400390625,15.785400390625,441,0.0,0.0
2024-06-06 10:30:00-04:00,15.789999961853027,15.800000190734863,15.72130012512207,15.770000457763672,13546,0.0,0.0
2024-06-06 11:30:00-04:00,15.734999656677246,15.819999694824219,15.680000305175781,15.680000305175781,24894,0.0,0.0
2024-06-06 12:30:00-04:00,15.680000305175781,15.71500015258789,15.670000076293945,15.710000038146973,6327,0.0,0.0
2024-06-06 13:30:00-04:00,15.710000038146973,15.710000038146973,15.670700073242188,15.704999923706055,3192,0.0,0.0
2024-06-06 14:30:00-04:00,15.699999809265137,15.805000305175781,15.655599594116211,15.75,28749,0.0,0.0
2024-06-06 15:30:00-04:00,15.800000190734863,15.800000190734863,15.739999771118164,15.770000457763672,6066,0.0,0.0
2024-06-07 09:30:00-04:00,15.699999809265137,15.699999809265137,15.699999809265137,15.699999809265137,821,0.0,0.0
2024-06-07 10:30:00-04:00,15.61340045928955,15.739999771118164,15.61340045928955,15.729999542236328,3498,0.0,0.0
2024-06-07 11:30:00-04:00,15.718299865722656,15.734000205993652,15.706700325012207,15.729999542236328,5240,0.0,0.0
2024-06-07 12:30:00-04:00,15.697600364685059,15.75,15.697600364685059,15.75,1501,0.0,0.0
2024-06-07 13:30:00-04:00,15.779999732971191,15.859999656677246,15.779999732971191,15.800000190734863,7437,0.0,0.0
2024-06-07 14:30:00-04:00,15.819999694824219,15.819999694824219,15.789999961853027,15.789999961853027,2147,0.0,0.0
2024-06-07 15:30:00-04:00,15.789999961853027,15.800000190734863,15.779999732971191,15.779999732971191,1757,0.0,0.0
2024-06-10 09:30:00-04:00,15.510000228881836,15.729999542236328,15.510000228881836,15.649999618530273,0,0.0,0.0
2024-06-10 10:30:00-04:00,15.699999809265137,15.770000457763672,15.670000076293945,15.739999771118164,19642,0.0,0.0
2024-06-10 11:30:00-04:00,15.774999618530273,15.868399620056152,15.73009967803955,15.868399620056152,8089,0.0,0.0
2024-06-10 12:30:00-04:00,15.890000343322754,16.06999969482422,15.880000114440918,16.030000686645508,8166,0.0,0.0
2024-06-10 13:30:00-04:00,15.989999771118164,16.139999389648438,15.989999771118164,16.139999389648438,18203,0.0,0.0
2024-06-10 14:30:00-04:00,16.18000030517578,16.479999542236328,16.15999984741211,16.40999984741211,52509,0.0,0.0
2024-06-10 15:30:00-04:00,16.40999984741211,16.40999984741211,16.230100631713867,16.309999465942383,15268,0.0,0.0
2024-06-11 09:30:00-04:00,16.200000762939453,16.265100479125977,16.0,16.265100479125977,14300,0.0,0.0
2024-06-11 10:30:00-04:00,16.274999618530273,16.274999618530273,16.100000381469727,16.200000762939453,19339,0.0,0.0
2024-06-11 11:30:00-04:00,16.219999313354492,16.25,16.219999313354492,16.235000610351562,3312,0.0,0.0
2024-06-11 12:30:00-04:00,16.21500015258789,16.21500015258789,16.167200088500977,16.16990089416504,3306,0.0,0.0
2024-06-11 13:30:00-04:00,16.170000076293945,16.350000381469727,16.170000076293945,16.350000381469727,6850,0.0,0.0
2024-06-11 14:30:00-04:00,16.34000015258789,16.40999984741211,16.334999084472656,16.40999984741211,5743,0.0,0.0
2024-06-11 15:30:00-04:00,16.40999984741211,16.459999084472656,16.38759994506836,16.440000534057617,11246,0.0,0.0
2024-06-12 09:30:00-04:00,16.489999771118164,16.690000534057617,16.459999084472656,16.690000534057617,10612,0.0,0.0
2024-06-12 10:30:00-04:00,16.645000457763672,16.69499969482422,16.4950008392334,16.559999465942383,14807,0.0,0.0
2024-06-12 11:30:00-04:00,16.5,16.530000686645508,16.5,16.530000686645508,977,0.0,0.0
2024-06-12 12:30:00-04:00,16.540000915527344,16.57990074157715,16.540000915527344,16.545000076293945,3767,0.0,0.0
2024-06-12 13:30:00-04:00,16.500600814819336,16.500600814819336,16.440000534057617,16.469999313354492,4143,0.0,0.0
2024-06-12 14:30:00-04:00,16.510000228881836,16.510000228881836,16.460100173950195,16.460100173950195,4306,0.0,0.0
2024-06-12 15:30:00-04:00,16.5,16.510000228881836,16.479999542236328,16.510000228881836,6362,0.0,0.0
2024-06-13 09:30:00-04:00,16.450000762939453,16.5,16.450000762939453,16.5,9931,0.0,0.0
2024-06-13 10:30:00-04:00,16.551300048828125,16.6299991607666,16.540000915527344,16.56999969482422,7245,0.0,0.0
2024-06-13 11:30:00-04:00,16.594999313354492,16.594999313354492,16.260000228881836,16.260000228881836,17173,0.0,0.0
2024-06-13 12:30:00-04:00,16.31999969482422,16.31999969482422,16.110000610351562,16.110000610351562,14330,0.0,0.0
2024-06-13 13:30:00-04:00,16.270000457763672,16.270000457763672,15.920000076293945,15.975000381469727,11181,0.0,0.0
2024-06-13 14:30:00-04:00,15.930000305175781,15.930000305175781,15.850000381469727,15.899999618530273,20207,0.0,0.0
2024-06-13 15:30:00-04:00,15.869999885559082,16.190000534057617,15.869999885559082,16.1299991607666,30613,0.0,0.0
2024-06-14 09:30:00-04:00,16.010000228881836,16.065000534057617,16.0049991607666,16.0049991607666,1253,0.0,0.0
2024-06-14 10:30:00-04:00,15.907999992370605,15.979999542236328,15.760000228881836,15.899999618530273,13306,0.0,0.0
2024-06-14 11:30:00-04:00,15.857000350952148,15.970000267028809,15.810099601745605,15.930000305175781,9545,0.0,0.0
2024-06-14 12:30:00-04:00,15.930000305175781,16.100000381469727,15.930000305175781,16.100000381469727,11716,0.0,0.0
2024-06-14 13:30:00-04:00,16.100000381469727,16.100000381469727,16.0,16.059999465942383,4936,0.0,0.0
2024-06-14 14:30:00-04:00,16.040000915527344,16.100000381469727,16.013700485229492,16.100000381469727,3050,0.0,0.0
2024-06-14 15:30:00-04:00,16.09000015258789,16.1299991607666,16.06999969482422,16.09000015258789,6353,0.0,0.0
2024-06-17 09:30:00-04:00,16.0,16.18000030517578,16.0,16.125,8986,0.0,0.0
2024-06-17 10:30:00-04:00,16.1299991607666,16.200000762939453,16.1299991607666,16.15999984741211,12200,0.0,0.0
2024-06-17 11:30:00-04:00,16.18000030517578,16.18000030517578,16.100000381469727,16.149999618530273,37187,0.0,0.0
2024-06-17 12:30:00-04:00,16.149999618530273,16.25,16.110000610351562,16.25,22184,0.0,0.0
2024-06-17 13:30:00-04:00,16.225000381469727,16.25,16.200000762939453,16.2450008392334,15850,0.0,0.0
2024-06-17 14:30:00-04:00,16.25,16.25,16.209999084472656,16.25,19351,0.0,0.0
2024-06-17 15:30:00-04:00,16.25,16.280000686645508,16.219999313354492,16.280000686645508,19022,0.0,0.0
2024-06-18 09:30:00-04:00,16.1299991607666,16.130300521850586,16.1299991607666,16.13010025024414,4549,0.0,0.0
2024-06-18 10:30:00-04:00,16.2268009185791,16.2268009185791,16.159000396728516,16.159000396728516,2307,0.0,0.0
2024-06-18 11:30:00-04:00,16.209999084472656,16.229999542236328,16.200000762939453,16.229999542236328,1651,0.0,0.0
2024-06-18 12:30:00-04:00,16.209999084472656,16.350000381469727,16.209999084472656,16.350000381469727,4582,0.0,0.0
2024-06-18 13:30:00-04:00,16.360000610351562,16.360000610351562,16.270000457763672,16.299999237060547,9548,0.0,0.0
2024-06-18 14:30:00-04:00,16.31999969482422,16.360000610351562,16.270000457763672,16.270000457763672,5198,0.0,0.0
2024-06-18 15:30:00-04:00,16.309999465942383,16.3700008392334,16.274599075317383,16.34000015258789,8006,0.0,0.0
2024-06-20 09:30:00-04:00,15.75,16.329999923706055,15.75,16.329999923706055,18609,0.0,0.0
2024-06-20 10:30:00-04:00,16.31170082092285,16.34000015258789,16.28499984741211,16.28499984741211,5856,0.0,0.0
2024-06-20 11:30:00-04:00,16.309999465942383,16.34000015258789,16.260000228881836,16.260000228881836,5838,0.0,0.0
2024-06-20 12:30:00-04:00,16.25,16.260000228881836,16.184999465942383,16.190000534057617,5326,0.0,0.0
2024-06-20 13:30:00-04:00,16.174999237060547,16.229900360107422,16.140100479125977,16.162500381469727,5994,0.0,0.0
2024-06-20 14:30:00-04:00,16.200000762939453,16.225000381469727,16.139999389648438,16.225000381469727,7922,0.0,0.0
2024-06-20 15:30:00-04:00,16.228099822998047,16.260000228881836,16.219999313354492,16.25,12955,0.0,0.0
2024-06-21 09:30:00-04:00,16.139999389648438,16.269899368286133,16.139999389648438,16.200000762939453,3775,0.0,0.0
2024-06-21 10:30:00-04:00,16.200000762939453,16.290000915527344,16.18000030517578,16.225000381469727,8600,0.0,0.0
2024-06-21 11:30:00-04:00,16.219999313354492,16.270000457763672,16.030000686645508,16.030000686645508,23200,0.0,0.0
2024-06-21 12:30:00-04:00,16.030000686645508,16.149999618530273,16.030000686645508,16.084999084472656,13081,0.0,0.0
2024-06-21 13:30:00-04:00,16.037799835205078,16.040000915527344,15.9399995803833,16.040000915527344,4675,0.0,0.0
2024-06-21 14:30:00-04:00,16.010000228881836,16.110000610351562,16.010000228881836,16.041200637817383,4366,0.0,0.0
2024-06-21 15:30:00-04:00,16.020000457763672,16.260000228881836,16.020000457763672,16.209999084472656,24168,0.0,0.0
2024-06-24 09:30:00-04:00,16.100000381469727,16.18000030517578,15.954999923706055,16.100000381469727,56501,0.0,0.0
2024-06-24 10:30:00-04:00,16.15999984741211,16.280000686645508,16.15999984741211,16.226999282836914,8941,0.0,0.0
2024-06-24 11:30:00-04:00,16.299999237060547,16.31999969482422,16.131799697875977,16.290000915527344,47557,0.0,0.0
2024-06-24 12:30:00-04:00,16.28499984741211,16.415000915527344,16.2362003326416,16.3799991607666,32310,0.0,0.0
2024-06-24 13:30:00-04:00,16.389999389648438,16.440000534057617,16.30190086364746,16.354999542236328,11591,0.0,0.0
2024-06-24 14:30:00-04:00,16.350000381469727,16.52989959716797,16.34000015258789,16.40999984741211,32834,0.0,0.0
2024-06-24 15:30:00-04:00,16.399999618530273,16.424999237060547,16.31999969482422,16.350000381469727,21276,0.0,0.0
2024-06-25 09:30:00-04:00,16.190000534057617,16.299999237060547,16.190000534057617,16.290000915527344,3519,0.0,0.0
2024-06-25 10:30:00-04:00,16.280000686645508,16.399999618530273,16.280000686645508,16.399999618530273,27200,0.0,0.0
2024-06-25 11:30:00-04:00,16.43790054321289,16.43790054321289,16.299999237060547,16.360000610351562,27265,0.0,0.0
2024-06-25 12:30:00-04:00,16.360000610351562,16.3700008392334,16.219999313354492,16.270000457763672,24928,0.0,0.0
2024-06-25 13:30:00-04:00,16.250099182128906,16.315000534057617,16.200000762939453,16.315000534057617,7954,0.0,0.0
2024-06-25 14:30:00-04:00,16.25,16.260000228881836,16.139999389648438,16.149999618530273,5585,0.0,0.0
2024-06-25 15:30:00-04:00,16.100000381469727,16.100000381469727,15.899999618530273,15.949999809265137,19924,0.0,0.0
2024-06-26 09:30:00-04:00,15.920000076293945,16.042200088500977,15.920000076293945,16.042200088500977,8629,0.0,0.0
2024-06-26 10:30:00-04:00,16.0,16.084999084472656,16.0,16.06999969482422,7404,0.0,0.0
2024-06-26 11:30:00-04:00,16.032800674438477,16.06999969482422,16.0,16.0,7008,0.0,0.0
2024-06-26 12:30:00-04:00,16.010000228881836,16.049999237060547,15.989999771118164,16.0049991607666,8896,0.0,0.0
2024-06-26 13:30:00-04:00,16.020000457763672,16.079999923706055,15.960000038146973,15.964900016784668,16020,0.0,0.0
2024-06-26 14:30:00-04:00,15.989999771118164,16.040000915527344,15.930000305175781,15.982500076293945,20126,0.0,0.0
2024-06-26 15:30:00-04:00,16.0,16.049999237060547,15.942899703979492,16.049999237060547,26037,0.0,0.0
2024-06-27 09:30:00-04:00,16.030000686645508,16.170000076293945,16.0,16.110000610351562,9387,0.0,0.0
2024-06-27 10:30:00-04:00,16.128299713134766,16.270000457763672,16.128299713134766,16.200000762939453,13846,0.0,0.0
2024-06-27 11:30:00-04:00,16.190000534057617,16.190000534057617,16.190000534057617,16.190000534057617,1008,0.0,0.0
2024-06-27 12:30:00-04:00,16.18000030517578,16.229999542236328,16.149999618530273,16.18000030517578,17362,0.0,0.0
2024-06-27 13:30:00-04:00,16.219999313354492,16.239999771118164,16.145000457763672,16.200000762939453,10458,0.0,0.0
2024-06-27 14:30:00-04:00,16.209999084472656,16.209999084472656,16.170000076293945,16.204999923706055,4847,0.0,0.0
2024-06-27 15:30:00-04:00,16.18000030517578,16.229999542236328,16.170000076293945,16.229999542236328,11603,0.0,0.0
2024-06-28 09:30:00-04:00,16.204999923706055,16.204999923706055,16.110000610351562,16.155000686645508,4077,0.0,0.0
2024-06-28 10:30:00-04:00,16.200000762939453,16.29990005493164,16.19070053100586,16.19070053100586,2882,0.0,0.0
2024-06-28 11:30:00-04:00,16.26849937438965,16.26849937438965,16.239999771118164,16.239999771118164,512,0.0,0.0
2024-06-28 12:30:00-04:00,16.200000762939453,16.200000762939453,16.100000381469727,16.170000076293945,5561,0.0,0.0
2024-06-28 13:30:00-04:00,16.155000686645508,16.200000762939453,16.1200008392334,16.200000762939453,4143,0.0,0.0
2024-06-28 14:30:00-04:00,16.1200008392334,16.1299991607666,16.06999969482422,16.06999969482422,13252,0.0,0.0
2024-06-28 15:30:00-04:00,16.020000457763672,16.079999923706055,15.960000038146973,16.030000686645508,29175,0.0,0.0
2024-07-01 09:30:00-04:00,16.190000534057617,16.225000381469727,16.09000015258789,16.09000015258789,6701,0.0,0.0
2024-07-01 10:30:00-04:00,16.145000457763672,16.145000457763672,16.145000457763672,16.145000457763672,974,0.0,0.0
2024-07-01 11:30:00-04:00,16.170000076293945,16.239999771118164,16.155000686645508,16.239999771118164,12229,0.0,0.0
2024-07-01 12:30:00-04:00,16.219999313354492,16.219999313354492,16.11709976196289,16.11709976196289,10483,0.0,0.0
2024-07-01 13:30:00-04:00,16.1200008392334,16.229999542236328,16.110000610351562,16.229999542236328,5310,0.0,0.0
2024-07-01 14:30:00-04:00,16.209999084472656,16.25,16.15999984741211,16.200000762939453,11752,0.0,0.0
2024-07-01 15:30:00-04:00,16.15999984741211,16.229999542236328,16.1299991607666,16.1299991607666,15525,0.0,0.0
2024-07-02 09:30:00-04:00,16.100000381469727,16.290000915527344,16.100000381469727,16.139999389648438,10609,0.0,0.0
2024-07-02 10:30:00-04:00,16.1299991607666,16.15999984741211,16.049999237060547,16.049999237060547,7484,0.0,0.0
2024-07-02 11:30:00-04:00,16.049999237060547,16.05500030517578,16.020000457763672,16.020000457763672,2874,0.0,0.0
2024-07-02 12:30:00-04:00,16.059999465942383,16.100000381469727,15.9399995803833,16.0,13421,0.0,0.0
2024-07-02 13:30:00-04:00,16.020000457763672,16.079999923706055,15.989999771118164,15.989999771118164,5969,0.0,0.0
2024-07-02 14:30:00-04:00,15.96049976348877,16.030000686645508,15.96049976348877,16.014999389648438,6141,0.0,0.0
2024-07-02 15:30:00-04:00,15.989999771118164,16.044599533081055,15.899999618530273,15.899999618530273,15173,0.0,0.0
2024-07-03 09:30:00-04:00,16.045000076293945,16.09000015258789,16.00469970703125,16.049999237060547,4038,0.0,0.0
2024-07-03 10:30:00-04:00,16.0,16.059999465942383,15.90999984741211,15.930000305175781,20625,0.0,0.0
2024-07-03 11:30:00-04:00,16.0049991607666,16.0049991607666,15.984999656677246,15.984999656677246,1714,0.0,0.0
2024-07-05 09:30:00-04:00,15.899999618530273,15.979999542236328,15.899999618530273,15.949999809265137,6545,0.0,0.0
2024-07-05 10:30:00-04:00,15.925000190734863,16.100000381469727,15.925000190734863,16.05500030517578,3290,0.0,0.0
2024-07-05 11:30:00-04:00,16.06999969482422,16.09000015258789,16.040000915527344,16.09000015258789,5957,0.0,0.0
2024-07-05 12:30:00-04:00,16.09000015258789,16.18000030517578,16.079999923706055,16.18000030517578,25916,0.0,0.0
2024-07-05 13:30:00-04:00,16.06999969482422,16.15999984741211,16.049999237060547,16.049999237060547,23343,0.0,0.0
2024-07-05 14:30:00-04:00,16.049999237060547,16.110000610351562,16.008399963378906,16.02400016784668,13988,0.0,0.0
2024-07-05 15:30:00-04:00,16.020000457763672,16.030000686645508,15.930000305175781,15.970000267028809,12321,0.0,0.0
2024-07-08 09:30:00-04:00,16.00510025024414,16.094999313354492,16.00510025024414,16.075000762939453,4136,0.0,0.0
2024-07-08 10:30:00-04:00,15.949999809265137,16.100000381469727,15.931400299072266,16.100000381469727,48616,0.0,0.0
2024-07-08 11:30:00-04:00,16.075000762939453,16.075000762939453,16.0,16.06999969482422,15744,0.0,0.0
2024-07-08 12:30:00-04:00,16.070899963378906,16.125,16.040000915527344,16.059999465942383,15760,0.0,0.0
2024-07-08 13:30:00-04:00,16.040000915527344,16.18470001220703,16.030000686645508,16.18470001220703,23448,0.0,0.0
2024-07-08 14:30:00-04:00,16.110000610351562,16.149999618530273,16.030000686645508,16.125,45238,0.0,0.0
2024-07-08 15:30:00-04:00,16.125,16.15999984741211,16.059999465942383,16.1200008392334,31291,0.0,0.0
2024-07-09 09:30:00-04:00,16.190000534057617,16.190000534057617,16.06999969482422,16.100000381469727,5325,0.0,0.0
2024-07-09 10:30:00-04:00,16.100000381469727,16.149999618530273,16.059999465942383,16.1299991607666,37533,0.0,0.0
2024-07-09 11:30:00-04:00,16.1299991607666,16.21500015258789,16.110000610351562,16.197099685668945,25980,0.0,0.0
2024-07-09 12:30:00-04:00,16.190000534057617,16.260000228881836,16.139999389648438,16.219999313354492,14407,0.0,0.0
2024-07-09 13:30:00-04:00,16.209999084472656,16.2283992767334,16.200000762939453,16.200000762939453,10455,0.0,0.0
2024-07-09 14:30:00-04:00,16.200000762939453,16.229999542236328,16.19499969482422,16.200000762939453,21552,0.0,0.0
2024-07-09 15:30:00-04:00,16.200000762939453,16.209999084472656,16.1200008392334,16.170000076293945,20251,0.0,0.0
2024-07-10 09:30:00-04:00,16.440000534057617,16.440000534057617,16.25200080871582,16.30500030517578,35950,0.0,0.0
2024-07-10 10:30:00-04:00,16.389999389648438,16.989999771118164,16.354999542236328,16.950000762939453,78468,0.0,0.0
2024-07-10 11:30:00-04:00,17.0,17.06999969482422,16.799999237060547,16.81999969482422,39836,0.0,0.0
2024-07-10 12:30:00-04:00,16.81999969482422,16.989999771118164,16.809999465942383,16.859899520874023,26431,0.0,0.0
2024-07-10 13:30:00-04:00,16.90999984741211,17.1200008392334,16.90999984741211,16.96500015258789,44658,0.0,0.0
2024-07-10 14:30:00-04:00,16.950000762939453,17.34000015258789,16.950000762939453,17.309999465942383,67422,0.0,0.0
2024-07-10 15:30:00-04:00,17.350000381469727,17.43000030517578,17.200000762939453,17.350000381469727,89348,0.0,0.0
2024-07-11 09:30:00-04:00,17.15999984741211,18.03499984741211,17.15999984741211,17.989999771118164,90942,0.0,0.0
2024-07-11 10:30:00-04:00,18.0,18.100000381469727,17.542699813842773,17.59000015258789,70705,0.0,0.0
2024-07-11 11:30:00-04:00,17.5,17.510000228881836,16.899999618530273,16.93000030517578,41877,0.0,0.0
2024-07-11 12:30:00-04:00,16.93000030517578,17.239999771118164,16.93000030517578,17.145000457763672,25515,0.0,0.0
2024-07-11 13:30:00-04:00,17.145000457763672,17.190000534057617,16.959999084472656,17.040000915527344,16380,0.0,0.0
2024-07-11 14:30:00-04:00,16.979999542236328,17.15999984741211,16.979999542236328,17.030000686645508,18881,0.0,0.0
2024-07-11 15:30:00-04:00,17.0,17.06999969482422,16.950000762939453,16.979999542236328,27167,0.0,0.0
2024-07-12 09:30:00-04:00,17.059999465942383,17.059999465942383,16.219999313354492,16.31999969482422,33267,0.0,0.0
2024-07-12 10:30:00-04:00,16.31999969482422,16.360000610351562,16.090099334716797,16.149999618530273,72554,0.0,0.0
2024-07-12 11:30:00-04:00,16.229999542236328,16.309999465942383,15.975000381469727,15.975000381469727,65478,0.0,0.0
2024-07-12 12:30:00-04:00,15.930000305175781,16.16990089416504,15.920000076293945,16.09000015258789,47908,0.0,0.0
2024-07-12 13:30:00-04:00,16.145000457763672,16.251699447631836,16.079999923706055,16.200000762939453,27668,0.0,0.0
2024-07-12 14:30:00-04:00,16.200000762939453,16.350000381469727,16.149999618530273,16.2549991607666,41139,0.0,0.0
2024-07-12 15:30:00-04:00,16.270000457763672,16.489999771118164,16.200000762939453,16.309999465942383,50801,0.0,0.0
2024-07-15 09:30:00-04:00,16.5,16.889999389648438,16.5,16.674999237060547,129016,0.0,0.0
2024-07-15 10:30:00-04:00,16.6200008392334,16.655000686645508,16.440000534057617,16.489999771118164,50203,0.0,0.0
2024-07-15 11:30:00-04:00,16.469999313354492,16.545000076293945,16.469999313354492,16.475000381469727,19159,0.0,0.0
2024-07-15 12:30:00-04:00,16.450000762939453,16.46500015258789,16.315000534057617,16.350000381469727,20577,0.0,0.0
2024-07-15 13:30:00-04:00,16.364999771118164,16.420000076293945,16.31999969482422,16.420000076293945,14233,0.0,0.0
2024-07-15 14:30:00-04:00,16.40999984741211,16.420000076293945,16.31999969482422,16.31999969482422,31004,0.0,0.0
2024-07-15 15:30:00-04:00,16.329999923706055,16.360000610351562,16.239999771118164,16.31999969482422,59650,0.0,0.0
2024-07-16 09:30:00-04:00,16.420000076293945,16.420000076293945,16.209999084472656,16.260000228881836,0,0.0,0.0
2024-07-16 10:30:00-04:00,16.30500030517578,16.309999465942383,16.200000762939453,16.209999084472656,13478,0.0,0.0
2024-07-16 11:30:00-04:00,16.239999771118164,16.280000686645508,16.19499969482422,16.260000228881836,18948,0.0,0.0
2024-07-16 12:30:00-04:00,16.25,16.25,16.18000030517578,16.200000762939453,37792,0.0,0.0
2024-07-16 13:30:00-04:00,16.190000534057617,16.209999084472656,16.110000610351562,16.170000076293945,24621,0.0,0.0
2024-07-16 14:30:00-04:00,16.190000534057617,16.204999923706055,16.139999389648438,16.190000534057617,27596,0.0,0.0
2024-07-16 15:30:00-04:00,16.184999465942383,16.190000534057617,16.0,16.020000457763672,70485,0.0,0.0
2024-07-17 09:30:00-04:00,16.06999969482422,16.09000015258789,15.989999771118164,16.030000686645508,36535,0.0,0.0
2024-07-17 10:30:00-04:00,15.970000267028809,16.0,15.829999923706055,15.850000381469727,36808,0.0,0.0
2024-07-17 11:30:00-04:00,15.875,15.989999771118164,15.859999656677246,15.899999618530273,17748,0.0,0.0
2024-07-17 12:30:00-04:00,15.895000457763672,15.914999961853027,15.566499710083008,15.600000381469727,49738,0.0,0.0
2024-07-17 13:30:00-04:00,15.600000381469727,15.759900093078613,15.561800003051758,15.729999542236328,35997,0.0,0.0
2024-07-17 14:30:00-04:00,15.75,15.8100004196167,15.640000343322754,15.640000343322754,16748,0.0,0.0
2024-07-17 15:30:00-04:00,15.630000114440918,15.710000038146973,15.630000114440918,15.649999618530273,46957,0.0,0.0
2024-07-18 09:30:00-04:00,14.859999656677246,15.260000228881836,14.760000228881836,15.095000267028809,255147,0.0,0.0
2024-07-18 10:30:00-04:00,15.130000114440918,15.260000228881836,15.0,15.029999732971191,81855,0.0,0.0
2024-07-18 11:30:00-04:00,15.039999961853027,15.0733003616333,14.600000381469727,14.628800392150879,164991,0.0,0.0
2024-07-18 12:30:00-04:00,14.630000114440918,14.720000267028809,14.459699630737305,14.600000381469727,64765,0.0,0.0
2024-07-18 13:30:00-04:00,14.569999694824219,14.654999732971191,14.479999542236328,14.609999656677246,92482,0.0,0.0
2024-07-18 14:30:00-04:00,14.630000114440918,14.680000305175781,14.489999771118164,14.529999732971191,87174,0.0,0.0
2024-07-18 15:30:00-04:00,14.53499984741211,14.5600004196167,14.48009967803955,14.520000457763672,89886,0.0,0.0
2024-07-19 09:30:00-04:00,14.680000305175781,14.880000114440918,14.40999984741211,14.64739990234375,42422,0.0,0.0
2024-07-19 10:30:00-04:00,14.539999961853027,14.609999656677246,14.329999923706055,14.329999923706055,39372,0.0,0.0
2024-07-19 11:30:00-04:00,14.329999923706055,14.329999923706055,14.1899995803833,14.210000038146973,68127,0.0,0.0
2024-07-19 12:30:00-04:00,14.199999809265137,14.204500198364258,14.100000381469727,14.109999656677246,55812,0.0,0.0
2024-07-19 13:30:00-04:00,14.09000015258789,14.15999984741211,14.039999961853027,14.050000190734863,40404,0.0,0.0
2024-07-19 14:30:00-04:00,14.050000190734863,14.130000114440918,14.0,14.029999732971191,67658,0.0,0.0
2024-07-19 15:30:00-04:00,14.0600004196167,14.0600004196167,13.890000343322754,13.949999809265137,115281,0.0,0.0
2024-07-22 09:30:00-04:00,14.079999923706055,14.180000305175781,13.65999984741211,13.670000076293945,77229,0.0,0.0
2024-07-22 10:30:00-04:00,13.65999984741211,14.3100004196167,13.65999984741211,14.3100004196167,98244,0.0,0.0
2024-07-22 11:30:00-04:00,14.3100004196167,14.5,14.300000190734863,14.4399995803833,40333,0.0,0.0
2024-07-22 12:30:00-04:00,14.4399995803833,14.470000267028809,14.337499618530273,14.337499618530273,38059,0.0,0.0
2024-07-22 13:30:00-04:00,14.350000381469727,14.470000267028809,14.300000190734863,14.354999542236328,31248,0.0,0.0
2024-07-22 14:30:00-04:00,14.354999542236328,14.390000343322754,14.221199989318848,14.380000114440918,32840,0.0,0.0
2024-07-22 15:30:00-04:00,14.369999885559082,14.369999885559082,14.1899995803833,14.210000038146973,36816,0.0,0.0
2024-07-23 09:30:00-04:00,14.109999656677246,14.329999923706055,14.0,14.300000190734863,34608,0.0,0.0
2024-07-23 10:30:00-04:00,14.274999618530273,14.300000190734863,14.100000381469727,14.135000228881836,52570,0.0,0.0
2024-07-23 11:30:00-04:00,14.119999885559082,14.119999885559082,13.800000190734863,13.800000190734863,35712,0.0,0.0
2024-07-23 12:30:00-04:00,13.789999961853027,13.84000015258789,13.609999656677246,13.630000114440918,51183,0.0,0.0
2024-07-23 13:30:00-04:00,13.630000114440918,13.725000381469727,13.470000267028809,13.569999694824219,119222,0.0,0.0
2024-07-23 14:30:00-04:00,13.5649995803833,13.59000015258789,13.239999771118164,13.300000190734863,87770,0.0,0.0
2024-07-23 15:30:00-04:00,13.3100004196167,13.3100004196167,12.890000343322754,12.899999618530273,243168,0.0,0.0
2024-07-24 09:30:00-04:00,12.899999618530273,13.420000076293945,12.244999885559082,12.489999771118164,289325,0.0,0.0
2024-07-24 10:30:00-04:00,12.449999809265137,12.90999984741211,12.449999809265137,12.59000015258789,138964,0.0,0.0
2024-07-24 11:30:00-04:00,12.630000114440918,12.65999984741211,12.359999656677246,12.420000076293945,128527,0.0,0.0
2024-07-24 12:30:00-04:00,12.359999656677246,12.390000343322754,11.949999809265137,12.239999771118164,176336,0.0,0.0
2024-07-24 13:30:00-04:00,12.260000228881836,12.449899673461914,12.149999618530273,12.319999694824219,75347,0.0,0.0
2024-07-24 14:30:00-04:00,12.300100326538086,12.430000305175781,12.149999618530273,12.380000114440918,153865,0.0,0.0
2024-07-24 15:30:00-04:00,12.385000228881836,12.385000228881836,12.194999694824219,12.199999809265137,104259,0.0,0.0
2024-07-25 09:30:00-04:00,12.210000038146973,12.449899673461914,11.9399995803833,12.350000381469727,120113,0.0,0.0
2024-07-25 10:30:00-04:00,12.350000381469727,12.694999694824219,12.319999694824219,12.630000114440918,195497,0.0,0.0
2024-07-25 11:30:00-04:00,12.630000114440918,12.649999618530273,12.460000038146973,12.579999923706055,53141,0.0,0.0
2024-07-25 12:30:00-04:00,12.579999923706055,12.629500389099121,12.470000267028809,12.5600004196167,88563,0.0,0.0
2024-07-25 13:30:00-04:00,12.5600004196167,12.5600004196167,12.300000190734863,12.306699752807617,33302,0.0,0.0
2024-07-25 14:30:00-04:00,12.319999694824219,12.449999809265137,12.267499923706055,12.289999961853027,62591,0.0,0.0
2024-07-25 15:30:00-04:00,12.300000190734863,12.300000190734863,12.1899995803833,12.230999946594238,141734,0.0,0.0
2024-07-26 09:30:00-04:00,12.350000381469727,12.569999694824219,12.220000267028809,12.380000114440918,112219,0.0,0.0
2024-07-26 10:30:00-04:00,12.350000381469727,12.59000015258789,12.25,12.494999885559082,44815,0.0,0.0
2024-07-26 11:30:00-04:00,12.509900093078613,12.819999694824219,12.40999984741211,12.779999732971191,65055,0.0,0.0
2024-07-26 12:30:00-04:00,12.819999694824219,13.180000305175781,12.729999542236328,12.890000343322754,148764,0.0,0.0
2024-07-26 13:30:00-04:00,12.859999656677246,13.079999923706055,12.859999656677246,13.0,48516,0.0,0.0
2024-07-26 14:30:00-04:00,12.979999542236328,13.130000114440918,12.829999923706055,12.9399995803833,86883,0.0,0.0
2024-07-26 15:30:00-04:00,12.90999984741211,13.210000038146973,12.869999885559082,13.109999656677246,131288,0.0,0.0
2024-07-29 09:30:00-04:00,13.220000267028809,13.3100004196167,12.930299758911133,13.0600004196167,72318,0.0,0.0
2024-07-29 10:30:00-04:00,12.970000267028809,13.024999618530273,12.869999885559082,12.930000305175781,64315,0.0,0.0
2024-07-29 11:30:00-04:00,12.925999641418457,12.979999542236328,12.850000381469727,12.880000114440918,44355,0.0,0.0
2024-07-29 12:30:00-04:00,12.880000114440918,12.9350004196167,12.869999885559082,12.899999618530273,37763,0.0,0.0
2024-07-29 13:30:00-04:00,12.890000343322754,12.90999984741211,12.75,12.859999656677246,55211,0.0,0.0
2024-07-29 14:30:00-04:00,12.869999885559082,12.869999885559082,12.5600004196167,12.699999809265137,33100,0.0,0.0
2024-07-29 15:30:00-04:00,12.708999633789062,12.75,12.59000015258789,12.649999618530273,60944,0.0,0.0
2024-07-30 09:30:00-04:00,12.600000381469727,12.819999694824219,12.510000228881836,12.529999732971191,68790,0.0,0.0
2024-07-30 10:30:00-04:00,12.529999732971191,12.529999732971191,12.34000015258789,12.40999984741211,72063,0.0,0.0
2024-07-30 11:30:00-04:00,12.449999809265137,12.449999809265137,12.220000267028809,12.220000267028809,41197,0.0,0.0
2024-07-30 12:30:00-04:00,12.234999656677246,12.329999923706055,12.204999923706055,12.289999961853027,57520,0.0,0.0
2024-07-30 13:30:00-04:00,12.295000076293945,12.524999618530273,12.270000457763672,12.460000038146973,122151,0.0,0.0
2024-07-30 14:30:00-04:00,12.47249984741211,12.550000190734863,12.420000076293945,12.5,50767,0.0,0.0
2024-07-30 15:30:00-04:00,12.494999885559082,12.76990032196045,12.430000305175781,12.640000343322754,148557,0.0,0.0
2024-07-31 09:30:00-04:00,12.6899995803833,13.284600257873535,12.6899995803833,13.095000267028809,92463,0.0,0.0
2024-07-31 10:30:00-04:00,13.0600004196167,13.0649995803833,12.824700355529785,12.890000343322754,35736,0.0,0.0
2024-07-31 11:30:00-04:00,12.90999984741211,13.460000038146973,12.90999984741211,13.380000114440918,86220,0.0,0.0
2024-07-31 12:30:00-04:00,13.369999885559082,13.40999984741211,13.289999961853027,13.3100004196167,49388,0.0,0.0
2024-07-31 13:30:00-04:00,13.300000190734863,13.449999809265137,13.279999732971191,13.390000343322754,35293,0.0,0.0
2024-07-31 14:30:00-04:00,13.399999618530273,13.579999923706055,13.300000190734863,13.3100004196167,74042,0.0,0.0
2024-07-31 15:30:00-04:00,13.319899559020996,13.550000190734863,13.289999961853027,13.350000381469727,69963,0.0,0.0
2024-08-01 09:30:00-04:00,13.5,13.6899995803833,13.0600004196167,13.15999984741211,50337,0.0,0.0
2024-08-01 10:30:00-04:00,13.15999984741211,13.180000305175781,13.010000228881836,13.010000228881836,35790,0.0,0.0
2024-08-01 11:30:00-04:00,13.010000228881836,13.100000381469727,12.850000381469727,12.932000160217285,57420,0.0,0.0
2024-08-01 12:30:00-04:00,12.920000076293945,12.930000305175781,12.510000228881836,12.520000457763672,77844,0.0,0.0
2024-08-01 13:30:00-04:00,12.510000228881836,12.609999656677246,12.270000457763672,12.524999618530273,70155,0.0,0.0
2024-08-01 14:30:00-04:00,12.539999961853027,12.670000076293945,12.489999771118164,12.640000343322754,45013,0.0,0.0
2024-08-01 15:30:00-04:00,12.65999984741211,12.779999732971191,12.630000114440918,12.640000343322754,69092,0.0,0.0
2024-08-02 09:30:00-04:00,12.210000038146973,12.40999984741211,11.569999694824219,11.751899719238281,212764,0.0,0.0
2024-08-02 10:30:00-04:00,11.789999961853027,12.0,11.75,11.880000114440918,76029,0.0,0.0
2024-08-02 11:30:00-04:00,11.84000015258789,12.100000381469727,11.84000015258789,11.989999771118164,36944,0.0,0.0
2024-08-02 12:30:00-04:00,11.989999771118164,12.0,11.520000457763672,11.670000076293945,77631,0.0,0.0
2024-08-02 13:30:00-04:00,11.670000076293945,11.920000076293945,11.520000457763672,11.885700225830078,69446,0.0,0.0
2024-08-02 14:30:00-04:00,11.90999984741211,12.039999961853027,11.789999961853027,11.84000015258789,47961,0.0,0.0
2024-08-02 15:30:00-04:00,11.850000381469727,11.920000076293945,11.739999771118164,11.84000015258789,106594,0.0,0.0
2024-08-05 09:30:00-04:00,10.859999656677246,11.140000343322754,9.972000122070312,11.039999961853027,315266,0.0,0.0
2024-08-05 10:30:00-04:00,10.979999542236328,11.529999732971191,10.949999809265137,11.390000343322754,140619,0.0,0.0
2024-08-05 11:30:00-04:00,11.40999984741211,11.59000015258789,11.300000190734863,11.550000190734863,44162,0.0,0.0
2024-08-05 12:30:00-04:00,11.489999771118164,11.550000190734863,11.350000381469727,11.375,18183,0.0,0.0
2024-08-05 13:30:00-04:00,11.375,11.619999885559082,11.375,11.619999885559082,54245,0.0,0.0
2024-08-05 14:30:00-04:00,11.640000343322754,11.645000457763672,11.380000114440918,11.430000305175781,53792,0.0,0.0
2024-08-05 15:30:00-04:00,11.460000038146973,11.520000457763672,11.390000343322754,11.4399995803833,81593,0.0,0.0
2024-08-06 09:30:00-04:00,11.354999542236328,12.039999961853027,11.354999542236328,11.75,93954,0.0,0.0
2024-08-06 10:30:00-04:00,11.75,11.9399995803833,11.649999618530273,11.67020034790039,32753,0.0,0.0
2024-08-06 11:30:00-04:00,11.664999961853027,11.859999656677246,11.600000381469727,11.75,40435,0.0,0.0
2024-08-06 12:30:00-04:00,11.720000267028809,12.265000343322754,11.720000267028809,12.265000343322754,75374,0.0,0.0
2024-08-06 13:30:00-04:00,12.220100402832031,12.300000190734863,12.039999961853027,12.300000190734863,70962,0.0,0.0
2024-08-06 14:30:00-04:00,12.29010009765625,12.350000381469727,11.960000038146973,12.180000305175781,63011,0.0,0.0
2024-08-06 15:30:00-04:00,12.170000076293945,12.260000228881836,11.829999923706055,11.829999923706055,124570,0.0,0.0
2024-08-07 09:30:00-04:00,12.0,12.140000343322754,11.699999809265137,11.720000267028809,54617,0.0,0.0
2024-08-07 10:30:00-04:00,11.699999809265137,12.024999618530273,11.699999809265137,11.970000267028809,35764,0.0,0.0
2024-08-07 11:30:00-04:00,11.960000038146973,12.039999961853027,11.829999923706055,11.930000305175781,30265,0.0,0.0
2024-08-07 12:30:00-04:00,11.899900436401367,11.899999618530273,11.699999809265137,11.869999885559082,33886,0.0,0.0
2024-08-07 13:30:00-04:00,11.880000114440918,11.880000114440918,11.5600004196167,11.5600004196167,19751,0.0,0.0
2024-08-07 14:30:00-04:00,11.59000015258789,11.59000015258789,11.319999694824219,11.399999618530273,78250,0.0,0.0
2024-08-07 15:30:00-04:00,11.360099792480469,11.4399995803833,11.20009994506836,11.260000228881836,82306,0.0,0.0
2024-08-08 09:30:00-04:00,11.359999656677246,11.604999542236328,11.09000015258789,11.229999542236328,38718,0.0,0.0
2024-08-08 10:30:00-04:00,11.350000381469727,11.520000457763672,11.3149995803833,11.484999656677246,36518,0.0,0.0
2024-08-08 11:30:00-04:00,11.479999542236328,11.649999618530273,11.444999694824219,11.585000038146973,74023,0.0,0.0
2024-08-08 12:30:00-04:00,11.59000015258789,11.710000038146973,11.494000434875488,11.675000190734863,55440,0.0,0.0
2024-08-08 13:30:00-04:00,11.6899995803833,11.6899995803833,11.5,11.550000190734863,23203,0.0,0.0
2024-08-08 14:30:00-04:00,11.550000190734863,11.649999618530273,11.40999984741211,11.609999656677246,51402,0.0,0.0
2024-08-08 15:30:00-04:00,11.59000015258789,11.84000015258789,11.5,11.800000190734863,156499,0.0,0.0
2024-08-09 09:30:00-04:00,12.399999618530273,13.890000343322754,12.29800033569336,13.71500015258789,499391,0.0,0.0
2024-08-09 10:30:00-04:00,13.729999542236328,13.989999771118164,13.649999618530273,13.670000076293945,183779,0.0,0.0
2024-08-09 11:30:00-04:00,13.699999809265137,13.819999694824219,13.220000267028809,13.255000114440918,128413,0.0,0.0
2024-08-09 12:30:00-04:00,13.260000228881836,13.5,13.248600006103516,13.375,68430,0.0,0.0
2024-08-09 13:30:00-04:00,13.359999656677246,13.529999732971191,13.319999694824219,13.510000228881836,43374,0.0,0.0
2024-08-09 14:30:00-04:00,13.479999542236328,13.699999809265137,13.470000267028809,13.569999694824219,77345,0.0,0.0
2024-08-09 15:30:00-04:00,13.550000190734863,13.714599609375,13.329999923706055,13.637100219726562,143971,0.0,0.0
