Datetime,Open,High,Low,Close,Volume,Dividends,Stock Splits
2022-08-11 09:30:00-04:00,9.75,9.800000190734863,9.710000038146973,9.779999732971191,39240,0.0,0.0
2022-08-11 10:30:00-04:00,9.778800010681152,9.779999732971191,9.6899995803833,9.6899995803833,16776,0.0,0.0
2022-08-11 11:30:00-04:00,9.702899932861328,9.729999542236328,9.670000076293945,9.720000267028809,12481,0.0,0.0
2022-08-11 12:30:00-04:00,9.729999542236328,9.770000457763672,9.729999542236328,9.750499725341797,12263,0.0,0.0
2022-08-11 13:30:00-04:00,9.75,9.768099784851074,9.7253999710083,9.75,14324,0.0,0.0
2022-08-11 14:30:00-04:00,9.720100402832031,9.729999542236328,9.693099975585938,9.699999809265137,11243,0.0,0.0
2022-08-11 15:30:00-04:00,9.70199966430664,9.720000267028809,9.6899995803833,9.720000267028809,7882,0.0,0.0
2022-08-12 09:30:00-04:00,9.760000228881836,9.770000457763672,9.732199668884277,9.770000457763672,38137,0.0,0.0
2022-08-12 10:30:00-04:00,9.742899894714355,9.789999961853027,9.739999771118164,9.789999961853027,31540,0.0,0.0
2022-08-12 11:30:00-04:00,9.789999961853027,9.800000190734863,9.779999732971191,9.79259967803955,27723,0.0,0.0
2022-08-12 12:30:00-04:00,9.800000190734863,9.850000381469727,9.800000190734863,9.84630012512207,36185,0.0,0.0
2022-08-12 13:30:00-04:00,9.84589958190918,9.859999656677246,9.819999694824219,9.859999656677246,34084,0.0,0.0
2022-08-12 14:30:00-04:00,9.859999656677246,9.899999618530273,9.843799591064453,9.864299774169922,18786,0.0,0.0
2022-08-12 15:30:00-04:00,9.878399848937988,9.899999618530273,9.859999656677246,9.890000343322754,11197,0.0,0.0
2022-08-15 09:30:00-04:00,9.869999885559082,9.899999618530273,9.819999694824219,9.859999656677246,0,0.0,0.0
2022-08-15 10:30:00-04:00,9.869999885559082,9.880000114440918,9.855899810791016,9.878399848937988,10367,0.0,0.0
2022-08-15 11:30:00-04:00,9.869999885559082,9.899700164794922,9.869999885559082,9.887999534606934,15296,0.0,0.0
2022-08-15 12:30:00-04:00,9.897500038146973,9.899999618530273,9.859999656677246,9.872599601745605,26049,0.0,0.0
2022-08-15 13:30:00-04:00,9.890000343322754,9.899999618530273,9.850000381469727,9.879899978637695,31746,0.0,0.0
2022-08-15 14:30:00-04:00,9.860600471496582,9.899999618530273,9.860600471496582,9.898799896240234,9182,0.0,0.0
2022-08-15 15:30:00-04:00,9.890000343322754,9.899999618530273,9.869999885559082,9.899999618530273,8070,0.0,0.0
2022-08-16 09:30:00-04:00,9.850000381469727,9.869999885559082,9.819999694824219,9.869999885559082,0,0.0,0.0
2022-08-16 10:30:00-04:00,9.842000007629395,9.854999542236328,9.829999923706055,9.854999542236328,10270,0.0,0.0
2022-08-16 11:30:00-04:00,9.850000381469727,9.869099617004395,9.800000190734863,9.85420036315918,33372,0.0,0.0
2022-08-16 12:30:00-04:00,9.857999801635742,9.857999801635742,9.837400436401367,9.84000015258789,9355,0.0,0.0
2022-08-16 13:30:00-04:00,9.842100143432617,9.899999618530273,9.779999732971191,9.829999923706055,80922,0.0,0.0
2022-08-16 14:30:00-04:00,9.829999923706055,9.829999923706055,9.760000228881836,9.789999961853027,14855,0.0,0.0
2022-08-16 15:30:00-04:00,9.789999961853027,9.850000381469727,9.779999732971191,9.819999694824219,23138,0.0,0.0
2022-08-17 09:30:00-04:00,9.760000228881836,9.779999732971191,9.720000267028809,9.750100135803223,0,0.0,0.0
2022-08-17 10:30:00-04:00,9.729999542236328,9.729999542236328,9.670000076293945,9.6899995803833,16365,0.0,0.0
2022-08-17 11:30:00-04:00,9.6899995803833,9.710000038146973,9.640000343322754,9.680000305175781,19626,0.0,0.0
2022-08-17 12:30:00-04:00,9.670000076293945,9.718000411987305,9.670000076293945,9.710000038146973,21344,0.0,0.0
2022-08-17 13:30:00-04:00,9.704999923706055,9.75,9.6899995803833,9.75,15872,0.0,0.0
2022-08-17 14:30:00-04:00,9.729999542236328,9.733099937438965,9.670000076293945,9.6899995803833,11059,0.0,0.0
2022-08-17 15:30:00-04:00,9.706199645996094,9.706199645996094,9.649999618530273,9.65999984741211,12450,0.0,0.0
2022-08-18 09:30:00-04:00,9.710000038146973,9.75,9.694000244140625,9.710000038146973,14884,0.0,0.0
2022-08-18 10:30:00-04:00,9.720000267028809,9.729999542236328,9.6899995803833,9.729999542236328,13738,0.0,0.0
2022-08-18 11:30:00-04:00,9.720000267028809,9.75,9.710000038146973,9.725000381469727,20969,0.0,0.0
2022-08-18 12:30:00-04:00,9.699999809265137,9.71500015258789,9.6899995803833,9.692899703979492,8422,0.0,0.0
2022-08-18 13:30:00-04:00,9.6899995803833,9.710000038146973,9.649999618530273,9.670000076293945,11802,0.0,0.0
2022-08-18 14:30:00-04:00,9.670000076293945,9.690400123596191,9.649999618530273,9.649999618530273,7955,0.0,0.0
2022-08-18 15:30:00-04:00,9.65999984741211,9.699999809265137,9.630000114440918,9.6899995803833,15936,0.0,0.0
2022-08-19 09:30:00-04:00,9.630000114440918,9.647100448608398,9.579999923706055,9.585200309753418,0,0.0,0.0
2022-08-19 10:30:00-04:00,9.583000183105469,9.595000267028809,9.520000457763672,9.520000457763672,26232,0.0,0.0
2022-08-19 11:30:00-04:00,9.529999732971191,9.569999694824219,9.520000457763672,9.569999694824219,20248,0.0,0.0
2022-08-19 12:30:00-04:00,9.5600004196167,9.579999923706055,9.550000190734863,9.550000190734863,11040,0.0,0.0
2022-08-19 13:30:00-04:00,9.550000190734863,9.555000305175781,9.5,9.5,38581,0.0,0.0
2022-08-19 14:30:00-04:00,9.510000228881836,9.510000228881836,9.449999809265137,9.479999542236328,13154,0.0,0.0
2022-08-19 15:30:00-04:00,9.484999656677246,9.520000457763672,9.449999809265137,9.520000457763672,27833,0.0,0.0
2022-08-22 09:30:00-04:00,9.4399995803833,9.459600448608398,9.380000114440918,9.385000228881836,0,0.0,0.0
2022-08-22 10:30:00-04:00,9.380000114440918,9.40999984741211,9.369999885559082,9.40999984741211,10311,0.0,0.0
2022-08-22 11:30:00-04:00,9.404000282287598,9.419899940490723,9.380000114440918,9.419899940490723,7840,0.0,0.0
2022-08-22 12:30:00-04:00,9.413299560546875,9.419899940490723,9.359999656677246,9.362600326538086,5085,0.0,0.0
2022-08-22 13:30:00-04:00,9.383700370788574,9.420000076293945,9.359999656677246,9.385000228881836,43495,0.0,0.0
2022-08-22 14:30:00-04:00,9.399900436401367,9.399999618530273,9.369999885559082,9.399999618530273,10504,0.0,0.0
2022-08-22 15:30:00-04:00,9.390000343322754,9.449999809265137,9.380000114440918,9.449999809265137,21599,0.0,0.0
2022-08-23 09:30:00-04:00,9.369999885559082,9.5,9.350000381469727,9.424500465393066,40147,0.0,0.0
2022-08-23 10:30:00-04:00,9.418800354003906,9.420000076293945,9.37030029296875,9.390000343322754,8309,0.0,0.0
2022-08-23 11:30:00-04:00,9.399999618530273,9.430000305175781,9.383899688720703,9.405799865722656,21801,0.0,0.0
2022-08-23 12:30:00-04:00,9.390000343322754,9.460000038146973,9.390000343322754,9.4399995803833,14928,0.0,0.0
2022-08-23 13:30:00-04:00,9.423100471496582,9.460000038146973,9.423100471496582,9.460000038146973,2911,0.0,0.0
2022-08-23 14:30:00-04:00,9.460000038146973,9.49899959564209,9.430000305175781,9.489999771118164,10774,0.0,0.0
2022-08-23 15:30:00-04:00,9.479999542236328,9.479999542236328,9.4399995803833,9.479999542236328,8304,0.0,0.0
2022-08-24 09:30:00-04:00,9.460000038146973,9.539999961853027,9.449999809265137,9.496899604797363,0,0.0,0.0
2022-08-24 10:30:00-04:00,9.531499862670898,9.579999923706055,9.505000114440918,9.57390022277832,9309,0.0,0.0
2022-08-24 11:30:00-04:00,9.54010009765625,9.62600040435791,9.529999732971191,9.59000015258789,22883,0.0,0.0
2022-08-24 12:30:00-04:00,9.579999923706055,9.583000183105469,9.544500350952148,9.544500350952148,11039,0.0,0.0
2022-08-24 13:30:00-04:00,9.557900428771973,9.568400382995605,9.550000190734863,9.568400382995605,1401,0.0,0.0
2022-08-24 14:30:00-04:00,9.5600004196167,9.579000473022461,9.5600004196167,9.571000099182129,1135,0.0,0.0
2022-08-24 15:30:00-04:00,9.574999809265137,9.609999656677246,9.574999809265137,9.600000381469727,6396,0.0,0.0
2022-08-25 09:30:00-04:00,9.609999656677246,9.729999542236328,9.609999656677246,9.679699897766113,22098,0.0,0.0
2022-08-25 10:30:00-04:00,9.6899995803833,9.720000267028809,9.658100128173828,9.695799827575684,27221,0.0,0.0
2022-08-25 11:30:00-04:00,9.6850004196167,9.687000274658203,9.660099983215332,9.687000274658203,3506,0.0,0.0
2022-08-25 12:30:00-04:00,9.67870044708252,9.699999809265137,9.662300109863281,9.680000305175781,5324,0.0,0.0
2022-08-25 13:30:00-04:00,9.6850004196167,9.699999809265137,9.673299789428711,9.699999809265137,6077,0.0,0.0
2022-08-25 14:30:00-04:00,9.695699691772461,9.714300155639648,9.6899995803833,9.699999809265137,8054,0.0,0.0
2022-08-25 15:30:00-04:00,9.699399948120117,9.75,9.699399948120117,9.75,5974,0.0,0.0
2022-08-26 09:30:00-04:00,9.760000228881836,9.76200008392334,9.649999618530273,9.673399925231934,0,0.0,0.0
2022-08-26 10:30:00-04:00,9.619999885559082,9.635000228881836,9.5,9.5,12128,0.0,0.0
2022-08-26 11:30:00-04:00,9.529999732971191,9.571999549865723,9.479999542236328,9.5,14176,0.0,0.0
2022-08-26 12:30:00-04:00,9.5,9.567000389099121,9.5,9.567000389099121,11997,0.0,0.0
2022-08-26 13:30:00-04:00,9.552300453186035,9.552300453186035,9.4399995803833,9.5,8354,0.0,0.0
2022-08-26 14:30:00-04:00,9.520000457763672,9.539999961853027,9.449999809265137,9.460000038146973,19591,0.0,0.0
2022-08-26 15:30:00-04:00,9.460000038146973,9.488200187683105,9.40999984741211,9.460000038146973,21636,0.0,0.0
2022-08-29 09:30:00-04:00,9.319999694824219,9.43970012664795,9.3100004196167,9.420000076293945,45158,0.0,0.0
2022-08-29 10:30:00-04:00,9.420000076293945,9.431599617004395,9.329999923706055,9.350000381469727,7765,0.0,0.0
2022-08-29 11:30:00-04:00,9.364999771118164,9.40999984741211,9.350000381469727,9.369999885559082,6490,0.0,0.0
2022-08-29 12:30:00-04:00,9.369999885559082,9.4399995803833,9.369999885559082,9.369999885559082,6557,0.0,0.0
2022-08-29 13:30:00-04:00,9.369999885559082,9.40999984741211,9.364999771118164,9.390000343322754,9031,0.0,0.0
2022-08-29 14:30:00-04:00,9.359999656677246,9.41569995880127,9.350000381469727,9.377599716186523,13788,0.0,0.0
2022-08-29 15:30:00-04:00,9.382499694824219,9.420000076293945,9.380000114440918,9.420000076293945,4801,0.0,0.0
2022-08-30 09:30:00-04:00,9.399999618530273,9.400099754333496,9.289999961853027,9.34000015258789,30359,0.0,0.0
2022-08-30 10:30:00-04:00,9.3100004196167,9.3100004196167,9.25,9.260000228881836,5859,0.0,0.0
2022-08-30 11:30:00-04:00,9.260000228881836,9.319999694824219,9.260000228881836,9.260000228881836,19166,0.0,0.0
2022-08-30 12:30:00-04:00,9.260000228881836,9.270099639892578,9.225000381469727,9.229999542236328,8561,0.0,0.0
2022-08-30 13:30:00-04:00,9.229999542236328,9.260000228881836,9.220000267028809,9.229999542236328,12473,0.0,0.0
2022-08-30 14:30:00-04:00,9.220000267028809,9.339500427246094,9.210000038146973,9.25,35035,0.0,0.0
2022-08-30 15:30:00-04:00,9.25,9.279999732971191,9.220000267028809,9.229999542236328,13286,0.0,0.0
2022-08-31 09:30:00-04:00,9.300000190734863,9.369999885559082,9.25,9.295000076293945,0,0.0,0.0
2022-08-31 10:30:00-04:00,9.289999961853027,9.34000015258789,9.229999542236328,9.270000457763672,19756,0.0,0.0
2022-08-31 11:30:00-04:00,9.25,9.270000457763672,9.220000267028809,9.220000267028809,12170,0.0,0.0
2022-08-31 12:30:00-04:00,9.220000267028809,9.239999771118164,9.220000267028809,9.220000267028809,10927,0.0,0.0
2022-08-31 13:30:00-04:00,9.220000267028809,9.289799690246582,9.210000038146973,9.220000267028809,20920,0.0,0.0
2022-08-31 14:30:00-04:00,9.220000267028809,9.255000114440918,9.210000038146973,9.210000038146973,13342,0.0,0.0
2022-08-31 15:30:00-04:00,9.210000038146973,9.239999771118164,9.210000038146973,9.225000381469727,15694,0.0,0.0
2022-09-01 09:30:00-04:00,9.210000038146973,9.220000267028809,9.109999656677246,9.180000305175781,54660,0.0,0.0
2022-09-01 10:30:00-04:00,9.199999809265137,9.199999809265137,9.109999656677246,9.154999732971191,33408,0.0,0.0
2022-09-01 11:30:00-04:00,9.15999984741211,9.163299560546875,9.15999984741211,9.163299560546875,509,0.0,0.0
2022-09-01 12:30:00-04:00,9.160099983215332,9.229999542236328,9.119999885559082,9.229999542236328,14830,0.0,0.0
2022-09-01 13:30:00-04:00,9.229999542236328,9.249899864196777,9.210000038146973,9.239999771118164,21144,0.0,0.0
2022-09-01 14:30:00-04:00,9.25,9.295000076293945,9.229999542236328,9.239999771118164,12876,0.0,0.0
2022-09-01 15:30:00-04:00,9.239999771118164,9.289999961853027,9.239800453186035,9.289999961853027,11770,0.0,0.0
2022-09-02 09:30:00-04:00,9.319999694824219,9.380000114440918,9.270000457763672,9.366499900817871,0,0.0,0.0
2022-09-02 10:30:00-04:00,9.369999885559082,9.399999618530273,9.350000381469727,9.368200302124023,11207,0.0,0.0
2022-09-02 11:30:00-04:00,9.369999885559082,9.390000343322754,9.329999923706055,9.329999923706055,25635,0.0,0.0
2022-09-02 12:30:00-04:00,9.3100004196167,9.319999694824219,9.22029972076416,9.22029972076416,6923,0.0,0.0
2022-09-02 13:30:00-04:00,9.203200340270996,9.263500213623047,9.199999809265137,9.199999809265137,12478,0.0,0.0
2022-09-02 14:30:00-04:00,9.232500076293945,9.24940013885498,9.199999809265137,9.199999809265137,7456,0.0,0.0
2022-09-02 15:30:00-04:00,9.1899995803833,9.270000457763672,9.174300193786621,9.220000267028809,7950,0.0,0.0
2022-09-06 09:30:00-04:00,9.210000038146973,9.264399528503418,9.069999694824219,9.069999694824219,53540,0.0,0.0
2022-09-06 10:30:00-04:00,9.112000465393066,9.196900367736816,9.099200248718262,9.196900367736816,12770,0.0,0.0
2022-09-06 11:30:00-04:00,9.1899995803833,9.199999809265137,9.131999969482422,9.131999969482422,7256,0.0,0.0
2022-09-06 12:30:00-04:00,9.140000343322754,9.159899711608887,9.119999885559082,9.119999885559082,7583,0.0,0.0
2022-09-06 13:30:00-04:00,9.140000343322754,9.156200408935547,9.100000381469727,9.120100021362305,8646,0.0,0.0
2022-09-06 14:30:00-04:00,9.119999885559082,9.135700225830078,9.100000381469727,9.117600440979004,13207,0.0,0.0
2022-09-06 15:30:00-04:00,9.109999656677246,9.109999656677246,9.09000015258789,9.09000015258789,2097,0.0,0.0
2022-09-07 09:30:00-04:00,9.069999694824219,9.178899765014648,9.069999694824219,9.131999969482422,26735,0.0,0.0
2022-09-07 10:30:00-04:00,9.15999984741211,9.180000305175781,9.145000457763672,9.145000457763672,22690,0.0,0.0
2022-09-07 11:30:00-04:00,9.145000457763672,9.145000457763672,9.120100021362305,9.140000343322754,18394,0.0,0.0
2022-09-07 12:30:00-04:00,9.135000228881836,9.149999618530273,9.130000114440918,9.149999618530273,14577,0.0,0.0
2022-09-07 13:30:00-04:00,9.149999618530273,9.218999862670898,9.149999618530273,9.194999694824219,12608,0.0,0.0
2022-09-07 14:30:00-04:00,9.222599983215332,9.229999542236328,9.180000305175781,9.1899995803833,6561,0.0,0.0
2022-09-07 15:30:00-04:00,9.180000305175781,9.183799743652344,9.140000343322754,9.16100025177002,4366,0.0,0.0
2022-09-08 09:30:00-04:00,9.079999923706055,9.119999885559082,9.020000457763672,9.096699714660645,26643,0.0,0.0
2022-09-08 10:30:00-04:00,9.094799995422363,9.15999984741211,9.094799995422363,9.15999984741211,9087,0.0,0.0
2022-09-08 11:30:00-04:00,9.15999984741211,9.180000305175781,9.050000190734863,9.079999923706055,15519,0.0,0.0
2022-09-08 12:30:00-04:00,9.079999923706055,9.15999984741211,9.079999923706055,9.15999984741211,5935,0.0,0.0
2022-09-08 13:30:00-04:00,9.140000343322754,9.164999961853027,9.110400199890137,9.137900352478027,10901,0.0,0.0
2022-09-08 14:30:00-04:00,9.140000343322754,9.144000053405762,9.109999656677246,9.130000114440918,6799,0.0,0.0
2022-09-08 15:30:00-04:00,9.151000022888184,9.169899940490723,9.109999656677246,9.140000343322754,10716,0.0,0.0
2022-09-09 09:30:00-04:00,9.15999984741211,9.231599807739258,9.15999984741211,9.180000305175781,20335,0.0,0.0
2022-09-09 10:30:00-04:00,9.198399543762207,9.2253999710083,9.180000305175781,9.204999923706055,17234,0.0,0.0
2022-09-09 11:30:00-04:00,9.224300384521484,9.229900360107422,9.170000076293945,9.1899995803833,9430,0.0,0.0
2022-09-09 12:30:00-04:00,9.180000305175781,9.239999771118164,9.170000076293945,9.215700149536133,12965,0.0,0.0
2022-09-09 13:30:00-04:00,9.229999542236328,9.229999542236328,9.210000038146973,9.210000038146973,5654,0.0,0.0
2022-09-09 14:30:00-04:00,9.244000434875488,9.25,9.210000038146973,9.23289966583252,6734,0.0,0.0
2022-09-09 15:30:00-04:00,9.229999542236328,9.229999542236328,9.1899995803833,9.1899995803833,7841,0.0,0.0
2022-09-12 09:30:00-04:00,9.229999542236328,9.279800415039062,9.216300010681152,9.270000457763672,16474,0.0,0.0
2022-09-12 10:30:00-04:00,9.269100189208984,9.279899597167969,9.260000228881836,9.270000457763672,14339,0.0,0.0
2022-09-12 11:30:00-04:00,9.276599884033203,9.289999961853027,9.25,9.289600372314453,13779,0.0,0.0
2022-09-12 12:30:00-04:00,9.289999961853027,9.3100004196167,9.289999961853027,9.300000190734863,6122,0.0,0.0
2022-09-12 13:30:00-04:00,9.305000305175781,9.319999694824219,9.304800033569336,9.3100004196167,12095,0.0,0.0
2022-09-12 14:30:00-04:00,9.305000305175781,9.324999809265137,9.289999961853027,9.324999809265137,11657,0.0,0.0
2022-09-12 15:30:00-04:00,9.319999694824219,9.380000114440918,9.319999694824219,9.364999771118164,12359,0.0,0.0
2022-09-13 09:30:00-04:00,9.220000267028809,9.220000267028809,9.100000381469727,9.140000343322754,0,0.0,0.0
2022-09-13 10:30:00-04:00,9.135000228881836,9.140000343322754,9.100000381469727,9.100000381469727,14265,0.0,0.0
2022-09-13 11:30:00-04:00,9.119999885559082,9.140000343322754,9.100099563598633,9.130000114440918,14961,0.0,0.0
2022-09-13 12:30:00-04:00,9.140000343322754,9.149999618530273,9.109999656677246,9.142900466918945,6223,0.0,0.0
2022-09-13 13:30:00-04:00,9.137999534606934,9.137999534606934,9.10990047454834,9.10990047454834,7434,0.0,0.0
2022-09-13 14:30:00-04:00,9.1072998046875,9.15999984741211,9.069999694824219,9.15999984741211,31394,0.0,0.0
2022-09-13 15:30:00-04:00,9.15999984741211,9.210000038146973,9.130000114440918,9.210000038146973,56135,0.0,0.0
2022-09-14 09:30:00-04:00,9.170000076293945,9.300000190734863,9.170000076293945,9.210000038146973,0,0.0,0.0
2022-09-14 10:30:00-04:00,9.204999923706055,9.300000190734863,9.204999923706055,9.289999961853027,11858,0.0,0.0
2022-09-14 11:30:00-04:00,9.279999732971191,9.287300109863281,9.25,9.274999618530273,8652,0.0,0.0
2022-09-14 12:30:00-04:00,9.279999732971191,9.300000190734863,9.270000457763672,9.300000190734863,5282,0.0,0.0
2022-09-14 13:30:00-04:00,9.289999961853027,9.289999961853027,9.25,9.25,4557,0.0,0.0
2022-09-14 14:30:00-04:00,9.271599769592285,9.279999732971191,9.229999542236328,9.229999542236328,8164,0.0,0.0
2022-09-14 15:30:00-04:00,9.231800079345703,9.34000015258789,9.231800079345703,9.329999923706055,0,0.0,0.0
2022-09-15 09:30:00-04:00,9.199999809265137,9.298299789428711,9.199999809265137,9.229999542236328,34883,0.0,0.0
2022-09-15 10:30:00-04:00,9.199999809265137,9.241999626159668,9.199999809265137,9.210000038146973,3722,0.0,0.0
2022-09-15 11:30:00-04:00,9.239899635314941,9.239899635314941,9.199999809265137,9.210000038146973,7394,0.0,0.0
2022-09-15 12:30:00-04:00,9.20300006866455,9.3100004196167,9.199999809265137,9.300000190734863,9698,0.0,0.0
2022-09-15 13:30:00-04:00,9.297900199890137,9.3100004196167,9.239999771118164,9.270000457763672,24576,0.0,0.0
2022-09-15 14:30:00-04:00,9.260000228881836,9.289999961853027,9.1899995803833,9.1899995803833,7355,0.0,0.0
2022-09-15 15:30:00-04:00,9.190299987792969,9.279999732971191,9.190299987792969,9.279999732971191,6912,0.0,0.0
2022-09-16 09:30:00-04:00,9.149999618530273,9.180000305175781,9.079999923706055,9.154999732971191,0,0.0,0.0
2022-09-16 10:30:00-04:00,9.154999732971191,9.180000305175781,9.121100425720215,9.121100425720215,3021,0.0,0.0
2022-09-16 11:30:00-04:00,9.104100227355957,9.168899536132812,9.100000381469727,9.100099563598633,9992,0.0,0.0
2022-09-16 12:30:00-04:00,9.100000381469727,9.15999984741211,9.100000381469727,9.149999618530273,13165,0.0,0.0
2022-09-16 13:30:00-04:00,9.149999618530273,9.15999984741211,9.100000381469727,9.145000457763672,14863,0.0,0.0
2022-09-16 14:30:00-04:00,9.140000343322754,9.220000267028809,9.119999885559082,9.199999809265137,21040,0.0,0.0
2022-09-16 15:30:00-04:00,9.1899995803833,9.229999542236328,9.15999984741211,9.15999984741211,15279,0.0,0.0
2022-09-19 09:30:00-04:00,9.0600004196167,9.1899995803833,9.0600004196167,9.180000305175781,0,0.0,0.0
2022-09-19 10:30:00-04:00,9.1899995803833,9.210000038146973,9.170000076293945,9.170000076293945,5830,0.0,0.0
2022-09-19 11:30:00-04:00,9.180000305175781,9.180000305175781,9.120100021362305,9.120100021362305,35956,0.0,0.0
2022-09-19 12:30:00-04:00,9.130000114440918,9.170000076293945,9.095000267028809,9.109999656677246,25358,0.0,0.0
2022-09-19 13:30:00-04:00,9.100000381469727,9.100000381469727,9.010000228881836,9.029999732971191,59949,0.0,0.0
2022-09-19 14:30:00-04:00,9.039999961853027,9.100000381469727,9.010000228881836,9.100000381469727,11132,0.0,0.0
2022-09-19 15:30:00-04:00,9.109999656677246,9.119999885559082,9.109999656677246,9.109999656677246,11215,0.0,0.0
2022-09-20 09:30:00-04:00,9.050000190734863,9.050000190734863,8.979999542236328,9.039999961853027,26398,0.0,0.0
2022-09-20 10:30:00-04:00,9.010000228881836,9.0600004196167,9.0,9.020000457763672,25576,0.0,0.0
2022-09-20 11:30:00-04:00,9.020000457763672,9.029999732971191,8.970000267028809,9.008199691772461,37083,0.0,0.0
2022-09-20 12:30:00-04:00,9.0,9.0,8.970000267028809,8.979999542236328,7902,0.0,0.0
2022-09-20 13:30:00-04:00,8.970000267028809,8.979999542236328,8.9399995803833,8.949999809265137,28542,0.0,0.0
2022-09-20 14:30:00-04:00,8.944999694824219,9.020000457763672,8.9399995803833,9.005800247192383,25380,0.0,0.0
2022-09-20 15:30:00-04:00,9.010000228881836,9.039999961853027,8.987000465393066,9.020000457763672,6120,0.0,0.0
2022-09-21 09:30:00-04:00,9.010000228881836,9.106599807739258,9.010000228881836,9.09119987487793,0,0.0,0.0
2022-09-21 10:30:00-04:00,9.090999603271484,9.090999603271484,9.045299530029297,9.050600051879883,9948,0.0,0.0
2022-09-21 11:30:00-04:00,9.050000190734863,9.079999923706055,9.050000190734863,9.050200462341309,6261,0.0,0.0
2022-09-21 12:30:00-04:00,9.079999923706055,9.100000381469727,9.079700469970703,9.09000015258789,11097,0.0,0.0
2022-09-21 13:30:00-04:00,9.079000473022461,9.08530044555664,8.949999809265137,8.994999885559082,6737,0.0,0.0
2022-09-21 14:30:00-04:00,9.007699966430664,9.130000114440918,8.994999885559082,8.994999885559082,16327,0.0,0.0
2022-09-21 15:30:00-04:00,8.970000267028809,9.0,8.920000076293945,8.970000267028809,15129,0.0,0.0
2022-09-22 09:30:00-04:00,8.819999694824219,8.84000015258789,8.75,8.811300277709961,62926,0.0,0.0
2022-09-22 10:30:00-04:00,8.797599792480469,8.8149995803833,8.75,8.75,41428,0.0,0.0
2022-09-22 11:30:00-04:00,8.765000343322754,8.789899826049805,8.75,8.770099639892578,25112,0.0,0.0
2022-09-22 12:30:00-04:00,8.760000228881836,8.778300285339355,8.710100173950195,8.732999801635742,11838,0.0,0.0
2022-09-22 13:30:00-04:00,8.760000228881836,8.760000228881836,8.739999771118164,8.760000228881836,16637,0.0,0.0
2022-09-22 14:30:00-04:00,8.760000228881836,8.800000190734863,8.760000228881836,8.779999732971191,21673,0.0,0.0
2022-09-22 15:30:00-04:00,8.779999732971191,8.819999694824219,8.739999771118164,8.739999771118164,11800,0.0,0.0
2022-09-23 09:30:00-04:00,8.6899995803833,8.699999809265137,8.569999694824219,8.590100288391113,51865,0.0,0.0
2022-09-23 10:30:00-04:00,8.59000015258789,8.609999656677246,8.5600004196167,8.59000015258789,37271,0.0,0.0
2022-09-23 11:30:00-04:00,8.579999923706055,8.579999923706055,8.505000114440918,8.51099967956543,45123,0.0,0.0
2022-09-23 12:30:00-04:00,8.5,8.529999732971191,8.479999542236328,8.5,16166,0.0,0.0
2022-09-23 13:30:00-04:00,8.518600463867188,8.5600004196167,8.470000267028809,8.475000381469727,24423,0.0,0.0
2022-09-23 14:30:00-04:00,8.470000267028809,8.539999961853027,8.449999809265137,8.510000228881836,23414,0.0,0.0
2022-09-23 15:30:00-04:00,8.520000457763672,8.550000190734863,8.510000228881836,8.550000190734863,15911,0.0,0.0
2022-09-26 09:30:00-04:00,8.510000228881836,8.619999885559082,8.5,8.619999885559082,0,0.0,0.0
2022-09-26 10:30:00-04:00,8.619199752807617,8.628399848937988,8.503999710083008,8.503999710083008,47782,0.0,0.0
2022-09-26 11:30:00-04:00,8.5,8.510000228881836,8.460000038146973,8.460000038146973,8888,0.0,0.0
2022-09-26 12:30:00-04:00,8.444999694824219,8.449999809265137,8.390000343322754,8.390000343322754,29338,0.0,0.0
2022-09-26 13:30:00-04:00,8.40999984741211,8.4399995803833,8.390000343322754,8.430000305175781,7988,0.0,0.0
2022-09-26 14:30:00-04:00,8.420000076293945,8.460000038146973,8.399999618530273,8.420000076293945,21445,0.0,0.0
2022-09-26 15:30:00-04:00,8.420000076293945,8.460000038146973,8.399999618530273,8.4399995803833,17984,0.0,0.0
2022-09-27 09:30:00-04:00,8.449999809265137,8.55519962310791,8.449999809265137,8.479999542236328,0,0.0,0.0
2022-09-27 10:30:00-04:00,8.479999542236328,8.5600004196167,8.479999542236328,8.520000457763672,71153,0.0,0.0
2022-09-27 11:30:00-04:00,8.510000228881836,8.510100364685059,8.40999984741211,8.430000305175781,29853,0.0,0.0
2022-09-27 12:30:00-04:00,8.449999809265137,8.449999809265137,8.40999984741211,8.426899909973145,12491,0.0,0.0
2022-09-27 13:30:00-04:00,8.434399604797363,8.460000038146973,8.418000221252441,8.449999809265137,9707,0.0,0.0
2022-09-27 14:30:00-04:00,8.460000038146973,8.510000228881836,8.425000190734863,8.470000267028809,20251,0.0,0.0
2022-09-27 15:30:00-04:00,8.470000267028809,8.510000228881836,8.444999694824219,8.510000228881836,26037,0.0,0.0
2022-09-28 09:30:00-04:00,8.460000038146973,8.479900360107422,8.399999618530273,8.460000038146973,0,0.0,0.0
2022-09-28 10:30:00-04:00,8.470000267028809,8.550000190734863,8.449999809265137,8.550000190734863,24440,0.0,0.0
2022-09-28 11:30:00-04:00,8.510600090026855,8.629899978637695,8.510600090026855,8.569999694824219,20402,0.0,0.0
2022-09-28 12:30:00-04:00,8.577699661254883,8.609999656677246,8.5600004196167,8.60949993133545,4867,0.0,0.0
2022-09-28 13:30:00-04:00,8.590100288391113,8.590100288391113,8.539999961853027,8.569999694824219,25002,0.0,0.0
2022-09-28 14:30:00-04:00,8.569999694824219,8.699999809265137,8.569999694824219,8.699999809265137,26698,0.0,0.0
2022-09-28 15:30:00-04:00,8.699999809265137,8.710000038146973,8.6899995803833,8.6899995803833,11834,0.0,0.0
2022-09-29 09:30:00-04:00,8.539999961853027,8.539999961853027,8.350000381469727,8.368000030517578,44151,0.0,0.0
2022-09-29 10:30:00-04:00,8.359999656677246,8.369999885559082,8.300000190734863,8.319999694824219,32006,0.0,0.0
2022-09-29 11:30:00-04:00,8.319999694824219,8.359999656677246,8.300000190734863,8.329999923706055,20529,0.0,0.0
2022-09-29 12:30:00-04:00,8.329999923706055,8.350000381469727,8.3100004196167,8.34000015258789,12925,0.0,0.0
2022-09-29 13:30:00-04:00,8.338199615478516,8.34000015258789,8.260000228881836,8.3149995803833,54065,0.0,0.0
2022-09-29 14:30:00-04:00,8.310700416564941,8.329999923706055,8.291500091552734,8.3100004196167,10365,0.0,0.0
2022-09-29 15:30:00-04:00,8.3100004196167,8.34000015258789,8.300000190734863,8.3100004196167,22048,0.0,0.0
2022-09-30 09:30:00-04:00,8.270000457763672,8.399999618530273,8.260000228881836,8.359999656677246,0,0.0,0.0
2022-09-30 10:30:00-04:00,8.359999656677246,8.390000343322754,8.319999694824219,8.369999885559082,35166,0.0,0.0
2022-09-30 11:30:00-04:00,8.369999885559082,8.420000076293945,8.3100004196167,8.420000076293945,28675,0.0,0.0
2022-09-30 12:30:00-04:00,8.395000457763672,8.420000076293945,8.381699562072754,8.399999618530273,17802,0.0,0.0
2022-09-30 13:30:00-04:00,8.390000343322754,8.399999618530273,8.369999885559082,8.378999710083008,15057,0.0,0.0
2022-09-30 14:30:00-04:00,8.375,8.380000114440918,8.3149995803833,8.34000015258789,28751,0.0,0.0
2022-09-30 15:30:00-04:00,8.329999923706055,8.329999923706055,8.279999732971191,8.300000190734863,8115,0.0,0.0
2022-10-03 09:30:00-04:00,8.300000190734863,8.460000038146973,8.300000190734863,8.399999618530273,100772,0.0,0.0
2022-10-03 10:30:00-04:00,8.399999618530273,8.420000076293945,8.369999885559082,8.395899772644043,41278,0.0,0.0
2022-10-03 11:30:00-04:00,8.399999618530273,8.399999618530273,8.359999656677246,8.373200416564941,3516,0.0,0.0
2022-10-03 12:30:00-04:00,8.399700164794922,8.40999984741211,8.376700401306152,8.389800071716309,14705,0.0,0.0
2022-10-03 13:30:00-04:00,8.40999984741211,8.449999809265137,8.405200004577637,8.449999809265137,13637,0.0,0.0
2022-10-03 14:30:00-04:00,8.469300270080566,8.5600004196167,8.469300270080566,8.489999771118164,9880,0.0,0.0
2022-10-03 15:30:00-04:00,8.494999885559082,8.520000457763672,8.47599983215332,8.494999885559082,25057,0.0,0.0
2022-10-04 09:30:00-04:00,8.529999732971191,8.670000076293945,8.529999732971191,8.600000381469727,0,0.0,0.0
2022-10-04 10:30:00-04:00,8.609999656677246,8.649999618530273,8.609999656677246,8.643799781799316,11485,0.0,0.0
2022-10-04 11:30:00-04:00,8.649999618530273,8.670000076293945,8.633299827575684,8.654999732971191,7936,0.0,0.0
2022-10-04 12:30:00-04:00,8.664600372314453,8.6899995803833,8.647199630737305,8.657600402832031,14311,0.0,0.0
2022-10-04 13:30:00-04:00,8.642999649047852,8.710000038146973,8.642999649047852,8.699999809265137,8037,0.0,0.0
2022-10-04 14:30:00-04:00,8.699999809265137,8.706299781799316,8.681099891662598,8.687800407409668,9651,0.0,0.0
2022-10-04 15:30:00-04:00,8.6899995803833,8.699999809265137,8.670000076293945,8.6899995803833,6669,0.0,0.0
2022-10-05 09:30:00-04:00,8.640000343322754,8.649999618530273,8.390000343322754,8.420000076293945,0,0.0,0.0
2022-10-05 10:30:00-04:00,8.40999984741211,8.420000076293945,8.359999656677246,8.385000228881836,52097,0.0,0.0
2022-10-05 11:30:00-04:00,8.385000228881836,8.463199615478516,8.385000228881836,8.4621000289917,25162,0.0,0.0
2022-10-05 12:30:00-04:00,8.470000267028809,8.520000457763672,8.470000267028809,8.510000228881836,3037,0.0,0.0
2022-10-05 13:30:00-04:00,8.51609992980957,8.51669979095459,8.5,8.51669979095459,3036,0.0,0.0
2022-10-05 14:30:00-04:00,8.499899864196777,8.579999923706055,8.499899864196777,8.579700469970703,9856,0.0,0.0
2022-10-05 15:30:00-04:00,8.569999694824219,8.59000015258789,8.550000190734863,8.550000190734863,10455,0.0,0.0
2022-10-06 09:30:00-04:00,8.470000267028809,8.529999732971191,8.420000076293945,8.420000076293945,0,0.0,0.0
2022-10-06 10:30:00-04:00,8.430000305175781,8.520000457763672,8.40999984741211,8.520000457763672,26863,0.0,0.0
2022-10-06 11:30:00-04:00,8.479999542236328,8.479999542236328,8.4399995803833,8.460000038146973,2540,0.0,0.0
2022-10-06 12:30:00-04:00,8.470000267028809,8.489999771118164,8.470000267028809,8.489999771118164,3809,0.0,0.0
2022-10-06 13:30:00-04:00,8.470000267028809,8.479999542236328,8.460000038146973,8.474100112915039,13439,0.0,0.0
2022-10-06 14:30:00-04:00,8.477999687194824,8.479999542236328,8.4399995803833,8.479999542236328,14286,0.0,0.0
2022-10-06 15:30:00-04:00,8.470000267028809,8.47819995880127,8.449999809265137,8.449999809265137,13314,0.0,0.0
2022-10-07 09:30:00-04:00,8.3100004196167,8.385000228881836,8.25,8.260000228881836,0,0.0,0.0
2022-10-07 10:30:00-04:00,8.260000228881836,8.270000457763672,8.220000267028809,8.239999771118164,31347,0.0,0.0
2022-10-07 11:30:00-04:00,8.25,8.270000457763672,8.220000267028809,8.221599578857422,9733,0.0,0.0
2022-10-07 12:30:00-04:00,8.220000267028809,8.239999771118164,8.220000267028809,8.220000267028809,6865,0.0,0.0
2022-10-07 13:30:00-04:00,8.220000267028809,8.25,8.220000267028809,8.220000267028809,12749,0.0,0.0
2022-10-07 14:30:00-04:00,8.229999542236328,8.260000228881836,8.210000038146973,8.225000381469727,24553,0.0,0.0
2022-10-07 15:30:00-04:00,8.225000381469727,8.279999732971191,8.220000267028809,8.260000228881836,19999,0.0,0.0
2022-10-10 09:30:00-04:00,8.239999771118164,8.279999732971191,8.100000381469727,8.170000076293945,0,0.0,0.0
2022-10-10 10:30:00-04:00,8.170000076293945,8.180000305175781,8.093999862670898,8.13230037689209,37356,0.0,0.0
2022-10-10 11:30:00-04:00,8.149299621582031,8.194999694824219,8.145099639892578,8.170000076293945,8883,0.0,0.0
2022-10-10 12:30:00-04:00,8.149999618530273,8.149999618530273,8.131199836730957,8.140000343322754,2192,0.0,0.0
2022-10-10 13:30:00-04:00,8.13949966430664,8.196000099182129,8.13949966430664,8.193400382995605,7459,0.0,0.0
2022-10-10 14:30:00-04:00,8.194999694824219,8.194999694824219,8.157899856567383,8.180000305175781,3903,0.0,0.0
2022-10-10 15:30:00-04:00,8.168000221252441,8.180000305175781,8.149999618530273,8.149999618530273,3018,0.0,0.0
2022-10-11 09:30:00-04:00,8.130000114440918,8.130000114440918,8.050000190734863,8.060099601745605,0,0.0,0.0
2022-10-11 10:30:00-04:00,8.069999694824219,8.15999984741211,8.050000190734863,8.120100021362305,19723,0.0,0.0
2022-10-11 11:30:00-04:00,8.149999618530273,8.199999809265137,8.140000343322754,8.198599815368652,14874,0.0,0.0
2022-10-11 12:30:00-04:00,8.179400444030762,8.210000038146973,8.170000076293945,8.170000076293945,2785,0.0,0.0
2022-10-11 13:30:00-04:00,8.173600196838379,8.220000267028809,8.173600196838379,8.210000038146973,10746,0.0,0.0
2022-10-11 14:30:00-04:00,8.199999809265137,8.199999809265137,8.079999923706055,8.100000381469727,16954,0.0,0.0
2022-10-11 15:30:00-04:00,8.099300384521484,8.130000114440918,8.099300384521484,8.119999885559082,4150,0.0,0.0
2022-10-12 09:30:00-04:00,8.149999618530273,8.199999809265137,8.100000381469727,8.147500038146973,0,0.0,0.0
2022-10-12 10:30:00-04:00,8.149999618530273,8.229999542236328,8.142999649047852,8.210000038146973,12314,0.0,0.0
2022-10-12 11:30:00-04:00,8.210000038146973,8.220000267028809,8.170000076293945,8.170000076293945,12873,0.0,0.0
2022-10-12 12:30:00-04:00,8.179200172424316,8.199999809265137,8.1673002243042,8.199999809265137,9658,0.0,0.0
2022-10-12 13:30:00-04:00,8.180000305175781,8.204999923706055,8.170000076293945,8.180000305175781,9060,0.0,0.0
2022-10-12 14:30:00-04:00,8.180100440979004,8.1899995803833,8.170000076293945,8.189599990844727,5501,0.0,0.0
2022-10-12 15:30:00-04:00,8.170000076293945,8.175000190734863,8.140000343322754,8.149999618530273,4629,0.0,0.0
2022-10-13 09:30:00-04:00,7.980000019073486,8.07759952545166,7.940000057220459,8.0600004196167,56349,0.0,0.0
2022-10-13 10:30:00-04:00,8.0600004196167,8.276599884033203,8.0600004196167,8.276599884033203,16812,0.0,0.0
2022-10-13 11:30:00-04:00,8.25,8.34000015258789,8.25,8.25,9611,0.0,0.0
2022-10-13 12:30:00-04:00,8.25,8.329999923706055,8.245100021362305,8.300000190734863,19260,0.0,0.0
2022-10-13 13:30:00-04:00,8.3100004196167,8.319999694824219,8.300000190734863,8.300000190734863,25455,0.0,0.0
2022-10-13 14:30:00-04:00,8.308300018310547,8.380000114440918,8.29990005493164,8.329999923706055,22068,0.0,0.0
2022-10-13 15:30:00-04:00,8.319999694824219,8.350000381469727,8.3100004196167,8.3100004196167,17895,0.0,0.0
2022-10-14 09:30:00-04:00,8.369999885559082,8.369999885559082,8.143099784851074,8.15999984741211,20458,0.0,0.0
2022-10-14 10:30:00-04:00,8.159199714660645,8.1899995803833,8.148699760437012,8.180000305175781,14001,0.0,0.0
2022-10-14 11:30:00-04:00,8.1899995803833,8.1899995803833,8.110199928283691,8.110199928283691,15677,0.0,0.0
2022-10-14 12:30:00-04:00,8.119999885559082,8.170000076293945,8.0600004196167,8.109999656677246,23183,0.0,0.0
2022-10-14 13:30:00-04:00,8.102999687194824,8.149999618530273,8.100000381469727,8.100000381469727,17358,0.0,0.0
2022-10-14 14:30:00-04:00,8.095999717712402,8.130000114440918,8.069999694824219,8.100000381469727,45445,0.0,0.0
2022-10-14 15:30:00-04:00,8.100000381469727,8.119999885559082,8.079299926757812,8.09000015258789,17557,0.0,0.0
2022-10-17 09:30:00-04:00,8.130000114440918,8.329999923706055,8.130000114440918,8.28499984741211,0,0.0,0.0
2022-10-17 10:30:00-04:00,8.27970027923584,8.279999732971191,8.240500450134277,8.268699645996094,6080,0.0,0.0
2022-10-17 11:30:00-04:00,8.279999732971191,8.289999961853027,8.25059986114502,8.289999961853027,9013,0.0,0.0
2022-10-17 12:30:00-04:00,8.289899826049805,8.319999694824219,8.270000457763672,8.300000190734863,12216,0.0,0.0
2022-10-17 13:30:00-04:00,8.305000305175781,8.319899559020996,8.29010009765625,8.29010009765625,23208,0.0,0.0
2022-10-17 14:30:00-04:00,8.291799545288086,8.305000305175781,8.289999961853027,8.305000305175781,11871,0.0,0.0
2022-10-17 15:30:00-04:00,8.3100004196167,8.328200340270996,8.3100004196167,8.319999694824219,9734,0.0,0.0
2022-10-18 09:30:00-04:00,8.430000305175781,8.479900360107422,8.351400375366211,8.380000114440918,0,0.0,0.0
2022-10-18 10:30:00-04:00,8.372599601745605,8.380000114440918,8.260000228881836,8.312000274658203,27068,0.0,0.0
2022-10-18 11:30:00-04:00,8.311300277709961,8.312000274658203,8.260000228881836,8.300000190734863,5396,0.0,0.0
2022-10-18 12:30:00-04:00,8.300000190734863,8.324199676513672,8.279999732971191,8.293700218200684,25524,0.0,0.0
2022-10-18 13:30:00-04:00,8.319999694824219,8.359999656677246,8.3100004196167,8.324999809265137,18079,0.0,0.0
2022-10-18 14:30:00-04:00,8.324999809265137,8.324999809265137,8.270000457763672,8.27810001373291,13545,0.0,0.0
2022-10-18 15:30:00-04:00,8.289999961853027,8.34000015258789,8.289999961853027,8.34000015258789,8611,0.0,0.0
2022-10-19 09:30:00-04:00,8.329999923706055,8.329999923706055,8.257599830627441,8.270000457763672,12175,0.0,0.0
2022-10-19 10:30:00-04:00,8.279999732971191,8.3100004196167,8.260000228881836,8.270000457763672,11972,0.0,0.0
2022-10-19 11:30:00-04:00,8.260000228881836,8.300000190734863,8.25,8.25,87202,0.0,0.0
2022-10-19 12:30:00-04:00,8.260000228881836,8.260000228881836,8.206999778747559,8.206999778747559,4693,0.0,0.0
2022-10-19 13:30:00-04:00,8.199999809265137,8.25,8.190099716186523,8.210000038146973,17310,0.0,0.0
2022-10-19 14:30:00-04:00,8.225000381469727,8.25,8.1899995803833,8.220000267028809,20963,0.0,0.0
2022-10-19 15:30:00-04:00,8.220000267028809,8.25,8.199999809265137,8.239999771118164,28080,0.0,0.0
2022-10-20 09:30:00-04:00,8.1899995803833,8.3100004196167,8.1899995803833,8.3100004196167,0,0.0,0.0
2022-10-20 10:30:00-04:00,8.314499855041504,8.329999923706055,8.260000228881836,8.270000457763672,17283,0.0,0.0
2022-10-20 11:30:00-04:00,8.25,8.273699760437012,8.199999809265137,8.199999809265137,3742,0.0,0.0
2022-10-20 12:30:00-04:00,8.199999809265137,8.211099624633789,8.199999809265137,8.199999809265137,14700,0.0,0.0
2022-10-20 13:30:00-04:00,8.202500343322754,8.210000038146973,8.180000305175781,8.180000305175781,26879,0.0,0.0
2022-10-20 14:30:00-04:00,8.180000305175781,8.210000038146973,8.170000076293945,8.180000305175781,22094,0.0,0.0
2022-10-20 15:30:00-04:00,8.1850004196167,8.1899995803833,8.15999984741211,8.180000305175781,16816,0.0,0.0
2022-10-21 09:30:00-04:00,8.09000015258789,8.199999809265137,8.079999923706055,8.079999923706055,15956,0.0,0.0
2022-10-21 10:30:00-04:00,8.079999923706055,8.163999557495117,8.079999923706055,8.104999542236328,27727,0.0,0.0
2022-10-21 11:30:00-04:00,8.100000381469727,8.175000190734863,8.100000381469727,8.140000343322754,16140,0.0,0.0
2022-10-21 12:30:00-04:00,8.140000343322754,8.170000076293945,8.140000343322754,8.15999984741211,22351,0.0,0.0
2022-10-21 13:30:00-04:00,8.149999618530273,8.239999771118164,8.149999618530273,8.229999542236328,19638,0.0,0.0
2022-10-21 14:30:00-04:00,8.229999542236328,8.239999771118164,8.1899995803833,8.210000038146973,36873,0.0,0.0
2022-10-21 15:30:00-04:00,8.210000038146973,8.210100173950195,8.183899879455566,8.199999809265137,10883,0.0,0.0
2022-10-24 09:30:00-04:00,8.270000457763672,8.299099922180176,8.170100212097168,8.1899995803833,62301,0.0,0.0
2022-10-24 10:30:00-04:00,8.180000305175781,8.25,8.180000305175781,8.235199928283691,20968,0.0,0.0
2022-10-24 11:30:00-04:00,8.23799991607666,8.260000228881836,8.199999809265137,8.199999809265137,24569,0.0,0.0
2022-10-24 12:30:00-04:00,8.199999809265137,8.220000267028809,8.15999984741211,8.180000305175781,64812,0.0,0.0
2022-10-24 13:30:00-04:00,8.187999725341797,8.215900421142578,8.170000076293945,8.170000076293945,26668,0.0,0.0
2022-10-24 14:30:00-04:00,8.170000076293945,8.239899635314941,8.170000076293945,8.199999809265137,18626,0.0,0.0
2022-10-24 15:30:00-04:00,8.1899995803833,8.220000267028809,8.180000305175781,8.210000038146973,35701,0.0,0.0
2022-10-25 09:30:00-04:00,8.220000267028809,8.329999923706055,8.15999984741211,8.239999771118164,0,0.0,0.0
2022-10-25 10:30:00-04:00,8.239999771118164,8.279999732971191,8.239999771118164,8.25,14358,0.0,0.0
2022-10-25 11:30:00-04:00,8.258299827575684,8.279999732971191,8.25,8.260000228881836,15065,0.0,0.0
2022-10-25 12:30:00-04:00,8.260000228881836,8.260000228881836,8.1899995803833,8.25469970703125,43660,0.0,0.0
2022-10-25 13:30:00-04:00,8.229999542236328,8.260000228881836,8.220000267028809,8.252900123596191,32622,0.0,0.0
2022-10-25 14:30:00-04:00,8.242199897766113,8.319999694824219,8.239999771118164,8.3149995803833,57782,0.0,0.0
2022-10-25 15:30:00-04:00,8.319999694824219,8.319999694824219,8.3100004196167,8.319999694824219,10651,0.0,0.0
2022-10-26 09:30:00-04:00,8.260000228881836,8.269499778747559,8.187299728393555,8.239999771118164,0,0.0,0.0
2022-10-26 10:30:00-04:00,8.289999961853027,8.359999656677246,8.25,8.329999923706055,53239,0.0,0.0
2022-10-26 11:30:00-04:00,8.329999923706055,8.359999656677246,8.329999923706055,8.34000015258789,34356,0.0,0.0
2022-10-26 12:30:00-04:00,8.329999923706055,8.338899612426758,8.239999771118164,8.240099906921387,25705,0.0,0.0
2022-10-26 13:30:00-04:00,8.244999885559082,8.279999732971191,8.220000267028809,8.231300354003906,19317,0.0,0.0
2022-10-26 14:30:00-04:00,8.220000267028809,8.239999771118164,8.210000038146973,8.229999542236328,10057,0.0,0.0
2022-10-26 15:30:00-04:00,8.220000267028809,8.259599685668945,8.210000038146973,8.229999542236328,16923,0.0,0.0
2022-10-27 09:30:00-04:00,8.260000228881836,8.300000190734863,8.220000267028809,8.291399955749512,0,0.0,0.0
2022-10-27 10:30:00-04:00,8.279999732971191,8.289999961853027,8.229999542236328,8.260000228881836,16601,0.0,0.0
2022-10-27 11:30:00-04:00,8.260000228881836,8.289999961853027,8.229999542236328,8.229999542236328,12563,0.0,0.0
2022-10-27 12:30:00-04:00,8.229999542236328,8.279999732971191,8.229999542236328,8.260000228881836,14986,0.0,0.0
2022-10-27 13:30:00-04:00,8.250100135803223,8.250100135803223,8.21500015258789,8.244999885559082,25320,0.0,0.0
2022-10-27 14:30:00-04:00,8.240099906921387,8.25,8.210000038146973,8.236499786376953,20746,0.0,0.0
2022-10-27 15:30:00-04:00,8.239999771118164,8.260000228881836,8.210000038146973,8.229999542236328,14722,0.0,0.0
2022-10-28 09:30:00-04:00,8.279999732971191,8.289999961853027,8.260000228881836,8.279999732971191,24959,0.0,0.0
2022-10-28 10:30:00-04:00,8.282299995422363,8.34000015258789,8.279999732971191,8.300000190734863,11562,0.0,0.0
2022-10-28 11:30:00-04:00,8.279999732971191,8.336000442504883,8.279999732971191,8.3100004196167,9909,0.0,0.0
2022-10-28 12:30:00-04:00,8.3100004196167,8.329999923706055,8.300000190734863,8.305000305175781,19882,0.0,0.0
2022-10-28 13:30:00-04:00,8.305000305175781,8.319999694824219,8.289999961853027,8.300000190734863,34400,0.0,0.0
2022-10-28 14:30:00-04:00,8.300000190734863,8.329999923706055,8.300000190734863,8.319999694824219,15702,0.0,0.0
2022-10-28 15:30:00-04:00,8.319999694824219,8.329999923706055,8.3100004196167,8.329999923706055,11201,0.0,0.0
2022-10-31 09:30:00-04:00,8.329999923706055,8.350000381469727,8.23550033569336,8.279999732971191,61995,0.0,0.0
2022-10-31 10:30:00-04:00,8.279999732971191,8.29010009765625,8.239999771118164,8.29010009765625,8899,0.0,0.0
2022-10-31 11:30:00-04:00,8.300000190734863,8.319999694824219,8.288200378417969,8.300000190734863,16586,0.0,0.0
2022-10-31 12:30:00-04:00,8.297200202941895,8.300000190734863,8.271900177001953,8.295100212097168,8358,0.0,0.0
2022-10-31 13:30:00-04:00,8.293100357055664,8.300000190734863,8.27280044555664,8.28499984741211,5942,0.0,0.0
2022-10-31 14:30:00-04:00,8.289999961853027,8.300000190734863,8.260000228881836,8.279999732971191,10874,0.0,0.0
2022-10-31 15:30:00-04:00,8.289999961853027,8.3100004196167,8.279999732971191,8.300000190734863,13233,0.0,0.0
2022-11-01 09:30:00-04:00,8.329999923706055,8.350000381469727,8.239999771118164,8.270000457763672,0,0.0,0.0
2022-11-01 10:30:00-04:00,8.27810001373291,8.300000190734863,8.260000228881836,8.279999732971191,16248,0.0,0.0
2022-11-01 11:30:00-04:00,8.270000457763672,8.319999694824219,8.270000457763672,8.300000190734863,39810,0.0,0.0
2022-11-01 12:30:00-04:00,8.300000190734863,8.3149995803833,8.29800033569336,8.3100004196167,14265,0.0,0.0
2022-11-01 13:30:00-04:00,8.3100004196167,8.31760025024414,8.3100004196167,8.31760025024414,3386,0.0,0.0
2022-11-01 14:30:00-04:00,8.319999694824219,8.329999923706055,8.307700157165527,8.3100004196167,31128,0.0,0.0
2022-11-01 15:30:00-04:00,8.3149995803833,8.3149995803833,8.300000190734863,8.3100004196167,14454,0.0,0.0
2022-11-02 09:30:00-04:00,8.130000114440918,8.1899995803833,7.946599960327148,8.15939998626709,121152,0.0,0.0
2022-11-02 10:30:00-04:00,8.15999984741211,8.170000076293945,8.140000343322754,8.170000076293945,24127,0.0,0.0
2022-11-02 11:30:00-04:00,8.158599853515625,8.169899940490723,8.109999656677246,8.131199836730957,63736,0.0,0.0
2022-11-02 12:30:00-04:00,8.130000114440918,8.145000457763672,8.120100021362305,8.135000228881836,14980,0.0,0.0
2022-11-02 13:30:00-04:00,8.139900207519531,8.220000267028809,8.130000114440918,8.199999809265137,36818,0.0,0.0
2022-11-02 14:30:00-04:00,8.199999809265137,8.220000267028809,8.069999694824219,8.069999694824219,62299,0.0,0.0
2022-11-02 15:30:00-04:00,8.077099800109863,8.180000305175781,8.069999694824219,8.100000381469727,75141,0.0,0.0
2022-11-03 09:30:00-04:00,8.050000190734863,8.130000114440918,8.045000076293945,8.130000114440918,35199,0.0,0.0
2022-11-03 10:30:00-04:00,8.130000114440918,8.180000305175781,8.107999801635742,8.107999801635742,56357,0.0,0.0
2022-11-03 11:30:00-04:00,8.109999656677246,8.140000343322754,8.100000381469727,8.12720012664795,20421,0.0,0.0
2022-11-03 12:30:00-04:00,8.130000114440918,8.149999618530273,8.130000114440918,8.133099555969238,28184,0.0,0.0
2022-11-03 13:30:00-04:00,8.135000228881836,8.140000343322754,8.119999885559082,8.130000114440918,14077,0.0,0.0
2022-11-03 14:30:00-04:00,8.129599571228027,8.140000343322754,8.119999885559082,8.130000114440918,7433,0.0,0.0
2022-11-03 15:30:00-04:00,8.120100021362305,8.130000114440918,8.109999656677246,8.109999656677246,9013,0.0,0.0
2022-11-04 09:30:00-04:00,8.199999809265137,8.229999542236328,8.100000381469727,8.226300239562988,68885,0.0,0.0
2022-11-04 10:30:00-04:00,8.210000038146973,8.229999542236328,8.199999809265137,8.199999809265137,67095,0.0,0.0
2022-11-04 11:30:00-04:00,8.210000038146973,8.21969985961914,8.140000343322754,8.15999984741211,53277,0.0,0.0
2022-11-04 12:30:00-04:00,8.15999984741211,8.15999984741211,8.100099563598633,8.119999885559082,37337,0.0,0.0
2022-11-04 13:30:00-04:00,8.120100021362305,8.120100021362305,8.0600004196167,8.119999885559082,33714,0.0,0.0
2022-11-04 14:30:00-04:00,8.120100021362305,8.135000228881836,8.09000015258789,8.119999885559082,27664,0.0,0.0
2022-11-04 15:30:00-04:00,8.129899978637695,8.199999809265137,8.125,8.199999809265137,9297,0.0,0.0
2022-11-07 09:30:00-05:00,8.180000305175781,8.1899995803833,8.099900245666504,8.100000381469727,0,0.0,0.0
2022-11-07 10:30:00-05:00,8.100000381469727,8.119999885559082,8.079999923706055,8.095000267028809,44448,0.0,0.0
2022-11-07 11:30:00-05:00,8.095000267028809,8.119999885559082,8.079999923706055,8.098999977111816,41880,0.0,0.0
2022-11-07 12:30:00-05:00,8.104999542236328,8.109999656677246,8.09000015258789,8.100000381469727,9712,0.0,0.0
2022-11-07 13:30:00-05:00,8.100000381469727,8.135000228881836,8.09000015258789,8.130000114440918,22938,0.0,0.0
2022-11-07 14:30:00-05:00,8.139900207519531,8.139900207519531,8.125,8.135000228881836,31222,0.0,0.0
2022-11-07 15:30:00-05:00,8.130000114440918,8.15999984741211,8.130000114440918,8.15999984741211,40993,0.0,0.0
2022-11-08 09:30:00-05:00,8.180000305175781,8.210000038146973,8.130000114440918,8.190099716186523,37137,0.0,0.0
2022-11-08 10:30:00-05:00,8.199999809265137,8.220000267028809,8.194000244140625,8.21500015258789,23035,0.0,0.0
2022-11-08 11:30:00-05:00,8.212499618530273,8.229999542236328,8.212499618530273,8.216099739074707,27840,0.0,0.0
2022-11-08 12:30:00-05:00,8.211000442504883,8.229999542236328,8.199999809265137,8.199999809265137,10626,0.0,0.0
2022-11-08 13:30:00-05:00,8.204999923706055,8.21500015258789,8.1899995803833,8.199999809265137,45512,0.0,0.0
2022-11-08 14:30:00-05:00,8.194999694824219,8.244999885559082,8.180000305175781,8.244999885559082,8139,0.0,0.0
2022-11-08 15:30:00-05:00,8.25,8.270000457763672,8.25,8.270000457763672,26569,0.0,0.0
2022-11-09 09:30:00-05:00,8.260000228881836,8.260000228881836,8.150799751281738,8.194999694824219,29947,0.0,0.0
2022-11-09 10:30:00-05:00,8.1850004196167,8.199999809265137,8.170000076293945,8.199999809265137,12430,0.0,0.0
2022-11-09 11:30:00-05:00,8.1899995803833,8.195300102233887,8.170000076293945,8.175000190734863,34552,0.0,0.0
2022-11-09 12:30:00-05:00,8.175000190734863,8.175000190734863,8.170000076293945,8.170000076293945,7945,0.0,0.0
2022-11-09 13:30:00-05:00,8.170000076293945,8.170000076293945,8.130399703979492,8.140000343322754,17611,0.0,0.0
2022-11-09 14:30:00-05:00,8.140000343322754,8.145000457763672,8.119999885559082,8.125,28525,0.0,0.0
2022-11-09 15:30:00-05:00,8.125,8.140000343322754,8.119999885559082,8.130000114440918,25368,0.0,0.0
2022-11-10 09:30:00-05:00,8.300000190734863,8.350000381469727,8.253800392150879,8.350000381469727,68332,0.0,0.0
2022-11-10 10:30:00-05:00,8.350000381469727,8.359999656677246,8.330100059509277,8.350000381469727,11715,0.0,0.0
2022-11-10 11:30:00-05:00,8.364999771118164,8.40999984741211,8.350099563598633,8.40999984741211,13341,0.0,0.0
2022-11-10 12:30:00-05:00,8.414999961853027,8.415399551391602,8.350000381469727,8.378100395202637,41807,0.0,0.0
2022-11-10 13:30:00-05:00,8.375699996948242,8.40999984741211,8.35990047454834,8.40999984741211,11197,0.0,0.0
2022-11-10 14:30:00-05:00,8.40999984741211,8.460000038146973,8.40999984741211,8.430000305175781,20586,0.0,0.0
2022-11-10 15:30:00-05:00,8.430000305175781,8.449999809265137,8.430000305175781,8.430000305175781,25096,0.0,0.0
2022-11-11 09:30:00-05:00,8.4399995803833,8.479999542236328,8.300000190734863,8.4399995803833,0,0.0,0.0
2022-11-11 10:30:00-05:00,8.4399995803833,8.4399995803833,8.350000381469727,8.365099906921387,27708,0.0,0.0
2022-11-11 11:30:00-05:00,8.369999885559082,8.399900436401367,8.359999656677246,8.399399757385254,4260,0.0,0.0
2022-11-11 12:30:00-05:00,8.399900436401367,8.416000366210938,8.390000343322754,8.416000366210938,3317,0.0,0.0
2022-11-11 13:30:00-05:00,8.420000076293945,8.449999809265137,8.40999984741211,8.414999961853027,15763,0.0,0.0
2022-11-11 14:30:00-05:00,8.414999961853027,8.420000076293945,8.399999618530273,8.40999984741211,10578,0.0,0.0
2022-11-11 15:30:00-05:00,8.40999984741211,8.420000076293945,8.399999618530273,8.40999984741211,6001,0.0,0.0
2022-11-14 09:30:00-05:00,8.369999885559082,8.369999885559082,8.270000457763672,8.300000190734863,0,0.0,0.0
2022-11-14 10:30:00-05:00,8.300000190734863,8.305000305175781,8.279999732971191,8.279999732971191,11833,0.0,0.0
2022-11-14 11:30:00-05:00,8.28499984741211,8.319999694824219,8.28499984741211,8.306400299072266,21492,0.0,0.0
2022-11-14 12:30:00-05:00,8.31309986114502,8.350000381469727,8.30049991607666,8.329000473022461,12676,0.0,0.0
2022-11-14 13:30:00-05:00,8.329999923706055,8.34000015258789,8.315299987792969,8.319999694824219,14039,0.0,0.0
2022-11-14 14:30:00-05:00,8.319999694824219,8.329899787902832,8.29319953918457,8.295000076293945,9065,0.0,0.0
2022-11-14 15:30:00-05:00,8.295000076293945,8.295000076293945,8.25,8.265000343322754,15796,0.0,0.0
2022-11-15 09:30:00-05:00,8.399999618530273,8.409899711608887,8.34000015258789,8.369999885559082,29038,0.0,0.0
2022-11-15 10:30:00-05:00,8.364999771118164,8.378600120544434,8.364999771118164,8.367199897766113,7645,0.0,0.0
2022-11-15 11:30:00-05:00,8.364999771118164,8.387900352478027,8.359999656677246,8.369999885559082,12920,0.0,0.0
2022-11-15 12:30:00-05:00,8.366600036621094,8.369999885559082,8.3100004196167,8.3100004196167,29387,0.0,0.0
2022-11-15 13:30:00-05:00,8.3100004196167,8.335000038146973,8.279999732971191,8.335000038146973,10814,0.0,0.0
2022-11-15 14:30:00-05:00,8.329999923706055,8.350000381469727,8.324999809265137,8.349900245666504,14446,0.0,0.0
2022-11-15 15:30:00-05:00,8.34000015258789,8.350000381469727,8.3149995803833,8.329999923706055,25349,0.0,0.0
2022-11-16 09:30:00-05:00,8.289999961853027,8.300000190734863,8.2608003616333,8.274399757385254,19271,0.0,0.0
2022-11-16 10:30:00-05:00,8.270000457763672,8.279999732971191,8.25,8.260000228881836,9950,0.0,0.0
2022-11-16 11:30:00-05:00,8.267999649047852,8.350000381469727,8.250100135803223,8.335399627685547,58738,0.0,0.0
2022-11-16 12:30:00-05:00,8.335000038146973,8.350000381469727,8.320199966430664,8.329999923706055,17026,0.0,0.0
2022-11-16 13:30:00-05:00,8.329999923706055,8.345000267028809,8.322999954223633,8.329999923706055,22968,0.0,0.0
2022-11-16 14:30:00-05:00,8.329999923706055,8.350000381469727,8.312299728393555,8.345000267028809,41172,0.0,0.0
2022-11-16 15:30:00-05:00,8.34000015258789,8.399999618530273,8.34000015258789,8.390000343322754,27502,0.0,0.0
2022-11-17 09:30:00-05:00,8.329999923706055,8.350000381469727,8.300000190734863,8.324999809265137,0,0.0,0.0
2022-11-17 10:30:00-05:00,8.324999809265137,8.420000076293945,8.324999809265137,8.420000076293945,24240,0.0,0.0
2022-11-17 11:30:00-05:00,8.420000076293945,8.4399995803833,8.400099754333496,8.4399995803833,17117,0.0,0.0
2022-11-17 12:30:00-05:00,8.4399995803833,8.460000038146973,8.439900398254395,8.4399995803833,5210,0.0,0.0
2022-11-17 13:30:00-05:00,8.4399995803833,8.4399995803833,8.420000076293945,8.436100006103516,16960,0.0,0.0
2022-11-17 14:30:00-05:00,8.4350004196167,8.438799858093262,8.414999961853027,8.430000305175781,9645,0.0,0.0
2022-11-17 15:30:00-05:00,8.430000305175781,8.449999809265137,8.414999961853027,8.449999809265137,15656,0.0,0.0
2022-11-18 09:30:00-05:00,8.4399995803833,8.4399995803833,8.380000114440918,8.399999618530273,15703,0.0,0.0
2022-11-18 10:30:00-05:00,8.390000343322754,8.390299797058105,8.369999885559082,8.369999885559082,11180,0.0,0.0
2022-11-18 11:30:00-05:00,8.369999885559082,8.460000038146973,8.369999885559082,8.444199562072754,30345,0.0,0.0
2022-11-18 12:30:00-05:00,8.449999809265137,8.470000267028809,8.430000305175781,8.449999809265137,17391,0.0,0.0
2022-11-18 13:30:00-05:00,8.460000038146973,8.489999771118164,8.434200286865234,8.489999771118164,22209,0.0,0.0
2022-11-18 14:30:00-05:00,8.489999771118164,8.494999885559082,8.449999809265137,8.489999771118164,17499,0.0,0.0
2022-11-18 15:30:00-05:00,8.489999771118164,8.5,8.470000267028809,8.494999885559082,12420,0.0,0.0
2022-11-21 09:30:00-05:00,8.489999771118164,8.489999771118164,8.449999809265137,8.470000267028809,12899,0.0,0.0
2022-11-21 10:30:00-05:00,8.460000038146973,8.470000267028809,8.4399995803833,8.470000267028809,8805,0.0,0.0
2022-11-21 11:30:00-05:00,8.470000267028809,8.470000267028809,8.4399995803833,8.470000267028809,14036,0.0,0.0
2022-11-21 12:30:00-05:00,8.460000038146973,8.489999771118164,8.460000038146973,8.479999542236328,7110,0.0,0.0
2022-11-21 13:30:00-05:00,8.489999771118164,8.489999771118164,8.46500015258789,8.470000267028809,7658,0.0,0.0
2022-11-21 14:30:00-05:00,8.479999542236328,8.489999771118164,8.470000267028809,8.479999542236328,9259,0.0,0.0
2022-11-21 15:30:00-05:00,8.484999656677246,8.489999771118164,8.479999542236328,8.489999771118164,7104,0.0,0.0
2022-11-22 09:30:00-05:00,8.449999809265137,8.460000038146973,8.40999984741211,8.454999923706055,0,0.0,0.0
2022-11-22 10:30:00-05:00,8.460000038146973,8.46500015258789,8.449999809265137,8.460000038146973,10515,0.0,0.0
2022-11-22 11:30:00-05:00,8.460000038146973,8.470000267028809,8.449999809265137,8.460000038146973,27202,0.0,0.0
2022-11-22 12:30:00-05:00,8.460000038146973,8.475000381469727,8.449999809265137,8.470399856567383,23872,0.0,0.0
2022-11-22 13:30:00-05:00,8.471099853515625,8.479999542236328,8.470999717712402,8.475000381469727,4842,0.0,0.0
2022-11-22 14:30:00-05:00,8.470000267028809,8.479999542236328,8.470000267028809,8.475000381469727,6825,0.0,0.0
2022-11-22 15:30:00-05:00,8.475000381469727,8.475000381469727,8.449999809265137,8.449999809265137,13245,0.0,0.0
2022-11-23 09:30:00-05:00,8.479999542236328,8.479999542236328,8.431099891662598,8.460000038146973,0,0.0,0.0
2022-11-23 10:30:00-05:00,8.470000267028809,8.479999542236328,8.4399995803833,8.4399995803833,15129,0.0,0.0
2022-11-23 11:30:00-05:00,8.420000076293945,8.45989990234375,8.40999984741211,8.45989990234375,6909,0.0,0.0
2022-11-23 12:30:00-05:00,8.430000305175781,8.430000305175781,8.359999656677246,8.380200386047363,18397,0.0,0.0
2022-11-23 13:30:00-05:00,8.399999618530273,8.411499977111816,8.350000381469727,8.40999984741211,13919,0.0,0.0
2022-11-23 14:30:00-05:00,8.40999984741211,8.40999984741211,8.380000114440918,8.385000228881836,12777,0.0,0.0
2022-11-23 15:30:00-05:00,8.385000228881836,8.385000228881836,8.380000114440918,8.380000114440918,5202,0.0,0.0
2022-11-25 09:30:00-05:00,8.34000015258789,8.399100303649902,8.319999694824219,8.34000015258789,36629,0.0,0.0
2022-11-25 10:30:00-05:00,8.331299781799316,8.335000038146973,8.3100004196167,8.319999694824219,22058,0.0,0.0
2022-11-25 11:30:00-05:00,8.319999694824219,8.339900016784668,8.319999694824219,8.339900016784668,7569,0.0,0.0
2022-11-28 09:30:00-05:00,8.3100004196167,8.359999656677246,8.3100004196167,8.359999656677246,23465,0.0,0.0
2022-11-28 10:30:00-05:00,8.335000038146973,8.335000038146973,8.304300308227539,8.304300308227539,8472,0.0,0.0
2022-11-28 11:30:00-05:00,8.3149995803833,8.329999923706055,8.270000457763672,8.28499984741211,69181,0.0,0.0
2022-11-28 12:30:00-05:00,8.28499984741211,8.293399810791016,8.270000457763672,8.289999961853027,27429,0.0,0.0
2022-11-28 13:30:00-05:00,8.28499984741211,8.2878999710083,8.260000228881836,8.260000228881836,13664,0.0,0.0
2022-11-28 14:30:00-05:00,8.270000457763672,8.279999732971191,8.260000228881836,8.265000343322754,25998,0.0,0.0
2022-11-28 15:30:00-05:00,8.260000228881836,8.270000457763672,8.229999542236328,8.255000114440918,26964,0.0,0.0
2022-11-29 09:30:00-05:00,8.260000228881836,8.289999961853027,8.25,8.289999961853027,0,0.0,0.0
2022-11-29 10:30:00-05:00,8.28439998626709,8.34000015258789,8.265000343322754,8.279999732971191,34647,0.0,0.0
2022-11-29 11:30:00-05:00,8.288599967956543,8.289999961853027,8.25,8.25,25776,0.0,0.0
2022-11-29 12:30:00-05:00,8.25,8.279999732971191,8.210000038146973,8.270000457763672,46746,0.0,0.0
2022-11-29 13:30:00-05:00,8.270000457763672,8.279999732971191,8.270000457763672,8.270000457763672,14465,0.0,0.0
2022-11-29 14:30:00-05:00,8.270000457763672,8.300000190734863,8.270000457763672,8.279999732971191,23932,0.0,0.0
2022-11-29 15:30:00-05:00,8.289999961853027,8.3100004196167,8.279999732971191,8.300000190734863,13747,0.0,0.0
2022-11-30 09:30:00-05:00,8.329999923706055,8.34000015258789,8.25,8.270000457763672,0,0.0,0.0
2022-11-30 10:30:00-05:00,8.279999732971191,8.300000190734863,8.25,8.289999961853027,19361,0.0,0.0
2022-11-30 11:30:00-05:00,8.28499984741211,8.28499984741211,8.260000228881836,8.260000228881836,22296,0.0,0.0
2022-11-30 12:30:00-05:00,8.260000228881836,8.271699905395508,8.25,8.253999710083008,10467,0.0,0.0
2022-11-30 13:30:00-05:00,8.265000343322754,8.399999618530273,8.265000343322754,8.390000343322754,19878,0.0,0.0
2022-11-30 14:30:00-05:00,8.38659954071045,8.4350004196167,8.359999656677246,8.430000305175781,77779,0.0,0.0
2022-11-30 15:30:00-05:00,8.430100440979004,8.460000038146973,8.430000305175781,8.449999809265137,36677,0.0,0.0
2022-12-01 09:30:00-05:00,8.479999542236328,8.489899635314941,8.359999656677246,8.390000343322754,0,0.0,0.0
2022-12-01 10:30:00-05:00,8.399999618530273,8.449999809265137,8.390000343322754,8.4399995803833,13987,0.0,0.0
2022-12-01 11:30:00-05:00,8.444999694824219,8.46500015258789,8.4399995803833,8.460100173950195,28445,0.0,0.0
2022-12-01 12:30:00-05:00,8.470000267028809,8.489999771118164,8.470000267028809,8.479999542236328,38746,0.0,0.0
2022-12-01 13:30:00-05:00,8.479999542236328,8.48009967803955,8.400199890136719,8.40999984741211,22021,0.0,0.0
2022-12-01 14:30:00-05:00,8.40999984741211,8.425000190734863,8.40999984741211,8.420000076293945,12811,0.0,0.0
2022-12-01 15:30:00-05:00,8.420000076293945,8.444999694824219,8.420000076293945,8.4399995803833,14506,0.0,0.0
2022-12-02 09:30:00-05:00,8.34000015258789,8.360899925231934,8.3100004196167,8.359999656677246,0,0.0,0.0
2022-12-02 10:30:00-05:00,8.34000015258789,8.389900207519531,8.34000015258789,8.34000015258789,21886,0.0,0.0
2022-12-02 11:30:00-05:00,8.345000267028809,8.380000114440918,8.329999923706055,8.350000381469727,52487,0.0,0.0
2022-12-02 12:30:00-05:00,8.350000381469727,8.350000381469727,8.239999771118164,8.279999732971191,74859,0.0,0.0
2022-12-02 13:30:00-05:00,8.279999732971191,8.300000190734863,8.25,8.289999961853027,34778,0.0,0.0
2022-12-02 14:30:00-05:00,8.28499984741211,8.34000015258789,8.270000457763672,8.319999694824219,23420,0.0,0.0
2022-12-02 15:30:00-05:00,8.314900398254395,8.350000381469727,8.270000457763672,8.34000015258789,48364,0.0,0.0
2022-12-05 09:30:00-05:00,8.25,8.279999732971191,8.220000267028809,8.239999771118164,64063,0.0,0.0
2022-12-05 10:30:00-05:00,8.229999542236328,8.25,8.1899995803833,8.210000038146973,32475,0.0,0.0
2022-12-05 11:30:00-05:00,8.220000267028809,8.220000267028809,8.199999809265137,8.20989990234375,7316,0.0,0.0
2022-12-05 12:30:00-05:00,8.210000038146973,8.210000038146973,8.1899995803833,8.199999809265137,11091,0.0,0.0
2022-12-05 13:30:00-05:00,8.1899995803833,8.1899995803833,8.140000343322754,8.175000190734863,23715,0.0,0.0
2022-12-05 14:30:00-05:00,8.180000305175781,8.1899995803833,8.170000076293945,8.170000076293945,18454,0.0,0.0
2022-12-05 15:30:00-05:00,8.175000190734863,8.199999809265137,8.170000076293945,8.199999809265137,7435,0.0,0.0
2022-12-06 09:30:00-05:00,8.140000343322754,8.210000038146973,8.130000114440918,8.149999618530273,32499,0.0,0.0
2022-12-06 10:30:00-05:00,8.149999618530273,8.149999618530273,8.140000343322754,8.149900436401367,4114,0.0,0.0
2022-12-06 11:30:00-05:00,8.145000457763672,8.149299621582031,8.100000381469727,8.119999885559082,27066,0.0,0.0
2022-12-06 12:30:00-05:00,8.109999656677246,8.119999885559082,8.09000015258789,8.09000015258789,30278,0.0,0.0
2022-12-06 13:30:00-05:00,8.09000015258789,8.09000015258789,8.069999694824219,8.079999923706055,39396,0.0,0.0
2022-12-06 14:30:00-05:00,8.0649995803833,8.079999923706055,8.0600004196167,8.0649995803833,39236,0.0,0.0
2022-12-06 15:30:00-05:00,8.0649995803833,8.09000015258789,8.050000190734863,8.069999694824219,24660,0.0,0.0
2022-12-07 09:30:00-05:00,8.050000190734863,8.099900245666504,8.029999732971191,8.050100326538086,61158,0.0,0.0
2022-12-07 10:30:00-05:00,8.069999694824219,8.109999656677246,8.069999694824219,8.100000381469727,38097,0.0,0.0
2022-12-07 11:30:00-05:00,8.100000381469727,8.119999885559082,8.092599868774414,8.104999542236328,12368,0.0,0.0
2022-12-07 12:30:00-05:00,8.104999542236328,8.114999771118164,8.104999542236328,8.114999771118164,6243,0.0,0.0
2022-12-07 13:30:00-05:00,8.118000030517578,8.11929988861084,8.100000381469727,8.104999542236328,13685,0.0,0.0
2022-12-07 14:30:00-05:00,8.10420036315918,8.107999801635742,8.100000381469727,8.104999542236328,12373,0.0,0.0
2022-12-07 15:30:00-05:00,8.104999542236328,8.109999656677246,8.095000267028809,8.100000381469727,34865,0.0,0.0
2022-12-08 09:30:00-05:00,8.09000015258789,8.149999618530273,8.079999923706055,8.145000457763672,0,0.0,0.0
2022-12-08 10:30:00-05:00,8.140000343322754,8.15999984741211,8.140000343322754,8.149999618530273,27953,0.0,0.0
2022-12-08 11:30:00-05:00,8.14799976348877,8.170000076293945,8.140000343322754,8.160200119018555,12344,0.0,0.0
2022-12-08 12:30:00-05:00,8.15999984741211,8.167799949645996,8.149999618530273,8.15999984741211,44132,0.0,0.0
2022-12-08 13:30:00-05:00,8.15999984741211,8.15999984741211,8.149999618530273,8.154999732971191,20331,0.0,0.0
2022-12-08 14:30:00-05:00,8.154999732971191,8.15999984741211,8.149999618530273,8.15999984741211,16770,0.0,0.0
2022-12-08 15:30:00-05:00,8.15999984741211,8.15999984741211,8.149999618530273,8.15999984741211,16836,0.0,0.0
2022-12-09 09:30:00-05:00,8.079999923706055,8.109999656677246,8.063400268554688,8.063400268554688,39983,0.0,0.0
2022-12-09 10:30:00-05:00,8.0649995803833,8.109999656677246,8.0600004196167,8.09000015258789,44638,0.0,0.0
2022-12-09 11:30:00-05:00,8.095000267028809,8.109000205993652,8.081700325012207,8.100000381469727,9281,0.0,0.0
2022-12-09 12:30:00-05:00,8.100000381469727,8.109999656677246,8.079999923706055,8.079999923706055,11749,0.0,0.0
2022-12-09 13:30:00-05:00,8.08899974822998,8.09000015258789,8.069999694824219,8.081399917602539,11389,0.0,0.0
2022-12-09 14:30:00-05:00,8.082300186157227,8.100000381469727,8.079999923706055,8.094400405883789,10283,0.0,0.0
2022-12-09 15:30:00-05:00,8.079999923706055,8.079999923706055,8.0600004196167,8.074999809265137,33462,0.0,0.0
2022-12-12 09:30:00-05:00,8.079999923706055,8.170000076293945,8.069999694824219,8.09000015258789,0,0.0,0.0
2022-12-12 10:30:00-05:00,8.09000015258789,8.09000015258789,8.0600004196167,8.069999694824219,19415,0.0,0.0
2022-12-12 11:30:00-05:00,8.060099601745605,8.069999694824219,8.050000190734863,8.055000305175781,21426,0.0,0.0
2022-12-12 12:30:00-05:00,8.051600456237793,8.069999694824219,8.010000228881836,8.039999961853027,47893,0.0,0.0
2022-12-12 13:30:00-05:00,8.043999671936035,8.050000190734863,8.020000457763672,8.039999961853027,40630,0.0,0.0
2022-12-12 14:30:00-05:00,8.039999961853027,8.0600004196167,8.030099868774414,8.0600004196167,52587,0.0,0.0
2022-12-12 15:30:00-05:00,8.0600004196167,8.069999694824219,8.050000190734863,8.0600004196167,53700,0.0,0.0
2022-12-13 09:30:00-05:00,8.220000267028809,8.260000228881836,8.15999984741211,8.15999984741211,29003,0.0,0.0
2022-12-13 10:30:00-05:00,8.151599884033203,8.175000190734863,8.149999618530273,8.15999984741211,52673,0.0,0.0
2022-12-13 11:30:00-05:00,8.170000076293945,8.170000076293945,8.050000190734863,8.079999923706055,72629,0.0,0.0
2022-12-13 12:30:00-05:00,8.0649995803833,8.09000015258789,8.050000190734863,8.09000015258789,19059,0.0,0.0
2022-12-13 13:30:00-05:00,8.09000015258789,8.100000381469727,8.079999923706055,8.09000015258789,31764,0.0,0.0
2022-12-13 14:30:00-05:00,8.100000381469727,8.119999885559082,8.09000015258789,8.114999771118164,48639,0.0,0.0
2022-12-13 15:30:00-05:00,8.114999771118164,8.130000114440918,8.109999656677246,8.119999885559082,26834,0.0,0.0
2022-12-14 09:30:00-05:00,8.0600004196167,8.130000114440918,8.0600004196167,8.119999885559082,32939,0.0,0.0
2022-12-14 10:30:00-05:00,8.119999885559082,8.14009952545166,8.069999694824219,8.098999977111816,80871,0.0,0.0
2022-12-14 11:30:00-05:00,8.090499877929688,8.114999771118164,8.09000015258789,8.100299835205078,57418,0.0,0.0
2022-12-14 12:30:00-05:00,8.100000381469727,8.11050033569336,8.100000381469727,8.104999542236328,47080,0.0,0.0
2022-12-14 13:30:00-05:00,8.104999542236328,8.109999656677246,8.039999961853027,8.0600004196167,17397,0.0,0.0
2022-12-14 14:30:00-05:00,8.050000190734863,8.119999885559082,8.010000228881836,8.079999923706055,55883,0.0,0.0
2022-12-14 15:30:00-05:00,8.069999694824219,8.109999656677246,8.0600004196167,8.109999656677246,15820,0.0,0.0
2022-12-15 09:30:00-05:00,8.0600004196167,8.0600004196167,7.949999809265137,7.968800067901611,0,0.0,0.0
2022-12-15 10:30:00-05:00,7.960000038146973,8.0,7.940000057220459,7.945000171661377,24511,0.0,0.0
2022-12-15 11:30:00-05:00,7.949999809265137,7.965000152587891,7.945000171661377,7.965000152587891,8494,0.0,0.0
2022-12-15 12:30:00-05:00,7.96999979019165,7.96999979019165,7.910099983215332,7.914999961853027,20007,0.0,0.0
2022-12-15 13:30:00-05:00,7.920000076293945,7.920000076293945,7.900000095367432,7.90500020980835,9511,0.0,0.0
2022-12-15 14:30:00-05:00,7.909900188446045,7.96999979019165,7.909900188446045,7.96999979019165,30800,0.0,0.0
2022-12-15 15:30:00-05:00,7.96999979019165,7.989999771118164,7.961299896240234,7.989999771118164,35376,0.0,0.0
2022-12-16 09:30:00-05:00,7.909999847412109,7.960000038146973,7.909999847412109,7.920000076293945,38439,0.0,0.0
2022-12-16 10:30:00-05:00,7.914999961853027,7.940000057220459,7.880000114440918,7.920000076293945,57556,0.0,0.0
2022-12-16 11:30:00-05:00,7.929900169372559,7.929900169372559,7.860000133514404,7.873199939727783,36796,0.0,0.0
2022-12-16 12:30:00-05:00,7.880000114440918,7.900000095367432,7.829999923706055,7.864999771118164,60698,0.0,0.0
2022-12-16 13:30:00-05:00,7.869999885559082,7.889999866485596,7.869999885559082,7.871099948883057,10517,0.0,0.0
2022-12-16 14:30:00-05:00,7.8790998458862305,7.909999847412109,7.869999885559082,7.909999847412109,30878,0.0,0.0
2022-12-16 15:30:00-05:00,7.909999847412109,7.920000076293945,7.889999866485596,7.889999866485596,10541,0.0,0.0
2022-12-19 09:30:00-05:00,7.900000095367432,7.934999942779541,7.900000095367432,7.934999942779541,16349,0.0,0.0
2022-12-19 10:30:00-05:00,7.929999828338623,7.945000171661377,7.869999885559082,7.877999782562256,21087,0.0,0.0
2022-12-19 11:30:00-05:00,7.870999813079834,7.886099815368652,7.840000152587891,7.86359977722168,27752,0.0,0.0
2022-12-19 12:30:00-05:00,7.864999771118164,7.864999771118164,7.852499961853027,7.852499961853027,6952,0.0,0.0
2022-12-19 13:30:00-05:00,7.852499961853027,7.852499961853027,7.800000190734863,7.813799858093262,13535,0.0,0.0
2022-12-19 14:30:00-05:00,7.809999942779541,7.809999942779541,7.744999885559082,7.75,71816,0.0,0.0
2022-12-19 15:30:00-05:00,7.755000114440918,7.760000228881836,7.730000019073486,7.75,69776,0.0,0.0
2022-12-20 09:30:00-05:00,7.760000228881836,7.79580020904541,7.730000019073486,7.791500091552734,35109,0.0,0.0
2022-12-20 10:30:00-05:00,7.789999961853027,7.800000190734863,7.739999771118164,7.75,120420,0.0,0.0
2022-12-20 11:30:00-05:00,7.75,7.75,7.599999904632568,7.639100074768066,214505,0.0,0.0
2022-12-20 12:30:00-05:00,7.639999866485596,7.659999847412109,7.610000133514404,7.630000114440918,127810,0.0,0.0
2022-12-20 13:30:00-05:00,7.630000114440918,7.670000076293945,7.625,7.639999866485596,40829,0.0,0.0
2022-12-20 14:30:00-05:00,7.639999866485596,7.659999847412109,7.579999923706055,7.579999923706055,80196,0.0,0.0
2022-12-20 15:30:00-05:00,7.579999923706055,7.630000114440918,7.574999809265137,7.630000114440918,128906,0.0,0.0
2022-12-21 09:30:00-05:00,7.639999866485596,7.760000228881836,7.639999866485596,7.699999809265137,90547,0.0,0.0
2022-12-21 10:30:00-05:00,7.699999809265137,7.699999809265137,7.639999866485596,7.664999961853027,186561,0.0,0.0
2022-12-21 11:30:00-05:00,7.670000076293945,7.678100109100342,7.639999866485596,7.650000095367432,16695,0.0,0.0
2022-12-21 12:30:00-05:00,7.650100231170654,7.650100231170654,7.628200054168701,7.628200054168701,45104,0.0,0.0
2022-12-21 13:30:00-05:00,7.630000114440918,7.650000095367432,7.599999904632568,7.648799896240234,68235,0.0,0.0
2022-12-21 14:30:00-05:00,7.644999980926514,7.650000095367432,7.619999885559082,7.650000095367432,33573,0.0,0.0
2022-12-21 15:30:00-05:00,7.650000095367432,7.650000095367432,7.635000228881836,7.650000095367432,32185,0.0,0.0
2022-12-22 09:30:00-05:00,7.53000020980835,7.534999847412109,7.46999979019165,7.485000133514404,47068,0.0,0.0
2022-12-22 10:30:00-05:00,7.485000133514404,7.489999771118164,7.465000152587891,7.46999979019165,42091,0.0,0.0
2022-12-22 11:30:00-05:00,7.462299823760986,7.462299823760986,7.409999847412109,7.409999847412109,29858,0.0,0.0
2022-12-22 12:30:00-05:00,7.414999961853027,7.414999961853027,7.380000114440918,7.380000114440918,67748,0.0,0.0
2022-12-22 13:30:00-05:00,7.375,7.480000019073486,7.371699810028076,7.476600170135498,99053,0.0,0.0
2022-12-22 14:30:00-05:00,7.480000019073486,7.550000190734863,7.480000019073486,7.550000190734863,51943,0.0,0.0
2022-12-22 15:30:00-05:00,7.559999942779541,7.559999942779541,7.53000020980835,7.539999961853027,21826,0.0,0.0
2022-12-23 09:30:00-05:00,7.550000190734863,7.6118998527526855,7.519999980926514,7.590099811553955,68015,0.0,0.0
2022-12-23 10:30:00-05:00,7.601099967956543,7.639999866485596,7.590000152587891,7.608500003814697,38701,0.0,0.0
2022-12-23 11:30:00-05:00,7.609899997711182,7.610000133514404,7.559999942779541,7.605000019073486,55799,0.0,0.0
2022-12-23 12:30:00-05:00,7.6153998374938965,7.630000114440918,7.599999904632568,7.610099792480469,44452,0.0,0.0
2022-12-23 13:30:00-05:00,7.619999885559082,7.630000114440918,7.599999904632568,7.60699987411499,26233,0.0,0.0
2022-12-23 14:30:00-05:00,7.610000133514404,7.630000114440918,7.59499979019165,7.610000133514404,22368,0.0,0.0
2022-12-23 15:30:00-05:00,7.614999771118164,7.614999771118164,7.579999923706055,7.585000038146973,13065,0.0,0.0
2022-12-27 09:30:00-05:00,7.590000152587891,7.650000095367432,7.550000190734863,7.59499979019165,0,0.0,0.0
2022-12-27 10:30:00-05:00,7.59499979019165,7.619999885559082,7.570000171661377,7.590000152587891,52244,0.0,0.0
2022-12-27 11:30:00-05:00,7.590000152587891,7.599999904632568,7.53000020980835,7.534999847412109,116047,0.0,0.0
2022-12-27 12:30:00-05:00,7.534999847412109,7.539999961853027,7.519999980926514,7.534999847412109,10528,0.0,0.0
2022-12-27 13:30:00-05:00,7.539999961853027,7.539999961853027,7.480000019073486,7.488999843597412,35992,0.0,0.0
2022-12-27 14:30:00-05:00,7.485000133514404,7.489999771118164,7.389999866485596,7.489999771118164,171087,0.0,0.0
2022-12-27 15:30:00-05:00,7.489999771118164,7.5,7.460000038146973,7.474999904632568,23047,0.0,0.0
2022-12-28 09:30:00-05:00,7.46999979019165,7.5081000328063965,7.460000038146973,7.460000038146973,35994,0.0,0.0
2022-12-28 10:30:00-05:00,7.460000038146973,7.480000019073486,7.440000057220459,7.449999809265137,76638,0.0,0.0
2022-12-28 11:30:00-05:00,7.449999809265137,7.454999923706055,7.440000057220459,7.448999881744385,16519,0.0,0.0
2022-12-28 12:30:00-05:00,7.445000171661377,7.46999979019165,7.429999828338623,7.460000038146973,48930,0.0,0.0
2022-12-28 13:30:00-05:00,7.46750020980835,7.46750020980835,7.445000171661377,7.449999809265137,42521,0.0,0.0
2022-12-28 14:30:00-05:00,7.454999923706055,7.480000019073486,7.400000095367432,7.400000095367432,80775,0.0,0.0
2022-12-28 15:30:00-05:00,7.400000095367432,7.409999847412109,7.389999866485596,7.409999847412109,11507,0.0,0.0
2022-12-29 09:30:00-05:00,7.460000038146973,7.519999980926514,7.460000038146973,7.489999771118164,0,0.0,0.0
2022-12-29 10:30:00-05:00,7.494999885559082,7.510000228881836,7.480000019073486,7.480000019073486,29671,0.0,0.0
2022-12-29 11:30:00-05:00,7.489999771118164,7.510000228881836,7.470300197601318,7.485099792480469,65738,0.0,0.0
2022-12-29 12:30:00-05:00,7.480000019073486,7.489999771118164,7.480000019073486,7.489999771118164,23729,0.0,0.0
2022-12-29 13:30:00-05:00,7.480000019073486,7.489999771118164,7.480000019073486,7.485000133514404,22430,0.0,0.0
2022-12-29 14:30:00-05:00,7.489999771118164,7.489999771118164,7.46999979019165,7.480000019073486,52020,0.0,0.0
2022-12-29 15:30:00-05:00,7.4781999588012695,7.489999771118164,7.460000038146973,7.460000038146973,49319,0.0,0.0
2022-12-30 09:30:00-05:00,7.440000057220459,7.489999771118164,7.380000114440918,7.474999904632568,86423,0.0,0.0
2022-12-30 10:30:00-05:00,7.480000019073486,7.5,7.46999979019165,7.470099925994873,50060,0.0,0.0
2022-12-30 11:30:00-05:00,7.46999979019165,7.5,7.460000038146973,7.460000038146973,55580,0.0,0.0
2022-12-30 12:30:00-05:00,7.460000038146973,7.519999980926514,7.460000038146973,7.494999885559082,123073,0.0,0.0
2022-12-30 13:30:00-05:00,7.494999885559082,7.5,7.465000152587891,7.465000152587891,54302,0.0,0.0
2022-12-30 14:30:00-05:00,7.465000152587891,7.46999979019165,7.440000057220459,7.440000057220459,70661,0.0,0.0
2022-12-30 15:30:00-05:00,7.440000057220459,7.489999771118164,7.429999828338623,7.489999771118164,55981,0.0,0.0
2023-01-03 09:30:00-05:00,7.550000190734863,7.574900150299072,7.440000057220459,7.441100120544434,0,0.0,0.0
2023-01-03 10:30:00-05:00,7.445000171661377,7.46999979019165,7.429999828338623,7.44950008392334,29898,0.0,0.0
2023-01-03 11:30:00-05:00,7.429999828338623,7.480000019073486,7.425000190734863,7.458799839019775,28799,0.0,0.0
2023-01-03 12:30:00-05:00,7.460000038146973,7.480000019073486,7.450099945068359,7.46999979019165,21161,0.0,0.0
2023-01-03 13:30:00-05:00,7.46999979019165,7.480000019073486,7.460000038146973,7.46999979019165,19426,0.0,0.0
2023-01-03 14:30:00-05:00,7.465000152587891,7.5,7.429999828338623,7.440000057220459,71777,0.0,0.0
2023-01-03 15:30:00-05:00,7.449999809265137,7.46999979019165,7.440000057220459,7.46999979019165,89157,0.0,0.0
2023-01-04 09:30:00-05:00,7.519999980926514,7.539999961853027,7.489999771118164,7.519999980926514,0,0.0,0.0
2023-01-04 10:30:00-05:00,7.519999980926514,7.570000171661377,7.489999771118164,7.550000190734863,39512,0.0,0.0
2023-01-04 11:30:00-05:00,7.550000190734863,7.590000152587891,7.550000190734863,7.569799900054932,37302,0.0,0.0
2023-01-04 12:30:00-05:00,7.574999809265137,7.590000152587891,7.550000190734863,7.574999809265137,23158,0.0,0.0
2023-01-04 13:30:00-05:00,7.579999923706055,7.579999923706055,7.510000228881836,7.510000228881836,32454,0.0,0.0
2023-01-04 14:30:00-05:00,7.510000228881836,7.539999961853027,7.489999771118164,7.489999771118164,72717,0.0,0.0
2023-01-04 15:30:00-05:00,7.494999885559082,7.53000020980835,7.474999904632568,7.525000095367432,33311,0.0,0.0
2023-01-05 09:30:00-05:00,7.519999980926514,7.519999980926514,7.449999809265137,7.46999979019165,47919,0.0,0.0
2023-01-05 10:30:00-05:00,7.46999979019165,7.486199855804443,7.425000190734863,7.462100028991699,31101,0.0,0.0
2023-01-05 11:30:00-05:00,7.46999979019165,7.46999979019165,7.420000076293945,7.454999923706055,36671,0.0,0.0
2023-01-05 12:30:00-05:00,7.460000038146973,7.489999771118164,7.460000038146973,7.489999771118164,8538,0.0,0.0
2023-01-05 13:30:00-05:00,7.489999771118164,7.499899864196777,7.480000019073486,7.480000019073486,15017,0.0,0.0
2023-01-05 14:30:00-05:00,7.480000019073486,7.489999771118164,7.449999809265137,7.449999809265137,9080,0.0,0.0
2023-01-05 15:30:00-05:00,7.440000057220459,7.454999923706055,7.429999828338623,7.445000171661377,7994,0.0,0.0
2023-01-06 09:30:00-05:00,7.46999979019165,7.53000020980835,7.440000057220459,7.519999980926514,32558,0.0,0.0
2023-01-06 10:30:00-05:00,7.519899845123291,7.5696001052856445,7.519899845123291,7.539999961853027,30477,0.0,0.0
2023-01-06 11:30:00-05:00,7.539999961853027,7.550000190734863,7.519999980926514,7.525000095367432,26858,0.0,0.0
2023-01-06 12:30:00-05:00,7.52370023727417,7.525000095367432,7.5,7.510000228881836,23722,0.0,0.0
2023-01-06 13:30:00-05:00,7.519999980926514,7.539999961853027,7.5,7.510000228881836,51695,0.0,0.0
2023-01-06 14:30:00-05:00,7.510000228881836,7.559999942779541,7.505000114440918,7.519999980926514,42742,0.0,0.0
2023-01-06 15:30:00-05:00,7.519999980926514,7.539999961853027,7.510000228881836,7.519999980926514,39161,0.0,0.0
2023-01-09 09:30:00-05:00,7.610000133514404,7.630000114440918,7.539999961853027,7.605000019073486,0,0.0,0.0
2023-01-09 10:30:00-05:00,7.610000133514404,7.639999866485596,7.610000133514404,7.630000114440918,21517,0.0,0.0
2023-01-09 11:30:00-05:00,7.630000114440918,7.639999866485596,7.599999904632568,7.619999885559082,26049,0.0,0.0
2023-01-09 12:30:00-05:00,7.614999771118164,7.619999885559082,7.600100040435791,7.614999771118164,9655,0.0,0.0
2023-01-09 13:30:00-05:00,7.619999885559082,7.619999885559082,7.570000171661377,7.570000171661377,19938,0.0,0.0
2023-01-09 14:30:00-05:00,7.570000171661377,7.574999809265137,7.534999847412109,7.534999847412109,9357,0.0,0.0
2023-01-09 15:30:00-05:00,7.534999847412109,7.550000190734863,7.53000020980835,7.539999961853027,9924,0.0,0.0
2023-01-10 09:30:00-05:00,7.559999942779541,7.599999904632568,7.539999961853027,7.574999809265137,0,0.0,0.0
2023-01-10 10:30:00-05:00,7.570000171661377,7.590000152587891,7.539999961853027,7.561100006103516,19167,0.0,0.0
2023-01-10 11:30:00-05:00,7.565999984741211,7.579999923706055,7.550000190734863,7.579899787902832,11787,0.0,0.0
2023-01-10 12:30:00-05:00,7.570000171661377,7.599999904632568,7.5619001388549805,7.579999923706055,14741,0.0,0.0
2023-01-10 13:30:00-05:00,7.580100059509277,7.599999904632568,7.580100059509277,7.5929999351501465,10233,0.0,0.0
2023-01-10 14:30:00-05:00,7.598299980163574,7.598299980163574,7.563700199127197,7.565000057220459,19136,0.0,0.0
2023-01-10 15:30:00-05:00,7.574999809265137,7.599999904632568,7.565000057220459,7.599999904632568,8894,0.0,0.0
2023-01-11 09:30:00-05:00,7.619999885559082,7.679999828338623,7.619999885559082,7.670000076293945,0,0.0,0.0
2023-01-11 10:30:00-05:00,7.679999828338623,7.679999828338623,7.644599914550781,7.675099849700928,20480,0.0,0.0
2023-01-11 11:30:00-05:00,7.676499843597412,7.690000057220459,7.667799949645996,7.686200141906738,17975,0.0,0.0
2023-01-11 12:30:00-05:00,7.690000057220459,7.699999809265137,7.679999828338623,7.688899993896484,20821,0.0,0.0
2023-01-11 13:30:00-05:00,7.6894001960754395,7.710000038146973,7.679999828338623,7.699999809265137,20733,0.0,0.0
2023-01-11 14:30:00-05:00,7.704999923706055,7.71999979019165,7.690000057220459,7.695000171661377,23656,0.0,0.0
2023-01-11 15:30:00-05:00,7.697500228881836,7.71999979019165,7.690000057220459,7.71999979019165,8460,0.0,0.0
2023-01-12 09:30:00-05:00,7.78000020980835,7.78000020980835,7.690000057220459,7.730000019073486,62559,0.0,0.0
2023-01-12 10:30:00-05:00,7.739999771118164,7.75,7.710000038146973,7.724999904632568,16096,0.0,0.0
2023-01-12 11:30:00-05:00,7.71999979019165,7.769999980926514,7.71999979019165,7.769899845123291,27818,0.0,0.0
2023-01-12 12:30:00-05:00,7.78000020980835,7.78000020980835,7.739999771118164,7.740099906921387,30988,0.0,0.0
2023-01-12 13:30:00-05:00,7.739999771118164,7.75,7.710000038146973,7.735000133514404,41450,0.0,0.0
2023-01-12 14:30:00-05:00,7.730000019073486,7.75,7.71999979019165,7.749899864196777,56073,0.0,0.0
2023-01-12 15:30:00-05:00,7.744999885559082,7.760000228881836,7.739999771118164,7.75,12265,0.0,0.0
2023-01-13 09:30:00-05:00,7.730000019073486,7.769999980926514,7.730000019073486,7.769999980926514,53470,0.0,0.0
2023-01-13 10:30:00-05:00,7.775000095367432,7.789999961853027,7.750100135803223,7.769999980926514,29607,0.0,0.0
2023-01-13 11:30:00-05:00,7.764999866485596,7.769999980926514,7.75,7.760000228881836,13792,0.0,0.0
2023-01-13 12:30:00-05:00,7.767000198364258,7.769999980926514,7.75,7.75,16031,0.0,0.0
2023-01-13 13:30:00-05:00,7.750999927520752,7.760000228881836,7.739999771118164,7.744999885559082,18234,0.0,0.0
2023-01-13 14:30:00-05:00,7.744999885559082,7.755000114440918,7.740799903869629,7.744999885559082,9627,0.0,0.0
2023-01-13 15:30:00-05:00,7.75,7.769999980926514,7.75,7.760000228881836,9872,0.0,0.0
2023-01-17 09:30:00-05:00,7.78000020980835,7.820000171661377,7.78000020980835,7.789999961853027,0,0.0,0.0
2023-01-17 10:30:00-05:00,7.800000190734863,7.809999942779541,7.78000020980835,7.789999961853027,24409,0.0,0.0
2023-01-17 11:30:00-05:00,7.789999961853027,7.809999942779541,7.784999847412109,7.804999828338623,14263,0.0,0.0
2023-01-17 12:30:00-05:00,7.809999942779541,7.809999942779541,7.800000190734863,7.800000190734863,11647,0.0,0.0
2023-01-17 13:30:00-05:00,7.800000190734863,7.809999942779541,7.789999961853027,7.795000076293945,16237,0.0,0.0
2023-01-17 14:30:00-05:00,7.789999961853027,7.795000076293945,7.769999980926514,7.784999847412109,26252,0.0,0.0
2023-01-17 15:30:00-05:00,7.784999847412109,7.789999961853027,7.769999980926514,7.78000020980835,47739,0.0,0.0
2023-01-18 09:30:00-05:00,7.820000171661377,7.900000095367432,7.809999942779541,7.815000057220459,0,0.0,0.0
2023-01-18 10:30:00-05:00,7.809999942779541,7.816199779510498,7.71999979019165,7.71999979019165,19423,0.0,0.0
2023-01-18 11:30:00-05:00,7.71999979019165,7.730000019073486,7.699999809265137,7.710000038146973,13732,0.0,0.0
2023-01-18 12:30:00-05:00,7.709499835968018,7.71750020980835,7.679999828338623,7.690000057220459,13471,0.0,0.0
2023-01-18 13:30:00-05:00,7.690000057220459,7.71999979019165,7.690000057220459,7.715000152587891,23310,0.0,0.0
2023-01-18 14:30:00-05:00,7.715000152587891,7.730000019073486,7.699999809265137,7.715000152587891,32609,0.0,0.0
2023-01-18 15:30:00-05:00,7.715000152587891,7.715000152587891,7.670000076293945,7.679999828338623,24083,0.0,0.0
2023-01-19 09:30:00-05:00,7.650000095367432,7.699999809265137,7.650000095367432,7.684999942779541,30651,0.0,0.0
2023-01-19 10:30:00-05:00,7.684999942779541,7.684999942779541,7.630000114440918,7.650000095367432,50933,0.0,0.0
2023-01-19 11:30:00-05:00,7.650000095367432,7.659999847412109,7.639999866485596,7.650000095367432,16056,0.0,0.0
2023-01-19 12:30:00-05:00,7.650000095367432,7.679999828338623,7.650000095367432,7.676000118255615,28572,0.0,0.0
2023-01-19 13:30:00-05:00,7.670000076293945,7.690000057220459,7.65500020980835,7.690000057220459,13298,0.0,0.0
2023-01-19 14:30:00-05:00,7.690000057220459,7.69890022277832,7.664999961853027,7.670000076293945,22753,0.0,0.0
2023-01-19 15:30:00-05:00,7.670000076293945,7.670000076293945,7.639999866485596,7.650000095367432,17593,0.0,0.0
2023-01-20 09:30:00-05:00,7.659999847412109,7.699999809265137,7.650100231170654,7.690000057220459,42443,0.0,0.0
2023-01-20 10:30:00-05:00,7.690000057220459,7.690000057220459,7.670000076293945,7.6875,26228,0.0,0.0
2023-01-20 11:30:00-05:00,7.684999942779541,7.75,7.675000190734863,7.690999984741211,61835,0.0,0.0
2023-01-20 12:30:00-05:00,7.695899963378906,7.699999809265137,7.675000190734863,7.684999942779541,32927,0.0,0.0
2023-01-20 13:30:00-05:00,7.695000171661377,7.710000038146973,7.690000057220459,7.704999923706055,42920,0.0,0.0
2023-01-20 14:30:00-05:00,7.7058000564575195,7.710000038146973,7.699999809265137,7.704999923706055,20442,0.0,0.0
2023-01-20 15:30:00-05:00,7.704999923706055,7.710000038146973,7.690000057220459,7.704999923706055,22829,0.0,0.0
2023-01-23 09:30:00-05:00,7.659999847412109,7.769999980926514,7.644599914550781,7.71999979019165,132446,0.0,0.0
2023-01-23 10:30:00-05:00,7.724899768829346,7.75,7.711699962615967,7.739999771118164,61319,0.0,0.0
2023-01-23 11:30:00-05:00,7.730000019073486,7.75,7.724999904632568,7.72730016708374,37636,0.0,0.0
2023-01-23 12:30:00-05:00,7.730000019073486,7.760000228881836,7.721799850463867,7.760000228881836,16157,0.0,0.0
2023-01-23 13:30:00-05:00,7.760000228881836,7.760000228881836,7.739999771118164,7.744999885559082,21406,0.0,0.0
2023-01-23 14:30:00-05:00,7.741099834442139,7.741099834442139,7.710000038146973,7.739999771118164,24819,0.0,0.0
2023-01-23 15:30:00-05:00,7.730000019073486,7.760000228881836,7.724699974060059,7.755000114440918,11865,0.0,0.0
2023-01-24 09:30:00-05:00,7.710000038146973,7.829999923706055,7.650000095367432,7.755000114440918,58802,0.0,0.0
2023-01-24 10:30:00-05:00,7.755000114440918,7.784999847412109,7.744999885559082,7.78000020980835,34391,0.0,0.0
2023-01-24 11:30:00-05:00,7.787300109863281,7.789999961853027,7.769999980926514,7.784999847412109,25136,0.0,0.0
2023-01-24 12:30:00-05:00,7.784999847412109,7.789999961853027,7.760000228881836,7.769999980926514,16723,0.0,0.0
2023-01-24 13:30:00-05:00,7.764999866485596,7.78000020980835,7.730000019073486,7.739999771118164,18539,0.0,0.0
2023-01-24 14:30:00-05:00,7.735000133514404,7.760000228881836,7.730000019073486,7.739999771118164,21887,0.0,0.0
2023-01-24 15:30:00-05:00,7.730000019073486,7.739999771118164,7.710000038146973,7.739999771118164,18611,0.0,0.0
2023-01-25 09:30:00-05:00,7.710000038146973,7.715000152587891,7.659999847412109,7.690000057220459,72890,0.0,0.0
2023-01-25 10:30:00-05:00,7.690000057220459,7.690000057220459,7.65500020980835,7.670000076293945,14813,0.0,0.0
2023-01-25 11:30:00-05:00,7.679999828338623,7.690000057220459,7.675000190734863,7.684999942779541,22796,0.0,0.0
2023-01-25 12:30:00-05:00,7.682199954986572,7.710000038146973,7.679999828338623,7.710000038146973,12477,0.0,0.0
2023-01-25 13:30:00-05:00,7.703999996185303,7.710000038146973,7.679999828338623,7.690000057220459,63572,0.0,0.0
2023-01-25 14:30:00-05:00,7.684999942779541,7.699999809265137,7.680099964141846,7.695000171661377,29638,0.0,0.0
2023-01-25 15:30:00-05:00,7.699999809265137,7.704999923706055,7.690000057220459,7.699999809265137,17284,0.0,0.0
2023-01-26 09:30:00-05:00,7.75,7.784999847412109,7.699999809265137,7.739999771118164,0,0.0,0.0
2023-01-26 10:30:00-05:00,7.739999771118164,7.739999771118164,7.71999979019165,7.730000019073486,28546,0.0,0.0
2023-01-26 11:30:00-05:00,7.730000019073486,7.730999946594238,7.699999809265137,7.699999809265137,28937,0.0,0.0
2023-01-26 12:30:00-05:00,7.699999809265137,7.730000019073486,7.699999809265137,7.724999904632568,30711,0.0,0.0
2023-01-26 13:30:00-05:00,7.71999979019165,7.739999771118164,7.71999979019165,7.724999904632568,24923,0.0,0.0
2023-01-26 14:30:00-05:00,7.71999979019165,7.730000019073486,7.690000057220459,7.730000019073486,15374,0.0,0.0
2023-01-26 15:30:00-05:00,7.728000164031982,7.739999771118164,7.710000038146973,7.739999771118164,18236,0.0,0.0
2023-01-27 09:30:00-05:00,7.730000019073486,7.769999980926514,7.713900089263916,7.751500129699707,0,0.0,0.0
2023-01-27 10:30:00-05:00,7.743000030517578,7.760000228881836,7.739999771118164,7.758999824523926,13843,0.0,0.0
2023-01-27 11:30:00-05:00,7.769999980926514,7.769999980926514,7.730000019073486,7.730000019073486,38591,0.0,0.0
2023-01-27 12:30:00-05:00,7.730000019073486,7.75,7.710000038146973,7.710000038146973,28588,0.0,0.0
2023-01-27 13:30:00-05:00,7.710000038146973,7.75,7.710000038146973,7.7399001121521,32882,0.0,0.0
2023-01-27 14:30:00-05:00,7.744999885559082,7.75,7.710000038146973,7.730000019073486,55496,0.0,0.0
2023-01-27 15:30:00-05:00,7.730000019073486,7.739999771118164,7.690000057220459,7.71999979019165,21540,0.0,0.0
2023-01-30 09:30:00-05:00,7.699999809265137,7.75,7.699999809265137,7.75,40625,0.0,0.0
2023-01-30 10:30:00-05:00,7.75,7.75,7.710000038146973,7.730000019073486,16157,0.0,0.0
2023-01-30 11:30:00-05:00,7.730000019073486,7.75,7.723999977111816,7.730000019073486,34108,0.0,0.0
2023-01-30 12:30:00-05:00,7.730000019073486,7.739999771118164,7.699999809265137,7.71999979019165,42301,0.0,0.0
2023-01-30 13:30:00-05:00,7.71999979019165,7.730000019073486,7.699999809265137,7.71999979019165,20593,0.0,0.0
2023-01-30 14:30:00-05:00,7.710000038146973,7.713399887084961,7.695000171661377,7.695000171661377,16193,0.0,0.0
2023-01-30 15:30:00-05:00,7.699999809265137,7.730000019073486,7.699999809265137,7.71999979019165,48231,0.0,0.0
2023-01-31 09:30:00-05:00,7.789999961853027,7.789999961853027,7.71999979019165,7.755000114440918,95481,0.0,0.0
2023-01-31 10:30:00-05:00,7.760000228881836,7.769899845123291,7.75,7.764999866485596,35266,0.0,0.0
2023-01-31 11:30:00-05:00,7.760000228881836,7.769100189208984,7.760000228881836,7.760000228881836,20026,0.0,0.0
2023-01-31 12:30:00-05:00,7.764999866485596,7.769999980926514,7.760000228881836,7.764999866485596,46451,0.0,0.0
2023-01-31 13:30:00-05:00,7.764999866485596,7.789999961853027,7.760000228881836,7.78000020980835,42643,0.0,0.0
2023-01-31 14:30:00-05:00,7.78000020980835,7.789999961853027,7.769999980926514,7.78000020980835,15706,0.0,0.0
2023-01-31 15:30:00-05:00,7.78000020980835,7.800000190734863,7.769999980926514,7.795000076293945,24822,0.0,0.0
2023-02-01 09:30:00-05:00,7.800000190734863,7.800000190734863,7.7779998779296875,7.789999961853027,44310,0.0,0.0
2023-02-01 10:30:00-05:00,7.796000003814697,7.809999942779541,7.789999961853027,7.809999942779541,13437,0.0,0.0
2023-02-01 11:30:00-05:00,7.815000057220459,7.829999923706055,7.801000118255615,7.809999942779541,29644,0.0,0.0
2023-02-01 12:30:00-05:00,7.809999942779541,7.809999942779541,7.800099849700928,7.809999942779541,11707,0.0,0.0
2023-02-01 13:30:00-05:00,7.809999942779541,7.869999885559082,7.809999942779541,7.840000152587891,49480,0.0,0.0
2023-02-01 14:30:00-05:00,7.829999923706055,7.980000019073486,7.800000190734863,7.974999904632568,158369,0.0,0.0
2023-02-01 15:30:00-05:00,7.980000019073486,7.994999885559082,7.889999866485596,7.914999961853027,30198,0.0,0.0
2023-02-02 09:30:00-05:00,8.0,8.069999694824219,7.980000019073486,8.030099868774414,185815,0.0,0.0
2023-02-02 10:30:00-05:00,8.039999961853027,8.0600004196167,8.039999961853027,8.054699897766113,9562,0.0,0.0
2023-02-02 11:30:00-05:00,8.0600004196167,8.079999923706055,8.05270004272461,8.069999694824219,30472,0.0,0.0
2023-02-02 12:30:00-05:00,8.076299667358398,8.104999542236328,8.076299667358398,8.104999542236328,64723,0.0,0.0
2023-02-02 13:30:00-05:00,8.109999656677246,8.109999656677246,8.039999961853027,8.04889965057373,33030,0.0,0.0
2023-02-02 14:30:00-05:00,8.039999961853027,8.039999961853027,8.029999732971191,8.03499984741211,102665,0.0,0.0
2023-02-02 15:30:00-05:00,8.030099868774414,8.050000190734863,8.029999732971191,8.050000190734863,21752,0.0,0.0
2023-02-03 09:30:00-05:00,8.0,8.029999732971191,7.96999979019165,8.0,0,0.0,0.0
2023-02-03 10:30:00-05:00,8.005000114440918,8.0600004196167,7.9934000968933105,8.050000190734863,37902,0.0,0.0
2023-02-03 11:30:00-05:00,8.055000305175781,8.055000305175781,8.029999732971191,8.048299789428711,14070,0.0,0.0
2023-02-03 12:30:00-05:00,8.050000190734863,8.050000190734863,8.029999732971191,8.039999961853027,35672,0.0,0.0
2023-02-03 13:30:00-05:00,8.039999961853027,8.045000076293945,8.029999732971191,8.032600402832031,82686,0.0,0.0
2023-02-03 14:30:00-05:00,8.029999732971191,8.04990005493164,8.029999732971191,8.029999732971191,18622,0.0,0.0
2023-02-03 15:30:00-05:00,8.038999557495117,8.039999961853027,8.029999732971191,8.03499984741211,11166,0.0,0.0
2023-02-06 09:30:00-05:00,8.0,8.010000228881836,7.974999904632568,7.974999904632568,31011,0.0,0.0
2023-02-06 10:30:00-05:00,7.96999979019165,7.994999885559082,7.952300071716309,7.989999771118164,7638,0.0,0.0
2023-02-06 11:30:00-05:00,7.980000019073486,7.989999771118164,7.980000019073486,7.989999771118164,26177,0.0,0.0
2023-02-06 12:30:00-05:00,7.989999771118164,7.989999771118164,7.974999904632568,7.985000133514404,20693,0.0,0.0
2023-02-06 13:30:00-05:00,7.985000133514404,7.985000133514404,7.949999809265137,7.968699932098389,15001,0.0,0.0
2023-02-06 14:30:00-05:00,7.960000038146973,7.967700004577637,7.929999828338623,7.940000057220459,19627,0.0,0.0
2023-02-06 15:30:00-05:00,7.949999809265137,7.989999771118164,7.945000171661377,7.989999771118164,25620,0.0,0.0
2023-02-07 09:30:00-05:00,7.989999771118164,8.0,7.980000019073486,8.0,0,0.0,0.0
2023-02-07 10:30:00-05:00,7.994999885559082,8.0,7.989999771118164,8.0,16576,0.0,0.0
2023-02-07 11:30:00-05:00,7.998700141906738,8.050000190734863,7.994999885559082,8.045000076293945,55407,0.0,0.0
2023-02-07 12:30:00-05:00,8.045000076293945,8.119999885559082,8.039999961853027,8.050000190734863,44929,0.0,0.0
2023-02-07 13:30:00-05:00,8.041899681091309,8.069999694824219,8.029999732971191,8.0649995803833,65436,0.0,0.0
2023-02-07 14:30:00-05:00,8.069999694824219,8.069999694824219,8.04010009765625,8.055000305175781,43045,0.0,0.0
2023-02-07 15:30:00-05:00,8.0600004196167,8.079999923706055,8.050000190734863,8.0600004196167,14879,0.0,0.0
2023-02-08 09:30:00-05:00,8.069999694824219,8.09000015258789,8.050100326538086,8.09000015258789,0,0.0,0.0
2023-02-08 10:30:00-05:00,8.085000038146973,8.085000038146973,8.046699523925781,8.050000190734863,14658,0.0,0.0
2023-02-08 11:30:00-05:00,8.045000076293945,8.050000190734863,8.02810001373291,8.039999961853027,27068,0.0,0.0
2023-02-08 12:30:00-05:00,8.039999961853027,8.049599647521973,8.03320026397705,8.045000076293945,6551,0.0,0.0
2023-02-08 13:30:00-05:00,8.045000076293945,8.109999656677246,8.045000076293945,8.095000267028809,74330,0.0,0.0
2023-02-08 14:30:00-05:00,8.09000015258789,8.119999885559082,8.09000015258789,8.119999885559082,33791,0.0,0.0
2023-02-08 15:30:00-05:00,8.114999771118164,8.140000343322754,8.100099563598633,8.130000114440918,86687,0.0,0.0
2023-02-09 09:30:00-05:00,8.199999809265137,8.23009967803955,8.170000076293945,8.170000076293945,26953,0.0,0.0
2023-02-09 10:30:00-05:00,8.170000076293945,8.180000305175781,8.140000343322754,8.170000076293945,111819,0.0,0.0
2023-02-09 11:30:00-05:00,8.170000076293945,8.1899995803833,8.168700218200684,8.1899995803833,11191,0.0,0.0
2023-02-09 12:30:00-05:00,8.180000305175781,8.180000305175781,8.140000343322754,8.149999618530273,6909,0.0,0.0
2023-02-09 13:30:00-05:00,8.154999732971191,8.15999984741211,8.100000381469727,8.100000381469727,12038,0.0,0.0
2023-02-09 14:30:00-05:00,8.109999656677246,8.109999656677246,8.069999694824219,8.069999694824219,13115,0.0,0.0
2023-02-09 15:30:00-05:00,8.074999809265137,8.099100112915039,8.069999694824219,8.079999923706055,8243,0.0,0.0
2023-02-10 09:30:00-05:00,8.109999656677246,8.140000343322754,8.085000038146973,8.130000114440918,0,0.0,0.0
2023-02-10 10:30:00-05:00,8.130000114440918,8.130000114440918,8.095000267028809,8.109999656677246,22158,0.0,0.0
2023-02-10 11:30:00-05:00,8.104999542236328,8.109999656677246,8.0649995803833,8.0649995803833,13438,0.0,0.0
2023-02-10 12:30:00-05:00,8.069999694824219,8.109999656677246,8.0693998336792,8.102800369262695,6929,0.0,0.0
2023-02-10 13:30:00-05:00,8.100000381469727,8.109999656677246,8.085000038146973,8.100000381469727,14799,0.0,0.0
2023-02-10 14:30:00-05:00,8.095000267028809,8.130000114440918,8.090100288391113,8.104999542236328,41570,0.0,0.0
2023-02-10 15:30:00-05:00,8.100099563598633,8.119999885559082,8.090999603271484,8.119999885559082,11128,0.0,0.0
2023-02-13 09:30:00-05:00,8.15999984741211,8.289999961853027,8.140000343322754,8.270000457763672,114438,0.0,0.0
2023-02-13 10:30:00-05:00,8.270000457763672,8.270000457763672,8.210000038146973,8.220000267028809,38513,0.0,0.0
2023-02-13 11:30:00-05:00,8.21500015258789,8.229999542236328,8.1899995803833,8.1899995803833,22273,0.0,0.0
2023-02-13 12:30:00-05:00,8.1899995803833,8.194999694824219,8.140000343322754,8.15999984741211,24470,0.0,0.0
2023-02-13 13:30:00-05:00,8.15999984741211,8.175000190734863,8.104999542236328,8.114999771118164,27417,0.0,0.0
2023-02-13 14:30:00-05:00,8.118900299072266,8.118900299072266,8.071000099182129,8.100000381469727,38089,0.0,0.0
2023-02-13 15:30:00-05:00,8.100000381469727,8.130000114440918,8.079999923706055,8.100000381469727,15375,0.0,0.0
2023-02-14 09:30:00-05:00,8.109999656677246,8.270000457763672,8.109999656677246,8.229999542236328,36988,0.0,0.0
2023-02-14 10:30:00-05:00,8.225000381469727,8.225000381469727,8.130000114440918,8.130000114440918,9040,0.0,0.0
2023-02-14 11:30:00-05:00,8.119999885559082,8.129899978637695,8.079999923706055,8.09000015258789,28909,0.0,0.0
2023-02-14 12:30:00-05:00,8.079999923706055,8.105999946594238,8.0600004196167,8.105999946594238,24954,0.0,0.0
2023-02-14 13:30:00-05:00,8.109100341796875,8.109100341796875,8.071000099182129,8.071000099182129,9078,0.0,0.0
2023-02-14 14:30:00-05:00,8.09000015258789,8.095000267028809,8.079999923706055,8.085000038146973,8833,0.0,0.0
2023-02-14 15:30:00-05:00,8.09000015258789,8.095000267028809,8.069999694824219,8.09000015258789,18824,0.0,0.0
2023-02-15 09:30:00-05:00,8.09000015258789,8.170000076293945,8.09000015258789,8.130000114440918,45833,0.0,0.0
2023-02-15 10:30:00-05:00,8.134900093078613,8.149999618530273,8.130399703979492,8.133000373840332,16041,0.0,0.0
2023-02-15 11:30:00-05:00,8.130000114440918,8.145000457763672,8.130000114440918,8.140000343322754,13413,0.0,0.0
2023-02-15 12:30:00-05:00,8.140000343322754,8.140000343322754,8.069999694824219,8.069999694824219,40019,0.0,0.0
2023-02-15 13:30:00-05:00,8.069999694824219,8.079999923706055,8.0600004196167,8.0649995803833,30735,0.0,0.0
2023-02-15 14:30:00-05:00,8.065899848937988,8.069999694824219,8.031000137329102,8.045000076293945,46237,0.0,0.0
2023-02-15 15:30:00-05:00,8.041199684143066,8.074999809265137,8.041099548339844,8.069999694824219,23724,0.0,0.0
2023-02-16 09:30:00-05:00,8.050000190734863,8.109999656677246,8.030500411987305,8.0600004196167,0,0.0,0.0
2023-02-16 10:30:00-05:00,8.0649995803833,8.079999923706055,8.0423002243042,8.055000305175781,16467,0.0,0.0
2023-02-16 11:30:00-05:00,8.055000305175781,8.0600004196167,8.029999732971191,8.03499984741211,10628,0.0,0.0
2023-02-16 12:30:00-05:00,8.039999961853027,8.081999778747559,8.030099868774414,8.061100006103516,11294,0.0,0.0
2023-02-16 13:30:00-05:00,8.0600004196167,8.079999923706055,8.0600004196167,8.069999694824219,9568,0.0,0.0
2023-02-16 14:30:00-05:00,8.079999923706055,8.09000015258789,8.0,8.0,136734,0.0,0.0
2023-02-16 15:30:00-05:00,8.0,8.0,7.96999979019165,7.96999979019165,47739,0.0,0.0
2023-02-17 09:30:00-05:00,7.96999979019165,8.020000457763672,7.920000076293945,7.960000038146973,134419,0.0,0.0
2023-02-17 10:30:00-05:00,7.960000038146973,7.965000152587891,7.920000076293945,7.930099964141846,14590,0.0,0.0
2023-02-17 11:30:00-05:00,7.940000057220459,7.949999809265137,7.920100212097168,7.929999828338623,11568,0.0,0.0
2023-02-17 12:30:00-05:00,7.925000190734863,7.934999942779541,7.909999847412109,7.934999942779541,22967,0.0,0.0
2023-02-17 13:30:00-05:00,7.934800148010254,7.960000038146973,7.929999828338623,7.954999923706055,15630,0.0,0.0
2023-02-17 14:30:00-05:00,7.9567999839782715,7.974999904632568,7.954999923706055,7.962299823760986,16214,0.0,0.0
2023-02-17 15:30:00-05:00,7.965000152587891,7.968999862670898,7.949999809265137,7.954999923706055,8919,0.0,0.0
2023-02-21 09:30:00-05:00,7.820000171661377,7.880000114440918,7.820000171661377,7.821499824523926,60802,0.0,0.0
2023-02-21 10:30:00-05:00,7.829999923706055,7.860000133514404,7.829999923706055,7.835000038146973,27054,0.0,0.0
2023-02-21 11:30:00-05:00,7.835000038146973,7.835000038146973,7.800000190734863,7.800000190734863,26268,0.0,0.0
2023-02-21 12:30:00-05:00,7.800000190734863,7.820000171661377,7.784999847412109,7.784999847412109,27234,0.0,0.0
2023-02-21 13:30:00-05:00,7.78000020980835,7.784999847412109,7.769999980926514,7.771599769592285,16951,0.0,0.0
2023-02-21 14:30:00-05:00,7.78000020980835,7.795000076293945,7.769999980926514,7.775000095367432,16269,0.0,0.0
2023-02-21 15:30:00-05:00,7.78000020980835,7.795000076293945,7.769999980926514,7.769999980926514,9269,0.0,0.0
2023-02-22 09:30:00-05:00,7.730000019073486,7.789999961853027,7.730000019073486,7.77400016784668,61078,0.0,0.0
2023-02-22 10:30:00-05:00,7.760000228881836,7.789899826049805,7.755000114440918,7.78000020980835,14033,0.0,0.0
2023-02-22 11:30:00-05:00,7.78000020980835,7.820000171661377,7.760000228881836,7.820000171661377,47311,0.0,0.0
2023-02-22 12:30:00-05:00,7.815000057220459,7.820000171661377,7.809999942779541,7.815000057220459,12637,0.0,0.0
2023-02-22 13:30:00-05:00,7.815000057220459,7.816999912261963,7.769999980926514,7.78000020980835,22436,0.0,0.0
2023-02-22 14:30:00-05:00,7.769999980926514,7.769999980926514,7.730000019073486,7.744999885559082,16335,0.0,0.0
2023-02-22 15:30:00-05:00,7.730000019073486,7.760000228881836,7.71999979019165,7.75,21595,0.0,0.0
2023-02-23 09:30:00-05:00,7.800000190734863,7.824699878692627,7.71999979019165,7.809999942779541,0,0.0,0.0
2023-02-23 10:30:00-05:00,7.809999942779541,7.818999767303467,7.755000114440918,7.758999824523926,15258,0.0,0.0
2023-02-23 11:30:00-05:00,7.760000228881836,7.764999866485596,7.730100154876709,7.744999885559082,18588,0.0,0.0
2023-02-23 12:30:00-05:00,7.739999771118164,7.739999771118164,7.71999979019165,7.724999904632568,6095,0.0,0.0
2023-02-23 13:30:00-05:00,7.724999904632568,7.760000228881836,7.71999979019165,7.760000228881836,9298,0.0,0.0
2023-02-23 14:30:00-05:00,7.769999980926514,7.789999961853027,7.769999980926514,7.789999961853027,15629,0.0,0.0
2023-02-23 15:30:00-05:00,7.789999961853027,7.789999961853027,7.769999980926514,7.78000020980835,6350,0.0,0.0
2023-02-24 09:30:00-05:00,7.75,7.755000114440918,7.710100173950195,7.739999771118164,514,0.0,0.0
2023-02-24 10:30:00-05:00,7.735000133514404,7.760000228881836,7.71999979019165,7.759900093078613,20094,0.0,0.0
2023-02-24 11:30:00-05:00,7.755000114440918,7.769999980926514,7.699999809265137,7.735000133514404,53060,0.0,0.0
2023-02-24 12:30:00-05:00,7.735000133514404,7.739999771118164,7.699999809265137,7.71999979019165,16875,0.0,0.0
2023-02-24 13:30:00-05:00,7.71999979019165,7.75,7.71999979019165,7.744999885559082,13182,0.0,0.0
2023-02-24 14:30:00-05:00,7.739999771118164,7.744999885559082,7.724999904632568,7.739999771118164,4528,0.0,0.0
2023-02-24 15:30:00-05:00,7.7322998046875,7.755000114440918,7.710000038146973,7.730000019073486,2689,0.0,0.0
2023-02-27 09:30:00-05:00,7.789999961853027,7.849999904632568,7.78000020980835,7.815000057220459,0,0.0,0.0
2023-02-27 10:30:00-05:00,7.815000057220459,7.815000057220459,7.760000228881836,7.789999961853027,40131,0.0,0.0
2023-02-27 11:30:00-05:00,7.78000020980835,7.789899826049805,7.769999980926514,7.769999980926514,10149,0.0,0.0
2023-02-27 12:30:00-05:00,7.769999980926514,7.78000020980835,7.760000228881836,7.775000095367432,17057,0.0,0.0
2023-02-27 13:30:00-05:00,7.771999835968018,7.771999835968018,7.771999835968018,7.771999835968018,900,0.0,0.0
2023-02-27 14:30:00-05:00,7.7754998207092285,7.78000020980835,7.744999885559082,7.75,62155,0.0,0.0
2023-02-27 15:30:00-05:00,7.744999885559082,7.800000190734863,7.744999885559082,7.78000020980835,52492,0.0,0.0
2023-02-28 09:30:00-05:00,7.809999942779541,7.809999942779541,7.760000228881836,7.800000190734863,48367,0.0,0.0
2023-02-28 10:30:00-05:00,7.78000020980835,7.815000057220459,7.78000020980835,7.808899879455566,4407,0.0,0.0
2023-02-28 11:30:00-05:00,7.8069000244140625,7.820000171661377,7.783699989318848,7.8130998611450195,16871,0.0,0.0
2023-02-28 12:30:00-05:00,7.8155999183654785,7.829999923706055,7.808599948883057,7.829999923706055,12743,0.0,0.0
2023-02-28 13:30:00-05:00,7.829999923706055,7.829999923706055,7.809999942779541,7.820000171661377,17399,0.0,0.0
2023-02-28 14:30:00-05:00,7.809999942779541,7.820000171661377,7.769999980926514,7.769999980926514,26357,0.0,0.0
2023-02-28 15:30:00-05:00,7.775000095367432,7.789999961853027,7.769999980926514,7.784999847412109,26487,0.0,0.0
2023-03-01 09:30:00-05:00,7.789999961853027,7.829999923706055,7.78000020980835,7.78000020980835,36364,0.0,0.0
2023-03-01 10:30:00-05:00,7.789999961853027,7.820000171661377,7.760000228881836,7.769999980926514,24187,0.0,0.0
2023-03-01 11:30:00-05:00,7.769999980926514,7.800000190734863,7.760000228881836,7.78000020980835,11332,0.0,0.0
2023-03-01 12:30:00-05:00,7.78000020980835,7.8155999183654785,7.78000020980835,7.804999828338623,13603,0.0,0.0
2023-03-01 13:30:00-05:00,7.800000190734863,7.809999942779541,7.784999847412109,7.795000076293945,21068,0.0,0.0
2023-03-01 14:30:00-05:00,7.789999961853027,7.789999961853027,7.760000228881836,7.775000095367432,11395,0.0,0.0
2023-03-01 15:30:00-05:00,7.775000095367432,7.78000020980835,7.769999980926514,7.78000020980835,11084,0.0,0.0
2023-03-02 09:30:00-05:00,7.769999980926514,7.769999980926514,7.721499919891357,7.764999866485596,0,0.0,0.0
2023-03-02 10:30:00-05:00,7.769999980926514,7.78000020980835,7.760000228881836,7.760000228881836,9721,0.0,0.0
2023-03-02 11:30:00-05:00,7.764999866485596,7.78000020980835,7.76200008392334,7.775000095367432,17315,0.0,0.0
2023-03-02 12:30:00-05:00,7.775000095367432,7.789999961853027,7.775000095367432,7.789999961853027,15967,0.0,0.0
2023-03-02 13:30:00-05:00,7.78000020980835,7.800000190734863,7.769999980926514,7.789999961853027,13536,0.0,0.0
2023-03-02 14:30:00-05:00,7.795000076293945,7.795499801635742,7.789999961853027,7.795000076293945,9038,0.0,0.0
2023-03-02 15:30:00-05:00,7.800000190734863,7.824999809265137,7.800000190734863,7.809999942779541,12167,0.0,0.0
2023-03-03 09:30:00-05:00,7.860000133514404,7.875,7.840000152587891,7.869999885559082,0,0.0,0.0
2023-03-03 10:30:00-05:00,7.870100021362305,7.880000114440918,7.861100196838379,7.861100196838379,6361,0.0,0.0
2023-03-03 11:30:00-05:00,7.875,7.880000114440918,7.849999904632568,7.869900226593018,39469,0.0,0.0
2023-03-03 12:30:00-05:00,7.864999771118164,7.889999866485596,7.864999771118164,7.885000228881836,11785,0.0,0.0
2023-03-03 13:30:00-05:00,7.885000228881836,7.885000228881836,7.860000133514404,7.879899978637695,20161,0.0,0.0
2023-03-03 14:30:00-05:00,7.87939977645874,7.880000114440918,7.869999885559082,7.871300220489502,6584,0.0,0.0
2023-03-03 15:30:00-05:00,7.871500015258789,7.880000114440918,7.840000152587891,7.864999771118164,13570,0.0,0.0
2023-03-06 09:30:00-05:00,7.900000095367432,7.920000076293945,7.900000095367432,7.914999961853027,0,0.0,0.0
2023-03-06 10:30:00-05:00,7.914999961853027,7.929100036621094,7.914999961853027,7.920000076293945,7412,0.0,0.0
2023-03-06 11:30:00-05:00,7.909999847412109,7.909999847412109,7.900000095367432,7.900000095367432,9405,0.0,0.0
2023-03-06 12:30:00-05:00,7.909999847412109,7.909999847412109,7.889999866485596,7.90500020980835,16477,0.0,0.0
2023-03-06 13:30:00-05:00,7.90500020980835,7.909999847412109,7.889999866485596,7.889999866485596,13761,0.0,0.0
2023-03-06 14:30:00-05:00,7.889999866485596,7.894999980926514,7.880000114440918,7.880000114440918,11595,0.0,0.0
2023-03-06 15:30:00-05:00,7.880000114440918,7.889800071716309,7.860000133514404,7.869999885559082,20794,0.0,0.0
2023-03-07 09:30:00-05:00,7.880000114440918,7.880000114440918,7.820000171661377,7.840700149536133,0,0.0,0.0
2023-03-07 10:30:00-05:00,7.860000133514404,7.86899995803833,7.800000190734863,7.817399978637695,8188,0.0,0.0
2023-03-07 11:30:00-05:00,7.802700042724609,7.835000038146973,7.795000076293945,7.829999923706055,13110,0.0,0.0
2023-03-07 12:30:00-05:00,7.828000068664551,7.839900016784668,7.7967000007629395,7.797999858856201,16731,0.0,0.0
2023-03-07 13:30:00-05:00,7.794899940490723,7.809999942779541,7.7779998779296875,7.7779998779296875,8692,0.0,0.0
2023-03-07 14:30:00-05:00,7.779699802398682,7.78879976272583,7.760000228881836,7.779099941253662,23468,0.0,0.0
2023-03-07 15:30:00-05:00,7.775000095367432,7.779200077056885,7.760000228881836,7.769999980926514,13852,0.0,0.0
2023-03-08 09:30:00-05:00,7.760000228881836,7.789999961853027,7.75,7.760000228881836,16391,0.0,0.0
2023-03-08 10:30:00-05:00,7.769999980926514,7.795000076293945,7.764999866485596,7.789999961853027,30046,0.0,0.0
2023-03-08 11:30:00-05:00,7.78000020980835,7.79010009765625,7.75,7.75,20727,0.0,0.0
2023-03-08 12:30:00-05:00,7.75,7.769899845123291,7.730000019073486,7.730000019073486,14088,0.0,0.0
2023-03-08 13:30:00-05:00,7.730000019073486,7.744999885559082,7.724999904632568,7.730000019073486,21730,0.0,0.0
2023-03-08 14:30:00-05:00,7.730000019073486,7.735000133514404,7.710000038146973,7.710000038146973,24925,0.0,0.0
2023-03-08 15:30:00-05:00,7.715000152587891,7.760000228881836,7.715000152587891,7.739999771118164,14863,0.0,0.0
2023-03-09 09:30:00-05:00,7.760000228881836,7.77869987487793,7.730000019073486,7.75,0,0.0,0.0
2023-03-09 10:30:00-05:00,7.75,7.764999866485596,7.739999771118164,7.744999885559082,29209,0.0,0.0
2023-03-09 11:30:00-05:00,7.744999885559082,7.75,7.730000019073486,7.730000019073486,17949,0.0,0.0
2023-03-09 12:30:00-05:00,7.730000019073486,7.73859977722168,7.702600002288818,7.702600002288818,16914,0.0,0.0
2023-03-09 13:30:00-05:00,7.699999809265137,7.699999809265137,7.659999847412109,7.675000190734863,43545,0.0,0.0
2023-03-09 14:30:00-05:00,7.675000190734863,7.675000190734863,7.590000152587891,7.590000152587891,26363,0.0,0.0
2023-03-09 15:30:00-05:00,7.590000152587891,7.639999866485596,7.585000038146973,7.630000114440918,21460,0.0,0.0
2023-03-10 09:30:00-05:00,7.599999904632568,7.630000114440918,7.5817999839782715,7.599999904632568,22015,0.0,0.0
2023-03-10 10:30:00-05:00,7.599999904632568,7.659999847412109,7.590000152587891,7.652100086212158,12907,0.0,0.0
2023-03-10 11:30:00-05:00,7.666299819946289,7.666299819946289,7.599999904632568,7.599999904632568,17025,0.0,0.0
2023-03-10 12:30:00-05:00,7.599999904632568,7.619999885559082,7.519999980926514,7.519999980926514,38142,0.0,0.0
2023-03-10 13:30:00-05:00,7.514999866485596,7.53000020980835,7.5,7.510000228881836,58259,0.0,0.0
2023-03-10 14:30:00-05:00,7.509900093078613,7.53000020980835,7.509900093078613,7.53000020980835,24225,0.0,0.0
2023-03-10 15:30:00-05:00,7.53000020980835,7.539999961853027,7.519999980926514,7.539999961853027,48548,0.0,0.0
2023-03-13 09:30:00-04:00,7.550000190734863,7.599999904632568,7.5,7.539999961853027,0,0.0,0.0
2023-03-13 10:30:00-04:00,7.550000190734863,7.619999885559082,7.539999961853027,7.619999885559082,36151,0.0,0.0
2023-03-13 11:30:00-04:00,7.610000133514404,7.610000133514404,7.570000171661377,7.579999923706055,15688,0.0,0.0
2023-03-13 12:30:00-04:00,7.590000152587891,7.590000152587891,7.545000076293945,7.550000190734863,9231,0.0,0.0
2023-03-13 13:30:00-04:00,7.557499885559082,7.607399940490723,7.557499885559082,7.590000152587891,9391,0.0,0.0
2023-03-13 14:30:00-04:00,7.605000019073486,7.605000019073486,7.545000076293945,7.545000076293945,14142,0.0,0.0
2023-03-13 15:30:00-04:00,7.539999961853027,7.559999942779541,7.519999980926514,7.525000095367432,13065,0.0,0.0
2023-03-14 09:30:00-04:00,7.679999828338623,7.710000038146973,7.650000095367432,7.699999809265137,38432,0.0,0.0
2023-03-14 10:30:00-04:00,7.695000171661377,7.769999980926514,7.690000057220459,7.71999979019165,41134,0.0,0.0
2023-03-14 11:30:00-04:00,7.730000019073486,7.739999771118164,7.679999828338623,7.679999828338623,25237,0.0,0.0
2023-03-14 12:30:00-04:00,7.690000057220459,7.690000057220459,7.630000114440918,7.639999866485596,17601,0.0,0.0
2023-03-14 13:30:00-04:00,7.639999866485596,7.659999847412109,7.590000152587891,7.599999904632568,42703,0.0,0.0
2023-03-14 14:30:00-04:00,7.610000133514404,7.619999885559082,7.580999851226807,7.590000152587891,9295,0.0,0.0
2023-03-14 15:30:00-04:00,7.599999904632568,7.644999980926514,7.590000152587891,7.630000114440918,21121,0.0,0.0
2023-03-15 09:30:00-04:00,7.559999942779541,7.570000171661377,7.510000228881836,7.510000228881836,26986,0.0,0.0
2023-03-15 10:30:00-04:00,7.510000228881836,7.519999980926514,7.505000114440918,7.519000053405762,11702,0.0,0.0
2023-03-15 11:30:00-04:00,7.510000228881836,7.510300159454346,7.4608001708984375,7.46999979019165,124926,0.0,0.0
2023-03-15 12:30:00-04:00,7.465000152587891,7.510000228881836,7.440000057220459,7.510000228881836,59373,0.0,0.0
2023-03-15 13:30:00-04:00,7.510000228881836,7.539999961853027,7.499899864196777,7.539999961853027,31848,0.0,0.0
2023-03-15 14:30:00-04:00,7.533400058746338,7.554999828338623,7.514999866485596,7.539999961853027,16950,0.0,0.0
2023-03-15 15:30:00-04:00,7.54010009765625,7.550000190734863,7.505000114440918,7.550000190734863,22913,0.0,0.0
2023-03-16 09:30:00-04:00,7.550000190734863,7.590000152587891,7.531400203704834,7.550000190734863,31952,0.0,0.0
2023-03-16 10:30:00-04:00,7.552700042724609,7.659999847412109,7.552700042724609,7.659999847412109,12870,0.0,0.0
2023-03-16 11:30:00-04:00,7.650000095367432,7.679999828338623,7.644599914550781,7.644999980926514,34046,0.0,0.0
2023-03-16 12:30:00-04:00,7.644999980926514,7.71999979019165,7.644999980926514,7.679999828338623,40251,0.0,0.0
2023-03-16 13:30:00-04:00,7.659999847412109,7.659999847412109,7.630000114440918,7.659999847412109,11890,0.0,0.0
2023-03-16 14:30:00-04:00,7.659999847412109,7.684999942779541,7.639999866485596,7.675000190734863,29348,0.0,0.0
2023-03-16 15:30:00-04:00,7.679999828338623,7.710000038146973,7.670000076293945,7.699999809265137,47087,0.0,0.0
2023-03-17 09:30:00-04:00,7.699999809265137,7.699999809265137,7.630000114440918,7.639999866485596,0,0.0,0.0
2023-03-17 10:30:00-04:00,7.639999866485596,7.659999847412109,7.620100021362305,7.639999866485596,16841,0.0,0.0
2023-03-17 11:30:00-04:00,7.639999866485596,7.650000095367432,7.590099811553955,7.59499979019165,11193,0.0,0.0
2023-03-17 12:30:00-04:00,7.599999904632568,7.630000114440918,7.599999904632568,7.625,13137,0.0,0.0
2023-03-17 13:30:00-04:00,7.619999885559082,7.630000114440918,7.590000152587891,7.590000152587891,1699,0.0,0.0
2023-03-17 14:30:00-04:00,7.590000152587891,7.639999866485596,7.589900016784668,7.6209001541137695,42337,0.0,0.0
2023-03-17 15:30:00-04:00,7.619999885559082,7.621099948883057,7.59499979019165,7.619999885559082,13354,0.0,0.0
2023-03-20 09:30:00-04:00,7.610000133514404,7.702700138092041,7.610000133514404,7.702700138092041,0,0.0,0.0
2023-03-20 10:30:00-04:00,7.71999979019165,7.724999904632568,7.706900119781494,7.715000152587891,11874,0.0,0.0
2023-03-20 11:30:00-04:00,7.710000038146973,7.71999979019165,7.659999847412109,7.659999847412109,9288,0.0,0.0
2023-03-20 12:30:00-04:00,7.670000076293945,7.718599796295166,7.670000076293945,7.718599796295166,6340,0.0,0.0
2023-03-20 13:30:00-04:00,7.710100173950195,7.719900131225586,7.690000057220459,7.710000038146973,6945,0.0,0.0
2023-03-20 14:30:00-04:00,7.710000038146973,7.710000038146973,7.6743998527526855,7.690000057220459,11074,0.0,0.0
2023-03-20 15:30:00-04:00,7.699900150299072,7.704999923706055,7.679999828338623,7.679999828338623,14575,0.0,0.0
2023-03-21 09:30:00-04:00,7.659999847412109,7.71999979019165,7.610300064086914,7.680200099945068,29193,0.0,0.0
2023-03-21 10:30:00-04:00,7.690000057220459,7.699999809265137,7.670000076293945,7.680799961090088,18960,0.0,0.0
2023-03-21 11:30:00-04:00,7.679999828338623,7.679999828338623,7.644999980926514,7.664999961853027,16452,0.0,0.0
2023-03-21 12:30:00-04:00,7.664999961853027,7.690000057220459,7.664999961853027,7.675000190734863,14487,0.0,0.0
2023-03-21 13:30:00-04:00,7.679999828338623,7.689899921417236,7.650000095367432,7.664999961853027,27450,0.0,0.0
2023-03-21 14:30:00-04:00,7.664999961853027,7.670000076293945,7.659999847412109,7.664999961853027,18088,0.0,0.0
2023-03-21 15:30:00-04:00,7.664999961853027,7.664999961853027,7.610000133514404,7.619999885559082,59673,0.0,0.0
2023-03-22 09:30:00-04:00,7.639999866485596,7.659999847412109,7.5767998695373535,7.65500020980835,22914,0.0,0.0
2023-03-22 10:30:00-04:00,7.676000118255615,7.677800178527832,7.635000228881836,7.644999980926514,8254,0.0,0.0
2023-03-22 11:30:00-04:00,7.64709997177124,7.64709997177124,7.605000019073486,7.605000019073486,3163,0.0,0.0
2023-03-22 12:30:00-04:00,7.599999904632568,7.610000133514404,7.59499979019165,7.610000133514404,13896,0.0,0.0
2023-03-22 13:30:00-04:00,7.6072998046875,7.630000114440918,7.59250020980835,7.6269001960754395,14224,0.0,0.0
2023-03-22 14:30:00-04:00,7.630000114440918,7.650000095367432,7.570000171661377,7.630000114440918,39249,0.0,0.0
2023-03-22 15:30:00-04:00,7.630000114440918,7.630000114440918,7.53000020980835,7.539999961853027,29468,0.0,0.0
2023-03-23 09:30:00-04:00,7.539999961853027,7.610000133514404,7.539999961853027,7.605000019073486,0,0.0,0.0
2023-03-23 10:30:00-04:00,7.600100040435791,7.670000076293945,7.599999904632568,7.659999847412109,22116,0.0,0.0
2023-03-23 11:30:00-04:00,7.649899959564209,7.650000095367432,7.614999771118164,7.6402997970581055,23059,0.0,0.0
2023-03-23 12:30:00-04:00,7.650000095367432,7.65500020980835,7.579999923706055,7.579999923706055,19681,0.0,0.0
2023-03-23 13:30:00-04:00,7.579999923706055,7.585000038146973,7.554999828338623,7.554999828338623,12951,0.0,0.0
2023-03-23 14:30:00-04:00,7.550000190734863,7.590000152587891,7.520299911499023,7.554999828338623,22267,0.0,0.0
2023-03-23 15:30:00-04:00,7.550000190734863,7.599999904632568,7.545000076293945,7.579999923706055,10514,0.0,0.0
2023-03-24 09:30:00-04:00,7.579999923706055,7.639999866485596,7.550000190734863,7.599999904632568,33634,0.0,0.0
2023-03-24 10:30:00-04:00,7.610000133514404,7.610000133514404,7.550000190734863,7.565000057220459,22176,0.0,0.0
2023-03-24 11:30:00-04:00,7.560999870300293,7.614999771118164,7.560999870300293,7.579999923706055,13950,0.0,0.0
2023-03-24 12:30:00-04:00,7.579999923706055,7.60290002822876,7.579999923706055,7.599999904632568,8081,0.0,0.0
2023-03-24 13:30:00-04:00,7.610000133514404,7.650000095367432,7.610000133514404,7.635000228881836,31568,0.0,0.0
2023-03-24 14:30:00-04:00,7.639999866485596,7.659999847412109,7.603600025177002,7.659999847412109,15075,0.0,0.0
2023-03-24 15:30:00-04:00,7.65500020980835,7.659999847412109,7.635000228881836,7.650000095367432,9292,0.0,0.0
2023-03-27 09:30:00-04:00,7.699999809265137,7.699999809265137,7.641600131988525,7.650000095367432,45693,0.0,0.0
2023-03-27 10:30:00-04:00,7.659900188446045,7.659999847412109,7.631100177764893,7.632400035858154,12168,0.0,0.0
2023-03-27 11:30:00-04:00,7.639999866485596,7.649899959564209,7.630000114440918,7.630099773406982,4798,0.0,0.0
2023-03-27 12:30:00-04:00,7.650000095367432,7.670000076293945,7.638199806213379,7.670000076293945,11489,0.0,0.0
2023-03-27 13:30:00-04:00,7.659999847412109,7.679999828338623,7.659999847412109,7.675000190734863,26668,0.0,0.0
2023-03-27 14:30:00-04:00,7.675000190734863,7.679999828338623,7.6697001457214355,7.679999828338623,14531,0.0,0.0
2023-03-27 15:30:00-04:00,7.679999828338623,7.690000057220459,7.65500020980835,7.659999847412109,29024,0.0,0.0
2023-03-28 09:30:00-04:00,7.619999885559082,7.650000095367432,7.605000019073486,7.619999885559082,0,0.0,0.0
2023-03-28 10:30:00-04:00,7.614999771118164,7.639400005340576,7.599999904632568,7.614999771118164,30806,0.0,0.0
2023-03-28 11:30:00-04:00,7.610099792480469,7.659999847412109,7.59499979019165,7.635000228881836,49935,0.0,0.0
2023-03-28 12:30:00-04:00,7.619999885559082,7.639400005340576,7.619999885559082,7.639400005340576,3022,0.0,0.0
2023-03-28 13:30:00-04:00,7.630000114440918,7.630000114440918,7.610000133514404,7.610000133514404,2690,0.0,0.0
2023-03-28 14:30:00-04:00,7.614999771118164,7.619999885559082,7.590000152587891,7.590000152587891,18721,0.0,0.0
2023-03-28 15:30:00-04:00,7.579999923706055,7.610000133514404,7.579999923706055,7.599999904632568,18962,0.0,0.0
2023-03-29 09:30:00-04:00,7.639999866485596,7.679999828338623,7.639999866485596,7.667799949645996,27562,0.0,0.0
2023-03-29 10:30:00-04:00,7.659999847412109,7.660600185394287,7.635000228881836,7.642899990081787,22820,0.0,0.0
2023-03-29 11:30:00-04:00,7.659999847412109,7.679999828338623,7.659999847412109,7.670000076293945,4549,0.0,0.0
2023-03-29 12:30:00-04:00,7.6722002029418945,7.679999828338623,7.661799907684326,7.679999828338623,4296,0.0,0.0
2023-03-29 13:30:00-04:00,7.679999828338623,7.679999828338623,7.650000095367432,7.650100231170654,15814,0.0,0.0
2023-03-29 14:30:00-04:00,7.659999847412109,7.679999828338623,7.659999847412109,7.679999828338623,17554,0.0,0.0
2023-03-29 15:30:00-04:00,7.679999828338623,7.679999828338623,7.664999961853027,7.679999828338623,21831,0.0,0.0
2023-03-30 09:30:00-04:00,7.730000019073486,7.730999946594238,7.699999809265137,7.730000019073486,15878,0.0,0.0
2023-03-30 10:30:00-04:00,7.75,7.78000020980835,7.7322001457214355,7.760000228881836,24103,0.0,0.0
2023-03-30 11:30:00-04:00,7.760000228881836,7.784999847412109,7.752999782562256,7.752999782562256,12037,0.0,0.0
2023-03-30 12:30:00-04:00,7.75,7.769999980926514,7.730000019073486,7.763800144195557,44373,0.0,0.0
2023-03-30 13:30:00-04:00,7.764999866485596,7.769999980926514,7.760000228881836,7.769999980926514,2527,0.0,0.0
2023-03-30 14:30:00-04:00,7.769999980926514,7.800000190734863,7.769999980926514,7.799900054931641,37617,0.0,0.0
2023-03-30 15:30:00-04:00,7.800000190734863,7.840000152587891,7.800000190734863,7.835000038146973,23798,0.0,0.0
2023-03-31 09:30:00-04:00,7.909999847412109,7.938799858093262,7.891499996185303,7.909999847412109,0,0.0,0.0
2023-03-31 10:30:00-04:00,7.914999961853027,7.934999942779541,7.914999961853027,7.925000190734863,32500,0.0,0.0
2023-03-31 11:30:00-04:00,7.920000076293945,7.920000076293945,7.860099792480469,7.869999885559082,11806,0.0,0.0
2023-03-31 12:30:00-04:00,7.869999885559082,7.880000114440918,7.860000133514404,7.870100021362305,8829,0.0,0.0
2023-03-31 13:30:00-04:00,7.875,7.90500020980835,7.870100021362305,7.889900207519531,17514,0.0,0.0
2023-03-31 14:30:00-04:00,7.885000228881836,7.889999866485596,7.870100021362305,7.879899978637695,5795,0.0,0.0
2023-03-31 15:30:00-04:00,7.880000114440918,7.940000057220459,7.849999904632568,7.940000057220459,24710,0.0,0.0
2023-04-03 09:30:00-04:00,7.940000057220459,7.960000038146973,7.909999847412109,7.960000038146973,0,0.0,0.0
2023-04-03 10:30:00-04:00,7.960000038146973,7.960000038146973,7.874000072479248,7.889999866485596,19024,0.0,0.0
2023-04-03 11:30:00-04:00,7.889999866485596,7.909999847412109,7.885000228881836,7.909999847412109,16702,0.0,0.0
2023-04-03 12:30:00-04:00,7.909999847412109,7.919899940490723,7.894999980926514,7.914999961853027,19730,0.0,0.0
2023-04-03 13:30:00-04:00,7.914999961853027,7.920000076293945,7.869999885559082,7.869999885559082,12571,0.0,0.0
2023-04-03 14:30:00-04:00,7.869999885559082,7.869999885559082,7.809999942779541,7.809999942779541,36184,0.0,0.0
2023-04-03 15:30:00-04:00,7.809999942779541,7.84499979019165,7.800000190734863,7.835000038146973,23984,0.0,0.0
2023-04-04 09:30:00-04:00,7.880000114440918,7.889999866485596,7.78000020980835,7.78000020980835,45759,0.0,0.0
2023-04-04 10:30:00-04:00,7.78000020980835,7.789999961853027,7.764999866485596,7.764999866485596,22436,0.0,0.0
2023-04-04 11:30:00-04:00,7.764999866485596,7.775000095367432,7.760000228881836,7.775000095367432,28028,0.0,0.0
2023-04-04 12:30:00-04:00,7.775000095367432,7.78000020980835,7.760000228881836,7.769999980926514,35813,0.0,0.0
2023-04-04 13:30:00-04:00,7.769999980926514,7.779900074005127,7.744999885559082,7.744999885559082,45451,0.0,0.0
2023-04-04 14:30:00-04:00,7.744999885559082,7.759900093078613,7.739999771118164,7.75,26315,0.0,0.0
2023-04-04 15:30:00-04:00,7.75,7.769999980926514,7.730000019073486,7.769999980926514,20524,0.0,0.0
2023-04-05 09:30:00-04:00,7.75,7.820000171661377,7.710000038146973,7.710000038146973,0,0.0,0.0
2023-04-05 10:30:00-04:00,7.699999809265137,7.704999923706055,7.670000076293945,7.670000076293945,26386,0.0,0.0
2023-04-05 11:30:00-04:00,7.670000076293945,7.679999828338623,7.659999847412109,7.670100212097168,16401,0.0,0.0
2023-04-05 12:30:00-04:00,7.664999961853027,7.71999979019165,7.65500020980835,7.71999979019165,13336,0.0,0.0
2023-04-05 13:30:00-04:00,7.724999904632568,7.730000019073486,7.709499835968018,7.718900203704834,12972,0.0,0.0
2023-04-05 14:30:00-04:00,7.71999979019165,7.71999979019165,7.710000038146973,7.715000152587891,6459,0.0,0.0
2023-04-05 15:30:00-04:00,7.710100173950195,7.71999979019165,7.710000038146973,7.71999979019165,8574,0.0,0.0
2023-04-06 09:30:00-04:00,7.75,7.769999980926514,7.710000038146973,7.760000228881836,34584,0.0,0.0
2023-04-06 10:30:00-04:00,7.760000228881836,7.769999980926514,7.760000228881836,7.764999866485596,15480,0.0,0.0
2023-04-06 11:30:00-04:00,7.764999866485596,7.829999923706055,7.760799884796143,7.824999809265137,39874,0.0,0.0
2023-04-06 12:30:00-04:00,7.824999809265137,7.824999809265137,7.769999980926514,7.775000095367432,22963,0.0,0.0
2023-04-06 13:30:00-04:00,7.775000095367432,7.779900074005127,7.760000228881836,7.764999866485596,13536,0.0,0.0
2023-04-06 14:30:00-04:00,7.769899845123291,7.769999980926514,7.724999904632568,7.730000019073486,20225,0.0,0.0
2023-04-06 15:30:00-04:00,7.730000019073486,7.75,7.730000019073486,7.75,18927,0.0,0.0
2023-04-10 09:30:00-04:00,7.739999771118164,7.78000020980835,7.739999771118164,7.769999980926514,19725,0.0,0.0
2023-04-10 10:30:00-04:00,7.769999980926514,7.789999961853027,7.769999980926514,7.775000095367432,22678,0.0,0.0
2023-04-10 11:30:00-04:00,7.775000095367432,7.78000020980835,7.7729997634887695,7.78000020980835,11032,0.0,0.0
2023-04-10 12:30:00-04:00,7.78000020980835,7.809999942779541,7.78000020980835,7.804999828338623,85284,0.0,0.0
2023-04-10 13:30:00-04:00,7.804999828338623,7.809999942779541,7.750100135803223,7.755000114440918,17513,0.0,0.0
2023-04-10 14:30:00-04:00,7.752299785614014,7.78000020980835,7.75,7.78000020980835,11130,0.0,0.0
2023-04-10 15:30:00-04:00,7.775000095367432,7.809999942779541,7.775000095367432,7.809999942779541,5913,0.0,0.0
2023-04-11 09:30:00-04:00,7.840000152587891,7.855000019073486,7.815000057220459,7.855000019073486,0,0.0,0.0
2023-04-11 10:30:00-04:00,7.849999904632568,7.885000228881836,7.841000080108643,7.880000114440918,30189,0.0,0.0
2023-04-11 11:30:00-04:00,7.869999885559082,7.885000228881836,7.869999885559082,7.871399879455566,14749,0.0,0.0
2023-04-11 12:30:00-04:00,7.875,7.889999866485596,7.860599994659424,7.864999771118164,25885,0.0,0.0
2023-04-11 13:30:00-04:00,7.864999771118164,7.869999885559082,7.820899963378906,7.820899963378906,22864,0.0,0.0
2023-04-11 14:30:00-04:00,7.829999923706055,7.829999923706055,7.815000057220459,7.820000171661377,5923,0.0,0.0
2023-04-11 15:30:00-04:00,7.820099830627441,7.824999809265137,7.78000020980835,7.815000057220459,17298,0.0,0.0
2023-04-12 09:30:00-04:00,7.849999904632568,7.869999885559082,7.842899799346924,7.869999885559082,0,0.0,0.0
2023-04-12 10:30:00-04:00,7.860000133514404,7.869999885559082,7.840000152587891,7.8470001220703125,9833,0.0,0.0
2023-04-12 11:30:00-04:00,7.851200103759766,7.86929988861084,7.840099811553955,7.86929988861084,4267,0.0,0.0
2023-04-12 12:30:00-04:00,7.869999885559082,7.889999866485596,7.869999885559082,7.880000114440918,3672,0.0,0.0
2023-04-12 13:30:00-04:00,7.879000186920166,7.879000186920166,7.849999904632568,7.849999904632568,7108,0.0,0.0
2023-04-12 14:30:00-04:00,7.840000152587891,7.855000019073486,7.822299957275391,7.829999923706055,6853,0.0,0.0
2023-04-12 15:30:00-04:00,7.829999923706055,7.849999904632568,7.809999942779541,7.835000038146973,7753,0.0,0.0
2023-04-13 09:30:00-04:00,7.880000114440918,7.914999961853027,7.869999885559082,7.899400234222412,0,0.0,0.0
2023-04-13 10:30:00-04:00,7.894999980926514,7.900000095367432,7.885000228881836,7.894999980926514,8639,0.0,0.0
2023-04-13 11:30:00-04:00,7.894999980926514,7.909999847412109,7.894999980926514,7.901199817657471,2321,0.0,0.0
2023-04-13 12:30:00-04:00,7.901199817657471,7.925000190734863,7.900000095367432,7.925000190734863,8280,0.0,0.0
2023-04-13 13:30:00-04:00,7.921299934387207,7.940000057220459,7.921299934387207,7.925000190734863,14222,0.0,0.0
2023-04-13 14:30:00-04:00,7.929999828338623,7.929999828338623,7.880000114440918,7.880000114440918,30733,0.0,0.0
2023-04-13 15:30:00-04:00,7.880000114440918,7.880000114440918,7.860000133514404,7.869999885559082,34274,0.0,0.0
2023-04-14 09:30:00-04:00,7.920000076293945,7.949999809265137,7.869999885559082,7.869999885559082,0,0.0,0.0
2023-04-14 10:30:00-04:00,7.866099834442139,7.866099834442139,7.849899768829346,7.849999904632568,8180,0.0,0.0
2023-04-14 11:30:00-04:00,7.840000152587891,7.848999977111816,7.824999809265137,7.829999923706055,5073,0.0,0.0
2023-04-14 12:30:00-04:00,7.829100131988525,7.848700046539307,7.815000057220459,7.848700046539307,8148,0.0,0.0
2023-04-14 13:30:00-04:00,7.830100059509277,7.840000152587891,7.830100059509277,7.839900016784668,9007,0.0,0.0
2023-04-14 14:30:00-04:00,7.849999904632568,7.849999904632568,7.824999809265137,7.835000038146973,8289,0.0,0.0
2023-04-14 15:30:00-04:00,7.835000038146973,7.840000152587891,7.829999923706055,7.840000152587891,7034,0.0,0.0
2023-04-17 09:30:00-04:00,7.829999923706055,7.920000076293945,7.829999923706055,7.920000076293945,0,0.0,0.0
2023-04-17 10:30:00-04:00,7.925000190734863,7.940000057220459,7.889999866485596,7.889999866485596,21288,0.0,0.0
2023-04-17 11:30:00-04:00,7.880000114440918,7.880000114440918,7.861000061035156,7.861000061035156,2980,0.0,0.0
2023-04-17 12:30:00-04:00,7.868899822235107,7.869999885559082,7.849999904632568,7.860000133514404,14933,0.0,0.0
2023-04-17 13:30:00-04:00,7.860000133514404,7.869999885559082,7.847599983215332,7.847599983215332,11288,0.0,0.0
2023-04-17 14:30:00-04:00,7.84499979019165,7.880000114440918,7.835000038146973,7.880000114440918,7209,0.0,0.0
2023-04-17 15:30:00-04:00,7.880000114440918,7.889999866485596,7.840000152587891,7.860000133514404,36314,0.0,0.0
2023-04-18 09:30:00-04:00,7.900000095367432,7.909999847412109,7.880000114440918,7.90500020980835,0,0.0,0.0
2023-04-18 10:30:00-04:00,7.90500020980835,7.920000076293945,7.885000228881836,7.894999980926514,16617,0.0,0.0
2023-04-18 11:30:00-04:00,7.889999866485596,7.889999866485596,7.851099967956543,7.869999885559082,14935,0.0,0.0
2023-04-18 12:30:00-04:00,7.875,7.880000114440918,7.864999771118164,7.880000114440918,7730,0.0,0.0
2023-04-18 13:30:00-04:00,7.879899978637695,7.880000114440918,7.874100208282471,7.879899978637695,7551,0.0,0.0
2023-04-18 14:30:00-04:00,7.87939977645874,7.894999980926514,7.855000019073486,7.889999866485596,32463,0.0,0.0
2023-04-18 15:30:00-04:00,7.880000114440918,7.889999866485596,7.860000133514404,7.885000228881836,10242,0.0,0.0
2023-04-19 09:30:00-04:00,7.869999885559082,7.889999866485596,7.849999904632568,7.8805999755859375,0,0.0,0.0
2023-04-19 10:30:00-04:00,7.880000114440918,7.929999828338623,7.872000217437744,7.9156999588012695,23065,0.0,0.0
2023-04-19 11:30:00-04:00,7.920000076293945,7.925000190734863,7.9141998291015625,7.9141998291015625,2754,0.0,0.0
2023-04-19 12:30:00-04:00,7.909999847412109,7.909999847412109,7.891499996185303,7.900000095367432,19004,0.0,0.0
2023-04-19 13:30:00-04:00,7.908199787139893,7.920000076293945,7.900000095367432,7.902299880981445,20322,0.0,0.0
2023-04-19 14:30:00-04:00,7.909999847412109,7.918900012969971,7.900000095367432,7.900000095367432,11827,0.0,0.0
2023-04-19 15:30:00-04:00,7.900000095367432,7.909999847412109,7.889999866485596,7.909999847412109,10061,0.0,0.0
2023-04-20 09:30:00-04:00,7.889999866485596,7.9496002197265625,7.889999866485596,7.920199871063232,0,0.0,0.0
2023-04-20 10:30:00-04:00,7.925000190734863,7.929900169372559,7.889999866485596,7.889999866485596,7914,0.0,0.0
2023-04-20 11:30:00-04:00,7.88070011138916,7.885000228881836,7.860000133514404,7.86359977722168,7649,0.0,0.0
2023-04-20 12:30:00-04:00,7.864999771118164,7.900000095367432,7.864999771118164,7.900000095367432,5117,0.0,0.0
2023-04-20 13:30:00-04:00,7.894999980926514,7.900000095367432,7.875,7.875,8127,0.0,0.0
2023-04-20 14:30:00-04:00,7.880000114440918,7.880000114440918,7.869999885559082,7.869999885559082,9235,0.0,0.0
2023-04-20 15:30:00-04:00,7.872499942779541,7.880000114440918,7.840000152587891,7.860000133514404,22696,0.0,0.0
2023-04-21 09:30:00-04:00,7.800000190734863,7.849999904632568,7.800000190734863,7.840000152587891,0,0.0,0.0
2023-04-21 10:30:00-04:00,7.835000038146973,7.835000038146973,7.800000190734863,7.819799900054932,12321,0.0,0.0
2023-04-21 11:30:00-04:00,7.815000057220459,7.815000057220459,7.789999961853027,7.809999942779541,18581,0.0,0.0
2023-04-21 12:30:00-04:00,7.815000057220459,7.849999904632568,7.809999942779541,7.829999923706055,22530,0.0,0.0
2023-04-21 13:30:00-04:00,7.840000152587891,7.840000152587891,7.820000171661377,7.8292999267578125,12555,0.0,0.0
2023-04-21 14:30:00-04:00,7.829999923706055,7.829999923706055,7.800000190734863,7.815000057220459,21193,0.0,0.0
2023-04-21 15:30:00-04:00,7.815000057220459,7.820000171661377,7.804999828338623,7.809999942779541,4152,0.0,0.0
2023-04-24 09:30:00-04:00,7.800000190734863,7.849999904632568,7.800000190734863,7.849999904632568,23334,0.0,0.0
2023-04-24 10:30:00-04:00,7.849999904632568,7.855000019073486,7.820000171661377,7.824999809265137,23320,0.0,0.0
2023-04-24 11:30:00-04:00,7.824999809265137,7.824999809265137,7.804999828338623,7.815000057220459,9860,0.0,0.0
2023-04-24 12:30:00-04:00,7.820000171661377,7.833600044250488,7.820000171661377,7.833600044250488,5652,0.0,0.0
2023-04-24 13:30:00-04:00,7.835000038146973,7.857999801635742,7.834400177001953,7.849999904632568,12967,0.0,0.0
2023-04-24 14:30:00-04:00,7.829999923706055,7.849999904632568,7.824999809265137,7.829999923706055,10686,0.0,0.0
2023-04-24 15:30:00-04:00,7.840000152587891,7.840000152587891,7.829999923706055,7.840000152587891,0,0.0,0.0
2023-04-25 09:30:00-04:00,7.800000190734863,7.840000152587891,7.800000190734863,7.840000152587891,31686,0.0,0.0
2023-04-25 10:30:00-04:00,7.840000152587891,7.855000019073486,7.821400165557861,7.838900089263916,36504,0.0,0.0
2023-04-25 11:30:00-04:00,7.829999923706055,7.829999923706055,7.790900230407715,7.804999828338623,0,0.0,0.0
2023-04-25 12:30:00-04:00,7.800000190734863,7.800000190734863,7.75,7.75,98245,0.0,0.0
2023-04-25 13:30:00-04:00,7.75600004196167,7.759300231933594,7.735000133514404,7.75,7507,0.0,0.0
2023-04-25 14:30:00-04:00,7.752099990844727,7.760000228881836,7.744999885559082,7.750100135803223,4462,0.0,0.0
2023-04-25 15:30:00-04:00,7.75,7.75,7.720099925994873,7.735000133514404,6799,0.0,0.0
2023-04-26 09:30:00-04:00,7.71999979019165,7.797399997711182,7.71999979019165,7.744999885559082,0,0.0,0.0
2023-04-26 10:30:00-04:00,7.75,7.760000228881836,7.748899936676025,7.759900093078613,1950,0.0,0.0
2023-04-26 11:30:00-04:00,7.755000114440918,7.757800102233887,7.704999923706055,7.715000152587891,43691,0.0,0.0
2023-04-26 12:30:00-04:00,7.710000038146973,7.739999771118164,7.704999923706055,7.71999979019165,50221,0.0,0.0
2023-04-26 13:30:00-04:00,7.71999979019165,7.720099925994873,7.684999942779541,7.710000038146973,11334,0.0,0.0
2023-04-26 14:30:00-04:00,7.704999923706055,7.704999923706055,7.664999961853027,7.675000190734863,15497,0.0,0.0
2023-04-26 15:30:00-04:00,7.675000190734863,7.695000171661377,7.664999961853027,7.679999828338623,9713,0.0,0.0
2023-04-27 09:30:00-04:00,7.699999809265137,7.769999980926514,7.699999809265137,7.764999866485596,0,0.0,0.0
2023-04-27 10:30:00-04:00,7.769100189208984,7.789999961853027,7.764999866485596,7.78000020980835,15923,0.0,0.0
2023-04-27 11:30:00-04:00,7.784999847412109,7.815000057220459,7.784999847412109,7.809000015258789,19027,0.0,0.0
2023-04-27 12:30:00-04:00,7.804999828338623,7.820000171661377,7.804999828338623,7.815000057220459,16202,0.0,0.0
2023-04-27 13:30:00-04:00,7.819200038909912,7.824999809265137,7.809999942779541,7.824999809265137,9328,0.0,0.0
2023-04-27 14:30:00-04:00,7.824999809265137,7.860000133514404,7.824999809265137,7.84499979019165,21764,0.0,0.0
2023-04-27 15:30:00-04:00,7.849999904632568,7.900000095367432,7.84499979019165,7.880000114440918,62398,0.0,0.0
2023-04-28 09:30:00-04:00,7.920000076293945,7.960000038146973,7.835000038146973,7.945000171661377,0,0.0,0.0
2023-04-28 10:30:00-04:00,7.940000057220459,7.946300029754639,7.890399932861328,7.929999828338623,14249,0.0,0.0
2023-04-28 11:30:00-04:00,7.940000057220459,7.94950008392334,7.928899765014648,7.932700157165527,6582,0.0,0.0
2023-04-28 12:30:00-04:00,7.947299957275391,7.958099842071533,7.940000057220459,7.949999809265137,6673,0.0,0.0
2023-04-28 13:30:00-04:00,7.954999923706055,7.960000038146973,7.920000076293945,7.920000076293945,8228,0.0,0.0
2023-04-28 14:30:00-04:00,7.909999847412109,7.909999847412109,7.880000114440918,7.880000114440918,3766,0.0,0.0
2023-04-28 15:30:00-04:00,7.885000228881836,7.920000076293945,7.885000228881836,7.900000095367432,6042,0.0,0.0
2023-05-01 09:30:00-04:00,7.900000095367432,7.949999809265137,7.869999885559082,7.889999866485596,0,0.0,0.0
2023-05-01 10:30:00-04:00,7.889999866485596,7.920000076293945,7.889999866485596,7.889999866485596,8189,0.0,0.0
2023-05-01 11:30:00-04:00,7.89300012588501,7.909999847412109,7.870100021362305,7.900000095367432,26254,0.0,0.0
2023-05-01 12:30:00-04:00,7.909999847412109,7.914999961853027,7.900000095367432,7.909999847412109,3241,0.0,0.0
2023-05-01 13:30:00-04:00,7.909999847412109,7.920000076293945,7.900000095367432,7.914999961853027,14835,0.0,0.0
2023-05-01 14:30:00-04:00,7.909999847412109,7.909999847412109,7.889999866485596,7.90500020980835,5387,0.0,0.0
2023-05-01 15:30:00-04:00,7.90500020980835,7.909999847412109,7.900000095367432,7.90500020980835,4152,0.0,0.0
2023-05-02 09:30:00-04:00,7.880000114440918,7.880000114440918,7.820000171661377,7.820000171661377,0,0.0,0.0
2023-05-02 10:30:00-04:00,7.820000171661377,7.820000171661377,7.762800216674805,7.769999980926514,17677,0.0,0.0
2023-05-02 11:30:00-04:00,7.78000020980835,7.820000171661377,7.775000095367432,7.818900108337402,10758,0.0,0.0
2023-05-02 12:30:00-04:00,7.820000171661377,7.849999904632568,7.809999942779541,7.849999904632568,20157,0.0,0.0
2023-05-02 13:30:00-04:00,7.849999904632568,7.869999885559082,7.824999809265137,7.824999809265137,13650,0.0,0.0
2023-05-02 14:30:00-04:00,7.829999923706055,7.849999904632568,7.815000057220459,7.849999904632568,18994,0.0,0.0
2023-05-02 15:30:00-04:00,7.849999904632568,7.851500034332275,7.835000038146973,7.849999904632568,9618,0.0,0.0
2023-05-03 09:30:00-04:00,7.809999942779541,7.894999980926514,7.809999942779541,7.855000019073486,34105,0.0,0.0
2023-05-03 10:30:00-04:00,7.8541998863220215,7.860000133514404,7.840000152587891,7.849999904632568,0,0.0,0.0
2023-05-03 11:30:00-04:00,7.849999904632568,7.880000114440918,7.84499979019165,7.860000133514404,53973,0.0,0.0
2023-05-03 12:30:00-04:00,7.860000133514404,7.889999866485596,7.860000133514404,7.880000114440918,10120,0.0,0.0
2023-05-03 13:30:00-04:00,7.880000114440918,7.889999866485596,7.860000133514404,7.880000114440918,12200,0.0,0.0
2023-05-03 14:30:00-04:00,7.875,7.889999866485596,7.835000038146973,7.849999904632568,11889,0.0,0.0
2023-05-03 15:30:00-04:00,7.809999942779541,7.820000171661377,7.800000190734863,7.800000190734863,6437,0.0,0.0
2023-05-04 09:30:00-04:00,7.789999961853027,7.795000076293945,7.700099945068359,7.700099945068359,0,0.0,0.0
2023-05-04 10:30:00-04:00,7.703700065612793,7.769999980926514,7.703700065612793,7.739999771118164,20091,0.0,0.0
2023-05-04 11:30:00-04:00,7.735000133514404,7.744999885559082,7.710000038146973,7.744999885559082,15884,0.0,0.0
2023-05-04 12:30:00-04:00,7.744999885559082,7.78000020980835,7.724999904632568,7.764999866485596,20112,0.0,0.0
2023-05-04 13:30:00-04:00,7.769999980926514,7.769999980926514,7.730000019073486,7.730000019073486,7671,0.0,0.0
2023-05-04 14:30:00-04:00,7.730000019073486,7.739999771118164,7.710000038146973,7.71999979019165,14454,0.0,0.0
2023-05-04 15:30:00-04:00,7.71999979019165,7.739999771118164,7.710000038146973,7.71999979019165,14809,0.0,0.0
2023-05-05 09:30:00-04:00,7.78000020980835,7.869999885559082,7.78000020980835,7.840000152587891,28618,0.0,0.0
2023-05-05 10:30:00-04:00,7.849999904632568,7.860000133514404,7.829999923706055,7.848700046539307,26374,0.0,0.0
2023-05-05 11:30:00-04:00,7.841599941253662,7.849999904632568,7.829999923706055,7.829999923706055,17358,0.0,0.0
2023-05-05 12:30:00-04:00,7.829999923706055,7.838399887084961,7.820000171661377,7.829999923706055,14514,0.0,0.0
2023-05-05 13:30:00-04:00,7.829999923706055,7.839300155639648,7.824999809265137,7.835000038146973,4755,0.0,0.0
2023-05-05 14:30:00-04:00,7.835000038146973,7.889999866485596,7.829999923706055,7.889400005340576,33808,0.0,0.0
2023-05-05 15:30:00-04:00,7.885000228881836,7.900000095367432,7.869999885559082,7.880000114440918,28439,0.0,0.0
2023-05-08 09:30:00-04:00,7.909999847412109,7.909999847412109,7.840000152587891,7.840000152587891,28742,0.0,0.0
2023-05-08 10:30:00-04:00,7.840000152587891,7.869999885559082,7.840000152587891,7.855000019073486,20800,0.0,0.0
2023-05-08 11:30:00-04:00,7.820000171661377,7.835000038146973,7.820000171661377,7.820000171661377,37357,0.0,0.0
2023-05-08 12:30:00-04:00,7.828800201416016,7.829999923706055,7.820000171661377,7.820000171661377,14618,0.0,0.0
2023-05-08 13:30:00-04:00,7.824399948120117,7.849999904632568,7.820000171661377,7.849999904632568,20576,0.0,0.0
2023-05-08 14:30:00-04:00,7.84499979019165,7.849999904632568,7.835000038146973,7.835000038146973,4359,0.0,0.0
2023-05-08 15:30:00-04:00,7.835000038146973,7.849999904632568,7.829999923706055,7.840000152587891,10832,0.0,0.0
2023-05-09 09:30:00-04:00,7.840000152587891,7.840000152587891,7.800000190734863,7.824999809265137,0,0.0,0.0
2023-05-09 10:30:00-04:00,7.820000171661377,7.829999923706055,7.820000171661377,7.829999923706055,1522,0.0,0.0
2023-05-09 11:30:00-04:00,7.824999809265137,7.84499979019165,7.809999942779541,7.8190999031066895,16640,0.0,0.0
2023-05-09 12:30:00-04:00,7.809999942779541,7.820000171661377,7.809999942779541,7.8125,3741,0.0,0.0
2023-05-09 13:30:00-04:00,7.814000129699707,7.817599773406982,7.810100078582764,7.817599773406982,3906,0.0,0.0
2023-05-09 14:30:00-04:00,7.81850004196167,7.820000171661377,7.815000057220459,7.815000057220459,6328,0.0,0.0
2023-05-09 15:30:00-04:00,7.815000057220459,7.829999923706055,7.809999942779541,7.820000171661377,9096,0.0,0.0
2023-05-10 09:30:00-04:00,7.860000133514404,7.869999885559082,7.811699867248535,7.860000133514404,0,0.0,0.0
2023-05-10 10:30:00-04:00,7.860000133514404,7.860000133514404,7.840099811553955,7.860000133514404,15318,0.0,0.0
2023-05-10 11:30:00-04:00,7.855000019073486,7.855000019073486,7.840000152587891,7.84499979019165,18210,0.0,0.0
2023-05-10 12:30:00-04:00,7.830599784851074,7.830599784851074,7.820000171661377,7.820000171661377,4972,0.0,0.0
2023-05-10 13:30:00-04:00,7.824999809265137,7.860000133514404,7.824999809265137,7.849999904632568,47960,0.0,0.0
2023-05-10 14:30:00-04:00,7.860000133514404,7.940000057220459,7.855000019073486,7.875,267160,0.0,0.0
2023-05-10 15:30:00-04:00,7.869999885559082,7.880000114440918,7.864999771118164,7.880000114440918,16932,0.0,0.0
2023-05-11 09:30:00-04:00,7.860000133514404,7.860000133514404,7.820000171661377,7.824999809265137,0,0.0,0.0
2023-05-11 10:30:00-04:00,7.821000099182129,7.84499979019165,7.821000099182129,7.840000152587891,9815,0.0,0.0
2023-05-11 11:30:00-04:00,7.849999904632568,7.860000133514404,7.840099811553955,7.84499979019165,3473,0.0,0.0
2023-05-11 12:30:00-04:00,7.849899768829346,7.849899768829346,7.840000152587891,7.840000152587891,9332,0.0,0.0
2023-05-11 13:30:00-04:00,7.835000038146973,7.839900016784668,7.824999809265137,7.8354997634887695,5467,0.0,0.0
2023-05-11 14:30:00-04:00,7.835000038146973,7.869999885559082,7.829999923706055,7.860000133514404,40886,0.0,0.0
2023-05-11 15:30:00-04:00,7.855000019073486,7.920000076293945,7.849999904632568,7.889999866485596,40544,0.0,0.0
2023-05-12 09:30:00-04:00,7.909999847412109,7.965000152587891,7.909999847412109,7.909999847412109,0,0.0,0.0
2023-05-12 10:30:00-04:00,7.914999961853027,7.920000076293945,7.889999866485596,7.890999794006348,18515,0.0,0.0
2023-05-12 11:30:00-04:00,7.894999980926514,7.914999961853027,7.889999866485596,7.889999866485596,17362,0.0,0.0
2023-05-12 12:30:00-04:00,7.885000228881836,7.894999980926514,7.875,7.894999980926514,10001,0.0,0.0
2023-05-12 13:30:00-04:00,7.889999866485596,7.900000095367432,7.880000114440918,7.88730001449585,14193,0.0,0.0
2023-05-12 14:30:00-04:00,7.880000114440918,7.880000114440918,7.869999885559082,7.875,3076,0.0,0.0
2023-05-12 15:30:00-04:00,7.869999885559082,7.885000228881836,7.860099792480469,7.880000114440918,13035,0.0,0.0
2023-05-15 09:30:00-04:00,7.920000076293945,7.920000076293945,7.859899997711182,7.864999771118164,11569,0.0,0.0
2023-05-15 10:30:00-04:00,7.880000114440918,7.889999866485596,7.880000114440918,7.880000114440918,18663,0.0,0.0
2023-05-15 11:30:00-04:00,7.869999885559082,7.885000228881836,7.860099792480469,7.869999885559082,12276,0.0,0.0
2023-05-15 12:30:00-04:00,7.877299785614014,7.880000114440918,7.849999904632568,7.869999885559082,12006,0.0,0.0
2023-05-15 13:30:00-04:00,7.869999885559082,7.869999885559082,7.849999904632568,7.860000133514404,11240,0.0,0.0
2023-05-15 14:30:00-04:00,7.860000133514404,7.885000228881836,7.849999904632568,7.885000228881836,18918,0.0,0.0
2023-05-15 15:30:00-04:00,7.869999885559082,7.879899978637695,7.860000133514404,7.869999885559082,11173,0.0,0.0
2023-05-16 09:30:00-04:00,7.900000095367432,7.909999847412109,7.889999866485596,7.907299995422363,0,0.0,0.0
2023-05-16 10:30:00-04:00,7.909999847412109,7.914999961853027,7.894999980926514,7.894999980926514,18080,0.0,0.0
2023-05-16 11:30:00-04:00,7.894999980926514,7.90500020980835,7.89109992980957,7.894999980926514,20554,0.0,0.0
2023-05-16 12:30:00-04:00,7.894999980926514,7.900000095367432,7.890100002288818,7.894999980926514,33979,0.0,0.0
2023-05-16 13:30:00-04:00,7.894999980926514,7.900000095367432,7.889999866485596,7.895599842071533,19218,0.0,0.0
2023-05-16 14:30:00-04:00,7.894999980926514,7.909999847412109,7.889999866485596,7.890100002288818,46268,0.0,0.0
2023-05-16 15:30:00-04:00,7.894999980926514,7.894999980926514,7.869999885559082,7.880000114440918,10735,0.0,0.0
2023-05-17 09:30:00-04:00,7.869999885559082,7.875,7.849999904632568,7.864999771118164,0,0.0,0.0
2023-05-17 10:30:00-04:00,7.869999885559082,7.880000114440918,7.860000133514404,7.8790998458862305,17196,0.0,0.0
2023-05-17 11:30:00-04:00,7.875,7.900000095367432,7.869999885559082,7.879899978637695,15324,0.0,0.0
2023-05-17 12:30:00-04:00,7.880000114440918,7.928899765014648,7.879899978637695,7.925000190734863,15164,0.0,0.0
2023-05-17 13:30:00-04:00,7.925000190734863,7.9369001388549805,7.920000076293945,7.929999828338623,6287,0.0,0.0
2023-05-17 14:30:00-04:00,7.929999828338623,7.940000057220459,7.920000076293945,7.920000076293945,19547,0.0,0.0
2023-05-17 15:30:00-04:00,7.920000076293945,7.940000057220459,7.914999961853027,7.934999942779541,16903,0.0,0.0
2023-05-18 09:30:00-04:00,7.900000095367432,7.929999828338623,7.888000011444092,7.920000076293945,0,0.0,0.0
2023-05-18 10:30:00-04:00,7.929999828338623,7.940000057220459,7.914999961853027,7.929999828338623,23450,0.0,0.0
2023-05-18 11:30:00-04:00,7.929999828338623,7.940000057220459,7.929999828338623,7.940000057220459,25928,0.0,0.0
2023-05-18 12:30:00-04:00,7.934999942779541,7.940000057220459,7.929999828338623,7.940000057220459,14340,0.0,0.0
2023-05-18 13:30:00-04:00,7.929999828338623,7.929999828338623,7.889999866485596,7.909999847412109,63744,0.0,0.0
2023-05-18 14:30:00-04:00,7.914999961853027,7.928899765014648,7.909999847412109,7.925000190734863,13737,0.0,0.0
2023-05-18 15:30:00-04:00,7.925000190734863,7.945000171661377,7.920000076293945,7.940000057220459,28427,0.0,0.0
2023-05-19 09:30:00-04:00,7.920000076293945,7.929999828338623,7.889999866485596,7.909999847412109,0,0.0,0.0
2023-05-19 10:30:00-04:00,7.920000076293945,7.929999828338623,7.880000114440918,7.900000095367432,24426,0.0,0.0
2023-05-19 11:30:00-04:00,7.889999866485596,7.900000095367432,7.869999885559082,7.872700214385986,22012,0.0,0.0
2023-05-19 12:30:00-04:00,7.869999885559082,7.885000228881836,7.860000133514404,7.885000228881836,5916,0.0,0.0
2023-05-19 13:30:00-04:00,7.880000114440918,7.909999847412109,7.855000019073486,7.885000228881836,64059,0.0,0.0
2023-05-19 14:30:00-04:00,7.885000228881836,7.889999866485596,7.880000114440918,7.885000228881836,8015,0.0,0.0
2023-05-19 15:30:00-04:00,7.885000228881836,7.909999847412109,7.880000114440918,7.900000095367432,17051,0.0,0.0
2023-05-22 09:30:00-04:00,7.869999885559082,7.889999866485596,7.860000133514404,7.882999897003174,10076,0.0,0.0
2023-05-22 10:30:00-04:00,7.885000228881836,7.900000095367432,7.875,7.885000228881836,24765,0.0,0.0
2023-05-22 11:30:00-04:00,7.880000114440918,7.900000095367432,7.871500015258789,7.885000228881836,28570,0.0,0.0
2023-05-22 12:30:00-04:00,7.885000228881836,7.900000095367432,7.882699966430664,7.889999866485596,9015,0.0,0.0
2023-05-22 13:30:00-04:00,7.889999866485596,7.8979997634887695,7.885000228881836,7.885000228881836,5548,0.0,0.0
2023-05-22 14:30:00-04:00,7.885000228881836,7.900000095367432,7.875,7.875,57134,0.0,0.0
2023-05-22 15:30:00-04:00,7.869999885559082,7.880000114440918,7.869999885559082,7.875,17591,0.0,0.0
2023-05-23 09:30:00-04:00,7.849999904632568,7.889999866485596,7.840000152587891,7.860000133514404,0,0.0,0.0
2023-05-23 10:30:00-04:00,7.864999771118164,7.869999885559082,7.860000133514404,7.86329984664917,4506,0.0,0.0
2023-05-23 11:30:00-04:00,7.864999771118164,7.8684000968933105,7.835000038146973,7.835000038146973,10017,0.0,0.0
2023-05-23 12:30:00-04:00,7.835000038146973,7.84499979019165,7.809999942779541,7.818399906158447,25531,0.0,0.0
2023-05-23 13:30:00-04:00,7.809999942779541,7.820000171661377,7.784999847412109,7.784999847412109,12137,0.0,0.0
2023-05-23 14:30:00-04:00,7.784999847412109,7.798600196838379,7.78000020980835,7.798600196838379,12154,0.0,0.0
2023-05-23 15:30:00-04:00,7.795000076293945,7.809999942779541,7.789999961853027,7.800000190734863,10558,0.0,0.0
2023-05-24 09:30:00-04:00,7.800000190734863,7.809999942779541,7.760000228881836,7.789999961853027,0,0.0,0.0
2023-05-24 10:30:00-04:00,7.789999961853027,7.820000171661377,7.789999961853027,7.800000190734863,21829,0.0,0.0
2023-05-24 11:30:00-04:00,7.800000190734863,7.800000190734863,7.735000133514404,7.735000133514404,13092,0.0,0.0
2023-05-24 12:30:00-04:00,7.735000133514404,7.739999771118164,7.730000019073486,7.739999771118164,10708,0.0,0.0
2023-05-24 13:30:00-04:00,7.744999885559082,7.75,7.739999771118164,7.740200042724609,3061,0.0,0.0
2023-05-24 14:30:00-04:00,7.74970006942749,7.78000020980835,7.744999885559082,7.779099941253662,6552,0.0,0.0
2023-05-24 15:30:00-04:00,7.775000095367432,7.789999961853027,7.769999980926514,7.789999961853027,13607,0.0,0.0
2023-05-25 09:30:00-04:00,7.829999923706055,7.880000114440918,7.800000190734863,7.829999923706055,0,0.0,0.0
2023-05-25 10:30:00-04:00,7.835000038146973,7.864999771118164,7.829999923706055,7.860000133514404,16716,0.0,0.0
2023-05-25 11:30:00-04:00,7.849999904632568,7.855000019073486,7.835000038146973,7.855000019073486,26888,0.0,0.0
2023-05-25 12:30:00-04:00,7.855000019073486,7.867099761962891,7.849999904632568,7.867099761962891,13761,0.0,0.0
2023-05-25 13:30:00-04:00,7.869999885559082,7.869999885559082,7.849999904632568,7.860000133514404,16284,0.0,0.0
2023-05-25 14:30:00-04:00,7.860000133514404,7.860000133514404,7.829999923706055,7.840000152587891,29031,0.0,0.0
2023-05-25 15:30:00-04:00,7.840000152587891,7.849999904632568,7.829999923706055,7.840000152587891,6740,0.0,0.0
2023-05-26 09:30:00-04:00,7.880000114440918,7.920000076293945,7.869999885559082,7.894999980926514,0,0.0,0.0
2023-05-26 10:30:00-04:00,7.900000095367432,7.900000095367432,7.862800121307373,7.862800121307373,14943,0.0,0.0
2023-05-26 11:30:00-04:00,7.864999771118164,7.865600109100342,7.83459997177124,7.840000152587891,25171,0.0,0.0
2023-05-26 12:30:00-04:00,7.840000152587891,7.849999904632568,7.809999942779541,7.849999904632568,70268,0.0,0.0
2023-05-26 13:30:00-04:00,7.84499979019165,7.849999904632568,7.840000152587891,7.84499979019165,18284,0.0,0.0
2023-05-26 14:30:00-04:00,7.843400001525879,7.849999904632568,7.840000152587891,7.840099811553955,29954,0.0,0.0
2023-05-26 15:30:00-04:00,7.84499979019165,7.849999904632568,7.840000152587891,7.84499979019165,25377,0.0,0.0
2023-05-30 09:30:00-04:00,7.880000114440918,7.920000076293945,7.835000038146973,7.8394999504089355,20018,0.0,0.0
2023-05-30 10:30:00-04:00,7.831299781799316,7.835000038146973,7.804999828338623,7.815000057220459,19994,0.0,0.0
2023-05-30 11:30:00-04:00,7.810699939727783,7.824999809265137,7.810699939727783,7.824999809265137,25099,0.0,0.0
2023-05-30 12:30:00-04:00,7.820000171661377,7.829999923706055,7.815000057220459,7.820000171661377,0,0.0,0.0
2023-05-30 13:30:00-04:00,7.815000057220459,7.820000171661377,7.815000057220459,7.815000057220459,73199,0.0,0.0
2023-05-30 14:30:00-04:00,7.81879997253418,7.829999923706055,7.789999961853027,7.815000057220459,29819,0.0,0.0
2023-05-30 15:30:00-04:00,7.811500072479248,7.820000171661377,7.809999942779541,7.809999942779541,15729,0.0,0.0
2023-05-31 09:30:00-04:00,7.820000171661377,7.820000171661377,7.730000019073486,7.775000095367432,0,0.0,0.0
2023-05-31 10:30:00-04:00,7.77810001373291,7.77810001373291,7.730000019073486,7.739999771118164,69149,0.0,0.0
2023-05-31 11:30:00-04:00,7.744999885559082,7.744999885559082,7.735000133514404,7.735000133514404,5589,0.0,0.0
2023-05-31 12:30:00-04:00,7.735000133514404,7.749899864196777,7.735000133514404,7.744999885559082,12150,0.0,0.0
2023-05-31 13:30:00-04:00,7.744999885559082,7.778299808502197,7.744999885559082,7.767300128936768,12434,0.0,0.0
2023-05-31 14:30:00-04:00,7.769999980926514,7.78000020980835,7.751100063323975,7.775000095367432,21489,0.0,0.0
2023-05-31 15:30:00-04:00,7.775000095367432,7.797100067138672,7.770100116729736,7.789999961853027,8799,0.0,0.0
2023-06-01 09:30:00-04:00,7.800000190734863,7.820000171661377,7.769999980926514,7.791800022125244,0,0.0,0.0
2023-06-01 10:30:00-04:00,7.800000190734863,7.829999923706055,7.800000190734863,7.822199821472168,11184,0.0,0.0
2023-06-01 11:30:00-04:00,7.824999809265137,7.839200019836426,7.809999942779541,7.809999942779541,21674,0.0,0.0
2023-06-01 12:30:00-04:00,7.809999942779541,7.81220006942749,7.789999961853027,7.789999961853027,26050,0.0,0.0
2023-06-01 13:30:00-04:00,7.795000076293945,7.800000190734863,7.789999961853027,7.789999961853027,22351,0.0,0.0
2023-06-01 14:30:00-04:00,7.795000076293945,7.800000190734863,7.789999961853027,7.789999961853027,24083,0.0,0.0
2023-06-01 15:30:00-04:00,7.795000076293945,7.829999923706055,7.784999847412109,7.824999809265137,15732,0.0,0.0
2023-06-02 09:30:00-04:00,7.900000095367432,7.929500102996826,7.860000133514404,7.869800090789795,20330,0.0,0.0
2023-06-02 10:30:00-04:00,7.869999885559082,7.920000076293945,7.869999885559082,7.900100231170654,88942,0.0,0.0
2023-06-02 11:30:00-04:00,7.900000095367432,7.929999828338623,7.899899959564209,7.925000190734863,72559,0.0,0.0
2023-06-02 12:30:00-04:00,7.925000190734863,7.934999942779541,7.90500020980835,7.914999961853027,38059,0.0,0.0
2023-06-02 13:30:00-04:00,7.920000076293945,7.920000076293945,7.900100231170654,7.90910005569458,43574,0.0,0.0
2023-06-02 14:30:00-04:00,7.909999847412109,7.934999942779541,7.906799793243408,7.925000190734863,49963,0.0,0.0
2023-06-02 15:30:00-04:00,7.925000190734863,7.940000057220459,7.922800064086914,7.940000057220459,7190,0.0,0.0
2023-06-05 09:30:00-04:00,7.940000057220459,7.949999809265137,7.940000057220459,7.945000171661377,29582,0.0,0.0
2023-06-05 10:30:00-04:00,7.949999809265137,7.974999904632568,7.925000190734863,7.974999904632568,76498,0.0,0.0
2023-06-05 11:30:00-04:00,7.9899001121521,8.0,7.985000133514404,8.0,23045,0.0,0.0
2023-06-05 12:30:00-04:00,8.0,8.050000190734863,7.99429988861084,8.024999618530273,42980,0.0,0.0
2023-06-05 13:30:00-04:00,8.024999618530273,8.039999961853027,8.003000259399414,8.010100364685059,42122,0.0,0.0
2023-06-05 14:30:00-04:00,8.015000343322754,8.03600025177002,8.0,8.015000343322754,69701,0.0,0.0
2023-06-05 15:30:00-04:00,8.015000343322754,8.04699993133545,8.015000343322754,8.039999961853027,62247,0.0,0.0
2023-06-06 09:30:00-04:00,8.039999961853027,8.0600004196167,8.010000228881836,8.0600004196167,0,0.0,0.0
2023-06-06 10:30:00-04:00,8.0600004196167,8.085000038146973,8.0600004196167,8.085000038146973,27114,0.0,0.0
2023-06-06 11:30:00-04:00,8.085000038146973,8.085000038146973,8.050000190734863,8.069999694824219,65717,0.0,0.0
2023-06-06 12:30:00-04:00,8.0649995803833,8.069999694824219,8.055000305175781,8.069999694824219,50972,0.0,0.0
2023-06-06 13:30:00-04:00,8.069999694824219,8.104999542236328,8.0600004196167,8.100000381469727,59209,0.0,0.0
2023-06-06 14:30:00-04:00,8.100000381469727,8.109999656677246,8.0649995803833,8.069899559020996,70213,0.0,0.0
2023-06-06 15:30:00-04:00,8.0600004196167,8.069999694824219,8.039999961853027,8.069999694824219,25239,0.0,0.0
2023-06-07 09:30:00-04:00,8.109999656677246,8.140000343322754,8.104999542236328,8.109999656677246,42155,0.0,0.0
2023-06-07 10:30:00-04:00,8.104999542236328,8.109999656677246,8.079999923706055,8.100000381469727,14038,0.0,0.0
2023-06-07 11:30:00-04:00,8.100000381469727,8.125,8.010000228881836,8.024999618530273,99870,0.0,0.0
2023-06-07 12:30:00-04:00,8.024999618530273,8.024999618530273,7.985000133514404,7.989999771118164,30737,0.0,0.0
2023-06-07 13:30:00-04:00,7.994999885559082,7.994999885559082,7.980000019073486,7.985000133514404,15870,0.0,0.0
2023-06-07 14:30:00-04:00,7.980100154876709,8.0,7.980000019073486,7.980000019073486,37162,0.0,0.0
2023-06-07 15:30:00-04:00,7.989200115203857,8.020000457763672,7.980000019073486,8.020000457763672,39455,0.0,0.0
2023-06-08 09:30:00-04:00,8.039999961853027,8.069899559020996,8.029999732971191,8.0600004196167,0,0.0,0.0
2023-06-08 10:30:00-04:00,8.055000305175781,8.055000305175781,8.029999732971191,8.047300338745117,26019,0.0,0.0
2023-06-08 11:30:00-04:00,8.055000305175781,8.0600004196167,8.050000190734863,8.050100326538086,14536,0.0,0.0
2023-06-08 12:30:00-04:00,8.055000305175781,8.0649995803833,8.053899765014648,8.059200286865234,8479,0.0,0.0
2023-06-08 13:30:00-04:00,8.055000305175781,8.069999694824219,8.050000190734863,8.069999694824219,18077,0.0,0.0
2023-06-08 14:30:00-04:00,8.0649995803833,8.089900016784668,8.0649995803833,8.074999809265137,20098,0.0,0.0
2023-06-08 15:30:00-04:00,8.069999694824219,8.09000015258789,8.0649995803833,8.085000038146973,28824,0.0,0.0
2023-06-09 09:30:00-04:00,8.130000114440918,8.154999732971191,8.111000061035156,8.14009952545166,0,0.0,0.0
2023-06-09 10:30:00-04:00,8.149999618530273,8.149999618530273,8.130000114440918,8.130000114440918,19083,0.0,0.0
2023-06-09 11:30:00-04:00,8.119999885559082,8.120200157165527,8.104999542236328,8.119400024414062,26705,0.0,0.0
2023-06-09 12:30:00-04:00,8.110099792480469,8.119999885559082,8.109999656677246,8.116600036621094,14761,0.0,0.0
2023-06-09 13:30:00-04:00,8.119199752807617,8.125,8.109999656677246,8.119999885559082,12408,0.0,0.0
2023-06-09 14:30:00-04:00,8.121299743652344,8.130000114440918,8.109999656677246,8.109999656677246,17088,0.0,0.0
2023-06-09 15:30:00-04:00,8.114999771118164,8.125,8.109999656677246,8.119999885559082,16271,0.0,0.0
2023-06-12 09:30:00-04:00,8.149999618530273,8.170000076293945,8.140000343322754,8.149999618530273,0,0.0,0.0
2023-06-12 10:30:00-04:00,8.145000457763672,8.15999984741211,8.140000343322754,8.15999984741211,59442,0.0,0.0
2023-06-12 11:30:00-04:00,8.155699729919434,8.170000076293945,8.152799606323242,8.152799606323242,20513,0.0,0.0
2023-06-12 12:30:00-04:00,8.149999618530273,8.149999618530273,8.140000343322754,8.145000457763672,3948,0.0,0.0
2023-06-12 13:30:00-04:00,8.145000457763672,8.15999984741211,8.140000343322754,8.145000457763672,26780,0.0,0.0
2023-06-12 14:30:00-04:00,8.146300315856934,8.170000076293945,8.145000457763672,8.154999732971191,22217,0.0,0.0
2023-06-12 15:30:00-04:00,8.154999732971191,8.170000076293945,8.151399612426758,8.170000076293945,7153,0.0,0.0
2023-06-13 09:30:00-04:00,8.199999809265137,8.21500015258789,8.1850004196167,8.199999809265137,0,0.0,0.0
2023-06-13 10:30:00-04:00,8.199999809265137,8.260000228881836,8.194999694824219,8.260000228881836,85917,0.0,0.0
2023-06-13 11:30:00-04:00,8.255000114440918,8.279999732971191,8.255000114440918,8.279999732971191,28948,0.0,0.0
2023-06-13 12:30:00-04:00,8.279999732971191,8.279999732971191,8.26099967956543,8.278200149536133,19062,0.0,0.0
2023-06-13 13:30:00-04:00,8.279999732971191,8.279999732971191,8.260000228881836,8.270000457763672,14161,0.0,0.0
2023-06-13 14:30:00-04:00,8.270099639892578,8.279999732971191,8.25,8.25,23705,0.0,0.0
2023-06-13 15:30:00-04:00,8.25,8.260000228881836,8.239999771118164,8.239999771118164,50013,0.0,0.0
2023-06-14 09:30:00-04:00,8.279999732971191,8.300000190734863,8.234999656677246,8.234999656677246,25720,0.0,0.0
2023-06-14 10:30:00-04:00,8.239999771118164,8.300000190734863,8.231100082397461,8.281999588012695,47369,0.0,0.0
2023-06-14 11:30:00-04:00,8.289999961853027,8.319999694824219,8.279999732971191,8.31879997253418,48381,0.0,0.0
2023-06-14 12:30:00-04:00,8.319999694824219,8.359999656677246,8.3149995803833,8.350000381469727,26539,0.0,0.0
2023-06-14 13:30:00-04:00,8.345000267028809,8.37279987335205,8.279999732971191,8.37279987335205,49747,0.0,0.0
2023-06-14 14:30:00-04:00,8.370100021362305,8.414999961853027,8.329999923706055,8.410799980163574,73374,0.0,0.0
2023-06-14 15:30:00-04:00,8.414999961853027,8.4350004196167,8.390000343322754,8.43120002746582,23701,0.0,0.0
2023-06-15 09:30:00-04:00,8.380000114440918,8.399999618530273,8.361000061035156,8.378700256347656,47462,0.0,0.0
2023-06-15 10:30:00-04:00,8.369999885559082,8.37559986114502,8.34000015258789,8.37559986114502,27197,0.0,0.0
2023-06-15 11:30:00-04:00,8.380000114440918,8.380000114440918,8.364999771118164,8.364999771118164,3472,0.0,0.0
2023-06-15 12:30:00-04:00,8.36929988861084,8.380000114440918,8.359999656677246,8.364999771118164,9487,0.0,0.0
2023-06-15 13:30:00-04:00,8.364999771118164,8.376999855041504,8.350000381469727,8.354999542236328,30903,0.0,0.0
2023-06-15 14:30:00-04:00,8.354999542236328,8.369999885559082,8.350000381469727,8.354999542236328,23503,0.0,0.0
2023-06-15 15:30:00-04:00,8.359999656677246,8.359999656677246,8.350000381469727,8.350000381469727,17618,0.0,0.0
2023-06-16 09:30:00-04:00,8.40999984741211,8.460000038146973,8.40999984741211,8.454999923706055,0,0.0,0.0
2023-06-16 10:30:00-04:00,8.460000038146973,8.460000038146973,8.4350004196167,8.444999694824219,24588,0.0,0.0
2023-06-16 11:30:00-04:00,8.449999809265137,8.454999923706055,8.431300163269043,8.4399995803833,16152,0.0,0.0
2023-06-16 12:30:00-04:00,8.4399995803833,8.449999809265137,8.430000305175781,8.439900398254395,16531,0.0,0.0
2023-06-16 13:30:00-04:00,8.4350004196167,8.438699722290039,8.420000076293945,8.420100212097168,12740,0.0,0.0
2023-06-16 14:30:00-04:00,8.420000076293945,8.420000076293945,8.364999771118164,8.368800163269043,10657,0.0,0.0
2023-06-16 15:30:00-04:00,8.369999885559082,8.380000114440918,8.364999771118164,8.369999885559082,12062,0.0,0.0
2023-06-20 09:30:00-04:00,8.359999656677246,8.385000228881836,8.34000015258789,8.350000381469727,0,0.0,0.0
2023-06-20 10:30:00-04:00,8.359999656677246,8.380000114440918,8.354999542236328,8.360099792480469,19336,0.0,0.0
2023-06-20 11:30:00-04:00,8.369999885559082,8.372599601745605,8.35099983215332,8.369999885559082,8396,0.0,0.0
2023-06-20 12:30:00-04:00,8.369999885559082,8.390000343322754,8.36400032043457,8.380000114440918,23382,0.0,0.0
2023-06-20 13:30:00-04:00,8.390000343322754,8.39900016784668,8.380000114440918,8.390199661254883,18126,0.0,0.0
2023-06-20 14:30:00-04:00,8.395000457763672,8.399999618530273,8.380599975585938,8.390000343322754,21645,0.0,0.0
2023-06-20 15:30:00-04:00,8.380000114440918,8.390000343322754,8.380000114440918,8.390000343322754,7433,0.0,0.0
2023-06-21 09:30:00-04:00,8.319999694824219,8.345000267028809,8.258399963378906,8.34119987487793,29320,0.0,0.0
2023-06-21 10:30:00-04:00,8.340800285339355,8.345000267028809,8.289999961853027,8.305000305175781,26141,0.0,0.0
2023-06-21 11:30:00-04:00,8.305000305175781,8.305000305175781,8.28499984741211,8.300000190734863,17307,0.0,0.0
2023-06-21 12:30:00-04:00,8.29010009765625,8.300000190734863,8.270000457763672,8.274999618530273,19723,0.0,0.0
2023-06-21 13:30:00-04:00,8.279500007629395,8.289999961853027,8.279500007629395,8.28499984741211,10892,0.0,0.0
2023-06-21 14:30:00-04:00,8.285300254821777,8.289999961853027,8.279999732971191,8.28499984741211,7468,0.0,0.0
2023-06-21 15:30:00-04:00,8.28499984741211,8.28499984741211,8.270000457763672,8.270000457763672,9372,0.0,0.0
2023-06-22 09:30:00-04:00,8.270000457763672,8.279999732971191,8.260000228881836,8.279999732971191,13117,0.0,0.0
2023-06-22 10:30:00-04:00,8.28499984741211,8.289999961853027,8.244999885559082,8.244999885559082,27730,0.0,0.0
2023-06-22 11:30:00-04:00,8.244999885559082,8.270000457763672,8.130000114440918,8.15999984741211,152147,0.0,0.0
2023-06-22 12:30:00-04:00,8.170000076293945,8.180000305175781,8.15999984741211,8.168800354003906,16623,0.0,0.0
2023-06-22 13:30:00-04:00,8.168700218200684,8.170000076293945,8.15999984741211,8.169099807739258,17476,0.0,0.0
2023-06-22 14:30:00-04:00,8.169699668884277,8.170000076293945,8.130000114440918,8.149999618530273,45201,0.0,0.0
2023-06-22 15:30:00-04:00,8.145000457763672,8.154999732971191,8.140000343322754,8.154999732971191,20348,0.0,0.0
2023-06-23 09:30:00-04:00,8.149999618530273,8.180000305175781,8.120100021362305,8.180000305175781,36260,0.0,0.0
2023-06-23 10:30:00-04:00,8.175000190734863,8.180000305175781,8.15999984741211,8.160300254821777,14872,0.0,0.0
2023-06-23 11:30:00-04:00,8.164999961853027,8.180000305175781,8.15999984741211,8.179800033569336,8466,0.0,0.0
2023-06-23 12:30:00-04:00,8.171099662780762,8.180000305175781,8.170000076293945,8.170000076293945,6614,0.0,0.0
2023-06-23 13:30:00-04:00,8.175000190734863,8.179900169372559,8.170000076293945,8.17389965057373,6563,0.0,0.0
2023-06-23 14:30:00-04:00,8.171500205993652,8.175000190734863,8.135000228881836,8.140000343322754,18042,0.0,0.0
2023-06-23 15:30:00-04:00,8.135000228881836,8.149999618530273,8.135000228881836,8.145000457763672,5392,0.0,0.0
2023-06-26 09:30:00-04:00,8.109999656677246,8.180000305175781,8.100000381469727,8.149999618530273,0,0.0,0.0
2023-06-26 10:30:00-04:00,8.140000343322754,8.140000343322754,8.119999885559082,8.130000114440918,2285,0.0,0.0
2023-06-26 11:30:00-04:00,8.119999885559082,8.130000114440918,8.095000267028809,8.104999542236328,26226,0.0,0.0
2023-06-26 12:30:00-04:00,8.104999542236328,8.119999885559082,8.095000267028809,8.109999656677246,9458,0.0,0.0
2023-06-26 13:30:00-04:00,8.109999656677246,8.128199577331543,8.100099563598633,8.125,14354,0.0,0.0
2023-06-26 14:30:00-04:00,8.130000114440918,8.140000343322754,8.121100425720215,8.135000228881836,13910,0.0,0.0
2023-06-26 15:30:00-04:00,8.135000228881836,8.135000228881836,8.100000381469727,8.100000381469727,8986,0.0,0.0
2023-06-27 09:30:00-04:00,8.109999656677246,8.140000343322754,8.109999656677246,8.140000343322754,0,0.0,0.0
2023-06-27 10:30:00-04:00,8.140000343322754,8.149999618530273,8.09000015258789,8.114999771118164,23183,0.0,0.0
2023-06-27 11:30:00-04:00,8.110799789428711,8.128999710083008,8.109999656677246,8.121000289916992,9355,0.0,0.0
2023-06-27 12:30:00-04:00,8.120100021362305,8.149999618530273,8.120100021362305,8.149999618530273,5724,0.0,0.0
2023-06-27 13:30:00-04:00,8.149900436401367,8.154999732971191,8.141799926757812,8.154999732971191,12565,0.0,0.0
2023-06-27 14:30:00-04:00,8.154999732971191,8.15999984741211,8.140000343322754,8.154999732971191,8486,0.0,0.0
2023-06-27 15:30:00-04:00,8.154999732971191,8.159500122070312,8.145000457763672,8.149999618530273,9588,0.0,0.0
2023-06-28 09:30:00-04:00,8.180000305175781,8.1899995803833,8.140000343322754,8.175000190734863,0,0.0,0.0
2023-06-28 10:30:00-04:00,8.151000022888184,8.180000305175781,8.151000022888184,8.17199993133545,15463,0.0,0.0
2023-06-28 11:30:00-04:00,8.170599937438965,8.180000305175781,8.160099983215332,8.180000305175781,8523,0.0,0.0
2023-06-28 12:30:00-04:00,8.175000190734863,8.179200172424316,8.170000076293945,8.17710018157959,5618,0.0,0.0
2023-06-28 13:30:00-04:00,8.17490005493164,8.180000305175781,8.170100212097168,8.175000190734863,4918,0.0,0.0
2023-06-28 14:30:00-04:00,8.180000305175781,8.180000305175781,8.170000076293945,8.170000076293945,2792,0.0,0.0
2023-06-28 15:30:00-04:00,8.175000190734863,8.175000190734863,8.15999984741211,8.164999961853027,15464,0.0,0.0
2023-06-29 09:30:00-04:00,8.180000305175781,8.194999694824219,8.15999984741211,8.189900398254395,0,0.0,0.0
2023-06-29 10:30:00-04:00,8.1850004196167,8.1899995803833,8.180000305175781,8.1899995803833,14500,0.0,0.0
2023-06-29 11:30:00-04:00,8.1850004196167,8.1899995803833,8.180000305175781,8.1899995803833,4936,0.0,0.0
2023-06-29 12:30:00-04:00,8.1850004196167,8.189900398254395,8.170000076293945,8.170000076293945,5243,0.0,0.0
2023-06-29 13:30:00-04:00,8.175000190734863,8.179900169372559,8.15999984741211,8.164999961853027,16033,0.0,0.0
2023-06-29 14:30:00-04:00,8.175000190734863,8.1899995803833,8.170100212097168,8.1899995803833,2196,0.0,0.0
2023-06-29 15:30:00-04:00,8.1850004196167,8.210000038146973,8.180000305175781,8.210000038146973,18378,0.0,0.0
2023-06-30 09:30:00-04:00,8.279999732971191,8.34000015258789,8.239999771118164,8.329999923706055,83291,0.0,0.0
2023-06-30 10:30:00-04:00,8.324999809265137,8.369999885559082,8.305000305175781,8.369999885559082,32518,0.0,0.0
2023-06-30 11:30:00-04:00,8.364999771118164,8.380000114440918,8.350000381469727,8.350000381469727,25691,0.0,0.0
2023-06-30 12:30:00-04:00,8.350000381469727,8.350000381469727,8.300000190734863,8.3100004196167,24196,0.0,0.0
2023-06-30 13:30:00-04:00,8.300000190734863,8.3100004196167,8.300000190734863,8.3100004196167,7811,0.0,0.0
2023-06-30 14:30:00-04:00,8.3100004196167,8.329999923706055,8.270000457763672,8.289999961853027,47635,0.0,0.0
2023-06-30 15:30:00-04:00,8.295000076293945,8.300000190734863,8.260000228881836,8.270000457763672,31881,0.0,0.0
2023-07-03 09:30:00-04:00,8.279999732971191,8.289999961853027,8.229999542236328,8.239999771118164,44222,0.0,0.0
2023-07-03 10:30:00-04:00,8.239999771118164,8.295000076293945,8.239999771118164,8.289999961853027,14939,0.0,0.0
2023-07-03 11:30:00-04:00,8.300000190734863,8.300000190734863,8.289999961853027,8.289999961853027,10901,0.0,0.0
2023-07-05 09:30:00-04:00,8.3100004196167,8.3100004196167,8.25,8.270000457763672,24869,0.0,0.0
2023-07-05 10:30:00-04:00,8.279999732971191,8.319999694824219,8.279999732971191,8.300000190734863,13398,0.0,0.0
2023-07-05 11:30:00-04:00,8.300000190734863,8.34000015258789,8.300000190734863,8.329999923706055,22984,0.0,0.0
2023-07-05 12:30:00-04:00,8.329999923706055,8.350000381469727,8.319999694824219,8.350000381469727,17694,0.0,0.0
2023-07-05 13:30:00-04:00,8.34000015258789,8.350000381469727,8.329999923706055,8.329999923706055,20485,0.0,0.0
2023-07-05 14:30:00-04:00,8.335000038146973,8.366900444030762,8.331899642944336,8.366900444030762,13733,0.0,0.0
2023-07-05 15:30:00-04:00,8.364999771118164,8.369999885559082,8.350000381469727,8.359999656677246,15605,0.0,0.0
2023-07-06 09:30:00-04:00,8.289999961853027,8.3100004196167,8.229999542236328,8.255000114440918,0,0.0,0.0
2023-07-06 10:30:00-04:00,8.25,8.255000114440918,8.220000267028809,8.229999542236328,13534,0.0,0.0
2023-07-06 11:30:00-04:00,8.229999542236328,8.260000228881836,8.225000381469727,8.24470043182373,32530,0.0,0.0
2023-07-06 12:30:00-04:00,8.25,8.270000457763672,8.241900444030762,8.265000343322754,7884,0.0,0.0
2023-07-06 13:30:00-04:00,8.260000228881836,8.279999732971191,8.260000228881836,8.274999618530273,11859,0.0,0.0
2023-07-06 14:30:00-04:00,8.270999908447266,8.28499984741211,8.270000457763672,8.282999992370605,4487,0.0,0.0
2023-07-06 15:30:00-04:00,8.28499984741211,8.289999961853027,8.279999732971191,8.289999961853027,4606,0.0,0.0
2023-07-07 09:30:00-04:00,8.289999961853027,8.319999694824219,8.274999618530273,8.292200088500977,0,0.0,0.0
2023-07-07 10:30:00-04:00,8.309700012207031,8.3100004196167,8.291899681091309,8.3100004196167,11029,0.0,0.0
2023-07-07 11:30:00-04:00,8.3100004196167,8.3149995803833,8.292400360107422,8.3100004196167,16548,0.0,0.0
2023-07-07 12:30:00-04:00,8.319999694824219,8.335000038146973,8.300000190734863,8.3100004196167,4717,0.0,0.0
2023-07-07 13:30:00-04:00,8.3100004196167,8.319999694824219,8.295000076293945,8.3100004196167,26559,0.0,0.0
2023-07-07 14:30:00-04:00,8.3149995803833,8.319999694824219,8.279999732971191,8.289999961853027,15216,0.0,0.0
2023-07-07 15:30:00-04:00,8.28499984741211,8.28499984741211,8.265000343322754,8.265000343322754,5536,0.0,0.0
2023-07-10 09:30:00-04:00,8.279999732971191,8.329999923706055,8.279999732971191,8.319999694824219,0,0.0,0.0
2023-07-10 10:30:00-04:00,8.29699993133545,8.29800033569336,8.260100364685059,8.289999961853027,15940,0.0,0.0
2023-07-10 11:30:00-04:00,8.298500061035156,8.300000190734863,8.279999732971191,8.300000190734863,11565,0.0,0.0
2023-07-10 12:30:00-04:00,8.3100004196167,8.329999923706055,8.300100326538086,8.329999923706055,5761,0.0,0.0
2023-07-10 13:30:00-04:00,8.329999923706055,8.350000381469727,8.329999923706055,8.330100059509277,11023,0.0,0.0
2023-07-10 14:30:00-04:00,8.33080005645752,8.350000381469727,8.329999923706055,8.34570026397705,6806,0.0,0.0
2023-07-10 15:30:00-04:00,8.34589958190918,8.369999885559082,8.345000267028809,8.369999885559082,4003,0.0,0.0
2023-07-11 09:30:00-04:00,8.390000343322754,8.390000343322754,8.345000267028809,8.350000381469727,0,0.0,0.0
2023-07-11 10:30:00-04:00,8.350099563598633,8.359999656677246,8.335000038146973,8.335000038146973,12093,0.0,0.0
2023-07-11 11:30:00-04:00,8.335000038146973,8.37720012664795,8.329999923706055,8.369999885559082,19338,0.0,0.0
2023-07-11 12:30:00-04:00,8.369999885559082,8.369999885559082,8.345000267028809,8.359999656677246,16081,0.0,0.0
2023-07-11 13:30:00-04:00,8.364999771118164,8.369999885559082,8.34000015258789,8.350000381469727,17961,0.0,0.0
2023-07-11 14:30:00-04:00,8.34000015258789,8.34000015258789,8.279999732971191,8.289999961853027,20739,0.0,0.0
2023-07-11 15:30:00-04:00,8.286100387573242,8.3149995803833,8.284000396728516,8.3100004196167,9707,0.0,0.0
2023-07-12 09:30:00-04:00,8.350000381469727,8.395000457763672,8.350000381469727,8.395000457763672,16565,0.0,0.0
2023-07-12 10:30:00-04:00,8.398500442504883,8.399999618530273,8.352999687194824,8.369199752807617,25836,0.0,0.0
2023-07-12 11:30:00-04:00,8.360899925231934,8.369999885559082,8.350000381469727,8.368200302124023,9665,0.0,0.0
2023-07-12 12:30:00-04:00,8.364999771118164,8.380000114440918,8.359999656677246,8.377799987792969,10280,0.0,0.0
2023-07-12 13:30:00-04:00,8.371000289916992,8.399999618530273,8.371000289916992,8.385000228881836,10542,0.0,0.0
2023-07-12 14:30:00-04:00,8.385000228881836,8.399999618530273,8.369999885559082,8.378199577331543,18901,0.0,0.0
2023-07-12 15:30:00-04:00,8.380000114440918,8.399999618530273,8.375,8.395000457763672,18223,0.0,0.0
2023-07-13 09:30:00-04:00,8.399999618530273,8.400699615478516,8.364999771118164,8.39109992980957,19155,0.0,0.0
2023-07-13 10:30:00-04:00,8.399999618530273,8.404999732971191,8.359999656677246,8.369999885559082,26999,0.0,0.0
2023-07-13 11:30:00-04:00,8.380000114440918,8.399999618530273,8.380000114440918,8.395000457763672,9949,0.0,0.0
2023-07-13 12:30:00-04:00,8.399999618530273,8.399999618530273,8.380000114440918,8.385000228881836,11046,0.0,0.0
2023-07-13 13:30:00-04:00,8.385000228881836,8.395000457763672,8.380000114440918,8.395000457763672,20946,0.0,0.0
2023-07-13 14:30:00-04:00,8.390000343322754,8.399999618530273,8.380000114440918,8.385000228881836,26475,0.0,0.0
2023-07-13 15:30:00-04:00,8.380000114440918,8.390000343322754,8.380000114440918,8.380000114440918,5719,0.0,0.0
2023-07-14 09:30:00-04:00,8.390000343322754,8.390000343322754,8.369999885559082,8.380000114440918,11563,0.0,0.0
2023-07-14 10:30:00-04:00,8.369999885559082,8.399999618530273,8.369999885559082,8.399999618530273,6384,0.0,0.0
2023-07-14 11:30:00-04:00,8.390000343322754,8.390000343322754,8.380999565124512,8.385000228881836,3590,0.0,0.0
2023-07-14 12:30:00-04:00,8.380000114440918,8.39009952545166,8.370599746704102,8.379899978637695,13220,0.0,0.0
2023-07-14 13:30:00-04:00,8.375,8.380000114440918,8.369999885559082,8.380000114440918,11878,0.0,0.0
2023-07-14 14:30:00-04:00,8.385000228881836,8.385000228881836,8.375,8.379899978637695,5088,0.0,0.0
2023-07-14 15:30:00-04:00,8.369999885559082,8.380000114440918,8.359999656677246,8.375,6924,0.0,0.0
2023-07-17 09:30:00-04:00,8.390000343322754,8.390000343322754,8.355999946594238,8.385000228881836,0,0.0,0.0
2023-07-17 10:30:00-04:00,8.385000228881836,8.390000343322754,8.381500244140625,8.381500244140625,3115,0.0,0.0
2023-07-17 11:30:00-04:00,8.385000228881836,8.38700008392334,8.375,8.378000259399414,12513,0.0,0.0
2023-07-17 12:30:00-04:00,8.375,8.375,8.351400375366211,8.351400375366211,2365,0.0,0.0
2023-07-17 13:30:00-04:00,8.354999542236328,8.354999542236328,8.3100004196167,8.345000267028809,42854,0.0,0.0
2023-07-17 14:30:00-04:00,8.350000381469727,8.350000381469727,8.34000015258789,8.345000267028809,4222,0.0,0.0
2023-07-17 15:30:00-04:00,8.345000267028809,8.350000381469727,8.34000015258789,8.34000015258789,5730,0.0,0.0
2023-07-18 09:30:00-04:00,8.350000381469727,8.350000381469727,8.329999923706055,8.34000015258789,34114,0.0,0.0
2023-07-18 10:30:00-04:00,8.34000015258789,8.350000381469727,8.34000015258789,8.345000267028809,20697,0.0,0.0
2023-07-18 11:30:00-04:00,8.345000267028809,8.369999885559082,8.345000267028809,8.359999656677246,15354,0.0,0.0
2023-07-18 12:30:00-04:00,8.364999771118164,8.369000434875488,8.34000015258789,8.369000434875488,42055,0.0,0.0
2023-07-18 13:30:00-04:00,8.369999885559082,8.38129997253418,8.369999885559082,8.380000114440918,10086,0.0,0.0
2023-07-18 14:30:00-04:00,8.380000114440918,8.390000343322754,8.380000114440918,8.390000343322754,14330,0.0,0.0
2023-07-18 15:30:00-04:00,8.390000343322754,8.390000343322754,8.380000114440918,8.385000228881836,12241,0.0,0.0
2023-07-19 09:30:00-04:00,8.420000076293945,8.43220043182373,8.399999618530273,8.414999961853027,32071,0.0,0.0
2023-07-19 10:30:00-04:00,8.420000076293945,8.430000305175781,8.414999961853027,8.414999961853027,6739,0.0,0.0
2023-07-19 11:30:00-04:00,8.420000076293945,8.430000305175781,8.414999961853027,8.420000076293945,5424,0.0,0.0
2023-07-19 12:30:00-04:00,8.414999961853027,8.414999961853027,8.411100387573242,8.411999702453613,2025,0.0,0.0
2023-07-19 13:30:00-04:00,8.414999961853027,8.460000038146973,8.40999984741211,8.449999809265137,60183,0.0,0.0
2023-07-19 14:30:00-04:00,8.4399995803833,8.45680046081543,8.4399995803833,8.444999694824219,18978,0.0,0.0
2023-07-19 15:30:00-04:00,8.440099716186523,8.449999809265137,8.4399995803833,8.449999809265137,5512,0.0,0.0
2023-07-20 09:30:00-04:00,8.449999809265137,8.449999809265137,8.40999984741211,8.420000076293945,10172,0.0,0.0
2023-07-20 10:30:00-04:00,8.420000076293945,8.425000190734863,8.400199890136719,8.420700073242188,7529,0.0,0.0
2023-07-20 11:30:00-04:00,8.425000190734863,8.460000038146973,8.410900115966797,8.449999809265137,16417,0.0,0.0
2023-07-20 12:30:00-04:00,8.4399995803833,8.4399995803833,8.410099983215332,8.424500465393066,6827,0.0,0.0
2023-07-20 13:30:00-04:00,8.430000305175781,8.449999809265137,8.399999618530273,8.404999732971191,10087,0.0,0.0
2023-07-20 14:30:00-04:00,8.400899887084961,8.40999984741211,8.345000267028809,8.350000381469727,40069,0.0,0.0
2023-07-20 15:30:00-04:00,8.369000434875488,8.399999618530273,8.359999656677246,8.380000114440918,38669,0.0,0.0
2023-07-21 09:30:00-04:00,8.359999656677246,8.359999656677246,8.279999732971191,8.34220027923584,0,0.0,0.0
2023-07-21 10:30:00-04:00,8.350000381469727,8.369999885559082,8.34000015258789,8.357500076293945,15851,0.0,0.0
2023-07-21 11:30:00-04:00,8.350000381469727,8.351200103759766,8.350000381469727,8.351200103759766,762,0.0,0.0
2023-07-21 12:30:00-04:00,8.354999542236328,8.354999542236328,8.34000015258789,8.341500282287598,4186,0.0,0.0
2023-07-21 13:30:00-04:00,8.341400146484375,8.354999542236328,8.335000038146973,8.350899696350098,18936,0.0,0.0
2023-07-21 14:30:00-04:00,8.354999542236328,8.354999542236328,8.34000015258789,8.350000381469727,18048,0.0,0.0
2023-07-21 15:30:00-04:00,8.350000381469727,8.359999656677246,8.34000015258789,8.34000015258789,7488,0.0,0.0
2023-07-24 09:30:00-04:00,8.34000015258789,8.380000114440918,8.34000015258789,8.350099563598633,0,0.0,0.0
2023-07-24 10:30:00-04:00,8.35569953918457,8.364999771118164,8.34000015258789,8.34000015258789,27774,0.0,0.0
2023-07-24 11:30:00-04:00,8.331299781799316,8.34000015258789,8.330100059509277,8.34000015258789,8396,0.0,0.0
2023-07-24 12:30:00-04:00,8.335000038146973,8.335000038146973,8.319999694824219,8.319999694824219,10485,0.0,0.0
2023-07-24 13:30:00-04:00,8.324999809265137,8.339900016784668,8.3149995803833,8.331500053405762,38029,0.0,0.0
2023-07-24 14:30:00-04:00,8.335000038146973,8.34000015258789,8.3149995803833,8.324600219726562,10047,0.0,0.0
2023-07-24 15:30:00-04:00,8.324999809265137,8.339900016784668,8.303600311279297,8.329999923706055,14047,0.0,0.0
2023-07-25 09:30:00-04:00,8.350000381469727,8.35990047454834,8.34000015258789,8.35990047454834,20729,0.0,0.0
2023-07-25 10:30:00-04:00,8.350000381469727,8.350000381469727,8.329999923706055,8.342900276184082,9364,0.0,0.0
2023-07-25 11:30:00-04:00,8.343600273132324,8.345000267028809,8.34000015258789,8.345000267028809,5100,0.0,0.0
2023-07-25 12:30:00-04:00,8.34000015258789,8.343000411987305,8.3100004196167,8.324999809265137,15561,0.0,0.0
2023-07-25 13:30:00-04:00,8.329999923706055,8.329999923706055,8.319999694824219,8.319999694824219,11827,0.0,0.0
2023-07-25 14:30:00-04:00,8.324999809265137,8.34000015258789,8.300000190734863,8.300000190734863,22729,0.0,0.0
2023-07-25 15:30:00-04:00,8.305000305175781,8.329999923706055,8.300000190734863,8.329999923706055,14432,0.0,0.0
2023-07-26 09:30:00-04:00,8.329999923706055,8.345000267028809,8.315899848937988,8.338800430297852,0,0.0,0.0
2023-07-26 10:30:00-04:00,8.335000038146973,8.34000015258789,8.319999694824219,8.329899787902832,9191,0.0,0.0
2023-07-26 11:30:00-04:00,8.324999809265137,8.329999923706055,8.320099830627441,8.320099830627441,10779,0.0,0.0
2023-07-26 12:30:00-04:00,8.319999694824219,8.329999923706055,8.300000190734863,8.302499771118164,14352,0.0,0.0
2023-07-26 13:30:00-04:00,8.300000190734863,8.3100004196167,8.279999732971191,8.28499984741211,29505,0.0,0.0
2023-07-26 14:30:00-04:00,8.28499984741211,8.300100326538086,8.274999618530273,8.274999618530273,19191,0.0,0.0
2023-07-26 15:30:00-04:00,8.274999618530273,8.3100004196167,8.270000457763672,8.305000305175781,19335,0.0,0.0
2023-07-27 09:30:00-04:00,8.319999694824219,8.350000381469727,8.289999961853027,8.295000076293945,0,0.0,0.0
2023-07-27 10:30:00-04:00,8.300000190734863,8.311200141906738,8.298999786376953,8.305399894714355,7687,0.0,0.0
2023-07-27 11:30:00-04:00,8.305000305175781,8.319999694824219,8.300000190734863,8.3149995803833,12144,0.0,0.0
2023-07-27 12:30:00-04:00,8.3149995803833,8.324999809265137,8.289999961853027,8.300000190734863,33344,0.0,0.0
2023-07-27 13:30:00-04:00,8.300000190734863,8.300000190734863,8.260000228881836,8.279999732971191,30043,0.0,0.0
2023-07-27 14:30:00-04:00,8.274999618530273,8.274999618530273,8.25,8.265000343322754,21937,0.0,0.0
2023-07-27 15:30:00-04:00,8.2608003616333,8.2608003616333,8.239999771118164,8.239999771118164,16963,0.0,0.0
2023-07-28 09:30:00-04:00,8.270000457763672,8.32759952545166,8.270000457763672,8.298999786376953,24441,0.0,0.0
2023-07-28 10:30:00-04:00,8.29010009765625,8.3149995803833,8.28499984741211,8.299400329589844,23742,0.0,0.0
2023-07-28 11:30:00-04:00,8.289999961853027,8.29010009765625,8.260000228881836,8.260000228881836,39911,0.0,0.0
2023-07-28 12:30:00-04:00,8.270000457763672,8.270000457763672,8.25,8.260000228881836,36389,0.0,0.0
2023-07-28 13:30:00-04:00,8.260000228881836,8.260000228881836,8.229999542236328,8.239999771118164,50922,0.0,0.0
2023-07-28 14:30:00-04:00,8.25,8.260000228881836,8.229999542236328,8.230400085449219,39857,0.0,0.0
2023-07-28 15:30:00-04:00,8.234999656677246,8.260000228881836,8.229999542236328,8.25,24400,0.0,0.0
2023-07-31 09:30:00-04:00,8.300000190734863,8.309900283813477,8.25,8.279999732971191,0,0.0,0.0
2023-07-31 10:30:00-04:00,8.270000457763672,8.279999732971191,8.270000457763672,8.274999618530273,9552,0.0,0.0
2023-07-31 11:30:00-04:00,8.270099639892578,8.289999961853027,8.270000457763672,8.28499984741211,12795,0.0,0.0
2023-07-31 12:30:00-04:00,8.289999961853027,8.289999961853027,8.240099906921387,8.244999885559082,24913,0.0,0.0
2023-07-31 13:30:00-04:00,8.244999885559082,8.259400367736816,8.240099906921387,8.259400367736816,5800,0.0,0.0
2023-07-31 14:30:00-04:00,8.255000114440918,8.279999732971191,8.255000114440918,8.265000343322754,18841,0.0,0.0
2023-07-31 15:30:00-04:00,8.260000228881836,8.270000457763672,8.25,8.270000457763672,14986,0.0,0.0
2023-08-01 09:30:00-04:00,8.25,8.279999732971191,8.25,8.260000228881836,9872,0.0,0.0
2023-08-01 10:30:00-04:00,8.265000343322754,8.274999618530273,8.25,8.259200096130371,8528,0.0,0.0
2023-08-01 11:30:00-04:00,8.25,8.260000228881836,8.239999771118164,8.244999885559082,12065,0.0,0.0
2023-08-01 12:30:00-04:00,8.25,8.260000228881836,8.244999885559082,8.260000228881836,12721,0.0,0.0
2023-08-01 13:30:00-04:00,8.260000228881836,8.260000228881836,8.250100135803223,8.260000228881836,14652,0.0,0.0
2023-08-01 14:30:00-04:00,8.260000228881836,8.260000228881836,8.25,8.25,12029,0.0,0.0
2023-08-01 15:30:00-04:00,8.255000114440918,8.260000228881836,8.254799842834473,8.260000228881836,2242,0.0,0.0
2023-08-02 09:30:00-04:00,8.1899995803833,8.28969955444336,8.15999984741211,8.220000267028809,37373,0.0,0.0
2023-08-02 10:30:00-04:00,8.210000038146973,8.21500015258789,8.170000076293945,8.180000305175781,12984,0.0,0.0
2023-08-02 11:30:00-04:00,8.1850004196167,8.199999809265137,8.175000190734863,8.199999809265137,10198,0.0,0.0
2023-08-02 12:30:00-04:00,8.199999809265137,8.21500015258789,8.199999809265137,8.210000038146973,12452,0.0,0.0
2023-08-02 13:30:00-04:00,8.210000038146973,8.210000038146973,8.190999984741211,8.194999694824219,10152,0.0,0.0
2023-08-02 14:30:00-04:00,8.199999809265137,8.220000267028809,8.1899995803833,8.1899995803833,57890,0.0,0.0
2023-08-02 15:30:00-04:00,8.1899995803833,8.194999694824219,8.1899995803833,8.1899995803833,2932,0.0,0.0
2023-08-03 09:30:00-04:00,8.15999984741211,8.199999809265137,8.15999984741211,8.180000305175781,0,0.0,0.0
2023-08-03 10:30:00-04:00,8.180000305175781,8.199999809265137,8.180000305175781,8.199999809265137,7317,0.0,0.0
2023-08-03 11:30:00-04:00,8.1899995803833,8.1899995803833,8.180000305175781,8.1899995803833,2751,0.0,0.0
2023-08-03 12:30:00-04:00,8.1899995803833,8.229999542236328,8.1899995803833,8.208800315856934,18559,0.0,0.0
2023-08-03 13:30:00-04:00,8.206700325012207,8.206700325012207,8.175000190734863,8.175000190734863,10097,0.0,0.0
2023-08-03 14:30:00-04:00,8.180000305175781,8.180000305175781,8.170999526977539,8.170999526977539,7393,0.0,0.0
2023-08-03 15:30:00-04:00,8.170900344848633,8.174099922180176,8.140000343322754,8.15999984741211,26052,0.0,0.0
2023-08-04 09:30:00-04:00,8.180000305175781,8.207500457763672,8.15999984741211,8.164999961853027,14455,0.0,0.0
2023-08-04 10:30:00-04:00,8.175000190734863,8.199999809265137,8.175000190734863,8.1899995803833,5669,0.0,0.0
2023-08-04 11:30:00-04:00,8.194999694824219,8.229999542236328,8.194999694824219,8.225000381469727,22613,0.0,0.0
2023-08-04 12:30:00-04:00,8.229999542236328,8.244999885559082,8.220999717712402,8.239999771118164,13359,0.0,0.0
2023-08-04 13:30:00-04:00,8.239999771118164,8.239999771118164,8.175000190734863,8.175000190734863,25670,0.0,0.0
2023-08-04 14:30:00-04:00,8.169899940490723,8.169899940490723,8.140000343322754,8.140000343322754,22171,0.0,0.0
2023-08-04 15:30:00-04:00,8.140000343322754,8.140000343322754,8.130000114440918,8.135000228881836,4408,0.0,0.0
2023-08-07 09:30:00-04:00,8.15999984741211,8.220000267028809,8.15999984741211,8.21500015258789,0,0.0,0.0
2023-08-07 10:30:00-04:00,8.21500015258789,8.220000267028809,8.170100212097168,8.208700180053711,24708,0.0,0.0
2023-08-07 11:30:00-04:00,8.210000038146973,8.229999542236328,8.191100120544434,8.220000267028809,18571,0.0,0.0
2023-08-07 12:30:00-04:00,8.220000267028809,8.229999542236328,8.220000267028809,8.229999542236328,13971,0.0,0.0
2023-08-07 13:30:00-04:00,8.229999542236328,8.229999542236328,8.210000038146973,8.21500015258789,9057,0.0,0.0
2023-08-07 14:30:00-04:00,8.21500015258789,8.218199729919434,8.21500015258789,8.21500015258789,2582,0.0,0.0
2023-08-07 15:30:00-04:00,8.21500015258789,8.21500015258789,8.199999809265137,8.210000038146973,8892,0.0,0.0
2023-08-08 09:30:00-04:00,8.202500343322754,8.202500343322754,8.130000114440918,8.149999618530273,0,0.0,0.0
2023-08-08 10:30:00-04:00,8.14229965209961,8.149999618530273,8.119999885559082,8.13010025024414,19540,0.0,0.0
2023-08-08 11:30:00-04:00,8.145000457763672,8.15999984741211,8.130000114440918,8.135000228881836,9889,0.0,0.0
2023-08-08 12:30:00-04:00,8.138899803161621,8.140000343322754,8.119999885559082,8.130000114440918,9510,0.0,0.0
2023-08-08 13:30:00-04:00,8.130000114440918,8.140000343322754,8.119999885559082,8.135000228881836,17865,0.0,0.0
2023-08-08 14:30:00-04:00,8.140000343322754,8.15999984741211,8.130000114440918,8.15999984741211,18747,0.0,0.0
2023-08-08 15:30:00-04:00,8.154999732971191,8.1899995803833,8.145000457763672,8.1850004196167,28747,0.0,0.0
2023-08-09 09:30:00-04:00,8.1899995803833,8.1899995803833,8.166399955749512,8.1850004196167,17586,0.0,0.0
2023-08-09 10:30:00-04:00,8.1850004196167,8.1850004196167,8.140000343322754,8.140000343322754,21387,0.0,0.0
2023-08-09 11:30:00-04:00,8.135000228881836,8.145000457763672,8.119999885559082,8.140000343322754,10923,0.0,0.0
2023-08-09 12:30:00-04:00,8.149999618530273,8.15999984741211,8.145000457763672,8.15999984741211,2819,0.0,0.0
2023-08-09 13:30:00-04:00,8.169400215148926,8.169400215148926,8.161800384521484,8.161800384521484,2870,0.0,0.0
2023-08-09 14:30:00-04:00,8.170000076293945,8.1899995803833,8.170000076293945,8.1850004196167,10972,0.0,0.0
2023-08-09 15:30:00-04:00,8.180000305175781,8.180000305175781,8.140000343322754,8.140000343322754,12538,0.0,0.0
2023-08-10 09:30:00-04:00,8.15999984741211,8.279999732971191,8.15999984741211,8.265000343322754,41548,0.0,0.0
2023-08-10 10:30:00-04:00,8.260000228881836,8.260000228881836,8.21500015258789,8.21500015258789,9147,0.0,0.0
2023-08-10 11:30:00-04:00,8.220100402832031,8.229900360107422,8.180000305175781,8.1899995803833,18519,0.0,0.0
2023-08-10 12:30:00-04:00,8.18690013885498,8.199999809265137,8.170000076293945,8.170000076293945,10948,0.0,0.0
2023-08-10 13:30:00-04:00,8.15999984741211,8.1899995803833,8.149999618530273,8.180000305175781,22282,0.0,0.0
2023-08-10 14:30:00-04:00,8.177000045776367,8.1850004196167,8.170000076293945,8.175000190734863,11618,0.0,0.0
2023-08-10 15:30:00-04:00,8.175000190734863,8.180000305175781,8.164999961853027,8.180000305175781,10128,0.0,0.0
2023-08-11 09:30:00-04:00,8.130000114440918,8.1850004196167,8.130000114440918,8.170000076293945,51494,0.0,0.0
2023-08-11 10:30:00-04:00,8.180000305175781,8.180000305175781,8.119999885559082,8.149700164794922,31228,0.0,0.0
2023-08-11 11:30:00-04:00,8.149999618530273,8.15999984741211,8.140000343322754,8.149999618530273,6899,0.0,0.0
2023-08-11 12:30:00-04:00,8.140000343322754,8.140000343322754,8.130000114440918,8.140000343322754,2978,0.0,0.0
2023-08-11 13:30:00-04:00,8.149999618530273,8.149999618530273,8.124899864196777,8.140000343322754,9972,0.0,0.0
2023-08-11 14:30:00-04:00,8.149999618530273,8.15999984741211,8.147000312805176,8.149999618530273,19003,0.0,0.0
2023-08-11 15:30:00-04:00,8.140000343322754,8.149999618530273,8.140000343322754,8.140000343322754,3073,0.0,0.0
2023-08-14 09:30:00-04:00,8.15999984741211,8.180000305175781,8.124199867248535,8.140000343322754,0,0.0,0.0
2023-08-14 10:30:00-04:00,8.140000343322754,8.150099754333496,8.140000343322754,8.150099754333496,27274,0.0,0.0
2023-08-14 11:30:00-04:00,8.15999984741211,8.15999984741211,8.14799976348877,8.14799976348877,9632,0.0,0.0
2023-08-14 12:30:00-04:00,8.14169979095459,8.149999618530273,8.140000343322754,8.140000343322754,2388,0.0,0.0
2023-08-14 13:30:00-04:00,8.149999618530273,8.149999618530273,8.135000228881836,8.140000343322754,3309,0.0,0.0
2023-08-14 14:30:00-04:00,8.149900436401367,8.170000076293945,8.145000457763672,8.154999732971191,22734,0.0,0.0
2023-08-14 15:30:00-04:00,8.15999984741211,8.170000076293945,8.15999984741211,8.170000076293945,7109,0.0,0.0
2023-08-15 09:30:00-04:00,8.140000343322754,8.176799774169922,8.0600004196167,8.070099830627441,0,0.0,0.0
2023-08-15 10:30:00-04:00,8.069999694824219,8.100000381469727,8.069999694824219,8.093299865722656,7815,0.0,0.0
2023-08-15 11:30:00-04:00,8.100000381469727,8.109999656677246,8.09000015258789,8.100000381469727,10980,0.0,0.0
2023-08-15 12:30:00-04:00,8.095000267028809,8.099800109863281,8.07800006866455,8.099200248718262,13783,0.0,0.0
2023-08-15 13:30:00-04:00,8.09000015258789,8.09000015258789,8.079999923706055,8.079999923706055,12066,0.0,0.0
2023-08-15 14:30:00-04:00,8.08810043334961,8.09000015258789,8.0600004196167,8.069899559020996,10943,0.0,0.0
2023-08-15 15:30:00-04:00,8.0600004196167,8.079999923706055,8.050000190734863,8.069999694824219,29016,0.0,0.0
2023-08-16 09:30:00-04:00,8.039999961853027,8.121199607849121,8.020000457763672,8.119999885559082,25885,0.0,0.0
2023-08-16 10:30:00-04:00,8.10990047454834,8.119999885559082,8.104999542236328,8.110099792480469,4289,0.0,0.0
2023-08-16 11:30:00-04:00,8.104999542236328,8.104999542236328,8.069999694824219,8.069999694824219,3951,0.0,0.0
2023-08-16 12:30:00-04:00,8.069100379943848,8.069999694824219,8.055000305175781,8.055000305175781,5403,0.0,0.0
2023-08-16 13:30:00-04:00,8.0600004196167,8.100000381469727,8.055000305175781,8.100000381469727,10766,0.0,0.0
2023-08-16 14:30:00-04:00,8.09000015258789,8.100000381469727,8.050000190734863,8.050000190734863,15112,0.0,0.0
2023-08-16 15:30:00-04:00,8.050000190734863,8.059900283813477,8.039999961853027,8.050000190734863,14859,0.0,0.0
2023-08-17 09:30:00-04:00,8.0600004196167,8.100000381469727,8.059200286865234,8.082799911499023,0,0.0,0.0
2023-08-17 10:30:00-04:00,8.079999923706055,8.09000015258789,8.069999694824219,8.069999694824219,10310,0.0,0.0
2023-08-17 11:30:00-04:00,8.076299667358398,8.085000038146973,8.062100410461426,8.085000038146973,11695,0.0,0.0
2023-08-17 12:30:00-04:00,8.085000038146973,8.085000038146973,8.050000190734863,8.05090045928955,46048,0.0,0.0
2023-08-17 13:30:00-04:00,8.050100326538086,8.050100326538086,8.019100189208984,8.029899597167969,15488,0.0,0.0
2023-08-17 14:30:00-04:00,8.029899597167969,8.029899597167969,7.954999923706055,7.960000038146973,27328,0.0,0.0
2023-08-17 15:30:00-04:00,7.96999979019165,7.994999885559082,7.960000038146973,7.989999771118164,16677,0.0,0.0
2023-08-18 09:30:00-04:00,7.940000057220459,8.010000228881836,7.940000057220459,7.977700233459473,36428,0.0,0.0
2023-08-18 10:30:00-04:00,7.979899883270264,8.024999618530273,7.979899883270264,8.010600090026855,14553,0.0,0.0
2023-08-18 11:30:00-04:00,8.015000343322754,8.03499984741211,7.980000019073486,8.034500122070312,15019,0.0,0.0
2023-08-18 12:30:00-04:00,8.029999732971191,8.039999961853027,8.010000228881836,8.010000228881836,11885,0.0,0.0
2023-08-18 13:30:00-04:00,8.016300201416016,8.039999961853027,8.010000228881836,8.020000457763672,11625,0.0,0.0
2023-08-18 14:30:00-04:00,8.029999732971191,8.0600004196167,8.029999732971191,8.055000305175781,36523,0.0,0.0
2023-08-18 15:30:00-04:00,8.055000305175781,8.0600004196167,8.050000190734863,8.050000190734863,11896,0.0,0.0
2023-08-21 09:30:00-04:00,7.980000019073486,8.010000228881836,7.950099945068359,7.96999979019165,29584,0.0,0.0
2023-08-21 10:30:00-04:00,7.965000152587891,7.980000019073486,7.940000057220459,7.940000057220459,39315,0.0,0.0
2023-08-21 11:30:00-04:00,7.929999828338623,7.946100234985352,7.911799907684326,7.934999942779541,19052,0.0,0.0
2023-08-21 12:30:00-04:00,7.934999942779541,7.940000057220459,7.914999961853027,7.940000057220459,32445,0.0,0.0
2023-08-21 13:30:00-04:00,7.940000057220459,7.960000038146973,7.940000057220459,7.960000038146973,7701,0.0,0.0
2023-08-21 14:30:00-04:00,7.954999923706055,7.954999923706055,7.949999809265137,7.9527997970581055,1866,0.0,0.0
2023-08-21 15:30:00-04:00,7.960000038146973,7.980000019073486,7.954999923706055,7.96999979019165,6287,0.0,0.0
2023-08-22 09:30:00-04:00,8.0,8.0,7.96999979019165,7.980000019073486,17254,0.0,0.0
2023-08-22 10:30:00-04:00,7.96999979019165,8.0,7.96999979019165,7.989999771118164,0,0.0,0.0
2023-08-22 11:30:00-04:00,7.980100154876709,7.985000133514404,7.95989990234375,7.96019983291626,50581,0.0,0.0
2023-08-22 12:30:00-04:00,7.96999979019165,7.974999904632568,7.940299987792969,7.940299987792969,2382,0.0,0.0
2023-08-22 13:30:00-04:00,7.940199851989746,7.960000038146973,7.940000057220459,7.960000038146973,8523,0.0,0.0
2023-08-22 14:30:00-04:00,7.953800201416016,7.960000038146973,7.940000057220459,7.949999809265137,13577,0.0,0.0
2023-08-22 15:30:00-04:00,7.949999809265137,7.949999809265137,7.934999942779541,7.949999809265137,3158,0.0,0.0
2023-08-23 09:30:00-04:00,7.949999809265137,8.0,7.949999809265137,7.978700160980225,0,0.0,0.0
2023-08-23 10:30:00-04:00,7.980000019073486,8.0,7.979899883270264,8.0,3873,0.0,0.0
2023-08-23 11:30:00-04:00,8.008999824523926,8.039999961853027,8.008600234985352,8.023599624633789,27737,0.0,0.0
2023-08-23 12:30:00-04:00,8.024999618530273,8.038999557495117,8.024999618530273,8.038999557495117,7013,0.0,0.0
2023-08-23 13:30:00-04:00,8.039999961853027,8.050000190734863,8.03499984741211,8.03499984741211,20708,0.0,0.0
2023-08-23 14:30:00-04:00,8.029999732971191,8.039999961853027,8.029999732971191,8.029999732971191,17890,0.0,0.0
2023-08-23 15:30:00-04:00,8.03499984741211,8.039999961853027,8.029999732971191,8.039999961853027,9213,0.0,0.0
2023-08-24 09:30:00-04:00,8.069999694824219,8.069999694824219,8.020000457763672,8.020000457763672,16773,0.0,0.0
2023-08-24 10:30:00-04:00,8.005000114440918,8.010000228881836,7.960000038146973,7.960000038146973,12737,0.0,0.0
2023-08-24 11:30:00-04:00,7.960000038146973,7.960000038146973,7.940000057220459,7.946100234985352,26365,0.0,0.0
2023-08-24 12:30:00-04:00,7.949999809265137,7.950099945068359,7.909999847412109,7.920000076293945,22614,0.0,0.0
2023-08-24 13:30:00-04:00,7.925000190734863,7.940000057220459,7.925000190734863,7.940000057220459,5104,0.0,0.0
2023-08-24 14:30:00-04:00,7.948999881744385,7.948999881744385,7.909999847412109,7.925000190734863,19712,0.0,0.0
2023-08-24 15:30:00-04:00,7.92080020904541,7.929999828338623,7.885000228881836,7.889999866485596,36254,0.0,0.0
2023-08-25 09:30:00-04:00,7.889999866485596,7.989999771118164,7.889999866485596,7.929999828338623,43068,0.0,0.0
2023-08-25 10:30:00-04:00,7.929999828338623,7.939899921417236,7.900000095367432,7.917900085449219,11019,0.0,0.0
2023-08-25 11:30:00-04:00,7.929999828338623,7.929999828338623,7.910099983215332,7.920000076293945,9241,0.0,0.0
2023-08-25 12:30:00-04:00,7.929999828338623,7.940000057220459,7.925000190734863,7.929999828338623,7637,0.0,0.0
2023-08-25 13:30:00-04:00,7.921999931335449,7.960000038146973,7.920100212097168,7.960000038146973,12359,0.0,0.0
2023-08-25 14:30:00-04:00,7.96999979019165,7.989999771118164,7.960000038146973,7.989999771118164,16930,0.0,0.0
2023-08-25 15:30:00-04:00,7.980000019073486,7.980000019073486,7.929999828338623,7.940000057220459,25302,0.0,0.0
2023-08-28 09:30:00-04:00,7.980000019073486,7.9899001121521,7.965000152587891,7.965000152587891,14133,0.0,0.0
2023-08-28 10:30:00-04:00,7.980000019073486,7.980000019073486,7.949999809265137,7.949999809265137,14887,0.0,0.0
2023-08-28 11:30:00-04:00,7.952000141143799,7.960000038146973,7.945000171661377,7.945000171661377,8508,0.0,0.0
2023-08-28 12:30:00-04:00,7.948999881744385,7.949900150299072,7.929999828338623,7.949900150299072,11070,0.0,0.0
2023-08-28 13:30:00-04:00,7.941999912261963,7.941999912261963,7.909999847412109,7.914999961853027,11997,0.0,0.0
2023-08-28 14:30:00-04:00,7.914400100708008,7.929999828338623,7.909999847412109,7.920100212097168,17625,0.0,0.0
2023-08-28 15:30:00-04:00,7.925000190734863,7.949999809265137,7.920000076293945,7.940000057220459,30773,0.0,0.0
2023-08-29 09:30:00-04:00,7.929999828338623,7.96999979019165,7.929999828338623,7.96999979019165,0,0.0,0.0
2023-08-29 10:30:00-04:00,7.980000019073486,8.010000228881836,7.979899883270264,8.010000228881836,20274,0.0,0.0
2023-08-29 11:30:00-04:00,8.010000228881836,8.020099639892578,8.010000228881836,8.020000457763672,4645,0.0,0.0
2023-08-29 12:30:00-04:00,8.000100135803223,8.015000343322754,8.000100135803223,8.010899543762207,3300,0.0,0.0
2023-08-29 13:30:00-04:00,8.011199951171875,8.01990032196045,8.0,8.0,5319,0.0,0.0
2023-08-29 14:30:00-04:00,8.010000228881836,8.029000282287598,8.0,8.024999618530273,37356,0.0,0.0
2023-08-29 15:30:00-04:00,8.024999618530273,8.029999732971191,8.020000457763672,8.024999618530273,8094,0.0,0.0
2023-08-30 09:30:00-04:00,8.039999961853027,8.039999961853027,8.0,8.00790023803711,25878,0.0,0.0
2023-08-30 10:30:00-04:00,8.005000114440918,8.029999732971191,8.005000114440918,8.024999618530273,4007,0.0,0.0
2023-08-30 11:30:00-04:00,8.024999618530273,8.029999732971191,8.020000457763672,8.024999618530273,7331,0.0,0.0
2023-08-30 12:30:00-04:00,8.024999618530273,8.050000190734863,8.020000457763672,8.050000190734863,21050,0.0,0.0
2023-08-30 13:30:00-04:00,8.050000190734863,8.050000190734863,8.024999618530273,8.029899597167969,5546,0.0,0.0
2023-08-30 14:30:00-04:00,8.024999618530273,8.050000190734863,8.024999618530273,8.045000076293945,10473,0.0,0.0
2023-08-30 15:30:00-04:00,8.04010009765625,8.050000190734863,8.039999961853027,8.050000190734863,10467,0.0,0.0
2023-08-31 09:30:00-04:00,8.079999923706055,8.09000015258789,8.0600004196167,8.09000015258789,0,0.0,0.0
2023-08-31 10:30:00-04:00,8.09000015258789,8.09000015258789,8.0600004196167,8.079999923706055,30220,0.0,0.0
2023-08-31 11:30:00-04:00,8.079700469970703,8.09000015258789,8.069999694824219,8.079999923706055,24769,0.0,0.0
2023-08-31 12:30:00-04:00,8.078100204467773,8.09000015258789,8.0649995803833,8.09000015258789,24088,0.0,0.0
2023-08-31 13:30:00-04:00,8.081999778747559,8.100000381469727,8.079999923706055,8.095000267028809,35181,0.0,0.0
2023-08-31 14:30:00-04:00,8.095000267028809,8.095000267028809,8.079999923706055,8.09000015258789,6677,0.0,0.0
2023-08-31 15:30:00-04:00,8.080100059509277,8.080100059509277,8.0600004196167,8.069999694824219,13237,0.0,0.0
2023-09-01 09:30:00-04:00,8.079999923706055,8.09000015258789,8.0649995803833,8.081299781799316,10303,0.0,0.0
2023-09-01 10:30:00-04:00,8.079999923706055,8.080100059509277,8.0600004196167,8.066100120544434,14562,0.0,0.0
2023-09-01 11:30:00-04:00,8.0600004196167,8.0649995803833,8.039999961853027,8.039999961853027,19156,0.0,0.0
2023-09-01 12:30:00-04:00,8.050000190734863,8.0600004196167,8.039999961853027,8.0600004196167,9634,0.0,0.0
2023-09-01 13:30:00-04:00,8.059800148010254,8.079899787902832,8.050000190734863,8.069999694824219,22964,0.0,0.0
2023-09-01 14:30:00-04:00,8.070099830627441,8.073599815368652,8.0600004196167,8.0600004196167,14586,0.0,0.0
2023-09-01 15:30:00-04:00,8.060099601745605,8.079999923706055,8.0600004196167,8.069999694824219,5270,0.0,0.0
2023-09-05 09:30:00-04:00,8.050000190734863,8.050000190734863,8.020000457763672,8.038599967956543,60571,0.0,0.0
2023-09-05 10:30:00-04:00,8.029999732971191,8.039999961853027,8.020000457763672,8.029999732971191,23161,0.0,0.0
2023-09-05 11:30:00-04:00,8.029999732971191,8.045000076293945,8.020000457763672,8.039999961853027,32932,0.0,0.0
2023-09-05 12:30:00-04:00,8.045000076293945,8.0600004196167,8.039999961853027,8.055000305175781,7675,0.0,0.0
2023-09-05 13:30:00-04:00,8.055000305175781,8.0600004196167,8.043899536132812,8.0600004196167,16249,0.0,0.0
2023-09-05 14:30:00-04:00,8.058699607849121,8.058699607849121,8.045000076293945,8.050000190734863,3955,0.0,0.0
2023-09-05 15:30:00-04:00,8.047499656677246,8.050000190734863,8.03499984741211,8.039999961853027,5479,0.0,0.0
2023-09-06 09:30:00-04:00,8.010000228881836,8.029999732971191,8.001999855041504,8.010000228881836,10287,0.0,0.0
2023-09-06 10:30:00-04:00,8.020000457763672,8.020000457763672,7.980000019073486,8.0,13027,0.0,0.0
2023-09-06 11:30:00-04:00,8.010000228881836,8.010000228881836,8.0,8.005000114440918,10152,0.0,0.0
2023-09-06 12:30:00-04:00,8.005000114440918,8.005000114440918,7.96999979019165,7.994999885559082,26677,0.0,0.0
2023-09-06 13:30:00-04:00,8.0,8.010000228881836,7.989999771118164,7.989999771118164,6695,0.0,0.0
2023-09-06 14:30:00-04:00,7.989999771118164,8.010000228881836,7.989999771118164,7.989999771118164,23685,0.0,0.0
2023-09-06 15:30:00-04:00,7.989999771118164,7.990300178527832,7.965000152587891,7.974999904632568,18321,0.0,0.0
2023-09-07 09:30:00-04:00,7.909999847412109,7.96999979019165,7.909999847412109,7.929999828338623,26774,0.0,0.0
2023-09-07 10:30:00-04:00,7.929999828338623,7.949999809265137,7.92140007019043,7.940000057220459,29376,0.0,0.0
2023-09-07 11:30:00-04:00,7.940000057220459,7.958799839019775,7.929999828338623,7.954999923706055,21737,0.0,0.0
2023-09-07 12:30:00-04:00,7.949999809265137,7.954999923706055,7.920000076293945,7.925000190734863,28714,0.0,0.0
2023-09-07 13:30:00-04:00,7.925000190734863,7.929999828338623,7.909999847412109,7.909999847412109,21236,0.0,0.0
2023-09-07 14:30:00-04:00,7.909999847412109,7.920000076293945,7.909999847412109,7.909999847412109,10751,0.0,0.0
2023-09-07 15:30:00-04:00,7.909999847412109,7.920000076293945,7.909999847412109,7.909999847412109,13206,0.0,0.0
2023-09-08 09:30:00-04:00,7.920000076293945,7.949999809265137,7.920000076293945,7.940000057220459,0,0.0,0.0
2023-09-08 10:30:00-04:00,7.945000171661377,7.949999809265137,7.934999942779541,7.940000057220459,15281,0.0,0.0
2023-09-08 11:30:00-04:00,7.940000057220459,7.949999809265137,7.933499813079834,7.940000057220459,24093,0.0,0.0
2023-09-08 12:30:00-04:00,7.945000171661377,7.960000038146973,7.940000057220459,7.949999809265137,8825,0.0,0.0
2023-09-08 13:30:00-04:00,7.954999923706055,7.96999979019165,7.949999809265137,7.954999923706055,15266,0.0,0.0
2023-09-08 14:30:00-04:00,7.949999809265137,7.960000038146973,7.929999828338623,7.929999828338623,9509,0.0,0.0
2023-09-08 15:30:00-04:00,7.940000057220459,7.960000038146973,7.929999828338623,7.954999923706055,10555,0.0,0.0
2023-09-11 09:30:00-04:00,8.0,8.0,7.940000057220459,7.960000038146973,0,0.0,0.0
2023-09-11 10:30:00-04:00,7.960000038146973,7.974999904632568,7.949999809265137,7.949999809265137,18939,0.0,0.0
2023-09-11 11:30:00-04:00,7.954999923706055,7.96999979019165,7.949999809265137,7.960000038146973,16246,0.0,0.0
2023-09-11 12:30:00-04:00,7.960000038146973,7.969900131225586,7.940000057220459,7.949999809265137,29993,0.0,0.0
2023-09-11 13:30:00-04:00,7.949999809265137,7.960000038146973,7.949999809265137,7.949999809265137,21424,0.0,0.0
2023-09-11 14:30:00-04:00,7.949999809265137,7.95989990234375,7.949999809265137,7.949999809265137,15370,0.0,0.0
2023-09-11 15:30:00-04:00,7.949999809265137,7.958799839019775,7.940000057220459,7.940000057220459,17729,0.0,0.0
2023-09-12 09:30:00-04:00,7.929999828338623,7.929999828338623,7.900000095367432,7.909999847412109,0,0.0,0.0
2023-09-12 10:30:00-04:00,7.914999961853027,7.940000057220459,7.909999847412109,7.920000076293945,20991,0.0,0.0
2023-09-12 11:30:00-04:00,7.925000190734863,7.940000057220459,7.909999847412109,7.918700218200684,12152,0.0,0.0
2023-09-12 12:30:00-04:00,7.909999847412109,7.920000076293945,7.900000095367432,7.920000076293945,14310,0.0,0.0
2023-09-12 13:30:00-04:00,7.925000190734863,7.934999942779541,7.900000095367432,7.909999847412109,15447,0.0,0.0
2023-09-12 14:30:00-04:00,7.900000095367432,7.909999847412109,7.880000114440918,7.885000228881836,13371,0.0,0.0
2023-09-12 15:30:00-04:00,7.880000114440918,7.889999866485596,7.869999885559082,7.875,36324,0.0,0.0
2023-09-13 09:30:00-04:00,7.889999866485596,7.889999866485596,7.855000019073486,7.864999771118164,0,0.0,0.0
2023-09-13 10:30:00-04:00,7.864999771118164,7.889999866485596,7.860000133514404,7.889999866485596,17218,0.0,0.0
2023-09-13 11:30:00-04:00,7.880099773406982,7.889999866485596,7.869999885559082,7.875,20482,0.0,0.0
2023-09-13 12:30:00-04:00,7.869999885559082,7.889999866485596,7.869999885559082,7.885000228881836,7130,0.0,0.0
2023-09-13 13:30:00-04:00,7.885000228881836,7.889999866485596,7.869999885559082,7.874100208282471,27007,0.0,0.0
2023-09-13 14:30:00-04:00,7.869999885559082,7.869999885559082,7.820000171661377,7.824999809265137,44055,0.0,0.0
2023-09-13 15:30:00-04:00,7.820000171661377,7.824999809265137,7.75,7.75,149683,0.0,0.0
2023-09-14 09:30:00-04:00,7.829999923706055,7.840000152587891,7.7941999435424805,7.800000190734863,41951,0.0,0.0
2023-09-14 10:30:00-04:00,7.800000190734863,7.828800201416016,7.800000190734863,7.820000171661377,15392,0.0,0.0
2023-09-14 11:30:00-04:00,7.81879997253418,7.829899787902832,7.811100006103516,7.829899787902832,2873,0.0,0.0
2023-09-14 12:30:00-04:00,7.824999809265137,7.829999923706055,7.820099830627441,7.824999809265137,5722,0.0,0.0
2023-09-14 13:30:00-04:00,7.820099830627441,7.820099830627441,7.789999961853027,7.795000076293945,33296,0.0,0.0
2023-09-14 14:30:00-04:00,7.789999961853027,7.820000171661377,7.789999961853027,7.815000057220459,40031,0.0,0.0
2023-09-14 15:30:00-04:00,7.815000057220459,7.840000152587891,7.815000057220459,7.840000152587891,18021,0.0,0.0
2023-09-15 09:30:00-04:00,7.809999942779541,7.859899997711182,7.800000190734863,7.808899879455566,31412,0.0,0.0
2023-09-15 10:30:00-04:00,7.80019998550415,7.809999942779541,7.78439998626709,7.798999786376953,10243,0.0,0.0
2023-09-15 11:30:00-04:00,7.800000190734863,7.820000171661377,7.800000190734863,7.804999828338623,23977,0.0,0.0
2023-09-15 12:30:00-04:00,7.807799816131592,7.809999942779541,7.78000020980835,7.784999847412109,12137,0.0,0.0
2023-09-15 13:30:00-04:00,7.784900188446045,7.789999961853027,7.784900188446045,7.788599967956543,10185,0.0,0.0
2023-09-15 14:30:00-04:00,7.784999847412109,7.789999961853027,7.78000020980835,7.78000020980835,26001,0.0,0.0
2023-09-15 15:30:00-04:00,7.78000020980835,7.789999961853027,7.78000020980835,7.78000020980835,12495,0.0,0.0
2023-09-18 09:30:00-04:00,7.78000020980835,7.800000190734863,7.78000020980835,7.784999847412109,0,0.0,0.0
2023-09-18 10:30:00-04:00,7.795000076293945,7.829899787902832,7.789999961853027,7.802999973297119,28419,0.0,0.0
2023-09-18 11:30:00-04:00,7.812900066375732,7.820000171661377,7.810299873352051,7.820000171661377,12764,0.0,0.0
2023-09-18 12:30:00-04:00,7.820000171661377,7.829999923706055,7.809999942779541,7.809999942779541,10266,0.0,0.0
2023-09-18 13:30:00-04:00,7.809999942779541,7.820000171661377,7.780300140380859,7.780300140380859,9641,0.0,0.0
2023-09-18 14:30:00-04:00,7.786900043487549,7.789999961853027,7.78000020980835,7.784999847412109,5973,0.0,0.0
2023-09-18 15:30:00-04:00,7.784999847412109,7.809999942779541,7.78000020980835,7.809999942779541,13286,0.0,0.0
2023-09-19 09:30:00-04:00,7.809999942779541,7.817500114440918,7.7600998878479,7.769999980926514,0,0.0,0.0
2023-09-19 10:30:00-04:00,7.78000020980835,7.788099765777588,7.78000020980835,7.784900188446045,8276,0.0,0.0
2023-09-19 11:30:00-04:00,7.789999961853027,7.789999961853027,7.760000228881836,7.769000053405762,29568,0.0,0.0
2023-09-19 12:30:00-04:00,7.7600998878479,7.769999980926514,7.7600998878479,7.769999980926514,1265,0.0,0.0
2023-09-19 13:30:00-04:00,7.78000020980835,7.789999961853027,7.78000020980835,7.78000020980835,10055,0.0,0.0
2023-09-19 14:30:00-04:00,7.784999847412109,7.799900054931641,7.764999866485596,7.769400119781494,26994,0.0,0.0
2023-09-19 15:30:00-04:00,7.764999866485596,7.800000190734863,7.764999866485596,7.800000190734863,24834,0.0,0.0
2023-09-20 09:30:00-04:00,7.840000152587891,7.860000133514404,7.791600227355957,7.849999904632568,0,0.0,0.0
2023-09-20 10:30:00-04:00,7.850599765777588,7.860000133514404,7.849999904632568,7.860000133514404,31196,0.0,0.0
2023-09-20 11:30:00-04:00,7.860000133514404,7.869999885559082,7.849999904632568,7.869999885559082,14957,0.0,0.0
2023-09-20 12:30:00-04:00,7.869999885559082,7.880000114440918,7.860000133514404,7.880000114440918,41333,0.0,0.0
2023-09-20 13:30:00-04:00,7.871600151062012,7.885000228881836,7.824999809265137,7.849999904632568,34384,0.0,0.0
2023-09-20 14:30:00-04:00,7.84499979019165,7.860000133514404,7.803999900817871,7.809999942779541,21817,0.0,0.0
2023-09-20 15:30:00-04:00,7.809999942779541,7.815000057220459,7.769999980926514,7.775000095367432,19954,0.0,0.0
2023-09-21 09:30:00-04:00,7.690000057220459,7.723599910736084,7.675000190734863,7.695000171661377,26777,0.0,0.0
2023-09-21 10:30:00-04:00,7.690999984741211,7.699999809265137,7.660999774932861,7.660999774932861,25471,0.0,0.0
2023-09-21 11:30:00-04:00,7.669400215148926,7.684999942779541,7.659999847412109,7.679999828338623,36970,0.0,0.0
2023-09-21 12:30:00-04:00,7.670199871063232,7.699999809265137,7.670199871063232,7.699999809265137,17664,0.0,0.0
2023-09-21 13:30:00-04:00,7.69980001449585,7.710000038146973,7.679999828338623,7.679999828338623,32873,0.0,0.0
2023-09-21 14:30:00-04:00,7.670000076293945,7.678999900817871,7.659999847412109,7.659999847412109,14482,0.0,0.0
2023-09-21 15:30:00-04:00,7.65500020980835,7.659999847412109,7.625,7.625,16731,0.0,0.0
2023-09-22 09:30:00-04:00,7.639999866485596,7.730000019073486,7.639999866485596,7.679999828338623,0,0.0,0.0
2023-09-22 10:30:00-04:00,7.690000057220459,7.719399929046631,7.690000057220459,7.719299793243408,15918,0.0,0.0
2023-09-22 11:30:00-04:00,7.71999979019165,7.71999979019165,7.707200050354004,7.707200050354004,6069,0.0,0.0
2023-09-22 12:30:00-04:00,7.709199905395508,7.715000152587891,7.670000076293945,7.670000076293945,9488,0.0,0.0
2023-09-22 13:30:00-04:00,7.679999828338623,7.690000057220459,7.660099983215332,7.677499771118164,26025,0.0,0.0
2023-09-22 14:30:00-04:00,7.670000076293945,7.710000038146973,7.670000076293945,7.701700210571289,25483,0.0,0.0
2023-09-22 15:30:00-04:00,7.704999923706055,7.704999923706055,7.659999847412109,7.679999828338623,16852,0.0,0.0
2023-09-25 09:30:00-04:00,7.619999885559082,7.695000171661377,7.619999885559082,7.664999961853027,31286,0.0,0.0
2023-09-25 10:30:00-04:00,7.660099983215332,7.707499980926514,7.659999847412109,7.690000057220459,21439,0.0,0.0
2023-09-25 11:30:00-04:00,7.69189977645874,7.699999809265137,7.690000057220459,7.695000171661377,7344,0.0,0.0
2023-09-25 12:30:00-04:00,7.690000057220459,7.697500228881836,7.639999866485596,7.650000095367432,47441,0.0,0.0
2023-09-25 13:30:00-04:00,7.650000095367432,7.650000095367432,7.619999885559082,7.647500038146973,37928,0.0,0.0
2023-09-25 14:30:00-04:00,7.647500038146973,7.667500019073486,7.639999866485596,7.65749979019165,20534,0.0,0.0
2023-09-25 15:30:00-04:00,7.650199890136719,7.659999847412109,7.644999980926514,7.65500020980835,20971,0.0,0.0
2023-09-26 09:30:00-04:00,7.630000114440918,7.630000114440918,7.559999942779541,7.565000057220459,0,0.0,0.0
2023-09-26 10:30:00-04:00,7.559999942779541,7.569900035858154,7.534999847412109,7.550000190734863,44955,0.0,0.0
2023-09-26 11:30:00-04:00,7.550000190734863,7.570300102233887,7.519999980926514,7.525000095367432,54064,0.0,0.0
2023-09-26 12:30:00-04:00,7.519999980926514,7.539999961853027,7.519999980926514,7.519999980926514,16368,0.0,0.0
2023-09-26 13:30:00-04:00,7.510000228881836,7.514999866485596,7.489999771118164,7.494999885559082,42700,0.0,0.0
2023-09-26 14:30:00-04:00,7.495699882507324,7.5,7.471399784088135,7.494999885559082,43063,0.0,0.0
2023-09-26 15:30:00-04:00,7.5,7.539999961853027,7.5,7.539999961853027,53782,0.0,0.0
2023-09-27 09:30:00-04:00,7.559999942779541,7.639999866485596,7.559999942779541,7.599999904632568,0,0.0,0.0
2023-09-27 10:30:00-04:00,7.605000019073486,7.614999771118164,7.579999923706055,7.599999904632568,14515,0.0,0.0
2023-09-27 11:30:00-04:00,7.605000019073486,7.605000019073486,7.570000171661377,7.578499794006348,20047,0.0,0.0
2023-09-27 12:30:00-04:00,7.574999809265137,7.59689998626709,7.550000190734863,7.550000190734863,30200,0.0,0.0
2023-09-27 13:30:00-04:00,7.539999961853027,7.564300060272217,7.533699989318848,7.564300060272217,12566,0.0,0.0
2023-09-27 14:30:00-04:00,7.565000057220459,7.605000019073486,7.565000057220459,7.59499979019165,15927,0.0,0.0
2023-09-27 15:30:00-04:00,7.590000152587891,7.610000133514404,7.579999923706055,7.599999904632568,18270,0.0,0.0
2023-09-28 09:30:00-04:00,7.559999942779541,7.590000152587891,7.558000087738037,7.590000152587891,36128,0.0,0.0
2023-09-28 10:30:00-04:00,7.590000152587891,7.610000133514404,7.5731000900268555,7.605000019073486,8957,0.0,0.0
2023-09-28 11:30:00-04:00,7.610000133514404,7.65500020980835,7.610000133514404,7.65500020980835,11210,0.0,0.0
2023-09-28 12:30:00-04:00,7.65500020980835,7.659999847412109,7.631999969482422,7.635000228881836,17007,0.0,0.0
2023-09-28 13:30:00-04:00,7.630000114440918,7.639699935913086,7.619999885559082,7.619999885559082,23048,0.0,0.0
2023-09-28 14:30:00-04:00,7.625,7.642499923706055,7.605000019073486,7.639999866485596,39290,0.0,0.0
2023-09-28 15:30:00-04:00,7.639999866485596,7.6433000564575195,7.619999885559082,7.630000114440918,22063,0.0,0.0
2023-09-29 09:30:00-04:00,7.659999847412109,7.690000057220459,7.651599884033203,7.675000190734863,46595,0.0,0.0
2023-09-29 10:30:00-04:00,7.678299903869629,7.690000057220459,7.670000076293945,7.675000190734863,9770,0.0,0.0
2023-09-29 11:30:00-04:00,7.675000190734863,7.675000190734863,7.639999866485596,7.639999866485596,4734,0.0,0.0
2023-09-29 12:30:00-04:00,7.639999866485596,7.639999866485596,7.590000152587891,7.590000152587891,5457,0.0,0.0
2023-09-29 13:30:00-04:00,7.599800109863281,7.630000114440918,7.590000152587891,7.619999885559082,45289,0.0,0.0
2023-09-29 14:30:00-04:00,7.610000133514404,7.659999847412109,7.605000019073486,7.644999980926514,18912,0.0,0.0
2023-09-29 15:30:00-04:00,7.644999980926514,7.679999828338623,7.635000228881836,7.679999828338623,54236,0.0,0.0
2023-10-02 09:30:00-04:00,7.670000076293945,7.679999828338623,7.639999866485596,7.659999847412109,36566,0.0,0.0
2023-10-02 10:30:00-04:00,7.659999847412109,7.664999961853027,7.647500038146973,7.664999961853027,3581,0.0,0.0
2023-10-02 11:30:00-04:00,7.664999961853027,7.667500019073486,7.640699863433838,7.65500020980835,18804,0.0,0.0
2023-10-02 12:30:00-04:00,7.659999847412109,7.659999847412109,7.639999866485596,7.659999847412109,12755,0.0,0.0
2023-10-02 13:30:00-04:00,7.659999847412109,7.670000076293945,7.650000095367432,7.6697001457214355,26227,0.0,0.0
2023-10-02 14:30:00-04:00,7.669899940490723,7.670000076293945,7.659999847412109,7.670000076293945,12165,0.0,0.0
2023-10-02 15:30:00-04:00,7.669899940490723,7.699999809265137,7.664999961853027,7.699999809265137,21771,0.0,0.0
2023-10-03 09:30:00-04:00,7.679999828338623,7.699999809265137,7.639999866485596,7.644999980926514,36393,0.0,0.0
2023-10-03 10:30:00-04:00,7.640500068664551,7.647500038146973,7.599999904632568,7.601099967956543,20491,0.0,0.0
2023-10-03 11:30:00-04:00,7.607500076293945,7.629300117492676,7.605000019073486,7.625,4731,0.0,0.0
2023-10-03 12:30:00-04:00,7.630000114440918,7.639999866485596,7.624100208282471,7.638700008392334,4986,0.0,0.0
2023-10-03 13:30:00-04:00,7.637499809265137,7.639999866485596,7.614999771118164,7.6255998611450195,14674,0.0,0.0
2023-10-03 14:30:00-04:00,7.630000114440918,7.650000095367432,7.630000114440918,7.633999824523926,7699,0.0,0.0
2023-10-03 15:30:00-04:00,7.635000228881836,7.635000228881836,7.614999771118164,7.630000114440918,25907,0.0,0.0
2023-10-04 09:30:00-04:00,7.610000133514404,7.650000095367432,7.565000057220459,7.565000057220459,0,0.0,0.0
2023-10-04 10:30:00-04:00,7.565000057220459,7.5980000495910645,7.550000190734863,7.590000152587891,25556,0.0,0.0
2023-10-04 11:30:00-04:00,7.59499979019165,7.605000019073486,7.570000171661377,7.605000019073486,18714,0.0,0.0
2023-10-04 12:30:00-04:00,7.599999904632568,7.619999885559082,7.599999904632568,7.619999885559082,20947,0.0,0.0
2023-10-04 13:30:00-04:00,7.614999771118164,7.619999885559082,7.610000133514404,7.610000133514404,3776,0.0,0.0
2023-10-04 14:30:00-04:00,7.619999885559082,7.650000095367432,7.610000133514404,7.644999980926514,22469,0.0,0.0
2023-10-04 15:30:00-04:00,7.650000095367432,7.659999847412109,7.631400108337402,7.650000095367432,7076,0.0,0.0
2023-10-05 09:30:00-04:00,7.639999866485596,7.679999828338623,7.579999923706055,7.596499919891357,0,0.0,0.0
2023-10-05 10:30:00-04:00,7.590000152587891,7.59499979019165,7.480000019073486,7.510000228881836,43646,0.0,0.0
2023-10-05 11:30:00-04:00,7.510000228881836,7.5289998054504395,7.480000019073486,7.525000095367432,15537,0.0,0.0
2023-10-05 12:30:00-04:00,7.538599967956543,7.539999961853027,7.519999980926514,7.539899826049805,18292,0.0,0.0
2023-10-05 13:30:00-04:00,7.534999847412109,7.570000171661377,7.5279998779296875,7.550000190734863,27636,0.0,0.0
2023-10-05 14:30:00-04:00,7.559999942779541,7.570000171661377,7.539999961853027,7.550000190734863,15809,0.0,0.0
2023-10-05 15:30:00-04:00,7.554999828338623,7.559999942779541,7.539999961853027,7.539999961853027,10057,0.0,0.0
2023-10-06 09:30:00-04:00,7.539999961853027,7.559500217437744,7.53000020980835,7.550000190734863,0,0.0,0.0
2023-10-06 10:30:00-04:00,7.559999942779541,7.590000152587891,7.553800106048584,7.590000152587891,15055,0.0,0.0
2023-10-06 11:30:00-04:00,7.585000038146973,7.65500020980835,7.585000038146973,7.630000114440918,45014,0.0,0.0
2023-10-06 12:30:00-04:00,7.622300148010254,7.670000076293945,7.621200084686279,7.670000076293945,10064,0.0,0.0
2023-10-06 13:30:00-04:00,7.669899940490723,7.670000076293945,7.659999847412109,7.670000076293945,10327,0.0,0.0
2023-10-06 14:30:00-04:00,7.679999828338623,7.690000057220459,7.671000003814697,7.679999828338623,8245,0.0,0.0
2023-10-06 15:30:00-04:00,7.690000057220459,7.709000110626221,7.679999828338623,7.699999809265137,27625,0.0,0.0
2023-10-09 09:30:00-04:00,7.710000038146973,7.739999771118164,7.675000190734863,7.690000057220459,66648,0.0,0.0
2023-10-09 10:30:00-04:00,7.690000057220459,7.697800159454346,7.659999847412109,7.690000057220459,31284,0.0,0.0
2023-10-09 11:30:00-04:00,7.679999828338623,7.71999979019165,7.679999828338623,7.710000038146973,7571,0.0,0.0
2023-10-09 12:30:00-04:00,7.710000038146973,7.719900131225586,7.695000171661377,7.7006001472473145,11010,0.0,0.0
2023-10-09 13:30:00-04:00,7.710000038146973,7.735000133514404,7.710000038146973,7.71999979019165,9982,0.0,0.0
2023-10-09 14:30:00-04:00,7.717800140380859,7.71999979019165,7.710000038146973,7.710000038146973,2687,0.0,0.0
2023-10-09 15:30:00-04:00,7.704999923706055,7.71999979019165,7.704999923706055,7.71999979019165,2989,0.0,0.0
2023-10-10 09:30:00-04:00,7.730000019073486,7.755000114440918,7.72189998626709,7.755000114440918,11644,0.0,0.0
2023-10-10 10:30:00-04:00,7.739999771118164,7.755000114440918,7.730000019073486,7.755000114440918,12554,0.0,0.0
2023-10-10 11:30:00-04:00,7.750100135803223,7.760000228881836,7.741499900817871,7.760000228881836,9007,0.0,0.0
2023-10-10 12:30:00-04:00,7.757800102233887,7.757800102233887,7.739999771118164,7.744999885559082,3042,0.0,0.0
2023-10-10 13:30:00-04:00,7.749899864196777,7.769999980926514,7.74399995803833,7.769999980926514,19107,0.0,0.0
2023-10-10 14:30:00-04:00,7.769999980926514,7.795000076293945,7.760000228881836,7.769999980926514,74002,0.0,0.0
2023-10-10 15:30:00-04:00,7.769999980926514,7.769999980926514,7.735000133514404,7.75,22977,0.0,0.0
2023-10-11 09:30:00-04:00,7.789999961853027,7.809999942779541,7.739999771118164,7.755000114440918,0,0.0,0.0
2023-10-11 10:30:00-04:00,7.7571001052856445,7.7571001052856445,7.730000019073486,7.730000019073486,14098,0.0,0.0
2023-10-11 11:30:00-04:00,7.724999904632568,7.735000133514404,7.704999923706055,7.710000038146973,26192,0.0,0.0
2023-10-11 12:30:00-04:00,7.715000152587891,7.71999979019165,7.690000057220459,7.690000057220459,13545,0.0,0.0
2023-10-11 13:30:00-04:00,7.690000057220459,7.695000171661377,7.679999828338623,7.690000057220459,17423,0.0,0.0
2023-10-11 14:30:00-04:00,7.690000057220459,7.690000057220459,7.679999828338623,7.679999828338623,19632,0.0,0.0
2023-10-11 15:30:00-04:00,7.679999828338623,7.699999809265137,7.679999828338623,7.690000057220459,27817,0.0,0.0
2023-10-12 09:30:00-04:00,7.739999771118164,7.739999771118164,7.698500156402588,7.710000038146973,11499,0.0,0.0
2023-10-12 10:30:00-04:00,7.710000038146973,7.710000038146973,7.679999828338623,7.68720006942749,14627,0.0,0.0
2023-10-12 11:30:00-04:00,7.693999767303467,7.699999809265137,7.679999828338623,7.699900150299072,11611,0.0,0.0
2023-10-12 12:30:00-04:00,7.695000171661377,7.699900150299072,7.650100231170654,7.650100231170654,2333,0.0,0.0
2023-10-12 13:30:00-04:00,7.655099868774414,7.655099868774414,7.625,7.629899978637695,5995,0.0,0.0
2023-10-12 14:30:00-04:00,7.625,7.650000095367432,7.625,7.644999980926514,9802,0.0,0.0
2023-10-12 15:30:00-04:00,7.644999980926514,7.699999809265137,7.644999980926514,7.699999809265137,29974,0.0,0.0
2023-10-13 09:30:00-04:00,7.75,7.760000228881836,7.71019983291626,7.730000019073486,36921,0.0,0.0
2023-10-13 10:30:00-04:00,7.730000019073486,7.730000019073486,7.699999809265137,7.710000038146973,12218,0.0,0.0
2023-10-13 11:30:00-04:00,7.710000038146973,7.71999979019165,7.6890997886657715,7.704999923706055,14032,0.0,0.0
2023-10-13 12:30:00-04:00,7.704999923706055,7.710000038146973,7.699699878692627,7.699699878692627,2426,0.0,0.0
2023-10-13 13:30:00-04:00,7.690000057220459,7.690000057220459,7.650000095367432,7.654200077056885,16785,0.0,0.0
2023-10-13 14:30:00-04:00,7.659999847412109,7.660099983215332,7.650000095367432,7.650000095367432,9342,0.0,0.0
2023-10-13 15:30:00-04:00,7.639999866485596,7.644999980926514,7.630000114440918,7.639999866485596,8165,0.0,0.0
2023-10-16 09:30:00-04:00,7.670000076293945,7.730000019073486,7.670000076293945,7.699999809265137,0,0.0,0.0
2023-10-16 10:30:00-04:00,7.699999809265137,7.7179999351501465,7.695000171661377,7.710000038146973,9502,0.0,0.0
2023-10-16 11:30:00-04:00,7.704999923706055,7.710000038146973,7.660099983215332,7.690000057220459,25850,0.0,0.0
2023-10-16 12:30:00-04:00,7.690000057220459,7.730000019073486,7.675000190734863,7.680099964141846,16527,0.0,0.0
2023-10-16 13:30:00-04:00,7.690000057220459,7.699999809265137,7.679999828338623,7.699999809265137,5604,0.0,0.0
2023-10-16 14:30:00-04:00,7.697500228881836,7.710000038146973,7.690000057220459,7.710000038146973,26585,0.0,0.0
2023-10-16 15:30:00-04:00,7.710000038146973,7.71999979019165,7.710000038146973,7.71999979019165,6560,0.0,0.0
2023-10-17 09:30:00-04:00,7.699999809265137,7.704999923706055,7.679999828338623,7.690000057220459,0,0.0,0.0
2023-10-17 10:30:00-04:00,7.695000171661377,7.699999809265137,7.684999942779541,7.690100193023682,26632,0.0,0.0
2023-10-17 11:30:00-04:00,7.699999809265137,7.710000038146973,7.695000171661377,7.707900047302246,6245,0.0,0.0
2023-10-17 12:30:00-04:00,7.704999923706055,7.710000038146973,7.675000190734863,7.6793999671936035,29610,0.0,0.0
2023-10-17 13:30:00-04:00,7.675000190734863,7.679999828338623,7.659999847412109,7.664000034332275,11422,0.0,0.0
2023-10-17 14:30:00-04:00,7.659999847412109,7.659999847412109,7.639999866485596,7.651000022888184,19275,0.0,0.0
2023-10-17 15:30:00-04:00,7.649899959564209,7.659999847412109,7.649899959564209,7.650000095367432,6451,0.0,0.0
2023-10-18 09:30:00-04:00,7.659999847412109,7.659999847412109,7.625,7.635000228881836,0,0.0,0.0
2023-10-18 10:30:00-04:00,7.619999885559082,7.635000228881836,7.609899997711182,7.635000228881836,13065,0.0,0.0
2023-10-18 11:30:00-04:00,7.630000114440918,7.630000114440918,7.619999885559082,7.619999885559082,12759,0.0,0.0
2023-10-18 12:30:00-04:00,7.619999885559082,7.639400005340576,7.59499979019165,7.639400005340576,15767,0.0,0.0
2023-10-18 13:30:00-04:00,7.630000114440918,7.650000095367432,7.630000114440918,7.644999980926514,17297,0.0,0.0
2023-10-18 14:30:00-04:00,7.644999980926514,7.789999961853027,7.644999980926514,7.789999961853027,139708,0.0,0.0
2023-10-18 15:30:00-04:00,7.795000076293945,7.885000228881836,7.789999961853027,7.840000152587891,727919,0.0,0.0
2023-10-19 09:30:00-04:00,7.820000171661377,7.824999809265137,7.760000228881836,7.760000228881836,62291,0.0,0.0
2023-10-19 10:30:00-04:00,7.760000228881836,7.789999961853027,7.75,7.789999961853027,16237,0.0,0.0
2023-10-19 11:30:00-04:00,7.799300193786621,7.820000171661377,7.789999961853027,7.800000190734863,29563,0.0,0.0
2023-10-19 12:30:00-04:00,7.800000190734863,7.829999923706055,7.764999866485596,7.818999767303467,0,0.0,0.0
2023-10-19 13:30:00-04:00,7.809999942779541,7.809999942779541,7.78000020980835,7.795000076293945,144161,0.0,0.0
2023-10-19 14:30:00-04:00,7.789999961853027,7.789999961853027,7.75,7.760000228881836,16538,0.0,0.0
2023-10-19 15:30:00-04:00,7.755000114440918,7.769999980926514,7.75,7.769999980926514,12220,0.0,0.0
2023-10-20 09:30:00-04:00,7.679999828338623,7.729599952697754,7.630000114440918,7.630000114440918,0,0.0,0.0
2023-10-20 10:30:00-04:00,7.630000114440918,7.65500020980835,7.610000133514404,7.640100002288818,43544,0.0,0.0
2023-10-20 11:30:00-04:00,7.630000114440918,7.639999866485596,7.619999885559082,7.635000228881836,30320,0.0,0.0
2023-10-20 12:30:00-04:00,7.630000114440918,7.650000095367432,7.630000114440918,7.643499851226807,19067,0.0,0.0
2023-10-20 13:30:00-04:00,7.644999980926514,7.650000095367432,7.639999866485596,7.644999980926514,14684,0.0,0.0
2023-10-20 14:30:00-04:00,7.639999866485596,7.644999980926514,7.619999885559082,7.619999885559082,13085,0.0,0.0
2023-10-20 15:30:00-04:00,7.619999885559082,7.622200012207031,7.59499979019165,7.614999771118164,33573,0.0,0.0
2023-10-23 09:30:00-04:00,7.610000133514404,7.679999828338623,7.559999942779541,7.65500020980835,0,0.0,0.0
2023-10-23 10:30:00-04:00,7.650000095367432,7.650000095367432,7.630000114440918,7.650000095367432,17790,0.0,0.0
2023-10-23 11:30:00-04:00,7.650000095367432,7.699999809265137,7.650000095367432,7.65939998626709,37326,0.0,0.0
2023-10-23 12:30:00-04:00,7.65910005569458,7.660099983215332,7.599999904632568,7.610000133514404,68935,0.0,0.0
2023-10-23 13:30:00-04:00,7.610000133514404,7.610000133514404,7.559999942779541,7.560100078582764,36289,0.0,0.0
2023-10-23 14:30:00-04:00,7.559999942779541,7.559999942779541,7.534999847412109,7.534999847412109,12150,0.0,0.0
2023-10-23 15:30:00-04:00,7.53000020980835,7.535699844360352,7.53000020980835,7.53000020980835,12686,0.0,0.0
2023-10-24 09:30:00-04:00,7.599999904632568,7.639999866485596,7.570000171661377,7.574999809265137,47716,0.0,0.0
2023-10-24 10:30:00-04:00,7.574999809265137,7.585000038146973,7.534999847412109,7.538899898529053,17704,0.0,0.0
2023-10-24 11:30:00-04:00,7.539999961853027,7.539999961853027,7.5,7.5,22171,0.0,0.0
2023-10-24 12:30:00-04:00,7.5,7.510000228881836,7.485000133514404,7.505000114440918,22892,0.0,0.0
2023-10-24 13:30:00-04:00,7.505000114440918,7.510000228881836,7.489999771118164,7.499899864196777,9050,0.0,0.0
2023-10-24 14:30:00-04:00,7.494999885559082,7.53000020980835,7.494999885559082,7.53000020980835,23433,0.0,0.0
2023-10-24 15:30:00-04:00,7.539299964904785,7.539299964904785,7.519999980926514,7.525000095367432,12714,0.0,0.0
2023-10-25 09:30:00-04:00,7.53000020980835,7.53000020980835,7.449999809265137,7.449999809265137,30978,0.0,0.0
2023-10-25 10:30:00-04:00,7.460000038146973,7.489999771118164,7.460000038146973,7.460000038146973,17118,0.0,0.0
2023-10-25 11:30:00-04:00,7.480000019073486,7.480000019073486,7.454999923706055,7.460000038146973,6036,0.0,0.0
2023-10-25 12:30:00-04:00,7.449999809265137,7.4517998695373535,7.425000190734863,7.425000190734863,8481,0.0,0.0
2023-10-25 13:30:00-04:00,7.420000076293945,7.440000057220459,7.420000076293945,7.434999942779541,14522,0.0,0.0
2023-10-25 14:30:00-04:00,7.440000057220459,7.440000057220459,7.429999828338623,7.434999942779541,5788,0.0,0.0
2023-10-25 15:30:00-04:00,7.440000057220459,7.440000057220459,7.409999847412109,7.425000190734863,13836,0.0,0.0
2023-10-26 09:30:00-04:00,7.409999847412109,7.420000076293945,7.389999866485596,7.408699989318848,33665,0.0,0.0
2023-10-26 10:30:00-04:00,7.40500020980835,7.425000190734863,7.380000114440918,7.380000114440918,28193,0.0,0.0
2023-10-26 11:30:00-04:00,7.380000114440918,7.400000095367432,7.349999904632568,7.349999904632568,45634,0.0,0.0
2023-10-26 12:30:00-04:00,7.349999904632568,7.355000019073486,7.244999885559082,7.25,84522,0.0,0.0
2023-10-26 13:30:00-04:00,7.25,7.269999980926514,7.239999771118164,7.25,41162,0.0,0.0
2023-10-26 14:30:00-04:00,7.255000114440918,7.28000020980835,7.25,7.269999980926514,28908,0.0,0.0
2023-10-26 15:30:00-04:00,7.260000228881836,7.289999961853027,7.21999979019165,7.289999961853027,27369,0.0,0.0
2023-10-27 09:30:00-04:00,7.28000020980835,7.320000171661377,7.269999980926514,7.309999942779541,42472,0.0,0.0
2023-10-27 10:30:00-04:00,7.317999839782715,7.320000171661377,7.28000020980835,7.319399833679199,18827,0.0,0.0
2023-10-27 11:30:00-04:00,7.315000057220459,7.315000057220459,7.289999961853027,7.289999961853027,5946,0.0,0.0
2023-10-27 12:30:00-04:00,7.269999980926514,7.274799823760986,7.21999979019165,7.230000019073486,10572,0.0,0.0
2023-10-27 13:30:00-04:00,7.230000019073486,7.230000019073486,7.215000152587891,7.215000152587891,3315,0.0,0.0
2023-10-27 14:30:00-04:00,7.21999979019165,7.229899883270264,7.210000038146973,7.21999979019165,9526,0.0,0.0
2023-10-27 15:30:00-04:00,7.224999904632568,7.224999904632568,7.199999809265137,7.21999979019165,5557,0.0,0.0
2023-10-30 09:30:00-04:00,7.269999980926514,7.349599838256836,7.269999980926514,7.284999847412109,0,0.0,0.0
2023-10-30 10:30:00-04:00,7.284999847412109,7.329999923706055,7.28000020980835,7.309199810028076,12565,0.0,0.0
2023-10-30 11:30:00-04:00,7.309999942779541,7.319699764251709,7.297900199890137,7.309999942779541,7883,0.0,0.0
2023-10-30 12:30:00-04:00,7.309999942779541,7.329999923706055,7.302199840545654,7.329999923706055,17723,0.0,0.0
2023-10-30 13:30:00-04:00,7.332099914550781,7.368000030517578,7.332099914550781,7.360000133514404,5238,0.0,0.0
2023-10-30 14:30:00-04:00,7.360000133514404,7.375,7.349999904632568,7.369999885559082,13703,0.0,0.0
2023-10-30 15:30:00-04:00,7.369999885559082,7.380000114440918,7.351200103759766,7.380000114440918,14778,0.0,0.0
2023-10-31 09:30:00-04:00,7.429999828338623,7.449900150299072,7.371200084686279,7.419000148773193,0,0.0,0.0
2023-10-31 10:30:00-04:00,7.40500020980835,7.439799785614014,7.380000114440918,7.389999866485596,14480,0.0,0.0
2023-10-31 11:30:00-04:00,7.380000114440918,7.397500038146973,7.362299919128418,7.36899995803833,6238,0.0,0.0
2023-10-31 12:30:00-04:00,7.369999885559082,7.409999847412109,7.369999885559082,7.409999847412109,3141,0.0,0.0
2023-10-31 13:30:00-04:00,7.429999828338623,7.434999942779541,7.40500020980835,7.40500020980835,6703,0.0,0.0
2023-10-31 14:30:00-04:00,7.400000095367432,7.445000171661377,7.400000095367432,7.434999942779541,20952,0.0,0.0
2023-10-31 15:30:00-04:00,7.429999828338623,7.440000057220459,7.425000190734863,7.425000190734863,11466,0.0,0.0
2023-11-01 09:30:00-04:00,7.440000057220459,7.499800205230713,7.396699905395508,7.499800205230713,52429,0.0,0.0
2023-11-01 10:30:00-04:00,7.489999771118164,7.53000020980835,7.489999771118164,7.519999980926514,13704,0.0,0.0
2023-11-01 11:30:00-04:00,7.519999980926514,7.539999961853027,7.519999980926514,7.529799938201904,26006,0.0,0.0
2023-11-01 12:30:00-04:00,7.53000020980835,7.550000190734863,7.525000095367432,7.550000190734863,15100,0.0,0.0
2023-11-01 13:30:00-04:00,7.554999828338623,7.570000171661377,7.539999961853027,7.559500217437744,7687,0.0,0.0
2023-11-01 14:30:00-04:00,7.565000057220459,7.639999866485596,7.525000095367432,7.610000133514404,30153,0.0,0.0
2023-11-01 15:30:00-04:00,7.609899997711182,7.610000133514404,7.590000152587891,7.610000133514404,15038,0.0,0.0
2023-11-02 09:30:00-04:00,7.670000076293945,7.679999828338623,7.619999885559082,7.640999794006348,0,0.0,0.0
2023-11-02 10:30:00-04:00,7.64739990234375,7.667799949645996,7.635000228881836,7.667799949645996,17646,0.0,0.0
2023-11-02 11:30:00-04:00,7.657899856567383,7.670000076293945,7.650000095367432,7.65500020980835,10421,0.0,0.0
2023-11-02 12:30:00-04:00,7.650000095367432,7.690000057220459,7.650000095367432,7.690000057220459,13957,0.0,0.0
2023-11-02 13:30:00-04:00,7.690000057220459,7.699999809265137,7.689499855041504,7.690000057220459,13561,0.0,0.0
2023-11-02 14:30:00-04:00,7.695000171661377,7.699999809265137,7.679999828338623,7.699999809265137,32165,0.0,0.0
2023-11-02 15:30:00-04:00,7.710000038146973,7.729899883270264,7.710000038146973,7.71999979019165,7076,0.0,0.0
2023-11-03 09:30:00-04:00,7.760000228881836,7.829999923706055,7.746500015258789,7.75,29095,0.0,0.0
2023-11-03 10:30:00-04:00,7.739999771118164,7.763500213623047,7.730000019073486,7.739999771118164,17192,0.0,0.0
2023-11-03 11:30:00-04:00,7.760000228881836,7.760000228881836,7.744999885559082,7.755000114440918,8124,0.0,0.0
2023-11-03 12:30:00-04:00,7.755000114440918,7.769999980926514,7.650000095367432,7.739999771118164,55568,0.0,0.0
2023-11-03 13:30:00-04:00,7.75,7.75,7.730000019073486,7.730000019073486,12648,0.0,0.0
2023-11-03 14:30:00-04:00,7.71999979019165,7.720099925994873,7.659999847412109,7.670000076293945,32964,0.0,0.0
2023-11-03 15:30:00-04:00,7.6697998046875,7.6697998046875,7.639999866485596,7.659999847412109,29150,0.0,0.0
2023-11-06 09:30:00-05:00,7.710000038146973,7.710000038146973,7.632500171661377,7.632500171661377,0,0.0,0.0
2023-11-06 10:30:00-05:00,7.630000114440918,7.659999847412109,7.610000133514404,7.6371002197265625,10025,0.0,0.0
2023-11-06 11:30:00-05:00,7.631400108337402,7.644999980926514,7.610000133514404,7.639999866485596,17691,0.0,0.0
2023-11-06 12:30:00-05:00,7.644999980926514,7.659999847412109,7.644999980926514,7.65500020980835,4390,0.0,0.0
2023-11-06 13:30:00-05:00,7.65500020980835,7.659999847412109,7.650000095367432,7.650000095367432,4505,0.0,0.0
2023-11-06 14:30:00-05:00,7.659999847412109,7.659999847412109,7.639699935913086,7.639699935913086,12295,0.0,0.0
2023-11-06 15:30:00-05:00,7.635000228881836,7.639999866485596,7.635000228881836,7.639999866485596,6521,0.0,0.0
2023-11-07 09:30:00-05:00,7.610000133514404,7.657700061798096,7.599999904632568,7.640999794006348,0,0.0,0.0
2023-11-07 10:30:00-05:00,7.65500020980835,7.659999847412109,7.650000095367432,7.659999847412109,8401,0.0,0.0
2023-11-07 11:30:00-05:00,7.65500020980835,7.710000038146973,7.650000095367432,7.679999828338623,28393,0.0,0.0
2023-11-07 12:30:00-05:00,7.679999828338623,7.710000038146973,7.670000076293945,7.710000038146973,6321,0.0,0.0
2023-11-07 13:30:00-05:00,7.710000038146973,7.71999979019165,7.699999809265137,7.71999979019165,8851,0.0,0.0
2023-11-07 14:30:00-05:00,7.71999979019165,7.75,7.710000038146973,7.710100173950195,16265,0.0,0.0
2023-11-07 15:30:00-05:00,7.7195000648498535,7.71999979019165,7.704999923706055,7.710000038146973,11135,0.0,0.0
2023-11-08 09:30:00-05:00,7.75,7.75,7.724999904632568,7.739999771118164,0,0.0,0.0
2023-11-08 10:30:00-05:00,7.739999771118164,7.744999885559082,7.682400226593018,7.682400226593018,10790,0.0,0.0
2023-11-08 11:30:00-05:00,7.679999828338623,7.700099945068359,7.679999828338623,7.684999942779541,4084,0.0,0.0
2023-11-08 12:30:00-05:00,7.679999828338623,7.701099872589111,7.679999828338623,7.690000057220459,11590,0.0,0.0
2023-11-08 13:30:00-05:00,7.690000057220459,7.690000057220459,7.659999847412109,7.670000076293945,24450,0.0,0.0
2023-11-08 14:30:00-05:00,7.670100212097168,7.670100212097168,7.66349983215332,7.667300224304199,16956,0.0,0.0
2023-11-08 15:30:00-05:00,7.670000076293945,7.670000076293945,7.639999866485596,7.659999847412109,37767,0.0,0.0
2023-11-09 09:30:00-05:00,7.699999809265137,7.699999809265137,7.659999847412109,7.690000057220459,10709,0.0,0.0
2023-11-09 10:30:00-05:00,7.684999942779541,7.690000057220459,7.670000076293945,7.690000057220459,4617,0.0,0.0
2023-11-09 11:30:00-05:00,7.684700012207031,7.684999942779541,7.6529998779296875,7.6529998779296875,4855,0.0,0.0
2023-11-09 12:30:00-05:00,7.659999847412109,7.664999961853027,7.631800174713135,7.650000095367432,10422,0.0,0.0
2023-11-09 13:30:00-05:00,7.64769983291626,7.64769983291626,7.619999885559082,7.619999885559082,4318,0.0,0.0
2023-11-09 14:30:00-05:00,7.625,7.625,7.590000152587891,7.592700004577637,12050,0.0,0.0
2023-11-09 15:30:00-05:00,7.590000152587891,7.599999904632568,7.590000152587891,7.590000152587891,3961,0.0,0.0
2023-11-10 09:30:00-05:00,7.659999847412109,7.673600196838379,7.639999866485596,7.659999847412109,9901,0.0,0.0
2023-11-10 10:30:00-05:00,7.658699989318848,7.675000190734863,7.651000022888184,7.675000190734863,5676,0.0,0.0
2023-11-10 11:30:00-05:00,7.679999828338623,7.690000057220459,7.6732001304626465,7.690000057220459,5738,0.0,0.0
2023-11-10 12:30:00-05:00,7.699999809265137,7.699999809265137,7.690999984741211,7.695000171661377,3300,0.0,0.0
2023-11-10 13:30:00-05:00,7.695000171661377,7.71589994430542,7.690000057220459,7.699999809265137,16361,0.0,0.0
2023-11-10 14:30:00-05:00,7.688300132751465,7.71999979019165,7.688300132751465,7.715000152587891,17184,0.0,0.0
2023-11-10 15:30:00-05:00,7.71999979019165,7.71999979019165,7.710000038146973,7.71999979019165,16397,0.0,0.0
2023-11-13 09:30:00-05:00,7.71999979019165,7.764999866485596,7.71999979019165,7.760000228881836,0,0.0,0.0
2023-11-13 10:30:00-05:00,7.764999866485596,7.789999961853027,7.760200023651123,7.789999961853027,23012,0.0,0.0
2023-11-13 11:30:00-05:00,7.784999847412109,7.784999847412109,7.78000020980835,7.784999847412109,1173,0.0,0.0
2023-11-13 12:30:00-05:00,7.78000020980835,7.789899826049805,7.769899845123291,7.78000020980835,8539,0.0,0.0
2023-11-13 13:30:00-05:00,7.78000020980835,7.789999961853027,7.775000095367432,7.789999961853027,5873,0.0,0.0
2023-11-13 14:30:00-05:00,7.784999847412109,7.789999961853027,7.764999866485596,7.764999866485596,8920,0.0,0.0
2023-11-13 15:30:00-05:00,7.7600998878479,7.775000095367432,7.760000228881836,7.764999866485596,20750,0.0,0.0
2023-11-14 09:30:00-05:00,7.809999942779541,7.889999866485596,7.809999942779541,7.889800071716309,0,0.0,0.0
2023-11-14 10:30:00-05:00,7.889100074768066,7.900000095367432,7.880000114440918,7.894999980926514,26033,0.0,0.0
2023-11-14 11:30:00-05:00,7.893499851226807,7.894199848175049,7.820199966430664,7.840000152587891,38413,0.0,0.0
2023-11-14 12:30:00-05:00,7.830100059509277,7.835000038146973,7.820099830627441,7.829999923706055,10636,0.0,0.0
2023-11-14 13:30:00-05:00,7.824999809265137,7.82859992980957,7.815000057220459,7.815000057220459,5620,0.0,0.0
2023-11-14 14:30:00-05:00,7.8140997886657715,7.838900089263916,7.789999961853027,7.804999828338623,39727,0.0,0.0
2023-11-14 15:30:00-05:00,7.804999828338623,7.820000171661377,7.800000190734863,7.809999942779541,20538,0.0,0.0
2023-11-15 09:30:00-05:00,7.809999942779541,7.839700222015381,7.792699813842773,7.838900089263916,26966,0.0,0.0
2023-11-15 10:30:00-05:00,7.838699817657471,7.838699817657471,7.81220006942749,7.829999923706055,8712,0.0,0.0
2023-11-15 11:30:00-05:00,7.820000171661377,7.820000171661377,7.800000190734863,7.820000171661377,8056,0.0,0.0
2023-11-15 12:30:00-05:00,7.820000171661377,7.840000152587891,7.815000057220459,7.815000057220459,29879,0.0,0.0
2023-11-15 13:30:00-05:00,7.815000057220459,7.820000171661377,7.809999942779541,7.820000171661377,10558,0.0,0.0
2023-11-15 14:30:00-05:00,7.810100078582764,7.820000171661377,7.800000190734863,7.804999828338623,15203,0.0,0.0
2023-11-15 15:30:00-05:00,7.800000190734863,7.80019998550415,7.78000020980835,7.789999961853027,23117,0.0,0.0
2023-11-16 09:30:00-05:00,7.760000228881836,7.800000190734863,7.75,7.784999847412109,26738,0.0,0.0
2023-11-16 10:30:00-05:00,7.795000076293945,7.795000076293945,7.755000114440918,7.775000095367432,14168,0.0,0.0
2023-11-16 11:30:00-05:00,7.775000095367432,7.78000020980835,7.769999980926514,7.775000095367432,6617,0.0,0.0
2023-11-16 12:30:00-05:00,7.769999980926514,7.799900054931641,7.769999980926514,7.789999961853027,11014,0.0,0.0
2023-11-16 13:30:00-05:00,7.784999847412109,7.840000152587891,7.78000020980835,7.840000152587891,28559,0.0,0.0
2023-11-16 14:30:00-05:00,7.860000133514404,7.860000133514404,7.820000171661377,7.829999923706055,11067,0.0,0.0
2023-11-16 15:30:00-05:00,7.835000038146973,7.849999904632568,7.824999809265137,7.84499979019165,11386,0.0,0.0
2023-11-17 09:30:00-05:00,7.869999885559082,7.869999885559082,7.820000171661377,7.849999904632568,21054,0.0,0.0
2023-11-17 10:30:00-05:00,7.849999904632568,7.875,7.849999904632568,7.875,19284,0.0,0.0
2023-11-17 11:30:00-05:00,7.880000114440918,7.883900165557861,7.880000114440918,7.880000114440918,3220,0.0,0.0
2023-11-17 12:30:00-05:00,7.875,7.889999866485596,7.860000133514404,7.875,9460,0.0,0.0
2023-11-17 13:30:00-05:00,7.875,7.880000114440918,7.869999885559082,7.869999885559082,4075,0.0,0.0
2023-11-17 14:30:00-05:00,7.869999885559082,7.925000190734863,7.869999885559082,7.925000190734863,26500,0.0,0.0
2023-11-17 15:30:00-05:00,7.920100212097168,7.929999828338623,7.909999847412109,7.920000076293945,14191,0.0,0.0
2023-11-20 09:30:00-05:00,7.869999885559082,7.940000057220459,7.849999904632568,7.929999828338623,0,0.0,0.0
2023-11-20 10:30:00-05:00,7.920000076293945,7.940000057220459,7.910099983215332,7.940000057220459,13795,0.0,0.0
2023-11-20 11:30:00-05:00,7.920000076293945,7.934100151062012,7.909999847412109,7.929999828338623,27902,0.0,0.0
2023-11-20 12:30:00-05:00,7.925000190734863,7.940000057220459,7.921199798583984,7.940000057220459,10457,0.0,0.0
2023-11-20 13:30:00-05:00,7.940000057220459,7.940000057220459,7.914999961853027,7.920000076293945,16217,0.0,0.0
2023-11-20 14:30:00-05:00,7.925000190734863,7.940000057220459,7.921000003814697,7.939000129699707,47101,0.0,0.0
2023-11-20 15:30:00-05:00,7.939000129699707,7.940000057220459,7.929999828338623,7.929999828338623,9110,0.0,0.0
2023-11-21 09:30:00-05:00,7.840000152587891,7.920000076293945,7.829999923706055,7.909999847412109,71352,0.0,0.0
2023-11-21 10:30:00-05:00,7.919400215148926,7.949999809265137,7.916600227355957,7.947400093078613,32781,0.0,0.0
2023-11-21 11:30:00-05:00,7.940100193023682,7.949999809265137,7.927599906921387,7.929999828338623,13925,0.0,0.0
2023-11-21 12:30:00-05:00,7.929999828338623,7.929999828338623,7.900000095367432,7.920000076293945,13826,0.0,0.0
2023-11-21 13:30:00-05:00,7.920000076293945,7.96999979019165,7.920000076293945,7.949900150299072,44288,0.0,0.0
2023-11-21 14:30:00-05:00,7.949999809265137,7.96999979019165,7.949999809265137,7.965000152587891,36928,0.0,0.0
2023-11-21 15:30:00-05:00,7.960000038146973,7.96999979019165,7.954999923706055,7.96999979019165,38176,0.0,0.0
2023-11-22 09:30:00-05:00,7.989999771118164,8.005000114440918,7.982800006866455,7.989999771118164,46261,0.0,0.0
2023-11-22 10:30:00-05:00,7.989999771118164,8.0,7.9710001945495605,7.980000019073486,9939,0.0,0.0
2023-11-22 11:30:00-05:00,7.974999904632568,7.980000019073486,7.949999809265137,7.980000019073486,25385,0.0,0.0
2023-11-22 12:30:00-05:00,7.960000038146973,7.97130012512207,7.950799942016602,7.960000038146973,9050,0.0,0.0
2023-11-22 13:30:00-05:00,7.96999979019165,7.96999979019165,7.949999809265137,7.949999809265137,10444,0.0,0.0
2023-11-22 14:30:00-05:00,7.949999809265137,7.96999979019165,7.945000171661377,7.960100173950195,5997,0.0,0.0
2023-11-22 15:30:00-05:00,7.9654998779296875,7.96999979019165,7.960000038146973,7.96999979019165,6349,0.0,0.0
2023-11-24 09:30:00-05:00,7.980000019073486,8.0,7.965000152587891,8.0,12561,0.0,0.0
2023-11-24 10:30:00-05:00,7.97160005569458,7.989999771118164,7.96999979019165,7.9781999588012695,13647,0.0,0.0
2023-11-24 11:30:00-05:00,7.96999979019165,7.980000019073486,7.96999979019165,7.96999979019165,3689,0.0,0.0
2023-11-24 12:30:00-05:00,7.959000110626221,7.980000019073486,7.959000110626221,7.980000019073486,0,0.0,0.0
2023-11-27 09:30:00-05:00,7.980000019073486,7.980199813842773,7.920000076293945,7.960000038146973,37328,0.0,0.0
2023-11-27 10:30:00-05:00,7.960000038146973,7.980000019073486,7.960000038146973,7.980000019073486,27299,0.0,0.0
2023-11-27 11:30:00-05:00,7.971199989318848,7.980000019073486,7.971199989318848,7.980000019073486,4922,0.0,0.0
2023-11-27 12:30:00-05:00,7.980000019073486,7.980000019073486,7.96999979019165,7.974999904632568,9917,0.0,0.0
2023-11-27 13:30:00-05:00,7.980000019073486,7.980000019073486,7.96999979019165,7.96999979019165,20298,0.0,0.0
2023-11-27 14:30:00-05:00,7.96999979019165,7.980000019073486,7.958099842071533,7.978799819946289,19676,0.0,0.0
2023-11-27 15:30:00-05:00,7.980000019073486,7.989999771118164,7.980000019073486,7.989999771118164,6939,0.0,0.0
2023-11-28 09:30:00-05:00,8.010000228881836,8.050000190734863,7.980000019073486,8.01140022277832,26168,0.0,0.0
2023-11-28 10:30:00-05:00,8.010000228881836,8.010000228881836,8.0,8.0,6921,0.0,0.0
2023-11-28 11:30:00-05:00,8.00879955291748,8.029999732971191,8.00469970703125,8.025799751281738,18492,0.0,0.0
2023-11-28 12:30:00-05:00,8.008999824523926,8.010199546813965,8.001700401306152,8.001700401306152,1401,0.0,0.0
2023-11-28 13:30:00-05:00,8.010000228881836,8.020000457763672,7.989999771118164,8.009900093078613,16662,0.0,0.0
2023-11-28 14:30:00-05:00,7.994999885559082,7.994999885559082,7.980000019073486,7.985099792480469,6169,0.0,0.0
2023-11-28 15:30:00-05:00,7.989999771118164,7.994999885559082,7.970200061798096,7.980000019073486,16410,0.0,0.0
2023-11-29 09:30:00-05:00,8.020000457763672,8.031299591064453,7.980000019073486,7.998499870300293,0,0.0,0.0
2023-11-29 10:30:00-05:00,7.989999771118164,7.994999885559082,7.929999828338623,7.940000057220459,19927,0.0,0.0
2023-11-29 11:30:00-05:00,7.940000057220459,7.96999979019165,7.920000076293945,7.960000038146973,13472,0.0,0.0
2023-11-29 12:30:00-05:00,7.965700149536133,7.965700149536133,7.949999809265137,7.949999809265137,5577,0.0,0.0
2023-11-29 13:30:00-05:00,7.954999923706055,8.020000457763672,7.929999828338623,7.985000133514404,44261,0.0,0.0
2023-11-29 14:30:00-05:00,7.980500221252441,7.989999771118164,7.940000057220459,7.954999923706055,33318,0.0,0.0
2023-11-29 15:30:00-05:00,7.960000038146973,7.96999979019165,7.960000038146973,7.96999979019165,26738,0.0,0.0
2023-11-30 09:30:00-05:00,7.960000038146973,7.989999771118164,7.929999828338623,7.982900142669678,52286,0.0,0.0
2023-11-30 10:30:00-05:00,7.980000019073486,7.980000019073486,7.949999809265137,7.960000038146973,18972,0.0,0.0
2023-11-30 11:30:00-05:00,7.949999809265137,7.96589994430542,7.940000057220459,7.960100173950195,23280,0.0,0.0
2023-11-30 12:30:00-05:00,7.960100173950195,7.96999979019165,7.950200080871582,7.959499835968018,3720,0.0,0.0
2023-11-30 13:30:00-05:00,7.954999923706055,7.955999851226807,7.949999809265137,7.954999923706055,18108,0.0,0.0
2023-11-30 14:30:00-05:00,7.959199905395508,7.974999904632568,7.951000213623047,7.965000152587891,16380,0.0,0.0
2023-11-30 15:30:00-05:00,7.960000038146973,7.96999979019165,7.960000038146973,7.96999979019165,0,0.0,0.0
2023-12-01 09:30:00-05:00,7.96999979019165,7.985000133514404,7.940000057220459,7.96999979019165,36732,0.0,0.0
2023-12-01 10:30:00-05:00,7.96999979019165,7.96999979019165,7.909999847412109,7.943999767303467,56910,0.0,0.0
2023-12-01 11:30:00-05:00,7.929999828338623,7.96999979019165,7.920000076293945,7.96999979019165,42524,0.0,0.0
2023-12-01 12:30:00-05:00,7.96999979019165,7.989999771118164,7.965000152587891,7.985000133514404,17769,0.0,0.0
2023-12-01 13:30:00-05:00,7.980000019073486,7.980000019073486,7.949999809265137,7.960000038146973,12108,0.0,0.0
2023-12-01 14:30:00-05:00,7.954999923706055,7.96999979019165,7.954999923706055,7.96999979019165,22334,0.0,0.0
2023-12-01 15:30:00-05:00,7.965000152587891,7.965000152587891,7.940000057220459,7.945000171661377,7734,0.0,0.0
2023-12-04 09:30:00-05:00,7.920000076293945,7.929999828338623,7.840000152587891,7.849999904632568,17695,0.0,0.0
2023-12-04 10:30:00-05:00,7.852099895477295,7.867800235748291,7.829999923706055,7.855000019073486,26667,0.0,0.0
2023-12-04 11:30:00-05:00,7.849999904632568,7.889999866485596,7.840000152587891,7.840000152587891,40218,0.0,0.0
2023-12-04 12:30:00-05:00,7.849999904632568,7.880000114440918,7.840000152587891,7.860000133514404,22979,0.0,0.0
2023-12-04 13:30:00-05:00,7.855000019073486,7.855000019073486,7.800000190734863,7.806700229644775,36323,0.0,0.0
2023-12-04 14:30:00-05:00,7.809999942779541,7.809999942779541,7.769999980926514,7.789999961853027,27729,0.0,0.0
2023-12-04 15:30:00-05:00,7.789999961853027,7.800000190734863,7.789999961853027,7.800000190734863,15647,0.0,0.0
2023-12-05 09:30:00-05:00,7.769999980926514,7.820000171661377,7.769999980926514,7.800000190734863,22858,0.0,0.0
2023-12-05 10:30:00-05:00,7.800000190734863,7.815000057220459,7.78000020980835,7.780600070953369,20905,0.0,0.0
2023-12-05 11:30:00-05:00,7.789999961853027,7.809999942779541,7.78000020980835,7.789999961853027,19186,0.0,0.0
2023-12-05 12:30:00-05:00,7.800000190734863,7.820000171661377,7.789999961853027,7.820000171661377,10970,0.0,0.0
2023-12-05 13:30:00-05:00,7.820000171661377,7.820000171661377,7.789999961853027,7.800000190734863,14562,0.0,0.0
2023-12-05 14:30:00-05:00,7.809000015258789,7.809000015258789,7.789999961853027,7.800000190734863,3790,0.0,0.0
2023-12-05 15:30:00-05:00,7.804999828338623,7.809999942779541,7.789999961853027,7.800000190734863,18112,0.0,0.0
2023-12-06 09:30:00-05:00,7.829999923706055,7.849999904632568,7.809899806976318,7.820000171661377,0,0.0,0.0
2023-12-06 10:30:00-05:00,7.820000171661377,7.84499979019165,7.815000057220459,7.829999923706055,30518,0.0,0.0
2023-12-06 11:30:00-05:00,7.815000057220459,7.840000152587891,7.815000057220459,7.829999923706055,9992,0.0,0.0
2023-12-06 12:30:00-05:00,7.829999923706055,7.829999923706055,7.820700168609619,7.829999923706055,9456,0.0,0.0
2023-12-06 13:30:00-05:00,7.829999923706055,7.829999923706055,7.820000171661377,7.825900077819824,8302,0.0,0.0
2023-12-06 14:30:00-05:00,7.824999809265137,7.824999809265137,7.78000020980835,7.78000020980835,6652,0.0,0.0
2023-12-06 15:30:00-05:00,7.78000020980835,7.809999942779541,7.775000095367432,7.809999942779541,12491,0.0,0.0
2023-12-07 09:30:00-05:00,7.809999942779541,7.840000152587891,7.78000020980835,7.840000152587891,21961,0.0,0.0
2023-12-07 10:30:00-05:00,7.824999809265137,7.840000152587891,7.809999942779541,7.815999984741211,6770,0.0,0.0
2023-12-07 11:30:00-05:00,7.820000171661377,7.840000152587891,7.811800003051758,7.830100059509277,25339,0.0,0.0
2023-12-07 12:30:00-05:00,7.840000152587891,7.849999904632568,7.829999923706055,7.849999904632568,16626,0.0,0.0
2023-12-07 13:30:00-05:00,7.829999923706055,7.849999904632568,7.829999923706055,7.840000152587891,7952,0.0,0.0
2023-12-07 14:30:00-05:00,7.840000152587891,7.840000152587891,7.809999942779541,7.840000152587891,29220,0.0,0.0
2023-12-07 15:30:00-05:00,7.835000038146973,7.837900161743164,7.829999923706055,7.835000038146973,2618,0.0,0.0
2023-12-08 09:30:00-05:00,7.800000190734863,7.816999912261963,7.791299819946289,7.800000190734863,0,0.0,0.0
2023-12-08 10:30:00-05:00,7.789999961853027,7.789999961853027,7.777200222015381,7.788899898529053,21135,0.0,0.0
2023-12-08 11:30:00-05:00,7.775000095367432,7.78000020980835,7.769999980926514,7.775000095367432,15534,0.0,0.0
2023-12-08 12:30:00-05:00,7.775000095367432,7.7891998291015625,7.769999980926514,7.769999980926514,38805,0.0,0.0
2023-12-08 13:30:00-05:00,7.769999980926514,7.769999980926514,7.75,7.755000114440918,18818,0.0,0.0
2023-12-08 14:30:00-05:00,7.755000114440918,7.765999794006348,7.730000019073486,7.75,35265,0.0,0.0
2023-12-08 15:30:00-05:00,7.75,7.809899806976318,7.75,7.800000190734863,52801,0.0,0.0
2023-12-11 09:30:00-05:00,7.769999980926514,7.840000152587891,7.710000038146973,7.800000190734863,0,0.0,0.0
2023-12-11 10:30:00-05:00,7.809800148010254,7.829999923706055,7.760000228881836,7.829999923706055,58946,0.0,0.0
2023-12-11 11:30:00-05:00,7.801599979400635,7.827000141143799,7.80079984664917,7.827000141143799,15764,0.0,0.0
2023-12-11 12:30:00-05:00,7.815000057220459,7.829899787902832,7.811399936676025,7.829899787902832,1606,0.0,0.0
2023-12-11 13:30:00-05:00,7.820899963378906,7.840000152587891,7.820899963378906,7.831999778747559,25220,0.0,0.0
2023-12-11 14:30:00-05:00,7.835000038146973,7.845200061798096,7.830100059509277,7.835700035095215,15372,0.0,0.0
2023-12-11 15:30:00-05:00,7.832300186157227,7.848999977111816,7.829999923706055,7.840000152587891,16822,0.0,0.0
2023-12-12 09:30:00-05:00,7.849999904632568,7.860000133514404,7.831699848175049,7.849299907684326,20605,0.0,0.0
2023-12-12 10:30:00-05:00,7.8302001953125,7.869999885559082,7.8302001953125,7.860000133514404,29215,0.0,0.0
2023-12-12 11:30:00-05:00,7.860000133514404,7.869999885559082,7.8520002365112305,7.8520002365112305,15212,0.0,0.0
2023-12-12 12:30:00-05:00,7.860000133514404,7.867700099945068,7.840099811553955,7.860000133514404,10979,0.0,0.0
2023-12-12 13:30:00-05:00,7.857500076293945,7.860000133514404,7.840000152587891,7.84499979019165,5411,0.0,0.0
2023-12-12 14:30:00-05:00,7.84499979019165,7.855000019073486,7.829999923706055,7.855000019073486,19994,0.0,0.0
2023-12-12 15:30:00-05:00,7.860000133514404,7.860000133514404,7.830699920654297,7.860000133514404,8141,0.0,0.0
2023-12-13 09:30:00-05:00,7.880000114440918,7.889999866485596,7.860000133514404,7.880000114440918,22487,0.0,0.0
2023-12-13 10:30:00-05:00,7.889900207519531,7.940000057220459,7.889900207519531,7.940000057220459,13546,0.0,0.0
2023-12-13 11:30:00-05:00,7.920000076293945,7.929999828338623,7.910099983215332,7.928999900817871,7903,0.0,0.0
2023-12-13 12:30:00-05:00,7.912099838256836,7.928999900817871,7.899899959564209,7.899899959564209,9863,0.0,0.0
2023-12-13 13:30:00-05:00,7.902599811553955,7.945000171661377,7.902599811553955,7.945000171661377,9657,0.0,0.0
2023-12-13 14:30:00-05:00,7.945000171661377,7.965000152587891,7.945000171661377,7.954999923706055,7310,0.0,0.0
2023-12-13 15:30:00-05:00,7.954999923706055,7.960000038146973,7.949999809265137,7.960000038146973,14209,0.0,0.0
2023-12-14 09:30:00-05:00,7.980000019073486,7.989999771118164,7.960000038146973,7.979899883270264,44953,0.0,0.0
2023-12-14 10:30:00-05:00,7.980000019073486,7.980000019073486,7.949999809265137,7.965000152587891,18782,0.0,0.0
2023-12-14 11:30:00-05:00,7.969900131225586,7.96999979019165,7.960000038146973,7.969799995422363,12004,0.0,0.0
2023-12-14 12:30:00-05:00,7.96999979019165,7.96999979019165,7.920100212097168,7.920899868011475,34994,0.0,0.0
2023-12-14 13:30:00-05:00,7.925000190734863,7.929999828338623,7.914999961853027,7.929999828338623,5468,0.0,0.0
2023-12-14 14:30:00-05:00,7.929999828338623,7.958499908447266,7.929999828338623,7.949999809265137,7193,0.0,0.0
2023-12-14 15:30:00-05:00,7.944200038909912,7.960000038146973,7.942800045013428,7.960000038146973,12719,0.0,0.0
2023-12-15 09:30:00-05:00,7.929999828338623,7.929999828338623,7.909999847412109,7.920000076293945,18200,0.0,0.0
2023-12-15 10:30:00-05:00,7.9120001792907715,7.929999828338623,7.9120001792907715,7.919899940490723,15682,0.0,0.0
2023-12-15 11:30:00-05:00,7.909999847412109,7.919899940490723,7.889999866485596,7.900000095367432,13686,0.0,0.0
2023-12-15 12:30:00-05:00,7.889999866485596,7.90310001373291,7.889900207519531,7.889900207519531,12374,0.0,0.0
2023-12-15 13:30:00-05:00,7.885000228881836,7.889999866485596,7.869999885559082,7.881999969482422,8801,0.0,0.0
2023-12-15 14:30:00-05:00,7.885000228881836,7.889999866485596,7.880000114440918,7.884699821472168,9337,0.0,0.0
2023-12-15 15:30:00-05:00,7.880000114440918,7.889999866485596,7.880000114440918,7.880000114440918,5793,0.0,0.0
2023-12-18 09:30:00-05:00,7.880000114440918,7.889999866485596,7.849999904632568,7.889999866485596,0,0.0,0.0
2023-12-18 10:30:00-05:00,7.889999866485596,7.911399841308594,7.869999885559082,7.911399841308594,17730,0.0,0.0
2023-12-18 11:30:00-05:00,7.91349983215332,7.920000076293945,7.91349983215332,7.918000221252441,6107,0.0,0.0
2023-12-18 12:30:00-05:00,7.920000076293945,7.929800033569336,7.900000095367432,7.902200222015381,19934,0.0,0.0
2023-12-18 13:30:00-05:00,7.91379976272583,7.9197998046875,7.894999980926514,7.894999980926514,22023,0.0,0.0
2023-12-18 14:30:00-05:00,7.900000095367432,7.900000095367432,7.889999866485596,7.889999866485596,22254,0.0,0.0
2023-12-18 15:30:00-05:00,7.898799896240234,7.900000095367432,7.869999885559082,7.869999885559082,20366,0.0,0.0
2023-12-19 09:30:00-05:00,7.920000076293945,7.949999809265137,7.849999904632568,7.908199787139893,33739,0.0,0.0
2023-12-19 10:30:00-05:00,7.909999847412109,7.949999809265137,7.909999847412109,7.940000057220459,14016,0.0,0.0
2023-12-19 11:30:00-05:00,7.940000057220459,7.940000057220459,7.869999885559082,7.889999866485596,32725,0.0,0.0
2023-12-19 12:30:00-05:00,7.885000228881836,7.909999847412109,7.885000228881836,7.889999866485596,5663,0.0,0.0
2023-12-19 13:30:00-05:00,7.900000095367432,7.90500020980835,7.869999885559082,7.894999980926514,32933,0.0,0.0
2023-12-19 14:30:00-05:00,7.889999866485596,7.889999866485596,7.851399898529053,7.859899997711182,35732,0.0,0.0
2023-12-19 15:30:00-05:00,7.855000019073486,7.889999866485596,7.855000019073486,7.889999866485596,19526,0.0,0.0
2023-12-20 09:30:00-05:00,7.849999904632568,7.929999828338623,7.849999904632568,7.888899803161621,0,0.0,0.0
2023-12-20 10:30:00-05:00,7.880000114440918,7.894999980926514,7.869999885559082,7.880000114440918,33012,0.0,0.0
2023-12-20 11:30:00-05:00,7.879899978637695,7.889999866485596,7.869999885559082,7.880000114440918,4382,0.0,0.0
2023-12-20 12:30:00-05:00,7.880000114440918,7.885000228881836,7.870800018310547,7.880000114440918,20689,0.0,0.0
2023-12-20 13:30:00-05:00,7.877600193023682,7.889999866485596,7.869999885559082,7.885000228881836,12400,0.0,0.0
2023-12-20 14:30:00-05:00,7.880000114440918,7.882500171661377,7.800000190734863,7.809999942779541,46182,0.0,0.0
2023-12-20 15:30:00-05:00,7.804999828338623,7.8292999267578125,7.800000190734863,7.809999942779541,22635,0.0,0.0
2023-12-21 09:30:00-05:00,7.75,7.849999904632568,7.75,7.809999942779541,35227,0.0,0.0
2023-12-21 10:30:00-05:00,7.809999942779541,7.849899768829346,7.809999942779541,7.829999923706055,14784,0.0,0.0
2023-12-21 11:30:00-05:00,7.829999923706055,7.829999923706055,7.79010009765625,7.7947001457214355,31406,0.0,0.0
2023-12-21 12:30:00-05:00,7.800000190734863,7.815000057220459,7.789999961853027,7.798999786376953,13627,0.0,0.0
2023-12-21 13:30:00-05:00,7.795000076293945,7.800000190734863,7.78000020980835,7.789899826049805,33449,0.0,0.0
2023-12-21 14:30:00-05:00,7.78000020980835,7.795000076293945,7.769999980926514,7.789999961853027,16431,0.0,0.0
2023-12-21 15:30:00-05:00,7.795000076293945,7.809999942779541,7.78000020980835,7.800000190734863,41313,0.0,0.0
2023-12-22 09:30:00-05:00,7.820000171661377,7.860000133514404,7.800000190734863,7.860000133514404,70925,0.0,0.0
2023-12-22 10:30:00-05:00,7.853700160980225,7.860000133514404,7.835000038146973,7.840000152587891,16644,0.0,0.0
2023-12-22 11:30:00-05:00,7.840000152587891,7.84499979019165,7.78000020980835,7.789999961853027,36317,0.0,0.0
2023-12-22 12:30:00-05:00,7.789999961853027,7.808800220489502,7.789999961853027,7.795000076293945,16533,0.0,0.0
2023-12-22 13:30:00-05:00,7.795000076293945,7.798999786376953,7.775000095367432,7.78000020980835,22967,0.0,0.0
2023-12-22 14:30:00-05:00,7.789999961853027,7.800000190734863,7.789999961853027,7.800000190734863,9526,0.0,0.0
2023-12-22 15:30:00-05:00,7.795000076293945,7.804999828338623,7.784999847412109,7.795000076293945,32531,0.0,0.0
2023-12-26 09:30:00-05:00,7.789999961853027,7.829999923706055,7.78000020980835,7.829999923706055,0,0.0,0.0
2023-12-26 10:30:00-05:00,7.835000038146973,7.835000038146973,7.809999942779541,7.809999942779541,13593,0.0,0.0
2023-12-26 11:30:00-05:00,7.815000057220459,7.849999904632568,7.815000057220459,7.833700180053711,18658,0.0,0.0
2023-12-26 12:30:00-05:00,7.829999923706055,7.835000038146973,7.810100078582764,7.815000057220459,21491,0.0,0.0
2023-12-26 13:30:00-05:00,7.817200183868408,7.820000171661377,7.809999942779541,7.816199779510498,14548,0.0,0.0
2023-12-26 14:30:00-05:00,7.820000171661377,7.829999923706055,7.809999942779541,7.820000171661377,31558,0.0,0.0
2023-12-26 15:30:00-05:00,7.815000057220459,7.820000171661377,7.800000190734863,7.815000057220459,8872,0.0,0.0
2023-12-27 09:30:00-05:00,7.829999923706055,7.829999923706055,7.808899879455566,7.815000057220459,0,0.0,0.0
2023-12-27 10:30:00-05:00,7.815000057220459,7.820000171661377,7.789999961853027,7.789999961853027,22468,0.0,0.0
2023-12-27 11:30:00-05:00,7.784999847412109,7.809999942779541,7.78000020980835,7.800099849700928,39187,0.0,0.0
2023-12-27 12:30:00-05:00,7.802199840545654,7.815000057220459,7.789999961853027,7.800000190734863,22823,0.0,0.0
2023-12-27 13:30:00-05:00,7.800000190734863,7.800000190734863,7.78000020980835,7.793900012969971,14315,0.0,0.0
2023-12-27 14:30:00-05:00,7.800000190734863,7.804999828338623,7.763899803161621,7.763899803161621,60305,0.0,0.0
2023-12-27 15:30:00-05:00,7.760000228881836,7.809999942779541,7.760000228881836,7.804999828338623,34503,0.0,0.0
2023-12-28 09:30:00-05:00,7.789999961853027,7.809999942779541,7.774899959564209,7.800000190734863,30488,0.0,0.0
2023-12-28 10:30:00-05:00,7.800000190734863,7.809999942779541,7.78000020980835,7.784999847412109,33925,0.0,0.0
2023-12-28 11:30:00-05:00,7.784999847412109,7.800000190734863,7.780099868774414,7.795000076293945,26359,0.0,0.0
2023-12-28 12:30:00-05:00,7.797500133514404,7.800000190734863,7.789999961853027,7.800000190734863,6504,0.0,0.0
2023-12-28 13:30:00-05:00,7.795000076293945,7.800000190734863,7.789999961853027,7.800000190734863,13352,0.0,0.0
2023-12-28 14:30:00-05:00,7.795000076293945,7.800000190734863,7.78000020980835,7.784999847412109,18351,0.0,0.0
2023-12-28 15:30:00-05:00,7.784999847412109,7.809999942779541,7.784999847412109,7.809999942779541,22132,0.0,0.0
2023-12-29 09:30:00-05:00,7.809999942779541,7.817999839782715,7.750199794769287,7.795000076293945,72050,0.0,0.0
2023-12-29 10:30:00-05:00,7.795000076293945,7.840000152587891,7.78000020980835,7.809999942779541,124880,0.0,0.0
2023-12-29 11:30:00-05:00,7.809999942779541,7.809999942779541,7.800099849700928,7.809999942779541,13965,0.0,0.0
2023-12-29 12:30:00-05:00,7.809999942779541,7.809999942779541,7.800000190734863,7.800600051879883,20430,0.0,0.0
2023-12-29 13:30:00-05:00,7.809999942779541,7.820000171661377,7.800000190734863,7.804999828338623,29407,0.0,0.0
2023-12-29 14:30:00-05:00,7.804999828338623,7.809999942779541,7.800000190734863,7.804999828338623,3874,0.0,0.0
2023-12-29 15:30:00-05:00,7.804999828338623,7.829999923706055,7.801000118255615,7.829999923706055,33150,0.0,0.0
2024-01-02 09:30:00-05:00,7.800000190734863,7.809999942779541,7.75,7.775000095367432,37373,0.0,0.0
2024-01-02 10:30:00-05:00,7.769999980926514,7.78000020980835,7.760000228881836,7.769999980926514,15630,0.0,0.0
2024-01-02 11:30:00-05:00,7.7606000900268555,7.800000190734863,7.75,7.799900054931641,25399,0.0,0.0
2024-01-02 12:30:00-05:00,7.800000190734863,7.809999942779541,7.800000190734863,7.809999942779541,15154,0.0,0.0
2024-01-02 13:30:00-05:00,7.804999828338623,7.809999942779541,7.800099849700928,7.809500217437744,6072,0.0,0.0
2024-01-02 14:30:00-05:00,7.800099849700928,7.800099849700928,7.789999961853027,7.789999961853027,4935,0.0,0.0
2024-01-02 15:30:00-05:00,7.795000076293945,7.795000076293945,7.760000228881836,7.78000020980835,22779,0.0,0.0
2024-01-03 09:30:00-05:00,7.789999961853027,7.789999961853027,7.710000038146973,7.710000038146973,0,0.0,0.0
2024-01-03 10:30:00-05:00,7.710000038146973,7.730000019073486,7.710000038146973,7.71999979019165,15779,0.0,0.0
2024-01-03 11:30:00-05:00,7.71999979019165,7.75,7.710000038146973,7.75,18765,0.0,0.0
2024-01-03 12:30:00-05:00,7.75,7.769999980926514,7.744999885559082,7.764999866485596,15352,0.0,0.0
2024-01-03 13:30:00-05:00,7.764999866485596,7.764999866485596,7.730000019073486,7.75,15550,0.0,0.0
2024-01-03 14:30:00-05:00,7.755000114440918,7.755000114440918,7.71999979019165,7.724999904632568,12872,0.0,0.0
2024-01-03 15:30:00-05:00,7.730000019073486,7.739999771118164,7.7220001220703125,7.730000019073486,10354,0.0,0.0
2024-01-04 09:30:00-05:00,7.699999809265137,7.710000038146973,7.559999942779541,7.690000057220459,76467,0.0,0.0
2024-01-04 10:30:00-05:00,7.695000171661377,7.715000152587891,7.679999828338623,7.704999923706055,41478,0.0,0.0
2024-01-04 11:30:00-05:00,7.704999923706055,7.724999904632568,7.699999809265137,7.724999904632568,31274,0.0,0.0
2024-01-04 12:30:00-05:00,7.724999904632568,7.75,7.710000038146973,7.739999771118164,14728,0.0,0.0
2024-01-04 13:30:00-05:00,7.739999771118164,7.75,7.73199987411499,7.7342000007629395,16521,0.0,0.0
2024-01-04 14:30:00-05:00,7.723100185394287,7.739999771118164,7.723100185394287,7.735000133514404,5625,0.0,0.0
2024-01-04 15:30:00-05:00,7.739999771118164,7.75,7.724999904632568,7.724999904632568,27605,0.0,0.0
2024-01-05 09:30:00-05:00,7.739999771118164,7.760000228881836,7.699999809265137,7.730000019073486,22950,0.0,0.0
2024-01-05 10:30:00-05:00,7.730000019073486,7.739999771118164,7.710000038146973,7.710000038146973,12298,0.0,0.0
2024-01-05 11:30:00-05:00,7.699999809265137,7.71999979019165,7.690000057220459,7.710000038146973,36479,0.0,0.0
2024-01-05 12:30:00-05:00,7.710000038146973,7.71999979019165,7.690000057220459,7.710000038146973,21635,0.0,0.0
2024-01-05 13:30:00-05:00,7.71999979019165,7.7399001121521,7.715000152587891,7.724999904632568,8220,0.0,0.0
2024-01-05 14:30:00-05:00,7.724999904632568,7.730000019073486,7.710999965667725,7.71999979019165,8597,0.0,0.0
2024-01-05 15:30:00-05:00,7.719799995422363,7.730000019073486,7.710000038146973,7.730000019073486,3743,0.0,0.0
2024-01-08 09:30:00-05:00,7.710000038146973,7.75,7.690000057220459,7.739999771118164,24358,0.0,0.0
2024-01-08 10:30:00-05:00,7.74970006942749,7.769999980926514,7.74970006942749,7.755000114440918,16080,0.0,0.0
2024-01-08 11:30:00-05:00,7.755000114440918,7.809999942779541,7.75,7.804999828338623,19374,0.0,0.0
2024-01-08 12:30:00-05:00,7.804999828338623,7.809999942779541,7.800000190734863,7.800000190734863,9181,0.0,0.0
2024-01-08 13:30:00-05:00,7.798099994659424,7.815000057220459,7.789999961853027,7.815000057220459,11998,0.0,0.0
2024-01-08 14:30:00-05:00,7.815000057220459,7.820000171661377,7.800000190734863,7.800000190734863,17742,0.0,0.0
2024-01-08 15:30:00-05:00,7.800000190734863,7.829999923706055,7.800000190734863,7.829999923706055,10713,0.0,0.0
2024-01-09 09:30:00-05:00,7.800000190734863,7.800000190734863,7.75,7.78000020980835,28534,0.0,0.0
2024-01-09 10:30:00-05:00,7.78000020980835,7.799900054931641,7.78000020980835,7.793000221252441,13254,0.0,0.0
2024-01-09 11:30:00-05:00,7.789999961853027,7.800000190734863,7.789999961853027,7.789999961853027,4988,0.0,0.0
2024-01-09 12:30:00-05:00,7.789999961853027,7.808599948883057,7.789999961853027,7.808599948883057,9212,0.0,0.0
2024-01-09 13:30:00-05:00,7.800000190734863,7.824999809265137,7.790900230407715,7.820000171661377,10232,0.0,0.0
2024-01-09 14:30:00-05:00,7.820000171661377,7.824999809265137,7.809999942779541,7.824999809265137,11929,0.0,0.0
2024-01-09 15:30:00-05:00,7.820000171661377,7.829899787902832,7.789999961853027,7.809999942779541,34917,0.0,0.0
2024-01-10 09:30:00-05:00,7.829999923706055,7.830900192260742,7.809999942779541,7.809999942779541,23926,0.0,0.0
2024-01-10 10:30:00-05:00,7.809999942779541,7.829999923706055,7.809999942779541,7.815000057220459,26036,0.0,0.0
2024-01-10 11:30:00-05:00,7.819499969482422,7.840000152587891,7.809999942779541,7.835000038146973,12915,0.0,0.0
2024-01-10 12:30:00-05:00,7.835000038146973,7.840000152587891,7.835000038146973,7.839700222015381,2251,0.0,0.0
2024-01-10 13:30:00-05:00,7.835000038146973,7.848800182342529,7.835000038146973,7.840000152587891,7244,0.0,0.0
2024-01-10 14:30:00-05:00,7.840000152587891,7.840000152587891,7.829999923706055,7.840000152587891,20277,0.0,0.0
2024-01-10 15:30:00-05:00,7.840000152587891,7.869999885559082,7.829999923706055,7.869999885559082,26129,0.0,0.0
2024-01-11 09:30:00-05:00,7.880000114440918,7.909999847412109,7.849999904632568,7.875,52180,0.0,0.0
2024-01-11 10:30:00-05:00,7.875,7.889999866485596,7.840000152587891,7.864999771118164,31335,0.0,0.0
2024-01-11 11:30:00-05:00,7.860000133514404,7.869999885559082,7.820000171661377,7.849899768829346,10193,0.0,0.0
2024-01-11 12:30:00-05:00,7.855000019073486,7.889999866485596,7.850100040435791,7.883299827575684,21180,0.0,0.0
2024-01-11 13:30:00-05:00,7.889999866485596,7.908899784088135,7.883699893951416,7.908899784088135,6590,0.0,0.0
2024-01-11 14:30:00-05:00,7.909999847412109,7.980000019073486,7.90500020980835,7.949999809265137,84601,0.0,0.0
2024-01-11 15:30:00-05:00,7.949999809265137,7.979000091552734,7.940000057220459,7.949999809265137,41279,0.0,0.0
2024-01-12 09:30:00-05:00,7.880000114440918,7.940000057220459,7.880000114440918,7.925000190734863,38779,0.0,0.0
2024-01-12 10:30:00-05:00,7.925000190734863,7.949999809265137,7.920000076293945,7.945000171661377,7136,0.0,0.0
2024-01-12 11:30:00-05:00,7.945000171661377,7.974999904632568,7.940000057220459,7.974999904632568,13561,0.0,0.0
2024-01-12 12:30:00-05:00,7.970099925994873,7.989999771118164,7.960899829864502,7.965000152587891,26472,0.0,0.0
2024-01-12 13:30:00-05:00,7.960000038146973,7.96999979019165,7.960000038146973,7.965799808502197,7630,0.0,0.0
2024-01-12 14:30:00-05:00,7.961999893188477,7.965000152587891,7.949999809265137,7.954999923706055,10975,0.0,0.0
2024-01-12 15:30:00-05:00,7.960000038146973,7.96999979019165,7.949999809265137,7.96999979019165,5837,0.0,0.0
2024-01-16 09:30:00-05:00,7.980000019073486,8.0,7.949999809265137,7.9720001220703125,0,0.0,0.0
2024-01-16 10:30:00-05:00,7.97599983215332,8.0,7.970699787139893,7.994999885559082,25516,0.0,0.0
2024-01-16 11:30:00-05:00,8.0,8.0,7.929999828338623,7.940000057220459,13021,0.0,0.0
2024-01-16 12:30:00-05:00,7.940000057220459,7.949999809265137,7.929999828338623,7.941999912261963,4304,0.0,0.0
2024-01-16 13:30:00-05:00,7.947299957275391,7.949999809265137,7.90500020980835,7.909999847412109,6262,0.0,0.0
2024-01-16 14:30:00-05:00,7.909999847412109,7.940000057220459,7.909999847412109,7.929999828338623,9366,0.0,0.0
2024-01-16 15:30:00-05:00,7.925000190734863,7.929999828338623,7.920000076293945,7.929999828338623,3945,0.0,0.0
2024-01-17 09:30:00-05:00,7.929999828338623,7.96999979019165,7.9145002365112305,7.920000076293945,0,0.0,0.0
2024-01-17 10:30:00-05:00,7.910099983215332,7.945000171661377,7.910099983215332,7.940000057220459,12659,0.0,0.0
2024-01-17 11:30:00-05:00,7.934999942779541,7.945000171661377,7.921299934387207,7.921299934387207,9604,0.0,0.0
2024-01-17 12:30:00-05:00,7.919000148773193,7.929999828338623,7.900000095367432,7.900000095367432,8072,0.0,0.0
2024-01-17 13:30:00-05:00,7.901199817657471,7.925000190734863,7.900000095367432,7.925000190734863,8104,0.0,0.0
2024-01-17 14:30:00-05:00,7.9278998374938965,7.9394001960754395,7.920000076293945,7.920000076293945,19082,0.0,0.0
2024-01-17 15:30:00-05:00,7.92110013961792,7.960000038146973,7.920000076293945,7.960000038146973,17455,0.0,0.0
2024-01-18 09:30:00-05:00,7.989999771118164,8.020000457763672,7.985000133514404,7.998799800872803,0,0.0,0.0
2024-01-18 10:30:00-05:00,8.0,8.020000457763672,7.994999885559082,8.020000457763672,14301,0.0,0.0
2024-01-18 11:30:00-05:00,8.015000343322754,8.020000457763672,8.005000114440918,8.005000114440918,21617,0.0,0.0
2024-01-18 12:30:00-05:00,8.005000114440918,8.020000457763672,7.989999771118164,7.989999771118164,41124,0.0,0.0
2024-01-18 13:30:00-05:00,7.989999771118164,8.010000228881836,7.989999771118164,8.005000114440918,15634,0.0,0.0
2024-01-18 14:30:00-05:00,8.0,8.006999969482422,8.0,8.0,5192,0.0,0.0
2024-01-18 15:30:00-05:00,8.005000114440918,8.010000228881836,7.974999904632568,7.989999771118164,28710,0.0,0.0
2024-01-19 09:30:00-05:00,8.0,8.019000053405762,8.0,8.00160026550293,40259,0.0,0.0
2024-01-19 10:30:00-05:00,8.005000114440918,8.010000228881836,8.0,8.004500389099121,10742,0.0,0.0
2024-01-19 11:30:00-05:00,8.002699851989746,8.010000228881836,7.989999771118164,8.0,20436,0.0,0.0
2024-01-19 12:30:00-05:00,7.994999885559082,8.010000228881836,7.989999771118164,8.00100040435791,38079,0.0,0.0
2024-01-19 13:30:00-05:00,8.010000228881836,8.029999732971191,8.005000114440918,8.029999732971191,15127,0.0,0.0
2024-01-19 14:30:00-05:00,8.024499893188477,8.024999618530273,8.00100040435791,8.00100040435791,12497,0.0,0.0
2024-01-19 15:30:00-05:00,8.005000114440918,8.005000114440918,7.989999771118164,7.994999885559082,24001,0.0,0.0
2024-01-22 09:30:00-05:00,7.960000038146973,7.989999771118164,7.949999809265137,7.960000038146973,0,0.0,0.0
2024-01-22 10:30:00-05:00,7.96999979019165,7.980000019073486,7.889999866485596,7.947999954223633,138824,0.0,0.0
2024-01-22 11:30:00-05:00,7.947999954223633,7.949999809265137,7.940000057220459,7.949900150299072,27749,0.0,0.0
2024-01-22 12:30:00-05:00,7.947500228881836,7.960000038146973,7.940000057220459,7.947999954223633,27978,0.0,0.0
2024-01-22 13:30:00-05:00,7.945000171661377,7.949999809265137,7.940000057220459,7.940000057220459,9687,0.0,0.0
2024-01-22 14:30:00-05:00,7.946499824523926,7.949999809265137,7.940000057220459,7.945000171661377,28863,0.0,0.0
2024-01-22 15:30:00-05:00,7.945000171661377,7.980000019073486,7.940000057220459,7.965000152587891,28665,0.0,0.0
2024-01-23 09:30:00-05:00,7.940000057220459,7.960000038146973,7.929999828338623,7.960000038146973,0,0.0,0.0
2024-01-23 10:30:00-05:00,7.960000038146973,7.965000152587891,7.925000190734863,7.929999828338623,32715,0.0,0.0
2024-01-23 11:30:00-05:00,7.934999942779541,7.940000057220459,7.900000095367432,7.914999961853027,83726,0.0,0.0
2024-01-23 12:30:00-05:00,7.920000076293945,7.9274001121521,7.909999847412109,7.920000076293945,31521,0.0,0.0
2024-01-23 13:30:00-05:00,7.928999900817871,7.929999828338623,7.920000076293945,7.925000190734863,10848,0.0,0.0
2024-01-23 14:30:00-05:00,7.925000190734863,7.929999828338623,7.90500020980835,7.90500020980835,62990,0.0,0.0
2024-01-23 15:30:00-05:00,7.90500020980835,7.940000057220459,7.900000095367432,7.929999828338623,44238,0.0,0.0
2024-01-24 09:30:00-05:00,7.96999979019165,7.980000019073486,7.940000057220459,7.954999923706055,34668,0.0,0.0
2024-01-24 10:30:00-05:00,7.960000038146973,7.96999979019165,7.95419979095459,7.960000038146973,21824,0.0,0.0
2024-01-24 11:30:00-05:00,7.954999923706055,7.960000038146973,7.949999809265137,7.954999923706055,15433,0.0,0.0
2024-01-24 12:30:00-05:00,7.954999923706055,7.960000038146973,7.940000057220459,7.945000171661377,34575,0.0,0.0
2024-01-24 13:30:00-05:00,7.949999809265137,7.949999809265137,7.934999942779541,7.945000171661377,36932,0.0,0.0
2024-01-24 14:30:00-05:00,7.9446001052856445,7.949999809265137,7.929999828338623,7.934999942779541,13691,0.0,0.0
2024-01-24 15:30:00-05:00,7.934999942779541,7.940000057220459,7.929999828338623,7.929999828338623,50092,0.0,0.0
2024-01-25 09:30:00-05:00,7.949999809265137,7.95989990234375,7.940000057220459,7.949999809265137,0,0.0,0.0
2024-01-25 10:30:00-05:00,7.949999809265137,7.949999809265137,7.940000057220459,7.940000057220459,28436,0.0,0.0
2024-01-25 11:30:00-05:00,7.940000057220459,7.949999809265137,7.940000057220459,7.945000171661377,25819,0.0,0.0
2024-01-25 12:30:00-05:00,7.940000057220459,7.960000038146973,7.940000057220459,7.954999923706055,36323,0.0,0.0
2024-01-25 13:30:00-05:00,7.949999809265137,7.960000038146973,7.940000057220459,7.954999923706055,19923,0.0,0.0
2024-01-25 14:30:00-05:00,7.954999923706055,7.960000038146973,7.940000057220459,7.940000057220459,26028,0.0,0.0
2024-01-25 15:30:00-05:00,7.940000057220459,7.960000038146973,7.940000057220459,7.960000038146973,37741,0.0,0.0
2024-01-26 09:30:00-05:00,7.929999828338623,7.958000183105469,7.929999828338623,7.949999809265137,20326,0.0,0.0
2024-01-26 10:30:00-05:00,7.949999809265137,7.960000038146973,7.940100193023682,7.960000038146973,30554,0.0,0.0
2024-01-26 11:30:00-05:00,7.954999923706055,7.96999979019165,7.949999809265137,7.954999923706055,13864,0.0,0.0
2024-01-26 12:30:00-05:00,7.949999809265137,7.960000038146973,7.940000057220459,7.956900119781494,16303,0.0,0.0
2024-01-26 13:30:00-05:00,7.949999809265137,7.960000038146973,7.940000057220459,7.960000038146973,17890,0.0,0.0
2024-01-26 14:30:00-05:00,7.960000038146973,7.960000038146973,7.940000057220459,7.940000057220459,27616,0.0,0.0
2024-01-26 15:30:00-05:00,7.940000057220459,7.949999809265137,7.929999828338623,7.949999809265137,21725,0.0,0.0
2024-01-29 09:30:00-05:00,7.940000057220459,7.980000019073486,7.940000057220459,7.954999923706055,0,0.0,0.0
2024-01-29 10:30:00-05:00,7.956900119781494,7.960000038146973,7.949999809265137,7.960000038146973,17195,0.0,0.0
2024-01-29 11:30:00-05:00,7.960000038146973,7.980000019073486,7.95989990234375,7.974999904632568,30008,0.0,0.0
2024-01-29 12:30:00-05:00,7.974999904632568,7.980000019073486,7.960100173950195,7.96999979019165,12870,0.0,0.0
2024-01-29 13:30:00-05:00,7.979000091552734,7.979000091552734,7.940000057220459,7.965000152587891,37775,0.0,0.0
2024-01-29 14:30:00-05:00,7.96999979019165,8.0,7.96999979019165,8.0,22437,0.0,0.0
2024-01-29 15:30:00-05:00,7.994999885559082,8.0,7.989999771118164,8.0,8509,0.0,0.0
2024-01-30 09:30:00-05:00,7.96999979019165,7.989999771118164,7.951900005340576,7.985000133514404,0,0.0,0.0
2024-01-30 10:30:00-05:00,7.985000133514404,8.0,7.980000019073486,7.991000175476074,33170,0.0,0.0
2024-01-30 11:30:00-05:00,7.994999885559082,8.0,7.980000019073486,7.985000133514404,9842,0.0,0.0
2024-01-30 12:30:00-05:00,7.980000019073486,7.980199813842773,7.960899829864502,7.96999979019165,13300,0.0,0.0
2024-01-30 13:30:00-05:00,7.970099925994873,7.970099925994873,7.949999809265137,7.965000152587891,41380,0.0,0.0
2024-01-30 14:30:00-05:00,7.965000152587891,7.980000019073486,7.960000038146973,7.980000019073486,15254,0.0,0.0
2024-01-30 15:30:00-05:00,7.980000019073486,7.989999771118164,7.980000019073486,7.989999771118164,15758,0.0,0.0
2024-01-31 09:30:00-05:00,7.960000038146973,7.989999771118164,7.949999809265137,7.96999979019165,52269,0.0,0.0
2024-01-31 10:30:00-05:00,7.960100173950195,8.0,7.950900077819824,7.989999771118164,46469,0.0,0.0
2024-01-31 11:30:00-05:00,7.983500003814697,7.989999771118164,7.980000019073486,7.989999771118164,4133,0.0,0.0
2024-01-31 12:30:00-05:00,7.988999843597412,7.989999771118164,7.980000019073486,7.980000019073486,11257,0.0,0.0
2024-01-31 13:30:00-05:00,7.981500148773193,7.989999771118164,7.980000019073486,7.985000133514404,37754,0.0,0.0
2024-01-31 14:30:00-05:00,7.985000133514404,7.9893999099731445,7.96999979019165,7.96999979019165,50323,0.0,0.0
2024-01-31 15:30:00-05:00,7.96999979019165,7.96999979019165,7.949999809265137,7.960000038146973,18059,0.0,0.0
2024-02-01 09:30:00-05:00,7.949999809265137,7.989999771118164,7.949999809265137,7.985000133514404,29263,0.0,0.0
2024-02-01 10:30:00-05:00,7.980000019073486,8.010000228881836,7.980000019073486,8.005000114440918,52277,0.0,0.0
2024-02-01 11:30:00-05:00,8.005000114440918,8.020000457763672,8.0,8.010000228881836,27242,0.0,0.0
2024-02-01 12:30:00-05:00,8.015000343322754,8.029999732971191,8.005000114440918,8.023699760437012,23627,0.0,0.0
2024-02-01 13:30:00-05:00,8.024999618530273,8.029999732971191,8.010000228881836,8.010000228881836,28623,0.0,0.0
2024-02-01 14:30:00-05:00,8.01990032196045,8.039999961853027,8.015000343322754,8.029999732971191,32672,0.0,0.0
2024-02-01 15:30:00-05:00,8.029999732971191,8.039999961853027,8.020000457763672,8.039999961853027,20781,0.0,0.0
2024-02-02 09:30:00-05:00,8.029999732971191,8.039999961853027,7.949999809265137,8.03499984741211,0,0.0,0.0
2024-02-02 10:30:00-05:00,8.029999732971191,8.039999961853027,8.005000114440918,8.020000457763672,32178,0.0,0.0
2024-02-02 11:30:00-05:00,8.024999618530273,8.04990005493164,8.024999618530273,8.045000076293945,27221,0.0,0.0
2024-02-02 12:30:00-05:00,8.045000076293945,8.050000190734863,8.039999961853027,8.039999961853027,13371,0.0,0.0
2024-02-02 13:30:00-05:00,8.045000076293945,8.050000190734863,8.029999732971191,8.03499984741211,16289,0.0,0.0
2024-02-02 14:30:00-05:00,8.03499984741211,8.050000190734863,8.029999732971191,8.045000076293945,16090,0.0,0.0
2024-02-02 15:30:00-05:00,8.039999961853027,8.050000190734863,8.029999732971191,8.039999961853027,17743,0.0,0.0
2024-02-05 09:30:00-05:00,8.029999732971191,8.045000076293945,8.009900093078613,8.015000343322754,41943,0.0,0.0
2024-02-05 10:30:00-05:00,8.015000343322754,8.039999961853027,8.010000228881836,8.029999732971191,26939,0.0,0.0
2024-02-05 11:30:00-05:00,8.039899826049805,8.0600004196167,8.029999732971191,8.0600004196167,26309,0.0,0.0
2024-02-05 12:30:00-05:00,8.055000305175781,8.0600004196167,8.050000190734863,8.0600004196167,23865,0.0,0.0
2024-02-05 13:30:00-05:00,8.055000305175781,8.0600004196167,8.050000190734863,8.055000305175781,7699,0.0,0.0
2024-02-05 14:30:00-05:00,8.055000305175781,8.0600004196167,8.050000190734863,8.059900283813477,26041,0.0,0.0
2024-02-05 15:30:00-05:00,8.0600004196167,8.069999694824219,8.059800148010254,8.0600004196167,27850,0.0,0.0
2024-02-06 09:30:00-05:00,8.069999694824219,8.130000114440918,8.069999694824219,8.085000038146973,126748,0.0,0.0
2024-02-06 10:30:00-05:00,8.09000015258789,8.100000381469727,8.079999923706055,8.097900390625,27636,0.0,0.0
2024-02-06 11:30:00-05:00,8.100000381469727,8.199999809265137,8.100000381469727,8.180000305175781,119979,0.0,0.0
2024-02-06 12:30:00-05:00,8.180000305175781,8.1899995803833,8.16349983215332,8.1899995803833,39816,0.0,0.0
2024-02-06 13:30:00-05:00,8.1850004196167,8.204999923706055,8.140000343322754,8.15999984741211,52568,0.0,0.0
2024-02-06 14:30:00-05:00,8.15999984741211,8.1899995803833,8.15999984741211,8.1899995803833,28321,0.0,0.0
2024-02-06 15:30:00-05:00,8.188400268554688,8.199999809265137,8.180000305175781,8.199999809265137,18811,0.0,0.0
2024-02-07 09:30:00-05:00,8.210000038146973,8.270000457763672,8.170000076293945,8.265000343322754,42661,0.0,0.0
2024-02-07 10:30:00-05:00,8.260499954223633,8.269700050354004,8.240699768066406,8.25,29162,0.0,0.0
2024-02-07 11:30:00-05:00,8.244999885559082,8.270000457763672,8.244999885559082,8.270000457763672,8628,0.0,0.0
2024-02-07 12:30:00-05:00,8.270000457763672,8.279999732971191,8.25,8.255000114440918,52974,0.0,0.0
2024-02-07 13:30:00-05:00,8.260000228881836,8.265000343322754,8.244999885559082,8.253899574279785,29750,0.0,0.0
2024-02-07 14:30:00-05:00,8.25,8.270000457763672,8.229999542236328,8.270000457763672,20755,0.0,0.0
2024-02-07 15:30:00-05:00,8.265000343322754,8.270000457763672,8.229999542236328,8.239999771118164,52753,0.0,0.0
2024-02-08 09:30:00-05:00,8.220000267028809,8.260000228881836,8.210000038146973,8.245800018310547,0,0.0,0.0
2024-02-08 10:30:00-05:00,8.25,8.25,8.225000381469727,8.225000381469727,17986,0.0,0.0
2024-02-08 11:30:00-05:00,8.225000381469727,8.229999542236328,8.220000267028809,8.225000381469727,4827,0.0,0.0
2024-02-08 12:30:00-05:00,8.220600128173828,8.221400260925293,8.1899995803833,8.210000038146973,43997,0.0,0.0
2024-02-08 13:30:00-05:00,8.204999923706055,8.210000038146973,8.20110034942627,8.210000038146973,7623,0.0,0.0
2024-02-08 14:30:00-05:00,8.20989990234375,8.229999542236328,8.204999923706055,8.225000381469727,27626,0.0,0.0
2024-02-08 15:30:00-05:00,8.220000267028809,8.25,8.220000267028809,8.25,47398,0.0,0.0
2024-02-09 09:30:00-05:00,8.25,8.270000457763672,8.245200157165527,8.270000457763672,16556,0.0,0.0
2024-02-09 10:30:00-05:00,8.26990032196045,8.270000457763672,8.260000228881836,8.265000343322754,40755,0.0,0.0
2024-02-09 11:30:00-05:00,8.270000457763672,8.270000457763672,8.260100364685059,8.270000457763672,8724,0.0,0.0
2024-02-09 12:30:00-05:00,8.265000343322754,8.270000457763672,8.260100364685059,8.265000343322754,14695,0.0,0.0
2024-02-09 13:30:00-05:00,8.264300346374512,8.270000457763672,8.260899543762207,8.267999649047852,8179,0.0,0.0
2024-02-09 14:30:00-05:00,8.270000457763672,8.279999732971191,8.260000228881836,8.270000457763672,11162,0.0,0.0
2024-02-09 15:30:00-05:00,8.265000343322754,8.270000457763672,8.26099967956543,8.265000343322754,5227,0.0,0.0
2024-02-12 09:30:00-05:00,8.25,8.289999961853027,8.25,8.289999961853027,0,0.0,0.0
2024-02-12 10:30:00-05:00,8.298700332641602,8.300000190734863,8.295000076293945,8.300000190734863,5541,0.0,0.0
2024-02-12 11:30:00-05:00,8.298800468444824,8.3100004196167,8.298800468444824,8.304699897766113,6134,0.0,0.0
2024-02-12 12:30:00-05:00,8.303299903869629,8.329999923706055,8.303299903869629,8.319999694824219,72377,0.0,0.0
2024-02-12 13:30:00-05:00,8.3100004196167,8.319999694824219,8.289999961853027,8.289999961853027,17345,0.0,0.0
2024-02-12 14:30:00-05:00,8.295000076293945,8.295000076293945,8.28499984741211,8.28499984741211,6199,0.0,0.0
2024-02-12 15:30:00-05:00,8.282999992370605,8.300000190734863,8.282999992370605,8.300000190734863,14803,0.0,0.0
2024-02-13 09:30:00-05:00,8.210000038146973,8.255000114440918,8.210000038146973,8.25,66020,0.0,0.0
2024-02-13 10:30:00-05:00,8.260100364685059,8.279999732971191,8.25,8.260000228881836,49971,0.0,0.0
2024-02-13 11:30:00-05:00,8.26550006866455,8.265800476074219,8.25,8.25,10316,0.0,0.0
2024-02-13 12:30:00-05:00,8.251299858093262,8.259900093078613,8.25,8.25,20265,0.0,0.0
2024-02-13 13:30:00-05:00,8.256099700927734,8.260000228881836,8.25,8.254400253295898,24930,0.0,0.0
2024-02-13 14:30:00-05:00,8.25,8.259900093078613,8.25,8.25,40520,0.0,0.0
2024-02-13 15:30:00-05:00,8.25,8.260000228881836,8.25,8.260000228881836,43759,0.0,0.0
2024-02-14 09:30:00-05:00,8.289999961853027,8.323100090026855,8.279999732971191,8.323100090026855,0,0.0,0.0
2024-02-14 10:30:00-05:00,8.319999694824219,8.329999923706055,8.299799919128418,8.319999694824219,19318,0.0,0.0
2024-02-14 11:30:00-05:00,8.319999694824219,8.319999694824219,8.289999961853027,8.295000076293945,18156,0.0,0.0
2024-02-14 12:30:00-05:00,8.300000190734863,8.319999694824219,8.300000190734863,8.319999694824219,22810,0.0,0.0
2024-02-14 13:30:00-05:00,8.3149995803833,8.32699966430664,8.295000076293945,8.3100004196167,28793,0.0,0.0
2024-02-14 14:30:00-05:00,8.3149995803833,8.329999923706055,8.295000076293945,8.3100004196167,17791,0.0,0.0
2024-02-14 15:30:00-05:00,8.3100004196167,8.329999923706055,8.305000305175781,8.329999923706055,15043,0.0,0.0
2024-02-15 09:30:00-05:00,8.34000015258789,8.385000228881836,8.34000015258789,8.359999656677246,38341,0.0,0.0
2024-02-15 10:30:00-05:00,8.359999656677246,8.364999771118164,8.350000381469727,8.354999542236328,12364,0.0,0.0
2024-02-15 11:30:00-05:00,8.357099533081055,8.3572998046875,8.350000381469727,8.354999542236328,8950,0.0,0.0
2024-02-15 12:30:00-05:00,8.354999542236328,8.359999656677246,8.354999542236328,8.359999656677246,6292,0.0,0.0
2024-02-15 13:30:00-05:00,8.359999656677246,8.361000061035156,8.350099563598633,8.354999542236328,16050,0.0,0.0
2024-02-15 14:30:00-05:00,8.35990047454834,8.369999885559082,8.350000381469727,8.364999771118164,11513,0.0,0.0
2024-02-15 15:30:00-05:00,8.364999771118164,8.380000114440918,8.359999656677246,8.369999885559082,29967,0.0,0.0
2024-02-16 09:30:00-05:00,8.350000381469727,8.350000381469727,8.300100326538086,8.329999923706055,0,0.0,0.0
2024-02-16 10:30:00-05:00,8.339900016784668,8.350000381469727,8.324999809265137,8.350000381469727,6246,0.0,0.0
2024-02-16 11:30:00-05:00,8.350000381469727,8.350000381469727,8.329999923706055,8.329999923706055,8994,0.0,0.0
2024-02-16 12:30:00-05:00,8.339900016784668,8.34000015258789,8.319999694824219,8.324999809265137,12261,0.0,0.0
2024-02-16 13:30:00-05:00,8.319999694824219,8.329899787902832,8.319999694824219,8.324999809265137,10679,0.0,0.0
2024-02-16 14:30:00-05:00,8.32960033416748,8.329999923706055,8.319999694824219,8.319999694824219,13551,0.0,0.0
2024-02-16 15:30:00-05:00,8.3100004196167,8.335000038146973,8.3100004196167,8.329999923706055,23989,0.0,0.0
2024-02-20 09:30:00-05:00,8.319999694824219,8.350000381469727,8.260000228881836,8.261699676513672,82008,0.0,0.0
2024-02-20 10:30:00-05:00,8.270000457763672,8.300000190734863,8.255000114440918,8.279999732971191,23326,0.0,0.0
2024-02-20 11:30:00-05:00,8.280099868774414,8.28499984741211,8.270000457763672,8.270000457763672,38122,0.0,0.0
2024-02-20 12:30:00-05:00,8.270099639892578,8.274999618530273,8.270000457763672,8.270000457763672,10338,0.0,0.0
2024-02-20 13:30:00-05:00,8.270000457763672,8.275899887084961,8.270000457763672,8.275899887084961,3268,0.0,0.0
2024-02-20 14:30:00-05:00,8.270000457763672,8.279999732971191,8.270000457763672,8.279999732971191,32947,0.0,0.0
2024-02-20 15:30:00-05:00,8.279999732971191,8.289999961853027,8.270000457763672,8.289999961853027,26758,0.0,0.0
2024-02-21 09:30:00-05:00,8.220000267028809,8.3100004196167,8.220000267028809,8.241499900817871,32446,0.0,0.0
2024-02-21 10:30:00-05:00,8.234999656677246,8.270000457763672,8.229999542236328,8.26039981842041,10719,0.0,0.0
2024-02-21 11:30:00-05:00,8.260000228881836,8.260000228881836,8.239999771118164,8.239999771118164,5026,0.0,0.0
2024-02-21 12:30:00-05:00,8.244999885559082,8.248000144958496,8.239999771118164,8.248000144958496,1391,0.0,0.0
2024-02-21 13:30:00-05:00,8.244999885559082,8.259300231933594,8.234999656677246,8.240799903869629,31261,0.0,0.0
2024-02-21 14:30:00-05:00,8.244999885559082,8.244999885559082,8.225000381469727,8.225000381469727,10937,0.0,0.0
2024-02-21 15:30:00-05:00,8.225000381469727,8.25,8.223999977111816,8.244999885559082,16258,0.0,0.0
2024-02-22 09:30:00-05:00,8.3100004196167,8.329999923706055,8.289999961853027,8.309399604797363,41176,0.0,0.0
2024-02-22 10:30:00-05:00,8.305000305175781,8.3149995803833,8.300000190734863,8.300999641418457,27501,0.0,0.0
2024-02-22 11:30:00-05:00,8.300000190734863,8.309499740600586,8.289999961853027,8.295000076293945,31852,0.0,0.0
2024-02-22 12:30:00-05:00,8.295000076293945,8.300000190734863,8.279999732971191,8.279999732971191,16962,0.0,0.0
2024-02-22 13:30:00-05:00,8.279999732971191,8.289999961853027,8.279999732971191,8.289899826049805,18899,0.0,0.0
2024-02-22 14:30:00-05:00,8.279999732971191,8.288999557495117,8.279999732971191,8.279999732971191,18525,0.0,0.0
2024-02-22 15:30:00-05:00,8.279999732971191,8.28499984741211,8.260000228881836,8.260000228881836,15613,0.0,0.0
2024-02-23 09:30:00-05:00,8.3100004196167,8.350000381469727,8.3100004196167,8.348799705505371,32506,0.0,0.0
2024-02-23 10:30:00-05:00,8.345000267028809,8.345000267028809,8.319999694824219,8.324999809265137,25095,0.0,0.0
2024-02-23 11:30:00-05:00,8.321399688720703,8.34000015258789,8.319999694824219,8.324999809265137,16144,0.0,0.0
2024-02-23 12:30:00-05:00,8.324999809265137,8.329999923706055,8.300000190734863,8.303400039672852,30383,0.0,0.0
2024-02-23 13:30:00-05:00,8.305000305175781,8.309800148010254,8.300000190734863,8.305000305175781,1224,0.0,0.0
2024-02-23 14:30:00-05:00,8.300299644470215,8.305000305175781,8.225000381469727,8.289999961853027,80623,0.0,0.0
2024-02-23 15:30:00-05:00,8.289999961853027,8.3100004196167,8.28499984741211,8.305000305175781,13499,0.0,0.0
2024-02-26 09:30:00-05:00,8.329999923706055,8.34000015258789,8.300000190734863,8.321000099182129,0,0.0,0.0
2024-02-26 10:30:00-05:00,8.329999923706055,8.34000015258789,8.324999809265137,8.339900016784668,26098,0.0,0.0
2024-02-26 11:30:00-05:00,8.331199645996094,8.34000015258789,8.331199645996094,8.34000015258789,2528,0.0,0.0
2024-02-26 12:30:00-05:00,8.34000015258789,8.34000015258789,8.324999809265137,8.324999809265137,34494,0.0,0.0
2024-02-26 13:30:00-05:00,8.319999694824219,8.319999694824219,8.300000190734863,8.3149995803833,17221,0.0,0.0
2024-02-26 14:30:00-05:00,8.3149995803833,8.319999694824219,8.3100004196167,8.3125,6937,0.0,0.0
2024-02-26 15:30:00-05:00,8.3100004196167,8.319999694824219,8.3100004196167,8.319999694824219,10687,0.0,0.0
2024-02-27 09:30:00-05:00,8.300000190734863,8.300000190734863,8.289999961853027,8.289999961853027,47796,0.0,0.0
2024-02-27 10:30:00-05:00,8.289999961853027,8.320099830627441,8.279999732971191,8.320099830627441,34527,0.0,0.0
2024-02-27 11:30:00-05:00,8.324999809265137,8.329999923706055,8.319999694824219,8.320099830627441,12899,0.0,0.0
2024-02-27 12:30:00-05:00,8.324999809265137,8.324999809265137,8.319999694824219,8.320099830627441,7815,0.0,0.0
2024-02-27 13:30:00-05:00,8.32289981842041,8.32289981842041,8.32289981842041,8.32289981842041,1306,0.0,0.0
2024-02-27 14:30:00-05:00,8.322400093078613,8.329999923706055,8.300000190734863,8.300000190734863,24699,0.0,0.0
2024-02-27 15:30:00-05:00,8.300000190734863,8.3100004196167,8.300000190734863,8.3100004196167,8611,0.0,0.0
2024-02-28 09:30:00-05:00,8.3100004196167,8.3100004196167,8.260000228881836,8.279899597167969,0,0.0,0.0
2024-02-28 10:30:00-05:00,8.270099639892578,8.3149995803833,8.270000457763672,8.3149995803833,24489,0.0,0.0
2024-02-28 11:30:00-05:00,8.31029987335205,8.31029987335205,8.305000305175781,8.309900283813477,3362,0.0,0.0
2024-02-28 12:30:00-05:00,8.3125,8.3125,8.30090045928955,8.309100151062012,4041,0.0,0.0
2024-02-28 13:30:00-05:00,8.309900283813477,8.309900283813477,8.300000190734863,8.300000190734863,12730,0.0,0.0
2024-02-28 14:30:00-05:00,8.300000190734863,8.3100004196167,8.262900352478027,8.298999786376953,28653,0.0,0.0
2024-02-28 15:30:00-05:00,8.300000190734863,8.3100004196167,8.283699989318848,8.3100004196167,24291,0.0,0.0
2024-02-29 09:30:00-05:00,8.380000114440918,8.399999618530273,8.335000038146973,8.369999885559082,0,0.0,0.0
2024-02-29 10:30:00-05:00,8.369999885559082,8.369999885559082,8.354999542236328,8.359999656677246,4499,0.0,0.0
2024-02-29 11:30:00-05:00,8.359999656677246,8.359999656677246,8.329999923706055,8.335000038146973,18404,0.0,0.0
2024-02-29 12:30:00-05:00,8.329999923706055,8.350000381469727,8.329999923706055,8.34000015258789,7733,0.0,0.0
2024-02-29 13:30:00-05:00,8.347200393676758,8.350000381469727,8.329999923706055,8.34000015258789,7250,0.0,0.0
2024-02-29 14:30:00-05:00,8.335000038146973,8.34000015258789,8.3100004196167,8.3100004196167,20741,0.0,0.0
2024-02-29 15:30:00-05:00,8.3149995803833,8.329999923706055,8.300000190734863,8.324999809265137,30004,0.0,0.0
2024-03-01 09:30:00-05:00,8.329999923706055,8.380000114440918,8.319700241088867,8.34000015258789,29817,0.0,0.0
2024-03-01 10:30:00-05:00,8.340900421142578,8.36989974975586,8.34000015258789,8.36989974975586,13813,0.0,0.0
2024-03-01 11:30:00-05:00,8.369999885559082,8.369999885559082,8.359999656677246,8.359999656677246,3318,0.0,0.0
2024-03-01 12:30:00-05:00,8.364999771118164,8.375,8.359999656677246,8.369999885559082,27735,0.0,0.0
2024-03-01 13:30:00-05:00,8.379899978637695,8.380000114440918,8.369999885559082,8.369999885559082,27546,0.0,0.0
2024-03-01 14:30:00-05:00,8.377400398254395,8.380000114440918,8.369999885559082,8.379500389099121,16402,0.0,0.0
2024-03-01 15:30:00-05:00,8.369999885559082,8.390000343322754,8.369999885559082,8.380000114440918,23970,0.0,0.0
2024-03-04 09:30:00-05:00,8.369999885559082,8.430000305175781,8.366100311279297,8.395600318908691,0,0.0,0.0
2024-03-04 10:30:00-05:00,8.399999618530273,8.420000076293945,8.390299797058105,8.404999732971191,25839,0.0,0.0
2024-03-04 11:30:00-05:00,8.404999732971191,8.420000076293945,8.400199890136719,8.420000076293945,10711,0.0,0.0
2024-03-04 12:30:00-05:00,8.420000076293945,8.420000076293945,8.410099983215332,8.414999961853027,7668,0.0,0.0
2024-03-04 13:30:00-05:00,8.414999961853027,8.420000076293945,8.400899887084961,8.404999732971191,15328,0.0,0.0
2024-03-04 14:30:00-05:00,8.404999732971191,8.409899711608887,8.390000343322754,8.399999618530273,8385,0.0,0.0
2024-03-04 15:30:00-05:00,8.399999618530273,8.40999984741211,8.390000343322754,8.40999984741211,25015,0.0,0.0
2024-03-05 09:30:00-05:00,8.399999618530273,8.430000305175781,8.390000343322754,8.399999618530273,0,0.0,0.0
2024-03-05 10:30:00-05:00,8.395000457763672,8.399999618530273,8.390000343322754,8.399399757385254,16048,0.0,0.0
2024-03-05 11:30:00-05:00,8.395000457763672,8.395000457763672,8.380000114440918,8.380900382995605,16574,0.0,0.0
2024-03-05 12:30:00-05:00,8.390000343322754,8.390000343322754,8.38010025024414,8.390000343322754,4155,0.0,0.0
2024-03-05 13:30:00-05:00,8.387299537658691,8.390000343322754,8.380000114440918,8.385000228881836,5153,0.0,0.0
2024-03-05 14:30:00-05:00,8.390000343322754,8.390000343322754,8.34000015258789,8.34000015258789,42431,0.0,0.0
2024-03-05 15:30:00-05:00,8.34000015258789,8.369999885559082,8.335000038146973,8.359999656677246,37328,0.0,0.0
2024-03-06 09:30:00-05:00,8.380000114440918,8.395000457763672,8.380000114440918,8.394499778747559,14082,0.0,0.0
2024-03-06 10:30:00-05:00,8.399999618530273,8.420000076293945,8.399999618530273,8.41100025177002,11913,0.0,0.0
2024-03-06 11:30:00-05:00,8.40999984741211,8.448800086975098,8.40999984741211,8.440999984741211,15295,0.0,0.0
2024-03-06 12:30:00-05:00,8.444999694824219,8.449999809265137,8.4399995803833,8.449999809265137,10567,0.0,0.0
2024-03-06 13:30:00-05:00,8.449999809265137,8.46090030670166,8.4399995803833,8.444999694824219,16778,0.0,0.0
2024-03-06 14:30:00-05:00,8.444999694824219,8.444999694824219,8.40999984741211,8.40999984741211,6389,0.0,0.0
2024-03-06 15:30:00-05:00,8.40999984741211,8.4399995803833,8.399999618530273,8.420000076293945,31067,0.0,0.0
2024-03-07 09:30:00-05:00,8.4399995803833,8.470000267028809,8.430000305175781,8.460000038146973,0,0.0,0.0
2024-03-07 10:30:00-05:00,8.456000328063965,8.470000267028809,8.449999809265137,8.449999809265137,27877,0.0,0.0
2024-03-07 11:30:00-05:00,8.454999923706055,8.460100173950195,8.430999755859375,8.460000038146973,33784,0.0,0.0
2024-03-07 12:30:00-05:00,8.454999923706055,8.46500015258789,8.4399995803833,8.449999809265137,14540,0.0,0.0
2024-03-07 13:30:00-05:00,8.444999694824219,8.449999809265137,8.40999984741211,8.414999961853027,30149,0.0,0.0
2024-03-07 14:30:00-05:00,8.420000076293945,8.430000305175781,8.404999732971191,8.429800033569336,20432,0.0,0.0
2024-03-07 15:30:00-05:00,8.429900169372559,8.4399995803833,8.420000076293945,8.430000305175781,28276,0.0,0.0
2024-03-08 09:30:00-05:00,8.449999809265137,8.449999809265137,8.420000076293945,8.439900398254395,0,0.0,0.0
2024-03-08 10:30:00-05:00,8.4350004196167,8.4350004196167,8.369999885559082,8.369999885559082,39063,0.0,0.0
2024-03-08 11:30:00-05:00,8.359999656677246,8.370499610900879,8.350000381469727,8.354999542236328,20056,0.0,0.0
2024-03-08 12:30:00-05:00,8.355199813842773,8.355199813842773,8.329999923706055,8.329999923706055,32010,0.0,0.0
2024-03-08 13:30:00-05:00,8.330100059509277,8.345000267028809,8.329999923706055,8.34000015258789,12819,0.0,0.0
2024-03-08 14:30:00-05:00,8.345000267028809,8.379799842834473,8.34000015258789,8.375,41758,0.0,0.0
2024-03-08 15:30:00-05:00,8.375,8.390000343322754,8.369999885559082,8.385000228881836,11683,0.0,0.0
2024-03-11 09:30:00-04:00,8.380000114440918,8.390000343322754,8.350000381469727,8.354999542236328,0,0.0,0.0
2024-03-11 10:30:00-04:00,8.357600212097168,8.369999885559082,8.357600212097168,8.360099792480469,13121,0.0,0.0
2024-03-11 11:30:00-04:00,8.364999771118164,8.399999618530273,8.364999771118164,8.391300201416016,30876,0.0,0.0
2024-03-11 12:30:00-04:00,8.390999794006348,8.399999618530273,8.383099555969238,8.395000457763672,18523,0.0,0.0
2024-03-11 13:30:00-04:00,8.390000343322754,8.399999618530273,8.380000114440918,8.395000457763672,7249,0.0,0.0
2024-03-11 14:30:00-04:00,8.395000457763672,8.399999618530273,8.390000343322754,8.390000343322754,39760,0.0,0.0
2024-03-11 15:30:00-04:00,8.390000343322754,8.399999618530273,8.380000114440918,8.390000343322754,21235,0.0,0.0
2024-03-12 09:30:00-04:00,8.390000343322754,8.420000076293945,8.36989974975586,8.420000076293945,20570,0.0,0.0
2024-03-12 10:30:00-04:00,8.422200202941895,8.444999694824219,8.422200202941895,8.444999694824219,4523,0.0,0.0
2024-03-12 11:30:00-04:00,8.440099716186523,8.440099716186523,8.410099983215332,8.410099983215332,8635,0.0,0.0
2024-03-12 12:30:00-04:00,8.40999984741211,8.418399810791016,8.40999984741211,8.414999961853027,3821,0.0,0.0
2024-03-12 13:30:00-04:00,8.420000076293945,8.430000305175781,8.420000076293945,8.420100212097168,9459,0.0,0.0
2024-03-12 14:30:00-04:00,8.420000076293945,8.430000305175781,8.40999984741211,8.430000305175781,19575,0.0,0.0
2024-03-12 15:30:00-04:00,8.425000190734863,8.430000305175781,8.420000076293945,8.430000305175781,22813,0.0,0.0
2024-03-13 09:30:00-04:00,8.4399995803833,8.447099685668945,8.420000076293945,8.4350004196167,0,0.0,0.0
2024-03-13 10:30:00-04:00,8.430000305175781,8.449999809265137,8.430000305175781,8.4399995803833,11481,0.0,0.0
2024-03-13 11:30:00-04:00,8.4399995803833,8.4399995803833,8.420000076293945,8.420000076293945,11977,0.0,0.0
2024-03-13 12:30:00-04:00,8.42080020904541,8.42080020904541,8.390000343322754,8.390000343322754,23241,0.0,0.0
2024-03-13 13:30:00-04:00,8.399900436401367,8.420000076293945,8.399900436401367,8.40999984741211,22596,0.0,0.0
2024-03-13 14:30:00-04:00,8.410300254821777,8.420000076293945,8.404999732971191,8.404999732971191,17695,0.0,0.0
2024-03-13 15:30:00-04:00,8.399999618530273,8.430000305175781,8.390000343322754,8.430000305175781,34526,0.0,0.0
2024-03-14 09:30:00-04:00,8.449999809265137,8.460000038146973,8.390000343322754,8.399999618530273,0,0.0,0.0
2024-03-14 10:30:00-04:00,8.40999984741211,8.40999984741211,8.390000343322754,8.390000343322754,6753,0.0,0.0
2024-03-14 11:30:00-04:00,8.395000457763672,8.4399995803833,8.390000343322754,8.438599586486816,46450,0.0,0.0
2024-03-14 12:30:00-04:00,8.4350004196167,8.4399995803833,8.420000076293945,8.420000076293945,12029,0.0,0.0
2024-03-14 13:30:00-04:00,8.420000076293945,8.430000305175781,8.420000076293945,8.425000190734863,14145,0.0,0.0
2024-03-14 14:30:00-04:00,8.425000190734863,8.430000305175781,8.390000343322754,8.404999732971191,48531,0.0,0.0
2024-03-14 15:30:00-04:00,8.399999618530273,8.420000076293945,8.390000343322754,8.40999984741211,20118,0.0,0.0
2024-03-15 09:30:00-04:00,8.380000114440918,8.405699729919434,8.375,8.395000457763672,26087,0.0,0.0
2024-03-15 10:30:00-04:00,8.390000343322754,8.395000457763672,8.380000114440918,8.380000114440918,4266,0.0,0.0
2024-03-15 11:30:00-04:00,8.380000114440918,8.390000343322754,8.380000114440918,8.381999969482422,13874,0.0,0.0
2024-03-15 12:30:00-04:00,8.385000228881836,8.390000343322754,8.380000114440918,8.381099700927734,20849,0.0,0.0
2024-03-15 13:30:00-04:00,8.380000114440918,8.389900207519531,8.380000114440918,8.380000114440918,12016,0.0,0.0
2024-03-15 14:30:00-04:00,8.380000114440918,8.380000114440918,8.319999694824219,8.324999809265137,26918,0.0,0.0
2024-03-15 15:30:00-04:00,8.319999694824219,8.350000381469727,8.300000190734863,8.350000381469727,35882,0.0,0.0
2024-03-18 09:30:00-04:00,8.359999656677246,8.359999656677246,8.350000381469727,8.354999542236328,0,0.0,0.0
2024-03-18 10:30:00-04:00,8.350000381469727,8.350000381469727,8.3100004196167,8.319999694824219,71932,0.0,0.0
2024-03-18 11:30:00-04:00,8.319999694824219,8.327300071716309,8.305000305175781,8.3149995803833,29509,0.0,0.0
2024-03-18 12:30:00-04:00,8.319899559020996,8.350000381469727,8.300000190734863,8.345000267028809,51333,0.0,0.0
2024-03-18 13:30:00-04:00,8.345000267028809,8.345000267028809,8.279999732971191,8.300000190734863,76126,0.0,0.0
2024-03-18 14:30:00-04:00,8.300000190734863,8.3100004196167,8.300000190734863,8.300000190734863,28979,0.0,0.0
2024-03-18 15:30:00-04:00,8.300000190734863,8.359999656677246,8.295000076293945,8.359999656677246,77576,0.0,0.0
2024-03-19 09:30:00-04:00,8.329999923706055,8.34060001373291,8.319999694824219,8.329000473022461,0,0.0,0.0
2024-03-19 10:30:00-04:00,8.329999923706055,8.34000015258789,8.329999923706055,8.332099914550781,8042,0.0,0.0
2024-03-19 11:30:00-04:00,8.337400436401367,8.345000267028809,8.330699920654297,8.339799880981445,14923,0.0,0.0
2024-03-19 12:30:00-04:00,8.335000038146973,8.359999656677246,8.335000038146973,8.359999656677246,9314,0.0,0.0
2024-03-19 13:30:00-04:00,8.369999885559082,8.375,8.354999542236328,8.359999656677246,17751,0.0,0.0
2024-03-19 14:30:00-04:00,8.354999542236328,8.399999618530273,8.34000015258789,8.399999618530273,58252,0.0,0.0
2024-03-19 15:30:00-04:00,8.395000457763672,8.40999984741211,8.390000343322754,8.40999984741211,15138,0.0,0.0
2024-03-20 09:30:00-04:00,8.369999885559082,8.385000228881836,8.350000381469727,8.375,37328,0.0,0.0
2024-03-20 10:30:00-04:00,8.371600151062012,8.390000343322754,8.369999885559082,8.390000343322754,20181,0.0,0.0
2024-03-20 11:30:00-04:00,8.385000228881836,8.399999618530273,8.380000114440918,8.390000343322754,48719,0.0,0.0
2024-03-20 12:30:00-04:00,8.380999565124512,8.385000228881836,8.359999656677246,8.359999656677246,6556,0.0,0.0
2024-03-20 13:30:00-04:00,8.364999771118164,8.399999618530273,8.359999656677246,8.389900207519531,15334,0.0,0.0
2024-03-20 14:30:00-04:00,8.385000228881836,8.40999984741211,8.375,8.404999732971191,20838,0.0,0.0
2024-03-20 15:30:00-04:00,8.40999984741211,8.420000076293945,8.40999984741211,8.420000076293945,15260,0.0,0.0
2024-03-21 09:30:00-04:00,8.460000038146973,8.460000038146973,8.369999885559082,8.414999961853027,52308,0.0,0.0
2024-03-21 10:30:00-04:00,8.420000076293945,8.4350004196167,8.40999984741211,8.40999984741211,22574,0.0,0.0
2024-03-21 11:30:00-04:00,8.40999984741211,8.40999984741211,8.399999618530273,8.399999618530273,7619,0.0,0.0
2024-03-21 12:30:00-04:00,8.400300025939941,8.400300025939941,8.390000343322754,8.396300315856934,25479,0.0,0.0
2024-03-21 13:30:00-04:00,8.399299621582031,8.399999618530273,8.380000114440918,8.380000114440918,34687,0.0,0.0
2024-03-21 14:30:00-04:00,8.380000114440918,8.38640022277832,8.354999542236328,8.354999542236328,109237,0.0,0.0
2024-03-21 15:30:00-04:00,8.350000381469727,8.359999656677246,8.350000381469727,8.350000381469727,20679,0.0,0.0
2024-03-22 09:30:00-04:00,8.380000114440918,8.390000343322754,8.34000015258789,8.350000381469727,20873,0.0,0.0
2024-03-22 10:30:00-04:00,8.34000015258789,8.345000267028809,8.319999694824219,8.34000015258789,32790,0.0,0.0
2024-03-22 11:30:00-04:00,8.345000267028809,8.345000267028809,8.319999694824219,8.319999694824219,24821,0.0,0.0
2024-03-22 12:30:00-04:00,8.319999694824219,8.329999923706055,8.3100004196167,8.329999923706055,34108,0.0,0.0
2024-03-22 13:30:00-04:00,8.324999809265137,8.380000114440918,8.324999809265137,8.375,65737,0.0,0.0
2024-03-22 14:30:00-04:00,8.371000289916992,8.380000114440918,8.359999656677246,8.364999771118164,14866,0.0,0.0
2024-03-22 15:30:00-04:00,8.359999656677246,8.360099792480469,8.350000381469727,8.354999542236328,9967,0.0,0.0
2024-03-25 09:30:00-04:00,8.319999694824219,8.37399959564209,8.3149995803833,8.37399959564209,0,0.0,0.0
2024-03-25 10:30:00-04:00,8.375,8.380000114440918,8.359999656677246,8.375,15829,0.0,0.0
2024-03-25 11:30:00-04:00,8.380000114440918,8.380000114440918,8.369999885559082,8.369999885559082,6730,0.0,0.0
2024-03-25 12:30:00-04:00,8.372099876403809,8.380000114440918,8.359999656677246,8.369999885559082,12650,0.0,0.0
2024-03-25 13:30:00-04:00,8.375,8.390000343322754,8.359999656677246,8.385000228881836,32903,0.0,0.0
2024-03-25 14:30:00-04:00,8.387900352478027,8.387900352478027,8.369999885559082,8.378700256347656,10115,0.0,0.0
2024-03-25 15:30:00-04:00,8.375,8.380000114440918,8.369999885559082,8.380000114440918,7394,0.0,0.0
2024-03-26 09:30:00-04:00,8.359999656677246,8.375,8.34000015258789,8.36970043182373,0,0.0,0.0
2024-03-26 10:30:00-04:00,8.359999656677246,8.385000228881836,8.357500076293945,8.385000228881836,8268,0.0,0.0
2024-03-26 11:30:00-04:00,8.38010025024414,8.390000343322754,8.369999885559082,8.369999885559082,15603,0.0,0.0
2024-03-26 12:30:00-04:00,8.371000289916992,8.38599967956543,8.369999885559082,8.380000114440918,10290,0.0,0.0
2024-03-26 13:30:00-04:00,8.370800018310547,8.380000114440918,8.359999656677246,8.375,10219,0.0,0.0
2024-03-26 14:30:00-04:00,8.369999885559082,8.380000114440918,8.360699653625488,8.364999771118164,16547,0.0,0.0
2024-03-26 15:30:00-04:00,8.359999656677246,8.359999656677246,8.350000381469727,8.354999542236328,2391,0.0,0.0
2024-03-27 09:30:00-04:00,8.350000381469727,8.359999656677246,8.289999961853027,8.3100004196167,22473,0.0,0.0
2024-03-27 10:30:00-04:00,8.309900283813477,8.359999656677246,8.305000305175781,8.359999656677246,73611,0.0,0.0
2024-03-27 11:30:00-04:00,8.359999656677246,8.359999656677246,8.350000381469727,8.359999656677246,10603,0.0,0.0
2024-03-27 12:30:00-04:00,8.359999656677246,8.369999885559082,8.359999656677246,8.364999771118164,12585,0.0,0.0
2024-03-27 13:30:00-04:00,8.369999885559082,8.369999885559082,8.350000381469727,8.359999656677246,16264,0.0,0.0
2024-03-27 14:30:00-04:00,8.351200103759766,8.357500076293945,8.329999923706055,8.34000015258789,13723,0.0,0.0
2024-03-27 15:30:00-04:00,8.350000381469727,8.375,8.345000267028809,8.364999771118164,21174,0.0,0.0
2024-03-28 09:30:00-04:00,8.369999885559082,8.390000343322754,8.34000015258789,8.390000343322754,0,0.0,0.0
2024-03-28 10:30:00-04:00,8.390000343322754,8.40999984741211,8.369999885559082,8.40999984741211,21579,0.0,0.0
2024-03-28 11:30:00-04:00,8.40999984741211,8.40999984741211,8.399999618530273,8.40999984741211,8459,0.0,0.0
2024-03-28 12:30:00-04:00,8.40999984741211,8.40999984741211,8.373600006103516,8.373600006103516,27725,0.0,0.0
2024-03-28 13:30:00-04:00,8.371500015258789,8.371500015258789,8.340100288391113,8.35990047454834,27236,0.0,0.0
2024-03-28 14:30:00-04:00,8.35990047454834,8.369999885559082,8.359100341796875,8.364999771118164,23353,0.0,0.0
2024-03-28 15:30:00-04:00,8.369999885559082,8.375,8.350000381469727,8.350000381469727,10703,0.0,0.0
2024-04-01 09:30:00-04:00,8.350000381469727,8.380000114440918,8.350000381469727,8.380000114440918,56907,0.0,0.0
2024-04-01 10:30:00-04:00,8.375,8.380000114440918,8.350000381469727,8.359999656677246,19011,0.0,0.0
2024-04-01 11:30:00-04:00,8.359999656677246,8.359999656677246,8.300000190734863,8.329899787902832,45705,0.0,0.0
2024-04-01 12:30:00-04:00,8.324999809265137,8.350000381469727,8.324999809265137,8.335000038146973,12735,0.0,0.0
2024-04-01 13:30:00-04:00,8.329999923706055,8.329999923706055,8.289999961853027,8.300600051879883,11601,0.0,0.0
2024-04-01 14:30:00-04:00,8.300000190734863,8.350000381469727,8.300000190734863,8.335000038146973,91149,0.0,0.0
2024-04-01 15:30:00-04:00,8.329999923706055,8.359999656677246,8.329999923706055,8.359999656677246,38319,0.0,0.0
2024-04-02 09:30:00-04:00,8.300000190734863,8.3100004196167,8.260000228881836,8.270000457763672,41217,0.0,0.0
2024-04-02 10:30:00-04:00,8.274999618530273,8.300000190734863,8.220000267028809,8.300000190734863,82460,0.0,0.0
2024-04-02 11:30:00-04:00,8.300000190734863,8.3100004196167,8.279999732971191,8.300000190734863,29036,0.0,0.0
2024-04-02 12:30:00-04:00,8.300000190734863,8.3100004196167,8.295000076293945,8.3100004196167,20678,0.0,0.0
2024-04-02 13:30:00-04:00,8.305000305175781,8.308199882507324,8.289999961853027,8.300000190734863,17597,0.0,0.0
2024-04-02 14:30:00-04:00,8.300000190734863,8.3100004196167,8.279999732971191,8.289999961853027,24213,0.0,0.0
2024-04-02 15:30:00-04:00,8.289999961853027,8.29539966583252,8.279999732971191,8.291000366210938,20917,0.0,0.0
2024-04-03 09:30:00-04:00,8.260000228881836,8.319999694824219,8.258000373840332,8.3149995803833,50521,0.0,0.0
2024-04-03 10:30:00-04:00,8.319899559020996,8.34000015258789,8.3100004196167,8.329999923706055,26788,0.0,0.0
2024-04-03 11:30:00-04:00,8.34000015258789,8.350000381469727,8.329999923706055,8.350000381469727,19944,0.0,0.0
2024-04-03 12:30:00-04:00,8.345000267028809,8.350000381469727,8.329999923706055,8.34000015258789,21053,0.0,0.0
2024-04-03 13:30:00-04:00,8.339699745178223,8.350000381469727,8.329999923706055,8.350000381469727,10896,0.0,0.0
2024-04-03 14:30:00-04:00,8.341099739074707,8.359999656677246,8.34000015258789,8.354999542236328,24071,0.0,0.0
2024-04-03 15:30:00-04:00,8.354999542236328,8.369999885559082,8.350000381469727,8.359999656677246,27310,0.0,0.0
2024-04-04 09:30:00-04:00,8.34000015258789,8.359999656677246,8.324999809265137,8.34850025177002,54907,0.0,0.0
2024-04-04 10:30:00-04:00,8.34000015258789,8.345000267028809,8.329999923706055,8.329999923706055,24948,0.0,0.0
2024-04-04 11:30:00-04:00,8.329999923706055,8.380000114440918,8.319999694824219,8.380000114440918,55364,0.0,0.0
2024-04-04 12:30:00-04:00,8.380000114440918,8.390000343322754,8.369999885559082,8.375,18664,0.0,0.0
2024-04-04 13:30:00-04:00,8.375,8.380000114440918,8.324999809265137,8.324999809265137,25460,0.0,0.0
2024-04-04 14:30:00-04:00,8.324999809265137,8.324999809265137,8.279999732971191,8.279999732971191,28701,0.0,0.0
2024-04-04 15:30:00-04:00,8.279999732971191,8.3100004196167,8.279999732971191,8.289999961853027,84213,0.0,0.0
2024-04-05 09:30:00-04:00,8.270000457763672,8.329999923706055,8.260000228881836,8.324999809265137,67661,0.0,0.0
2024-04-05 10:30:00-04:00,8.324999809265137,8.350000381469727,8.319999694824219,8.329999923706055,22606,0.0,0.0
2024-04-05 11:30:00-04:00,8.329999923706055,8.350000381469727,8.329999923706055,8.345000267028809,14901,0.0,0.0
2024-04-05 12:30:00-04:00,8.345000267028809,8.350000381469727,8.34000015258789,8.350000381469727,20593,0.0,0.0
2024-04-05 13:30:00-04:00,8.345000267028809,8.350000381469727,8.329999923706055,8.329999923706055,22379,0.0,0.0
2024-04-05 14:30:00-04:00,8.324999809265137,8.34000015258789,8.319999694824219,8.335000038146973,13011,0.0,0.0
2024-04-05 15:30:00-04:00,8.335000038146973,8.345000267028809,8.319999694824219,8.34000015258789,26221,0.0,0.0
2024-04-08 09:30:00-04:00,8.319999694824219,8.329999923706055,8.3100004196167,8.329999923706055,119134,0.0,0.0
2024-04-08 10:30:00-04:00,8.329999923706055,8.350000381469727,8.329999923706055,8.350000381469727,41593,0.0,0.0
2024-04-08 11:30:00-04:00,8.34000015258789,8.350000381469727,8.34000015258789,8.350000381469727,15548,0.0,0.0
2024-04-08 12:30:00-04:00,8.350000381469727,8.359999656677246,8.350000381469727,8.354999542236328,17607,0.0,0.0
2024-04-08 13:30:00-04:00,8.354999542236328,8.359999656677246,8.35099983215332,8.359999656677246,10400,0.0,0.0
2024-04-08 14:30:00-04:00,8.353500366210938,8.399999618530273,8.353500366210938,8.390000343322754,31508,0.0,0.0
2024-04-08 15:30:00-04:00,8.395000457763672,8.399999618530273,8.385000228881836,8.395999908447266,37691,0.0,0.0
2024-04-09 09:30:00-04:00,8.399999618530273,8.420000076293945,8.390000343322754,8.411179542541504,89079,0.0,0.0
2024-04-09 10:30:00-04:00,8.414999961853027,8.449999809265137,8.390000343322754,8.430000305175781,168721,0.0,0.0
2024-04-09 11:30:00-04:00,8.425000190734863,8.4350004196167,8.420000076293945,8.4350004196167,33755,0.0,0.0
2024-04-09 12:30:00-04:00,8.4350004196167,8.4399995803833,8.430000305175781,8.437199592590332,12068,0.0,0.0
2024-04-09 13:30:00-04:00,8.4350004196167,8.4350004196167,8.420100212097168,8.425000190734863,26444,0.0,0.0
2024-04-09 14:30:00-04:00,8.420000076293945,8.430000305175781,8.40999984741211,8.430000305175781,26561,0.0,0.0
2024-04-09 15:30:00-04:00,8.430000305175781,8.449999809265137,8.430000305175781,8.449999809265137,17212,0.0,0.0
2024-04-10 09:30:00-04:00,8.420000076293945,8.420000076293945,8.369999885559082,8.390000343322754,0,0.0,0.0
2024-04-10 10:30:00-04:00,8.395000457763672,8.399999618530273,8.375,8.390000343322754,17085,0.0,0.0
2024-04-10 11:30:00-04:00,8.399900436401367,8.399900436401367,8.380000114440918,8.385000228881836,17261,0.0,0.0
2024-04-10 12:30:00-04:00,8.385000228881836,8.399999618530273,8.364999771118164,8.37030029296875,34085,0.0,0.0
2024-04-10 13:30:00-04:00,8.375,8.380000114440918,8.369999885559082,8.369999885559082,13715,0.0,0.0
2024-04-10 14:30:00-04:00,8.375,8.399999618530273,8.364999771118164,8.390000343322754,57170,0.0,0.0
2024-04-10 15:30:00-04:00,8.390000343322754,8.399999618530273,8.390000343322754,8.395000457763672,20327,0.0,0.0
2024-04-11 09:30:00-04:00,8.399999618530273,8.425000190734863,8.380000114440918,8.40999984741211,0,0.0,0.0
2024-04-11 10:30:00-04:00,8.40999984741211,8.430000305175781,8.404999732971191,8.430000305175781,25296,0.0,0.0
2024-04-11 11:30:00-04:00,8.425000190734863,8.430000305175781,8.420000076293945,8.424599647521973,7884,0.0,0.0
2024-04-11 12:30:00-04:00,8.420000076293945,8.439900398254395,8.420000076293945,8.439900398254395,13931,0.0,0.0
2024-04-11 13:30:00-04:00,8.4350004196167,8.449999809265137,8.4350004196167,8.444999694824219,11358,0.0,0.0
2024-04-11 14:30:00-04:00,8.449999809265137,8.460000038146973,8.4399995803833,8.4399995803833,88330,0.0,0.0
2024-04-11 15:30:00-04:00,8.440099716186523,8.449999809265137,8.4399995803833,8.449999809265137,15276,0.0,0.0
2024-04-12 09:30:00-04:00,8.40999984741211,8.430000305175781,8.390299797058105,8.390299797058105,32779,0.0,0.0
2024-04-12 10:30:00-04:00,8.390000343322754,8.40999984741211,8.380000114440918,8.386300086975098,32943,0.0,0.0
2024-04-12 11:30:00-04:00,8.390000343322754,8.40999984741211,8.380000114440918,8.38539981842041,14110,0.0,0.0
2024-04-12 12:30:00-04:00,8.380999565124512,8.380999565124512,8.360699653625488,8.364999771118164,15401,0.0,0.0
2024-04-12 13:30:00-04:00,8.361000061035156,8.399999618530273,8.359999656677246,8.390999794006348,52258,0.0,0.0
2024-04-12 14:30:00-04:00,8.39009952545166,8.399999618530273,8.350000381469727,8.350000381469727,31679,0.0,0.0
2024-04-12 15:30:00-04:00,8.354999542236328,8.359999656677246,8.350000381469727,8.359999656677246,5633,0.0,0.0
2024-04-15 09:30:00-04:00,8.420000076293945,8.420000076293945,8.380000114440918,8.38010025024414,0,0.0,0.0
2024-04-15 10:30:00-04:00,8.389900207519531,8.389900207519531,8.345000267028809,8.350000381469727,20518,0.0,0.0
2024-04-15 11:30:00-04:00,8.359999656677246,8.369999885559082,8.359999656677246,8.359999656677246,22734,0.0,0.0
2024-04-15 12:30:00-04:00,8.350000381469727,8.359999656677246,8.329999923706055,8.329999923706055,23162,0.0,0.0
2024-04-15 13:30:00-04:00,8.319999694824219,8.34000015258789,8.289999961853027,8.289999961853027,57524,0.0,0.0
2024-04-15 14:30:00-04:00,8.289999961853027,8.289999961853027,8.240900039672852,8.244999885559082,23385,0.0,0.0
2024-04-15 15:30:00-04:00,8.244999885559082,8.248700141906738,8.229999542236328,8.234999656677246,8515,0.0,0.0
2024-04-16 09:30:00-04:00,8.289999961853027,8.289999961853027,8.260000228881836,8.270000457763672,90151,0.0,0.0
2024-04-16 10:30:00-04:00,8.260000228881836,8.279999732971191,8.260000228881836,8.264800071716309,20230,0.0,0.0
2024-04-16 11:30:00-04:00,8.270000457763672,8.279999732971191,8.255000114440918,8.2746000289917,9293,0.0,0.0
2024-04-16 12:30:00-04:00,8.270000457763672,8.279999732971191,8.270000457763672,8.279999732971191,13515,0.0,0.0
2024-04-16 13:30:00-04:00,8.279999732971191,8.279999732971191,8.25,8.25,35913,0.0,0.0
2024-04-16 14:30:00-04:00,8.25,8.270000457763672,8.25,8.260000228881836,8456,0.0,0.0
2024-04-16 15:30:00-04:00,8.260000228881836,8.270000457763672,8.25,8.25,21269,0.0,0.0
2024-04-17 09:30:00-04:00,8.319999694824219,8.319999694824219,8.300000190734863,8.309900283813477,21310,0.0,0.0
2024-04-17 10:30:00-04:00,8.309000015258789,8.309000015258789,8.28499984741211,8.289999961853027,17976,0.0,0.0
2024-04-17 11:30:00-04:00,8.28499984741211,8.28499984741211,8.239999771118164,8.270000457763672,38649,0.0,0.0
2024-04-17 12:30:00-04:00,8.270000457763672,8.289999961853027,8.244999885559082,8.260700225830078,28734,0.0,0.0
2024-04-17 13:30:00-04:00,8.260100364685059,8.279999732971191,8.260000228881836,8.265000343322754,17669,0.0,0.0
2024-04-17 14:30:00-04:00,8.270000457763672,8.279999732971191,8.243900299072266,8.244999885559082,19560,0.0,0.0
2024-04-17 15:30:00-04:00,8.244999885559082,8.255000114440918,8.244999885559082,8.255000114440918,6166,0.0,0.0
2024-04-18 09:30:00-04:00,8.279999732971191,8.279999732971191,8.255000114440918,8.270000457763672,0,0.0,0.0
2024-04-18 10:30:00-04:00,8.274999618530273,8.305000305175781,8.274999618530273,8.305000305175781,8776,0.0,0.0
2024-04-18 11:30:00-04:00,8.305000305175781,8.319999694824219,8.282099723815918,8.317399978637695,14869,0.0,0.0
2024-04-18 12:30:00-04:00,8.3100004196167,8.3149995803833,8.27929973602295,8.300000190734863,45438,0.0,0.0
2024-04-18 13:30:00-04:00,8.295000076293945,8.300000190734863,8.279999732971191,8.289999961853027,39376,0.0,0.0
2024-04-18 14:30:00-04:00,8.279999732971191,8.295599937438965,8.279999732971191,8.279999732971191,18878,0.0,0.0
2024-04-18 15:30:00-04:00,8.28499984741211,8.289999961853027,8.270000457763672,8.279999732971191,4804,0.0,0.0
2024-04-19 09:30:00-04:00,8.300000190734863,8.30150032043457,8.270099639892578,8.270099639892578,25269,0.0,0.0
2024-04-19 10:30:00-04:00,8.276100158691406,8.289999961853027,8.274999618530273,8.289999961853027,25490,0.0,0.0
2024-04-19 11:30:00-04:00,8.289999961853027,8.289999961853027,8.25,8.25059986114502,54536,0.0,0.0
2024-04-19 12:30:00-04:00,8.25,8.260000228881836,8.239999771118164,8.260000228881836,11997,0.0,0.0
2024-04-19 13:30:00-04:00,8.267000198364258,8.270000457763672,8.255000114440918,8.260100364685059,7301,0.0,0.0
2024-04-19 14:30:00-04:00,8.25,8.25,8.220000267028809,8.239999771118164,33832,0.0,0.0
2024-04-19 15:30:00-04:00,8.234999656677246,8.234999656677246,8.220000267028809,8.229999542236328,6813,0.0,0.0
2024-04-22 09:30:00-04:00,8.180000305175781,8.244999885559082,8.180000305175781,8.210000038146973,0,0.0,0.0
2024-04-22 10:30:00-04:00,8.220000267028809,8.239999771118164,8.220000267028809,8.239999771118164,21977,0.0,0.0
2024-04-22 11:30:00-04:00,8.23900032043457,8.25,8.23009967803955,8.24899959564209,7713,0.0,0.0
2024-04-22 12:30:00-04:00,8.244999885559082,8.265000343322754,8.244999885559082,8.260100364685059,14360,0.0,0.0
2024-04-22 13:30:00-04:00,8.270000457763672,8.289999961853027,8.262900352478027,8.28499984741211,14022,0.0,0.0
2024-04-22 14:30:00-04:00,8.289999961853027,8.300000190734863,8.270099639892578,8.295000076293945,20914,0.0,0.0
2024-04-22 15:30:00-04:00,8.295000076293945,8.300000190734863,8.279999732971191,8.300000190734863,36566,0.0,0.0
2024-04-23 09:30:00-04:00,8.270000457763672,8.324999809265137,8.270000457763672,8.3149995803833,61916,0.0,0.0
2024-04-23 10:30:00-04:00,8.319999694824219,8.33899974822998,8.319999694824219,8.329999923706055,14606,0.0,0.0
2024-04-23 11:30:00-04:00,8.335000038146973,8.339500427246094,8.330300331115723,8.339200019836426,11823,0.0,0.0
2024-04-23 12:30:00-04:00,8.333999633789062,8.33899974822998,8.319999694824219,8.323399543762207,9856,0.0,0.0
2024-04-23 13:30:00-04:00,8.329899787902832,8.329999923706055,8.319999694824219,8.324999809265137,7402,0.0,0.0
2024-04-23 14:30:00-04:00,8.324999809265137,8.350000381469727,8.319999694824219,8.323699951171875,50280,0.0,0.0
2024-04-23 15:30:00-04:00,8.324999809265137,8.329999923706055,8.321100234985352,8.329999923706055,4683,0.0,0.0
2024-04-24 09:30:00-04:00,8.350000381469727,8.350000381469727,8.319999694824219,8.329999923706055,0,0.0,0.0
2024-04-24 10:30:00-04:00,8.319999694824219,8.319999694824219,8.279999732971191,8.279999732971191,12151,0.0,0.0
2024-04-24 11:30:00-04:00,8.281000137329102,8.281000137329102,8.260000228881836,8.265000343322754,14258,0.0,0.0
2024-04-24 12:30:00-04:00,8.270000457763672,8.270000457763672,8.255000114440918,8.268899917602539,8354,0.0,0.0
2024-04-24 13:30:00-04:00,8.270000457763672,8.279999732971191,8.270000457763672,8.274999618530273,11987,0.0,0.0
2024-04-24 14:30:00-04:00,8.270700454711914,8.279999732971191,8.270000457763672,8.273200035095215,13876,0.0,0.0
2024-04-24 15:30:00-04:00,8.274999618530273,8.279999732971191,8.274999618530273,8.274999618530273,2193,0.0,0.0
2024-04-25 09:30:00-04:00,8.229999542236328,8.265000343322754,8.199999809265137,8.204999923706055,42409,0.0,0.0
2024-04-25 10:30:00-04:00,8.206299781799316,8.220000267028809,8.1850004196167,8.199999809265137,13992,0.0,0.0
2024-04-25 11:30:00-04:00,8.194999694824219,8.199000358581543,8.1899995803833,8.1899995803833,11616,0.0,0.0
2024-04-25 12:30:00-04:00,8.1899995803833,8.194999694824219,8.15999984741211,8.167499542236328,13463,0.0,0.0
2024-04-25 13:30:00-04:00,8.162099838256836,8.164999961853027,8.130000114440918,8.130000114440918,18755,0.0,0.0
2024-04-25 14:30:00-04:00,8.130000114440918,8.135000228881836,8.095000267028809,8.130000114440918,39697,0.0,0.0
2024-04-25 15:30:00-04:00,8.130000114440918,8.140000343322754,8.109999656677246,8.119999885559082,18369,0.0,0.0
2024-04-26 09:30:00-04:00,8.170000076293945,8.25,8.157299995422363,8.210000038146973,57245,0.0,0.0
2024-04-26 10:30:00-04:00,8.210000038146973,8.220000267028809,8.204999923706055,8.210000038146973,33124,0.0,0.0
2024-04-26 11:30:00-04:00,8.210000038146973,8.219900131225586,8.210000038146973,8.210800170898438,12406,0.0,0.0
2024-04-26 12:30:00-04:00,8.210000038146973,8.21500015258789,8.199999809265137,8.21500015258789,26841,0.0,0.0
2024-04-26 13:30:00-04:00,8.210700035095215,8.219900131225586,8.204999923706055,8.210000038146973,22242,0.0,0.0
2024-04-26 14:30:00-04:00,8.210000038146973,8.220000267028809,8.199999809265137,8.21500015258789,38345,0.0,0.0
2024-04-26 15:30:00-04:00,8.21500015258789,8.218799591064453,8.1899995803833,8.199999809265137,22738,0.0,0.0
2024-04-29 09:30:00-04:00,8.1899995803833,8.199999809265137,8.15999984741211,8.175000190734863,0,0.0,0.0
2024-04-29 10:30:00-04:00,8.170000076293945,8.180000305175781,8.15999984741211,8.168700218200684,12408,0.0,0.0
2024-04-29 11:30:00-04:00,8.15999984741211,8.175000190734863,8.15999984741211,8.170999526977539,25744,0.0,0.0
2024-04-29 12:30:00-04:00,8.175000190734863,8.180000305175781,8.15999984741211,8.170000076293945,42631,0.0,0.0
2024-04-29 13:30:00-04:00,8.170000076293945,8.175000190734863,8.15999984741211,8.15999984741211,13125,0.0,0.0
2024-04-29 14:30:00-04:00,8.15999984741211,8.170000076293945,8.140000343322754,8.164999961853027,31687,0.0,0.0
2024-04-29 15:30:00-04:00,8.164999961853027,8.180000305175781,8.15999984741211,8.180000305175781,12904,0.0,0.0
2024-04-30 09:30:00-04:00,8.180000305175781,8.199999809265137,8.161600112915039,8.199999809265137,44718,0.0,0.0
2024-04-30 10:30:00-04:00,8.204999923706055,8.210000038146973,8.1899995803833,8.1899995803833,7010,0.0,0.0
2024-04-30 11:30:00-04:00,8.1899995803833,8.1899995803833,8.180000305175781,8.18910026550293,7691,0.0,0.0
2024-04-30 12:30:00-04:00,8.180000305175781,8.180000305175781,8.15999984741211,8.15999984741211,2923,0.0,0.0
2024-04-30 13:30:00-04:00,8.164999961853027,8.180000305175781,8.162500381469727,8.180000305175781,18036,0.0,0.0
2024-04-30 14:30:00-04:00,8.178999900817871,8.1899995803833,8.170000076293945,8.186300277709961,24549,0.0,0.0
2024-04-30 15:30:00-04:00,8.18690013885498,8.199999809265137,8.1850004196167,8.199999809265137,20265,0.0,0.0
2024-05-01 09:30:00-04:00,8.170000076293945,8.1899995803833,8.15999984741211,8.1899995803833,49200,0.0,0.0
2024-05-01 10:30:00-04:00,8.1899995803833,8.194999694824219,8.170100212097168,8.175000190734863,25179,0.0,0.0
2024-05-01 11:30:00-04:00,8.180000305175781,8.194999694824219,8.180000305175781,8.194999694824219,6253,0.0,0.0
2024-05-01 12:30:00-04:00,8.1899995803833,8.1899995803833,8.15999984741211,8.169899940490723,28725,0.0,0.0
2024-05-01 13:30:00-04:00,8.170000076293945,8.180000305175781,8.15999984741211,8.180000305175781,9999,0.0,0.0
2024-05-01 14:30:00-04:00,8.1899995803833,8.25,8.170000076293945,8.249899864196777,41745,0.0,0.0
2024-05-01 15:30:00-04:00,8.239999771118164,8.244999885559082,8.1850004196167,8.210000038146973,21922,0.0,0.0
2024-05-02 09:30:00-04:00,8.220000267028809,8.220000267028809,8.170000076293945,8.1899995803833,0,0.0,0.0
2024-05-02 10:30:00-04:00,8.1899995803833,8.199000358581543,8.180000305175781,8.19729995727539,26022,0.0,0.0
2024-05-02 11:30:00-04:00,8.19890022277832,8.199999809265137,8.1899995803833,8.199999809265137,6353,0.0,0.0
2024-05-02 12:30:00-04:00,8.194100379943848,8.21500015258789,8.175000190734863,8.21500015258789,22240,0.0,0.0
2024-05-02 13:30:00-04:00,8.21500015258789,8.229999542236328,8.21500015258789,8.229999542236328,5963,0.0,0.0
2024-05-02 14:30:00-04:00,8.229900360107422,8.234999656677246,8.21500015258789,8.229999542236328,16288,0.0,0.0
2024-05-02 15:30:00-04:00,8.239999771118164,8.25,8.225000381469727,8.25,8115,0.0,0.0
2024-05-03 09:30:00-04:00,8.329999923706055,8.329999923706055,8.25,8.279399871826172,45957,0.0,0.0
2024-05-03 10:30:00-04:00,8.289999961853027,8.289999961853027,8.260000228881836,8.274999618530273,11730,0.0,0.0
2024-05-03 11:30:00-04:00,8.270000457763672,8.300000190734863,8.270000457763672,8.29010009765625,11613,0.0,0.0
2024-05-03 12:30:00-04:00,8.295000076293945,8.3100004196167,8.280900001525879,8.3100004196167,11654,0.0,0.0
2024-05-03 13:30:00-04:00,8.3100004196167,8.339200019836426,8.300100326538086,8.324999809265137,26739,0.0,0.0
2024-05-03 14:30:00-04:00,8.329999923706055,8.330599784851074,8.310099601745605,8.3149995803833,10880,0.0,0.0
2024-05-03 15:30:00-04:00,8.3149995803833,8.319999694824219,8.3149995803833,8.3149995803833,1248,0.0,0.0
2024-05-06 09:30:00-04:00,8.319999694824219,8.34000015258789,8.300000190734863,8.324999809265137,43789,0.0,0.0
2024-05-06 10:30:00-04:00,8.320099830627441,8.34000015258789,8.320099830627441,8.330100059509277,17922,0.0,0.0
2024-05-06 11:30:00-04:00,8.330100059509277,8.350000381469727,8.330100059509277,8.350000381469727,11186,0.0,0.0
2024-05-06 12:30:00-04:00,8.350000381469727,8.369999885559082,8.340800285339355,8.364999771118164,11339,0.0,0.0
2024-05-06 13:30:00-04:00,8.369799613952637,8.399900436401367,8.369799613952637,8.39739990234375,10950,0.0,0.0
2024-05-06 14:30:00-04:00,8.39109992980957,8.40999984741211,8.390000343322754,8.404999732971191,10358,0.0,0.0
2024-05-06 15:30:00-04:00,8.401200294494629,8.449999809265137,8.401200294494629,8.430100440979004,25683,0.0,0.0
2024-05-07 09:30:00-04:00,8.430000305175781,8.439900398254395,8.420000076293945,8.430000305175781,0,0.0,0.0
2024-05-07 10:30:00-04:00,8.430100440979004,8.4399995803833,8.430000305175781,8.430000305175781,22739,0.0,0.0
2024-05-07 11:30:00-04:00,8.430000305175781,8.4399995803833,8.420000076293945,8.4399995803833,12868,0.0,0.0
2024-05-07 12:30:00-04:00,8.431300163269043,8.449999809265137,8.431099891662598,8.449999809265137,13648,0.0,0.0
2024-05-07 13:30:00-04:00,8.4399995803833,8.4399995803833,8.420000076293945,8.429900169372559,14240,0.0,0.0
2024-05-07 14:30:00-04:00,8.420100212097168,8.449999809265137,8.390000343322754,8.426600456237793,38369,0.0,0.0
2024-05-07 15:30:00-04:00,8.425000190734863,8.4399995803833,8.425000190734863,8.4399995803833,7559,0.0,0.0
2024-05-08 09:30:00-04:00,8.430000305175781,8.4399995803833,8.40999984741211,8.4399995803833,0,0.0,0.0
2024-05-08 10:30:00-04:00,8.444999694824219,8.449999809265137,8.4399995803833,8.444000244140625,6692,0.0,0.0
2024-05-08 11:30:00-04:00,8.4399995803833,8.4399995803833,8.420000076293945,8.425000190734863,20120,0.0,0.0
2024-05-08 12:30:00-04:00,8.425000190734863,8.429900169372559,8.420000076293945,8.42199993133545,6416,0.0,0.0
2024-05-08 13:30:00-04:00,8.42199993133545,8.430000305175781,8.420000076293945,8.430000305175781,4465,0.0,0.0
2024-05-08 14:30:00-04:00,8.421099662780762,8.421199798583984,8.399999618530273,8.404999732971191,9371,0.0,0.0
2024-05-08 15:30:00-04:00,8.409899711608887,8.430000305175781,8.401399612426758,8.420000076293945,11596,0.0,0.0
2024-05-09 09:30:00-04:00,8.4399995803833,8.4399995803833,8.421899795532227,8.4399995803833,0,0.0,0.0
2024-05-09 10:30:00-04:00,8.4399995803833,8.449999809265137,8.4350004196167,8.440099716186523,5747,0.0,0.0
2024-05-09 11:30:00-04:00,8.444999694824219,8.444999694824219,8.430000305175781,8.430100440979004,5810,0.0,0.0
2024-05-09 12:30:00-04:00,8.430100440979004,8.43529987335205,8.420000076293945,8.4350004196167,13227,0.0,0.0
2024-05-09 13:30:00-04:00,8.439900398254395,8.439900398254395,8.430100440979004,8.430100440979004,1513,0.0,0.0
2024-05-09 14:30:00-04:00,8.4399995803833,8.4399995803833,8.430000305175781,8.430000305175781,3230,0.0,0.0
2024-05-09 15:30:00-04:00,8.439499855041504,8.449999809265137,8.430100440979004,8.449999809265137,15178,0.0,0.0
2024-05-10 09:30:00-04:00,8.449999809265137,8.449999809265137,8.4350004196167,8.444999694824219,0,0.0,0.0
2024-05-10 10:30:00-04:00,8.444999694824219,8.454999923706055,8.430000305175781,8.4350004196167,27261,0.0,0.0
2024-05-10 11:30:00-04:00,8.4350004196167,8.444999694824219,8.4350004196167,8.444999694824219,7304,0.0,0.0
2024-05-10 12:30:00-04:00,8.4399995803833,8.4399995803833,8.430000305175781,8.43910026550293,4835,0.0,0.0
2024-05-10 13:30:00-04:00,8.4306001663208,8.444999694824219,8.430100440979004,8.444999694824219,2678,0.0,0.0
2024-05-10 14:30:00-04:00,8.4399995803833,8.449600219726562,8.4399995803833,8.449600219726562,9150,0.0,0.0
2024-05-10 15:30:00-04:00,8.4399995803833,8.449999809265137,8.430000305175781,8.449999809265137,20420,0.0,0.0
2024-05-13 09:30:00-04:00,8.449999809265137,8.449999809265137,8.430000305175781,8.449999809265137,0,0.0,0.0
2024-05-13 10:30:00-04:00,8.44909954071045,8.449999809265137,8.441300392150879,8.448599815368652,4793,0.0,0.0
2024-05-13 11:30:00-04:00,8.444999694824219,8.449999809265137,8.430000305175781,8.430000305175781,21871,0.0,0.0
2024-05-13 12:30:00-04:00,8.4350004196167,8.435700416564941,8.432900428771973,8.435199737548828,1907,0.0,0.0
2024-05-13 13:30:00-04:00,8.4350004196167,8.4399995803833,8.399999618530273,8.404999732971191,23668,0.0,0.0
2024-05-13 14:30:00-04:00,8.399999618530273,8.41919994354248,8.399999618530273,8.404999732971191,47581,0.0,0.0
2024-05-13 15:30:00-04:00,8.404999732971191,8.420000076293945,8.399999618530273,8.420000076293945,17959,0.0,0.0
2024-05-14 09:30:00-04:00,8.4399995803833,8.470000267028809,8.430000305175781,8.460000038146973,0,0.0,0.0
2024-05-14 10:30:00-04:00,8.470000267028809,8.470000267028809,8.460000038146973,8.46500015258789,3746,0.0,0.0
2024-05-14 11:30:00-04:00,8.470000267028809,8.48960018157959,8.46500015258789,8.475000381469727,14396,0.0,0.0
2024-05-14 12:30:00-04:00,8.479000091552734,8.479999542236328,8.470000267028809,8.475000381469727,9721,0.0,0.0
2024-05-14 13:30:00-04:00,8.476799964904785,8.484999656677246,8.472700119018555,8.484999656677246,11149,0.0,0.0
2024-05-14 14:30:00-04:00,8.480199813842773,8.489999771118164,8.48009967803955,8.484999656677246,10628,0.0,0.0
2024-05-14 15:30:00-04:00,8.484999656677246,8.484999656677246,8.454999923706055,8.479999542236328,15959,0.0,0.0
2024-05-15 09:30:00-04:00,8.5,8.5,8.475000381469727,8.498600006103516,51870,0.0,0.0
2024-05-15 10:30:00-04:00,8.489999771118164,8.5,8.489999771118164,8.494999885559082,11729,0.0,0.0
2024-05-15 11:30:00-04:00,8.494999885559082,8.49899959564209,8.489899635314941,8.489999771118164,9215,0.0,0.0
2024-05-15 12:30:00-04:00,8.487299919128418,8.510000228881836,8.484999656677246,8.494999885559082,37140,0.0,0.0
2024-05-15 13:30:00-04:00,8.49899959564209,8.5,8.489999771118164,8.494999885559082,15820,0.0,0.0
2024-05-15 14:30:00-04:00,8.491299629211426,8.5,8.489999771118164,8.494999885559082,8582,0.0,0.0
2024-05-15 15:30:00-04:00,8.494999885559082,8.53499984741211,8.489999771118164,8.53499984741211,30371,0.0,0.0
2024-05-16 09:30:00-04:00,8.529999732971191,8.550000190734863,8.500900268554688,8.524999618530273,0,0.0,0.0
2024-05-16 10:30:00-04:00,8.524999618530273,8.525199890136719,8.510000228881836,8.510100364685059,18497,0.0,0.0
2024-05-16 11:30:00-04:00,8.510000228881836,8.520000457763672,8.5,8.510000228881836,19368,0.0,0.0
2024-05-16 12:30:00-04:00,8.510000228881836,8.515000343322754,8.489999771118164,8.489999771118164,12930,0.0,0.0
2024-05-16 13:30:00-04:00,8.489999771118164,8.494999885559082,8.479999542236328,8.494999885559082,14248,0.0,0.0
2024-05-16 14:30:00-04:00,8.489999771118164,8.499899864196777,8.479999542236328,8.484999656677246,7973,0.0,0.0
2024-05-16 15:30:00-04:00,8.479999542236328,8.485199928283691,8.460000038146973,8.461999893188477,16117,0.0,0.0
2024-05-17 09:30:00-04:00,8.479999542236328,8.499899864196777,8.475000381469727,8.499899864196777,4761,0.0,0.0
2024-05-17 10:30:00-04:00,8.494999885559082,8.5,8.470000267028809,8.470000267028809,19475,0.0,0.0
2024-05-17 11:30:00-04:00,8.470000267028809,8.470000267028809,8.460000038146973,8.46500015258789,5219,0.0,0.0
2024-05-17 12:30:00-04:00,8.46500015258789,8.470000267028809,8.460000038146973,8.460000038146973,7224,0.0,0.0
2024-05-17 13:30:00-04:00,8.460000038146973,8.461000442504883,8.430000305175781,8.430000305175781,9696,0.0,0.0
2024-05-17 14:30:00-04:00,8.432000160217285,8.4399995803833,8.430000305175781,8.430000305175781,10971,0.0,0.0
2024-05-17 15:30:00-04:00,8.430000305175781,8.46500015258789,8.425000190734863,8.454999923706055,21851,0.0,0.0
2024-05-20 09:30:00-04:00,8.479999542236328,8.5,8.455499649047852,8.5,28411,0.0,0.0
2024-05-20 10:30:00-04:00,8.499699592590332,8.5,8.470000267028809,8.470000267028809,17457,0.0,0.0
2024-05-20 11:30:00-04:00,8.470000267028809,8.479999542236328,8.470000267028809,8.470000267028809,17556,0.0,0.0
2024-05-20 12:30:00-04:00,8.470000267028809,8.479999542236328,8.470000267028809,8.475000381469727,10890,0.0,0.0
2024-05-20 13:30:00-04:00,8.470000267028809,8.479999542236328,8.460000038146973,8.460000038146973,6052,0.0,0.0
2024-05-20 14:30:00-04:00,8.460000038146973,8.469900131225586,8.460000038146973,8.460000038146973,22896,0.0,0.0
2024-05-20 15:30:00-04:00,8.46500015258789,8.470000267028809,8.460000038146973,8.46500015258789,11724,0.0,0.0
2024-05-21 09:30:00-04:00,8.479999542236328,8.493000030517578,8.479999542236328,8.489999771118164,9246,0.0,0.0
2024-05-21 10:30:00-04:00,8.489999771118164,8.5,8.489999771118164,8.5,24785,0.0,0.0
2024-05-21 11:30:00-04:00,8.5,8.520000457763672,8.489999771118164,8.520000457763672,26106,0.0,0.0
2024-05-21 12:30:00-04:00,8.529899597167969,8.529999732971191,8.520099639892578,8.529999732971191,10133,0.0,0.0
2024-05-21 13:30:00-04:00,8.522000312805176,8.524999618530273,8.511199951171875,8.515000343322754,13894,0.0,0.0
2024-05-21 14:30:00-04:00,8.510000228881836,8.510000228881836,8.500200271606445,8.505000114440918,7446,0.0,0.0
2024-05-21 15:30:00-04:00,8.508999824523926,8.529999732971191,8.505000114440918,8.529999732971191,9033,0.0,0.0
2024-05-22 09:30:00-04:00,8.5,8.550000190734863,8.5,8.539999961853027,0,0.0,0.0
2024-05-22 10:30:00-04:00,8.545000076293945,8.5600004196167,8.539999961853027,8.5600004196167,28987,0.0,0.0
2024-05-22 11:30:00-04:00,8.5600004196167,8.5600004196167,8.550000190734863,8.5600004196167,2553,0.0,0.0
2024-05-22 12:30:00-04:00,8.5600004196167,8.569899559020996,8.550000190734863,8.566100120544434,8965,0.0,0.0
2024-05-22 13:30:00-04:00,8.569999694824219,8.569999694824219,8.539999961853027,8.539999961853027,20289,0.0,0.0
2024-05-22 14:30:00-04:00,8.526599884033203,8.550000190734863,8.515000343322754,8.537199974060059,35187,0.0,0.0
2024-05-22 15:30:00-04:00,8.529999732971191,8.5600004196167,8.529999732971191,8.550000190734863,17433,0.0,0.0
2024-05-23 09:30:00-04:00,8.479999542236328,8.518400192260742,8.479999542236328,8.518400192260742,0,0.0,0.0
2024-05-23 10:30:00-04:00,8.517499923706055,8.520000457763672,8.490099906921387,8.5,8827,0.0,0.0
2024-05-23 11:30:00-04:00,8.505000114440918,8.524999618530273,8.505000114440918,8.524999618530273,3635,0.0,0.0
2024-05-23 12:30:00-04:00,8.529999732971191,8.529999732971191,8.514300346374512,8.514300346374512,6645,0.0,0.0
2024-05-23 13:30:00-04:00,8.519000053405762,8.519000053405762,8.481900215148926,8.481900215148926,10504,0.0,0.0
2024-05-23 14:30:00-04:00,8.479999542236328,8.484999656677246,8.449999809265137,8.454999923706055,26642,0.0,0.0
2024-05-23 15:30:00-04:00,8.460000038146973,8.470000267028809,8.460000038146973,8.46500015258789,10750,0.0,0.0
2024-05-24 09:30:00-04:00,8.5,8.530500411987305,8.49209976196289,8.510199546813965,0,0.0,0.0
2024-05-24 10:30:00-04:00,8.512100219726562,8.539999961853027,8.510100364685059,8.537300109863281,6374,0.0,0.0
2024-05-24 11:30:00-04:00,8.531000137329102,8.54990005493164,8.529999732971191,8.545100212097168,18312,0.0,0.0
2024-05-24 12:30:00-04:00,8.549200057983398,8.550000190734863,8.54010009765625,8.550000190734863,7762,0.0,0.0
2024-05-24 13:30:00-04:00,8.545000076293945,8.546699523925781,8.54010009765625,8.546099662780762,3716,0.0,0.0
2024-05-24 14:30:00-04:00,8.541199684143066,8.567000389099121,8.541199684143066,8.5649995803833,8637,0.0,0.0
2024-05-24 15:30:00-04:00,8.5649995803833,8.59000015258789,8.5649995803833,8.59000015258789,12780,0.0,0.0
2024-05-28 09:30:00-04:00,8.609999656677246,8.61970043182373,8.570799827575684,8.574999809265137,0,0.0,0.0
2024-05-28 10:30:00-04:00,8.574999809265137,8.579999923706055,8.569999694824219,8.570899963378906,13937,0.0,0.0
2024-05-28 11:30:00-04:00,8.569999694824219,8.579899787902832,8.554900169372559,8.555000305175781,14516,0.0,0.0
2024-05-28 12:30:00-04:00,8.558699607849121,8.558699607849121,8.510000228881836,8.520000457763672,15780,0.0,0.0
2024-05-28 13:30:00-04:00,8.520000457763672,8.52750015258789,8.510000228881836,8.515000343322754,5517,0.0,0.0
2024-05-28 14:30:00-04:00,8.513099670410156,8.513099670410156,8.475000381469727,8.479900360107422,12386,0.0,0.0
2024-05-28 15:30:00-04:00,8.475000381469727,8.529999732971191,8.475000381469727,8.529999732971191,12550,0.0,0.0
2024-05-29 09:30:00-04:00,8.510000228881836,8.510000228881836,8.472000122070312,8.489999771118164,53626,0.0,0.0
2024-05-29 10:30:00-04:00,8.489999771118164,8.550000190734863,8.489999771118164,8.539999961853027,55703,0.0,0.0
2024-05-29 11:30:00-04:00,8.550000190734863,8.5649995803833,8.539999961853027,8.555000305175781,52180,0.0,0.0
2024-05-29 12:30:00-04:00,8.555000305175781,8.555000305175781,8.531200408935547,8.53499984741211,9527,0.0,0.0
2024-05-29 13:30:00-04:00,8.532999992370605,8.545000076293945,8.510000228881836,8.520000457763672,11686,0.0,0.0
2024-05-29 14:30:00-04:00,8.510000228881836,8.510000228881836,8.5,8.500499725341797,14861,0.0,0.0
2024-05-29 15:30:00-04:00,8.5,8.510000228881836,8.5,8.505000114440918,13133,0.0,0.0
2024-05-30 09:30:00-04:00,8.5,8.539999961853027,8.5,8.53499984741211,0,0.0,0.0
2024-05-30 10:30:00-04:00,8.53499984741211,8.53499984741211,8.490900039672852,8.505000114440918,16008,0.0,0.0
2024-05-30 11:30:00-04:00,8.505000114440918,8.520000457763672,8.479999542236328,8.484999656677246,40944,0.0,0.0
2024-05-30 12:30:00-04:00,8.479999542236328,8.484999656677246,8.479999542236328,8.484999656677246,817,0.0,0.0
2024-05-30 13:30:00-04:00,8.479999542236328,8.489999771118164,8.479999542236328,8.484999656677246,11906,0.0,0.0
2024-05-30 14:30:00-04:00,8.48330020904541,8.5,8.479999542236328,8.494999885559082,26465,0.0,0.0
2024-05-30 15:30:00-04:00,8.494999885559082,8.5,8.484999656677246,8.5,48411,0.0,0.0
2024-05-31 09:30:00-04:00,8.5600004196167,8.59000015258789,8.529999732971191,8.539999961853027,0,0.0,0.0
2024-05-31 10:30:00-04:00,8.529999732971191,8.529999732971191,8.470100402832031,8.5,43128,0.0,0.0
2024-05-31 11:30:00-04:00,8.494999885559082,8.505800247192383,8.484999656677246,8.484999656677246,5759,0.0,0.0
2024-05-31 12:30:00-04:00,8.489999771118164,8.510000228881836,8.489999771118164,8.505000114440918,22045,0.0,0.0
2024-05-31 13:30:00-04:00,8.510000228881836,8.515000343322754,8.500100135803223,8.515000343322754,5574,0.0,0.0
2024-05-31 14:30:00-04:00,8.511199951171875,8.520000457763672,8.505000114440918,8.505000114440918,10946,0.0,0.0
2024-05-31 15:30:00-04:00,8.505000114440918,8.539999961853027,8.505000114440918,8.53499984741211,22534,0.0,0.0
2024-06-03 09:30:00-04:00,8.5600004196167,8.59000015258789,8.53499984741211,8.53499984741211,15719,0.0,0.0
2024-06-03 10:30:00-04:00,8.539999961853027,8.545000076293945,8.529999732971191,8.529999732971191,14971,0.0,0.0
2024-06-03 11:30:00-04:00,8.524999618530273,8.529999732971191,8.520000457763672,8.529999732971191,5422,0.0,0.0
2024-06-03 12:30:00-04:00,8.529999732971191,8.539999961853027,8.520000457763672,8.524999618530273,12806,0.0,0.0
2024-06-03 13:30:00-04:00,8.520000457763672,8.529999732971191,8.510000228881836,8.520000457763672,14171,0.0,0.0
2024-06-03 14:30:00-04:00,8.529999732971191,8.529999732971191,8.520000457763672,8.520999908447266,12902,0.0,0.0
2024-06-03 15:30:00-04:00,8.520000457763672,8.539999961853027,8.520000457763672,8.539999961853027,17109,0.0,0.0
2024-06-04 09:30:00-04:00,8.5600004196167,8.5600004196167,8.529999732971191,8.54990005493164,30711,0.0,0.0
2024-06-04 10:30:00-04:00,8.545000076293945,8.556900024414062,8.545000076293945,8.556900024414062,7353,0.0,0.0
2024-06-04 11:30:00-04:00,8.559000015258789,8.579999923706055,8.550000190734863,8.571399688720703,17167,0.0,0.0
2024-06-04 12:30:00-04:00,8.574999809265137,8.588899612426758,8.569999694824219,8.569999694824219,11240,0.0,0.0
2024-06-04 13:30:00-04:00,8.579999923706055,8.609999656677246,8.579999923706055,8.609999656677246,27399,0.0,0.0
2024-06-04 14:30:00-04:00,8.614999771118164,8.619999885559082,8.602399826049805,8.604999542236328,8099,0.0,0.0
2024-06-04 15:30:00-04:00,8.604999542236328,8.619999885559082,8.600000381469727,8.619999885559082,12104,0.0,0.0
2024-06-05 09:30:00-04:00,8.649999618530273,8.699999809265137,8.640000343322754,8.6899995803833,29757,0.0,0.0
2024-06-05 10:30:00-04:00,8.694999694824219,8.694999694824219,8.675000190734863,8.6850004196167,15400,0.0,0.0
2024-06-05 11:30:00-04:00,8.685700416564941,8.6899995803833,8.682499885559082,8.6899995803833,3627,0.0,0.0
2024-06-05 12:30:00-04:00,8.6899995803833,8.699999809265137,8.680000305175781,8.6850004196167,20980,0.0,0.0
2024-06-05 13:30:00-04:00,8.6899995803833,8.6899995803833,8.680500030517578,8.6850004196167,11570,0.0,0.0
2024-06-05 14:30:00-04:00,8.6850004196167,8.6899995803833,8.670000076293945,8.670000076293945,16385,0.0,0.0
2024-06-05 15:30:00-04:00,8.675000190734863,8.6899995803833,8.672499656677246,8.6899995803833,16439,0.0,0.0
2024-06-06 09:30:00-04:00,8.6899995803833,8.6899995803833,8.670000076293945,8.681099891662598,29226,0.0,0.0
2024-06-06 10:30:00-04:00,8.689900398254395,8.689900398254395,8.670000076293945,8.671199798583984,16397,0.0,0.0
2024-06-06 11:30:00-04:00,8.670100212097168,8.6899995803833,8.65999984741211,8.65999984741211,36832,0.0,0.0
2024-06-06 12:30:00-04:00,8.65999984741211,8.670000076293945,8.649999618530273,8.664999961853027,27829,0.0,0.0
2024-06-06 13:30:00-04:00,8.664999961853027,8.6697998046875,8.649999618530273,8.654999732971191,15598,0.0,0.0
2024-06-06 14:30:00-04:00,8.649999618530273,8.655500411987305,8.640000343322754,8.654999732971191,39782,0.0,0.0
2024-06-06 15:30:00-04:00,8.654999732971191,8.670000076293945,8.651000022888184,8.664999961853027,20100,0.0,0.0
2024-06-07 09:30:00-04:00,8.670000076293945,8.680000305175781,8.65999984741211,8.679200172424316,0,0.0,0.0
2024-06-07 10:30:00-04:00,8.677399635314941,8.6899995803833,8.670000076293945,8.6850004196167,11246,0.0,0.0
2024-06-07 11:30:00-04:00,8.680899620056152,8.69950008392334,8.680000305175781,8.694999694824219,9413,0.0,0.0
2024-06-07 12:30:00-04:00,8.694999694824219,8.69950008392334,8.6899995803833,8.6899995803833,17912,0.0,0.0
2024-06-07 13:30:00-04:00,8.694999694824219,8.694999694824219,8.680000305175781,8.6850004196167,4579,0.0,0.0
2024-06-07 14:30:00-04:00,8.6850004196167,8.699999809265137,8.680000305175781,8.6850004196167,19361,0.0,0.0
2024-06-07 15:30:00-04:00,8.6850004196167,8.699999809265137,8.680000305175781,8.680000305175781,14728,0.0,0.0
2024-06-10 09:30:00-04:00,8.720000267028809,8.75,8.6451997756958,8.649999618530273,54647,0.0,0.0
2024-06-10 10:30:00-04:00,8.649999618530273,8.675000190734863,8.619999885559082,8.649999618530273,74767,0.0,0.0
2024-06-10 11:30:00-04:00,8.645000457763672,8.675000190734863,8.619999885559082,8.619999885559082,74704,0.0,0.0
2024-06-10 12:30:00-04:00,8.630000114440918,8.640000343322754,8.600000381469727,8.604999542236328,51932,0.0,0.0
2024-06-10 13:30:00-04:00,8.609999656677246,8.630000114440918,8.59000015258789,8.595000267028809,54146,0.0,0.0
2024-06-10 14:30:00-04:00,8.595000267028809,8.609999656677246,8.59000015258789,8.595000267028809,29603,0.0,0.0
2024-06-10 15:30:00-04:00,8.59000015258789,8.614999771118164,8.59000015258789,8.600000381469727,51587,0.0,0.0
2024-06-11 09:30:00-04:00,8.619999885559082,8.65999984741211,8.614999771118164,8.649999618530273,21023,0.0,0.0
2024-06-11 10:30:00-04:00,8.64900016784668,8.649999618530273,8.600000381469727,8.649999618530273,73097,0.0,0.0
2024-06-11 11:30:00-04:00,8.645000457763672,8.649999618530273,8.622200012207031,8.629199981689453,14873,0.0,0.0
2024-06-11 12:30:00-04:00,8.628000259399414,8.635000228881836,8.619999885559082,8.619999885559082,29759,0.0,0.0
2024-06-11 13:30:00-04:00,8.625,8.640000343322754,8.625,8.635000228881836,10412,0.0,0.0
2024-06-11 14:30:00-04:00,8.635000228881836,8.675000190734863,8.635000228881836,8.670000076293945,27519,0.0,0.0
2024-06-11 15:30:00-04:00,8.670000076293945,8.6899995803833,8.65999984741211,8.6899995803833,7771,0.0,0.0
2024-06-12 09:30:00-04:00,8.729999542236328,8.76509952545166,8.699999809265137,8.729999542236328,39382,0.0,0.0
2024-06-12 10:30:00-04:00,8.729999542236328,8.739999771118164,8.710000038146973,8.719799995422363,30512,0.0,0.0
2024-06-12 11:30:00-04:00,8.720000267028809,8.739999771118164,8.719900131225586,8.725000381469727,23239,0.0,0.0
2024-06-12 12:30:00-04:00,8.729900360107422,8.729999542236328,8.71500015258789,8.719900131225586,13025,0.0,0.0
2024-06-12 13:30:00-04:00,8.720600128173828,8.729999542236328,8.703399658203125,8.718999862670898,29082,0.0,0.0
2024-06-12 14:30:00-04:00,8.71500015258789,8.739999771118164,8.699999809265137,8.729999542236328,35662,0.0,0.0
2024-06-12 15:30:00-04:00,8.729999542236328,8.75,8.720000267028809,8.75,16212,0.0,0.0
2024-06-13 09:30:00-04:00,8.789999961853027,8.800000190734863,8.75,8.75,25717,0.0,0.0
2024-06-13 10:30:00-04:00,8.75,8.755000114440918,8.75,8.75,1840,0.0,0.0
2024-06-13 11:30:00-04:00,8.755000114440918,8.755000114440918,8.739999771118164,8.739999771118164,10348,0.0,0.0
2024-06-13 12:30:00-04:00,8.734999656677246,8.75,8.734999656677246,8.75,14139,0.0,0.0
2024-06-13 13:30:00-04:00,8.740099906921387,8.75,8.740099906921387,8.75,4686,0.0,0.0
2024-06-13 14:30:00-04:00,8.744999885559082,8.75,8.741100311279297,8.741100311279297,730,0.0,0.0
2024-06-13 15:30:00-04:00,8.744999885559082,8.75,8.739999771118164,8.75,13326,0.0,0.0
2024-06-14 09:30:00-04:00,8.760000228881836,8.779999732971191,8.73009967803955,8.75,0,0.0,0.0
2024-06-14 10:30:00-04:00,8.745599746704102,8.75,8.739999771118164,8.739999771118164,7343,0.0,0.0
2024-06-14 11:30:00-04:00,8.74120044708252,8.749899864196777,8.739999771118164,8.744999885559082,8880,0.0,0.0
2024-06-14 12:30:00-04:00,8.75,8.75,8.744999885559082,8.744999885559082,1924,0.0,0.0
2024-06-14 13:30:00-04:00,8.744999885559082,8.75,8.732000350952148,8.734999656677246,30985,0.0,0.0
2024-06-14 14:30:00-04:00,8.734999656677246,8.739999771118164,8.729999542236328,8.734999656677246,12072,0.0,0.0
2024-06-14 15:30:00-04:00,8.739999771118164,8.739999771118164,8.732500076293945,8.739999771118164,7631,0.0,0.0
2024-06-17 09:30:00-04:00,8.729999542236328,8.75,8.729999542236328,8.73740005493164,28192,0.0,0.0
2024-06-17 10:30:00-04:00,8.740900039672852,8.779999732971191,8.740900039672852,8.779999732971191,8343,0.0,0.0
2024-06-17 11:30:00-04:00,8.775799751281738,8.779999732971191,8.770000457763672,8.770000457763672,9556,0.0,0.0
2024-06-17 12:30:00-04:00,8.763899803161621,8.774999618530273,8.763899803161621,8.76990032196045,5438,0.0,0.0
2024-06-17 13:30:00-04:00,8.76099967956543,8.770000457763672,8.760000228881836,8.765000343322754,9479,0.0,0.0
2024-06-17 14:30:00-04:00,8.765000343322754,8.770000457763672,8.755000114440918,8.760000228881836,13647,0.0,0.0
2024-06-17 15:30:00-04:00,8.760000228881836,8.770000457763672,8.75100040435791,8.770000457763672,12566,0.0,0.0
2024-06-18 09:30:00-04:00,8.739999771118164,8.779999732971191,8.739999771118164,8.770999908447266,0,0.0,0.0
2024-06-18 10:30:00-04:00,8.779000282287598,8.779999732971191,8.770000457763672,8.774999618530273,6662,0.0,0.0
2024-06-18 11:30:00-04:00,8.779999732971191,8.779999732971191,8.774999618530273,8.774999618530273,5012,0.0,0.0
2024-06-18 12:30:00-04:00,8.774999618530273,8.779999732971191,8.770999908447266,8.774999618530273,8812,0.0,0.0
2024-06-18 13:30:00-04:00,8.774999618530273,8.774999618530273,8.774999618530273,8.774999618530273,1393,0.0,0.0
2024-06-18 14:30:00-04:00,8.774999618530273,8.777400016784668,8.770000457763672,8.774999618530273,9979,0.0,0.0
2024-06-18 15:30:00-04:00,8.776800155639648,8.779999732971191,8.770000457763672,8.774999618530273,4714,0.0,0.0
2024-06-20 09:30:00-04:00,8.770000457763672,8.775199890136719,8.720100402832031,8.75,0,0.0,0.0
2024-06-20 10:30:00-04:00,8.75,8.774999618530273,8.75,8.760000228881836,9569,0.0,0.0
2024-06-20 11:30:00-04:00,8.765000343322754,8.766900062561035,8.75,8.75,23709,0.0,0.0
2024-06-20 12:30:00-04:00,8.75,8.75,8.6899995803833,8.720000267028809,36685,0.0,0.0
2024-06-20 13:30:00-04:00,8.720000267028809,8.75,8.710000038146973,8.748000144958496,26757,0.0,0.0
2024-06-20 14:30:00-04:00,8.739999771118164,8.75,8.729999542236328,8.734999656677246,25776,0.0,0.0
2024-06-20 15:30:00-04:00,8.734999656677246,8.739999771118164,8.729999542236328,8.739999771118164,23633,0.0,0.0
2024-06-21 09:30:00-04:00,8.710000038146973,8.720000267028809,8.65999984741211,8.71500015258789,30254,0.0,0.0
2024-06-21 10:30:00-04:00,8.710100173950195,8.720000267028809,8.694999694824219,8.71500015258789,24956,0.0,0.0
2024-06-21 11:30:00-04:00,8.710000038146973,8.720000267028809,8.694999694824219,8.710000038146973,11192,0.0,0.0
2024-06-21 12:30:00-04:00,8.71500015258789,8.720000267028809,8.6899995803833,8.694999694824219,30094,0.0,0.0
2024-06-21 13:30:00-04:00,8.694999694824219,8.720000267028809,8.6899995803833,8.694999694824219,16565,0.0,0.0
2024-06-21 14:30:00-04:00,8.694999694824219,8.710000038146973,8.6899995803833,8.694999694824219,15956,0.0,0.0
2024-06-21 15:30:00-04:00,8.694999694824219,8.710000038146973,8.6899995803833,8.699999809265137,9199,0.0,0.0
2024-06-24 09:30:00-04:00,8.710000038146973,8.739999771118164,8.70009994506836,8.73900032043457,0,0.0,0.0
2024-06-24 10:30:00-04:00,8.739899635314941,8.739999771118164,8.720000267028809,8.73009967803955,19560,0.0,0.0
2024-06-24 11:30:00-04:00,8.739899635314941,8.739999771118164,8.734999656677246,8.734999656677246,3030,0.0,0.0
2024-06-24 12:30:00-04:00,8.734999656677246,8.739999771118164,8.712400436401367,8.729999542236328,16226,0.0,0.0
2024-06-24 13:30:00-04:00,8.725000381469727,8.727299690246582,8.723199844360352,8.725000381469727,6803,0.0,0.0
2024-06-24 14:30:00-04:00,8.720000267028809,8.760000228881836,8.649999618530273,8.75,96488,0.0,0.0
2024-06-24 15:30:00-04:00,8.75,8.770000457763672,8.729999542236328,8.75,38497,0.0,0.0
2024-06-25 09:30:00-04:00,8.789999961853027,8.789999961853027,8.649999618530273,8.760000228881836,0,0.0,0.0
2024-06-25 10:30:00-04:00,8.75100040435791,8.75100040435791,8.729999542236328,8.734999656677246,12076,0.0,0.0
2024-06-25 11:30:00-04:00,8.734999656677246,8.739999771118164,8.704999923706055,8.704999923706055,12799,0.0,0.0
2024-06-25 12:30:00-04:00,8.704999923706055,8.704999923706055,8.6899995803833,8.694999694824219,3865,0.0,0.0
2024-06-25 13:30:00-04:00,8.694999694824219,8.710000038146973,8.6899995803833,8.699999809265137,22695,0.0,0.0
2024-06-25 14:30:00-04:00,8.708999633789062,8.710000038146973,8.6899995803833,8.690099716186523,5359,0.0,0.0
2024-06-25 15:30:00-04:00,8.710000038146973,8.71500015258789,8.6899995803833,8.71500015258789,13943,0.0,0.0
2024-06-26 09:30:00-04:00,8.729999542236328,8.758500099182129,8.710100173950195,8.718000411987305,0,0.0,0.0
2024-06-26 10:30:00-04:00,8.71500015258789,8.75,8.699999809265137,8.740799903869629,38002,0.0,0.0
2024-06-26 11:30:00-04:00,8.744999885559082,8.75,8.739999771118164,8.75,6127,0.0,0.0
2024-06-26 12:30:00-04:00,8.729999542236328,8.75,8.729999542236328,8.744999885559082,20113,0.0,0.0
2024-06-26 13:30:00-04:00,8.746299743652344,8.746299743652344,8.710000038146973,8.710599899291992,9292,0.0,0.0
2024-06-26 14:30:00-04:00,8.720000267028809,8.75,8.710000038146973,8.75,7111,0.0,0.0
2024-06-26 15:30:00-04:00,8.75,8.75,8.720000267028809,8.725000381469727,15838,0.0,0.0
2024-06-27 09:30:00-04:00,8.729999542236328,8.760000228881836,8.699999809265137,8.75,0,0.0,0.0
2024-06-27 10:30:00-04:00,8.744999885559082,8.75,8.740900039672852,8.744999885559082,14603,0.0,0.0
2024-06-27 11:30:00-04:00,8.744999885559082,8.745400428771973,8.739999771118164,8.744999885559082,11133,0.0,0.0
2024-06-27 12:30:00-04:00,8.75,8.75,8.729999542236328,8.734999656677246,10347,0.0,0.0
2024-06-27 13:30:00-04:00,8.73069953918457,8.734999656677246,8.720000267028809,8.725000381469727,15284,0.0,0.0
2024-06-27 14:30:00-04:00,8.7298002243042,8.739999771118164,8.720800399780273,8.734999656677246,20480,0.0,0.0
2024-06-27 15:30:00-04:00,8.734999656677246,8.760000228881836,8.729999542236328,8.760000228881836,27123,0.0,0.0
2024-06-28 09:30:00-04:00,8.789999961853027,8.819999694824219,8.770000457763672,8.815899848937988,36274,0.0,0.0
2024-06-28 10:30:00-04:00,8.812399864196777,8.845000267028809,8.805000305175781,8.84469985961914,36771,0.0,0.0
2024-06-28 11:30:00-04:00,8.845000267028809,8.880000114440918,8.831000328063965,8.831000328063965,28431,0.0,0.0
2024-06-28 12:30:00-04:00,8.831999778747559,8.859999656677246,8.829999923706055,8.85990047454834,26559,0.0,0.0
2024-06-28 13:30:00-04:00,8.840100288391113,8.869999885559082,8.829999923706055,8.829999923706055,29792,0.0,0.0
2024-06-28 14:30:00-04:00,8.850000381469727,8.850000381469727,8.819999694824219,8.819999694824219,9568,0.0,0.0
2024-06-28 15:30:00-04:00,8.824999809265137,8.833999633789062,8.779999732971191,8.779999732971191,35886,0.0,0.0
2024-07-01 09:30:00-04:00,8.84000015258789,8.880000114440918,8.824999809265137,8.84000015258789,0,0.0,0.0
2024-07-01 10:30:00-04:00,8.84000015258789,8.84000015258789,8.819999694824219,8.821999549865723,7516,0.0,0.0
2024-07-01 11:30:00-04:00,8.819999694824219,8.859999656677246,8.800000190734863,8.859999656677246,31071,0.0,0.0
2024-07-01 12:30:00-04:00,8.859999656677246,8.859999656677246,8.820099830627441,8.859999656677246,28470,0.0,0.0
2024-07-01 13:30:00-04:00,8.84000015258789,8.843899726867676,8.819999694824219,8.829999923706055,17554,0.0,0.0
2024-07-01 14:30:00-04:00,8.829999923706055,8.84000015258789,8.8100004196167,8.8100004196167,9490,0.0,0.0
2024-07-01 15:30:00-04:00,8.8149995803833,8.819899559020996,8.770000457763672,8.8100004196167,45250,0.0,0.0
2024-07-02 09:30:00-04:00,8.819999694824219,8.862600326538086,8.819999694824219,8.819999694824219,0,0.0,0.0
2024-07-02 10:30:00-04:00,8.81779956817627,8.84000015258789,8.800000190734863,8.835800170898438,14970,0.0,0.0
2024-07-02 11:30:00-04:00,8.825599670410156,8.84000015258789,8.8100004196167,8.84000015258789,15086,0.0,0.0
2024-07-02 12:30:00-04:00,8.84000015258789,8.880000114440918,8.835000038146973,8.869999885559082,24081,0.0,0.0
2024-07-02 13:30:00-04:00,8.864999771118164,8.880000114440918,8.852399826049805,8.854999542236328,12709,0.0,0.0
2024-07-02 14:30:00-04:00,8.854999542236328,8.859999656677246,8.850000381469727,8.854999542236328,19377,0.0,0.0
2024-07-02 15:30:00-04:00,8.854999542236328,8.859999656677246,8.850000381469727,8.854999542236328,7614,0.0,0.0
2024-07-03 09:30:00-04:00,8.869999885559082,8.899999618530273,8.859999656677246,8.899999618530273,15192,0.0,0.0
2024-07-03 10:30:00-04:00,8.899999618530273,8.9399995803833,8.880000114440918,8.9399995803833,19392,0.0,0.0
2024-07-03 11:30:00-04:00,8.9399995803833,8.9399995803833,8.850000381469727,8.90999984741211,60993,0.0,0.0
2024-07-05 09:30:00-04:00,8.90999984741211,8.920000076293945,8.880000114440918,8.880000114440918,0,0.0,0.0
2024-07-05 10:30:00-04:00,8.883399963378906,8.885000228881836,8.869999885559082,8.87339973449707,6412,0.0,0.0
2024-07-05 11:30:00-04:00,8.880000114440918,8.90999984741211,8.877300262451172,8.899999618530273,8943,0.0,0.0
2024-07-05 12:30:00-04:00,8.899999618530273,8.90999984741211,8.899999618530273,8.904999732971191,9494,0.0,0.0
2024-07-05 13:30:00-04:00,8.90779972076416,8.90779972076416,8.880000114440918,8.888400077819824,13928,0.0,0.0
2024-07-05 14:30:00-04:00,8.890000343322754,8.890000343322754,8.869999885559082,8.885000228881836,19804,0.0,0.0
2024-07-05 15:30:00-04:00,8.88290023803711,8.920000076293945,8.880000114440918,8.914999961853027,17632,0.0,0.0
2024-07-08 09:30:00-04:00,8.9399995803833,8.9399995803833,8.890000343322754,8.899900436401367,0,0.0,0.0
2024-07-08 10:30:00-04:00,8.883999824523926,8.899999618530273,8.88010025024414,8.885000228881836,14302,0.0,0.0
2024-07-08 11:30:00-04:00,8.885899543762207,8.90999984741211,8.883000373840332,8.895000457763672,13563,0.0,0.0
2024-07-08 12:30:00-04:00,8.90999984741211,8.90999984741211,8.880000114440918,8.899999618530273,19702,0.0,0.0
2024-07-08 13:30:00-04:00,8.899999618530273,8.90999984741211,8.887900352478027,8.895000457763672,2140,0.0,0.0
2024-07-08 14:30:00-04:00,8.896499633789062,8.909899711608887,8.88949966430664,8.890000343322754,5965,0.0,0.0
2024-07-08 15:30:00-04:00,8.895000457763672,8.899900436401367,8.869999885559082,8.890000343322754,11206,0.0,0.0
2024-07-09 09:30:00-04:00,8.890000343322754,8.904999732971191,8.87030029296875,8.899999618530273,22083,0.0,0.0
2024-07-09 10:30:00-04:00,8.89009952545166,8.9399995803833,8.890000343322754,8.920000076293945,19549,0.0,0.0
2024-07-09 11:30:00-04:00,8.90999984741211,8.914999961853027,8.890000343322754,8.899999618530273,21280,0.0,0.0
2024-07-09 12:30:00-04:00,8.899999618530273,8.90999984741211,8.869999885559082,8.869999885559082,35692,0.0,0.0
2024-07-09 13:30:00-04:00,8.869999885559082,8.895500183105469,8.869999885559082,8.869999885559082,10713,0.0,0.0
2024-07-09 14:30:00-04:00,8.869999885559082,8.869999885559082,8.850000381469727,8.859999656677246,6239,0.0,0.0
2024-07-09 15:30:00-04:00,8.859999656677246,8.890000343322754,8.850000381469727,8.869999885559082,25454,0.0,0.0
2024-07-10 09:30:00-04:00,8.899999618530273,8.930000305175781,8.89009952545166,8.914999961853027,0,0.0,0.0
2024-07-10 10:30:00-04:00,8.914999961853027,8.918800354003906,8.899999618530273,8.909299850463867,11595,0.0,0.0
2024-07-10 11:30:00-04:00,8.900699615478516,8.90999984741211,8.899999618530273,8.904999732971191,9809,0.0,0.0
2024-07-10 12:30:00-04:00,8.904999732971191,8.9399995803833,8.904999732971191,8.920000076293945,14520,0.0,0.0
2024-07-10 13:30:00-04:00,8.920000076293945,8.938300132751465,8.90999984741211,8.925000190734863,12816,0.0,0.0
2024-07-10 14:30:00-04:00,8.920000076293945,8.930000305175781,8.920000076293945,8.925000190734863,16167,0.0,0.0
2024-07-10 15:30:00-04:00,8.929900169372559,8.930000305175781,8.920000076293945,8.920000076293945,14032,0.0,0.0
2024-07-11 09:30:00-04:00,8.9399995803833,8.970000267028809,8.920000076293945,8.920000076293945,0,0.0,0.0
2024-07-11 10:30:00-04:00,8.920000076293945,8.9483003616333,8.875,8.889900207519531,25114,0.0,0.0
2024-07-11 11:30:00-04:00,8.880000114440918,8.880000114440918,8.819999694824219,8.819999694824219,43767,0.0,0.0
2024-07-11 12:30:00-04:00,8.819999694824219,8.869999885559082,8.800000190734863,8.869999885559082,62607,0.0,0.0
2024-07-11 13:30:00-04:00,8.869999885559082,8.869999885559082,8.819999694824219,8.819999694824219,46923,0.0,0.0
2024-07-11 14:30:00-04:00,8.819999694824219,8.850000381469727,8.8100004196167,8.845000267028809,13514,0.0,0.0
2024-07-11 15:30:00-04:00,8.829999923706055,8.850000381469727,8.829999923706055,8.84000015258789,7418,0.0,0.0
2024-07-12 09:30:00-04:00,8.890000343322754,8.899900436401367,8.859999656677246,8.880999565124512,15028,0.0,0.0
2024-07-12 10:30:00-04:00,8.869999885559082,8.899999618530273,8.869999885559082,8.869999885559082,22149,0.0,0.0
2024-07-12 11:30:00-04:00,8.869999885559082,8.880000114440918,8.85200023651123,8.859999656677246,12924,0.0,0.0
2024-07-12 12:30:00-04:00,8.869999885559082,8.879799842834473,8.859999656677246,8.869999885559082,14723,0.0,0.0
2024-07-12 13:30:00-04:00,8.859999656677246,8.914999961853027,8.859999656677246,8.899999618530273,23721,0.0,0.0
2024-07-12 14:30:00-04:00,8.899999618530273,8.920000076293945,8.890000343322754,8.890000343322754,13734,0.0,0.0
2024-07-12 15:30:00-04:00,8.890000343322754,8.899999618530273,8.869999885559082,8.871999740600586,11193,0.0,0.0
2024-07-15 09:30:00-04:00,8.899999618530273,8.926899909973145,8.860099792480469,8.89799976348877,0,0.0,0.0
2024-07-15 10:30:00-04:00,8.890000343322754,8.890000343322754,8.84000015258789,8.859999656677246,40979,0.0,0.0
2024-07-15 11:30:00-04:00,8.850000381469727,8.869999885559082,8.850000381469727,8.859999656677246,24452,0.0,0.0
2024-07-15 12:30:00-04:00,8.850000381469727,8.86989974975586,8.829999923706055,8.830100059509277,5688,0.0,0.0
2024-07-15 13:30:00-04:00,8.84000015258789,8.859999656677246,8.829999923706055,8.84000015258789,23989,0.0,0.0
2024-07-15 14:30:00-04:00,8.84000015258789,8.85990047454834,8.829999923706055,8.85990047454834,25519,0.0,0.0
2024-07-15 15:30:00-04:00,8.832599639892578,8.869999885559082,8.832599639892578,8.850000381469727,10889,0.0,0.0
2024-07-16 09:30:00-04:00,8.890000343322754,8.90999984741211,8.860099792480469,8.890000343322754,9096,0.0,0.0
2024-07-16 10:30:00-04:00,8.890000343322754,8.899999618530273,8.880000114440918,8.890000343322754,14834,0.0,0.0
2024-07-16 11:30:00-04:00,8.890000343322754,8.899999618530273,8.880000114440918,8.880000114440918,18098,0.0,0.0
2024-07-16 12:30:00-04:00,8.880000114440918,8.890000343322754,8.859999656677246,8.859999656677246,23855,0.0,0.0
2024-07-16 13:30:00-04:00,8.859999656677246,8.949999809265137,8.859999656677246,8.917799949645996,31487,0.0,0.0
2024-07-16 14:30:00-04:00,8.920000076293945,8.920000076293945,8.899999618530273,8.904999732971191,12346,0.0,0.0
2024-07-16 15:30:00-04:00,8.904999732971191,8.921500205993652,8.900899887084961,8.914999961853027,0,0.0,0.0
2024-07-17 09:30:00-04:00,8.829999923706055,8.849800109863281,8.805000305175781,8.820099830627441,24449,0.0,0.0
2024-07-17 10:30:00-04:00,8.821000099182129,8.829999923706055,8.800000190734863,8.800000190734863,11829,0.0,0.0
2024-07-17 11:30:00-04:00,8.805000305175781,8.805000305175781,8.760000228881836,8.765000343322754,13695,0.0,0.0
2024-07-17 12:30:00-04:00,8.765999794006348,8.765999794006348,8.732500076293945,8.732500076293945,17125,0.0,0.0
2024-07-17 13:30:00-04:00,8.734999656677246,8.739999771118164,8.710000038146973,8.725000381469727,42384,0.0,0.0
2024-07-17 14:30:00-04:00,8.710000038146973,8.739999771118164,8.710000038146973,8.710000038146973,18079,0.0,0.0
2024-07-17 15:30:00-04:00,8.710000038146973,8.729999542236328,8.699999809265137,8.704999923706055,0,0.0,0.0
2024-07-18 09:30:00-04:00,8.729999542236328,8.771599769592285,8.729999542236328,8.760000228881836,11669,0.0,0.0
2024-07-18 10:30:00-04:00,8.760000228881836,8.760000228881836,8.680000305175781,8.6899995803833,18933,0.0,0.0
2024-07-18 11:30:00-04:00,8.6899995803833,8.6899995803833,8.65999984741211,8.664999961853027,11848,0.0,0.0
2024-07-18 12:30:00-04:00,8.65999984741211,8.670000076293945,8.640000343322754,8.649999618530273,29542,0.0,0.0
2024-07-18 13:30:00-04:00,8.650099754333496,8.670000076293945,8.649999618530273,8.649999618530273,8808,0.0,0.0
2024-07-18 14:30:00-04:00,8.649999618530273,8.652700424194336,8.600000381469727,8.600000381469727,30842,0.0,0.0
2024-07-18 15:30:00-04:00,8.600000381469727,8.630000114440918,8.59000015258789,8.630000114440918,10362,0.0,0.0
2024-07-19 09:30:00-04:00,8.65999984741211,8.68850040435791,8.65999984741211,8.670000076293945,0,0.0,0.0
2024-07-19 10:30:00-04:00,8.660099983215332,8.668100357055664,8.640000343322754,8.640000343322754,10721,0.0,0.0
2024-07-19 11:30:00-04:00,8.640000343322754,8.649999618530273,8.625,8.640000343322754,13143,0.0,0.0
2024-07-19 12:30:00-04:00,8.630000114440918,8.648200035095215,8.600000381469727,8.619999885559082,11271,0.0,0.0
2024-07-19 13:30:00-04:00,8.600000381469727,8.619999885559082,8.600000381469727,8.600000381469727,8520,0.0,0.0
2024-07-19 14:30:00-04:00,8.600000381469727,8.619999885559082,8.590100288391113,8.600000381469727,5270,0.0,0.0
2024-07-19 15:30:00-04:00,8.600000381469727,8.609999656677246,8.59000015258789,8.600000381469727,6592,0.0,0.0
2024-07-22 09:30:00-04:00,8.680000305175781,8.699999809265137,8.66450023651123,8.699999809265137,0,0.0,0.0
2024-07-22 10:30:00-04:00,8.694999694824219,8.720000267028809,8.6899995803833,8.70989990234375,43943,0.0,0.0
2024-07-22 11:30:00-04:00,8.690699577331543,8.720000267028809,8.690699577331543,8.720000267028809,7033,0.0,0.0
2024-07-22 12:30:00-04:00,8.720000267028809,8.75,8.720000267028809,8.749899864196777,8562,0.0,0.0
2024-07-22 13:30:00-04:00,8.744999885559082,8.789999961853027,8.744999885559082,8.789999961853027,17505,0.0,0.0
2024-07-22 14:30:00-04:00,8.788000106811523,8.829999923706055,8.78380012512207,8.789999961853027,20654,0.0,0.0
2024-07-22 15:30:00-04:00,8.78499984741211,8.829999923706055,8.784000396728516,8.829999923706055,19689,0.0,0.0
2024-07-23 09:30:00-04:00,8.789999961853027,8.885000228881836,8.761899948120117,8.875,51718,0.0,0.0
2024-07-23 10:30:00-04:00,8.890000343322754,8.899999618530273,8.852100372314453,8.896599769592285,53125,0.0,0.0
2024-07-23 11:30:00-04:00,8.899999618530273,8.945199966430664,8.890000343322754,8.909899711608887,67891,0.0,0.0
2024-07-23 12:30:00-04:00,8.904999732971191,8.920000076293945,8.880000114440918,8.880900382995605,47099,0.0,0.0
2024-07-23 13:30:00-04:00,8.881699562072754,8.920000076293945,8.859999656677246,8.875,29687,0.0,0.0
2024-07-23 14:30:00-04:00,8.875,8.930000305175781,8.859999656677246,8.920000076293945,63301,0.0,0.0
2024-07-23 15:30:00-04:00,8.920000076293945,8.930000305175781,8.899999618530273,8.920000076293945,96869,0.0,0.0
2024-07-24 09:30:00-04:00,8.880000114440918,8.90999984741211,8.829999923706055,8.84000015258789,77085,0.0,0.0
2024-07-24 10:30:00-04:00,8.84000015258789,8.848199844360352,8.8100004196167,8.819999694824219,23583,0.0,0.0
2024-07-24 11:30:00-04:00,8.8233003616333,8.850000381469727,8.81149959564209,8.850000381469727,37611,0.0,0.0
2024-07-24 12:30:00-04:00,8.836099624633789,8.880000114440918,8.829999923706055,8.869999885559082,45571,0.0,0.0
2024-07-24 13:30:00-04:00,8.867300033569336,8.899900436401367,8.850000381469727,8.880000114440918,39123,0.0,0.0
2024-07-24 14:30:00-04:00,8.87909984588623,8.880000114440918,8.830100059509277,8.85219955444336,44985,0.0,0.0
2024-07-24 15:30:00-04:00,8.850000381469727,8.880000114440918,8.84000015258789,8.869999885559082,37556,0.0,0.0
2024-07-25 09:30:00-04:00,8.90999984741211,8.90999984741211,8.859999656677246,8.869999885559082,95470,0.0,0.0
2024-07-25 10:30:00-04:00,8.880000114440918,8.970000267028809,8.869999885559082,8.949999809265137,28586,0.0,0.0
2024-07-25 11:30:00-04:00,8.960000038146973,8.979999542236328,8.956299781799316,8.95989990234375,27085,0.0,0.0
2024-07-25 12:30:00-04:00,8.954999923706055,8.970000267028809,8.95009994506836,8.96500015258789,34275,0.0,0.0
2024-07-25 13:30:00-04:00,8.96500015258789,8.979999542236328,8.920000076293945,8.925000190734863,18832,0.0,0.0
2024-07-25 14:30:00-04:00,8.925000190734863,8.930000305175781,8.890000343322754,8.899999618530273,39644,0.0,0.0
2024-07-25 15:30:00-04:00,8.909899711608887,8.90999984741211,8.885000228881836,8.895000457763672,26519,0.0,0.0
2024-07-26 09:30:00-04:00,8.949999809265137,8.969900131225586,8.930000305175781,8.960000038146973,0,0.0,0.0
2024-07-26 10:30:00-04:00,8.949799537658691,8.949999809265137,8.930000305175781,8.930000305175781,16850,0.0,0.0
2024-07-26 11:30:00-04:00,8.930000305175781,8.95009994506836,8.920000076293945,8.942000389099121,21071,0.0,0.0
2024-07-26 12:30:00-04:00,8.944999694824219,8.949999809265137,8.920000076293945,8.930000305175781,15357,0.0,0.0
2024-07-26 13:30:00-04:00,8.920000076293945,8.920000076293945,8.899999618530273,8.905500411987305,10744,0.0,0.0
2024-07-26 14:30:00-04:00,8.905200004577637,8.930000305175781,8.899999618530273,8.920000076293945,22219,0.0,0.0
2024-07-26 15:30:00-04:00,8.920000076293945,8.949999809265137,8.920000076293945,8.9350004196167,15677,0.0,0.0
2024-07-29 09:30:00-04:00,9.0,9.0,8.850000381469727,8.850000381469727,92309,0.0,0.0
2024-07-29 10:30:00-04:00,8.850000381469727,8.854999542236328,8.8100004196167,8.819999694824219,31083,0.0,0.0
2024-07-29 11:30:00-04:00,8.819999694824219,8.841400146484375,8.8100004196167,8.829999923706055,19855,0.0,0.0
2024-07-29 12:30:00-04:00,8.829999923706055,8.84000015258789,8.819999694824219,8.84000015258789,10129,0.0,0.0
2024-07-29 13:30:00-04:00,8.83899974822998,8.880000114440918,8.83899974822998,8.878399848937988,23172,0.0,0.0
2024-07-29 14:30:00-04:00,8.869999885559082,8.890000343322754,8.869999885559082,8.890000343322754,11979,0.0,0.0
2024-07-29 15:30:00-04:00,8.890000343322754,8.899999618530273,8.880000114440918,8.899999618530273,20764,0.0,0.0
2024-07-30 09:30:00-04:00,8.930000305175781,8.970000267028809,8.899999618530273,8.904999732971191,0,0.0,0.0
2024-07-30 10:30:00-04:00,8.902999877929688,8.904999732971191,8.84000015258789,8.84000015258789,29595,0.0,0.0
2024-07-30 11:30:00-04:00,8.84000015258789,8.849300384521484,8.8100004196167,8.8100004196167,23799,0.0,0.0
2024-07-30 12:30:00-04:00,8.8100004196167,8.8100004196167,8.78499984741211,8.8100004196167,18240,0.0,0.0
2024-07-30 13:30:00-04:00,8.818400382995605,8.829999923706055,8.81149959564209,8.829999923706055,7742,0.0,0.0
2024-07-30 14:30:00-04:00,8.819999694824219,8.84000015258789,8.819999694824219,8.831999778747559,4797,0.0,0.0
2024-07-30 15:30:00-04:00,8.830100059509277,8.869999885559082,8.830100059509277,8.854999542236328,15213,0.0,0.0
2024-07-31 09:30:00-04:00,8.9399995803833,8.99940013885498,8.859999656677246,8.989999771118164,69473,0.0,0.0
2024-07-31 10:30:00-04:00,8.98900032043457,9.0,8.960000038146973,8.960000038146973,31600,0.0,0.0
2024-07-31 11:30:00-04:00,8.979999542236328,8.979999542236328,8.960000038146973,8.960000038146973,17571,0.0,0.0
2024-07-31 12:30:00-04:00,8.960100173950195,8.979999542236328,8.949999809265137,8.951499938964844,15565,0.0,0.0
2024-07-31 13:30:00-04:00,8.949999809265137,8.979700088500977,8.949999809265137,8.96500015258789,18900,0.0,0.0
2024-07-31 14:30:00-04:00,8.953900337219238,9.029999732971191,8.953900337219238,8.982199668884277,45697,0.0,0.0
2024-07-31 15:30:00-04:00,8.970000267028809,8.979999542236328,8.960000038146973,8.979999542236328,17514,0.0,0.0
2024-08-01 09:30:00-04:00,9.0,9.0,8.880000114440918,8.880000114440918,0,0.0,0.0
2024-08-01 10:30:00-04:00,8.879899978637695,8.879899978637695,8.79010009765625,8.800000190734863,35595,0.0,0.0
2024-08-01 11:30:00-04:00,8.791999816894531,8.8149995803833,8.789999961853027,8.789999961853027,33258,0.0,0.0
2024-08-01 12:30:00-04:00,8.789999961853027,8.800000190734863,8.789999961853027,8.800000190734863,23828,0.0,0.0
2024-08-01 13:30:00-04:00,8.800000190734863,8.8100004196167,8.779999732971191,8.789999961853027,14499,0.0,0.0
2024-08-01 14:30:00-04:00,8.789999961853027,8.789999961853027,8.770000457763672,8.789299964904785,26503,0.0,0.0
2024-08-01 15:30:00-04:00,8.779999732971191,8.789999961853027,8.779999732971191,8.789999961853027,9071,0.0,0.0
2024-08-02 09:30:00-04:00,8.670000076293945,8.729999542236328,8.634900093078613,8.649299621582031,65797,0.0,0.0
2024-08-02 10:30:00-04:00,8.649900436401367,8.649900436401367,8.600000381469727,8.610099792480469,25827,0.0,0.0
2024-08-02 11:30:00-04:00,8.619999885559082,8.6899995803833,8.610099792480469,8.619999885559082,62771,0.0,0.0
2024-08-02 12:30:00-04:00,8.630000114440918,8.679900169372559,8.62969970703125,8.679900169372559,15301,0.0,0.0
2024-08-02 13:30:00-04:00,8.680000305175781,8.699999809265137,8.649999618530273,8.699999809265137,13467,0.0,0.0
2024-08-02 14:30:00-04:00,8.699999809265137,8.729999542236328,8.670000076293945,8.694999694824219,16969,0.0,0.0
2024-08-02 15:30:00-04:00,8.699999809265137,8.699999809265137,8.680000305175781,8.680000305175781,24290,0.0,0.0
2024-08-05 09:30:00-04:00,8.470000267028809,8.574899673461914,8.260000228881836,8.539999961853027,125340,0.0,0.0
2024-08-05 10:30:00-04:00,8.539999961853027,8.54990005493164,8.449999809265137,8.505000114440918,15359,0.0,0.0
2024-08-05 11:30:00-04:00,8.524999618530273,8.5600004196167,8.5,8.545999526977539,9795,0.0,0.0
2024-08-05 12:30:00-04:00,8.5600004196167,8.569999694824219,8.519700050354004,8.539999961853027,14088,0.0,0.0
2024-08-05 13:30:00-04:00,8.539999961853027,8.539999961853027,8.359999656677246,8.40999984741211,42034,0.0,0.0
2024-08-05 14:30:00-04:00,8.444999694824219,8.448699951171875,8.369999885559082,8.40999984741211,18546,0.0,0.0
2024-08-05 15:30:00-04:00,8.390000343322754,8.399999618530273,8.369999885559082,8.399999618530273,10350,0.0,0.0
2024-08-06 09:30:00-04:00,8.520000457763672,8.649900436401367,8.520000457763672,8.630000114440918,0,0.0,0.0
2024-08-06 10:30:00-04:00,8.630000114440918,8.670000076293945,8.619999885559082,8.649999618530273,15189,0.0,0.0
2024-08-06 11:30:00-04:00,8.619999885559082,8.680000305175781,8.619999885559082,8.65999984741211,17424,0.0,0.0
2024-08-06 12:30:00-04:00,8.65999984741211,8.710000038146973,8.649999618530273,8.699999809265137,29412,0.0,0.0
2024-08-06 13:30:00-04:00,8.69320011138916,8.720000267028809,8.649999618530273,8.699999809265137,26655,0.0,0.0
2024-08-06 14:30:00-04:00,8.699999809265137,8.699999809265137,8.640000343322754,8.680000305175781,13529,0.0,0.0
2024-08-06 15:30:00-04:00,8.670000076293945,8.680000305175781,8.640000343322754,8.645000457763672,12684,0.0,0.0
2024-08-07 09:30:00-04:00,8.760000228881836,8.789999961853027,8.75,8.770000457763672,0,0.0,0.0
2024-08-07 10:30:00-04:00,8.759900093078613,8.770000457763672,8.729999542236328,8.729999542236328,8767,0.0,0.0
2024-08-07 11:30:00-04:00,8.729999542236328,8.767499923706055,8.640000343322754,8.729999542236328,72002,0.0,0.0
2024-08-07 12:30:00-04:00,8.720000267028809,8.729999542236328,8.680000305175781,8.6899995803833,45086,0.0,0.0
2024-08-07 13:30:00-04:00,8.6899995803833,8.698100090026855,8.600000381469727,8.640000343322754,32328,0.0,0.0
2024-08-07 14:30:00-04:00,8.653200149536133,8.653200149536133,8.59000015258789,8.609999656677246,15416,0.0,0.0
2024-08-07 15:30:00-04:00,8.609999656677246,8.619999885559082,8.579999923706055,8.579999923706055,30647,0.0,0.0
2024-08-08 09:30:00-04:00,8.699999809265137,8.729900360107422,8.6899995803833,8.71500015258789,8317,0.0,0.0
2024-08-08 10:30:00-04:00,8.71500015258789,8.720000267028809,8.6899995803833,8.710000038146973,26178,0.0,0.0
2024-08-08 11:30:00-04:00,8.708000183105469,8.719900131225586,8.692099571228027,8.708000183105469,17185,0.0,0.0
2024-08-08 12:30:00-04:00,8.704999923706055,8.719900131225586,8.690099716186523,8.710000038146973,20857,0.0,0.0
2024-08-08 13:30:00-04:00,8.690299987792969,8.765000343322754,8.690299987792969,8.75,43825,0.0,0.0
2024-08-08 14:30:00-04:00,8.757599830627441,8.757599830627441,8.725000381469727,8.725000381469727,7575,0.0,0.0
2024-08-08 15:30:00-04:00,8.720100402832031,8.75,8.720000267028809,8.75,20179,0.0,0.0
2024-08-09 09:30:00-04:00,8.760000228881836,8.8100004196167,8.75,8.770000457763672,34117,0.0,0.0
2024-08-09 10:30:00-04:00,8.779999732971191,8.779999732971191,8.73009967803955,8.732000350952148,12471,0.0,0.0
2024-08-09 11:30:00-04:00,8.730199813842773,8.759400367736816,8.729999542236328,8.730999946594238,10255,0.0,0.0
2024-08-09 12:30:00-04:00,8.758000373840332,8.758000373840332,8.729999542236328,8.734999656677246,4930,0.0,0.0
2024-08-09 13:30:00-04:00,8.75,8.75,8.720000267028809,8.734999656677246,4403,0.0,0.0
2024-08-09 14:30:00-04:00,8.720100402832031,8.734999656677246,8.720100402832031,8.73449993133545,5282,0.0,0.0
2024-08-09 15:30:00-04:00,8.734999656677246,8.739999771118164,8.729999542236328,8.729999542236328,2403,0.0,0.0
