Datetime,Open,High,Low,Close,Volume,Dividends,Stock Splits
2024-09-05 09:30:00-04:00,10.880000114440918,11.39799976348877,10.880000114440918,11.0,6377,0.0,0.0
2024-09-05 09:35:00-04:00,11.095000267028809,11.095000267028809,10.800000190734863,10.90999984741211,5279,0.0,0.0
2024-09-05 09:40:00-04:00,11.027999877929688,11.399999618530273,10.989999771118164,11.199999809265137,6778,0.0,0.0
2024-09-05 09:45:00-04:00,11.130000114440918,11.390000343322754,11.130000114440918,11.359999656677246,811,0.0,0.0
2024-09-05 09:50:00-04:00,11.180000305175781,11.180000305175781,11.109999656677246,11.119999885559082,307,0.0,0.0
2024-09-05 09:55:00-04:00,11.0,11.066499710083008,11.0,11.047599792480469,572,0.0,0.0
2024-09-05 10:00:00-04:00,11.010000228881836,11.175000190734863,11.010000228881836,11.175000190734863,645,0.0,0.0
2024-09-05 10:05:00-04:00,11.149999618530273,11.149999618530273,11.0,11.0,720,0.0,0.0
2024-09-05 10:10:00-04:00,11.100000381469727,11.130000114440918,10.850000381469727,10.850000381469727,2974,0.0,0.0
2024-09-05 10:15:00-04:00,10.914999961853027,10.923399925231934,10.859999656677246,10.885000228881836,1172,0.0,0.0
2024-09-05 10:20:00-04:00,10.819999694824219,10.859999656677246,10.819999694824219,10.850000381469727,2208,0.0,0.0
2024-09-05 10:30:00-04:00,10.854999542236328,10.854999542236328,10.800000190734863,10.800000190734863,1619,0.0,0.0
2024-09-05 10:35:00-04:00,10.699999809265137,10.869999885559082,10.699999809265137,10.699999809265137,4465,0.0,0.0
2024-09-05 10:40:00-04:00,10.774999618530273,10.774999618530273,10.699999809265137,10.770999908447266,2200,0.0,0.0
2024-09-05 10:45:00-04:00,10.720000267028809,10.720000267028809,10.699999809265137,10.699999809265137,1859,0.0,0.0
2024-09-05 10:55:00-04:00,10.609999656677246,10.609999656677246,10.609999656677246,10.609999656677246,293,0.0,0.0
2024-09-05 11:00:00-04:00,10.649999618530273,10.649999618530273,10.600000381469727,10.600000381469727,1187,0.0,0.0
2024-09-05 11:10:00-04:00,10.5,10.5,10.350000381469727,10.350000381469727,1894,0.0,0.0
2024-09-05 11:15:00-04:00,10.4399995803833,10.569999694824219,10.4399995803833,10.550000190734863,2352,0.0,0.0
2024-09-05 11:20:00-04:00,10.550000190734863,10.550000190734863,10.4399995803833,10.550000190734863,1511,0.0,0.0
2024-09-05 11:25:00-04:00,10.550000190734863,10.550000190734863,10.460000038146973,10.460000038146973,2194,0.0,0.0
2024-09-05 11:30:00-04:00,10.517999649047852,10.517999649047852,10.380000114440918,10.380000114440918,7478,0.0,0.0
2024-09-05 11:35:00-04:00,10.425000190734863,10.48859977722168,10.399999618530273,10.48859977722168,981,0.0,0.0
2024-09-05 11:40:00-04:00,10.300000190734863,10.449999809265137,10.300000190734863,10.404999732971191,818,0.0,0.0
2024-09-05 11:45:00-04:00,10.319999694824219,10.319999694824219,10.319999694824219,10.319999694824219,499,0.0,0.0
2024-09-05 11:50:00-04:00,10.300000190734863,10.3100004196167,10.300000190734863,10.3100004196167,358,0.0,0.0
2024-09-05 11:55:00-04:00,10.395000457763672,10.395000457763672,10.395000457763672,10.395000457763672,691,0.0,0.0
2024-09-05 12:00:00-04:00,10.34000015258789,10.34000015258789,10.34000015258789,10.34000015258789,465,0.0,0.0
2024-09-05 12:05:00-04:00,10.403900146484375,10.449899673461914,10.403900146484375,10.449899673461914,1629,0.0,0.0
2024-09-05 12:10:00-04:00,10.397600173950195,10.397600173950195,10.359999656677246,10.359999656677246,918,0.0,0.0
2024-09-05 12:15:00-04:00,10.4399995803833,10.4399995803833,10.4399995803833,10.4399995803833,440,0.0,0.0
2024-09-05 12:20:00-04:00,10.4399995803833,10.4399995803833,10.4399995803833,10.4399995803833,415,0.0,0.0
2024-09-05 12:25:00-04:00,10.430000305175781,10.430000305175781,10.430000305175781,10.430000305175781,455,0.0,0.0
2024-09-05 12:30:00-04:00,10.444999694824219,10.444999694824219,10.444999694824219,10.444999694824219,408,0.0,0.0
2024-09-05 12:35:00-04:00,10.444999694824219,10.444999694824219,10.3100004196167,10.3100004196167,6755,0.0,0.0
2024-09-05 12:40:00-04:00,10.3100004196167,10.3100004196167,10.3100004196167,10.3100004196167,428,0.0,0.0
2024-09-05 12:50:00-04:00,10.319999694824219,10.319999694824219,10.3100004196167,10.3100004196167,612,0.0,0.0
2024-09-05 12:55:00-04:00,10.319999694824219,10.341899871826172,10.319999694824219,10.319999694824219,832,0.0,0.0
2024-09-05 13:05:00-04:00,10.319999694824219,10.319999694824219,10.319999694824219,10.319999694824219,314,0.0,0.0
2024-09-05 13:10:00-04:00,10.350000381469727,10.359999656677246,10.350000381469727,10.359999656677246,699,0.0,0.0
2024-09-05 13:15:00-04:00,10.320099830627441,10.320099830627441,10.319999694824219,10.319999694824219,1862,0.0,0.0
2024-09-05 13:25:00-04:00,10.37720012664795,10.390000343322754,10.3100004196167,10.390000343322754,2351,0.0,0.0
2024-09-05 13:30:00-04:00,10.33489990234375,10.33489990234375,10.33489990234375,10.33489990234375,715,0.0,0.0
2024-09-05 13:35:00-04:00,10.390000343322754,10.390000343322754,10.319999694824219,10.319999694824219,1120,0.0,0.0
2024-09-05 13:45:00-04:00,10.329999923706055,10.329999923706055,10.329999923706055,10.329999923706055,226,0.0,0.0
2024-09-05 13:50:00-04:00,10.329999923706055,10.329999923706055,10.329999923706055,10.329999923706055,195,0.0,0.0
2024-09-05 13:55:00-04:00,10.425000190734863,10.430000305175781,10.329999923706055,10.329999923706055,1627,0.0,0.0
2024-09-05 14:00:00-04:00,10.380000114440918,10.430000305175781,10.329999923706055,10.329999923706055,626,0.0,0.0
2024-09-05 14:05:00-04:00,10.385000228881836,10.385000228881836,10.319999694824219,10.319999694824219,1467,0.0,0.0
2024-09-05 14:10:00-04:00,10.329999923706055,10.329999923706055,10.329999923706055,10.329999923706055,315,0.0,0.0
2024-09-05 14:15:00-04:00,10.3100004196167,10.3100004196167,10.3100004196167,10.3100004196167,339,0.0,0.0
2024-09-05 14:30:00-04:00,10.319999694824219,10.319999694824219,10.319999694824219,10.319999694824219,567,0.0,0.0
2024-09-05 14:35:00-04:00,10.3100004196167,10.3100004196167,10.25,10.28499984741211,9885,0.0,0.0
2024-09-05 14:40:00-04:00,10.25,10.25,10.199999809265137,10.199999809265137,2665,0.0,0.0
2024-09-05 14:45:00-04:00,10.1899995803833,10.1899995803833,10.135000228881836,10.135000228881836,875,0.0,0.0
2024-09-05 14:50:00-04:00,10.149999618530273,10.149999618530273,10.100000381469727,10.100000381469727,1035,0.0,0.0
2024-09-05 14:55:00-04:00,10.051799774169922,10.088000297546387,10.050000190734863,10.050000190734863,1993,0.0,0.0
2024-09-05 15:00:00-04:00,10.08549976348877,10.08549976348877,10.0,10.0,4028,0.0,0.0
2024-09-05 15:05:00-04:00,10.050000190734863,10.050000190734863,10.0,10.010000228881836,5909,0.0,0.0
2024-09-05 15:15:00-04:00,10.050000190734863,10.050000190734863,10.045000076293945,10.045000076293945,883,0.0,0.0
2024-09-05 15:25:00-04:00,10.024999618530273,10.119999885559082,10.024999618530273,10.09000015258789,3759,0.0,0.0
2024-09-05 15:30:00-04:00,10.0600004196167,10.095000267028809,10.0600004196167,10.095000267028809,4111,0.0,0.0
2024-09-05 15:35:00-04:00,10.050000190734863,10.050000190734863,10.050000190734863,10.050000190734863,274,0.0,0.0
2024-09-05 15:40:00-04:00,10.0649995803833,10.171600341796875,10.050000190734863,10.050000190734863,3470,0.0,0.0
2024-09-05 15:45:00-04:00,10.050000190734863,10.0600004196167,10.010000228881836,10.039999961853027,8275,0.0,0.0
2024-09-05 15:50:00-04:00,10.119999885559082,10.15999984741211,9.979999542236328,9.989999771118164,13886,0.0,0.0
2024-09-05 15:55:00-04:00,9.989999771118164,9.989999771118164,9.6899995803833,9.6899995803833,5861,0.0,0.0
2024-09-06 09:30:00-04:00,10.0,10.390000343322754,10.0,10.282899856567383,7341,0.0,0.0
2024-09-06 09:35:00-04:00,10.149999618530273,10.149999618530273,9.979999542236328,9.979999542236328,2771,0.0,0.0
2024-09-06 09:40:00-04:00,9.869999885559082,9.869999885559082,9.694999694824219,9.699999809265137,7134,0.0,0.0
2024-09-06 09:45:00-04:00,9.720000267028809,9.720000267028809,9.609999656677246,9.699999809265137,1305,0.0,0.0
2024-09-06 09:50:00-04:00,9.84000015258789,10.140000343322754,9.84000015258789,10.140000343322754,1888,0.0,0.0
2024-09-06 09:55:00-04:00,10.262499809265137,10.399999618530273,10.262499809265137,10.390000343322754,1153,0.0,0.0
2024-09-06 10:00:00-04:00,10.314000129699707,10.350000381469727,10.314000129699707,10.34000015258789,1298,0.0,0.0
2024-09-06 10:05:00-04:00,10.244999885559082,10.244999885559082,10.180000305175781,10.180000305175781,1086,0.0,0.0
2024-09-06 10:10:00-04:00,10.25,10.25,10.25,10.25,242,0.0,0.0
2024-09-06 10:15:00-04:00,10.338000297546387,10.34000015258789,10.180999755859375,10.180999755859375,1167,0.0,0.0
2024-09-06 10:25:00-04:00,10.360099792480469,10.479999542236328,10.350000381469727,10.415800094604492,1141,0.0,0.0
2024-09-06 10:30:00-04:00,10.350000381469727,10.350000381469727,10.350000381469727,10.350000381469727,1463,0.0,0.0
2024-09-06 10:45:00-04:00,10.489999771118164,10.829899787902832,10.444999694824219,10.773200035095215,4139,0.0,0.0
2024-09-06 10:50:00-04:00,10.779999732971191,10.779999732971191,10.59000015258789,10.706100463867188,1910,0.0,0.0
2024-09-06 10:55:00-04:00,10.645000457763672,10.645000457763672,10.5,10.5,3782,0.0,0.0
2024-09-06 11:00:00-04:00,10.494999885559082,11.255000114440918,10.494999885559082,11.255000114440918,8289,0.0,0.0
2024-09-06 11:05:00-04:00,11.399999618530273,11.850000381469727,11.390000343322754,11.75100040435791,16338,0.0,0.0
2024-09-06 11:10:00-04:00,11.720000267028809,11.720000267028809,11.119999885559082,11.119999885559082,5219,0.0,0.0
2024-09-06 11:20:00-04:00,11.229999542236328,11.38129997253418,11.160099983215332,11.160099983215332,3093,0.0,0.0
2024-09-06 11:25:00-04:00,11.305000305175781,11.305000305175781,11.109999656677246,11.109999656677246,3276,0.0,0.0
2024-09-06 11:30:00-04:00,10.88010025024414,10.88010025024414,10.88010025024414,10.88010025024414,502,0.0,0.0
2024-09-06 11:35:00-04:00,10.890000343322754,10.890000343322754,10.890000343322754,10.890000343322754,2467,0.0,0.0
2024-09-06 11:40:00-04:00,10.989999771118164,10.989999771118164,10.989999771118164,10.989999771118164,322,0.0,0.0
2024-09-06 11:45:00-04:00,11.149999618530273,11.149999618530273,11.149999618530273,11.149999618530273,360,0.0,0.0
2024-09-06 11:50:00-04:00,11.140000343322754,11.140000343322754,11.140000343322754,11.140000343322754,359,0.0,0.0
2024-09-06 11:55:00-04:00,11.140000343322754,11.140000343322754,11.0,11.0,400,0.0,0.0
2024-09-06 12:00:00-04:00,10.901599884033203,10.901599884033203,10.862000465393066,10.862000465393066,931,0.0,0.0
2024-09-06 12:05:00-04:00,11.079999923706055,11.079999923706055,10.869999885559082,10.984999656677246,419,0.0,0.0
2024-09-06 12:10:00-04:00,11.109999656677246,11.109999656677246,11.109999656677246,11.109999656677246,264,0.0,0.0
2024-09-06 12:15:00-04:00,10.869999885559082,10.960000038146973,10.869999885559082,10.960000038146973,1004,0.0,0.0
2024-09-06 12:40:00-04:00,10.859999656677246,10.859999656677246,10.859999656677246,10.859999656677246,2777,0.0,0.0
2024-09-06 13:00:00-04:00,11.079999923706055,11.079999923706055,11.079999923706055,11.079999923706055,1162,0.0,0.0
2024-09-06 13:05:00-04:00,10.859199523925781,10.859199523925781,10.859199523925781,10.859199523925781,741,0.0,0.0
2024-09-06 13:15:00-04:00,10.829999923706055,10.829999923706055,10.829999923706055,10.829999923706055,545,0.0,0.0
2024-09-06 13:45:00-04:00,10.904999732971191,10.904999732971191,10.904999732971191,10.904999732971191,3070,0.0,0.0
2024-09-06 13:50:00-04:00,10.739999771118164,10.739999771118164,10.739999771118164,10.739999771118164,534,0.0,0.0
2024-09-06 14:10:00-04:00,10.710000038146973,10.739999771118164,10.710000038146973,10.739999771118164,3006,0.0,0.0
2024-09-06 14:20:00-04:00,10.979999542236328,10.988200187683105,10.979999542236328,10.988200187683105,720,0.0,0.0
2024-09-06 14:30:00-04:00,10.989999771118164,10.989999771118164,10.902999877929688,10.92039966583252,1429,0.0,0.0
2024-09-06 14:35:00-04:00,10.979999542236328,10.999899864196777,10.979999542236328,10.999899864196777,1887,0.0,0.0
2024-09-06 14:40:00-04:00,10.90999984741211,10.90999984741211,10.821000099182129,10.821000099182129,1145,0.0,0.0
2024-09-06 14:55:00-04:00,10.90999984741211,10.90999984741211,10.90999984741211,10.90999984741211,707,0.0,0.0
2024-09-06 15:05:00-04:00,10.830100059509277,10.87090015411377,10.829999923706055,10.87090015411377,2187,0.0,0.0
2024-09-06 15:10:00-04:00,10.914999961853027,10.914999961853027,10.914999961853027,10.914999961853027,240,0.0,0.0
2024-09-06 15:15:00-04:00,10.914999961853027,10.960000038146973,10.914999961853027,10.960000038146973,343,0.0,0.0
2024-09-06 15:25:00-04:00,10.829999923706055,10.829999923706055,10.699999809265137,10.789999961853027,1669,0.0,0.0
2024-09-06 15:35:00-04:00,10.734999656677246,10.734999656677246,10.625,10.625,3171,0.0,0.0
2024-09-06 15:40:00-04:00,10.619999885559082,10.619999885559082,10.550000190734863,10.550000190734863,982,0.0,0.0
2024-09-06 15:45:00-04:00,10.689900398254395,10.6899995803833,10.642999649047852,10.642999649047852,3161,0.0,0.0
2024-09-06 15:50:00-04:00,10.630000114440918,10.65999984741211,10.579999923706055,10.65999984741211,1765,0.0,0.0
2024-09-06 15:55:00-04:00,10.5600004196167,10.664999961853027,10.510000228881836,10.510000228881836,1141,0.0,0.0
2024-09-09 09:30:00-04:00,10.520000457763672,10.520000457763672,10.5,10.5,7878,0.0,0.0
2024-09-09 09:35:00-04:00,10.600000381469727,10.600000381469727,10.600000381469727,10.600000381469727,579,0.0,0.0
2024-09-09 09:40:00-04:00,10.600000381469727,10.600000381469727,10.600000381469727,10.600000381469727,402,0.0,0.0
2024-09-09 09:45:00-04:00,10.579999923706055,10.579999923706055,10.579999923706055,10.579999923706055,1112,0.0,0.0
2024-09-09 09:55:00-04:00,10.510000228881836,10.53439998626709,10.510000228881836,10.53439998626709,379,0.0,0.0
2024-09-09 10:00:00-04:00,10.559300422668457,10.559300422668457,10.520000457763672,10.520000457763672,347,0.0,0.0
2024-09-09 10:05:00-04:00,10.621999740600586,10.649999618530273,10.621999740600586,10.649999618530273,2120,0.0,0.0
2024-09-09 10:10:00-04:00,10.794500350952148,10.794500350952148,10.729999542236328,10.729999542236328,751,0.0,0.0
2024-09-09 10:20:00-04:00,10.510000228881836,10.510000228881836,10.510000228881836,10.510000228881836,937,0.0,0.0
2024-09-09 10:25:00-04:00,10.59000015258789,10.59000015258789,10.59000015258789,10.59000015258789,133,0.0,0.0
2024-09-09 10:40:00-04:00,10.664600372314453,10.664600372314453,10.45009994506836,10.45009994506836,430,0.0,0.0
2024-09-09 10:45:00-04:00,10.505000114440918,10.600000381469727,10.505000114440918,10.600000381469727,1708,0.0,0.0
2024-09-09 10:50:00-04:00,10.609299659729004,10.718099594116211,10.524999618530273,10.595000267028809,3535,0.0,0.0
2024-09-09 11:10:00-04:00,10.720000267028809,11.130000114440918,10.720000267028809,10.949999809265137,16208,0.0,0.0
2024-09-09 11:15:00-04:00,11.0,11.15999984741211,10.949999809265137,11.086700439453125,6029,0.0,0.0
2024-09-09 11:20:00-04:00,10.800000190734863,11.116100311279297,10.800000190734863,11.116100311279297,592,0.0,0.0
2024-09-09 11:40:00-04:00,10.84000015258789,11.034600257873535,10.760000228881836,10.999600410461426,2256,0.0,0.0
2024-09-09 11:45:00-04:00,10.760000228881836,10.760000228881836,10.760000228881836,10.760000228881836,139,0.0,0.0
2024-09-09 11:50:00-04:00,10.811300277709961,10.811300277709961,10.75,10.75,385,0.0,0.0
2024-09-09 11:55:00-04:00,10.779999732971191,10.779999732971191,10.779999732971191,10.779999732971191,936,0.0,0.0
2024-09-09 12:40:00-04:00,10.805000305175781,10.805000305175781,10.805000305175781,10.805000305175781,242,0.0,0.0
2024-09-09 12:50:00-04:00,10.814499855041504,10.819999694824219,10.609999656677246,10.609999656677246,1919,0.0,0.0
2024-09-09 12:55:00-04:00,10.449799537658691,10.449799537658691,10.449799537658691,10.449799537658691,448,0.0,0.0
2024-09-09 13:00:00-04:00,10.449999809265137,10.481399536132812,10.449999809265137,10.481399536132812,514,0.0,0.0
2024-09-09 13:05:00-04:00,10.4399995803833,10.4399995803833,10.399999618530273,10.420000076293945,1138,0.0,0.0
2024-09-09 13:15:00-04:00,10.329999923706055,10.425000190734863,10.3100004196167,10.380000114440918,1469,0.0,0.0
2024-09-09 13:20:00-04:00,10.375,10.375,10.375,10.375,426,0.0,0.0
2024-09-09 13:40:00-04:00,10.22700023651123,10.375,10.211999893188477,10.211999893188477,853,0.0,0.0
2024-09-09 13:45:00-04:00,10.329999923706055,10.329999923706055,10.199999809265137,10.199999809265137,4518,0.0,0.0
2024-09-09 14:00:00-04:00,10.15999984741211,10.15999984741211,10.15999984741211,10.15999984741211,184,0.0,0.0
2024-09-09 14:10:00-04:00,10.030099868774414,10.030099868774414,10.030099868774414,10.030099868774414,162,0.0,0.0
2024-09-09 14:15:00-04:00,10.175000190734863,10.180000305175781,10.029999732971191,10.130000114440918,3861,0.0,0.0
2024-09-09 14:25:00-04:00,10.073399543762207,10.073399543762207,10.073399543762207,10.073399543762207,963,0.0,0.0
2024-09-09 14:30:00-04:00,10.135000228881836,10.135000228881836,10.135000228881836,10.135000228881836,241,0.0,0.0
2024-09-09 14:35:00-04:00,10.020000457763672,10.045000076293945,10.020000457763672,10.045000076293945,1207,0.0,0.0
2024-09-09 14:40:00-04:00,10.039999961853027,10.239999771118164,10.039999961853027,10.239999771118164,800,0.0,0.0
2024-09-09 14:45:00-04:00,10.125,10.125,10.125,10.125,188,0.0,0.0
2024-09-09 14:50:00-04:00,10.145099639892578,10.145099639892578,10.145099639892578,10.145099639892578,162,0.0,0.0
2024-09-09 14:55:00-04:00,10.022000312805176,10.022000312805176,9.899999618530273,9.954999923706055,8747,0.0,0.0
2024-09-09 15:10:00-04:00,9.869999885559082,9.869999885559082,9.770000457763672,9.770000457763672,2367,0.0,0.0
2024-09-09 15:25:00-04:00,9.869999885559082,9.903200149536133,9.869999885559082,9.89799976348877,815,0.0,0.0
2024-09-09 15:35:00-04:00,9.869999885559082,9.869999885559082,9.835000038146973,9.835000038146973,1252,0.0,0.0
2024-09-09 15:40:00-04:00,9.824999809265137,10.050000190734863,9.824999809265137,10.050000190734863,4363,0.0,0.0
2024-09-09 15:45:00-04:00,10.170000076293945,10.380000114440918,10.170000076293945,10.380000114440918,2545,0.0,0.0
2024-09-09 15:50:00-04:00,10.380000114440918,10.630000114440918,10.170000076293945,10.630000114440918,1306,0.0,0.0
2024-09-09 15:55:00-04:00,10.640000343322754,10.90999984741211,10.46500015258789,10.882699966430664,7645,0.0,0.0
2024-09-10 09:30:00-04:00,10.489999771118164,10.489999771118164,10.489999771118164,10.489999771118164,1364,0.0,0.0
2024-09-10 09:40:00-04:00,10.649999618530273,10.649999618530273,10.649999618530273,10.649999618530273,204,0.0,0.0
2024-09-10 09:45:00-04:00,10.657400131225586,10.657400131225586,10.657400131225586,10.657400131225586,300,0.0,0.0
2024-09-10 09:50:00-04:00,10.630000114440918,10.869999885559082,10.630000114440918,10.850000381469727,7006,0.0,0.0
2024-09-10 09:55:00-04:00,10.850000381469727,10.850000381469727,10.850000381469727,10.850000381469727,185,0.0,0.0
2024-09-10 10:00:00-04:00,10.850000381469727,10.850000381469727,10.850000381469727,10.850000381469727,365,0.0,0.0
2024-09-10 10:05:00-04:00,10.75,10.829999923706055,10.739999771118164,10.739999771118164,687,0.0,0.0
2024-09-10 10:10:00-04:00,10.90999984741211,10.90999984741211,10.90999984741211,10.90999984741211,173,0.0,0.0
2024-09-10 10:15:00-04:00,10.739999771118164,10.739999771118164,10.62600040435791,10.62600040435791,911,0.0,0.0
2024-09-10 10:20:00-04:00,10.699999809265137,10.699999809265137,10.699999809265137,10.699999809265137,1376,0.0,0.0
2024-09-10 10:35:00-04:00,10.6899995803833,10.8100004196167,10.649999618530273,10.8100004196167,2212,0.0,0.0
2024-09-10 10:40:00-04:00,10.8100004196167,10.8100004196167,10.8100004196167,10.8100004196167,489,0.0,0.0
2024-09-10 10:45:00-04:00,10.78499984741211,10.78499984741211,10.699999809265137,10.710000038146973,2437,0.0,0.0
2024-09-10 10:50:00-04:00,10.859999656677246,10.859999656677246,10.859999656677246,10.859999656677246,1203,0.0,0.0
2024-09-10 11:05:00-04:00,10.75,10.75,10.75,10.75,848,0.0,0.0
2024-09-10 11:25:00-04:00,10.770000457763672,10.770000457763672,10.760000228881836,10.760000228881836,300,0.0,0.0
2024-09-10 11:30:00-04:00,10.859999656677246,10.859999656677246,10.859999656677246,10.859999656677246,0,0.0,0.0
2024-09-10 11:40:00-04:00,10.949999809265137,11.0,10.949999809265137,11.0,22734,0.0,0.0
2024-09-10 11:45:00-04:00,11.050000190734863,11.050000190734863,10.989999771118164,10.989999771118164,661,0.0,0.0
2024-09-10 11:55:00-04:00,10.920000076293945,10.920000076293945,10.920000076293945,10.920000076293945,309,0.0,0.0
2024-09-10 12:15:00-04:00,10.9399995803833,10.9399995803833,10.9399995803833,10.9399995803833,2206,0.0,0.0
2024-09-10 12:20:00-04:00,10.954999923706055,10.954999923706055,10.954999923706055,10.954999923706055,379,0.0,0.0
2024-09-10 12:30:00-04:00,10.90999984741211,10.994999885559082,10.90999984741211,10.994999885559082,686,0.0,0.0
2024-09-10 12:35:00-04:00,10.899999618530273,10.901399612426758,10.899999618530273,10.901399612426758,861,0.0,0.0
2024-09-10 13:15:00-04:00,10.859999656677246,10.859999656677246,10.850000381469727,10.850000381469727,270,0.0,0.0
2024-09-10 13:20:00-04:00,11.069999694824219,11.069999694824219,10.899999618530273,10.899999618530273,2227,0.0,0.0
2024-09-10 13:35:00-04:00,10.850000381469727,10.899999618530273,10.850000381469727,10.850000381469727,720,0.0,0.0
2024-09-10 13:45:00-04:00,10.85949993133545,10.85949993133545,10.85949993133545,10.85949993133545,940,0.0,0.0
2024-09-10 13:50:00-04:00,10.897100448608398,10.944999694824219,10.897100448608398,10.944999694824219,631,0.0,0.0
2024-09-10 13:55:00-04:00,10.850000381469727,10.850000381469727,10.850000381469727,10.850000381469727,837,0.0,0.0
2024-09-10 14:35:00-04:00,11.0,11.050000190734863,10.880000114440918,11.050000190734863,1135,0.0,0.0
2024-09-10 14:45:00-04:00,10.869999885559082,10.869999885559082,10.869999885559082,10.869999885559082,283,0.0,0.0
2024-09-10 15:10:00-04:00,10.890000343322754,10.90999984741211,10.890000343322754,10.90999984741211,946,0.0,0.0
2024-09-10 15:15:00-04:00,11.039999961853027,11.039999961853027,10.970000267028809,10.970000267028809,2487,0.0,0.0
2024-09-10 15:30:00-04:00,10.949999809265137,10.949999809265137,10.949999809265137,10.949999809265137,147,0.0,0.0
2024-09-10 15:35:00-04:00,10.9350004196167,10.970000267028809,10.9350004196167,10.970000267028809,832,0.0,0.0
2024-09-10 15:40:00-04:00,10.975000381469727,10.975000381469727,10.975000381469727,10.975000381469727,572,0.0,0.0
2024-09-10 15:45:00-04:00,11.050000190734863,11.050000190734863,11.050000190734863,11.050000190734863,2110,0.0,0.0
2024-09-10 15:55:00-04:00,10.949999809265137,11.050000190734863,10.904999732971191,10.920000076293945,5923,0.0,0.0
2024-09-11 09:30:00-04:00,11.0,11.374500274658203,11.0,11.164999961853027,1263,0.0,0.0
2024-09-11 09:35:00-04:00,11.114999771118164,11.114999771118164,11.114999771118164,11.114999771118164,484,0.0,0.0
2024-09-11 09:40:00-04:00,11.239999771118164,11.239999771118164,11.239999771118164,11.239999771118164,578,0.0,0.0
2024-09-11 09:45:00-04:00,11.239999771118164,11.239999771118164,11.239999771118164,11.239999771118164,200,0.0,0.0
2024-09-11 09:50:00-04:00,11.204999923706055,12.228500366210938,11.204999923706055,11.960000038146973,10105,0.0,0.0
2024-09-11 09:55:00-04:00,11.928999900817871,11.960000038146973,11.811800003051758,11.811800003051758,1944,0.0,0.0
2024-09-11 10:00:00-04:00,11.90149974822998,11.90149974822998,11.835000038146973,11.835000038146973,265,0.0,0.0
2024-09-11 10:05:00-04:00,11.84000015258789,11.90999984741211,11.84000015258789,11.90999984741211,945,0.0,0.0
2024-09-11 10:15:00-04:00,11.670000076293945,11.670000076293945,11.670000076293945,11.670000076293945,882,0.0,0.0
2024-09-11 10:40:00-04:00,11.517800331115723,11.625,11.46500015258789,11.46500015258789,719,0.0,0.0
2024-09-11 10:45:00-04:00,11.430000305175781,11.430000305175781,11.430000305175781,11.430000305175781,438,0.0,0.0
2024-09-11 10:55:00-04:00,11.387499809265137,11.420000076293945,11.387499809265137,11.420000076293945,552,0.0,0.0
2024-09-11 11:00:00-04:00,11.329999923706055,11.5,11.329999923706055,11.5,1085,0.0,0.0
2024-09-11 11:05:00-04:00,11.504599571228027,11.504599571228027,11.504599571228027,11.504599571228027,587,0.0,0.0
2024-09-11 11:10:00-04:00,11.510000228881836,11.739999771118164,11.510000228881836,11.739999771118164,3126,0.0,0.0
2024-09-11 11:15:00-04:00,11.699999809265137,11.699999809265137,11.699999809265137,11.699999809265137,532,0.0,0.0
2024-09-11 11:20:00-04:00,11.6899995803833,11.6899995803833,11.6899995803833,11.6899995803833,263,0.0,0.0
2024-09-11 11:30:00-04:00,11.619999885559082,11.619999885559082,11.619999885559082,11.619999885559082,943,0.0,0.0
2024-09-11 11:55:00-04:00,11.789999961853027,11.789999961853027,11.789999961853027,11.789999961853027,422,0.0,0.0
2024-09-11 12:05:00-04:00,11.869999885559082,11.875,11.850000381469727,11.850000381469727,2534,0.0,0.0
2024-09-11 12:10:00-04:00,11.850000381469727,11.885000228881836,11.850000381469727,11.885000228881836,537,0.0,0.0
2024-09-11 12:20:00-04:00,11.8100004196167,11.8100004196167,11.779999732971191,11.779999732971191,1257,0.0,0.0
2024-09-11 12:55:00-04:00,11.930000305175781,12.0,11.880000114440918,11.880000114440918,5338,0.0,0.0
2024-09-11 13:00:00-04:00,12.049500465393066,12.180000305175781,12.049500465393066,12.180000305175781,5587,0.0,0.0
2024-09-11 13:05:00-04:00,12.178899765014648,12.178899765014648,12.178899765014648,12.178899765014648,1316,0.0,0.0
2024-09-11 13:20:00-04:00,12.130000114440918,12.130000114440918,12.130000114440918,12.130000114440918,234,0.0,0.0
2024-09-11 13:30:00-04:00,12.08899974822998,12.25,12.08899974822998,12.25,2272,0.0,0.0
2024-09-11 13:35:00-04:00,12.5,12.5,12.46500015258789,12.46500015258789,1262,0.0,0.0
2024-09-11 13:40:00-04:00,12.479999542236328,12.484999656677246,12.470000267028809,12.484999656677246,1070,0.0,0.0
2024-09-11 13:45:00-04:00,12.454999923706055,12.454999923706055,12.454999923706055,12.454999923706055,1415,0.0,0.0
2024-09-11 13:50:00-04:00,12.454999923706055,12.454999923706055,12.454999923706055,12.454999923706055,142,0.0,0.0
2024-09-11 13:55:00-04:00,12.454999923706055,12.454999923706055,12.319999694824219,12.454999923706055,1246,0.0,0.0
2024-09-11 14:10:00-04:00,12.5,12.619999885559082,12.5,12.600000381469727,2441,0.0,0.0
2024-09-11 14:15:00-04:00,12.670000076293945,12.699999809265137,12.670000076293945,12.699999809265137,871,0.0,0.0
2024-09-11 14:20:00-04:00,12.699999809265137,12.699999809265137,12.680000305175781,12.699999809265137,1676,0.0,0.0
2024-09-11 14:25:00-04:00,12.65999984741211,12.65999984741211,12.65999984741211,12.65999984741211,537,0.0,0.0
2024-09-11 14:30:00-04:00,12.800000190734863,12.800000190734863,12.800000190734863,12.800000190734863,1363,0.0,0.0
2024-09-11 14:35:00-04:00,12.850000381469727,12.850000381469727,12.689000129699707,12.689000129699707,653,0.0,0.0
2024-09-11 14:40:00-04:00,12.9399995803833,12.968500137329102,12.805000305175781,12.805000305175781,2613,0.0,0.0
2024-09-11 14:45:00-04:00,12.899999618530273,13.199000358581543,12.899999618530273,13.100000381469727,5317,0.0,0.0
2024-09-11 14:50:00-04:00,13.086000442504883,13.25,12.971699714660645,13.1899995803833,4043,0.0,0.0
2024-09-11 14:55:00-04:00,13.220000267028809,14.5600004196167,13.170000076293945,14.010000228881836,12524,0.0,0.0
2024-09-11 15:00:00-04:00,13.87600040435791,14.130000114440918,13.619999885559082,13.819999694824219,3628,0.0,0.0
2024-09-11 15:05:00-04:00,13.670000076293945,13.999899864196777,13.670000076293945,13.859999656677246,6739,0.0,0.0
2024-09-11 15:10:00-04:00,13.824999809265137,13.979999542236328,13.670000076293945,13.850000381469727,2811,0.0,0.0
2024-09-11 15:15:00-04:00,13.6899995803833,13.760000228881836,13.619999885559082,13.66189956665039,4196,0.0,0.0
2024-09-11 15:20:00-04:00,13.654600143432617,13.87279987335205,13.654600143432617,13.87279987335205,0,0.0,0.0
2024-09-11 15:25:00-04:00,13.755000114440918,13.755000114440918,13.600000381469727,13.600000381469727,2474,0.0,0.0
2024-09-11 15:30:00-04:00,13.720000267028809,13.739999771118164,13.640000343322754,13.739999771118164,1885,0.0,0.0
2024-09-11 15:35:00-04:00,13.899999618530273,13.899999618530273,13.899999618530273,13.899999618530273,1648,0.0,0.0
2024-09-11 15:40:00-04:00,13.930000305175781,13.930000305175781,13.800000190734863,13.826000213623047,4730,0.0,0.0
2024-09-11 15:45:00-04:00,13.759200096130371,13.759200096130371,13.65999984741211,13.65999984741211,3006,0.0,0.0
2024-09-11 15:50:00-04:00,13.800000190734863,13.9399995803833,13.800000190734863,13.9399995803833,1651,0.0,0.0
2024-09-11 15:55:00-04:00,13.8100004196167,13.949999809265137,13.630000114440918,13.930000305175781,6054,0.0,0.0
2024-09-12 09:30:00-04:00,13.789999961853027,14.025199890136719,13.789999961853027,13.902299880981445,2755,0.0,0.0
2024-09-12 09:35:00-04:00,14.145000457763672,14.145000457763672,13.880000114440918,13.880000114440918,3182,0.0,0.0
2024-09-12 09:40:00-04:00,14.0,14.203800201416016,14.0,14.203800201416016,1133,0.0,0.0
2024-09-12 09:45:00-04:00,13.880000114440918,13.880000114440918,13.779999732971191,13.779999732971191,2765,0.0,0.0
2024-09-12 09:50:00-04:00,13.720000267028809,13.859999656677246,13.6899995803833,13.6899995803833,1475,0.0,0.0
2024-09-12 09:55:00-04:00,13.729999542236328,13.729999542236328,13.729999542236328,13.729999542236328,361,0.0,0.0
2024-09-12 10:00:00-04:00,13.729999542236328,13.82040023803711,13.729999542236328,13.729999542236328,554,0.0,0.0
2024-09-12 10:05:00-04:00,13.729999542236328,13.729999542236328,13.468199729919434,13.510000228881836,7358,0.0,0.0
2024-09-12 10:10:00-04:00,13.510000228881836,13.510000228881836,13.199999809265137,13.199999809265137,6949,0.0,0.0
2024-09-12 10:15:00-04:00,13.0600004196167,13.0600004196167,13.0600004196167,13.0600004196167,334,0.0,0.0
2024-09-12 10:20:00-04:00,13.170000076293945,13.300000190734863,12.979999542236328,12.979999542236328,1064,0.0,0.0
2024-09-12 10:25:00-04:00,13.149999618530273,13.149999618530273,12.960000038146973,12.960000038146973,2055,0.0,0.0
2024-09-12 10:30:00-04:00,13.149999618530273,13.149999618530273,13.149999618530273,13.149999618530273,520,0.0,0.0
2024-09-12 10:45:00-04:00,13.069999694824219,13.1806001663208,13.069999694824219,13.09000015258789,664,0.0,0.0
2024-09-12 10:50:00-04:00,13.145000457763672,13.145000457763672,12.850000381469727,12.850000381469727,2152,0.0,0.0
2024-09-12 10:55:00-04:00,13.020000457763672,13.020000457763672,12.949999809265137,12.949999809265137,2296,0.0,0.0
2024-09-12 11:00:00-04:00,13.050000190734863,13.050000190734863,12.949999809265137,12.949999809265137,593,0.0,0.0
2024-09-12 11:05:00-04:00,12.949999809265137,12.949999809265137,12.949999809265137,12.949999809265137,294,0.0,0.0
2024-09-12 11:15:00-04:00,13.093700408935547,13.093700408935547,12.949999809265137,12.949999809265137,3724,0.0,0.0
2024-09-12 11:40:00-04:00,12.75,12.75,12.75,12.75,105,0.0,0.0
2024-09-12 11:45:00-04:00,12.949999809265137,12.949999809265137,12.949999809265137,12.949999809265137,526,0.0,0.0
2024-09-12 12:00:00-04:00,12.729999542236328,12.729999542236328,12.720000267028809,12.729999542236328,367,0.0,0.0
2024-09-12 12:05:00-04:00,12.918999671936035,12.920000076293945,12.918999671936035,12.920000076293945,2327,0.0,0.0
2024-09-12 12:10:00-04:00,13.109999656677246,13.109999656677246,13.109999656677246,13.109999656677246,196,0.0,0.0
2024-09-12 12:15:00-04:00,13.050000190734863,13.050000190734863,13.050000190734863,13.050000190734863,102,0.0,0.0
2024-09-12 12:20:00-04:00,13.0,13.0,13.0,13.0,664,0.0,0.0
2024-09-12 12:30:00-04:00,12.998000144958496,13.100000381469727,12.998000144958496,13.09000015258789,937,0.0,0.0
2024-09-12 12:35:00-04:00,13.109999656677246,13.3100004196167,13.109999656677246,13.3100004196167,1536,0.0,0.0
2024-09-12 12:50:00-04:00,13.100000381469727,13.100000381469727,13.100000381469727,13.100000381469727,984,0.0,0.0
2024-09-12 13:15:00-04:00,13.329999923706055,13.329999923706055,13.239999771118164,13.239999771118164,1099,0.0,0.0
2024-09-12 13:20:00-04:00,13.329999923706055,13.329999923706055,13.329999923706055,13.329999923706055,612,0.0,0.0
2024-09-12 13:30:00-04:00,13.329999923706055,13.350000381469727,13.270000457763672,13.270000457763672,1297,0.0,0.0
2024-09-12 13:45:00-04:00,13.279999732971191,13.279999732971191,13.279999732971191,13.279999732971191,314,0.0,0.0
2024-09-12 14:00:00-04:00,13.3100004196167,13.3100004196167,13.3100004196167,13.3100004196167,957,0.0,0.0
2024-09-12 14:10:00-04:00,13.489999771118164,13.489999771118164,13.34000015258789,13.489999771118164,661,0.0,0.0
2024-09-12 14:15:00-04:00,13.289999961853027,13.289999961853027,13.270000457763672,13.289999961853027,535,0.0,0.0
2024-09-12 14:20:00-04:00,13.25,13.25,13.239999771118164,13.239999771118164,369,0.0,0.0
2024-09-12 14:35:00-04:00,13.28950023651123,13.28950023651123,13.28950023651123,13.28950023651123,347,0.0,0.0
2024-09-12 14:40:00-04:00,13.239999771118164,13.239999771118164,13.239999771118164,13.239999771118164,487,0.0,0.0
2024-09-12 14:45:00-04:00,13.25,13.25,13.25,13.25,359,0.0,0.0
2024-09-12 14:50:00-04:00,13.220000267028809,13.220000267028809,13.220000267028809,13.220000267028809,524,0.0,0.0
2024-09-12 15:00:00-04:00,13.100000381469727,13.100000381469727,13.100000381469727,13.100000381469727,1382,0.0,0.0
2024-09-12 15:30:00-04:00,13.215299606323242,13.300000190734863,13.199999809265137,13.199999809265137,805,0.0,0.0
2024-09-12 15:40:00-04:00,13.380000114440918,13.380000114440918,13.380000114440918,13.380000114440918,252,0.0,0.0
2024-09-12 15:45:00-04:00,13.399999618530273,13.399999618530273,13.399999618530273,13.399999618530273,930,0.0,0.0
2024-09-12 15:50:00-04:00,13.140000343322754,13.140000343322754,13.140000343322754,13.140000343322754,825,0.0,0.0
2024-09-12 15:55:00-04:00,13.079999923706055,13.229999542236328,13.069999694824219,13.130000114440918,1841,0.0,0.0
2024-09-13 09:30:00-04:00,13.390000343322754,13.390000343322754,13.390000343322754,13.390000343322754,582,0.0,0.0
2024-09-13 09:35:00-04:00,13.029999732971191,13.029999732971191,13.029999732971191,13.029999732971191,5524,0.0,0.0
2024-09-13 09:50:00-04:00,13.029999732971191,13.029999732971191,13.029999732971191,13.029999732971191,156,0.0,0.0
2024-09-13 09:55:00-04:00,13.396400451660156,13.396400451660156,13.359999656677246,13.380000114440918,569,0.0,0.0
2024-09-13 10:10:00-04:00,13.050000190734863,13.050000190734863,13.050000190734863,13.050000190734863,767,0.0,0.0
2024-09-13 10:20:00-04:00,13.074999809265137,13.074999809265137,13.074999809265137,13.074999809265137,177,0.0,0.0
2024-09-13 10:25:00-04:00,13.175800323486328,13.175800323486328,13.175800323486328,13.175800323486328,406,0.0,0.0
2024-09-13 10:30:00-04:00,13.074999809265137,13.074999809265137,13.074999809265137,13.074999809265137,297,0.0,0.0
2024-09-13 10:45:00-04:00,12.949999809265137,12.949999809265137,12.760000228881836,12.760000228881836,1674,0.0,0.0
2024-09-13 10:55:00-04:00,12.680000305175781,12.680000305175781,12.680000305175781,12.680000305175781,731,0.0,0.0
2024-09-13 11:00:00-04:00,12.600000381469727,12.600000381469727,12.600000381469727,12.600000381469727,2195,0.0,0.0
2024-09-13 11:15:00-04:00,12.489999771118164,12.588000297546387,12.489999771118164,12.588000297546387,759,0.0,0.0
2024-09-13 11:25:00-04:00,12.399999618530273,12.399999618530273,12.399999618530273,12.399999618530273,885,0.0,0.0
2024-09-13 11:50:00-04:00,12.350000381469727,12.350000381469727,12.350000381469727,12.350000381469727,332,0.0,0.0
2024-09-13 11:55:00-04:00,12.3100004196167,12.3100004196167,12.300000190734863,12.300000190734863,1058,0.0,0.0
2024-09-13 12:20:00-04:00,12.000100135803223,12.000100135803223,12.0,12.0,551,0.0,0.0
2024-09-13 12:25:00-04:00,12.100000381469727,12.100000381469727,12.100000381469727,12.100000381469727,1861,0.0,0.0
2024-09-13 12:30:00-04:00,12.0,12.015000343322754,12.0,12.015000343322754,1784,0.0,0.0
2024-09-13 12:35:00-04:00,11.949999809265137,12.0,11.949999809265137,12.0,1178,0.0,0.0
2024-09-13 12:40:00-04:00,11.944999694824219,11.944999694824219,11.899999618530273,11.899999618530273,736,0.0,0.0
2024-09-13 12:50:00-04:00,11.90999984741211,11.90999984741211,11.90999984741211,11.90999984741211,391,0.0,0.0
2024-09-13 12:55:00-04:00,11.954999923706055,11.957900047302246,11.954999923706055,11.954999923706055,1006,0.0,0.0
2024-09-13 13:00:00-04:00,11.954999923706055,11.954999923706055,11.954999923706055,11.954999923706055,114,0.0,0.0
2024-09-13 13:05:00-04:00,12.010000228881836,12.010000228881836,12.010000228881836,12.010000228881836,2779,0.0,0.0
2024-09-13 13:40:00-04:00,12.15999984741211,12.15999984741211,12.15999984741211,12.15999984741211,365,0.0,0.0
2024-09-13 14:00:00-04:00,12.25,12.25,12.25,12.25,1197,0.0,0.0
2024-09-13 14:10:00-04:00,12.204999923706055,12.204999923706055,12.204999923706055,12.204999923706055,805,0.0,0.0
2024-09-13 14:20:00-04:00,12.204999923706055,12.204999923706055,12.204999923706055,12.204999923706055,661,0.0,0.0
2024-09-13 14:35:00-04:00,12.170000076293945,12.170000076293945,12.170000076293945,12.170000076293945,1707,0.0,0.0
2024-09-13 14:50:00-04:00,12.180000305175781,12.180000305175781,12.180000305175781,12.180000305175781,608,0.0,0.0
2024-09-13 15:00:00-04:00,12.109999656677246,12.109999656677246,12.109999656677246,12.109999656677246,103,0.0,0.0
2024-09-13 15:05:00-04:00,12.199999809265137,12.199999809265137,12.199999809265137,12.199999809265137,1284,0.0,0.0
2024-09-13 15:20:00-04:00,12.130000114440918,12.131699562072754,12.130000114440918,12.131699562072754,422,0.0,0.0
2024-09-13 15:30:00-04:00,12.199999809265137,12.28499984741211,12.199999809265137,12.28499984741211,5521,0.0,0.0
2024-09-13 15:40:00-04:00,12.390000343322754,12.390000343322754,12.390000343322754,12.390000343322754,134,0.0,0.0
2024-09-13 15:45:00-04:00,12.390000343322754,12.390000343322754,12.390000343322754,12.390000343322754,101,0.0,0.0
2024-09-13 15:50:00-04:00,12.300000190734863,12.460000038146973,12.300000190734863,12.460000038146973,1606,0.0,0.0
2024-09-13 15:55:00-04:00,12.460000038146973,12.579999923706055,12.460000038146973,12.579999923706055,6315,0.0,0.0
2024-09-16 09:30:00-04:00,12.489999771118164,12.65999984741211,12.489999771118164,12.65999984741211,2084,0.0,0.0
2024-09-16 09:35:00-04:00,12.880000114440918,12.880000114440918,12.850000381469727,12.850000381469727,614,0.0,0.0
2024-09-16 09:40:00-04:00,12.927399635314941,12.927399635314941,12.927399635314941,12.927399635314941,2171,0.0,0.0
2024-09-16 09:50:00-04:00,12.864999771118164,12.864999771118164,12.864999771118164,12.864999771118164,298,0.0,0.0
2024-09-16 10:05:00-04:00,12.864999771118164,12.864999771118164,12.864999771118164,12.864999771118164,267,0.0,0.0
2024-09-16 10:15:00-04:00,12.864999771118164,12.864999771118164,12.864999771118164,12.864999771118164,504,0.0,0.0
2024-09-16 10:35:00-04:00,12.611100196838379,12.611100196838379,12.611100196838379,12.611100196838379,2427,0.0,0.0
2024-09-16 10:45:00-04:00,12.529999732971191,12.529999732971191,12.529999732971191,12.529999732971191,236,0.0,0.0
2024-09-16 11:10:00-04:00,12.612000465393066,12.614999771118164,12.612000465393066,12.614999771118164,2015,0.0,0.0
2024-09-16 11:25:00-04:00,12.479999542236328,12.479999542236328,12.479999542236328,12.479999542236328,340,0.0,0.0
2024-09-16 11:35:00-04:00,12.385000228881836,12.385000228881836,12.385000228881836,12.385000228881836,458,0.0,0.0
2024-09-16 11:50:00-04:00,12.479999542236328,12.479999542236328,12.479999542236328,12.479999542236328,107,0.0,0.0
2024-09-16 11:55:00-04:00,12.279999732971191,12.279999732971191,12.279999732971191,12.279999732971191,205,0.0,0.0
2024-09-16 12:00:00-04:00,12.369999885559082,12.369999885559082,12.369999885559082,12.369999885559082,214,0.0,0.0
2024-09-16 12:15:00-04:00,12.279999732971191,12.279999732971191,12.279999732971191,12.279999732971191,319,0.0,0.0
2024-09-16 12:30:00-04:00,12.279999732971191,12.279999732971191,12.279999732971191,12.279999732971191,764,0.0,0.0
2024-09-16 13:15:00-04:00,12.180000305175781,12.1899995803833,12.180000305175781,12.1899995803833,248,0.0,0.0
2024-09-16 13:20:00-04:00,12.180000305175781,12.180000305175781,12.180000305175781,12.180000305175781,279,0.0,0.0
2024-09-16 13:40:00-04:00,12.100000381469727,12.100000381469727,12.100000381469727,12.100000381469727,661,0.0,0.0
2024-09-16 14:00:00-04:00,12.029999732971191,12.029999732971191,12.029999732971191,12.029999732971191,121,0.0,0.0
2024-09-16 14:05:00-04:00,12.113900184631348,12.113900184631348,12.113900184631348,12.113900184631348,3086,0.0,0.0
2024-09-16 14:15:00-04:00,12.15999984741211,12.15999984741211,12.15999984741211,12.15999984741211,648,0.0,0.0
2024-09-16 14:20:00-04:00,12.449999809265137,12.499899864196777,12.449999809265137,12.499899864196777,224,0.0,0.0
2024-09-16 14:25:00-04:00,12.480999946594238,12.480999946594238,12.480999946594238,12.480999946594238,105,0.0,0.0
2024-09-16 14:30:00-04:00,12.140000343322754,12.489999771118164,12.140000343322754,12.489999771118164,374,0.0,0.0
2024-09-16 14:45:00-04:00,12.479999542236328,12.479999542236328,12.479999542236328,12.479999542236328,232,0.0,0.0
2024-09-16 14:50:00-04:00,12.4399995803833,12.4399995803833,12.4399995803833,12.4399995803833,282,0.0,0.0
2024-09-16 15:00:00-04:00,12.167099952697754,12.167099952697754,12.167099952697754,12.167099952697754,411,0.0,0.0
2024-09-16 15:05:00-04:00,12.470000267028809,12.470000267028809,12.470000267028809,12.470000267028809,521,0.0,0.0
2024-09-16 15:25:00-04:00,12.5,12.5,12.5,12.5,454,0.0,0.0
2024-09-16 15:30:00-04:00,12.829999923706055,12.829999923706055,12.829999923706055,12.829999923706055,101,0.0,0.0
2024-09-16 15:35:00-04:00,12.59000015258789,12.59000015258789,12.59000015258789,12.59000015258789,172,0.0,0.0
2024-09-16 15:45:00-04:00,12.600000381469727,12.600000381469727,12.600000381469727,12.600000381469727,315,0.0,0.0
2024-09-16 15:50:00-04:00,12.729999542236328,12.729999542236328,12.600000381469727,12.619999885559082,650,0.0,0.0
2024-09-16 15:55:00-04:00,12.590100288391113,12.670000076293945,12.545000076293945,12.545000076293945,1677,0.0,0.0
2024-09-17 09:45:00-04:00,12.65999984741211,12.69890022277832,12.65999984741211,12.69890022277832,915,0.0,0.0
2024-09-17 10:00:00-04:00,12.600000381469727,12.600000381469727,12.600000381469727,12.600000381469727,121,0.0,0.0
2024-09-17 10:10:00-04:00,12.600099563598633,12.600099563598633,12.600099563598633,12.600099563598633,213,0.0,0.0
2024-09-17 10:25:00-04:00,12.6181001663208,12.6181001663208,12.6181001663208,12.6181001663208,483,0.0,0.0
2024-09-17 10:50:00-04:00,12.699999809265137,12.699999809265137,12.699999809265137,12.699999809265137,418,0.0,0.0
2024-09-17 11:05:00-04:00,12.789999961853027,12.789999961853027,12.789999961853027,12.789999961853027,1451,0.0,0.0
2024-09-17 11:45:00-04:00,12.699999809265137,12.699999809265137,12.630000114440918,12.630000114440918,433,0.0,0.0
2024-09-17 11:50:00-04:00,12.625,12.625,12.625,12.625,336,0.0,0.0
2024-09-17 11:55:00-04:00,12.68019962310791,12.68019962310791,12.68019962310791,12.68019962310791,1603,0.0,0.0
2024-09-17 13:25:00-04:00,12.63659954071045,12.63659954071045,12.63659954071045,12.63659954071045,663,0.0,0.0
2024-09-17 15:10:00-04:00,12.460000038146973,12.460000038146973,12.460000038146973,12.460000038146973,857,0.0,0.0
2024-09-17 15:40:00-04:00,12.5600004196167,12.5600004196167,12.5600004196167,12.5600004196167,807,0.0,0.0
2024-09-17 15:55:00-04:00,12.614999771118164,12.880000114440918,12.614999771118164,12.880000114440918,5743,0.0,0.0
2024-09-18 09:30:00-04:00,12.5,12.630000114440918,12.270000457763672,12.630000114440918,4305,0.0,0.0
2024-09-18 09:40:00-04:00,12.270000457763672,12.279999732971191,12.270000457763672,12.270000457763672,574,0.0,0.0
2024-09-18 09:45:00-04:00,12.329999923706055,12.329999923706055,12.329999923706055,12.329999923706055,105,0.0,0.0
2024-09-18 09:50:00-04:00,12.655599594116211,12.938699722290039,12.655599594116211,12.938699722290039,681,0.0,0.0
2024-09-18 09:55:00-04:00,12.939499855041504,12.939499855041504,12.939499855041504,12.939499855041504,3551,0.0,0.0
2024-09-18 13:05:00-04:00,12.515000343322754,12.515000343322754,12.515000343322754,12.515000343322754,472,0.0,0.0
2024-09-18 13:35:00-04:00,12.140000343322754,12.295000076293945,12.130000114440918,12.279999732971191,3877,0.0,0.0
2024-09-18 14:30:00-04:00,12.5,12.5600004196167,12.5,12.5600004196167,379,0.0,0.0
2024-09-18 14:40:00-04:00,12.600000381469727,12.710000038146973,12.600000381469727,12.710000038146973,325,0.0,0.0
2024-09-18 14:45:00-04:00,12.710000038146973,12.710000038146973,12.710000038146973,12.710000038146973,302,0.0,0.0
2024-09-18 14:55:00-04:00,12.5649995803833,12.5649995803833,12.449999809265137,12.5,633,0.0,0.0
2024-09-18 15:10:00-04:00,12.210100173950195,12.210100173950195,12.210100173950195,12.210100173950195,635,0.0,0.0
2024-09-18 15:30:00-04:00,12.600000381469727,12.600000381469727,12.600000381469727,12.600000381469727,204,0.0,0.0
2024-09-18 15:35:00-04:00,12.670599937438965,12.670599937438965,12.670599937438965,12.670599937438965,194,0.0,0.0
2024-09-18 15:40:00-04:00,12.430000305175781,12.430000305175781,12.430000305175781,12.430000305175781,205,0.0,0.0
2024-09-18 15:45:00-04:00,12.568099975585938,12.568099975585938,12.568099975585938,12.568099975585938,1434,0.0,0.0
2024-09-18 15:55:00-04:00,12.359999656677246,12.359999656677246,12.359999656677246,12.359999656677246,591,0.0,0.0
2024-09-19 09:30:00-04:00,12.739999771118164,12.739999771118164,12.734999656677246,12.734999656677246,1258,0.0,0.0
2024-09-19 09:35:00-04:00,12.699999809265137,12.699999809265137,12.699999809265137,12.699999809265137,336,0.0,0.0
2024-09-19 09:45:00-04:00,12.485600471496582,12.668299674987793,12.485600471496582,12.668299674987793,2277,0.0,0.0
2024-09-19 09:50:00-04:00,12.534799575805664,12.534799575805664,12.534799575805664,12.534799575805664,369,0.0,0.0
2024-09-19 09:55:00-04:00,12.779999732971191,12.779999732971191,12.779999732971191,12.779999732971191,3949,0.0,0.0
2024-09-19 10:15:00-04:00,12.8100004196167,12.8100004196167,12.8100004196167,12.8100004196167,2729,0.0,0.0
2024-09-19 10:40:00-04:00,12.833600044250488,12.833600044250488,12.833600044250488,12.833600044250488,687,0.0,0.0
2024-09-19 11:05:00-04:00,12.875,12.875,12.875,12.875,204,0.0,0.0
2024-09-19 11:15:00-04:00,12.789999961853027,12.789999961853027,12.75,12.75,1458,0.0,0.0
2024-09-19 11:20:00-04:00,12.739999771118164,12.739999771118164,12.739999771118164,12.739999771118164,221,0.0,0.0
2024-09-19 11:30:00-04:00,12.789999961853027,12.789999961853027,12.789999961853027,12.789999961853027,1135,0.0,0.0
2024-09-19 12:15:00-04:00,12.899999618530273,13.0,12.899999618530273,12.960000038146973,10835,0.0,0.0
2024-09-19 12:20:00-04:00,13.09000015258789,13.180000305175781,13.029999732971191,13.140000343322754,4393,0.0,0.0
2024-09-19 12:25:00-04:00,13.069999694824219,13.069999694824219,13.057299613952637,13.057299613952637,2169,0.0,0.0
2024-09-19 12:35:00-04:00,13.020000457763672,13.020000457763672,13.020000457763672,13.020000457763672,176,0.0,0.0
2024-09-19 12:40:00-04:00,13.100000381469727,13.100000381469727,13.070799827575684,13.070799827575684,1381,0.0,0.0
2024-09-19 12:50:00-04:00,13.055000305175781,13.055000305175781,13.055000305175781,13.055000305175781,375,0.0,0.0
2024-09-19 13:00:00-04:00,13.039999961853027,13.055000305175781,13.015000343322754,13.020000457763672,736,0.0,0.0
2024-09-19 13:05:00-04:00,13.010000228881836,13.010000228881836,12.8100004196167,12.8100004196167,12279,0.0,0.0
2024-09-19 13:10:00-04:00,12.859999656677246,12.859999656677246,12.859999656677246,12.859999656677246,110,0.0,0.0
2024-09-19 13:15:00-04:00,12.850000381469727,12.979999542236328,12.850000381469727,12.979999542236328,3265,0.0,0.0
2024-09-19 13:35:00-04:00,12.979999542236328,12.979999542236328,12.979999542236328,12.979999542236328,1485,0.0,0.0
2024-09-19 14:20:00-04:00,13.020000457763672,13.079999923706055,13.020000457763672,13.079999923706055,2353,0.0,0.0
2024-09-19 14:35:00-04:00,12.949999809265137,12.949999809265137,12.949999809265137,12.949999809265137,399,0.0,0.0
2024-09-19 14:45:00-04:00,12.989999771118164,12.989999771118164,12.989999771118164,12.989999771118164,398,0.0,0.0
2024-09-19 15:00:00-04:00,12.880000114440918,12.880000114440918,12.880000114440918,12.880000114440918,326,0.0,0.0
2024-09-19 15:10:00-04:00,12.8100004196167,12.8100004196167,12.8100004196167,12.8100004196167,6890,0.0,0.0
2024-09-19 15:15:00-04:00,12.824999809265137,12.854999542236328,12.8100004196167,12.8100004196167,2877,0.0,0.0
2024-09-19 15:20:00-04:00,12.699999809265137,12.75,12.699999809265137,12.75,4236,0.0,0.0
2024-09-19 15:55:00-04:00,12.890000343322754,13.0,12.890000343322754,13.0,1536,0.0,0.0
2024-09-20 09:30:00-04:00,12.710000038146973,12.710000038146973,12.710000038146973,12.710000038146973,1121,0.0,0.0
2024-09-20 09:35:00-04:00,12.527899742126465,12.527899742126465,12.527899742126465,12.527899742126465,407,0.0,0.0
2024-09-20 10:00:00-04:00,12.649999618530273,12.649999618530273,12.649999618530273,12.649999618530273,1978,0.0,0.0
2024-09-20 10:15:00-04:00,12.449999809265137,12.449999809265137,12.449999809265137,12.449999809265137,655,0.0,0.0
2024-09-20 10:30:00-04:00,12.390000343322754,12.390000343322754,12.390000343322754,12.390000343322754,172,0.0,0.0
2024-09-20 10:35:00-04:00,12.359999656677246,12.359999656677246,12.359999656677246,12.359999656677246,1576,0.0,0.0
2024-09-20 11:15:00-04:00,12.354499816894531,12.354499816894531,12.354499816894531,12.354499816894531,395,0.0,0.0
2024-09-20 11:20:00-04:00,12.359999656677246,12.359999656677246,12.300000190734863,12.300000190734863,5267,0.0,0.0
2024-09-20 11:25:00-04:00,12.300000190734863,12.300000190734863,12.300000190734863,12.300000190734863,10515,0.0,0.0
2024-09-20 11:45:00-04:00,12.319999694824219,12.329999923706055,12.3100004196167,12.329999923706055,737,0.0,0.0
2024-09-20 11:55:00-04:00,12.470000267028809,12.470000267028809,12.470000267028809,12.470000267028809,497,0.0,0.0
2024-09-20 12:40:00-04:00,12.460000038146973,12.670000076293945,12.460000038146973,12.670000076293945,3494,0.0,0.0
2024-09-20 13:25:00-04:00,12.500100135803223,12.500100135803223,12.500100135803223,12.500100135803223,829,0.0,0.0
2024-09-20 13:45:00-04:00,12.40999984741211,12.40999984741211,12.319999694824219,12.319999694824219,920,0.0,0.0
2024-09-20 14:25:00-04:00,12.479999542236328,12.479999542236328,12.328800201416016,12.328800201416016,2096,0.0,0.0
2024-09-20 15:25:00-04:00,12.354999542236328,12.354999542236328,12.354999542236328,12.354999542236328,314,0.0,0.0
2024-09-20 15:40:00-04:00,12.279999732971191,12.280099868774414,12.279999732971191,12.280099868774414,1273,0.0,0.0
2024-09-20 15:45:00-04:00,12.279999732971191,12.300000190734863,12.279999732971191,12.300000190734863,945,0.0,0.0
2024-09-20 15:55:00-04:00,12.239999771118164,12.300000190734863,12.239999771118164,12.300000190734863,1621,0.0,0.0
2024-09-23 09:30:00-04:00,12.600000381469727,12.600000381469727,12.600000381469727,12.600000381469727,763,0.0,0.0
2024-09-23 09:35:00-04:00,12.40999984741211,12.649999618530273,12.40999984741211,12.649999618530273,1379,0.0,0.0
2024-09-23 09:50:00-04:00,12.5649995803833,12.5649995803833,12.5649995803833,12.5649995803833,1392,0.0,0.0
2024-09-23 10:20:00-04:00,12.527600288391113,12.527600288391113,12.239999771118164,12.239999771118164,1113,0.0,0.0
2024-09-23 10:30:00-04:00,12.3149995803833,12.371199607849121,12.3149995803833,12.371199607849121,2261,0.0,0.0
2024-09-23 10:45:00-04:00,12.170000076293945,12.170000076293945,12.170000076293945,12.170000076293945,476,0.0,0.0
2024-09-23 10:50:00-04:00,12.109999656677246,12.109999656677246,12.109999656677246,12.109999656677246,263,0.0,0.0
2024-09-23 10:55:00-04:00,12.14780044555664,12.14780044555664,12.14780044555664,12.14780044555664,1536,0.0,0.0
2024-09-23 11:00:00-04:00,12.0,12.0,11.960000038146973,11.989999771118164,1917,0.0,0.0
2024-09-23 11:10:00-04:00,11.90999984741211,11.90999984741211,11.90999984741211,11.90999984741211,1661,0.0,0.0
2024-09-23 11:15:00-04:00,11.920000076293945,11.920000076293945,11.920000076293945,11.920000076293945,851,0.0,0.0
2024-09-23 11:25:00-04:00,11.970000267028809,12.039999961853027,11.920000076293945,11.920000076293945,2472,0.0,0.0
2024-09-23 11:40:00-04:00,11.919699668884277,11.919699668884277,11.919699668884277,11.919699668884277,292,0.0,0.0
2024-09-23 11:45:00-04:00,12.0,12.0,11.970000267028809,11.970000267028809,592,0.0,0.0
2024-09-23 11:50:00-04:00,11.979999542236328,12.0,11.949999809265137,12.0,1862,0.0,0.0
2024-09-23 12:00:00-04:00,11.989999771118164,11.989999771118164,11.989999771118164,11.989999771118164,1734,0.0,0.0
2024-09-23 12:05:00-04:00,11.920000076293945,11.920000076293945,11.859999656677246,11.859999656677246,3914,0.0,0.0
2024-09-23 12:55:00-04:00,11.779999732971191,11.779999732971191,11.779999732971191,11.779999732971191,613,0.0,0.0
2024-09-23 13:20:00-04:00,11.779999732971191,11.779999732971191,11.779999732971191,11.779999732971191,645,0.0,0.0
2024-09-23 14:05:00-04:00,11.920000076293945,11.920000076293945,11.920000076293945,11.920000076293945,550,0.0,0.0
2024-09-23 14:10:00-04:00,11.979999542236328,12.039999961853027,11.899999618530273,12.0,1402,0.0,0.0
2024-09-23 14:15:00-04:00,12.0,12.0,12.0,12.0,114,0.0,0.0
2024-09-23 14:25:00-04:00,12.119999885559082,12.119999885559082,12.050000190734863,12.050000190734863,529,0.0,0.0
2024-09-23 15:00:00-04:00,11.930000305175781,11.930000305175781,11.930000305175781,11.930000305175781,2461,0.0,0.0
2024-09-23 15:35:00-04:00,11.899999618530273,11.899999618530273,11.899999618530273,11.899999618530273,554,0.0,0.0
2024-09-23 15:40:00-04:00,11.850000381469727,11.850000381469727,11.850000381469727,11.850000381469727,1457,0.0,0.0
2024-09-23 15:50:00-04:00,11.800000190734863,11.800000190734863,11.760000228881836,11.760000228881836,986,0.0,0.0
2024-09-23 15:55:00-04:00,11.739999771118164,11.779999732971191,11.739999771118164,11.779999732971191,1601,0.0,0.0
2024-09-24 09:30:00-04:00,11.65999984741211,11.689599990844727,11.65999984741211,11.689599990844727,1127,0.0,0.0
2024-09-24 09:35:00-04:00,11.75,11.75,11.75,11.75,2284,0.0,0.0
2024-09-24 09:40:00-04:00,11.645000457763672,11.645000457763672,11.645000457763672,11.645000457763672,1368,0.0,0.0
2024-09-24 09:45:00-04:00,11.3100004196167,11.3100004196167,11.3100004196167,11.3100004196167,359,0.0,0.0
2024-09-24 09:50:00-04:00,11.329999923706055,11.329999923706055,11.329999923706055,11.329999923706055,1106,0.0,0.0
2024-09-24 10:00:00-04:00,11.630000114440918,11.630000114440918,11.569999694824219,11.569999694824219,1294,0.0,0.0
2024-09-24 10:05:00-04:00,11.600000381469727,11.600000381469727,11.600000381469727,11.600000381469727,868,0.0,0.0
2024-09-24 10:20:00-04:00,11.579999923706055,11.579999923706055,11.579999923706055,11.579999923706055,2444,0.0,0.0
2024-09-24 10:40:00-04:00,11.510000228881836,11.510000228881836,11.510000228881836,11.510000228881836,954,0.0,0.0
2024-09-24 10:50:00-04:00,11.449999809265137,11.449999809265137,11.449999809265137,11.449999809265137,681,0.0,0.0
2024-09-24 11:00:00-04:00,11.529999732971191,11.529999732971191,11.529999732971191,11.529999732971191,674,0.0,0.0
2024-09-24 11:15:00-04:00,11.472900390625,11.472900390625,11.472900390625,11.472900390625,177,0.0,0.0
2024-09-24 11:20:00-04:00,11.329999923706055,11.329999923706055,11.329999923706055,11.329999923706055,171,0.0,0.0
2024-09-24 11:25:00-04:00,11.329999923706055,11.425000190734863,11.329999923706055,11.425000190734863,742,0.0,0.0
2024-09-24 11:35:00-04:00,11.34000015258789,11.34000015258789,11.329999923706055,11.329999923706055,2612,0.0,0.0
2024-09-24 11:40:00-04:00,11.319999694824219,11.319999694824219,11.319999694824219,11.319999694824219,419,0.0,0.0
2024-09-24 11:45:00-04:00,11.3149995803833,11.3149995803833,11.3149995803833,11.3149995803833,435,0.0,0.0
2024-09-24 11:55:00-04:00,11.300000190734863,11.300000190734863,11.300000190734863,11.300000190734863,310,0.0,0.0
2024-09-24 12:05:00-04:00,11.170000076293945,11.199999809265137,11.170000076293945,11.199999809265137,927,0.0,0.0
2024-09-24 12:10:00-04:00,11.239999771118164,11.239999771118164,11.239999771118164,11.239999771118164,548,0.0,0.0
2024-09-24 12:15:00-04:00,11.260000228881836,11.260000228881836,11.260000228881836,11.260000228881836,2735,0.0,0.0
2024-09-24 12:35:00-04:00,11.319199562072754,11.329999923706055,11.239999771118164,11.329999923706055,4146,0.0,0.0
2024-09-24 13:00:00-04:00,11.25,11.25,11.25,11.25,155,0.0,0.0
2024-09-24 13:15:00-04:00,11.34000015258789,11.425000190734863,11.34000015258789,11.420000076293945,4421,0.0,0.0
2024-09-24 13:35:00-04:00,11.5,11.550000190734863,11.5,11.550000190734863,1923,0.0,0.0
2024-09-24 13:40:00-04:00,11.640000343322754,11.640000343322754,11.640000343322754,11.640000343322754,302,0.0,0.0
2024-09-24 13:45:00-04:00,11.54800033569336,11.54800033569336,11.54800033569336,11.54800033569336,670,0.0,0.0
2024-09-24 14:05:00-04:00,11.609999656677246,11.609999656677246,11.609999656677246,11.609999656677246,1281,0.0,0.0
2024-09-24 14:15:00-04:00,11.65999984741211,11.65999984741211,11.65999984741211,11.65999984741211,340,0.0,0.0
2024-09-24 14:20:00-04:00,11.635000228881836,11.635000228881836,11.630000114440918,11.630000114440918,2376,0.0,0.0
2024-09-24 14:30:00-04:00,11.579999923706055,11.59000015258789,11.510000228881836,11.510000228881836,1053,0.0,0.0
2024-09-24 14:35:00-04:00,11.595000267028809,11.595000267028809,11.524200439453125,11.557100296020508,2323,0.0,0.0
2024-09-24 15:05:00-04:00,11.554400444030762,11.554400444030762,11.554400444030762,11.554400444030762,1955,0.0,0.0
2024-09-24 15:15:00-04:00,11.550000190734863,11.550000190734863,11.550000190734863,11.550000190734863,256,0.0,0.0
2024-09-24 15:25:00-04:00,11.635000228881836,11.635000228881836,11.635000228881836,11.635000228881836,264,0.0,0.0
2024-09-24 15:30:00-04:00,11.539999961853027,11.539999961853027,11.539999961853027,11.539999961853027,965,0.0,0.0
2024-09-24 15:35:00-04:00,11.449999809265137,11.449999809265137,11.449999809265137,11.449999809265137,332,0.0,0.0
2024-09-24 15:40:00-04:00,11.460000038146973,11.460000038146973,11.460000038146973,11.460000038146973,949,0.0,0.0
2024-09-24 15:45:00-04:00,11.550000190734863,11.579999923706055,11.529999732971191,11.529999732971191,2528,0.0,0.0
2024-09-24 15:50:00-04:00,11.600000381469727,11.600000381469727,11.600000381469727,11.600000381469727,1140,0.0,0.0
2024-09-24 15:55:00-04:00,11.595000267028809,11.595000267028809,11.529999732971191,11.529999732971191,1238,0.0,0.0
2024-09-25 09:30:00-04:00,11.489999771118164,11.600000381469727,11.489999771118164,11.600000381469727,805,0.0,0.0
2024-09-25 09:35:00-04:00,11.579999923706055,11.579999923706055,11.109999656677246,11.109999656677246,2612,0.0,0.0
2024-09-25 09:40:00-04:00,11.117400169372559,11.117400169372559,11.117400169372559,11.117400169372559,1419,0.0,0.0
2024-09-25 09:45:00-04:00,11.0,11.020000457763672,10.820699691772461,11.020000457763672,5829,0.0,0.0
2024-09-25 09:55:00-04:00,11.420000076293945,11.5,11.420000076293945,11.5,2575,0.0,0.0
2024-09-25 10:00:00-04:00,11.274999618530273,11.289999961853027,11.260000228881836,11.260000228881836,2758,0.0,0.0
2024-09-25 10:05:00-04:00,11.260000228881836,11.260000228881836,11.210000038146973,11.210000038146973,1139,0.0,0.0
2024-09-25 10:10:00-04:00,11.0600004196167,11.0600004196167,11.029999732971191,11.029999732971191,1688,0.0,0.0
2024-09-25 10:25:00-04:00,11.050000190734863,11.050000190734863,11.050000190734863,11.050000190734863,2009,0.0,0.0
2024-09-25 10:35:00-04:00,11.228599548339844,11.428500175476074,11.228599548339844,11.428500175476074,2137,0.0,0.0
2024-09-25 10:45:00-04:00,11.34000015258789,11.34000015258789,11.329999923706055,11.329999923706055,413,0.0,0.0
2024-09-25 10:50:00-04:00,11.329999923706055,11.329999923706055,11.329999923706055,11.329999923706055,329,0.0,0.0
2024-09-25 11:00:00-04:00,11.390000343322754,11.390000343322754,11.26200008392334,11.26200008392334,734,0.0,0.0
2024-09-25 11:25:00-04:00,11.359600067138672,11.359600067138672,11.359600067138672,11.359600067138672,150,0.0,0.0
2024-09-25 11:30:00-04:00,11.279999732971191,11.279999732971191,11.279999732971191,11.279999732971191,1723,0.0,0.0
2024-09-25 11:40:00-04:00,11.59000015258789,11.609999656677246,11.59000015258789,11.609999656677246,632,0.0,0.0
2024-09-25 11:55:00-04:00,11.779999732971191,11.8100004196167,11.779999732971191,11.8100004196167,1289,0.0,0.0
2024-09-25 12:20:00-04:00,11.620400428771973,11.620400428771973,11.620400428771973,11.620400428771973,265,0.0,0.0
2024-09-25 12:35:00-04:00,11.619999885559082,11.619999885559082,11.619999885559082,11.619999885559082,1446,0.0,0.0
2024-09-25 13:40:00-04:00,11.510000228881836,11.510000228881836,11.510000228881836,11.510000228881836,1364,0.0,0.0
2024-09-25 14:10:00-04:00,11.739999771118164,11.880000114440918,11.739999771118164,11.880000114440918,1147,0.0,0.0
2024-09-25 14:15:00-04:00,11.899999618530273,11.979999542236328,11.857999801635742,11.979999542236328,1460,0.0,0.0
2024-09-25 14:35:00-04:00,11.885000228881836,11.885000228881836,11.885000228881836,11.885000228881836,508,0.0,0.0
2024-09-25 14:40:00-04:00,11.885000228881836,11.917499542236328,11.885000228881836,11.917499542236328,1590,0.0,0.0
2024-09-25 14:50:00-04:00,11.85219955444336,11.85219955444336,11.85219955444336,11.85219955444336,5110,0.0,0.0
2024-09-25 15:05:00-04:00,12.065299987792969,12.100000381469727,12.065299987792969,12.100000381469727,867,0.0,0.0
2024-09-25 15:15:00-04:00,12.182000160217285,12.199999809265137,12.182000160217285,12.199999809265137,309,0.0,0.0
2024-09-25 15:20:00-04:00,12.289999961853027,12.380000114440918,12.289999961853027,12.289999961853027,3466,0.0,0.0
2024-09-25 15:30:00-04:00,12.359999656677246,12.359999656677246,12.350000381469727,12.350000381469727,1951,0.0,0.0
2024-09-25 15:35:00-04:00,12.350000381469727,12.350000381469727,12.260000228881836,12.260000228881836,1739,0.0,0.0
2024-09-25 15:45:00-04:00,12.1899995803833,12.270000457763672,12.180000305175781,12.25,2442,0.0,0.0
2024-09-25 15:50:00-04:00,12.3100004196167,12.3100004196167,12.3100004196167,12.3100004196167,1174,0.0,0.0
2024-09-25 15:55:00-04:00,12.4399995803833,12.5,12.439000129699707,12.439000129699707,4064,0.0,0.0
2024-09-26 09:30:00-04:00,12.600000381469727,12.600000381469727,12.149999618530273,12.149999618530273,2985,0.0,0.0
2024-09-26 09:35:00-04:00,12.079999923706055,12.079999923706055,11.914600372314453,11.914600372314453,898,0.0,0.0
2024-09-26 09:50:00-04:00,12.104999542236328,12.104999542236328,12.104999542236328,12.104999542236328,241,0.0,0.0
2024-09-26 09:55:00-04:00,12.010000228881836,12.010000228881836,12.0,12.0,942,0.0,0.0
2024-09-26 10:00:00-04:00,12.0,12.0,12.0,12.0,280,0.0,0.0
2024-09-26 10:05:00-04:00,12.015000343322754,12.015000343322754,12.015000343322754,12.015000343322754,720,0.0,0.0
2024-09-26 10:45:00-04:00,12.060799598693848,12.060799598693848,12.060799598693848,12.060799598693848,162,0.0,0.0
2024-09-26 10:50:00-04:00,12.067000389099121,12.067000389099121,12.067000389099121,12.067000389099121,570,0.0,0.0
2024-09-26 11:00:00-04:00,12.053099632263184,12.053099632263184,12.053099632263184,12.053099632263184,442,0.0,0.0
2024-09-26 11:10:00-04:00,12.0,12.0,12.0,12.0,895,0.0,0.0
2024-09-26 11:15:00-04:00,11.979999542236328,12.050000190734863,11.920000076293945,11.920000076293945,1196,0.0,0.0
2024-09-26 11:20:00-04:00,12.0,12.0,12.0,12.0,1264,0.0,0.0
2024-09-26 11:25:00-04:00,12.03499984741211,12.03499984741211,11.949999809265137,11.949999809265137,400,0.0,0.0
2024-09-26 11:30:00-04:00,12.0,12.010000228881836,12.0,12.0,1061,0.0,0.0
2024-09-26 12:05:00-04:00,12.03600025177002,12.03600025177002,12.03600025177002,12.03600025177002,400,0.0,0.0
2024-09-26 12:25:00-04:00,12.031000137329102,12.031000137329102,12.031000137329102,12.031000137329102,1483,0.0,0.0
2024-09-26 13:10:00-04:00,12.039999961853027,12.039999961853027,12.039999961853027,12.039999961853027,1253,0.0,0.0
2024-09-26 13:50:00-04:00,12.0600004196167,12.0600004196167,12.0600004196167,12.0600004196167,171,0.0,0.0
2024-09-26 13:55:00-04:00,12.169899940490723,12.169899940490723,12.130000114440918,12.130000114440918,1218,0.0,0.0
2024-09-26 15:05:00-04:00,12.260000228881836,12.260000228881836,12.260000228881836,12.260000228881836,447,0.0,0.0
2024-09-26 15:15:00-04:00,12.380000114440918,12.425000190734863,12.380000114440918,12.425000190734863,2020,0.0,0.0
2024-09-26 15:30:00-04:00,12.350000381469727,12.350000381469727,12.350000381469727,12.350000381469727,824,0.0,0.0
2024-09-26 15:35:00-04:00,12.350000381469727,12.350000381469727,12.350000381469727,12.350000381469727,505,0.0,0.0
2024-09-26 15:40:00-04:00,12.350000381469727,12.350000381469727,12.270000457763672,12.270000457763672,770,0.0,0.0
2024-09-26 15:50:00-04:00,12.220000267028809,12.220000267028809,11.600000381469727,11.699999809265137,23524,0.0,0.0
2024-09-26 15:55:00-04:00,11.699999809265137,11.779999732971191,11.600000381469727,11.600000381469727,10642,0.0,0.0
2024-09-27 09:30:00-04:00,11.710000038146973,11.720000267028809,11.710000038146973,11.720000267028809,1717,0.0,0.0
2024-09-27 09:35:00-04:00,11.812800407409668,11.812800407409668,11.812800407409668,11.812800407409668,203,0.0,0.0
2024-09-27 09:40:00-04:00,11.760000228881836,11.885000228881836,11.760000228881836,11.885000228881836,929,0.0,0.0
2024-09-27 09:55:00-04:00,11.930000305175781,11.930000305175781,11.930000305175781,11.930000305175781,1399,0.0,0.0
2024-09-27 10:15:00-04:00,11.960000038146973,11.960000038146973,11.960000038146973,11.960000038146973,1068,0.0,0.0
2024-09-27 10:25:00-04:00,11.944700241088867,11.944700241088867,11.944700241088867,11.944700241088867,1602,0.0,0.0
2024-09-27 10:45:00-04:00,12.09000015258789,12.09000015258789,12.09000015258789,12.09000015258789,625,0.0,0.0
2024-09-27 11:05:00-04:00,12.09000015258789,12.09000015258789,12.09000015258789,12.09000015258789,1926,0.0,0.0
2024-09-27 11:40:00-04:00,12.0600004196167,12.0600004196167,11.880200386047363,11.95199966430664,6085,0.0,0.0
2024-09-27 12:05:00-04:00,12.09000015258789,12.09000015258789,12.09000015258789,12.09000015258789,563,0.0,0.0
2024-09-27 12:10:00-04:00,12.09000015258789,12.100000381469727,12.09000015258789,12.100000381469727,945,0.0,0.0
2024-09-27 12:30:00-04:00,12.020099639892578,12.020099639892578,12.010000228881836,12.010000228881836,3042,0.0,0.0
2024-09-27 13:20:00-04:00,11.986200332641602,11.986200332641602,11.986200332641602,11.986200332641602,1117,0.0,0.0
2024-09-27 13:50:00-04:00,12.0,12.0,12.0,12.0,523,0.0,0.0
2024-09-27 14:05:00-04:00,11.989999771118164,11.989999771118164,11.989999771118164,11.989999771118164,268,0.0,0.0
2024-09-27 14:10:00-04:00,12.029999732971191,12.039999961853027,12.029999732971191,12.039999961853027,443,0.0,0.0
2024-09-27 14:15:00-04:00,11.970000267028809,11.970000267028809,11.960000038146973,11.960000038146973,467,0.0,0.0
2024-09-27 14:35:00-04:00,11.98069953918457,11.98069953918457,11.970000267028809,11.970000267028809,1443,0.0,0.0
2024-09-27 14:50:00-04:00,11.850000381469727,11.850000381469727,11.850000381469727,11.850000381469727,710,0.0,0.0
2024-09-27 15:05:00-04:00,11.800000190734863,11.800000190734863,11.800000190734863,11.800000190734863,1204,0.0,0.0
2024-09-27 15:25:00-04:00,11.829999923706055,11.829999923706055,11.829999923706055,11.829999923706055,2738,0.0,0.0
2024-09-27 15:45:00-04:00,11.84000015258789,11.84000015258789,11.84000015258789,11.84000015258789,1395,0.0,0.0
2024-09-30 09:30:00-04:00,11.800000190734863,11.800000190734863,11.800000190734863,11.800000190734863,1019,0.0,0.0
2024-09-30 09:35:00-04:00,11.846400260925293,11.846400260925293,11.819999694824219,11.829999923706055,745,0.0,0.0
2024-09-30 09:40:00-04:00,11.90999984741211,11.90999984741211,11.90999984741211,11.90999984741211,179,0.0,0.0
2024-09-30 09:50:00-04:00,12.0,12.0,12.0,12.0,922,0.0,0.0
2024-09-30 10:20:00-04:00,11.844799995422363,11.844799995422363,11.844799995422363,11.844799995422363,148,0.0,0.0
2024-09-30 10:25:00-04:00,11.904999732971191,11.904999732971191,11.904999732971191,11.904999732971191,446,0.0,0.0
2024-09-30 10:30:00-04:00,11.854999542236328,11.854999542236328,11.854999542236328,11.854999542236328,2006,0.0,0.0
2024-09-30 12:10:00-04:00,11.927399635314941,11.979999542236328,11.927399635314941,11.979999542236328,2874,0.0,0.0
2024-09-30 12:30:00-04:00,12.010000228881836,12.0649995803833,12.010000228881836,12.0649995803833,1358,0.0,0.0
2024-09-30 12:35:00-04:00,12.0649995803833,12.0649995803833,12.0649995803833,12.0649995803833,1976,0.0,0.0
2024-09-30 13:15:00-04:00,11.859999656677246,11.880000114440918,11.859999656677246,11.859999656677246,1256,0.0,0.0
2024-09-30 13:25:00-04:00,11.890000343322754,11.890000343322754,11.890000343322754,11.890000343322754,339,0.0,0.0
2024-09-30 13:45:00-04:00,11.90999984741211,11.90999984741211,11.90999984741211,11.90999984741211,332,0.0,0.0
2024-09-30 14:00:00-04:00,11.893899917602539,11.893899917602539,11.893899917602539,11.893899917602539,772,0.0,0.0
2024-09-30 14:10:00-04:00,11.770000457763672,11.8100004196167,11.770000457763672,11.8100004196167,2928,0.0,0.0
2024-09-30 14:25:00-04:00,11.612500190734863,11.612500190734863,11.612500190734863,11.612500190734863,1366,0.0,0.0
2024-09-30 14:30:00-04:00,11.649999618530273,11.649999618530273,11.5068998336792,11.5068998336792,20370,0.0,0.0
2024-09-30 14:35:00-04:00,11.520099639892578,11.520099639892578,11.5,11.5,1394,0.0,0.0
2024-09-30 14:45:00-04:00,11.449999809265137,11.578200340270996,11.449999809265137,11.578200340270996,618,0.0,0.0
2024-09-30 14:50:00-04:00,11.46310043334961,11.46310043334961,11.46310043334961,11.46310043334961,254,0.0,0.0
2024-09-30 15:00:00-04:00,11.449999809265137,11.449999809265137,11.404999732971191,11.449999809265137,841,0.0,0.0
2024-09-30 15:10:00-04:00,11.489999771118164,11.524999618530273,11.489999771118164,11.524999618530273,2381,0.0,0.0
2024-09-30 15:40:00-04:00,11.539999961853027,11.539999961853027,11.489999771118164,11.489999771118164,2888,0.0,0.0
2024-09-30 15:50:00-04:00,11.520000457763672,11.520000457763672,11.520000457763672,11.520000457763672,244,0.0,0.0
2024-09-30 15:55:00-04:00,11.478799819946289,11.880000114440918,11.478799819946289,11.880000114440918,4135,0.0,0.0
2024-10-01 09:30:00-04:00,11.600000381469727,11.600000381469727,11.600000381469727,11.600000381469727,396,0.0,0.0
2024-10-01 09:35:00-04:00,11.744999885559082,11.744999885559082,11.744999885559082,11.744999885559082,933,0.0,0.0
2024-10-01 09:40:00-04:00,11.744999885559082,11.744999885559082,11.520000457763672,11.689900398254395,516,0.0,0.0
2024-10-01 09:45:00-04:00,11.595000267028809,11.595000267028809,11.425000190734863,11.425000190734863,1832,0.0,0.0
2024-10-01 09:50:00-04:00,11.279999732971191,11.279999732971191,11.279999732971191,11.279999732971191,629,0.0,0.0
2024-10-01 09:55:00-04:00,11.289999961853027,11.34000015258789,11.279999732971191,11.34000015258789,748,0.0,0.0
2024-10-01 10:00:00-04:00,11.359999656677246,11.359999656677246,11.329999923706055,11.329999923706055,1479,0.0,0.0
2024-10-01 10:20:00-04:00,11.149999618530273,11.149999618530273,11.149999618530273,11.149999618530273,694,0.0,0.0
2024-10-01 10:30:00-04:00,11.220000267028809,11.220000267028809,11.220000267028809,11.220000267028809,1274,0.0,0.0
2024-10-01 10:45:00-04:00,11.039600372314453,11.069999694824219,10.979999542236328,10.979999542236328,5275,0.0,0.0
2024-10-01 10:50:00-04:00,11.03969955444336,11.039999961853027,10.960100173950195,10.960100173950195,1824,0.0,0.0
2024-10-01 10:55:00-04:00,11.0600004196167,11.0600004196167,11.0600004196167,11.0600004196167,839,0.0,0.0
2024-10-01 11:05:00-04:00,11.034099578857422,11.034099578857422,11.034099578857422,11.034099578857422,746,0.0,0.0
2024-10-01 11:10:00-04:00,10.970199584960938,10.970199584960938,10.850000381469727,10.850000381469727,3098,0.0,0.0
2024-10-01 11:15:00-04:00,10.789400100708008,10.9350004196167,10.789400100708008,10.9350004196167,10101,0.0,0.0
2024-10-01 11:20:00-04:00,11.0,11.0,11.0,11.0,762,0.0,0.0
2024-10-01 12:05:00-04:00,10.989999771118164,11.050000190734863,10.989999771118164,11.050000190734863,2177,0.0,0.0
2024-10-01 12:10:00-04:00,11.050000190734863,11.050000190734863,11.050000190734863,11.050000190734863,596,0.0,0.0
2024-10-01 12:20:00-04:00,11.109999656677246,11.247599601745605,10.98009967803955,10.98009967803955,6962,0.0,0.0
2024-10-01 12:45:00-04:00,10.949999809265137,10.949999809265137,10.9399995803833,10.9399995803833,858,0.0,0.0
2024-10-01 12:55:00-04:00,11.079999923706055,11.079999923706055,11.079999923706055,11.079999923706055,320,0.0,0.0
2024-10-01 13:05:00-04:00,11.079999923706055,11.079999923706055,11.079999923706055,11.079999923706055,186,0.0,0.0
2024-10-01 13:20:00-04:00,10.989999771118164,11.159000396728516,10.989999771118164,11.159000396728516,3161,0.0,0.0
2024-10-01 13:45:00-04:00,11.03499984741211,11.03499984741211,11.03499984741211,11.03499984741211,436,0.0,0.0
2024-10-01 13:50:00-04:00,11.100000381469727,11.100000381469727,11.055299758911133,11.055299758911133,353,0.0,0.0
2024-10-01 13:55:00-04:00,11.100000381469727,11.100000381469727,11.100000381469727,11.100000381469727,599,0.0,0.0
2024-10-01 14:10:00-04:00,11.074600219726562,11.074600219726562,11.074600219726562,11.074600219726562,203,0.0,0.0
2024-10-01 14:20:00-04:00,11.014800071716309,11.014800071716309,11.014800071716309,11.014800071716309,317,0.0,0.0
2024-10-01 14:40:00-04:00,11.03499984741211,11.03499984741211,11.03499984741211,11.03499984741211,217,0.0,0.0
2024-10-01 14:50:00-04:00,11.11520004272461,11.11520004272461,11.11520004272461,11.11520004272461,322,0.0,0.0
2024-10-01 15:10:00-04:00,11.0649995803833,11.0649995803833,11.0649995803833,11.0649995803833,133,0.0,0.0
2024-10-01 15:15:00-04:00,11.0649995803833,11.09280014038086,11.0649995803833,11.09280014038086,1822,0.0,0.0
2024-10-01 15:20:00-04:00,11.071800231933594,11.071800231933594,11.071800231933594,11.071800231933594,368,0.0,0.0
2024-10-01 15:30:00-04:00,11.085000038146973,11.085000038146973,11.020000457763672,11.05679988861084,1483,0.0,0.0
2024-10-01 15:40:00-04:00,10.890000343322754,10.890000343322754,10.890000343322754,10.890000343322754,466,0.0,0.0
2024-10-01 15:55:00-04:00,10.949999809265137,11.050000190734863,10.949999809265137,11.050000190734863,2196,0.0,0.0
2024-10-02 09:30:00-04:00,10.930000305175781,10.930000305175781,10.930000305175781,10.930000305175781,905,0.0,0.0
2024-10-02 09:40:00-04:00,10.6850004196167,10.6850004196167,10.6850004196167,10.6850004196167,755,0.0,0.0
2024-10-02 09:45:00-04:00,10.953499794006348,10.953499794006348,10.953499794006348,10.953499794006348,302,0.0,0.0
2024-10-02 09:55:00-04:00,10.970000267028809,10.970000267028809,10.970000267028809,10.970000267028809,409,0.0,0.0
2024-10-02 10:05:00-04:00,10.885000228881836,10.885000228881836,10.885000228881836,10.885000228881836,1111,0.0,0.0
2024-10-02 10:10:00-04:00,11.020000457763672,11.020000457763672,11.0,11.0,209,0.0,0.0
2024-10-02 10:20:00-04:00,10.989999771118164,10.989999771118164,10.989999771118164,10.989999771118164,639,0.0,0.0
2024-10-02 10:45:00-04:00,10.850000381469727,10.850000381469727,10.850000381469727,10.850000381469727,461,0.0,0.0
2024-10-02 10:55:00-04:00,10.899999618530273,10.920000076293945,10.8100004196167,10.859800338745117,4115,0.0,0.0
2024-10-02 11:00:00-04:00,10.808099746704102,10.808099746704102,10.808099746704102,10.808099746704102,109,0.0,0.0
2024-10-02 11:15:00-04:00,10.880000114440918,10.880000114440918,10.880000114440918,10.880000114440918,422,0.0,0.0
2024-10-02 11:20:00-04:00,10.925000190734863,10.925000190734863,10.925000190734863,10.925000190734863,224,0.0,0.0
2024-10-02 11:30:00-04:00,11.0,11.0,11.0,11.0,605,0.0,0.0
2024-10-02 11:35:00-04:00,11.001999855041504,11.001999855041504,11.0,11.0,2693,0.0,0.0
2024-10-02 12:35:00-04:00,10.979999542236328,10.979999542236328,10.979999542236328,10.979999542236328,237,0.0,0.0
2024-10-02 12:40:00-04:00,10.820099830627441,10.820099830627441,10.820099830627441,10.820099830627441,236,0.0,0.0
2024-10-02 13:30:00-04:00,10.904999732971191,10.904999732971191,10.904999732971191,10.904999732971191,200,0.0,0.0
2024-10-02 13:35:00-04:00,10.958399772644043,10.958399772644043,10.958399772644043,10.958399772644043,1048,0.0,0.0
2024-10-02 13:45:00-04:00,10.914999961853027,10.914999961853027,10.914999961853027,10.914999961853027,514,0.0,0.0
2024-10-02 14:00:00-04:00,10.875,10.875,10.875,10.875,362,0.0,0.0
2024-10-02 14:15:00-04:00,11.0,11.0,11.0,11.0,1123,0.0,0.0
2024-10-02 14:40:00-04:00,10.90999984741211,10.90999984741211,10.90999984741211,10.90999984741211,172,0.0,0.0
2024-10-02 14:45:00-04:00,10.920000076293945,10.920000076293945,10.90999984741211,10.90999984741211,1578,0.0,0.0
2024-10-02 14:50:00-04:00,10.949999809265137,10.949999809265137,10.949999809265137,10.949999809265137,365,0.0,0.0
2024-10-02 15:00:00-04:00,10.989999771118164,10.989999771118164,10.989999771118164,10.989999771118164,153,0.0,0.0
2024-10-02 15:10:00-04:00,11.029999732971191,11.039999961853027,11.029999732971191,11.039999961853027,816,0.0,0.0
2024-10-02 15:15:00-04:00,11.079999923706055,11.079999923706055,11.079999923706055,11.079999923706055,612,0.0,0.0
2024-10-02 15:30:00-04:00,11.0600004196167,11.0600004196167,11.0600004196167,11.0600004196167,102,0.0,0.0
2024-10-02 15:35:00-04:00,11.050000190734863,11.050000190734863,11.050000190734863,11.050000190734863,461,0.0,0.0
2024-10-02 15:40:00-04:00,11.020000457763672,11.020000457763672,11.020000457763672,11.020000457763672,1140,0.0,0.0
2024-10-02 15:50:00-04:00,11.100000381469727,11.100000381469727,11.100000381469727,11.100000381469727,239,0.0,0.0
2024-10-02 15:55:00-04:00,11.109999656677246,11.109999656677246,10.9350004196167,11.09000015258789,1101,0.0,0.0
2024-10-03 09:30:00-04:00,10.880000114440918,10.880000114440918,10.880000114440918,10.880000114440918,1445,0.0,0.0
2024-10-03 10:15:00-04:00,10.970000267028809,10.970000267028809,10.970000267028809,10.970000267028809,862,0.0,0.0
2024-10-03 10:20:00-04:00,10.979999542236328,10.989999771118164,10.979999542236328,10.989999771118164,2138,0.0,0.0
2024-10-03 11:20:00-04:00,10.911299705505371,10.920000076293945,10.911299705505371,10.920000076293945,225,0.0,0.0
2024-10-03 11:30:00-04:00,10.960000038146973,10.960000038146973,10.960000038146973,10.960000038146973,1224,0.0,0.0
2024-10-03 11:35:00-04:00,10.960000038146973,10.960000038146973,10.960000038146973,10.960000038146973,965,0.0,0.0
2024-10-03 11:50:00-04:00,10.989999771118164,10.989999771118164,10.989999771118164,10.989999771118164,1038,0.0,0.0
2024-10-03 12:40:00-04:00,10.864999771118164,10.864999771118164,10.864999771118164,10.864999771118164,574,0.0,0.0
2024-10-03 12:45:00-04:00,10.880000114440918,10.880000114440918,10.770000457763672,10.770000457763672,1234,0.0,0.0
2024-10-03 12:55:00-04:00,10.850000381469727,10.850000381469727,10.850000381469727,10.850000381469727,418,0.0,0.0
2024-10-03 13:20:00-04:00,10.906100273132324,10.906100273132324,10.906100273132324,10.906100273132324,319,0.0,0.0
2024-10-03 13:45:00-04:00,11.0,11.0,11.0,11.0,245,0.0,0.0
2024-10-03 13:50:00-04:00,10.876299858093262,10.876299858093262,10.876299858093262,10.876299858093262,371,0.0,0.0
2024-10-03 14:10:00-04:00,10.899999618530273,10.899999618530273,10.899999618530273,10.899999618530273,926,0.0,0.0
2024-10-03 15:05:00-04:00,10.877300262451172,10.877300262451172,10.877300262451172,10.877300262451172,1764,0.0,0.0
2024-10-04 09:30:00-04:00,11.149999618530273,11.149999618530273,11.149999618530273,11.149999618530273,969,0.0,0.0
2024-10-04 09:40:00-04:00,11.012399673461914,11.012399673461914,11.012399673461914,11.012399673461914,1078,0.0,0.0
2024-10-04 10:15:00-04:00,10.920000076293945,10.920000076293945,10.920000076293945,10.920000076293945,393,0.0,0.0
2024-10-04 10:35:00-04:00,10.899999618530273,10.899999618530273,10.899999618530273,10.899999618530273,591,0.0,0.0
2024-10-04 10:50:00-04:00,10.759300231933594,10.759300231933594,10.759300231933594,10.759300231933594,331,0.0,0.0
2024-10-04 10:55:00-04:00,10.9399995803833,10.949999809265137,10.9399995803833,10.949999809265137,746,0.0,0.0
2024-10-04 11:10:00-04:00,10.989999771118164,11.0600004196167,10.989999771118164,11.039999961853027,2149,0.0,0.0
2024-10-04 11:15:00-04:00,11.180000305175781,11.180000305175781,11.180000305175781,11.180000305175781,2858,0.0,0.0
2024-10-04 12:15:00-04:00,11.102499961853027,11.149999618530273,11.102499961853027,11.149999618530273,986,0.0,0.0
2024-10-04 13:00:00-04:00,11.140000343322754,11.140000343322754,11.140000343322754,11.140000343322754,595,0.0,0.0
2024-10-04 13:25:00-04:00,11.050299644470215,11.050299644470215,11.050299644470215,11.050299644470215,1178,0.0,0.0
2024-10-04 13:35:00-04:00,11.039999961853027,11.039999961853027,11.039999961853027,11.039999961853027,640,0.0,0.0
2024-10-04 13:45:00-04:00,10.965499877929688,10.965499877929688,10.965499877929688,10.965499877929688,300,0.0,0.0
2024-10-04 13:50:00-04:00,10.949999809265137,10.949999809265137,10.90999984741211,10.90999984741211,1905,0.0,0.0
2024-10-04 14:05:00-04:00,10.789999961853027,10.789999961853027,10.789999961853027,10.789999961853027,226,0.0,0.0
2024-10-04 14:15:00-04:00,10.829999923706055,10.829999923706055,10.819999694824219,10.819999694824219,1595,0.0,0.0
2024-10-04 14:35:00-04:00,10.829999923706055,10.829999923706055,10.829999923706055,10.829999923706055,431,0.0,0.0
2024-10-04 15:00:00-04:00,10.760000228881836,10.760000228881836,10.760000228881836,10.760000228881836,228,0.0,0.0
2024-10-04 15:15:00-04:00,10.843400001525879,10.843400001525879,10.843400001525879,10.843400001525879,300,0.0,0.0
2024-10-04 15:25:00-04:00,10.829999923706055,10.829999923706055,10.829999923706055,10.829999923706055,168,0.0,0.0
2024-10-04 15:30:00-04:00,10.890000343322754,10.890000343322754,10.843899726867676,10.843899726867676,993,0.0,0.0
2024-10-04 15:45:00-04:00,10.989999771118164,10.989999771118164,10.9399995803833,10.9399995803833,849,0.0,0.0
