Datetime,Open,High,Low,Close,Volume,Dividends,Stock Splits
2024-09-06 09:30:00-04:00,7.349999904632568,7.400000095367432,7.28000020980835,7.329999923706055,0,0.0,0.0
2024-09-06 09:35:00-04:00,7.329999923706055,7.340000152587891,7.329999923706055,7.340000152587891,480,0.0,0.0
2024-09-06 09:40:00-04:00,7.340000152587891,7.380000114440918,7.340000152587891,7.3649001121521,13626,0.0,0.0
2024-09-06 09:45:00-04:00,7.34089994430542,7.349999904632568,7.340000152587891,7.340000152587891,7700,0.0,0.0
2024-09-06 09:50:00-04:00,7.340000152587891,7.355000019073486,7.300000190734863,7.300000190734863,1240,0.0,0.0
2024-09-06 09:55:00-04:00,7.300000190734863,7.300000190734863,7.300000190734863,7.300000190734863,419,0.0,0.0
2024-09-06 10:00:00-04:00,7.300000190734863,7.300000190734863,7.300000190734863,7.300000190734863,119,0.0,0.0
2024-09-06 10:05:00-04:00,7.300000190734863,7.300000190734863,7.300000190734863,7.300000190734863,0,0.0,0.0
2024-09-06 10:10:00-04:00,7.300000190734863,7.300000190734863,7.300000190734863,7.300000190734863,45921,0.0,0.0
2024-09-06 10:15:00-04:00,7.33050012588501,7.33050012588501,7.33050012588501,7.33050012588501,345,0.0,0.0
2024-09-06 10:20:00-04:00,7.340000152587891,7.340000152587891,7.300000190734863,7.300000190734863,900,0.0,0.0
2024-09-06 10:30:00-04:00,7.340000152587891,7.340000152587891,7.340000152587891,7.340000152587891,400,0.0,0.0
2024-09-06 10:55:00-04:00,7.300000190734863,7.339900016784668,7.300000190734863,7.300000190734863,3358,0.0,0.0
2024-09-06 11:00:00-04:00,7.302000045776367,7.315000057220459,7.302000045776367,7.315000057220459,1900,0.0,0.0
2024-09-06 11:05:00-04:00,7.3180999755859375,7.3180999755859375,7.314499855041504,7.314499855041504,925,0.0,0.0
2024-09-06 11:10:00-04:00,7.314599990844727,7.314599990844727,7.314599990844727,7.314599990844727,302,0.0,0.0
2024-09-06 11:15:00-04:00,7.309999942779541,7.320000171661377,7.304999828338623,7.320000171661377,2900,0.0,0.0
2024-09-06 11:20:00-04:00,7.320000171661377,7.320000171661377,7.320000171661377,7.320000171661377,305,0.0,0.0
2024-09-06 12:30:00-04:00,7.320000171661377,7.320000171661377,7.320000171661377,7.320000171661377,105,0.0,0.0
2024-09-06 12:35:00-04:00,7.320000171661377,7.329999923706055,7.320000171661377,7.320000171661377,3860,0.0,0.0
2024-09-06 13:15:00-04:00,7.320000171661377,7.329999923706055,7.320000171661377,7.329999923706055,200,0.0,0.0
2024-09-06 13:20:00-04:00,7.329999923706055,7.329999923706055,7.329999923706055,7.329999923706055,1393,0.0,0.0
2024-09-06 13:25:00-04:00,7.340000152587891,7.349999904632568,7.340000152587891,7.340000152587891,15989,0.0,0.0
2024-09-06 13:30:00-04:00,7.341100215911865,7.341100215911865,7.329999923706055,7.329999923706055,2100,0.0,0.0
2024-09-06 13:35:00-04:00,7.329999923706055,7.340000152587891,7.329999923706055,7.340000152587891,300,0.0,0.0
2024-09-06 13:40:00-04:00,7.335000038146973,7.349999904632568,7.329999923706055,7.340000152587891,4886,0.0,0.0
2024-09-06 13:45:00-04:00,7.340099811553955,7.340099811553955,7.340099811553955,7.340099811553955,200,0.0,0.0
2024-09-06 13:55:00-04:00,7.349999904632568,7.349999904632568,7.34499979019165,7.34499979019165,627,0.0,0.0
2024-09-06 14:00:00-04:00,7.345699787139893,7.345699787139893,7.345699787139893,7.345699787139893,400,0.0,0.0
2024-09-06 14:05:00-04:00,7.345600128173828,7.345600128173828,7.340000152587891,7.340000152587891,604,0.0,0.0
2024-09-06 14:35:00-04:00,7.345200061798096,7.345200061798096,7.345200061798096,7.345200061798096,1502,0.0,0.0
2024-09-06 15:15:00-04:00,7.34499979019165,7.34499979019165,7.34499979019165,7.34499979019165,487,0.0,0.0
2024-09-06 15:25:00-04:00,7.340000152587891,7.364999771118164,7.340000152587891,7.349999904632568,5175,0.0,0.0
2024-09-06 15:30:00-04:00,7.355000019073486,7.355000019073486,7.355000019073486,7.355000019073486,319,0.0,0.0
2024-09-06 15:35:00-04:00,7.349999904632568,7.349999904632568,7.349999904632568,7.349999904632568,480,0.0,0.0
2024-09-06 15:50:00-04:00,7.349999904632568,7.349999904632568,7.349999904632568,7.349999904632568,3503,0.0,0.0
2024-09-06 15:55:00-04:00,7.355000019073486,7.360000133514404,7.355000019073486,7.360000133514404,6206,0.0,0.0
2024-09-09 09:30:00-04:00,7.380000114440918,7.380000114440918,7.380000114440918,7.380000114440918,0,0.0,0.0
2024-09-09 09:35:00-04:00,7.380000114440918,7.380000114440918,7.380000114440918,7.380000114440918,2679,0.0,0.0
2024-09-09 09:40:00-04:00,7.349999904632568,7.349999904632568,7.349999904632568,7.349999904632568,461,0.0,0.0
2024-09-09 09:50:00-04:00,7.380000114440918,7.409999847412109,7.360000133514404,7.409999847412109,9870,0.0,0.0
2024-09-09 09:55:00-04:00,7.409999847412109,7.409999847412109,7.360000133514404,7.389999866485596,4200,0.0,0.0
2024-09-09 10:00:00-04:00,7.360000133514404,7.380000114440918,7.349999904632568,7.37060022354126,1500,0.0,0.0
2024-09-09 10:05:00-04:00,7.380000114440918,7.385000228881836,7.380000114440918,7.380000114440918,1620,0.0,0.0
2024-09-09 10:35:00-04:00,7.375,7.380000114440918,7.369999885559082,7.375,4247,0.0,0.0
2024-09-09 11:05:00-04:00,7.370100021362305,7.375,7.369999885559082,7.373300075531006,1296,0.0,0.0
2024-09-09 11:50:00-04:00,7.380000114440918,7.380000114440918,7.380000114440918,7.380000114440918,3130,0.0,0.0
2024-09-09 12:35:00-04:00,7.369999885559082,7.380000114440918,7.369999885559082,7.380000114440918,3421,0.0,0.0
2024-09-09 12:50:00-04:00,7.369999885559082,7.369999885559082,7.369999885559082,7.369999885559082,0,0.0,0.0
2024-09-09 13:50:00-04:00,7.369999885559082,7.380000114440918,7.360000133514404,7.369999885559082,39422,0.0,0.0
2024-09-09 13:55:00-04:00,7.369999885559082,7.369999885559082,7.369999885559082,7.369999885559082,100,0.0,0.0
2024-09-09 14:10:00-04:00,7.380000114440918,7.380000114440918,7.380000114440918,7.380000114440918,0,0.0,0.0
2024-09-09 15:20:00-04:00,7.369999885559082,7.369999885559082,7.369999885559082,7.369999885559082,39922,0.0,0.0
2024-09-09 15:30:00-04:00,7.361499786376953,7.369999885559082,7.361499786376953,7.369999885559082,553,0.0,0.0
2024-09-09 15:40:00-04:00,7.369999885559082,7.369999885559082,7.369999885559082,7.369999885559082,100,0.0,0.0
2024-09-09 15:45:00-04:00,7.369999885559082,7.369999885559082,7.369999885559082,7.369999885559082,1100,0.0,0.0
2024-09-09 15:55:00-04:00,7.369999885559082,7.380000114440918,7.360000133514404,7.380000114440918,520,0.0,0.0
2024-09-10 09:30:00-04:00,7.369999885559082,7.369999885559082,7.369999885559082,7.369999885559082,0,0.0,0.0
2024-09-10 09:35:00-04:00,7.369999885559082,7.369999885559082,7.369999885559082,7.369999885559082,1006,0.0,0.0
2024-09-10 09:40:00-04:00,7.364999771118164,7.364999771118164,7.364999771118164,7.364999771118164,2570,0.0,0.0
2024-09-10 10:00:00-04:00,7.366099834442139,7.366099834442139,7.366099834442139,7.366099834442139,300,0.0,0.0
2024-09-10 10:05:00-04:00,7.380000114440918,7.380000114440918,7.380000114440918,7.380000114440918,0,0.0,0.0
2024-09-10 10:15:00-04:00,7.380000114440918,7.380000114440918,7.379000186920166,7.379000186920166,12064,0.0,0.0
2024-09-10 10:30:00-04:00,7.380000114440918,7.400000095367432,7.380000114440918,7.400000095367432,743,0.0,0.0
2024-09-10 10:45:00-04:00,7.385000228881836,7.389999866485596,7.385000228881836,7.389999866485596,3948,0.0,0.0
2024-09-10 10:55:00-04:00,7.385000228881836,7.385000228881836,7.385000228881836,7.385000228881836,100,0.0,0.0
2024-09-10 11:00:00-04:00,7.389999866485596,7.40500020980835,7.389999866485596,7.389999866485596,4547,0.0,0.0
2024-09-10 11:05:00-04:00,7.400000095367432,7.400000095367432,7.400000095367432,7.400000095367432,5202,0.0,0.0
2024-09-10 11:25:00-04:00,7.400000095367432,7.400000095367432,7.400000095367432,7.400000095367432,252,0.0,0.0
2024-09-10 12:20:00-04:00,7.400000095367432,7.400000095367432,7.394999980926514,7.400000095367432,290,0.0,0.0
2024-09-10 13:15:00-04:00,7.394999980926514,7.394999980926514,7.394999980926514,7.394999980926514,2092,0.0,0.0
2024-09-10 13:35:00-04:00,7.396100044250488,7.396100044250488,7.396100044250488,7.396100044250488,0,0.0,0.0
2024-09-10 13:50:00-04:00,7.394999980926514,7.394999980926514,7.394999980926514,7.394999980926514,35528,0.0,0.0
2024-09-10 14:00:00-04:00,7.400000095367432,7.400000095367432,7.400000095367432,7.400000095367432,101,0.0,0.0
2024-09-10 14:15:00-04:00,7.394999980926514,7.394999980926514,7.394999980926514,7.394999980926514,100,0.0,0.0
2024-09-10 14:20:00-04:00,7.394999980926514,7.394999980926514,7.394999980926514,7.394999980926514,100,0.0,0.0
2024-09-10 14:25:00-04:00,7.399199962615967,7.399199962615967,7.399199962615967,7.399199962615967,100,0.0,0.0
2024-09-10 14:30:00-04:00,7.400000095367432,7.409999847412109,7.394999980926514,7.409999847412109,2669,0.0,0.0
2024-09-10 14:45:00-04:00,7.40500020980835,7.40500020980835,7.40500020980835,7.40500020980835,655,0.0,0.0
2024-09-10 14:55:00-04:00,7.40500020980835,7.409999847412109,7.40500020980835,7.409999847412109,1593,0.0,0.0
2024-09-10 15:00:00-04:00,7.4019999504089355,7.4019999504089355,7.400000095367432,7.400000095367432,300,0.0,0.0
2024-09-10 15:05:00-04:00,7.400000095367432,7.40500020980835,7.400000095367432,7.40500020980835,250,0.0,0.0
2024-09-10 15:15:00-04:00,7.40500020980835,7.40500020980835,7.40500020980835,7.40500020980835,281,0.0,0.0
2024-09-10 15:55:00-04:00,7.401000022888184,7.40500020980835,7.401000022888184,7.40500020980835,240,0.0,0.0
2024-09-11 09:30:00-04:00,7.409999847412109,7.409999847412109,7.40500020980835,7.405200004577637,0,0.0,0.0
2024-09-11 09:35:00-04:00,7.4116997718811035,7.4116997718811035,7.4116997718811035,7.4116997718811035,1001,0.0,0.0
2024-09-11 09:45:00-04:00,7.420000076293945,7.429999828338623,7.414999961853027,7.420000076293945,4330,0.0,0.0
2024-09-11 09:50:00-04:00,7.4232001304626465,7.4232001304626465,7.4232001304626465,7.4232001304626465,600,0.0,0.0
2024-09-11 10:00:00-04:00,7.429999828338623,7.429999828338623,7.429999828338623,7.429999828338623,1200,0.0,0.0
2024-09-11 10:10:00-04:00,7.428699970245361,7.429999828338623,7.428699970245361,7.429999828338623,500,0.0,0.0
2024-09-11 10:40:00-04:00,7.429999828338623,7.429999828338623,7.429999828338623,7.429999828338623,1604,0.0,0.0
2024-09-11 10:45:00-04:00,7.429999828338623,7.429999828338623,7.426300048828125,7.426300048828125,2052,0.0,0.0
2024-09-11 10:50:00-04:00,7.429699897766113,7.429699897766113,7.429699897766113,7.429699897766113,200,0.0,0.0
2024-09-11 11:00:00-04:00,7.429999828338623,7.460000038146973,7.429999828338623,7.460000038146973,3193,0.0,0.0
2024-09-11 11:10:00-04:00,7.454999923706055,7.454999923706055,7.454999923706055,7.454999923706055,300,0.0,0.0
2024-09-11 11:15:00-04:00,7.460000038146973,7.460000038146973,7.451600074768066,7.454999923706055,3100,0.0,0.0
2024-09-11 11:20:00-04:00,7.454999923706055,7.454999923706055,7.454999923706055,7.454999923706055,169,0.0,0.0
2024-09-11 11:25:00-04:00,7.458899974822998,7.458899974822998,7.454999923706055,7.454999923706055,531,0.0,0.0
2024-09-11 11:30:00-04:00,7.449999809265137,7.449999809265137,7.449999809265137,7.449999809265137,200,0.0,0.0
2024-09-11 13:30:00-04:00,7.440000057220459,7.440000057220459,7.440000057220459,7.440000057220459,614,0.0,0.0
2024-09-11 13:35:00-04:00,7.440000057220459,7.445000171661377,7.440000057220459,7.440000057220459,5080,0.0,0.0
2024-09-11 13:40:00-04:00,7.433000087738037,7.433000087738037,7.433000087738037,7.433000087738037,400,0.0,0.0
2024-09-11 13:45:00-04:00,7.4309000968933105,7.440000057220459,7.4309000968933105,7.440000057220459,1394,0.0,0.0
2024-09-11 13:50:00-04:00,7.43149995803833,7.440000057220459,7.43149995803833,7.440000057220459,2084,0.0,0.0
2024-09-11 14:40:00-04:00,7.440000057220459,7.440000057220459,7.432000160217285,7.432000160217285,300,0.0,0.0
2024-09-11 14:45:00-04:00,7.449999809265137,7.449999809265137,7.440000057220459,7.440000057220459,600,0.0,0.0
2024-09-11 14:50:00-04:00,7.440000057220459,7.440000057220459,7.440000057220459,7.440000057220459,100,0.0,0.0
2024-09-11 14:55:00-04:00,7.440000057220459,7.440000057220459,7.440000057220459,7.440000057220459,0,0.0,0.0
2024-09-11 15:05:00-04:00,7.445000171661377,7.445000171661377,7.440000057220459,7.440000057220459,33235,0.0,0.0
2024-09-11 15:40:00-04:00,7.440000057220459,7.445000171661377,7.440000057220459,7.440000057220459,1420,0.0,0.0
2024-09-11 15:50:00-04:00,7.445000171661377,7.445000171661377,7.440000057220459,7.445000171661377,2660,0.0,0.0
2024-09-11 15:55:00-04:00,7.445000171661377,7.445000171661377,7.445000171661377,7.445000171661377,1255,0.0,0.0
2024-09-12 09:30:00-04:00,7.460000038146973,7.460000038146973,7.43310022354126,7.445000171661377,0,0.0,0.0
2024-09-12 09:50:00-04:00,7.458700180053711,7.480000019073486,7.458700180053711,7.46999979019165,10686,0.0,0.0
2024-09-12 09:55:00-04:00,7.465000152587891,7.46999979019165,7.465000152587891,7.466599941253662,3481,0.0,0.0
2024-09-12 10:00:00-04:00,7.480000019073486,7.480000019073486,7.480000019073486,7.480000019073486,303,0.0,0.0
2024-09-12 11:20:00-04:00,7.4766998291015625,7.4766998291015625,7.4766998291015625,7.4766998291015625,3725,0.0,0.0
2024-09-12 11:25:00-04:00,7.4745001792907715,7.4745001792907715,7.4745001792907715,7.4745001792907715,100,0.0,0.0
2024-09-12 11:45:00-04:00,7.480000019073486,7.480000019073486,7.480000019073486,7.480000019073486,1200,0.0,0.0
2024-09-12 12:15:00-04:00,7.474999904632568,7.474999904632568,7.4745001792907715,7.474999904632568,3800,0.0,0.0
2024-09-12 12:20:00-04:00,7.474999904632568,7.479700088500977,7.474999904632568,7.479700088500977,0,0.0,0.0
2024-09-12 13:05:00-04:00,7.474999904632568,7.474999904632568,7.46999979019165,7.474999904632568,27019,0.0,0.0
2024-09-12 13:20:00-04:00,7.46999979019165,7.46999979019165,7.460000038146973,7.46999979019165,2100,0.0,0.0
2024-09-12 13:50:00-04:00,7.46999979019165,7.46999979019165,7.46999979019165,7.46999979019165,1798,0.0,0.0
2024-09-12 14:45:00-04:00,7.4766998291015625,7.4766998291015625,7.460000038146973,7.460999965667725,2500,0.0,0.0
2024-09-12 14:50:00-04:00,7.46999979019165,7.46999979019165,7.46999979019165,7.46999979019165,250,0.0,0.0
2024-09-12 15:10:00-04:00,7.46999979019165,7.46999979019165,7.46999979019165,7.46999979019165,0,0.0,0.0
2024-09-12 15:35:00-04:00,7.46999979019165,7.46999979019165,7.46999979019165,7.46999979019165,34567,0.0,0.0
2024-09-12 15:40:00-04:00,7.46999979019165,7.46999979019165,7.46999979019165,7.46999979019165,250,0.0,0.0
2024-09-12 15:45:00-04:00,7.46999979019165,7.46999979019165,7.460000038146973,7.460000038146973,2500,0.0,0.0
2024-09-12 15:50:00-04:00,7.460000038146973,7.460000038146973,7.460000038146973,7.460000038146973,200,0.0,0.0
2024-09-12 15:55:00-04:00,7.460000038146973,7.46999979019165,7.460000038146973,7.46999979019165,1535,0.0,0.0
2024-09-13 09:30:00-04:00,7.480000019073486,7.480000019073486,7.480000019073486,7.480000019073486,0,0.0,0.0
2024-09-13 09:35:00-04:00,7.4730000495910645,7.4730000495910645,7.4730000495910645,7.4730000495910645,800,0.0,0.0
2024-09-13 09:50:00-04:00,7.480000019073486,7.480000019073486,7.469399929046631,7.469399929046631,2540,0.0,0.0
2024-09-13 10:15:00-04:00,7.46999979019165,7.46999979019165,7.46999979019165,7.46999979019165,119,0.0,0.0
2024-09-13 11:30:00-04:00,7.450500011444092,7.460000038146973,7.450500011444092,7.460000038146973,824,0.0,0.0
2024-09-13 11:45:00-04:00,7.449999809265137,7.449999809265137,7.449999809265137,7.449999809265137,0,0.0,0.0
2024-09-13 11:50:00-04:00,7.445000171661377,7.445000171661377,7.445000171661377,7.445000171661377,14795,0.0,0.0
2024-09-13 12:20:00-04:00,7.460000038146973,7.460000038146973,7.460000038146973,7.460000038146973,790,0.0,0.0
2024-09-13 13:00:00-04:00,7.449999809265137,7.480000019073486,7.449999809265137,7.480000019073486,10819,0.0,0.0
2024-09-13 13:10:00-04:00,7.466700077056885,7.466700077056885,7.466700077056885,7.466700077056885,500,0.0,0.0
2024-09-13 13:15:00-04:00,7.465000152587891,7.465000152587891,7.465000152587891,7.465000152587891,200,0.0,0.0
2024-09-13 13:25:00-04:00,7.480000019073486,7.480000019073486,7.480000019073486,7.480000019073486,200,0.0,0.0
2024-09-13 13:30:00-04:00,7.474999904632568,7.480000019073486,7.4710001945495605,7.480000019073486,2200,0.0,0.0
2024-09-13 13:55:00-04:00,7.480000019073486,7.480000019073486,7.480000019073486,7.480000019073486,4320,0.0,0.0
2024-09-13 14:05:00-04:00,7.489999771118164,7.489999771118164,7.489999771118164,7.489999771118164,120,0.0,0.0
2024-09-13 14:35:00-04:00,7.485000133514404,7.485000133514404,7.484499931335449,7.484499931335449,2999,0.0,0.0
2024-09-13 14:45:00-04:00,7.480000019073486,7.480100154876709,7.460999965667725,7.460999965667725,0,0.0,0.0
2024-09-13 15:10:00-04:00,7.465000152587891,7.465000152587891,7.465000152587891,7.465000152587891,46287,0.0,0.0
2024-09-13 15:50:00-04:00,7.46999979019165,7.480000019073486,7.46999979019165,7.480000019073486,1772,0.0,0.0
2024-09-13 15:55:00-04:00,7.489999771118164,7.494999885559082,7.488999843597412,7.494999885559082,5904,0.0,0.0
2024-09-16 09:30:00-04:00,7.510000228881836,7.510000228881836,7.510000228881836,7.510000228881836,0,0.0,0.0
2024-09-16 09:35:00-04:00,7.5,7.5,7.5,7.5,863,0.0,0.0
2024-09-16 09:45:00-04:00,7.5,7.5,7.5,7.5,200,0.0,0.0
2024-09-16 09:50:00-04:00,7.5,7.5,7.5,7.5,202,0.0,0.0
2024-09-16 09:55:00-04:00,7.5,7.5,7.5,7.5,100,0.0,0.0
2024-09-16 10:10:00-04:00,7.494999885559082,7.5,7.494999885559082,7.5,702,0.0,0.0
2024-09-16 10:15:00-04:00,7.5,7.5,7.494999885559082,7.494999885559082,200,0.0,0.0
2024-09-16 10:20:00-04:00,7.5,7.5,7.5,7.5,100,0.0,0.0
2024-09-16 10:25:00-04:00,7.5,7.5,7.494999885559082,7.494999885559082,202,0.0,0.0
2024-09-16 10:30:00-04:00,7.5,7.5,7.494999885559082,7.494999885559082,200,0.0,0.0
2024-09-16 10:35:00-04:00,7.5,7.5,7.499899864196777,7.5,500,0.0,0.0
2024-09-16 10:40:00-04:00,7.5,7.5,7.5,7.5,200,0.0,0.0
2024-09-16 10:45:00-04:00,7.5,7.5,7.491300106048584,7.491300106048584,5100,0.0,0.0
2024-09-16 10:50:00-04:00,7.5,7.5,7.489999771118164,7.489999771118164,270,0.0,0.0
2024-09-16 10:55:00-04:00,7.5,7.5,7.5,7.5,100,0.0,0.0
2024-09-16 11:05:00-04:00,7.5,7.5,7.5,7.5,200,0.0,0.0
2024-09-16 11:10:00-04:00,7.5,7.5,7.5,7.5,100,0.0,0.0
2024-09-16 11:15:00-04:00,7.494999885559082,7.5,7.494999885559082,7.5,1966,0.0,0.0
2024-09-16 11:20:00-04:00,7.5,7.519999980926514,7.494999885559082,7.519999980926514,0,0.0,0.0
2024-09-16 11:25:00-04:00,7.510000228881836,7.519999980926514,7.510000228881836,7.519999980926514,15606,0.0,0.0
2024-09-16 11:30:00-04:00,7.510000228881836,7.510000228881836,7.489999771118164,7.494500160217285,3456,0.0,0.0
2024-09-16 11:35:00-04:00,7.5,7.5,7.5,7.5,252,0.0,0.0
2024-09-16 11:40:00-04:00,7.510000228881836,7.510000228881836,7.510000228881836,7.510000228881836,100,0.0,0.0
2024-09-16 11:45:00-04:00,7.510000228881836,7.510000228881836,7.510000228881836,7.510000228881836,100,0.0,0.0
2024-09-16 11:50:00-04:00,7.510000228881836,7.510000228881836,7.510000228881836,7.510000228881836,100,0.0,0.0
2024-09-16 11:55:00-04:00,7.489999771118164,7.5,7.489999771118164,7.5,350,0.0,0.0
2024-09-16 12:05:00-04:00,7.510000228881836,7.510000228881836,7.489999771118164,7.5,300,0.0,0.0
2024-09-16 12:10:00-04:00,7.49399995803833,7.49399995803833,7.491000175476074,7.491000175476074,2229,0.0,0.0
2024-09-16 12:15:00-04:00,7.5,7.5,7.5,7.5,384,0.0,0.0
2024-09-16 12:25:00-04:00,7.5,7.510000228881836,7.5,7.510000228881836,7370,0.0,0.0
2024-09-16 12:30:00-04:00,7.519800186157227,7.519800186157227,7.519800186157227,7.519800186157227,6500,0.0,0.0
2024-09-16 12:40:00-04:00,7.5,7.5,7.5,7.5,0,0.0,0.0
2024-09-16 13:00:00-04:00,7.510000228881836,7.510000228881836,7.5,7.5,37857,0.0,0.0
2024-09-16 13:15:00-04:00,7.505000114440918,7.505000114440918,7.5,7.5,6151,0.0,0.0
2024-09-16 13:25:00-04:00,7.505000114440918,7.505000114440918,7.505000114440918,7.505000114440918,0,0.0,0.0
2024-09-16 13:40:00-04:00,7.505000114440918,7.505000114440918,7.5,7.5,49154,0.0,0.0
2024-09-16 14:10:00-04:00,7.500999927520752,7.500999927520752,7.500999927520752,7.500999927520752,0,0.0,0.0
2024-09-16 14:35:00-04:00,7.5,7.5,7.5,7.5,49554,0.0,0.0
2024-09-16 14:40:00-04:00,7.506499767303467,7.506499767303467,7.506499767303467,7.506499767303467,133,0.0,0.0
2024-09-16 14:45:00-04:00,7.505000114440918,7.505000114440918,7.505000114440918,7.505000114440918,185,0.0,0.0
2024-09-16 14:50:00-04:00,7.505000114440918,7.505000114440918,7.5,7.505000114440918,1250,0.0,0.0
2024-09-16 15:00:00-04:00,7.5,7.5,7.5,7.5,0,0.0,0.0
2024-09-16 15:30:00-04:00,7.509799957275391,7.510000228881836,7.5,7.505000114440918,52124,0.0,0.0
2024-09-16 15:50:00-04:00,7.510000228881836,7.510000228881836,7.510000228881836,7.510000228881836,194,0.0,0.0
2024-09-16 15:55:00-04:00,7.509900093078613,7.509900093078613,7.505000114440918,7.505000114440918,242,0.0,0.0
2024-09-17 09:30:00-04:00,7.539999961853027,7.539999961853027,7.539999961853027,7.539999961853027,928,0.0,0.0
2024-09-17 09:45:00-04:00,7.500100135803223,7.500100135803223,7.500100135803223,7.500100135803223,200,0.0,0.0
2024-09-17 09:55:00-04:00,7.519999980926514,7.519999980926514,7.519999980926514,7.519999980926514,200,0.0,0.0
2024-09-17 10:05:00-04:00,7.534999847412109,7.534999847412109,7.534999847412109,7.534999847412109,0,0.0,0.0
2024-09-17 10:20:00-04:00,7.550000190734863,7.550000190734863,7.550000190734863,7.550000190734863,2734,0.0,0.0
2024-09-17 10:25:00-04:00,7.550000190734863,7.550000190734863,7.550000190734863,7.550000190734863,201,0.0,0.0
2024-09-17 10:35:00-04:00,7.550000190734863,7.550000190734863,7.550000190734863,7.550000190734863,107,0.0,0.0
2024-09-17 10:40:00-04:00,7.550000190734863,7.550000190734863,7.550000190734863,7.550000190734863,100,0.0,0.0
2024-09-17 10:50:00-04:00,7.539999961853027,7.541999816894531,7.539999961853027,7.541999816894531,0,0.0,0.0
2024-09-17 11:00:00-04:00,7.539999961853027,7.539999961853027,7.539999961853027,7.539999961853027,4211,0.0,0.0
2024-09-17 11:05:00-04:00,7.539999961853027,7.539999961853027,7.539999961853027,7.539999961853027,100,0.0,0.0
2024-09-17 11:10:00-04:00,7.53000020980835,7.53000020980835,7.53000020980835,7.53000020980835,100,0.0,0.0
2024-09-17 11:25:00-04:00,7.539999961853027,7.550000190734863,7.539999961853027,7.550000190734863,200,0.0,0.0
2024-09-17 11:30:00-04:00,7.539999961853027,7.539999961853027,7.539999961853027,7.539999961853027,100,0.0,0.0
2024-09-17 11:55:00-04:00,7.53000020980835,7.539999961853027,7.53000020980835,7.539999961853027,200,0.0,0.0
2024-09-17 12:10:00-04:00,7.5320000648498535,7.539999961853027,7.5320000648498535,7.539999961853027,2000,0.0,0.0
2024-09-17 12:30:00-04:00,7.53000020980835,7.53000020980835,7.53000020980835,7.53000020980835,121,0.0,0.0
2024-09-17 12:35:00-04:00,7.550000190734863,7.550000190734863,7.550000190734863,7.550000190734863,179,0.0,0.0
2024-09-17 12:40:00-04:00,7.53000020980835,7.53000020980835,7.53000020980835,7.53000020980835,100,0.0,0.0
2024-09-17 12:50:00-04:00,7.53000020980835,7.53000020980835,7.53000020980835,7.53000020980835,140,0.0,0.0
2024-09-17 13:10:00-04:00,7.504199981689453,7.511000156402588,7.504199981689453,7.511000156402588,0,0.0,0.0
2024-09-17 15:10:00-04:00,7.514999866485596,7.514999866485596,7.514999866485596,7.514999866485596,16381,0.0,0.0
2024-09-17 15:45:00-04:00,7.514999866485596,7.514999866485596,7.514999866485596,7.514999866485596,2500,0.0,0.0
2024-09-17 15:50:00-04:00,7.53000020980835,7.53000020980835,7.53000020980835,7.53000020980835,176,0.0,0.0
2024-09-17 15:55:00-04:00,7.510000228881836,7.53000020980835,7.510000228881836,7.53000020980835,1207,0.0,0.0
2024-09-18 09:30:00-04:00,7.519999980926514,7.519999980926514,7.519999980926514,7.519999980926514,0,0.0,0.0
2024-09-18 10:25:00-04:00,7.525000095367432,7.53000020980835,7.5,7.5,3975,0.0,0.0
2024-09-18 11:10:00-04:00,7.5,7.5,7.5,7.5,100,0.0,0.0
2024-09-18 11:20:00-04:00,7.514999866485596,7.529900074005127,7.514999866485596,7.529900074005127,200,0.0,0.0
2024-09-18 11:40:00-04:00,7.5,7.5,7.5,7.5,131,0.0,0.0
2024-09-18 12:05:00-04:00,7.514999866485596,7.514999866485596,7.514999866485596,7.514999866485596,376,0.0,0.0
2024-09-18 12:35:00-04:00,7.5,7.5,7.5,7.5,100,0.0,0.0
2024-09-18 13:45:00-04:00,7.510000228881836,7.510000228881836,7.489999771118164,7.494999885559082,3680,0.0,0.0
2024-09-18 14:00:00-04:00,7.499000072479248,7.510000228881836,7.499000072479248,7.510000228881836,1640,0.0,0.0
2024-09-18 14:30:00-04:00,7.5,7.5,7.5,7.5,100,0.0,0.0
2024-09-18 14:35:00-04:00,7.510000228881836,7.510000228881836,7.510000228881836,7.510000228881836,0,0.0,0.0
2024-09-18 15:00:00-04:00,7.505499839782715,7.505499839782715,7.505499839782715,7.505499839782715,10862,0.0,0.0
2024-09-18 15:10:00-04:00,7.509300231933594,7.510000228881836,7.509300231933594,7.510000228881836,405,0.0,0.0
2024-09-18 15:20:00-04:00,7.5,7.5,7.489999771118164,7.489999771118164,1067,0.0,0.0
2024-09-18 15:35:00-04:00,7.5,7.5,7.5,7.5,101,0.0,0.0
2024-09-18 15:45:00-04:00,7.489999771118164,7.491000175476074,7.489999771118164,7.491000175476074,233,0.0,0.0
2024-09-18 15:55:00-04:00,7.489999771118164,7.494999885559082,7.480000019073486,7.480000019073486,1480,0.0,0.0
2024-09-19 09:30:00-04:00,7.5,7.539999961853027,7.5,7.53980016708374,4255,0.0,0.0
2024-09-19 09:40:00-04:00,7.510000228881836,7.510000228881836,7.5,7.5,0,0.0,0.0
2024-09-19 10:00:00-04:00,7.5,7.5,7.5,7.5,4755,0.0,0.0
2024-09-19 10:05:00-04:00,7.5,7.5,7.5,7.5,701,0.0,0.0
2024-09-19 10:10:00-04:00,7.5,7.5,7.5,7.5,500,0.0,0.0
2024-09-19 10:15:00-04:00,7.5,7.5,7.489999771118164,7.489999771118164,2656,0.0,0.0
2024-09-19 10:20:00-04:00,7.489999771118164,7.489999771118164,7.489999771118164,7.489999771118164,800,0.0,0.0
2024-09-19 10:25:00-04:00,7.489999771118164,7.489999771118164,7.489999771118164,7.489999771118164,600,0.0,0.0
2024-09-19 10:30:00-04:00,7.489999771118164,7.489999771118164,7.480000019073486,7.480000019073486,501,0.0,0.0
2024-09-19 10:45:00-04:00,7.489999771118164,7.489999771118164,7.489999771118164,7.489999771118164,100,0.0,0.0
2024-09-19 10:55:00-04:00,7.5,7.5,7.5,7.5,0,0.0,0.0
2024-09-19 11:00:00-04:00,7.489999771118164,7.489999771118164,7.489999771118164,7.489999771118164,11413,0.0,0.0
2024-09-19 11:05:00-04:00,7.480000019073486,7.485000133514404,7.480000019073486,7.485000133514404,476,0.0,0.0
2024-09-19 11:30:00-04:00,7.485000133514404,7.485000133514404,7.480000019073486,7.485000133514404,300,0.0,0.0
2024-09-19 12:05:00-04:00,7.480000019073486,7.480000019073486,7.480000019073486,7.480000019073486,190,0.0,0.0
2024-09-19 12:10:00-04:00,7.480000019073486,7.480000019073486,7.480000019073486,7.480000019073486,191,0.0,0.0
2024-09-19 12:40:00-04:00,7.480000019073486,7.480000019073486,7.480000019073486,7.480000019073486,201,0.0,0.0
2024-09-19 12:50:00-04:00,7.480000019073486,7.480000019073486,7.480000019073486,7.480000019073486,180,0.0,0.0
2024-09-19 13:00:00-04:00,7.480000019073486,7.485000133514404,7.480000019073486,7.485000133514404,1278,0.0,0.0
2024-09-19 13:20:00-04:00,7.485000133514404,7.489999771118164,7.485000133514404,7.489999771118164,3003,0.0,0.0
2024-09-19 13:40:00-04:00,7.489999771118164,7.489999771118164,7.485000133514404,7.485000133514404,600,0.0,0.0
2024-09-19 13:45:00-04:00,7.485000133514404,7.485000133514404,7.480000019073486,7.485000133514404,386,0.0,0.0
2024-09-19 13:50:00-04:00,7.485000133514404,7.485000133514404,7.480000019073486,7.485000133514404,378,0.0,0.0
2024-09-19 14:40:00-04:00,7.485000133514404,7.485000133514404,7.485000133514404,7.485000133514404,201,0.0,0.0
2024-09-19 14:50:00-04:00,7.489999771118164,7.489999771118164,7.489999771118164,7.489999771118164,2168,0.0,0.0
2024-09-19 15:10:00-04:00,7.5,7.5,7.5,7.5,5251,0.0,0.0
2024-09-19 15:15:00-04:00,7.505000114440918,7.505000114440918,7.505000114440918,7.505000114440918,100,0.0,0.0
2024-09-19 15:30:00-04:00,7.5,7.510000228881836,7.5,7.510000228881836,5086,0.0,0.0
2024-09-19 15:35:00-04:00,7.510000228881836,7.510000228881836,7.510000228881836,7.510000228881836,200,0.0,0.0
2024-09-19 15:50:00-04:00,7.514999866485596,7.514999866485596,7.510000228881836,7.510000228881836,200,0.0,0.0
2024-09-19 15:55:00-04:00,7.514999866485596,7.514999866485596,7.510000228881836,7.510000228881836,974,0.0,0.0
2024-09-20 09:30:00-04:00,7.510000228881836,7.510000228881836,7.510000228881836,7.510000228881836,0,0.0,0.0
2024-09-20 10:30:00-04:00,7.521999835968018,7.521999835968018,7.521999835968018,7.521999835968018,420,0.0,0.0
2024-09-20 10:35:00-04:00,7.519999980926514,7.519999980926514,7.519999980926514,7.519999980926514,100,0.0,0.0
2024-09-20 10:50:00-04:00,7.511000156402588,7.511000156402588,7.511000156402588,7.511000156402588,8544,0.0,0.0
2024-09-20 11:00:00-04:00,7.510200023651123,7.510200023651123,7.510000228881836,7.510000228881836,10300,0.0,0.0
2024-09-20 11:10:00-04:00,7.511000156402588,7.511000156402588,7.5,7.5,4167,0.0,0.0
2024-09-20 11:45:00-04:00,7.494999885559082,7.494999885559082,7.494999885559082,7.494999885559082,918,0.0,0.0
2024-09-20 11:55:00-04:00,7.489999771118164,7.489999771118164,7.489999771118164,7.489999771118164,497,0.0,0.0
2024-09-20 12:40:00-04:00,7.5,7.510000228881836,7.5,7.510000228881836,2400,0.0,0.0
2024-09-20 13:10:00-04:00,7.5,7.5,7.5,7.5,100,0.0,0.0
2024-09-20 13:15:00-04:00,7.490200042724609,7.514800071716309,7.490200042724609,7.514800071716309,2737,0.0,0.0
2024-09-20 13:25:00-04:00,7.489999771118164,7.489999771118164,7.489999771118164,7.489999771118164,170,0.0,0.0
2024-09-20 14:20:00-04:00,7.5,7.5,7.5,7.5,1924,0.0,0.0
2024-09-20 14:50:00-04:00,7.5,7.5,7.5,7.5,178,0.0,0.0
2024-09-20 15:00:00-04:00,7.5,7.5,7.5,7.5,175,0.0,0.0
2024-09-20 15:05:00-04:00,7.5,7.5,7.5,7.5,209,0.0,0.0
2024-09-20 15:10:00-04:00,7.5,7.510000228881836,7.5,7.510000228881836,5818,0.0,0.0
2024-09-20 15:15:00-04:00,7.5,7.5,7.5,7.5,100,0.0,0.0
2024-09-20 15:25:00-04:00,7.5,7.5,7.480000019073486,7.480000019073486,18050,0.0,0.0
2024-09-20 15:55:00-04:00,7.489999771118164,7.489999771118164,7.480000019073486,7.480000019073486,345,0.0,0.0
2024-09-23 09:30:00-04:00,7.480000019073486,7.480000019073486,7.480000019073486,7.480000019073486,4424,0.0,0.0
2024-09-23 09:40:00-04:00,7.480000019073486,7.480000019073486,7.480000019073486,7.480000019073486,400,0.0,0.0
2024-09-23 09:55:00-04:00,7.480000019073486,7.480000019073486,7.480000019073486,7.480000019073486,14711,0.0,0.0
2024-09-23 10:00:00-04:00,7.474999904632568,7.480000019073486,7.474999904632568,7.474999904632568,300,0.0,0.0
2024-09-23 10:05:00-04:00,7.480000019073486,7.480000019073486,7.474999904632568,7.474999904632568,0,0.0,0.0
2024-09-23 10:10:00-04:00,7.480000019073486,7.480000019073486,7.480000019073486,7.480000019073486,20635,0.0,0.0
2024-09-23 10:15:00-04:00,7.480000019073486,7.480000019073486,7.480000019073486,7.480000019073486,189,0.0,0.0
2024-09-23 10:30:00-04:00,7.480000019073486,7.489999771118164,7.480000019073486,7.489999771118164,800,0.0,0.0
2024-09-23 10:40:00-04:00,7.489999771118164,7.489999771118164,7.489999771118164,7.489999771118164,100,0.0,0.0
2024-09-23 10:45:00-04:00,7.489999771118164,7.489999771118164,7.489999771118164,7.489999771118164,200,0.0,0.0
2024-09-23 10:50:00-04:00,7.489999771118164,7.489999771118164,7.489999771118164,7.489999771118164,181,0.0,0.0
2024-09-23 10:55:00-04:00,7.485000133514404,7.489999771118164,7.480000019073486,7.480000019073486,452,0.0,0.0
2024-09-23 11:00:00-04:00,7.485000133514404,7.485000133514404,7.485000133514404,7.485000133514404,105,0.0,0.0
2024-09-23 11:05:00-04:00,7.489999771118164,7.489999771118164,7.485000133514404,7.485000133514404,279,0.0,0.0
2024-09-23 11:10:00-04:00,7.485000133514404,7.485000133514404,7.485000133514404,7.485000133514404,100,0.0,0.0
2024-09-23 11:15:00-04:00,7.489999771118164,7.489999771118164,7.480000019073486,7.489999771118164,600,0.0,0.0
2024-09-23 11:20:00-04:00,7.489999771118164,7.489999771118164,7.489999771118164,7.489999771118164,200,0.0,0.0
2024-09-23 11:50:00-04:00,7.489999771118164,7.489999771118164,7.489999771118164,7.489999771118164,202,0.0,0.0
2024-09-23 12:20:00-04:00,7.489999771118164,7.489999771118164,7.489999771118164,7.489999771118164,186,0.0,0.0
2024-09-23 12:45:00-04:00,7.480199813842773,7.489999771118164,7.480199813842773,7.489999771118164,5200,0.0,0.0
2024-09-23 13:00:00-04:00,7.48199987411499,7.489999771118164,7.48199987411499,7.489999771118164,376,0.0,0.0
2024-09-23 13:10:00-04:00,7.480000019073486,7.480000019073486,7.480000019073486,7.480000019073486,0,0.0,0.0
2024-09-23 14:35:00-04:00,7.454999923706055,7.454999923706055,7.454999923706055,7.454999923706055,32264,0.0,0.0
2024-09-23 14:45:00-04:00,7.454999923706055,7.454999923706055,7.454999923706055,7.454999923706055,1585,0.0,0.0
2024-09-23 14:55:00-04:00,7.440700054168701,7.440700054168701,7.440700054168701,7.440700054168701,2502,0.0,0.0
2024-09-23 15:20:00-04:00,7.46999979019165,7.46999979019165,7.46999979019165,7.46999979019165,1177,0.0,0.0
2024-09-23 15:55:00-04:00,7.454999923706055,7.454999923706055,7.445000171661377,7.445000171661377,603,0.0,0.0
2024-09-24 09:30:00-04:00,7.46999979019165,7.46999979019165,7.445000171661377,7.445000171661377,0,0.0,0.0
2024-09-24 10:05:00-04:00,7.465000152587891,7.465000152587891,7.465000152587891,7.465000152587891,0,0.0,0.0
2024-09-24 10:35:00-04:00,7.460999965667725,7.460999965667725,7.460999965667725,7.460999965667725,6886,0.0,0.0
2024-09-24 10:55:00-04:00,7.460000038146973,7.480000019073486,7.460000038146973,7.480000019073486,687,0.0,0.0
2024-09-24 11:05:00-04:00,7.465799808502197,7.465799808502197,7.465799808502197,7.465799808502197,200,0.0,0.0
2024-09-24 11:10:00-04:00,7.465000152587891,7.465000152587891,7.460000038146973,7.460000038146973,594,0.0,0.0
2024-09-24 11:15:00-04:00,7.462900161743164,7.462900161743164,7.462900161743164,7.462900161743164,200,0.0,0.0
2024-09-24 11:25:00-04:00,7.469900131225586,7.469900131225586,7.460000038146973,7.460000038146973,300,0.0,0.0
2024-09-24 11:30:00-04:00,7.460000038146973,7.460000038146973,7.460000038146973,7.460000038146973,251,0.0,0.0
2024-09-24 11:40:00-04:00,7.449999809265137,7.449999809265137,7.449999809265137,7.449999809265137,100,0.0,0.0
2024-09-24 11:50:00-04:00,7.449999809265137,7.449999809265137,7.449999809265137,7.449999809265137,249,0.0,0.0
2024-09-24 11:55:00-04:00,7.440000057220459,7.440000057220459,7.440000057220459,7.440000057220459,0,0.0,0.0
2024-09-24 12:30:00-04:00,7.440000057220459,7.440000057220459,7.440000057220459,7.440000057220459,16499,0.0,0.0
2024-09-24 13:05:00-04:00,7.440000057220459,7.440000057220459,7.440000057220459,7.440000057220459,1196,0.0,0.0
2024-09-24 13:30:00-04:00,7.440000057220459,7.440000057220459,7.440000057220459,7.440000057220459,218,0.0,0.0
2024-09-24 13:55:00-04:00,7.429999828338623,7.430799961090088,7.400400161743164,7.429999828338623,13082,0.0,0.0
2024-09-24 15:00:00-04:00,7.431000232696533,7.431000232696533,7.400000095367432,7.401000022888184,4000,0.0,0.0
2024-09-24 15:55:00-04:00,7.429999828338623,7.429999828338623,7.420000076293945,7.429999828338623,3124,0.0,0.0
2024-09-25 09:30:00-04:00,7.449999809265137,7.449999809265137,7.449999809265137,7.449999809265137,0,0.0,0.0
2024-09-25 09:45:00-04:00,7.454999923706055,7.454999923706055,7.454999923706055,7.454999923706055,1500,0.0,0.0
2024-09-25 09:50:00-04:00,7.449999809265137,7.460000038146973,7.440000057220459,7.460000038146973,1000,0.0,0.0
2024-09-25 10:20:00-04:00,7.449999809265137,7.449999809265137,7.449999809265137,7.449999809265137,100,0.0,0.0
2024-09-25 10:25:00-04:00,7.449999809265137,7.449999809265137,7.449999809265137,7.449999809265137,100,0.0,0.0
2024-09-25 10:35:00-04:00,7.440000057220459,7.440000057220459,7.440000057220459,7.440000057220459,300,0.0,0.0
2024-09-25 10:40:00-04:00,7.440000057220459,7.440000057220459,7.440000057220459,7.440000057220459,353,0.0,0.0
2024-09-25 11:10:00-04:00,7.449900150299072,7.449900150299072,7.449900150299072,7.449900150299072,350,0.0,0.0
2024-09-25 11:25:00-04:00,7.449999809265137,7.449999809265137,7.449999809265137,7.449999809265137,210,0.0,0.0
2024-09-25 12:05:00-04:00,7.440000057220459,7.440000057220459,7.440000057220459,7.440000057220459,500,0.0,0.0
2024-09-25 12:30:00-04:00,7.440000057220459,7.440000057220459,7.440000057220459,7.440000057220459,1410,0.0,0.0
2024-09-25 13:40:00-04:00,7.438600063323975,7.438600063323975,7.429999828338623,7.429999828338623,824,0.0,0.0
2024-09-25 15:45:00-04:00,7.429999828338623,7.429999828338623,7.429999828338623,7.429999828338623,404,0.0,0.0
2024-09-26 09:30:00-04:00,7.449999809265137,7.449999809265137,7.440000057220459,7.440000057220459,0,0.0,0.0
2024-09-26 09:35:00-04:00,7.440000057220459,7.440000057220459,7.440000057220459,7.440000057220459,808,0.0,0.0
2024-09-26 09:45:00-04:00,7.429999828338623,7.46999979019165,7.429999828338623,7.46999979019165,1200,0.0,0.0
2024-09-26 10:00:00-04:00,7.420000076293945,7.460000038146973,7.420000076293945,7.420000076293945,5134,0.0,0.0
2024-09-26 10:10:00-04:00,7.409999847412109,7.409999847412109,7.409999847412109,7.409999847412109,188,0.0,0.0
2024-09-26 10:30:00-04:00,7.429999828338623,7.440000057220459,7.427700042724609,7.440000057220459,3987,0.0,0.0
2024-09-26 10:35:00-04:00,7.425000190734863,7.425000190734863,7.425000190734863,7.425000190734863,134,0.0,0.0
2024-09-26 10:40:00-04:00,7.429900169372559,7.445000171661377,7.425000190734863,7.440000057220459,4840,0.0,0.0
2024-09-26 10:45:00-04:00,7.440000057220459,7.440000057220459,7.440000057220459,7.440000057220459,617,0.0,0.0
2024-09-26 10:50:00-04:00,7.434999942779541,7.434999942779541,7.434999942779541,7.434999942779541,100,0.0,0.0
2024-09-26 10:55:00-04:00,7.434999942779541,7.434999942779541,7.430600166320801,7.430600166320801,300,0.0,0.0
2024-09-26 11:00:00-04:00,7.434999942779541,7.434999942779541,7.434999942779541,7.434999942779541,100,0.0,0.0
2024-09-26 11:05:00-04:00,7.4375,7.4375,7.429999828338623,7.435100078582764,666,0.0,0.0
2024-09-26 11:15:00-04:00,7.434999942779541,7.434999942779541,7.429999828338623,7.434682846069336,1012,0.0,0.0
2024-09-26 11:20:00-04:00,7.434999942779541,7.434999942779541,7.425000190734863,7.425000190734863,3094,0.0,0.0
2024-09-26 11:30:00-04:00,7.425000190734863,7.425000190734863,7.420000076293945,7.420000076293945,200,0.0,0.0
2024-09-26 11:35:00-04:00,7.420000076293945,7.420000076293945,7.420000076293945,7.420000076293945,434,0.0,0.0
2024-09-26 11:45:00-04:00,7.409999847412109,7.409999847412109,7.409999847412109,7.409999847412109,192,0.0,0.0
2024-09-26 11:55:00-04:00,7.420000076293945,7.420000076293945,7.409999847412109,7.409999847412109,258,0.0,0.0
2024-09-26 12:05:00-04:00,7.420000076293945,7.420000076293945,7.409999847412109,7.409999847412109,300,0.0,0.0
2024-09-26 12:20:00-04:00,7.420000076293945,7.420000076293945,7.409999847412109,7.409999847412109,569,0.0,0.0
2024-09-26 12:35:00-04:00,7.400000095367432,7.400000095367432,7.400000095367432,7.400000095367432,270,0.0,0.0
2024-09-26 12:45:00-04:00,7.414999961853027,7.414999961853027,7.400000095367432,7.400000095367432,304,0.0,0.0
2024-09-26 12:55:00-04:00,7.400000095367432,7.4019999504089355,7.400000095367432,7.4019999504089355,300,0.0,0.0
2024-09-26 13:10:00-04:00,7.414999961853027,7.414999961853027,7.400000095367432,7.400000095367432,200,0.0,0.0
2024-09-26 13:15:00-04:00,7.401500225067139,7.414999961853027,7.400000095367432,7.400100231170654,4065,0.0,0.0
2024-09-26 13:20:00-04:00,7.414999961853027,7.414999961853027,7.400000095367432,7.400000095367432,212,0.0,0.0
2024-09-26 13:30:00-04:00,7.414999961853027,7.414999961853027,7.400000095367432,7.400000095367432,354,0.0,0.0
2024-09-26 13:40:00-04:00,7.409999847412109,7.409999847412109,7.409999847412109,7.409999847412109,192,0.0,0.0
2024-09-26 13:55:00-04:00,7.420000076293945,7.420000076293945,7.409999847412109,7.409999847412109,292,0.0,0.0
2024-09-26 14:10:00-04:00,7.420000076293945,7.420000076293945,7.409999847412109,7.409999847412109,292,0.0,0.0
2024-09-26 14:25:00-04:00,7.420000076293945,7.420000076293945,7.409999847412109,7.409999847412109,312,0.0,0.0
2024-09-26 14:35:00-04:00,7.409999847412109,7.409999847412109,7.409999847412109,7.409999847412109,292,0.0,0.0
2024-09-26 14:50:00-04:00,7.409999847412109,7.409999847412109,7.409999847412109,7.409999847412109,192,0.0,0.0
2024-09-26 14:55:00-04:00,7.420000076293945,7.429999828338623,7.420000076293945,7.425000190734863,7552,0.0,0.0
2024-09-26 15:00:00-04:00,7.420000076293945,7.429999828338623,7.420000076293945,7.429999828338623,997,0.0,0.0
2024-09-26 15:05:00-04:00,7.429999828338623,7.429999828338623,7.429999828338623,7.429999828338623,292,0.0,0.0
2024-09-26 15:10:00-04:00,7.440000057220459,7.440000057220459,7.440000057220459,7.440000057220459,1500,0.0,0.0
2024-09-26 15:20:00-04:00,7.429999828338623,7.429999828338623,7.429999828338623,7.429999828338623,100,0.0,0.0
2024-09-26 15:25:00-04:00,7.429999828338623,7.440000057220459,7.429999828338623,7.440000057220459,1200,0.0,0.0
2024-09-26 15:30:00-04:00,7.429999828338623,7.429999828338623,7.429999828338623,7.429999828338623,300,0.0,0.0
2024-09-26 15:35:00-04:00,7.429999828338623,7.434999942779541,7.420000076293945,7.434999942779541,1492,0.0,0.0
2024-09-26 15:45:00-04:00,7.434999942779541,7.434999942779541,7.434999942779541,7.434999942779541,200,0.0,0.0
2024-09-26 15:50:00-04:00,7.429999828338623,7.429999828338623,7.429999828338623,7.429999828338623,172,0.0,0.0
2024-09-26 15:55:00-04:00,7.429999828338623,7.434999942779541,7.425000190734863,7.429999828338623,6824,0.0,0.0
2024-09-27 09:30:00-04:00,7.460000038146973,7.460000038146973,7.454999923706055,7.454999923706055,6821,0.0,0.0
2024-09-27 09:45:00-04:00,7.440000057220459,7.440000057220459,7.440000057220459,7.440000057220459,1739,0.0,0.0
2024-09-27 09:50:00-04:00,7.429999828338623,7.429999828338623,7.429999828338623,7.429999828338623,3325,0.0,0.0
2024-09-27 10:00:00-04:00,7.449999809265137,7.449999809265137,7.449999809265137,7.449999809265137,100,0.0,0.0
2024-09-27 10:05:00-04:00,7.462900161743164,7.462900161743164,7.462900161743164,7.462900161743164,1538,0.0,0.0
2024-09-27 10:35:00-04:00,7.449999809265137,7.465000152587891,7.449999809265137,7.465000152587891,843,0.0,0.0
2024-09-27 10:40:00-04:00,7.449999809265137,7.449999809265137,7.449999809265137,7.449999809265137,100,0.0,0.0
2024-09-27 10:45:00-04:00,7.449999809265137,7.449999809265137,7.449999809265137,7.449999809265137,200,0.0,0.0
2024-09-27 10:50:00-04:00,7.449999809265137,7.449999809265137,7.449999809265137,7.449999809265137,200,0.0,0.0
2024-09-27 10:55:00-04:00,7.440000057220459,7.440000057220459,7.440000057220459,7.440000057220459,320,0.0,0.0
2024-09-27 11:00:00-04:00,7.440000057220459,7.440000057220459,7.440000057220459,7.440000057220459,200,0.0,0.0
2024-09-27 11:05:00-04:00,7.440000057220459,7.46999979019165,7.440000057220459,7.46999979019165,2062,0.0,0.0
2024-09-27 11:15:00-04:00,7.440000057220459,7.440000057220459,7.440000057220459,7.440000057220459,200,0.0,0.0
2024-09-27 11:20:00-04:00,7.440000057220459,7.454999923706055,7.440000057220459,7.454999923706055,300,0.0,0.0
2024-09-27 11:30:00-04:00,7.440000057220459,7.454999923706055,7.440000057220459,7.454999923706055,300,0.0,0.0
2024-09-27 11:40:00-04:00,7.46999979019165,7.46999979019165,7.457699775695801,7.457699775695801,647,0.0,0.0
2024-09-27 11:45:00-04:00,7.460000038146973,7.460000038146973,7.449999809265137,7.449999809265137,400,0.0,0.0
2024-09-27 11:50:00-04:00,7.449999809265137,7.460000038146973,7.449999809265137,7.460000038146973,200,0.0,0.0
2024-09-27 11:55:00-04:00,7.450399875640869,7.450399875640869,7.449999809265137,7.449999809265137,300,0.0,0.0
2024-09-27 12:00:00-04:00,7.445000171661377,7.445000171661377,7.445000171661377,7.445000171661377,100,0.0,0.0
2024-09-27 12:10:00-04:00,7.440000057220459,7.440000057220459,7.440000057220459,7.440000057220459,200,0.0,0.0
2024-09-27 12:15:00-04:00,7.440000057220459,7.445000171661377,7.440000057220459,7.445000171661377,1800,0.0,0.0
2024-09-27 12:25:00-04:00,7.449999809265137,7.465000152587891,7.449999809265137,7.449999809265137,1182,0.0,0.0
2024-09-27 12:30:00-04:00,7.460000038146973,7.460000038146973,7.460000038146973,7.460000038146973,100,0.0,0.0
2024-09-27 12:35:00-04:00,7.460000038146973,7.460000038146973,7.460000038146973,7.460000038146973,100,0.0,0.0
2024-09-27 12:40:00-04:00,7.460000038146973,7.460000038146973,7.460000038146973,7.460000038146973,101,0.0,0.0
2024-09-27 13:00:00-04:00,7.449999809265137,7.449999809265137,7.449999809265137,7.449999809265137,100,0.0,0.0
2024-09-27 13:05:00-04:00,7.449999809265137,7.460000038146973,7.449999809265137,7.460000038146973,200,0.0,0.0
2024-09-27 13:20:00-04:00,7.449999809265137,7.449999809265137,7.449999809265137,7.449999809265137,100,0.0,0.0
2024-09-27 13:30:00-04:00,7.449999809265137,7.449999809265137,7.449999809265137,7.449999809265137,100,0.0,0.0
2024-09-27 13:35:00-04:00,7.449999809265137,7.449999809265137,7.449999809265137,7.449999809265137,100,0.0,0.0
2024-09-27 13:40:00-04:00,7.460000038146973,7.460000038146973,7.460000038146973,7.460000038146973,100,0.0,0.0
2024-09-27 13:50:00-04:00,7.449999809265137,7.449999809265137,7.449999809265137,7.449999809265137,100,0.0,0.0
2024-09-27 14:00:00-04:00,7.440000057220459,7.440000057220459,7.440000057220459,7.440000057220459,100,0.0,0.0
2024-09-27 14:05:00-04:00,7.466800212860107,7.466800212860107,7.440000057220459,7.440000057220459,700,0.0,0.0
2024-09-27 14:10:00-04:00,7.454999923706055,7.454999923706055,7.454999923706055,7.454999923706055,100,0.0,0.0
2024-09-27 14:25:00-04:00,7.440000057220459,7.440000057220459,7.440000057220459,7.440000057220459,100,0.0,0.0
2024-09-27 14:30:00-04:00,7.440000057220459,7.440000057220459,7.440000057220459,7.440000057220459,100,0.0,0.0
2024-09-27 14:40:00-04:00,7.440000057220459,7.440000057220459,7.440000057220459,7.440000057220459,100,0.0,0.0
2024-09-27 14:50:00-04:00,7.440000057220459,7.440000057220459,7.440000057220459,7.440000057220459,100,0.0,0.0
2024-09-27 15:00:00-04:00,7.440000057220459,7.440000057220459,7.440000057220459,7.440000057220459,100,0.0,0.0
2024-09-27 15:10:00-04:00,7.440000057220459,7.440000057220459,7.440000057220459,7.440000057220459,200,0.0,0.0
2024-09-27 15:25:00-04:00,7.440000057220459,7.440000057220459,7.440000057220459,7.440000057220459,260,0.0,0.0
2024-09-27 15:30:00-04:00,7.460000038146973,7.460000038146973,7.449999809265137,7.460000038146973,514,0.0,0.0
2024-09-27 15:35:00-04:00,7.449999809265137,7.449999809265137,7.449999809265137,7.449999809265137,200,0.0,0.0
2024-09-27 15:40:00-04:00,7.449999809265137,7.449999809265137,7.449999809265137,7.449999809265137,245,0.0,0.0
2024-09-27 15:45:00-04:00,7.449999809265137,7.449999809265137,7.449999809265137,7.449999809265137,300,0.0,0.0
2024-09-27 15:50:00-04:00,7.46999979019165,7.46999979019165,7.440000057220459,7.440000057220459,513,0.0,0.0
2024-09-27 15:55:00-04:00,7.440000057220459,7.454999923706055,7.440000057220459,7.454999923706055,616,0.0,0.0
2024-09-30 09:30:00-04:00,7.440000057220459,7.440000057220459,7.440000057220459,7.440000057220459,0,0.0,0.0
2024-09-30 09:45:00-04:00,7.449999809265137,7.449999809265137,7.449999809265137,7.449999809265137,1148,0.0,0.0
2024-09-30 09:55:00-04:00,7.449999809265137,7.449999809265137,7.440000057220459,7.440000057220459,1601,0.0,0.0
2024-09-30 10:00:00-04:00,7.440000057220459,7.440000057220459,7.440000057220459,7.440000057220459,2329,0.0,0.0
2024-09-30 10:05:00-04:00,7.440000057220459,7.440000057220459,7.440000057220459,7.440000057220459,1510,0.0,0.0
2024-09-30 11:05:00-04:00,7.460000038146973,7.460000038146973,7.460000038146973,7.460000038146973,100,0.0,0.0
2024-09-30 11:10:00-04:00,7.46999979019165,7.480000019073486,7.46999979019165,7.480000019073486,1249,0.0,0.0
2024-09-30 11:15:00-04:00,7.480000019073486,7.489999771118164,7.474999904632568,7.489999771118164,3794,0.0,0.0
2024-09-30 11:20:00-04:00,7.480000019073486,7.480000019073486,7.480000019073486,7.480000019073486,500,0.0,0.0
2024-09-30 11:30:00-04:00,7.46999979019165,7.46999979019165,7.46999979019165,7.46999979019165,200,0.0,0.0
2024-09-30 11:35:00-04:00,7.46999979019165,7.46999979019165,7.46999979019165,7.46999979019165,100,0.0,0.0
2024-09-30 11:45:00-04:00,7.460000038146973,7.46999979019165,7.460000038146973,7.46999979019165,200,0.0,0.0
2024-09-30 11:50:00-04:00,7.46999979019165,7.5,7.46999979019165,7.474999904632568,0,0.0,0.0
2024-09-30 12:00:00-04:00,7.460000038146973,7.460000038146973,7.460000038146973,7.460000038146973,21452,0.0,0.0
2024-09-30 12:05:00-04:00,7.460000038146973,7.46999979019165,7.460000038146973,7.46999979019165,200,0.0,0.0
2024-09-30 12:10:00-04:00,7.46999979019165,7.46999979019165,7.46999979019165,7.46999979019165,101,0.0,0.0
2024-09-30 12:15:00-04:00,7.460000038146973,7.460000038146973,7.460000038146973,7.460000038146973,100,0.0,0.0
2024-09-30 12:25:00-04:00,7.460000038146973,7.46999979019165,7.460000038146973,7.46999979019165,400,0.0,0.0
2024-09-30 12:30:00-04:00,7.460000038146973,7.480000019073486,7.460000038146973,7.46999979019165,926,0.0,0.0
2024-09-30 12:35:00-04:00,7.46999979019165,7.46999979019165,7.46999979019165,7.46999979019165,100,0.0,0.0
2024-09-30 12:40:00-04:00,7.46999979019165,7.46999979019165,7.46999979019165,7.46999979019165,100,0.0,0.0
2024-09-30 12:45:00-04:00,7.46999979019165,7.480000019073486,7.46999979019165,7.46999979019165,401,0.0,0.0
2024-09-30 12:55:00-04:00,7.46999979019165,7.510000228881836,7.46999979019165,7.509500026702881,3802,0.0,0.0
2024-09-30 13:05:00-04:00,7.485000133514404,7.485000133514404,7.485000133514404,7.485000133514404,100,0.0,0.0
2024-09-30 13:10:00-04:00,7.480000019073486,7.5,7.46999979019165,7.46999979019165,574,0.0,0.0
2024-09-30 13:15:00-04:00,7.480000019073486,7.480000019073486,7.480000019073486,7.480000019073486,300,0.0,0.0
2024-09-30 13:20:00-04:00,7.480000019073486,7.510000228881836,7.480000019073486,7.489999771118164,4093,0.0,0.0
2024-09-30 13:30:00-04:00,7.489999771118164,7.489999771118164,7.480000019073486,7.480000019073486,351,0.0,0.0
2024-09-30 13:45:00-04:00,7.480000019073486,7.480000019073486,7.480000019073486,7.480000019073486,200,0.0,0.0
2024-09-30 13:50:00-04:00,7.480000019073486,7.480000019073486,7.480000019073486,7.480000019073486,100,0.0,0.0
2024-09-30 13:55:00-04:00,7.46999979019165,7.489999771118164,7.46999979019165,7.489999771118164,502,0.0,0.0
2024-09-30 14:05:00-04:00,7.46999979019165,7.46999979019165,7.46999979019165,7.46999979019165,100,0.0,0.0
2024-09-30 14:15:00-04:00,7.46999979019165,7.46999979019165,7.46999979019165,7.46999979019165,100,0.0,0.0
2024-09-30 14:20:00-04:00,7.46999979019165,7.5,7.46999979019165,7.5,311,0.0,0.0
2024-09-30 14:25:00-04:00,7.46999979019165,7.46999979019165,7.46999979019165,7.46999979019165,100,0.0,0.0
2024-09-30 14:30:00-04:00,7.473599910736084,7.473599910736084,7.473599910736084,7.473599910736084,197,0.0,0.0
2024-09-30 14:35:00-04:00,7.46999979019165,7.5,7.46999979019165,7.485000133514404,533,0.0,0.0
2024-09-30 14:45:00-04:00,7.495800018310547,7.495800018310547,7.495800018310547,7.495800018310547,122,0.0,0.0
2024-09-30 14:50:00-04:00,7.46999979019165,7.5,7.46999979019165,7.5,200,0.0,0.0
2024-09-30 14:55:00-04:00,7.485000133514404,7.5,7.485000133514404,7.485000133514404,400,0.0,0.0
2024-09-30 15:05:00-04:00,7.46999979019165,7.46999979019165,7.46999979019165,7.46999979019165,100,0.0,0.0
2024-09-30 15:10:00-04:00,7.46999979019165,7.46999979019165,7.46999979019165,7.46999979019165,201,0.0,0.0
2024-09-30 15:15:00-04:00,7.46999979019165,7.46999979019165,7.46999979019165,7.46999979019165,100,0.0,0.0
2024-09-30 15:20:00-04:00,7.46999979019165,7.46999979019165,7.46999979019165,7.46999979019165,100,0.0,0.0
2024-09-30 15:25:00-04:00,7.46999979019165,7.480000019073486,7.46999979019165,7.480000019073486,400,0.0,0.0
2024-09-30 15:30:00-04:00,7.489999771118164,7.489999771118164,7.489999771118164,7.489999771118164,360,0.0,0.0
2024-09-30 15:35:00-04:00,7.489999771118164,7.510000228881836,7.480100154876709,7.5,3803,0.0,0.0
2024-09-30 15:40:00-04:00,7.510000228881836,7.510000228881836,7.510000228881836,7.510000228881836,104,0.0,0.0
2024-09-30 15:45:00-04:00,7.494999885559082,7.494999885559082,7.480000019073486,7.480000019073486,730,0.0,0.0
2024-09-30 15:50:00-04:00,7.480000019073486,7.480000019073486,7.480000019073486,7.480000019073486,330,0.0,0.0
2024-09-30 15:55:00-04:00,7.46999979019165,7.510000228881836,7.46999979019165,7.510000228881836,1634,0.0,0.0
2024-10-01 09:30:00-04:00,7.510000228881836,7.519999980926514,7.510000228881836,7.519999980926514,4514,0.0,0.0
2024-10-01 09:40:00-04:00,7.53000020980835,7.53000020980835,7.53000020980835,7.53000020980835,1000,0.0,0.0
2024-10-01 09:45:00-04:00,7.53000020980835,7.550000190734863,7.53000020980835,7.53000020980835,664,0.0,0.0
2024-10-01 09:50:00-04:00,7.53000020980835,7.53000020980835,7.53000020980835,7.53000020980835,100,0.0,0.0
2024-10-01 09:55:00-04:00,7.54640007019043,7.54640007019043,7.519999980926514,7.519999980926514,3517,0.0,0.0
2024-10-01 10:00:00-04:00,7.539899826049805,7.539999961853027,7.519999980926514,7.53000020980835,8791,0.0,0.0
2024-10-01 10:05:00-04:00,7.53000020980835,7.53000020980835,7.53000020980835,7.53000020980835,470,0.0,0.0
2024-10-01 10:20:00-04:00,7.550000190734863,7.550000190734863,7.539999961853027,7.539999961853027,1927,0.0,0.0
2024-10-01 10:30:00-04:00,7.539999961853027,7.539999961853027,7.539999961853027,7.539999961853027,300,0.0,0.0
2024-10-01 10:40:00-04:00,7.539999961853027,7.550000190734863,7.530099868774414,7.550000190734863,1000,0.0,0.0
2024-10-01 10:45:00-04:00,7.550000190734863,7.550000190734863,7.550000190734863,7.550000190734863,100,0.0,0.0
2024-10-01 10:55:00-04:00,7.545000076293945,7.545000076293945,7.539999961853027,7.539999961853027,500,0.0,0.0
2024-10-01 11:00:00-04:00,7.537499904632568,7.539999961853027,7.534999847412109,7.539999961853027,4040,0.0,0.0
2024-10-01 11:05:00-04:00,7.539999961853027,7.539999961853027,7.534999847412109,7.534999847412109,0,0.0,0.0
2024-10-01 11:30:00-04:00,7.539999961853027,7.539999961853027,7.534999847412109,7.534999847412109,27423,0.0,0.0
2024-10-01 11:35:00-04:00,7.539999961853027,7.539999961853027,7.539999961853027,7.539999961853027,300,0.0,0.0
2024-10-01 11:40:00-04:00,7.539999961853027,7.539999961853027,7.539999961853027,7.539999961853027,100,0.0,0.0
2024-10-01 11:45:00-04:00,7.539999961853027,7.539999961853027,7.539999961853027,7.539999961853027,300,0.0,0.0
2024-10-01 11:50:00-04:00,7.539999961853027,7.539999961853027,7.534999847412109,7.539999961853027,400,0.0,0.0
2024-10-01 11:55:00-04:00,7.539999961853027,7.539999961853027,7.539999961853027,7.539999961853027,400,0.0,0.0
2024-10-01 12:00:00-04:00,7.539999961853027,7.539999961853027,7.539999961853027,7.539999961853027,200,0.0,0.0
2024-10-01 12:05:00-04:00,7.539999961853027,7.539999961853027,7.539999961853027,7.539999961853027,200,0.0,0.0
2024-10-01 12:10:00-04:00,7.539999961853027,7.539999961853027,7.539999961853027,7.539999961853027,100,0.0,0.0
2024-10-01 12:15:00-04:00,7.539999961853027,7.550000190734863,7.539999961853027,7.550000190734863,1689,0.0,0.0
2024-10-01 12:20:00-04:00,7.570000171661377,7.570000171661377,7.570000171661377,7.570000171661377,0,0.0,0.0
2024-10-01 12:35:00-04:00,7.569900035858154,7.569900035858154,7.569900035858154,7.569900035858154,31876,0.0,0.0
2024-10-01 12:45:00-04:00,7.563000202178955,7.570000171661377,7.559999942779541,7.565000057220459,2770,0.0,0.0
2024-10-01 13:00:00-04:00,7.565000057220459,7.565000057220459,7.565000057220459,7.565000057220459,100,0.0,0.0
2024-10-01 13:05:00-04:00,7.565000057220459,7.570000171661377,7.565000057220459,7.565000057220459,494,0.0,0.0
2024-10-01 13:15:00-04:00,7.570000171661377,7.570000171661377,7.570000171661377,7.570000171661377,200,0.0,0.0
2024-10-01 13:30:00-04:00,7.560800075531006,7.570000171661377,7.559999942779541,7.559999942779541,872,0.0,0.0
2024-10-01 13:45:00-04:00,7.570000171661377,7.570000171661377,7.570000171661377,7.570000171661377,230,0.0,0.0
2024-10-01 13:50:00-04:00,7.570000171661377,7.579999923706055,7.570000171661377,7.579999923706055,6000,0.0,0.0
2024-10-01 14:05:00-04:00,7.579899787902832,7.579999923706055,7.579899787902832,7.579999923706055,450,0.0,0.0
2024-10-01 14:15:00-04:00,7.574999809265137,7.579999923706055,7.574999809265137,7.579999923706055,1000,0.0,0.0
2024-10-01 14:20:00-04:00,7.577499866485596,7.577499866485596,7.577499866485596,7.577499866485596,801,0.0,0.0
2024-10-01 15:20:00-04:00,7.570000171661377,7.570000171661377,7.570000171661377,7.570000171661377,100,0.0,0.0
2024-10-01 15:25:00-04:00,7.574999809265137,7.579999923706055,7.574999809265137,7.574999809265137,1439,0.0,0.0
2024-10-01 15:40:00-04:00,7.577499866485596,7.577499866485596,7.574999809265137,7.574999809265137,255,0.0,0.0
2024-10-01 15:50:00-04:00,7.574999809265137,7.574999809265137,7.574999809265137,7.574999809265137,114,0.0,0.0
2024-10-01 15:55:00-04:00,7.574999809265137,7.650000095367432,7.574999809265137,7.610000133514404,5568,0.0,0.0
2024-10-02 09:30:00-04:00,7.550000190734863,7.590000152587891,7.550000190734863,7.585000038146973,0,0.0,0.0
2024-10-02 09:40:00-04:00,7.559999942779541,7.559999942779541,7.550000190734863,7.550000190734863,2402,0.0,0.0
2024-10-02 09:45:00-04:00,7.565000057220459,7.565000057220459,7.539999961853027,7.539999961853027,9109,0.0,0.0
2024-10-02 09:50:00-04:00,7.539999961853027,7.539999961853027,7.539999961853027,7.539999961853027,514,0.0,0.0
2024-10-02 11:00:00-04:00,7.550000190734863,7.550000190734863,7.550000190734863,7.550000190734863,410,0.0,0.0
2024-10-02 11:15:00-04:00,7.559999942779541,7.559999942779541,7.559999942779541,7.559999942779541,1242,0.0,0.0
2024-10-02 11:20:00-04:00,7.570000171661377,7.570000171661377,7.570000171661377,7.570000171661377,580,0.0,0.0
2024-10-02 11:25:00-04:00,7.570000171661377,7.570000171661377,7.570000171661377,7.570000171661377,308,0.0,0.0
2024-10-02 11:30:00-04:00,7.570000171661377,7.570000171661377,7.570000171661377,7.570000171661377,283,0.0,0.0
2024-10-02 11:50:00-04:00,7.579999923706055,7.579999923706055,7.579999923706055,7.579999923706055,456,0.0,0.0
2024-10-02 12:20:00-04:00,7.585000038146973,7.585000038146973,7.585000038146973,7.585000038146973,600,0.0,0.0
2024-10-02 12:35:00-04:00,7.585000038146973,7.585000038146973,7.585000038146973,7.585000038146973,100,0.0,0.0
2024-10-02 12:40:00-04:00,7.590000152587891,7.590000152587891,7.590000152587891,7.590000152587891,2774,0.0,0.0
2024-10-02 12:45:00-04:00,7.590000152587891,7.590000152587891,7.590000152587891,7.590000152587891,100,0.0,0.0
2024-10-02 12:50:00-04:00,7.590000152587891,7.590000152587891,7.590000152587891,7.590000152587891,200,0.0,0.0
2024-10-02 13:00:00-04:00,7.590000152587891,7.590000152587891,7.590000152587891,7.590000152587891,100,0.0,0.0
2024-10-02 13:05:00-04:00,7.590000152587891,7.590000152587891,7.590000152587891,7.590000152587891,100,0.0,0.0
2024-10-02 13:10:00-04:00,7.590000152587891,7.590000152587891,7.590000152587891,7.590000152587891,100,0.0,0.0
2024-10-02 13:15:00-04:00,7.590000152587891,7.590000152587891,7.590000152587891,7.590000152587891,201,0.0,0.0
2024-10-02 13:30:00-04:00,7.590000152587891,7.590000152587891,7.590000152587891,7.590000152587891,1292,0.0,0.0
2024-10-02 13:35:00-04:00,7.590000152587891,7.590000152587891,7.590000152587891,7.590000152587891,100,0.0,0.0
2024-10-02 13:40:00-04:00,7.590000152587891,7.590000152587891,7.590000152587891,7.590000152587891,100,0.0,0.0
2024-10-02 13:45:00-04:00,7.590000152587891,7.590000152587891,7.590000152587891,7.590000152587891,100,0.0,0.0
2024-10-02 13:50:00-04:00,7.590000152587891,7.590000152587891,7.590000152587891,7.590000152587891,489,0.0,0.0
2024-10-02 13:55:00-04:00,7.599999904632568,7.599999904632568,7.599999904632568,7.599999904632568,611,0.0,0.0
2024-10-02 14:10:00-04:00,7.599999904632568,7.599999904632568,7.599999904632568,7.599999904632568,200,0.0,0.0
2024-10-02 14:15:00-04:00,7.599999904632568,7.599999904632568,7.599999904632568,7.599999904632568,300,0.0,0.0
2024-10-02 14:20:00-04:00,7.599999904632568,7.599999904632568,7.599999904632568,7.599999904632568,400,0.0,0.0
2024-10-02 14:25:00-04:00,7.599999904632568,7.599999904632568,7.599999904632568,7.599999904632568,1020,0.0,0.0
2024-10-02 14:30:00-04:00,7.602399826049805,7.602399826049805,7.602399826049805,7.602399826049805,435,0.0,0.0
2024-10-02 14:35:00-04:00,7.605000019073486,7.605000019073486,7.605000019073486,7.605000019073486,683,0.0,0.0
2024-10-02 14:50:00-04:00,7.610000133514404,7.610000133514404,7.610000133514404,7.610000133514404,252,0.0,0.0
2024-10-02 14:55:00-04:00,7.609899997711182,7.610000133514404,7.605199813842773,7.610000133514404,4081,0.0,0.0
2024-10-02 15:00:00-04:00,7.605000019073486,7.610000133514404,7.605000019073486,7.610000133514404,1137,0.0,0.0
2024-10-02 15:05:00-04:00,7.610000133514404,7.610000133514404,7.599999904632568,7.599999904632568,2082,0.0,0.0
2024-10-02 15:10:00-04:00,7.599999904632568,7.599999904632568,7.599999904632568,7.599999904632568,1904,0.0,0.0
2024-10-02 15:15:00-04:00,7.6016998291015625,7.6016998291015625,7.599999904632568,7.599999904632568,4100,0.0,0.0
2024-10-02 15:20:00-04:00,7.599999904632568,7.599999904632568,7.59499979019165,7.59499979019165,1963,0.0,0.0
2024-10-02 15:25:00-04:00,7.579999923706055,7.59499979019165,7.559999942779541,7.559999942779541,30924,0.0,0.0
2024-10-02 15:35:00-04:00,7.579999923706055,7.579999923706055,7.570000171661377,7.570000171661377,2169,0.0,0.0
2024-10-03 09:30:00-04:00,7.559999942779541,7.599999904632568,7.559999942779541,7.599999904632568,0,0.0,0.0
2024-10-03 09:40:00-04:00,7.590000152587891,7.590000152587891,7.590000152587891,7.590000152587891,7824,0.0,0.0
2024-10-03 09:45:00-04:00,7.590000152587891,7.592899799346924,7.590000152587891,7.592899799346924,921,0.0,0.0
2024-10-03 09:50:00-04:00,7.590000152587891,7.590000152587891,7.590000152587891,7.590000152587891,1000,0.0,0.0
2024-10-03 09:55:00-04:00,7.590000152587891,7.590000152587891,7.590000152587891,7.590000152587891,3901,0.0,0.0
2024-10-03 10:05:00-04:00,7.599999904632568,7.599999904632568,7.59689998626709,7.59689998626709,501,0.0,0.0
2024-10-03 10:10:00-04:00,7.598999977111816,7.599899768829346,7.59499979019165,7.59499979019165,500,0.0,0.0
2024-10-03 10:15:00-04:00,7.599999904632568,7.599999904632568,7.599999904632568,7.599999904632568,300,0.0,0.0
2024-10-03 10:40:00-04:00,7.59499979019165,7.59499979019165,7.570000171661377,7.590000152587891,4783,0.0,0.0
2024-10-03 10:45:00-04:00,7.590000152587891,7.590000152587891,7.570000171661377,7.590000152587891,1780,0.0,0.0
2024-10-03 10:50:00-04:00,7.590000152587891,7.619999885559082,7.570000171661377,7.619999885559082,7131,0.0,0.0
2024-10-03 10:55:00-04:00,7.599999904632568,7.599999904632568,7.599999904632568,7.599999904632568,100,0.0,0.0
2024-10-03 11:05:00-04:00,7.610000133514404,7.610000133514404,7.610000133514404,7.610000133514404,300,0.0,0.0
2024-10-03 11:15:00-04:00,7.605000019073486,7.605000019073486,7.605000019073486,7.605000019073486,101,0.0,0.0
2024-10-03 11:50:00-04:00,7.599999904632568,7.599999904632568,7.599999904632568,7.599999904632568,1051,0.0,0.0
2024-10-03 12:15:00-04:00,7.605000019073486,7.605000019073486,7.605000019073486,7.605000019073486,100,0.0,0.0
2024-10-03 12:20:00-04:00,7.60099983215332,7.60099983215332,7.60099983215332,7.60099983215332,103,0.0,0.0
2024-10-03 13:15:00-04:00,7.605000019073486,7.610000133514404,7.599999904632568,7.599999904632568,12618,0.0,0.0
2024-10-03 13:30:00-04:00,7.599999904632568,7.599999904632568,7.599999904632568,7.599999904632568,100,0.0,0.0
2024-10-03 13:40:00-04:00,7.601099967956543,7.601099967956543,7.599999904632568,7.599999904632568,7277,0.0,0.0
2024-10-03 13:50:00-04:00,7.599999904632568,7.600900173187256,7.599999904632568,7.599999904632568,10413,0.0,0.0
2024-10-03 14:30:00-04:00,7.610000133514404,7.610000133514404,7.605000019073486,7.605000019073486,684,0.0,0.0
2024-10-03 15:10:00-04:00,7.610000133514404,7.610000133514404,7.610000133514404,7.610000133514404,101,0.0,0.0
2024-10-03 15:15:00-04:00,7.610000133514404,7.610000133514404,7.610000133514404,7.610000133514404,287,0.0,0.0
2024-10-03 15:35:00-04:00,7.610000133514404,7.610000133514404,7.610000133514404,7.610000133514404,1450,0.0,0.0
2024-10-03 15:50:00-04:00,7.590000152587891,7.590000152587891,7.590000152587891,7.590000152587891,269,0.0,0.0
2024-10-03 15:55:00-04:00,7.590000152587891,7.590000152587891,7.590000152587891,7.590000152587891,433,0.0,0.0
2024-10-04 09:30:00-04:00,7.539999961853027,7.570000171661377,7.539999961853027,7.570000171661377,0,0.0,0.0
2024-10-04 09:45:00-04:00,7.510000228881836,7.559999942779541,7.5,7.559999942779541,1800,0.0,0.0
2024-10-04 09:50:00-04:00,7.559999942779541,7.559999942779541,7.559999942779541,7.559999942779541,600,0.0,0.0
2024-10-04 09:55:00-04:00,7.559999942779541,7.559999942779541,7.559999942779541,7.559999942779541,200,0.0,0.0
2024-10-04 10:00:00-04:00,7.559999942779541,7.559999942779541,7.559999942779541,7.559999942779541,200,0.0,0.0
2024-10-04 10:05:00-04:00,7.550000190734863,7.550000190734863,7.550000190734863,7.550000190734863,1049,0.0,0.0
2024-10-04 10:10:00-04:00,7.550000190734863,7.550000190734863,7.545000076293945,7.545000076293945,201,0.0,0.0
2024-10-04 10:15:00-04:00,7.550000190734863,7.550000190734863,7.519999980926514,7.539999961853027,357,0.0,0.0
2024-10-04 10:20:00-04:00,7.539999961853027,7.539999961853027,7.539999961853027,7.539999961853027,306,0.0,0.0
2024-10-04 10:50:00-04:00,7.519999980926514,7.519999980926514,7.510000228881836,7.519999980926514,1900,0.0,0.0
2024-10-04 10:55:00-04:00,7.510000228881836,7.539899826049805,7.489999771118164,7.489999771118164,5267,0.0,0.0
2024-10-04 11:00:00-04:00,7.480000019073486,7.505000114440918,7.46999979019165,7.46999979019165,1687,0.0,0.0
2024-10-04 11:05:00-04:00,7.5,7.510000228881836,7.5,7.510000228881836,700,0.0,0.0
2024-10-04 11:10:00-04:00,7.510000228881836,7.510000228881836,7.5,7.5,300,0.0,0.0
2024-10-04 11:15:00-04:00,7.46999979019165,7.46999979019165,7.46999979019165,7.46999979019165,100,0.0,0.0
2024-10-04 11:30:00-04:00,7.5,7.5,7.5,7.5,125,0.0,0.0
2024-10-04 11:40:00-04:00,7.5,7.519999980926514,7.5,7.519999980926514,740,0.0,0.0
2024-10-04 12:30:00-04:00,7.494999885559082,7.494999885559082,7.494999885559082,7.494999885559082,105,0.0,0.0
2024-10-04 12:35:00-04:00,7.46999979019165,7.46999979019165,7.46999979019165,7.46999979019165,365,0.0,0.0
2024-10-04 12:40:00-04:00,7.487299919128418,7.489999771118164,7.487299919128418,7.489999771118164,900,0.0,0.0
2024-10-04 12:50:00-04:00,7.488100051879883,7.488100051879883,7.488100051879883,7.488100051879883,611,0.0,0.0
2024-10-04 13:50:00-04:00,7.489999771118164,7.489999771118164,7.489999771118164,7.489999771118164,1626,0.0,0.0
2024-10-04 13:55:00-04:00,7.5,7.5,7.5,7.5,948,0.0,0.0
2024-10-04 14:15:00-04:00,7.505000114440918,7.529900074005127,7.505000114440918,7.529900074005127,2588,0.0,0.0
2024-10-04 14:20:00-04:00,7.519700050354004,7.519700050354004,7.519700050354004,7.519700050354004,133,0.0,0.0
2024-10-04 15:30:00-04:00,7.519999980926514,7.519999980926514,7.519999980926514,7.519999980926514,157,0.0,0.0
2024-10-04 15:50:00-04:00,7.53000020980835,7.539999961853027,7.519999980926514,7.53000020980835,1361,0.0,0.0
2024-10-04 15:55:00-04:00,7.539999961853027,7.539999961853027,7.539999961853027,7.539999961853027,500,0.0,0.0
