Datetime,Open,High,Low,Close,Volume,Dividends,Stock Splits
2024-06-14 09:00:00+09:00,4560.0,4595.0,4560.0,4585.0,13700,0.0,0.0
2024-06-14 09:05:00+09:00,4590.0,4590.0,4580.0,4580.0,1000,0.0,0.0
2024-06-14 09:10:00+09:00,4580.0,4585.0,4575.0,4585.0,400,0.0,0.0
2024-06-14 09:15:00+09:00,4580.0,4585.0,4575.0,4585.0,700,0.0,0.0
2024-06-14 09:20:00+09:00,4580.0,4580.0,4580.0,4580.0,100,0.0,0.0
2024-06-14 09:25:00+09:00,4590.0,4595.0,4590.0,4595.0,700,0.0,0.0
2024-06-14 09:30:00+09:00,4595.0,4605.0,4590.0,4595.0,2700,0.0,0.0
2024-06-14 09:35:00+09:00,4595.0,4595.0,4595.0,4595.0,100,0.0,0.0
2024-06-14 09:45:00+09:00,4595.0,4595.0,4590.0,4590.0,500,0.0,0.0
2024-06-14 09:50:00+09:00,4595.0,4595.0,4595.0,4595.0,200,0.0,0.0
2024-06-14 09:55:00+09:00,4605.0,4605.0,4605.0,4605.0,1600,0.0,0.0
2024-06-14 10:00:00+09:00,4600.0,4600.0,4600.0,4600.0,400,0.0,0.0
2024-06-14 10:05:00+09:00,4605.0,4605.0,4605.0,4605.0,200,0.0,0.0
2024-06-14 10:10:00+09:00,4610.0,4615.0,4610.0,4610.0,5100,0.0,0.0
2024-06-14 10:15:00+09:00,4615.0,4615.0,4610.0,4610.0,700,0.0,0.0
2024-06-14 10:20:00+09:00,4615.0,4615.0,4615.0,4615.0,200,0.0,0.0
2024-06-14 10:25:00+09:00,4610.0,4610.0,4610.0,4610.0,100,0.0,0.0
2024-06-14 10:35:00+09:00,4610.0,4625.0,4610.0,4625.0,1100,0.0,0.0
2024-06-14 10:40:00+09:00,4625.0,4625.0,4615.0,4615.0,1400,0.0,0.0
2024-06-14 10:45:00+09:00,4615.0,4615.0,4615.0,4615.0,100,0.0,0.0
2024-06-14 10:50:00+09:00,4620.0,4625.0,4620.0,4620.0,700,0.0,0.0
2024-06-14 10:55:00+09:00,4630.0,4630.0,4625.0,4625.0,700,0.0,0.0
2024-06-14 11:00:00+09:00,4620.0,4620.0,4620.0,4620.0,200,0.0,0.0
2024-06-14 11:10:00+09:00,4620.0,4620.0,4620.0,4620.0,200,0.0,0.0
2024-06-14 11:15:00+09:00,4625.0,4625.0,4625.0,4625.0,100,0.0,0.0
2024-06-14 11:20:00+09:00,4625.0,4625.0,4625.0,4625.0,100,0.0,0.0
2024-06-14 11:25:00+09:00,4625.0,4625.0,4620.0,4620.0,500,0.0,0.0
2024-06-14 11:30:00+09:00,4625.0,4625.0,4625.0,4625.0,500,0.0,0.0
2024-06-14 11:35:00+09:00,4625.0,4625.0,4625.0,4625.0,0,0.0,0.0
2024-06-14 12:30:00+09:00,4630.0,4630.0,4595.0,4605.0,36300,0.0,0.0
2024-06-14 12:35:00+09:00,4605.0,4610.0,4605.0,4610.0,400,0.0,0.0
2024-06-14 12:40:00+09:00,4615.0,4620.0,4615.0,4620.0,600,0.0,0.0
2024-06-14 12:45:00+09:00,4615.0,4615.0,4615.0,4615.0,200,0.0,0.0
2024-06-14 12:55:00+09:00,4625.0,4625.0,4625.0,4625.0,400,0.0,0.0
2024-06-14 13:00:00+09:00,4625.0,4625.0,4620.0,4620.0,1000,0.0,0.0
2024-06-14 13:05:00+09:00,4620.0,4620.0,4620.0,4620.0,500,0.0,0.0
2024-06-14 13:15:00+09:00,4615.0,4615.0,4615.0,4615.0,100,0.0,0.0
2024-06-14 13:25:00+09:00,4620.0,4620.0,4620.0,4620.0,600,0.0,0.0
2024-06-14 13:30:00+09:00,4620.0,4620.0,4620.0,4620.0,200,0.0,0.0
2024-06-14 13:35:00+09:00,4620.0,4620.0,4620.0,4620.0,200,0.0,0.0
2024-06-14 13:40:00+09:00,4620.0,4620.0,4620.0,4620.0,0,0.0,0.0
2024-06-14 14:00:00+09:00,4620.0,4620.0,4620.0,4620.0,41600,0.0,0.0
2024-06-14 14:05:00+09:00,4615.0,4615.0,4610.0,4610.0,1300,0.0,0.0
2024-06-14 14:10:00+09:00,4615.0,4615.0,4615.0,4615.0,200,0.0,0.0
2024-06-14 14:15:00+09:00,4615.0,4615.0,4615.0,4615.0,500,0.0,0.0
2024-06-14 14:20:00+09:00,4610.0,4610.0,4610.0,4610.0,100,0.0,0.0
2024-06-14 14:25:00+09:00,4605.0,4605.0,4600.0,4600.0,500,0.0,0.0
2024-06-14 14:30:00+09:00,4605.0,4610.0,4605.0,4610.0,600,0.0,0.0
2024-06-14 14:35:00+09:00,4610.0,4610.0,4610.0,4610.0,300,0.0,0.0
2024-06-14 14:40:00+09:00,4605.0,4605.0,4600.0,4600.0,800,0.0,0.0
2024-06-14 14:45:00+09:00,4595.0,4595.0,4595.0,4595.0,100,0.0,0.0
2024-06-14 14:50:00+09:00,4600.0,4600.0,4595.0,4595.0,200,0.0,0.0
2024-06-14 14:55:00+09:00,4595.0,4610.0,4595.0,4610.0,1100,0.0,0.0
2024-06-17 09:00:00+09:00,4590.0,4590.0,4560.0,4560.0,1700,0.0,0.0
2024-06-17 09:05:00+09:00,4555.0,4555.0,4545.0,4545.0,1700,0.0,0.0
2024-06-17 09:10:00+09:00,4545.0,4550.0,4540.0,4540.0,1500,0.0,0.0
2024-06-17 09:15:00+09:00,4535.0,4540.0,4530.0,4535.0,1100,0.0,0.0
2024-06-17 09:20:00+09:00,4540.0,4545.0,4535.0,4535.0,600,0.0,0.0
2024-06-17 09:25:00+09:00,4535.0,4545.0,4535.0,4540.0,800,0.0,0.0
2024-06-17 09:30:00+09:00,4550.0,4555.0,4550.0,4555.0,600,0.0,0.0
2024-06-17 09:35:00+09:00,4550.0,4550.0,4550.0,4550.0,200,0.0,0.0
2024-06-17 09:45:00+09:00,4555.0,4560.0,4555.0,4555.0,1200,0.0,0.0
2024-06-17 09:55:00+09:00,4555.0,4555.0,4555.0,4555.0,400,0.0,0.0
2024-06-17 10:00:00+09:00,4555.0,4565.0,4555.0,4565.0,600,0.0,0.0
2024-06-17 10:15:00+09:00,4560.0,4565.0,4560.0,4565.0,1200,0.0,0.0
2024-06-17 10:20:00+09:00,4565.0,4565.0,4565.0,4565.0,200,0.0,0.0
2024-06-17 10:25:00+09:00,4560.0,4560.0,4550.0,4550.0,1200,0.0,0.0
2024-06-17 10:30:00+09:00,4555.0,4565.0,4555.0,4565.0,1500,0.0,0.0
2024-06-17 10:35:00+09:00,4570.0,4570.0,4570.0,4570.0,1000,0.0,0.0
2024-06-17 10:40:00+09:00,4575.0,4575.0,4575.0,4575.0,200,0.0,0.0
2024-06-17 10:45:00+09:00,4595.0,4595.0,4595.0,4595.0,100,0.0,0.0
2024-06-17 10:50:00+09:00,4590.0,4590.0,4590.0,4590.0,800,0.0,0.0
2024-06-17 11:05:00+09:00,4595.0,4595.0,4595.0,4595.0,500,0.0,0.0
2024-06-17 11:10:00+09:00,4595.0,4595.0,4590.0,4590.0,1400,0.0,0.0
2024-06-17 11:15:00+09:00,4590.0,4590.0,4590.0,4590.0,200,0.0,0.0
2024-06-17 11:20:00+09:00,4590.0,4590.0,4590.0,4590.0,100,0.0,0.0
2024-06-17 11:25:00+09:00,4595.0,4595.0,4595.0,4595.0,100,0.0,0.0
2024-06-17 11:30:00+09:00,4600.0,4600.0,4600.0,4600.0,400,0.0,0.0
2024-06-17 11:35:00+09:00,4600.0,4600.0,4600.0,4600.0,0,0.0,0.0
2024-06-17 12:30:00+09:00,4580.0,4610.0,4580.0,4610.0,23000,0.0,0.0
2024-06-17 12:35:00+09:00,4610.0,4610.0,4605.0,4605.0,600,0.0,0.0
2024-06-17 12:40:00+09:00,4610.0,4610.0,4610.0,4610.0,300,0.0,0.0
2024-06-17 12:45:00+09:00,4610.0,4610.0,4610.0,4610.0,500,0.0,0.0
2024-06-17 12:50:00+09:00,4610.0,4610.0,4610.0,4610.0,100,0.0,0.0
2024-06-17 12:55:00+09:00,4605.0,4605.0,4605.0,4605.0,200,0.0,0.0
2024-06-17 13:00:00+09:00,4610.0,4610.0,4605.0,4605.0,600,0.0,0.0
2024-06-17 13:10:00+09:00,4605.0,4605.0,4600.0,4600.0,700,0.0,0.0
2024-06-17 13:15:00+09:00,4600.0,4600.0,4600.0,4600.0,100,0.0,0.0
2024-06-17 13:30:00+09:00,4600.0,4600.0,4600.0,4600.0,100,0.0,0.0
2024-06-17 13:35:00+09:00,4605.0,4605.0,4605.0,4605.0,100,0.0,0.0
2024-06-17 13:45:00+09:00,4600.0,4600.0,4600.0,4600.0,200,0.0,0.0
2024-06-17 13:50:00+09:00,4605.0,4605.0,4605.0,4605.0,100,0.0,0.0
2024-06-17 13:55:00+09:00,4605.0,4605.0,4605.0,4605.0,500,0.0,0.0
2024-06-17 14:05:00+09:00,4610.0,4615.0,4610.0,4615.0,500,0.0,0.0
2024-06-17 14:15:00+09:00,4615.0,4615.0,4615.0,4615.0,100,0.0,0.0
2024-06-17 14:20:00+09:00,4615.0,4615.0,4610.0,4610.0,1300,0.0,0.0
2024-06-17 14:25:00+09:00,4620.0,4620.0,4615.0,4615.0,500,0.0,0.0
2024-06-17 14:30:00+09:00,4620.0,4620.0,4620.0,4620.0,100,0.0,0.0
2024-06-17 14:35:00+09:00,4620.0,4625.0,4620.0,4620.0,400,0.0,0.0
2024-06-17 14:40:00+09:00,4620.0,4620.0,4610.0,4610.0,2100,0.0,0.0
2024-06-17 14:50:00+09:00,4610.0,4610.0,4605.0,4605.0,800,0.0,0.0
2024-06-17 14:55:00+09:00,4605.0,4605.0,4600.0,4600.0,500,0.0,0.0
2024-06-18 09:00:00+09:00,4615.0,4615.0,4610.0,4610.0,2000,0.0,0.0
2024-06-18 09:05:00+09:00,4605.0,4610.0,4605.0,4610.0,400,0.0,0.0
2024-06-18 09:10:00+09:00,4610.0,4620.0,4610.0,4615.0,900,0.0,0.0
2024-06-18 09:15:00+09:00,4615.0,4615.0,4615.0,4615.0,400,0.0,0.0
2024-06-18 09:20:00+09:00,4615.0,4615.0,4610.0,4610.0,800,0.0,0.0
2024-06-18 09:25:00+09:00,4605.0,4605.0,4605.0,4605.0,100,0.0,0.0
2024-06-18 09:30:00+09:00,4605.0,4605.0,4605.0,4605.0,100,0.0,0.0
2024-06-18 09:35:00+09:00,4610.0,4610.0,4605.0,4605.0,600,0.0,0.0
2024-06-18 09:40:00+09:00,4605.0,4605.0,4605.0,4605.0,400,0.0,0.0
2024-06-18 09:50:00+09:00,4600.0,4615.0,4600.0,4615.0,0,0.0,0.0
2024-06-18 09:55:00+09:00,4615.0,4615.0,4615.0,4615.0,6800,0.0,0.0
2024-06-18 10:10:00+09:00,4620.0,4620.0,4615.0,4615.0,1300,0.0,0.0
2024-06-18 10:15:00+09:00,4615.0,4615.0,4615.0,4615.0,100,0.0,0.0
2024-06-18 10:25:00+09:00,4620.0,4625.0,4620.0,4625.0,300,0.0,0.0
2024-06-18 10:40:00+09:00,4620.0,4620.0,4615.0,4615.0,900,0.0,0.0
2024-06-18 10:45:00+09:00,4610.0,4610.0,4610.0,4610.0,100,0.0,0.0
2024-06-18 11:05:00+09:00,4610.0,4610.0,4600.0,4600.0,600,0.0,0.0
2024-06-18 11:10:00+09:00,4600.0,4605.0,4600.0,4605.0,500,0.0,0.0
2024-06-18 11:15:00+09:00,4605.0,4605.0,4605.0,4605.0,300,0.0,0.0
2024-06-18 11:25:00+09:00,4610.0,4610.0,4610.0,4610.0,100,0.0,0.0
2024-06-18 11:30:00+09:00,4615.0,4615.0,4615.0,4615.0,300,0.0,0.0
2024-06-18 11:35:00+09:00,4615.0,4615.0,4615.0,4615.0,0,0.0,0.0
2024-06-18 12:30:00+09:00,4615.0,4615.0,4610.0,4610.0,12600,0.0,0.0
2024-06-18 12:40:00+09:00,4615.0,4615.0,4610.0,4610.0,500,0.0,0.0
2024-06-18 12:55:00+09:00,4615.0,4615.0,4615.0,4615.0,100,0.0,0.0
2024-06-18 13:00:00+09:00,4615.0,4615.0,4615.0,4615.0,100,0.0,0.0
2024-06-18 13:10:00+09:00,4615.0,4615.0,4615.0,4615.0,100,0.0,0.0
2024-06-18 13:15:00+09:00,4615.0,4615.0,4615.0,4615.0,100,0.0,0.0
2024-06-18 13:25:00+09:00,4610.0,4610.0,4605.0,4610.0,1100,0.0,0.0
2024-06-18 13:35:00+09:00,4615.0,4615.0,4615.0,4615.0,200,0.0,0.0
2024-06-18 13:45:00+09:00,4620.0,4620.0,4620.0,4620.0,100,0.0,0.0
2024-06-18 13:50:00+09:00,4615.0,4615.0,4610.0,4610.0,800,0.0,0.0
2024-06-18 14:05:00+09:00,4615.0,4615.0,4615.0,4615.0,100,0.0,0.0
2024-06-18 14:10:00+09:00,4615.0,4615.0,4615.0,4615.0,500,0.0,0.0
2024-06-18 14:15:00+09:00,4615.0,4615.0,4615.0,4615.0,200,0.0,0.0
2024-06-18 14:20:00+09:00,4615.0,4615.0,4615.0,4615.0,200,0.0,0.0
2024-06-18 14:30:00+09:00,4615.0,4615.0,4615.0,4615.0,600,0.0,0.0
2024-06-18 14:40:00+09:00,4620.0,4620.0,4620.0,4620.0,100,0.0,0.0
2024-06-18 14:45:00+09:00,4620.0,4620.0,4620.0,4620.0,100,0.0,0.0
2024-06-18 14:50:00+09:00,4620.0,4620.0,4615.0,4615.0,400,0.0,0.0
2024-06-18 14:55:00+09:00,4615.0,4620.0,4615.0,4615.0,900,0.0,0.0
2024-06-19 09:00:00+09:00,4600.0,4610.0,4600.0,4610.0,1100,0.0,0.0
2024-06-19 09:05:00+09:00,4610.0,4620.0,4600.0,4610.0,1800,0.0,0.0
2024-06-19 09:15:00+09:00,4615.0,4625.0,4610.0,4610.0,3600,0.0,0.0
2024-06-19 09:20:00+09:00,4610.0,4615.0,4610.0,4615.0,300,0.0,0.0
2024-06-19 09:25:00+09:00,4615.0,4615.0,4600.0,4600.0,600,0.0,0.0
2024-06-19 09:30:00+09:00,4590.0,4595.0,4590.0,4595.0,500,0.0,0.0
2024-06-19 09:35:00+09:00,4600.0,4600.0,4595.0,4595.0,600,0.0,0.0
2024-06-19 09:40:00+09:00,4595.0,4595.0,4595.0,4595.0,300,0.0,0.0
2024-06-19 09:45:00+09:00,4600.0,4600.0,4595.0,4595.0,500,0.0,0.0
2024-06-19 09:50:00+09:00,4600.0,4600.0,4595.0,4600.0,300,0.0,0.0
2024-06-19 09:55:00+09:00,4605.0,4605.0,4605.0,4605.0,700,0.0,0.0
2024-06-19 10:00:00+09:00,4610.0,4610.0,4610.0,4610.0,200,0.0,0.0
2024-06-19 10:05:00+09:00,4610.0,4615.0,4610.0,4615.0,400,0.0,0.0
2024-06-19 10:10:00+09:00,4615.0,4615.0,4610.0,4610.0,600,0.0,0.0
2024-06-19 10:15:00+09:00,4605.0,4605.0,4605.0,4605.0,100,0.0,0.0
2024-06-19 10:20:00+09:00,4605.0,4605.0,4605.0,4605.0,100,0.0,0.0
2024-06-19 10:25:00+09:00,4610.0,4615.0,4610.0,4615.0,400,0.0,0.0
2024-06-19 10:30:00+09:00,4615.0,4615.0,4615.0,4615.0,900,0.0,0.0
2024-06-19 10:35:00+09:00,4615.0,4615.0,4600.0,4600.0,1600,0.0,0.0
2024-06-19 10:40:00+09:00,4600.0,4600.0,4590.0,4590.0,300,0.0,0.0
2024-06-19 10:50:00+09:00,4595.0,4600.0,4595.0,4600.0,400,0.0,0.0
2024-06-19 10:55:00+09:00,4600.0,4600.0,4600.0,4600.0,500,0.0,0.0
2024-06-19 11:00:00+09:00,4600.0,4600.0,4600.0,4600.0,100,0.0,0.0
2024-06-19 11:05:00+09:00,4600.0,4600.0,4600.0,4600.0,300,0.0,0.0
2024-06-19 11:15:00+09:00,4595.0,4595.0,4590.0,4590.0,1200,0.0,0.0
2024-06-19 11:20:00+09:00,4590.0,4595.0,4590.0,4595.0,600,0.0,0.0
2024-06-19 11:25:00+09:00,4595.0,4595.0,4595.0,4595.0,100,0.0,0.0
2024-06-19 11:30:00+09:00,4600.0,4600.0,4600.0,4600.0,100,0.0,0.0
2024-06-19 11:35:00+09:00,4600.0,4600.0,4600.0,4600.0,0,0.0,0.0
2024-06-19 12:30:00+09:00,4605.0,4605.0,4595.0,4595.0,19100,0.0,0.0
2024-06-19 12:35:00+09:00,4590.0,4590.0,4590.0,4590.0,100,0.0,0.0
2024-06-19 12:40:00+09:00,4590.0,4590.0,4590.0,4590.0,100,0.0,0.0
2024-06-19 12:45:00+09:00,4585.0,4585.0,4585.0,4585.0,100,0.0,0.0
2024-06-19 12:50:00+09:00,4580.0,4580.0,4580.0,4580.0,200,0.0,0.0
2024-06-19 12:55:00+09:00,4585.0,4590.0,4585.0,4590.0,500,0.0,0.0
2024-06-19 13:00:00+09:00,4590.0,4590.0,4590.0,4590.0,100,0.0,0.0
2024-06-19 13:15:00+09:00,4590.0,4595.0,4590.0,4595.0,200,0.0,0.0
2024-06-19 13:20:00+09:00,4590.0,4590.0,4590.0,4590.0,100,0.0,0.0
2024-06-19 13:25:00+09:00,4590.0,4590.0,4590.0,4590.0,100,0.0,0.0
2024-06-19 13:35:00+09:00,4590.0,4595.0,4590.0,4595.0,200,0.0,0.0
2024-06-19 13:45:00+09:00,4590.0,4590.0,4590.0,4590.0,400,0.0,0.0
2024-06-19 14:00:00+09:00,4590.0,4590.0,4590.0,4590.0,500,0.0,0.0
2024-06-19 14:10:00+09:00,4595.0,4595.0,4590.0,4590.0,400,0.0,0.0
2024-06-19 14:15:00+09:00,4590.0,4590.0,4585.0,4585.0,300,0.0,0.0
2024-06-19 14:20:00+09:00,4585.0,4585.0,4580.0,4580.0,700,0.0,0.0
2024-06-19 14:30:00+09:00,4585.0,4585.0,4585.0,4585.0,100,0.0,0.0
2024-06-19 14:35:00+09:00,4585.0,4585.0,4585.0,4585.0,100,0.0,0.0
2024-06-19 14:40:00+09:00,4590.0,4590.0,4585.0,4585.0,200,0.0,0.0
2024-06-19 14:45:00+09:00,4585.0,4585.0,4585.0,4585.0,100,0.0,0.0
2024-06-19 14:55:00+09:00,4590.0,4595.0,4585.0,4595.0,1000,0.0,0.0
2024-06-20 09:00:00+09:00,4610.0,4640.0,4610.0,4640.0,4500,0.0,0.0
2024-06-20 09:05:00+09:00,4630.0,4640.0,4625.0,4640.0,1000,0.0,0.0
2024-06-20 09:10:00+09:00,4635.0,4635.0,4630.0,4630.0,400,0.0,0.0
2024-06-20 09:15:00+09:00,4640.0,4640.0,4635.0,4635.0,1100,0.0,0.0
2024-06-20 09:20:00+09:00,4635.0,4635.0,4635.0,4635.0,800,0.0,0.0
2024-06-20 09:30:00+09:00,4635.0,4640.0,4635.0,4640.0,700,0.0,0.0
2024-06-20 09:35:00+09:00,4640.0,4640.0,4640.0,4640.0,600,0.0,0.0
2024-06-20 09:40:00+09:00,4640.0,4640.0,4640.0,4640.0,100,0.0,0.0
2024-06-20 09:45:00+09:00,4635.0,4635.0,4630.0,4630.0,900,0.0,0.0
2024-06-20 09:55:00+09:00,4630.0,4630.0,4630.0,4630.0,200,0.0,0.0
2024-06-20 10:00:00+09:00,4635.0,4635.0,4635.0,4635.0,500,0.0,0.0
2024-06-20 10:05:00+09:00,4635.0,4635.0,4635.0,4635.0,100,0.0,0.0
2024-06-20 10:10:00+09:00,4630.0,4630.0,4630.0,4630.0,0,0.0,0.0
2024-06-20 10:15:00+09:00,4625.0,4625.0,4620.0,4625.0,12000,0.0,0.0
2024-06-20 10:25:00+09:00,4625.0,4625.0,4615.0,4615.0,900,0.0,0.0
2024-06-20 10:30:00+09:00,4615.0,4620.0,4615.0,4620.0,300,0.0,0.0
2024-06-20 10:45:00+09:00,4610.0,4610.0,4610.0,4610.0,300,0.0,0.0
2024-06-20 10:55:00+09:00,4615.0,4615.0,4610.0,4615.0,400,0.0,0.0
2024-06-20 11:00:00+09:00,4610.0,4610.0,4605.0,4605.0,1000,0.0,0.0
2024-06-20 11:05:00+09:00,4605.0,4605.0,4605.0,4605.0,100,0.0,0.0
2024-06-20 11:10:00+09:00,4600.0,4605.0,4600.0,4605.0,1000,0.0,0.0
2024-06-20 11:15:00+09:00,4605.0,4605.0,4605.0,4605.0,100,0.0,0.0
2024-06-20 11:20:00+09:00,4605.0,4605.0,4605.0,4605.0,100,0.0,0.0
2024-06-20 11:25:00+09:00,4610.0,4610.0,4610.0,4610.0,100,0.0,0.0
2024-06-20 11:30:00+09:00,4605.0,4605.0,4605.0,4605.0,100,0.0,0.0
2024-06-20 11:35:00+09:00,4605.0,4605.0,4605.0,4605.0,0,0.0,0.0
2024-06-20 12:30:00+09:00,4610.0,4610.0,4600.0,4610.0,19000,0.0,0.0
2024-06-20 12:40:00+09:00,4610.0,4610.0,4610.0,4610.0,1100,0.0,0.0
2024-06-20 12:50:00+09:00,4605.0,4605.0,4600.0,4600.0,500,0.0,0.0
2024-06-20 12:55:00+09:00,4605.0,4605.0,4605.0,4605.0,300,0.0,0.0
2024-06-20 13:10:00+09:00,4600.0,4600.0,4600.0,4600.0,100,0.0,0.0
2024-06-20 13:15:00+09:00,4605.0,4605.0,4605.0,4605.0,100,0.0,0.0
2024-06-20 13:25:00+09:00,4605.0,4605.0,4605.0,4605.0,300,0.0,0.0
2024-06-20 13:45:00+09:00,4615.0,4615.0,4615.0,4615.0,100,0.0,0.0
2024-06-20 13:50:00+09:00,4620.0,4620.0,4620.0,4620.0,0,0.0,0.0
2024-06-20 14:10:00+09:00,4615.0,4615.0,4615.0,4615.0,22500,0.0,0.0
2024-06-20 14:25:00+09:00,4610.0,4610.0,4610.0,4610.0,400,0.0,0.0
2024-06-20 14:30:00+09:00,4610.0,4610.0,4610.0,4610.0,100,0.0,0.0
2024-06-20 14:40:00+09:00,4610.0,4610.0,4610.0,4610.0,600,0.0,0.0
2024-06-20 14:50:00+09:00,4610.0,4615.0,4610.0,4615.0,1000,0.0,0.0
2024-06-20 14:55:00+09:00,4615.0,4620.0,4610.0,4620.0,900,0.0,0.0
2024-06-21 09:00:00+09:00,4560.0,4625.0,4560.0,4615.0,4000,0.0,0.0
2024-06-21 09:10:00+09:00,4620.0,4620.0,4615.0,4615.0,500,0.0,0.0
2024-06-21 09:15:00+09:00,4625.0,4625.0,4615.0,4620.0,900,0.0,0.0
2024-06-21 09:20:00+09:00,4620.0,4620.0,4620.0,4620.0,200,0.0,0.0
2024-06-21 09:30:00+09:00,4625.0,4630.0,4625.0,4625.0,1600,0.0,0.0
2024-06-21 09:35:00+09:00,4630.0,4635.0,4630.0,4635.0,300,0.0,0.0
2024-06-21 09:40:00+09:00,4635.0,4640.0,4635.0,4640.0,600,0.0,0.0
2024-06-21 09:45:00+09:00,4640.0,4640.0,4640.0,4640.0,100,0.0,0.0
2024-06-21 09:50:00+09:00,4640.0,4645.0,4635.0,4635.0,1700,0.0,0.0
2024-06-21 09:55:00+09:00,4640.0,4640.0,4640.0,4640.0,200,0.0,0.0
2024-06-21 10:00:00+09:00,4635.0,4635.0,4635.0,4635.0,100,0.0,0.0
2024-06-21 10:05:00+09:00,4635.0,4635.0,4635.0,4635.0,500,0.0,0.0
2024-06-21 10:10:00+09:00,4640.0,4640.0,4640.0,4640.0,1000,0.0,0.0
2024-06-21 10:15:00+09:00,4640.0,4640.0,4640.0,4640.0,300,0.0,0.0
2024-06-21 10:25:00+09:00,4640.0,4640.0,4640.0,4640.0,200,0.0,0.0
2024-06-21 10:30:00+09:00,4640.0,4640.0,4640.0,4640.0,500,0.0,0.0
2024-06-21 10:35:00+09:00,4640.0,4640.0,4635.0,4635.0,200,0.0,0.0
2024-06-21 10:45:00+09:00,4640.0,4640.0,4635.0,4640.0,700,0.0,0.0
2024-06-21 10:50:00+09:00,4640.0,4640.0,4630.0,4630.0,2500,0.0,0.0
2024-06-21 11:00:00+09:00,4630.0,4630.0,4630.0,4630.0,200,0.0,0.0
2024-06-21 11:10:00+09:00,4630.0,4630.0,4630.0,4630.0,100,0.0,0.0
2024-06-21 11:20:00+09:00,4630.0,4630.0,4630.0,4630.0,100,0.0,0.0
2024-06-21 11:30:00+09:00,4630.0,4630.0,4630.0,4630.0,100,0.0,0.0
2024-06-21 11:35:00+09:00,4630.0,4630.0,4630.0,4630.0,0,0.0,0.0
2024-06-21 12:30:00+09:00,4625.0,4625.0,4590.0,4595.0,22100,0.0,0.0
2024-06-21 12:35:00+09:00,4585.0,4585.0,4580.0,4585.0,700,0.0,0.0
2024-06-21 12:40:00+09:00,4585.0,4585.0,4585.0,4585.0,600,0.0,0.0
2024-06-21 12:45:00+09:00,4585.0,4590.0,4585.0,4590.0,700,0.0,0.0
2024-06-21 12:50:00+09:00,4595.0,4595.0,4595.0,4595.0,100,0.0,0.0
2024-06-21 12:55:00+09:00,4595.0,4595.0,4595.0,4595.0,300,0.0,0.0
2024-06-21 13:00:00+09:00,4590.0,4595.0,4590.0,4595.0,200,0.0,0.0
2024-06-21 13:05:00+09:00,4590.0,4590.0,4580.0,4585.0,1300,0.0,0.0
2024-06-21 13:10:00+09:00,4580.0,4580.0,4580.0,4580.0,100,0.0,0.0
2024-06-21 13:15:00+09:00,4585.0,4585.0,4585.0,4585.0,800,0.0,0.0
2024-06-21 13:20:00+09:00,4585.0,4585.0,4585.0,4585.0,100,0.0,0.0
2024-06-21 13:25:00+09:00,4590.0,4590.0,4585.0,4585.0,400,0.0,0.0
2024-06-21 13:30:00+09:00,4585.0,4585.0,4580.0,4580.0,600,0.0,0.0
2024-06-21 13:35:00+09:00,4580.0,4580.0,4580.0,4580.0,100,0.0,0.0
2024-06-21 13:40:00+09:00,4580.0,4580.0,4580.0,4580.0,200,0.0,0.0
2024-06-21 13:45:00+09:00,4580.0,4580.0,4580.0,4580.0,400,0.0,0.0
2024-06-21 13:50:00+09:00,4580.0,4585.0,4580.0,4580.0,500,0.0,0.0
2024-06-21 13:55:00+09:00,4580.0,4590.0,4580.0,4590.0,2300,0.0,0.0
2024-06-21 14:00:00+09:00,4585.0,4585.0,4585.0,4585.0,100,0.0,0.0
2024-06-21 14:05:00+09:00,4585.0,4585.0,4585.0,4585.0,300,0.0,0.0
2024-06-21 14:10:00+09:00,4590.0,4590.0,4590.0,4590.0,100,0.0,0.0
2024-06-21 14:15:00+09:00,4590.0,4590.0,4590.0,4590.0,100,0.0,0.0
2024-06-21 14:20:00+09:00,4585.0,4585.0,4585.0,4585.0,400,0.0,0.0
2024-06-21 14:25:00+09:00,4580.0,4580.0,4580.0,4580.0,1000,0.0,0.0
2024-06-21 14:30:00+09:00,4585.0,4585.0,4585.0,4585.0,600,0.0,0.0
2024-06-21 14:35:00+09:00,4585.0,4590.0,4575.0,4575.0,2100,0.0,0.0
2024-06-21 14:40:00+09:00,4580.0,4585.0,4580.0,4585.0,900,0.0,0.0
2024-06-21 14:45:00+09:00,4585.0,4585.0,4585.0,4585.0,100,0.0,0.0
2024-06-21 14:50:00+09:00,4585.0,4585.0,4580.0,4585.0,1100,0.0,0.0
2024-06-21 14:55:00+09:00,4590.0,4595.0,4555.0,4555.0,6900,0.0,0.0
2024-06-24 09:00:00+09:00,4590.0,4595.0,4565.0,4590.0,2700,0.0,0.0
2024-06-24 09:05:00+09:00,4595.0,4595.0,4590.0,4590.0,300,0.0,0.0
2024-06-24 09:10:00+09:00,4585.0,4585.0,4585.0,4585.0,100,0.0,0.0
2024-06-24 09:15:00+09:00,4580.0,4580.0,4575.0,4575.0,600,0.0,0.0
2024-06-24 09:30:00+09:00,4580.0,4585.0,4580.0,4585.0,1500,0.0,0.0
2024-06-24 09:35:00+09:00,4590.0,4590.0,4590.0,4590.0,500,0.0,0.0
2024-06-24 09:40:00+09:00,4585.0,4585.0,4585.0,4585.0,200,0.0,0.0
2024-06-24 09:45:00+09:00,4590.0,4595.0,4590.0,4595.0,300,0.0,0.0
2024-06-24 09:50:00+09:00,4595.0,4595.0,4595.0,4595.0,0,0.0,0.0
2024-06-24 10:00:00+09:00,4590.0,4590.0,4590.0,4590.0,6600,0.0,0.0
2024-06-24 10:05:00+09:00,4585.0,4585.0,4585.0,4585.0,100,0.0,0.0
2024-06-24 10:20:00+09:00,4580.0,4580.0,4580.0,4580.0,400,0.0,0.0
2024-06-24 10:35:00+09:00,4585.0,4585.0,4585.0,4585.0,100,0.0,0.0
2024-06-24 10:40:00+09:00,4585.0,4585.0,4585.0,4585.0,200,0.0,0.0
2024-06-24 11:00:00+09:00,4590.0,4595.0,4590.0,4595.0,900,0.0,0.0
2024-06-24 11:05:00+09:00,4600.0,4605.0,4600.0,4605.0,600,0.0,0.0
2024-06-24 11:20:00+09:00,4605.0,4605.0,4605.0,4605.0,100,0.0,0.0
2024-06-24 11:25:00+09:00,4605.0,4610.0,4605.0,4610.0,500,0.0,0.0
2024-06-24 11:30:00+09:00,4615.0,4615.0,4615.0,4615.0,200,0.0,0.0
2024-06-24 11:35:00+09:00,4615.0,4615.0,4615.0,4615.0,0,0.0,0.0
2024-06-24 12:30:00+09:00,4615.0,4615.0,4605.0,4610.0,11700,0.0,0.0
2024-06-24 12:35:00+09:00,4605.0,4605.0,4605.0,4605.0,600,0.0,0.0
2024-06-24 13:05:00+09:00,4605.0,4615.0,4605.0,4615.0,1000,0.0,0.0
2024-06-24 13:10:00+09:00,4620.0,4620.0,4620.0,4620.0,900,0.0,0.0
2024-06-24 13:15:00+09:00,4620.0,4620.0,4620.0,4620.0,100,0.0,0.0
2024-06-24 13:35:00+09:00,4615.0,4615.0,4610.0,4610.0,800,0.0,0.0
2024-06-24 13:50:00+09:00,4620.0,4620.0,4620.0,4620.0,200,0.0,0.0
2024-06-24 13:55:00+09:00,4615.0,4615.0,4615.0,4615.0,400,0.0,0.0
2024-06-24 14:05:00+09:00,4615.0,4615.0,4615.0,4615.0,100,0.0,0.0
2024-06-24 14:20:00+09:00,4615.0,4615.0,4615.0,4615.0,100,0.0,0.0
2024-06-24 14:25:00+09:00,4615.0,4615.0,4615.0,4615.0,400,0.0,0.0
2024-06-24 14:40:00+09:00,4620.0,4625.0,4620.0,4625.0,600,0.0,0.0
2024-06-24 14:45:00+09:00,4625.0,4625.0,4625.0,4625.0,100,0.0,0.0
2024-06-24 14:50:00+09:00,4620.0,4625.0,4620.0,4625.0,200,0.0,0.0
2024-06-24 14:55:00+09:00,4625.0,4630.0,4615.0,4615.0,2300,0.0,0.0
2024-06-25 09:00:00+09:00,4625.0,4645.0,4625.0,4635.0,1700,0.0,0.0
2024-06-25 09:05:00+09:00,4635.0,4645.0,4635.0,4645.0,400,0.0,0.0
2024-06-25 09:10:00+09:00,4635.0,4645.0,4635.0,4640.0,1700,0.0,0.0
2024-06-25 09:15:00+09:00,4640.0,4640.0,4635.0,4635.0,300,0.0,0.0
2024-06-25 09:20:00+09:00,4635.0,4640.0,4635.0,4635.0,900,0.0,0.0
2024-06-25 09:25:00+09:00,4640.0,4655.0,4640.0,4650.0,2700,0.0,0.0
2024-06-25 09:30:00+09:00,4645.0,4645.0,4645.0,4645.0,500,0.0,0.0
2024-06-25 09:35:00+09:00,4645.0,4645.0,4645.0,4645.0,200,0.0,0.0
2024-06-25 09:40:00+09:00,4640.0,4645.0,4640.0,4645.0,600,0.0,0.0
2024-06-25 09:45:00+09:00,4645.0,4645.0,4640.0,4645.0,700,0.0,0.0
2024-06-25 10:00:00+09:00,4645.0,4645.0,4645.0,4645.0,100,0.0,0.0
2024-06-25 10:10:00+09:00,4650.0,4650.0,4640.0,4640.0,0,0.0,0.0
2024-06-25 10:20:00+09:00,4640.0,4640.0,4640.0,4640.0,11300,0.0,0.0
2024-06-25 10:25:00+09:00,4645.0,4650.0,4645.0,4650.0,600,0.0,0.0
2024-06-25 10:30:00+09:00,4650.0,4650.0,4650.0,4650.0,100,0.0,0.0
2024-06-25 10:35:00+09:00,4650.0,4650.0,4650.0,4650.0,200,0.0,0.0
2024-06-25 10:40:00+09:00,4650.0,4650.0,4650.0,4650.0,300,0.0,0.0
2024-06-25 10:45:00+09:00,4650.0,4655.0,4650.0,4655.0,2100,0.0,0.0
2024-06-25 10:50:00+09:00,4655.0,4655.0,4655.0,4655.0,300,0.0,0.0
2024-06-25 10:55:00+09:00,4660.0,4660.0,4660.0,4660.0,1600,0.0,0.0
2024-06-25 11:00:00+09:00,4665.0,4665.0,4660.0,4660.0,900,0.0,0.0
2024-06-25 11:10:00+09:00,4660.0,4665.0,4660.0,4665.0,1200,0.0,0.0
2024-06-25 11:15:00+09:00,4665.0,4675.0,4665.0,4675.0,1600,0.0,0.0
2024-06-25 11:20:00+09:00,4675.0,4675.0,4675.0,4675.0,200,0.0,0.0
2024-06-25 11:30:00+09:00,4680.0,4680.0,4680.0,4680.0,200,0.0,0.0
2024-06-25 11:35:00+09:00,4680.0,4680.0,4680.0,4680.0,0,0.0,0.0
2024-06-25 12:30:00+09:00,4680.0,4680.0,4670.0,4670.0,22700,0.0,0.0
2024-06-25 12:35:00+09:00,4675.0,4675.0,4670.0,4670.0,800,0.0,0.0
2024-06-25 12:40:00+09:00,4665.0,4665.0,4660.0,4660.0,300,0.0,0.0
2024-06-25 12:45:00+09:00,4665.0,4670.0,4665.0,4670.0,700,0.0,0.0
2024-06-25 13:05:00+09:00,4665.0,4670.0,4665.0,4670.0,200,0.0,0.0
2024-06-25 13:10:00+09:00,4675.0,4675.0,4670.0,4670.0,300,0.0,0.0
2024-06-25 13:15:00+09:00,4670.0,4675.0,4670.0,4675.0,700,0.0,0.0
2024-06-25 13:20:00+09:00,4675.0,4675.0,4675.0,4675.0,200,0.0,0.0
2024-06-25 13:25:00+09:00,4675.0,4675.0,4675.0,4675.0,100,0.0,0.0
2024-06-25 13:35:00+09:00,4680.0,4680.0,4675.0,4675.0,300,0.0,0.0
2024-06-25 13:40:00+09:00,4680.0,4680.0,4680.0,4680.0,100,0.0,0.0
2024-06-25 13:50:00+09:00,4680.0,4680.0,4675.0,4675.0,3600,0.0,0.0
2024-06-25 13:55:00+09:00,4675.0,4675.0,4675.0,4675.0,700,0.0,0.0
2024-06-25 14:00:00+09:00,4680.0,4685.0,4680.0,4685.0,2300,0.0,0.0
2024-06-25 14:05:00+09:00,4680.0,4680.0,4680.0,4680.0,100,0.0,0.0
2024-06-25 14:15:00+09:00,4685.0,4685.0,4685.0,4685.0,100,0.0,0.0
2024-06-25 14:20:00+09:00,4685.0,4685.0,4680.0,4685.0,600,0.0,0.0
2024-06-25 14:30:00+09:00,4685.0,4685.0,4685.0,4685.0,100,0.0,0.0
2024-06-25 14:35:00+09:00,4685.0,4685.0,4685.0,4685.0,100,0.0,0.0
2024-06-25 14:40:00+09:00,4685.0,4690.0,4680.0,4690.0,2400,0.0,0.0
2024-06-25 14:45:00+09:00,4690.0,4690.0,4690.0,4690.0,100,0.0,0.0
2024-06-25 14:50:00+09:00,4695.0,4695.0,4690.0,4690.0,800,0.0,0.0
2024-06-25 14:55:00+09:00,4690.0,4695.0,4685.0,4690.0,1300,0.0,0.0
2024-06-26 09:00:00+09:00,4690.0,4695.0,4675.0,4690.0,3600,0.0,0.0
2024-06-26 09:05:00+09:00,4680.0,4680.0,4675.0,4680.0,800,0.0,0.0
2024-06-26 09:15:00+09:00,4685.0,4700.0,4685.0,4685.0,5000,0.0,0.0
2024-06-26 09:20:00+09:00,4685.0,4685.0,4685.0,4685.0,400,0.0,0.0
2024-06-26 09:25:00+09:00,4685.0,4685.0,4685.0,4685.0,100,0.0,0.0
2024-06-26 09:30:00+09:00,4685.0,4685.0,4680.0,4680.0,200,0.0,0.0
2024-06-26 09:35:00+09:00,4685.0,4690.0,4685.0,4690.0,300,0.0,0.0
2024-06-26 09:45:00+09:00,4685.0,4690.0,4685.0,4690.0,300,0.0,0.0
2024-06-26 09:50:00+09:00,4690.0,4690.0,4680.0,4680.0,500,0.0,0.0
2024-06-26 10:00:00+09:00,4680.0,4685.0,4680.0,4680.0,500,0.0,0.0
2024-06-26 10:10:00+09:00,4690.0,4690.0,4685.0,4685.0,200,0.0,0.0
2024-06-26 10:15:00+09:00,4690.0,4695.0,4690.0,4695.0,300,0.0,0.0
2024-06-26 10:20:00+09:00,4700.0,4700.0,4700.0,4700.0,100,0.0,0.0
2024-06-26 10:25:00+09:00,4695.0,4695.0,4695.0,4695.0,100,0.0,0.0
2024-06-26 10:40:00+09:00,4700.0,4700.0,4690.0,4690.0,1500,0.0,0.0
2024-06-26 10:45:00+09:00,4685.0,4685.0,4685.0,4685.0,100,0.0,0.0
2024-06-26 10:50:00+09:00,4690.0,4695.0,4690.0,4695.0,600,0.0,0.0
2024-06-26 11:00:00+09:00,4695.0,4695.0,4695.0,4695.0,100,0.0,0.0
2024-06-26 11:10:00+09:00,4690.0,4690.0,4690.0,4690.0,400,0.0,0.0
2024-06-26 11:30:00+09:00,4690.0,4690.0,4690.0,4690.0,200,0.0,0.0
2024-06-26 11:35:00+09:00,4690.0,4690.0,4690.0,4690.0,0,0.0,0.0
2024-06-26 12:30:00+09:00,4700.0,4700.0,4690.0,4690.0,17300,0.0,0.0
2024-06-26 12:45:00+09:00,4690.0,4690.0,4690.0,4690.0,700,0.0,0.0
2024-06-26 12:50:00+09:00,4690.0,4690.0,4690.0,4690.0,100,0.0,0.0
2024-06-26 12:55:00+09:00,4690.0,4690.0,4690.0,4690.0,200,0.0,0.0
2024-06-26 13:10:00+09:00,4690.0,4690.0,4690.0,4690.0,400,0.0,0.0
2024-06-26 13:15:00+09:00,4695.0,4695.0,4695.0,4695.0,700,0.0,0.0
2024-06-26 13:40:00+09:00,4695.0,4695.0,4695.0,4695.0,600,0.0,0.0
2024-06-26 13:50:00+09:00,4700.0,4700.0,4700.0,4700.0,200,0.0,0.0
2024-06-26 14:05:00+09:00,4695.0,4695.0,4695.0,4695.0,200,0.0,0.0
2024-06-26 14:20:00+09:00,4695.0,4695.0,4695.0,4695.0,100,0.0,0.0
2024-06-26 14:25:00+09:00,4695.0,4695.0,4690.0,4690.0,800,0.0,0.0
2024-06-26 14:30:00+09:00,4690.0,4690.0,4690.0,4690.0,200,0.0,0.0
2024-06-26 14:45:00+09:00,4690.0,4695.0,4690.0,4690.0,1400,0.0,0.0
2024-06-26 14:50:00+09:00,4690.0,4695.0,4690.0,4695.0,300,0.0,0.0
2024-06-26 14:55:00+09:00,4695.0,4700.0,4690.0,4690.0,1300,0.0,0.0
2024-06-27 09:00:00+09:00,4675.0,4695.0,4670.0,4695.0,1900,0.0,0.0
2024-06-27 09:05:00+09:00,4700.0,4700.0,4700.0,4700.0,100,0.0,0.0
2024-06-27 09:10:00+09:00,4695.0,4695.0,4690.0,4690.0,500,0.0,0.0
2024-06-27 09:15:00+09:00,4690.0,4695.0,4690.0,4695.0,600,0.0,0.0
2024-06-27 09:20:00+09:00,4695.0,4695.0,4695.0,4695.0,100,0.0,0.0
2024-06-27 09:25:00+09:00,4695.0,4705.0,4695.0,4705.0,800,0.0,0.0
2024-06-27 09:30:00+09:00,4700.0,4710.0,4700.0,4710.0,2400,0.0,0.0
2024-06-27 09:35:00+09:00,4705.0,4705.0,4705.0,4705.0,100,0.0,0.0
2024-06-27 09:40:00+09:00,4695.0,4695.0,4695.0,4695.0,0,0.0,0.0
2024-06-27 09:45:00+09:00,4690.0,4690.0,4690.0,4690.0,7700,0.0,0.0
2024-06-27 09:50:00+09:00,4695.0,4695.0,4695.0,4695.0,300,0.0,0.0
2024-06-27 10:00:00+09:00,4695.0,4695.0,4695.0,4695.0,100,0.0,0.0
2024-06-27 10:20:00+09:00,4695.0,4700.0,4695.0,4700.0,300,0.0,0.0
2024-06-27 10:35:00+09:00,4695.0,4695.0,4695.0,4695.0,100,0.0,0.0
2024-06-27 10:45:00+09:00,4695.0,4695.0,4690.0,4690.0,700,0.0,0.0
2024-06-27 10:55:00+09:00,4690.0,4690.0,4685.0,4685.0,700,0.0,0.0
2024-06-27 11:00:00+09:00,4685.0,4690.0,4685.0,4690.0,600,0.0,0.0
2024-06-27 11:05:00+09:00,4695.0,4695.0,4695.0,4695.0,300,0.0,0.0
2024-06-27 11:15:00+09:00,4695.0,4695.0,4695.0,4695.0,100,0.0,0.0
2024-06-27 11:20:00+09:00,4695.0,4695.0,4695.0,4695.0,100,0.0,0.0
2024-06-27 11:25:00+09:00,4695.0,4695.0,4695.0,4695.0,300,0.0,0.0
2024-06-27 11:30:00+09:00,4700.0,4700.0,4700.0,4700.0,200,0.0,0.0
2024-06-27 11:35:00+09:00,4700.0,4700.0,4700.0,4700.0,0,0.0,0.0
2024-06-27 12:30:00+09:00,4700.0,4700.0,4695.0,4695.0,12700,0.0,0.0
2024-06-27 12:40:00+09:00,4695.0,4695.0,4695.0,4695.0,100,0.0,0.0
2024-06-27 12:45:00+09:00,4700.0,4700.0,4700.0,4700.0,600,0.0,0.0
2024-06-27 12:55:00+09:00,4700.0,4700.0,4700.0,4700.0,700,0.0,0.0
2024-06-27 13:15:00+09:00,4705.0,4705.0,4705.0,4705.0,100,0.0,0.0
2024-06-27 13:20:00+09:00,4700.0,4700.0,4700.0,4700.0,200,0.0,0.0
2024-06-27 13:25:00+09:00,4705.0,4705.0,4705.0,4705.0,1000,0.0,0.0
2024-06-27 13:35:00+09:00,4705.0,4705.0,4705.0,4705.0,100,0.0,0.0
2024-06-27 13:50:00+09:00,4705.0,4710.0,4705.0,4710.0,400,0.0,0.0
2024-06-27 14:00:00+09:00,4705.0,4710.0,4705.0,4710.0,200,0.0,0.0
2024-06-27 14:10:00+09:00,4705.0,4705.0,4705.0,4705.0,200,0.0,0.0
2024-06-27 14:20:00+09:00,4705.0,4705.0,4705.0,4705.0,400,0.0,0.0
2024-06-27 14:25:00+09:00,4710.0,4710.0,4710.0,4710.0,100,0.0,0.0
2024-06-27 14:35:00+09:00,4705.0,4705.0,4705.0,4705.0,100,0.0,0.0
2024-06-27 14:45:00+09:00,4705.0,4705.0,4705.0,4705.0,100,0.0,0.0
2024-06-27 14:50:00+09:00,4705.0,4710.0,4705.0,4710.0,200,0.0,0.0
2024-06-27 14:55:00+09:00,4705.0,4720.0,4705.0,4720.0,4200,0.0,0.0
2024-06-28 09:00:00+09:00,4725.0,4725.0,4705.0,4705.0,1200,0.0,0.0
2024-06-28 09:05:00+09:00,4705.0,4705.0,4700.0,4700.0,400,0.0,0.0
2024-06-28 09:10:00+09:00,4695.0,4695.0,4685.0,4685.0,500,0.0,0.0
2024-06-28 09:15:00+09:00,4680.0,4685.0,4680.0,4685.0,900,0.0,0.0
2024-06-28 09:20:00+09:00,4675.0,4680.0,4675.0,4680.0,400,0.0,0.0
2024-06-28 09:30:00+09:00,4680.0,4680.0,4680.0,4680.0,200,0.0,0.0
2024-06-28 09:35:00+09:00,4680.0,4685.0,4680.0,4685.0,400,0.0,0.0
2024-06-28 09:45:00+09:00,4690.0,4690.0,4685.0,4685.0,300,0.0,0.0
2024-06-28 09:50:00+09:00,4690.0,4690.0,4690.0,4690.0,200,0.0,0.0
2024-06-28 10:05:00+09:00,4690.0,4690.0,4690.0,4690.0,100,0.0,0.0
2024-06-28 10:10:00+09:00,4685.0,4695.0,4685.0,4695.0,600,0.0,0.0
2024-06-28 10:15:00+09:00,4700.0,4700.0,4700.0,4700.0,200,0.0,0.0
2024-06-28 10:20:00+09:00,4695.0,4700.0,4695.0,4695.0,800,0.0,0.0
2024-06-28 10:25:00+09:00,4695.0,4700.0,4695.0,4700.0,200,0.0,0.0
2024-06-28 10:30:00+09:00,4695.0,4695.0,4685.0,4685.0,1200,0.0,0.0
2024-06-28 10:40:00+09:00,4680.0,4685.0,4680.0,4685.0,200,0.0,0.0
2024-06-28 10:45:00+09:00,4680.0,4680.0,4670.0,4670.0,2100,0.0,0.0
2024-06-28 10:50:00+09:00,4675.0,4675.0,4675.0,4675.0,200,0.0,0.0
2024-06-28 11:00:00+09:00,4675.0,4675.0,4675.0,4675.0,100,0.0,0.0
2024-06-28 11:05:00+09:00,4675.0,4685.0,4675.0,4685.0,400,0.0,0.0
2024-06-28 11:10:00+09:00,4685.0,4685.0,4680.0,4680.0,200,0.0,0.0
2024-06-28 11:25:00+09:00,4685.0,4685.0,4680.0,4680.0,600,0.0,0.0
2024-06-28 11:30:00+09:00,4690.0,4690.0,4690.0,4690.0,100,0.0,0.0
2024-06-28 11:35:00+09:00,4690.0,4690.0,4690.0,4690.0,0,0.0,0.0
2024-06-28 12:30:00+09:00,4675.0,4690.0,4675.0,4685.0,13000,0.0,0.0
2024-06-28 12:35:00+09:00,4685.0,4685.0,4685.0,4685.0,200,0.0,0.0
2024-06-28 12:40:00+09:00,4685.0,4695.0,4685.0,4695.0,600,0.0,0.0
2024-06-28 12:50:00+09:00,4700.0,4700.0,4695.0,4695.0,400,0.0,0.0
2024-06-28 12:55:00+09:00,4695.0,4695.0,4695.0,4695.0,100,0.0,0.0
2024-06-28 13:00:00+09:00,4695.0,4695.0,4690.0,4690.0,300,0.0,0.0
2024-06-28 13:05:00+09:00,4700.0,4700.0,4700.0,4700.0,100,0.0,0.0
2024-06-28 13:15:00+09:00,4700.0,4700.0,4700.0,4700.0,100,0.0,0.0
2024-06-28 13:20:00+09:00,4700.0,4700.0,4700.0,4700.0,100,0.0,0.0
2024-06-28 13:30:00+09:00,4700.0,4700.0,4700.0,4700.0,200,0.0,0.0
2024-06-28 13:40:00+09:00,4695.0,4700.0,4695.0,4700.0,800,0.0,0.0
2024-06-28 13:50:00+09:00,4705.0,4705.0,4705.0,4705.0,500,0.0,0.0
2024-06-28 13:55:00+09:00,4700.0,4700.0,4700.0,4700.0,100,0.0,0.0
2024-06-28 14:00:00+09:00,4695.0,4700.0,4695.0,4700.0,200,0.0,0.0
2024-06-28 14:05:00+09:00,4695.0,4695.0,4695.0,4695.0,300,0.0,0.0
2024-06-28 14:25:00+09:00,4695.0,4695.0,4690.0,4690.0,300,0.0,0.0
2024-06-28 14:30:00+09:00,4695.0,4695.0,4690.0,4690.0,400,0.0,0.0
2024-06-28 14:35:00+09:00,4685.0,4685.0,4685.0,4685.0,300,0.0,0.0
2024-06-28 14:45:00+09:00,4690.0,4690.0,4685.0,4685.0,200,0.0,0.0
2024-06-28 14:50:00+09:00,4690.0,4690.0,4680.0,4680.0,1000,0.0,0.0
2024-06-28 14:55:00+09:00,4680.0,4685.0,4675.0,4685.0,700,0.0,0.0
2024-07-01 09:00:00+09:00,4720.0,4720.0,4680.0,4695.0,3400,0.0,0.0
2024-07-01 09:15:00+09:00,4695.0,4695.0,4695.0,4695.0,300,0.0,0.0
2024-07-01 09:20:00+09:00,4695.0,4695.0,4695.0,4695.0,200,0.0,0.0
2024-07-01 09:25:00+09:00,4705.0,4705.0,4705.0,4705.0,200,0.0,0.0
2024-07-01 09:30:00+09:00,4705.0,4710.0,4700.0,4710.0,500,0.0,0.0
2024-07-01 09:40:00+09:00,4710.0,4710.0,4705.0,4705.0,800,0.0,0.0
2024-07-01 09:45:00+09:00,4705.0,4715.0,4705.0,4715.0,1000,0.0,0.0
2024-07-01 09:50:00+09:00,4710.0,4710.0,4710.0,4710.0,800,0.0,0.0
2024-07-01 10:00:00+09:00,4705.0,4705.0,4700.0,4700.0,1100,0.0,0.0
2024-07-01 10:05:00+09:00,4695.0,4700.0,4695.0,4700.0,800,0.0,0.0
2024-07-01 10:20:00+09:00,4710.0,4710.0,4710.0,4710.0,100,0.0,0.0
2024-07-01 10:25:00+09:00,4700.0,4700.0,4700.0,4700.0,200,0.0,0.0
2024-07-01 10:30:00+09:00,4705.0,4705.0,4705.0,4705.0,100,0.0,0.0
2024-07-01 10:40:00+09:00,4695.0,4695.0,4695.0,4695.0,100,0.0,0.0
2024-07-01 10:45:00+09:00,4690.0,4690.0,4690.0,4690.0,200,0.0,0.0
2024-07-01 10:50:00+09:00,4690.0,4690.0,4690.0,4690.0,200,0.0,0.0
2024-07-01 10:55:00+09:00,4690.0,4690.0,4690.0,4690.0,100,0.0,0.0
2024-07-01 11:00:00+09:00,4690.0,4690.0,4680.0,4685.0,900,0.0,0.0
2024-07-01 11:20:00+09:00,4685.0,4685.0,4685.0,4685.0,300,0.0,0.0
2024-07-01 11:30:00+09:00,4690.0,4690.0,4690.0,4690.0,100,0.0,0.0
2024-07-01 11:35:00+09:00,4690.0,4690.0,4690.0,4690.0,0,0.0,0.0
2024-07-01 12:30:00+09:00,4685.0,4685.0,4680.0,4680.0,12200,0.0,0.0
2024-07-01 12:35:00+09:00,4690.0,4695.0,4690.0,4690.0,500,0.0,0.0
2024-07-01 12:40:00+09:00,4690.0,4690.0,4690.0,4690.0,100,0.0,0.0
2024-07-01 12:45:00+09:00,4690.0,4690.0,4690.0,4690.0,100,0.0,0.0
2024-07-01 12:50:00+09:00,4685.0,4685.0,4685.0,4685.0,100,0.0,0.0
2024-07-01 13:00:00+09:00,4690.0,4690.0,4690.0,4690.0,100,0.0,0.0
2024-07-01 13:10:00+09:00,4690.0,4690.0,4690.0,4690.0,200,0.0,0.0
2024-07-01 13:15:00+09:00,4685.0,4685.0,4685.0,4685.0,400,0.0,0.0
2024-07-01 13:25:00+09:00,4690.0,4690.0,4690.0,4690.0,200,0.0,0.0
2024-07-01 13:45:00+09:00,4690.0,4690.0,4690.0,4690.0,100,0.0,0.0
2024-07-01 13:50:00+09:00,4695.0,4695.0,4695.0,4695.0,100,0.0,0.0
2024-07-01 14:00:00+09:00,4690.0,4690.0,4690.0,4690.0,200,0.0,0.0
2024-07-01 14:10:00+09:00,4685.0,4685.0,4675.0,4675.0,1500,0.0,0.0
2024-07-01 14:15:00+09:00,4670.0,4670.0,4670.0,4670.0,300,0.0,0.0
2024-07-01 14:20:00+09:00,4670.0,4670.0,4670.0,4670.0,100,0.0,0.0
2024-07-01 14:25:00+09:00,4675.0,4675.0,4675.0,4675.0,100,0.0,0.0
2024-07-01 14:30:00+09:00,4675.0,4675.0,4675.0,4675.0,100,0.0,0.0
2024-07-01 14:35:00+09:00,4670.0,4670.0,4670.0,4670.0,100,0.0,0.0
2024-07-01 14:45:00+09:00,4670.0,4670.0,4670.0,4670.0,900,0.0,0.0
2024-07-01 14:55:00+09:00,4670.0,4680.0,4670.0,4680.0,600,0.0,0.0
2024-07-02 09:00:00+09:00,4680.0,4690.0,4680.0,4690.0,1000,0.0,0.0
2024-07-02 09:05:00+09:00,4690.0,4690.0,4685.0,4685.0,300,0.0,0.0
2024-07-02 09:10:00+09:00,4675.0,4675.0,4675.0,4675.0,100,0.0,0.0
2024-07-02 09:15:00+09:00,4680.0,4680.0,4675.0,4675.0,400,0.0,0.0
2024-07-02 09:20:00+09:00,4680.0,4680.0,4680.0,4680.0,400,0.0,0.0
2024-07-02 09:25:00+09:00,4675.0,4675.0,4675.0,4675.0,100,0.0,0.0
2024-07-02 09:35:00+09:00,4670.0,4670.0,4670.0,4670.0,300,0.0,0.0
2024-07-02 09:40:00+09:00,4670.0,4670.0,4665.0,4665.0,900,0.0,0.0
2024-07-02 09:45:00+09:00,4665.0,4665.0,4665.0,4665.0,200,0.0,0.0
2024-07-02 09:50:00+09:00,4665.0,4665.0,4660.0,4665.0,400,0.0,0.0
2024-07-02 09:55:00+09:00,4665.0,4665.0,4665.0,4665.0,200,0.0,0.0
2024-07-02 10:00:00+09:00,4670.0,4670.0,4665.0,4665.0,200,0.0,0.0
2024-07-02 10:10:00+09:00,4670.0,4675.0,4670.0,4675.0,800,0.0,0.0
2024-07-02 10:15:00+09:00,4675.0,4675.0,4675.0,4675.0,100,0.0,0.0
2024-07-02 10:25:00+09:00,4680.0,4680.0,4680.0,4680.0,200,0.0,0.0
2024-07-02 10:30:00+09:00,4685.0,4685.0,4685.0,4685.0,100,0.0,0.0
2024-07-02 10:35:00+09:00,4680.0,4680.0,4680.0,4680.0,100,0.0,0.0
2024-07-02 10:40:00+09:00,4680.0,4685.0,4675.0,4685.0,700,0.0,0.0
2024-07-02 10:45:00+09:00,4685.0,4685.0,4685.0,4685.0,200,0.0,0.0
2024-07-02 11:00:00+09:00,4685.0,4685.0,4685.0,4685.0,100,0.0,0.0
2024-07-02 11:05:00+09:00,4680.0,4680.0,4680.0,4680.0,600,0.0,0.0
2024-07-02 11:20:00+09:00,4675.0,4675.0,4675.0,4675.0,100,0.0,0.0
2024-07-02 11:30:00+09:00,4675.0,4675.0,4675.0,4675.0,100,0.0,0.0
2024-07-02 11:35:00+09:00,4675.0,4675.0,4675.0,4675.0,0,0.0,0.0
2024-07-02 12:30:00+09:00,4675.0,4675.0,4665.0,4670.0,9400,0.0,0.0
2024-07-02 12:35:00+09:00,4675.0,4680.0,4675.0,4680.0,700,0.0,0.0
2024-07-02 12:50:00+09:00,4685.0,4685.0,4685.0,4685.0,100,0.0,0.0
2024-07-02 12:55:00+09:00,4685.0,4685.0,4685.0,4685.0,100,0.0,0.0
2024-07-02 13:00:00+09:00,4685.0,4685.0,4685.0,4685.0,100,0.0,0.0
2024-07-02 13:05:00+09:00,4690.0,4690.0,4690.0,4690.0,600,0.0,0.0
2024-07-02 13:10:00+09:00,4695.0,4695.0,4695.0,4695.0,400,0.0,0.0
2024-07-02 13:15:00+09:00,4700.0,4700.0,4700.0,4700.0,100,0.0,0.0
2024-07-02 13:20:00+09:00,4695.0,4695.0,4695.0,4695.0,700,0.0,0.0
2024-07-02 13:30:00+09:00,4700.0,4700.0,4695.0,4700.0,300,0.0,0.0
2024-07-02 13:45:00+09:00,4700.0,4700.0,4700.0,4700.0,800,0.0,0.0
2024-07-02 13:50:00+09:00,4705.0,4705.0,4700.0,4700.0,300,0.0,0.0
2024-07-02 13:55:00+09:00,4700.0,4700.0,4695.0,4700.0,400,0.0,0.0
2024-07-02 14:00:00+09:00,4695.0,4695.0,4695.0,4695.0,100,0.0,0.0
2024-07-02 14:05:00+09:00,4695.0,4695.0,4695.0,4695.0,100,0.0,0.0
2024-07-02 14:15:00+09:00,4690.0,4695.0,4690.0,4695.0,200,0.0,0.0
2024-07-02 14:20:00+09:00,4695.0,4695.0,4685.0,4685.0,1800,0.0,0.0
2024-07-02 14:25:00+09:00,4685.0,4690.0,4685.0,4690.0,900,0.0,0.0
2024-07-02 14:35:00+09:00,4695.0,4695.0,4695.0,4695.0,400,0.0,0.0
2024-07-02 14:40:00+09:00,4690.0,4690.0,4690.0,4690.0,100,0.0,0.0
2024-07-02 14:45:00+09:00,4690.0,4690.0,4690.0,4690.0,100,0.0,0.0
2024-07-02 14:50:00+09:00,4695.0,4695.0,4690.0,4690.0,200,0.0,0.0
2024-07-02 14:55:00+09:00,4690.0,4695.0,4685.0,4685.0,1100,0.0,0.0
2024-07-03 09:00:00+09:00,4675.0,4675.0,4675.0,4675.0,600,0.0,0.0
2024-07-03 09:15:00+09:00,4695.0,4695.0,4690.0,4690.0,500,0.0,0.0
2024-07-03 09:20:00+09:00,4695.0,4695.0,4695.0,4695.0,100,0.0,0.0
2024-07-03 09:30:00+09:00,4685.0,4685.0,4685.0,4685.0,100,0.0,0.0
2024-07-03 09:45:00+09:00,4680.0,4680.0,4680.0,4680.0,100,0.0,0.0
2024-07-03 10:00:00+09:00,4680.0,4680.0,4680.0,4680.0,300,0.0,0.0
2024-07-03 10:05:00+09:00,4685.0,4685.0,4685.0,4685.0,300,0.0,0.0
2024-07-03 10:20:00+09:00,4690.0,4695.0,4690.0,4695.0,200,0.0,0.0
2024-07-03 10:25:00+09:00,4700.0,4700.0,4700.0,4700.0,200,0.0,0.0
2024-07-03 10:30:00+09:00,4700.0,4700.0,4700.0,4700.0,100,0.0,0.0
2024-07-03 10:35:00+09:00,4700.0,4700.0,4695.0,4695.0,600,0.0,0.0
2024-07-03 10:40:00+09:00,4695.0,4695.0,4695.0,4695.0,200,0.0,0.0
2024-07-03 11:05:00+09:00,4695.0,4695.0,4690.0,4690.0,200,0.0,0.0
2024-07-03 11:25:00+09:00,4700.0,4700.0,4700.0,4700.0,100,0.0,0.0
2024-07-03 11:30:00+09:00,4705.0,4705.0,4705.0,4705.0,700,0.0,0.0
2024-07-03 11:35:00+09:00,4705.0,4705.0,4705.0,4705.0,0,0.0,0.0
2024-07-03 12:30:00+09:00,4700.0,4705.0,4700.0,4705.0,5300,0.0,0.0
2024-07-03 12:45:00+09:00,4700.0,4700.0,4700.0,4700.0,200,0.0,0.0
2024-07-03 12:55:00+09:00,4705.0,4705.0,4705.0,4705.0,1000,0.0,0.0
2024-07-03 13:00:00+09:00,4700.0,4700.0,4700.0,4700.0,1100,0.0,0.0
2024-07-03 13:50:00+09:00,4695.0,4695.0,4690.0,4690.0,500,0.0,0.0
2024-07-03 13:55:00+09:00,4695.0,4695.0,4695.0,4695.0,100,0.0,0.0
2024-07-03 14:05:00+09:00,4690.0,4690.0,4690.0,4690.0,200,0.0,0.0
2024-07-03 14:10:00+09:00,4695.0,4695.0,4695.0,4695.0,200,0.0,0.0
2024-07-03 14:15:00+09:00,4695.0,4695.0,4695.0,4695.0,100,0.0,0.0
2024-07-03 14:50:00+09:00,4695.0,4695.0,4690.0,4690.0,1700,0.0,0.0
2024-07-04 09:00:00+09:00,4680.0,4705.0,4680.0,4690.0,1700,0.0,0.0
2024-07-04 09:10:00+09:00,4695.0,4695.0,4695.0,4695.0,500,0.0,0.0
2024-07-04 09:20:00+09:00,4700.0,4700.0,4700.0,4700.0,300,0.0,0.0
2024-07-04 09:35:00+09:00,4695.0,4695.0,4695.0,4695.0,300,0.0,0.0
2024-07-04 09:40:00+09:00,4690.0,4690.0,4690.0,4690.0,200,0.0,0.0
2024-07-04 09:45:00+09:00,4695.0,4695.0,4695.0,4695.0,100,0.0,0.0
2024-07-04 09:50:00+09:00,4700.0,4700.0,4700.0,4700.0,100,0.0,0.0
2024-07-04 09:55:00+09:00,4700.0,4700.0,4700.0,4700.0,100,0.0,0.0
2024-07-04 10:00:00+09:00,4690.0,4690.0,4690.0,4690.0,100,0.0,0.0
2024-07-04 10:05:00+09:00,4695.0,4695.0,4695.0,4695.0,200,0.0,0.0
2024-07-04 10:20:00+09:00,4695.0,4695.0,4695.0,4695.0,100,0.0,0.0
2024-07-04 10:25:00+09:00,4695.0,4695.0,4695.0,4695.0,100,0.0,0.0
2024-07-04 10:35:00+09:00,4695.0,4695.0,4695.0,4695.0,100,0.0,0.0
2024-07-04 10:50:00+09:00,4700.0,4700.0,4695.0,4695.0,500,0.0,0.0
2024-07-04 10:55:00+09:00,4690.0,4690.0,4690.0,4690.0,700,0.0,0.0
2024-07-04 11:00:00+09:00,4685.0,4685.0,4685.0,4685.0,300,0.0,0.0
2024-07-04 11:05:00+09:00,4680.0,4680.0,4680.0,4680.0,200,0.0,0.0
2024-07-04 11:10:00+09:00,4675.0,4675.0,4675.0,4675.0,300,0.0,0.0
2024-07-04 11:15:00+09:00,4675.0,4675.0,4675.0,4675.0,800,0.0,0.0
2024-07-04 11:20:00+09:00,4675.0,4675.0,4675.0,4675.0,200,0.0,0.0
2024-07-04 11:30:00+09:00,4675.0,4675.0,4675.0,4675.0,200,0.0,0.0
2024-07-04 11:35:00+09:00,4675.0,4675.0,4675.0,4675.0,0,0.0,0.0
2024-07-04 12:30:00+09:00,4670.0,4675.0,4670.0,4675.0,0,0.0,0.0
2024-07-04 12:40:00+09:00,4680.0,4680.0,4680.0,4680.0,8200,0.0,0.0
2024-07-04 13:05:00+09:00,4680.0,4680.0,4680.0,4680.0,200,0.0,0.0
2024-07-04 13:10:00+09:00,4680.0,4680.0,4680.0,4680.0,100,0.0,0.0
2024-07-04 13:15:00+09:00,4685.0,4685.0,4680.0,4680.0,400,0.0,0.0
2024-07-04 13:25:00+09:00,4690.0,4690.0,4690.0,4690.0,100,0.0,0.0
2024-07-04 13:35:00+09:00,4685.0,4685.0,4685.0,4685.0,200,0.0,0.0
2024-07-04 13:40:00+09:00,4690.0,4690.0,4690.0,4690.0,100,0.0,0.0
2024-07-04 13:55:00+09:00,4690.0,4690.0,4690.0,4690.0,100,0.0,0.0
2024-07-04 14:00:00+09:00,4695.0,4695.0,4695.0,4695.0,100,0.0,0.0
2024-07-04 14:20:00+09:00,4690.0,4690.0,4680.0,4680.0,1000,0.0,0.0
2024-07-04 14:25:00+09:00,4685.0,4685.0,4685.0,4685.0,200,0.0,0.0
2024-07-04 14:30:00+09:00,4685.0,4685.0,4685.0,4685.0,100,0.0,0.0
2024-07-04 14:40:00+09:00,4690.0,4690.0,4690.0,4690.0,900,0.0,0.0
2024-07-04 14:45:00+09:00,4690.0,4690.0,4690.0,4690.0,500,0.0,0.0
2024-07-04 14:50:00+09:00,4690.0,4695.0,4690.0,4690.0,600,0.0,0.0
2024-07-04 14:55:00+09:00,4690.0,4690.0,4685.0,4685.0,700,0.0,0.0
2024-07-05 09:00:00+09:00,4695.0,4695.0,4685.0,4685.0,900,0.0,0.0
2024-07-05 09:05:00+09:00,4680.0,4685.0,4680.0,4685.0,400,0.0,0.0
2024-07-05 09:10:00+09:00,4690.0,4700.0,4690.0,4690.0,900,0.0,0.0
2024-07-05 09:15:00+09:00,4695.0,4695.0,4695.0,4695.0,700,0.0,0.0
2024-07-05 09:25:00+09:00,4695.0,4695.0,4685.0,4685.0,500,0.0,0.0
2024-07-05 09:50:00+09:00,4685.0,4685.0,4680.0,4680.0,0,0.0,0.0
2024-07-05 10:10:00+09:00,4675.0,4675.0,4675.0,4675.0,4900,0.0,0.0
2024-07-05 10:25:00+09:00,4680.0,4680.0,4680.0,4680.0,400,0.0,0.0
2024-07-05 10:55:00+09:00,4680.0,4680.0,4680.0,4680.0,100,0.0,0.0
2024-07-05 11:30:00+09:00,4685.0,4685.0,4685.0,4685.0,100,0.0,0.0
2024-07-05 11:35:00+09:00,4685.0,4685.0,4685.0,4685.0,0,0.0,0.0
2024-07-05 12:30:00+09:00,4685.0,4690.0,4685.0,4685.0,6500,0.0,0.0
2024-07-05 12:35:00+09:00,4685.0,4685.0,4685.0,4685.0,400,0.0,0.0
2024-07-05 12:45:00+09:00,4685.0,4685.0,4685.0,4685.0,100,0.0,0.0
2024-07-05 12:55:00+09:00,4685.0,4685.0,4685.0,4685.0,100,0.0,0.0
2024-07-05 13:10:00+09:00,4690.0,4695.0,4690.0,4695.0,200,0.0,0.0
2024-07-05 13:15:00+09:00,4695.0,4695.0,4695.0,4695.0,300,0.0,0.0
2024-07-05 13:20:00+09:00,4700.0,4705.0,4700.0,4705.0,300,0.0,0.0
2024-07-05 13:25:00+09:00,4695.0,4695.0,4695.0,4695.0,200,0.0,0.0
2024-07-05 13:35:00+09:00,4695.0,4695.0,4690.0,4690.0,300,0.0,0.0
2024-07-05 13:50:00+09:00,4695.0,4700.0,4695.0,4700.0,900,0.0,0.0
2024-07-05 13:55:00+09:00,4695.0,4695.0,4695.0,4695.0,1000,0.0,0.0
2024-07-05 14:00:00+09:00,4695.0,4695.0,4695.0,4695.0,100,0.0,0.0
2024-07-05 14:15:00+09:00,4695.0,4695.0,4695.0,4695.0,100,0.0,0.0
2024-07-05 14:20:00+09:00,4695.0,4695.0,4690.0,4690.0,700,0.0,0.0
2024-07-05 14:25:00+09:00,4685.0,4685.0,4685.0,4685.0,100,0.0,0.0
2024-07-05 14:35:00+09:00,4690.0,4690.0,4690.0,4690.0,800,0.0,0.0
2024-07-05 14:40:00+09:00,4690.0,4690.0,4690.0,4690.0,400,0.0,0.0
2024-07-05 14:45:00+09:00,4695.0,4695.0,4695.0,4695.0,100,0.0,0.0
2024-07-05 14:50:00+09:00,4700.0,4700.0,4700.0,4700.0,100,0.0,0.0
2024-07-08 09:00:00+09:00,4700.0,4705.0,4695.0,4705.0,1200,0.0,0.0
2024-07-08 09:05:00+09:00,4700.0,4700.0,4700.0,4700.0,100,0.0,0.0
2024-07-08 09:15:00+09:00,4710.0,4715.0,4710.0,4710.0,1200,0.0,0.0
2024-07-08 09:20:00+09:00,4710.0,4710.0,4710.0,4710.0,800,0.0,0.0
2024-07-08 09:25:00+09:00,4700.0,4700.0,4695.0,4695.0,200,0.0,0.0
2024-07-08 09:35:00+09:00,4690.0,4690.0,4685.0,4690.0,900,0.0,0.0
2024-07-08 09:45:00+09:00,4690.0,4690.0,4680.0,4680.0,2200,0.0,0.0
2024-07-08 09:50:00+09:00,4680.0,4680.0,4680.0,4680.0,100,0.0,0.0
2024-07-08 10:15:00+09:00,4680.0,4680.0,4680.0,4680.0,200,0.0,0.0
2024-07-08 10:30:00+09:00,4680.0,4680.0,4680.0,4680.0,300,0.0,0.0
2024-07-08 11:15:00+09:00,4685.0,4685.0,4685.0,4685.0,300,0.0,0.0
2024-07-08 11:30:00+09:00,4690.0,4690.0,4690.0,4690.0,100,0.0,0.0
2024-07-08 11:35:00+09:00,4690.0,4690.0,4690.0,4690.0,0,0.0,0.0
2024-07-08 12:30:00+09:00,4690.0,4700.0,4690.0,4700.0,8900,0.0,0.0
2024-07-08 12:35:00+09:00,4705.0,4705.0,4705.0,4705.0,0,0.0,0.0
2024-07-08 12:45:00+09:00,4710.0,4715.0,4705.0,4705.0,10100,0.0,0.0
2024-07-08 13:00:00+09:00,4705.0,4725.0,4700.0,4725.0,3400,0.0,0.0
2024-07-08 13:05:00+09:00,4725.0,4725.0,4725.0,4725.0,1300,0.0,0.0
2024-07-08 13:10:00+09:00,4725.0,4740.0,4725.0,4740.0,2600,0.0,0.0
2024-07-08 13:15:00+09:00,4745.0,4760.0,4745.0,4760.0,5000,0.0,0.0
2024-07-08 13:25:00+09:00,4755.0,4755.0,4755.0,4755.0,200,0.0,0.0
2024-07-08 13:30:00+09:00,4760.0,4760.0,4760.0,4760.0,200,0.0,0.0
2024-07-08 13:35:00+09:00,4760.0,4765.0,4760.0,4765.0,1000,0.0,0.0
2024-07-08 13:40:00+09:00,4765.0,4770.0,4765.0,4770.0,1100,0.0,0.0
2024-07-08 13:45:00+09:00,4770.0,4770.0,4770.0,4770.0,100,0.0,0.0
2024-07-08 13:50:00+09:00,4770.0,4770.0,4770.0,4770.0,500,0.0,0.0
2024-07-08 13:55:00+09:00,4770.0,4770.0,4770.0,4770.0,400,0.0,0.0
2024-07-08 14:00:00+09:00,4770.0,4775.0,4770.0,4775.0,700,0.0,0.0
2024-07-08 14:05:00+09:00,4770.0,4770.0,4770.0,4770.0,100,0.0,0.0
2024-07-08 14:10:00+09:00,4770.0,4770.0,4770.0,4770.0,300,0.0,0.0
2024-07-08 14:15:00+09:00,4770.0,4770.0,4770.0,4770.0,200,0.0,0.0
2024-07-08 14:20:00+09:00,4765.0,4765.0,4765.0,4765.0,100,0.0,0.0
2024-07-08 14:25:00+09:00,4765.0,4765.0,4760.0,4760.0,500,0.0,0.0
2024-07-08 14:45:00+09:00,4760.0,4760.0,4760.0,4760.0,500,0.0,0.0
2024-07-08 14:50:00+09:00,4760.0,4760.0,4755.0,4755.0,800,0.0,0.0
2024-07-08 14:55:00+09:00,4755.0,4790.0,4755.0,4790.0,5100,0.0,0.0
2024-07-09 09:00:00+09:00,4785.0,4785.0,4775.0,4780.0,2500,0.0,0.0
2024-07-09 09:05:00+09:00,4785.0,4785.0,4770.0,4770.0,800,0.0,0.0
2024-07-09 09:10:00+09:00,4760.0,4760.0,4745.0,4755.0,1500,0.0,0.0
2024-07-09 09:15:00+09:00,4755.0,4765.0,4755.0,4765.0,700,0.0,0.0
2024-07-09 09:20:00+09:00,4765.0,4765.0,4765.0,4765.0,200,0.0,0.0
2024-07-09 09:25:00+09:00,4770.0,4770.0,4770.0,4770.0,300,0.0,0.0
2024-07-09 09:30:00+09:00,4770.0,4770.0,4765.0,4765.0,200,0.0,0.0
2024-07-09 09:35:00+09:00,4770.0,4770.0,4765.0,4765.0,1800,0.0,0.0
2024-07-09 09:40:00+09:00,4760.0,4760.0,4760.0,4760.0,100,0.0,0.0
2024-07-09 09:45:00+09:00,4765.0,4765.0,4765.0,4765.0,200,0.0,0.0
2024-07-09 09:50:00+09:00,4765.0,4765.0,4765.0,4765.0,100,0.0,0.0
2024-07-09 09:55:00+09:00,4770.0,4770.0,4770.0,4770.0,300,0.0,0.0
2024-07-09 10:00:00+09:00,4770.0,4770.0,4770.0,4770.0,100,0.0,0.0
2024-07-09 10:05:00+09:00,4770.0,4770.0,4770.0,4770.0,200,0.0,0.0
2024-07-09 10:15:00+09:00,4775.0,4775.0,4775.0,4775.0,400,0.0,0.0
2024-07-09 10:20:00+09:00,4780.0,4780.0,4780.0,4780.0,100,0.0,0.0
2024-07-09 10:30:00+09:00,4775.0,4775.0,4775.0,4775.0,400,0.0,0.0
2024-07-09 10:35:00+09:00,4775.0,4775.0,4775.0,4775.0,800,0.0,0.0
2024-07-09 10:40:00+09:00,4770.0,4770.0,4770.0,4770.0,600,0.0,0.0
2024-07-09 10:50:00+09:00,4765.0,4765.0,4765.0,4765.0,100,0.0,0.0
2024-07-09 10:55:00+09:00,4760.0,4760.0,4755.0,4755.0,600,0.0,0.0
2024-07-09 11:00:00+09:00,4750.0,4755.0,4750.0,4755.0,700,0.0,0.0
2024-07-09 11:05:00+09:00,4755.0,4755.0,4755.0,4755.0,400,0.0,0.0
2024-07-09 11:15:00+09:00,4760.0,4765.0,4760.0,4765.0,700,0.0,0.0
2024-07-09 11:20:00+09:00,4765.0,4765.0,4765.0,4765.0,100,0.0,0.0
2024-07-09 11:25:00+09:00,4770.0,4770.0,4770.0,4770.0,100,0.0,0.0
2024-07-09 11:30:00+09:00,4775.0,4775.0,4775.0,4775.0,800,0.0,0.0
2024-07-09 11:35:00+09:00,4775.0,4775.0,4775.0,4775.0,0,0.0,0.0
2024-07-09 12:30:00+09:00,4780.0,4785.0,4780.0,4785.0,17200,0.0,0.0
2024-07-09 12:35:00+09:00,4785.0,4785.0,4785.0,4785.0,100,0.0,0.0
2024-07-09 12:40:00+09:00,4790.0,4790.0,4790.0,4790.0,1200,0.0,0.0
2024-07-09 12:45:00+09:00,4790.0,4790.0,4790.0,4790.0,100,0.0,0.0
2024-07-09 12:55:00+09:00,4795.0,4800.0,4795.0,4800.0,5900,0.0,0.0
2024-07-09 13:05:00+09:00,4795.0,4795.0,4795.0,4795.0,100,0.0,0.0
2024-07-09 13:10:00+09:00,4795.0,4805.0,4795.0,4805.0,1200,0.0,0.0
2024-07-09 13:15:00+09:00,4810.0,4810.0,4810.0,4810.0,100,0.0,0.0
2024-07-09 13:20:00+09:00,4805.0,4810.0,4805.0,4805.0,500,0.0,0.0
2024-07-09 13:25:00+09:00,4805.0,4805.0,4805.0,4805.0,200,0.0,0.0
2024-07-09 13:30:00+09:00,4805.0,4805.0,4805.0,4805.0,200,0.0,0.0
2024-07-09 13:40:00+09:00,4810.0,4810.0,4810.0,4810.0,100,0.0,0.0
2024-07-09 13:45:00+09:00,4805.0,4805.0,4805.0,4805.0,200,0.0,0.0
2024-07-09 13:50:00+09:00,4805.0,4805.0,4805.0,4805.0,100,0.0,0.0
2024-07-09 14:10:00+09:00,4805.0,4805.0,4805.0,4805.0,100,0.0,0.0
2024-07-09 14:15:00+09:00,4805.0,4805.0,4800.0,4805.0,2000,0.0,0.0
2024-07-09 14:30:00+09:00,4800.0,4805.0,4800.0,4805.0,300,0.0,0.0
2024-07-09 14:35:00+09:00,4800.0,4800.0,4795.0,4800.0,1200,0.0,0.0
2024-07-09 14:40:00+09:00,4805.0,4805.0,4805.0,4805.0,100,0.0,0.0
2024-07-09 14:45:00+09:00,4805.0,4805.0,4805.0,4805.0,100,0.0,0.0
2024-07-09 14:50:00+09:00,4805.0,4805.0,4805.0,4805.0,100,0.0,0.0
2024-07-09 14:55:00+09:00,4800.0,4800.0,4790.0,4800.0,700,0.0,0.0
2024-07-10 09:00:00+09:00,4780.0,4785.0,4765.0,4775.0,1400,0.0,0.0
2024-07-10 09:05:00+09:00,4775.0,4775.0,4770.0,4775.0,800,0.0,0.0
2024-07-10 09:10:00+09:00,4780.0,4780.0,4780.0,4780.0,100,0.0,0.0
2024-07-10 09:15:00+09:00,4775.0,4775.0,4775.0,4775.0,200,0.0,0.0
2024-07-10 09:20:00+09:00,4775.0,4775.0,4775.0,4775.0,100,0.0,0.0
2024-07-10 09:25:00+09:00,4770.0,4770.0,4770.0,4770.0,300,0.0,0.0
2024-07-10 09:30:00+09:00,4760.0,4760.0,4760.0,4760.0,300,0.0,0.0
2024-07-10 09:35:00+09:00,4765.0,4765.0,4760.0,4760.0,300,0.0,0.0
2024-07-10 09:40:00+09:00,4755.0,4755.0,4750.0,4750.0,500,0.0,0.0
2024-07-10 09:50:00+09:00,4765.0,4765.0,4765.0,4765.0,0,0.0,0.0
2024-07-10 09:55:00+09:00,4765.0,4765.0,4765.0,4765.0,0,0.0,0.0
2024-07-10 10:00:00+09:00,4765.0,4765.0,4765.0,4765.0,4900,0.0,0.0
2024-07-10 10:05:00+09:00,4765.0,4765.0,4765.0,4765.0,200,0.0,0.0
2024-07-10 10:20:00+09:00,4760.0,4760.0,4760.0,4760.0,100,0.0,0.0
2024-07-10 10:30:00+09:00,4755.0,4760.0,4755.0,4760.0,1000,0.0,0.0
2024-07-10 10:55:00+09:00,4765.0,4775.0,4765.0,4775.0,600,0.0,0.0
2024-07-10 11:00:00+09:00,4780.0,4780.0,4780.0,4780.0,200,0.0,0.0
2024-07-10 11:05:00+09:00,4780.0,4780.0,4780.0,4780.0,100,0.0,0.0
2024-07-10 11:15:00+09:00,4780.0,4780.0,4780.0,4780.0,400,0.0,0.0
2024-07-10 11:25:00+09:00,4780.0,4780.0,4780.0,4780.0,200,0.0,0.0
2024-07-10 11:30:00+09:00,4780.0,4780.0,4780.0,4780.0,600,0.0,0.0
2024-07-10 11:35:00+09:00,4780.0,4780.0,4780.0,4780.0,0,0.0,0.0
2024-07-10 12:30:00+09:00,4770.0,4780.0,4770.0,4775.0,9800,0.0,0.0
2024-07-10 12:35:00+09:00,4770.0,4770.0,4770.0,4770.0,300,0.0,0.0
2024-07-10 12:45:00+09:00,4765.0,4765.0,4765.0,4765.0,200,0.0,0.0
2024-07-10 12:50:00+09:00,4765.0,4765.0,4765.0,4765.0,300,0.0,0.0
2024-07-10 12:55:00+09:00,4760.0,4760.0,4760.0,4760.0,200,0.0,0.0
2024-07-10 13:00:00+09:00,4760.0,4760.0,4760.0,4760.0,400,0.0,0.0
2024-07-10 13:05:00+09:00,4755.0,4755.0,4755.0,4755.0,700,0.0,0.0
2024-07-10 13:20:00+09:00,4750.0,4750.0,4750.0,4750.0,100,0.0,0.0
2024-07-10 13:30:00+09:00,4750.0,4750.0,4745.0,4745.0,1400,0.0,0.0
2024-07-10 13:35:00+09:00,4745.0,4745.0,4745.0,4745.0,400,0.0,0.0
2024-07-10 13:50:00+09:00,4745.0,4745.0,4745.0,4745.0,100,0.0,0.0
2024-07-10 14:00:00+09:00,4750.0,4755.0,4750.0,4755.0,600,0.0,0.0
2024-07-10 14:15:00+09:00,4755.0,4765.0,4755.0,4765.0,1100,0.0,0.0
2024-07-10 14:20:00+09:00,4760.0,4760.0,4760.0,4760.0,100,0.0,0.0
2024-07-10 14:30:00+09:00,4770.0,4770.0,4765.0,4765.0,200,0.0,0.0
2024-07-10 14:35:00+09:00,4765.0,4770.0,4765.0,4770.0,900,0.0,0.0
2024-07-10 14:45:00+09:00,4775.0,4775.0,4775.0,4775.0,100,0.0,0.0
2024-07-10 14:50:00+09:00,4770.0,4775.0,4770.0,4775.0,200,0.0,0.0
2024-07-10 14:55:00+09:00,4780.0,4780.0,4770.0,4775.0,1300,0.0,0.0
2024-07-11 09:00:00+09:00,4835.0,4875.0,4825.0,4875.0,11500,0.0,0.0
2024-07-11 09:05:00+09:00,4865.0,4920.0,4865.0,4920.0,4700,0.0,0.0
2024-07-11 09:10:00+09:00,4910.0,4915.0,4895.0,4895.0,2000,0.0,0.0
2024-07-11 09:15:00+09:00,4900.0,4920.0,4895.0,4915.0,1800,0.0,0.0
2024-07-11 09:20:00+09:00,4920.0,4920.0,4905.0,4910.0,2600,0.0,0.0
2024-07-11 09:25:00+09:00,4905.0,4910.0,4905.0,4910.0,700,0.0,0.0
2024-07-11 09:30:00+09:00,4905.0,4910.0,4905.0,4905.0,1000,0.0,0.0
2024-07-11 09:35:00+09:00,4910.0,4915.0,4910.0,4910.0,600,0.0,0.0
2024-07-11 09:40:00+09:00,4905.0,4905.0,4890.0,4895.0,1100,0.0,0.0
2024-07-11 09:45:00+09:00,4890.0,4895.0,4890.0,4890.0,1000,0.0,0.0
2024-07-11 09:50:00+09:00,4900.0,4905.0,4895.0,4905.0,700,0.0,0.0
2024-07-11 09:55:00+09:00,4905.0,4905.0,4905.0,4905.0,100,0.0,0.0
2024-07-11 10:00:00+09:00,4905.0,4910.0,4905.0,4905.0,1100,0.0,0.0
2024-07-11 10:05:00+09:00,4910.0,4920.0,4910.0,4920.0,2100,0.0,0.0
2024-07-11 10:10:00+09:00,4920.0,4925.0,4905.0,4905.0,1800,0.0,0.0
2024-07-11 10:15:00+09:00,4905.0,4905.0,4900.0,4900.0,500,0.0,0.0
2024-07-11 10:20:00+09:00,4905.0,4905.0,4900.0,4905.0,500,0.0,0.0
2024-07-11 10:25:00+09:00,4905.0,4905.0,4900.0,4900.0,800,0.0,0.0
2024-07-11 10:35:00+09:00,4900.0,4900.0,4900.0,4900.0,100,0.0,0.0
2024-07-11 10:40:00+09:00,4895.0,4895.0,4895.0,4895.0,400,0.0,0.0
2024-07-11 10:45:00+09:00,4880.0,4880.0,4875.0,4875.0,300,0.0,0.0
2024-07-11 10:50:00+09:00,4885.0,4885.0,4885.0,4885.0,0,0.0,0.0
2024-07-11 10:55:00+09:00,4885.0,4885.0,4885.0,4885.0,36600,0.0,0.0
2024-07-11 11:00:00+09:00,4885.0,4885.0,4885.0,4885.0,100,0.0,0.0
2024-07-11 11:10:00+09:00,4880.0,4880.0,4880.0,4880.0,600,0.0,0.0
2024-07-11 11:15:00+09:00,4880.0,4880.0,4880.0,4880.0,100,0.0,0.0
2024-07-11 11:25:00+09:00,4875.0,4880.0,4875.0,4880.0,200,0.0,0.0
2024-07-11 11:30:00+09:00,4885.0,4885.0,4885.0,4885.0,800,0.0,0.0
2024-07-11 11:35:00+09:00,4885.0,4885.0,4885.0,4885.0,0,0.0,0.0
2024-07-11 12:30:00+09:00,4890.0,4915.0,4890.0,4915.0,41500,0.0,0.0
2024-07-11 12:35:00+09:00,4905.0,4905.0,4900.0,4900.0,700,0.0,0.0
2024-07-11 12:40:00+09:00,4900.0,4900.0,4900.0,4900.0,100,0.0,0.0
2024-07-11 12:45:00+09:00,4905.0,4905.0,4900.0,4900.0,200,0.0,0.0
2024-07-11 12:55:00+09:00,4900.0,4905.0,4900.0,4905.0,200,0.0,0.0
2024-07-11 13:00:00+09:00,4900.0,4900.0,4895.0,4895.0,400,0.0,0.0
2024-07-11 13:10:00+09:00,4890.0,4895.0,4890.0,4895.0,500,0.0,0.0
2024-07-11 13:15:00+09:00,4890.0,4890.0,4890.0,4890.0,100,0.0,0.0
2024-07-11 13:25:00+09:00,4885.0,4885.0,4880.0,4880.0,200,0.0,0.0
2024-07-11 13:30:00+09:00,4880.0,4885.0,4880.0,4885.0,200,0.0,0.0
2024-07-11 13:45:00+09:00,4880.0,4880.0,4880.0,4880.0,100,0.0,0.0
2024-07-11 13:55:00+09:00,4885.0,4885.0,4885.0,4885.0,400,0.0,0.0
2024-07-11 14:00:00+09:00,4885.0,4885.0,4885.0,4885.0,200,0.0,0.0
2024-07-11 14:15:00+09:00,4885.0,4885.0,4885.0,4885.0,100,0.0,0.0
2024-07-11 14:20:00+09:00,4885.0,4885.0,4875.0,4875.0,1300,0.0,0.0
2024-07-11 14:30:00+09:00,4875.0,4880.0,4875.0,4880.0,1100,0.0,0.0
2024-07-11 14:40:00+09:00,4875.0,4875.0,4870.0,4870.0,200,0.0,0.0
2024-07-11 14:45:00+09:00,4880.0,4880.0,4880.0,4880.0,400,0.0,0.0
2024-07-11 14:50:00+09:00,4880.0,4880.0,4880.0,4880.0,100,0.0,0.0
2024-07-11 14:55:00+09:00,4880.0,4880.0,4875.0,4875.0,500,0.0,0.0
2024-07-12 09:00:00+09:00,4870.0,4895.0,4870.0,4895.0,3500,0.0,0.0
2024-07-12 09:05:00+09:00,4890.0,4895.0,4890.0,4890.0,600,0.0,0.0
2024-07-12 09:10:00+09:00,4900.0,4900.0,4895.0,4895.0,1300,0.0,0.0
2024-07-12 09:15:00+09:00,4895.0,4930.0,4895.0,4930.0,3000,0.0,0.0
2024-07-12 09:20:00+09:00,4930.0,4930.0,4915.0,4915.0,2400,0.0,0.0
2024-07-12 09:25:00+09:00,4910.0,4915.0,4910.0,4910.0,600,0.0,0.0
2024-07-12 09:30:00+09:00,4910.0,4910.0,4900.0,4900.0,900,0.0,0.0
2024-07-12 09:35:00+09:00,4895.0,4895.0,4890.0,4890.0,600,0.0,0.0
2024-07-12 09:40:00+09:00,4890.0,4905.0,4890.0,4900.0,900,0.0,0.0
2024-07-12 09:45:00+09:00,4900.0,4900.0,4900.0,4900.0,600,0.0,0.0
2024-07-12 09:50:00+09:00,4905.0,4905.0,4905.0,4905.0,300,0.0,0.0
2024-07-12 09:55:00+09:00,4910.0,4915.0,4910.0,4915.0,900,0.0,0.0
2024-07-12 10:00:00+09:00,4915.0,4915.0,4915.0,4915.0,300,0.0,0.0
2024-07-12 10:10:00+09:00,4915.0,4915.0,4905.0,4905.0,1600,0.0,0.0
2024-07-12 10:15:00+09:00,4900.0,4900.0,4900.0,4900.0,100,0.0,0.0
2024-07-12 10:20:00+09:00,4900.0,4900.0,4900.0,4900.0,200,0.0,0.0
2024-07-12 10:25:00+09:00,4900.0,4900.0,4900.0,4900.0,300,0.0,0.0
2024-07-12 10:30:00+09:00,4905.0,4905.0,4905.0,4905.0,300,0.0,0.0
2024-07-12 10:35:00+09:00,4905.0,4905.0,4895.0,4895.0,1400,0.0,0.0
2024-07-12 10:40:00+09:00,4890.0,4890.0,4890.0,4890.0,100,0.0,0.0
2024-07-12 10:45:00+09:00,4895.0,4895.0,4895.0,4895.0,100,0.0,0.0
2024-07-12 10:55:00+09:00,4890.0,4890.0,4890.0,4890.0,100,0.0,0.0
2024-07-12 11:00:00+09:00,4890.0,4890.0,4890.0,4890.0,400,0.0,0.0
2024-07-12 11:10:00+09:00,4890.0,4890.0,4890.0,4890.0,200,0.0,0.0
2024-07-12 11:20:00+09:00,4900.0,4910.0,4900.0,4910.0,800,0.0,0.0
2024-07-12 11:25:00+09:00,4910.0,4910.0,4895.0,4900.0,1700,0.0,0.0
2024-07-12 11:30:00+09:00,4895.0,4895.0,4895.0,4895.0,100,0.0,0.0
2024-07-12 11:35:00+09:00,4895.0,4895.0,4895.0,4895.0,0,0.0,0.0
2024-07-12 12:30:00+09:00,4895.0,4895.0,4890.0,4890.0,25300,0.0,0.0
2024-07-12 12:40:00+09:00,4890.0,4890.0,4890.0,4890.0,200,0.0,0.0
2024-07-12 12:50:00+09:00,4885.0,4885.0,4885.0,4885.0,400,0.0,0.0
2024-07-12 13:10:00+09:00,4880.0,4885.0,4880.0,4885.0,800,0.0,0.0
2024-07-12 13:45:00+09:00,4890.0,4890.0,4890.0,4890.0,100,0.0,0.0
2024-07-12 13:50:00+09:00,4890.0,4890.0,4890.0,4890.0,200,0.0,0.0
2024-07-12 14:10:00+09:00,4885.0,4885.0,4885.0,4885.0,500,0.0,0.0
2024-07-12 14:15:00+09:00,4885.0,4885.0,4885.0,4885.0,200,0.0,0.0
2024-07-12 14:30:00+09:00,4885.0,4885.0,4885.0,4885.0,100,0.0,0.0
2024-07-12 14:35:00+09:00,4885.0,4885.0,4885.0,4885.0,100,0.0,0.0
2024-07-12 14:40:00+09:00,4885.0,4890.0,4885.0,4890.0,800,0.0,0.0
2024-07-12 14:45:00+09:00,4890.0,4890.0,4890.0,4890.0,100,0.0,0.0
2024-07-12 14:50:00+09:00,4890.0,4890.0,4890.0,4890.0,1200,0.0,0.0
2024-07-12 14:55:00+09:00,4890.0,4895.0,4890.0,4890.0,1100,0.0,0.0
