Datetime,Open,High,Low,Close,Volume,Dividends,Stock Splits
2022-09-08 09:00:00+08:00,89.0,93.5999984741211,88.0,92.19999694824219,147089,0.0,0.0
2022-09-08 10:00:00+08:00,92.19999694824219,92.4000015258789,91.5999984741211,92.30000305175781,31087,0.0,0.0
2022-09-08 11:00:00+08:00,92.19999694824219,92.19999694824219,90.80000305175781,91.5,46822,0.0,0.0
2022-09-08 12:00:00+08:00,91.5,91.69999694824219,90.80000305175781,91.5,47102,0.0,0.0
2022-09-08 13:00:00+08:00,91.5,91.5,91.0999984741211,91.4000015258789,37101,0.0,0.0
2022-09-12 09:00:00+08:00,91.80000305175781,91.80000305175781,89.0,89.0,0,0.0,0.0
2022-09-12 10:00:00+08:00,89.0,89.5999984741211,88.5999984741211,89.19999694824219,14054,0.0,0.0
2022-09-12 11:00:00+08:00,89.5,89.80000305175781,89.0,89.69999694824219,22220,0.0,0.0
2022-09-12 12:00:00+08:00,89.5,89.9000015258789,89.5,89.80000305175781,11000,0.0,0.0
2022-09-12 13:00:00+08:00,89.9000015258789,90.30000305175781,89.9000015258789,90.30000305175781,17000,0.0,0.0
2022-09-13 09:00:00+08:00,91.30000305175781,92.0,89.69999694824219,90.69999694824219,0,0.0,0.0
2022-09-13 10:00:00+08:00,91.4000015258789,91.4000015258789,90.30000305175781,90.30000305175781,20000,0.0,0.0
2022-09-13 11:00:00+08:00,90.5999984741211,90.9000015258789,90.0,90.30000305175781,10000,0.0,0.0
2022-09-13 12:00:00+08:00,90.0,90.5999984741211,90.0,90.0,5015,0.0,0.0
2022-09-13 13:00:00+08:00,90.19999694824219,90.69999694824219,90.19999694824219,90.69999694824219,9000,0.0,0.0
2022-09-14 12:00:00+08:00,90.19999694824219,90.19999694824219,90.19999694824219,90.19999694824219,0,0.0,0.0
2022-09-14 13:00:00+08:00,90.5,90.5,90.5,90.5,1000,0.0,0.0
2022-09-15 09:00:00+08:00,90.5,90.5,88.80000305175781,89.9000015258789,0,0.0,0.0
2022-09-15 10:00:00+08:00,89.0999984741211,89.0999984741211,89.0999984741211,89.0999984741211,5226,0.0,0.0
2022-09-15 11:00:00+08:00,89.5999984741211,89.5999984741211,89.0,89.5999984741211,3500,0.0,0.0
2022-09-15 12:00:00+08:00,89.5999984741211,89.5999984741211,88.5,89.0,11011,0.0,0.0
2022-09-15 13:00:00+08:00,89.30000305175781,89.30000305175781,88.0999984741211,88.9000015258789,13163,0.0,0.0
2022-09-16 09:00:00+08:00,89.30000305175781,89.30000305175781,88.30000305175781,88.30000305175781,0,0.0,0.0
2022-09-16 10:00:00+08:00,88.80000305175781,89.4000015258789,88.80000305175781,89.4000015258789,7200,0.0,0.0
2022-09-16 11:00:00+08:00,88.80000305175781,88.80000305175781,88.80000305175781,88.80000305175781,1000,0.0,0.0
2022-09-16 12:00:00+08:00,89.0999984741211,89.0999984741211,89.0999984741211,89.0999984741211,2108,0.0,0.0
2022-09-19 09:00:00+08:00,89.5,89.5,89.5,89.5,0,0.0,0.0
2022-09-19 12:00:00+08:00,89.30000305175781,89.30000305175781,88.0999984741211,88.0999984741211,2000,0.0,0.0
2022-09-19 13:00:00+08:00,88.0999984741211,89.30000305175781,88.0999984741211,89.30000305175781,5002,0.0,0.0
2022-09-20 09:00:00+08:00,89.4000015258789,90.0,89.0,89.4000015258789,0,0.0,0.0
2022-09-21 09:00:00+08:00,89.5,89.5,89.4000015258789,89.4000015258789,0,0.0,0.0
2022-09-21 10:00:00+08:00,89.0,89.30000305175781,89.0,89.30000305175781,2000,0.0,0.0
2022-09-22 09:00:00+08:00,88.19999694824219,88.19999694824219,88.0,88.0,0,0.0,0.0
2022-09-22 11:00:00+08:00,88.0,88.69999694824219,88.0,88.69999694824219,4000,0.0,0.0
2022-09-22 12:00:00+08:00,88.69999694824219,88.69999694824219,88.69999694824219,88.69999694824219,1001,0.0,0.0
2022-09-22 13:00:00+08:00,88.5999984741211,89.30000305175781,88.5999984741211,89.30000305175781,7000,0.0,0.0
2022-09-26 09:00:00+08:00,88.0999984741211,88.0999984741211,87.69999694824219,87.69999694824219,0,0.0,0.0
2022-09-26 10:00:00+08:00,88.19999694824219,88.5,88.19999694824219,88.5,3063,0.0,0.0
2022-09-26 11:00:00+08:00,88.30000305175781,88.5,88.30000305175781,88.5,2008,0.0,0.0
2022-09-26 12:00:00+08:00,87.4000015258789,88.19999694824219,87.0999984741211,88.19999694824219,6000,0.0,0.0
2022-09-26 13:00:00+08:00,87.0999984741211,87.9000015258789,87.0999984741211,87.9000015258789,10902,0.0,0.0
2022-09-27 09:00:00+08:00,87.0999984741211,87.0999984741211,86.5,86.69999694824219,0,0.0,0.0
2022-09-27 10:00:00+08:00,86.5,87.0,86.5,87.0,3000,0.0,0.0
2022-09-27 11:00:00+08:00,86.80000305175781,86.80000305175781,86.80000305175781,86.80000305175781,2100,0.0,0.0
2022-09-27 12:00:00+08:00,86.80000305175781,87.0,86.80000305175781,87.0,5000,0.0,0.0
2022-09-27 13:00:00+08:00,86.5,87.5,86.0,87.5,16000,0.0,0.0
2022-09-28 09:00:00+08:00,87.0,87.0,87.0,87.0,0,0.0,0.0
2022-09-28 10:00:00+08:00,86.9000015258789,87.0,86.5999984741211,87.0,10000,0.0,0.0
2022-09-28 11:00:00+08:00,86.69999694824219,86.69999694824219,86.69999694824219,86.69999694824219,1000,0.0,0.0
2022-09-28 12:00:00+08:00,86.69999694824219,87.19999694824219,86.5999984741211,87.19999694824219,7000,0.0,0.0
2022-09-28 13:00:00+08:00,87.30000305175781,87.4000015258789,87.30000305175781,87.4000015258789,2000,0.0,0.0
2022-09-29 09:00:00+08:00,88.0,88.5,87.9000015258789,88.5,0,0.0,0.0
2022-09-29 12:00:00+08:00,88.5,88.5,87.9000015258789,87.9000015258789,18000,0.0,0.0
2022-09-29 13:00:00+08:00,88.4000015258789,88.5,88.0999984741211,88.5,3000,0.0,0.0
2022-09-30 09:00:00+08:00,87.5999984741211,87.5999984741211,87.5,87.5999984741211,0,0.0,0.0
2022-09-30 10:00:00+08:00,88.0999984741211,88.4000015258789,88.0999984741211,88.4000015258789,7000,0.0,0.0
2022-09-30 11:00:00+08:00,88.0999984741211,88.30000305175781,87.9000015258789,88.30000305175781,6001,0.0,0.0
2022-09-30 13:00:00+08:00,88.30000305175781,88.5,88.30000305175781,88.5,4000,0.0,0.0
2022-10-04 11:00:00+08:00,88.5999984741211,88.5999984741211,88.5999984741211,88.5999984741211,0,0.0,0.0
2022-10-04 13:00:00+08:00,88.5,88.5,88.5,88.5,1050,0.0,0.0
2022-10-05 09:00:00+08:00,88.69999694824219,88.69999694824219,88.69999694824219,88.69999694824219,0,0.0,0.0
2022-10-05 12:00:00+08:00,88.5,88.69999694824219,88.5,88.69999694824219,3000,0.0,0.0
2022-10-06 09:00:00+08:00,88.80000305175781,88.80000305175781,88.80000305175781,88.80000305175781,0,0.0,0.0
2022-10-06 10:00:00+08:00,88.69999694824219,89.0,88.30000305175781,88.80000305175781,65007,0.0,0.0
2022-10-07 11:00:00+08:00,88.5,88.80000305175781,88.5,88.80000305175781,1000,0.0,0.0
2022-10-07 12:00:00+08:00,88.19999694824219,88.19999694824219,87.80000305175781,87.80000305175781,4002,0.0,0.0
2022-10-11 09:00:00+08:00,90.0,90.0,90.0,90.0,0,0.0,0.0
2022-10-11 10:00:00+08:00,89.0,89.0,88.9000015258789,88.9000015258789,3000,0.0,0.0
2022-10-11 13:00:00+08:00,88.0999984741211,88.80000305175781,88.0999984741211,88.80000305175781,3000,0.0,0.0
2022-10-12 09:00:00+08:00,87.9000015258789,88.80000305175781,85.80000305175781,86.0,4000,0.0,0.0
2022-10-12 10:00:00+08:00,86.5999984741211,87.5,86.0,86.0,6001,0.0,0.0
2022-10-12 11:00:00+08:00,86.80000305175781,86.80000305175781,86.80000305175781,86.80000305175781,1000,0.0,0.0
2022-10-12 12:00:00+08:00,85.9000015258789,86.69999694824219,85.30000305175781,86.4000015258789,12000,0.0,0.0
2022-10-12 13:00:00+08:00,86.30000305175781,87.0,86.30000305175781,87.0,11000,0.0,0.0
2022-10-13 09:00:00+08:00,87.69999694824219,88.0,87.69999694824219,88.0,0,0.0,0.0
2022-10-13 11:00:00+08:00,86.4000015258789,86.4000015258789,86.4000015258789,86.4000015258789,1000,0.0,0.0
2022-10-13 12:00:00+08:00,86.0999984741211,86.4000015258789,86.0999984741211,86.4000015258789,3000,0.0,0.0
2022-10-14 09:00:00+08:00,88.0,88.0,88.0,88.0,0,0.0,0.0
2022-10-14 10:00:00+08:00,88.0,89.0,88.0,89.0,3010,0.0,0.0
2022-10-17 09:00:00+08:00,87.80000305175781,87.80000305175781,86.5999984741211,86.5999984741211,0,0.0,0.0
2022-10-17 10:00:00+08:00,86.5999984741211,87.5,86.5999984741211,87.5,3010,0.0,0.0
2022-10-18 13:00:00+08:00,86.5999984741211,86.5999984741211,86.5,86.5,0,0.0,0.0
2022-10-19 09:00:00+08:00,86.5999984741211,86.5999984741211,86.0999984741211,86.5,7000,0.0,0.0
2022-10-19 11:00:00+08:00,86.0,86.0,85.4000015258789,86.0,0,0.0,0.0
2022-10-19 12:00:00+08:00,86.0,86.30000305175781,86.0,86.30000305175781,29000,0.0,0.0
2022-10-19 13:00:00+08:00,86.19999694824219,86.30000305175781,86.19999694824219,86.30000305175781,6000,0.0,0.0
2022-10-21 12:00:00+08:00,85.5999984741211,85.5999984741211,85.5999984741211,85.5999984741211,0,0.0,0.0
2022-10-21 13:00:00+08:00,85.5999984741211,86.0,85.5999984741211,86.0,2000,0.0,0.0
2022-10-24 09:00:00+08:00,86.5999984741211,86.5999984741211,86.5999984741211,86.5999984741211,0,0.0,0.0
2022-10-24 10:00:00+08:00,86.5999984741211,86.5999984741211,86.5999984741211,86.5999984741211,13290,0.0,0.0
2022-10-24 13:00:00+08:00,85.80000305175781,85.80000305175781,85.5,85.5,2000,0.0,0.0
2022-10-25 09:00:00+08:00,85.80000305175781,86.5,85.80000305175781,86.5,0,0.0,0.0
2022-10-27 09:00:00+08:00,87.0,87.0,87.0,87.0,0,0.0,0.0
2022-10-28 10:00:00+08:00,86.4000015258789,86.4000015258789,86.4000015258789,86.4000015258789,1000,0.0,0.0
2022-10-28 12:00:00+08:00,87.0,87.0,87.0,87.0,10000,0.0,0.0
2022-10-31 10:00:00+08:00,87.5,87.5,87.5,87.5,0,0.0,0.0
2022-11-01 11:00:00+08:00,86.69999694824219,86.69999694824219,86.5,86.5,1000,0.0,0.0
2022-11-01 12:00:00+08:00,87.0,87.0,87.0,87.0,1000,0.0,0.0
2022-11-01 13:00:00+08:00,87.0,87.5999984741211,87.0,87.5999984741211,6000,0.0,0.0
2022-11-02 09:00:00+08:00,87.19999694824219,87.5,87.19999694824219,87.5,0,0.0,0.0
2022-11-02 12:00:00+08:00,87.5999984741211,87.5999984741211,87.5999984741211,87.5999984741211,1000,0.0,0.0
2022-11-03 10:00:00+08:00,88.0,88.0,88.0,88.0,1113,0.0,0.0
2022-11-03 11:00:00+08:00,87.80000305175781,87.80000305175781,87.80000305175781,87.80000305175781,17000,0.0,0.0
2022-11-04 09:00:00+08:00,89.0999984741211,92.0,89.0999984741211,90.30000305175781,25887,0.0,0.0
2022-11-04 11:00:00+08:00,90.0999984741211,90.0999984741211,90.0,90.0999984741211,6000,0.0,0.0
2022-11-04 12:00:00+08:00,90.0999984741211,90.5,90.0,90.0,11010,0.0,0.0
2022-11-04 13:00:00+08:00,90.0,90.0,89.9000015258789,89.9000015258789,4000,0.0,0.0
2022-11-07 09:00:00+08:00,90.5,90.5,90.0,90.0,0,0.0,0.0
2022-11-07 13:00:00+08:00,90.0,90.0,90.0,90.0,5067,0.0,0.0
2022-11-08 09:00:00+08:00,90.30000305175781,90.30000305175781,89.19999694824219,89.19999694824219,0,0.0,0.0
2022-11-08 11:00:00+08:00,89.19999694824219,89.19999694824219,88.5999984741211,88.5999984741211,8034,0.0,0.0
2022-11-08 12:00:00+08:00,88.80000305175781,88.80000305175781,88.5,88.5,3000,0.0,0.0
2022-11-08 13:00:00+08:00,89.19999694824219,89.19999694824219,89.19999694824219,89.19999694824219,1000,0.0,0.0
2022-11-09 09:00:00+08:00,88.0,88.5,87.5,87.5999984741211,0,0.0,0.0
2022-11-09 10:00:00+08:00,87.5,87.5,87.5,87.5,2004,0.0,0.0
2022-11-09 11:00:00+08:00,88.30000305175781,88.30000305175781,88.30000305175781,88.30000305175781,1010,0.0,0.0
2022-11-09 12:00:00+08:00,88.4000015258789,88.5,88.4000015258789,88.5,3007,0.0,0.0
2022-11-11 09:00:00+08:00,89.0,89.0,89.0,89.0,0,0.0,0.0
2022-11-11 11:00:00+08:00,87.9000015258789,87.9000015258789,87.4000015258789,87.4000015258789,8050,0.0,0.0
2022-11-11 12:00:00+08:00,87.80000305175781,88.0,87.80000305175781,88.0,4000,0.0,0.0
2022-11-11 13:00:00+08:00,87.4000015258789,88.0,87.4000015258789,88.0,5000,0.0,0.0
2022-11-14 09:00:00+08:00,88.0,88.5,88.0,88.5,0,0.0,0.0
2022-11-14 10:00:00+08:00,87.5999984741211,87.5999984741211,87.5999984741211,87.5999984741211,1038,0.0,0.0
2022-11-14 13:00:00+08:00,87.5,88.19999694824219,87.5,88.19999694824219,2002,0.0,0.0
2022-11-15 12:00:00+08:00,87.5,87.5,87.5,87.5,0,0.0,0.0
2022-11-16 09:00:00+08:00,87.5999984741211,87.5999984741211,87.5999984741211,87.5999984741211,0,0.0,0.0
2022-11-16 10:00:00+08:00,87.19999694824219,87.19999694824219,87.19999694824219,87.19999694824219,1000,0.0,0.0
2022-11-16 11:00:00+08:00,87.19999694824219,87.19999694824219,87.19999694824219,87.19999694824219,1000,0.0,0.0
2022-11-16 12:00:00+08:00,87.0,87.0,87.0,87.0,1000,0.0,0.0
2022-11-16 13:00:00+08:00,87.4000015258789,87.4000015258789,87.4000015258789,87.4000015258789,1000,0.0,0.0
2022-11-17 12:00:00+08:00,87.4000015258789,87.80000305175781,87.4000015258789,87.80000305175781,2000,0.0,0.0
2022-11-17 13:00:00+08:00,88.0,88.0,88.0,88.0,1000,0.0,0.0
2022-11-18 09:00:00+08:00,88.0,88.0999984741211,88.0,88.0999984741211,0,0.0,0.0
2022-11-18 11:00:00+08:00,87.5999984741211,87.5999984741211,87.5999984741211,87.5999984741211,1000,0.0,0.0
2022-11-18 12:00:00+08:00,87.5999984741211,87.5999984741211,87.5999984741211,87.5999984741211,1000,0.0,0.0
2022-11-18 13:00:00+08:00,88.0,88.0,88.0,88.0,2000,0.0,0.0
2022-11-21 09:00:00+08:00,87.5,88.5999984741211,87.5,88.0999984741211,1001,0.0,0.0
2022-11-21 10:00:00+08:00,88.0,88.0999984741211,88.0,88.0999984741211,2000,0.0,0.0
2022-11-22 09:00:00+08:00,88.19999694824219,88.19999694824219,88.19999694824219,88.19999694824219,0,0.0,0.0
2022-11-22 12:00:00+08:00,87.5,87.5,87.30000305175781,87.5,5029,0.0,0.0
2022-11-22 13:00:00+08:00,87.5,87.9000015258789,87.5,87.9000015258789,4000,0.0,0.0
2022-11-23 09:00:00+08:00,87.5,87.5,87.5,87.5,0,0.0,0.0
2022-11-24 09:00:00+08:00,88.0,88.0,88.0,88.0,0,0.0,0.0
2022-11-25 09:00:00+08:00,88.0,88.0,88.0,88.0,1000,0.0,0.0
2022-11-25 10:00:00+08:00,87.4000015258789,87.4000015258789,87.0,87.0,3000,0.0,0.0
2022-11-25 11:00:00+08:00,87.9000015258789,87.9000015258789,87.9000015258789,87.9000015258789,1000,0.0,0.0
2022-11-25 13:00:00+08:00,87.0999984741211,87.0999984741211,87.0,87.0,2000,0.0,0.0
2022-11-28 10:00:00+08:00,86.5999984741211,87.0999984741211,86.5,87.0999984741211,3001,0.0,0.0
2022-11-28 13:00:00+08:00,87.0,87.0999984741211,87.0,87.0999984741211,2000,0.0,0.0
2022-11-30 10:00:00+08:00,87.0,87.0,87.0,87.0,0,0.0,0.0
2022-12-01 09:00:00+08:00,87.0,87.0999984741211,87.0,87.0999984741211,1998,0.0,0.0
2022-12-01 10:00:00+08:00,87.0,87.0,87.0,87.0,1000,0.0,0.0
2022-12-01 11:00:00+08:00,87.0,87.0,86.5,86.5,66100,0.0,0.0
2022-12-01 12:00:00+08:00,86.9000015258789,86.9000015258789,86.9000015258789,86.9000015258789,1000,0.0,0.0
2022-12-01 13:00:00+08:00,86.9000015258789,86.9000015258789,86.9000015258789,86.9000015258789,1000,0.0,0.0
2022-12-02 09:00:00+08:00,86.9000015258789,86.9000015258789,86.9000015258789,86.9000015258789,0,0.0,0.0
2022-12-02 10:00:00+08:00,87.0999984741211,87.0999984741211,87.0999984741211,87.0999984741211,60000,0.0,0.0
2022-12-02 11:00:00+08:00,86.69999694824219,86.69999694824219,86.69999694824219,86.69999694824219,1000,0.0,0.0
2022-12-02 13:00:00+08:00,86.9000015258789,86.9000015258789,86.9000015258789,86.9000015258789,1000,0.0,0.0
2022-12-05 12:00:00+08:00,86.9000015258789,86.9000015258789,84.0,86.0,5000,0.0,0.0
2022-12-05 13:00:00+08:00,86.19999694824219,87.19999694824219,86.19999694824219,87.19999694824219,7000,0.0,0.0
2022-12-08 12:00:00+08:00,86.4000015258789,86.4000015258789,86.4000015258789,86.4000015258789,0,0.0,0.0
2022-12-08 13:00:00+08:00,86.5,87.0999984741211,86.5,87.0999984741211,3000,0.0,0.0
2022-12-09 09:00:00+08:00,87.80000305175781,87.80000305175781,87.80000305175781,87.80000305175781,0,0.0,0.0
2022-12-09 10:00:00+08:00,87.80000305175781,87.9000015258789,87.0,87.0,4099,0.0,0.0
2022-12-09 12:00:00+08:00,87.0,87.5,87.0,87.5,4000,0.0,0.0
2022-12-09 13:00:00+08:00,86.69999694824219,86.69999694824219,86.69999694824219,86.69999694824219,1000,0.0,0.0
2022-12-13 11:00:00+08:00,87.30000305175781,87.30000305175781,87.30000305175781,87.30000305175781,0,0.0,0.0
2022-12-14 09:00:00+08:00,86.80000305175781,86.80000305175781,86.80000305175781,86.80000305175781,0,0.0,0.0
2022-12-14 11:00:00+08:00,87.30000305175781,87.30000305175781,87.30000305175781,87.30000305175781,1000,0.0,0.0
2022-12-14 12:00:00+08:00,87.30000305175781,87.5,87.30000305175781,87.30000305175781,6000,0.0,0.0
2022-12-15 09:00:00+08:00,86.5,86.5,86.30000305175781,86.30000305175781,0,0.0,0.0
2022-12-15 11:00:00+08:00,86.4000015258789,86.4000015258789,84.0999984741211,85.0,28000,0.0,0.0
2022-12-15 12:00:00+08:00,85.0,85.69999694824219,84.5,85.69999694824219,18000,0.0,0.0
2022-12-15 13:00:00+08:00,85.69999694824219,85.69999694824219,85.69999694824219,85.69999694824219,1000,0.0,0.0
2022-12-16 09:00:00+08:00,84.0,85.4000015258789,84.0,85.4000015258789,0,0.0,0.0
2022-12-16 11:00:00+08:00,85.4000015258789,85.4000015258789,85.4000015258789,85.4000015258789,1000,0.0,0.0
2022-12-20 11:00:00+08:00,84.30000305175781,84.30000305175781,84.30000305175781,84.30000305175781,0,0.0,0.0
2022-12-20 12:00:00+08:00,84.19999694824219,84.9000015258789,84.0,84.9000015258789,7000,0.0,0.0
2022-12-21 10:00:00+08:00,84.9000015258789,84.9000015258789,84.9000015258789,84.9000015258789,0,0.0,0.0
2022-12-22 09:00:00+08:00,84.4000015258789,84.4000015258789,84.4000015258789,84.4000015258789,1000,0.0,0.0
2022-12-22 10:00:00+08:00,84.30000305175781,84.69999694824219,83.5,84.5,22000,0.0,0.0
2022-12-22 11:00:00+08:00,83.69999694824219,84.5,83.69999694824219,84.5,5000,0.0,0.0
2022-12-22 12:00:00+08:00,84.5999984741211,84.69999694824219,84.5999984741211,84.69999694824219,4000,0.0,0.0
2022-12-22 13:00:00+08:00,84.69999694824219,84.9000015258789,84.69999694824219,84.9000015258789,4000,0.0,0.0
2022-12-23 11:00:00+08:00,85.0,85.19999694824219,85.0,85.19999694824219,0,0.0,0.0
2022-12-27 09:00:00+08:00,84.30000305175781,88.19999694824219,84.30000305175781,88.19999694824219,21000,0.0,0.0
2022-12-27 10:00:00+08:00,87.9000015258789,87.9000015258789,85.9000015258789,85.9000015258789,3000,0.0,0.0
2022-12-27 11:00:00+08:00,86.69999694824219,86.69999694824219,86.5999984741211,86.5999984741211,2000,0.0,0.0
2022-12-27 12:00:00+08:00,86.5999984741211,86.69999694824219,86.5999984741211,86.69999694824219,4000,0.0,0.0
2022-12-28 13:00:00+08:00,86.5999984741211,87.0,86.5999984741211,87.0,0,0.0,0.0
2022-12-30 13:00:00+08:00,87.0,87.19999694824219,87.0,87.19999694824219,0,0.0,0.0
2023-01-03 10:00:00+08:00,87.30000305175781,87.30000305175781,87.30000305175781,87.30000305175781,47000,0.0,0.0
2023-01-03 11:00:00+08:00,86.4000015258789,87.19999694824219,86.4000015258789,87.19999694824219,3005,0.0,0.0
2023-01-04 12:00:00+08:00,86.19999694824219,86.5999984741211,85.5,86.5999984741211,10000,0.0,0.0
2023-01-04 13:00:00+08:00,86.19999694824219,86.30000305175781,86.19999694824219,86.30000305175781,4000,0.0,0.0
2023-01-05 09:00:00+08:00,85.19999694824219,86.0,84.9000015258789,86.0,0,0.0,0.0
2023-01-05 10:00:00+08:00,85.4000015258789,85.4000015258789,85.30000305175781,85.30000305175781,2000,0.0,0.0
2023-01-05 11:00:00+08:00,85.30000305175781,85.30000305175781,85.30000305175781,85.30000305175781,2000,0.0,0.0
2023-01-05 12:00:00+08:00,85.4000015258789,85.4000015258789,85.4000015258789,85.4000015258789,2000,0.0,0.0
2023-01-06 09:00:00+08:00,85.5,85.5,85.5,85.5,0,0.0,0.0
2023-01-09 09:00:00+08:00,85.80000305175781,85.80000305175781,85.80000305175781,85.80000305175781,0,0.0,0.0
2023-01-10 09:00:00+08:00,83.4000015258789,84.0,82.69999694824219,83.9000015258789,15098,0.0,0.0
2023-01-10 10:00:00+08:00,83.69999694824219,84.0,83.69999694824219,84.0,2000,0.0,0.0
2023-01-11 09:00:00+08:00,84.0,84.0,84.0,84.0,11913,0.0,0.0
2023-01-12 09:00:00+08:00,84.5,84.5,84.5,84.5,0,0.0,0.0
2023-01-12 10:00:00+08:00,84.30000305175781,84.30000305175781,84.30000305175781,84.30000305175781,1000,0.0,0.0
2023-01-12 13:00:00+08:00,84.0,84.0,84.0,84.0,1000,0.0,0.0
2023-01-13 09:00:00+08:00,84.5,84.5,84.5,84.5,0,0.0,0.0
2023-01-13 10:00:00+08:00,84.4000015258789,84.4000015258789,84.4000015258789,84.4000015258789,1000,0.0,0.0
2023-01-13 11:00:00+08:00,83.4000015258789,83.4000015258789,83.19999694824219,83.19999694824219,2000,0.0,0.0
2023-01-13 12:00:00+08:00,83.69999694824219,84.4000015258789,83.69999694824219,84.4000015258789,9000,0.0,0.0
2023-01-13 13:00:00+08:00,83.4000015258789,84.30000305175781,83.4000015258789,84.30000305175781,2000,0.0,0.0
2023-01-16 09:00:00+08:00,83.69999694824219,83.69999694824219,83.0,83.0,0,0.0,0.0
2023-01-16 10:00:00+08:00,83.69999694824219,83.69999694824219,83.69999694824219,83.69999694824219,1000,0.0,0.0
2023-01-16 11:00:00+08:00,83.69999694824219,83.69999694824219,83.0,83.0,2000,0.0,0.0
2023-01-16 12:00:00+08:00,83.4000015258789,83.4000015258789,83.4000015258789,83.4000015258789,1000,0.0,0.0
2023-01-16 13:00:00+08:00,83.4000015258789,83.4000015258789,83.4000015258789,83.4000015258789,150000,0.0,0.0
2023-01-17 09:00:00+08:00,83.5,83.5,83.5,83.5,0,0.0,0.0
2023-01-30 10:00:00+08:00,83.5,83.5,83.5,83.5,2010,0.0,0.0
2023-01-31 09:00:00+08:00,83.5,83.5,83.5,83.5,1000,0.0,0.0
2023-02-01 09:00:00+08:00,83.5,83.5,83.5,83.5,1010,0.0,0.0
2023-02-02 09:00:00+08:00,83.5,83.5,83.5,83.5,0,0.0,0.0
2023-02-03 09:00:00+08:00,83.5,83.5,83.5,83.5,0,0.0,0.0
2023-02-03 11:00:00+08:00,82.80000305175781,82.80000305175781,82.80000305175781,82.80000305175781,1000,0.0,0.0
2023-02-03 13:00:00+08:00,83.30000305175781,83.5,83.30000305175781,83.5,2000,0.0,0.0
2023-02-06 09:00:00+08:00,83.5,83.5,83.5,83.5,0,0.0,0.0
2023-02-06 12:00:00+08:00,83.0999984741211,83.0999984741211,83.0999984741211,83.0999984741211,1000,0.0,0.0
2023-02-06 13:00:00+08:00,83.5,83.5,83.5,83.5,1000,0.0,0.0
2023-02-09 09:00:00+08:00,83.5,83.5,83.5,83.5,0,0.0,0.0
2023-02-10 09:00:00+08:00,85.0,90.0,85.0,87.80000305175781,57020,0.0,0.0
2023-02-10 10:00:00+08:00,87.0999984741211,87.9000015258789,87.0,87.9000015258789,4000,0.0,0.0
2023-02-10 12:00:00+08:00,87.9000015258789,88.30000305175781,87.69999694824219,88.30000305175781,10000,0.0,0.0
2023-02-10 13:00:00+08:00,87.19999694824219,88.0,87.0,88.0,4010,0.0,0.0
2023-02-13 09:00:00+08:00,88.30000305175781,88.5,87.19999694824219,88.30000305175781,0,0.0,0.0
2023-02-13 10:00:00+08:00,88.30000305175781,88.30000305175781,88.30000305175781,88.30000305175781,2000,0.0,0.0
2023-02-13 11:00:00+08:00,88.30000305175781,88.30000305175781,88.30000305175781,88.30000305175781,1000,0.0,0.0
2023-02-13 12:00:00+08:00,88.30000305175781,88.30000305175781,88.0,88.0,2010,0.0,0.0
2023-02-13 13:00:00+08:00,87.5,88.30000305175781,87.5,88.30000305175781,2000,0.0,0.0
2023-02-14 09:00:00+08:00,88.0,88.0,87.80000305175781,87.80000305175781,0,0.0,0.0
2023-02-14 10:00:00+08:00,87.5,87.5999984741211,87.5,87.5999984741211,2000,0.0,0.0
2023-02-14 11:00:00+08:00,87.69999694824219,88.5,87.69999694824219,88.5,8000,0.0,0.0
2023-02-14 12:00:00+08:00,88.0,88.0,88.0,88.0,1000,0.0,0.0
2023-02-14 13:00:00+08:00,88.0,88.5,88.0,88.5,3000,0.0,0.0
2023-02-15 10:00:00+08:00,88.5,88.5,88.5,88.5,0,0.0,0.0
2023-02-15 11:00:00+08:00,88.5,88.5,88.5,88.5,3000,0.0,0.0
2023-02-15 12:00:00+08:00,88.69999694824219,91.0,88.5,91.0,32003,0.0,0.0
2023-02-15 13:00:00+08:00,89.69999694824219,90.5,89.69999694824219,90.5,3000,0.0,0.0
2023-02-16 09:00:00+08:00,90.5,91.0,90.5,91.0,0,0.0,0.0
2023-02-16 10:00:00+08:00,90.5999984741211,90.69999694824219,90.5999984741211,90.69999694824219,6000,0.0,0.0
2023-02-16 11:00:00+08:00,90.5999984741211,91.0,90.5,91.0,11000,0.0,0.0
2023-02-16 12:00:00+08:00,91.0,91.5999984741211,91.0,91.5,15000,0.0,0.0
2023-02-16 13:00:00+08:00,91.0,91.4000015258789,90.69999694824219,91.4000015258789,7000,0.0,0.0
2023-02-17 09:00:00+08:00,91.4000015258789,91.5,91.4000015258789,91.5,0,0.0,0.0
2023-02-17 10:00:00+08:00,91.0,91.0,90.80000305175781,90.80000305175781,0,0.0,0.0
2023-02-17 12:00:00+08:00,91.0,91.0,90.9000015258789,90.9000015258789,10659,0.0,0.0
2023-02-17 13:00:00+08:00,91.0,91.0,91.0,91.0,1000,0.0,0.0
2023-02-20 09:00:00+08:00,91.80000305175781,97.5,91.80000305175781,96.5,41543,0.0,0.0
2023-02-20 10:00:00+08:00,95.69999694824219,95.80000305175781,95.0,95.80000305175781,19055,0.0,0.0
2023-02-20 11:00:00+08:00,95.19999694824219,95.9000015258789,95.0999984741211,95.9000015258789,21000,0.0,0.0
2023-02-20 12:00:00+08:00,96.0,97.4000015258789,96.0,97.30000305175781,38008,0.0,0.0
2023-02-20 13:00:00+08:00,97.30000305175781,97.30000305175781,97.30000305175781,97.30000305175781,3000,0.0,0.0
2023-02-21 09:00:00+08:00,98.19999694824219,98.19999694824219,97.80000305175781,98.0,0,0.0,0.0
2023-02-21 10:00:00+08:00,98.0,98.0,98.0,98.0,1000,0.0,0.0
2023-02-21 11:00:00+08:00,97.80000305175781,97.80000305175781,96.5,97.80000305175781,10011,0.0,0.0
2023-02-21 12:00:00+08:00,97.80000305175781,98.19999694824219,97.4000015258789,98.0999984741211,22100,0.0,0.0
2023-02-21 13:00:00+08:00,99.5,103.0,99.5,102.0,212300,0.0,0.0
2023-02-22 09:00:00+08:00,102.0,103.5,98.4000015258789,101.0,0,0.0,0.0
2023-02-22 10:00:00+08:00,101.0,101.0,99.4000015258789,99.5,21010,0.0,0.0
2023-02-22 11:00:00+08:00,99.5,101.0,99.5,101.0,17000,0.0,0.0
2023-02-22 12:00:00+08:00,100.5,100.5,99.5,99.5,24010,0.0,0.0
2023-02-22 13:00:00+08:00,99.5,99.5999984741211,99.4000015258789,99.4000015258789,8000,0.0,0.0
2023-02-23 09:00:00+08:00,101.5,110.0,101.5,110.0,312710,0.0,0.0
2023-02-23 10:00:00+08:00,110.0,110.0,106.5,109.0,257000,0.0,0.0
2023-02-23 11:00:00+08:00,109.0,110.0,108.5,110.0,45748,0.0,0.0
2023-02-23 12:00:00+08:00,110.0,110.0,110.0,110.0,31000,0.0,0.0
2023-02-23 13:00:00+08:00,110.0,110.0,110.0,110.0,6000,0.0,0.0
2023-02-24 09:00:00+08:00,113.5,120.5,113.5,115.5,0,0.0,0.0
2023-02-24 10:00:00+08:00,116.0,116.0,114.5,115.5,51103,0.0,0.0
2023-02-24 11:00:00+08:00,115.0,116.0,112.0,115.5,88000,0.0,0.0
2023-02-24 12:00:00+08:00,115.0,115.0,112.5,113.5,38088,0.0,0.0
2023-02-24 13:00:00+08:00,113.5,115.0,113.0,114.0,39081,0.0,0.0
2023-03-01 09:00:00+08:00,116.0,122.5,112.0,119.5,0,0.0,0.0
2023-03-01 10:00:00+08:00,119.5,120.5,119.0,120.0,115116,0.0,0.0
2023-03-01 11:00:00+08:00,119.5,119.5,118.0,119.0,94000,0.0,0.0
2023-03-01 12:00:00+08:00,119.0,119.5,118.5,119.5,44000,0.0,0.0
2023-03-01 13:00:00+08:00,119.5,120.0,118.0,118.5,101000,0.0,0.0
2023-03-02 09:00:00+08:00,119.0,119.0,116.0,116.5,0,0.0,0.0
2023-03-02 10:00:00+08:00,116.5,120.5,116.0,119.5,225001,0.0,0.0
2023-03-02 11:00:00+08:00,119.5,120.0,118.5,119.0,85000,0.0,0.0
2023-03-02 12:00:00+08:00,119.0,119.0,117.5,118.0,72321,0.0,0.0
2023-03-02 13:00:00+08:00,117.5,120.5,117.5,119.5,168017,0.0,0.0
2023-03-03 09:00:00+08:00,122.0,122.0,119.0,120.5,0,0.0,0.0
2023-03-03 10:00:00+08:00,120.5,123.5,120.5,121.5,235004,0.0,0.0
2023-03-03 11:00:00+08:00,122.0,122.5,120.5,120.5,79000,0.0,0.0
2023-03-03 12:00:00+08:00,121.0,123.0,120.0,122.0,153035,0.0,0.0
2023-03-03 13:00:00+08:00,122.5,123.0,122.0,122.5,69000,0.0,0.0
2023-03-06 09:00:00+08:00,123.0,128.0,121.5,127.5,0,0.0,0.0
2023-03-06 10:00:00+08:00,127.5,131.0,127.0,129.0,310148,0.0,0.0
2023-03-06 11:00:00+08:00,128.5,128.5,126.0,128.0,146003,0.0,0.0
2023-03-06 12:00:00+08:00,127.0,127.0,125.0,125.5,73200,0.0,0.0
2023-03-06 13:00:00+08:00,125.5,127.0,125.0,125.5,57004,0.0,0.0
2023-03-07 09:00:00+08:00,129.0,132.0,127.0,129.0,0,0.0,0.0
2023-03-07 10:00:00+08:00,129.5,137.5,129.5,135.0,1243444,0.0,0.0
2023-03-07 11:00:00+08:00,134.5,134.5,129.0,130.5,323090,0.0,0.0
2023-03-07 12:00:00+08:00,130.5,131.5,130.0,131.5,78276,0.0,0.0
2023-03-07 13:00:00+08:00,131.5,132.5,130.5,131.5,111025,0.0,0.0
2023-03-08 09:00:00+08:00,132.0,137.0,130.0,135.5,0,0.0,0.0
2023-03-08 10:00:00+08:00,135.0,137.0,134.5,134.5,319420,0.0,0.0
2023-03-08 11:00:00+08:00,134.5,135.0,126.0,128.0,609060,0.0,0.0
2023-03-08 12:00:00+08:00,128.5,129.5,127.0,128.0,158157,0.0,0.0
2023-03-08 13:00:00+08:00,128.5,130.0,127.0,127.5,81163,0.0,0.0
2023-03-09 09:00:00+08:00,132.0,133.0,129.5,130.5,0,0.0,0.0
2023-03-09 10:00:00+08:00,131.0,131.5,129.5,131.0,109241,0.0,0.0
2023-03-09 11:00:00+08:00,131.0,132.5,131.0,132.0,88496,0.0,0.0
2023-03-09 12:00:00+08:00,132.0,132.0,128.0,130.0,104301,0.0,0.0
2023-03-09 13:00:00+08:00,130.0,130.5,128.0,129.0,65110,0.0,0.0
2023-03-10 09:00:00+08:00,127.0,128.5,120.0,125.0,0,0.0,0.0
2023-03-10 10:00:00+08:00,125.0,126.0,123.5,124.0,66469,0.0,0.0
2023-03-10 11:00:00+08:00,125.0,125.5,122.5,124.5,85245,0.0,0.0
2023-03-10 12:00:00+08:00,124.0,124.0,122.0,122.5,76199,0.0,0.0
2023-03-10 13:00:00+08:00,123.0,124.0,122.5,123.5,46011,0.0,0.0
2023-03-13 09:00:00+08:00,122.5,122.5,117.0,120.0,209564,0.0,0.0
2023-03-13 10:00:00+08:00,120.5,126.5,120.0,125.0,225176,0.0,0.0
2023-03-13 11:00:00+08:00,124.5,125.0,123.5,125.0,34074,0.0,0.0
2023-03-13 12:00:00+08:00,125.0,125.0,122.0,122.0,37001,0.0,0.0
2023-03-13 13:00:00+08:00,122.0,123.5,121.5,123.5,33000,0.0,0.0
2023-03-14 09:00:00+08:00,123.0,126.0,121.5,123.0,0,0.0,0.0
2023-03-14 10:00:00+08:00,123.0,126.0,123.0,125.0,56470,0.0,0.0
2023-03-14 11:00:00+08:00,125.0,126.5,124.0,126.0,45100,0.0,0.0
2023-03-14 12:00:00+08:00,126.0,126.5,124.0,124.0,45070,0.0,0.0
2023-03-14 13:00:00+08:00,124.0,126.0,123.0,126.0,56149,0.0,0.0
2023-03-15 09:00:00+08:00,129.5,139.0,128.0,139.0,648178,0.0,0.0
2023-03-15 10:00:00+08:00,139.0,139.0,136.5,138.5,588391,0.0,0.0
2023-03-15 11:00:00+08:00,138.5,139.0,138.0,139.0,202546,0.0,0.0
2023-03-15 12:00:00+08:00,139.0,139.0,137.0,139.0,221190,0.0,0.0
2023-03-15 13:00:00+08:00,138.5,139.0,138.5,139.0,194000,0.0,0.0
2023-03-16 09:00:00+08:00,137.5,142.5,135.5,137.0,0,0.0,0.0
2023-03-16 10:00:00+08:00,137.5,139.0,136.5,137.5,113082,0.0,0.0
2023-03-16 11:00:00+08:00,137.5,139.0,126.5,127.5,516337,0.0,0.0
2023-03-16 12:00:00+08:00,128.0,131.0,128.0,130.0,177285,0.0,0.0
2023-03-16 13:00:00+08:00,130.5,131.0,125.5,125.5,278161,0.0,0.0
2023-03-17 09:00:00+08:00,128.0,131.5,127.5,130.5,0,0.0,0.0
2023-03-17 10:00:00+08:00,131.0,131.0,129.5,130.0,168231,0.0,0.0
2023-03-17 11:00:00+08:00,130.0,138.0,130.0,137.0,682643,0.0,0.0
2023-03-17 12:00:00+08:00,136.5,138.0,136.5,137.5,271196,0.0,0.0
2023-03-17 13:00:00+08:00,137.5,137.5,135.0,137.5,89000,0.0,0.0
2023-03-20 09:00:00+08:00,136.5,149.5,134.0,149.5,0,0.0,0.0
2023-03-20 10:00:00+08:00,149.5,149.5,146.5,147.5,746749,0.0,0.0
2023-03-20 11:00:00+08:00,147.5,147.5,142.0,143.0,395180,0.0,0.0
2023-03-20 12:00:00+08:00,143.0,144.5,142.5,144.5,111395,0.0,0.0
2023-03-20 13:00:00+08:00,144.5,149.5,144.5,149.0,702443,0.0,0.0
2023-03-21 09:00:00+08:00,154.0,156.5,137.5,142.0,0,0.0,0.0
2023-03-21 10:00:00+08:00,143.5,144.5,141.0,141.0,160868,0.0,0.0
2023-03-21 11:00:00+08:00,141.0,146.5,139.5,142.0,443234,0.0,0.0
2023-03-21 12:00:00+08:00,143.0,143.0,138.5,139.0,193083,0.0,0.0
2023-03-21 13:00:00+08:00,139.0,141.0,138.5,138.5,81150,0.0,0.0
2023-03-22 09:00:00+08:00,142.0,144.5,138.5,140.5,0,0.0,0.0
2023-03-22 10:00:00+08:00,141.0,141.5,139.5,141.0,145270,0.0,0.0
2023-03-22 11:00:00+08:00,140.5,142.0,139.5,140.0,90522,0.0,0.0
2023-03-22 12:00:00+08:00,140.0,140.0,138.5,139.5,93184,0.0,0.0
2023-03-22 13:00:00+08:00,139.5,140.0,136.5,137.0,123080,0.0,0.0
2023-03-23 09:00:00+08:00,137.0,138.0,135.5,137.0,0,0.0,0.0
2023-03-23 10:00:00+08:00,137.5,145.0,137.5,142.5,1474671,0.0,0.0
2023-03-23 11:00:00+08:00,142.5,145.0,142.0,144.5,383260,0.0,0.0
2023-03-23 12:00:00+08:00,144.0,144.5,141.0,141.0,350572,0.0,0.0
2023-03-23 13:00:00+08:00,141.0,142.5,140.0,141.0,175239,0.0,0.0
2023-03-24 09:00:00+08:00,139.0,139.0,135.0,136.5,0,0.0,0.0
2023-03-24 10:00:00+08:00,136.5,136.5,132.5,133.0,214172,0.0,0.0
2023-03-24 11:00:00+08:00,133.5,134.0,129.0,129.5,324726,0.0,0.0
2023-03-24 12:00:00+08:00,129.5,131.5,129.0,129.0,176107,0.0,0.0
2023-03-24 13:00:00+08:00,129.0,130.0,129.0,129.0,87037,0.0,0.0
2023-03-27 09:00:00+08:00,130.0,131.5,125.5,128.5,0,0.0,0.0
2023-03-27 10:00:00+08:00,129.0,129.5,128.5,128.5,62133,0.0,0.0
2023-03-27 11:00:00+08:00,128.5,130.0,128.5,129.5,32170,0.0,0.0
2023-03-27 12:00:00+08:00,129.5,130.5,129.0,130.0,93292,0.0,0.0
2023-03-27 13:00:00+08:00,129.5,130.0,128.5,129.0,78057,0.0,0.0
2023-03-28 09:00:00+08:00,130.0,130.0,120.0,120.5,0,0.0,0.0
2023-03-28 10:00:00+08:00,121.0,121.5,116.5,121.0,385773,0.0,0.0
2023-03-28 11:00:00+08:00,121.0,122.5,120.5,122.5,66570,0.0,0.0
2023-03-28 12:00:00+08:00,122.5,122.5,121.0,121.0,59085,0.0,0.0
2023-03-28 13:00:00+08:00,121.5,122.0,120.0,121.0,118049,0.0,0.0
2023-03-29 09:00:00+08:00,122.5,123.5,117.5,121.5,0,0.0,0.0
2023-03-29 10:00:00+08:00,121.5,125.0,121.5,123.0,130003,0.0,0.0
2023-03-29 11:00:00+08:00,123.0,124.5,121.5,124.0,116052,0.0,0.0
2023-03-29 12:00:00+08:00,124.0,126.0,124.0,125.0,96286,0.0,0.0
2023-03-29 13:00:00+08:00,124.5,127.5,124.0,126.5,116160,0.0,0.0
2023-03-30 09:00:00+08:00,130.0,140.0,129.5,139.5,1186582,0.0,0.0
2023-03-30 10:00:00+08:00,139.5,140.0,137.0,137.5,0,0.0,0.0
2023-03-30 11:00:00+08:00,137.5,140.0,135.0,139.5,3011389,0.0,0.0
2023-03-30 12:00:00+08:00,139.5,139.5,138.5,138.5,83067,0.0,0.0
2023-03-30 13:00:00+08:00,138.5,139.5,138.5,139.0,50031,0.0,0.0
2023-03-31 09:00:00+08:00,140.0,145.0,137.5,144.5,0,0.0,0.0
2023-03-31 10:00:00+08:00,144.5,144.5,140.0,141.0,601024,0.0,0.0
2023-03-31 11:00:00+08:00,141.0,142.5,140.0,141.5,233370,0.0,0.0
2023-03-31 12:00:00+08:00,141.5,144.0,141.0,143.0,236085,0.0,0.0
2023-03-31 13:00:00+08:00,146.5,153.5,145.5,151.5,1153983,0.0,0.0
2023-04-06 09:00:00+08:00,151.0,154.5,146.0,152.5,0,0.0,0.0
2023-04-06 10:00:00+08:00,152.0,152.5,149.0,149.5,234140,0.0,0.0
2023-04-06 11:00:00+08:00,149.5,150.5,147.0,147.5,490446,0.0,0.0
2023-04-06 12:00:00+08:00,148.0,148.5,146.5,147.0,201108,0.0,0.0
2023-04-06 13:00:00+08:00,147.0,147.5,144.5,144.5,261445,0.0,0.0
2023-04-07 09:00:00+08:00,143.5,151.0,143.0,147.5,0,0.0,0.0
2023-04-07 10:00:00+08:00,147.5,153.5,147.0,150.5,757949,0.0,0.0
2023-04-07 11:00:00+08:00,150.5,150.5,146.5,148.5,288128,0.0,0.0
2023-04-07 12:00:00+08:00,148.5,150.5,148.0,149.0,177415,0.0,0.0
2023-04-07 13:00:00+08:00,149.0,149.0,145.5,146.0,247050,0.0,0.0
2023-04-10 09:00:00+08:00,146.0,151.5,146.0,148.0,0,0.0,0.0
2023-04-10 10:00:00+08:00,147.5,148.5,147.5,148.0,89119,0.0,0.0
2023-04-10 11:00:00+08:00,147.5,153.0,146.5,150.5,557572,0.0,0.0
2023-04-10 12:00:00+08:00,150.0,151.0,148.0,148.0,134382,0.0,0.0
2023-04-10 13:00:00+08:00,148.5,148.5,147.0,148.0,117599,0.0,0.0
2023-04-11 09:00:00+08:00,147.0,147.0,144.0,146.0,284697,0.0,0.0
2023-04-11 10:00:00+08:00,146.5,148.5,146.0,147.5,115800,0.0,0.0
2023-04-11 11:00:00+08:00,147.5,150.0,147.0,147.5,118378,0.0,0.0
2023-04-11 12:00:00+08:00,147.5,148.0,147.0,147.5,56249,0.0,0.0
2023-04-11 13:00:00+08:00,147.0,147.5,145.5,146.5,92001,0.0,0.0
2023-04-12 09:00:00+08:00,150.0,161.0,149.5,157.5,1567953,0.0,0.0
2023-04-12 10:00:00+08:00,157.5,158.5,155.0,158.5,452309,0.0,0.0
2023-04-12 11:00:00+08:00,158.5,159.0,157.0,157.5,235120,0.0,0.0
2023-04-12 12:00:00+08:00,157.5,160.0,157.5,158.5,235276,0.0,0.0
2023-04-12 13:00:00+08:00,158.5,159.0,157.5,157.5,127128,0.0,0.0
2023-04-13 09:00:00+08:00,155.5,159.5,152.5,155.5,0,0.0,0.0
2023-04-13 10:00:00+08:00,155.5,160.0,155.0,159.5,267232,0.0,0.0
2023-04-13 11:00:00+08:00,159.5,162.5,157.0,157.5,499645,0.0,0.0
2023-04-13 12:00:00+08:00,157.5,158.0,157.0,157.5,86173,0.0,0.0
2023-04-13 13:00:00+08:00,157.5,157.5,154.0,156.5,191178,0.0,0.0
2023-04-14 09:00:00+08:00,157.5,160.5,154.0,157.0,0,0.0,0.0
2023-04-14 10:00:00+08:00,157.0,157.0,153.5,156.0,221122,0.0,0.0
2023-04-14 11:00:00+08:00,156.5,156.5,155.0,155.0,39105,0.0,0.0
2023-04-14 12:00:00+08:00,155.0,156.0,154.5,154.5,90815,0.0,0.0
2023-04-14 13:00:00+08:00,154.5,155.0,153.5,154.0,69090,0.0,0.0
2023-04-17 09:00:00+08:00,160.5,169.0,158.0,166.0,1538722,0.0,0.0
2023-04-17 10:00:00+08:00,165.5,167.5,164.5,166.0,243143,0.0,0.0
2023-04-17 11:00:00+08:00,166.0,167.5,165.0,167.5,167236,0.0,0.0
2023-04-17 12:00:00+08:00,167.5,169.0,167.5,169.0,263066,0.0,0.0
2023-04-17 13:00:00+08:00,168.5,169.0,167.0,169.0,207758,0.0,0.0
2023-04-18 09:00:00+08:00,176.0,183.0,173.0,180.5,0,0.0,0.0
2023-04-18 10:00:00+08:00,180.5,184.5,179.5,183.5,745699,0.0,0.0
2023-04-18 11:00:00+08:00,183.5,183.5,179.5,182.0,275364,0.0,0.0
2023-04-18 12:00:00+08:00,182.0,182.0,180.0,180.0,99092,0.0,0.0
2023-04-18 13:00:00+08:00,180.5,181.5,179.5,180.0,141004,0.0,0.0
2023-04-19 09:00:00+08:00,180.0,191.0,180.0,182.5,0,0.0,0.0
2023-04-19 10:00:00+08:00,183.0,194.5,183.0,190.0,1423681,0.0,0.0
2023-04-19 11:00:00+08:00,190.0,192.0,189.0,189.0,237329,0.0,0.0
2023-04-19 12:00:00+08:00,189.0,189.0,183.0,185.5,480173,0.0,0.0
2023-04-19 13:00:00+08:00,185.0,186.5,182.5,183.0,234454,0.0,0.0
2023-04-20 09:00:00+08:00,182.5,184.5,164.0,175.0,0,0.0,0.0
2023-04-20 10:00:00+08:00,175.0,176.0,172.0,173.5,287386,0.0,0.0
2023-04-20 11:00:00+08:00,173.5,176.5,171.5,173.5,234038,0.0,0.0
2023-04-20 12:00:00+08:00,173.5,174.0,169.5,171.0,262126,0.0,0.0
2023-04-20 13:00:00+08:00,171.5,173.0,170.0,171.0,124351,0.0,0.0
2023-04-21 09:00:00+08:00,171.5,175.0,160.0,163.5,0,0.0,0.0
2023-04-21 10:00:00+08:00,163.5,164.0,157.0,161.0,631868,0.0,0.0
2023-04-21 11:00:00+08:00,161.5,169.5,161.5,166.5,399311,0.0,0.0
2023-04-21 12:00:00+08:00,166.0,166.5,162.0,162.0,157600,0.0,0.0
2023-04-21 13:00:00+08:00,162.0,165.5,161.5,163.5,187125,0.0,0.0
2023-04-24 09:00:00+08:00,165.0,170.0,162.0,166.5,0,0.0,0.0
2023-04-24 10:00:00+08:00,166.0,166.0,162.5,163.0,186594,0.0,0.0
2023-04-24 11:00:00+08:00,163.0,164.5,163.0,163.0,55102,0.0,0.0
2023-04-24 12:00:00+08:00,163.5,164.0,162.0,162.0,93450,0.0,0.0
2023-04-24 13:00:00+08:00,162.0,162.5,161.5,161.5,60100,0.0,0.0
2023-04-25 09:00:00+08:00,162.0,163.5,157.0,157.0,444277,0.0,0.0
2023-04-25 10:00:00+08:00,157.0,157.0,146.5,150.0,727792,0.0,0.0
2023-04-25 11:00:00+08:00,150.0,156.0,150.0,154.0,347003,0.0,0.0
2023-04-25 12:00:00+08:00,154.0,155.0,150.0,150.5,314313,0.0,0.0
2023-04-25 13:00:00+08:00,151.5,153.5,151.0,152.0,153024,0.0,0.0
2023-04-26 09:00:00+08:00,152.5,152.5,145.0,150.0,0,0.0,0.0
2023-04-26 10:00:00+08:00,150.0,156.0,148.0,153.0,494274,0.0,0.0
2023-04-26 11:00:00+08:00,154.0,163.0,153.0,160.5,662551,0.0,0.0
2023-04-26 12:00:00+08:00,160.5,161.0,157.0,159.0,284635,0.0,0.0
2023-04-26 13:00:00+08:00,159.0,160.5,158.0,160.0,110500,0.0,0.0
2023-04-27 09:00:00+08:00,155.0,156.5,145.0,153.0,0,0.0,0.0
2023-04-27 10:00:00+08:00,153.0,153.5,151.0,152.0,279479,0.0,0.0
2023-04-27 11:00:00+08:00,151.5,153.0,150.5,151.0,100297,0.0,0.0
2023-04-27 12:00:00+08:00,151.5,151.5,149.5,150.5,178532,0.0,0.0
2023-04-27 13:00:00+08:00,150.5,150.5,149.5,150.0,99341,0.0,0.0
2023-04-28 09:00:00+08:00,150.5,159.0,150.0,154.0,0,0.0,0.0
2023-04-28 10:00:00+08:00,154.0,165.0,154.0,161.0,1117888,0.0,0.0
2023-04-28 11:00:00+08:00,161.0,161.0,159.0,159.0,186602,0.0,0.0
2023-04-28 12:00:00+08:00,159.0,165.0,158.5,164.0,454508,0.0,0.0
2023-04-28 13:00:00+08:00,164.0,165.0,164.0,165.0,589978,0.0,0.0
2023-05-02 09:00:00+08:00,166.0,166.0,160.0,163.0,0,0.0,0.0
2023-05-02 10:00:00+08:00,163.0,167.0,163.0,165.5,504049,0.0,0.0
2023-05-02 11:00:00+08:00,165.0,165.5,164.5,165.5,62689,0.0,0.0
2023-05-02 12:00:00+08:00,165.0,165.0,163.0,163.5,160085,0.0,0.0
2023-05-02 13:00:00+08:00,163.5,164.5,163.0,164.5,161191,0.0,0.0
2023-05-03 09:00:00+08:00,164.0,165.0,161.5,163.5,0,0.0,0.0
2023-05-03 10:00:00+08:00,163.0,167.0,163.0,165.5,320278,0.0,0.0
2023-05-03 11:00:00+08:00,165.0,166.0,163.5,164.5,69224,0.0,0.0
2023-05-03 12:00:00+08:00,164.0,164.5,162.5,162.5,116334,0.0,0.0
2023-05-03 13:00:00+08:00,162.5,163.5,161.0,161.0,114287,0.0,0.0
2023-05-04 09:00:00+08:00,163.0,163.5,155.5,158.5,0,0.0,0.0
2023-05-04 10:00:00+08:00,158.5,159.5,158.0,159.0,59405,0.0,0.0
2023-05-04 11:00:00+08:00,159.0,163.0,157.5,162.0,237045,0.0,0.0
2023-05-04 12:00:00+08:00,162.0,162.0,159.5,159.5,72007,0.0,0.0
2023-05-04 13:00:00+08:00,159.5,162.0,159.0,161.0,68010,0.0,0.0
2023-05-05 09:00:00+08:00,160.5,164.0,158.5,159.0,0,0.0,0.0
2023-05-05 10:00:00+08:00,159.5,162.0,159.5,162.0,64069,0.0,0.0
2023-05-05 11:00:00+08:00,162.0,167.0,162.0,166.5,369698,0.0,0.0
2023-05-05 12:00:00+08:00,166.5,166.5,164.0,164.0,105303,0.0,0.0
2023-05-05 13:00:00+08:00,163.5,164.0,162.5,163.0,61197,0.0,0.0
2023-05-08 09:00:00+08:00,165.5,168.0,161.5,163.5,0,0.0,0.0
2023-05-08 10:00:00+08:00,163.5,165.0,163.0,163.0,87016,0.0,0.0
2023-05-08 11:00:00+08:00,162.5,164.0,162.5,163.0,37090,0.0,0.0
2023-05-08 12:00:00+08:00,163.5,163.5,162.0,162.0,56000,0.0,0.0
2023-05-08 13:00:00+08:00,162.0,162.0,160.0,160.0,171456,0.0,0.0
2023-05-09 09:00:00+08:00,160.5,160.5,151.0,153.5,0,0.0,0.0
2023-05-09 10:00:00+08:00,153.5,155.0,151.5,154.5,114394,0.0,0.0
2023-05-09 11:00:00+08:00,154.5,154.5,152.5,153.0,35000,0.0,0.0
2023-05-09 12:00:00+08:00,152.5,153.5,152.0,152.0,86705,0.0,0.0
2023-05-09 13:00:00+08:00,152.0,152.0,148.0,151.0,254689,0.0,0.0
2023-05-10 09:00:00+08:00,153.0,160.5,153.0,157.5,0,0.0,0.0
2023-05-10 10:00:00+08:00,157.5,159.5,155.0,156.0,185279,0.0,0.0
2023-05-10 11:00:00+08:00,156.5,157.0,155.5,157.0,40010,0.0,0.0
2023-05-10 12:00:00+08:00,157.0,157.0,155.0,155.5,45005,0.0,0.0
2023-05-10 13:00:00+08:00,155.5,156.0,152.5,153.5,103120,0.0,0.0
2023-05-11 09:00:00+08:00,155.0,155.5,146.5,147.5,0,0.0,0.0
2023-05-11 10:00:00+08:00,147.0,149.5,145.0,147.0,253781,0.0,0.0
2023-05-11 11:00:00+08:00,147.0,147.5,146.0,146.5,71500,0.0,0.0
2023-05-11 12:00:00+08:00,146.5,146.5,140.5,141.5,295850,0.0,0.0
2023-05-11 13:00:00+08:00,141.5,141.5,139.0,139.5,143981,0.0,0.0
2023-05-12 09:00:00+08:00,141.0,145.5,140.0,143.0,0,0.0,0.0
2023-05-12 10:00:00+08:00,143.0,143.0,141.5,142.5,90020,0.0,0.0
2023-05-12 11:00:00+08:00,142.5,148.0,142.5,148.0,234033,0.0,0.0
2023-05-12 12:00:00+08:00,148.0,152.0,146.5,150.5,345848,0.0,0.0
2023-05-12 13:00:00+08:00,150.5,153.0,150.0,150.5,232440,0.0,0.0
2023-05-15 09:00:00+08:00,147.0,148.5,144.5,146.0,0,0.0,0.0
2023-05-15 10:00:00+08:00,145.5,145.5,141.0,141.5,198433,0.0,0.0
2023-05-15 11:00:00+08:00,142.0,142.0,139.0,139.5,263684,0.0,0.0
2023-05-15 12:00:00+08:00,140.0,140.0,136.0,138.5,244585,0.0,0.0
2023-05-15 13:00:00+08:00,139.0,140.0,138.0,138.0,70011,0.0,0.0
2023-05-16 09:00:00+08:00,141.5,143.5,138.5,140.0,0,0.0,0.0
2023-05-16 10:00:00+08:00,140.0,144.0,140.0,141.5,220100,0.0,0.0
2023-05-16 11:00:00+08:00,141.0,142.0,140.5,140.5,32350,0.0,0.0
2023-05-16 12:00:00+08:00,140.5,141.5,140.5,140.5,33024,0.0,0.0
2023-05-16 13:00:00+08:00,140.0,140.0,139.0,139.0,53864,0.0,0.0
2023-05-17 09:00:00+08:00,141.0,145.0,141.0,143.5,0,0.0,0.0
2023-05-17 10:00:00+08:00,143.5,149.5,143.5,149.0,388221,0.0,0.0
2023-05-17 11:00:00+08:00,149.0,152.5,146.5,152.5,471736,0.0,0.0
2023-05-17 12:00:00+08:00,152.0,152.0,150.0,150.5,152240,0.0,0.0
2023-05-17 13:00:00+08:00,150.5,151.0,150.0,150.0,53131,0.0,0.0
2023-05-18 09:00:00+08:00,151.0,152.0,147.0,151.0,431236,0.0,0.0
2023-05-18 10:00:00+08:00,150.5,154.0,148.5,153.5,323234,0.0,0.0
2023-05-18 11:00:00+08:00,153.0,154.0,152.0,153.0,130683,0.0,0.0
2023-05-18 12:00:00+08:00,152.5,153.0,151.5,152.0,84318,0.0,0.0
2023-05-18 13:00:00+08:00,152.0,153.5,152.0,153.5,283115,0.0,0.0
2023-05-19 09:00:00+08:00,152.0,155.0,148.0,149.5,0,0.0,0.0
2023-05-19 10:00:00+08:00,149.0,152.0,149.0,152.0,111010,0.0,0.0
2023-05-19 11:00:00+08:00,151.5,153.0,151.5,152.0,68000,0.0,0.0
2023-05-19 12:00:00+08:00,152.0,152.5,151.0,152.0,112005,0.0,0.0
2023-05-19 13:00:00+08:00,152.0,153.5,151.5,153.0,76591,0.0,0.0
2023-05-22 09:00:00+08:00,152.0,154.0,151.0,152.0,0,0.0,0.0
2023-05-22 10:00:00+08:00,152.0,152.0,150.0,152.0,80001,0.0,0.0
2023-05-22 11:00:00+08:00,152.0,153.5,152.0,152.0,27010,0.0,0.0
2023-05-22 12:00:00+08:00,152.0,155.0,152.0,154.0,152050,0.0,0.0
2023-05-22 13:00:00+08:00,154.0,155.0,153.5,155.0,59275,0.0,0.0
2023-05-23 09:00:00+08:00,155.0,155.0,151.5,154.5,0,0.0,0.0
2023-05-23 10:00:00+08:00,154.5,156.5,154.0,156.0,274588,0.0,0.0
2023-05-23 11:00:00+08:00,156.0,157.5,153.0,153.0,216353,0.0,0.0
2023-05-23 12:00:00+08:00,153.0,154.0,153.0,153.5,39130,0.0,0.0
2023-05-23 13:00:00+08:00,153.5,153.5,152.5,153.0,63120,0.0,0.0
2023-05-24 09:00:00+08:00,151.0,152.0,148.5,150.5,0,0.0,0.0
2023-05-24 10:00:00+08:00,150.5,151.0,149.5,149.5,31087,0.0,0.0
2023-05-24 11:00:00+08:00,149.5,151.0,149.5,150.5,40100,0.0,0.0
2023-05-24 12:00:00+08:00,150.5,151.0,149.5,151.0,46100,0.0,0.0
2023-05-24 13:00:00+08:00,151.0,152.0,151.0,151.0,68020,0.0,0.0
2023-05-25 09:00:00+08:00,151.5,154.0,149.5,152.5,0,0.0,0.0
2023-05-25 10:00:00+08:00,152.5,154.5,152.0,153.5,342204,0.0,0.0
2023-05-25 11:00:00+08:00,153.5,153.5,152.0,152.5,40028,0.0,0.0
2023-05-25 12:00:00+08:00,152.5,153.0,152.0,152.0,37110,0.0,0.0
2023-05-25 13:00:00+08:00,151.5,152.0,151.0,151.5,29022,0.0,0.0
2023-05-26 09:00:00+08:00,152.5,153.5,150.5,152.0,0,0.0,0.0
2023-05-26 10:00:00+08:00,152.0,152.0,149.0,149.0,89132,0.0,0.0
2023-05-26 11:00:00+08:00,149.5,150.5,149.5,150.5,110113,0.0,0.0
2023-05-26 12:00:00+08:00,151.0,152.0,149.5,150.0,136014,0.0,0.0
2023-05-26 13:00:00+08:00,150.0,150.0,149.0,149.0,26423,0.0,0.0
2023-05-29 09:00:00+08:00,149.0,151.0,148.5,150.0,0,0.0,0.0
2023-05-29 10:00:00+08:00,150.0,153.0,149.5,151.5,154143,0.0,0.0
2023-05-29 11:00:00+08:00,151.5,151.5,150.0,150.0,51030,0.0,0.0
2023-05-29 12:00:00+08:00,150.0,150.5,149.5,150.0,30000,0.0,0.0
2023-05-29 13:00:00+08:00,150.5,150.5,149.5,150.0,29000,0.0,0.0
2023-05-30 09:00:00+08:00,153.5,162.5,149.5,161.0,922190,0.0,0.0
2023-05-30 10:00:00+08:00,160.5,161.5,156.5,157.0,346839,0.0,0.0
2023-05-30 11:00:00+08:00,157.0,157.0,154.0,155.0,142697,0.0,0.0
2023-05-30 12:00:00+08:00,155.0,157.0,155.0,156.5,62330,0.0,0.0
2023-05-30 13:00:00+08:00,156.5,157.0,155.5,155.5,66242,0.0,0.0
2023-05-31 09:00:00+08:00,154.5,164.0,154.0,158.5,0,0.0,0.0
2023-05-31 10:00:00+08:00,159.0,159.0,157.0,159.0,155290,0.0,0.0
2023-05-31 11:00:00+08:00,159.0,162.0,158.0,159.0,207408,0.0,0.0
2023-05-31 12:00:00+08:00,159.0,160.0,158.0,158.0,76449,0.0,0.0
2023-05-31 13:00:00+08:00,158.0,159.0,157.5,158.0,59513,0.0,0.0
2023-06-01 09:00:00+08:00,157.0,164.0,156.5,162.0,0,0.0,0.0
2023-06-01 10:00:00+08:00,162.0,162.0,158.0,159.5,259662,0.0,0.0
2023-06-01 11:00:00+08:00,160.0,160.0,159.0,159.0,39109,0.0,0.0
2023-06-01 12:00:00+08:00,159.0,159.0,157.5,159.0,108620,0.0,0.0
2023-06-01 13:00:00+08:00,159.0,159.0,156.5,157.5,98601,0.0,0.0
2023-06-02 09:00:00+08:00,156.5,158.0,152.0,153.5,0,0.0,0.0
2023-06-02 10:00:00+08:00,153.5,154.5,150.0,151.0,509022,0.0,0.0
2023-06-02 11:00:00+08:00,151.0,151.5,148.5,149.5,308145,0.0,0.0
2023-06-02 12:00:00+08:00,149.5,150.5,149.0,150.0,69284,0.0,0.0
2023-06-02 13:00:00+08:00,150.0,150.0,148.5,149.0,173104,0.0,0.0
2023-06-05 09:00:00+08:00,148.5,150.5,143.0,146.0,0,0.0,0.0
2023-06-05 10:00:00+08:00,146.0,146.5,145.0,146.5,59036,0.0,0.0
2023-06-05 11:00:00+08:00,146.5,147.0,146.0,146.0,30120,0.0,0.0
2023-06-05 12:00:00+08:00,146.0,146.0,145.0,145.0,53385,0.0,0.0
2023-06-05 13:00:00+08:00,145.0,146.5,145.0,145.5,40162,0.0,0.0
2023-06-06 09:00:00+08:00,146.5,146.5,140.0,140.5,0,0.0,0.0
2023-06-06 10:00:00+08:00,140.5,142.0,139.0,139.5,259864,0.0,0.0
2023-06-06 11:00:00+08:00,139.5,140.0,135.0,136.5,361511,0.0,0.0
2023-06-06 12:00:00+08:00,136.5,139.0,136.5,138.5,103671,0.0,0.0
2023-06-06 13:00:00+08:00,138.5,139.5,137.0,137.0,232040,0.0,0.0
2023-06-07 09:00:00+08:00,138.5,139.5,135.0,137.5,0,0.0,0.0
2023-06-07 10:00:00+08:00,137.5,137.5,136.0,137.0,57399,0.0,0.0
2023-06-07 11:00:00+08:00,137.0,137.0,133.0,135.0,197776,0.0,0.0
2023-06-07 12:00:00+08:00,135.0,135.5,135.0,135.5,59000,0.0,0.0
2023-06-07 13:00:00+08:00,135.5,135.5,134.5,135.0,79052,0.0,0.0
2023-06-08 09:00:00+08:00,134.0,141.0,134.0,139.0,0,0.0,0.0
2023-06-08 10:00:00+08:00,139.0,139.5,136.0,136.0,116397,0.0,0.0
2023-06-08 11:00:00+08:00,136.0,136.5,136.0,136.0,77554,0.0,0.0
2023-06-08 12:00:00+08:00,135.5,136.5,134.0,135.0,139009,0.0,0.0
2023-06-08 13:00:00+08:00,135.0,135.5,135.0,135.0,48122,0.0,0.0
2023-06-09 09:00:00+08:00,140.0,141.0,138.0,139.0,0,0.0,0.0
2023-06-09 10:00:00+08:00,139.0,140.0,137.5,138.5,107338,0.0,0.0
2023-06-09 11:00:00+08:00,138.0,138.5,136.5,137.0,89682,0.0,0.0
2023-06-09 12:00:00+08:00,137.0,138.0,137.0,138.0,61186,0.0,0.0
2023-06-09 13:00:00+08:00,138.0,138.0,137.0,137.5,49140,0.0,0.0
2023-06-12 09:00:00+08:00,137.5,137.5,125.0,128.5,223453,0.0,0.0
2023-06-12 10:00:00+08:00,128.5,129.5,123.0,123.0,1089848,0.0,0.0
2023-06-12 11:00:00+08:00,123.5,123.5,123.0,123.0,225967,0.0,0.0
2023-06-12 12:00:00+08:00,123.0,123.0,123.0,123.0,83123,0.0,0.0
2023-06-12 13:00:00+08:00,123.0,123.0,123.0,123.0,60344,0.0,0.0
2023-06-13 09:00:00+08:00,123.5,126.0,121.5,126.0,0,0.0,0.0
2023-06-13 10:00:00+08:00,126.5,128.5,126.0,128.5,355568,0.0,0.0
2023-06-13 11:00:00+08:00,128.5,128.5,126.0,126.5,131173,0.0,0.0
2023-06-13 12:00:00+08:00,126.5,127.5,125.5,126.0,235339,0.0,0.0
2023-06-13 13:00:00+08:00,126.0,127.5,126.0,127.0,76654,0.0,0.0
2023-06-14 09:00:00+08:00,125.5,129.5,125.5,129.0,0,0.0,0.0
2023-06-14 10:00:00+08:00,128.5,128.5,125.0,125.0,207465,0.0,0.0
2023-06-14 11:00:00+08:00,125.5,128.5,125.0,127.5,121646,0.0,0.0
2023-06-14 12:00:00+08:00,127.5,129.0,126.5,126.5,59501,0.0,0.0
2023-06-14 13:00:00+08:00,126.0,127.0,126.0,126.5,50000,0.0,0.0
2023-06-15 09:00:00+08:00,128.0,129.5,125.0,128.0,0,0.0,0.0
2023-06-15 10:00:00+08:00,128.0,128.0,126.0,126.5,93519,0.0,0.0
2023-06-15 11:00:00+08:00,126.5,127.5,126.0,127.0,54059,0.0,0.0
2023-06-15 12:00:00+08:00,127.0,127.0,125.5,126.0,79112,0.0,0.0
2023-06-15 13:00:00+08:00,125.5,126.5,125.5,126.5,47105,0.0,0.0
2023-06-16 09:00:00+08:00,128.0,128.0,123.5,125.0,0,0.0,0.0
2023-06-16 10:00:00+08:00,125.5,125.5,124.5,125.0,32249,0.0,0.0
2023-06-16 11:00:00+08:00,125.0,126.5,124.5,126.5,57176,0.0,0.0
2023-06-16 12:00:00+08:00,126.0,126.0,124.0,124.5,56423,0.0,0.0
2023-06-16 13:00:00+08:00,124.5,125.0,124.0,124.0,43590,0.0,0.0
2023-06-19 09:00:00+08:00,124.0,126.0,123.0,125.0,0,0.0,0.0
2023-06-19 10:00:00+08:00,125.0,127.0,124.5,126.0,37261,0.0,0.0
2023-06-19 11:00:00+08:00,126.0,126.0,122.0,123.0,179415,0.0,0.0
2023-06-19 12:00:00+08:00,123.0,123.5,122.0,123.0,125542,0.0,0.0
2023-06-19 13:00:00+08:00,123.0,123.0,121.0,121.0,96266,0.0,0.0
2023-06-20 09:00:00+08:00,121.5,122.0,117.5,119.0,0,0.0,0.0
2023-06-20 10:00:00+08:00,119.0,119.5,117.0,119.5,511642,0.0,0.0
2023-06-20 11:00:00+08:00,120.0,124.0,120.0,123.5,289597,0.0,0.0
2023-06-20 12:00:00+08:00,123.5,123.5,122.0,122.0,40165,0.0,0.0
2023-06-20 13:00:00+08:00,122.0,123.0,121.5,123.0,59200,0.0,0.0
2023-06-21 09:00:00+08:00,122.5,124.5,122.0,122.0,0,0.0,0.0
2023-06-21 10:00:00+08:00,122.0,122.0,121.0,121.5,43231,0.0,0.0
2023-06-21 11:00:00+08:00,122.0,122.5,121.5,122.5,39000,0.0,0.0
2023-06-21 12:00:00+08:00,122.5,123.0,121.5,122.5,52137,0.0,0.0
2023-06-21 13:00:00+08:00,122.5,122.5,121.5,122.5,42068,0.0,0.0
2023-06-26 09:00:00+08:00,122.0,122.0,117.0,117.5,0,0.0,0.0
2023-06-26 10:00:00+08:00,117.5,119.5,117.0,117.5,224392,0.0,0.0
2023-06-26 11:00:00+08:00,117.5,118.0,117.0,117.0,25193,0.0,0.0
2023-06-26 12:00:00+08:00,117.0,117.5,117.0,117.5,34763,0.0,0.0
2023-06-26 13:00:00+08:00,117.5,117.5,117.0,117.0,28744,0.0,0.0
2023-06-27 09:00:00+08:00,118.5,119.5,117.0,118.0,0,0.0,0.0
2023-06-27 10:00:00+08:00,118.0,118.0,115.5,116.5,102532,0.0,0.0
2023-06-27 11:00:00+08:00,117.0,117.0,113.5,114.0,132118,0.0,0.0
2023-06-27 12:00:00+08:00,114.0,114.5,113.0,113.5,78069,0.0,0.0
2023-06-27 13:00:00+08:00,113.5,113.5,112.0,112.5,118777,0.0,0.0
2023-06-28 09:00:00+08:00,116.5,118.0,112.5,116.0,0,0.0,0.0
2023-06-28 10:00:00+08:00,116.0,116.0,113.0,114.0,104380,0.0,0.0
2023-06-28 11:00:00+08:00,114.0,114.0,112.0,113.5,107070,0.0,0.0
2023-06-28 12:00:00+08:00,114.0,114.0,113.0,113.0,48079,0.0,0.0
2023-06-28 13:00:00+08:00,113.0,114.0,113.0,114.0,20025,0.0,0.0
2023-06-29 09:00:00+08:00,116.0,118.0,114.5,116.0,0,0.0,0.0
2023-06-29 10:00:00+08:00,115.5,116.0,115.5,116.0,57409,0.0,0.0
2023-06-29 11:00:00+08:00,115.5,120.0,115.5,119.0,275864,0.0,0.0
2023-06-29 12:00:00+08:00,118.5,119.0,118.0,118.5,63382,0.0,0.0
2023-06-29 13:00:00+08:00,119.0,121.0,119.0,120.0,230623,0.0,0.0
2023-06-30 09:00:00+08:00,118.5,123.5,116.5,123.0,0,0.0,0.0
2023-06-30 10:00:00+08:00,123.5,124.0,122.5,122.5,288968,0.0,0.0
2023-06-30 11:00:00+08:00,123.5,123.5,120.5,122.0,240810,0.0,0.0
2023-06-30 12:00:00+08:00,122.0,123.0,121.5,122.5,39000,0.0,0.0
2023-06-30 13:00:00+08:00,122.0,123.0,122.0,122.5,28000,0.0,0.0
2023-07-03 09:00:00+08:00,132.0,134.0,129.0,133.5,293545,0.0,0.0
2023-07-03 10:00:00+08:00,133.5,133.5,131.0,133.5,254355,0.0,0.0
2023-07-03 11:00:00+08:00,133.5,135.0,133.5,135.0,553802,0.0,0.0
2023-07-03 12:00:00+08:00,135.0,135.0,135.0,135.0,24020,0.0,0.0
2023-07-03 13:00:00+08:00,135.0,135.0,135.0,135.0,2300,0.0,0.0
2023-07-04 09:00:00+08:00,139.0,140.0,133.5,135.5,0,0.0,0.0
2023-07-04 10:00:00+08:00,135.5,135.5,132.5,135.0,186999,0.0,0.0
2023-07-04 11:00:00+08:00,135.0,137.0,135.0,136.0,252356,0.0,0.0
2023-07-04 12:00:00+08:00,136.5,137.0,135.0,135.5,208379,0.0,0.0
2023-07-04 13:00:00+08:00,136.0,136.5,134.5,136.5,228306,0.0,0.0
2023-07-05 09:00:00+08:00,137.0,137.5,131.0,135.0,0,0.0,0.0
2023-07-05 10:00:00+08:00,135.0,137.0,134.5,135.5,215627,0.0,0.0
2023-07-05 11:00:00+08:00,136.0,136.0,133.5,134.5,121492,0.0,0.0
2023-07-05 12:00:00+08:00,135.0,135.0,133.5,133.5,132244,0.0,0.0
2023-07-05 13:00:00+08:00,134.0,134.0,133.0,133.5,87130,0.0,0.0
2023-07-06 09:00:00+08:00,136.5,146.0,135.5,144.5,423424,0.0,0.0
2023-07-06 10:00:00+08:00,144.5,144.5,140.0,141.5,475177,0.0,0.0
2023-07-06 11:00:00+08:00,141.5,141.5,138.0,139.5,424511,0.0,0.0
2023-07-06 12:00:00+08:00,139.5,141.0,138.5,140.5,163101,0.0,0.0
2023-07-06 13:00:00+08:00,140.5,140.5,137.0,137.5,244576,0.0,0.0
2023-07-07 09:00:00+08:00,140.0,149.5,140.0,144.5,0,0.0,0.0
2023-07-07 10:00:00+08:00,145.0,145.0,142.0,142.5,491331,0.0,0.0
2023-07-07 11:00:00+08:00,142.5,143.5,141.5,143.0,169315,0.0,0.0
2023-07-07 12:00:00+08:00,143.0,143.0,141.0,141.5,173425,0.0,0.0
2023-07-07 13:00:00+08:00,141.5,143.0,140.0,142.0,354201,0.0,0.0
2023-07-10 09:00:00+08:00,150.0,153.0,147.0,149.0,0,0.0,0.0
2023-07-10 10:00:00+08:00,149.0,150.0,147.5,147.5,423915,0.0,0.0
2023-07-10 11:00:00+08:00,147.5,148.5,145.0,148.0,478406,0.0,0.0
2023-07-10 12:00:00+08:00,148.0,151.0,146.5,148.0,496877,0.0,0.0
2023-07-10 13:00:00+08:00,148.0,149.0,147.5,149.0,264272,0.0,0.0
2023-07-11 09:00:00+08:00,159.0,161.0,155.0,157.0,0,0.0,0.0
2023-07-11 10:00:00+08:00,156.5,159.0,156.0,158.5,521155,0.0,0.0
2023-07-11 11:00:00+08:00,158.0,159.5,157.0,157.5,382957,0.0,0.0
2023-07-11 12:00:00+08:00,157.0,158.5,156.5,158.0,230391,0.0,0.0
2023-07-11 13:00:00+08:00,158.0,158.0,156.0,156.5,363604,0.0,0.0
2023-07-12 09:00:00+08:00,157.0,157.5,151.5,152.0,0,0.0,0.0
2023-07-12 10:00:00+08:00,152.0,153.0,150.0,151.5,373402,0.0,0.0
2023-07-12 11:00:00+08:00,151.5,151.5,149.0,151.0,233273,0.0,0.0
2023-07-12 12:00:00+08:00,151.0,154.0,150.5,153.5,280754,0.0,0.0
2023-07-12 13:00:00+08:00,153.5,155.0,153.5,154.5,237545,0.0,0.0
2023-07-13 09:00:00+08:00,154.5,155.5,150.0,152.0,0,0.0,0.0
2023-07-13 10:00:00+08:00,152.0,155.0,151.5,153.0,378058,0.0,0.0
2023-07-13 11:00:00+08:00,153.0,153.5,152.0,152.5,121795,0.0,0.0
2023-07-13 12:00:00+08:00,153.0,154.0,151.0,151.5,173512,0.0,0.0
2023-07-13 13:00:00+08:00,151.5,153.5,150.5,153.5,148194,0.0,0.0
2023-07-14 09:00:00+08:00,154.5,157.5,152.0,152.5,0,0.0,0.0
2023-07-14 10:00:00+08:00,153.0,153.5,151.5,152.0,221573,0.0,0.0
2023-07-14 11:00:00+08:00,151.5,152.0,150.5,151.5,185102,0.0,0.0
2023-07-14 12:00:00+08:00,151.5,151.5,148.5,149.5,294896,0.0,0.0
2023-07-14 13:00:00+08:00,149.5,150.0,147.5,147.5,231936,0.0,0.0
2023-07-17 09:00:00+08:00,147.5,154.0,145.0,152.5,0,0.0,0.0
2023-07-17 10:00:00+08:00,152.5,152.5,149.5,150.0,178767,0.0,0.0
2023-07-17 11:00:00+08:00,150.0,150.0,148.5,148.5,128670,0.0,0.0
2023-07-17 12:00:00+08:00,149.0,150.0,149.0,150.0,108580,0.0,0.0
2023-07-17 13:00:00+08:00,149.5,150.5,149.5,150.5,112290,0.0,0.0
2023-07-18 09:00:00+08:00,152.0,152.0,143.5,145.0,560593,0.0,0.0
2023-07-18 10:00:00+08:00,145.0,145.5,142.0,142.5,270896,0.0,0.0
2023-07-18 11:00:00+08:00,142.5,143.5,138.5,139.0,575057,0.0,0.0
2023-07-18 12:00:00+08:00,139.0,141.0,139.0,140.5,143019,0.0,0.0
2023-07-18 13:00:00+08:00,140.5,141.0,140.0,140.0,140092,0.0,0.0
2023-07-19 09:00:00+08:00,142.5,147.0,141.0,145.5,323846,0.0,0.0
2023-07-19 10:00:00+08:00,145.0,145.0,142.5,144.0,104700,0.0,0.0
2023-07-19 11:00:00+08:00,144.5,146.5,144.5,145.0,115688,0.0,0.0
2023-07-19 12:00:00+08:00,145.0,146.0,144.0,145.5,148148,0.0,0.0
2023-07-19 13:00:00+08:00,145.5,146.5,144.5,145.5,61685,0.0,0.0
2023-07-20 09:00:00+08:00,145.5,145.5,143.5,144.0,99781,0.0,0.0
2023-07-20 10:00:00+08:00,143.5,145.5,143.0,145.0,130785,0.0,0.0
2023-07-20 11:00:00+08:00,144.5,147.5,144.5,146.5,101378,0.0,0.0
2023-07-20 12:00:00+08:00,146.0,146.0,144.0,145.5,140723,0.0,0.0
2023-07-20 13:00:00+08:00,145.0,145.5,144.5,145.5,21426,0.0,0.0
2023-07-21 09:00:00+08:00,143.0,147.0,141.0,147.0,321660,0.0,0.0
2023-07-21 10:00:00+08:00,147.0,153.5,146.5,153.0,570657,0.0,0.0
2023-07-21 11:00:00+08:00,153.0,155.0,152.0,152.5,387535,0.0,0.0
2023-07-21 12:00:00+08:00,152.5,156.0,152.0,155.5,292253,0.0,0.0
2023-07-21 13:00:00+08:00,156.0,160.0,156.0,157.5,927557,0.0,0.0
2023-07-24 09:00:00+08:00,161.0,163.5,143.0,144.0,0,0.0,0.0
2023-07-24 10:00:00+08:00,144.0,146.5,144.0,144.5,292358,0.0,0.0
2023-07-24 11:00:00+08:00,144.5,145.0,142.5,143.0,271536,0.0,0.0
2023-07-24 12:00:00+08:00,143.5,144.0,142.5,143.5,193203,0.0,0.0
2023-07-24 13:00:00+08:00,143.5,143.5,142.5,142.5,141132,0.0,0.0
2023-07-25 09:00:00+08:00,144.0,146.5,142.5,146.5,313586,0.0,0.0
2023-07-25 10:00:00+08:00,146.5,146.5,143.5,144.0,90016,0.0,0.0
2023-07-25 11:00:00+08:00,144.0,144.5,144.0,144.0,57470,0.0,0.0
2023-07-25 12:00:00+08:00,144.5,146.0,144.5,145.5,95131,0.0,0.0
2023-07-25 13:00:00+08:00,145.5,145.5,144.0,144.5,72383,0.0,0.0
2023-07-26 09:00:00+08:00,143.5,149.5,142.0,149.5,0,0.0,0.0
2023-07-26 10:00:00+08:00,149.5,155.0,148.0,152.5,861421,0.0,0.0
2023-07-26 11:00:00+08:00,152.5,154.5,151.0,151.5,155698,0.0,0.0
2023-07-26 12:00:00+08:00,151.5,152.0,148.5,149.0,301497,0.0,0.0
2023-07-26 13:00:00+08:00,149.5,150.0,148.0,150.0,104820,0.0,0.0
2023-07-27 09:00:00+08:00,154.0,161.5,152.0,161.5,2271342,0.0,0.0
2023-07-27 10:00:00+08:00,161.5,163.0,155.0,155.0,2606977,0.0,0.0
2023-07-27 11:00:00+08:00,155.0,159.0,154.5,158.0,669155,0.0,0.0
2023-07-27 12:00:00+08:00,158.0,158.0,154.0,154.5,313761,0.0,0.0
2023-07-27 13:00:00+08:00,154.5,156.5,154.5,156.0,148805,0.0,0.0
2023-07-28 09:00:00+08:00,154.5,154.5,145.0,147.5,1312360,0.0,0.0
2023-07-28 10:00:00+08:00,147.5,148.0,146.0,146.5,349367,0.0,0.0
2023-07-28 11:00:00+08:00,147.0,148.0,146.0,146.5,177892,0.0,0.0
2023-07-28 12:00:00+08:00,146.5,147.5,146.0,147.0,117948,0.0,0.0
2023-07-28 13:00:00+08:00,147.0,147.5,145.5,145.5,234966,0.0,0.0
2023-07-31 09:00:00+08:00,149.0,149.0,143.5,145.0,0,0.0,0.0
2023-07-31 10:00:00+08:00,145.0,145.0,144.0,144.0,83177,0.0,0.0
2023-07-31 11:00:00+08:00,144.0,144.0,140.5,141.5,336859,0.0,0.0
2023-07-31 12:00:00+08:00,141.0,142.0,138.5,139.0,241143,0.0,0.0
2023-07-31 13:00:00+08:00,139.0,140.0,138.0,140.0,123245,0.0,0.0
2023-08-01 09:00:00+08:00,139.0,140.0,125.0,125.5,1482340,0.0,0.0
2023-08-01 10:00:00+08:00,125.5,127.5,125.5,126.0,217923,0.0,0.0
2023-08-01 11:00:00+08:00,126.0,126.5,125.5,126.0,76413,0.0,0.0
2023-08-01 12:00:00+08:00,126.5,127.5,125.5,126.0,163032,0.0,0.0
2023-08-01 13:00:00+08:00,126.0,126.0,125.0,125.5,105643,0.0,0.0
2023-08-02 09:00:00+08:00,128.0,128.0,123.0,123.0,265867,0.0,0.0
2023-08-02 10:00:00+08:00,122.5,125.5,122.5,125.5,125190,0.0,0.0
2023-08-02 11:00:00+08:00,124.5,124.5,122.5,122.5,82165,0.0,0.0
2023-08-02 12:00:00+08:00,123.0,123.0,120.5,122.5,143603,0.0,0.0
2023-08-02 13:00:00+08:00,122.5,123.0,121.5,122.0,70818,0.0,0.0
2023-08-04 09:00:00+08:00,123.5,126.5,123.0,125.5,327457,0.0,0.0
2023-08-04 10:00:00+08:00,125.5,126.5,124.5,125.0,87914,0.0,0.0
2023-08-04 11:00:00+08:00,124.5,125.5,121.5,122.5,137725,0.0,0.0
2023-08-04 12:00:00+08:00,123.0,123.0,122.5,123.0,32170,0.0,0.0
2023-08-04 13:00:00+08:00,123.0,123.0,122.5,123.0,18230,0.0,0.0
2023-08-07 09:00:00+08:00,122.0,123.5,120.5,122.5,0,0.0,0.0
2023-08-07 10:00:00+08:00,123.5,124.5,123.5,124.0,54603,0.0,0.0
2023-08-07 11:00:00+08:00,123.5,124.5,123.5,124.5,23480,0.0,0.0
2023-08-07 12:00:00+08:00,124.5,124.5,123.5,124.5,49199,0.0,0.0
2023-08-07 13:00:00+08:00,124.5,125.5,124.5,125.0,29373,0.0,0.0
2023-08-08 09:00:00+08:00,125.0,126.0,121.5,121.5,119431,0.0,0.0
2023-08-08 10:00:00+08:00,121.5,122.5,121.5,121.5,43716,0.0,0.0
2023-08-08 11:00:00+08:00,121.5,123.0,121.5,122.5,38058,0.0,0.0
2023-08-08 12:00:00+08:00,122.0,122.5,121.5,122.0,46237,0.0,0.0
2023-08-08 13:00:00+08:00,121.5,122.0,121.5,122.0,47555,0.0,0.0
2023-08-09 09:00:00+08:00,121.5,123.0,121.5,122.0,36972,0.0,0.0
2023-08-09 10:00:00+08:00,122.0,122.0,120.0,122.0,61126,0.0,0.0
2023-08-09 11:00:00+08:00,122.5,123.0,121.0,123.0,20064,0.0,0.0
2023-08-09 12:00:00+08:00,122.5,123.0,121.5,122.5,58000,0.0,0.0
2023-08-09 13:00:00+08:00,122.0,122.5,121.5,122.5,13198,0.0,0.0
2023-08-10 09:00:00+08:00,117.0,119.0,116.0,118.0,390269,0.0,0.0
2023-08-10 10:00:00+08:00,118.0,118.5,117.5,118.0,65839,0.0,0.0
2023-08-10 11:00:00+08:00,117.5,117.5,117.0,117.0,26201,0.0,0.0
2023-08-10 12:00:00+08:00,117.0,117.5,115.5,116.0,123928,0.0,0.0
2023-08-10 13:00:00+08:00,116.0,116.5,115.5,115.5,61017,0.0,0.0
2023-08-11 09:00:00+08:00,115.5,117.5,115.0,117.0,108744,0.0,0.0
2023-08-11 10:00:00+08:00,116.5,117.5,116.0,116.5,105168,0.0,0.0
2023-08-11 11:00:00+08:00,117.0,117.0,116.0,116.5,30249,0.0,0.0
2023-08-11 12:00:00+08:00,116.0,116.0,115.5,115.5,77658,0.0,0.0
2023-08-11 13:00:00+08:00,115.5,116.0,115.5,116.0,34143,0.0,0.0
2023-08-14 09:00:00+08:00,113.5,114.0,111.0,111.5,0,0.0,0.0
2023-08-14 10:00:00+08:00,111.0,111.0,110.0,110.5,82775,0.0,0.0
2023-08-14 11:00:00+08:00,111.0,111.0,109.5,111.0,63649,0.0,0.0
2023-08-14 12:00:00+08:00,111.0,111.0,110.5,111.0,37300,0.0,0.0
2023-08-14 13:00:00+08:00,110.5,111.0,110.5,111.0,34172,0.0,0.0
2023-08-15 09:00:00+08:00,112.5,115.5,112.0,115.5,148103,0.0,0.0
2023-08-15 10:00:00+08:00,115.5,117.5,114.5,114.5,210747,0.0,0.0
2023-08-15 11:00:00+08:00,114.5,116.5,114.5,116.0,119055,0.0,0.0
2023-08-15 12:00:00+08:00,116.0,118.0,116.0,117.5,87343,0.0,0.0
2023-08-15 13:00:00+08:00,117.0,118.5,117.0,117.5,51134,0.0,0.0
2023-08-16 09:00:00+08:00,114.5,115.5,113.0,114.5,129246,0.0,0.0
2023-08-16 10:00:00+08:00,115.0,117.0,114.0,116.0,0,0.0,0.0
2023-08-16 11:00:00+08:00,116.0,116.5,115.0,116.5,253401,0.0,0.0
2023-08-16 12:00:00+08:00,116.0,116.0,115.5,115.5,26075,0.0,0.0
2023-08-16 13:00:00+08:00,116.5,118.0,115.5,117.5,41040,0.0,0.0
2023-08-17 09:00:00+08:00,117.0,118.5,116.5,118.5,107306,0.0,0.0
2023-08-17 10:00:00+08:00,119.0,126.0,119.0,125.0,466322,0.0,0.0
2023-08-17 11:00:00+08:00,125.0,125.0,123.5,123.5,81119,0.0,0.0
2023-08-17 12:00:00+08:00,123.5,124.5,123.5,124.0,258741,0.0,0.0
2023-08-17 13:00:00+08:00,124.5,124.5,123.5,123.5,46489,0.0,0.0
2023-08-18 09:00:00+08:00,122.0,126.0,122.0,123.0,210481,0.0,0.0
2023-08-18 10:00:00+08:00,123.0,123.5,121.5,122.0,109357,0.0,0.0
2023-08-18 11:00:00+08:00,122.0,122.5,121.5,121.5,26138,0.0,0.0
2023-08-18 12:00:00+08:00,121.0,122.0,120.0,121.5,70056,0.0,0.0
2023-08-18 13:00:00+08:00,121.0,123.0,121.0,122.5,29000,0.0,0.0
2023-08-21 09:00:00+08:00,121.5,122.0,119.5,120.0,0,0.0,0.0
2023-08-21 10:00:00+08:00,120.0,121.0,120.0,120.5,46492,0.0,0.0
2023-08-21 11:00:00+08:00,120.5,120.5,119.5,119.5,20198,0.0,0.0
2023-08-21 12:00:00+08:00,119.5,119.5,118.5,119.0,29384,0.0,0.0
2023-08-21 13:00:00+08:00,119.5,119.5,119.5,119.5,17138,0.0,0.0
2023-08-22 09:00:00+08:00,121.0,121.5,120.5,120.5,51494,0.0,0.0
2023-08-22 10:00:00+08:00,120.5,120.5,120.0,120.0,9004,0.0,0.0
2023-08-22 11:00:00+08:00,119.5,120.0,118.5,119.5,21198,0.0,0.0
2023-08-22 12:00:00+08:00,119.5,120.0,118.5,119.0,37000,0.0,0.0
2023-08-22 13:00:00+08:00,119.0,119.0,118.0,118.5,51396,0.0,0.0
2023-08-23 09:00:00+08:00,118.0,121.0,118.0,120.5,62315,0.0,0.0
2023-08-23 10:00:00+08:00,120.5,121.0,119.5,120.0,19186,0.0,0.0
2023-08-23 11:00:00+08:00,120.0,120.5,118.0,119.5,37042,0.0,0.0
2023-08-23 12:00:00+08:00,119.0,120.0,118.0,120.0,67005,0.0,0.0
2023-08-23 13:00:00+08:00,120.0,120.5,119.5,119.5,47079,0.0,0.0
2023-08-24 09:00:00+08:00,121.0,122.5,120.5,121.0,0,0.0,0.0
2023-08-24 10:00:00+08:00,121.0,121.0,118.5,119.5,34390,0.0,0.0
2023-08-24 11:00:00+08:00,120.0,120.5,119.0,119.0,43247,0.0,0.0
2023-08-24 12:00:00+08:00,119.0,120.5,118.5,120.5,34350,0.0,0.0
2023-08-24 13:00:00+08:00,119.5,120.5,119.5,120.5,21000,0.0,0.0
2023-08-25 09:00:00+08:00,118.5,120.5,118.5,120.0,27150,0.0,0.0
2023-08-25 10:00:00+08:00,120.0,121.0,120.0,121.0,50000,0.0,0.0
2023-08-25 11:00:00+08:00,119.5,120.0,119.5,120.0,7280,0.0,0.0
2023-08-25 12:00:00+08:00,120.0,120.0,118.5,120.0,35056,0.0,0.0
2023-08-25 13:00:00+08:00,120.0,120.0,119.0,120.0,12080,0.0,0.0
2023-08-28 09:00:00+08:00,119.5,119.5,117.5,117.5,0,0.0,0.0
2023-08-28 10:00:00+08:00,117.5,118.0,117.5,118.0,29569,0.0,0.0
2023-08-28 11:00:00+08:00,117.5,117.5,117.0,117.0,18856,0.0,0.0
2023-08-28 12:00:00+08:00,117.5,117.5,116.0,117.0,21110,0.0,0.0
2023-08-28 13:00:00+08:00,116.5,116.5,116.0,116.0,36476,0.0,0.0
2023-08-29 09:00:00+08:00,119.5,120.0,118.5,118.5,148800,0.0,0.0
2023-08-29 10:00:00+08:00,118.5,119.0,118.5,119.0,10028,0.0,0.0
2023-08-29 11:00:00+08:00,118.5,119.0,118.5,119.0,12147,0.0,0.0
2023-08-29 12:00:00+08:00,119.0,119.0,119.0,119.0,3040,0.0,0.0
2023-08-29 13:00:00+08:00,118.5,119.0,118.5,119.0,10000,0.0,0.0
2023-08-30 09:00:00+08:00,120.0,121.5,118.5,121.5,43100,0.0,0.0
2023-08-30 10:00:00+08:00,121.5,121.5,121.0,121.5,38102,0.0,0.0
2023-08-30 11:00:00+08:00,121.0,123.0,120.5,123.0,216848,0.0,0.0
2023-08-30 12:00:00+08:00,122.5,122.5,122.0,122.5,18360,0.0,0.0
2023-08-30 13:00:00+08:00,122.5,122.5,122.0,122.5,17160,0.0,0.0
2023-08-31 09:00:00+08:00,121.5,121.5,120.0,120.0,0,0.0,0.0
2023-08-31 10:00:00+08:00,120.5,121.5,120.0,120.5,13220,0.0,0.0
2023-08-31 11:00:00+08:00,120.0,120.0,119.5,120.0,27302,0.0,0.0
2023-08-31 12:00:00+08:00,120.0,120.0,120.0,120.0,4303,0.0,0.0
2023-08-31 13:00:00+08:00,119.5,120.5,119.5,120.0,19128,0.0,0.0
2023-09-01 09:00:00+08:00,119.5,119.5,117.0,118.5,0,0.0,0.0
2023-09-01 10:00:00+08:00,118.5,119.5,118.5,118.5,17048,0.0,0.0
2023-09-01 11:00:00+08:00,118.5,118.5,117.5,117.5,15001,0.0,0.0
2023-09-01 12:00:00+08:00,117.5,119.0,117.5,119.0,45029,0.0,0.0
2023-09-01 13:00:00+08:00,119.0,123.0,119.0,120.5,102000,0.0,0.0
2023-09-04 09:00:00+08:00,121.0,121.0,120.0,120.0,0,0.0,0.0
2023-09-04 10:00:00+08:00,120.5,121.5,120.5,121.5,11086,0.0,0.0
2023-09-04 11:00:00+08:00,121.5,121.5,121.0,121.0,8060,0.0,0.0
2023-09-04 12:00:00+08:00,120.5,120.5,120.0,120.5,9000,0.0,0.0
2023-09-04 13:00:00+08:00,120.5,120.5,120.5,120.5,5000,0.0,0.0
2023-09-05 09:00:00+08:00,121.5,125.5,121.5,124.5,186806,0.0,0.0
2023-09-05 10:00:00+08:00,124.0,124.0,123.0,123.0,66234,0.0,0.0
2023-09-05 11:00:00+08:00,123.0,123.0,122.0,122.5,35130,0.0,0.0
2023-09-05 12:00:00+08:00,122.5,124.0,122.5,123.5,52347,0.0,0.0
2023-09-05 13:00:00+08:00,123.5,123.5,123.0,123.5,13050,0.0,0.0
2023-09-06 09:00:00+08:00,123.5,124.0,122.5,122.5,0,0.0,0.0
2023-09-06 10:00:00+08:00,122.5,123.0,122.5,123.0,11000,0.0,0.0
2023-09-06 11:00:00+08:00,122.5,122.5,121.5,122.5,21020,0.0,0.0
2023-09-06 12:00:00+08:00,122.0,122.0,122.0,122.0,3020,0.0,0.0
2023-09-06 13:00:00+08:00,121.5,121.5,120.0,120.5,51163,0.0,0.0
2023-09-07 09:00:00+08:00,120.0,121.0,119.5,121.0,0,0.0,0.0
2023-09-07 10:00:00+08:00,121.0,121.0,121.0,121.0,1000,0.0,0.0
2023-09-07 11:00:00+08:00,120.0,121.0,120.0,121.0,8000,0.0,0.0
2023-09-07 12:00:00+08:00,120.0,120.0,119.5,120.0,8030,0.0,0.0
2023-09-07 13:00:00+08:00,120.0,120.5,119.0,120.5,24240,0.0,0.0
2023-09-08 09:00:00+08:00,118.0,118.0,113.5,114.0,351597,0.0,0.0
2023-09-08 10:00:00+08:00,114.0,118.0,114.0,117.0,144973,0.0,0.0
2023-09-08 11:00:00+08:00,117.0,117.5,116.5,117.0,30000,0.0,0.0
2023-09-08 12:00:00+08:00,117.0,117.0,116.0,116.0,66107,0.0,0.0
2023-09-08 13:00:00+08:00,116.5,117.5,115.5,117.5,52433,0.0,0.0
2023-09-11 09:00:00+08:00,117.0,117.0,113.5,116.5,0,0.0,0.0
2023-09-11 10:00:00+08:00,116.0,116.5,114.5,114.5,57250,0.0,0.0
2023-09-11 11:00:00+08:00,114.0,114.0,113.5,113.5,44162,0.0,0.0
2023-09-11 12:00:00+08:00,114.0,114.0,113.5,114.0,26320,0.0,0.0
2023-09-11 13:00:00+08:00,114.0,114.0,113.0,113.0,58189,0.0,0.0
2023-09-12 09:00:00+08:00,113.0,113.0,110.0,112.0,0,0.0,0.0
2023-09-12 10:00:00+08:00,111.5,112.0,111.0,111.5,27069,0.0,0.0
2023-09-12 11:00:00+08:00,111.5,111.5,110.5,111.0,33196,0.0,0.0
2023-09-12 12:00:00+08:00,110.5,111.0,110.0,110.5,56103,0.0,0.0
2023-09-12 13:00:00+08:00,110.5,110.5,110.5,110.5,12002,0.0,0.0
2023-09-13 09:00:00+08:00,110.5,111.5,110.5,111.5,0,0.0,0.0
2023-09-13 10:00:00+08:00,112.0,112.5,111.0,111.0,39000,0.0,0.0
2023-09-13 11:00:00+08:00,111.0,111.0,111.0,111.0,1000,0.0,0.0
2023-09-13 12:00:00+08:00,111.0,111.5,110.5,110.5,7550,0.0,0.0
2023-09-13 13:00:00+08:00,111.0,111.5,110.5,111.0,18100,0.0,0.0
2023-09-14 09:00:00+08:00,111.5,114.0,111.5,113.5,0,0.0,0.0
2023-09-14 10:00:00+08:00,114.5,115.0,113.0,114.0,74241,0.0,0.0
2023-09-14 11:00:00+08:00,114.0,114.0,114.0,114.0,0,0.0,0.0
2023-09-14 12:00:00+08:00,114.0,114.0,113.5,114.0,176320,0.0,0.0
2023-09-14 13:00:00+08:00,114.0,114.0,114.0,114.0,1020,0.0,0.0
2023-09-15 09:00:00+08:00,114.0,114.0,112.5,114.0,0,0.0,0.0
2023-09-15 10:00:00+08:00,113.5,113.5,113.0,113.0,5001,0.0,0.0
2023-09-15 11:00:00+08:00,113.0,114.0,113.0,113.5,13030,0.0,0.0
2023-09-15 12:00:00+08:00,113.5,113.5,113.5,113.5,14649,0.0,0.0
2023-09-15 13:00:00+08:00,113.5,114.0,113.0,114.0,24171,0.0,0.0
2023-09-18 09:00:00+08:00,112.5,114.0,112.5,113.5,0,0.0,0.0
2023-09-18 10:00:00+08:00,114.0,114.0,113.5,114.0,38085,0.0,0.0
2023-09-18 11:00:00+08:00,114.0,114.0,113.0,113.0,20100,0.0,0.0
2023-09-18 12:00:00+08:00,113.0,113.5,113.0,113.0,16099,0.0,0.0
2023-09-18 13:00:00+08:00,112.5,113.0,112.5,112.5,21080,0.0,0.0
2023-09-19 09:00:00+08:00,113.0,113.5,112.5,112.5,48227,0.0,0.0
2023-09-19 10:00:00+08:00,112.5,113.0,111.0,111.5,48092,0.0,0.0
2023-09-19 11:00:00+08:00,111.5,111.5,110.5,111.0,30209,0.0,0.0
2023-09-19 12:00:00+08:00,111.0,111.0,110.0,110.5,69842,0.0,0.0
2023-09-19 13:00:00+08:00,110.5,110.5,110.0,110.5,35200,0.0,0.0
2023-09-20 09:00:00+08:00,110.5,111.5,110.5,111.5,0,0.0,0.0
2023-09-20 10:00:00+08:00,111.0,111.0,111.0,111.0,4206,0.0,0.0
2023-09-20 11:00:00+08:00,111.0,111.0,110.5,110.5,12000,0.0,0.0
2023-09-20 12:00:00+08:00,110.5,111.0,110.0,110.5,31246,0.0,0.0
2023-09-20 13:00:00+08:00,110.5,111.0,110.0,110.0,19362,0.0,0.0
2023-09-21 09:00:00+08:00,110.0,110.0,106.0,108.0,0,0.0,0.0
2023-09-21 10:00:00+08:00,107.5,109.0,107.5,108.5,28010,0.0,0.0
2023-09-21 11:00:00+08:00,108.0,108.0,108.0,108.0,7180,0.0,0.0
2023-09-21 12:00:00+08:00,107.5,107.5,106.5,107.0,45080,0.0,0.0
2023-09-21 13:00:00+08:00,107.0,107.0,106.5,106.5,18371,0.0,0.0
2023-09-22 09:00:00+08:00,105.5,107.0,104.5,105.5,0,0.0,0.0
2023-09-22 10:00:00+08:00,106.0,108.5,105.5,107.0,123069,0.0,0.0
2023-09-22 11:00:00+08:00,107.0,107.0,106.5,107.0,16140,0.0,0.0
2023-09-22 12:00:00+08:00,107.0,108.5,107.0,108.5,29110,0.0,0.0
2023-09-22 13:00:00+08:00,108.5,108.5,108.5,108.5,1000,0.0,0.0
2023-09-25 09:00:00+08:00,108.5,110.0,107.5,108.0,0,0.0,0.0
2023-09-25 10:00:00+08:00,108.0,109.0,107.5,108.0,43227,0.0,0.0
2023-09-25 11:00:00+08:00,108.0,109.5,108.0,108.5,25100,0.0,0.0
2023-09-25 12:00:00+08:00,109.5,109.5,108.5,109.0,4000,0.0,0.0
2023-09-25 13:00:00+08:00,109.0,109.5,108.5,109.5,16032,0.0,0.0
2023-09-26 09:00:00+08:00,109.0,110.5,108.5,109.5,0,0.0,0.0
2023-09-26 10:00:00+08:00,110.0,110.0,109.0,109.0,6000,0.0,0.0
2023-09-26 11:00:00+08:00,109.0,109.5,108.5,109.0,30000,0.0,0.0
2023-09-26 12:00:00+08:00,109.0,109.5,108.0,109.0,27000,0.0,0.0
2023-09-26 13:00:00+08:00,110.0,111.5,109.0,111.5,43740,0.0,0.0
2023-09-27 09:00:00+08:00,110.0,111.5,110.0,111.5,0,0.0,0.0
2023-09-27 10:00:00+08:00,111.5,112.0,111.0,111.0,16508,0.0,0.0
2023-09-27 11:00:00+08:00,112.0,112.0,111.0,112.0,13168,0.0,0.0
2023-09-27 12:00:00+08:00,111.5,112.0,111.0,111.5,15000,0.0,0.0
2023-09-27 13:00:00+08:00,111.5,111.5,111.0,111.5,13000,0.0,0.0
2023-09-28 09:00:00+08:00,112.0,113.5,112.0,113.0,0,0.0,0.0
2023-09-28 10:00:00+08:00,113.5,113.5,112.0,112.5,26000,0.0,0.0
2023-09-28 11:00:00+08:00,112.0,113.0,112.0,112.5,37171,0.0,0.0
2023-09-28 12:00:00+08:00,112.0,113.0,112.0,112.0,62000,0.0,0.0
2023-09-28 13:00:00+08:00,112.5,114.5,112.5,114.5,98106,0.0,0.0
2023-10-02 09:00:00+08:00,115.5,115.5,114.0,114.0,0,0.0,0.0
2023-10-02 10:00:00+08:00,114.0,114.5,114.0,114.5,39170,0.0,0.0
2023-10-02 11:00:00+08:00,114.5,115.0,114.5,114.5,24500,0.0,0.0
2023-10-02 12:00:00+08:00,114.5,115.0,114.0,114.5,43004,0.0,0.0
2023-10-02 13:00:00+08:00,114.5,114.5,114.5,114.5,7000,0.0,0.0
2023-10-03 09:00:00+08:00,114.0,115.0,113.5,114.0,0,0.0,0.0
2023-10-03 10:00:00+08:00,113.5,113.5,112.0,113.0,46593,0.0,0.0
2023-10-03 11:00:00+08:00,112.5,113.0,112.0,112.5,42460,0.0,0.0
2023-10-03 12:00:00+08:00,112.5,113.0,111.0,112.0,57349,0.0,0.0
2023-10-03 13:00:00+08:00,111.0,113.0,111.0,113.0,23000,0.0,0.0
2023-10-04 09:00:00+08:00,110.0,112.0,109.0,112.0,0,0.0,0.0
2023-10-04 10:00:00+08:00,111.0,111.0,108.5,109.0,69000,0.0,0.0
2023-10-04 11:00:00+08:00,108.5,109.0,107.5,108.0,64197,0.0,0.0
2023-10-04 12:00:00+08:00,108.0,109.0,108.0,108.0,53197,0.0,0.0
2023-10-04 13:00:00+08:00,108.5,108.5,107.5,107.5,60000,0.0,0.0
2023-10-05 09:00:00+08:00,108.5,109.0,107.5,108.5,0,0.0,0.0
2023-10-05 10:00:00+08:00,108.5,108.5,108.0,108.5,6129,0.0,0.0
2023-10-05 11:00:00+08:00,108.5,108.5,107.5,107.5,28000,0.0,0.0
2023-10-05 12:00:00+08:00,107.5,109.5,107.5,109.0,53126,0.0,0.0
2023-10-05 13:00:00+08:00,109.0,109.0,108.0,108.5,9000,0.0,0.0
2023-10-06 09:00:00+08:00,108.5,109.0,108.5,109.0,0,0.0,0.0
2023-10-06 10:00:00+08:00,109.5,110.5,109.5,110.5,27000,0.0,0.0
2023-10-06 11:00:00+08:00,110.0,110.0,109.0,109.0,36990,0.0,0.0
2023-10-06 12:00:00+08:00,109.0,109.0,109.0,109.0,16001,0.0,0.0
2023-10-06 13:00:00+08:00,108.5,109.5,108.0,109.5,35939,0.0,0.0
2023-10-11 09:00:00+08:00,108.0,108.0,101.0,101.5,163027,0.0,0.0
2023-10-11 10:00:00+08:00,101.5,101.5,98.5999984741211,98.69999694824219,334615,0.0,0.0
2023-10-11 11:00:00+08:00,99.0,99.19999694824219,98.5999984741211,98.5999984741211,129519,0.0,0.0
2023-10-11 12:00:00+08:00,98.80000305175781,98.9000015258789,98.5999984741211,98.9000015258789,63231,0.0,0.0
2023-10-11 13:00:00+08:00,98.80000305175781,99.0,98.5999984741211,98.69999694824219,39085,0.0,0.0
2023-10-12 09:00:00+08:00,99.0,101.5,98.80000305175781,99.0,115235,0.0,0.0
2023-10-12 10:00:00+08:00,99.0999984741211,100.5,99.0,100.5,53612,0.0,0.0
2023-10-12 11:00:00+08:00,100.5,100.5,100.5,100.5,22045,0.0,0.0
2023-10-12 12:00:00+08:00,100.5,101.0,100.5,101.0,13310,0.0,0.0
2023-10-12 13:00:00+08:00,101.0,101.0,100.5,101.0,20300,0.0,0.0
2023-10-13 09:00:00+08:00,101.0,101.5,100.0,100.5,0,0.0,0.0
2023-10-13 10:00:00+08:00,101.0,101.0,99.9000015258789,99.9000015258789,16190,0.0,0.0
2023-10-13 11:00:00+08:00,99.9000015258789,99.9000015258789,99.0999984741211,99.4000015258789,25183,0.0,0.0
2023-10-13 12:00:00+08:00,99.30000305175781,99.69999694824219,99.30000305175781,99.69999694824219,10172,0.0,0.0
2023-10-13 13:00:00+08:00,99.5999984741211,100.0,99.5999984741211,100.0,8000,0.0,0.0
2023-10-16 09:00:00+08:00,98.69999694824219,98.9000015258789,98.0,98.5999984741211,0,0.0,0.0
2023-10-16 10:00:00+08:00,98.30000305175781,98.30000305175781,98.0,98.0,14201,0.0,0.0
2023-10-16 11:00:00+08:00,98.0,98.0,97.9000015258789,98.0,8000,0.0,0.0
2023-10-16 12:00:00+08:00,98.0999984741211,98.19999694824219,97.9000015258789,98.19999694824219,27100,0.0,0.0
2023-10-16 13:00:00+08:00,98.0,98.0999984741211,97.80000305175781,98.0,21000,0.0,0.0
2023-10-17 09:00:00+08:00,98.80000305175781,98.80000305175781,96.5999984741211,97.30000305175781,0,0.0,0.0
2023-10-17 10:00:00+08:00,97.5,97.9000015258789,96.9000015258789,97.0999984741211,32504,0.0,0.0
2023-10-17 11:00:00+08:00,97.4000015258789,97.4000015258789,97.0,97.0,17016,0.0,0.0
2023-10-17 12:00:00+08:00,97.0,97.4000015258789,96.9000015258789,97.4000015258789,15008,0.0,0.0
2023-10-17 13:00:00+08:00,97.19999694824219,97.30000305175781,97.0999984741211,97.30000305175781,13000,0.0,0.0
2023-10-18 09:00:00+08:00,97.19999694824219,97.19999694824219,96.0,96.0,36735,0.0,0.0
2023-10-18 10:00:00+08:00,96.0,96.19999694824219,94.9000015258789,95.19999694824219,73850,0.0,0.0
2023-10-18 11:00:00+08:00,95.0999984741211,95.30000305175781,95.0,95.30000305175781,25697,0.0,0.0
2023-10-18 12:00:00+08:00,95.5,95.5,95.0,95.0,40426,0.0,0.0
2023-10-18 13:00:00+08:00,95.0,95.0,94.9000015258789,95.0,16155,0.0,0.0
2023-10-19 09:00:00+08:00,95.5,97.0,95.0,95.5,0,0.0,0.0
2023-10-19 10:00:00+08:00,96.0,96.0999984741211,95.5,95.5999984741211,10419,0.0,0.0
2023-10-19 11:00:00+08:00,95.5,95.5,94.69999694824219,95.0,21101,0.0,0.0
2023-10-19 12:00:00+08:00,95.0,95.80000305175781,95.0,95.80000305175781,26000,0.0,0.0
2023-10-19 13:00:00+08:00,95.9000015258789,95.9000015258789,95.4000015258789,95.5999984741211,9000,0.0,0.0
2023-10-20 09:00:00+08:00,93.69999694824219,95.69999694824219,93.69999694824219,95.69999694824219,0,0.0,0.0
2023-10-20 10:00:00+08:00,95.5,95.5,95.30000305175781,95.5,11030,0.0,0.0
2023-10-20 11:00:00+08:00,95.69999694824219,96.19999694824219,95.5,95.5,21657,0.0,0.0
2023-10-20 12:00:00+08:00,96.0,96.4000015258789,95.5999984741211,96.4000015258789,10000,0.0,0.0
2023-10-20 13:00:00+08:00,96.4000015258789,96.69999694824219,96.30000305175781,96.69999694824219,4000,0.0,0.0
2023-10-23 09:00:00+08:00,96.69999694824219,97.80000305175781,96.19999694824219,97.0,0,0.0,0.0
2023-10-23 10:00:00+08:00,97.0,97.9000015258789,97.0,97.9000015258789,23000,0.0,0.0
2023-10-23 11:00:00+08:00,97.30000305175781,97.80000305175781,97.30000305175781,97.80000305175781,2000,0.0,0.0
2023-10-23 12:00:00+08:00,97.9000015258789,98.0,97.5,98.0,6080,0.0,0.0
2023-10-23 13:00:00+08:00,98.0,98.0,97.5999984741211,98.0,12167,0.0,0.0
2023-10-24 09:00:00+08:00,97.4000015258789,98.0,96.5,97.4000015258789,20000,0.0,0.0
2023-10-24 10:00:00+08:00,98.0,98.80000305175781,97.9000015258789,98.80000305175781,20100,0.0,0.0
2023-10-24 11:00:00+08:00,98.9000015258789,98.9000015258789,98.30000305175781,98.69999694824219,10000,0.0,0.0
2023-10-24 12:00:00+08:00,98.5999984741211,98.9000015258789,98.5999984741211,98.9000015258789,11000,0.0,0.0
2023-10-24 13:00:00+08:00,99.0,99.19999694824219,98.9000015258789,99.19999694824219,8055,0.0,0.0
2023-10-25 09:00:00+08:00,100.0,102.5,100.0,102.5,0,0.0,0.0
2023-10-25 10:00:00+08:00,102.5,102.5,101.0,101.5,23221,0.0,0.0
2023-10-25 11:00:00+08:00,101.0,101.5,100.0,101.5,19095,0.0,0.0
2023-10-25 12:00:00+08:00,100.5,101.5,100.5,101.0,3115,0.0,0.0
2023-10-25 13:00:00+08:00,100.5,101.0,100.5,101.0,12000,0.0,0.0
2023-10-26 09:00:00+08:00,100.5,100.5,99.5,99.5,0,0.0,0.0
2023-10-26 10:00:00+08:00,99.0,99.4000015258789,98.80000305175781,99.4000015258789,9262,0.0,0.0
2023-10-26 11:00:00+08:00,99.80000305175781,99.9000015258789,98.80000305175781,99.5,8039,0.0,0.0
2023-10-26 12:00:00+08:00,99.30000305175781,99.5999984741211,99.30000305175781,99.5999984741211,3000,0.0,0.0
2023-10-26 13:00:00+08:00,99.19999694824219,99.4000015258789,99.19999694824219,99.19999694824219,3010,0.0,0.0
2023-10-27 09:00:00+08:00,99.5999984741211,100.5,98.80000305175781,100.5,0,0.0,0.0
2023-10-27 10:00:00+08:00,100.5,100.5,100.5,100.5,2010,0.0,0.0
2023-10-27 11:00:00+08:00,99.4000015258789,99.69999694824219,99.30000305175781,99.69999694824219,5279,0.0,0.0
2023-10-27 12:00:00+08:00,99.0999984741211,99.5,98.69999694824219,99.5,10000,0.0,0.0
2023-10-27 13:00:00+08:00,98.5999984741211,99.9000015258789,98.5999984741211,99.9000015258789,13000,0.0,0.0
2023-10-30 09:00:00+08:00,99.0999984741211,100.0,99.0999984741211,100.0,0,0.0,0.0
2023-10-30 10:00:00+08:00,99.80000305175781,99.80000305175781,99.5,99.5,2000,0.0,0.0
2023-10-30 11:00:00+08:00,99.9000015258789,99.9000015258789,99.30000305175781,99.30000305175781,8000,0.0,0.0
2023-10-30 12:00:00+08:00,99.19999694824219,99.80000305175781,99.19999694824219,99.80000305175781,7051,0.0,0.0
2023-10-30 13:00:00+08:00,99.19999694824219,100.5,99.19999694824219,100.0,14000,0.0,0.0
2023-10-31 09:00:00+08:00,100.0,101.0,99.4000015258789,99.69999694824219,0,0.0,0.0
2023-10-31 10:00:00+08:00,99.5999984741211,100.0,98.4000015258789,98.4000015258789,25588,0.0,0.0
2023-10-31 11:00:00+08:00,98.4000015258789,98.69999694824219,96.19999694824219,98.4000015258789,27213,0.0,0.0
2023-10-31 12:00:00+08:00,97.5999984741211,97.69999694824219,97.0,97.4000015258789,50017,0.0,0.0
2023-10-31 13:00:00+08:00,97.4000015258789,97.9000015258789,96.30000305175781,97.9000015258789,29016,0.0,0.0
2023-11-01 09:00:00+08:00,99.0,99.0,97.5,97.5,0,0.0,0.0
2023-11-01 10:00:00+08:00,97.5999984741211,97.9000015258789,97.5999984741211,97.9000015258789,2195,0.0,0.0
2023-11-01 11:00:00+08:00,98.0,98.80000305175781,98.0,98.80000305175781,10200,0.0,0.0
2023-11-01 12:00:00+08:00,98.5999984741211,98.80000305175781,98.5999984741211,98.5999984741211,10000,0.0,0.0
2023-11-01 13:00:00+08:00,98.80000305175781,100.0,98.0999984741211,99.9000015258789,31000,0.0,0.0
2023-11-02 09:00:00+08:00,101.5,103.5,100.5,101.5,84470,0.0,0.0
2023-11-02 10:00:00+08:00,102.0,102.0,100.5,101.0,32000,0.0,0.0
2023-11-02 11:00:00+08:00,100.5,100.5,100.0,100.0,12221,0.0,0.0
2023-11-02 12:00:00+08:00,99.9000015258789,99.9000015258789,98.5,98.5,29130,0.0,0.0
2023-11-02 13:00:00+08:00,98.5,99.19999694824219,98.19999694824219,99.19999694824219,14274,0.0,0.0
2023-11-03 09:00:00+08:00,98.9000015258789,99.80000305175781,98.4000015258789,99.4000015258789,0,0.0,0.0
2023-11-03 10:00:00+08:00,99.4000015258789,99.5,98.5999984741211,98.5999984741211,12002,0.0,0.0
2023-11-03 11:00:00+08:00,98.9000015258789,98.9000015258789,98.19999694824219,98.5999984741211,15407,0.0,0.0
2023-11-03 12:00:00+08:00,98.5,98.5,98.5,98.5,1000,0.0,0.0
2023-11-03 13:00:00+08:00,98.4000015258789,98.4000015258789,98.0,98.30000305175781,6000,0.0,0.0
2023-11-06 09:00:00+08:00,98.80000305175781,99.19999694824219,98.80000305175781,99.19999694824219,0,0.0,0.0
2023-11-06 10:00:00+08:00,99.19999694824219,99.5,99.19999694824219,99.4000015258789,7250,0.0,0.0
2023-11-06 11:00:00+08:00,99.4000015258789,100.5,99.4000015258789,100.0,21402,0.0,0.0
2023-11-06 12:00:00+08:00,100.0,100.5,100.0,100.5,19000,0.0,0.0
2023-11-06 13:00:00+08:00,100.0,100.5,100.0,100.0,6000,0.0,0.0
2023-11-07 09:00:00+08:00,100.0,100.0,99.0,99.0,0,0.0,0.0
2023-11-07 11:00:00+08:00,99.0999984741211,99.0999984741211,99.0999984741211,99.0999984741211,1000,0.0,0.0
2023-11-07 12:00:00+08:00,98.80000305175781,99.0,98.69999694824219,98.69999694824219,7035,0.0,0.0
2023-11-07 13:00:00+08:00,98.69999694824219,98.80000305175781,98.69999694824219,98.80000305175781,2000,0.0,0.0
2023-11-08 09:00:00+08:00,98.80000305175781,99.80000305175781,98.5999984741211,99.80000305175781,6290,0.0,0.0
2023-11-08 10:00:00+08:00,99.5999984741211,99.5999984741211,98.80000305175781,98.80000305175781,5000,0.0,0.0
2023-11-08 11:00:00+08:00,98.9000015258789,99.19999694824219,98.9000015258789,99.19999694824219,3000,0.0,0.0
2023-11-08 12:00:00+08:00,99.0999984741211,99.4000015258789,99.0999984741211,99.4000015258789,0,0.0,0.0
2023-11-08 13:00:00+08:00,99.4000015258789,100.5,99.4000015258789,100.5,66385,0.0,0.0
2023-11-09 09:00:00+08:00,100.0,100.5,98.69999694824219,99.0,0,0.0,0.0
2023-11-09 10:00:00+08:00,99.4000015258789,99.80000305175781,99.4000015258789,99.80000305175781,4000,0.0,0.0
2023-11-09 11:00:00+08:00,99.30000305175781,99.30000305175781,99.0,99.0,14000,0.0,0.0
2023-11-09 12:00:00+08:00,99.0,99.0,98.0,98.69999694824219,19472,0.0,0.0
2023-11-09 13:00:00+08:00,98.9000015258789,98.9000015258789,98.30000305175781,98.30000305175781,3010,0.0,0.0
2023-11-10 09:00:00+08:00,97.4000015258789,97.4000015258789,95.30000305175781,95.30000305175781,0,0.0,0.0
2023-11-10 10:00:00+08:00,95.30000305175781,95.30000305175781,94.5,94.5999984741211,29303,0.0,0.0
2023-11-10 11:00:00+08:00,95.0,95.0,94.5,94.5,35609,0.0,0.0
2023-11-10 12:00:00+08:00,94.5,94.80000305175781,94.30000305175781,94.80000305175781,10269,0.0,0.0
2023-11-10 13:00:00+08:00,94.9000015258789,96.0,94.5999984741211,96.0,24434,0.0,0.0
2023-11-13 09:00:00+08:00,96.0,96.0,95.0999984741211,95.19999694824219,0,0.0,0.0
2023-11-13 10:00:00+08:00,95.19999694824219,95.80000305175781,95.0999984741211,95.0999984741211,8080,0.0,0.0
2023-11-13 11:00:00+08:00,95.69999694824219,95.69999694824219,95.69999694824219,95.69999694824219,2000,0.0,0.0
2023-11-13 12:00:00+08:00,95.5999984741211,95.69999694824219,95.5999984741211,95.69999694824219,2265,0.0,0.0
2023-11-14 09:00:00+08:00,95.9000015258789,96.5,95.9000015258789,96.19999694824219,0,0.0,0.0
2023-11-14 10:00:00+08:00,95.5,95.5999984741211,95.0,95.30000305175781,10000,0.0,0.0
2023-11-14 11:00:00+08:00,95.5999984741211,95.80000305175781,95.0,95.0,12021,0.0,0.0
2023-11-14 12:00:00+08:00,95.5999984741211,95.5999984741211,95.5999984741211,95.5999984741211,1199,0.0,0.0
2023-11-14 13:00:00+08:00,94.9000015258789,95.4000015258789,94.9000015258789,95.4000015258789,3000,0.0,0.0
2023-11-15 09:00:00+08:00,96.0,96.19999694824219,95.19999694824219,96.19999694824219,0,0.0,0.0
2023-11-15 10:00:00+08:00,96.19999694824219,98.0,95.9000015258789,96.69999694824219,59730,0.0,0.0
2023-11-15 12:00:00+08:00,96.5,96.5,95.9000015258789,96.4000015258789,13002,0.0,0.0
2023-11-15 13:00:00+08:00,95.9000015258789,96.4000015258789,95.80000305175781,96.4000015258789,9000,0.0,0.0
2023-11-16 09:00:00+08:00,96.69999694824219,96.69999694824219,96.30000305175781,96.69999694824219,0,0.0,0.0
2023-11-16 10:00:00+08:00,96.19999694824219,96.30000305175781,95.80000305175781,95.80000305175781,29385,0.0,0.0
2023-11-16 11:00:00+08:00,95.9000015258789,95.9000015258789,95.80000305175781,95.80000305175781,2000,0.0,0.0
2023-11-16 12:00:00+08:00,95.80000305175781,95.80000305175781,95.80000305175781,95.80000305175781,1000,0.0,0.0
2023-11-16 13:00:00+08:00,95.69999694824219,95.80000305175781,95.4000015258789,95.80000305175781,12000,0.0,0.0
2023-11-17 09:00:00+08:00,96.80000305175781,97.5999984741211,96.30000305175781,97.0,0,0.0,0.0
2023-11-17 10:00:00+08:00,96.69999694824219,96.69999694824219,96.0,96.5999984741211,14004,0.0,0.0
2023-11-17 12:00:00+08:00,96.30000305175781,96.69999694824219,96.0,96.69999694824219,26000,0.0,0.0
2023-11-17 13:00:00+08:00,96.5999984741211,97.4000015258789,96.5999984741211,97.4000015258789,19000,0.0,0.0
2023-11-20 09:00:00+08:00,95.5,95.5999984741211,94.0,95.5999984741211,0,0.0,0.0
2023-11-20 10:00:00+08:00,95.4000015258789,95.9000015258789,95.4000015258789,95.9000015258789,7000,0.0,0.0
2023-11-20 11:00:00+08:00,96.0,96.80000305175781,95.5,95.5,21122,0.0,0.0
2023-11-20 12:00:00+08:00,96.30000305175781,96.30000305175781,96.19999694824219,96.19999694824219,12244,0.0,0.0
2023-11-20 13:00:00+08:00,96.19999694824219,96.19999694824219,96.0,96.0,5000,0.0,0.0
2023-11-21 09:00:00+08:00,96.69999694824219,98.19999694824219,96.69999694824219,98.19999694824219,0,0.0,0.0
2023-11-21 10:00:00+08:00,98.0,98.0,97.5999984741211,97.5999984741211,9083,0.0,0.0
2023-11-21 11:00:00+08:00,97.30000305175781,97.5,97.30000305175781,97.5,3157,0.0,0.0
2023-11-21 12:00:00+08:00,97.5,98.4000015258789,97.5,98.30000305175781,33400,0.0,0.0
2023-11-21 13:00:00+08:00,98.0,98.30000305175781,98.0,98.30000305175781,3000,0.0,0.0
2023-11-22 09:00:00+08:00,98.30000305175781,98.30000305175781,97.69999694824219,97.69999694824219,0,0.0,0.0
2023-11-22 10:00:00+08:00,97.5999984741211,98.5,97.5999984741211,98.5,5000,0.0,0.0
2023-11-22 11:00:00+08:00,98.5,102.0,98.5,101.5,125470,0.0,0.0
2023-11-22 12:00:00+08:00,101.5,107.5,101.0,106.0,633062,0.0,0.0
2023-11-22 13:00:00+08:00,106.0,107.0,105.5,107.0,165877,0.0,0.0
2023-11-23 09:00:00+08:00,107.0,111.5,107.0,109.5,0,0.0,0.0
2023-11-23 10:00:00+08:00,109.0,110.0,106.5,107.5,243564,0.0,0.0
2023-11-23 11:00:00+08:00,107.5,108.0,107.0,108.0,63215,0.0,0.0
2023-11-23 12:00:00+08:00,108.0,108.0,106.0,107.5,80779,0.0,0.0
2023-11-23 13:00:00+08:00,107.0,107.5,106.5,107.0,68002,0.0,0.0
2023-11-24 09:00:00+08:00,107.0,107.5,105.0,106.0,0,0.0,0.0
2023-11-24 10:00:00+08:00,105.5,106.0,104.0,106.0,52188,0.0,0.0
2023-11-24 11:00:00+08:00,105.5,105.5,104.5,105.0,27100,0.0,0.0
2023-11-24 12:00:00+08:00,105.0,105.5,104.5,105.0,46010,0.0,0.0
2023-11-24 13:00:00+08:00,105.0,105.5,105.0,105.0,13000,0.0,0.0
2023-11-27 09:00:00+08:00,106.5,108.0,103.0,103.5,0,0.0,0.0
2023-11-27 10:00:00+08:00,103.5,104.0,101.5,103.5,74550,0.0,0.0
2023-11-27 11:00:00+08:00,103.5,103.5,102.5,102.5,22000,0.0,0.0
2023-11-27 12:00:00+08:00,102.0,102.0,101.0,102.0,54425,0.0,0.0
2023-11-27 13:00:00+08:00,102.0,102.5,101.0,102.5,24244,0.0,0.0
2023-11-28 09:00:00+08:00,101.5,105.0,101.5,105.0,0,0.0,0.0
2023-11-28 10:00:00+08:00,104.5,105.5,103.0,103.0,32264,0.0,0.0
2023-11-28 11:00:00+08:00,103.0,104.0,103.0,104.0,18165,0.0,0.0
2023-11-28 12:00:00+08:00,104.0,104.5,104.0,104.0,15048,0.0,0.0
2023-11-28 13:00:00+08:00,104.0,104.5,104.0,104.5,7028,0.0,0.0
2023-11-29 09:00:00+08:00,104.0,105.5,104.0,104.5,29081,0.0,0.0
2023-11-29 10:00:00+08:00,105.0,105.0,104.0,104.0,14475,0.0,0.0
2023-11-29 11:00:00+08:00,104.0,104.0,104.0,104.0,10089,0.0,0.0
2023-11-29 12:00:00+08:00,103.5,104.5,103.5,103.5,12117,0.0,0.0
2023-11-29 13:00:00+08:00,103.5,104.5,103.5,104.5,7000,0.0,0.0
2023-11-30 09:00:00+08:00,104.5,105.0,102.0,103.5,238,0.0,0.0
2023-11-30 10:00:00+08:00,103.0,104.0,103.0,104.0,19011,0.0,0.0
2023-11-30 11:00:00+08:00,104.0,104.0,103.5,103.5,9005,0.0,0.0
2023-11-30 12:00:00+08:00,103.5,104.0,103.0,103.5,26132,0.0,0.0
2023-11-30 13:00:00+08:00,103.0,103.5,102.0,102.5,34145,0.0,0.0
2023-12-01 09:00:00+08:00,102.0,105.0,101.5,105.0,0,0.0,0.0
2023-12-01 10:00:00+08:00,105.0,105.0,104.0,104.0,34004,0.0,0.0
2023-12-01 11:00:00+08:00,104.0,105.0,104.0,105.0,29144,0.0,0.0
2023-12-01 12:00:00+08:00,105.0,105.0,104.5,105.0,7069,0.0,0.0
2023-12-01 13:00:00+08:00,104.5,105.5,104.0,105.5,30050,0.0,0.0
2023-12-04 09:00:00+08:00,105.5,105.5,103.5,103.5,0,0.0,0.0
2023-12-04 10:00:00+08:00,103.5,104.0,103.5,104.0,23254,0.0,0.0
2023-12-04 11:00:00+08:00,103.5,103.5,103.0,103.0,25256,0.0,0.0
2023-12-04 12:00:00+08:00,103.0,103.0,102.5,103.0,22450,0.0,0.0
2023-12-04 13:00:00+08:00,103.0,103.0,102.5,103.0,7000,0.0,0.0
2023-12-05 09:00:00+08:00,102.0,102.0,101.0,101.5,0,0.0,0.0
2023-12-05 10:00:00+08:00,101.5,101.5,101.0,101.0,19025,0.0,0.0
2023-12-05 11:00:00+08:00,100.5,102.0,100.5,101.5,246000,0.0,0.0
2023-12-05 12:00:00+08:00,101.5,101.5,101.0,101.0,12019,0.0,0.0
2023-12-05 13:00:00+08:00,101.0,101.5,101.0,101.5,7000,0.0,0.0
2023-12-06 09:00:00+08:00,102.5,102.5,101.0,101.5,0,0.0,0.0
2023-12-06 10:00:00+08:00,101.5,103.0,101.5,102.0,25010,0.0,0.0
2023-12-06 11:00:00+08:00,102.0,102.0,101.5,102.0,19039,0.0,0.0
2023-12-06 12:00:00+08:00,101.5,101.5,101.0,101.0,16005,0.0,0.0
2023-12-06 13:00:00+08:00,101.0,102.0,101.0,102.0,8010,0.0,0.0
2023-12-07 09:00:00+08:00,102.0,102.5,101.0,102.5,0,0.0,0.0
2023-12-07 10:00:00+08:00,102.5,102.5,101.0,101.0,13335,0.0,0.0
2023-12-07 11:00:00+08:00,101.0,101.0,101.0,101.0,12740,0.0,0.0
2023-12-07 12:00:00+08:00,100.5,100.5,100.0,100.5,50000,0.0,0.0
2023-12-07 13:00:00+08:00,100.5,100.5,100.5,100.5,8000,0.0,0.0
2023-12-08 09:00:00+08:00,100.5,100.5,97.69999694824219,98.69999694824219,0,0.0,0.0
2023-12-08 10:00:00+08:00,98.69999694824219,98.69999694824219,97.9000015258789,98.4000015258789,140367,0.0,0.0
2023-12-08 11:00:00+08:00,98.4000015258789,98.69999694824219,98.19999694824219,98.4000015258789,26120,0.0,0.0
2023-12-08 12:00:00+08:00,98.4000015258789,98.9000015258789,98.4000015258789,98.5999984741211,17265,0.0,0.0
2023-12-08 13:00:00+08:00,98.5999984741211,99.5,98.5999984741211,99.5,24000,0.0,0.0
2023-12-11 09:00:00+08:00,100.0,100.5,97.69999694824219,99.80000305175781,0,0.0,0.0
2023-12-11 10:00:00+08:00,99.9000015258789,99.9000015258789,99.19999694824219,99.19999694824219,39040,0.0,0.0
2023-12-11 11:00:00+08:00,99.69999694824219,100.5,99.69999694824219,100.5,19952,0.0,0.0
2023-12-11 12:00:00+08:00,100.5,100.5,99.9000015258789,100.0,11020,0.0,0.0
2023-12-11 13:00:00+08:00,100.0,100.0,99.80000305175781,99.80000305175781,11000,0.0,0.0
2023-12-12 09:00:00+08:00,101.0,101.0,100.0,100.0,0,0.0,0.0
2023-12-12 10:00:00+08:00,99.5,99.5,99.5,99.5,8104,0.0,0.0
2023-12-12 11:00:00+08:00,99.5,99.5999984741211,98.5,99.30000305175781,26127,0.0,0.0
2023-12-12 12:00:00+08:00,98.69999694824219,98.80000305175781,98.4000015258789,98.5999984741211,27721,0.0,0.0
2023-12-12 13:00:00+08:00,98.5999984741211,99.0,98.5999984741211,99.0,4051,0.0,0.0
2023-12-13 09:00:00+08:00,98.5999984741211,98.5999984741211,97.69999694824219,98.19999694824219,22571,0.0,0.0
2023-12-13 10:00:00+08:00,98.19999694824219,98.4000015258789,98.0999984741211,98.0999984741211,8035,0.0,0.0
2023-12-13 11:00:00+08:00,98.0,98.19999694824219,98.0,98.19999694824219,13050,0.0,0.0
2023-12-13 12:00:00+08:00,98.30000305175781,98.80000305175781,98.30000305175781,98.80000305175781,9305,0.0,0.0
2023-12-13 13:00:00+08:00,98.80000305175781,98.80000305175781,98.4000015258789,98.4000015258789,6000,0.0,0.0
2023-12-14 09:00:00+08:00,99.5,100.5,99.5,100.0,0,0.0,0.0
2023-12-14 10:00:00+08:00,100.0,100.0,99.80000305175781,99.80000305175781,35121,0.0,0.0
2023-12-14 11:00:00+08:00,99.80000305175781,100.0,99.80000305175781,100.0,20000,0.0,0.0
2023-12-14 12:00:00+08:00,100.0,100.0,100.0,100.0,9120,0.0,0.0
2023-12-14 13:00:00+08:00,100.0,100.5,100.0,100.5,23030,0.0,0.0
2023-12-15 09:00:00+08:00,100.5,101.0,100.0,100.0,0,0.0,0.0
2023-12-15 10:00:00+08:00,100.0,100.0,99.9000015258789,99.9000015258789,14000,0.0,0.0
2023-12-15 11:00:00+08:00,100.0,100.0,100.0,100.0,9020,0.0,0.0
2023-12-15 12:00:00+08:00,100.0,100.5,100.0,100.5,20300,0.0,0.0
2023-12-15 13:00:00+08:00,100.5,100.5,99.9000015258789,99.9000015258789,22000,0.0,0.0
2023-12-18 09:00:00+08:00,100.0,100.0,99.69999694824219,99.9000015258789,0,0.0,0.0
2023-12-18 10:00:00+08:00,99.80000305175781,99.80000305175781,99.5999984741211,99.5999984741211,8004,0.0,0.0
2023-12-18 11:00:00+08:00,99.5,99.5,99.5,99.5,2111,0.0,0.0
2023-12-18 12:00:00+08:00,99.0999984741211,99.30000305175781,99.0999984741211,99.0999984741211,64000,0.0,0.0
2023-12-18 13:00:00+08:00,99.30000305175781,99.80000305175781,99.30000305175781,99.30000305175781,13005,0.0,0.0
2023-12-19 09:00:00+08:00,99.0,99.0,98.4000015258789,98.4000015258789,22322,0.0,0.0
2023-12-19 10:00:00+08:00,98.5,98.5,98.4000015258789,98.4000015258789,4001,0.0,0.0
2023-12-19 11:00:00+08:00,98.5,98.5,98.5,98.5,1097,0.0,0.0
2023-12-19 12:00:00+08:00,98.5999984741211,98.5999984741211,98.5999984741211,98.5999984741211,7137,0.0,0.0
2023-12-19 13:00:00+08:00,98.5,98.9000015258789,98.5,98.9000015258789,9000,0.0,0.0
2023-12-20 09:00:00+08:00,98.9000015258789,101.0,98.9000015258789,100.5,0,0.0,0.0
2023-12-20 10:00:00+08:00,100.5,101.0,100.5,100.5,8003,0.0,0.0
2023-12-20 11:00:00+08:00,100.5,103.0,100.5,102.0,111135,0.0,0.0
2023-12-20 12:00:00+08:00,101.5,102.0,101.0,101.0,17512,0.0,0.0
2023-12-20 13:00:00+08:00,101.0,101.0,100.5,100.5,7000,0.0,0.0
2023-12-21 09:00:00+08:00,99.80000305175781,100.0,99.4000015258789,99.9000015258789,0,0.0,0.0
2023-12-21 10:00:00+08:00,100.0,100.5,100.0,100.5,5010,0.0,0.0
2023-12-21 12:00:00+08:00,100.5,101.5,100.5,101.5,10181,0.0,0.0
2023-12-21 13:00:00+08:00,100.5,101.0,100.5,100.5,8029,0.0,0.0
2023-12-22 09:00:00+08:00,101.0,101.5,100.5,101.0,28580,0.0,0.0
2023-12-22 10:00:00+08:00,101.5,103.0,101.5,103.0,30057,0.0,0.0
2023-12-22 11:00:00+08:00,102.5,102.5,101.5,102.5,7018,0.0,0.0
2023-12-22 12:00:00+08:00,102.0,102.5,102.0,102.0,11000,0.0,0.0
2023-12-22 13:00:00+08:00,102.0,102.0,101.5,102.0,6138,0.0,0.0
2023-12-25 09:00:00+08:00,102.5,102.5,102.5,102.5,0,0.0,0.0
2023-12-25 10:00:00+08:00,102.5,102.5,102.5,102.5,5091,0.0,0.0
2023-12-25 11:00:00+08:00,102.0,102.0,102.0,102.0,3415,0.0,0.0
2023-12-25 12:00:00+08:00,102.5,102.5,102.0,102.0,20158,0.0,0.0
2023-12-25 13:00:00+08:00,102.0,102.5,102.0,102.5,17000,0.0,0.0
2023-12-26 09:00:00+08:00,103.0,106.5,103.0,105.5,171252,0.0,0.0
2023-12-26 10:00:00+08:00,105.5,107.0,105.0,107.0,249318,0.0,0.0
2023-12-26 11:00:00+08:00,107.0,108.0,107.0,107.5,160350,0.0,0.0
2023-12-26 12:00:00+08:00,107.5,109.0,107.5,108.5,155753,0.0,0.0
2023-12-26 13:00:00+08:00,108.5,108.5,107.5,107.5,76867,0.0,0.0
2023-12-27 09:00:00+08:00,108.0,108.0,106.0,106.0,0,0.0,0.0
2023-12-27 10:00:00+08:00,106.0,106.5,106.0,106.0,31620,0.0,0.0
2023-12-27 11:00:00+08:00,105.5,106.5,105.5,106.0,27059,0.0,0.0
2023-12-27 12:00:00+08:00,106.5,106.5,106.5,106.5,16499,0.0,0.0
2023-12-27 13:00:00+08:00,106.5,106.5,106.0,106.5,10000,0.0,0.0
2023-12-28 09:00:00+08:00,107.0,108.0,105.5,107.0,0,0.0,0.0
2023-12-28 10:00:00+08:00,106.5,106.5,106.0,106.0,16566,0.0,0.0
2023-12-28 11:00:00+08:00,106.0,106.5,105.5,106.0,15000,0.0,0.0
2023-12-28 12:00:00+08:00,106.0,106.5,105.5,106.5,33181,0.0,0.0
2023-12-28 13:00:00+08:00,106.0,106.5,106.0,106.0,18107,0.0,0.0
2023-12-29 09:00:00+08:00,105.0,106.0,103.5,106.0,0,0.0,0.0
2023-12-29 10:00:00+08:00,105.5,105.5,104.5,105.0,21049,0.0,0.0
2023-12-29 11:00:00+08:00,105.0,105.0,104.0,104.5,19061,0.0,0.0
2023-12-29 12:00:00+08:00,104.5,105.0,104.0,105.0,15230,0.0,0.0
2023-12-29 13:00:00+08:00,105.0,105.5,105.0,105.5,16212,0.0,0.0
2024-01-02 09:00:00+08:00,108.0,108.0,106.0,106.0,0,0.0,0.0
2024-01-02 10:00:00+08:00,106.0,106.0,105.0,105.0,9340,0.0,0.0
2024-01-02 11:00:00+08:00,105.0,105.0,104.5,104.5,15160,0.0,0.0
2024-01-02 12:00:00+08:00,104.5,105.0,104.5,104.5,12350,0.0,0.0
2024-01-02 13:00:00+08:00,104.5,104.5,104.5,104.5,12962,0.0,0.0
2024-01-03 09:00:00+08:00,104.0,104.0,103.0,103.0,0,0.0,0.0
2024-01-03 10:00:00+08:00,103.0,103.0,102.0,103.0,10686,0.0,0.0
2024-01-03 11:00:00+08:00,103.0,103.5,102.5,103.5,15000,0.0,0.0
2024-01-03 12:00:00+08:00,104.0,104.5,104.0,104.5,8045,0.0,0.0
2024-01-03 13:00:00+08:00,104.0,105.0,102.5,105.0,16000,0.0,0.0
2024-01-04 09:00:00+08:00,103.5,103.5,103.5,103.5,3080,0.0,0.0
2024-01-04 10:00:00+08:00,103.0,103.5,103.0,103.0,14958,0.0,0.0
2024-01-04 11:00:00+08:00,102.5,103.5,102.5,103.5,7361,0.0,0.0
2024-01-04 12:00:00+08:00,103.0,103.0,102.5,103.0,8045,0.0,0.0
2024-01-04 13:00:00+08:00,102.5,103.5,102.5,103.5,6535,0.0,0.0
2024-01-05 09:00:00+08:00,102.5,105.5,102.5,105.5,0,0.0,0.0
2024-01-05 10:00:00+08:00,105.5,105.5,104.0,105.0,20221,0.0,0.0
2024-01-05 11:00:00+08:00,104.5,104.5,103.5,104.0,11005,0.0,0.0
2024-01-05 12:00:00+08:00,104.5,104.5,104.5,104.5,1340,0.0,0.0
2024-01-05 13:00:00+08:00,104.0,104.0,104.0,104.0,4000,0.0,0.0
2024-01-08 09:00:00+08:00,102.5,103.0,102.5,103.0,0,0.0,0.0
2024-01-08 10:00:00+08:00,103.0,103.0,101.5,101.5,27180,0.0,0.0
2024-01-08 11:00:00+08:00,101.5,102.0,100.5,102.0,21061,0.0,0.0
2024-01-08 12:00:00+08:00,101.5,101.5,100.5,100.5,18329,0.0,0.0
2024-01-08 13:00:00+08:00,101.0,101.5,101.0,101.0,6020,0.0,0.0
2024-01-09 09:00:00+08:00,102.5,102.5,100.0,100.0,0,0.0,0.0
2024-01-09 10:00:00+08:00,100.0,100.0,99.4000015258789,99.9000015258789,31489,0.0,0.0
2024-01-09 11:00:00+08:00,99.69999694824219,99.69999694824219,99.5999984741211,99.5999984741211,6550,0.0,0.0
2024-01-09 12:00:00+08:00,99.5999984741211,100.0,99.4000015258789,99.9000015258789,8290,0.0,0.0
2024-01-09 13:00:00+08:00,99.5,100.0,99.0,100.0,14000,0.0,0.0
2024-01-10 09:00:00+08:00,100.0,103.5,100.0,102.5,0,0.0,0.0
2024-01-10 10:00:00+08:00,102.0,102.0,101.0,101.0,10150,0.0,0.0
2024-01-10 11:00:00+08:00,101.0,101.0,101.0,101.0,4013,0.0,0.0
2024-01-10 12:00:00+08:00,100.5,100.5,100.5,100.5,6140,0.0,0.0
2024-01-10 13:00:00+08:00,100.5,100.5,99.0,100.0,37000,0.0,0.0
2024-01-11 09:00:00+08:00,101.0,101.0,101.0,101.0,0,0.0,0.0
2024-01-11 10:00:00+08:00,100.0,100.5,99.69999694824219,100.0,9138,0.0,0.0
2024-01-11 11:00:00+08:00,100.0,100.0,99.0,99.0,26570,0.0,0.0
2024-01-11 13:00:00+08:00,99.19999694824219,99.80000305175781,99.19999694824219,99.80000305175781,7031,0.0,0.0
2024-01-12 09:00:00+08:00,99.9000015258789,99.9000015258789,99.69999694824219,99.69999694824219,4144,0.0,0.0
2024-01-12 10:00:00+08:00,99.69999694824219,99.80000305175781,99.19999694824219,99.30000305175781,12272,0.0,0.0
2024-01-12 11:00:00+08:00,99.80000305175781,99.80000305175781,99.80000305175781,99.80000305175781,1010,0.0,0.0
2024-01-12 13:00:00+08:00,99.80000305175781,99.80000305175781,99.5999984741211,99.5999984741211,3033,0.0,0.0
2024-01-15 09:00:00+08:00,101.0,102.0,100.0,100.0,0,0.0,0.0
2024-01-15 10:00:00+08:00,100.0,101.0,100.0,101.0,11022,0.0,0.0
2024-01-15 11:00:00+08:00,100.5,100.5,100.5,100.5,3077,0.0,0.0
2024-01-15 12:00:00+08:00,100.5,100.5,100.0,100.0,4000,0.0,0.0
2024-01-15 13:00:00+08:00,100.0,100.0,100.0,100.0,2011,0.0,0.0
2024-01-16 09:00:00+08:00,101.0,101.5,100.0,100.5,0,0.0,0.0
2024-01-16 10:00:00+08:00,100.5,101.0,100.0,100.0,6043,0.0,0.0
2024-01-16 11:00:00+08:00,100.0,100.5,100.0,100.5,7125,0.0,0.0
2024-01-16 12:00:00+08:00,100.5,101.0,100.5,100.5,10019,0.0,0.0
2024-01-16 13:00:00+08:00,100.5,100.5,100.5,100.5,4001,0.0,0.0
2024-01-17 09:00:00+08:00,101.0,101.0,101.0,101.0,0,0.0,0.0
2024-01-17 10:00:00+08:00,100.5,100.5,99.9000015258789,99.9000015258789,19367,0.0,0.0
2024-01-17 11:00:00+08:00,99.9000015258789,99.9000015258789,99.9000015258789,99.9000015258789,1000,0.0,0.0
2024-01-17 12:00:00+08:00,100.0,100.0,99.0999984741211,100.0,15279,0.0,0.0
2024-01-17 13:00:00+08:00,100.0,100.0,99.9000015258789,99.9000015258789,2000,0.0,0.0
2024-01-18 09:00:00+08:00,100.0,100.0,98.0999984741211,98.30000305175781,0,0.0,0.0
2024-01-18 10:00:00+08:00,99.0999984741211,99.0999984741211,99.0999984741211,99.0999984741211,4026,0.0,0.0
2024-01-18 11:00:00+08:00,99.19999694824219,100.0,99.19999694824219,100.0,17000,0.0,0.0
2024-01-18 12:00:00+08:00,99.69999694824219,100.0,99.5999984741211,100.0,8135,0.0,0.0
2024-01-18 13:00:00+08:00,99.80000305175781,100.0,99.80000305175781,100.0,18000,0.0,0.0
2024-01-19 09:00:00+08:00,101.0,101.0,100.0,100.5,0,0.0,0.0
2024-01-19 10:00:00+08:00,100.0,100.5,100.0,100.5,9000,0.0,0.0
2024-01-19 11:00:00+08:00,100.0,100.0,100.0,100.0,6001,0.0,0.0
2024-01-19 12:00:00+08:00,100.5,101.0,100.5,101.0,2255,0.0,0.0
2024-01-19 13:00:00+08:00,100.5,100.5,100.5,100.5,1000,0.0,0.0
2024-01-22 09:00:00+08:00,101.0,103.5,101.0,102.0,64896,0.0,0.0
2024-01-22 10:00:00+08:00,102.0,103.0,101.5,103.0,8390,0.0,0.0
2024-01-22 11:00:00+08:00,102.0,102.5,102.0,102.5,2220,0.0,0.0
2024-01-22 12:00:00+08:00,102.0,102.5,101.5,102.0,9000,0.0,0.0
2024-01-22 13:00:00+08:00,102.5,103.0,102.5,103.0,3000,0.0,0.0
2024-01-23 09:00:00+08:00,103.5,103.5,102.5,103.0,0,0.0,0.0
2024-01-23 11:00:00+08:00,102.5,103.0,102.0,103.0,18065,0.0,0.0
2024-01-23 12:00:00+08:00,102.0,102.0,101.0,101.5,15364,0.0,0.0
2024-01-23 13:00:00+08:00,101.0,102.5,101.0,102.5,9073,0.0,0.0
2024-01-24 09:00:00+08:00,103.0,104.5,102.0,104.5,43652,0.0,0.0
2024-01-24 10:00:00+08:00,104.5,105.5,104.0,105.5,45684,0.0,0.0
2024-01-24 11:00:00+08:00,105.5,105.5,105.0,105.5,17315,0.0,0.0
2024-01-24 12:00:00+08:00,105.0,105.0,104.0,105.0,23195,0.0,0.0
2024-01-24 13:00:00+08:00,104.5,104.5,104.0,104.5,15051,0.0,0.0
2024-01-25 09:00:00+08:00,105.5,105.5,104.0,104.0,0,0.0,0.0
2024-01-25 10:00:00+08:00,105.0,105.5,104.5,105.0,11150,0.0,0.0
2024-01-25 11:00:00+08:00,104.0,104.5,104.0,104.5,2000,0.0,0.0
2024-01-25 12:00:00+08:00,104.0,104.0,103.5,103.5,8032,0.0,0.0
2024-01-25 13:00:00+08:00,103.5,103.5,103.5,103.5,0,0.0,0.0
2024-01-26 09:00:00+08:00,104.5,104.5,104.5,104.5,2100,0.0,0.0
2024-01-26 10:00:00+08:00,104.0,104.0,102.5,103.5,13000,0.0,0.0
2024-01-26 11:00:00+08:00,103.0,103.0,103.0,103.0,3059,0.0,0.0
2024-01-26 12:00:00+08:00,103.5,103.5,102.0,102.5,24321,0.0,0.0
2024-01-26 13:00:00+08:00,102.0,103.0,102.0,103.0,3000,0.0,0.0
2024-01-29 09:00:00+08:00,102.0,102.0,102.0,102.0,0,0.0,0.0
2024-01-29 10:00:00+08:00,102.5,103.5,102.5,103.0,13001,0.0,0.0
2024-01-29 11:00:00+08:00,103.0,103.0,102.5,102.5,3001,0.0,0.0
2024-01-29 12:00:00+08:00,102.5,103.0,102.0,102.0,30151,0.0,0.0
2024-01-29 13:00:00+08:00,102.5,103.0,102.5,103.0,4002,0.0,0.0
2024-01-30 09:00:00+08:00,102.0,103.5,102.0,102.5,0,0.0,0.0
2024-01-30 10:00:00+08:00,103.0,103.0,102.5,102.5,8000,0.0,0.0
2024-01-30 11:00:00+08:00,102.0,102.5,102.0,102.5,14000,0.0,0.0
2024-01-30 12:00:00+08:00,101.5,102.0,101.5,102.0,9700,0.0,0.0
2024-01-30 13:00:00+08:00,102.0,102.0,102.0,102.0,0,0.0,0.0
2024-01-31 09:00:00+08:00,101.5,101.5,101.5,101.5,0,0.0,0.0
2024-01-31 10:00:00+08:00,102.0,102.0,101.5,102.0,7635,0.0,0.0
2024-01-31 11:00:00+08:00,101.5,102.0,101.5,102.0,4000,0.0,0.0
2024-01-31 12:00:00+08:00,101.5,102.0,101.5,102.0,0,0.0,0.0
2024-01-31 13:00:00+08:00,101.5,101.5,101.5,101.5,31850,0.0,0.0
2024-02-01 09:00:00+08:00,101.0,101.0,100.0,100.0,0,0.0,0.0
2024-02-01 10:00:00+08:00,100.0,100.5,100.0,100.5,20500,0.0,0.0
2024-02-01 11:00:00+08:00,100.5,101.0,100.5,101.0,13049,0.0,0.0
2024-02-01 12:00:00+08:00,100.5,101.5,100.0,101.5,15415,0.0,0.0
2024-02-01 13:00:00+08:00,101.0,101.5,100.0,101.5,5000,0.0,0.0
2024-02-02 09:00:00+08:00,101.0,103.0,100.0,102.5,30326,0.0,0.0
2024-02-02 10:00:00+08:00,102.5,103.0,102.0,102.0,14000,0.0,0.0
2024-02-02 11:00:00+08:00,102.0,102.0,102.0,102.0,5000,0.0,0.0
2024-02-02 12:00:00+08:00,102.0,102.0,102.0,102.0,2163,0.0,0.0
2024-02-02 13:00:00+08:00,101.5,102.0,100.5,102.0,32000,0.0,0.0
2024-02-05 09:00:00+08:00,102.5,107.0,102.5,105.5,92142,0.0,0.0
2024-02-05 10:00:00+08:00,105.5,106.0,105.0,105.5,37256,0.0,0.0
2024-02-05 11:00:00+08:00,105.0,105.5,104.5,104.5,33083,0.0,0.0
2024-02-05 12:00:00+08:00,104.5,105.5,104.0,105.5,40293,0.0,0.0
2024-02-05 13:00:00+08:00,105.5,106.5,105.5,105.5,73886,0.0,0.0
2024-02-15 09:00:00+08:00,105.5,106.0,103.5,104.0,0,0.0,0.0
2024-02-15 10:00:00+08:00,104.5,104.5,103.5,104.0,28114,0.0,0.0
2024-02-15 11:00:00+08:00,103.5,104.5,103.5,104.5,16897,0.0,0.0
2024-02-15 12:00:00+08:00,104.5,105.0,104.0,104.5,8610,0.0,0.0
2024-02-15 13:00:00+08:00,104.5,105.0,104.0,104.0,13466,0.0,0.0
2024-02-16 09:00:00+08:00,105.5,108.5,105.0,107.5,69220,0.0,0.0
2024-02-16 10:00:00+08:00,107.0,111.5,107.0,109.5,210298,0.0,0.0
2024-02-16 11:00:00+08:00,109.5,110.0,109.0,109.5,37740,0.0,0.0
2024-02-16 12:00:00+08:00,109.5,109.5,108.5,109.5,19528,0.0,0.0
2024-02-16 13:00:00+08:00,109.5,109.5,109.0,109.5,19064,0.0,0.0
2024-02-19 09:00:00+08:00,111.0,111.0,108.0,108.0,0,0.0,0.0
2024-02-19 10:00:00+08:00,108.0,108.0,107.5,107.5,22670,0.0,0.0
2024-02-19 11:00:00+08:00,107.5,107.5,107.0,107.5,31122,0.0,0.0
2024-02-19 12:00:00+08:00,107.5,107.5,106.5,107.0,43768,0.0,0.0
2024-02-19 13:00:00+08:00,107.0,107.5,106.5,106.5,15000,0.0,0.0
2024-02-20 09:00:00+08:00,107.0,107.0,106.5,106.5,0,0.0,0.0
2024-02-20 10:00:00+08:00,106.5,106.5,105.5,105.5,23282,0.0,0.0
2024-02-20 11:00:00+08:00,105.5,106.5,105.5,106.5,0,0.0,0.0
2024-02-20 12:00:00+08:00,106.0,106.0,105.5,106.0,59926,0.0,0.0
2024-02-20 13:00:00+08:00,106.0,106.0,105.5,106.0,14502,0.0,0.0
2024-02-21 09:00:00+08:00,107.0,107.0,105.0,107.0,0,0.0,0.0
2024-02-21 10:00:00+08:00,106.5,107.5,106.5,107.5,12795,0.0,0.0
2024-02-21 11:00:00+08:00,107.5,108.5,107.5,108.5,26532,0.0,0.0
2024-02-21 12:00:00+08:00,108.5,108.5,108.0,108.0,17224,0.0,0.0
2024-02-21 13:00:00+08:00,108.0,108.0,108.0,108.0,5097,0.0,0.0
2024-02-22 09:00:00+08:00,108.5,108.5,107.0,107.5,0,0.0,0.0
2024-02-22 10:00:00+08:00,107.0,107.0,106.0,106.0,24205,0.0,0.0
2024-02-22 11:00:00+08:00,107.0,110.0,106.5,109.5,97605,0.0,0.0
2024-02-22 12:00:00+08:00,109.0,109.0,108.0,108.5,26225,0.0,0.0
2024-02-22 13:00:00+08:00,108.0,108.5,107.5,108.0,11171,0.0,0.0
2024-02-23 09:00:00+08:00,109.0,109.0,107.0,107.0,31072,0.0,0.0
2024-02-23 10:00:00+08:00,107.0,107.5,106.5,106.5,15200,0.0,0.0
2024-02-23 11:00:00+08:00,106.5,107.0,106.0,107.0,58200,0.0,0.0
2024-02-23 12:00:00+08:00,107.0,108.0,106.5,106.5,90230,0.0,0.0
2024-02-23 13:00:00+08:00,106.0,106.0,105.0,105.0,19630,0.0,0.0
2024-02-26 09:00:00+08:00,103.0,104.5,103.0,104.0,0,0.0,0.0
2024-02-26 10:00:00+08:00,104.5,104.5,103.0,103.5,16504,0.0,0.0
2024-02-26 11:00:00+08:00,103.5,103.5,103.5,103.5,6050,0.0,0.0
2024-02-26 12:00:00+08:00,103.5,103.5,103.0,103.0,23759,0.0,0.0
2024-02-26 13:00:00+08:00,103.0,103.0,102.5,103.0,20000,0.0,0.0
2024-02-27 09:00:00+08:00,102.5,104.0,102.0,103.0,0,0.0,0.0
2024-02-27 10:00:00+08:00,102.5,102.5,100.5,100.5,49506,0.0,0.0
2024-02-27 11:00:00+08:00,101.0,101.5,100.5,100.5,24700,0.0,0.0
2024-02-27 12:00:00+08:00,101.0,101.5,100.5,101.0,40328,0.0,0.0
2024-02-27 13:00:00+08:00,101.0,101.5,101.0,101.5,10006,0.0,0.0
2024-02-29 09:00:00+08:00,101.0,102.0,100.0,101.0,0,0.0,0.0
2024-02-29 10:00:00+08:00,100.5,104.0,100.0,102.5,113700,0.0,0.0
2024-02-29 11:00:00+08:00,101.5,103.0,101.5,101.5,36214,0.0,0.0
2024-02-29 12:00:00+08:00,102.0,105.5,101.5,104.5,158272,0.0,0.0
2024-02-29 13:00:00+08:00,105.0,105.0,103.5,104.0,97180,0.0,0.0
2024-03-01 09:00:00+08:00,104.5,104.5,103.0,103.0,0,0.0,0.0
2024-03-01 10:00:00+08:00,103.0,103.5,103.0,103.0,10298,0.0,0.0
2024-03-01 11:00:00+08:00,103.0,103.5,102.0,102.5,61167,0.0,0.0
2024-03-01 12:00:00+08:00,102.5,103.5,102.5,102.5,7040,0.0,0.0
2024-03-01 13:00:00+08:00,102.5,102.5,102.5,102.5,6000,0.0,0.0
2024-03-04 09:00:00+08:00,102.0,103.0,101.0,102.5,0,0.0,0.0
2024-03-04 10:00:00+08:00,102.5,102.5,101.5,101.5,8200,0.0,0.0
2024-03-04 11:00:00+08:00,101.5,104.5,101.5,103.5,86349,0.0,0.0
2024-03-04 12:00:00+08:00,103.5,103.5,102.5,102.5,7027,0.0,0.0
2024-03-04 13:00:00+08:00,102.5,102.5,102.0,102.5,6010,0.0,0.0
2024-03-05 09:00:00+08:00,103.5,104.0,103.0,103.0,0,0.0,0.0
2024-03-05 10:00:00+08:00,103.0,103.0,102.5,102.5,5053,0.0,0.0
2024-03-05 11:00:00+08:00,103.0,103.5,102.0,103.5,64091,0.0,0.0
2024-03-05 12:00:00+08:00,103.5,103.5,102.0,102.5,13340,0.0,0.0
2024-03-05 13:00:00+08:00,102.0,103.0,102.0,103.0,10100,0.0,0.0
2024-03-06 09:00:00+08:00,102.0,103.5,102.0,102.5,0,0.0,0.0
2024-03-06 10:00:00+08:00,102.5,103.0,102.5,103.0,4300,0.0,0.0
2024-03-06 11:00:00+08:00,102.5,103.0,102.0,103.0,7080,0.0,0.0
2024-03-06 12:00:00+08:00,102.5,106.0,102.5,105.5,125477,0.0,0.0
2024-03-06 13:00:00+08:00,105.0,105.5,105.0,105.0,11164,0.0,0.0
2024-03-07 09:00:00+08:00,105.5,106.0,103.5,103.5,0,0.0,0.0
2024-03-07 10:00:00+08:00,103.0,103.5,102.0,102.5,45335,0.0,0.0
2024-03-07 11:00:00+08:00,102.5,102.5,102.5,102.5,5225,0.0,0.0
2024-03-07 12:00:00+08:00,102.5,103.5,101.5,103.0,115065,0.0,0.0
2024-03-07 13:00:00+08:00,103.0,103.0,101.5,102.0,17090,0.0,0.0
2024-03-08 09:00:00+08:00,102.5,103.0,102.0,102.5,24900,0.0,0.0
2024-03-08 10:00:00+08:00,102.0,102.0,101.0,101.5,20229,0.0,0.0
2024-03-08 11:00:00+08:00,101.0,101.0,99.0,100.0,77159,0.0,0.0
2024-03-08 12:00:00+08:00,99.9000015258789,100.5,99.9000015258789,100.0,21203,0.0,0.0
2024-03-08 13:00:00+08:00,100.0,100.0,100.0,100.0,12450,0.0,0.0
2024-03-11 09:00:00+08:00,101.0,101.5,99.4000015258789,100.5,0,0.0,0.0
2024-03-11 10:00:00+08:00,100.5,101.0,100.5,101.0,6204,0.0,0.0
2024-03-11 11:00:00+08:00,100.5,102.5,100.0,102.5,75322,0.0,0.0
2024-03-11 12:00:00+08:00,102.5,102.5,102.0,102.0,3000,0.0,0.0
2024-03-11 13:00:00+08:00,101.5,102.0,101.0,101.5,6024,0.0,0.0
2024-03-12 09:00:00+08:00,100.5,104.5,100.5,104.0,0,0.0,0.0
2024-03-12 10:00:00+08:00,103.5,105.5,103.5,103.5,58719,0.0,0.0
2024-03-12 11:00:00+08:00,104.0,104.0,104.0,104.0,6000,0.0,0.0
2024-03-12 12:00:00+08:00,104.0,104.0,103.5,103.5,7030,0.0,0.0
2024-03-12 13:00:00+08:00,103.5,104.0,103.5,103.5,7558,0.0,0.0
2024-03-13 09:00:00+08:00,103.5,104.0,102.5,102.5,0,0.0,0.0
2024-03-13 10:00:00+08:00,102.5,102.5,102.0,102.5,16040,0.0,0.0
2024-03-13 11:00:00+08:00,102.5,102.5,102.5,102.5,4000,0.0,0.0
2024-03-13 12:00:00+08:00,103.0,103.0,102.0,102.0,5000,0.0,0.0
2024-03-13 13:00:00+08:00,102.5,102.5,102.5,102.5,2020,0.0,0.0
2024-03-14 09:00:00+08:00,102.0,102.0,99.9000015258789,101.0,15866,0.0,0.0
2024-03-14 10:00:00+08:00,101.0,101.0,100.5,100.5,12077,0.0,0.0
2024-03-14 11:00:00+08:00,101.0,101.0,101.0,101.0,1000,0.0,0.0
2024-03-14 12:00:00+08:00,100.5,101.0,100.5,100.5,8100,0.0,0.0
2024-03-14 13:00:00+08:00,100.5,100.5,100.0,100.5,55104,0.0,0.0
2024-03-15 09:00:00+08:00,100.0,100.5,99.9000015258789,100.0,0,0.0,0.0
2024-03-15 10:00:00+08:00,100.0,100.0,98.0999984741211,98.19999694824219,64449,0.0,0.0
2024-03-15 11:00:00+08:00,98.9000015258789,98.9000015258789,98.30000305175781,98.5,19243,0.0,0.0
2024-03-15 12:00:00+08:00,98.5,98.9000015258789,98.4000015258789,98.4000015258789,25397,0.0,0.0
2024-03-15 13:00:00+08:00,98.5,98.5,98.19999694824219,98.4000015258789,23000,0.0,0.0
2024-03-18 09:00:00+08:00,98.4000015258789,99.4000015258789,97.0,98.5999984741211,0,0.0,0.0
2024-03-18 10:00:00+08:00,98.5999984741211,98.9000015258789,98.5,98.80000305175781,8200,0.0,0.0
2024-03-18 11:00:00+08:00,99.80000305175781,99.80000305175781,99.80000305175781,99.80000305175781,1012,0.0,0.0
2024-03-18 12:00:00+08:00,99.80000305175781,99.80000305175781,99.80000305175781,99.80000305175781,2100,0.0,0.0
2024-03-18 13:00:00+08:00,99.9000015258789,100.0,99.80000305175781,99.80000305175781,5100,0.0,0.0
2024-03-19 09:00:00+08:00,99.0,100.0,99.0,100.0,0,0.0,0.0
2024-03-19 11:00:00+08:00,99.19999694824219,99.5,98.0,98.0,56602,0.0,0.0
2024-03-19 12:00:00+08:00,97.9000015258789,98.9000015258789,97.19999694824219,98.9000015258789,0,0.0,0.0
2024-03-19 13:00:00+08:00,98.4000015258789,98.4000015258789,98.0999984741211,98.0999984741211,206212,0.0,0.0
2024-03-20 09:00:00+08:00,98.19999694824219,99.0,96.9000015258789,99.0,55616,0.0,0.0
2024-03-20 10:00:00+08:00,99.0,99.0,99.0,99.0,1000,0.0,0.0
2024-03-20 11:00:00+08:00,98.30000305175781,98.80000305175781,97.9000015258789,98.69999694824219,22140,0.0,0.0
2024-03-20 12:00:00+08:00,98.0999984741211,98.69999694824219,98.0,98.69999694824219,5250,0.0,0.0
2024-03-20 13:00:00+08:00,98.5,98.5,98.0999984741211,98.0999984741211,3800,0.0,0.0
2024-03-21 09:00:00+08:00,99.0999984741211,100.0,98.69999694824219,100.0,0,0.0,0.0
2024-03-21 10:00:00+08:00,99.4000015258789,100.0,99.0999984741211,99.9000015258789,14003,0.0,0.0
2024-03-21 11:00:00+08:00,99.9000015258789,100.0,99.30000305175781,100.0,17019,0.0,0.0
2024-03-21 12:00:00+08:00,100.0,103.0,99.9000015258789,102.5,65306,0.0,0.0
2024-03-21 13:00:00+08:00,102.0,102.5,101.0,102.0,15000,0.0,0.0
2024-03-22 09:00:00+08:00,103.0,103.0,101.5,102.5,0,0.0,0.0
2024-03-22 10:00:00+08:00,102.5,102.5,102.0,102.5,7000,0.0,0.0
2024-03-22 11:00:00+08:00,102.5,102.5,102.5,102.5,4000,0.0,0.0
2024-03-22 12:00:00+08:00,103.0,103.0,101.5,103.0,7663,0.0,0.0
2024-03-25 09:00:00+08:00,102.5,103.0,101.5,102.0,0,0.0,0.0
2024-03-25 10:00:00+08:00,101.5,102.5,101.0,102.5,7000,0.0,0.0
2024-03-25 11:00:00+08:00,102.0,102.0,101.5,101.5,24000,0.0,0.0
2024-03-25 12:00:00+08:00,101.5,102.0,101.5,102.0,13015,0.0,0.0
2024-03-25 13:00:00+08:00,102.0,102.0,101.5,102.0,8500,0.0,0.0
2024-03-26 09:00:00+08:00,102.0,103.5,101.5,102.5,0,0.0,0.0
2024-03-26 10:00:00+08:00,102.0,102.0,102.0,102.0,5000,0.0,0.0
2024-03-26 11:00:00+08:00,102.0,102.0,101.0,101.5,8000,0.0,0.0
2024-03-26 12:00:00+08:00,100.5,102.0,100.5,102.0,8000,0.0,0.0
2024-03-26 13:00:00+08:00,101.5,102.0,101.5,102.0,9000,0.0,0.0
2024-03-27 09:00:00+08:00,103.0,103.0,102.5,102.5,0,0.0,0.0
2024-03-27 10:00:00+08:00,101.5,102.5,101.5,102.5,9050,0.0,0.0
2024-03-27 11:00:00+08:00,102.0,102.0,101.5,101.5,5050,0.0,0.0
2024-03-27 12:00:00+08:00,102.5,102.5,102.0,102.0,2060,0.0,0.0
2024-03-27 13:00:00+08:00,102.0,102.5,101.5,102.0,7000,0.0,0.0
2024-03-28 09:00:00+08:00,103.0,103.0,102.5,102.5,0,0.0,0.0
2024-03-28 10:00:00+08:00,102.5,103.0,102.5,103.0,4028,0.0,0.0
2024-03-28 11:00:00+08:00,102.0,102.0,102.0,102.0,4000,0.0,0.0
2024-03-28 12:00:00+08:00,101.5,101.5,100.0,100.5,62099,0.0,0.0
2024-03-28 13:00:00+08:00,100.5,100.5,100.5,100.5,4000,0.0,0.0
2024-03-29 09:00:00+08:00,102.0,102.0,100.5,100.5,5005,0.0,0.0
2024-03-29 10:00:00+08:00,100.5,100.5,100.5,100.5,6010,0.0,0.0
2024-03-29 11:00:00+08:00,101.0,101.0,101.0,101.0,5165,0.0,0.0
2024-03-29 12:00:00+08:00,101.0,101.0,101.0,101.0,2325,0.0,0.0
2024-03-29 13:00:00+08:00,100.5,100.5,100.5,100.5,2000,0.0,0.0
2024-04-01 09:00:00+08:00,100.0,102.0,100.0,101.0,0,0.0,0.0
2024-04-01 10:00:00+08:00,100.5,101.5,100.0,101.5,169104,0.0,0.0
2024-04-01 11:00:00+08:00,101.0,102.0,101.0,102.0,3000,0.0,0.0
2024-04-01 12:00:00+08:00,101.5,101.5,101.0,101.5,11030,0.0,0.0
2024-04-01 13:00:00+08:00,101.5,101.5,101.5,101.5,7000,0.0,0.0
2024-04-02 09:00:00+08:00,102.0,104.5,101.0,104.0,0,0.0,0.0
2024-04-02 10:00:00+08:00,103.5,104.0,103.0,103.5,21010,0.0,0.0
2024-04-02 11:00:00+08:00,103.5,103.5,103.0,103.0,27007,0.0,0.0
2024-04-02 12:00:00+08:00,104.0,104.0,103.5,103.5,4100,0.0,0.0
2024-04-02 13:00:00+08:00,103.0,104.0,103.0,104.0,9030,0.0,0.0
2024-04-03 09:00:00+08:00,103.0,104.0,103.0,104.0,0,0.0,0.0
2024-04-03 10:00:00+08:00,104.0,105.0,103.0,105.0,23708,0.0,0.0
2024-04-03 11:00:00+08:00,104.5,105.0,104.5,105.0,11070,0.0,0.0
2024-04-03 12:00:00+08:00,104.0,105.0,104.0,104.5,16019,0.0,0.0
2024-04-03 13:00:00+08:00,104.5,104.5,104.5,104.5,9000,0.0,0.0
2024-04-08 09:00:00+08:00,104.5,104.5,103.5,104.0,0,0.0,0.0
2024-04-08 10:00:00+08:00,103.0,104.0,103.0,104.0,2060,0.0,0.0
2024-04-08 11:00:00+08:00,103.0,103.5,103.0,103.5,23281,0.0,0.0
2024-04-08 12:00:00+08:00,103.5,103.5,102.5,102.5,9010,0.0,0.0
2024-04-08 13:00:00+08:00,102.5,102.5,102.5,102.5,8058,0.0,0.0
2024-04-09 09:00:00+08:00,103.0,103.5,102.0,103.5,0,0.0,0.0
2024-04-09 10:00:00+08:00,103.5,103.5,103.5,103.5,65161,0.0,0.0
2024-04-09 11:00:00+08:00,103.5,103.5,101.5,103.5,98475,0.0,0.0
2024-04-09 12:00:00+08:00,103.5,103.5,103.0,103.5,4139,0.0,0.0
2024-04-09 13:00:00+08:00,102.5,103.5,102.5,103.5,2000,0.0,0.0
2024-04-10 09:00:00+08:00,102.5,105.5,102.5,103.0,0,0.0,0.0
2024-04-10 10:00:00+08:00,103.5,104.5,103.5,104.0,51292,0.0,0.0
2024-04-10 11:00:00+08:00,104.0,104.5,104.0,104.5,5001,0.0,0.0
2024-04-10 12:00:00+08:00,104.5,104.5,103.5,104.5,16210,0.0,0.0
2024-04-10 13:00:00+08:00,103.5,104.5,103.5,104.0,12040,0.0,0.0
2024-04-11 09:00:00+08:00,102.5,103.0,102.0,103.0,0,0.0,0.0
2024-04-11 10:00:00+08:00,103.0,103.5,103.0,103.5,101300,0.0,0.0
2024-04-11 11:00:00+08:00,103.5,103.5,103.0,103.5,100029,0.0,0.0
2024-04-11 12:00:00+08:00,103.5,104.0,103.5,104.0,161289,0.0,0.0
2024-04-11 13:00:00+08:00,104.0,104.5,104.0,104.0,67030,0.0,0.0
2024-04-12 09:00:00+08:00,104.5,105.0,104.0,104.5,261609,0.0,0.0
2024-04-12 10:00:00+08:00,104.5,105.0,103.0,103.5,71357,0.0,0.0
2024-04-12 11:00:00+08:00,103.0,103.5,103.0,103.5,36625,0.0,0.0
2024-04-12 12:00:00+08:00,103.5,104.0,103.0,103.0,27002,0.0,0.0
2024-04-12 13:00:00+08:00,103.5,104.5,102.5,104.5,48120,0.0,0.0
2024-04-15 09:00:00+08:00,104.0,104.0,102.5,104.0,0,0.0,0.0
2024-04-15 10:00:00+08:00,104.0,104.0,103.0,103.5,23102,0.0,0.0
2024-04-15 11:00:00+08:00,102.5,103.0,102.0,103.0,29150,0.0,0.0
2024-04-15 12:00:00+08:00,103.0,103.0,101.5,103.0,43050,0.0,0.0
2024-04-15 13:00:00+08:00,103.0,103.0,102.5,102.5,10000,0.0,0.0
2024-04-16 09:00:00+08:00,101.0,101.0,98.5999984741211,99.30000305175781,0,0.0,0.0
2024-04-16 10:00:00+08:00,98.80000305175781,99.0999984741211,98.5999984741211,98.80000305175781,52590,0.0,0.0
2024-04-16 11:00:00+08:00,98.80000305175781,100.0,98.80000305175781,99.5,180244,0.0,0.0
2024-04-16 12:00:00+08:00,99.69999694824219,100.0,99.0,100.0,32308,0.0,0.0
2024-04-16 13:00:00+08:00,100.0,100.0,99.5,99.9000015258789,10000,0.0,0.0
2024-04-17 09:00:00+08:00,99.4000015258789,101.0,99.4000015258789,101.0,0,0.0,0.0
2024-04-17 10:00:00+08:00,101.0,102.5,101.0,102.5,75010,0.0,0.0
2024-04-17 11:00:00+08:00,102.5,102.5,102.0,102.5,16100,0.0,0.0
2024-04-17 12:00:00+08:00,102.5,102.5,102.5,102.5,2010,0.0,0.0
2024-04-17 13:00:00+08:00,102.5,104.0,102.5,104.0,50731,0.0,0.0
2024-04-18 09:00:00+08:00,103.5,105.0,103.5,104.0,156653,0.0,0.0
2024-04-18 10:00:00+08:00,104.0,104.0,103.0,104.0,32701,0.0,0.0
2024-04-18 11:00:00+08:00,104.0,104.0,102.5,102.5,21112,0.0,0.0
2024-04-18 12:00:00+08:00,103.0,103.5,103.0,103.5,14001,0.0,0.0
2024-04-18 13:00:00+08:00,103.5,103.5,103.0,103.5,7000,0.0,0.0
2024-04-19 09:00:00+08:00,102.0,103.0,100.0,100.5,0,0.0,0.0
2024-04-19 10:00:00+08:00,100.0,100.0,98.0,98.0,69369,0.0,0.0
2024-04-19 11:00:00+08:00,98.0,99.5,98.0,99.5,55692,0.0,0.0
2024-04-19 12:00:00+08:00,99.5,100.5,99.5,100.5,64500,0.0,0.0
2024-04-19 13:00:00+08:00,100.5,100.5,99.69999694824219,100.0,28000,0.0,0.0
2024-04-22 09:00:00+08:00,100.5,101.0,99.80000305175781,100.5,0,0.0,0.0
2024-04-22 10:00:00+08:00,100.5,100.5,98.4000015258789,99.0,51171,0.0,0.0
2024-04-22 11:00:00+08:00,98.80000305175781,99.0999984741211,98.5,99.0999984741211,22000,0.0,0.0
2024-04-22 12:00:00+08:00,98.5,99.0,97.30000305175781,98.80000305175781,63400,0.0,0.0
2024-04-22 13:00:00+08:00,99.0,99.5,98.69999694824219,99.5,15000,0.0,0.0
2024-04-23 09:00:00+08:00,100.0,100.5,98.80000305175781,99.0,0,0.0,0.0
2024-04-23 10:00:00+08:00,98.5999984741211,99.0,98.5999984741211,99.0,58072,0.0,0.0
2024-04-23 11:00:00+08:00,99.0,99.5,98.5999984741211,98.5999984741211,26035,0.0,0.0
2024-04-23 12:00:00+08:00,98.9000015258789,99.80000305175781,98.9000015258789,99.69999694824219,51010,0.0,0.0
2024-04-23 13:00:00+08:00,99.69999694824219,100.0,99.30000305175781,100.0,124010,0.0,0.0
2024-04-24 09:00:00+08:00,101.0,101.0,100.0,100.0,0,0.0,0.0
2024-04-24 10:00:00+08:00,100.5,100.5,100.0,100.0,126000,0.0,0.0
2024-04-24 11:00:00+08:00,100.0,100.0,99.5,100.0,43060,0.0,0.0
2024-04-24 12:00:00+08:00,100.0,100.0,99.5999984741211,99.5999984741211,8042,0.0,0.0
2024-04-24 13:00:00+08:00,100.0,100.0,99.5,100.0,17081,0.0,0.0
2024-04-25 09:00:00+08:00,99.5,99.5,98.69999694824219,99.0,30021,0.0,0.0
2024-04-25 10:00:00+08:00,99.0999984741211,99.5,99.0999984741211,99.5,9000,0.0,0.0
2024-04-25 11:00:00+08:00,99.5,99.5,99.0999984741211,99.5,21556,0.0,0.0
2024-04-25 12:00:00+08:00,99.5,99.5,99.0,99.5,55013,0.0,0.0
2024-04-25 13:00:00+08:00,99.5,99.5999984741211,99.30000305175781,99.5999984741211,25016,0.0,0.0
2024-04-26 09:00:00+08:00,100.0,103.5,99.80000305175781,103.0,62595,0.0,0.0
2024-04-26 10:00:00+08:00,103.0,103.0,101.0,101.0,29020,0.0,0.0
2024-04-26 11:00:00+08:00,100.5,101.0,100.0,100.0,11004,0.0,0.0
2024-04-26 12:00:00+08:00,100.5,102.0,100.0,101.5,18282,0.0,0.0
2024-04-26 13:00:00+08:00,101.5,102.0,101.0,101.5,15000,0.0,0.0
2024-04-29 09:00:00+08:00,100.5,101.5,100.5,101.5,0,0.0,0.0
2024-04-29 10:00:00+08:00,101.0,101.0,101.0,101.0,1000,0.0,0.0
2024-04-29 11:00:00+08:00,101.0,101.0,101.0,101.0,3020,0.0,0.0
2024-04-29 12:00:00+08:00,101.0,101.5,100.5,101.5,17000,0.0,0.0
2024-04-29 13:00:00+08:00,100.5,102.0,100.5,101.5,13020,0.0,0.0
2024-04-30 09:00:00+08:00,101.0,102.5,101.0,102.0,0,0.0,0.0
2024-04-30 10:00:00+08:00,101.5,101.5,101.0,101.0,83000,0.0,0.0
2024-04-30 11:00:00+08:00,101.0,101.5,100.5,101.5,12002,0.0,0.0
2024-04-30 12:00:00+08:00,101.5,101.5,101.0,101.5,12100,0.0,0.0
2024-04-30 13:00:00+08:00,101.5,101.5,101.0,101.0,4000,0.0,0.0
2024-05-02 09:00:00+08:00,102.0,102.0,100.5,101.0,0,0.0,0.0
2024-05-02 10:00:00+08:00,101.0,101.5,101.0,101.5,4205,0.0,0.0
2024-05-02 11:00:00+08:00,101.0,102.0,101.0,101.5,5310,0.0,0.0
2024-05-02 12:00:00+08:00,101.5,101.5,101.0,101.5,7000,0.0,0.0
2024-05-02 13:00:00+08:00,101.5,102.0,101.5,102.0,7000,0.0,0.0
2024-05-03 09:00:00+08:00,102.5,102.5,101.5,101.5,0,0.0,0.0
2024-05-03 10:00:00+08:00,101.5,102.0,101.5,101.5,3180,0.0,0.0
2024-05-03 11:00:00+08:00,102.0,102.0,102.0,102.0,3370,0.0,0.0
2024-05-03 12:00:00+08:00,102.0,102.0,101.5,101.5,12060,0.0,0.0
2024-05-03 13:00:00+08:00,101.5,102.0,101.5,102.0,2470,0.0,0.0
2024-05-06 10:00:00+08:00,102.0,102.0,102.0,102.0,5000,0.0,0.0
2024-05-06 11:00:00+08:00,102.0,102.0,102.0,102.0,109100,0.0,0.0
2024-05-06 12:00:00+08:00,102.0,102.0,102.0,102.0,4020,0.0,0.0
2024-05-06 13:00:00+08:00,102.5,103.0,102.5,103.0,11000,0.0,0.0
2024-05-07 09:00:00+08:00,103.0,103.0,102.0,102.5,23001,0.0,0.0
2024-05-07 11:00:00+08:00,102.0,103.5,102.0,103.5,44680,0.0,0.0
2024-05-07 12:00:00+08:00,103.5,104.5,103.5,104.0,119846,0.0,0.0
2024-05-07 13:00:00+08:00,104.0,104.0,103.5,103.5,8015,0.0,0.0
2024-05-08 09:00:00+08:00,103.0,103.5,102.5,103.5,0,0.0,0.0
2024-05-08 10:00:00+08:00,103.0,103.0,102.5,102.5,8204,0.0,0.0
2024-05-08 11:00:00+08:00,103.0,103.0,103.0,103.0,5025,0.0,0.0
2024-05-08 12:00:00+08:00,103.5,103.5,103.0,103.0,2010,0.0,0.0
2024-05-08 13:00:00+08:00,103.0,103.0,102.5,102.5,4010,0.0,0.0
2024-05-09 09:00:00+08:00,103.0,103.0,102.0,102.5,0,0.0,0.0
2024-05-09 10:00:00+08:00,103.0,103.0,100.0,101.0,31215,0.0,0.0
2024-05-09 11:00:00+08:00,101.5,102.5,101.5,102.5,8000,0.0,0.0
2024-05-09 12:00:00+08:00,102.5,103.0,102.5,102.5,14045,0.0,0.0
2024-05-09 13:00:00+08:00,102.5,103.0,102.0,103.0,8000,0.0,0.0
2024-05-10 09:00:00+08:00,104.0,107.0,103.0,105.0,76448,0.0,0.0
2024-05-10 10:00:00+08:00,104.5,104.5,104.0,104.0,10002,0.0,0.0
2024-05-10 11:00:00+08:00,104.5,104.5,104.0,104.5,10015,0.0,0.0
2024-05-10 12:00:00+08:00,104.5,105.0,104.0,104.5,59585,0.0,0.0
2024-05-10 13:00:00+08:00,104.5,104.5,104.0,104.5,7010,0.0,0.0
2024-05-13 09:00:00+08:00,105.0,105.0,104.0,105.0,0,0.0,0.0
2024-05-13 10:00:00+08:00,105.0,107.5,105.0,106.0,79126,0.0,0.0
2024-05-13 11:00:00+08:00,106.5,107.0,106.0,107.0,40604,0.0,0.0
2024-05-13 12:00:00+08:00,107.5,107.5,106.0,106.0,25151,0.0,0.0
2024-05-13 13:00:00+08:00,107.0,107.0,106.5,106.5,13049,0.0,0.0
2024-05-14 09:00:00+08:00,107.0,107.5,106.5,107.0,0,0.0,0.0
2024-05-14 10:00:00+08:00,107.0,107.0,106.0,106.5,17474,0.0,0.0
2024-05-14 11:00:00+08:00,106.0,106.0,106.0,106.0,16125,0.0,0.0
2024-05-14 12:00:00+08:00,106.0,106.5,106.0,106.5,8009,0.0,0.0
2024-05-14 13:00:00+08:00,107.0,107.0,106.0,106.5,19400,0.0,0.0
2024-05-15 09:00:00+08:00,108.5,108.5,107.0,108.0,0,0.0,0.0
2024-05-15 10:00:00+08:00,108.0,108.0,106.5,107.5,52325,0.0,0.0
2024-05-15 11:00:00+08:00,107.5,107.5,106.5,106.5,28000,0.0,0.0
2024-05-15 12:00:00+08:00,107.0,107.0,106.5,107.0,19162,0.0,0.0
2024-05-15 13:00:00+08:00,106.0,107.0,106.0,107.0,8000,0.0,0.0
2024-05-16 09:00:00+08:00,107.5,107.5,106.5,106.5,38754,0.0,0.0
2024-05-16 10:00:00+08:00,106.0,107.5,105.5,107.0,146306,0.0,0.0
2024-05-16 11:00:00+08:00,106.5,107.0,106.5,106.5,31002,0.0,0.0
2024-05-16 12:00:00+08:00,106.0,106.5,105.5,106.0,25500,0.0,0.0
2024-05-16 13:00:00+08:00,106.5,106.5,105.5,106.0,25212,0.0,0.0
2024-05-17 09:00:00+08:00,106.0,106.5,105.5,106.5,0,0.0,0.0
2024-05-17 10:00:00+08:00,106.5,106.5,105.5,106.0,6000,0.0,0.0
2024-05-17 11:00:00+08:00,105.5,106.5,105.5,106.5,8120,0.0,0.0
2024-05-17 12:00:00+08:00,106.5,106.5,106.0,106.5,3200,0.0,0.0
2024-05-17 13:00:00+08:00,106.5,106.5,106.5,106.5,3000,0.0,0.0
2024-05-20 09:00:00+08:00,105.5,106.5,105.0,106.5,0,0.0,0.0
2024-05-20 10:00:00+08:00,106.0,106.5,106.0,106.5,7000,0.0,0.0
2024-05-20 11:00:00+08:00,106.5,107.0,106.5,106.5,9225,0.0,0.0
2024-05-20 12:00:00+08:00,106.0,106.5,105.0,106.5,14005,0.0,0.0
2024-05-20 13:00:00+08:00,106.0,106.5,105.5,106.5,11128,0.0,0.0
2024-05-21 09:00:00+08:00,106.5,106.5,105.5,105.5,0,0.0,0.0
2024-05-21 10:00:00+08:00,105.5,106.0,105.5,106.0,4000,0.0,0.0
2024-05-21 11:00:00+08:00,106.0,106.0,105.5,106.0,14289,0.0,0.0
2024-05-21 12:00:00+08:00,106.0,106.0,105.5,106.0,10150,0.0,0.0
2024-05-21 13:00:00+08:00,106.5,106.5,106.0,106.0,4000,0.0,0.0
2024-05-22 09:00:00+08:00,106.5,106.5,106.0,106.0,0,0.0,0.0
2024-05-22 10:00:00+08:00,106.0,106.5,106.0,106.5,2066,0.0,0.0
2024-05-22 11:00:00+08:00,105.5,106.5,105.5,105.5,17046,0.0,0.0
2024-05-22 12:00:00+08:00,105.5,106.0,105.5,106.0,20000,0.0,0.0
2024-05-22 13:00:00+08:00,106.0,106.5,106.0,106.5,15000,0.0,0.0
2024-05-23 09:00:00+08:00,106.0,106.0,105.5,105.5,0,0.0,0.0
2024-05-23 10:00:00+08:00,105.0,105.0,104.0,105.0,23220,0.0,0.0
2024-05-23 11:00:00+08:00,105.5,105.5,104.5,105.5,0,0.0,0.0
2024-05-23 12:00:00+08:00,105.5,105.5,105.5,105.5,38520,0.0,0.0
2024-05-23 13:00:00+08:00,105.5,105.5,105.5,105.5,2000,0.0,0.0
2024-05-24 09:00:00+08:00,104.5,105.5,104.0,105.5,15400,0.0,0.0
2024-05-24 10:00:00+08:00,105.5,105.5,105.5,105.5,4000,0.0,0.0
2024-05-24 11:00:00+08:00,105.0,105.5,105.0,105.5,6000,0.0,0.0
2024-05-24 12:00:00+08:00,105.5,105.5,104.5,105.5,6724,0.0,0.0
2024-05-24 13:00:00+08:00,105.0,105.5,104.5,105.5,12026,0.0,0.0
2024-05-27 09:00:00+08:00,105.0,106.0,105.0,105.5,0,0.0,0.0
2024-05-27 10:00:00+08:00,105.5,106.0,105.5,105.5,6280,0.0,0.0
2024-05-27 11:00:00+08:00,105.5,105.5,105.0,105.0,12020,0.0,0.0
2024-05-27 12:00:00+08:00,105.5,106.0,105.5,105.5,14100,0.0,0.0
2024-05-27 13:00:00+08:00,105.5,106.0,105.5,105.5,7022,0.0,0.0
2024-05-28 09:00:00+08:00,106.0,106.0,105.0,105.5,0,0.0,0.0
2024-05-28 10:00:00+08:00,105.5,106.0,105.5,106.0,14112,0.0,0.0
2024-05-28 11:00:00+08:00,106.0,106.0,105.5,106.0,14100,0.0,0.0
2024-05-28 12:00:00+08:00,106.0,106.0,105.5,105.5,9000,0.0,0.0
2024-05-28 13:00:00+08:00,105.5,106.0,105.5,106.0,5000,0.0,0.0
2024-05-29 09:00:00+08:00,105.5,109.0,105.5,108.0,36897,0.0,0.0
2024-05-29 10:00:00+08:00,108.0,110.5,108.0,110.0,210391,0.0,0.0
2024-05-29 11:00:00+08:00,109.5,109.5,107.0,108.0,166497,0.0,0.0
2024-05-29 12:00:00+08:00,108.0,109.0,107.5,108.5,22785,0.0,0.0
2024-05-29 13:00:00+08:00,108.0,108.5,107.5,107.5,20287,0.0,0.0
2024-05-30 09:00:00+08:00,108.5,110.0,107.0,109.5,0,0.0,0.0
2024-05-30 10:00:00+08:00,109.5,110.5,109.5,110.5,56512,0.0,0.0
2024-05-30 11:00:00+08:00,110.5,118.5,110.5,118.5,776832,0.0,0.0
2024-05-30 12:00:00+08:00,118.5,118.5,117.0,118.5,321292,0.0,0.0
2024-05-30 13:00:00+08:00,118.5,118.5,116.5,116.5,111546,0.0,0.0
2024-05-31 09:00:00+08:00,115.0,115.0,107.5,108.5,0,0.0,0.0
2024-05-31 10:00:00+08:00,108.0,108.0,105.0,105.5,367097,0.0,0.0
2024-05-31 11:00:00+08:00,105.5,105.5,105.0,105.5,75727,0.0,0.0
2024-05-31 12:00:00+08:00,105.5,106.0,105.0,105.0,137964,0.0,0.0
2024-05-31 13:00:00+08:00,105.0,105.0,105.0,105.0,15801,0.0,0.0
2024-06-03 09:00:00+08:00,105.0,106.0,103.5,105.0,0,0.0,0.0
2024-06-03 10:00:00+08:00,104.5,105.5,104.0,105.5,32292,0.0,0.0
2024-06-03 11:00:00+08:00,105.5,106.5,105.5,105.5,47120,0.0,0.0
2024-06-03 12:00:00+08:00,105.5,105.5,104.5,105.5,31125,0.0,0.0
2024-06-03 13:00:00+08:00,106.0,106.0,105.0,105.0,17115,0.0,0.0
2024-06-04 09:00:00+08:00,105.5,107.5,105.5,107.5,0,0.0,0.0
2024-06-04 10:00:00+08:00,107.5,109.0,107.0,107.5,139318,0.0,0.0
2024-06-04 11:00:00+08:00,107.0,107.5,107.0,107.0,27141,0.0,0.0
2024-06-04 12:00:00+08:00,107.0,107.5,106.0,106.5,23510,0.0,0.0
2024-06-04 13:00:00+08:00,106.5,107.0,106.0,106.5,28006,0.0,0.0
2024-06-05 09:00:00+08:00,107.0,107.0,105.0,105.5,0,0.0,0.0
2024-06-05 10:00:00+08:00,105.5,106.5,105.5,106.0,12119,0.0,0.0
2024-06-05 11:00:00+08:00,105.5,105.5,104.5,105.0,44441,0.0,0.0
2024-06-05 12:00:00+08:00,105.5,106.0,105.5,105.5,12169,0.0,0.0
2024-06-05 13:00:00+08:00,106.0,106.5,105.5,106.5,10003,0.0,0.0
2024-06-06 09:00:00+08:00,107.0,108.5,106.5,107.5,0,0.0,0.0
2024-06-06 11:00:00+08:00,106.5,107.0,106.0,107.0,21126,0.0,0.0
2024-06-06 12:00:00+08:00,107.5,107.5,107.0,107.5,15059,0.0,0.0
2024-06-06 13:00:00+08:00,107.0,107.5,107.0,107.0,8010,0.0,0.0
2024-06-07 09:00:00+08:00,108.5,111.0,107.5,111.0,43598,0.0,0.0
2024-06-07 10:00:00+08:00,111.0,115.0,111.0,113.5,249632,0.0,0.0
2024-06-07 11:00:00+08:00,113.0,114.0,112.5,113.0,53345,0.0,0.0
2024-06-07 12:00:00+08:00,112.5,114.0,112.5,113.5,57770,0.0,0.0
2024-06-07 13:00:00+08:00,113.0,113.5,113.0,113.0,21072,0.0,0.0
2024-06-11 09:00:00+08:00,112.0,113.0,111.5,111.5,0,0.0,0.0
2024-06-11 10:00:00+08:00,111.5,112.0,110.5,112.0,41436,0.0,0.0
2024-06-11 11:00:00+08:00,111.5,112.0,110.5,111.0,19185,0.0,0.0
2024-06-11 12:00:00+08:00,111.0,112.0,110.5,111.5,18000,0.0,0.0
2024-06-11 13:00:00+08:00,111.5,111.5,110.5,111.5,11006,0.0,0.0
2024-06-12 09:00:00+08:00,113.5,114.0,111.0,111.5,0,0.0,0.0
2024-06-12 10:00:00+08:00,111.5,111.5,110.0,111.5,76744,0.0,0.0
2024-06-12 11:00:00+08:00,111.5,111.5,111.0,111.0,6150,0.0,0.0
2024-06-12 12:00:00+08:00,111.5,111.5,110.5,111.5,20135,0.0,0.0
2024-06-12 13:00:00+08:00,111.5,112.5,111.5,112.5,16859,0.0,0.0
2024-06-13 09:00:00+08:00,112.5,113.0,112.0,112.0,0,0.0,0.0
2024-06-13 10:00:00+08:00,112.5,113.0,112.0,112.5,28405,0.0,0.0
2024-06-13 11:00:00+08:00,113.0,113.0,112.0,112.5,17250,0.0,0.0
2024-06-13 12:00:00+08:00,112.5,113.0,112.5,113.0,9310,0.0,0.0
2024-06-13 13:00:00+08:00,112.0,113.0,112.0,113.0,24000,0.0,0.0
2024-06-14 09:00:00+08:00,113.0,116.0,113.0,113.5,0,0.0,0.0
2024-06-14 10:00:00+08:00,113.5,114.0,113.0,113.0,7273,0.0,0.0
2024-06-14 11:00:00+08:00,113.0,113.5,113.0,113.5,20568,0.0,0.0
2024-06-14 12:00:00+08:00,112.5,113.0,112.5,113.0,21901,0.0,0.0
2024-06-14 13:00:00+08:00,113.0,113.0,112.5,112.5,40195,0.0,0.0
2024-06-17 09:00:00+08:00,112.0,112.0,109.0,109.0,0,0.0,0.0
2024-06-17 10:00:00+08:00,109.5,110.0,108.5,109.0,26862,0.0,0.0
2024-06-17 11:00:00+08:00,109.5,110.0,109.0,110.0,12505,0.0,0.0
2024-06-17 12:00:00+08:00,110.5,111.5,110.5,111.5,25100,0.0,0.0
2024-06-17 13:00:00+08:00,111.0,111.5,111.0,111.5,17000,0.0,0.0
2024-06-18 09:00:00+08:00,111.0,112.0,110.5,110.5,0,0.0,0.0
2024-06-18 10:00:00+08:00,111.5,111.5,109.5,110.5,22557,0.0,0.0
2024-06-18 11:00:00+08:00,109.5,109.5,109.0,109.5,13609,0.0,0.0
2024-06-18 12:00:00+08:00,109.5,110.0,109.0,109.5,15000,0.0,0.0
2024-06-18 13:00:00+08:00,109.5,109.5,109.0,109.5,8025,0.0,0.0
2024-06-19 09:00:00+08:00,109.0,110.0,108.5,108.5,0,0.0,0.0
2024-06-19 10:00:00+08:00,108.5,108.5,108.5,108.5,14227,0.0,0.0
2024-06-19 11:00:00+08:00,108.5,109.0,108.0,108.5,29014,0.0,0.0
2024-06-19 12:00:00+08:00,109.0,109.0,108.0,108.0,25396,0.0,0.0
2024-06-19 13:00:00+08:00,108.5,109.0,108.0,109.0,9126,0.0,0.0
2024-06-20 10:00:00+08:00,109.0,109.0,108.5,109.0,13004,0.0,0.0
2024-06-20 11:00:00+08:00,109.0,109.0,108.5,109.0,9635,0.0,0.0
2024-06-20 13:00:00+08:00,108.5,109.0,108.0,108.5,8030,0.0,0.0
2024-06-21 09:00:00+08:00,109.0,109.5,108.5,109.5,0,0.0,0.0
2024-06-21 10:00:00+08:00,109.5,110.0,109.0,109.5,15020,0.0,0.0
2024-06-21 11:00:00+08:00,110.0,110.0,108.5,109.0,9355,0.0,0.0
2024-06-21 12:00:00+08:00,109.0,109.5,109.0,109.0,5205,0.0,0.0
2024-06-21 13:00:00+08:00,109.0,109.0,108.5,109.0,4705,0.0,0.0
2024-06-24 09:00:00+08:00,109.0,109.0,108.0,108.0,0,0.0,0.0
2024-06-24 10:00:00+08:00,108.0,108.0,108.0,108.0,4855,0.0,0.0
2024-06-24 11:00:00+08:00,108.0,108.0,107.5,108.0,14000,0.0,0.0
2024-06-24 12:00:00+08:00,108.5,108.5,107.5,108.0,9010,0.0,0.0
2024-06-24 13:00:00+08:00,107.5,108.5,107.5,108.5,3095,0.0,0.0
2024-06-25 09:00:00+08:00,107.5,109.5,106.5,107.0,0,0.0,0.0
2024-06-25 10:00:00+08:00,108.0,108.0,107.5,108.0,3080,0.0,0.0
2024-06-25 11:00:00+08:00,107.0,108.0,107.0,108.0,2133,0.0,0.0
2024-06-25 12:00:00+08:00,107.5,111.0,107.5,111.0,20725,0.0,0.0
2024-06-25 13:00:00+08:00,111.0,111.5,109.5,110.0,34501,0.0,0.0
2024-06-26 09:00:00+08:00,109.5,110.0,109.5,110.0,0,0.0,0.0
2024-06-26 10:00:00+08:00,110.0,110.5,110.0,110.0,17207,0.0,0.0
2024-06-26 11:00:00+08:00,110.0,110.0,109.5,109.5,4196,0.0,0.0
2024-06-26 12:00:00+08:00,109.5,113.0,109.5,112.0,98555,0.0,0.0
2024-06-26 13:00:00+08:00,111.5,112.0,110.5,112.0,21265,0.0,0.0
2024-06-27 09:00:00+08:00,112.0,112.0,111.0,111.0,0,0.0,0.0
2024-06-27 10:00:00+08:00,110.5,111.0,110.0,110.0,16054,0.0,0.0
2024-06-27 11:00:00+08:00,110.5,110.5,109.0,109.5,10005,0.0,0.0
2024-06-27 12:00:00+08:00,109.5,113.0,109.5,112.5,168818,0.0,0.0
2024-06-27 13:00:00+08:00,112.5,113.5,112.5,112.5,19313,0.0,0.0
2024-06-28 09:00:00+08:00,113.0,113.0,112.0,113.0,0,0.0,0.0
2024-06-28 10:00:00+08:00,113.0,113.0,112.0,112.5,7221,0.0,0.0
2024-06-28 11:00:00+08:00,112.5,113.0,112.5,112.5,6032,0.0,0.0
2024-06-28 12:00:00+08:00,112.0,112.5,111.0,112.5,14206,0.0,0.0
2024-06-28 13:00:00+08:00,112.0,112.0,111.5,112.0,5000,0.0,0.0
2024-07-01 09:00:00+08:00,111.5,112.5,111.5,112.5,0,0.0,0.0
2024-07-01 10:00:00+08:00,111.5,112.5,111.5,111.5,10276,0.0,0.0
2024-07-01 11:00:00+08:00,111.5,111.5,109.5,110.0,20200,0.0,0.0
2024-07-01 12:00:00+08:00,110.0,111.0,109.5,109.5,36000,0.0,0.0
2024-07-01 13:00:00+08:00,110.5,110.5,109.5,110.5,13335,0.0,0.0
2024-07-02 09:00:00+08:00,110.0,110.0,108.5,108.5,12149,0.0,0.0
2024-07-02 10:00:00+08:00,109.5,110.0,109.0,109.0,3117,0.0,0.0
2024-07-02 11:00:00+08:00,108.5,109.0,108.5,108.5,13002,0.0,0.0
2024-07-02 12:00:00+08:00,108.0,108.5,108.0,108.5,21069,0.0,0.0
2024-07-02 13:00:00+08:00,108.0,108.0,108.0,108.0,2000,0.0,0.0
2024-07-03 09:00:00+08:00,109.5,109.5,108.5,109.0,0,0.0,0.0
2024-07-03 10:00:00+08:00,109.0,109.5,108.5,108.5,9593,0.0,0.0
2024-07-03 11:00:00+08:00,109.0,109.0,109.0,109.0,1000,0.0,0.0
2024-07-03 12:00:00+08:00,108.0,108.0,107.0,108.0,14086,0.0,0.0
2024-07-03 13:00:00+08:00,108.0,108.0,107.0,108.0,16228,0.0,0.0
2024-07-04 09:00:00+08:00,111.0,111.0,108.5,109.5,0,0.0,0.0
2024-07-04 10:00:00+08:00,109.5,113.0,109.5,113.0,48416,0.0,0.0
2024-07-04 11:00:00+08:00,113.0,116.0,113.0,115.0,300102,0.0,0.0
2024-07-04 12:00:00+08:00,114.5,117.0,114.5,116.0,273776,0.0,0.0
2024-07-04 13:00:00+08:00,116.0,118.0,115.0,116.0,161314,0.0,0.0
2024-07-05 09:00:00+08:00,116.0,123.0,114.5,118.5,0,0.0,0.0
2024-07-05 10:00:00+08:00,118.5,120.5,118.0,118.5,132964,0.0,0.0
2024-07-05 11:00:00+08:00,118.5,119.0,116.5,118.0,96353,0.0,0.0
2024-07-05 12:00:00+08:00,118.0,119.5,116.5,117.5,62475,0.0,0.0
2024-07-05 13:00:00+08:00,117.5,118.0,116.0,118.0,51150,0.0,0.0
2024-07-08 09:00:00+08:00,119.0,120.5,116.5,118.5,0,0.0,0.0
2024-07-08 10:00:00+08:00,118.5,118.5,118.0,118.0,16358,0.0,0.0
2024-07-08 11:00:00+08:00,118.0,118.0,117.0,117.0,24589,0.0,0.0
2024-07-08 12:00:00+08:00,117.0,117.5,116.5,117.5,49052,0.0,0.0
2024-07-08 13:00:00+08:00,118.0,119.5,118.0,119.5,97534,0.0,0.0
2024-07-09 09:00:00+08:00,119.5,119.5,113.5,114.0,86999,0.0,0.0
2024-07-09 10:00:00+08:00,114.0,117.0,113.5,116.0,55658,0.0,0.0
2024-07-09 11:00:00+08:00,116.0,117.0,115.5,116.5,41036,0.0,0.0
2024-07-09 12:00:00+08:00,116.0,116.5,115.0,115.0,38502,0.0,0.0
2024-07-09 13:00:00+08:00,115.5,117.5,115.5,117.5,23052,0.0,0.0
2024-07-10 09:00:00+08:00,113.0,114.0,107.5,107.5,88161,0.0,0.0
2024-07-10 10:00:00+08:00,107.5,109.5,107.5,109.0,81205,0.0,0.0
2024-07-10 11:00:00+08:00,109.5,111.5,109.0,110.0,58472,0.0,0.0
2024-07-10 12:00:00+08:00,110.5,110.5,109.0,110.5,54467,0.0,0.0
2024-07-10 13:00:00+08:00,110.0,110.0,109.5,110.0,13386,0.0,0.0
2024-07-11 09:00:00+08:00,110.0,110.0,107.5,110.0,0,0.0,0.0
2024-07-11 10:00:00+08:00,110.0,110.5,109.0,109.0,28130,0.0,0.0
2024-07-11 11:00:00+08:00,109.0,110.0,108.5,109.5,21050,0.0,0.0
2024-07-11 12:00:00+08:00,109.5,109.5,109.0,109.5,21055,0.0,0.0
2024-07-11 13:00:00+08:00,109.5,109.5,109.0,109.5,17500,0.0,0.0
2024-07-12 09:00:00+08:00,109.5,110.0,108.5,109.0,0,0.0,0.0
2024-07-12 10:00:00+08:00,108.5,109.5,108.5,109.5,10010,0.0,0.0
2024-07-12 11:00:00+08:00,109.5,110.0,109.0,110.0,13036,0.0,0.0
2024-07-12 12:00:00+08:00,109.5,110.0,109.0,109.0,19060,0.0,0.0
2024-07-12 13:00:00+08:00,109.5,109.5,109.5,109.5,5000,0.0,0.0
2024-07-15 09:00:00+08:00,110.0,110.0,108.5,109.5,0,0.0,0.0
2024-07-15 10:00:00+08:00,109.5,109.5,108.5,109.0,9040,0.0,0.0
2024-07-15 11:00:00+08:00,109.5,110.0,109.0,109.0,13000,0.0,0.0
2024-07-15 12:00:00+08:00,109.5,109.5,109.0,109.5,6000,0.0,0.0
2024-07-15 13:00:00+08:00,109.5,109.5,109.0,109.0,6000,0.0,0.0
2024-07-16 09:00:00+08:00,110.5,112.0,110.0,111.0,0,0.0,0.0
2024-07-16 10:00:00+08:00,110.0,112.0,109.5,111.0,54379,0.0,0.0
2024-07-16 11:00:00+08:00,111.0,111.0,109.5,109.5,17000,0.0,0.0
2024-07-16 12:00:00+08:00,110.0,110.0,110.0,110.0,7010,0.0,0.0
2024-07-16 13:00:00+08:00,110.0,110.0,109.5,110.0,10000,0.0,0.0
2024-07-17 09:00:00+08:00,109.5,109.5,109.0,109.0,7620,0.0,0.0
2024-07-17 10:00:00+08:00,108.5,108.5,107.5,107.5,57060,0.0,0.0
2024-07-17 11:00:00+08:00,107.5,107.5,106.5,107.0,61131,0.0,0.0
2024-07-17 12:00:00+08:00,106.5,108.0,106.5,108.0,30762,0.0,0.0
2024-07-17 13:00:00+08:00,107.5,108.0,107.5,108.0,5110,0.0,0.0
2024-07-18 09:00:00+08:00,107.0,107.5,106.0,107.5,0,0.0,0.0
2024-07-18 10:00:00+08:00,106.5,107.0,105.0,106.0,21725,0.0,0.0
2024-07-18 11:00:00+08:00,106.5,106.5,105.0,106.0,19173,0.0,0.0
2024-07-18 12:00:00+08:00,106.0,106.0,106.0,106.0,14864,0.0,0.0
2024-07-18 13:00:00+08:00,106.5,106.5,106.5,106.5,1200,0.0,0.0
2024-07-19 09:00:00+08:00,104.5,108.5,104.5,107.0,0,0.0,0.0
2024-07-19 10:00:00+08:00,107.0,107.5,106.5,107.5,19170,0.0,0.0
2024-07-19 11:00:00+08:00,107.0,107.5,107.0,107.5,3400,0.0,0.0
2024-07-19 13:00:00+08:00,106.5,106.5,105.5,106.0,13020,0.0,0.0
2024-07-22 09:00:00+08:00,106.0,106.0,101.5,101.5,6473,0.0,0.0
2024-07-22 10:00:00+08:00,101.5,105.0,101.5,105.0,37255,0.0,0.0
2024-07-22 11:00:00+08:00,105.0,105.0,104.5,104.5,5090,0.0,0.0
2024-07-22 12:00:00+08:00,103.5,103.5,102.0,102.0,46141,0.0,0.0
2024-07-22 13:00:00+08:00,103.5,103.5,103.0,103.5,9000,0.0,0.0
2024-07-23 09:00:00+08:00,104.5,104.5,104.5,104.5,4348,0.0,0.0
2024-07-23 10:00:00+08:00,104.5,104.5,102.5,102.5,17111,0.0,0.0
2024-07-23 11:00:00+08:00,102.5,103.5,100.0,101.5,123485,0.0,0.0
2024-07-23 12:00:00+08:00,102.0,102.5,101.5,101.5,29067,0.0,0.0
2024-07-23 13:00:00+08:00,101.5,102.5,101.5,102.5,8000,0.0,0.0
2024-07-26 09:00:00+08:00,100.0,100.0,98.4000015258789,99.0,0,0.0,0.0
2024-07-26 10:00:00+08:00,99.9000015258789,101.5,99.80000305175781,101.5,14000,0.0,0.0
2024-07-26 11:00:00+08:00,101.5,101.5,99.5,100.0,17017,0.0,0.0
2024-07-26 12:00:00+08:00,100.5,101.0,100.0,101.0,8092,0.0,0.0
2024-07-26 13:00:00+08:00,101.5,102.0,101.5,102.0,5000,0.0,0.0
2024-07-29 09:00:00+08:00,102.0,102.0,101.0,101.0,0,0.0,0.0
2024-07-29 10:00:00+08:00,101.0,101.5,100.0,100.0,11100,0.0,0.0
2024-07-29 11:00:00+08:00,100.0,102.0,100.0,102.0,11013,0.0,0.0
2024-07-29 12:00:00+08:00,102.0,102.0,101.0,101.0,8100,0.0,0.0
2024-07-29 13:00:00+08:00,100.5,101.0,100.5,101.0,12000,0.0,0.0
2024-07-30 09:00:00+08:00,99.19999694824219,100.5,99.0999984741211,100.5,0,0.0,0.0
2024-07-30 10:00:00+08:00,100.0,100.5,99.5,100.5,6000,0.0,0.0
2024-07-30 11:00:00+08:00,100.0,101.5,100.0,101.5,12015,0.0,0.0
2024-07-30 12:00:00+08:00,101.0,102.0,101.0,102.0,9000,0.0,0.0
2024-07-30 13:00:00+08:00,102.5,102.5,102.0,102.0,4000,0.0,0.0
2024-07-31 09:00:00+08:00,102.5,102.5,101.0,102.0,0,0.0,0.0
2024-07-31 10:00:00+08:00,102.0,102.5,101.5,102.5,10024,0.0,0.0
2024-07-31 12:00:00+08:00,102.0,102.0,102.0,102.0,1058,0.0,0.0
2024-08-01 09:00:00+08:00,103.5,104.0,103.5,104.0,0,0.0,0.0
2024-08-01 10:00:00+08:00,104.0,106.0,104.0,106.0,18113,0.0,0.0
2024-08-01 12:00:00+08:00,105.5,106.0,105.5,106.0,3000,0.0,0.0
2024-08-01 13:00:00+08:00,105.5,106.0,105.0,106.0,6000,0.0,0.0
2024-08-02 09:00:00+08:00,105.0,105.5,102.5,105.5,0,0.0,0.0
2024-08-02 10:00:00+08:00,103.5,103.5,103.5,103.5,2000,0.0,0.0
2024-08-02 11:00:00+08:00,103.5,104.5,103.5,104.5,7000,0.0,0.0
2024-08-02 12:00:00+08:00,104.5,104.5,102.0,102.5,10020,0.0,0.0
2024-08-02 13:00:00+08:00,103.5,105.0,103.5,105.0,5006,0.0,0.0
2024-08-05 09:00:00+08:00,100.5,100.5,95.0,95.0,58189,0.0,0.0
2024-08-05 10:00:00+08:00,95.0,96.9000015258789,95.0,95.0,15910,0.0,0.0
2024-08-05 11:00:00+08:00,95.5,95.5,95.0,95.0,6173,0.0,0.0
2024-08-05 12:00:00+08:00,95.0,95.0,95.0,95.0,46045,0.0,0.0
2024-08-05 13:00:00+08:00,95.0,95.0,95.0,95.0,2300,0.0,0.0
2024-08-06 09:00:00+08:00,97.80000305175781,97.80000305175781,85.5,85.9000015258789,57677,0.0,0.0
2024-08-06 10:00:00+08:00,85.9000015258789,89.0,85.5,88.80000305175781,547434,0.0,0.0
2024-08-06 11:00:00+08:00,88.80000305175781,95.9000015258789,88.80000305175781,95.5,33002,0.0,0.0
2024-08-06 12:00:00+08:00,95.5,95.5,91.0,91.0,15000,0.0,0.0
2024-08-06 13:00:00+08:00,93.0,93.0,93.0,93.0,5000,0.0,0.0
2024-08-07 09:00:00+08:00,93.80000305175781,95.9000015258789,90.69999694824219,95.80000305175781,0,0.0,0.0
2024-08-07 10:00:00+08:00,95.5999984741211,96.80000305175781,94.69999694824219,96.80000305175781,10001,0.0,0.0
2024-08-07 11:00:00+08:00,96.69999694824219,96.69999694824219,96.69999694824219,96.69999694824219,1051,0.0,0.0
2024-08-07 12:00:00+08:00,95.0999984741211,96.0,95.0,96.0,14000,0.0,0.0
2024-08-07 13:00:00+08:00,96.0,96.0,95.0,96.0,5000,0.0,0.0
2024-08-08 09:00:00+08:00,96.0,96.0,96.0,96.0,0,0.0,0.0
2024-08-08 10:00:00+08:00,95.0,96.0,94.30000305175781,96.0,28003,0.0,0.0
2024-08-08 11:00:00+08:00,96.4000015258789,96.4000015258789,96.4000015258789,96.4000015258789,1000,0.0,0.0
2024-08-08 12:00:00+08:00,94.9000015258789,96.30000305175781,94.9000015258789,96.0,6050,0.0,0.0
2024-08-08 13:00:00+08:00,95.5999984741211,96.0,95.5999984741211,96.0,3003,0.0,0.0
2024-08-09 09:00:00+08:00,94.9000015258789,96.0,94.0,95.5,0,0.0,0.0
2024-08-09 10:00:00+08:00,95.80000305175781,95.9000015258789,95.80000305175781,95.9000015258789,7014,0.0,0.0
2024-08-09 12:00:00+08:00,94.9000015258789,95.5999984741211,94.5,95.0999984741211,10010,0.0,0.0
2024-08-09 13:00:00+08:00,95.0999984741211,95.0999984741211,94.0,94.0,5200,0.0,0.0
2024-08-12 09:00:00+08:00,96.5,96.5,96.5,96.5,0,0.0,0.0
2024-08-12 10:00:00+08:00,93.19999694824219,96.0,93.19999694824219,96.0,3394,0.0,0.0
2024-08-12 12:00:00+08:00,95.69999694824219,95.69999694824219,95.69999694824219,95.69999694824219,1000,0.0,0.0
2024-08-12 13:00:00+08:00,95.30000305175781,95.80000305175781,95.30000305175781,95.80000305175781,6158,0.0,0.0
2024-08-13 09:00:00+08:00,95.9000015258789,96.0,95.9000015258789,96.0,0,0.0,0.0
2024-08-13 10:00:00+08:00,95.0,95.80000305175781,95.0,95.80000305175781,7100,0.0,0.0
2024-08-13 12:00:00+08:00,95.5,96.0,95.5,96.0,11010,0.0,0.0
2024-08-13 13:00:00+08:00,96.19999694824219,96.5,95.30000305175781,96.5,8780,0.0,0.0
2024-08-14 09:00:00+08:00,97.0,98.5999984741211,97.0,98.5999984741211,0,0.0,0.0
2024-08-14 10:00:00+08:00,98.4000015258789,98.4000015258789,98.0,98.0,5000,0.0,0.0
2024-08-14 11:00:00+08:00,98.5999984741211,98.5999984741211,97.5,97.5,3007,0.0,0.0
2024-08-14 12:00:00+08:00,98.5,98.5,97.5,98.30000305175781,4000,0.0,0.0
2024-08-14 13:00:00+08:00,98.5,98.5,98.5,98.5,1000,0.0,0.0
2024-08-15 09:00:00+08:00,99.0,99.0,99.0,99.0,0,0.0,0.0
2024-08-15 11:00:00+08:00,99.19999694824219,99.30000305175781,99.19999694824219,99.30000305175781,2100,0.0,0.0
2024-08-15 12:00:00+08:00,99.0,99.0,97.4000015258789,97.69999694824219,15009,0.0,0.0
2024-08-15 13:00:00+08:00,98.4000015258789,99.5,98.4000015258789,98.69999694824219,27133,0.0,0.0
2024-08-16 09:00:00+08:00,99.69999694824219,102.5,98.80000305175781,101.0,39708,0.0,0.0
2024-08-16 10:00:00+08:00,99.9000015258789,101.0,98.9000015258789,100.0,14009,0.0,0.0
2024-08-16 11:00:00+08:00,100.0,100.5,99.0,100.0,16512,0.0,0.0
2024-08-16 12:00:00+08:00,100.0,100.5,100.0,100.5,2349,0.0,0.0
2024-08-16 13:00:00+08:00,100.5,100.5,100.5,100.5,1000,0.0,0.0
2024-08-19 09:00:00+08:00,99.5,101.5,99.5,101.5,0,0.0,0.0
2024-08-19 10:00:00+08:00,101.0,101.0,100.0,100.0,4000,0.0,0.0
2024-08-19 11:00:00+08:00,100.0,100.0,100.0,100.0,3000,0.0,0.0
2024-08-19 12:00:00+08:00,100.5,100.5,99.5999984741211,100.5,6000,0.0,0.0
2024-08-19 13:00:00+08:00,99.5,100.5,99.4000015258789,100.0,6000,0.0,0.0
2024-08-20 09:00:00+08:00,99.0999984741211,100.5,99.0,99.0,0,0.0,0.0
2024-08-20 10:00:00+08:00,98.5,99.9000015258789,98.19999694824219,99.9000015258789,10102,0.0,0.0
2024-08-20 12:00:00+08:00,99.19999694824219,99.80000305175781,99.0,99.5,9000,0.0,0.0
2024-08-21 09:00:00+08:00,100.0,100.0,100.0,100.0,0,0.0,0.0
2024-08-21 10:00:00+08:00,99.30000305175781,99.30000305175781,99.30000305175781,99.30000305175781,1000,0.0,0.0
2024-08-21 11:00:00+08:00,99.19999694824219,99.30000305175781,98.5,98.5,5322,0.0,0.0
2024-08-21 12:00:00+08:00,99.5,99.5,99.5,99.5,2000,0.0,0.0
2024-08-21 13:00:00+08:00,99.69999694824219,99.69999694824219,98.69999694824219,98.69999694824219,3000,0.0,0.0
2024-08-22 09:00:00+08:00,100.0,100.5,100.0,100.0,0,0.0,0.0
2024-08-22 10:00:00+08:00,99.19999694824219,99.69999694824219,99.19999694824219,99.69999694824219,3000,0.0,0.0
2024-08-22 11:00:00+08:00,99.69999694824219,100.5,99.69999694824219,100.5,56100,0.0,0.0
2024-08-22 13:00:00+08:00,100.5,101.0,100.0,100.0,5000,0.0,0.0
2024-08-23 09:00:00+08:00,99.5,100.0,99.0,100.0,0,0.0,0.0
2024-08-23 10:00:00+08:00,99.9000015258789,100.0,99.9000015258789,100.0,3000,0.0,0.0
2024-08-23 11:00:00+08:00,101.0,101.0,100.0,100.0,4026,0.0,0.0
2024-08-23 12:00:00+08:00,101.0,101.0,100.0,100.0,5050,0.0,0.0
2024-08-23 13:00:00+08:00,100.5,100.5,100.5,100.5,1000,0.0,0.0
2024-08-26 09:00:00+08:00,101.5,102.0,101.5,102.0,0,0.0,0.0
2024-08-26 10:00:00+08:00,102.0,102.5,101.5,102.0,58010,0.0,0.0
2024-08-26 11:00:00+08:00,101.5,104.0,101.5,104.0,67172,0.0,0.0
2024-08-26 12:00:00+08:00,103.5,103.5,103.0,103.0,3000,0.0,0.0
2024-08-26 13:00:00+08:00,103.0,103.0,103.0,103.0,1000,0.0,0.0
2024-08-27 09:00:00+08:00,102.5,103.0,101.5,101.5,0,0.0,0.0
2024-08-27 10:00:00+08:00,102.5,103.0,99.80000305175781,101.0,86130,0.0,0.0
2024-08-27 11:00:00+08:00,101.0,101.0,101.0,101.0,6000,0.0,0.0
2024-08-27 12:00:00+08:00,101.5,102.0,101.0,102.0,7000,0.0,0.0
2024-08-27 13:00:00+08:00,101.0,102.0,101.0,102.0,9000,0.0,0.0
2024-08-28 09:00:00+08:00,102.5,102.5,102.5,102.5,0,0.0,0.0
2024-08-28 10:00:00+08:00,102.5,102.5,102.5,102.5,2000,0.0,0.0
2024-08-28 11:00:00+08:00,102.5,102.5,101.0,101.0,81000,0.0,0.0
2024-08-28 12:00:00+08:00,100.5,101.5,100.5,101.5,12000,0.0,0.0
2024-08-28 13:00:00+08:00,101.5,101.5,101.5,101.5,8000,0.0,0.0
2024-08-29 09:00:00+08:00,99.69999694824219,102.0,99.30000305175781,102.0,0,0.0,0.0
2024-08-29 10:00:00+08:00,101.5,101.5,101.0,101.0,3000,0.0,0.0
2024-08-29 11:00:00+08:00,101.0,101.0,101.0,101.0,1000,0.0,0.0
2024-08-29 12:00:00+08:00,101.5,102.0,101.5,102.0,3000,0.0,0.0
2024-08-29 13:00:00+08:00,101.0,102.0,101.0,102.0,5000,0.0,0.0
2024-08-30 09:00:00+08:00,102.0,103.0,102.0,103.0,0,0.0,0.0
2024-08-30 10:00:00+08:00,102.5,103.5,102.5,103.0,8017,0.0,0.0
2024-08-30 11:00:00+08:00,102.5,103.0,102.5,103.0,7010,0.0,0.0
2024-08-30 12:00:00+08:00,102.5,103.0,102.5,103.0,3000,0.0,0.0
2024-08-30 13:00:00+08:00,103.0,103.0,103.0,103.0,3012,0.0,0.0
2024-09-02 09:00:00+08:00,102.0,103.0,100.5,102.0,0,0.0,0.0
2024-09-02 11:00:00+08:00,101.0,102.0,101.0,102.0,20096,0.0,0.0
2024-09-02 13:00:00+08:00,101.5,102.0,101.0,102.0,6000,0.0,0.0
2024-09-03 09:00:00+08:00,102.0,102.0,102.0,102.0,0,0.0,0.0
2024-09-03 10:00:00+08:00,101.0,101.0,101.0,101.0,2000,0.0,0.0
2024-09-03 11:00:00+08:00,101.0,101.5,101.0,101.0,3000,0.0,0.0
2024-09-03 12:00:00+08:00,101.5,102.0,101.0,102.0,4063,0.0,0.0
2024-09-03 13:00:00+08:00,101.0,101.5,100.0,101.5,11000,0.0,0.0
2024-09-04 09:00:00+08:00,96.5999984741211,99.5,96.5999984741211,99.4000015258789,0,0.0,0.0
2024-09-04 10:00:00+08:00,98.0999984741211,99.4000015258789,98.0999984741211,99.0999984741211,7400,0.0,0.0
2024-09-04 11:00:00+08:00,99.0999984741211,99.0999984741211,98.0,99.0,8060,0.0,0.0
2024-09-04 12:00:00+08:00,99.0,99.0,97.0,98.19999694824219,29034,0.0,0.0
2024-09-04 13:00:00+08:00,98.0999984741211,98.80000305175781,97.0,98.0,31000,0.0,0.0
2024-09-05 09:00:00+08:00,100.0,100.5,100.0,100.0,0,0.0,0.0
2024-09-05 10:00:00+08:00,99.0999984741211,99.0999984741211,97.5,98.5,44005,0.0,0.0
2024-09-05 11:00:00+08:00,98.69999694824219,98.9000015258789,97.4000015258789,98.0,137000,0.0,0.0
2024-09-05 12:00:00+08:00,98.0,98.9000015258789,98.0,98.9000015258789,32000,0.0,0.0
2024-09-05 13:00:00+08:00,98.0999984741211,98.9000015258789,97.5,98.0999984741211,50000,0.0,0.0
2024-09-06 09:00:00+08:00,100.0,100.0,100.0,100.0,0,0.0,0.0
2024-09-06 10:00:00+08:00,100.0,100.0,100.0,100.0,1000,0.0,0.0
2024-09-06 11:00:00+08:00,99.5,99.5,99.4000015258789,99.4000015258789,3000,0.0,0.0
2024-09-06 12:00:00+08:00,99.0999984741211,99.69999694824219,99.0,99.69999694824219,7001,0.0,0.0
2024-09-06 13:00:00+08:00,99.0,99.9000015258789,99.0,99.9000015258789,3000,0.0,0.0
