Datetime,Open,High,Low,Close,Volume,Dividends,Stock Splits
2022-08-25 09:00:00+09:00,4615.0,4615.0,4615.0,4615.0,100,0.0,0.0
2022-08-25 10:00:00+09:00,4600.0,4600.0,4600.0,4600.0,200,0.0,0.0
2022-08-25 11:00:00+09:00,4600.0,4600.0,4600.0,4600.0,0,0.0,0.0
2022-08-26 09:00:00+09:00,4595.0,4715.0,4595.0,4695.0,0,0.0,0.0
2022-08-26 10:00:00+09:00,4700.0,4730.0,4700.0,4730.0,4400,0.0,0.0
2022-08-26 11:00:00+09:00,4720.0,4725.0,4720.0,4720.0,0,0.0,0.0
2022-08-26 12:00:00+09:00,4725.0,4725.0,4705.0,4705.0,5900,0.0,0.0
2022-08-26 14:00:00+09:00,4705.0,4770.0,4695.0,4745.0,4700,0.0,0.0
2022-08-29 09:00:00+09:00,4620.0,4760.0,4620.0,4675.0,2800,0.0,0.0
2022-08-29 10:00:00+09:00,4690.0,4715.0,4690.0,4700.0,700,0.0,0.0
2022-08-29 11:00:00+09:00,4695.0,4700.0,4685.0,4700.0,0,0.0,0.0
2022-08-29 12:00:00+09:00,4720.0,4720.0,4695.0,4695.0,5000,0.0,0.0
2022-08-29 13:00:00+09:00,4700.0,4700.0,4695.0,4695.0,300,0.0,0.0
2022-08-29 14:00:00+09:00,4710.0,4720.0,4670.0,4670.0,3700,0.0,0.0
2022-08-30 09:00:00+09:00,4650.0,4690.0,4630.0,4690.0,1300,0.0,0.0
2022-08-30 10:00:00+09:00,4665.0,4665.0,4650.0,4650.0,500,0.0,0.0
2022-08-30 11:00:00+09:00,4650.0,4650.0,4650.0,4650.0,0,0.0,0.0
2022-08-30 12:00:00+09:00,4650.0,4665.0,4650.0,4650.0,2500,0.0,0.0
2022-08-30 14:00:00+09:00,4645.0,4645.0,4625.0,4645.0,1000,0.0,0.0
2022-08-31 09:00:00+09:00,4685.0,4725.0,4675.0,4675.0,600,0.0,0.0
2022-08-31 10:00:00+09:00,4675.0,4675.0,4670.0,4670.0,200,0.0,0.0
2022-08-31 11:00:00+09:00,4655.0,4660.0,4640.0,4660.0,0,0.0,0.0
2022-09-01 09:00:00+09:00,4640.0,4640.0,4495.0,4495.0,1700,0.0,0.0
2022-09-01 10:00:00+09:00,4535.0,4550.0,4525.0,4525.0,1000,0.0,0.0
2022-09-01 11:00:00+09:00,4520.0,4520.0,4490.0,4515.0,0,0.0,0.0
2022-09-01 12:00:00+09:00,4505.0,4525.0,4490.0,4490.0,5800,0.0,0.0
2022-09-01 13:00:00+09:00,4490.0,4490.0,4445.0,4450.0,3300,0.0,0.0
2022-09-01 14:00:00+09:00,4420.0,4475.0,4420.0,4450.0,2900,0.0,0.0
2022-09-02 09:00:00+09:00,4455.0,4480.0,4355.0,4355.0,1900,0.0,0.0
2022-09-02 10:00:00+09:00,4390.0,4390.0,4390.0,4390.0,400,0.0,0.0
2022-09-02 11:00:00+09:00,4395.0,4405.0,4390.0,4405.0,0,0.0,0.0
2022-09-02 12:00:00+09:00,4405.0,4405.0,4405.0,4405.0,3400,0.0,0.0
2022-09-02 13:00:00+09:00,4400.0,4415.0,4385.0,4385.0,1300,0.0,0.0
2022-09-02 14:00:00+09:00,4395.0,4400.0,4355.0,4355.0,1400,0.0,0.0
2022-09-05 09:00:00+09:00,4350.0,4350.0,4225.0,4255.0,2900,0.0,0.0
2022-09-05 10:00:00+09:00,4260.0,4280.0,4255.0,4280.0,1100,0.0,0.0
2022-09-05 11:00:00+09:00,4290.0,4290.0,4290.0,4290.0,0,0.0,0.0
2022-09-05 12:00:00+09:00,4275.0,4280.0,4265.0,4280.0,5500,0.0,0.0
2022-09-05 13:00:00+09:00,4260.0,4280.0,4260.0,4280.0,900,0.0,0.0
2022-09-05 14:00:00+09:00,4280.0,4310.0,4260.0,4275.0,2100,0.0,0.0
2022-09-06 09:00:00+09:00,4255.0,4305.0,4255.0,4305.0,1600,0.0,0.0
2022-09-06 10:00:00+09:00,4315.0,4315.0,4315.0,4315.0,100,0.0,0.0
2022-09-06 11:00:00+09:00,4315.0,4315.0,4315.0,4315.0,0,0.0,0.0
2022-09-06 12:00:00+09:00,4320.0,4320.0,4275.0,4295.0,2400,0.0,0.0
2022-09-06 14:00:00+09:00,4285.0,4350.0,4280.0,4290.0,4300,0.0,0.0
2022-09-07 09:00:00+09:00,4280.0,4280.0,4175.0,4185.0,4000,0.0,0.0
2022-09-07 10:00:00+09:00,4185.0,4185.0,4150.0,4150.0,2100,0.0,0.0
2022-09-07 11:00:00+09:00,4175.0,4195.0,4175.0,4190.0,0,0.0,0.0
2022-09-07 12:00:00+09:00,4190.0,4195.0,4170.0,4175.0,8400,0.0,0.0
2022-09-07 13:00:00+09:00,4175.0,4175.0,4155.0,4155.0,1500,0.0,0.0
2022-09-07 14:00:00+09:00,4155.0,4165.0,4120.0,4130.0,4300,0.0,0.0
2022-09-08 09:00:00+09:00,4190.0,4190.0,4160.0,4160.0,300,0.0,0.0
2022-09-08 10:00:00+09:00,4180.0,4210.0,4175.0,4190.0,2100,0.0,0.0
2022-09-08 11:00:00+09:00,4200.0,4210.0,4195.0,4210.0,0,0.0,0.0
2022-09-08 12:00:00+09:00,4190.0,4190.0,4190.0,4190.0,3200,0.0,0.0
2022-09-08 13:00:00+09:00,4190.0,4200.0,4185.0,4190.0,1200,0.0,0.0
2022-09-08 14:00:00+09:00,4200.0,4300.0,4195.0,4275.0,1800,0.0,0.0
2022-09-09 09:00:00+09:00,4275.0,4365.0,4275.0,4300.0,5600,0.0,0.0
2022-09-09 10:00:00+09:00,4335.0,4355.0,4305.0,4320.0,1300,0.0,0.0
2022-09-09 11:00:00+09:00,4335.0,4360.0,4335.0,4360.0,0,0.0,0.0
2022-09-09 12:00:00+09:00,4360.0,4375.0,4360.0,4365.0,8400,0.0,0.0
2022-09-09 13:00:00+09:00,4385.0,4395.0,4385.0,4385.0,700,0.0,0.0
2022-09-09 14:00:00+09:00,4425.0,4425.0,4370.0,4390.0,2200,0.0,0.0
2022-09-12 09:00:00+09:00,4435.0,4435.0,4365.0,4415.0,3800,0.0,0.0
2022-09-12 10:00:00+09:00,4425.0,4425.0,4395.0,4405.0,900,0.0,0.0
2022-09-12 11:00:00+09:00,4405.0,4405.0,4390.0,4390.0,0,0.0,0.0
2022-09-12 13:00:00+09:00,4370.0,4395.0,4370.0,4395.0,5300,0.0,0.0
2022-09-12 14:00:00+09:00,4375.0,4395.0,4355.0,4355.0,1600,0.0,0.0
2022-09-13 09:00:00+09:00,4425.0,4425.0,4325.0,4375.0,2300,0.0,0.0
2022-09-13 10:00:00+09:00,4390.0,4395.0,4390.0,4395.0,200,0.0,0.0
2022-09-13 11:00:00+09:00,4405.0,4405.0,4370.0,4380.0,0,0.0,0.0
2022-09-13 12:00:00+09:00,4410.0,4415.0,4410.0,4415.0,3500,0.0,0.0
2022-09-13 13:00:00+09:00,4415.0,4420.0,4410.0,4420.0,600,0.0,0.0
2022-09-13 14:00:00+09:00,4410.0,4410.0,4330.0,4360.0,2300,0.0,0.0
2022-09-14 09:00:00+09:00,4220.0,4330.0,4220.0,4330.0,1200,0.0,0.0
2022-09-14 11:00:00+09:00,4305.0,4350.0,4305.0,4350.0,0,0.0,0.0
2022-09-14 13:00:00+09:00,4320.0,4350.0,4295.0,4295.0,3000,0.0,0.0
2022-09-14 14:00:00+09:00,4330.0,4385.0,4295.0,4295.0,4000,0.0,0.0
2022-09-15 09:00:00+09:00,4375.0,4380.0,4345.0,4345.0,1200,0.0,0.0
2022-09-15 10:00:00+09:00,4320.0,4320.0,4300.0,4300.0,600,0.0,0.0
2022-09-15 11:00:00+09:00,4300.0,4300.0,4300.0,4300.0,0,0.0,0.0
2022-09-15 12:00:00+09:00,4330.0,4330.0,4270.0,4280.0,2300,0.0,0.0
2022-09-15 14:00:00+09:00,4295.0,4345.0,4295.0,4320.0,3500,0.0,0.0
2022-09-16 09:00:00+09:00,4345.0,4345.0,4270.0,4295.0,1100,0.0,0.0
2022-09-16 10:00:00+09:00,4270.0,4300.0,4255.0,4285.0,2500,0.0,0.0
2022-09-16 11:00:00+09:00,4305.0,4315.0,4305.0,4315.0,0,0.0,0.0
2022-09-16 13:00:00+09:00,4295.0,4300.0,4290.0,4300.0,4600,0.0,0.0
2022-09-16 14:00:00+09:00,4300.0,4300.0,4235.0,4255.0,2500,0.0,0.0
2022-09-20 09:00:00+09:00,4265.0,4305.0,4265.0,4290.0,500,0.0,0.0
2022-09-20 10:00:00+09:00,4270.0,4300.0,4270.0,4300.0,1000,0.0,0.0
2022-09-20 11:00:00+09:00,4305.0,4330.0,4305.0,4330.0,0,0.0,0.0
2022-09-20 12:00:00+09:00,4330.0,4330.0,4260.0,4260.0,2300,0.0,0.0
2022-09-20 14:00:00+09:00,4325.0,4335.0,4285.0,4330.0,4200,0.0,0.0
2022-09-21 09:00:00+09:00,4260.0,4330.0,4260.0,4330.0,1500,0.0,0.0
2022-09-21 10:00:00+09:00,4345.0,4345.0,4280.0,4280.0,2400,0.0,0.0
2022-09-21 11:00:00+09:00,4285.0,4285.0,4265.0,4265.0,0,0.0,0.0
2022-09-21 12:00:00+09:00,4275.0,4275.0,4275.0,4275.0,4400,0.0,0.0
2022-09-21 13:00:00+09:00,4280.0,4285.0,4275.0,4280.0,1000,0.0,0.0
2022-09-21 14:00:00+09:00,4290.0,4335.0,4280.0,4305.0,1900,0.0,0.0
2022-09-22 09:00:00+09:00,4290.0,4290.0,4215.0,4225.0,1300,0.0,0.0
2022-09-22 10:00:00+09:00,4225.0,4225.0,4225.0,4225.0,100,0.0,0.0
2022-09-22 11:00:00+09:00,4230.0,4260.0,4230.0,4245.0,0,0.0,0.0
2022-09-22 12:00:00+09:00,4245.0,4245.0,4245.0,4245.0,3000,0.0,0.0
2022-09-22 13:00:00+09:00,4270.0,4270.0,4240.0,4250.0,0,0.0,0.0
2022-09-22 14:00:00+09:00,4255.0,4270.0,4255.0,4255.0,6000,0.0,0.0
2022-09-26 09:00:00+09:00,4250.0,4250.0,4180.0,4200.0,2800,0.0,0.0
2022-09-26 10:00:00+09:00,4220.0,4225.0,4190.0,4190.0,1300,0.0,0.0
2022-09-26 11:00:00+09:00,4185.0,4185.0,4185.0,4185.0,0,0.0,0.0
2022-09-26 12:00:00+09:00,4185.0,4210.0,4130.0,4155.0,7300,0.0,0.0
2022-09-26 13:00:00+09:00,4145.0,4190.0,4125.0,4140.0,3700,0.0,0.0
2022-09-26 14:00:00+09:00,4155.0,4155.0,4120.0,4120.0,2200,0.0,0.0
2022-09-27 09:00:00+09:00,4165.0,4165.0,4115.0,4160.0,1700,0.0,0.0
2022-09-27 10:00:00+09:00,4145.0,4145.0,4125.0,4125.0,600,0.0,0.0
2022-09-27 11:00:00+09:00,4125.0,4130.0,4100.0,4130.0,0,0.0,0.0
2022-09-27 12:00:00+09:00,4110.0,4110.0,4095.0,4095.0,3600,0.0,0.0
2022-09-27 13:00:00+09:00,4105.0,4110.0,4060.0,4075.0,2600,0.0,0.0
2022-09-27 14:00:00+09:00,4060.0,4070.0,4030.0,4030.0,3400,0.0,0.0
2022-09-28 09:00:00+09:00,4040.0,4065.0,4015.0,4015.0,3900,0.0,0.0
2022-09-28 10:00:00+09:00,4015.0,4020.0,3980.0,3995.0,600,0.0,0.0
2022-09-28 11:00:00+09:00,3975.0,3985.0,3975.0,3985.0,0,0.0,0.0
2022-09-28 12:00:00+09:00,4000.0,4020.0,3910.0,3955.0,7400,0.0,0.0
2022-09-28 13:00:00+09:00,3955.0,3975.0,3940.0,3940.0,1100,0.0,0.0
2022-09-28 14:00:00+09:00,3940.0,4060.0,3920.0,4030.0,3400,0.0,0.0
2022-09-29 09:00:00+09:00,4010.0,4050.0,4010.0,4050.0,600,0.0,0.0
2022-09-29 10:00:00+09:00,4055.0,4105.0,4045.0,4080.0,1700,0.0,0.0
2022-09-29 11:00:00+09:00,4080.0,4080.0,4080.0,4080.0,0,0.0,0.0
2022-09-29 12:00:00+09:00,4165.0,4165.0,4100.0,4135.0,3500,0.0,0.0
2022-09-29 13:00:00+09:00,4135.0,4160.0,4125.0,4150.0,1300,0.0,0.0
2022-09-29 14:00:00+09:00,4145.0,4175.0,4125.0,4165.0,3700,0.0,0.0
2022-09-30 09:00:00+09:00,4110.0,4145.0,4075.0,4145.0,1600,0.0,0.0
2022-09-30 10:00:00+09:00,4150.0,4150.0,4115.0,4130.0,1500,0.0,0.0
2022-09-30 11:00:00+09:00,4120.0,4120.0,4085.0,4095.0,0,0.0,0.0
2022-09-30 12:00:00+09:00,4100.0,4115.0,4095.0,4115.0,4700,0.0,0.0
2022-09-30 14:00:00+09:00,4120.0,4125.0,4070.0,4075.0,3700,0.0,0.0
2022-10-03 10:00:00+09:00,4120.0,4120.0,4100.0,4100.0,300,0.0,0.0
2022-10-03 11:00:00+09:00,4100.0,4100.0,4100.0,4100.0,0,0.0,0.0
2022-10-03 12:00:00+09:00,4085.0,4085.0,4075.0,4075.0,700,0.0,0.0
2022-10-03 13:00:00+09:00,4055.0,4080.0,4045.0,4060.0,1400,0.0,0.0
2022-10-03 14:00:00+09:00,4040.0,4080.0,4035.0,4080.0,1700,0.0,0.0
2022-10-04 09:00:00+09:00,4170.0,4275.0,4170.0,4275.0,2500,0.0,0.0
2022-10-04 10:00:00+09:00,4275.0,4275.0,4240.0,4240.0,800,0.0,0.0
2022-10-04 11:00:00+09:00,4235.0,4280.0,4235.0,4280.0,0,0.0,0.0
2022-10-04 12:00:00+09:00,4280.0,4280.0,4245.0,4275.0,5500,0.0,0.0
2022-10-04 13:00:00+09:00,4285.0,4320.0,4270.0,4295.0,2300,0.0,0.0
2022-10-04 14:00:00+09:00,4275.0,4315.0,4275.0,4295.0,2200,0.0,0.0
2022-10-05 09:00:00+09:00,4375.0,4375.0,4325.0,4330.0,1500,0.0,0.0
2022-10-05 10:00:00+09:00,4355.0,4355.0,4320.0,4340.0,600,0.0,0.0
2022-10-05 11:00:00+09:00,4345.0,4345.0,4345.0,4345.0,0,0.0,0.0
2022-10-05 12:00:00+09:00,4325.0,4325.0,4270.0,4320.0,3100,0.0,0.0
2022-10-05 13:00:00+09:00,4305.0,4330.0,4290.0,4290.0,1600,0.0,0.0
2022-10-05 14:00:00+09:00,4270.0,4280.0,4215.0,4215.0,3300,0.0,0.0
2022-10-06 09:00:00+09:00,4290.0,4360.0,4230.0,4360.0,2600,0.0,0.0
2022-10-06 10:00:00+09:00,4370.0,4370.0,4360.0,4360.0,300,0.0,0.0
2022-10-06 11:00:00+09:00,4365.0,4375.0,4360.0,4360.0,0,0.0,0.0
2022-10-06 12:00:00+09:00,4360.0,4375.0,4285.0,4290.0,5500,0.0,0.0
2022-10-06 13:00:00+09:00,4290.0,4300.0,4280.0,4300.0,500,0.0,0.0
2022-10-06 14:00:00+09:00,4275.0,4295.0,4250.0,4270.0,2300,0.0,0.0
2022-10-07 09:00:00+09:00,4275.0,4275.0,4220.0,4230.0,600,0.0,0.0
2022-10-07 10:00:00+09:00,4245.0,4270.0,4235.0,4255.0,1400,0.0,0.0
2022-10-07 11:00:00+09:00,4280.0,4280.0,4275.0,4275.0,0,0.0,0.0
2022-10-07 12:00:00+09:00,4275.0,4275.0,4255.0,4255.0,2600,0.0,0.0
2022-10-07 13:00:00+09:00,4275.0,4280.0,4275.0,4280.0,200,0.0,0.0
2022-10-07 14:00:00+09:00,4285.0,4330.0,4275.0,4300.0,2300,0.0,0.0
2022-10-11 09:00:00+09:00,4220.0,4275.0,4195.0,4260.0,3300,0.0,0.0
2022-10-11 10:00:00+09:00,4275.0,4280.0,4210.0,4210.0,2000,0.0,0.0
2022-10-11 11:00:00+09:00,4215.0,4225.0,4215.0,4225.0,0,0.0,0.0
2022-10-11 12:00:00+09:00,4205.0,4240.0,4205.0,4235.0,6500,0.0,0.0
2022-10-11 13:00:00+09:00,4240.0,4240.0,4205.0,4210.0,1400,0.0,0.0
2022-10-11 14:00:00+09:00,4220.0,4245.0,4195.0,4205.0,3600,0.0,0.0
2022-10-12 09:00:00+09:00,4185.0,4255.0,4175.0,4195.0,0,0.0,0.0
2022-10-12 10:00:00+09:00,4170.0,4170.0,4145.0,4155.0,5500,0.0,0.0
2022-10-12 11:00:00+09:00,4160.0,4160.0,4160.0,4160.0,0,0.0,0.0
2022-10-12 12:00:00+09:00,4150.0,4160.0,4150.0,4155.0,6500,0.0,0.0
2022-10-12 13:00:00+09:00,4170.0,4175.0,4170.0,4175.0,200,0.0,0.0
2022-10-12 14:00:00+09:00,4160.0,4160.0,4120.0,4140.0,3200,0.0,0.0
2022-10-13 09:00:00+09:00,4100.0,4100.0,4035.0,4035.0,1200,0.0,0.0
2022-10-13 10:00:00+09:00,4040.0,4040.0,4040.0,4040.0,200,0.0,0.0
2022-10-13 11:00:00+09:00,4040.0,4040.0,4040.0,4040.0,0,0.0,0.0
2022-10-13 12:00:00+09:00,4060.0,4060.0,4060.0,4060.0,1500,0.0,0.0
2022-10-13 13:00:00+09:00,4060.0,4060.0,4035.0,4035.0,800,0.0,0.0
2022-10-13 14:00:00+09:00,4025.0,4045.0,4000.0,4045.0,3600,0.0,0.0
2022-10-14 09:00:00+09:00,4120.0,4200.0,4120.0,4185.0,2400,0.0,0.0
2022-10-14 10:00:00+09:00,4195.0,4215.0,4195.0,4195.0,900,0.0,0.0
2022-10-14 11:00:00+09:00,4205.0,4245.0,4205.0,4245.0,0,0.0,0.0
2022-10-14 12:00:00+09:00,4255.0,4285.0,4235.0,4285.0,5100,0.0,0.0
2022-10-14 13:00:00+09:00,4295.0,4315.0,4290.0,4305.0,1100,0.0,0.0
2022-10-14 14:00:00+09:00,4305.0,4340.0,4300.0,4300.0,4200,0.0,0.0
2022-10-17 09:00:00+09:00,4230.0,4230.0,4195.0,4195.0,1100,0.0,0.0
2022-10-17 10:00:00+09:00,4210.0,4255.0,4210.0,4220.0,1600,0.0,0.0
2022-10-17 11:00:00+09:00,4220.0,4220.0,4220.0,4220.0,0,0.0,0.0
2022-10-17 12:00:00+09:00,4200.0,4245.0,4195.0,4200.0,4100,0.0,0.0
2022-10-17 13:00:00+09:00,4205.0,4210.0,4195.0,4210.0,500,0.0,0.0
2022-10-17 14:00:00+09:00,4215.0,4215.0,4150.0,4180.0,5300,0.0,0.0
2022-10-18 09:00:00+09:00,4245.0,4380.0,4245.0,4380.0,0,0.0,0.0
2022-10-18 10:00:00+09:00,4395.0,4400.0,4365.0,4370.0,6300,0.0,0.0
2022-10-18 11:00:00+09:00,4370.0,4370.0,4370.0,4370.0,0,0.0,0.0
2022-10-18 12:00:00+09:00,4300.0,4460.0,4300.0,4400.0,11800,0.0,0.0
2022-10-18 13:00:00+09:00,4410.0,4410.0,4405.0,4405.0,500,0.0,0.0
2022-10-18 14:00:00+09:00,4400.0,4440.0,4375.0,4375.0,4300,0.0,0.0
2022-10-19 09:00:00+09:00,4405.0,4405.0,4355.0,4355.0,300,0.0,0.0
2022-10-19 10:00:00+09:00,4355.0,4355.0,4320.0,4350.0,1200,0.0,0.0
2022-10-19 11:00:00+09:00,4335.0,4335.0,4335.0,4335.0,0,0.0,0.0
2022-10-19 12:00:00+09:00,4320.0,4355.0,4250.0,4325.0,2500,0.0,0.0
2022-10-19 13:00:00+09:00,4305.0,4310.0,4300.0,4310.0,600,0.0,0.0
2022-10-19 14:00:00+09:00,4290.0,4295.0,4210.0,4235.0,5000,0.0,0.0
2022-10-20 09:00:00+09:00,4230.0,4365.0,4230.0,4275.0,1700,0.0,0.0
2022-10-20 10:00:00+09:00,4270.0,4315.0,4265.0,4315.0,1500,0.0,0.0
2022-10-20 11:00:00+09:00,4295.0,4295.0,4285.0,4285.0,0,0.0,0.0
2022-10-20 12:00:00+09:00,4325.0,4325.0,4300.0,4300.0,4500,0.0,0.0
2022-10-20 13:00:00+09:00,4310.0,4345.0,4290.0,4305.0,1700,0.0,0.0
2022-10-20 14:00:00+09:00,4310.0,4370.0,4310.0,4370.0,2900,0.0,0.0
2022-10-21 09:00:00+09:00,4350.0,4370.0,4340.0,4370.0,1000,0.0,0.0
2022-10-21 10:00:00+09:00,4360.0,4360.0,4350.0,4350.0,300,0.0,0.0
2022-10-21 11:00:00+09:00,4340.0,4340.0,4330.0,4330.0,0,0.0,0.0
2022-10-21 12:00:00+09:00,4395.0,4395.0,4365.0,4365.0,2100,0.0,0.0
2022-10-21 13:00:00+09:00,4355.0,4355.0,4345.0,4345.0,600,0.0,0.0
2022-10-21 14:00:00+09:00,4330.0,4345.0,4300.0,4315.0,3400,0.0,0.0
2022-10-24 09:00:00+09:00,4285.0,4370.0,4285.0,4350.0,1800,0.0,0.0
2022-10-24 10:00:00+09:00,4330.0,4415.0,4315.0,4385.0,2900,0.0,0.0
2022-10-24 11:00:00+09:00,4370.0,4370.0,4340.0,4340.0,0,0.0,0.0
2022-10-24 12:00:00+09:00,4270.0,4360.0,4270.0,4360.0,6700,0.0,0.0
2022-10-24 13:00:00+09:00,4360.0,4370.0,4360.0,4370.0,400,0.0,0.0
2022-10-24 14:00:00+09:00,4355.0,4355.0,4290.0,4315.0,2800,0.0,0.0
2022-10-25 09:00:00+09:00,4285.0,4380.0,4285.0,4380.0,600,0.0,0.0
2022-10-25 10:00:00+09:00,4340.0,4380.0,4300.0,4300.0,3300,0.0,0.0
2022-10-25 11:00:00+09:00,4300.0,4300.0,4300.0,4300.0,0,0.0,0.0
2022-10-25 12:00:00+09:00,4285.0,4315.0,4285.0,4315.0,4200,0.0,0.0
2022-10-25 13:00:00+09:00,4290.0,4290.0,4255.0,4255.0,800,0.0,0.0
2022-10-25 14:00:00+09:00,4260.0,4285.0,4255.0,4270.0,1700,0.0,0.0
2022-10-26 09:00:00+09:00,4210.0,4265.0,4210.0,4250.0,500,0.0,0.0
2022-10-26 10:00:00+09:00,4265.0,4290.0,4265.0,4290.0,700,0.0,0.0
2022-10-26 11:00:00+09:00,4295.0,4295.0,4295.0,4295.0,0,0.0,0.0
2022-10-26 12:00:00+09:00,4290.0,4290.0,4290.0,4290.0,1600,0.0,0.0
2022-10-26 13:00:00+09:00,4270.0,4305.0,4270.0,4305.0,300,0.0,0.0
2022-10-26 14:00:00+09:00,4280.0,4325.0,4280.0,4295.0,2800,0.0,0.0
2022-10-27 09:00:00+09:00,4365.0,4365.0,4250.0,4250.0,1400,0.0,0.0
2022-10-27 10:00:00+09:00,4240.0,4280.0,4240.0,4280.0,600,0.0,0.0
2022-10-27 11:00:00+09:00,4280.0,4280.0,4280.0,4280.0,0,0.0,0.0
2022-10-27 12:00:00+09:00,4280.0,4285.0,4280.0,4285.0,2200,0.0,0.0
2022-10-27 14:00:00+09:00,4260.0,4265.0,4255.0,4265.0,600,0.0,0.0
2022-10-28 09:00:00+09:00,4250.0,4260.0,4185.0,4260.0,3600,0.0,0.0
2022-10-28 10:00:00+09:00,4280.0,4305.0,4280.0,4295.0,1800,0.0,0.0
2022-10-28 11:00:00+09:00,4315.0,4340.0,4310.0,4340.0,0,0.0,0.0
2022-10-28 12:00:00+09:00,4355.0,4355.0,4330.0,4340.0,7700,0.0,0.0
2022-10-28 13:00:00+09:00,4330.0,4385.0,4325.0,4385.0,2100,0.0,0.0
2022-10-28 14:00:00+09:00,4370.0,4435.0,4355.0,4360.0,8800,0.0,0.0
2022-10-31 09:00:00+09:00,4415.0,4430.0,4275.0,4275.0,1400,0.0,0.0
2022-10-31 10:00:00+09:00,4255.0,4275.0,4255.0,4270.0,700,0.0,0.0
2022-10-31 11:00:00+09:00,4255.0,4265.0,4255.0,4260.0,0,0.0,0.0
2022-10-31 12:00:00+09:00,4255.0,4255.0,4255.0,4255.0,2900,0.0,0.0
2022-10-31 14:00:00+09:00,4280.0,4330.0,4260.0,4325.0,3200,0.0,0.0
2022-11-01 09:00:00+09:00,4300.0,4325.0,4285.0,4285.0,2400,0.0,0.0
2022-11-01 11:00:00+09:00,4310.0,4310.0,4310.0,4310.0,0,0.0,0.0
2022-11-01 14:00:00+09:00,4315.0,4320.0,4290.0,4315.0,4200,0.0,0.0
2022-11-02 09:00:00+09:00,4275.0,4275.0,4275.0,4275.0,100,0.0,0.0
2022-11-02 10:00:00+09:00,4270.0,4270.0,4270.0,4270.0,0,0.0,0.0
2022-11-02 11:00:00+09:00,4265.0,4285.0,4245.0,4265.0,0,0.0,0.0
2022-11-02 12:00:00+09:00,4255.0,4255.0,4255.0,4255.0,3800,0.0,0.0
2022-11-02 13:00:00+09:00,4255.0,4255.0,4255.0,4255.0,200,0.0,0.0
2022-11-02 14:00:00+09:00,4260.0,4270.0,4240.0,4270.0,2200,0.0,0.0
2022-11-04 09:00:00+09:00,4165.0,4195.0,4165.0,4170.0,800,0.0,0.0
2022-11-04 10:00:00+09:00,4155.0,4155.0,4140.0,4145.0,900,0.0,0.0
2022-11-04 11:00:00+09:00,4130.0,4160.0,4130.0,4160.0,0,0.0,0.0
2022-11-04 12:00:00+09:00,4160.0,4160.0,4160.0,4160.0,2400,0.0,0.0
2022-11-04 13:00:00+09:00,4145.0,4145.0,4140.0,4140.0,500,0.0,0.0
2022-11-04 14:00:00+09:00,4140.0,4140.0,4090.0,4115.0,2600,0.0,0.0
2022-11-07 10:00:00+09:00,4100.0,4105.0,4100.0,4105.0,200,0.0,0.0
2022-11-07 11:00:00+09:00,4105.0,4105.0,4105.0,4105.0,0,0.0,0.0
2022-11-07 12:00:00+09:00,4130.0,4130.0,4115.0,4115.0,900,0.0,0.0
2022-11-07 14:00:00+09:00,4115.0,4115.0,4095.0,4105.0,800,0.0,0.0
2022-11-08 09:00:00+09:00,4160.0,4170.0,4110.0,4140.0,1400,0.0,0.0
2022-11-08 10:00:00+09:00,4135.0,4135.0,4135.0,4135.0,100,0.0,0.0
2022-11-08 11:00:00+09:00,4140.0,4180.0,4140.0,4170.0,0,0.0,0.0
2022-11-08 12:00:00+09:00,4145.0,4220.0,4145.0,4195.0,4400,0.0,0.0
2022-11-08 13:00:00+09:00,4190.0,4205.0,4190.0,4205.0,200,0.0,0.0
2022-11-08 14:00:00+09:00,4200.0,4210.0,4180.0,4195.0,2000,0.0,0.0
2022-11-09 09:00:00+09:00,4195.0,4325.0,4195.0,4255.0,1900,0.0,0.0
2022-11-09 10:00:00+09:00,4250.0,4310.0,4245.0,4290.0,2900,0.0,0.0
2022-11-09 11:00:00+09:00,4275.0,4275.0,4275.0,4275.0,0,0.0,0.0
2022-11-09 12:00:00+09:00,4290.0,4295.0,4285.0,4285.0,5200,0.0,0.0
2022-11-09 13:00:00+09:00,4295.0,4295.0,4290.0,4290.0,400,0.0,0.0
2022-11-09 14:00:00+09:00,4280.0,4285.0,4270.0,4275.0,900,0.0,0.0
2022-11-10 09:00:00+09:00,4320.0,4320.0,4245.0,4270.0,1300,0.0,0.0
2022-11-10 10:00:00+09:00,4260.0,4275.0,4260.0,4275.0,400,0.0,0.0
2022-11-10 11:00:00+09:00,4265.0,4265.0,4225.0,4225.0,0,0.0,0.0
2022-11-10 12:00:00+09:00,4280.0,4280.0,4280.0,4280.0,2300,0.0,0.0
2022-11-10 13:00:00+09:00,4290.0,4290.0,4265.0,4265.0,800,0.0,0.0
2022-11-10 14:00:00+09:00,4270.0,4325.0,4265.0,4310.0,3300,0.0,0.0
2022-11-11 09:00:00+09:00,4360.0,4370.0,4310.0,4310.0,4200,0.0,0.0
2022-11-11 10:00:00+09:00,4320.0,4320.0,4285.0,4285.0,1100,0.0,0.0
2022-11-11 11:00:00+09:00,4285.0,4285.0,4285.0,4285.0,0,0.0,0.0
2022-11-11 12:00:00+09:00,4305.0,4305.0,4305.0,4305.0,5400,0.0,0.0
2022-11-11 13:00:00+09:00,4280.0,4280.0,4280.0,4280.0,200,0.0,0.0
2022-11-11 14:00:00+09:00,4280.0,4325.0,4280.0,4325.0,1500,0.0,0.0
2022-11-14 09:00:00+09:00,4330.0,4350.0,4310.0,4320.0,700,0.0,0.0
2022-11-14 11:00:00+09:00,4300.0,4305.0,4290.0,4305.0,0,0.0,0.0
2022-11-14 12:00:00+09:00,4290.0,4315.0,4290.0,4305.0,1700,0.0,0.0
2022-11-14 13:00:00+09:00,4320.0,4335.0,4315.0,4320.0,1600,0.0,0.0
2022-11-14 14:00:00+09:00,4330.0,4330.0,4305.0,4310.0,1400,0.0,0.0
2022-11-15 09:00:00+09:00,4350.0,4350.0,4285.0,4290.0,900,0.0,0.0
2022-11-15 10:00:00+09:00,4275.0,4275.0,4275.0,4275.0,100,0.0,0.0
2022-11-15 11:00:00+09:00,4270.0,4270.0,4270.0,4270.0,0,0.0,0.0
2022-11-15 12:00:00+09:00,4270.0,4285.0,4270.0,4285.0,0,0.0,0.0
2022-11-15 13:00:00+09:00,4265.0,4290.0,4260.0,4290.0,2000,0.0,0.0
2022-11-15 14:00:00+09:00,4285.0,4325.0,4280.0,4325.0,800,0.0,0.0
2022-11-16 09:00:00+09:00,4325.0,4325.0,4290.0,4290.0,200,0.0,0.0
2022-11-16 10:00:00+09:00,4295.0,4295.0,4295.0,4295.0,200,0.0,0.0
2022-11-16 11:00:00+09:00,4295.0,4295.0,4295.0,4295.0,0,0.0,0.0
2022-11-16 12:00:00+09:00,4255.0,4255.0,4255.0,4255.0,600,0.0,0.0
2022-11-16 14:00:00+09:00,4300.0,4300.0,4290.0,4290.0,400,0.0,0.0
2022-11-17 09:00:00+09:00,4285.0,4290.0,4280.0,4280.0,900,0.0,0.0
2022-11-17 10:00:00+09:00,4265.0,4265.0,4260.0,4260.0,200,0.0,0.0
2022-11-17 11:00:00+09:00,4245.0,4245.0,4230.0,4230.0,0,0.0,0.0
2022-11-17 12:00:00+09:00,4245.0,4255.0,4245.0,4255.0,2400,0.0,0.0
2022-11-17 14:00:00+09:00,4280.0,4280.0,4235.0,4235.0,700,0.0,0.0
2022-11-18 09:00:00+09:00,4285.0,4285.0,4260.0,4265.0,1500,0.0,0.0
2022-11-18 10:00:00+09:00,4255.0,4260.0,4255.0,4260.0,400,0.0,0.0
2022-11-18 11:00:00+09:00,4290.0,4295.0,4290.0,4295.0,0,0.0,0.0
2022-11-18 12:00:00+09:00,4295.0,4295.0,4295.0,4295.0,2300,0.0,0.0
2022-11-18 13:00:00+09:00,4290.0,4290.0,4280.0,4280.0,300,0.0,0.0
2022-11-18 14:00:00+09:00,4310.0,4325.0,4290.0,4315.0,2300,0.0,0.0
2022-11-21 09:00:00+09:00,4315.0,4320.0,4315.0,4320.0,400,0.0,0.0
2022-11-21 10:00:00+09:00,4315.0,4335.0,4310.0,4310.0,1000,0.0,0.0
2022-11-21 11:00:00+09:00,4310.0,4310.0,4310.0,4310.0,0,0.0,0.0
2022-11-21 12:00:00+09:00,4330.0,4330.0,4310.0,4310.0,1600,0.0,0.0
2022-11-21 13:00:00+09:00,4330.0,4335.0,4330.0,4335.0,400,0.0,0.0
2022-11-21 14:00:00+09:00,4335.0,4375.0,4335.0,4375.0,1300,0.0,0.0
2022-11-22 09:00:00+09:00,4325.0,4365.0,4325.0,4350.0,0,0.0,0.0
2022-11-22 10:00:00+09:00,4355.0,4355.0,4355.0,4355.0,1300,0.0,0.0
2022-11-22 11:00:00+09:00,4355.0,4355.0,4355.0,4355.0,0,0.0,0.0
2022-11-22 12:00:00+09:00,4365.0,4365.0,4365.0,4365.0,1400,0.0,0.0
2022-11-22 13:00:00+09:00,4370.0,4390.0,4370.0,4390.0,1400,0.0,0.0
2022-11-22 14:00:00+09:00,4410.0,4460.0,4410.0,4455.0,2200,0.0,0.0
2022-11-24 09:00:00+09:00,4485.0,4520.0,4485.0,4510.0,1300,0.0,0.0
2022-11-24 10:00:00+09:00,4515.0,4525.0,4500.0,4500.0,500,0.0,0.0
2022-11-24 11:00:00+09:00,4500.0,4500.0,4500.0,4500.0,0,0.0,0.0
2022-11-24 12:00:00+09:00,4500.0,4500.0,4500.0,4500.0,1900,0.0,0.0
2022-11-24 13:00:00+09:00,4490.0,4490.0,4475.0,4490.0,600,0.0,0.0
2022-11-24 14:00:00+09:00,4505.0,4590.0,4505.0,4555.0,3200,0.0,0.0
2022-11-25 09:00:00+09:00,4555.0,4555.0,4505.0,4515.0,500,0.0,0.0
2022-11-25 11:00:00+09:00,4510.0,4510.0,4505.0,4505.0,0,0.0,0.0
2022-11-25 12:00:00+09:00,4500.0,4500.0,4500.0,4500.0,1000,0.0,0.0
2022-11-25 14:00:00+09:00,4485.0,4485.0,4465.0,4465.0,600,0.0,0.0
2022-11-28 09:00:00+09:00,4460.0,4460.0,4455.0,4455.0,200,0.0,0.0
2022-11-28 10:00:00+09:00,4435.0,4435.0,4435.0,4435.0,100,0.0,0.0
2022-11-28 11:00:00+09:00,4435.0,4435.0,4435.0,4435.0,0,0.0,0.0
2022-11-28 12:00:00+09:00,4435.0,4435.0,4400.0,4400.0,800,0.0,0.0
2022-11-28 13:00:00+09:00,4390.0,4420.0,4390.0,4420.0,700,0.0,0.0
2022-11-28 14:00:00+09:00,4435.0,4440.0,4430.0,4435.0,900,0.0,0.0
2022-11-29 09:00:00+09:00,4445.0,4445.0,4410.0,4410.0,300,0.0,0.0
2022-11-29 10:00:00+09:00,4450.0,4460.0,4450.0,4460.0,500,0.0,0.0
2022-11-29 11:00:00+09:00,4460.0,4460.0,4460.0,4460.0,0,0.0,0.0
2022-11-29 12:00:00+09:00,4480.0,4480.0,4460.0,4460.0,1000,0.0,0.0
2022-11-29 14:00:00+09:00,4450.0,4450.0,4420.0,4435.0,1100,0.0,0.0
2022-11-30 09:00:00+09:00,4435.0,4435.0,4420.0,4420.0,200,0.0,0.0
2022-11-30 11:00:00+09:00,4420.0,4420.0,4420.0,4420.0,0,0.0,0.0
2022-11-30 13:00:00+09:00,4415.0,4415.0,4415.0,4415.0,400,0.0,0.0
2022-11-30 14:00:00+09:00,4410.0,4410.0,4275.0,4275.0,2500,0.0,0.0
2022-12-01 09:00:00+09:00,4230.0,4305.0,4230.0,4275.0,0,0.0,0.0
2022-12-01 10:00:00+09:00,4265.0,4270.0,4230.0,4255.0,1600,0.0,0.0
2022-12-01 11:00:00+09:00,4255.0,4255.0,4255.0,4255.0,0,0.0,0.0
2022-12-01 12:00:00+09:00,4240.0,4255.0,4240.0,4240.0,2100,0.0,0.0
2022-12-01 13:00:00+09:00,4235.0,4285.0,4230.0,4265.0,2200,0.0,0.0
2022-12-01 14:00:00+09:00,4255.0,4275.0,4240.0,4250.0,1100,0.0,0.0
2022-12-02 09:00:00+09:00,4255.0,4255.0,4140.0,4145.0,1600,0.0,0.0
2022-12-02 10:00:00+09:00,4155.0,4155.0,4115.0,4115.0,600,0.0,0.0
2022-12-02 11:00:00+09:00,4110.0,4110.0,4110.0,4110.0,0,0.0,0.0
2022-12-02 12:00:00+09:00,4110.0,4125.0,4110.0,4125.0,2800,0.0,0.0
2022-12-02 13:00:00+09:00,4140.0,4195.0,4140.0,4195.0,1600,0.0,0.0
2022-12-02 14:00:00+09:00,4180.0,4180.0,4140.0,4145.0,900,0.0,0.0
2022-12-05 09:00:00+09:00,4120.0,4140.0,4120.0,4140.0,200,0.0,0.0
2022-12-05 10:00:00+09:00,4120.0,4130.0,4100.0,4130.0,1800,0.0,0.0
2022-12-05 11:00:00+09:00,4140.0,4140.0,4120.0,4120.0,0,0.0,0.0
2022-12-05 12:00:00+09:00,4125.0,4150.0,4125.0,4150.0,2800,0.0,0.0
2022-12-05 14:00:00+09:00,4160.0,4195.0,4155.0,4180.0,2200,0.0,0.0
2022-12-06 09:00:00+09:00,4175.0,4220.0,4170.0,4200.0,1700,0.0,0.0
2022-12-06 10:00:00+09:00,4220.0,4240.0,4220.0,4220.0,500,0.0,0.0
2022-12-06 11:00:00+09:00,4220.0,4220.0,4220.0,4220.0,0,0.0,0.0
2022-12-06 12:00:00+09:00,4215.0,4215.0,4215.0,4215.0,2400,0.0,0.0
2022-12-06 13:00:00+09:00,4215.0,4215.0,4180.0,4180.0,500,0.0,0.0
2022-12-06 14:00:00+09:00,4170.0,4170.0,4155.0,4155.0,500,0.0,0.0
2022-12-07 09:00:00+09:00,4155.0,4155.0,4155.0,4155.0,0,0.0,0.0
2022-12-07 11:00:00+09:00,4155.0,4155.0,4155.0,4155.0,0,0.0,0.0
2022-12-07 12:00:00+09:00,4165.0,4165.0,4165.0,4165.0,300,0.0,0.0
2022-12-07 13:00:00+09:00,4150.0,4150.0,4135.0,4135.0,900,0.0,0.0
2022-12-07 14:00:00+09:00,4120.0,4135.0,4120.0,4120.0,700,0.0,0.0
2022-12-08 09:00:00+09:00,4120.0,4120.0,4070.0,4070.0,1400,0.0,0.0
2022-12-08 10:00:00+09:00,4070.0,4070.0,4055.0,4060.0,700,0.0,0.0
2022-12-08 11:00:00+09:00,4060.0,4060.0,4060.0,4060.0,0,0.0,0.0
2022-12-08 12:00:00+09:00,4075.0,4085.0,4065.0,4065.0,3000,0.0,0.0
2022-12-08 13:00:00+09:00,4080.0,4100.0,4080.0,4100.0,1100,0.0,0.0
2022-12-08 14:00:00+09:00,4100.0,4100.0,4060.0,4080.0,4100,0.0,0.0
2022-12-09 09:00:00+09:00,4120.0,4130.0,4120.0,4120.0,1800,0.0,0.0
2022-12-09 10:00:00+09:00,4175.0,4175.0,4170.0,4170.0,200,0.0,0.0
2022-12-09 11:00:00+09:00,4170.0,4170.0,4170.0,4170.0,0,0.0,0.0
2022-12-09 12:00:00+09:00,4205.0,4205.0,4205.0,4205.0,2100,0.0,0.0
2022-12-09 13:00:00+09:00,4215.0,4300.0,4215.0,4270.0,1300,0.0,0.0
2022-12-09 14:00:00+09:00,4250.0,4300.0,4250.0,4265.0,2000,0.0,0.0
2022-12-12 09:00:00+09:00,4210.0,4210.0,4190.0,4190.0,4500,0.0,0.0
2022-12-12 11:00:00+09:00,4190.0,4190.0,4190.0,4190.0,0,0.0,0.0
2022-12-12 12:00:00+09:00,4210.0,4210.0,4210.0,4210.0,4600,0.0,0.0
2022-12-12 13:00:00+09:00,4220.0,4225.0,4220.0,4225.0,400,0.0,0.0
2022-12-12 14:00:00+09:00,4230.0,4230.0,4190.0,4200.0,1300,0.0,0.0
2022-12-13 09:00:00+09:00,4235.0,4235.0,4220.0,4220.0,500,0.0,0.0
2022-12-13 10:00:00+09:00,4205.0,4205.0,4180.0,4180.0,400,0.0,0.0
2022-12-13 11:00:00+09:00,4180.0,4180.0,4180.0,4180.0,0,0.0,0.0
2022-12-13 12:00:00+09:00,4180.0,4180.0,4180.0,4180.0,1000,0.0,0.0
2022-12-13 13:00:00+09:00,4185.0,4185.0,4175.0,4185.0,400,0.0,0.0
2022-12-13 14:00:00+09:00,4185.0,4195.0,4170.0,4180.0,800,0.0,0.0
2022-12-14 09:00:00+09:00,4170.0,4170.0,4170.0,4170.0,200,0.0,0.0
2022-12-14 11:00:00+09:00,4180.0,4190.0,4180.0,4190.0,0,0.0,0.0
2022-12-14 12:00:00+09:00,4190.0,4210.0,4190.0,4205.0,1300,0.0,0.0
2022-12-14 13:00:00+09:00,4205.0,4215.0,4190.0,4215.0,1500,0.0,0.0
2022-12-14 14:00:00+09:00,4220.0,4235.0,4205.0,4230.0,1500,0.0,0.0
2022-12-15 09:00:00+09:00,4180.0,4230.0,4180.0,4230.0,1400,0.0,0.0
2022-12-15 10:00:00+09:00,4215.0,4215.0,4215.0,4215.0,100,0.0,0.0
2022-12-15 11:00:00+09:00,4215.0,4215.0,4215.0,4215.0,0,0.0,0.0
2022-12-15 12:00:00+09:00,4215.0,4230.0,4215.0,4230.0,1800,0.0,0.0
2022-12-15 14:00:00+09:00,4225.0,4250.0,4225.0,4250.0,700,0.0,0.0
2022-12-16 09:00:00+09:00,4225.0,4225.0,4180.0,4205.0,600,0.0,0.0
2022-12-16 10:00:00+09:00,4215.0,4215.0,4190.0,4190.0,1200,0.0,0.0
2022-12-16 11:00:00+09:00,4200.0,4200.0,4200.0,4200.0,0,0.0,0.0
2022-12-16 12:00:00+09:00,4200.0,4200.0,4200.0,4200.0,2200,0.0,0.0
2022-12-16 13:00:00+09:00,4195.0,4195.0,4160.0,4165.0,2000,0.0,0.0
2022-12-16 14:00:00+09:00,4165.0,4195.0,4135.0,4145.0,5200,0.0,0.0
2022-12-19 09:00:00+09:00,4125.0,4160.0,4090.0,4160.0,9400,0.0,0.0
2022-12-19 10:00:00+09:00,4130.0,4130.0,4130.0,4130.0,100,0.0,0.0
2022-12-19 11:00:00+09:00,4150.0,4150.0,4150.0,4150.0,0,0.0,0.0
2022-12-19 12:00:00+09:00,4170.0,4200.0,4170.0,4180.0,10200,0.0,0.0
2022-12-19 13:00:00+09:00,4185.0,4205.0,4185.0,4205.0,200,0.0,0.0
2022-12-19 14:00:00+09:00,4215.0,4235.0,4205.0,4205.0,700,0.0,0.0
2022-12-20 09:00:00+09:00,4200.0,4200.0,4180.0,4185.0,600,0.0,0.0
2022-12-20 10:00:00+09:00,4195.0,4205.0,4195.0,4205.0,200,0.0,0.0
2022-12-20 11:00:00+09:00,4210.0,4225.0,4210.0,4215.0,0,0.0,0.0
2022-12-20 12:00:00+09:00,4005.0,4175.0,4005.0,4110.0,2700,0.0,0.0
2022-12-20 13:00:00+09:00,4105.0,4110.0,4030.0,4030.0,1700,0.0,0.0
2022-12-20 14:00:00+09:00,4020.0,4030.0,3965.0,3965.0,3700,0.0,0.0
2022-12-21 09:00:00+09:00,3970.0,4030.0,3950.0,4015.0,1900,0.0,0.0
2022-12-21 10:00:00+09:00,4020.0,4065.0,4020.0,4065.0,1200,0.0,0.0
2022-12-21 11:00:00+09:00,4080.0,4080.0,4070.0,4070.0,0,0.0,0.0
2022-12-21 12:00:00+09:00,4065.0,4065.0,4005.0,4005.0,3800,0.0,0.0
2022-12-21 13:00:00+09:00,4005.0,4010.0,3980.0,3990.0,700,0.0,0.0
2022-12-21 14:00:00+09:00,4000.0,4030.0,3975.0,3975.0,1900,0.0,0.0
2022-12-22 09:00:00+09:00,4015.0,4035.0,4015.0,4020.0,500,0.0,0.0
2022-12-22 10:00:00+09:00,4045.0,4050.0,4045.0,4050.0,200,0.0,0.0
2022-12-22 11:00:00+09:00,4050.0,4050.0,4050.0,4050.0,0,0.0,0.0
2022-12-22 12:00:00+09:00,4050.0,4050.0,4050.0,4050.0,900,0.0,0.0
2022-12-22 13:00:00+09:00,4035.0,4035.0,4025.0,4025.0,300,0.0,0.0
2022-12-23 09:00:00+09:00,3995.0,3995.0,3955.0,3955.0,1300,0.0,0.0
2022-12-23 10:00:00+09:00,3975.0,3975.0,3960.0,3960.0,500,0.0,0.0
2022-12-23 11:00:00+09:00,3980.0,3990.0,3980.0,3990.0,0,0.0,0.0
2022-12-23 12:00:00+09:00,3990.0,3990.0,3990.0,3990.0,2500,0.0,0.0
2022-12-23 13:00:00+09:00,4015.0,4015.0,4015.0,4015.0,200,0.0,0.0
2022-12-23 14:00:00+09:00,4010.0,4010.0,3995.0,3995.0,700,0.0,0.0
2022-12-26 09:00:00+09:00,4105.0,4160.0,4030.0,4110.0,6700,0.0,0.0
2022-12-26 11:00:00+09:00,4110.0,4110.0,4110.0,4110.0,0,0.0,0.0
2022-12-26 13:00:00+09:00,4140.0,4140.0,4140.0,4140.0,11300,0.0,0.0
2022-12-26 14:00:00+09:00,4135.0,4135.0,4115.0,4125.0,2300,0.0,0.0
2022-12-27 09:00:00+09:00,4060.0,4090.0,4060.0,4080.0,900,0.0,0.0
2022-12-27 11:00:00+09:00,4080.0,4080.0,4080.0,4080.0,0,0.0,0.0
2022-12-27 12:00:00+09:00,4080.0,4080.0,4070.0,4070.0,1400,0.0,0.0
2022-12-27 13:00:00+09:00,4065.0,4065.0,4065.0,4065.0,200,0.0,0.0
2022-12-27 14:00:00+09:00,4070.0,4070.0,4045.0,4050.0,1000,0.0,0.0
2022-12-28 09:00:00+09:00,4040.0,4040.0,4015.0,4015.0,500,0.0,0.0
2022-12-28 10:00:00+09:00,4055.0,4055.0,4055.0,4055.0,0,0.0,0.0
2022-12-28 11:00:00+09:00,4055.0,4055.0,4055.0,4055.0,0,0.0,0.0
2022-12-28 12:00:00+09:00,4025.0,4025.0,4025.0,4025.0,1300,0.0,0.0
2022-12-28 13:00:00+09:00,4025.0,4025.0,4020.0,4020.0,300,0.0,0.0
2022-12-28 14:00:00+09:00,4025.0,4050.0,4025.0,4040.0,1200,0.0,0.0
2022-12-29 09:00:00+09:00,4055.0,4075.0,4030.0,4075.0,1100,0.0,0.0
2022-12-29 10:00:00+09:00,4075.0,4075.0,4075.0,4075.0,0,0.0,0.0
2022-12-29 11:00:00+09:00,4075.0,4075.0,4075.0,4075.0,0,0.0,0.0
2022-12-29 12:00:00+09:00,4065.0,4110.0,4065.0,4110.0,2000,0.0,0.0
2022-12-29 13:00:00+09:00,4110.0,4120.0,4110.0,4115.0,300,0.0,0.0
2022-12-29 14:00:00+09:00,4110.0,4180.0,4110.0,4140.0,2200,0.0,0.0
2022-12-30 13:00:00+09:00,4150.0,4150.0,4150.0,4150.0,100,0.0,0.0
2022-12-30 14:00:00+09:00,4150.0,4150.0,4115.0,4135.0,1000,0.0,0.0
2023-01-04 09:00:00+09:00,4105.0,4105.0,4000.0,4000.0,0,0.0,0.0
2023-01-04 10:00:00+09:00,3990.0,3990.0,3950.0,3970.0,2200,0.0,0.0
2023-01-04 11:00:00+09:00,3970.0,3970.0,3970.0,3970.0,0,0.0,0.0
2023-01-04 12:00:00+09:00,3955.0,3955.0,3940.0,3940.0,2800,0.0,0.0
2023-01-04 13:00:00+09:00,3935.0,3935.0,3930.0,3935.0,600,0.0,0.0
2023-01-04 14:00:00+09:00,3920.0,3930.0,3890.0,3900.0,1600,0.0,0.0
2023-01-05 09:00:00+09:00,3875.0,3885.0,3865.0,3865.0,600,0.0,0.0
2023-01-05 10:00:00+09:00,3870.0,3870.0,3860.0,3860.0,300,0.0,0.0
2023-01-05 11:00:00+09:00,3860.0,3860.0,3840.0,3840.0,0,0.0,0.0
2023-01-05 12:00:00+09:00,3835.0,3835.0,3820.0,3820.0,1500,0.0,0.0
2023-01-05 13:00:00+09:00,3810.0,3810.0,3800.0,3800.0,600,0.0,0.0
2023-01-05 14:00:00+09:00,3780.0,3780.0,3740.0,3760.0,3300,0.0,0.0
2023-01-06 09:00:00+09:00,3755.0,3755.0,3710.0,3740.0,500,0.0,0.0
2023-01-06 11:00:00+09:00,3745.0,3745.0,3745.0,3745.0,0,0.0,0.0
2023-01-06 12:00:00+09:00,3745.0,3745.0,3730.0,3730.0,1000,0.0,0.0
2023-01-06 13:00:00+09:00,3745.0,3765.0,3745.0,3765.0,400,0.0,0.0
2023-01-06 14:00:00+09:00,3775.0,3850.0,3775.0,3840.0,3200,0.0,0.0
2023-01-10 09:00:00+09:00,3870.0,3915.0,3870.0,3890.0,700,0.0,0.0
2023-01-10 11:00:00+09:00,3890.0,3890.0,3890.0,3890.0,0,0.0,0.0
2023-01-10 12:00:00+09:00,3905.0,3905.0,3850.0,3850.0,1300,0.0,0.0
2023-01-10 13:00:00+09:00,3850.0,3850.0,3845.0,3845.0,300,0.0,0.0
2023-01-10 14:00:00+09:00,3840.0,3845.0,3790.0,3805.0,2200,0.0,0.0
2023-01-11 09:00:00+09:00,3815.0,3850.0,3805.0,3850.0,700,0.0,0.0
2023-01-11 10:00:00+09:00,3865.0,3865.0,3865.0,3865.0,100,0.0,0.0
2023-01-11 11:00:00+09:00,3865.0,3865.0,3865.0,3865.0,0,0.0,0.0
2023-01-11 12:00:00+09:00,3865.0,3880.0,3860.0,3880.0,1300,0.0,0.0
2023-01-11 13:00:00+09:00,3850.0,3850.0,3850.0,3850.0,100,0.0,0.0
2023-01-11 14:00:00+09:00,3850.0,3910.0,3850.0,3910.0,3100,0.0,0.0
2023-01-12 09:00:00+09:00,3925.0,3925.0,3890.0,3890.0,3200,0.0,0.0
2023-01-12 10:00:00+09:00,3880.0,3880.0,3880.0,3880.0,200,0.0,0.0
2023-01-12 11:00:00+09:00,3880.0,3880.0,3880.0,3880.0,0,0.0,0.0
2023-01-12 12:00:00+09:00,3880.0,3880.0,3880.0,3880.0,3500,0.0,0.0
2023-01-12 13:00:00+09:00,3880.0,3880.0,3855.0,3855.0,700,0.0,0.0
2023-01-12 14:00:00+09:00,3850.0,3850.0,3850.0,3850.0,100,0.0,0.0
2023-01-13 09:00:00+09:00,3900.0,3900.0,3900.0,3900.0,500,0.0,0.0
2023-01-13 10:00:00+09:00,3865.0,3885.0,3860.0,3885.0,1400,0.0,0.0
2023-01-13 11:00:00+09:00,3885.0,3885.0,3885.0,3885.0,0,0.0,0.0
2023-01-13 12:00:00+09:00,3900.0,3900.0,3900.0,3900.0,2100,0.0,0.0
2023-01-13 13:00:00+09:00,3890.0,3890.0,3885.0,3885.0,300,0.0,0.0
2023-01-13 14:00:00+09:00,3865.0,3880.0,3835.0,3860.0,3100,0.0,0.0
2023-01-16 09:00:00+09:00,3830.0,3865.0,3830.0,3835.0,700,0.0,0.0
2023-01-16 10:00:00+09:00,3820.0,3910.0,3820.0,3910.0,600,0.0,0.0
2023-01-16 11:00:00+09:00,3910.0,3910.0,3910.0,3910.0,0,0.0,0.0
2023-01-16 14:00:00+09:00,3880.0,3880.0,3865.0,3865.0,2100,0.0,0.0
2023-01-17 09:00:00+09:00,3850.0,3850.0,3850.0,3850.0,100,0.0,0.0
2023-01-17 11:00:00+09:00,3850.0,3850.0,3850.0,3850.0,0,0.0,0.0
2023-01-17 12:00:00+09:00,3895.0,3930.0,3895.0,3930.0,1400,0.0,0.0
2023-01-17 13:00:00+09:00,3910.0,3910.0,3910.0,3910.0,100,0.0,0.0
2023-01-17 14:00:00+09:00,3910.0,3995.0,3910.0,3975.0,3200,0.0,0.0
2023-01-18 09:00:00+09:00,4050.0,4050.0,4015.0,4015.0,700,0.0,0.0
2023-01-18 10:00:00+09:00,4020.0,4020.0,4020.0,4020.0,100,0.0,0.0
2023-01-18 11:00:00+09:00,4005.0,4005.0,4000.0,4000.0,0,0.0,0.0
2023-01-18 12:00:00+09:00,4135.0,4140.0,4090.0,4090.0,2100,0.0,0.0
2023-01-18 13:00:00+09:00,4095.0,4100.0,4065.0,4080.0,700,0.0,0.0
2023-01-18 14:00:00+09:00,4070.0,4100.0,4045.0,4065.0,2000,0.0,0.0
2023-01-19 09:00:00+09:00,4060.0,4060.0,3975.0,3990.0,1800,0.0,0.0
2023-01-19 10:00:00+09:00,4015.0,4020.0,4015.0,4020.0,300,0.0,0.0
2023-01-19 11:00:00+09:00,4020.0,4020.0,4010.0,4010.0,0,0.0,0.0
2023-01-19 13:00:00+09:00,3995.0,3995.0,3995.0,3995.0,2700,0.0,0.0
2023-01-19 14:00:00+09:00,4035.0,4055.0,4025.0,4040.0,1800,0.0,0.0
2023-01-20 09:00:00+09:00,3995.0,3995.0,3995.0,3995.0,100,0.0,0.0
2023-01-20 10:00:00+09:00,3995.0,3995.0,3995.0,3995.0,300,0.0,0.0
2023-01-20 11:00:00+09:00,4005.0,4030.0,4005.0,4005.0,0,0.0,0.0
2023-01-20 12:00:00+09:00,4025.0,4025.0,3980.0,3995.0,2500,0.0,0.0
2023-01-20 14:00:00+09:00,4005.0,4010.0,3965.0,3965.0,1200,0.0,0.0
2023-01-23 09:00:00+09:00,3960.0,4010.0,3960.0,4010.0,800,0.0,0.0
2023-01-23 10:00:00+09:00,4040.0,4040.0,4040.0,4040.0,300,0.0,0.0
2023-01-23 11:00:00+09:00,4035.0,4035.0,4035.0,4035.0,0,0.0,0.0
2023-01-23 12:00:00+09:00,4035.0,4035.0,4015.0,4015.0,1500,0.0,0.0
2023-01-23 13:00:00+09:00,4055.0,4070.0,4050.0,4050.0,800,0.0,0.0
2023-01-23 14:00:00+09:00,4070.0,4090.0,4070.0,4085.0,1200,0.0,0.0
2023-01-24 09:00:00+09:00,4090.0,4140.0,4085.0,4085.0,1100,0.0,0.0
2023-01-24 10:00:00+09:00,4110.0,4140.0,4110.0,4135.0,800,0.0,0.0
2023-01-24 11:00:00+09:00,4140.0,4140.0,4135.0,4140.0,0,0.0,0.0
2023-01-24 12:00:00+09:00,4150.0,4150.0,4140.0,4140.0,2500,0.0,0.0
2023-01-24 13:00:00+09:00,4165.0,4165.0,4165.0,4165.0,200,0.0,0.0
2023-01-24 14:00:00+09:00,4165.0,4220.0,4155.0,4220.0,3000,0.0,0.0
2023-01-25 11:00:00+09:00,4220.0,4220.0,4220.0,4220.0,100,0.0,0.0
2023-01-25 12:00:00+09:00,4220.0,4220.0,4220.0,4220.0,300,0.0,0.0
2023-01-25 13:00:00+09:00,4215.0,4215.0,4195.0,4205.0,600,0.0,0.0
2023-01-25 14:00:00+09:00,4220.0,4230.0,4175.0,4175.0,2900,0.0,0.0
2023-01-26 09:00:00+09:00,4170.0,4225.0,4080.0,4120.0,3900,0.0,0.0
2023-01-26 10:00:00+09:00,4120.0,4120.0,4105.0,4105.0,500,0.0,0.0
2023-01-26 11:00:00+09:00,4120.0,4125.0,4120.0,4125.0,0,0.0,0.0
2023-01-26 12:00:00+09:00,4125.0,4125.0,4125.0,4125.0,4800,0.0,0.0
2023-01-26 13:00:00+09:00,4125.0,4125.0,4125.0,4125.0,100,0.0,0.0
2023-01-26 14:00:00+09:00,4135.0,4150.0,4125.0,4125.0,1100,0.0,0.0
2023-01-27 12:00:00+09:00,4120.0,4120.0,4120.0,4120.0,500,0.0,0.0
2023-01-27 13:00:00+09:00,4140.0,4150.0,4140.0,4145.0,600,0.0,0.0
2023-01-27 14:00:00+09:00,4160.0,4170.0,4130.0,4155.0,2900,0.0,0.0
2023-01-30 09:00:00+09:00,4130.0,4135.0,4075.0,4100.0,0,0.0,0.0
2023-01-30 11:00:00+09:00,4100.0,4100.0,4100.0,4100.0,0,0.0,0.0
2023-01-30 12:00:00+09:00,4100.0,4105.0,4100.0,4105.0,2200,0.0,0.0
2023-01-30 13:00:00+09:00,4095.0,4100.0,4065.0,4085.0,1600,0.0,0.0
2023-01-30 14:00:00+09:00,4070.0,4090.0,4045.0,4090.0,2400,0.0,0.0
2023-01-31 09:00:00+09:00,4110.0,4120.0,4090.0,4120.0,1000,0.0,0.0
2023-01-31 10:00:00+09:00,4135.0,4145.0,4115.0,4115.0,1200,0.0,0.0
2023-01-31 11:00:00+09:00,4110.0,4110.0,4110.0,4110.0,0,0.0,0.0
2023-01-31 12:00:00+09:00,4110.0,4125.0,4110.0,4125.0,2700,0.0,0.0
2023-01-31 13:00:00+09:00,4105.0,4105.0,4100.0,4100.0,400,0.0,0.0
2023-01-31 14:00:00+09:00,4105.0,4200.0,4105.0,4195.0,4800,0.0,0.0
2023-02-01 09:00:00+09:00,4135.0,4135.0,4135.0,4135.0,100,0.0,0.0
2023-02-01 11:00:00+09:00,4150.0,4150.0,4075.0,4120.0,0,0.0,0.0
2023-02-01 12:00:00+09:00,4120.0,4120.0,4055.0,4075.0,5700,0.0,0.0
2023-02-01 13:00:00+09:00,4090.0,4090.0,4085.0,4085.0,400,0.0,0.0
2023-02-01 14:00:00+09:00,4085.0,4105.0,4085.0,4090.0,1200,0.0,0.0
2023-02-02 09:00:00+09:00,4155.0,4160.0,4100.0,4120.0,800,0.0,0.0
2023-02-02 11:00:00+09:00,4115.0,4125.0,4115.0,4125.0,0,0.0,0.0
2023-02-02 12:00:00+09:00,4125.0,4125.0,4125.0,4125.0,1300,0.0,0.0
2023-02-02 14:00:00+09:00,4125.0,4135.0,4070.0,4090.0,4300,0.0,0.0
2023-02-03 09:00:00+09:00,4055.0,4055.0,4005.0,4030.0,1100,0.0,0.0
2023-02-03 10:00:00+09:00,4030.0,4030.0,4015.0,4015.0,700,0.0,0.0
2023-02-03 11:00:00+09:00,4015.0,4015.0,4010.0,4010.0,0,0.0,0.0
2023-02-03 12:00:00+09:00,4020.0,4080.0,4000.0,4000.0,3200,0.0,0.0
2023-02-03 14:00:00+09:00,3990.0,3990.0,3960.0,3980.0,1800,0.0,0.0
2023-02-06 09:00:00+09:00,3985.0,3985.0,3985.0,3985.0,200,0.0,0.0
2023-02-06 10:00:00+09:00,4010.0,4010.0,4010.0,4010.0,100,0.0,0.0
2023-02-06 11:00:00+09:00,4010.0,4010.0,4010.0,4010.0,0,0.0,0.0
2023-02-06 12:00:00+09:00,4030.0,4075.0,4030.0,4075.0,500,0.0,0.0
2023-02-06 13:00:00+09:00,4055.0,4065.0,4035.0,4065.0,1600,0.0,0.0
2023-02-06 14:00:00+09:00,4060.0,4200.0,4005.0,4085.0,9800,0.0,0.0
2023-02-07 09:00:00+09:00,4090.0,4090.0,4090.0,4090.0,100,0.0,0.0
2023-02-07 10:00:00+09:00,4095.0,4115.0,4095.0,4115.0,200,0.0,0.0
2023-02-07 11:00:00+09:00,4130.0,4145.0,4100.0,4145.0,0,0.0,0.0
2023-02-07 12:00:00+09:00,4115.0,4115.0,4115.0,4115.0,2000,0.0,0.0
2023-02-07 13:00:00+09:00,4125.0,4125.0,4125.0,4125.0,200,0.0,0.0
2023-02-07 14:00:00+09:00,4120.0,4135.0,4105.0,4105.0,1400,0.0,0.0
2023-02-08 09:00:00+09:00,4100.0,4100.0,4015.0,4015.0,2100,0.0,0.0
2023-02-08 10:00:00+09:00,4025.0,4025.0,4025.0,4025.0,200,0.0,0.0
2023-02-08 11:00:00+09:00,4025.0,4025.0,4025.0,4025.0,0,0.0,0.0
2023-02-08 13:00:00+09:00,4065.0,4065.0,4000.0,4025.0,4900,0.0,0.0
2023-02-08 14:00:00+09:00,4015.0,4035.0,4010.0,4030.0,3500,0.0,0.0
2023-02-09 09:00:00+09:00,4020.0,4065.0,4020.0,4065.0,1000,0.0,0.0
2023-02-09 11:00:00+09:00,4065.0,4065.0,4065.0,4065.0,0,0.0,0.0
2023-02-09 12:00:00+09:00,4115.0,4150.0,4115.0,4150.0,1300,0.0,0.0
2023-02-09 13:00:00+09:00,4110.0,4160.0,4110.0,4160.0,2400,0.0,0.0
2023-02-09 14:00:00+09:00,4155.0,4225.0,4155.0,4175.0,11600,0.0,0.0
2023-02-10 09:00:00+09:00,4225.0,4240.0,4205.0,4210.0,0,0.0,0.0
2023-02-10 10:00:00+09:00,4240.0,4290.0,4240.0,4290.0,5100,0.0,0.0
2023-02-10 11:00:00+09:00,4270.0,4275.0,4260.0,4270.0,0,0.0,0.0
2023-02-10 12:00:00+09:00,4265.0,4275.0,4265.0,4275.0,7000,0.0,0.0
2023-02-10 13:00:00+09:00,4270.0,4270.0,4225.0,4225.0,600,0.0,0.0
2023-02-10 14:00:00+09:00,4230.0,4230.0,4165.0,4165.0,2400,0.0,0.0
2023-02-13 09:00:00+09:00,4195.0,4195.0,4140.0,4145.0,800,0.0,0.0
2023-02-13 10:00:00+09:00,4120.0,4120.0,4120.0,4120.0,100,0.0,0.0
2023-02-13 11:00:00+09:00,4120.0,4120.0,4120.0,4120.0,0,0.0,0.0
2023-02-13 12:00:00+09:00,4155.0,4155.0,4155.0,4155.0,1000,0.0,0.0
2023-02-13 14:00:00+09:00,4145.0,4145.0,4115.0,4130.0,700,0.0,0.0
2023-02-14 09:00:00+09:00,4150.0,4200.0,4150.0,4170.0,1300,0.0,0.0
2023-02-14 10:00:00+09:00,4185.0,4185.0,4180.0,4180.0,200,0.0,0.0
2023-02-14 11:00:00+09:00,4180.0,4180.0,4180.0,4180.0,0,0.0,0.0
2023-02-14 12:00:00+09:00,4205.0,4205.0,4205.0,4205.0,1700,0.0,0.0
2023-02-14 13:00:00+09:00,4220.0,4255.0,4220.0,4240.0,1400,0.0,0.0
2023-02-14 14:00:00+09:00,4230.0,4245.0,4205.0,4225.0,1800,0.0,0.0
2023-02-15 09:00:00+09:00,4285.0,4285.0,4265.0,4265.0,800,0.0,0.0
2023-02-15 11:00:00+09:00,4250.0,4260.0,4230.0,4260.0,0,0.0,0.0
2023-02-15 14:00:00+09:00,4235.0,4240.0,4215.0,4225.0,3600,0.0,0.0
2023-02-16 09:00:00+09:00,4285.0,4340.0,4285.0,4300.0,1800,0.0,0.0
2023-02-16 10:00:00+09:00,4285.0,4290.0,4270.0,4270.0,500,0.0,0.0
2023-02-16 11:00:00+09:00,4290.0,4290.0,4290.0,4290.0,0,0.0,0.0
2023-02-16 12:00:00+09:00,4315.0,4325.0,4315.0,4325.0,3100,0.0,0.0
2023-02-16 14:00:00+09:00,4295.0,4305.0,4280.0,4280.0,1200,0.0,0.0
2023-02-17 09:00:00+09:00,4290.0,4320.0,4290.0,4315.0,1700,0.0,0.0
2023-02-17 11:00:00+09:00,4315.0,4315.0,4315.0,4315.0,0,0.0,0.0
2023-02-17 14:00:00+09:00,4300.0,4305.0,4300.0,4305.0,1900,0.0,0.0
2023-02-20 09:00:00+09:00,4290.0,4290.0,4250.0,4260.0,1600,0.0,0.0
2023-02-20 10:00:00+09:00,4270.0,4270.0,4265.0,4265.0,0,0.0,0.0
2023-02-20 11:00:00+09:00,4265.0,4265.0,4265.0,4265.0,0,0.0,0.0
2023-02-20 12:00:00+09:00,4275.0,4275.0,4275.0,4275.0,3900,0.0,0.0
2023-02-20 14:00:00+09:00,4265.0,4265.0,4235.0,4240.0,900,0.0,0.0
2023-02-21 09:00:00+09:00,4225.0,4225.0,4185.0,4205.0,1500,0.0,0.0
2023-02-21 10:00:00+09:00,4210.0,4240.0,4210.0,4240.0,0,0.0,0.0
2023-02-21 11:00:00+09:00,4225.0,4225.0,4225.0,4225.0,0,0.0,0.0
2023-02-21 12:00:00+09:00,4220.0,4220.0,4220.0,4220.0,2900,0.0,0.0
2023-02-21 14:00:00+09:00,4240.0,4260.0,4240.0,4260.0,600,0.0,0.0
2023-02-22 09:00:00+09:00,4190.0,4190.0,4165.0,4165.0,400,0.0,0.0
2023-02-22 10:00:00+09:00,4155.0,4155.0,4125.0,4145.0,900,0.0,0.0
2023-02-22 11:00:00+09:00,4125.0,4125.0,4125.0,4125.0,0,0.0,0.0
2023-02-22 12:00:00+09:00,4125.0,4160.0,4105.0,4135.0,3300,0.0,0.0
2023-02-22 13:00:00+09:00,4130.0,4165.0,4125.0,4150.0,2700,0.0,0.0
2023-02-22 14:00:00+09:00,4135.0,4165.0,4135.0,4160.0,3100,0.0,0.0
2023-02-24 09:00:00+09:00,4145.0,4145.0,4145.0,4145.0,0,0.0,0.0
2023-02-24 10:00:00+09:00,4135.0,4145.0,4105.0,4140.0,2900,0.0,0.0
2023-02-24 11:00:00+09:00,4140.0,4140.0,4140.0,4140.0,0,0.0,0.0
2023-02-24 12:00:00+09:00,4145.0,4145.0,4115.0,4125.0,4200,0.0,0.0
2023-02-24 14:00:00+09:00,4115.0,4160.0,4115.0,4135.0,3700,0.0,0.0
2023-02-27 09:00:00+09:00,4105.0,4155.0,4105.0,4155.0,900,0.0,0.0
2023-02-27 10:00:00+09:00,4150.0,4175.0,4150.0,4175.0,500,0.0,0.0
2023-02-27 11:00:00+09:00,4180.0,4185.0,4170.0,4170.0,0,0.0,0.0
2023-02-27 12:00:00+09:00,4190.0,4190.0,4190.0,4190.0,2600,0.0,0.0
2023-02-27 14:00:00+09:00,4200.0,4230.0,4200.0,4230.0,2200,0.0,0.0
2023-02-28 09:00:00+09:00,4235.0,4260.0,4170.0,4170.0,2200,0.0,0.0
2023-02-28 10:00:00+09:00,4160.0,4175.0,4140.0,4140.0,2300,0.0,0.0
2023-02-28 11:00:00+09:00,4140.0,4150.0,4125.0,4150.0,0,0.0,0.0
2023-02-28 12:00:00+09:00,4150.0,4160.0,4120.0,4145.0,9400,0.0,0.0
2023-02-28 13:00:00+09:00,4135.0,4145.0,4105.0,4110.0,3200,0.0,0.0
2023-02-28 14:00:00+09:00,4110.0,4110.0,4075.0,4080.0,7300,0.0,0.0
2023-03-01 09:00:00+09:00,4105.0,4110.0,4095.0,4095.0,1100,0.0,0.0
2023-03-01 10:00:00+09:00,4100.0,4110.0,4100.0,4110.0,400,0.0,0.0
2023-03-01 11:00:00+09:00,4110.0,4110.0,4110.0,4110.0,0,0.0,0.0
2023-03-01 12:00:00+09:00,4110.0,4135.0,4110.0,4135.0,2900,0.0,0.0
2023-03-01 13:00:00+09:00,4135.0,4145.0,4135.0,4135.0,700,0.0,0.0
2023-03-01 14:00:00+09:00,4130.0,4140.0,4110.0,4125.0,2400,0.0,0.0
2023-03-02 09:00:00+09:00,4125.0,4125.0,4125.0,4125.0,500,0.0,0.0
2023-03-02 10:00:00+09:00,4120.0,4120.0,4100.0,4100.0,800,0.0,0.0
2023-03-02 11:00:00+09:00,4115.0,4130.0,4110.0,4125.0,0,0.0,0.0
2023-03-02 12:00:00+09:00,4090.0,4090.0,4090.0,4090.0,2400,0.0,0.0
2023-03-02 14:00:00+09:00,4095.0,4120.0,4065.0,4115.0,4800,0.0,0.0
2023-03-03 09:00:00+09:00,4125.0,4160.0,4125.0,4160.0,0,0.0,0.0
2023-03-03 10:00:00+09:00,4165.0,4180.0,4165.0,4180.0,2300,0.0,0.0
2023-03-03 11:00:00+09:00,4180.0,4180.0,4180.0,4180.0,0,0.0,0.0
2023-03-03 12:00:00+09:00,4190.0,4190.0,4190.0,4190.0,2400,0.0,0.0
2023-03-03 13:00:00+09:00,4185.0,4200.0,4185.0,4200.0,1000,0.0,0.0
2023-03-03 14:00:00+09:00,4205.0,4225.0,4195.0,4205.0,5700,0.0,0.0
2023-03-06 09:00:00+09:00,4200.0,4210.0,4180.0,4180.0,1400,0.0,0.0
2023-03-06 10:00:00+09:00,4180.0,4190.0,4180.0,4190.0,300,0.0,0.0
2023-03-06 11:00:00+09:00,4205.0,4205.0,4205.0,4205.0,0,0.0,0.0
2023-03-06 12:00:00+09:00,4210.0,4220.0,4210.0,4220.0,2700,0.0,0.0
2023-03-06 14:00:00+09:00,4205.0,4215.0,4190.0,4215.0,2900,0.0,0.0
2023-03-07 09:00:00+09:00,4230.0,4260.0,4210.0,4255.0,2200,0.0,0.0
2023-03-07 10:00:00+09:00,4260.0,4260.0,4260.0,4260.0,100,0.0,0.0
2023-03-07 11:00:00+09:00,4285.0,4310.0,4285.0,4310.0,0,0.0,0.0
2023-03-07 12:00:00+09:00,4310.0,4310.0,4290.0,4310.0,3600,0.0,0.0
2023-03-07 13:00:00+09:00,4315.0,4315.0,4305.0,4305.0,500,0.0,0.0
2023-03-07 14:00:00+09:00,4295.0,4295.0,4260.0,4260.0,2500,0.0,0.0
2023-03-08 09:00:00+09:00,4245.0,4245.0,4245.0,4245.0,300,0.0,0.0
2023-03-08 10:00:00+09:00,4270.0,4330.0,4270.0,4330.0,1000,0.0,0.0
2023-03-08 11:00:00+09:00,4340.0,4365.0,4340.0,4365.0,0,0.0,0.0
2023-03-08 12:00:00+09:00,4365.0,4365.0,4350.0,4350.0,2600,0.0,0.0
2023-03-08 13:00:00+09:00,4350.0,4350.0,4335.0,4340.0,1100,0.0,0.0
2023-03-08 14:00:00+09:00,4350.0,4355.0,4320.0,4345.0,2800,0.0,0.0
2023-03-09 09:00:00+09:00,4350.0,4420.0,4350.0,4380.0,2100,0.0,0.0
2023-03-09 10:00:00+09:00,4395.0,4405.0,4390.0,4405.0,500,0.0,0.0
2023-03-09 11:00:00+09:00,4405.0,4405.0,4405.0,4405.0,0,0.0,0.0
2023-03-09 12:00:00+09:00,4405.0,4405.0,4380.0,4380.0,2800,0.0,0.0
2023-03-09 13:00:00+09:00,4400.0,4405.0,4380.0,4380.0,1100,0.0,0.0
2023-03-09 14:00:00+09:00,4375.0,4395.0,4360.0,4390.0,3200,0.0,0.0
2023-03-10 09:00:00+09:00,4380.0,4380.0,4340.0,4340.0,9400,0.0,0.0
2023-03-10 10:00:00+09:00,4325.0,4330.0,4305.0,4330.0,1200,0.0,0.0
2023-03-10 11:00:00+09:00,4330.0,4330.0,4330.0,4330.0,0,0.0,0.0
2023-03-10 12:00:00+09:00,4300.0,4300.0,4265.0,4265.0,13100,0.0,0.0
2023-03-10 13:00:00+09:00,4265.0,4265.0,4265.0,4265.0,100,0.0,0.0
2023-03-10 14:00:00+09:00,4250.0,4275.0,4225.0,4240.0,3400,0.0,0.0
2023-03-13 10:00:00+09:00,4165.0,4165.0,4140.0,4140.0,300,0.0,0.0
2023-03-13 11:00:00+09:00,4130.0,4130.0,4100.0,4100.0,0,0.0,0.0
2023-03-13 12:00:00+09:00,4140.0,4140.0,4140.0,4140.0,900,0.0,0.0
2023-03-13 13:00:00+09:00,4120.0,4120.0,4110.0,4110.0,400,0.0,0.0
2023-03-13 14:00:00+09:00,4115.0,4145.0,4110.0,4130.0,2700,0.0,0.0
2023-03-14 09:00:00+09:00,4075.0,4095.0,4005.0,4005.0,2400,0.0,0.0
2023-03-14 10:00:00+09:00,4020.0,4035.0,4000.0,4020.0,1800,0.0,0.0
2023-03-14 11:00:00+09:00,4045.0,4055.0,4035.0,4050.0,0,0.0,0.0
2023-03-14 13:00:00+09:00,4050.0,4050.0,4035.0,4045.0,0,0.0,0.0
2023-03-14 14:00:00+09:00,4030.0,4040.0,4010.0,4025.0,9800,0.0,0.0
2023-03-15 09:00:00+09:00,4065.0,4135.0,4065.0,4135.0,0,0.0,0.0
2023-03-15 10:00:00+09:00,4125.0,4125.0,4115.0,4125.0,3300,0.0,0.0
2023-03-15 11:00:00+09:00,4120.0,4120.0,4110.0,4110.0,0,0.0,0.0
2023-03-15 12:00:00+09:00,4130.0,4130.0,4110.0,4110.0,3900,0.0,0.0
2023-03-15 13:00:00+09:00,4100.0,4100.0,4070.0,4095.0,1100,0.0,0.0
2023-03-15 14:00:00+09:00,4080.0,4095.0,4065.0,4075.0,6000,0.0,0.0
2023-03-16 09:00:00+09:00,4070.0,4070.0,3995.0,4040.0,2400,0.0,0.0
2023-03-16 10:00:00+09:00,4065.0,4065.0,4010.0,4010.0,900,0.0,0.0
2023-03-16 11:00:00+09:00,4010.0,4015.0,4010.0,4015.0,0,0.0,0.0
2023-03-16 12:00:00+09:00,4005.0,4025.0,3990.0,4025.0,4600,0.0,0.0
2023-03-16 13:00:00+09:00,4035.0,4045.0,4010.0,4045.0,1900,0.0,0.0
2023-03-16 14:00:00+09:00,4040.0,4040.0,4005.0,4030.0,4100,0.0,0.0
2023-03-17 09:00:00+09:00,4035.0,4060.0,4030.0,4045.0,2100,0.0,0.0
2023-03-17 10:00:00+09:00,4055.0,4060.0,4055.0,4055.0,400,0.0,0.0
2023-03-17 11:00:00+09:00,4055.0,4055.0,4055.0,4055.0,0,0.0,0.0
2023-03-17 12:00:00+09:00,4075.0,4075.0,4060.0,4060.0,2800,0.0,0.0
2023-03-17 13:00:00+09:00,4090.0,4090.0,4090.0,4090.0,100,0.0,0.0
2023-03-17 14:00:00+09:00,4075.0,4075.0,4055.0,4055.0,2000,0.0,0.0
2023-03-20 09:00:00+09:00,4015.0,4055.0,4015.0,4055.0,2000,0.0,0.0
2023-03-20 10:00:00+09:00,4020.0,4020.0,4000.0,4020.0,2400,0.0,0.0
2023-03-20 11:00:00+09:00,4020.0,4020.0,4020.0,4020.0,0,0.0,0.0
2023-03-20 12:00:00+09:00,4000.0,4000.0,3990.0,3990.0,4900,0.0,0.0
2023-03-20 13:00:00+09:00,3985.0,3985.0,3980.0,3980.0,600,0.0,0.0
2023-03-20 14:00:00+09:00,3960.0,3960.0,3930.0,3950.0,3100,0.0,0.0
2023-03-22 09:00:00+09:00,3945.0,3995.0,3945.0,3970.0,0,0.0,0.0
2023-03-22 10:00:00+09:00,3980.0,3995.0,3965.0,3970.0,1900,0.0,0.0
2023-03-22 11:00:00+09:00,3955.0,3955.0,3955.0,3955.0,0,0.0,0.0
2023-03-22 12:00:00+09:00,3950.0,3960.0,3945.0,3960.0,4500,0.0,0.0
2023-03-22 14:00:00+09:00,3960.0,3960.0,3920.0,3930.0,4200,0.0,0.0
2023-03-23 09:00:00+09:00,3930.0,3930.0,3850.0,3920.0,2400,0.0,0.0
2023-03-23 10:00:00+09:00,3890.0,3890.0,3885.0,3890.0,400,0.0,0.0
2023-03-23 11:00:00+09:00,3905.0,3915.0,3905.0,3915.0,0,0.0,0.0
2023-03-23 12:00:00+09:00,3915.0,3930.0,3915.0,3925.0,3900,0.0,0.0
2023-03-23 13:00:00+09:00,3920.0,3935.0,3920.0,3935.0,500,0.0,0.0
2023-03-23 14:00:00+09:00,3935.0,3960.0,3930.0,3940.0,2200,0.0,0.0
2023-03-24 09:00:00+09:00,3950.0,3950.0,3890.0,3895.0,1300,0.0,0.0
2023-03-24 10:00:00+09:00,3890.0,3910.0,3890.0,3900.0,800,0.0,0.0
2023-03-24 11:00:00+09:00,3915.0,3920.0,3900.0,3900.0,0,0.0,0.0
2023-03-24 12:00:00+09:00,3915.0,3915.0,3915.0,3915.0,3500,0.0,0.0
2023-03-24 13:00:00+09:00,3915.0,3925.0,3905.0,3925.0,500,0.0,0.0
2023-03-24 14:00:00+09:00,3935.0,3945.0,3935.0,3940.0,800,0.0,0.0
2023-03-27 09:00:00+09:00,3925.0,3925.0,3890.0,3915.0,1300,0.0,0.0
2023-03-27 10:00:00+09:00,3900.0,3900.0,3900.0,3900.0,100,0.0,0.0
2023-03-27 11:00:00+09:00,3920.0,3930.0,3920.0,3930.0,0,0.0,0.0
2023-03-27 12:00:00+09:00,3920.0,3920.0,3920.0,3920.0,2300,0.0,0.0
2023-03-27 13:00:00+09:00,3925.0,3950.0,3925.0,3945.0,700,0.0,0.0
2023-03-27 14:00:00+09:00,3950.0,3975.0,3945.0,3970.0,2000,0.0,0.0
2023-03-28 09:00:00+09:00,3980.0,4040.0,3960.0,4010.0,4500,0.0,0.0
2023-03-28 10:00:00+09:00,4025.0,4025.0,4010.0,4010.0,300,0.0,0.0
2023-03-28 11:00:00+09:00,4010.0,4010.0,4010.0,4010.0,0,0.0,0.0
2023-03-28 12:00:00+09:00,4010.0,4020.0,3995.0,4020.0,5900,0.0,0.0
2023-03-28 13:00:00+09:00,4025.0,4035.0,4025.0,4035.0,1100,0.0,0.0
2023-03-28 14:00:00+09:00,4035.0,4050.0,4035.0,4050.0,2200,0.0,0.0
2023-03-29 09:00:00+09:00,4045.0,4100.0,4030.0,4095.0,0,0.0,0.0
2023-03-29 10:00:00+09:00,4100.0,4110.0,4095.0,4110.0,2500,0.0,0.0
2023-03-29 11:00:00+09:00,4105.0,4105.0,4080.0,4090.0,0,0.0,0.0
2023-03-29 12:00:00+09:00,4075.0,4110.0,4075.0,4090.0,4300,0.0,0.0
2023-03-29 13:00:00+09:00,4100.0,4100.0,4100.0,4100.0,200,0.0,0.0
2023-03-29 14:00:00+09:00,4090.0,4150.0,4075.0,4150.0,8100,0.0,0.0
2023-03-30 09:00:00+09:00,4110.0,4110.0,4050.0,4070.0,900,0.0,0.0
2023-03-30 10:00:00+09:00,4050.0,4050.0,4045.0,4045.0,500,0.0,0.0
2023-03-30 11:00:00+09:00,4050.0,4055.0,4045.0,4045.0,0,0.0,0.0
2023-03-30 12:00:00+09:00,4070.0,4105.0,4070.0,4095.0,3100,0.0,0.0
2023-03-30 13:00:00+09:00,4115.0,4120.0,4100.0,4110.0,700,0.0,0.0
2023-03-30 14:00:00+09:00,4105.0,4140.0,4105.0,4125.0,3400,0.0,0.0
2023-03-31 09:00:00+09:00,4115.0,4165.0,4105.0,4110.0,3900,0.0,0.0
2023-03-31 10:00:00+09:00,4100.0,4110.0,4100.0,4105.0,500,0.0,0.0
2023-03-31 11:00:00+09:00,4115.0,4115.0,4115.0,4115.0,0,0.0,0.0
2023-03-31 12:00:00+09:00,4135.0,4135.0,4135.0,4135.0,4900,0.0,0.0
2023-03-31 13:00:00+09:00,4135.0,4140.0,4115.0,4120.0,1700,0.0,0.0
2023-03-31 14:00:00+09:00,4105.0,4105.0,4050.0,4050.0,1300,0.0,0.0
2023-04-03 09:00:00+09:00,4070.0,4140.0,4070.0,4140.0,2900,0.0,0.0
2023-04-03 10:00:00+09:00,4150.0,4160.0,4150.0,4150.0,1000,0.0,0.0
2023-04-03 11:00:00+09:00,4150.0,4150.0,4150.0,4150.0,0,0.0,0.0
2023-04-03 12:00:00+09:00,4150.0,4150.0,4125.0,4125.0,4900,0.0,0.0
2023-04-03 13:00:00+09:00,4110.0,4115.0,4110.0,4115.0,300,0.0,0.0
2023-04-03 14:00:00+09:00,4110.0,4155.0,4110.0,4155.0,2400,0.0,0.0
2023-04-04 09:00:00+09:00,4120.0,4120.0,4120.0,4120.0,700,0.0,0.0
2023-04-04 10:00:00+09:00,4120.0,4150.0,4115.0,4115.0,2700,0.0,0.0
2023-04-04 11:00:00+09:00,4105.0,4105.0,4080.0,4080.0,0,0.0,0.0
2023-04-04 12:00:00+09:00,4060.0,4075.0,4060.0,4075.0,5400,0.0,0.0
2023-04-04 13:00:00+09:00,4050.0,4075.0,4050.0,4075.0,1700,0.0,0.0
2023-04-04 14:00:00+09:00,4080.0,4090.0,4055.0,4085.0,4000,0.0,0.0
2023-04-05 09:00:00+09:00,4040.0,4105.0,4010.0,4010.0,800,0.0,0.0
2023-04-05 10:00:00+09:00,4000.0,4000.0,3975.0,3975.0,1300,0.0,0.0
2023-04-05 11:00:00+09:00,3985.0,4005.0,3985.0,4000.0,0,0.0,0.0
2023-04-05 12:00:00+09:00,3995.0,3995.0,3975.0,3975.0,3600,0.0,0.0
2023-04-05 13:00:00+09:00,3960.0,3960.0,3960.0,3960.0,100,0.0,0.0
2023-04-05 14:00:00+09:00,3950.0,3965.0,3945.0,3945.0,2400,0.0,0.0
2023-04-06 09:00:00+09:00,3950.0,3950.0,3885.0,3935.0,2800,0.0,0.0
2023-04-06 10:00:00+09:00,3915.0,3945.0,3915.0,3940.0,1100,0.0,0.0
2023-04-06 11:00:00+09:00,3925.0,3925.0,3925.0,3925.0,0,0.0,0.0
2023-04-06 12:00:00+09:00,3930.0,3930.0,3915.0,3915.0,4900,0.0,0.0
2023-04-06 13:00:00+09:00,3930.0,3930.0,3905.0,3925.0,600,0.0,0.0
2023-04-06 14:00:00+09:00,3910.0,3915.0,3900.0,3900.0,1800,0.0,0.0
2023-04-07 09:00:00+09:00,3920.0,3935.0,3920.0,3935.0,800,0.0,0.0
2023-04-07 10:00:00+09:00,3945.0,3945.0,3925.0,3925.0,600,0.0,0.0
2023-04-07 11:00:00+09:00,3930.0,3940.0,3930.0,3940.0,0,0.0,0.0
2023-04-07 12:00:00+09:00,3940.0,3945.0,3940.0,3945.0,1900,0.0,0.0
2023-04-07 13:00:00+09:00,3940.0,3945.0,3935.0,3935.0,700,0.0,0.0
2023-04-07 14:00:00+09:00,3930.0,3960.0,3930.0,3950.0,3700,0.0,0.0
2023-04-10 09:00:00+09:00,3945.0,3950.0,3925.0,3940.0,1500,0.0,0.0
2023-04-10 10:00:00+09:00,3925.0,3925.0,3890.0,3890.0,500,0.0,0.0
2023-04-10 11:00:00+09:00,3905.0,3905.0,3905.0,3905.0,0,0.0,0.0
2023-04-10 12:00:00+09:00,3900.0,3935.0,3900.0,3900.0,2600,0.0,0.0
2023-04-10 13:00:00+09:00,3915.0,3915.0,3905.0,3910.0,500,0.0,0.0
2023-04-10 14:00:00+09:00,3895.0,3925.0,3895.0,3920.0,3400,0.0,0.0
2023-04-11 09:00:00+09:00,3920.0,3920.0,3920.0,3920.0,700,0.0,0.0
2023-04-11 10:00:00+09:00,3930.0,3960.0,3930.0,3960.0,1100,0.0,0.0
2023-04-11 11:00:00+09:00,3980.0,3980.0,3960.0,3960.0,0,0.0,0.0
2023-04-11 12:00:00+09:00,3975.0,3975.0,3975.0,3975.0,2400,0.0,0.0
2023-04-11 13:00:00+09:00,3950.0,3955.0,3950.0,3950.0,600,0.0,0.0
2023-04-11 14:00:00+09:00,3965.0,3980.0,3965.0,3970.0,1300,0.0,0.0
2023-04-12 09:00:00+09:00,3975.0,3975.0,3975.0,3975.0,3500,0.0,0.0
2023-04-12 10:00:00+09:00,4000.0,4000.0,4000.0,4000.0,500,0.0,0.0
2023-04-12 11:00:00+09:00,4020.0,4025.0,4020.0,4025.0,0,0.0,0.0
2023-04-12 12:00:00+09:00,4035.0,4035.0,4030.0,4030.0,4800,0.0,0.0
2023-04-12 13:00:00+09:00,4050.0,4055.0,4040.0,4040.0,1100,0.0,0.0
2023-04-12 14:00:00+09:00,4035.0,4050.0,4030.0,4050.0,800,0.0,0.0
2023-04-13 09:00:00+09:00,4040.0,4040.0,4010.0,4010.0,500,0.0,0.0
2023-04-13 10:00:00+09:00,4005.0,4010.0,4005.0,4010.0,400,0.0,0.0
2023-04-13 11:00:00+09:00,4010.0,4010.0,4010.0,4010.0,0,0.0,0.0
2023-04-13 13:00:00+09:00,4020.0,4020.0,4015.0,4015.0,1700,0.0,0.0
2023-04-13 14:00:00+09:00,4010.0,4020.0,3990.0,4020.0,1900,0.0,0.0
2023-04-14 09:00:00+09:00,4010.0,4010.0,4010.0,4010.0,1400,0.0,0.0
2023-04-14 10:00:00+09:00,4060.0,4080.0,4060.0,4070.0,700,0.0,0.0
2023-04-14 11:00:00+09:00,4055.0,4055.0,4050.0,4050.0,0,0.0,0.0
2023-04-14 12:00:00+09:00,4070.0,4070.0,4070.0,4070.0,3100,0.0,0.0
2023-04-14 13:00:00+09:00,4070.0,4070.0,4070.0,4070.0,100,0.0,0.0
2023-04-14 14:00:00+09:00,4070.0,4125.0,4070.0,4115.0,3200,0.0,0.0
2023-04-17 09:00:00+09:00,4070.0,4070.0,4030.0,4050.0,1200,0.0,0.0
2023-04-17 10:00:00+09:00,4030.0,4030.0,4030.0,4030.0,100,0.0,0.0
2023-04-17 11:00:00+09:00,4030.0,4030.0,4030.0,4030.0,0,0.0,0.0
2023-04-17 12:00:00+09:00,4030.0,4030.0,4030.0,4030.0,1500,0.0,0.0
2023-04-17 13:00:00+09:00,4035.0,4040.0,4035.0,4040.0,400,0.0,0.0
2023-04-18 09:00:00+09:00,4040.0,4060.0,4040.0,4060.0,900,0.0,0.0
2023-04-18 10:00:00+09:00,4085.0,4085.0,4085.0,4085.0,100,0.0,0.0
2023-04-18 11:00:00+09:00,4085.0,4085.0,4085.0,4085.0,0,0.0,0.0
2023-04-18 12:00:00+09:00,4095.0,4095.0,4080.0,4095.0,1400,0.0,0.0
2023-04-18 13:00:00+09:00,4100.0,4115.0,4100.0,4100.0,2500,0.0,0.0
2023-04-18 14:00:00+09:00,4100.0,4100.0,4100.0,4100.0,100,0.0,0.0
2023-04-19 09:00:00+09:00,4045.0,4055.0,4040.0,4040.0,900,0.0,0.0
2023-04-19 10:00:00+09:00,4040.0,4050.0,4035.0,4035.0,500,0.0,0.0
2023-04-19 11:00:00+09:00,4040.0,4055.0,4040.0,4055.0,0,0.0,0.0
2023-04-19 12:00:00+09:00,4050.0,4095.0,4050.0,4095.0,2500,0.0,0.0
2023-04-19 13:00:00+09:00,4095.0,4105.0,4095.0,4105.0,1000,0.0,0.0
2023-04-19 14:00:00+09:00,4100.0,4110.0,4095.0,4105.0,2300,0.0,0.0
2023-04-20 09:00:00+09:00,4115.0,4115.0,4110.0,4110.0,300,0.0,0.0
2023-04-20 10:00:00+09:00,4115.0,4130.0,4115.0,4130.0,1200,0.0,0.0
2023-04-20 11:00:00+09:00,4130.0,4130.0,4130.0,4130.0,0,0.0,0.0
2023-04-20 12:00:00+09:00,4130.0,4145.0,4130.0,4145.0,2000,0.0,0.0
2023-04-20 13:00:00+09:00,4150.0,4150.0,4150.0,4150.0,400,0.0,0.0
2023-04-20 14:00:00+09:00,4155.0,4155.0,4140.0,4150.0,1900,0.0,0.0
2023-04-21 09:00:00+09:00,4115.0,4120.0,4110.0,4120.0,0,0.0,0.0
2023-04-21 10:00:00+09:00,4115.0,4115.0,4095.0,4095.0,1600,0.0,0.0
2023-04-21 11:00:00+09:00,4095.0,4095.0,4095.0,4095.0,0,0.0,0.0
2023-04-21 12:00:00+09:00,4080.0,4080.0,4080.0,4080.0,1700,0.0,0.0
2023-04-21 13:00:00+09:00,4065.0,4065.0,4055.0,4055.0,300,0.0,0.0
2023-04-21 14:00:00+09:00,4050.0,4055.0,4025.0,4045.0,3900,0.0,0.0
2023-04-24 09:00:00+09:00,4075.0,4110.0,4075.0,4105.0,1600,0.0,0.0
2023-04-24 11:00:00+09:00,4105.0,4105.0,4105.0,4105.0,0,0.0,0.0
2023-04-24 13:00:00+09:00,4140.0,4140.0,4115.0,4115.0,2900,0.0,0.0
2023-04-24 14:00:00+09:00,4105.0,4120.0,4100.0,4120.0,1200,0.0,0.0
2023-04-25 09:00:00+09:00,4120.0,4120.0,4075.0,4105.0,700,0.0,0.0
2023-04-25 10:00:00+09:00,4100.0,4100.0,4090.0,4090.0,500,0.0,0.0
2023-04-25 11:00:00+09:00,4095.0,4110.0,4095.0,4110.0,0,0.0,0.0
2023-04-25 12:00:00+09:00,4115.0,4115.0,4085.0,4090.0,2200,0.0,0.0
2023-04-25 14:00:00+09:00,4080.0,4090.0,4070.0,4075.0,2400,0.0,0.0
2023-04-26 09:00:00+09:00,4070.0,4070.0,4060.0,4060.0,300,0.0,0.0
2023-04-26 11:00:00+09:00,4060.0,4060.0,4060.0,4060.0,0,0.0,0.0
2023-04-26 12:00:00+09:00,4080.0,4080.0,4045.0,4045.0,1100,0.0,0.0
2023-04-26 13:00:00+09:00,4040.0,4040.0,4030.0,4030.0,500,0.0,0.0
2023-04-26 14:00:00+09:00,4025.0,4050.0,4025.0,4035.0,1400,0.0,0.0
2023-04-27 10:00:00+09:00,4025.0,4025.0,3980.0,3980.0,1900,0.0,0.0
2023-04-27 11:00:00+09:00,3975.0,3975.0,3970.0,3970.0,0,0.0,0.0
2023-04-27 12:00:00+09:00,3970.0,3970.0,3970.0,3970.0,2500,0.0,0.0
2023-04-27 13:00:00+09:00,3980.0,4005.0,3980.0,3990.0,1200,0.0,0.0
2023-04-27 14:00:00+09:00,4000.0,4015.0,3985.0,3995.0,3300,0.0,0.0
2023-04-28 09:00:00+09:00,4000.0,4000.0,4000.0,4000.0,0,0.0,0.0
2023-04-28 10:00:00+09:00,4020.0,4060.0,4020.0,4060.0,600,0.0,0.0
2023-04-28 11:00:00+09:00,4060.0,4060.0,4060.0,4060.0,0,0.0,0.0
2023-04-28 12:00:00+09:00,4085.0,4085.0,4055.0,4055.0,1600,0.0,0.0
2023-04-28 13:00:00+09:00,4075.0,4120.0,4075.0,4090.0,1500,0.0,0.0
2023-04-28 14:00:00+09:00,4085.0,4130.0,4085.0,4130.0,1800,0.0,0.0
2023-05-01 09:00:00+09:00,4135.0,4200.0,4135.0,4200.0,3200,0.0,0.0
2023-05-01 10:00:00+09:00,4220.0,4255.0,4215.0,4240.0,1500,0.0,0.0
2023-05-01 11:00:00+09:00,4265.0,4265.0,4265.0,4265.0,0,0.0,0.0
2023-05-01 12:00:00+09:00,4230.0,4265.0,4230.0,4260.0,7200,0.0,0.0
2023-05-01 13:00:00+09:00,4255.0,4255.0,4240.0,4240.0,800,0.0,0.0
2023-05-01 14:00:00+09:00,4245.0,4265.0,4200.0,4230.0,4300,0.0,0.0
2023-05-02 09:00:00+09:00,4240.0,4240.0,4190.0,4190.0,500,0.0,0.0
2023-05-02 11:00:00+09:00,4190.0,4190.0,4190.0,4190.0,0,0.0,0.0
2023-05-02 12:00:00+09:00,4175.0,4210.0,4175.0,4210.0,700,0.0,0.0
2023-05-02 13:00:00+09:00,4220.0,4225.0,4215.0,4225.0,600,0.0,0.0
2023-05-02 14:00:00+09:00,4210.0,4210.0,4175.0,4200.0,1600,0.0,0.0
2023-05-08 09:00:00+09:00,4190.0,4235.0,4190.0,4235.0,1500,0.0,0.0
2023-05-08 10:00:00+09:00,4250.0,4265.0,4250.0,4265.0,1100,0.0,0.0
2023-05-08 11:00:00+09:00,4235.0,4240.0,4235.0,4240.0,0,0.0,0.0
2023-05-08 14:00:00+09:00,4225.0,4225.0,4200.0,4200.0,5300,0.0,0.0
2023-05-09 09:00:00+09:00,4215.0,4215.0,4215.0,4215.0,200,0.0,0.0
2023-05-09 10:00:00+09:00,4255.0,4285.0,4255.0,4260.0,1300,0.0,0.0
2023-05-09 11:00:00+09:00,4270.0,4330.0,4270.0,4300.0,0,0.0,0.0
2023-05-09 12:00:00+09:00,4310.0,4310.0,4310.0,4310.0,4900,0.0,0.0
2023-05-09 13:00:00+09:00,4330.0,4350.0,4325.0,4335.0,1900,0.0,0.0
2023-05-09 14:00:00+09:00,4330.0,4330.0,4295.0,4295.0,1600,0.0,0.0
2023-05-10 09:00:00+09:00,4285.0,4305.0,4285.0,4290.0,800,0.0,0.0
2023-05-10 10:00:00+09:00,4290.0,4290.0,4260.0,4260.0,800,0.0,0.0
2023-05-10 11:00:00+09:00,4230.0,4230.0,4230.0,4230.0,0,0.0,0.0
2023-05-10 12:00:00+09:00,4200.0,4220.0,4175.0,4220.0,2900,0.0,0.0
2023-05-10 14:00:00+09:00,4230.0,4230.0,4205.0,4220.0,1600,0.0,0.0
2023-05-11 09:00:00+09:00,4220.0,4270.0,4220.0,4270.0,200,0.0,0.0
2023-05-11 10:00:00+09:00,4260.0,4260.0,4250.0,4250.0,200,0.0,0.0
2023-05-11 11:00:00+09:00,4265.0,4265.0,4265.0,4265.0,0,0.0,0.0
2023-05-11 14:00:00+09:00,4260.0,4290.0,4250.0,4290.0,5800,0.0,0.0
2023-05-12 09:00:00+09:00,4325.0,4325.0,4255.0,4280.0,4000,0.0,0.0
2023-05-12 10:00:00+09:00,4310.0,4310.0,4285.0,4290.0,2000,0.0,0.0
2023-05-12 11:00:00+09:00,4295.0,4305.0,4295.0,4305.0,0,0.0,0.0
2023-05-12 12:00:00+09:00,4305.0,4305.0,4280.0,4280.0,6500,0.0,0.0
2023-05-12 13:00:00+09:00,4295.0,4295.0,4280.0,4280.0,200,0.0,0.0
2023-05-12 14:00:00+09:00,4295.0,4305.0,4295.0,4305.0,1500,0.0,0.0
2023-05-15 09:00:00+09:00,3880.0,3915.0,3860.0,3865.0,26800,0.0,0.0
2023-05-15 10:00:00+09:00,3865.0,3870.0,3805.0,3805.0,7300,0.0,0.0
2023-05-15 11:00:00+09:00,3810.0,3810.0,3760.0,3760.0,0,0.0,0.0
2023-05-15 12:00:00+09:00,3760.0,3780.0,3755.0,3775.0,47600,0.0,0.0
2023-05-15 13:00:00+09:00,3780.0,3795.0,3775.0,3790.0,3400,0.0,0.0
2023-05-15 14:00:00+09:00,3785.0,3790.0,3785.0,3790.0,3600,0.0,0.0
2023-05-16 09:00:00+09:00,3760.0,3795.0,3760.0,3780.0,13900,0.0,0.0
2023-05-16 10:00:00+09:00,3785.0,3790.0,3775.0,3775.0,1600,0.0,0.0
2023-05-16 11:00:00+09:00,3780.0,3785.0,3780.0,3785.0,0,0.0,0.0
2023-05-16 12:00:00+09:00,3780.0,3790.0,3780.0,3780.0,17700,0.0,0.0
2023-05-16 13:00:00+09:00,3770.0,3775.0,3770.0,3775.0,900,0.0,0.0
2023-05-16 14:00:00+09:00,3775.0,3775.0,3770.0,3770.0,2100,0.0,0.0
2023-05-17 09:00:00+09:00,3705.0,3705.0,3625.0,3625.0,15800,0.0,0.0
2023-05-17 10:00:00+09:00,3620.0,3685.0,3610.0,3660.0,10200,0.0,0.0
2023-05-17 11:00:00+09:00,3665.0,3700.0,3600.0,3600.0,0,0.0,0.0
2023-05-17 12:00:00+09:00,3610.0,3655.0,3610.0,3645.0,42300,0.0,0.0
2023-05-17 13:00:00+09:00,3650.0,3650.0,3615.0,3625.0,3800,0.0,0.0
2023-05-17 14:00:00+09:00,3625.0,3645.0,3620.0,3625.0,4900,0.0,0.0
2023-05-18 09:00:00+09:00,3600.0,3665.0,3600.0,3660.0,11700,0.0,0.0
2023-05-18 10:00:00+09:00,3660.0,3670.0,3650.0,3660.0,2700,0.0,0.0
2023-05-18 11:00:00+09:00,3660.0,3685.0,3660.0,3685.0,0,0.0,0.0
2023-05-18 12:00:00+09:00,3685.0,3695.0,3680.0,3685.0,25500,0.0,0.0
2023-05-18 13:00:00+09:00,3690.0,3690.0,3660.0,3665.0,3500,0.0,0.0
2023-05-18 14:00:00+09:00,3665.0,3665.0,3640.0,3645.0,5700,0.0,0.0
2023-05-19 09:00:00+09:00,3615.0,3635.0,3560.0,3580.0,20500,0.0,0.0
2023-05-19 10:00:00+09:00,3580.0,3590.0,3565.0,3590.0,3200,0.0,0.0
2023-05-19 11:00:00+09:00,3595.0,3595.0,3585.0,3590.0,0,0.0,0.0
2023-05-19 12:00:00+09:00,3580.0,3585.0,3540.0,3545.0,43400,0.0,0.0
2023-05-19 13:00:00+09:00,3540.0,3545.0,3525.0,3540.0,7900,0.0,0.0
2023-05-19 14:00:00+09:00,3525.0,3530.0,3505.0,3525.0,24400,0.0,0.0
2023-05-22 09:00:00+09:00,3565.0,3620.0,3545.0,3560.0,172100,0.0,0.0
2023-05-22 10:00:00+09:00,3560.0,3565.0,3540.0,3565.0,14800,0.0,0.0
2023-05-22 11:00:00+09:00,3560.0,3590.0,3560.0,3585.0,0,0.0,0.0
2023-05-22 12:00:00+09:00,3585.0,3585.0,3575.0,3580.0,227700,0.0,0.0
2023-05-22 13:00:00+09:00,3580.0,3640.0,3580.0,3640.0,14000,0.0,0.0
2023-05-22 14:00:00+09:00,3645.0,3670.0,3635.0,3640.0,27300,0.0,0.0
2023-05-23 09:00:00+09:00,3640.0,3690.0,3620.0,3635.0,28800,0.0,0.0
2023-05-23 10:00:00+09:00,3630.0,3635.0,3575.0,3605.0,10100,0.0,0.0
2023-05-23 11:00:00+09:00,3600.0,3600.0,3580.0,3580.0,0,0.0,0.0
2023-05-23 12:00:00+09:00,3585.0,3585.0,3545.0,3560.0,54200,0.0,0.0
2023-05-23 13:00:00+09:00,3555.0,3555.0,3515.0,3540.0,8800,0.0,0.0
2023-05-23 14:00:00+09:00,3545.0,3570.0,3535.0,3555.0,5500,0.0,0.0
2023-05-24 09:00:00+09:00,3560.0,3580.0,3540.0,3580.0,5300,0.0,0.0
2023-05-24 10:00:00+09:00,3580.0,3590.0,3575.0,3590.0,2100,0.0,0.0
2023-05-24 11:00:00+09:00,3585.0,3595.0,3580.0,3580.0,0,0.0,0.0
2023-05-24 12:00:00+09:00,3585.0,3610.0,3575.0,3605.0,11500,0.0,0.0
2023-05-24 13:00:00+09:00,3605.0,3650.0,3605.0,3640.0,3900,0.0,0.0
2023-05-24 14:00:00+09:00,3645.0,3645.0,3595.0,3595.0,6700,0.0,0.0
2023-05-25 09:00:00+09:00,3605.0,3620.0,3575.0,3620.0,3900,0.0,0.0
2023-05-25 10:00:00+09:00,3615.0,3615.0,3565.0,3570.0,3500,0.0,0.0
2023-05-25 11:00:00+09:00,3565.0,3595.0,3565.0,3595.0,0,0.0,0.0
2023-05-25 12:00:00+09:00,3595.0,3595.0,3575.0,3575.0,9200,0.0,0.0
2023-05-25 13:00:00+09:00,3585.0,3600.0,3575.0,3575.0,3400,0.0,0.0
2023-05-25 14:00:00+09:00,3570.0,3580.0,3570.0,3580.0,1600,0.0,0.0
2023-05-26 09:00:00+09:00,3570.0,3570.0,3525.0,3530.0,3900,0.0,0.0
2023-05-26 10:00:00+09:00,3540.0,3545.0,3530.0,3540.0,2100,0.0,0.0
2023-05-26 11:00:00+09:00,3540.0,3540.0,3540.0,3540.0,0,0.0,0.0
2023-05-26 12:00:00+09:00,3540.0,3540.0,3510.0,3535.0,12300,0.0,0.0
2023-05-26 13:00:00+09:00,3530.0,3530.0,3525.0,3525.0,800,0.0,0.0
2023-05-26 14:00:00+09:00,3530.0,3530.0,3515.0,3525.0,5300,0.0,0.0
2023-05-29 09:00:00+09:00,3555.0,3555.0,3455.0,3470.0,0,0.0,0.0
2023-05-29 10:00:00+09:00,3475.0,3495.0,3475.0,3485.0,1100,0.0,0.0
2023-05-29 11:00:00+09:00,3485.0,3495.0,3485.0,3495.0,0,0.0,0.0
2023-05-29 12:00:00+09:00,3480.0,3500.0,3480.0,3495.0,15300,0.0,0.0
2023-05-29 13:00:00+09:00,3490.0,3495.0,3480.0,3495.0,2400,0.0,0.0
2023-05-29 14:00:00+09:00,3500.0,3510.0,3490.0,3505.0,4100,0.0,0.0
2023-05-30 09:00:00+09:00,3495.0,3505.0,3420.0,3420.0,8000,0.0,0.0
2023-05-30 10:00:00+09:00,3440.0,3445.0,3430.0,3430.0,700,0.0,0.0
2023-05-30 11:00:00+09:00,3430.0,3435.0,3425.0,3425.0,0,0.0,0.0
2023-05-30 12:00:00+09:00,3430.0,3445.0,3425.0,3440.0,13700,0.0,0.0
2023-05-30 13:00:00+09:00,3445.0,3455.0,3445.0,3455.0,700,0.0,0.0
2023-05-30 14:00:00+09:00,3455.0,3475.0,3450.0,3475.0,1700,0.0,0.0
2023-05-31 09:00:00+09:00,3420.0,3455.0,3390.0,3400.0,0,0.0,0.0
2023-05-31 10:00:00+09:00,3395.0,3425.0,3395.0,3425.0,4400,0.0,0.0
2023-05-31 11:00:00+09:00,3425.0,3425.0,3410.0,3410.0,0,0.0,0.0
2023-05-31 12:00:00+09:00,3410.0,3415.0,3405.0,3415.0,16100,0.0,0.0
2023-05-31 13:00:00+09:00,3410.0,3425.0,3405.0,3425.0,2200,0.0,0.0
2023-05-31 14:00:00+09:00,3420.0,3425.0,3400.0,3425.0,8000,0.0,0.0
2023-06-01 09:00:00+09:00,3400.0,3520.0,3400.0,3515.0,6700,0.0,0.0
2023-06-01 10:00:00+09:00,3510.0,3515.0,3495.0,3505.0,1500,0.0,0.0
2023-06-01 11:00:00+09:00,3510.0,3520.0,3505.0,3505.0,0,0.0,0.0
2023-06-01 12:00:00+09:00,3500.0,3520.0,3500.0,3510.0,10300,0.0,0.0
2023-06-01 13:00:00+09:00,3520.0,3520.0,3490.0,3490.0,2500,0.0,0.0
2023-06-01 14:00:00+09:00,3490.0,3500.0,3470.0,3500.0,4200,0.0,0.0
2023-06-02 09:00:00+09:00,3495.0,3560.0,3495.0,3505.0,8900,0.0,0.0
2023-06-02 10:00:00+09:00,3510.0,3560.0,3510.0,3550.0,0,0.0,0.0
2023-06-02 11:00:00+09:00,3550.0,3550.0,3550.0,3550.0,0,0.0,0.0
2023-06-02 12:00:00+09:00,3540.0,3570.0,3540.0,3550.0,14200,0.0,0.0
2023-06-02 13:00:00+09:00,3550.0,3560.0,3545.0,3555.0,1800,0.0,0.0
2023-06-02 14:00:00+09:00,3550.0,3570.0,3545.0,3560.0,2800,0.0,0.0
2023-06-05 09:00:00+09:00,3595.0,3595.0,3550.0,3555.0,4200,0.0,0.0
2023-06-05 10:00:00+09:00,3550.0,3590.0,3550.0,3585.0,3800,0.0,0.0
2023-06-05 11:00:00+09:00,3580.0,3580.0,3560.0,3565.0,0,0.0,0.0
2023-06-05 12:00:00+09:00,3565.0,3565.0,3555.0,3560.0,9900,0.0,0.0
2023-06-05 13:00:00+09:00,3560.0,3560.0,3550.0,3555.0,1300,0.0,0.0
2023-06-05 14:00:00+09:00,3550.0,3575.0,3545.0,3560.0,3800,0.0,0.0
2023-06-06 09:00:00+09:00,3550.0,3555.0,3510.0,3545.0,3700,0.0,0.0
2023-06-06 10:00:00+09:00,3545.0,3550.0,3540.0,3545.0,1400,0.0,0.0
2023-06-06 11:00:00+09:00,3540.0,3540.0,3530.0,3530.0,0,0.0,0.0
2023-06-06 12:00:00+09:00,3540.0,3545.0,3525.0,3540.0,8200,0.0,0.0
2023-06-06 13:00:00+09:00,3535.0,3545.0,3535.0,3540.0,1400,0.0,0.0
2023-06-06 14:00:00+09:00,3535.0,3555.0,3535.0,3545.0,3300,0.0,0.0
2023-06-07 09:00:00+09:00,3550.0,3620.0,3550.0,3585.0,8700,0.0,0.0
2023-06-07 10:00:00+09:00,3575.0,3590.0,3545.0,3590.0,4000,0.0,0.0
2023-06-07 11:00:00+09:00,3590.0,3595.0,3585.0,3590.0,0,0.0,0.0
2023-06-07 12:00:00+09:00,3580.0,3590.0,3570.0,3590.0,15100,0.0,0.0
2023-06-07 13:00:00+09:00,3590.0,3590.0,3550.0,3590.0,3500,0.0,0.0
2023-06-07 14:00:00+09:00,3590.0,3590.0,3560.0,3575.0,2400,0.0,0.0
2023-06-08 09:00:00+09:00,3540.0,3545.0,3520.0,3535.0,4400,0.0,0.0
2023-06-08 10:00:00+09:00,3535.0,3550.0,3520.0,3525.0,1400,0.0,0.0
2023-06-08 11:00:00+09:00,3515.0,3515.0,3510.0,3515.0,0,0.0,0.0
2023-06-08 12:00:00+09:00,3515.0,3515.0,3475.0,3480.0,9400,0.0,0.0
2023-06-08 13:00:00+09:00,3490.0,3495.0,3470.0,3470.0,1400,0.0,0.0
2023-06-08 14:00:00+09:00,3465.0,3500.0,3465.0,3495.0,4400,0.0,0.0
2023-06-09 09:00:00+09:00,3535.0,3560.0,3520.0,3550.0,10700,0.0,0.0
2023-06-09 10:00:00+09:00,3545.0,3545.0,3535.0,3535.0,800,0.0,0.0
2023-06-09 11:00:00+09:00,3520.0,3525.0,3520.0,3525.0,0,0.0,0.0
2023-06-09 12:00:00+09:00,3520.0,3535.0,3520.0,3535.0,13100,0.0,0.0
2023-06-09 13:00:00+09:00,3535.0,3540.0,3530.0,3535.0,800,0.0,0.0
2023-06-09 14:00:00+09:00,3535.0,3545.0,3520.0,3540.0,2700,0.0,0.0
2023-06-12 09:00:00+09:00,3525.0,3555.0,3515.0,3555.0,6300,0.0,0.0
2023-06-12 10:00:00+09:00,3550.0,3555.0,3545.0,3545.0,1400,0.0,0.0
2023-06-12 11:00:00+09:00,3545.0,3545.0,3545.0,3545.0,0,0.0,0.0
2023-06-12 12:00:00+09:00,3530.0,3540.0,3525.0,3535.0,9800,0.0,0.0
2023-06-12 13:00:00+09:00,3530.0,3530.0,3530.0,3530.0,100,0.0,0.0
2023-06-12 14:00:00+09:00,3525.0,3555.0,3525.0,3545.0,2200,0.0,0.0
2023-06-13 09:00:00+09:00,3560.0,3580.0,3560.0,3565.0,1900,0.0,0.0
2023-06-13 10:00:00+09:00,3580.0,3595.0,3580.0,3580.0,2300,0.0,0.0
2023-06-13 11:00:00+09:00,3580.0,3585.0,3575.0,3585.0,0,0.0,0.0
2023-06-13 12:00:00+09:00,3575.0,3595.0,3575.0,3590.0,7100,0.0,0.0
2023-06-13 13:00:00+09:00,3585.0,3585.0,3570.0,3570.0,1300,0.0,0.0
2023-06-13 14:00:00+09:00,3580.0,3595.0,3575.0,3580.0,4800,0.0,0.0
2023-06-14 09:00:00+09:00,3595.0,3595.0,3575.0,3585.0,900,0.0,0.0
2023-06-14 10:00:00+09:00,3590.0,3615.0,3590.0,3615.0,2700,0.0,0.0
2023-06-14 11:00:00+09:00,3615.0,3615.0,3595.0,3605.0,0,0.0,0.0
2023-06-14 12:00:00+09:00,3600.0,3610.0,3600.0,3610.0,6200,0.0,0.0
2023-06-14 13:00:00+09:00,3605.0,3615.0,3605.0,3610.0,1800,0.0,0.0
2023-06-14 14:00:00+09:00,3615.0,3640.0,3615.0,3625.0,7200,0.0,0.0
2023-06-15 09:00:00+09:00,3620.0,3620.0,3595.0,3620.0,4700,0.0,0.0
2023-06-15 10:00:00+09:00,3630.0,3650.0,3620.0,3640.0,3200,0.0,0.0
2023-06-15 11:00:00+09:00,3645.0,3655.0,3645.0,3655.0,0,0.0,0.0
2023-06-15 12:00:00+09:00,3655.0,3660.0,3645.0,3650.0,12000,0.0,0.0
2023-06-15 13:00:00+09:00,3655.0,3655.0,3640.0,3645.0,1500,0.0,0.0
2023-06-15 14:00:00+09:00,3645.0,3645.0,3615.0,3615.0,4200,0.0,0.0
2023-06-16 09:00:00+09:00,3600.0,3610.0,3580.0,3580.0,5800,0.0,0.0
2023-06-16 10:00:00+09:00,3590.0,3590.0,3580.0,3590.0,1500,0.0,0.0
2023-06-16 11:00:00+09:00,3580.0,3580.0,3565.0,3565.0,0,0.0,0.0
2023-06-16 12:00:00+09:00,3585.0,3605.0,3585.0,3600.0,9800,0.0,0.0
2023-06-16 13:00:00+09:00,3595.0,3595.0,3580.0,3580.0,1700,0.0,0.0
2023-06-16 14:00:00+09:00,3580.0,3595.0,3565.0,3585.0,5200,0.0,0.0
2023-06-19 09:00:00+09:00,3595.0,3610.0,3580.0,3595.0,14400,0.0,0.0
2023-06-19 10:00:00+09:00,3605.0,3605.0,3590.0,3590.0,300,0.0,0.0
2023-06-19 11:00:00+09:00,3575.0,3585.0,3575.0,3585.0,0,0.0,0.0
2023-06-19 12:00:00+09:00,3585.0,3585.0,3555.0,3555.0,16700,0.0,0.0
2023-06-19 13:00:00+09:00,3555.0,3560.0,3550.0,3550.0,1500,0.0,0.0
2023-06-19 14:00:00+09:00,3550.0,3570.0,3550.0,3570.0,2400,0.0,0.0
2023-06-20 09:00:00+09:00,3550.0,3565.0,3535.0,3540.0,2700,0.0,0.0
2023-06-20 10:00:00+09:00,3540.0,3550.0,3505.0,3505.0,2800,0.0,0.0
2023-06-20 11:00:00+09:00,3520.0,3520.0,3520.0,3520.0,0,0.0,0.0
2023-06-20 12:00:00+09:00,3525.0,3530.0,3525.0,3530.0,6100,0.0,0.0
2023-06-20 13:00:00+09:00,3530.0,3535.0,3530.0,3535.0,900,0.0,0.0
2023-06-20 14:00:00+09:00,3540.0,3540.0,3515.0,3540.0,2600,0.0,0.0
2023-06-21 09:00:00+09:00,3555.0,3590.0,3540.0,3585.0,3900,0.0,0.0
2023-06-21 10:00:00+09:00,3590.0,3625.0,3590.0,3620.0,4600,0.0,0.0
2023-06-21 11:00:00+09:00,3620.0,3630.0,3620.0,3620.0,0,0.0,0.0
2023-06-21 12:00:00+09:00,3615.0,3615.0,3590.0,3605.0,10900,0.0,0.0
2023-06-21 13:00:00+09:00,3605.0,3605.0,3595.0,3595.0,700,0.0,0.0
2023-06-21 14:00:00+09:00,3590.0,3595.0,3575.0,3575.0,3600,0.0,0.0
2023-06-22 09:00:00+09:00,3585.0,3605.0,3580.0,3580.0,3900,0.0,0.0
2023-06-22 10:00:00+09:00,3580.0,3600.0,3580.0,3600.0,1700,0.0,0.0
2023-06-22 11:00:00+09:00,3595.0,3595.0,3590.0,3595.0,0,0.0,0.0
2023-06-22 12:00:00+09:00,3590.0,3590.0,3585.0,3585.0,6900,0.0,0.0
2023-06-22 13:00:00+09:00,3580.0,3580.0,3560.0,3575.0,1000,0.0,0.0
2023-06-22 14:00:00+09:00,3575.0,3575.0,3555.0,3555.0,1000,0.0,0.0
2023-06-23 09:00:00+09:00,3580.0,3580.0,3555.0,3555.0,2200,0.0,0.0
2023-06-23 10:00:00+09:00,3550.0,3550.0,3510.0,3525.0,5700,0.0,0.0
2023-06-23 11:00:00+09:00,3520.0,3520.0,3510.0,3510.0,0,0.0,0.0
2023-06-23 12:00:00+09:00,3520.0,3525.0,3505.0,3515.0,11100,0.0,0.0
2023-06-23 13:00:00+09:00,3510.0,3520.0,3505.0,3510.0,2000,0.0,0.0
2023-06-23 14:00:00+09:00,3515.0,3550.0,3515.0,3535.0,5300,0.0,0.0
2023-06-26 09:00:00+09:00,3535.0,3535.0,3445.0,3515.0,15000,0.0,0.0
2023-06-26 10:00:00+09:00,3510.0,3545.0,3510.0,3540.0,2200,0.0,0.0
2023-06-26 11:00:00+09:00,3540.0,3550.0,3535.0,3535.0,0,0.0,0.0
2023-06-26 12:00:00+09:00,3520.0,3520.0,3500.0,3500.0,18400,0.0,0.0
2023-06-26 13:00:00+09:00,3505.0,3515.0,3505.0,3505.0,1800,0.0,0.0
2023-06-26 14:00:00+09:00,3510.0,3520.0,3495.0,3510.0,2700,0.0,0.0
2023-06-27 09:00:00+09:00,3485.0,3505.0,3450.0,3505.0,4100,0.0,0.0
2023-06-27 10:00:00+09:00,3490.0,3500.0,3480.0,3490.0,2900,0.0,0.0
2023-06-27 11:00:00+09:00,3485.0,3495.0,3485.0,3495.0,0,0.0,0.0
2023-06-27 12:00:00+09:00,3485.0,3485.0,3480.0,3480.0,7700,0.0,0.0
2023-06-27 13:00:00+09:00,3485.0,3500.0,3485.0,3490.0,1600,0.0,0.0
2023-06-27 14:00:00+09:00,3490.0,3490.0,3485.0,3485.0,1500,0.0,0.0
2023-06-28 09:00:00+09:00,3530.0,3545.0,3520.0,3530.0,1400,0.0,0.0
2023-06-28 10:00:00+09:00,3520.0,3540.0,3505.0,3530.0,1900,0.0,0.0
2023-06-28 11:00:00+09:00,3530.0,3540.0,3530.0,3540.0,0,0.0,0.0
2023-06-28 12:00:00+09:00,3545.0,3565.0,3545.0,3560.0,5300,0.0,0.0
2023-06-28 13:00:00+09:00,3560.0,3565.0,3545.0,3545.0,1000,0.0,0.0
2023-06-28 14:00:00+09:00,3540.0,3550.0,3535.0,3550.0,2000,0.0,0.0
2023-06-29 09:00:00+09:00,3550.0,3585.0,3550.0,3565.0,1900,0.0,0.0
2023-06-29 10:00:00+09:00,3565.0,3595.0,3560.0,3590.0,2900,0.0,0.0
2023-06-29 11:00:00+09:00,3585.0,3585.0,3570.0,3575.0,0,0.0,0.0
2023-06-29 12:00:00+09:00,3565.0,3570.0,3560.0,3560.0,7500,0.0,0.0
2023-06-29 13:00:00+09:00,3570.0,3575.0,3550.0,3560.0,1100,0.0,0.0
2023-06-29 14:00:00+09:00,3560.0,3560.0,3540.0,3550.0,1600,0.0,0.0
2023-06-30 09:00:00+09:00,3540.0,3565.0,3525.0,3550.0,1900,0.0,0.0
2023-06-30 10:00:00+09:00,3540.0,3545.0,3525.0,3525.0,2000,0.0,0.0
2023-06-30 11:00:00+09:00,3525.0,3525.0,3515.0,3515.0,0,0.0,0.0
2023-06-30 12:00:00+09:00,3515.0,3520.0,3500.0,3500.0,6000,0.0,0.0
2023-06-30 13:00:00+09:00,3495.0,3505.0,3495.0,3505.0,1200,0.0,0.0
2023-06-30 14:00:00+09:00,3510.0,3520.0,3505.0,3520.0,1300,0.0,0.0
2023-07-03 09:00:00+09:00,3515.0,3540.0,3515.0,3540.0,2000,0.0,0.0
2023-07-03 10:00:00+09:00,3540.0,3540.0,3530.0,3540.0,600,0.0,0.0
2023-07-03 11:00:00+09:00,3525.0,3525.0,3515.0,3515.0,0,0.0,0.0
2023-07-03 12:00:00+09:00,3525.0,3525.0,3505.0,3505.0,3900,0.0,0.0
2023-07-03 13:00:00+09:00,3505.0,3510.0,3500.0,3505.0,1500,0.0,0.0
2023-07-03 14:00:00+09:00,3500.0,3515.0,3495.0,3510.0,2000,0.0,0.0
2023-07-04 09:00:00+09:00,3505.0,3515.0,3495.0,3510.0,1400,0.0,0.0
2023-07-04 10:00:00+09:00,3505.0,3505.0,3495.0,3495.0,2700,0.0,0.0
2023-07-04 11:00:00+09:00,3500.0,3505.0,3500.0,3505.0,0,0.0,0.0
2023-07-04 12:00:00+09:00,3505.0,3525.0,3495.0,3495.0,6600,0.0,0.0
2023-07-04 13:00:00+09:00,3505.0,3505.0,3490.0,3490.0,2700,0.0,0.0
2023-07-04 14:00:00+09:00,3485.0,3495.0,3480.0,3485.0,3100,0.0,0.0
2023-07-05 09:00:00+09:00,3485.0,3485.0,3445.0,3460.0,3900,0.0,0.0
2023-07-05 10:00:00+09:00,3460.0,3465.0,3455.0,3460.0,2000,0.0,0.0
2023-07-05 11:00:00+09:00,3460.0,3460.0,3460.0,3460.0,0,0.0,0.0
2023-07-05 12:00:00+09:00,3450.0,3470.0,3450.0,3470.0,7700,0.0,0.0
2023-07-05 13:00:00+09:00,3460.0,3460.0,3455.0,3455.0,500,0.0,0.0
2023-07-05 14:00:00+09:00,3455.0,3455.0,3445.0,3445.0,3000,0.0,0.0
2023-07-06 09:00:00+09:00,3450.0,3450.0,3420.0,3440.0,3400,0.0,0.0
2023-07-06 10:00:00+09:00,3430.0,3440.0,3430.0,3435.0,800,0.0,0.0
2023-07-06 11:00:00+09:00,3440.0,3440.0,3425.0,3425.0,0,0.0,0.0
2023-07-06 12:00:00+09:00,3420.0,3420.0,3415.0,3415.0,6900,0.0,0.0
2023-07-06 13:00:00+09:00,3415.0,3415.0,3395.0,3415.0,6100,0.0,0.0
2023-07-06 14:00:00+09:00,3410.0,3420.0,3405.0,3405.0,1700,0.0,0.0
2023-07-07 09:00:00+09:00,3390.0,3390.0,3240.0,3360.0,8100,0.0,0.0
2023-07-07 10:00:00+09:00,3365.0,3380.0,3350.0,3350.0,2500,0.0,0.0
2023-07-07 11:00:00+09:00,3360.0,3365.0,3355.0,3355.0,0,0.0,0.0
2023-07-07 12:00:00+09:00,3360.0,3360.0,3350.0,3350.0,12900,0.0,0.0
2023-07-07 13:00:00+09:00,3340.0,3340.0,3335.0,3340.0,1300,0.0,0.0
2023-07-07 14:00:00+09:00,3340.0,3340.0,3315.0,3315.0,2900,0.0,0.0
2023-07-10 09:00:00+09:00,3305.0,3350.0,3295.0,3345.0,0,0.0,0.0
2023-07-10 10:00:00+09:00,3340.0,3355.0,3330.0,3330.0,2000,0.0,0.0
2023-07-10 11:00:00+09:00,3330.0,3340.0,3330.0,3330.0,0,0.0,0.0
2023-07-10 12:00:00+09:00,3330.0,3330.0,3325.0,3325.0,7300,0.0,0.0
2023-07-10 13:00:00+09:00,3320.0,3335.0,3320.0,3330.0,1400,0.0,0.0
2023-07-10 14:00:00+09:00,3325.0,3325.0,3300.0,3300.0,3300,0.0,0.0
2023-07-11 09:00:00+09:00,3355.0,3355.0,3335.0,3345.0,1300,0.0,0.0
2023-07-11 10:00:00+09:00,3345.0,3345.0,3335.0,3340.0,1000,0.0,0.0
2023-07-11 11:00:00+09:00,3350.0,3380.0,3350.0,3380.0,0,0.0,0.0
2023-07-11 12:00:00+09:00,3375.0,3380.0,3365.0,3365.0,8100,0.0,0.0
2023-07-11 13:00:00+09:00,3360.0,3360.0,3340.0,3360.0,1400,0.0,0.0
2023-07-11 14:00:00+09:00,3350.0,3370.0,3345.0,3355.0,4600,0.0,0.0
2023-07-12 09:00:00+09:00,3355.0,3355.0,3325.0,3350.0,6600,0.0,0.0
2023-07-12 10:00:00+09:00,3355.0,3355.0,3345.0,3355.0,300,0.0,0.0
2023-07-12 11:00:00+09:00,3360.0,3365.0,3355.0,3355.0,0,0.0,0.0
2023-07-12 12:00:00+09:00,3325.0,3360.0,3325.0,3355.0,8400,0.0,0.0
2023-07-12 13:00:00+09:00,3355.0,3360.0,3355.0,3360.0,600,0.0,0.0
2023-07-12 14:00:00+09:00,3365.0,3365.0,3350.0,3360.0,1700,0.0,0.0
2023-07-13 09:00:00+09:00,3380.0,3395.0,3365.0,3395.0,1600,0.0,0.0
2023-07-13 10:00:00+09:00,3405.0,3420.0,3405.0,3410.0,700,0.0,0.0
2023-07-13 11:00:00+09:00,3410.0,3410.0,3410.0,3410.0,0,0.0,0.0
2023-07-13 12:00:00+09:00,3410.0,3420.0,3410.0,3420.0,0,0.0,0.0
2023-07-13 13:00:00+09:00,3415.0,3415.0,3400.0,3400.0,4200,0.0,0.0
2023-07-13 14:00:00+09:00,3395.0,3405.0,3390.0,3400.0,1400,0.0,0.0
2023-07-14 09:00:00+09:00,3430.0,3430.0,3345.0,3355.0,0,0.0,0.0
2023-07-14 10:00:00+09:00,3350.0,3350.0,3335.0,3340.0,0,0.0,0.0
2023-07-14 11:00:00+09:00,3350.0,3355.0,3350.0,3355.0,0,0.0,0.0
2023-07-14 12:00:00+09:00,3360.0,3370.0,3360.0,3370.0,0,0.0,0.0
2023-07-14 13:00:00+09:00,3360.0,3360.0,3360.0,3360.0,4500,0.0,0.0
2023-07-14 14:00:00+09:00,3355.0,3355.0,3350.0,3350.0,600,0.0,0.0
2023-07-18 09:00:00+09:00,3375.0,3380.0,3375.0,3380.0,500,0.0,0.0
2023-07-18 10:00:00+09:00,3380.0,3380.0,3365.0,3375.0,700,0.0,0.0
2023-07-18 11:00:00+09:00,3375.0,3375.0,3375.0,3375.0,0,0.0,0.0
2023-07-18 13:00:00+09:00,3370.0,3370.0,3370.0,3370.0,1300,0.0,0.0
2023-07-18 14:00:00+09:00,3375.0,3380.0,3375.0,3375.0,500,0.0,0.0
2023-07-19 09:00:00+09:00,3400.0,3400.0,3390.0,3400.0,400,0.0,0.0
2023-07-19 10:00:00+09:00,3410.0,3425.0,3410.0,3425.0,800,0.0,0.0
2023-07-19 11:00:00+09:00,3425.0,3425.0,3425.0,3425.0,0,0.0,0.0
2023-07-19 12:00:00+09:00,3410.0,3425.0,3400.0,3400.0,2300,0.0,0.0
2023-07-19 13:00:00+09:00,3405.0,3405.0,3405.0,3405.0,200,0.0,0.0
2023-07-19 14:00:00+09:00,3400.0,3400.0,3380.0,3400.0,2600,0.0,0.0
2023-07-20 09:00:00+09:00,3400.0,3415.0,3395.0,3415.0,500,0.0,0.0
2023-07-20 10:00:00+09:00,3415.0,3415.0,3400.0,3400.0,900,0.0,0.0
2023-07-20 11:00:00+09:00,3390.0,3390.0,3380.0,3380.0,0,0.0,0.0
2023-07-20 12:00:00+09:00,3370.0,3375.0,3365.0,3365.0,2600,0.0,0.0
2023-07-20 13:00:00+09:00,3360.0,3360.0,3360.0,3360.0,100,0.0,0.0
2023-07-20 14:00:00+09:00,3370.0,3395.0,3370.0,3370.0,2800,0.0,0.0
2023-07-21 09:00:00+09:00,3385.0,3385.0,3355.0,3355.0,200,0.0,0.0
2023-07-21 10:00:00+09:00,3360.0,3360.0,3360.0,3360.0,100,0.0,0.0
2023-07-21 11:00:00+09:00,3355.0,3355.0,3355.0,3355.0,0,0.0,0.0
2023-07-21 12:00:00+09:00,3345.0,3345.0,3345.0,3345.0,900,0.0,0.0
2023-07-21 13:00:00+09:00,3345.0,3345.0,3345.0,3345.0,100,0.0,0.0
2023-07-21 14:00:00+09:00,3335.0,3335.0,3320.0,3320.0,2300,0.0,0.0
2023-07-24 09:00:00+09:00,3340.0,3385.0,3335.0,3375.0,1200,0.0,0.0
2023-07-24 11:00:00+09:00,3365.0,3365.0,3355.0,3355.0,0,0.0,0.0
2023-07-24 12:00:00+09:00,3355.0,3360.0,3355.0,3360.0,2000,0.0,0.0
2023-07-24 14:00:00+09:00,3365.0,3365.0,3355.0,3365.0,1700,0.0,0.0
2023-07-25 09:00:00+09:00,3350.0,3355.0,3350.0,3355.0,200,0.0,0.0
2023-07-25 10:00:00+09:00,3350.0,3350.0,3350.0,3350.0,100,0.0,0.0
2023-07-25 11:00:00+09:00,3350.0,3350.0,3350.0,3350.0,0,0.0,0.0
2023-07-25 12:00:00+09:00,3345.0,3345.0,3330.0,3330.0,1300,0.0,0.0
2023-07-25 13:00:00+09:00,3325.0,3325.0,3320.0,3320.0,200,0.0,0.0
2023-07-25 14:00:00+09:00,3330.0,3335.0,3330.0,3335.0,600,0.0,0.0
2023-07-26 09:00:00+09:00,3350.0,3350.0,3320.0,3330.0,0,0.0,0.0
2023-07-26 10:00:00+09:00,3335.0,3345.0,3330.0,3340.0,3400,0.0,0.0
2023-07-26 11:00:00+09:00,3340.0,3340.0,3340.0,3340.0,0,0.0,0.0
2023-07-26 12:00:00+09:00,3340.0,3345.0,3335.0,3340.0,3900,0.0,0.0
2023-07-26 14:00:00+09:00,3350.0,3355.0,3340.0,3355.0,700,0.0,0.0
2023-07-27 09:00:00+09:00,3355.0,3355.0,3325.0,3335.0,2000,0.0,0.0
2023-07-27 11:00:00+09:00,3335.0,3335.0,3335.0,3335.0,0,0.0,0.0
2023-07-27 12:00:00+09:00,3325.0,3330.0,3325.0,3330.0,2300,0.0,0.0
2023-07-27 13:00:00+09:00,3335.0,3335.0,3330.0,3330.0,400,0.0,0.0
2023-07-27 14:00:00+09:00,3340.0,3345.0,3340.0,3340.0,1300,0.0,0.0
2023-07-28 09:00:00+09:00,3330.0,3330.0,3290.0,3320.0,2900,0.0,0.0
2023-07-28 10:00:00+09:00,3320.0,3325.0,3320.0,3325.0,400,0.0,0.0
2023-07-28 11:00:00+09:00,3315.0,3320.0,3315.0,3320.0,0,0.0,0.0
2023-07-28 12:00:00+09:00,3325.0,3345.0,3315.0,3330.0,6800,0.0,0.0
2023-07-28 13:00:00+09:00,3325.0,3345.0,3325.0,3335.0,1100,0.0,0.0
2023-07-28 14:00:00+09:00,3340.0,3345.0,3325.0,3340.0,4500,0.0,0.0
2023-07-31 09:00:00+09:00,3390.0,3415.0,3370.0,3415.0,3200,0.0,0.0
2023-07-31 10:00:00+09:00,3415.0,3430.0,3415.0,3420.0,1200,0.0,0.0
2023-07-31 11:00:00+09:00,3425.0,3425.0,3405.0,3405.0,0,0.0,0.0
2023-07-31 12:00:00+09:00,3405.0,3410.0,3400.0,3410.0,7300,0.0,0.0
2023-07-31 13:00:00+09:00,3395.0,3395.0,3390.0,3390.0,400,0.0,0.0
2023-07-31 14:00:00+09:00,3390.0,3410.0,3390.0,3405.0,1400,0.0,0.0
2023-08-01 09:00:00+09:00,3430.0,3430.0,3380.0,3385.0,3300,0.0,0.0
2023-08-01 10:00:00+09:00,3390.0,3390.0,3380.0,3380.0,700,0.0,0.0
2023-08-01 11:00:00+09:00,3370.0,3375.0,3365.0,3375.0,0,0.0,0.0
2023-08-01 12:00:00+09:00,3370.0,3370.0,3370.0,3370.0,4600,0.0,0.0
2023-08-01 13:00:00+09:00,3380.0,3380.0,3365.0,3365.0,700,0.0,0.0
2023-08-01 14:00:00+09:00,3360.0,3360.0,3355.0,3355.0,1100,0.0,0.0
2023-08-02 09:00:00+09:00,3335.0,3335.0,3305.0,3325.0,3200,0.0,0.0
2023-08-02 10:00:00+09:00,3325.0,3340.0,3325.0,3335.0,1500,0.0,0.0
2023-08-02 11:00:00+09:00,3335.0,3335.0,3335.0,3335.0,0,0.0,0.0
2023-08-02 12:00:00+09:00,3325.0,3325.0,3325.0,3325.0,5500,0.0,0.0
2023-08-02 13:00:00+09:00,3325.0,3335.0,3305.0,3305.0,3900,0.0,0.0
2023-08-02 14:00:00+09:00,3305.0,3310.0,3305.0,3310.0,2100,0.0,0.0
2023-08-03 09:00:00+09:00,3290.0,3290.0,3230.0,3245.0,4100,0.0,0.0
2023-08-03 10:00:00+09:00,3240.0,3260.0,3240.0,3240.0,2000,0.0,0.0
2023-08-03 11:00:00+09:00,3245.0,3245.0,3240.0,3240.0,0,0.0,0.0
2023-08-03 12:00:00+09:00,3250.0,3250.0,3235.0,3235.0,8400,0.0,0.0
2023-08-03 13:00:00+09:00,3235.0,3235.0,3220.0,3230.0,2200,0.0,0.0
2023-08-03 14:00:00+09:00,3225.0,3240.0,3205.0,3205.0,2700,0.0,0.0
2023-08-04 09:00:00+09:00,3205.0,3235.0,3205.0,3235.0,2000,0.0,0.0
2023-08-04 10:00:00+09:00,3230.0,3230.0,3215.0,3215.0,1500,0.0,0.0
2023-08-04 11:00:00+09:00,3210.0,3210.0,3210.0,3210.0,0,0.0,0.0
2023-08-04 12:00:00+09:00,3220.0,3220.0,3210.0,3210.0,4100,0.0,0.0
2023-08-04 13:00:00+09:00,3215.0,3215.0,3205.0,3205.0,700,0.0,0.0
2023-08-04 14:00:00+09:00,3200.0,3200.0,3185.0,3190.0,3800,0.0,0.0
2023-08-07 09:00:00+09:00,3190.0,3200.0,3185.0,3200.0,1500,0.0,0.0
2023-08-07 10:00:00+09:00,3200.0,3200.0,3185.0,3185.0,1100,0.0,0.0
2023-08-07 11:00:00+09:00,3180.0,3190.0,3180.0,3190.0,0,0.0,0.0
2023-08-07 12:00:00+09:00,3175.0,3200.0,3175.0,3200.0,4900,0.0,0.0
2023-08-07 13:00:00+09:00,3180.0,3190.0,3180.0,3190.0,500,0.0,0.0
2023-08-07 14:00:00+09:00,3190.0,3200.0,3190.0,3195.0,1500,0.0,0.0
2023-08-08 09:00:00+09:00,3145.0,3145.0,3055.0,3065.0,9300,0.0,0.0
2023-08-08 10:00:00+09:00,3060.0,3060.0,3005.0,3035.0,9200,0.0,0.0
2023-08-08 11:00:00+09:00,3035.0,3040.0,3035.0,3040.0,0,0.0,0.0
2023-08-08 12:00:00+09:00,3050.0,3050.0,3035.0,3035.0,19900,0.0,0.0
2023-08-08 13:00:00+09:00,3035.0,3055.0,3035.0,3055.0,2300,0.0,0.0
2023-08-08 14:00:00+09:00,3055.0,3065.0,3055.0,3060.0,1100,0.0,0.0
2023-08-09 09:00:00+09:00,3050.0,3050.0,2990.0,2998.0,0,0.0,0.0
2023-08-09 10:00:00+09:00,2998.0,3000.0,2990.0,2996.0,10400,0.0,0.0
2023-08-09 11:00:00+09:00,2992.0,3000.0,2992.0,3000.0,0,0.0,0.0
2023-08-09 12:00:00+09:00,2996.0,3000.0,2967.0,2969.0,16100,0.0,0.0
2023-08-09 13:00:00+09:00,2971.0,2976.0,2967.0,2971.0,1100,0.0,0.0
2023-08-09 14:00:00+09:00,2966.0,2971.0,2945.0,2971.0,4500,0.0,0.0
2023-08-10 09:00:00+09:00,2982.0,2982.0,2916.0,2923.0,11900,0.0,0.0
2023-08-10 10:00:00+09:00,2931.0,2935.0,2926.0,2935.0,1100,0.0,0.0
2023-08-10 11:00:00+09:00,2933.0,2936.0,2933.0,2936.0,0,0.0,0.0
2023-08-10 12:00:00+09:00,2938.0,2947.0,2938.0,2947.0,14700,0.0,0.0
2023-08-10 13:00:00+09:00,2943.0,2971.0,2941.0,2961.0,2300,0.0,0.0
2023-08-10 14:00:00+09:00,2959.0,2972.0,2951.0,2953.0,4500,0.0,0.0
2023-08-14 09:00:00+09:00,2961.0,2961.0,2949.0,2950.0,3000,0.0,0.0
2023-08-14 10:00:00+09:00,2934.0,2947.0,2934.0,2937.0,5300,0.0,0.0
2023-08-14 11:00:00+09:00,2937.0,2938.0,2920.0,2920.0,0,0.0,0.0
2023-08-14 12:00:00+09:00,2917.0,2920.0,2911.0,2915.0,10400,0.0,0.0
2023-08-14 13:00:00+09:00,2915.0,2917.0,2915.0,2917.0,700,0.0,0.0
2023-08-14 14:00:00+09:00,2918.0,2932.0,2918.0,2926.0,2100,0.0,0.0
2023-08-15 09:00:00+09:00,2912.0,2928.0,2894.0,2926.0,5000,0.0,0.0
2023-08-15 10:00:00+09:00,2926.0,2926.0,2921.0,2924.0,800,0.0,0.0
2023-08-15 11:00:00+09:00,2923.0,2923.0,2923.0,2923.0,0,0.0,0.0
2023-08-15 12:00:00+09:00,2923.0,2923.0,2916.0,2916.0,6200,0.0,0.0
2023-08-15 13:00:00+09:00,2926.0,2926.0,2922.0,2922.0,500,0.0,0.0
2023-08-15 14:00:00+09:00,2926.0,2933.0,2925.0,2932.0,1400,0.0,0.0
2023-08-16 09:00:00+09:00,2901.0,2909.0,2894.0,2902.0,2700,0.0,0.0
2023-08-16 10:00:00+09:00,2900.0,2900.0,2894.0,2894.0,500,0.0,0.0
2023-08-16 11:00:00+09:00,2891.0,2895.0,2891.0,2895.0,0,0.0,0.0
2023-08-16 12:00:00+09:00,2893.0,2897.0,2889.0,2890.0,5800,0.0,0.0
2023-08-16 13:00:00+09:00,2888.0,2896.0,2887.0,2889.0,1400,0.0,0.0
2023-08-16 14:00:00+09:00,2886.0,2891.0,2871.0,2876.0,3000,0.0,0.0
2023-08-17 09:00:00+09:00,2870.0,2870.0,2830.0,2830.0,5000,0.0,0.0
2023-08-17 10:00:00+09:00,2830.0,2830.0,2810.0,2825.0,1300,0.0,0.0
2023-08-17 11:00:00+09:00,2828.0,2828.0,2828.0,2828.0,0,0.0,0.0
2023-08-17 12:00:00+09:00,2828.0,2840.0,2828.0,2832.0,0,0.0,0.0
2023-08-17 13:00:00+09:00,2853.0,2856.0,2853.0,2856.0,7500,0.0,0.0
2023-08-17 14:00:00+09:00,2854.0,2871.0,2854.0,2870.0,1300,0.0,0.0
2023-08-18 09:00:00+09:00,2839.0,2850.0,2816.0,2843.0,2900,0.0,0.0
2023-08-18 10:00:00+09:00,2845.0,2864.0,2845.0,2864.0,0,0.0,0.0
2023-08-18 11:00:00+09:00,2860.0,2860.0,2858.0,2858.0,0,0.0,0.0
2023-08-18 12:00:00+09:00,2862.0,2862.0,2862.0,2862.0,5200,0.0,0.0
2023-08-18 13:00:00+09:00,2864.0,2866.0,2855.0,2855.0,1400,0.0,0.0
2023-08-18 14:00:00+09:00,2851.0,2871.0,2850.0,2866.0,2600,0.0,0.0
2023-08-21 09:00:00+09:00,2846.0,2865.0,2846.0,2865.0,0,0.0,0.0
2023-08-21 10:00:00+09:00,2865.0,2882.0,2859.0,2881.0,0,0.0,0.0
2023-08-21 11:00:00+09:00,2888.0,2890.0,2888.0,2890.0,0,0.0,0.0
2023-08-21 12:00:00+09:00,2900.0,2901.0,2900.0,2901.0,8000,0.0,0.0
2023-08-21 13:00:00+09:00,2903.0,2907.0,2898.0,2900.0,0,0.0,0.0
2023-08-21 14:00:00+09:00,2901.0,2901.0,2877.0,2882.0,13000,0.0,0.0
2023-08-22 09:00:00+09:00,2875.0,2922.0,2875.0,2915.0,2200,0.0,0.0
2023-08-22 10:00:00+09:00,2908.0,2911.0,2894.0,2907.0,1100,0.0,0.0
2023-08-22 11:00:00+09:00,2906.0,2934.0,2906.0,2930.0,0,0.0,0.0
2023-08-22 12:00:00+09:00,2930.0,2930.0,2916.0,2925.0,6200,0.0,0.0
2023-08-22 13:00:00+09:00,2924.0,2924.0,2912.0,2913.0,1500,0.0,0.0
2023-08-22 14:00:00+09:00,2921.0,2931.0,2918.0,2925.0,2500,0.0,0.0
2023-08-23 09:00:00+09:00,2927.0,2927.0,2912.0,2923.0,700,0.0,0.0
2023-08-23 10:00:00+09:00,2929.0,2942.0,2929.0,2942.0,800,0.0,0.0
2023-08-23 11:00:00+09:00,2943.0,2943.0,2943.0,2943.0,0,0.0,0.0
2023-08-23 12:00:00+09:00,2947.0,2947.0,2936.0,2938.0,3200,0.0,0.0
2023-08-23 13:00:00+09:00,2938.0,2939.0,2927.0,2938.0,1200,0.0,0.0
2023-08-23 14:00:00+09:00,2937.0,2953.0,2937.0,2953.0,1800,0.0,0.0
2023-08-24 09:00:00+09:00,2957.0,2957.0,2947.0,2947.0,1900,0.0,0.0
2023-08-24 10:00:00+09:00,2946.0,2953.0,2941.0,2941.0,1100,0.0,0.0
2023-08-24 11:00:00+09:00,2938.0,2968.0,2938.0,2968.0,0,0.0,0.0
2023-08-24 12:00:00+09:00,2979.0,2979.0,2979.0,2979.0,6600,0.0,0.0
2023-08-24 13:00:00+09:00,2968.0,2977.0,2968.0,2977.0,1900,0.0,0.0
2023-08-24 14:00:00+09:00,2979.0,2979.0,2965.0,2965.0,1300,0.0,0.0
2023-08-25 09:00:00+09:00,2916.0,3010.0,2915.0,3010.0,6200,0.0,0.0
2023-08-25 10:00:00+09:00,3000.0,3010.0,2991.0,2993.0,800,0.0,0.0
2023-08-25 11:00:00+09:00,2993.0,2993.0,2993.0,2993.0,0,0.0,0.0
2023-08-25 12:00:00+09:00,2993.0,2993.0,2993.0,2993.0,7100,0.0,0.0
2023-08-25 13:00:00+09:00,2985.0,2985.0,2982.0,2982.0,200,0.0,0.0
2023-08-25 14:00:00+09:00,2981.0,2984.0,2961.0,2968.0,3700,0.0,0.0
2023-08-28 09:00:00+09:00,2999.0,3000.0,2995.0,2999.0,1600,0.0,0.0
2023-08-28 10:00:00+09:00,2997.0,3000.0,2995.0,2995.0,400,0.0,0.0
2023-08-28 11:00:00+09:00,2995.0,2995.0,2991.0,2993.0,0,0.0,0.0
2023-08-28 12:00:00+09:00,2969.0,2969.0,2969.0,2969.0,2800,0.0,0.0
2023-08-28 13:00:00+09:00,2971.0,2971.0,2967.0,2967.0,200,0.0,0.0
2023-08-28 14:00:00+09:00,2969.0,2989.0,2966.0,2975.0,2600,0.0,0.0
2023-08-29 09:00:00+09:00,2999.0,2999.0,2967.0,2975.0,3700,0.0,0.0
2023-08-29 11:00:00+09:00,2982.0,2982.0,2979.0,2979.0,0,0.0,0.0
2023-08-29 12:00:00+09:00,2971.0,2971.0,2971.0,2971.0,4300,0.0,0.0
2023-08-29 13:00:00+09:00,2972.0,3005.0,2972.0,3005.0,3300,0.0,0.0
2023-08-29 14:00:00+09:00,2997.0,3015.0,2985.0,2985.0,4300,0.0,0.0
2023-08-30 09:00:00+09:00,2996.0,3010.0,2980.0,3010.0,3600,0.0,0.0
2023-08-30 10:00:00+09:00,3010.0,3010.0,3010.0,3010.0,100,0.0,0.0
2023-08-30 11:00:00+09:00,3000.0,3000.0,3000.0,3000.0,0,0.0,0.0
2023-08-30 12:00:00+09:00,3005.0,3010.0,3005.0,3005.0,5100,0.0,0.0
2023-08-30 13:00:00+09:00,3010.0,3015.0,3005.0,3015.0,600,0.0,0.0
2023-08-30 14:00:00+09:00,3010.0,3030.0,3005.0,3020.0,4400,0.0,0.0
2023-08-31 09:00:00+09:00,3030.0,3030.0,3020.0,3030.0,600,0.0,0.0
2023-08-31 10:00:00+09:00,3035.0,3035.0,3025.0,3025.0,1000,0.0,0.0
2023-08-31 11:00:00+09:00,3025.0,3025.0,3025.0,3025.0,0,0.0,0.0
2023-08-31 12:00:00+09:00,3025.0,3025.0,3025.0,3025.0,1700,0.0,0.0
2023-08-31 13:00:00+09:00,3025.0,3045.0,3025.0,3040.0,1300,0.0,0.0
2023-08-31 14:00:00+09:00,3045.0,3045.0,3035.0,3045.0,1700,0.0,0.0
2023-09-01 09:00:00+09:00,3050.0,3100.0,3045.0,3100.0,4800,0.0,0.0
2023-09-01 10:00:00+09:00,3095.0,3125.0,3090.0,3125.0,3100,0.0,0.0
2023-09-01 11:00:00+09:00,3120.0,3120.0,3120.0,3120.0,0,0.0,0.0
2023-09-01 12:00:00+09:00,3115.0,3115.0,3115.0,3115.0,8500,0.0,0.0
2023-09-01 13:00:00+09:00,3120.0,3125.0,3120.0,3125.0,1000,0.0,0.0
2023-09-01 14:00:00+09:00,3130.0,3160.0,3130.0,3150.0,4400,0.0,0.0
2023-09-04 09:00:00+09:00,3155.0,3195.0,3155.0,3180.0,3500,0.0,0.0
2023-09-04 10:00:00+09:00,3180.0,3205.0,3175.0,3205.0,1800,0.0,0.0
2023-09-04 11:00:00+09:00,3210.0,3210.0,3195.0,3195.0,0,0.0,0.0
2023-09-04 12:00:00+09:00,3190.0,3200.0,3190.0,3200.0,6600,0.0,0.0
2023-09-04 13:00:00+09:00,3195.0,3195.0,3195.0,3195.0,100,0.0,0.0
2023-09-04 14:00:00+09:00,3195.0,3205.0,3180.0,3200.0,4500,0.0,0.0
2023-09-05 09:00:00+09:00,3175.0,3215.0,3160.0,3205.0,1500,0.0,0.0
2023-09-05 10:00:00+09:00,3190.0,3190.0,3180.0,3180.0,800,0.0,0.0
2023-09-05 11:00:00+09:00,3170.0,3215.0,3170.0,3215.0,0,0.0,0.0
2023-09-05 12:00:00+09:00,3220.0,3230.0,3210.0,3230.0,6800,0.0,0.0
2023-09-05 13:00:00+09:00,3215.0,3220.0,3205.0,3210.0,1800,0.0,0.0
2023-09-05 14:00:00+09:00,3215.0,3225.0,3210.0,3220.0,3600,0.0,0.0
2023-09-06 09:00:00+09:00,3220.0,3230.0,3215.0,3225.0,2700,0.0,0.0
2023-09-06 10:00:00+09:00,3235.0,3235.0,3220.0,3220.0,500,0.0,0.0
2023-09-06 11:00:00+09:00,3225.0,3225.0,3225.0,3225.0,0,0.0,0.0
2023-09-06 12:00:00+09:00,3230.0,3240.0,3230.0,3240.0,4500,0.0,0.0
2023-09-06 13:00:00+09:00,3240.0,3250.0,3240.0,3250.0,1300,0.0,0.0
2023-09-06 14:00:00+09:00,3240.0,3255.0,3235.0,3235.0,2600,0.0,0.0
2023-09-07 09:00:00+09:00,3235.0,3235.0,3185.0,3205.0,2300,0.0,0.0
2023-09-07 11:00:00+09:00,3205.0,3205.0,3205.0,3205.0,0,0.0,0.0
2023-09-07 12:00:00+09:00,3210.0,3215.0,3210.0,3215.0,2800,0.0,0.0
2023-09-07 13:00:00+09:00,3215.0,3215.0,3205.0,3205.0,1200,0.0,0.0
2023-09-07 14:00:00+09:00,3190.0,3195.0,3175.0,3185.0,3600,0.0,0.0
2023-09-08 09:00:00+09:00,3175.0,3180.0,3150.0,3155.0,7500,0.0,0.0
2023-09-08 11:00:00+09:00,3150.0,3150.0,3150.0,3150.0,0,0.0,0.0
2023-09-08 12:00:00+09:00,3145.0,3155.0,3135.0,3155.0,9300,0.0,0.0
2023-09-08 14:00:00+09:00,3145.0,3145.0,3140.0,3140.0,1700,0.0,0.0
2023-09-11 09:00:00+09:00,3165.0,3165.0,3100.0,3110.0,2800,0.0,0.0
2023-09-11 10:00:00+09:00,3125.0,3125.0,3100.0,3100.0,1700,0.0,0.0
2023-09-11 11:00:00+09:00,3100.0,3100.0,3100.0,3100.0,0,0.0,0.0
2023-09-11 12:00:00+09:00,3110.0,3110.0,3100.0,3110.0,5500,0.0,0.0
2023-09-11 13:00:00+09:00,3115.0,3115.0,3115.0,3115.0,100,0.0,0.0
2023-09-11 14:00:00+09:00,3110.0,3120.0,3080.0,3105.0,6500,0.0,0.0
2023-09-12 09:00:00+09:00,3115.0,3115.0,3085.0,3085.0,6900,0.0,0.0
2023-09-12 10:00:00+09:00,3085.0,3085.0,3055.0,3055.0,2500,0.0,0.0
2023-09-12 11:00:00+09:00,3055.0,3055.0,3055.0,3055.0,0,0.0,0.0
2023-09-12 12:00:00+09:00,3060.0,3060.0,3060.0,3060.0,9700,0.0,0.0
2023-09-12 13:00:00+09:00,3065.0,3065.0,3060.0,3060.0,300,0.0,0.0
2023-09-12 14:00:00+09:00,3065.0,3085.0,3060.0,3060.0,2900,0.0,0.0
2023-09-13 09:00:00+09:00,3050.0,3075.0,3050.0,3065.0,1800,0.0,0.0
2023-09-13 10:00:00+09:00,3055.0,3055.0,3045.0,3045.0,1000,0.0,0.0
2023-09-13 11:00:00+09:00,3050.0,3055.0,3050.0,3050.0,0,0.0,0.0
2023-09-13 12:00:00+09:00,3035.0,3035.0,3030.0,3035.0,4400,0.0,0.0
2023-09-13 13:00:00+09:00,3035.0,3050.0,3035.0,3045.0,700,0.0,0.0
2023-09-13 14:00:00+09:00,3050.0,3050.0,3010.0,3035.0,5000,0.0,0.0
2023-09-14 09:00:00+09:00,3070.0,3115.0,3060.0,3070.0,4100,0.0,0.0
2023-09-14 10:00:00+09:00,3070.0,3075.0,3060.0,3065.0,1100,0.0,0.0
2023-09-14 11:00:00+09:00,3065.0,3065.0,3060.0,3060.0,0,0.0,0.0
2023-09-14 12:00:00+09:00,3060.0,3080.0,3060.0,3060.0,7000,0.0,0.0
2023-09-14 13:00:00+09:00,3065.0,3080.0,3065.0,3080.0,700,0.0,0.0
2023-09-14 14:00:00+09:00,3080.0,3080.0,3065.0,3080.0,3300,0.0,0.0
2023-09-15 09:00:00+09:00,3085.0,3100.0,3075.0,3085.0,2800,0.0,0.0
2023-09-15 10:00:00+09:00,3075.0,3075.0,3045.0,3060.0,1800,0.0,0.0
2023-09-15 11:00:00+09:00,3065.0,3070.0,3065.0,3070.0,0,0.0,0.0
2023-09-15 12:00:00+09:00,3050.0,3055.0,3020.0,3025.0,9400,0.0,0.0
2023-09-15 13:00:00+09:00,3020.0,3025.0,3015.0,3015.0,3700,0.0,0.0
2023-09-15 14:00:00+09:00,3015.0,3020.0,2989.0,2989.0,9400,0.0,0.0
2023-09-19 09:00:00+09:00,3005.0,3005.0,2976.0,2991.0,2800,0.0,0.0
2023-09-19 10:00:00+09:00,2991.0,2992.0,2960.0,2960.0,3000,0.0,0.0
2023-09-19 11:00:00+09:00,2961.0,2966.0,2960.0,2965.0,0,0.0,0.0
2023-09-19 12:00:00+09:00,2965.0,2973.0,2965.0,2966.0,7000,0.0,0.0
2023-09-19 13:00:00+09:00,2967.0,2968.0,2964.0,2964.0,300,0.0,0.0
2023-09-19 14:00:00+09:00,2965.0,2975.0,2955.0,2975.0,3100,0.0,0.0
2023-09-20 09:00:00+09:00,2956.0,2956.0,2914.0,2914.0,4500,0.0,0.0
2023-09-20 10:00:00+09:00,2923.0,2934.0,2914.0,2934.0,2200,0.0,0.0
2023-09-20 11:00:00+09:00,2926.0,2926.0,2914.0,2914.0,0,0.0,0.0
2023-09-20 12:00:00+09:00,2900.0,2914.0,2900.0,2908.0,11700,0.0,0.0
2023-09-20 13:00:00+09:00,2909.0,2909.0,2886.0,2886.0,4900,0.0,0.0
2023-09-20 14:00:00+09:00,2892.0,2899.0,2886.0,2892.0,3400,0.0,0.0
2023-09-21 09:00:00+09:00,2886.0,2886.0,2853.0,2853.0,3400,0.0,0.0
2023-09-21 10:00:00+09:00,2852.0,2852.0,2843.0,2843.0,2300,0.0,0.0
2023-09-21 11:00:00+09:00,2843.0,2843.0,2828.0,2833.0,0,0.0,0.0
2023-09-21 12:00:00+09:00,2822.0,2822.0,2821.0,2822.0,9200,0.0,0.0
2023-09-21 13:00:00+09:00,2823.0,2823.0,2812.0,2818.0,4200,0.0,0.0
2023-09-21 14:00:00+09:00,2816.0,2820.0,2805.0,2817.0,7700,0.0,0.0
2023-09-22 09:00:00+09:00,2806.0,2806.0,2754.0,2787.0,5200,0.0,0.0
2023-09-22 10:00:00+09:00,2782.0,2805.0,2782.0,2795.0,1400,0.0,0.0
2023-09-22 11:00:00+09:00,2804.0,2812.0,2799.0,2801.0,0,0.0,0.0
2023-09-22 12:00:00+09:00,2800.0,2819.0,2800.0,2815.0,10200,0.0,0.0
2023-09-22 13:00:00+09:00,2815.0,2825.0,2810.0,2825.0,1500,0.0,0.0
2023-09-22 14:00:00+09:00,2834.0,2834.0,2790.0,2790.0,5100,0.0,0.0
2023-09-25 09:00:00+09:00,2819.0,2880.0,2819.0,2880.0,5800,0.0,0.0
2023-09-25 10:00:00+09:00,2885.0,2917.0,2878.0,2898.0,3700,0.0,0.0
2023-09-25 11:00:00+09:00,2908.0,2910.0,2901.0,2901.0,0,0.0,0.0
2023-09-25 12:00:00+09:00,2901.0,2904.0,2894.0,2894.0,12300,0.0,0.0
2023-09-25 13:00:00+09:00,2893.0,2893.0,2873.0,2883.0,1800,0.0,0.0
2023-09-25 14:00:00+09:00,2883.0,2902.0,2883.0,2902.0,2600,0.0,0.0
2023-09-26 09:00:00+09:00,2900.0,2900.0,2876.0,2882.0,3300,0.0,0.0
2023-09-26 10:00:00+09:00,2881.0,2900.0,2881.0,2894.0,1700,0.0,0.0
2023-09-26 11:00:00+09:00,2894.0,2894.0,2885.0,2885.0,0,0.0,0.0
2023-09-26 12:00:00+09:00,2880.0,2893.0,2874.0,2893.0,7600,0.0,0.0
2023-09-26 13:00:00+09:00,2885.0,2887.0,2875.0,2887.0,700,0.0,0.0
2023-09-26 14:00:00+09:00,2888.0,2900.0,2886.0,2893.0,4400,0.0,0.0
2023-09-27 09:00:00+09:00,2888.0,2915.0,2880.0,2890.0,5600,0.0,0.0
2023-09-27 10:00:00+09:00,2894.0,2900.0,2891.0,2892.0,700,0.0,0.0
2023-09-27 11:00:00+09:00,2894.0,2894.0,2893.0,2893.0,0,0.0,0.0
2023-09-27 12:00:00+09:00,2892.0,2913.0,2892.0,2913.0,8800,0.0,0.0
2023-09-27 13:00:00+09:00,2910.0,2914.0,2899.0,2914.0,4000,0.0,0.0
2023-09-27 14:00:00+09:00,2915.0,2927.0,2903.0,2927.0,11000,0.0,0.0
2023-09-28 09:00:00+09:00,2870.0,2888.0,2846.0,2874.0,7800,0.0,0.0
2023-09-28 10:00:00+09:00,2884.0,2887.0,2874.0,2874.0,700,0.0,0.0
2023-09-28 11:00:00+09:00,2871.0,2885.0,2871.0,2880.0,0,0.0,0.0
2023-09-28 12:00:00+09:00,2886.0,2886.0,2786.0,2868.0,28100,0.0,0.0
2023-09-28 13:00:00+09:00,2860.0,2871.0,2857.0,2867.0,5500,0.0,0.0
2023-09-28 14:00:00+09:00,2868.0,2877.0,2858.0,2859.0,6000,0.0,0.0
2023-09-29 09:00:00+09:00,2885.0,2885.0,2832.0,2832.0,1300,0.0,0.0
2023-09-29 10:00:00+09:00,2832.0,2832.0,2805.0,2815.0,1400,0.0,0.0
2023-09-29 11:00:00+09:00,2817.0,2842.0,2817.0,2839.0,0,0.0,0.0
2023-09-29 12:00:00+09:00,2865.0,2865.0,2838.0,2843.0,5500,0.0,0.0
2023-09-29 13:00:00+09:00,2851.0,2861.0,2829.0,2834.0,1700,0.0,0.0
2023-09-29 14:00:00+09:00,2837.0,2841.0,2827.0,2835.0,2900,0.0,0.0
2023-10-02 09:00:00+09:00,2846.0,2890.0,2846.0,2871.0,4700,0.0,0.0
2023-10-02 10:00:00+09:00,2870.0,2871.0,2858.0,2858.0,700,0.0,0.0
2023-10-02 11:00:00+09:00,2855.0,2862.0,2852.0,2853.0,0,0.0,0.0
2023-10-02 12:00:00+09:00,2853.0,2853.0,2841.0,2841.0,9300,0.0,0.0
2023-10-02 13:00:00+09:00,2844.0,2844.0,2832.0,2835.0,1700,0.0,0.0
2023-10-02 14:00:00+09:00,2836.0,2841.0,2828.0,2841.0,5400,0.0,0.0
2023-10-03 09:00:00+09:00,2813.0,2813.0,2792.0,2811.0,2100,0.0,0.0
2023-10-03 10:00:00+09:00,2809.0,2833.0,2803.0,2833.0,1700,0.0,0.0
2023-10-03 11:00:00+09:00,2827.0,2838.0,2817.0,2838.0,0,0.0,0.0
2023-10-03 12:00:00+09:00,2847.0,2847.0,2833.0,2833.0,5800,0.0,0.0
2023-10-03 13:00:00+09:00,2831.0,2841.0,2822.0,2839.0,3500,0.0,0.0
2023-10-03 14:00:00+09:00,2835.0,2848.0,2830.0,2830.0,4900,0.0,0.0
2023-10-04 09:00:00+09:00,2790.0,2790.0,2754.0,2780.0,4600,0.0,0.0
2023-10-04 10:00:00+09:00,2780.0,2794.0,2779.0,2790.0,2500,0.0,0.0
2023-10-04 11:00:00+09:00,2791.0,2794.0,2786.0,2787.0,0,0.0,0.0
2023-10-04 12:00:00+09:00,2787.0,2809.0,2783.0,2785.0,11500,0.0,0.0
2023-10-04 13:00:00+09:00,2785.0,2804.0,2783.0,2799.0,2200,0.0,0.0
2023-10-04 14:00:00+09:00,2795.0,2803.0,2786.0,2791.0,5400,0.0,0.0
2023-10-05 09:00:00+09:00,2784.0,2807.0,2784.0,2801.0,3500,0.0,0.0
2023-10-05 10:00:00+09:00,2805.0,2823.0,2805.0,2821.0,1500,0.0,0.0
2023-10-05 11:00:00+09:00,2821.0,2834.0,2818.0,2830.0,0,0.0,0.0
2023-10-05 12:00:00+09:00,2828.0,2850.0,2828.0,2848.0,7700,0.0,0.0
2023-10-05 13:00:00+09:00,2850.0,2863.0,2847.0,2856.0,1700,0.0,0.0
2023-10-05 14:00:00+09:00,2858.0,2858.0,2839.0,2845.0,2800,0.0,0.0
2023-10-06 09:00:00+09:00,2869.0,2869.0,2832.0,2863.0,2200,0.0,0.0
2023-10-06 10:00:00+09:00,2865.0,2881.0,2865.0,2879.0,1000,0.0,0.0
2023-10-06 11:00:00+09:00,2877.0,2881.0,2876.0,2881.0,0,0.0,0.0
2023-10-06 12:00:00+09:00,2927.0,2927.0,2890.0,2890.0,5200,0.0,0.0
2023-10-06 13:00:00+09:00,2896.0,2899.0,2881.0,2890.0,1300,0.0,0.0
2023-10-06 14:00:00+09:00,2884.0,2889.0,2882.0,2885.0,1300,0.0,0.0
2023-10-10 09:00:00+09:00,2886.0,2922.0,2876.0,2911.0,7000,0.0,0.0
2023-10-10 10:00:00+09:00,2914.0,2925.0,2914.0,2925.0,1200,0.0,0.0
2023-10-10 11:00:00+09:00,2918.0,2928.0,2917.0,2928.0,0,0.0,0.0
2023-10-10 12:00:00+09:00,2928.0,2939.0,2928.0,2935.0,12400,0.0,0.0
2023-10-10 13:00:00+09:00,2932.0,2943.0,2929.0,2943.0,1400,0.0,0.0
2023-10-10 14:00:00+09:00,2944.0,2949.0,2939.0,2942.0,3100,0.0,0.0
2023-10-11 09:00:00+09:00,2956.0,2960.0,2924.0,2951.0,0,0.0,0.0
2023-10-11 10:00:00+09:00,2951.0,2969.0,2938.0,2961.0,6900,0.0,0.0
2023-10-11 11:00:00+09:00,2960.0,2961.0,2955.0,2961.0,0,0.0,0.0
2023-10-11 12:00:00+09:00,2965.0,2965.0,2961.0,2961.0,9500,0.0,0.0
2023-10-11 13:00:00+09:00,2960.0,2966.0,2959.0,2965.0,2500,0.0,0.0
2023-10-11 14:00:00+09:00,2963.0,2963.0,2952.0,2952.0,3700,0.0,0.0
2023-10-12 09:00:00+09:00,2960.0,2960.0,2867.0,2870.0,11100,0.0,0.0
2023-10-12 10:00:00+09:00,2868.0,2887.0,2861.0,2887.0,2100,0.0,0.0
2023-10-12 11:00:00+09:00,2887.0,2902.0,2882.0,2900.0,0,0.0,0.0
2023-10-12 12:00:00+09:00,2893.0,2897.0,2890.0,2890.0,17700,0.0,0.0
2023-10-12 13:00:00+09:00,2878.0,2878.0,2869.0,2875.0,1100,0.0,0.0
2023-10-12 14:00:00+09:00,2875.0,2892.0,2875.0,2892.0,2600,0.0,0.0
2023-10-13 09:00:00+09:00,2897.0,2897.0,2871.0,2890.0,3600,0.0,0.0
2023-10-13 10:00:00+09:00,2891.0,2892.0,2881.0,2882.0,1100,0.0,0.0
2023-10-13 11:00:00+09:00,2876.0,2876.0,2869.0,2876.0,0,0.0,0.0
2023-10-13 12:00:00+09:00,2876.0,2876.0,2858.0,2858.0,6800,0.0,0.0
2023-10-13 13:00:00+09:00,2856.0,2856.0,2850.0,2850.0,1000,0.0,0.0
2023-10-13 14:00:00+09:00,2849.0,2850.0,2838.0,2838.0,0,0.0,0.0
2023-10-16 09:00:00+09:00,2843.0,2867.0,2824.0,2867.0,5600,0.0,0.0
2023-10-16 10:00:00+09:00,2851.0,2856.0,2846.0,2855.0,2100,0.0,0.0
2023-10-16 11:00:00+09:00,2846.0,2852.0,2846.0,2851.0,0,0.0,0.0
2023-10-16 12:00:00+09:00,2851.0,2854.0,2846.0,2853.0,10600,0.0,0.0
2023-10-16 13:00:00+09:00,2843.0,2852.0,2841.0,2846.0,0,0.0,0.0
2023-10-16 14:00:00+09:00,2846.0,2846.0,2834.0,2844.0,18400,0.0,0.0
2023-10-17 09:00:00+09:00,2848.0,2866.0,2848.0,2859.0,1700,0.0,0.0
2023-10-17 10:00:00+09:00,2852.0,2852.0,2826.0,2834.0,2700,0.0,0.0
2023-10-17 11:00:00+09:00,2831.0,2831.0,2817.0,2817.0,0,0.0,0.0
2023-10-17 12:00:00+09:00,2815.0,2823.0,2815.0,2820.0,7300,0.0,0.0
2023-10-17 13:00:00+09:00,2819.0,2829.0,2819.0,2825.0,2000,0.0,0.0
2023-10-17 14:00:00+09:00,2825.0,2843.0,2825.0,2835.0,4600,0.0,0.0
2023-10-18 09:00:00+09:00,2823.0,2825.0,2794.0,2820.0,3900,0.0,0.0
2023-10-18 10:00:00+09:00,2816.0,2827.0,2816.0,2820.0,1300,0.0,0.0
2023-10-18 11:00:00+09:00,2809.0,2828.0,2809.0,2813.0,0,0.0,0.0
2023-10-18 12:00:00+09:00,2813.0,2813.0,2800.0,2808.0,9400,0.0,0.0
2023-10-18 13:00:00+09:00,2807.0,2827.0,2807.0,2825.0,3200,0.0,0.0
2023-10-18 14:00:00+09:00,2827.0,2841.0,2827.0,2835.0,2400,0.0,0.0
2023-10-19 09:00:00+09:00,2797.0,2868.0,2797.0,2868.0,5000,0.0,0.0
2023-10-19 10:00:00+09:00,2866.0,2866.0,2844.0,2847.0,3300,0.0,0.0
2023-10-19 11:00:00+09:00,2849.0,2854.0,2840.0,2840.0,0,0.0,0.0
2023-10-19 12:00:00+09:00,2845.0,2865.0,2845.0,2862.0,11700,0.0,0.0
2023-10-19 13:00:00+09:00,2866.0,2879.0,2863.0,2874.0,3200,0.0,0.0
2023-10-19 14:00:00+09:00,2874.0,2874.0,2858.0,2858.0,4200,0.0,0.0
2023-10-20 09:00:00+09:00,2805.0,2806.0,2770.0,2778.0,4600,0.0,0.0
2023-10-20 10:00:00+09:00,2776.0,2782.0,2769.0,2782.0,1200,0.0,0.0
2023-10-20 11:00:00+09:00,2783.0,2790.0,2783.0,2788.0,0,0.0,0.0
2023-10-20 12:00:00+09:00,2799.0,2801.0,2790.0,2794.0,8000,0.0,0.0
2023-10-20 13:00:00+09:00,2790.0,2806.0,2782.0,2800.0,3800,0.0,0.0
2023-10-20 14:00:00+09:00,2795.0,2800.0,2784.0,2784.0,2700,0.0,0.0
2023-10-23 09:00:00+09:00,2807.0,2818.0,2777.0,2807.0,4000,0.0,0.0
2023-10-23 10:00:00+09:00,2811.0,2817.0,2796.0,2811.0,4400,0.0,0.0
2023-10-23 11:00:00+09:00,2814.0,2814.0,2796.0,2796.0,0,0.0,0.0
2023-10-23 12:00:00+09:00,2807.0,2811.0,2798.0,2808.0,11700,0.0,0.0
2023-10-23 13:00:00+09:00,2809.0,2809.0,2784.0,2796.0,2400,0.0,0.0
2023-10-23 14:00:00+09:00,2798.0,2800.0,2786.0,2786.0,4400,0.0,0.0
2023-10-24 09:00:00+09:00,2780.0,2788.0,2705.0,2708.0,5400,0.0,0.0
2023-10-24 10:00:00+09:00,2705.0,2705.0,2659.0,2669.0,5600,0.0,0.0
2023-10-24 11:00:00+09:00,2680.0,2719.0,2680.0,2715.0,0,0.0,0.0
2023-10-24 12:00:00+09:00,2713.0,2721.0,2694.0,2709.0,16500,0.0,0.0
2023-10-24 13:00:00+09:00,2704.0,2723.0,2704.0,2723.0,0,0.0,0.0
2023-10-24 14:00:00+09:00,2727.0,2748.0,2727.0,2738.0,24000,0.0,0.0
2023-10-25 09:00:00+09:00,2748.0,2752.0,2724.0,2742.0,5100,0.0,0.0
2023-10-25 10:00:00+09:00,2751.0,2770.0,2751.0,2763.0,2800,0.0,0.0
2023-10-25 11:00:00+09:00,2763.0,2768.0,2763.0,2763.0,0,0.0,0.0
2023-10-25 12:00:00+09:00,2771.0,2777.0,2763.0,2763.0,10000,0.0,0.0
2023-10-25 13:00:00+09:00,2766.0,2768.0,2760.0,2767.0,1500,0.0,0.0
2023-10-25 14:00:00+09:00,2765.0,2765.0,2745.0,2752.0,4000,0.0,0.0
2023-10-26 09:00:00+09:00,2720.0,2722.0,2698.0,2704.0,5900,0.0,0.0
2023-10-26 10:00:00+09:00,2701.0,2712.0,2701.0,2708.0,1500,0.0,0.0
2023-10-26 11:00:00+09:00,2700.0,2700.0,2684.0,2684.0,0,0.0,0.0
2023-10-26 12:00:00+09:00,2693.0,2700.0,2693.0,2700.0,10900,0.0,0.0
2023-10-26 13:00:00+09:00,2693.0,2694.0,2687.0,2687.0,1100,0.0,0.0
2023-10-26 14:00:00+09:00,2691.0,2692.0,2682.0,2689.0,2700,0.0,0.0
2023-10-27 09:00:00+09:00,2675.0,2734.0,2666.0,2727.0,4900,0.0,0.0
2023-10-27 10:00:00+09:00,2723.0,2746.0,2723.0,2735.0,1600,0.0,0.0
2023-10-27 11:00:00+09:00,2745.0,2751.0,2745.0,2747.0,0,0.0,0.0
2023-10-27 12:00:00+09:00,2716.0,2730.0,2716.0,2725.0,9100,0.0,0.0
2023-10-27 13:00:00+09:00,2724.0,2726.0,2718.0,2725.0,1200,0.0,0.0
2023-10-27 14:00:00+09:00,2725.0,2742.0,2723.0,2741.0,3100,0.0,0.0
2023-10-30 09:00:00+09:00,2741.0,2744.0,2672.0,2682.0,3600,0.0,0.0
2023-10-30 10:00:00+09:00,2685.0,2692.0,2675.0,2692.0,1500,0.0,0.0
2023-10-30 11:00:00+09:00,2690.0,2690.0,2676.0,2680.0,0,0.0,0.0
2023-10-30 12:00:00+09:00,2686.0,2700.0,2686.0,2699.0,9300,0.0,0.0
2023-10-30 13:00:00+09:00,2703.0,2719.0,2703.0,2710.0,4100,0.0,0.0
2023-10-30 14:00:00+09:00,2711.0,2716.0,2688.0,2706.0,12300,0.0,0.0
2023-10-31 09:00:00+09:00,2693.0,2722.0,2648.0,2722.0,4500,0.0,0.0
2023-10-31 10:00:00+09:00,2712.0,2712.0,2694.0,2710.0,2400,0.0,0.0
2023-10-31 11:00:00+09:00,2708.0,2709.0,2703.0,2706.0,0,0.0,0.0
2023-10-31 12:00:00+09:00,2700.0,2741.0,2700.0,2741.0,10900,0.0,0.0
2023-10-31 13:00:00+09:00,2744.0,2760.0,2711.0,2727.0,4500,0.0,0.0
2023-10-31 14:00:00+09:00,2720.0,2752.0,2720.0,2752.0,3100,0.0,0.0
2023-11-01 09:00:00+09:00,2798.0,2798.0,2752.0,2774.0,4800,0.0,0.0
2023-11-01 10:00:00+09:00,2776.0,2784.0,2775.0,2775.0,1200,0.0,0.0
2023-11-01 11:00:00+09:00,2773.0,2784.0,2773.0,2784.0,0,0.0,0.0
2023-11-01 12:00:00+09:00,2784.0,2789.0,2784.0,2785.0,8300,0.0,0.0
2023-11-01 13:00:00+09:00,2784.0,2788.0,2782.0,2786.0,1300,0.0,0.0
2023-11-01 14:00:00+09:00,2792.0,2799.0,2783.0,2796.0,5400,0.0,0.0
2023-11-02 09:00:00+09:00,2795.0,2798.0,2780.0,2791.0,3000,0.0,0.0
2023-11-02 10:00:00+09:00,2791.0,2791.0,2777.0,2783.0,900,0.0,0.0
2023-11-02 11:00:00+09:00,2776.0,2776.0,2776.0,2776.0,0,0.0,0.0
2023-11-02 12:00:00+09:00,2770.0,2775.0,2770.0,2771.0,5000,0.0,0.0
2023-11-02 13:00:00+09:00,2776.0,2777.0,2754.0,2758.0,2400,0.0,0.0
2023-11-02 14:00:00+09:00,2759.0,2775.0,2759.0,2771.0,2300,0.0,0.0
2023-11-06 09:00:00+09:00,2782.0,2841.0,2766.0,2841.0,3800,0.0,0.0
2023-11-06 10:00:00+09:00,2841.0,2844.0,2825.0,2836.0,1500,0.0,0.0
2023-11-06 11:00:00+09:00,2836.0,2843.0,2835.0,2835.0,0,0.0,0.0
2023-11-06 12:00:00+09:00,2829.0,2829.0,2829.0,2829.0,6600,0.0,0.0
2023-11-06 13:00:00+09:00,2844.0,2854.0,2833.0,2833.0,4200,0.0,0.0
2023-11-06 14:00:00+09:00,2834.0,2858.0,2833.0,2851.0,4500,0.0,0.0
2023-11-07 09:00:00+09:00,2860.0,2876.0,2827.0,2840.0,2000,0.0,0.0
2023-11-07 10:00:00+09:00,2833.0,2850.0,2833.0,2848.0,1000,0.0,0.0
2023-11-07 11:00:00+09:00,2838.0,2838.0,2823.0,2823.0,0,0.0,0.0
2023-11-07 12:00:00+09:00,2782.0,2825.0,2782.0,2825.0,6800,0.0,0.0
2023-11-07 13:00:00+09:00,2829.0,2837.0,2821.0,2827.0,1400,0.0,0.0
2023-11-07 14:00:00+09:00,2827.0,2833.0,2815.0,2829.0,3600,0.0,0.0
2023-11-08 09:00:00+09:00,2816.0,2890.0,2816.0,2880.0,5000,0.0,0.0
2023-11-08 10:00:00+09:00,2872.0,2908.0,2861.0,2894.0,2800,0.0,0.0
2023-11-08 11:00:00+09:00,2893.0,2902.0,2870.0,2870.0,0,0.0,0.0
2023-11-08 12:00:00+09:00,2862.0,2862.0,2836.0,2837.0,12400,0.0,0.0
2023-11-08 13:00:00+09:00,2843.0,2869.0,2843.0,2869.0,3000,0.0,0.0
2023-11-08 14:00:00+09:00,2869.0,2873.0,2855.0,2862.0,3400,0.0,0.0
2023-11-09 09:00:00+09:00,2881.0,2888.0,2877.0,2888.0,700,0.0,0.0
2023-11-09 10:00:00+09:00,2894.0,2913.0,2886.0,2886.0,4100,0.0,0.0
2023-11-09 11:00:00+09:00,2885.0,2902.0,2885.0,2886.0,0,0.0,0.0
2023-11-09 12:00:00+09:00,2898.0,2910.0,2898.0,2901.0,8500,0.0,0.0
2023-11-09 13:00:00+09:00,2899.0,2915.0,2896.0,2915.0,2000,0.0,0.0
2023-11-09 14:00:00+09:00,2918.0,2926.0,2908.0,2926.0,3300,0.0,0.0
2023-11-10 09:00:00+09:00,2926.0,2926.0,2876.0,2883.0,7500,0.0,0.0
2023-11-10 10:00:00+09:00,2887.0,2887.0,2877.0,2886.0,1200,0.0,0.0
2023-11-10 11:00:00+09:00,2881.0,2898.0,2878.0,2881.0,0,0.0,0.0
2023-11-10 12:00:00+09:00,2878.0,2889.0,2876.0,2889.0,11400,0.0,0.0
2023-11-10 13:00:00+09:00,2890.0,2898.0,2890.0,2898.0,1400,0.0,0.0
2023-11-10 14:00:00+09:00,2898.0,2919.0,2898.0,2909.0,3800,0.0,0.0
2023-11-13 09:00:00+09:00,2926.0,2927.0,2908.0,2908.0,800,0.0,0.0
2023-11-13 10:00:00+09:00,2922.0,2922.0,2900.0,2900.0,1100,0.0,0.0
2023-11-13 11:00:00+09:00,2892.0,2907.0,2892.0,2907.0,0,0.0,0.0
2023-11-13 12:00:00+09:00,2907.0,2911.0,2907.0,2907.0,2800,0.0,0.0
2023-11-13 13:00:00+09:00,2904.0,2914.0,2892.0,2902.0,2400,0.0,0.0
2023-11-13 14:00:00+09:00,2901.0,2918.0,2896.0,2910.0,3100,0.0,0.0
2023-11-14 09:00:00+09:00,2907.0,2926.0,2896.0,2896.0,1000,0.0,0.0
2023-11-14 10:00:00+09:00,2900.0,2910.0,2896.0,2910.0,1700,0.0,0.0
2023-11-14 11:00:00+09:00,2904.0,2904.0,2892.0,2892.0,0,0.0,0.0
2023-11-14 12:00:00+09:00,2888.0,2892.0,2885.0,2892.0,5100,0.0,0.0
2023-11-14 13:00:00+09:00,2887.0,2899.0,2887.0,2899.0,500,0.0,0.0
2023-11-14 14:00:00+09:00,2895.0,2902.0,2861.0,2861.0,5600,0.0,0.0
2023-11-15 09:00:00+09:00,2861.0,2885.0,2811.0,2814.0,10600,0.0,0.0
2023-11-15 10:00:00+09:00,2811.0,2811.0,2770.0,2772.0,6300,0.0,0.0
2023-11-15 11:00:00+09:00,2775.0,2793.0,2773.0,2780.0,0,0.0,0.0
2023-11-15 12:00:00+09:00,2782.0,2810.0,2782.0,2810.0,23400,0.0,0.0
2023-11-15 13:00:00+09:00,2810.0,2819.0,2803.0,2814.0,4700,0.0,0.0
2023-11-15 14:00:00+09:00,2817.0,2819.0,2808.0,2812.0,3900,0.0,0.0
2023-11-16 09:00:00+09:00,2820.0,2852.0,2818.0,2840.0,2800,0.0,0.0
2023-11-16 10:00:00+09:00,2836.0,2840.0,2825.0,2826.0,2300,0.0,0.0
2023-11-16 11:00:00+09:00,2817.0,2824.0,2817.0,2817.0,0,0.0,0.0
2023-11-16 12:00:00+09:00,2817.0,2825.0,2810.0,2823.0,10400,0.0,0.0
2023-11-16 13:00:00+09:00,2823.0,2831.0,2815.0,2825.0,4800,0.0,0.0
2023-11-16 14:00:00+09:00,2825.0,2833.0,2818.0,2832.0,5200,0.0,0.0
2023-11-17 09:00:00+09:00,2779.0,2815.0,2770.0,2813.0,6300,0.0,0.0
2023-11-17 10:00:00+09:00,2809.0,2809.0,2792.0,2796.0,3100,0.0,0.0
2023-11-17 11:00:00+09:00,2794.0,2804.0,2791.0,2803.0,0,0.0,0.0
2023-11-17 12:00:00+09:00,2797.0,2817.0,2797.0,2804.0,15000,0.0,0.0
2023-11-17 13:00:00+09:00,2802.0,2802.0,2789.0,2794.0,2900,0.0,0.0
2023-11-17 14:00:00+09:00,2797.0,2827.0,2791.0,2808.0,4700,0.0,0.0
2023-11-20 09:00:00+09:00,2814.0,2857.0,2814.0,2845.0,4700,0.0,0.0
2023-11-20 10:00:00+09:00,2852.0,2858.0,2838.0,2839.0,4700,0.0,0.0
2023-11-20 11:00:00+09:00,2842.0,2842.0,2837.0,2837.0,0,0.0,0.0
2023-11-20 12:00:00+09:00,2836.0,2836.0,2826.0,2826.0,13200,0.0,0.0
2023-11-20 13:00:00+09:00,2808.0,2834.0,2806.0,2834.0,4000,0.0,0.0
2023-11-20 14:00:00+09:00,2837.0,2837.0,2808.0,2811.0,6200,0.0,0.0
2023-11-21 09:00:00+09:00,2839.0,2851.0,2832.0,2844.0,2500,0.0,0.0
2023-11-21 10:00:00+09:00,2839.0,2864.0,2839.0,2851.0,3000,0.0,0.0
2023-11-21 11:00:00+09:00,2843.0,2843.0,2839.0,2839.0,0,0.0,0.0
2023-11-21 12:00:00+09:00,2839.0,2853.0,2832.0,2838.0,9000,0.0,0.0
2023-11-21 13:00:00+09:00,2834.0,2857.0,2814.0,2843.0,5400,0.0,0.0
2023-11-21 14:00:00+09:00,2842.0,2853.0,2833.0,2853.0,4500,0.0,0.0
2023-11-22 09:00:00+09:00,2801.0,2812.0,2782.0,2801.0,7400,0.0,0.0
2023-11-22 10:00:00+09:00,2794.0,2803.0,2791.0,2797.0,2300,0.0,0.0
2023-11-22 11:00:00+09:00,2792.0,2795.0,2791.0,2794.0,0,0.0,0.0
2023-11-22 12:00:00+09:00,2798.0,2798.0,2771.0,2783.0,18200,0.0,0.0
2023-11-22 13:00:00+09:00,2783.0,2783.0,2770.0,2774.0,3400,0.0,0.0
2023-11-22 14:00:00+09:00,2776.0,2783.0,2769.0,2775.0,0,0.0,0.0
2023-11-24 09:00:00+09:00,2765.0,2789.0,2741.0,2750.0,6800,0.0,0.0
2023-11-24 10:00:00+09:00,2750.0,2754.0,2745.0,2745.0,2200,0.0,0.0
2023-11-24 11:00:00+09:00,2745.0,2745.0,2737.0,2737.0,0,0.0,0.0
2023-11-24 12:00:00+09:00,2738.0,2744.0,2726.0,2728.0,16100,0.0,0.0
2023-11-24 13:00:00+09:00,2734.0,2750.0,2727.0,2750.0,5100,0.0,0.0
2023-11-24 14:00:00+09:00,2750.0,2756.0,2740.0,2742.0,5000,0.0,0.0
2023-11-27 09:00:00+09:00,2751.0,2803.0,2751.0,2791.0,8900,0.0,0.0
2023-11-27 10:00:00+09:00,2788.0,2788.0,2766.0,2766.0,3500,0.0,0.0
2023-11-27 11:00:00+09:00,2767.0,2767.0,2752.0,2753.0,0,0.0,0.0
2023-11-27 12:00:00+09:00,2763.0,2763.0,2749.0,2750.0,17100,0.0,0.0
2023-11-27 13:00:00+09:00,2754.0,2754.0,2746.0,2746.0,2300,0.0,0.0
2023-11-27 14:00:00+09:00,2750.0,2762.0,2732.0,2752.0,8200,0.0,0.0
2023-11-28 09:00:00+09:00,2741.0,2741.0,2687.0,2714.0,9200,0.0,0.0
2023-11-28 10:00:00+09:00,2715.0,2728.0,2715.0,2720.0,3000,0.0,0.0
2023-11-28 11:00:00+09:00,2719.0,2722.0,2714.0,2720.0,0,0.0,0.0
2023-11-28 12:00:00+09:00,2720.0,2730.0,2720.0,2726.0,16800,0.0,0.0
2023-11-28 13:00:00+09:00,2729.0,2732.0,2724.0,2730.0,2600,0.0,0.0
2023-11-28 14:00:00+09:00,2728.0,2738.0,2723.0,2727.0,6500,0.0,0.0
2023-11-29 09:00:00+09:00,2727.0,2780.0,2721.0,2748.0,5400,0.0,0.0
2023-11-29 10:00:00+09:00,2747.0,2748.0,2725.0,2725.0,2900,0.0,0.0
2023-11-29 11:00:00+09:00,2730.0,2751.0,2727.0,2751.0,0,0.0,0.0
2023-11-29 12:00:00+09:00,2757.0,2763.0,2757.0,2763.0,16300,0.0,0.0
2023-11-29 13:00:00+09:00,2759.0,2763.0,2752.0,2754.0,2500,0.0,0.0
2023-11-29 14:00:00+09:00,2752.0,2757.0,2725.0,2727.0,8200,0.0,0.0
2023-11-30 09:00:00+09:00,2741.0,2783.0,2741.0,2742.0,6800,0.0,0.0
2023-11-30 10:00:00+09:00,2742.0,2751.0,2742.0,2749.0,3100,0.0,0.0
2023-11-30 11:00:00+09:00,2744.0,2760.0,2744.0,2760.0,0,0.0,0.0
2023-11-30 12:00:00+09:00,2772.0,2783.0,2772.0,2779.0,16000,0.0,0.0
2023-11-30 13:00:00+09:00,2782.0,2805.0,2780.0,2805.0,5900,0.0,0.0
2023-11-30 14:00:00+09:00,2805.0,2835.0,2763.0,2777.0,17200,0.0,0.0
2023-12-01 09:00:00+09:00,2849.0,2877.0,2822.0,2843.0,7500,0.0,0.0
2023-12-01 10:00:00+09:00,2843.0,2843.0,2820.0,2833.0,3200,0.0,0.0
2023-12-01 11:00:00+09:00,2832.0,2836.0,2831.0,2831.0,0,0.0,0.0
2023-12-01 12:00:00+09:00,2833.0,2839.0,2819.0,2829.0,13900,0.0,0.0
2023-12-01 13:00:00+09:00,2834.0,2837.0,2829.0,2836.0,1500,0.0,0.0
2023-12-01 14:00:00+09:00,2836.0,2841.0,2829.0,2838.0,4300,0.0,0.0
2023-12-04 09:00:00+09:00,2828.0,2899.0,2825.0,2894.0,8300,0.0,0.0
2023-12-04 10:00:00+09:00,2898.0,2927.0,2898.0,2926.0,6700,0.0,0.0
2023-12-04 11:00:00+09:00,2921.0,2925.0,2909.0,2916.0,0,0.0,0.0
2023-12-04 12:00:00+09:00,2922.0,2922.0,2908.0,2908.0,19100,0.0,0.0
2023-12-04 13:00:00+09:00,2912.0,2918.0,2907.0,2915.0,1400,0.0,0.0
2023-12-04 14:00:00+09:00,2912.0,2924.0,2907.0,2919.0,6700,0.0,0.0
2023-12-05 09:00:00+09:00,2920.0,2969.0,2913.0,2937.0,7100,0.0,0.0
2023-12-05 10:00:00+09:00,2938.0,2950.0,2938.0,2945.0,2100,0.0,0.0
2023-12-05 11:00:00+09:00,2959.0,2960.0,2951.0,2960.0,0,0.0,0.0
2023-12-05 12:00:00+09:00,2961.0,2963.0,2937.0,2947.0,12700,0.0,0.0
2023-12-05 13:00:00+09:00,2935.0,2942.0,2928.0,2932.0,1800,0.0,0.0
2023-12-05 14:00:00+09:00,2927.0,2929.0,2894.0,2894.0,3700,0.0,0.0
2023-12-06 09:00:00+09:00,2896.0,2967.0,2896.0,2954.0,4700,0.0,0.0
2023-12-06 10:00:00+09:00,2953.0,2960.0,2940.0,2945.0,3700,0.0,0.0
2023-12-06 11:00:00+09:00,2945.0,2950.0,2945.0,2950.0,0,0.0,0.0
2023-12-06 12:00:00+09:00,2949.0,2953.0,2945.0,2948.0,11900,0.0,0.0
2023-12-06 13:00:00+09:00,2950.0,2969.0,2950.0,2965.0,3400,0.0,0.0
2023-12-06 14:00:00+09:00,2967.0,2970.0,2953.0,2953.0,5800,0.0,0.0
2023-12-07 09:00:00+09:00,2939.0,2958.0,2919.0,2958.0,2300,0.0,0.0
2023-12-07 10:00:00+09:00,2955.0,2967.0,2950.0,2956.0,2500,0.0,0.0
2023-12-07 11:00:00+09:00,2964.0,2966.0,2953.0,2953.0,0,0.0,0.0
2023-12-07 12:00:00+09:00,2960.0,2961.0,2953.0,2960.0,6500,0.0,0.0
2023-12-07 13:00:00+09:00,2960.0,2965.0,2947.0,2956.0,1000,0.0,0.0
2023-12-07 14:00:00+09:00,2951.0,2955.0,2925.0,2937.0,5300,0.0,0.0
2023-12-08 09:00:00+09:00,2905.0,2948.0,2900.0,2916.0,12300,0.0,0.0
2023-12-08 10:00:00+09:00,2915.0,2922.0,2907.0,2907.0,0,0.0,0.0
2023-12-08 11:00:00+09:00,2910.0,2912.0,2900.0,2900.0,0,0.0,0.0
2023-12-08 12:00:00+09:00,2898.0,2908.0,2883.0,2893.0,19800,0.0,0.0
2023-12-08 13:00:00+09:00,2898.0,2898.0,2859.0,2859.0,3600,0.0,0.0
2023-12-08 14:00:00+09:00,2856.0,2859.0,2837.0,2839.0,7800,0.0,0.0
2023-12-11 09:00:00+09:00,2864.0,2957.0,2864.0,2908.0,6000,0.0,0.0
2023-12-11 10:00:00+09:00,2909.0,2917.0,2909.0,2917.0,1900,0.0,0.0
2023-12-11 11:00:00+09:00,2920.0,2920.0,2906.0,2906.0,0,0.0,0.0
2023-12-11 12:00:00+09:00,2915.0,2915.0,2906.0,2911.0,10900,0.0,0.0
2023-12-11 13:00:00+09:00,2910.0,2924.0,2910.0,2923.0,1500,0.0,0.0
2023-12-11 14:00:00+09:00,2922.0,2951.0,2922.0,2944.0,5400,0.0,0.0
2023-12-12 09:00:00+09:00,2975.0,2992.0,2956.0,2956.0,0,0.0,0.0
2023-12-12 10:00:00+09:00,2955.0,2972.0,2946.0,2953.0,13100,0.0,0.0
2023-12-12 11:00:00+09:00,2945.0,2951.0,2938.0,2938.0,0,0.0,0.0
2023-12-12 12:00:00+09:00,2929.0,2948.0,2928.0,2929.0,15600,0.0,0.0
2023-12-12 13:00:00+09:00,2937.0,2937.0,2923.0,2930.0,4500,0.0,0.0
2023-12-12 14:00:00+09:00,2926.0,2930.0,2914.0,2930.0,2900,0.0,0.0
2023-12-13 09:00:00+09:00,2904.0,2925.0,2904.0,2918.0,1800,0.0,0.0
2023-12-13 10:00:00+09:00,2915.0,2923.0,2909.0,2923.0,500,0.0,0.0
2023-12-13 11:00:00+09:00,2910.0,2912.0,2908.0,2908.0,0,0.0,0.0
2023-12-13 12:00:00+09:00,2902.0,2909.0,2888.0,2892.0,5600,0.0,0.0
2023-12-13 13:00:00+09:00,2889.0,2896.0,2882.0,2895.0,4300,0.0,0.0
2023-12-13 14:00:00+09:00,2898.0,2909.0,2898.0,2902.0,1600,0.0,0.0
2023-12-14 09:00:00+09:00,2915.0,2949.0,2915.0,2925.0,3700,0.0,0.0
2023-12-14 10:00:00+09:00,2930.0,2940.0,2930.0,2936.0,800,0.0,0.0
2023-12-14 11:00:00+09:00,2944.0,2955.0,2941.0,2949.0,0,0.0,0.0
2023-12-14 12:00:00+09:00,2933.0,2933.0,2909.0,2919.0,8400,0.0,0.0
2023-12-14 13:00:00+09:00,2922.0,2928.0,2912.0,2918.0,1700,0.0,0.0
2023-12-14 14:00:00+09:00,2935.0,2935.0,2909.0,2918.0,4600,0.0,0.0
2023-12-15 09:00:00+09:00,2921.0,2939.0,2921.0,2926.0,1900,0.0,0.0
2023-12-15 10:00:00+09:00,2920.0,2935.0,2915.0,2935.0,800,0.0,0.0
2023-12-15 11:00:00+09:00,2935.0,2935.0,2926.0,2935.0,0,0.0,0.0
2023-12-15 12:00:00+09:00,2933.0,2933.0,2932.0,2932.0,3300,0.0,0.0
2023-12-15 13:00:00+09:00,2930.0,2933.0,2922.0,2926.0,3400,0.0,0.0
2023-12-15 14:00:00+09:00,2932.0,2932.0,2919.0,2921.0,2200,0.0,0.0
2023-12-18 09:00:00+09:00,2929.0,2929.0,2897.0,2897.0,2000,0.0,0.0
2023-12-18 10:00:00+09:00,2909.0,2909.0,2883.0,2883.0,1000,0.0,0.0
2023-12-18 11:00:00+09:00,2883.0,2890.0,2883.0,2890.0,0,0.0,0.0
2023-12-18 12:00:00+09:00,2890.0,2908.0,2890.0,2908.0,3600,0.0,0.0
2023-12-18 13:00:00+09:00,2911.0,2926.0,2911.0,2926.0,1400,0.0,0.0
2023-12-18 14:00:00+09:00,2932.0,2952.0,2932.0,2952.0,6400,0.0,0.0
2023-12-19 09:00:00+09:00,2966.0,3010.0,2960.0,2995.0,26200,0.0,0.0
2023-12-19 10:00:00+09:00,2992.0,2998.0,2990.0,2995.0,2300,0.0,0.0
2023-12-19 11:00:00+09:00,2991.0,2991.0,2990.0,2990.0,0,0.0,0.0
2023-12-19 12:00:00+09:00,2997.0,3005.0,2991.0,2992.0,32900,0.0,0.0
2023-12-19 13:00:00+09:00,3000.0,3000.0,2980.0,2980.0,400,0.0,0.0
2023-12-19 14:00:00+09:00,2981.0,2996.0,2977.0,2987.0,1700,0.0,0.0
2023-12-20 09:00:00+09:00,2996.0,3030.0,2996.0,3015.0,2600,0.0,0.0
2023-12-20 10:00:00+09:00,3020.0,3020.0,3015.0,3015.0,200,0.0,0.0
2023-12-20 11:00:00+09:00,3015.0,3015.0,2990.0,2990.0,0,0.0,0.0
2023-12-20 12:00:00+09:00,2983.0,2983.0,2962.0,2969.0,6500,0.0,0.0
2023-12-20 13:00:00+09:00,2968.0,2969.0,2942.0,2942.0,2100,0.0,0.0
2023-12-20 14:00:00+09:00,2947.0,2962.0,2935.0,2940.0,9200,0.0,0.0
2023-12-21 09:00:00+09:00,2892.0,2921.0,2891.0,2921.0,3200,0.0,0.0
2023-12-21 10:00:00+09:00,2924.0,2938.0,2924.0,2938.0,600,0.0,0.0
2023-12-21 11:00:00+09:00,2930.0,2930.0,2926.0,2926.0,0,0.0,0.0
2023-12-21 12:00:00+09:00,2902.0,2927.0,2902.0,2927.0,4900,0.0,0.0
2023-12-21 13:00:00+09:00,2916.0,2919.0,2911.0,2919.0,900,0.0,0.0
2023-12-21 14:00:00+09:00,2915.0,2927.0,2903.0,2903.0,2700,0.0,0.0
2023-12-22 09:00:00+09:00,2920.0,2951.0,2920.0,2933.0,0,0.0,0.0
2023-12-22 10:00:00+09:00,2950.0,2950.0,2940.0,2940.0,2800,0.0,0.0
2023-12-22 11:00:00+09:00,2939.0,2947.0,2937.0,2947.0,0,0.0,0.0
2023-12-22 12:00:00+09:00,2957.0,2957.0,2945.0,2945.0,3700,0.0,0.0
2023-12-22 13:00:00+09:00,2940.0,2941.0,2929.0,2935.0,2100,0.0,0.0
2023-12-22 14:00:00+09:00,2923.0,2932.0,2923.0,2932.0,900,0.0,0.0
2023-12-25 09:00:00+09:00,2919.0,2952.0,2919.0,2931.0,1500,0.0,0.0
2023-12-25 10:00:00+09:00,2926.0,2934.0,2923.0,2923.0,1100,0.0,0.0
2023-12-25 11:00:00+09:00,2927.0,2938.0,2927.0,2938.0,0,0.0,0.0
2023-12-25 12:00:00+09:00,2938.0,2941.0,2935.0,2935.0,3800,0.0,0.0
2023-12-25 13:00:00+09:00,2945.0,2945.0,2936.0,2941.0,700,0.0,0.0
2023-12-25 14:00:00+09:00,2943.0,2973.0,2943.0,2964.0,4600,0.0,0.0
2023-12-26 09:00:00+09:00,2959.0,3015.0,2959.0,2986.0,17800,0.0,0.0
2023-12-26 10:00:00+09:00,2986.0,2986.0,2977.0,2977.0,700,0.0,0.0
2023-12-26 11:00:00+09:00,2972.0,2972.0,2972.0,2972.0,0,0.0,0.0
2023-12-26 12:00:00+09:00,2979.0,2989.0,2979.0,2984.0,19700,0.0,0.0
2023-12-26 13:00:00+09:00,2981.0,2981.0,2969.0,2970.0,1600,0.0,0.0
2023-12-26 14:00:00+09:00,2970.0,2970.0,2956.0,2970.0,1900,0.0,0.0
2023-12-27 09:00:00+09:00,2953.0,2998.0,2953.0,2984.0,2400,0.0,0.0
2023-12-27 10:00:00+09:00,2980.0,2990.0,2980.0,2987.0,1200,0.0,0.0
2023-12-27 11:00:00+09:00,2988.0,2992.0,2978.0,2981.0,0,0.0,0.0
2023-12-27 12:00:00+09:00,2981.0,2992.0,2981.0,2992.0,5300,0.0,0.0
2023-12-27 13:00:00+09:00,2992.0,2997.0,2989.0,2989.0,700,0.0,0.0
2023-12-27 14:00:00+09:00,2992.0,3000.0,2986.0,3000.0,1700,0.0,0.0
2023-12-28 09:00:00+09:00,2990.0,2990.0,2961.0,2990.0,1100,0.0,0.0
2023-12-28 10:00:00+09:00,2994.0,2994.0,2985.0,2990.0,1400,0.0,0.0
2023-12-28 11:00:00+09:00,2981.0,2986.0,2974.0,2986.0,0,0.0,0.0
2023-12-28 12:00:00+09:00,2986.0,2986.0,2986.0,2986.0,3600,0.0,0.0
2023-12-28 13:00:00+09:00,2986.0,2986.0,2978.0,2978.0,300,0.0,0.0
2023-12-28 14:00:00+09:00,2979.0,2999.0,2979.0,2995.0,2700,0.0,0.0
2023-12-29 09:00:00+09:00,2993.0,3035.0,2993.0,3025.0,2800,0.0,0.0
2023-12-29 10:00:00+09:00,3020.0,3030.0,3020.0,3025.0,700,0.0,0.0
2023-12-29 11:00:00+09:00,3020.0,3025.0,3020.0,3025.0,0,0.0,0.0
2023-12-29 12:00:00+09:00,3030.0,3030.0,3030.0,3030.0,4700,0.0,0.0
2023-12-29 13:00:00+09:00,3020.0,3025.0,3015.0,3015.0,1200,0.0,0.0
2023-12-29 14:00:00+09:00,3015.0,3025.0,3005.0,3025.0,2300,0.0,0.0
2024-01-04 09:00:00+09:00,2992.0,2992.0,2916.0,2985.0,6200,0.0,0.0
2024-01-04 10:00:00+09:00,3000.0,3000.0,2998.0,2998.0,400,0.0,0.0
2024-01-04 11:00:00+09:00,2990.0,2990.0,2990.0,2990.0,0,0.0,0.0
2024-01-04 12:00:00+09:00,3000.0,3015.0,2996.0,3010.0,7800,0.0,0.0
2024-01-04 13:00:00+09:00,3015.0,3015.0,3015.0,3015.0,400,0.0,0.0
2024-01-04 14:00:00+09:00,3015.0,3025.0,3000.0,3015.0,2300,0.0,0.0
2024-01-05 09:00:00+09:00,3010.0,3020.0,3010.0,3020.0,800,0.0,0.0
2024-01-05 10:00:00+09:00,3025.0,3025.0,3015.0,3015.0,700,0.0,0.0
2024-01-05 11:00:00+09:00,3015.0,3015.0,3015.0,3015.0,0,0.0,0.0
2024-01-05 12:00:00+09:00,3025.0,3025.0,3005.0,3005.0,1900,0.0,0.0
2024-01-05 13:00:00+09:00,3005.0,3010.0,3000.0,3010.0,400,0.0,0.0
2024-01-05 14:00:00+09:00,3010.0,3010.0,2995.0,2995.0,1100,0.0,0.0
2024-01-09 09:00:00+09:00,3015.0,3035.0,3010.0,3020.0,1600,0.0,0.0
2024-01-09 10:00:00+09:00,3015.0,3025.0,3015.0,3015.0,600,0.0,0.0
2024-01-09 11:00:00+09:00,3010.0,3020.0,3010.0,3020.0,0,0.0,0.0
2024-01-09 12:00:00+09:00,3005.0,3010.0,3005.0,3010.0,3000,0.0,0.0
2024-01-09 13:00:00+09:00,3005.0,3015.0,2996.0,3015.0,800,0.0,0.0
2024-01-09 14:00:00+09:00,3010.0,3010.0,3010.0,3010.0,400,0.0,0.0
2024-01-10 09:00:00+09:00,3025.0,3160.0,3010.0,3070.0,11000,0.0,0.0
2024-01-10 10:00:00+09:00,3065.0,3080.0,3055.0,3080.0,1100,0.0,0.0
2024-01-10 11:00:00+09:00,3090.0,3090.0,3090.0,3090.0,0,0.0,0.0
2024-01-10 12:00:00+09:00,3095.0,3095.0,3095.0,3095.0,12700,0.0,0.0
2024-01-10 13:00:00+09:00,3085.0,3090.0,3065.0,3075.0,2700,0.0,0.0
2024-01-10 14:00:00+09:00,3070.0,3080.0,3055.0,3055.0,3500,0.0,0.0
2024-01-11 09:00:00+09:00,3100.0,3100.0,3060.0,3060.0,3000,0.0,0.0
2024-01-11 10:00:00+09:00,3055.0,3065.0,3045.0,3065.0,1700,0.0,0.0
2024-01-11 11:00:00+09:00,3065.0,3070.0,3065.0,3070.0,0,0.0,0.0
2024-01-11 12:00:00+09:00,3080.0,3080.0,3060.0,3060.0,6700,0.0,0.0
2024-01-11 13:00:00+09:00,3060.0,3105.0,3055.0,3100.0,7200,0.0,0.0
2024-01-11 14:00:00+09:00,3095.0,3100.0,3080.0,3085.0,2800,0.0,0.0
2024-01-12 09:00:00+09:00,3095.0,3100.0,3055.0,3060.0,0,0.0,0.0
2024-01-12 10:00:00+09:00,3055.0,3055.0,3045.0,3055.0,1300,0.0,0.0
2024-01-12 11:00:00+09:00,3050.0,3055.0,3050.0,3055.0,0,0.0,0.0
2024-01-12 12:00:00+09:00,3055.0,3060.0,3040.0,3050.0,11300,0.0,0.0
2024-01-12 13:00:00+09:00,3050.0,3065.0,3050.0,3065.0,1200,0.0,0.0
2024-01-12 14:00:00+09:00,3070.0,3075.0,3065.0,3075.0,1500,0.0,0.0
2024-01-15 09:00:00+09:00,3085.0,3105.0,3085.0,3085.0,0,0.0,0.0
2024-01-15 10:00:00+09:00,3075.0,3075.0,3070.0,3070.0,3300,0.0,0.0
2024-01-15 11:00:00+09:00,3075.0,3080.0,3065.0,3080.0,0,0.0,0.0
2024-01-15 12:00:00+09:00,3080.0,3080.0,3080.0,3080.0,5100,0.0,0.0
2024-01-15 13:00:00+09:00,3080.0,3090.0,3070.0,3075.0,900,0.0,0.0
2024-01-15 14:00:00+09:00,3085.0,3085.0,3060.0,3070.0,2200,0.0,0.0
2024-01-16 09:00:00+09:00,3055.0,3055.0,3035.0,3040.0,800,0.0,0.0
2024-01-16 10:00:00+09:00,3035.0,3035.0,3015.0,3015.0,1600,0.0,0.0
2024-01-16 11:00:00+09:00,3015.0,3025.0,3015.0,3025.0,0,0.0,0.0
2024-01-16 12:00:00+09:00,3010.0,3025.0,3000.0,3005.0,4000,0.0,0.0
2024-01-16 13:00:00+09:00,3000.0,3005.0,2995.0,3005.0,1000,0.0,0.0
2024-01-16 14:00:00+09:00,2995.0,3010.0,2990.0,2992.0,2700,0.0,0.0
2024-01-17 09:00:00+09:00,2994.0,3020.0,2994.0,3020.0,1000,0.0,0.0
2024-01-17 10:00:00+09:00,3020.0,3035.0,3005.0,3005.0,3200,0.0,0.0
2024-01-17 11:00:00+09:00,3010.0,3010.0,3005.0,3005.0,0,0.0,0.0
2024-01-17 12:00:00+09:00,3000.0,3005.0,2986.0,2986.0,6500,0.0,0.0
2024-01-17 13:00:00+09:00,2980.0,2990.0,2964.0,2990.0,1500,0.0,0.0
2024-01-17 14:00:00+09:00,2995.0,3000.0,2971.0,2988.0,2100,0.0,0.0
2024-01-18 09:00:00+09:00,2975.0,3000.0,2975.0,2986.0,2200,0.0,0.0
2024-01-18 10:00:00+09:00,2987.0,2987.0,2985.0,2985.0,500,0.0,0.0
2024-01-18 11:00:00+09:00,2997.0,2997.0,2997.0,2997.0,0,0.0,0.0
2024-01-18 12:00:00+09:00,2997.0,2997.0,2997.0,2997.0,3100,0.0,0.0
2024-01-18 13:00:00+09:00,2999.0,2999.0,2979.0,2979.0,300,0.0,0.0
2024-01-18 14:00:00+09:00,2980.0,2984.0,2970.0,2979.0,2000,0.0,0.0
2024-01-19 09:00:00+09:00,2966.0,2984.0,2962.0,2962.0,2300,0.0,0.0
2024-01-19 10:00:00+09:00,2962.0,2990.0,2953.0,2990.0,1700,0.0,0.0
2024-01-19 11:00:00+09:00,2990.0,2994.0,2979.0,2979.0,0,0.0,0.0
2024-01-19 12:00:00+09:00,2961.0,2980.0,2961.0,2980.0,5800,0.0,0.0
2024-01-19 13:00:00+09:00,2961.0,2965.0,2955.0,2964.0,700,0.0,0.0
2024-01-19 14:00:00+09:00,2958.0,2968.0,2931.0,2952.0,3500,0.0,0.0
2024-01-22 09:00:00+09:00,2964.0,3050.0,2964.0,3045.0,0,0.0,0.0
2024-01-22 10:00:00+09:00,3045.0,3055.0,3040.0,3055.0,1000,0.0,0.0
2024-01-22 11:00:00+09:00,3050.0,3055.0,3040.0,3055.0,0,0.0,0.0
2024-01-22 12:00:00+09:00,3055.0,3055.0,3055.0,3055.0,7000,0.0,0.0
2024-01-22 13:00:00+09:00,3050.0,3050.0,3040.0,3050.0,900,0.0,0.0
2024-01-22 14:00:00+09:00,3055.0,3055.0,3045.0,3055.0,1300,0.0,0.0
2024-01-23 09:00:00+09:00,3070.0,3105.0,3070.0,3095.0,2800,0.0,0.0
2024-01-23 10:00:00+09:00,3085.0,3090.0,3060.0,3065.0,1700,0.0,0.0
2024-01-23 11:00:00+09:00,3075.0,3075.0,3065.0,3075.0,0,0.0,0.0
2024-01-23 12:00:00+09:00,3085.0,3085.0,3050.0,3060.0,7200,0.0,0.0
2024-01-23 13:00:00+09:00,3070.0,3080.0,3070.0,3080.0,1100,0.0,0.0
2024-01-23 14:00:00+09:00,3075.0,3080.0,3070.0,3070.0,800,0.0,0.0
2024-01-24 09:00:00+09:00,3095.0,3095.0,3090.0,3090.0,800,0.0,0.0
2024-01-24 10:00:00+09:00,3105.0,3140.0,3105.0,3140.0,2700,0.0,0.0
2024-01-24 11:00:00+09:00,3140.0,3145.0,3130.0,3145.0,0,0.0,0.0
2024-01-24 12:00:00+09:00,3145.0,3160.0,3125.0,3125.0,6300,0.0,0.0
2024-01-24 13:00:00+09:00,3135.0,3135.0,3125.0,3130.0,800,0.0,0.0
2024-01-24 14:00:00+09:00,3130.0,3130.0,3105.0,3115.0,2600,0.0,0.0
2024-01-25 09:00:00+09:00,3125.0,3135.0,3110.0,3125.0,3100,0.0,0.0
2024-01-25 10:00:00+09:00,3130.0,3130.0,3000.0,3080.0,13200,0.0,0.0
2024-01-25 11:00:00+09:00,3085.0,3090.0,3085.0,3085.0,0,0.0,0.0
2024-01-25 12:00:00+09:00,3095.0,3095.0,3080.0,3080.0,18000,0.0,0.0
2024-01-25 13:00:00+09:00,3085.0,3095.0,3085.0,3090.0,1200,0.0,0.0
2024-01-25 14:00:00+09:00,3100.0,3110.0,3095.0,3100.0,2100,0.0,0.0
2024-01-26 09:00:00+09:00,3110.0,3160.0,3110.0,3140.0,0,0.0,0.0
2024-01-26 10:00:00+09:00,3135.0,3140.0,3130.0,3135.0,6200,0.0,0.0
2024-01-26 11:00:00+09:00,3135.0,3145.0,3135.0,3145.0,0,0.0,0.0
2024-01-26 12:00:00+09:00,3130.0,3135.0,3125.0,3125.0,7900,0.0,0.0
2024-01-26 13:00:00+09:00,3120.0,3125.0,3110.0,3120.0,1100,0.0,0.0
2024-01-26 14:00:00+09:00,3110.0,3120.0,3105.0,3105.0,1500,0.0,0.0
2024-01-29 09:00:00+09:00,3130.0,3130.0,3110.0,3110.0,800,0.0,0.0
2024-01-29 10:00:00+09:00,3105.0,3110.0,3095.0,3100.0,1100,0.0,0.0
2024-01-29 11:00:00+09:00,3100.0,3115.0,3100.0,3115.0,0,0.0,0.0
2024-01-29 12:00:00+09:00,3120.0,3120.0,3105.0,3105.0,3100,0.0,0.0
2024-01-29 13:00:00+09:00,3105.0,3110.0,3105.0,3110.0,1300,0.0,0.0
2024-01-29 14:00:00+09:00,3105.0,3115.0,3100.0,3100.0,1100,0.0,0.0
2024-01-30 09:00:00+09:00,3125.0,3160.0,3110.0,3155.0,3000,0.0,0.0
2024-01-30 10:00:00+09:00,3155.0,3155.0,3130.0,3135.0,1400,0.0,0.0
2024-01-30 11:00:00+09:00,3135.0,3135.0,3135.0,3135.0,0,0.0,0.0
2024-01-30 12:00:00+09:00,3135.0,3135.0,3135.0,3135.0,5100,0.0,0.0
2024-01-30 13:00:00+09:00,3145.0,3155.0,3140.0,3145.0,1900,0.0,0.0
2024-01-30 14:00:00+09:00,3150.0,3150.0,3135.0,3145.0,1400,0.0,0.0
2024-01-31 09:00:00+09:00,3155.0,3155.0,3110.0,3120.0,800,0.0,0.0
2024-01-31 10:00:00+09:00,3110.0,3110.0,3100.0,3105.0,1200,0.0,0.0
2024-01-31 11:00:00+09:00,3105.0,3115.0,3105.0,3115.0,0,0.0,0.0
2024-01-31 12:00:00+09:00,3120.0,3120.0,3105.0,3105.0,3100,0.0,0.0
2024-01-31 13:00:00+09:00,3100.0,3115.0,3095.0,3115.0,1300,0.0,0.0
2024-01-31 14:00:00+09:00,3115.0,3130.0,3115.0,3125.0,2900,0.0,0.0
2024-02-01 09:00:00+09:00,3125.0,3125.0,3080.0,3080.0,0,0.0,0.0
2024-02-01 10:00:00+09:00,3080.0,3085.0,3075.0,3085.0,3400,0.0,0.0
2024-02-01 11:00:00+09:00,3095.0,3095.0,3095.0,3095.0,0,0.0,0.0
2024-02-01 12:00:00+09:00,3110.0,3110.0,3100.0,3100.0,5000,0.0,0.0
2024-02-01 13:00:00+09:00,3105.0,3125.0,3100.0,3100.0,1800,0.0,0.0
2024-02-01 14:00:00+09:00,3100.0,3115.0,3095.0,3105.0,3300,0.0,0.0
2024-02-02 09:00:00+09:00,3100.0,3120.0,3090.0,3120.0,1100,0.0,0.0
2024-02-02 10:00:00+09:00,3125.0,3135.0,3125.0,3130.0,2000,0.0,0.0
2024-02-02 11:00:00+09:00,3130.0,3130.0,3115.0,3115.0,0,0.0,0.0
2024-02-02 12:00:00+09:00,3125.0,3125.0,3095.0,3115.0,5500,0.0,0.0
2024-02-02 13:00:00+09:00,3120.0,3120.0,3115.0,3115.0,400,0.0,0.0
2024-02-02 14:00:00+09:00,3130.0,3175.0,3130.0,3135.0,7200,0.0,0.0
2024-02-05 09:00:00+09:00,3160.0,3230.0,3160.0,3225.0,3500,0.0,0.0
2024-02-05 10:00:00+09:00,3220.0,3225.0,3205.0,3205.0,1600,0.0,0.0
2024-02-05 11:00:00+09:00,3215.0,3215.0,3215.0,3215.0,0,0.0,0.0
2024-02-05 12:00:00+09:00,3215.0,3215.0,3210.0,3215.0,6500,0.0,0.0
2024-02-05 13:00:00+09:00,3215.0,3225.0,3205.0,3225.0,700,0.0,0.0
2024-02-05 14:00:00+09:00,3230.0,3250.0,3225.0,3230.0,2600,0.0,0.0
2024-02-06 09:00:00+09:00,3280.0,3280.0,3190.0,3190.0,1700,0.0,0.0
2024-02-06 10:00:00+09:00,3180.0,3190.0,3180.0,3190.0,400,0.0,0.0
2024-02-06 11:00:00+09:00,3190.0,3190.0,3180.0,3190.0,0,0.0,0.0
2024-02-06 12:00:00+09:00,3190.0,3205.0,3190.0,3195.0,3600,0.0,0.0
2024-02-06 13:00:00+09:00,3195.0,3195.0,3180.0,3180.0,1200,0.0,0.0
2024-02-06 14:00:00+09:00,3180.0,3190.0,3165.0,3180.0,2100,0.0,0.0
2024-02-07 09:00:00+09:00,3190.0,3195.0,3165.0,3170.0,1100,0.0,0.0
2024-02-07 10:00:00+09:00,3175.0,3175.0,3170.0,3175.0,600,0.0,0.0
2024-02-07 11:00:00+09:00,3155.0,3155.0,3155.0,3155.0,0,0.0,0.0
2024-02-07 12:00:00+09:00,3165.0,3165.0,3125.0,3125.0,2200,0.0,0.0
2024-02-07 13:00:00+09:00,3150.0,3165.0,3150.0,3165.0,500,0.0,0.0
2024-02-07 14:00:00+09:00,3165.0,3165.0,3145.0,3160.0,1400,0.0,0.0
2024-02-08 09:00:00+09:00,3125.0,3140.0,3055.0,3065.0,5300,0.0,0.0
2024-02-08 10:00:00+09:00,3060.0,3070.0,3050.0,3065.0,2300,0.0,0.0
2024-02-08 11:00:00+09:00,3070.0,3075.0,3060.0,3075.0,0,0.0,0.0
2024-02-08 12:00:00+09:00,3075.0,3095.0,3075.0,3095.0,9300,0.0,0.0
2024-02-08 13:00:00+09:00,3095.0,3095.0,3075.0,3090.0,1100,0.0,0.0
2024-02-08 14:00:00+09:00,3105.0,3105.0,3085.0,3090.0,2200,0.0,0.0
2024-02-09 09:00:00+09:00,3640.0,3675.0,3470.0,3510.0,44400,0.0,0.0
2024-02-09 10:00:00+09:00,3515.0,3575.0,3445.0,3450.0,13500,0.0,0.0
2024-02-09 11:00:00+09:00,3440.0,3470.0,3430.0,3435.0,0,0.0,0.0
2024-02-09 12:00:00+09:00,3425.0,3440.0,3400.0,3405.0,65100,0.0,0.0
2024-02-09 13:00:00+09:00,3420.0,3445.0,3410.0,3430.0,4900,0.0,0.0
2024-02-09 14:00:00+09:00,3425.0,3490.0,3420.0,3490.0,9800,0.0,0.0
2024-02-13 09:00:00+09:00,3450.0,3460.0,3360.0,3370.0,17100,0.0,0.0
2024-02-13 10:00:00+09:00,3360.0,3425.0,3360.0,3420.0,3000,0.0,0.0
2024-02-13 11:00:00+09:00,3430.0,3435.0,3400.0,3420.0,0,0.0,0.0
2024-02-13 12:00:00+09:00,3445.0,3470.0,3435.0,3465.0,26400,0.0,0.0
2024-02-13 13:00:00+09:00,3460.0,3490.0,3450.0,3490.0,2100,0.0,0.0
2024-02-13 14:00:00+09:00,3480.0,3495.0,3460.0,3480.0,6800,0.0,0.0
2024-02-14 09:00:00+09:00,3490.0,3490.0,3410.0,3430.0,1800,0.0,0.0
2024-02-14 10:00:00+09:00,3435.0,3440.0,3415.0,3415.0,700,0.0,0.0
2024-02-14 11:00:00+09:00,3420.0,3425.0,3420.0,3420.0,0,0.0,0.0
2024-02-14 12:00:00+09:00,3425.0,3440.0,3425.0,3430.0,3500,0.0,0.0
2024-02-14 13:00:00+09:00,3420.0,3470.0,3415.0,3465.0,2600,0.0,0.0
2024-02-14 14:00:00+09:00,3475.0,3485.0,3465.0,3465.0,2200,0.0,0.0
2024-02-15 09:00:00+09:00,3420.0,3420.0,3350.0,3350.0,3200,0.0,0.0
2024-02-15 10:00:00+09:00,3355.0,3370.0,3350.0,3355.0,1300,0.0,0.0
2024-02-15 11:00:00+09:00,3360.0,3370.0,3360.0,3365.0,0,0.0,0.0
2024-02-15 12:00:00+09:00,3365.0,3380.0,3360.0,3360.0,6500,0.0,0.0
2024-02-15 13:00:00+09:00,3380.0,3410.0,3360.0,3410.0,1900,0.0,0.0
2024-02-15 14:00:00+09:00,3415.0,3450.0,3385.0,3385.0,3500,0.0,0.0
2024-02-16 09:00:00+09:00,3405.0,3455.0,3405.0,3455.0,3400,0.0,0.0
2024-02-16 10:00:00+09:00,3465.0,3480.0,3460.0,3470.0,2200,0.0,0.0
2024-02-16 11:00:00+09:00,3480.0,3490.0,3480.0,3490.0,0,0.0,0.0
2024-02-16 12:00:00+09:00,3490.0,3495.0,3455.0,3455.0,11300,0.0,0.0
2024-02-16 13:00:00+09:00,3470.0,3480.0,3460.0,3480.0,1500,0.0,0.0
2024-02-16 14:00:00+09:00,3480.0,3490.0,3465.0,3490.0,2600,0.0,0.0
2024-02-19 09:00:00+09:00,3450.0,3470.0,3430.0,3455.0,2100,0.0,0.0
2024-02-19 10:00:00+09:00,3465.0,3465.0,3455.0,3455.0,600,0.0,0.0
2024-02-19 11:00:00+09:00,3460.0,3460.0,3460.0,3460.0,0,0.0,0.0
2024-02-19 12:00:00+09:00,3445.0,3490.0,3445.0,3480.0,4500,0.0,0.0
2024-02-19 13:00:00+09:00,3475.0,3490.0,3465.0,3490.0,1100,0.0,0.0
2024-02-19 14:00:00+09:00,3490.0,3490.0,3475.0,3480.0,1900,0.0,0.0
2024-02-20 09:00:00+09:00,3485.0,3535.0,3485.0,3500.0,3000,0.0,0.0
2024-02-20 10:00:00+09:00,3505.0,3525.0,3505.0,3525.0,1000,0.0,0.0
2024-02-20 11:00:00+09:00,3510.0,3525.0,3505.0,3525.0,0,0.0,0.0
2024-02-20 12:00:00+09:00,3520.0,3530.0,3500.0,3520.0,5300,0.0,0.0
2024-02-20 13:00:00+09:00,3520.0,3520.0,3485.0,3485.0,1900,0.0,0.0
2024-02-20 14:00:00+09:00,3505.0,3515.0,3490.0,3490.0,3100,0.0,0.0
2024-02-21 09:00:00+09:00,3490.0,3500.0,3475.0,3475.0,900,0.0,0.0
2024-02-21 10:00:00+09:00,3495.0,3500.0,3485.0,3485.0,0,0.0,0.0
2024-02-21 11:00:00+09:00,3475.0,3475.0,3450.0,3450.0,0,0.0,0.0
2024-02-21 12:00:00+09:00,3460.0,3460.0,3455.0,3460.0,2400,0.0,0.0
2024-02-21 13:00:00+09:00,3460.0,3470.0,3460.0,3465.0,800,0.0,0.0
2024-02-21 14:00:00+09:00,3465.0,3480.0,3465.0,3475.0,600,0.0,0.0
2024-02-22 09:00:00+09:00,3535.0,3535.0,3455.0,3455.0,1700,0.0,0.0
2024-02-22 10:00:00+09:00,3450.0,3505.0,3435.0,3495.0,2500,0.0,0.0
2024-02-22 11:00:00+09:00,3500.0,3500.0,3500.0,3500.0,0,0.0,0.0
2024-02-22 12:00:00+09:00,3480.0,3480.0,3475.0,3480.0,4600,0.0,0.0
2024-02-22 13:00:00+09:00,3480.0,3480.0,3480.0,3480.0,200,0.0,0.0
2024-02-22 14:00:00+09:00,3495.0,3495.0,3490.0,3495.0,800,0.0,0.0
2024-02-26 09:00:00+09:00,3500.0,3520.0,3500.0,3520.0,0,0.0,0.0
2024-02-26 10:00:00+09:00,3515.0,3515.0,3505.0,3510.0,2200,0.0,0.0
2024-02-26 11:00:00+09:00,3500.0,3500.0,3500.0,3500.0,0,0.0,0.0
2024-02-26 12:00:00+09:00,3500.0,3500.0,3490.0,3490.0,3600,0.0,0.0
2024-02-26 13:00:00+09:00,3500.0,3505.0,3475.0,3475.0,1000,0.0,0.0
2024-02-26 14:00:00+09:00,3475.0,3475.0,3465.0,3465.0,1700,0.0,0.0
2024-02-27 09:00:00+09:00,3460.0,3460.0,3410.0,3445.0,3400,0.0,0.0
2024-02-27 10:00:00+09:00,3450.0,3465.0,3425.0,3435.0,1900,0.0,0.0
2024-02-27 11:00:00+09:00,3435.0,3435.0,3405.0,3405.0,0,0.0,0.0
2024-02-27 12:00:00+09:00,3470.0,3470.0,3410.0,3410.0,9100,0.0,0.0
2024-02-27 13:00:00+09:00,3415.0,3435.0,3405.0,3435.0,3100,0.0,0.0
2024-02-27 14:00:00+09:00,3430.0,3450.0,3425.0,3445.0,3700,0.0,0.0
2024-02-28 09:00:00+09:00,3445.0,3485.0,3440.0,3455.0,2300,0.0,0.0
2024-02-28 10:00:00+09:00,3455.0,3455.0,3425.0,3445.0,1000,0.0,0.0
2024-02-28 11:00:00+09:00,3445.0,3450.0,3445.0,3450.0,0,0.0,0.0
2024-02-28 12:00:00+09:00,3415.0,3450.0,3415.0,3415.0,6000,0.0,0.0
2024-02-28 13:00:00+09:00,3440.0,3440.0,3415.0,3415.0,700,0.0,0.0
2024-02-28 14:00:00+09:00,3420.0,3425.0,3320.0,3355.0,12700,0.0,0.0
2024-02-29 09:00:00+09:00,3325.0,3325.0,3290.0,3320.0,2100,0.0,0.0
2024-02-29 10:00:00+09:00,3315.0,3315.0,3295.0,3310.0,1300,0.0,0.0
2024-02-29 11:00:00+09:00,3325.0,3330.0,3305.0,3305.0,0,0.0,0.0
2024-02-29 12:00:00+09:00,3290.0,3335.0,3290.0,3335.0,4800,0.0,0.0
2024-02-29 13:00:00+09:00,3345.0,3355.0,3335.0,3335.0,900,0.0,0.0
2024-02-29 14:00:00+09:00,3330.0,3330.0,3305.0,3330.0,2100,0.0,0.0
2024-03-01 09:00:00+09:00,3330.0,3365.0,3310.0,3340.0,0,0.0,0.0
2024-03-01 10:00:00+09:00,3350.0,3350.0,3330.0,3330.0,2800,0.0,0.0
2024-03-01 11:00:00+09:00,3330.0,3330.0,3330.0,3330.0,0,0.0,0.0
2024-03-01 12:00:00+09:00,3330.0,3340.0,3330.0,3340.0,3200,0.0,0.0
2024-03-01 13:00:00+09:00,3335.0,3335.0,3330.0,3330.0,600,0.0,0.0
2024-03-01 14:00:00+09:00,3320.0,3325.0,3315.0,3325.0,1000,0.0,0.0
2024-03-04 09:00:00+09:00,3310.0,3310.0,3235.0,3280.0,5300,0.0,0.0
2024-03-04 10:00:00+09:00,3285.0,3305.0,3285.0,3285.0,1100,0.0,0.0
2024-03-04 11:00:00+09:00,3280.0,3280.0,3275.0,3280.0,0,0.0,0.0
2024-03-04 12:00:00+09:00,3275.0,3290.0,3275.0,3290.0,7900,0.0,0.0
2024-03-04 13:00:00+09:00,3290.0,3330.0,3290.0,3305.0,2000,0.0,0.0
2024-03-04 14:00:00+09:00,3300.0,3320.0,3285.0,3300.0,1700,0.0,0.0
2024-03-05 09:00:00+09:00,3270.0,3270.0,3245.0,3250.0,1000,0.0,0.0
2024-03-05 10:00:00+09:00,3255.0,3255.0,3255.0,3255.0,100,0.0,0.0
2024-03-05 11:00:00+09:00,3260.0,3260.0,3260.0,3260.0,0,0.0,0.0
2024-03-05 12:00:00+09:00,3300.0,3305.0,3280.0,3295.0,2200,0.0,0.0
2024-03-05 13:00:00+09:00,3295.0,3320.0,3295.0,3315.0,1100,0.0,0.0
2024-03-05 14:00:00+09:00,3325.0,3325.0,3305.0,3305.0,700,0.0,0.0
2024-03-06 09:00:00+09:00,3285.0,3345.0,3285.0,3345.0,2000,0.0,0.0
2024-03-06 10:00:00+09:00,3350.0,3365.0,3350.0,3355.0,700,0.0,0.0
2024-03-06 11:00:00+09:00,3355.0,3355.0,3355.0,3355.0,0,0.0,0.0
2024-03-06 12:00:00+09:00,3365.0,3370.0,3365.0,3365.0,3300,0.0,0.0
2024-03-06 13:00:00+09:00,3370.0,3385.0,3365.0,3375.0,1400,0.0,0.0
2024-03-06 14:00:00+09:00,3365.0,3385.0,3365.0,3370.0,1300,0.0,0.0
2024-03-07 09:00:00+09:00,3375.0,3390.0,3340.0,3390.0,2300,0.0,0.0
2024-03-07 10:00:00+09:00,3370.0,3370.0,3300.0,3300.0,0,0.0,0.0
2024-03-07 11:00:00+09:00,3305.0,3320.0,3305.0,3320.0,0,0.0,0.0
2024-03-07 12:00:00+09:00,3305.0,3305.0,3305.0,3305.0,5700,0.0,0.0
2024-03-07 13:00:00+09:00,3315.0,3315.0,3305.0,3305.0,500,0.0,0.0
2024-03-07 14:00:00+09:00,3315.0,3315.0,3280.0,3280.0,1400,0.0,0.0
2024-03-08 09:00:00+09:00,3270.0,3355.0,3270.0,3350.0,6100,0.0,0.0
2024-03-08 10:00:00+09:00,3310.0,3330.0,3310.0,3330.0,700,0.0,0.0
2024-03-08 11:00:00+09:00,3325.0,3335.0,3315.0,3335.0,0,0.0,0.0
2024-03-08 12:00:00+09:00,3320.0,3325.0,3310.0,3325.0,8800,0.0,0.0
2024-03-08 13:00:00+09:00,3325.0,3345.0,3325.0,3340.0,1600,0.0,0.0
2024-03-08 14:00:00+09:00,3325.0,3325.0,3305.0,3305.0,0,0.0,0.0
2024-03-11 09:00:00+09:00,3300.0,3305.0,3280.0,3280.0,0,0.0,0.0
2024-03-11 10:00:00+09:00,3280.0,3350.0,3280.0,3350.0,4600,0.0,0.0
2024-03-11 11:00:00+09:00,3335.0,3335.0,3325.0,3325.0,0,0.0,0.0
2024-03-11 12:00:00+09:00,3325.0,3330.0,3310.0,3310.0,6200,0.0,0.0
2024-03-11 13:00:00+09:00,3305.0,3305.0,3270.0,3275.0,2000,0.0,0.0
2024-03-11 14:00:00+09:00,3270.0,3335.0,3260.0,3335.0,2400,0.0,0.0
2024-03-12 09:00:00+09:00,3285.0,3295.0,3220.0,3280.0,8500,0.0,0.0
2024-03-12 10:00:00+09:00,3260.0,3260.0,3250.0,3250.0,1200,0.0,0.0
2024-03-12 11:00:00+09:00,3255.0,3255.0,3255.0,3255.0,0,0.0,0.0
2024-03-12 12:00:00+09:00,3245.0,3275.0,3230.0,3275.0,12000,0.0,0.0
2024-03-12 13:00:00+09:00,3280.0,3285.0,3280.0,3280.0,500,0.0,0.0
2024-03-12 14:00:00+09:00,3285.0,3315.0,3285.0,3315.0,1700,0.0,0.0
2024-03-13 09:00:00+09:00,3290.0,3290.0,3275.0,3275.0,1000,0.0,0.0
2024-03-13 10:00:00+09:00,3295.0,3300.0,3275.0,3300.0,500,0.0,0.0
2024-03-13 11:00:00+09:00,3300.0,3315.0,3300.0,3315.0,0,0.0,0.0
2024-03-13 12:00:00+09:00,3285.0,3325.0,3285.0,3305.0,2900,0.0,0.0
2024-03-13 13:00:00+09:00,3325.0,3345.0,3325.0,3345.0,800,0.0,0.0
2024-03-13 14:00:00+09:00,3350.0,3350.0,3270.0,3270.0,2300,0.0,0.0
2024-03-14 09:00:00+09:00,3300.0,3300.0,3255.0,3255.0,600,0.0,0.0
2024-03-14 10:00:00+09:00,3265.0,3265.0,3220.0,3255.0,2900,0.0,0.0
2024-03-14 11:00:00+09:00,3240.0,3240.0,3240.0,3240.0,0,0.0,0.0
2024-03-14 12:00:00+09:00,3230.0,3250.0,3230.0,3250.0,4500,0.0,0.0
2024-03-14 13:00:00+09:00,3255.0,3260.0,3245.0,3245.0,600,0.0,0.0
2024-03-14 14:00:00+09:00,3250.0,3280.0,3250.0,3265.0,3200,0.0,0.0
2024-03-15 09:00:00+09:00,3265.0,3265.0,3240.0,3240.0,800,0.0,0.0
2024-03-15 10:00:00+09:00,3245.0,3245.0,3230.0,3240.0,800,0.0,0.0
2024-03-15 11:00:00+09:00,3240.0,3240.0,3240.0,3240.0,0,0.0,0.0
2024-03-15 12:00:00+09:00,3240.0,3270.0,3240.0,3265.0,2100,0.0,0.0
2024-03-15 13:00:00+09:00,3265.0,3310.0,3265.0,3310.0,1500,0.0,0.0
2024-03-15 14:00:00+09:00,3310.0,3380.0,3310.0,3370.0,10900,0.0,0.0
2024-03-18 09:00:00+09:00,3360.0,3370.0,3340.0,3350.0,1100,0.0,0.0
2024-03-18 10:00:00+09:00,3365.0,3365.0,3365.0,3365.0,500,0.0,0.0
2024-03-18 11:00:00+09:00,3355.0,3355.0,3355.0,3355.0,0,0.0,0.0
2024-03-18 12:00:00+09:00,3375.0,3395.0,3375.0,3395.0,2300,0.0,0.0
2024-03-18 14:00:00+09:00,3390.0,3390.0,3325.0,3325.0,2400,0.0,0.0
2024-03-19 09:00:00+09:00,3310.0,3325.0,3290.0,3290.0,1700,0.0,0.0
2024-03-19 10:00:00+09:00,3305.0,3305.0,3305.0,3305.0,100,0.0,0.0
2024-03-19 11:00:00+09:00,3305.0,3305.0,3305.0,3305.0,0,0.0,0.0
2024-03-19 12:00:00+09:00,3305.0,3315.0,3305.0,3315.0,2100,0.0,0.0
2024-03-19 13:00:00+09:00,3340.0,3360.0,3340.0,3360.0,700,0.0,0.0
2024-03-19 14:00:00+09:00,3345.0,3355.0,3335.0,3355.0,1500,0.0,0.0
2024-03-21 09:00:00+09:00,3345.0,3390.0,3345.0,3390.0,1700,0.0,0.0
2024-03-21 10:00:00+09:00,3385.0,3385.0,3385.0,3385.0,100,0.0,0.0
2024-03-21 11:00:00+09:00,3385.0,3385.0,3385.0,3385.0,0,0.0,0.0
2024-03-21 12:00:00+09:00,3375.0,3385.0,3375.0,3385.0,2100,0.0,0.0
2024-03-21 13:00:00+09:00,3390.0,3390.0,3385.0,3385.0,300,0.0,0.0
2024-03-21 14:00:00+09:00,3380.0,3380.0,3360.0,3360.0,1200,0.0,0.0
2024-03-22 09:00:00+09:00,3340.0,3340.0,3325.0,3325.0,500,0.0,0.0
2024-03-22 10:00:00+09:00,3345.0,3345.0,3345.0,3345.0,100,0.0,0.0
2024-03-22 11:00:00+09:00,3340.0,3340.0,3325.0,3325.0,0,0.0,0.0
2024-03-22 12:00:00+09:00,3320.0,3320.0,3320.0,3320.0,2200,0.0,0.0
2024-03-22 13:00:00+09:00,3310.0,3310.0,3295.0,3295.0,800,0.0,0.0
2024-03-22 14:00:00+09:00,3300.0,3310.0,3295.0,3300.0,600,0.0,0.0
2024-03-25 09:00:00+09:00,3310.0,3340.0,3305.0,3340.0,700,0.0,0.0
2024-03-25 10:00:00+09:00,3320.0,3325.0,3300.0,3300.0,1000,0.0,0.0
2024-03-25 11:00:00+09:00,3300.0,3300.0,3285.0,3295.0,0,0.0,0.0
2024-03-25 12:00:00+09:00,3280.0,3280.0,3280.0,3280.0,2900,0.0,0.0
2024-03-25 13:00:00+09:00,3285.0,3285.0,3285.0,3285.0,100,0.0,0.0
2024-03-25 14:00:00+09:00,3295.0,3295.0,3275.0,3275.0,1100,0.0,0.0
2024-03-26 09:00:00+09:00,3245.0,3290.0,3245.0,3260.0,3900,0.0,0.0
2024-03-26 10:00:00+09:00,3275.0,3275.0,3275.0,3275.0,0,0.0,0.0
2024-03-26 11:00:00+09:00,3280.0,3295.0,3280.0,3285.0,0,0.0,0.0
2024-03-26 12:00:00+09:00,3280.0,3280.0,3280.0,3280.0,5700,0.0,0.0
2024-03-26 13:00:00+09:00,3300.0,3305.0,3290.0,3290.0,300,0.0,0.0
2024-03-26 14:00:00+09:00,3295.0,3310.0,3295.0,3300.0,1000,0.0,0.0
2024-03-27 09:00:00+09:00,3305.0,3360.0,3305.0,3360.0,1600,0.0,0.0
2024-03-27 10:00:00+09:00,3355.0,3370.0,3355.0,3370.0,700,0.0,0.0
2024-03-27 11:00:00+09:00,3370.0,3370.0,3360.0,3360.0,0,0.0,0.0
2024-03-27 12:00:00+09:00,3360.0,3360.0,3355.0,3360.0,3600,0.0,0.0
2024-03-27 13:00:00+09:00,3370.0,3370.0,3350.0,3350.0,300,0.0,0.0
2024-03-27 14:00:00+09:00,3350.0,3350.0,3330.0,3330.0,1000,0.0,0.0
2024-03-28 09:00:00+09:00,3315.0,3350.0,3300.0,3300.0,800,0.0,0.0
2024-03-28 10:00:00+09:00,3295.0,3295.0,3280.0,3280.0,600,0.0,0.0
2024-03-28 11:00:00+09:00,3275.0,3275.0,3275.0,3275.0,0,0.0,0.0
2024-03-28 12:00:00+09:00,3260.0,3260.0,3255.0,3255.0,3000,0.0,0.0
2024-03-28 13:00:00+09:00,3245.0,3260.0,3235.0,3255.0,1900,0.0,0.0
2024-03-28 14:00:00+09:00,3255.0,3255.0,3225.0,3230.0,1600,0.0,0.0
2024-03-29 09:00:00+09:00,3245.0,3275.0,3240.0,3240.0,1000,0.0,0.0
2024-03-29 10:00:00+09:00,3245.0,3245.0,3240.0,3240.0,200,0.0,0.0
2024-03-29 11:00:00+09:00,3245.0,3245.0,3245.0,3245.0,0,0.0,0.0
2024-03-29 12:00:00+09:00,3260.0,3260.0,3205.0,3250.0,2300,0.0,0.0
2024-03-29 13:00:00+09:00,3255.0,3255.0,3165.0,3225.0,8300,0.0,0.0
2024-03-29 14:00:00+09:00,3210.0,3285.0,3210.0,3285.0,2500,0.0,0.0
2024-04-01 09:00:00+09:00,3275.0,3275.0,3255.0,3255.0,200,0.0,0.0
2024-04-01 10:00:00+09:00,3255.0,3270.0,3240.0,3245.0,1300,0.0,0.0
2024-04-01 11:00:00+09:00,3240.0,3240.0,3240.0,3240.0,0,0.0,0.0
2024-04-01 12:00:00+09:00,3250.0,3250.0,3250.0,3250.0,1800,0.0,0.0
2024-04-01 13:00:00+09:00,3265.0,3265.0,3235.0,3235.0,500,0.0,0.0
2024-04-01 14:00:00+09:00,3235.0,3235.0,3195.0,3220.0,1400,0.0,0.0
2024-04-02 09:00:00+09:00,3215.0,3225.0,3190.0,3190.0,0,0.0,0.0
2024-04-02 10:00:00+09:00,3175.0,3185.0,3175.0,3185.0,1800,0.0,0.0
2024-04-02 11:00:00+09:00,3175.0,3180.0,3160.0,3170.0,0,0.0,0.0
2024-04-02 12:00:00+09:00,3170.0,3170.0,3170.0,3170.0,2800,0.0,0.0
2024-04-02 13:00:00+09:00,3165.0,3165.0,3135.0,3155.0,0,0.0,0.0
2024-04-02 14:00:00+09:00,3145.0,3150.0,3130.0,3150.0,5800,0.0,0.0
2024-04-03 09:00:00+09:00,3140.0,3155.0,3110.0,3155.0,1600,0.0,0.0
2024-04-03 10:00:00+09:00,3170.0,3170.0,3155.0,3155.0,500,0.0,0.0
2024-04-03 11:00:00+09:00,3165.0,3165.0,3165.0,3165.0,0,0.0,0.0
2024-04-03 12:00:00+09:00,3165.0,3180.0,3165.0,3180.0,2600,0.0,0.0
2024-04-03 13:00:00+09:00,3185.0,3185.0,3165.0,3185.0,400,0.0,0.0
2024-04-03 14:00:00+09:00,3190.0,3190.0,3160.0,3160.0,900,0.0,0.0
2024-04-04 09:00:00+09:00,3175.0,3200.0,3175.0,3185.0,2000,0.0,0.0
2024-04-04 10:00:00+09:00,3190.0,3210.0,3190.0,3205.0,700,0.0,0.0
2024-04-04 11:00:00+09:00,3200.0,3205.0,3190.0,3205.0,0,0.0,0.0
2024-04-04 12:00:00+09:00,3205.0,3205.0,3205.0,3205.0,4000,0.0,0.0
2024-04-04 13:00:00+09:00,3185.0,3200.0,3165.0,3165.0,800,0.0,0.0
2024-04-04 14:00:00+09:00,3170.0,3180.0,3150.0,3175.0,1400,0.0,0.0
2024-04-05 09:00:00+09:00,3140.0,3155.0,3130.0,3155.0,700,0.0,0.0
2024-04-05 10:00:00+09:00,3150.0,3155.0,3130.0,3130.0,800,0.0,0.0
2024-04-05 11:00:00+09:00,3130.0,3135.0,3130.0,3135.0,0,0.0,0.0
2024-04-05 12:00:00+09:00,3145.0,3150.0,3145.0,3150.0,2300,0.0,0.0
2024-04-05 13:00:00+09:00,3145.0,3165.0,3145.0,3160.0,500,0.0,0.0
2024-04-05 14:00:00+09:00,3155.0,3185.0,3155.0,3185.0,500,0.0,0.0
2024-04-08 09:00:00+09:00,3215.0,3215.0,3180.0,3210.0,2100,0.0,0.0
2024-04-08 10:00:00+09:00,3220.0,3225.0,3220.0,3225.0,400,0.0,0.0
2024-04-08 11:00:00+09:00,3240.0,3240.0,3215.0,3215.0,0,0.0,0.0
2024-04-08 12:00:00+09:00,3215.0,3220.0,3205.0,3220.0,4500,0.0,0.0
2024-04-08 13:00:00+09:00,3225.0,3225.0,3225.0,3225.0,100,0.0,0.0
2024-04-08 14:00:00+09:00,3215.0,3215.0,3180.0,3180.0,900,0.0,0.0
2024-04-09 09:00:00+09:00,3185.0,3210.0,3185.0,3210.0,200,0.0,0.0
2024-04-09 10:00:00+09:00,3205.0,3210.0,3205.0,3210.0,300,0.0,0.0
2024-04-09 11:00:00+09:00,3210.0,3210.0,3210.0,3210.0,0,0.0,0.0
2024-04-09 12:00:00+09:00,3205.0,3205.0,3205.0,3205.0,800,0.0,0.0
2024-04-09 13:00:00+09:00,3240.0,3255.0,3240.0,3255.0,900,0.0,0.0
2024-04-09 14:00:00+09:00,3260.0,3260.0,3225.0,3225.0,1400,0.0,0.0
2024-04-10 09:00:00+09:00,3230.0,3260.0,3230.0,3260.0,1700,0.0,0.0
2024-04-10 10:00:00+09:00,3270.0,3270.0,3270.0,3270.0,100,0.0,0.0
2024-04-10 11:00:00+09:00,3270.0,3270.0,3235.0,3235.0,0,0.0,0.0
2024-04-10 12:00:00+09:00,3260.0,3260.0,3260.0,3260.0,2700,0.0,0.0
2024-04-10 13:00:00+09:00,3260.0,3260.0,3260.0,3260.0,100,0.0,0.0
2024-04-10 14:00:00+09:00,3235.0,3235.0,3220.0,3220.0,500,0.0,0.0
2024-04-11 09:00:00+09:00,3220.0,3230.0,3215.0,3230.0,1100,0.0,0.0
2024-04-11 11:00:00+09:00,3230.0,3230.0,3230.0,3230.0,0,0.0,0.0
2024-04-11 12:00:00+09:00,3220.0,3220.0,3220.0,3220.0,1200,0.0,0.0
2024-04-11 13:00:00+09:00,3235.0,3275.0,3235.0,3275.0,600,0.0,0.0
2024-04-11 14:00:00+09:00,3270.0,3280.0,3250.0,3260.0,2300,0.0,0.0
2024-04-12 09:00:00+09:00,3340.0,3340.0,3280.0,3335.0,8700,0.0,0.0
2024-04-12 10:00:00+09:00,3330.0,3330.0,3315.0,3315.0,600,0.0,0.0
2024-04-12 11:00:00+09:00,3315.0,3315.0,3310.0,3310.0,0,0.0,0.0
2024-04-12 12:00:00+09:00,3310.0,3310.0,3300.0,3300.0,9900,0.0,0.0
2024-04-12 13:00:00+09:00,3305.0,3305.0,3275.0,3280.0,1500,0.0,0.0
2024-04-12 14:00:00+09:00,3280.0,3295.0,3275.0,3295.0,600,0.0,0.0
2024-04-15 09:00:00+09:00,3250.0,3255.0,3225.0,3250.0,2000,0.0,0.0
2024-04-15 10:00:00+09:00,3240.0,3240.0,3240.0,3240.0,100,0.0,0.0
2024-04-15 11:00:00+09:00,3240.0,3255.0,3240.0,3255.0,0,0.0,0.0
2024-04-15 12:00:00+09:00,3260.0,3260.0,3260.0,3260.0,2600,0.0,0.0
2024-04-15 13:00:00+09:00,3275.0,3275.0,3275.0,3275.0,200,0.0,0.0
2024-04-15 14:00:00+09:00,3250.0,3270.0,3245.0,3270.0,1200,0.0,0.0
2024-04-16 09:00:00+09:00,3230.0,3230.0,3190.0,3215.0,700,0.0,0.0
2024-04-16 10:00:00+09:00,3225.0,3225.0,3210.0,3220.0,1200,0.0,0.0
2024-04-16 11:00:00+09:00,3220.0,3220.0,3220.0,3220.0,0,0.0,0.0
2024-04-16 12:00:00+09:00,3225.0,3225.0,3185.0,3210.0,3200,0.0,0.0
2024-04-16 13:00:00+09:00,3225.0,3230.0,3205.0,3220.0,1100,0.0,0.0
2024-04-16 14:00:00+09:00,3220.0,3245.0,3210.0,3235.0,2400,0.0,0.0
2024-04-17 09:00:00+09:00,3235.0,3235.0,3155.0,3180.0,2200,0.0,0.0
2024-04-17 10:00:00+09:00,3175.0,3180.0,3175.0,3180.0,400,0.0,0.0
2024-04-17 11:00:00+09:00,3185.0,3200.0,3185.0,3200.0,0,0.0,0.0
2024-04-17 12:00:00+09:00,3200.0,3200.0,3200.0,3200.0,3900,0.0,0.0
2024-04-17 13:00:00+09:00,3175.0,3195.0,3175.0,3195.0,300,0.0,0.0
2024-04-17 14:00:00+09:00,3205.0,3225.0,3180.0,3180.0,1500,0.0,0.0
2024-04-18 09:00:00+09:00,3170.0,3200.0,3170.0,3190.0,900,0.0,0.0
2024-04-18 10:00:00+09:00,3180.0,3195.0,3180.0,3195.0,200,0.0,0.0
2024-04-18 11:00:00+09:00,3190.0,3200.0,3190.0,3200.0,0,0.0,0.0
2024-04-18 12:00:00+09:00,3210.0,3210.0,3210.0,3210.0,2100,0.0,0.0
2024-04-18 13:00:00+09:00,3230.0,3230.0,3215.0,3215.0,200,0.0,0.0
2024-04-18 14:00:00+09:00,3205.0,3210.0,3180.0,3210.0,2600,0.0,0.0
2024-04-19 09:00:00+09:00,3185.0,3235.0,3175.0,3175.0,600,0.0,0.0
2024-04-19 10:00:00+09:00,3175.0,3175.0,3095.0,3095.0,1700,0.0,0.0
2024-04-19 11:00:00+09:00,3100.0,3115.0,3075.0,3075.0,0,0.0,0.0
2024-04-19 12:00:00+09:00,3080.0,3080.0,3080.0,3080.0,3400,0.0,0.0
2024-04-19 13:00:00+09:00,3115.0,3125.0,3105.0,3120.0,1400,0.0,0.0
2024-04-19 14:00:00+09:00,3120.0,3145.0,3115.0,3130.0,1700,0.0,0.0
2024-04-22 09:00:00+09:00,3130.0,3180.0,3130.0,3145.0,2100,0.0,0.0
2024-04-22 10:00:00+09:00,3140.0,3155.0,3140.0,3155.0,300,0.0,0.0
2024-04-22 11:00:00+09:00,3150.0,3155.0,3140.0,3145.0,0,0.0,0.0
2024-04-22 12:00:00+09:00,3155.0,3190.0,3155.0,3190.0,3700,0.0,0.0
2024-04-22 13:00:00+09:00,3185.0,3185.0,3175.0,3175.0,300,0.0,0.0
2024-04-22 14:00:00+09:00,3160.0,3185.0,3160.0,3165.0,400,0.0,0.0
2024-04-23 09:00:00+09:00,3205.0,3205.0,3180.0,3180.0,300,0.0,0.0
2024-04-23 10:00:00+09:00,3195.0,3195.0,3195.0,3195.0,200,0.0,0.0
2024-04-23 11:00:00+09:00,3195.0,3195.0,3195.0,3195.0,0,0.0,0.0
2024-04-23 12:00:00+09:00,3180.0,3180.0,3180.0,3180.0,1000,0.0,0.0
2024-04-24 09:00:00+09:00,3200.0,3205.0,3180.0,3205.0,1000,0.0,0.0
2024-04-24 11:00:00+09:00,3205.0,3210.0,3195.0,3210.0,0,0.0,0.0
2024-04-24 12:00:00+09:00,3205.0,3210.0,3185.0,3190.0,2500,0.0,0.0
2024-04-24 13:00:00+09:00,3190.0,3190.0,3175.0,3175.0,500,0.0,0.0
2024-04-24 14:00:00+09:00,3205.0,3210.0,3185.0,3200.0,1500,0.0,0.0
2024-04-25 09:00:00+09:00,3195.0,3205.0,3180.0,3180.0,1800,0.0,0.0
2024-04-25 10:00:00+09:00,3175.0,3175.0,3170.0,3170.0,300,0.0,0.0
2024-04-25 11:00:00+09:00,3170.0,3175.0,3170.0,3175.0,0,0.0,0.0
2024-04-25 12:00:00+09:00,3180.0,3180.0,3165.0,3165.0,2500,0.0,0.0
2024-04-25 13:00:00+09:00,3170.0,3170.0,3135.0,3135.0,0,0.0,0.0
2024-04-25 14:00:00+09:00,3120.0,3140.0,3120.0,3120.0,5200,0.0,0.0
2024-04-26 09:00:00+09:00,3100.0,3100.0,3075.0,3090.0,1400,0.0,0.0
2024-04-26 10:00:00+09:00,3095.0,3100.0,3060.0,3080.0,3000,0.0,0.0
2024-04-26 11:00:00+09:00,3080.0,3080.0,3080.0,3080.0,0,0.0,0.0
2024-04-26 12:00:00+09:00,3100.0,3110.0,3075.0,3110.0,5100,0.0,0.0
2024-04-26 13:00:00+09:00,3115.0,3140.0,3115.0,3130.0,1000,0.0,0.0
2024-04-26 14:00:00+09:00,3130.0,3160.0,3130.0,3140.0,900,0.0,0.0
2024-04-30 09:00:00+09:00,3165.0,3165.0,3165.0,3165.0,0,0.0,0.0
2024-04-30 10:00:00+09:00,3175.0,3175.0,3165.0,3165.0,1500,0.0,0.0
2024-04-30 11:00:00+09:00,3165.0,3175.0,3165.0,3175.0,0,0.0,0.0
2024-04-30 12:00:00+09:00,3180.0,3180.0,3180.0,3180.0,2100,0.0,0.0
2024-04-30 13:00:00+09:00,3190.0,3190.0,3190.0,3190.0,400,0.0,0.0
2024-04-30 14:00:00+09:00,3180.0,3215.0,3180.0,3215.0,800,0.0,0.0
2024-05-01 09:00:00+09:00,3160.0,3160.0,3145.0,3145.0,800,0.0,0.0
2024-05-01 10:00:00+09:00,3150.0,3160.0,3145.0,3145.0,1200,0.0,0.0
2024-05-01 11:00:00+09:00,3145.0,3145.0,3140.0,3140.0,0,0.0,0.0
2024-05-01 14:00:00+09:00,3160.0,3160.0,3115.0,3135.0,5700,0.0,0.0
2024-05-02 09:00:00+09:00,3135.0,3160.0,3135.0,3135.0,1700,0.0,0.0
2024-05-02 10:00:00+09:00,3130.0,3130.0,3120.0,3120.0,600,0.0,0.0
2024-05-02 11:00:00+09:00,3135.0,3135.0,3135.0,3135.0,0,0.0,0.0
2024-05-02 13:00:00+09:00,3140.0,3140.0,3135.0,3135.0,2700,0.0,0.0
2024-05-02 14:00:00+09:00,3145.0,3150.0,3135.0,3135.0,600,0.0,0.0
2024-05-07 09:00:00+09:00,3140.0,3170.0,3140.0,3165.0,1600,0.0,0.0
2024-05-07 10:00:00+09:00,3175.0,3190.0,3175.0,3190.0,300,0.0,0.0
2024-05-07 11:00:00+09:00,3180.0,3195.0,3175.0,3190.0,0,0.0,0.0
2024-05-07 12:00:00+09:00,3180.0,3215.0,3180.0,3215.0,3600,0.0,0.0
2024-05-07 13:00:00+09:00,3215.0,3220.0,3195.0,3220.0,400,0.0,0.0
2024-05-07 14:00:00+09:00,3225.0,3245.0,3225.0,3240.0,900,0.0,0.0
2024-05-08 09:00:00+09:00,3205.0,3205.0,3205.0,3205.0,200,0.0,0.0
2024-05-08 10:00:00+09:00,3230.0,3245.0,3225.0,3245.0,1200,0.0,0.0
2024-05-08 11:00:00+09:00,3245.0,3245.0,3245.0,3245.0,0,0.0,0.0
2024-05-08 12:00:00+09:00,3220.0,3225.0,3205.0,3205.0,3200,0.0,0.0
2024-05-08 13:00:00+09:00,3200.0,3200.0,3185.0,3200.0,1800,0.0,0.0
2024-05-08 14:00:00+09:00,3195.0,3195.0,3165.0,3165.0,500,0.0,0.0
2024-05-09 09:00:00+09:00,3165.0,3185.0,3165.0,3185.0,200,0.0,0.0
2024-05-09 10:00:00+09:00,3190.0,3195.0,3190.0,3195.0,300,0.0,0.0
2024-05-09 11:00:00+09:00,3195.0,3195.0,3195.0,3195.0,0,0.0,0.0
2024-05-09 12:00:00+09:00,3215.0,3215.0,3215.0,3215.0,800,0.0,0.0
2024-05-09 13:00:00+09:00,3215.0,3215.0,3205.0,3215.0,800,0.0,0.0
2024-05-09 14:00:00+09:00,3215.0,3240.0,3215.0,3215.0,1200,0.0,0.0
2024-05-10 09:00:00+09:00,3235.0,3235.0,3185.0,3185.0,5400,0.0,0.0
2024-05-10 10:00:00+09:00,3170.0,3170.0,3150.0,3150.0,600,0.0,0.0
2024-05-10 11:00:00+09:00,3150.0,3150.0,3150.0,3150.0,0,0.0,0.0
2024-05-10 12:00:00+09:00,3150.0,3150.0,3120.0,3120.0,7600,0.0,0.0
2024-05-10 13:00:00+09:00,3145.0,3145.0,3135.0,3140.0,1500,0.0,0.0
2024-05-10 14:00:00+09:00,3135.0,3135.0,3130.0,3130.0,600,0.0,0.0
2024-05-13 09:00:00+09:00,3130.0,3135.0,3125.0,3135.0,2100,0.0,0.0
2024-05-13 11:00:00+09:00,3175.0,3175.0,3175.0,3175.0,0,0.0,0.0
2024-05-13 12:00:00+09:00,3180.0,3195.0,3180.0,3185.0,3700,0.0,0.0
2024-05-13 13:00:00+09:00,3185.0,3185.0,3175.0,3185.0,1200,0.0,0.0
2024-05-13 14:00:00+09:00,3185.0,3215.0,3185.0,3185.0,1700,0.0,0.0
2024-05-14 09:00:00+09:00,3190.0,3190.0,3110.0,3120.0,2600,0.0,0.0
2024-05-14 10:00:00+09:00,3110.0,3115.0,3085.0,3090.0,1500,0.0,0.0
2024-05-14 11:00:00+09:00,3105.0,3105.0,3105.0,3105.0,0,0.0,0.0
2024-05-14 12:00:00+09:00,3105.0,3105.0,3050.0,3060.0,7100,0.0,0.0
2024-05-14 13:00:00+09:00,3050.0,3080.0,3020.0,3080.0,1500,0.0,0.0
2024-05-14 14:00:00+09:00,3045.0,3060.0,3035.0,3060.0,1400,0.0,0.0
2024-05-15 09:00:00+09:00,3075.0,3075.0,2985.0,2990.0,6300,0.0,0.0
2024-05-15 10:00:00+09:00,2990.0,2995.0,2975.0,2975.0,1900,0.0,0.0
2024-05-15 11:00:00+09:00,2975.0,2975.0,2951.0,2951.0,0,0.0,0.0
2024-05-15 12:00:00+09:00,2951.0,2969.0,2951.0,2969.0,13000,0.0,0.0
2024-05-15 13:00:00+09:00,2970.0,2970.0,2954.0,2957.0,1300,0.0,0.0
2024-05-15 14:00:00+09:00,2951.0,2951.0,2927.0,2927.0,2500,0.0,0.0
2024-05-16 09:00:00+09:00,2950.0,2951.0,2848.0,2849.0,8300,0.0,0.0
2024-05-16 10:00:00+09:00,2850.0,2850.0,2825.0,2831.0,1800,0.0,0.0
2024-05-16 11:00:00+09:00,2827.0,2835.0,2818.0,2818.0,0,0.0,0.0
2024-05-16 12:00:00+09:00,2822.0,2854.0,2822.0,2854.0,12600,0.0,0.0
2024-05-16 13:00:00+09:00,2855.0,2855.0,2840.0,2843.0,1200,0.0,0.0
2024-05-16 14:00:00+09:00,2849.0,2849.0,2833.0,2833.0,2400,0.0,0.0
2024-05-17 09:00:00+09:00,2801.0,2801.0,2772.0,2799.0,3500,0.0,0.0
2024-05-17 10:00:00+09:00,2791.0,2791.0,2790.0,2790.0,300,0.0,0.0
2024-05-17 11:00:00+09:00,2788.0,2797.0,2788.0,2793.0,0,0.0,0.0
2024-05-17 12:00:00+09:00,2801.0,2818.0,2800.0,2818.0,6400,0.0,0.0
2024-05-17 13:00:00+09:00,2823.0,2823.0,2818.0,2818.0,700,0.0,0.0
2024-05-17 14:00:00+09:00,2802.0,2808.0,2801.0,2803.0,1000,0.0,0.0
2024-05-20 09:00:00+09:00,2802.0,2845.0,2790.0,2833.0,5500,0.0,0.0
2024-05-20 10:00:00+09:00,2833.0,2859.0,2833.0,2848.0,1600,0.0,0.0
2024-05-20 11:00:00+09:00,2837.0,2856.0,2837.0,2856.0,0,0.0,0.0
2024-05-20 12:00:00+09:00,2842.0,2844.0,2838.0,2842.0,9700,0.0,0.0
2024-05-20 13:00:00+09:00,2853.0,2859.0,2845.0,2857.0,1400,0.0,0.0
2024-05-20 14:00:00+09:00,2846.0,2846.0,2825.0,2829.0,1900,0.0,0.0
2024-05-21 09:00:00+09:00,2825.0,2840.0,2820.0,2820.0,2300,0.0,0.0
2024-05-21 10:00:00+09:00,2825.0,2825.0,2801.0,2803.0,900,0.0,0.0
2024-05-21 11:00:00+09:00,2802.0,2816.0,2801.0,2816.0,0,0.0,0.0
2024-05-21 12:00:00+09:00,2816.0,2816.0,2810.0,2810.0,4500,0.0,0.0
2024-05-21 13:00:00+09:00,2817.0,2817.0,2798.0,2798.0,1400,0.0,0.0
2024-05-21 14:00:00+09:00,2796.0,2797.0,2780.0,2782.0,3100,0.0,0.0
2024-05-22 09:00:00+09:00,2789.0,2828.0,2768.0,2828.0,6300,0.0,0.0
2024-05-22 10:00:00+09:00,2828.0,2828.0,2795.0,2804.0,1000,0.0,0.0
2024-05-22 11:00:00+09:00,2802.0,2802.0,2777.0,2787.0,0,0.0,0.0
2024-05-22 12:00:00+09:00,2787.0,2795.0,2787.0,2787.0,9600,0.0,0.0
2024-05-22 13:00:00+09:00,2783.0,2789.0,2778.0,2778.0,2100,0.0,0.0
2024-05-22 14:00:00+09:00,2778.0,2790.0,2770.0,2784.0,1400,0.0,0.0
2024-05-23 09:00:00+09:00,2787.0,2808.0,2782.0,2794.0,2800,0.0,0.0
2024-05-23 10:00:00+09:00,2793.0,2811.0,2793.0,2802.0,1600,0.0,0.0
2024-05-23 11:00:00+09:00,2792.0,2792.0,2792.0,2792.0,0,0.0,0.0
2024-05-23 12:00:00+09:00,2784.0,2785.0,2774.0,2774.0,5700,0.0,0.0
2024-05-23 13:00:00+09:00,2781.0,2782.0,2774.0,2774.0,1200,0.0,0.0
2024-05-23 14:00:00+09:00,2772.0,2782.0,2769.0,2778.0,1900,0.0,0.0
2024-05-24 09:00:00+09:00,2773.0,2790.0,2751.0,2775.0,3500,0.0,0.0
2024-05-24 10:00:00+09:00,2769.0,2774.0,2757.0,2763.0,800,0.0,0.0
2024-05-24 11:00:00+09:00,2766.0,2766.0,2762.0,2763.0,0,0.0,0.0
2024-05-24 12:00:00+09:00,2763.0,2779.0,2763.0,2779.0,6200,0.0,0.0
2024-05-24 13:00:00+09:00,2776.0,2779.0,2776.0,2779.0,400,0.0,0.0
2024-05-24 14:00:00+09:00,2775.0,2790.0,2771.0,2790.0,1900,0.0,0.0
2024-05-27 09:00:00+09:00,2780.0,2780.0,2753.0,2762.0,3000,0.0,0.0
2024-05-27 10:00:00+09:00,2755.0,2765.0,2754.0,2754.0,600,0.0,0.0
2024-05-27 11:00:00+09:00,2754.0,2755.0,2754.0,2755.0,0,0.0,0.0
2024-05-27 12:00:00+09:00,2754.0,2754.0,2745.0,2745.0,5500,0.0,0.0
2024-05-27 13:00:00+09:00,2745.0,2753.0,2745.0,2752.0,1100,0.0,0.0
2024-05-27 14:00:00+09:00,2755.0,2759.0,2748.0,2756.0,1400,0.0,0.0
2024-05-28 09:00:00+09:00,2753.0,2762.0,2745.0,2747.0,1900,0.0,0.0
2024-05-28 10:00:00+09:00,2747.0,2761.0,2747.0,2755.0,600,0.0,0.0
2024-05-28 11:00:00+09:00,2750.0,2750.0,2745.0,2745.0,0,0.0,0.0
2024-05-28 12:00:00+09:00,2746.0,2746.0,2736.0,2736.0,4900,0.0,0.0
2024-05-28 13:00:00+09:00,2736.0,2745.0,2736.0,2742.0,1600,0.0,0.0
2024-05-28 14:00:00+09:00,2741.0,2741.0,2731.0,2731.0,2700,0.0,0.0
2024-05-29 09:00:00+09:00,2740.0,2742.0,2729.0,2734.0,0,0.0,0.0
2024-05-29 10:00:00+09:00,2735.0,2741.0,2731.0,2738.0,4300,0.0,0.0
2024-05-29 11:00:00+09:00,2731.0,2734.0,2727.0,2731.0,0,0.0,0.0
2024-05-29 12:00:00+09:00,2731.0,2739.0,2731.0,2732.0,7300,0.0,0.0
2024-05-29 13:00:00+09:00,2731.0,2731.0,2724.0,2724.0,2000,0.0,0.0
2024-05-29 14:00:00+09:00,2721.0,2721.0,2711.0,2720.0,1400,0.0,0.0
2024-05-30 09:00:00+09:00,2709.0,2709.0,2685.0,2707.0,3400,0.0,0.0
2024-05-30 10:00:00+09:00,2696.0,2720.0,2695.0,2720.0,2100,0.0,0.0
2024-05-30 11:00:00+09:00,2719.0,2719.0,2717.0,2718.0,0,0.0,0.0
2024-05-30 12:00:00+09:00,2715.0,2738.0,2715.0,2738.0,7700,0.0,0.0
2024-05-30 13:00:00+09:00,2732.0,2737.0,2732.0,2733.0,900,0.0,0.0
2024-05-30 14:00:00+09:00,2731.0,2755.0,2730.0,2754.0,1500,0.0,0.0
2024-05-31 09:00:00+09:00,2748.0,2788.0,2748.0,2762.0,600,0.0,0.0
2024-05-31 10:00:00+09:00,2761.0,2779.0,2761.0,2767.0,600,0.0,0.0
2024-05-31 11:00:00+09:00,2777.0,2777.0,2771.0,2771.0,0,0.0,0.0
2024-05-31 12:00:00+09:00,2769.0,2801.0,2769.0,2783.0,5700,0.0,0.0
2024-05-31 13:00:00+09:00,2783.0,2810.0,2771.0,2810.0,1800,0.0,0.0
2024-05-31 14:00:00+09:00,2802.0,2823.0,2802.0,2823.0,1300,0.0,0.0
2024-06-03 09:00:00+09:00,2828.0,2857.0,2811.0,2828.0,3000,0.0,0.0
2024-06-03 10:00:00+09:00,2823.0,2828.0,2803.0,2822.0,3200,0.0,0.0
2024-06-03 11:00:00+09:00,2834.0,2841.0,2834.0,2841.0,0,0.0,0.0
2024-06-03 12:00:00+09:00,2831.0,2831.0,2828.0,2828.0,6600,0.0,0.0
2024-06-03 13:00:00+09:00,2844.0,2848.0,2836.0,2836.0,500,0.0,0.0
2024-06-03 14:00:00+09:00,2835.0,2852.0,2830.0,2830.0,2300,0.0,0.0
2024-06-04 09:00:00+09:00,2845.0,2862.0,2812.0,2862.0,6300,0.0,0.0
2024-06-04 10:00:00+09:00,2855.0,2878.0,2855.0,2878.0,1000,0.0,0.0
2024-06-04 11:00:00+09:00,2869.0,2873.0,2841.0,2843.0,0,0.0,0.0
2024-06-04 12:00:00+09:00,2853.0,2862.0,2844.0,2862.0,10100,0.0,0.0
2024-06-04 13:00:00+09:00,2859.0,2878.0,2859.0,2877.0,800,0.0,0.0
2024-06-04 14:00:00+09:00,2874.0,2878.0,2855.0,2878.0,1700,0.0,0.0
2024-06-05 09:00:00+09:00,2843.0,2870.0,2842.0,2870.0,2500,0.0,0.0
2024-06-05 10:00:00+09:00,2870.0,2873.0,2870.0,2870.0,900,0.0,0.0
2024-06-05 11:00:00+09:00,2866.0,2866.0,2866.0,2866.0,0,0.0,0.0
2024-06-05 12:00:00+09:00,2848.0,2870.0,2848.0,2870.0,4100,0.0,0.0
2024-06-05 13:00:00+09:00,2860.0,2875.0,2860.0,2875.0,300,0.0,0.0
2024-06-05 14:00:00+09:00,2861.0,2861.0,2831.0,2842.0,1400,0.0,0.0
2024-06-06 09:00:00+09:00,2883.0,2883.0,2851.0,2851.0,1700,0.0,0.0
2024-06-06 10:00:00+09:00,2842.0,2866.0,2841.0,2859.0,1700,0.0,0.0
2024-06-06 11:00:00+09:00,2876.0,2880.0,2821.0,2821.0,0,0.0,0.0
2024-06-06 12:00:00+09:00,2821.0,2834.0,2821.0,2834.0,8000,0.0,0.0
2024-06-06 13:00:00+09:00,2834.0,2834.0,2814.0,2814.0,0,0.0,0.0
2024-06-06 14:00:00+09:00,2811.0,2843.0,2811.0,2817.0,11700,0.0,0.0
2024-06-07 09:00:00+09:00,2856.0,2929.0,2856.0,2915.0,5100,0.0,0.0
2024-06-07 10:00:00+09:00,2914.0,2977.0,2914.0,2955.0,4500,0.0,0.0
2024-06-07 11:00:00+09:00,2963.0,2967.0,2954.0,2967.0,0,0.0,0.0
2024-06-07 12:00:00+09:00,2971.0,2971.0,2955.0,2955.0,12000,0.0,0.0
2024-06-07 13:00:00+09:00,2959.0,3020.0,2959.0,2996.0,3800,0.0,0.0
2024-06-07 14:00:00+09:00,2990.0,3025.0,2973.0,3025.0,4700,0.0,0.0
2024-06-10 09:00:00+09:00,3080.0,3080.0,2940.0,2945.0,7400,0.0,0.0
2024-06-10 10:00:00+09:00,2953.0,2953.0,2910.0,2910.0,2400,0.0,0.0
2024-06-10 11:00:00+09:00,2910.0,2957.0,2910.0,2957.0,0,0.0,0.0
2024-06-10 12:00:00+09:00,2937.0,2937.0,2934.0,2934.0,13800,0.0,0.0
2024-06-10 13:00:00+09:00,2941.0,2953.0,2935.0,2953.0,2000,0.0,0.0
2024-06-10 14:00:00+09:00,2959.0,2959.0,2930.0,2942.0,3800,0.0,0.0
2024-06-11 09:00:00+09:00,2976.0,2987.0,2923.0,2923.0,3700,0.0,0.0
2024-06-11 10:00:00+09:00,2922.0,2980.0,2922.0,2963.0,4000,0.0,0.0
2024-06-11 11:00:00+09:00,2975.0,2977.0,2975.0,2977.0,0,0.0,0.0
2024-06-11 12:00:00+09:00,2981.0,3010.0,2981.0,3010.0,10100,0.0,0.0
2024-06-11 13:00:00+09:00,3010.0,3015.0,2994.0,3005.0,700,0.0,0.0
2024-06-11 14:00:00+09:00,3005.0,3025.0,2983.0,3005.0,4000,0.0,0.0
2024-06-12 09:00:00+09:00,3085.0,3135.0,3040.0,3065.0,16500,0.0,0.0
2024-06-12 10:00:00+09:00,3065.0,3070.0,3015.0,3030.0,2400,0.0,0.0
2024-06-12 11:00:00+09:00,3015.0,3015.0,2995.0,2995.0,0,0.0,0.0
2024-06-12 12:00:00+09:00,2989.0,3005.0,2988.0,3000.0,20700,0.0,0.0
2024-06-12 13:00:00+09:00,3010.0,3020.0,3010.0,3010.0,500,0.0,0.0
2024-06-12 14:00:00+09:00,3005.0,3015.0,2997.0,2997.0,2000,0.0,0.0
2024-06-13 09:00:00+09:00,2997.0,2998.0,2972.0,2985.0,3700,0.0,0.0
2024-06-13 10:00:00+09:00,2993.0,3020.0,2993.0,3020.0,3000,0.0,0.0
2024-06-13 11:00:00+09:00,3025.0,3060.0,3025.0,3060.0,0,0.0,0.0
2024-06-13 12:00:00+09:00,3065.0,3070.0,3060.0,3070.0,9600,0.0,0.0
2024-06-13 13:00:00+09:00,3070.0,3070.0,3040.0,3045.0,1600,0.0,0.0
2024-06-13 14:00:00+09:00,3030.0,3030.0,3015.0,3020.0,1100,0.0,0.0
2024-06-14 09:00:00+09:00,3020.0,3085.0,3020.0,3065.0,8200,0.0,0.0
2024-06-14 10:00:00+09:00,3080.0,3085.0,3060.0,3080.0,3500,0.0,0.0
2024-06-14 11:00:00+09:00,3075.0,3075.0,3065.0,3070.0,0,0.0,0.0
2024-06-14 12:00:00+09:00,3060.0,3100.0,3060.0,3080.0,14200,0.0,0.0
2024-06-14 13:00:00+09:00,3075.0,3090.0,3075.0,3080.0,2600,0.0,0.0
2024-06-14 14:00:00+09:00,3085.0,3090.0,3060.0,3060.0,3000,0.0,0.0
2024-06-17 09:00:00+09:00,3055.0,3055.0,3000.0,3000.0,4100,0.0,0.0
2024-06-17 10:00:00+09:00,3000.0,3005.0,2985.0,3005.0,2200,0.0,0.0
2024-06-17 11:00:00+09:00,3015.0,3015.0,3015.0,3015.0,0,0.0,0.0
2024-06-17 12:00:00+09:00,3010.0,3035.0,3010.0,3010.0,8400,0.0,0.0
2024-06-17 13:00:00+09:00,3010.0,3025.0,3000.0,3000.0,2100,0.0,0.0
2024-06-17 14:00:00+09:00,3005.0,3020.0,3000.0,3005.0,1900,0.0,0.0
2024-06-18 09:00:00+09:00,3015.0,3080.0,3015.0,3055.0,0,0.0,0.0
2024-06-18 10:00:00+09:00,3055.0,3080.0,3055.0,3065.0,10200,0.0,0.0
2024-06-18 11:00:00+09:00,3070.0,3090.0,3070.0,3090.0,0,0.0,0.0
2024-06-18 12:00:00+09:00,3090.0,3095.0,3075.0,3095.0,13800,0.0,0.0
2024-06-18 13:00:00+09:00,3090.0,3100.0,3085.0,3100.0,3300,0.0,0.0
2024-06-18 14:00:00+09:00,3105.0,3120.0,3095.0,3105.0,4500,0.0,0.0
2024-06-19 09:00:00+09:00,3130.0,3135.0,3100.0,3115.0,0,0.0,0.0
2024-06-19 10:00:00+09:00,3110.0,3115.0,3095.0,3095.0,23000,0.0,0.0
2024-06-19 11:00:00+09:00,3100.0,3100.0,3090.0,3100.0,0,0.0,0.0
2024-06-19 12:00:00+09:00,3105.0,3105.0,3060.0,3070.0,25600,0.0,0.0
2024-06-19 13:00:00+09:00,3065.0,3075.0,3060.0,3075.0,1400,0.0,0.0
2024-06-19 14:00:00+09:00,3075.0,3085.0,3065.0,3080.0,3600,0.0,0.0
2024-06-20 09:00:00+09:00,3060.0,3085.0,3050.0,3050.0,2200,0.0,0.0
2024-06-20 10:00:00+09:00,3050.0,3130.0,3045.0,3065.0,12100,0.0,0.0
2024-06-20 11:00:00+09:00,3060.0,3070.0,3060.0,3070.0,0,0.0,0.0
2024-06-20 12:00:00+09:00,3070.0,3075.0,3065.0,3075.0,15800,0.0,0.0
2024-06-20 13:00:00+09:00,3095.0,3115.0,3095.0,3115.0,600,0.0,0.0
2024-06-20 14:00:00+09:00,3125.0,3130.0,3075.0,3095.0,3400,0.0,0.0
2024-06-21 09:00:00+09:00,3100.0,3150.0,3100.0,3115.0,2400,0.0,0.0
2024-06-21 10:00:00+09:00,3105.0,3115.0,3095.0,3095.0,1100,0.0,0.0
2024-06-21 11:00:00+09:00,3090.0,3090.0,3090.0,3090.0,0,0.0,0.0
2024-06-21 12:00:00+09:00,3090.0,3090.0,3090.0,3090.0,4500,0.0,0.0
2024-06-21 13:00:00+09:00,3080.0,3105.0,3080.0,3090.0,2700,0.0,0.0
2024-06-21 14:00:00+09:00,3095.0,3095.0,2955.0,2955.0,7100,0.0,0.0
2024-06-24 09:00:00+09:00,2946.0,2957.0,2861.0,2951.0,14400,0.0,0.0
2024-06-24 10:00:00+09:00,2960.0,2960.0,2925.0,2946.0,2500,0.0,0.0
2024-06-24 11:00:00+09:00,2959.0,2981.0,2958.0,2974.0,0,0.0,0.0
2024-06-24 12:00:00+09:00,2974.0,2999.0,2961.0,2972.0,21900,0.0,0.0
2024-06-24 13:00:00+09:00,2984.0,3015.0,2982.0,2998.0,3700,0.0,0.0
2024-06-24 14:00:00+09:00,3015.0,3040.0,2994.0,3025.0,7600,0.0,0.0
2024-06-25 09:00:00+09:00,3055.0,3100.0,3040.0,3095.0,6800,0.0,0.0
2024-06-25 10:00:00+09:00,3095.0,3105.0,3090.0,3100.0,2100,0.0,0.0
2024-06-25 11:00:00+09:00,3100.0,3105.0,3095.0,3095.0,0,0.0,0.0
2024-06-25 12:00:00+09:00,3110.0,3110.0,3085.0,3085.0,10500,0.0,0.0
2024-06-25 13:00:00+09:00,3105.0,3120.0,3100.0,3120.0,1700,0.0,0.0
2024-06-25 14:00:00+09:00,3115.0,3140.0,3115.0,3135.0,4900,0.0,0.0
2024-06-26 09:00:00+09:00,3215.0,3240.0,3160.0,3175.0,33700,0.0,0.0
2024-06-26 10:00:00+09:00,3170.0,3190.0,3155.0,3180.0,3100,0.0,0.0
2024-06-26 11:00:00+09:00,3175.0,3215.0,3170.0,3210.0,0,0.0,0.0
2024-06-26 12:00:00+09:00,3205.0,3210.0,3190.0,3190.0,41800,0.0,0.0
2024-06-26 13:00:00+09:00,3190.0,3210.0,3190.0,3195.0,3300,0.0,0.0
2024-06-26 14:00:00+09:00,3190.0,3230.0,3190.0,3230.0,2300,0.0,0.0
2024-06-27 09:00:00+09:00,3185.0,3220.0,3170.0,3170.0,0,0.0,0.0
2024-06-27 10:00:00+09:00,3180.0,3190.0,3165.0,3165.0,3400,0.0,0.0
2024-06-27 11:00:00+09:00,3160.0,3195.0,3160.0,3185.0,0,0.0,0.0
2024-06-27 12:00:00+09:00,3170.0,3170.0,3160.0,3170.0,4800,0.0,0.0
2024-06-27 13:00:00+09:00,3155.0,3180.0,3155.0,3180.0,700,0.0,0.0
2024-06-27 14:00:00+09:00,3160.0,3160.0,3105.0,3130.0,2800,0.0,0.0
2024-06-28 09:00:00+09:00,3130.0,3130.0,3080.0,3100.0,3500,0.0,0.0
2024-06-28 10:00:00+09:00,3105.0,3110.0,3100.0,3105.0,1000,0.0,0.0
2024-06-28 11:00:00+09:00,3100.0,3105.0,3085.0,3085.0,0,0.0,0.0
2024-06-28 12:00:00+09:00,3070.0,3080.0,3040.0,3045.0,8700,0.0,0.0
2024-06-28 13:00:00+09:00,3040.0,3045.0,3025.0,3030.0,3000,0.0,0.0
2024-06-28 14:00:00+09:00,3025.0,3035.0,3010.0,3025.0,3300,0.0,0.0
2024-07-01 09:00:00+09:00,3030.0,3080.0,3030.0,3045.0,3500,0.0,0.0
2024-07-01 10:00:00+09:00,3035.0,3055.0,3025.0,3035.0,4700,0.0,0.0
2024-07-01 11:00:00+09:00,3030.0,3030.0,3030.0,3030.0,0,0.0,0.0
2024-07-01 12:00:00+09:00,3030.0,3045.0,3030.0,3035.0,9100,0.0,0.0
2024-07-01 13:00:00+09:00,3040.0,3055.0,3040.0,3040.0,1400,0.0,0.0
2024-07-01 14:00:00+09:00,3035.0,3060.0,3025.0,3050.0,1700,0.0,0.0
2024-07-02 09:00:00+09:00,3090.0,3090.0,3000.0,3010.0,4500,0.0,0.0
2024-07-02 10:00:00+09:00,3015.0,3020.0,3000.0,3020.0,0,0.0,0.0
2024-07-02 11:00:00+09:00,3015.0,3015.0,3005.0,3005.0,0,0.0,0.0
2024-07-02 12:00:00+09:00,3000.0,3005.0,2995.0,3005.0,9800,0.0,0.0
2024-07-02 13:00:00+09:00,3005.0,3010.0,2996.0,3000.0,2400,0.0,0.0
2024-07-02 14:00:00+09:00,2996.0,3015.0,2992.0,3005.0,4000,0.0,0.0
2024-07-03 09:00:00+09:00,3005.0,3080.0,3005.0,3080.0,3800,0.0,0.0
2024-07-03 10:00:00+09:00,3080.0,3080.0,3070.0,3070.0,200,0.0,0.0
2024-07-03 11:00:00+09:00,3075.0,3075.0,3065.0,3070.0,0,0.0,0.0
2024-07-03 12:00:00+09:00,3050.0,3070.0,3050.0,3065.0,5900,0.0,0.0
2024-07-03 13:00:00+09:00,3060.0,3060.0,3055.0,3055.0,300,0.0,0.0
2024-07-03 14:00:00+09:00,3060.0,3065.0,3040.0,3045.0,3800,0.0,0.0
2024-07-04 09:00:00+09:00,3050.0,3070.0,3040.0,3060.0,2100,0.0,0.0
2024-07-04 10:00:00+09:00,3060.0,3060.0,3045.0,3050.0,1100,0.0,0.0
2024-07-04 11:00:00+09:00,3055.0,3060.0,3055.0,3060.0,0,0.0,0.0
2024-07-04 12:00:00+09:00,3065.0,3075.0,3055.0,3055.0,4500,0.0,0.0
2024-07-04 13:00:00+09:00,3055.0,3055.0,3040.0,3055.0,1000,0.0,0.0
2024-07-04 14:00:00+09:00,3045.0,3050.0,3040.0,3050.0,1000,0.0,0.0
2024-07-05 09:00:00+09:00,3050.0,3080.0,3040.0,3070.0,2800,0.0,0.0
2024-07-05 10:00:00+09:00,3070.0,3075.0,3060.0,3060.0,1200,0.0,0.0
2024-07-05 11:00:00+09:00,3065.0,3065.0,3065.0,3065.0,0,0.0,0.0
2024-07-05 12:00:00+09:00,3065.0,3065.0,3040.0,3040.0,4900,0.0,0.0
2024-07-05 13:00:00+09:00,3040.0,3040.0,3040.0,3040.0,100,0.0,0.0
2024-07-05 14:00:00+09:00,3030.0,3040.0,3025.0,3035.0,1600,0.0,0.0
2024-07-08 09:00:00+09:00,3025.0,3045.0,3025.0,3035.0,1200,0.0,0.0
2024-07-08 10:00:00+09:00,3040.0,3075.0,3030.0,3070.0,2100,0.0,0.0
2024-07-08 11:00:00+09:00,3065.0,3065.0,3060.0,3060.0,0,0.0,0.0
2024-07-08 12:00:00+09:00,3060.0,3105.0,3060.0,3095.0,7000,0.0,0.0
2024-07-08 13:00:00+09:00,3100.0,3115.0,3095.0,3095.0,2100,0.0,0.0
2024-07-08 14:00:00+09:00,3095.0,3100.0,3075.0,3100.0,3300,0.0,0.0
2024-07-09 09:00:00+09:00,3140.0,3200.0,3140.0,3155.0,5700,0.0,0.0
2024-07-09 10:00:00+09:00,3150.0,3190.0,3140.0,3185.0,3500,0.0,0.0
2024-07-09 11:00:00+09:00,3185.0,3185.0,3185.0,3185.0,0,0.0,0.0
2024-07-09 12:00:00+09:00,3195.0,3195.0,3175.0,3175.0,11000,0.0,0.0
2024-07-09 13:00:00+09:00,3185.0,3200.0,3185.0,3190.0,1000,0.0,0.0
2024-07-09 14:00:00+09:00,3185.0,3190.0,3180.0,3185.0,2100,0.0,0.0
2024-07-10 09:00:00+09:00,3160.0,3160.0,3075.0,3090.0,2200,0.0,0.0
2024-07-10 10:00:00+09:00,3085.0,3085.0,3070.0,3075.0,900,0.0,0.0
2024-07-10 11:00:00+09:00,3070.0,3075.0,3070.0,3075.0,0,0.0,0.0
2024-07-10 12:00:00+09:00,3085.0,3085.0,3065.0,3080.0,5100,0.0,0.0
2024-07-10 13:00:00+09:00,3075.0,3085.0,3060.0,3060.0,1700,0.0,0.0
2024-07-10 14:00:00+09:00,3075.0,3085.0,3075.0,3085.0,500,0.0,0.0
2024-07-11 09:00:00+09:00,3110.0,3145.0,3110.0,3145.0,2400,0.0,0.0
2024-07-11 10:00:00+09:00,3145.0,3145.0,3125.0,3125.0,700,0.0,0.0
2024-07-11 11:00:00+09:00,3135.0,3135.0,3135.0,3135.0,0,0.0,0.0
2024-07-11 12:00:00+09:00,3145.0,3155.0,3140.0,3140.0,4600,0.0,0.0
2024-07-11 13:00:00+09:00,3150.0,3155.0,3140.0,3140.0,1600,0.0,0.0
2024-07-11 14:00:00+09:00,3150.0,3160.0,3145.0,3150.0,2700,0.0,0.0
2024-07-12 09:00:00+09:00,3135.0,3175.0,3130.0,3175.0,8800,0.0,0.0
2024-07-12 10:00:00+09:00,3170.0,3170.0,3150.0,3165.0,1300,0.0,0.0
2024-07-12 11:00:00+09:00,3170.0,3170.0,3145.0,3170.0,0,0.0,0.0
2024-07-12 12:00:00+09:00,3160.0,3165.0,3135.0,3145.0,12500,0.0,0.0
2024-07-12 13:00:00+09:00,3140.0,3160.0,3140.0,3160.0,1500,0.0,0.0
2024-07-12 14:00:00+09:00,3155.0,3155.0,3145.0,3145.0,500,0.0,0.0
2024-07-16 09:00:00+09:00,3150.0,3190.0,3135.0,3135.0,1700,0.0,0.0
2024-07-16 10:00:00+09:00,3130.0,3130.0,3115.0,3115.0,600,0.0,0.0
2024-07-16 11:00:00+09:00,3125.0,3130.0,3120.0,3120.0,0,0.0,0.0
2024-07-16 12:00:00+09:00,3120.0,3130.0,3120.0,3120.0,4300,0.0,0.0
2024-07-16 13:00:00+09:00,3120.0,3120.0,3115.0,3120.0,2500,0.0,0.0
2024-07-16 14:00:00+09:00,3115.0,3120.0,3115.0,3120.0,800,0.0,0.0
2024-07-17 09:00:00+09:00,3115.0,3150.0,3115.0,3140.0,1700,0.0,0.0
2024-07-17 10:00:00+09:00,3125.0,3145.0,3120.0,3145.0,1200,0.0,0.0
2024-07-17 11:00:00+09:00,3140.0,3140.0,3140.0,3140.0,0,0.0,0.0
2024-07-17 12:00:00+09:00,3130.0,3130.0,3125.0,3125.0,3500,0.0,0.0
2024-07-17 13:00:00+09:00,3125.0,3125.0,3120.0,3120.0,900,0.0,0.0
2024-07-17 14:00:00+09:00,3125.0,3130.0,3110.0,3110.0,900,0.0,0.0
2024-07-18 09:00:00+09:00,3090.0,3100.0,3075.0,3085.0,800,0.0,0.0
2024-07-18 10:00:00+09:00,3095.0,3125.0,3095.0,3125.0,1200,0.0,0.0
2024-07-18 11:00:00+09:00,3115.0,3115.0,3115.0,3115.0,0,0.0,0.0
2024-07-18 12:00:00+09:00,3110.0,3115.0,3110.0,3115.0,2800,0.0,0.0
2024-07-18 14:00:00+09:00,3100.0,3100.0,3100.0,3100.0,100,0.0,0.0
2024-07-19 09:00:00+09:00,3050.0,3060.0,3050.0,3060.0,700,0.0,0.0
2024-07-19 10:00:00+09:00,3070.0,3070.0,3070.0,3070.0,200,0.0,0.0
2024-07-19 11:00:00+09:00,3060.0,3065.0,3050.0,3050.0,0,0.0,0.0
2024-07-19 12:00:00+09:00,3040.0,3040.0,3035.0,3035.0,1800,0.0,0.0
2024-07-19 13:00:00+09:00,3035.0,3035.0,3030.0,3030.0,0,0.0,0.0
2024-07-19 14:00:00+09:00,3030.0,3040.0,3030.0,3040.0,2300,0.0,0.0
2024-07-22 09:00:00+09:00,3005.0,3005.0,2950.0,2962.0,3000,0.0,0.0
2024-07-22 10:00:00+09:00,2955.0,2971.0,2955.0,2960.0,1600,0.0,0.0
2024-07-22 11:00:00+09:00,2959.0,2960.0,2959.0,2960.0,0,0.0,0.0
2024-07-22 12:00:00+09:00,2947.0,2947.0,2941.0,2941.0,5300,0.0,0.0
2024-07-22 13:00:00+09:00,2940.0,2949.0,2930.0,2949.0,1400,0.0,0.0
2024-07-22 14:00:00+09:00,2944.0,2954.0,2940.0,2951.0,1300,0.0,0.0
2024-07-23 09:00:00+09:00,2936.0,2963.0,2936.0,2950.0,1800,0.0,0.0
2024-07-23 10:00:00+09:00,2965.0,2965.0,2965.0,2965.0,100,0.0,0.0
2024-07-23 11:00:00+09:00,2976.0,2976.0,2976.0,2976.0,0,0.0,0.0
2024-07-23 12:00:00+09:00,2984.0,2987.0,2970.0,2970.0,2800,0.0,0.0
2024-07-23 13:00:00+09:00,2971.0,2973.0,2971.0,2973.0,400,0.0,0.0
2024-07-23 14:00:00+09:00,2990.0,2996.0,2990.0,2996.0,300,0.0,0.0
2024-07-24 09:00:00+09:00,2978.0,3030.0,2978.0,3025.0,1600,0.0,0.0
2024-07-24 10:00:00+09:00,3015.0,3015.0,3010.0,3010.0,0,0.0,0.0
2024-07-24 11:00:00+09:00,3010.0,3010.0,3005.0,3005.0,0,0.0,0.0
2024-07-24 12:00:00+09:00,2990.0,3000.0,2981.0,2981.0,3400,0.0,0.0
2024-07-24 13:00:00+09:00,2980.0,2980.0,2961.0,2961.0,900,0.0,0.0
2024-07-24 14:00:00+09:00,2965.0,2969.0,2949.0,2949.0,3500,0.0,0.0
2024-07-25 09:00:00+09:00,2940.0,2982.0,2927.0,2927.0,3500,0.0,0.0
2024-07-25 10:00:00+09:00,2940.0,2958.0,2938.0,2954.0,1700,0.0,0.0
2024-07-25 11:00:00+09:00,2954.0,2967.0,2954.0,2954.0,0,0.0,0.0
2024-07-25 12:00:00+09:00,2952.0,2979.0,2952.0,2979.0,6900,0.0,0.0
2024-07-25 13:00:00+09:00,2965.0,2992.0,2965.0,2976.0,1700,0.0,0.0
2024-07-25 14:00:00+09:00,2976.0,2980.0,2952.0,2974.0,1000,0.0,0.0
2024-07-26 09:00:00+09:00,2957.0,2993.0,2948.0,2993.0,2600,0.0,0.0
2024-07-26 10:00:00+09:00,2999.0,3000.0,2984.0,2991.0,800,0.0,0.0
2024-07-26 11:00:00+09:00,2989.0,3015.0,2989.0,3015.0,0,0.0,0.0
2024-07-26 12:00:00+09:00,3010.0,3015.0,3010.0,3015.0,4700,0.0,0.0
2024-07-26 13:00:00+09:00,3005.0,3015.0,3000.0,3010.0,1400,0.0,0.0
2024-07-26 14:00:00+09:00,2998.0,3005.0,2967.0,2968.0,1800,0.0,0.0
2024-07-29 09:00:00+09:00,3020.0,3020.0,2994.0,2994.0,1000,0.0,0.0
2024-07-29 10:00:00+09:00,2997.0,2997.0,2970.0,2970.0,1200,0.0,0.0
2024-07-29 11:00:00+09:00,2974.0,2974.0,2974.0,2974.0,0,0.0,0.0
2024-07-29 12:00:00+09:00,3015.0,3015.0,2973.0,2973.0,2800,0.0,0.0
2024-07-29 13:00:00+09:00,2973.0,2984.0,2972.0,2984.0,800,0.0,0.0
2024-07-29 14:00:00+09:00,2985.0,2999.0,2981.0,2999.0,800,0.0,0.0
2024-07-30 09:00:00+09:00,2999.0,2999.0,2937.0,2971.0,2300,0.0,0.0
2024-07-30 10:00:00+09:00,2970.0,2970.0,2959.0,2959.0,700,0.0,0.0
2024-07-30 11:00:00+09:00,2961.0,2961.0,2961.0,2961.0,0,0.0,0.0
2024-07-30 12:00:00+09:00,2961.0,2961.0,2961.0,2961.0,0,0.0,0.0
2024-07-30 13:00:00+09:00,2978.0,2978.0,2978.0,2978.0,3300,0.0,0.0
2024-07-30 14:00:00+09:00,2968.0,2992.0,2965.0,2965.0,2100,0.0,0.0
2024-07-31 09:00:00+09:00,2952.0,2964.0,2938.0,2964.0,3100,0.0,0.0
2024-07-31 10:00:00+09:00,2962.0,2962.0,2962.0,2962.0,100,0.0,0.0
2024-07-31 11:00:00+09:00,2951.0,2951.0,2950.0,2951.0,0,0.0,0.0
2024-07-31 12:00:00+09:00,2939.0,2963.0,2939.0,2963.0,5100,0.0,0.0
2024-07-31 13:00:00+09:00,2965.0,2998.0,2965.0,2979.0,2000,0.0,0.0
2024-07-31 14:00:00+09:00,2988.0,3020.0,2986.0,3020.0,1900,0.0,0.0
2024-08-01 09:00:00+09:00,3025.0,3025.0,2944.0,2944.0,3000,0.0,0.0
2024-08-01 10:00:00+09:00,2944.0,2952.0,2915.0,2940.0,3900,0.0,0.0
2024-08-01 11:00:00+09:00,2943.0,2966.0,2943.0,2966.0,0,0.0,0.0
2024-08-01 12:00:00+09:00,2947.0,2947.0,2921.0,2946.0,9800,0.0,0.0
2024-08-01 13:00:00+09:00,2946.0,2946.0,2946.0,2946.0,400,0.0,0.0
2024-08-01 14:00:00+09:00,2945.0,2968.0,2945.0,2963.0,2100,0.0,0.0
2024-08-02 09:00:00+09:00,2900.0,2950.0,2857.0,2857.0,2900,0.0,0.0
2024-08-02 10:00:00+09:00,2880.0,2891.0,2870.0,2891.0,1000,0.0,0.0
2024-08-02 11:00:00+09:00,2884.0,2884.0,2878.0,2884.0,0,0.0,0.0
2024-08-02 12:00:00+09:00,2884.0,2884.0,2870.0,2884.0,5400,0.0,0.0
2024-08-02 13:00:00+09:00,2856.0,2856.0,2835.0,2835.0,600,0.0,0.0
2024-08-02 14:00:00+09:00,2826.0,2826.0,2798.0,2807.0,2000,0.0,0.0
2024-08-05 09:00:00+09:00,2710.0,2710.0,2601.0,2655.0,5700,0.0,0.0
2024-08-05 10:00:00+09:00,2658.0,2672.0,2645.0,2660.0,2500,0.0,0.0
2024-08-05 11:00:00+09:00,2646.0,2673.0,2645.0,2673.0,0,0.0,0.0
2024-08-05 12:00:00+09:00,2652.0,2659.0,2625.0,2625.0,10500,0.0,0.0
2024-08-05 13:00:00+09:00,2616.0,2616.0,2509.0,2516.0,4100,0.0,0.0
2024-08-05 14:00:00+09:00,2520.0,2520.0,2425.0,2425.0,3700,0.0,0.0
2024-08-06 09:00:00+09:00,2455.0,2865.0,2455.0,2838.0,3600,0.0,0.0
2024-08-06 10:00:00+09:00,2722.0,2722.0,2619.0,2670.0,4000,0.0,0.0
2024-08-06 11:00:00+09:00,2671.0,2671.0,2671.0,2671.0,0,0.0,0.0
2024-08-06 12:00:00+09:00,2665.0,2665.0,2655.0,2655.0,8300,0.0,0.0
2024-08-06 13:00:00+09:00,2655.0,2665.0,2630.0,2630.0,1200,0.0,0.0
2024-08-06 14:00:00+09:00,2620.0,2649.0,2600.0,2649.0,3800,0.0,0.0
2024-08-07 09:00:00+09:00,2603.0,2603.0,2502.0,2537.0,7300,0.0,0.0
2024-08-07 10:00:00+09:00,2637.0,2700.0,2572.0,2700.0,900,0.0,0.0
2024-08-07 11:00:00+09:00,2660.0,2660.0,2639.0,2641.0,0,0.0,0.0
2024-08-07 12:00:00+09:00,2644.0,2671.0,2640.0,2671.0,10800,0.0,0.0
2024-08-07 13:00:00+09:00,2650.0,2687.0,2650.0,2669.0,1500,0.0,0.0
2024-08-07 14:00:00+09:00,2658.0,2699.0,2630.0,2630.0,6200,0.0,0.0
2024-08-08 09:00:00+09:00,2626.0,2626.0,2552.0,2583.0,5200,0.0,0.0
2024-08-08 10:00:00+09:00,2589.0,2614.0,2582.0,2582.0,3600,0.0,0.0
2024-08-08 11:00:00+09:00,2600.0,2633.0,2600.0,2633.0,0,0.0,0.0
2024-08-08 12:00:00+09:00,2615.0,2646.0,2615.0,2628.0,14700,0.0,0.0
2024-08-08 13:00:00+09:00,2610.0,2614.0,2607.0,2614.0,600,0.0,0.0
2024-08-08 14:00:00+09:00,2609.0,2616.0,2594.0,2603.0,2800,0.0,0.0
2024-08-09 09:00:00+09:00,2669.0,2682.0,2642.0,2681.0,11100,0.0,0.0
2024-08-09 10:00:00+09:00,2664.0,2664.0,2636.0,2655.0,2800,0.0,0.0
2024-08-09 11:00:00+09:00,2654.0,2654.0,2638.0,2638.0,0,0.0,0.0
2024-08-09 12:00:00+09:00,2640.0,2681.0,2640.0,2652.0,16400,0.0,0.0
2024-08-09 13:00:00+09:00,2639.0,2639.0,2605.0,2605.0,1900,0.0,0.0
2024-08-09 14:00:00+09:00,2603.0,2690.0,2587.0,2616.0,7000,0.0,0.0
2024-08-13 09:00:00+09:00,2631.0,2681.0,2631.0,2680.0,3200,0.0,0.0
2024-08-13 10:00:00+09:00,2675.0,2703.0,2672.0,2702.0,1500,0.0,0.0
2024-08-13 11:00:00+09:00,2691.0,2691.0,2687.0,2688.0,0,0.0,0.0
2024-08-13 12:00:00+09:00,2700.0,2700.0,2694.0,2694.0,0,0.0,0.0
2024-08-13 13:00:00+09:00,2698.0,2707.0,2698.0,2704.0,7600,0.0,0.0
2024-08-13 14:00:00+09:00,2707.0,2725.0,2698.0,2716.0,2300,0.0,0.0
2024-08-14 09:00:00+09:00,2732.0,2732.0,2682.0,2682.0,1400,0.0,0.0
2024-08-14 10:00:00+09:00,2690.0,2708.0,2685.0,2708.0,1600,0.0,0.0
2024-08-14 11:00:00+09:00,2714.0,2726.0,2701.0,2701.0,0,0.0,0.0
2024-08-14 12:00:00+09:00,2701.0,2714.0,2701.0,2714.0,6000,0.0,0.0
2024-08-14 13:00:00+09:00,2707.0,2707.0,2694.0,2694.0,300,0.0,0.0
2024-08-14 14:00:00+09:00,2690.0,2702.0,2690.0,2702.0,1500,0.0,0.0
2024-08-15 09:00:00+09:00,2727.0,2781.0,2727.0,2753.0,5300,0.0,0.0
2024-08-15 10:00:00+09:00,2765.0,2771.0,2753.0,2771.0,800,0.0,0.0
2024-08-15 11:00:00+09:00,2771.0,2771.0,2771.0,2771.0,0,0.0,0.0
2024-08-15 12:00:00+09:00,2762.0,2793.0,2762.0,2780.0,8400,0.0,0.0
2024-08-15 13:00:00+09:00,2765.0,2766.0,2754.0,2766.0,1100,0.0,0.0
2024-08-15 14:00:00+09:00,2751.0,2756.0,2739.0,2747.0,1100,0.0,0.0
2024-08-16 09:00:00+09:00,2757.0,2783.0,2757.0,2783.0,300,0.0,0.0
2024-08-16 11:00:00+09:00,2783.0,2783.0,2783.0,2783.0,0,0.0,0.0
2024-08-16 12:00:00+09:00,2784.0,2799.0,2780.0,2799.0,0,0.0,0.0
2024-08-16 13:00:00+09:00,2782.0,2783.0,2760.0,2779.0,3900,0.0,0.0
2024-08-16 14:00:00+09:00,2762.0,2780.0,2762.0,2780.0,2400,0.0,0.0
2024-08-19 09:00:00+09:00,2760.0,2760.0,2715.0,2738.0,1500,0.0,0.0
2024-08-19 10:00:00+09:00,2738.0,2755.0,2728.0,2741.0,0,0.0,0.0
2024-08-19 11:00:00+09:00,2749.0,2749.0,2746.0,2746.0,0,0.0,0.0
2024-08-19 12:00:00+09:00,2748.0,2750.0,2729.0,2735.0,5300,0.0,0.0
2024-08-19 13:00:00+09:00,2748.0,2749.0,2740.0,2741.0,1200,0.0,0.0
2024-08-19 14:00:00+09:00,2740.0,2741.0,2726.0,2738.0,1100,0.0,0.0
2024-08-20 09:00:00+09:00,2730.0,2780.0,2730.0,2755.0,1000,0.0,0.0
2024-08-20 10:00:00+09:00,2751.0,2793.0,2750.0,2793.0,2500,0.0,0.0
2024-08-20 11:00:00+09:00,2799.0,2804.0,2799.0,2802.0,0,0.0,0.0
2024-08-20 12:00:00+09:00,2817.0,2817.0,2795.0,2802.0,5600,0.0,0.0
2024-08-20 13:00:00+09:00,2790.0,2790.0,2777.0,2780.0,3400,0.0,0.0
2024-08-20 14:00:00+09:00,2786.0,2794.0,2783.0,2789.0,1200,0.0,0.0
2024-08-21 09:00:00+09:00,2789.0,2789.0,2738.0,2746.0,2600,0.0,0.0
2024-08-21 10:00:00+09:00,2750.0,2777.0,2744.0,2777.0,2100,0.0,0.0
2024-08-21 11:00:00+09:00,2780.0,2780.0,2778.0,2778.0,0,0.0,0.0
2024-08-21 12:00:00+09:00,2786.0,2786.0,2762.0,2762.0,5900,0.0,0.0
2024-08-21 13:00:00+09:00,2773.0,2779.0,2757.0,2779.0,1600,0.0,0.0
2024-08-21 14:00:00+09:00,2767.0,2777.0,2752.0,2752.0,2100,0.0,0.0
2024-08-22 09:00:00+09:00,2784.0,2826.0,2781.0,2814.0,2200,0.0,0.0
2024-08-22 10:00:00+09:00,2811.0,2811.0,2811.0,2811.0,100,0.0,0.0
2024-08-22 11:00:00+09:00,2836.0,2845.0,2824.0,2845.0,0,0.0,0.0
2024-08-22 12:00:00+09:00,2825.0,2825.0,2825.0,2825.0,3600,0.0,0.0
2024-08-22 14:00:00+09:00,2833.0,2833.0,2809.0,2824.0,2900,0.0,0.0
2024-08-23 09:00:00+09:00,2799.0,2849.0,2799.0,2847.0,600,0.0,0.0
2024-08-23 10:00:00+09:00,2830.0,2830.0,2820.0,2820.0,1400,0.0,0.0
2024-08-23 11:00:00+09:00,2804.0,2831.0,2804.0,2831.0,0,0.0,0.0
2024-08-23 12:00:00+09:00,2830.0,2830.0,2830.0,2830.0,2300,0.0,0.0
2024-08-23 14:00:00+09:00,2821.0,2821.0,2805.0,2805.0,700,0.0,0.0
