Datetime,Open,High,Low,Close,Volume,Dividends,Stock Splits
2022-08-25 09:00:00+09:00,2584.0,2588.0,2556.0,2564.0,12300,0.0,0.0
2022-08-25 10:00:00+09:00,2563.0,2564.0,2558.0,2559.0,5300,0.0,0.0
2022-08-25 11:00:00+09:00,2559.0,2560.0,2556.0,2558.0,0,0.0,0.0
2022-08-25 12:00:00+09:00,2563.0,2563.0,2553.0,2559.0,24300,0.0,0.0
2022-08-25 13:00:00+09:00,2562.0,2585.0,2561.0,2576.0,0,0.0,0.0
2022-08-25 14:00:00+09:00,2576.0,2587.0,2576.0,2581.0,82600,0.0,0.0
2022-08-26 09:00:00+09:00,2642.0,2684.0,2640.0,2667.0,264500,0.0,0.0
2022-08-26 10:00:00+09:00,2666.0,2669.0,2659.0,2662.0,33300,0.0,0.0
2022-08-26 11:00:00+09:00,2661.0,2665.0,2654.0,2662.0,0,0.0,0.0
2022-08-26 12:00:00+09:00,2658.0,2662.0,2654.0,2655.0,339400,0.0,0.0
2022-08-26 13:00:00+09:00,2654.0,2659.0,2652.0,2652.0,27700,0.0,0.0
2022-08-26 14:00:00+09:00,2651.0,2651.0,2637.0,2645.0,43000,0.0,0.0
2022-08-29 09:00:00+09:00,2590.0,2590.0,2560.0,2585.0,59800,0.0,0.0
2022-08-29 10:00:00+09:00,2587.0,2598.0,2587.0,2598.0,14000,0.0,0.0
2022-08-29 11:00:00+09:00,2598.0,2607.0,2597.0,2606.0,0,0.0,0.0
2022-08-29 12:00:00+09:00,2608.0,2609.0,2600.0,2609.0,99000,0.0,0.0
2022-08-29 13:00:00+09:00,2609.0,2614.0,2604.0,2607.0,14100,0.0,0.0
2022-08-29 14:00:00+09:00,2608.0,2625.0,2608.0,2625.0,28000,0.0,0.0
2022-08-30 09:00:00+09:00,2675.0,2675.0,2633.0,2645.0,45700,0.0,0.0
2022-08-30 10:00:00+09:00,2644.0,2649.0,2640.0,2645.0,12500,0.0,0.0
2022-08-30 11:00:00+09:00,2645.0,2645.0,2638.0,2639.0,0,0.0,0.0
2022-08-30 12:00:00+09:00,2639.0,2641.0,2634.0,2638.0,76800,0.0,0.0
2022-08-30 13:00:00+09:00,2638.0,2657.0,2636.0,2649.0,26800,0.0,0.0
2022-08-30 14:00:00+09:00,2650.0,2651.0,2646.0,2651.0,21400,0.0,0.0
2022-08-31 09:00:00+09:00,2620.0,2662.0,2618.0,2661.0,64500,0.0,0.0
2022-08-31 10:00:00+09:00,2661.0,2666.0,2649.0,2649.0,24900,0.0,0.0
2022-08-31 11:00:00+09:00,2652.0,2653.0,2643.0,2644.0,0,0.0,0.0
2022-08-31 12:00:00+09:00,2641.0,2651.0,2641.0,2650.0,104300,0.0,0.0
2022-08-31 13:00:00+09:00,2651.0,2656.0,2646.0,2648.0,19900,0.0,0.0
2022-08-31 14:00:00+09:00,2649.0,2655.0,2643.0,2655.0,37100,0.0,0.0
2022-09-01 09:00:00+09:00,2655.0,2666.0,2634.0,2650.0,69600,0.0,0.0
2022-09-01 10:00:00+09:00,2652.0,2655.0,2644.0,2651.0,32200,0.0,0.0
2022-09-01 11:00:00+09:00,2650.0,2652.0,2647.0,2647.0,0,0.0,0.0
2022-09-01 12:00:00+09:00,2650.0,2651.0,2637.0,2650.0,144400,0.0,0.0
2022-09-01 13:00:00+09:00,2650.0,2658.0,2648.0,2658.0,25600,0.0,0.0
2022-09-01 14:00:00+09:00,2657.0,2666.0,2648.0,2650.0,55900,0.0,0.0
2022-09-02 09:00:00+09:00,2651.0,2659.0,2599.0,2600.0,64400,0.0,0.0
2022-09-02 10:00:00+09:00,2602.0,2613.0,2599.0,2612.0,29900,0.0,0.0
2022-09-02 11:00:00+09:00,2612.0,2615.0,2610.0,2614.0,0,0.0,0.0
2022-09-02 12:00:00+09:00,2615.0,2616.0,2609.0,2611.0,116200,0.0,0.0
2022-09-02 13:00:00+09:00,2612.0,2619.0,2609.0,2619.0,20800,0.0,0.0
2022-09-02 14:00:00+09:00,2620.0,2620.0,2609.0,2619.0,25200,0.0,0.0
2022-09-05 09:00:00+09:00,2603.0,2605.0,2588.0,2599.0,39000,0.0,0.0
2022-09-05 10:00:00+09:00,2600.0,2605.0,2593.0,2598.0,18100,0.0,0.0
2022-09-05 11:00:00+09:00,2600.0,2608.0,2598.0,2608.0,0,0.0,0.0
2022-09-05 12:00:00+09:00,2614.0,2619.0,2609.0,2619.0,74400,0.0,0.0
2022-09-05 13:00:00+09:00,2620.0,2626.0,2615.0,2621.0,18100,0.0,0.0
2022-09-05 14:00:00+09:00,2621.0,2623.0,2610.0,2613.0,28100,0.0,0.0
2022-09-06 09:00:00+09:00,2625.0,2634.0,2597.0,2631.0,31500,0.0,0.0
2022-09-06 10:00:00+09:00,2631.0,2632.0,2622.0,2624.0,10000,0.0,0.0
2022-09-06 11:00:00+09:00,2623.0,2624.0,2617.0,2618.0,0,0.0,0.0
2022-09-06 12:00:00+09:00,2618.0,2631.0,2616.0,2624.0,58600,0.0,0.0
2022-09-06 13:00:00+09:00,2625.0,2633.0,2625.0,2628.0,12000,0.0,0.0
2022-09-06 14:00:00+09:00,2628.0,2642.0,2627.0,2634.0,26800,0.0,0.0
2022-09-07 09:00:00+09:00,2623.0,2623.0,2591.0,2601.0,31000,0.0,0.0
2022-09-07 10:00:00+09:00,2601.0,2613.0,2598.0,2605.0,25100,0.0,0.0
2022-09-07 11:00:00+09:00,2605.0,2614.0,2595.0,2614.0,0,0.0,0.0
2022-09-07 12:00:00+09:00,2614.0,2614.0,2606.0,2612.0,82000,0.0,0.0
2022-09-07 13:00:00+09:00,2613.0,2617.0,2610.0,2616.0,11600,0.0,0.0
2022-09-07 14:00:00+09:00,2616.0,2635.0,2616.0,2631.0,35300,0.0,0.0
2022-09-08 09:00:00+09:00,2661.0,2685.0,2650.0,2679.0,0,0.0,0.0
2022-09-08 10:00:00+09:00,2679.0,2687.0,2677.0,2685.0,140700,0.0,0.0
2022-09-08 11:00:00+09:00,2686.0,2692.0,2681.0,2685.0,0,0.0,0.0
2022-09-08 12:00:00+09:00,2688.0,2690.0,2685.0,2687.0,183200,0.0,0.0
2022-09-08 13:00:00+09:00,2687.0,2690.0,2684.0,2688.0,17000,0.0,0.0
2022-09-08 14:00:00+09:00,2689.0,2698.0,2685.0,2698.0,66500,0.0,0.0
2022-09-09 09:00:00+09:00,2720.0,2738.0,2710.0,2721.0,127100,0.0,0.0
2022-09-09 10:00:00+09:00,2721.0,2722.0,2716.0,2719.0,24400,0.0,0.0
2022-09-09 11:00:00+09:00,2719.0,2722.0,2719.0,2721.0,0,0.0,0.0
2022-09-09 12:00:00+09:00,2721.0,2721.0,2715.0,2720.0,177400,0.0,0.0
2022-09-09 13:00:00+09:00,2721.0,2729.0,2720.0,2727.0,23200,0.0,0.0
2022-09-09 14:00:00+09:00,2727.0,2731.0,2722.0,2731.0,35600,0.0,0.0
2022-09-12 09:00:00+09:00,2750.0,2760.0,2744.0,2751.0,64400,0.0,0.0
2022-09-12 10:00:00+09:00,2752.0,2752.0,2740.0,2743.0,22000,0.0,0.0
2022-09-12 11:00:00+09:00,2744.0,2744.0,2741.0,2741.0,0,0.0,0.0
2022-09-12 12:00:00+09:00,2741.0,2743.0,2737.0,2737.0,108800,0.0,0.0
2022-09-12 13:00:00+09:00,2738.0,2738.0,2736.0,2737.0,10500,0.0,0.0
2022-09-12 14:00:00+09:00,2737.0,2746.0,2732.0,2740.0,37400,0.0,0.0
2022-09-13 09:00:00+09:00,2760.0,2761.0,2743.0,2744.0,0,0.0,0.0
2022-09-13 10:00:00+09:00,2744.0,2755.0,2738.0,2750.0,67500,0.0,0.0
2022-09-13 11:00:00+09:00,2748.0,2749.0,2746.0,2748.0,0,0.0,0.0
2022-09-13 12:00:00+09:00,2742.0,2745.0,2741.0,2745.0,90500,0.0,0.0
2022-09-13 13:00:00+09:00,2745.0,2746.0,2740.0,2741.0,12600,0.0,0.0
2022-09-13 14:00:00+09:00,2740.0,2756.0,2739.0,2756.0,60500,0.0,0.0
2022-09-14 09:00:00+09:00,2700.0,2729.0,2689.0,2727.0,45800,0.0,0.0
2022-09-14 10:00:00+09:00,2728.0,2734.0,2726.0,2730.0,17200,0.0,0.0
2022-09-14 11:00:00+09:00,2730.0,2734.0,2727.0,2727.0,0,0.0,0.0
2022-09-14 12:00:00+09:00,2730.0,2737.0,2729.0,2729.0,83700,0.0,0.0
2022-09-14 13:00:00+09:00,2728.0,2731.0,2718.0,2721.0,23600,0.0,0.0
2022-09-14 14:00:00+09:00,2722.0,2730.0,2719.0,2727.0,46500,0.0,0.0
2022-09-15 09:00:00+09:00,2739.0,2739.0,2705.0,2706.0,36100,0.0,0.0
2022-09-15 10:00:00+09:00,2705.0,2706.0,2692.0,2698.0,29400,0.0,0.0
2022-09-15 11:00:00+09:00,2699.0,2704.0,2695.0,2696.0,0,0.0,0.0
2022-09-15 12:00:00+09:00,2701.0,2701.0,2692.0,2692.0,85100,0.0,0.0
2022-09-15 13:00:00+09:00,2693.0,2697.0,2690.0,2695.0,16400,0.0,0.0
2022-09-15 14:00:00+09:00,2695.0,2703.0,2695.0,2700.0,17000,0.0,0.0
2022-09-16 09:00:00+09:00,2675.0,2688.0,2668.0,2671.0,31400,0.0,0.0
2022-09-16 10:00:00+09:00,2672.0,2678.0,2669.0,2673.0,14500,0.0,0.0
2022-09-16 11:00:00+09:00,2674.0,2680.0,2674.0,2680.0,0,0.0,0.0
2022-09-16 12:00:00+09:00,2685.0,2685.0,2659.0,2661.0,83500,0.0,0.0
2022-09-16 13:00:00+09:00,2662.0,2669.0,2661.0,2662.0,21700,0.0,0.0
2022-09-16 14:00:00+09:00,2663.0,2666.0,2658.0,2662.0,26400,0.0,0.0
2022-09-20 09:00:00+09:00,2680.0,2700.0,2668.0,2670.0,33900,0.0,0.0
2022-09-20 10:00:00+09:00,2670.0,2684.0,2669.0,2681.0,12500,0.0,0.0
2022-09-20 11:00:00+09:00,2681.0,2688.0,2679.0,2687.0,0,0.0,0.0
2022-09-20 12:00:00+09:00,2689.0,2689.0,2684.0,2685.0,62200,0.0,0.0
2022-09-20 13:00:00+09:00,2684.0,2686.0,2681.0,2682.0,8800,0.0,0.0
2022-09-20 14:00:00+09:00,2681.0,2684.0,2678.0,2678.0,14900,0.0,0.0
2022-09-21 09:00:00+09:00,2681.0,2703.0,2672.0,2695.0,32200,0.0,0.0
2022-09-21 10:00:00+09:00,2695.0,2696.0,2677.0,2681.0,15600,0.0,0.0
2022-09-21 11:00:00+09:00,2680.0,2687.0,2680.0,2681.0,0,0.0,0.0
2022-09-21 12:00:00+09:00,2688.0,2692.0,2683.0,2692.0,60700,0.0,0.0
2022-09-21 13:00:00+09:00,2691.0,2691.0,2680.0,2683.0,9300,0.0,0.0
2022-09-21 14:00:00+09:00,2685.0,2685.0,2678.0,2683.0,12300,0.0,0.0
2022-09-22 09:00:00+09:00,2650.0,2677.0,2649.0,2675.0,43500,0.0,0.0
2022-09-22 10:00:00+09:00,2675.0,2679.0,2668.0,2673.0,14000,0.0,0.0
2022-09-22 11:00:00+09:00,2674.0,2676.0,2667.0,2671.0,0,0.0,0.0
2022-09-22 12:00:00+09:00,2675.0,2695.0,2674.0,2695.0,84800,0.0,0.0
2022-09-22 13:00:00+09:00,2693.0,2701.0,2690.0,2694.0,17200,0.0,0.0
2022-09-22 14:00:00+09:00,2695.0,2704.0,2694.0,2703.0,22400,0.0,0.0
2022-09-26 09:00:00+09:00,2670.0,2673.0,2605.0,2605.0,63200,0.0,0.0
2022-09-26 10:00:00+09:00,2605.0,2632.0,2605.0,2631.0,49100,0.0,0.0
2022-09-26 11:00:00+09:00,2630.0,2638.0,2629.0,2638.0,0,0.0,0.0
2022-09-26 12:00:00+09:00,2638.0,2639.0,2627.0,2628.0,156300,0.0,0.0
2022-09-26 13:00:00+09:00,2627.0,2629.0,2590.0,2593.0,43000,0.0,0.0
2022-09-26 14:00:00+09:00,2594.0,2603.0,2591.0,2602.0,37100,0.0,0.0
2022-09-27 09:00:00+09:00,2618.0,2658.0,2617.0,2651.0,48500,0.0,0.0
2022-09-27 10:00:00+09:00,2649.0,2650.0,2628.0,2629.0,22700,0.0,0.0
2022-09-27 11:00:00+09:00,2627.0,2639.0,2626.0,2639.0,0,0.0,0.0
2022-09-27 12:00:00+09:00,2629.0,2630.0,2623.0,2623.0,91700,0.0,0.0
2022-09-27 13:00:00+09:00,2622.0,2625.0,2619.0,2623.0,16300,0.0,0.0
2022-09-27 14:00:00+09:00,2622.0,2624.0,2614.0,2618.0,29400,0.0,0.0
2022-09-28 09:00:00+09:00,2618.0,2635.0,2618.0,2622.0,26600,0.0,0.0
2022-09-28 10:00:00+09:00,2621.0,2627.0,2586.0,2596.0,21300,0.0,0.0
2022-09-28 11:00:00+09:00,2597.0,2599.0,2580.0,2582.0,0,0.0,0.0
2022-09-28 12:00:00+09:00,2581.0,2587.0,2577.0,2586.0,85900,0.0,0.0
2022-09-28 13:00:00+09:00,2584.0,2609.0,2582.0,2599.0,30200,0.0,0.0
2022-09-28 14:00:00+09:00,2599.0,2617.0,2587.0,2616.0,78900,0.0,0.0
2022-09-29 09:00:00+09:00,2657.0,2673.0,2645.0,2663.0,34600,0.0,0.0
2022-09-29 10:00:00+09:00,2661.0,2679.0,2658.0,2660.0,19600,0.0,0.0
2022-09-29 11:00:00+09:00,2661.0,2663.0,2655.0,2657.0,0,0.0,0.0
2022-09-29 12:00:00+09:00,2655.0,2670.0,2655.0,2670.0,71600,0.0,0.0
2022-09-29 13:00:00+09:00,2670.0,2678.0,2667.0,2673.0,20800,0.0,0.0
2022-09-29 14:00:00+09:00,2672.0,2678.0,2668.0,2676.0,33000,0.0,0.0
2022-09-30 09:00:00+09:00,2666.0,2666.0,2640.0,2658.0,53100,0.0,0.0
2022-09-30 10:00:00+09:00,2656.0,2656.0,2640.0,2642.0,27100,0.0,0.0
2022-09-30 11:00:00+09:00,2641.0,2653.0,2632.0,2635.0,0,0.0,0.0
2022-09-30 12:00:00+09:00,2633.0,2651.0,2633.0,2650.0,130400,0.0,0.0
2022-09-30 13:00:00+09:00,2649.0,2664.0,2648.0,2663.0,53700,0.0,0.0
2022-09-30 14:00:00+09:00,2662.0,2669.0,2659.0,2665.0,80000,0.0,0.0
2022-10-03 09:00:00+09:00,2645.0,2680.0,2641.0,2665.0,83200,0.0,0.0
2022-10-03 10:00:00+09:00,2666.0,2716.0,2666.0,2709.0,40900,0.0,0.0
2022-10-03 11:00:00+09:00,2711.0,2711.0,2697.0,2698.0,0,0.0,0.0
2022-10-03 12:00:00+09:00,2698.0,2705.0,2695.0,2704.0,156900,0.0,0.0
2022-10-03 13:00:00+09:00,2704.0,2705.0,2693.0,2699.0,26300,0.0,0.0
2022-10-03 14:00:00+09:00,2699.0,2712.0,2693.0,2710.0,43500,0.0,0.0
2022-10-04 09:00:00+09:00,2782.0,2820.0,2770.0,2810.0,234000,0.0,0.0
2022-10-04 10:00:00+09:00,2809.0,2824.0,2795.0,2802.0,89300,0.0,0.0
2022-10-04 11:00:00+09:00,2800.0,2806.0,2799.0,2804.0,0,0.0,0.0
2022-10-04 12:00:00+09:00,2810.0,2813.0,2806.0,2807.0,378300,0.0,0.0
2022-10-04 13:00:00+09:00,2807.0,2815.0,2806.0,2810.0,56900,0.0,0.0
2022-10-04 14:00:00+09:00,2810.0,2818.0,2806.0,2811.0,72900,0.0,0.0
2022-10-05 09:00:00+09:00,2841.0,2851.0,2820.0,2835.0,112700,0.0,0.0
2022-10-05 10:00:00+09:00,2833.0,2835.0,2818.0,2825.0,37400,0.0,0.0
2022-10-05 11:00:00+09:00,2826.0,2837.0,2826.0,2831.0,0,0.0,0.0
2022-10-05 12:00:00+09:00,2830.0,2831.0,2821.0,2831.0,189700,0.0,0.0
2022-10-05 13:00:00+09:00,2829.0,2832.0,2826.0,2829.0,22300,0.0,0.0
2022-10-05 14:00:00+09:00,2830.0,2835.0,2826.0,2828.0,47100,0.0,0.0
2022-10-06 09:00:00+09:00,2830.0,2839.0,2820.0,2821.0,49200,0.0,0.0
2022-10-06 10:00:00+09:00,2820.0,2833.0,2804.0,2830.0,32600,0.0,0.0
2022-10-06 11:00:00+09:00,2829.0,2832.0,2826.0,2828.0,0,0.0,0.0
2022-10-06 12:00:00+09:00,2840.0,2848.0,2824.0,2829.0,120800,0.0,0.0
2022-10-06 13:00:00+09:00,2824.0,2833.0,2824.0,2828.0,24000,0.0,0.0
2022-10-06 14:00:00+09:00,2828.0,2842.0,2824.0,2834.0,53500,0.0,0.0
2022-10-07 09:00:00+09:00,2795.0,2811.0,2791.0,2805.0,49400,0.0,0.0
2022-10-07 10:00:00+09:00,2805.0,2808.0,2795.0,2801.0,22800,0.0,0.0
2022-10-07 11:00:00+09:00,2800.0,2802.0,2795.0,2796.0,0,0.0,0.0
2022-10-07 12:00:00+09:00,2801.0,2801.0,2790.0,2792.0,106600,0.0,0.0
2022-10-07 13:00:00+09:00,2793.0,2793.0,2785.0,2786.0,28100,0.0,0.0
2022-10-07 14:00:00+09:00,2786.0,2792.0,2775.0,2777.0,47800,0.0,0.0
2022-10-11 09:00:00+09:00,2768.0,2770.0,2716.0,2723.0,88500,0.0,0.0
2022-10-11 10:00:00+09:00,2724.0,2730.0,2688.0,2688.0,55600,0.0,0.0
2022-10-11 11:00:00+09:00,2689.0,2689.0,2672.0,2674.0,0,0.0,0.0
2022-10-11 12:00:00+09:00,2680.0,2683.0,2667.0,2669.0,209200,0.0,0.0
2022-10-11 13:00:00+09:00,2668.0,2672.0,2652.0,2655.0,36200,0.0,0.0
2022-10-11 14:00:00+09:00,2655.0,2657.0,2646.0,2647.0,71100,0.0,0.0
2022-10-12 09:00:00+09:00,2639.0,2639.0,2582.0,2603.0,114100,0.0,0.0
2022-10-12 10:00:00+09:00,2604.0,2611.0,2583.0,2600.0,65000,0.0,0.0
2022-10-12 11:00:00+09:00,2599.0,2601.0,2591.0,2601.0,0,0.0,0.0
2022-10-12 12:00:00+09:00,2597.0,2604.0,2592.0,2600.0,227300,0.0,0.0
2022-10-12 13:00:00+09:00,2601.0,2615.0,2599.0,2605.0,35500,0.0,0.0
2022-10-12 14:00:00+09:00,2606.0,2611.0,2602.0,2608.0,56300,0.0,0.0
2022-10-13 09:00:00+09:00,2605.0,2611.0,2575.0,2593.0,84000,0.0,0.0
2022-10-13 10:00:00+09:00,2593.0,2598.0,2587.0,2594.0,28800,0.0,0.0
2022-10-13 11:00:00+09:00,2594.0,2596.0,2588.0,2596.0,0,0.0,0.0
2022-10-13 12:00:00+09:00,2599.0,2604.0,2594.0,2595.0,165200,0.0,0.0
2022-10-13 13:00:00+09:00,2595.0,2596.0,2584.0,2586.0,24100,0.0,0.0
2022-10-13 14:00:00+09:00,2586.0,2594.0,2581.0,2588.0,65100,0.0,0.0
2022-10-14 09:00:00+09:00,2828.0,2864.0,2727.0,2808.0,722000,0.0,0.0
2022-10-14 10:00:00+09:00,2810.0,2825.0,2759.0,2767.0,170800,0.0,0.0
2022-10-14 11:00:00+09:00,2767.0,2782.0,2741.0,2782.0,0,0.0,0.0
2022-10-14 12:00:00+09:00,2783.0,2788.0,2757.0,2776.0,1086500,0.0,0.0
2022-10-14 13:00:00+09:00,2776.0,2789.0,2756.0,2771.0,118600,0.0,0.0
2022-10-14 14:00:00+09:00,2771.0,2786.0,2759.0,2764.0,127900,0.0,0.0
2022-10-17 09:00:00+09:00,2765.0,2798.0,2741.0,2761.0,157700,0.0,0.0
2022-10-17 10:00:00+09:00,2761.0,2788.0,2751.0,2784.0,77400,0.0,0.0
2022-10-17 11:00:00+09:00,2787.0,2799.0,2783.0,2796.0,0,0.0,0.0
2022-10-17 12:00:00+09:00,2796.0,2800.0,2791.0,2798.0,318800,0.0,0.0
2022-10-17 13:00:00+09:00,2799.0,2814.0,2791.0,2810.0,82800,0.0,0.0
2022-10-17 14:00:00+09:00,2810.0,2826.0,2808.0,2820.0,122300,0.0,0.0
2022-10-18 09:00:00+09:00,2851.0,2874.0,2822.0,2839.0,178300,0.0,0.0
2022-10-18 10:00:00+09:00,2838.0,2842.0,2826.0,2838.0,54700,0.0,0.0
2022-10-18 11:00:00+09:00,2837.0,2838.0,2830.0,2830.0,0,0.0,0.0
2022-10-18 12:00:00+09:00,2830.0,2845.0,2829.0,2843.0,291200,0.0,0.0
2022-10-18 13:00:00+09:00,2843.0,2857.0,2836.0,2855.0,82900,0.0,0.0
2022-10-18 14:00:00+09:00,2855.0,2861.0,2849.0,2858.0,60500,0.0,0.0
2022-10-19 09:00:00+09:00,2833.0,2864.0,2832.0,2836.0,71900,0.0,0.0
2022-10-19 10:00:00+09:00,2837.0,2863.0,2830.0,2862.0,50800,0.0,0.0
2022-10-19 11:00:00+09:00,2862.0,2884.0,2862.0,2884.0,0,0.0,0.0
2022-10-19 12:00:00+09:00,2872.0,2883.0,2871.0,2882.0,195600,0.0,0.0
2022-10-19 13:00:00+09:00,2881.0,2884.0,2875.0,2880.0,52500,0.0,0.0
2022-10-19 14:00:00+09:00,2878.0,2879.0,2866.0,2870.0,60200,0.0,0.0
2022-10-20 09:00:00+09:00,2837.0,2880.0,2823.0,2864.0,96600,0.0,0.0
2022-10-20 10:00:00+09:00,2863.0,2864.0,2850.0,2859.0,38900,0.0,0.0
2022-10-20 11:00:00+09:00,2859.0,2861.0,2852.0,2854.0,0,0.0,0.0
2022-10-20 12:00:00+09:00,2860.0,2860.0,2851.0,2854.0,180200,0.0,0.0
2022-10-20 13:00:00+09:00,2854.0,2868.0,2844.0,2867.0,53800,0.0,0.0
2022-10-20 14:00:00+09:00,2868.0,2877.0,2853.0,2853.0,105300,0.0,0.0
2022-10-21 09:00:00+09:00,2861.0,2884.0,2839.0,2851.0,0,0.0,0.0
2022-10-21 10:00:00+09:00,2851.0,2860.0,2839.0,2860.0,95000,0.0,0.0
2022-10-21 11:00:00+09:00,2860.0,2866.0,2858.0,2861.0,0,0.0,0.0
2022-10-21 12:00:00+09:00,2860.0,2867.0,2855.0,2858.0,127500,0.0,0.0
2022-10-21 13:00:00+09:00,2860.0,2862.0,2851.0,2856.0,32500,0.0,0.0
2022-10-21 14:00:00+09:00,2857.0,2860.0,2847.0,2847.0,44400,0.0,0.0
2022-10-24 09:00:00+09:00,2877.0,2920.0,2863.0,2912.0,93000,0.0,0.0
2022-10-24 10:00:00+09:00,2916.0,2978.0,2914.0,2971.0,127400,0.0,0.0
2022-10-24 11:00:00+09:00,2973.0,2975.0,2950.0,2969.0,0,0.0,0.0
2022-10-24 12:00:00+09:00,2954.0,2983.0,2951.0,2969.0,343900,0.0,0.0
2022-10-24 13:00:00+09:00,2969.0,2973.0,2948.0,2954.0,57200,0.0,0.0
2022-10-24 14:00:00+09:00,2952.0,2955.0,2938.0,2948.0,79200,0.0,0.0
2022-10-25 09:00:00+09:00,2964.0,2985.0,2948.0,2980.0,87200,0.0,0.0
2022-10-25 10:00:00+09:00,2980.0,2982.0,2955.0,2966.0,37600,0.0,0.0
2022-10-25 11:00:00+09:00,2966.0,2970.0,2962.0,2964.0,0,0.0,0.0
2022-10-25 12:00:00+09:00,2974.0,2983.0,2970.0,2981.0,162100,0.0,0.0
2022-10-25 13:00:00+09:00,2980.0,2982.0,2972.0,2974.0,22000,0.0,0.0
2022-10-25 14:00:00+09:00,2971.0,2973.0,2964.0,2973.0,31900,0.0,0.0
2022-10-26 09:00:00+09:00,2980.0,2982.0,2955.0,2960.0,54600,0.0,0.0
2022-10-26 10:00:00+09:00,2960.0,2983.0,2955.0,2968.0,40600,0.0,0.0
2022-10-26 11:00:00+09:00,2969.0,2982.0,2966.0,2977.0,0,0.0,0.0
2022-10-26 12:00:00+09:00,2980.0,2985.0,2972.0,2985.0,141100,0.0,0.0
2022-10-26 13:00:00+09:00,2984.0,2984.0,2975.0,2976.0,27000,0.0,0.0
2022-10-26 14:00:00+09:00,2975.0,2982.0,2971.0,2976.0,42800,0.0,0.0
2022-10-27 09:00:00+09:00,2961.0,2979.0,2955.0,2973.0,61000,0.0,0.0
2022-10-27 10:00:00+09:00,2973.0,2987.0,2967.0,2972.0,40600,0.0,0.0
2022-10-27 11:00:00+09:00,2971.0,2974.0,2964.0,2970.0,0,0.0,0.0
2022-10-27 12:00:00+09:00,2970.0,2980.0,2967.0,2979.0,144100,0.0,0.0
2022-10-27 13:00:00+09:00,2979.0,2983.0,2976.0,2980.0,21300,0.0,0.0
2022-10-27 14:00:00+09:00,2980.0,2980.0,2973.0,2976.0,36600,0.0,0.0
2022-10-28 09:00:00+09:00,2959.0,3020.0,2955.0,3020.0,193600,0.0,0.0
2022-10-28 10:00:00+09:00,3020.0,3025.0,2992.0,2995.0,57900,0.0,0.0
2022-10-28 11:00:00+09:00,2994.0,3010.0,2994.0,3005.0,0,0.0,0.0
2022-10-28 12:00:00+09:00,3000.0,3000.0,2990.0,2993.0,298000,0.0,0.0
2022-10-28 13:00:00+09:00,2992.0,2996.0,2982.0,2992.0,50200,0.0,0.0
2022-10-28 14:00:00+09:00,2993.0,2997.0,2983.0,2984.0,69700,0.0,0.0
2022-10-31 09:00:00+09:00,3025.0,3025.0,2979.0,2982.0,74400,0.0,0.0
2022-10-31 10:00:00+09:00,2983.0,2992.0,2980.0,2988.0,21800,0.0,0.0
2022-10-31 11:00:00+09:00,2987.0,2993.0,2984.0,2986.0,0,0.0,0.0
2022-10-31 12:00:00+09:00,2995.0,3005.0,2990.0,3005.0,135100,0.0,0.0
2022-10-31 13:00:00+09:00,3005.0,3005.0,2994.0,3000.0,30300,0.0,0.0
2022-10-31 14:00:00+09:00,2999.0,3005.0,2985.0,2997.0,66600,0.0,0.0
2022-11-01 09:00:00+09:00,3005.0,3005.0,2972.0,2976.0,47600,0.0,0.0
2022-11-01 10:00:00+09:00,2980.0,2985.0,2974.0,2984.0,15000,0.0,0.0
2022-11-01 11:00:00+09:00,2985.0,2989.0,2985.0,2987.0,0,0.0,0.0
2022-11-01 12:00:00+09:00,2993.0,3005.0,2990.0,3000.0,84700,0.0,0.0
2022-11-01 13:00:00+09:00,3000.0,3010.0,2999.0,3005.0,34800,0.0,0.0
2022-11-01 14:00:00+09:00,3010.0,3025.0,3005.0,3020.0,46600,0.0,0.0
2022-11-02 09:00:00+09:00,3005.0,3065.0,3005.0,3025.0,67800,0.0,0.0
2022-11-02 10:00:00+09:00,3025.0,3050.0,3015.0,3035.0,18100,0.0,0.0
2022-11-02 11:00:00+09:00,3035.0,3045.0,3035.0,3040.0,0,0.0,0.0
2022-11-02 12:00:00+09:00,3045.0,3050.0,3040.0,3045.0,103800,0.0,0.0
2022-11-02 13:00:00+09:00,3045.0,3045.0,3030.0,3035.0,16300,0.0,0.0
2022-11-02 14:00:00+09:00,3035.0,3060.0,3035.0,3055.0,40400,0.0,0.0
2022-11-04 09:00:00+09:00,3045.0,3045.0,3020.0,3020.0,36600,0.0,0.0
2022-11-04 10:00:00+09:00,3020.0,3020.0,3010.0,3015.0,21100,0.0,0.0
2022-11-04 11:00:00+09:00,3020.0,3020.0,3015.0,3015.0,0,0.0,0.0
2022-11-04 12:00:00+09:00,3015.0,3025.0,3015.0,3020.0,78500,0.0,0.0
2022-11-04 13:00:00+09:00,3020.0,3030.0,3005.0,3010.0,25200,0.0,0.0
2022-11-04 14:00:00+09:00,3010.0,3010.0,2993.0,2998.0,52700,0.0,0.0
2022-11-07 09:00:00+09:00,3050.0,3050.0,3025.0,3035.0,23500,0.0,0.0
2022-11-07 10:00:00+09:00,3035.0,3055.0,3035.0,3050.0,22600,0.0,0.0
2022-11-07 11:00:00+09:00,3050.0,3050.0,3040.0,3045.0,0,0.0,0.0
2022-11-07 12:00:00+09:00,3055.0,3055.0,3040.0,3045.0,59600,0.0,0.0
2022-11-07 13:00:00+09:00,3045.0,3050.0,3040.0,3045.0,10100,0.0,0.0
2022-11-07 14:00:00+09:00,3045.0,3050.0,3040.0,3045.0,13400,0.0,0.0
2022-11-08 09:00:00+09:00,3050.0,3080.0,3050.0,3070.0,62200,0.0,0.0
2022-11-08 10:00:00+09:00,3065.0,3085.0,3060.0,3080.0,11800,0.0,0.0
2022-11-08 11:00:00+09:00,3080.0,3080.0,3070.0,3080.0,0,0.0,0.0
2022-11-08 12:00:00+09:00,3080.0,3100.0,3075.0,3095.0,119200,0.0,0.0
2022-11-08 13:00:00+09:00,3100.0,3110.0,3090.0,3095.0,35200,0.0,0.0
2022-11-08 14:00:00+09:00,3095.0,3095.0,3085.0,3090.0,18300,0.0,0.0
2022-11-09 09:00:00+09:00,3095.0,3105.0,3065.0,3075.0,35900,0.0,0.0
2022-11-09 10:00:00+09:00,3075.0,3075.0,3065.0,3075.0,8500,0.0,0.0
2022-11-09 11:00:00+09:00,3075.0,3075.0,3060.0,3065.0,0,0.0,0.0
2022-11-09 12:00:00+09:00,3060.0,3065.0,3055.0,3060.0,58500,0.0,0.0
2022-11-09 13:00:00+09:00,3060.0,3075.0,3055.0,3070.0,13400,0.0,0.0
2022-11-09 14:00:00+09:00,3070.0,3070.0,3060.0,3060.0,16800,0.0,0.0
2022-11-10 09:00:00+09:00,3035.0,3060.0,3025.0,3055.0,0,0.0,0.0
2022-11-10 10:00:00+09:00,3055.0,3055.0,3040.0,3050.0,39100,0.0,0.0
2022-11-10 11:00:00+09:00,3045.0,3045.0,3030.0,3030.0,0,0.0,0.0
2022-11-10 12:00:00+09:00,3040.0,3050.0,3035.0,3040.0,50300,0.0,0.0
2022-11-10 13:00:00+09:00,3040.0,3045.0,3035.0,3040.0,7300,0.0,0.0
2022-11-10 14:00:00+09:00,3045.0,3045.0,3015.0,3025.0,53300,0.0,0.0
2022-11-11 09:00:00+09:00,3010.0,3010.0,2946.0,2951.0,138600,0.0,0.0
2022-11-11 10:00:00+09:00,2951.0,2976.0,2933.0,2969.0,67200,0.0,0.0
2022-11-11 11:00:00+09:00,2971.0,2985.0,2970.0,2984.0,0,0.0,0.0
2022-11-11 12:00:00+09:00,2982.0,2988.0,2967.0,2974.0,246400,0.0,0.0
2022-11-11 13:00:00+09:00,2974.0,2982.0,2970.0,2977.0,19200,0.0,0.0
2022-11-11 14:00:00+09:00,2976.0,2977.0,2962.0,2967.0,49900,0.0,0.0
2022-11-14 09:00:00+09:00,2950.0,2964.0,2937.0,2960.0,37400,0.0,0.0
2022-11-14 10:00:00+09:00,2964.0,2983.0,2963.0,2975.0,21800,0.0,0.0
2022-11-14 11:00:00+09:00,2977.0,2987.0,2977.0,2977.0,0,0.0,0.0
2022-11-14 12:00:00+09:00,2970.0,2983.0,2970.0,2982.0,76000,0.0,0.0
2022-11-14 13:00:00+09:00,2982.0,2985.0,2978.0,2983.0,13200,0.0,0.0
2022-11-14 14:00:00+09:00,2982.0,2982.0,2975.0,2975.0,20000,0.0,0.0
2022-11-15 09:00:00+09:00,2986.0,3000.0,2975.0,2987.0,29900,0.0,0.0
2022-11-15 10:00:00+09:00,2987.0,3005.0,2986.0,2997.0,15400,0.0,0.0
2022-11-15 11:00:00+09:00,2996.0,3005.0,2996.0,3005.0,0,0.0,0.0
2022-11-15 12:00:00+09:00,3000.0,3000.0,2984.0,2997.0,62500,0.0,0.0
2022-11-15 13:00:00+09:00,2997.0,3000.0,2996.0,3000.0,0,0.0,0.0
2022-11-15 14:00:00+09:00,3005.0,3005.0,2999.0,3005.0,90200,0.0,0.0
2022-11-16 09:00:00+09:00,2990.0,2990.0,2945.0,2979.0,37700,0.0,0.0
2022-11-16 10:00:00+09:00,2979.0,2998.0,2972.0,2991.0,27000,0.0,0.0
2022-11-16 11:00:00+09:00,2989.0,2997.0,2985.0,2997.0,0,0.0,0.0
2022-11-16 12:00:00+09:00,2988.0,2995.0,2985.0,2990.0,82300,0.0,0.0
2022-11-16 13:00:00+09:00,2991.0,2994.0,2987.0,2992.0,14900,0.0,0.0
2022-11-16 14:00:00+09:00,2991.0,3005.0,2988.0,2992.0,27800,0.0,0.0
2022-11-17 09:00:00+09:00,2989.0,3015.0,2989.0,3000.0,20800,0.0,0.0
2022-11-17 10:00:00+09:00,3005.0,3025.0,3005.0,3020.0,14900,0.0,0.0
2022-11-17 11:00:00+09:00,3025.0,3025.0,3000.0,3010.0,0,0.0,0.0
2022-11-17 12:00:00+09:00,3005.0,3035.0,3005.0,3030.0,56600,0.0,0.0
2022-11-17 13:00:00+09:00,3030.0,3040.0,3030.0,3030.0,19700,0.0,0.0
2022-11-17 14:00:00+09:00,3030.0,3035.0,3025.0,3030.0,15500,0.0,0.0
2022-11-18 09:00:00+09:00,3075.0,3075.0,3040.0,3065.0,32600,0.0,0.0
2022-11-18 10:00:00+09:00,3060.0,3070.0,3030.0,3040.0,19700,0.0,0.0
2022-11-18 11:00:00+09:00,3030.0,3040.0,3025.0,3025.0,0,0.0,0.0
2022-11-18 12:00:00+09:00,3025.0,3030.0,3020.0,3025.0,65800,0.0,0.0
2022-11-18 13:00:00+09:00,3020.0,3025.0,3015.0,3020.0,7300,0.0,0.0
2022-11-18 14:00:00+09:00,3025.0,3030.0,3020.0,3020.0,11300,0.0,0.0
2022-11-21 09:00:00+09:00,3045.0,3050.0,3025.0,3035.0,18200,0.0,0.0
2022-11-21 10:00:00+09:00,3040.0,3050.0,3025.0,3045.0,9400,0.0,0.0
2022-11-21 11:00:00+09:00,3050.0,3050.0,3045.0,3045.0,0,0.0,0.0
2022-11-21 12:00:00+09:00,3045.0,3045.0,3035.0,3040.0,39300,0.0,0.0
2022-11-21 13:00:00+09:00,3040.0,3040.0,3030.0,3035.0,5800,0.0,0.0
2022-11-21 14:00:00+09:00,3035.0,3050.0,3035.0,3050.0,8500,0.0,0.0
2022-11-22 09:00:00+09:00,3025.0,3095.0,3025.0,3085.0,55900,0.0,0.0
2022-11-22 10:00:00+09:00,3085.0,3100.0,3085.0,3095.0,19100,0.0,0.0
2022-11-22 11:00:00+09:00,3100.0,3105.0,3095.0,3095.0,0,0.0,0.0
2022-11-22 12:00:00+09:00,3090.0,3100.0,3085.0,3095.0,100700,0.0,0.0
2022-11-22 13:00:00+09:00,3095.0,3100.0,3090.0,3090.0,9200,0.0,0.0
2022-11-22 14:00:00+09:00,3090.0,3095.0,3090.0,3090.0,12200,0.0,0.0
2022-11-24 09:00:00+09:00,3105.0,3125.0,3095.0,3120.0,46000,0.0,0.0
2022-11-24 10:00:00+09:00,3130.0,3135.0,3125.0,3130.0,9500,0.0,0.0
2022-11-24 11:00:00+09:00,3130.0,3130.0,3105.0,3115.0,0,0.0,0.0
2022-11-24 12:00:00+09:00,3105.0,3120.0,3105.0,3115.0,84200,0.0,0.0
2022-11-24 13:00:00+09:00,3115.0,3130.0,3115.0,3115.0,15500,0.0,0.0
2022-11-24 14:00:00+09:00,3115.0,3120.0,3105.0,3105.0,11900,0.0,0.0
2022-11-25 09:00:00+09:00,3155.0,3175.0,3125.0,3150.0,76300,0.0,0.0
2022-11-25 10:00:00+09:00,3155.0,3215.0,3155.0,3205.0,83000,0.0,0.0
2022-11-25 11:00:00+09:00,3205.0,3215.0,3195.0,3195.0,0,0.0,0.0
2022-11-25 12:00:00+09:00,3205.0,3225.0,3200.0,3225.0,222700,0.0,0.0
2022-11-25 13:00:00+09:00,3225.0,3225.0,3200.0,3210.0,38400,0.0,0.0
2022-11-25 14:00:00+09:00,3205.0,3220.0,3205.0,3215.0,40200,0.0,0.0
2022-11-28 09:00:00+09:00,3240.0,3255.0,3200.0,3235.0,72100,0.0,0.0
2022-11-28 10:00:00+09:00,3230.0,3250.0,3215.0,3220.0,30000,0.0,0.0
2022-11-28 11:00:00+09:00,3220.0,3220.0,3205.0,3215.0,0,0.0,0.0
2022-11-28 12:00:00+09:00,3225.0,3230.0,3215.0,3225.0,136200,0.0,0.0
2022-11-28 13:00:00+09:00,3225.0,3230.0,3220.0,3225.0,9700,0.0,0.0
2022-11-28 14:00:00+09:00,3225.0,3245.0,3225.0,3240.0,27700,0.0,0.0
2022-11-29 09:00:00+09:00,3210.0,3220.0,3195.0,3220.0,31500,0.0,0.0
2022-11-29 10:00:00+09:00,3220.0,3230.0,3210.0,3215.0,13400,0.0,0.0
2022-11-29 11:00:00+09:00,3210.0,3210.0,3195.0,3195.0,0,0.0,0.0
2022-11-29 12:00:00+09:00,3190.0,3205.0,3190.0,3200.0,67200,0.0,0.0
2022-11-29 13:00:00+09:00,3200.0,3205.0,3185.0,3190.0,28200,0.0,0.0
2022-11-29 14:00:00+09:00,3195.0,3200.0,3175.0,3175.0,22100,0.0,0.0
2022-11-30 09:00:00+09:00,3165.0,3195.0,3150.0,3160.0,41900,0.0,0.0
2022-11-30 10:00:00+09:00,3155.0,3160.0,3140.0,3140.0,24900,0.0,0.0
2022-11-30 11:00:00+09:00,3140.0,3140.0,3110.0,3135.0,0,0.0,0.0
2022-11-30 12:00:00+09:00,3130.0,3150.0,3130.0,3145.0,122500,0.0,0.0
2022-11-30 13:00:00+09:00,3145.0,3170.0,3145.0,3170.0,20900,0.0,0.0
2022-11-30 14:00:00+09:00,3170.0,3175.0,3165.0,3170.0,21200,0.0,0.0
2022-12-01 09:00:00+09:00,3215.0,3215.0,3150.0,3160.0,68000,0.0,0.0
2022-12-01 10:00:00+09:00,3160.0,3170.0,3145.0,3150.0,39700,0.0,0.0
2022-12-01 11:00:00+09:00,3150.0,3150.0,3140.0,3145.0,0,0.0,0.0
2022-12-01 12:00:00+09:00,3145.0,3180.0,3145.0,3175.0,141200,0.0,0.0
2022-12-01 13:00:00+09:00,3175.0,3175.0,3160.0,3160.0,13700,0.0,0.0
2022-12-01 14:00:00+09:00,3160.0,3165.0,3145.0,3145.0,14300,0.0,0.0
2022-12-02 09:00:00+09:00,3115.0,3120.0,3095.0,3100.0,42900,0.0,0.0
2022-12-02 10:00:00+09:00,3095.0,3095.0,3025.0,3035.0,67200,0.0,0.0
2022-12-02 11:00:00+09:00,3030.0,3055.0,3025.0,3055.0,0,0.0,0.0
2022-12-02 12:00:00+09:00,3060.0,3075.0,3050.0,3065.0,146600,0.0,0.0
2022-12-02 13:00:00+09:00,3065.0,3065.0,3060.0,3065.0,7600,0.0,0.0
2022-12-02 14:00:00+09:00,3065.0,3065.0,3050.0,3050.0,26100,0.0,0.0
2022-12-05 09:00:00+09:00,3030.0,3040.0,3005.0,3015.0,45900,0.0,0.0
2022-12-05 10:00:00+09:00,3020.0,3030.0,3000.0,3015.0,55700,0.0,0.0
2022-12-05 11:00:00+09:00,3020.0,3030.0,3015.0,3020.0,0,0.0,0.0
2022-12-05 12:00:00+09:00,3015.0,3045.0,3015.0,3045.0,118700,0.0,0.0
2022-12-05 13:00:00+09:00,3045.0,3055.0,3035.0,3045.0,15900,0.0,0.0
2022-12-05 14:00:00+09:00,3040.0,3050.0,3040.0,3050.0,15400,0.0,0.0
2022-12-06 09:00:00+09:00,2950.0,2983.0,2900.0,2955.0,153800,0.0,0.0
2022-12-06 10:00:00+09:00,2954.0,2970.0,2946.0,2950.0,38600,0.0,0.0
2022-12-06 11:00:00+09:00,2949.0,2960.0,2948.0,2959.0,0,0.0,0.0
2022-12-06 12:00:00+09:00,2960.0,2965.0,2948.0,2948.0,239300,0.0,0.0
2022-12-06 13:00:00+09:00,2947.0,2959.0,2933.0,2948.0,56600,0.0,0.0
2022-12-06 14:00:00+09:00,2947.0,2961.0,2944.0,2951.0,52200,0.0,0.0
2022-12-07 09:00:00+09:00,2930.0,2967.0,2930.0,2960.0,42400,0.0,0.0
2022-12-07 10:00:00+09:00,2960.0,2979.0,2956.0,2974.0,22400,0.0,0.0
2022-12-07 11:00:00+09:00,2973.0,2974.0,2968.0,2969.0,0,0.0,0.0
2022-12-07 12:00:00+09:00,2967.0,2975.0,2964.0,2970.0,85500,0.0,0.0
2022-12-07 13:00:00+09:00,2969.0,2969.0,2957.0,2968.0,13000,0.0,0.0
2022-12-07 14:00:00+09:00,2968.0,2973.0,2961.0,2964.0,29400,0.0,0.0
2022-12-08 09:00:00+09:00,2974.0,2983.0,2935.0,2940.0,32100,0.0,0.0
2022-12-08 10:00:00+09:00,2940.0,2947.0,2938.0,2944.0,8000,0.0,0.0
2022-12-08 11:00:00+09:00,2945.0,2945.0,2937.0,2943.0,0,0.0,0.0
2022-12-08 12:00:00+09:00,2946.0,2958.0,2946.0,2958.0,49600,0.0,0.0
2022-12-08 13:00:00+09:00,2960.0,2969.0,2960.0,2962.0,9700,0.0,0.0
2022-12-08 14:00:00+09:00,2962.0,2970.0,2956.0,2964.0,30800,0.0,0.0
2022-12-09 09:00:00+09:00,2930.0,2985.0,2925.0,2981.0,45000,0.0,0.0
2022-12-09 10:00:00+09:00,2980.0,2983.0,2970.0,2976.0,10400,0.0,0.0
2022-12-09 11:00:00+09:00,2974.0,2983.0,2973.0,2983.0,0,0.0,0.0
2022-12-09 12:00:00+09:00,2985.0,2985.0,2973.0,2977.0,66800,0.0,0.0
2022-12-09 13:00:00+09:00,2977.0,2992.0,2972.0,2988.0,22700,0.0,0.0
2022-12-09 14:00:00+09:00,2989.0,2998.0,2987.0,2992.0,19400,0.0,0.0
2022-12-12 09:00:00+09:00,2988.0,3015.0,2978.0,3005.0,39400,0.0,0.0
2022-12-12 10:00:00+09:00,3005.0,3005.0,2993.0,2993.0,5200,0.0,0.0
2022-12-12 11:00:00+09:00,2993.0,2997.0,2985.0,2991.0,0,0.0,0.0
2022-12-12 12:00:00+09:00,2988.0,2988.0,2980.0,2980.0,57100,0.0,0.0
2022-12-12 13:00:00+09:00,2980.0,2984.0,2977.0,2979.0,10000,0.0,0.0
2022-12-12 14:00:00+09:00,2980.0,2984.0,2973.0,2973.0,17700,0.0,0.0
2022-12-13 09:00:00+09:00,3005.0,3010.0,2993.0,3000.0,22800,0.0,0.0
2022-12-13 10:00:00+09:00,2998.0,3005.0,2994.0,3005.0,13000,0.0,0.0
2022-12-13 11:00:00+09:00,3005.0,3025.0,3005.0,3020.0,0,0.0,0.0
2022-12-13 12:00:00+09:00,3010.0,3020.0,3010.0,3010.0,54600,0.0,0.0
2022-12-13 13:00:00+09:00,3015.0,3015.0,3010.0,3010.0,6200,0.0,0.0
2022-12-13 14:00:00+09:00,3010.0,3045.0,3010.0,3035.0,47300,0.0,0.0
2022-12-14 09:00:00+09:00,3035.0,3055.0,3020.0,3030.0,34500,0.0,0.0
2022-12-14 10:00:00+09:00,3030.0,3035.0,3030.0,3035.0,5200,0.0,0.0
2022-12-14 11:00:00+09:00,3035.0,3040.0,3035.0,3035.0,0,0.0,0.0
2022-12-14 12:00:00+09:00,3035.0,3035.0,3030.0,3030.0,56400,0.0,0.0
2022-12-14 13:00:00+09:00,3030.0,3030.0,3020.0,3020.0,6400,0.0,0.0
2022-12-14 14:00:00+09:00,3020.0,3025.0,3010.0,3025.0,10400,0.0,0.0
2022-12-15 09:00:00+09:00,3020.0,3060.0,3005.0,3055.0,19200,0.0,0.0
2022-12-15 10:00:00+09:00,3055.0,3065.0,3055.0,3065.0,11800,0.0,0.0
2022-12-15 11:00:00+09:00,3065.0,3075.0,3060.0,3065.0,0,0.0,0.0
2022-12-15 12:00:00+09:00,3055.0,3070.0,3055.0,3065.0,46400,0.0,0.0
2022-12-15 13:00:00+09:00,3065.0,3065.0,3055.0,3065.0,8900,0.0,0.0
2022-12-15 14:00:00+09:00,3065.0,3065.0,3050.0,3055.0,10900,0.0,0.0
2022-12-16 09:00:00+09:00,3050.0,3065.0,3025.0,3050.0,40300,0.0,0.0
2022-12-16 10:00:00+09:00,3050.0,3055.0,3035.0,3040.0,12600,0.0,0.0
2022-12-16 11:00:00+09:00,3035.0,3040.0,3035.0,3040.0,0,0.0,0.0
2022-12-16 12:00:00+09:00,3040.0,3045.0,3010.0,3025.0,85800,0.0,0.0
2022-12-16 13:00:00+09:00,3030.0,3030.0,3010.0,3010.0,21200,0.0,0.0
2022-12-16 14:00:00+09:00,3010.0,3010.0,2986.0,2987.0,49600,0.0,0.0
2022-12-19 09:00:00+09:00,2986.0,3050.0,2980.0,3045.0,59800,0.0,0.0
2022-12-19 10:00:00+09:00,3045.0,3050.0,3015.0,3025.0,30900,0.0,0.0
2022-12-19 11:00:00+09:00,3025.0,3025.0,3015.0,3020.0,0,0.0,0.0
2022-12-19 12:00:00+09:00,3020.0,3020.0,3010.0,3020.0,107900,0.0,0.0
2022-12-19 13:00:00+09:00,3020.0,3025.0,3015.0,3020.0,11000,0.0,0.0
2022-12-19 14:00:00+09:00,3020.0,3025.0,3020.0,3020.0,8800,0.0,0.0
2022-12-20 09:00:00+09:00,3035.0,3040.0,3020.0,3040.0,11900,0.0,0.0
2022-12-20 10:00:00+09:00,3040.0,3040.0,3035.0,3035.0,4400,0.0,0.0
2022-12-20 11:00:00+09:00,3035.0,3035.0,3025.0,3025.0,0,0.0,0.0
2022-12-20 12:00:00+09:00,2971.0,2984.0,2942.0,2945.0,103900,0.0,0.0
2022-12-20 13:00:00+09:00,2941.0,2943.0,2915.0,2918.0,64300,0.0,0.0
2022-12-20 14:00:00+09:00,2916.0,2946.0,2915.0,2944.0,49800,0.0,0.0
2022-12-21 09:00:00+09:00,2905.0,2923.0,2856.0,2865.0,82700,0.0,0.0
2022-12-21 10:00:00+09:00,2862.0,2887.0,2857.0,2876.0,43500,0.0,0.0
2022-12-21 11:00:00+09:00,2874.0,2883.0,2871.0,2871.0,0,0.0,0.0
2022-12-21 12:00:00+09:00,2872.0,2874.0,2841.0,2859.0,168500,0.0,0.0
2022-12-21 13:00:00+09:00,2859.0,2863.0,2844.0,2846.0,48300,0.0,0.0
2022-12-21 14:00:00+09:00,2847.0,2849.0,2835.0,2839.0,57900,0.0,0.0
2022-12-22 09:00:00+09:00,2852.0,2899.0,2848.0,2879.0,44800,0.0,0.0
2022-12-22 10:00:00+09:00,2878.0,2883.0,2852.0,2860.0,19000,0.0,0.0
2022-12-22 11:00:00+09:00,2862.0,2866.0,2860.0,2860.0,0,0.0,0.0
2022-12-22 12:00:00+09:00,2856.0,2887.0,2854.0,2887.0,104000,0.0,0.0
2022-12-22 13:00:00+09:00,2884.0,2890.0,2879.0,2880.0,28800,0.0,0.0
2022-12-22 14:00:00+09:00,2880.0,2886.0,2868.0,2870.0,29400,0.0,0.0
2022-12-23 09:00:00+09:00,2828.0,2839.0,2810.0,2816.0,60200,0.0,0.0
2022-12-23 10:00:00+09:00,2817.0,2827.0,2811.0,2826.0,32900,0.0,0.0
2022-12-23 11:00:00+09:00,2822.0,2827.0,2821.0,2825.0,0,0.0,0.0
2022-12-23 12:00:00+09:00,2825.0,2843.0,2825.0,2843.0,110200,0.0,0.0
2022-12-23 13:00:00+09:00,2841.0,2849.0,2840.0,2843.0,12800,0.0,0.0
2022-12-23 14:00:00+09:00,2843.0,2844.0,2832.0,2840.0,27500,0.0,0.0
2022-12-26 09:00:00+09:00,2865.0,2896.0,2859.0,2884.0,33300,0.0,0.0
2022-12-26 10:00:00+09:00,2885.0,2898.0,2876.0,2898.0,13700,0.0,0.0
2022-12-26 11:00:00+09:00,2897.0,2904.0,2897.0,2904.0,0,0.0,0.0
2022-12-26 12:00:00+09:00,2903.0,2913.0,2900.0,2910.0,65800,0.0,0.0
2022-12-26 13:00:00+09:00,2911.0,2918.0,2907.0,2918.0,18200,0.0,0.0
2022-12-26 14:00:00+09:00,2917.0,2918.0,2909.0,2916.0,24400,0.0,0.0
2022-12-27 09:00:00+09:00,2941.0,2941.0,2899.0,2901.0,37400,0.0,0.0
2022-12-27 10:00:00+09:00,2900.0,2905.0,2891.0,2895.0,14800,0.0,0.0
2022-12-27 11:00:00+09:00,2896.0,2897.0,2893.0,2896.0,0,0.0,0.0
2022-12-27 12:00:00+09:00,2892.0,2893.0,2883.0,2887.0,67700,0.0,0.0
2022-12-27 13:00:00+09:00,2888.0,2888.0,2875.0,2878.0,15500,0.0,0.0
2022-12-27 14:00:00+09:00,2878.0,2890.0,2878.0,2884.0,22500,0.0,0.0
2022-12-28 09:00:00+09:00,2899.0,2899.0,2865.0,2868.0,28100,0.0,0.0
2022-12-28 10:00:00+09:00,2868.0,2885.0,2865.0,2878.0,15600,0.0,0.0
2022-12-28 11:00:00+09:00,2876.0,2881.0,2872.0,2878.0,0,0.0,0.0
2022-12-28 12:00:00+09:00,2875.0,2880.0,2868.0,2875.0,63500,0.0,0.0
2022-12-28 13:00:00+09:00,2875.0,2884.0,2874.0,2882.0,18200,0.0,0.0
2022-12-28 14:00:00+09:00,2881.0,2893.0,2878.0,2890.0,20400,0.0,0.0
2022-12-29 09:00:00+09:00,2887.0,2893.0,2866.0,2886.0,31000,0.0,0.0
2022-12-29 10:00:00+09:00,2885.0,2895.0,2880.0,2888.0,15600,0.0,0.0
2022-12-29 11:00:00+09:00,2888.0,2895.0,2883.0,2888.0,0,0.0,0.0
2022-12-29 12:00:00+09:00,2889.0,2906.0,2889.0,2905.0,73100,0.0,0.0
2022-12-29 13:00:00+09:00,2905.0,2912.0,2901.0,2908.0,21500,0.0,0.0
2022-12-29 14:00:00+09:00,2906.0,2915.0,2905.0,2915.0,26900,0.0,0.0
2022-12-30 09:00:00+09:00,2913.0,2939.0,2913.0,2928.0,26600,0.0,0.0
2022-12-30 10:00:00+09:00,2930.0,2935.0,2925.0,2928.0,13100,0.0,0.0
2022-12-30 11:00:00+09:00,2931.0,2935.0,2931.0,2934.0,0,0.0,0.0
2022-12-30 12:00:00+09:00,2930.0,2940.0,2921.0,2924.0,62100,0.0,0.0
2022-12-30 13:00:00+09:00,2923.0,2936.0,2923.0,2932.0,0,0.0,0.0
2022-12-30 14:00:00+09:00,2934.0,2934.0,2916.0,2916.0,133900,0.0,0.0
2023-01-04 09:00:00+09:00,2883.0,2885.0,2850.0,2852.0,49200,0.0,0.0
2023-01-04 10:00:00+09:00,2852.0,2861.0,2840.0,2841.0,0,0.0,0.0
2023-01-04 11:00:00+09:00,2842.0,2850.0,2841.0,2845.0,0,0.0,0.0
2023-01-04 12:00:00+09:00,2843.0,2846.0,2826.0,2844.0,149200,0.0,0.0
2023-01-04 13:00:00+09:00,2845.0,2853.0,2841.0,2844.0,23800,0.0,0.0
2023-01-04 14:00:00+09:00,2843.0,2847.0,2836.0,2837.0,33800,0.0,0.0
2023-01-05 09:00:00+09:00,2801.0,2815.0,2784.0,2797.0,72500,0.0,0.0
2023-01-05 10:00:00+09:00,2795.0,2811.0,2789.0,2798.0,41700,0.0,0.0
2023-01-05 11:00:00+09:00,2797.0,2797.0,2780.0,2780.0,0,0.0,0.0
2023-01-05 12:00:00+09:00,2781.0,2801.0,2781.0,2801.0,176000,0.0,0.0
2023-01-05 13:00:00+09:00,2800.0,2808.0,2799.0,2802.0,28900,0.0,0.0
2023-01-05 14:00:00+09:00,2803.0,2820.0,2803.0,2813.0,46900,0.0,0.0
2023-01-06 09:00:00+09:00,2801.0,2829.0,2801.0,2824.0,40600,0.0,0.0
2023-01-06 10:00:00+09:00,2823.0,2829.0,2814.0,2829.0,17400,0.0,0.0
2023-01-06 11:00:00+09:00,2830.0,2834.0,2825.0,2826.0,0,0.0,0.0
2023-01-06 12:00:00+09:00,2821.0,2828.0,2820.0,2821.0,97000,0.0,0.0
2023-01-06 13:00:00+09:00,2822.0,2827.0,2814.0,2824.0,30600,0.0,0.0
2023-01-06 14:00:00+09:00,2825.0,2831.0,2818.0,2830.0,69000,0.0,0.0
2023-01-10 09:00:00+09:00,2863.0,2868.0,2805.0,2806.0,83000,0.0,0.0
2023-01-10 10:00:00+09:00,2807.0,2809.0,2783.0,2791.0,53900,0.0,0.0
2023-01-10 11:00:00+09:00,2792.0,2806.0,2792.0,2804.0,0,0.0,0.0
2023-01-10 12:00:00+09:00,2800.0,2800.0,2786.0,2786.0,173500,0.0,0.0
2023-01-10 13:00:00+09:00,2787.0,2798.0,2787.0,2795.0,25400,0.0,0.0
2023-01-10 14:00:00+09:00,2796.0,2797.0,2787.0,2791.0,33700,0.0,0.0
2023-01-11 09:00:00+09:00,2804.0,2845.0,2801.0,2843.0,67500,0.0,0.0
2023-01-11 10:00:00+09:00,2842.0,2845.0,2831.0,2841.0,30400,0.0,0.0
2023-01-11 11:00:00+09:00,2841.0,2841.0,2838.0,2838.0,0,0.0,0.0
2023-01-11 12:00:00+09:00,2835.0,2838.0,2832.0,2837.0,113600,0.0,0.0
2023-01-11 13:00:00+09:00,2837.0,2841.0,2834.0,2836.0,17200,0.0,0.0
2023-01-11 14:00:00+09:00,2835.0,2837.0,2826.0,2826.0,48100,0.0,0.0
2023-01-12 09:00:00+09:00,2835.0,2846.0,2830.0,2842.0,39800,0.0,0.0
2023-01-12 10:00:00+09:00,2843.0,2843.0,2831.0,2834.0,19100,0.0,0.0
2023-01-12 11:00:00+09:00,2833.0,2834.0,2829.0,2832.0,0,0.0,0.0
2023-01-12 12:00:00+09:00,2831.0,2841.0,2825.0,2835.0,96800,0.0,0.0
2023-01-12 13:00:00+09:00,2836.0,2838.0,2827.0,2827.0,17500,0.0,0.0
2023-01-12 14:00:00+09:00,2828.0,2837.0,2827.0,2835.0,28900,0.0,0.0
2023-01-13 09:00:00+09:00,2799.0,2839.0,2799.0,2835.0,0,0.0,0.0
2023-01-13 10:00:00+09:00,2834.0,2835.0,2801.0,2814.0,81700,0.0,0.0
2023-01-13 11:00:00+09:00,2818.0,2823.0,2812.0,2812.0,0,0.0,0.0
2023-01-13 12:00:00+09:00,2814.0,2814.0,2790.0,2797.0,129000,0.0,0.0
2023-01-13 13:00:00+09:00,2799.0,2810.0,2797.0,2802.0,56800,0.0,0.0
2023-01-13 14:00:00+09:00,2802.0,2817.0,2798.0,2817.0,56700,0.0,0.0
2023-01-16 09:00:00+09:00,2667.0,2691.0,2627.0,2660.0,507600,0.0,0.0
2023-01-16 10:00:00+09:00,2659.0,2666.0,2644.0,2648.0,91200,0.0,0.0
2023-01-16 11:00:00+09:00,2648.0,2654.0,2642.0,2654.0,0,0.0,0.0
2023-01-16 12:00:00+09:00,2646.0,2646.0,2630.0,2632.0,738400,0.0,0.0
2023-01-16 13:00:00+09:00,2632.0,2634.0,2622.0,2623.0,95600,0.0,0.0
2023-01-16 14:00:00+09:00,2624.0,2665.0,2622.0,2645.0,165500,0.0,0.0
2023-01-17 09:00:00+09:00,2647.0,2709.0,2644.0,2681.0,135500,0.0,0.0
2023-01-17 10:00:00+09:00,2682.0,2707.0,2675.0,2678.0,53900,0.0,0.0
2023-01-17 11:00:00+09:00,2678.0,2688.0,2670.0,2672.0,0,0.0,0.0
2023-01-17 12:00:00+09:00,2686.0,2694.0,2677.0,2678.0,302800,0.0,0.0
2023-01-17 13:00:00+09:00,2678.0,2683.0,2663.0,2665.0,62000,0.0,0.0
2023-01-17 14:00:00+09:00,2666.0,2668.0,2656.0,2662.0,93900,0.0,0.0
2023-01-18 09:00:00+09:00,2626.0,2633.0,2606.0,2619.0,123400,0.0,0.0
2023-01-18 10:00:00+09:00,2619.0,2626.0,2615.0,2625.0,68600,0.0,0.0
2023-01-18 11:00:00+09:00,2624.0,2644.0,2623.0,2642.0,0,0.0,0.0
2023-01-18 12:00:00+09:00,2668.0,2703.0,2653.0,2695.0,323900,0.0,0.0
2023-01-18 13:00:00+09:00,2694.0,2707.0,2691.0,2701.0,93000,0.0,0.0
2023-01-18 14:00:00+09:00,2701.0,2706.0,2695.0,2702.0,80500,0.0,0.0
2023-01-19 09:00:00+09:00,2708.0,2750.0,2701.0,2721.0,120400,0.0,0.0
2023-01-19 10:00:00+09:00,2722.0,2737.0,2721.0,2729.0,41900,0.0,0.0
2023-01-19 11:00:00+09:00,2729.0,2729.0,2721.0,2722.0,0,0.0,0.0
2023-01-19 12:00:00+09:00,2721.0,2724.0,2703.0,2711.0,204800,0.0,0.0
2023-01-19 13:00:00+09:00,2710.0,2718.0,2707.0,2718.0,42800,0.0,0.0
2023-01-19 14:00:00+09:00,2719.0,2727.0,2711.0,2712.0,72200,0.0,0.0
2023-01-20 09:00:00+09:00,2713.0,2713.0,2690.0,2711.0,44000,0.0,0.0
2023-01-20 10:00:00+09:00,2710.0,2715.0,2700.0,2709.0,38200,0.0,0.0
2023-01-20 11:00:00+09:00,2708.0,2710.0,2698.0,2698.0,0,0.0,0.0
2023-01-20 12:00:00+09:00,2698.0,2699.0,2685.0,2696.0,129200,0.0,0.0
2023-01-20 13:00:00+09:00,2696.0,2708.0,2695.0,2706.0,24900,0.0,0.0
2023-01-20 14:00:00+09:00,2706.0,2716.0,2706.0,2714.0,40300,0.0,0.0
2023-01-23 09:00:00+09:00,2736.0,2736.0,2707.0,2715.0,29000,0.0,0.0
2023-01-23 10:00:00+09:00,2718.0,2740.0,2713.0,2731.0,25500,0.0,0.0
2023-01-23 11:00:00+09:00,2731.0,2733.0,2730.0,2733.0,0,0.0,0.0
2023-01-23 12:00:00+09:00,2728.0,2744.0,2728.0,2742.0,68600,0.0,0.0
2023-01-23 13:00:00+09:00,2743.0,2747.0,2738.0,2744.0,18900,0.0,0.0
2023-01-23 14:00:00+09:00,2744.0,2752.0,2738.0,2752.0,23900,0.0,0.0
2023-01-24 09:00:00+09:00,2787.0,2788.0,2768.0,2774.0,60600,0.0,0.0
2023-01-24 10:00:00+09:00,2774.0,2787.0,2765.0,2787.0,30200,0.0,0.0
2023-01-24 11:00:00+09:00,2785.0,2787.0,2779.0,2783.0,0,0.0,0.0
2023-01-24 12:00:00+09:00,2785.0,2792.0,2785.0,2791.0,120700,0.0,0.0
2023-01-24 13:00:00+09:00,2790.0,2804.0,2789.0,2799.0,32200,0.0,0.0
2023-01-24 14:00:00+09:00,2799.0,2806.0,2797.0,2802.0,31400,0.0,0.0
2023-01-25 09:00:00+09:00,2803.0,2810.0,2783.0,2796.0,40400,0.0,0.0
2023-01-25 10:00:00+09:00,2798.0,2803.0,2796.0,2800.0,21600,0.0,0.0
2023-01-25 11:00:00+09:00,2801.0,2806.0,2801.0,2806.0,0,0.0,0.0
2023-01-25 12:00:00+09:00,2810.0,2811.0,2806.0,2807.0,86100,0.0,0.0
2023-01-25 13:00:00+09:00,2806.0,2810.0,2802.0,2809.0,36600,0.0,0.0
2023-01-25 14:00:00+09:00,2810.0,2815.0,2808.0,2812.0,35300,0.0,0.0
2023-01-26 09:00:00+09:00,2803.0,2813.0,2796.0,2802.0,38200,0.0,0.0
2023-01-26 10:00:00+09:00,2802.0,2809.0,2797.0,2801.0,17200,0.0,0.0
2023-01-26 11:00:00+09:00,2801.0,2803.0,2798.0,2800.0,0,0.0,0.0
2023-01-26 12:00:00+09:00,2796.0,2799.0,2783.0,2784.0,77300,0.0,0.0
2023-01-26 13:00:00+09:00,2784.0,2787.0,2774.0,2780.0,29200,0.0,0.0
2023-01-26 14:00:00+09:00,2779.0,2800.0,2778.0,2793.0,56800,0.0,0.0
2023-01-27 09:00:00+09:00,2816.0,2837.0,2812.0,2830.0,87500,0.0,0.0
2023-01-27 10:00:00+09:00,2829.0,2845.0,2826.0,2842.0,27500,0.0,0.0
2023-01-27 11:00:00+09:00,2842.0,2848.0,2841.0,2846.0,0,0.0,0.0
2023-01-27 12:00:00+09:00,2850.0,2850.0,2841.0,2842.0,142900,0.0,0.0
2023-01-27 13:00:00+09:00,2842.0,2856.0,2842.0,2851.0,34200,0.0,0.0
2023-01-27 14:00:00+09:00,2851.0,2854.0,2848.0,2850.0,32000,0.0,0.0
2023-01-30 09:00:00+09:00,2868.0,2890.0,2854.0,2856.0,53300,0.0,0.0
2023-01-30 10:00:00+09:00,2854.0,2854.0,2834.0,2850.0,33600,0.0,0.0
2023-01-30 11:00:00+09:00,2850.0,2854.0,2850.0,2854.0,0,0.0,0.0
2023-01-30 12:00:00+09:00,2854.0,2854.0,2838.0,2840.0,117200,0.0,0.0
2023-01-30 13:00:00+09:00,2838.0,2840.0,2834.0,2835.0,22100,0.0,0.0
2023-01-30 14:00:00+09:00,2834.0,2844.0,2824.0,2841.0,44800,0.0,0.0
2023-01-31 09:00:00+09:00,2832.0,2854.0,2832.0,2850.0,33300,0.0,0.0
2023-01-31 10:00:00+09:00,2850.0,2851.0,2843.0,2849.0,19800,0.0,0.0
2023-01-31 11:00:00+09:00,2849.0,2850.0,2845.0,2847.0,0,0.0,0.0
2023-01-31 12:00:00+09:00,2850.0,2853.0,2846.0,2849.0,75800,0.0,0.0
2023-01-31 13:00:00+09:00,2850.0,2874.0,2844.0,2873.0,27500,0.0,0.0
2023-01-31 14:00:00+09:00,2873.0,2878.0,2862.0,2866.0,38900,0.0,0.0
2023-02-01 09:00:00+09:00,2885.0,2893.0,2857.0,2857.0,52000,0.0,0.0
2023-02-01 10:00:00+09:00,2856.0,2879.0,2856.0,2869.0,37800,0.0,0.0
2023-02-01 11:00:00+09:00,2869.0,2869.0,2861.0,2862.0,0,0.0,0.0
2023-02-01 12:00:00+09:00,2860.0,2863.0,2839.0,2839.0,128000,0.0,0.0
2023-02-01 13:00:00+09:00,2841.0,2841.0,2830.0,2836.0,41300,0.0,0.0
2023-02-01 14:00:00+09:00,2837.0,2843.0,2830.0,2841.0,82700,0.0,0.0
2023-02-02 09:00:00+09:00,2842.0,2845.0,2822.0,2834.0,33200,0.0,0.0
2023-02-02 10:00:00+09:00,2834.0,2834.0,2811.0,2812.0,28200,0.0,0.0
2023-02-02 11:00:00+09:00,2812.0,2817.0,2807.0,2810.0,0,0.0,0.0
2023-02-02 12:00:00+09:00,2807.0,2807.0,2798.0,2799.0,105800,0.0,0.0
2023-02-02 13:00:00+09:00,2797.0,2808.0,2796.0,2805.0,26100,0.0,0.0
2023-02-02 14:00:00+09:00,2804.0,2809.0,2803.0,2809.0,23400,0.0,0.0
2023-02-03 09:00:00+09:00,2795.0,2806.0,2784.0,2804.0,31000,0.0,0.0
2023-02-03 10:00:00+09:00,2804.0,2804.0,2790.0,2793.0,14400,0.0,0.0
2023-02-03 11:00:00+09:00,2794.0,2795.0,2789.0,2792.0,0,0.0,0.0
2023-02-03 12:00:00+09:00,2788.0,2793.0,2787.0,2790.0,62100,0.0,0.0
2023-02-03 13:00:00+09:00,2790.0,2795.0,2784.0,2794.0,36900,0.0,0.0
2023-02-03 14:00:00+09:00,2792.0,2795.0,2790.0,2793.0,21300,0.0,0.0
2023-02-06 09:00:00+09:00,2845.0,2862.0,2835.0,2862.0,48500,0.0,0.0
2023-02-06 10:00:00+09:00,2862.0,2871.0,2859.0,2871.0,35200,0.0,0.0
2023-02-06 11:00:00+09:00,2871.0,2873.0,2869.0,2870.0,0,0.0,0.0
2023-02-06 12:00:00+09:00,2870.0,2870.0,2855.0,2858.0,102200,0.0,0.0
2023-02-06 13:00:00+09:00,2857.0,2870.0,2853.0,2867.0,19100,0.0,0.0
2023-02-06 14:00:00+09:00,2867.0,2867.0,2857.0,2867.0,24300,0.0,0.0
2023-02-07 09:00:00+09:00,2875.0,2875.0,2860.0,2868.0,38300,0.0,0.0
2023-02-07 10:00:00+09:00,2868.0,2870.0,2858.0,2867.0,19200,0.0,0.0
2023-02-07 11:00:00+09:00,2867.0,2867.0,2854.0,2855.0,0,0.0,0.0
2023-02-07 12:00:00+09:00,2854.0,2862.0,2853.0,2857.0,81100,0.0,0.0
2023-02-07 13:00:00+09:00,2854.0,2855.0,2837.0,2837.0,34400,0.0,0.0
2023-02-07 14:00:00+09:00,2837.0,2847.0,2835.0,2840.0,50800,0.0,0.0
2023-02-08 09:00:00+09:00,2834.0,2858.0,2832.0,2842.0,31900,0.0,0.0
2023-02-08 10:00:00+09:00,2843.0,2846.0,2836.0,2845.0,15300,0.0,0.0
2023-02-08 11:00:00+09:00,2845.0,2851.0,2843.0,2847.0,0,0.0,0.0
2023-02-08 12:00:00+09:00,2845.0,2851.0,2844.0,2846.0,65500,0.0,0.0
2023-02-08 13:00:00+09:00,2845.0,2855.0,2845.0,2852.0,15700,0.0,0.0
2023-02-08 14:00:00+09:00,2852.0,2865.0,2851.0,2862.0,20900,0.0,0.0
2023-02-09 09:00:00+09:00,2836.0,2862.0,2833.0,2861.0,0,0.0,0.0
2023-02-09 10:00:00+09:00,2860.0,2869.0,2855.0,2865.0,35000,0.0,0.0
2023-02-09 11:00:00+09:00,2867.0,2872.0,2867.0,2869.0,0,0.0,0.0
2023-02-09 12:00:00+09:00,2869.0,2873.0,2867.0,2872.0,49000,0.0,0.0
2023-02-09 13:00:00+09:00,2873.0,2875.0,2867.0,2875.0,20100,0.0,0.0
2023-02-09 14:00:00+09:00,2874.0,2880.0,2873.0,2874.0,16500,0.0,0.0
2023-02-10 09:00:00+09:00,2857.0,2882.0,2856.0,2881.0,0,0.0,0.0
2023-02-10 10:00:00+09:00,2879.0,2887.0,2873.0,2876.0,41100,0.0,0.0
2023-02-10 11:00:00+09:00,2879.0,2880.0,2872.0,2877.0,0,0.0,0.0
2023-02-10 12:00:00+09:00,2876.0,2879.0,2872.0,2874.0,63100,0.0,0.0
2023-02-10 13:00:00+09:00,2874.0,2874.0,2861.0,2864.0,11500,0.0,0.0
2023-02-10 14:00:00+09:00,2863.0,2866.0,2861.0,2864.0,15300,0.0,0.0
2023-02-13 09:00:00+09:00,2885.0,2886.0,2875.0,2880.0,25500,0.0,0.0
2023-02-13 10:00:00+09:00,2883.0,2888.0,2867.0,2888.0,28500,0.0,0.0
2023-02-13 11:00:00+09:00,2886.0,2889.0,2883.0,2889.0,0,0.0,0.0
2023-02-13 12:00:00+09:00,2893.0,2899.0,2890.0,2897.0,74200,0.0,0.0
2023-02-13 13:00:00+09:00,2897.0,2905.0,2897.0,2901.0,25500,0.0,0.0
2023-02-13 14:00:00+09:00,2901.0,2907.0,2900.0,2905.0,18900,0.0,0.0
2023-02-14 09:00:00+09:00,2939.0,2942.0,2924.0,2933.0,56000,0.0,0.0
2023-02-14 10:00:00+09:00,2933.0,2933.0,2916.0,2922.0,25500,0.0,0.0
2023-02-14 11:00:00+09:00,2921.0,2925.0,2918.0,2921.0,0,0.0,0.0
2023-02-14 12:00:00+09:00,2922.0,2928.0,2920.0,2921.0,108000,0.0,0.0
2023-02-14 13:00:00+09:00,2922.0,2922.0,2917.0,2919.0,20500,0.0,0.0
2023-02-14 14:00:00+09:00,2919.0,2922.0,2912.0,2918.0,36800,0.0,0.0
2023-02-15 09:00:00+09:00,2936.0,2940.0,2918.0,2921.0,24000,0.0,0.0
2023-02-15 10:00:00+09:00,2921.0,2934.0,2919.0,2924.0,16500,0.0,0.0
2023-02-15 11:00:00+09:00,2924.0,2928.0,2924.0,2924.0,0,0.0,0.0
2023-02-15 12:00:00+09:00,2926.0,2926.0,2912.0,2921.0,62200,0.0,0.0
2023-02-15 13:00:00+09:00,2921.0,2923.0,2914.0,2921.0,15000,0.0,0.0
2023-02-15 14:00:00+09:00,2921.0,2923.0,2915.0,2917.0,27900,0.0,0.0
2023-02-16 09:00:00+09:00,2943.0,2950.0,2923.0,2930.0,33300,0.0,0.0
2023-02-16 10:00:00+09:00,2930.0,2948.0,2922.0,2933.0,43700,0.0,0.0
2023-02-16 11:00:00+09:00,2933.0,2939.0,2933.0,2939.0,0,0.0,0.0
2023-02-16 12:00:00+09:00,2939.0,2943.0,2937.0,2938.0,91000,0.0,0.0
2023-02-16 13:00:00+09:00,2936.0,2938.0,2933.0,2935.0,8200,0.0,0.0
2023-02-16 14:00:00+09:00,2935.0,2941.0,2935.0,2939.0,19000,0.0,0.0
2023-02-17 09:00:00+09:00,2940.0,2942.0,2923.0,2932.0,33300,0.0,0.0
2023-02-17 10:00:00+09:00,2935.0,2939.0,2931.0,2935.0,14000,0.0,0.0
2023-02-17 11:00:00+09:00,2936.0,2936.0,2932.0,2932.0,0,0.0,0.0
2023-02-17 12:00:00+09:00,2931.0,2933.0,2926.0,2926.0,66500,0.0,0.0
2023-02-17 13:00:00+09:00,2927.0,2929.0,2924.0,2927.0,12200,0.0,0.0
2023-02-17 14:00:00+09:00,2928.0,2928.0,2921.0,2926.0,25600,0.0,0.0
2023-02-20 09:00:00+09:00,2931.0,2952.0,2921.0,2952.0,59300,0.0,0.0
2023-02-20 10:00:00+09:00,2952.0,2966.0,2944.0,2963.0,44300,0.0,0.0
2023-02-20 11:00:00+09:00,2964.0,2969.0,2963.0,2969.0,0,0.0,0.0
2023-02-20 12:00:00+09:00,2963.0,2968.0,2961.0,2967.0,135600,0.0,0.0
2023-02-20 13:00:00+09:00,2968.0,2970.0,2961.0,2967.0,21600,0.0,0.0
2023-02-20 14:00:00+09:00,2967.0,2971.0,2966.0,2968.0,24200,0.0,0.0
2023-02-21 09:00:00+09:00,2965.0,2985.0,2952.0,2973.0,0,0.0,0.0
2023-02-21 10:00:00+09:00,2972.0,2999.0,2968.0,2990.0,121600,0.0,0.0
2023-02-21 11:00:00+09:00,2991.0,2998.0,2989.0,2996.0,0,0.0,0.0
2023-02-21 12:00:00+09:00,2996.0,2996.0,2991.0,2991.0,146000,0.0,0.0
2023-02-21 13:00:00+09:00,2991.0,2996.0,2983.0,2996.0,26500,0.0,0.0
2023-02-21 14:00:00+09:00,2997.0,3015.0,2990.0,3010.0,80500,0.0,0.0
2023-02-22 09:00:00+09:00,2980.0,3010.0,2972.0,2997.0,91500,0.0,0.0
2023-02-22 10:00:00+09:00,2996.0,2996.0,2966.0,2985.0,61200,0.0,0.0
2023-02-22 11:00:00+09:00,2982.0,2984.0,2978.0,2982.0,0,0.0,0.0
2023-02-22 12:00:00+09:00,2999.0,2999.0,2982.0,2983.0,194300,0.0,0.0
2023-02-22 13:00:00+09:00,2982.0,2990.0,2981.0,2987.0,39500,0.0,0.0
2023-02-22 14:00:00+09:00,2987.0,2987.0,2973.0,2973.0,65900,0.0,0.0
2023-02-24 09:00:00+09:00,2940.0,2985.0,2930.0,2982.0,385400,0.0,0.0
2023-02-24 10:00:00+09:00,2982.0,2996.0,2974.0,2981.0,42900,0.0,0.0
2023-02-24 11:00:00+09:00,2979.0,2984.0,2978.0,2981.0,0,0.0,0.0
2023-02-24 12:00:00+09:00,2986.0,2992.0,2975.0,2975.0,591400,0.0,0.0
2023-02-24 13:00:00+09:00,2976.0,2978.0,2966.0,2969.0,36500,0.0,0.0
2023-02-24 14:00:00+09:00,2968.0,2973.0,2966.0,2969.0,58700,0.0,0.0
2023-02-27 09:00:00+09:00,2862.0,2930.0,2853.0,2917.0,172800,0.0,0.0
2023-02-27 10:00:00+09:00,2917.0,2928.0,2917.0,2922.0,53700,0.0,0.0
2023-02-27 11:00:00+09:00,2923.0,2923.0,2911.0,2912.0,0,0.0,0.0
2023-02-27 12:00:00+09:00,2909.0,2916.0,2907.0,2907.0,259900,0.0,0.0
2023-02-27 13:00:00+09:00,2907.0,2910.0,2902.0,2903.0,21700,0.0,0.0
2023-02-27 14:00:00+09:00,2903.0,2910.0,2903.0,2909.0,26500,0.0,0.0
2023-02-28 09:00:00+09:00,2918.0,2920.0,2887.0,2887.0,70200,0.0,0.0
2023-02-28 10:00:00+09:00,2892.0,2892.0,2887.0,2887.0,21600,0.0,0.0
2023-02-28 11:00:00+09:00,2888.0,2891.0,2883.0,2887.0,0,0.0,0.0
2023-02-28 12:00:00+09:00,2891.0,2905.0,2888.0,2899.0,128900,0.0,0.0
2023-02-28 13:00:00+09:00,2898.0,2913.0,2891.0,2909.0,53100,0.0,0.0
2023-02-28 14:00:00+09:00,2909.0,2914.0,2906.0,2909.0,59700,0.0,0.0
2023-03-01 09:00:00+09:00,2904.0,2944.0,2903.0,2935.0,70200,0.0,0.0
2023-03-01 10:00:00+09:00,2937.0,2975.0,2932.0,2974.0,100200,0.0,0.0
2023-03-01 11:00:00+09:00,2973.0,2984.0,2972.0,2980.0,0,0.0,0.0
2023-03-01 12:00:00+09:00,2980.0,3010.0,2977.0,3000.0,283800,0.0,0.0
2023-03-01 13:00:00+09:00,3005.0,3020.0,3000.0,3010.0,51600,0.0,0.0
2023-03-01 14:00:00+09:00,3015.0,3015.0,3000.0,3015.0,56300,0.0,0.0
2023-03-02 09:00:00+09:00,3040.0,3065.0,3005.0,3055.0,116700,0.0,0.0
2023-03-02 10:00:00+09:00,3055.0,3060.0,3030.0,3040.0,46600,0.0,0.0
2023-03-02 11:00:00+09:00,3035.0,3065.0,3035.0,3065.0,0,0.0,0.0
2023-03-02 12:00:00+09:00,3065.0,3075.0,3050.0,3060.0,240700,0.0,0.0
2023-03-02 13:00:00+09:00,3060.0,3060.0,3035.0,3040.0,35900,0.0,0.0
2023-03-02 14:00:00+09:00,3040.0,3040.0,3020.0,3040.0,37300,0.0,0.0
2023-03-03 09:00:00+09:00,3060.0,3075.0,3040.0,3070.0,57300,0.0,0.0
2023-03-03 10:00:00+09:00,3070.0,3085.0,3070.0,3075.0,41200,0.0,0.0
2023-03-03 11:00:00+09:00,3075.0,3090.0,3075.0,3090.0,0,0.0,0.0
2023-03-03 12:00:00+09:00,3085.0,3095.0,3085.0,3085.0,134500,0.0,0.0
2023-03-03 13:00:00+09:00,3085.0,3095.0,3080.0,3085.0,28800,0.0,0.0
2023-03-03 14:00:00+09:00,3080.0,3090.0,3075.0,3080.0,28700,0.0,0.0
2023-03-06 09:00:00+09:00,3100.0,3115.0,3030.0,3060.0,101400,0.0,0.0
2023-03-06 10:00:00+09:00,3065.0,3065.0,3050.0,3055.0,11800,0.0,0.0
2023-03-06 11:00:00+09:00,3060.0,3070.0,3060.0,3065.0,0,0.0,0.0
2023-03-06 12:00:00+09:00,3065.0,3070.0,3065.0,3070.0,135100,0.0,0.0
2023-03-06 13:00:00+09:00,3070.0,3075.0,3055.0,3055.0,8900,0.0,0.0
2023-03-06 14:00:00+09:00,3055.0,3070.0,3055.0,3060.0,32100,0.0,0.0
2023-03-07 09:00:00+09:00,3075.0,3090.0,3060.0,3070.0,48500,0.0,0.0
2023-03-07 10:00:00+09:00,3075.0,3090.0,3070.0,3075.0,22600,0.0,0.0
2023-03-07 11:00:00+09:00,3080.0,3080.0,3075.0,3080.0,0,0.0,0.0
2023-03-07 12:00:00+09:00,3080.0,3085.0,3065.0,3085.0,90100,0.0,0.0
2023-03-07 13:00:00+09:00,3085.0,3085.0,3075.0,3080.0,7700,0.0,0.0
2023-03-07 14:00:00+09:00,3080.0,3100.0,3080.0,3090.0,30900,0.0,0.0
2023-03-08 09:00:00+09:00,3080.0,3115.0,3055.0,3100.0,53900,0.0,0.0
2023-03-08 10:00:00+09:00,3105.0,3115.0,3095.0,3105.0,20600,0.0,0.0
2023-03-08 11:00:00+09:00,3110.0,3110.0,3105.0,3105.0,0,0.0,0.0
2023-03-08 12:00:00+09:00,3100.0,3110.0,3100.0,3105.0,92500,0.0,0.0
2023-03-08 13:00:00+09:00,3105.0,3110.0,3100.0,3100.0,8500,0.0,0.0
2023-03-08 14:00:00+09:00,3105.0,3115.0,3100.0,3110.0,31300,0.0,0.0
2023-03-09 09:00:00+09:00,3140.0,3165.0,3125.0,3150.0,79900,0.0,0.0
2023-03-09 10:00:00+09:00,3155.0,3165.0,3150.0,3160.0,16200,0.0,0.0
2023-03-09 11:00:00+09:00,3160.0,3165.0,3160.0,3165.0,0,0.0,0.0
2023-03-09 12:00:00+09:00,3165.0,3170.0,3150.0,3165.0,127900,0.0,0.0
2023-03-09 13:00:00+09:00,3170.0,3180.0,3170.0,3180.0,16400,0.0,0.0
2023-03-09 14:00:00+09:00,3180.0,3180.0,3165.0,3170.0,31800,0.0,0.0
2023-03-10 09:00:00+09:00,3130.0,3175.0,3125.0,3165.0,86000,0.0,0.0
2023-03-10 10:00:00+09:00,3160.0,3160.0,3130.0,3135.0,21300,0.0,0.0
2023-03-10 11:00:00+09:00,3135.0,3145.0,3120.0,3135.0,0,0.0,0.0
2023-03-10 12:00:00+09:00,3135.0,3150.0,3130.0,3135.0,144100,0.0,0.0
2023-03-10 13:00:00+09:00,3130.0,3145.0,3125.0,3130.0,10000,0.0,0.0
2023-03-10 14:00:00+09:00,3140.0,3145.0,3125.0,3130.0,23800,0.0,0.0
2023-03-13 09:00:00+09:00,3085.0,3085.0,3010.0,3010.0,0,0.0,0.0
2023-03-13 10:00:00+09:00,3005.0,3005.0,2995.0,3000.0,90300,0.0,0.0
2023-03-13 11:00:00+09:00,3005.0,3010.0,3000.0,3010.0,0,0.0,0.0
2023-03-13 12:00:00+09:00,3010.0,3040.0,3010.0,3025.0,112000,0.0,0.0
2023-03-13 13:00:00+09:00,3025.0,3025.0,3000.0,3005.0,9000,0.0,0.0
2023-03-13 14:00:00+09:00,3010.0,3025.0,3000.0,3025.0,21200,0.0,0.0
2023-03-14 09:00:00+09:00,2955.0,2960.0,2879.0,2879.0,62800,0.0,0.0
2023-03-14 10:00:00+09:00,2880.0,2916.0,2880.0,2916.0,26100,0.0,0.0
2023-03-14 11:00:00+09:00,2918.0,2939.0,2915.0,2938.0,0,0.0,0.0
2023-03-14 12:00:00+09:00,2941.0,2941.0,2927.0,2927.0,118800,0.0,0.0
2023-03-14 13:00:00+09:00,2927.0,2933.0,2924.0,2929.0,22000,0.0,0.0
2023-03-14 14:00:00+09:00,2928.0,2928.0,2910.0,2911.0,30400,0.0,0.0
2023-03-15 09:00:00+09:00,2964.0,2998.0,2935.0,2946.0,0,0.0,0.0
2023-03-15 10:00:00+09:00,2947.0,2964.0,2943.0,2964.0,59900,0.0,0.0
2023-03-15 11:00:00+09:00,2965.0,2976.0,2961.0,2976.0,0,0.0,0.0
2023-03-15 12:00:00+09:00,2976.0,2983.0,2973.0,2976.0,78400,0.0,0.0
2023-03-15 13:00:00+09:00,2977.0,2985.0,2974.0,2975.0,11100,0.0,0.0
2023-03-15 14:00:00+09:00,2974.0,2977.0,2960.0,2977.0,23700,0.0,0.0
2023-03-16 09:00:00+09:00,2870.0,2870.0,2832.0,2860.0,62100,0.0,0.0
2023-03-16 10:00:00+09:00,2860.0,2885.0,2859.0,2863.0,28800,0.0,0.0
2023-03-16 11:00:00+09:00,2865.0,2873.0,2865.0,2872.0,0,0.0,0.0
2023-03-16 12:00:00+09:00,2876.0,2878.0,2871.0,2874.0,107600,0.0,0.0
2023-03-16 13:00:00+09:00,2873.0,2874.0,2863.0,2870.0,14700,0.0,0.0
2023-03-16 14:00:00+09:00,2870.0,2874.0,2857.0,2874.0,28300,0.0,0.0
2023-03-17 09:00:00+09:00,2904.0,2916.0,2838.0,2844.0,33000,0.0,0.0
2023-03-17 10:00:00+09:00,2845.0,2861.0,2838.0,2859.0,19800,0.0,0.0
2023-03-17 11:00:00+09:00,2860.0,2867.0,2858.0,2859.0,0,0.0,0.0
2023-03-17 12:00:00+09:00,2859.0,2879.0,2859.0,2868.0,78900,0.0,0.0
2023-03-17 13:00:00+09:00,2869.0,2879.0,2865.0,2869.0,26500,0.0,0.0
2023-03-17 14:00:00+09:00,2868.0,2873.0,2860.0,2860.0,28200,0.0,0.0
2023-03-20 09:00:00+09:00,2821.0,2844.0,2796.0,2841.0,38100,0.0,0.0
2023-03-20 10:00:00+09:00,2845.0,2845.0,2814.0,2824.0,15000,0.0,0.0
2023-03-20 11:00:00+09:00,2827.0,2827.0,2819.0,2819.0,0,0.0,0.0
2023-03-20 12:00:00+09:00,2814.0,2814.0,2792.0,2795.0,75300,0.0,0.0
2023-03-20 13:00:00+09:00,2795.0,2799.0,2788.0,2791.0,24300,0.0,0.0
2023-03-20 14:00:00+09:00,2792.0,2798.0,2785.0,2794.0,40300,0.0,0.0
2023-03-22 09:00:00+09:00,2859.0,2859.0,2820.0,2836.0,57800,0.0,0.0
2023-03-22 10:00:00+09:00,2837.0,2844.0,2827.0,2844.0,23800,0.0,0.0
2023-03-22 11:00:00+09:00,2845.0,2850.0,2843.0,2846.0,0,0.0,0.0
2023-03-22 12:00:00+09:00,2850.0,2854.0,2845.0,2850.0,108800,0.0,0.0
2023-03-22 13:00:00+09:00,2851.0,2857.0,2849.0,2852.0,16200,0.0,0.0
2023-03-22 14:00:00+09:00,2851.0,2851.0,2837.0,2839.0,27300,0.0,0.0
2023-03-23 09:00:00+09:00,2788.0,2820.0,2757.0,2816.0,59200,0.0,0.0
2023-03-23 10:00:00+09:00,2817.0,2830.0,2816.0,2823.0,14800,0.0,0.0
2023-03-23 11:00:00+09:00,2825.0,2838.0,2825.0,2833.0,0,0.0,0.0
2023-03-23 12:00:00+09:00,2838.0,2838.0,2822.0,2831.0,94600,0.0,0.0
2023-03-23 13:00:00+09:00,2833.0,2833.0,2816.0,2825.0,14700,0.0,0.0
2023-03-23 14:00:00+09:00,2826.0,2840.0,2825.0,2840.0,27200,0.0,0.0
2023-03-24 09:00:00+09:00,2835.0,2838.0,2806.0,2816.0,23700,0.0,0.0
2023-03-24 10:00:00+09:00,2816.0,2818.0,2808.0,2816.0,8600,0.0,0.0
2023-03-24 11:00:00+09:00,2817.0,2821.0,2809.0,2811.0,0,0.0,0.0
2023-03-24 12:00:00+09:00,2811.0,2819.0,2806.0,2807.0,49100,0.0,0.0
2023-03-24 13:00:00+09:00,2809.0,2809.0,2802.0,2804.0,11100,0.0,0.0
2023-03-24 14:00:00+09:00,2803.0,2817.0,2801.0,2811.0,19000,0.0,0.0
2023-03-27 09:00:00+09:00,2849.0,2849.0,2809.0,2816.0,12800,0.0,0.0
2023-03-27 10:00:00+09:00,2817.0,2825.0,2816.0,2819.0,8600,0.0,0.0
2023-03-27 11:00:00+09:00,2821.0,2828.0,2821.0,2825.0,0,0.0,0.0
2023-03-27 12:00:00+09:00,2825.0,2834.0,2819.0,2825.0,36300,0.0,0.0
2023-03-27 13:00:00+09:00,2827.0,2831.0,2818.0,2822.0,15900,0.0,0.0
2023-03-27 14:00:00+09:00,2824.0,2833.0,2820.0,2829.0,21300,0.0,0.0
2023-03-28 09:00:00+09:00,2850.0,2850.0,2832.0,2843.0,37500,0.0,0.0
2023-03-28 10:00:00+09:00,2840.0,2857.0,2840.0,2845.0,19000,0.0,0.0
2023-03-28 11:00:00+09:00,2844.0,2847.0,2842.0,2844.0,0,0.0,0.0
2023-03-28 12:00:00+09:00,2844.0,2844.0,2833.0,2838.0,70400,0.0,0.0
2023-03-28 13:00:00+09:00,2838.0,2842.0,2832.0,2839.0,12700,0.0,0.0
2023-03-28 14:00:00+09:00,2838.0,2852.0,2837.0,2845.0,30400,0.0,0.0
2023-03-29 09:00:00+09:00,2868.0,2870.0,2850.0,2868.0,28400,0.0,0.0
2023-03-29 10:00:00+09:00,2867.0,2875.0,2864.0,2868.0,13000,0.0,0.0
2023-03-29 11:00:00+09:00,2867.0,2867.0,2863.0,2865.0,0,0.0,0.0
2023-03-29 12:00:00+09:00,2862.0,2872.0,2860.0,2868.0,55500,0.0,0.0
2023-03-29 13:00:00+09:00,2868.0,2870.0,2865.0,2868.0,11900,0.0,0.0
2023-03-29 14:00:00+09:00,2869.0,2894.0,2867.0,2891.0,34900,0.0,0.0
2023-03-30 09:00:00+09:00,2904.0,2911.0,2882.0,2890.0,34300,0.0,0.0
2023-03-30 10:00:00+09:00,2893.0,2902.0,2885.0,2896.0,13300,0.0,0.0
2023-03-30 11:00:00+09:00,2896.0,2899.0,2893.0,2899.0,0,0.0,0.0
2023-03-30 12:00:00+09:00,2892.0,2893.0,2887.0,2893.0,59500,0.0,0.0
2023-03-30 13:00:00+09:00,2893.0,2901.0,2891.0,2893.0,11800,0.0,0.0
2023-03-30 14:00:00+09:00,2891.0,2904.0,2886.0,2898.0,23000,0.0,0.0
2023-03-31 09:00:00+09:00,2940.0,2957.0,2925.0,2947.0,23800,0.0,0.0
2023-03-31 10:00:00+09:00,2946.0,2951.0,2942.0,2945.0,8900,0.0,0.0
2023-03-31 11:00:00+09:00,2944.0,2944.0,2934.0,2938.0,0,0.0,0.0
2023-03-31 12:00:00+09:00,2939.0,2943.0,2935.0,2937.0,45000,0.0,0.0
2023-03-31 13:00:00+09:00,2936.0,2944.0,2936.0,2940.0,8300,0.0,0.0
2023-03-31 14:00:00+09:00,2941.0,2941.0,2930.0,2940.0,22300,0.0,0.0
2023-04-03 09:00:00+09:00,2948.0,2957.0,2917.0,2957.0,31400,0.0,0.0
2023-04-03 10:00:00+09:00,2958.0,2963.0,2946.0,2946.0,8200,0.0,0.0
2023-04-03 11:00:00+09:00,2946.0,2949.0,2939.0,2944.0,0,0.0,0.0
2023-04-03 12:00:00+09:00,2944.0,2948.0,2939.0,2939.0,48400,0.0,0.0
2023-04-03 13:00:00+09:00,2937.0,2949.0,2936.0,2945.0,7700,0.0,0.0
2023-04-03 14:00:00+09:00,2944.0,2948.0,2936.0,2946.0,20900,0.0,0.0
2023-04-04 09:00:00+09:00,2947.0,2947.0,2928.0,2944.0,31600,0.0,0.0
2023-04-04 10:00:00+09:00,2945.0,2960.0,2942.0,2947.0,17700,0.0,0.0
2023-04-04 11:00:00+09:00,2946.0,2947.0,2935.0,2937.0,0,0.0,0.0
2023-04-04 12:00:00+09:00,2948.0,2951.0,2937.0,2939.0,63100,0.0,0.0
2023-04-04 13:00:00+09:00,2939.0,2944.0,2937.0,2941.0,13000,0.0,0.0
2023-04-04 14:00:00+09:00,2941.0,2943.0,2934.0,2942.0,18400,0.0,0.0
2023-04-05 09:00:00+09:00,2844.0,2879.0,2822.0,2871.0,111400,0.0,0.0
2023-04-05 10:00:00+09:00,2871.0,2871.0,2845.0,2849.0,34900,0.0,0.0
2023-04-05 11:00:00+09:00,2846.0,2856.0,2846.0,2853.0,0,0.0,0.0
2023-04-05 12:00:00+09:00,2853.0,2864.0,2853.0,2858.0,167500,0.0,0.0
2023-04-05 13:00:00+09:00,2859.0,2863.0,2848.0,2849.0,38300,0.0,0.0
2023-04-05 14:00:00+09:00,2850.0,2853.0,2844.0,2846.0,36600,0.0,0.0
2023-04-06 09:00:00+09:00,2800.0,2810.0,2773.0,2787.0,70200,0.0,0.0
2023-04-06 10:00:00+09:00,2787.0,2795.0,2783.0,2783.0,21400,0.0,0.0
2023-04-06 11:00:00+09:00,2783.0,2783.0,2778.0,2781.0,0,0.0,0.0
2023-04-06 12:00:00+09:00,2779.0,2779.0,2763.0,2763.0,131700,0.0,0.0
2023-04-06 13:00:00+09:00,2762.0,2763.0,2755.0,2760.0,21400,0.0,0.0
2023-04-06 14:00:00+09:00,2760.0,2763.0,2755.0,2755.0,30200,0.0,0.0
2023-04-07 09:00:00+09:00,2765.0,2793.0,2762.0,2782.0,40600,0.0,0.0
2023-04-07 10:00:00+09:00,2781.0,2784.0,2777.0,2780.0,16900,0.0,0.0
2023-04-07 11:00:00+09:00,2779.0,2781.0,2776.0,2780.0,0,0.0,0.0
2023-04-07 12:00:00+09:00,2777.0,2785.0,2773.0,2774.0,76100,0.0,0.0
2023-04-07 13:00:00+09:00,2775.0,2788.0,2775.0,2779.0,23600,0.0,0.0
2023-04-07 14:00:00+09:00,2779.0,2792.0,2779.0,2786.0,27000,0.0,0.0
2023-04-10 09:00:00+09:00,2804.0,2811.0,2778.0,2783.0,37400,0.0,0.0
2023-04-10 10:00:00+09:00,2785.0,2792.0,2783.0,2792.0,18200,0.0,0.0
2023-04-10 11:00:00+09:00,2793.0,2796.0,2786.0,2793.0,0,0.0,0.0
2023-04-10 12:00:00+09:00,2798.0,2798.0,2788.0,2793.0,89900,0.0,0.0
2023-04-10 13:00:00+09:00,2794.0,2796.0,2789.0,2791.0,24700,0.0,0.0
2023-04-10 14:00:00+09:00,2791.0,2796.0,2785.0,2796.0,40000,0.0,0.0
2023-04-11 09:00:00+09:00,2840.0,2852.0,2821.0,2842.0,54200,0.0,0.0
2023-04-11 10:00:00+09:00,2839.0,2848.0,2835.0,2839.0,33800,0.0,0.0
2023-04-11 11:00:00+09:00,2839.0,2851.0,2837.0,2837.0,0,0.0,0.0
2023-04-11 12:00:00+09:00,2849.0,2849.0,2827.0,2833.0,134600,0.0,0.0
2023-04-11 13:00:00+09:00,2833.0,2850.0,2830.0,2841.0,45900,0.0,0.0
2023-04-11 14:00:00+09:00,2841.0,2844.0,2833.0,2838.0,51900,0.0,0.0
2023-04-12 09:00:00+09:00,3245.0,3330.0,3210.0,3230.0,1314000,0.0,0.0
2023-04-12 10:00:00+09:00,3230.0,3275.0,3215.0,3235.0,490500,0.0,0.0
2023-04-12 11:00:00+09:00,3240.0,3300.0,3230.0,3285.0,0,0.0,0.0
2023-04-12 12:00:00+09:00,3265.0,3295.0,3265.0,3285.0,2194800,0.0,0.0
2023-04-12 13:00:00+09:00,3290.0,3335.0,3285.0,3335.0,321900,0.0,0.0
2023-04-12 14:00:00+09:00,3330.0,3335.0,3320.0,3335.0,290700,0.0,0.0
2023-04-13 09:00:00+09:00,3255.0,3395.0,3225.0,3345.0,707400,0.0,0.0
2023-04-13 10:00:00+09:00,3345.0,3380.0,3340.0,3375.0,141800,0.0,0.0
2023-04-13 11:00:00+09:00,3370.0,3375.0,3345.0,3360.0,0,0.0,0.0
2023-04-13 12:00:00+09:00,3360.0,3370.0,3350.0,3365.0,968600,0.0,0.0
2023-04-13 13:00:00+09:00,3365.0,3375.0,3355.0,3375.0,69300,0.0,0.0
2023-04-13 14:00:00+09:00,3375.0,3415.0,3370.0,3400.0,195600,0.0,0.0
2023-04-14 09:00:00+09:00,3440.0,3440.0,3370.0,3420.0,161300,0.0,0.0
2023-04-14 10:00:00+09:00,3420.0,3430.0,3400.0,3425.0,61200,0.0,0.0
2023-04-14 11:00:00+09:00,3420.0,3425.0,3390.0,3420.0,0,0.0,0.0
2023-04-14 12:00:00+09:00,3425.0,3425.0,3395.0,3395.0,308500,0.0,0.0
2023-04-14 13:00:00+09:00,3390.0,3400.0,3385.0,3395.0,46800,0.0,0.0
2023-04-14 14:00:00+09:00,3395.0,3405.0,3385.0,3385.0,74900,0.0,0.0
2023-04-17 09:00:00+09:00,3340.0,3385.0,3330.0,3370.0,107400,0.0,0.0
2023-04-17 10:00:00+09:00,3365.0,3395.0,3350.0,3380.0,96400,0.0,0.0
2023-04-17 11:00:00+09:00,3380.0,3385.0,3370.0,3385.0,0,0.0,0.0
2023-04-17 12:00:00+09:00,3375.0,3385.0,3370.0,3375.0,247000,0.0,0.0
2023-04-17 13:00:00+09:00,3380.0,3390.0,3375.0,3390.0,30400,0.0,0.0
2023-04-17 14:00:00+09:00,3390.0,3400.0,3385.0,3390.0,69600,0.0,0.0
2023-04-18 09:00:00+09:00,3430.0,3460.0,3385.0,3455.0,119000,0.0,0.0
2023-04-18 10:00:00+09:00,3455.0,3465.0,3440.0,3460.0,28700,0.0,0.0
2023-04-18 11:00:00+09:00,3460.0,3465.0,3455.0,3465.0,0,0.0,0.0
2023-04-18 12:00:00+09:00,3465.0,3475.0,3460.0,3470.0,205800,0.0,0.0
2023-04-18 13:00:00+09:00,3475.0,3505.0,3475.0,3480.0,68200,0.0,0.0
2023-04-18 14:00:00+09:00,3480.0,3490.0,3470.0,3480.0,70900,0.0,0.0
2023-04-19 09:00:00+09:00,3475.0,3500.0,3440.0,3440.0,73400,0.0,0.0
2023-04-19 10:00:00+09:00,3440.0,3460.0,3440.0,3455.0,23600,0.0,0.0
2023-04-19 11:00:00+09:00,3455.0,3460.0,3450.0,3455.0,0,0.0,0.0
2023-04-19 12:00:00+09:00,3450.0,3450.0,3435.0,3440.0,124300,0.0,0.0
2023-04-19 13:00:00+09:00,3440.0,3440.0,3425.0,3430.0,17900,0.0,0.0
2023-04-19 14:00:00+09:00,3430.0,3450.0,3430.0,3445.0,33700,0.0,0.0
2023-04-20 09:00:00+09:00,3440.0,3555.0,3435.0,3535.0,150100,0.0,0.0
2023-04-20 10:00:00+09:00,3535.0,3560.0,3525.0,3545.0,71600,0.0,0.0
2023-04-20 11:00:00+09:00,3545.0,3570.0,3535.0,3560.0,0,0.0,0.0
2023-04-20 12:00:00+09:00,3560.0,3570.0,3550.0,3555.0,329600,0.0,0.0
2023-04-20 13:00:00+09:00,3555.0,3595.0,3555.0,3590.0,84700,0.0,0.0
2023-04-20 14:00:00+09:00,3595.0,3620.0,3590.0,3610.0,88100,0.0,0.0
2023-04-21 09:00:00+09:00,3600.0,3635.0,3580.0,3605.0,137100,0.0,0.0
2023-04-21 10:00:00+09:00,3605.0,3625.0,3600.0,3615.0,29800,0.0,0.0
2023-04-21 11:00:00+09:00,3610.0,3610.0,3600.0,3605.0,0,0.0,0.0
2023-04-21 12:00:00+09:00,3595.0,3610.0,3595.0,3605.0,215900,0.0,0.0
2023-04-21 13:00:00+09:00,3605.0,3610.0,3590.0,3595.0,46200,0.0,0.0
2023-04-21 14:00:00+09:00,3595.0,3610.0,3585.0,3585.0,61500,0.0,0.0
2023-04-24 09:00:00+09:00,3575.0,3590.0,3540.0,3570.0,91600,0.0,0.0
2023-04-24 10:00:00+09:00,3565.0,3575.0,3555.0,3560.0,25500,0.0,0.0
2023-04-24 11:00:00+09:00,3560.0,3565.0,3550.0,3550.0,0,0.0,0.0
2023-04-24 12:00:00+09:00,3545.0,3555.0,3520.0,3540.0,168100,0.0,0.0
2023-04-24 13:00:00+09:00,3540.0,3540.0,3515.0,3525.0,39800,0.0,0.0
2023-04-24 14:00:00+09:00,3525.0,3530.0,3510.0,3525.0,42200,0.0,0.0
2023-04-25 09:00:00+09:00,3500.0,3540.0,3500.0,3525.0,80800,0.0,0.0
2023-04-25 10:00:00+09:00,3520.0,3565.0,3520.0,3530.0,46900,0.0,0.0
2023-04-25 11:00:00+09:00,3530.0,3540.0,3530.0,3530.0,0,0.0,0.0
2023-04-25 12:00:00+09:00,3525.0,3530.0,3515.0,3525.0,158700,0.0,0.0
2023-04-25 13:00:00+09:00,3520.0,3530.0,3495.0,3495.0,31700,0.0,0.0
2023-04-25 14:00:00+09:00,3495.0,3510.0,3480.0,3495.0,90500,0.0,0.0
2023-04-26 09:00:00+09:00,3500.0,3525.0,3470.0,3505.0,79200,0.0,0.0
2023-04-26 10:00:00+09:00,3510.0,3520.0,3495.0,3515.0,30300,0.0,0.0
2023-04-26 11:00:00+09:00,3515.0,3525.0,3515.0,3525.0,0,0.0,0.0
2023-04-26 12:00:00+09:00,3520.0,3525.0,3515.0,3515.0,139600,0.0,0.0
2023-04-26 13:00:00+09:00,3515.0,3525.0,3505.0,3525.0,28400,0.0,0.0
2023-04-26 14:00:00+09:00,3525.0,3555.0,3525.0,3545.0,82100,0.0,0.0
2023-04-27 09:00:00+09:00,3625.0,3665.0,3595.0,3660.0,266900,0.0,0.0
2023-04-27 10:00:00+09:00,3655.0,3655.0,3630.0,3650.0,77700,0.0,0.0
2023-04-27 11:00:00+09:00,3650.0,3650.0,3640.0,3650.0,0,0.0,0.0
2023-04-27 12:00:00+09:00,3650.0,3650.0,3635.0,3650.0,397600,0.0,0.0
2023-04-27 13:00:00+09:00,3650.0,3650.0,3625.0,3650.0,61200,0.0,0.0
2023-04-27 14:00:00+09:00,3645.0,3655.0,3635.0,3645.0,83700,0.0,0.0
2023-04-28 09:00:00+09:00,3670.0,3675.0,3625.0,3655.0,90400,0.0,0.0
2023-04-28 10:00:00+09:00,3655.0,3670.0,3650.0,3665.0,49400,0.0,0.0
2023-04-28 11:00:00+09:00,3665.0,3670.0,3660.0,3670.0,0,0.0,0.0
2023-04-28 12:00:00+09:00,3665.0,3675.0,3665.0,3670.0,178800,0.0,0.0
2023-04-28 13:00:00+09:00,3665.0,3715.0,3665.0,3695.0,89200,0.0,0.0
2023-04-28 14:00:00+09:00,3690.0,3715.0,3690.0,3705.0,61800,0.0,0.0
2023-05-01 09:00:00+09:00,3780.0,3800.0,3760.0,3780.0,108900,0.0,0.0
2023-05-01 10:00:00+09:00,3775.0,3780.0,3735.0,3750.0,44900,0.0,0.0
2023-05-01 11:00:00+09:00,3750.0,3755.0,3740.0,3750.0,0,0.0,0.0
2023-05-01 12:00:00+09:00,3765.0,3785.0,3765.0,3780.0,193700,0.0,0.0
2023-05-01 13:00:00+09:00,3780.0,3785.0,3775.0,3780.0,23100,0.0,0.0
2023-05-01 14:00:00+09:00,3775.0,3775.0,3760.0,3765.0,51100,0.0,0.0
2023-05-02 09:00:00+09:00,3785.0,3795.0,3720.0,3725.0,96900,0.0,0.0
2023-05-02 10:00:00+09:00,3730.0,3755.0,3725.0,3740.0,47800,0.0,0.0
2023-05-02 11:00:00+09:00,3750.0,3750.0,3725.0,3730.0,0,0.0,0.0
2023-05-02 12:00:00+09:00,3725.0,3760.0,3725.0,3755.0,192400,0.0,0.0
2023-05-02 13:00:00+09:00,3755.0,3755.0,3745.0,3750.0,20000,0.0,0.0
2023-05-02 14:00:00+09:00,3755.0,3755.0,3735.0,3735.0,37600,0.0,0.0
2023-05-08 09:00:00+09:00,3745.0,3820.0,3745.0,3780.0,125600,0.0,0.0
2023-05-08 10:00:00+09:00,3780.0,3780.0,3755.0,3775.0,38400,0.0,0.0
2023-05-08 11:00:00+09:00,3775.0,3785.0,3770.0,3785.0,0,0.0,0.0
2023-05-08 12:00:00+09:00,3785.0,3785.0,3735.0,3745.0,201300,0.0,0.0
2023-05-08 13:00:00+09:00,3750.0,3765.0,3745.0,3760.0,23600,0.0,0.0
2023-05-08 14:00:00+09:00,3760.0,3765.0,3735.0,3740.0,56900,0.0,0.0
2023-05-09 09:00:00+09:00,3735.0,3755.0,3695.0,3725.0,91900,0.0,0.0
2023-05-09 10:00:00+09:00,3730.0,3755.0,3720.0,3755.0,18500,0.0,0.0
2023-05-09 11:00:00+09:00,3755.0,3755.0,3750.0,3750.0,0,0.0,0.0
2023-05-09 12:00:00+09:00,3750.0,3755.0,3745.0,3750.0,133900,0.0,0.0
2023-05-09 13:00:00+09:00,3750.0,3765.0,3750.0,3750.0,14900,0.0,0.0
2023-05-09 14:00:00+09:00,3755.0,3755.0,3735.0,3745.0,29900,0.0,0.0
2023-05-10 09:00:00+09:00,3750.0,3760.0,3715.0,3725.0,52600,0.0,0.0
2023-05-10 10:00:00+09:00,3725.0,3740.0,3720.0,3730.0,12500,0.0,0.0
2023-05-10 11:00:00+09:00,3725.0,3735.0,3720.0,3725.0,0,0.0,0.0
2023-05-10 12:00:00+09:00,3715.0,3715.0,3705.0,3705.0,83300,0.0,0.0
2023-05-10 13:00:00+09:00,3705.0,3735.0,3705.0,3735.0,21500,0.0,0.0
2023-05-10 14:00:00+09:00,3730.0,3735.0,3715.0,3730.0,20500,0.0,0.0
2023-05-11 09:00:00+09:00,3700.0,3730.0,3700.0,3730.0,48100,0.0,0.0
2023-05-11 10:00:00+09:00,3735.0,3735.0,3695.0,3700.0,34600,0.0,0.0
2023-05-11 11:00:00+09:00,3700.0,3700.0,3685.0,3685.0,0,0.0,0.0
2023-05-11 12:00:00+09:00,3685.0,3685.0,3650.0,3665.0,135700,0.0,0.0
2023-05-11 13:00:00+09:00,3665.0,3690.0,3665.0,3690.0,16900,0.0,0.0
2023-05-11 14:00:00+09:00,3685.0,3690.0,3675.0,3680.0,28200,0.0,0.0
2023-05-12 09:00:00+09:00,3670.0,3695.0,3645.0,3680.0,45600,0.0,0.0
2023-05-12 10:00:00+09:00,3685.0,3695.0,3665.0,3670.0,23100,0.0,0.0
2023-05-12 11:00:00+09:00,3665.0,3665.0,3645.0,3655.0,0,0.0,0.0
2023-05-12 12:00:00+09:00,3665.0,3670.0,3655.0,3665.0,101200,0.0,0.0
2023-05-12 13:00:00+09:00,3665.0,3675.0,3665.0,3665.0,14800,0.0,0.0
2023-05-12 14:00:00+09:00,3665.0,3680.0,3660.0,3675.0,27000,0.0,0.0
2023-05-15 09:00:00+09:00,3680.0,3685.0,3615.0,3620.0,89600,0.0,0.0
2023-05-15 10:00:00+09:00,3625.0,3650.0,3620.0,3635.0,37900,0.0,0.0
2023-05-15 11:00:00+09:00,3635.0,3635.0,3620.0,3630.0,0,0.0,0.0
2023-05-15 12:00:00+09:00,3625.0,3660.0,3625.0,3655.0,175700,0.0,0.0
2023-05-15 13:00:00+09:00,3655.0,3670.0,3655.0,3660.0,22600,0.0,0.0
2023-05-15 14:00:00+09:00,3665.0,3670.0,3645.0,3670.0,37600,0.0,0.0
2023-05-16 09:00:00+09:00,3695.0,3720.0,3685.0,3710.0,115700,0.0,0.0
2023-05-16 10:00:00+09:00,3715.0,3735.0,3710.0,3730.0,23000,0.0,0.0
2023-05-16 11:00:00+09:00,3735.0,3745.0,3735.0,3745.0,0,0.0,0.0
2023-05-16 12:00:00+09:00,3750.0,3770.0,3745.0,3755.0,175400,0.0,0.0
2023-05-16 13:00:00+09:00,3755.0,3755.0,3735.0,3740.0,26400,0.0,0.0
2023-05-16 14:00:00+09:00,3735.0,3750.0,3735.0,3745.0,23000,0.0,0.0
2023-05-17 09:00:00+09:00,3725.0,3725.0,3690.0,3700.0,41100,0.0,0.0
2023-05-17 10:00:00+09:00,3700.0,3715.0,3700.0,3700.0,16400,0.0,0.0
2023-05-17 11:00:00+09:00,3695.0,3705.0,3695.0,3705.0,0,0.0,0.0
2023-05-17 12:00:00+09:00,3700.0,3710.0,3695.0,3695.0,80700,0.0,0.0
2023-05-17 13:00:00+09:00,3690.0,3700.0,3685.0,3690.0,18000,0.0,0.0
2023-05-17 14:00:00+09:00,3695.0,3705.0,3680.0,3680.0,30600,0.0,0.0
2023-05-18 09:00:00+09:00,3730.0,3755.0,3710.0,3715.0,39700,0.0,0.0
2023-05-18 10:00:00+09:00,3715.0,3720.0,3700.0,3705.0,13100,0.0,0.0
2023-05-18 11:00:00+09:00,3700.0,3700.0,3690.0,3695.0,0,0.0,0.0
2023-05-18 12:00:00+09:00,3695.0,3700.0,3690.0,3690.0,79900,0.0,0.0
2023-05-18 13:00:00+09:00,3695.0,3720.0,3690.0,3710.0,20500,0.0,0.0
2023-05-18 14:00:00+09:00,3710.0,3725.0,3710.0,3720.0,25900,0.0,0.0
2023-05-19 09:00:00+09:00,3805.0,3840.0,3795.0,3815.0,100300,0.0,0.0
2023-05-19 10:00:00+09:00,3815.0,3830.0,3805.0,3810.0,43000,0.0,0.0
2023-05-19 11:00:00+09:00,3815.0,3830.0,3815.0,3825.0,0,0.0,0.0
2023-05-19 12:00:00+09:00,3820.0,3830.0,3815.0,3820.0,187700,0.0,0.0
2023-05-19 13:00:00+09:00,3815.0,3830.0,3800.0,3820.0,41500,0.0,0.0
2023-05-19 14:00:00+09:00,3820.0,3825.0,3810.0,3820.0,44500,0.0,0.0
2023-05-22 09:00:00+09:00,3800.0,3850.0,3775.0,3815.0,95300,0.0,0.0
2023-05-22 10:00:00+09:00,3810.0,3825.0,3805.0,3820.0,28500,0.0,0.0
2023-05-22 11:00:00+09:00,3820.0,3825.0,3815.0,3815.0,0,0.0,0.0
2023-05-22 12:00:00+09:00,3820.0,3825.0,3810.0,3815.0,145300,0.0,0.0
2023-05-22 13:00:00+09:00,3815.0,3840.0,3810.0,3835.0,36000,0.0,0.0
2023-05-22 14:00:00+09:00,3835.0,3860.0,3830.0,3855.0,53100,0.0,0.0
2023-05-23 09:00:00+09:00,3900.0,3905.0,3855.0,3890.0,126100,0.0,0.0
2023-05-23 10:00:00+09:00,3890.0,3890.0,3860.0,3870.0,26700,0.0,0.0
2023-05-23 11:00:00+09:00,3865.0,3880.0,3860.0,3880.0,0,0.0,0.0
2023-05-23 12:00:00+09:00,3885.0,3885.0,3825.0,3845.0,208500,0.0,0.0
2023-05-23 13:00:00+09:00,3840.0,3840.0,3800.0,3825.0,31800,0.0,0.0
2023-05-23 14:00:00+09:00,3825.0,3835.0,3815.0,3830.0,37300,0.0,0.0
2023-05-24 09:00:00+09:00,3820.0,3865.0,3800.0,3855.0,47400,0.0,0.0
2023-05-24 10:00:00+09:00,3855.0,3855.0,3830.0,3835.0,18200,0.0,0.0
2023-05-24 11:00:00+09:00,3835.0,3840.0,3830.0,3835.0,0,0.0,0.0
2023-05-24 12:00:00+09:00,3835.0,3865.0,3835.0,3865.0,95000,0.0,0.0
2023-05-24 13:00:00+09:00,3865.0,3875.0,3860.0,3875.0,25800,0.0,0.0
2023-05-24 14:00:00+09:00,3875.0,3880.0,3850.0,3850.0,29700,0.0,0.0
2023-05-25 09:00:00+09:00,3840.0,3855.0,3810.0,3855.0,41400,0.0,0.0
2023-05-25 10:00:00+09:00,3855.0,3855.0,3840.0,3850.0,12200,0.0,0.0
2023-05-25 11:00:00+09:00,3850.0,3850.0,3835.0,3850.0,0,0.0,0.0
2023-05-25 12:00:00+09:00,3845.0,3850.0,3840.0,3850.0,74100,0.0,0.0
2023-05-25 13:00:00+09:00,3850.0,3855.0,3845.0,3845.0,16700,0.0,0.0
2023-05-25 14:00:00+09:00,3850.0,3875.0,3850.0,3870.0,29100,0.0,0.0
2023-05-26 09:00:00+09:00,3880.0,3920.0,3870.0,3905.0,57300,0.0,0.0
2023-05-26 10:00:00+09:00,3905.0,3930.0,3900.0,3920.0,40900,0.0,0.0
2023-05-26 11:00:00+09:00,3920.0,3920.0,3910.0,3920.0,0,0.0,0.0
2023-05-26 12:00:00+09:00,3910.0,3925.0,3905.0,3920.0,132800,0.0,0.0
2023-05-26 13:00:00+09:00,3925.0,3930.0,3910.0,3910.0,26900,0.0,0.0
2023-05-26 14:00:00+09:00,3910.0,3915.0,3885.0,3885.0,49700,0.0,0.0
2023-05-29 09:00:00+09:00,3930.0,3935.0,3885.0,3905.0,41100,0.0,0.0
2023-05-29 10:00:00+09:00,3910.0,3930.0,3900.0,3905.0,28100,0.0,0.0
2023-05-29 11:00:00+09:00,3910.0,3910.0,3900.0,3905.0,0,0.0,0.0
2023-05-29 12:00:00+09:00,3900.0,3900.0,3875.0,3885.0,99100,0.0,0.0
2023-05-29 13:00:00+09:00,3885.0,3885.0,3870.0,3880.0,16100,0.0,0.0
2023-05-29 14:00:00+09:00,3885.0,3890.0,3860.0,3875.0,21500,0.0,0.0
2023-05-30 09:00:00+09:00,3835.0,3855.0,3790.0,3815.0,115600,0.0,0.0
2023-05-30 10:00:00+09:00,3815.0,3840.0,3815.0,3825.0,22000,0.0,0.0
2023-05-30 11:00:00+09:00,3820.0,3825.0,3810.0,3810.0,0,0.0,0.0
2023-05-30 12:00:00+09:00,3810.0,3835.0,3810.0,3835.0,158400,0.0,0.0
2023-05-30 13:00:00+09:00,3835.0,3845.0,3835.0,3840.0,20000,0.0,0.0
2023-05-30 14:00:00+09:00,3845.0,3860.0,3840.0,3855.0,25100,0.0,0.0
2023-05-31 09:00:00+09:00,3815.0,3835.0,3800.0,3820.0,34400,0.0,0.0
2023-05-31 10:00:00+09:00,3815.0,3825.0,3805.0,3820.0,12900,0.0,0.0
2023-05-31 11:00:00+09:00,3820.0,3825.0,3810.0,3815.0,0,0.0,0.0
2023-05-31 12:00:00+09:00,3810.0,3815.0,3790.0,3795.0,83200,0.0,0.0
2023-05-31 13:00:00+09:00,3790.0,3790.0,3755.0,3765.0,47100,0.0,0.0
2023-05-31 14:00:00+09:00,3765.0,3765.0,3750.0,3755.0,41000,0.0,0.0
2023-06-01 09:00:00+09:00,3705.0,3745.0,3690.0,3715.0,54000,0.0,0.0
2023-06-01 10:00:00+09:00,3720.0,3735.0,3710.0,3730.0,31200,0.0,0.0
2023-06-01 11:00:00+09:00,3730.0,3735.0,3720.0,3720.0,0,0.0,0.0
2023-06-01 12:00:00+09:00,3710.0,3730.0,3710.0,3720.0,119300,0.0,0.0
2023-06-01 13:00:00+09:00,3720.0,3720.0,3705.0,3705.0,27300,0.0,0.0
2023-06-01 14:00:00+09:00,3705.0,3710.0,3690.0,3700.0,50900,0.0,0.0
2023-06-02 09:00:00+09:00,3740.0,3765.0,3720.0,3755.0,43000,0.0,0.0
2023-06-02 10:00:00+09:00,3760.0,3780.0,3755.0,3775.0,25400,0.0,0.0
2023-06-02 11:00:00+09:00,3775.0,3785.0,3775.0,3780.0,0,0.0,0.0
2023-06-02 12:00:00+09:00,3785.0,3800.0,3780.0,3790.0,97400,0.0,0.0
2023-06-02 13:00:00+09:00,3790.0,3800.0,3785.0,3790.0,12100,0.0,0.0
2023-06-02 14:00:00+09:00,3795.0,3805.0,3785.0,3805.0,40200,0.0,0.0
2023-06-05 09:00:00+09:00,3950.0,4030.0,3945.0,4010.0,244300,0.0,0.0
2023-06-05 10:00:00+09:00,4005.0,4010.0,3985.0,3990.0,40000,0.0,0.0
2023-06-05 11:00:00+09:00,3990.0,3990.0,3980.0,3985.0,0,0.0,0.0
2023-06-05 12:00:00+09:00,3990.0,4005.0,3975.0,3980.0,328100,0.0,0.0
2023-06-05 13:00:00+09:00,3975.0,4000.0,3975.0,3995.0,34800,0.0,0.0
2023-06-05 14:00:00+09:00,4000.0,4000.0,3975.0,3980.0,30200,0.0,0.0
2023-06-06 09:00:00+09:00,3940.0,3965.0,3900.0,3965.0,82700,0.0,0.0
2023-06-06 10:00:00+09:00,3960.0,4000.0,3955.0,3995.0,36100,0.0,0.0
2023-06-06 11:00:00+09:00,3995.0,4020.0,3990.0,4015.0,0,0.0,0.0
2023-06-06 12:00:00+09:00,4020.0,4040.0,4015.0,4035.0,186700,0.0,0.0
2023-06-06 13:00:00+09:00,4035.0,4075.0,4030.0,4070.0,73100,0.0,0.0
2023-06-06 14:00:00+09:00,4070.0,4095.0,4070.0,4085.0,98900,0.0,0.0
2023-06-07 09:00:00+09:00,4150.0,4225.0,4150.0,4150.0,213400,0.0,0.0
2023-06-07 10:00:00+09:00,4150.0,4150.0,4100.0,4100.0,72400,0.0,0.0
2023-06-07 11:00:00+09:00,4105.0,4105.0,4070.0,4080.0,0,0.0,0.0
2023-06-07 12:00:00+09:00,4080.0,4110.0,4075.0,4105.0,358700,0.0,0.0
2023-06-07 13:00:00+09:00,4105.0,4120.0,4055.0,4090.0,66200,0.0,0.0
2023-06-07 14:00:00+09:00,4090.0,4095.0,4060.0,4060.0,56100,0.0,0.0
2023-06-08 09:00:00+09:00,4125.0,4175.0,4105.0,4125.0,107400,0.0,0.0
2023-06-08 10:00:00+09:00,4120.0,4155.0,4120.0,4155.0,39300,0.0,0.0
2023-06-08 11:00:00+09:00,4155.0,4180.0,4155.0,4160.0,0,0.0,0.0
2023-06-08 12:00:00+09:00,4170.0,4170.0,4130.0,4140.0,233700,0.0,0.0
2023-06-08 13:00:00+09:00,4135.0,4145.0,4095.0,4095.0,79200,0.0,0.0
2023-06-08 14:00:00+09:00,4095.0,4120.0,4085.0,4100.0,107500,0.0,0.0
2023-06-09 09:00:00+09:00,4140.0,4190.0,4115.0,4150.0,119700,0.0,0.0
2023-06-09 10:00:00+09:00,4155.0,4165.0,4130.0,4135.0,29500,0.0,0.0
2023-06-09 11:00:00+09:00,4135.0,4140.0,4120.0,4135.0,0,0.0,0.0
2023-06-09 12:00:00+09:00,4150.0,4150.0,4130.0,4145.0,178700,0.0,0.0
2023-06-09 13:00:00+09:00,4140.0,4155.0,4135.0,4145.0,24200,0.0,0.0
2023-06-09 14:00:00+09:00,4150.0,4155.0,4140.0,4145.0,37200,0.0,0.0
2023-06-12 09:00:00+09:00,4150.0,4230.0,4135.0,4205.0,94200,0.0,0.0
2023-06-12 10:00:00+09:00,4205.0,4205.0,4185.0,4200.0,28000,0.0,0.0
2023-06-12 11:00:00+09:00,4200.0,4200.0,4185.0,4185.0,0,0.0,0.0
2023-06-12 12:00:00+09:00,4200.0,4205.0,4180.0,4190.0,154300,0.0,0.0
2023-06-12 13:00:00+09:00,4190.0,4190.0,4175.0,4175.0,14500,0.0,0.0
2023-06-12 14:00:00+09:00,4175.0,4205.0,4170.0,4195.0,31100,0.0,0.0
2023-06-13 09:00:00+09:00,4245.0,4290.0,4240.0,4270.0,91300,0.0,0.0
2023-06-13 10:00:00+09:00,4265.0,4280.0,4260.0,4265.0,24200,0.0,0.0
2023-06-13 11:00:00+09:00,4270.0,4275.0,4260.0,4270.0,0,0.0,0.0
2023-06-13 12:00:00+09:00,4280.0,4305.0,4275.0,4300.0,167100,0.0,0.0
2023-06-13 13:00:00+09:00,4300.0,4340.0,4300.0,4325.0,72600,0.0,0.0
2023-06-13 14:00:00+09:00,4325.0,4335.0,4310.0,4315.0,53000,0.0,0.0
2023-06-14 09:00:00+09:00,4400.0,4400.0,4335.0,4335.0,139800,0.0,0.0
2023-06-14 10:00:00+09:00,4340.0,4365.0,4340.0,4355.0,38000,0.0,0.0
2023-06-14 11:00:00+09:00,4350.0,4360.0,4335.0,4340.0,0,0.0,0.0
2023-06-14 12:00:00+09:00,4335.0,4360.0,4320.0,4360.0,244600,0.0,0.0
2023-06-14 13:00:00+09:00,4355.0,4370.0,4350.0,4365.0,43600,0.0,0.0
2023-06-14 14:00:00+09:00,4360.0,4375.0,4355.0,4370.0,86700,0.0,0.0
2023-06-15 09:00:00+09:00,4360.0,4475.0,4350.0,4470.0,107900,0.0,0.0
2023-06-15 10:00:00+09:00,4470.0,4500.0,4455.0,4475.0,69800,0.0,0.0
2023-06-15 11:00:00+09:00,4475.0,4490.0,4475.0,4480.0,0,0.0,0.0
2023-06-15 12:00:00+09:00,4490.0,4495.0,4450.0,4470.0,250100,0.0,0.0
2023-06-15 13:00:00+09:00,4465.0,4480.0,4460.0,4480.0,45900,0.0,0.0
2023-06-15 14:00:00+09:00,4480.0,4480.0,4445.0,4450.0,63300,0.0,0.0
2023-06-16 09:00:00+09:00,4440.0,4445.0,4335.0,4355.0,179000,0.0,0.0
2023-06-16 10:00:00+09:00,4355.0,4355.0,4320.0,4320.0,67100,0.0,0.0
2023-06-16 11:00:00+09:00,4320.0,4350.0,4320.0,4350.0,0,0.0,0.0
2023-06-16 12:00:00+09:00,4370.0,4385.0,4360.0,4370.0,307800,0.0,0.0
2023-06-16 13:00:00+09:00,4370.0,4375.0,4345.0,4345.0,57800,0.0,0.0
2023-06-16 14:00:00+09:00,4340.0,4345.0,4265.0,4275.0,291900,0.0,0.0
2023-06-19 09:00:00+09:00,4330.0,4345.0,4255.0,4315.0,95500,0.0,0.0
2023-06-19 10:00:00+09:00,4315.0,4325.0,4305.0,4325.0,16700,0.0,0.0
2023-06-19 11:00:00+09:00,4325.0,4325.0,4305.0,4320.0,0,0.0,0.0
2023-06-19 12:00:00+09:00,4330.0,4335.0,4285.0,4300.0,153000,0.0,0.0
2023-06-19 13:00:00+09:00,4300.0,4310.0,4295.0,4300.0,0,0.0,0.0
2023-06-19 14:00:00+09:00,4305.0,4310.0,4290.0,4310.0,218500,0.0,0.0
2023-06-20 09:00:00+09:00,4295.0,4320.0,4285.0,4295.0,53300,0.0,0.0
2023-06-20 10:00:00+09:00,4295.0,4320.0,4285.0,4305.0,30500,0.0,0.0
2023-06-20 11:00:00+09:00,4305.0,4315.0,4300.0,4305.0,0,0.0,0.0
2023-06-20 12:00:00+09:00,4310.0,4345.0,4305.0,4345.0,116000,0.0,0.0
2023-06-20 13:00:00+09:00,4340.0,4340.0,4325.0,4330.0,17800,0.0,0.0
2023-06-20 14:00:00+09:00,4330.0,4350.0,4330.0,4350.0,30400,0.0,0.0
2023-06-21 09:00:00+09:00,4345.0,4365.0,4315.0,4360.0,38900,0.0,0.0
2023-06-21 10:00:00+09:00,4360.0,4400.0,4350.0,4400.0,27100,0.0,0.0
2023-06-21 11:00:00+09:00,4400.0,4400.0,4375.0,4400.0,0,0.0,0.0
2023-06-21 12:00:00+09:00,4410.0,4415.0,4390.0,4400.0,112000,0.0,0.0
2023-06-21 13:00:00+09:00,4405.0,4415.0,4395.0,4410.0,27700,0.0,0.0
2023-06-21 14:00:00+09:00,4415.0,4420.0,4385.0,4385.0,46200,0.0,0.0
2023-06-22 09:00:00+09:00,4390.0,4415.0,4370.0,4380.0,55300,0.0,0.0
2023-06-22 10:00:00+09:00,4380.0,4415.0,4370.0,4410.0,37900,0.0,0.0
2023-06-22 11:00:00+09:00,4415.0,4415.0,4400.0,4410.0,0,0.0,0.0
2023-06-22 12:00:00+09:00,4420.0,4420.0,4395.0,4400.0,123600,0.0,0.0
2023-06-22 13:00:00+09:00,4395.0,4420.0,4385.0,4415.0,35700,0.0,0.0
2023-06-22 14:00:00+09:00,4415.0,4425.0,4400.0,4405.0,66300,0.0,0.0
2023-06-23 09:00:00+09:00,4465.0,4465.0,4410.0,4440.0,54500,0.0,0.0
2023-06-23 10:00:00+09:00,4445.0,4445.0,4360.0,4380.0,80900,0.0,0.0
2023-06-23 11:00:00+09:00,4375.0,4380.0,4360.0,4360.0,0,0.0,0.0
2023-06-23 12:00:00+09:00,4355.0,4365.0,4330.0,4365.0,201200,0.0,0.0
2023-06-23 13:00:00+09:00,4360.0,4360.0,4350.0,4355.0,29400,0.0,0.0
2023-06-23 14:00:00+09:00,4355.0,4365.0,4350.0,4360.0,27800,0.0,0.0
2023-06-26 09:00:00+09:00,4395.0,4405.0,4335.0,4405.0,47100,0.0,0.0
2023-06-26 10:00:00+09:00,4405.0,4450.0,4405.0,4435.0,24200,0.0,0.0
2023-06-26 11:00:00+09:00,4435.0,4440.0,4420.0,4420.0,0,0.0,0.0
2023-06-26 12:00:00+09:00,4405.0,4425.0,4345.0,4345.0,107300,0.0,0.0
2023-06-26 13:00:00+09:00,4345.0,4375.0,4345.0,4360.0,14300,0.0,0.0
2023-06-26 14:00:00+09:00,4365.0,4375.0,4355.0,4355.0,18400,0.0,0.0
2023-06-27 09:00:00+09:00,4350.0,4360.0,4310.0,4315.0,37800,0.0,0.0
2023-06-27 10:00:00+09:00,4315.0,4335.0,4285.0,4335.0,31300,0.0,0.0
2023-06-27 11:00:00+09:00,4340.0,4345.0,4335.0,4335.0,0,0.0,0.0
2023-06-27 12:00:00+09:00,4335.0,4350.0,4330.0,4340.0,97400,0.0,0.0
2023-06-27 13:00:00+09:00,4340.0,4365.0,4340.0,4365.0,18100,0.0,0.0
2023-06-27 14:00:00+09:00,4365.0,4365.0,4345.0,4355.0,36600,0.0,0.0
2023-06-28 09:00:00+09:00,4400.0,4430.0,4400.0,4420.0,78800,0.0,0.0
2023-06-28 10:00:00+09:00,4420.0,4430.0,4405.0,4415.0,34300,0.0,0.0
2023-06-28 11:00:00+09:00,4410.0,4425.0,4410.0,4425.0,0,0.0,0.0
2023-06-28 12:00:00+09:00,4435.0,4495.0,4435.0,4480.0,176100,0.0,0.0
2023-06-28 13:00:00+09:00,4480.0,4490.0,4460.0,4470.0,27000,0.0,0.0
2023-06-28 14:00:00+09:00,4470.0,4495.0,4465.0,4490.0,58200,0.0,0.0
2023-06-29 09:00:00+09:00,4490.0,4515.0,4455.0,4460.0,60600,0.0,0.0
2023-06-29 10:00:00+09:00,4460.0,4480.0,4460.0,4470.0,24200,0.0,0.0
2023-06-29 11:00:00+09:00,4470.0,4475.0,4445.0,4470.0,0,0.0,0.0
2023-06-29 12:00:00+09:00,4455.0,4470.0,4445.0,4455.0,129700,0.0,0.0
2023-06-29 13:00:00+09:00,4455.0,4465.0,4450.0,4455.0,24000,0.0,0.0
2023-06-29 14:00:00+09:00,4460.0,4465.0,4430.0,4440.0,46500,0.0,0.0
2023-06-30 09:00:00+09:00,4470.0,4480.0,4420.0,4440.0,51100,0.0,0.0
2023-06-30 10:00:00+09:00,4435.0,4450.0,4420.0,4430.0,47100,0.0,0.0
2023-06-30 11:00:00+09:00,4430.0,4450.0,4425.0,4450.0,0,0.0,0.0
2023-06-30 12:00:00+09:00,4430.0,4440.0,4405.0,4405.0,134800,0.0,0.0
2023-06-30 13:00:00+09:00,4410.0,4415.0,4400.0,4415.0,19900,0.0,0.0
2023-06-30 14:00:00+09:00,4415.0,4445.0,4415.0,4435.0,40200,0.0,0.0
2023-07-03 09:00:00+09:00,4495.0,4565.0,4480.0,4560.0,95200,0.0,0.0
2023-07-03 10:00:00+09:00,4560.0,4575.0,4555.0,4570.0,37400,0.0,0.0
2023-07-03 11:00:00+09:00,4570.0,4570.0,4540.0,4555.0,0,0.0,0.0
2023-07-03 12:00:00+09:00,4560.0,4575.0,4555.0,4560.0,188100,0.0,0.0
2023-07-03 13:00:00+09:00,4560.0,4570.0,4555.0,4560.0,21000,0.0,0.0
2023-07-03 14:00:00+09:00,4565.0,4575.0,4555.0,4575.0,67200,0.0,0.0
2023-07-04 09:00:00+09:00,4585.0,4600.0,4510.0,4595.0,117100,0.0,0.0
2023-07-04 10:00:00+09:00,4600.0,4605.0,4550.0,4555.0,60100,0.0,0.0
2023-07-04 11:00:00+09:00,4560.0,4570.0,4545.0,4570.0,0,0.0,0.0
2023-07-04 12:00:00+09:00,4570.0,4600.0,4570.0,4595.0,224300,0.0,0.0
2023-07-04 13:00:00+09:00,4595.0,4600.0,4580.0,4580.0,27700,0.0,0.0
2023-07-04 14:00:00+09:00,4580.0,4595.0,4570.0,4580.0,41200,0.0,0.0
2023-07-05 09:00:00+09:00,4565.0,4650.0,4535.0,4640.0,126300,0.0,0.0
2023-07-05 10:00:00+09:00,4635.0,4650.0,4580.0,4595.0,58900,0.0,0.0
2023-07-05 11:00:00+09:00,4590.0,4620.0,4590.0,4620.0,0,0.0,0.0
2023-07-05 12:00:00+09:00,4620.0,4630.0,4615.0,4615.0,216500,0.0,0.0
2023-07-05 13:00:00+09:00,4620.0,4650.0,4615.0,4650.0,47600,0.0,0.0
2023-07-05 14:00:00+09:00,4650.0,4680.0,4650.0,4665.0,92200,0.0,0.0
2023-07-06 09:00:00+09:00,4635.0,4655.0,4580.0,4635.0,128200,0.0,0.0
2023-07-06 10:00:00+09:00,4635.0,4635.0,4585.0,4620.0,44600,0.0,0.0
2023-07-06 11:00:00+09:00,4620.0,4620.0,4600.0,4610.0,0,0.0,0.0
2023-07-06 12:00:00+09:00,4600.0,4605.0,4570.0,4600.0,245700,0.0,0.0
2023-07-06 13:00:00+09:00,4605.0,4610.0,4585.0,4605.0,26600,0.0,0.0
2023-07-06 14:00:00+09:00,4605.0,4605.0,4580.0,4590.0,41400,0.0,0.0
2023-07-07 09:00:00+09:00,4525.0,4535.0,4440.0,4525.0,185400,0.0,0.0
2023-07-07 10:00:00+09:00,4530.0,4545.0,4505.0,4525.0,36500,0.0,0.0
2023-07-07 11:00:00+09:00,4525.0,4525.0,4510.0,4525.0,0,0.0,0.0
2023-07-07 12:00:00+09:00,4540.0,4560.0,4535.0,4555.0,261300,0.0,0.0
2023-07-07 13:00:00+09:00,4555.0,4555.0,4540.0,4550.0,16100,0.0,0.0
2023-07-07 14:00:00+09:00,4545.0,4565.0,4535.0,4535.0,60700,0.0,0.0
2023-07-10 09:00:00+09:00,4535.0,4615.0,4535.0,4555.0,89700,0.0,0.0
2023-07-10 10:00:00+09:00,4560.0,4565.0,4500.0,4510.0,49800,0.0,0.0
2023-07-10 11:00:00+09:00,4510.0,4520.0,4500.0,4500.0,0,0.0,0.0
2023-07-10 12:00:00+09:00,4500.0,4505.0,4490.0,4500.0,180300,0.0,0.0
2023-07-10 13:00:00+09:00,4495.0,4530.0,4495.0,4520.0,28900,0.0,0.0
2023-07-10 14:00:00+09:00,4520.0,4530.0,4485.0,4495.0,64100,0.0,0.0
2023-07-11 09:00:00+09:00,4530.0,4530.0,4475.0,4490.0,63400,0.0,0.0
2023-07-11 10:00:00+09:00,4490.0,4510.0,4480.0,4510.0,39700,0.0,0.0
2023-07-11 11:00:00+09:00,4505.0,4510.0,4495.0,4495.0,0,0.0,0.0
2023-07-11 12:00:00+09:00,4495.0,4500.0,4485.0,4490.0,131000,0.0,0.0
2023-07-11 13:00:00+09:00,4485.0,4490.0,4430.0,4440.0,84800,0.0,0.0
2023-07-11 14:00:00+09:00,4440.0,4460.0,4420.0,4430.0,71000,0.0,0.0
2023-07-12 09:00:00+09:00,4425.0,4465.0,4340.0,4345.0,172100,0.0,0.0
2023-07-12 10:00:00+09:00,4350.0,4365.0,4335.0,4355.0,73600,0.0,0.0
2023-07-12 11:00:00+09:00,4355.0,4385.0,4340.0,4380.0,0,0.0,0.0
2023-07-12 12:00:00+09:00,4365.0,4380.0,4350.0,4360.0,331500,0.0,0.0
2023-07-12 13:00:00+09:00,4360.0,4360.0,4325.0,4335.0,57300,0.0,0.0
2023-07-12 14:00:00+09:00,4335.0,4350.0,4320.0,4320.0,79200,0.0,0.0
2023-07-13 09:00:00+09:00,4305.0,4340.0,4260.0,4325.0,116600,0.0,0.0
2023-07-13 10:00:00+09:00,4330.0,4360.0,4315.0,4355.0,57400,0.0,0.0
2023-07-13 11:00:00+09:00,4350.0,4375.0,4350.0,4370.0,0,0.0,0.0
2023-07-13 12:00:00+09:00,4395.0,4405.0,4375.0,4395.0,235300,0.0,0.0
2023-07-13 13:00:00+09:00,4390.0,4400.0,4355.0,4355.0,47000,0.0,0.0
2023-07-13 14:00:00+09:00,4360.0,4400.0,4360.0,4395.0,84600,0.0,0.0
2023-07-14 09:00:00+09:00,4620.0,4620.0,4240.0,4330.0,675900,0.0,0.0
2023-07-14 10:00:00+09:00,4325.0,4330.0,4260.0,4310.0,142500,0.0,0.0
2023-07-14 11:00:00+09:00,4310.0,4315.0,4280.0,4310.0,0,0.0,0.0
2023-07-14 12:00:00+09:00,4315.0,4410.0,4315.0,4380.0,932900,0.0,0.0
2023-07-14 13:00:00+09:00,4385.0,4400.0,4350.0,4395.0,66900,0.0,0.0
2023-07-14 14:00:00+09:00,4400.0,4440.0,4380.0,4425.0,128800,0.0,0.0
2023-07-18 09:00:00+09:00,4490.0,4535.0,4430.0,4435.0,176200,0.0,0.0
2023-07-18 10:00:00+09:00,4435.0,4450.0,4420.0,4430.0,66900,0.0,0.0
2023-07-18 11:00:00+09:00,4430.0,4445.0,4425.0,4440.0,0,0.0,0.0
2023-07-18 12:00:00+09:00,4440.0,4440.0,4395.0,4400.0,315200,0.0,0.0
2023-07-18 13:00:00+09:00,4400.0,4405.0,4370.0,4395.0,55000,0.0,0.0
2023-07-18 14:00:00+09:00,4395.0,4400.0,4380.0,4390.0,97000,0.0,0.0
2023-07-19 09:00:00+09:00,4465.0,4565.0,4420.0,4565.0,214400,0.0,0.0
2023-07-19 10:00:00+09:00,4565.0,4565.0,4535.0,4545.0,59900,0.0,0.0
2023-07-19 11:00:00+09:00,4545.0,4550.0,4535.0,4550.0,0,0.0,0.0
2023-07-19 12:00:00+09:00,4545.0,4545.0,4505.0,4525.0,318100,0.0,0.0
2023-07-19 13:00:00+09:00,4530.0,4545.0,4525.0,4540.0,30900,0.0,0.0
2023-07-19 14:00:00+09:00,4540.0,4560.0,4535.0,4550.0,48000,0.0,0.0
2023-07-20 09:00:00+09:00,4525.0,4580.0,4505.0,4555.0,86400,0.0,0.0
2023-07-20 10:00:00+09:00,4555.0,4565.0,4515.0,4525.0,38700,0.0,0.0
2023-07-20 11:00:00+09:00,4525.0,4525.0,4495.0,4500.0,0,0.0,0.0
2023-07-20 12:00:00+09:00,4490.0,4515.0,4480.0,4490.0,174700,0.0,0.0
2023-07-20 13:00:00+09:00,4495.0,4505.0,4475.0,4485.0,30400,0.0,0.0
2023-07-20 14:00:00+09:00,4485.0,4495.0,4460.0,4465.0,60500,0.0,0.0
2023-07-21 09:00:00+09:00,4455.0,4460.0,4390.0,4410.0,81800,0.0,0.0
2023-07-21 10:00:00+09:00,4400.0,4440.0,4375.0,4420.0,61100,0.0,0.0
2023-07-21 11:00:00+09:00,4425.0,4450.0,4420.0,4440.0,0,0.0,0.0
2023-07-21 12:00:00+09:00,4450.0,4465.0,4440.0,4445.0,173300,0.0,0.0
2023-07-21 13:00:00+09:00,4440.0,4440.0,4410.0,4430.0,17900,0.0,0.0
2023-07-21 14:00:00+09:00,4425.0,4425.0,4405.0,4415.0,36600,0.0,0.0
2023-07-24 09:00:00+09:00,4450.0,4500.0,4425.0,4495.0,85200,0.0,0.0
2023-07-24 10:00:00+09:00,4490.0,4510.0,4485.0,4505.0,33500,0.0,0.0
2023-07-24 11:00:00+09:00,4500.0,4510.0,4495.0,4505.0,0,0.0,0.0
2023-07-24 12:00:00+09:00,4510.0,4520.0,4500.0,4500.0,154300,0.0,0.0
2023-07-24 13:00:00+09:00,4500.0,4540.0,4500.0,4530.0,40600,0.0,0.0
2023-07-24 14:00:00+09:00,4525.0,4545.0,4515.0,4525.0,38000,0.0,0.0
2023-07-25 09:00:00+09:00,4565.0,4650.0,4560.0,4640.0,140100,0.0,0.0
2023-07-25 10:00:00+09:00,4640.0,4650.0,4615.0,4640.0,35100,0.0,0.0
2023-07-25 11:00:00+09:00,4640.0,4640.0,4625.0,4625.0,0,0.0,0.0
2023-07-25 12:00:00+09:00,4625.0,4625.0,4605.0,4620.0,220600,0.0,0.0
2023-07-25 13:00:00+09:00,4615.0,4635.0,4615.0,4625.0,24400,0.0,0.0
2023-07-25 14:00:00+09:00,4625.0,4655.0,4625.0,4645.0,64400,0.0,0.0
2023-07-26 09:00:00+09:00,4700.0,4710.0,4600.0,4650.0,113700,0.0,0.0
2023-07-26 10:00:00+09:00,4645.0,4655.0,4625.0,4640.0,28700,0.0,0.0
2023-07-26 11:00:00+09:00,4640.0,4640.0,4630.0,4630.0,0,0.0,0.0
2023-07-26 12:00:00+09:00,4645.0,4645.0,4635.0,4635.0,164600,0.0,0.0
2023-07-26 13:00:00+09:00,4630.0,4655.0,4630.0,4635.0,29200,0.0,0.0
2023-07-26 14:00:00+09:00,4635.0,4645.0,4625.0,4640.0,22000,0.0,0.0
2023-07-27 09:00:00+09:00,4575.0,4580.0,4520.0,4535.0,109400,0.0,0.0
2023-07-27 10:00:00+09:00,4530.0,4560.0,4520.0,4550.0,35900,0.0,0.0
2023-07-27 11:00:00+09:00,4545.0,4545.0,4535.0,4535.0,0,0.0,0.0
2023-07-27 12:00:00+09:00,4535.0,4545.0,4535.0,4540.0,174000,0.0,0.0
2023-07-27 13:00:00+09:00,4545.0,4555.0,4530.0,4535.0,48200,0.0,0.0
2023-07-27 14:00:00+09:00,4535.0,4560.0,4535.0,4535.0,60000,0.0,0.0
2023-07-28 09:00:00+09:00,4405.0,4495.0,4370.0,4470.0,113300,0.0,0.0
2023-07-28 10:00:00+09:00,4470.0,4480.0,4455.0,4465.0,20100,0.0,0.0
2023-07-28 11:00:00+09:00,4460.0,4475.0,4455.0,4465.0,0,0.0,0.0
2023-07-28 12:00:00+09:00,4460.0,4535.0,4460.0,4460.0,195400,0.0,0.0
2023-07-28 13:00:00+09:00,4455.0,4455.0,4390.0,4425.0,107700,0.0,0.0
2023-07-28 14:00:00+09:00,4420.0,4495.0,4410.0,4485.0,86400,0.0,0.0
2023-07-31 09:00:00+09:00,4485.0,4535.0,4485.0,4520.0,77900,0.0,0.0
2023-07-31 10:00:00+09:00,4520.0,4525.0,4475.0,4485.0,37200,0.0,0.0
2023-07-31 11:00:00+09:00,4480.0,4495.0,4475.0,4475.0,0,0.0,0.0
2023-07-31 12:00:00+09:00,4475.0,4475.0,4420.0,4435.0,176500,0.0,0.0
2023-07-31 13:00:00+09:00,4435.0,4435.0,4410.0,4425.0,44900,0.0,0.0
2023-07-31 14:00:00+09:00,4425.0,4450.0,4410.0,4445.0,59300,0.0,0.0
2023-08-01 09:00:00+09:00,4515.0,4575.0,4505.0,4515.0,148300,0.0,0.0
2023-08-01 10:00:00+09:00,4515.0,4570.0,4500.0,4565.0,46900,0.0,0.0
2023-08-01 11:00:00+09:00,4560.0,4570.0,4555.0,4565.0,0,0.0,0.0
2023-08-01 12:00:00+09:00,4570.0,4600.0,4560.0,4595.0,259800,0.0,0.0
2023-08-01 13:00:00+09:00,4595.0,4625.0,4585.0,4600.0,72000,0.0,0.0
2023-08-01 14:00:00+09:00,4595.0,4625.0,4595.0,4620.0,64500,0.0,0.0
2023-08-02 09:00:00+09:00,4650.0,4745.0,4630.0,4740.0,193300,0.0,0.0
2023-08-02 10:00:00+09:00,4735.0,4740.0,4665.0,4670.0,62100,0.0,0.0
2023-08-02 11:00:00+09:00,4665.0,4665.0,4615.0,4635.0,0,0.0,0.0
2023-08-02 12:00:00+09:00,4615.0,4625.0,4600.0,4600.0,342900,0.0,0.0
2023-08-02 13:00:00+09:00,4600.0,4610.0,4580.0,4580.0,61800,0.0,0.0
2023-08-02 14:00:00+09:00,4580.0,4620.0,4580.0,4590.0,62200,0.0,0.0
2023-08-03 09:00:00+09:00,4500.0,4515.0,4450.0,4500.0,94100,0.0,0.0
2023-08-03 10:00:00+09:00,4495.0,4515.0,4475.0,4505.0,24700,0.0,0.0
2023-08-03 11:00:00+09:00,4500.0,4515.0,4495.0,4495.0,0,0.0,0.0
2023-08-03 12:00:00+09:00,4490.0,4520.0,4490.0,4520.0,145700,0.0,0.0
2023-08-03 13:00:00+09:00,4520.0,4525.0,4505.0,4510.0,35000,0.0,0.0
2023-08-03 14:00:00+09:00,4510.0,4520.0,4485.0,4500.0,32500,0.0,0.0
2023-08-04 09:00:00+09:00,4450.0,4510.0,4435.0,4505.0,72900,0.0,0.0
2023-08-04 10:00:00+09:00,4500.0,4505.0,4465.0,4470.0,18700,0.0,0.0
2023-08-04 11:00:00+09:00,4475.0,4480.0,4465.0,4470.0,0,0.0,0.0
2023-08-04 12:00:00+09:00,4460.0,4500.0,4460.0,4485.0,117200,0.0,0.0
2023-08-04 13:00:00+09:00,4485.0,4495.0,4480.0,4495.0,18200,0.0,0.0
2023-08-04 14:00:00+09:00,4490.0,4490.0,4465.0,4465.0,27900,0.0,0.0
2023-08-07 09:00:00+09:00,4450.0,4450.0,4395.0,4405.0,71100,0.0,0.0
2023-08-07 10:00:00+09:00,4405.0,4410.0,4390.0,4400.0,58200,0.0,0.0
2023-08-07 11:00:00+09:00,4405.0,4420.0,4405.0,4415.0,0,0.0,0.0
2023-08-07 12:00:00+09:00,4410.0,4435.0,4385.0,4395.0,225400,0.0,0.0
2023-08-07 13:00:00+09:00,4390.0,4395.0,4375.0,4385.0,36900,0.0,0.0
2023-08-07 14:00:00+09:00,4385.0,4385.0,4355.0,4380.0,63900,0.0,0.0
2023-08-08 09:00:00+09:00,4440.0,4485.0,4425.0,4445.0,153600,0.0,0.0
2023-08-08 10:00:00+09:00,4445.0,4445.0,4400.0,4415.0,40400,0.0,0.0
2023-08-08 11:00:00+09:00,4410.0,4435.0,4405.0,4435.0,0,0.0,0.0
2023-08-08 12:00:00+09:00,4445.0,4455.0,4430.0,4430.0,258900,0.0,0.0
2023-08-08 13:00:00+09:00,4430.0,4435.0,4400.0,4410.0,44100,0.0,0.0
2023-08-08 14:00:00+09:00,4410.0,4435.0,4410.0,4415.0,49700,0.0,0.0
2023-08-09 09:00:00+09:00,4385.0,4385.0,4305.0,4320.0,121100,0.0,0.0
2023-08-09 10:00:00+09:00,4325.0,4335.0,4315.0,4325.0,32600,0.0,0.0
2023-08-09 11:00:00+09:00,4325.0,4335.0,4315.0,4320.0,0,0.0,0.0
2023-08-09 12:00:00+09:00,4315.0,4360.0,4315.0,4350.0,213400,0.0,0.0
2023-08-09 13:00:00+09:00,4350.0,4350.0,4330.0,4330.0,27200,0.0,0.0
2023-08-09 14:00:00+09:00,4330.0,4340.0,4320.0,4330.0,55200,0.0,0.0
2023-08-10 09:00:00+09:00,4315.0,4405.0,4315.0,4395.0,69800,0.0,0.0
2023-08-10 10:00:00+09:00,4390.0,4395.0,4375.0,4375.0,35800,0.0,0.0
2023-08-10 11:00:00+09:00,4375.0,4410.0,4375.0,4410.0,0,0.0,0.0
2023-08-10 12:00:00+09:00,4400.0,4430.0,4400.0,4425.0,138100,0.0,0.0
2023-08-10 13:00:00+09:00,4425.0,4435.0,4415.0,4430.0,30000,0.0,0.0
2023-08-10 14:00:00+09:00,4430.0,4450.0,4430.0,4450.0,40500,0.0,0.0
2023-08-14 09:00:00+09:00,4455.0,4455.0,4390.0,4390.0,49600,0.0,0.0
2023-08-14 10:00:00+09:00,4385.0,4390.0,4355.0,4355.0,29100,0.0,0.0
2023-08-14 11:00:00+09:00,4355.0,4360.0,4340.0,4340.0,0,0.0,0.0
2023-08-14 12:00:00+09:00,4340.0,4345.0,4325.0,4330.0,109400,0.0,0.0
2023-08-14 13:00:00+09:00,4330.0,4335.0,4320.0,4330.0,22700,0.0,0.0
2023-08-14 14:00:00+09:00,4330.0,4345.0,4315.0,4340.0,57600,0.0,0.0
2023-08-15 09:00:00+09:00,4360.0,4385.0,4350.0,4375.0,43000,0.0,0.0
2023-08-15 10:00:00+09:00,4375.0,4400.0,4370.0,4390.0,25000,0.0,0.0
2023-08-15 11:00:00+09:00,4390.0,4390.0,4380.0,4385.0,0,0.0,0.0
2023-08-15 12:00:00+09:00,4395.0,4395.0,4360.0,4365.0,89900,0.0,0.0
2023-08-15 13:00:00+09:00,4365.0,4370.0,4345.0,4360.0,23400,0.0,0.0
2023-08-15 14:00:00+09:00,4355.0,4360.0,4350.0,4355.0,26800,0.0,0.0
2023-08-16 09:00:00+09:00,4285.0,4305.0,4270.0,4280.0,60200,0.0,0.0
2023-08-16 10:00:00+09:00,4270.0,4310.0,4270.0,4305.0,14200,0.0,0.0
2023-08-16 11:00:00+09:00,4305.0,4325.0,4300.0,4325.0,0,0.0,0.0
2023-08-16 12:00:00+09:00,4325.0,4335.0,4315.0,4335.0,96700,0.0,0.0
2023-08-16 13:00:00+09:00,4335.0,4335.0,4325.0,4335.0,18000,0.0,0.0
2023-08-16 14:00:00+09:00,4335.0,4350.0,4310.0,4320.0,48700,0.0,0.0
2023-08-17 09:00:00+09:00,4280.0,4285.0,4265.0,4275.0,38500,0.0,0.0
2023-08-17 10:00:00+09:00,4275.0,4280.0,4235.0,4265.0,37500,0.0,0.0
2023-08-17 11:00:00+09:00,4265.0,4310.0,4265.0,4290.0,0,0.0,0.0
2023-08-17 12:00:00+09:00,4295.0,4320.0,4295.0,4315.0,116400,0.0,0.0
2023-08-17 13:00:00+09:00,4320.0,4345.0,4315.0,4335.0,23800,0.0,0.0
2023-08-17 14:00:00+09:00,4340.0,4355.0,4335.0,4350.0,34300,0.0,0.0
2023-08-18 09:00:00+09:00,4280.0,4335.0,4270.0,4315.0,38200,0.0,0.0
2023-08-18 10:00:00+09:00,4315.0,4355.0,4315.0,4355.0,32800,0.0,0.0
2023-08-18 11:00:00+09:00,4355.0,4365.0,4350.0,4355.0,0,0.0,0.0
2023-08-18 12:00:00+09:00,4335.0,4345.0,4325.0,4330.0,92300,0.0,0.0
2023-08-18 13:00:00+09:00,4330.0,4330.0,4305.0,4315.0,23200,0.0,0.0
2023-08-18 14:00:00+09:00,4310.0,4310.0,4290.0,4300.0,30400,0.0,0.0
2023-08-21 09:00:00+09:00,4345.0,4345.0,4280.0,4295.0,24100,0.0,0.0
2023-08-21 10:00:00+09:00,4290.0,4300.0,4265.0,4290.0,18500,0.0,0.0
2023-08-21 11:00:00+09:00,4290.0,4310.0,4290.0,4310.0,0,0.0,0.0
2023-08-21 12:00:00+09:00,4305.0,4305.0,4285.0,4285.0,59800,0.0,0.0
2023-08-21 13:00:00+09:00,4285.0,4300.0,4285.0,4295.0,10200,0.0,0.0
2023-08-21 14:00:00+09:00,4300.0,4305.0,4285.0,4290.0,24200,0.0,0.0
2023-08-22 09:00:00+09:00,4305.0,4320.0,4265.0,4315.0,0,0.0,0.0
2023-08-22 10:00:00+09:00,4310.0,4310.0,4295.0,4305.0,42900,0.0,0.0
2023-08-22 11:00:00+09:00,4300.0,4310.0,4295.0,4305.0,0,0.0,0.0
2023-08-22 12:00:00+09:00,4315.0,4320.0,4310.0,4320.0,63500,0.0,0.0
2023-08-22 13:00:00+09:00,4320.0,4330.0,4315.0,4325.0,12700,0.0,0.0
2023-08-22 14:00:00+09:00,4325.0,4340.0,4325.0,4335.0,31700,0.0,0.0
2023-08-23 09:00:00+09:00,4275.0,4320.0,4265.0,4310.0,40200,0.0,0.0
2023-08-23 10:00:00+09:00,4305.0,4330.0,4305.0,4325.0,11900,0.0,0.0
2023-08-23 11:00:00+09:00,4325.0,4340.0,4320.0,4340.0,0,0.0,0.0
2023-08-23 12:00:00+09:00,4340.0,4350.0,4325.0,4325.0,83000,0.0,0.0
2023-08-23 13:00:00+09:00,4325.0,4335.0,4325.0,4335.0,5500,0.0,0.0
2023-08-23 14:00:00+09:00,4340.0,4365.0,4335.0,4360.0,17500,0.0,0.0
2023-08-24 09:00:00+09:00,4370.0,4390.0,4350.0,4370.0,27400,0.0,0.0
2023-08-24 10:00:00+09:00,4370.0,4375.0,4355.0,4360.0,9800,0.0,0.0
2023-08-24 11:00:00+09:00,4365.0,4370.0,4365.0,4370.0,0,0.0,0.0
2023-08-24 12:00:00+09:00,4370.0,4375.0,4350.0,4350.0,47400,0.0,0.0
2023-08-24 13:00:00+09:00,4350.0,4365.0,4350.0,4365.0,6900,0.0,0.0
2023-08-24 14:00:00+09:00,4365.0,4370.0,4355.0,4355.0,10800,0.0,0.0
2023-08-25 09:00:00+09:00,4300.0,4315.0,4285.0,4310.0,25800,0.0,0.0
2023-08-25 10:00:00+09:00,4315.0,4320.0,4305.0,4320.0,8000,0.0,0.0
2023-08-25 11:00:00+09:00,4320.0,4320.0,4315.0,4320.0,0,0.0,0.0
2023-08-25 12:00:00+09:00,4315.0,4335.0,4315.0,4325.0,49400,0.0,0.0
2023-08-25 13:00:00+09:00,4325.0,4335.0,4320.0,4325.0,10200,0.0,0.0
2023-08-25 14:00:00+09:00,4325.0,4330.0,4315.0,4325.0,24700,0.0,0.0
2023-08-28 09:00:00+09:00,4370.0,4400.0,4345.0,4400.0,33300,0.0,0.0
2023-08-28 10:00:00+09:00,4400.0,4410.0,4390.0,4400.0,18100,0.0,0.0
2023-08-28 11:00:00+09:00,4400.0,4410.0,4400.0,4400.0,0,0.0,0.0
2023-08-28 12:00:00+09:00,4400.0,4405.0,4380.0,4385.0,68300,0.0,0.0
2023-08-28 13:00:00+09:00,4385.0,4390.0,4375.0,4390.0,8200,0.0,0.0
2023-08-28 14:00:00+09:00,4390.0,4425.0,4390.0,4425.0,30200,0.0,0.0
2023-08-29 09:00:00+09:00,4455.0,4480.0,4435.0,4470.0,57900,0.0,0.0
2023-08-29 10:00:00+09:00,4465.0,4470.0,4435.0,4440.0,21700,0.0,0.0
2023-08-29 11:00:00+09:00,4440.0,4450.0,4435.0,4450.0,0,0.0,0.0
2023-08-29 12:00:00+09:00,4455.0,4460.0,4450.0,4460.0,100200,0.0,0.0
2023-08-29 13:00:00+09:00,4460.0,4470.0,4460.0,4465.0,11300,0.0,0.0
2023-08-29 14:00:00+09:00,4465.0,4480.0,4465.0,4475.0,26600,0.0,0.0
2023-08-30 09:00:00+09:00,4520.0,4520.0,4490.0,4505.0,44700,0.0,0.0
2023-08-30 10:00:00+09:00,4505.0,4520.0,4490.0,4520.0,23500,0.0,0.0
2023-08-30 11:00:00+09:00,4515.0,4520.0,4505.0,4515.0,0,0.0,0.0
2023-08-30 12:00:00+09:00,4515.0,4525.0,4505.0,4515.0,103500,0.0,0.0
2023-08-30 13:00:00+09:00,4515.0,4525.0,4510.0,4515.0,17500,0.0,0.0
2023-08-30 14:00:00+09:00,4510.0,4520.0,4490.0,4505.0,48900,0.0,0.0
2023-08-31 09:00:00+09:00,4530.0,4560.0,4510.0,4545.0,63100,0.0,0.0
2023-08-31 10:00:00+09:00,4545.0,4580.0,4535.0,4575.0,32500,0.0,0.0
2023-08-31 11:00:00+09:00,4575.0,4600.0,4575.0,4595.0,0,0.0,0.0
2023-08-31 12:00:00+09:00,4590.0,4615.0,4580.0,4615.0,158800,0.0,0.0
2023-08-31 13:00:00+09:00,4620.0,4640.0,4615.0,4640.0,40300,0.0,0.0
2023-08-31 14:00:00+09:00,4645.0,4660.0,4635.0,4635.0,81400,0.0,0.0
2023-09-01 09:00:00+09:00,4590.0,4635.0,4575.0,4630.0,41600,0.0,0.0
2023-09-01 10:00:00+09:00,4635.0,4650.0,4610.0,4620.0,23700,0.0,0.0
2023-09-01 11:00:00+09:00,4615.0,4630.0,4610.0,4630.0,0,0.0,0.0
2023-09-01 12:00:00+09:00,4630.0,4630.0,4610.0,4615.0,86400,0.0,0.0
2023-09-01 13:00:00+09:00,4620.0,4630.0,4615.0,4625.0,9700,0.0,0.0
2023-09-01 14:00:00+09:00,4625.0,4645.0,4625.0,4645.0,15500,0.0,0.0
2023-09-04 09:00:00+09:00,4615.0,4625.0,4580.0,4610.0,55900,0.0,0.0
2023-09-04 10:00:00+09:00,4610.0,4695.0,4600.0,4690.0,62200,0.0,0.0
2023-09-04 11:00:00+09:00,4690.0,4695.0,4680.0,4690.0,0,0.0,0.0
2023-09-04 12:00:00+09:00,4690.0,4700.0,4680.0,4685.0,149200,0.0,0.0
2023-09-04 13:00:00+09:00,4680.0,4685.0,4680.0,4685.0,16400,0.0,0.0
2023-09-04 14:00:00+09:00,4685.0,4715.0,4685.0,4715.0,54100,0.0,0.0
2023-09-05 09:00:00+09:00,4725.0,4725.0,4680.0,4715.0,46000,0.0,0.0
2023-09-05 10:00:00+09:00,4710.0,4710.0,4680.0,4695.0,34900,0.0,0.0
2023-09-05 11:00:00+09:00,4690.0,4700.0,4685.0,4700.0,0,0.0,0.0
2023-09-05 12:00:00+09:00,4700.0,4705.0,4695.0,4705.0,95100,0.0,0.0
2023-09-05 13:00:00+09:00,4705.0,4715.0,4700.0,4710.0,18600,0.0,0.0
2023-09-05 14:00:00+09:00,4715.0,4740.0,4710.0,4730.0,30100,0.0,0.0
2023-09-06 09:00:00+09:00,4715.0,4735.0,4695.0,4725.0,43700,0.0,0.0
2023-09-06 10:00:00+09:00,4725.0,4740.0,4695.0,4700.0,27700,0.0,0.0
2023-09-06 11:00:00+09:00,4700.0,4725.0,4695.0,4725.0,0,0.0,0.0
2023-09-06 12:00:00+09:00,4715.0,4725.0,4700.0,4700.0,100400,0.0,0.0
2023-09-06 13:00:00+09:00,4700.0,4705.0,4690.0,4690.0,16100,0.0,0.0
2023-09-06 14:00:00+09:00,4690.0,4705.0,4685.0,4700.0,25800,0.0,0.0
2023-09-07 09:00:00+09:00,4765.0,4930.0,4750.0,4920.0,219200,0.0,0.0
2023-09-07 10:00:00+09:00,4920.0,4950.0,4905.0,4920.0,76400,0.0,0.0
2023-09-07 11:00:00+09:00,4920.0,4935.0,4915.0,4920.0,0,0.0,0.0
2023-09-07 12:00:00+09:00,4930.0,4975.0,4925.0,4935.0,371300,0.0,0.0
2023-09-07 13:00:00+09:00,4930.0,4945.0,4910.0,4915.0,45900,0.0,0.0
2023-09-07 14:00:00+09:00,4920.0,4935.0,4905.0,4915.0,64500,0.0,0.0
2023-09-08 09:00:00+09:00,4915.0,4980.0,4910.0,4945.0,129400,0.0,0.0
2023-09-08 10:00:00+09:00,4950.0,4995.0,4950.0,4990.0,38400,0.0,0.0
2023-09-08 11:00:00+09:00,4990.0,5050.0,4985.0,5040.0,0,0.0,0.0
2023-09-08 12:00:00+09:00,5040.0,5040.0,4975.0,4985.0,267500,0.0,0.0
2023-09-08 13:00:00+09:00,4980.0,4995.0,4980.0,4980.0,30500,0.0,0.0
2023-09-08 14:00:00+09:00,4975.0,5010.0,4975.0,5000.0,50900,0.0,0.0
2023-09-11 09:00:00+09:00,5030.0,5100.0,5030.0,5060.0,114400,0.0,0.0
2023-09-11 10:00:00+09:00,5060.0,5090.0,5030.0,5090.0,79900,0.0,0.0
2023-09-11 11:00:00+09:00,5090.0,5090.0,5060.0,5080.0,0,0.0,0.0
2023-09-11 12:00:00+09:00,5060.0,5060.0,4940.0,4950.0,356000,0.0,0.0
2023-09-11 13:00:00+09:00,4950.0,4960.0,4940.0,4940.0,42000,0.0,0.0
2023-09-11 14:00:00+09:00,4940.0,4950.0,4925.0,4945.0,49500,0.0,0.0
2023-09-12 09:00:00+09:00,5000.0,5010.0,4930.0,4935.0,67100,0.0,0.0
2023-09-12 10:00:00+09:00,4935.0,4950.0,4915.0,4940.0,39700,0.0,0.0
2023-09-12 11:00:00+09:00,4940.0,4980.0,4935.0,4980.0,0,0.0,0.0
2023-09-12 12:00:00+09:00,4980.0,5000.0,4975.0,4980.0,139900,0.0,0.0
2023-09-12 13:00:00+09:00,4975.0,4990.0,4965.0,4980.0,20300,0.0,0.0
2023-09-12 14:00:00+09:00,4975.0,5000.0,4965.0,4995.0,28100,0.0,0.0
2023-09-13 09:00:00+09:00,5020.0,5020.0,4960.0,4980.0,0,0.0,0.0
2023-09-13 10:00:00+09:00,4980.0,4995.0,4970.0,4985.0,94900,0.0,0.0
2023-09-13 11:00:00+09:00,4985.0,4995.0,4975.0,4975.0,0,0.0,0.0
2023-09-13 12:00:00+09:00,4960.0,4970.0,4940.0,4955.0,127400,0.0,0.0
2023-09-13 13:00:00+09:00,4955.0,4995.0,4955.0,4995.0,0,0.0,0.0
2023-09-13 14:00:00+09:00,4990.0,5000.0,4990.0,4995.0,185700,0.0,0.0
2023-09-14 09:00:00+09:00,5000.0,5010.0,4915.0,4945.0,49200,0.0,0.0
2023-09-14 10:00:00+09:00,4945.0,4950.0,4915.0,4920.0,26700,0.0,0.0
2023-09-14 11:00:00+09:00,4920.0,4935.0,4910.0,4935.0,0,0.0,0.0
2023-09-14 12:00:00+09:00,4935.0,4940.0,4915.0,4925.0,112100,0.0,0.0
2023-09-14 13:00:00+09:00,4925.0,4945.0,4920.0,4945.0,34000,0.0,0.0
2023-09-14 14:00:00+09:00,4945.0,4970.0,4925.0,4930.0,57300,0.0,0.0
2023-09-15 09:00:00+09:00,4965.0,5000.0,4935.0,4970.0,45100,0.0,0.0
2023-09-15 10:00:00+09:00,4975.0,5010.0,4975.0,5000.0,37000,0.0,0.0
2023-09-15 11:00:00+09:00,5010.0,5020.0,5000.0,5010.0,0,0.0,0.0
2023-09-15 12:00:00+09:00,5010.0,5030.0,5010.0,5010.0,110200,0.0,0.0
2023-09-15 13:00:00+09:00,5010.0,5020.0,4995.0,5020.0,14900,0.0,0.0
2023-09-15 14:00:00+09:00,5020.0,5040.0,5000.0,5030.0,38800,0.0,0.0
2023-09-19 09:00:00+09:00,5040.0,5070.0,5030.0,5040.0,48800,0.0,0.0
2023-09-19 10:00:00+09:00,5040.0,5060.0,5030.0,5040.0,21800,0.0,0.0
2023-09-19 11:00:00+09:00,5040.0,5050.0,5040.0,5050.0,0,0.0,0.0
2023-09-19 12:00:00+09:00,5070.0,5070.0,5050.0,5060.0,93600,0.0,0.0
2023-09-19 13:00:00+09:00,5060.0,5090.0,5060.0,5080.0,18300,0.0,0.0
2023-09-19 14:00:00+09:00,5090.0,5140.0,5080.0,5130.0,48600,0.0,0.0
2023-09-20 09:00:00+09:00,5180.0,5200.0,5140.0,5150.0,58300,0.0,0.0
2023-09-20 10:00:00+09:00,5150.0,5160.0,5090.0,5120.0,45000,0.0,0.0
2023-09-20 11:00:00+09:00,5110.0,5110.0,5090.0,5090.0,0,0.0,0.0
2023-09-20 12:00:00+09:00,5080.0,5090.0,5020.0,5020.0,144100,0.0,0.0
2023-09-20 13:00:00+09:00,5030.0,5050.0,5010.0,5020.0,29300,0.0,0.0
2023-09-20 14:00:00+09:00,5020.0,5040.0,5010.0,5020.0,29200,0.0,0.0
2023-09-21 09:00:00+09:00,5010.0,5060.0,4985.0,5040.0,54500,0.0,0.0
2023-09-21 10:00:00+09:00,5040.0,5040.0,5010.0,5010.0,20100,0.0,0.0
2023-09-21 11:00:00+09:00,5020.0,5020.0,5010.0,5010.0,0,0.0,0.0
2023-09-21 12:00:00+09:00,5010.0,5020.0,5000.0,5000.0,92100,0.0,0.0
2023-09-21 13:00:00+09:00,5010.0,5020.0,5000.0,5000.0,14900,0.0,0.0
2023-09-21 14:00:00+09:00,5010.0,5020.0,5000.0,5010.0,13900,0.0,0.0
2023-09-22 09:00:00+09:00,4910.0,4945.0,4885.0,4940.0,0,0.0,0.0
2023-09-22 10:00:00+09:00,4945.0,4950.0,4930.0,4940.0,92200,0.0,0.0
2023-09-22 11:00:00+09:00,4940.0,4955.0,4930.0,4930.0,0,0.0,0.0
2023-09-22 12:00:00+09:00,4930.0,4970.0,4930.0,4965.0,126800,0.0,0.0
2023-09-22 13:00:00+09:00,4970.0,4975.0,4955.0,4965.0,19600,0.0,0.0
2023-09-22 14:00:00+09:00,4965.0,4995.0,4965.0,4970.0,46300,0.0,0.0
2023-09-25 09:00:00+09:00,4995.0,4995.0,4930.0,4955.0,41200,0.0,0.0
2023-09-25 10:00:00+09:00,4960.0,4985.0,4960.0,4980.0,19800,0.0,0.0
2023-09-25 11:00:00+09:00,4985.0,4985.0,4970.0,4970.0,0,0.0,0.0
2023-09-25 12:00:00+09:00,4970.0,4975.0,4945.0,4965.0,87200,0.0,0.0
2023-09-25 13:00:00+09:00,4970.0,4975.0,4945.0,4950.0,21600,0.0,0.0
2023-09-25 14:00:00+09:00,4955.0,4970.0,4950.0,4965.0,28400,0.0,0.0
2023-09-26 09:00:00+09:00,4955.0,4960.0,4900.0,4950.0,45500,0.0,0.0
2023-09-26 10:00:00+09:00,4945.0,4970.0,4945.0,4965.0,17000,0.0,0.0
2023-09-26 11:00:00+09:00,4965.0,4970.0,4950.0,4950.0,0,0.0,0.0
2023-09-26 12:00:00+09:00,4945.0,4960.0,4945.0,4945.0,80200,0.0,0.0
2023-09-26 13:00:00+09:00,4945.0,4945.0,4925.0,4925.0,9800,0.0,0.0
2023-09-26 14:00:00+09:00,4925.0,4945.0,4920.0,4920.0,28200,0.0,0.0
2023-09-27 09:00:00+09:00,4910.0,4915.0,4855.0,4890.0,0,0.0,0.0
2023-09-27 10:00:00+09:00,4890.0,4930.0,4890.0,4930.0,64800,0.0,0.0
2023-09-27 11:00:00+09:00,4930.0,4945.0,4925.0,4945.0,0,0.0,0.0
2023-09-27 12:00:00+09:00,4950.0,4960.0,4935.0,4960.0,100600,0.0,0.0
2023-09-27 13:00:00+09:00,4955.0,4980.0,4955.0,4955.0,38300,0.0,0.0
2023-09-27 14:00:00+09:00,4955.0,4985.0,4950.0,4985.0,63100,0.0,0.0
2023-09-28 09:00:00+09:00,4970.0,5070.0,4960.0,5040.0,41200,0.0,0.0
2023-09-28 10:00:00+09:00,5050.0,5120.0,5050.0,5100.0,45600,0.0,0.0
2023-09-28 11:00:00+09:00,5090.0,5090.0,5050.0,5050.0,0,0.0,0.0
2023-09-28 12:00:00+09:00,5000.0,5030.0,4990.0,4990.0,156300,0.0,0.0
2023-09-28 13:00:00+09:00,4990.0,5000.0,4970.0,4970.0,30200,0.0,0.0
2023-09-28 14:00:00+09:00,4970.0,5000.0,4955.0,4980.0,49700,0.0,0.0
2023-09-29 09:00:00+09:00,5020.0,5020.0,4945.0,4975.0,61200,0.0,0.0
2023-09-29 10:00:00+09:00,4975.0,5000.0,4935.0,4940.0,61600,0.0,0.0
2023-09-29 11:00:00+09:00,4940.0,4945.0,4925.0,4945.0,0,0.0,0.0
2023-09-29 12:00:00+09:00,4940.0,4945.0,4905.0,4910.0,170800,0.0,0.0
2023-09-29 13:00:00+09:00,4910.0,4930.0,4885.0,4900.0,45300,0.0,0.0
2023-09-29 14:00:00+09:00,4900.0,4915.0,4870.0,4900.0,64200,0.0,0.0
2023-10-02 09:00:00+09:00,4850.0,4915.0,4840.0,4890.0,63100,0.0,0.0
2023-10-02 10:00:00+09:00,4885.0,4945.0,4880.0,4930.0,38700,0.0,0.0
2023-10-02 11:00:00+09:00,4935.0,4950.0,4920.0,4950.0,0,0.0,0.0
2023-10-02 12:00:00+09:00,4945.0,4960.0,4910.0,4910.0,136200,0.0,0.0
2023-10-02 13:00:00+09:00,4910.0,4920.0,4865.0,4895.0,39900,0.0,0.0
2023-10-02 14:00:00+09:00,4895.0,4900.0,4855.0,4855.0,31000,0.0,0.0
2023-10-03 09:00:00+09:00,4835.0,4840.0,4720.0,4770.0,79100,0.0,0.0
2023-10-03 10:00:00+09:00,4775.0,4780.0,4735.0,4750.0,28300,0.0,0.0
2023-10-03 11:00:00+09:00,4750.0,4770.0,4745.0,4770.0,0,0.0,0.0
2023-10-03 12:00:00+09:00,4755.0,4765.0,4740.0,4740.0,151300,0.0,0.0
2023-10-03 13:00:00+09:00,4740.0,4750.0,4725.0,4735.0,35300,0.0,0.0
2023-10-03 14:00:00+09:00,4735.0,4745.0,4710.0,4710.0,37000,0.0,0.0
2023-10-04 09:00:00+09:00,4585.0,4615.0,4545.0,4565.0,76800,0.0,0.0
2023-10-04 10:00:00+09:00,4570.0,4600.0,4515.0,4540.0,97400,0.0,0.0
2023-10-04 11:00:00+09:00,4540.0,4545.0,4520.0,4535.0,0,0.0,0.0
2023-10-04 12:00:00+09:00,4540.0,4555.0,4485.0,4520.0,264500,0.0,0.0
2023-10-04 13:00:00+09:00,4520.0,4560.0,4485.0,4535.0,58400,0.0,0.0
2023-10-04 14:00:00+09:00,4540.0,4545.0,4480.0,4485.0,57300,0.0,0.0
2023-10-05 09:00:00+09:00,4530.0,4555.0,4460.0,4525.0,74800,0.0,0.0
2023-10-05 10:00:00+09:00,4520.0,4540.0,4490.0,4505.0,42400,0.0,0.0
2023-10-05 11:00:00+09:00,4510.0,4525.0,4505.0,4525.0,0,0.0,0.0
2023-10-05 12:00:00+09:00,4515.0,4520.0,4490.0,4495.0,161500,0.0,0.0
2023-10-05 13:00:00+09:00,4490.0,4520.0,4490.0,4495.0,47500,0.0,0.0
2023-10-05 14:00:00+09:00,4495.0,4500.0,4460.0,4500.0,56300,0.0,0.0
2023-10-06 09:00:00+09:00,4470.0,4520.0,4460.0,4505.0,43400,0.0,0.0
2023-10-06 10:00:00+09:00,4510.0,4545.0,4505.0,4505.0,20800,0.0,0.0
2023-10-06 11:00:00+09:00,4510.0,4520.0,4505.0,4510.0,0,0.0,0.0
2023-10-06 12:00:00+09:00,4510.0,4525.0,4510.0,4510.0,93000,0.0,0.0
2023-10-06 13:00:00+09:00,4505.0,4535.0,4505.0,4520.0,22100,0.0,0.0
2023-10-06 14:00:00+09:00,4520.0,4530.0,4505.0,4510.0,64200,0.0,0.0
2023-10-10 09:00:00+09:00,4610.0,4710.0,4610.0,4710.0,75000,0.0,0.0
2023-10-10 10:00:00+09:00,4705.0,4730.0,4685.0,4685.0,52400,0.0,0.0
2023-10-10 11:00:00+09:00,4685.0,4715.0,4680.0,4715.0,0,0.0,0.0
2023-10-10 12:00:00+09:00,4715.0,4715.0,4690.0,4715.0,162000,0.0,0.0
2023-10-10 13:00:00+09:00,4715.0,4720.0,4695.0,4710.0,32900,0.0,0.0
2023-10-10 14:00:00+09:00,4710.0,4740.0,4705.0,4735.0,44900,0.0,0.0
2023-10-11 09:00:00+09:00,4820.0,4840.0,4770.0,4770.0,118600,0.0,0.0
2023-10-11 10:00:00+09:00,4765.0,4775.0,4725.0,4735.0,53100,0.0,0.0
2023-10-11 11:00:00+09:00,4730.0,4740.0,4710.0,4725.0,0,0.0,0.0
2023-10-11 12:00:00+09:00,4725.0,4770.0,4725.0,4765.0,221500,0.0,0.0
2023-10-11 13:00:00+09:00,4765.0,4795.0,4765.0,4790.0,47600,0.0,0.0
2023-10-11 14:00:00+09:00,4790.0,4795.0,4760.0,4770.0,55500,0.0,0.0
2023-10-12 09:00:00+09:00,4820.0,4845.0,4780.0,4845.0,129400,0.0,0.0
2023-10-12 10:00:00+09:00,4840.0,4885.0,4840.0,4865.0,57600,0.0,0.0
2023-10-12 11:00:00+09:00,4865.0,4880.0,4855.0,4870.0,0,0.0,0.0
2023-10-12 12:00:00+09:00,4880.0,4895.0,4860.0,4890.0,259600,0.0,0.0
2023-10-12 13:00:00+09:00,4885.0,4900.0,4865.0,4880.0,71700,0.0,0.0
2023-10-12 14:00:00+09:00,4880.0,4920.0,4870.0,4910.0,123500,0.0,0.0
2023-10-13 09:00:00+09:00,5230.0,5340.0,5130.0,5270.0,935700,0.0,0.0
2023-10-13 10:00:00+09:00,5270.0,5300.0,5210.0,5240.0,200200,0.0,0.0
2023-10-13 11:00:00+09:00,5250.0,5260.0,5190.0,5210.0,0,0.0,0.0
2023-10-13 12:00:00+09:00,5160.0,5200.0,5140.0,5150.0,1385900,0.0,0.0
2023-10-13 13:00:00+09:00,5160.0,5160.0,5050.0,5070.0,247700,0.0,0.0
2023-10-13 14:00:00+09:00,5070.0,5140.0,5060.0,5110.0,185900,0.0,0.0
2023-10-16 09:00:00+09:00,5050.0,5140.0,4970.0,4985.0,201500,0.0,0.0
2023-10-16 10:00:00+09:00,4990.0,5010.0,4960.0,4975.0,71400,0.0,0.0
2023-10-16 11:00:00+09:00,4970.0,5020.0,4940.0,5020.0,0,0.0,0.0
2023-10-16 12:00:00+09:00,5000.0,5020.0,4965.0,5020.0,471600,0.0,0.0
2023-10-16 13:00:00+09:00,5010.0,5030.0,5000.0,5030.0,28400,0.0,0.0
2023-10-16 14:00:00+09:00,5030.0,5070.0,5000.0,5020.0,79900,0.0,0.0
2023-10-17 09:00:00+09:00,5170.0,5170.0,5040.0,5050.0,133800,0.0,0.0
2023-10-17 10:00:00+09:00,5050.0,5050.0,4950.0,4960.0,93500,0.0,0.0
2023-10-17 11:00:00+09:00,4960.0,4965.0,4915.0,4925.0,0,0.0,0.0
2023-10-17 12:00:00+09:00,4900.0,4900.0,4840.0,4865.0,414900,0.0,0.0
2023-10-17 13:00:00+09:00,4860.0,4880.0,4790.0,4810.0,186000,0.0,0.0
2023-10-17 14:00:00+09:00,4805.0,4850.0,4790.0,4840.0,107200,0.0,0.0
2023-10-18 09:00:00+09:00,4910.0,4950.0,4870.0,4880.0,116600,0.0,0.0
2023-10-18 10:00:00+09:00,4880.0,4885.0,4840.0,4860.0,73100,0.0,0.0
2023-10-18 11:00:00+09:00,4860.0,4870.0,4845.0,4865.0,0,0.0,0.0
2023-10-18 12:00:00+09:00,4870.0,4890.0,4850.0,4880.0,229800,0.0,0.0
2023-10-18 13:00:00+09:00,4875.0,4910.0,4870.0,4885.0,38000,0.0,0.0
2023-10-18 14:00:00+09:00,4885.0,4890.0,4870.0,4870.0,50600,0.0,0.0
2023-10-19 09:00:00+09:00,4730.0,4760.0,4700.0,4740.0,152100,0.0,0.0
2023-10-19 10:00:00+09:00,4740.0,4750.0,4595.0,4635.0,166100,0.0,0.0
2023-10-19 11:00:00+09:00,4635.0,4640.0,4605.0,4620.0,0,0.0,0.0
2023-10-19 12:00:00+09:00,4605.0,4615.0,4595.0,4615.0,428300,0.0,0.0
2023-10-19 13:00:00+09:00,4615.0,4630.0,4605.0,4625.0,61600,0.0,0.0
2023-10-19 14:00:00+09:00,4625.0,4625.0,4570.0,4570.0,107700,0.0,0.0
2023-10-20 09:00:00+09:00,4560.0,4605.0,4530.0,4555.0,128600,0.0,0.0
2023-10-20 10:00:00+09:00,4560.0,4565.0,4505.0,4525.0,85400,0.0,0.0
2023-10-20 11:00:00+09:00,4530.0,4545.0,4525.0,4540.0,0,0.0,0.0
2023-10-20 12:00:00+09:00,4540.0,4575.0,4535.0,4545.0,307200,0.0,0.0
2023-10-20 13:00:00+09:00,4550.0,4605.0,4535.0,4580.0,76500,0.0,0.0
2023-10-20 14:00:00+09:00,4580.0,4590.0,4565.0,4590.0,52600,0.0,0.0
2023-10-23 09:00:00+09:00,4510.0,4530.0,4420.0,4465.0,167300,0.0,0.0
2023-10-23 10:00:00+09:00,4465.0,4500.0,4460.0,4485.0,34500,0.0,0.0
2023-10-23 11:00:00+09:00,4480.0,4480.0,4445.0,4450.0,0,0.0,0.0
2023-10-23 12:00:00+09:00,4460.0,4480.0,4445.0,4445.0,254900,0.0,0.0
2023-10-23 13:00:00+09:00,4445.0,4450.0,4420.0,4425.0,62700,0.0,0.0
2023-10-23 14:00:00+09:00,4425.0,4440.0,4375.0,4390.0,145600,0.0,0.0
2023-10-24 09:00:00+09:00,4420.0,4425.0,4290.0,4300.0,151000,0.0,0.0
2023-10-24 10:00:00+09:00,4300.0,4330.0,4225.0,4250.0,118000,0.0,0.0
2023-10-24 11:00:00+09:00,4245.0,4345.0,4245.0,4330.0,0,0.0,0.0
2023-10-24 12:00:00+09:00,4325.0,4345.0,4305.0,4325.0,338900,0.0,0.0
2023-10-24 13:00:00+09:00,4330.0,4375.0,4320.0,4375.0,45400,0.0,0.0
2023-10-24 14:00:00+09:00,4375.0,4420.0,4370.0,4400.0,70000,0.0,0.0
2023-10-25 09:00:00+09:00,4445.0,4520.0,4425.0,4470.0,0,0.0,0.0
2023-10-25 10:00:00+09:00,4475.0,4545.0,4460.0,4545.0,151300,0.0,0.0
2023-10-25 11:00:00+09:00,4540.0,4570.0,4525.0,4570.0,0,0.0,0.0
2023-10-25 12:00:00+09:00,4565.0,4575.0,4490.0,4495.0,262300,0.0,0.0
2023-10-25 13:00:00+09:00,4490.0,4535.0,4490.0,4535.0,40700,0.0,0.0
2023-10-25 14:00:00+09:00,4540.0,4545.0,4490.0,4520.0,83300,0.0,0.0
2023-10-26 09:00:00+09:00,4475.0,4545.0,4465.0,4510.0,65000,0.0,0.0
2023-10-26 10:00:00+09:00,4510.0,4520.0,4410.0,4415.0,90000,0.0,0.0
2023-10-26 11:00:00+09:00,4420.0,4425.0,4400.0,4405.0,0,0.0,0.0
2023-10-26 12:00:00+09:00,4420.0,4450.0,4405.0,4425.0,212300,0.0,0.0
2023-10-26 13:00:00+09:00,4425.0,4470.0,4425.0,4440.0,39100,0.0,0.0
2023-10-26 14:00:00+09:00,4445.0,4455.0,4420.0,4440.0,53700,0.0,0.0
2023-10-27 09:00:00+09:00,4470.0,4485.0,4390.0,4450.0,155800,0.0,0.0
2023-10-27 10:00:00+09:00,4445.0,4450.0,4410.0,4415.0,53200,0.0,0.0
2023-10-27 11:00:00+09:00,4420.0,4430.0,4415.0,4420.0,0,0.0,0.0
2023-10-27 12:00:00+09:00,4410.0,4420.0,4390.0,4395.0,278000,0.0,0.0
2023-10-27 13:00:00+09:00,4395.0,4425.0,4380.0,4415.0,60300,0.0,0.0
2023-10-27 14:00:00+09:00,4410.0,4425.0,4400.0,4425.0,42400,0.0,0.0
2023-10-30 09:00:00+09:00,4375.0,4395.0,4240.0,4270.0,144300,0.0,0.0
2023-10-30 10:00:00+09:00,4270.0,4270.0,4210.0,4230.0,101800,0.0,0.0
2023-10-30 11:00:00+09:00,4230.0,4230.0,4180.0,4190.0,0,0.0,0.0
2023-10-30 12:00:00+09:00,4200.0,4245.0,4200.0,4230.0,394300,0.0,0.0
2023-10-30 13:00:00+09:00,4230.0,4230.0,4210.0,4210.0,48100,0.0,0.0
2023-10-30 14:00:00+09:00,4210.0,4250.0,4210.0,4240.0,90500,0.0,0.0
2023-10-31 09:00:00+09:00,4280.0,4280.0,4215.0,4255.0,94300,0.0,0.0
2023-10-31 10:00:00+09:00,4250.0,4250.0,4175.0,4175.0,84400,0.0,0.0
2023-10-31 11:00:00+09:00,4180.0,4185.0,4135.0,4145.0,0,0.0,0.0
2023-10-31 12:00:00+09:00,4165.0,4200.0,4155.0,4200.0,306400,0.0,0.0
2023-10-31 13:00:00+09:00,4195.0,4240.0,4185.0,4195.0,148300,0.0,0.0
2023-10-31 14:00:00+09:00,4190.0,4245.0,4185.0,4245.0,123600,0.0,0.0
2023-11-01 09:00:00+09:00,4315.0,4320.0,4230.0,4255.0,125100,0.0,0.0
2023-11-01 10:00:00+09:00,4255.0,4315.0,4240.0,4240.0,99500,0.0,0.0
2023-11-01 11:00:00+09:00,4245.0,4250.0,4225.0,4250.0,0,0.0,0.0
2023-11-01 12:00:00+09:00,4260.0,4285.0,4260.0,4280.0,278900,0.0,0.0
2023-11-01 13:00:00+09:00,4280.0,4290.0,4265.0,4285.0,67700,0.0,0.0
2023-11-01 14:00:00+09:00,4280.0,4290.0,4255.0,4275.0,58400,0.0,0.0
2023-11-02 09:00:00+09:00,4345.0,4360.0,4305.0,4315.0,83500,0.0,0.0
2023-11-02 10:00:00+09:00,4310.0,4350.0,4295.0,4340.0,70600,0.0,0.0
2023-11-02 11:00:00+09:00,4340.0,4340.0,4305.0,4305.0,0,0.0,0.0
2023-11-02 12:00:00+09:00,4310.0,4340.0,4305.0,4340.0,206000,0.0,0.0
2023-11-02 13:00:00+09:00,4335.0,4340.0,4310.0,4320.0,30600,0.0,0.0
2023-11-02 14:00:00+09:00,4320.0,4320.0,4290.0,4310.0,38300,0.0,0.0
2023-11-06 09:00:00+09:00,4390.0,4435.0,4380.0,4435.0,97400,0.0,0.0
2023-11-06 10:00:00+09:00,4435.0,4490.0,4430.0,4470.0,87700,0.0,0.0
2023-11-06 11:00:00+09:00,4470.0,4485.0,4460.0,4460.0,0,0.0,0.0
2023-11-06 12:00:00+09:00,4470.0,4530.0,4465.0,4520.0,302600,0.0,0.0
2023-11-06 13:00:00+09:00,4515.0,4575.0,4510.0,4570.0,92800,0.0,0.0
2023-11-06 14:00:00+09:00,4570.0,4585.0,4560.0,4575.0,69400,0.0,0.0
2023-11-07 09:00:00+09:00,4575.0,4575.0,4455.0,4470.0,97300,0.0,0.0
2023-11-07 10:00:00+09:00,4470.0,4495.0,4455.0,4460.0,45800,0.0,0.0
2023-11-07 11:00:00+09:00,4455.0,4460.0,4430.0,4450.0,0,0.0,0.0
2023-11-07 12:00:00+09:00,4430.0,4465.0,4430.0,4455.0,201200,0.0,0.0
2023-11-07 13:00:00+09:00,4450.0,4450.0,4405.0,4410.0,43400,0.0,0.0
2023-11-07 14:00:00+09:00,4405.0,4430.0,4405.0,4410.0,57900,0.0,0.0
2023-11-08 09:00:00+09:00,4405.0,4430.0,4350.0,4360.0,81900,0.0,0.0
2023-11-08 10:00:00+09:00,4365.0,4370.0,4315.0,4320.0,50600,0.0,0.0
2023-11-08 11:00:00+09:00,4315.0,4335.0,4300.0,4335.0,0,0.0,0.0
2023-11-08 12:00:00+09:00,4340.0,4345.0,4265.0,4275.0,229200,0.0,0.0
2023-11-08 13:00:00+09:00,4280.0,4305.0,4255.0,4300.0,64000,0.0,0.0
2023-11-08 14:00:00+09:00,4295.0,4305.0,4280.0,4285.0,57300,0.0,0.0
2023-11-09 09:00:00+09:00,4260.0,4275.0,4120.0,4165.0,312000,0.0,0.0
2023-11-09 10:00:00+09:00,4170.0,4200.0,4155.0,4160.0,72200,0.0,0.0
2023-11-09 11:00:00+09:00,4160.0,4205.0,4155.0,4200.0,0,0.0,0.0
2023-11-09 12:00:00+09:00,4195.0,4205.0,4195.0,4205.0,464900,0.0,0.0
2023-11-09 13:00:00+09:00,4205.0,4245.0,4185.0,4240.0,91800,0.0,0.0
2023-11-09 14:00:00+09:00,4245.0,4290.0,4240.0,4275.0,99300,0.0,0.0
2023-11-10 09:00:00+09:00,4270.0,4310.0,4245.0,4310.0,74800,0.0,0.0
2023-11-10 10:00:00+09:00,4305.0,4325.0,4280.0,4280.0,57700,0.0,0.0
2023-11-10 11:00:00+09:00,4280.0,4315.0,4275.0,4305.0,0,0.0,0.0
2023-11-10 12:00:00+09:00,4320.0,4320.0,4280.0,4300.0,185700,0.0,0.0
2023-11-10 13:00:00+09:00,4305.0,4345.0,4300.0,4335.0,43300,0.0,0.0
2023-11-10 14:00:00+09:00,4335.0,4355.0,4335.0,4340.0,52500,0.0,0.0
2023-11-13 09:00:00+09:00,4395.0,4405.0,4350.0,4365.0,121700,0.0,0.0
2023-11-13 10:00:00+09:00,4360.0,4385.0,4310.0,4320.0,46900,0.0,0.0
2023-11-13 11:00:00+09:00,4315.0,4325.0,4285.0,4320.0,0,0.0,0.0
2023-11-13 12:00:00+09:00,4300.0,4300.0,4275.0,4280.0,269000,0.0,0.0
2023-11-13 13:00:00+09:00,4275.0,4335.0,4275.0,4320.0,54100,0.0,0.0
2023-11-13 14:00:00+09:00,4325.0,4340.0,4310.0,4330.0,64800,0.0,0.0
2023-11-14 09:00:00+09:00,4370.0,4405.0,4345.0,4390.0,63900,0.0,0.0
2023-11-14 10:00:00+09:00,4395.0,4445.0,4395.0,4435.0,71900,0.0,0.0
2023-11-14 11:00:00+09:00,4435.0,4435.0,4370.0,4375.0,0,0.0,0.0
2023-11-14 12:00:00+09:00,4375.0,4385.0,4360.0,4380.0,174500,0.0,0.0
2023-11-14 13:00:00+09:00,4380.0,4405.0,4370.0,4405.0,37000,0.0,0.0
2023-11-14 14:00:00+09:00,4405.0,4415.0,4385.0,4400.0,54000,0.0,0.0
2023-11-15 09:00:00+09:00,4460.0,4460.0,4395.0,4395.0,80900,0.0,0.0
2023-11-15 10:00:00+09:00,4390.0,4400.0,4370.0,4380.0,30200,0.0,0.0
2023-11-15 11:00:00+09:00,4380.0,4385.0,4360.0,4370.0,0,0.0,0.0
2023-11-15 12:00:00+09:00,4365.0,4380.0,4345.0,4360.0,202400,0.0,0.0
2023-11-15 13:00:00+09:00,4360.0,4360.0,4315.0,4320.0,84900,0.0,0.0
2023-11-15 14:00:00+09:00,4325.0,4355.0,4310.0,4345.0,63800,0.0,0.0
2023-11-16 09:00:00+09:00,4345.0,4345.0,4295.0,4320.0,88100,0.0,0.0
2023-11-16 10:00:00+09:00,4320.0,4330.0,4270.0,4270.0,53800,0.0,0.0
2023-11-16 11:00:00+09:00,4270.0,4275.0,4245.0,4260.0,0,0.0,0.0
2023-11-16 12:00:00+09:00,4260.0,4265.0,4245.0,4250.0,207700,0.0,0.0
2023-11-16 13:00:00+09:00,4250.0,4300.0,4250.0,4300.0,30900,0.0,0.0
2023-11-16 14:00:00+09:00,4300.0,4315.0,4275.0,4285.0,69900,0.0,0.0
2023-11-17 09:00:00+09:00,4275.0,4340.0,4245.0,4330.0,82400,0.0,0.0
2023-11-17 10:00:00+09:00,4325.0,4330.0,4305.0,4330.0,31100,0.0,0.0
2023-11-17 11:00:00+09:00,4325.0,4350.0,4320.0,4350.0,0,0.0,0.0
2023-11-17 12:00:00+09:00,4355.0,4385.0,4355.0,4385.0,166900,0.0,0.0
2023-11-17 13:00:00+09:00,4385.0,4395.0,4360.0,4395.0,50500,0.0,0.0
2023-11-17 14:00:00+09:00,4395.0,4405.0,4380.0,4400.0,65000,0.0,0.0
2023-11-20 09:00:00+09:00,4420.0,4480.0,4375.0,4415.0,182200,0.0,0.0
2023-11-20 10:00:00+09:00,4410.0,4415.0,4365.0,4375.0,54500,0.0,0.0
2023-11-20 11:00:00+09:00,4380.0,4400.0,4380.0,4390.0,0,0.0,0.0
2023-11-20 12:00:00+09:00,4385.0,4385.0,4355.0,4355.0,274800,0.0,0.0
2023-11-20 13:00:00+09:00,4355.0,4375.0,4345.0,4365.0,40200,0.0,0.0
2023-11-20 14:00:00+09:00,4370.0,4370.0,4335.0,4345.0,73700,0.0,0.0
2023-11-21 09:00:00+09:00,4360.0,4380.0,4320.0,4330.0,126900,0.0,0.0
2023-11-21 10:00:00+09:00,4330.0,4395.0,4315.0,4385.0,55200,0.0,0.0
2023-11-21 11:00:00+09:00,4385.0,4390.0,4345.0,4345.0,0,0.0,0.0
2023-11-21 12:00:00+09:00,4360.0,4360.0,4320.0,4320.0,232800,0.0,0.0
2023-11-21 13:00:00+09:00,4320.0,4335.0,4310.0,4330.0,28500,0.0,0.0
2023-11-21 14:00:00+09:00,4335.0,4350.0,4320.0,4330.0,64900,0.0,0.0
2023-11-22 09:00:00+09:00,4280.0,4350.0,4255.0,4320.0,69300,0.0,0.0
2023-11-22 10:00:00+09:00,4320.0,4325.0,4305.0,4315.0,33800,0.0,0.0
2023-11-22 11:00:00+09:00,4315.0,4325.0,4310.0,4320.0,0,0.0,0.0
2023-11-22 12:00:00+09:00,4325.0,4330.0,4310.0,4310.0,140800,0.0,0.0
2023-11-22 13:00:00+09:00,4310.0,4325.0,4305.0,4320.0,30500,0.0,0.0
2023-11-22 14:00:00+09:00,4320.0,4335.0,4320.0,4325.0,31900,0.0,0.0
2023-11-24 09:00:00+09:00,4455.0,4455.0,4365.0,4390.0,121200,0.0,0.0
2023-11-24 10:00:00+09:00,4390.0,4410.0,4370.0,4410.0,55800,0.0,0.0
2023-11-24 11:00:00+09:00,4405.0,4405.0,4395.0,4395.0,0,0.0,0.0
2023-11-24 12:00:00+09:00,4385.0,4395.0,4375.0,4380.0,216400,0.0,0.0
2023-11-24 13:00:00+09:00,4380.0,4385.0,4370.0,4375.0,33300,0.0,0.0
2023-11-24 14:00:00+09:00,4375.0,4380.0,4360.0,4375.0,44300,0.0,0.0
2023-11-27 09:00:00+09:00,4400.0,4415.0,4385.0,4390.0,67200,0.0,0.0
2023-11-27 10:00:00+09:00,4385.0,4400.0,4365.0,4375.0,29100,0.0,0.0
2023-11-27 11:00:00+09:00,4370.0,4380.0,4360.0,4365.0,0,0.0,0.0
2023-11-27 12:00:00+09:00,4375.0,4375.0,4345.0,4365.0,146100,0.0,0.0
2023-11-27 13:00:00+09:00,4365.0,4370.0,4355.0,4370.0,18300,0.0,0.0
2023-11-27 14:00:00+09:00,4375.0,4380.0,4360.0,4365.0,40500,0.0,0.0
2023-11-28 09:00:00+09:00,4360.0,4370.0,4325.0,4335.0,79300,0.0,0.0
2023-11-28 10:00:00+09:00,4330.0,4345.0,4325.0,4330.0,24200,0.0,0.0
2023-11-28 11:00:00+09:00,4335.0,4345.0,4330.0,4330.0,0,0.0,0.0
2023-11-28 12:00:00+09:00,4340.0,4345.0,4335.0,4340.0,131900,0.0,0.0
2023-11-28 13:00:00+09:00,4340.0,4345.0,4330.0,4345.0,26900,0.0,0.0
2023-11-28 14:00:00+09:00,4345.0,4365.0,4340.0,4345.0,34800,0.0,0.0
2023-11-29 09:00:00+09:00,4300.0,4320.0,4280.0,4285.0,73300,0.0,0.0
2023-11-29 10:00:00+09:00,4285.0,4310.0,4285.0,4305.0,44500,0.0,0.0
2023-11-29 11:00:00+09:00,4305.0,4320.0,4305.0,4305.0,0,0.0,0.0
2023-11-29 12:00:00+09:00,4300.0,4315.0,4295.0,4310.0,148200,0.0,0.0
2023-11-29 13:00:00+09:00,4305.0,4310.0,4285.0,4290.0,29500,0.0,0.0
2023-11-29 14:00:00+09:00,4290.0,4300.0,4275.0,4285.0,44100,0.0,0.0
2023-11-30 09:00:00+09:00,4260.0,4280.0,4240.0,4280.0,77200,0.0,0.0
2023-11-30 10:00:00+09:00,4275.0,4275.0,4255.0,4260.0,25800,0.0,0.0
2023-11-30 11:00:00+09:00,4260.0,4305.0,4260.0,4290.0,0,0.0,0.0
2023-11-30 12:00:00+09:00,4300.0,4310.0,4295.0,4300.0,138900,0.0,0.0
2023-11-30 13:00:00+09:00,4305.0,4325.0,4300.0,4315.0,21300,0.0,0.0
2023-11-30 14:00:00+09:00,4310.0,4330.0,4300.0,4315.0,37600,0.0,0.0
2023-12-01 09:00:00+09:00,4345.0,4345.0,4305.0,4320.0,51800,0.0,0.0
2023-12-01 10:00:00+09:00,4320.0,4350.0,4310.0,4335.0,30900,0.0,0.0
2023-12-01 11:00:00+09:00,4340.0,4350.0,4330.0,4350.0,0,0.0,0.0
2023-12-01 12:00:00+09:00,4355.0,4365.0,4345.0,4350.0,117000,0.0,0.0
2023-12-01 13:00:00+09:00,4350.0,4350.0,4330.0,4330.0,28200,0.0,0.0
2023-12-01 14:00:00+09:00,4330.0,4345.0,4320.0,4335.0,37300,0.0,0.0
2023-12-04 09:00:00+09:00,4320.0,4340.0,4270.0,4325.0,88900,0.0,0.0
2023-12-04 10:00:00+09:00,4325.0,4355.0,4320.0,4350.0,27300,0.0,0.0
2023-12-04 11:00:00+09:00,4350.0,4350.0,4335.0,4350.0,0,0.0,0.0
2023-12-04 12:00:00+09:00,4335.0,4350.0,4325.0,4345.0,138600,0.0,0.0
2023-12-04 13:00:00+09:00,4340.0,4340.0,4320.0,4335.0,25400,0.0,0.0
2023-12-04 14:00:00+09:00,4330.0,4330.0,4300.0,4310.0,42800,0.0,0.0
2023-12-05 09:00:00+09:00,4285.0,4315.0,4285.0,4295.0,45000,0.0,0.0
2023-12-05 10:00:00+09:00,4295.0,4305.0,4270.0,4280.0,49700,0.0,0.0
2023-12-05 11:00:00+09:00,4280.0,4285.0,4265.0,4275.0,0,0.0,0.0
2023-12-05 12:00:00+09:00,4270.0,4285.0,4265.0,4275.0,119100,0.0,0.0
2023-12-05 13:00:00+09:00,4270.0,4300.0,4270.0,4280.0,19300,0.0,0.0
2023-12-05 14:00:00+09:00,4280.0,4290.0,4270.0,4270.0,42600,0.0,0.0
2023-12-06 09:00:00+09:00,4270.0,4310.0,4265.0,4300.0,38900,0.0,0.0
2023-12-06 10:00:00+09:00,4300.0,4315.0,4300.0,4305.0,27900,0.0,0.0
2023-12-06 11:00:00+09:00,4305.0,4315.0,4305.0,4305.0,0,0.0,0.0
2023-12-06 12:00:00+09:00,4310.0,4320.0,4310.0,4310.0,107300,0.0,0.0
2023-12-06 13:00:00+09:00,4315.0,4325.0,4310.0,4325.0,21500,0.0,0.0
2023-12-06 14:00:00+09:00,4325.0,4330.0,4310.0,4320.0,45400,0.0,0.0
2023-12-07 09:00:00+09:00,4290.0,4305.0,4280.0,4285.0,46000,0.0,0.0
2023-12-07 10:00:00+09:00,4280.0,4290.0,4270.0,4275.0,47300,0.0,0.0
2023-12-07 11:00:00+09:00,4275.0,4280.0,4265.0,4275.0,0,0.0,0.0
2023-12-07 12:00:00+09:00,4260.0,4270.0,4245.0,4270.0,188000,0.0,0.0
2023-12-07 13:00:00+09:00,4265.0,4280.0,4265.0,4280.0,28500,0.0,0.0
2023-12-07 14:00:00+09:00,4275.0,4290.0,4265.0,4275.0,38000,0.0,0.0
2023-12-08 09:00:00+09:00,4230.0,4250.0,4145.0,4150.0,211400,0.0,0.0
2023-12-08 10:00:00+09:00,4150.0,4160.0,4105.0,4110.0,103000,0.0,0.0
2023-12-08 11:00:00+09:00,4105.0,4105.0,4085.0,4095.0,0,0.0,0.0
2023-12-08 12:00:00+09:00,4090.0,4100.0,4065.0,4090.0,438500,0.0,0.0
2023-12-08 13:00:00+09:00,4090.0,4090.0,4070.0,4080.0,60900,0.0,0.0
2023-12-08 14:00:00+09:00,4075.0,4100.0,4070.0,4090.0,101600,0.0,0.0
2023-12-11 09:00:00+09:00,4100.0,4230.0,4100.0,4230.0,127800,0.0,0.0
2023-12-11 10:00:00+09:00,4230.0,4265.0,4230.0,4260.0,63300,0.0,0.0
2023-12-11 11:00:00+09:00,4260.0,4270.0,4255.0,4255.0,0,0.0,0.0
2023-12-11 12:00:00+09:00,4260.0,4260.0,4235.0,4240.0,238200,0.0,0.0
2023-12-11 13:00:00+09:00,4245.0,4255.0,4235.0,4240.0,36300,0.0,0.0
2023-12-11 14:00:00+09:00,4245.0,4255.0,4220.0,4250.0,69500,0.0,0.0
2023-12-12 09:00:00+09:00,4315.0,4320.0,4285.0,4300.0,104000,0.0,0.0
2023-12-12 10:00:00+09:00,4300.0,4305.0,4285.0,4285.0,27800,0.0,0.0
2023-12-12 11:00:00+09:00,4280.0,4280.0,4270.0,4275.0,0,0.0,0.0
2023-12-12 12:00:00+09:00,4265.0,4270.0,4240.0,4245.0,169600,0.0,0.0
2023-12-12 13:00:00+09:00,4245.0,4245.0,4235.0,4240.0,14700,0.0,0.0
2023-12-12 14:00:00+09:00,4235.0,4240.0,4215.0,4240.0,36700,0.0,0.0
2023-12-13 09:00:00+09:00,4235.0,4250.0,4210.0,4250.0,0,0.0,0.0
2023-12-13 10:00:00+09:00,4245.0,4245.0,4225.0,4225.0,17400,0.0,0.0
2023-12-13 11:00:00+09:00,4225.0,4235.0,4220.0,4230.0,0,0.0,0.0
2023-12-13 12:00:00+09:00,4230.0,4230.0,4200.0,4200.0,93100,0.0,0.0
2023-12-13 13:00:00+09:00,4200.0,4205.0,4185.0,4200.0,23400,0.0,0.0
2023-12-13 14:00:00+09:00,4200.0,4205.0,4175.0,4180.0,39000,0.0,0.0
2023-12-14 09:00:00+09:00,4140.0,4170.0,4090.0,4110.0,121900,0.0,0.0
2023-12-14 10:00:00+09:00,4110.0,4125.0,4105.0,4115.0,27700,0.0,0.0
2023-12-14 11:00:00+09:00,4120.0,4140.0,4120.0,4125.0,0,0.0,0.0
2023-12-14 12:00:00+09:00,4110.0,4120.0,4080.0,4090.0,204600,0.0,0.0
2023-12-14 13:00:00+09:00,4085.0,4110.0,4055.0,4095.0,67100,0.0,0.0
2023-12-14 14:00:00+09:00,4100.0,4130.0,4095.0,4115.0,85300,0.0,0.0
2023-12-15 09:00:00+09:00,4030.0,4100.0,4030.0,4080.0,156000,0.0,0.0
2023-12-15 10:00:00+09:00,4075.0,4115.0,4070.0,4110.0,46100,0.0,0.0
2023-12-15 11:00:00+09:00,4110.0,4130.0,4110.0,4125.0,0,0.0,0.0
2023-12-15 12:00:00+09:00,4130.0,4135.0,4110.0,4115.0,248400,0.0,0.0
2023-12-15 13:00:00+09:00,4115.0,4140.0,4115.0,4125.0,38400,0.0,0.0
2023-12-15 14:00:00+09:00,4125.0,4130.0,4055.0,4095.0,160000,0.0,0.0
2023-12-18 09:00:00+09:00,4010.0,4065.0,4005.0,4055.0,130300,0.0,0.0
2023-12-18 10:00:00+09:00,4050.0,4065.0,4045.0,4050.0,38600,0.0,0.0
2023-12-18 11:00:00+09:00,4055.0,4095.0,4045.0,4080.0,0,0.0,0.0
2023-12-18 12:00:00+09:00,4080.0,4080.0,4070.0,4075.0,222000,0.0,0.0
2023-12-18 13:00:00+09:00,4075.0,4080.0,4065.0,4065.0,22400,0.0,0.0
2023-12-18 14:00:00+09:00,4065.0,4095.0,4065.0,4080.0,72500,0.0,0.0
2023-12-19 09:00:00+09:00,4080.0,4100.0,4055.0,4085.0,64400,0.0,0.0
2023-12-19 10:00:00+09:00,4085.0,4090.0,4075.0,4075.0,22200,0.0,0.0
2023-12-19 11:00:00+09:00,4080.0,4090.0,4070.0,4080.0,0,0.0,0.0
2023-12-19 12:00:00+09:00,4100.0,4150.0,4090.0,4120.0,162500,0.0,0.0
2023-12-19 13:00:00+09:00,4115.0,4120.0,4085.0,4085.0,41200,0.0,0.0
2023-12-19 14:00:00+09:00,4090.0,4100.0,4075.0,4100.0,70100,0.0,0.0
2023-12-20 09:00:00+09:00,4200.0,4235.0,4180.0,4230.0,103600,0.0,0.0
2023-12-20 10:00:00+09:00,4230.0,4290.0,4225.0,4265.0,70400,0.0,0.0
2023-12-20 11:00:00+09:00,4270.0,4280.0,4265.0,4270.0,0,0.0,0.0
2023-12-20 12:00:00+09:00,4280.0,4295.0,4265.0,4270.0,249500,0.0,0.0
2023-12-20 13:00:00+09:00,4275.0,4290.0,4260.0,4280.0,42700,0.0,0.0
2023-12-20 14:00:00+09:00,4285.0,4305.0,4275.0,4285.0,87600,0.0,0.0
2023-12-21 09:00:00+09:00,4235.0,4235.0,4190.0,4215.0,69600,0.0,0.0
2023-12-21 10:00:00+09:00,4215.0,4250.0,4215.0,4225.0,34600,0.0,0.0
2023-12-21 11:00:00+09:00,4225.0,4225.0,4210.0,4220.0,0,0.0,0.0
2023-12-21 12:00:00+09:00,4225.0,4225.0,4215.0,4220.0,128300,0.0,0.0
2023-12-21 13:00:00+09:00,4220.0,4225.0,4215.0,4225.0,21500,0.0,0.0
2023-12-21 14:00:00+09:00,4225.0,4235.0,4215.0,4230.0,48800,0.0,0.0
2023-12-22 09:00:00+09:00,4220.0,4290.0,4220.0,4270.0,60200,0.0,0.0
2023-12-22 10:00:00+09:00,4270.0,4290.0,4270.0,4285.0,38000,0.0,0.0
2023-12-22 11:00:00+09:00,4290.0,4290.0,4275.0,4275.0,0,0.0,0.0
2023-12-22 12:00:00+09:00,4275.0,4280.0,4260.0,4270.0,124600,0.0,0.0
2023-12-22 13:00:00+09:00,4275.0,4280.0,4260.0,4265.0,19200,0.0,0.0
2023-12-22 14:00:00+09:00,4260.0,4280.0,4260.0,4275.0,38000,0.0,0.0
2023-12-25 09:00:00+09:00,4295.0,4305.0,4260.0,4265.0,74700,0.0,0.0
2023-12-25 10:00:00+09:00,4265.0,4285.0,4250.0,4265.0,33500,0.0,0.0
2023-12-25 11:00:00+09:00,4270.0,4275.0,4260.0,4260.0,0,0.0,0.0
2023-12-25 12:00:00+09:00,4255.0,4270.0,4255.0,4260.0,130700,0.0,0.0
2023-12-25 13:00:00+09:00,4255.0,4260.0,4250.0,4260.0,17200,0.0,0.0
2023-12-25 14:00:00+09:00,4260.0,4260.0,4235.0,4245.0,46900,0.0,0.0
2023-12-26 09:00:00+09:00,4250.0,4275.0,4225.0,4265.0,42200,0.0,0.0
2023-12-26 10:00:00+09:00,4260.0,4265.0,4230.0,4230.0,16000,0.0,0.0
2023-12-26 11:00:00+09:00,4230.0,4235.0,4225.0,4225.0,0,0.0,0.0
2023-12-26 12:00:00+09:00,4225.0,4230.0,4215.0,4215.0,84000,0.0,0.0
2023-12-26 13:00:00+09:00,4220.0,4220.0,4200.0,4220.0,33700,0.0,0.0
2023-12-26 14:00:00+09:00,4215.0,4245.0,4215.0,4240.0,55800,0.0,0.0
2023-12-27 09:00:00+09:00,4265.0,4330.0,4260.0,4310.0,130000,0.0,0.0
2023-12-27 10:00:00+09:00,4310.0,4310.0,4290.0,4305.0,34400,0.0,0.0
2023-12-27 11:00:00+09:00,4305.0,4315.0,4300.0,4300.0,0,0.0,0.0
2023-12-27 12:00:00+09:00,4300.0,4315.0,4300.0,4315.0,189800,0.0,0.0
2023-12-27 13:00:00+09:00,4315.0,4320.0,4305.0,4315.0,25500,0.0,0.0
2023-12-27 14:00:00+09:00,4315.0,4320.0,4300.0,4300.0,51700,0.0,0.0
2023-12-28 09:00:00+09:00,4275.0,4335.0,4260.0,4335.0,55700,0.0,0.0
2023-12-28 10:00:00+09:00,4335.0,4335.0,4305.0,4310.0,18100,0.0,0.0
2023-12-28 11:00:00+09:00,4300.0,4305.0,4275.0,4285.0,0,0.0,0.0
2023-12-28 12:00:00+09:00,4285.0,4290.0,4280.0,4285.0,104500,0.0,0.0
2023-12-28 13:00:00+09:00,4285.0,4295.0,4280.0,4285.0,20500,0.0,0.0
2023-12-28 14:00:00+09:00,4285.0,4300.0,4280.0,4280.0,31100,0.0,0.0
2023-12-29 09:00:00+09:00,4320.0,4320.0,4295.0,4295.0,62000,0.0,0.0
2023-12-29 10:00:00+09:00,4300.0,4310.0,4280.0,4310.0,23200,0.0,0.0
2023-12-29 11:00:00+09:00,4310.0,4310.0,4295.0,4305.0,0,0.0,0.0
2023-12-29 12:00:00+09:00,4295.0,4295.0,4285.0,4290.0,112900,0.0,0.0
2023-12-29 13:00:00+09:00,4285.0,4285.0,4260.0,4275.0,28600,0.0,0.0
2023-12-29 14:00:00+09:00,4270.0,4285.0,4270.0,4280.0,22400,0.0,0.0
2024-01-04 09:00:00+09:00,4325.0,4440.0,4280.0,4435.0,194000,0.0,0.0
2024-01-04 10:00:00+09:00,4435.0,4480.0,4430.0,4465.0,144000,0.0,0.0
2024-01-04 11:00:00+09:00,4465.0,4470.0,4460.0,4465.0,0,0.0,0.0
2024-01-04 12:00:00+09:00,4475.0,4485.0,4465.0,4470.0,437600,0.0,0.0
2024-01-04 13:00:00+09:00,4470.0,4490.0,4465.0,4480.0,54300,0.0,0.0
2024-01-04 14:00:00+09:00,4480.0,4485.0,4460.0,4470.0,84100,0.0,0.0
2024-01-05 09:00:00+09:00,4475.0,4530.0,4455.0,4510.0,201200,0.0,0.0
2024-01-05 10:00:00+09:00,4505.0,4535.0,4500.0,4525.0,71300,0.0,0.0
2024-01-05 11:00:00+09:00,4520.0,4525.0,4500.0,4520.0,0,0.0,0.0
2024-01-05 12:00:00+09:00,4515.0,4525.0,4495.0,4495.0,372900,0.0,0.0
2024-01-05 13:00:00+09:00,4500.0,4505.0,4475.0,4485.0,64100,0.0,0.0
2024-01-05 14:00:00+09:00,4485.0,4485.0,4455.0,4460.0,90300,0.0,0.0
2024-01-09 09:00:00+09:00,4575.0,4625.0,4530.0,4545.0,231900,0.0,0.0
2024-01-09 10:00:00+09:00,4550.0,4565.0,4530.0,4540.0,87500,0.0,0.0
2024-01-09 11:00:00+09:00,4540.0,4540.0,4525.0,4535.0,0,0.0,0.0
2024-01-09 12:00:00+09:00,4540.0,4545.0,4520.0,4540.0,376200,0.0,0.0
2024-01-09 13:00:00+09:00,4540.0,4540.0,4475.0,4480.0,81600,0.0,0.0
2024-01-09 14:00:00+09:00,4485.0,4510.0,4485.0,4500.0,53600,0.0,0.0
2024-01-10 09:00:00+09:00,4510.0,4545.0,4490.0,4545.0,80600,0.0,0.0
2024-01-10 10:00:00+09:00,4545.0,4580.0,4540.0,4575.0,48300,0.0,0.0
2024-01-10 11:00:00+09:00,4580.0,4620.0,4575.0,4610.0,0,0.0,0.0
2024-01-10 12:00:00+09:00,4610.0,4630.0,4600.0,4610.0,277600,0.0,0.0
2024-01-10 13:00:00+09:00,4610.0,4630.0,4605.0,4610.0,51500,0.0,0.0
2024-01-10 14:00:00+09:00,4610.0,4620.0,4580.0,4580.0,79200,0.0,0.0
2024-01-11 09:00:00+09:00,4605.0,4655.0,4600.0,4630.0,128900,0.0,0.0
2024-01-11 10:00:00+09:00,4630.0,4645.0,4625.0,4635.0,61000,0.0,0.0
2024-01-11 11:00:00+09:00,4630.0,4645.0,4630.0,4630.0,0,0.0,0.0
2024-01-11 12:00:00+09:00,4630.0,4630.0,4595.0,4615.0,285900,0.0,0.0
2024-01-11 13:00:00+09:00,4610.0,4620.0,4610.0,4610.0,35200,0.0,0.0
2024-01-11 14:00:00+09:00,4615.0,4635.0,4610.0,4620.0,77700,0.0,0.0
2024-01-12 09:00:00+09:00,4670.0,4680.0,4510.0,4530.0,0,0.0,0.0
2024-01-12 10:00:00+09:00,4535.0,4545.0,4500.0,4525.0,109400,0.0,0.0
2024-01-12 11:00:00+09:00,4530.0,4555.0,4520.0,4545.0,0,0.0,0.0
2024-01-12 12:00:00+09:00,4550.0,4570.0,4540.0,4560.0,512700,0.0,0.0
2024-01-12 13:00:00+09:00,4565.0,4565.0,4540.0,4550.0,83500,0.0,0.0
2024-01-12 14:00:00+09:00,4555.0,4595.0,4550.0,4570.0,156300,0.0,0.0
2024-01-15 09:00:00+09:00,4555.0,4590.0,4465.0,4540.0,502100,0.0,0.0
2024-01-15 10:00:00+09:00,4535.0,4545.0,4505.0,4520.0,157100,0.0,0.0
2024-01-15 11:00:00+09:00,4520.0,4520.0,4490.0,4505.0,0,0.0,0.0
2024-01-15 12:00:00+09:00,4510.0,4550.0,4510.0,4545.0,880900,0.0,0.0
2024-01-15 13:00:00+09:00,4545.0,4545.0,4505.0,4510.0,106800,0.0,0.0
2024-01-15 14:00:00+09:00,4510.0,4525.0,4490.0,4520.0,157600,0.0,0.0
2024-01-16 09:00:00+09:00,4530.0,4530.0,4470.0,4500.0,236600,0.0,0.0
2024-01-16 10:00:00+09:00,4500.0,4515.0,4480.0,4510.0,66400,0.0,0.0
2024-01-16 11:00:00+09:00,4505.0,4575.0,4505.0,4565.0,0,0.0,0.0
2024-01-16 12:00:00+09:00,4565.0,4585.0,4565.0,4580.0,472500,0.0,0.0
2024-01-16 13:00:00+09:00,4585.0,4595.0,4570.0,4590.0,92300,0.0,0.0
2024-01-16 14:00:00+09:00,4595.0,4615.0,4580.0,4590.0,121700,0.0,0.0
2024-01-17 09:00:00+09:00,4645.0,4665.0,4620.0,4645.0,197600,0.0,0.0
2024-01-17 10:00:00+09:00,4645.0,4670.0,4640.0,4645.0,159200,0.0,0.0
2024-01-17 11:00:00+09:00,4645.0,4655.0,4585.0,4605.0,0,0.0,0.0
2024-01-17 12:00:00+09:00,4600.0,4600.0,4540.0,4545.0,498400,0.0,0.0
2024-01-17 13:00:00+09:00,4545.0,4600.0,4545.0,4595.0,77600,0.0,0.0
2024-01-17 14:00:00+09:00,4590.0,4590.0,4545.0,4545.0,102600,0.0,0.0
2024-01-18 09:00:00+09:00,4545.0,4590.0,4540.0,4580.0,112300,0.0,0.0
2024-01-18 10:00:00+09:00,4580.0,4580.0,4550.0,4575.0,61300,0.0,0.0
2024-01-18 11:00:00+09:00,4575.0,4580.0,4570.0,4575.0,0,0.0,0.0
2024-01-18 12:00:00+09:00,4580.0,4610.0,4575.0,4605.0,246700,0.0,0.0
2024-01-18 13:00:00+09:00,4600.0,4605.0,4570.0,4585.0,50600,0.0,0.0
2024-01-18 14:00:00+09:00,4585.0,4595.0,4575.0,4590.0,64700,0.0,0.0
2024-01-19 09:00:00+09:00,4660.0,4665.0,4630.0,4635.0,190100,0.0,0.0
2024-01-19 10:00:00+09:00,4635.0,4655.0,4630.0,4650.0,43900,0.0,0.0
2024-01-19 11:00:00+09:00,4650.0,4680.0,4650.0,4665.0,0,0.0,0.0
2024-01-19 12:00:00+09:00,4670.0,4670.0,4635.0,4645.0,337700,0.0,0.0
2024-01-19 13:00:00+09:00,4645.0,4655.0,4635.0,4655.0,43400,0.0,0.0
2024-01-19 14:00:00+09:00,4655.0,4700.0,4655.0,4695.0,163500,0.0,0.0
2024-01-22 09:00:00+09:00,4730.0,4760.0,4705.0,4735.0,179100,0.0,0.0
2024-01-22 10:00:00+09:00,4735.0,4745.0,4725.0,4730.0,62800,0.0,0.0
2024-01-22 11:00:00+09:00,4725.0,4740.0,4725.0,4730.0,0,0.0,0.0
2024-01-22 12:00:00+09:00,4735.0,4755.0,4715.0,4755.0,341000,0.0,0.0
2024-01-22 13:00:00+09:00,4760.0,4780.0,4760.0,4775.0,63500,0.0,0.0
2024-01-22 14:00:00+09:00,4780.0,4795.0,4770.0,4795.0,84500,0.0,0.0
2024-01-23 09:00:00+09:00,4840.0,4850.0,4790.0,4800.0,151900,0.0,0.0
2024-01-23 10:00:00+09:00,4795.0,4800.0,4765.0,4775.0,95600,0.0,0.0
2024-01-23 11:00:00+09:00,4775.0,4790.0,4765.0,4780.0,0,0.0,0.0
2024-01-23 12:00:00+09:00,4785.0,4785.0,4700.0,4715.0,418200,0.0,0.0
2024-01-23 13:00:00+09:00,4720.0,4755.0,4715.0,4740.0,68800,0.0,0.0
2024-01-23 14:00:00+09:00,4740.0,4750.0,4725.0,4740.0,97600,0.0,0.0
2024-01-24 09:00:00+09:00,4775.0,4780.0,4725.0,4750.0,116600,0.0,0.0
2024-01-24 10:00:00+09:00,4750.0,4750.0,4725.0,4730.0,48100,0.0,0.0
2024-01-24 11:00:00+09:00,4730.0,4745.0,4730.0,4745.0,0,0.0,0.0
2024-01-24 12:00:00+09:00,4745.0,4745.0,4715.0,4730.0,234200,0.0,0.0
2024-01-24 13:00:00+09:00,4730.0,4735.0,4710.0,4720.0,44400,0.0,0.0
2024-01-24 14:00:00+09:00,4720.0,4730.0,4710.0,4715.0,74600,0.0,0.0
2024-01-25 09:00:00+09:00,4685.0,4695.0,4650.0,4665.0,140300,0.0,0.0
2024-01-25 10:00:00+09:00,4665.0,4675.0,4625.0,4645.0,118900,0.0,0.0
2024-01-25 11:00:00+09:00,4650.0,4680.0,4640.0,4680.0,0,0.0,0.0
2024-01-25 12:00:00+09:00,4670.0,4670.0,4640.0,4650.0,313500,0.0,0.0
2024-01-25 13:00:00+09:00,4655.0,4670.0,4650.0,4655.0,39800,0.0,0.0
2024-01-25 14:00:00+09:00,4660.0,4670.0,4645.0,4645.0,74700,0.0,0.0
2024-01-26 09:00:00+09:00,4645.0,4650.0,4620.0,4635.0,0,0.0,0.0
2024-01-26 10:00:00+09:00,4635.0,4675.0,4635.0,4675.0,204300,0.0,0.0
2024-01-26 11:00:00+09:00,4675.0,4675.0,4660.0,4670.0,0,0.0,0.0
2024-01-26 12:00:00+09:00,4670.0,4685.0,4655.0,4660.0,258200,0.0,0.0
2024-01-26 13:00:00+09:00,4665.0,4670.0,4650.0,4655.0,37800,0.0,0.0
2024-01-26 14:00:00+09:00,4660.0,4735.0,4660.0,4700.0,123700,0.0,0.0
2024-01-29 09:00:00+09:00,4725.0,4750.0,4700.0,4710.0,223200,0.0,0.0
2024-01-29 10:00:00+09:00,4705.0,4730.0,4695.0,4730.0,50900,0.0,0.0
2024-01-29 11:00:00+09:00,4730.0,4735.0,4715.0,4720.0,0,0.0,0.0
2024-01-29 12:00:00+09:00,4730.0,4740.0,4715.0,4730.0,323800,0.0,0.0
2024-01-29 13:00:00+09:00,4725.0,4735.0,4715.0,4715.0,29900,0.0,0.0
2024-01-29 14:00:00+09:00,4720.0,4730.0,4710.0,4725.0,61500,0.0,0.0
2024-01-30 09:00:00+09:00,4745.0,4825.0,4715.0,4815.0,225200,0.0,0.0
2024-01-30 10:00:00+09:00,4810.0,4830.0,4800.0,4815.0,90600,0.0,0.0
2024-01-30 11:00:00+09:00,4815.0,4825.0,4800.0,4825.0,0,0.0,0.0
2024-01-30 12:00:00+09:00,4820.0,4885.0,4820.0,4875.0,486100,0.0,0.0
2024-01-30 13:00:00+09:00,4880.0,4925.0,4870.0,4905.0,130100,0.0,0.0
2024-01-30 14:00:00+09:00,4905.0,4905.0,4885.0,4890.0,93500,0.0,0.0
2024-01-31 09:00:00+09:00,4910.0,5000.0,4895.0,5000.0,269400,0.0,0.0
2024-01-31 10:00:00+09:00,5000.0,5050.0,4990.0,5030.0,156300,0.0,0.0
2024-01-31 11:00:00+09:00,5040.0,5060.0,5030.0,5040.0,0,0.0,0.0
2024-01-31 12:00:00+09:00,5030.0,5060.0,5000.0,5030.0,572400,0.0,0.0
2024-01-31 13:00:00+09:00,5040.0,5090.0,5030.0,5090.0,96000,0.0,0.0
2024-01-31 14:00:00+09:00,5090.0,5130.0,5090.0,5100.0,182500,0.0,0.0
2024-02-01 09:00:00+09:00,5030.0,5100.0,5020.0,5050.0,182600,0.0,0.0
2024-02-01 10:00:00+09:00,5040.0,5080.0,5040.0,5050.0,67100,0.0,0.0
2024-02-01 11:00:00+09:00,5050.0,5090.0,5040.0,5070.0,0,0.0,0.0
2024-02-01 12:00:00+09:00,5070.0,5070.0,5040.0,5050.0,341000,0.0,0.0
2024-02-01 13:00:00+09:00,5060.0,5060.0,5020.0,5040.0,47700,0.0,0.0
2024-02-01 14:00:00+09:00,5040.0,5050.0,5030.0,5040.0,68600,0.0,0.0
2024-02-02 09:00:00+09:00,5020.0,5030.0,4985.0,5020.0,161600,0.0,0.0
2024-02-02 10:00:00+09:00,5020.0,5050.0,5020.0,5050.0,54700,0.0,0.0
2024-02-02 11:00:00+09:00,5040.0,5050.0,5030.0,5050.0,0,0.0,0.0
2024-02-02 12:00:00+09:00,5040.0,5040.0,5020.0,5040.0,282400,0.0,0.0
2024-02-02 13:00:00+09:00,5040.0,5060.0,5030.0,5060.0,40100,0.0,0.0
2024-02-02 14:00:00+09:00,5060.0,5100.0,5050.0,5060.0,73800,0.0,0.0
2024-02-05 09:00:00+09:00,5120.0,5210.0,5060.0,5210.0,267000,0.0,0.0
2024-02-05 10:00:00+09:00,5210.0,5210.0,5170.0,5200.0,108700,0.0,0.0
2024-02-05 11:00:00+09:00,5200.0,5230.0,5200.0,5200.0,0,0.0,0.0
2024-02-05 12:00:00+09:00,5200.0,5210.0,5180.0,5180.0,458900,0.0,0.0
2024-02-05 13:00:00+09:00,5180.0,5190.0,5150.0,5160.0,65200,0.0,0.0
2024-02-05 14:00:00+09:00,5150.0,5160.0,5140.0,5150.0,64000,0.0,0.0
2024-02-06 09:00:00+09:00,5110.0,5120.0,5060.0,5070.0,185600,0.0,0.0
2024-02-06 10:00:00+09:00,5060.0,5090.0,5060.0,5090.0,65100,0.0,0.0
2024-02-06 11:00:00+09:00,5090.0,5090.0,5070.0,5090.0,0,0.0,0.0
2024-02-06 12:00:00+09:00,5080.0,5080.0,5050.0,5060.0,331300,0.0,0.0
2024-02-06 13:00:00+09:00,5060.0,5090.0,5050.0,5080.0,50700,0.0,0.0
2024-02-06 14:00:00+09:00,5080.0,5090.0,5030.0,5040.0,108600,0.0,0.0
2024-02-07 09:00:00+09:00,5070.0,5090.0,5030.0,5070.0,108500,0.0,0.0
2024-02-07 10:00:00+09:00,5060.0,5100.0,5050.0,5070.0,63200,0.0,0.0
2024-02-07 11:00:00+09:00,5070.0,5090.0,5070.0,5070.0,0,0.0,0.0
2024-02-07 12:00:00+09:00,5070.0,5080.0,5030.0,5040.0,218300,0.0,0.0
2024-02-07 13:00:00+09:00,5030.0,5070.0,5030.0,5070.0,45300,0.0,0.0
2024-02-07 14:00:00+09:00,5070.0,5070.0,5060.0,5070.0,56900,0.0,0.0
2024-02-08 09:00:00+09:00,5060.0,5090.0,5030.0,5030.0,98100,0.0,0.0
2024-02-08 10:00:00+09:00,5020.0,5040.0,5020.0,5040.0,39700,0.0,0.0
2024-02-08 11:00:00+09:00,5040.0,5050.0,5040.0,5040.0,0,0.0,0.0
2024-02-08 12:00:00+09:00,5040.0,5050.0,5030.0,5050.0,187300,0.0,0.0
2024-02-08 13:00:00+09:00,5050.0,5060.0,5040.0,5060.0,46700,0.0,0.0
2024-02-08 14:00:00+09:00,5070.0,5090.0,5060.0,5070.0,58300,0.0,0.0
2024-02-09 09:00:00+09:00,5070.0,5110.0,5050.0,5090.0,85000,0.0,0.0
2024-02-09 10:00:00+09:00,5090.0,5090.0,5060.0,5060.0,35500,0.0,0.0
2024-02-09 11:00:00+09:00,5060.0,5060.0,5050.0,5060.0,0,0.0,0.0
2024-02-09 12:00:00+09:00,5070.0,5070.0,5030.0,5040.0,196800,0.0,0.0
2024-02-09 13:00:00+09:00,5030.0,5050.0,5010.0,5020.0,70700,0.0,0.0
2024-02-09 14:00:00+09:00,5020.0,5020.0,4995.0,5000.0,81600,0.0,0.0
2024-02-13 09:00:00+09:00,5000.0,5000.0,4920.0,4940.0,239000,0.0,0.0
2024-02-13 10:00:00+09:00,4940.0,4980.0,4935.0,4975.0,66900,0.0,0.0
2024-02-13 11:00:00+09:00,4975.0,4985.0,4970.0,4980.0,0,0.0,0.0
2024-02-13 12:00:00+09:00,4980.0,4980.0,4950.0,4965.0,396700,0.0,0.0
2024-02-13 13:00:00+09:00,4960.0,4960.0,4935.0,4940.0,80700,0.0,0.0
2024-02-13 14:00:00+09:00,4935.0,4985.0,4935.0,4980.0,98700,0.0,0.0
2024-02-14 09:00:00+09:00,4930.0,4935.0,4870.0,4880.0,287100,0.0,0.0
2024-02-14 10:00:00+09:00,4880.0,4910.0,4880.0,4895.0,57400,0.0,0.0
2024-02-14 11:00:00+09:00,4895.0,4895.0,4880.0,4885.0,0,0.0,0.0
2024-02-14 12:00:00+09:00,4880.0,4880.0,4870.0,4880.0,403100,0.0,0.0
2024-02-14 13:00:00+09:00,4880.0,4885.0,4865.0,4875.0,52600,0.0,0.0
2024-02-14 14:00:00+09:00,4875.0,4900.0,4875.0,4880.0,90000,0.0,0.0
2024-02-15 09:00:00+09:00,4980.0,4990.0,4945.0,4950.0,94000,0.0,0.0
2024-02-15 10:00:00+09:00,4950.0,4975.0,4940.0,4960.0,65700,0.0,0.0
2024-02-15 11:00:00+09:00,4965.0,4970.0,4950.0,4950.0,0,0.0,0.0
2024-02-15 12:00:00+09:00,4960.0,4980.0,4955.0,4960.0,203600,0.0,0.0
2024-02-15 13:00:00+09:00,4965.0,4985.0,4950.0,4950.0,60300,0.0,0.0
2024-02-15 14:00:00+09:00,4950.0,4970.0,4945.0,4950.0,58200,0.0,0.0
2024-02-16 09:00:00+09:00,4985.0,5030.0,4960.0,5020.0,90000,0.0,0.0
2024-02-16 10:00:00+09:00,5020.0,5030.0,4995.0,4995.0,49600,0.0,0.0
2024-02-16 11:00:00+09:00,4995.0,5020.0,4995.0,5020.0,0,0.0,0.0
2024-02-16 12:00:00+09:00,5020.0,5050.0,5020.0,5050.0,202500,0.0,0.0
2024-02-16 13:00:00+09:00,5040.0,5070.0,5040.0,5060.0,82600,0.0,0.0
2024-02-16 14:00:00+09:00,5050.0,5070.0,5050.0,5060.0,72100,0.0,0.0
2024-02-19 09:00:00+09:00,5060.0,5080.0,5040.0,5070.0,0,0.0,0.0
2024-02-19 10:00:00+09:00,5070.0,5080.0,5050.0,5060.0,81100,0.0,0.0
2024-02-19 11:00:00+09:00,5060.0,5070.0,5060.0,5070.0,0,0.0,0.0
2024-02-19 12:00:00+09:00,5070.0,5080.0,5070.0,5070.0,115000,0.0,0.0
2024-02-19 13:00:00+09:00,5080.0,5110.0,5080.0,5100.0,46600,0.0,0.0
2024-02-19 14:00:00+09:00,5110.0,5120.0,5100.0,5120.0,40500,0.0,0.0
2024-02-20 09:00:00+09:00,5130.0,5200.0,5120.0,5190.0,136100,0.0,0.0
2024-02-20 10:00:00+09:00,5190.0,5210.0,5180.0,5200.0,75100,0.0,0.0
2024-02-20 11:00:00+09:00,5200.0,5210.0,5160.0,5170.0,0,0.0,0.0
2024-02-20 12:00:00+09:00,5160.0,5170.0,5110.0,5130.0,274600,0.0,0.0
2024-02-20 13:00:00+09:00,5140.0,5150.0,5110.0,5110.0,45000,0.0,0.0
2024-02-20 14:00:00+09:00,5110.0,5140.0,5110.0,5130.0,30600,0.0,0.0
2024-02-21 09:00:00+09:00,5140.0,5180.0,5130.0,5130.0,0,0.0,0.0
2024-02-21 10:00:00+09:00,5140.0,5150.0,5120.0,5140.0,91600,0.0,0.0
2024-02-21 11:00:00+09:00,5140.0,5140.0,5120.0,5140.0,0,0.0,0.0
2024-02-21 12:00:00+09:00,5140.0,5140.0,5100.0,5100.0,149800,0.0,0.0
2024-02-21 13:00:00+09:00,5100.0,5130.0,5100.0,5110.0,32200,0.0,0.0
2024-02-21 14:00:00+09:00,5110.0,5110.0,5090.0,5100.0,52500,0.0,0.0
2024-02-22 09:00:00+09:00,5140.0,5140.0,5100.0,5130.0,0,0.0,0.0
2024-02-22 10:00:00+09:00,5130.0,5150.0,5120.0,5130.0,127700,0.0,0.0
2024-02-22 11:00:00+09:00,5140.0,5150.0,5130.0,5150.0,0,0.0,0.0
2024-02-22 12:00:00+09:00,5150.0,5170.0,5150.0,5160.0,192500,0.0,0.0
2024-02-22 13:00:00+09:00,5160.0,5160.0,5130.0,5130.0,35500,0.0,0.0
2024-02-22 14:00:00+09:00,5130.0,5160.0,5120.0,5150.0,38200,0.0,0.0
2024-02-26 09:00:00+09:00,5200.0,5310.0,5190.0,5290.0,316000,0.0,0.0
2024-02-26 10:00:00+09:00,5300.0,5380.0,5290.0,5360.0,191500,0.0,0.0
2024-02-26 11:00:00+09:00,5370.0,5380.0,5350.0,5360.0,0,0.0,0.0
2024-02-26 12:00:00+09:00,5360.0,5380.0,5340.0,5370.0,617900,0.0,0.0
2024-02-26 13:00:00+09:00,5380.0,5390.0,5360.0,5380.0,85500,0.0,0.0
2024-02-26 14:00:00+09:00,5380.0,5460.0,5380.0,5430.0,167200,0.0,0.0
2024-02-27 09:00:00+09:00,5340.0,5530.0,5330.0,5470.0,431400,0.0,0.0
2024-02-27 10:00:00+09:00,5470.0,5510.0,5460.0,5470.0,106800,0.0,0.0
2024-02-27 11:00:00+09:00,5480.0,5500.0,5420.0,5420.0,0,0.0,0.0
2024-02-27 12:00:00+09:00,5430.0,5500.0,5430.0,5480.0,741800,0.0,0.0
2024-02-27 13:00:00+09:00,5480.0,5480.0,5460.0,5470.0,42000,0.0,0.0
2024-02-27 14:00:00+09:00,5470.0,5470.0,5440.0,5470.0,107200,0.0,0.0
2024-02-28 09:00:00+09:00,5280.0,5350.0,5220.0,5320.0,442800,0.0,0.0
2024-02-28 10:00:00+09:00,5310.0,5310.0,5190.0,5200.0,194800,0.0,0.0
2024-02-28 11:00:00+09:00,5210.0,5250.0,5210.0,5230.0,0,0.0,0.0
2024-02-28 12:00:00+09:00,5250.0,5320.0,5250.0,5310.0,763200,0.0,0.0
2024-02-28 13:00:00+09:00,5320.0,5370.0,5290.0,5310.0,144500,0.0,0.0
2024-02-28 14:00:00+09:00,5310.0,5320.0,5280.0,5300.0,52600,0.0,0.0
2024-02-29 09:00:00+09:00,5260.0,5260.0,5150.0,5170.0,165000,0.0,0.0
2024-02-29 10:00:00+09:00,5170.0,5190.0,5140.0,5160.0,66100,0.0,0.0
2024-02-29 11:00:00+09:00,5170.0,5200.0,5160.0,5170.0,0,0.0,0.0
2024-02-29 12:00:00+09:00,5170.0,5210.0,5170.0,5210.0,313100,0.0,0.0
2024-02-29 13:00:00+09:00,5200.0,5260.0,5200.0,5260.0,55100,0.0,0.0
2024-02-29 14:00:00+09:00,5260.0,5280.0,5250.0,5270.0,90200,0.0,0.0
2024-03-01 09:00:00+09:00,5280.0,5310.0,5240.0,5250.0,101600,0.0,0.0
2024-03-01 10:00:00+09:00,5260.0,5260.0,5230.0,5250.0,37400,0.0,0.0
2024-03-01 11:00:00+09:00,5240.0,5260.0,5240.0,5240.0,0,0.0,0.0
2024-03-01 12:00:00+09:00,5250.0,5270.0,5240.0,5260.0,192900,0.0,0.0
2024-03-01 13:00:00+09:00,5260.0,5280.0,5260.0,5270.0,37400,0.0,0.0
2024-03-01 14:00:00+09:00,5280.0,5280.0,5260.0,5270.0,62300,0.0,0.0
2024-03-04 09:00:00+09:00,5290.0,5290.0,5220.0,5270.0,99100,0.0,0.0
2024-03-04 10:00:00+09:00,5280.0,5300.0,5260.0,5290.0,64000,0.0,0.0
2024-03-04 11:00:00+09:00,5290.0,5320.0,5290.0,5310.0,0,0.0,0.0
2024-03-04 12:00:00+09:00,5310.0,5310.0,5270.0,5300.0,224400,0.0,0.0
2024-03-04 13:00:00+09:00,5290.0,5300.0,5270.0,5290.0,32400,0.0,0.0
2024-03-04 14:00:00+09:00,5290.0,5290.0,5260.0,5290.0,45000,0.0,0.0
2024-03-05 09:00:00+09:00,5300.0,5440.0,5260.0,5380.0,243500,0.0,0.0
2024-03-05 10:00:00+09:00,5380.0,5440.0,5380.0,5420.0,95800,0.0,0.0
2024-03-05 11:00:00+09:00,5410.0,5460.0,5410.0,5440.0,0,0.0,0.0
2024-03-05 12:00:00+09:00,5460.0,5550.0,5450.0,5530.0,561100,0.0,0.0
2024-03-05 13:00:00+09:00,5530.0,5580.0,5530.0,5570.0,91300,0.0,0.0
2024-03-05 14:00:00+09:00,5580.0,5650.0,5570.0,5640.0,162000,0.0,0.0
2024-03-06 09:00:00+09:00,5640.0,5750.0,5560.0,5730.0,163300,0.0,0.0
2024-03-06 10:00:00+09:00,5730.0,5740.0,5660.0,5670.0,76300,0.0,0.0
2024-03-06 11:00:00+09:00,5680.0,5710.0,5670.0,5700.0,0,0.0,0.0
2024-03-06 12:00:00+09:00,5720.0,5770.0,5680.0,5770.0,349000,0.0,0.0
2024-03-06 13:00:00+09:00,5770.0,5780.0,5750.0,5760.0,51700,0.0,0.0
2024-03-06 14:00:00+09:00,5760.0,5800.0,5750.0,5800.0,91200,0.0,0.0
2024-03-07 09:00:00+09:00,5870.0,5880.0,5770.0,5770.0,140300,0.0,0.0
2024-03-07 10:00:00+09:00,5770.0,5780.0,5620.0,5620.0,131700,0.0,0.0
2024-03-07 11:00:00+09:00,5620.0,5660.0,5610.0,5640.0,0,0.0,0.0
2024-03-07 12:00:00+09:00,5620.0,5640.0,5570.0,5640.0,388100,0.0,0.0
2024-03-07 13:00:00+09:00,5650.0,5650.0,5600.0,5610.0,42400,0.0,0.0
2024-03-07 14:00:00+09:00,5620.0,5620.0,5570.0,5590.0,58500,0.0,0.0
2024-03-08 09:00:00+09:00,5550.0,5670.0,5540.0,5660.0,137200,0.0,0.0
2024-03-08 10:00:00+09:00,5660.0,5680.0,5620.0,5680.0,41300,0.0,0.0
2024-03-08 11:00:00+09:00,5670.0,5680.0,5650.0,5680.0,0,0.0,0.0
2024-03-08 12:00:00+09:00,5670.0,5680.0,5650.0,5670.0,238300,0.0,0.0
2024-03-08 13:00:00+09:00,5660.0,5690.0,5650.0,5670.0,72000,0.0,0.0
2024-03-08 14:00:00+09:00,5670.0,5680.0,5640.0,5660.0,63500,0.0,0.0
2024-03-11 09:00:00+09:00,5500.0,5540.0,5450.0,5460.0,100900,0.0,0.0
2024-03-11 10:00:00+09:00,5470.0,5500.0,5460.0,5460.0,34300,0.0,0.0
2024-03-11 11:00:00+09:00,5450.0,5470.0,5450.0,5460.0,0,0.0,0.0
2024-03-11 12:00:00+09:00,5450.0,5460.0,5390.0,5390.0,205400,0.0,0.0
2024-03-11 13:00:00+09:00,5390.0,5440.0,5390.0,5410.0,44900,0.0,0.0
2024-03-11 14:00:00+09:00,5410.0,5430.0,5390.0,5410.0,60400,0.0,0.0
2024-03-12 09:00:00+09:00,5370.0,5410.0,5310.0,5320.0,70000,0.0,0.0
2024-03-12 10:00:00+09:00,5330.0,5370.0,5330.0,5340.0,43300,0.0,0.0
2024-03-12 11:00:00+09:00,5340.0,5390.0,5340.0,5380.0,0,0.0,0.0
2024-03-12 12:00:00+09:00,5410.0,5440.0,5410.0,5430.0,158400,0.0,0.0
2024-03-12 13:00:00+09:00,5430.0,5440.0,5410.0,5430.0,27200,0.0,0.0
2024-03-12 14:00:00+09:00,5430.0,5430.0,5390.0,5410.0,55800,0.0,0.0
2024-03-13 09:00:00+09:00,5500.0,5500.0,5360.0,5370.0,64100,0.0,0.0
2024-03-13 10:00:00+09:00,5360.0,5360.0,5310.0,5360.0,40900,0.0,0.0
2024-03-13 11:00:00+09:00,5370.0,5390.0,5350.0,5360.0,0,0.0,0.0
2024-03-13 12:00:00+09:00,5350.0,5350.0,5280.0,5310.0,169900,0.0,0.0
2024-03-13 13:00:00+09:00,5310.0,5350.0,5290.0,5350.0,51700,0.0,0.0
2024-03-13 14:00:00+09:00,5350.0,5350.0,5300.0,5310.0,47300,0.0,0.0
2024-03-14 09:00:00+09:00,5290.0,5350.0,5280.0,5300.0,61200,0.0,0.0
2024-03-14 10:00:00+09:00,5300.0,5350.0,5290.0,5340.0,25000,0.0,0.0
2024-03-14 11:00:00+09:00,5350.0,5370.0,5330.0,5350.0,0,0.0,0.0
2024-03-14 12:00:00+09:00,5340.0,5390.0,5340.0,5380.0,131500,0.0,0.0
2024-03-14 13:00:00+09:00,5380.0,5400.0,5380.0,5390.0,21400,0.0,0.0
2024-03-14 14:00:00+09:00,5390.0,5410.0,5380.0,5400.0,25800,0.0,0.0
2024-03-15 09:00:00+09:00,5340.0,5450.0,5340.0,5450.0,57100,0.0,0.0
2024-03-15 10:00:00+09:00,5460.0,5520.0,5450.0,5520.0,46500,0.0,0.0
2024-03-15 11:00:00+09:00,5520.0,5540.0,5510.0,5540.0,0,0.0,0.0
2024-03-15 12:00:00+09:00,5550.0,5550.0,5520.0,5540.0,165400,0.0,0.0
2024-03-15 13:00:00+09:00,5530.0,5530.0,5480.0,5510.0,41200,0.0,0.0
2024-03-15 14:00:00+09:00,5510.0,5510.0,5480.0,5500.0,55000,0.0,0.0
2024-03-18 09:00:00+09:00,5560.0,5600.0,5530.0,5580.0,104300,0.0,0.0
2024-03-18 10:00:00+09:00,5580.0,5630.0,5580.0,5620.0,44400,0.0,0.0
2024-03-18 11:00:00+09:00,5620.0,5630.0,5590.0,5600.0,0,0.0,0.0
2024-03-18 12:00:00+09:00,5600.0,5610.0,5590.0,5610.0,174800,0.0,0.0
2024-03-18 13:00:00+09:00,5600.0,5610.0,5590.0,5610.0,22200,0.0,0.0
2024-03-18 14:00:00+09:00,5620.0,5640.0,5610.0,5620.0,38000,0.0,0.0
2024-03-19 09:00:00+09:00,5630.0,5650.0,5590.0,5600.0,69000,0.0,0.0
2024-03-19 10:00:00+09:00,5600.0,5610.0,5570.0,5600.0,35000,0.0,0.0
2024-03-19 11:00:00+09:00,5600.0,5640.0,5600.0,5640.0,0,0.0,0.0
2024-03-19 12:00:00+09:00,5640.0,5670.0,5610.0,5660.0,178900,0.0,0.0
2024-03-19 13:00:00+09:00,5660.0,5680.0,5630.0,5670.0,41800,0.0,0.0
2024-03-19 14:00:00+09:00,5670.0,5680.0,5650.0,5670.0,35400,0.0,0.0
2024-03-21 09:00:00+09:00,5790.0,5910.0,5790.0,5880.0,138500,0.0,0.0
2024-03-21 10:00:00+09:00,5880.0,5880.0,5800.0,5830.0,47100,0.0,0.0
2024-03-21 11:00:00+09:00,5830.0,5830.0,5810.0,5830.0,0,0.0,0.0
2024-03-21 12:00:00+09:00,5830.0,5830.0,5760.0,5800.0,275400,0.0,0.0
2024-03-21 13:00:00+09:00,5790.0,5800.0,5780.0,5800.0,21700,0.0,0.0
2024-03-21 14:00:00+09:00,5800.0,5800.0,5770.0,5780.0,33300,0.0,0.0
2024-03-22 09:00:00+09:00,5770.0,5790.0,5690.0,5770.0,83200,0.0,0.0
2024-03-22 10:00:00+09:00,5770.0,5780.0,5750.0,5760.0,47300,0.0,0.0
2024-03-22 11:00:00+09:00,5760.0,5770.0,5750.0,5760.0,0,0.0,0.0
2024-03-22 12:00:00+09:00,5770.0,5770.0,5740.0,5770.0,177600,0.0,0.0
2024-03-22 13:00:00+09:00,5770.0,5810.0,5760.0,5810.0,32400,0.0,0.0
2024-03-22 14:00:00+09:00,5820.0,5840.0,5810.0,5820.0,42200,0.0,0.0
2024-03-25 09:00:00+09:00,5790.0,5840.0,5780.0,5790.0,44100,0.0,0.0
2024-03-25 10:00:00+09:00,5790.0,5790.0,5740.0,5780.0,38500,0.0,0.0
2024-03-25 11:00:00+09:00,5770.0,5770.0,5710.0,5740.0,0,0.0,0.0
2024-03-25 12:00:00+09:00,5740.0,5760.0,5730.0,5750.0,124600,0.0,0.0
2024-03-25 13:00:00+09:00,5750.0,5780.0,5740.0,5770.0,16400,0.0,0.0
2024-03-25 14:00:00+09:00,5780.0,5790.0,5730.0,5730.0,37600,0.0,0.0
2024-03-26 09:00:00+09:00,5790.0,5820.0,5750.0,5800.0,53400,0.0,0.0
2024-03-26 10:00:00+09:00,5810.0,5840.0,5810.0,5840.0,36700,0.0,0.0
2024-03-26 11:00:00+09:00,5840.0,5860.0,5840.0,5860.0,0,0.0,0.0
2024-03-26 12:00:00+09:00,5860.0,5880.0,5840.0,5860.0,133800,0.0,0.0
2024-03-26 13:00:00+09:00,5850.0,5860.0,5830.0,5830.0,41100,0.0,0.0
2024-03-26 14:00:00+09:00,5830.0,5860.0,5830.0,5850.0,50100,0.0,0.0
2024-03-27 09:00:00+09:00,5860.0,5900.0,5820.0,5890.0,53900,0.0,0.0
2024-03-27 10:00:00+09:00,5900.0,5950.0,5880.0,5950.0,46100,0.0,0.0
2024-03-27 11:00:00+09:00,5950.0,5950.0,5920.0,5940.0,0,0.0,0.0
2024-03-27 12:00:00+09:00,5940.0,5980.0,5930.0,5960.0,175900,0.0,0.0
2024-03-27 13:00:00+09:00,5960.0,5970.0,5930.0,5960.0,23200,0.0,0.0
2024-03-27 14:00:00+09:00,5970.0,5970.0,5930.0,5930.0,42400,0.0,0.0
2024-03-28 09:00:00+09:00,5960.0,6050.0,5940.0,6040.0,91100,0.0,0.0
2024-03-28 10:00:00+09:00,6050.0,6080.0,6010.0,6040.0,59800,0.0,0.0
2024-03-28 11:00:00+09:00,6040.0,6070.0,6020.0,6070.0,0,0.0,0.0
2024-03-28 12:00:00+09:00,6080.0,6150.0,6060.0,6080.0,246500,0.0,0.0
2024-03-28 13:00:00+09:00,6090.0,6100.0,6040.0,6050.0,51600,0.0,0.0
2024-03-28 14:00:00+09:00,6050.0,6070.0,6020.0,6060.0,59200,0.0,0.0
2024-03-29 09:00:00+09:00,6030.0,6090.0,6020.0,6050.0,84600,0.0,0.0
2024-03-29 10:00:00+09:00,6050.0,6080.0,6040.0,6080.0,38900,0.0,0.0
2024-03-29 11:00:00+09:00,6090.0,6130.0,6090.0,6130.0,0,0.0,0.0
2024-03-29 12:00:00+09:00,6130.0,6170.0,6110.0,6150.0,190500,0.0,0.0
2024-03-29 13:00:00+09:00,6150.0,6180.0,6120.0,6140.0,68400,0.0,0.0
2024-03-29 14:00:00+09:00,6140.0,6150.0,6100.0,6120.0,66700,0.0,0.0
2024-04-01 09:00:00+09:00,6200.0,6210.0,6120.0,6170.0,113900,0.0,0.0
2024-04-01 10:00:00+09:00,6160.0,6170.0,6000.0,6010.0,108900,0.0,0.0
2024-04-01 11:00:00+09:00,6010.0,6010.0,5960.0,5980.0,0,0.0,0.0
2024-04-01 12:00:00+09:00,5970.0,6050.0,5910.0,6050.0,309000,0.0,0.0
2024-04-01 13:00:00+09:00,6050.0,6060.0,6010.0,6030.0,36500,0.0,0.0
2024-04-01 14:00:00+09:00,6030.0,6040.0,5990.0,6000.0,55300,0.0,0.0
2024-04-02 09:00:00+09:00,5990.0,6030.0,5920.0,6000.0,118900,0.0,0.0
2024-04-02 10:00:00+09:00,6000.0,6000.0,5960.0,6000.0,28100,0.0,0.0
2024-04-02 11:00:00+09:00,6000.0,6000.0,5950.0,5950.0,0,0.0,0.0
2024-04-02 12:00:00+09:00,5980.0,5990.0,5900.0,5930.0,206400,0.0,0.0
2024-04-02 13:00:00+09:00,5930.0,5940.0,5900.0,5940.0,74600,0.0,0.0
2024-04-02 14:00:00+09:00,5930.0,5950.0,5900.0,5920.0,47000,0.0,0.0
2024-04-03 09:00:00+09:00,5870.0,6010.0,5830.0,5970.0,100000,0.0,0.0
2024-04-03 10:00:00+09:00,5970.0,5970.0,5880.0,5910.0,41800,0.0,0.0
2024-04-03 11:00:00+09:00,5910.0,5920.0,5890.0,5920.0,0,0.0,0.0
2024-04-03 12:00:00+09:00,5920.0,5980.0,5920.0,5970.0,183500,0.0,0.0
2024-04-03 13:00:00+09:00,5960.0,5960.0,5920.0,5950.0,20400,0.0,0.0
2024-04-03 14:00:00+09:00,5950.0,5950.0,5920.0,5930.0,44100,0.0,0.0
2024-04-04 09:00:00+09:00,5980.0,6050.0,5940.0,6030.0,58300,0.0,0.0
2024-04-04 10:00:00+09:00,6030.0,6060.0,6010.0,6030.0,30400,0.0,0.0
2024-04-04 11:00:00+09:00,6040.0,6060.0,6030.0,6060.0,0,0.0,0.0
2024-04-04 12:00:00+09:00,6060.0,6080.0,6050.0,6070.0,140700,0.0,0.0
2024-04-04 13:00:00+09:00,6070.0,6110.0,6060.0,6080.0,33400,0.0,0.0
2024-04-04 14:00:00+09:00,6070.0,6080.0,6030.0,6050.0,49800,0.0,0.0
2024-04-05 09:00:00+09:00,5920.0,5960.0,5890.0,5900.0,115200,0.0,0.0
2024-04-05 10:00:00+09:00,5900.0,5910.0,5850.0,5880.0,68000,0.0,0.0
2024-04-05 11:00:00+09:00,5890.0,5910.0,5880.0,5900.0,0,0.0,0.0
2024-04-05 12:00:00+09:00,5870.0,5950.0,5870.0,5950.0,234800,0.0,0.0
2024-04-05 13:00:00+09:00,5940.0,5940.0,5900.0,5900.0,53700,0.0,0.0
2024-04-05 14:00:00+09:00,5910.0,5940.0,5910.0,5920.0,49200,0.0,0.0
2024-04-08 09:00:00+09:00,6000.0,6030.0,5950.0,6020.0,95300,0.0,0.0
2024-04-08 10:00:00+09:00,6010.0,6050.0,5970.0,6050.0,43800,0.0,0.0
2024-04-08 11:00:00+09:00,6050.0,6070.0,6050.0,6060.0,0,0.0,0.0
2024-04-08 12:00:00+09:00,6030.0,6040.0,5950.0,5980.0,210000,0.0,0.0
2024-04-08 13:00:00+09:00,5980.0,6010.0,5980.0,6010.0,37900,0.0,0.0
2024-04-08 14:00:00+09:00,6010.0,6020.0,5970.0,6010.0,50500,0.0,0.0
2024-04-09 09:00:00+09:00,6040.0,6040.0,5980.0,6000.0,47700,0.0,0.0
2024-04-09 10:00:00+09:00,6000.0,6000.0,5980.0,5980.0,17400,0.0,0.0
2024-04-09 11:00:00+09:00,5980.0,5990.0,5960.0,5990.0,0,0.0,0.0
2024-04-09 12:00:00+09:00,5980.0,5990.0,5970.0,5990.0,89700,0.0,0.0
2024-04-09 13:00:00+09:00,5990.0,5990.0,5940.0,5940.0,36900,0.0,0.0
2024-04-09 14:00:00+09:00,5940.0,5980.0,5930.0,5970.0,42000,0.0,0.0
2024-04-10 09:00:00+09:00,5950.0,5950.0,5900.0,5920.0,48500,0.0,0.0
2024-04-10 10:00:00+09:00,5920.0,5980.0,5920.0,5980.0,36300,0.0,0.0
2024-04-10 11:00:00+09:00,5980.0,6000.0,5980.0,5990.0,0,0.0,0.0
2024-04-10 12:00:00+09:00,5990.0,5990.0,5950.0,5950.0,121600,0.0,0.0
2024-04-10 13:00:00+09:00,5950.0,5980.0,5950.0,5980.0,13200,0.0,0.0
2024-04-10 14:00:00+09:00,5980.0,5990.0,5960.0,5980.0,45500,0.0,0.0
2024-04-11 09:00:00+09:00,5920.0,6000.0,5920.0,6000.0,64300,0.0,0.0
2024-04-11 10:00:00+09:00,6000.0,6030.0,5980.0,6000.0,43500,0.0,0.0
2024-04-11 11:00:00+09:00,6000.0,6010.0,6000.0,6010.0,0,0.0,0.0
2024-04-11 12:00:00+09:00,6010.0,6040.0,6010.0,6040.0,150200,0.0,0.0
2024-04-11 13:00:00+09:00,6040.0,6070.0,6030.0,6070.0,30900,0.0,0.0
2024-04-11 14:00:00+09:00,6070.0,6090.0,6050.0,6090.0,47300,0.0,0.0
2024-04-12 09:00:00+09:00,6100.0,6130.0,6060.0,6100.0,98900,0.0,0.0
2024-04-12 10:00:00+09:00,6100.0,6130.0,6060.0,6130.0,43400,0.0,0.0
2024-04-12 11:00:00+09:00,6120.0,6120.0,6110.0,6110.0,0,0.0,0.0
2024-04-12 12:00:00+09:00,6130.0,6180.0,6090.0,6100.0,246900,0.0,0.0
2024-04-12 13:00:00+09:00,6090.0,6100.0,6050.0,6050.0,65700,0.0,0.0
2024-04-12 14:00:00+09:00,6050.0,6070.0,6010.0,6050.0,89000,0.0,0.0
2024-04-15 09:00:00+09:00,6000.0,6170.0,5870.0,6000.0,553300,0.0,0.0
2024-04-15 10:00:00+09:00,6000.0,6000.0,5780.0,5910.0,240600,0.0,0.0
2024-04-15 11:00:00+09:00,5910.0,5990.0,5910.0,5960.0,0,0.0,0.0
2024-04-15 12:00:00+09:00,5960.0,5990.0,5920.0,5990.0,941400,0.0,0.0
2024-04-15 13:00:00+09:00,5990.0,6040.0,5860.0,5870.0,158300,0.0,0.0
2024-04-15 14:00:00+09:00,5870.0,5970.0,5870.0,5960.0,170200,0.0,0.0
2024-04-16 09:00:00+09:00,5920.0,6070.0,5880.0,6030.0,175000,0.0,0.0
2024-04-16 10:00:00+09:00,6020.0,6020.0,5910.0,5920.0,86900,0.0,0.0
2024-04-16 11:00:00+09:00,5910.0,5920.0,5820.0,5840.0,0,0.0,0.0
2024-04-16 12:00:00+09:00,5850.0,5870.0,5800.0,5850.0,370800,0.0,0.0
2024-04-16 13:00:00+09:00,5850.0,5850.0,5800.0,5840.0,70500,0.0,0.0
2024-04-16 14:00:00+09:00,5840.0,5880.0,5810.0,5810.0,82500,0.0,0.0
2024-04-17 09:00:00+09:00,5880.0,5910.0,5660.0,5720.0,137600,0.0,0.0
2024-04-17 10:00:00+09:00,5710.0,5750.0,5700.0,5740.0,35200,0.0,0.0
2024-04-17 11:00:00+09:00,5750.0,5760.0,5730.0,5740.0,0,0.0,0.0
2024-04-17 12:00:00+09:00,5740.0,5770.0,5720.0,5750.0,225900,0.0,0.0
2024-04-17 13:00:00+09:00,5760.0,5760.0,5720.0,5730.0,42300,0.0,0.0
2024-04-17 14:00:00+09:00,5730.0,5750.0,5700.0,5730.0,68000,0.0,0.0
2024-04-18 09:00:00+09:00,5520.0,5670.0,5470.0,5650.0,166100,0.0,0.0
2024-04-18 10:00:00+09:00,5650.0,5720.0,5650.0,5720.0,48200,0.0,0.0
2024-04-18 11:00:00+09:00,5720.0,5730.0,5700.0,5730.0,0,0.0,0.0
2024-04-18 12:00:00+09:00,5750.0,5770.0,5720.0,5750.0,276700,0.0,0.0
2024-04-18 13:00:00+09:00,5750.0,5760.0,5730.0,5750.0,59600,0.0,0.0
2024-04-18 14:00:00+09:00,5750.0,5760.0,5720.0,5720.0,70100,0.0,0.0
2024-04-19 09:00:00+09:00,5690.0,5760.0,5630.0,5640.0,90800,0.0,0.0
2024-04-19 10:00:00+09:00,5640.0,5670.0,5600.0,5670.0,65500,0.0,0.0
2024-04-19 11:00:00+09:00,5670.0,5670.0,5580.0,5620.0,0,0.0,0.0
2024-04-19 12:00:00+09:00,5640.0,5760.0,5640.0,5750.0,247300,0.0,0.0
2024-04-19 13:00:00+09:00,5750.0,5780.0,5700.0,5710.0,64500,0.0,0.0
2024-04-19 14:00:00+09:00,5720.0,5720.0,5660.0,5680.0,46400,0.0,0.0
2024-04-22 09:00:00+09:00,5700.0,5810.0,5680.0,5720.0,61700,0.0,0.0
2024-04-22 10:00:00+09:00,5710.0,5760.0,5700.0,5710.0,30500,0.0,0.0
2024-04-22 11:00:00+09:00,5720.0,5740.0,5710.0,5730.0,0,0.0,0.0
2024-04-22 12:00:00+09:00,5700.0,5720.0,5640.0,5680.0,141600,0.0,0.0
2024-04-22 13:00:00+09:00,5670.0,5710.0,5660.0,5710.0,25000,0.0,0.0
2024-04-22 14:00:00+09:00,5710.0,5740.0,5670.0,5740.0,46800,0.0,0.0
2024-04-23 09:00:00+09:00,5870.0,5890.0,5810.0,5840.0,118600,0.0,0.0
2024-04-23 10:00:00+09:00,5850.0,5850.0,5780.0,5790.0,44600,0.0,0.0
2024-04-23 11:00:00+09:00,5790.0,5840.0,5790.0,5840.0,0,0.0,0.0
2024-04-23 12:00:00+09:00,5840.0,5890.0,5820.0,5850.0,251100,0.0,0.0
2024-04-23 13:00:00+09:00,5850.0,5870.0,5840.0,5860.0,35300,0.0,0.0
2024-04-23 14:00:00+09:00,5860.0,5970.0,5850.0,5930.0,153300,0.0,0.0
2024-04-24 09:00:00+09:00,6020.0,6090.0,5980.0,6040.0,137900,0.0,0.0
2024-04-24 10:00:00+09:00,6040.0,6130.0,6040.0,6130.0,100700,0.0,0.0
2024-04-24 11:00:00+09:00,6130.0,6160.0,6130.0,6140.0,0,0.0,0.0
2024-04-24 12:00:00+09:00,6140.0,6140.0,6090.0,6130.0,321100,0.0,0.0
2024-04-24 13:00:00+09:00,6130.0,6220.0,6130.0,6180.0,129600,0.0,0.0
2024-04-24 14:00:00+09:00,6190.0,6200.0,6150.0,6190.0,66500,0.0,0.0
2024-04-25 09:00:00+09:00,6150.0,6160.0,5980.0,6010.0,165800,0.0,0.0
2024-04-25 10:00:00+09:00,6010.0,6020.0,5920.0,5950.0,101100,0.0,0.0
2024-04-25 11:00:00+09:00,5940.0,5980.0,5930.0,5980.0,0,0.0,0.0
2024-04-25 12:00:00+09:00,5970.0,5970.0,5880.0,5880.0,365200,0.0,0.0
2024-04-25 13:00:00+09:00,5890.0,5930.0,5860.0,5870.0,82400,0.0,0.0
2024-04-25 14:00:00+09:00,5870.0,5870.0,5850.0,5850.0,124600,0.0,0.0
2024-04-26 09:00:00+09:00,5780.0,5810.0,5720.0,5780.0,86300,0.0,0.0
2024-04-26 10:00:00+09:00,5780.0,5850.0,5770.0,5820.0,38100,0.0,0.0
2024-04-26 11:00:00+09:00,5820.0,5850.0,5820.0,5830.0,0,0.0,0.0
2024-04-26 12:00:00+09:00,5870.0,5930.0,5850.0,5880.0,186500,0.0,0.0
2024-04-26 13:00:00+09:00,5890.0,5920.0,5860.0,5910.0,36400,0.0,0.0
2024-04-26 14:00:00+09:00,5910.0,5910.0,5870.0,5880.0,55800,0.0,0.0
2024-04-30 09:00:00+09:00,5980.0,6070.0,5920.0,6050.0,139500,0.0,0.0
2024-04-30 10:00:00+09:00,6040.0,6060.0,6030.0,6050.0,27300,0.0,0.0
2024-04-30 11:00:00+09:00,6040.0,6040.0,6030.0,6040.0,0,0.0,0.0
2024-04-30 12:00:00+09:00,6050.0,6080.0,6040.0,6060.0,228400,0.0,0.0
2024-04-30 13:00:00+09:00,6060.0,6060.0,6010.0,6020.0,28300,0.0,0.0
2024-04-30 14:00:00+09:00,6010.0,6030.0,5980.0,6020.0,31100,0.0,0.0
2024-05-01 09:00:00+09:00,5940.0,5950.0,5870.0,5880.0,104100,0.0,0.0
2024-05-01 10:00:00+09:00,5890.0,5930.0,5890.0,5900.0,29800,0.0,0.0
2024-05-01 11:00:00+09:00,5900.0,5900.0,5880.0,5890.0,0,0.0,0.0
2024-05-01 12:00:00+09:00,5890.0,5920.0,5890.0,5920.0,164100,0.0,0.0
2024-05-01 13:00:00+09:00,5920.0,5920.0,5880.0,5900.0,25500,0.0,0.0
2024-05-01 14:00:00+09:00,5910.0,5910.0,5870.0,5890.0,39200,0.0,0.0
2024-05-02 09:00:00+09:00,5830.0,5870.0,5820.0,5860.0,46400,0.0,0.0
2024-05-02 10:00:00+09:00,5850.0,5860.0,5820.0,5850.0,29100,0.0,0.0
2024-05-02 11:00:00+09:00,5850.0,5870.0,5850.0,5860.0,0,0.0,0.0
2024-05-02 12:00:00+09:00,5870.0,5890.0,5860.0,5890.0,103200,0.0,0.0
2024-05-02 13:00:00+09:00,5880.0,5880.0,5850.0,5880.0,18200,0.0,0.0
2024-05-02 14:00:00+09:00,5880.0,5890.0,5830.0,5840.0,44900,0.0,0.0
2024-05-07 09:00:00+09:00,5920.0,5930.0,5860.0,5900.0,46200,0.0,0.0
2024-05-07 10:00:00+09:00,5910.0,5960.0,5900.0,5950.0,39000,0.0,0.0
2024-05-07 11:00:00+09:00,5950.0,5950.0,5890.0,5910.0,0,0.0,0.0
2024-05-07 12:00:00+09:00,5910.0,5930.0,5910.0,5930.0,104500,0.0,0.0
2024-05-07 13:00:00+09:00,5930.0,5950.0,5930.0,5940.0,15100,0.0,0.0
2024-05-07 14:00:00+09:00,5930.0,5930.0,5870.0,5880.0,59100,0.0,0.0
2024-05-08 09:00:00+09:00,5910.0,5960.0,5900.0,5950.0,56800,0.0,0.0
2024-05-08 10:00:00+09:00,5940.0,5980.0,5930.0,5960.0,40300,0.0,0.0
2024-05-08 11:00:00+09:00,5960.0,5970.0,5930.0,5930.0,0,0.0,0.0
2024-05-08 12:00:00+09:00,5940.0,6030.0,5940.0,6030.0,155100,0.0,0.0
2024-05-08 13:00:00+09:00,6020.0,6070.0,6020.0,6060.0,50100,0.0,0.0
2024-05-08 14:00:00+09:00,6060.0,6160.0,6060.0,6110.0,126700,0.0,0.0
2024-05-09 09:00:00+09:00,6280.0,6440.0,6180.0,6430.0,262400,0.0,0.0
2024-05-09 10:00:00+09:00,6430.0,6480.0,6370.0,6400.0,99800,0.0,0.0
2024-05-09 11:00:00+09:00,6400.0,6440.0,6400.0,6420.0,0,0.0,0.0
2024-05-09 12:00:00+09:00,6420.0,6420.0,6340.0,6370.0,432000,0.0,0.0
2024-05-09 13:00:00+09:00,6380.0,6460.0,6380.0,6440.0,51800,0.0,0.0
2024-05-09 14:00:00+09:00,6440.0,6450.0,6410.0,6430.0,64600,0.0,0.0
2024-05-10 09:00:00+09:00,6450.0,6600.0,6400.0,6570.0,151100,0.0,0.0
2024-05-10 10:00:00+09:00,6570.0,6570.0,6480.0,6560.0,97500,0.0,0.0
2024-05-10 11:00:00+09:00,6570.0,6610.0,6570.0,6580.0,0,0.0,0.0
2024-05-10 12:00:00+09:00,6580.0,6630.0,6560.0,6630.0,364400,0.0,0.0
2024-05-10 13:00:00+09:00,6630.0,6690.0,6590.0,6660.0,109000,0.0,0.0
2024-05-10 14:00:00+09:00,6650.0,6700.0,6640.0,6700.0,89500,0.0,0.0
2024-05-13 09:00:00+09:00,6600.0,6620.0,6470.0,6490.0,131300,0.0,0.0
2024-05-13 10:00:00+09:00,6490.0,6510.0,6430.0,6440.0,69900,0.0,0.0
2024-05-13 11:00:00+09:00,6440.0,6470.0,6430.0,6440.0,0,0.0,0.0
2024-05-13 12:00:00+09:00,6440.0,6460.0,6430.0,6440.0,254700,0.0,0.0
2024-05-13 13:00:00+09:00,6440.0,6440.0,6380.0,6400.0,46900,0.0,0.0
2024-05-13 14:00:00+09:00,6410.0,6440.0,6400.0,6400.0,44400,0.0,0.0
2024-05-14 09:00:00+09:00,6460.0,6480.0,6340.0,6340.0,71100,0.0,0.0
2024-05-14 10:00:00+09:00,6340.0,6350.0,6260.0,6290.0,60400,0.0,0.0
2024-05-14 11:00:00+09:00,6290.0,6300.0,6260.0,6280.0,0,0.0,0.0
2024-05-14 12:00:00+09:00,6290.0,6320.0,6270.0,6300.0,180500,0.0,0.0
2024-05-14 13:00:00+09:00,6310.0,6310.0,6270.0,6290.0,28600,0.0,0.0
2024-05-14 14:00:00+09:00,6290.0,6330.0,6280.0,6300.0,39600,0.0,0.0
2024-05-15 09:00:00+09:00,6330.0,6380.0,6280.0,6290.0,34800,0.0,0.0
2024-05-15 10:00:00+09:00,6290.0,6320.0,6290.0,6290.0,16100,0.0,0.0
2024-05-15 11:00:00+09:00,6290.0,6290.0,6280.0,6290.0,0,0.0,0.0
2024-05-15 12:00:00+09:00,6290.0,6310.0,6290.0,6300.0,78900,0.0,0.0
2024-05-15 13:00:00+09:00,6300.0,6320.0,6290.0,6300.0,14600,0.0,0.0
2024-05-15 14:00:00+09:00,6300.0,6310.0,6280.0,6290.0,23900,0.0,0.0
2024-05-16 09:00:00+09:00,6330.0,6360.0,6130.0,6170.0,84000,0.0,0.0
2024-05-16 10:00:00+09:00,6170.0,6220.0,6160.0,6210.0,20300,0.0,0.0
2024-05-16 11:00:00+09:00,6210.0,6240.0,6190.0,6240.0,0,0.0,0.0
2024-05-16 12:00:00+09:00,6230.0,6280.0,6230.0,6260.0,139800,0.0,0.0
2024-05-16 13:00:00+09:00,6260.0,6280.0,6200.0,6220.0,29600,0.0,0.0
2024-05-16 14:00:00+09:00,6210.0,6240.0,6200.0,6210.0,23200,0.0,0.0
2024-05-17 09:00:00+09:00,6200.0,6240.0,6150.0,6170.0,39400,0.0,0.0
2024-05-17 10:00:00+09:00,6180.0,6240.0,6180.0,6230.0,17300,0.0,0.0
2024-05-17 11:00:00+09:00,6240.0,6240.0,6200.0,6200.0,0,0.0,0.0
2024-05-17 12:00:00+09:00,6200.0,6210.0,6180.0,6200.0,82100,0.0,0.0
2024-05-17 13:00:00+09:00,6200.0,6200.0,6180.0,6190.0,18300,0.0,0.0
2024-05-17 14:00:00+09:00,6190.0,6190.0,6160.0,6170.0,24700,0.0,0.0
2024-05-20 09:00:00+09:00,6360.0,6370.0,6270.0,6350.0,136800,0.0,0.0
2024-05-20 10:00:00+09:00,6350.0,6410.0,6340.0,6350.0,63500,0.0,0.0
2024-05-20 11:00:00+09:00,6350.0,6360.0,6330.0,6340.0,0,0.0,0.0
2024-05-20 12:00:00+09:00,6350.0,6370.0,6320.0,6350.0,250500,0.0,0.0
2024-05-20 13:00:00+09:00,6340.0,6340.0,6310.0,6330.0,21900,0.0,0.0
2024-05-20 14:00:00+09:00,6330.0,6360.0,6310.0,6320.0,58300,0.0,0.0
2024-05-21 09:00:00+09:00,6330.0,6350.0,6250.0,6270.0,99000,0.0,0.0
2024-05-21 10:00:00+09:00,6270.0,6300.0,6250.0,6280.0,31100,0.0,0.0
2024-05-21 11:00:00+09:00,6280.0,6290.0,6270.0,6290.0,0,0.0,0.0
2024-05-21 12:00:00+09:00,6290.0,6330.0,6280.0,6300.0,183400,0.0,0.0
2024-05-21 13:00:00+09:00,6310.0,6340.0,6290.0,6320.0,60900,0.0,0.0
2024-05-21 14:00:00+09:00,6330.0,6330.0,6300.0,6300.0,38400,0.0,0.0
2024-05-22 09:00:00+09:00,6300.0,6310.0,6200.0,6220.0,66100,0.0,0.0
2024-05-22 10:00:00+09:00,6220.0,6240.0,6210.0,6230.0,24400,0.0,0.0
2024-05-22 11:00:00+09:00,6230.0,6230.0,6210.0,6230.0,0,0.0,0.0
2024-05-22 12:00:00+09:00,6230.0,6230.0,6190.0,6210.0,123800,0.0,0.0
2024-05-22 13:00:00+09:00,6210.0,6210.0,6190.0,6190.0,22600,0.0,0.0
2024-05-22 14:00:00+09:00,6190.0,6200.0,6180.0,6190.0,36200,0.0,0.0
2024-05-23 09:00:00+09:00,6190.0,6230.0,6160.0,6190.0,52000,0.0,0.0
2024-05-23 10:00:00+09:00,6190.0,6210.0,6180.0,6190.0,20300,0.0,0.0
2024-05-23 11:00:00+09:00,6190.0,6200.0,6170.0,6190.0,0,0.0,0.0
2024-05-23 12:00:00+09:00,6200.0,6240.0,6190.0,6220.0,111300,0.0,0.0
2024-05-23 13:00:00+09:00,6220.0,6220.0,6180.0,6200.0,30100,0.0,0.0
2024-05-23 14:00:00+09:00,6200.0,6220.0,6190.0,6210.0,25300,0.0,0.0
2024-05-24 09:00:00+09:00,6080.0,6150.0,6080.0,6150.0,73800,0.0,0.0
2024-05-24 10:00:00+09:00,6150.0,6180.0,6140.0,6140.0,35500,0.0,0.0
2024-05-24 11:00:00+09:00,6150.0,6200.0,6150.0,6200.0,0,0.0,0.0
2024-05-24 12:00:00+09:00,6190.0,6230.0,6160.0,6160.0,144100,0.0,0.0
2024-05-24 13:00:00+09:00,6170.0,6200.0,6170.0,6170.0,32100,0.0,0.0
2024-05-24 14:00:00+09:00,6170.0,6190.0,6100.0,6100.0,122400,0.0,0.0
2024-05-27 09:00:00+09:00,6200.0,6240.0,6150.0,6240.0,70700,0.0,0.0
2024-05-27 10:00:00+09:00,6240.0,6260.0,6220.0,6260.0,21900,0.0,0.0
2024-05-27 11:00:00+09:00,6260.0,6270.0,6210.0,6250.0,0,0.0,0.0
2024-05-27 12:00:00+09:00,6220.0,6240.0,6220.0,6240.0,124500,0.0,0.0
2024-05-27 13:00:00+09:00,6240.0,6240.0,6190.0,6190.0,28400,0.0,0.0
2024-05-27 14:00:00+09:00,6200.0,6250.0,6190.0,6240.0,35800,0.0,0.0
2024-05-28 09:00:00+09:00,6300.0,6310.0,6150.0,6190.0,75100,0.0,0.0
2024-05-28 10:00:00+09:00,6200.0,6200.0,6110.0,6140.0,69200,0.0,0.0
2024-05-28 11:00:00+09:00,6140.0,6150.0,6130.0,6140.0,0,0.0,0.0
2024-05-28 12:00:00+09:00,6160.0,6160.0,6140.0,6150.0,180300,0.0,0.0
2024-05-28 13:00:00+09:00,6150.0,6170.0,6140.0,6140.0,15400,0.0,0.0
2024-05-28 14:00:00+09:00,6140.0,6170.0,6100.0,6140.0,118000,0.0,0.0
2024-05-29 09:00:00+09:00,6160.0,6170.0,6100.0,6100.0,51200,0.0,0.0
2024-05-29 10:00:00+09:00,6100.0,6120.0,6070.0,6080.0,42100,0.0,0.0
2024-05-29 11:00:00+09:00,6080.0,6120.0,6080.0,6100.0,0,0.0,0.0
2024-05-29 12:00:00+09:00,6100.0,6100.0,6070.0,6070.0,119800,0.0,0.0
2024-05-29 13:00:00+09:00,6080.0,6110.0,6070.0,6080.0,24000,0.0,0.0
2024-05-29 14:00:00+09:00,6080.0,6090.0,6050.0,6060.0,32800,0.0,0.0
2024-05-30 09:00:00+09:00,6030.0,6040.0,5940.0,5950.0,69500,0.0,0.0
2024-05-30 10:00:00+09:00,5940.0,6060.0,5940.0,6040.0,22400,0.0,0.0
2024-05-30 11:00:00+09:00,6040.0,6090.0,6040.0,6090.0,0,0.0,0.0
2024-05-30 12:00:00+09:00,6100.0,6120.0,6100.0,6100.0,109300,0.0,0.0
2024-05-30 13:00:00+09:00,6110.0,6110.0,6060.0,6070.0,18200,0.0,0.0
2024-05-30 14:00:00+09:00,6070.0,6070.0,6000.0,6010.0,38600,0.0,0.0
2024-05-31 09:00:00+09:00,6000.0,6070.0,5980.0,6020.0,69800,0.0,0.0
2024-05-31 10:00:00+09:00,6020.0,6050.0,6010.0,6020.0,28500,0.0,0.0
2024-05-31 11:00:00+09:00,6020.0,6030.0,6000.0,6000.0,0,0.0,0.0
2024-05-31 12:00:00+09:00,6010.0,6050.0,6010.0,6040.0,139000,0.0,0.0
2024-05-31 13:00:00+09:00,6030.0,6090.0,6000.0,6090.0,37500,0.0,0.0
2024-05-31 14:00:00+09:00,6090.0,6110.0,6070.0,6070.0,69000,0.0,0.0
2024-06-03 09:00:00+09:00,6160.0,6180.0,6100.0,6110.0,55000,0.0,0.0
2024-06-03 10:00:00+09:00,6110.0,6140.0,6090.0,6140.0,25900,0.0,0.0
2024-06-03 11:00:00+09:00,6130.0,6130.0,6110.0,6110.0,0,0.0,0.0
2024-06-03 12:00:00+09:00,6120.0,6130.0,6080.0,6100.0,103700,0.0,0.0
2024-06-03 13:00:00+09:00,6090.0,6110.0,6090.0,6090.0,12400,0.0,0.0
2024-06-03 14:00:00+09:00,6090.0,6100.0,6080.0,6090.0,18000,0.0,0.0
2024-06-04 09:00:00+09:00,6040.0,6050.0,5950.0,5960.0,76400,0.0,0.0
2024-06-04 10:00:00+09:00,5960.0,5960.0,5880.0,5880.0,79700,0.0,0.0
2024-06-04 11:00:00+09:00,5880.0,5910.0,5870.0,5900.0,0,0.0,0.0
2024-06-04 12:00:00+09:00,5890.0,5930.0,5890.0,5920.0,198100,0.0,0.0
2024-06-04 13:00:00+09:00,5920.0,5930.0,5910.0,5910.0,19300,0.0,0.0
2024-06-04 14:00:00+09:00,5910.0,5920.0,5820.0,5820.0,146600,0.0,0.0
2024-06-05 09:00:00+09:00,5760.0,5770.0,5670.0,5690.0,124100,0.0,0.0
2024-06-05 10:00:00+09:00,5690.0,5700.0,5660.0,5680.0,49000,0.0,0.0
2024-06-05 11:00:00+09:00,5690.0,5720.0,5690.0,5700.0,0,0.0,0.0
2024-06-05 12:00:00+09:00,5710.0,5760.0,5710.0,5710.0,209200,0.0,0.0
2024-06-05 13:00:00+09:00,5720.0,5730.0,5690.0,5690.0,29400,0.0,0.0
2024-06-05 14:00:00+09:00,5690.0,5720.0,5690.0,5720.0,42700,0.0,0.0
2024-06-06 09:00:00+09:00,5740.0,5770.0,5640.0,5660.0,102000,0.0,0.0
2024-06-06 10:00:00+09:00,5650.0,5690.0,5640.0,5660.0,43600,0.0,0.0
2024-06-06 11:00:00+09:00,5660.0,5660.0,5650.0,5660.0,0,0.0,0.0
2024-06-06 12:00:00+09:00,5660.0,5670.0,5650.0,5650.0,169000,0.0,0.0
2024-06-06 13:00:00+09:00,5650.0,5660.0,5600.0,5630.0,59500,0.0,0.0
2024-06-06 14:00:00+09:00,5630.0,5670.0,5630.0,5660.0,27000,0.0,0.0
2024-06-07 09:00:00+09:00,5670.0,5700.0,5650.0,5680.0,58600,0.0,0.0
2024-06-07 10:00:00+09:00,5670.0,5680.0,5630.0,5640.0,28600,0.0,0.0
2024-06-07 11:00:00+09:00,5640.0,5660.0,5640.0,5660.0,0,0.0,0.0
2024-06-07 12:00:00+09:00,5650.0,5670.0,5640.0,5660.0,111600,0.0,0.0
2024-06-07 13:00:00+09:00,5660.0,5660.0,5640.0,5640.0,8100,0.0,0.0
2024-06-07 14:00:00+09:00,5640.0,5650.0,5620.0,5630.0,29000,0.0,0.0
2024-06-10 09:00:00+09:00,5720.0,5820.0,5680.0,5790.0,132100,0.0,0.0
2024-06-10 10:00:00+09:00,5780.0,5820.0,5770.0,5800.0,28500,0.0,0.0
2024-06-10 11:00:00+09:00,5790.0,5820.0,5790.0,5820.0,0,0.0,0.0
2024-06-10 12:00:00+09:00,5830.0,5840.0,5800.0,5810.0,210900,0.0,0.0
2024-06-10 13:00:00+09:00,5800.0,5820.0,5780.0,5810.0,31900,0.0,0.0
2024-06-10 14:00:00+09:00,5810.0,5810.0,5780.0,5810.0,30700,0.0,0.0
2024-06-11 09:00:00+09:00,5860.0,5970.0,5850.0,5950.0,115800,0.0,0.0
2024-06-11 10:00:00+09:00,5950.0,5960.0,5920.0,5950.0,42500,0.0,0.0
2024-06-11 11:00:00+09:00,5950.0,5950.0,5910.0,5920.0,0,0.0,0.0
2024-06-11 12:00:00+09:00,5930.0,5930.0,5910.0,5920.0,206800,0.0,0.0
2024-06-11 13:00:00+09:00,5920.0,5920.0,5890.0,5900.0,26700,0.0,0.0
2024-06-11 14:00:00+09:00,5900.0,5910.0,5870.0,5870.0,44000,0.0,0.0
2024-06-12 09:00:00+09:00,5770.0,5820.0,5760.0,5800.0,56700,0.0,0.0
2024-06-12 10:00:00+09:00,5810.0,5840.0,5790.0,5830.0,16200,0.0,0.0
2024-06-12 11:00:00+09:00,5820.0,5840.0,5820.0,5840.0,0,0.0,0.0
2024-06-12 12:00:00+09:00,5840.0,5850.0,5820.0,5840.0,95200,0.0,0.0
2024-06-12 13:00:00+09:00,5830.0,5830.0,5810.0,5810.0,18500,0.0,0.0
2024-06-12 14:00:00+09:00,5810.0,5810.0,5790.0,5790.0,27100,0.0,0.0
2024-06-13 09:00:00+09:00,5810.0,5820.0,5700.0,5750.0,68000,0.0,0.0
2024-06-13 10:00:00+09:00,5760.0,5770.0,5750.0,5750.0,20200,0.0,0.0
2024-06-13 11:00:00+09:00,5760.0,5770.0,5720.0,5720.0,0,0.0,0.0
2024-06-13 12:00:00+09:00,5720.0,5720.0,5700.0,5710.0,116900,0.0,0.0
2024-06-13 13:00:00+09:00,5710.0,5730.0,5680.0,5720.0,32200,0.0,0.0
2024-06-13 14:00:00+09:00,5710.0,5720.0,5680.0,5690.0,19300,0.0,0.0
2024-06-14 09:00:00+09:00,5590.0,5660.0,5570.0,5650.0,86900,0.0,0.0
2024-06-14 10:00:00+09:00,5650.0,5700.0,5650.0,5700.0,31100,0.0,0.0
2024-06-14 11:00:00+09:00,5700.0,5710.0,5680.0,5700.0,0,0.0,0.0
2024-06-14 12:00:00+09:00,5700.0,5780.0,5700.0,5780.0,166700,0.0,0.0
2024-06-14 13:00:00+09:00,5780.0,5790.0,5750.0,5770.0,43100,0.0,0.0
2024-06-14 14:00:00+09:00,5770.0,5790.0,5740.0,5740.0,32800,0.0,0.0
2024-06-17 09:00:00+09:00,5690.0,5730.0,5650.0,5720.0,60000,0.0,0.0
2024-06-17 10:00:00+09:00,5720.0,5720.0,5660.0,5680.0,38700,0.0,0.0
2024-06-17 11:00:00+09:00,5690.0,5700.0,5680.0,5690.0,0,0.0,0.0
2024-06-17 12:00:00+09:00,5690.0,5690.0,5620.0,5620.0,140700,0.0,0.0
2024-06-17 13:00:00+09:00,5620.0,5630.0,5590.0,5620.0,46200,0.0,0.0
2024-06-17 14:00:00+09:00,5620.0,5650.0,5610.0,5640.0,42600,0.0,0.0
2024-06-18 09:00:00+09:00,5710.0,5760.0,5710.0,5740.0,50400,0.0,0.0
2024-06-18 10:00:00+09:00,5730.0,5790.0,5730.0,5780.0,29400,0.0,0.0
2024-06-18 11:00:00+09:00,5780.0,5810.0,5780.0,5810.0,0,0.0,0.0
2024-06-18 12:00:00+09:00,5800.0,5800.0,5750.0,5790.0,118100,0.0,0.0
2024-06-18 13:00:00+09:00,5790.0,5790.0,5750.0,5760.0,16400,0.0,0.0
2024-06-18 14:00:00+09:00,5770.0,5790.0,5760.0,5790.0,31000,0.0,0.0
2024-06-19 09:00:00+09:00,5780.0,5830.0,5770.0,5800.0,35100,0.0,0.0
2024-06-19 10:00:00+09:00,5790.0,5800.0,5720.0,5720.0,26700,0.0,0.0
2024-06-19 11:00:00+09:00,5720.0,5730.0,5710.0,5730.0,0,0.0,0.0
2024-06-19 12:00:00+09:00,5730.0,5730.0,5710.0,5710.0,93600,0.0,0.0
2024-06-19 13:00:00+09:00,5720.0,5720.0,5700.0,5720.0,20900,0.0,0.0
2024-06-19 14:00:00+09:00,5710.0,5730.0,5710.0,5730.0,17900,0.0,0.0
2024-06-20 09:00:00+09:00,5720.0,5760.0,5680.0,5690.0,45100,0.0,0.0
2024-06-20 10:00:00+09:00,5690.0,5700.0,5670.0,5680.0,17200,0.0,0.0
2024-06-20 11:00:00+09:00,5680.0,5680.0,5660.0,5670.0,0,0.0,0.0
2024-06-20 12:00:00+09:00,5700.0,5700.0,5680.0,5700.0,84400,0.0,0.0
2024-06-20 13:00:00+09:00,5700.0,5720.0,5670.0,5710.0,25900,0.0,0.0
2024-06-20 14:00:00+09:00,5710.0,5760.0,5710.0,5740.0,37600,0.0,0.0
2024-06-21 09:00:00+09:00,5790.0,5820.0,5730.0,5730.0,50100,0.0,0.0
2024-06-21 10:00:00+09:00,5730.0,5730.0,5670.0,5700.0,36100,0.0,0.0
2024-06-21 11:00:00+09:00,5690.0,5700.0,5680.0,5690.0,0,0.0,0.0
2024-06-21 12:00:00+09:00,5680.0,5690.0,5670.0,5680.0,123700,0.0,0.0
2024-06-21 13:00:00+09:00,5680.0,5690.0,5660.0,5690.0,23900,0.0,0.0
2024-06-21 14:00:00+09:00,5690.0,5710.0,5680.0,5690.0,40900,0.0,0.0
2024-06-24 09:00:00+09:00,5730.0,5820.0,5730.0,5810.0,40500,0.0,0.0
2024-06-24 10:00:00+09:00,5810.0,5810.0,5770.0,5770.0,20700,0.0,0.0
2024-06-24 11:00:00+09:00,5770.0,5770.0,5740.0,5750.0,0,0.0,0.0
2024-06-24 12:00:00+09:00,5760.0,5760.0,5730.0,5730.0,80300,0.0,0.0
2024-06-24 13:00:00+09:00,5730.0,5750.0,5720.0,5730.0,22700,0.0,0.0
2024-06-24 14:00:00+09:00,5730.0,5740.0,5730.0,5730.0,24400,0.0,0.0
2024-06-25 09:00:00+09:00,5660.0,5720.0,5580.0,5630.0,163000,0.0,0.0
2024-06-25 10:00:00+09:00,5630.0,5710.0,5610.0,5700.0,28300,0.0,0.0
2024-06-25 11:00:00+09:00,5700.0,5700.0,5680.0,5680.0,0,0.0,0.0
2024-06-25 12:00:00+09:00,5680.0,5680.0,5640.0,5650.0,239400,0.0,0.0
2024-06-25 13:00:00+09:00,5650.0,5660.0,5640.0,5650.0,31400,0.0,0.0
2024-06-25 14:00:00+09:00,5660.0,5680.0,5630.0,5680.0,62000,0.0,0.0
2024-06-26 09:00:00+09:00,5700.0,5700.0,5620.0,5700.0,0,0.0,0.0
2024-06-26 10:00:00+09:00,5690.0,5700.0,5670.0,5690.0,102800,0.0,0.0
2024-06-26 11:00:00+09:00,5690.0,5690.0,5680.0,5680.0,0,0.0,0.0
2024-06-26 12:00:00+09:00,5680.0,5680.0,5620.0,5630.0,141100,0.0,0.0
2024-06-26 13:00:00+09:00,5630.0,5630.0,5600.0,5620.0,36800,0.0,0.0
2024-06-26 14:00:00+09:00,5620.0,5650.0,5620.0,5630.0,43900,0.0,0.0
2024-06-27 09:00:00+09:00,5620.0,5660.0,5600.0,5640.0,37900,0.0,0.0
2024-06-27 10:00:00+09:00,5640.0,5640.0,5580.0,5590.0,44900,0.0,0.0
2024-06-27 11:00:00+09:00,5590.0,5600.0,5590.0,5600.0,0,0.0,0.0
2024-06-27 12:00:00+09:00,5590.0,5610.0,5580.0,5610.0,108800,0.0,0.0
2024-06-27 13:00:00+09:00,5610.0,5610.0,5590.0,5610.0,17600,0.0,0.0
2024-06-27 14:00:00+09:00,5600.0,5620.0,5590.0,5590.0,33900,0.0,0.0
2024-06-28 09:00:00+09:00,5610.0,5680.0,5590.0,5670.0,56500,0.0,0.0
2024-06-28 10:00:00+09:00,5660.0,5670.0,5630.0,5660.0,21300,0.0,0.0
2024-06-28 11:00:00+09:00,5650.0,5670.0,5650.0,5670.0,0,0.0,0.0
2024-06-28 12:00:00+09:00,5670.0,5670.0,5640.0,5650.0,102800,0.0,0.0
2024-06-28 13:00:00+09:00,5650.0,5670.0,5640.0,5650.0,23600,0.0,0.0
2024-06-28 14:00:00+09:00,5640.0,5650.0,5630.0,5640.0,19300,0.0,0.0
2024-07-01 09:00:00+09:00,5730.0,5750.0,5700.0,5700.0,65900,0.0,0.0
2024-07-01 10:00:00+09:00,5700.0,5720.0,5690.0,5710.0,28600,0.0,0.0
2024-07-01 11:00:00+09:00,5720.0,5720.0,5700.0,5700.0,0,0.0,0.0
2024-07-01 12:00:00+09:00,5720.0,5720.0,5690.0,5710.0,120000,0.0,0.0
2024-07-01 13:00:00+09:00,5700.0,5720.0,5680.0,5700.0,22400,0.0,0.0
2024-07-01 14:00:00+09:00,5700.0,5720.0,5690.0,5720.0,40500,0.0,0.0
2024-07-02 09:00:00+09:00,5710.0,5770.0,5640.0,5670.0,115900,0.0,0.0
2024-07-02 10:00:00+09:00,5670.0,5710.0,5670.0,5690.0,32700,0.0,0.0
2024-07-02 11:00:00+09:00,5690.0,5690.0,5670.0,5690.0,0,0.0,0.0
2024-07-02 12:00:00+09:00,5690.0,5700.0,5660.0,5700.0,187800,0.0,0.0
2024-07-02 13:00:00+09:00,5700.0,5730.0,5690.0,5710.0,25900,0.0,0.0
2024-07-02 14:00:00+09:00,5710.0,5730.0,5700.0,5730.0,31900,0.0,0.0
2024-07-03 09:00:00+09:00,5720.0,5770.0,5720.0,5730.0,46900,0.0,0.0
2024-07-03 10:00:00+09:00,5730.0,5790.0,5710.0,5790.0,27200,0.0,0.0
2024-07-03 11:00:00+09:00,5790.0,5820.0,5790.0,5820.0,0,0.0,0.0
2024-07-03 12:00:00+09:00,5820.0,5830.0,5820.0,5820.0,111100,0.0,0.0
2024-07-03 13:00:00+09:00,5820.0,5830.0,5780.0,5790.0,24300,0.0,0.0
2024-07-03 14:00:00+09:00,5780.0,5800.0,5770.0,5780.0,33700,0.0,0.0
2024-07-04 09:00:00+09:00,5820.0,5830.0,5760.0,5790.0,68500,0.0,0.0
2024-07-04 10:00:00+09:00,5800.0,5800.0,5780.0,5800.0,22400,0.0,0.0
2024-07-04 11:00:00+09:00,5790.0,5790.0,5780.0,5790.0,0,0.0,0.0
2024-07-04 12:00:00+09:00,5780.0,5860.0,5780.0,5840.0,132600,0.0,0.0
2024-07-04 13:00:00+09:00,5850.0,5890.0,5850.0,5850.0,43200,0.0,0.0
2024-07-04 14:00:00+09:00,5840.0,5860.0,5840.0,5860.0,40200,0.0,0.0
2024-07-05 09:00:00+09:00,5860.0,5870.0,5820.0,5860.0,46200,0.0,0.0
2024-07-05 10:00:00+09:00,5870.0,5930.0,5870.0,5880.0,65600,0.0,0.0
2024-07-05 11:00:00+09:00,5890.0,5910.0,5890.0,5910.0,0,0.0,0.0
2024-07-05 12:00:00+09:00,5900.0,5900.0,5860.0,5880.0,144800,0.0,0.0
2024-07-05 13:00:00+09:00,5890.0,5900.0,5870.0,5870.0,29200,0.0,0.0
2024-07-05 14:00:00+09:00,5880.0,5890.0,5860.0,5860.0,47300,0.0,0.0
2024-07-08 09:00:00+09:00,5840.0,5880.0,5710.0,5830.0,115000,0.0,0.0
2024-07-08 10:00:00+09:00,5830.0,5850.0,5790.0,5800.0,30800,0.0,0.0
2024-07-08 11:00:00+09:00,5790.0,5820.0,5790.0,5820.0,0,0.0,0.0
2024-07-08 12:00:00+09:00,5830.0,5850.0,5820.0,5820.0,187000,0.0,0.0
2024-07-08 13:00:00+09:00,5820.0,5820.0,5800.0,5810.0,14900,0.0,0.0
2024-07-08 14:00:00+09:00,5800.0,5810.0,5790.0,5810.0,40500,0.0,0.0
2024-07-09 09:00:00+09:00,5850.0,5890.0,5790.0,5790.0,64200,0.0,0.0
2024-07-09 10:00:00+09:00,5790.0,5800.0,5700.0,5730.0,165000,0.0,0.0
2024-07-09 11:00:00+09:00,5730.0,5770.0,5730.0,5760.0,0,0.0,0.0
2024-07-09 12:00:00+09:00,5790.0,5800.0,5770.0,5790.0,290600,0.0,0.0
2024-07-09 13:00:00+09:00,5780.0,5790.0,5760.0,5780.0,25000,0.0,0.0
2024-07-09 14:00:00+09:00,5780.0,5780.0,5760.0,5760.0,31700,0.0,0.0
2024-07-10 09:00:00+09:00,5800.0,5800.0,5700.0,5720.0,65500,0.0,0.0
2024-07-10 10:00:00+09:00,5720.0,5750.0,5690.0,5710.0,64300,0.0,0.0
2024-07-10 11:00:00+09:00,5720.0,5720.0,5700.0,5710.0,0,0.0,0.0
2024-07-10 12:00:00+09:00,5710.0,5710.0,5670.0,5680.0,181600,0.0,0.0
2024-07-10 13:00:00+09:00,5680.0,5700.0,5650.0,5700.0,36100,0.0,0.0
2024-07-10 14:00:00+09:00,5700.0,5720.0,5690.0,5710.0,45700,0.0,0.0
2024-07-11 09:00:00+09:00,5800.0,5800.0,5720.0,5740.0,80900,0.0,0.0
2024-07-11 10:00:00+09:00,5740.0,5810.0,5720.0,5780.0,49300,0.0,0.0
2024-07-11 11:00:00+09:00,5790.0,5820.0,5780.0,5790.0,0,0.0,0.0
2024-07-11 12:00:00+09:00,5810.0,5830.0,5800.0,5820.0,176000,0.0,0.0
2024-07-11 13:00:00+09:00,5820.0,5820.0,5790.0,5810.0,27500,0.0,0.0
2024-07-11 14:00:00+09:00,5810.0,5810.0,5790.0,5800.0,41700,0.0,0.0
2024-07-12 09:00:00+09:00,5730.0,5810.0,5700.0,5780.0,127000,0.0,0.0
2024-07-12 10:00:00+09:00,5780.0,5780.0,5760.0,5770.0,40900,0.0,0.0
2024-07-12 11:00:00+09:00,5770.0,5780.0,5740.0,5780.0,0,0.0,0.0
2024-07-12 12:00:00+09:00,5780.0,5790.0,5760.0,5770.0,254500,0.0,0.0
2024-07-12 13:00:00+09:00,5770.0,5770.0,5730.0,5750.0,66800,0.0,0.0
2024-07-12 14:00:00+09:00,5760.0,5790.0,5750.0,5760.0,86700,0.0,0.0
2024-07-16 09:00:00+09:00,5670.0,5680.0,5440.0,5550.0,575000,0.0,0.0
2024-07-16 10:00:00+09:00,5550.0,5590.0,5530.0,5570.0,155300,0.0,0.0
2024-07-16 11:00:00+09:00,5560.0,5570.0,5540.0,5560.0,0,0.0,0.0
2024-07-16 12:00:00+09:00,5550.0,5560.0,5520.0,5550.0,898200,0.0,0.0
2024-07-16 13:00:00+09:00,5540.0,5550.0,5500.0,5500.0,170400,0.0,0.0
2024-07-16 14:00:00+09:00,5500.0,5530.0,5490.0,5520.0,185300,0.0,0.0
2024-07-17 09:00:00+09:00,5550.0,5620.0,5470.0,5590.0,276800,0.0,0.0
2024-07-17 10:00:00+09:00,5590.0,5630.0,5580.0,5610.0,110700,0.0,0.0
2024-07-17 11:00:00+09:00,5610.0,5610.0,5550.0,5560.0,0,0.0,0.0
2024-07-17 12:00:00+09:00,5550.0,5570.0,5540.0,5550.0,499800,0.0,0.0
2024-07-17 13:00:00+09:00,5550.0,5550.0,5490.0,5490.0,91000,0.0,0.0
2024-07-17 14:00:00+09:00,5500.0,5510.0,5480.0,5490.0,88600,0.0,0.0
2024-07-18 09:00:00+09:00,5400.0,5450.0,5380.0,5430.0,163200,0.0,0.0
2024-07-18 10:00:00+09:00,5430.0,5450.0,5410.0,5420.0,31600,0.0,0.0
2024-07-18 11:00:00+09:00,5420.0,5440.0,5420.0,5430.0,0,0.0,0.0
2024-07-18 12:00:00+09:00,5420.0,5420.0,5390.0,5390.0,304800,0.0,0.0
2024-07-18 13:00:00+09:00,5390.0,5410.0,5380.0,5390.0,43600,0.0,0.0
2024-07-18 14:00:00+09:00,5390.0,5410.0,5360.0,5390.0,103800,0.0,0.0
2024-07-19 09:00:00+09:00,5370.0,5390.0,5310.0,5340.0,131400,0.0,0.0
2024-07-19 10:00:00+09:00,5350.0,5350.0,5290.0,5300.0,76700,0.0,0.0
2024-07-19 11:00:00+09:00,5300.0,5300.0,5270.0,5270.0,0,0.0,0.0
2024-07-19 12:00:00+09:00,5270.0,5280.0,5250.0,5260.0,334700,0.0,0.0
2024-07-19 13:00:00+09:00,5270.0,5280.0,5230.0,5270.0,82200,0.0,0.0
2024-07-19 14:00:00+09:00,5280.0,5280.0,5250.0,5250.0,46800,0.0,0.0
2024-07-22 09:00:00+09:00,5130.0,5240.0,5130.0,5150.0,195200,0.0,0.0
2024-07-22 10:00:00+09:00,5150.0,5190.0,5140.0,5150.0,63500,0.0,0.0
2024-07-22 11:00:00+09:00,5160.0,5160.0,5110.0,5130.0,0,0.0,0.0
2024-07-22 12:00:00+09:00,5130.0,5170.0,5130.0,5160.0,426100,0.0,0.0
2024-07-22 13:00:00+09:00,5160.0,5180.0,5150.0,5170.0,40500,0.0,0.0
2024-07-22 14:00:00+09:00,5160.0,5160.0,5120.0,5120.0,70400,0.0,0.0
2024-07-23 09:00:00+09:00,5180.0,5290.0,5180.0,5210.0,191400,0.0,0.0
2024-07-23 10:00:00+09:00,5210.0,5280.0,5200.0,5260.0,49500,0.0,0.0
2024-07-23 11:00:00+09:00,5260.0,5270.0,5240.0,5270.0,0,0.0,0.0
2024-07-23 12:00:00+09:00,5270.0,5270.0,5220.0,5230.0,292500,0.0,0.0
2024-07-23 13:00:00+09:00,5220.0,5250.0,5210.0,5210.0,42800,0.0,0.0
2024-07-23 14:00:00+09:00,5220.0,5230.0,5210.0,5220.0,51400,0.0,0.0
2024-07-24 09:00:00+09:00,5160.0,5180.0,5130.0,5160.0,97500,0.0,0.0
2024-07-24 10:00:00+09:00,5170.0,5180.0,5120.0,5130.0,54600,0.0,0.0
2024-07-24 11:00:00+09:00,5120.0,5140.0,5110.0,5130.0,0,0.0,0.0
2024-07-24 12:00:00+09:00,5110.0,5120.0,5100.0,5100.0,205800,0.0,0.0
2024-07-24 13:00:00+09:00,5100.0,5110.0,5070.0,5070.0,81400,0.0,0.0
2024-07-24 14:00:00+09:00,5070.0,5100.0,5050.0,5060.0,145300,0.0,0.0
2024-07-25 09:00:00+09:00,4970.0,4975.0,4830.0,4845.0,303000,0.0,0.0
2024-07-25 10:00:00+09:00,4845.0,4850.0,4795.0,4805.0,161200,0.0,0.0
2024-07-25 11:00:00+09:00,4805.0,4850.0,4790.0,4840.0,0,0.0,0.0
2024-07-25 12:00:00+09:00,4820.0,4820.0,4760.0,4795.0,684900,0.0,0.0
2024-07-25 13:00:00+09:00,4795.0,4835.0,4795.0,4820.0,112400,0.0,0.0
2024-07-25 14:00:00+09:00,4820.0,4825.0,4770.0,4775.0,172800,0.0,0.0
2024-07-26 09:00:00+09:00,4840.0,4950.0,4775.0,4950.0,269700,0.0,0.0
2024-07-26 10:00:00+09:00,4950.0,4955.0,4900.0,4920.0,111500,0.0,0.0
2024-07-26 11:00:00+09:00,4925.0,4965.0,4920.0,4965.0,0,0.0,0.0
2024-07-26 12:00:00+09:00,4965.0,4985.0,4930.0,4940.0,503100,0.0,0.0
2024-07-26 13:00:00+09:00,4940.0,4945.0,4910.0,4925.0,70400,0.0,0.0
2024-07-26 14:00:00+09:00,4925.0,4940.0,4880.0,4880.0,98000,0.0,0.0
2024-07-29 09:00:00+09:00,4960.0,4965.0,4900.0,4940.0,155000,0.0,0.0
2024-07-29 10:00:00+09:00,4940.0,4945.0,4850.0,4870.0,86600,0.0,0.0
2024-07-29 11:00:00+09:00,4875.0,4880.0,4830.0,4850.0,0,0.0,0.0
2024-07-29 12:00:00+09:00,4835.0,4860.0,4835.0,4850.0,341600,0.0,0.0
2024-07-29 13:00:00+09:00,4850.0,4875.0,4840.0,4855.0,43700,0.0,0.0
2024-07-29 14:00:00+09:00,4855.0,4880.0,4850.0,4870.0,62000,0.0,0.0
2024-07-30 09:00:00+09:00,4820.0,4825.0,4735.0,4780.0,247000,0.0,0.0
2024-07-30 10:00:00+09:00,4780.0,4805.0,4750.0,4770.0,60700,0.0,0.0
2024-07-30 11:00:00+09:00,4770.0,4775.0,4750.0,4765.0,0,0.0,0.0
2024-07-30 12:00:00+09:00,4765.0,4770.0,4755.0,4760.0,371200,0.0,0.0
2024-07-30 13:00:00+09:00,4760.0,4805.0,4760.0,4795.0,69600,0.0,0.0
2024-07-30 14:00:00+09:00,4800.0,4830.0,4780.0,4825.0,77200,0.0,0.0
2024-07-31 09:00:00+09:00,4755.0,4840.0,4730.0,4805.0,198300,0.0,0.0
2024-07-31 10:00:00+09:00,4805.0,4815.0,4785.0,4790.0,39100,0.0,0.0
2024-07-31 11:00:00+09:00,4790.0,4815.0,4785.0,4805.0,0,0.0,0.0
2024-07-31 12:00:00+09:00,4795.0,4805.0,4765.0,4795.0,311200,0.0,0.0
2024-07-31 13:00:00+09:00,4800.0,4830.0,4785.0,4810.0,50200,0.0,0.0
2024-07-31 14:00:00+09:00,4810.0,4880.0,4805.0,4865.0,87000,0.0,0.0
2024-08-01 09:00:00+09:00,4750.0,4760.0,4655.0,4660.0,205500,0.0,0.0
2024-08-01 10:00:00+09:00,4660.0,4660.0,4585.0,4600.0,184300,0.0,0.0
2024-08-01 11:00:00+09:00,4600.0,4615.0,4570.0,4600.0,0,0.0,0.0
2024-08-01 12:00:00+09:00,4600.0,4600.0,4550.0,4580.0,548000,0.0,0.0
2024-08-01 13:00:00+09:00,4580.0,4655.0,4580.0,4635.0,124800,0.0,0.0
2024-08-01 14:00:00+09:00,4635.0,4670.0,4635.0,4665.0,106600,0.0,0.0
2024-08-02 09:00:00+09:00,4385.0,4400.0,4260.0,4285.0,320400,0.0,0.0
2024-08-02 10:00:00+09:00,4290.0,4350.0,4265.0,4335.0,145800,0.0,0.0
2024-08-02 11:00:00+09:00,4335.0,4365.0,4315.0,4325.0,0,0.0,0.0
2024-08-02 12:00:00+09:00,4325.0,4325.0,4285.0,4295.0,623300,0.0,0.0
2024-08-02 13:00:00+09:00,4295.0,4295.0,4270.0,4275.0,101400,0.0,0.0
2024-08-02 14:00:00+09:00,4280.0,4290.0,4215.0,4220.0,296400,0.0,0.0
2024-08-05 09:00:00+09:00,3730.0,3885.0,3730.0,3875.0,336200,0.0,0.0
2024-08-05 10:00:00+09:00,3870.0,3890.0,3835.0,3865.0,162200,0.0,0.0
2024-08-05 11:00:00+09:00,3865.0,3905.0,3845.0,3880.0,0,0.0,0.0
2024-08-05 12:00:00+09:00,3860.0,3865.0,3840.0,3845.0,682200,0.0,0.0
2024-08-05 13:00:00+09:00,3845.0,3845.0,3745.0,3750.0,154000,0.0,0.0
2024-08-05 14:00:00+09:00,3745.0,3745.0,3560.0,3590.0,260200,0.0,0.0
2024-08-06 09:00:00+09:00,3805.0,4035.0,3785.0,4025.0,367800,0.0,0.0
2024-08-06 10:00:00+09:00,4020.0,4035.0,3855.0,3930.0,162100,0.0,0.0
2024-08-06 11:00:00+09:00,3930.0,3950.0,3880.0,3885.0,0,0.0,0.0
2024-08-06 12:00:00+09:00,3885.0,3935.0,3860.0,3885.0,686100,0.0,0.0
2024-08-06 13:00:00+09:00,3890.0,3900.0,3805.0,3805.0,162600,0.0,0.0
2024-08-06 14:00:00+09:00,3805.0,3880.0,3770.0,3870.0,223500,0.0,0.0
2024-08-07 09:00:00+09:00,3830.0,3985.0,3800.0,3905.0,294800,0.0,0.0
2024-08-07 10:00:00+09:00,3910.0,4105.0,3885.0,4090.0,146300,0.0,0.0
2024-08-07 11:00:00+09:00,4090.0,4135.0,4050.0,4135.0,0,0.0,0.0
2024-08-07 12:00:00+09:00,4105.0,4165.0,4075.0,4100.0,611800,0.0,0.0
2024-08-07 13:00:00+09:00,4105.0,4175.0,4105.0,4160.0,102100,0.0,0.0
2024-08-07 14:00:00+09:00,4160.0,4180.0,4070.0,4085.0,119900,0.0,0.0
2024-08-08 09:00:00+09:00,3935.0,4015.0,3900.0,3955.0,247600,0.0,0.0
2024-08-08 10:00:00+09:00,3955.0,3975.0,3915.0,3960.0,129800,0.0,0.0
2024-08-08 11:00:00+09:00,3955.0,4015.0,3950.0,3995.0,0,0.0,0.0
2024-08-08 12:00:00+09:00,3990.0,4045.0,3970.0,3975.0,555400,0.0,0.0
2024-08-08 13:00:00+09:00,3980.0,3980.0,3940.0,3950.0,128000,0.0,0.0
2024-08-08 14:00:00+09:00,3950.0,3965.0,3915.0,3950.0,184200,0.0,0.0
2024-08-09 09:00:00+09:00,4050.0,4095.0,4015.0,4050.0,241800,0.0,0.0
2024-08-09 10:00:00+09:00,4045.0,4060.0,4015.0,4020.0,69500,0.0,0.0
2024-08-09 11:00:00+09:00,4020.0,4040.0,4010.0,4030.0,0,0.0,0.0
2024-08-09 12:00:00+09:00,4035.0,4050.0,3995.0,4000.0,404100,0.0,0.0
2024-08-09 13:00:00+09:00,4000.0,4000.0,3930.0,3930.0,73200,0.0,0.0
2024-08-09 14:00:00+09:00,3935.0,4005.0,3925.0,3995.0,80300,0.0,0.0
2024-08-13 09:00:00+09:00,4135.0,4230.0,4115.0,4220.0,241300,0.0,0.0
2024-08-13 10:00:00+09:00,4215.0,4235.0,4185.0,4205.0,90300,0.0,0.0
2024-08-13 11:00:00+09:00,4205.0,4205.0,4190.0,4195.0,0,0.0,0.0
2024-08-13 12:00:00+09:00,4200.0,4225.0,4175.0,4175.0,433300,0.0,0.0
2024-08-13 13:00:00+09:00,4170.0,4205.0,4170.0,4200.0,60500,0.0,0.0
2024-08-13 14:00:00+09:00,4205.0,4225.0,4205.0,4225.0,88000,0.0,0.0
2024-08-14 09:00:00+09:00,4255.0,4270.0,4200.0,4210.0,187200,0.0,0.0
2024-08-14 10:00:00+09:00,4210.0,4270.0,4200.0,4260.0,80100,0.0,0.0
2024-08-14 11:00:00+09:00,4255.0,4260.0,4200.0,4210.0,0,0.0,0.0
2024-08-14 12:00:00+09:00,4200.0,4220.0,4190.0,4215.0,360500,0.0,0.0
2024-08-14 13:00:00+09:00,4220.0,4225.0,4190.0,4195.0,61700,0.0,0.0
2024-08-14 14:00:00+09:00,4195.0,4245.0,4185.0,4245.0,87600,0.0,0.0
2024-08-15 09:00:00+09:00,4250.0,4325.0,4230.0,4315.0,143900,0.0,0.0
2024-08-15 10:00:00+09:00,4315.0,4330.0,4275.0,4280.0,68800,0.0,0.0
2024-08-15 11:00:00+09:00,4285.0,4305.0,4280.0,4300.0,0,0.0,0.0
2024-08-15 12:00:00+09:00,4305.0,4325.0,4300.0,4305.0,282200,0.0,0.0
2024-08-15 13:00:00+09:00,4305.0,4315.0,4300.0,4305.0,46000,0.0,0.0
2024-08-15 14:00:00+09:00,4305.0,4320.0,4285.0,4300.0,77900,0.0,0.0
2024-08-16 09:00:00+09:00,4435.0,4480.0,4405.0,4430.0,190400,0.0,0.0
2024-08-16 10:00:00+09:00,4430.0,4455.0,4410.0,4455.0,50100,0.0,0.0
2024-08-16 11:00:00+09:00,4455.0,4465.0,4415.0,4420.0,0,0.0,0.0
2024-08-16 12:00:00+09:00,4430.0,4435.0,4420.0,4425.0,323900,0.0,0.0
2024-08-16 13:00:00+09:00,4430.0,4445.0,4410.0,4435.0,55400,0.0,0.0
2024-08-16 14:00:00+09:00,4430.0,4475.0,4430.0,4465.0,74100,0.0,0.0
2024-08-19 09:00:00+09:00,4410.0,4495.0,4395.0,4460.0,251100,0.0,0.0
2024-08-19 10:00:00+09:00,4460.0,4480.0,4450.0,4480.0,68700,0.0,0.0
2024-08-19 11:00:00+09:00,4480.0,4495.0,4470.0,4485.0,0,0.0,0.0
2024-08-19 12:00:00+09:00,4490.0,4490.0,4440.0,4450.0,410000,0.0,0.0
2024-08-19 13:00:00+09:00,4455.0,4480.0,4425.0,4430.0,61200,0.0,0.0
2024-08-19 14:00:00+09:00,4430.0,4450.0,4405.0,4415.0,72400,0.0,0.0
2024-08-20 09:00:00+09:00,4460.0,4465.0,4405.0,4410.0,139100,0.0,0.0
2024-08-20 10:00:00+09:00,4410.0,4420.0,4365.0,4410.0,106800,0.0,0.0
2024-08-20 11:00:00+09:00,4405.0,4420.0,4405.0,4415.0,0,0.0,0.0
2024-08-20 12:00:00+09:00,4420.0,4425.0,4405.0,4415.0,314600,0.0,0.0
2024-08-20 13:00:00+09:00,4415.0,4420.0,4405.0,4420.0,44700,0.0,0.0
2024-08-20 14:00:00+09:00,4420.0,4430.0,4415.0,4430.0,66500,0.0,0.0
2024-08-21 09:00:00+09:00,4365.0,4385.0,4330.0,4375.0,162800,0.0,0.0
2024-08-21 10:00:00+09:00,4375.0,4380.0,4330.0,4350.0,56700,0.0,0.0
2024-08-21 11:00:00+09:00,4345.0,4350.0,4330.0,4340.0,0,0.0,0.0
2024-08-21 12:00:00+09:00,4345.0,4360.0,4340.0,4345.0,279300,0.0,0.0
2024-08-21 13:00:00+09:00,4345.0,4365.0,4340.0,4355.0,47700,0.0,0.0
2024-08-21 14:00:00+09:00,4355.0,4365.0,4350.0,4360.0,45700,0.0,0.0
2024-08-22 09:00:00+09:00,4375.0,4375.0,4290.0,4290.0,200100,0.0,0.0
2024-08-22 10:00:00+09:00,4295.0,4330.0,4290.0,4315.0,57000,0.0,0.0
2024-08-22 11:00:00+09:00,4315.0,4320.0,4300.0,4300.0,0,0.0,0.0
2024-08-22 12:00:00+09:00,4300.0,4300.0,4275.0,4280.0,345500,0.0,0.0
2024-08-22 13:00:00+09:00,4280.0,4300.0,4280.0,4285.0,49800,0.0,0.0
2024-08-22 14:00:00+09:00,4290.0,4295.0,4280.0,4295.0,62300,0.0,0.0
2024-08-23 09:00:00+09:00,4230.0,4275.0,4200.0,4205.0,264900,0.0,0.0
2024-08-23 10:00:00+09:00,4200.0,4205.0,4160.0,4160.0,177000,0.0,0.0
2024-08-23 11:00:00+09:00,4160.0,4180.0,4155.0,4170.0,0,0.0,0.0
2024-08-23 12:00:00+09:00,4175.0,4195.0,4170.0,4185.0,579500,0.0,0.0
2024-08-23 13:00:00+09:00,4185.0,4205.0,4185.0,4195.0,95400,0.0,0.0
2024-08-23 14:00:00+09:00,4195.0,4200.0,4170.0,4175.0,242300,0.0,0.0
