Datetime,Open,High,Low,Close,Volume,Dividends,Stock Splits
2022-08-24 09:00:00+09:00,936.0,937.0,935.0,937.0,1900,0.0,0.0
2022-08-24 10:00:00+09:00,936.0,936.0,933.0,933.0,900,0.0,0.0
2022-08-24 11:00:00+09:00,935.0,935.0,934.0,934.0,0,0.0,0.0
2022-08-24 12:00:00+09:00,934.0,936.0,934.0,936.0,4000,0.0,0.0
2022-08-24 13:00:00+09:00,935.0,935.0,933.0,934.0,1000,0.0,0.0
2022-08-24 14:00:00+09:00,934.0,937.0,934.0,937.0,900,0.0,0.0
2022-08-25 09:00:00+09:00,938.0,939.0,938.0,938.0,1500,0.0,0.0
2022-08-25 10:00:00+09:00,938.0,938.0,936.0,937.0,600,0.0,0.0
2022-08-25 11:00:00+09:00,937.0,938.0,937.0,938.0,0,0.0,0.0
2022-08-25 12:00:00+09:00,939.0,939.0,939.0,939.0,2500,0.0,0.0
2022-08-25 14:00:00+09:00,938.0,939.0,938.0,939.0,800,0.0,0.0
2022-08-26 09:00:00+09:00,940.0,941.0,936.0,940.0,3900,0.0,0.0
2022-08-26 10:00:00+09:00,940.0,941.0,939.0,940.0,1900,0.0,0.0
2022-08-26 11:00:00+09:00,939.0,939.0,939.0,939.0,0,0.0,0.0
2022-08-26 12:00:00+09:00,939.0,939.0,939.0,939.0,6300,0.0,0.0
2022-08-26 13:00:00+09:00,940.0,940.0,939.0,939.0,600,0.0,0.0
2022-08-26 14:00:00+09:00,940.0,941.0,937.0,941.0,2500,0.0,0.0
2022-08-29 09:00:00+09:00,941.0,941.0,938.0,938.0,3600,0.0,0.0
2022-08-29 10:00:00+09:00,938.0,938.0,936.0,937.0,1900,0.0,0.0
2022-08-29 11:00:00+09:00,938.0,940.0,937.0,937.0,0,0.0,0.0
2022-08-29 12:00:00+09:00,938.0,939.0,936.0,939.0,7600,0.0,0.0
2022-08-29 13:00:00+09:00,940.0,940.0,938.0,938.0,700,0.0,0.0
2022-08-29 14:00:00+09:00,939.0,941.0,939.0,939.0,700,0.0,0.0
2022-08-30 09:00:00+09:00,940.0,940.0,938.0,940.0,4200,0.0,0.0
2022-08-30 10:00:00+09:00,940.0,941.0,940.0,941.0,1000,0.0,0.0
2022-08-30 11:00:00+09:00,941.0,944.0,941.0,944.0,0,0.0,0.0
2022-08-30 12:00:00+09:00,944.0,944.0,943.0,943.0,7300,0.0,0.0
2022-08-30 13:00:00+09:00,943.0,944.0,940.0,944.0,2900,0.0,0.0
2022-08-30 14:00:00+09:00,944.0,945.0,943.0,945.0,2600,0.0,0.0
2022-08-31 09:00:00+09:00,946.0,951.0,945.0,951.0,7200,0.0,0.0
2022-08-31 10:00:00+09:00,950.0,951.0,950.0,950.0,1000,0.0,0.0
2022-08-31 11:00:00+09:00,950.0,951.0,950.0,951.0,0,0.0,0.0
2022-08-31 12:00:00+09:00,951.0,953.0,949.0,953.0,11900,0.0,0.0
2022-08-31 13:00:00+09:00,953.0,954.0,951.0,952.0,1600,0.0,0.0
2022-08-31 14:00:00+09:00,952.0,957.0,950.0,951.0,6100,0.0,0.0
2022-09-01 09:00:00+09:00,957.0,959.0,950.0,950.0,4700,0.0,0.0
2022-09-01 10:00:00+09:00,951.0,952.0,947.0,947.0,1500,0.0,0.0
2022-09-01 11:00:00+09:00,947.0,947.0,946.0,946.0,0,0.0,0.0
2022-09-01 12:00:00+09:00,941.0,946.0,941.0,946.0,9500,0.0,0.0
2022-09-01 13:00:00+09:00,944.0,945.0,944.0,944.0,1100,0.0,0.0
2022-09-01 14:00:00+09:00,943.0,945.0,943.0,945.0,800,0.0,0.0
2022-09-02 09:00:00+09:00,950.0,950.0,944.0,945.0,1600,0.0,0.0
2022-09-02 10:00:00+09:00,944.0,947.0,943.0,943.0,1100,0.0,0.0
2022-09-02 11:00:00+09:00,943.0,943.0,943.0,943.0,0,0.0,0.0
2022-09-02 12:00:00+09:00,943.0,944.0,942.0,942.0,4000,0.0,0.0
2022-09-02 13:00:00+09:00,943.0,944.0,942.0,944.0,0,0.0,0.0
2022-09-02 14:00:00+09:00,942.0,943.0,942.0,942.0,5600,0.0,0.0
2022-09-05 09:00:00+09:00,948.0,948.0,943.0,944.0,0,0.0,0.0
2022-09-05 10:00:00+09:00,944.0,944.0,944.0,944.0,500,0.0,0.0
2022-09-05 11:00:00+09:00,944.0,944.0,944.0,944.0,0,0.0,0.0
2022-09-05 12:00:00+09:00,944.0,944.0,944.0,944.0,5600,0.0,0.0
2022-09-05 13:00:00+09:00,943.0,944.0,942.0,944.0,1600,0.0,0.0
2022-09-05 14:00:00+09:00,942.0,943.0,941.0,941.0,3500,0.0,0.0
2022-09-06 09:00:00+09:00,947.0,947.0,942.0,943.0,2700,0.0,0.0
2022-09-06 10:00:00+09:00,942.0,944.0,942.0,944.0,500,0.0,0.0
2022-09-06 11:00:00+09:00,943.0,945.0,943.0,945.0,0,0.0,0.0
2022-09-06 12:00:00+09:00,945.0,945.0,944.0,944.0,4200,0.0,0.0
2022-09-06 13:00:00+09:00,943.0,945.0,943.0,945.0,300,0.0,0.0
2022-09-06 14:00:00+09:00,944.0,947.0,943.0,943.0,700,0.0,0.0
2022-09-07 09:00:00+09:00,943.0,946.0,942.0,942.0,3100,0.0,0.0
2022-09-07 10:00:00+09:00,942.0,943.0,940.0,941.0,1500,0.0,0.0
2022-09-07 11:00:00+09:00,941.0,941.0,941.0,941.0,0,0.0,0.0
2022-09-07 12:00:00+09:00,943.0,943.0,941.0,941.0,5600,0.0,0.0
2022-09-07 13:00:00+09:00,940.0,941.0,940.0,941.0,200,0.0,0.0
2022-09-07 14:00:00+09:00,942.0,943.0,941.0,941.0,300,0.0,0.0
2022-09-08 09:00:00+09:00,944.0,944.0,942.0,944.0,0,0.0,0.0
2022-09-08 10:00:00+09:00,943.0,944.0,943.0,944.0,2100,0.0,0.0
2022-09-08 11:00:00+09:00,943.0,944.0,943.0,944.0,0,0.0,0.0
2022-09-08 12:00:00+09:00,946.0,946.0,944.0,946.0,3600,0.0,0.0
2022-09-08 13:00:00+09:00,945.0,945.0,945.0,945.0,200,0.0,0.0
2022-09-08 14:00:00+09:00,946.0,946.0,944.0,944.0,800,0.0,0.0
2022-09-09 09:00:00+09:00,944.0,951.0,944.0,950.0,13000,0.0,0.0
2022-09-09 10:00:00+09:00,951.0,951.0,947.0,948.0,1800,0.0,0.0
2022-09-09 11:00:00+09:00,949.0,950.0,949.0,950.0,0,0.0,0.0
2022-09-09 12:00:00+09:00,950.0,950.0,949.0,950.0,15600,0.0,0.0
2022-09-09 13:00:00+09:00,950.0,950.0,948.0,950.0,1000,0.0,0.0
2022-09-09 14:00:00+09:00,949.0,951.0,949.0,950.0,600,0.0,0.0
2022-09-12 09:00:00+09:00,953.0,953.0,952.0,953.0,0,0.0,0.0
2022-09-12 10:00:00+09:00,953.0,955.0,953.0,955.0,1600,0.0,0.0
2022-09-12 11:00:00+09:00,956.0,957.0,955.0,955.0,0,0.0,0.0
2022-09-12 12:00:00+09:00,955.0,955.0,954.0,954.0,6200,0.0,0.0
2022-09-12 13:00:00+09:00,954.0,954.0,953.0,953.0,600,0.0,0.0
2022-09-12 14:00:00+09:00,954.0,954.0,953.0,953.0,400,0.0,0.0
2022-09-13 09:00:00+09:00,955.0,957.0,952.0,952.0,4300,0.0,0.0
2022-09-13 10:00:00+09:00,952.0,954.0,952.0,954.0,500,0.0,0.0
2022-09-13 11:00:00+09:00,954.0,958.0,954.0,956.0,0,0.0,0.0
2022-09-13 12:00:00+09:00,956.0,956.0,954.0,954.0,10100,0.0,0.0
2022-09-13 13:00:00+09:00,954.0,954.0,953.0,954.0,900,0.0,0.0
2022-09-13 14:00:00+09:00,953.0,957.0,953.0,953.0,1500,0.0,0.0
2022-09-14 09:00:00+09:00,951.0,955.0,951.0,951.0,0,0.0,0.0
2022-09-14 10:00:00+09:00,951.0,953.0,951.0,953.0,5900,0.0,0.0
2022-09-14 11:00:00+09:00,953.0,953.0,953.0,953.0,0,0.0,0.0
2022-09-14 12:00:00+09:00,953.0,953.0,952.0,953.0,6600,0.0,0.0
2022-09-14 13:00:00+09:00,952.0,953.0,952.0,953.0,1900,0.0,0.0
2022-09-14 14:00:00+09:00,953.0,953.0,951.0,953.0,3400,0.0,0.0
2022-09-15 09:00:00+09:00,954.0,956.0,952.0,952.0,2900,0.0,0.0
2022-09-15 10:00:00+09:00,953.0,953.0,953.0,953.0,200,0.0,0.0
2022-09-15 11:00:00+09:00,954.0,954.0,954.0,954.0,0,0.0,0.0
2022-09-15 12:00:00+09:00,955.0,955.0,953.0,954.0,4100,0.0,0.0
2022-09-15 13:00:00+09:00,954.0,955.0,954.0,954.0,1100,0.0,0.0
2022-09-15 14:00:00+09:00,954.0,955.0,954.0,955.0,1000,0.0,0.0
2022-09-16 09:00:00+09:00,953.0,955.0,952.0,952.0,4100,0.0,0.0
2022-09-16 10:00:00+09:00,953.0,955.0,953.0,954.0,600,0.0,0.0
2022-09-16 11:00:00+09:00,955.0,955.0,952.0,952.0,0,0.0,0.0
2022-09-16 12:00:00+09:00,955.0,955.0,952.0,953.0,6600,0.0,0.0
2022-09-16 13:00:00+09:00,952.0,953.0,952.0,952.0,800,0.0,0.0
2022-09-16 14:00:00+09:00,954.0,954.0,952.0,953.0,500,0.0,0.0
2022-09-20 09:00:00+09:00,954.0,955.0,953.0,953.0,4800,0.0,0.0
2022-09-20 10:00:00+09:00,953.0,953.0,951.0,951.0,1900,0.0,0.0
2022-09-20 11:00:00+09:00,951.0,951.0,950.0,951.0,0,0.0,0.0
2022-09-20 12:00:00+09:00,954.0,954.0,953.0,953.0,8100,0.0,0.0
2022-09-20 13:00:00+09:00,952.0,953.0,951.0,952.0,1000,0.0,0.0
2022-09-20 14:00:00+09:00,952.0,953.0,951.0,952.0,1000,0.0,0.0
2022-09-21 09:00:00+09:00,952.0,952.0,950.0,950.0,4400,0.0,0.0
2022-09-21 10:00:00+09:00,950.0,950.0,945.0,947.0,4800,0.0,0.0
2022-09-21 11:00:00+09:00,947.0,950.0,947.0,947.0,0,0.0,0.0
2022-09-21 12:00:00+09:00,947.0,949.0,947.0,948.0,11400,0.0,0.0
2022-09-21 13:00:00+09:00,948.0,949.0,948.0,948.0,600,0.0,0.0
2022-09-21 14:00:00+09:00,949.0,950.0,948.0,948.0,1600,0.0,0.0
2022-09-22 09:00:00+09:00,943.0,948.0,943.0,945.0,0,0.0,0.0
2022-09-22 10:00:00+09:00,947.0,947.0,944.0,944.0,7800,0.0,0.0
2022-09-22 11:00:00+09:00,946.0,946.0,944.0,944.0,0,0.0,0.0
2022-09-22 12:00:00+09:00,944.0,946.0,944.0,945.0,10700,0.0,0.0
2022-09-22 13:00:00+09:00,945.0,945.0,944.0,944.0,0,0.0,0.0
2022-09-22 14:00:00+09:00,945.0,946.0,943.0,945.0,15200,0.0,0.0
2022-09-26 09:00:00+09:00,945.0,945.0,940.0,942.0,11700,0.0,0.0
2022-09-26 10:00:00+09:00,943.0,943.0,940.0,942.0,1200,0.0,0.0
2022-09-26 11:00:00+09:00,942.0,946.0,941.0,946.0,0,0.0,0.0
2022-09-26 12:00:00+09:00,942.0,944.0,942.0,943.0,16100,0.0,0.0
2022-09-26 13:00:00+09:00,943.0,943.0,941.0,941.0,0,0.0,0.0
2022-09-26 14:00:00+09:00,941.0,944.0,941.0,942.0,19300,0.0,0.0
2022-09-27 09:00:00+09:00,940.0,943.0,940.0,941.0,12100,0.0,0.0
2022-09-27 10:00:00+09:00,941.0,942.0,940.0,941.0,1200,0.0,0.0
2022-09-27 11:00:00+09:00,941.0,941.0,941.0,941.0,0,0.0,0.0
2022-09-27 12:00:00+09:00,941.0,941.0,940.0,941.0,17100,0.0,0.0
2022-09-27 13:00:00+09:00,941.0,941.0,941.0,941.0,700,0.0,0.0
2022-09-27 14:00:00+09:00,941.0,942.0,941.0,941.0,1300,0.0,0.0
2022-09-28 09:00:00+09:00,930.0,936.0,930.0,935.0,60800,0.0,0.0
2022-09-28 10:00:00+09:00,935.0,938.0,935.0,936.0,2700,0.0,0.0
2022-09-28 11:00:00+09:00,936.0,942.0,935.0,942.0,0,0.0,0.0
2022-09-28 12:00:00+09:00,940.0,941.0,938.0,939.0,76800,0.0,0.0
2022-09-28 13:00:00+09:00,938.0,942.0,938.0,939.0,3300,0.0,0.0
2022-09-28 14:00:00+09:00,940.0,942.0,939.0,939.0,9300,0.0,0.0
2022-09-29 09:00:00+09:00,905.0,907.0,904.0,907.0,28700,26.0,0.0
2022-09-29 10:00:00+09:00,905.0,906.0,904.0,904.0,3400,0.0,0.0
2022-09-29 11:00:00+09:00,904.0,904.0,901.0,901.0,0,0.0,0.0
2022-09-29 12:00:00+09:00,901.0,902.0,901.0,901.0,37400,0.0,0.0
2022-09-29 13:00:00+09:00,903.0,903.0,901.0,901.0,1000,0.0,0.0
2022-09-29 14:00:00+09:00,901.0,904.0,901.0,901.0,4300,0.0,0.0
2022-09-30 09:00:00+09:00,900.0,900.0,891.0,897.0,5400,0.0,0.0
2022-09-30 10:00:00+09:00,896.0,898.0,896.0,898.0,600,0.0,0.0
2022-09-30 11:00:00+09:00,897.0,897.0,897.0,897.0,0,0.0,0.0
2022-09-30 12:00:00+09:00,897.0,899.0,897.0,899.0,12000,0.0,0.0
2022-09-30 13:00:00+09:00,897.0,897.0,896.0,897.0,700,0.0,0.0
2022-09-30 14:00:00+09:00,898.0,899.0,896.0,899.0,1400,0.0,0.0
2022-10-03 09:00:00+09:00,898.0,898.0,894.0,894.0,2400,0.0,0.0
2022-10-03 10:00:00+09:00,893.0,896.0,892.0,895.0,1100,0.0,0.0
2022-10-03 11:00:00+09:00,898.0,898.0,898.0,898.0,0,0.0,0.0
2022-10-03 12:00:00+09:00,898.0,898.0,898.0,898.0,4000,0.0,0.0
2022-10-03 13:00:00+09:00,895.0,898.0,895.0,898.0,300,0.0,0.0
2022-10-03 14:00:00+09:00,899.0,900.0,897.0,900.0,1200,0.0,0.0
2022-10-04 09:00:00+09:00,901.0,901.0,899.0,900.0,1200,0.0,0.0
2022-10-04 10:00:00+09:00,900.0,901.0,900.0,901.0,800,0.0,0.0
2022-10-04 11:00:00+09:00,901.0,902.0,901.0,902.0,0,0.0,0.0
2022-10-04 12:00:00+09:00,902.0,902.0,900.0,900.0,2600,0.0,0.0
2022-10-04 13:00:00+09:00,901.0,901.0,900.0,900.0,200,0.0,0.0
2022-10-04 14:00:00+09:00,901.0,904.0,901.0,903.0,1200,0.0,0.0
2022-10-05 09:00:00+09:00,902.0,903.0,902.0,903.0,1200,0.0,0.0
2022-10-05 10:00:00+09:00,903.0,904.0,903.0,904.0,500,0.0,0.0
2022-10-05 11:00:00+09:00,905.0,906.0,905.0,905.0,0,0.0,0.0
2022-10-05 12:00:00+09:00,905.0,905.0,905.0,905.0,2700,0.0,0.0
2022-10-05 13:00:00+09:00,905.0,905.0,905.0,905.0,300,0.0,0.0
2022-10-05 14:00:00+09:00,904.0,904.0,904.0,904.0,300,0.0,0.0
2022-10-06 09:00:00+09:00,904.0,907.0,903.0,904.0,2300,0.0,0.0
2022-10-06 10:00:00+09:00,904.0,904.0,904.0,904.0,100,0.0,0.0
2022-10-06 11:00:00+09:00,904.0,904.0,904.0,904.0,0,0.0,0.0
2022-10-06 12:00:00+09:00,904.0,904.0,904.0,904.0,3200,0.0,0.0
2022-10-06 13:00:00+09:00,904.0,905.0,900.0,901.0,3700,0.0,0.0
2022-10-06 14:00:00+09:00,902.0,902.0,902.0,902.0,100,0.0,0.0
2022-10-07 09:00:00+09:00,900.0,900.0,898.0,898.0,600,0.0,0.0
2022-10-07 10:00:00+09:00,900.0,901.0,900.0,901.0,400,0.0,0.0
2022-10-07 11:00:00+09:00,900.0,900.0,900.0,900.0,0,0.0,0.0
2022-10-07 12:00:00+09:00,901.0,901.0,901.0,901.0,1900,0.0,0.0
2022-10-07 13:00:00+09:00,900.0,900.0,900.0,900.0,200,0.0,0.0
2022-10-07 14:00:00+09:00,901.0,903.0,901.0,903.0,600,0.0,0.0
2022-10-11 09:00:00+09:00,901.0,902.0,901.0,902.0,900,0.0,0.0
2022-10-11 10:00:00+09:00,901.0,901.0,900.0,900.0,800,0.0,0.0
2022-10-11 11:00:00+09:00,900.0,900.0,900.0,900.0,0,0.0,0.0
2022-10-11 12:00:00+09:00,900.0,901.0,900.0,900.0,2300,0.0,0.0
2022-10-11 13:00:00+09:00,899.0,900.0,899.0,899.0,400,0.0,0.0
2022-10-11 14:00:00+09:00,898.0,898.0,898.0,898.0,100,0.0,0.0
2022-10-12 09:00:00+09:00,904.0,904.0,897.0,897.0,1800,0.0,0.0
2022-10-12 10:00:00+09:00,896.0,896.0,893.0,893.0,1000,0.0,0.0
2022-10-12 11:00:00+09:00,893.0,893.0,893.0,893.0,0,0.0,0.0
2022-10-12 12:00:00+09:00,893.0,893.0,893.0,893.0,3100,0.0,0.0
2022-10-12 13:00:00+09:00,895.0,896.0,895.0,895.0,600,0.0,0.0
2022-10-12 14:00:00+09:00,895.0,895.0,895.0,895.0,100,0.0,0.0
2022-10-13 09:00:00+09:00,902.0,902.0,896.0,897.0,700,0.0,0.0
2022-10-13 10:00:00+09:00,896.0,896.0,895.0,895.0,700,0.0,0.0
2022-10-13 11:00:00+09:00,894.0,894.0,893.0,893.0,0,0.0,0.0
2022-10-13 12:00:00+09:00,893.0,893.0,893.0,893.0,2500,0.0,0.0
2022-10-13 13:00:00+09:00,895.0,895.0,894.0,894.0,500,0.0,0.0
2022-10-13 14:00:00+09:00,893.0,894.0,893.0,894.0,500,0.0,0.0
2022-10-14 09:00:00+09:00,895.0,899.0,895.0,899.0,300,0.0,0.0
2022-10-14 10:00:00+09:00,898.0,898.0,894.0,894.0,300,0.0,0.0
2022-10-14 11:00:00+09:00,893.0,893.0,892.0,892.0,0,0.0,0.0
2022-10-14 12:00:00+09:00,893.0,893.0,892.0,892.0,2300,0.0,0.0
2022-10-14 13:00:00+09:00,894.0,894.0,893.0,893.0,200,0.0,0.0
2022-10-14 14:00:00+09:00,892.0,892.0,890.0,890.0,1400,0.0,0.0
2022-10-17 09:00:00+09:00,890.0,890.0,890.0,890.0,2000,0.0,0.0
2022-10-17 10:00:00+09:00,893.0,893.0,891.0,891.0,200,0.0,0.0
2022-10-17 11:00:00+09:00,891.0,891.0,891.0,891.0,0,0.0,0.0
2022-10-17 12:00:00+09:00,891.0,891.0,891.0,891.0,2300,0.0,0.0
2022-10-17 13:00:00+09:00,891.0,893.0,890.0,890.0,900,0.0,0.0
2022-10-17 14:00:00+09:00,890.0,890.0,890.0,890.0,300,0.0,0.0
2022-10-18 09:00:00+09:00,895.0,895.0,892.0,892.0,4200,0.0,0.0
2022-10-18 10:00:00+09:00,894.0,894.0,892.0,892.0,600,0.0,0.0
2022-10-18 11:00:00+09:00,893.0,894.0,893.0,894.0,0,0.0,0.0
2022-10-18 12:00:00+09:00,891.0,891.0,891.0,891.0,5300,0.0,0.0
2022-10-18 13:00:00+09:00,891.0,894.0,889.0,894.0,1200,0.0,0.0
2022-10-18 14:00:00+09:00,894.0,894.0,889.0,889.0,300,0.0,0.0
2022-10-19 09:00:00+09:00,888.0,889.0,887.0,887.0,3200,0.0,0.0
2022-10-19 10:00:00+09:00,889.0,889.0,887.0,888.0,800,0.0,0.0
2022-10-19 11:00:00+09:00,888.0,888.0,888.0,888.0,0,0.0,0.0
2022-10-19 12:00:00+09:00,889.0,889.0,889.0,889.0,4600,0.0,0.0
2022-10-19 13:00:00+09:00,889.0,889.0,889.0,889.0,200,0.0,0.0
2022-10-19 14:00:00+09:00,888.0,890.0,888.0,888.0,1600,0.0,0.0
2022-10-20 09:00:00+09:00,890.0,890.0,890.0,890.0,500,0.0,0.0
2022-10-20 10:00:00+09:00,890.0,890.0,890.0,890.0,200,0.0,0.0
2022-10-20 11:00:00+09:00,891.0,892.0,891.0,892.0,0,0.0,0.0
2022-10-20 12:00:00+09:00,892.0,892.0,892.0,892.0,1200,0.0,0.0
2022-10-20 13:00:00+09:00,892.0,892.0,892.0,892.0,100,0.0,0.0
2022-10-20 14:00:00+09:00,891.0,891.0,891.0,891.0,100,0.0,0.0
2022-10-21 09:00:00+09:00,892.0,892.0,892.0,892.0,200,0.0,0.0
2022-10-21 10:00:00+09:00,890.0,892.0,890.0,892.0,200,0.0,0.0
2022-10-21 11:00:00+09:00,892.0,892.0,892.0,892.0,0,0.0,0.0
2022-10-21 12:00:00+09:00,892.0,892.0,892.0,892.0,600,0.0,0.0
2022-10-21 13:00:00+09:00,890.0,892.0,888.0,890.0,1500,0.0,0.0
2022-10-21 14:00:00+09:00,890.0,890.0,890.0,890.0,200,0.0,0.0
2022-10-24 09:00:00+09:00,890.0,891.0,889.0,889.0,2200,0.0,0.0
2022-10-24 10:00:00+09:00,890.0,890.0,888.0,889.0,800,0.0,0.0
2022-10-24 11:00:00+09:00,889.0,889.0,889.0,889.0,0,0.0,0.0
2022-10-24 12:00:00+09:00,889.0,889.0,889.0,889.0,3200,0.0,0.0
2022-10-24 13:00:00+09:00,890.0,890.0,890.0,890.0,100,0.0,0.0
2022-10-24 14:00:00+09:00,889.0,891.0,889.0,891.0,1100,0.0,0.0
2022-10-25 09:00:00+09:00,888.0,891.0,888.0,891.0,1800,0.0,0.0
2022-10-25 11:00:00+09:00,890.0,891.0,889.0,890.0,0,0.0,0.0
2022-10-25 12:00:00+09:00,890.0,890.0,889.0,889.0,2700,0.0,0.0
2022-10-25 14:00:00+09:00,889.0,889.0,889.0,889.0,300,0.0,0.0
2022-10-26 09:00:00+09:00,888.0,891.0,888.0,890.0,2000,0.0,0.0
2022-10-26 10:00:00+09:00,891.0,891.0,891.0,891.0,100,0.0,0.0
2022-10-26 11:00:00+09:00,891.0,891.0,891.0,891.0,0,0.0,0.0
2022-10-26 12:00:00+09:00,891.0,891.0,891.0,891.0,2200,0.0,0.0
2022-10-26 13:00:00+09:00,891.0,891.0,891.0,891.0,500,0.0,0.0
2022-10-26 14:00:00+09:00,891.0,891.0,890.0,890.0,200,0.0,0.0
2022-10-27 09:00:00+09:00,894.0,894.0,890.0,890.0,1000,0.0,0.0
2022-10-27 11:00:00+09:00,890.0,890.0,890.0,890.0,0,0.0,0.0
2022-10-27 12:00:00+09:00,890.0,890.0,889.0,889.0,2700,0.0,0.0
2022-10-27 14:00:00+09:00,890.0,892.0,889.0,892.0,400,0.0,0.0
2022-10-28 09:00:00+09:00,895.0,895.0,895.0,895.0,900,0.0,0.0
2022-10-28 11:00:00+09:00,893.0,893.0,893.0,893.0,0,0.0,0.0
2022-10-28 12:00:00+09:00,895.0,895.0,891.0,891.0,2500,0.0,0.0
2022-10-28 13:00:00+09:00,892.0,892.0,892.0,892.0,100,0.0,0.0
2022-10-28 14:00:00+09:00,895.0,896.0,891.0,891.0,700,0.0,0.0
2022-10-31 09:00:00+09:00,888.0,890.0,888.0,890.0,2800,0.0,0.0
2022-10-31 11:00:00+09:00,890.0,890.0,890.0,890.0,0,0.0,0.0
2022-10-31 12:00:00+09:00,890.0,890.0,890.0,890.0,3100,0.0,0.0
2022-11-01 09:00:00+09:00,897.0,897.0,896.0,896.0,400,0.0,0.0
2022-11-01 10:00:00+09:00,892.0,892.0,892.0,892.0,100,0.0,0.0
2022-11-01 11:00:00+09:00,892.0,892.0,892.0,892.0,0,0.0,0.0
2022-11-01 12:00:00+09:00,892.0,892.0,891.0,891.0,1100,0.0,0.0
2022-11-01 13:00:00+09:00,891.0,891.0,891.0,891.0,200,0.0,0.0
2022-11-01 14:00:00+09:00,890.0,890.0,890.0,890.0,100,0.0,0.0
2022-11-02 09:00:00+09:00,890.0,890.0,888.0,888.0,1000,0.0,0.0
2022-11-02 10:00:00+09:00,895.0,896.0,894.0,894.0,900,0.0,0.0
2022-11-02 11:00:00+09:00,894.0,894.0,894.0,894.0,0,0.0,0.0
2022-11-02 12:00:00+09:00,897.0,897.0,897.0,897.0,2100,0.0,0.0
2022-11-02 13:00:00+09:00,894.0,894.0,891.0,891.0,500,0.0,0.0
2022-11-02 14:00:00+09:00,891.0,891.0,891.0,891.0,200,0.0,0.0
2022-11-04 09:00:00+09:00,889.0,892.0,889.0,889.0,1500,0.0,0.0
2022-11-04 10:00:00+09:00,888.0,888.0,888.0,888.0,100,0.0,0.0
2022-11-04 11:00:00+09:00,888.0,888.0,888.0,888.0,0,0.0,0.0
2022-11-04 12:00:00+09:00,889.0,890.0,889.0,890.0,1800,0.0,0.0
2022-11-04 13:00:00+09:00,889.0,889.0,888.0,888.0,400,0.0,0.0
2022-11-04 14:00:00+09:00,890.0,891.0,888.0,888.0,1400,0.0,0.0
2022-11-07 09:00:00+09:00,894.0,894.0,892.0,892.0,5700,0.0,0.0
2022-11-07 10:00:00+09:00,890.0,890.0,890.0,890.0,100,0.0,0.0
2022-11-07 11:00:00+09:00,890.0,890.0,890.0,890.0,0,0.0,0.0
2022-11-07 12:00:00+09:00,888.0,888.0,888.0,888.0,6000,0.0,0.0
2022-11-07 13:00:00+09:00,889.0,889.0,889.0,889.0,100,0.0,0.0
2022-11-07 14:00:00+09:00,889.0,892.0,887.0,892.0,2000,0.0,0.0
2022-11-08 09:00:00+09:00,893.0,893.0,890.0,890.0,700,0.0,0.0
2022-11-08 11:00:00+09:00,890.0,890.0,890.0,890.0,0,0.0,0.0
2022-11-08 12:00:00+09:00,892.0,893.0,892.0,893.0,1100,0.0,0.0
2022-11-08 14:00:00+09:00,891.0,891.0,891.0,891.0,300,0.0,0.0
2022-11-09 09:00:00+09:00,891.0,892.0,891.0,892.0,400,0.0,0.0
2022-11-09 10:00:00+09:00,891.0,891.0,887.0,887.0,2100,0.0,0.0
2022-11-09 11:00:00+09:00,887.0,887.0,887.0,887.0,0,0.0,0.0
2022-11-09 12:00:00+09:00,889.0,889.0,888.0,888.0,2800,0.0,0.0
2022-11-09 14:00:00+09:00,889.0,889.0,889.0,889.0,300,0.0,0.0
2022-11-10 09:00:00+09:00,899.0,899.0,892.0,892.0,2200,0.0,0.0
2022-11-10 10:00:00+09:00,893.0,896.0,892.0,896.0,700,0.0,0.0
2022-11-10 11:00:00+09:00,896.0,896.0,896.0,896.0,0,0.0,0.0
2022-11-10 12:00:00+09:00,895.0,895.0,894.0,895.0,3400,0.0,0.0
2022-11-10 13:00:00+09:00,895.0,895.0,895.0,895.0,100,0.0,0.0
2022-11-10 14:00:00+09:00,896.0,896.0,894.0,894.0,300,0.0,0.0
2022-11-11 09:00:00+09:00,897.0,900.0,894.0,897.0,2000,0.0,0.0
2022-11-11 10:00:00+09:00,897.0,900.0,895.0,897.0,900,0.0,0.0
2022-11-11 11:00:00+09:00,896.0,896.0,896.0,896.0,0,0.0,0.0
2022-11-11 12:00:00+09:00,896.0,900.0,896.0,899.0,3900,0.0,0.0
2022-11-11 13:00:00+09:00,900.0,938.0,900.0,917.0,24600,0.0,0.0
2022-11-11 14:00:00+09:00,919.0,927.0,917.0,920.0,8100,0.0,0.0
2022-11-14 09:00:00+09:00,920.0,940.0,920.0,930.0,18400,0.0,0.0
2022-11-14 10:00:00+09:00,931.0,941.0,930.0,931.0,6600,0.0,0.0
2022-11-14 11:00:00+09:00,932.0,940.0,932.0,932.0,0,0.0,0.0
2022-11-14 12:00:00+09:00,930.0,940.0,930.0,939.0,28800,0.0,0.0
2022-11-14 13:00:00+09:00,932.0,940.0,931.0,931.0,1700,0.0,0.0
2022-11-14 14:00:00+09:00,933.0,941.0,931.0,941.0,3700,0.0,0.0
2022-11-15 09:00:00+09:00,935.0,942.0,934.0,942.0,5300,0.0,0.0
2022-11-15 10:00:00+09:00,940.0,943.0,938.0,940.0,3000,0.0,0.0
2022-11-15 11:00:00+09:00,940.0,940.0,940.0,940.0,0,0.0,0.0
2022-11-15 12:00:00+09:00,940.0,943.0,935.0,943.0,10700,0.0,0.0
2022-11-15 13:00:00+09:00,941.0,945.0,940.0,945.0,4900,0.0,0.0
2022-11-15 14:00:00+09:00,939.0,944.0,935.0,935.0,4500,0.0,0.0
2022-11-16 09:00:00+09:00,934.0,940.0,930.0,935.0,3700,0.0,0.0
2022-11-16 10:00:00+09:00,935.0,937.0,935.0,937.0,1200,0.0,0.0
2022-11-16 11:00:00+09:00,937.0,937.0,937.0,937.0,0,0.0,0.0
2022-11-16 12:00:00+09:00,935.0,935.0,935.0,935.0,5000,0.0,0.0
2022-11-16 13:00:00+09:00,936.0,940.0,936.0,936.0,1100,0.0,0.0
2022-11-16 14:00:00+09:00,938.0,938.0,935.0,937.0,1200,0.0,0.0
2022-11-17 09:00:00+09:00,936.0,937.0,935.0,937.0,700,0.0,0.0
2022-11-17 10:00:00+09:00,938.0,939.0,933.0,935.0,900,0.0,0.0
2022-11-17 11:00:00+09:00,935.0,935.0,935.0,935.0,0,0.0,0.0
2022-11-17 12:00:00+09:00,937.0,937.0,937.0,937.0,1700,0.0,0.0
2022-11-17 13:00:00+09:00,936.0,938.0,936.0,937.0,1300,0.0,0.0
2022-11-17 14:00:00+09:00,937.0,938.0,937.0,937.0,400,0.0,0.0
2022-11-18 09:00:00+09:00,939.0,939.0,935.0,936.0,1400,0.0,0.0
2022-11-18 10:00:00+09:00,935.0,937.0,935.0,937.0,1300,0.0,0.0
2022-11-18 11:00:00+09:00,937.0,937.0,937.0,937.0,0,0.0,0.0
2022-11-18 12:00:00+09:00,938.0,938.0,937.0,937.0,3600,0.0,0.0
2022-11-18 13:00:00+09:00,937.0,937.0,937.0,937.0,100,0.0,0.0
2022-11-18 14:00:00+09:00,937.0,937.0,937.0,937.0,800,0.0,0.0
2022-11-21 09:00:00+09:00,937.0,937.0,935.0,935.0,800,0.0,0.0
2022-11-21 10:00:00+09:00,936.0,939.0,935.0,938.0,1100,0.0,0.0
2022-11-21 11:00:00+09:00,938.0,938.0,938.0,938.0,0,0.0,0.0
2022-11-21 12:00:00+09:00,935.0,936.0,935.0,936.0,2200,0.0,0.0
2022-11-21 13:00:00+09:00,935.0,935.0,934.0,935.0,400,0.0,0.0
2022-11-21 14:00:00+09:00,934.0,935.0,934.0,935.0,800,0.0,0.0
2022-11-22 09:00:00+09:00,934.0,937.0,934.0,934.0,0,0.0,0.0
2022-11-22 10:00:00+09:00,934.0,934.0,934.0,934.0,1100,0.0,0.0
2022-11-22 11:00:00+09:00,935.0,935.0,933.0,933.0,0,0.0,0.0
2022-11-22 12:00:00+09:00,933.0,933.0,928.0,928.0,4100,0.0,0.0
2022-11-22 13:00:00+09:00,928.0,931.0,928.0,931.0,200,0.0,0.0
2022-11-24 09:00:00+09:00,932.0,934.0,932.0,932.0,1700,0.0,0.0
2022-11-24 10:00:00+09:00,932.0,936.0,932.0,936.0,1500,0.0,0.0
2022-11-24 11:00:00+09:00,936.0,936.0,935.0,936.0,0,0.0,0.0
2022-11-24 12:00:00+09:00,937.0,938.0,937.0,938.0,3800,0.0,0.0
2022-11-24 13:00:00+09:00,935.0,935.0,935.0,935.0,200,0.0,0.0
2022-11-24 14:00:00+09:00,935.0,936.0,935.0,936.0,400,0.0,0.0
2022-11-25 09:00:00+09:00,937.0,938.0,936.0,938.0,2500,0.0,0.0
2022-11-25 10:00:00+09:00,937.0,937.0,937.0,937.0,1800,0.0,0.0
2022-11-25 11:00:00+09:00,937.0,937.0,937.0,937.0,0,0.0,0.0
2022-11-25 12:00:00+09:00,937.0,938.0,937.0,938.0,4600,0.0,0.0
2022-11-25 13:00:00+09:00,938.0,938.0,935.0,935.0,400,0.0,0.0
2022-11-28 09:00:00+09:00,938.0,938.0,935.0,936.0,2100,0.0,0.0
2022-11-28 10:00:00+09:00,936.0,938.0,936.0,936.0,600,0.0,0.0
2022-11-28 11:00:00+09:00,935.0,937.0,935.0,936.0,0,0.0,0.0
2022-11-28 12:00:00+09:00,936.0,938.0,936.0,938.0,3900,0.0,0.0
2022-11-28 13:00:00+09:00,936.0,936.0,935.0,935.0,500,0.0,0.0
2022-11-28 14:00:00+09:00,936.0,936.0,934.0,934.0,1300,0.0,0.0
2022-11-29 09:00:00+09:00,938.0,938.0,936.0,936.0,1100,0.0,0.0
2022-11-29 11:00:00+09:00,936.0,936.0,936.0,936.0,0,0.0,0.0
2022-11-29 12:00:00+09:00,935.0,935.0,934.0,934.0,1700,0.0,0.0
2022-11-29 13:00:00+09:00,936.0,936.0,936.0,936.0,100,0.0,0.0
2022-11-29 14:00:00+09:00,936.0,937.0,936.0,937.0,200,0.0,0.0
2022-11-30 09:00:00+09:00,940.0,940.0,934.0,934.0,1700,0.0,0.0
2022-11-30 10:00:00+09:00,935.0,935.0,935.0,935.0,300,0.0,0.0
2022-11-30 11:00:00+09:00,934.0,936.0,934.0,936.0,0,0.0,0.0
2022-11-30 12:00:00+09:00,936.0,937.0,936.0,937.0,2600,0.0,0.0
2022-11-30 13:00:00+09:00,938.0,938.0,938.0,938.0,700,0.0,0.0
2022-11-30 14:00:00+09:00,938.0,938.0,937.0,938.0,400,0.0,0.0
2022-12-01 09:00:00+09:00,938.0,938.0,937.0,937.0,1000,0.0,0.0
2022-12-01 10:00:00+09:00,939.0,939.0,937.0,938.0,1200,0.0,0.0
2022-12-01 11:00:00+09:00,938.0,938.0,938.0,938.0,0,0.0,0.0
2022-12-01 12:00:00+09:00,938.0,938.0,938.0,938.0,2500,0.0,0.0
2022-12-01 13:00:00+09:00,938.0,938.0,938.0,938.0,300,0.0,0.0
2022-12-01 14:00:00+09:00,938.0,939.0,937.0,939.0,500,0.0,0.0
2022-12-02 09:00:00+09:00,939.0,940.0,938.0,939.0,2900,0.0,0.0
2022-12-02 10:00:00+09:00,939.0,940.0,936.0,936.0,400,0.0,0.0
2022-12-02 11:00:00+09:00,935.0,935.0,935.0,935.0,0,0.0,0.0
2022-12-02 12:00:00+09:00,939.0,939.0,939.0,939.0,3500,0.0,0.0
2022-12-02 14:00:00+09:00,936.0,937.0,936.0,937.0,300,0.0,0.0
2022-12-05 09:00:00+09:00,940.0,940.0,937.0,937.0,1200,0.0,0.0
2022-12-05 10:00:00+09:00,937.0,937.0,933.0,935.0,1400,0.0,0.0
2022-12-05 11:00:00+09:00,935.0,935.0,935.0,935.0,0,0.0,0.0
2022-12-05 12:00:00+09:00,936.0,938.0,936.0,938.0,2900,0.0,0.0
2022-12-05 13:00:00+09:00,938.0,938.0,936.0,937.0,500,0.0,0.0
2022-12-05 14:00:00+09:00,936.0,938.0,935.0,935.0,1100,0.0,0.0
2022-12-06 09:00:00+09:00,934.0,935.0,931.0,931.0,0,0.0,0.0
2022-12-06 10:00:00+09:00,932.0,932.0,932.0,932.0,3200,0.0,0.0
2022-12-06 11:00:00+09:00,932.0,932.0,932.0,932.0,0,0.0,0.0
2022-12-06 12:00:00+09:00,932.0,932.0,931.0,931.0,4100,0.0,0.0
2022-12-06 13:00:00+09:00,932.0,932.0,932.0,932.0,2000,0.0,0.0
2022-12-06 14:00:00+09:00,932.0,932.0,932.0,932.0,100,0.0,0.0
2022-12-07 09:00:00+09:00,934.0,934.0,931.0,933.0,0,0.0,0.0
2022-12-07 11:00:00+09:00,934.0,934.0,934.0,934.0,0,0.0,0.0
2022-12-07 12:00:00+09:00,933.0,933.0,933.0,933.0,1000,0.0,0.0
2022-12-07 14:00:00+09:00,934.0,935.0,933.0,933.0,600,0.0,0.0
2022-12-08 09:00:00+09:00,932.0,937.0,932.0,935.0,800,0.0,0.0
2022-12-08 10:00:00+09:00,936.0,936.0,934.0,934.0,400,0.0,0.0
2022-12-08 11:00:00+09:00,934.0,935.0,934.0,934.0,0,0.0,0.0
2022-12-08 12:00:00+09:00,935.0,935.0,935.0,935.0,2000,0.0,0.0
2022-12-08 13:00:00+09:00,936.0,937.0,935.0,936.0,600,0.0,0.0
2022-12-08 14:00:00+09:00,936.0,936.0,935.0,935.0,300,0.0,0.0
2022-12-09 09:00:00+09:00,939.0,940.0,937.0,940.0,0,0.0,0.0
2022-12-09 10:00:00+09:00,940.0,941.0,940.0,941.0,4400,0.0,0.0
2022-12-09 11:00:00+09:00,941.0,943.0,941.0,943.0,0,0.0,0.0
2022-12-09 12:00:00+09:00,943.0,943.0,942.0,942.0,8300,0.0,0.0
2022-12-09 13:00:00+09:00,941.0,943.0,941.0,941.0,1200,0.0,0.0
2022-12-09 14:00:00+09:00,944.0,945.0,942.0,945.0,3500,0.0,0.0
2022-12-12 09:00:00+09:00,948.0,953.0,944.0,953.0,0,0.0,0.0
2022-12-12 10:00:00+09:00,953.0,955.0,953.0,955.0,10500,0.0,0.0
2022-12-12 11:00:00+09:00,953.0,959.0,951.0,957.0,0,0.0,0.0
2022-12-12 12:00:00+09:00,957.0,959.0,955.0,958.0,17300,0.0,0.0
2022-12-12 13:00:00+09:00,958.0,959.0,957.0,959.0,1500,0.0,0.0
2022-12-12 14:00:00+09:00,956.0,964.0,956.0,964.0,2800,0.0,0.0
2022-12-13 09:00:00+09:00,973.0,976.0,971.0,974.0,5200,0.0,0.0
2022-12-13 10:00:00+09:00,978.0,983.0,977.0,983.0,3600,0.0,0.0
2022-12-13 11:00:00+09:00,982.0,982.0,979.0,982.0,0,0.0,0.0
2022-12-13 12:00:00+09:00,978.0,982.0,978.0,982.0,11300,0.0,0.0
2022-12-13 13:00:00+09:00,980.0,981.0,977.0,981.0,1400,0.0,0.0
2022-12-13 14:00:00+09:00,980.0,982.0,979.0,982.0,2000,0.0,0.0
2022-12-14 09:00:00+09:00,987.0,987.0,983.0,985.0,3600,0.0,0.0
2022-12-14 10:00:00+09:00,985.0,987.0,983.0,985.0,1500,0.0,0.0
2022-12-14 11:00:00+09:00,984.0,987.0,984.0,987.0,0,0.0,0.0
2022-12-14 12:00:00+09:00,982.0,989.0,982.0,984.0,7800,0.0,0.0
2022-12-14 13:00:00+09:00,986.0,986.0,986.0,986.0,0,0.0,0.0
2022-12-14 14:00:00+09:00,985.0,990.0,982.0,990.0,10600,0.0,0.0
2022-12-15 09:00:00+09:00,995.0,997.0,992.0,997.0,4800,0.0,0.0
2022-12-15 10:00:00+09:00,997.0,1002.0,996.0,1000.0,3800,0.0,0.0
2022-12-15 11:00:00+09:00,1001.0,1009.0,1001.0,1009.0,0,0.0,0.0
2022-12-15 12:00:00+09:00,1000.0,1009.0,1000.0,1009.0,16300,0.0,0.0
2022-12-15 13:00:00+09:00,1007.0,1009.0,1001.0,1001.0,2100,0.0,0.0
2022-12-15 14:00:00+09:00,1003.0,1008.0,1002.0,1008.0,1900,0.0,0.0
2022-12-16 09:00:00+09:00,995.0,999.0,994.0,999.0,2700,0.0,0.0
2022-12-16 10:00:00+09:00,998.0,998.0,996.0,997.0,600,0.0,0.0
2022-12-16 11:00:00+09:00,997.0,997.0,997.0,997.0,0,0.0,0.0
2022-12-16 12:00:00+09:00,998.0,998.0,998.0,998.0,3400,0.0,0.0
2022-12-16 13:00:00+09:00,997.0,998.0,997.0,998.0,600,0.0,0.0
2022-12-16 14:00:00+09:00,996.0,996.0,993.0,993.0,600,0.0,0.0
2022-12-19 09:00:00+09:00,995.0,995.0,993.0,993.0,1000,0.0,0.0
2022-12-19 10:00:00+09:00,991.0,991.0,986.0,986.0,1300,0.0,0.0
2022-12-19 11:00:00+09:00,986.0,987.0,981.0,985.0,0,0.0,0.0
2022-12-19 12:00:00+09:00,984.0,984.0,984.0,984.0,4000,0.0,0.0
2022-12-19 13:00:00+09:00,984.0,985.0,984.0,985.0,900,0.0,0.0
2022-12-19 14:00:00+09:00,984.0,990.0,984.0,988.0,700,0.0,0.0
2022-12-20 09:00:00+09:00,984.0,984.0,983.0,984.0,700,0.0,0.0
2022-12-20 10:00:00+09:00,982.0,984.0,982.0,984.0,300,0.0,0.0
2022-12-20 11:00:00+09:00,984.0,984.0,984.0,984.0,0,0.0,0.0
2022-12-20 12:00:00+09:00,984.0,984.0,984.0,984.0,1300,0.0,0.0
2022-12-20 13:00:00+09:00,984.0,989.0,979.0,979.0,4500,0.0,0.0
2022-12-20 14:00:00+09:00,978.0,981.0,975.0,975.0,4300,0.0,0.0
2022-12-21 09:00:00+09:00,983.0,991.0,980.0,987.0,3600,0.0,0.0
2022-12-21 10:00:00+09:00,988.0,988.0,982.0,988.0,800,0.0,0.0
2022-12-21 11:00:00+09:00,988.0,988.0,988.0,988.0,0,0.0,0.0
2022-12-21 12:00:00+09:00,988.0,988.0,985.0,985.0,4700,0.0,0.0
2022-12-21 13:00:00+09:00,983.0,983.0,983.0,983.0,200,0.0,0.0
2022-12-21 14:00:00+09:00,983.0,983.0,981.0,981.0,200,0.0,0.0
2022-12-22 09:00:00+09:00,989.0,989.0,989.0,989.0,600,0.0,0.0
2022-12-22 10:00:00+09:00,986.0,986.0,986.0,986.0,200,0.0,0.0
2022-12-22 11:00:00+09:00,985.0,985.0,985.0,985.0,0,0.0,0.0
2022-12-22 12:00:00+09:00,985.0,985.0,985.0,985.0,1100,0.0,0.0
2022-12-22 13:00:00+09:00,985.0,986.0,985.0,986.0,800,0.0,0.0
2022-12-22 14:00:00+09:00,986.0,988.0,985.0,985.0,500,0.0,0.0
2022-12-23 09:00:00+09:00,986.0,988.0,984.0,988.0,3200,0.0,0.0
2022-12-23 10:00:00+09:00,987.0,990.0,987.0,990.0,400,0.0,0.0
2022-12-23 11:00:00+09:00,990.0,990.0,990.0,990.0,0,0.0,0.0
2022-12-23 12:00:00+09:00,989.0,989.0,988.0,988.0,3800,0.0,0.0
2022-12-23 14:00:00+09:00,988.0,988.0,986.0,986.0,500,0.0,0.0
2022-12-26 09:00:00+09:00,1001.0,1001.0,992.0,994.0,4100,0.0,0.0
2022-12-26 10:00:00+09:00,993.0,995.0,993.0,995.0,400,0.0,0.0
2022-12-26 11:00:00+09:00,993.0,993.0,993.0,993.0,0,0.0,0.0
2022-12-26 12:00:00+09:00,992.0,994.0,992.0,994.0,5000,0.0,0.0
2022-12-26 13:00:00+09:00,992.0,992.0,991.0,992.0,500,0.0,0.0
2022-12-26 14:00:00+09:00,995.0,997.0,993.0,996.0,700,0.0,0.0
2022-12-27 09:00:00+09:00,1010.0,1010.0,995.0,996.0,9800,0.0,0.0
2022-12-27 10:00:00+09:00,996.0,996.0,992.0,992.0,400,0.0,0.0
2022-12-27 11:00:00+09:00,995.0,995.0,995.0,995.0,0,0.0,0.0
2022-12-27 12:00:00+09:00,995.0,995.0,995.0,995.0,15600,0.0,0.0
2022-12-27 14:00:00+09:00,993.0,995.0,992.0,994.0,1300,0.0,0.0
2022-12-28 09:00:00+09:00,1004.0,1004.0,985.0,990.0,0,0.0,0.0
2022-12-28 10:00:00+09:00,995.0,995.0,995.0,995.0,7100,0.0,0.0
2022-12-28 11:00:00+09:00,995.0,995.0,995.0,995.0,0,0.0,0.0
2022-12-28 13:00:00+09:00,995.0,995.0,995.0,995.0,7300,0.0,0.0
2022-12-28 14:00:00+09:00,993.0,997.0,993.0,997.0,400,0.0,0.0
2022-12-29 09:00:00+09:00,1000.0,1000.0,998.0,999.0,3400,0.0,0.0
2022-12-29 10:00:00+09:00,999.0,999.0,998.0,998.0,400,0.0,0.0
2022-12-29 11:00:00+09:00,998.0,998.0,998.0,998.0,0,0.0,0.0
2022-12-29 13:00:00+09:00,994.0,994.0,994.0,994.0,3900,0.0,0.0
2022-12-29 14:00:00+09:00,994.0,994.0,994.0,994.0,100,0.0,0.0
2022-12-30 09:00:00+09:00,999.0,999.0,999.0,999.0,200,0.0,0.0
2022-12-30 10:00:00+09:00,996.0,996.0,996.0,996.0,300,0.0,0.0
2022-12-30 11:00:00+09:00,996.0,996.0,996.0,996.0,0,0.0,0.0
2022-12-30 12:00:00+09:00,997.0,997.0,997.0,997.0,700,0.0,0.0
2022-12-30 13:00:00+09:00,996.0,996.0,996.0,996.0,100,0.0,0.0
2022-12-30 14:00:00+09:00,993.0,993.0,993.0,993.0,200,0.0,0.0
2023-01-04 09:00:00+09:00,1000.0,1001.0,992.0,992.0,3300,0.0,0.0
2023-01-04 10:00:00+09:00,991.0,991.0,990.0,990.0,700,0.0,0.0
2023-01-04 11:00:00+09:00,989.0,989.0,989.0,989.0,0,0.0,0.0
2023-01-04 12:00:00+09:00,993.0,995.0,993.0,995.0,5700,0.0,0.0
2023-01-04 13:00:00+09:00,994.0,995.0,994.0,994.0,700,0.0,0.0
2023-01-04 14:00:00+09:00,995.0,995.0,994.0,995.0,500,0.0,0.0
2023-01-05 09:00:00+09:00,998.0,998.0,995.0,996.0,900,0.0,0.0
2023-01-05 10:00:00+09:00,996.0,996.0,993.0,993.0,800,0.0,0.0
2023-01-05 11:00:00+09:00,992.0,992.0,992.0,992.0,0,0.0,0.0
2023-01-05 12:00:00+09:00,992.0,992.0,992.0,992.0,2000,0.0,0.0
2023-01-05 13:00:00+09:00,991.0,991.0,987.0,987.0,900,0.0,0.0
2023-01-05 14:00:00+09:00,986.0,987.0,985.0,987.0,1500,0.0,0.0
2023-01-06 09:00:00+09:00,985.0,995.0,985.0,993.0,1200,0.0,0.0
2023-01-06 10:00:00+09:00,990.0,990.0,990.0,990.0,100,0.0,0.0
2023-01-06 11:00:00+09:00,990.0,990.0,990.0,990.0,0,0.0,0.0
2023-01-06 12:00:00+09:00,990.0,990.0,990.0,990.0,1500,0.0,0.0
2023-01-06 13:00:00+09:00,990.0,990.0,990.0,990.0,400,0.0,0.0
2023-01-06 14:00:00+09:00,989.0,989.0,989.0,989.0,500,0.0,0.0
2023-01-10 09:00:00+09:00,995.0,995.0,990.0,990.0,2000,0.0,0.0
2023-01-10 10:00:00+09:00,991.0,991.0,991.0,991.0,100,0.0,0.0
2023-01-10 11:00:00+09:00,991.0,991.0,991.0,991.0,0,0.0,0.0
2023-01-10 12:00:00+09:00,991.0,991.0,991.0,991.0,2200,0.0,0.0
2023-01-10 13:00:00+09:00,991.0,991.0,991.0,991.0,200,0.0,0.0
2023-01-10 14:00:00+09:00,990.0,990.0,990.0,990.0,200,0.0,0.0
2023-01-11 09:00:00+09:00,991.0,992.0,987.0,987.0,1600,0.0,0.0
2023-01-11 10:00:00+09:00,989.0,989.0,989.0,989.0,100,0.0,0.0
2023-01-11 11:00:00+09:00,989.0,989.0,989.0,989.0,0,0.0,0.0
2023-01-11 12:00:00+09:00,988.0,988.0,986.0,986.0,2300,0.0,0.0
2023-01-11 13:00:00+09:00,988.0,988.0,988.0,988.0,100,0.0,0.0
2023-01-11 14:00:00+09:00,987.0,987.0,987.0,987.0,100,0.0,0.0
2023-01-12 09:00:00+09:00,985.0,995.0,985.0,995.0,1800,0.0,0.0
2023-01-12 10:00:00+09:00,994.0,995.0,989.0,989.0,300,0.0,0.0
2023-01-12 11:00:00+09:00,991.0,991.0,991.0,991.0,0,0.0,0.0
2023-01-12 12:00:00+09:00,991.0,991.0,991.0,991.0,2300,0.0,0.0
2023-01-12 14:00:00+09:00,991.0,991.0,990.0,990.0,200,0.0,0.0
2023-01-13 09:00:00+09:00,990.0,991.0,990.0,990.0,700,0.0,0.0
2023-01-13 10:00:00+09:00,991.0,991.0,991.0,991.0,100,0.0,0.0
2023-01-13 11:00:00+09:00,991.0,991.0,991.0,991.0,0,0.0,0.0
2023-01-13 12:00:00+09:00,991.0,991.0,990.0,990.0,1200,0.0,0.0
2023-01-13 13:00:00+09:00,989.0,989.0,989.0,989.0,100,0.0,0.0
2023-01-16 09:00:00+09:00,990.0,991.0,990.0,990.0,800,0.0,0.0
2023-01-16 10:00:00+09:00,990.0,993.0,990.0,993.0,300,0.0,0.0
2023-01-16 11:00:00+09:00,993.0,993.0,993.0,993.0,0,0.0,0.0
2023-01-16 12:00:00+09:00,990.0,990.0,988.0,988.0,2000,0.0,0.0
2023-01-16 13:00:00+09:00,988.0,988.0,985.0,985.0,400,0.0,0.0
2023-01-16 14:00:00+09:00,986.0,986.0,986.0,986.0,100,0.0,0.0
2023-01-17 09:00:00+09:00,990.0,991.0,988.0,989.0,600,0.0,0.0
2023-01-17 10:00:00+09:00,989.0,989.0,989.0,989.0,200,0.0,0.0
2023-01-17 11:00:00+09:00,989.0,989.0,989.0,989.0,0,0.0,0.0
2023-01-17 12:00:00+09:00,987.0,987.0,987.0,987.0,900,0.0,0.0
2023-01-17 14:00:00+09:00,986.0,987.0,985.0,987.0,900,0.0,0.0
2023-01-18 09:00:00+09:00,988.0,988.0,988.0,988.0,100,0.0,0.0
2023-01-18 10:00:00+09:00,987.0,988.0,987.0,988.0,200,0.0,0.0
2023-01-18 11:00:00+09:00,988.0,988.0,988.0,988.0,0,0.0,0.0
2023-01-18 12:00:00+09:00,984.0,984.0,984.0,984.0,400,0.0,0.0
2023-01-18 13:00:00+09:00,987.0,988.0,987.0,988.0,200,0.0,0.0
2023-01-18 14:00:00+09:00,985.0,987.0,985.0,987.0,300,0.0,0.0
2023-01-19 09:00:00+09:00,984.0,986.0,984.0,986.0,400,0.0,0.0
2023-01-19 10:00:00+09:00,987.0,988.0,985.0,985.0,400,0.0,0.0
2023-01-19 11:00:00+09:00,985.0,985.0,985.0,985.0,0,0.0,0.0
2023-01-19 12:00:00+09:00,984.0,984.0,984.0,984.0,900,0.0,0.0
2023-01-19 13:00:00+09:00,984.0,984.0,984.0,984.0,200,0.0,0.0
2023-01-19 14:00:00+09:00,984.0,984.0,984.0,984.0,100,0.0,0.0
2023-01-20 09:00:00+09:00,988.0,988.0,988.0,988.0,500,0.0,0.0
2023-01-20 10:00:00+09:00,988.0,993.0,988.0,993.0,4900,0.0,0.0
2023-01-20 11:00:00+09:00,992.0,992.0,992.0,992.0,0,0.0,0.0
2023-01-20 12:00:00+09:00,992.0,994.0,992.0,994.0,9400,0.0,0.0
2023-01-20 13:00:00+09:00,990.0,990.0,990.0,990.0,100,0.0,0.0
2023-01-20 14:00:00+09:00,993.0,994.0,993.0,994.0,4700,0.0,0.0
2023-01-23 09:00:00+09:00,1000.0,1000.0,997.0,997.0,4500,0.0,0.0
2023-01-23 10:00:00+09:00,1001.0,1001.0,998.0,998.0,500,0.0,0.0
2023-01-23 11:00:00+09:00,999.0,999.0,999.0,999.0,0,0.0,0.0
2023-01-23 12:00:00+09:00,999.0,999.0,996.0,996.0,5900,0.0,0.0
2023-01-23 13:00:00+09:00,998.0,1000.0,998.0,1000.0,4000,0.0,0.0
2023-01-23 14:00:00+09:00,1000.0,1002.0,1000.0,1002.0,1700,0.0,0.0
2023-01-24 09:00:00+09:00,1002.0,1003.0,1001.0,1001.0,800,0.0,0.0
2023-01-24 10:00:00+09:00,1000.0,1000.0,999.0,999.0,400,0.0,0.0
2023-01-24 11:00:00+09:00,999.0,999.0,999.0,999.0,0,0.0,0.0
2023-01-24 12:00:00+09:00,1000.0,1000.0,999.0,999.0,1700,0.0,0.0
2023-01-24 13:00:00+09:00,998.0,1001.0,997.0,1001.0,1000,0.0,0.0
2023-01-24 14:00:00+09:00,1000.0,1000.0,1000.0,1000.0,300,0.0,0.0
2023-01-25 09:00:00+09:00,1001.0,1001.0,999.0,999.0,1700,0.0,0.0
2023-01-25 10:00:00+09:00,1001.0,1001.0,1001.0,1001.0,100,0.0,0.0
2023-01-25 11:00:00+09:00,1000.0,1001.0,1000.0,1001.0,0,0.0,0.0
2023-01-25 12:00:00+09:00,1001.0,1001.0,1000.0,1000.0,2600,0.0,0.0
2023-01-25 13:00:00+09:00,1002.0,1002.0,1002.0,1002.0,100,0.0,0.0
2023-01-25 14:00:00+09:00,1002.0,1002.0,1001.0,1002.0,300,0.0,0.0
2023-01-26 09:00:00+09:00,1002.0,1002.0,1000.0,1000.0,900,0.0,0.0
2023-01-26 10:00:00+09:00,1001.0,1001.0,1000.0,1000.0,300,0.0,0.0
2023-01-26 11:00:00+09:00,1000.0,1000.0,1000.0,1000.0,0,0.0,0.0
2023-01-26 12:00:00+09:00,1000.0,1001.0,999.0,999.0,2000,0.0,0.0
2023-01-26 13:00:00+09:00,1001.0,1001.0,1001.0,1001.0,200,0.0,0.0
2023-01-26 14:00:00+09:00,1000.0,1001.0,1000.0,1001.0,300,0.0,0.0
2023-01-27 09:00:00+09:00,1002.0,1002.0,1001.0,1002.0,5400,0.0,0.0
2023-01-27 10:00:00+09:00,1000.0,1002.0,1000.0,1002.0,200,0.0,0.0
2023-01-27 11:00:00+09:00,1002.0,1002.0,1002.0,1002.0,0,0.0,0.0
2023-01-27 12:00:00+09:00,1002.0,1004.0,1002.0,1004.0,6700,0.0,0.0
2023-01-27 13:00:00+09:00,1004.0,1005.0,1004.0,1005.0,700,0.0,0.0
2023-01-30 09:00:00+09:00,1008.0,1008.0,1006.0,1006.0,1700,0.0,0.0
2023-01-30 10:00:00+09:00,1005.0,1007.0,1005.0,1007.0,1100,0.0,0.0
2023-01-30 11:00:00+09:00,1007.0,1007.0,1007.0,1007.0,0,0.0,0.0
2023-01-30 12:00:00+09:00,1007.0,1007.0,1004.0,1006.0,3200,0.0,0.0
2023-01-30 14:00:00+09:00,1006.0,1007.0,1006.0,1007.0,700,0.0,0.0
2023-01-31 09:00:00+09:00,1010.0,1015.0,1009.0,1015.0,6100,0.0,0.0
2023-01-31 10:00:00+09:00,1013.0,1013.0,1012.0,1012.0,200,0.0,0.0
2023-01-31 11:00:00+09:00,1015.0,1015.0,1015.0,1015.0,0,0.0,0.0
2023-01-31 12:00:00+09:00,1019.0,1020.0,1019.0,1020.0,9100,0.0,0.0
2023-01-31 13:00:00+09:00,1017.0,1019.0,974.0,987.0,25600,0.0,0.0
2023-01-31 14:00:00+09:00,985.0,990.0,981.0,982.0,3600,0.0,0.0
2023-02-01 09:00:00+09:00,976.0,992.0,976.0,987.0,6300,0.0,0.0
2023-02-01 10:00:00+09:00,988.0,988.0,985.0,985.0,1200,0.0,0.0
2023-02-01 11:00:00+09:00,985.0,985.0,985.0,985.0,0,0.0,0.0
2023-02-01 12:00:00+09:00,985.0,985.0,977.0,977.0,8500,0.0,0.0
2023-02-01 14:00:00+09:00,982.0,982.0,982.0,982.0,100,0.0,0.0
2023-02-02 09:00:00+09:00,984.0,984.0,981.0,981.0,900,0.0,0.0
2023-02-02 10:00:00+09:00,981.0,982.0,981.0,982.0,0,0.0,0.0
2023-02-02 11:00:00+09:00,981.0,981.0,980.0,980.0,0,0.0,0.0
2023-02-02 12:00:00+09:00,980.0,980.0,979.0,979.0,2100,0.0,0.0
2023-02-02 13:00:00+09:00,980.0,981.0,980.0,981.0,500,0.0,0.0
2023-02-02 14:00:00+09:00,982.0,982.0,980.0,982.0,300,0.0,0.0
2023-02-03 09:00:00+09:00,988.0,988.0,985.0,986.0,500,0.0,0.0
2023-02-03 10:00:00+09:00,986.0,986.0,986.0,986.0,100,0.0,0.0
2023-02-03 11:00:00+09:00,985.0,985.0,981.0,981.0,0,0.0,0.0
2023-02-03 12:00:00+09:00,983.0,983.0,983.0,983.0,2500,0.0,0.0
2023-02-03 13:00:00+09:00,983.0,983.0,980.0,980.0,300,0.0,0.0
2023-02-03 14:00:00+09:00,982.0,982.0,981.0,981.0,200,0.0,0.0
2023-02-06 09:00:00+09:00,994.0,994.0,986.0,986.0,2500,0.0,0.0
2023-02-06 10:00:00+09:00,988.0,988.0,986.0,986.0,200,0.0,0.0
2023-02-06 11:00:00+09:00,986.0,986.0,986.0,986.0,0,0.0,0.0
2023-02-06 12:00:00+09:00,986.0,986.0,985.0,985.0,5400,0.0,0.0
2023-02-06 13:00:00+09:00,985.0,985.0,985.0,985.0,200,0.0,0.0
2023-02-06 14:00:00+09:00,983.0,985.0,983.0,985.0,600,0.0,0.0
2023-02-07 09:00:00+09:00,985.0,992.0,985.0,992.0,7800,0.0,0.0
2023-02-07 10:00:00+09:00,992.0,1000.0,992.0,1000.0,2700,0.0,0.0
2023-02-07 11:00:00+09:00,998.0,999.0,995.0,995.0,0,0.0,0.0
2023-02-07 12:00:00+09:00,985.0,988.0,985.0,988.0,13100,0.0,0.0
2023-02-07 13:00:00+09:00,987.0,996.0,987.0,987.0,900,0.0,0.0
2023-02-07 14:00:00+09:00,987.0,990.0,987.0,988.0,800,0.0,0.0
2023-02-08 09:00:00+09:00,988.0,994.0,983.0,983.0,0,0.0,0.0
2023-02-08 10:00:00+09:00,983.0,983.0,982.0,983.0,5300,0.0,0.0
2023-02-08 11:00:00+09:00,984.0,984.0,984.0,984.0,0,0.0,0.0
2023-02-08 12:00:00+09:00,983.0,984.0,983.0,984.0,5700,0.0,0.0
2023-02-08 13:00:00+09:00,985.0,985.0,985.0,985.0,100,0.0,0.0
2023-02-09 09:00:00+09:00,990.0,990.0,986.0,987.0,700,0.0,0.0
2023-02-09 10:00:00+09:00,987.0,987.0,987.0,987.0,600,0.0,0.0
2023-02-09 11:00:00+09:00,987.0,987.0,987.0,987.0,0,0.0,0.0
2023-02-09 12:00:00+09:00,990.0,990.0,990.0,990.0,1700,0.0,0.0
2023-02-09 13:00:00+09:00,989.0,989.0,989.0,989.0,100,0.0,0.0
2023-02-09 14:00:00+09:00,990.0,990.0,990.0,990.0,100,0.0,0.0
2023-02-10 09:00:00+09:00,990.0,990.0,987.0,988.0,600,0.0,0.0
2023-02-10 11:00:00+09:00,988.0,989.0,988.0,989.0,0,0.0,0.0
2023-02-10 12:00:00+09:00,989.0,993.0,989.0,993.0,1600,0.0,0.0
2023-02-10 13:00:00+09:00,993.0,994.0,993.0,994.0,1500,0.0,0.0
2023-02-10 14:00:00+09:00,994.0,995.0,988.0,995.0,700,0.0,0.0
2023-02-13 09:00:00+09:00,998.0,1001.0,992.0,992.0,2200,0.0,0.0
2023-02-13 10:00:00+09:00,995.0,995.0,995.0,995.0,100,0.0,0.0
2023-02-13 11:00:00+09:00,995.0,995.0,995.0,995.0,0,0.0,0.0
2023-02-13 12:00:00+09:00,995.0,996.0,995.0,996.0,2500,0.0,0.0
2023-02-13 13:00:00+09:00,999.0,1000.0,999.0,1000.0,300,0.0,0.0
2023-02-13 14:00:00+09:00,1001.0,1005.0,1001.0,1005.0,700,0.0,0.0
2023-02-14 09:00:00+09:00,1004.0,1009.0,1004.0,1007.0,1000,0.0,0.0
2023-02-14 11:00:00+09:00,1003.0,1003.0,1003.0,1003.0,0,0.0,0.0
2023-02-14 12:00:00+09:00,1002.0,1004.0,1002.0,1004.0,1300,0.0,0.0
2023-02-14 14:00:00+09:00,1005.0,1006.0,1005.0,1005.0,1100,0.0,0.0
2023-02-15 09:00:00+09:00,1002.0,1006.0,1002.0,1006.0,500,0.0,0.0
2023-02-15 11:00:00+09:00,1006.0,1006.0,1006.0,1006.0,0,0.0,0.0
2023-02-15 12:00:00+09:00,1004.0,1004.0,1004.0,1004.0,800,0.0,0.0
2023-02-15 13:00:00+09:00,1005.0,1006.0,1005.0,1006.0,200,0.0,0.0
2023-02-15 14:00:00+09:00,1006.0,1006.0,1006.0,1006.0,200,0.0,0.0
2023-02-16 09:00:00+09:00,1006.0,1008.0,1005.0,1006.0,900,0.0,0.0
2023-02-16 10:00:00+09:00,1009.0,1009.0,1007.0,1009.0,400,0.0,0.0
2023-02-16 11:00:00+09:00,1009.0,1009.0,1009.0,1009.0,0,0.0,0.0
2023-02-16 12:00:00+09:00,1009.0,1009.0,1009.0,1009.0,1400,0.0,0.0
2023-02-17 09:00:00+09:00,1006.0,1006.0,1006.0,1006.0,300,0.0,0.0
2023-02-17 10:00:00+09:00,1007.0,1009.0,1007.0,1009.0,400,0.0,0.0
2023-02-17 11:00:00+09:00,1008.0,1008.0,1008.0,1008.0,0,0.0,0.0
2023-02-17 12:00:00+09:00,1008.0,1008.0,1006.0,1006.0,1200,0.0,0.0
2023-02-17 13:00:00+09:00,1008.0,1008.0,1008.0,1008.0,100,0.0,0.0
2023-02-17 14:00:00+09:00,1008.0,1010.0,1007.0,1007.0,500,0.0,0.0
2023-02-20 09:00:00+09:00,1005.0,1005.0,1000.0,1000.0,4400,0.0,0.0
2023-02-20 10:00:00+09:00,1002.0,1002.0,1002.0,1002.0,200,0.0,0.0
2023-02-20 11:00:00+09:00,1001.0,1001.0,1000.0,1000.0,0,0.0,0.0
2023-02-20 12:00:00+09:00,1000.0,1002.0,1000.0,1002.0,5500,0.0,0.0
2023-02-20 14:00:00+09:00,1000.0,1000.0,996.0,998.0,2000,0.0,0.0
2023-02-21 09:00:00+09:00,1003.0,1003.0,1003.0,1003.0,100,0.0,0.0
2023-02-21 11:00:00+09:00,1003.0,1003.0,1003.0,1003.0,0,0.0,0.0
2023-02-21 12:00:00+09:00,1003.0,1003.0,1003.0,1003.0,200,0.0,0.0
2023-02-21 13:00:00+09:00,1005.0,1006.0,1005.0,1006.0,1100,0.0,0.0
2023-02-21 14:00:00+09:00,1005.0,1005.0,1004.0,1004.0,300,0.0,0.0
2023-02-22 09:00:00+09:00,998.0,1000.0,998.0,999.0,1300,0.0,0.0
2023-02-22 10:00:00+09:00,1000.0,1000.0,1000.0,1000.0,100,0.0,0.0
2023-02-22 11:00:00+09:00,1000.0,1000.0,1000.0,1000.0,0,0.0,0.0
2023-02-22 12:00:00+09:00,1000.0,1000.0,1000.0,1000.0,1500,0.0,0.0
2023-02-22 13:00:00+09:00,999.0,999.0,998.0,998.0,700,0.0,0.0
2023-02-22 14:00:00+09:00,998.0,1000.0,998.0,1000.0,200,0.0,0.0
2023-02-24 09:00:00+09:00,1005.0,1010.0,1005.0,1010.0,1400,0.0,0.0
2023-02-24 10:00:00+09:00,1010.0,1015.0,1010.0,1014.0,1000,0.0,0.0
2023-02-24 11:00:00+09:00,1013.0,1015.0,1013.0,1015.0,0,0.0,0.0
2023-02-24 12:00:00+09:00,1015.0,1015.0,1010.0,1010.0,4100,0.0,0.0
2023-02-24 13:00:00+09:00,1013.0,1014.0,1011.0,1011.0,300,0.0,0.0
2023-02-24 14:00:00+09:00,1009.0,1009.0,1008.0,1008.0,200,0.0,0.0
2023-02-27 09:00:00+09:00,1019.0,1019.0,1011.0,1013.0,2600,0.0,0.0
2023-02-27 10:00:00+09:00,1011.0,1011.0,1010.0,1010.0,600,0.0,0.0
2023-02-27 11:00:00+09:00,1010.0,1010.0,1010.0,1010.0,0,0.0,0.0
2023-02-27 12:00:00+09:00,1010.0,1013.0,1010.0,1013.0,3800,0.0,0.0
2023-02-27 13:00:00+09:00,1012.0,1016.0,1011.0,1016.0,400,0.0,0.0
2023-02-27 14:00:00+09:00,1012.0,1015.0,1012.0,1013.0,1300,0.0,0.0
2023-02-28 09:00:00+09:00,1019.0,1020.0,1016.0,1017.0,2000,0.0,0.0
2023-02-28 10:00:00+09:00,1018.0,1019.0,1018.0,1019.0,700,0.0,0.0
2023-02-28 11:00:00+09:00,1018.0,1022.0,1018.0,1019.0,0,0.0,0.0
2023-02-28 12:00:00+09:00,1022.0,1022.0,1021.0,1021.0,6800,0.0,0.0
2023-02-28 13:00:00+09:00,1022.0,1023.0,1011.0,1016.0,5500,0.0,0.0
2023-02-28 14:00:00+09:00,1016.0,1020.0,1014.0,1020.0,1300,0.0,0.0
2023-03-01 09:00:00+09:00,1027.0,1028.0,1024.0,1025.0,2600,0.0,0.0
2023-03-01 10:00:00+09:00,1027.0,1038.0,1027.0,1038.0,2800,0.0,0.0
2023-03-01 11:00:00+09:00,1036.0,1038.0,1036.0,1038.0,0,0.0,0.0
2023-03-01 12:00:00+09:00,1036.0,1036.0,1036.0,1036.0,6500,0.0,0.0
2023-03-01 13:00:00+09:00,1037.0,1037.0,1037.0,1037.0,100,0.0,0.0
2023-03-01 14:00:00+09:00,1036.0,1036.0,1036.0,1036.0,800,0.0,0.0
2023-03-02 09:00:00+09:00,1040.0,1040.0,1036.0,1036.0,1600,0.0,0.0
2023-03-02 10:00:00+09:00,1038.0,1040.0,1037.0,1037.0,2000,0.0,0.0
2023-03-02 11:00:00+09:00,1039.0,1039.0,1037.0,1037.0,0,0.0,0.0
2023-03-02 12:00:00+09:00,1040.0,1040.0,1039.0,1039.0,4300,0.0,0.0
2023-03-02 13:00:00+09:00,1040.0,1040.0,1040.0,1040.0,200,0.0,0.0
2023-03-02 14:00:00+09:00,1039.0,1041.0,1036.0,1041.0,1300,0.0,0.0
2023-03-03 09:00:00+09:00,1040.0,1043.0,1040.0,1041.0,1800,0.0,0.0
2023-03-03 10:00:00+09:00,1042.0,1044.0,1042.0,1044.0,900,0.0,0.0
2023-03-03 11:00:00+09:00,1044.0,1044.0,1044.0,1044.0,0,0.0,0.0
2023-03-03 12:00:00+09:00,1044.0,1050.0,1043.0,1050.0,5800,0.0,0.0
2023-03-03 13:00:00+09:00,1050.0,1051.0,1046.0,1050.0,2700,0.0,0.0
2023-03-06 09:00:00+09:00,1050.0,1055.0,1050.0,1055.0,5400,0.0,0.0
2023-03-06 10:00:00+09:00,1052.0,1052.0,1047.0,1048.0,1000,0.0,0.0
2023-03-06 11:00:00+09:00,1048.0,1048.0,1048.0,1048.0,0,0.0,0.0
2023-03-06 12:00:00+09:00,1048.0,1048.0,1048.0,1048.0,0,0.0,0.0
2023-03-06 13:00:00+09:00,1052.0,1057.0,1048.0,1048.0,8100,0.0,0.0
2023-03-06 14:00:00+09:00,1048.0,1049.0,1041.0,1041.0,2700,0.0,0.0
2023-03-07 09:00:00+09:00,1064.0,1067.0,1054.0,1067.0,0,0.0,0.0
2023-03-07 10:00:00+09:00,1067.0,1067.0,1056.0,1060.0,7800,0.0,0.0
2023-03-07 11:00:00+09:00,1061.0,1061.0,1061.0,1061.0,0,0.0,0.0
2023-03-07 12:00:00+09:00,1060.0,1060.0,1060.0,1060.0,8500,0.0,0.0
2023-03-07 13:00:00+09:00,1056.0,1056.0,1048.0,1048.0,1300,0.0,0.0
2023-03-07 14:00:00+09:00,1049.0,1050.0,1040.0,1042.0,4400,0.0,0.0
2023-03-08 09:00:00+09:00,1052.0,1066.0,1052.0,1056.0,1800,0.0,0.0
2023-03-08 10:00:00+09:00,1053.0,1065.0,1053.0,1065.0,1800,0.0,0.0
2023-03-08 11:00:00+09:00,1065.0,1067.0,1059.0,1059.0,0,0.0,0.0
2023-03-08 12:00:00+09:00,1060.0,1066.0,1060.0,1066.0,4200,0.0,0.0
2023-03-08 13:00:00+09:00,1061.0,1061.0,1060.0,1060.0,300,0.0,0.0
2023-03-08 14:00:00+09:00,1062.0,1068.0,1062.0,1062.0,2500,0.0,0.0
2023-03-09 09:00:00+09:00,1060.0,1061.0,1060.0,1060.0,600,0.0,0.0
2023-03-09 10:00:00+09:00,1060.0,1061.0,1060.0,1060.0,500,0.0,0.0
2023-03-09 11:00:00+09:00,1060.0,1060.0,1059.0,1059.0,0,0.0,0.0
2023-03-09 12:00:00+09:00,1062.0,1062.0,1062.0,1062.0,2000,0.0,0.0
2023-03-09 13:00:00+09:00,1063.0,1063.0,1061.0,1061.0,500,0.0,0.0
2023-03-09 14:00:00+09:00,1061.0,1065.0,1060.0,1065.0,2300,0.0,0.0
2023-03-10 09:00:00+09:00,1067.0,1067.0,1060.0,1060.0,2300,0.0,0.0
2023-03-10 10:00:00+09:00,1062.0,1062.0,1057.0,1057.0,700,0.0,0.0
2023-03-10 11:00:00+09:00,1054.0,1054.0,1048.0,1048.0,0,0.0,0.0
2023-03-10 12:00:00+09:00,1050.0,1056.0,1050.0,1056.0,6000,0.0,0.0
2023-03-10 13:00:00+09:00,1056.0,1056.0,1052.0,1056.0,300,0.0,0.0
2023-03-10 14:00:00+09:00,1052.0,1052.0,1052.0,1052.0,400,0.0,0.0
2023-03-13 09:00:00+09:00,1052.0,1052.0,1025.0,1025.0,5000,0.0,0.0
2023-03-13 10:00:00+09:00,1031.0,1031.0,1031.0,1031.0,300,0.0,0.0
2023-03-13 11:00:00+09:00,1030.0,1030.0,1028.0,1028.0,0,0.0,0.0
2023-03-13 12:00:00+09:00,1014.0,1017.0,1014.0,1017.0,8000,0.0,0.0
2023-03-13 13:00:00+09:00,1016.0,1021.0,1016.0,1021.0,300,0.0,0.0
2023-03-13 14:00:00+09:00,1024.0,1032.0,1018.0,1032.0,400,0.0,0.0
2023-03-14 09:00:00+09:00,1030.0,1030.0,1010.0,1010.0,4400,0.0,0.0
2023-03-14 10:00:00+09:00,1011.0,1011.0,1011.0,1011.0,100,0.0,0.0
2023-03-14 11:00:00+09:00,1012.0,1018.0,1011.0,1011.0,0,0.0,0.0
2023-03-14 12:00:00+09:00,1015.0,1015.0,1015.0,1015.0,5100,0.0,0.0
2023-03-14 13:00:00+09:00,1015.0,1015.0,1001.0,1001.0,0,0.0,0.0
2023-03-14 14:00:00+09:00,1005.0,1014.0,1005.0,1014.0,7700,0.0,0.0
2023-03-15 09:00:00+09:00,1027.0,1028.0,1023.0,1023.0,1000,0.0,0.0
2023-03-15 10:00:00+09:00,1026.0,1026.0,1026.0,1026.0,300,0.0,0.0
2023-03-15 11:00:00+09:00,1026.0,1026.0,1026.0,1026.0,0,0.0,0.0
2023-03-15 12:00:00+09:00,1026.0,1026.0,1026.0,1026.0,1400,0.0,0.0
2023-03-15 13:00:00+09:00,1024.0,1024.0,1024.0,1024.0,100,0.0,0.0
2023-03-15 14:00:00+09:00,1024.0,1024.0,1024.0,1024.0,100,0.0,0.0
2023-03-16 09:00:00+09:00,1010.0,1017.0,1002.0,1017.0,5000,0.0,0.0
2023-03-16 10:00:00+09:00,1018.0,1018.0,1017.0,1017.0,200,0.0,0.0
2023-03-16 11:00:00+09:00,1017.0,1017.0,1017.0,1017.0,0,0.0,0.0
2023-03-16 12:00:00+09:00,1016.0,1016.0,1010.0,1010.0,5400,0.0,0.0
2023-03-16 14:00:00+09:00,1013.0,1013.0,1010.0,1010.0,500,0.0,0.0
2023-03-17 09:00:00+09:00,1010.0,1019.0,1010.0,1019.0,400,0.0,0.0
2023-03-17 10:00:00+09:00,1020.0,1020.0,1020.0,1020.0,100,0.0,0.0
2023-03-17 11:00:00+09:00,1022.0,1022.0,1022.0,1022.0,0,0.0,0.0
2023-03-17 12:00:00+09:00,1024.0,1025.0,1024.0,1025.0,1000,0.0,0.0
2023-03-17 13:00:00+09:00,1023.0,1023.0,1008.0,1008.0,2200,0.0,0.0
2023-03-17 14:00:00+09:00,1010.0,1010.0,1006.0,1006.0,1400,0.0,0.0
2023-03-20 09:00:00+09:00,1011.0,1013.0,1011.0,1013.0,400,0.0,0.0
2023-03-20 10:00:00+09:00,1013.0,1013.0,1005.0,1005.0,1900,0.0,0.0
2023-03-20 11:00:00+09:00,1005.0,1005.0,1003.0,1003.0,0,0.0,0.0
2023-03-20 12:00:00+09:00,1003.0,1003.0,1003.0,1003.0,2900,0.0,0.0
2023-03-20 13:00:00+09:00,1003.0,1003.0,1000.0,1000.0,3100,0.0,0.0
2023-03-20 14:00:00+09:00,1000.0,1000.0,996.0,996.0,3100,0.0,0.0
2023-03-22 09:00:00+09:00,1014.0,1016.0,1012.0,1016.0,2100,0.0,0.0
2023-03-22 10:00:00+09:00,1012.0,1012.0,1007.0,1009.0,900,0.0,0.0
2023-03-22 11:00:00+09:00,1007.0,1007.0,1005.0,1005.0,0,0.0,0.0
2023-03-22 12:00:00+09:00,1010.0,1016.0,1004.0,1014.0,4100,0.0,0.0
2023-03-22 13:00:00+09:00,1014.0,1014.0,1014.0,1014.0,200,0.0,0.0
2023-03-22 14:00:00+09:00,1014.0,1020.0,1014.0,1020.0,700,0.0,0.0
2023-03-23 09:00:00+09:00,1016.0,1016.0,1011.0,1016.0,900,0.0,0.0
2023-03-23 10:00:00+09:00,1013.0,1013.0,1008.0,1008.0,400,0.0,0.0
2023-03-23 11:00:00+09:00,1011.0,1014.0,1011.0,1014.0,0,0.0,0.0
2023-03-23 12:00:00+09:00,1015.0,1060.0,1015.0,1030.0,6000,0.0,0.0
2023-03-23 13:00:00+09:00,1030.0,1030.0,1022.0,1022.0,1200,0.0,0.0
2023-03-23 14:00:00+09:00,1022.0,1022.0,1018.0,1018.0,700,0.0,0.0
2023-03-24 09:00:00+09:00,1030.0,1035.0,1027.0,1027.0,4900,0.0,0.0
2023-03-24 10:00:00+09:00,1026.0,1026.0,1026.0,1026.0,100,0.0,0.0
2023-03-24 11:00:00+09:00,1026.0,1026.0,1026.0,1026.0,0,0.0,0.0
2023-03-24 12:00:00+09:00,1025.0,1025.0,1025.0,1025.0,5200,0.0,0.0
2023-03-24 13:00:00+09:00,1024.0,1025.0,1015.0,1015.0,1100,0.0,0.0
2023-03-24 14:00:00+09:00,1014.0,1015.0,1013.0,1015.0,800,0.0,0.0
2023-03-27 09:00:00+09:00,1033.0,1033.0,1017.0,1017.0,7500,0.0,0.0
2023-03-27 10:00:00+09:00,1021.0,1021.0,1021.0,1021.0,100,0.0,0.0
2023-03-27 11:00:00+09:00,1021.0,1021.0,1021.0,1021.0,0,0.0,0.0
2023-03-27 12:00:00+09:00,1020.0,1020.0,1020.0,1020.0,7800,0.0,0.0
2023-03-27 13:00:00+09:00,1022.0,1022.0,1016.0,1016.0,800,0.0,0.0
2023-03-27 14:00:00+09:00,1015.0,1020.0,1015.0,1020.0,200,0.0,0.0
2023-03-28 09:00:00+09:00,1030.0,1030.0,1028.0,1028.0,1100,0.0,0.0
2023-03-28 10:00:00+09:00,1029.0,1029.0,1029.0,1029.0,0,0.0,0.0
2023-03-28 11:00:00+09:00,1026.0,1026.0,1026.0,1026.0,0,0.0,0.0
2023-03-28 12:00:00+09:00,1028.0,1028.0,1027.0,1027.0,1700,0.0,0.0
2023-03-28 13:00:00+09:00,1025.0,1025.0,1020.0,1021.0,1600,0.0,0.0
2023-03-28 14:00:00+09:00,1023.0,1023.0,1021.0,1022.0,1100,0.0,0.0
2023-03-29 09:00:00+09:00,1028.0,1028.0,1022.0,1022.0,1800,0.0,0.0
2023-03-29 10:00:00+09:00,1024.0,1025.0,1024.0,1025.0,200,0.0,0.0
2023-03-29 11:00:00+09:00,1024.0,1025.0,1021.0,1021.0,0,0.0,0.0
2023-03-29 12:00:00+09:00,1021.0,1026.0,1021.0,1026.0,2900,0.0,0.0
2023-03-29 13:00:00+09:00,1026.0,1026.0,1021.0,1021.0,600,0.0,0.0
2023-03-29 14:00:00+09:00,1023.0,1025.0,1023.0,1025.0,1300,0.0,0.0
2023-03-30 09:00:00+09:00,1006.0,1014.0,1006.0,1008.0,1200,23.0,0.0
2023-03-30 11:00:00+09:00,1010.0,1012.0,1010.0,1012.0,0,0.0,0.0
2023-03-30 12:00:00+09:00,1009.0,1013.0,1009.0,1013.0,1800,0.0,0.0
2023-03-30 14:00:00+09:00,1012.0,1013.0,1012.0,1013.0,200,0.0,0.0
2023-03-31 09:00:00+09:00,1020.0,1049.0,1020.0,1041.0,5100,0.0,0.0
2023-03-31 10:00:00+09:00,1040.0,1040.0,1037.0,1040.0,600,0.0,0.0
2023-03-31 11:00:00+09:00,1040.0,1040.0,1040.0,1040.0,0,0.0,0.0
2023-03-31 12:00:00+09:00,1040.0,1040.0,1040.0,1040.0,5900,0.0,0.0
2023-03-31 13:00:00+09:00,1038.0,1039.0,1035.0,1037.0,1200,0.0,0.0
2023-03-31 14:00:00+09:00,1036.0,1040.0,1036.0,1040.0,1400,0.0,0.0
2023-04-03 09:00:00+09:00,1043.0,1051.0,1040.0,1046.0,5400,0.0,0.0
2023-04-03 10:00:00+09:00,1044.0,1047.0,1038.0,1038.0,500,0.0,0.0
2023-04-03 11:00:00+09:00,1041.0,1052.0,1041.0,1052.0,0,0.0,0.0
2023-04-03 12:00:00+09:00,1052.0,1052.0,1040.0,1042.0,9200,0.0,0.0
2023-04-03 13:00:00+09:00,1041.0,1043.0,1040.0,1040.0,400,0.0,0.0
2023-04-03 14:00:00+09:00,1044.0,1045.0,1042.0,1045.0,600,0.0,0.0
2023-04-04 09:00:00+09:00,1040.0,1053.0,1040.0,1050.0,3300,0.0,0.0
2023-04-04 10:00:00+09:00,1050.0,1051.0,1050.0,1051.0,500,0.0,0.0
2023-04-04 11:00:00+09:00,1051.0,1051.0,1051.0,1051.0,0,0.0,0.0
2023-04-04 12:00:00+09:00,1050.0,1050.0,1048.0,1048.0,6900,0.0,0.0
2023-04-04 13:00:00+09:00,1048.0,1050.0,1040.0,1048.0,2600,0.0,0.0
2023-04-04 14:00:00+09:00,1043.0,1050.0,1043.0,1050.0,300,0.0,0.0
2023-04-05 09:00:00+09:00,1051.0,1051.0,1042.0,1042.0,2800,0.0,0.0
2023-04-05 10:00:00+09:00,1042.0,1042.0,1042.0,1042.0,800,0.0,0.0
2023-04-05 11:00:00+09:00,1042.0,1044.0,1040.0,1044.0,0,0.0,0.0
2023-04-05 12:00:00+09:00,1040.0,1040.0,1040.0,1040.0,7300,0.0,0.0
2023-04-05 13:00:00+09:00,1039.0,1039.0,1036.0,1036.0,600,0.0,0.0
2023-04-05 14:00:00+09:00,1035.0,1040.0,1035.0,1040.0,1000,0.0,0.0
2023-04-06 09:00:00+09:00,1044.0,1051.0,1040.0,1040.0,1900,0.0,0.0
2023-04-06 11:00:00+09:00,1040.0,1040.0,1040.0,1040.0,0,0.0,0.0
2023-04-06 12:00:00+09:00,1040.0,1040.0,1040.0,1040.0,2200,0.0,0.0
2023-04-06 13:00:00+09:00,1040.0,1040.0,1037.0,1040.0,900,0.0,0.0
2023-04-06 14:00:00+09:00,1037.0,1037.0,1036.0,1036.0,600,0.0,0.0
2023-04-07 09:00:00+09:00,1037.0,1039.0,1037.0,1039.0,200,0.0,0.0
2023-04-07 10:00:00+09:00,1044.0,1044.0,1044.0,1044.0,100,0.0,0.0
2023-04-07 11:00:00+09:00,1040.0,1042.0,1038.0,1042.0,0,0.0,0.0
2023-04-07 12:00:00+09:00,1037.0,1037.0,1037.0,1037.0,700,0.0,0.0
2023-04-07 13:00:00+09:00,1037.0,1037.0,1036.0,1036.0,300,0.0,0.0
2023-04-07 14:00:00+09:00,1035.0,1035.0,1035.0,1035.0,500,0.0,0.0
2023-04-10 09:00:00+09:00,1043.0,1043.0,1036.0,1039.0,1300,0.0,0.0
2023-04-10 11:00:00+09:00,1039.0,1039.0,1039.0,1039.0,0,0.0,0.0
2023-04-10 12:00:00+09:00,1039.0,1039.0,1039.0,1039.0,1500,0.0,0.0
2023-04-10 13:00:00+09:00,1038.0,1038.0,1038.0,1038.0,100,0.0,0.0
2023-04-10 14:00:00+09:00,1037.0,1037.0,1037.0,1037.0,200,0.0,0.0
2023-04-11 09:00:00+09:00,1030.0,1031.0,1029.0,1031.0,5800,0.0,0.0
2023-04-11 10:00:00+09:00,1033.0,1038.0,1033.0,1038.0,900,0.0,0.0
2023-04-11 11:00:00+09:00,1035.0,1035.0,1035.0,1035.0,0,0.0,0.0
2023-04-11 12:00:00+09:00,1038.0,1038.0,1029.0,1036.0,7800,0.0,0.0
2023-04-11 13:00:00+09:00,1039.0,1039.0,1039.0,1039.0,100,0.0,0.0
2023-04-11 14:00:00+09:00,1035.0,1036.0,1034.0,1034.0,800,0.0,0.0
2023-04-12 09:00:00+09:00,1029.0,1031.0,1028.0,1029.0,1500,0.0,0.0
2023-04-12 10:00:00+09:00,1028.0,1028.0,1026.0,1026.0,0,0.0,0.0
2023-04-12 11:00:00+09:00,1025.0,1025.0,1024.0,1024.0,0,0.0,0.0
2023-04-12 12:00:00+09:00,1024.0,1024.0,1024.0,1024.0,3000,0.0,0.0
2023-04-12 13:00:00+09:00,1024.0,1025.0,1024.0,1024.0,900,0.0,0.0
2023-04-12 14:00:00+09:00,1023.0,1024.0,1023.0,1023.0,1300,0.0,0.0
2023-04-13 09:00:00+09:00,1024.0,1028.0,1024.0,1028.0,500,0.0,0.0
2023-04-13 10:00:00+09:00,1030.0,1030.0,1030.0,1030.0,200,0.0,0.0
2023-04-13 11:00:00+09:00,1026.0,1026.0,1026.0,1026.0,0,0.0,0.0
2023-04-13 12:00:00+09:00,1030.0,1030.0,1028.0,1028.0,2200,0.0,0.0
2023-04-13 14:00:00+09:00,1031.0,1035.0,1031.0,1035.0,600,0.0,0.0
2023-04-14 09:00:00+09:00,1037.0,1037.0,1033.0,1037.0,700,0.0,0.0
2023-04-14 10:00:00+09:00,1037.0,1037.0,1037.0,1037.0,100,0.0,0.0
2023-04-14 11:00:00+09:00,1038.0,1038.0,1038.0,1038.0,0,0.0,0.0
2023-04-14 12:00:00+09:00,1038.0,1038.0,1038.0,1038.0,1000,0.0,0.0
2023-04-14 13:00:00+09:00,1039.0,1043.0,1038.0,1043.0,1200,0.0,0.0
2023-04-14 14:00:00+09:00,1041.0,1050.0,1041.0,1050.0,6200,0.0,0.0
2023-04-17 09:00:00+09:00,1058.0,1059.0,1046.0,1046.0,0,0.0,0.0
2023-04-17 10:00:00+09:00,1051.0,1051.0,1051.0,1051.0,5800,0.0,0.0
2023-04-17 11:00:00+09:00,1041.0,1041.0,1041.0,1041.0,0,0.0,0.0
2023-04-17 12:00:00+09:00,1047.0,1050.0,1045.0,1045.0,6600,0.0,0.0
2023-04-17 13:00:00+09:00,1049.0,1059.0,1044.0,1046.0,5100,0.0,0.0
2023-04-17 14:00:00+09:00,1055.0,1056.0,1052.0,1052.0,400,0.0,0.0
2023-04-18 09:00:00+09:00,1049.0,1069.0,1046.0,1065.0,0,0.0,0.0
2023-04-18 10:00:00+09:00,1065.0,1066.0,1063.0,1063.0,17300,0.0,0.0
2023-04-18 11:00:00+09:00,1063.0,1063.0,1059.0,1059.0,0,0.0,0.0
2023-04-18 12:00:00+09:00,1055.0,1059.0,1054.0,1054.0,19700,0.0,0.0
2023-04-18 13:00:00+09:00,1055.0,1055.0,1055.0,1055.0,200,0.0,0.0
2023-04-18 14:00:00+09:00,1054.0,1054.0,1052.0,1052.0,400,0.0,0.0
2023-04-19 09:00:00+09:00,1053.0,1053.0,1047.0,1050.0,1900,0.0,0.0
2023-04-19 10:00:00+09:00,1050.0,1050.0,1046.0,1046.0,2400,0.0,0.0
2023-04-19 11:00:00+09:00,1045.0,1050.0,1045.0,1050.0,0,0.0,0.0
2023-04-19 12:00:00+09:00,1050.0,1050.0,1035.0,1048.0,10700,0.0,0.0
2023-04-19 13:00:00+09:00,1048.0,1048.0,1040.0,1040.0,1200,0.0,0.0
2023-04-19 14:00:00+09:00,1049.0,1051.0,1048.0,1048.0,4100,0.0,0.0
2023-04-20 09:00:00+09:00,1041.0,1045.0,1041.0,1042.0,2800,0.0,0.0
2023-04-20 10:00:00+09:00,1042.0,1042.0,1041.0,1042.0,800,0.0,0.0
2023-04-20 11:00:00+09:00,1042.0,1042.0,1042.0,1042.0,0,0.0,0.0
2023-04-20 12:00:00+09:00,1046.0,1046.0,1046.0,1046.0,3700,0.0,0.0
2023-04-20 13:00:00+09:00,1042.0,1042.0,1042.0,1042.0,100,0.0,0.0
2023-04-20 14:00:00+09:00,1046.0,1052.0,1046.0,1052.0,1100,0.0,0.0
2023-04-21 09:00:00+09:00,1053.0,1053.0,1050.0,1051.0,600,0.0,0.0
2023-04-21 10:00:00+09:00,1051.0,1058.0,1051.0,1058.0,2100,0.0,0.0
2023-04-21 11:00:00+09:00,1058.0,1058.0,1058.0,1058.0,0,0.0,0.0
2023-04-21 12:00:00+09:00,1053.0,1060.0,1053.0,1053.0,5900,0.0,0.0
2023-04-21 13:00:00+09:00,1051.0,1055.0,1051.0,1052.0,1000,0.0,0.0
2023-04-21 14:00:00+09:00,1051.0,1051.0,1045.0,1048.0,2300,0.0,0.0
2023-04-24 09:00:00+09:00,1056.0,1057.0,1053.0,1053.0,900,0.0,0.0
2023-04-24 10:00:00+09:00,1056.0,1068.0,1056.0,1063.0,4800,0.0,0.0
2023-04-24 11:00:00+09:00,1063.0,1063.0,1062.0,1062.0,0,0.0,0.0
2023-04-24 12:00:00+09:00,1061.0,1063.0,1061.0,1063.0,8700,0.0,0.0
2023-04-24 13:00:00+09:00,1059.0,1059.0,1059.0,1059.0,600,0.0,0.0
2023-04-24 14:00:00+09:00,1060.0,1069.0,1060.0,1069.0,2400,0.0,0.0
2023-04-25 09:00:00+09:00,1066.0,1073.0,1066.0,1073.0,8200,0.0,0.0
2023-04-25 10:00:00+09:00,1073.0,1073.0,1065.0,1065.0,1000,0.0,0.0
2023-04-25 11:00:00+09:00,1065.0,1065.0,1065.0,1065.0,0,0.0,0.0
2023-04-25 12:00:00+09:00,1065.0,1076.0,1065.0,1075.0,11800,0.0,0.0
2023-04-25 13:00:00+09:00,1075.0,1088.0,1075.0,1088.0,4800,0.0,0.0
2023-04-25 14:00:00+09:00,1088.0,1088.0,1082.0,1085.0,2400,0.0,0.0
2023-04-26 09:00:00+09:00,1080.0,1080.0,1070.0,1070.0,1500,0.0,0.0
2023-04-26 10:00:00+09:00,1071.0,1073.0,1070.0,1073.0,400,0.0,0.0
2023-04-26 11:00:00+09:00,1071.0,1073.0,1070.0,1070.0,0,0.0,0.0
2023-04-26 12:00:00+09:00,1070.0,1071.0,1068.0,1068.0,3300,0.0,0.0
2023-04-26 13:00:00+09:00,1068.0,1068.0,1064.0,1064.0,1800,0.0,0.0
2023-04-26 14:00:00+09:00,1066.0,1077.0,1066.0,1077.0,1700,0.0,0.0
2023-04-27 09:00:00+09:00,1082.0,1082.0,1064.0,1075.0,1700,0.0,0.0
2023-04-27 10:00:00+09:00,1069.0,1072.0,1067.0,1067.0,400,0.0,0.0
2023-04-27 11:00:00+09:00,1077.0,1078.0,1077.0,1078.0,0,0.0,0.0
2023-04-27 12:00:00+09:00,1078.0,1083.0,1078.0,1083.0,2600,0.0,0.0
2023-04-27 13:00:00+09:00,1084.0,1090.0,1084.0,1088.0,800,0.0,0.0
2023-04-27 14:00:00+09:00,1089.0,1089.0,1087.0,1088.0,800,0.0,0.0
2023-04-28 09:00:00+09:00,1088.0,1090.0,1071.0,1084.0,6000,0.0,0.0
2023-04-28 10:00:00+09:00,1084.0,1089.0,1084.0,1089.0,800,0.0,0.0
2023-04-28 11:00:00+09:00,1087.0,1096.0,1087.0,1091.0,0,0.0,0.0
2023-04-28 12:00:00+09:00,1077.0,1088.0,1077.0,1088.0,12900,0.0,0.0
2023-04-28 13:00:00+09:00,1088.0,1090.0,1074.0,1082.0,3700,0.0,0.0
2023-04-28 14:00:00+09:00,1082.0,1087.0,1081.0,1084.0,3000,0.0,0.0
2023-05-01 09:00:00+09:00,1098.0,1098.0,1080.0,1085.0,3900,0.0,0.0
2023-05-01 10:00:00+09:00,1079.0,1081.0,1079.0,1079.0,600,0.0,0.0
2023-05-01 11:00:00+09:00,1078.0,1078.0,1078.0,1078.0,0,0.0,0.0
2023-05-01 12:00:00+09:00,1086.0,1086.0,1085.0,1085.0,4900,0.0,0.0
2023-05-01 13:00:00+09:00,1081.0,1081.0,1077.0,1077.0,1400,0.0,0.0
2023-05-01 14:00:00+09:00,1077.0,1078.0,1077.0,1078.0,200,0.0,0.0
2023-05-02 09:00:00+09:00,1085.0,1090.0,1075.0,1075.0,2500,0.0,0.0
2023-05-02 10:00:00+09:00,1074.0,1075.0,1070.0,1074.0,1300,0.0,0.0
2023-05-02 11:00:00+09:00,1074.0,1076.0,1074.0,1076.0,0,0.0,0.0
2023-05-02 12:00:00+09:00,1076.0,1079.0,1076.0,1078.0,5200,0.0,0.0
2023-05-02 13:00:00+09:00,1078.0,1078.0,1075.0,1076.0,800,0.0,0.0
2023-05-02 14:00:00+09:00,1074.0,1075.0,1073.0,1074.0,1100,0.0,0.0
2023-05-08 09:00:00+09:00,1074.0,1087.0,1074.0,1082.0,6400,0.0,0.0
2023-05-08 10:00:00+09:00,1084.0,1084.0,1083.0,1083.0,200,0.0,0.0
2023-05-08 11:00:00+09:00,1083.0,1084.0,1083.0,1084.0,0,0.0,0.0
2023-05-08 12:00:00+09:00,1084.0,1084.0,1084.0,1084.0,7000,0.0,0.0
2023-05-08 13:00:00+09:00,1083.0,1084.0,1083.0,1084.0,300,0.0,0.0
2023-05-08 14:00:00+09:00,1084.0,1084.0,1082.0,1082.0,400,0.0,0.0
2023-05-09 09:00:00+09:00,1087.0,1090.0,1080.0,1088.0,0,0.0,0.0
2023-05-09 10:00:00+09:00,1086.0,1087.0,1086.0,1087.0,3000,0.0,0.0
2023-05-09 11:00:00+09:00,1086.0,1086.0,1086.0,1086.0,0,0.0,0.0
2023-05-09 12:00:00+09:00,1086.0,1090.0,1086.0,1090.0,5200,0.0,0.0
2023-05-09 13:00:00+09:00,1090.0,1091.0,1090.0,1090.0,400,0.0,0.0
2023-05-09 14:00:00+09:00,1087.0,1089.0,1084.0,1085.0,600,0.0,0.0
2023-05-10 09:00:00+09:00,1088.0,1088.0,1082.0,1082.0,0,0.0,0.0
2023-05-10 10:00:00+09:00,1088.0,1093.0,1085.0,1088.0,4100,0.0,0.0
2023-05-10 11:00:00+09:00,1088.0,1088.0,1088.0,1088.0,0,0.0,0.0
2023-05-10 12:00:00+09:00,1088.0,1089.0,1088.0,1089.0,4400,0.0,0.0
2023-05-10 13:00:00+09:00,1088.0,1088.0,1088.0,1088.0,300,0.0,0.0
2023-05-10 14:00:00+09:00,1088.0,1088.0,1085.0,1087.0,400,0.0,0.0
2023-05-11 09:00:00+09:00,1093.0,1093.0,1089.0,1089.0,0,0.0,0.0
2023-05-11 10:00:00+09:00,1093.0,1094.0,1086.0,1087.0,0,0.0,0.0
2023-05-11 11:00:00+09:00,1085.0,1085.0,1085.0,1085.0,0,0.0,0.0
2023-05-11 12:00:00+09:00,1089.0,1089.0,1089.0,1089.0,0,0.0,0.0
2023-05-11 13:00:00+09:00,1088.0,1088.0,1088.0,1088.0,2600,0.0,0.0
2023-05-11 14:00:00+09:00,1084.0,1084.0,1080.0,1084.0,900,0.0,0.0
2023-05-12 09:00:00+09:00,1082.0,1082.0,1077.0,1078.0,1200,0.0,0.0
2023-05-12 10:00:00+09:00,1080.0,1080.0,1078.0,1078.0,400,0.0,0.0
2023-05-12 11:00:00+09:00,1077.0,1077.0,1075.0,1075.0,0,0.0,0.0
2023-05-12 12:00:00+09:00,1075.0,1080.0,1075.0,1075.0,3400,0.0,0.0
2023-05-12 13:00:00+09:00,1075.0,1076.0,1065.0,1076.0,3100,0.0,0.0
2023-05-12 14:00:00+09:00,1076.0,1076.0,1068.0,1068.0,2100,0.0,0.0
2023-05-15 09:00:00+09:00,1068.0,1075.0,1068.0,1074.0,1400,0.0,0.0
2023-05-15 10:00:00+09:00,1078.0,1079.0,1078.0,1078.0,500,0.0,0.0
2023-05-15 11:00:00+09:00,1077.0,1077.0,1077.0,1077.0,0,0.0,0.0
2023-05-15 12:00:00+09:00,1074.0,1074.0,1073.0,1073.0,2400,0.0,0.0
2023-05-15 13:00:00+09:00,1073.0,1075.0,1073.0,1075.0,300,0.0,0.0
2023-05-15 14:00:00+09:00,1075.0,1075.0,1067.0,1071.0,2800,0.0,0.0
2023-05-16 09:00:00+09:00,1066.0,1071.0,1053.0,1063.0,7200,0.0,0.0
2023-05-16 10:00:00+09:00,1066.0,1066.0,1066.0,1066.0,200,0.0,0.0
2023-05-16 11:00:00+09:00,1066.0,1066.0,1066.0,1066.0,0,0.0,0.0
2023-05-16 12:00:00+09:00,1060.0,1065.0,1059.0,1059.0,8000,0.0,0.0
2023-05-16 13:00:00+09:00,1059.0,1064.0,1059.0,1064.0,400,0.0,0.0
2023-05-16 14:00:00+09:00,1063.0,1070.0,1063.0,1065.0,2600,0.0,0.0
2023-05-17 09:00:00+09:00,1065.0,1070.0,1063.0,1070.0,1900,0.0,0.0
2023-05-17 10:00:00+09:00,1071.0,1072.0,1066.0,1072.0,1100,0.0,0.0
2023-05-17 11:00:00+09:00,1072.0,1076.0,1072.0,1076.0,0,0.0,0.0
2023-05-17 12:00:00+09:00,1076.0,1076.0,1070.0,1075.0,4000,0.0,0.0
2023-05-17 13:00:00+09:00,1074.0,1075.0,1074.0,1075.0,900,0.0,0.0
2023-05-17 14:00:00+09:00,1075.0,1077.0,1074.0,1074.0,1000,0.0,0.0
2023-05-18 09:00:00+09:00,1074.0,1076.0,1068.0,1072.0,1200,0.0,0.0
2023-05-18 10:00:00+09:00,1074.0,1075.0,1055.0,1063.0,4800,0.0,0.0
2023-05-18 11:00:00+09:00,1064.0,1066.0,1063.0,1065.0,0,0.0,0.0
2023-05-18 12:00:00+09:00,1068.0,1068.0,1068.0,1068.0,0,0.0,0.0
2023-05-18 13:00:00+09:00,1070.0,1070.0,1065.0,1068.0,8400,0.0,0.0
2023-05-18 14:00:00+09:00,1066.0,1069.0,1066.0,1069.0,900,0.0,0.0
2023-05-19 09:00:00+09:00,1068.0,1068.0,1064.0,1064.0,1000,0.0,0.0
2023-05-19 10:00:00+09:00,1066.0,1067.0,1060.0,1060.0,1300,0.0,0.0
2023-05-19 11:00:00+09:00,1061.0,1061.0,1058.0,1060.0,0,0.0,0.0
2023-05-19 12:00:00+09:00,1060.0,1066.0,1056.0,1062.0,6200,0.0,0.0
2023-05-19 13:00:00+09:00,1062.0,1065.0,1058.0,1059.0,1800,0.0,0.0
2023-05-19 14:00:00+09:00,1059.0,1059.0,1057.0,1057.0,600,0.0,0.0
2023-05-22 09:00:00+09:00,1055.0,1059.0,1055.0,1055.0,4700,0.0,0.0
2023-05-22 10:00:00+09:00,1054.0,1056.0,1053.0,1056.0,800,0.0,0.0
2023-05-22 11:00:00+09:00,1053.0,1055.0,1053.0,1055.0,0,0.0,0.0
2023-05-22 12:00:00+09:00,1054.0,1061.0,1053.0,1061.0,7000,0.0,0.0
2023-05-22 13:00:00+09:00,1055.0,1060.0,1055.0,1057.0,1600,0.0,0.0
2023-05-22 14:00:00+09:00,1057.0,1060.0,1055.0,1057.0,1200,0.0,0.0
2023-05-23 09:00:00+09:00,1052.0,1065.0,1052.0,1065.0,1500,0.0,0.0
2023-05-23 10:00:00+09:00,1060.0,1065.0,1060.0,1065.0,800,0.0,0.0
2023-05-23 11:00:00+09:00,1065.0,1065.0,1065.0,1065.0,0,0.0,0.0
2023-05-23 12:00:00+09:00,1065.0,1066.0,1057.0,1066.0,5600,0.0,0.0
2023-05-23 13:00:00+09:00,1060.0,1063.0,1058.0,1060.0,500,0.0,0.0
2023-05-23 14:00:00+09:00,1062.0,1062.0,1062.0,1062.0,400,0.0,0.0
2023-05-24 09:00:00+09:00,1066.0,1068.0,1062.0,1066.0,2300,0.0,0.0
2023-05-24 10:00:00+09:00,1068.0,1070.0,1066.0,1070.0,4000,0.0,0.0
2023-05-24 11:00:00+09:00,1067.0,1072.0,1067.0,1070.0,0,0.0,0.0
2023-05-24 12:00:00+09:00,1070.0,1072.0,1066.0,1072.0,9100,0.0,0.0
2023-05-24 13:00:00+09:00,1068.0,1072.0,1067.0,1070.0,600,0.0,0.0
2023-05-24 14:00:00+09:00,1070.0,1075.0,1070.0,1073.0,2900,0.0,0.0
2023-05-25 09:00:00+09:00,1076.0,1076.0,1075.0,1075.0,1200,0.0,0.0
2023-05-25 10:00:00+09:00,1076.0,1078.0,1076.0,1077.0,1200,0.0,0.0
2023-05-25 11:00:00+09:00,1078.0,1079.0,1077.0,1079.0,0,0.0,0.0
2023-05-25 12:00:00+09:00,1079.0,1082.0,1079.0,1082.0,5300,0.0,0.0
2023-05-25 13:00:00+09:00,1082.0,1085.0,1079.0,1080.0,2500,0.0,0.0
2023-05-25 14:00:00+09:00,1079.0,1082.0,1077.0,1082.0,1200,0.0,0.0
2023-05-26 09:00:00+09:00,1090.0,1090.0,1081.0,1088.0,2300,0.0,0.0
2023-05-26 10:00:00+09:00,1089.0,1090.0,1086.0,1087.0,1100,0.0,0.0
2023-05-26 11:00:00+09:00,1091.0,1092.0,1087.0,1091.0,0,0.0,0.0
2023-05-26 12:00:00+09:00,1093.0,1095.0,1088.0,1092.0,4600,0.0,0.0
2023-05-26 13:00:00+09:00,1092.0,1092.0,1087.0,1092.0,600,0.0,0.0
2023-05-26 14:00:00+09:00,1088.0,1088.0,1070.0,1070.0,2300,0.0,0.0
2023-05-29 09:00:00+09:00,1079.0,1083.0,1075.0,1079.0,0,0.0,0.0
2023-05-29 10:00:00+09:00,1078.0,1078.0,1077.0,1077.0,4300,0.0,0.0
2023-05-29 11:00:00+09:00,1078.0,1082.0,1078.0,1081.0,0,0.0,0.0
2023-05-29 12:00:00+09:00,1080.0,1082.0,1079.0,1082.0,5300,0.0,0.0
2023-05-29 13:00:00+09:00,1081.0,1083.0,1080.0,1080.0,900,0.0,0.0
2023-05-29 14:00:00+09:00,1082.0,1086.0,1082.0,1082.0,1600,0.0,0.0
2023-05-30 09:00:00+09:00,1091.0,1091.0,1084.0,1088.0,2100,0.0,0.0
2023-05-30 10:00:00+09:00,1089.0,1090.0,1088.0,1090.0,400,0.0,0.0
2023-05-30 11:00:00+09:00,1090.0,1090.0,1090.0,1090.0,0,0.0,0.0
2023-05-30 12:00:00+09:00,1088.0,1089.0,1088.0,1089.0,2800,0.0,0.0
2023-05-30 13:00:00+09:00,1085.0,1088.0,1085.0,1088.0,200,0.0,0.0
2023-05-30 14:00:00+09:00,1088.0,1088.0,1088.0,1088.0,200,0.0,0.0
2023-05-31 09:00:00+09:00,1093.0,1093.0,1081.0,1084.0,2000,0.0,0.0
2023-05-31 10:00:00+09:00,1082.0,1082.0,1082.0,1082.0,100,0.0,0.0
2023-05-31 11:00:00+09:00,1081.0,1081.0,1077.0,1080.0,0,0.0,0.0
2023-05-31 13:00:00+09:00,1080.0,1083.0,1080.0,1081.0,3300,0.0,0.0
2023-05-31 14:00:00+09:00,1081.0,1088.0,1080.0,1084.0,2800,0.0,0.0
2023-06-01 09:00:00+09:00,1077.0,1083.0,1077.0,1080.0,0,0.0,0.0
2023-06-01 10:00:00+09:00,1078.0,1082.0,1075.0,1082.0,0,0.0,0.0
2023-06-01 11:00:00+09:00,1081.0,1086.0,1074.0,1079.0,0,0.0,0.0
2023-06-01 12:00:00+09:00,1080.0,1080.0,1080.0,1080.0,3500,0.0,0.0
2023-06-01 13:00:00+09:00,1075.0,1084.0,1075.0,1084.0,2000,0.0,0.0
2023-06-01 14:00:00+09:00,1083.0,1083.0,1078.0,1078.0,600,0.0,0.0
2023-06-02 09:00:00+09:00,1084.0,1084.0,1078.0,1083.0,500,0.0,0.0
2023-06-02 11:00:00+09:00,1077.0,1077.0,1077.0,1077.0,0,0.0,0.0
2023-06-02 12:00:00+09:00,1077.0,1077.0,1077.0,1077.0,1800,0.0,0.0
2023-06-02 13:00:00+09:00,1077.0,1079.0,1074.0,1078.0,1700,0.0,0.0
2023-06-02 14:00:00+09:00,1077.0,1079.0,1074.0,1075.0,1100,0.0,0.0
2023-06-05 09:00:00+09:00,1085.0,1086.0,1080.0,1085.0,2700,0.0,0.0
2023-06-05 10:00:00+09:00,1084.0,1086.0,1077.0,1079.0,3800,0.0,0.0
2023-06-05 11:00:00+09:00,1076.0,1078.0,1075.0,1078.0,0,0.0,0.0
2023-06-05 12:00:00+09:00,1077.0,1079.0,1076.0,1076.0,7700,0.0,0.0
2023-06-05 13:00:00+09:00,1075.0,1077.0,1073.0,1077.0,1400,0.0,0.0
2023-06-05 14:00:00+09:00,1075.0,1075.0,1073.0,1075.0,1500,0.0,0.0
2023-06-06 09:00:00+09:00,1076.0,1087.0,1076.0,1085.0,4300,0.0,0.0
2023-06-06 10:00:00+09:00,1078.0,1083.0,1076.0,1079.0,1800,0.0,0.0
2023-06-06 11:00:00+09:00,1079.0,1079.0,1079.0,1079.0,0,0.0,0.0
2023-06-06 12:00:00+09:00,1076.0,1082.0,1076.0,1082.0,9700,0.0,0.0
2023-06-06 13:00:00+09:00,1078.0,1090.0,1078.0,1079.0,2400,0.0,0.0
2023-06-06 14:00:00+09:00,1079.0,1084.0,1079.0,1084.0,1500,0.0,0.0
2023-06-07 09:00:00+09:00,1085.0,1092.0,1085.0,1088.0,7800,0.0,0.0
2023-06-07 10:00:00+09:00,1087.0,1088.0,1087.0,1088.0,200,0.0,0.0
2023-06-07 11:00:00+09:00,1088.0,1089.0,1086.0,1089.0,0,0.0,0.0
2023-06-07 12:00:00+09:00,1089.0,1089.0,1087.0,1089.0,9500,0.0,0.0
2023-06-07 13:00:00+09:00,1087.0,1090.0,1085.0,1087.0,600,0.0,0.0
2023-06-07 14:00:00+09:00,1090.0,1090.0,1090.0,1090.0,100,0.0,0.0
2023-06-08 09:00:00+09:00,1091.0,1091.0,1091.0,1091.0,700,0.0,0.0
2023-06-08 11:00:00+09:00,1089.0,1089.0,1087.0,1088.0,0,0.0,0.0
2023-06-08 12:00:00+09:00,1089.0,1092.0,1089.0,1092.0,3300,0.0,0.0
2023-06-08 13:00:00+09:00,1090.0,1096.0,1089.0,1096.0,700,0.0,0.0
2023-06-08 14:00:00+09:00,1092.0,1093.0,1091.0,1092.0,500,0.0,0.0
2023-06-09 09:00:00+09:00,1090.0,1091.0,1087.0,1087.0,900,0.0,0.0
2023-06-09 10:00:00+09:00,1088.0,1088.0,1086.0,1087.0,1000,0.0,0.0
2023-06-09 11:00:00+09:00,1087.0,1087.0,1087.0,1087.0,0,0.0,0.0
2023-06-09 13:00:00+09:00,1087.0,1087.0,1087.0,1087.0,2200,0.0,0.0
2023-06-09 14:00:00+09:00,1086.0,1086.0,1086.0,1086.0,300,0.0,0.0
2023-06-12 09:00:00+09:00,1091.0,1095.0,1091.0,1095.0,1900,0.0,0.0
2023-06-12 10:00:00+09:00,1093.0,1093.0,1083.0,1085.0,2900,0.0,0.0
2023-06-12 11:00:00+09:00,1082.0,1082.0,1082.0,1082.0,0,0.0,0.0
2023-06-12 12:00:00+09:00,1085.0,1086.0,1085.0,1086.0,7000,0.0,0.0
2023-06-12 13:00:00+09:00,1086.0,1086.0,1086.0,1086.0,100,0.0,0.0
2023-06-12 14:00:00+09:00,1086.0,1086.0,1086.0,1086.0,200,0.0,0.0
2023-06-13 09:00:00+09:00,1088.0,1089.0,1088.0,1089.0,1900,0.0,0.0
2023-06-13 10:00:00+09:00,1090.0,1092.0,1090.0,1091.0,1500,0.0,0.0
2023-06-13 11:00:00+09:00,1092.0,1093.0,1092.0,1093.0,0,0.0,0.0
2023-06-13 12:00:00+09:00,1093.0,1093.0,1092.0,1092.0,4200,0.0,0.0
2023-06-13 13:00:00+09:00,1092.0,1092.0,1089.0,1090.0,1200,0.0,0.0
2023-06-13 14:00:00+09:00,1089.0,1093.0,1088.0,1093.0,700,0.0,0.0
2023-06-14 09:00:00+09:00,1093.0,1093.0,1091.0,1091.0,1000,0.0,0.0
2023-06-14 10:00:00+09:00,1093.0,1094.0,1093.0,1094.0,700,0.0,0.0
2023-06-14 11:00:00+09:00,1095.0,1095.0,1095.0,1095.0,0,0.0,0.0
2023-06-14 12:00:00+09:00,1092.0,1095.0,1092.0,1095.0,2100,0.0,0.0
2023-06-14 13:00:00+09:00,1095.0,1097.0,1095.0,1096.0,2100,0.0,0.0
2023-06-14 14:00:00+09:00,1096.0,1097.0,1093.0,1094.0,3100,0.0,0.0
2023-06-15 09:00:00+09:00,1096.0,1096.0,1094.0,1094.0,700,0.0,0.0
2023-06-15 10:00:00+09:00,1096.0,1098.0,1096.0,1098.0,900,0.0,0.0
2023-06-15 11:00:00+09:00,1098.0,1099.0,1098.0,1099.0,0,0.0,0.0
2023-06-15 12:00:00+09:00,1099.0,1115.0,1099.0,1112.0,6800,0.0,0.0
2023-06-15 13:00:00+09:00,1115.0,1123.0,1114.0,1121.0,2800,0.0,0.0
2023-06-15 14:00:00+09:00,1121.0,1125.0,1116.0,1122.0,2700,0.0,0.0
2023-06-16 09:00:00+09:00,1123.0,1123.0,1116.0,1121.0,2100,0.0,0.0
2023-06-16 10:00:00+09:00,1120.0,1121.0,1116.0,1120.0,1000,0.0,0.0
2023-06-16 11:00:00+09:00,1120.0,1120.0,1120.0,1120.0,0,0.0,0.0
2023-06-16 12:00:00+09:00,1120.0,1121.0,1120.0,1121.0,3500,0.0,0.0
2023-06-16 13:00:00+09:00,1121.0,1122.0,1120.0,1120.0,600,0.0,0.0
2023-06-16 14:00:00+09:00,1121.0,1126.0,1120.0,1126.0,1700,0.0,0.0
2023-06-19 09:00:00+09:00,1112.0,1127.0,1112.0,1127.0,5200,0.0,0.0
2023-06-19 10:00:00+09:00,1127.0,1140.0,1127.0,1134.0,4200,0.0,0.0
2023-06-19 11:00:00+09:00,1135.0,1135.0,1135.0,1135.0,0,0.0,0.0
2023-06-19 12:00:00+09:00,1134.0,1135.0,1132.0,1135.0,10700,0.0,0.0
2023-06-19 13:00:00+09:00,1135.0,1137.0,1132.0,1133.0,1700,0.0,0.0
2023-06-19 14:00:00+09:00,1135.0,1140.0,1135.0,1137.0,700,0.0,0.0
2023-06-20 09:00:00+09:00,1137.0,1150.0,1137.0,1148.0,7500,0.0,0.0
2023-06-20 10:00:00+09:00,1141.0,1145.0,1141.0,1145.0,1100,0.0,0.0
2023-06-20 11:00:00+09:00,1145.0,1145.0,1145.0,1145.0,0,0.0,0.0
2023-06-20 12:00:00+09:00,1149.0,1164.0,1149.0,1164.0,13600,0.0,0.0
2023-06-20 13:00:00+09:00,1166.0,1171.0,1157.0,1157.0,2200,0.0,0.0
2023-06-20 14:00:00+09:00,1162.0,1172.0,1159.0,1172.0,4900,0.0,0.0
2023-06-21 09:00:00+09:00,1161.0,1170.0,1161.0,1164.0,1300,0.0,0.0
2023-06-21 10:00:00+09:00,1161.0,1169.0,1161.0,1165.0,1400,0.0,0.0
2023-06-21 11:00:00+09:00,1164.0,1167.0,1164.0,1167.0,0,0.0,0.0
2023-06-21 12:00:00+09:00,1165.0,1169.0,1165.0,1165.0,3600,0.0,0.0
2023-06-21 13:00:00+09:00,1165.0,1167.0,1164.0,1164.0,1100,0.0,0.0
2023-06-21 14:00:00+09:00,1163.0,1166.0,1156.0,1163.0,4300,0.0,0.0
2023-06-22 09:00:00+09:00,1168.0,1172.0,1166.0,1169.0,2800,0.0,0.0
2023-06-22 10:00:00+09:00,1166.0,1170.0,1166.0,1169.0,900,0.0,0.0
2023-06-22 11:00:00+09:00,1166.0,1169.0,1166.0,1169.0,0,0.0,0.0
2023-06-22 12:00:00+09:00,1169.0,1170.0,1169.0,1170.0,4200,0.0,0.0
2023-06-22 13:00:00+09:00,1168.0,1172.0,1167.0,1167.0,2500,0.0,0.0
2023-06-22 14:00:00+09:00,1171.0,1187.0,1171.0,1187.0,3300,0.0,0.0
2023-06-23 09:00:00+09:00,1184.0,1190.0,1179.0,1181.0,6900,0.0,0.0
2023-06-23 10:00:00+09:00,1179.0,1182.0,1170.0,1175.0,1700,0.0,0.0
2023-06-23 11:00:00+09:00,1176.0,1176.0,1169.0,1175.0,0,0.0,0.0
2023-06-23 12:00:00+09:00,1175.0,1176.0,1170.0,1174.0,10600,0.0,0.0
2023-06-23 13:00:00+09:00,1173.0,1174.0,1169.0,1174.0,1000,0.0,0.0
2023-06-23 14:00:00+09:00,1175.0,1179.0,1172.0,1179.0,2300,0.0,0.0
2023-06-26 09:00:00+09:00,1200.0,1200.0,1177.0,1177.0,7700,0.0,0.0
2023-06-26 10:00:00+09:00,1183.0,1188.0,1181.0,1181.0,1300,0.0,0.0
2023-06-26 11:00:00+09:00,1181.0,1183.0,1181.0,1183.0,0,0.0,0.0
2023-06-26 12:00:00+09:00,1188.0,1189.0,1185.0,1185.0,11800,0.0,0.0
2023-06-26 13:00:00+09:00,1184.0,1188.0,1184.0,1188.0,300,0.0,0.0
2023-06-26 14:00:00+09:00,1188.0,1194.0,1187.0,1187.0,1100,0.0,0.0
2023-06-27 09:00:00+09:00,1205.0,1206.0,1193.0,1204.0,7300,0.0,0.0
2023-06-27 10:00:00+09:00,1197.0,1203.0,1197.0,1200.0,500,0.0,0.0
2023-06-27 11:00:00+09:00,1197.0,1199.0,1197.0,1199.0,0,0.0,0.0
2023-06-27 12:00:00+09:00,1199.0,1199.0,1197.0,1199.0,8700,0.0,0.0
2023-06-27 13:00:00+09:00,1197.0,1197.0,1146.0,1180.0,4400,0.0,0.0
2023-06-27 14:00:00+09:00,1191.0,1198.0,1182.0,1185.0,2300,0.0,0.0
2023-06-28 09:00:00+09:00,1199.0,1204.0,1171.0,1204.0,5900,0.0,0.0
2023-06-28 10:00:00+09:00,1175.0,1193.0,1175.0,1192.0,800,0.0,0.0
2023-06-28 11:00:00+09:00,1192.0,1198.0,1192.0,1198.0,0,0.0,0.0
2023-06-28 12:00:00+09:00,1198.0,1200.0,1195.0,1197.0,8000,0.0,0.0
2023-06-28 13:00:00+09:00,1195.0,1197.0,1194.0,1197.0,300,0.0,0.0
2023-06-28 14:00:00+09:00,1198.0,1206.0,1194.0,1200.0,3300,0.0,0.0
2023-06-29 09:00:00+09:00,1220.0,1220.0,1208.0,1214.0,6400,0.0,0.0
2023-06-29 10:00:00+09:00,1211.0,1215.0,1210.0,1210.0,1500,0.0,0.0
2023-06-29 11:00:00+09:00,1210.0,1210.0,1210.0,1210.0,0,0.0,0.0
2023-06-29 12:00:00+09:00,1210.0,1210.0,1208.0,1210.0,8600,0.0,0.0
2023-06-29 13:00:00+09:00,1211.0,1211.0,1200.0,1200.0,900,0.0,0.0
2023-06-29 14:00:00+09:00,1203.0,1214.0,1203.0,1214.0,200,0.0,0.0
2023-06-30 09:00:00+09:00,1200.0,1206.0,1200.0,1206.0,2900,0.0,0.0
2023-06-30 10:00:00+09:00,1206.0,1212.0,1206.0,1211.0,500,0.0,0.0
2023-06-30 11:00:00+09:00,1203.0,1203.0,1203.0,1203.0,0,0.0,0.0
2023-06-30 12:00:00+09:00,1212.0,1212.0,1212.0,1212.0,3700,0.0,0.0
2023-06-30 13:00:00+09:00,1206.0,1213.0,1206.0,1213.0,400,0.0,0.0
2023-06-30 14:00:00+09:00,1210.0,1215.0,1210.0,1215.0,1200,0.0,0.0
2023-07-03 09:00:00+09:00,1215.0,1216.0,1212.0,1212.0,0,0.0,0.0
2023-07-03 10:00:00+09:00,1219.0,1227.0,1219.0,1220.0,4300,0.0,0.0
2023-07-03 11:00:00+09:00,1221.0,1227.0,1217.0,1224.0,0,0.0,0.0
2023-07-03 12:00:00+09:00,1220.0,1220.0,1219.0,1219.0,6600,0.0,0.0
2023-07-03 13:00:00+09:00,1219.0,1220.0,1219.0,1220.0,700,0.0,0.0
2023-07-03 14:00:00+09:00,1219.0,1219.0,1219.0,1219.0,100,0.0,0.0
2023-07-04 09:00:00+09:00,1220.0,1226.0,1218.0,1220.0,2300,0.0,0.0
2023-07-04 10:00:00+09:00,1220.0,1221.0,1220.0,1221.0,2300,0.0,0.0
2023-07-04 11:00:00+09:00,1221.0,1221.0,1221.0,1221.0,0,0.0,0.0
2023-07-04 12:00:00+09:00,1220.0,1223.0,1220.0,1223.0,4900,0.0,0.0
2023-07-04 13:00:00+09:00,1222.0,1223.0,1220.0,1220.0,1400,0.0,0.0
2023-07-04 14:00:00+09:00,1220.0,1222.0,1218.0,1218.0,700,0.0,0.0
2023-07-05 09:00:00+09:00,1235.0,1235.0,1214.0,1216.0,3500,0.0,0.0
2023-07-05 10:00:00+09:00,1219.0,1220.0,1219.0,1220.0,200,0.0,0.0
2023-07-05 11:00:00+09:00,1217.0,1217.0,1212.0,1212.0,0,0.0,0.0
2023-07-05 12:00:00+09:00,1212.0,1212.0,1212.0,1212.0,5700,0.0,0.0
2023-07-05 13:00:00+09:00,1212.0,1213.0,1212.0,1213.0,200,0.0,0.0
2023-07-05 14:00:00+09:00,1215.0,1218.0,1215.0,1218.0,400,0.0,0.0
2023-07-06 09:00:00+09:00,1216.0,1216.0,1202.0,1212.0,3500,0.0,0.0
2023-07-06 10:00:00+09:00,1217.0,1217.0,1205.0,1205.0,500,0.0,0.0
2023-07-06 11:00:00+09:00,1205.0,1230.0,1205.0,1230.0,0,0.0,0.0
2023-07-06 12:00:00+09:00,1230.0,1230.0,1208.0,1208.0,7200,0.0,0.0
2023-07-06 13:00:00+09:00,1228.0,1228.0,1225.0,1225.0,200,0.0,0.0
2023-07-06 14:00:00+09:00,1221.0,1221.0,1208.0,1208.0,3300,0.0,0.0
2023-07-07 09:00:00+09:00,1209.0,1209.0,1185.0,1193.0,6500,0.0,0.0
2023-07-07 10:00:00+09:00,1196.0,1203.0,1196.0,1203.0,900,0.0,0.0
2023-07-07 11:00:00+09:00,1199.0,1199.0,1199.0,1199.0,0,0.0,0.0
2023-07-07 12:00:00+09:00,1206.0,1206.0,1197.0,1197.0,9000,0.0,0.0
2023-07-07 13:00:00+09:00,1198.0,1201.0,1195.0,1200.0,1100,0.0,0.0
2023-07-07 14:00:00+09:00,1201.0,1202.0,1201.0,1202.0,500,0.0,0.0
2023-07-10 09:00:00+09:00,1204.0,1209.0,1204.0,1209.0,1200,0.0,0.0
2023-07-10 10:00:00+09:00,1209.0,1209.0,1207.0,1208.0,800,0.0,0.0
2023-07-10 11:00:00+09:00,1208.0,1208.0,1208.0,1208.0,0,0.0,0.0
2023-07-10 12:00:00+09:00,1204.0,1204.0,1204.0,1204.0,2200,0.0,0.0
2023-07-10 14:00:00+09:00,1212.0,1212.0,1212.0,1212.0,500,0.0,0.0
2023-07-11 09:00:00+09:00,1217.0,1226.0,1212.0,1219.0,1800,0.0,0.0
2023-07-11 10:00:00+09:00,1219.0,1219.0,1212.0,1212.0,700,0.0,0.0
2023-07-11 11:00:00+09:00,1212.0,1212.0,1212.0,1212.0,0,0.0,0.0
2023-07-11 12:00:00+09:00,1213.0,1213.0,1209.0,1209.0,3900,0.0,0.0
2023-07-11 13:00:00+09:00,1211.0,1211.0,1211.0,1211.0,200,0.0,0.0
2023-07-11 14:00:00+09:00,1211.0,1211.0,1210.0,1211.0,600,0.0,0.0
2023-07-12 09:00:00+09:00,1210.0,1216.0,1209.0,1213.0,1300,0.0,0.0
2023-07-12 10:00:00+09:00,1210.0,1210.0,1208.0,1208.0,600,0.0,0.0
2023-07-12 11:00:00+09:00,1209.0,1209.0,1208.0,1208.0,0,0.0,0.0
2023-07-12 12:00:00+09:00,1214.0,1214.0,1209.0,1209.0,2300,0.0,0.0
2023-07-12 13:00:00+09:00,1214.0,1214.0,1214.0,1214.0,100,0.0,0.0
2023-07-12 14:00:00+09:00,1214.0,1214.0,1214.0,1214.0,100,0.0,0.0
2023-07-13 09:00:00+09:00,1214.0,1214.0,1196.0,1204.0,0,0.0,0.0
2023-07-13 10:00:00+09:00,1204.0,1204.0,1204.0,1204.0,2300,0.0,0.0
2023-07-13 11:00:00+09:00,1200.0,1200.0,1200.0,1200.0,0,0.0,0.0
2023-07-13 12:00:00+09:00,1193.0,1201.0,1193.0,1197.0,3400,0.0,0.0
2023-07-13 13:00:00+09:00,1196.0,1200.0,1195.0,1195.0,0,0.0,0.0
2023-07-13 14:00:00+09:00,1197.0,1202.0,1196.0,1202.0,4300,0.0,0.0
2023-07-14 09:00:00+09:00,1202.0,1202.0,1194.0,1198.0,1500,0.0,0.0
2023-07-14 10:00:00+09:00,1199.0,1199.0,1194.0,1194.0,200,0.0,0.0
2023-07-14 11:00:00+09:00,1197.0,1197.0,1194.0,1194.0,0,0.0,0.0
2023-07-14 12:00:00+09:00,1194.0,1194.0,1194.0,1194.0,2000,0.0,0.0
2023-07-14 13:00:00+09:00,1194.0,1194.0,1194.0,1194.0,100,0.0,0.0
2023-07-14 14:00:00+09:00,1193.0,1193.0,1184.0,1184.0,1400,0.0,0.0
2023-07-18 09:00:00+09:00,1187.0,1187.0,1186.0,1186.0,1300,0.0,0.0
2023-07-18 10:00:00+09:00,1187.0,1190.0,1187.0,1188.0,500,0.0,0.0
2023-07-18 11:00:00+09:00,1188.0,1188.0,1187.0,1187.0,0,0.0,0.0
2023-07-18 12:00:00+09:00,1188.0,1188.0,1188.0,1188.0,2400,0.0,0.0
2023-07-18 13:00:00+09:00,1189.0,1189.0,1189.0,1189.0,200,0.0,0.0
2023-07-18 14:00:00+09:00,1186.0,1186.0,1173.0,1178.0,4300,0.0,0.0
2023-07-19 09:00:00+09:00,1182.0,1183.0,1175.0,1175.0,0,0.0,0.0
2023-07-19 10:00:00+09:00,1176.0,1185.0,1176.0,1179.0,2700,0.0,0.0
2023-07-19 11:00:00+09:00,1179.0,1179.0,1179.0,1179.0,0,0.0,0.0
2023-07-19 12:00:00+09:00,1179.0,1180.0,1178.0,1180.0,3200,0.0,0.0
2023-07-19 13:00:00+09:00,1181.0,1188.0,1181.0,1187.0,600,0.0,0.0
2023-07-19 14:00:00+09:00,1187.0,1189.0,1185.0,1189.0,400,0.0,0.0
2023-07-20 09:00:00+09:00,1184.0,1184.0,1183.0,1184.0,500,0.0,0.0
2023-07-20 10:00:00+09:00,1184.0,1191.0,1184.0,1191.0,600,0.0,0.0
2023-07-20 11:00:00+09:00,1191.0,1191.0,1191.0,1191.0,0,0.0,0.0
2023-07-20 12:00:00+09:00,1191.0,1191.0,1191.0,1191.0,1300,0.0,0.0
2023-07-20 13:00:00+09:00,1190.0,1191.0,1185.0,1187.0,800,0.0,0.0
2023-07-20 14:00:00+09:00,1193.0,1193.0,1184.0,1184.0,800,0.0,0.0
2023-07-21 09:00:00+09:00,1184.0,1198.0,1184.0,1196.0,1700,0.0,0.0
2023-07-21 10:00:00+09:00,1192.0,1192.0,1192.0,1192.0,200,0.0,0.0
2023-07-21 11:00:00+09:00,1188.0,1188.0,1180.0,1180.0,0,0.0,0.0
2023-07-21 12:00:00+09:00,1180.0,1195.0,1173.0,1173.0,6100,0.0,0.0
2023-07-21 13:00:00+09:00,1172.0,1186.0,1167.0,1183.0,2000,0.0,0.0
2023-07-21 14:00:00+09:00,1179.0,1179.0,1179.0,1179.0,100,0.0,0.0
2023-07-24 09:00:00+09:00,1180.0,1181.0,1170.0,1174.0,2700,0.0,0.0
2023-07-24 10:00:00+09:00,1174.0,1176.0,1172.0,1176.0,600,0.0,0.0
2023-07-24 11:00:00+09:00,1176.0,1180.0,1176.0,1180.0,0,0.0,0.0
2023-07-24 12:00:00+09:00,1187.0,1188.0,1185.0,1185.0,4300,0.0,0.0
2023-07-24 13:00:00+09:00,1183.0,1186.0,1183.0,1186.0,400,0.0,0.0
2023-07-24 14:00:00+09:00,1187.0,1187.0,1178.0,1185.0,3100,0.0,0.0
2023-07-25 09:00:00+09:00,1186.0,1186.0,1180.0,1183.0,1900,0.0,0.0
2023-07-25 10:00:00+09:00,1181.0,1185.0,1178.0,1178.0,1400,0.0,0.0
2023-07-25 11:00:00+09:00,1179.0,1179.0,1175.0,1179.0,0,0.0,0.0
2023-07-25 12:00:00+09:00,1180.0,1182.0,1166.0,1166.0,8300,0.0,0.0
2023-07-25 13:00:00+09:00,1165.0,1172.0,1163.0,1172.0,2300,0.0,0.0
2023-07-25 14:00:00+09:00,1173.0,1175.0,1168.0,1170.0,1300,0.0,0.0
2023-07-26 09:00:00+09:00,1178.0,1179.0,1167.0,1179.0,4500,0.0,0.0
2023-07-26 10:00:00+09:00,1179.0,1187.0,1178.0,1184.0,5700,0.0,0.0
2023-07-26 11:00:00+09:00,1179.0,1179.0,1179.0,1179.0,0,0.0,0.0
2023-07-26 12:00:00+09:00,1180.0,1182.0,1180.0,1182.0,10900,0.0,0.0
2023-07-26 14:00:00+09:00,1182.0,1188.0,1182.0,1187.0,1300,0.0,0.0
2023-07-27 09:00:00+09:00,1179.0,1179.0,1161.0,1172.0,7900,0.0,0.0
2023-07-27 10:00:00+09:00,1174.0,1179.0,1170.0,1178.0,3800,0.0,0.0
2023-07-27 11:00:00+09:00,1175.0,1178.0,1174.0,1178.0,0,0.0,0.0
2023-07-27 12:00:00+09:00,1179.0,1179.0,1175.0,1175.0,13000,0.0,0.0
2023-07-27 13:00:00+09:00,1175.0,1180.0,1174.0,1175.0,2100,0.0,0.0
2023-07-27 14:00:00+09:00,1174.0,1176.0,1167.0,1173.0,3000,0.0,0.0
2023-07-28 09:00:00+09:00,1170.0,1170.0,1163.0,1166.0,3200,0.0,0.0
2023-07-28 10:00:00+09:00,1167.0,1169.0,1166.0,1169.0,600,0.0,0.0
2023-07-28 11:00:00+09:00,1169.0,1170.0,1169.0,1170.0,0,0.0,0.0
2023-07-28 12:00:00+09:00,1170.0,1175.0,1166.0,1170.0,6000,0.0,0.0
2023-07-28 13:00:00+09:00,1170.0,1172.0,1170.0,1171.0,600,0.0,0.0
2023-07-28 14:00:00+09:00,1172.0,1172.0,1168.0,1172.0,1100,0.0,0.0
2023-07-31 09:00:00+09:00,1181.0,1192.0,1180.0,1189.0,5200,0.0,0.0
2023-07-31 10:00:00+09:00,1186.0,1191.0,1176.0,1176.0,7500,0.0,0.0
2023-07-31 11:00:00+09:00,1180.0,1182.0,1176.0,1176.0,0,0.0,0.0
2023-07-31 12:00:00+09:00,1183.0,1183.0,1181.0,1181.0,15100,0.0,0.0
2023-07-31 13:00:00+09:00,1184.0,1204.0,1171.0,1178.0,12800,0.0,0.0
2023-07-31 14:00:00+09:00,1178.0,1182.0,1175.0,1175.0,1800,0.0,0.0
2023-08-01 09:00:00+09:00,1180.0,1185.0,1171.0,1177.0,8200,0.0,0.0
2023-08-01 10:00:00+09:00,1173.0,1173.0,1165.0,1165.0,4100,0.0,0.0
2023-08-01 11:00:00+09:00,1166.0,1170.0,1166.0,1170.0,0,0.0,0.0
2023-08-01 12:00:00+09:00,1170.0,1170.0,1163.0,1169.0,13900,0.0,0.0
2023-08-01 13:00:00+09:00,1167.0,1169.0,1167.0,1167.0,500,0.0,0.0
2023-08-01 14:00:00+09:00,1167.0,1170.0,1167.0,1168.0,600,0.0,0.0
2023-08-02 09:00:00+09:00,1173.0,1187.0,1165.0,1165.0,5300,0.0,0.0
2023-08-02 10:00:00+09:00,1168.0,1168.0,1168.0,1168.0,100,0.0,0.0
2023-08-02 11:00:00+09:00,1168.0,1168.0,1167.0,1167.0,0,0.0,0.0
2023-08-02 12:00:00+09:00,1167.0,1167.0,1165.0,1165.0,6500,0.0,0.0
2023-08-02 13:00:00+09:00,1164.0,1164.0,1156.0,1156.0,3700,0.0,0.0
2023-08-02 14:00:00+09:00,1156.0,1156.0,1153.0,1154.0,1300,0.0,0.0
2023-08-03 09:00:00+09:00,1152.0,1155.0,1150.0,1154.0,3300,0.0,0.0
2023-08-03 10:00:00+09:00,1152.0,1153.0,1150.0,1151.0,1500,0.0,0.0
2023-08-03 11:00:00+09:00,1153.0,1155.0,1153.0,1155.0,0,0.0,0.0
2023-08-03 12:00:00+09:00,1155.0,1156.0,1155.0,1156.0,5500,0.0,0.0
2023-08-03 13:00:00+09:00,1156.0,1157.0,1156.0,1157.0,300,0.0,0.0
2023-08-03 14:00:00+09:00,1157.0,1159.0,1155.0,1155.0,800,0.0,0.0
2023-08-04 09:00:00+09:00,1164.0,1167.0,1163.0,1164.0,1100,0.0,0.0
2023-08-04 10:00:00+09:00,1164.0,1164.0,1158.0,1158.0,1500,0.0,0.0
2023-08-04 11:00:00+09:00,1157.0,1157.0,1154.0,1154.0,0,0.0,0.0
2023-08-04 12:00:00+09:00,1161.0,1161.0,1161.0,1161.0,3800,0.0,0.0
2023-08-04 13:00:00+09:00,1156.0,1156.0,1149.0,1149.0,2700,0.0,0.0
2023-08-04 14:00:00+09:00,1149.0,1149.0,1140.0,1140.0,4600,0.0,0.0
2023-08-07 09:00:00+09:00,1141.0,1149.0,1141.0,1144.0,2200,0.0,0.0
2023-08-07 10:00:00+09:00,1142.0,1144.0,1142.0,1142.0,500,0.0,0.0
2023-08-07 11:00:00+09:00,1142.0,1144.0,1142.0,1144.0,0,0.0,0.0
2023-08-07 12:00:00+09:00,1148.0,1150.0,1145.0,1145.0,3900,0.0,0.0
2023-08-07 13:00:00+09:00,1144.0,1144.0,1142.0,1142.0,400,0.0,0.0
2023-08-07 14:00:00+09:00,1142.0,1154.0,1141.0,1142.0,3800,0.0,0.0
2023-08-08 09:00:00+09:00,1161.0,1164.0,1151.0,1161.0,900,0.0,0.0
2023-08-08 10:00:00+09:00,1159.0,1159.0,1159.0,1159.0,100,0.0,0.0
2023-08-08 11:00:00+09:00,1157.0,1159.0,1157.0,1159.0,0,0.0,0.0
2023-08-08 12:00:00+09:00,1162.0,1162.0,1158.0,1158.0,1900,0.0,0.0
2023-08-08 13:00:00+09:00,1156.0,1156.0,1153.0,1153.0,1200,0.0,0.0
2023-08-08 14:00:00+09:00,1152.0,1152.0,1148.0,1149.0,0,0.0,0.0
2023-08-09 09:00:00+09:00,1155.0,1162.0,1155.0,1162.0,1500,0.0,0.0
2023-08-09 10:00:00+09:00,1156.0,1156.0,1156.0,1156.0,100,0.0,0.0
2023-08-09 11:00:00+09:00,1156.0,1156.0,1156.0,1156.0,0,0.0,0.0
2023-08-09 12:00:00+09:00,1156.0,1162.0,1156.0,1162.0,2000,0.0,0.0
2023-08-09 13:00:00+09:00,1164.0,1164.0,1164.0,1164.0,100,0.0,0.0
2023-08-09 14:00:00+09:00,1157.0,1163.0,1153.0,1161.0,600,0.0,0.0
2023-08-10 09:00:00+09:00,1167.0,1167.0,1161.0,1164.0,0,0.0,0.0
2023-08-10 10:00:00+09:00,1164.0,1165.0,1161.0,1165.0,900,0.0,0.0
2023-08-10 11:00:00+09:00,1167.0,1167.0,1167.0,1167.0,0,0.0,0.0
2023-08-10 12:00:00+09:00,1166.0,1166.0,1166.0,1166.0,1100,0.0,0.0
2023-08-10 13:00:00+09:00,1169.0,1170.0,1169.0,1170.0,200,0.0,0.0
2023-08-10 14:00:00+09:00,1170.0,1170.0,1169.0,1169.0,300,0.0,0.0
2023-08-14 09:00:00+09:00,1177.0,1177.0,1171.0,1177.0,1700,0.0,0.0
2023-08-14 10:00:00+09:00,1176.0,1178.0,1172.0,1172.0,600,0.0,0.0
2023-08-14 11:00:00+09:00,1172.0,1172.0,1172.0,1172.0,0,0.0,0.0
2023-08-14 12:00:00+09:00,1172.0,1173.0,1168.0,1168.0,4300,0.0,0.0
2023-08-14 13:00:00+09:00,1170.0,1172.0,1170.0,1172.0,400,0.0,0.0
2023-08-14 14:00:00+09:00,1171.0,1178.0,1168.0,1178.0,1600,0.0,0.0
2023-08-15 09:00:00+09:00,1178.0,1178.0,1170.0,1171.0,1500,0.0,0.0
2023-08-15 10:00:00+09:00,1174.0,1178.0,1174.0,1175.0,800,0.0,0.0
2023-08-15 11:00:00+09:00,1175.0,1178.0,1172.0,1178.0,0,0.0,0.0
2023-08-15 12:00:00+09:00,1178.0,1178.0,1175.0,1175.0,3600,0.0,0.0
2023-08-15 13:00:00+09:00,1172.0,1174.0,1169.0,1174.0,1100,0.0,0.0
2023-08-15 14:00:00+09:00,1174.0,1174.0,1169.0,1169.0,400,0.0,0.0
2023-08-16 09:00:00+09:00,1171.0,1176.0,1168.0,1175.0,1200,0.0,0.0
2023-08-16 10:00:00+09:00,1173.0,1173.0,1173.0,1173.0,100,0.0,0.0
2023-08-16 11:00:00+09:00,1172.0,1172.0,1170.0,1170.0,0,0.0,0.0
2023-08-16 12:00:00+09:00,1170.0,1175.0,1170.0,1175.0,2000,0.0,0.0
2023-08-16 13:00:00+09:00,1176.0,1176.0,1176.0,1176.0,300,0.0,0.0
2023-08-16 14:00:00+09:00,1171.0,1171.0,1165.0,1165.0,1900,0.0,0.0
2023-08-17 09:00:00+09:00,1173.0,1173.0,1164.0,1164.0,3000,0.0,0.0
2023-08-17 10:00:00+09:00,1164.0,1164.0,1161.0,1161.0,500,0.0,0.0
2023-08-17 11:00:00+09:00,1167.0,1168.0,1167.0,1168.0,0,0.0,0.0
2023-08-17 12:00:00+09:00,1168.0,1170.0,1168.0,1170.0,0,0.0,0.0
2023-08-17 13:00:00+09:00,1169.0,1169.0,1168.0,1168.0,4800,0.0,0.0
2023-08-17 14:00:00+09:00,1169.0,1169.0,1165.0,1165.0,1000,0.0,0.0
2023-08-18 09:00:00+09:00,1169.0,1169.0,1166.0,1166.0,400,0.0,0.0
2023-08-18 10:00:00+09:00,1167.0,1170.0,1167.0,1170.0,1100,0.0,0.0
2023-08-18 11:00:00+09:00,1170.0,1172.0,1166.0,1170.0,0,0.0,0.0
2023-08-18 12:00:00+09:00,1166.0,1171.0,1166.0,1171.0,3300,0.0,0.0
2023-08-18 13:00:00+09:00,1171.0,1171.0,1171.0,1171.0,100,0.0,0.0
2023-08-18 14:00:00+09:00,1169.0,1169.0,1169.0,1169.0,100,0.0,0.0
2023-08-21 09:00:00+09:00,1170.0,1170.0,1170.0,1170.0,700,0.0,0.0
2023-08-21 10:00:00+09:00,1173.0,1173.0,1173.0,1173.0,0,0.0,0.0
2023-08-21 11:00:00+09:00,1174.0,1174.0,1166.0,1166.0,0,0.0,0.0
2023-08-21 12:00:00+09:00,1169.0,1169.0,1169.0,1169.0,2200,0.0,0.0
2023-08-21 13:00:00+09:00,1167.0,1167.0,1165.0,1167.0,500,0.0,0.0
2023-08-21 14:00:00+09:00,1165.0,1167.0,1163.0,1163.0,800,0.0,0.0
2023-08-22 09:00:00+09:00,1163.0,1169.0,1163.0,1169.0,1500,0.0,0.0
2023-08-22 10:00:00+09:00,1169.0,1169.0,1169.0,1169.0,100,0.0,0.0
2023-08-22 11:00:00+09:00,1170.0,1170.0,1166.0,1166.0,0,0.0,0.0
2023-08-22 12:00:00+09:00,1169.0,1169.0,1169.0,1169.0,2200,0.0,0.0
2023-08-22 13:00:00+09:00,1165.0,1165.0,1165.0,1165.0,100,0.0,0.0
2023-08-22 14:00:00+09:00,1169.0,1170.0,1169.0,1170.0,400,0.0,0.0
2023-08-23 09:00:00+09:00,1171.0,1173.0,1170.0,1173.0,1000,0.0,0.0
2023-08-23 10:00:00+09:00,1171.0,1173.0,1169.0,1173.0,1300,0.0,0.0
2023-08-23 11:00:00+09:00,1172.0,1172.0,1172.0,1172.0,0,0.0,0.0
2023-08-23 12:00:00+09:00,1170.0,1170.0,1170.0,1170.0,6300,0.0,0.0
2023-08-23 13:00:00+09:00,1170.0,1170.0,1170.0,1170.0,1100,0.0,0.0
2023-08-23 14:00:00+09:00,1170.0,1171.0,1169.0,1170.0,1900,0.0,0.0
2023-08-24 09:00:00+09:00,1175.0,1175.0,1173.0,1173.0,1300,0.0,0.0
2023-08-24 10:00:00+09:00,1174.0,1174.0,1172.0,1174.0,400,0.0,0.0
2023-08-24 11:00:00+09:00,1174.0,1174.0,1174.0,1174.0,0,0.0,0.0
2023-08-24 12:00:00+09:00,1174.0,1176.0,1174.0,1175.0,2800,0.0,0.0
2023-08-24 13:00:00+09:00,1176.0,1178.0,1176.0,1178.0,900,0.0,0.0
2023-08-24 14:00:00+09:00,1176.0,1179.0,1175.0,1177.0,2200,0.0,0.0
2023-08-25 09:00:00+09:00,1176.0,1178.0,1175.0,1178.0,2400,0.0,0.0
2023-08-25 10:00:00+09:00,1180.0,1183.0,1179.0,1183.0,1700,0.0,0.0
2023-08-25 11:00:00+09:00,1182.0,1182.0,1182.0,1182.0,0,0.0,0.0
2023-08-25 12:00:00+09:00,1184.0,1186.0,1184.0,1186.0,5100,0.0,0.0
2023-08-25 13:00:00+09:00,1186.0,1189.0,1184.0,1185.0,1700,0.0,0.0
2023-08-25 14:00:00+09:00,1185.0,1186.0,1184.0,1184.0,500,0.0,0.0
2023-08-28 09:00:00+09:00,1193.0,1196.0,1189.0,1189.0,3900,0.0,0.0
2023-08-28 10:00:00+09:00,1190.0,1192.0,1187.0,1187.0,1500,0.0,0.0
2023-08-28 11:00:00+09:00,1187.0,1187.0,1187.0,1187.0,0,0.0,0.0
2023-08-28 12:00:00+09:00,1186.0,1192.0,1186.0,1192.0,6100,0.0,0.0
2023-08-28 13:00:00+09:00,1192.0,1192.0,1190.0,1190.0,200,0.0,0.0
2023-08-28 14:00:00+09:00,1190.0,1190.0,1188.0,1190.0,500,0.0,0.0
2023-08-29 09:00:00+09:00,1190.0,1194.0,1184.0,1189.0,4100,0.0,0.0
2023-08-29 10:00:00+09:00,1189.0,1192.0,1189.0,1189.0,2700,0.0,0.0
2023-08-29 11:00:00+09:00,1189.0,1189.0,1186.0,1186.0,0,0.0,0.0
2023-08-29 12:00:00+09:00,1189.0,1189.0,1189.0,1189.0,0,0.0,0.0
2023-08-29 13:00:00+09:00,1190.0,1191.0,1189.0,1191.0,7500,0.0,0.0
2023-08-29 14:00:00+09:00,1191.0,1191.0,1190.0,1190.0,200,0.0,0.0
2023-08-30 09:00:00+09:00,1197.0,1203.0,1193.0,1195.0,6500,0.0,0.0
2023-08-30 10:00:00+09:00,1193.0,1204.0,1192.0,1201.0,2200,0.0,0.0
2023-08-30 11:00:00+09:00,1201.0,1202.0,1201.0,1202.0,0,0.0,0.0
2023-08-30 12:00:00+09:00,1202.0,1202.0,1200.0,1200.0,9500,0.0,0.0
2023-08-30 13:00:00+09:00,1200.0,1200.0,1195.0,1196.0,1200,0.0,0.0
2023-08-30 14:00:00+09:00,1196.0,1199.0,1195.0,1199.0,1500,0.0,0.0
2023-08-31 09:00:00+09:00,1200.0,1209.0,1198.0,1200.0,4300,0.0,0.0
2023-08-31 10:00:00+09:00,1204.0,1207.0,1201.0,1207.0,700,0.0,0.0
2023-08-31 11:00:00+09:00,1206.0,1206.0,1202.0,1202.0,0,0.0,0.0
2023-08-31 12:00:00+09:00,1200.0,1202.0,1200.0,1202.0,6800,0.0,0.0
2023-08-31 13:00:00+09:00,1205.0,1205.0,1200.0,1202.0,1600,0.0,0.0
2023-08-31 14:00:00+09:00,1201.0,1201.0,1198.0,1198.0,1300,0.0,0.0
2023-09-01 09:00:00+09:00,1198.0,1207.0,1198.0,1203.0,3200,0.0,0.0
2023-09-01 10:00:00+09:00,1203.0,1203.0,1200.0,1200.0,1300,0.0,0.0
2023-09-01 11:00:00+09:00,1199.0,1200.0,1199.0,1199.0,0,0.0,0.0
2023-09-01 12:00:00+09:00,1200.0,1200.0,1200.0,1200.0,6300,0.0,0.0
2023-09-01 13:00:00+09:00,1200.0,1201.0,1199.0,1200.0,800,0.0,0.0
2023-09-01 14:00:00+09:00,1200.0,1201.0,1196.0,1196.0,3000,0.0,0.0
2023-09-04 09:00:00+09:00,1208.0,1217.0,1200.0,1204.0,8600,0.0,0.0
2023-09-04 10:00:00+09:00,1204.0,1210.0,1204.0,1210.0,800,0.0,0.0
2023-09-04 11:00:00+09:00,1210.0,1212.0,1200.0,1200.0,0,0.0,0.0
2023-09-04 12:00:00+09:00,1210.0,1210.0,1208.0,1208.0,13300,0.0,0.0
2023-09-04 13:00:00+09:00,1203.0,1207.0,1203.0,1207.0,600,0.0,0.0
2023-09-04 14:00:00+09:00,1206.0,1206.0,1199.0,1203.0,3900,0.0,0.0
2023-09-05 09:00:00+09:00,1205.0,1207.0,1198.0,1198.0,3800,0.0,0.0
2023-09-05 10:00:00+09:00,1200.0,1200.0,1200.0,1200.0,400,0.0,0.0
2023-09-05 11:00:00+09:00,1201.0,1202.0,1200.0,1200.0,0,0.0,0.0
2023-09-05 12:00:00+09:00,1200.0,1205.0,1200.0,1205.0,5400,0.0,0.0
2023-09-05 13:00:00+09:00,1201.0,1204.0,1201.0,1201.0,400,0.0,0.0
2023-09-05 14:00:00+09:00,1203.0,1203.0,1200.0,1203.0,1800,0.0,0.0
2023-09-06 09:00:00+09:00,1204.0,1208.0,1204.0,1205.0,2000,0.0,0.0
2023-09-06 10:00:00+09:00,1208.0,1208.0,1204.0,1205.0,1200,0.0,0.0
2023-09-06 11:00:00+09:00,1206.0,1207.0,1205.0,1205.0,0,0.0,0.0
2023-09-06 12:00:00+09:00,1205.0,1205.0,1204.0,1204.0,4000,0.0,0.0
2023-09-06 13:00:00+09:00,1205.0,1206.0,1204.0,1206.0,1200,0.0,0.0
2023-09-06 14:00:00+09:00,1205.0,1206.0,1201.0,1206.0,2100,0.0,0.0
2023-09-07 09:00:00+09:00,1208.0,1210.0,1203.0,1203.0,900,0.0,0.0
2023-09-07 10:00:00+09:00,1207.0,1210.0,1207.0,1210.0,500,0.0,0.0
2023-09-07 11:00:00+09:00,1209.0,1210.0,1209.0,1210.0,0,0.0,0.0
2023-09-07 12:00:00+09:00,1211.0,1212.0,1211.0,1212.0,2700,0.0,0.0
2023-09-07 13:00:00+09:00,1214.0,1220.0,1214.0,1216.0,2200,0.0,0.0
2023-09-07 14:00:00+09:00,1216.0,1216.0,1215.0,1216.0,1000,0.0,0.0
2023-09-08 09:00:00+09:00,1220.0,1220.0,1216.0,1218.0,2100,0.0,0.0
2023-09-08 10:00:00+09:00,1217.0,1218.0,1215.0,1217.0,900,0.0,0.0
2023-09-08 11:00:00+09:00,1217.0,1218.0,1217.0,1218.0,0,0.0,0.0
2023-09-08 12:00:00+09:00,1218.0,1218.0,1218.0,1218.0,3800,0.0,0.0
2023-09-08 13:00:00+09:00,1218.0,1219.0,1216.0,1217.0,900,0.0,0.0
2023-09-08 14:00:00+09:00,1218.0,1219.0,1218.0,1218.0,400,0.0,0.0
2023-09-11 09:00:00+09:00,1222.0,1229.0,1222.0,1229.0,0,0.0,0.0
2023-09-11 10:00:00+09:00,1223.0,1224.0,1222.0,1224.0,3500,0.0,0.0
2023-09-11 11:00:00+09:00,1227.0,1227.0,1226.0,1226.0,0,0.0,0.0
2023-09-11 12:00:00+09:00,1225.0,1227.0,1225.0,1227.0,4100,0.0,0.0
2023-09-11 13:00:00+09:00,1226.0,1229.0,1225.0,1229.0,2400,0.0,0.0
2023-09-11 14:00:00+09:00,1227.0,1229.0,1227.0,1228.0,300,0.0,0.0
2023-09-12 09:00:00+09:00,1230.0,1270.0,1230.0,1269.0,13600,0.0,0.0
2023-09-12 10:00:00+09:00,1254.0,1262.0,1253.0,1260.0,2000,0.0,0.0
2023-09-12 11:00:00+09:00,1260.0,1260.0,1250.0,1255.0,0,0.0,0.0
2023-09-12 12:00:00+09:00,1255.0,1257.0,1250.0,1251.0,16800,0.0,0.0
2023-09-12 13:00:00+09:00,1245.0,1265.0,1243.0,1265.0,2500,0.0,0.0
2023-09-12 14:00:00+09:00,1262.0,1262.0,1259.0,1260.0,5100,0.0,0.0
2023-09-13 09:00:00+09:00,1263.0,1265.0,1255.0,1264.0,4700,0.0,0.0
2023-09-13 10:00:00+09:00,1264.0,1267.0,1262.0,1266.0,1100,0.0,0.0
2023-09-13 11:00:00+09:00,1264.0,1287.0,1264.0,1283.0,0,0.0,0.0
2023-09-13 12:00:00+09:00,1282.0,1282.0,1274.0,1281.0,10700,0.0,0.0
2023-09-13 13:00:00+09:00,1281.0,1282.0,1280.0,1280.0,400,0.0,0.0
2023-09-13 14:00:00+09:00,1283.0,1283.0,1276.0,1283.0,2000,0.0,0.0
2023-09-14 09:00:00+09:00,1291.0,1296.0,1281.0,1288.0,8200,0.0,0.0
2023-09-14 10:00:00+09:00,1294.0,1307.0,1287.0,1303.0,6600,0.0,0.0
2023-09-14 11:00:00+09:00,1299.0,1300.0,1299.0,1300.0,0,0.0,0.0
2023-09-14 12:00:00+09:00,1300.0,1308.0,1300.0,1301.0,17000,0.0,0.0
2023-09-14 13:00:00+09:00,1305.0,1308.0,1305.0,1305.0,400,0.0,0.0
2023-09-14 14:00:00+09:00,1300.0,1300.0,1291.0,1297.0,1000,0.0,0.0
2023-09-15 09:00:00+09:00,1300.0,1325.0,1300.0,1316.0,6200,0.0,0.0
2023-09-15 10:00:00+09:00,1317.0,1317.0,1315.0,1317.0,1000,0.0,0.0
2023-09-15 11:00:00+09:00,1320.0,1321.0,1319.0,1319.0,0,0.0,0.0
2023-09-15 12:00:00+09:00,1315.0,1317.0,1314.0,1317.0,8500,0.0,0.0
2023-09-15 13:00:00+09:00,1316.0,1319.0,1316.0,1319.0,500,0.0,0.0
2023-09-15 14:00:00+09:00,1319.0,1322.0,1315.0,1322.0,2100,0.0,0.0
2023-09-19 09:00:00+09:00,1312.0,1338.0,1312.0,1332.0,7400,0.0,0.0
2023-09-19 10:00:00+09:00,1332.0,1332.0,1332.0,1332.0,400,0.0,0.0
2023-09-19 11:00:00+09:00,1332.0,1338.0,1332.0,1335.0,0,0.0,0.0
2023-09-19 12:00:00+09:00,1334.0,1336.0,1334.0,1335.0,9500,0.0,0.0
2023-09-19 13:00:00+09:00,1339.0,1340.0,1338.0,1338.0,1300,0.0,0.0
2023-09-19 14:00:00+09:00,1339.0,1344.0,1337.0,1339.0,1000,0.0,0.0
2023-09-20 09:00:00+09:00,1340.0,1352.0,1340.0,1348.0,4100,0.0,0.0
2023-09-20 10:00:00+09:00,1348.0,1348.0,1340.0,1340.0,1200,0.0,0.0
2023-09-20 11:00:00+09:00,1341.0,1344.0,1341.0,1344.0,0,0.0,0.0
2023-09-20 12:00:00+09:00,1344.0,1344.0,1342.0,1344.0,7000,0.0,0.0
2023-09-20 13:00:00+09:00,1342.0,1342.0,1340.0,1340.0,1300,0.0,0.0
2023-09-20 14:00:00+09:00,1340.0,1345.0,1339.0,1339.0,1200,0.0,0.0
2023-09-21 09:00:00+09:00,1344.0,1360.0,1340.0,1360.0,4600,0.0,0.0
2023-09-21 10:00:00+09:00,1358.0,1370.0,1353.0,1367.0,3300,0.0,0.0
2023-09-21 11:00:00+09:00,1370.0,1375.0,1368.0,1375.0,0,0.0,0.0
2023-09-21 12:00:00+09:00,1375.0,1375.0,1369.0,1374.0,11000,0.0,0.0
2023-09-21 13:00:00+09:00,1374.0,1387.0,1372.0,1372.0,5600,0.0,0.0
2023-09-21 14:00:00+09:00,1374.0,1374.0,1365.0,1365.0,3000,0.0,0.0
2023-09-22 09:00:00+09:00,1365.0,1371.0,1353.0,1353.0,7700,0.0,0.0
2023-09-22 10:00:00+09:00,1354.0,1355.0,1343.0,1345.0,4800,0.0,0.0
2023-09-22 11:00:00+09:00,1348.0,1348.0,1341.0,1341.0,0,0.0,0.0
2023-09-22 12:00:00+09:00,1351.0,1352.0,1334.0,1351.0,14100,0.0,0.0
2023-09-22 13:00:00+09:00,1343.0,1343.0,1333.0,1333.0,1700,0.0,0.0
2023-09-22 14:00:00+09:00,1338.0,1338.0,1333.0,1337.0,2500,0.0,0.0
2023-09-25 09:00:00+09:00,1340.0,1352.0,1340.0,1347.0,9100,0.0,0.0
2023-09-25 10:00:00+09:00,1347.0,1348.0,1343.0,1343.0,900,0.0,0.0
2023-09-25 11:00:00+09:00,1344.0,1344.0,1344.0,1344.0,0,0.0,0.0
2023-09-25 12:00:00+09:00,1350.0,1350.0,1343.0,1343.0,13100,0.0,0.0
2023-09-25 13:00:00+09:00,1343.0,1345.0,1342.0,1342.0,1000,0.0,0.0
2023-09-25 14:00:00+09:00,1343.0,1345.0,1342.0,1345.0,600,0.0,0.0
2023-09-26 09:00:00+09:00,1358.0,1368.0,1349.0,1362.0,9400,0.0,0.0
2023-09-26 10:00:00+09:00,1366.0,1369.0,1363.0,1365.0,1500,0.0,0.0
2023-09-26 11:00:00+09:00,1370.0,1371.0,1362.0,1366.0,0,0.0,0.0
2023-09-26 12:00:00+09:00,1365.0,1370.0,1365.0,1368.0,14800,0.0,0.0
2023-09-26 13:00:00+09:00,1365.0,1370.0,1365.0,1367.0,1200,0.0,0.0
2023-09-26 14:00:00+09:00,1367.0,1367.0,1364.0,1365.0,1600,0.0,0.0
2023-09-27 09:00:00+09:00,1390.0,1390.0,1355.0,1355.0,58900,0.0,0.0
2023-09-27 10:00:00+09:00,1355.0,1358.0,1350.0,1358.0,4700,0.0,0.0
2023-09-27 11:00:00+09:00,1353.0,1357.0,1352.0,1357.0,0,0.0,0.0
2023-09-27 12:00:00+09:00,1356.0,1356.0,1351.0,1351.0,77700,0.0,0.0
2023-09-27 13:00:00+09:00,1350.0,1351.0,1341.0,1341.0,4800,0.0,0.0
2023-09-27 14:00:00+09:00,1340.0,1349.0,1330.0,1330.0,10500,0.0,0.0
2023-09-28 09:00:00+09:00,1319.0,1320.0,1290.0,1296.0,0,21.0,0.0
2023-09-28 10:00:00+09:00,1296.0,1299.0,1286.0,1290.0,47000,0.0,0.0
2023-09-28 11:00:00+09:00,1286.0,1286.0,1270.0,1278.0,0,0.0,0.0
2023-09-28 12:00:00+09:00,1278.0,1278.0,1255.0,1272.0,55900,0.0,0.0
2023-09-28 13:00:00+09:00,1270.0,1270.0,1255.0,1260.0,4900,0.0,0.0
2023-09-28 14:00:00+09:00,1260.0,1278.0,1258.0,1267.0,5300,0.0,0.0
2023-09-29 09:00:00+09:00,1281.0,1298.0,1268.0,1290.0,7500,0.0,0.0
2023-09-29 10:00:00+09:00,1288.0,1292.0,1285.0,1285.0,2100,0.0,0.0
2023-09-29 11:00:00+09:00,1284.0,1288.0,1283.0,1287.0,0,0.0,0.0
2023-09-29 12:00:00+09:00,1286.0,1288.0,1285.0,1285.0,11900,0.0,0.0
2023-09-29 13:00:00+09:00,1283.0,1290.0,1281.0,1281.0,900,0.0,0.0
2023-09-29 14:00:00+09:00,1284.0,1284.0,1269.0,1279.0,16600,0.0,0.0
2023-10-02 09:00:00+09:00,1274.0,1274.0,1233.0,1236.0,8400,0.0,0.0
2023-10-02 10:00:00+09:00,1239.0,1243.0,1236.0,1239.0,6900,0.0,0.0
2023-10-02 11:00:00+09:00,1239.0,1242.0,1236.0,1242.0,0,0.0,0.0
2023-10-02 12:00:00+09:00,1236.0,1236.0,1222.0,1222.0,21200,0.0,0.0
2023-10-02 13:00:00+09:00,1222.0,1230.0,1221.0,1229.0,1600,0.0,0.0
2023-10-02 14:00:00+09:00,1226.0,1226.0,1210.0,1211.0,4400,0.0,0.0
2023-10-03 09:00:00+09:00,1198.0,1198.0,1157.0,1168.0,11800,0.0,0.0
2023-10-03 10:00:00+09:00,1170.0,1175.0,1158.0,1172.0,3900,0.0,0.0
2023-10-03 11:00:00+09:00,1166.0,1170.0,1166.0,1167.0,0,0.0,0.0
2023-10-03 12:00:00+09:00,1168.0,1170.0,1165.0,1165.0,17900,0.0,0.0
2023-10-03 13:00:00+09:00,1164.0,1164.0,1160.0,1163.0,2800,0.0,0.0
2023-10-03 14:00:00+09:00,1160.0,1171.0,1158.0,1162.0,3900,0.0,0.0
2023-10-04 09:00:00+09:00,1150.0,1150.0,1133.0,1133.0,6900,0.0,0.0
2023-10-04 10:00:00+09:00,1142.0,1145.0,1136.0,1136.0,2100,0.0,0.0
2023-10-04 11:00:00+09:00,1140.0,1145.0,1140.0,1145.0,0,0.0,0.0
2023-10-04 12:00:00+09:00,1145.0,1145.0,1143.0,1143.0,13100,0.0,0.0
2023-10-04 13:00:00+09:00,1142.0,1147.0,1135.0,1147.0,2100,0.0,0.0
2023-10-04 14:00:00+09:00,1147.0,1147.0,1138.0,1138.0,1100,0.0,0.0
2023-10-05 09:00:00+09:00,1150.0,1162.0,1146.0,1151.0,11000,0.0,0.0
2023-10-05 10:00:00+09:00,1150.0,1151.0,1146.0,1146.0,2600,0.0,0.0
2023-10-05 11:00:00+09:00,1145.0,1145.0,1144.0,1145.0,0,0.0,0.0
2023-10-05 12:00:00+09:00,1149.0,1149.0,1148.0,1149.0,15400,0.0,0.0
2023-10-05 13:00:00+09:00,1149.0,1151.0,1145.0,1148.0,1200,0.0,0.0
2023-10-05 14:00:00+09:00,1149.0,1151.0,1148.0,1151.0,1200,0.0,0.0
2023-10-06 09:00:00+09:00,1152.0,1155.0,1152.0,1153.0,300,0.0,0.0
2023-10-06 10:00:00+09:00,1161.0,1171.0,1161.0,1171.0,900,0.0,0.0
2023-10-06 11:00:00+09:00,1171.0,1172.0,1168.0,1172.0,0,0.0,0.0
2023-10-06 12:00:00+09:00,1175.0,1194.0,1170.0,1194.0,8300,0.0,0.0
2023-10-06 13:00:00+09:00,1181.0,1185.0,1174.0,1179.0,1400,0.0,0.0
2023-10-06 14:00:00+09:00,1180.0,1195.0,1179.0,1195.0,4000,0.0,0.0
2023-10-10 09:00:00+09:00,1200.0,1203.0,1189.0,1189.0,2200,0.0,0.0
2023-10-10 10:00:00+09:00,1190.0,1190.0,1190.0,1190.0,100,0.0,0.0
2023-10-10 11:00:00+09:00,1190.0,1191.0,1190.0,1191.0,0,0.0,0.0
2023-10-10 12:00:00+09:00,1190.0,1191.0,1190.0,1190.0,3000,0.0,0.0
2023-10-10 13:00:00+09:00,1192.0,1192.0,1182.0,1190.0,600,0.0,0.0
2023-10-10 14:00:00+09:00,1182.0,1182.0,1181.0,1181.0,200,0.0,0.0
2023-10-11 09:00:00+09:00,1198.0,1198.0,1170.0,1170.0,3100,0.0,0.0
2023-10-11 10:00:00+09:00,1170.0,1175.0,1170.0,1175.0,600,0.0,0.0
2023-10-11 11:00:00+09:00,1175.0,1175.0,1175.0,1175.0,0,0.0,0.0
2023-10-11 12:00:00+09:00,1177.0,1177.0,1177.0,1177.0,4100,0.0,0.0
2023-10-11 13:00:00+09:00,1172.0,1172.0,1170.0,1170.0,500,0.0,0.0
2023-10-11 14:00:00+09:00,1170.0,1171.0,1170.0,1171.0,400,0.0,0.0
2023-10-12 09:00:00+09:00,1170.0,1170.0,1159.0,1160.0,7400,0.0,0.0
2023-10-12 10:00:00+09:00,1159.0,1159.0,1153.0,1153.0,1300,0.0,0.0
2023-10-12 11:00:00+09:00,1153.0,1156.0,1153.0,1156.0,0,0.0,0.0
2023-10-12 12:00:00+09:00,1156.0,1160.0,1155.0,1160.0,10900,0.0,0.0
2023-10-12 13:00:00+09:00,1161.0,1162.0,1158.0,1160.0,1300,0.0,0.0
2023-10-12 14:00:00+09:00,1161.0,1162.0,1158.0,1162.0,0,0.0,0.0
2023-10-13 09:00:00+09:00,1166.0,1166.0,1152.0,1152.0,700,0.0,0.0
2023-10-13 10:00:00+09:00,1153.0,1158.0,1153.0,1158.0,200,0.0,0.0
2023-10-13 11:00:00+09:00,1156.0,1156.0,1156.0,1156.0,0,0.0,0.0
2023-10-13 12:00:00+09:00,1165.0,1165.0,1155.0,1155.0,1400,0.0,0.0
2023-10-13 13:00:00+09:00,1162.0,1162.0,1162.0,1162.0,200,0.0,0.0
2023-10-13 14:00:00+09:00,1157.0,1163.0,1154.0,1163.0,800,0.0,0.0
2023-10-16 09:00:00+09:00,1164.0,1164.0,1144.0,1147.0,13300,0.0,0.0
2023-10-16 10:00:00+09:00,1144.0,1144.0,1144.0,1144.0,0,0.0,0.0
2023-10-16 11:00:00+09:00,1146.0,1146.0,1144.0,1144.0,0,0.0,0.0
2023-10-16 12:00:00+09:00,1144.0,1144.0,1139.0,1141.0,15600,0.0,0.0
2023-10-16 13:00:00+09:00,1139.0,1139.0,1132.0,1132.0,2400,0.0,0.0
2023-10-16 14:00:00+09:00,1137.0,1137.0,1133.0,1135.0,1600,0.0,0.0
2023-10-17 09:00:00+09:00,1138.0,1145.0,1138.0,1142.0,900,0.0,0.0
2023-10-17 10:00:00+09:00,1141.0,1142.0,1140.0,1142.0,800,0.0,0.0
2023-10-17 11:00:00+09:00,1139.0,1139.0,1134.0,1136.0,0,0.0,0.0
2023-10-17 13:00:00+09:00,1133.0,1133.0,1133.0,1133.0,2400,0.0,0.0
2023-10-17 14:00:00+09:00,1134.0,1135.0,1134.0,1135.0,1300,0.0,0.0
2023-10-18 09:00:00+09:00,1144.0,1144.0,1138.0,1138.0,2700,0.0,0.0
2023-10-18 11:00:00+09:00,1138.0,1138.0,1138.0,1138.0,0,0.0,0.0
2023-10-18 12:00:00+09:00,1141.0,1141.0,1136.0,1136.0,3200,0.0,0.0
2023-10-18 13:00:00+09:00,1137.0,1142.0,1137.0,1142.0,800,0.0,0.0
2023-10-18 14:00:00+09:00,1140.0,1144.0,1140.0,1144.0,400,0.0,0.0
2023-10-19 09:00:00+09:00,1136.0,1142.0,1135.0,1140.0,2400,0.0,0.0
2023-10-19 10:00:00+09:00,1139.0,1141.0,1139.0,1139.0,300,0.0,0.0
2023-10-19 11:00:00+09:00,1144.0,1144.0,1144.0,1144.0,0,0.0,0.0
2023-10-19 12:00:00+09:00,1144.0,1144.0,1143.0,1143.0,3000,0.0,0.0
2023-10-19 14:00:00+09:00,1140.0,1140.0,1140.0,1140.0,100,0.0,0.0
2023-10-20 09:00:00+09:00,1139.0,1139.0,1130.0,1134.0,2100,0.0,0.0
2023-10-20 10:00:00+09:00,1132.0,1133.0,1125.0,1125.0,1900,0.0,0.0
2023-10-20 11:00:00+09:00,1131.0,1132.0,1131.0,1132.0,0,0.0,0.0
2023-10-20 12:00:00+09:00,1135.0,1136.0,1135.0,1136.0,4700,0.0,0.0
2023-10-20 13:00:00+09:00,1138.0,1138.0,1138.0,1138.0,200,0.0,0.0
2023-10-20 14:00:00+09:00,1137.0,1141.0,1137.0,1140.0,900,0.0,0.0
2023-10-23 09:00:00+09:00,1140.0,1151.0,1140.0,1149.0,1000,0.0,0.0
2023-10-23 10:00:00+09:00,1148.0,1148.0,1145.0,1145.0,1500,0.0,0.0
2023-10-23 11:00:00+09:00,1145.0,1145.0,1145.0,1145.0,0,0.0,0.0
2023-10-23 12:00:00+09:00,1144.0,1144.0,1134.0,1134.0,4100,0.0,0.0
2023-10-23 13:00:00+09:00,1136.0,1136.0,1136.0,1136.0,100,0.0,0.0
2023-10-23 14:00:00+09:00,1134.0,1136.0,1134.0,1136.0,200,0.0,0.0
2023-10-24 09:00:00+09:00,1135.0,1138.0,1122.0,1122.0,1500,0.0,0.0
2023-10-24 10:00:00+09:00,1122.0,1122.0,1105.0,1107.0,4500,0.0,0.0
2023-10-24 11:00:00+09:00,1111.0,1118.0,1111.0,1118.0,0,0.0,0.0
2023-10-24 12:00:00+09:00,1120.0,1136.0,1118.0,1122.0,9000,0.0,0.0
2023-10-24 13:00:00+09:00,1120.0,1132.0,1120.0,1132.0,400,0.0,0.0
2023-10-24 14:00:00+09:00,1132.0,1133.0,1132.0,1133.0,200,0.0,0.0
2023-10-25 09:00:00+09:00,1143.0,1143.0,1138.0,1140.0,2200,0.0,0.0
2023-10-25 10:00:00+09:00,1143.0,1145.0,1137.0,1145.0,500,0.0,0.0
2023-10-25 11:00:00+09:00,1145.0,1145.0,1145.0,1145.0,0,0.0,0.0
2023-10-25 12:00:00+09:00,1145.0,1145.0,1145.0,1145.0,3400,0.0,0.0
2023-10-25 13:00:00+09:00,1147.0,1147.0,1145.0,1145.0,200,0.0,0.0
2023-10-25 14:00:00+09:00,1144.0,1146.0,1143.0,1143.0,600,0.0,0.0
2023-10-26 09:00:00+09:00,1138.0,1138.0,1138.0,1138.0,900,0.0,0.0
2023-10-26 10:00:00+09:00,1130.0,1139.0,1130.0,1139.0,200,0.0,0.0
2023-10-26 11:00:00+09:00,1136.0,1136.0,1136.0,1136.0,0,0.0,0.0
2023-10-26 12:00:00+09:00,1127.0,1127.0,1126.0,1126.0,1700,0.0,0.0
2023-10-26 13:00:00+09:00,1136.0,1136.0,1128.0,1128.0,300,0.0,0.0
2023-10-26 14:00:00+09:00,1129.0,1133.0,1129.0,1133.0,600,0.0,0.0
2023-10-27 09:00:00+09:00,1146.0,1146.0,1140.0,1140.0,1500,0.0,0.0
2023-10-27 10:00:00+09:00,1129.0,1129.0,1129.0,1129.0,100,0.0,0.0
2023-10-27 11:00:00+09:00,1129.0,1129.0,1129.0,1129.0,0,0.0,0.0
2023-10-27 12:00:00+09:00,1135.0,1138.0,1135.0,1138.0,1900,0.0,0.0
2023-10-27 13:00:00+09:00,1138.0,1140.0,1138.0,1140.0,300,0.0,0.0
2023-10-27 14:00:00+09:00,1138.0,1138.0,1130.0,1135.0,1400,0.0,0.0
2023-10-30 09:00:00+09:00,1143.0,1143.0,1133.0,1138.0,0,0.0,0.0
2023-10-30 10:00:00+09:00,1136.0,1139.0,1132.0,1132.0,3800,0.0,0.0
2023-10-30 11:00:00+09:00,1131.0,1135.0,1120.0,1120.0,0,0.0,0.0
2023-10-30 12:00:00+09:00,1121.0,1128.0,1121.0,1128.0,12100,0.0,0.0
2023-10-30 13:00:00+09:00,1128.0,1128.0,1125.0,1125.0,300,0.0,0.0
2023-10-30 14:00:00+09:00,1128.0,1128.0,1126.0,1126.0,0,0.0,0.0
2023-10-31 09:00:00+09:00,1135.0,1135.0,1126.0,1130.0,1100,0.0,0.0
2023-10-31 10:00:00+09:00,1132.0,1132.0,1124.0,1124.0,700,0.0,0.0
2023-10-31 11:00:00+09:00,1124.0,1124.0,1123.0,1123.0,0,0.0,0.0
2023-10-31 12:00:00+09:00,1120.0,1122.0,1119.0,1119.0,2300,0.0,0.0
2023-10-31 13:00:00+09:00,1123.0,1124.0,1123.0,1124.0,200,0.0,0.0
2023-10-31 14:00:00+09:00,1128.0,1128.0,1123.0,1124.0,2500,0.0,0.0
2023-11-01 09:00:00+09:00,1125.0,1129.0,1124.0,1124.0,2000,0.0,0.0
2023-11-01 10:00:00+09:00,1125.0,1125.0,1124.0,1124.0,500,0.0,0.0
2023-11-01 11:00:00+09:00,1120.0,1124.0,1120.0,1123.0,0,0.0,0.0
2023-11-01 12:00:00+09:00,1123.0,1126.0,1123.0,1126.0,4200,0.0,0.0
2023-11-01 13:00:00+09:00,1125.0,1125.0,1125.0,1125.0,100,0.0,0.0
2023-11-01 14:00:00+09:00,1125.0,1126.0,1124.0,1125.0,500,0.0,0.0
2023-11-02 09:00:00+09:00,1130.0,1130.0,1123.0,1124.0,3300,0.0,0.0
2023-11-02 10:00:00+09:00,1126.0,1126.0,1123.0,1123.0,500,0.0,0.0
2023-11-02 11:00:00+09:00,1123.0,1123.0,1123.0,1123.0,0,0.0,0.0
2023-11-02 12:00:00+09:00,1125.0,1125.0,1125.0,1125.0,4200,0.0,0.0
2023-11-02 13:00:00+09:00,1124.0,1124.0,1124.0,1124.0,200,0.0,0.0
2023-11-02 14:00:00+09:00,1126.0,1126.0,1125.0,1125.0,200,0.0,0.0
2023-11-06 09:00:00+09:00,1130.0,1134.0,1122.0,1122.0,3700,0.0,0.0
2023-11-06 11:00:00+09:00,1124.0,1124.0,1124.0,1124.0,0,0.0,0.0
2023-11-06 12:00:00+09:00,1126.0,1126.0,1126.0,1126.0,9200,0.0,0.0
2023-11-06 13:00:00+09:00,1127.0,1127.0,1127.0,1127.0,100,0.0,0.0
2023-11-06 14:00:00+09:00,1128.0,1128.0,1128.0,1128.0,100,0.0,0.0
2023-11-07 09:00:00+09:00,1128.0,1128.0,1125.0,1125.0,500,0.0,0.0
2023-11-07 10:00:00+09:00,1125.0,1128.0,1125.0,1128.0,1100,0.0,0.0
2023-11-07 11:00:00+09:00,1127.0,1127.0,1125.0,1125.0,0,0.0,0.0
2023-11-07 12:00:00+09:00,1126.0,1127.0,1126.0,1127.0,13100,0.0,0.0
2023-11-07 13:00:00+09:00,1128.0,1130.0,1128.0,1129.0,600,0.0,0.0
2023-11-07 14:00:00+09:00,1130.0,1133.0,1130.0,1132.0,900,0.0,0.0
2023-11-08 09:00:00+09:00,1134.0,1134.0,1125.0,1125.0,700,0.0,0.0
2023-11-08 10:00:00+09:00,1131.0,1131.0,1124.0,1124.0,300,0.0,0.0
2023-11-08 11:00:00+09:00,1134.0,1134.0,1134.0,1134.0,0,0.0,0.0
2023-11-08 12:00:00+09:00,1125.0,1125.0,1123.0,1125.0,1400,0.0,0.0
2023-11-08 13:00:00+09:00,1124.0,1124.0,1120.0,1122.0,2100,0.0,0.0
2023-11-09 09:00:00+09:00,1122.0,1122.0,1122.0,1122.0,100,0.0,0.0
2023-11-09 10:00:00+09:00,1130.0,1130.0,1123.0,1125.0,400,0.0,0.0
2023-11-09 11:00:00+09:00,1125.0,1125.0,1125.0,1125.0,0,0.0,0.0
2023-11-09 12:00:00+09:00,1129.0,1129.0,1129.0,1129.0,800,0.0,0.0
2023-11-09 13:00:00+09:00,1129.0,1129.0,1128.0,1128.0,200,0.0,0.0
2023-11-09 14:00:00+09:00,1129.0,1129.0,1129.0,1129.0,100,0.0,0.0
2023-11-10 09:00:00+09:00,1120.0,1128.0,1120.0,1128.0,1100,0.0,0.0
2023-11-10 10:00:00+09:00,1128.0,1128.0,1128.0,1128.0,100,0.0,0.0
2023-11-10 11:00:00+09:00,1128.0,1128.0,1128.0,1128.0,0,0.0,0.0
2023-11-10 13:00:00+09:00,1130.0,1134.0,1130.0,1134.0,17300,0.0,0.0
2023-11-10 14:00:00+09:00,1135.0,1136.0,1134.0,1136.0,800,0.0,0.0
2023-11-13 09:00:00+09:00,1144.0,1144.0,1131.0,1135.0,2800,0.0,0.0
2023-11-13 10:00:00+09:00,1144.0,1145.0,1142.0,1142.0,400,0.0,0.0
2023-11-13 11:00:00+09:00,1143.0,1147.0,1142.0,1146.0,0,0.0,0.0
2023-11-13 12:00:00+09:00,1148.0,1152.0,1146.0,1147.0,6600,0.0,0.0
2023-11-13 13:00:00+09:00,1146.0,1165.0,1130.0,1145.0,13400,0.0,0.0
2023-11-13 14:00:00+09:00,1140.0,1165.0,1132.0,1148.0,7400,0.0,0.0
2023-11-14 09:00:00+09:00,1124.0,1147.0,1124.0,1132.0,3500,0.0,0.0
2023-11-14 10:00:00+09:00,1136.0,1136.0,1127.0,1127.0,2100,0.0,0.0
2023-11-14 11:00:00+09:00,1130.0,1131.0,1127.0,1127.0,0,0.0,0.0
2023-11-14 12:00:00+09:00,1127.0,1130.0,1127.0,1130.0,6300,0.0,0.0
2023-11-14 13:00:00+09:00,1132.0,1132.0,1131.0,1132.0,300,0.0,0.0
2023-11-14 14:00:00+09:00,1132.0,1133.0,1131.0,1133.0,600,0.0,0.0
2023-11-15 09:00:00+09:00,1131.0,1132.0,1113.0,1115.0,4900,0.0,0.0
2023-11-15 10:00:00+09:00,1119.0,1119.0,1114.0,1115.0,2500,0.0,0.0
2023-11-15 11:00:00+09:00,1116.0,1116.0,1116.0,1116.0,0,0.0,0.0
2023-11-15 12:00:00+09:00,1118.0,1118.0,1116.0,1116.0,8400,0.0,0.0
2023-11-15 13:00:00+09:00,1117.0,1117.0,1113.0,1116.0,1700,0.0,0.0
2023-11-15 14:00:00+09:00,1114.0,1116.0,1114.0,1116.0,600,0.0,0.0
2023-11-16 09:00:00+09:00,1115.0,1125.0,1115.0,1120.0,0,0.0,0.0
2023-11-16 10:00:00+09:00,1120.0,1120.0,1120.0,1120.0,1900,0.0,0.0
2023-11-16 11:00:00+09:00,1120.0,1120.0,1120.0,1120.0,0,0.0,0.0
2023-11-16 12:00:00+09:00,1117.0,1117.0,1117.0,1117.0,2500,0.0,0.0
2023-11-16 14:00:00+09:00,1115.0,1115.0,1112.0,1115.0,1400,0.0,0.0
2023-11-17 09:00:00+09:00,1116.0,1123.0,1116.0,1123.0,500,0.0,0.0
2023-11-17 10:00:00+09:00,1121.0,1121.0,1121.0,1121.0,100,0.0,0.0
2023-11-17 11:00:00+09:00,1121.0,1121.0,1121.0,1121.0,0,0.0,0.0
2023-11-17 12:00:00+09:00,1124.0,1124.0,1124.0,1124.0,1000,0.0,0.0
2023-11-17 13:00:00+09:00,1121.0,1124.0,1121.0,1124.0,600,0.0,0.0
2023-11-17 14:00:00+09:00,1124.0,1129.0,1122.0,1129.0,1000,0.0,0.0
2023-11-20 09:00:00+09:00,1129.0,1137.0,1128.0,1129.0,1100,0.0,0.0
2023-11-20 10:00:00+09:00,1129.0,1133.0,1129.0,1133.0,200,0.0,0.0
2023-11-20 11:00:00+09:00,1133.0,1133.0,1133.0,1133.0,0,0.0,0.0
2023-11-20 12:00:00+09:00,1133.0,1133.0,1133.0,1133.0,1500,0.0,0.0
2023-11-20 13:00:00+09:00,1130.0,1130.0,1129.0,1129.0,200,0.0,0.0
2023-11-20 14:00:00+09:00,1129.0,1132.0,1128.0,1128.0,400,0.0,0.0
2023-11-21 09:00:00+09:00,1125.0,1126.0,1121.0,1122.0,1600,0.0,0.0
2023-11-21 11:00:00+09:00,1127.0,1127.0,1127.0,1127.0,0,0.0,0.0
2023-11-21 12:00:00+09:00,1130.0,1130.0,1123.0,1123.0,2100,0.0,0.0
2023-11-21 14:00:00+09:00,1124.0,1124.0,1124.0,1124.0,300,0.0,0.0
2023-11-22 09:00:00+09:00,1121.0,1122.0,1120.0,1122.0,900,0.0,0.0
2023-11-22 10:00:00+09:00,1126.0,1126.0,1122.0,1122.0,600,0.0,0.0
2023-11-22 11:00:00+09:00,1126.0,1127.0,1126.0,1127.0,0,0.0,0.0
2023-11-22 12:00:00+09:00,1129.0,1129.0,1122.0,1124.0,2400,0.0,0.0
2023-11-22 13:00:00+09:00,1126.0,1126.0,1126.0,1126.0,100,0.0,0.0
2023-11-22 14:00:00+09:00,1127.0,1128.0,1127.0,1128.0,200,0.0,0.0
2023-11-24 09:00:00+09:00,1130.0,1132.0,1121.0,1123.0,3700,0.0,0.0
2023-11-24 10:00:00+09:00,1132.0,1132.0,1125.0,1125.0,200,0.0,0.0
2023-11-24 11:00:00+09:00,1125.0,1130.0,1125.0,1129.0,0,0.0,0.0
2023-11-24 12:00:00+09:00,1129.0,1129.0,1129.0,1129.0,4500,0.0,0.0
2023-11-24 13:00:00+09:00,1130.0,1131.0,1130.0,1131.0,300,0.0,0.0
2023-11-24 14:00:00+09:00,1132.0,1132.0,1132.0,1132.0,300,0.0,0.0
2023-11-27 09:00:00+09:00,1138.0,1144.0,1136.0,1144.0,3300,0.0,0.0
2023-11-27 10:00:00+09:00,1147.0,1147.0,1147.0,1147.0,200,0.0,0.0
2023-11-27 11:00:00+09:00,1147.0,1147.0,1147.0,1147.0,0,0.0,0.0
2023-11-27 12:00:00+09:00,1147.0,1147.0,1142.0,1143.0,5300,0.0,0.0
2023-11-27 13:00:00+09:00,1143.0,1143.0,1143.0,1143.0,200,0.0,0.0
2023-11-27 14:00:00+09:00,1143.0,1147.0,1143.0,1147.0,1100,0.0,0.0
2023-11-28 09:00:00+09:00,1150.0,1154.0,1144.0,1144.0,1800,0.0,0.0
2023-11-28 10:00:00+09:00,1146.0,1150.0,1145.0,1150.0,400,0.0,0.0
2023-11-28 11:00:00+09:00,1150.0,1150.0,1150.0,1150.0,0,0.0,0.0
2023-11-28 12:00:00+09:00,1144.0,1155.0,1144.0,1155.0,7300,0.0,0.0
2023-11-28 14:00:00+09:00,1155.0,1155.0,1155.0,1155.0,500,0.0,0.0
2023-11-29 09:00:00+09:00,1163.0,1177.0,1163.0,1174.0,3900,0.0,0.0
2023-11-29 10:00:00+09:00,1174.0,1174.0,1170.0,1171.0,2000,0.0,0.0
2023-11-29 11:00:00+09:00,1171.0,1171.0,1171.0,1171.0,0,0.0,0.0
2023-11-29 12:00:00+09:00,1170.0,1170.0,1167.0,1167.0,6300,0.0,0.0
2023-11-29 13:00:00+09:00,1166.0,1166.0,1156.0,1161.0,800,0.0,0.0
2023-11-29 14:00:00+09:00,1161.0,1165.0,1156.0,1156.0,500,0.0,0.0
2023-11-30 09:00:00+09:00,1165.0,1168.0,1155.0,1155.0,1400,0.0,0.0
2023-11-30 10:00:00+09:00,1160.0,1160.0,1160.0,1160.0,100,0.0,0.0
2023-11-30 11:00:00+09:00,1168.0,1170.0,1168.0,1170.0,0,0.0,0.0
2023-11-30 12:00:00+09:00,1170.0,1170.0,1170.0,1170.0,2500,0.0,0.0
2023-11-30 13:00:00+09:00,1169.0,1169.0,1169.0,1169.0,100,0.0,0.0
2023-11-30 14:00:00+09:00,1165.0,1165.0,1165.0,1165.0,100,0.0,0.0
2023-12-01 09:00:00+09:00,1171.0,1172.0,1171.0,1172.0,1800,0.0,0.0
2023-12-01 10:00:00+09:00,1172.0,1172.0,1172.0,1172.0,100,0.0,0.0
2023-12-01 11:00:00+09:00,1172.0,1172.0,1172.0,1172.0,0,0.0,0.0
2023-12-01 12:00:00+09:00,1172.0,1172.0,1172.0,1172.0,2200,0.0,0.0
2023-12-01 13:00:00+09:00,1165.0,1165.0,1148.0,1158.0,2100,0.0,0.0
2023-12-01 14:00:00+09:00,1159.0,1161.0,1159.0,1161.0,200,0.0,0.0
2023-12-04 09:00:00+09:00,1166.0,1171.0,1162.0,1164.0,1200,0.0,0.0
2023-12-04 10:00:00+09:00,1164.0,1170.0,1160.0,1162.0,500,0.0,0.0
2023-12-04 11:00:00+09:00,1162.0,1162.0,1162.0,1162.0,0,0.0,0.0
2023-12-04 12:00:00+09:00,1163.0,1163.0,1163.0,1163.0,4300,0.0,0.0
2023-12-04 13:00:00+09:00,1164.0,1164.0,1162.0,1162.0,500,0.0,0.0
2023-12-04 14:00:00+09:00,1160.0,1160.0,1160.0,1160.0,200,0.0,0.0
2023-12-05 09:00:00+09:00,1170.0,1170.0,1160.0,1160.0,1400,0.0,0.0
2023-12-05 10:00:00+09:00,1168.0,1168.0,1168.0,1168.0,100,0.0,0.0
2023-12-05 11:00:00+09:00,1168.0,1168.0,1168.0,1168.0,0,0.0,0.0
2023-12-05 12:00:00+09:00,1160.0,1160.0,1160.0,1160.0,1600,0.0,0.0
2023-12-05 13:00:00+09:00,1160.0,1162.0,1158.0,1158.0,1100,0.0,0.0
2023-12-05 14:00:00+09:00,1160.0,1160.0,1160.0,1160.0,400,0.0,0.0
2023-12-06 09:00:00+09:00,1171.0,1182.0,1169.0,1182.0,3500,0.0,0.0
2023-12-06 10:00:00+09:00,1176.0,1183.0,1173.0,1183.0,3300,0.0,0.0
2023-12-06 11:00:00+09:00,1183.0,1183.0,1183.0,1183.0,0,0.0,0.0
2023-12-06 12:00:00+09:00,1183.0,1185.0,1183.0,1185.0,7800,0.0,0.0
2023-12-06 13:00:00+09:00,1177.0,1184.0,1177.0,1184.0,300,0.0,0.0
2023-12-06 14:00:00+09:00,1185.0,1185.0,1174.0,1179.0,1500,0.0,0.0
2023-12-07 09:00:00+09:00,1172.0,1180.0,1172.0,1177.0,1000,0.0,0.0
2023-12-07 10:00:00+09:00,1184.0,1184.0,1177.0,1177.0,400,0.0,0.0
2023-12-07 11:00:00+09:00,1180.0,1180.0,1176.0,1176.0,0,0.0,0.0
2023-12-07 12:00:00+09:00,1176.0,1176.0,1176.0,1176.0,1800,0.0,0.0
2023-12-07 13:00:00+09:00,1176.0,1176.0,1163.0,1163.0,3300,0.0,0.0
2023-12-08 09:00:00+09:00,1166.0,1173.0,1163.0,1167.0,3000,0.0,0.0
2023-12-08 10:00:00+09:00,1167.0,1169.0,1158.0,1158.0,0,0.0,0.0
2023-12-08 11:00:00+09:00,1160.0,1164.0,1156.0,1164.0,0,0.0,0.0
2023-12-08 12:00:00+09:00,1166.0,1166.0,1162.0,1162.0,5700,0.0,0.0
2023-12-08 13:00:00+09:00,1162.0,1162.0,1160.0,1160.0,1700,0.0,0.0
2023-12-08 14:00:00+09:00,1156.0,1156.0,1150.0,1151.0,1300,0.0,0.0
2023-12-11 09:00:00+09:00,1139.0,1150.0,1139.0,1150.0,7100,0.0,0.0
2023-12-11 10:00:00+09:00,1145.0,1149.0,1144.0,1149.0,300,0.0,0.0
2023-12-11 11:00:00+09:00,1146.0,1151.0,1146.0,1150.0,0,0.0,0.0
2023-12-11 12:00:00+09:00,1143.0,1143.0,1143.0,1143.0,8400,0.0,0.0
2023-12-11 13:00:00+09:00,1145.0,1145.0,1144.0,1144.0,600,0.0,0.0
2023-12-11 14:00:00+09:00,1149.0,1151.0,1149.0,1149.0,1000,0.0,0.0
2023-12-12 09:00:00+09:00,1167.0,1167.0,1164.0,1164.0,2800,0.0,0.0
2023-12-12 11:00:00+09:00,1169.0,1170.0,1169.0,1169.0,0,0.0,0.0
2023-12-12 12:00:00+09:00,1171.0,1172.0,1168.0,1168.0,4300,0.0,0.0
2023-12-12 13:00:00+09:00,1167.0,1167.0,1167.0,1167.0,100,0.0,0.0
2023-12-12 14:00:00+09:00,1166.0,1167.0,1165.0,1166.0,600,0.0,0.0
2023-12-13 09:00:00+09:00,1178.0,1178.0,1169.0,1176.0,4500,0.0,0.0
2023-12-13 10:00:00+09:00,1178.0,1178.0,1176.0,1176.0,400,0.0,0.0
2023-12-13 11:00:00+09:00,1173.0,1173.0,1173.0,1173.0,0,0.0,0.0
2023-12-13 12:00:00+09:00,1173.0,1180.0,1173.0,1178.0,7000,0.0,0.0
2023-12-13 13:00:00+09:00,1179.0,1180.0,1177.0,1177.0,400,0.0,0.0
2023-12-13 14:00:00+09:00,1177.0,1187.0,1176.0,1183.0,2700,0.0,0.0
2023-12-14 09:00:00+09:00,1188.0,1188.0,1178.0,1178.0,2800,0.0,0.0
2023-12-14 10:00:00+09:00,1174.0,1174.0,1171.0,1171.0,600,0.0,0.0
2023-12-14 11:00:00+09:00,1177.0,1177.0,1177.0,1177.0,0,0.0,0.0
2023-12-14 13:00:00+09:00,1178.0,1178.0,1165.0,1165.0,4200,0.0,0.0
2023-12-14 14:00:00+09:00,1167.0,1167.0,1167.0,1167.0,100,0.0,0.0
2023-12-15 09:00:00+09:00,1175.0,1180.0,1175.0,1180.0,400,0.0,0.0
2023-12-15 10:00:00+09:00,1177.0,1178.0,1177.0,1178.0,200,0.0,0.0
2023-12-15 11:00:00+09:00,1178.0,1178.0,1178.0,1178.0,0,0.0,0.0
2023-12-15 12:00:00+09:00,1178.0,1181.0,1178.0,1181.0,2600,0.0,0.0
2023-12-15 13:00:00+09:00,1181.0,1184.0,1181.0,1184.0,300,0.0,0.0
2023-12-15 14:00:00+09:00,1181.0,1181.0,1177.0,1177.0,400,0.0,0.0
2023-12-18 09:00:00+09:00,1173.0,1179.0,1173.0,1178.0,700,0.0,0.0
2023-12-18 10:00:00+09:00,1180.0,1190.0,1180.0,1184.0,1800,0.0,0.0
2023-12-18 11:00:00+09:00,1184.0,1184.0,1184.0,1184.0,0,0.0,0.0
2023-12-18 12:00:00+09:00,1184.0,1187.0,1184.0,1186.0,0,0.0,0.0
2023-12-18 13:00:00+09:00,1187.0,1202.0,1187.0,1199.0,6500,0.0,0.0
2023-12-18 14:00:00+09:00,1206.0,1212.0,1206.0,1209.0,3100,0.0,0.0
2023-12-19 09:00:00+09:00,1210.0,1210.0,1201.0,1201.0,1100,0.0,0.0
2023-12-19 10:00:00+09:00,1198.0,1198.0,1185.0,1186.0,900,0.0,0.0
2023-12-19 11:00:00+09:00,1194.0,1194.0,1194.0,1194.0,0,0.0,0.0
2023-12-19 12:00:00+09:00,1206.0,1206.0,1194.0,1194.0,2300,0.0,0.0
2023-12-19 13:00:00+09:00,1194.0,1195.0,1178.0,1178.0,3400,0.0,0.0
2023-12-19 14:00:00+09:00,1173.0,1179.0,1171.0,1172.0,2800,0.0,0.0
2023-12-20 09:00:00+09:00,1173.0,1194.0,1173.0,1194.0,500,0.0,0.0
2023-12-20 10:00:00+09:00,1188.0,1188.0,1177.0,1177.0,300,0.0,0.0
2023-12-20 11:00:00+09:00,1177.0,1177.0,1177.0,1177.0,0,0.0,0.0
2023-12-20 12:00:00+09:00,1177.0,1179.0,1177.0,1179.0,1300,0.0,0.0
2023-12-20 13:00:00+09:00,1178.0,1178.0,1168.0,1168.0,900,0.0,0.0
2023-12-20 14:00:00+09:00,1174.0,1174.0,1166.0,1166.0,700,0.0,0.0
2023-12-21 09:00:00+09:00,1167.0,1167.0,1164.0,1165.0,1000,0.0,0.0
2023-12-21 10:00:00+09:00,1162.0,1162.0,1158.0,1158.0,800,0.0,0.0
2023-12-21 11:00:00+09:00,1160.0,1162.0,1160.0,1162.0,0,0.0,0.0
2023-12-21 12:00:00+09:00,1160.0,1166.0,1160.0,1161.0,2800,0.0,0.0
2023-12-21 13:00:00+09:00,1160.0,1160.0,1156.0,1159.0,500,0.0,0.0
2023-12-21 14:00:00+09:00,1165.0,1165.0,1165.0,1165.0,300,0.0,0.0
2023-12-22 09:00:00+09:00,1165.0,1165.0,1157.0,1160.0,500,0.0,0.0
2023-12-22 10:00:00+09:00,1161.0,1164.0,1160.0,1164.0,800,0.0,0.0
2023-12-22 11:00:00+09:00,1164.0,1164.0,1163.0,1163.0,0,0.0,0.0
2023-12-22 12:00:00+09:00,1163.0,1163.0,1163.0,1163.0,1800,0.0,0.0
2023-12-22 13:00:00+09:00,1166.0,1166.0,1161.0,1161.0,300,0.0,0.0
2023-12-25 09:00:00+09:00,1168.0,1175.0,1160.0,1160.0,4000,0.0,0.0
2023-12-25 10:00:00+09:00,1166.0,1166.0,1160.0,1160.0,200,0.0,0.0
2023-12-25 11:00:00+09:00,1166.0,1167.0,1166.0,1167.0,0,0.0,0.0
2023-12-25 12:00:00+09:00,1165.0,1165.0,1165.0,1165.0,4500,0.0,0.0
2023-12-25 13:00:00+09:00,1169.0,1169.0,1165.0,1165.0,200,0.0,0.0
2023-12-25 14:00:00+09:00,1166.0,1166.0,1165.0,1165.0,200,0.0,0.0
2023-12-26 09:00:00+09:00,1171.0,1190.0,1168.0,1184.0,5900,0.0,0.0
2023-12-26 10:00:00+09:00,1185.0,1189.0,1185.0,1186.0,1000,0.0,0.0
2023-12-26 11:00:00+09:00,1184.0,1184.0,1181.0,1181.0,0,0.0,0.0
2023-12-26 14:00:00+09:00,1172.0,1178.0,1172.0,1178.0,9200,0.0,0.0
2023-12-27 09:00:00+09:00,1200.0,1200.0,1160.0,1180.0,3800,0.0,0.0
2023-12-27 10:00:00+09:00,1170.0,1172.0,1170.0,1170.0,900,0.0,0.0
2023-12-27 11:00:00+09:00,1170.0,1170.0,1170.0,1170.0,0,0.0,0.0
2023-12-27 12:00:00+09:00,1172.0,1186.0,1172.0,1180.0,5900,0.0,0.0
2023-12-27 13:00:00+09:00,1184.0,1184.0,1184.0,1184.0,400,0.0,0.0
2023-12-27 14:00:00+09:00,1185.0,1186.0,1185.0,1186.0,1000,0.0,0.0
2023-12-28 09:00:00+09:00,1200.0,1200.0,1187.0,1190.0,3400,0.0,0.0
2023-12-28 10:00:00+09:00,1191.0,1195.0,1191.0,1195.0,800,0.0,0.0
2023-12-28 11:00:00+09:00,1194.0,1194.0,1184.0,1184.0,0,0.0,0.0
2023-12-28 12:00:00+09:00,1184.0,1198.0,1184.0,1191.0,6400,0.0,0.0
2023-12-28 13:00:00+09:00,1196.0,1196.0,1196.0,1196.0,100,0.0,0.0
2023-12-28 14:00:00+09:00,1199.0,1205.0,1199.0,1203.0,1900,0.0,0.0
2023-12-29 09:00:00+09:00,1209.0,1209.0,1190.0,1190.0,2700,0.0,0.0
2023-12-29 10:00:00+09:00,1187.0,1202.0,1187.0,1202.0,2500,0.0,0.0
2023-12-29 11:00:00+09:00,1201.0,1201.0,1201.0,1201.0,0,0.0,0.0
2023-12-29 12:00:00+09:00,1201.0,1201.0,1201.0,1201.0,5800,0.0,0.0
2023-12-29 13:00:00+09:00,1200.0,1204.0,1200.0,1204.0,1000,0.0,0.0
2023-12-29 14:00:00+09:00,1202.0,1206.0,1202.0,1204.0,800,0.0,0.0
2024-01-04 09:00:00+09:00,1188.0,1204.0,1188.0,1204.0,3200,0.0,0.0
2024-01-04 10:00:00+09:00,1202.0,1211.0,1200.0,1209.0,2100,0.0,0.0
2024-01-04 11:00:00+09:00,1201.0,1202.0,1200.0,1200.0,0,0.0,0.0
2024-01-04 12:00:00+09:00,1200.0,1206.0,1200.0,1206.0,6100,0.0,0.0
2024-01-04 13:00:00+09:00,1205.0,1216.0,1205.0,1211.0,3600,0.0,0.0
2024-01-04 14:00:00+09:00,1215.0,1215.0,1211.0,1211.0,500,0.0,0.0
2024-01-05 09:00:00+09:00,1215.0,1221.0,1215.0,1221.0,2100,0.0,0.0
2024-01-05 10:00:00+09:00,1225.0,1231.0,1225.0,1231.0,800,0.0,0.0
2024-01-05 11:00:00+09:00,1231.0,1231.0,1230.0,1230.0,0,0.0,0.0
2024-01-05 12:00:00+09:00,1230.0,1230.0,1227.0,1227.0,3600,0.0,0.0
2024-01-05 13:00:00+09:00,1227.0,1227.0,1220.0,1220.0,1000,0.0,0.0
2024-01-05 14:00:00+09:00,1217.0,1217.0,1209.0,1209.0,1100,0.0,0.0
2024-01-09 09:00:00+09:00,1209.0,1226.0,1209.0,1211.0,1200,0.0,0.0
2024-01-09 10:00:00+09:00,1214.0,1214.0,1213.0,1213.0,300,0.0,0.0
2024-01-09 11:00:00+09:00,1213.0,1213.0,1213.0,1213.0,0,0.0,0.0
2024-01-09 12:00:00+09:00,1214.0,1221.0,1214.0,1221.0,2000,0.0,0.0
2024-01-09 13:00:00+09:00,1221.0,1221.0,1221.0,1221.0,200,0.0,0.0
2024-01-09 14:00:00+09:00,1223.0,1223.0,1220.0,1220.0,1300,0.0,0.0
2024-01-10 09:00:00+09:00,1224.0,1224.0,1211.0,1213.0,900,0.0,0.0
2024-01-10 11:00:00+09:00,1213.0,1213.0,1213.0,1213.0,0,0.0,0.0
2024-01-10 12:00:00+09:00,1218.0,1220.0,1218.0,1219.0,1200,0.0,0.0
2024-01-10 13:00:00+09:00,1219.0,1220.0,1217.0,1217.0,300,0.0,0.0
2024-01-11 09:00:00+09:00,1213.0,1223.0,1213.0,1223.0,1700,0.0,0.0
2024-01-11 10:00:00+09:00,1221.0,1221.0,1221.0,1221.0,100,0.0,0.0
2024-01-11 11:00:00+09:00,1221.0,1221.0,1221.0,1221.0,0,0.0,0.0
2024-01-11 12:00:00+09:00,1222.0,1222.0,1220.0,1220.0,2200,0.0,0.0
2024-01-11 13:00:00+09:00,1218.0,1230.0,1218.0,1219.0,3200,0.0,0.0
2024-01-11 14:00:00+09:00,1219.0,1227.0,1215.0,1227.0,800,0.0,0.0
2024-01-12 09:00:00+09:00,1228.0,1228.0,1218.0,1218.0,0,0.0,0.0
2024-01-12 10:00:00+09:00,1218.0,1219.0,1218.0,1219.0,500,0.0,0.0
2024-01-12 11:00:00+09:00,1219.0,1219.0,1219.0,1219.0,0,0.0,0.0
2024-01-12 12:00:00+09:00,1219.0,1225.0,1218.0,1224.0,1700,0.0,0.0
2024-01-12 13:00:00+09:00,1223.0,1225.0,1218.0,1218.0,400,0.0,0.0
2024-01-12 14:00:00+09:00,1218.0,1222.0,1216.0,1222.0,600,0.0,0.0
2024-01-15 09:00:00+09:00,1217.0,1219.0,1217.0,1217.0,0,0.0,0.0
2024-01-15 10:00:00+09:00,1215.0,1215.0,1213.0,1213.0,2200,0.0,0.0
2024-01-15 11:00:00+09:00,1214.0,1214.0,1214.0,1214.0,0,0.0,0.0
2024-01-15 12:00:00+09:00,1214.0,1214.0,1214.0,1214.0,2700,0.0,0.0
2024-01-15 13:00:00+09:00,1214.0,1217.0,1214.0,1217.0,200,0.0,0.0
2024-01-15 14:00:00+09:00,1214.0,1216.0,1210.0,1211.0,1700,0.0,0.0
2024-01-16 09:00:00+09:00,1211.0,1211.0,1209.0,1209.0,1600,0.0,0.0
2024-01-16 10:00:00+09:00,1205.0,1207.0,1203.0,1205.0,700,0.0,0.0
2024-01-16 11:00:00+09:00,1208.0,1208.0,1207.0,1207.0,0,0.0,0.0
2024-01-16 12:00:00+09:00,1201.0,1201.0,1194.0,1194.0,4000,0.0,0.0
2024-01-16 13:00:00+09:00,1194.0,1196.0,1190.0,1195.0,900,0.0,0.0
2024-01-16 14:00:00+09:00,1195.0,1196.0,1191.0,1192.0,2100,0.0,0.0
2024-01-17 09:00:00+09:00,1192.0,1203.0,1192.0,1203.0,400,0.0,0.0
2024-01-17 10:00:00+09:00,1205.0,1208.0,1204.0,1208.0,500,0.0,0.0
2024-01-17 11:00:00+09:00,1206.0,1206.0,1203.0,1203.0,0,0.0,0.0
2024-01-17 12:00:00+09:00,1203.0,1204.0,1203.0,1204.0,2800,0.0,0.0
2024-01-17 13:00:00+09:00,1205.0,1205.0,1205.0,1205.0,100,0.0,0.0
2024-01-17 14:00:00+09:00,1205.0,1205.0,1205.0,1205.0,300,0.0,0.0
2024-01-18 09:00:00+09:00,1203.0,1206.0,1203.0,1206.0,600,0.0,0.0
2024-01-18 11:00:00+09:00,1203.0,1203.0,1203.0,1203.0,0,0.0,0.0
2024-01-18 13:00:00+09:00,1203.0,1212.0,1203.0,1212.0,3300,0.0,0.0
2024-01-18 14:00:00+09:00,1212.0,1213.0,1212.0,1212.0,800,0.0,0.0
2024-01-19 09:00:00+09:00,1213.0,1217.0,1213.0,1216.0,700,0.0,0.0
2024-01-19 10:00:00+09:00,1216.0,1225.0,1211.0,1225.0,2300,0.0,0.0
2024-01-19 11:00:00+09:00,1223.0,1223.0,1219.0,1223.0,0,0.0,0.0
2024-01-19 12:00:00+09:00,1224.0,1224.0,1224.0,1224.0,3500,0.0,0.0
2024-01-19 13:00:00+09:00,1224.0,1224.0,1224.0,1224.0,200,0.0,0.0
2024-01-19 14:00:00+09:00,1220.0,1220.0,1220.0,1220.0,200,0.0,0.0
2024-01-22 09:00:00+09:00,1224.0,1224.0,1219.0,1220.0,900,0.0,0.0
2024-01-22 10:00:00+09:00,1218.0,1220.0,1218.0,1220.0,500,0.0,0.0
2024-01-22 11:00:00+09:00,1219.0,1220.0,1219.0,1220.0,0,0.0,0.0
2024-01-22 12:00:00+09:00,1220.0,1220.0,1217.0,1218.0,2300,0.0,0.0
2024-01-22 13:00:00+09:00,1220.0,1222.0,1219.0,1221.0,2500,0.0,0.0
2024-01-22 14:00:00+09:00,1221.0,1231.0,1218.0,1221.0,5400,0.0,0.0
2024-01-23 09:00:00+09:00,1233.0,1233.0,1221.0,1228.0,1100,0.0,0.0
2024-01-23 10:00:00+09:00,1226.0,1226.0,1225.0,1225.0,300,0.0,0.0
2024-01-23 11:00:00+09:00,1224.0,1229.0,1219.0,1229.0,0,0.0,0.0
2024-01-23 12:00:00+09:00,1229.0,1229.0,1220.0,1220.0,3000,0.0,0.0
2024-01-23 13:00:00+09:00,1226.0,1226.0,1223.0,1226.0,500,0.0,0.0
2024-01-23 14:00:00+09:00,1225.0,1231.0,1223.0,1223.0,1000,0.0,0.0
2024-01-24 09:00:00+09:00,1235.0,1235.0,1230.0,1230.0,2100,0.0,0.0
2024-01-24 10:00:00+09:00,1235.0,1236.0,1234.0,1234.0,600,0.0,0.0
2024-01-24 11:00:00+09:00,1234.0,1235.0,1234.0,1235.0,0,0.0,0.0
2024-01-24 12:00:00+09:00,1235.0,1235.0,1232.0,1232.0,4100,0.0,0.0
2024-01-24 13:00:00+09:00,1235.0,1240.0,1234.0,1240.0,1200,0.0,0.0
2024-01-24 14:00:00+09:00,1239.0,1243.0,1239.0,1243.0,900,0.0,0.0
2024-01-25 09:00:00+09:00,1246.0,1257.0,1242.0,1251.0,3300,0.0,0.0
2024-01-25 10:00:00+09:00,1250.0,1253.0,1249.0,1253.0,600,0.0,0.0
2024-01-25 11:00:00+09:00,1254.0,1255.0,1254.0,1255.0,0,0.0,0.0
2024-01-25 12:00:00+09:00,1255.0,1255.0,1251.0,1251.0,4300,0.0,0.0
2024-01-25 13:00:00+09:00,1255.0,1255.0,1251.0,1252.0,500,0.0,0.0
2024-01-25 14:00:00+09:00,1252.0,1252.0,1252.0,1252.0,100,0.0,0.0
2024-01-26 09:00:00+09:00,1252.0,1256.0,1252.0,1254.0,1700,0.0,0.0
2024-01-26 10:00:00+09:00,1256.0,1257.0,1255.0,1257.0,500,0.0,0.0
2024-01-26 11:00:00+09:00,1258.0,1267.0,1258.0,1267.0,0,0.0,0.0
2024-01-26 12:00:00+09:00,1268.0,1268.0,1260.0,1264.0,8100,0.0,0.0
2024-01-26 13:00:00+09:00,1267.0,1272.0,1267.0,1268.0,1600,0.0,0.0
2024-01-26 14:00:00+09:00,1265.0,1265.0,1264.0,1265.0,400,0.0,0.0
2024-01-29 09:00:00+09:00,1278.0,1278.0,1269.0,1269.0,1600,0.0,0.0
2024-01-29 10:00:00+09:00,1268.0,1274.0,1268.0,1274.0,1300,0.0,0.0
2024-01-29 11:00:00+09:00,1274.0,1275.0,1274.0,1275.0,0,0.0,0.0
2024-01-29 12:00:00+09:00,1275.0,1276.0,1275.0,1276.0,3300,0.0,0.0
2024-01-29 13:00:00+09:00,1277.0,1290.0,1277.0,1289.0,5700,0.0,0.0
2024-01-29 14:00:00+09:00,1285.0,1285.0,1285.0,1285.0,100,0.0,0.0
2024-01-30 09:00:00+09:00,1295.0,1295.0,1286.0,1286.0,11800,0.0,0.0
2024-01-30 10:00:00+09:00,1286.0,1286.0,1286.0,1286.0,200,0.0,0.0
2024-01-30 11:00:00+09:00,1288.0,1288.0,1288.0,1288.0,0,0.0,0.0
2024-01-30 12:00:00+09:00,1288.0,1288.0,1288.0,1288.0,12300,0.0,0.0
2024-01-30 13:00:00+09:00,1287.0,1290.0,1287.0,1290.0,1000,0.0,0.0
2024-01-30 14:00:00+09:00,1288.0,1291.0,1286.0,1291.0,500,0.0,0.0
2024-01-31 09:00:00+09:00,1293.0,1293.0,1286.0,1290.0,0,0.0,0.0
2024-01-31 10:00:00+09:00,1292.0,1307.0,1292.0,1307.0,8000,0.0,0.0
2024-01-31 11:00:00+09:00,1307.0,1308.0,1305.0,1308.0,0,0.0,0.0
2024-01-31 12:00:00+09:00,1308.0,1309.0,1307.0,1309.0,10600,0.0,0.0
2024-01-31 13:00:00+09:00,1309.0,1336.0,1294.0,1320.0,10000,0.0,0.0
2024-01-31 14:00:00+09:00,1319.0,1335.0,1317.0,1322.0,3100,0.0,0.0
2024-02-01 09:00:00+09:00,1328.0,1328.0,1298.0,1308.0,0,0.0,0.0
2024-02-01 10:00:00+09:00,1308.0,1308.0,1307.0,1308.0,5900,0.0,0.0
2024-02-01 11:00:00+09:00,1307.0,1308.0,1307.0,1308.0,0,0.0,0.0
2024-02-01 12:00:00+09:00,1308.0,1310.0,1307.0,1310.0,7800,0.0,0.0
2024-02-01 13:00:00+09:00,1317.0,1331.0,1317.0,1331.0,900,0.0,0.0
2024-02-01 14:00:00+09:00,1334.0,1335.0,1327.0,1331.0,900,0.0,0.0
2024-02-02 09:00:00+09:00,1324.0,1324.0,1311.0,1313.0,2000,0.0,0.0
2024-02-02 10:00:00+09:00,1317.0,1318.0,1317.0,1318.0,300,0.0,0.0
2024-02-02 11:00:00+09:00,1320.0,1320.0,1312.0,1319.0,0,0.0,0.0
2024-02-02 12:00:00+09:00,1319.0,1319.0,1315.0,1319.0,3300,0.0,0.0
2024-02-02 13:00:00+09:00,1321.0,1324.0,1321.0,1324.0,400,0.0,0.0
2024-02-02 14:00:00+09:00,1323.0,1323.0,1318.0,1319.0,800,0.0,0.0
2024-02-05 09:00:00+09:00,1325.0,1325.0,1315.0,1320.0,2100,0.0,0.0
2024-02-05 10:00:00+09:00,1324.0,1324.0,1314.0,1316.0,2400,0.0,0.0
2024-02-05 11:00:00+09:00,1323.0,1333.0,1323.0,1333.0,0,0.0,0.0
2024-02-05 12:00:00+09:00,1334.0,1334.0,1327.0,1327.0,6600,0.0,0.0
2024-02-05 13:00:00+09:00,1332.0,1333.0,1319.0,1332.0,1100,0.0,0.0
2024-02-05 14:00:00+09:00,1332.0,1332.0,1323.0,1329.0,900,0.0,0.0
2024-02-06 09:00:00+09:00,1332.0,1332.0,1311.0,1311.0,1800,0.0,0.0
2024-02-06 10:00:00+09:00,1323.0,1323.0,1321.0,1321.0,200,0.0,0.0
2024-02-06 11:00:00+09:00,1314.0,1319.0,1314.0,1319.0,0,0.0,0.0
2024-02-06 12:00:00+09:00,1319.0,1319.0,1307.0,1307.0,4800,0.0,0.0
2024-02-06 13:00:00+09:00,1311.0,1314.0,1306.0,1314.0,600,0.0,0.0
2024-02-06 14:00:00+09:00,1311.0,1315.0,1309.0,1313.0,500,0.0,0.0
2024-02-07 09:00:00+09:00,1309.0,1309.0,1304.0,1306.0,1300,0.0,0.0
2024-02-07 10:00:00+09:00,1310.0,1312.0,1308.0,1308.0,300,0.0,0.0
2024-02-07 11:00:00+09:00,1306.0,1307.0,1305.0,1307.0,0,0.0,0.0
2024-02-07 12:00:00+09:00,1308.0,1312.0,1308.0,1312.0,2100,0.0,0.0
2024-02-07 13:00:00+09:00,1306.0,1311.0,1306.0,1311.0,600,0.0,0.0
2024-02-07 14:00:00+09:00,1312.0,1312.0,1312.0,1312.0,100,0.0,0.0
2024-02-08 09:00:00+09:00,1305.0,1310.0,1304.0,1310.0,0,0.0,0.0
2024-02-08 10:00:00+09:00,1305.0,1307.0,1304.0,1304.0,1500,0.0,0.0
2024-02-08 11:00:00+09:00,1302.0,1302.0,1295.0,1301.0,0,0.0,0.0
2024-02-08 12:00:00+09:00,1301.0,1301.0,1290.0,1290.0,3400,0.0,0.0
2024-02-08 13:00:00+09:00,1297.0,1300.0,1295.0,1298.0,500,0.0,0.0
2024-02-08 14:00:00+09:00,1301.0,1301.0,1290.0,1291.0,1100,0.0,0.0
2024-02-09 09:00:00+09:00,1281.0,1294.0,1281.0,1294.0,1200,0.0,0.0
2024-02-09 10:00:00+09:00,1295.0,1295.0,1295.0,1295.0,200,0.0,0.0
2024-02-09 11:00:00+09:00,1297.0,1299.0,1297.0,1299.0,0,0.0,0.0
2024-02-09 12:00:00+09:00,1299.0,1299.0,1299.0,1299.0,2100,0.0,0.0
2024-02-09 13:00:00+09:00,1295.0,1297.0,1295.0,1297.0,300,0.0,0.0
2024-02-09 14:00:00+09:00,1296.0,1297.0,1296.0,1297.0,200,0.0,0.0
2024-02-13 09:00:00+09:00,1299.0,1299.0,1285.0,1296.0,1500,0.0,0.0
2024-02-13 10:00:00+09:00,1295.0,1296.0,1295.0,1296.0,800,0.0,0.0
2024-02-13 11:00:00+09:00,1297.0,1297.0,1291.0,1291.0,0,0.0,0.0
2024-02-13 12:00:00+09:00,1296.0,1296.0,1296.0,1296.0,2600,0.0,0.0
2024-02-13 13:00:00+09:00,1295.0,1296.0,1294.0,1296.0,700,0.0,0.0
2024-02-13 14:00:00+09:00,1295.0,1296.0,1295.0,1296.0,400,0.0,0.0
2024-02-14 09:00:00+09:00,1284.0,1295.0,1284.0,1295.0,700,0.0,0.0
2024-02-14 10:00:00+09:00,1295.0,1297.0,1295.0,1297.0,200,0.0,0.0
2024-02-14 11:00:00+09:00,1298.0,1298.0,1298.0,1298.0,0,0.0,0.0
2024-02-14 12:00:00+09:00,1298.0,1298.0,1298.0,1298.0,11300,0.0,0.0
2024-02-14 13:00:00+09:00,1297.0,1309.0,1297.0,1309.0,3500,0.0,0.0
2024-02-14 14:00:00+09:00,1308.0,1308.0,1308.0,1308.0,100,0.0,0.0
2024-02-15 09:00:00+09:00,1307.0,1318.0,1307.0,1310.0,1500,0.0,0.0
2024-02-15 10:00:00+09:00,1312.0,1317.0,1312.0,1314.0,1600,0.0,0.0
2024-02-15 11:00:00+09:00,1317.0,1322.0,1317.0,1322.0,0,0.0,0.0
2024-02-15 12:00:00+09:00,1324.0,1324.0,1305.0,1305.0,4700,0.0,0.0
2024-02-15 13:00:00+09:00,1314.0,1321.0,1305.0,1319.0,700,0.0,0.0
2024-02-15 14:00:00+09:00,1319.0,1320.0,1319.0,1320.0,500,0.0,0.0
2024-02-16 09:00:00+09:00,1325.0,1325.0,1295.0,1320.0,3400,0.0,0.0
2024-02-16 10:00:00+09:00,1314.0,1318.0,1305.0,1305.0,500,0.0,0.0
2024-02-16 11:00:00+09:00,1304.0,1320.0,1304.0,1320.0,0,0.0,0.0
2024-02-16 12:00:00+09:00,1320.0,1320.0,1320.0,1320.0,4700,0.0,0.0
2024-02-16 13:00:00+09:00,1320.0,1321.0,1320.0,1321.0,200,0.0,0.0
2024-02-16 14:00:00+09:00,1321.0,1325.0,1313.0,1324.0,1700,0.0,0.0
2024-02-19 09:00:00+09:00,1324.0,1325.0,1322.0,1325.0,1500,0.0,0.0
2024-02-19 10:00:00+09:00,1325.0,1325.0,1325.0,1325.0,100,0.0,0.0
2024-02-19 11:00:00+09:00,1325.0,1325.0,1325.0,1325.0,0,0.0,0.0
2024-02-19 12:00:00+09:00,1325.0,1328.0,1325.0,1328.0,2400,0.0,0.0
2024-02-19 13:00:00+09:00,1328.0,1330.0,1328.0,1330.0,400,0.0,0.0
2024-02-19 14:00:00+09:00,1323.0,1331.0,1323.0,1331.0,200,0.0,0.0
2024-02-20 09:00:00+09:00,1330.0,1331.0,1295.0,1309.0,5500,0.0,0.0
2024-02-20 10:00:00+09:00,1302.0,1329.0,1302.0,1326.0,400,0.0,0.0
2024-02-20 11:00:00+09:00,1320.0,1320.0,1319.0,1319.0,0,0.0,0.0
2024-02-20 12:00:00+09:00,1319.0,1319.0,1319.0,1319.0,6200,0.0,0.0
2024-02-20 13:00:00+09:00,1318.0,1318.0,1300.0,1310.0,2900,0.0,0.0
2024-02-20 14:00:00+09:00,1310.0,1329.0,1310.0,1329.0,1100,0.0,0.0
2024-02-21 09:00:00+09:00,1324.0,1324.0,1299.0,1300.0,3500,0.0,0.0
2024-02-21 10:00:00+09:00,1299.0,1306.0,1299.0,1306.0,300,0.0,0.0
2024-02-21 11:00:00+09:00,1316.0,1316.0,1316.0,1316.0,0,0.0,0.0
2024-02-21 12:00:00+09:00,1314.0,1314.0,1301.0,1301.0,4300,0.0,0.0
2024-02-21 13:00:00+09:00,1313.0,1313.0,1307.0,1307.0,400,0.0,0.0
2024-02-21 14:00:00+09:00,1313.0,1313.0,1306.0,1306.0,300,0.0,0.0
2024-02-22 09:00:00+09:00,1301.0,1314.0,1295.0,1299.0,2500,0.0,0.0
2024-02-22 10:00:00+09:00,1299.0,1306.0,1299.0,1306.0,600,0.0,0.0
2024-02-22 11:00:00+09:00,1296.0,1307.0,1296.0,1307.0,0,0.0,0.0
2024-02-22 12:00:00+09:00,1307.0,1307.0,1307.0,1307.0,3600,0.0,0.0
2024-02-22 13:00:00+09:00,1302.0,1302.0,1302.0,1302.0,200,0.0,0.0
2024-02-22 14:00:00+09:00,1302.0,1307.0,1295.0,1306.0,700,0.0,0.0
2024-02-26 09:00:00+09:00,1310.0,1310.0,1287.0,1296.0,5400,0.0,0.0
2024-02-26 10:00:00+09:00,1288.0,1288.0,1285.0,1285.0,1300,0.0,0.0
2024-02-26 11:00:00+09:00,1297.0,1297.0,1297.0,1297.0,0,0.0,0.0
2024-02-26 12:00:00+09:00,1285.0,1285.0,1270.0,1274.0,10600,0.0,0.0
2024-02-26 13:00:00+09:00,1268.0,1277.0,1260.0,1277.0,1900,0.0,0.0
2024-02-26 14:00:00+09:00,1278.0,1278.0,1268.0,1268.0,900,0.0,0.0
2024-02-27 09:00:00+09:00,1290.0,1290.0,1280.0,1286.0,3900,0.0,0.0
2024-02-27 10:00:00+09:00,1286.0,1290.0,1286.0,1288.0,1400,0.0,0.0
2024-02-27 11:00:00+09:00,1288.0,1288.0,1288.0,1288.0,0,0.0,0.0
2024-02-27 12:00:00+09:00,1288.0,1289.0,1287.0,1289.0,6500,0.0,0.0
2024-02-27 13:00:00+09:00,1290.0,1293.0,1290.0,1290.0,700,0.0,0.0
2024-02-27 14:00:00+09:00,1291.0,1291.0,1281.0,1289.0,400,0.0,0.0
2024-02-28 09:00:00+09:00,1291.0,1296.0,1284.0,1296.0,1900,0.0,0.0
2024-02-28 10:00:00+09:00,1296.0,1296.0,1294.0,1294.0,300,0.0,0.0
2024-02-28 11:00:00+09:00,1293.0,1293.0,1293.0,1293.0,0,0.0,0.0
2024-02-28 12:00:00+09:00,1293.0,1293.0,1293.0,1293.0,2500,0.0,0.0
2024-02-28 13:00:00+09:00,1290.0,1296.0,1290.0,1296.0,1100,0.0,0.0
2024-02-28 14:00:00+09:00,1298.0,1301.0,1298.0,1298.0,1000,0.0,0.0
2024-02-29 09:00:00+09:00,1312.0,1312.0,1293.0,1309.0,0,0.0,0.0
2024-02-29 10:00:00+09:00,1305.0,1310.0,1305.0,1310.0,5500,0.0,0.0
2024-02-29 11:00:00+09:00,1309.0,1309.0,1309.0,1309.0,0,0.0,0.0
2024-02-29 12:00:00+09:00,1309.0,1309.0,1309.0,1309.0,5700,0.0,0.0
2024-02-29 13:00:00+09:00,1309.0,1310.0,1306.0,1310.0,1300,0.0,0.0
2024-02-29 14:00:00+09:00,1310.0,1310.0,1302.0,1302.0,300,0.0,0.0
2024-03-01 09:00:00+09:00,1311.0,1311.0,1300.0,1305.0,900,0.0,0.0
2024-03-01 10:00:00+09:00,1301.0,1305.0,1300.0,1305.0,800,0.0,0.0
2024-03-01 11:00:00+09:00,1305.0,1305.0,1305.0,1305.0,0,0.0,0.0
2024-03-01 12:00:00+09:00,1305.0,1306.0,1305.0,1306.0,2100,0.0,0.0
2024-03-01 13:00:00+09:00,1308.0,1309.0,1301.0,1301.0,600,0.0,0.0
2024-03-01 14:00:00+09:00,1309.0,1310.0,1309.0,1310.0,400,0.0,0.0
2024-03-04 09:00:00+09:00,1310.0,1310.0,1297.0,1304.0,1600,0.0,0.0
2024-03-04 10:00:00+09:00,1300.0,1306.0,1300.0,1303.0,400,0.0,0.0
2024-03-04 11:00:00+09:00,1306.0,1306.0,1306.0,1306.0,0,0.0,0.0
2024-03-04 12:00:00+09:00,1300.0,1300.0,1300.0,1300.0,2300,0.0,0.0
2024-03-04 13:00:00+09:00,1307.0,1310.0,1300.0,1309.0,700,0.0,0.0
2024-03-04 14:00:00+09:00,1307.0,1307.0,1307.0,1307.0,100,0.0,0.0
2024-03-05 09:00:00+09:00,1307.0,1307.0,1284.0,1303.0,3400,0.0,0.0
2024-03-05 10:00:00+09:00,1285.0,1287.0,1284.0,1284.0,1100,0.0,0.0
2024-03-05 11:00:00+09:00,1284.0,1284.0,1284.0,1284.0,0,0.0,0.0
2024-03-05 12:00:00+09:00,1295.0,1295.0,1283.0,1283.0,5700,0.0,0.0
2024-03-05 13:00:00+09:00,1285.0,1285.0,1280.0,1284.0,1700,0.0,0.0
2024-03-05 14:00:00+09:00,1284.0,1320.0,1283.0,1320.0,10500,0.0,0.0
2024-03-06 09:00:00+09:00,1317.0,1317.0,1291.0,1314.0,2200,0.0,0.0
2024-03-06 11:00:00+09:00,1314.0,1314.0,1314.0,1314.0,0,0.0,0.0
2024-03-06 12:00:00+09:00,1314.0,1314.0,1314.0,1314.0,2300,0.0,0.0
2024-03-06 13:00:00+09:00,1313.0,1315.0,1300.0,1300.0,800,0.0,0.0
2024-03-06 14:00:00+09:00,1299.0,1316.0,1299.0,1316.0,300,0.0,0.0
2024-03-07 09:00:00+09:00,1303.0,1315.0,1303.0,1315.0,300,0.0,0.0
2024-03-07 10:00:00+09:00,1311.0,1314.0,1311.0,1314.0,200,0.0,0.0
2024-03-07 11:00:00+09:00,1310.0,1316.0,1310.0,1316.0,0,0.0,0.0
2024-03-07 12:00:00+09:00,1303.0,1303.0,1303.0,1303.0,1100,0.0,0.0
2024-03-07 13:00:00+09:00,1315.0,1315.0,1302.0,1302.0,200,0.0,0.0
2024-03-07 14:00:00+09:00,1315.0,1315.0,1302.0,1302.0,400,0.0,0.0
2024-03-08 09:00:00+09:00,1304.0,1311.0,1299.0,1299.0,500,0.0,0.0
2024-03-08 10:00:00+09:00,1303.0,1303.0,1303.0,1303.0,100,0.0,0.0
2024-03-08 11:00:00+09:00,1303.0,1303.0,1303.0,1303.0,0,0.0,0.0
2024-03-08 12:00:00+09:00,1303.0,1303.0,1303.0,1303.0,700,0.0,0.0
2024-03-11 09:00:00+09:00,1283.0,1286.0,1281.0,1282.0,1500,0.0,0.0
2024-03-11 10:00:00+09:00,1281.0,1281.0,1275.0,1275.0,1400,0.0,0.0
2024-03-11 11:00:00+09:00,1275.0,1275.0,1272.0,1272.0,0,0.0,0.0
2024-03-11 12:00:00+09:00,1271.0,1271.0,1271.0,1271.0,3600,0.0,0.0
2024-03-11 13:00:00+09:00,1300.0,1300.0,1251.0,1251.0,2000,0.0,0.0
2024-03-11 14:00:00+09:00,1251.0,1253.0,1251.0,1253.0,200,0.0,0.0
2024-03-12 09:00:00+09:00,1252.0,1277.0,1252.0,1252.0,700,0.0,0.0
2024-03-12 10:00:00+09:00,1252.0,1252.0,1252.0,1252.0,100,0.0,0.0
2024-03-12 11:00:00+09:00,1258.0,1258.0,1238.0,1238.0,0,0.0,0.0
2024-03-12 12:00:00+09:00,1253.0,1253.0,1253.0,1253.0,3700,0.0,0.0
2024-03-12 13:00:00+09:00,1260.0,1262.0,1260.0,1262.0,400,0.0,0.0
2024-03-13 09:00:00+09:00,1249.0,1267.0,1249.0,1260.0,800,0.0,0.0
2024-03-13 11:00:00+09:00,1260.0,1260.0,1260.0,1260.0,0,0.0,0.0
2024-03-13 12:00:00+09:00,1261.0,1261.0,1261.0,1261.0,900,0.0,0.0
2024-03-13 13:00:00+09:00,1262.0,1262.0,1262.0,1262.0,100,0.0,0.0
2024-03-13 14:00:00+09:00,1252.0,1252.0,1252.0,1252.0,100,0.0,0.0
2024-03-14 09:00:00+09:00,1258.0,1258.0,1251.0,1251.0,300,0.0,0.0
2024-03-14 10:00:00+09:00,1267.0,1267.0,1266.0,1266.0,200,0.0,0.0
2024-03-14 11:00:00+09:00,1266.0,1266.0,1266.0,1266.0,0,0.0,0.0
2024-03-14 12:00:00+09:00,1266.0,1266.0,1266.0,1266.0,600,0.0,0.0
2024-03-14 14:00:00+09:00,1264.0,1264.0,1264.0,1264.0,300,0.0,0.0
2024-03-15 09:00:00+09:00,1252.0,1255.0,1252.0,1255.0,600,0.0,0.0
2024-03-15 10:00:00+09:00,1268.0,1269.0,1268.0,1269.0,200,0.0,0.0
2024-03-15 11:00:00+09:00,1269.0,1269.0,1269.0,1269.0,0,0.0,0.0
2024-03-15 12:00:00+09:00,1269.0,1269.0,1269.0,1269.0,900,0.0,0.0
2024-03-15 14:00:00+09:00,1267.0,1267.0,1267.0,1267.0,400,0.0,0.0
2024-03-18 09:00:00+09:00,1263.0,1270.0,1263.0,1270.0,700,0.0,0.0
2024-03-18 10:00:00+09:00,1269.0,1269.0,1269.0,1269.0,100,0.0,0.0
2024-03-18 11:00:00+09:00,1269.0,1269.0,1269.0,1269.0,0,0.0,0.0
2024-03-18 12:00:00+09:00,1255.0,1262.0,1254.0,1262.0,2800,0.0,0.0
2024-03-18 13:00:00+09:00,1259.0,1266.0,1259.0,1266.0,200,0.0,0.0
2024-03-18 14:00:00+09:00,1260.0,1260.0,1260.0,1260.0,100,0.0,0.0
2024-03-19 09:00:00+09:00,1260.0,1262.0,1260.0,1262.0,200,0.0,0.0
2024-03-19 10:00:00+09:00,1264.0,1264.0,1264.0,1264.0,200,0.0,0.0
2024-03-19 11:00:00+09:00,1264.0,1264.0,1262.0,1262.0,0,0.0,0.0
2024-03-19 12:00:00+09:00,1262.0,1264.0,1262.0,1264.0,800,0.0,0.0
2024-03-19 13:00:00+09:00,1268.0,1268.0,1268.0,1268.0,300,0.0,0.0
2024-03-19 14:00:00+09:00,1261.0,1261.0,1260.0,1260.0,500,0.0,0.0
2024-03-21 09:00:00+09:00,1256.0,1268.0,1256.0,1268.0,1900,0.0,0.0
2024-03-21 10:00:00+09:00,1267.0,1271.0,1267.0,1271.0,600,0.0,0.0
2024-03-21 11:00:00+09:00,1271.0,1271.0,1271.0,1271.0,0,0.0,0.0
2024-03-21 13:00:00+09:00,1271.0,1271.0,1271.0,1271.0,2600,0.0,0.0
2024-03-22 09:00:00+09:00,1263.0,1263.0,1263.0,1263.0,300,0.0,0.0
2024-03-22 10:00:00+09:00,1270.0,1270.0,1270.0,1270.0,100,0.0,0.0
2024-03-22 11:00:00+09:00,1269.0,1275.0,1269.0,1275.0,0,0.0,0.0
2024-03-22 12:00:00+09:00,1273.0,1277.0,1273.0,1277.0,2000,0.0,0.0
2024-03-22 13:00:00+09:00,1279.0,1279.0,1279.0,1279.0,100,0.0,0.0
2024-03-22 14:00:00+09:00,1279.0,1281.0,1279.0,1281.0,500,0.0,0.0
2024-03-25 09:00:00+09:00,1286.0,1286.0,1286.0,1286.0,1600,0.0,0.0
2024-03-25 10:00:00+09:00,1282.0,1282.0,1282.0,1282.0,100,0.0,0.0
2024-03-25 11:00:00+09:00,1285.0,1285.0,1285.0,1285.0,0,0.0,0.0
2024-03-25 12:00:00+09:00,1285.0,1287.0,1283.0,1283.0,2700,0.0,0.0
2024-03-25 13:00:00+09:00,1284.0,1287.0,1283.0,1283.0,300,0.0,0.0
2024-03-26 09:00:00+09:00,1298.0,1298.0,1291.0,1291.0,1400,0.0,0.0
2024-03-26 11:00:00+09:00,1291.0,1291.0,1291.0,1291.0,0,0.0,0.0
2024-03-26 12:00:00+09:00,1291.0,1294.0,1291.0,1294.0,1900,0.0,0.0
2024-03-26 13:00:00+09:00,1295.0,1295.0,1295.0,1295.0,100,0.0,0.0
2024-03-26 14:00:00+09:00,1291.0,1291.0,1285.0,1285.0,600,0.0,0.0
2024-03-27 09:00:00+09:00,1299.0,1299.0,1295.0,1295.0,1900,0.0,0.0
2024-03-27 10:00:00+09:00,1294.0,1294.0,1294.0,1294.0,100,0.0,0.0
2024-03-27 11:00:00+09:00,1293.0,1293.0,1293.0,1293.0,0,0.0,0.0
2024-03-27 12:00:00+09:00,1290.0,1290.0,1290.0,1290.0,2400,0.0,0.0
2024-03-27 13:00:00+09:00,1290.0,1290.0,1290.0,1290.0,100,0.0,0.0
2024-03-27 14:00:00+09:00,1290.0,1293.0,1290.0,1293.0,600,0.0,0.0
2024-03-28 09:00:00+09:00,1290.0,1291.0,1290.0,1290.0,7900,22.0,0.0
2024-03-28 10:00:00+09:00,1295.0,1298.0,1295.0,1298.0,200,0.0,0.0
2024-03-28 11:00:00+09:00,1295.0,1295.0,1295.0,1295.0,0,0.0,0.0
2024-03-28 12:00:00+09:00,1295.0,1295.0,1295.0,1295.0,8600,0.0,0.0
2024-03-28 13:00:00+09:00,1295.0,1298.0,1295.0,1298.0,700,0.0,0.0
2024-03-28 14:00:00+09:00,1297.0,1298.0,1297.0,1298.0,200,0.0,0.0
2024-03-29 09:00:00+09:00,1300.0,1303.0,1300.0,1300.0,1300,0.0,0.0
2024-03-29 10:00:00+09:00,1300.0,1300.0,1298.0,1298.0,400,0.0,0.0
2024-03-29 11:00:00+09:00,1298.0,1298.0,1298.0,1298.0,0,0.0,0.0
2024-03-29 12:00:00+09:00,1300.0,1303.0,1300.0,1303.0,2600,0.0,0.0
2024-03-29 13:00:00+09:00,1305.0,1310.0,1281.0,1281.0,3200,0.0,0.0
2024-03-29 14:00:00+09:00,1291.0,1307.0,1290.0,1307.0,300,0.0,0.0
2024-04-01 09:00:00+09:00,1296.0,1305.0,1295.0,1301.0,2000,0.0,0.0
2024-04-01 10:00:00+09:00,1301.0,1301.0,1301.0,1301.0,100,0.0,0.0
2024-04-01 11:00:00+09:00,1302.0,1302.0,1302.0,1302.0,0,0.0,0.0
2024-04-01 12:00:00+09:00,1299.0,1302.0,1291.0,1302.0,13100,0.0,0.0
2024-04-01 13:00:00+09:00,1305.0,1305.0,1305.0,1305.0,100,0.0,0.0
2024-04-01 14:00:00+09:00,1294.0,1294.0,1287.0,1290.0,900,0.0,0.0
2024-04-02 09:00:00+09:00,1292.0,1292.0,1291.0,1291.0,500,0.0,0.0
2024-04-02 10:00:00+09:00,1290.0,1290.0,1284.0,1284.0,700,0.0,0.0
2024-04-02 11:00:00+09:00,1290.0,1290.0,1290.0,1290.0,0,0.0,0.0
2024-04-02 12:00:00+09:00,1288.0,1288.0,1271.0,1275.0,3800,0.0,0.0
2024-04-02 13:00:00+09:00,1288.0,1288.0,1288.0,1288.0,100,0.0,0.0
2024-04-02 14:00:00+09:00,1272.0,1272.0,1272.0,1272.0,100,0.0,0.0
2024-04-03 09:00:00+09:00,1261.0,1291.0,1261.0,1291.0,900,0.0,0.0
2024-04-03 10:00:00+09:00,1280.0,1280.0,1280.0,1280.0,300,0.0,0.0
2024-04-03 11:00:00+09:00,1288.0,1288.0,1288.0,1288.0,0,0.0,0.0
2024-04-03 12:00:00+09:00,1288.0,1288.0,1287.0,1288.0,1700,0.0,0.0
2024-04-03 13:00:00+09:00,1282.0,1283.0,1250.0,1250.0,10100,0.0,0.0
2024-04-03 14:00:00+09:00,1254.0,1264.0,1254.0,1262.0,500,0.0,0.0
2024-04-04 09:00:00+09:00,1265.0,1266.0,1265.0,1265.0,1700,0.0,0.0
2024-04-04 10:00:00+09:00,1268.0,1268.0,1268.0,1268.0,200,0.0,0.0
2024-04-04 11:00:00+09:00,1269.0,1269.0,1268.0,1268.0,0,0.0,0.0
2024-04-04 12:00:00+09:00,1268.0,1268.0,1263.0,1263.0,2400,0.0,0.0
2024-04-04 13:00:00+09:00,1265.0,1267.0,1263.0,1263.0,800,0.0,0.0
2024-04-04 14:00:00+09:00,1259.0,1262.0,1258.0,1262.0,400,0.0,0.0
2024-04-05 09:00:00+09:00,1269.0,1271.0,1269.0,1271.0,1000,0.0,0.0
2024-04-05 10:00:00+09:00,1269.0,1270.0,1266.0,1270.0,300,0.0,0.0
2024-04-05 11:00:00+09:00,1270.0,1270.0,1270.0,1270.0,0,0.0,0.0
2024-04-05 12:00:00+09:00,1260.0,1260.0,1260.0,1260.0,1800,0.0,0.0
2024-04-05 13:00:00+09:00,1270.0,1271.0,1270.0,1271.0,200,0.0,0.0
2024-04-08 09:00:00+09:00,1271.0,1271.0,1265.0,1270.0,500,0.0,0.0
2024-04-08 10:00:00+09:00,1270.0,1270.0,1265.0,1265.0,300,0.0,0.0
2024-04-08 11:00:00+09:00,1270.0,1270.0,1270.0,1270.0,0,0.0,0.0
2024-04-08 12:00:00+09:00,1270.0,1270.0,1270.0,1270.0,1100,0.0,0.0
2024-04-08 13:00:00+09:00,1265.0,1265.0,1265.0,1265.0,100,0.0,0.0
2024-04-08 14:00:00+09:00,1271.0,1271.0,1271.0,1271.0,200,0.0,0.0
2024-04-09 09:00:00+09:00,1270.0,1270.0,1250.0,1264.0,3000,0.0,0.0
2024-04-09 10:00:00+09:00,1259.0,1259.0,1259.0,1259.0,100,0.0,0.0
2024-04-09 11:00:00+09:00,1259.0,1259.0,1259.0,1259.0,0,0.0,0.0
2024-04-09 12:00:00+09:00,1259.0,1266.0,1259.0,1266.0,3300,0.0,0.0
2024-04-09 13:00:00+09:00,1267.0,1267.0,1267.0,1267.0,100,0.0,0.0
2024-04-09 14:00:00+09:00,1268.0,1268.0,1268.0,1268.0,200,0.0,0.0
2024-04-10 09:00:00+09:00,1268.0,1269.0,1268.0,1269.0,300,0.0,0.0
2024-04-10 11:00:00+09:00,1269.0,1269.0,1269.0,1269.0,0,0.0,0.0
2024-04-10 12:00:00+09:00,1268.0,1268.0,1268.0,1268.0,500,0.0,0.0
2024-04-10 13:00:00+09:00,1268.0,1268.0,1268.0,1268.0,100,0.0,0.0
2024-04-10 14:00:00+09:00,1263.0,1263.0,1263.0,1263.0,100,0.0,0.0
2024-04-11 09:00:00+09:00,1265.0,1265.0,1261.0,1261.0,300,0.0,0.0
2024-04-11 11:00:00+09:00,1268.0,1268.0,1268.0,1268.0,0,0.0,0.0
2024-04-11 12:00:00+09:00,1268.0,1268.0,1268.0,1268.0,600,0.0,0.0
2024-04-11 13:00:00+09:00,1268.0,1269.0,1268.0,1269.0,400,0.0,0.0
2024-04-12 09:00:00+09:00,1264.0,1268.0,1264.0,1268.0,300,0.0,0.0
2024-04-12 10:00:00+09:00,1268.0,1268.0,1268.0,1268.0,100,0.0,0.0
2024-04-12 11:00:00+09:00,1268.0,1268.0,1268.0,1268.0,0,0.0,0.0
2024-04-12 13:00:00+09:00,1266.0,1266.0,1265.0,1265.0,700,0.0,0.0
2024-04-12 14:00:00+09:00,1267.0,1268.0,1263.0,1268.0,5600,0.0,0.0
2024-04-15 09:00:00+09:00,1263.0,1263.0,1263.0,1263.0,4200,0.0,0.0
2024-04-15 10:00:00+09:00,1263.0,1263.0,1262.0,1262.0,200,0.0,0.0
2024-04-15 11:00:00+09:00,1262.0,1262.0,1262.0,1262.0,0,0.0,0.0
2024-04-15 13:00:00+09:00,1268.0,1268.0,1268.0,1268.0,4600,0.0,0.0
2024-04-15 14:00:00+09:00,1268.0,1268.0,1268.0,1268.0,100,0.0,0.0
2024-04-16 09:00:00+09:00,1266.0,1266.0,1265.0,1265.0,800,0.0,0.0
2024-04-16 10:00:00+09:00,1263.0,1263.0,1263.0,1263.0,100,0.0,0.0
2024-04-16 11:00:00+09:00,1263.0,1263.0,1263.0,1263.0,0,0.0,0.0
2024-04-16 12:00:00+09:00,1263.0,1263.0,1259.0,1260.0,1900,0.0,0.0
2024-04-16 13:00:00+09:00,1259.0,1259.0,1256.0,1256.0,700,0.0,0.0
2024-04-16 14:00:00+09:00,1265.0,1265.0,1265.0,1265.0,100,0.0,0.0
2024-04-17 09:00:00+09:00,1263.0,1263.0,1263.0,1263.0,400,0.0,0.0
2024-04-17 10:00:00+09:00,1254.0,1254.0,1253.0,1253.0,200,0.0,0.0
2024-04-17 11:00:00+09:00,1263.0,1263.0,1263.0,1263.0,0,0.0,0.0
2024-04-17 13:00:00+09:00,1264.0,1264.0,1264.0,1264.0,800,0.0,0.0
2024-04-18 09:00:00+09:00,1253.0,1262.0,1253.0,1262.0,400,0.0,0.0
2024-04-18 10:00:00+09:00,1262.0,1266.0,1262.0,1266.0,800,0.0,0.0
2024-04-18 11:00:00+09:00,1263.0,1269.0,1263.0,1269.0,0,0.0,0.0
2024-04-18 13:00:00+09:00,1267.0,1267.0,1267.0,1267.0,1500,0.0,0.0
2024-04-19 09:00:00+09:00,1260.0,1260.0,1260.0,1260.0,100,0.0,0.0
2024-04-19 10:00:00+09:00,1262.0,1264.0,1256.0,1263.0,900,0.0,0.0
2024-04-19 11:00:00+09:00,1255.0,1255.0,1255.0,1255.0,0,0.0,0.0
2024-04-19 12:00:00+09:00,1255.0,1255.0,1255.0,1255.0,2400,0.0,0.0
2024-04-19 13:00:00+09:00,1255.0,1255.0,1255.0,1255.0,300,0.0,0.0
2024-04-19 14:00:00+09:00,1255.0,1255.0,1253.0,1254.0,600,0.0,0.0
2024-04-22 09:00:00+09:00,1254.0,1255.0,1254.0,1255.0,800,0.0,0.0
2024-04-22 10:00:00+09:00,1255.0,1255.0,1255.0,1255.0,100,0.0,0.0
2024-04-22 11:00:00+09:00,1255.0,1255.0,1255.0,1255.0,0,0.0,0.0
2024-04-22 12:00:00+09:00,1255.0,1255.0,1255.0,1255.0,0,0.0,0.0
2024-04-22 14:00:00+09:00,1258.0,1269.0,1257.0,1269.0,1500,0.0,0.0
2024-04-23 09:00:00+09:00,1270.0,1272.0,1270.0,1272.0,800,0.0,0.0
2024-04-23 10:00:00+09:00,1271.0,1272.0,1271.0,1272.0,400,0.0,0.0
2024-04-23 11:00:00+09:00,1273.0,1273.0,1273.0,1273.0,0,0.0,0.0
2024-04-23 12:00:00+09:00,1275.0,1277.0,1275.0,1277.0,1900,0.0,0.0
2024-04-23 13:00:00+09:00,1271.0,1271.0,1265.0,1265.0,400,0.0,0.0
2024-04-23 14:00:00+09:00,1271.0,1271.0,1271.0,1271.0,100,0.0,0.0
2024-04-24 09:00:00+09:00,1278.0,1278.0,1274.0,1278.0,600,0.0,0.0
2024-04-24 11:00:00+09:00,1278.0,1278.0,1278.0,1278.0,0,0.0,0.0
2024-04-24 12:00:00+09:00,1277.0,1282.0,1277.0,1282.0,1200,0.0,0.0
2024-04-24 13:00:00+09:00,1281.0,1283.0,1275.0,1275.0,1600,0.0,0.0
2024-04-24 14:00:00+09:00,1284.0,1285.0,1282.0,1284.0,700,0.0,0.0
2024-04-25 09:00:00+09:00,1278.0,1278.0,1278.0,1278.0,800,0.0,0.0
2024-04-25 11:00:00+09:00,1280.0,1280.0,1280.0,1280.0,0,0.0,0.0
2024-04-25 12:00:00+09:00,1278.0,1283.0,1278.0,1283.0,1100,0.0,0.0
2024-04-25 13:00:00+09:00,1283.0,1283.0,1283.0,1283.0,100,0.0,0.0
2024-04-25 14:00:00+09:00,1282.0,1282.0,1280.0,1280.0,200,0.0,0.0
2024-04-26 09:00:00+09:00,1280.0,1280.0,1280.0,1280.0,900,0.0,0.0
2024-04-26 11:00:00+09:00,1280.0,1280.0,1280.0,1280.0,0,0.0,0.0
2024-04-26 14:00:00+09:00,1283.0,1290.0,1283.0,1290.0,1400,0.0,0.0
2024-04-30 09:00:00+09:00,1292.0,1296.0,1289.0,1296.0,2000,0.0,0.0
2024-04-30 10:00:00+09:00,1295.0,1296.0,1295.0,1296.0,600,0.0,0.0
2024-04-30 11:00:00+09:00,1293.0,1294.0,1284.0,1284.0,0,0.0,0.0
2024-04-30 12:00:00+09:00,1290.0,1290.0,1271.0,1273.0,5500,0.0,0.0
2024-04-30 13:00:00+09:00,1273.0,1292.0,1262.0,1277.0,5700,0.0,0.0
2024-04-30 14:00:00+09:00,1280.0,1309.0,1271.0,1274.0,8600,0.0,0.0
2024-05-01 09:00:00+09:00,1289.0,1289.0,1270.0,1278.0,3400,0.0,0.0
2024-05-01 10:00:00+09:00,1278.0,1278.0,1278.0,1278.0,100,0.0,0.0
2024-05-01 11:00:00+09:00,1275.0,1275.0,1272.0,1272.0,0,0.0,0.0
2024-05-01 12:00:00+09:00,1272.0,1273.0,1270.0,1270.0,4600,0.0,0.0
2024-05-01 13:00:00+09:00,1270.0,1273.0,1268.0,1273.0,1800,0.0,0.0
2024-05-01 14:00:00+09:00,1271.0,1271.0,1265.0,1269.0,2200,0.0,0.0
2024-05-02 09:00:00+09:00,1277.0,1277.0,1268.0,1268.0,1600,0.0,0.0
2024-05-02 10:00:00+09:00,1278.0,1278.0,1278.0,1278.0,100,0.0,0.0
2024-05-02 11:00:00+09:00,1277.0,1277.0,1277.0,1277.0,0,0.0,0.0
2024-05-02 12:00:00+09:00,1277.0,1277.0,1277.0,1277.0,1900,0.0,0.0
2024-05-02 13:00:00+09:00,1276.0,1276.0,1276.0,1276.0,100,0.0,0.0
2024-05-02 14:00:00+09:00,1275.0,1275.0,1275.0,1275.0,100,0.0,0.0
2024-05-07 09:00:00+09:00,1282.0,1282.0,1280.0,1280.0,400,0.0,0.0
2024-05-07 11:00:00+09:00,1280.0,1280.0,1280.0,1280.0,0,0.0,0.0
2024-05-07 12:00:00+09:00,1280.0,1280.0,1280.0,1280.0,600,0.0,0.0
2024-05-07 13:00:00+09:00,1279.0,1279.0,1279.0,1279.0,200,0.0,0.0
2024-05-07 14:00:00+09:00,1278.0,1279.0,1276.0,1276.0,600,0.0,0.0
2024-05-08 09:00:00+09:00,1280.0,1281.0,1280.0,1280.0,500,0.0,0.0
2024-05-08 10:00:00+09:00,1281.0,1281.0,1281.0,1281.0,100,0.0,0.0
2024-05-08 11:00:00+09:00,1281.0,1281.0,1280.0,1280.0,0,0.0,0.0
2024-05-08 12:00:00+09:00,1277.0,1277.0,1277.0,1277.0,1000,0.0,0.0
2024-05-08 14:00:00+09:00,1276.0,1278.0,1276.0,1278.0,200,0.0,0.0
2024-05-09 09:00:00+09:00,1281.0,1283.0,1281.0,1283.0,200,0.0,0.0
2024-05-09 10:00:00+09:00,1277.0,1277.0,1277.0,1277.0,100,0.0,0.0
2024-05-09 11:00:00+09:00,1276.0,1276.0,1275.0,1275.0,0,0.0,0.0
2024-05-09 12:00:00+09:00,1272.0,1272.0,1272.0,1272.0,600,0.0,0.0
2024-05-09 14:00:00+09:00,1275.0,1275.0,1275.0,1275.0,100,0.0,0.0
2024-05-10 09:00:00+09:00,1274.0,1274.0,1274.0,1274.0,100,0.0,0.0
2024-05-10 10:00:00+09:00,1275.0,1275.0,1270.0,1271.0,1000,0.0,0.0
2024-05-10 11:00:00+09:00,1277.0,1277.0,1277.0,1277.0,0,0.0,0.0
2024-05-10 12:00:00+09:00,1271.0,1273.0,1270.0,1270.0,1600,0.0,0.0
2024-05-10 13:00:00+09:00,1270.0,1270.0,1270.0,1270.0,100,0.0,0.0
2024-05-13 09:00:00+09:00,1270.0,1271.0,1260.0,1260.0,1400,0.0,0.0
2024-05-13 10:00:00+09:00,1268.0,1268.0,1268.0,1268.0,400,0.0,0.0
2024-05-13 11:00:00+09:00,1268.0,1268.0,1268.0,1268.0,0,0.0,0.0
2024-05-13 13:00:00+09:00,1271.0,1271.0,1271.0,1271.0,2100,0.0,0.0
2024-05-13 14:00:00+09:00,1272.0,1272.0,1269.0,1269.0,300,0.0,0.0
2024-05-14 09:00:00+09:00,1269.0,1270.0,1269.0,1270.0,800,0.0,0.0
2024-05-14 10:00:00+09:00,1274.0,1274.0,1274.0,1274.0,0,0.0,0.0
2024-05-14 11:00:00+09:00,1273.0,1273.0,1273.0,1273.0,0,0.0,0.0
2024-05-14 12:00:00+09:00,1273.0,1273.0,1273.0,1273.0,1600,0.0,0.0
2024-05-14 14:00:00+09:00,1272.0,1273.0,1272.0,1273.0,200,0.0,0.0
2024-05-15 09:00:00+09:00,1273.0,1343.0,1273.0,1292.0,20500,0.0,0.0
2024-05-15 10:00:00+09:00,1293.0,1301.0,1285.0,1301.0,5300,0.0,0.0
2024-05-15 11:00:00+09:00,1301.0,1308.0,1301.0,1308.0,0,0.0,0.0
2024-05-15 12:00:00+09:00,1308.0,1309.0,1308.0,1309.0,26800,0.0,0.0
2024-05-15 13:00:00+09:00,1300.0,1309.0,1299.0,1299.0,1100,0.0,0.0
2024-05-15 14:00:00+09:00,1299.0,1299.0,1292.0,1292.0,700,0.0,0.0
2024-05-16 09:00:00+09:00,1299.0,1299.0,1290.0,1297.0,1100,0.0,0.0
2024-05-16 10:00:00+09:00,1291.0,1291.0,1290.0,1290.0,300,0.0,0.0
2024-05-16 11:00:00+09:00,1295.0,1295.0,1295.0,1295.0,0,0.0,0.0
2024-05-16 12:00:00+09:00,1295.0,1295.0,1295.0,1295.0,1600,0.0,0.0
2024-05-16 13:00:00+09:00,1293.0,1293.0,1280.0,1280.0,1700,0.0,0.0
2024-05-16 14:00:00+09:00,1282.0,1288.0,1282.0,1288.0,200,0.0,0.0
2024-05-17 09:00:00+09:00,1284.0,1289.0,1284.0,1285.0,900,0.0,0.0
2024-05-17 10:00:00+09:00,1285.0,1289.0,1285.0,1289.0,300,0.0,0.0
2024-05-17 11:00:00+09:00,1288.0,1292.0,1288.0,1292.0,0,0.0,0.0
2024-05-17 12:00:00+09:00,1292.0,1293.0,1292.0,1293.0,2700,0.0,0.0
2024-05-17 13:00:00+09:00,1291.0,1291.0,1289.0,1289.0,500,0.0,0.0
2024-05-17 14:00:00+09:00,1290.0,1290.0,1289.0,1289.0,300,0.0,0.0
2024-05-20 09:00:00+09:00,1298.0,1305.0,1291.0,1291.0,1900,0.0,0.0
2024-05-20 10:00:00+09:00,1300.0,1300.0,1292.0,1292.0,300,0.0,0.0
2024-05-20 11:00:00+09:00,1300.0,1301.0,1300.0,1301.0,0,0.0,0.0
2024-05-20 12:00:00+09:00,1301.0,1301.0,1297.0,1297.0,2800,0.0,0.0
2024-05-20 14:00:00+09:00,1301.0,1301.0,1301.0,1301.0,100,0.0,0.0
2024-05-21 09:00:00+09:00,1301.0,1304.0,1299.0,1299.0,1200,0.0,0.0
2024-05-21 11:00:00+09:00,1299.0,1299.0,1299.0,1299.0,0,0.0,0.0
2024-05-21 12:00:00+09:00,1304.0,1310.0,1303.0,1310.0,5900,0.0,0.0
2024-05-21 13:00:00+09:00,1310.0,1310.0,1310.0,1310.0,100,0.0,0.0
2024-05-21 14:00:00+09:00,1307.0,1311.0,1307.0,1311.0,800,0.0,0.0
2024-05-22 09:00:00+09:00,1311.0,1311.0,1301.0,1309.0,2300,0.0,0.0
2024-05-22 10:00:00+09:00,1305.0,1305.0,1298.0,1298.0,900,0.0,0.0
2024-05-22 11:00:00+09:00,1296.0,1299.0,1292.0,1299.0,0,0.0,0.0
2024-05-22 12:00:00+09:00,1299.0,1299.0,1292.0,1292.0,3800,0.0,0.0
2024-05-22 13:00:00+09:00,1292.0,1292.0,1260.0,1274.0,5300,0.0,0.0
2024-05-22 14:00:00+09:00,1272.0,1288.0,1269.0,1270.0,1400,0.0,0.0
2024-05-23 09:00:00+09:00,1273.0,1273.0,1273.0,1273.0,500,0.0,0.0
2024-05-23 10:00:00+09:00,1272.0,1272.0,1272.0,1272.0,100,0.0,0.0
2024-05-23 11:00:00+09:00,1273.0,1278.0,1273.0,1278.0,0,0.0,0.0
2024-05-23 12:00:00+09:00,1278.0,1285.0,1278.0,1285.0,1100,0.0,0.0
2024-05-23 13:00:00+09:00,1284.0,1284.0,1284.0,1284.0,100,0.0,0.0
2024-05-23 14:00:00+09:00,1276.0,1286.0,1275.0,1275.0,400,0.0,0.0
2024-05-24 09:00:00+09:00,1273.0,1273.0,1272.0,1273.0,1300,0.0,0.0
2024-05-24 10:00:00+09:00,1277.0,1283.0,1277.0,1283.0,300,0.0,0.0
2024-05-24 11:00:00+09:00,1284.0,1284.0,1273.0,1280.0,0,0.0,0.0
2024-05-24 12:00:00+09:00,1279.0,1280.0,1279.0,1280.0,2400,0.0,0.0
2024-05-24 13:00:00+09:00,1284.0,1284.0,1283.0,1283.0,200,0.0,0.0
2024-05-24 14:00:00+09:00,1283.0,1285.0,1280.0,1280.0,900,0.0,0.0
2024-05-27 09:00:00+09:00,1288.0,1288.0,1274.0,1275.0,1800,0.0,0.0
2024-05-27 10:00:00+09:00,1274.0,1282.0,1273.0,1273.0,700,0.0,0.0
2024-05-27 11:00:00+09:00,1272.0,1277.0,1272.0,1277.0,0,0.0,0.0
2024-05-27 12:00:00+09:00,1272.0,1275.0,1272.0,1275.0,3000,0.0,0.0
2024-05-27 13:00:00+09:00,1272.0,1278.0,1270.0,1278.0,700,0.0,0.0
2024-05-27 14:00:00+09:00,1272.0,1280.0,1271.0,1271.0,400,0.0,0.0
2024-05-28 09:00:00+09:00,1273.0,1284.0,1273.0,1283.0,2800,0.0,0.0
2024-05-28 10:00:00+09:00,1275.0,1284.0,1275.0,1284.0,600,0.0,0.0
2024-05-28 11:00:00+09:00,1275.0,1283.0,1275.0,1283.0,0,0.0,0.0
2024-05-28 12:00:00+09:00,1283.0,1283.0,1276.0,1280.0,4000,0.0,0.0
2024-05-28 13:00:00+09:00,1280.0,1280.0,1280.0,1280.0,500,0.0,0.0
2024-05-28 14:00:00+09:00,1278.0,1283.0,1278.0,1282.0,700,0.0,0.0
2024-05-29 09:00:00+09:00,1279.0,1279.0,1274.0,1274.0,2100,0.0,0.0
2024-05-29 10:00:00+09:00,1274.0,1276.0,1272.0,1276.0,600,0.0,0.0
2024-05-29 11:00:00+09:00,1272.0,1272.0,1271.0,1272.0,0,0.0,0.0
2024-05-29 12:00:00+09:00,1270.0,1275.0,1269.0,1270.0,3700,0.0,0.0
2024-05-29 13:00:00+09:00,1270.0,1275.0,1270.0,1272.0,0,0.0,0.0
2024-05-29 14:00:00+09:00,1270.0,1275.0,1270.0,1271.0,4800,0.0,0.0
2024-05-30 09:00:00+09:00,1280.0,1280.0,1267.0,1277.0,1700,0.0,0.0
2024-05-30 10:00:00+09:00,1276.0,1276.0,1276.0,1276.0,300,0.0,0.0
2024-05-30 11:00:00+09:00,1277.0,1280.0,1272.0,1272.0,0,0.0,0.0
2024-05-30 12:00:00+09:00,1272.0,1280.0,1272.0,1273.0,3100,0.0,0.0
2024-05-30 13:00:00+09:00,1275.0,1275.0,1275.0,1275.0,100,0.0,0.0
2024-05-30 14:00:00+09:00,1274.0,1282.0,1269.0,1282.0,500,0.0,0.0
2024-05-31 09:00:00+09:00,1273.0,1280.0,1273.0,1280.0,500,0.0,0.0
2024-05-31 10:00:00+09:00,1279.0,1282.0,1279.0,1282.0,200,0.0,0.0
2024-05-31 11:00:00+09:00,1270.0,1270.0,1270.0,1270.0,0,0.0,0.0
2024-05-31 12:00:00+09:00,1276.0,1282.0,1270.0,1282.0,1200,0.0,0.0
2024-05-31 13:00:00+09:00,1276.0,1282.0,1276.0,1282.0,200,0.0,0.0
2024-05-31 14:00:00+09:00,1282.0,1282.0,1282.0,1282.0,100,0.0,0.0
2024-06-03 09:00:00+09:00,1280.0,1285.0,1278.0,1282.0,1100,0.0,0.0
2024-06-03 10:00:00+09:00,1285.0,1288.0,1280.0,1288.0,400,0.0,0.0
2024-06-03 11:00:00+09:00,1280.0,1288.0,1280.0,1285.0,0,0.0,0.0
2024-06-03 12:00:00+09:00,1282.0,1282.0,1282.0,1282.0,2000,0.0,0.0
2024-06-03 13:00:00+09:00,1282.0,1282.0,1282.0,1282.0,100,0.0,0.0
2024-06-03 14:00:00+09:00,1284.0,1285.0,1283.0,1285.0,400,0.0,0.0
2024-06-04 09:00:00+09:00,1286.0,1303.0,1286.0,1303.0,3100,0.0,0.0
2024-06-04 10:00:00+09:00,1300.0,1300.0,1300.0,1300.0,100,0.0,0.0
2024-06-04 11:00:00+09:00,1301.0,1303.0,1292.0,1295.0,0,0.0,0.0
2024-06-04 12:00:00+09:00,1293.0,1295.0,1293.0,1294.0,4100,0.0,0.0
2024-06-04 13:00:00+09:00,1291.0,1291.0,1291.0,1291.0,100,0.0,0.0
2024-06-04 14:00:00+09:00,1291.0,1295.0,1291.0,1295.0,200,0.0,0.0
2024-06-05 09:00:00+09:00,1310.0,1310.0,1291.0,1297.0,3000,0.0,0.0
2024-06-05 10:00:00+09:00,1292.0,1306.0,1290.0,1306.0,3000,0.0,0.0
2024-06-05 11:00:00+09:00,1301.0,1301.0,1294.0,1294.0,0,0.0,0.0
2024-06-05 12:00:00+09:00,1292.0,1294.0,1292.0,1293.0,6500,0.0,0.0
2024-06-05 13:00:00+09:00,1291.0,1291.0,1290.0,1290.0,300,0.0,0.0
2024-06-05 14:00:00+09:00,1293.0,1297.0,1292.0,1294.0,400,0.0,0.0
2024-06-06 09:00:00+09:00,1319.0,1319.0,1315.0,1315.0,2100,0.0,0.0
2024-06-06 10:00:00+09:00,1301.0,1314.0,1301.0,1310.0,600,0.0,0.0
2024-06-06 11:00:00+09:00,1301.0,1301.0,1301.0,1301.0,0,0.0,0.0
2024-06-06 12:00:00+09:00,1301.0,1301.0,1301.0,1301.0,3200,0.0,0.0
2024-06-06 13:00:00+09:00,1305.0,1310.0,1296.0,1296.0,300,0.0,0.0
2024-06-06 14:00:00+09:00,1300.0,1310.0,1300.0,1310.0,200,0.0,0.0
2024-06-07 09:00:00+09:00,1301.0,1314.0,1298.0,1311.0,800,0.0,0.0
2024-06-07 10:00:00+09:00,1300.0,1311.0,1300.0,1311.0,200,0.0,0.0
2024-06-07 11:00:00+09:00,1302.0,1302.0,1302.0,1302.0,0,0.0,0.0
2024-06-07 12:00:00+09:00,1302.0,1302.0,1302.0,1302.0,1200,0.0,0.0
2024-06-07 13:00:00+09:00,1309.0,1310.0,1309.0,1310.0,200,0.0,0.0
2024-06-07 14:00:00+09:00,1305.0,1309.0,1305.0,1309.0,300,0.0,0.0
2024-06-10 09:00:00+09:00,1310.0,1310.0,1290.0,1295.0,5700,0.0,0.0
2024-06-10 10:00:00+09:00,1293.0,1293.0,1293.0,1293.0,100,0.0,0.0
2024-06-10 11:00:00+09:00,1294.0,1298.0,1294.0,1298.0,0,0.0,0.0
2024-06-10 12:00:00+09:00,1298.0,1305.0,1298.0,1305.0,6400,0.0,0.0
2024-06-10 13:00:00+09:00,1305.0,1308.0,1305.0,1308.0,400,0.0,0.0
2024-06-11 09:00:00+09:00,1308.0,1308.0,1302.0,1302.0,800,0.0,0.0
2024-06-11 11:00:00+09:00,1304.0,1309.0,1304.0,1309.0,0,0.0,0.0
2024-06-11 12:00:00+09:00,1309.0,1310.0,1305.0,1309.0,1400,0.0,0.0
2024-06-11 13:00:00+09:00,1309.0,1310.0,1308.0,1310.0,700,0.0,0.0
2024-06-11 14:00:00+09:00,1310.0,1310.0,1310.0,1310.0,100,0.0,0.0
2024-06-12 09:00:00+09:00,1310.0,1316.0,1307.0,1307.0,500,0.0,0.0
2024-06-12 10:00:00+09:00,1310.0,1314.0,1310.0,1314.0,200,0.0,0.0
2024-06-12 11:00:00+09:00,1314.0,1314.0,1314.0,1314.0,0,0.0,0.0
2024-06-12 12:00:00+09:00,1314.0,1314.0,1314.0,1314.0,1100,0.0,0.0
2024-06-13 09:00:00+09:00,1320.0,1320.0,1310.0,1315.0,3800,0.0,0.0
2024-06-13 10:00:00+09:00,1308.0,1312.0,1308.0,1312.0,200,0.0,0.0
2024-06-13 11:00:00+09:00,1312.0,1312.0,1312.0,1312.0,0,0.0,0.0
2024-06-13 12:00:00+09:00,1309.0,1314.0,1308.0,1308.0,4500,0.0,0.0
2024-06-13 13:00:00+09:00,1309.0,1315.0,1309.0,1315.0,500,0.0,0.0
2024-06-13 14:00:00+09:00,1308.0,1315.0,1308.0,1308.0,500,0.0,0.0
2024-06-14 09:00:00+09:00,1300.0,1308.0,1300.0,1308.0,800,0.0,0.0
2024-06-14 10:00:00+09:00,1309.0,1310.0,1309.0,1310.0,300,0.0,0.0
2024-06-14 11:00:00+09:00,1310.0,1310.0,1310.0,1310.0,0,0.0,0.0
2024-06-14 12:00:00+09:00,1310.0,1310.0,1310.0,1310.0,1400,0.0,0.0
2024-06-14 14:00:00+09:00,1308.0,1310.0,1308.0,1310.0,300,0.0,0.0
2024-06-17 09:00:00+09:00,1305.0,1310.0,1297.0,1297.0,2400,0.0,0.0
2024-06-17 10:00:00+09:00,1299.0,1300.0,1299.0,1300.0,400,0.0,0.0
2024-06-17 11:00:00+09:00,1300.0,1300.0,1300.0,1300.0,0,0.0,0.0
2024-06-17 12:00:00+09:00,1300.0,1304.0,1280.0,1304.0,8100,0.0,0.0
2024-06-17 13:00:00+09:00,1282.0,1310.0,1282.0,1310.0,3300,0.0,0.0
2024-06-17 14:00:00+09:00,1310.0,1310.0,1300.0,1300.0,500,0.0,0.0
2024-06-18 09:00:00+09:00,1310.0,1310.0,1308.0,1310.0,600,0.0,0.0
2024-06-18 10:00:00+09:00,1310.0,1310.0,1309.0,1310.0,300,0.0,0.0
2024-06-18 11:00:00+09:00,1310.0,1320.0,1310.0,1318.0,0,0.0,0.0
2024-06-18 12:00:00+09:00,1319.0,1319.0,1319.0,1319.0,1900,0.0,0.0
2024-06-18 13:00:00+09:00,1315.0,1315.0,1315.0,1315.0,100,0.0,0.0
2024-06-18 14:00:00+09:00,1314.0,1318.0,1314.0,1318.0,300,0.0,0.0
2024-06-19 09:00:00+09:00,1313.0,1313.0,1312.0,1312.0,1200,0.0,0.0
2024-06-19 10:00:00+09:00,1312.0,1320.0,1312.0,1320.0,1000,0.0,0.0
2024-06-19 11:00:00+09:00,1318.0,1320.0,1314.0,1320.0,0,0.0,0.0
2024-06-19 12:00:00+09:00,1318.0,1321.0,1318.0,1321.0,3500,0.0,0.0
2024-06-19 13:00:00+09:00,1319.0,1339.0,1319.0,1328.0,4000,0.0,0.0
2024-06-19 14:00:00+09:00,1330.0,1337.0,1329.0,1330.0,1000,0.0,0.0
2024-06-20 09:00:00+09:00,1341.0,1343.0,1332.0,1343.0,2200,0.0,0.0
2024-06-20 10:00:00+09:00,1343.0,1369.0,1343.0,1362.0,4300,0.0,0.0
2024-06-20 11:00:00+09:00,1359.0,1359.0,1359.0,1359.0,0,0.0,0.0
2024-06-20 12:00:00+09:00,1359.0,1359.0,1351.0,1351.0,7200,0.0,0.0
2024-06-20 13:00:00+09:00,1351.0,1370.0,1351.0,1370.0,2500,0.0,0.0
2024-06-20 14:00:00+09:00,1369.0,1370.0,1351.0,1351.0,2500,0.0,0.0
2024-06-21 09:00:00+09:00,1362.0,1362.0,1348.0,1362.0,3000,0.0,0.0
2024-06-21 10:00:00+09:00,1359.0,1360.0,1351.0,1360.0,700,0.0,0.0
2024-06-21 11:00:00+09:00,1351.0,1351.0,1351.0,1351.0,0,0.0,0.0
2024-06-21 12:00:00+09:00,1352.0,1388.0,1352.0,1388.0,8200,0.0,0.0
2024-06-21 13:00:00+09:00,1373.0,1389.0,1370.0,1371.0,3600,0.0,0.0
2024-06-21 14:00:00+09:00,1367.0,1379.0,1365.0,1365.0,400,0.0,0.0
2024-06-24 09:00:00+09:00,1382.0,1382.0,1362.0,1377.0,0,0.0,0.0
2024-06-24 10:00:00+09:00,1381.0,1381.0,1366.0,1366.0,6300,0.0,0.0
2024-06-24 11:00:00+09:00,1370.0,1371.0,1370.0,1371.0,0,0.0,0.0
2024-06-24 12:00:00+09:00,1375.0,1376.0,1366.0,1366.0,7400,0.0,0.0
2024-06-24 13:00:00+09:00,1366.0,1366.0,1358.0,1358.0,1900,0.0,0.0
2024-06-24 14:00:00+09:00,1365.0,1373.0,1365.0,1368.0,700,0.0,0.0
2024-06-25 09:00:00+09:00,1380.0,1380.0,1366.0,1370.0,0,0.0,0.0
2024-06-25 10:00:00+09:00,1365.0,1380.0,1365.0,1380.0,6700,0.0,0.0
2024-06-25 11:00:00+09:00,1380.0,1380.0,1380.0,1380.0,0,0.0,0.0
2024-06-25 12:00:00+09:00,1381.0,1381.0,1381.0,1381.0,7200,0.0,0.0
2024-06-25 13:00:00+09:00,1376.0,1376.0,1368.0,1368.0,300,0.0,0.0
2024-06-25 14:00:00+09:00,1370.0,1375.0,1370.0,1373.0,1000,0.0,0.0
2024-06-26 09:00:00+09:00,1389.0,1389.0,1383.0,1389.0,0,0.0,0.0
2024-06-26 10:00:00+09:00,1390.0,1390.0,1389.0,1389.0,6800,0.0,0.0
2024-06-26 11:00:00+09:00,1390.0,1390.0,1388.0,1388.0,0,0.0,0.0
2024-06-26 12:00:00+09:00,1388.0,1390.0,1388.0,1389.0,8500,0.0,0.0
2024-06-26 13:00:00+09:00,1389.0,1389.0,1389.0,1389.0,100,0.0,0.0
2024-06-26 14:00:00+09:00,1389.0,1390.0,1387.0,1390.0,600,0.0,0.0
2024-06-27 09:00:00+09:00,1400.0,1405.0,1397.0,1405.0,0,0.0,0.0
2024-06-27 10:00:00+09:00,1407.0,1420.0,1407.0,1408.0,9600,0.0,0.0
2024-06-27 11:00:00+09:00,1408.0,1418.0,1408.0,1417.0,0,0.0,0.0
2024-06-27 12:00:00+09:00,1411.0,1411.0,1411.0,1411.0,0,0.0,0.0
2024-06-27 13:00:00+09:00,1414.0,1420.0,1414.0,1417.0,11000,0.0,0.0
2024-06-27 14:00:00+09:00,1416.0,1419.0,1415.0,1419.0,1300,0.0,0.0
2024-06-28 09:00:00+09:00,1444.0,1448.0,1436.0,1448.0,8400,0.0,0.0
2024-06-28 10:00:00+09:00,1448.0,1450.0,1440.0,1448.0,800,0.0,0.0
2024-06-28 11:00:00+09:00,1448.0,1449.0,1448.0,1449.0,0,0.0,0.0
2024-06-28 12:00:00+09:00,1449.0,1451.0,1449.0,1451.0,11700,0.0,0.0
2024-06-28 13:00:00+09:00,1447.0,1447.0,1445.0,1445.0,300,0.0,0.0
2024-06-28 14:00:00+09:00,1443.0,1448.0,1440.0,1446.0,1000,0.0,0.0
2024-07-01 09:00:00+09:00,1475.0,1484.0,1460.0,1460.0,7800,0.0,0.0
2024-07-01 10:00:00+09:00,1451.0,1468.0,1451.0,1454.0,1600,0.0,0.0
2024-07-01 11:00:00+09:00,1469.0,1469.0,1449.0,1449.0,0,0.0,0.0
2024-07-01 12:00:00+09:00,1449.0,1449.0,1387.0,1419.0,20100,0.0,0.0
2024-07-01 13:00:00+09:00,1425.0,1439.0,1425.0,1429.0,1200,0.0,0.0
2024-07-01 14:00:00+09:00,1429.0,1429.0,1428.0,1428.0,500,0.0,0.0
2024-07-02 09:00:00+09:00,1419.0,1435.0,1419.0,1433.0,2200,0.0,0.0
2024-07-02 10:00:00+09:00,1433.0,1438.0,1420.0,1430.0,1300,0.0,0.0
2024-07-02 11:00:00+09:00,1430.0,1430.0,1430.0,1430.0,0,0.0,0.0
2024-07-02 12:00:00+09:00,1431.0,1438.0,1426.0,1435.0,4500,0.0,0.0
2024-07-02 13:00:00+09:00,1426.0,1436.0,1421.0,1436.0,700,0.0,0.0
2024-07-02 14:00:00+09:00,1436.0,1436.0,1430.0,1430.0,500,0.0,0.0
2024-07-03 09:00:00+09:00,1435.0,1435.0,1423.0,1432.0,1000,0.0,0.0
2024-07-03 10:00:00+09:00,1430.0,1433.0,1422.0,1433.0,400,0.0,0.0
2024-07-03 11:00:00+09:00,1432.0,1432.0,1432.0,1432.0,0,0.0,0.0
2024-07-03 12:00:00+09:00,1433.0,1433.0,1433.0,1433.0,1800,0.0,0.0
2024-07-03 13:00:00+09:00,1433.0,1435.0,1430.0,1435.0,600,0.0,0.0
2024-07-03 14:00:00+09:00,1430.0,1435.0,1426.0,1435.0,600,0.0,0.0
2024-07-04 09:00:00+09:00,1445.0,1448.0,1429.0,1448.0,1700,0.0,0.0
2024-07-04 11:00:00+09:00,1447.0,1448.0,1440.0,1442.0,0,0.0,0.0
2024-07-04 12:00:00+09:00,1448.0,1448.0,1448.0,1448.0,2800,0.0,0.0
2024-07-04 13:00:00+09:00,1441.0,1446.0,1441.0,1446.0,200,0.0,0.0
2024-07-04 14:00:00+09:00,1446.0,1449.0,1444.0,1449.0,800,0.0,0.0
2024-07-05 09:00:00+09:00,1450.0,1450.0,1444.0,1449.0,2400,0.0,0.0
2024-07-05 10:00:00+09:00,1443.0,1449.0,1391.0,1440.0,6400,0.0,0.0
2024-07-05 11:00:00+09:00,1440.0,1440.0,1440.0,1440.0,0,0.0,0.0
2024-07-05 12:00:00+09:00,1440.0,1440.0,1436.0,1436.0,9200,0.0,0.0
2024-07-05 13:00:00+09:00,1436.0,1436.0,1418.0,1418.0,900,0.0,0.0
2024-07-05 14:00:00+09:00,1416.0,1437.0,1414.0,1437.0,1200,0.0,0.0
2024-07-08 09:00:00+09:00,1437.0,1439.0,1436.0,1439.0,700,0.0,0.0
2024-07-08 10:00:00+09:00,1425.0,1433.0,1425.0,1433.0,400,0.0,0.0
2024-07-08 11:00:00+09:00,1434.0,1434.0,1434.0,1434.0,0,0.0,0.0
2024-07-08 13:00:00+09:00,1428.0,1433.0,1428.0,1433.0,2000,0.0,0.0
2024-07-08 14:00:00+09:00,1433.0,1434.0,1433.0,1434.0,200,0.0,0.0
2024-07-09 09:00:00+09:00,1437.0,1445.0,1437.0,1445.0,1200,0.0,0.0
2024-07-09 10:00:00+09:00,1444.0,1445.0,1444.0,1445.0,200,0.0,0.0
2024-07-09 11:00:00+09:00,1442.0,1442.0,1421.0,1434.0,0,0.0,0.0
2024-07-09 12:00:00+09:00,1434.0,1434.0,1434.0,1434.0,4700,0.0,0.0
2024-07-09 13:00:00+09:00,1433.0,1444.0,1420.0,1427.0,1400,0.0,0.0
2024-07-09 14:00:00+09:00,1425.0,1444.0,1425.0,1440.0,1000,0.0,0.0
2024-07-10 09:00:00+09:00,1436.0,1445.0,1435.0,1445.0,800,0.0,0.0
2024-07-10 10:00:00+09:00,1445.0,1449.0,1445.0,1446.0,400,0.0,0.0
2024-07-10 11:00:00+09:00,1446.0,1446.0,1446.0,1446.0,0,0.0,0.0
2024-07-10 12:00:00+09:00,1445.0,1445.0,1422.0,1439.0,3000,0.0,0.0
2024-07-10 13:00:00+09:00,1424.0,1443.0,1423.0,1443.0,700,0.0,0.0
2024-07-11 09:00:00+09:00,1435.0,1441.0,1435.0,1441.0,400,0.0,0.0
2024-07-11 10:00:00+09:00,1440.0,1440.0,1440.0,1440.0,100,0.0,0.0
2024-07-11 11:00:00+09:00,1440.0,1440.0,1440.0,1440.0,0,0.0,0.0
2024-07-11 12:00:00+09:00,1440.0,1441.0,1440.0,1441.0,800,0.0,0.0
2024-07-11 14:00:00+09:00,1440.0,1448.0,1437.0,1448.0,1900,0.0,0.0
2024-07-12 09:00:00+09:00,1449.0,1450.0,1449.0,1450.0,400,0.0,0.0
2024-07-12 10:00:00+09:00,1443.0,1449.0,1419.0,1428.0,3300,0.0,0.0
2024-07-12 11:00:00+09:00,1430.0,1444.0,1423.0,1444.0,0,0.0,0.0
2024-07-12 12:00:00+09:00,1436.0,1444.0,1436.0,1444.0,0,0.0,0.0
2024-07-12 13:00:00+09:00,1441.0,1449.0,1435.0,1449.0,5400,0.0,0.0
2024-07-16 09:00:00+09:00,1448.0,1448.0,1447.0,1448.0,600,0.0,0.0
2024-07-16 10:00:00+09:00,1442.0,1449.0,1442.0,1449.0,300,0.0,0.0
2024-07-16 11:00:00+09:00,1447.0,1447.0,1447.0,1447.0,0,0.0,0.0
2024-07-16 12:00:00+09:00,1447.0,1447.0,1442.0,1442.0,1400,0.0,0.0
2024-07-16 13:00:00+09:00,1440.0,1440.0,1440.0,1440.0,100,0.0,0.0
2024-07-16 14:00:00+09:00,1440.0,1440.0,1440.0,1440.0,300,0.0,0.0
2024-07-17 09:00:00+09:00,1440.0,1445.0,1439.0,1439.0,400,0.0,0.0
2024-07-17 10:00:00+09:00,1433.0,1433.0,1432.0,1432.0,200,0.0,0.0
2024-07-17 11:00:00+09:00,1432.0,1432.0,1432.0,1432.0,0,0.0,0.0
2024-07-17 12:00:00+09:00,1439.0,1439.0,1432.0,1437.0,1100,0.0,0.0
2024-07-17 13:00:00+09:00,1432.0,1432.0,1416.0,1417.0,1900,0.0,0.0
2024-07-17 14:00:00+09:00,1416.0,1416.0,1402.0,1405.0,3400,0.0,0.0
2024-07-18 09:00:00+09:00,1409.0,1410.0,1408.0,1408.0,700,0.0,0.0
2024-07-18 10:00:00+09:00,1408.0,1408.0,1406.0,1406.0,400,0.0,0.0
2024-07-18 11:00:00+09:00,1406.0,1410.0,1406.0,1410.0,0,0.0,0.0
2024-07-18 12:00:00+09:00,1408.0,1410.0,1408.0,1410.0,0,0.0,0.0
2024-07-18 13:00:00+09:00,1410.0,1430.0,1406.0,1406.0,3600,0.0,0.0
2024-07-18 14:00:00+09:00,1407.0,1421.0,1406.0,1407.0,700,0.0,0.0
2024-07-19 09:00:00+09:00,1407.0,1407.0,1405.0,1405.0,400,0.0,0.0
2024-07-19 10:00:00+09:00,1405.0,1405.0,1401.0,1401.0,200,0.0,0.0
2024-07-19 11:00:00+09:00,1401.0,1401.0,1385.0,1385.0,0,0.0,0.0
2024-07-19 12:00:00+09:00,1388.0,1388.0,1366.0,1366.0,3600,0.0,0.0
2024-07-19 13:00:00+09:00,1365.0,1371.0,1365.0,1370.0,800,0.0,0.0
2024-07-19 14:00:00+09:00,1367.0,1378.0,1357.0,1376.0,1600,0.0,0.0
2024-07-22 09:00:00+09:00,1371.0,1371.0,1350.0,1353.0,2800,0.0,0.0
2024-07-22 10:00:00+09:00,1369.0,1369.0,1369.0,1369.0,400,0.0,0.0
2024-07-22 11:00:00+09:00,1366.0,1366.0,1340.0,1364.0,0,0.0,0.0
2024-07-22 12:00:00+09:00,1362.0,1362.0,1362.0,1362.0,5800,0.0,0.0
2024-07-22 14:00:00+09:00,1357.0,1357.0,1347.0,1347.0,700,0.0,0.0
2024-07-23 09:00:00+09:00,1345.0,1356.0,1345.0,1350.0,1000,0.0,0.0
2024-07-23 11:00:00+09:00,1350.0,1350.0,1350.0,1350.0,0,0.0,0.0
2024-07-23 12:00:00+09:00,1349.0,1349.0,1347.0,1347.0,1300,0.0,0.0
2024-07-23 13:00:00+09:00,1349.0,1349.0,1349.0,1349.0,100,0.0,0.0
2024-07-23 14:00:00+09:00,1349.0,1353.0,1347.0,1347.0,1000,0.0,0.0
2024-07-24 09:00:00+09:00,1350.0,1350.0,1350.0,1350.0,200,0.0,0.0
2024-07-24 10:00:00+09:00,1352.0,1360.0,1352.0,1360.0,900,0.0,0.0
2024-07-24 11:00:00+09:00,1360.0,1360.0,1360.0,1360.0,0,0.0,0.0
2024-07-24 12:00:00+09:00,1360.0,1360.0,1356.0,1356.0,1400,0.0,0.0
2024-07-24 13:00:00+09:00,1356.0,1356.0,1333.0,1333.0,2700,0.0,0.0
2024-07-24 14:00:00+09:00,1344.0,1346.0,1342.0,1345.0,600,0.0,0.0
2024-07-25 09:00:00+09:00,1316.0,1336.0,1301.0,1311.0,4500,0.0,0.0
2024-07-25 10:00:00+09:00,1306.0,1310.0,1304.0,1308.0,1600,0.0,0.0
2024-07-25 11:00:00+09:00,1308.0,1311.0,1308.0,1311.0,0,0.0,0.0
2024-07-25 12:00:00+09:00,1311.0,1318.0,1311.0,1313.0,7600,0.0,0.0
2024-07-25 13:00:00+09:00,1318.0,1320.0,1309.0,1309.0,1400,0.0,0.0
2024-07-25 14:00:00+09:00,1307.0,1320.0,1307.0,1311.0,700,0.0,0.0
2024-07-26 09:00:00+09:00,1324.0,1324.0,1300.0,1309.0,2500,0.0,0.0
2024-07-26 10:00:00+09:00,1309.0,1320.0,1307.0,1307.0,1100,0.0,0.0
2024-07-26 11:00:00+09:00,1311.0,1312.0,1307.0,1310.0,0,0.0,0.0
2024-07-26 12:00:00+09:00,1310.0,1310.0,1310.0,1310.0,4200,0.0,0.0
2024-07-26 13:00:00+09:00,1319.0,1321.0,1317.0,1318.0,600,0.0,0.0
2024-07-26 14:00:00+09:00,1318.0,1322.0,1310.0,1310.0,1400,0.0,0.0
2024-07-29 09:00:00+09:00,1329.0,1335.0,1329.0,1335.0,1600,0.0,0.0
2024-07-29 10:00:00+09:00,1331.0,1331.0,1325.0,1325.0,400,0.0,0.0
2024-07-29 11:00:00+09:00,1325.0,1325.0,1325.0,1325.0,0,0.0,0.0
2024-07-29 12:00:00+09:00,1330.0,1330.0,1330.0,1330.0,2100,0.0,0.0
2024-07-29 13:00:00+09:00,1334.0,1335.0,1334.0,1335.0,400,0.0,0.0
2024-07-29 14:00:00+09:00,1349.0,1349.0,1335.0,1335.0,0,0.0,0.0
2024-07-30 09:00:00+09:00,1357.0,1358.0,1333.0,1333.0,1500,0.0,0.0
2024-07-30 10:00:00+09:00,1334.0,1334.0,1334.0,1334.0,200,0.0,0.0
2024-07-30 11:00:00+09:00,1334.0,1334.0,1334.0,1334.0,0,0.0,0.0
2024-07-30 12:00:00+09:00,1334.0,1354.0,1334.0,1354.0,2000,0.0,0.0
2024-07-30 13:00:00+09:00,1352.0,1354.0,1352.0,1354.0,200,0.0,0.0
2024-07-30 14:00:00+09:00,1350.0,1350.0,1345.0,1345.0,500,0.0,0.0
2024-07-31 09:00:00+09:00,1354.0,1369.0,1354.0,1368.0,1800,0.0,0.0
2024-07-31 10:00:00+09:00,1352.0,1352.0,1351.0,1351.0,300,0.0,0.0
2024-07-31 11:00:00+09:00,1358.0,1358.0,1358.0,1358.0,0,0.0,0.0
2024-07-31 12:00:00+09:00,1367.0,1367.0,1367.0,1367.0,2600,0.0,0.0
2024-07-31 13:00:00+09:00,1367.0,1367.0,1329.0,1338.0,4100,0.0,0.0
2024-07-31 14:00:00+09:00,1333.0,1359.0,1321.0,1332.0,1900,0.0,0.0
2024-08-01 09:00:00+09:00,1326.0,1326.0,1283.0,1288.0,8500,0.0,0.0
2024-08-01 10:00:00+09:00,1287.0,1287.0,1286.0,1286.0,0,0.0,0.0
2024-08-01 11:00:00+09:00,1300.0,1300.0,1290.0,1290.0,0,0.0,0.0
2024-08-01 12:00:00+09:00,1288.0,1290.0,1285.0,1289.0,11100,0.0,0.0
2024-08-01 13:00:00+09:00,1289.0,1289.0,1289.0,1289.0,500,0.0,0.0
2024-08-01 14:00:00+09:00,1293.0,1295.0,1293.0,1294.0,400,0.0,0.0
2024-08-02 09:00:00+09:00,1260.0,1262.0,1175.0,1206.0,11300,0.0,0.0
2024-08-02 10:00:00+09:00,1214.0,1215.0,1208.0,1208.0,500,0.0,0.0
2024-08-02 11:00:00+09:00,1237.0,1237.0,1212.0,1212.0,0,0.0,0.0
2024-08-02 12:00:00+09:00,1210.0,1225.0,1210.0,1212.0,13800,0.0,0.0
2024-08-02 13:00:00+09:00,1216.0,1220.0,1205.0,1220.0,1300,0.0,0.0
2024-08-02 14:00:00+09:00,1223.0,1228.0,1208.0,1228.0,1200,0.0,0.0
2024-08-05 09:00:00+09:00,1176.0,1180.0,1153.0,1180.0,7400,0.0,0.0
2024-08-05 10:00:00+09:00,1158.0,1161.0,1107.0,1107.0,4700,0.0,0.0
2024-08-05 11:00:00+09:00,1125.0,1156.0,1125.0,1148.0,0,0.0,0.0
2024-08-05 12:00:00+09:00,1135.0,1162.0,1100.0,1100.0,21800,0.0,0.0
2024-08-05 13:00:00+09:00,1100.0,1115.0,1075.0,1075.0,6800,0.0,0.0
2024-08-05 14:00:00+09:00,1073.0,1073.0,1020.0,1020.0,6900,0.0,0.0
2024-08-06 09:00:00+09:00,1087.0,1157.0,1087.0,1125.0,5800,0.0,0.0
2024-08-06 10:00:00+09:00,1123.0,1124.0,1085.0,1096.0,2900,0.0,0.0
2024-08-06 11:00:00+09:00,1105.0,1118.0,1098.0,1098.0,0,0.0,0.0
2024-08-06 12:00:00+09:00,1098.0,1125.0,1098.0,1101.0,10600,0.0,0.0
2024-08-06 13:00:00+09:00,1101.0,1119.0,1080.0,1080.0,2000,0.0,0.0
2024-08-06 14:00:00+09:00,1080.0,1093.0,1071.0,1071.0,1200,0.0,0.0
2024-08-07 09:00:00+09:00,1071.0,1119.0,1071.0,1110.0,2300,0.0,0.0
2024-08-07 10:00:00+09:00,1120.0,1128.0,1111.0,1111.0,800,0.0,0.0
2024-08-07 11:00:00+09:00,1123.0,1157.0,1120.0,1120.0,0,0.0,0.0
2024-08-07 12:00:00+09:00,1081.0,1111.0,1081.0,1085.0,7100,0.0,0.0
2024-08-07 13:00:00+09:00,1090.0,1109.0,1087.0,1100.0,1100,0.0,0.0
2024-08-07 14:00:00+09:00,1130.0,1130.0,1098.0,1105.0,1900,0.0,0.0
2024-08-08 09:00:00+09:00,1111.0,1130.0,1111.0,1122.0,3700,0.0,0.0
2024-08-08 10:00:00+09:00,1123.0,1125.0,1121.0,1121.0,1200,0.0,0.0
2024-08-08 11:00:00+09:00,1125.0,1125.0,1125.0,1125.0,0,0.0,0.0
2024-08-08 12:00:00+09:00,1125.0,1131.0,1112.0,1114.0,10700,0.0,0.0
2024-08-08 13:00:00+09:00,1115.0,1122.0,1115.0,1122.0,200,0.0,0.0
2024-08-08 14:00:00+09:00,1118.0,1118.0,1111.0,1111.0,900,0.0,0.0
2024-08-09 09:00:00+09:00,1134.0,1134.0,1120.0,1120.0,3900,0.0,0.0
2024-08-09 10:00:00+09:00,1125.0,1125.0,1124.0,1124.0,500,0.0,0.0
2024-08-09 11:00:00+09:00,1124.0,1129.0,1123.0,1129.0,0,0.0,0.0
2024-08-09 12:00:00+09:00,1132.0,1132.0,1129.0,1129.0,6400,0.0,0.0
2024-08-09 13:00:00+09:00,1127.0,1130.0,1124.0,1125.0,1600,0.0,0.0
2024-08-09 14:00:00+09:00,1125.0,1125.0,1125.0,1125.0,100,0.0,0.0
2024-08-13 09:00:00+09:00,1138.0,1162.0,1138.0,1162.0,2400,0.0,0.0
2024-08-13 10:00:00+09:00,1160.0,1162.0,1160.0,1161.0,800,0.0,0.0
2024-08-13 11:00:00+09:00,1161.0,1161.0,1153.0,1154.0,0,0.0,0.0
2024-08-13 12:00:00+09:00,1153.0,1153.0,1151.0,1151.0,4300,0.0,0.0
2024-08-13 13:00:00+09:00,1152.0,1154.0,1151.0,1151.0,400,0.0,0.0
2024-08-13 14:00:00+09:00,1153.0,1169.0,1153.0,1158.0,1600,0.0,0.0
2024-08-14 09:00:00+09:00,1188.0,1194.0,1179.0,1180.0,2400,0.0,0.0
2024-08-14 10:00:00+09:00,1182.0,1195.0,1181.0,1192.0,2000,0.0,0.0
2024-08-14 11:00:00+09:00,1195.0,1195.0,1195.0,1195.0,0,0.0,0.0
2024-08-14 12:00:00+09:00,1196.0,1198.0,1196.0,1198.0,4800,0.0,0.0
2024-08-14 13:00:00+09:00,1198.0,1198.0,1196.0,1196.0,400,0.0,0.0
2024-08-14 14:00:00+09:00,1200.0,1210.0,1200.0,1210.0,600,0.0,0.0
2024-08-15 09:00:00+09:00,1210.0,1210.0,1201.0,1201.0,600,0.0,0.0
2024-08-15 10:00:00+09:00,1203.0,1210.0,1202.0,1209.0,1600,0.0,0.0
2024-08-15 11:00:00+09:00,1209.0,1209.0,1209.0,1209.0,0,0.0,0.0
2024-08-15 12:00:00+09:00,1204.0,1204.0,1201.0,1201.0,2900,0.0,0.0
2024-08-15 13:00:00+09:00,1201.0,1201.0,1195.0,1195.0,2100,0.0,0.0
2024-08-15 14:00:00+09:00,1196.0,1197.0,1196.0,1197.0,200,0.0,0.0
2024-08-16 09:00:00+09:00,1211.0,1215.0,1201.0,1204.0,3700,0.0,0.0
2024-08-16 10:00:00+09:00,1214.0,1214.0,1202.0,1202.0,600,0.0,0.0
2024-08-16 11:00:00+09:00,1205.0,1205.0,1201.0,1201.0,0,0.0,0.0
2024-08-16 12:00:00+09:00,1200.0,1200.0,1200.0,1200.0,13700,0.0,0.0
2024-08-16 13:00:00+09:00,1201.0,1206.0,1200.0,1206.0,400,0.0,0.0
2024-08-16 14:00:00+09:00,1206.0,1211.0,1201.0,1201.0,1100,0.0,0.0
2024-08-19 09:00:00+09:00,1205.0,1210.0,1187.0,1187.0,3900,0.0,0.0
2024-08-19 10:00:00+09:00,1194.0,1201.0,1194.0,1201.0,1000,0.0,0.0
2024-08-19 11:00:00+09:00,1201.0,1201.0,1201.0,1201.0,0,0.0,0.0
2024-08-19 12:00:00+09:00,1200.0,1200.0,1200.0,1200.0,5400,0.0,0.0
2024-08-19 14:00:00+09:00,1205.0,1205.0,1205.0,1205.0,300,0.0,0.0
2024-08-20 09:00:00+09:00,1209.0,1211.0,1201.0,1201.0,900,0.0,0.0
2024-08-20 10:00:00+09:00,1202.0,1202.0,1202.0,1202.0,100,0.0,0.0
2024-08-20 11:00:00+09:00,1205.0,1211.0,1205.0,1211.0,0,0.0,0.0
2024-08-20 12:00:00+09:00,1206.0,1206.0,1205.0,1205.0,1700,0.0,0.0
2024-08-20 13:00:00+09:00,1206.0,1208.0,1206.0,1208.0,300,0.0,0.0
2024-08-20 14:00:00+09:00,1207.0,1214.0,1207.0,1207.0,1400,0.0,0.0
2024-08-21 09:00:00+09:00,1207.0,1233.0,1207.0,1233.0,2000,0.0,0.0
2024-08-21 10:00:00+09:00,1230.0,1234.0,1228.0,1234.0,700,0.0,0.0
2024-08-21 11:00:00+09:00,1234.0,1234.0,1234.0,1234.0,0,0.0,0.0
2024-08-21 12:00:00+09:00,1227.0,1227.0,1227.0,1227.0,2800,0.0,0.0
2024-08-21 13:00:00+09:00,1226.0,1226.0,1225.0,1225.0,200,0.0,0.0
2024-08-21 14:00:00+09:00,1225.0,1225.0,1220.0,1220.0,800,0.0,0.0
2024-08-22 09:00:00+09:00,1226.0,1232.0,1226.0,1228.0,800,0.0,0.0
2024-08-22 11:00:00+09:00,1228.0,1228.0,1228.0,1228.0,0,0.0,0.0
2024-08-22 12:00:00+09:00,1227.0,1227.0,1218.0,1220.0,1600,0.0,0.0
2024-08-22 14:00:00+09:00,1225.0,1226.0,1220.0,1220.0,500,0.0,0.0
2024-08-23 09:00:00+09:00,1223.0,1223.0,1215.0,1218.0,1900,0.0,0.0
2024-08-23 10:00:00+09:00,1222.0,1222.0,1222.0,1222.0,100,0.0,0.0
2024-08-23 11:00:00+09:00,1222.0,1222.0,1222.0,1222.0,0,0.0,0.0
2024-08-23 12:00:00+09:00,1221.0,1222.0,1219.0,1222.0,2400,0.0,0.0
2024-08-23 13:00:00+09:00,1223.0,1224.0,1222.0,1224.0,400,0.0,0.0
2024-08-23 14:00:00+09:00,1224.0,1224.0,1224.0,1224.0,400,0.0,0.0
