Datetime,Open,High,Low,Close,Volume,Dividends,Stock Splits
2025-02-14 09:30:00-05:00,2.8299999237060547,2.8299999237060547,2.809999942779541,2.809999942779541,25618,0.0,0.0
2025-02-14 09:31:00-05:00,2.8299999237060547,2.8299999237060547,2.809999942779541,2.809999942779541,9963,0.0,0.0
2025-02-14 09:32:00-05:00,2.8331000804901123,2.8380000591278076,2.809999942779541,2.809999942779541,5511,0.0,0.0
2025-02-14 09:33:00-05:00,2.809999942779541,2.809999942779541,2.799999952316284,2.799999952316284,467,0.0,0.0
2025-02-14 09:34:00-05:00,2.799999952316284,2.799999952316284,2.7899999618530273,2.7899999618530273,3081,0.0,0.0
2025-02-14 09:35:00-05:00,2.7899999618530273,2.799999952316284,2.7899999618530273,2.799999952316284,680,0.0,0.0
2025-02-14 09:37:00-05:00,2.799999952316284,2.8099000453948975,2.7899999618530273,2.7899999618530273,2413,0.0,0.0
2025-02-14 09:42:00-05:00,2.7899999618530273,2.7899999618530273,2.7899999618530273,2.7899999618530273,113,0.0,0.0
2025-02-14 09:43:00-05:00,2.7899999618530273,2.7899999618530273,2.781399965286255,2.781399965286255,1400,0.0,0.0
2025-02-14 09:44:00-05:00,2.7899999618530273,2.8097000122070312,2.75,2.8097000122070312,4318,0.0,0.0
2025-02-14 09:45:00-05:00,2.8099000453948975,2.8099000453948975,2.7950000762939453,2.7950000762939453,1166,0.0,0.0
2025-02-14 09:46:00-05:00,2.7950000762939453,2.7950000762939453,2.7950000762939453,2.7950000762939453,207,0.0,0.0
2025-02-14 09:49:00-05:00,2.7999000549316406,2.7999000549316406,2.7799999713897705,2.7799999713897705,766,0.0,0.0
2025-02-14 09:52:00-05:00,2.8076000213623047,2.8076000213623047,2.8076000213623047,2.8076000213623047,1003,0.0,0.0
2025-02-14 09:54:00-05:00,2.807300090789795,2.807300090789795,2.807300090789795,2.807300090789795,657,0.0,0.0
2025-02-14 09:56:00-05:00,2.79010009765625,2.79010009765625,2.79010009765625,2.79010009765625,264,0.0,0.0
2025-02-14 09:57:00-05:00,2.7899999618530273,2.7899999618530273,2.7899999618530273,2.7899999618530273,1028,0.0,0.0
2025-02-14 09:58:00-05:00,2.799999952316284,2.799999952316284,2.799999952316284,2.799999952316284,367,0.0,0.0
2025-02-14 10:00:00-05:00,2.795099973678589,2.795099973678589,2.795099973678589,2.795099973678589,1095,0.0,0.0
2025-02-14 10:01:00-05:00,2.7913999557495117,2.7913999557495117,2.7913999557495117,2.7913999557495117,200,0.0,0.0
2025-02-14 10:02:00-05:00,2.7945001125335693,2.802299976348877,2.79010009765625,2.799999952316284,4040,0.0,0.0
2025-02-14 10:03:00-05:00,2.7918999195098877,2.7950000762939453,2.7918999195098877,2.7950000762939453,839,0.0,0.0
2025-02-14 10:04:00-05:00,2.7950000762939453,2.7950000762939453,2.7802999019622803,2.7850000858306885,1276,0.0,0.0
2025-02-14 10:06:00-05:00,2.7890000343322754,2.7899999618530273,2.7890000343322754,2.7899999618530273,810,0.0,0.0
2025-02-14 10:07:00-05:00,2.7899999618530273,2.7899999618530273,2.7899999618530273,2.7899999618530273,200,0.0,0.0
2025-02-14 10:09:00-05:00,2.7899999618530273,2.7899999618530273,2.7899999618530273,2.7899999618530273,112,0.0,0.0
2025-02-14 10:14:00-05:00,2.7899999618530273,2.7929999828338623,2.7899999618530273,2.7899999618530273,929,0.0,0.0
2025-02-14 10:15:00-05:00,2.7850000858306885,2.7850000858306885,2.7850000858306885,2.7850000858306885,205,0.0,0.0
2025-02-14 10:18:00-05:00,2.7809998989105225,2.7809998989105225,2.7809998989105225,2.7809998989105225,318,0.0,0.0
2025-02-14 10:19:00-05:00,2.789900064468384,2.789900064468384,2.789900064468384,2.789900064468384,1224,0.0,0.0
2025-02-14 10:22:00-05:00,2.7799999713897705,2.7799999713897705,2.75,2.7699999809265137,12127,0.0,0.0
2025-02-14 10:26:00-05:00,2.759999990463257,2.759999990463257,2.759999990463257,2.759999990463257,622,0.0,0.0
2025-02-14 10:27:00-05:00,2.759999990463257,2.759999990463257,2.759999990463257,2.759999990463257,313,0.0,0.0
2025-02-14 10:29:00-05:00,2.759999990463257,2.759999990463257,2.75,2.75,1638,0.0,0.0
2025-02-14 10:31:00-05:00,2.7500998973846436,2.7500998973846436,2.75,2.75,5145,0.0,0.0
2025-02-14 10:35:00-05:00,2.75,2.75,2.75,2.75,118,0.0,0.0
2025-02-14 10:37:00-05:00,2.759999990463257,2.759999990463257,2.759999990463257,2.759999990463257,146,0.0,0.0
2025-02-14 10:38:00-05:00,2.75,2.75,2.75,2.75,812,0.0,0.0
2025-02-14 10:41:00-05:00,2.763000011444092,2.763000011444092,2.763000011444092,2.763000011444092,108,0.0,0.0
2025-02-14 10:42:00-05:00,2.765700101852417,2.765700101852417,2.765700101852417,2.765700101852417,305,0.0,0.0
2025-02-14 10:45:00-05:00,2.765000104904175,2.765000104904175,2.765000104904175,2.765000104904175,175,0.0,0.0
2025-02-14 10:47:00-05:00,2.765000104904175,2.76990008354187,2.765000104904175,2.76990008354187,655,0.0,0.0
2025-02-14 10:48:00-05:00,2.76990008354187,2.76990008354187,2.76990008354187,2.76990008354187,101,0.0,0.0
2025-02-14 10:50:00-05:00,2.7606000900268555,2.76990008354187,2.7606000900268555,2.76990008354187,1500,0.0,0.0
2025-02-14 10:51:00-05:00,2.78410005569458,2.78410005569458,2.78410005569458,2.78410005569458,200,0.0,0.0
2025-02-14 10:52:00-05:00,2.76990008354187,2.7699999809265137,2.765000104904175,2.7699999809265137,2278,0.0,0.0
2025-02-14 10:55:00-05:00,2.7720000743865967,2.7720000743865967,2.7720000743865967,2.7720000743865967,214,0.0,0.0
2025-02-14 10:59:00-05:00,2.77020001411438,2.77020001411438,2.77020001411438,2.77020001411438,290,0.0,0.0
2025-02-14 11:00:00-05:00,2.7874999046325684,2.7874999046325684,2.7874999046325684,2.7874999046325684,157,0.0,0.0
2025-02-14 11:06:00-05:00,2.770900011062622,2.770900011062622,2.7701001167297363,2.7701001167297363,700,0.0,0.0
2025-02-14 11:07:00-05:00,2.7799999713897705,2.7799999713897705,2.7799999713897705,2.7799999713897705,101,0.0,0.0
2025-02-14 11:10:00-05:00,2.7850000858306885,2.7850000858306885,2.7850000858306885,2.7850000858306885,268,0.0,0.0
2025-02-14 11:13:00-05:00,2.7850000858306885,2.7850000858306885,2.7850000858306885,2.7850000858306885,246,0.0,0.0
2025-02-14 11:19:00-05:00,2.7850000858306885,2.7850000858306885,2.7799999713897705,2.7799999713897705,1063,0.0,0.0
2025-02-14 11:20:00-05:00,2.7699999809265137,2.7699999809265137,2.7699999809265137,2.7699999809265137,3396,0.0,0.0
2025-02-14 11:22:00-05:00,2.777899980545044,2.777899980545044,2.777899980545044,2.777899980545044,351,0.0,0.0
2025-02-14 11:23:00-05:00,2.7832000255584717,2.7832000255584717,2.7832000255584717,2.7832000255584717,111,0.0,0.0
2025-02-14 11:24:00-05:00,2.7699999809265137,2.7699999809265137,2.7699999809265137,2.7699999809265137,1171,0.0,0.0
2025-02-14 11:26:00-05:00,2.7764999866485596,2.7764999866485596,2.7764999866485596,2.7764999866485596,503,0.0,0.0
2025-02-14 11:30:00-05:00,2.759999990463257,2.759999990463257,2.759999990463257,2.759999990463257,745,0.0,0.0
2025-02-14 11:33:00-05:00,2.7644999027252197,2.7644999027252197,2.7644999027252197,2.7644999027252197,213,0.0,0.0
2025-02-14 11:34:00-05:00,2.759999990463257,2.779900074005127,2.759999990463257,2.779900074005127,1421,0.0,0.0
2025-02-14 11:36:00-05:00,2.7699999809265137,2.7699999809265137,2.759999990463257,2.759999990463257,656,0.0,0.0
2025-02-14 11:37:00-05:00,2.7699999809265137,2.7699999809265137,2.7699999809265137,2.7699999809265137,680,0.0,0.0
2025-02-14 11:46:00-05:00,2.759999990463257,2.759999990463257,2.759999990463257,2.759999990463257,143,0.0,0.0
2025-02-14 11:50:00-05:00,2.759999990463257,2.759999990463257,2.759999990463257,2.759999990463257,151,0.0,0.0
2025-02-14 12:00:00-05:00,2.7699999809265137,2.7699999809265137,2.7699999809265137,2.7699999809265137,223,0.0,0.0
2025-02-14 12:03:00-05:00,2.75,2.750999927520752,2.75,2.7500998973846436,1617,0.0,0.0
2025-02-14 12:05:00-05:00,2.75,2.75,2.75,2.75,120,0.0,0.0
2025-02-14 12:11:00-05:00,2.7500998973846436,2.7500998973846436,2.7500998973846436,2.7500998973846436,1112,0.0,0.0
2025-02-14 12:12:00-05:00,2.75,2.75,2.75,2.75,251,0.0,0.0
2025-02-14 12:15:00-05:00,2.759999990463257,2.759999990463257,2.759999990463257,2.759999990463257,3233,0.0,0.0
2025-02-14 12:19:00-05:00,2.7599000930786133,2.7599000930786133,2.75,2.75,430,0.0,0.0
2025-02-14 12:24:00-05:00,2.7507998943328857,2.7507998943328857,2.7507998943328857,2.7507998943328857,590,0.0,0.0
2025-02-14 12:29:00-05:00,2.750999927520752,2.750999927520752,2.750999927520752,2.750999927520752,202,0.0,0.0
2025-02-14 12:31:00-05:00,2.75,2.75,2.740000009536743,2.740000009536743,4278,0.0,0.0
2025-02-14 12:32:00-05:00,2.740000009536743,2.740000009536743,2.7300000190734863,2.7300000190734863,5212,0.0,0.0
2025-02-14 12:33:00-05:00,2.7399001121520996,2.7399001121520996,2.7300000190734863,2.7300000190734863,10795,0.0,0.0
2025-02-14 12:34:00-05:00,2.7300000190734863,2.7300000190734863,2.7300000190734863,2.7300000190734863,415,0.0,0.0
2025-02-14 12:36:00-05:00,2.7200000286102295,2.7300000190734863,2.7200000286102295,2.7200000286102295,5232,0.0,0.0
2025-02-14 12:37:00-05:00,2.7100000381469727,2.7249999046325684,2.7100000381469727,2.7249999046325684,1714,0.0,0.0
2025-02-14 12:38:00-05:00,2.7200000286102295,2.7300000190734863,2.7200000286102295,2.7300000190734863,2160,0.0,0.0
2025-02-14 12:39:00-05:00,2.7399001121520996,2.7399001121520996,2.7399001121520996,2.7399001121520996,501,0.0,0.0
2025-02-14 12:42:00-05:00,2.7200000286102295,2.7200000286102295,2.7200000286102295,2.7200000286102295,219,0.0,0.0
2025-02-14 12:43:00-05:00,2.7249999046325684,2.7249999046325684,2.7249999046325684,2.7249999046325684,100,0.0,0.0
2025-02-14 12:45:00-05:00,2.7249999046325684,2.7249999046325684,2.7249999046325684,2.7249999046325684,259,0.0,0.0
2025-02-14 12:47:00-05:00,2.7100000381469727,2.7100000381469727,2.7100000381469727,2.7100000381469727,8001,0.0,0.0
2025-02-14 12:48:00-05:00,2.7100000381469727,2.7100000381469727,2.7100000381469727,2.7100000381469727,739,0.0,0.0
2025-02-14 12:49:00-05:00,2.7100000381469727,2.710099935531616,2.7100000381469727,2.7100000381469727,1953,0.0,0.0
2025-02-14 12:51:00-05:00,2.7200000286102295,2.7200000286102295,2.7200000286102295,2.7200000286102295,598,0.0,0.0
2025-02-14 12:52:00-05:00,2.7149999141693115,2.7149999141693115,2.7149999141693115,2.7149999141693115,500,0.0,0.0
2025-02-14 12:54:00-05:00,2.7100000381469727,2.7100000381469727,2.7100000381469727,2.7100000381469727,651,0.0,0.0
2025-02-14 12:57:00-05:00,2.7149999141693115,2.7149999141693115,2.7149999141693115,2.7149999141693115,102,0.0,0.0
2025-02-14 13:00:00-05:00,2.7149999141693115,2.7149999141693115,2.7149999141693115,2.7149999141693115,105,0.0,0.0
2025-02-14 13:10:00-05:00,2.7114999294281006,2.7200000286102295,2.7114999294281006,2.7200000286102295,940,0.0,0.0
2025-02-14 13:11:00-05:00,2.719099998474121,2.719099998474121,2.719099998474121,2.719099998474121,270,0.0,0.0
2025-02-14 13:18:00-05:00,2.7300000190734863,2.7300000190734863,2.7300000190734863,2.7300000190734863,247,0.0,0.0
2025-02-14 13:29:00-05:00,2.7300000190734863,2.7300000190734863,2.7300000190734863,2.7300000190734863,221,0.0,0.0
2025-02-14 13:31:00-05:00,2.7355000972747803,2.7355000972747803,2.7355000972747803,2.7355000972747803,112,0.0,0.0
2025-02-14 13:32:00-05:00,2.7383999824523926,2.7383999824523926,2.7383999824523926,2.7383999824523926,100,0.0,0.0
2025-02-14 13:33:00-05:00,2.7300000190734863,2.7300000190734863,2.7300000190734863,2.7300000190734863,101,0.0,0.0
2025-02-14 13:34:00-05:00,2.7374000549316406,2.740000009536743,2.7374000549316406,2.740000009536743,1010,0.0,0.0
2025-02-14 13:38:00-05:00,2.759200096130371,2.759200096130371,2.759200096130371,2.759200096130371,2048,0.0,0.0
2025-02-14 13:40:00-05:00,2.75,2.75,2.75,2.75,297,0.0,0.0
2025-02-14 13:46:00-05:00,2.740999937057495,2.740999937057495,2.740999937057495,2.740999937057495,773,0.0,0.0
2025-02-14 13:53:00-05:00,2.7300000190734863,2.7304000854492188,2.7300000190734863,2.7304000854492188,1105,0.0,0.0
2025-02-14 13:54:00-05:00,2.76990008354187,2.76990008354187,2.76990008354187,2.76990008354187,135,0.0,0.0
2025-02-14 13:59:00-05:00,2.7495999336242676,2.7495999336242676,2.7495999336242676,2.7495999336242676,299,0.0,0.0
2025-02-14 14:04:00-05:00,2.7300000190734863,2.7300000190734863,2.7300000190734863,2.7300000190734863,200,0.0,0.0
2025-02-14 14:06:00-05:00,2.7300000190734863,2.7300000190734863,2.7300000190734863,2.7300000190734863,200,0.0,0.0
2025-02-14 14:07:00-05:00,2.7332000732421875,2.7332000732421875,2.7332000732421875,2.7332000732421875,387,0.0,0.0
2025-02-14 14:09:00-05:00,2.7300000190734863,2.7300000190734863,2.7300000190734863,2.7300000190734863,394,0.0,0.0
2025-02-14 14:11:00-05:00,2.7528998851776123,2.7528998851776123,2.7528998851776123,2.7528998851776123,162,0.0,0.0
2025-02-14 14:13:00-05:00,2.7300000190734863,2.744999885559082,2.7300000190734863,2.744999885559082,600,0.0,0.0
2025-02-14 14:14:00-05:00,2.744999885559082,2.7595999240875244,2.744999885559082,2.7595999240875244,1002,0.0,0.0
2025-02-14 14:17:00-05:00,2.749000072479248,2.749000072479248,2.749000072479248,2.749000072479248,518,0.0,0.0
2025-02-14 14:18:00-05:00,2.7300000190734863,2.7300000190734863,2.7300000190734863,2.7300000190734863,301,0.0,0.0
2025-02-14 14:20:00-05:00,2.749000072479248,2.749000072479248,2.749000072479248,2.749000072479248,229,0.0,0.0
2025-02-14 14:21:00-05:00,2.7320001125335693,2.7320001125335693,2.7320001125335693,2.7320001125335693,142,0.0,0.0
2025-02-14 14:22:00-05:00,2.7300000190734863,2.75,2.7300000190734863,2.75,1330,0.0,0.0
2025-02-14 14:23:00-05:00,2.759999990463257,2.759999990463257,2.759999990463257,2.759999990463257,489,0.0,0.0
2025-02-14 14:27:00-05:00,2.75,2.75,2.75,2.75,579,0.0,0.0
2025-02-14 14:30:00-05:00,2.7300000190734863,2.7300000190734863,2.7300000190734863,2.7300000190734863,504,0.0,0.0
2025-02-14 14:36:00-05:00,2.7300000190734863,2.7300000190734863,2.7300000190734863,2.7300000190734863,500,0.0,0.0
2025-02-14 14:37:00-05:00,2.756999969482422,2.756999969482422,2.756999969482422,2.756999969482422,658,0.0,0.0
2025-02-14 14:38:00-05:00,2.740000009536743,2.75,2.740000009536743,2.75,443,0.0,0.0
2025-02-14 14:42:00-05:00,2.740000009536743,2.740000009536743,2.740000009536743,2.740000009536743,604,0.0,0.0
2025-02-14 14:49:00-05:00,2.740000009536743,2.740000009536743,2.740000009536743,2.740000009536743,1127,0.0,0.0
2025-02-14 14:51:00-05:00,2.785799980163574,2.785799980163574,2.785799980163574,2.785799980163574,1500,0.0,0.0
2025-02-14 14:52:00-05:00,2.7825000286102295,2.7825000286102295,2.7825000286102295,2.7825000286102295,401,0.0,0.0
2025-02-14 14:53:00-05:00,2.789900064468384,2.789900064468384,2.789900064468384,2.789900064468384,1701,0.0,0.0
2025-02-14 14:54:00-05:00,2.756200075149536,2.756200075149536,2.756200075149536,2.756200075149536,237,0.0,0.0
2025-02-14 14:56:00-05:00,2.740000009536743,2.740000009536743,2.740000009536743,2.740000009536743,601,0.0,0.0
2025-02-14 15:02:00-05:00,2.740000009536743,2.740000009536743,2.740000009536743,2.740000009536743,1501,0.0,0.0
2025-02-14 15:06:00-05:00,2.75,2.75,2.75,2.75,100,0.0,0.0
2025-02-14 15:07:00-05:00,2.740000009536743,2.740000009536743,2.740000009536743,2.740000009536743,100,0.0,0.0
2025-02-14 15:09:00-05:00,2.740000009536743,2.740000009536743,2.740000009536743,2.740000009536743,1259,0.0,0.0
2025-02-14 15:12:00-05:00,2.7599000930786133,2.7599000930786133,2.7599000930786133,2.7599000930786133,2006,0.0,0.0
2025-02-14 15:16:00-05:00,2.7300000190734863,2.7300000190734863,2.7300000190734863,2.7300000190734863,705,0.0,0.0
2025-02-14 15:19:00-05:00,2.740000009536743,2.740000009536743,2.740000009536743,2.740000009536743,2661,0.0,0.0
2025-02-14 15:21:00-05:00,2.759999990463257,2.759999990463257,2.759999990463257,2.759999990463257,389,0.0,0.0
2025-02-14 15:23:00-05:00,2.765899896621704,2.765899896621704,2.765899896621704,2.765899896621704,401,0.0,0.0
2025-02-14 15:26:00-05:00,2.7699999809265137,2.7699999809265137,2.7699999809265137,2.7699999809265137,200,0.0,0.0
2025-02-14 15:27:00-05:00,2.759999990463257,2.759999990463257,2.759999990463257,2.759999990463257,3141,0.0,0.0
2025-02-14 15:28:00-05:00,2.755000114440918,2.759999990463257,2.755000114440918,2.759999990463257,2052,0.0,0.0
2025-02-14 15:30:00-05:00,2.7616000175476074,2.7616000175476074,2.7616000175476074,2.7616000175476074,520,0.0,0.0
2025-02-14 15:36:00-05:00,2.7699999809265137,2.7699999809265137,2.7699999809265137,2.7699999809265137,203,0.0,0.0
2025-02-14 15:39:00-05:00,2.7699999809265137,2.7699999809265137,2.759999990463257,2.759999990463257,800,0.0,0.0
2025-02-14 15:40:00-05:00,2.7790000438690186,2.7799999713897705,2.7790000438690186,2.7799999713897705,748,0.0,0.0
2025-02-14 15:41:00-05:00,2.7750000953674316,2.7799999713897705,2.7750000953674316,2.7799999713897705,419,0.0,0.0
2025-02-14 15:42:00-05:00,2.7750000953674316,2.7750000953674316,2.7750000953674316,2.7750000953674316,176,0.0,0.0
2025-02-14 15:43:00-05:00,2.7699999809265137,2.7750000953674316,2.7699999809265137,2.7750000953674316,921,0.0,0.0
2025-02-14 15:44:00-05:00,2.775099992752075,2.775099992752075,2.775099992752075,2.775099992752075,1000,0.0,0.0
2025-02-14 15:46:00-05:00,2.7750000953674316,2.7750000953674316,2.759999990463257,2.759999990463257,1706,0.0,0.0
2025-02-14 15:47:00-05:00,2.75,2.75,2.75,2.75,172,0.0,0.0
2025-02-14 15:49:00-05:00,2.75,2.75,2.75,2.75,878,0.0,0.0
2025-02-14 15:52:00-05:00,2.7699999809265137,2.7699999809265137,2.7578001022338867,2.76990008354187,3014,0.0,0.0
2025-02-14 15:54:00-05:00,2.755000114440918,2.755000114440918,2.7300000190734863,2.7300000190734863,800,0.0,0.0
2025-02-14 15:57:00-05:00,2.7300000190734863,2.7300000190734863,2.7300000190734863,2.7300000190734863,961,0.0,0.0
2025-02-14 15:58:00-05:00,2.75,2.75,2.75,2.75,1996,0.0,0.0
2025-02-14 15:59:00-05:00,2.75,2.755000114440918,2.7300000190734863,2.7300000190734863,4781,0.0,0.0
2025-02-18 09:30:00-05:00,2.7200000286102295,2.7249999046325684,2.7200000286102295,2.7249999046325684,21324,0.0,0.0
2025-02-18 09:31:00-05:00,2.7204999923706055,2.736299991607666,2.700000047683716,2.736299991607666,4254,0.0,0.0
2025-02-18 09:32:00-05:00,2.73799991607666,2.73799991607666,2.73799991607666,2.73799991607666,501,0.0,0.0
2025-02-18 09:34:00-05:00,2.7102999687194824,2.7102999687194824,2.7102999687194824,2.7102999687194824,607,0.0,0.0
2025-02-18 09:37:00-05:00,2.713599920272827,2.7300000190734863,2.710700035095215,2.7300000190734863,2040,0.0,0.0
2025-02-18 09:38:00-05:00,2.7200000286102295,2.7249999046325684,2.7200000286102295,2.7249999046325684,1613,0.0,0.0
2025-02-18 09:39:00-05:00,2.7200000286102295,2.7200000286102295,2.7200000286102295,2.7200000286102295,7573,0.0,0.0
2025-02-18 09:41:00-05:00,2.7174999713897705,2.7190001010894775,2.700000047683716,2.700000047683716,7755,0.0,0.0
2025-02-18 09:46:00-05:00,2.7100000381469727,2.7100000381469727,2.7100000381469727,2.7100000381469727,1409,0.0,0.0
2025-02-18 09:47:00-05:00,2.7200000286102295,2.7200000286102295,2.7200000286102295,2.7200000286102295,236,0.0,0.0
2025-02-18 09:48:00-05:00,2.73799991607666,2.739500045776367,2.700000047683716,2.739500045776367,2670,0.0,0.0
2025-02-18 09:58:00-05:00,2.7188000679016113,2.7188000679016113,2.7188000679016113,2.7188000679016113,517,0.0,0.0
2025-02-18 10:03:00-05:00,2.7100000381469727,2.7100000381469727,2.7100000381469727,2.7100000381469727,375,0.0,0.0
2025-02-18 10:04:00-05:00,2.7039999961853027,2.7200000286102295,2.7039999961853027,2.7200000286102295,1036,0.0,0.0
2025-02-18 10:07:00-05:00,2.7265000343322754,2.7300000190734863,2.7265000343322754,2.7300000190734863,422,0.0,0.0
2025-02-18 10:09:00-05:00,2.7200000286102295,2.7200000286102295,2.7200000286102295,2.7200000286102295,155,0.0,0.0
2025-02-18 10:11:00-05:00,2.7204999923706055,2.7204999923706055,2.7204999923706055,2.7204999923706055,1323,0.0,0.0
2025-02-18 10:12:00-05:00,2.710200071334839,2.7200000286102295,2.710099935531616,2.7119998931884766,5913,0.0,0.0
2025-02-18 10:18:00-05:00,2.740000009536743,2.740000009536743,2.740000009536743,2.740000009536743,497,0.0,0.0
2025-02-18 10:19:00-05:00,2.740000009536743,2.740000009536743,2.740000009536743,2.740000009536743,213,0.0,0.0
2025-02-18 10:20:00-05:00,2.740000009536743,2.740000009536743,2.7314999103546143,2.740000009536743,1661,0.0,0.0
2025-02-18 10:21:00-05:00,2.744999885559082,2.75,2.740799903869629,2.75,3135,0.0,0.0
2025-02-18 10:22:00-05:00,2.75,2.75,2.75,2.75,120,0.0,0.0
2025-02-18 10:23:00-05:00,2.7400999069213867,2.7400999069213867,2.7400999069213867,2.7400999069213867,100,0.0,0.0
2025-02-18 10:24:00-05:00,2.740000009536743,2.740000009536743,2.740000009536743,2.740000009536743,355,0.0,0.0
2025-02-18 10:25:00-05:00,2.744999885559082,2.75,2.744999885559082,2.75,1060,0.0,0.0
2025-02-18 10:29:00-05:00,2.759999990463257,2.759999990463257,2.759999990463257,2.759999990463257,169,0.0,0.0
2025-02-18 10:32:00-05:00,2.7799999713897705,2.7850000858306885,2.7799999713897705,2.7850000858306885,7930,0.0,0.0
2025-02-18 10:33:00-05:00,2.7699999809265137,2.799999952316284,2.7699999809265137,2.7999000549316406,5835,0.0,0.0
2025-02-18 10:34:00-05:00,2.7799999713897705,2.7799999713897705,2.7799999713897705,2.7799999713897705,3140,0.0,0.0
2025-02-18 10:36:00-05:00,2.7699999809265137,2.7699999809265137,2.7699999809265137,2.7699999809265137,140,0.0,0.0
2025-02-18 10:37:00-05:00,2.7799999713897705,2.7899999618530273,2.7799999713897705,2.7899999618530273,1020,0.0,0.0
2025-02-18 10:38:00-05:00,2.7699999809265137,2.7897000312805176,2.7699999809265137,2.7897000312805176,396,0.0,0.0
2025-02-18 10:43:00-05:00,2.7699999809265137,2.7699999809265137,2.7699999809265137,2.7699999809265137,691,0.0,0.0
2025-02-18 10:48:00-05:00,2.7699999809265137,2.7699999809265137,2.759999990463257,2.759999990463257,780,0.0,0.0
2025-02-18 10:49:00-05:00,2.76990008354187,2.76990008354187,2.759999990463257,2.759999990463257,421,0.0,0.0
2025-02-18 10:54:00-05:00,2.76990008354187,2.76990008354187,2.76990008354187,2.76990008354187,553,0.0,0.0
2025-02-18 10:58:00-05:00,2.7679998874664307,2.7679998874664307,2.7679998874664307,2.7679998874664307,344,0.0,0.0
2025-02-18 11:01:00-05:00,2.759500026702881,2.759500026702881,2.759500026702881,2.759500026702881,416,0.0,0.0
2025-02-18 11:04:00-05:00,2.75,2.759999990463257,2.75,2.759999990463257,720,0.0,0.0
2025-02-18 11:07:00-05:00,2.759999990463257,2.759999990463257,2.759999990463257,2.759999990463257,100,0.0,0.0
2025-02-18 11:09:00-05:00,2.75,2.75,2.75,2.75,1351,0.0,0.0
2025-02-18 11:10:00-05:00,2.740000009536743,2.740000009536743,2.740000009536743,2.740000009536743,562,0.0,0.0
2025-02-18 11:13:00-05:00,2.740000009536743,2.740000009536743,2.740000009536743,2.740000009536743,201,0.0,0.0
2025-02-18 11:15:00-05:00,2.7300000190734863,2.7300000190734863,2.7300000190734863,2.7300000190734863,100,0.0,0.0
2025-02-18 11:17:00-05:00,2.7300000190734863,2.7300000190734863,2.7249999046325684,2.7249999046325684,720,0.0,0.0
2025-02-18 11:18:00-05:00,2.7200000286102295,2.7200000286102295,2.7200000286102295,2.7200000286102295,5200,0.0,0.0
2025-02-18 11:19:00-05:00,2.7100000381469727,2.73580002784729,2.7100000381469727,2.73580002784729,428,0.0,0.0
2025-02-18 11:23:00-05:00,2.7119998931884766,2.7119998931884766,2.7119998931884766,2.7119998931884766,658,0.0,0.0
2025-02-18 11:35:00-05:00,2.716099977493286,2.716099977493286,2.716099977493286,2.716099977493286,142,0.0,0.0
2025-02-18 11:36:00-05:00,2.7100000381469727,2.7100000381469727,2.7100000381469727,2.7100000381469727,1296,0.0,0.0
2025-02-18 11:37:00-05:00,2.7100000381469727,2.7100000381469727,2.7100000381469727,2.7100000381469727,100,0.0,0.0
2025-02-18 11:38:00-05:00,2.712100028991699,2.712100028991699,2.712100028991699,2.712100028991699,193,0.0,0.0
2025-02-18 11:44:00-05:00,2.7255001068115234,2.7255001068115234,2.7255001068115234,2.7255001068115234,318,0.0,0.0
2025-02-18 11:54:00-05:00,2.710099935531616,2.710099935531616,2.710099935531616,2.710099935531616,529,0.0,0.0
2025-02-18 12:03:00-05:00,2.7298998832702637,2.7298998832702637,2.7298998832702637,2.7298998832702637,1148,0.0,0.0
2025-02-18 12:05:00-05:00,2.7290000915527344,2.7290000915527344,2.7290000915527344,2.7290000915527344,142,0.0,0.0
2025-02-18 12:06:00-05:00,2.7290000915527344,2.7290000915527344,2.7249999046325684,2.7249999046325684,1000,0.0,0.0
2025-02-18 12:08:00-05:00,2.710099935531616,2.710099935531616,2.710099935531616,2.710099935531616,100,0.0,0.0
2025-02-18 12:09:00-05:00,2.710099935531616,2.710099935531616,2.710099935531616,2.710099935531616,775,0.0,0.0
2025-02-18 12:13:00-05:00,2.7249999046325684,2.7300000190734863,2.7249999046325684,2.7298998832702637,2371,0.0,0.0
2025-02-18 12:20:00-05:00,2.7200000286102295,2.7200000286102295,2.7200000286102295,2.7200000286102295,467,0.0,0.0
2025-02-18 12:22:00-05:00,2.7100000381469727,2.7100000381469727,2.7100000381469727,2.7100000381469727,5762,0.0,0.0
2025-02-18 12:28:00-05:00,2.700000047683716,2.700000047683716,2.700000047683716,2.700000047683716,550,0.0,0.0
2025-02-18 12:29:00-05:00,2.700000047683716,2.700000047683716,2.700000047683716,2.700000047683716,1514,0.0,0.0
2025-02-18 12:30:00-05:00,2.70989990234375,2.70989990234375,2.70989990234375,2.70989990234375,501,0.0,0.0
2025-02-18 12:37:00-05:00,2.700000047683716,2.700900077819824,2.700000047683716,2.700000047683716,3416,0.0,0.0
2025-02-18 12:38:00-05:00,2.691499948501587,2.691499948501587,2.691499948501587,2.691499948501587,333,0.0,0.0
2025-02-18 12:45:00-05:00,2.6998000144958496,2.699899911880493,2.6998000144958496,2.699899911880493,1050,0.0,0.0
2025-02-18 12:49:00-05:00,2.699199914932251,2.699199914932251,2.6991000175476074,2.6991000175476074,551,0.0,0.0
2025-02-18 12:51:00-05:00,2.694999933242798,2.694999933242798,2.694999933242798,2.694999933242798,100,0.0,0.0
2025-02-18 12:55:00-05:00,2.690000057220459,2.6900999546051025,2.680000066757202,2.680000066757202,6448,0.0,0.0
2025-02-18 12:57:00-05:00,2.680000066757202,2.680000066757202,2.680000066757202,2.680000066757202,256,0.0,0.0
2025-02-18 13:03:00-05:00,2.6898999214172363,2.690000057220459,2.6898999214172363,2.690000057220459,3199,0.0,0.0
2025-02-18 13:10:00-05:00,2.699700117111206,2.699700117111206,2.699700117111206,2.699700117111206,1885,0.0,0.0
2025-02-18 13:25:00-05:00,2.6989998817443848,2.6989998817443848,2.6989998817443848,2.6989998817443848,100,0.0,0.0
2025-02-18 13:28:00-05:00,2.6949000358581543,2.6949000358581543,2.6949000358581543,2.6949000358581543,2950,0.0,0.0
2025-02-18 13:30:00-05:00,2.690000057220459,2.690000057220459,2.6700000762939453,2.6700000762939453,1094,0.0,0.0
2025-02-18 13:32:00-05:00,2.6886000633239746,2.6886000633239746,2.6886000633239746,2.6886000633239746,239,0.0,0.0
2025-02-18 13:33:00-05:00,2.6898000240325928,2.6898000240325928,2.6898000240325928,2.6898000240325928,352,0.0,0.0
2025-02-18 13:40:00-05:00,2.680000066757202,2.680000066757202,2.680000066757202,2.680000066757202,458,0.0,0.0
2025-02-18 13:47:00-05:00,2.690000057220459,2.690000057220459,2.690000057220459,2.690000057220459,101,0.0,0.0
2025-02-18 13:50:00-05:00,2.688999891281128,2.688999891281128,2.688999891281128,2.688999891281128,315,0.0,0.0
2025-02-18 14:07:00-05:00,2.680000066757202,2.6898999214172363,2.680000066757202,2.6898999214172363,603,0.0,0.0
2025-02-18 14:15:00-05:00,2.6738998889923096,2.6738998889923096,2.6738998889923096,2.6738998889923096,1040,0.0,0.0
2025-02-18 14:17:00-05:00,2.680000066757202,2.680000066757202,2.676100015640259,2.676100015640259,656,0.0,0.0
2025-02-18 14:23:00-05:00,2.678100109100342,2.680000066757202,2.678100109100342,2.680000066757202,722,0.0,0.0
2025-02-18 14:31:00-05:00,2.6898000240325928,2.6898000240325928,2.6898000240325928,2.6898000240325928,407,0.0,0.0
2025-02-18 14:43:00-05:00,2.690000057220459,2.6989998817443848,2.690000057220459,2.6989998817443848,1050,0.0,0.0
2025-02-18 14:52:00-05:00,2.680000066757202,2.680000066757202,2.6700000762939453,2.6700000762939453,4142,0.0,0.0
2025-02-18 14:53:00-05:00,2.6700000762939453,2.6700000762939453,2.6700000762939453,2.6700000762939453,201,0.0,0.0
2025-02-18 14:56:00-05:00,2.670099973678589,2.670099973678589,2.670099973678589,2.670099973678589,120,0.0,0.0
2025-02-18 14:59:00-05:00,2.6707000732421875,2.6793999671936035,2.6707000732421875,2.6793999671936035,2512,0.0,0.0
2025-02-18 15:00:00-05:00,2.680000066757202,2.680000066757202,2.6798999309539795,2.6798999309539795,2373,0.0,0.0
2025-02-18 15:04:00-05:00,2.6800999641418457,2.6800999641418457,2.6800999641418457,2.6800999641418457,1005,0.0,0.0
2025-02-18 15:11:00-05:00,2.6902999877929688,2.6902999877929688,2.6902999877929688,2.6902999877929688,1110,0.0,0.0
2025-02-18 15:13:00-05:00,2.680000066757202,2.680000066757202,2.680000066757202,2.680000066757202,100,0.0,0.0
2025-02-18 15:14:00-05:00,2.690000057220459,2.690000057220459,2.680999994277954,2.680999994277954,386,0.0,0.0
2025-02-18 15:15:00-05:00,2.684999942779541,2.684999942779541,2.684999942779541,2.684999942779541,205,0.0,0.0
2025-02-18 15:19:00-05:00,2.684999942779541,2.684999942779541,2.680000066757202,2.680000066757202,748,0.0,0.0
2025-02-18 15:21:00-05:00,2.68530011177063,2.68530011177063,2.68530011177063,2.68530011177063,373,0.0,0.0
2025-02-18 15:22:00-05:00,2.690000057220459,2.690000057220459,2.690000057220459,2.690000057220459,140,0.0,0.0
2025-02-18 15:24:00-05:00,2.690000057220459,2.690000057220459,2.690000057220459,2.690000057220459,100,0.0,0.0
2025-02-18 15:26:00-05:00,2.690000057220459,2.690000057220459,2.690000057220459,2.690000057220459,248,0.0,0.0
2025-02-18 15:30:00-05:00,2.680000066757202,2.680000066757202,2.680000066757202,2.680000066757202,1552,0.0,0.0
2025-02-18 15:32:00-05:00,2.680000066757202,2.680000066757202,2.680000066757202,2.680000066757202,348,0.0,0.0
2025-02-18 15:34:00-05:00,2.680000066757202,2.680000066757202,2.680000066757202,2.680000066757202,250,0.0,0.0
2025-02-18 15:35:00-05:00,2.684799909591675,2.684799909591675,2.684799909591675,2.684799909591675,712,0.0,0.0
2025-02-18 15:38:00-05:00,2.684999942779541,2.684999942779541,2.684999942779541,2.684999942779541,149,0.0,0.0
2025-02-18 15:45:00-05:00,2.6970999240875244,2.6970999240875244,2.6970999240875244,2.6970999240875244,1366,0.0,0.0
2025-02-18 15:48:00-05:00,2.684999942779541,2.684999942779541,2.684999942779541,2.684999942779541,2362,0.0,0.0
2025-02-18 15:49:00-05:00,2.6800999641418457,2.6800999641418457,2.6800999641418457,2.6800999641418457,317,0.0,0.0
2025-02-18 15:51:00-05:00,2.684999942779541,2.684999942779541,2.684999942779541,2.684999942779541,301,0.0,0.0
2025-02-18 15:52:00-05:00,2.686000108718872,2.686000108718872,2.684999942779541,2.684999942779541,900,0.0,0.0
2025-02-18 15:56:00-05:00,2.6800999641418457,2.6800999641418457,2.6800999641418457,2.6800999641418457,661,0.0,0.0
2025-02-18 15:59:00-05:00,2.684999942779541,2.689300060272217,2.674999952316284,2.674999952316284,4086,0.0,0.0
2025-02-19 09:30:00-05:00,2.7100000381469727,2.7100000381469727,2.7100000381469727,2.7100000381469727,16620,0.0,0.0
2025-02-19 09:35:00-05:00,2.684999942779541,2.684999942779541,2.6500000953674316,2.6500000953674316,21327,0.0,0.0
2025-02-19 09:36:00-05:00,2.6700000762939453,2.6756999492645264,2.6700000762939453,2.6700000762939453,1720,0.0,0.0
2025-02-19 09:37:00-05:00,2.6700000762939453,2.6700000762939453,2.6700000762939453,2.6700000762939453,501,0.0,0.0
2025-02-19 09:38:00-05:00,2.6881000995635986,2.6898999214172363,2.6700000762939453,2.684299945831299,1314,0.0,0.0
2025-02-19 09:42:00-05:00,2.6898999214172363,2.6898999214172363,2.6898999214172363,2.6898999214172363,127,0.0,0.0
2025-02-19 09:45:00-05:00,2.670099973678589,2.670099973678589,2.670099973678589,2.670099973678589,602,0.0,0.0
2025-02-19 09:46:00-05:00,2.688999891281128,2.688999891281128,2.688999891281128,2.688999891281128,506,0.0,0.0
2025-02-19 09:48:00-05:00,2.684999942779541,2.684999942779541,2.684999942779541,2.684999942779541,122,0.0,0.0
2025-02-19 09:51:00-05:00,2.677500009536743,2.684999942779541,2.6600000858306885,2.6600000858306885,30671,0.0,0.0
2025-02-19 09:52:00-05:00,2.6700000762939453,2.6700000762939453,2.6700000762939453,2.6700000762939453,600,0.0,0.0
2025-02-19 09:54:00-05:00,2.6700000762939453,2.6700000762939453,2.6700000762939453,2.6700000762939453,223,0.0,0.0
2025-02-19 09:55:00-05:00,2.661400079727173,2.6700000762939453,2.661400079727173,2.6700000762939453,948,0.0,0.0
2025-02-19 09:56:00-05:00,2.674999952316284,2.680000066757202,2.674999952316284,2.680000066757202,1708,0.0,0.0
2025-02-19 09:57:00-05:00,2.694999933242798,2.694999933242798,2.694999933242798,2.694999933242798,200,0.0,0.0
2025-02-19 09:58:00-05:00,2.684999942779541,2.700000047683716,2.684999942779541,2.700000047683716,400,0.0,0.0
2025-02-19 09:59:00-05:00,2.680000066757202,2.70989990234375,2.680000066757202,2.70989990234375,451,0.0,0.0
2025-02-19 10:00:00-05:00,2.7019999027252197,2.70989990234375,2.680000066757202,2.680000066757202,2745,0.0,0.0
2025-02-19 10:01:00-05:00,2.700000047683716,2.700000047683716,2.680000066757202,2.680000066757202,3220,0.0,0.0
2025-02-19 10:03:00-05:00,2.700000047683716,2.700000047683716,2.690000057220459,2.700000047683716,802,0.0,0.0
2025-02-19 10:06:00-05:00,2.690000057220459,2.690000057220459,2.690000057220459,2.690000057220459,128,0.0,0.0
2025-02-19 10:09:00-05:00,2.700000047683716,2.700000047683716,2.700000047683716,2.700000047683716,320,0.0,0.0
2025-02-19 10:10:00-05:00,2.700000047683716,2.700000047683716,2.694999933242798,2.700000047683716,1859,0.0,0.0
2025-02-19 10:11:00-05:00,2.7049999237060547,2.7049999237060547,2.7049999237060547,2.7049999237060547,100,0.0,0.0
2025-02-19 10:13:00-05:00,2.7100000381469727,2.75,2.7100000381469727,2.7300000190734863,5589,0.0,0.0
2025-02-19 10:14:00-05:00,2.7499001026153564,2.7499001026153564,2.7499001026153564,2.7499001026153564,100,0.0,0.0
2025-02-19 10:15:00-05:00,2.7300000190734863,2.746299982070923,2.7300000190734863,2.746299982070923,351,0.0,0.0
2025-02-19 10:16:00-05:00,2.737600088119507,2.737600088119507,2.7146999835968018,2.7146999835968018,306,0.0,0.0
2025-02-19 10:17:00-05:00,2.7300000190734863,2.7300000190734863,2.7300000190734863,2.7300000190734863,100,0.0,0.0
2025-02-19 10:18:00-05:00,2.740000009536743,2.749500036239624,2.7300000190734863,2.7300000190734863,961,0.0,0.0
2025-02-19 10:19:00-05:00,2.732300043106079,2.7499001026153564,2.732300043106079,2.7499001026153564,1000,0.0,0.0
2025-02-19 10:20:00-05:00,2.740000009536743,2.740000009536743,2.7300000190734863,2.7300000190734863,501,0.0,0.0
2025-02-19 10:21:00-05:00,2.729300022125244,2.729300022125244,2.729300022125244,2.729300022125244,595,0.0,0.0
2025-02-19 10:23:00-05:00,2.7300000190734863,2.7300000190734863,2.7300000190734863,2.7300000190734863,101,0.0,0.0
2025-02-19 10:26:00-05:00,2.7100000381469727,2.7298998832702637,2.7100000381469727,2.7298998832702637,750,0.0,0.0
2025-02-19 10:27:00-05:00,2.7100000381469727,2.7100000381469727,2.7100000381469727,2.7100000381469727,107,0.0,0.0
2025-02-19 10:28:00-05:00,2.7191998958587646,2.7300000190734863,2.7191998958587646,2.7300000190734863,3151,0.0,0.0
2025-02-19 10:29:00-05:00,2.7300000190734863,2.7300000190734863,2.7300000190734863,2.7300000190734863,131,0.0,0.0
2025-02-19 10:30:00-05:00,2.7219998836517334,2.7219998836517334,2.7219998836517334,2.7219998836517334,1069,0.0,0.0
2025-02-19 10:33:00-05:00,2.720099925994873,2.720099925994873,2.720099925994873,2.720099925994873,263,0.0,0.0
2025-02-19 10:36:00-05:00,2.7300000190734863,2.7300000190734863,2.7300000190734863,2.7300000190734863,100,0.0,0.0
2025-02-19 10:39:00-05:00,2.7249999046325684,2.7249999046325684,2.7249999046325684,2.7249999046325684,101,0.0,0.0
2025-02-19 10:42:00-05:00,2.7235000133514404,2.7235000133514404,2.7235000133514404,2.7235000133514404,154,0.0,0.0
2025-02-19 10:44:00-05:00,2.7249999046325684,2.7249999046325684,2.7200000286102295,2.7200000286102295,1345,0.0,0.0
2025-02-19 10:47:00-05:00,2.710200071334839,2.710200071334839,2.710200071334839,2.710200071334839,2117,0.0,0.0
2025-02-19 10:52:00-05:00,2.7100000381469727,2.7100000381469727,2.7100000381469727,2.7100000381469727,218,0.0,0.0
2025-02-19 10:54:00-05:00,2.7100000381469727,2.7100000381469727,2.7100000381469727,2.7100000381469727,110,0.0,0.0
2025-02-19 10:58:00-05:00,2.7100000381469727,2.7100000381469727,2.7100000381469727,2.7100000381469727,501,0.0,0.0
2025-02-19 10:59:00-05:00,2.7100000381469727,2.7100000381469727,2.7100000381469727,2.7100000381469727,100,0.0,0.0
2025-02-19 11:00:00-05:00,2.7100000381469727,2.7100000381469727,2.7100000381469727,2.7100000381469727,145,0.0,0.0
2025-02-19 11:03:00-05:00,2.7190001010894775,2.7190001010894775,2.7190001010894775,2.7190001010894775,150,0.0,0.0
2025-02-19 11:05:00-05:00,2.7100000381469727,2.7100000381469727,2.7100000381469727,2.7100000381469727,300,0.0,0.0
2025-02-19 11:06:00-05:00,2.7149999141693115,2.7149999141693115,2.7149999141693115,2.7149999141693115,100,0.0,0.0
2025-02-19 11:07:00-05:00,2.7200000286102295,2.7200000286102295,2.7200000286102295,2.7200000286102295,108,0.0,0.0
2025-02-19 11:08:00-05:00,2.7149999141693115,2.7149999141693115,2.7100000381469727,2.7100000381469727,757,0.0,0.0
2025-02-19 11:09:00-05:00,2.719899892807007,2.719899892807007,2.719899892807007,2.719899892807007,101,0.0,0.0
2025-02-19 11:10:00-05:00,2.7149999141693115,2.7149999141693115,2.7149999141693115,2.7149999141693115,489,0.0,0.0
2025-02-19 11:13:00-05:00,2.7200000286102295,2.7249999046325684,2.719899892807007,2.7249999046325684,1300,0.0,0.0
2025-02-19 11:14:00-05:00,2.7249999046325684,2.7249999046325684,2.7249999046325684,2.7249999046325684,100,0.0,0.0
2025-02-19 11:15:00-05:00,2.7249999046325684,2.7249999046325684,2.7249999046325684,2.7249999046325684,138,0.0,0.0
2025-02-19 11:18:00-05:00,2.7249999046325684,2.7300000190734863,2.7207999229431152,2.7300000190734863,1611,0.0,0.0
2025-02-19 11:19:00-05:00,2.7288999557495117,2.7288999557495117,2.7288999557495117,2.7288999557495117,141,0.0,0.0
2025-02-19 11:22:00-05:00,2.7200000286102295,2.7200000286102295,2.7200000286102295,2.7200000286102295,100,0.0,0.0
2025-02-19 11:24:00-05:00,2.723400115966797,2.723400115966797,2.723400115966797,2.723400115966797,100,0.0,0.0
2025-02-19 11:28:00-05:00,2.7228000164031982,2.7228000164031982,2.7228000164031982,2.7228000164031982,175,0.0,0.0
2025-02-19 11:29:00-05:00,2.7298998832702637,2.7300000190734863,2.7298998832702637,2.7300000190734863,3900,0.0,0.0
2025-02-19 11:30:00-05:00,2.740000009536743,2.740000009536743,2.740000009536743,2.740000009536743,137,0.0,0.0
2025-02-19 11:35:00-05:00,2.72160005569458,2.7300000190734863,2.72160005569458,2.7300000190734863,636,0.0,0.0
2025-02-19 11:37:00-05:00,2.7300000190734863,2.7300000190734863,2.7300000190734863,2.7300000190734863,200,0.0,0.0
2025-02-19 11:45:00-05:00,2.7300000190734863,2.7300000190734863,2.7300000190734863,2.7300000190734863,1050,0.0,0.0
2025-02-19 11:46:00-05:00,2.740000009536743,2.740000009536743,2.740000009536743,2.740000009536743,148,0.0,0.0
2025-02-19 11:48:00-05:00,2.740000009536743,2.740000009536743,2.740000009536743,2.740000009536743,182,0.0,0.0
2025-02-19 11:49:00-05:00,2.7300000190734863,2.7300000190734863,2.7300000190734863,2.7300000190734863,188,0.0,0.0
2025-02-19 11:56:00-05:00,2.7202000617980957,2.7202000617980957,2.7202000617980957,2.7202000617980957,928,0.0,0.0
2025-02-19 12:05:00-05:00,2.7399001121520996,2.7399001121520996,2.7399001121520996,2.7399001121520996,167,0.0,0.0
2025-02-19 12:07:00-05:00,2.740000009536743,2.740000009536743,2.734999895095825,2.740000009536743,945,0.0,0.0
2025-02-19 12:10:00-05:00,2.740000009536743,2.740000009536743,2.7300000190734863,2.7300000190734863,220,0.0,0.0
2025-02-19 12:12:00-05:00,2.740000009536743,2.740000009536743,2.740000009536743,2.740000009536743,100,0.0,0.0
2025-02-19 12:13:00-05:00,2.7499001026153564,2.7499001026153564,2.7499001026153564,2.7499001026153564,2500,0.0,0.0
2025-02-19 12:14:00-05:00,2.739799976348877,2.739799976348877,2.739799976348877,2.739799976348877,101,0.0,0.0
2025-02-19 12:18:00-05:00,2.740000009536743,2.740000009536743,2.740000009536743,2.740000009536743,222,0.0,0.0
2025-02-19 12:19:00-05:00,2.740000009536743,2.740000009536743,2.740000009536743,2.740000009536743,236,0.0,0.0
2025-02-19 12:20:00-05:00,2.7348999977111816,2.7348999977111816,2.7348999977111816,2.7348999977111816,336,0.0,0.0
2025-02-19 12:22:00-05:00,2.7300000190734863,2.7300000190734863,2.7300000190734863,2.7300000190734863,1447,0.0,0.0
2025-02-19 12:23:00-05:00,2.7300000190734863,2.7300000190734863,2.7300000190734863,2.7300000190734863,504,0.0,0.0
2025-02-19 12:24:00-05:00,2.7300000190734863,2.7300000190734863,2.7300000190734863,2.7300000190734863,883,0.0,0.0
2025-02-19 12:28:00-05:00,2.7249999046325684,2.7249999046325684,2.7249999046325684,2.7249999046325684,100,0.0,0.0
2025-02-19 12:29:00-05:00,2.723299980163574,2.723299980163574,2.723299980163574,2.723299980163574,200,0.0,0.0
2025-02-19 12:32:00-05:00,2.7300000190734863,2.734999895095825,2.7300000190734863,2.7307000160217285,1801,0.0,0.0
2025-02-19 12:33:00-05:00,2.734999895095825,2.734999895095825,2.734999895095825,2.734999895095825,100,0.0,0.0
2025-02-19 12:35:00-05:00,2.734999895095825,2.7393999099731445,2.7325000762939453,2.7325000762939453,723,0.0,0.0
2025-02-19 12:37:00-05:00,2.734999895095825,2.734999895095825,2.734999895095825,2.734999895095825,540,0.0,0.0
2025-02-19 12:38:00-05:00,2.73009991645813,2.73009991645813,2.73009991645813,2.73009991645813,100,0.0,0.0
2025-02-19 12:39:00-05:00,2.73009991645813,2.73009991645813,2.73009991645813,2.73009991645813,100,0.0,0.0
2025-02-19 12:40:00-05:00,2.7307000160217285,2.7371530532836914,2.7307000160217285,2.7371530532836914,3002,0.0,0.0
2025-02-19 12:42:00-05:00,2.73009991645813,2.73009991645813,2.73009991645813,2.73009991645813,145,0.0,0.0
2025-02-19 12:43:00-05:00,2.7346999645233154,2.7346999645233154,2.7346999645233154,2.7346999645233154,1014,0.0,0.0
2025-02-19 12:47:00-05:00,2.734999895095825,2.734999895095825,2.734999895095825,2.734999895095825,100,0.0,0.0
2025-02-19 12:49:00-05:00,2.734999895095825,2.734999895095825,2.734999895095825,2.734999895095825,221,0.0,0.0
2025-02-19 12:56:00-05:00,2.73009991645813,2.73009991645813,2.73009991645813,2.73009991645813,588,0.0,0.0
2025-02-19 13:01:00-05:00,2.734999895095825,2.734999895095825,2.690000057220459,2.728300094604492,20858,0.0,0.0
2025-02-19 13:05:00-05:00,2.7249999046325684,2.7249999046325684,2.7249999046325684,2.7249999046325684,129,0.0,0.0
2025-02-19 13:09:00-05:00,2.7249999046325684,2.7249999046325684,2.7249999046325684,2.7249999046325684,100,0.0,0.0
2025-02-19 13:10:00-05:00,2.7249999046325684,2.7249999046325684,2.7200000286102295,2.7249999046325684,415,0.0,0.0
2025-02-19 13:11:00-05:00,2.7200000286102295,2.7200000286102295,2.7200000286102295,2.7200000286102295,220,0.0,0.0
2025-02-19 13:12:00-05:00,2.7200000286102295,2.7200000286102295,2.7149999141693115,2.7149999141693115,300,0.0,0.0
2025-02-19 13:13:00-05:00,2.7200000286102295,2.7200000286102295,2.7123000621795654,2.7123000621795654,250,0.0,0.0
2025-02-19 13:14:00-05:00,2.7200000286102295,2.7200000286102295,2.7200000286102295,2.7200000286102295,113,0.0,0.0
2025-02-19 13:20:00-05:00,2.7149999141693115,2.7200000286102295,2.712570905685425,2.712570905685425,7381,0.0,0.0
2025-02-19 13:21:00-05:00,2.7200000286102295,2.7200000286102295,2.7149999141693115,2.7149999141693115,335,0.0,0.0
2025-02-19 13:22:00-05:00,2.7200000286102295,2.7200000286102295,2.7200000286102295,2.7200000286102295,250,0.0,0.0
2025-02-19 13:25:00-05:00,2.7100000381469727,2.7100000381469727,2.7100000381469727,2.7100000381469727,1000,0.0,0.0
2025-02-19 13:26:00-05:00,2.7149999141693115,2.7149999141693115,2.7149999141693115,2.7149999141693115,100,0.0,0.0
2025-02-19 13:27:00-05:00,2.7149999141693115,2.7200000286102295,2.7149999141693115,2.7200000286102295,200,0.0,0.0
2025-02-19 13:28:00-05:00,2.7149999141693115,2.7149999141693115,2.710099935531616,2.710099935531616,1100,0.0,0.0
2025-02-19 13:35:00-05:00,2.7149999141693115,2.7149999141693115,2.7149999141693115,2.7149999141693115,272,0.0,0.0
2025-02-19 13:36:00-05:00,2.7100000381469727,2.7149999141693115,2.700000047683716,2.700000047683716,700,0.0,0.0
2025-02-19 13:37:00-05:00,2.699399948120117,2.699399948120117,2.699399948120117,2.699399948120117,113,0.0,0.0
2025-02-19 13:38:00-05:00,2.700000047683716,2.700000047683716,2.700000047683716,2.700000047683716,1589,0.0,0.0
2025-02-19 13:43:00-05:00,2.700000047683716,2.700000047683716,2.700000047683716,2.700000047683716,191,0.0,0.0
2025-02-19 13:45:00-05:00,2.700000047683716,2.700000047683716,2.690000057220459,2.690000057220459,1703,0.0,0.0
2025-02-19 13:53:00-05:00,2.70989990234375,2.70989990234375,2.70989990234375,2.70989990234375,115,0.0,0.0
2025-02-19 13:56:00-05:00,2.700200080871582,2.700200080871582,2.700200080871582,2.700200080871582,274,0.0,0.0
2025-02-19 13:59:00-05:00,2.7100000381469727,2.7100000381469727,2.7100000381469727,2.7100000381469727,1043,0.0,0.0
2025-02-19 14:05:00-05:00,2.7100000381469727,2.7100000381469727,2.7100000381469727,2.7100000381469727,100,0.0,0.0
2025-02-19 14:15:00-05:00,2.7100000381469727,2.7149999141693115,2.7100000381469727,2.7100000381469727,824,0.0,0.0
2025-02-19 14:19:00-05:00,2.7100000381469727,2.7249999046325684,2.7100000381469727,2.7249999046325684,26670,0.0,0.0
2025-02-19 14:24:00-05:00,2.7249999046325684,2.7249999046325684,2.7249999046325684,2.7249999046325684,119,0.0,0.0
2025-02-19 14:28:00-05:00,2.7249999046325684,2.7249999046325684,2.7249999046325684,2.7249999046325684,104,0.0,0.0
2025-02-19 14:29:00-05:00,2.7249999046325684,2.7249999046325684,2.7200000286102295,2.7200000286102295,300,0.0,0.0
2025-02-19 14:30:00-05:00,2.7200000286102295,2.7249999046325684,2.7200000286102295,2.7249999046325684,458,0.0,0.0
2025-02-19 14:31:00-05:00,2.7249999046325684,2.7249999046325684,2.7249999046325684,2.7249999046325684,100,0.0,0.0
2025-02-19 14:32:00-05:00,2.7249999046325684,2.7249999046325684,2.7249999046325684,2.7249999046325684,100,0.0,0.0
2025-02-19 14:34:00-05:00,2.7200000286102295,2.7200000286102295,2.7200000286102295,2.7200000286102295,150,0.0,0.0
2025-02-19 14:35:00-05:00,2.7200000286102295,2.7200000286102295,2.7200000286102295,2.7200000286102295,100,0.0,0.0
2025-02-19 14:36:00-05:00,2.7249999046325684,2.7249999046325684,2.7249999046325684,2.7249999046325684,150,0.0,0.0
2025-02-19 14:38:00-05:00,2.7290000915527344,2.7290000915527344,2.7290000915527344,2.7290000915527344,176,0.0,0.0
2025-02-19 14:42:00-05:00,2.7249999046325684,2.7249999046325684,2.7200000286102295,2.7200000286102295,1005,0.0,0.0
2025-02-19 14:47:00-05:00,2.7207999229431152,2.7207999229431152,2.7207999229431152,2.7207999229431152,111,0.0,0.0
2025-02-19 14:49:00-05:00,2.7207999229431152,2.7207999229431152,2.7207999229431152,2.7207999229431152,114,0.0,0.0
2025-02-19 14:52:00-05:00,2.7249999046325684,2.7249999046325684,2.7249999046325684,2.7249999046325684,122,0.0,0.0
2025-02-19 14:59:00-05:00,2.7200000286102295,2.7200000286102295,2.7200000286102295,2.7200000286102295,105,0.0,0.0
2025-02-19 15:00:00-05:00,2.7235000133514404,2.7235000133514404,2.7235000133514404,2.7235000133514404,271,0.0,0.0
2025-02-19 15:18:00-05:00,2.7249999046325684,2.7249999046325684,2.7249999046325684,2.7249999046325684,180,0.0,0.0
2025-02-19 15:19:00-05:00,2.7204999923706055,2.7204999923706055,2.7204999923706055,2.7204999923706055,512,0.0,0.0
2025-02-19 15:26:00-05:00,2.7200000286102295,2.7200000286102295,2.7019999027252197,2.7149999141693115,2009,0.0,0.0
2025-02-19 15:28:00-05:00,2.7100000381469727,2.7100000381469727,2.7100000381469727,2.7100000381469727,560,0.0,0.0
2025-02-19 15:29:00-05:00,2.700000047683716,2.700000047683716,2.700000047683716,2.700000047683716,1157,0.0,0.0
2025-02-19 15:30:00-05:00,2.690000057220459,2.690000057220459,2.690000057220459,2.690000057220459,2825,0.0,0.0
2025-02-19 15:31:00-05:00,2.684999942779541,2.684999942779541,2.684999942779541,2.684999942779541,300,0.0,0.0
2025-02-19 15:32:00-05:00,2.684999942779541,2.684999942779541,2.684999942779541,2.684999942779541,100,0.0,0.0
2025-02-19 15:35:00-05:00,2.685499906539917,2.685499906539917,2.680000066757202,2.680000066757202,705,0.0,0.0
2025-02-19 15:43:00-05:00,2.684999942779541,2.684999942779541,2.680000066757202,2.684999942779541,1075,0.0,0.0
2025-02-19 15:44:00-05:00,2.6898999214172363,2.6898999214172363,2.6898999214172363,2.6898999214172363,245,0.0,0.0
2025-02-19 15:46:00-05:00,2.684999942779541,2.684999942779541,2.6700000762939453,2.6700000762939453,3372,0.0,0.0
2025-02-19 15:49:00-05:00,2.674999952316284,2.674999952316284,2.6700000762939453,2.6700000762939453,720,0.0,0.0
2025-02-19 15:50:00-05:00,2.660099983215332,2.680000066757202,2.660099983215332,2.680000066757202,2980,0.0,0.0
2025-02-19 15:52:00-05:00,2.6700000762939453,2.6700000762939453,2.6700000762939453,2.6700000762939453,120,0.0,0.0
2025-02-19 15:55:00-05:00,2.674999952316284,2.680000066757202,2.674999952316284,2.680000066757202,891,0.0,0.0
2025-02-19 15:56:00-05:00,2.678999900817871,2.678999900817871,2.678999900817871,2.678999900817871,200,0.0,0.0
2025-02-19 15:57:00-05:00,2.680000066757202,2.715100049972534,2.680000066757202,2.715100049972534,1350,0.0,0.0
2025-02-19 15:59:00-05:00,2.680000066757202,2.680000066757202,2.6700000762939453,2.6700000762939453,0,0.0,0.0
2025-02-20 09:30:00-05:00,2.7200000286102295,2.7200000286102295,2.680000066757202,2.680000066757202,15385,0.0,0.0
2025-02-20 09:31:00-05:00,2.6798999309539795,2.680000066757202,2.6798999309539795,2.680000066757202,12136,0.0,0.0
2025-02-20 09:36:00-05:00,2.7200000286102295,2.7200000286102295,2.7200000286102295,2.7200000286102295,300,0.0,0.0
2025-02-20 09:38:00-05:00,2.7249999046325684,2.7300000190734863,2.7249999046325684,2.7300000190734863,668,0.0,0.0
2025-02-20 09:41:00-05:00,2.7300000190734863,2.7300000190734863,2.6870999336242676,2.6870999336242676,575,0.0,0.0
2025-02-20 09:43:00-05:00,2.691699981689453,2.691699981689453,2.691699981689453,2.691699981689453,124,0.0,0.0
2025-02-20 09:44:00-05:00,2.740000009536743,2.740000009536743,2.740000009536743,2.740000009536743,220,0.0,0.0
2025-02-20 09:48:00-05:00,2.7300000190734863,2.7300000190734863,2.6600000858306885,2.660099983215332,21822,0.0,0.0
2025-02-20 09:50:00-05:00,2.6700000762939453,2.7142999172210693,2.6700000762939453,2.6700000762939453,4300,0.0,0.0
2025-02-20 09:51:00-05:00,2.6700000762939453,2.6700000762939453,2.6700000762939453,2.6700000762939453,100,0.0,0.0
2025-02-20 09:52:00-05:00,2.690000057220459,2.690000057220459,2.6700000762939453,2.6700000762939453,2115,0.0,0.0
2025-02-20 09:53:00-05:00,2.680000066757202,2.680000066757202,2.6600000858306885,2.6600000858306885,201,0.0,0.0
2025-02-20 09:54:00-05:00,2.6600000858306885,2.6600000858306885,2.6600000858306885,2.6600000858306885,100,0.0,0.0
2025-02-20 09:55:00-05:00,2.699899911880493,2.699899911880493,2.699899911880493,2.699899911880493,300,0.0,0.0
2025-02-20 09:56:00-05:00,2.6600000858306885,2.6600000858306885,2.6600000858306885,2.6600000858306885,104,0.0,0.0
2025-02-20 09:58:00-05:00,2.6600000858306885,2.6600000858306885,2.6600000858306885,2.6600000858306885,2470,0.0,0.0
2025-02-20 09:59:00-05:00,2.6600000858306885,2.6600000858306885,2.6600000858306885,2.6600000858306885,104,0.0,0.0
2025-02-20 10:00:00-05:00,2.6758999824523926,2.6758999824523926,2.6758999824523926,2.6758999824523926,100,0.0,0.0
2025-02-20 10:01:00-05:00,2.680000066757202,2.680000066757202,2.680000066757202,2.680000066757202,201,0.0,0.0
2025-02-20 10:03:00-05:00,2.6600000858306885,2.6700000762939453,2.6600000858306885,2.6700000762939453,287,0.0,0.0
2025-02-20 10:04:00-05:00,2.6700000762939453,2.6700000762939453,2.6700000762939453,2.6700000762939453,918,0.0,0.0
2025-02-20 10:05:00-05:00,2.6600000858306885,2.660799980163574,2.6600000858306885,2.660799980163574,2019,0.0,0.0
2025-02-20 10:07:00-05:00,2.690000057220459,2.690000057220459,2.690000057220459,2.690000057220459,900,0.0,0.0
2025-02-20 10:08:00-05:00,2.699899911880493,2.699899911880493,2.690000057220459,2.690000057220459,1726,0.0,0.0
2025-02-20 10:09:00-05:00,2.690000057220459,2.690000057220459,2.680000066757202,2.680000066757202,1772,0.0,0.0
2025-02-20 10:10:00-05:00,2.700000047683716,2.700000047683716,2.690000057220459,2.690000057220459,1100,0.0,0.0
2025-02-20 10:11:00-05:00,2.6700000762939453,2.6700000762939453,2.6700000762939453,2.6700000762939453,145,0.0,0.0
2025-02-20 10:12:00-05:00,2.680000066757202,2.690000057220459,2.6700000762939453,2.68969988822937,1319,0.0,0.0
2025-02-20 10:13:00-05:00,2.674999952316284,2.680000066757202,2.674999952316284,2.680000066757202,360,0.0,0.0
2025-02-20 10:14:00-05:00,2.6700000762939453,2.690000057220459,2.6700000762939453,2.6700000762939453,2928,0.0,0.0
2025-02-20 10:15:00-05:00,2.690000057220459,2.690000057220459,2.690000057220459,2.690000057220459,127,0.0,0.0
2025-02-20 10:16:00-05:00,2.6700000762939453,2.68179988861084,2.6700000762939453,2.68179988861084,200,0.0,0.0
2025-02-20 10:17:00-05:00,2.6700000762939453,2.6700000762939453,2.6700000762939453,2.6700000762939453,100,0.0,0.0
2025-02-20 10:18:00-05:00,2.690000057220459,2.690000057220459,2.680000066757202,2.680000066757202,3465,0.0,0.0
2025-02-20 10:19:00-05:00,2.688199996948242,2.688199996948242,2.6700000762939453,2.6700000762939453,3850,0.0,0.0
2025-02-20 10:20:00-05:00,2.6865999698638916,2.6865999698638916,2.6865999698638916,2.6865999698638916,446,0.0,0.0
2025-02-20 10:21:00-05:00,2.690000057220459,2.690000057220459,2.690000057220459,2.690000057220459,200,0.0,0.0
2025-02-20 10:23:00-05:00,2.6898999214172363,2.6898999214172363,2.6700000762939453,2.6700000762939453,2350,0.0,0.0
2025-02-20 10:24:00-05:00,2.6700000762939453,2.690000057220459,2.6600000858306885,2.690000057220459,1522,0.0,0.0
2025-02-20 10:25:00-05:00,2.6898999214172363,2.6898999214172363,2.6898999214172363,2.6898999214172363,3748,0.0,0.0
2025-02-20 10:26:00-05:00,2.6798999309539795,2.6798999309539795,2.6798999309539795,2.6798999309539795,350,0.0,0.0
2025-02-20 10:27:00-05:00,2.6600000858306885,2.6700000762939453,2.6600000858306885,2.6700000762939453,601,0.0,0.0
2025-02-20 10:28:00-05:00,2.6600000858306885,2.680000066757202,2.6600000858306885,2.6600000858306885,400,0.0,0.0
2025-02-20 10:29:00-05:00,2.6600000858306885,2.6600000858306885,2.6600000858306885,2.6600000858306885,100,0.0,0.0
2025-02-20 10:30:00-05:00,2.6600000858306885,2.6639609336853027,2.6600000858306885,2.6639609336853027,736,0.0,0.0
2025-02-20 10:32:00-05:00,2.6600000858306885,2.680000066757202,2.6600000858306885,2.680000066757202,220,0.0,0.0
2025-02-20 10:33:00-05:00,2.680000066757202,2.680000066757202,2.680000066757202,2.680000066757202,100,0.0,0.0
2025-02-20 10:35:00-05:00,2.6600000858306885,2.6798999309539795,2.6600000858306885,2.6798999309539795,451,0.0,0.0
2025-02-20 10:36:00-05:00,2.6600000858306885,2.6700000762939453,2.6600000858306885,2.6600000858306885,1135,0.0,0.0
2025-02-20 10:41:00-05:00,2.680000066757202,2.680000066757202,2.680000066757202,2.680000066757202,101,0.0,0.0
2025-02-20 10:43:00-05:00,2.6600000858306885,2.6600000858306885,2.6600000858306885,2.6600000858306885,151,0.0,0.0
2025-02-20 10:44:00-05:00,2.6600000858306885,2.6600000858306885,2.6600000858306885,2.6600000858306885,100,0.0,0.0
2025-02-20 10:45:00-05:00,2.660099983215332,2.660099983215332,2.660099983215332,2.660099983215332,102,0.0,0.0
2025-02-20 10:46:00-05:00,2.6600000858306885,2.6600000858306885,2.6600000858306885,2.6600000858306885,200,0.0,0.0
2025-02-20 10:47:00-05:00,2.66510009765625,2.6670000553131104,2.630000114440918,2.630000114440918,25128,0.0,0.0
2025-02-20 10:48:00-05:00,2.630000114440918,2.630000114440918,2.630000114440918,2.630000114440918,100,0.0,0.0
2025-02-20 10:49:00-05:00,2.630000114440918,2.640000104904175,2.630000114440918,2.630000114440918,1213,0.0,0.0
2025-02-20 10:51:00-05:00,2.630000114440918,2.640000104904175,2.630000114440918,2.640000104904175,3215,0.0,0.0
2025-02-20 10:52:00-05:00,2.619999885559082,2.621000051498413,2.5999999046325684,2.600100040435791,20317,0.0,0.0
2025-02-20 10:53:00-05:00,2.609999895095825,2.6149001121520996,2.5999999046325684,2.6149001121520996,2289,0.0,0.0
2025-02-20 10:54:00-05:00,2.609999895095825,2.639699935913086,2.609999895095825,2.639699935913086,3064,0.0,0.0
2025-02-20 10:55:00-05:00,2.609999895095825,2.609999895095825,2.609999895095825,2.609999895095825,1430,0.0,0.0
2025-02-20 10:56:00-05:00,2.638000011444092,2.638000011444092,2.609999895095825,2.609999895095825,1700,0.0,0.0
2025-02-20 10:57:00-05:00,2.609999895095825,2.639899969100952,2.609999895095825,2.639899969100952,802,0.0,0.0
2025-02-20 10:58:00-05:00,2.638000011444092,2.638000011444092,2.630000114440918,2.630000114440918,745,0.0,0.0
2025-02-20 10:59:00-05:00,2.630000114440918,2.6301000118255615,2.630000114440918,2.630000114440918,694,0.0,0.0
2025-02-20 11:00:00-05:00,2.619999885559082,2.619999885559082,2.619999885559082,2.619999885559082,327,0.0,0.0
2025-02-20 11:01:00-05:00,2.630000114440918,2.630000114440918,2.619999885559082,2.630000114440918,500,0.0,0.0
2025-02-20 11:02:00-05:00,2.619999885559082,2.619999885559082,2.619999885559082,2.619999885559082,300,0.0,0.0
2025-02-20 11:03:00-05:00,2.619999885559082,2.619999885559082,2.619999885559082,2.619999885559082,876,0.0,0.0
2025-02-20 11:04:00-05:00,2.609999895095825,2.609999895095825,2.609999895095825,2.609999895095825,205,0.0,0.0
2025-02-20 11:05:00-05:00,2.609999895095825,2.609999895095825,2.609999895095825,2.609999895095825,100,0.0,0.0
2025-02-20 11:06:00-05:00,2.610100030899048,2.619999885559082,2.609999895095825,2.619999885559082,1500,0.0,0.0
2025-02-20 11:07:00-05:00,2.6198999881744385,2.6198999881744385,2.609999895095825,2.609999895095825,300,0.0,0.0
2025-02-20 11:08:00-05:00,2.609999895095825,2.609999895095825,2.609999895095825,2.609999895095825,324,0.0,0.0
2025-02-20 11:09:00-05:00,2.609999895095825,2.609999895095825,2.609999895095825,2.609999895095825,100,0.0,0.0
2025-02-20 11:10:00-05:00,2.615000009536743,2.630000114440918,2.609999895095825,2.630000114440918,9846,0.0,0.0
2025-02-20 11:11:00-05:00,2.630000114440918,2.6486001014709473,2.619999885559082,2.6486001014709473,2250,0.0,0.0
2025-02-20 11:12:00-05:00,2.640000104904175,2.640000104904175,2.640000104904175,2.640000104904175,240,0.0,0.0
2025-02-20 11:13:00-05:00,2.630000114440918,2.640000104904175,2.615000009536743,2.630000114440918,5311,0.0,0.0
2025-02-20 11:16:00-05:00,2.619999885559082,2.619999885559082,2.609999895095825,2.609999895095825,426,0.0,0.0
2025-02-20 11:18:00-05:00,2.609999895095825,2.6303999423980713,2.609999895095825,2.6303999423980713,688,0.0,0.0
2025-02-20 11:19:00-05:00,2.638000011444092,2.638000011444092,2.625,2.638000011444092,1048,0.0,0.0
2025-02-20 11:20:00-05:00,2.639899969100952,2.639899969100952,2.639899969100952,2.639899969100952,6040,0.0,0.0
2025-02-20 11:21:00-05:00,2.609999895095825,2.6298000812530518,2.609999895095825,2.6294000148773193,600,0.0,0.0
2025-02-20 11:22:00-05:00,2.630000114440918,2.630000114440918,2.630000114440918,2.630000114440918,100,0.0,0.0
2025-02-20 11:24:00-05:00,2.630000114440918,2.630000114440918,2.619999885559082,2.625,1554,0.0,0.0
2025-02-20 11:28:00-05:00,2.619999885559082,2.619999885559082,2.619999885559082,2.619999885559082,101,0.0,0.0
2025-02-20 11:30:00-05:00,2.619999885559082,2.619999885559082,2.619999885559082,2.619999885559082,175,0.0,0.0
2025-02-20 11:32:00-05:00,2.638000011444092,2.640000104904175,2.619999885559082,2.630000114440918,3402,0.0,0.0
2025-02-20 11:33:00-05:00,2.6368000507354736,2.6368000507354736,2.630000114440918,2.630000114440918,1100,0.0,0.0
2025-02-20 11:35:00-05:00,2.630000114440918,2.630000114440918,2.630000114440918,2.630000114440918,500,0.0,0.0
2025-02-20 11:36:00-05:00,2.630000114440918,2.630000114440918,2.630000114440918,2.630000114440918,300,0.0,0.0
2025-02-20 11:37:00-05:00,2.619999885559082,2.619999885559082,2.619999885559082,2.619999885559082,100,0.0,0.0
2025-02-20 11:38:00-05:00,2.619999885559082,2.6221001148223877,2.619999885559082,2.619999885559082,405,0.0,0.0
2025-02-20 11:39:00-05:00,2.619999885559082,2.619999885559082,2.619999885559082,2.619999885559082,200,0.0,0.0
2025-02-20 11:40:00-05:00,2.619999885559082,2.625,2.619999885559082,2.625,314,0.0,0.0
2025-02-20 11:41:00-05:00,2.630000114440918,2.630000114440918,2.630000114440918,2.630000114440918,200,0.0,0.0
2025-02-20 11:45:00-05:00,2.619999885559082,2.630000114440918,2.619999885559082,2.630000114440918,1912,0.0,0.0
2025-02-20 11:46:00-05:00,2.625,2.625,2.625,2.625,300,0.0,0.0
2025-02-20 11:47:00-05:00,2.6298999786376953,2.6298999786376953,2.619999885559082,2.619999885559082,2138,0.0,0.0
2025-02-20 11:50:00-05:00,2.625,2.630000114440918,2.625,2.625,300,0.0,0.0
2025-02-20 11:51:00-05:00,2.625,2.630000114440918,2.620500087738037,2.620500087738037,2672,0.0,0.0
2025-02-20 11:52:00-05:00,2.625,2.625,2.625,2.625,309,0.0,0.0
2025-02-20 11:53:00-05:00,2.6294000148773193,2.6294000148773193,2.625,2.625,525,0.0,0.0
2025-02-20 11:54:00-05:00,2.625,2.625,2.619999885559082,2.625,310,0.0,0.0
2025-02-20 11:55:00-05:00,2.625,2.6294000148773193,2.619999885559082,2.619999885559082,701,0.0,0.0
2025-02-20 11:58:00-05:00,2.625,2.625,2.619999885559082,2.619999885559082,200,0.0,0.0
2025-02-20 11:59:00-05:00,2.619999885559082,2.6500000953674316,2.619999885559082,2.640000104904175,15859,0.0,0.0
2025-02-20 12:01:00-05:00,2.630000114440918,2.630000114440918,2.619999885559082,2.630000114440918,1940,0.0,0.0
2025-02-20 12:02:00-05:00,2.6391000747680664,2.640000104904175,2.630000114440918,2.630000114440918,800,0.0,0.0
2025-02-20 12:03:00-05:00,2.619999885559082,2.630000114440918,2.619999885559082,2.619999885559082,1805,0.0,0.0
2025-02-20 12:04:00-05:00,2.630000114440918,2.630000114440918,2.630000114440918,2.630000114440918,151,0.0,0.0
2025-02-20 12:06:00-05:00,2.6201000213623047,2.6201000213623047,2.619999885559082,2.619999885559082,350,0.0,0.0
2025-02-20 12:08:00-05:00,2.619999885559082,2.619999885559082,2.619999885559082,2.619999885559082,105,0.0,0.0
2025-02-20 12:09:00-05:00,2.619999885559082,2.619999885559082,2.619999885559082,2.619999885559082,100,0.0,0.0
2025-02-20 12:10:00-05:00,2.639899969100952,2.639899969100952,2.639899969100952,2.639899969100952,425,0.0,0.0
2025-02-20 12:12:00-05:00,2.630000114440918,2.630000114440918,2.630000114440918,2.630000114440918,100,0.0,0.0
2025-02-20 12:13:00-05:00,2.630000114440918,2.6393001079559326,2.630000114440918,2.6393001079559326,331,0.0,0.0
2025-02-20 12:14:00-05:00,2.630000114440918,2.630000114440918,2.630000114440918,2.630000114440918,100,0.0,0.0
2025-02-20 12:15:00-05:00,2.634999990463257,2.640000104904175,2.634999990463257,2.640000104904175,1688,0.0,0.0
2025-02-20 12:17:00-05:00,2.6500000953674316,2.6500000953674316,2.6500000953674316,2.6500000953674316,111,0.0,0.0
2025-02-20 12:18:00-05:00,2.6500000953674316,2.6500000953674316,2.640000104904175,2.640000104904175,200,0.0,0.0
2025-02-20 12:19:00-05:00,2.640000104904175,2.640000104904175,2.640000104904175,2.640000104904175,100,0.0,0.0
2025-02-20 12:20:00-05:00,2.6449999809265137,2.6500000953674316,2.6449999809265137,2.6500000953674316,1307,0.0,0.0
2025-02-20 12:22:00-05:00,2.6700000762939453,2.6700000762939453,2.6700000762939453,2.6700000762939453,100,0.0,0.0
2025-02-20 12:26:00-05:00,2.6700000762939453,2.6700000762939453,2.6500000953674316,2.6600000858306885,300,0.0,0.0
2025-02-20 12:27:00-05:00,2.6500000953674316,2.6500000953674316,2.6500000953674316,2.6500000953674316,200,0.0,0.0
2025-02-20 12:28:00-05:00,2.6500000953674316,2.6600000858306885,2.6500000953674316,2.6600000858306885,600,0.0,0.0
2025-02-20 12:29:00-05:00,2.6500000953674316,2.6500000953674316,2.6500000953674316,2.6500000953674316,200,0.0,0.0
2025-02-20 12:30:00-05:00,2.6500000953674316,2.6500000953674316,2.6500000953674316,2.6500000953674316,100,0.0,0.0
2025-02-20 12:31:00-05:00,2.6500000953674316,2.6500000953674316,2.6500000953674316,2.6500000953674316,336,0.0,0.0
2025-02-20 12:32:00-05:00,2.640000104904175,2.640000104904175,2.640000104904175,2.640000104904175,100,0.0,0.0
2025-02-20 12:33:00-05:00,2.640000104904175,2.640000104904175,2.640000104904175,2.640000104904175,100,0.0,0.0
2025-02-20 12:34:00-05:00,2.640000104904175,2.640000104904175,2.640000104904175,2.640000104904175,100,0.0,0.0
2025-02-20 12:35:00-05:00,2.640000104904175,2.6401000022888184,2.640000104904175,2.640000104904175,500,0.0,0.0
2025-02-20 12:36:00-05:00,2.640000104904175,2.640000104904175,2.640000104904175,2.640000104904175,100,0.0,0.0
2025-02-20 12:37:00-05:00,2.640000104904175,2.640000104904175,2.640000104904175,2.640000104904175,200,0.0,0.0
2025-02-20 12:38:00-05:00,2.640000104904175,2.640000104904175,2.640000104904175,2.640000104904175,100,0.0,0.0
2025-02-20 12:39:00-05:00,2.640000104904175,2.659899950027466,2.640000104904175,2.659899950027466,506,0.0,0.0
2025-02-20 12:40:00-05:00,2.640000104904175,2.640000104904175,2.640000104904175,2.640000104904175,160,0.0,0.0
2025-02-20 12:41:00-05:00,2.640000104904175,2.640000104904175,2.640000104904175,2.640000104904175,253,0.0,0.0
2025-02-20 12:42:00-05:00,2.630000114440918,2.630000114440918,2.630000114440918,2.630000114440918,112,0.0,0.0
2025-02-20 12:43:00-05:00,2.630000114440918,2.630000114440918,2.630000114440918,2.630000114440918,100,0.0,0.0
2025-02-20 12:44:00-05:00,2.630000114440918,2.630000114440918,2.630000114440918,2.630000114440918,100,0.0,0.0
2025-02-20 12:45:00-05:00,2.630000114440918,2.630000114440918,2.630000114440918,2.630000114440918,200,0.0,0.0
2025-02-20 12:46:00-05:00,2.630000114440918,2.630000114440918,2.630000114440918,2.630000114440918,100,0.0,0.0
2025-02-20 12:47:00-05:00,2.630000114440918,2.630000114440918,2.630000114440918,2.630000114440918,100,0.0,0.0
2025-02-20 12:48:00-05:00,2.630000114440918,2.630000114440918,2.630000114440918,2.630000114440918,100,0.0,0.0
2025-02-20 12:49:00-05:00,2.630000114440918,2.630000114440918,2.630000114440918,2.630000114440918,100,0.0,0.0
2025-02-20 12:50:00-05:00,2.630000114440918,2.630000114440918,2.630000114440918,2.630000114440918,100,0.0,0.0
2025-02-20 12:51:00-05:00,2.6500000953674316,2.6500000953674316,2.630000114440918,2.630000114440918,200,0.0,0.0
2025-02-20 12:52:00-05:00,2.630000114440918,2.630000114440918,2.630000114440918,2.630000114440918,100,0.0,0.0
2025-02-20 12:53:00-05:00,2.630000114440918,2.630000114440918,2.630000114440918,2.630000114440918,100,0.0,0.0
2025-02-20 12:54:00-05:00,2.630000114440918,2.630000114440918,2.630000114440918,2.630000114440918,100,0.0,0.0
2025-02-20 12:55:00-05:00,2.630000114440918,2.630000114440918,2.630000114440918,2.630000114440918,118,0.0,0.0
2025-02-20 12:56:00-05:00,2.640000104904175,2.640000104904175,2.640000104904175,2.640000104904175,100,0.0,0.0
2025-02-20 12:57:00-05:00,2.640000104904175,2.640000104904175,2.630000114440918,2.630000114440918,2756,0.0,0.0
2025-02-20 12:58:00-05:00,2.630000114440918,2.630000114440918,2.630000114440918,2.630000114440918,100,0.0,0.0
2025-02-20 12:59:00-05:00,2.640000104904175,2.640000104904175,2.640000104904175,2.640000104904175,200,0.0,0.0
2025-02-20 13:00:00-05:00,2.630000114440918,2.630000114440918,2.630000114440918,2.630000114440918,100,0.0,0.0
2025-02-20 13:01:00-05:00,2.630000114440918,2.630000114440918,2.630000114440918,2.630000114440918,100,0.0,0.0
2025-02-20 13:02:00-05:00,2.640000104904175,2.640000104904175,2.640000104904175,2.640000104904175,201,0.0,0.0
2025-02-20 13:03:00-05:00,2.640000104904175,2.640000104904175,2.640000104904175,2.640000104904175,100,0.0,0.0
2025-02-20 13:04:00-05:00,2.640000104904175,2.640000104904175,2.640000104904175,2.640000104904175,100,0.0,0.0
2025-02-20 13:05:00-05:00,2.640000104904175,2.6463000774383545,2.640000104904175,2.6463000774383545,1100,0.0,0.0
2025-02-20 13:06:00-05:00,2.640000104904175,2.640000104904175,2.630000114440918,2.630000114440918,600,0.0,0.0
2025-02-20 13:07:00-05:00,2.630000114440918,2.630000114440918,2.630000114440918,2.630000114440918,100,0.0,0.0
2025-02-20 13:08:00-05:00,2.630000114440918,2.630000114440918,2.630000114440918,2.630000114440918,100,0.0,0.0
2025-02-20 13:09:00-05:00,2.640000104904175,2.640000104904175,2.640000104904175,2.640000104904175,100,0.0,0.0
2025-02-20 13:10:00-05:00,2.630000114440918,2.630000114440918,2.630000114440918,2.630000114440918,100,0.0,0.0
2025-02-20 13:11:00-05:00,2.630000114440918,2.630000114440918,2.630000114440918,2.630000114440918,100,0.0,0.0
2025-02-20 13:12:00-05:00,2.630000114440918,2.630000114440918,2.630000114440918,2.630000114440918,393,0.0,0.0
2025-02-20 13:13:00-05:00,2.640000104904175,2.640000104904175,2.640000104904175,2.640000104904175,200,0.0,0.0
2025-02-20 13:14:00-05:00,2.630000114440918,2.630000114440918,2.630000114440918,2.630000114440918,100,0.0,0.0
2025-02-20 13:15:00-05:00,2.6321001052856445,2.6500000953674316,2.6321001052856445,2.6500000953674316,3104,0.0,0.0
2025-02-20 13:16:00-05:00,2.6321001052856445,2.6321001052856445,2.6321001052856445,2.6321001052856445,253,0.0,0.0
2025-02-20 13:19:00-05:00,2.630000114440918,2.630000114440918,2.630000114440918,2.630000114440918,100,0.0,0.0
2025-02-20 13:20:00-05:00,2.630000114440918,2.6500000953674316,2.630000114440918,2.6500000953674316,2679,0.0,0.0
2025-02-20 13:21:00-05:00,2.640000104904175,2.640000104904175,2.640000104904175,2.640000104904175,220,0.0,0.0
2025-02-20 13:22:00-05:00,2.640000104904175,2.640000104904175,2.640000104904175,2.640000104904175,101,0.0,0.0
2025-02-20 13:23:00-05:00,2.640000104904175,2.640000104904175,2.640000104904175,2.640000104904175,418,0.0,0.0
2025-02-20 13:24:00-05:00,2.630000114440918,2.630000114440918,2.630000114440918,2.630000114440918,100,0.0,0.0
2025-02-20 13:25:00-05:00,2.630000114440918,2.640000104904175,2.630000114440918,2.640000104904175,200,0.0,0.0
2025-02-20 13:27:00-05:00,2.640000104904175,2.640000104904175,2.640000104904175,2.640000104904175,100,0.0,0.0
2025-02-20 13:28:00-05:00,2.640000104904175,2.640000104904175,2.640000104904175,2.640000104904175,100,0.0,0.0
2025-02-20 13:29:00-05:00,2.640000104904175,2.640000104904175,2.640000104904175,2.640000104904175,125,0.0,0.0
2025-02-20 13:30:00-05:00,2.640000104904175,2.6449999809265137,2.640000104904175,2.6449999809265137,390,0.0,0.0
2025-02-20 13:33:00-05:00,2.640000104904175,2.640000104904175,2.640000104904175,2.640000104904175,100,0.0,0.0
2025-02-20 13:34:00-05:00,2.640000104904175,2.640000104904175,2.640000104904175,2.640000104904175,102,0.0,0.0
2025-02-20 13:35:00-05:00,2.6500000953674316,2.6500000953674316,2.640000104904175,2.640000104904175,1100,0.0,0.0
2025-02-20 13:36:00-05:00,2.640000104904175,2.6500000953674316,2.640000104904175,2.6500000953674316,1046,0.0,0.0
2025-02-20 13:39:00-05:00,2.640000104904175,2.640000104904175,2.640000104904175,2.640000104904175,100,0.0,0.0
2025-02-20 13:40:00-05:00,2.640000104904175,2.6600000858306885,2.640000104904175,2.6600000858306885,5552,0.0,0.0
2025-02-20 13:41:00-05:00,2.640000104904175,2.640000104904175,2.640000104904175,2.640000104904175,187,0.0,0.0
2025-02-20 13:42:00-05:00,2.6600000858306885,2.6600000858306885,2.6600000858306885,2.6600000858306885,1123,0.0,0.0
2025-02-20 13:43:00-05:00,2.6500000953674316,2.6500000953674316,2.6500000953674316,2.6500000953674316,100,0.0,0.0
2025-02-20 13:44:00-05:00,2.640000104904175,2.640000104904175,2.640000104904175,2.640000104904175,100,0.0,0.0
2025-02-20 13:45:00-05:00,2.640000104904175,2.640000104904175,2.640000104904175,2.640000104904175,300,0.0,0.0
2025-02-20 13:46:00-05:00,2.6500000953674316,2.6500000953674316,2.640000104904175,2.6500000953674316,568,0.0,0.0
2025-02-20 13:48:00-05:00,2.6500000953674316,2.6500000953674316,2.6500000953674316,2.6500000953674316,100,0.0,0.0
2025-02-20 13:49:00-05:00,2.6500000953674316,2.6500000953674316,2.6500000953674316,2.6500000953674316,245,0.0,0.0
2025-02-20 13:50:00-05:00,2.6500000953674316,2.6500000953674316,2.6500000953674316,2.6500000953674316,131,0.0,0.0
2025-02-20 13:51:00-05:00,2.6500000953674316,2.6500000953674316,2.6500000953674316,2.6500000953674316,100,0.0,0.0
2025-02-20 13:53:00-05:00,2.6500000953674316,2.6500000953674316,2.6500000953674316,2.6500000953674316,100,0.0,0.0
2025-02-20 13:54:00-05:00,2.6600000858306885,2.6600000858306885,2.6500000953674316,2.6500000953674316,300,0.0,0.0
2025-02-20 13:55:00-05:00,2.6500000953674316,2.6500000953674316,2.6500000953674316,2.6500000953674316,101,0.0,0.0
2025-02-20 13:56:00-05:00,2.6500000953674316,2.6522998809814453,2.6500000953674316,2.6522998809814453,2101,0.0,0.0
2025-02-20 13:58:00-05:00,2.6500000953674316,2.6600000858306885,2.6500000953674316,2.6600000858306885,200,0.0,0.0
2025-02-20 13:59:00-05:00,2.6600000858306885,2.6600000858306885,2.6500000953674316,2.6500000953674316,300,0.0,0.0
2025-02-20 14:00:00-05:00,2.6500000953674316,2.6500000953674316,2.6500000953674316,2.6500000953674316,100,0.0,0.0
2025-02-20 14:01:00-05:00,2.6500000953674316,2.6500000953674316,2.6500000953674316,2.6500000953674316,100,0.0,0.0
2025-02-20 14:02:00-05:00,2.6500000953674316,2.6500000953674316,2.6500000953674316,2.6500000953674316,100,0.0,0.0
2025-02-20 14:03:00-05:00,2.6549999713897705,2.6600000858306885,2.6500000953674316,2.6600000858306885,300,0.0,0.0
2025-02-20 14:04:00-05:00,2.6500000953674316,2.6500000953674316,2.6500000953674316,2.6500000953674316,136,0.0,0.0
2025-02-20 14:05:00-05:00,2.6500000953674316,2.6500000953674316,2.6500000953674316,2.6500000953674316,118,0.0,0.0
2025-02-20 14:06:00-05:00,2.6500000953674316,2.6500000953674316,2.6500000953674316,2.6500000953674316,100,0.0,0.0
2025-02-20 14:08:00-05:00,2.6500000953674316,2.6649999618530273,2.6500000953674316,2.6649999618530273,999,0.0,0.0
2025-02-20 14:10:00-05:00,2.6600000858306885,2.6600000858306885,2.6600000858306885,2.6600000858306885,100,0.0,0.0
2025-02-20 14:11:00-05:00,2.6600000858306885,2.6600000858306885,2.6600000858306885,2.6600000858306885,100,0.0,0.0
2025-02-20 14:12:00-05:00,2.6600000858306885,2.6600000858306885,2.6600000858306885,2.6600000858306885,100,0.0,0.0
2025-02-20 14:13:00-05:00,2.6600000858306885,2.6600000858306885,2.640000104904175,2.640000104904175,1086,0.0,0.0
2025-02-20 14:14:00-05:00,2.640000104904175,2.640000104904175,2.640000104904175,2.640000104904175,100,0.0,0.0
2025-02-20 14:15:00-05:00,2.640000104904175,2.640000104904175,2.640000104904175,2.640000104904175,100,0.0,0.0
2025-02-20 14:16:00-05:00,2.640000104904175,2.640000104904175,2.640000104904175,2.640000104904175,100,0.0,0.0
2025-02-20 14:17:00-05:00,2.640000104904175,2.640000104904175,2.640000104904175,2.640000104904175,100,0.0,0.0
2025-02-20 14:18:00-05:00,2.640000104904175,2.640000104904175,2.640000104904175,2.640000104904175,200,0.0,0.0
2025-02-20 14:19:00-05:00,2.640000104904175,2.640000104904175,2.640000104904175,2.640000104904175,100,0.0,0.0
2025-02-20 14:20:00-05:00,2.640000104904175,2.640000104904175,2.640000104904175,2.640000104904175,150,0.0,0.0
2025-02-20 14:21:00-05:00,2.640000104904175,2.640000104904175,2.640000104904175,2.640000104904175,100,0.0,0.0
2025-02-20 14:22:00-05:00,2.640000104904175,2.640000104904175,2.640000104904175,2.640000104904175,100,0.0,0.0
2025-02-20 14:23:00-05:00,2.640000104904175,2.640000104904175,2.640000104904175,2.640000104904175,100,0.0,0.0
2025-02-20 14:24:00-05:00,2.640000104904175,2.6600000858306885,2.640000104904175,2.6600000858306885,836,0.0,0.0
2025-02-20 14:26:00-05:00,2.6600000858306885,2.6600000858306885,2.6600000858306885,2.6600000858306885,200,0.0,0.0
2025-02-20 14:27:00-05:00,2.6600000858306885,2.6600000858306885,2.6600000858306885,2.6600000858306885,100,0.0,0.0
2025-02-20 14:28:00-05:00,2.6600000858306885,2.6600000858306885,2.6600000858306885,2.6600000858306885,100,0.0,0.0
2025-02-20 14:29:00-05:00,2.6649999618530273,2.6649999618530273,2.6600000858306885,2.6600000858306885,200,0.0,0.0
2025-02-20 14:30:00-05:00,2.6600000858306885,2.6600000858306885,2.6600000858306885,2.6600000858306885,100,0.0,0.0
2025-02-20 14:31:00-05:00,2.6600000858306885,2.6600000858306885,2.6600000858306885,2.6600000858306885,100,0.0,0.0
2025-02-20 14:32:00-05:00,2.6600000858306885,2.6600000858306885,2.6600000858306885,2.6600000858306885,100,0.0,0.0
2025-02-20 14:33:00-05:00,2.6600000858306885,2.6600000858306885,2.6600000858306885,2.6600000858306885,695,0.0,0.0
2025-02-20 14:34:00-05:00,2.6600000858306885,2.6600000858306885,2.6500000953674316,2.6500000953674316,461,0.0,0.0
2025-02-20 14:35:00-05:00,2.6500000953674316,2.6500000953674316,2.6500000953674316,2.6500000953674316,190,0.0,0.0
2025-02-20 14:37:00-05:00,2.6500000953674316,2.6500000953674316,2.6500000953674316,2.6500000953674316,100,0.0,0.0
2025-02-20 14:38:00-05:00,2.647700071334839,2.647700071334839,2.640000104904175,2.640000104904175,797,0.0,0.0
2025-02-20 14:40:00-05:00,2.640000104904175,2.6600000858306885,2.640000104904175,2.6600000858306885,3780,0.0,0.0
2025-02-20 14:41:00-05:00,2.640000104904175,2.640000104904175,2.640000104904175,2.640000104904175,100,0.0,0.0
2025-02-20 14:42:00-05:00,2.640000104904175,2.640000104904175,2.640000104904175,2.640000104904175,100,0.0,0.0
2025-02-20 14:43:00-05:00,2.640000104904175,2.640000104904175,2.640000104904175,2.640000104904175,133,0.0,0.0
2025-02-20 14:44:00-05:00,2.640000104904175,2.640000104904175,2.640000104904175,2.640000104904175,100,0.0,0.0
2025-02-20 14:45:00-05:00,2.640000104904175,2.640000104904175,2.640000104904175,2.640000104904175,100,0.0,0.0
2025-02-20 14:46:00-05:00,2.640000104904175,2.640000104904175,2.640000104904175,2.640000104904175,100,0.0,0.0
2025-02-20 14:47:00-05:00,2.640000104904175,2.640000104904175,2.640000104904175,2.640000104904175,100,0.0,0.0
2025-02-20 14:48:00-05:00,2.640000104904175,2.6549999713897705,2.640000104904175,2.6549999713897705,200,0.0,0.0
2025-02-20 14:49:00-05:00,2.640000104904175,2.640000104904175,2.640000104904175,2.640000104904175,100,0.0,0.0
2025-02-20 14:50:00-05:00,2.6452479362487793,2.6452479362487793,2.640000104904175,2.640000104904175,1200,0.0,0.0
2025-02-20 14:51:00-05:00,2.6500000953674316,2.6500000953674316,2.640000104904175,2.6500000953674316,1068,0.0,0.0
2025-02-20 14:52:00-05:00,2.6500000953674316,2.6500000953674316,2.6500000953674316,2.6500000953674316,1010,0.0,0.0
2025-02-20 14:53:00-05:00,2.640000104904175,2.640000104904175,2.640000104904175,2.640000104904175,100,0.0,0.0
2025-02-20 14:54:00-05:00,2.640000104904175,2.6600000858306885,2.640000104904175,2.6600000858306885,284,0.0,0.0
2025-02-20 14:55:00-05:00,2.6600000858306885,2.6600000858306885,2.6600000858306885,2.6600000858306885,1124,0.0,0.0
2025-02-20 14:57:00-05:00,2.6500000953674316,2.6500000953674316,2.6500000953674316,2.6500000953674316,100,0.0,0.0
2025-02-20 14:58:00-05:00,2.6500000953674316,2.6500000953674316,2.6500000953674316,2.6500000953674316,130,0.0,0.0
2025-02-20 14:59:00-05:00,2.6500000953674316,2.6500000953674316,2.6500000953674316,2.6500000953674316,150,0.0,0.0
2025-02-20 15:00:00-05:00,2.6500000953674316,2.6500000953674316,2.6500000953674316,2.6500000953674316,152,0.0,0.0
2025-02-20 15:01:00-05:00,2.6500000953674316,2.6500000953674316,2.6500000953674316,2.6500000953674316,100,0.0,0.0
2025-02-20 15:02:00-05:00,2.6500000953674316,2.6500000953674316,2.6500000953674316,2.6500000953674316,100,0.0,0.0
2025-02-20 15:03:00-05:00,2.6500000953674316,2.6500000953674316,2.6500000953674316,2.6500000953674316,300,0.0,0.0
2025-02-20 15:04:00-05:00,2.6500000953674316,2.6500000953674316,2.6500000953674316,2.6500000953674316,202,0.0,0.0
2025-02-20 15:05:00-05:00,2.6500000953674316,2.6500000953674316,2.6500000953674316,2.6500000953674316,100,0.0,0.0
2025-02-20 15:06:00-05:00,2.6500000953674316,2.6500000953674316,2.6500000953674316,2.6500000953674316,156,0.0,0.0
2025-02-20 15:07:00-05:00,2.6500000953674316,2.6500000953674316,2.6500000953674316,2.6500000953674316,100,0.0,0.0
2025-02-20 15:08:00-05:00,2.6500000953674316,2.6500000953674316,2.6500000953674316,2.6500000953674316,100,0.0,0.0
2025-02-20 15:09:00-05:00,2.6500000953674316,2.6500000953674316,2.6500000953674316,2.6500000953674316,100,0.0,0.0
2025-02-20 15:10:00-05:00,2.6500000953674316,2.6500000953674316,2.6500000953674316,2.6500000953674316,136,0.0,0.0
2025-02-20 15:11:00-05:00,2.6500000953674316,2.6600000858306885,2.6500000953674316,2.6600000858306885,214,0.0,0.0
2025-02-20 15:12:00-05:00,2.6500000953674316,2.6500000953674316,2.6500000953674316,2.6500000953674316,130,0.0,0.0
2025-02-20 15:13:00-05:00,2.6500000953674316,2.6500000953674316,2.6500000953674316,2.6500000953674316,117,0.0,0.0
2025-02-20 15:14:00-05:00,2.6500000953674316,2.6500000953674316,2.6500000953674316,2.6500000953674316,132,0.0,0.0
2025-02-20 15:15:00-05:00,2.6500000953674316,2.659899950027466,2.6500000953674316,2.650099992752075,1500,0.0,0.0
2025-02-20 15:16:00-05:00,2.6500000953674316,2.6500000953674316,2.6500000953674316,2.6500000953674316,200,0.0,0.0
2025-02-20 15:17:00-05:00,2.6500000953674316,2.6500000953674316,2.6500000953674316,2.6500000953674316,100,0.0,0.0
2025-02-20 15:18:00-05:00,2.6500000953674316,2.6600000858306885,2.6500000953674316,2.6500000953674316,328,0.0,0.0
2025-02-20 15:19:00-05:00,2.6500000953674316,2.6500000953674316,2.6500000953674316,2.6500000953674316,100,0.0,0.0
2025-02-20 15:20:00-05:00,2.6500000953674316,2.6500000953674316,2.6500000953674316,2.6500000953674316,248,0.0,0.0
2025-02-20 15:21:00-05:00,2.6500000953674316,2.6500000953674316,2.6500000953674316,2.6500000953674316,200,0.0,0.0
2025-02-20 15:22:00-05:00,2.6500000953674316,2.6500000953674316,2.6500000953674316,2.6500000953674316,200,0.0,0.0
2025-02-20 15:23:00-05:00,2.6500000953674316,2.6500000953674316,2.6500000953674316,2.6500000953674316,200,0.0,0.0
2025-02-20 15:24:00-05:00,2.6500000953674316,2.6500000953674316,2.6500000953674316,2.6500000953674316,100,0.0,0.0
2025-02-20 15:25:00-05:00,2.6500000953674316,2.6600000858306885,2.6500000953674316,2.6549999713897705,1200,0.0,0.0
2025-02-20 15:26:00-05:00,2.6500000953674316,2.6500000953674316,2.6500000953674316,2.6500000953674316,100,0.0,0.0
2025-02-20 15:27:00-05:00,2.6500000953674316,2.6500000953674316,2.6500000953674316,2.6500000953674316,200,0.0,0.0
2025-02-20 15:28:00-05:00,2.6500000953674316,2.6700000762939453,2.6500000953674316,2.6500000953674316,1420,0.0,0.0
2025-02-20 15:29:00-05:00,2.6500000953674316,2.6500000953674316,2.6500000953674316,2.6500000953674316,155,0.0,0.0
2025-02-20 15:30:00-05:00,2.6500000953674316,2.6500000953674316,2.6500000953674316,2.6500000953674316,201,0.0,0.0
2025-02-20 15:31:00-05:00,2.6500000953674316,2.6500000953674316,2.6500000953674316,2.6500000953674316,200,0.0,0.0
2025-02-20 15:32:00-05:00,2.6500000953674316,2.6600000858306885,2.6500000953674316,2.6600000858306885,300,0.0,0.0
2025-02-20 15:33:00-05:00,2.6500000953674316,2.6600000858306885,2.6500000953674316,2.6500000953674316,426,0.0,0.0
2025-02-20 15:34:00-05:00,2.6600000858306885,2.6600000858306885,2.6500000953674316,2.6519999504089355,7585,0.0,0.0
2025-02-20 15:35:00-05:00,2.6500000953674316,2.6600000858306885,2.6500000953674316,2.6600000858306885,541,0.0,0.0
2025-02-20 15:36:00-05:00,2.6500000953674316,2.6600000858306885,2.6500000953674316,2.6500000953674316,705,0.0,0.0
2025-02-20 15:37:00-05:00,2.6500000953674316,2.6500000953674316,2.6500000953674316,2.6500000953674316,235,0.0,0.0
2025-02-20 15:38:00-05:00,2.6500000953674316,2.6500000953674316,2.6500000953674316,2.6500000953674316,200,0.0,0.0
2025-02-20 15:39:00-05:00,2.6500000953674316,2.6500000953674316,2.6500000953674316,2.6500000953674316,200,0.0,0.0
2025-02-20 15:40:00-05:00,2.6500000953674316,2.6500000953674316,2.6500000953674316,2.6500000953674316,400,0.0,0.0
2025-02-20 15:41:00-05:00,2.6500000953674316,2.6500000953674316,2.6500000953674316,2.6500000953674316,338,0.0,0.0
2025-02-20 15:42:00-05:00,2.6500000953674316,2.6500000953674316,2.6500000953674316,2.6500000953674316,100,0.0,0.0
2025-02-20 15:43:00-05:00,2.6500000953674316,2.6500000953674316,2.6500000953674316,2.6500000953674316,275,0.0,0.0
2025-02-20 15:44:00-05:00,2.6500000953674316,2.6500000953674316,2.6500000953674316,2.6500000953674316,235,0.0,0.0
2025-02-20 15:45:00-05:00,2.6549999713897705,2.6549999713897705,2.6500000953674316,2.6500000953674316,636,0.0,0.0
2025-02-20 15:46:00-05:00,2.6500000953674316,2.6500000953674316,2.6500000953674316,2.6500000953674316,240,0.0,0.0
2025-02-20 15:47:00-05:00,2.6500000953674316,2.6500000953674316,2.6500000953674316,2.6500000953674316,200,0.0,0.0
2025-02-20 15:48:00-05:00,2.6500000953674316,2.6500000953674316,2.6500000953674316,2.6500000953674316,319,0.0,0.0
2025-02-20 15:49:00-05:00,2.6500000953674316,2.6500000953674316,2.6500000953674316,2.6500000953674316,200,0.0,0.0
2025-02-20 15:50:00-05:00,2.6549999713897705,2.6600000858306885,2.6549999713897705,2.6600000858306885,1283,0.0,0.0
2025-02-20 15:51:00-05:00,2.6600000858306885,2.6600000858306885,2.6600000858306885,2.6600000858306885,301,0.0,0.0
2025-02-20 15:52:00-05:00,2.6691999435424805,2.6691999435424805,2.6600000858306885,2.6600000858306885,459,0.0,0.0
2025-02-20 15:53:00-05:00,2.6600000858306885,2.6600000858306885,2.6500000953674316,2.6500000953674316,400,0.0,0.0
2025-02-20 15:54:00-05:00,2.6500000953674316,2.6500000953674316,2.6500000953674316,2.6500000953674316,200,0.0,0.0
2025-02-20 15:55:00-05:00,2.6500000953674316,2.6500000953674316,2.6500000953674316,2.6500000953674316,400,0.0,0.0
2025-02-20 15:56:00-05:00,2.6500000953674316,2.6500000953674316,2.6500000953674316,2.6500000953674316,300,0.0,0.0
2025-02-20 15:57:00-05:00,2.6500000953674316,2.6500000953674316,2.6500000953674316,2.6500000953674316,300,0.0,0.0
2025-02-20 15:58:00-05:00,2.6500000953674316,2.6600000858306885,2.6500000953674316,2.6500000953674316,1930,0.0,0.0
2025-02-20 15:59:00-05:00,2.6500000953674316,2.6700000762939453,2.6500000953674316,2.6700000762939453,3950,0.0,0.0
2025-02-21 09:30:00-05:00,2.6600000858306885,2.690000057220459,2.6600000858306885,2.680000066757202,15307,0.0,0.0
2025-02-21 09:33:00-05:00,2.6700000762939453,2.670099973678589,2.6649999618530273,2.6700000762939453,3045,0.0,0.0
2025-02-21 09:34:00-05:00,2.6710000038146973,2.6710000038146973,2.6710000038146973,2.6710000038146973,735,0.0,0.0
2025-02-21 09:39:00-05:00,2.680000066757202,2.680000066757202,2.674999952316284,2.674999952316284,2050,0.0,0.0
2025-02-21 09:40:00-05:00,2.6700000762939453,2.6700000762939453,2.6700000762939453,2.6700000762939453,101,0.0,0.0
2025-02-21 09:43:00-05:00,2.6700000762939453,2.6700000762939453,2.6698999404907227,2.6700000762939453,11048,0.0,0.0
2025-02-21 09:45:00-05:00,2.678800106048584,2.678800106048584,2.678800106048584,2.678800106048584,1000,0.0,0.0
2025-02-21 09:46:00-05:00,2.680000066757202,2.680000066757202,2.680000066757202,2.680000066757202,540,0.0,0.0
2025-02-21 09:47:00-05:00,2.699899911880493,2.699899911880493,2.699899911880493,2.699899911880493,200,0.0,0.0
2025-02-21 09:48:00-05:00,2.6998000144958496,2.6998000144958496,2.6998000144958496,2.6998000144958496,185,0.0,0.0
2025-02-21 09:49:00-05:00,2.6958999633789062,2.700000047683716,2.6958999633789062,2.700000047683716,5380,0.0,0.0
2025-02-21 09:51:00-05:00,2.680000066757202,2.680000066757202,2.680000066757202,2.680000066757202,200,0.0,0.0
2025-02-21 09:52:00-05:00,2.6700000762939453,2.6745998859405518,2.6700000762939453,2.6745998859405518,200,0.0,0.0
2025-02-21 09:53:00-05:00,2.690000057220459,2.690000057220459,2.690000057220459,2.690000057220459,150,0.0,0.0
2025-02-21 09:54:00-05:00,2.700000047683716,2.700000047683716,2.700000047683716,2.700000047683716,2648,0.0,0.0
2025-02-21 09:55:00-05:00,2.6993000507354736,2.6993000507354736,2.694000005722046,2.694000005722046,453,0.0,0.0
2025-02-21 09:57:00-05:00,2.690000057220459,2.690000057220459,2.690000057220459,2.690000057220459,100,0.0,0.0
2025-02-21 09:58:00-05:00,2.690000057220459,2.690000057220459,2.690000057220459,2.690000057220459,350,0.0,0.0
2025-02-21 09:59:00-05:00,2.694000005722046,2.694000005722046,2.694000005722046,2.694000005722046,498,0.0,0.0
2025-02-21 10:00:00-05:00,2.700000047683716,2.700000047683716,2.700000047683716,2.700000047683716,165,0.0,0.0
2025-02-21 10:02:00-05:00,2.70989990234375,2.7100000381469727,2.70989990234375,2.7100000381469727,609,0.0,0.0
2025-02-21 10:03:00-05:00,2.690000057220459,2.690000057220459,2.690000057220459,2.690000057220459,2778,0.0,0.0
2025-02-21 10:05:00-05:00,2.680000066757202,2.680000066757202,2.680000066757202,2.680000066757202,280,0.0,0.0
2025-02-21 10:06:00-05:00,2.6898999214172363,2.6898999214172363,2.680000066757202,2.680000066757202,520,0.0,0.0
2025-02-21 10:09:00-05:00,2.684999942779541,2.684999942779541,2.684999942779541,2.684999942779541,180,0.0,0.0
2025-02-21 10:11:00-05:00,2.680000066757202,2.70989990234375,2.680000066757202,2.70989990234375,9145,0.0,0.0
2025-02-21 10:13:00-05:00,2.680000066757202,2.680000066757202,2.680000066757202,2.680000066757202,1500,0.0,0.0
2025-02-21 10:14:00-05:00,2.6802000999450684,2.6802000999450684,2.680000066757202,2.680000066757202,6301,0.0,0.0
2025-02-21 10:15:00-05:00,2.680000066757202,2.7200000286102295,2.680000066757202,2.7197999954223633,6722,0.0,0.0
2025-02-21 10:16:00-05:00,2.700000047683716,2.700000047683716,2.700000047683716,2.700000047683716,100,0.0,0.0
2025-02-21 10:17:00-05:00,2.700000047683716,2.700000047683716,2.700000047683716,2.700000047683716,361,0.0,0.0
2025-02-21 10:18:00-05:00,2.680000066757202,2.690000057220459,2.680000066757202,2.690000057220459,300,0.0,0.0
2025-02-21 10:20:00-05:00,2.690200090408325,2.7100000381469727,2.680000066757202,2.694999933242798,11600,0.0,0.0
2025-02-21 10:21:00-05:00,2.7100000381469727,2.7100000381469727,2.680000066757202,2.680000066757202,3000,0.0,0.0
2025-02-21 10:23:00-05:00,2.680000066757202,2.680000066757202,2.680000066757202,2.680000066757202,502,0.0,0.0
2025-02-21 10:24:00-05:00,2.680000066757202,2.70989990234375,2.680000066757202,2.700000047683716,1581,0.0,0.0
2025-02-21 10:27:00-05:00,2.700000047683716,2.7100000381469727,2.690000057220459,2.7100000381469727,2402,0.0,0.0
2025-02-21 10:28:00-05:00,2.7100000381469727,2.7100000381469727,2.700000047683716,2.700000047683716,1400,0.0,0.0
2025-02-21 10:29:00-05:00,2.700000047683716,2.700000047683716,2.690000057220459,2.690000057220459,300,0.0,0.0
2025-02-21 10:30:00-05:00,2.6993000507354736,2.700000047683716,2.6993000507354736,2.700000047683716,350,0.0,0.0
2025-02-21 10:31:00-05:00,2.7098000049591064,2.7098000049591064,2.7098000049591064,2.7098000049591064,500,0.0,0.0
2025-02-21 10:33:00-05:00,2.690000057220459,2.7098000049591064,2.690000057220459,2.700000047683716,5603,0.0,0.0
2025-02-21 10:34:00-05:00,2.7012999057769775,2.7012999057769775,2.7012999057769775,2.7012999057769775,150,0.0,0.0
2025-02-21 10:35:00-05:00,2.70989990234375,2.70989990234375,2.7098000049591064,2.7098000049591064,1749,0.0,0.0
2025-02-21 10:36:00-05:00,2.700000047683716,2.700000047683716,2.690000057220459,2.690000057220459,367,0.0,0.0
2025-02-21 10:38:00-05:00,2.700000047683716,2.700000047683716,2.690000057220459,2.690000057220459,2297,0.0,0.0
2025-02-21 10:40:00-05:00,2.690000057220459,2.7100000381469727,2.690000057220459,2.7100000381469727,259,0.0,0.0
2025-02-21 10:41:00-05:00,2.7098000049591064,2.7098000049591064,2.7098000049591064,2.7098000049591064,1510,0.0,0.0
2025-02-21 10:43:00-05:00,2.7100000381469727,2.7100000381469727,2.7100000381469727,2.7100000381469727,2277,0.0,0.0
2025-02-21 10:44:00-05:00,2.719899892807007,2.7200000286102295,2.719899892807007,2.7200000286102295,1134,0.0,0.0
2025-02-21 10:45:00-05:00,2.7360000610351562,2.740000009536743,2.7200000286102295,2.739000082015991,8052,0.0,0.0
2025-02-21 10:46:00-05:00,2.740000009536743,2.740000009536743,2.7249999046325684,2.7249999046325684,1011,0.0,0.0
2025-02-21 10:47:00-05:00,2.720099925994873,2.740000009536743,2.720099925994873,2.740000009536743,1627,0.0,0.0
2025-02-21 10:48:00-05:00,2.75,2.75,2.75,2.75,1818,0.0,0.0
2025-02-21 10:49:00-05:00,2.759999990463257,2.759999990463257,2.7467000484466553,2.759999990463257,796,0.0,0.0
2025-02-21 10:50:00-05:00,2.7799999713897705,2.7799999713897705,2.740000009536743,2.740000009536743,10553,0.0,0.0
2025-02-21 10:51:00-05:00,2.7732999324798584,2.7732999324798584,2.75,2.75,3050,0.0,0.0
2025-02-21 10:52:00-05:00,2.7662999629974365,2.7662999629974365,2.7200000286102295,2.75,4495,0.0,0.0
2025-02-21 10:53:00-05:00,2.734999895095825,2.734999895095825,2.721400022506714,2.721400022506714,1137,0.0,0.0
2025-02-21 10:55:00-05:00,2.7219998836517334,2.7219998836517334,2.7219998836517334,2.7219998836517334,1000,0.0,0.0
2025-02-21 10:56:00-05:00,2.7200000286102295,2.7200000286102295,2.7200000286102295,2.7200000286102295,300,0.0,0.0
2025-02-21 10:57:00-05:00,2.7200000286102295,2.7200000286102295,2.7100000381469727,2.7100000381469727,615,0.0,0.0
2025-02-21 10:59:00-05:00,2.7004001140594482,2.740000009536743,2.7004001140594482,2.740000009536743,1100,0.0,0.0
2025-02-21 11:00:00-05:00,2.7197999954223633,2.7200000286102295,2.700000047683716,2.7200000286102295,934,0.0,0.0
2025-02-21 11:02:00-05:00,2.700000047683716,2.700000047683716,2.700000047683716,2.700000047683716,500,0.0,0.0
2025-02-21 11:04:00-05:00,2.7100000381469727,2.715399980545044,2.7100000381469727,2.7119998931884766,3000,0.0,0.0
2025-02-21 11:05:00-05:00,2.7119998931884766,2.7119998931884766,2.700000047683716,2.700000047683716,4705,0.0,0.0
2025-02-21 11:06:00-05:00,2.7019999027252197,2.7047998905181885,2.700000047683716,2.700000047683716,8504,0.0,0.0
2025-02-21 11:07:00-05:00,2.6800999641418457,2.7100000381469727,2.680000066757202,2.680000066757202,12600,0.0,0.0
2025-02-21 11:08:00-05:00,2.671999931335449,2.680000066757202,2.6700000762939453,2.680000066757202,14100,0.0,0.0
2025-02-21 11:09:00-05:00,2.6700000762939453,2.680000066757202,2.6700000762939453,2.680000066757202,1000,0.0,0.0
2025-02-21 11:10:00-05:00,2.680000066757202,2.680000066757202,2.6700000762939453,2.6700000762939453,306,0.0,0.0
2025-02-21 11:11:00-05:00,2.6700000762939453,2.6700000762939453,2.6700000762939453,2.6700000762939453,1000,0.0,0.0
2025-02-21 11:12:00-05:00,2.6700000762939453,2.6700000762939453,2.6700000762939453,2.6700000762939453,201,0.0,0.0
2025-02-21 11:13:00-05:00,2.680000066757202,2.6872000694274902,2.680000066757202,2.6872000694274902,620,0.0,0.0
2025-02-21 11:14:00-05:00,2.680000066757202,2.680000066757202,2.680000066757202,2.680000066757202,489,0.0,0.0
2025-02-21 11:15:00-05:00,2.680000066757202,2.680000066757202,2.680000066757202,2.680000066757202,311,0.0,0.0
2025-02-21 11:19:00-05:00,2.70989990234375,2.70989990234375,2.70989990234375,2.70989990234375,200,0.0,0.0
2025-02-21 11:21:00-05:00,2.693700075149536,2.693700075149536,2.693700075149536,2.693700075149536,400,0.0,0.0
2025-02-21 11:22:00-05:00,2.680000066757202,2.680000066757202,2.680000066757202,2.680000066757202,170,0.0,0.0
2025-02-21 11:23:00-05:00,2.7098000049591064,2.7098000049591064,2.680000066757202,2.680000066757202,530,0.0,0.0
2025-02-21 11:24:00-05:00,2.694999933242798,2.694999933242798,2.6900999546051025,2.6900999546051025,201,0.0,0.0
2025-02-21 11:25:00-05:00,2.680000066757202,2.680000066757202,2.680000066757202,2.680000066757202,139,0.0,0.0
2025-02-21 11:27:00-05:00,2.7032999992370605,2.7032999992370605,2.7032999992370605,2.7032999992370605,100,0.0,0.0
2025-02-21 11:28:00-05:00,2.690000057220459,2.690000057220459,2.690000057220459,2.690000057220459,1021,0.0,0.0
2025-02-21 11:34:00-05:00,2.680000066757202,2.680000066757202,2.680000066757202,2.680000066757202,190,0.0,0.0
2025-02-21 11:37:00-05:00,2.690000057220459,2.690000057220459,2.690000057220459,2.690000057220459,100,0.0,0.0
2025-02-21 11:39:00-05:00,2.700000047683716,2.700000047683716,2.700000047683716,2.700000047683716,3702,0.0,0.0
2025-02-21 11:41:00-05:00,2.680000066757202,2.680000066757202,2.680000066757202,2.680000066757202,151,0.0,0.0
2025-02-21 11:45:00-05:00,2.680000066757202,2.680000066757202,2.680000066757202,2.680000066757202,124,0.0,0.0
2025-02-21 11:48:00-05:00,2.699899911880493,2.699899911880493,2.680000066757202,2.6998000144958496,9030,0.0,0.0
2025-02-21 11:52:00-05:00,2.690000057220459,2.690000057220459,2.690000057220459,2.690000057220459,281,0.0,0.0
2025-02-21 11:55:00-05:00,2.680000066757202,2.680000066757202,2.680000066757202,2.680000066757202,107,0.0,0.0
2025-02-21 11:57:00-05:00,2.680000066757202,2.680000066757202,2.680000066757202,2.680000066757202,100,0.0,0.0
2025-02-21 11:59:00-05:00,2.680000066757202,2.690000057220459,2.680000066757202,2.690000057220459,1156,0.0,0.0
2025-02-21 12:00:00-05:00,2.6800999641418457,2.6800999641418457,2.6800999641418457,2.6800999641418457,4086,0.0,0.0
2025-02-21 12:01:00-05:00,2.680000066757202,2.680000066757202,2.680000066757202,2.680000066757202,100,0.0,0.0
2025-02-21 12:03:00-05:00,2.680000066757202,2.690000057220459,2.680000066757202,2.690000057220459,235,0.0,0.0
2025-02-21 12:08:00-05:00,2.6802000999450684,2.6802000999450684,2.6802000999450684,2.6802000999450684,150,0.0,0.0
2025-02-21 12:09:00-05:00,2.690000057220459,2.690000057220459,2.690000057220459,2.690000057220459,1102,0.0,0.0
2025-02-21 12:10:00-05:00,2.690000057220459,2.690000057220459,2.690000057220459,2.690000057220459,100,0.0,0.0
2025-02-21 12:12:00-05:00,2.680000066757202,2.690000057220459,2.680000066757202,2.690000057220459,300,0.0,0.0
2025-02-21 12:14:00-05:00,2.690000057220459,2.690000057220459,2.690000057220459,2.690000057220459,100,0.0,0.0
2025-02-21 12:17:00-05:00,2.697999954223633,2.697999954223633,2.690000057220459,2.697999954223633,801,0.0,0.0
2025-02-21 12:18:00-05:00,2.690000057220459,2.690000057220459,2.690000057220459,2.690000057220459,100,0.0,0.0
2025-02-21 12:19:00-05:00,2.6800999641418457,2.700000047683716,2.680000066757202,2.680000066757202,6100,0.0,0.0
2025-02-21 12:21:00-05:00,2.699899911880493,2.699899911880493,2.699899911880493,2.699899911880493,100,0.0,0.0
2025-02-21 12:22:00-05:00,2.680000066757202,2.6802000999450684,2.680000066757202,2.6802000999450684,1643,0.0,0.0
2025-02-21 12:30:00-05:00,2.690000057220459,2.690000057220459,2.690000057220459,2.690000057220459,100,0.0,0.0
2025-02-21 12:32:00-05:00,2.690000057220459,2.690000057220459,2.690000057220459,2.690000057220459,351,0.0,0.0
2025-02-21 12:36:00-05:00,2.697000026702881,2.697000026702881,2.697000026702881,2.697000026702881,350,0.0,0.0
2025-02-21 12:40:00-05:00,2.699899911880493,2.699899911880493,2.699899911880493,2.699899911880493,400,0.0,0.0
2025-02-21 12:41:00-05:00,2.694999933242798,2.6989998817443848,2.694999933242798,2.6989998817443848,3002,0.0,0.0
2025-02-21 12:42:00-05:00,2.690000057220459,2.690000057220459,2.690000057220459,2.690000057220459,100,0.0,0.0
2025-02-21 12:46:00-05:00,2.6900999546051025,2.690200090408325,2.6900999546051025,2.6900999546051025,1680,0.0,0.0
2025-02-21 12:47:00-05:00,2.694999933242798,2.694999933242798,2.694999933242798,2.694999933242798,200,0.0,0.0
2025-02-21 12:49:00-05:00,2.6989998817443848,2.6989998817443848,2.690000057220459,2.690000057220459,300,0.0,0.0
2025-02-21 12:50:00-05:00,2.690000057220459,2.690000057220459,2.690000057220459,2.690000057220459,2161,0.0,0.0
2025-02-21 12:51:00-05:00,2.690000057220459,2.690000057220459,2.690000057220459,2.690000057220459,200,0.0,0.0
2025-02-21 12:54:00-05:00,2.690000057220459,2.690000057220459,2.690000057220459,2.690000057220459,955,0.0,0.0
2025-02-21 12:55:00-05:00,2.6989998817443848,2.6989998817443848,2.6989998817443848,2.6989998817443848,120,0.0,0.0
2025-02-21 12:56:00-05:00,2.680000066757202,2.680000066757202,2.680000066757202,2.680000066757202,104,0.0,0.0
2025-02-21 12:59:00-05:00,2.680000066757202,2.680000066757202,2.680000066757202,2.680000066757202,7468,0.0,0.0
2025-02-21 13:01:00-05:00,2.699899911880493,2.699899911880493,2.699899911880493,2.699899911880493,2000,0.0,0.0
2025-02-21 13:02:00-05:00,2.680000066757202,2.680000066757202,2.680000066757202,2.680000066757202,106,0.0,0.0
2025-02-21 13:06:00-05:00,2.6986000537872314,2.6986000537872314,2.680000066757202,2.680000066757202,1140,0.0,0.0
2025-02-21 13:09:00-05:00,2.680000066757202,2.680000066757202,2.6600000858306885,2.6600000858306885,10439,0.0,0.0
2025-02-21 13:10:00-05:00,2.6600000858306885,2.6600000858306885,2.6500000953674316,2.6500000953674316,4375,0.0,0.0
2025-02-21 13:12:00-05:00,2.6500000953674316,2.6500000953674316,2.6500000953674316,2.6500000953674316,102,0.0,0.0
2025-02-21 13:13:00-05:00,2.6500000953674316,2.6500000953674316,2.6500000953674316,2.6500000953674316,100,0.0,0.0
2025-02-21 13:14:00-05:00,2.6500000953674316,2.6500000953674316,2.6500000953674316,2.6500000953674316,100,0.0,0.0
2025-02-21 13:15:00-05:00,2.6500000953674316,2.6500000953674316,2.6500000953674316,2.6500000953674316,1150,0.0,0.0
2025-02-21 13:16:00-05:00,2.6500000953674316,2.6500000953674316,2.6449999809265137,2.6449999809265137,5443,0.0,0.0
2025-02-21 13:17:00-05:00,2.6401000022888184,2.6401000022888184,2.640000104904175,2.640000104904175,1100,0.0,0.0
2025-02-21 13:18:00-05:00,2.640000104904175,2.6449999809265137,2.640000104904175,2.6449999809265137,300,0.0,0.0
2025-02-21 13:20:00-05:00,2.640000104904175,2.6489999294281006,2.640000104904175,2.6489999294281006,302,0.0,0.0
2025-02-21 13:23:00-05:00,2.6401000022888184,2.6401000022888184,2.640000104904175,2.640000104904175,525,0.0,0.0
2025-02-21 13:24:00-05:00,2.640000104904175,2.640000104904175,2.640000104904175,2.640000104904175,505,0.0,0.0
2025-02-21 13:25:00-05:00,2.640000104904175,2.640000104904175,2.640000104904175,2.640000104904175,101,0.0,0.0
2025-02-21 13:26:00-05:00,2.6449999809265137,2.6449999809265137,2.6449999809265137,2.6449999809265137,100,0.0,0.0
2025-02-21 13:27:00-05:00,2.6449999809265137,2.6449999809265137,2.6449999809265137,2.6449999809265137,150,0.0,0.0
2025-02-21 13:28:00-05:00,2.6401000022888184,2.646399974822998,2.6401000022888184,2.646399974822998,1000,0.0,0.0
2025-02-21 13:29:00-05:00,2.6449999809265137,2.647599935531616,2.640000104904175,2.640000104904175,1230,0.0,0.0
2025-02-21 13:31:00-05:00,2.6493000984191895,2.6493000984191895,2.6493000984191895,2.6493000984191895,1005,0.0,0.0
2025-02-21 13:35:00-05:00,2.640000104904175,2.640000104904175,2.640000104904175,2.640000104904175,101,0.0,0.0
2025-02-21 13:37:00-05:00,2.640000104904175,2.640000104904175,2.640000104904175,2.640000104904175,145,0.0,0.0
2025-02-21 13:39:00-05:00,2.640000104904175,2.640000104904175,2.640000104904175,2.640000104904175,2023,0.0,0.0
2025-02-21 13:41:00-05:00,2.640000104904175,2.640000104904175,2.640000104904175,2.640000104904175,138,0.0,0.0
2025-02-21 13:47:00-05:00,2.640000104904175,2.640000104904175,2.640000104904175,2.640000104904175,130,0.0,0.0
2025-02-21 13:48:00-05:00,2.640000104904175,2.640000104904175,2.640000104904175,2.640000104904175,181,0.0,0.0
2025-02-21 13:53:00-05:00,2.640000104904175,2.6401000022888184,2.640000104904175,2.640000104904175,4880,0.0,0.0
2025-02-21 13:55:00-05:00,2.634999990463257,2.634999990463257,2.634999990463257,2.634999990463257,1000,0.0,0.0
2025-02-21 13:56:00-05:00,2.630000114440918,2.630000114440918,2.630000114440918,2.630000114440918,279,0.0,0.0
2025-02-21 14:04:00-05:00,2.634999990463257,2.6398000717163086,2.630000114440918,2.630000114440918,1310,0.0,0.0
2025-02-21 14:07:00-05:00,2.634999990463257,2.634999990463257,2.634999990463257,2.634999990463257,103,0.0,0.0
2025-02-21 14:08:00-05:00,2.6356000900268555,2.6356000900268555,2.6356000900268555,2.6356000900268555,638,0.0,0.0
2025-02-21 14:11:00-05:00,2.634999990463257,2.634999990463257,2.634999990463257,2.634999990463257,100,0.0,0.0
2025-02-21 14:12:00-05:00,2.636699914932251,2.639899969100952,2.636699914932251,2.639899969100952,1400,0.0,0.0
2025-02-21 14:16:00-05:00,2.6394999027252197,2.6394999027252197,2.6394999027252197,2.6394999027252197,500,0.0,0.0
2025-02-21 14:17:00-05:00,2.630000114440918,2.630000114440918,2.630000114440918,2.630000114440918,1631,0.0,0.0
2025-02-21 14:19:00-05:00,2.6394999027252197,2.6394999027252197,2.6394999027252197,2.6394999027252197,600,0.0,0.0
2025-02-21 14:20:00-05:00,2.634999990463257,2.6389999389648438,2.630000114440918,2.630000114440918,709,0.0,0.0
2025-02-21 14:23:00-05:00,2.639899969100952,2.640000104904175,2.639899969100952,2.640000104904175,5199,0.0,0.0
2025-02-21 14:24:00-05:00,2.640000104904175,2.6500000953674316,2.640000104904175,2.640000104904175,5521,0.0,0.0
2025-02-21 14:25:00-05:00,2.6310999393463135,2.640000104904175,2.6310999393463135,2.640000104904175,667,0.0,0.0
2025-02-21 14:31:00-05:00,2.634999990463257,2.634999990463257,2.634999990463257,2.634999990463257,295,0.0,0.0
2025-02-21 14:33:00-05:00,2.634999990463257,2.634999990463257,2.6201000213623047,2.6201000213623047,10644,0.0,0.0
2025-02-21 14:35:00-05:00,2.623500108718872,2.623500108718872,2.623500108718872,2.623500108718872,200,0.0,0.0
2025-02-21 14:36:00-05:00,2.625,2.625,2.625,2.625,395,0.0,0.0
2025-02-21 14:37:00-05:00,2.625,2.625,2.619999885559082,2.619999885559082,300,0.0,0.0
2025-02-21 14:38:00-05:00,2.626300096511841,2.626300096511841,2.619999885559082,2.619999885559082,309,0.0,0.0
2025-02-21 14:39:00-05:00,2.6201000213623047,2.630000114440918,2.6201000213623047,2.630000114440918,989,0.0,0.0
2025-02-21 14:40:00-05:00,2.620800018310547,2.620800018310547,2.620800018310547,2.620800018310547,400,0.0,0.0
2025-02-21 14:42:00-05:00,2.6294000148773193,2.630000114440918,2.6294000148773193,2.630000114440918,400,0.0,0.0
2025-02-21 14:43:00-05:00,2.6298999786376953,2.6298999786376953,2.629499912261963,2.629499912261963,911,0.0,0.0
2025-02-21 14:46:00-05:00,2.619999885559082,2.619999885559082,2.619999885559082,2.619999885559082,501,0.0,0.0
2025-02-21 14:47:00-05:00,2.619999885559082,2.619999885559082,2.6166999340057373,2.6166999340057373,8889,0.0,0.0
2025-02-21 14:50:00-05:00,2.609999895095825,2.609999895095825,2.609999895095825,2.609999895095825,100,0.0,0.0
2025-02-21 14:51:00-05:00,2.609999895095825,2.619800090789795,2.609999895095825,2.609999895095825,1585,0.0,0.0
2025-02-21 14:52:00-05:00,2.615000009536743,2.615000009536743,2.615000009536743,2.615000009536743,213,0.0,0.0
2025-02-21 14:53:00-05:00,2.6110000610351562,2.6110000610351562,2.6110000610351562,2.6110000610351562,210,0.0,0.0
2025-02-21 14:54:00-05:00,2.6129000186920166,2.6129000186920166,2.6129000186920166,2.6129000186920166,155,0.0,0.0
2025-02-21 14:58:00-05:00,2.609999895095825,2.609999895095825,2.609999895095825,2.609999895095825,100,0.0,0.0
2025-02-21 14:59:00-05:00,2.615000009536743,2.615000009536743,2.615000009536743,2.615000009536743,2031,0.0,0.0
2025-02-21 15:02:00-05:00,2.6191999912261963,2.6191999912261963,2.6191999912261963,2.6191999912261963,516,0.0,0.0
2025-02-21 15:03:00-05:00,2.6198999881744385,2.6198999881744385,2.6198999881744385,2.6198999881744385,467,0.0,0.0
2025-02-21 15:07:00-05:00,2.615000009536743,2.615000009536743,2.615000009536743,2.615000009536743,100,0.0,0.0
2025-02-21 15:09:00-05:00,2.609999895095825,2.609999895095825,2.609999895095825,2.609999895095825,550,0.0,0.0
2025-02-21 15:10:00-05:00,2.615000009536743,2.615000009536743,2.609999895095825,2.609999895095825,2759,0.0,0.0
2025-02-21 15:13:00-05:00,2.6198999881744385,2.6198999881744385,2.615000009536743,2.6198999881744385,1500,0.0,0.0
2025-02-21 15:14:00-05:00,2.61899995803833,2.619999885559082,2.5999999046325684,2.609999895095825,5956,0.0,0.0
2025-02-21 15:15:00-05:00,2.609999895095825,2.609999895095825,2.609999895095825,2.609999895095825,100,0.0,0.0
2025-02-21 15:16:00-05:00,2.609999895095825,2.609999895095825,2.609999895095825,2.609999895095825,200,0.0,0.0
2025-02-21 15:17:00-05:00,2.609999895095825,2.619999885559082,2.609999895095825,2.619999885559082,2979,0.0,0.0
2025-02-21 15:19:00-05:00,2.6147000789642334,2.6147000789642334,2.6147000789642334,2.6147000789642334,204,0.0,0.0
2025-02-21 15:21:00-05:00,2.6298000812530518,2.6298000812530518,2.6298000812530518,2.6298000812530518,100,0.0,0.0
2025-02-21 15:22:00-05:00,2.628200054168701,2.628200054168701,2.610100030899048,2.610100030899048,1411,0.0,0.0
2025-02-21 15:23:00-05:00,2.619999885559082,2.630000114440918,2.619999885559082,2.630000114440918,4500,0.0,0.0
2025-02-21 15:25:00-05:00,2.634999990463257,2.634999990463257,2.634999990463257,2.634999990463257,150,0.0,0.0
2025-02-21 15:26:00-05:00,2.639899969100952,2.639899969100952,2.639899969100952,2.639899969100952,250,0.0,0.0
2025-02-21 15:30:00-05:00,2.634999990463257,2.634999990463257,2.630000114440918,2.630000114440918,1394,0.0,0.0
2025-02-21 15:33:00-05:00,2.634999990463257,2.634999990463257,2.634999990463257,2.634999990463257,189,0.0,0.0
2025-02-21 15:34:00-05:00,2.630000114440918,2.6301000118255615,2.630000114440918,2.630000114440918,1162,0.0,0.0
2025-02-21 15:35:00-05:00,2.634999990463257,2.640000104904175,2.634999990463257,2.634999990463257,3939,0.0,0.0
2025-02-21 15:37:00-05:00,2.6342999935150146,2.6342999935150146,2.6342999935150146,2.6342999935150146,502,0.0,0.0
2025-02-21 15:39:00-05:00,2.63919997215271,2.639899969100952,2.619999885559082,2.619999885559082,1104,0.0,0.0
2025-02-21 15:40:00-05:00,2.625,2.625,2.625,2.625,200,0.0,0.0
2025-02-21 15:43:00-05:00,2.625,2.625,2.625,2.625,200,0.0,0.0
2025-02-21 15:44:00-05:00,2.625,2.640000104904175,2.625,2.640000104904175,2904,0.0,0.0
2025-02-21 15:48:00-05:00,2.6301000118255615,2.6301000118255615,2.6301000118255615,2.6301000118255615,1935,0.0,0.0
2025-02-21 15:51:00-05:00,2.640000104904175,2.6449999809265137,2.640000104904175,2.640700101852417,2069,0.0,0.0
2025-02-21 15:52:00-05:00,2.640000104904175,2.640000104904175,2.640000104904175,2.640000104904175,1453,0.0,0.0
2025-02-21 15:53:00-05:00,2.634999990463257,2.6361000537872314,2.634999990463257,2.6361000537872314,1000,0.0,0.0
2025-02-21 15:54:00-05:00,2.634999990463257,2.639699935913086,2.634999990463257,2.634999990463257,633,0.0,0.0
2025-02-21 15:55:00-05:00,2.630000114440918,2.640000104904175,2.630000114440918,2.6301000118255615,3146,0.0,0.0
2025-02-21 15:57:00-05:00,2.634999990463257,2.634999990463257,2.634999990463257,2.634999990463257,582,0.0,0.0
2025-02-21 15:58:00-05:00,2.630000114440918,2.640000104904175,2.619999885559082,2.6301000118255615,7884,0.0,0.0
2025-02-21 15:59:00-05:00,2.639899969100952,2.639899969100952,2.619999885559082,2.619999885559082,3079,0.0,0.0
