Datetime,Open,High,Low,Close,Volume,Dividends,Stock Splits
2024-10-21 09:30:00-04:00,18.200000762939453,18.200000762939453,18.200000762939453,18.200000762939453,1049,0.0,0.0
2024-10-21 09:33:00-04:00,18.389999389648438,18.5,18.389999389648438,18.5,1603,0.0,0.0
2024-10-21 09:39:00-04:00,18.75,18.75,18.75,18.75,2516,0.0,0.0
2024-10-21 09:40:00-04:00,19.077499389648438,19.077499389648438,19.000099182128906,19.000099182128906,178,0.0,0.0
2024-10-21 09:43:00-04:00,18.93000030517578,18.93000030517578,18.93000030517578,18.93000030517578,800,0.0,0.0
2024-10-21 09:45:00-04:00,18.889999389648438,19.149999618530273,18.860000610351562,19.100000381469727,1162,0.0,0.0
2024-10-21 09:47:00-04:00,19.100000381469727,19.100000381469727,19.100000381469727,19.100000381469727,503,0.0,0.0
2024-10-21 09:50:00-04:00,19.149999618530273,19.149999618530273,19.149999618530273,19.149999618530273,480,0.0,0.0
2024-10-21 09:53:00-04:00,19.17009925842285,19.17009925842285,19.17009925842285,19.17009925842285,304,0.0,0.0
2024-10-21 09:57:00-04:00,19.5,19.5,19.309999465942383,19.309999465942383,526,0.0,0.0
2024-10-21 10:01:00-04:00,19.469999313354492,19.469999313354492,19.219999313354492,19.219999313354492,3914,0.0,0.0
2024-10-21 10:02:00-04:00,19.514999389648438,19.514999389648438,19.514999389648438,19.514999389648438,1852,0.0,0.0
2024-10-21 10:11:00-04:00,19.084999084472656,19.219999313354492,19.084999084472656,19.084999084472656,1549,0.0,0.0
2024-10-21 10:12:00-04:00,19.31529998779297,19.31529998779297,18.799999237060547,18.799999237060547,634,0.0,0.0
2024-10-21 10:15:00-04:00,19.149999618530273,19.149999618530273,19.149999618530273,19.149999618530273,1055,0.0,0.0
2024-10-21 10:25:00-04:00,19.174999237060547,19.174999237060547,19.174999237060547,19.174999237060547,789,0.0,0.0
2024-10-21 10:28:00-04:00,19.174999237060547,19.174999237060547,19.174999237060547,19.174999237060547,115,0.0,0.0
2024-10-21 10:29:00-04:00,19.3700008392334,19.489999771118164,19.3700008392334,19.469999313354492,809,0.0,0.0
2024-10-21 10:30:00-04:00,18.850000381469727,19.1200008392334,18.850000381469727,19.1200008392334,1068,0.0,0.0
2024-10-21 10:32:00-04:00,19.295299530029297,19.295299530029297,19.295299530029297,19.295299530029297,427,0.0,0.0
2024-10-21 10:41:00-04:00,19.135000228881836,19.135000228881836,19.135000228881836,19.135000228881836,427,0.0,0.0
2024-10-21 10:52:00-04:00,19.135000228881836,19.302499771118164,19.135000228881836,19.135000228881836,905,0.0,0.0
2024-10-21 11:00:00-04:00,19.280000686645508,19.389999389648438,19.100000381469727,19.290000915527344,1050,0.0,0.0
2024-10-21 11:01:00-04:00,19.399999618530273,19.399999618530273,19.399999618530273,19.399999618530273,280,0.0,0.0
2024-10-21 11:03:00-04:00,19.399900436401367,19.399900436401367,19.399900436401367,19.399900436401367,643,0.0,0.0
2024-10-21 11:11:00-04:00,19.399999618530273,19.399999618530273,19.399999618530273,19.399999618530273,284,0.0,0.0
2024-10-21 11:23:00-04:00,19.190000534057617,19.389999389648438,19.190000534057617,19.389999389648438,920,0.0,0.0
2024-10-21 11:28:00-04:00,19.219999313354492,19.219999313354492,19.219999313354492,19.219999313354492,166,0.0,0.0
2024-10-21 11:29:00-04:00,19.06999969482422,19.170000076293945,19.06999969482422,19.170000076293945,138,0.0,0.0
2024-10-21 11:34:00-04:00,19.280000686645508,19.280000686645508,19.280000686645508,19.280000686645508,306,0.0,0.0
2024-10-21 11:40:00-04:00,19.270000457763672,19.520000457763672,19.270000457763672,19.5049991607666,7261,0.0,0.0
2024-10-21 11:42:00-04:00,19.564800262451172,19.604799270629883,19.434799194335938,19.487699508666992,3184,0.0,0.0
2024-10-21 11:43:00-04:00,19.709999084472656,20.0,19.565000534057617,19.665000915527344,2718,0.0,0.0
2024-10-21 11:45:00-04:00,20.0,20.225000381469727,20.0,20.225000381469727,1739,0.0,0.0
2024-10-21 11:46:00-04:00,20.200000762939453,20.492000579833984,19.93000030517578,20.492000579833984,4879,0.0,0.0
2024-10-21 11:48:00-04:00,19.885000228881836,19.885000228881836,19.885000228881836,19.885000228881836,264,0.0,0.0
2024-10-21 11:49:00-04:00,19.989999771118164,20.0,19.989999771118164,19.999900817871094,2013,0.0,0.0
2024-10-21 11:51:00-04:00,19.690000534057617,19.699399948120117,19.670000076293945,19.699399948120117,3201,0.0,0.0
2024-10-21 11:59:00-04:00,20.179899215698242,20.179899215698242,20.179899215698242,20.179899215698242,250,0.0,0.0
2024-10-21 12:03:00-04:00,19.8799991607666,19.8799991607666,19.8799991607666,19.8799991607666,648,0.0,0.0
2024-10-21 12:05:00-04:00,19.47260093688965,19.47260093688965,19.47260093688965,19.47260093688965,830,0.0,0.0
2024-10-21 12:10:00-04:00,19.471200942993164,19.471200942993164,19.471200942993164,19.471200942993164,564,0.0,0.0
2024-10-21 12:29:00-04:00,19.78499984741211,19.78499984741211,19.78499984741211,19.78499984741211,603,0.0,0.0
2024-10-21 12:31:00-04:00,20.0,20.0,20.0,20.0,277,0.0,0.0
2024-10-21 12:43:00-04:00,19.989999771118164,19.989999771118164,19.989999771118164,19.989999771118164,215,0.0,0.0
2024-10-21 12:46:00-04:00,19.952499389648438,19.952499389648438,19.579999923706055,19.579999923706055,1111,0.0,0.0
2024-10-21 12:56:00-04:00,19.979999542236328,19.979999542236328,19.979999542236328,19.979999542236328,2440,0.0,0.0
2024-10-21 13:00:00-04:00,19.690000534057617,19.700000762939453,19.690000534057617,19.700000762939453,740,0.0,0.0
2024-10-21 13:08:00-04:00,19.969999313354492,19.969999313354492,19.969999313354492,19.969999313354492,374,0.0,0.0
2024-10-21 13:15:00-04:00,19.950000762939453,19.969999313354492,19.950000762939453,19.969999313354492,4501,0.0,0.0
2024-10-21 13:19:00-04:00,19.813899993896484,19.813899993896484,19.813899993896484,19.813899993896484,1472,0.0,0.0
2024-10-21 13:20:00-04:00,20.290000915527344,20.290000915527344,20.290000915527344,20.290000915527344,0,0.0,0.0
2024-10-21 13:21:00-04:00,20.115999221801758,20.115999221801758,20.115999221801758,20.115999221801758,432,0.0,0.0
2024-10-21 13:23:00-04:00,20.06999969482422,20.184999465942383,20.06999969482422,20.184999465942383,880,0.0,0.0
2024-10-21 13:24:00-04:00,20.014999389648438,20.270000457763672,20.014999389648438,20.270000457763672,1082,0.0,0.0
2024-10-21 13:33:00-04:00,20.049999237060547,20.280000686645508,20.049999237060547,20.280000686645508,731,0.0,0.0
2024-10-21 13:39:00-04:00,20.010000228881836,20.200000762939453,20.010000228881836,20.200000762939453,482,0.0,0.0
2024-10-21 13:50:00-04:00,20.200000762939453,20.200000762939453,20.200000762939453,20.200000762939453,252,0.0,0.0
2024-10-21 13:55:00-04:00,20.03499984741211,20.184999465942383,20.03499984741211,20.184999465942383,212,0.0,0.0
2024-10-21 13:59:00-04:00,20.079999923706055,20.200000762939453,20.03499984741211,20.200000762939453,611,0.0,0.0
2024-10-21 14:12:00-04:00,20.190000534057617,20.190000534057617,20.190000534057617,20.190000534057617,1922,0.0,0.0
2024-10-21 14:14:00-04:00,20.389999389648438,20.399999618530273,20.360000610351562,20.360000610351562,464,0.0,0.0
2024-10-21 14:15:00-04:00,20.40999984741211,20.71500015258789,20.40999984741211,20.71500015258789,894,0.0,0.0
2024-10-21 14:16:00-04:00,20.649999618530273,21.9950008392334,20.649999618530273,21.9950008392334,11966,0.0,0.0
2024-10-21 14:17:00-04:00,21.600000381469727,22.860000610351562,21.389999389648438,22.850000381469727,26019,0.0,0.0
2024-10-21 14:18:00-04:00,22.809999465942383,22.84000015258789,22.309999465942383,22.84000015258789,3915,0.0,0.0
2024-10-21 14:19:00-04:00,22.540000915527344,24.0,22.540000915527344,23.899999618530273,13292,0.0,0.0
2024-10-21 14:20:00-04:00,23.90999984741211,24.399900436401367,23.90999984741211,24.399900436401367,10023,0.0,0.0
2024-10-21 14:21:00-04:00,24.299999237060547,25.219999313354492,24.25,25.219999313354492,7237,0.0,0.0
2024-10-21 14:22:00-04:00,25.219999313354492,25.219999313354492,25.219999313354492,25.219999313354492,237,0.0,0.0
2024-10-21 14:27:00-04:00,25.0,25.0,23.280000686645508,23.280000686645508,9253,0.0,0.0
2024-10-21 14:28:00-04:00,23.290000915527344,24.211999893188477,23.280000686645508,23.790000915527344,14991,0.0,0.0
2024-10-21 14:29:00-04:00,23.84000015258789,24.100000381469727,23.43000030517578,23.875,12680,0.0,0.0
2024-10-21 14:30:00-04:00,23.75,24.33989906311035,23.75,24.170000076293945,6443,0.0,0.0
2024-10-21 14:31:00-04:00,24.190000534057617,24.190000534057617,23.510000228881836,23.58009910583496,7999,0.0,0.0
2024-10-21 14:32:00-04:00,23.90999984741211,23.92799949645996,23.760000228881836,23.920000076293945,3022,0.0,0.0
2024-10-21 14:33:00-04:00,24.049999237060547,24.8799991607666,24.049999237060547,24.7450008392334,16476,0.0,0.0
2024-10-21 14:34:00-04:00,24.6299991607666,26.614999771118164,24.610000610351562,26.530000686645508,28521,0.0,0.0
2024-10-21 14:35:00-04:00,26.549999237060547,26.639999389648438,25.899999618530273,26.0,27673,0.0,0.0
2024-10-21 14:36:00-04:00,26.049999237060547,26.365100860595703,25.260000228881836,25.730100631713867,27541,0.0,0.0
2024-10-21 14:37:00-04:00,25.229999542236328,25.239999771118164,24.110000610351562,24.440000534057617,8425,0.0,0.0
2024-10-21 14:38:00-04:00,23.93000030517578,23.93000030517578,22.950000762939453,23.911399841308594,4733,0.0,0.0
2024-10-21 14:39:00-04:00,23.100000381469727,23.469900131225586,22.950000762939453,23.18000030517578,2379,0.0,0.0
2024-10-21 14:49:00-04:00,23.010000228881836,23.010000228881836,22.510000228881836,22.510000228881836,9067,0.0,0.0
2024-10-21 14:50:00-04:00,22.924999237060547,22.929899215698242,21.789199829101562,22.049999237060547,17061,0.0,0.0
2024-10-21 14:51:00-04:00,22.104999542236328,22.199899673461914,22.010000228881836,22.12420082092285,5382,0.0,0.0
2024-10-21 14:52:00-04:00,21.700000762939453,22.479999542236328,21.610000610351562,22.479999542236328,8074,0.0,0.0
2024-10-21 14:53:00-04:00,22.25,22.25,22.25,22.25,287,0.0,0.0
2024-10-21 14:54:00-04:00,22.03499984741211,22.170000076293945,22.020000457763672,22.170000076293945,1719,0.0,0.0
2024-10-21 14:55:00-04:00,21.803800582885742,21.803800582885742,21.739999771118164,21.739999771118164,1887,0.0,0.0
2024-10-21 14:56:00-04:00,21.799999237060547,21.799999237060547,21.510000228881836,21.510000228881836,3873,0.0,0.0
2024-10-21 14:57:00-04:00,21.530000686645508,21.530000686645508,21.510000228881836,21.520000457763672,1381,0.0,0.0
2024-10-21 14:58:00-04:00,21.520999908447266,21.655000686645508,21.520000457763672,21.600000381469727,2185,0.0,0.0
2024-10-21 14:59:00-04:00,21.780000686645508,21.799999237060547,21.610000610351562,21.77989959716797,4082,0.0,0.0
2024-10-21 15:00:00-04:00,21.549999237060547,21.579999923706055,21.510000228881836,21.530000686645508,3288,0.0,0.0
2024-10-21 15:01:00-04:00,21.510000228881836,21.510000228881836,21.510000228881836,21.510000228881836,530,0.0,0.0
2024-10-21 15:04:00-04:00,21.989900588989258,21.989900588989258,21.989900588989258,21.989900588989258,468,0.0,0.0
2024-10-21 15:08:00-04:00,21.839000701904297,21.839000701904297,21.839000701904297,21.839000701904297,972,0.0,0.0
2024-10-21 15:09:00-04:00,21.700000762939453,21.709999084472656,21.530000686645508,21.699800491333008,3339,0.0,0.0
2024-10-21 15:10:00-04:00,21.655000686645508,21.655000686645508,21.510000228881836,21.510000228881836,3378,0.0,0.0
2024-10-21 15:11:00-04:00,21.600000381469727,21.600000381469727,21.079999923706055,21.08009910583496,5660,0.0,0.0
2024-10-21 15:12:00-04:00,21.28499984741211,21.28499984741211,21.0,21.0,5540,0.0,0.0
2024-10-21 15:14:00-04:00,21.030000686645508,21.399999618530273,21.030000686645508,21.399999618530273,1659,0.0,0.0
2024-10-21 15:16:00-04:00,21.423999786376953,21.489999771118164,21.423999786376953,21.471200942993164,4082,0.0,0.0
2024-10-21 15:19:00-04:00,21.604000091552734,21.760000228881836,21.40999984741211,21.40999984741211,2335,0.0,0.0
2024-10-21 15:25:00-04:00,21.729999542236328,21.729999542236328,21.729999542236328,21.729999542236328,1018,0.0,0.0
2024-10-21 15:28:00-04:00,21.96500015258789,22.049999237060547,21.950000762939453,22.010000228881836,11286,0.0,0.0
2024-10-21 15:29:00-04:00,22.600000381469727,22.600000381469727,22.600000381469727,22.600000381469727,322,0.0,0.0
2024-10-21 15:32:00-04:00,22.110000610351562,22.110000610351562,21.870100021362305,21.870100021362305,1344,0.0,0.0
2024-10-21 15:33:00-04:00,21.5,22.200000762939453,21.5,21.799999237060547,7356,0.0,0.0
2024-10-21 15:34:00-04:00,21.81999969482422,21.81999969482422,21.81999969482422,21.81999969482422,776,0.0,0.0
2024-10-21 15:38:00-04:00,22.045000076293945,22.045000076293945,22.045000076293945,22.045000076293945,159,0.0,0.0
2024-10-21 15:39:00-04:00,22.175600051879883,22.175600051879883,22.100000381469727,22.100000381469727,1917,0.0,0.0
2024-10-21 15:42:00-04:00,22.236099243164062,22.236099243164062,22.200000762939453,22.200000762939453,4323,0.0,0.0
2024-10-21 15:44:00-04:00,22.1299991607666,22.200000762939453,22.1299991607666,22.149999618530273,1424,0.0,0.0
2024-10-21 15:45:00-04:00,22.040000915527344,22.040000915527344,22.040000915527344,22.040000915527344,712,0.0,0.0
2024-10-21 15:46:00-04:00,22.149999618530273,22.269899368286133,22.149999618530273,22.269899368286133,735,0.0,0.0
2024-10-21 15:47:00-04:00,22.200000762939453,22.270000457763672,22.200000762939453,22.270000457763672,1225,0.0,0.0
2024-10-21 15:48:00-04:00,22.25,22.3700008392334,22.25,22.3700008392334,2577,0.0,0.0
2024-10-21 15:52:00-04:00,22.513700485229492,22.513700485229492,22.441099166870117,22.441099166870117,585,0.0,0.0
2024-10-21 15:53:00-04:00,22.540000915527344,22.709999084472656,22.514999389648438,22.514999389648438,3917,0.0,0.0
2024-10-21 15:54:00-04:00,22.36720085144043,22.36720085144043,22.36720085144043,22.36720085144043,300,0.0,0.0
2024-10-21 15:55:00-04:00,22.420000076293945,22.5,22.420000076293945,22.5,391,0.0,0.0
2024-10-21 15:56:00-04:00,22.520000457763672,22.520000457763672,22.520000457763672,22.520000457763672,961,0.0,0.0
2024-10-21 15:58:00-04:00,22.43000030517578,22.43000030517578,22.43000030517578,22.43000030517578,645,0.0,0.0
2024-10-21 15:59:00-04:00,22.43000030517578,22.43000030517578,22.399999618530273,22.399999618530273,1816,0.0,0.0
2024-10-22 09:30:00-04:00,22.420000076293945,22.599899291992188,22.350000381469727,22.350000381469727,4146,0.0,0.0
2024-10-22 09:31:00-04:00,22.459999084472656,22.989999771118164,22.459999084472656,22.989999771118164,4696,0.0,0.0
2024-10-22 09:32:00-04:00,22.899999618530273,23.809999465942383,22.899999618530273,23.149999618530273,4628,0.0,0.0
2024-10-22 09:33:00-04:00,23.139999389648438,23.859500885009766,23.139999389648438,23.859500885009766,1064,0.0,0.0
2024-10-22 09:35:00-04:00,23.4950008392334,23.4950008392334,23.059999465942383,23.059999465942383,1018,0.0,0.0
2024-10-22 09:37:00-04:00,23.295000076293945,23.295000076293945,23.295000076293945,23.295000076293945,200,0.0,0.0
2024-10-22 09:38:00-04:00,23.479999542236328,23.573999404907227,23.479999542236328,23.573999404907227,857,0.0,0.0
2024-10-22 09:39:00-04:00,23.790000915527344,24.0,23.790000915527344,23.82309913635254,1969,0.0,0.0
2024-10-22 09:40:00-04:00,23.602100372314453,23.889999389648438,23.602100372314453,23.889999389648438,785,0.0,0.0
2024-10-22 09:41:00-04:00,23.610000610351562,23.68000030517578,23.299999237060547,23.5,4984,0.0,0.0
2024-10-22 09:45:00-04:00,23.8700008392334,23.8700008392334,23.8700008392334,23.8700008392334,1637,0.0,0.0
2024-10-22 09:46:00-04:00,23.684999465942383,23.719999313354492,23.5,23.5,2890,0.0,0.0
2024-10-22 09:48:00-04:00,23.299999237060547,23.299999237060547,22.5,22.5,6136,0.0,0.0
2024-10-22 09:49:00-04:00,22.5,22.5,22.5,22.5,381,0.0,0.0
2024-10-22 09:56:00-04:00,22.860000610351562,22.860000610351562,22.860000610351562,22.860000610351562,101,0.0,0.0
2024-10-22 10:01:00-04:00,22.889999389648438,22.922100067138672,22.889999389648438,22.922100067138672,625,0.0,0.0
2024-10-22 10:10:00-04:00,23.083999633789062,23.083999633789062,22.979999542236328,22.979999542236328,486,0.0,0.0
2024-10-22 10:11:00-04:00,23.115999221801758,23.115999221801758,22.980100631713867,22.980100631713867,352,0.0,0.0
2024-10-22 10:12:00-04:00,22.979999542236328,22.979999542236328,22.979999542236328,22.979999542236328,371,0.0,0.0
2024-10-22 10:26:00-04:00,22.989999771118164,22.989999771118164,22.989999771118164,22.989999771118164,1841,0.0,0.0
2024-10-22 10:40:00-04:00,23.1299991607666,23.1299991607666,23.1299991607666,23.1299991607666,110,0.0,0.0
2024-10-22 10:41:00-04:00,23.139999389648438,23.139999389648438,23.139999389648438,23.139999389648438,765,0.0,0.0
2024-10-22 10:44:00-04:00,22.93000030517578,22.93000030517578,22.799999237060547,22.799999237060547,5800,0.0,0.0
2024-10-22 10:51:00-04:00,22.61009979248047,22.61009979248047,22.600000381469727,22.600000381469727,2422,0.0,0.0
2024-10-22 10:52:00-04:00,22.649999618530273,22.649999618530273,22.649999618530273,22.649999618530273,200,0.0,0.0
2024-10-22 10:53:00-04:00,22.649999618530273,22.649999618530273,22.56999969482422,22.56999969482422,747,0.0,0.0
2024-10-22 10:54:00-04:00,22.520000457763672,22.520000457763672,22.270000457763672,22.270000457763672,2567,0.0,0.0
2024-10-22 10:56:00-04:00,22.450000762939453,22.450000762939453,22.450000762939453,22.450000762939453,201,0.0,0.0
2024-10-22 10:58:00-04:00,22.530000686645508,22.549999237060547,22.520000457763672,22.520000457763672,674,0.0,0.0
2024-10-22 11:00:00-04:00,22.3700008392334,22.3700008392334,22.3700008392334,22.3700008392334,232,0.0,0.0
2024-10-22 11:03:00-04:00,22.554000854492188,22.554000854492188,22.554000854492188,22.554000854492188,430,0.0,0.0
2024-10-22 11:10:00-04:00,22.52750015258789,22.52750015258789,22.5049991607666,22.52750015258789,589,0.0,0.0
2024-10-22 11:19:00-04:00,22.655000686645508,22.655000686645508,22.649999618530273,22.649999618530273,596,0.0,0.0
2024-10-22 11:20:00-04:00,22.559999465942383,22.56999969482422,22.559999465942383,22.56999969482422,556,0.0,0.0
2024-10-22 11:21:00-04:00,22.649999618530273,22.649999618530273,22.649999618530273,22.649999618530273,161,0.0,0.0
2024-10-22 11:24:00-04:00,22.549999237060547,22.549999237060547,22.520099639892578,22.520099639892578,303,0.0,0.0
2024-10-22 11:34:00-04:00,22.549999237060547,22.550100326538086,22.520000457763672,22.550100326538086,1140,0.0,0.0
2024-10-22 11:35:00-04:00,22.50200080871582,22.50200080871582,22.440000534057617,22.440000534057617,872,0.0,0.0
2024-10-22 11:36:00-04:00,22.399999618530273,22.399999618530273,22.399999618530273,22.399999618530273,560,0.0,0.0
2024-10-22 11:38:00-04:00,22.312599182128906,22.312599182128906,22.312599182128906,22.312599182128906,566,0.0,0.0
2024-10-22 11:43:00-04:00,22.309900283813477,22.309900283813477,22.309900283813477,22.309900283813477,802,0.0,0.0
2024-10-22 11:45:00-04:00,22.260000228881836,22.260000228881836,22.260000228881836,22.260000228881836,2222,0.0,0.0
2024-10-22 11:48:00-04:00,22.311599731445312,22.311599731445312,22.311599731445312,22.311599731445312,320,0.0,0.0
2024-10-22 11:49:00-04:00,22.5049991607666,22.5049991607666,22.5049991607666,22.5049991607666,1526,0.0,0.0
2024-10-22 11:50:00-04:00,22.354999542236328,22.354999542236328,22.050100326538086,22.050100326538086,4749,0.0,0.0
2024-10-22 11:51:00-04:00,22.139999389648438,22.139999389648438,22.139999389648438,22.139999389648438,1211,0.0,0.0
2024-10-22 11:52:00-04:00,22.174999237060547,22.299999237060547,22.174999237060547,22.299999237060547,1413,0.0,0.0
2024-10-22 11:53:00-04:00,22.299999237060547,22.299999237060547,21.600000381469727,21.600000381469727,2832,0.0,0.0
2024-10-22 11:54:00-04:00,21.790000915527344,21.84000015258789,21.790000915527344,21.84000015258789,1951,0.0,0.0
2024-10-22 11:58:00-04:00,21.100000381469727,21.142000198364258,21.100000381469727,21.142000198364258,468,0.0,0.0
2024-10-22 11:59:00-04:00,21.142799377441406,21.142799377441406,21.0,21.0,3496,0.0,0.0
2024-10-22 12:01:00-04:00,21.274999618530273,21.299999237060547,21.274999618530273,21.299999237060547,398,0.0,0.0
2024-10-22 12:04:00-04:00,21.450000762939453,21.450000762939453,21.450000762939453,21.450000762939453,111,0.0,0.0
2024-10-22 12:12:00-04:00,21.360000610351562,21.799999237060547,21.360000610351562,21.799999237060547,1948,0.0,0.0
2024-10-22 12:29:00-04:00,21.7549991607666,21.899999618530273,21.7549991607666,21.899999618530273,2480,0.0,0.0
2024-10-22 12:43:00-04:00,22.139999389648438,22.140100479125977,22.139999389648438,22.140100479125977,742,0.0,0.0
2024-10-22 12:46:00-04:00,21.850000381469727,21.90999984741211,21.850000381469727,21.90999984741211,555,0.0,0.0
2024-10-22 13:01:00-04:00,21.987199783325195,21.987199783325195,21.987199783325195,21.987199783325195,206,0.0,0.0
2024-10-22 13:06:00-04:00,22.1299991607666,22.1299991607666,21.989999771118164,22.010000228881836,809,0.0,0.0
2024-10-22 13:09:00-04:00,22.0,22.0,22.0,22.0,600,0.0,0.0
2024-10-22 13:10:00-04:00,21.899999618530273,21.899999618530273,21.899999618530273,21.899999618530273,600,0.0,0.0
2024-10-22 13:11:00-04:00,22.1200008392334,22.1200008392334,21.8700008392334,21.899999618530273,2293,0.0,0.0
2024-10-22 13:12:00-04:00,21.670000076293945,21.670000076293945,21.670000076293945,21.670000076293945,500,0.0,0.0
2024-10-22 13:21:00-04:00,21.604900360107422,21.604900360107422,21.604900360107422,21.604900360107422,278,0.0,0.0
2024-10-22 13:27:00-04:00,21.8799991607666,21.8799991607666,21.8799991607666,21.8799991607666,103,0.0,0.0
2024-10-22 13:37:00-04:00,21.610000610351562,21.610000610351562,21.610000610351562,21.610000610351562,210,0.0,0.0
2024-10-22 13:40:00-04:00,21.712600708007812,21.712600708007812,21.56999969482422,21.59000015258789,897,0.0,0.0
2024-10-22 14:12:00-04:00,21.690000534057617,21.690000534057617,21.690000534057617,21.690000534057617,363,0.0,0.0
2024-10-22 14:21:00-04:00,21.600000381469727,21.600000381469727,21.59000015258789,21.59000015258789,1059,0.0,0.0
2024-10-22 14:29:00-04:00,21.399999618530273,21.399999618530273,21.399999618530273,21.399999618530273,198,0.0,0.0
2024-10-22 14:33:00-04:00,21.399999618530273,21.399999618530273,21.399999618530273,21.399999618530273,200,0.0,0.0
2024-10-22 14:34:00-04:00,21.399999618530273,21.399999618530273,21.399999618530273,21.399999618530273,247,0.0,0.0
2024-10-22 14:35:00-04:00,21.299999237060547,21.299999237060547,21.299999237060547,21.299999237060547,780,0.0,0.0
2024-10-22 14:41:00-04:00,21.299999237060547,21.299999237060547,21.299999237060547,21.299999237060547,209,0.0,0.0
2024-10-22 14:42:00-04:00,21.399999618530273,21.399999618530273,21.399999618530273,21.399999618530273,739,0.0,0.0
2024-10-22 14:48:00-04:00,21.300100326538086,21.300100326538086,21.300100326538086,21.300100326538086,416,0.0,0.0
2024-10-22 14:53:00-04:00,21.270000457763672,21.270000457763672,21.270000457763672,21.270000457763672,102,0.0,0.0
2024-10-22 14:54:00-04:00,21.280000686645508,21.280000686645508,21.280000686645508,21.280000686645508,200,0.0,0.0
2024-10-22 14:56:00-04:00,21.290000915527344,21.299999237060547,21.274999618530273,21.290000915527344,1498,0.0,0.0
2024-10-22 14:57:00-04:00,21.31999969482422,21.31999969482422,21.270000457763672,21.270000457763672,580,0.0,0.0
2024-10-22 14:58:00-04:00,21.309999465942383,21.309999465942383,21.0,21.0,793,0.0,0.0
2024-10-22 14:59:00-04:00,21.04199981689453,21.04199981689453,21.04199981689453,21.04199981689453,927,0.0,0.0
2024-10-22 15:07:00-04:00,21.020000457763672,21.030000686645508,21.0,21.000099182128906,3878,0.0,0.0
2024-10-22 15:10:00-04:00,21.290000915527344,21.290000915527344,21.290000915527344,21.290000915527344,804,0.0,0.0
2024-10-22 15:45:00-04:00,21.639999389648438,21.639999389648438,21.6299991607666,21.6299991607666,365,0.0,0.0
2024-10-22 15:50:00-04:00,21.614999771118164,21.614999771118164,21.614999771118164,21.614999771118164,312,0.0,0.0
2024-10-22 15:52:00-04:00,21.649999618530273,21.65999984741211,21.389999389648438,21.389999389648438,622,0.0,0.0
2024-10-22 15:56:00-04:00,21.420000076293945,21.420000076293945,21.399999618530273,21.399999618530273,620,0.0,0.0
2024-10-22 15:57:00-04:00,21.399999618530273,21.399999618530273,21.139999389648438,21.139999389648438,1063,0.0,0.0
2024-10-22 15:58:00-04:00,21.170000076293945,21.3439998626709,21.139999389648438,21.3439998626709,1559,0.0,0.0
2024-10-22 15:59:00-04:00,21.299999237060547,21.329999923706055,21.100000381469727,21.100000381469727,704,0.0,0.0
2024-10-23 09:30:00-04:00,21.1299991607666,21.1299991607666,21.1299991607666,21.1299991607666,1278,0.0,0.0
2024-10-23 09:40:00-04:00,21.5,21.5,21.5,21.5,418,0.0,0.0
2024-10-23 09:49:00-04:00,21.700000762939453,21.700000762939453,21.700000762939453,21.700000762939453,1366,0.0,0.0
2024-10-23 09:50:00-04:00,21.5,21.5,21.5,21.5,291,0.0,0.0
2024-10-23 09:51:00-04:00,21.290000915527344,21.290000915527344,21.109500885009766,21.109500885009766,1597,0.0,0.0
2024-10-23 09:56:00-04:00,21.6200008392334,21.6200008392334,21.190000534057617,21.190000534057617,895,0.0,0.0
2024-10-23 09:58:00-04:00,21.209999084472656,21.209999084472656,21.000099182128906,21.000099182128906,1301,0.0,0.0
2024-10-23 09:59:00-04:00,21.31410026550293,21.31410026550293,21.31410026550293,21.31410026550293,243,0.0,0.0
2024-10-23 10:00:00-04:00,21.187999725341797,21.187999725341797,21.030000686645508,21.030000686645508,1193,0.0,0.0
2024-10-23 10:02:00-04:00,20.700000762939453,20.700000762939453,20.700000762939453,20.700000762939453,1142,0.0,0.0
2024-10-23 10:03:00-04:00,20.780000686645508,20.780000686645508,20.780000686645508,20.780000686645508,311,0.0,0.0
2024-10-23 10:16:00-04:00,21.145000457763672,21.145000457763672,21.145000457763672,21.145000457763672,385,0.0,0.0
2024-10-23 10:18:00-04:00,21.145000457763672,21.145000457763672,21.145000457763672,21.145000457763672,313,0.0,0.0
2024-10-23 10:23:00-04:00,20.850000381469727,20.850000381469727,20.850000381469727,20.850000381469727,1394,0.0,0.0
2024-10-23 10:25:00-04:00,21.100000381469727,21.190000534057617,21.100000381469727,21.100000381469727,564,0.0,0.0
2024-10-23 10:26:00-04:00,21.100000381469727,21.100000381469727,21.100000381469727,21.100000381469727,661,0.0,0.0
2024-10-23 10:31:00-04:00,21.149999618530273,21.149999618530273,20.81999969482422,20.81999969482422,1884,0.0,0.0
2024-10-23 11:15:00-04:00,20.825000762939453,20.825000762939453,20.825000762939453,20.825000762939453,895,0.0,0.0
2024-10-23 11:29:00-04:00,20.739999771118164,20.739999771118164,20.739999771118164,20.739999771118164,378,0.0,0.0
2024-10-23 11:30:00-04:00,20.5,20.5,20.5,20.5,1210,0.0,0.0
2024-10-23 11:52:00-04:00,21.010000228881836,21.010000228881836,21.010000228881836,21.010000228881836,416,0.0,0.0
2024-10-23 12:07:00-04:00,21.065000534057617,21.065000534057617,21.050100326538086,21.050100326538086,598,0.0,0.0
2024-10-23 12:08:00-04:00,21.04199981689453,21.04199981689453,21.04199981689453,21.04199981689453,1539,0.0,0.0
2024-10-23 12:27:00-04:00,20.90999984741211,20.90999984741211,20.90999984741211,20.90999984741211,784,0.0,0.0
2024-10-23 12:31:00-04:00,20.899999618530273,20.899999618530273,20.899999618530273,20.899999618530273,1461,0.0,0.0
2024-10-23 12:50:00-04:00,21.100000381469727,21.100000381469727,21.100000381469727,21.100000381469727,202,0.0,0.0
2024-10-23 12:51:00-04:00,21.059999465942383,21.110000610351562,21.059999465942383,21.110000610351562,469,0.0,0.0
2024-10-23 13:06:00-04:00,21.06999969482422,21.06999969482422,21.06999969482422,21.06999969482422,200,0.0,0.0
2024-10-23 13:08:00-04:00,20.940000534057617,20.940000534057617,20.899999618530273,20.899999618530273,536,0.0,0.0
2024-10-23 13:10:00-04:00,20.850000381469727,20.850000381469727,20.850000381469727,20.850000381469727,2931,0.0,0.0
2024-10-23 13:21:00-04:00,20.850200653076172,20.850200653076172,20.850200653076172,20.850200653076172,655,0.0,0.0
2024-10-23 13:48:00-04:00,20.959999084472656,20.989999771118164,20.959999084472656,20.989999771118164,411,0.0,0.0
2024-10-23 13:52:00-04:00,21.670000076293945,21.670000076293945,21.665000915527344,21.665000915527344,785,0.0,0.0
2024-10-23 13:53:00-04:00,21.204999923706055,21.204999923706055,21.204999923706055,21.204999923706055,722,0.0,0.0
2024-10-23 14:02:00-04:00,21.269899368286133,21.269899368286133,21.124300003051758,21.124300003051758,2740,0.0,0.0
2024-10-23 14:03:00-04:00,21.3799991607666,21.3799991607666,21.3799991607666,21.3799991607666,633,0.0,0.0
2024-10-23 14:05:00-04:00,21.450000762939453,21.924999237060547,21.329999923706055,21.329999923706055,2613,0.0,0.0
2024-10-23 14:09:00-04:00,21.290000915527344,21.290000915527344,21.239999771118164,21.239999771118164,503,0.0,0.0
2024-10-23 14:17:00-04:00,21.200000762939453,21.200000762939453,21.200000762939453,21.200000762939453,190,0.0,0.0
2024-10-23 14:20:00-04:00,21.399999618530273,21.399999618530273,21.399999618530273,21.399999618530273,135,0.0,0.0
2024-10-23 14:36:00-04:00,21.06999969482422,21.06999969482422,21.06999969482422,21.06999969482422,580,0.0,0.0
2024-10-23 14:48:00-04:00,21.06999969482422,21.070100784301758,21.06999969482422,21.070100784301758,882,0.0,0.0
2024-10-23 15:08:00-04:00,21.610000610351562,21.670000076293945,21.479999542236328,21.5,2262,0.0,0.0
2024-10-23 15:09:00-04:00,21.299999237060547,21.299999237060547,21.299999237060547,21.299999237060547,668,0.0,0.0
2024-10-23 15:16:00-04:00,21.030000686645508,21.030000686645508,21.030000686645508,21.030000686645508,208,0.0,0.0
2024-10-23 15:18:00-04:00,21.184999465942383,21.184999465942383,21.184999465942383,21.184999465942383,593,0.0,0.0
2024-10-23 15:20:00-04:00,21.184999465942383,21.184999465942383,21.184999465942383,21.184999465942383,111,0.0,0.0
2024-10-23 15:21:00-04:00,21.184999465942383,21.184999465942383,21.184999465942383,21.184999465942383,1100,0.0,0.0
2024-10-23 15:22:00-04:00,21.184999465942383,21.184999465942383,21.06999969482422,21.06999969482422,632,0.0,0.0
2024-10-23 15:23:00-04:00,20.998699188232422,20.998699188232422,20.998699188232422,20.998699188232422,308,0.0,0.0
2024-10-23 15:25:00-04:00,21.299999237060547,21.299999237060547,21.299999237060547,21.299999237060547,196,0.0,0.0
2024-10-23 15:27:00-04:00,21.184999465942383,21.184999465942383,21.184999465942383,21.184999465942383,24,0.0,0.0
2024-10-23 15:34:00-04:00,21.04319953918457,21.04319953918457,21.04319953918457,21.04319953918457,356,0.0,0.0
2024-10-23 15:42:00-04:00,21.239999771118164,21.239999771118164,21.239999771118164,21.239999771118164,663,0.0,0.0
2024-10-23 15:43:00-04:00,21.06999969482422,21.1299991607666,20.959999084472656,21.1299991607666,1147,0.0,0.0
2024-10-23 15:46:00-04:00,21.030000686645508,21.030000686645508,21.0,21.010000228881836,660,0.0,0.0
2024-10-23 15:48:00-04:00,21.059999465942383,21.059999465942383,21.059999465942383,21.059999465942383,270,0.0,0.0
2024-10-23 15:51:00-04:00,21.18000030517578,21.3700008392334,21.18000030517578,21.3700008392334,1216,0.0,0.0
2024-10-23 15:54:00-04:00,21.34000015258789,21.360000610351562,21.34000015258789,21.360000610351562,935,0.0,0.0
2024-10-23 15:55:00-04:00,21.2450008392334,21.2450008392334,21.2450008392334,21.2450008392334,200,0.0,0.0
2024-10-23 15:57:00-04:00,21.2450008392334,21.2450008392334,21.2450008392334,21.2450008392334,812,0.0,0.0
2024-10-23 15:59:00-04:00,21.18000030517578,21.2450008392334,21.020000457763672,21.06999969482422,5590,0.0,0.0
2024-10-24 09:30:00-04:00,21.309999465942383,21.309999465942383,21.0,21.0,3638,0.0,0.0
2024-10-24 09:31:00-04:00,21.0,21.0,21.0,21.0,2200,0.0,0.0
2024-10-24 09:33:00-04:00,21.1299991607666,21.1299991607666,21.1299991607666,21.1299991607666,0,0.0,0.0
2024-10-24 09:36:00-04:00,21.0,21.0,20.799999237060547,20.799999237060547,1565,0.0,0.0
2024-10-24 09:37:00-04:00,20.760000228881836,20.760000228881836,20.74049949645996,20.74049949645996,301,0.0,0.0
2024-10-24 09:38:00-04:00,20.739999771118164,20.739999771118164,20.739999771118164,20.739999771118164,283,0.0,0.0
2024-10-24 09:39:00-04:00,20.68000030517578,20.68000030517578,20.68000030517578,20.68000030517578,674,0.0,0.0
2024-10-24 09:45:00-04:00,20.75,20.75,20.729999542236328,20.729999542236328,701,0.0,0.0
2024-10-24 09:47:00-04:00,20.8700008392334,20.8700008392334,20.8700008392334,20.8700008392334,249,0.0,0.0
2024-10-24 09:59:00-04:00,21.0,21.0,20.940000534057617,21.0,1243,0.0,0.0
2024-10-24 10:02:00-04:00,21.170000076293945,21.200000762939453,21.170000076293945,21.200000762939453,1295,0.0,0.0
2024-10-24 10:29:00-04:00,21.575000762939453,21.795000076293945,21.575000762939453,21.575000762939453,1106,0.0,0.0
2024-10-24 10:30:00-04:00,21.84000015258789,21.84000015258789,21.84000015258789,21.84000015258789,120,0.0,0.0
2024-10-24 10:34:00-04:00,21.25,21.25,21.25,21.25,124,0.0,0.0
2024-10-24 10:36:00-04:00,21.200000762939453,21.200000762939453,21.200000762939453,21.200000762939453,208,0.0,0.0
2024-10-24 10:47:00-04:00,20.760000228881836,21.149999618530273,20.510000228881836,21.149999618530273,581,0.0,0.0
2024-10-24 10:50:00-04:00,20.980100631713867,20.980100631713867,20.980100631713867,20.980100631713867,507,0.0,0.0
2024-10-24 11:35:00-04:00,21.149999618530273,21.149999618530273,21.149999618530273,21.149999618530273,118,0.0,0.0
2024-10-24 11:51:00-04:00,20.670000076293945,21.040000915527344,20.670000076293945,21.040000915527344,300,0.0,0.0
2024-10-24 11:58:00-04:00,20.969999313354492,20.969999313354492,20.969999313354492,20.969999313354492,301,0.0,0.0
2024-10-24 12:00:00-04:00,20.969999313354492,21.1299991607666,20.959999084472656,21.1299991607666,5764,0.0,0.0
2024-10-24 12:02:00-04:00,21.25,21.25,21.25,21.25,200,0.0,0.0
2024-10-24 12:04:00-04:00,21.139999389648438,21.25,21.139999389648438,21.190000534057617,620,0.0,0.0
2024-10-24 12:09:00-04:00,21.299999237060547,21.299999237060547,21.299999237060547,21.299999237060547,300,0.0,0.0
2024-10-24 12:13:00-04:00,21.350000381469727,21.350000381469727,21.350000381469727,21.350000381469727,1688,0.0,0.0
2024-10-24 12:26:00-04:00,21.239999771118164,21.239999771118164,21.239999771118164,21.239999771118164,1828,0.0,0.0
2024-10-24 12:35:00-04:00,21.510000228881836,21.510000228881836,21.510000228881836,21.510000228881836,868,0.0,0.0
2024-10-24 13:06:00-04:00,21.19499969482422,21.19499969482422,21.19499969482422,21.19499969482422,201,0.0,0.0
2024-10-24 13:08:00-04:00,21.489999771118164,21.489999771118164,21.489999771118164,21.489999771118164,325,0.0,0.0
2024-10-24 13:15:00-04:00,21.489999771118164,21.489999771118164,21.489999771118164,21.489999771118164,264,0.0,0.0
2024-10-24 13:18:00-04:00,21.5,21.5,21.5,21.5,274,0.0,0.0
2024-10-24 13:19:00-04:00,21.081600189208984,21.081600189208984,21.081600189208984,21.081600189208984,144,0.0,0.0
2024-10-24 13:24:00-04:00,21.43000030517578,21.43000030517578,21.43000030517578,21.43000030517578,358,0.0,0.0
2024-10-24 13:51:00-04:00,21.700000762939453,21.700000762939453,21.700000762939453,21.700000762939453,842,0.0,0.0
2024-10-24 13:54:00-04:00,21.799999237060547,21.799999237060547,21.799999237060547,21.799999237060547,2532,0.0,0.0
2024-10-24 13:55:00-04:00,21.809999465942383,21.8799991607666,21.809999465942383,21.809999465942383,2788,0.0,0.0
2024-10-24 13:57:00-04:00,21.815000534057617,21.815000534057617,21.815000534057617,21.815000534057617,162,0.0,0.0
2024-10-24 14:02:00-04:00,21.850000381469727,21.850000381469727,21.809999465942383,21.809999465942383,446,0.0,0.0
2024-10-24 14:09:00-04:00,21.809999465942383,21.809999465942383,21.809999465942383,21.809999465942383,600,0.0,0.0
2024-10-24 14:11:00-04:00,21.690000534057617,21.799999237060547,21.43000030517578,21.799999237060547,4233,0.0,0.0
2024-10-24 14:12:00-04:00,21.80500030517578,21.809999465942383,21.80500030517578,21.809999465942383,890,0.0,0.0
2024-10-24 14:13:00-04:00,22.010000228881836,22.010000228881836,21.80500030517578,22.0,918,0.0,0.0
2024-10-24 14:14:00-04:00,22.030000686645508,22.264999389648438,22.010000228881836,22.264999389648438,621,0.0,0.0
2024-10-24 14:15:00-04:00,21.829999923706055,21.8700008392334,21.711999893188477,21.84000015258789,891,0.0,0.0
2024-10-24 14:16:00-04:00,22.131999969482422,22.131999969482422,21.219999313354492,21.219999313354492,4155,0.0,0.0
2024-10-24 14:17:00-04:00,21.780000686645508,21.780000686645508,21.780000686645508,21.780000686645508,210,0.0,0.0
2024-10-24 14:18:00-04:00,21.770000457763672,21.780000686645508,21.610000610351562,21.780000686645508,1627,0.0,0.0
2024-10-24 14:19:00-04:00,21.75,21.75,21.75,21.75,110,0.0,0.0
2024-10-24 14:20:00-04:00,21.75,21.75,21.59000015258789,21.59000015258789,1468,0.0,0.0
2024-10-24 14:21:00-04:00,21.65999984741211,22.399999618530273,21.6299991607666,22.399999618530273,11147,0.0,0.0
2024-10-24 14:27:00-04:00,22.09000015258789,22.09000015258789,22.079999923706055,22.09000015258789,652,0.0,0.0
2024-10-24 14:28:00-04:00,21.84000015258789,21.989999771118164,21.84000015258789,21.989999771118164,180,0.0,0.0
2024-10-24 14:37:00-04:00,21.950000762939453,21.950000762939453,21.899999618530273,21.899999618530273,3223,0.0,0.0
2024-10-24 15:05:00-04:00,22.5,22.540000915527344,22.25,22.34000015258789,1583,0.0,0.0
2024-10-24 15:06:00-04:00,22.540000915527344,22.540000915527344,22.540000915527344,22.540000915527344,103,0.0,0.0
2024-10-24 15:07:00-04:00,22.06999969482422,22.06999969482422,22.06999969482422,22.06999969482422,368,0.0,0.0
2024-10-24 15:08:00-04:00,22.459999084472656,22.459999084472656,22.459999084472656,22.459999084472656,926,0.0,0.0
2024-10-24 15:26:00-04:00,22.575000762939453,22.575000762939453,22.575000762939453,22.575000762939453,105,0.0,0.0
2024-10-24 15:30:00-04:00,22.575000762939453,22.575000762939453,22.575000762939453,22.575000762939453,422,0.0,0.0
2024-10-24 15:37:00-04:00,22.371200561523438,22.371200561523438,22.371200561523438,22.371200561523438,432,0.0,0.0
2024-10-24 15:41:00-04:00,22.31999969482422,22.31999969482422,22.31999969482422,22.31999969482422,401,0.0,0.0
2024-10-24 15:44:00-04:00,22.209999084472656,22.209999084472656,22.209999084472656,22.209999084472656,373,0.0,0.0
2024-10-24 15:45:00-04:00,22.420000076293945,22.420000076293945,22.420000076293945,22.420000076293945,102,0.0,0.0
2024-10-24 15:47:00-04:00,22.420000076293945,22.420000076293945,22.420000076293945,22.420000076293945,205,0.0,0.0
2024-10-24 15:48:00-04:00,22.110000610351562,22.110000610351562,22.040000915527344,22.040000915527344,2506,0.0,0.0
2024-10-24 15:55:00-04:00,22.280000686645508,22.280000686645508,22.280000686645508,22.280000686645508,891,0.0,0.0
2024-10-24 15:59:00-04:00,22.399999618530273,22.530000686645508,22.399999618530273,22.530000686645508,988,0.0,0.0
2024-10-25 09:30:00-04:00,22.709999084472656,22.709999084472656,22.709999084472656,22.709999084472656,256,0.0,0.0
2024-10-25 09:33:00-04:00,23.40999984741211,23.40999984741211,23.40999984741211,23.40999984741211,1108,0.0,0.0
2024-10-25 09:35:00-04:00,23.469999313354492,23.549999237060547,23.40999984741211,23.40999984741211,1151,0.0,0.0
2024-10-25 09:36:00-04:00,23.399999618530273,23.399999618530273,23.399999618530273,23.399999618530273,1130,0.0,0.0
2024-10-25 09:38:00-04:00,23.399999618530273,23.399999618530273,23.399999618530273,23.399999618530273,400,0.0,0.0
2024-10-25 09:39:00-04:00,23.15999984741211,23.40999984741211,23.15999984741211,23.40999984741211,1944,0.0,0.0
2024-10-25 09:40:00-04:00,23.40999984741211,23.40999984741211,23.40999984741211,23.40999984741211,2298,0.0,0.0
2024-10-25 09:41:00-04:00,23.799999237060547,24.40999984741211,23.690000534057617,24.40999984741211,4386,0.0,0.0
2024-10-25 09:42:00-04:00,23.100000381469727,23.989999771118164,23.100000381469727,23.989999771118164,1051,0.0,0.0
2024-10-25 09:44:00-04:00,23.030000686645508,23.95800018310547,23.030000686645508,23.95800018310547,421,0.0,0.0
2024-10-25 09:45:00-04:00,24.0,24.0,24.0,24.0,298,0.0,0.0
2024-10-25 09:46:00-04:00,24.0,24.0,24.0,24.0,161,0.0,0.0
2024-10-25 09:48:00-04:00,24.0,24.0,22.8799991607666,22.8799991607666,522,0.0,0.0
2024-10-25 09:49:00-04:00,24.0,24.0,22.915599822998047,22.915599822998047,1264,0.0,0.0
2024-10-25 09:50:00-04:00,24.0,24.0,23.079999923706055,23.079999923706055,393,0.0,0.0
2024-10-25 09:56:00-04:00,23.989999771118164,23.989999771118164,23.989999771118164,23.989999771118164,332,0.0,0.0
2024-10-25 09:57:00-04:00,24.0,24.299999237060547,24.0,24.299999237060547,1492,0.0,0.0
2024-10-25 09:58:00-04:00,24.8799991607666,24.8799991607666,24.8799991607666,24.8799991607666,200,0.0,0.0
2024-10-25 09:59:00-04:00,25.0,25.0,25.0,25.0,2288,0.0,0.0
2024-10-25 10:00:00-04:00,25.3799991607666,25.829999923706055,25.3799991607666,25.829999923706055,2717,0.0,0.0
2024-10-25 10:01:00-04:00,24.659500122070312,25.540000915527344,24.659500122070312,25.510000228881836,2031,0.0,0.0
2024-10-25 10:02:00-04:00,24.579999923706055,26.239999771118164,24.559999465942383,26.209999084472656,5848,0.0,0.0
2024-10-25 10:03:00-04:00,26.190000534057617,26.54800033569336,25.725000381469727,25.725000381469727,1903,0.0,0.0
2024-10-25 10:04:00-04:00,25.700000762939453,25.899999618530273,25.700000762939453,25.899999618530273,766,0.0,0.0
2024-10-25 10:06:00-04:00,25.809999465942383,25.924999237060547,25.799999237060547,25.899999618530273,7902,0.0,0.0
2024-10-25 10:09:00-04:00,25.600000381469727,26.11549949645996,25.600000381469727,25.979999542236328,1630,0.0,0.0
2024-10-25 10:10:00-04:00,26.719999313354492,26.719999313354492,26.719999313354492,26.719999313354492,3949,0.0,0.0
2024-10-25 10:11:00-04:00,26.0,27.200000762939453,26.0,27.200000762939453,3546,0.0,0.0
2024-10-25 10:12:00-04:00,27.440000534057617,27.760000228881836,26.780000686645508,27.540000915527344,13019,0.0,0.0
2024-10-25 10:13:00-04:00,27.6299991607666,27.6299991607666,27.420000076293945,27.510000228881836,11824,0.0,0.0
2024-10-25 10:14:00-04:00,27.549999237060547,27.549999237060547,27.110000610351562,27.34000015258789,6446,0.0,0.0
2024-10-25 10:15:00-04:00,27.229999542236328,27.329999923706055,27.229999542236328,27.329999923706055,873,0.0,0.0
2024-10-25 10:16:00-04:00,27.229999542236328,27.229999542236328,27.229999542236328,27.229999542236328,460,0.0,0.0
2024-10-25 10:17:00-04:00,26.5,27.229999542236328,26.0,26.670000076293945,3362,0.0,0.0
2024-10-25 10:18:00-04:00,26.729999542236328,26.739999771118164,26.729999542236328,26.739999771118164,1471,0.0,0.0
2024-10-25 10:19:00-04:00,26.700000762939453,26.700000762939453,26.700000762939453,26.700000762939453,300,0.0,0.0
2024-10-25 10:20:00-04:00,26.670000076293945,26.686500549316406,26.575000762939453,26.575000762939453,1437,0.0,0.0
2024-10-25 10:21:00-04:00,26.440000534057617,26.440000534057617,26.100000381469727,26.100000381469727,1780,0.0,0.0
2024-10-25 10:22:00-04:00,26.0,26.25,26.0,26.25,1196,0.0,0.0
2024-10-25 10:24:00-04:00,26.58989906311035,26.58989906311035,26.295000076293945,26.295000076293945,582,0.0,0.0
2024-10-25 10:25:00-04:00,26.299999237060547,26.59000015258789,26.0,26.0,2371,0.0,0.0
2024-10-25 10:28:00-04:00,25.989999771118164,26.030000686645508,25.989999771118164,26.030000686645508,535,0.0,0.0
2024-10-25 10:30:00-04:00,26.604999542236328,26.604999542236328,26.604999542236328,26.604999542236328,379,0.0,0.0
2024-10-25 10:31:00-04:00,26.610000610351562,26.610000610351562,26.610000610351562,26.610000610351562,127,0.0,0.0
2024-10-25 10:32:00-04:00,26.573699951171875,26.573699951171875,26.573699951171875,26.573699951171875,249,0.0,0.0
2024-10-25 10:33:00-04:00,26.24679946899414,26.323999404907227,26.24679946899414,26.323999404907227,1585,0.0,0.0
2024-10-25 10:34:00-04:00,26.209999084472656,26.209999084472656,26.209999084472656,26.209999084472656,1784,0.0,0.0
2024-10-25 10:36:00-04:00,26.0,26.0,26.0,26.0,322,0.0,0.0
2024-10-25 10:37:00-04:00,25.860000610351562,25.860000610351562,25.81999969482422,25.81999969482422,313,0.0,0.0
2024-10-25 10:38:00-04:00,25.8799991607666,25.8799991607666,25.8700008392334,25.8700008392334,1369,0.0,0.0
2024-10-25 10:39:00-04:00,25.31999969482422,25.31999969482422,25.31999969482422,25.31999969482422,2108,0.0,0.0
2024-10-25 10:40:00-04:00,26.15999984741211,26.15999984741211,26.04010009765625,26.04010009765625,699,0.0,0.0
2024-10-25 10:41:00-04:00,26.059999465942383,26.059999465942383,26.059999465942383,26.059999465942383,239,0.0,0.0
2024-10-25 10:43:00-04:00,25.049999237060547,25.049999237060547,25.049999237060547,25.049999237060547,164,0.0,0.0
2024-10-25 10:45:00-04:00,25.16830062866211,25.16830062866211,25.16830062866211,25.16830062866211,1520,0.0,0.0
2024-10-25 10:46:00-04:00,25.709999084472656,25.709999084472656,25.709999084472656,25.709999084472656,267,0.0,0.0
2024-10-25 10:47:00-04:00,25.959999084472656,25.969999313354492,25.799999237060547,25.799999237060547,1088,0.0,0.0
2024-10-25 10:48:00-04:00,26.0,26.0,26.0,26.0,497,0.0,0.0
2024-10-25 10:52:00-04:00,26.899999618530273,26.899999618530273,26.899999618530273,26.899999618530273,153,0.0,0.0
2024-10-25 10:54:00-04:00,26.18000030517578,26.889999389648438,26.18000030517578,26.84000015258789,1388,0.0,0.0
2024-10-25 10:56:00-04:00,26.549999237060547,26.739999771118164,26.459999084472656,26.739999771118164,500,0.0,0.0
2024-10-25 10:57:00-04:00,26.772300720214844,26.772300720214844,26.772300720214844,26.772300720214844,860,0.0,0.0
2024-10-25 10:58:00-04:00,26.799999237060547,27.0,26.700000762939453,26.700000762939453,1441,0.0,0.0
2024-10-25 11:00:00-04:00,26.959999084472656,26.968000411987305,26.959999084472656,26.968000411987305,593,0.0,0.0
2024-10-25 11:01:00-04:00,27.28030014038086,27.28030014038086,27.260000228881836,27.260000228881836,2600,0.0,0.0
2024-10-25 11:02:00-04:00,27.290000915527344,27.99799919128418,27.290000915527344,27.989999771118164,4009,0.0,0.0
2024-10-25 11:03:00-04:00,27.979999542236328,27.979999542236328,26.393299102783203,26.393299102783203,3311,0.0,0.0
2024-10-25 11:06:00-04:00,27.59000015258789,27.59000015258789,27.59000015258789,27.59000015258789,822,0.0,0.0
2024-10-25 11:07:00-04:00,27.09000015258789,27.09000015258789,27.09000015258789,27.09000015258789,197,0.0,0.0
2024-10-25 11:09:00-04:00,27.0,27.0,27.0,27.0,400,0.0,0.0
2024-10-25 11:10:00-04:00,27.27199935913086,27.27199935913086,27.27199935913086,27.27199935913086,268,0.0,0.0
2024-10-25 11:12:00-04:00,27.579999923706055,27.579999923706055,27.25469970703125,27.25469970703125,366,0.0,0.0
2024-10-25 11:13:00-04:00,28.0,28.0,28.0,28.0,698,0.0,0.0
2024-10-25 11:14:00-04:00,27.989999771118164,28.694000244140625,27.989999771118164,28.694000244140625,4929,0.0,0.0
2024-10-25 11:15:00-04:00,28.520000457763672,28.520000457763672,28.0,28.0,1555,0.0,0.0
2024-10-25 11:16:00-04:00,28.020000457763672,28.88800048828125,28.020000457763672,28.88800048828125,3441,0.0,0.0
2024-10-25 11:17:00-04:00,29.010000228881836,29.010000228881836,29.010000228881836,29.010000228881836,4567,0.0,0.0
2024-10-25 11:21:00-04:00,29.49799919128418,29.5,29.49799919128418,29.5,9086,0.0,0.0
2024-10-25 11:25:00-04:00,31.309999465942383,32.0,31.200000762939453,32.0,25649,0.0,0.0
2024-10-25 11:26:00-04:00,30.790000915527344,30.790000915527344,30.790000915527344,30.790000915527344,10000,0.0,0.0
2024-10-25 11:29:00-04:00,28.895999908447266,28.895999908447266,28.895999908447266,28.895999908447266,5443,0.0,0.0
2024-10-25 11:32:00-04:00,29.803199768066406,29.803199768066406,29.38800048828125,29.38800048828125,4041,0.0,0.0
2024-10-25 11:34:00-04:00,30.0,30.0,30.0,30.0,1676,0.0,0.0
2024-10-25 11:41:00-04:00,28.764999389648438,28.764999389648438,28.59000015258789,28.59000015258789,9819,0.0,0.0
2024-10-25 11:42:00-04:00,28.59000015258789,28.59000015258789,28.5,28.579999923706055,1006,0.0,0.0
2024-10-25 11:43:00-04:00,29.716899871826172,29.716899871826172,29.110000610351562,29.110000610351562,305,0.0,0.0
2024-10-25 11:44:00-04:00,29.110000610351562,29.110000610351562,29.110000610351562,29.110000610351562,131,0.0,0.0
2024-10-25 11:45:00-04:00,29.110000610351562,29.110000610351562,29.110000610351562,29.110000610351562,296,0.0,0.0
2024-10-25 11:46:00-04:00,29.627500534057617,29.709999084472656,29.627500534057617,29.709999084472656,1240,0.0,0.0
2024-10-25 11:48:00-04:00,29.639999389648438,29.639999389648438,29.639999389648438,29.639999389648438,1223,0.0,0.0
2024-10-25 11:49:00-04:00,29.639999389648438,30.190000534057617,28.66349983215332,28.66349983215332,7304,0.0,0.0
2024-10-25 11:50:00-04:00,30.059999465942383,30.059999465942383,30.059999465942383,30.059999465942383,0,0.0,0.0
2024-10-25 11:51:00-04:00,29.329999923706055,29.34000015258789,29.329999923706055,29.34000015258789,1185,0.0,0.0
2024-10-25 11:56:00-04:00,29.200000762939453,29.200000762939453,29.200000762939453,29.200000762939453,578,0.0,0.0
2024-10-25 12:00:00-04:00,29.219999313354492,29.219999313354492,29.219999313354492,29.219999313354492,712,0.0,0.0
2024-10-25 12:01:00-04:00,29.200000762939453,29.200000762939453,29.200000762939453,29.200000762939453,680,0.0,0.0
2024-10-25 12:06:00-04:00,29.200000762939453,29.200000762939453,29.200000762939453,29.200000762939453,1600,0.0,0.0
2024-10-25 12:07:00-04:00,28.93000030517578,28.93000030517578,28.93000030517578,28.93000030517578,0,0.0,0.0
2024-10-25 12:08:00-04:00,29.190000534057617,29.190000534057617,29.190000534057617,29.190000534057617,136,0.0,0.0
2024-10-25 12:09:00-04:00,28.979999542236328,28.979999542236328,28.739999771118164,28.829999923706055,1099,0.0,0.0
2024-10-25 12:10:00-04:00,28.5,28.5,28.5,28.5,1837,0.0,0.0
2024-10-25 12:11:00-04:00,28.5,29.040000915527344,28.5,29.040000915527344,586,0.0,0.0
2024-10-25 12:12:00-04:00,29.100000381469727,29.100000381469727,29.100000381469727,29.100000381469727,149,0.0,0.0
2024-10-25 12:16:00-04:00,28.899999618530273,28.899999618530273,28.65999984741211,28.65999984741211,227,0.0,0.0
2024-10-25 12:18:00-04:00,28.899999618530273,28.899999618530273,28.549999237060547,28.549999237060547,3027,0.0,0.0
2024-10-25 12:19:00-04:00,28.889999389648438,28.899999618530273,28.838499069213867,28.899999618530273,941,0.0,0.0
2024-10-25 12:20:00-04:00,28.899999618530273,29.225000381469727,28.899999618530273,29.225000381469727,2055,0.0,0.0
2024-10-25 12:21:00-04:00,28.920000076293945,28.920000076293945,28.559999465942383,28.559999465942383,941,0.0,0.0
2024-10-25 12:22:00-04:00,28.709999084472656,28.709999084472656,28.59000015258789,28.65999984741211,2241,0.0,0.0
2024-10-25 12:23:00-04:00,28.649999618530273,28.649999618530273,28.500099182128906,28.500099182128906,380,0.0,0.0
2024-10-25 12:25:00-04:00,28.780000686645508,28.780000686645508,28.780000686645508,28.780000686645508,366,0.0,0.0
2024-10-25 12:26:00-04:00,28.520000457763672,28.75,28.510000228881836,28.75,1058,0.0,0.0
2024-10-25 12:27:00-04:00,28.559999465942383,28.559999465942383,28.5,28.5,576,0.0,0.0
2024-10-25 12:29:00-04:00,28.729999542236328,28.729999542236328,28.625,28.625,1352,0.0,0.0
2024-10-25 12:31:00-04:00,28.700000762939453,28.99139976501465,28.700000762939453,28.99139976501465,3084,0.0,0.0
2024-10-25 12:35:00-04:00,28.610000610351562,28.610000610351562,28.500099182128906,28.500099182128906,2349,0.0,0.0
2024-10-25 12:39:00-04:00,28.829999923706055,29.611900329589844,28.829999923706055,29.611900329589844,1535,0.0,0.0
2024-10-25 12:40:00-04:00,28.75,28.75,28.75,28.75,2035,0.0,0.0
2024-10-25 12:41:00-04:00,28.799999237060547,28.799999237060547,28.75,28.75,2205,0.0,0.0
2024-10-25 12:42:00-04:00,28.75,28.75,28.593599319458008,28.593599319458008,1623,0.0,0.0
2024-10-25 12:43:00-04:00,28.872600555419922,28.899999618530273,28.700000762939453,28.700000762939453,619,0.0,0.0
2024-10-25 12:44:00-04:00,28.700000762939453,28.889999389648438,28.700000762939453,28.889999389648438,2776,0.0,0.0
2024-10-25 12:47:00-04:00,28.6560001373291,28.69499969482422,28.6560001373291,28.69499969482422,761,0.0,0.0
2024-10-25 12:48:00-04:00,28.69499969482422,28.69499969482422,28.69499969482422,28.69499969482422,800,0.0,0.0
2024-10-25 12:49:00-04:00,28.75,28.75,28.75,28.75,2472,0.0,0.0
2024-10-25 12:52:00-04:00,28.579999923706055,28.829999923706055,28.579999923706055,28.829999923706055,445,0.0,0.0
2024-10-25 12:54:00-04:00,28.790000915527344,28.790000915527344,28.700000762939453,28.700000762939453,2066,0.0,0.0
2024-10-25 12:56:00-04:00,28.700000762939453,28.700000762939453,28.649999618530273,28.649999618530273,2293,0.0,0.0
2024-10-25 12:57:00-04:00,28.700000762939453,28.700000762939453,28.700000762939453,28.700000762939453,555,0.0,0.0
2024-10-25 12:58:00-04:00,28.6299991607666,28.6299991607666,28.6299991607666,28.6299991607666,1568,0.0,0.0
2024-10-25 12:59:00-04:00,28.684999465942383,28.684999465942383,28.5,28.510000228881836,1868,0.0,0.0
2024-10-25 13:00:00-04:00,28.600000381469727,28.600000381469727,28.5,28.5,2895,0.0,0.0
2024-10-25 13:01:00-04:00,28.5,28.889999389648438,28.390100479125977,28.889999389648438,3105,0.0,0.0
2024-10-25 13:02:00-04:00,28.600000381469727,28.600000381469727,28.600000381469727,28.600000381469727,1475,0.0,0.0
2024-10-25 13:03:00-04:00,28.350000381469727,28.540000915527344,28.350000381469727,28.540000915527344,1533,0.0,0.0
2024-10-25 13:04:00-04:00,28.389999389648438,28.389999389648438,28.350000381469727,28.350000381469727,318,0.0,0.0
2024-10-25 13:06:00-04:00,28.489999771118164,28.489999771118164,28.219999313354492,28.219999313354492,1925,0.0,0.0
2024-10-25 13:07:00-04:00,28.299999237060547,28.299999237060547,28.299999237060547,28.299999237060547,293,0.0,0.0
2024-10-25 13:08:00-04:00,28.25,28.25,27.3799991607666,27.3799991607666,4878,0.0,0.0
2024-10-25 13:09:00-04:00,27.8799991607666,28.200000762939453,27.860000610351562,28.06999969482422,1446,0.0,0.0
2024-10-25 13:11:00-04:00,27.790000915527344,28.0,27.790000915527344,28.0,1026,0.0,0.0
2024-10-25 13:12:00-04:00,28.0,28.0,28.0,28.0,76,0.0,0.0
2024-10-25 13:13:00-04:00,28.0,28.0,28.0,28.0,345,0.0,0.0
2024-10-25 13:18:00-04:00,27.716999053955078,27.716999053955078,27.51099967956543,27.552000045776367,1344,0.0,0.0
2024-10-25 13:25:00-04:00,28.0,28.0,28.0,28.0,206,0.0,0.0
2024-10-25 13:26:00-04:00,28.362699508666992,28.362699508666992,28.362699508666992,28.362699508666992,592,0.0,0.0
2024-10-25 13:36:00-04:00,28.299999237060547,28.898000717163086,28.299999237060547,28.670000076293945,2581,0.0,0.0
2024-10-25 13:41:00-04:00,28.790000915527344,28.790000915527344,28.790000915527344,28.790000915527344,746,0.0,0.0
2024-10-25 13:42:00-04:00,28.889999389648438,28.899999618530273,28.790000915527344,28.889999389648438,1842,0.0,0.0
2024-10-25 13:44:00-04:00,29.114999771118164,29.989999771118164,29.114999771118164,29.950000762939453,818,0.0,0.0
2024-10-25 13:47:00-04:00,28.989999771118164,28.989999771118164,28.989999771118164,28.989999771118164,583,0.0,0.0
2024-10-25 13:51:00-04:00,29.28660011291504,29.28660011291504,29.28660011291504,29.28660011291504,149,0.0,0.0
2024-10-25 13:53:00-04:00,29.469999313354492,29.950000762939453,29.469999313354492,29.950000762939453,405,0.0,0.0
2024-10-25 13:54:00-04:00,29.5,29.5,29.5,29.5,143,0.0,0.0
2024-10-25 13:56:00-04:00,29.950000762939453,29.950000762939453,29.950000762939453,29.950000762939453,229,0.0,0.0
2024-10-25 13:58:00-04:00,29.0,29.0,29.0,29.0,392,0.0,0.0
2024-10-25 14:05:00-04:00,29.46500015258789,29.46500015258789,29.46500015258789,29.46500015258789,550,0.0,0.0
2024-10-25 14:06:00-04:00,29.920000076293945,29.940000534057617,29.46500015258789,29.46500015258789,750,0.0,0.0
2024-10-25 14:07:00-04:00,29.899999618530273,29.940000534057617,29.200000762939453,29.200000762939453,981,0.0,0.0
2024-10-25 14:08:00-04:00,29.69070053100586,29.69070053100586,29.579999923706055,29.579999923706055,310,0.0,0.0
2024-10-25 14:09:00-04:00,29.950000762939453,29.950000762939453,29.950000762939453,29.950000762939453,3000,0.0,0.0
2024-10-25 14:10:00-04:00,30.200000762939453,30.200000762939453,30.200000762939453,30.200000762939453,219,0.0,0.0
2024-10-25 14:11:00-04:00,30.03499984741211,30.03499984741211,30.03499984741211,30.03499984741211,370,0.0,0.0
2024-10-25 14:12:00-04:00,29.0,29.0,29.0,29.0,622,0.0,0.0
2024-10-25 14:13:00-04:00,30.520000457763672,30.520000457763672,30.520000457763672,30.520000457763672,1057,0.0,0.0
2024-10-25 14:14:00-04:00,30.049999237060547,31.68000030517578,30.049999237060547,31.610000610351562,4703,0.0,0.0
2024-10-25 14:15:00-04:00,31.56999969482422,31.687999725341797,30.959999084472656,31.639999389648438,3528,0.0,0.0
2024-10-25 14:16:00-04:00,31.639999389648438,31.68000030517578,30.712799072265625,31.639999389648438,2412,0.0,0.0
2024-10-25 14:17:00-04:00,31.149999618530273,31.690000534057617,31.149999618530273,31.690000534057617,2984,0.0,0.0
2024-10-25 14:18:00-04:00,31.889999389648438,32.95800018310547,31.889999389648438,32.459999084472656,18268,0.0,0.0
2024-10-25 14:19:00-04:00,32.00510025024414,32.10499954223633,31.43000030517578,32.10499954223633,1062,0.0,0.0
2024-10-25 14:20:00-04:00,32.90999984741211,32.9900016784668,32.17499923706055,32.939998626708984,6616,0.0,0.0
2024-10-25 14:21:00-04:00,32.9900016784668,33.1150016784668,32.25,33.1150016784668,18162,0.0,0.0
2024-10-25 14:22:00-04:00,33.34000015258789,33.970001220703125,31.950000762939453,33.88999938964844,6439,0.0,0.0
2024-10-25 14:23:00-04:00,33.86000061035156,35.84989929199219,33.86000061035156,35.70000076293945,13053,0.0,0.0
2024-10-25 14:24:00-04:00,35.70000076293945,37.36000061035156,35.13999938964844,36.84000015258789,22519,0.0,0.0
2024-10-25 14:25:00-04:00,37.20000076293945,37.29999923706055,33.000301361083984,33.59000015258789,10350,0.0,0.0
2024-10-25 14:26:00-04:00,33.33000183105469,33.599998474121094,31.270000457763672,31.270000457763672,9487,0.0,0.0
2024-10-25 14:27:00-04:00,32.15999984741211,32.63949966430664,31.270000457763672,31.270000457763672,2907,0.0,0.0
2024-10-25 14:28:00-04:00,31.780000686645508,32.52000045776367,31.780000686645508,32.439998626708984,3373,0.0,0.0
2024-10-25 14:29:00-04:00,32.279998779296875,32.279998779296875,31.899999618530273,31.899999618530273,2323,0.0,0.0
2024-10-25 14:30:00-04:00,32.0,32.063499450683594,31.439800262451172,31.953399658203125,3266,0.0,0.0
2024-10-25 14:31:00-04:00,31.73200035095215,31.73200035095215,30.0,30.100000381469727,2136,0.0,0.0
2024-10-25 14:32:00-04:00,30.989999771118164,30.989999771118164,30.989999771118164,30.989999771118164,803,0.0,0.0
2024-10-25 14:33:00-04:00,31.010000228881836,31.010000228881836,30.0,30.0,2175,0.0,0.0
2024-10-25 14:34:00-04:00,30.350000381469727,30.350000381469727,30.15999984741211,30.15999984741211,1604,0.0,0.0
2024-10-25 14:40:00-04:00,32.0,32.0,31.5,31.5,2412,0.0,0.0
2024-10-25 14:42:00-04:00,31.989999771118164,32.0,31.600000381469727,31.600000381469727,2058,0.0,0.0
2024-10-25 14:44:00-04:00,32.0,32.0,32.0,32.0,1020,0.0,0.0
2024-10-25 14:45:00-04:00,32.0,33.33000183105469,31.860000610351562,33.33000183105469,3029,0.0,0.0
2024-10-25 14:46:00-04:00,32.7400016784668,33.329898834228516,30.25,32.4900016784668,1465,0.0,0.0
2024-10-25 14:47:00-04:00,31.299999237060547,31.299999237060547,31.299999237060547,31.299999237060547,328,0.0,0.0
2024-10-25 14:50:00-04:00,32.97380065917969,32.97380065917969,32.97380065917969,32.97380065917969,166,0.0,0.0
2024-10-25 14:51:00-04:00,32.5,32.5099983215332,32.5,32.5099983215332,1307,0.0,0.0
2024-10-25 14:54:00-04:00,33.29990005493164,33.29990005493164,33.29990005493164,33.29990005493164,390,0.0,0.0
2024-10-25 14:55:00-04:00,32.55500030517578,32.55569839477539,32.55500030517578,32.55569839477539,1046,0.0,0.0
2024-10-25 14:56:00-04:00,32.849998474121094,32.849998474121094,32.849998474121094,32.849998474121094,322,0.0,0.0
2024-10-25 14:57:00-04:00,32.849998474121094,32.849998474121094,32.849998474121094,32.849998474121094,1089,0.0,0.0
2024-10-25 14:59:00-04:00,33.0,33.0,33.0,33.0,352,0.0,0.0
2024-10-25 15:01:00-04:00,32.7400016784668,32.7400016784668,32.7400016784668,32.7400016784668,141,0.0,0.0
2024-10-25 15:02:00-04:00,33.25,33.47999954223633,32.95000076293945,32.95000076293945,5368,0.0,0.0
2024-10-25 15:03:00-04:00,33.209999084472656,33.209999084472656,33.04999923706055,33.04999923706055,1139,0.0,0.0
2024-10-25 15:04:00-04:00,32.95000076293945,33.185001373291016,32.95000076293945,33.185001373291016,1432,0.0,0.0
2024-10-25 15:05:00-04:00,33.185001373291016,33.185001373291016,33.185001373291016,33.185001373291016,845,0.0,0.0
2024-10-25 15:06:00-04:00,33.128501892089844,33.185001373291016,32.845001220703125,32.845001220703125,2244,0.0,0.0
2024-10-25 15:07:00-04:00,32.720001220703125,32.720001220703125,32.65010070800781,32.65010070800781,1422,0.0,0.0
2024-10-25 15:08:00-04:00,32.689998626708984,32.709999084472656,31.040000915527344,31.325000762939453,4432,0.0,0.0
2024-10-25 15:09:00-04:00,32.19150161743164,32.19150161743164,32.19150161743164,32.19150161743164,256,0.0,0.0
2024-10-25 15:10:00-04:00,31.344999313354492,31.344999313354492,31.344999313354492,31.344999313354492,310,0.0,0.0
2024-10-25 15:12:00-04:00,31.913999557495117,32.17499923706055,31.913999557495117,32.17499923706055,623,0.0,0.0
2024-10-25 15:16:00-04:00,32.0,32.0,32.0,32.0,2500,0.0,0.0
2024-10-25 15:17:00-04:00,31.700000762939453,31.700000762939453,31.700000762939453,31.700000762939453,0,0.0,0.0
2024-10-25 15:19:00-04:00,31.274999618530273,31.59000015258789,31.270000457763672,31.59000015258789,3146,0.0,0.0
2024-10-25 15:20:00-04:00,30.15999984741211,30.71500015258789,30.15999984741211,30.71500015258789,1321,0.0,0.0
2024-10-25 15:23:00-04:00,30.90999984741211,31.399999618530273,30.90999984741211,31.0,853,0.0,0.0
2024-10-25 15:24:00-04:00,30.979999542236328,31.450000762939453,30.979999542236328,31.450000762939453,703,0.0,0.0
2024-10-25 15:28:00-04:00,31.989999771118164,31.989999771118164,31.200000762939453,31.200000762939453,8163,0.0,0.0
2024-10-25 15:29:00-04:00,31.0492000579834,31.049999237060547,31.0492000579834,31.049999237060547,1548,0.0,0.0
2024-10-25 15:31:00-04:00,32.0,32.0,31.399999618530273,31.399999618530273,2123,0.0,0.0
2024-10-25 15:33:00-04:00,31.59000015258789,31.59000015258789,31.59000015258789,31.59000015258789,553,0.0,0.0
2024-10-25 15:37:00-04:00,31.969999313354492,32.16999816894531,31.969999313354492,32.16999816894531,700,0.0,0.0
2024-10-25 15:39:00-04:00,32.52000045776367,32.52000045776367,32.150001525878906,32.150001525878906,624,0.0,0.0
2024-10-25 15:40:00-04:00,32.880001068115234,33.0,32.4900016784668,32.4900016784668,662,0.0,0.0
2024-10-25 15:41:00-04:00,32.48500061035156,33.5,32.064998626708984,32.75,8003,0.0,0.0
2024-10-25 15:42:00-04:00,32.5,32.5,32.0,32.47999954223633,2735,0.0,0.0
2024-10-25 15:43:00-04:00,32.0099983215332,32.0099983215332,31.829999923706055,31.829999923706055,1149,0.0,0.0
2024-10-25 15:44:00-04:00,31.5,31.674999237060547,31.299999237060547,31.299999237060547,1460,0.0,0.0
2024-10-25 15:45:00-04:00,31.292600631713867,31.292600631713867,31.292600631713867,31.292600631713867,2119,0.0,0.0
2024-10-25 15:48:00-04:00,31.709999084472656,32.72999954223633,31.709999084472656,32.72999954223633,3941,0.0,0.0
2024-10-25 15:49:00-04:00,32.54999923706055,32.54999923706055,32.52000045776367,32.52000045776367,1412,0.0,0.0
2024-10-25 15:50:00-04:00,32.40999984741211,33.540000915527344,32.40999984741211,32.564998626708984,11551,0.0,0.0
2024-10-25 15:51:00-04:00,32.630001068115234,32.630001068115234,32.38600158691406,32.38600158691406,1633,0.0,0.0
2024-10-25 15:52:00-04:00,32.5,32.650001525878906,32.5,32.5,1928,0.0,0.0
2024-10-25 15:54:00-04:00,32.45000076293945,32.45000076293945,32.150001525878906,32.150001525878906,1335,0.0,0.0
2024-10-25 15:55:00-04:00,32.959999084472656,32.959999084472656,32.02000045776367,32.04999923706055,6725,0.0,0.0
2024-10-25 15:57:00-04:00,32.040000915527344,32.1349983215332,31.8700008392334,31.8700008392334,2751,0.0,0.0
2024-10-25 15:58:00-04:00,32.1349983215332,32.1349983215332,32.1349983215332,32.1349983215332,941,0.0,0.0
2024-10-25 15:59:00-04:00,32.09000015258789,32.400001525878906,32.0099983215332,32.380001068115234,1838,0.0,0.0
