Datetime,Open,High,Low,Close,Volume,Dividends,Stock Splits
2024-10-21 09:30:00-04:00,6.510000228881836,6.545000076293945,6.510000228881836,6.539999961853027,4537,0.0,0.0
2024-10-21 09:32:00-04:00,6.534999847412109,6.550000190734863,6.519999980926514,6.545000076293945,1209,0.0,0.0
2024-10-21 09:33:00-04:00,6.559999942779541,6.559999942779541,6.539999961853027,6.539999961853027,200,0.0,0.0
2024-10-21 09:34:00-04:00,6.539999961853027,6.539999961853027,6.539999961853027,6.539999961853027,272,0.0,0.0
2024-10-21 09:35:00-04:00,6.519999980926514,6.519999980926514,6.519999980926514,6.519999980926514,1337,0.0,0.0
2024-10-21 09:36:00-04:00,6.510000228881836,6.53000020980835,6.510000228881836,6.53000020980835,1738,0.0,0.0
2024-10-21 09:41:00-04:00,6.519999980926514,6.519999980926514,6.519999980926514,6.519999980926514,1759,0.0,0.0
2024-10-21 09:42:00-04:00,6.53000020980835,6.53000020980835,6.53000020980835,6.53000020980835,1468,0.0,0.0
2024-10-21 09:43:00-04:00,6.53000020980835,6.53000020980835,6.53000020980835,6.53000020980835,813,0.0,0.0
2024-10-21 09:44:00-04:00,6.539999961853027,6.539999961853027,6.53000020980835,6.539999961853027,725,0.0,0.0
2024-10-21 09:46:00-04:00,6.550000190734863,6.550000190734863,6.53000020980835,6.53000020980835,944,0.0,0.0
2024-10-21 09:47:00-04:00,6.53000020980835,6.539999961853027,6.53000020980835,6.539999961853027,509,0.0,0.0
2024-10-21 09:48:00-04:00,6.539999961853027,6.539999961853027,6.539999961853027,6.539999961853027,100,0.0,0.0
2024-10-21 09:49:00-04:00,6.53000020980835,6.539999961853027,6.53000020980835,6.539999961853027,317,0.0,0.0
2024-10-21 09:50:00-04:00,6.539999961853027,6.550000190734863,6.539999961853027,6.550000190734863,725,0.0,0.0
2024-10-21 09:51:00-04:00,6.550000190734863,6.550000190734863,6.550000190734863,6.550000190734863,923,0.0,0.0
2024-10-21 09:52:00-04:00,6.550000190734863,6.550000190734863,6.550000190734863,6.550000190734863,101,0.0,0.0
2024-10-21 09:53:00-04:00,6.550000190734863,6.550000190734863,6.550000190734863,6.550000190734863,100,0.0,0.0
2024-10-21 09:54:00-04:00,6.540900230407715,6.540900230407715,6.539999961853027,6.539999961853027,533,0.0,0.0
2024-10-21 09:55:00-04:00,6.539999961853027,6.539999961853027,6.539999961853027,6.539999961853027,365,0.0,0.0
2024-10-21 09:56:00-04:00,6.519999980926514,6.525000095367432,6.519999980926514,6.525000095367432,522,0.0,0.0
2024-10-21 09:57:00-04:00,6.510000228881836,6.510000228881836,6.510000228881836,6.510000228881836,112,0.0,0.0
2024-10-21 09:58:00-04:00,6.5,6.5,6.5,6.5,301,0.0,0.0
2024-10-21 10:00:00-04:00,6.5,6.5,6.489999771118164,6.489999771118164,1343,0.0,0.0
2024-10-21 10:01:00-04:00,6.494999885559082,6.494999885559082,6.489999771118164,6.489999771118164,792,0.0,0.0
2024-10-21 10:02:00-04:00,6.489999771118164,6.489999771118164,6.489999771118164,6.489999771118164,162,0.0,0.0
2024-10-21 10:03:00-04:00,6.489999771118164,6.489999771118164,6.489999771118164,6.489999771118164,358,0.0,0.0
2024-10-21 10:04:00-04:00,6.485000133514404,6.485000133514404,6.46999979019165,6.46999979019165,860,0.0,0.0
2024-10-21 10:05:00-04:00,6.46999979019165,6.46999979019165,6.460000038146973,6.460000038146973,575,0.0,0.0
2024-10-21 10:06:00-04:00,6.460000038146973,6.460000038146973,6.449999809265137,6.454999923706055,733,0.0,0.0
2024-10-21 10:08:00-04:00,6.449999809265137,6.449999809265137,6.449999809265137,6.449999809265137,245,0.0,0.0
2024-10-21 10:09:00-04:00,6.460000038146973,6.460000038146973,6.460000038146973,6.460000038146973,1262,0.0,0.0
2024-10-21 10:10:00-04:00,6.449999809265137,6.449999809265137,6.445000171661377,6.445000171661377,1597,0.0,0.0
2024-10-21 10:12:00-04:00,6.445000171661377,6.454999923706055,6.445000171661377,6.454999923706055,620,0.0,0.0
2024-10-21 10:13:00-04:00,6.454999923706055,6.454999923706055,6.454999923706055,6.454999923706055,324,0.0,0.0
2024-10-21 10:14:00-04:00,6.449999809265137,6.449999809265137,6.449999809265137,6.449999809265137,407,0.0,0.0
2024-10-21 10:16:00-04:00,6.445000171661377,6.445000171661377,6.445000171661377,6.445000171661377,756,0.0,0.0
2024-10-21 10:17:00-04:00,6.445000171661377,6.445000171661377,6.440000057220459,6.440000057220459,232,0.0,0.0
2024-10-21 10:18:00-04:00,6.440000057220459,6.445000171661377,6.440000057220459,6.445000171661377,335,0.0,0.0
2024-10-21 10:19:00-04:00,6.440000057220459,6.449999809265137,6.434999942779541,6.449999809265137,2220,0.0,0.0
2024-10-21 10:20:00-04:00,6.460000038146973,6.460000038146973,6.454999923706055,6.454999923706055,331,0.0,0.0
2024-10-21 10:21:00-04:00,6.445000171661377,6.445000171661377,6.445000171661377,6.445000171661377,1400,0.0,0.0
2024-10-21 10:22:00-04:00,6.445000171661377,6.454999923706055,6.445000171661377,6.454999923706055,1817,0.0,0.0
2024-10-21 10:24:00-04:00,6.454999923706055,6.454999923706055,6.449999809265137,6.449999809265137,260,0.0,0.0
2024-10-21 10:25:00-04:00,6.449999809265137,6.449999809265137,6.449999809265137,6.449999809265137,1422,0.0,0.0
2024-10-21 10:26:00-04:00,6.449999809265137,6.453499794006348,6.449999809265137,6.453499794006348,2668,0.0,0.0
2024-10-21 10:27:00-04:00,6.449999809265137,6.449999809265137,6.449999809265137,6.449999809265137,158,0.0,0.0
2024-10-21 10:28:00-04:00,6.440000057220459,6.445000171661377,6.440000057220459,6.440000057220459,2628,0.0,0.0
2024-10-21 10:29:00-04:00,6.445000171661377,6.445000171661377,6.445000171661377,6.445000171661377,321,0.0,0.0
2024-10-21 10:30:00-04:00,6.440000057220459,6.440000057220459,6.434999942779541,6.440000057220459,1376,0.0,0.0
2024-10-21 10:31:00-04:00,6.440000057220459,6.440000057220459,6.440000057220459,6.440000057220459,1731,0.0,0.0
2024-10-21 10:32:00-04:00,6.445000171661377,6.445000171661377,6.445000171661377,6.445000171661377,108,0.0,0.0
2024-10-21 10:33:00-04:00,6.443999767303467,6.443999767303467,6.443999767303467,6.443999767303467,318,0.0,0.0
2024-10-21 10:34:00-04:00,6.440000057220459,6.440000057220459,6.440000057220459,6.440000057220459,116,0.0,0.0
2024-10-21 10:35:00-04:00,6.445000171661377,6.449999809265137,6.440000057220459,6.440000057220459,972,0.0,0.0
2024-10-21 10:36:00-04:00,6.445000171661377,6.445000171661377,6.445000171661377,6.445000171661377,348,0.0,0.0
2024-10-21 10:37:00-04:00,6.449999809265137,6.454999923706055,6.449999809265137,6.449999809265137,1268,0.0,0.0
2024-10-21 10:38:00-04:00,6.454999923706055,6.454999923706055,6.454999923706055,6.454999923706055,270,0.0,0.0
2024-10-21 10:39:00-04:00,6.449999809265137,6.449999809265137,6.449999809265137,6.449999809265137,510,0.0,0.0
2024-10-21 10:40:00-04:00,6.445000171661377,6.445000171661377,6.434999942779541,6.434999942779541,20863,0.0,0.0
2024-10-21 10:41:00-04:00,6.434999942779541,6.434999942779541,6.429999828338623,6.429999828338623,325,0.0,0.0
2024-10-21 10:42:00-04:00,6.429999828338623,6.434999942779541,6.429999828338623,6.429999828338623,625,0.0,0.0
2024-10-21 10:43:00-04:00,6.429999828338623,6.429999828338623,6.429999828338623,6.429999828338623,891,0.0,0.0
2024-10-21 10:44:00-04:00,6.425000190734863,6.425000190734863,6.425000190734863,6.425000190734863,219,0.0,0.0
2024-10-21 10:45:00-04:00,6.425000190734863,6.425000190734863,6.420000076293945,6.420000076293945,1633,0.0,0.0
2024-10-21 10:46:00-04:00,6.420000076293945,6.420000076293945,6.409999847412109,6.409999847412109,408,0.0,0.0
2024-10-21 10:47:00-04:00,6.420000076293945,6.420000076293945,6.414999961853027,6.414999961853027,595,0.0,0.0
2024-10-21 10:48:00-04:00,6.409999847412109,6.409999847412109,6.409999847412109,6.409999847412109,624,0.0,0.0
2024-10-21 10:49:00-04:00,6.409999847412109,6.409999847412109,6.409999847412109,6.409999847412109,449,0.0,0.0
2024-10-21 10:51:00-04:00,6.414999961853027,6.414999961853027,6.414999961853027,6.414999961853027,201,0.0,0.0
2024-10-21 10:52:00-04:00,6.414999961853027,6.414999961853027,6.389999866485596,6.389999866485596,1301,0.0,0.0
2024-10-21 10:53:00-04:00,6.3979997634887695,6.400000095367432,6.389999866485596,6.389999866485596,4398,0.0,0.0
2024-10-21 10:54:00-04:00,6.389999866485596,6.389999866485596,6.389999866485596,6.389999866485596,231,0.0,0.0
2024-10-21 10:55:00-04:00,6.383999824523926,6.383999824523926,6.383999824523926,6.383999824523926,738,0.0,0.0
2024-10-21 10:57:00-04:00,6.380000114440918,6.380000114440918,6.380000114440918,6.380000114440918,120,0.0,0.0
2024-10-21 10:58:00-04:00,6.385000228881836,6.385000228881836,6.380000114440918,6.385000228881836,551,0.0,0.0
2024-10-21 11:00:00-04:00,6.380000114440918,6.380000114440918,6.375,6.375,1247,0.0,0.0
2024-10-21 11:02:00-04:00,6.375,6.375,6.364999771118164,6.364999771118164,3997,0.0,0.0
2024-10-21 11:04:00-04:00,6.369999885559082,6.369999885559082,6.364999771118164,6.364999771118164,316,0.0,0.0
2024-10-21 11:05:00-04:00,6.364999771118164,6.364999771118164,6.360000133514404,6.360000133514404,371,0.0,0.0
2024-10-21 11:06:00-04:00,6.360000133514404,6.360000133514404,6.360000133514404,6.360000133514404,110,0.0,0.0
2024-10-21 11:07:00-04:00,6.360000133514404,6.364999771118164,6.360000133514404,6.364999771118164,496,0.0,0.0
2024-10-21 11:08:00-04:00,6.360000133514404,6.360000133514404,6.355000019073486,6.355000019073486,2490,0.0,0.0
2024-10-21 11:09:00-04:00,6.349999904632568,6.349999904632568,6.340000152587891,6.34499979019165,1034,0.0,0.0
2024-10-21 11:10:00-04:00,6.34499979019165,6.34499979019165,6.34499979019165,6.34499979019165,961,0.0,0.0
2024-10-21 11:11:00-04:00,6.349999904632568,6.349999904632568,6.349999904632568,6.349999904632568,1894,0.0,0.0
2024-10-21 11:12:00-04:00,6.355000019073486,6.355000019073486,6.355000019073486,6.355000019073486,412,0.0,0.0
2024-10-21 11:13:00-04:00,6.355000019073486,6.355000019073486,6.349999904632568,6.355000019073486,3120,0.0,0.0
2024-10-21 11:14:00-04:00,6.355000019073486,6.355000019073486,6.355000019073486,6.355000019073486,110,0.0,0.0
2024-10-21 11:15:00-04:00,6.349999904632568,6.360000133514404,6.34499979019165,6.360000133514404,3671,0.0,0.0
2024-10-21 11:16:00-04:00,6.355000019073486,6.355000019073486,6.355000019073486,6.355000019073486,300,0.0,0.0
2024-10-21 11:17:00-04:00,6.355000019073486,6.355000019073486,6.355000019073486,6.355000019073486,468,0.0,0.0
2024-10-21 11:18:00-04:00,6.355000019073486,6.355000019073486,6.355000019073486,6.355000019073486,138,0.0,0.0
2024-10-21 11:19:00-04:00,6.355000019073486,6.355000019073486,6.355000019073486,6.355000019073486,142,0.0,0.0
2024-10-21 11:20:00-04:00,6.360000133514404,6.360000133514404,6.355000019073486,6.355000019073486,241,0.0,0.0
2024-10-21 11:21:00-04:00,6.357999801635742,6.360000133514404,6.355000019073486,6.355000019073486,499,0.0,0.0
2024-10-21 11:22:00-04:00,6.349999904632568,6.355000019073486,6.34499979019165,6.34499979019165,2338,0.0,0.0
2024-10-21 11:23:00-04:00,6.34499979019165,6.34499979019165,6.34499979019165,6.34499979019165,307,0.0,0.0
2024-10-21 11:24:00-04:00,6.340000152587891,6.340000152587891,6.340000152587891,6.340000152587891,157,0.0,0.0
2024-10-21 11:25:00-04:00,6.34499979019165,6.34499979019165,6.34499979019165,6.34499979019165,209,0.0,0.0
2024-10-21 11:26:00-04:00,6.340000152587891,6.340000152587891,6.340000152587891,6.340000152587891,507,0.0,0.0
2024-10-21 11:27:00-04:00,6.340000152587891,6.340000152587891,6.340000152587891,6.340000152587891,493,0.0,0.0
2024-10-21 11:29:00-04:00,6.340000152587891,6.340000152587891,6.340000152587891,6.340000152587891,349,0.0,0.0
2024-10-21 11:30:00-04:00,6.335000038146973,6.335000038146973,6.329999923706055,6.329999923706055,354,0.0,0.0
2024-10-21 11:31:00-04:00,6.329999923706055,6.335000038146973,6.329999923706055,6.335000038146973,403,0.0,0.0
2024-10-21 11:32:00-04:00,6.329999923706055,6.329999923706055,6.329999923706055,6.329999923706055,200,0.0,0.0
2024-10-21 11:33:00-04:00,6.329999923706055,6.329999923706055,6.324999809265137,6.324999809265137,377,0.0,0.0
2024-10-21 11:34:00-04:00,6.329999923706055,6.335000038146973,6.329999923706055,6.335000038146973,1247,0.0,0.0
2024-10-21 11:35:00-04:00,6.335000038146973,6.335000038146973,6.329999923706055,6.335000038146973,1598,0.0,0.0
2024-10-21 11:38:00-04:00,6.335000038146973,6.335000038146973,6.335000038146973,6.335000038146973,116,0.0,0.0
2024-10-21 11:39:00-04:00,6.335000038146973,6.335000038146973,6.335000038146973,6.335000038146973,258,0.0,0.0
2024-10-21 11:40:00-04:00,6.340000152587891,6.340000152587891,6.340000152587891,6.340000152587891,186,0.0,0.0
2024-10-21 11:41:00-04:00,6.340000152587891,6.340000152587891,6.329999923706055,6.329999923706055,5577,0.0,0.0
2024-10-21 11:42:00-04:00,6.335000038146973,6.335000038146973,6.329999923706055,6.329999923706055,2395,0.0,0.0
2024-10-21 11:43:00-04:00,6.329999923706055,6.349999904632568,6.329999923706055,6.349999904632568,2468,0.0,0.0
2024-10-21 11:45:00-04:00,6.359899997711182,6.359899997711182,6.359899997711182,6.359899997711182,310,0.0,0.0
2024-10-21 11:46:00-04:00,6.360000133514404,6.360000133514404,6.360000133514404,6.360000133514404,215,0.0,0.0
2024-10-21 11:47:00-04:00,6.355000019073486,6.355000019073486,6.355000019073486,6.355000019073486,215,0.0,0.0
2024-10-21 11:48:00-04:00,6.349999904632568,6.349999904632568,6.340000152587891,6.340000152587891,2133,0.0,0.0
2024-10-21 11:49:00-04:00,6.340000152587891,6.340000152587891,6.340000152587891,6.340000152587891,104,0.0,0.0
2024-10-21 11:50:00-04:00,6.34499979019165,6.34499979019165,6.34499979019165,6.34499979019165,209,0.0,0.0
2024-10-21 11:51:00-04:00,6.349999904632568,6.349999904632568,6.349999904632568,6.349999904632568,938,0.0,0.0
2024-10-21 11:52:00-04:00,6.349999904632568,6.355000019073486,6.34499979019165,6.355000019073486,1145,0.0,0.0
2024-10-21 11:54:00-04:00,6.349999904632568,6.349999904632568,6.349999904632568,6.349999904632568,574,0.0,0.0
2024-10-21 11:55:00-04:00,6.360000133514404,6.360000133514404,6.355000019073486,6.355000019073486,6939,0.0,0.0
2024-10-21 11:56:00-04:00,6.355000019073486,6.364999771118164,6.355000019073486,6.364999771118164,1491,0.0,0.0
2024-10-21 11:57:00-04:00,6.369999885559082,6.369999885559082,6.369999885559082,6.369999885559082,165,0.0,0.0
2024-10-21 11:58:00-04:00,6.360000133514404,6.360000133514404,6.360000133514404,6.360000133514404,678,0.0,0.0
2024-10-21 11:59:00-04:00,6.355000019073486,6.355000019073486,6.355000019073486,6.355000019073486,120,0.0,0.0
2024-10-21 12:00:00-04:00,6.355000019073486,6.355000019073486,6.349999904632568,6.349999904632568,411,0.0,0.0
2024-10-21 12:02:00-04:00,6.355000019073486,6.355000019073486,6.349999904632568,6.349999904632568,926,0.0,0.0
2024-10-21 12:03:00-04:00,6.34499979019165,6.34499979019165,6.340000152587891,6.343999862670898,4703,0.0,0.0
2024-10-21 12:04:00-04:00,6.340000152587891,6.34499979019165,6.340000152587891,6.34499979019165,688,0.0,0.0
2024-10-21 12:07:00-04:00,6.34499979019165,6.34499979019165,6.340000152587891,6.340000152587891,258,0.0,0.0
2024-10-21 12:08:00-04:00,6.34499979019165,6.34499979019165,6.34499979019165,6.34499979019165,448,0.0,0.0
2024-10-21 12:09:00-04:00,6.349999904632568,6.360000133514404,6.34499979019165,6.360000133514404,7170,0.0,0.0
2024-10-21 12:10:00-04:00,6.369999885559082,6.369999885559082,6.369999885559082,6.369999885559082,897,0.0,0.0
2024-10-21 12:13:00-04:00,6.364999771118164,6.364999771118164,6.360000133514404,6.360000133514404,980,0.0,0.0
2024-10-21 12:14:00-04:00,6.355000019073486,6.355000019073486,6.349999904632568,6.349999904632568,422,0.0,0.0
2024-10-21 12:15:00-04:00,6.349999904632568,6.349999904632568,6.349999904632568,6.349999904632568,317,0.0,0.0
2024-10-21 12:16:00-04:00,6.349999904632568,6.349999904632568,6.349999904632568,6.349999904632568,155,0.0,0.0
2024-10-21 12:17:00-04:00,6.355000019073486,6.360000133514404,6.355000019073486,6.355000019073486,1007,0.0,0.0
2024-10-21 12:18:00-04:00,6.355000019073486,6.360000133514404,6.355000019073486,6.360000133514404,556,0.0,0.0
2024-10-21 12:19:00-04:00,6.355000019073486,6.360000133514404,6.355000019073486,6.360000133514404,595,0.0,0.0
2024-10-21 12:20:00-04:00,6.355000019073486,6.355000019073486,6.355000019073486,6.355000019073486,106,0.0,0.0
2024-10-21 12:21:00-04:00,6.360000133514404,6.360000133514404,6.355000019073486,6.355000019073486,510,0.0,0.0
2024-10-21 12:22:00-04:00,6.349999904632568,6.360000133514404,6.349999904632568,6.360000133514404,359,0.0,0.0
2024-10-21 12:23:00-04:00,6.355000019073486,6.360000133514404,6.349999904632568,6.349999904632568,884,0.0,0.0
2024-10-21 12:24:00-04:00,6.349999904632568,6.349999904632568,6.34499979019165,6.349999904632568,1110,0.0,0.0
2024-10-21 12:25:00-04:00,6.349999904632568,6.360000133514404,6.34499979019165,6.360000133514404,2423,0.0,0.0
2024-10-21 12:26:00-04:00,6.360000133514404,6.360000133514404,6.360000133514404,6.360000133514404,150,0.0,0.0
2024-10-21 12:27:00-04:00,6.355000019073486,6.355000019073486,6.355000019073486,6.355000019073486,227,0.0,0.0
2024-10-21 12:28:00-04:00,6.349999904632568,6.349999904632568,6.349999904632568,6.349999904632568,1590,0.0,0.0
2024-10-21 12:29:00-04:00,6.340000152587891,6.340000152587891,6.340000152587891,6.340000152587891,202,0.0,0.0
2024-10-21 12:30:00-04:00,6.34499979019165,6.34499979019165,6.34499979019165,6.34499979019165,133,0.0,0.0
2024-10-21 12:31:00-04:00,6.34499979019165,6.34499979019165,6.34499979019165,6.34499979019165,396,0.0,0.0
2024-10-21 12:33:00-04:00,6.34499979019165,6.34499979019165,6.34499979019165,6.34499979019165,280,0.0,0.0
2024-10-21 12:34:00-04:00,6.349999904632568,6.349999904632568,6.34499979019165,6.34499979019165,546,0.0,0.0
2024-10-21 12:35:00-04:00,6.343999862670898,6.34499979019165,6.343999862670898,6.34499979019165,891,0.0,0.0
2024-10-21 12:36:00-04:00,6.34499979019165,6.34499979019165,6.34499979019165,6.34499979019165,115,0.0,0.0
2024-10-21 12:37:00-04:00,6.34499979019165,6.34499979019165,6.340000152587891,6.340000152587891,508,0.0,0.0
2024-10-21 12:38:00-04:00,6.340000152587891,6.340000152587891,6.340000152587891,6.340000152587891,234,0.0,0.0
2024-10-21 12:40:00-04:00,6.34499979019165,6.34499979019165,6.34499979019165,6.34499979019165,404,0.0,0.0
2024-10-21 12:43:00-04:00,6.340000152587891,6.340000152587891,6.340000152587891,6.340000152587891,114,0.0,0.0
2024-10-21 12:44:00-04:00,6.34499979019165,6.34499979019165,6.340000152587891,6.340000152587891,556,0.0,0.0
2024-10-21 12:45:00-04:00,6.340000152587891,6.34499979019165,6.340000152587891,6.340000152587891,514,0.0,0.0
2024-10-21 12:46:00-04:00,6.349899768829346,6.349899768829346,6.349899768829346,6.349899768829346,1096,0.0,0.0
2024-10-21 12:47:00-04:00,6.34499979019165,6.34499979019165,6.340000152587891,6.34499979019165,549,0.0,0.0
2024-10-21 12:48:00-04:00,6.340000152587891,6.340000152587891,6.335000038146973,6.335000038146973,1251,0.0,0.0
2024-10-21 12:49:00-04:00,6.335000038146973,6.335000038146973,6.335000038146973,6.335000038146973,526,0.0,0.0
2024-10-21 12:50:00-04:00,6.340000152587891,6.340000152587891,6.340000152587891,6.340000152587891,113,0.0,0.0
2024-10-21 12:51:00-04:00,6.335000038146973,6.335000038146973,6.329999923706055,6.329999923706055,981,0.0,0.0
2024-10-21 12:52:00-04:00,6.340000152587891,6.340000152587891,6.340000152587891,6.340000152587891,105,0.0,0.0
2024-10-21 12:53:00-04:00,6.340000152587891,6.340000152587891,6.335000038146973,6.340000152587891,1085,0.0,0.0
2024-10-21 12:54:00-04:00,6.340000152587891,6.34499979019165,6.335000038146973,6.34499979019165,2892,0.0,0.0
2024-10-21 12:55:00-04:00,6.34499979019165,6.34499979019165,6.34499979019165,6.34499979019165,316,0.0,0.0
2024-10-21 12:56:00-04:00,6.34499979019165,6.34499979019165,6.34499979019165,6.34499979019165,266,0.0,0.0
2024-10-21 12:58:00-04:00,6.340000152587891,6.34499979019165,6.340000152587891,6.34499979019165,226,0.0,0.0
2024-10-21 12:59:00-04:00,6.340000152587891,6.340000152587891,6.340000152587891,6.340000152587891,242,0.0,0.0
2024-10-21 13:00:00-04:00,6.34499979019165,6.3480000495910645,6.34499979019165,6.3480000495910645,1348,0.0,0.0
2024-10-21 13:01:00-04:00,6.34499979019165,6.349999904632568,6.34499979019165,6.34499979019165,1042,0.0,0.0
2024-10-21 13:03:00-04:00,6.34499979019165,6.34499979019165,6.34499979019165,6.34499979019165,181,0.0,0.0
2024-10-21 13:04:00-04:00,6.34499979019165,6.34499979019165,6.34499979019165,6.34499979019165,104,0.0,0.0
2024-10-21 13:05:00-04:00,6.34499979019165,6.34499979019165,6.340000152587891,6.34499979019165,897,0.0,0.0
2024-10-21 13:06:00-04:00,6.34499979019165,6.349999904632568,6.34499979019165,6.349999904632568,525,0.0,0.0
2024-10-21 13:07:00-04:00,6.349999904632568,6.349999904632568,6.34499979019165,6.34499979019165,3840,0.0,0.0
2024-10-21 13:08:00-04:00,6.34499979019165,6.34499979019165,6.34499979019165,6.34499979019165,332,0.0,0.0
2024-10-21 13:10:00-04:00,6.349999904632568,6.349999904632568,6.349999904632568,6.349999904632568,405,0.0,0.0
2024-10-21 13:11:00-04:00,6.349999904632568,6.349999904632568,6.34499979019165,6.34499979019165,1261,0.0,0.0
2024-10-21 13:12:00-04:00,6.349999904632568,6.349999904632568,6.34499979019165,6.34499979019165,725,0.0,0.0
2024-10-21 13:14:00-04:00,6.34499979019165,6.34499979019165,6.34499979019165,6.34499979019165,418,0.0,0.0
2024-10-21 13:16:00-04:00,6.34499979019165,6.349999904632568,6.329999923706055,6.335000038146973,7359,0.0,0.0
2024-10-21 13:17:00-04:00,6.335000038146973,6.340000152587891,6.335000038146973,6.340000152587891,626,0.0,0.0
2024-10-21 13:18:00-04:00,6.335000038146973,6.340000152587891,6.335000038146973,6.340000152587891,377,0.0,0.0
2024-10-21 13:19:00-04:00,6.335000038146973,6.335000038146973,6.335000038146973,6.335000038146973,369,0.0,0.0
2024-10-21 13:21:00-04:00,6.335000038146973,6.335000038146973,6.329999923706055,6.329999923706055,805,0.0,0.0
2024-10-21 13:22:00-04:00,6.329999923706055,6.335000038146973,6.329999923706055,6.335000038146973,429,0.0,0.0
2024-10-21 13:23:00-04:00,6.335000038146973,6.335000038146973,6.335000038146973,6.335000038146973,505,0.0,0.0
2024-10-21 13:24:00-04:00,6.329999923706055,6.335000038146973,6.329999923706055,6.335000038146973,2587,0.0,0.0
2024-10-21 13:26:00-04:00,6.335000038146973,6.335000038146973,6.335000038146973,6.335000038146973,497,0.0,0.0
2024-10-21 13:28:00-04:00,6.335000038146973,6.340000152587891,6.335000038146973,6.335000038146973,568,0.0,0.0
2024-10-21 13:30:00-04:00,6.329999923706055,6.335000038146973,6.329999923706055,6.335000038146973,543,0.0,0.0
2024-10-21 13:31:00-04:00,6.339900016784668,6.340000152587891,6.335000038146973,6.335000038146973,661,0.0,0.0
2024-10-21 13:33:00-04:00,6.340000152587891,6.340000152587891,6.335000038146973,6.335000038146973,387,0.0,0.0
2024-10-21 13:35:00-04:00,6.335000038146973,6.340000152587891,6.333799839019775,6.340000152587891,5981,0.0,0.0
2024-10-21 13:37:00-04:00,6.331099987030029,6.335000038146973,6.331099987030029,6.335000038146973,510,0.0,0.0
2024-10-21 13:38:00-04:00,6.340000152587891,6.340000152587891,6.335000038146973,6.340000152587891,394,0.0,0.0
2024-10-21 13:39:00-04:00,6.340000152587891,6.340000152587891,6.329999923706055,6.335000038146973,949,0.0,0.0
2024-10-21 13:40:00-04:00,6.335000038146973,6.335000038146973,6.329999923706055,6.329999923706055,784,0.0,0.0
2024-10-21 13:41:00-04:00,6.329999923706055,6.329999923706055,6.329999923706055,6.329999923706055,314,0.0,0.0
2024-10-21 13:42:00-04:00,6.329999923706055,6.329999923706055,6.329999923706055,6.329999923706055,159,0.0,0.0
2024-10-21 13:43:00-04:00,6.329999923706055,6.335000038146973,6.329999923706055,6.335000038146973,676,0.0,0.0
2024-10-21 13:44:00-04:00,6.329999923706055,6.329999923706055,6.329999923706055,6.329999923706055,165,0.0,0.0
2024-10-21 13:45:00-04:00,6.339200019836426,6.339200019836426,6.329999923706055,6.335000038146973,1656,0.0,0.0
2024-10-21 13:47:00-04:00,6.335000038146973,6.335000038146973,6.335000038146973,6.335000038146973,449,0.0,0.0
2024-10-21 13:48:00-04:00,6.335000038146973,6.335000038146973,6.335000038146973,6.335000038146973,148,0.0,0.0
2024-10-21 13:49:00-04:00,6.340000152587891,6.340000152587891,6.340000152587891,6.340000152587891,755,0.0,0.0
2024-10-21 13:50:00-04:00,6.332099914550781,6.332099914550781,6.332099914550781,6.332099914550781,4886,0.0,0.0
2024-10-21 13:52:00-04:00,6.335000038146973,6.335000038146973,6.335000038146973,6.335000038146973,527,0.0,0.0
2024-10-21 13:54:00-04:00,6.335000038146973,6.335000038146973,6.330999851226807,6.335000038146973,832,0.0,0.0
2024-10-21 13:55:00-04:00,6.329999923706055,6.329999923706055,6.324999809265137,6.324999809265137,1488,0.0,0.0
2024-10-21 13:56:00-04:00,6.329999923706055,6.329999923706055,6.329999923706055,6.329999923706055,488,0.0,0.0
2024-10-21 13:57:00-04:00,6.320000171661377,6.324999809265137,6.320000171661377,6.324999809265137,836,0.0,0.0
2024-10-21 13:59:00-04:00,6.324999809265137,6.324999809265137,6.324999809265137,6.324999809265137,284,0.0,0.0
2024-10-21 14:00:00-04:00,6.321000099182129,6.321000099182129,6.320000171661377,6.320000171661377,680,0.0,0.0
2024-10-21 14:02:00-04:00,6.320000171661377,6.320000171661377,6.320000171661377,6.320000171661377,2406,0.0,0.0
2024-10-21 14:03:00-04:00,6.315000057220459,6.315000057220459,6.315000057220459,6.315000057220459,688,0.0,0.0
2024-10-21 14:04:00-04:00,6.320000171661377,6.320000171661377,6.315000057220459,6.320000171661377,363,0.0,0.0
2024-10-21 14:05:00-04:00,6.320000171661377,6.320000171661377,6.309999942779541,6.309999942779541,1495,0.0,0.0
2024-10-21 14:06:00-04:00,6.315000057220459,6.315000057220459,6.315000057220459,6.315000057220459,449,0.0,0.0
2024-10-21 14:07:00-04:00,6.315000057220459,6.315000057220459,6.309999942779541,6.315000057220459,3066,0.0,0.0
2024-10-21 14:08:00-04:00,6.309999942779541,6.309999942779541,6.309999942779541,6.309999942779541,111,0.0,0.0
2024-10-21 14:09:00-04:00,6.309999942779541,6.315000057220459,6.309999942779541,6.309999942779541,1473,0.0,0.0
2024-10-21 14:10:00-04:00,6.315000057220459,6.315000057220459,6.314000129699707,6.314000129699707,1188,0.0,0.0
2024-10-21 14:11:00-04:00,6.315000057220459,6.315000057220459,6.315000057220459,6.315000057220459,148,0.0,0.0
2024-10-21 14:12:00-04:00,6.315000057220459,6.315000057220459,6.315000057220459,6.315000057220459,101,0.0,0.0
2024-10-21 14:13:00-04:00,6.315000057220459,6.315000057220459,6.309999942779541,6.309999942779541,653,0.0,0.0
2024-10-21 14:14:00-04:00,6.315000057220459,6.315000057220459,6.315000057220459,6.315000057220459,778,0.0,0.0
2024-10-21 14:16:00-04:00,6.315000057220459,6.315000057220459,6.315000057220459,6.315000057220459,532,0.0,0.0
2024-10-21 14:17:00-04:00,6.315000057220459,6.324999809265137,6.315000057220459,6.324999809265137,4576,0.0,0.0
2024-10-21 14:18:00-04:00,6.324999809265137,6.324999809265137,6.324999809265137,6.324999809265137,684,0.0,0.0
2024-10-21 14:19:00-04:00,6.324999809265137,6.324999809265137,6.324999809265137,6.324999809265137,207,0.0,0.0
2024-10-21 14:20:00-04:00,6.324999809265137,6.329999923706055,6.324999809265137,6.329999923706055,789,0.0,0.0
2024-10-21 14:21:00-04:00,6.322500228881836,6.322500228881836,6.322500228881836,6.322500228881836,144,0.0,0.0
2024-10-21 14:23:00-04:00,6.329999923706055,6.329999923706055,6.324999809265137,6.324999809265137,825,0.0,0.0
2024-10-21 14:24:00-04:00,6.320000171661377,6.320000171661377,6.315000057220459,6.315000057220459,2943,0.0,0.0
2024-10-21 14:25:00-04:00,6.315000057220459,6.329999923706055,6.315000057220459,6.329999923706055,2725,0.0,0.0
2024-10-21 14:26:00-04:00,6.320000171661377,6.335000038146973,6.320000171661377,6.329999923706055,1667,0.0,0.0
2024-10-21 14:28:00-04:00,6.335000038146973,6.335000038146973,6.330900192260742,6.330900192260742,987,0.0,0.0
2024-10-21 14:29:00-04:00,6.329999923706055,6.329999923706055,6.324999809265137,6.324999809265137,1649,0.0,0.0
2024-10-21 14:30:00-04:00,6.320000171661377,6.324999809265137,6.320000171661377,6.324999809265137,616,0.0,0.0
2024-10-21 14:31:00-04:00,6.320000171661377,6.320000171661377,6.320000171661377,6.320000171661377,810,0.0,0.0
2024-10-21 14:32:00-04:00,6.320000171661377,6.320000171661377,6.315000057220459,6.315000057220459,1620,0.0,0.0
2024-10-21 14:34:00-04:00,6.309999942779541,6.309999942779541,6.309999942779541,6.309999942779541,178,0.0,0.0
2024-10-21 14:35:00-04:00,6.315000057220459,6.315000057220459,6.315000057220459,6.315000057220459,107,0.0,0.0
2024-10-21 14:36:00-04:00,6.315000057220459,6.315000057220459,6.315000057220459,6.315000057220459,435,0.0,0.0
2024-10-21 14:37:00-04:00,6.315000057220459,6.320000171661377,6.315000057220459,6.320000171661377,367,0.0,0.0
2024-10-21 14:38:00-04:00,6.309999942779541,6.309999942779541,6.309999942779541,6.309999942779541,793,0.0,0.0
2024-10-21 14:41:00-04:00,6.320000171661377,6.320000171661377,6.309999942779541,6.309999942779541,401,0.0,0.0
2024-10-21 14:42:00-04:00,6.309999942779541,6.309999942779541,6.309999942779541,6.309999942779541,191,0.0,0.0
2024-10-21 14:43:00-04:00,6.309999942779541,6.320000171661377,6.309999942779541,6.320000171661377,319,0.0,0.0
2024-10-21 14:44:00-04:00,6.309999942779541,6.309999942779541,6.304999828338623,6.309999942779541,2827,0.0,0.0
2024-10-21 14:45:00-04:00,6.304999828338623,6.309999942779541,6.304999828338623,6.309999942779541,400,0.0,0.0
2024-10-21 14:46:00-04:00,6.304999828338623,6.309999942779541,6.304999828338623,6.309999942779541,440,0.0,0.0
2024-10-21 14:47:00-04:00,6.304999828338623,6.304999828338623,6.300000190734863,6.300000190734863,720,0.0,0.0
2024-10-21 14:48:00-04:00,6.309999942779541,6.309999942779541,6.309999942779541,6.309999942779541,327,0.0,0.0
2024-10-21 14:49:00-04:00,6.304999828338623,6.304999828338623,6.304999828338623,6.304999828338623,366,0.0,0.0
2024-10-21 14:50:00-04:00,6.304999828338623,6.309999942779541,6.304999828338623,6.309999942779541,1075,0.0,0.0
2024-10-21 14:51:00-04:00,6.306600093841553,6.306600093841553,6.300000190734863,6.300000190734863,535,0.0,0.0
2024-10-21 14:52:00-04:00,6.304999828338623,6.309999942779541,6.304999828338623,6.309999942779541,497,0.0,0.0
2024-10-21 14:53:00-04:00,6.309999942779541,6.309999942779541,6.304999828338623,6.304999828338623,297,0.0,0.0
2024-10-21 14:54:00-04:00,6.304999828338623,6.309999942779541,6.304999828338623,6.304999828338623,463,0.0,0.0
2024-10-21 14:55:00-04:00,6.309999942779541,6.315000057220459,6.309999942779541,6.315000057220459,1795,0.0,0.0
2024-10-21 14:57:00-04:00,6.320000171661377,6.320000171661377,6.309999942779541,6.309999942779541,1168,0.0,0.0
2024-10-21 14:58:00-04:00,6.309999942779541,6.315000057220459,6.309999942779541,6.309999942779541,3482,0.0,0.0
2024-10-21 14:59:00-04:00,6.304999828338623,6.309999942779541,6.304999828338623,6.309999942779541,1094,0.0,0.0
2024-10-21 15:00:00-04:00,6.309999942779541,6.309999942779541,6.309999942779541,6.309999942779541,2194,0.0,0.0
2024-10-21 15:01:00-04:00,6.320000171661377,6.320000171661377,6.320000171661377,6.320000171661377,212,0.0,0.0
2024-10-21 15:03:00-04:00,6.315000057220459,6.315000057220459,6.315000057220459,6.315000057220459,130,0.0,0.0
2024-10-21 15:04:00-04:00,6.315000057220459,6.315000057220459,6.315000057220459,6.315000057220459,412,0.0,0.0
2024-10-21 15:06:00-04:00,6.315000057220459,6.315000057220459,6.309999942779541,6.310100078582764,1211,0.0,0.0
2024-10-21 15:08:00-04:00,6.315000057220459,6.315000057220459,6.315000057220459,6.315000057220459,164,0.0,0.0
2024-10-21 15:09:00-04:00,6.315000057220459,6.315000057220459,6.309999942779541,6.315000057220459,649,0.0,0.0
2024-10-21 15:10:00-04:00,6.315000057220459,6.315000057220459,6.315000057220459,6.315000057220459,345,0.0,0.0
2024-10-21 15:11:00-04:00,6.309999942779541,6.315000057220459,6.309999942779541,6.315000057220459,1981,0.0,0.0
2024-10-21 15:12:00-04:00,6.315000057220459,6.315000057220459,6.315000057220459,6.315000057220459,897,0.0,0.0
2024-10-21 15:13:00-04:00,6.315000057220459,6.315000057220459,6.315000057220459,6.315000057220459,173,0.0,0.0
2024-10-21 15:14:00-04:00,6.315000057220459,6.315000057220459,6.310299873352051,6.310299873352051,441,0.0,0.0
2024-10-21 15:15:00-04:00,6.309999942779541,6.309999942779541,6.309999942779541,6.309999942779541,416,0.0,0.0
2024-10-21 15:17:00-04:00,6.315000057220459,6.315000057220459,6.315000057220459,6.315000057220459,557,0.0,0.0
2024-10-21 15:18:00-04:00,6.315000057220459,6.315000057220459,6.315000057220459,6.315000057220459,609,0.0,0.0
2024-10-21 15:19:00-04:00,6.320000171661377,6.320000171661377,6.320000171661377,6.320000171661377,311,0.0,0.0
2024-10-21 15:20:00-04:00,6.315000057220459,6.315000057220459,6.315000057220459,6.315000057220459,671,0.0,0.0
2024-10-21 15:21:00-04:00,6.315000057220459,6.320000171661377,6.315000057220459,6.315000057220459,791,0.0,0.0
2024-10-21 15:22:00-04:00,6.309999942779541,6.315000057220459,6.309999942779541,6.315000057220459,789,0.0,0.0
2024-10-21 15:23:00-04:00,6.315000057220459,6.320000171661377,6.315000057220459,6.315000057220459,590,0.0,0.0
2024-10-21 15:24:00-04:00,6.315000057220459,6.315000057220459,6.315000057220459,6.315000057220459,635,0.0,0.0
2024-10-21 15:25:00-04:00,6.320000171661377,6.320000171661377,6.315000057220459,6.315000057220459,290,0.0,0.0
2024-10-21 15:26:00-04:00,6.315000057220459,6.320000171661377,6.315000057220459,6.315000057220459,1905,0.0,0.0
2024-10-21 15:27:00-04:00,6.315000057220459,6.320000171661377,6.314499855041504,6.315000057220459,1147,0.0,0.0
2024-10-21 15:28:00-04:00,6.320000171661377,6.320000171661377,6.315000057220459,6.315000057220459,1706,0.0,0.0
2024-10-21 15:29:00-04:00,6.315000057220459,6.315000057220459,6.309999942779541,6.315000057220459,1207,0.0,0.0
2024-10-21 15:30:00-04:00,6.315000057220459,6.320000171661377,6.315000057220459,6.320000171661377,835,0.0,0.0
2024-10-21 15:31:00-04:00,6.309999942779541,6.315000057220459,6.304999828338623,6.309999942779541,7782,0.0,0.0
2024-10-21 15:32:00-04:00,6.315000057220459,6.315000057220459,6.315000057220459,6.315000057220459,1409,0.0,0.0
2024-10-21 15:33:00-04:00,6.315000057220459,6.315000057220459,6.315000057220459,6.315000057220459,746,0.0,0.0
2024-10-21 15:35:00-04:00,6.315000057220459,6.320000171661377,6.315000057220459,6.315000057220459,1312,0.0,0.0
2024-10-21 15:36:00-04:00,6.315000057220459,6.315000057220459,6.315000057220459,6.315000057220459,728,0.0,0.0
2024-10-21 15:37:00-04:00,6.320000171661377,6.320000171661377,6.315000057220459,6.315000057220459,507,0.0,0.0
2024-10-21 15:38:00-04:00,6.315000057220459,6.320000171661377,6.315000057220459,6.320000171661377,1392,0.0,0.0
2024-10-21 15:39:00-04:00,6.316500186920166,6.320000171661377,6.315000057220459,6.315000057220459,1734,0.0,0.0
2024-10-21 15:40:00-04:00,6.320000171661377,6.329999923706055,6.315000057220459,6.329999923706055,5897,0.0,0.0
2024-10-21 15:41:00-04:00,6.329999923706055,6.329999923706055,6.327899932861328,6.327899932861328,1871,0.0,0.0
2024-10-21 15:42:00-04:00,6.324999809265137,6.329999923706055,6.324999809265137,6.329999923706055,1224,0.0,0.0
2024-10-21 15:43:00-04:00,6.329999923706055,6.329999923706055,6.324999809265137,6.324999809265137,1066,0.0,0.0
2024-10-21 15:44:00-04:00,6.329999923706055,6.329999923706055,6.324999809265137,6.324999809265137,1241,0.0,0.0
2024-10-21 15:45:00-04:00,6.329999923706055,6.335000038146973,6.329999923706055,6.335000038146973,2144,0.0,0.0
2024-10-21 15:46:00-04:00,6.335000038146973,6.340000152587891,6.335000038146973,6.340000152587891,920,0.0,0.0
2024-10-21 15:47:00-04:00,6.335000038146973,6.340000152587891,6.335000038146973,6.340000152587891,1050,0.0,0.0
2024-10-21 15:48:00-04:00,6.340000152587891,6.340000152587891,6.340000152587891,6.340000152587891,1674,0.0,0.0
2024-10-21 15:49:00-04:00,6.340000152587891,6.340000152587891,6.335000038146973,6.340000152587891,1721,0.0,0.0
2024-10-21 15:50:00-04:00,6.340000152587891,6.340000152587891,6.335000038146973,6.340000152587891,2475,0.0,0.0
2024-10-21 15:51:00-04:00,6.340000152587891,6.340000152587891,6.335000038146973,6.340000152587891,1375,0.0,0.0
2024-10-21 15:52:00-04:00,6.335000038146973,6.335000038146973,6.329999923706055,6.329999923706055,4555,0.0,0.0
2024-10-21 15:53:00-04:00,6.329999923706055,6.349999904632568,6.329999923706055,6.349999904632568,9088,0.0,0.0
2024-10-21 15:54:00-04:00,6.349999904632568,6.349999904632568,6.34499979019165,6.34499979019165,3563,0.0,0.0
2024-10-21 15:55:00-04:00,6.34499979019165,6.34499979019165,6.340000152587891,6.34499979019165,14086,0.0,0.0
2024-10-21 15:56:00-04:00,6.340000152587891,6.340000152587891,6.335000038146973,6.335000038146973,9531,0.0,0.0
2024-10-21 15:57:00-04:00,6.335000038146973,6.340000152587891,6.329999923706055,6.335000038146973,3901,0.0,0.0
2024-10-21 15:58:00-04:00,6.335000038146973,6.335000038146973,6.320000171661377,6.320000171661377,11864,0.0,0.0
2024-10-21 15:59:00-04:00,6.324999809265137,6.324999809265137,6.304999828338623,6.320000171661377,48056,0.0,0.0
2024-10-22 09:30:00-04:00,6.289999961853027,6.320000171661377,6.28000020980835,6.309999942779541,8856,0.0,0.0
2024-10-22 09:31:00-04:00,6.309999942779541,6.309999942779541,6.309999942779541,6.309999942779541,101,0.0,0.0
2024-10-22 09:32:00-04:00,6.320000171661377,6.320000171661377,6.314700126647949,6.314700126647949,520,0.0,0.0
2024-10-22 09:33:00-04:00,6.309999942779541,6.309999942779541,6.300000190734863,6.300000190734863,2317,0.0,0.0
2024-10-22 09:34:00-04:00,6.309999942779541,6.309999942779541,6.309999942779541,6.309999942779541,971,0.0,0.0
2024-10-22 09:35:00-04:00,6.309999942779541,6.309999942779541,6.304999828338623,6.304999828338623,562,0.0,0.0
2024-10-22 09:36:00-04:00,6.300000190734863,6.309999942779541,6.289999961853027,6.289999961853027,2246,0.0,0.0
2024-10-22 09:38:00-04:00,6.309999942779541,6.315000057220459,6.300000190734863,6.300000190734863,3949,0.0,0.0
2024-10-22 09:39:00-04:00,6.300000190734863,6.300000190734863,6.300000190734863,6.300000190734863,1073,0.0,0.0
2024-10-22 09:40:00-04:00,6.300000190734863,6.309999942779541,6.300000190734863,6.309999942779541,1271,0.0,0.0
2024-10-22 09:42:00-04:00,6.300000190734863,6.309999942779541,6.295000076293945,6.309999942779541,4133,0.0,0.0
2024-10-22 09:43:00-04:00,6.309999942779541,6.320000171661377,6.304999828338623,6.309999942779541,2374,0.0,0.0
2024-10-22 09:44:00-04:00,6.309999942779541,6.309999942779541,6.309999942779541,6.309999942779541,2546,0.0,0.0
2024-10-22 09:45:00-04:00,6.315000057220459,6.320000171661377,6.315000057220459,6.320000171661377,1798,0.0,0.0
2024-10-22 09:46:00-04:00,6.320000171661377,6.324999809265137,6.320000171661377,6.324999809265137,1499,0.0,0.0
2024-10-22 09:47:00-04:00,6.324999809265137,6.329999923706055,6.320000171661377,6.324999809265137,2649,0.0,0.0
2024-10-22 09:48:00-04:00,6.324999809265137,6.335000038146973,6.324999809265137,6.335000038146973,10167,0.0,0.0
2024-10-22 09:49:00-04:00,6.335000038146973,6.335000038146973,6.315000057220459,6.315000057220459,6541,0.0,0.0
2024-10-22 09:50:00-04:00,6.300000190734863,6.300000190734863,6.289999961853027,6.289999961853027,1829,0.0,0.0
2024-10-22 09:51:00-04:00,6.289999961853027,6.289999961853027,6.28000020980835,6.284999847412109,2887,0.0,0.0
2024-10-22 09:52:00-04:00,6.284999847412109,6.284999847412109,6.284999847412109,6.284999847412109,657,0.0,0.0
2024-10-22 09:53:00-04:00,6.283299922943115,6.283299922943115,6.283299922943115,6.283299922943115,3267,0.0,0.0
2024-10-22 09:55:00-04:00,6.300000190734863,6.300000190734863,6.300000190734863,6.300000190734863,100,0.0,0.0
2024-10-22 09:56:00-04:00,6.289999961853027,6.289999961853027,6.284999847412109,6.284999847412109,1754,0.0,0.0
2024-10-22 09:57:00-04:00,6.28000020980835,6.28000020980835,6.28000020980835,6.28000020980835,421,0.0,0.0
2024-10-22 09:58:00-04:00,6.289999961853027,6.289999961853027,6.28000020980835,6.28000020980835,805,0.0,0.0
2024-10-22 09:59:00-04:00,6.28000020980835,6.284999847412109,6.28000020980835,6.284999847412109,1279,0.0,0.0
2024-10-22 10:00:00-04:00,6.284999847412109,6.289999961853027,6.284999847412109,6.289999961853027,2007,0.0,0.0
2024-10-22 10:01:00-04:00,6.289999961853027,6.289999961853027,6.284999847412109,6.284999847412109,1288,0.0,0.0
2024-10-22 10:02:00-04:00,6.284999847412109,6.289999961853027,6.28000020980835,6.289999961853027,1380,0.0,0.0
2024-10-22 10:03:00-04:00,6.284999847412109,6.284999847412109,6.284999847412109,6.284999847412109,134,0.0,0.0
2024-10-22 10:04:00-04:00,6.289999961853027,6.289999961853027,6.289999961853027,6.289999961853027,127,0.0,0.0
2024-10-22 10:05:00-04:00,6.284999847412109,6.284999847412109,6.275000095367432,6.275000095367432,3815,0.0,0.0
2024-10-22 10:06:00-04:00,6.28000020980835,6.28000020980835,6.275000095367432,6.275000095367432,3887,0.0,0.0
2024-10-22 10:07:00-04:00,6.275000095367432,6.275000095367432,6.275000095367432,6.275000095367432,707,0.0,0.0
2024-10-22 10:08:00-04:00,6.28000020980835,6.300000190734863,6.28000020980835,6.295000076293945,6150,0.0,0.0
2024-10-22 10:09:00-04:00,6.289999961853027,6.295000076293945,6.284999847412109,6.284999847412109,2205,0.0,0.0
2024-10-22 10:10:00-04:00,6.284999847412109,6.284999847412109,6.28000020980835,6.284999847412109,764,0.0,0.0
2024-10-22 10:11:00-04:00,6.289999961853027,6.289999961853027,6.289999961853027,6.289999961853027,112,0.0,0.0
2024-10-22 10:12:00-04:00,6.28000020980835,6.28000020980835,6.264999866485596,6.264999866485596,962,0.0,0.0
2024-10-22 10:13:00-04:00,6.275000095367432,6.275000095367432,6.264999866485596,6.264999866485596,1889,0.0,0.0
2024-10-22 10:14:00-04:00,6.260000228881836,6.260000228881836,6.260000228881836,6.260000228881836,414,0.0,0.0
2024-10-22 10:15:00-04:00,6.269999980926514,6.284999847412109,6.269999980926514,6.28000020980835,1252,0.0,0.0
2024-10-22 10:16:00-04:00,6.269999980926514,6.275000095367432,6.269999980926514,6.269999980926514,1342,0.0,0.0
2024-10-22 10:17:00-04:00,6.264999866485596,6.264999866485596,6.264999866485596,6.264999866485596,459,0.0,0.0
2024-10-22 10:18:00-04:00,6.264999866485596,6.264999866485596,6.264999866485596,6.264999866485596,140,0.0,0.0
2024-10-22 10:19:00-04:00,6.264999866485596,6.264999866485596,6.264999866485596,6.264999866485596,743,0.0,0.0
2024-10-22 10:20:00-04:00,6.264999866485596,6.264999866485596,6.264999866485596,6.264999866485596,412,0.0,0.0
2024-10-22 10:21:00-04:00,6.269999980926514,6.269999980926514,6.269999980926514,6.269999980926514,139,0.0,0.0
2024-10-22 10:22:00-04:00,6.269999980926514,6.269999980926514,6.269999980926514,6.269999980926514,272,0.0,0.0
2024-10-22 10:24:00-04:00,6.264999866485596,6.264999866485596,6.264999866485596,6.264999866485596,501,0.0,0.0
2024-10-22 10:25:00-04:00,6.269999980926514,6.269999980926514,6.269999980926514,6.269999980926514,308,0.0,0.0
2024-10-22 10:26:00-04:00,6.264999866485596,6.264999866485596,6.264999866485596,6.264999866485596,1075,0.0,0.0
2024-10-22 10:27:00-04:00,6.264999866485596,6.264999866485596,6.264999866485596,6.264999866485596,556,0.0,0.0
2024-10-22 10:28:00-04:00,6.264999866485596,6.264999866485596,6.264999866485596,6.264999866485596,1157,0.0,0.0
2024-10-22 10:31:00-04:00,6.269999980926514,6.269999980926514,6.269999980926514,6.269999980926514,454,0.0,0.0
2024-10-22 10:33:00-04:00,6.269999980926514,6.269999980926514,6.269999980926514,6.269999980926514,152,0.0,0.0
2024-10-22 10:34:00-04:00,6.264999866485596,6.275000095367432,6.264999866485596,6.275000095367432,1614,0.0,0.0
2024-10-22 10:35:00-04:00,6.28000020980835,6.28000020980835,6.275000095367432,6.275000095367432,284,0.0,0.0
2024-10-22 10:36:00-04:00,6.28000020980835,6.28000020980835,6.28000020980835,6.28000020980835,520,0.0,0.0
2024-10-22 10:38:00-04:00,6.28000020980835,6.28000020980835,6.28000020980835,6.28000020980835,325,0.0,0.0
2024-10-22 10:40:00-04:00,6.28000020980835,6.28000020980835,6.269999980926514,6.275000095367432,4291,0.0,0.0
2024-10-22 10:41:00-04:00,6.275000095367432,6.275000095367432,6.275000095367432,6.275000095367432,506,0.0,0.0
2024-10-22 10:42:00-04:00,6.28000020980835,6.28000020980835,6.28000020980835,6.28000020980835,182,0.0,0.0
2024-10-22 10:43:00-04:00,6.28000020980835,6.28000020980835,6.28000020980835,6.28000020980835,199,0.0,0.0
2024-10-22 10:44:00-04:00,6.28000020980835,6.28000020980835,6.28000020980835,6.28000020980835,191,0.0,0.0
2024-10-22 10:45:00-04:00,6.275000095367432,6.275000095367432,6.275000095367432,6.275000095367432,522,0.0,0.0
2024-10-22 10:46:00-04:00,6.275000095367432,6.275000095367432,6.275000095367432,6.275000095367432,944,0.0,0.0
2024-10-22 10:47:00-04:00,6.275000095367432,6.275000095367432,6.269999980926514,6.275000095367432,1810,0.0,0.0
2024-10-22 10:48:00-04:00,6.264999866485596,6.264999866485596,6.264999866485596,6.264999866485596,504,0.0,0.0
2024-10-22 10:49:00-04:00,6.264999866485596,6.264999866485596,6.264999866485596,6.264999866485596,336,0.0,0.0
2024-10-22 10:50:00-04:00,6.264999866485596,6.264999866485596,6.264999866485596,6.264999866485596,1401,0.0,0.0
2024-10-22 10:51:00-04:00,6.264999866485596,6.264999866485596,6.264999866485596,6.264999866485596,622,0.0,0.0
2024-10-22 10:53:00-04:00,6.269999980926514,6.269999980926514,6.269999980926514,6.269999980926514,130,0.0,0.0
2024-10-22 10:54:00-04:00,6.264999866485596,6.269999980926514,6.264999866485596,6.269999980926514,2290,0.0,0.0
2024-10-22 10:56:00-04:00,6.269999980926514,6.269999980926514,6.269999980926514,6.269999980926514,258,0.0,0.0
2024-10-22 10:57:00-04:00,6.264999866485596,6.264999866485596,6.264999866485596,6.264999866485596,135,0.0,0.0
2024-10-22 10:58:00-04:00,6.269999980926514,6.269999980926514,6.269999980926514,6.269999980926514,310,0.0,0.0
2024-10-22 11:00:00-04:00,6.264999866485596,6.264999866485596,6.262499809265137,6.262499809265137,1021,0.0,0.0
2024-10-22 11:01:00-04:00,6.260000228881836,6.264999866485596,6.25,6.255000114440918,2137,0.0,0.0
2024-10-22 11:02:00-04:00,6.25600004196167,6.25600004196167,6.25600004196167,6.25600004196167,2078,0.0,0.0
2024-10-22 11:03:00-04:00,6.255000114440918,6.255000114440918,6.255000114440918,6.255000114440918,412,0.0,0.0
2024-10-22 11:04:00-04:00,6.255000114440918,6.255000114440918,6.255000114440918,6.255000114440918,541,0.0,0.0
2024-10-22 11:06:00-04:00,6.260000228881836,6.284999847412109,6.255000114440918,6.284999847412109,6439,0.0,0.0
2024-10-22 11:07:00-04:00,6.284999847412109,6.284999847412109,6.284999847412109,6.284999847412109,339,0.0,0.0
2024-10-22 11:08:00-04:00,6.289999961853027,6.289999961853027,6.289999961853027,6.289999961853027,272,0.0,0.0
2024-10-22 11:09:00-04:00,6.284999847412109,6.284999847412109,6.28000020980835,6.28000020980835,329,0.0,0.0
2024-10-22 11:10:00-04:00,6.284999847412109,6.284999847412109,6.284999847412109,6.284999847412109,1859,0.0,0.0
2024-10-22 11:11:00-04:00,6.284999847412109,6.284999847412109,6.284999847412109,6.284999847412109,647,0.0,0.0
2024-10-22 11:12:00-04:00,6.284999847412109,6.284999847412109,6.284999847412109,6.284999847412109,881,0.0,0.0
2024-10-22 11:13:00-04:00,6.284999847412109,6.284999847412109,6.284999847412109,6.284999847412109,240,0.0,0.0
2024-10-22 11:14:00-04:00,6.281199932098389,6.284999847412109,6.281199932098389,6.284999847412109,1100,0.0,0.0
2024-10-22 11:17:00-04:00,6.295000076293945,6.295000076293945,6.295000076293945,6.295000076293945,1060,0.0,0.0
2024-10-22 11:19:00-04:00,6.295000076293945,6.300000190734863,6.295000076293945,6.300000190734863,2547,0.0,0.0
2024-10-22 11:21:00-04:00,6.295000076293945,6.295000076293945,6.289999961853027,6.295000076293945,1117,0.0,0.0
2024-10-22 11:22:00-04:00,6.295000076293945,6.295000076293945,6.295000076293945,6.295000076293945,363,0.0,0.0
2024-10-22 11:23:00-04:00,6.295000076293945,6.295000076293945,6.289999961853027,6.289999961853027,1475,0.0,0.0
2024-10-22 11:24:00-04:00,6.28000020980835,6.28000020980835,6.28000020980835,6.28000020980835,536,0.0,0.0
2024-10-22 11:26:00-04:00,6.284999847412109,6.289999961853027,6.28000020980835,6.2881999015808105,6205,0.0,0.0
2024-10-22 11:29:00-04:00,6.284999847412109,6.284999847412109,6.284999847412109,6.284999847412109,725,0.0,0.0
2024-10-22 11:32:00-04:00,6.289999961853027,6.289999961853027,6.289999961853027,6.289999961853027,227,0.0,0.0
2024-10-22 11:33:00-04:00,6.284999847412109,6.289999961853027,6.284999847412109,6.289999961853027,329,0.0,0.0
2024-10-22 11:34:00-04:00,6.283999919891357,6.283999919891357,6.283999919891357,6.283999919891357,473,0.0,0.0
2024-10-22 11:35:00-04:00,6.289999961853027,6.289999961853027,6.289999961853027,6.289999961853027,123,0.0,0.0
2024-10-22 11:37:00-04:00,6.289999961853027,6.289999961853027,6.284999847412109,6.284999847412109,579,0.0,0.0
2024-10-22 11:39:00-04:00,6.28000020980835,6.289999961853027,6.28000020980835,6.284999847412109,634,0.0,0.0
2024-10-22 11:40:00-04:00,6.28000020980835,6.284999847412109,6.28000020980835,6.284999847412109,214,0.0,0.0
2024-10-22 11:41:00-04:00,6.284999847412109,6.289999961853027,6.284999847412109,6.289999961853027,1720,0.0,0.0
2024-10-22 11:45:00-04:00,6.289999961853027,6.289999961853027,6.28000020980835,6.284999847412109,1932,0.0,0.0
2024-10-22 11:48:00-04:00,6.284999847412109,6.284999847412109,6.284999847412109,6.284999847412109,960,0.0,0.0
2024-10-22 11:49:00-04:00,6.284999847412109,6.284999847412109,6.284999847412109,6.284999847412109,313,0.0,0.0
2024-10-22 11:50:00-04:00,6.284999847412109,6.289999961853027,6.284999847412109,6.289999961853027,740,0.0,0.0
2024-10-22 11:52:00-04:00,6.284999847412109,6.284999847412109,6.284999847412109,6.284999847412109,331,0.0,0.0
2024-10-22 11:53:00-04:00,6.284999847412109,6.284999847412109,6.284999847412109,6.284999847412109,3066,0.0,0.0
2024-10-22 11:55:00-04:00,6.289999961853027,6.289999961853027,6.281000137329102,6.281000137329102,729,0.0,0.0
2024-10-22 11:56:00-04:00,6.284999847412109,6.284999847412109,6.284999847412109,6.284999847412109,1066,0.0,0.0
2024-10-22 11:57:00-04:00,6.284999847412109,6.284999847412109,6.284999847412109,6.284999847412109,993,0.0,0.0
2024-10-22 11:58:00-04:00,6.284999847412109,6.284999847412109,6.284999847412109,6.284999847412109,983,0.0,0.0
2024-10-22 11:59:00-04:00,6.284999847412109,6.284999847412109,6.28000020980835,6.284999847412109,479,0.0,0.0
2024-10-22 12:00:00-04:00,6.284999847412109,6.284999847412109,6.284999847412109,6.284999847412109,992,0.0,0.0
2024-10-22 12:04:00-04:00,6.289999961853027,6.289999961853027,6.289999961853027,6.289999961853027,214,0.0,0.0
2024-10-22 12:05:00-04:00,6.287300109863281,6.287300109863281,6.287300109863281,6.287300109863281,335,0.0,0.0
2024-10-22 12:06:00-04:00,6.284999847412109,6.284999847412109,6.28000020980835,6.28000020980835,3089,0.0,0.0
2024-10-22 12:07:00-04:00,6.275000095367432,6.275000095367432,6.275000095367432,6.275000095367432,186,0.0,0.0
2024-10-22 12:08:00-04:00,6.275000095367432,6.2779998779296875,6.275000095367432,6.2779998779296875,1169,0.0,0.0
2024-10-22 12:11:00-04:00,6.275000095367432,6.275000095367432,6.269999980926514,6.269999980926514,1622,0.0,0.0
2024-10-22 12:13:00-04:00,6.269999980926514,6.269999980926514,6.269999980926514,6.269999980926514,223,0.0,0.0
2024-10-22 12:14:00-04:00,6.269999980926514,6.269999980926514,6.262499809265137,6.262499809265137,341,0.0,0.0
2024-10-22 12:16:00-04:00,6.264999866485596,6.264999866485596,6.264999866485596,6.264999866485596,415,0.0,0.0
2024-10-22 12:17:00-04:00,6.264999866485596,6.264999866485596,6.264999866485596,6.264999866485596,984,0.0,0.0
2024-10-22 12:20:00-04:00,6.269999980926514,6.284999847412109,6.269999980926514,6.284999847412109,3973,0.0,0.0
2024-10-22 12:21:00-04:00,6.284999847412109,6.289999961853027,6.284999847412109,6.289999961853027,1795,0.0,0.0
2024-10-22 12:24:00-04:00,6.284999847412109,6.284999847412109,6.284999847412109,6.284999847412109,1212,0.0,0.0
2024-10-22 12:27:00-04:00,6.289999961853027,6.295000076293945,6.289999961853027,6.295000076293945,690,0.0,0.0
2024-10-22 12:28:00-04:00,6.295000076293945,6.295000076293945,6.295000076293945,6.295000076293945,276,0.0,0.0
2024-10-22 12:29:00-04:00,6.300000190734863,6.300000190734863,6.300000190734863,6.300000190734863,383,0.0,0.0
2024-10-22 12:30:00-04:00,6.295000076293945,6.295000076293945,6.295000076293945,6.295000076293945,642,0.0,0.0
2024-10-22 12:32:00-04:00,6.300000190734863,6.300000190734863,6.295000076293945,6.295000076293945,591,0.0,0.0
2024-10-22 12:33:00-04:00,6.300000190734863,6.300000190734863,6.300000190734863,6.300000190734863,319,0.0,0.0
2024-10-22 12:34:00-04:00,6.29610013961792,6.29610013961792,6.29610013961792,6.29610013961792,673,0.0,0.0
2024-10-22 12:35:00-04:00,6.295000076293945,6.295000076293945,6.295000076293945,6.295000076293945,992,0.0,0.0
2024-10-22 12:37:00-04:00,6.295000076293945,6.300000190734863,6.295000076293945,6.300000190734863,813,0.0,0.0
2024-10-22 12:39:00-04:00,6.295000076293945,6.295000076293945,6.295000076293945,6.295000076293945,824,0.0,0.0
2024-10-22 12:40:00-04:00,6.295000076293945,6.300000190734863,6.295000076293945,6.300000190734863,472,0.0,0.0
2024-10-22 12:42:00-04:00,6.300000190734863,6.300000190734863,6.300000190734863,6.300000190734863,530,0.0,0.0
2024-10-22 12:44:00-04:00,6.300000190734863,6.300000190734863,6.300000190734863,6.300000190734863,712,0.0,0.0
2024-10-22 12:45:00-04:00,6.289999961853027,6.289999961853027,6.289999961853027,6.289999961853027,483,0.0,0.0
2024-10-22 12:47:00-04:00,6.300000190734863,6.300000190734863,6.300000190734863,6.300000190734863,251,0.0,0.0
2024-10-22 12:49:00-04:00,6.300000190734863,6.300000190734863,6.289999961853027,6.289999961853027,281,0.0,0.0
2024-10-22 12:51:00-04:00,6.300000190734863,6.300000190734863,6.300000190734863,6.300000190734863,338,0.0,0.0
2024-10-22 12:52:00-04:00,6.300000190734863,6.300000190734863,6.300000190734863,6.300000190734863,312,0.0,0.0
2024-10-22 12:53:00-04:00,6.300000190734863,6.300000190734863,6.300000190734863,6.300000190734863,235,0.0,0.0
2024-10-22 12:54:00-04:00,6.300000190734863,6.300000190734863,6.289999961853027,6.289999961853027,354,0.0,0.0
2024-10-22 12:55:00-04:00,6.295000076293945,6.295000076293945,6.289999961853027,6.295000076293945,1864,0.0,0.0
2024-10-22 12:56:00-04:00,6.295000076293945,6.295000076293945,6.295000076293945,6.295000076293945,1264,0.0,0.0
2024-10-22 12:57:00-04:00,6.289999961853027,6.295000076293945,6.289999961853027,6.295000076293945,212,0.0,0.0
2024-10-22 12:58:00-04:00,6.295000076293945,6.295000076293945,6.295000076293945,6.295000076293945,761,0.0,0.0
2024-10-22 12:59:00-04:00,6.295000076293945,6.295000076293945,6.295000076293945,6.295000076293945,2335,0.0,0.0
2024-10-22 13:00:00-04:00,6.295000076293945,6.295000076293945,6.295000076293945,6.295000076293945,904,0.0,0.0
2024-10-22 13:01:00-04:00,6.295000076293945,6.295000076293945,6.289999961853027,6.289999961853027,2351,0.0,0.0
2024-10-22 13:03:00-04:00,6.284999847412109,6.304999828338623,6.284999847412109,6.304999828338623,7858,0.0,0.0
2024-10-22 13:05:00-04:00,6.304999828338623,6.304999828338623,6.304999828338623,6.304999828338623,215,0.0,0.0
2024-10-22 13:06:00-04:00,6.304999828338623,6.304999828338623,6.301000118255615,6.304999828338623,3006,0.0,0.0
2024-10-22 13:07:00-04:00,6.300000190734863,6.304999828338623,6.300000190734863,6.304999828338623,277,0.0,0.0
2024-10-22 13:08:00-04:00,6.300099849700928,6.300099849700928,6.300000190734863,6.300000190734863,1752,0.0,0.0
2024-10-22 13:09:00-04:00,6.300000190734863,6.300000190734863,6.300000190734863,6.300000190734863,999,0.0,0.0
2024-10-22 13:12:00-04:00,6.304999828338623,6.304999828338623,6.304999828338623,6.304999828338623,1375,0.0,0.0
2024-10-22 13:18:00-04:00,6.304999828338623,6.304999828338623,6.304999828338623,6.304999828338623,2790,0.0,0.0
2024-10-22 13:23:00-04:00,6.303999900817871,6.303999900817871,6.303999900817871,6.303999900817871,654,0.0,0.0
2024-10-22 13:26:00-04:00,6.309999942779541,6.309999942779541,6.309999942779541,6.309999942779541,314,0.0,0.0
2024-10-22 13:27:00-04:00,6.309999942779541,6.309999942779541,6.309999942779541,6.309999942779541,261,0.0,0.0
2024-10-22 13:28:00-04:00,6.300099849700928,6.300099849700928,6.300000190734863,6.300000190734863,784,0.0,0.0
2024-10-22 13:29:00-04:00,6.305300235748291,6.309999942779541,6.300000190734863,6.300000190734863,1143,0.0,0.0
2024-10-22 13:31:00-04:00,6.309999942779541,6.309999942779541,6.300000190734863,6.309999942779541,1180,0.0,0.0
2024-10-22 13:32:00-04:00,6.304999828338623,6.304999828338623,6.304999828338623,6.304999828338623,166,0.0,0.0
2024-10-22 13:33:00-04:00,6.309999942779541,6.309999942779541,6.309999942779541,6.309999942779541,410,0.0,0.0
2024-10-22 13:35:00-04:00,6.309999942779541,6.309999942779541,6.309999942779541,6.309999942779541,1074,0.0,0.0
2024-10-22 13:36:00-04:00,6.309999942779541,6.309999942779541,6.300000190734863,6.300000190734863,1531,0.0,0.0
2024-10-22 13:37:00-04:00,6.309999942779541,6.315000057220459,6.309999942779541,6.309999942779541,3644,0.0,0.0
2024-10-22 13:38:00-04:00,6.320000171661377,6.320000171661377,6.320000171661377,6.320000171661377,2691,0.0,0.0
2024-10-22 13:39:00-04:00,6.320000171661377,6.320000171661377,6.320000171661377,6.320000171661377,599,0.0,0.0
2024-10-22 13:41:00-04:00,6.320000171661377,6.324999809265137,6.320000171661377,6.324999809265137,12257,0.0,0.0
2024-10-22 13:42:00-04:00,6.329999923706055,6.340000152587891,6.329999923706055,6.335000038146973,2473,0.0,0.0
2024-10-22 13:43:00-04:00,6.335000038146973,6.335400104522705,6.335000038146973,6.335400104522705,1594,0.0,0.0
2024-10-22 13:44:00-04:00,6.333700180053711,6.333700180053711,6.333700180053711,6.333700180053711,587,0.0,0.0
2024-10-22 13:46:00-04:00,6.335000038146973,6.335000038146973,6.324999809265137,6.324999809265137,7139,0.0,0.0
2024-10-22 13:55:00-04:00,6.324999809265137,6.324999809265137,6.324999809265137,6.324999809265137,345,0.0,0.0
2024-10-22 13:56:00-04:00,6.324999809265137,6.324999809265137,6.324999809265137,6.324999809265137,404,0.0,0.0
2024-10-22 13:57:00-04:00,6.324999809265137,6.324999809265137,6.321000099182129,6.324999809265137,875,0.0,0.0
2024-10-22 13:58:00-04:00,6.326399803161621,6.326399803161621,6.326399803161621,6.326399803161621,1983,0.0,0.0
2024-10-22 14:04:00-04:00,6.324999809265137,6.324999809265137,6.324999809265137,6.324999809265137,358,0.0,0.0
2024-10-22 14:05:00-04:00,6.324999809265137,6.335000038146973,6.320000171661377,6.320000171661377,12050,0.0,0.0
2024-10-22 14:06:00-04:00,6.315000057220459,6.315000057220459,6.309999942779541,6.315000057220459,1211,0.0,0.0
2024-10-22 14:07:00-04:00,6.315000057220459,6.315000057220459,6.315000057220459,6.315000057220459,319,0.0,0.0
2024-10-22 14:08:00-04:00,6.315000057220459,6.315000057220459,6.315000057220459,6.315000057220459,235,0.0,0.0
2024-10-22 14:09:00-04:00,6.315000057220459,6.315000057220459,6.304999828338623,6.304999828338623,2913,0.0,0.0
2024-10-22 14:13:00-04:00,6.304999828338623,6.304999828338623,6.304999828338623,6.304999828338623,217,0.0,0.0
2024-10-22 14:14:00-04:00,6.304999828338623,6.304999828338623,6.304999828338623,6.304999828338623,518,0.0,0.0
2024-10-22 14:15:00-04:00,6.304999828338623,6.304999828338623,6.304999828338623,6.304999828338623,683,0.0,0.0
2024-10-22 14:17:00-04:00,6.304999828338623,6.304999828338623,6.304999828338623,6.304999828338623,378,0.0,0.0
2024-10-22 14:18:00-04:00,6.309999942779541,6.309999942779541,6.309999942779541,6.309999942779541,894,0.0,0.0
2024-10-22 14:22:00-04:00,6.304999828338623,6.304999828338623,6.304999828338623,6.304999828338623,440,0.0,0.0
2024-10-22 14:24:00-04:00,6.301599979400635,6.301599979400635,6.301599979400635,6.301599979400635,974,0.0,0.0
2024-10-22 14:28:00-04:00,6.304999828338623,6.304999828338623,6.304999828338623,6.304999828338623,144,0.0,0.0
2024-10-22 14:29:00-04:00,6.304999828338623,6.304999828338623,6.304999828338623,6.304999828338623,1709,0.0,0.0
2024-10-22 14:32:00-04:00,6.304999828338623,6.304999828338623,6.304999828338623,6.304999828338623,320,0.0,0.0
2024-10-22 14:34:00-04:00,6.300000190734863,6.304999828338623,6.300000190734863,6.304999828338623,2519,0.0,0.0
2024-10-22 14:35:00-04:00,6.300000190734863,6.300000190734863,6.300000190734863,6.300000190734863,687,0.0,0.0
2024-10-22 14:36:00-04:00,6.300000190734863,6.300000190734863,6.284999847412109,6.284999847412109,3418,0.0,0.0
2024-10-22 14:38:00-04:00,6.284999847412109,6.284999847412109,6.28000020980835,6.28000020980835,840,0.0,0.0
2024-10-22 14:40:00-04:00,6.28000020980835,6.28000020980835,6.28000020980835,6.28000020980835,1101,0.0,0.0
2024-10-22 14:41:00-04:00,6.269999980926514,6.275000095367432,6.269999980926514,6.269999980926514,1283,0.0,0.0
2024-10-22 14:42:00-04:00,6.269999980926514,6.269999980926514,6.264999866485596,6.269999980926514,4505,0.0,0.0
2024-10-22 14:43:00-04:00,6.275000095367432,6.275000095367432,6.27400016784668,6.27400016784668,1274,0.0,0.0
2024-10-22 14:44:00-04:00,6.269999980926514,6.275000095367432,6.269999980926514,6.275000095367432,1968,0.0,0.0
2024-10-22 14:47:00-04:00,6.275000095367432,6.275000095367432,6.275000095367432,6.275000095367432,1199,0.0,0.0
2024-10-22 14:48:00-04:00,6.28000020980835,6.28000020980835,6.28000020980835,6.28000020980835,362,0.0,0.0
2024-10-22 14:50:00-04:00,6.28000020980835,6.28000020980835,6.28000020980835,6.28000020980835,158,0.0,0.0
2024-10-22 14:51:00-04:00,6.28000020980835,6.28000020980835,6.28000020980835,6.28000020980835,330,0.0,0.0
2024-10-22 14:52:00-04:00,6.28000020980835,6.284999847412109,6.28000020980835,6.284999847412109,4133,0.0,0.0
2024-10-22 14:53:00-04:00,6.283999919891357,6.284999847412109,6.28000020980835,6.284999847412109,1128,0.0,0.0
2024-10-22 14:54:00-04:00,6.289999961853027,6.289999961853027,6.289999961853027,6.289999961853027,951,0.0,0.0
2024-10-22 14:56:00-04:00,6.28000020980835,6.28000020980835,6.28000020980835,6.28000020980835,922,0.0,0.0
2024-10-22 14:57:00-04:00,6.28000020980835,6.28000020980835,6.28000020980835,6.28000020980835,1592,0.0,0.0
2024-10-22 14:59:00-04:00,6.275000095367432,6.275000095367432,6.269999980926514,6.269999980926514,1451,0.0,0.0
2024-10-22 15:00:00-04:00,6.264999866485596,6.264999866485596,6.264999866485596,6.264999866485596,325,0.0,0.0
2024-10-22 15:01:00-04:00,6.269999980926514,6.28000020980835,6.269999980926514,6.28000020980835,2882,0.0,0.0
2024-10-22 15:02:00-04:00,6.28000020980835,6.28000020980835,6.28000020980835,6.28000020980835,5309,0.0,0.0
2024-10-22 15:03:00-04:00,6.284999847412109,6.284999847412109,6.284999847412109,6.284999847412109,2143,0.0,0.0
2024-10-22 15:04:00-04:00,6.284999847412109,6.289999961853027,6.28000020980835,6.28000020980835,2265,0.0,0.0
2024-10-22 15:05:00-04:00,6.284999847412109,6.284999847412109,6.284999847412109,6.284999847412109,585,0.0,0.0
2024-10-22 15:08:00-04:00,6.284999847412109,6.284999847412109,6.284999847412109,6.284999847412109,2207,0.0,0.0
2024-10-22 15:10:00-04:00,6.284999847412109,6.284999847412109,6.284999847412109,6.284999847412109,648,0.0,0.0
2024-10-22 15:11:00-04:00,6.289999961853027,6.289999961853027,6.289999961853027,6.289999961853027,536,0.0,0.0
2024-10-22 15:14:00-04:00,6.284999847412109,6.289999961853027,6.284999847412109,6.289999961853027,884,0.0,0.0
2024-10-22 15:15:00-04:00,6.289999961853027,6.289999961853027,6.284999847412109,6.284999847412109,1061,0.0,0.0
2024-10-22 15:16:00-04:00,6.289999961853027,6.295000076293945,6.289999961853027,6.295000076293945,3750,0.0,0.0
2024-10-22 15:17:00-04:00,6.295000076293945,6.295000076293945,6.295000076293945,6.295000076293945,751,0.0,0.0
2024-10-22 15:19:00-04:00,6.295000076293945,6.295000076293945,6.295000076293945,6.295000076293945,580,0.0,0.0
2024-10-22 15:20:00-04:00,6.289999961853027,6.289999961853027,6.289999961853027,6.289999961853027,359,0.0,0.0
2024-10-22 15:21:00-04:00,6.289999961853027,6.289999961853027,6.289999961853027,6.289999961853027,501,0.0,0.0
2024-10-22 15:22:00-04:00,6.300000190734863,6.300000190734863,6.295000076293945,6.295000076293945,540,0.0,0.0
2024-10-22 15:23:00-04:00,6.289999961853027,6.293600082397461,6.289999961853027,6.289999961853027,2706,0.0,0.0
2024-10-22 15:24:00-04:00,6.28000020980835,6.300000190734863,6.28000020980835,6.300000190734863,21265,0.0,0.0
2024-10-22 15:25:00-04:00,6.291900157928467,6.291900157928467,6.291900157928467,6.291900157928467,981,0.0,0.0
2024-10-22 15:26:00-04:00,6.300000190734863,6.300000190734863,6.300000190734863,6.300000190734863,773,0.0,0.0
2024-10-22 15:27:00-04:00,6.295000076293945,6.295000076293945,6.295000076293945,6.295000076293945,566,0.0,0.0
2024-10-22 15:28:00-04:00,6.295000076293945,6.295000076293945,6.289999961853027,6.289999961853027,815,0.0,0.0
2024-10-22 15:29:00-04:00,6.295000076293945,6.295000076293945,6.295000076293945,6.295000076293945,260,0.0,0.0
2024-10-22 15:30:00-04:00,6.2916998863220215,6.2916998863220215,6.2916998863220215,6.2916998863220215,436,0.0,0.0
2024-10-22 15:31:00-04:00,6.295000076293945,6.300000190734863,6.295000076293945,6.300000190734863,5135,0.0,0.0
2024-10-22 15:32:00-04:00,6.309999942779541,6.320000171661377,6.309999942779541,6.320000171661377,5699,0.0,0.0
2024-10-22 15:33:00-04:00,6.320000171661377,6.329999923706055,6.320000171661377,6.329999923706055,2833,0.0,0.0
2024-10-22 15:34:00-04:00,6.329999923706055,6.329999923706055,6.329999923706055,6.329999923706055,1164,0.0,0.0
2024-10-22 15:35:00-04:00,6.324999809265137,6.329999923706055,6.324999809265137,6.329999923706055,1337,0.0,0.0
2024-10-22 15:36:00-04:00,6.329999923706055,6.329999923706055,6.329999923706055,6.329999923706055,560,0.0,0.0
2024-10-22 15:37:00-04:00,6.329999923706055,6.329999923706055,6.320000171661377,6.324999809265137,30657,0.0,0.0
2024-10-22 15:38:00-04:00,6.324999809265137,6.324999809265137,6.304999828338623,6.304999828338623,10910,0.0,0.0
2024-10-22 15:39:00-04:00,6.304999828338623,6.304999828338623,6.304999828338623,6.304999828338623,765,0.0,0.0
2024-10-22 15:40:00-04:00,6.304999828338623,6.309999942779541,6.304999828338623,6.309999942779541,1769,0.0,0.0
2024-10-22 15:41:00-04:00,6.304999828338623,6.304999828338623,6.304999828338623,6.304999828338623,337,0.0,0.0
2024-10-22 15:42:00-04:00,6.304999828338623,6.309999942779541,6.304999828338623,6.309999942779541,2979,0.0,0.0
2024-10-22 15:43:00-04:00,6.304999828338623,6.309999942779541,6.304999828338623,6.309999942779541,721,0.0,0.0
2024-10-22 15:44:00-04:00,6.309999942779541,6.309999942779541,6.300000190734863,6.309999942779541,3485,0.0,0.0
2024-10-22 15:45:00-04:00,6.309999942779541,6.309999942779541,6.304999828338623,6.309999942779541,1413,0.0,0.0
2024-10-22 15:46:00-04:00,6.309999942779541,6.309999942779541,6.309999942779541,6.309999942779541,1059,0.0,0.0
2024-10-22 15:47:00-04:00,6.304999828338623,6.309999942779541,6.304999828338623,6.309999942779541,1781,0.0,0.0
2024-10-22 15:48:00-04:00,6.309999942779541,6.309999942779541,6.309999942779541,6.309999942779541,792,0.0,0.0
2024-10-22 15:49:00-04:00,6.309999942779541,6.309999942779541,6.304999828338623,6.309999942779541,1780,0.0,0.0
2024-10-22 15:50:00-04:00,6.309999942779541,6.309999942779541,6.304999828338623,6.304999828338623,3321,0.0,0.0
2024-10-22 15:51:00-04:00,6.309999942779541,6.309999942779541,6.304999828338623,6.309999942779541,2830,0.0,0.0
2024-10-22 15:52:00-04:00,6.309999942779541,6.309999942779541,6.300000190734863,6.309999942779541,5872,0.0,0.0
2024-10-22 15:53:00-04:00,6.304999828338623,6.309999942779541,6.300000190734863,6.309999942779541,4382,0.0,0.0
2024-10-22 15:54:00-04:00,6.300000190734863,6.320000171661377,6.300000190734863,6.315000057220459,23388,0.0,0.0
2024-10-22 15:55:00-04:00,6.315000057220459,6.320000171661377,6.300000190734863,6.304999828338623,29824,0.0,0.0
2024-10-22 15:56:00-04:00,6.304999828338623,6.304999828338623,6.289999961853027,6.289999961853027,10196,0.0,0.0
2024-10-22 15:57:00-04:00,6.289999961853027,6.295000076293945,6.289999961853027,6.295000076293945,9517,0.0,0.0
2024-10-22 15:58:00-04:00,6.289999961853027,6.295000076293945,6.289999961853027,6.289999961853027,6787,0.0,0.0
2024-10-22 15:59:00-04:00,6.289999961853027,6.309999942779541,6.289999961853027,6.300000190734863,44555,0.0,0.0
2024-10-23 09:30:00-04:00,6.25,6.275000095367432,6.25,6.275000095367432,6196,0.0,0.0
2024-10-23 09:31:00-04:00,6.275000095367432,6.275000095367432,6.275000095367432,6.275000095367432,565,0.0,0.0
2024-10-23 09:32:00-04:00,6.25,6.25,6.25,6.25,224,0.0,0.0
2024-10-23 09:33:00-04:00,6.260000228881836,6.269999980926514,6.260000228881836,6.269999980926514,1292,0.0,0.0
2024-10-23 09:34:00-04:00,6.269999980926514,6.269999980926514,6.269999980926514,6.269999980926514,1238,0.0,0.0
2024-10-23 09:35:00-04:00,6.269999980926514,6.28000020980835,6.269999980926514,6.28000020980835,1084,0.0,0.0
2024-10-23 09:40:00-04:00,6.25,6.260000228881836,6.25,6.260000228881836,1942,0.0,0.0
2024-10-23 09:42:00-04:00,6.260000228881836,6.260000228881836,6.260000228881836,6.260000228881836,292,0.0,0.0
2024-10-23 09:43:00-04:00,6.255000114440918,6.255000114440918,6.255000114440918,6.255000114440918,246,0.0,0.0
2024-10-23 09:44:00-04:00,6.260000228881836,6.260000228881836,6.260000228881836,6.260000228881836,1195,0.0,0.0
2024-10-23 09:49:00-04:00,6.269999980926514,6.28000020980835,6.269999980926514,6.28000020980835,976,0.0,0.0
2024-10-23 09:50:00-04:00,6.289999961853027,6.295000076293945,6.289999961853027,6.295000076293945,566,0.0,0.0
2024-10-23 09:51:00-04:00,6.289999961853027,6.289999961853027,6.28000020980835,6.28000020980835,2462,0.0,0.0
2024-10-23 09:53:00-04:00,6.2779998779296875,6.2779998779296875,6.2779998779296875,6.2779998779296875,1146,0.0,0.0
2024-10-23 09:54:00-04:00,6.28000020980835,6.289999961853027,6.28000020980835,6.289999961853027,446,0.0,0.0
2024-10-23 09:55:00-04:00,6.289999961853027,6.300000190734863,6.289999961853027,6.300000190734863,2818,0.0,0.0
2024-10-23 09:56:00-04:00,6.295000076293945,6.295000076293945,6.284999847412109,6.284999847412109,815,0.0,0.0
2024-10-23 09:57:00-04:00,6.289999961853027,6.289999961853027,6.289999961853027,6.289999961853027,556,0.0,0.0
2024-10-23 09:58:00-04:00,6.295000076293945,6.295000076293945,6.289999961853027,6.289999961853027,1007,0.0,0.0
2024-10-23 09:59:00-04:00,6.284999847412109,6.289999961853027,6.284999847412109,6.289999961853027,1368,0.0,0.0
2024-10-23 10:00:00-04:00,6.284999847412109,6.284999847412109,6.284999847412109,6.284999847412109,357,0.0,0.0
2024-10-23 10:01:00-04:00,6.284999847412109,6.284999847412109,6.284999847412109,6.284999847412109,102,0.0,0.0
2024-10-23 10:02:00-04:00,6.284999847412109,6.284999847412109,6.284999847412109,6.284999847412109,396,0.0,0.0
2024-10-23 10:03:00-04:00,6.28000020980835,6.284999847412109,6.28000020980835,6.284999847412109,2773,0.0,0.0
2024-10-23 10:04:00-04:00,6.284999847412109,6.284999847412109,6.28000020980835,6.28000020980835,1635,0.0,0.0
2024-10-23 10:05:00-04:00,6.269999980926514,6.284999847412109,6.269999980926514,6.284999847412109,1803,0.0,0.0
2024-10-23 10:06:00-04:00,6.28000020980835,6.28000020980835,6.269999980926514,6.269999980926514,957,0.0,0.0
2024-10-23 10:07:00-04:00,6.269999980926514,6.28000020980835,6.269999980926514,6.275000095367432,1021,0.0,0.0
2024-10-23 10:10:00-04:00,6.269999980926514,6.269999980926514,6.269999980926514,6.269999980926514,454,0.0,0.0
2024-10-23 10:12:00-04:00,6.269999980926514,6.28000020980835,6.269999980926514,6.275000095367432,1128,0.0,0.0
2024-10-23 10:13:00-04:00,6.269999980926514,6.269999980926514,6.260000228881836,6.260000228881836,1651,0.0,0.0
2024-10-23 10:14:00-04:00,6.260000228881836,6.260000228881836,6.25,6.25,1927,0.0,0.0
2024-10-23 10:15:00-04:00,6.239999771118164,6.25,6.239999771118164,6.25,2048,0.0,0.0
2024-10-23 10:16:00-04:00,6.25,6.255000114440918,6.25,6.255000114440918,778,0.0,0.0
2024-10-23 10:17:00-04:00,6.255000114440918,6.255000114440918,6.255000114440918,6.255000114440918,359,0.0,0.0
2024-10-23 10:20:00-04:00,6.255000114440918,6.255000114440918,6.255000114440918,6.255000114440918,363,0.0,0.0
2024-10-23 10:21:00-04:00,6.25,6.25,6.239999771118164,6.239999771118164,669,0.0,0.0
2024-10-23 10:22:00-04:00,6.239999771118164,6.244999885559082,6.239999771118164,6.244999885559082,935,0.0,0.0
2024-10-23 10:26:00-04:00,6.239999771118164,6.239999771118164,6.239999771118164,6.239999771118164,464,0.0,0.0
2024-10-23 10:27:00-04:00,6.239999771118164,6.249899864196777,6.239999771118164,6.244999885559082,1869,0.0,0.0
2024-10-23 10:28:00-04:00,6.25,6.260000228881836,6.25,6.260000228881836,1572,0.0,0.0
2024-10-23 10:30:00-04:00,6.260000228881836,6.28000020980835,6.260000228881836,6.275000095367432,3512,0.0,0.0
2024-10-23 10:32:00-04:00,6.27400016784668,6.27400016784668,6.264999866485596,6.264999866485596,1750,0.0,0.0
2024-10-23 10:33:00-04:00,6.264999866485596,6.269999980926514,6.264999866485596,6.269999980926514,818,0.0,0.0
2024-10-23 10:35:00-04:00,6.269999980926514,6.269999980926514,6.269999980926514,6.269999980926514,127,0.0,0.0
2024-10-23 10:36:00-04:00,6.260000228881836,6.260000228881836,6.25,6.25,868,0.0,0.0
2024-10-23 10:38:00-04:00,6.255000114440918,6.255000114440918,6.25,6.25,2061,0.0,0.0
2024-10-23 10:44:00-04:00,6.255000114440918,6.255000114440918,6.255000114440918,6.255000114440918,497,0.0,0.0
2024-10-23 10:47:00-04:00,6.255000114440918,6.255000114440918,6.255000114440918,6.255000114440918,271,0.0,0.0
2024-10-23 10:49:00-04:00,6.260000228881836,6.260000228881836,6.260000228881836,6.260000228881836,472,0.0,0.0
2024-10-23 10:50:00-04:00,6.260000228881836,6.260000228881836,6.260000228881836,6.260000228881836,538,0.0,0.0
2024-10-23 10:51:00-04:00,6.264999866485596,6.264999866485596,6.260000228881836,6.260000228881836,1374,0.0,0.0
2024-10-23 10:54:00-04:00,6.255000114440918,6.255000114440918,6.255000114440918,6.255000114440918,620,0.0,0.0
2024-10-23 10:57:00-04:00,6.260000228881836,6.264999866485596,6.255000114440918,6.255000114440918,2594,0.0,0.0
2024-10-23 10:58:00-04:00,6.25,6.25,6.25,6.25,1232,0.0,0.0
2024-10-23 11:00:00-04:00,6.244999885559082,6.244999885559082,6.244999885559082,6.244999885559082,331,0.0,0.0
2024-10-23 11:03:00-04:00,6.239999771118164,6.244999885559082,6.239999771118164,6.244999885559082,217,0.0,0.0
2024-10-23 11:04:00-04:00,6.239999771118164,6.244999885559082,6.239999771118164,6.244999885559082,783,0.0,0.0
2024-10-23 11:05:00-04:00,6.239999771118164,6.239999771118164,6.239999771118164,6.239999771118164,3528,0.0,0.0
2024-10-23 11:06:00-04:00,6.25,6.264999866485596,6.25,6.264999866485596,2146,0.0,0.0
2024-10-23 11:07:00-04:00,6.264999866485596,6.264999866485596,6.264999866485596,6.264999866485596,419,0.0,0.0
2024-10-23 11:08:00-04:00,6.264999866485596,6.264999866485596,6.264999866485596,6.264999866485596,240,0.0,0.0
2024-10-23 11:11:00-04:00,6.264999866485596,6.264999866485596,6.260000228881836,6.260000228881836,220,0.0,0.0
2024-10-23 11:12:00-04:00,6.260000228881836,6.264999866485596,6.260000228881836,6.264999866485596,331,0.0,0.0
2024-10-23 11:13:00-04:00,6.264999866485596,6.264999866485596,6.260000228881836,6.260000228881836,1571,0.0,0.0
2024-10-23 11:14:00-04:00,6.255000114440918,6.264999866485596,6.255000114440918,6.264999866485596,1592,0.0,0.0
2024-10-23 11:15:00-04:00,6.264999866485596,6.264999866485596,6.264999866485596,6.264999866485596,111,0.0,0.0
2024-10-23 11:16:00-04:00,6.264999866485596,6.264999866485596,6.264999866485596,6.264999866485596,911,0.0,0.0
2024-10-23 11:17:00-04:00,6.264999866485596,6.275000095367432,6.264999866485596,6.275000095367432,3372,0.0,0.0
2024-10-23 11:18:00-04:00,6.28000020980835,6.284999847412109,6.28000020980835,6.284999847412109,3426,0.0,0.0
2024-10-23 11:21:00-04:00,6.289999961853027,6.300000190734863,6.289999961853027,6.300000190734863,3524,0.0,0.0
2024-10-23 11:22:00-04:00,6.300000190734863,6.300000190734863,6.284999847412109,6.295000076293945,16812,0.0,0.0
2024-10-23 11:23:00-04:00,6.295000076293945,6.295000076293945,6.295000076293945,6.295000076293945,221,0.0,0.0
2024-10-23 11:26:00-04:00,6.295000076293945,6.295000076293945,6.289999961853027,6.289999961853027,368,0.0,0.0
2024-10-23 11:27:00-04:00,6.289999961853027,6.289999961853027,6.289999961853027,6.289999961853027,144,0.0,0.0
2024-10-23 11:28:00-04:00,6.295000076293945,6.295000076293945,6.295000076293945,6.295000076293945,112,0.0,0.0
2024-10-23 11:29:00-04:00,6.289999961853027,6.295000076293945,6.289999961853027,6.289999961853027,5359,0.0,0.0
2024-10-23 11:30:00-04:00,6.289999961853027,6.289999961853027,6.289999961853027,6.289999961853027,831,0.0,0.0
2024-10-23 11:31:00-04:00,6.295000076293945,6.295000076293945,6.295000076293945,6.295000076293945,238,0.0,0.0
2024-10-23 11:32:00-04:00,6.295000076293945,6.295000076293945,6.295000076293945,6.295000076293945,367,0.0,0.0
2024-10-23 11:33:00-04:00,6.289999961853027,6.295000076293945,6.289999961853027,6.295000076293945,569,0.0,0.0
2024-10-23 11:34:00-04:00,6.289999961853027,6.289999961853027,6.289999961853027,6.289999961853027,835,0.0,0.0
2024-10-23 11:35:00-04:00,6.289999961853027,6.295000076293945,6.289999961853027,6.295000076293945,542,0.0,0.0
2024-10-23 11:36:00-04:00,6.295000076293945,6.295000076293945,6.289999961853027,6.289999961853027,218,0.0,0.0
2024-10-23 11:37:00-04:00,6.295000076293945,6.295000076293945,6.289999961853027,6.289999961853027,878,0.0,0.0
2024-10-23 11:38:00-04:00,6.289999961853027,6.295000076293945,6.289999961853027,6.295000076293945,209,0.0,0.0
2024-10-23 11:39:00-04:00,6.289999961853027,6.289999961853027,6.289999961853027,6.289999961853027,344,0.0,0.0
2024-10-23 11:40:00-04:00,6.289999961853027,6.295000076293945,6.289999961853027,6.295000076293945,512,0.0,0.0
2024-10-23 11:41:00-04:00,6.289999961853027,6.289999961853027,6.289999961853027,6.289999961853027,384,0.0,0.0
2024-10-23 11:42:00-04:00,6.295000076293945,6.295000076293945,6.289999961853027,6.289999961853027,374,0.0,0.0
2024-10-23 11:43:00-04:00,6.295000076293945,6.295000076293945,6.295000076293945,6.295000076293945,340,0.0,0.0
2024-10-23 11:44:00-04:00,6.295000076293945,6.300000190734863,6.289999961853027,6.295000076293945,8708,0.0,0.0
2024-10-23 11:45:00-04:00,6.295000076293945,6.295000076293945,6.289999961853027,6.295000076293945,4304,0.0,0.0
2024-10-23 11:47:00-04:00,6.295000076293945,6.295000076293945,6.295000076293945,6.295000076293945,398,0.0,0.0
2024-10-23 11:48:00-04:00,6.289999961853027,6.295000076293945,6.289999961853027,6.289999961853027,545,0.0,0.0
2024-10-23 11:50:00-04:00,6.295000076293945,6.295000076293945,6.295000076293945,6.295000076293945,216,0.0,0.0
2024-10-23 11:51:00-04:00,6.295000076293945,6.295000076293945,6.295000076293945,6.295000076293945,341,0.0,0.0
2024-10-23 11:52:00-04:00,6.295000076293945,6.295000076293945,6.295000076293945,6.295000076293945,325,0.0,0.0
2024-10-23 11:53:00-04:00,6.300000190734863,6.304999828338623,6.295000076293945,6.304999828338623,11807,0.0,0.0
2024-10-23 11:54:00-04:00,6.304999828338623,6.304999828338623,6.300000190734863,6.300000190734863,4501,0.0,0.0
2024-10-23 11:55:00-04:00,6.300000190734863,6.304999828338623,6.300000190734863,6.304999828338623,5792,0.0,0.0
2024-10-23 11:56:00-04:00,6.300000190734863,6.300000190734863,6.300000190734863,6.300000190734863,2105,0.0,0.0
2024-10-23 11:57:00-04:00,6.300000190734863,6.301000118255615,6.300000190734863,6.301000118255615,2727,0.0,0.0
2024-10-23 11:58:00-04:00,6.304999828338623,6.304999828338623,6.300000190734863,6.301000118255615,1379,0.0,0.0
2024-10-23 12:00:00-04:00,6.304999828338623,6.304999828338623,6.304999828338623,6.304999828338623,1324,0.0,0.0
2024-10-23 12:01:00-04:00,6.304999828338623,6.304999828338623,6.304999828338623,6.304999828338623,2728,0.0,0.0
2024-10-23 12:03:00-04:00,6.304999828338623,6.304999828338623,6.300000190734863,6.304999828338623,1257,0.0,0.0
2024-10-23 12:04:00-04:00,6.304999828338623,6.304999828338623,6.304999828338623,6.304999828338623,304,0.0,0.0
2024-10-23 12:05:00-04:00,6.304999828338623,6.304999828338623,6.304999828338623,6.304999828338623,615,0.0,0.0
2024-10-23 12:06:00-04:00,6.304999828338623,6.304999828338623,6.304999828338623,6.304999828338623,533,0.0,0.0
2024-10-23 12:07:00-04:00,6.304999828338623,6.304999828338623,6.303999900817871,6.303999900817871,1082,0.0,0.0
2024-10-23 12:10:00-04:00,6.304999828338623,6.309999942779541,6.304999828338623,6.309999942779541,598,0.0,0.0
2024-10-23 12:11:00-04:00,6.309999942779541,6.320000171661377,6.309999942779541,6.320000171661377,1853,0.0,0.0
2024-10-23 12:12:00-04:00,6.315000057220459,6.315000057220459,6.304999828338623,6.304999828338623,2947,0.0,0.0
2024-10-23 12:14:00-04:00,6.304999828338623,6.304999828338623,6.304999828338623,6.304999828338623,860,0.0,0.0
2024-10-23 12:16:00-04:00,6.304999828338623,6.304999828338623,6.304999828338623,6.304999828338623,463,0.0,0.0
2024-10-23 12:17:00-04:00,6.309999942779541,6.320000171661377,6.309999942779541,6.320000171661377,3396,0.0,0.0
2024-10-23 12:18:00-04:00,6.320000171661377,6.324999809265137,6.320000171661377,6.320000171661377,1788,0.0,0.0
2024-10-23 12:19:00-04:00,6.320000171661377,6.320000171661377,6.320000171661377,6.320000171661377,2339,0.0,0.0
2024-10-23 12:20:00-04:00,6.315000057220459,6.31820011138916,6.309999942779541,6.31820011138916,8212,0.0,0.0
2024-10-23 12:21:00-04:00,6.315000057220459,6.315000057220459,6.309999942779541,6.315000057220459,1851,0.0,0.0
2024-10-23 12:22:00-04:00,6.315000057220459,6.315000057220459,6.309999942779541,6.309999942779541,3286,0.0,0.0
2024-10-23 12:23:00-04:00,6.315000057220459,6.315000057220459,6.309999942779541,6.309999942779541,1309,0.0,0.0
2024-10-23 12:24:00-04:00,6.309999942779541,6.315000057220459,6.309999942779541,6.309999942779541,3296,0.0,0.0
2024-10-23 12:25:00-04:00,6.309999942779541,6.315000057220459,6.304999828338623,6.304999828338623,1699,0.0,0.0
2024-10-23 12:26:00-04:00,6.304999828338623,6.304999828338623,6.300000190734863,6.300000190734863,4988,0.0,0.0
2024-10-23 12:27:00-04:00,6.300000190734863,6.304999828338623,6.300000190734863,6.304999828338623,1611,0.0,0.0
2024-10-23 12:28:00-04:00,6.304999828338623,6.304999828338623,6.300000190734863,6.300000190734863,2830,0.0,0.0
2024-10-23 12:29:00-04:00,6.304999828338623,6.304999828338623,6.300000190734863,6.300000190734863,1706,0.0,0.0
2024-10-23 12:30:00-04:00,6.300000190734863,6.304999828338623,6.295000076293945,6.304999828338623,12267,0.0,0.0
2024-10-23 12:31:00-04:00,6.304999828338623,6.304999828338623,6.300000190734863,6.304999828338623,1806,0.0,0.0
2024-10-23 12:32:00-04:00,6.304999828338623,6.304999828338623,6.295000076293945,6.300000190734863,6885,0.0,0.0
2024-10-23 12:33:00-04:00,6.295000076293945,6.295000076293945,6.2906999588012695,6.2906999588012695,30565,0.0,0.0
2024-10-23 12:34:00-04:00,6.300000190734863,6.304999828338623,6.300000190734863,6.304999828338623,9603,0.0,0.0
2024-10-23 12:35:00-04:00,6.304999828338623,6.304999828338623,6.304999828338623,6.304999828338623,108,0.0,0.0
2024-10-23 12:36:00-04:00,6.304999828338623,6.304999828338623,6.304999828338623,6.304999828338623,1876,0.0,0.0
2024-10-23 12:37:00-04:00,6.300000190734863,6.300000190734863,6.300000190734863,6.300000190734863,2644,0.0,0.0
2024-10-23 12:38:00-04:00,6.304999828338623,6.304999828338623,6.304999828338623,6.304999828338623,631,0.0,0.0
2024-10-23 12:39:00-04:00,6.300000190734863,6.300000190734863,6.300000190734863,6.300000190734863,247,0.0,0.0
2024-10-23 12:40:00-04:00,6.300000190734863,6.300000190734863,6.300000190734863,6.300000190734863,291,0.0,0.0
2024-10-23 12:41:00-04:00,6.300000190734863,6.3007001876831055,6.300000190734863,6.3007001876831055,6558,0.0,0.0
2024-10-23 12:42:00-04:00,6.300000190734863,6.300000190734863,6.295000076293945,6.300000190734863,2516,0.0,0.0
2024-10-23 12:43:00-04:00,6.295000076293945,6.295000076293945,6.289999961853027,6.289999961853027,1414,0.0,0.0
2024-10-23 12:44:00-04:00,6.289999961853027,6.289999961853027,6.289999961853027,6.289999961853027,775,0.0,0.0
2024-10-23 12:47:00-04:00,6.289999961853027,6.289999961853027,6.289999961853027,6.289999961853027,403,0.0,0.0
2024-10-23 12:48:00-04:00,6.289999961853027,6.289999961853027,6.289999961853027,6.289999961853027,357,0.0,0.0
2024-10-23 12:49:00-04:00,6.300000190734863,6.300000190734863,6.300000190734863,6.300000190734863,330,0.0,0.0
2024-10-23 12:50:00-04:00,6.300000190734863,6.309999942779541,6.300000190734863,6.309999942779541,2355,0.0,0.0
2024-10-23 12:53:00-04:00,6.304999828338623,6.304999828338623,6.304999828338623,6.304999828338623,272,0.0,0.0
2024-10-23 12:54:00-04:00,6.304999828338623,6.304999828338623,6.304999828338623,6.304999828338623,421,0.0,0.0
2024-10-23 12:55:00-04:00,6.304999828338623,6.304999828338623,6.295000076293945,6.295000076293945,3733,0.0,0.0
2024-10-23 12:57:00-04:00,6.295000076293945,6.295000076293945,6.295000076293945,6.295000076293945,771,0.0,0.0
2024-10-23 12:58:00-04:00,6.295000076293945,6.295000076293945,6.295000076293945,6.295000076293945,355,0.0,0.0
2024-10-23 12:59:00-04:00,6.289999961853027,6.289999961853027,6.289999961853027,6.289999961853027,325,0.0,0.0
2024-10-23 13:00:00-04:00,6.295000076293945,6.295000076293945,6.290900230407715,6.290900230407715,488,0.0,0.0
2024-10-23 13:01:00-04:00,6.295000076293945,6.295000076293945,6.289999961853027,6.289999961853027,424,0.0,0.0
2024-10-23 13:02:00-04:00,6.290900230407715,6.290900230407715,6.260000228881836,6.260000228881836,2915,0.0,0.0
2024-10-23 13:03:00-04:00,6.255000114440918,6.260000228881836,6.255000114440918,6.260000228881836,539,0.0,0.0
2024-10-23 13:04:00-04:00,6.260000228881836,6.260000228881836,6.260000228881836,6.260000228881836,393,0.0,0.0
2024-10-23 13:05:00-04:00,6.25,6.25,6.25,6.25,104,0.0,0.0
2024-10-23 13:06:00-04:00,6.260000228881836,6.260000228881836,6.255000114440918,6.255000114440918,1089,0.0,0.0
2024-10-23 13:07:00-04:00,6.260000228881836,6.260000228881836,6.260000228881836,6.260000228881836,1820,0.0,0.0
2024-10-23 13:09:00-04:00,6.264999866485596,6.264999866485596,6.264999866485596,6.264999866485596,210,0.0,0.0
2024-10-23 13:10:00-04:00,6.264999866485596,6.264999866485596,6.264999866485596,6.264999866485596,833,0.0,0.0
2024-10-23 13:12:00-04:00,6.264999866485596,6.264999866485596,6.264999866485596,6.264999866485596,608,0.0,0.0
2024-10-23 13:13:00-04:00,6.264999866485596,6.264999866485596,6.264999866485596,6.264999866485596,926,0.0,0.0
2024-10-23 13:17:00-04:00,6.264999866485596,6.264999866485596,6.255000114440918,6.255000114440918,1458,0.0,0.0
2024-10-23 13:18:00-04:00,6.255000114440918,6.255000114440918,6.255000114440918,6.255000114440918,479,0.0,0.0
2024-10-23 13:19:00-04:00,6.255000114440918,6.256100177764893,6.255000114440918,6.256100177764893,1308,0.0,0.0
2024-10-23 13:21:00-04:00,6.25,6.255000114440918,6.25,6.25,433,0.0,0.0
2024-10-23 13:22:00-04:00,6.255000114440918,6.255000114440918,6.255000114440918,6.255000114440918,868,0.0,0.0
2024-10-23 13:23:00-04:00,6.255000114440918,6.260000228881836,6.255000114440918,6.255000114440918,949,0.0,0.0
2024-10-23 13:24:00-04:00,6.255000114440918,6.255300045013428,6.255000114440918,6.255000114440918,1166,0.0,0.0
2024-10-23 13:25:00-04:00,6.255000114440918,6.255000114440918,6.255000114440918,6.255000114440918,1242,0.0,0.0
2024-10-23 13:28:00-04:00,6.260000228881836,6.260000228881836,6.260000228881836,6.260000228881836,2262,0.0,0.0
2024-10-23 13:32:00-04:00,6.264999866485596,6.264999866485596,6.264999866485596,6.264999866485596,551,0.0,0.0
2024-10-23 13:33:00-04:00,6.260000228881836,6.264999866485596,6.255000114440918,6.260000228881836,5050,0.0,0.0
2024-10-23 13:38:00-04:00,6.264999866485596,6.264999866485596,6.264999866485596,6.264999866485596,284,0.0,0.0
2024-10-23 13:39:00-04:00,6.264999866485596,6.264999866485596,6.255000114440918,6.255000114440918,2407,0.0,0.0
2024-10-23 13:40:00-04:00,6.255000114440918,6.255000114440918,6.255000114440918,6.255000114440918,744,0.0,0.0
2024-10-23 13:41:00-04:00,6.260000228881836,6.260000228881836,6.255000114440918,6.255000114440918,429,0.0,0.0
2024-10-23 13:42:00-04:00,6.255000114440918,6.260000228881836,6.255000114440918,6.260000228881836,521,0.0,0.0
2024-10-23 13:43:00-04:00,6.255000114440918,6.255000114440918,6.255000114440918,6.255000114440918,563,0.0,0.0
2024-10-23 13:44:00-04:00,6.260000228881836,6.264999866485596,6.260000228881836,6.260000228881836,3268,0.0,0.0
2024-10-23 13:45:00-04:00,6.255000114440918,6.255000114440918,6.255000114440918,6.255000114440918,324,0.0,0.0
2024-10-23 13:46:00-04:00,6.260000228881836,6.260000228881836,6.260000228881836,6.260000228881836,356,0.0,0.0
2024-10-23 13:47:00-04:00,6.260000228881836,6.260000228881836,6.260000228881836,6.260000228881836,531,0.0,0.0
2024-10-23 13:51:00-04:00,6.255000114440918,6.255000114440918,6.255000114440918,6.255000114440918,279,0.0,0.0
2024-10-23 13:52:00-04:00,6.255000114440918,6.255000114440918,6.25,6.25,1481,0.0,0.0
2024-10-23 13:53:00-04:00,6.25,6.255000114440918,6.25,6.255000114440918,1905,0.0,0.0
2024-10-23 13:55:00-04:00,6.255000114440918,6.255000114440918,6.255000114440918,6.255000114440918,316,0.0,0.0
2024-10-23 13:56:00-04:00,6.255000114440918,6.255000114440918,6.254000186920166,6.255000114440918,1512,0.0,0.0
2024-10-23 13:57:00-04:00,6.255000114440918,6.255000114440918,6.255000114440918,6.255000114440918,135,0.0,0.0
2024-10-23 13:58:00-04:00,6.25,6.25,6.25,6.25,402,0.0,0.0
2024-10-23 13:59:00-04:00,6.25,6.255000114440918,6.25,6.255000114440918,397,0.0,0.0
2024-10-23 14:00:00-04:00,6.255000114440918,6.255000114440918,6.255000114440918,6.255000114440918,1475,0.0,0.0
2024-10-23 14:02:00-04:00,6.25,6.25,6.244999885559082,6.25,4716,0.0,0.0
2024-10-23 14:03:00-04:00,6.260000228881836,6.260000228881836,6.255000114440918,6.255000114440918,2491,0.0,0.0
2024-10-23 14:04:00-04:00,6.25,6.25,6.25,6.25,2111,0.0,0.0
2024-10-23 14:05:00-04:00,6.25,6.255000114440918,6.25,6.255000114440918,4611,0.0,0.0
2024-10-23 14:06:00-04:00,6.25,6.255000114440918,6.25,6.255000114440918,290,0.0,0.0
2024-10-23 14:07:00-04:00,6.255000114440918,6.255000114440918,6.25,6.25,4467,0.0,0.0
2024-10-23 14:08:00-04:00,6.25,6.255000114440918,6.244999885559082,6.25,21382,0.0,0.0
2024-10-23 14:09:00-04:00,6.25,6.255000114440918,6.25,6.255000114440918,802,0.0,0.0
2024-10-23 14:10:00-04:00,6.255000114440918,6.255000114440918,6.255000114440918,6.255000114440918,422,0.0,0.0
2024-10-23 14:11:00-04:00,6.255000114440918,6.255000114440918,6.255000114440918,6.255000114440918,289,0.0,0.0
2024-10-23 14:12:00-04:00,6.255000114440918,6.255000114440918,6.251699924468994,6.251699924468994,688,0.0,0.0
2024-10-23 14:13:00-04:00,6.255000114440918,6.255000114440918,6.255000114440918,6.255000114440918,292,0.0,0.0
2024-10-23 14:14:00-04:00,6.255000114440918,6.255000114440918,6.255000114440918,6.255000114440918,998,0.0,0.0
2024-10-23 14:15:00-04:00,6.260000228881836,6.260000228881836,6.25,6.255099773406982,3054,0.0,0.0
2024-10-23 14:16:00-04:00,6.25,6.255000114440918,6.25,6.25,2743,0.0,0.0
2024-10-23 14:17:00-04:00,6.25,6.25,6.224999904632568,6.230000019073486,13183,0.0,0.0
2024-10-23 14:19:00-04:00,6.235000133514404,6.235000133514404,6.224999904632568,6.224999904632568,6840,0.0,0.0
2024-10-23 14:20:00-04:00,6.230000019073486,6.230000019073486,6.230000019073486,6.230000019073486,2058,0.0,0.0
2024-10-23 14:21:00-04:00,6.230000019073486,6.239999771118164,6.230000019073486,6.239999771118164,1468,0.0,0.0
2024-10-23 14:22:00-04:00,6.235000133514404,6.235000133514404,6.235000133514404,6.235000133514404,517,0.0,0.0
2024-10-23 14:23:00-04:00,6.230000019073486,6.235000133514404,6.230000019073486,6.230000019073486,3045,0.0,0.0
2024-10-23 14:25:00-04:00,6.239999771118164,6.239999771118164,6.239999771118164,6.239999771118164,369,0.0,0.0
2024-10-23 14:26:00-04:00,6.239999771118164,6.255000114440918,6.239999771118164,6.244999885559082,5108,0.0,0.0
2024-10-23 14:27:00-04:00,6.25,6.25,6.25,6.25,107,0.0,0.0
2024-10-23 14:28:00-04:00,6.25,6.260000228881836,6.25,6.260000228881836,1766,0.0,0.0
2024-10-23 14:30:00-04:00,6.255000114440918,6.260000228881836,6.255000114440918,6.260000228881836,954,0.0,0.0
2024-10-23 14:31:00-04:00,6.260000228881836,6.260000228881836,6.260000228881836,6.260000228881836,159,0.0,0.0
2024-10-23 14:32:00-04:00,6.259900093078613,6.264999866485596,6.259900093078613,6.264999866485596,3217,0.0,0.0
2024-10-23 14:33:00-04:00,6.264999866485596,6.269999980926514,6.264999866485596,6.269999980926514,314,0.0,0.0
2024-10-23 14:34:00-04:00,6.269899845123291,6.269899845123291,6.269899845123291,6.269899845123291,1067,0.0,0.0
2024-10-23 14:36:00-04:00,6.269999980926514,6.269999980926514,6.269999980926514,6.269999980926514,124,0.0,0.0
2024-10-23 14:37:00-04:00,6.269999980926514,6.269999980926514,6.269999980926514,6.269999980926514,1808,0.0,0.0
2024-10-23 14:38:00-04:00,6.275000095367432,6.28000020980835,6.275000095367432,6.28000020980835,1076,0.0,0.0
2024-10-23 14:41:00-04:00,6.269999980926514,6.275000095367432,6.269999980926514,6.275000095367432,396,0.0,0.0
2024-10-23 14:42:00-04:00,6.275000095367432,6.275000095367432,6.275000095367432,6.275000095367432,290,0.0,0.0
2024-10-23 14:43:00-04:00,6.28000020980835,6.28000020980835,6.28000020980835,6.28000020980835,139,0.0,0.0
2024-10-23 14:44:00-04:00,6.28000020980835,6.28000020980835,6.28000020980835,6.28000020980835,134,0.0,0.0
2024-10-23 14:45:00-04:00,6.28000020980835,6.28000020980835,6.28000020980835,6.28000020980835,709,0.0,0.0
2024-10-23 14:46:00-04:00,6.28000020980835,6.289999961853027,6.28000020980835,6.289999961853027,2296,0.0,0.0
2024-10-23 14:48:00-04:00,6.289999961853027,6.289999961853027,6.289999961853027,6.289999961853027,119,0.0,0.0
2024-10-23 14:49:00-04:00,6.289999961853027,6.289999961853027,6.284999847412109,6.284999847412109,1343,0.0,0.0
2024-10-23 14:50:00-04:00,6.289999961853027,6.289999961853027,6.289999961853027,6.289999961853027,302,0.0,0.0
2024-10-23 14:51:00-04:00,6.284999847412109,6.284999847412109,6.284999847412109,6.284999847412109,697,0.0,0.0
2024-10-23 14:52:00-04:00,6.284999847412109,6.289999961853027,6.284999847412109,6.289999961853027,570,0.0,0.0
2024-10-23 14:53:00-04:00,6.289999961853027,6.289999961853027,6.289999961853027,6.289999961853027,688,0.0,0.0
2024-10-23 14:54:00-04:00,6.284999847412109,6.284999847412109,6.284999847412109,6.284999847412109,452,0.0,0.0
2024-10-23 14:56:00-04:00,6.289999961853027,6.289999961853027,6.289999961853027,6.289999961853027,168,0.0,0.0
2024-10-23 14:57:00-04:00,6.289999961853027,6.289999961853027,6.284999847412109,6.284999847412109,2311,0.0,0.0
2024-10-23 14:58:00-04:00,6.284999847412109,6.284999847412109,6.28000020980835,6.284999847412109,5419,0.0,0.0
2024-10-23 14:59:00-04:00,6.28000020980835,6.284999847412109,6.275000095367432,6.28000020980835,3941,0.0,0.0
2024-10-23 15:00:00-04:00,6.284999847412109,6.295000076293945,6.284999847412109,6.289999961853027,7457,0.0,0.0
2024-10-23 15:01:00-04:00,6.284999847412109,6.284999847412109,6.28000020980835,6.28000020980835,2402,0.0,0.0
2024-10-23 15:02:00-04:00,6.28000020980835,6.284999847412109,6.28000020980835,6.28000020980835,1895,0.0,0.0
2024-10-23 15:03:00-04:00,6.269999980926514,6.275000095367432,6.269999980926514,6.269999980926514,2462,0.0,0.0
2024-10-23 15:04:00-04:00,6.269999980926514,6.275000095367432,6.269999980926514,6.269999980926514,1546,0.0,0.0
2024-10-23 15:05:00-04:00,6.269999980926514,6.275000095367432,6.269999980926514,6.269999980926514,856,0.0,0.0
2024-10-23 15:06:00-04:00,6.269999980926514,6.269999980926514,6.269999980926514,6.269999980926514,1387,0.0,0.0
2024-10-23 15:07:00-04:00,6.269999980926514,6.269999980926514,6.264999866485596,6.264999866485596,4068,0.0,0.0
2024-10-23 15:09:00-04:00,6.264999866485596,6.269999980926514,6.260000228881836,6.264999866485596,5283,0.0,0.0
2024-10-23 15:10:00-04:00,6.264999866485596,6.264999866485596,6.264999866485596,6.264999866485596,1447,0.0,0.0
2024-10-23 15:11:00-04:00,6.264999866485596,6.264999866485596,6.264999866485596,6.264999866485596,834,0.0,0.0
2024-10-23 15:12:00-04:00,6.264999866485596,6.264999866485596,6.264999866485596,6.264999866485596,899,0.0,0.0
2024-10-23 15:13:00-04:00,6.264999866485596,6.284999847412109,6.264999866485596,6.284999847412109,3155,0.0,0.0
2024-10-23 15:14:00-04:00,6.284999847412109,6.284999847412109,6.284999847412109,6.284999847412109,756,0.0,0.0
2024-10-23 15:15:00-04:00,6.284999847412109,6.284999847412109,6.28000020980835,6.28000020980835,1365,0.0,0.0
2024-10-23 15:16:00-04:00,6.284999847412109,6.284999847412109,6.284999847412109,6.284999847412109,2106,0.0,0.0
2024-10-23 15:18:00-04:00,6.284999847412109,6.289999961853027,6.284999847412109,6.289999961853027,1075,0.0,0.0
2024-10-23 15:19:00-04:00,6.289999961853027,6.289999961853027,6.289999961853027,6.289999961853027,2720,0.0,0.0
2024-10-23 15:22:00-04:00,6.300000190734863,6.300000190734863,6.300000190734863,6.300000190734863,524,0.0,0.0
2024-10-23 15:24:00-04:00,6.300000190734863,6.300000190734863,6.284999847412109,6.284999847412109,21181,0.0,0.0
2024-10-23 15:25:00-04:00,6.284999847412109,6.284999847412109,6.28000020980835,6.28000020980835,1034,0.0,0.0
2024-10-23 15:26:00-04:00,6.284999847412109,6.284999847412109,6.275000095367432,6.275000095367432,6441,0.0,0.0
2024-10-23 15:27:00-04:00,6.269999980926514,6.269999980926514,6.269999980926514,6.269999980926514,241,0.0,0.0
2024-10-23 15:28:00-04:00,6.275000095367432,6.275000095367432,6.275000095367432,6.275000095367432,972,0.0,0.0
2024-10-23 15:29:00-04:00,6.275000095367432,6.275000095367432,6.260000228881836,6.264999866485596,3854,0.0,0.0
2024-10-23 15:30:00-04:00,6.264999866485596,6.28000020980835,6.264999866485596,6.275000095367432,7625,0.0,0.0
2024-10-23 15:31:00-04:00,6.275000095367432,6.275000095367432,6.275000095367432,6.275000095367432,396,0.0,0.0
2024-10-23 15:32:00-04:00,6.275000095367432,6.28000020980835,6.275000095367432,6.28000020980835,1201,0.0,0.0
2024-10-23 15:33:00-04:00,6.276299953460693,6.28000020980835,6.276299953460693,6.28000020980835,2028,0.0,0.0
2024-10-23 15:35:00-04:00,6.275000095367432,6.275000095367432,6.269999980926514,6.269999980926514,6518,0.0,0.0
2024-10-23 15:36:00-04:00,6.275000095367432,6.275000095367432,6.269999980926514,6.275000095367432,1116,0.0,0.0
2024-10-23 15:37:00-04:00,6.275000095367432,6.275000095367432,6.269999980926514,6.269999980926514,2337,0.0,0.0
2024-10-23 15:38:00-04:00,6.275000095367432,6.275000095367432,6.275000095367432,6.275000095367432,813,0.0,0.0
2024-10-23 15:39:00-04:00,6.275000095367432,6.275000095367432,6.275000095367432,6.275000095367432,731,0.0,0.0
2024-10-23 15:40:00-04:00,6.275000095367432,6.275000095367432,6.275000095367432,6.275000095367432,610,0.0,0.0
2024-10-23 15:41:00-04:00,6.275000095367432,6.284999847412109,6.275000095367432,6.284999847412109,7203,0.0,0.0
2024-10-23 15:42:00-04:00,6.283999919891357,6.284999847412109,6.283999919891357,6.284999847412109,4313,0.0,0.0
2024-10-23 15:43:00-04:00,6.284999847412109,6.284999847412109,6.284999847412109,6.284999847412109,1669,0.0,0.0
2024-10-23 15:44:00-04:00,6.284999847412109,6.284999847412109,6.28000020980835,6.283999919891357,1842,0.0,0.0
2024-10-23 15:45:00-04:00,6.284999847412109,6.284999847412109,6.284999847412109,6.284999847412109,2571,0.0,0.0
2024-10-23 15:47:00-04:00,6.284999847412109,6.284999847412109,6.284999847412109,6.284999847412109,2260,0.0,0.0
2024-10-23 15:48:00-04:00,6.284999847412109,6.284999847412109,6.284999847412109,6.284999847412109,285,0.0,0.0
2024-10-23 15:49:00-04:00,6.284999847412109,6.284999847412109,6.275000095367432,6.275000095367432,8349,0.0,0.0
2024-10-23 15:50:00-04:00,6.28000020980835,6.289999961853027,6.28000020980835,6.289999961853027,5673,0.0,0.0
2024-10-23 15:51:00-04:00,6.284999847412109,6.284999847412109,6.284999847412109,6.284999847412109,3958,0.0,0.0
2024-10-23 15:52:00-04:00,6.289999961853027,6.289999961853027,6.289999961853027,6.289999961853027,2125,0.0,0.0
2024-10-23 15:53:00-04:00,6.289999961853027,6.295000076293945,6.289999961853027,6.295000076293945,9044,0.0,0.0
2024-10-23 15:54:00-04:00,6.295000076293945,6.295000076293945,6.295000076293945,6.295000076293945,2771,0.0,0.0
2024-10-23 15:55:00-04:00,6.295000076293945,6.300000190734863,6.295000076293945,6.295000076293945,5077,0.0,0.0
2024-10-23 15:56:00-04:00,6.300000190734863,6.304999828338623,6.295000076293945,6.304999828338623,42238,0.0,0.0
2024-10-23 15:57:00-04:00,6.304999828338623,6.309999942779541,6.300000190734863,6.304999828338623,21636,0.0,0.0
2024-10-23 15:58:00-04:00,6.304999828338623,6.304999828338623,6.300000190734863,6.304999828338623,18222,0.0,0.0
2024-10-23 15:59:00-04:00,6.304999828338623,6.309999942779541,6.289999961853027,6.309999942779541,64453,0.0,0.0
2024-10-24 09:30:00-04:00,6.329999923706055,6.349999904632568,6.329999923706055,6.349999904632568,8048,0.0,0.0
2024-10-24 09:36:00-04:00,6.309999942779541,6.309999942779541,6.309999942779541,6.309999942779541,533,0.0,0.0
2024-10-24 09:37:00-04:00,6.309999942779541,6.310299873352051,6.309999942779541,6.310299873352051,894,0.0,0.0
2024-10-24 09:38:00-04:00,6.309999942779541,6.309999942779541,6.304999828338623,6.304999828338623,371,0.0,0.0
2024-10-24 09:39:00-04:00,6.309999942779541,6.320000171661377,6.309999942779541,6.320000171661377,250,0.0,0.0
2024-10-24 09:40:00-04:00,6.329999923706055,6.329999923706055,6.329999923706055,6.329999923706055,1684,0.0,0.0
2024-10-24 09:41:00-04:00,6.338900089263916,6.349999904632568,6.338900089263916,6.349999904632568,3278,0.0,0.0
2024-10-24 09:42:00-04:00,6.340000152587891,6.340000152587891,6.340000152587891,6.340000152587891,564,0.0,0.0
2024-10-24 09:43:00-04:00,6.329999923706055,6.340000152587891,6.329999923706055,6.340000152587891,948,0.0,0.0
2024-10-24 09:44:00-04:00,6.330100059509277,6.330100059509277,6.330100059509277,6.330100059509277,227,0.0,0.0
2024-10-24 09:45:00-04:00,6.335413932800293,6.335413932800293,6.335413932800293,6.335413932800293,715,0.0,0.0
2024-10-24 09:47:00-04:00,6.329999923706055,6.329999923706055,6.329999923706055,6.329999923706055,158,0.0,0.0
2024-10-24 09:50:00-04:00,6.324999809265137,6.324999809265137,6.320000171661377,6.320000171661377,811,0.0,0.0
2024-10-24 09:51:00-04:00,6.309999942779541,6.309999942779541,6.309999942779541,6.309999942779541,529,0.0,0.0
2024-10-24 09:53:00-04:00,6.320000171661377,6.340000152587891,6.320000171661377,6.340000152587891,2824,0.0,0.0
2024-10-24 09:56:00-04:00,6.349999904632568,6.349999904632568,6.349999904632568,6.349999904632568,1244,0.0,0.0
2024-10-24 09:57:00-04:00,6.34499979019165,6.34499979019165,6.34499979019165,6.34499979019165,256,0.0,0.0
2024-10-24 09:59:00-04:00,6.34499979019165,6.34499979019165,6.340000152587891,6.34499979019165,4043,0.0,0.0
2024-10-24 10:01:00-04:00,6.34499979019165,6.348999977111816,6.34499979019165,6.348999977111816,1114,0.0,0.0
2024-10-24 10:02:00-04:00,6.34499979019165,6.34499979019165,6.34499979019165,6.34499979019165,418,0.0,0.0
2024-10-24 10:03:00-04:00,6.34499979019165,6.34499979019165,6.34499979019165,6.34499979019165,1479,0.0,0.0
2024-10-24 10:04:00-04:00,6.34499979019165,6.34499979019165,6.340000152587891,6.34499979019165,3208,0.0,0.0
2024-10-24 10:05:00-04:00,6.340000152587891,6.340000152587891,6.335000038146973,6.335000038146973,359,0.0,0.0
2024-10-24 10:06:00-04:00,6.329999923706055,6.329999923706055,6.329999923706055,6.329999923706055,340,0.0,0.0
2024-10-24 10:07:00-04:00,6.329999923706055,6.329999923706055,6.324999809265137,6.324999809265137,611,0.0,0.0
2024-10-24 10:09:00-04:00,6.329999923706055,6.349999904632568,6.329999923706055,6.349999904632568,1248,0.0,0.0
2024-10-24 10:10:00-04:00,6.34499979019165,6.34499979019165,6.34499979019165,6.34499979019165,160,0.0,0.0
2024-10-24 10:11:00-04:00,6.340000152587891,6.340000152587891,6.340000152587891,6.340000152587891,952,0.0,0.0
2024-10-24 10:12:00-04:00,6.340000152587891,6.340000152587891,6.335000038146973,6.335000038146973,443,0.0,0.0
2024-10-24 10:13:00-04:00,6.335000038146973,6.335000038146973,6.335000038146973,6.335000038146973,2468,0.0,0.0
2024-10-24 10:14:00-04:00,6.340000152587891,6.340000152587891,6.335000038146973,6.335000038146973,904,0.0,0.0
2024-10-24 10:15:00-04:00,6.340000152587891,6.340000152587891,6.340000152587891,6.340000152587891,338,0.0,0.0
2024-10-24 10:16:00-04:00,6.34499979019165,6.349999904632568,6.34499979019165,6.34499979019165,1009,0.0,0.0
2024-10-24 10:17:00-04:00,6.340000152587891,6.349999904632568,6.340000152587891,6.349999904632568,758,0.0,0.0
2024-10-24 10:18:00-04:00,6.349999904632568,6.355000019073486,6.349999904632568,6.349999904632568,10963,0.0,0.0
2024-10-24 10:19:00-04:00,6.349999904632568,6.360000133514404,6.349999904632568,6.349999904632568,13996,0.0,0.0
2024-10-24 10:20:00-04:00,6.349999904632568,6.349999904632568,6.349999904632568,6.349999904632568,361,0.0,0.0
2024-10-24 10:21:00-04:00,6.349999904632568,6.369999885559082,6.349999904632568,6.364999771118164,3934,0.0,0.0
2024-10-24 10:22:00-04:00,6.369999885559082,6.369999885559082,6.360000133514404,6.364999771118164,867,0.0,0.0
2024-10-24 10:23:00-04:00,6.360000133514404,6.364999771118164,6.360000133514404,6.360000133514404,6796,0.0,0.0
2024-10-24 10:24:00-04:00,6.360000133514404,6.360000133514404,6.355000019073486,6.355000019073486,769,0.0,0.0
2024-10-24 10:25:00-04:00,6.360000133514404,6.375,6.355000019073486,6.355000019073486,6270,0.0,0.0
2024-10-24 10:26:00-04:00,6.355000019073486,6.355000019073486,6.355000019073486,6.355000019073486,560,0.0,0.0
2024-10-24 10:27:00-04:00,6.355000019073486,6.369999885559082,6.349999904632568,6.369999885559082,6312,0.0,0.0
2024-10-24 10:28:00-04:00,6.364999771118164,6.364999771118164,6.360000133514404,6.360000133514404,223,0.0,0.0
2024-10-24 10:29:00-04:00,6.369999885559082,6.375,6.369999885559082,6.375,5215,0.0,0.0
2024-10-24 10:30:00-04:00,6.375,6.380000114440918,6.369999885559082,6.375,754,0.0,0.0
2024-10-24 10:31:00-04:00,6.375,6.375,6.375,6.375,457,0.0,0.0
2024-10-24 10:32:00-04:00,6.375,6.385000228881836,6.375,6.385000228881836,3298,0.0,0.0
2024-10-24 10:33:00-04:00,6.385000228881836,6.400000095367432,6.385000228881836,6.394999980926514,5743,0.0,0.0
2024-10-24 10:34:00-04:00,6.394999980926514,6.400000095367432,6.394999980926514,6.394999980926514,943,0.0,0.0
2024-10-24 10:35:00-04:00,6.389999866485596,6.409999847412109,6.385000228881836,6.40500020980835,9183,0.0,0.0
2024-10-24 10:36:00-04:00,6.40500020980835,6.409999847412109,6.40500020980835,6.40500020980835,837,0.0,0.0
2024-10-24 10:37:00-04:00,6.40500020980835,6.40500020980835,6.400000095367432,6.40500020980835,8807,0.0,0.0
2024-10-24 10:38:00-04:00,6.409999847412109,6.414999961853027,6.400000095367432,6.414999961853027,12447,0.0,0.0
2024-10-24 10:39:00-04:00,6.414999961853027,6.414999961853027,6.409999847412109,6.414999961853027,5663,0.0,0.0
2024-10-24 10:40:00-04:00,6.409999847412109,6.409999847412109,6.385000228881836,6.389999866485596,2971,0.0,0.0
2024-10-24 10:41:00-04:00,6.389999866485596,6.389999866485596,6.389999866485596,6.389999866485596,450,0.0,0.0
2024-10-24 10:42:00-04:00,6.385000228881836,6.385000228881836,6.385000228881836,6.385000228881836,344,0.0,0.0
2024-10-24 10:43:00-04:00,6.389999866485596,6.389999866485596,6.389999866485596,6.389999866485596,1140,0.0,0.0
2024-10-24 10:44:00-04:00,6.385000228881836,6.389999866485596,6.385000228881836,6.385000228881836,904,0.0,0.0
2024-10-24 10:45:00-04:00,6.380000114440918,6.380000114440918,6.375,6.380000114440918,2427,0.0,0.0
2024-10-24 10:46:00-04:00,6.380000114440918,6.385000228881836,6.380000114440918,6.385000228881836,1040,0.0,0.0
2024-10-24 10:48:00-04:00,6.389999866485596,6.389999866485596,6.389999866485596,6.389999866485596,611,0.0,0.0
2024-10-24 10:49:00-04:00,6.385000228881836,6.389999866485596,6.385000228881836,6.389999866485596,899,0.0,0.0
2024-10-24 10:50:00-04:00,6.385000228881836,6.385000228881836,6.385000228881836,6.385000228881836,326,0.0,0.0
2024-10-24 10:51:00-04:00,6.385000228881836,6.385000228881836,6.385000228881836,6.385000228881836,481,0.0,0.0
2024-10-24 10:52:00-04:00,6.380000114440918,6.380000114440918,6.369999885559082,6.369999885559082,3582,0.0,0.0
2024-10-24 10:53:00-04:00,6.364999771118164,6.364999771118164,6.364999771118164,6.364999771118164,159,0.0,0.0
2024-10-24 10:54:00-04:00,6.369999885559082,6.369999885559082,6.369999885559082,6.369999885559082,700,0.0,0.0
2024-10-24 10:55:00-04:00,6.364999771118164,6.375,6.364999771118164,6.375,1195,0.0,0.0
2024-10-24 10:57:00-04:00,6.380000114440918,6.380000114440918,6.375,6.375,1521,0.0,0.0
2024-10-24 10:58:00-04:00,6.375,6.380000114440918,6.375,6.380000114440918,559,0.0,0.0
2024-10-24 10:59:00-04:00,6.375,6.375,6.375,6.375,461,0.0,0.0
2024-10-24 11:00:00-04:00,6.380000114440918,6.380000114440918,6.380000114440918,6.380000114440918,785,0.0,0.0
2024-10-24 11:01:00-04:00,6.385000228881836,6.385000228881836,6.380000114440918,6.380000114440918,1138,0.0,0.0
2024-10-24 11:02:00-04:00,6.369999885559082,6.369999885559082,6.369999885559082,6.369999885559082,971,0.0,0.0
2024-10-24 11:03:00-04:00,6.369999885559082,6.369999885559082,6.367000102996826,6.367000102996826,600,0.0,0.0
2024-10-24 11:04:00-04:00,6.364999771118164,6.380000114440918,6.364999771118164,6.380000114440918,2022,0.0,0.0
2024-10-24 11:05:00-04:00,6.380000114440918,6.380000114440918,6.380000114440918,6.380000114440918,1487,0.0,0.0
2024-10-24 11:06:00-04:00,6.3719000816345215,6.3719000816345215,6.3719000816345215,6.3719000816345215,197,0.0,0.0
2024-10-24 11:07:00-04:00,6.380000114440918,6.389999866485596,6.380000114440918,6.385000228881836,805,0.0,0.0
2024-10-24 11:08:00-04:00,6.389999866485596,6.389999866485596,6.389999866485596,6.389999866485596,703,0.0,0.0
2024-10-24 11:09:00-04:00,6.385000228881836,6.389999866485596,6.385000228881836,6.389999866485596,609,0.0,0.0
2024-10-24 11:11:00-04:00,6.389999866485596,6.389999866485596,6.389999866485596,6.389999866485596,564,0.0,0.0
2024-10-24 11:12:00-04:00,6.385000228881836,6.385000228881836,6.385000228881836,6.385000228881836,250,0.0,0.0
2024-10-24 11:13:00-04:00,6.389999866485596,6.389999866485596,6.385000228881836,6.385000228881836,3445,0.0,0.0
2024-10-24 11:14:00-04:00,6.389999866485596,6.389999866485596,6.389999866485596,6.389999866485596,523,0.0,0.0
2024-10-24 11:15:00-04:00,6.385000228881836,6.385000228881836,6.380000114440918,6.380000114440918,559,0.0,0.0
2024-10-24 11:16:00-04:00,6.385000228881836,6.385000228881836,6.375,6.375,1368,0.0,0.0
2024-10-24 11:17:00-04:00,6.375,6.375,6.375,6.375,238,0.0,0.0
2024-10-24 11:18:00-04:00,6.375,6.375,6.375,6.375,326,0.0,0.0
2024-10-24 11:20:00-04:00,6.369999885559082,6.369999885559082,6.364999771118164,6.364999771118164,991,0.0,0.0
2024-10-24 11:21:00-04:00,6.360000133514404,6.364999771118164,6.360000133514404,6.364999771118164,331,0.0,0.0
2024-10-24 11:22:00-04:00,6.360000133514404,6.360000133514404,6.355000019073486,6.360000133514404,733,0.0,0.0
2024-10-24 11:23:00-04:00,6.355000019073486,6.355000019073486,6.355000019073486,6.355000019073486,358,0.0,0.0
2024-10-24 11:27:00-04:00,6.355000019073486,6.355000019073486,6.349999904632568,6.349999904632568,1374,0.0,0.0
2024-10-24 11:29:00-04:00,6.34499979019165,6.34499979019165,6.34499979019165,6.34499979019165,145,0.0,0.0
2024-10-24 11:30:00-04:00,6.349999904632568,6.349999904632568,6.349999904632568,6.349999904632568,254,0.0,0.0
2024-10-24 11:31:00-04:00,6.34499979019165,6.34499979019165,6.34499979019165,6.34499979019165,200,0.0,0.0
2024-10-24 11:32:00-04:00,6.34499979019165,6.34499979019165,6.340000152587891,6.340000152587891,1062,0.0,0.0
2024-10-24 11:33:00-04:00,6.335000038146973,6.335000038146973,6.335000038146973,6.335000038146973,507,0.0,0.0
2024-10-24 11:36:00-04:00,6.335000038146973,6.335000038146973,6.335000038146973,6.335000038146973,414,0.0,0.0
2024-10-24 11:39:00-04:00,6.335000038146973,6.335000038146973,6.335000038146973,6.335000038146973,595,0.0,0.0
2024-10-24 11:40:00-04:00,6.335000038146973,6.335000038146973,6.335000038146973,6.335000038146973,312,0.0,0.0
2024-10-24 11:41:00-04:00,6.335000038146973,6.335000038146973,6.324999809265137,6.324999809265137,1595,0.0,0.0
2024-10-24 11:42:00-04:00,6.324999809265137,6.324999809265137,6.324999809265137,6.324999809265137,395,0.0,0.0
2024-10-24 11:43:00-04:00,6.324999809265137,6.324999809265137,6.324999809265137,6.324999809265137,497,0.0,0.0
2024-10-24 11:45:00-04:00,6.324999809265137,6.324999809265137,6.324999809265137,6.324999809265137,483,0.0,0.0
2024-10-24 11:46:00-04:00,6.324999809265137,6.324999809265137,6.324999809265137,6.324999809265137,279,0.0,0.0
2024-10-24 11:47:00-04:00,6.324999809265137,6.324999809265137,6.324999809265137,6.324999809265137,291,0.0,0.0
2024-10-24 11:48:00-04:00,6.320000171661377,6.320000171661377,6.304999828338623,6.309999942779541,4517,0.0,0.0
2024-10-24 11:49:00-04:00,6.304999828338623,6.304999828338623,6.304999828338623,6.304999828338623,594,0.0,0.0
2024-10-24 11:50:00-04:00,6.304999828338623,6.304999828338623,6.304999828338623,6.304999828338623,1426,0.0,0.0
2024-10-24 11:51:00-04:00,6.304999828338623,6.304999828338623,6.304999828338623,6.304999828338623,387,0.0,0.0
2024-10-24 11:52:00-04:00,6.300000190734863,6.304999828338623,6.300000190734863,6.304999828338623,451,0.0,0.0
2024-10-24 11:53:00-04:00,6.304999828338623,6.304999828338623,6.304999828338623,6.304999828338623,137,0.0,0.0
2024-10-24 11:54:00-04:00,6.304999828338623,6.304999828338623,6.304999828338623,6.304999828338623,222,0.0,0.0
2024-10-24 11:55:00-04:00,6.304999828338623,6.304999828338623,6.304999828338623,6.304999828338623,296,0.0,0.0
2024-10-24 11:56:00-04:00,6.304999828338623,6.304999828338623,6.304999828338623,6.304999828338623,900,0.0,0.0
2024-10-24 11:59:00-04:00,6.304999828338623,6.304999828338623,6.300000190734863,6.304999828338623,1483,0.0,0.0
2024-10-24 12:00:00-04:00,6.304999828338623,6.304999828338623,6.300000190734863,6.300000190734863,821,0.0,0.0
2024-10-24 12:01:00-04:00,6.295000076293945,6.295000076293945,6.295000076293945,6.295000076293945,107,0.0,0.0
2024-10-24 12:02:00-04:00,6.295899868011475,6.295899868011475,6.295000076293945,6.295000076293945,547,0.0,0.0
2024-10-24 12:03:00-04:00,6.294000148773193,6.296000003814697,6.294000148773193,6.295000076293945,3503,0.0,0.0
2024-10-24 12:04:00-04:00,6.289999961853027,6.289999961853027,6.289999961853027,6.289999961853027,143,0.0,0.0
2024-10-24 12:05:00-04:00,6.289999961853027,6.295000076293945,6.289999961853027,6.295000076293945,460,0.0,0.0
2024-10-24 12:06:00-04:00,6.295000076293945,6.295000076293945,6.295000076293945,6.295000076293945,259,0.0,0.0
2024-10-24 12:08:00-04:00,6.295000076293945,6.300000190734863,6.289999961853027,6.295000076293945,4437,0.0,0.0
2024-10-24 12:09:00-04:00,6.300000190734863,6.300000190734863,6.295000076293945,6.295000076293945,1411,0.0,0.0
2024-10-24 12:10:00-04:00,6.295000076293945,6.300000190734863,6.295000076293945,6.295000076293945,629,0.0,0.0
2024-10-24 12:11:00-04:00,6.295000076293945,6.295000076293945,6.289999961853027,6.289999961853027,979,0.0,0.0
2024-10-24 12:12:00-04:00,6.295000076293945,6.295000076293945,6.295000076293945,6.295000076293945,261,0.0,0.0
2024-10-24 12:13:00-04:00,6.298999786376953,6.298999786376953,6.298999786376953,6.298999786376953,465,0.0,0.0
2024-10-24 12:15:00-04:00,6.300000190734863,6.300000190734863,6.300000190734863,6.300000190734863,100,0.0,0.0
2024-10-24 12:16:00-04:00,6.298999786376953,6.298999786376953,6.298999786376953,6.298999786376953,578,0.0,0.0
2024-10-24 12:17:00-04:00,6.298999786376953,6.298999786376953,6.298999786376953,6.298999786376953,350,0.0,0.0
2024-10-24 12:18:00-04:00,6.300000190734863,6.300000190734863,6.300000190734863,6.300000190734863,120,0.0,0.0
2024-10-24 12:19:00-04:00,6.298999786376953,6.298999786376953,6.298999786376953,6.298999786376953,302,0.0,0.0
2024-10-24 12:21:00-04:00,6.298999786376953,6.309999942779541,6.298999786376953,6.304999828338623,1973,0.0,0.0
2024-10-24 12:22:00-04:00,6.309000015258789,6.309000015258789,6.309000015258789,6.309000015258789,458,0.0,0.0
2024-10-24 12:24:00-04:00,6.309000015258789,6.309000015258789,6.309000015258789,6.309000015258789,141,0.0,0.0
2024-10-24 12:25:00-04:00,6.309999942779541,6.315000057220459,6.309999942779541,6.315000057220459,1050,0.0,0.0
2024-10-24 12:26:00-04:00,6.309999942779541,6.315000057220459,6.309999942779541,6.315000057220459,1127,0.0,0.0
2024-10-24 12:28:00-04:00,6.3140997886657715,6.3140997886657715,6.3140997886657715,6.3140997886657715,243,0.0,0.0
2024-10-24 12:29:00-04:00,6.320000171661377,6.329999923706055,6.320000171661377,6.329999923706055,4312,0.0,0.0
2024-10-24 12:31:00-04:00,6.340000152587891,6.349999904632568,6.340000152587891,6.349999904632568,4166,0.0,0.0
2024-10-24 12:32:00-04:00,6.348999977111816,6.349999904632568,6.34499979019165,6.34499979019165,434,0.0,0.0
2024-10-24 12:35:00-04:00,6.348999977111816,6.348999977111816,6.34119987487793,6.34119987487793,296,0.0,0.0
2024-10-24 12:36:00-04:00,6.34499979019165,6.349999904632568,6.340000152587891,6.345699787139893,3117,0.0,0.0
2024-10-24 12:41:00-04:00,6.349999904632568,6.349999904632568,6.349999904632568,6.349999904632568,172,0.0,0.0
2024-10-24 12:42:00-04:00,6.340000152587891,6.340000152587891,6.340000152587891,6.340000152587891,450,0.0,0.0
2024-10-24 12:43:00-04:00,6.34499979019165,6.34499979019165,6.34499979019165,6.34499979019165,116,0.0,0.0
2024-10-24 12:44:00-04:00,6.349999904632568,6.349999904632568,6.348999977111816,6.348999977111816,491,0.0,0.0
2024-10-24 12:45:00-04:00,6.349999904632568,6.349999904632568,6.349999904632568,6.349999904632568,262,0.0,0.0
2024-10-24 12:46:00-04:00,6.3454999923706055,6.3454999923706055,6.3454999923706055,6.3454999923706055,151,0.0,0.0
2024-10-24 12:47:00-04:00,6.348999977111816,6.349999904632568,6.348999977111816,6.349999904632568,424,0.0,0.0
2024-10-24 12:49:00-04:00,6.349999904632568,6.349999904632568,6.349999904632568,6.349999904632568,111,0.0,0.0
2024-10-24 12:50:00-04:00,6.349999904632568,6.349999904632568,6.348999977111816,6.348999977111816,250,0.0,0.0
2024-10-24 12:51:00-04:00,6.34499979019165,6.34499979019165,6.34499979019165,6.34499979019165,899,0.0,0.0
2024-10-24 12:52:00-04:00,6.348999977111816,6.348999977111816,6.348999977111816,6.348999977111816,307,0.0,0.0
2024-10-24 12:54:00-04:00,6.349999904632568,6.369999885559082,6.349999904632568,6.364999771118164,5312,0.0,0.0
2024-10-24 12:55:00-04:00,6.364999771118164,6.364999771118164,6.364999771118164,6.364999771118164,226,0.0,0.0
2024-10-24 12:56:00-04:00,6.364999771118164,6.364999771118164,6.355000019073486,6.355000019073486,6053,0.0,0.0
2024-10-24 12:57:00-04:00,6.353899955749512,6.353899955749512,6.353899955749512,6.353899955749512,487,0.0,0.0
2024-10-24 12:59:00-04:00,6.355000019073486,6.355000019073486,6.355000019073486,6.355000019073486,206,0.0,0.0
2024-10-24 13:00:00-04:00,6.355000019073486,6.355000019073486,6.349999904632568,6.355000019073486,1886,0.0,0.0
2024-10-24 13:06:00-04:00,6.360000133514404,6.360000133514404,6.360000133514404,6.360000133514404,690,0.0,0.0
2024-10-24 13:07:00-04:00,6.359000205993652,6.359000205993652,6.359000205993652,6.359000205993652,355,0.0,0.0
2024-10-24 13:08:00-04:00,6.360000133514404,6.360000133514404,6.360000133514404,6.360000133514404,451,0.0,0.0
2024-10-24 13:10:00-04:00,6.359000205993652,6.359000205993652,6.359000205993652,6.359000205993652,222,0.0,0.0
2024-10-24 13:11:00-04:00,6.354000091552734,6.354000091552734,6.354000091552734,6.354000091552734,410,0.0,0.0
2024-10-24 13:12:00-04:00,6.360000133514404,6.360000133514404,6.360000133514404,6.360000133514404,315,0.0,0.0
2024-10-24 13:14:00-04:00,6.359000205993652,6.359000205993652,6.359000205993652,6.359000205993652,206,0.0,0.0
2024-10-24 13:16:00-04:00,6.359000205993652,6.359000205993652,6.359000205993652,6.359000205993652,201,0.0,0.0
2024-10-24 13:17:00-04:00,6.355000019073486,6.355000019073486,6.34499979019165,6.34499979019165,4485,0.0,0.0
2024-10-24 13:19:00-04:00,6.349999904632568,6.349999904632568,6.349999904632568,6.349999904632568,1202,0.0,0.0
2024-10-24 13:20:00-04:00,6.355000019073486,6.355000019073486,6.355000019073486,6.355000019073486,412,0.0,0.0
2024-10-24 13:21:00-04:00,6.360000133514404,6.360000133514404,6.360000133514404,6.360000133514404,888,0.0,0.0
2024-10-24 13:23:00-04:00,6.360000133514404,6.360000133514404,6.360000133514404,6.360000133514404,233,0.0,0.0
2024-10-24 13:25:00-04:00,6.360000133514404,6.360000133514404,6.360000133514404,6.360000133514404,176,0.0,0.0
2024-10-24 13:26:00-04:00,6.360000133514404,6.360000133514404,6.360000133514404,6.360000133514404,386,0.0,0.0
2024-10-24 13:28:00-04:00,6.360000133514404,6.389999866485596,6.360000133514404,6.375,11166,0.0,0.0
2024-10-24 13:29:00-04:00,6.375,6.375,6.3649001121521,6.3649001121521,2935,0.0,0.0
2024-10-24 13:31:00-04:00,6.369999885559082,6.369999885559082,6.369999885559082,6.369999885559082,268,0.0,0.0
2024-10-24 13:32:00-04:00,6.369999885559082,6.369999885559082,6.369999885559082,6.369999885559082,106,0.0,0.0
2024-10-24 13:33:00-04:00,6.369999885559082,6.369999885559082,6.369999885559082,6.369999885559082,894,0.0,0.0
2024-10-24 13:34:00-04:00,6.380000114440918,6.380000114440918,6.380000114440918,6.380000114440918,507,0.0,0.0
2024-10-24 13:39:00-04:00,6.380000114440918,6.380000114440918,6.379000186920166,6.379000186920166,379,0.0,0.0
2024-10-24 13:41:00-04:00,6.380000114440918,6.380000114440918,6.380000114440918,6.380000114440918,313,0.0,0.0
2024-10-24 13:43:00-04:00,6.380000114440918,6.380000114440918,6.380000114440918,6.380000114440918,100,0.0,0.0
2024-10-24 13:44:00-04:00,6.380000114440918,6.380000114440918,6.380000114440918,6.380000114440918,836,0.0,0.0
2024-10-24 13:45:00-04:00,6.380000114440918,6.400000095367432,6.380000114440918,6.400000095367432,6164,0.0,0.0
2024-10-24 13:46:00-04:00,6.400000095367432,6.400000095367432,6.400000095367432,6.400000095367432,636,0.0,0.0
2024-10-24 13:47:00-04:00,6.394999980926514,6.39900016784668,6.389999866485596,6.394999980926514,7371,0.0,0.0
2024-10-24 13:48:00-04:00,6.389999866485596,6.389999866485596,6.388999938964844,6.388999938964844,2021,0.0,0.0
2024-10-24 13:49:00-04:00,6.389999866485596,6.389999866485596,6.389999866485596,6.389999866485596,456,0.0,0.0
2024-10-24 13:53:00-04:00,6.389999866485596,6.389999866485596,6.389999866485596,6.389999866485596,377,0.0,0.0
2024-10-24 13:54:00-04:00,6.385000228881836,6.385000228881836,6.385000228881836,6.385000228881836,260,0.0,0.0
2024-10-24 13:55:00-04:00,6.385000228881836,6.385000228881836,6.385000228881836,6.385000228881836,324,0.0,0.0
2024-10-24 13:57:00-04:00,6.385000228881836,6.385000228881836,6.385000228881836,6.385000228881836,1361,0.0,0.0
2024-10-24 13:58:00-04:00,6.385000228881836,6.385000228881836,6.385000228881836,6.385000228881836,360,0.0,0.0
2024-10-24 13:59:00-04:00,6.385000228881836,6.385000228881836,6.385000228881836,6.385000228881836,747,0.0,0.0
2024-10-24 14:00:00-04:00,6.385000228881836,6.385000228881836,6.375,6.375,2856,0.0,0.0
2024-10-24 14:01:00-04:00,6.380000114440918,6.385000228881836,6.380000114440918,6.385000228881836,2856,0.0,0.0
2024-10-24 14:06:00-04:00,6.389999866485596,6.389999866485596,6.389999866485596,6.389999866485596,3805,0.0,0.0
2024-10-24 14:08:00-04:00,6.394999980926514,6.409999847412109,6.394999980926514,6.40500020980835,8360,0.0,0.0
2024-10-24 14:09:00-04:00,6.409999847412109,6.409999847412109,6.409999847412109,6.409999847412109,282,0.0,0.0
2024-10-24 14:10:00-04:00,6.409999847412109,6.409999847412109,6.40500020980835,6.40500020980835,1084,0.0,0.0
2024-10-24 14:11:00-04:00,6.4045000076293945,6.4045000076293945,6.4045000076293945,6.4045000076293945,1192,0.0,0.0
2024-10-24 14:12:00-04:00,6.409999847412109,6.409999847412109,6.409999847412109,6.409999847412109,336,0.0,0.0
2024-10-24 14:13:00-04:00,6.409999847412109,6.409999847412109,6.400000095367432,6.40500020980835,4766,0.0,0.0
2024-10-24 14:14:00-04:00,6.40500020980835,6.40500020980835,6.400000095367432,6.40500020980835,4923,0.0,0.0
2024-10-24 14:15:00-04:00,6.40500020980835,6.40500020980835,6.400000095367432,6.40500020980835,2873,0.0,0.0
2024-10-24 14:16:00-04:00,6.40500020980835,6.40500020980835,6.389999866485596,6.394999980926514,14243,0.0,0.0
2024-10-24 14:17:00-04:00,6.400000095367432,6.420000076293945,6.400000095367432,6.414999961853027,6831,0.0,0.0
2024-10-24 14:19:00-04:00,6.414999961853027,6.414999961853027,6.40500020980835,6.40500020980835,6319,0.0,0.0
2024-10-24 14:21:00-04:00,6.40500020980835,6.40500020980835,6.40500020980835,6.40500020980835,341,0.0,0.0
2024-10-24 14:23:00-04:00,6.40500020980835,6.40500020980835,6.40500020980835,6.40500020980835,157,0.0,0.0
2024-10-24 14:24:00-04:00,6.40500020980835,6.40500020980835,6.40500020980835,6.40500020980835,547,0.0,0.0
2024-10-24 14:25:00-04:00,6.40500020980835,6.40500020980835,6.400000095367432,6.400000095367432,2055,0.0,0.0
2024-10-24 14:26:00-04:00,6.394999980926514,6.394999980926514,6.394999980926514,6.394999980926514,1058,0.0,0.0
2024-10-24 14:29:00-04:00,6.394999980926514,6.394999980926514,6.389999866485596,6.389999866485596,1759,0.0,0.0
2024-10-24 14:32:00-04:00,6.385000228881836,6.385000228881836,6.375,6.375,3301,0.0,0.0
2024-10-24 14:36:00-04:00,6.375,6.375,6.375,6.375,1478,0.0,0.0
2024-10-24 14:41:00-04:00,6.380000114440918,6.389999866485596,6.380000114440918,6.385000228881836,1931,0.0,0.0
2024-10-24 14:43:00-04:00,6.389999866485596,6.389999866485596,6.380000114440918,6.389999866485596,967,0.0,0.0
2024-10-24 14:44:00-04:00,6.389999866485596,6.400000095367432,6.389999866485596,6.400000095367432,4346,0.0,0.0
2024-10-24 14:45:00-04:00,6.400000095367432,6.400000095367432,6.394999980926514,6.394999980926514,1295,0.0,0.0
2024-10-24 14:46:00-04:00,6.394999980926514,6.394999980926514,6.389999866485596,6.389999866485596,3124,0.0,0.0
2024-10-24 14:47:00-04:00,6.389999866485596,6.389999866485596,6.385000228881836,6.385000228881836,1913,0.0,0.0
2024-10-24 14:48:00-04:00,6.385000228881836,6.385000228881836,6.385000228881836,6.385000228881836,247,0.0,0.0
2024-10-24 14:49:00-04:00,6.380000114440918,6.385000228881836,6.380000114440918,6.385000228881836,687,0.0,0.0
2024-10-24 14:50:00-04:00,6.385000228881836,6.385000228881836,6.385000228881836,6.385000228881836,115,0.0,0.0
2024-10-24 14:51:00-04:00,6.385000228881836,6.389999866485596,6.385000228881836,6.389999866485596,933,0.0,0.0
2024-10-24 14:52:00-04:00,6.389999866485596,6.389999866485596,6.389999866485596,6.389999866485596,200,0.0,0.0
2024-10-24 14:53:00-04:00,6.389999866485596,6.394999980926514,6.389999866485596,6.394999980926514,2593,0.0,0.0
2024-10-24 14:54:00-04:00,6.394999980926514,6.394999980926514,6.394999980926514,6.394999980926514,728,0.0,0.0
2024-10-24 14:55:00-04:00,6.400000095367432,6.400000095367432,6.394999980926514,6.400000095367432,1083,0.0,0.0
2024-10-24 14:56:00-04:00,6.400000095367432,6.400000095367432,6.400000095367432,6.400000095367432,319,0.0,0.0
2024-10-24 14:57:00-04:00,6.400000095367432,6.400000095367432,6.394999980926514,6.394999980926514,1003,0.0,0.0
2024-10-24 14:58:00-04:00,6.400000095367432,6.400000095367432,6.394999980926514,6.400000095367432,740,0.0,0.0
2024-10-24 14:59:00-04:00,6.400000095367432,6.400000095367432,6.400000095367432,6.400000095367432,342,0.0,0.0
2024-10-24 15:00:00-04:00,6.394999980926514,6.394999980926514,6.385000228881836,6.385000228881836,6410,0.0,0.0
2024-10-24 15:01:00-04:00,6.385000228881836,6.385000228881836,6.385000228881836,6.385000228881836,241,0.0,0.0
2024-10-24 15:02:00-04:00,6.385000228881836,6.385000228881836,6.385000228881836,6.385000228881836,783,0.0,0.0
2024-10-24 15:04:00-04:00,6.385000228881836,6.385000228881836,6.380000114440918,6.380000114440918,658,0.0,0.0
2024-10-24 15:06:00-04:00,6.380000114440918,6.380000114440918,6.380000114440918,6.380000114440918,899,0.0,0.0
2024-10-24 15:08:00-04:00,6.388999938964844,6.388999938964844,6.388999938964844,6.388999938964844,1679,0.0,0.0
2024-10-24 15:09:00-04:00,6.389999866485596,6.389999866485596,6.380300045013428,6.385000228881836,1306,0.0,0.0
2024-10-24 15:11:00-04:00,6.389999866485596,6.400000095367432,6.389999866485596,6.400000095367432,16442,0.0,0.0
2024-10-24 15:12:00-04:00,6.400000095367432,6.400000095367432,6.400000095367432,6.400000095367432,1655,0.0,0.0
2024-10-24 15:13:00-04:00,6.400000095367432,6.400000095367432,6.400000095367432,6.400000095367432,499,0.0,0.0
2024-10-24 15:14:00-04:00,6.400000095367432,6.400000095367432,6.400000095367432,6.400000095367432,328,0.0,0.0
2024-10-24 15:15:00-04:00,6.400000095367432,6.400000095367432,6.400000095367432,6.400000095367432,769,0.0,0.0
2024-10-24 15:16:00-04:00,6.394999980926514,6.394999980926514,6.394999980926514,6.394999980926514,316,0.0,0.0
2024-10-24 15:17:00-04:00,6.400000095367432,6.40500020980835,6.39109992980957,6.394999980926514,13293,0.0,0.0
2024-10-24 15:18:00-04:00,6.394999980926514,6.394999980926514,6.394999980926514,6.394999980926514,433,0.0,0.0
2024-10-24 15:19:00-04:00,6.394999980926514,6.394999980926514,6.394999980926514,6.394999980926514,1773,0.0,0.0
2024-10-24 15:22:00-04:00,6.394999980926514,6.394999980926514,6.394400119781494,6.394999980926514,2869,0.0,0.0
2024-10-24 15:23:00-04:00,6.394999980926514,6.394999980926514,6.394999980926514,6.394999980926514,2090,0.0,0.0
2024-10-24 15:27:00-04:00,6.394999980926514,6.394999980926514,6.394999980926514,6.394999980926514,686,0.0,0.0
2024-10-24 15:28:00-04:00,6.394999980926514,6.394999980926514,6.394999980926514,6.394999980926514,579,0.0,0.0
2024-10-24 15:29:00-04:00,6.400000095367432,6.400000095367432,6.394999980926514,6.394999980926514,1133,0.0,0.0
2024-10-24 15:30:00-04:00,6.400000095367432,6.400000095367432,6.400000095367432,6.400000095367432,7176,0.0,0.0
2024-10-24 15:31:00-04:00,6.400000095367432,6.400000095367432,6.400000095367432,6.400000095367432,903,0.0,0.0
2024-10-24 15:32:00-04:00,6.400000095367432,6.400000095367432,6.400000095367432,6.400000095367432,419,0.0,0.0
2024-10-24 15:33:00-04:00,6.394999980926514,6.400000095367432,6.394999980926514,6.400000095367432,811,0.0,0.0
2024-10-24 15:34:00-04:00,6.394999980926514,6.400000095367432,6.394999980926514,6.400000095367432,1402,0.0,0.0
2024-10-24 15:35:00-04:00,6.400000095367432,6.400000095367432,6.400000095367432,6.400000095367432,825,0.0,0.0
2024-10-24 15:36:00-04:00,6.400000095367432,6.409999847412109,6.400000095367432,6.40500020980835,19541,0.0,0.0
2024-10-24 15:37:00-04:00,6.40500020980835,6.40500020980835,6.381999969482422,6.381999969482422,14979,0.0,0.0
2024-10-24 15:39:00-04:00,6.389999866485596,6.400000095367432,6.389999866485596,6.394999980926514,9131,0.0,0.0
2024-10-24 15:40:00-04:00,6.394999980926514,6.394999980926514,6.394999980926514,6.394999980926514,1363,0.0,0.0
2024-10-24 15:41:00-04:00,6.394999980926514,6.394999980926514,6.390100002288818,6.394999980926514,2706,0.0,0.0
2024-10-24 15:42:00-04:00,6.394999980926514,6.394999980926514,6.394999980926514,6.394999980926514,728,0.0,0.0
2024-10-24 15:43:00-04:00,6.394999980926514,6.394999980926514,6.394999980926514,6.394999980926514,806,0.0,0.0
2024-10-24 15:44:00-04:00,6.394999980926514,6.394999980926514,6.394999980926514,6.394999980926514,1372,0.0,0.0
2024-10-24 15:45:00-04:00,6.394999980926514,6.400000095367432,6.389999866485596,6.394999980926514,7220,0.0,0.0
2024-10-24 15:46:00-04:00,6.394999980926514,6.400000095367432,6.394999980926514,6.400000095367432,1594,0.0,0.0
2024-10-24 15:47:00-04:00,6.394999980926514,6.400000095367432,6.394999980926514,6.394999980926514,1465,0.0,0.0
2024-10-24 15:48:00-04:00,6.400000095367432,6.400000095367432,6.394999980926514,6.394999980926514,707,0.0,0.0
2024-10-24 15:49:00-04:00,6.394999980926514,6.394999980926514,6.394999980926514,6.394999980926514,2513,0.0,0.0
2024-10-24 15:50:00-04:00,6.394999980926514,6.400000095367432,6.394999980926514,6.400000095367432,948,0.0,0.0
2024-10-24 15:51:00-04:00,6.400000095367432,6.400000095367432,6.394999980926514,6.400000095367432,25280,0.0,0.0
2024-10-24 15:52:00-04:00,6.394999980926514,6.400000095367432,6.389999866485596,6.400000095367432,4070,0.0,0.0
2024-10-24 15:53:00-04:00,6.394999980926514,6.400000095367432,6.394999980926514,6.400000095367432,2267,0.0,0.0
2024-10-24 15:54:00-04:00,6.400000095367432,6.400000095367432,6.394999980926514,6.400000095367432,3966,0.0,0.0
2024-10-24 15:55:00-04:00,6.400000095367432,6.400000095367432,6.394999980926514,6.400000095367432,2327,0.0,0.0
2024-10-24 15:56:00-04:00,6.400000095367432,6.400000095367432,6.400000095367432,6.400000095367432,7886,0.0,0.0
2024-10-24 15:57:00-04:00,6.400000095367432,6.400000095367432,6.394999980926514,6.400000095367432,6837,0.0,0.0
2024-10-24 15:58:00-04:00,6.400000095367432,6.400000095367432,6.394999980926514,6.400000095367432,9644,0.0,0.0
2024-10-24 15:59:00-04:00,6.400000095367432,6.400000095367432,6.389999866485596,6.394999980926514,45828,0.0,0.0
2024-10-25 09:30:00-04:00,6.429999828338623,6.46999979019165,6.429999828338623,6.449999809265137,5404,0.0,0.0
2024-10-25 09:31:00-04:00,6.460000038146973,6.46999979019165,6.460000038146973,6.46999979019165,1974,0.0,0.0
2024-10-25 09:32:00-04:00,6.474999904632568,6.489999771118164,6.474999904632568,6.485000133514404,4446,0.0,0.0
2024-10-25 09:33:00-04:00,6.485000133514404,6.485000133514404,6.474999904632568,6.474999904632568,950,0.0,0.0
2024-10-25 09:35:00-04:00,6.445000171661377,6.445000171661377,6.429999828338623,6.429999828338623,1506,0.0,0.0
2024-10-25 09:37:00-04:00,6.429999828338623,6.429999828338623,6.429999828338623,6.429999828338623,279,0.0,0.0
2024-10-25 09:38:00-04:00,6.425000190734863,6.425000190734863,6.425000190734863,6.425000190734863,366,0.0,0.0
2024-10-25 09:39:00-04:00,6.425000190734863,6.425000190734863,6.425000190734863,6.425000190734863,122,0.0,0.0
2024-10-25 09:40:00-04:00,6.429999828338623,6.460000038146973,6.429999828338623,6.449999809265137,4126,0.0,0.0
2024-10-25 09:41:00-04:00,6.440000057220459,6.445000171661377,6.440000057220459,6.445000171661377,1716,0.0,0.0
2024-10-25 09:42:00-04:00,6.434999942779541,6.434999942779541,6.434999942779541,6.434999942779541,105,0.0,0.0
2024-10-25 09:43:00-04:00,6.434999942779541,6.440000057220459,6.434999942779541,6.440000057220459,312,0.0,0.0
2024-10-25 09:44:00-04:00,6.434999942779541,6.434999942779541,6.434999942779541,6.434999942779541,1193,0.0,0.0
2024-10-25 09:45:00-04:00,6.440000057220459,6.449999809265137,6.440000057220459,6.445000171661377,1758,0.0,0.0
2024-10-25 09:46:00-04:00,6.449999809265137,6.449999809265137,6.449999809265137,6.449999809265137,798,0.0,0.0
2024-10-25 09:48:00-04:00,6.460000038146973,6.465000152587891,6.460000038146973,6.465000152587891,770,0.0,0.0
2024-10-25 09:50:00-04:00,6.46999979019165,6.474999904632568,6.46999979019165,6.474999904632568,5421,0.0,0.0
2024-10-25 09:51:00-04:00,6.474999904632568,6.474999904632568,6.46999979019165,6.474999904632568,759,0.0,0.0
2024-10-25 09:52:00-04:00,6.474999904632568,6.474999904632568,6.474999904632568,6.474999904632568,331,0.0,0.0
2024-10-25 09:53:00-04:00,6.480000019073486,6.485000133514404,6.480000019073486,6.485000133514404,666,0.0,0.0
2024-10-25 09:54:00-04:00,6.485000133514404,6.485000133514404,6.46999979019165,6.46999979019165,3282,0.0,0.0
2024-10-25 09:58:00-04:00,6.480000019073486,6.480000019073486,6.474999904632568,6.480000019073486,799,0.0,0.0
2024-10-25 09:59:00-04:00,6.480000019073486,6.480000019073486,6.46999979019165,6.474999904632568,4097,0.0,0.0
2024-10-25 10:00:00-04:00,6.46999979019165,6.474999904632568,6.460000038146973,6.460000038146973,7423,0.0,0.0
2024-10-25 10:01:00-04:00,6.465000152587891,6.480000019073486,6.465000152587891,6.46999979019165,2572,0.0,0.0
2024-10-25 10:02:00-04:00,6.46999979019165,6.480000019073486,6.46999979019165,6.480000019073486,3626,0.0,0.0
2024-10-25 10:03:00-04:00,6.485000133514404,6.489999771118164,6.485000133514404,6.489999771118164,741,0.0,0.0
2024-10-25 10:06:00-04:00,6.5,6.5,6.5,6.5,259,0.0,0.0
2024-10-25 10:08:00-04:00,6.5,6.514999866485596,6.5,6.5,8735,0.0,0.0
2024-10-25 10:09:00-04:00,6.499800205230713,6.499800205230713,6.494999885559082,6.494999885559082,757,0.0,0.0
2024-10-25 10:10:00-04:00,6.494999885559082,6.494999885559082,6.494999885559082,6.494999885559082,772,0.0,0.0
2024-10-25 10:11:00-04:00,6.494999885559082,6.494999885559082,6.494999885559082,6.494999885559082,380,0.0,0.0
2024-10-25 10:12:00-04:00,6.489999771118164,6.489999771118164,6.480000019073486,6.480000019073486,2570,0.0,0.0
2024-10-25 10:13:00-04:00,6.480000019073486,6.480000019073486,6.480000019073486,6.480000019073486,828,0.0,0.0
2024-10-25 10:14:00-04:00,6.480000019073486,6.485000133514404,6.480000019073486,6.485000133514404,1553,0.0,0.0
2024-10-25 10:15:00-04:00,6.480000019073486,6.480000019073486,6.460000038146973,6.460000038146973,2120,0.0,0.0
2024-10-25 10:16:00-04:00,6.465000152587891,6.46999979019165,6.465000152587891,6.46999979019165,676,0.0,0.0
2024-10-25 10:18:00-04:00,6.460000038146973,6.460000038146973,6.449999809265137,6.449999809265137,1083,0.0,0.0
2024-10-25 10:20:00-04:00,6.449999809265137,6.454999923706055,6.449999809265137,6.454999923706055,799,0.0,0.0
2024-10-25 10:24:00-04:00,6.454999923706055,6.454999923706055,6.454999923706055,6.454999923706055,132,0.0,0.0
2024-10-25 10:25:00-04:00,6.460000038146973,6.460000038146973,6.460000038146973,6.460000038146973,688,0.0,0.0
2024-10-25 10:26:00-04:00,6.465000152587891,6.465000152587891,6.460000038146973,6.460000038146973,1702,0.0,0.0
2024-10-25 10:28:00-04:00,6.460000038146973,6.460000038146973,6.460000038146973,6.460000038146973,392,0.0,0.0
2024-10-25 10:29:00-04:00,6.46999979019165,6.46999979019165,6.46999979019165,6.46999979019165,192,0.0,0.0
2024-10-25 10:30:00-04:00,6.460000038146973,6.465000152587891,6.460000038146973,6.465000152587891,644,0.0,0.0
2024-10-25 10:32:00-04:00,6.460000038146973,6.460000038146973,6.454999923706055,6.454999923706055,796,0.0,0.0
2024-10-25 10:33:00-04:00,6.460000038146973,6.460000038146973,6.460000038146973,6.460000038146973,339,0.0,0.0
2024-10-25 10:34:00-04:00,6.453999996185303,6.460000038146973,6.453999996185303,6.460000038146973,735,0.0,0.0
2024-10-25 10:35:00-04:00,6.460000038146973,6.460000038146973,6.460000038146973,6.460000038146973,365,0.0,0.0
2024-10-25 10:36:00-04:00,6.460000038146973,6.460000038146973,6.460000038146973,6.460000038146973,442,0.0,0.0
2024-10-25 10:38:00-04:00,6.449999809265137,6.449999809265137,6.449999809265137,6.449999809265137,322,0.0,0.0
2024-10-25 10:42:00-04:00,6.449999809265137,6.449999809265137,6.449999809265137,6.449999809265137,350,0.0,0.0
2024-10-25 10:44:00-04:00,6.449999809265137,6.449999809265137,6.445000171661377,6.445000171661377,1887,0.0,0.0
2024-10-25 10:45:00-04:00,6.445000171661377,6.454999923706055,6.445000171661377,6.454999923706055,2846,0.0,0.0
2024-10-25 10:46:00-04:00,6.449999809265137,6.449999809265137,6.445000171661377,6.445000171661377,1622,0.0,0.0
2024-10-25 10:48:00-04:00,6.440000057220459,6.440000057220459,6.440000057220459,6.440000057220459,1287,0.0,0.0
2024-10-25 10:50:00-04:00,6.434999942779541,6.434999942779541,6.434999942779541,6.434999942779541,310,0.0,0.0
2024-10-25 10:51:00-04:00,6.434999942779541,6.445000171661377,6.434999942779541,6.445000171661377,1215,0.0,0.0
2024-10-25 10:54:00-04:00,6.449999809265137,6.449999809265137,6.449999809265137,6.449999809265137,709,0.0,0.0
2024-10-25 10:55:00-04:00,6.449999809265137,6.449999809265137,6.449999809265137,6.449999809265137,132,0.0,0.0
2024-10-25 10:56:00-04:00,6.454599857330322,6.454599857330322,6.454599857330322,6.454599857330322,341,0.0,0.0
2024-10-25 10:57:00-04:00,6.449999809265137,6.449999809265137,6.449999809265137,6.449999809265137,1393,0.0,0.0
2024-10-25 10:58:00-04:00,6.445000171661377,6.445000171661377,6.440000057220459,6.440000057220459,660,0.0,0.0
2024-10-25 11:00:00-04:00,6.445000171661377,6.445000171661377,6.445000171661377,6.445000171661377,196,0.0,0.0
2024-10-25 11:01:00-04:00,6.445000171661377,6.445000171661377,6.445000171661377,6.445000171661377,333,0.0,0.0
2024-10-25 11:05:00-04:00,6.440000057220459,6.440000057220459,6.440000057220459,6.440000057220459,670,0.0,0.0
2024-10-25 11:11:00-04:00,6.434999942779541,6.434999942779541,6.434999942779541,6.434999942779541,4027,0.0,0.0
2024-10-25 11:12:00-04:00,6.434999942779541,6.434999942779541,6.434999942779541,6.434999942779541,526,0.0,0.0
2024-10-25 11:17:00-04:00,6.425000190734863,6.425000190734863,6.425000190734863,6.425000190734863,1804,0.0,0.0
2024-10-25 11:20:00-04:00,6.420000076293945,6.420000076293945,6.420000076293945,6.420000076293945,446,0.0,0.0
2024-10-25 11:26:00-04:00,6.425000190734863,6.425000190734863,6.423999786376953,6.425000190734863,16097,0.0,0.0
2024-10-25 11:27:00-04:00,6.425000190734863,6.425000190734863,6.425000190734863,6.425000190734863,270,0.0,0.0
2024-10-25 11:28:00-04:00,6.429999828338623,6.429999828338623,6.429999828338623,6.429999828338623,494,0.0,0.0
2024-10-25 11:29:00-04:00,6.425000190734863,6.449999809265137,6.420000076293945,6.445000171661377,17940,0.0,0.0
2024-10-25 11:30:00-04:00,6.449999809265137,6.449999809265137,6.449999809265137,6.449999809265137,260,0.0,0.0
2024-10-25 11:31:00-04:00,6.449999809265137,6.449999809265137,6.449999809265137,6.449999809265137,1037,0.0,0.0
2024-10-25 11:32:00-04:00,6.460000038146973,6.460000038146973,6.460000038146973,6.460000038146973,998,0.0,0.0
2024-10-25 11:34:00-04:00,6.465000152587891,6.465000152587891,6.465000152587891,6.465000152587891,501,0.0,0.0
2024-10-25 11:35:00-04:00,6.465000152587891,6.465000152587891,6.465000152587891,6.465000152587891,228,0.0,0.0
2024-10-25 11:38:00-04:00,6.465000152587891,6.465000152587891,6.465000152587891,6.465000152587891,303,0.0,0.0
2024-10-25 11:39:00-04:00,6.465000152587891,6.46999979019165,6.454999923706055,6.46999979019165,9778,0.0,0.0
2024-10-25 11:40:00-04:00,6.465000152587891,6.465000152587891,6.465000152587891,6.465000152587891,217,0.0,0.0
2024-10-25 11:41:00-04:00,6.460000038146973,6.465000152587891,6.460000038146973,6.465000152587891,4818,0.0,0.0
2024-10-25 11:45:00-04:00,6.46999979019165,6.480000019073486,6.46999979019165,6.474999904632568,1657,0.0,0.0
2024-10-25 11:46:00-04:00,6.474999904632568,6.474999904632568,6.474999904632568,6.474999904632568,327,0.0,0.0
2024-10-25 11:47:00-04:00,6.480000019073486,6.494999885559082,6.480000019073486,6.489999771118164,4401,0.0,0.0
2024-10-25 11:48:00-04:00,6.494999885559082,6.494999885559082,6.489999771118164,6.489999771118164,1097,0.0,0.0
2024-10-25 11:49:00-04:00,6.494999885559082,6.494999885559082,6.494999885559082,6.494999885559082,1673,0.0,0.0
2024-10-25 11:51:00-04:00,6.489999771118164,6.489999771118164,6.489999771118164,6.489999771118164,727,0.0,0.0
2024-10-25 11:52:00-04:00,6.489999771118164,6.489999771118164,6.489999771118164,6.489999771118164,564,0.0,0.0
2024-10-25 11:53:00-04:00,6.489999771118164,6.489999771118164,6.485000133514404,6.489999771118164,4922,0.0,0.0
2024-10-25 11:54:00-04:00,6.489999771118164,6.489999771118164,6.489999771118164,6.489999771118164,371,0.0,0.0
2024-10-25 11:55:00-04:00,6.489999771118164,6.489999771118164,6.489999771118164,6.489999771118164,299,0.0,0.0
2024-10-25 11:56:00-04:00,6.489999771118164,6.489999771118164,6.489999771118164,6.489999771118164,423,0.0,0.0
2024-10-25 11:57:00-04:00,6.489999771118164,6.489999771118164,6.489999771118164,6.489999771118164,241,0.0,0.0
2024-10-25 11:58:00-04:00,6.494999885559082,6.494999885559082,6.490699768066406,6.494999885559082,2645,0.0,0.0
2024-10-25 11:59:00-04:00,6.494999885559082,6.494999885559082,6.494999885559082,6.494999885559082,219,0.0,0.0
2024-10-25 12:01:00-04:00,6.49399995803833,6.5,6.49399995803833,6.494999885559082,1048,0.0,0.0
2024-10-25 12:02:00-04:00,6.494999885559082,6.494999885559082,6.494999885559082,6.494999885559082,572,0.0,0.0
2024-10-25 12:04:00-04:00,6.494999885559082,6.494999885559082,6.494999885559082,6.494999885559082,1557,0.0,0.0
2024-10-25 12:05:00-04:00,6.494999885559082,6.494999885559082,6.494999885559082,6.494999885559082,147,0.0,0.0
2024-10-25 12:07:00-04:00,6.494999885559082,6.494999885559082,6.494999885559082,6.494999885559082,139,0.0,0.0
2024-10-25 12:08:00-04:00,6.5,6.5,6.494999885559082,6.494999885559082,4348,0.0,0.0
2024-10-25 12:09:00-04:00,6.498300075531006,6.498300075531006,6.494999885559082,6.494999885559082,3852,0.0,0.0
2024-10-25 12:10:00-04:00,6.5,6.514999866485596,6.494999885559082,6.494999885559082,7888,0.0,0.0
2024-10-25 12:11:00-04:00,6.5,6.5,6.489999771118164,6.489999771118164,1625,0.0,0.0
2024-10-25 12:12:00-04:00,6.494999885559082,6.494999885559082,6.494999885559082,6.494999885559082,637,0.0,0.0
2024-10-25 12:13:00-04:00,6.494999885559082,6.5,6.494999885559082,6.494999885559082,641,0.0,0.0
2024-10-25 12:14:00-04:00,6.5,6.5,6.494999885559082,6.494999885559082,370,0.0,0.0
2024-10-25 12:15:00-04:00,6.494999885559082,6.494999885559082,6.494999885559082,6.494999885559082,472,0.0,0.0
2024-10-25 12:16:00-04:00,6.494999885559082,6.494999885559082,6.494999885559082,6.494999885559082,2238,0.0,0.0
2024-10-25 12:18:00-04:00,6.494999885559082,6.494999885559082,6.494999885559082,6.494999885559082,586,0.0,0.0
2024-10-25 12:19:00-04:00,6.494999885559082,6.494999885559082,6.494999885559082,6.494999885559082,221,0.0,0.0
2024-10-25 12:20:00-04:00,6.494999885559082,6.5,6.494999885559082,6.5,580,0.0,0.0
2024-10-25 12:21:00-04:00,6.494999885559082,6.494999885559082,6.494999885559082,6.494999885559082,362,0.0,0.0
2024-10-25 12:24:00-04:00,6.494999885559082,6.49970006942749,6.494999885559082,6.49970006942749,1706,0.0,0.0
2024-10-25 12:25:00-04:00,6.494999885559082,6.5,6.494999885559082,6.5,538,0.0,0.0
2024-10-25 12:26:00-04:00,6.5,6.5,6.494999885559082,6.494999885559082,960,0.0,0.0
2024-10-25 12:27:00-04:00,6.494999885559082,6.494999885559082,6.494999885559082,6.494999885559082,314,0.0,0.0
2024-10-25 12:28:00-04:00,6.494999885559082,6.494999885559082,6.494999885559082,6.494999885559082,353,0.0,0.0
2024-10-25 12:29:00-04:00,6.5,6.5,6.494999885559082,6.494999885559082,343,0.0,0.0
2024-10-25 12:31:00-04:00,6.5,6.5,6.5,6.5,320,0.0,0.0
2024-10-25 12:34:00-04:00,6.494999885559082,6.494999885559082,6.494999885559082,6.494999885559082,204,0.0,0.0
2024-10-25 12:35:00-04:00,6.494999885559082,6.510000228881836,6.494999885559082,6.505000114440918,11472,0.0,0.0
2024-10-25 12:36:00-04:00,6.510000228881836,6.514999866485596,6.505000114440918,6.505000114440918,7445,0.0,0.0
2024-10-25 12:37:00-04:00,6.505000114440918,6.505000114440918,6.505000114440918,6.505000114440918,345,0.0,0.0
2024-10-25 12:38:00-04:00,6.505000114440918,6.505000114440918,6.489999771118164,6.494999885559082,5850,0.0,0.0
2024-10-25 12:39:00-04:00,6.5,6.505000114440918,6.5,6.505000114440918,2186,0.0,0.0
2024-10-25 12:40:00-04:00,6.505000114440918,6.505000114440918,6.5,6.5,580,0.0,0.0
2024-10-25 12:41:00-04:00,6.5,6.505000114440918,6.5,6.505000114440918,1821,0.0,0.0
2024-10-25 12:42:00-04:00,6.5,6.5,6.5,6.5,1095,0.0,0.0
2024-10-25 12:43:00-04:00,6.505000114440918,6.505000114440918,6.505000114440918,6.505000114440918,314,0.0,0.0
2024-10-25 12:45:00-04:00,6.510000228881836,6.510000228881836,6.505000114440918,6.505000114440918,1987,0.0,0.0
2024-10-25 12:47:00-04:00,6.505000114440918,6.505000114440918,6.505000114440918,6.505000114440918,648,0.0,0.0
2024-10-25 12:48:00-04:00,6.510000228881836,6.510000228881836,6.505000114440918,6.505000114440918,988,0.0,0.0
2024-10-25 12:49:00-04:00,6.510000228881836,6.510000228881836,6.505000114440918,6.505000114440918,1023,0.0,0.0
2024-10-25 12:50:00-04:00,6.505000114440918,6.505000114440918,6.505000114440918,6.505000114440918,501,0.0,0.0
2024-10-25 12:51:00-04:00,6.505000114440918,6.505000114440918,6.5,6.5,2717,0.0,0.0
2024-10-25 12:52:00-04:00,6.505000114440918,6.505000114440918,6.505000114440918,6.505000114440918,704,0.0,0.0
2024-10-25 12:53:00-04:00,6.505000114440918,6.505000114440918,6.505000114440918,6.505000114440918,391,0.0,0.0
2024-10-25 12:55:00-04:00,6.505000114440918,6.505000114440918,6.505000114440918,6.505000114440918,481,0.0,0.0
2024-10-25 12:56:00-04:00,6.505000114440918,6.519999980926514,6.5,6.505000114440918,15779,0.0,0.0
2024-10-25 12:58:00-04:00,6.505000114440918,6.505000114440918,6.5,6.5,5673,0.0,0.0
2024-10-25 13:00:00-04:00,6.505000114440918,6.505000114440918,6.505000114440918,6.505000114440918,367,0.0,0.0
2024-10-25 13:01:00-04:00,6.505000114440918,6.505000114440918,6.505000114440918,6.505000114440918,424,0.0,0.0
2024-10-25 13:02:00-04:00,6.505000114440918,6.514999866485596,6.505000114440918,6.514999866485596,2944,0.0,0.0
2024-10-25 13:03:00-04:00,6.510000228881836,6.510000228881836,6.510000228881836,6.510000228881836,1230,0.0,0.0
2024-10-25 13:04:00-04:00,6.514999866485596,6.514999866485596,6.514999866485596,6.514999866485596,352,0.0,0.0
2024-10-25 13:05:00-04:00,6.519000053405762,6.519000053405762,6.519000053405762,6.519000053405762,132,0.0,0.0
2024-10-25 13:06:00-04:00,6.514999866485596,6.514999866485596,6.514999866485596,6.514999866485596,780,0.0,0.0
2024-10-25 13:07:00-04:00,6.519000053405762,6.519000053405762,6.510000228881836,6.510000228881836,2438,0.0,0.0
2024-10-25 13:08:00-04:00,6.505000114440918,6.505000114440918,6.505000114440918,6.505000114440918,738,0.0,0.0
2024-10-25 13:09:00-04:00,6.505000114440918,6.510000228881836,6.505000114440918,6.505000114440918,553,0.0,0.0
2024-10-25 13:10:00-04:00,6.505000114440918,6.505000114440918,6.505000114440918,6.505000114440918,471,0.0,0.0
2024-10-25 13:11:00-04:00,6.505000114440918,6.505000114440918,6.5,6.5,1090,0.0,0.0
2024-10-25 13:12:00-04:00,6.505000114440918,6.505000114440918,6.505000114440918,6.505000114440918,195,0.0,0.0
2024-10-25 13:13:00-04:00,6.505000114440918,6.505000114440918,6.505000114440918,6.505000114440918,909,0.0,0.0
2024-10-25 13:14:00-04:00,6.510000228881836,6.510000228881836,6.505000114440918,6.505000114440918,866,0.0,0.0
2024-10-25 13:15:00-04:00,6.505000114440918,6.508999824523926,6.505000114440918,6.508999824523926,289,0.0,0.0
2024-10-25 13:16:00-04:00,6.510000228881836,6.510000228881836,6.505000114440918,6.505000114440918,1259,0.0,0.0
2024-10-25 13:17:00-04:00,6.5,6.514999866485596,6.5,6.510000228881836,13701,0.0,0.0
2024-10-25 13:18:00-04:00,6.512700080871582,6.514999866485596,6.510000228881836,6.514999866485596,1644,0.0,0.0
2024-10-25 13:19:00-04:00,6.510000228881836,6.514999866485596,6.510000228881836,6.514999866485596,1464,0.0,0.0
2024-10-25 13:20:00-04:00,6.510000228881836,6.510000228881836,6.505000114440918,6.505000114440918,2145,0.0,0.0
2024-10-25 13:21:00-04:00,6.505000114440918,6.505000114440918,6.505000114440918,6.505000114440918,1137,0.0,0.0
2024-10-25 13:22:00-04:00,6.505000114440918,6.505000114440918,6.5,6.505000114440918,2594,0.0,0.0
2024-10-25 13:24:00-04:00,6.505000114440918,6.514999866485596,6.5,6.5,29149,0.0,0.0
2024-10-25 13:25:00-04:00,6.5,6.5,6.5,6.5,2668,0.0,0.0
2024-10-25 13:27:00-04:00,6.505000114440918,6.505000114440918,6.505000114440918,6.505000114440918,492,0.0,0.0
2024-10-25 13:28:00-04:00,6.505000114440918,6.505000114440918,6.505000114440918,6.505000114440918,382,0.0,0.0
2024-10-25 13:29:00-04:00,6.505000114440918,6.505000114440918,6.494999885559082,6.494999885559082,8592,0.0,0.0
2024-10-25 13:30:00-04:00,6.494999885559082,6.505000114440918,6.494999885559082,6.505000114440918,4544,0.0,0.0
2024-10-25 13:31:00-04:00,6.510000228881836,6.510000228881836,6.510000228881836,6.510000228881836,2946,0.0,0.0
2024-10-25 13:32:00-04:00,6.505000114440918,6.505000114440918,6.5,6.5,6718,0.0,0.0
2024-10-25 13:33:00-04:00,6.5,6.5,6.494999885559082,6.494999885559082,481,0.0,0.0
2024-10-25 13:34:00-04:00,6.494999885559082,6.5,6.494999885559082,6.494999885559082,589,0.0,0.0
2024-10-25 13:35:00-04:00,6.494999885559082,6.494999885559082,6.474999904632568,6.474999904632568,3292,0.0,0.0
2024-10-25 13:36:00-04:00,6.474999904632568,6.477499961853027,6.474999904632568,6.477499961853027,1621,0.0,0.0
2024-10-25 13:37:00-04:00,6.480000019073486,6.480000019073486,6.474999904632568,6.474999904632568,747,0.0,0.0
2024-10-25 13:38:00-04:00,6.474999904632568,6.474999904632568,6.474999904632568,6.474999904632568,442,0.0,0.0
2024-10-25 13:39:00-04:00,6.474999904632568,6.474999904632568,6.474999904632568,6.474999904632568,1052,0.0,0.0
2024-10-25 13:40:00-04:00,6.46999979019165,6.474999904632568,6.46999979019165,6.46999979019165,1050,0.0,0.0
2024-10-25 13:41:00-04:00,6.474999904632568,6.474999904632568,6.465000152587891,6.465000152587891,5596,0.0,0.0
2024-10-25 13:43:00-04:00,6.460000038146973,6.460000038146973,6.450300216674805,6.454999923706055,1644,0.0,0.0
2024-10-25 13:44:00-04:00,6.454999923706055,6.460000038146973,6.434999942779541,6.434999942779541,7384,0.0,0.0
2024-10-25 13:46:00-04:00,6.445000171661377,6.445000171661377,6.445000171661377,6.445000171661377,326,0.0,0.0
2024-10-25 13:47:00-04:00,6.449999809265137,6.449999809265137,6.445000171661377,6.445000171661377,740,0.0,0.0
2024-10-25 13:48:00-04:00,6.449999809265137,6.454999923706055,6.449999809265137,6.454999923706055,3839,0.0,0.0
2024-10-25 13:49:00-04:00,6.454999923706055,6.454999923706055,6.454999923706055,6.454999923706055,1535,0.0,0.0
2024-10-25 13:50:00-04:00,6.454999923706055,6.454999923706055,6.454999923706055,6.454999923706055,571,0.0,0.0
2024-10-25 13:51:00-04:00,6.454999923706055,6.454999923706055,6.449999809265137,6.454999923706055,2697,0.0,0.0
2024-10-25 13:52:00-04:00,6.454999923706055,6.454999923706055,6.449999809265137,6.454999923706055,1373,0.0,0.0
2024-10-25 13:53:00-04:00,6.449999809265137,6.449999809265137,6.449999809265137,6.449999809265137,426,0.0,0.0
2024-10-25 13:54:00-04:00,6.449999809265137,6.454999923706055,6.449999809265137,6.449999809265137,2056,0.0,0.0
2024-10-25 13:55:00-04:00,6.449999809265137,6.454999923706055,6.445000171661377,6.445000171661377,2752,0.0,0.0
2024-10-25 13:56:00-04:00,6.449999809265137,6.454999923706055,6.445000171661377,6.449999809265137,5628,0.0,0.0
2024-10-25 13:57:00-04:00,6.445000171661377,6.445000171661377,6.440000057220459,6.440000057220459,1571,0.0,0.0
2024-10-25 13:58:00-04:00,6.440000057220459,6.440000057220459,6.420000076293945,6.420000076293945,2381,0.0,0.0
2024-10-25 13:59:00-04:00,6.420000076293945,6.425000190734863,6.420000076293945,6.425000190734863,445,0.0,0.0
2024-10-25 14:00:00-04:00,6.425000190734863,6.425000190734863,6.420000076293945,6.420000076293945,1546,0.0,0.0
2024-10-25 14:01:00-04:00,6.425000190734863,6.425000190734863,6.425000190734863,6.425000190734863,796,0.0,0.0
2024-10-25 14:02:00-04:00,6.420000076293945,6.420000076293945,6.420000076293945,6.420000076293945,2370,0.0,0.0
2024-10-25 14:03:00-04:00,6.420000076293945,6.425000190734863,6.409999847412109,6.425000190734863,5242,0.0,0.0
2024-10-25 14:04:00-04:00,6.425000190734863,6.429999828338623,6.425000190734863,6.425000190734863,989,0.0,0.0
2024-10-25 14:05:00-04:00,6.429999828338623,6.434999942779541,6.429999828338623,6.434999942779541,2747,0.0,0.0
2024-10-25 14:07:00-04:00,6.434999942779541,6.434999942779541,6.434999942779541,6.434999942779541,849,0.0,0.0
2024-10-25 14:08:00-04:00,6.434999942779541,6.440000057220459,6.434999942779541,6.440000057220459,621,0.0,0.0
2024-10-25 14:09:00-04:00,6.440000057220459,6.440000057220459,6.434999942779541,6.434999942779541,1127,0.0,0.0
2024-10-25 14:10:00-04:00,6.434999942779541,6.434999942779541,6.434999942779541,6.434999942779541,484,0.0,0.0
2024-10-25 14:11:00-04:00,6.434999942779541,6.434999942779541,6.434999942779541,6.434999942779541,497,0.0,0.0
2024-10-25 14:12:00-04:00,6.434999942779541,6.440000057220459,6.434999942779541,6.440000057220459,434,0.0,0.0
2024-10-25 14:13:00-04:00,6.440000057220459,6.440000057220459,6.440000057220459,6.440000057220459,414,0.0,0.0
2024-10-25 14:14:00-04:00,6.434999942779541,6.445000171661377,6.434999942779541,6.445000171661377,2869,0.0,0.0
2024-10-25 14:15:00-04:00,6.440000057220459,6.445000171661377,6.440000057220459,6.445000171661377,746,0.0,0.0
2024-10-25 14:16:00-04:00,6.445000171661377,6.445000171661377,6.440000057220459,6.440000057220459,3103,0.0,0.0
2024-10-25 14:17:00-04:00,6.440000057220459,6.440000057220459,6.440000057220459,6.440000057220459,108,0.0,0.0
2024-10-25 14:18:00-04:00,6.440000057220459,6.445000171661377,6.440000057220459,6.445000171661377,1347,0.0,0.0
2024-10-25 14:19:00-04:00,6.445000171661377,6.445000171661377,6.445000171661377,6.445000171661377,1720,0.0,0.0
2024-10-25 14:21:00-04:00,6.449999809265137,6.449999809265137,6.449999809265137,6.449999809265137,707,0.0,0.0
2024-10-25 14:22:00-04:00,6.449999809265137,6.449999809265137,6.449999809265137,6.449999809265137,271,0.0,0.0
2024-10-25 14:23:00-04:00,6.449999809265137,6.449999809265137,6.445000171661377,6.445000171661377,4770,0.0,0.0
2024-10-25 14:24:00-04:00,6.445000171661377,6.445000171661377,6.445000171661377,6.445000171661377,680,0.0,0.0
2024-10-25 14:25:00-04:00,6.445000171661377,6.445000171661377,6.445000171661377,6.445000171661377,393,0.0,0.0
2024-10-25 14:26:00-04:00,6.445000171661377,6.445000171661377,6.445000171661377,6.445000171661377,233,0.0,0.0
2024-10-25 14:27:00-04:00,6.449999809265137,6.449999809265137,6.449999809265137,6.449999809265137,147,0.0,0.0
2024-10-25 14:28:00-04:00,6.449999809265137,6.449999809265137,6.449999809265137,6.449999809265137,434,0.0,0.0
2024-10-25 14:29:00-04:00,6.445000171661377,6.449999809265137,6.440299987792969,6.440299987792969,2162,0.0,0.0
2024-10-25 14:30:00-04:00,6.445000171661377,6.445000171661377,6.440000057220459,6.440000057220459,769,0.0,0.0
2024-10-25 14:31:00-04:00,6.445000171661377,6.445000171661377,6.429999828338623,6.429999828338623,4618,0.0,0.0
2024-10-25 14:32:00-04:00,6.434999942779541,6.434999942779541,6.429999828338623,6.434999942779541,1075,0.0,0.0
2024-10-25 14:33:00-04:00,6.429999828338623,6.434999942779541,6.429999828338623,6.434999942779541,2560,0.0,0.0
2024-10-25 14:35:00-04:00,6.434999942779541,6.440000057220459,6.434999942779541,6.434999942779541,785,0.0,0.0
2024-10-25 14:36:00-04:00,6.440000057220459,6.440000057220459,6.434999942779541,6.440000057220459,537,0.0,0.0
2024-10-25 14:37:00-04:00,6.440000057220459,6.440000057220459,6.434999942779541,6.434999942779541,2092,0.0,0.0
2024-10-25 14:38:00-04:00,6.434999942779541,6.434999942779541,6.429999828338623,6.434999942779541,736,0.0,0.0
2024-10-25 14:39:00-04:00,6.434999942779541,6.434999942779541,6.434999942779541,6.434999942779541,1634,0.0,0.0
2024-10-25 14:40:00-04:00,6.434999942779541,6.434999942779541,6.434999942779541,6.434999942779541,638,0.0,0.0
2024-10-25 14:41:00-04:00,6.434999942779541,6.434999942779541,6.434999942779541,6.434999942779541,267,0.0,0.0
2024-10-25 14:42:00-04:00,6.434999942779541,6.434999942779541,6.434999942779541,6.434999942779541,531,0.0,0.0
2024-10-25 14:43:00-04:00,6.434999942779541,6.434999942779541,6.425000190734863,6.425000190734863,4502,0.0,0.0
2024-10-25 14:44:00-04:00,6.425000190734863,6.425000190734863,6.425000190734863,6.425000190734863,1097,0.0,0.0
2024-10-25 14:45:00-04:00,6.425000190734863,6.425000190734863,6.425000190734863,6.425000190734863,1684,0.0,0.0
2024-10-25 14:46:00-04:00,6.425000190734863,6.425000190734863,6.425000190734863,6.425000190734863,622,0.0,0.0
2024-10-25 14:47:00-04:00,6.425000190734863,6.425000190734863,6.425000190734863,6.425000190734863,1696,0.0,0.0
2024-10-25 14:48:00-04:00,6.429999828338623,6.440000057220459,6.425000190734863,6.440000057220459,3465,0.0,0.0
2024-10-25 14:49:00-04:00,6.434999942779541,6.445000171661377,6.434999942779541,6.445000171661377,2824,0.0,0.0
2024-10-25 14:51:00-04:00,6.440000057220459,6.445000171661377,6.434999942779541,6.434999942779541,4651,0.0,0.0
2024-10-25 14:53:00-04:00,6.429999828338623,6.434999942779541,6.429999828338623,6.434999942779541,1580,0.0,0.0
2024-10-25 14:55:00-04:00,6.440000057220459,6.440000057220459,6.440000057220459,6.440000057220459,2038,0.0,0.0
2024-10-25 14:56:00-04:00,6.440000057220459,6.440000057220459,6.434999942779541,6.440000057220459,1302,0.0,0.0
2024-10-25 14:57:00-04:00,6.440000057220459,6.445000171661377,6.440000057220459,6.440000057220459,4159,0.0,0.0
2024-10-25 14:58:00-04:00,6.434700012207031,6.434700012207031,6.434700012207031,6.434700012207031,782,0.0,0.0
2024-10-25 14:59:00-04:00,6.436999797821045,6.436999797821045,6.434999942779541,6.434999942779541,428,0.0,0.0
2024-10-25 15:00:00-04:00,6.440000057220459,6.440000057220459,6.434999942779541,6.434999942779541,2715,0.0,0.0
2024-10-25 15:01:00-04:00,6.435100078582764,6.440000057220459,6.435100078582764,6.440000057220459,1467,0.0,0.0
2024-10-25 15:02:00-04:00,6.440000057220459,6.440000057220459,6.434999942779541,6.440000057220459,1590,0.0,0.0
2024-10-25 15:03:00-04:00,6.440000057220459,6.440000057220459,6.429999828338623,6.440000057220459,2227,0.0,0.0
2024-10-25 15:04:00-04:00,6.445000171661377,6.445000171661377,6.440000057220459,6.440000057220459,1003,0.0,0.0
2024-10-25 15:05:00-04:00,6.449999809265137,6.449999809265137,6.449999809265137,6.449999809265137,352,0.0,0.0
2024-10-25 15:06:00-04:00,6.449999809265137,6.449999809265137,6.445000171661377,6.449999809265137,1114,0.0,0.0
2024-10-25 15:07:00-04:00,6.449999809265137,6.449999809265137,6.449999809265137,6.449999809265137,788,0.0,0.0
2024-10-25 15:08:00-04:00,6.445000171661377,6.445000171661377,6.440000057220459,6.445000171661377,3560,0.0,0.0
2024-10-25 15:09:00-04:00,6.440000057220459,6.440000057220459,6.434999942779541,6.434999942779541,4331,0.0,0.0
2024-10-25 15:10:00-04:00,6.440000057220459,6.440000057220459,6.440000057220459,6.440000057220459,574,0.0,0.0
2024-10-25 15:11:00-04:00,6.434999942779541,6.440000057220459,6.434999942779541,6.434999942779541,1725,0.0,0.0
2024-10-25 15:12:00-04:00,6.434999942779541,6.440000057220459,6.434999942779541,6.440000057220459,1620,0.0,0.0
2024-10-25 15:13:00-04:00,6.440000057220459,6.440000057220459,6.440000057220459,6.440000057220459,340,0.0,0.0
2024-10-25 15:14:00-04:00,6.434999942779541,6.434999942779541,6.425000190734863,6.425000190734863,6062,0.0,0.0
2024-10-25 15:15:00-04:00,6.428999900817871,6.429999828338623,6.428999900817871,6.429999828338623,510,0.0,0.0
2024-10-25 15:16:00-04:00,6.425000190734863,6.429999828338623,6.425000190734863,6.429999828338623,1141,0.0,0.0
2024-10-25 15:17:00-04:00,6.428999900817871,6.434999942779541,6.428999900817871,6.434999942779541,1420,0.0,0.0
2024-10-25 15:18:00-04:00,6.434999942779541,6.434999942779541,6.434999942779541,6.434999942779541,580,0.0,0.0
2024-10-25 15:19:00-04:00,6.434999942779541,6.440000057220459,6.434999942779541,6.440000057220459,4303,0.0,0.0
2024-10-25 15:20:00-04:00,6.440000057220459,6.440000057220459,6.434999942779541,6.434999942779541,508,0.0,0.0
2024-10-25 15:21:00-04:00,6.440000057220459,6.440000057220459,6.440000057220459,6.440000057220459,510,0.0,0.0
2024-10-25 15:22:00-04:00,6.436999797821045,6.440000057220459,6.436999797821045,6.436999797821045,1250,0.0,0.0
2024-10-25 15:23:00-04:00,6.434999942779541,6.434999942779541,6.429999828338623,6.434999942779541,7880,0.0,0.0
2024-10-25 15:24:00-04:00,6.434999942779541,6.434999942779541,6.429999828338623,6.429999828338623,735,0.0,0.0
2024-10-25 15:25:00-04:00,6.434999942779541,6.434999942779541,6.434999942779541,6.434999942779541,963,0.0,0.0
2024-10-25 15:26:00-04:00,6.434999942779541,6.434999942779541,6.434999942779541,6.434999942779541,1641,0.0,0.0
2024-10-25 15:27:00-04:00,6.434999942779541,6.434999942779541,6.434999942779541,6.434999942779541,445,0.0,0.0
2024-10-25 15:28:00-04:00,6.440000057220459,6.440000057220459,6.434999942779541,6.440000057220459,1009,0.0,0.0
2024-10-25 15:29:00-04:00,6.440000057220459,6.440000057220459,6.434999942779541,6.440000057220459,1362,0.0,0.0
2024-10-25 15:30:00-04:00,6.440000057220459,6.440000057220459,6.434999942779541,6.440000057220459,2124,0.0,0.0
2024-10-25 15:31:00-04:00,6.440000057220459,6.440000057220459,6.434999942779541,6.440000057220459,1010,0.0,0.0
2024-10-25 15:32:00-04:00,6.434999942779541,6.434999942779541,6.429999828338623,6.434999942779541,4091,0.0,0.0
2024-10-25 15:33:00-04:00,6.434999942779541,6.434999942779541,6.434999942779541,6.434999942779541,613,0.0,0.0
2024-10-25 15:34:00-04:00,6.434999942779541,6.434999942779541,6.434999942779541,6.434999942779541,1147,0.0,0.0
2024-10-25 15:35:00-04:00,6.434999942779541,6.434999942779541,6.434999942779541,6.434999942779541,1379,0.0,0.0
2024-10-25 15:36:00-04:00,6.434999942779541,6.434999942779541,6.434999942779541,6.434999942779541,1366,0.0,0.0
2024-10-25 15:37:00-04:00,6.434999942779541,6.434999942779541,6.429999828338623,6.434999942779541,4478,0.0,0.0
2024-10-25 15:38:00-04:00,6.434999942779541,6.434999942779541,6.434999942779541,6.434999942779541,1920,0.0,0.0
2024-10-25 15:39:00-04:00,6.434999942779541,6.434999942779541,6.434999942779541,6.434999942779541,326,0.0,0.0
2024-10-25 15:40:00-04:00,6.440000057220459,6.440000057220459,6.425000190734863,6.425000190734863,32254,0.0,0.0
2024-10-25 15:41:00-04:00,6.428999900817871,6.429999828338623,6.425000190734863,6.429999828338623,1629,0.0,0.0
2024-10-25 15:42:00-04:00,6.428999900817871,6.428999900817871,6.425000190734863,6.428999900817871,1653,0.0,0.0
2024-10-25 15:43:00-04:00,6.428999900817871,6.429999828338623,6.425000190734863,6.425000190734863,3460,0.0,0.0
2024-10-25 15:44:00-04:00,6.425000190734863,6.429999828338623,6.425000190734863,6.425000190734863,1383,0.0,0.0
2024-10-25 15:45:00-04:00,6.429999828338623,6.429999828338623,6.425000190734863,6.428999900817871,1689,0.0,0.0
2024-10-25 15:46:00-04:00,6.428999900817871,6.440000057220459,6.425000190734863,6.434999942779541,5834,0.0,0.0
2024-10-25 15:47:00-04:00,6.440000057220459,6.445000171661377,6.434999942779541,6.445000171661377,7207,0.0,0.0
2024-10-25 15:48:00-04:00,6.445000171661377,6.446636199951172,6.434999942779541,6.434999942779541,11287,0.0,0.0
2024-10-25 15:49:00-04:00,6.434999942779541,6.434999942779541,6.434999942779541,6.434999942779541,2105,0.0,0.0
2024-10-25 15:50:00-04:00,6.440000057220459,6.445000171661377,6.440000057220459,6.440000057220459,13892,0.0,0.0
2024-10-25 15:51:00-04:00,6.440000057220459,6.445000171661377,6.440000057220459,6.440000057220459,3573,0.0,0.0
2024-10-25 15:52:00-04:00,6.445000171661377,6.454999923706055,6.434999942779541,6.449999809265137,21725,0.0,0.0
2024-10-25 15:53:00-04:00,6.449999809265137,6.474999904632568,6.449999809265137,6.46999979019165,14123,0.0,0.0
2024-10-25 15:54:00-04:00,6.474999904632568,6.474999904632568,6.449999809265137,6.449999809265137,11106,0.0,0.0
2024-10-25 15:55:00-04:00,6.454999923706055,6.465000152587891,6.451099872589111,6.465000152587891,22717,0.0,0.0
2024-10-25 15:56:00-04:00,6.465000152587891,6.465000152587891,6.460000038146973,6.465000152587891,7172,0.0,0.0
2024-10-25 15:57:00-04:00,6.465000152587891,6.474999904632568,6.460000038146973,6.460000038146973,22079,0.0,0.0
2024-10-25 15:58:00-04:00,6.460000038146973,6.460000038146973,6.454999923706055,6.459000110626221,14131,0.0,0.0
2024-10-25 15:59:00-04:00,6.460000038146973,6.46999979019165,6.449999809265137,6.449999809265137,41270,0.0,0.0
