Datetime,Open,High,Low,Close,Volume,Dividends,Stock Splits
2022-06-30 09:30:00-04:00,57.279998779296875,57.7599983215332,56.97999954223633,57.404998779296875,0,0.0,0.0
2022-06-30 10:30:00-04:00,57.5,57.91999816894531,57.2599983215332,57.869998931884766,21401,0.0,0.0
2022-06-30 11:30:00-04:00,57.974998474121094,58.46500015258789,57.91999816894531,58.380001068115234,12249,0.0,0.0
2022-06-30 12:30:00-04:00,58.529998779296875,58.57500076293945,58.02000045776367,58.02000045776367,13541,0.0,0.0
2022-06-30 13:30:00-04:00,58.06999969482422,58.290000915527344,57.959999084472656,58.08000183105469,19070,0.0,0.0
2022-06-30 14:30:00-04:00,58.060001373291016,58.099998474121094,57.540000915527344,57.97999954223633,21681,0.0,0.0
2022-06-30 15:30:00-04:00,57.9900016784668,58.02000045776367,57.650001525878906,57.779998779296875,36219,0.0,0.0
2022-07-01 09:30:00-04:00,57.400001525878906,58.19940185546875,57.22999954223633,57.4900016784668,23804,0.0,0.0
2022-07-01 10:30:00-04:00,57.380001068115234,57.56999969482422,57.290000915527344,57.470001220703125,26936,0.0,0.0
2022-07-01 11:30:00-04:00,57.5099983215332,57.59000015258789,57.170101165771484,57.54999923706055,18504,0.0,0.0
2022-07-01 12:30:00-04:00,57.67100143432617,58.08000183105469,57.540000915527344,58.0099983215332,24564,0.0,0.0
2022-07-01 13:30:00-04:00,58.060001373291016,58.63800048828125,58.060001373291016,58.5,21259,0.0,0.0
2022-07-01 14:30:00-04:00,58.560001373291016,58.7400016784668,58.470001220703125,58.650001525878906,19978,0.0,0.0
2022-07-01 15:30:00-04:00,58.66999816894531,59.1150016784668,58.66999816894531,58.83000183105469,51317,0.0,0.0
2022-07-05 09:30:00-04:00,58.599998474121094,59.084999084472656,57.900001525878906,58.310001373291016,49020,0.0,0.0
2022-07-05 10:30:00-04:00,58.310001373291016,59.31999969482422,58.310001373291016,59.25,24734,0.0,0.0
2022-07-05 11:30:00-04:00,59.38999938964844,59.720001220703125,59.189998626708984,59.61000061035156,18102,0.0,0.0
2022-07-05 12:30:00-04:00,59.689998626708984,59.849998474121094,59.349998474121094,59.68000030517578,69613,0.0,0.0
2022-07-05 13:30:00-04:00,59.775001525878906,59.849998474121094,59.470001220703125,59.685001373291016,38208,0.0,0.0
2022-07-05 14:30:00-04:00,59.70000076293945,59.78499984741211,59.50550079345703,59.69499969482422,43450,0.0,0.0
2022-07-05 15:30:00-04:00,59.72999954223633,60.20000076293945,59.709999084472656,60.16999816894531,57091,0.0,0.0
2022-07-06 09:30:00-04:00,59.97999954223633,60.77000045776367,59.380001068115234,59.89500045776367,25426,0.0,0.0
2022-07-06 10:30:00-04:00,59.93000030517578,60.209999084472656,59.282501220703125,59.282501220703125,32276,0.0,0.0
2022-07-06 11:30:00-04:00,59.15999984741211,59.439998626708984,59.099998474121094,59.1349983215332,9722,0.0,0.0
2022-07-06 12:30:00-04:00,59.18000030517578,59.42499923706055,59.130001068115234,59.26499938964844,13601,0.0,0.0
2022-07-06 13:30:00-04:00,59.275001525878906,59.68000030517578,59.275001525878906,59.59000015258789,16787,0.0,0.0
2022-07-06 14:30:00-04:00,59.630001068115234,60.18000030517578,59.630001068115234,60.02000045776367,19688,0.0,0.0
2022-07-06 15:30:00-04:00,60.099998474121094,60.11000061035156,59.474998474121094,59.630001068115234,49428,0.0,0.0
2022-07-07 09:30:00-04:00,59.939998626708984,61.21390151977539,59.69900131225586,59.75,25874,0.0,0.0
2022-07-07 10:30:00-04:00,59.79999923706055,60.30500030517578,59.75,60.244998931884766,12420,0.0,0.0
2022-07-07 11:30:00-04:00,60.25,60.25,59.60499954223633,59.7400016784668,9281,0.0,0.0
2022-07-07 12:30:00-04:00,59.619998931884766,59.970001220703125,59.619998931884766,59.81999969482422,11229,0.0,0.0
2022-07-07 13:30:00-04:00,59.779998779296875,59.790000915527344,59.48500061035156,59.66999816894531,13843,0.0,0.0
2022-07-07 14:30:00-04:00,59.599998474121094,59.86000061035156,59.58000183105469,59.817501068115234,16960,0.0,0.0
2022-07-07 15:30:00-04:00,59.834999084472656,59.869998931884766,59.54999923706055,59.650001525878906,51296,0.0,0.0
2022-07-08 09:30:00-04:00,59.790000915527344,60.459999084472656,59.41999816894531,59.77000045776367,17096,0.0,0.0
2022-07-08 10:30:00-04:00,60.060001373291016,60.099998474121094,59.869998931884766,60.02000045776367,8843,0.0,0.0
2022-07-08 11:30:00-04:00,59.819000244140625,60.0,59.40999984741211,59.630001068115234,11938,0.0,0.0
2022-07-08 12:30:00-04:00,59.63999938964844,59.68000030517578,59.45000076293945,59.540000915527344,8457,0.0,0.0
2022-07-08 13:30:00-04:00,59.4900016784668,59.93000030517578,59.4900016784668,59.93000030517578,8454,0.0,0.0
2022-07-08 14:30:00-04:00,60.0099983215332,60.5,59.9900016784668,60.36000061035156,8932,0.0,0.0
2022-07-08 15:30:00-04:00,60.41999816894531,60.41999816894531,59.97999954223633,59.97999954223633,44385,0.0,0.0
2022-07-11 09:30:00-04:00,59.88999938964844,61.02000045776367,59.88999938964844,60.61000061035156,15939,0.0,0.0
2022-07-11 10:30:00-04:00,60.47999954223633,60.56999969482422,60.119998931884766,60.2599983215332,16548,0.0,0.0
2022-07-11 11:30:00-04:00,60.209999084472656,60.2400016784668,59.83000183105469,59.845001220703125,10649,0.0,0.0
2022-07-11 12:30:00-04:00,59.81999969482422,59.83000183105469,59.599998474121094,59.630001068115234,6371,0.0,0.0
2022-07-11 13:30:00-04:00,59.61000061035156,60.209999084472656,59.599998474121094,60.02000045776367,13126,0.0,0.0
2022-07-11 14:30:00-04:00,60.029998779296875,60.189998626708984,60.02000045776367,60.099998474121094,6152,0.0,0.0
2022-07-11 15:30:00-04:00,60.119998931884766,60.22999954223633,59.97999954223633,60.22999954223633,25248,0.0,0.0
2022-07-12 09:30:00-04:00,60.220001220703125,61.36000061035156,60.220001220703125,61.0,19784,0.0,0.0
2022-07-12 10:30:00-04:00,60.959999084472656,61.52000045776367,60.95000076293945,61.279998779296875,13569,0.0,0.0
2022-07-12 11:30:00-04:00,61.220001220703125,63.2599983215332,61.099998474121094,62.86000061035156,582823,0.0,0.0
2022-07-12 12:30:00-04:00,62.869998931884766,64.18000030517578,62.760101318359375,63.6156005859375,360902,0.0,0.0
2022-07-12 13:30:00-04:00,63.595001220703125,64.0,63.31999969482422,63.915000915527344,114581,0.0,0.0
2022-07-12 14:30:00-04:00,63.790000915527344,64.48999786376953,63.61000061035156,63.65999984741211,81621,0.0,0.0
2022-07-12 15:30:00-04:00,63.68000030517578,63.72999954223633,62.630001068115234,62.650001525878906,155107,0.0,0.0
2022-07-13 09:30:00-04:00,63.099998474121094,64.5199966430664,62.5,63.45000076293945,178508,0.0,0.0
2022-07-13 10:30:00-04:00,63.58000183105469,64.04000091552734,63.290000915527344,63.650001525878906,63515,0.0,0.0
2022-07-13 11:30:00-04:00,63.599998474121094,64.5199966430664,63.56999969482422,64.5199966430664,49001,0.0,0.0
2022-07-13 12:30:00-04:00,64.55000305175781,65.45999908447266,64.45379638671875,65.45999908447266,127719,0.0,0.0
2022-07-13 13:30:00-04:00,65.44000244140625,65.4800033569336,65.1500015258789,65.28500366210938,61789,0.0,0.0
2022-07-13 14:30:00-04:00,65.37000274658203,65.97000122070312,65.37000274658203,65.74500274658203,100417,0.0,0.0
2022-07-13 15:30:00-04:00,65.74500274658203,65.94000244140625,65.37000274658203,65.83000183105469,142093,0.0,0.0
2022-07-14 09:30:00-04:00,64.93000030517578,65.4000015258789,63.04999923706055,63.279998779296875,141104,0.0,0.0
2022-07-14 10:30:00-04:00,63.53499984741211,63.6890983581543,61.709999084472656,62.279998779296875,88617,0.0,0.0
2022-07-14 11:30:00-04:00,62.459999084472656,63.56529998779297,62.279998779296875,63.16999816894531,68253,0.0,0.0
2022-07-14 12:30:00-04:00,63.220001220703125,63.65999984741211,62.810001373291016,63.119998931884766,45227,0.0,0.0
2022-07-14 13:30:00-04:00,63.154998779296875,63.970001220703125,63.119998931884766,63.88999938964844,53107,0.0,0.0
2022-07-14 14:30:00-04:00,63.779998779296875,64.41999816894531,63.779998779296875,64.23500061035156,57356,0.0,0.0
2022-07-14 15:30:00-04:00,64.27999877929688,64.35990142822266,64.0,64.01000213623047,74028,0.0,0.0
2022-07-15 09:30:00-04:00,64.95999908447266,64.95999908447266,63.689998626708984,64.16000366210938,69800,0.0,0.0
2022-07-15 10:30:00-04:00,64.09500122070312,64.89099884033203,63.789798736572266,64.68499755859375,49327,0.0,0.0
2022-07-15 11:30:00-04:00,64.77999877929688,65.44000244140625,64.37539672851562,65.28340148925781,80851,0.0,0.0
2022-07-15 12:30:00-04:00,65.33000183105469,65.69000244140625,65.1050033569336,65.31999969482422,57156,0.0,0.0
2022-07-15 13:30:00-04:00,65.29000091552734,65.5999984741211,65.0999984741211,65.5999984741211,92479,0.0,0.0
2022-07-15 14:30:00-04:00,65.47000122070312,65.75,65.31999969482422,65.38999938964844,20029,0.0,0.0
2022-07-15 15:30:00-04:00,65.38999938964844,65.7300033569336,64.8499984741211,64.91999816894531,72853,0.0,0.0
2022-07-18 09:30:00-04:00,65.62000274658203,66.6500015258789,64.12999725341797,64.19000244140625,73875,0.0,0.0
2022-07-18 10:30:00-04:00,64.23999786376953,65.66000366210938,63.880001068115234,65.66000366210938,47814,0.0,0.0
2022-07-18 11:30:00-04:00,65.60900115966797,65.79000091552734,64.61499786376953,65.55999755859375,113875,0.0,0.0
2022-07-18 12:30:00-04:00,65.56999969482422,65.9000015258789,65.30000305175781,65.55999755859375,146619,0.0,0.0
2022-07-18 13:30:00-04:00,65.54540252685547,65.54540252685547,64.5199966430664,64.5199966430664,82075,0.0,0.0
2022-07-18 14:30:00-04:00,64.5,64.76000213623047,64.33999633789062,64.61000061035156,54497,0.0,0.0
2022-07-18 15:30:00-04:00,64.58000183105469,64.875,64.58000183105469,64.69000244140625,98780,0.0,0.0
2022-07-19 09:30:00-04:00,65.08000183105469,65.8499984741211,65.04000091552734,65.47000122070312,48605,0.0,0.0
2022-07-19 10:30:00-04:00,65.48999786376953,66.20999908447266,65.48999786376953,66.0999984741211,32083,0.0,0.0
2022-07-19 11:30:00-04:00,66.12000274658203,66.73999786376953,66.0199966430664,66.12000274658203,42077,0.0,0.0
2022-07-19 12:30:00-04:00,66.19000244140625,66.19000244140625,65.38999938964844,65.4000015258789,27681,0.0,0.0
2022-07-19 13:30:00-04:00,65.41999816894531,66.0,65.41999816894531,65.9219970703125,26255,0.0,0.0
2022-07-19 14:30:00-04:00,65.91000366210938,65.91999816894531,65.4800033569336,65.80500030517578,35247,0.0,0.0
2022-07-19 15:30:00-04:00,65.80500030517578,65.91390228271484,65.52999877929688,65.52999877929688,75159,0.0,0.0
2022-07-20 09:30:00-04:00,65.08999633789062,65.77999877929688,65.05000305175781,65.37999725341797,32015,0.0,0.0
2022-07-20 10:30:00-04:00,65.33000183105469,65.91999816894531,65.30999755859375,65.87000274658203,32728,0.0,0.0
2022-07-20 11:30:00-04:00,65.91000366210938,66.23500061035156,65.69000244140625,66.11499786376953,21387,0.0,0.0
2022-07-20 12:30:00-04:00,66.11499786376953,66.70500183105469,66.11499786376953,66.30000305175781,31952,0.0,0.0
2022-07-20 13:30:00-04:00,66.27999877929688,66.54000091552734,66.01000213623047,66.44000244140625,27005,0.0,0.0
2022-07-20 14:30:00-04:00,66.41999816894531,66.66500091552734,66.33000183105469,66.66500091552734,70222,0.0,0.0
2022-07-20 15:30:00-04:00,66.69499969482422,67.13999938964844,66.58000183105469,66.81999969482422,81171,0.0,0.0
2022-07-21 09:30:00-04:00,66.52999877929688,66.80999755859375,65.97000122070312,66.1500015258789,24586,0.0,0.0
2022-07-21 10:30:00-04:00,66.15499877929688,66.51349639892578,65.95500183105469,66.25,24796,0.0,0.0
2022-07-21 11:30:00-04:00,66.38999938964844,66.6500015258789,66.25499725341797,66.48500061035156,12456,0.0,0.0
2022-07-21 12:30:00-04:00,66.51000213623047,66.7699966430664,66.5,66.6050033569336,19672,0.0,0.0
2022-07-21 13:30:00-04:00,66.5,67.07990264892578,66.5,67.04000091552734,17349,0.0,0.0
2022-07-21 14:30:00-04:00,67.04000091552734,67.16999816894531,66.73999786376953,66.9749984741211,32104,0.0,0.0
2022-07-21 15:30:00-04:00,66.95999908447266,67.1500015258789,66.88500213623047,67.05000305175781,38129,0.0,0.0
2022-07-22 09:30:00-04:00,67.16999816894531,67.5,66.48999786376953,67.37999725341797,79081,0.0,0.0
2022-07-22 10:30:00-04:00,67.4800033569336,69.44860076904297,67.4800033569336,69.31999969482422,81402,0.0,0.0
2022-07-22 11:30:00-04:00,69.33999633789062,69.41999816894531,68.4000015258789,68.54499816894531,39711,0.0,0.0
2022-07-22 12:30:00-04:00,68.54499816894531,69.0,68.2300033569336,68.47000122070312,37472,0.0,0.0
2022-07-22 13:30:00-04:00,68.44000244140625,68.44000244140625,67.86000061035156,68.20999908447266,31051,0.0,0.0
2022-07-22 14:30:00-04:00,68.21499633789062,68.44000244140625,68.0199966430664,68.30000305175781,41372,0.0,0.0
2022-07-22 15:30:00-04:00,68.31999969482422,68.48999786376953,68.08999633789062,68.20999908447266,74159,0.0,0.0
2022-07-25 09:30:00-04:00,68.2699966430664,69.5198974609375,68.01010131835938,69.12000274658203,68286,0.0,0.0
2022-07-25 10:30:00-04:00,68.98999786376953,69.04000091552734,68.36000061035156,68.55999755859375,39372,0.0,0.0
2022-07-25 11:30:00-04:00,68.66000366210938,68.74500274658203,68.4000015258789,68.54830169677734,19234,0.0,0.0
2022-07-25 12:30:00-04:00,68.54000091552734,68.69499969482422,68.0199966430664,68.31999969482422,29303,0.0,0.0
2022-07-25 13:30:00-04:00,68.33999633789062,68.45999908447266,68.2300033569336,68.41179656982422,13582,0.0,0.0
2022-07-25 14:30:00-04:00,68.42870330810547,68.44120025634766,68.20999908447266,68.31999969482422,30960,0.0,0.0
2022-07-25 15:30:00-04:00,68.29000091552734,68.30999755859375,68.02999877929688,68.23999786376953,39181,0.0,0.0
2022-07-26 09:30:00-04:00,67.8499984741211,70.2699966430664,67.61000061035156,69.55000305175781,104484,0.0,0.0
2022-07-26 10:30:00-04:00,69.6449966430664,70.16000366210938,69.55999755859375,69.87000274658203,61154,0.0,0.0
2022-07-26 11:30:00-04:00,69.9000015258789,70.1500015258789,69.36000061035156,70.06999969482422,56588,0.0,0.0
2022-07-26 12:30:00-04:00,70.11000061035156,70.75,69.97000122070312,70.43599700927734,168819,0.0,0.0
2022-07-26 13:30:00-04:00,70.43000030517578,71.0,70.42500305175781,70.94999694824219,62570,0.0,0.0
2022-07-26 14:30:00-04:00,70.94000244140625,71.5199966430664,70.91000366210938,70.91000366210938,78581,0.0,0.0
2022-07-26 15:30:00-04:00,70.95500183105469,71.55000305175781,70.78500366210938,71.37000274658203,128330,0.0,0.0
2022-07-27 09:30:00-04:00,71.62999725341797,71.68000030517578,69.65280151367188,70.69999694824219,63919,0.0,0.0
2022-07-27 10:30:00-04:00,70.6500015258789,70.83000183105469,70.3499984741211,70.75,35343,0.0,0.0
2022-07-27 11:30:00-04:00,70.69999694824219,70.72000122070312,69.8949966430664,70.3550033569336,41691,0.0,0.0
2022-07-27 12:30:00-04:00,70.36000061035156,70.56999969482422,70.05999755859375,70.56999969482422,84858,0.0,0.0
2022-07-27 13:30:00-04:00,70.5999984741211,70.68000030517578,70.11000061035156,70.30000305175781,36453,0.0,0.0
2022-07-27 14:30:00-04:00,70.25,70.55000305175781,70.12000274658203,70.36000061035156,53680,0.0,0.0
2022-07-27 15:30:00-04:00,70.3550033569336,70.45999908447266,70.16999816894531,70.36000061035156,85216,0.0,0.0
2022-07-28 09:30:00-04:00,70.66999816894531,70.82990264892578,69.2699966430664,69.51499938964844,55872,0.0,0.0
2022-07-28 10:30:00-04:00,69.51000213623047,69.66999816894531,68.84500122070312,69.4800033569336,51187,0.0,0.0
2022-07-28 11:30:00-04:00,69.45999908447266,69.7699966430664,69.16999816894531,69.47000122070312,27715,0.0,0.0
2022-07-28 12:30:00-04:00,69.52069854736328,69.78199768066406,69.20999908447266,69.73999786376953,26029,0.0,0.0
2022-07-28 13:30:00-04:00,69.79000091552734,70.13999938964844,69.79000091552734,70.05079650878906,16208,0.0,0.0
2022-07-28 14:30:00-04:00,70.04000091552734,70.2300033569336,69.94000244140625,70.16500091552734,23104,0.0,0.0
2022-07-28 15:30:00-04:00,70.19000244140625,70.44999694824219,70.19000244140625,70.37999725341797,169824,0.0,0.0
2022-07-29 09:30:00-04:00,70.47000122070312,70.95989990234375,70.0999984741211,70.67500305175781,20997,0.0,0.0
2022-07-29 10:30:00-04:00,70.83499908447266,71.0,70.66999816894531,70.91999816894531,23654,0.0,0.0
2022-07-29 11:30:00-04:00,70.94999694824219,71.36000061035156,70.9000015258789,71.23999786376953,23992,0.0,0.0
2022-07-29 12:30:00-04:00,71.27999877929688,72.16000366210938,71.2699966430664,71.66000366210938,78266,0.0,0.0
2022-07-29 13:30:00-04:00,71.6500015258789,72.26000213623047,71.62000274658203,72.13999938964844,28106,0.0,0.0
2022-07-29 14:30:00-04:00,72.16000366210938,72.56999969482422,71.88999938964844,72.3499984741211,78684,0.0,0.0
2022-07-29 15:30:00-04:00,72.3499984741211,72.72899627685547,72.31999969482422,72.41000366210938,77859,0.0,0.0
2022-08-01 09:30:00-04:00,72.0,72.72000122070312,71.15499877929688,71.68000030517578,73571,0.0,0.0
2022-08-01 10:30:00-04:00,71.72000122070312,71.73999786376953,71.08999633789062,71.33999633789062,35619,0.0,0.0
2022-08-01 11:30:00-04:00,71.33000183105469,71.4000015258789,70.4219970703125,70.55500030517578,55383,0.0,0.0
2022-08-01 12:30:00-04:00,70.6050033569336,71.36000061035156,70.44000244140625,71.24500274658203,81999,0.0,0.0
2022-08-01 13:30:00-04:00,71.25499725341797,71.31999969482422,70.91000366210938,71.14289855957031,26188,0.0,0.0
2022-08-01 14:30:00-04:00,71.12999725341797,71.3324966430664,70.94999694824219,71.30500030517578,30260,0.0,0.0
2022-08-01 15:30:00-04:00,71.29499816894531,71.43000030517578,71.13500213623047,71.41999816894531,52737,0.0,0.0
2022-08-02 09:30:00-04:00,71.0,71.0,69.11000061035156,69.37999725341797,57018,0.0,0.0
2022-08-02 10:30:00-04:00,69.3499984741211,69.61000061035156,69.1500015258789,69.56999969482422,25483,0.0,0.0
2022-08-02 11:30:00-04:00,69.63999938964844,69.85790252685547,69.42109680175781,69.62999725341797,15491,0.0,0.0
2022-08-02 12:30:00-04:00,69.74659729003906,69.8499984741211,69.16799926757812,69.1947021484375,23095,0.0,0.0
2022-08-02 13:30:00-04:00,69.16000366210938,69.48480224609375,69.05000305175781,69.13999938964844,79670,0.0,0.0
2022-08-02 14:30:00-04:00,69.09500122070312,69.19000244140625,68.75,69.18000030517578,41438,0.0,0.0
2022-08-02 15:30:00-04:00,69.22000122070312,69.375,68.81999969482422,68.97000122070312,56310,0.0,0.0
2022-08-03 09:30:00-04:00,69.48999786376953,69.77780151367188,69.07610321044922,69.49500274658203,43604,0.0,0.0
2022-08-03 10:30:00-04:00,69.48999786376953,69.97000122070312,69.3989028930664,69.97000122070312,24088,0.0,0.0
2022-08-03 11:30:00-04:00,69.94000244140625,70.44000244140625,69.72000122070312,70.16500091552734,32883,0.0,0.0
2022-08-03 12:30:00-04:00,70.13500213623047,70.27999877929688,69.92400360107422,70.27999877929688,23900,0.0,0.0
2022-08-03 13:30:00-04:00,70.2300033569336,70.6500015258789,69.93000030517578,70.5999984741211,29036,0.0,0.0
2022-08-03 14:30:00-04:00,70.5999984741211,70.77999877929688,70.19999694824219,70.22000122070312,30292,0.0,0.0
2022-08-03 15:30:00-04:00,70.19999694824219,70.27989959716797,69.80000305175781,69.87000274658203,73291,0.0,0.0
2022-08-04 09:30:00-04:00,65.0199966430664,66.0,58.65010070800781,58.869998931884766,620426,0.0,0.0
2022-08-04 10:30:00-04:00,58.875,59.79999923706055,56.380001068115234,56.43880081176758,356432,0.0,0.0
2022-08-04 11:30:00-04:00,56.349998474121094,58.34000015258789,55.77000045776367,57.540000915527344,262365,0.0,0.0
2022-08-04 12:30:00-04:00,57.540000915527344,57.810001373291016,55.31999969482422,55.52000045776367,224118,0.0,0.0
2022-08-04 13:30:00-04:00,55.52009963989258,56.130001068115234,54.79999923706055,56.130001068115234,232557,0.0,0.0
2022-08-04 14:30:00-04:00,56.2489013671875,57.02000045776367,55.70000076293945,56.45000076293945,219708,0.0,0.0
2022-08-04 15:30:00-04:00,56.380001068115234,56.83000183105469,55.91999816894531,56.33000183105469,349967,0.0,0.0
2022-08-05 09:30:00-04:00,55.2599983215332,57.15999984741211,55.0,56.880001068115234,118665,0.0,0.0
2022-08-05 10:30:00-04:00,56.86000061035156,57.29999923706055,55.779998779296875,55.95500183105469,71494,0.0,0.0
2022-08-05 11:30:00-04:00,56.029998779296875,56.540000915527344,55.849998474121094,55.869998931884766,41004,0.0,0.0
2022-08-05 12:30:00-04:00,55.8849983215332,56.060001373291016,55.54999923706055,55.54999923706055,72170,0.0,0.0
2022-08-05 13:30:00-04:00,55.57500076293945,55.91999816894531,55.42499923706055,55.560001373291016,48182,0.0,0.0
2022-08-05 14:30:00-04:00,55.560001373291016,56.08000183105469,55.349998474121094,56.0,69012,0.0,0.0
2022-08-05 15:30:00-04:00,55.9900016784668,56.150001525878906,55.900001525878906,55.970001220703125,142136,0.0,0.0
2022-08-08 09:30:00-04:00,55.880001068115234,56.709999084472656,55.23680114746094,56.380001068115234,110828,0.0,0.0
2022-08-08 10:30:00-04:00,56.3650016784668,56.52000045776367,56.0,56.11000061035156,55707,0.0,0.0
2022-08-08 11:30:00-04:00,56.099998474121094,56.900001525878906,56.0,56.5,62230,0.0,0.0
2022-08-08 12:30:00-04:00,56.56999969482422,56.80500030517578,56.52000045776367,56.529998779296875,27298,0.0,0.0
2022-08-08 13:30:00-04:00,56.5099983215332,56.689998626708984,55.869998931884766,55.869998931884766,33386,0.0,0.0
2022-08-08 14:30:00-04:00,55.81999969482422,55.84000015258789,55.025001525878906,55.560001373291016,100263,0.0,0.0
2022-08-08 15:30:00-04:00,55.5,55.7400016784668,55.220001220703125,55.22999954223633,113026,0.0,0.0
2022-08-09 09:30:00-04:00,55.04999923706055,55.5,54.41999816894531,55.040000915527344,72319,0.0,0.0
2022-08-09 10:30:00-04:00,55.03499984741211,55.224998474121094,54.619998931884766,54.9900016784668,68310,0.0,0.0
2022-08-09 11:30:00-04:00,54.9474983215332,55.15999984741211,54.689998626708984,55.03499984741211,49494,0.0,0.0
2022-08-09 12:30:00-04:00,54.9900016784668,55.20000076293945,54.790000915527344,55.185001373291016,47117,0.0,0.0
2022-08-09 13:30:00-04:00,55.18000030517578,55.7400016784668,55.18000030517578,55.5099983215332,23356,0.0,0.0
2022-08-09 14:30:00-04:00,55.5099983215332,55.689998626708984,55.04999923706055,55.09000015258789,30350,0.0,0.0
2022-08-09 15:30:00-04:00,55.06999969482422,55.27000045776367,54.709999084472656,54.81999969482422,102326,0.0,0.0
2022-08-10 09:30:00-04:00,55.20000076293945,56.619998931884766,55.189998626708984,56.040000915527344,74192,0.0,0.0
2022-08-10 10:30:00-04:00,56.09000015258789,56.349998474121094,56.0099983215332,56.13999938964844,40051,0.0,0.0
2022-08-10 11:30:00-04:00,56.125,56.2504997253418,55.959999084472656,56.060001373291016,25831,0.0,0.0
2022-08-10 12:30:00-04:00,56.07899856567383,56.439998626708984,55.994998931884766,56.07500076293945,32942,0.0,0.0
2022-08-10 13:30:00-04:00,56.060001373291016,56.09000015258789,55.279998779296875,55.279998779296875,23837,0.0,0.0
2022-08-10 14:30:00-04:00,55.27000045776367,55.439998626708984,55.15999984741211,55.40999984741211,33115,0.0,0.0
2022-08-10 15:30:00-04:00,55.380001068115234,55.439998626708984,55.15999984741211,55.16999816894531,50167,0.0,0.0
2022-08-11 09:30:00-04:00,55.220001220703125,55.400001525878906,54.45000076293945,54.76499938964844,96069,0.0,0.0
2022-08-11 10:30:00-04:00,54.755001068115234,55.34000015258789,54.67499923706055,54.9900016784668,56534,0.0,0.0
2022-08-11 11:30:00-04:00,54.81999969482422,55.275001525878906,54.779998779296875,54.91999816894531,22980,0.0,0.0
2022-08-11 12:30:00-04:00,54.90999984741211,54.95000076293945,54.65010070800781,54.86000061035156,32859,0.0,0.0
2022-08-11 13:30:00-04:00,54.88999938964844,54.88999938964844,54.65999984741211,54.779998779296875,28729,0.0,0.0
2022-08-11 14:30:00-04:00,54.77000045776367,54.779998779296875,54.16999816894531,54.45000076293945,54843,0.0,0.0
2022-08-11 15:30:00-04:00,54.439998626708984,54.66999816894531,54.40999984741211,54.56999969482422,83901,0.0,0.0
2022-08-12 09:30:00-04:00,54.900001525878906,55.130001068115234,54.4900016784668,54.654998779296875,25633,0.0,0.0
2022-08-12 10:30:00-04:00,54.619998931884766,55.04999923706055,54.2400016784668,55.04999923706055,23519,0.0,0.0
2022-08-12 11:30:00-04:00,54.97999954223633,55.400001525878906,54.790000915527344,55.255001068115234,26830,0.0,0.0
2022-08-12 12:30:00-04:00,55.33000183105469,55.738800048828125,55.33000183105469,55.400001525878906,20156,0.0,0.0
2022-08-12 13:30:00-04:00,55.3650016784668,55.900001525878906,55.3650016784668,55.73500061035156,32626,0.0,0.0
2022-08-12 14:30:00-04:00,55.7400016784668,56.22999954223633,55.70000076293945,56.189998626708984,40279,0.0,0.0
2022-08-12 15:30:00-04:00,56.150001525878906,56.20100021362305,55.61000061035156,55.72999954223633,70251,0.0,0.0
2022-08-15 09:30:00-04:00,55.279998779296875,55.779998779296875,55.029998779296875,55.71500015258789,28943,0.0,0.0
2022-08-15 10:30:00-04:00,55.790000915527344,56.345001220703125,55.65999984741211,55.83000183105469,19829,0.0,0.0
2022-08-15 11:30:00-04:00,55.72999954223633,56.099998474121094,55.72999954223633,55.939998626708984,19195,0.0,0.0
2022-08-15 12:30:00-04:00,56.02000045776367,56.459999084472656,55.959999084472656,56.33000183105469,28300,0.0,0.0
2022-08-15 13:30:00-04:00,56.310001373291016,56.56999969482422,56.28499984741211,56.56999969482422,22143,0.0,0.0
2022-08-15 14:30:00-04:00,56.630001068115234,56.720001220703125,56.5,56.60900115966797,29642,0.0,0.0
2022-08-15 15:30:00-04:00,56.58000183105469,56.64899826049805,56.31999969482422,56.38999938964844,61888,0.0,0.0
2022-08-16 09:30:00-04:00,56.34000015258789,56.599998474121094,55.58000183105469,56.20000076293945,24862,0.0,0.0
2022-08-16 10:30:00-04:00,56.02289962768555,56.064998626708984,55.744998931884766,55.90999984741211,15429,0.0,0.0
2022-08-16 11:30:00-04:00,55.93410110473633,56.09000015258789,55.77000045776367,56.040000915527344,14177,0.0,0.0
2022-08-16 12:30:00-04:00,56.04999923706055,56.119998931884766,55.709999084472656,56.0,17333,0.0,0.0
2022-08-16 13:30:00-04:00,55.92499923706055,56.290000915527344,55.92499923706055,56.25,16477,0.0,0.0
2022-08-16 14:30:00-04:00,56.27000045776367,56.310001373291016,55.84000015258789,56.060001373291016,27905,0.0,0.0
2022-08-16 15:30:00-04:00,56.0099983215332,56.0099983215332,55.72999954223633,55.9900016784668,40796,0.0,0.0
2022-08-17 09:30:00-04:00,55.72999954223633,55.72999954223633,55.25,55.66999816894531,20666,0.0,0.0
2022-08-17 10:30:00-04:00,55.65999984741211,55.65999984741211,55.21500015258789,55.439998626708984,21402,0.0,0.0
2022-08-17 11:30:00-04:00,55.31999969482422,55.369998931884766,55.08000183105469,55.369998931884766,11682,0.0,0.0
2022-08-17 12:30:00-04:00,55.38999938964844,55.470001220703125,55.29999923706055,55.380001068115234,9748,0.0,0.0
2022-08-17 13:30:00-04:00,55.400001525878906,55.619998931884766,55.22999954223633,55.2400016784668,29429,0.0,0.0
2022-08-17 14:30:00-04:00,55.33000183105469,55.650001525878906,55.31999969482422,55.41999816894531,20480,0.0,0.0
2022-08-17 15:30:00-04:00,55.459999084472656,55.599998474121094,55.34000015258789,55.560001373291016,37183,0.0,0.0
2022-08-18 09:30:00-04:00,55.7599983215332,56.15999984741211,55.68000030517578,56.02000045776367,18874,0.0,0.0
2022-08-18 10:30:00-04:00,56.04999923706055,56.130001068115234,55.790000915527344,56.099998474121094,20160,0.0,0.0
2022-08-18 11:30:00-04:00,56.06999969482422,56.11000061035156,55.83000183105469,55.83000183105469,21193,0.0,0.0
2022-08-18 12:30:00-04:00,55.86000061035156,56.345001220703125,55.79999923706055,56.310001373291016,22820,0.0,0.0
2022-08-18 13:30:00-04:00,56.290000915527344,56.43000030517578,56.182498931884766,56.38999938964844,16013,0.0,0.0
2022-08-18 14:30:00-04:00,56.36000061035156,56.61000061035156,56.36000061035156,56.505001068115234,23207,0.0,0.0
2022-08-18 15:30:00-04:00,56.505001068115234,56.63999938964844,56.36000061035156,56.45000076293945,44058,0.0,0.0
2022-08-19 09:30:00-04:00,56.209999084472656,56.51300048828125,55.959999084472656,56.4109992980957,25514,0.0,0.0
2022-08-19 10:30:00-04:00,56.5,56.91999816894531,56.40999984741211,56.66999816894531,18077,0.0,0.0
2022-08-19 11:30:00-04:00,56.59000015258789,57.095001220703125,56.459999084472656,57.0,25827,0.0,0.0
2022-08-19 12:30:00-04:00,57.02000045776367,57.380001068115234,57.02000045776367,57.34000015258789,27085,0.0,0.0
2022-08-19 13:30:00-04:00,57.25,57.36750030517578,56.65999984741211,56.94499969482422,33378,0.0,0.0
2022-08-19 14:30:00-04:00,56.97999954223633,57.06999969482422,56.619998931884766,56.849998474121094,22205,0.0,0.0
2022-08-19 15:30:00-04:00,56.82500076293945,57.27000045776367,56.650001525878906,57.189998626708984,57505,0.0,0.0
2022-08-22 09:30:00-04:00,56.54999923706055,56.9900016784668,56.27009963989258,56.540000915527344,39671,0.0,0.0
2022-08-22 10:30:00-04:00,56.56999969482422,57.08000183105469,56.56999969482422,57.0,14438,0.0,0.0
2022-08-22 11:30:00-04:00,56.9900016784668,57.04999923706055,56.58000183105469,56.66999816894531,14548,0.0,0.0
2022-08-22 12:30:00-04:00,56.560001373291016,56.66999816894531,56.290000915527344,56.334999084472656,29897,0.0,0.0
2022-08-22 13:30:00-04:00,56.33000183105469,56.47999954223633,56.25,56.34000015258789,16965,0.0,0.0
2022-08-22 14:30:00-04:00,56.32500076293945,56.3849983215332,56.099998474121094,56.099998474121094,17796,0.0,0.0
2022-08-22 15:30:00-04:00,56.150001525878906,56.25,56.0,56.25,49363,0.0,0.0
2022-08-23 09:30:00-04:00,56.189998626708984,56.9900016784668,56.06999969482422,56.06999969482422,25254,0.0,0.0
2022-08-23 10:30:00-04:00,56.099998474121094,56.40999984741211,55.869998931884766,56.0724983215332,16316,0.0,0.0
2022-08-23 11:30:00-04:00,56.06999969482422,56.16999816894531,55.96500015258789,56.119998931884766,26872,0.0,0.0
2022-08-23 12:30:00-04:00,56.119998931884766,57.95000076293945,56.0099983215332,57.650001525878906,225183,0.0,0.0
2022-08-23 13:30:00-04:00,57.689998626708984,57.97999954223633,57.38999938964844,57.6349983215332,41145,0.0,0.0
2022-08-23 14:30:00-04:00,57.589698791503906,57.6349983215332,56.849998474121094,56.88999938964844,61638,0.0,0.0
2022-08-23 15:30:00-04:00,56.849998474121094,57.0,56.470001220703125,56.5099983215332,84516,0.0,0.0
2022-08-24 09:30:00-04:00,56.5099983215332,56.5099983215332,55.38999938964844,56.290000915527344,57800,0.0,0.0
2022-08-24 10:30:00-04:00,56.220001220703125,56.43000030517578,56.07500076293945,56.310001373291016,21136,0.0,0.0
2022-08-24 11:30:00-04:00,56.36000061035156,56.4900016784668,55.84769821166992,56.03730010986328,20533,0.0,0.0
2022-08-24 12:30:00-04:00,56.04499816894531,56.119998931884766,55.8849983215332,55.95500183105469,16556,0.0,0.0
2022-08-24 13:30:00-04:00,55.939998626708984,56.130001068115234,55.89469909667969,56.130001068115234,12672,0.0,0.0
2022-08-24 14:30:00-04:00,56.15999984741211,56.33000183105469,56.06999969482422,56.16999816894531,21780,0.0,0.0
2022-08-24 15:30:00-04:00,56.220001220703125,56.380001068115234,55.97529983520508,56.349998474121094,49535,0.0,0.0
2022-08-25 09:30:00-04:00,56.0099983215332,56.79999923706055,56.0099983215332,56.709999084472656,37853,0.0,0.0
2022-08-25 10:30:00-04:00,56.720001220703125,56.83000183105469,56.45000076293945,56.58000183105469,9464,0.0,0.0
2022-08-25 11:30:00-04:00,56.7400016784668,57.029998779296875,56.65999984741211,56.95000076293945,16203,0.0,0.0
2022-08-25 12:30:00-04:00,56.97999954223633,57.220001220703125,56.849998474121094,57.1609992980957,20231,0.0,0.0
2022-08-25 13:30:00-04:00,57.16999816894531,57.349998474121094,56.970001220703125,57.349998474121094,24473,0.0,0.0
2022-08-25 14:30:00-04:00,57.380001068115234,57.470001220703125,56.880001068115234,57.0,26892,0.0,0.0
2022-08-25 15:30:00-04:00,57.0,57.130001068115234,56.89500045776367,57.08000183105469,42814,0.0,0.0
2022-08-26 09:30:00-04:00,57.029998779296875,57.599998474121094,56.470001220703125,56.59000015258789,27083,0.0,0.0
2022-08-26 10:30:00-04:00,56.52000045776367,56.77000045776367,56.04629898071289,56.09049987792969,21556,0.0,0.0
2022-08-26 11:30:00-04:00,56.081600189208984,56.31999969482422,55.779998779296875,55.97999954223633,20446,0.0,0.0
2022-08-26 12:30:00-04:00,55.9900016784668,56.290000915527344,55.819698333740234,56.279998779296875,10769,0.0,0.0
2022-08-26 13:30:00-04:00,56.39139938354492,56.39139938354492,56.040000915527344,56.25,14029,0.0,0.0
2022-08-26 14:30:00-04:00,56.25,56.589900970458984,56.0,56.20000076293945,26185,0.0,0.0
2022-08-26 15:30:00-04:00,56.16999816894531,56.439998626708984,56.04999923706055,56.209999084472656,44956,0.0,0.0
2022-08-29 09:30:00-04:00,56.2400016784668,56.720001220703125,54.81999969482422,54.81999969482422,52406,0.0,0.0
2022-08-29 10:30:00-04:00,54.70320129394531,54.880001068115234,54.47010040283203,54.79999923706055,18376,0.0,0.0
2022-08-29 11:30:00-04:00,54.91999816894531,55.16999816894531,54.66999816894531,55.064998626708984,23335,0.0,0.0
2022-08-29 12:30:00-04:00,55.0099983215332,55.28499984741211,54.8849983215332,55.11000061035156,13550,0.0,0.0
2022-08-29 13:30:00-04:00,55.06999969482422,55.310001373291016,54.869998931884766,54.94499969482422,17155,0.0,0.0
2022-08-29 14:30:00-04:00,55.04999923706055,55.099998474121094,54.63999938964844,54.689998626708984,18067,0.0,0.0
2022-08-29 15:30:00-04:00,54.68000030517578,54.880001068115234,54.650001525878906,54.86000061035156,54387,0.0,0.0
2022-08-30 09:30:00-04:00,54.560001373291016,55.04999923706055,54.54999923706055,55.0,31706,0.0,0.0
2022-08-30 10:30:00-04:00,55.0,55.43000030517578,54.75,55.43000030517578,11905,0.0,0.0
2022-08-30 11:30:00-04:00,55.4900016784668,55.63999938964844,55.29999923706055,55.415000915527344,15711,0.0,0.0
2022-08-30 12:30:00-04:00,55.42499923706055,55.42499923706055,54.869998931884766,54.880001068115234,11831,0.0,0.0
2022-08-30 13:30:00-04:00,54.790000915527344,55.04499816894531,54.63249969482422,55.03499984741211,24450,0.0,0.0
2022-08-30 14:30:00-04:00,55.08000183105469,55.59000015258789,54.91999816894531,55.41999816894531,47320,0.0,0.0
2022-08-30 15:30:00-04:00,55.435001373291016,55.70000076293945,55.189998626708984,55.34000015258789,99859,0.0,0.0
2022-08-31 09:30:00-04:00,55.290000915527344,55.400001525878906,54.540000915527344,54.70000076293945,21251,0.0,0.0
2022-08-31 10:30:00-04:00,54.75,55.06999969482422,54.08000183105469,54.43000030517578,43714,0.0,0.0
2022-08-31 11:30:00-04:00,54.369998931884766,54.68000030517578,54.209999084472656,54.439998626708984,19633,0.0,0.0
2022-08-31 12:30:00-04:00,54.45000076293945,54.63990020751953,54.45000076293945,54.599998474121094,19290,0.0,0.0
2022-08-31 13:30:00-04:00,54.505001068115234,54.68000030517578,54.06999969482422,54.369998931884766,33516,0.0,0.0
2022-08-31 14:30:00-04:00,54.31100082397461,54.63999938964844,53.779998779296875,54.630001068115234,41365,0.0,0.0
2022-08-31 15:30:00-04:00,54.540000915527344,54.72999954223633,54.3650016784668,54.720001220703125,83054,0.0,0.0
2022-09-01 09:30:00-04:00,54.22999954223633,54.44089889526367,52.83000183105469,53.40999984741211,72419,0.0,0.0
2022-09-01 10:30:00-04:00,53.40999984741211,53.65999984741211,53.15999984741211,53.45000076293945,67165,0.0,0.0
2022-09-01 11:30:00-04:00,53.47999954223633,53.880001068115234,53.45000076293945,53.76499938964844,19587,0.0,0.0
2022-09-01 12:30:00-04:00,53.775001525878906,53.95000076293945,53.5,53.93000030517578,18922,0.0,0.0
2022-09-01 13:30:00-04:00,53.88999938964844,54.165000915527344,53.81999969482422,53.9900016784668,20273,0.0,0.0
2022-09-01 14:30:00-04:00,53.91999816894531,54.02000045776367,53.63999938964844,53.68000030517578,20750,0.0,0.0
2022-09-01 15:30:00-04:00,53.7400016784668,53.9900016784668,53.599998474121094,53.93000030517578,58664,0.0,0.0
2022-09-02 09:30:00-04:00,54.22999954223633,54.939998626708984,53.439998626708984,54.189998626708984,54672,0.0,0.0
2022-09-02 10:30:00-04:00,54.28499984741211,54.494998931884766,54.20000076293945,54.279998779296875,21865,0.0,0.0
2022-09-02 11:30:00-04:00,54.22999954223633,54.31999969482422,53.84049987792969,53.93000030517578,10690,0.0,0.0
2022-09-02 12:30:00-04:00,53.88999938964844,53.900001525878906,53.560001373291016,53.62689971923828,17131,0.0,0.0
2022-09-02 13:30:00-04:00,53.66999816894531,53.90999984741211,53.59000015258789,53.79999923706055,16394,0.0,0.0
2022-09-02 14:30:00-04:00,53.7400016784668,53.84000015258789,53.54999923706055,53.70500183105469,25628,0.0,0.0
2022-09-02 15:30:00-04:00,53.619998931884766,53.63999938964844,53.38999938964844,53.47999954223633,35343,0.0,0.0
2022-09-06 09:30:00-04:00,53.27000045776367,53.529998779296875,52.4900016784668,52.875,62277,0.0,0.0
2022-09-06 10:30:00-04:00,52.90999984741211,53.244998931884766,52.779998779296875,53.20000076293945,39609,0.0,0.0
2022-09-06 11:30:00-04:00,53.209999084472656,53.68000030517578,52.869998931884766,53.0099983215332,48065,0.0,0.0
2022-09-06 12:30:00-04:00,52.994998931884766,53.220001220703125,52.717498779296875,52.849998474121094,21292,0.0,0.0
2022-09-06 13:30:00-04:00,52.970001220703125,53.040000915527344,52.779998779296875,52.869998931884766,23660,0.0,0.0
2022-09-06 14:30:00-04:00,52.849998474121094,53.040000915527344,52.47999954223633,53.0099983215332,65123,0.0,0.0
2022-09-06 15:30:00-04:00,53.0099983215332,53.060001373291016,52.86000061035156,52.91999816894531,74646,0.0,0.0
2022-09-07 09:30:00-04:00,52.63999938964844,53.33000183105469,52.5099983215332,52.80500030517578,17759,0.0,0.0
2022-09-07 10:30:00-04:00,52.86000061035156,53.13999938964844,52.650001525878906,52.70500183105469,18145,0.0,0.0
2022-09-07 11:30:00-04:00,52.7599983215332,52.959999084472656,52.599998474121094,52.724998474121094,16019,0.0,0.0
2022-09-07 12:30:00-04:00,52.75,52.81999969482422,52.68000030517578,52.7400016784668,31911,0.0,0.0
2022-09-07 13:30:00-04:00,52.790000915527344,52.84000015258789,52.709999084472656,52.709999084472656,25728,0.0,0.0
2022-09-07 14:30:00-04:00,52.599998474121094,52.79999923706055,52.38999938964844,52.630001068115234,41111,0.0,0.0
2022-09-07 15:30:00-04:00,52.56999969482422,52.63999938964844,52.34000015258789,52.4900016784668,61731,0.0,0.0
2022-09-08 09:30:00-04:00,52.22999954223633,52.439998626708984,52.0,52.33000183105469,38027,0.0,0.0
2022-09-08 10:30:00-04:00,52.435001373291016,52.6161994934082,52.22999954223633,52.22999954223633,22181,0.0,0.0
2022-09-08 11:30:00-04:00,52.290000915527344,52.349998474121094,51.959999084472656,52.060001373291016,35281,0.0,0.0
2022-09-08 12:30:00-04:00,52.15999984741211,52.29999923706055,52.0,52.189998626708984,37325,0.0,0.0
2022-09-08 13:30:00-04:00,52.220001220703125,52.43000030517578,52.130001068115234,52.15999984741211,20197,0.0,0.0
2022-09-08 14:30:00-04:00,52.119998931884766,52.290000915527344,52.012001037597656,52.279998779296875,26689,0.0,0.0
2022-09-08 15:30:00-04:00,52.2400016784668,52.36000061035156,52.11000061035156,52.16999816894531,62939,0.0,0.0
2022-09-09 09:30:00-04:00,52.619998931884766,52.85810089111328,52.320098876953125,52.599998474121094,34909,0.0,0.0
2022-09-09 10:30:00-04:00,52.4900016784668,52.625,52.20000076293945,52.625,22152,0.0,0.0
2022-09-09 11:30:00-04:00,52.56010055541992,52.73910140991211,52.5,52.650001525878906,30296,0.0,0.0
2022-09-09 12:30:00-04:00,52.650001525878906,52.650001525878906,52.41999816894531,52.4900016784668,13005,0.0,0.0
2022-09-09 13:30:00-04:00,52.5,52.59000015258789,52.220001220703125,52.54999923706055,15787,0.0,0.0
2022-09-09 14:30:00-04:00,52.54999923706055,52.619998931884766,52.279998779296875,52.35499954223633,9070,0.0,0.0
2022-09-09 15:30:00-04:00,52.35499954223633,52.5,52.279998779296875,52.5,43577,0.0,0.0
2022-09-12 09:30:00-04:00,52.79999923706055,53.38999938964844,52.349998474121094,53.36000061035156,18293,0.0,0.0
2022-09-12 10:30:00-04:00,53.369998931884766,53.41999816894531,52.630001068115234,52.630001068115234,31246,0.0,0.0
2022-09-12 11:30:00-04:00,52.599998474121094,52.599998474121094,52.25,52.400001525878906,11437,0.0,0.0
2022-09-12 12:30:00-04:00,52.41999816894531,52.4900016784668,52.31999969482422,52.380001068115234,16221,0.0,0.0
2022-09-12 13:30:00-04:00,52.505001068115234,52.53960037231445,52.310001373291016,52.310001373291016,13329,0.0,0.0
2022-09-12 14:30:00-04:00,52.34000015258789,52.44499969482422,52.15999984741211,52.25,23789,0.0,0.0
2022-09-12 15:30:00-04:00,52.220001220703125,52.2599983215332,51.880001068115234,51.90999984741211,132238,0.0,0.0
2022-09-13 09:30:00-04:00,51.599998474121094,52.2400016784668,51.398399353027344,51.8650016784668,28603,0.0,0.0
2022-09-13 10:30:00-04:00,51.880001068115234,51.91600036621094,51.540000915527344,51.65999984741211,24296,0.0,0.0
2022-09-13 11:30:00-04:00,51.65169906616211,51.68000030517578,51.5,51.58000183105469,19873,0.0,0.0
2022-09-13 12:30:00-04:00,51.52000045776367,51.79999923706055,51.38999938964844,51.64500045776367,30799,0.0,0.0
2022-09-13 13:30:00-04:00,51.630001068115234,51.73540115356445,51.459999084472656,51.63990020751953,29004,0.0,0.0
2022-09-13 14:30:00-04:00,51.61000061035156,51.619998931884766,51.189998626708984,51.369998931884766,33968,0.0,0.0
2022-09-13 15:30:00-04:00,51.349998474121094,51.599998474121094,51.2400016784668,51.599998474121094,66775,0.0,0.0
2022-09-14 09:30:00-04:00,51.7599983215332,51.820701599121094,50.689998626708984,50.7400016784668,26032,0.0,0.0
2022-09-14 10:30:00-04:00,50.779998779296875,51.16999816894531,50.689998626708984,51.040000915527344,75524,0.0,0.0
2022-09-14 11:30:00-04:00,51.029998779296875,51.249900817871094,51.0,51.119998931884766,27251,0.0,0.0
2022-09-14 12:30:00-04:00,51.130001068115234,51.25,51.0,51.09000015258789,18385,0.0,0.0
2022-09-14 13:30:00-04:00,51.06999969482422,51.119998931884766,50.58879852294922,50.65999984741211,18986,0.0,0.0
2022-09-14 14:30:00-04:00,50.7400016784668,50.88999938964844,50.459999084472656,50.79999923706055,50922,0.0,0.0
2022-09-14 15:30:00-04:00,50.77000045776367,51.099998474121094,50.650001525878906,51.06999969482422,75811,0.0,0.0
2022-09-15 09:30:00-04:00,50.810001373291016,51.20000076293945,50.810001373291016,51.0,31176,0.0,0.0
2022-09-15 10:30:00-04:00,51.029998779296875,51.13999938964844,50.959999084472656,51.04999923706055,21610,0.0,0.0
2022-09-15 11:30:00-04:00,51.02000045776367,51.099998474121094,50.845001220703125,50.862701416015625,25991,0.0,0.0
2022-09-15 12:30:00-04:00,50.81999969482422,50.93000030517578,50.63999938964844,50.900001525878906,18773,0.0,0.0
2022-09-15 13:30:00-04:00,50.91999816894531,50.91999816894531,50.459999084472656,50.47999954223633,12292,0.0,0.0
2022-09-15 14:30:00-04:00,50.5,50.689998626708984,50.29999923706055,50.5,31063,0.0,0.0
2022-09-15 15:30:00-04:00,50.45000076293945,50.70000076293945,50.45000076293945,50.650001525878906,38795,0.0,0.0
2022-09-16 09:30:00-04:00,50.63999938964844,51.0099983215332,49.63999938964844,50.86000061035156,81301,0.0,0.0
2022-09-16 10:30:00-04:00,50.834999084472656,51.04499816894531,50.48500061035156,50.6349983215332,27855,0.0,0.0
2022-09-16 11:30:00-04:00,50.625,50.70000076293945,50.2599983215332,50.38999938964844,47122,0.0,0.0
2022-09-16 12:30:00-04:00,50.380001068115234,50.595001220703125,50.18000030517578,50.18000030517578,28360,0.0,0.0
2022-09-16 13:30:00-04:00,50.22999954223633,50.244998931884766,49.9900016784668,50.099998474121094,46414,0.0,0.0
2022-09-16 14:30:00-04:00,50.139198303222656,50.31999969482422,50.04999923706055,50.119998931884766,48432,0.0,0.0
2022-09-16 15:30:00-04:00,50.119998931884766,50.13999938964844,49.540000915527344,49.93000030517578,112174,0.0,0.0
2022-09-19 09:30:00-04:00,49.72999954223633,51.0,49.72999954223633,50.72999954223633,37549,0.0,0.0
2022-09-19 10:30:00-04:00,50.584999084472656,50.584999084472656,49.59000015258789,49.59000015258789,20960,0.0,0.0
2022-09-19 11:30:00-04:00,49.6349983215332,49.720001220703125,49.560001373291016,49.58000183105469,23024,0.0,0.0
2022-09-19 12:30:00-04:00,49.58000183105469,49.875,49.58000183105469,49.875,18041,0.0,0.0
2022-09-19 13:30:00-04:00,49.84000015258789,49.84000015258789,49.70000076293945,49.81999969482422,25788,0.0,0.0
2022-09-19 14:30:00-04:00,49.83000183105469,50.08000183105469,49.814998626708984,50.040000915527344,27436,0.0,0.0
2022-09-19 15:30:00-04:00,50.040000915527344,50.13999938964844,49.96500015258789,50.08000183105469,48833,0.0,0.0
2022-09-20 09:30:00-04:00,49.810001373291016,49.961299896240234,49.2599983215332,49.505001068115234,49896,0.0,0.0
2022-09-20 10:30:00-04:00,49.5,49.779998779296875,49.380001068115234,49.63359832763672,82059,0.0,0.0
2022-09-20 11:30:00-04:00,49.599998474121094,49.625,49.16999816894531,49.16999816894531,47173,0.0,0.0
2022-09-20 12:30:00-04:00,49.165000915527344,49.36940002441406,48.915000915527344,49.064998626708984,12978,0.0,0.0
2022-09-20 13:30:00-04:00,49.05500030517578,49.17499923706055,49.0,49.13999938964844,27791,0.0,0.0
2022-09-20 14:30:00-04:00,49.099998474121094,49.189998626708984,49.040000915527344,49.11000061035156,16252,0.0,0.0
2022-09-20 15:30:00-04:00,49.099998474121094,49.41999816894531,49.029998779296875,49.349998474121094,43123,0.0,0.0
2022-09-21 09:30:00-04:00,49.790000915527344,49.88990020751953,49.5,49.869998931884766,30505,0.0,0.0
2022-09-21 10:30:00-04:00,49.790000915527344,50.1150016784668,49.78499984741211,49.970001220703125,26558,0.0,0.0
2022-09-21 11:30:00-04:00,50.01390075683594,50.220001220703125,49.97999954223633,50.04999923706055,12586,0.0,0.0
2022-09-21 12:30:00-04:00,50.04999923706055,50.290000915527344,50.04499816894531,50.05500030517578,12818,0.0,0.0
2022-09-21 13:30:00-04:00,50.060001373291016,50.25,49.849998474121094,49.96500015258789,28895,0.0,0.0
2022-09-21 14:30:00-04:00,49.939998626708984,50.33000183105469,49.8849983215332,49.89500045776367,39597,0.0,0.0
2022-09-21 15:30:00-04:00,49.900001525878906,49.900001525878906,49.47999954223633,49.63999938964844,73437,0.0,0.0
2022-09-22 09:30:00-04:00,49.65999984741211,49.99169921875,49.28010177612305,49.310001373291016,36877,0.0,0.0
2022-09-22 10:30:00-04:00,49.380001068115234,49.45000076293945,48.810001373291016,48.81999969482422,32179,0.0,0.0
2022-09-22 11:30:00-04:00,48.77000045776367,48.96500015258789,48.70000076293945,48.849998474121094,35891,0.0,0.0
2022-09-22 12:30:00-04:00,48.81999969482422,48.849998474121094,48.39500045776367,48.779998779296875,29763,0.0,0.0
2022-09-22 13:30:00-04:00,48.77000045776367,49.02000045776367,48.720001220703125,49.0099983215332,32372,0.0,0.0
2022-09-22 14:30:00-04:00,49.0,49.1150016784668,48.970001220703125,49.06999969482422,22301,0.0,0.0
2022-09-22 15:30:00-04:00,49.06999969482422,49.290000915527344,49.06999969482422,49.20000076293945,39299,0.0,0.0
2022-09-23 09:30:00-04:00,48.61000061035156,49.0,48.45439910888672,48.61000061035156,35831,0.0,0.0
2022-09-23 10:30:00-04:00,48.68000030517578,48.869998931884766,48.33000183105469,48.869998931884766,26210,0.0,0.0
2022-09-23 11:30:00-04:00,48.83000183105469,48.83000183105469,48.41999816894531,48.41999816894531,20988,0.0,0.0
2022-09-23 12:30:00-04:00,48.41999816894531,48.59000015258789,48.11000061035156,48.36000061035156,41049,0.0,0.0
2022-09-23 13:30:00-04:00,48.349998474121094,48.5,48.15999984741211,48.15999984741211,60657,0.0,0.0
2022-09-23 14:30:00-04:00,48.1349983215332,48.38999938964844,47.9900016784668,48.32500076293945,25465,0.0,0.0
2022-09-23 15:30:00-04:00,48.36000061035156,48.88999938964844,48.34000015258789,48.849998474121094,87047,0.0,0.0
2022-09-26 09:30:00-04:00,48.20000076293945,48.689998626708984,47.880001068115234,48.63999938964844,33591,0.0,0.0
2022-09-26 10:30:00-04:00,48.56999969482422,48.56999969482422,48.08000183105469,48.130001068115234,19006,0.0,0.0
2022-09-26 11:30:00-04:00,48.18000030517578,48.2400016784668,47.9900016784668,48.040000915527344,21029,0.0,0.0
2022-09-26 12:30:00-04:00,47.98500061035156,48.08000183105469,47.31999969482422,47.33000183105469,40151,0.0,0.0
2022-09-26 13:30:00-04:00,47.375,47.52000045776367,47.0,47.119998931884766,137800,0.0,0.0
2022-09-26 14:30:00-04:00,47.189998626708984,47.419898986816406,47.040000915527344,47.38999938964844,31499,0.0,0.0
2022-09-26 15:30:00-04:00,47.34000015258789,47.459999084472656,47.22999954223633,47.27000045776367,86206,0.0,0.0
2022-09-27 09:30:00-04:00,47.33000183105469,47.685001373291016,47.250099182128906,47.61000061035156,59341,0.0,0.0
2022-09-27 10:30:00-04:00,47.61000061035156,47.88999938964844,47.529998779296875,47.529998779296875,27709,0.0,0.0
2022-09-27 11:30:00-04:00,47.54499816894531,47.59000015258789,46.689998626708984,46.7599983215332,32739,0.0,0.0
2022-09-27 12:30:00-04:00,46.720001220703125,47.06999969482422,46.630001068115234,47.06999969482422,29391,0.0,0.0
2022-09-27 13:30:00-04:00,47.040000915527344,47.21549987792969,46.86000061035156,46.90999984741211,81825,0.0,0.0
2022-09-27 14:30:00-04:00,46.904998779296875,47.209999084472656,46.904998779296875,47.10499954223633,34232,0.0,0.0
2022-09-27 15:30:00-04:00,47.119998931884766,47.220001220703125,46.939998626708984,46.939998626708984,105508,0.0,0.0
2022-09-28 09:30:00-04:00,47.2599983215332,47.3849983215332,46.540000915527344,46.81999969482422,35864,0.0,0.0
2022-09-28 10:30:00-04:00,46.869998931884766,47.34000015258789,46.869998931884766,47.08000183105469,27859,0.0,0.0
2022-09-28 11:30:00-04:00,47.029998779296875,47.29999923706055,46.9900016784668,47.15999984741211,29446,0.0,0.0
2022-09-28 12:30:00-04:00,47.11000061035156,47.18000030517578,47.02000045776367,47.16999816894531,15102,0.0,0.0
2022-09-28 13:30:00-04:00,47.20000076293945,47.33000183105469,46.93000030517578,46.93000030517578,17349,0.0,0.0
2022-09-28 14:30:00-04:00,47.0099983215332,47.15999984741211,46.90999984741211,46.959999084472656,21741,0.0,0.0
2022-09-28 15:30:00-04:00,46.95000076293945,47.029998779296875,46.650001525878906,46.66999816894531,47574,0.0,0.0
2022-09-29 09:30:00-04:00,46.20000076293945,46.29999923706055,45.12009811401367,45.43000030517578,75948,0.0,0.0
2022-09-29 10:30:00-04:00,45.380001068115234,46.310001373291016,45.380001068115234,46.029998779296875,37262,0.0,0.0
2022-09-29 11:30:00-04:00,46.09000015258789,46.38990020751953,46.005001068115234,46.119998931884766,38468,0.0,0.0
2022-09-29 12:30:00-04:00,46.189998626708984,46.22999954223633,45.959999084472656,46.060001373291016,18842,0.0,0.0
2022-09-29 13:30:00-04:00,46.060001373291016,46.2599983215332,46.04999923706055,46.150001525878906,24445,0.0,0.0
2022-09-29 14:30:00-04:00,46.1349983215332,46.15999984741211,45.95500183105469,46.125,14688,0.0,0.0
2022-09-29 15:30:00-04:00,46.119998931884766,46.459999084472656,46.119998931884766,46.369998931884766,101067,0.0,0.0
2022-09-30 09:30:00-04:00,46.58000183105469,46.720001220703125,46.02000045776367,46.07500076293945,34545,0.0,0.0
2022-09-30 10:30:00-04:00,46.11000061035156,46.349998474121094,46.11000061035156,46.20000076293945,11048,0.0,0.0
2022-09-30 11:30:00-04:00,46.220001220703125,46.220001220703125,45.86000061035156,45.935001373291016,24109,0.0,0.0
2022-09-30 12:30:00-04:00,45.97999954223633,46.31999969482422,45.95930099487305,46.31999969482422,19738,0.0,0.0
2022-09-30 13:30:00-04:00,46.310001373291016,46.310001373291016,45.86000061035156,45.86000061035156,22626,0.0,0.0
2022-09-30 14:30:00-04:00,45.89500045776367,45.89500045776367,45.470001220703125,45.619998931884766,23388,0.0,0.0
2022-09-30 15:30:00-04:00,45.66999816894531,45.68000030517578,45.41999816894531,45.4900016784668,45043,0.0,0.0
2022-10-03 09:30:00-04:00,45.779998779296875,47.029998779296875,45.650001525878906,47.0099983215332,28021,0.0,0.0
2022-10-03 10:30:00-04:00,46.94499969482422,46.9900016784668,46.70000076293945,46.974998474121094,23113,0.0,0.0
2022-10-03 11:30:00-04:00,47.02000045776367,47.27000045776367,47.0,47.2400016784668,22474,0.0,0.0
2022-10-03 12:30:00-04:00,47.220001220703125,47.310001373291016,47.150001525878906,47.2599983215332,15245,0.0,0.0
2022-10-03 13:30:00-04:00,47.22999954223633,47.22999954223633,47.0,47.125,16200,0.0,0.0
2022-10-03 14:30:00-04:00,47.11000061035156,47.17340087890625,46.95000076293945,46.95000076293945,28429,0.0,0.0
2022-10-03 15:30:00-04:00,46.95000076293945,46.959999084472656,46.83000183105469,46.86000061035156,45829,0.0,0.0
2022-10-04 09:30:00-04:00,47.279998779296875,48.06999969482422,47.279998779296875,47.665000915527344,29094,0.0,0.0
2022-10-04 10:30:00-04:00,47.7400016784668,47.959999084472656,47.73500061035156,47.959999084472656,11500,0.0,0.0
2022-10-04 11:30:00-04:00,47.97999954223633,47.9900016784668,47.7599983215332,47.79999923706055,13560,0.0,0.0
2022-10-04 12:30:00-04:00,47.75,47.834999084472656,47.29999923706055,47.3849983215332,12709,0.0,0.0
2022-10-04 13:30:00-04:00,47.43000030517578,47.56999969482422,47.310001373291016,47.310001373291016,23568,0.0,0.0
2022-10-04 14:30:00-04:00,47.36000061035156,47.54999923706055,47.31999969482422,47.47999954223633,15391,0.0,0.0
2022-10-04 15:30:00-04:00,47.474998474121094,47.709999084472656,47.40999984741211,47.66999816894531,35777,0.0,0.0
2022-10-05 09:30:00-04:00,47.15999984741211,47.59000015258789,46.540000915527344,46.880001068115234,21178,0.0,0.0
2022-10-05 10:30:00-04:00,46.81999969482422,46.94499969482422,46.685001373291016,46.7599983215332,7681,0.0,0.0
2022-10-05 11:30:00-04:00,46.83000183105469,47.0099983215332,46.79999923706055,46.970001220703125,11233,0.0,0.0
2022-10-05 12:30:00-04:00,46.970001220703125,47.09000015258789,46.779998779296875,46.97999954223633,34166,0.0,0.0
2022-10-05 13:30:00-04:00,46.98500061035156,47.459999084472656,46.970001220703125,47.45000076293945,20614,0.0,0.0
2022-10-05 14:30:00-04:00,47.47999954223633,47.560001373291016,47.41999816894531,47.560001373291016,15520,0.0,0.0
2022-10-05 15:30:00-04:00,47.540000915527344,47.755001068115234,47.529998779296875,47.540000915527344,35135,0.0,0.0
2022-10-06 09:30:00-04:00,47.290000915527344,47.41999816894531,46.790000915527344,46.790000915527344,17403,0.0,0.0
2022-10-06 10:30:00-04:00,46.720001220703125,46.849998474121094,46.599998474121094,46.599998474121094,12023,0.0,0.0
2022-10-06 11:30:00-04:00,46.58000183105469,46.8650016784668,46.470001220703125,46.619998931884766,12069,0.0,0.0
2022-10-06 12:30:00-04:00,46.599998474121094,46.599998474121094,46.40999984741211,46.474998474121094,11173,0.0,0.0
2022-10-06 13:30:00-04:00,46.459999084472656,46.459999084472656,46.230098724365234,46.310001373291016,130227,0.0,0.0
2022-10-06 14:30:00-04:00,46.310001373291016,46.31999969482422,45.650001525878906,45.91999816894531,36085,0.0,0.0
2022-10-06 15:30:00-04:00,46.040000915527344,46.29999923706055,45.86000061035156,46.2599983215332,53155,0.0,0.0
2022-10-07 09:30:00-04:00,46.150001525878906,46.41999816894531,45.75,46.0,20488,0.0,0.0
2022-10-07 10:30:00-04:00,45.91999816894531,45.970001220703125,45.73500061035156,45.73500061035156,7100,0.0,0.0
2022-10-07 11:30:00-04:00,45.66999816894531,45.880001068115234,45.66999816894531,45.81999969482422,11376,0.0,0.0
2022-10-07 12:30:00-04:00,45.869998931884766,45.90999984741211,45.79999923706055,45.90999984741211,5108,0.0,0.0
2022-10-07 13:30:00-04:00,45.93000030517578,45.994998931884766,45.834999084472656,45.834999084472656,8965,0.0,0.0
2022-10-07 14:30:00-04:00,45.84000015258789,46.0,45.790000915527344,45.869998931884766,19051,0.0,0.0
2022-10-07 15:30:00-04:00,45.849998474121094,46.20000076293945,45.84000015258789,46.0099983215332,41670,0.0,0.0
2022-10-10 09:30:00-04:00,46.2400016784668,46.654998779296875,45.849998474121094,46.05799865722656,18013,0.0,0.0
2022-10-10 10:30:00-04:00,46.029998779296875,46.5099983215332,45.970001220703125,46.290000915527344,21424,0.0,0.0
2022-10-10 11:30:00-04:00,46.290000915527344,46.5,46.1150016784668,46.1150016784668,16241,0.0,0.0
2022-10-10 12:30:00-04:00,46.09000015258789,46.15999984741211,45.959999084472656,46.15999984741211,13706,0.0,0.0
2022-10-10 13:30:00-04:00,46.16999816894531,46.40999984741211,45.9900016784668,45.9900016784668,22539,0.0,0.0
2022-10-10 14:30:00-04:00,45.97999954223633,46.20000076293945,45.921199798583984,46.18000030517578,25692,0.0,0.0
2022-10-10 15:30:00-04:00,46.18899917602539,46.27399826049805,46.13999938964844,46.150001525878906,34764,0.0,0.0
2022-10-11 09:30:00-04:00,46.2400016784668,46.650001525878906,45.84000015258789,46.650001525878906,25723,0.0,0.0
2022-10-11 10:30:00-04:00,46.619998931884766,46.94860076904297,46.540000915527344,46.93000030517578,18715,0.0,0.0
2022-10-11 11:30:00-04:00,47.0,47.5,47.0,47.33000183105469,27223,0.0,0.0
2022-10-11 12:30:00-04:00,47.369998931884766,47.470001220703125,47.2599983215332,47.33000183105469,18083,0.0,0.0
2022-10-11 13:30:00-04:00,47.34000015258789,47.439998626708984,47.2599983215332,47.279998779296875,15989,0.0,0.0
2022-10-11 14:30:00-04:00,47.33000183105469,47.380001068115234,46.63999938964844,46.790000915527344,20212,0.0,0.0
2022-10-11 15:30:00-04:00,46.83000183105469,46.900001525878906,46.63999938964844,46.755001068115234,40749,0.0,0.0
2022-10-12 09:30:00-04:00,46.5,46.84000015258789,46.34000015258789,46.560001373291016,28281,0.0,0.0
2022-10-12 10:30:00-04:00,46.599998474121094,46.88999938964844,46.494998931884766,46.779998779296875,11337,0.0,0.0
2022-10-12 11:30:00-04:00,46.82500076293945,47.2400016784668,46.80500030517578,47.220001220703125,13106,0.0,0.0
2022-10-12 12:30:00-04:00,47.20500183105469,47.34000015258789,47.16999816894531,47.279998779296875,29653,0.0,0.0
2022-10-12 13:30:00-04:00,47.20000076293945,47.31999969482422,47.07500076293945,47.31999969482422,11928,0.0,0.0
2022-10-12 14:30:00-04:00,47.25,47.310001373291016,47.130001068115234,47.220001220703125,12205,0.0,0.0
2022-10-12 15:30:00-04:00,47.2599983215332,47.31999969482422,47.15999984741211,47.15999984741211,34134,0.0,0.0
2022-10-13 09:30:00-04:00,46.90999984741211,47.70000076293945,46.68000030517578,47.45000076293945,23078,0.0,0.0
2022-10-13 10:30:00-04:00,47.369998931884766,48.34000015258789,47.369998931884766,48.29999923706055,15293,0.0,0.0
2022-10-13 11:30:00-04:00,48.369998931884766,48.68000030517578,48.13999938964844,48.13999938964844,16659,0.0,0.0
2022-10-13 12:30:00-04:00,48.099998474121094,48.44499969482422,48.064998626708984,48.44499969482422,19643,0.0,0.0
2022-10-13 13:30:00-04:00,48.40999984741211,48.4474983215332,48.040000915527344,48.060001373291016,24650,0.0,0.0
2022-10-13 14:30:00-04:00,48.060001373291016,48.209999084472656,47.95500183105469,48.04999923706055,23453,0.0,0.0
2022-10-13 15:30:00-04:00,48.08000183105469,48.11000061035156,47.744998931884766,47.7599983215332,41449,0.0,0.0
2022-10-14 09:30:00-04:00,47.709999084472656,47.79999923706055,47.31999969482422,47.34000015258789,24983,0.0,0.0
2022-10-14 10:30:00-04:00,47.43000030517578,47.59000015258789,47.380001068115234,47.52000045776367,11905,0.0,0.0
2022-10-14 11:30:00-04:00,47.45000076293945,47.45000076293945,47.099998474121094,47.2599983215332,11808,0.0,0.0
2022-10-14 12:30:00-04:00,47.279998779296875,47.435001373291016,47.130001068115234,47.130001068115234,9266,0.0,0.0
2022-10-14 13:30:00-04:00,47.125,47.189998626708984,47.02000045776367,47.040000915527344,11490,0.0,0.0
2022-10-14 14:30:00-04:00,46.970001220703125,47.189998626708984,46.93000030517578,47.189998626708984,16781,0.0,0.0
2022-10-14 15:30:00-04:00,47.209999084472656,47.27000045776367,46.93000030517578,47.029998779296875,33967,0.0,0.0
2022-10-17 09:30:00-04:00,47.540000915527344,48.01499938964844,46.84000015258789,47.11000061035156,33119,0.0,0.0
2022-10-17 10:30:00-04:00,47.099998474121094,47.099998474121094,46.38999938964844,47.03499984741211,31182,0.0,0.0
2022-10-17 11:30:00-04:00,46.9900016784668,47.18000030517578,46.959999084472656,47.0,17671,0.0,0.0
2022-10-17 12:30:00-04:00,47.04990005493164,47.16999816894531,46.92499923706055,47.0,22263,0.0,0.0
2022-10-17 13:30:00-04:00,47.019500732421875,47.02000045776367,46.61149978637695,46.665000915527344,30937,0.0,0.0
2022-10-17 14:30:00-04:00,46.68000030517578,46.72999954223633,46.439998626708984,46.53499984741211,51080,0.0,0.0
2022-10-17 15:30:00-04:00,46.56999969482422,46.650001525878906,46.5,46.58000183105469,48534,0.0,0.0
2022-10-18 09:30:00-04:00,47.02000045776367,48.189998626708984,47.02000045776367,47.2400016784668,26956,0.0,0.0
2022-10-18 10:30:00-04:00,47.22999954223633,47.529998779296875,47.16999816894531,47.33000183105469,14269,0.0,0.0
2022-10-18 11:30:00-04:00,47.279998779296875,47.43000030517578,47.23099899291992,47.282901763916016,12434,0.0,0.0
2022-10-18 12:30:00-04:00,47.22999954223633,47.279998779296875,47.005001068115234,47.04999923706055,13765,0.0,0.0
2022-10-18 13:30:00-04:00,47.06999969482422,47.290000915527344,47.06999969482422,47.15999984741211,14889,0.0,0.0
2022-10-18 14:30:00-04:00,47.150001525878906,47.150001525878906,46.40999984741211,46.470001220703125,29929,0.0,0.0
2022-10-18 15:30:00-04:00,46.5,46.560001373291016,46.244998931884766,46.400001525878906,86999,0.0,0.0
2022-10-19 09:30:00-04:00,46.060001373291016,46.546600341796875,45.76620101928711,46.400001525878906,25171,0.0,0.0
2022-10-19 10:30:00-04:00,46.40589904785156,46.40589904785156,45.349998474121094,45.619998931884766,145463,0.0,0.0
2022-10-19 11:30:00-04:00,45.650001525878906,45.85499954223633,45.53499984741211,45.68000030517578,14240,0.0,0.0
2022-10-19 12:30:00-04:00,45.650001525878906,45.779998779296875,45.584999084472656,45.709999084472656,74179,0.0,0.0
2022-10-19 13:30:00-04:00,45.70000076293945,46.07500076293945,45.61000061035156,45.936500549316406,22559,0.0,0.0
2022-10-19 14:30:00-04:00,45.95500183105469,46.060001373291016,45.95500183105469,46.01499938964844,14870,0.0,0.0
2022-10-19 15:30:00-04:00,46.01499938964844,46.20000076293945,46.01499938964844,46.189998626708984,53877,0.0,0.0
2022-10-20 09:30:00-04:00,46.189998626708984,46.40999984741211,45.79999923706055,46.08000183105469,35836,0.0,0.0
2022-10-20 10:30:00-04:00,46.06999969482422,46.06999969482422,45.5099983215332,45.689998626708984,21370,0.0,0.0
2022-10-20 11:30:00-04:00,45.744998931884766,46.060001373291016,45.400001525878906,45.40999984741211,42641,0.0,0.0
2022-10-20 12:30:00-04:00,45.369998931884766,45.369998931884766,44.970001220703125,45.08000183105469,17804,0.0,0.0
2022-10-20 13:30:00-04:00,45.150001525878906,45.349998474121094,45.0,45.0,44165,0.0,0.0
2022-10-20 14:30:00-04:00,45.04999923706055,45.11000061035156,44.95000076293945,45.029998779296875,41367,0.0,0.0
2022-10-20 15:30:00-04:00,45.040000915527344,45.209999084472656,45.0,45.040000915527344,46923,0.0,0.0
2022-10-21 09:30:00-04:00,45.16999816894531,45.540000915527344,44.900001525878906,44.970001220703125,20489,0.0,0.0
2022-10-21 10:30:00-04:00,44.96500015258789,45.25270080566406,44.775001525878906,44.915000915527344,19965,0.0,0.0
2022-10-21 11:30:00-04:00,44.97999954223633,45.474998474121094,44.97999954223633,45.415000915527344,20342,0.0,0.0
2022-10-21 12:30:00-04:00,45.415000915527344,45.869998931884766,45.349998474121094,45.80500030517578,14313,0.0,0.0
2022-10-21 13:30:00-04:00,45.83000183105469,45.959999084472656,45.630001068115234,45.904998779296875,23701,0.0,0.0
2022-10-21 14:30:00-04:00,45.94499969482422,46.119998931884766,45.7599983215332,46.084999084472656,21180,0.0,0.0
2022-10-21 15:30:00-04:00,46.040000915527344,46.11000061035156,45.96500015258789,46.029998779296875,57289,0.0,0.0
2022-10-24 09:30:00-04:00,46.27000045776367,46.9900016784668,46.040000915527344,46.63999938964844,20419,0.0,0.0
2022-10-24 10:30:00-04:00,46.68000030517578,46.970001220703125,46.68000030517578,46.88999938964844,20420,0.0,0.0
2022-10-24 11:30:00-04:00,46.97999954223633,47.209999084472656,46.974998474121094,47.150001525878906,15375,0.0,0.0
2022-10-24 12:30:00-04:00,47.119998931884766,47.2599983215332,47.04999923706055,47.06999969482422,16278,0.0,0.0
2022-10-24 13:30:00-04:00,47.099998474121094,47.1150016784668,46.97999954223633,47.040000915527344,19345,0.0,0.0
2022-10-24 14:30:00-04:00,47.09000015258789,47.11000061035156,46.9900016784668,47.04999923706055,18128,0.0,0.0
2022-10-24 15:30:00-04:00,47.04999923706055,47.130001068115234,46.97999954223633,47.0,51552,0.0,0.0
2022-10-25 09:30:00-04:00,47.15999984741211,48.290000915527344,47.15999984741211,48.290000915527344,16917,0.0,0.0
2022-10-25 10:30:00-04:00,48.279998779296875,49.0099983215332,48.279998779296875,48.83000183105469,29667,0.0,0.0
2022-10-25 11:30:00-04:00,48.75,49.13999938964844,48.709999084472656,48.88999938964844,24459,0.0,0.0
2022-10-25 12:30:00-04:00,48.959999084472656,49.0,48.82500076293945,48.869998931884766,12652,0.0,0.0
2022-10-25 13:30:00-04:00,48.85499954223633,48.85499954223633,48.564998626708984,48.56999969482422,10197,0.0,0.0
2022-10-25 14:30:00-04:00,48.540000915527344,48.68000030517578,48.334999084472656,48.68000030517578,21821,0.0,0.0
2022-10-25 15:30:00-04:00,48.665000915527344,48.80500030517578,48.525001525878906,48.66999816894531,38157,0.0,0.0
2022-10-26 09:30:00-04:00,49.099998474121094,49.150001525878906,48.445899963378906,48.89500045776367,48370,0.0,0.0
2022-10-26 10:30:00-04:00,48.970001220703125,49.290000915527344,48.84170150756836,48.90999984741211,28421,0.0,0.0
2022-10-26 11:30:00-04:00,48.90999984741211,49.03499984741211,48.80500030517578,48.93000030517578,14055,0.0,0.0
2022-10-26 12:30:00-04:00,48.9900016784668,49.02000045776367,48.88999938964844,48.88999938964844,18528,0.0,0.0
2022-10-26 13:30:00-04:00,48.869998931884766,48.97999954223633,48.849998474121094,48.95000076293945,21281,0.0,0.0
2022-10-26 14:30:00-04:00,48.91999816894531,48.95500183105469,48.814998626708984,48.814998626708984,22853,0.0,0.0
2022-10-26 15:30:00-04:00,48.79010009765625,48.79010009765625,48.459999084472656,48.529998779296875,37703,0.0,0.0
2022-10-27 09:30:00-04:00,48.9900016784668,50.150001525878906,48.9900016784668,50.099998474121094,29060,0.0,0.0
2022-10-27 10:30:00-04:00,50.16999816894531,50.3650016784668,49.810001373291016,50.2599983215332,23805,0.0,0.0
2022-10-27 11:30:00-04:00,50.220001220703125,50.29999923706055,49.89860153198242,49.9900016784668,17896,0.0,0.0
2022-10-27 12:30:00-04:00,50.02000045776367,50.323699951171875,49.8650016784668,50.220001220703125,16950,0.0,0.0
2022-10-27 13:30:00-04:00,50.16999816894531,50.290000915527344,49.935001373291016,50.02000045776367,11643,0.0,0.0
2022-10-27 14:30:00-04:00,50.0,50.16999816894531,49.900001525878906,50.0099983215332,14058,0.0,0.0
2022-10-27 15:30:00-04:00,50.0099983215332,50.130001068115234,49.65999984741211,49.779998779296875,39212,0.0,0.0
2022-10-28 09:30:00-04:00,49.95000076293945,50.43000030517578,49.7672004699707,50.36000061035156,28371,0.0,0.0
2022-10-28 10:30:00-04:00,50.250099182128906,50.72999954223633,50.15010070800781,50.6150016784668,18017,0.0,0.0
2022-10-28 11:30:00-04:00,50.68000030517578,50.88999938964844,50.47999954223633,50.88999938964844,26606,0.0,0.0
2022-10-28 12:30:00-04:00,50.95000076293945,51.040000915527344,50.709999084472656,50.709999084472656,20936,0.0,0.0
2022-10-28 13:30:00-04:00,50.68000030517578,50.89500045776367,50.650001525878906,50.79499816894531,10829,0.0,0.0
2022-10-28 14:30:00-04:00,50.779998779296875,51.20000076293945,50.779998779296875,51.13999938964844,21434,0.0,0.0
2022-10-28 15:30:00-04:00,51.13999938964844,51.310001373291016,50.77000045776367,50.790000915527344,79816,0.0,0.0
2022-10-31 09:30:00-04:00,50.630001068115234,51.04999923706055,50.20000076293945,50.76499938964844,21934,0.0,0.0
2022-10-31 10:30:00-04:00,50.810001373291016,51.09000015258789,50.790000915527344,50.994998931884766,11332,0.0,0.0
2022-10-31 11:30:00-04:00,50.88240051269531,51.20000076293945,50.86009979248047,51.13999938964844,10126,0.0,0.0
2022-10-31 12:30:00-04:00,51.099998474121094,51.31999969482422,51.0,51.290000915527344,8464,0.0,0.0
2022-10-31 13:30:00-04:00,51.2599983215332,51.34000015258789,51.189998626708984,51.34000015258789,11064,0.0,0.0
2022-10-31 14:30:00-04:00,51.349998474121094,51.4900016784668,50.900001525878906,50.97999954223633,26904,0.0,0.0
2022-10-31 15:30:00-04:00,50.970001220703125,51.0099983215332,50.7599983215332,50.90999984741211,38098,0.0,0.0
2022-11-01 09:30:00-04:00,51.150001525878906,51.33000183105469,50.31999969482422,50.4900016784668,23165,0.0,0.0
2022-11-01 10:30:00-04:00,50.4900016784668,50.83000183105469,50.32500076293945,50.349998474121094,21811,0.0,0.0
2022-11-01 11:30:00-04:00,50.404998779296875,50.404998779296875,49.900001525878906,49.95500183105469,17217,0.0,0.0
2022-11-01 12:30:00-04:00,49.98500061035156,50.32849884033203,49.86600112915039,50.25,22086,0.0,0.0
2022-11-01 13:30:00-04:00,50.26499938964844,50.67499923706055,50.26499938964844,50.63999938964844,19753,0.0,0.0
2022-11-01 14:30:00-04:00,50.58000183105469,50.79999923706055,50.54999923706055,50.58000183105469,17797,0.0,0.0
2022-11-01 15:30:00-04:00,50.59000015258789,50.970001220703125,50.58000183105469,50.970001220703125,53716,0.0,0.0
2022-11-02 09:30:00-04:00,50.83000183105469,50.93000030517578,50.255001068115234,50.255001068115234,21501,0.0,0.0
2022-11-02 10:30:00-04:00,50.29999923706055,50.59000015258789,50.1150016784668,50.1150016784668,17932,0.0,0.0
2022-11-02 11:30:00-04:00,50.16999816894531,50.20000076293945,49.06999969482422,49.25,18106,0.0,0.0
2022-11-02 12:30:00-04:00,49.29999923706055,49.31999969482422,49.13999938964844,49.290000915527344,17905,0.0,0.0
2022-11-02 13:30:00-04:00,49.349998474121094,49.79999923706055,49.349998474121094,49.7599983215332,26854,0.0,0.0
2022-11-02 14:30:00-04:00,49.880001068115234,49.90999984741211,48.849998474121094,48.90299987792969,46617,0.0,0.0
2022-11-02 15:30:00-04:00,48.900001525878906,49.31999969482422,48.88999938964844,49.25,46832,0.0,0.0
2022-11-03 09:30:00-04:00,46.59000015258789,46.59000015258789,44.400001525878906,45.75,174938,0.0,0.0
2022-11-03 10:30:00-04:00,45.66999816894531,45.66999816894531,44.47999954223633,44.619998931884766,80388,0.0,0.0
2022-11-03 11:30:00-04:00,44.66999816894531,45.88999938964844,44.060001373291016,45.220001220703125,94483,0.0,0.0
2022-11-03 12:30:00-04:00,45.21500015258789,46.4900016784668,45.21500015258789,46.13999938964844,38479,0.0,0.0
2022-11-03 13:30:00-04:00,46.125,46.2400016784668,45.7400016784668,46.099998474121094,90279,0.0,0.0
2022-11-03 14:30:00-04:00,46.099998474121094,46.775001525878906,45.9900016784668,46.70000076293945,57552,0.0,0.0
2022-11-03 15:30:00-04:00,46.70000076293945,46.90999984741211,45.900001525878906,46.11000061035156,129721,0.0,0.0
2022-11-04 09:30:00-04:00,46.20000076293945,47.06999969482422,45.7400016784668,46.13999938964844,42941,0.0,0.0
2022-11-04 10:30:00-04:00,46.217098236083984,46.459999084472656,45.5099983215332,45.5099983215332,27465,0.0,0.0
2022-11-04 11:30:00-04:00,45.533599853515625,45.64569854736328,45.15999984741211,45.630001068115234,30527,0.0,0.0
2022-11-04 12:30:00-04:00,45.54999923706055,45.54999923706055,45.11000061035156,45.47999954223633,57034,0.0,0.0
2022-11-04 13:30:00-04:00,45.51139831542969,45.53219985961914,45.040000915527344,45.53219985961914,49341,0.0,0.0
2022-11-04 14:30:00-04:00,45.4900016784668,45.4900016784668,45.2400016784668,45.279998779296875,51569,0.0,0.0
2022-11-04 15:30:00-04:00,45.35499954223633,45.58000183105469,45.189998626708984,45.5,75898,0.0,0.0
2022-11-07 09:30:00-05:00,45.56999969482422,48.0099983215332,45.56999969482422,47.599998474121094,31648,0.0,0.0
2022-11-07 10:30:00-05:00,47.619998931884766,48.04999923706055,47.619998931884766,47.88999938964844,14290,0.0,0.0
2022-11-07 11:30:00-05:00,47.959999084472656,48.2599983215332,47.75,48.2599983215332,18443,0.0,0.0
2022-11-07 12:30:00-05:00,48.279998779296875,48.337501525878906,47.4900016784668,47.4900016784668,22930,0.0,0.0
2022-11-07 13:30:00-05:00,47.5,47.77000045776367,47.29999923706055,47.7400016784668,20757,0.0,0.0
2022-11-07 14:30:00-05:00,47.7400016784668,48.189998626708984,47.72999954223633,48.099998474121094,27537,0.0,0.0
2022-11-07 15:30:00-05:00,48.099998474121094,48.290000915527344,48.029998779296875,48.09000015258789,79729,0.0,0.0
2022-11-08 09:30:00-05:00,48.15999984741211,48.279998779296875,47.349998474121094,47.5,0,0.0,0.0
2022-11-08 10:30:00-05:00,47.470001220703125,48.16999816894531,47.34000015258789,48.1150016784668,24296,0.0,0.0
2022-11-08 11:30:00-05:00,48.029998779296875,48.029998779296875,47.29999923706055,47.39500045776367,13941,0.0,0.0
2022-11-08 12:30:00-05:00,47.380001068115234,47.41999816894531,47.165000915527344,47.2599983215332,16087,0.0,0.0
2022-11-08 13:30:00-05:00,47.09000015258789,47.314998626708984,47.09000015258789,47.15999984741211,12652,0.0,0.0
2022-11-08 14:30:00-05:00,47.16999816894531,47.5,47.130001068115234,47.5,17724,0.0,0.0
2022-11-08 15:30:00-05:00,47.5099983215332,47.83000183105469,47.5099983215332,47.83000183105469,38108,0.0,0.0
2022-11-09 09:30:00-05:00,47.4900016784668,47.790000915527344,47.0099983215332,47.790000915527344,15472,0.0,0.0
2022-11-09 10:30:00-05:00,47.810001373291016,48.099998474121094,47.611698150634766,48.099998474121094,13326,0.0,0.0
2022-11-09 11:30:00-05:00,48.11000061035156,48.3849983215332,48.02000045776367,48.02000045776367,6396,0.0,0.0
2022-11-09 12:30:00-05:00,48.08000183105469,48.130001068115234,47.95000076293945,48.09000015258789,7318,0.0,0.0
2022-11-09 13:30:00-05:00,48.06999969482422,48.06999969482422,47.77000045776367,47.779998779296875,9418,0.0,0.0
2022-11-09 14:30:00-05:00,47.7400016784668,47.7400016784668,47.33000183105469,47.380001068115234,12325,0.0,0.0
2022-11-09 15:30:00-05:00,47.36000061035156,47.459999084472656,47.27000045776367,47.29999923706055,28706,0.0,0.0
2022-11-10 09:30:00-05:00,48.2599983215332,49.4900016784668,48.189998626708984,48.95000076293945,44410,0.0,0.0
2022-11-10 10:30:00-05:00,49.0,49.189998626708984,48.847198486328125,48.86000061035156,20870,0.0,0.0
2022-11-10 11:30:00-05:00,48.8849983215332,49.0,48.775001525878906,48.84000015258789,8499,0.0,0.0
2022-11-10 12:30:00-05:00,48.790000915527344,48.81999969482422,48.34000015258789,48.4900016784668,22234,0.0,0.0
2022-11-10 13:30:00-05:00,48.5,49.18000030517578,48.5,49.18000030517578,21911,0.0,0.0
2022-11-10 14:30:00-05:00,49.09000015258789,49.2599983215332,49.08000183105469,49.17499923706055,17312,0.0,0.0
2022-11-10 15:30:00-05:00,49.18000030517578,49.2400016784668,49.119998931884766,49.209999084472656,27705,0.0,0.0
2022-11-11 09:30:00-05:00,49.310001373291016,49.59000015258789,49.09199905395508,49.209999084472656,45913,0.0,0.0
2022-11-11 10:30:00-05:00,49.16999816894531,49.880001068115234,49.09000015258789,49.505001068115234,15870,0.0,0.0
2022-11-11 11:30:00-05:00,49.4900016784668,49.91999816894531,49.41999816894531,49.75,8071,0.0,0.0
2022-11-11 12:30:00-05:00,49.72999954223633,49.790000915527344,49.56999969482422,49.689998626708984,13437,0.0,0.0
2022-11-11 13:30:00-05:00,49.67499923706055,49.939998626708984,49.59000015258789,49.88999938964844,18712,0.0,0.0
2022-11-11 14:30:00-05:00,49.89500045776367,49.93000030517578,49.76499938964844,49.900001525878906,21038,0.0,0.0
2022-11-11 15:30:00-05:00,49.880001068115234,49.95000076293945,49.70000076293945,49.810001373291016,37335,0.0,0.0
2022-11-14 09:30:00-05:00,49.54999923706055,49.54999923706055,48.61000061035156,49.16999816894531,22986,0.0,0.0
2022-11-14 10:30:00-05:00,49.15999984741211,49.18000030517578,48.39500045776367,48.494998931884766,25682,0.0,0.0
2022-11-14 11:30:00-05:00,48.54999923706055,48.880001068115234,48.54999923706055,48.86000061035156,11899,0.0,0.0
2022-11-14 12:30:00-05:00,48.79499816894531,49.119998931884766,48.77000045776367,49.109798431396484,11516,0.0,0.0
2022-11-14 13:30:00-05:00,49.13999938964844,49.55500030517578,49.084999084472656,49.36000061035156,15378,0.0,0.0
2022-11-14 14:30:00-05:00,49.400001525878906,49.459999084472656,49.060001373291016,49.154998779296875,17425,0.0,0.0
2022-11-14 15:30:00-05:00,49.1349983215332,49.20100021362305,48.689998626708984,48.72999954223633,32824,0.0,0.0
2022-11-15 09:30:00-05:00,49.279998779296875,49.279998779296875,48.68000030517578,49.09000015258789,24589,0.0,0.0
2022-11-15 10:30:00-05:00,49.150001525878906,49.83000183105469,49.150001525878906,49.83000183105469,7396,0.0,0.0
2022-11-15 11:30:00-05:00,49.709999084472656,50.23500061035156,49.689998626708984,50.150001525878906,17544,0.0,0.0
2022-11-15 12:30:00-05:00,50.21500015258789,50.38999938964844,50.099998474121094,50.11000061035156,17161,0.0,0.0
2022-11-15 13:30:00-05:00,50.04999923706055,50.15999984741211,49.810001373291016,50.130001068115234,17400,0.0,0.0
2022-11-15 14:30:00-05:00,50.125,50.23899841308594,50.04499816894531,50.08000183105469,11561,0.0,0.0
2022-11-15 15:30:00-05:00,50.029998779296875,50.029998779296875,49.4900016784668,49.650001525878906,47798,0.0,0.0
2022-11-16 09:30:00-05:00,49.68000030517578,50.119998931884766,48.46009826660156,48.52669906616211,9509,0.0,0.0
2022-11-16 10:30:00-05:00,48.599998474121094,48.79999923706055,48.290000915527344,48.31769943237305,22146,0.0,0.0
2022-11-16 11:30:00-05:00,48.34000015258789,48.79999923706055,48.2599983215332,48.64500045776367,9364,0.0,0.0
2022-11-16 12:30:00-05:00,48.7400016784668,48.779998779296875,48.512901306152344,48.59000015258789,5619,0.0,0.0
2022-11-16 13:30:00-05:00,48.52000045776367,48.7599983215332,48.400001525878906,48.7599983215332,9360,0.0,0.0
2022-11-16 14:30:00-05:00,48.720001220703125,48.86000061035156,48.630001068115234,48.84000015258789,15160,0.0,0.0
2022-11-16 15:30:00-05:00,48.849998474121094,49.119998931884766,48.810001373291016,49.09000015258789,36176,0.0,0.0
2022-11-17 09:30:00-05:00,48.7599983215332,49.130001068115234,47.439998626708984,48.845001220703125,27705,0.0,0.0
2022-11-17 10:30:00-05:00,48.97999954223633,48.97999954223633,48.599998474121094,48.869998931884766,13424,0.0,0.0
2022-11-17 11:30:00-05:00,48.79999923706055,49.189998626708984,48.79999923706055,49.18000030517578,10367,0.0,0.0
2022-11-17 12:30:00-05:00,49.209999084472656,49.41999816894531,49.07500076293945,49.375,14517,0.0,0.0
2022-11-17 13:30:00-05:00,49.39500045776367,49.39500045776367,49.04999923706055,49.06999969482422,19322,0.0,0.0
2022-11-17 14:30:00-05:00,49.07500076293945,49.33000183105469,49.029998779296875,49.209999084472656,18946,0.0,0.0
2022-11-17 15:30:00-05:00,49.17499923706055,49.35499954223633,49.17499923706055,49.31999969482422,26573,0.0,0.0
2022-11-18 09:30:00-05:00,49.93000030517578,50.150001525878906,49.290000915527344,49.63999938964844,23519,0.0,0.0
2022-11-18 10:30:00-05:00,49.6349983215332,49.7400016784668,49.2400016784668,49.325801849365234,7942,0.0,0.0
2022-11-18 11:30:00-05:00,49.349998474121094,49.52000045776367,49.11000061035156,49.27000045776367,11873,0.0,0.0
2022-11-18 12:30:00-05:00,49.16999816894531,49.29999923706055,48.79999923706055,48.9900016784668,9195,0.0,0.0
2022-11-18 13:30:00-05:00,48.970001220703125,49.279998779296875,48.89500045776367,49.279998779296875,13154,0.0,0.0
2022-11-18 14:30:00-05:00,49.33000183105469,49.529998779296875,49.27000045776367,49.529998779296875,13997,0.0,0.0
2022-11-18 15:30:00-05:00,49.529998779296875,49.595001220703125,49.369998931884766,49.470001220703125,32536,0.0,0.0
2022-11-21 09:30:00-05:00,49.59000015258789,49.779998779296875,49.310001373291016,49.314998626708984,12205,0.0,0.0
2022-11-21 10:30:00-05:00,49.369998931884766,49.599998474121094,49.369998931884766,49.58000183105469,7614,0.0,0.0
2022-11-21 11:30:00-05:00,49.650001525878906,49.95500183105469,49.650001525878906,49.86000061035156,9723,0.0,0.0
2022-11-21 12:30:00-05:00,49.939998626708984,50.064998626708984,49.93000030517578,50.0,5253,0.0,0.0
2022-11-21 13:30:00-05:00,50.040000915527344,50.18000030517578,49.90999984741211,50.08000183105469,9824,0.0,0.0
2022-11-21 14:30:00-05:00,50.130001068115234,50.130001068115234,49.91999816894531,49.91999816894531,6972,0.0,0.0
2022-11-21 15:30:00-05:00,49.970001220703125,49.9900016784668,49.720001220703125,49.849998474121094,30483,0.0,0.0
2022-11-22 09:30:00-05:00,49.810001373291016,49.9900016784668,49.625,49.970001220703125,10747,0.0,0.0
2022-11-22 10:30:00-05:00,49.90999984741211,49.90999984741211,49.38999938964844,49.38999938964844,10687,0.0,0.0
2022-11-22 11:30:00-05:00,49.439998626708984,49.47999954223633,49.29999923706055,49.47999954223633,8514,0.0,0.0
2022-11-22 12:30:00-05:00,49.48500061035156,49.5099983215332,49.224998474121094,49.22999954223633,7298,0.0,0.0
2022-11-22 13:30:00-05:00,49.16999816894531,49.375,49.16999816894531,49.375,12638,0.0,0.0
2022-11-22 14:30:00-05:00,49.369998931884766,49.380001068115234,48.904998779296875,48.95000076293945,20117,0.0,0.0
2022-11-22 15:30:00-05:00,48.88999938964844,48.959999084472656,48.720001220703125,48.79999923706055,36079,0.0,0.0
2022-11-23 09:30:00-05:00,48.56999969482422,48.939998626708984,48.375,48.75,12532,0.0,0.0
2022-11-23 10:30:00-05:00,48.79999923706055,48.98500061035156,48.790000915527344,48.86000061035156,5607,0.0,0.0
2022-11-23 11:30:00-05:00,48.900001525878906,48.900001525878906,48.40999984741211,48.42689895629883,12632,0.0,0.0
2022-11-23 12:30:00-05:00,48.4900016784668,48.900001525878906,48.4900016784668,48.900001525878906,8222,0.0,0.0
2022-11-23 13:30:00-05:00,48.849998474121094,49.09000015258789,48.7400016784668,49.06999969482422,7201,0.0,0.0
2022-11-23 14:30:00-05:00,48.970001220703125,49.150001525878906,48.970001220703125,49.08000183105469,12339,0.0,0.0
2022-11-23 15:30:00-05:00,49.11000061035156,49.25,48.93000030517578,49.0099983215332,32495,0.0,0.0
2022-11-25 09:30:00-05:00,48.81999969482422,49.209999084472656,48.81999969482422,49.040000915527344,0,0.0,0.0
2022-11-25 10:30:00-05:00,49.11000061035156,49.47999954223633,49.08000183105469,49.3650016784668,10787,0.0,0.0
2022-11-25 11:30:00-05:00,49.345001220703125,49.70000076293945,49.2599983215332,49.70000076293945,14943,0.0,0.0
2022-11-28 09:30:00-05:00,49.36000061035156,49.7400016784668,49.15999984741211,49.72999954223633,7341,0.0,0.0
2022-11-28 10:30:00-05:00,49.72999954223633,49.72999954223633,49.45500183105469,49.4900016784668,2963,0.0,0.0
2022-11-28 11:30:00-05:00,49.529998779296875,49.564998626708984,49.34000015258789,49.564998626708984,4633,0.0,0.0
2022-11-28 12:30:00-05:00,49.5099983215332,49.5099983215332,49.310001373291016,49.41999816894531,8037,0.0,0.0
2022-11-28 13:30:00-05:00,49.470001220703125,49.470001220703125,48.9900016784668,49.040000915527344,12218,0.0,0.0
2022-11-28 14:30:00-05:00,49.029998779296875,49.060001373291016,48.869998931884766,48.869998931884766,8965,0.0,0.0
2022-11-28 15:30:00-05:00,48.939998626708984,49.09000015258789,48.84000015258789,49.08000183105469,29775,0.0,0.0
2022-11-29 09:30:00-05:00,49.119998931884766,49.775001525878906,49.09000015258789,49.775001525878906,10731,0.0,0.0
2022-11-29 10:30:00-05:00,49.69499969482422,49.775001525878906,49.54999923706055,49.650001525878906,5758,0.0,0.0
2022-11-29 11:30:00-05:00,49.54999923706055,49.58000183105469,49.44499969482422,49.58000183105469,6411,0.0,0.0
2022-11-29 12:30:00-05:00,49.63999938964844,49.779998779296875,49.564998626708984,49.654998779296875,16563,0.0,0.0
2022-11-29 13:30:00-05:00,49.720001220703125,49.78499984741211,49.4900016784668,49.4900016784668,7184,0.0,0.0
2022-11-29 14:30:00-05:00,49.34000015258789,49.54800033569336,49.310001373291016,49.529998779296875,11609,0.0,0.0
2022-11-29 15:30:00-05:00,49.529998779296875,49.81999969482422,49.5,49.810001373291016,25756,0.0,0.0
2022-11-30 09:30:00-05:00,49.369998931884766,49.470001220703125,48.3213996887207,48.3213996887207,20467,0.0,0.0
2022-11-30 10:30:00-05:00,48.205501556396484,48.79750061035156,48.205501556396484,48.79750061035156,10721,0.0,0.0
2022-11-30 11:30:00-05:00,48.79750061035156,48.98820114135742,48.54999923706055,48.75,12606,0.0,0.0
2022-11-30 12:30:00-05:00,48.77000045776367,49.04499816894531,48.72999954223633,48.9900016784668,10953,0.0,0.0
2022-11-30 13:30:00-05:00,48.959999084472656,50.03499984741211,48.959999084472656,49.95500183105469,18230,0.0,0.0
2022-11-30 14:30:00-05:00,49.95500183105469,49.95500183105469,49.61000061035156,49.84000015258789,28887,0.0,0.0
2022-11-30 15:30:00-05:00,49.91999816894531,50.58000183105469,49.880001068115234,50.400001525878906,77113,0.0,0.0
2022-12-01 09:30:00-05:00,50.599998474121094,50.79499816894531,50.290000915527344,50.290000915527344,16645,0.0,0.0
2022-12-01 10:30:00-05:00,50.349998474121094,50.63999938964844,50.279998779296875,50.51499938964844,21526,0.0,0.0
2022-12-01 11:30:00-05:00,50.529998779296875,50.66999816894531,50.47999954223633,50.584999084472656,9320,0.0,0.0
2022-12-01 12:30:00-05:00,50.65999984741211,50.755001068115234,50.439998626708984,50.44499969482422,13206,0.0,0.0
2022-12-01 13:30:00-05:00,50.38999938964844,50.77000045776367,50.349998474121094,50.689998626708984,44372,0.0,0.0
2022-12-01 14:30:00-05:00,50.72999954223633,50.81999969482422,50.63999938964844,50.7400016784668,25321,0.0,0.0
2022-12-01 15:30:00-05:00,50.720001220703125,51.16999816894531,50.720001220703125,50.93000030517578,56357,0.0,0.0
2022-12-02 09:30:00-05:00,50.77000045776367,51.189998626708984,50.60499954223633,50.70000076293945,20737,0.0,0.0
2022-12-02 10:30:00-05:00,50.77000045776367,50.84000015258789,50.567100524902344,50.599998474121094,6670,0.0,0.0
2022-12-02 11:30:00-05:00,50.6088981628418,50.82500076293945,50.18000030517578,50.25,16754,0.0,0.0
2022-12-02 12:30:00-05:00,50.150001525878906,50.31999969482422,50.025001525878906,50.15999984741211,14066,0.0,0.0
2022-12-02 13:30:00-05:00,50.04999923706055,50.20000076293945,49.970001220703125,49.974998474121094,13040,0.0,0.0
2022-12-02 14:30:00-05:00,49.93000030517578,50.130001068115234,49.81010055541992,49.93000030517578,14366,0.0,0.0
2022-12-02 15:30:00-05:00,49.970001220703125,50.38999938964844,49.935001373291016,50.380001068115234,36145,0.0,0.0
2022-12-05 09:30:00-05:00,50.11000061035156,50.50450134277344,49.79499816894531,50.310001373291016,22145,0.0,0.0
2022-12-05 10:30:00-05:00,50.494998931884766,50.59000015258789,50.36000061035156,50.56999969482422,11540,0.0,0.0
2022-12-05 11:30:00-05:00,50.599998474121094,50.84000015258789,50.20000076293945,50.79999923706055,51242,0.0,0.0
2022-12-05 12:30:00-05:00,50.72999954223633,50.72999954223633,50.040000915527344,50.2400016784668,21792,0.0,0.0
2022-12-05 13:30:00-05:00,50.2599983215332,50.38999938964844,50.111698150634766,50.349998474121094,7883,0.0,0.0
2022-12-05 14:30:00-05:00,50.320098876953125,50.494998931884766,50.29999923706055,50.369998931884766,8940,0.0,0.0
2022-12-05 15:30:00-05:00,50.349998474121094,50.630001068115234,50.34000015258789,50.45000076293945,33927,0.0,0.0
2022-12-06 09:30:00-05:00,50.689998626708984,50.92499923706055,50.40999984741211,50.52000045776367,5715,0.0,0.0
2022-12-06 10:30:00-05:00,50.45000076293945,50.63999938964844,50.45000076293945,50.540000915527344,5056,0.0,0.0
2022-12-06 11:30:00-05:00,50.529998779296875,50.60499954223633,50.400001525878906,50.52000045776367,12490,0.0,0.0
2022-12-06 12:30:00-05:00,50.529998779296875,50.59000015258789,50.439998626708984,50.45000076293945,9834,0.0,0.0
2022-12-06 13:30:00-05:00,50.3650016784668,50.52000045776367,50.3650016784668,50.4900016784668,13085,0.0,0.0
2022-12-06 14:30:00-05:00,50.4900016784668,50.6349983215332,50.470001220703125,50.56999969482422,33839,0.0,0.0
2022-12-06 15:30:00-05:00,50.54999923706055,50.599998474121094,50.380001068115234,50.380001068115234,82928,0.0,0.0
2022-12-07 09:30:00-05:00,50.15999984741211,50.540000915527344,50.09000015258789,50.38999938964844,9569,0.0,0.0
2022-12-07 10:30:00-05:00,50.540000915527344,50.654998779296875,50.334999084472656,50.334999084472656,8947,0.0,0.0
2022-12-07 11:30:00-05:00,50.345001220703125,50.345001220703125,50.15999984741211,50.189998626708984,4346,0.0,0.0
2022-12-07 12:30:00-05:00,50.167598724365234,50.18000030517578,50.060001373291016,50.15999984741211,3811,0.0,0.0
2022-12-07 13:30:00-05:00,50.150001525878906,50.16999816894531,49.720001220703125,49.720001220703125,11616,0.0,0.0
2022-12-07 14:30:00-05:00,49.709999084472656,49.79999923706055,49.58000183105469,49.689998626708984,9262,0.0,0.0
2022-12-07 15:30:00-05:00,49.720001220703125,50.0,49.709999084472656,49.939998626708984,20901,0.0,0.0
2022-12-08 09:30:00-05:00,49.900001525878906,50.02389907836914,49.16999816894531,49.970001220703125,8778,0.0,0.0
2022-12-08 10:30:00-05:00,50.05500030517578,50.27000045776367,49.95000076293945,50.27000045776367,3584,0.0,0.0
2022-12-08 11:30:00-05:00,50.279998779296875,50.290000915527344,49.88999938964844,49.970001220703125,6841,0.0,0.0
2022-12-08 12:30:00-05:00,49.970001220703125,49.970001220703125,49.380001068115234,49.43000030517578,6788,0.0,0.0
2022-12-08 13:30:00-05:00,49.4900016784668,49.560001373291016,49.04999923706055,49.04999923706055,10424,0.0,0.0
2022-12-08 14:30:00-05:00,48.9900016784668,49.130001068115234,48.65999984741211,49.06999969482422,20483,0.0,0.0
2022-12-08 15:30:00-05:00,49.06999969482422,49.52000045776367,49.064998626708984,49.4900016784668,32234,0.0,0.0
2022-12-09 09:30:00-05:00,49.209999084472656,49.869998931884766,49.209999084472656,49.619998931884766,8453,0.0,0.0
2022-12-09 10:30:00-05:00,49.63999938964844,49.880001068115234,49.63999938964844,49.77000045776367,4111,0.0,0.0
2022-12-09 11:30:00-05:00,49.86000061035156,50.17499923706055,49.810001373291016,50.09000015258789,29381,0.0,0.0
2022-12-09 12:30:00-05:00,50.1349983215332,50.279998779296875,49.9900016784668,49.9900016784668,23747,0.0,0.0
2022-12-09 13:30:00-05:00,50.119998931884766,50.25,49.66999816894531,49.689998626708984,12468,0.0,0.0
2022-12-09 14:30:00-05:00,49.68000030517578,49.72999954223633,49.58000183105469,49.58000183105469,8560,0.0,0.0
2022-12-09 15:30:00-05:00,49.595001220703125,49.595001220703125,49.220001220703125,49.25,37353,0.0,0.0
2022-12-12 09:30:00-05:00,49.400001525878906,49.400001525878906,48.813201904296875,49.220001220703125,0,0.0,0.0
2022-12-12 10:30:00-05:00,49.349998474121094,49.349998474121094,49.06999969482422,49.27000045776367,6131,0.0,0.0
2022-12-12 11:30:00-05:00,49.11000061035156,49.40999984741211,49.0099983215332,49.29999923706055,6705,0.0,0.0
2022-12-12 12:30:00-05:00,49.275001525878906,49.43000030517578,49.220001220703125,49.34000015258789,11297,0.0,0.0
2022-12-12 13:30:00-05:00,49.41999816894531,49.68000030517578,49.310001373291016,49.68000030517578,14872,0.0,0.0
2022-12-12 14:30:00-05:00,49.599998474121094,49.7599983215332,49.560001373291016,49.689998626708984,22150,0.0,0.0
2022-12-12 15:30:00-05:00,49.7400016784668,49.7400016784668,49.11000061035156,49.130001068115234,42077,0.0,0.0
2022-12-13 09:30:00-05:00,50.029998779296875,50.7400016784668,49.45000076293945,49.45000076293945,22714,0.0,0.0
2022-12-13 10:30:00-05:00,49.52000045776367,49.52000045776367,49.06999969482422,49.209999084472656,21925,0.0,0.0
2022-12-13 11:30:00-05:00,49.209999084472656,49.2400016784668,48.58000183105469,48.80500030517578,10720,0.0,0.0
2022-12-13 12:30:00-05:00,48.72999954223633,48.72999954223633,48.290000915527344,48.65999984741211,18560,0.0,0.0
2022-12-13 13:30:00-05:00,48.61000061035156,49.0,48.61000061035156,48.86000061035156,25203,0.0,0.0
2022-12-13 14:30:00-05:00,48.86000061035156,49.0099983215332,48.83000183105469,48.90999984741211,78587,0.0,0.0
2022-12-13 15:30:00-05:00,48.93000030517578,48.9900016784668,48.61000061035156,48.77000045776367,90860,0.0,0.0
2022-12-14 09:30:00-05:00,48.86000061035156,49.060001373291016,47.93000030517578,48.29999923706055,28180,0.0,0.0
2022-12-14 10:30:00-05:00,48.470001220703125,49.04999923706055,48.470001220703125,48.959999084472656,11700,0.0,0.0
2022-12-14 11:30:00-05:00,49.11000061035156,49.11000061035156,48.619998931884766,48.68000030517578,15697,0.0,0.0
2022-12-14 12:30:00-05:00,48.66999816894531,48.709999084472656,48.560001373291016,48.63999938964844,10613,0.0,0.0
2022-12-14 13:30:00-05:00,48.52000045776367,48.55500030517578,47.72999954223633,47.779998779296875,16426,0.0,0.0
2022-12-14 14:30:00-05:00,47.81999969482422,47.959999084472656,47.310001373291016,47.57500076293945,24970,0.0,0.0
2022-12-14 15:30:00-05:00,47.494998931884766,47.82500076293945,47.459999084472656,47.63999938964844,36541,0.0,0.0
2022-12-15 09:30:00-05:00,47.060001373291016,47.90999984741211,47.060001373291016,47.61000061035156,28268,0.0,0.0
2022-12-15 10:30:00-05:00,47.61000061035156,48.09000015258789,47.60499954223633,47.71500015258789,15782,0.0,0.0
2022-12-15 11:30:00-05:00,47.779998779296875,48.130001068115234,47.665000915527344,48.130001068115234,9459,0.0,0.0
2022-12-15 12:30:00-05:00,48.150001525878906,48.29999923706055,47.86199951171875,47.915000915527344,15207,0.0,0.0
2022-12-15 13:30:00-05:00,47.88999938964844,48.04999923706055,47.7400016784668,47.775001525878906,12831,0.0,0.0
2022-12-15 14:30:00-05:00,47.81999969482422,48.27000045776367,47.81999969482422,48.27000045776367,17472,0.0,0.0
2022-12-15 15:30:00-05:00,48.22999954223633,48.77000045776367,48.22999954223633,48.63999938964844,78905,0.0,0.0
2022-12-16 09:30:00-05:00,48.029998779296875,48.5099983215332,47.7599983215332,48.02000045776367,47530,0.0,0.0
2022-12-16 10:30:00-05:00,47.970001220703125,48.130001068115234,47.650001525878906,47.900001525878906,10802,0.0,0.0
2022-12-16 11:30:00-05:00,47.83000183105469,47.83000183105469,47.439998626708984,47.5099983215332,19210,0.0,0.0
2022-12-16 12:30:00-05:00,47.5,47.54999923706055,47.10499954223633,47.23500061035156,67313,0.0,0.0
2022-12-16 13:30:00-05:00,47.20000076293945,47.54999923706055,46.95000076293945,47.06999969482422,26035,0.0,0.0
2022-12-16 14:30:00-05:00,47.029998779296875,47.17499923706055,46.91999816894531,47.0,40178,0.0,0.0
2022-12-16 15:30:00-05:00,46.97999954223633,47.125,46.810001373291016,46.86000061035156,53579,0.0,0.0
2022-12-19 09:30:00-05:00,46.869998931884766,47.720001220703125,46.869998931884766,47.52000045776367,23011,0.0,0.0
2022-12-19 10:30:00-05:00,47.505001068115234,47.57500076293945,47.150001525878906,47.33000183105469,21976,0.0,0.0
2022-12-19 11:30:00-05:00,47.22999954223633,47.22999954223633,46.630001068115234,46.880001068115234,16178,0.0,0.0
2022-12-19 12:30:00-05:00,46.88999938964844,47.09939956665039,46.7599983215332,47.05500030517578,12803,0.0,0.0
2022-12-19 13:30:00-05:00,46.90999984741211,46.90999984741211,46.59000015258789,46.59000015258789,15641,0.0,0.0
2022-12-19 14:30:00-05:00,46.529998779296875,47.0099983215332,46.459999084472656,47.0099983215332,28485,0.0,0.0
2022-12-19 15:30:00-05:00,47.01850128173828,47.029998779296875,46.84000015258789,47.02000045776367,227713,0.0,0.0
2022-12-20 09:30:00-05:00,47.08000183105469,47.13999938964844,46.40999984741211,47.08000183105469,13230,0.0,0.0
2022-12-20 10:30:00-05:00,46.97999954223633,47.11000061035156,46.63999938964844,46.63999938964844,12961,0.0,0.0
2022-12-20 11:30:00-05:00,46.70000076293945,46.779998779296875,46.54999923706055,46.59000015258789,9598,0.0,0.0
2022-12-20 12:30:00-05:00,46.606201171875,46.606201171875,46.260101318359375,46.36000061035156,14474,0.0,0.0
2022-12-20 13:30:00-05:00,46.29499816894531,46.630001068115234,46.290000915527344,46.5099983215332,19493,0.0,0.0
2022-12-20 14:30:00-05:00,46.53499984741211,46.56999969482422,46.400001525878906,46.439998626708984,15178,0.0,0.0
2022-12-20 15:30:00-05:00,46.44129943847656,46.5099983215332,46.349998474121094,46.45000076293945,46070,0.0,0.0
2022-12-21 09:30:00-05:00,46.84000015258789,47.0,46.7599983215332,47.0,9650,0.0,0.0
2022-12-21 10:30:00-05:00,47.060001373291016,47.125,46.959999084472656,46.9900016784668,10106,0.0,0.0
2022-12-21 11:30:00-05:00,47.0,47.029998779296875,46.86000061035156,47.01499938964844,10285,0.0,0.0
2022-12-21 12:30:00-05:00,47.02000045776367,47.119998931884766,46.86000061035156,46.97999954223633,16361,0.0,0.0
2022-12-21 13:30:00-05:00,47.005001068115234,47.33000183105469,46.97999954223633,47.33000183105469,22539,0.0,0.0
2022-12-21 14:30:00-05:00,47.3650016784668,47.474998474121094,47.0,47.119998931884766,38761,0.0,0.0
2022-12-21 15:30:00-05:00,47.1150016784668,47.5099983215332,47.1150016784668,47.5099983215332,51745,0.0,0.0
2022-12-22 09:30:00-05:00,47.5099983215332,47.900001525878906,46.459999084472656,46.65999984741211,40526,0.0,0.0
2022-12-22 10:30:00-05:00,46.72999954223633,46.994998931884766,46.65999984741211,46.880001068115234,6436,0.0,0.0
2022-12-22 11:30:00-05:00,46.939998626708984,47.150001525878906,46.7599983215332,46.7599983215332,7664,0.0,0.0
2022-12-22 12:30:00-05:00,46.77000045776367,46.79499816894531,46.31999969482422,46.375,10530,0.0,0.0
2022-12-22 13:30:00-05:00,46.34000015258789,46.459999084472656,46.209999084472656,46.459999084472656,11259,0.0,0.0
2022-12-22 14:30:00-05:00,46.560001373291016,46.86000061035156,46.459999084472656,46.86000061035156,12804,0.0,0.0
2022-12-22 15:30:00-05:00,46.84000015258789,47.16999816894531,46.83000183105469,47.130001068115234,33777,0.0,0.0
2022-12-23 09:30:00-05:00,47.119998931884766,47.95249938964844,46.93000030517578,47.86000061035156,20392,0.0,0.0
2022-12-23 10:30:00-05:00,47.869998931884766,48.029998779296875,47.68000030517578,47.85499954223633,28395,0.0,0.0
2022-12-23 11:30:00-05:00,47.810001373291016,47.85020065307617,47.4900016784668,47.4900016784668,21060,0.0,0.0
2022-12-23 12:30:00-05:00,47.459999084472656,47.54999923706055,47.15999984741211,47.54999923706055,17685,0.0,0.0
2022-12-23 13:30:00-05:00,47.540000915527344,47.599998474121094,47.279998779296875,47.28300094604492,11638,0.0,0.0
2022-12-23 14:30:00-05:00,47.2400016784668,47.540000915527344,47.2400016784668,47.275001525878906,14551,0.0,0.0
2022-12-23 15:30:00-05:00,47.25,47.27000045776367,47.08000183105469,47.209999084472656,28379,0.0,0.0
2022-12-27 09:30:00-05:00,47.560001373291016,47.560001373291016,47.2400016784668,47.30500030517578,7246,0.0,0.0
2022-12-27 10:30:00-05:00,47.27000045776367,47.310001373291016,46.91999816894531,47.029998779296875,10835,0.0,0.0
2022-12-27 11:30:00-05:00,47.04999923706055,47.255001068115234,47.04999923706055,47.255001068115234,9644,0.0,0.0
2022-12-27 12:30:00-05:00,47.255001068115234,47.439998626708984,47.06999969482422,47.415000915527344,12343,0.0,0.0
2022-12-27 13:30:00-05:00,47.380001068115234,47.439998626708984,47.25,47.349998474121094,12692,0.0,0.0
2022-12-27 14:30:00-05:00,47.349998474121094,47.4900016784668,47.20000076293945,47.310001373291016,21760,0.0,0.0
2022-12-27 15:30:00-05:00,47.34000015258789,47.34000015258789,47.084999084472656,47.15999984741211,37407,0.0,0.0
2022-12-28 09:30:00-05:00,47.130001068115234,47.5,46.90999984741211,46.90999984741211,16937,0.0,0.0
2022-12-28 10:30:00-05:00,46.7400016784668,46.95500183105469,46.630001068115234,46.95500183105469,9633,0.0,0.0
2022-12-28 11:30:00-05:00,46.915000915527344,46.959999084472656,46.77000045776367,46.88999938964844,6415,0.0,0.0
2022-12-28 12:30:00-05:00,46.935001373291016,47.06999969482422,46.869998931884766,46.90999984741211,10549,0.0,0.0
2022-12-28 13:30:00-05:00,46.880001068115234,46.91999816894531,46.77000045776367,46.88999938964844,14048,0.0,0.0
2022-12-28 14:30:00-05:00,46.900001525878906,46.939998626708984,46.66999816894531,46.66999816894531,9971,0.0,0.0
2022-12-28 15:30:00-05:00,46.66999816894531,46.70000076293945,46.529998779296875,46.599998474121094,33297,0.0,0.0
2022-12-29 09:30:00-05:00,46.869998931884766,47.68000030517578,46.584999084472656,47.68000030517578,22035,0.0,0.0
2022-12-29 10:30:00-05:00,47.66999816894531,47.720001220703125,47.27000045776367,47.40999984741211,8348,0.0,0.0
2022-12-29 11:30:00-05:00,47.4900016784668,47.709999084472656,47.439998626708984,47.650001525878906,18949,0.0,0.0
2022-12-29 12:30:00-05:00,47.665000915527344,47.720001220703125,47.59000015258789,47.625,16216,0.0,0.0
2022-12-29 13:30:00-05:00,47.599998474121094,47.779998779296875,47.5,47.779998779296875,13033,0.0,0.0
2022-12-29 14:30:00-05:00,47.7400016784668,47.7775993347168,47.599998474121094,47.599998474121094,12279,0.0,0.0
2022-12-29 15:30:00-05:00,47.63999938964844,47.77000045776367,47.56999969482422,47.630001068115234,24261,0.0,0.0
2022-12-30 09:30:00-05:00,47.56999969482422,48.7400016784668,47.04999923706055,48.375,20988,0.0,0.0
2022-12-30 10:30:00-05:00,48.439998626708984,48.540000915527344,48.27000045776367,48.380001068115234,18509,0.0,0.0
2022-12-30 11:30:00-05:00,48.349998474121094,48.41999816894531,48.15999984741211,48.310001373291016,35993,0.0,0.0
2022-12-30 12:30:00-05:00,48.31999969482422,48.404998779296875,48.125,48.125,20383,0.0,0.0
2022-12-30 13:30:00-05:00,48.09000015258789,48.189998626708984,47.86149978637695,47.900001525878906,13646,0.0,0.0
2022-12-30 14:30:00-05:00,47.91999816894531,47.93000030517578,47.630001068115234,47.849998474121094,15321,0.0,0.0
2022-12-30 15:30:00-05:00,47.86000061035156,48.18000030517578,47.82600021362305,47.93000030517578,32708,0.0,0.0
2023-01-03 09:30:00-05:00,48.040000915527344,49.220001220703125,47.880001068115234,49.119998931884766,18097,0.0,0.0
2023-01-03 10:30:00-05:00,49.279998779296875,49.369998931884766,48.95000076293945,49.11000061035156,45164,0.0,0.0
2023-01-03 11:30:00-05:00,49.10499954223633,49.220001220703125,48.900001525878906,49.07500076293945,22151,0.0,0.0
2023-01-03 12:30:00-05:00,49.09000015258789,49.290000915527344,49.060001373291016,49.21500015258789,22738,0.0,0.0
2023-01-03 13:30:00-05:00,49.22990036010742,49.2599983215332,49.095001220703125,49.21500015258789,22312,0.0,0.0
2023-01-03 14:30:00-05:00,49.209999084472656,49.29999923706055,49.119998931884766,49.21500015258789,34993,0.0,0.0
2023-01-03 15:30:00-05:00,49.22999954223633,49.34000015258789,49.060001373291016,49.34000015258789,44887,0.0,0.0
2023-01-04 09:30:00-05:00,49.56999969482422,50.09000015258789,49.56999969482422,49.84000015258789,8469,0.0,0.0
2023-01-04 10:30:00-05:00,49.86000061035156,50.290000915527344,49.83000183105469,49.900001525878906,17469,0.0,0.0
2023-01-04 11:30:00-05:00,49.900001525878906,50.0099983215332,49.7400016784668,49.93000030517578,11930,0.0,0.0
2023-01-04 12:30:00-05:00,49.90999984741211,50.130001068115234,49.720001220703125,49.720001220703125,21999,0.0,0.0
2023-01-04 13:30:00-05:00,49.625,49.650001525878906,49.31999969482422,49.31999969482422,14287,0.0,0.0
2023-01-04 14:30:00-05:00,49.13999938964844,49.47999954223633,49.13999938964844,49.41999816894531,11402,0.0,0.0
2023-01-04 15:30:00-05:00,49.31999969482422,49.83000183105469,49.2599983215332,49.83000183105469,23530,0.0,0.0
2023-01-05 09:30:00-05:00,49.439998626708984,49.7400016784668,49.18000030517578,49.5099983215332,14704,0.0,0.0
2023-01-05 10:30:00-05:00,49.505001068115234,49.57500076293945,49.380001068115234,49.45000076293945,10914,0.0,0.0
2023-01-05 11:30:00-05:00,49.5099983215332,49.5099983215332,49.369998931884766,49.41999816894531,8485,0.0,0.0
2023-01-05 12:30:00-05:00,49.404998779296875,49.439998626708984,49.2400016784668,49.3650016784668,12179,0.0,0.0
2023-01-05 13:30:00-05:00,49.31999969482422,49.47999954223633,49.279998779296875,49.36000061035156,88020,0.0,0.0
2023-01-05 14:30:00-05:00,49.400001525878906,49.529998779296875,49.369998931884766,49.40999984741211,19712,0.0,0.0
2023-01-05 15:30:00-05:00,49.41999816894531,49.47999954223633,49.33000183105469,49.45000076293945,36217,0.0,0.0
2023-01-06 09:30:00-05:00,49.849998474121094,50.9900016784668,49.79499816894531,50.09000015258789,12037,0.0,0.0
2023-01-06 10:30:00-05:00,50.119998931884766,50.91999816894531,50.119998931884766,50.887699127197266,18852,0.0,0.0
2023-01-06 11:30:00-05:00,50.90999984741211,51.16999816894531,50.83000183105469,51.16999816894531,19865,0.0,0.0
2023-01-06 12:30:00-05:00,51.11000061035156,51.130001068115234,50.900001525878906,50.9900016784668,15534,0.0,0.0
2023-01-06 13:30:00-05:00,51.060001373291016,51.11000061035156,50.939998626708984,51.05500030517578,21255,0.0,0.0
2023-01-06 14:30:00-05:00,51.05500030517578,51.130001068115234,50.9900016784668,51.099998474121094,25649,0.0,0.0
2023-01-06 15:30:00-05:00,51.10499954223633,51.220001220703125,50.959999084472656,51.040000915527344,55618,0.0,0.0
2023-01-09 09:30:00-05:00,51.060001373291016,51.439998626708984,50.84000015258789,50.875,94026,0.0,0.0
2023-01-09 10:30:00-05:00,50.880001068115234,51.04999923706055,50.529998779296875,51.0,12860,0.0,0.0
2023-01-09 11:30:00-05:00,51.02000045776367,51.400001525878906,50.974998474121094,51.099998474121094,16150,0.0,0.0
2023-01-09 12:30:00-05:00,51.220001220703125,51.279998779296875,51.11000061035156,51.11000061035156,8664,0.0,0.0
2023-01-09 13:30:00-05:00,51.099998474121094,51.13999938964844,50.810001373291016,51.029998779296875,10943,0.0,0.0
2023-01-09 14:30:00-05:00,51.029998779296875,51.16999816894531,50.890098571777344,51.150001525878906,17120,0.0,0.0
2023-01-09 15:30:00-05:00,51.09000015258789,51.2400016784668,50.939998626708984,50.97999954223633,37089,0.0,0.0
2023-01-10 09:30:00-05:00,50.97999954223633,51.29499816894531,50.599998474121094,51.162498474121094,17320,0.0,0.0
2023-01-10 10:30:00-05:00,51.07500076293945,51.33000183105469,50.775001525878906,51.17499923706055,10053,0.0,0.0
2023-01-10 11:30:00-05:00,51.20000076293945,51.529998779296875,51.189998626708984,51.439998626708984,24059,0.0,0.0
2023-01-10 12:30:00-05:00,51.439998626708984,52.119998931884766,51.400001525878906,52.119998931884766,14670,0.0,0.0
2023-01-10 13:30:00-05:00,52.11000061035156,52.849998474121094,52.04999923706055,52.66999816894531,43635,0.0,0.0
2023-01-10 14:30:00-05:00,52.709999084472656,52.720001220703125,52.51499938964844,52.540000915527344,15517,0.0,0.0
2023-01-10 15:30:00-05:00,52.525001525878906,52.70500183105469,52.470001220703125,52.529998779296875,58686,0.0,0.0
2023-01-11 09:30:00-05:00,52.880001068115234,53.540000915527344,52.349998474121094,52.349998474121094,24258,0.0,0.0
2023-01-11 10:30:00-05:00,52.29999923706055,52.83000183105469,52.29999923706055,52.63999938964844,16008,0.0,0.0
2023-01-11 11:30:00-05:00,52.619998931884766,53.02000045776367,52.52000045776367,52.529998779296875,23229,0.0,0.0
2023-01-11 12:30:00-05:00,52.45000076293945,52.4900016784668,52.189998626708984,52.220001220703125,15938,0.0,0.0
2023-01-11 13:30:00-05:00,52.22999954223633,52.47999954223633,52.01499938964844,52.2400016784668,22574,0.0,0.0
2023-01-11 14:30:00-05:00,52.29999923706055,52.36000061035156,51.95000076293945,51.95000076293945,21108,0.0,0.0
2023-01-11 15:30:00-05:00,51.95000076293945,52.040000915527344,51.7400016784668,51.91999816894531,49961,0.0,0.0
2023-01-12 09:30:00-05:00,52.0099983215332,52.33000183105469,51.7953987121582,52.18000030517578,11479,0.0,0.0
2023-01-12 10:30:00-05:00,52.10499954223633,52.349998474121094,51.92499923706055,52.28499984741211,10087,0.0,0.0
2023-01-12 11:30:00-05:00,52.34000015258789,52.93000030517578,52.33000183105469,52.869998931884766,10442,0.0,0.0
2023-01-12 12:30:00-05:00,52.91999816894531,52.939998626708984,52.60499954223633,52.60499954223633,13714,0.0,0.0
2023-01-12 13:30:00-05:00,52.630001068115234,52.810001373291016,52.58000183105469,52.625,10482,0.0,0.0
2023-01-12 14:30:00-05:00,52.619998931884766,52.709999084472656,52.45000076293945,52.45000076293945,14891,0.0,0.0
2023-01-12 15:30:00-05:00,52.48500061035156,52.48500061035156,52.189998626708984,52.31999969482422,65876,0.0,0.0
2023-01-13 09:30:00-05:00,52.27000045776367,52.630001068115234,52.130001068115234,52.525001525878906,19934,0.0,0.0
2023-01-13 10:30:00-05:00,52.58000183105469,52.93000030517578,52.41999816894531,52.915000915527344,11153,0.0,0.0
2023-01-13 11:30:00-05:00,52.849998474121094,52.89500045776367,52.570098876953125,52.66419982910156,9417,0.0,0.0
2023-01-13 12:30:00-05:00,52.5900993347168,52.79999923706055,52.47999954223633,52.7599983215332,12754,0.0,0.0
2023-01-13 13:30:00-05:00,52.79999923706055,52.939998626708984,52.7400016784668,52.755001068115234,14282,0.0,0.0
2023-01-13 14:30:00-05:00,52.77000045776367,52.77000045776367,52.56999969482422,52.689998626708984,11243,0.0,0.0
2023-01-13 15:30:00-05:00,52.685001373291016,52.685001373291016,52.310001373291016,52.54999923706055,46832,0.0,0.0
2023-01-17 09:30:00-05:00,52.52000045776367,52.75,52.41999816894531,52.75,3891,0.0,0.0
2023-01-17 10:30:00-05:00,52.630001068115234,52.650001525878906,52.5,52.650001525878906,4450,0.0,0.0
2023-01-17 11:30:00-05:00,52.65999984741211,52.7400016784668,52.52000045776367,52.7400016784668,5155,0.0,0.0
2023-01-17 12:30:00-05:00,52.68000030517578,52.959999084472656,52.68000030517578,52.775001525878906,5100,0.0,0.0
2023-01-17 13:30:00-05:00,52.79800033569336,53.02000045776367,52.7599983215332,52.82500076293945,7247,0.0,0.0
2023-01-17 14:30:00-05:00,52.88999938964844,52.88999938964844,52.75,52.79999923706055,6444,0.0,0.0
2023-01-17 15:30:00-05:00,52.79999923706055,52.86000061035156,52.65999984741211,52.7599983215332,28557,0.0,0.0
2023-01-18 09:30:00-05:00,52.86000061035156,53.380001068115234,52.86000061035156,53.29999923706055,15441,0.0,0.0
2023-01-18 10:30:00-05:00,53.22999954223633,53.30500030517578,52.81999969482422,52.93000030517578,10307,0.0,0.0
2023-01-18 11:30:00-05:00,52.959999084472656,52.959999084472656,52.689998626708984,52.88999938964844,10921,0.0,0.0
2023-01-18 12:30:00-05:00,52.88999938964844,52.91999816894531,52.599998474121094,52.91999816894531,5680,0.0,0.0
2023-01-18 13:30:00-05:00,52.91999816894531,53.04999923706055,52.779998779296875,52.83000183105469,11625,0.0,0.0
2023-01-18 14:30:00-05:00,52.869998931884766,52.959999084472656,52.790000915527344,52.84000015258789,7629,0.0,0.0
2023-01-18 15:30:00-05:00,52.86000061035156,52.86000061035156,52.63999938964844,52.689998626708984,20170,0.0,0.0
2023-01-19 09:30:00-05:00,52.41999816894531,53.150001525878906,52.310001373291016,53.150001525878906,11016,0.0,0.0
2023-01-19 10:30:00-05:00,53.2599983215332,53.689998626708984,52.869998931884766,53.689998626708984,9916,0.0,0.0
2023-01-19 11:30:00-05:00,53.790000915527344,54.060001373291016,53.5099983215332,54.0099983215332,20382,0.0,0.0
2023-01-19 12:30:00-05:00,53.970001220703125,54.14500045776367,53.93000030517578,54.04999923706055,6355,0.0,0.0
2023-01-19 13:30:00-05:00,54.154998779296875,54.22999954223633,53.880001068115234,53.880001068115234,15496,0.0,0.0
2023-01-19 14:30:00-05:00,53.790000915527344,53.900001525878906,53.439998626708984,53.68299865722656,19266,0.0,0.0
2023-01-19 15:30:00-05:00,53.63999938964844,53.720001220703125,53.5099983215332,53.61000061035156,52722,0.0,0.0
2023-01-20 09:30:00-05:00,53.939998626708984,54.43000030517578,53.23500061035156,54.09000015258789,24777,0.0,0.0
2023-01-20 10:30:00-05:00,54.209999084472656,54.37030029296875,53.66999816894531,53.779998779296875,27501,0.0,0.0
2023-01-20 11:30:00-05:00,53.77000045776367,53.84000015258789,53.25,53.59000015258789,30246,0.0,0.0
2023-01-20 12:30:00-05:00,53.59000015258789,53.77000045776367,53.59000015258789,53.68000030517578,14037,0.0,0.0
2023-01-20 13:30:00-05:00,53.68000030517578,54.34000015258789,53.68000030517578,54.29999923706055,27265,0.0,0.0
2023-01-20 14:30:00-05:00,54.290000915527344,54.540000915527344,54.27000045776367,54.369998931884766,21152,0.0,0.0
2023-01-20 15:30:00-05:00,54.33000183105469,54.369998931884766,54.02000045776367,54.09000015258789,34394,0.0,0.0
2023-01-23 09:30:00-05:00,54.33000183105469,54.47999954223633,53.223899841308594,54.04999923706055,9892,0.0,0.0
2023-01-23 10:30:00-05:00,53.820098876953125,54.665000915527344,53.820098876953125,54.52000045776367,11353,0.0,0.0
2023-01-23 11:30:00-05:00,54.5099983215332,54.630001068115234,54.209999084472656,54.2400016784668,23637,0.0,0.0
2023-01-23 12:30:00-05:00,54.2495002746582,54.5,54.2495002746582,54.380001068115234,8280,0.0,0.0
2023-01-23 13:30:00-05:00,54.45000076293945,54.63999938964844,54.27000045776367,54.27000045776367,17540,0.0,0.0
2023-01-23 14:30:00-05:00,54.279998779296875,54.41999816894531,54.209999084472656,54.314998626708984,8651,0.0,0.0
2023-01-23 15:30:00-05:00,54.29999923706055,54.68899917602539,54.2400016784668,54.61000061035156,52520,0.0,0.0
2023-01-24 09:30:00-05:00,54.400001525878906,55.0,54.029998779296875,54.83639907836914,6313,0.0,0.0
2023-01-24 10:30:00-05:00,55.040000915527344,55.095001220703125,54.869998931884766,54.910099029541016,11098,0.0,0.0
2023-01-24 11:30:00-05:00,54.90999984741211,54.90999984741211,54.560001373291016,54.61000061035156,22278,0.0,0.0
2023-01-24 12:30:00-05:00,54.56010055541992,54.66999816894531,54.54999923706055,54.58000183105469,9590,0.0,0.0
2023-01-24 13:30:00-05:00,54.650001525878906,54.66999816894531,54.36000061035156,54.36000061035156,7071,0.0,0.0
2023-01-24 14:30:00-05:00,54.439998626708984,54.45000076293945,54.310001373291016,54.45000076293945,5769,0.0,0.0
2023-01-24 15:30:00-05:00,54.40999984741211,54.59000015258789,54.36000061035156,54.54999923706055,40219,0.0,0.0
2023-01-25 09:30:00-05:00,54.5,55.04999923706055,54.5,55.02130126953125,7506,0.0,0.0
2023-01-25 10:30:00-05:00,54.9900016784668,55.0,54.73500061035156,55.0,7159,0.0,0.0
2023-01-25 11:30:00-05:00,55.0,55.040000915527344,54.8650016784668,54.8650016784668,7796,0.0,0.0
2023-01-25 12:30:00-05:00,54.93000030517578,55.040000915527344,54.83000183105469,55.0099983215332,10258,0.0,0.0
2023-01-25 13:30:00-05:00,55.0,55.15999984741211,54.849998474121094,54.849998474121094,32256,0.0,0.0
2023-01-25 14:30:00-05:00,54.8650016784668,55.040000915527344,54.82500076293945,54.994998931884766,11196,0.0,0.0
2023-01-25 15:30:00-05:00,54.994998931884766,55.025001525878906,54.790000915527344,54.849998474121094,21688,0.0,0.0
2023-01-26 09:30:00-05:00,55.04999923706055,55.279998779296875,54.56999969482422,55.02000045776367,8272,0.0,0.0
2023-01-26 10:30:00-05:00,55.13999938964844,55.38999938964844,54.97999954223633,55.06999969482422,12615,0.0,0.0
2023-01-26 11:30:00-05:00,54.97999954223633,55.20000076293945,54.904998779296875,55.025001525878906,8967,0.0,0.0
2023-01-26 12:30:00-05:00,55.02000045776367,55.2400016784668,54.904998779296875,54.959999084472656,10638,0.0,0.0
2023-01-26 13:30:00-05:00,54.880001068115234,55.150001525878906,54.880001068115234,54.959999084472656,11122,0.0,0.0
2023-01-26 14:30:00-05:00,54.880001068115234,55.0,54.880001068115234,54.970001220703125,10405,0.0,0.0
2023-01-26 15:30:00-05:00,54.970001220703125,55.029998779296875,54.869998931884766,54.91999816894531,29894,0.0,0.0
2023-01-27 09:30:00-05:00,55.02000045776367,55.40999984741211,54.91999816894531,54.91999816894531,5640,0.0,0.0
2023-01-27 10:30:00-05:00,54.84000015258789,55.0099983215332,54.65999984741211,54.95000076293945,48398,0.0,0.0
2023-01-27 11:30:00-05:00,54.95000076293945,55.029998779296875,54.65999984741211,54.75709915161133,9406,0.0,0.0
2023-01-27 12:30:00-05:00,54.709999084472656,54.709999084472656,54.40999984741211,54.52000045776367,10644,0.0,0.0
2023-01-27 13:30:00-05:00,54.51689910888672,54.689998626708984,54.5,54.6150016784668,12673,0.0,0.0
2023-01-27 14:30:00-05:00,54.60499954223633,54.790000915527344,54.4900016784668,54.72999954223633,12955,0.0,0.0
2023-01-27 15:30:00-05:00,54.72999954223633,54.7599983215332,54.64500045776367,54.744998931884766,35896,0.0,0.0
2023-01-30 09:30:00-05:00,54.65999984741211,55.27000045776367,54.619998931884766,55.02000045776367,6086,0.0,0.0
2023-01-30 10:30:00-05:00,55.04999923706055,55.119998931884766,54.720001220703125,54.91999816894531,7303,0.0,0.0
2023-01-30 11:30:00-05:00,54.9900016784668,55.0,54.744998931884766,54.79499816894531,3289,0.0,0.0
2023-01-30 12:30:00-05:00,54.869998931884766,54.915000915527344,54.724998474121094,54.79499816894531,11884,0.0,0.0
2023-01-30 13:30:00-05:00,54.790000915527344,54.95000076293945,54.73500061035156,54.73500061035156,7588,0.0,0.0
2023-01-30 14:30:00-05:00,54.72999954223633,54.803199768066406,54.65999984741211,54.779998779296875,10695,0.0,0.0
2023-01-30 15:30:00-05:00,54.7599983215332,55.0,54.7599983215332,54.97999954223633,30809,0.0,0.0
2023-01-31 09:30:00-05:00,55.2400016784668,55.5099983215332,54.709999084472656,55.36000061035156,6420,0.0,0.0
2023-01-31 10:30:00-05:00,55.439998626708984,55.7400016784668,55.349998474121094,55.68000030517578,16103,0.0,0.0
2023-01-31 11:30:00-05:00,55.630001068115234,55.97999954223633,55.59000015258789,55.869998931884766,12202,0.0,0.0
2023-01-31 12:30:00-05:00,55.86000061035156,55.86000061035156,55.31999969482422,55.540000915527344,26557,0.0,0.0
2023-01-31 13:30:00-05:00,55.584999084472656,55.869998931884766,55.584999084472656,55.810001373291016,20908,0.0,0.0
2023-01-31 14:30:00-05:00,55.7599983215332,55.849998474121094,55.60139846801758,55.71500015258789,37523,0.0,0.0
2023-01-31 15:30:00-05:00,55.720001220703125,55.77000045776367,55.599998474121094,55.63999938964844,38998,0.0,0.0
2023-02-01 09:30:00-05:00,55.63999938964844,56.5,55.61000061035156,56.5,9075,0.0,0.0
2023-02-01 10:30:00-05:00,56.49250030517578,56.49250030517578,56.11000061035156,56.154998779296875,13665,0.0,0.0
2023-02-01 11:30:00-05:00,56.154998779296875,56.244998931884766,55.5,55.779998779296875,13194,0.0,0.0
2023-02-01 12:30:00-05:00,55.779998779296875,55.834999084472656,55.619998931884766,55.630001068115234,21020,0.0,0.0
2023-02-01 13:30:00-05:00,55.779998779296875,55.91999816894531,55.099998474121094,55.33000183105469,57003,0.0,0.0
2023-02-01 14:30:00-05:00,55.34000015258789,55.97999954223633,55.119998931884766,55.400001525878906,65456,0.0,0.0
2023-02-01 15:30:00-05:00,55.439998626708984,55.599998474121094,55.18000030517578,55.31999969482422,135226,0.0,0.0
2023-02-02 09:30:00-05:00,55.380001068115234,56.47999954223633,55.380001068115234,56.459999084472656,28695,0.0,0.0
2023-02-02 10:30:00-05:00,56.54999923706055,56.720001220703125,56.47999954223633,56.540000915527344,21049,0.0,0.0
2023-02-02 11:30:00-05:00,56.59000015258789,57.130001068115234,56.45000076293945,56.91999816894531,32855,0.0,0.0
2023-02-02 12:30:00-05:00,56.94499969482422,57.01499938964844,56.43000030517578,56.5,31054,0.0,0.0
2023-02-02 13:30:00-05:00,56.5,57.0099983215332,56.5,56.922401428222656,27107,0.0,0.0
2023-02-02 14:30:00-05:00,56.935001373291016,56.97999954223633,56.4900016784668,56.810001373291016,39768,0.0,0.0
2023-02-02 15:30:00-05:00,56.810001373291016,57.244998931884766,56.810001373291016,56.9900016784668,144363,0.0,0.0
2023-02-03 09:30:00-05:00,56.630001068115234,57.45000076293945,56.59920120239258,57.119998931884766,12409,0.0,0.0
2023-02-03 10:30:00-05:00,57.119998931884766,57.77000045776367,56.81999969482422,57.58000183105469,31844,0.0,0.0
2023-02-03 11:30:00-05:00,57.619998931884766,57.83000183105469,57.40999984741211,57.54999923706055,16287,0.0,0.0
2023-02-03 12:30:00-05:00,57.599998474121094,57.91999816894531,57.3650016784668,57.380001068115234,18274,0.0,0.0
2023-02-03 13:30:00-05:00,57.349998474121094,57.689998626708984,57.27000045776367,57.39500045776367,67085,0.0,0.0
2023-02-03 14:30:00-05:00,57.40999984741211,57.709999084472656,57.25,57.459999084472656,42769,0.0,0.0
2023-02-03 15:30:00-05:00,57.45000076293945,57.4900016784668,57.060001373291016,57.41999816894531,74089,0.0,0.0
2023-02-06 09:30:00-05:00,57.33000183105469,57.33000183105469,56.224998474121094,56.2599983215332,13022,0.0,0.0
2023-02-06 10:30:00-05:00,56.255001068115234,56.970001220703125,56.255001068115234,56.970001220703125,34218,0.0,0.0
2023-02-06 11:30:00-05:00,56.900001525878906,57.25,56.86000061035156,57.08000183105469,43889,0.0,0.0
2023-02-06 12:30:00-05:00,57.08000183105469,57.380001068115234,57.06999969482422,57.25,29560,0.0,0.0
2023-02-06 13:30:00-05:00,57.27000045776367,57.34000015258789,57.17499923706055,57.20000076293945,18951,0.0,0.0
2023-02-06 14:30:00-05:00,57.209999084472656,57.31999969482422,56.8650016784668,57.02000045776367,22539,0.0,0.0
2023-02-06 15:30:00-05:00,56.97999954223633,57.33000183105469,56.95000076293945,57.33000183105469,44686,0.0,0.0
2023-02-07 09:30:00-05:00,57.06999969482422,57.625,57.0,57.349998474121094,23333,0.0,0.0
2023-02-07 10:30:00-05:00,57.279998779296875,57.756900787353516,57.279998779296875,57.599998474121094,16120,0.0,0.0
2023-02-07 11:30:00-05:00,57.525001525878906,57.65999984741211,57.25,57.34000015258789,11566,0.0,0.0
2023-02-07 12:30:00-05:00,57.29499816894531,57.689998626708984,57.040000915527344,57.119998931884766,29630,0.0,0.0
2023-02-07 13:30:00-05:00,57.040000915527344,57.560001373291016,56.79999923706055,57.470001220703125,16711,0.0,0.0
2023-02-07 14:30:00-05:00,57.58000183105469,57.64500045776367,57.43000030517578,57.56999969482422,11627,0.0,0.0
2023-02-07 15:30:00-05:00,57.540000915527344,57.720001220703125,57.380001068115234,57.40999984741211,25933,0.0,0.0
2023-02-08 09:30:00-05:00,57.09000015258789,57.47999954223633,56.9900016784668,57.25,15785,0.0,0.0
2023-02-08 10:30:00-05:00,57.23500061035156,57.36000061035156,57.15999984741211,57.16999816894531,21062,0.0,0.0
2023-02-08 11:30:00-05:00,57.130001068115234,57.334999084472656,56.95500183105469,57.310001373291016,10849,0.0,0.0
2023-02-08 12:30:00-05:00,57.33000183105469,57.540000915527344,57.33000183105469,57.5099983215332,10079,0.0,0.0
2023-02-08 13:30:00-05:00,57.459999084472656,57.459999084472656,57.13999938964844,57.279998779296875,9443,0.0,0.0
2023-02-08 14:30:00-05:00,57.25,57.36000061035156,57.15999984741211,57.36000061035156,14379,0.0,0.0
2023-02-08 15:30:00-05:00,57.36000061035156,57.51499938964844,57.22999954223633,57.27000045776367,32672,0.0,0.0
2023-02-09 09:30:00-05:00,57.40999984741211,57.790000915527344,57.40999984741211,57.779998779296875,6180,0.0,0.0
2023-02-09 10:30:00-05:00,57.86000061035156,57.86000061035156,57.619998931884766,57.66999816894531,5937,0.0,0.0
2023-02-09 11:30:00-05:00,57.560001373291016,57.56999969482422,57.310001373291016,57.41999816894531,4271,0.0,0.0
2023-02-09 12:30:00-05:00,57.290000915527344,57.310001373291016,57.06999969482422,57.310001373291016,8020,0.0,0.0
2023-02-09 13:30:00-05:00,57.25,57.369998931884766,57.16999816894531,57.29999923706055,8709,0.0,0.0
2023-02-09 14:30:00-05:00,57.290000915527344,57.54499816894531,57.0,57.2400016784668,177961,0.0,0.0
2023-02-09 15:30:00-05:00,57.22999954223633,57.439998626708984,57.22999954223633,57.33100128173828,23122,0.0,0.0
2023-02-10 09:30:00-05:00,57.290000915527344,57.67729949951172,57.290000915527344,57.58000183105469,7388,0.0,0.0
2023-02-10 10:30:00-05:00,57.42499923706055,57.647701263427734,56.564998626708984,56.564998626708984,25378,0.0,0.0
2023-02-10 11:30:00-05:00,56.56999969482422,56.779998779296875,56.369998931884766,56.599998474121094,9828,0.0,0.0
2023-02-10 12:30:00-05:00,56.59000015258789,56.823699951171875,56.369998931884766,56.823699951171875,8271,0.0,0.0
2023-02-10 13:30:00-05:00,56.75,56.790000915527344,56.560001373291016,56.560001373291016,7390,0.0,0.0
2023-02-10 14:30:00-05:00,56.59000015258789,56.86000061035156,56.59000015258789,56.814998626708984,31932,0.0,0.0
2023-02-10 15:30:00-05:00,56.86000061035156,57.40999984741211,56.86000061035156,57.400001525878906,61052,0.0,0.0
2023-02-13 09:30:00-05:00,57.29999923706055,57.4900016784668,57.255001068115234,57.369998931884766,7703,0.0,0.0
2023-02-13 10:30:00-05:00,57.36000061035156,57.529998779296875,57.310001373291016,57.41999816894531,3938,0.0,0.0
2023-02-13 11:30:00-05:00,57.40999984741211,57.4900016784668,57.25,57.29999923706055,7281,0.0,0.0
2023-02-13 12:30:00-05:00,57.27000045776367,57.58000183105469,57.22999954223633,57.560001373291016,7692,0.0,0.0
2023-02-13 13:30:00-05:00,57.540000915527344,57.75,57.400001525878906,57.439998626708984,16041,0.0,0.0
2023-02-13 14:30:00-05:00,57.44499969482422,57.54999923706055,57.33000183105469,57.400001525878906,17990,0.0,0.0
2023-02-13 15:30:00-05:00,57.43000030517578,57.70500183105469,57.400001525878906,57.630001068115234,49032,0.0,0.0
2023-02-14 09:30:00-05:00,57.0,57.0,54.2400016784668,55.650001525878906,55067,0.0,0.0
2023-02-14 10:30:00-05:00,55.650001525878906,55.900001525878906,55.404998779296875,55.65999984741211,18867,0.0,0.0
2023-02-14 11:30:00-05:00,55.59000015258789,55.65999984741211,55.349998474121094,55.40999984741211,13673,0.0,0.0
2023-02-14 12:30:00-05:00,55.380001068115234,56.02000045776367,55.33000183105469,55.779998779296875,12405,0.0,0.0
2023-02-14 13:30:00-05:00,55.7400016784668,55.80540084838867,55.64500045776367,55.70000076293945,7531,0.0,0.0
2023-02-14 14:30:00-05:00,55.75,55.81999969482422,55.61000061035156,55.70500183105469,9859,0.0,0.0
2023-02-14 15:30:00-05:00,55.670101165771484,55.869998931884766,55.529998779296875,55.625,40956,0.0,0.0
2023-02-15 09:30:00-05:00,55.540000915527344,56.125,55.47999954223633,55.849998474121094,19389,0.0,0.0
2023-02-15 10:30:00-05:00,55.88999938964844,56.630001068115234,55.8650016784668,56.45500183105469,31209,0.0,0.0
2023-02-15 11:30:00-05:00,56.415000915527344,56.5099983215332,56.130001068115234,56.130001068115234,8914,0.0,0.0
2023-02-15 12:30:00-05:00,56.185001373291016,56.540000915527344,56.150001525878906,56.5,10063,0.0,0.0
2023-02-15 13:30:00-05:00,56.470001220703125,56.58000183105469,56.41999816894531,56.439998626708984,16891,0.0,0.0
2023-02-15 14:30:00-05:00,56.45000076293945,56.5099983215332,56.21500015258789,56.279998779296875,20478,0.0,0.0
2023-02-15 15:30:00-05:00,56.27000045776367,56.68000030517578,56.255001068115234,56.66999816894531,61442,0.0,0.0
2023-02-16 09:30:00-05:00,56.36000061035156,56.54999923706055,56.220001220703125,56.53499984741211,11861,0.0,0.0
2023-02-16 10:30:00-05:00,56.529998779296875,56.84000015258789,56.400001525878906,56.52000045776367,16933,0.0,0.0
2023-02-16 11:30:00-05:00,56.47999954223633,56.529998779296875,56.29999923706055,56.31999969482422,10001,0.0,0.0
2023-02-16 12:30:00-05:00,56.3849983215332,56.70000076293945,56.36000061035156,56.63999938964844,8669,0.0,0.0
2023-02-16 13:30:00-05:00,56.599998474121094,56.7400016784668,56.470001220703125,56.630001068115234,7370,0.0,0.0
2023-02-16 14:30:00-05:00,56.73500061035156,56.75,56.38999938964844,56.41999816894531,10967,0.0,0.0
2023-02-16 15:30:00-05:00,56.41999816894531,56.97999954223633,56.349998474121094,56.880001068115234,95966,0.0,0.0
2023-02-17 09:30:00-05:00,57.06999969482422,58.43000030517578,56.90999984741211,58.400001525878906,32216,0.0,0.0
2023-02-17 10:30:00-05:00,58.29999923706055,58.459999084472656,57.55500030517578,57.55500030517578,29329,0.0,0.0
2023-02-17 11:30:00-05:00,57.650001525878906,58.0099983215332,57.59000015258789,58.0,10852,0.0,0.0
2023-02-17 12:30:00-05:00,58.0,58.0,57.650001525878906,57.79999923706055,11512,0.0,0.0
2023-02-17 13:30:00-05:00,57.79010009765625,57.900001525878906,57.7599983215332,57.845001220703125,10578,0.0,0.0
2023-02-17 14:30:00-05:00,57.869998931884766,58.095001220703125,57.709999084472656,57.720001220703125,19682,0.0,0.0
2023-02-17 15:30:00-05:00,57.69499969482422,57.779998779296875,57.380001068115234,57.54999923706055,47816,0.0,0.0
2023-02-21 09:30:00-05:00,57.20000076293945,58.08000183105469,57.20000076293945,57.775001525878906,28259,0.0,0.0
2023-02-21 10:30:00-05:00,57.869998931884766,58.040000915527344,57.5,57.79499816894531,31339,0.0,0.0
2023-02-21 11:30:00-05:00,57.689998626708984,57.84000015258789,57.380001068115234,57.63999938964844,25322,0.0,0.0
2023-02-21 12:30:00-05:00,57.65999984741211,57.880001068115234,57.599998474121094,57.63999938964844,20395,0.0,0.0
2023-02-21 13:30:00-05:00,57.68000030517578,57.75,57.57500076293945,57.75,21435,0.0,0.0
2023-02-21 14:30:00-05:00,57.724998474121094,58.08000183105469,57.70500183105469,58.07500076293945,25857,0.0,0.0
2023-02-21 15:30:00-05:00,58.08000183105469,58.154998779296875,57.400001525878906,57.47999954223633,49102,0.0,0.0
2023-02-22 09:30:00-05:00,56.56999969482422,57.709999084472656,56.400001525878906,57.20000076293945,34906,0.0,0.0
2023-02-22 10:30:00-05:00,57.15999984741211,57.34000015258789,56.790000915527344,57.04999923706055,13948,0.0,0.0
2023-02-22 11:30:00-05:00,57.084999084472656,57.27000045776367,57.04999923706055,57.09000015258789,8688,0.0,0.0
2023-02-22 12:30:00-05:00,56.900001525878906,57.38999938964844,56.900001525878906,57.13999938964844,9766,0.0,0.0
2023-02-22 13:30:00-05:00,57.16999816894531,57.30500030517578,57.119998931884766,57.22999954223633,10098,0.0,0.0
2023-02-22 14:30:00-05:00,57.189998626708984,57.29999923706055,56.8650016784668,56.98500061035156,23122,0.0,0.0
2023-02-22 15:30:00-05:00,56.9900016784668,57.099998474121094,56.84000015258789,57.0989990234375,45596,0.0,0.0
2023-02-23 09:30:00-05:00,53.369998931884766,53.52000045776367,51.2599983215332,52.23500061035156,273277,0.0,0.0
2023-02-23 10:30:00-05:00,52.23500061035156,52.779998779296875,52.10499954223633,52.31999969482422,104431,0.0,0.0
2023-02-23 11:30:00-05:00,52.314998626708984,52.9900016784668,52.279998779296875,52.529998779296875,81971,0.0,0.0
2023-02-23 12:30:00-05:00,52.4900016784668,52.900001525878906,52.40999984741211,52.7411003112793,53559,0.0,0.0
2023-02-23 13:30:00-05:00,52.70000076293945,53.3849983215332,52.54499816894531,53.26499938964844,49955,0.0,0.0
2023-02-23 14:30:00-05:00,53.31999969482422,54.0,53.29999923706055,53.86000061035156,40696,0.0,0.0
2023-02-23 15:30:00-05:00,53.8650016784668,54.084999084472656,53.665000915527344,53.709999084472656,123359,0.0,0.0
2023-02-24 09:30:00-05:00,53.2599983215332,53.63999938964844,52.2599983215332,53.51499938964844,52239,0.0,0.0
2023-02-24 10:30:00-05:00,53.63999938964844,53.7599983215332,53.22999954223633,53.54999923706055,28674,0.0,0.0
2023-02-24 11:30:00-05:00,53.52000045776367,53.650001525878906,53.2400016784668,53.375,25173,0.0,0.0
2023-02-24 12:30:00-05:00,53.375,53.5,53.1150016784668,53.345001220703125,45338,0.0,0.0
2023-02-24 13:30:00-05:00,53.349998474121094,53.720001220703125,53.290000915527344,53.5,23149,0.0,0.0
2023-02-24 14:30:00-05:00,53.5,53.665000915527344,53.474998474121094,53.599998474121094,27674,0.0,0.0
2023-02-24 15:30:00-05:00,53.584999084472656,53.75,53.58000183105469,53.75,83194,0.0,0.0
2023-02-27 09:30:00-05:00,54.04999923706055,54.84000015258789,53.61249923706055,54.2599983215332,20948,0.0,0.0
2023-02-27 10:30:00-05:00,54.18000030517578,54.369998931884766,53.95000076293945,54.05500030517578,18397,0.0,0.0
2023-02-27 11:30:00-05:00,53.97999954223633,54.119998931884766,53.939998626708984,54.064998626708984,12499,0.0,0.0
2023-02-27 12:30:00-05:00,54.040000915527344,54.09000015258789,53.775001525878906,53.775001525878906,16709,0.0,0.0
2023-02-27 13:30:00-05:00,53.810001373291016,53.959999084472656,53.70000076293945,53.83100128173828,18400,0.0,0.0
2023-02-27 14:30:00-05:00,53.84000015258789,53.86000061035156,53.43000030517578,53.45000076293945,24885,0.0,0.0
2023-02-27 15:30:00-05:00,53.43000030517578,53.67499923706055,53.345001220703125,53.59000015258789,59597,0.0,0.0
2023-02-28 09:30:00-05:00,50.7599983215332,51.505001068115234,49.70500183105469,50.91999816894531,151019,0.0,0.0
2023-02-28 10:30:00-05:00,50.84000015258789,52.529998779296875,50.84000015258789,51.97999954223633,123327,0.0,0.0
2023-02-28 11:30:00-05:00,51.96500015258789,52.209999084472656,51.64500045776367,51.970001220703125,45651,0.0,0.0
2023-02-28 12:30:00-05:00,51.9900016784668,52.97999954223633,51.98500061035156,52.7400016784668,62411,0.0,0.0
2023-02-28 13:30:00-05:00,52.77000045776367,53.5099983215332,52.68000030517578,53.2599983215332,87757,0.0,0.0
2023-02-28 14:30:00-05:00,53.2599983215332,53.27000045776367,52.130001068115234,52.16999816894531,59971,0.0,0.0
2023-02-28 15:30:00-05:00,52.150001525878906,52.19499969482422,51.220001220703125,51.709999084472656,166295,0.0,0.0
2023-03-01 09:30:00-05:00,51.58000183105469,52.52000045776367,51.58000183105469,52.16999816894531,1767219,0.0,0.0
2023-03-01 10:30:00-05:00,52.17499923706055,52.5099983215332,51.84000015258789,52.02000045776367,298655,0.0,0.0
2023-03-01 11:30:00-05:00,52.0099983215332,52.27000045776367,51.52000045776367,51.970001220703125,121155,0.0,0.0
2023-03-01 12:30:00-05:00,51.95000076293945,52.380001068115234,51.91999816894531,52.36000061035156,53290,0.0,0.0
2023-03-01 13:30:00-05:00,52.36000061035156,52.70500183105469,52.29999923706055,52.65999984741211,44826,0.0,0.0
2023-03-01 14:30:00-05:00,52.66999816894531,52.76499938964844,52.459999084472656,52.75,33638,0.0,0.0
2023-03-01 15:30:00-05:00,52.779998779296875,52.939998626708984,52.720001220703125,52.90999984741211,62512,0.0,0.0
2023-03-02 09:30:00-05:00,52.58000183105469,52.67060089111328,52.2400016784668,52.4900016784668,140908,0.0,0.0
2023-03-02 10:30:00-05:00,52.31999969482422,52.36000061035156,51.880001068115234,51.880001068115234,14250,0.0,0.0
2023-03-02 11:30:00-05:00,51.84000015258789,52.540000915527344,51.79999923706055,52.43000030517578,17697,0.0,0.0
2023-03-02 12:30:00-05:00,52.40999984741211,52.45000076293945,52.04999923706055,52.42499923706055,13260,0.0,0.0
2023-03-02 13:30:00-05:00,52.38999938964844,52.79999923706055,52.369998931884766,52.59000015258789,19372,0.0,0.0
2023-03-02 14:30:00-05:00,52.55500030517578,53.5,52.55500030517578,53.4900016784668,68440,0.0,0.0
2023-03-02 15:30:00-05:00,53.474998474121094,53.68000030517578,53.474998474121094,53.63999938964844,112986,0.0,0.0
2023-03-03 09:30:00-05:00,53.84000015258789,53.90999984741211,53.22999954223633,53.36000061035156,13887,0.0,0.0
2023-03-03 10:30:00-05:00,53.27000045776367,53.709999084472656,53.27000045776367,53.65999984741211,11894,0.0,0.0
2023-03-03 11:30:00-05:00,53.709999084472656,54.02000045776367,53.70000076293945,54.02000045776367,15324,0.0,0.0
2023-03-03 12:30:00-05:00,54.04999923706055,54.04999923706055,53.599998474121094,53.88999938964844,19014,0.0,0.0
2023-03-03 13:30:00-05:00,53.880001068115234,53.93000030517578,53.470001220703125,53.650001525878906,20814,0.0,0.0
2023-03-03 14:30:00-05:00,53.68000030517578,53.810001373291016,53.625,53.75,37010,0.0,0.0
2023-03-03 15:30:00-05:00,53.68000030517578,53.68000030517578,53.470001220703125,53.540000915527344,37218,0.0,0.0
2023-03-06 09:30:00-05:00,53.72999954223633,53.72999954223633,52.744998931884766,52.9900016784668,11752,0.0,0.0
2023-03-06 10:30:00-05:00,52.939998626708984,52.939998626708984,51.91999816894531,52.150001525878906,23143,0.0,0.0
2023-03-06 11:30:00-05:00,52.099998474121094,52.099998474121094,51.22999954223633,51.310001373291016,22910,0.0,0.0
2023-03-06 12:30:00-05:00,51.30500030517578,51.400001525878906,50.810001373291016,51.04999923706055,35938,0.0,0.0
2023-03-06 13:30:00-05:00,51.060001373291016,51.27000045776367,50.810001373291016,51.25,29128,0.0,0.0
2023-03-06 14:30:00-05:00,51.290000915527344,52.05500030517578,51.2599983215332,51.869998931884766,80822,0.0,0.0
2023-03-06 15:30:00-05:00,51.890899658203125,52.09000015258789,51.595001220703125,52.060001373291016,49337,0.0,0.0
2023-03-07 09:30:00-05:00,52.18000030517578,52.2400016784668,51.5099983215332,51.61000061035156,11192,0.0,0.0
2023-03-07 10:30:00-05:00,51.689998626708984,51.83000183105469,51.36000061035156,51.36000061035156,7703,0.0,0.0
2023-03-07 11:30:00-05:00,51.33000183105469,51.38999938964844,50.869998931884766,50.88999938964844,13745,0.0,0.0
2023-03-07 12:30:00-05:00,50.787601470947266,51.220001220703125,50.650001525878906,51.220001220703125,33702,0.0,0.0
2023-03-07 13:30:00-05:00,51.23500061035156,51.439998626708984,50.7400016784668,51.040000915527344,87339,0.0,0.0
2023-03-07 14:30:00-05:00,51.029998779296875,51.400001525878906,50.75,50.86000061035156,83227,0.0,0.0
2023-03-07 15:30:00-05:00,50.83000183105469,50.88999938964844,50.689998626708984,50.7400016784668,42530,0.0,0.0
2023-03-08 09:30:00-05:00,50.869998931884766,50.92499923706055,50.060001373291016,50.86000061035156,14848,0.0,0.0
2023-03-08 10:30:00-05:00,50.7400016784668,50.7400016784668,50.349998474121094,50.54499816894531,14208,0.0,0.0
2023-03-08 11:30:00-05:00,50.56999969482422,50.6349983215332,50.290000915527344,50.349998474121094,12662,0.0,0.0
2023-03-08 12:30:00-05:00,50.2599983215332,50.31999969482422,50.029998779296875,50.040000915527344,16155,0.0,0.0
2023-03-08 13:30:00-05:00,50.06999969482422,50.150001525878906,49.959999084472656,50.01499938964844,15023,0.0,0.0
2023-03-08 14:30:00-05:00,49.97999954223633,50.02000045776367,49.78499984741211,49.95100021362305,20768,0.0,0.0
2023-03-08 15:30:00-05:00,49.959999084472656,50.56999969482422,49.959999084472656,50.529998779296875,61676,0.0,0.0
2023-03-09 09:30:00-05:00,50.439998626708984,50.90999984741211,50.43000030517578,50.43000030517578,11768,0.0,0.0
2023-03-09 10:30:00-05:00,50.58000183105469,50.959999084472656,50.41999816894531,50.73500061035156,14684,0.0,0.0
2023-03-09 11:30:00-05:00,50.69499969482422,50.7599983215332,50.459999084472656,50.60499954223633,15721,0.0,0.0
2023-03-09 12:30:00-05:00,50.59000015258789,50.59000015258789,50.380001068115234,50.47999954223633,14719,0.0,0.0
2023-03-09 13:30:00-05:00,50.470001220703125,50.689998626708984,50.209999084472656,50.63999938964844,19271,0.0,0.0
2023-03-09 14:30:00-05:00,50.599998474121094,50.63999938964844,50.16999816894531,50.189998626708984,21945,0.0,0.0
2023-03-09 15:30:00-05:00,50.150001525878906,50.22999954223633,49.9900016784668,50.0099983215332,33603,0.0,0.0
2023-03-10 09:30:00-05:00,49.77000045776367,49.86000061035156,48.80500030517578,49.16999816894531,35080,0.0,0.0
2023-03-10 10:30:00-05:00,49.15999984741211,49.43000030517578,48.85499954223633,49.400001525878906,20299,0.0,0.0
2023-03-10 11:30:00-05:00,49.5,49.56999969482422,48.880001068115234,48.95000076293945,13203,0.0,0.0
2023-03-10 12:30:00-05:00,48.880001068115234,49.27000045776367,48.439998626708984,48.439998626708984,15226,0.0,0.0
2023-03-10 13:30:00-05:00,48.52000045776367,48.95000076293945,48.369998931884766,48.779998779296875,22314,0.0,0.0
2023-03-10 14:30:00-05:00,48.90999984741211,49.189998626708984,48.73500061035156,49.01499938964844,46008,0.0,0.0
2023-03-10 15:30:00-05:00,49.04999923706055,49.07500076293945,48.720001220703125,48.91999816894531,48215,0.0,0.0
2023-03-13 09:30:00-04:00,48.11000061035156,48.810001373291016,46.900001525878906,46.9900016784668,38695,0.0,0.0
2023-03-13 10:30:00-04:00,47.06999969482422,47.63999938964844,46.900001525878906,47.540000915527344,23969,0.0,0.0
2023-03-13 11:30:00-04:00,47.54499816894531,47.77000045776367,47.18000030517578,47.369998931884766,17759,0.0,0.0
2023-03-13 12:30:00-04:00,47.310001373291016,47.459999084472656,46.94499969482422,47.0,17871,0.0,0.0
2023-03-13 13:30:00-04:00,47.0,47.40999984741211,47.0,47.334999084472656,18369,0.0,0.0
2023-03-13 14:30:00-04:00,47.41999816894531,47.619998931884766,47.290000915527344,47.4900016784668,30500,0.0,0.0
2023-03-13 15:30:00-04:00,47.47999954223633,47.724998474121094,47.099998474121094,47.209999084472656,61332,0.0,0.0
2023-03-14 09:30:00-04:00,48.52000045776367,48.75,47.650001525878906,47.84000015258789,12170,0.0,0.0
2023-03-14 10:30:00-04:00,47.83000183105469,48.59000015258789,47.77000045776367,48.4900016784668,400392,0.0,0.0
2023-03-14 11:30:00-04:00,48.5,48.529998779296875,48.189998626708984,48.23500061035156,30351,0.0,0.0
2023-03-14 12:30:00-04:00,48.2400016784668,48.36000061035156,47.18000030517578,47.560001373291016,28687,0.0,0.0
2023-03-14 13:30:00-04:00,47.560001373291016,47.810001373291016,46.880001068115234,47.189998626708984,29480,0.0,0.0
2023-03-14 14:30:00-04:00,47.20000076293945,47.27000045776367,46.939998626708984,47.13999938964844,49004,0.0,0.0
2023-03-14 15:30:00-04:00,47.11000061035156,47.29999923706055,46.849998474121094,47.150001525878906,156335,0.0,0.0
2023-03-15 09:30:00-04:00,46.16999816894531,46.85499954223633,45.52000045776367,46.5,59944,0.0,0.0
2023-03-15 10:30:00-04:00,46.4900016784668,46.70500183105469,46.23500061035156,46.23500061035156,24173,0.0,0.0
2023-03-15 11:30:00-04:00,46.25,46.45000076293945,46.189998626708984,46.290000915527344,24705,0.0,0.0
2023-03-15 12:30:00-04:00,46.31999969482422,46.34000015258789,45.84000015258789,46.2400016784668,37415,0.0,0.0
2023-03-15 13:30:00-04:00,46.2400016784668,46.625,45.93000030517578,46.439998626708984,25139,0.0,0.0
2023-03-15 14:30:00-04:00,46.47999954223633,46.63999938964844,46.22999954223633,46.619998931884766,37999,0.0,0.0
2023-03-15 15:30:00-04:00,46.599998474121094,46.630001068115234,46.349998474121094,46.560001373291016,72218,0.0,0.0
2023-03-16 09:30:00-04:00,45.939998626708984,46.43000030517578,45.33000183105469,45.404998779296875,36242,0.0,0.0
2023-03-16 10:30:00-04:00,45.33000183105469,46.19499969482422,45.310001373291016,46.19499969482422,47616,0.0,0.0
2023-03-16 11:30:00-04:00,46.17499923706055,46.59000015258789,46.119998931884766,46.20500183105469,76995,0.0,0.0
2023-03-16 12:30:00-04:00,46.2400016784668,46.83000183105469,45.97999954223633,46.61000061035156,40110,0.0,0.0
2023-03-16 13:30:00-04:00,46.689998626708984,46.7400016784668,46.529998779296875,46.709999084472656,32198,0.0,0.0
2023-03-16 14:30:00-04:00,46.724998474121094,47.150001525878906,46.70000076293945,47.040000915527344,58131,0.0,0.0
2023-03-16 15:30:00-04:00,47.040000915527344,47.11000061035156,46.88999938964844,46.970001220703125,54909,0.0,0.0
2023-03-17 09:30:00-04:00,46.630001068115234,46.81999969482422,46.025001525878906,46.15999984741211,63686,0.0,0.0
2023-03-17 10:30:00-04:00,46.06999969482422,46.189998626708984,45.94499969482422,46.10499954223633,34769,0.0,0.0
2023-03-17 11:30:00-04:00,46.060001373291016,46.41999816894531,46.060001373291016,46.33000183105469,17203,0.0,0.0
2023-03-17 12:30:00-04:00,46.38999938964844,46.52750015258789,45.9900016784668,46.119998931884766,20545,0.0,0.0
2023-03-17 13:30:00-04:00,46.14500045776367,46.23500061035156,46.07500076293945,46.189998626708984,19932,0.0,0.0
2023-03-17 14:30:00-04:00,46.119998931884766,46.310001373291016,46.040000915527344,46.290000915527344,23490,0.0,0.0
2023-03-17 15:30:00-04:00,46.28499984741211,46.28499984741211,45.25,45.45000076293945,126695,0.0,0.0
2023-03-20 09:30:00-04:00,45.91999816894531,46.75,45.91999816894531,46.75,11811,0.0,0.0
2023-03-20 10:30:00-04:00,46.650001525878906,46.91999816894531,46.650001525878906,46.900001525878906,14667,0.0,0.0
2023-03-20 11:30:00-04:00,46.904998779296875,46.904998779296875,46.290000915527344,46.349998474121094,8943,0.0,0.0
2023-03-20 12:30:00-04:00,46.380001068115234,46.790000915527344,46.31999969482422,46.61000061035156,17546,0.0,0.0
2023-03-20 13:30:00-04:00,46.54999923706055,46.54999923706055,46.09000015258789,46.11000061035156,16009,0.0,0.0
2023-03-20 14:30:00-04:00,46.10499954223633,46.189998626708984,45.810001373291016,46.189998626708984,29542,0.0,0.0
2023-03-20 15:30:00-04:00,46.23749923706055,46.279998779296875,46.11000061035156,46.119998931884766,39246,0.0,0.0
2023-03-21 09:30:00-04:00,46.77000045776367,47.38999938964844,46.5,46.52000045776367,21214,0.0,0.0
2023-03-21 10:30:00-04:00,46.45000076293945,46.66999816894531,46.380001068115234,46.59000015258789,20388,0.0,0.0
2023-03-21 11:30:00-04:00,46.5099983215332,46.512001037597656,46.09000015258789,46.27000045776367,19192,0.0,0.0
2023-03-21 12:30:00-04:00,46.29999923706055,46.52000045776367,46.119998931884766,46.4900016784668,13920,0.0,0.0
2023-03-21 13:30:00-04:00,46.4900016784668,46.560001373291016,46.060001373291016,46.16999816894531,16235,0.0,0.0
2023-03-21 14:30:00-04:00,46.119998931884766,46.2599983215332,46.03499984741211,46.25,17310,0.0,0.0
2023-03-21 15:30:00-04:00,46.2599983215332,46.349998474121094,46.18000030517578,46.209999084472656,35970,0.0,0.0
2023-03-22 09:30:00-04:00,46.27000045776367,46.27000045776367,45.45000076293945,45.70000076293945,32340,0.0,0.0
2023-03-22 10:30:00-04:00,45.7400016784668,45.7400016784668,45.35499954223633,45.35499954223633,24016,0.0,0.0
2023-03-22 11:30:00-04:00,45.33000183105469,45.81999969482422,45.33000183105469,45.73500061035156,40499,0.0,0.0
2023-03-22 12:30:00-04:00,45.720001220703125,45.720001220703125,45.400001525878906,45.470001220703125,34924,0.0,0.0
2023-03-22 13:30:00-04:00,45.5099983215332,46.04999923706055,45.43000030517578,45.61000061035156,33920,0.0,0.0
2023-03-22 14:30:00-04:00,45.779998779296875,46.0,45.130001068115234,45.470001220703125,59555,0.0,0.0
2023-03-22 15:30:00-04:00,45.470001220703125,45.5,44.65999984741211,44.65999984741211,94005,0.0,0.0
2023-03-23 09:30:00-04:00,44.720001220703125,44.939998626708984,44.349998474121094,44.5099983215332,66601,0.0,0.0
2023-03-23 10:30:00-04:00,44.494998931884766,45.290000915527344,44.46500015258789,45.18000030517578,15362,0.0,0.0
2023-03-23 11:30:00-04:00,45.20000076293945,45.20000076293945,44.85810089111328,44.88999938964844,8095,0.0,0.0
2023-03-23 12:30:00-04:00,44.84000015258789,44.849998474121094,44.459999084472656,44.64500045776367,17662,0.0,0.0
2023-03-23 13:30:00-04:00,44.599998474121094,44.72999954223633,44.540000915527344,44.540000915527344,29731,0.0,0.0
2023-03-23 14:30:00-04:00,44.56999969482422,44.70000076293945,44.25,44.40999984741211,31154,0.0,0.0
2023-03-23 15:30:00-04:00,44.38999938964844,44.75,44.290000915527344,44.59000015258789,73000,0.0,0.0
2023-03-24 09:30:00-04:00,44.279998779296875,44.310001373291016,43.83000183105469,44.13999938964844,29842,0.0,0.0
2023-03-24 10:30:00-04:00,44.25659942626953,44.29999923706055,43.650001525878906,44.27000045776367,25309,0.0,0.0
2023-03-24 11:30:00-04:00,44.29999923706055,45.0099983215332,44.2400016784668,44.83000183105469,11064,0.0,0.0
2023-03-24 12:30:00-04:00,44.81999969482422,45.06999969482422,44.79999923706055,44.95000076293945,10216,0.0,0.0
2023-03-24 13:30:00-04:00,44.959999084472656,45.04999923706055,44.75,44.900001525878906,13839,0.0,0.0
2023-03-24 14:30:00-04:00,44.93000030517578,45.220001220703125,44.93000030517578,45.220001220703125,21739,0.0,0.0
2023-03-24 15:30:00-04:00,45.220001220703125,45.2599983215332,45.09000015258789,45.220001220703125,40074,0.0,0.0
2023-03-27 09:30:00-04:00,45.93000030517578,46.290000915527344,45.45000076293945,45.599998474121094,17991,0.0,0.0
2023-03-27 10:30:00-04:00,45.540000915527344,45.935001373291016,45.290000915527344,45.38999938964844,15961,0.0,0.0
2023-03-27 11:30:00-04:00,45.459999084472656,45.834999084472656,45.44499969482422,45.78499984741211,14799,0.0,0.0
2023-03-27 12:30:00-04:00,45.845001220703125,46.005001068115234,45.845001220703125,46.005001068115234,20345,0.0,0.0
2023-03-27 13:30:00-04:00,46.02000045776367,46.279998779296875,45.90999984741211,46.279998779296875,50876,0.0,0.0
2023-03-27 14:30:00-04:00,46.2599983215332,46.709999084472656,46.06999969482422,46.61859893798828,62638,0.0,0.0
2023-03-27 15:30:00-04:00,46.599998474121094,46.959999084472656,46.58000183105469,46.88999938964844,91373,0.0,0.0
2023-03-28 09:30:00-04:00,48.189998626708984,48.70000076293945,47.400001525878906,48.33000183105469,84526,0.0,0.0
2023-03-28 10:30:00-04:00,48.310001373291016,48.5,48.209999084472656,48.439998626708984,24454,0.0,0.0
2023-03-28 11:30:00-04:00,48.45000076293945,48.65999984741211,48.38999938964844,48.54999923706055,26342,0.0,0.0
2023-03-28 12:30:00-04:00,48.568599700927734,48.619998931884766,48.2599983215332,48.619998931884766,28939,0.0,0.0
2023-03-28 13:30:00-04:00,48.599998474121094,48.70500183105469,48.2599983215332,48.47999954223633,55964,0.0,0.0
2023-03-28 14:30:00-04:00,48.45000076293945,48.790000915527344,48.439998626708984,48.70000076293945,33550,0.0,0.0
2023-03-28 15:30:00-04:00,48.70000076293945,48.80500030517578,48.599998474121094,48.619998931884766,149511,0.0,0.0
2023-03-29 09:30:00-04:00,48.79999923706055,48.79999923706055,48.25,48.31999969482422,22338,0.0,0.0
2023-03-29 10:30:00-04:00,48.415000915527344,48.439998626708984,47.95000076293945,48.31999969482422,20421,0.0,0.0
2023-03-29 11:30:00-04:00,48.375,48.459999084472656,48.2599983215332,48.45000076293945,16205,0.0,0.0
2023-03-29 12:30:00-04:00,48.5,48.5,48.150001525878906,48.2599983215332,15780,0.0,0.0
2023-03-29 13:30:00-04:00,48.220001220703125,48.689998626708984,48.14500045776367,48.6349983215332,24148,0.0,0.0
2023-03-29 14:30:00-04:00,48.58000183105469,48.87900161743164,48.5,48.845001220703125,34395,0.0,0.0
2023-03-29 15:30:00-04:00,48.845001220703125,48.970001220703125,48.59000015258789,48.720001220703125,51773,0.0,0.0
2023-03-30 09:30:00-04:00,48.95000076293945,49.470001220703125,48.595001220703125,49.150001525878906,13908,0.0,0.0
2023-03-30 10:30:00-04:00,49.154998779296875,49.38999938964844,48.959999084472656,49.06999969482422,16776,0.0,0.0
2023-03-30 11:30:00-04:00,49.02000045776367,49.11000061035156,48.849998474121094,48.93000030517578,12069,0.0,0.0
2023-03-30 12:30:00-04:00,48.880001068115234,49.02000045776367,48.77000045776367,48.900001525878906,9965,0.0,0.0
2023-03-30 13:30:00-04:00,48.915000915527344,48.97999954223633,48.79999923706055,48.91999816894531,9902,0.0,0.0
2023-03-30 14:30:00-04:00,48.93000030517578,48.974998474121094,48.790000915527344,48.880001068115234,14625,0.0,0.0
2023-03-30 15:30:00-04:00,48.88999938964844,49.209999084472656,48.845001220703125,49.09000015258789,32529,0.0,0.0
2023-03-31 09:30:00-04:00,49.27000045776367,49.77000045776367,48.779998779296875,49.59000015258789,27552,0.0,0.0
2023-03-31 10:30:00-04:00,49.595001220703125,49.939998626708984,49.595001220703125,49.91999816894531,36314,0.0,0.0
2023-03-31 11:30:00-04:00,49.900001525878906,50.33000183105469,49.779998779296875,50.25,25434,0.0,0.0
2023-03-31 12:30:00-04:00,50.279998779296875,50.470001220703125,50.099998474121094,50.3849983215332,15150,0.0,0.0
2023-03-31 13:30:00-04:00,50.3849983215332,50.650001525878906,49.959999084472656,50.13999938964844,41294,0.0,0.0
2023-03-31 14:30:00-04:00,50.11000061035156,50.45000076293945,50.11000061035156,50.2599983215332,46142,0.0,0.0
2023-03-31 15:30:00-04:00,50.29999923706055,50.79999923706055,50.18000030517578,50.45000076293945,160952,0.0,0.0
2023-04-03 09:30:00-04:00,50.41999816894531,50.81999969482422,50.20000076293945,50.67499923706055,22396,0.0,0.0
2023-04-03 10:30:00-04:00,50.630001068115234,50.630001068115234,49.86000061035156,49.959999084472656,26103,0.0,0.0
2023-04-03 11:30:00-04:00,49.9900016784668,50.22999954223633,49.9900016784668,50.22999954223633,16531,0.0,0.0
2023-04-03 12:30:00-04:00,50.34000015258789,50.529998779296875,50.29999923706055,50.404998779296875,16581,0.0,0.0
2023-04-03 13:30:00-04:00,50.404998779296875,50.41999816894531,50.08000183105469,50.3650016784668,19459,0.0,0.0
2023-04-03 14:30:00-04:00,50.38999938964844,50.540000915527344,50.25,50.540000915527344,30328,0.0,0.0
2023-04-03 15:30:00-04:00,50.53499984741211,50.53499984741211,50.400001525878906,50.400001525878906,74623,0.0,0.0
2023-04-04 09:30:00-04:00,50.5099983215332,50.849998474121094,50.064998626708984,50.2400016784668,22773,0.0,0.0
2023-04-04 10:30:00-04:00,50.2400016784668,50.31999969482422,49.709999084472656,50.029998779296875,36756,0.0,0.0
2023-04-04 11:30:00-04:00,50.02000045776367,50.2599983215332,49.974998474121094,50.2599983215332,18817,0.0,0.0
2023-04-04 12:30:00-04:00,50.31999969482422,50.474998474121094,50.314998626708984,50.314998626708984,16211,0.0,0.0
2023-04-04 13:30:00-04:00,50.33000183105469,50.505001068115234,50.2400016784668,50.290000915527344,16821,0.0,0.0
2023-04-04 14:30:00-04:00,50.290000915527344,50.50400161743164,50.279998779296875,50.439998626708984,20710,0.0,0.0
2023-04-04 15:30:00-04:00,50.42499923706055,50.59000015258789,50.30500030517578,50.470001220703125,54533,0.0,0.0
2023-04-05 09:30:00-04:00,50.369998931884766,50.709999084472656,50.099998474121094,50.56999969482422,22535,0.0,0.0
2023-04-05 10:30:00-04:00,50.540000915527344,50.65999984741211,50.369998931884766,50.65999984741211,39413,0.0,0.0
2023-04-05 11:30:00-04:00,50.66999816894531,50.96500015258789,50.66999816894531,50.90999984741211,16683,0.0,0.0
2023-04-05 12:30:00-04:00,51.029998779296875,51.10499954223633,50.91999816894531,51.084999084472656,15438,0.0,0.0
2023-04-05 13:30:00-04:00,51.029998779296875,51.060001373291016,50.44499969482422,50.529998779296875,22269,0.0,0.0
2023-04-05 14:30:00-04:00,50.52000045776367,50.70500183105469,50.40999984741211,50.689998626708984,25413,0.0,0.0
2023-04-05 15:30:00-04:00,50.68000030517578,51.0,50.61000061035156,50.939998626708984,62575,0.0,0.0
2023-04-06 09:30:00-04:00,51.150001525878906,51.45000076293945,50.83000183105469,51.15999984741211,21835,0.0,0.0
2023-04-06 10:30:00-04:00,51.130001068115234,51.16999816894531,50.90999984741211,51.16999816894531,19188,0.0,0.0
2023-04-06 11:30:00-04:00,51.18000030517578,51.20000076293945,51.09000015258789,51.11000061035156,15298,0.0,0.0
2023-04-06 12:30:00-04:00,51.12900161743164,51.25,51.099998474121094,51.16999816894531,31738,0.0,0.0
2023-04-06 13:30:00-04:00,51.17499923706055,51.17499923706055,50.56999969482422,50.619998931884766,24783,0.0,0.0
2023-04-06 14:30:00-04:00,50.619998931884766,50.685001373291016,50.45000076293945,50.53499984741211,35665,0.0,0.0
2023-04-06 15:30:00-04:00,50.53499984741211,50.66999816894531,50.435001373291016,50.650001525878906,62230,0.0,0.0
2023-04-10 09:30:00-04:00,50.63999938964844,51.619998931884766,50.63999938964844,51.29499816894531,21290,0.0,0.0
2023-04-10 10:30:00-04:00,51.29999923706055,51.36000061035156,50.869998931884766,50.89500045776367,23340,0.0,0.0
2023-04-10 11:30:00-04:00,50.90999984741211,50.9900016784668,50.38999938964844,50.38999938964844,21127,0.0,0.0
2023-04-10 12:30:00-04:00,50.404998779296875,50.63999938964844,50.34000015258789,50.6150016784668,24590,0.0,0.0
2023-04-10 13:30:00-04:00,50.64500045776367,50.755001068115234,50.52000045776367,50.650001525878906,26065,0.0,0.0
2023-04-10 14:30:00-04:00,50.64500045776367,50.88999938964844,50.64500045776367,50.84000015258789,34190,0.0,0.0
2023-04-10 15:30:00-04:00,50.915000915527344,51.06999969482422,50.814998626708984,50.970001220703125,58892,0.0,0.0
2023-04-11 09:30:00-04:00,51.060001373291016,51.65999984741211,51.060001373291016,51.20000076293945,11373,0.0,0.0
2023-04-11 10:30:00-04:00,51.2400016784668,51.26499938964844,50.95000076293945,51.26499938964844,14532,0.0,0.0
2023-04-11 11:30:00-04:00,51.29499816894531,51.56999969482422,51.29499816894531,51.529998779296875,11344,0.0,0.0
2023-04-11 12:30:00-04:00,51.57500076293945,51.7400016784668,51.560001373291016,51.66999816894531,8535,0.0,0.0
2023-04-11 13:30:00-04:00,51.66999816894531,51.810001373291016,51.60499954223633,51.76499938964844,13526,0.0,0.0
2023-04-11 14:30:00-04:00,51.779998779296875,51.900001525878906,51.56999969482422,51.875,40911,0.0,0.0
2023-04-11 15:30:00-04:00,51.88999938964844,51.88999938964844,51.709999084472656,51.849998474121094,32551,0.0,0.0
2023-04-12 09:30:00-04:00,52.310001373291016,52.310001373291016,51.93000030517578,52.25,5855,0.0,0.0
2023-04-12 10:30:00-04:00,52.25,52.33000183105469,52.119998931884766,52.22999954223633,12971,0.0,0.0
2023-04-12 11:30:00-04:00,52.22999954223633,52.689998626708984,52.20000076293945,52.63999938964844,15834,0.0,0.0
2023-04-12 12:30:00-04:00,52.665000915527344,53.0,52.60499954223633,52.9900016784668,7275,0.0,0.0
2023-04-12 13:30:00-04:00,52.95000076293945,53.36000061035156,52.86000061035156,53.099998474121094,35372,0.0,0.0
2023-04-12 14:30:00-04:00,53.13999938964844,53.36000061035156,53.040000915527344,53.04499816894531,18300,0.0,0.0
2023-04-12 15:30:00-04:00,53.0099983215332,53.25,52.880001068115234,52.9900016784668,43056,0.0,0.0
2023-04-13 09:30:00-04:00,52.97999954223633,52.97999954223633,52.560001373291016,52.91999816894531,5521,0.0,0.0
2023-04-13 10:30:00-04:00,52.970001220703125,53.209999084472656,52.88999938964844,53.209999084472656,11794,0.0,0.0
2023-04-13 11:30:00-04:00,53.189998626708984,53.33000183105469,53.18000030517578,53.33000183105469,5320,0.0,0.0
2023-04-13 12:30:00-04:00,53.310001373291016,53.5,53.310001373291016,53.41999816894531,6401,0.0,0.0
2023-04-13 13:30:00-04:00,53.40999984741211,53.54999923706055,53.27000045776367,53.34000015258789,11631,0.0,0.0
2023-04-13 14:30:00-04:00,53.33000183105469,53.5099983215332,53.31999969482422,53.380001068115234,17551,0.0,0.0
2023-04-13 15:30:00-04:00,53.38999938964844,53.41999816894531,53.119998931884766,53.189998626708984,51058,0.0,0.0
2023-04-14 09:30:00-04:00,53.43000030517578,53.77000045776367,53.20500183105469,53.279998779296875,20855,0.0,0.0
2023-04-14 10:30:00-04:00,53.29499816894531,53.52000045776367,53.04499816894531,53.20000076293945,12640,0.0,0.0
2023-04-14 11:30:00-04:00,53.16999816894531,53.16999816894531,52.849998474121094,52.880001068115234,8213,0.0,0.0
2023-04-14 12:30:00-04:00,52.84000015258789,52.90999984741211,52.73500061035156,52.90999984741211,12769,0.0,0.0
2023-04-14 13:30:00-04:00,52.61000061035156,52.744998931884766,52.5099983215332,52.654998779296875,9146,0.0,0.0
2023-04-14 14:30:00-04:00,52.67499923706055,52.720001220703125,52.47999954223633,52.58000183105469,15736,0.0,0.0
2023-04-14 15:30:00-04:00,52.60749816894531,52.93000030517578,52.60749816894531,52.7400016784668,34259,0.0,0.0
2023-04-17 09:30:00-04:00,52.54999923706055,52.564998626708984,52.130001068115234,52.279998779296875,10084,0.0,0.0
2023-04-17 10:30:00-04:00,52.230098724365234,52.685001373291016,52.20000076293945,52.58000183105469,12292,0.0,0.0
2023-04-17 11:30:00-04:00,52.58000183105469,52.58000183105469,52.470001220703125,52.5,8254,0.0,0.0
2023-04-17 12:30:00-04:00,52.51499938964844,52.61000061035156,52.31999969482422,52.31999969482422,10518,0.0,0.0
2023-04-17 13:30:00-04:00,52.36000061035156,52.45000076293945,52.224998474121094,52.31999969482422,9647,0.0,0.0
2023-04-17 14:30:00-04:00,52.33000183105469,52.7400016784668,52.29999923706055,52.7400016784668,10248,0.0,0.0
2023-04-17 15:30:00-04:00,52.709999084472656,52.71500015258789,52.57500076293945,52.65999984741211,20535,0.0,0.0
2023-04-18 09:30:00-04:00,52.72999954223633,53.040000915527344,52.130001068115234,52.130001068115234,7177,0.0,0.0
2023-04-18 10:30:00-04:00,52.04999923706055,52.13999938964844,51.83000183105469,51.974998474121094,10437,0.0,0.0
2023-04-18 11:30:00-04:00,52.040000915527344,52.130001068115234,52.02000045776367,52.08000183105469,4272,0.0,0.0
2023-04-18 12:30:00-04:00,52.029998779296875,52.08000183105469,51.66999816894531,51.66999816894531,12258,0.0,0.0
2023-04-18 13:30:00-04:00,51.630001068115234,51.630001068115234,51.40999984741211,51.43000030517578,17775,0.0,0.0
2023-04-18 14:30:00-04:00,51.47999954223633,51.720001220703125,51.415000915527344,51.625,16122,0.0,0.0
2023-04-18 15:30:00-04:00,51.602500915527344,51.65999984741211,51.48500061035156,51.59000015258789,30047,0.0,0.0
2023-04-19 09:30:00-04:00,51.33000183105469,51.599998474121094,51.29999923706055,51.599998474121094,6418,0.0,0.0
2023-04-19 10:30:00-04:00,51.43000030517578,51.599998474121094,51.41999816894531,51.41999816894531,9089,0.0,0.0
2023-04-19 11:30:00-04:00,51.380001068115234,51.5,51.314998626708984,51.400001525878906,8437,0.0,0.0
2023-04-19 12:30:00-04:00,51.400001525878906,51.619998931884766,51.38999938964844,51.4900016784668,7635,0.0,0.0
2023-04-19 13:30:00-04:00,51.540000915527344,51.7400016784668,51.53499984741211,51.720001220703125,8456,0.0,0.0
2023-04-19 14:30:00-04:00,51.7599983215332,51.900001525878906,51.7400016784668,51.880001068115234,12915,0.0,0.0
2023-04-19 15:30:00-04:00,51.849998474121094,51.869998931884766,51.53499984741211,51.7400016784668,31276,0.0,0.0
2023-04-20 09:30:00-04:00,51.470001220703125,51.470001220703125,51.25,51.43000030517578,7104,0.0,0.0
2023-04-20 10:30:00-04:00,51.540000915527344,51.54999923706055,51.27000045776367,51.310001373291016,7720,0.0,0.0
2023-04-20 11:30:00-04:00,51.27000045776367,51.290000915527344,51.11000061035156,51.189998626708984,5232,0.0,0.0
2023-04-20 12:30:00-04:00,51.220001220703125,51.220001220703125,51.08000183105469,51.11000061035156,5955,0.0,0.0
2023-04-20 13:30:00-04:00,51.099998474121094,51.099998474121094,50.900001525878906,50.96500015258789,5318,0.0,0.0
2023-04-20 14:30:00-04:00,50.97999954223633,50.97999954223633,50.779998779296875,50.900001525878906,10042,0.0,0.0
2023-04-20 15:30:00-04:00,50.88999938964844,51.16999816894531,50.88999938964844,51.15999984741211,28235,0.0,0.0
2023-04-21 09:30:00-04:00,51.119998931884766,51.43000030517578,50.84000015258789,51.029998779296875,12485,0.0,0.0
2023-04-21 10:30:00-04:00,51.02000045776367,51.02000045776367,50.63999938964844,50.810001373291016,5145,0.0,0.0
2023-04-21 11:30:00-04:00,50.83000183105469,50.98759841918945,50.83000183105469,50.97999954223633,2781,0.0,0.0
2023-04-21 12:30:00-04:00,50.970001220703125,51.099998474121094,50.939998626708984,50.95000076293945,6368,0.0,0.0
2023-04-21 13:30:00-04:00,50.97999954223633,51.36000061035156,50.959999084472656,51.36000061035156,7250,0.0,0.0
2023-04-21 14:30:00-04:00,51.3650016784668,51.45000076293945,51.2599983215332,51.34000015258789,11044,0.0,0.0
2023-04-21 15:30:00-04:00,51.31999969482422,51.7599983215332,51.29999923706055,51.720001220703125,24699,0.0,0.0
2023-04-24 09:30:00-04:00,51.849998474121094,52.34000015258789,51.5099983215332,52.275001525878906,13049,0.0,0.0
2023-04-24 10:30:00-04:00,52.41999816894531,52.41999816894531,51.959999084472656,52.04999923706055,9822,0.0,0.0
2023-04-24 11:30:00-04:00,52.06999969482422,52.220001220703125,52.06999969482422,52.220001220703125,8160,0.0,0.0
2023-04-24 12:30:00-04:00,52.25,52.334999084472656,52.185001373291016,52.31999969482422,4959,0.0,0.0
2023-04-24 13:30:00-04:00,52.32500076293945,52.375,52.22999954223633,52.31999969482422,6302,0.0,0.0
2023-04-24 14:30:00-04:00,52.310001373291016,52.41999816894531,52.119998931884766,52.20100021362305,20741,0.0,0.0
2023-04-24 15:30:00-04:00,52.22999954223633,52.243099212646484,52.0099983215332,52.20000076293945,22583,0.0,0.0
2023-04-25 09:30:00-04:00,51.709999084472656,52.220001220703125,51.494998931884766,51.769901275634766,8979,0.0,0.0
2023-04-25 10:30:00-04:00,51.65999984741211,51.849998474121094,51.650001525878906,51.84000015258789,7587,0.0,0.0
2023-04-25 11:30:00-04:00,51.790000915527344,51.810001373291016,51.689998626708984,51.720001220703125,4631,0.0,0.0
2023-04-25 12:30:00-04:00,51.689998626708984,51.779998779296875,51.439998626708984,51.470001220703125,9634,0.0,0.0
2023-04-25 13:30:00-04:00,51.439998626708984,51.45000076293945,51.20000076293945,51.31999969482422,6445,0.0,0.0
2023-04-25 14:30:00-04:00,51.34000015258789,51.41999816894531,51.25,51.2599983215332,9847,0.0,0.0
2023-04-25 15:30:00-04:00,51.209999084472656,51.34000015258789,51.13999938964844,51.2599983215332,20036,0.0,0.0
2023-04-26 09:30:00-04:00,50.900001525878906,51.150001525878906,50.79999923706055,50.81999969482422,9745,0.0,0.0
2023-04-26 10:30:00-04:00,50.880001068115234,50.90999984741211,50.7599983215332,50.849998474121094,3933,0.0,0.0
2023-04-26 11:30:00-04:00,50.88999938964844,50.95000076293945,50.63999938964844,50.72999954223633,9457,0.0,0.0
2023-04-26 12:30:00-04:00,50.80500030517578,50.83000183105469,50.65999984741211,50.720001220703125,6446,0.0,0.0
2023-04-26 13:30:00-04:00,50.689998626708984,50.720001220703125,50.38999938964844,50.43000030517578,9383,0.0,0.0
2023-04-26 14:30:00-04:00,50.470001220703125,50.470001220703125,50.152000427246094,50.369998931884766,15263,0.0,0.0
2023-04-26 15:30:00-04:00,50.36000061035156,50.439998626708984,50.279998779296875,50.290000915527344,28614,0.0,0.0
2023-04-27 09:30:00-04:00,50.650001525878906,51.2400016784668,50.650001525878906,50.75,11112,0.0,0.0
2023-04-27 10:30:00-04:00,50.709999084472656,50.724998474121094,50.255001068115234,50.439998626708984,10516,0.0,0.0
2023-04-27 11:30:00-04:00,50.41999816894531,50.650001525878906,50.40999984741211,50.650001525878906,7917,0.0,0.0
2023-04-27 12:30:00-04:00,50.650001525878906,50.70000076293945,50.41999816894531,50.470001220703125,8408,0.0,0.0
2023-04-27 13:30:00-04:00,50.459999084472656,50.59000015258789,50.439998626708984,50.59000015258789,11471,0.0,0.0
2023-04-27 14:30:00-04:00,50.599998474121094,50.77000045776367,50.529998779296875,50.66999816894531,12297,0.0,0.0
2023-04-27 15:30:00-04:00,50.59000015258789,50.66999816894531,50.439998626708984,50.61000061035156,29927,0.0,0.0
2023-04-28 09:30:00-04:00,50.619998931884766,51.40999984741211,50.55500030517578,51.40999984741211,7184,0.0,0.0
2023-04-28 10:30:00-04:00,51.2599983215332,51.5,50.974998474121094,51.290000915527344,10939,0.0,0.0
2023-04-28 11:30:00-04:00,51.310001373291016,51.36000061035156,51.209999084472656,51.29999923706055,3286,0.0,0.0
2023-04-28 12:30:00-04:00,51.36000061035156,51.38999938964844,51.224998474121094,51.224998474121094,7007,0.0,0.0
2023-04-28 13:30:00-04:00,51.189998626708984,51.2599983215332,51.09000015258789,51.099998474121094,9478,0.0,0.0
2023-04-28 14:30:00-04:00,51.11000061035156,51.13999938964844,50.97999954223633,51.029998779296875,13996,0.0,0.0
2023-04-28 15:30:00-04:00,51.13999938964844,51.40999984741211,51.08000183105469,51.310001373291016,27967,0.0,0.0
2023-05-01 09:30:00-04:00,51.349998474121094,51.61000061035156,51.349998474121094,51.40999984741211,5926,0.0,0.0
2023-05-01 10:30:00-04:00,51.54999923706055,52.06999969482422,51.400001525878906,51.54999923706055,37380,0.0,0.0
2023-05-01 11:30:00-04:00,51.41999816894531,51.41999816894531,51.22999954223633,51.29999923706055,5032,0.0,0.0
2023-05-01 12:30:00-04:00,51.46500015258789,51.46500015258789,51.125,51.30500030517578,7720,0.0,0.0
2023-05-01 13:30:00-04:00,51.060001373291016,51.119998931884766,50.93000030517578,51.08000183105469,7631,0.0,0.0
2023-05-01 14:30:00-04:00,51.029998779296875,51.1150016784668,50.849998474121094,50.959999084472656,15365,0.0,0.0
2023-05-01 15:30:00-04:00,50.97999954223633,51.08000183105469,50.91999816894531,51.029998779296875,26111,0.0,0.0
2023-05-02 09:30:00-04:00,50.810001373291016,51.099998474121094,49.0099983215332,49.11000061035156,40981,0.0,0.0
2023-05-02 10:30:00-04:00,49.1150016784668,49.220001220703125,48.52000045776367,49.04999923706055,39901,0.0,0.0
2023-05-02 11:30:00-04:00,48.970001220703125,49.04499816894531,48.77000045776367,48.91999816894531,12357,0.0,0.0
2023-05-02 12:30:00-04:00,48.93000030517578,49.290000915527344,48.88999938964844,49.224998474121094,14285,0.0,0.0
2023-05-02 13:30:00-04:00,49.19240188598633,49.220001220703125,49.00199890136719,49.060001373291016,18123,0.0,0.0
2023-05-02 14:30:00-04:00,49.1150016784668,49.439998626708984,49.08000183105469,49.41999816894531,19909,0.0,0.0
2023-05-02 15:30:00-04:00,49.369998931884766,49.599998474121094,49.310001373291016,49.349998474121094,40316,0.0,0.0
2023-05-03 09:30:00-04:00,49.45000076293945,49.7400016784668,48.75,49.15999984741211,13592,0.0,0.0
2023-05-03 10:30:00-04:00,49.20000076293945,49.2400016784668,48.68000030517578,48.709999084472656,14717,0.0,0.0
2023-05-03 11:30:00-04:00,48.619998931884766,48.84000015258789,48.540000915527344,48.755001068115234,15709,0.0,0.0
2023-05-03 12:30:00-04:00,48.689998626708984,48.869998931884766,48.625,48.68000030517578,17042,0.0,0.0
2023-05-03 13:30:00-04:00,48.68000030517578,49.290000915527344,48.65999984741211,49.130001068115234,59179,0.0,0.0
2023-05-03 14:30:00-04:00,49.11000061035156,49.40999984741211,48.810001373291016,48.810001373291016,34049,0.0,0.0
2023-05-03 15:30:00-04:00,48.75,48.93000030517578,48.650001525878906,48.779998779296875,62004,0.0,0.0
2023-05-04 09:30:00-04:00,45.560001373291016,45.77000045776367,42.5,45.03499984741211,123394,0.0,0.0
2023-05-04 10:30:00-04:00,45.029998779296875,46.119998931884766,44.34000015258789,45.519901275634766,58109,0.0,0.0
2023-05-04 11:30:00-04:00,45.404598236083984,46.77000045776367,45.029998779296875,46.279998779296875,68798,0.0,0.0
2023-05-04 12:30:00-04:00,46.20000076293945,47.61000061035156,46.06999969482422,47.40999984741211,23598,0.0,0.0
2023-05-04 13:30:00-04:00,47.33000183105469,48.1150016784668,47.119998931884766,47.27000045776367,73972,0.0,0.0
2023-05-04 14:30:00-04:00,47.279998779296875,47.5,46.83000183105469,47.3849983215332,33379,0.0,0.0
2023-05-04 15:30:00-04:00,47.375,47.375,46.849998474121094,46.91999816894531,79381,0.0,0.0
2023-05-05 09:30:00-04:00,47.58000183105469,49.0,47.474998474121094,48.630001068115234,36009,0.0,0.0
2023-05-05 10:30:00-04:00,48.529998779296875,48.81999969482422,47.8849983215332,48.005001068115234,30162,0.0,0.0
2023-05-05 11:30:00-04:00,47.97999954223633,48.314998626708984,47.970001220703125,48.0099983215332,11663,0.0,0.0
2023-05-05 12:30:00-04:00,47.91999816894531,48.0,47.59000015258789,47.7599983215332,15684,0.0,0.0
2023-05-05 13:30:00-04:00,47.834999084472656,48.5099983215332,47.834999084472656,48.5099983215332,14202,0.0,0.0
2023-05-05 14:30:00-04:00,48.48500061035156,48.66999816894531,48.11000061035156,48.154998779296875,16473,0.0,0.0
2023-05-05 15:30:00-04:00,48.13999938964844,48.56999969482422,47.97999954223633,48.56999969482422,63672,0.0,0.0
2023-05-08 09:30:00-04:00,48.619998931884766,48.71500015258789,47.369998931884766,47.369998931884766,0,0.0,0.0
2023-05-08 10:30:00-04:00,47.4900016784668,47.61000061035156,47.099998474121094,47.099998474121094,15918,0.0,0.0
2023-05-08 11:30:00-04:00,47.0099983215332,47.0906982421875,46.75,47.040000915527344,22925,0.0,0.0
2023-05-08 12:30:00-04:00,46.97999954223633,47.529998779296875,46.96500015258789,47.42499923706055,14117,0.0,0.0
2023-05-08 13:30:00-04:00,47.3849983215332,47.650001525878906,47.2400016784668,47.60499954223633,19471,0.0,0.0
2023-05-08 14:30:00-04:00,47.61000061035156,47.79999923706055,47.5099983215332,47.59000015258789,21852,0.0,0.0
2023-05-08 15:30:00-04:00,47.61000061035156,47.650001525878906,47.29999923706055,47.56999969482422,53489,0.0,0.0
2023-05-09 09:30:00-04:00,47.349998474121094,47.349998474121094,45.48500061035156,45.560001373291016,64579,0.0,0.0
2023-05-09 10:30:00-04:00,45.53929901123047,45.55500030517578,44.4900016784668,44.80500030517578,84840,0.0,0.0
2023-05-09 11:30:00-04:00,44.80500030517578,45.71500015258789,44.80500030517578,45.150001525878906,44537,0.0,0.0
2023-05-09 12:30:00-04:00,45.27000045776367,45.45000076293945,45.02000045776367,45.20000076293945,32639,0.0,0.0
2023-05-09 13:30:00-04:00,45.279998779296875,45.349998474121094,44.79999923706055,45.130001068115234,33936,0.0,0.0
2023-05-09 14:30:00-04:00,45.154998779296875,45.91999816894531,45.130001068115234,45.91999816894531,36070,0.0,0.0
2023-05-09 15:30:00-04:00,45.94499969482422,45.94499969482422,45.439998626708984,45.58000183105469,91427,0.0,0.0
2023-05-10 09:30:00-04:00,46.20000076293945,47.689998626708984,45.58000183105469,45.849998474121094,32799,0.0,0.0
2023-05-10 10:30:00-04:00,45.810001373291016,45.810001373291016,45.29499816894531,45.45000076293945,25500,0.0,0.0
2023-05-10 11:30:00-04:00,45.439998626708984,45.595001220703125,45.314998626708984,45.5,19520,0.0,0.0
2023-05-10 12:30:00-04:00,45.54999923706055,45.65999984741211,45.22999954223633,45.27000045776367,29227,0.0,0.0
2023-05-10 13:30:00-04:00,45.25,45.77000045776367,45.23500061035156,45.625,22586,0.0,0.0
2023-05-10 14:30:00-04:00,45.625,45.72999954223633,45.43000030517578,45.61000061035156,44912,0.0,0.0
2023-05-10 15:30:00-04:00,45.60499954223633,45.89500045776367,45.529998779296875,45.83000183105469,65285,0.0,0.0
2023-05-11 09:30:00-04:00,45.75,45.79499816894531,45.025001525878906,45.13999938964844,13548,0.0,0.0
2023-05-11 10:30:00-04:00,45.12779998779297,45.560001373291016,45.12779998779297,45.25,9216,0.0,0.0
2023-05-11 11:30:00-04:00,45.2599983215332,45.69499969482422,45.2599983215332,45.34000015258789,20850,0.0,0.0
2023-05-11 12:30:00-04:00,45.25,45.58000183105469,45.13999938964844,45.58000183105469,12628,0.0,0.0
2023-05-11 13:30:00-04:00,45.52000045776367,45.540000915527344,45.22999954223633,45.34000015258789,13337,0.0,0.0
2023-05-11 14:30:00-04:00,45.290000915527344,45.529998779296875,45.290000915527344,45.409000396728516,15788,0.0,0.0
2023-05-11 15:30:00-04:00,45.369998931884766,45.43000030517578,45.15999984741211,45.20500183105469,35674,0.0,0.0
2023-05-12 09:30:00-04:00,45.400001525878906,45.57500076293945,44.81999969482422,44.95000076293945,35314,0.0,0.0
2023-05-12 10:30:00-04:00,44.88999938964844,44.97999954223633,44.650001525878906,44.70000076293945,10993,0.0,0.0
2023-05-12 11:30:00-04:00,44.720001220703125,45.060001373291016,44.720001220703125,44.80500030517578,21666,0.0,0.0
2023-05-12 12:30:00-04:00,44.81999969482422,44.86000061035156,44.63999938964844,44.720001220703125,16014,0.0,0.0
2023-05-12 13:30:00-04:00,44.709999084472656,44.849998474121094,44.5,44.72999954223633,22082,0.0,0.0
2023-05-12 14:30:00-04:00,44.64099884033203,44.65999984741211,44.36000061035156,44.36000061035156,23104,0.0,0.0
2023-05-12 15:30:00-04:00,44.34749984741211,44.35499954223633,44.029998779296875,44.220001220703125,63776,0.0,0.0
2023-05-15 09:30:00-04:00,44.45000076293945,45.099998474121094,44.29999923706055,45.099998474121094,15618,0.0,0.0
2023-05-15 10:30:00-04:00,45.290000915527344,45.369998931884766,45.06999969482422,45.13999938964844,10489,0.0,0.0
2023-05-15 11:30:00-04:00,45.09000015258789,45.13999938964844,44.88999938964844,45.13999938964844,5979,0.0,0.0
2023-05-15 12:30:00-04:00,45.15999984741211,45.5099983215332,45.11000061035156,45.5099983215332,10008,0.0,0.0
2023-05-15 13:30:00-04:00,45.459999084472656,45.459999084472656,45.04999923706055,45.2400016784668,12627,0.0,0.0
2023-05-15 14:30:00-04:00,45.22999954223633,45.459999084472656,45.22999954223633,45.34000015258789,14422,0.0,0.0
2023-05-15 15:30:00-04:00,45.290000915527344,45.70000076293945,45.290000915527344,45.66999816894531,51993,0.0,0.0
2023-05-16 09:30:00-04:00,45.439998626708984,45.439998626708984,44.70500183105469,44.77000045776367,11222,0.0,0.0
2023-05-16 10:30:00-04:00,44.814998626708984,44.814998626708984,44.36000061035156,44.380001068115234,11937,0.0,0.0
2023-05-16 11:30:00-04:00,44.41999816894531,44.7400016784668,44.27000045776367,44.65999984741211,25521,0.0,0.0
2023-05-16 12:30:00-04:00,44.65999984741211,45.290000915527344,44.65999984741211,45.06999969482422,13760,0.0,0.0
2023-05-16 13:30:00-04:00,44.959999084472656,45.1150016784668,44.90999984741211,44.939998626708984,9730,0.0,0.0
2023-05-16 14:30:00-04:00,44.95000076293945,45.11000061035156,44.808998107910156,44.86000061035156,11733,0.0,0.0
2023-05-16 15:30:00-04:00,44.880001068115234,44.93000030517578,44.790000915527344,44.83000183105469,40343,0.0,0.0
2023-05-17 09:30:00-04:00,45.099998474121094,45.209999084472656,44.30500030517578,44.58000183105469,11962,0.0,0.0
2023-05-17 10:30:00-04:00,44.599998474121094,45.130001068115234,44.560001373291016,45.130001068115234,19255,0.0,0.0
2023-05-17 11:30:00-04:00,45.15999984741211,45.720001220703125,45.15999984741211,45.720001220703125,12829,0.0,0.0
2023-05-17 12:30:00-04:00,45.77000045776367,46.060001373291016,45.61000061035156,46.0,18695,0.0,0.0
2023-05-17 13:30:00-04:00,45.900001525878906,46.08000183105469,45.900001525878906,46.040000915527344,21456,0.0,0.0
2023-05-17 14:30:00-04:00,45.9900016784668,46.2599983215332,45.959999084472656,46.08000183105469,11263,0.0,0.0
2023-05-17 15:30:00-04:00,45.959999084472656,46.21500015258789,45.91999816894531,46.20000076293945,45819,0.0,0.0
2023-05-18 09:30:00-04:00,46.33000183105469,46.5,46.119998931884766,46.36000061035156,11872,0.0,0.0
2023-05-18 10:30:00-04:00,46.45000076293945,46.79499816894531,46.38999938964844,46.650001525878906,17814,0.0,0.0
2023-05-18 11:30:00-04:00,46.65999984741211,46.8650016784668,46.59000015258789,46.70000076293945,15940,0.0,0.0
2023-05-18 12:30:00-04:00,46.689998626708984,46.959999084472656,46.61000061035156,46.66999816894531,11867,0.0,0.0
2023-05-18 13:30:00-04:00,46.67499923706055,46.67499923706055,46.13999938964844,46.59000015258789,15040,0.0,0.0
2023-05-18 14:30:00-04:00,46.584999084472656,46.709999084472656,46.45000076293945,46.56999969482422,19743,0.0,0.0
2023-05-18 15:30:00-04:00,46.584999084472656,46.93000030517578,46.584999084472656,46.900001525878906,38232,0.0,0.0
2023-05-19 09:30:00-04:00,47.34000015258789,47.34000015258789,46.189998626708984,46.189998626708984,15910,0.0,0.0
2023-05-19 10:30:00-04:00,46.11000061035156,46.16999816894531,45.939998626708984,46.02000045776367,15164,0.0,0.0
2023-05-19 11:30:00-04:00,45.77000045776367,46.03499984741211,45.7599983215332,45.900001525878906,11801,0.0,0.0
2023-05-19 12:30:00-04:00,45.93000030517578,46.16999816894531,45.90999984741211,46.1349983215332,15157,0.0,0.0
2023-05-19 13:30:00-04:00,46.150001525878906,46.21500015258789,46.099998474121094,46.154998779296875,18358,0.0,0.0
2023-05-19 14:30:00-04:00,46.12049865722656,46.345001220703125,46.12049865722656,46.13999938964844,15855,0.0,0.0
2023-05-19 15:30:00-04:00,46.119998931884766,46.209999084472656,46.0,46.09000015258789,28536,0.0,0.0
2023-05-22 09:30:00-04:00,46.43000030517578,46.584999084472656,45.83000183105469,45.84000015258789,9120,0.0,0.0
2023-05-22 10:30:00-04:00,45.93000030517578,46.029998779296875,45.75,46.029998779296875,6965,0.0,0.0
2023-05-22 11:30:00-04:00,46.09000015258789,46.189998626708984,45.959999084472656,46.060001373291016,8271,0.0,0.0
2023-05-22 12:30:00-04:00,46.04499816894531,46.04499816894531,45.790000915527344,45.90999984741211,12076,0.0,0.0
2023-05-22 13:30:00-04:00,45.845001220703125,46.0525016784668,45.84000015258789,45.9900016784668,9314,0.0,0.0
2023-05-22 14:30:00-04:00,46.084999084472656,46.25,46.0,46.02000045776367,15083,0.0,0.0
2023-05-22 15:30:00-04:00,46.01900100708008,46.029998779296875,45.75,45.93000030517578,43665,0.0,0.0
2023-05-23 09:30:00-04:00,45.810001373291016,46.599998474121094,45.779998779296875,46.58000183105469,16184,0.0,0.0
2023-05-23 10:30:00-04:00,46.61000061035156,47.04999923706055,46.61000061035156,46.92499923706055,148903,0.0,0.0
2023-05-23 11:30:00-04:00,46.939998626708984,46.939998626708984,46.61000061035156,46.61000061035156,8061,0.0,0.0
2023-05-23 12:30:00-04:00,46.54999923706055,46.7599983215332,46.54999923706055,46.61000061035156,7618,0.0,0.0
2023-05-23 13:30:00-04:00,46.59000015258789,46.84000015258789,46.59000015258789,46.60300064086914,11755,0.0,0.0
2023-05-23 14:30:00-04:00,46.599998474121094,46.70000076293945,46.5099983215332,46.55500030517578,16478,0.0,0.0
2023-05-23 15:30:00-04:00,46.58000183105469,46.650001525878906,46.5099983215332,46.599998474121094,33800,0.0,0.0
2023-05-24 09:30:00-04:00,46.369998931884766,46.58000183105469,45.790000915527344,45.790000915527344,8725,0.0,0.0
2023-05-24 10:30:00-04:00,45.900001525878906,46.16999816894531,45.7400016784668,46.16999816894531,11508,0.0,0.0
2023-05-24 11:30:00-04:00,46.04999923706055,46.130001068115234,45.900001525878906,45.904998779296875,9333,0.0,0.0
2023-05-24 12:30:00-04:00,45.939998626708984,46.1150016784668,45.880001068115234,45.97999954223633,9967,0.0,0.0
2023-05-24 13:30:00-04:00,45.970001220703125,46.314998626708984,45.91999816894531,46.29999923706055,13111,0.0,0.0
2023-05-24 14:30:00-04:00,46.275001525878906,46.619998931884766,46.2400016784668,46.470001220703125,25590,0.0,0.0
2023-05-24 15:30:00-04:00,46.47999954223633,46.5989990234375,46.369998931884766,46.43000030517578,36272,0.0,0.0
2023-05-25 09:30:00-04:00,46.22999954223633,47.2599983215332,46.22999954223633,46.869998931884766,18415,0.0,0.0
2023-05-25 10:30:00-04:00,46.76499938964844,46.76499938964844,45.97999954223633,46.01499938964844,15544,0.0,0.0
2023-05-25 11:30:00-04:00,45.970001220703125,46.150001525878906,45.75,46.04499816894531,12809,0.0,0.0
2023-05-25 12:30:00-04:00,45.970001220703125,46.400001525878906,45.88999938964844,46.369998931884766,13900,0.0,0.0
2023-05-25 13:30:00-04:00,46.375,46.599998474121094,46.375,46.54999923706055,8129,0.0,0.0
2023-05-25 14:30:00-04:00,46.47999954223633,46.72999954223633,46.459999084472656,46.68000030517578,126883,0.0,0.0
2023-05-25 15:30:00-04:00,46.720001220703125,46.790000915527344,46.599998474121094,46.72999954223633,41268,0.0,0.0
2023-05-26 09:30:00-04:00,46.869998931884766,46.970001220703125,46.349998474121094,46.474998474121094,11188,0.0,0.0
2023-05-26 10:30:00-04:00,46.525001525878906,46.53499984741211,46.09000015258789,46.09000015258789,7840,0.0,0.0
2023-05-26 11:30:00-04:00,46.09000015258789,46.779998779296875,46.09000015258789,46.779998779296875,6481,0.0,0.0
2023-05-26 12:30:00-04:00,46.70000076293945,46.900001525878906,46.619998931884766,46.619998931884766,7038,0.0,0.0
2023-05-26 13:30:00-04:00,46.65999984741211,46.880001068115234,46.599998474121094,46.599998474121094,7559,0.0,0.0
2023-05-26 14:30:00-04:00,46.57500076293945,46.63999938964844,46.310001373291016,46.314998626708984,20029,0.0,0.0
2023-05-26 15:30:00-04:00,46.310001373291016,46.59000015258789,46.27000045776367,46.5099983215332,36535,0.0,0.0
2023-05-30 09:30:00-04:00,45.88999938964844,46.439998626708984,45.44499969482422,45.650001525878906,30801,0.0,0.0
2023-05-30 10:30:00-04:00,45.5,45.5,44.97999954223633,44.97999954223633,24438,0.0,0.0
2023-05-30 11:30:00-04:00,45.07500076293945,45.33000183105469,45.0,45.33000183105469,11094,0.0,0.0
2023-05-30 12:30:00-04:00,45.310001373291016,45.32500076293945,45.16999816894531,45.17499923706055,11989,0.0,0.0
2023-05-30 13:30:00-04:00,45.20000076293945,45.22999954223633,45.0,45.22999954223633,22866,0.0,0.0
2023-05-30 14:30:00-04:00,45.18000030517578,45.25,45.0,45.060001373291016,19386,0.0,0.0
2023-05-30 15:30:00-04:00,45.040000915527344,45.205299377441406,44.779998779296875,44.79999923706055,72647,0.0,0.0
2023-05-31 09:30:00-04:00,44.599998474121094,44.79999923706055,43.93000030517578,43.939998626708984,33161,0.0,0.0
2023-05-31 10:30:00-04:00,43.95000076293945,43.95000076293945,43.56999969482422,43.650001525878906,18829,0.0,0.0
2023-05-31 11:30:00-04:00,43.67499923706055,43.86000061035156,43.560001373291016,43.58000183105469,29790,0.0,0.0
2023-05-31 12:30:00-04:00,43.625,43.900001525878906,43.59000015258789,43.7400016784668,31351,0.0,0.0
2023-05-31 13:30:00-04:00,43.724998474121094,43.834999084472656,43.58000183105469,43.70000076293945,24865,0.0,0.0
2023-05-31 14:30:00-04:00,43.68000030517578,43.709999084472656,43.3650016784668,43.400001525878906,30957,0.0,0.0
2023-05-31 15:30:00-04:00,43.380001068115234,43.459999084472656,43.029998779296875,43.04499816894531,95526,0.0,0.0
2023-06-01 09:30:00-04:00,43.09000015258789,43.619998931884766,42.790000915527344,43.5,17909,0.0,0.0
2023-06-01 10:30:00-04:00,43.66999816894531,43.66999816894531,43.25,43.5099983215332,12565,0.0,0.0
2023-06-01 11:30:00-04:00,43.4900016784668,43.61000061035156,43.279998779296875,43.404998779296875,25147,0.0,0.0
2023-06-01 12:30:00-04:00,43.290000915527344,43.290000915527344,42.904998779296875,43.122798919677734,35608,0.0,0.0
2023-06-01 13:30:00-04:00,43.220001220703125,43.650001525878906,43.220001220703125,43.58000183105469,13109,0.0,0.0
2023-06-01 14:30:00-04:00,43.560001373291016,43.630001068115234,43.40599822998047,43.45000076293945,18213,0.0,0.0
2023-06-01 15:30:00-04:00,43.43000030517578,43.43000030517578,43.06999969482422,43.279998779296875,34052,0.0,0.0
2023-06-02 09:30:00-04:00,43.77000045776367,43.970001220703125,43.41999816894531,43.90999984741211,27348,0.0,0.0
2023-06-02 10:30:00-04:00,43.92499923706055,44.65999984741211,43.88999938964844,44.29999923706055,38972,0.0,0.0
2023-06-02 11:30:00-04:00,44.279998779296875,44.48500061035156,44.22999954223633,44.44499969482422,22824,0.0,0.0
2023-06-02 12:30:00-04:00,44.44499969482422,45.0,44.439998626708984,44.9900016784668,20628,0.0,0.0
2023-06-02 13:30:00-04:00,45.060001373291016,45.474998474121094,45.029998779296875,45.439998626708984,32505,0.0,0.0
2023-06-02 14:30:00-04:00,45.45000076293945,45.970001220703125,45.44499969482422,45.935001373291016,25676,0.0,0.0
2023-06-02 15:30:00-04:00,45.939998626708984,46.68000030517578,45.904998779296875,46.56999969482422,102294,0.0,0.0
2023-06-05 09:30:00-04:00,46.400001525878906,46.400001525878906,44.939998626708984,45.15999984741211,23774,0.0,0.0
2023-06-05 10:30:00-04:00,45.20000076293945,45.61000061035156,45.20000076293945,45.58000183105469,12597,0.0,0.0
2023-06-05 11:30:00-04:00,45.595001220703125,46.11000061035156,45.5099983215332,46.11000061035156,15220,0.0,0.0
2023-06-05 12:30:00-04:00,46.130001068115234,46.23500061035156,45.97999954223633,46.095001220703125,25702,0.0,0.0
2023-06-05 13:30:00-04:00,46.099998474121094,46.099998474121094,45.66999816894531,45.86000061035156,17064,0.0,0.0
2023-06-05 14:30:00-04:00,45.720001220703125,45.7599983215332,45.59000015258789,45.73500061035156,19685,0.0,0.0
2023-06-05 15:30:00-04:00,45.7599983215332,45.88999938964844,45.709999084472656,45.83000183105469,36586,0.0,0.0
2023-06-06 09:30:00-04:00,45.77000045776367,46.38999938964844,45.0,46.31999969482422,14772,0.0,0.0
2023-06-06 10:30:00-04:00,46.529998779296875,47.369998931884766,46.46500015258789,47.27000045776367,18116,0.0,0.0
2023-06-06 11:30:00-04:00,47.2599983215332,47.59000015258789,47.099998474121094,47.18000030517578,19267,0.0,0.0
2023-06-06 12:30:00-04:00,47.119998931884766,47.119998931884766,46.77000045776367,46.77000045776367,13590,0.0,0.0
2023-06-06 13:30:00-04:00,46.72999954223633,47.040000915527344,46.72999954223633,47.0,11181,0.0,0.0
2023-06-06 14:30:00-04:00,46.93000030517578,47.31999969482422,46.93000030517578,47.27000045776367,13845,0.0,0.0
2023-06-06 15:30:00-04:00,47.23500061035156,47.619998931884766,47.189998626708984,47.61000061035156,50750,0.0,0.0
2023-06-07 09:30:00-04:00,48.0,48.619998931884766,47.619998931884766,48.54499816894531,30605,0.0,0.0
2023-06-07 10:30:00-04:00,48.650001525878906,49.060001373291016,48.650001525878906,48.88999938964844,18141,0.0,0.0
2023-06-07 11:30:00-04:00,48.95000076293945,49.06999969482422,48.599998474121094,48.81999969482422,10304,0.0,0.0
2023-06-07 12:30:00-04:00,48.78499984741211,49.064998626708984,48.720001220703125,48.720001220703125,14237,0.0,0.0
2023-06-07 13:30:00-04:00,48.70000076293945,49.13999938964844,48.70000076293945,49.13999938964844,17374,0.0,0.0
2023-06-07 14:30:00-04:00,49.150001525878906,49.44499969482422,49.05500030517578,49.22999954223633,23991,0.0,0.0
2023-06-07 15:30:00-04:00,49.2400016784668,49.26499938964844,49.060001373291016,49.22999954223633,51343,0.0,0.0
2023-06-08 09:30:00-04:00,48.959999084472656,49.2400016784668,48.529998779296875,48.8650016784668,6808,0.0,0.0
2023-06-08 10:30:00-04:00,48.88999938964844,49.099998474121094,48.76499938964844,49.06999969482422,7601,0.0,0.0
2023-06-08 11:30:00-04:00,49.20000076293945,49.20000076293945,49.02000045776367,49.130001068115234,6428,0.0,0.0
2023-06-08 12:30:00-04:00,49.0,49.27000045776367,49.0,49.27000045776367,10136,0.0,0.0
2023-06-08 13:30:00-04:00,49.2599983215332,49.29999923706055,49.185001373291016,49.25,10371,0.0,0.0
2023-06-08 14:30:00-04:00,49.27000045776367,49.38999938964844,49.20000076293945,49.38999938964844,13236,0.0,0.0
2023-06-08 15:30:00-04:00,49.369998931884766,49.439998626708984,49.16999816894531,49.40999984741211,48457,0.0,0.0
2023-06-09 09:30:00-04:00,49.459999084472656,49.459999084472656,48.56999969482422,49.290000915527344,10769,0.0,0.0
2023-06-09 10:30:00-04:00,49.255001068115234,49.459999084472656,49.03499984741211,49.09000015258789,10070,0.0,0.0
2023-06-09 11:30:00-04:00,49.029998779296875,49.25,49.029998779296875,49.16999816894531,5182,0.0,0.0
2023-06-09 12:30:00-04:00,49.18000030517578,49.19150161743164,48.91999816894531,48.91999816894531,7457,0.0,0.0
2023-06-09 13:30:00-04:00,48.959999084472656,49.02000045776367,48.79499816894531,48.939998626708984,7305,0.0,0.0
2023-06-09 14:30:00-04:00,48.845001220703125,48.88999938964844,48.709999084472656,48.869998931884766,12141,0.0,0.0
2023-06-09 15:30:00-04:00,48.845001220703125,48.97999954223633,48.81999969482422,48.970001220703125,19209,0.0,0.0
2023-06-12 09:30:00-04:00,48.77000045776367,50.09000015258789,48.525001525878906,50.0,36154,0.0,0.0
2023-06-12 10:30:00-04:00,50.02000045776367,50.09000015258789,49.459999084472656,49.8650016784668,13007,0.0,0.0
2023-06-12 11:30:00-04:00,49.974998474121094,49.974998474121094,49.474998474121094,49.650001525878906,7527,0.0,0.0
2023-06-12 12:30:00-04:00,49.68000030517578,49.72249984741211,49.36249923706055,49.36249923706055,7014,0.0,0.0
2023-06-12 13:30:00-04:00,49.31999969482422,49.38999938964844,49.27000045776367,49.27000045776367,7926,0.0,0.0
2023-06-12 14:30:00-04:00,49.22600173950195,49.622398376464844,49.22600173950195,49.564998626708984,13830,0.0,0.0
2023-06-12 15:30:00-04:00,49.560001373291016,49.67499923706055,49.439998626708984,49.54999923706055,48143,0.0,0.0
2023-06-13 09:30:00-04:00,49.68000030517578,50.41999816894531,49.31999969482422,50.06999969482422,19016,0.0,0.0
2023-06-13 10:30:00-04:00,50.18000030517578,50.18000030517578,49.529998779296875,49.63999938964844,9825,0.0,0.0
2023-06-13 11:30:00-04:00,49.685001373291016,49.685001373291016,49.459999084472656,49.560001373291016,5533,0.0,0.0
2023-06-13 12:30:00-04:00,49.56999969482422,49.689998626708984,49.56999969482422,49.65999984741211,5040,0.0,0.0
2023-06-13 13:30:00-04:00,49.66999816894531,49.68000030517578,49.470001220703125,49.5,5674,0.0,0.0
2023-06-13 14:30:00-04:00,49.41999816894531,49.68000030517578,49.40999984741211,49.65999984741211,10727,0.0,0.0
2023-06-13 15:30:00-04:00,49.70000076293945,49.86000061035156,49.59000015258789,49.61000061035156,29742,0.0,0.0
2023-06-14 09:30:00-04:00,49.61000061035156,50.0,48.59000015258789,49.23500061035156,12788,0.0,0.0
2023-06-14 10:30:00-04:00,49.3849983215332,49.654998779296875,49.279998779296875,49.654998779296875,28533,0.0,0.0
2023-06-14 11:30:00-04:00,49.650001525878906,49.68000030517578,49.060001373291016,49.06999969482422,10073,0.0,0.0
2023-06-14 12:30:00-04:00,49.040000915527344,49.099998474121094,48.66999816894531,48.88999938964844,13099,0.0,0.0
2023-06-14 13:30:00-04:00,48.91999816894531,48.970001220703125,48.06999969482422,48.23500061035156,18720,0.0,0.0
2023-06-14 14:30:00-04:00,48.2599983215332,48.849998474121094,48.250099182128906,48.61000061035156,22981,0.0,0.0
2023-06-14 15:30:00-04:00,48.52000045776367,48.58399963378906,48.18000030517578,48.310001373291016,41510,0.0,0.0
2023-06-15 09:30:00-04:00,48.0099983215332,48.66999816894531,47.75,48.650001525878906,12361,0.0,0.0
2023-06-15 10:30:00-04:00,48.810001373291016,48.81999969482422,48.540000915527344,48.66999816894531,9503,0.0,0.0
2023-06-15 11:30:00-04:00,48.709999084472656,48.86000061035156,48.2400016784668,48.2400016784668,8464,0.0,0.0
2023-06-15 12:30:00-04:00,48.2400016784668,48.40999984741211,48.11000061035156,48.130001068115234,10893,0.0,0.0
2023-06-15 13:30:00-04:00,48.15999984741211,48.64500045776367,48.029998779296875,48.64500045776367,31779,0.0,0.0
2023-06-15 14:30:00-04:00,48.65999984741211,48.84000015258789,48.439998626708984,48.529998779296875,18172,0.0,0.0
2023-06-15 15:30:00-04:00,48.54999923706055,48.7599983215332,48.5,48.68000030517578,41592,0.0,0.0
2023-06-16 09:30:00-04:00,49.06999969482422,49.06999969482422,48.11000061035156,48.7400016784668,45381,0.0,0.0
2023-06-16 10:30:00-04:00,48.599998474121094,48.75,48.27000045776367,48.38999938964844,13137,0.0,0.0
2023-06-16 11:30:00-04:00,48.40999984741211,48.459999084472656,48.27000045776367,48.3849983215332,7156,0.0,0.0
2023-06-16 12:30:00-04:00,48.41999816894531,48.529998779296875,48.380001068115234,48.400001525878906,12295,0.0,0.0
2023-06-16 13:30:00-04:00,48.3849983215332,48.3849983215332,48.25,48.36000061035156,10236,0.0,0.0
2023-06-16 14:30:00-04:00,48.314998626708984,48.81999969482422,48.2599983215332,48.7599983215332,19677,0.0,0.0
2023-06-16 15:30:00-04:00,48.83000183105469,48.880001068115234,48.709999084472656,48.849998474121094,47840,0.0,0.0
2023-06-20 09:30:00-04:00,48.689998626708984,48.970001220703125,48.220001220703125,48.7400016784668,13473,0.0,0.0
2023-06-20 10:30:00-04:00,48.70000076293945,49.36000061035156,48.619998931884766,49.290000915527344,25817,0.0,0.0
2023-06-20 11:30:00-04:00,49.29999923706055,49.599998474121094,49.279998779296875,49.599998474121094,10717,0.0,0.0
2023-06-20 12:30:00-04:00,49.59000015258789,49.900001525878906,49.58000183105469,49.880001068115234,9436,0.0,0.0
2023-06-20 13:30:00-04:00,49.959999084472656,50.220001220703125,49.900001525878906,50.17499923706055,12189,0.0,0.0
2023-06-20 14:30:00-04:00,50.20000076293945,50.5,50.099998474121094,50.25,35737,0.0,0.0
2023-06-20 15:30:00-04:00,50.36000061035156,50.849998474121094,50.25,50.79999923706055,66693,0.0,0.0
2023-06-21 09:30:00-04:00,50.4900016784668,51.220001220703125,49.97999954223633,51.084999084472656,18500,0.0,0.0
2023-06-21 10:30:00-04:00,51.05860137939453,51.05860137939453,50.56999969482422,50.95000076293945,14147,0.0,0.0
2023-06-21 11:30:00-04:00,50.90999984741211,50.90999984741211,50.59000015258789,50.68000030517578,13231,0.0,0.0
2023-06-21 12:30:00-04:00,50.70000076293945,50.86000061035156,50.5099983215332,50.86000061035156,8708,0.0,0.0
2023-06-21 13:30:00-04:00,50.83000183105469,51.18000030517578,50.83000183105469,51.0099983215332,17020,0.0,0.0
2023-06-21 14:30:00-04:00,51.0,51.22999954223633,50.849998474121094,51.22999954223633,18489,0.0,0.0
2023-06-21 15:30:00-04:00,51.26499938964844,51.26499938964844,51.029998779296875,51.11000061035156,49119,0.0,0.0
2023-06-22 09:30:00-04:00,50.66999816894531,50.66999816894531,49.4900016784668,49.85499954223633,17169,0.0,0.0
2023-06-22 10:30:00-04:00,49.904998779296875,49.904998779296875,49.15999984741211,49.529998779296875,11912,0.0,0.0
2023-06-22 11:30:00-04:00,49.51499938964844,49.68000030517578,49.40999984741211,49.619998931884766,5444,0.0,0.0
2023-06-22 12:30:00-04:00,49.63999938964844,49.63999938964844,49.36000061035156,49.459999084472656,6523,0.0,0.0
2023-06-22 13:30:00-04:00,49.36000061035156,49.41999816894531,49.29999923706055,49.41999816894531,8215,0.0,0.0
2023-06-22 14:30:00-04:00,49.529998779296875,49.59000015258789,49.31999969482422,49.35499954223633,10762,0.0,0.0
2023-06-22 15:30:00-04:00,49.29999923706055,49.54999923706055,49.29999923706055,49.54999923706055,28548,0.0,0.0
2023-06-23 09:30:00-04:00,48.90999984741211,49.310001373291016,48.90999984741211,49.0099983215332,8737,0.0,0.0
2023-06-23 10:30:00-04:00,48.97999954223633,49.20000076293945,48.970001220703125,49.0,12634,0.0,0.0
2023-06-23 11:30:00-04:00,49.0,49.09000015258789,48.84000015258789,48.84000015258789,12971,0.0,0.0
2023-06-23 12:30:00-04:00,48.79499816894531,48.79999923706055,48.31999969482422,48.31999969482422,11491,0.0,0.0
2023-06-23 13:30:00-04:00,48.38999938964844,48.400001525878906,47.77000045776367,48.0,22609,0.0,0.0
2023-06-23 14:30:00-04:00,47.98500061035156,48.06999969482422,47.43000030517578,47.619998931884766,30922,0.0,0.0
2023-06-23 15:30:00-04:00,47.59000015258789,47.595001220703125,46.84000015258789,46.869998931884766,73906,0.0,0.0
2023-06-26 09:30:00-04:00,46.90999984741211,47.665000915527344,46.86000061035156,47.220001220703125,13151,0.0,0.0
2023-06-26 10:30:00-04:00,47.119998931884766,47.165000915527344,46.970001220703125,47.11000061035156,13065,0.0,0.0
2023-06-26 11:30:00-04:00,47.05500030517578,47.29999923706055,47.025001525878906,47.025001525878906,7792,0.0,0.0
2023-06-26 12:30:00-04:00,47.02000045776367,47.11000061035156,46.88999938964844,46.939998626708984,82658,0.0,0.0
2023-06-26 13:30:00-04:00,47.16999816894531,47.84000015258789,47.16999816894531,47.444000244140625,45591,0.0,0.0
2023-06-26 14:30:00-04:00,47.470001220703125,47.58000183105469,47.400001525878906,47.400001525878906,11194,0.0,0.0
2023-06-26 15:30:00-04:00,47.40999984741211,47.40999984741211,46.880001068115234,46.900001525878906,27607,0.0,0.0
2023-06-27 09:30:00-04:00,46.77000045776367,48.220001220703125,46.77000045776367,47.86000061035156,47273,0.0,0.0
2023-06-27 10:30:00-04:00,48.0,48.43000030517578,48.0,48.369998931884766,14634,0.0,0.0
2023-06-27 11:30:00-04:00,48.33000183105469,48.33000183105469,48.209999084472656,48.31999969482422,4153,0.0,0.0
2023-06-27 12:30:00-04:00,48.47999954223633,48.70000076293945,48.470001220703125,48.54999923706055,8016,0.0,0.0
2023-06-27 13:30:00-04:00,48.54499816894531,48.59000015258789,48.404998779296875,48.41999816894531,6394,0.0,0.0
2023-06-27 14:30:00-04:00,48.42499923706055,48.470001220703125,48.13999938964844,48.345001220703125,10671,0.0,0.0
2023-06-27 15:30:00-04:00,48.38999938964844,48.7400016784668,48.22999954223633,48.7400016784668,48251,0.0,0.0
2023-06-28 09:30:00-04:00,48.599998474121094,48.8849983215332,47.31999969482422,48.79999923706055,35775,0.0,0.0
2023-06-28 10:30:00-04:00,48.66999816894531,48.720001220703125,48.061798095703125,48.38999938964844,9709,0.0,0.0
2023-06-28 11:30:00-04:00,48.40999984741211,48.439998626708984,48.27000045776367,48.334999084472656,13438,0.0,0.0
2023-06-28 12:30:00-04:00,48.36000061035156,48.5,48.005001068115234,48.439998626708984,15378,0.0,0.0
2023-06-28 13:30:00-04:00,48.41999816894531,48.41999816894531,48.02000045776367,48.150001525878906,13171,0.0,0.0
2023-06-28 14:30:00-04:00,48.040000915527344,48.125,48.0,48.08000183105469,17934,0.0,0.0
2023-06-28 15:30:00-04:00,48.15999984741211,48.27000045776367,48.0,48.040000915527344,106002,0.0,0.0
2023-06-29 09:30:00-04:00,48.41999816894531,48.689998626708984,48.349998474121094,48.599998474121094,33050,0.0,0.0
2023-06-29 10:30:00-04:00,48.619998931884766,48.619998931884766,47.959999084472656,48.05500030517578,36811,0.0,0.0
2023-06-29 11:30:00-04:00,48.099998474121094,48.93000030517578,48.099998474121094,48.88999938964844,39346,0.0,0.0
2023-06-29 12:30:00-04:00,48.93000030517578,49.220001220703125,48.88990020751953,48.939998626708984,47645,0.0,0.0
2023-06-29 13:30:00-04:00,48.91999816894531,49.34000015258789,48.91999816894531,49.2400016784668,59513,0.0,0.0
2023-06-29 14:30:00-04:00,49.209999084472656,49.30500030517578,49.11000061035156,49.11000061035156,24290,0.0,0.0
2023-06-29 15:30:00-04:00,49.06999969482422,49.220001220703125,48.95000076293945,49.0,46274,0.0,0.0
2023-06-30 09:30:00-04:00,49.439998626708984,49.689998626708984,49.099998474121094,49.11000061035156,4828,0.0,0.0
2023-06-30 10:30:00-04:00,48.869998931884766,49.0,48.630001068115234,48.790000915527344,11545,0.0,0.0
2023-06-30 11:30:00-04:00,48.72159957885742,49.150001525878906,48.72159957885742,49.0,4564,0.0,0.0
2023-06-30 12:30:00-04:00,49.0,49.078800201416016,48.88999938964844,48.939998626708984,8103,0.0,0.0
2023-06-30 13:30:00-04:00,48.86000061035156,48.95000076293945,48.84000015258789,48.849998474121094,2753,0.0,0.0
2023-06-30 14:30:00-04:00,48.900001525878906,48.97999954223633,48.54999923706055,48.72999954223633,15977,0.0,0.0
2023-06-30 15:30:00-04:00,48.70000076293945,48.720001220703125,48.5099983215332,48.599998474121094,27417,0.0,0.0
2023-07-03 09:30:00-04:00,48.45000076293945,48.86000061035156,48.45000076293945,48.79999923706055,7059,0.0,0.0
2023-07-03 10:30:00-04:00,48.779998779296875,48.79999923706055,48.540000915527344,48.7599983215332,7904,0.0,0.0
2023-07-03 11:30:00-04:00,48.66999816894531,48.83000183105469,48.61000061035156,48.650001525878906,13554,0.0,0.0
2023-07-05 09:30:00-04:00,49.31999969482422,49.31999969482422,48.314998626708984,48.46500015258789,16808,0.0,0.0
2023-07-05 10:30:00-04:00,48.42499923706055,48.779998779296875,48.38999938964844,48.779998779296875,12723,0.0,0.0
2023-07-05 11:30:00-04:00,48.959999084472656,49.0,48.790000915527344,48.849998474121094,5203,0.0,0.0
2023-07-05 12:30:00-04:00,48.72999954223633,48.790000915527344,48.564998626708984,48.650001525878906,6286,0.0,0.0
2023-07-05 13:30:00-04:00,48.599998474121094,48.709999084472656,48.55500030517578,48.59000015258789,24099,0.0,0.0
2023-07-05 14:30:00-04:00,48.709999084472656,48.7400016784668,48.630001068115234,48.70000076293945,8132,0.0,0.0
2023-07-05 15:30:00-04:00,48.7400016784668,48.779998779296875,48.685001373291016,48.75,29680,0.0,0.0
2023-07-06 09:30:00-04:00,48.310001373291016,48.400001525878906,47.939998626708984,48.13990020751953,21302,0.0,0.0
2023-07-06 10:30:00-04:00,48.0,48.209999084472656,47.904998779296875,48.16999816894531,28074,0.0,0.0
2023-07-06 11:30:00-04:00,48.18000030517578,48.47999954223633,48.16999816894531,48.34000015258789,11557,0.0,0.0
2023-07-06 12:30:00-04:00,48.349998474121094,48.5099983215332,48.349998474121094,48.459999084472656,5967,0.0,0.0
2023-07-06 13:30:00-04:00,48.36000061035156,48.41999816894531,48.2599983215332,48.369998931884766,14670,0.0,0.0
2023-07-06 14:30:00-04:00,48.375,48.630001068115234,48.375,48.51499938964844,7998,0.0,0.0
2023-07-06 15:30:00-04:00,48.470001220703125,48.630001068115234,48.375,48.459999084472656,22580,0.0,0.0
2023-07-07 09:30:00-04:00,48.619998931884766,49.07500076293945,48.619998931884766,48.82500076293945,5691,0.0,0.0
2023-07-07 10:30:00-04:00,48.869998931884766,49.275001525878906,48.869998931884766,49.2599983215332,8914,0.0,0.0
2023-07-07 11:30:00-04:00,49.279998779296875,49.40999984741211,49.18000030517578,49.32500076293945,9150,0.0,0.0
2023-07-07 12:30:00-04:00,49.31999969482422,49.66999816894531,49.31999969482422,49.46500015258789,6827,0.0,0.0
2023-07-07 13:30:00-04:00,49.439998626708984,49.51499938964844,49.209999084472656,49.45000076293945,5456,0.0,0.0
2023-07-07 14:30:00-04:00,49.439998626708984,49.58000183105469,49.3849983215332,49.57500076293945,14778,0.0,0.0
2023-07-07 15:30:00-04:00,49.6150016784668,49.7599983215332,49.505001068115234,49.66999816894531,34786,0.0,0.0
2023-07-10 09:30:00-04:00,49.70000076293945,50.27000045776367,49.70000076293945,49.959999084472656,12738,0.0,0.0
2023-07-10 10:30:00-04:00,49.95000076293945,50.03499984741211,49.81999969482422,50.0,11028,0.0,0.0
2023-07-10 11:30:00-04:00,49.90999984741211,50.025001525878906,49.77000045776367,49.83000183105469,5798,0.0,0.0
2023-07-10 12:30:00-04:00,49.84000015258789,49.849998474121094,49.63999938964844,49.779998779296875,11795,0.0,0.0
2023-07-10 13:30:00-04:00,49.810001373291016,50.029998779296875,49.79999923706055,49.970001220703125,8415,0.0,0.0
2023-07-10 14:30:00-04:00,49.939998626708984,50.0,49.77000045776367,49.91999816894531,15249,0.0,0.0
2023-07-10 15:30:00-04:00,49.91999816894531,50.02000045776367,49.70000076293945,49.959999084472656,52463,0.0,0.0
2023-07-11 09:30:00-04:00,50.31999969482422,50.5,50.2400016784668,50.47999954223633,5487,0.0,0.0
2023-07-11 10:30:00-04:00,50.38999938964844,50.38999938964844,50.09000015258789,50.09000015258789,4359,0.0,0.0
2023-07-11 11:30:00-04:00,50.154998779296875,50.154998779296875,49.86000061035156,49.86000061035156,4834,0.0,0.0
2023-07-11 12:30:00-04:00,49.83000183105469,49.84000015258789,49.380001068115234,49.47999954223633,19718,0.0,0.0
2023-07-11 13:30:00-04:00,49.5,49.810001373291016,49.5,49.810001373291016,5608,0.0,0.0
2023-07-11 14:30:00-04:00,49.779998779296875,49.779998779296875,49.505001068115234,49.529998779296875,10515,0.0,0.0
2023-07-11 15:30:00-04:00,49.51499938964844,49.630001068115234,49.47999954223633,49.52000045776367,23508,0.0,0.0
2023-07-12 09:30:00-04:00,50.34000015258789,50.52000045776367,50.279998779296875,50.290000915527344,6146,0.0,0.0
2023-07-12 10:30:00-04:00,50.4900016784668,50.97999954223633,50.4900016784668,50.97999954223633,4028,0.0,0.0
2023-07-12 11:30:00-04:00,50.9900016784668,51.16999816894531,50.900001525878906,51.029998779296875,8343,0.0,0.0
2023-07-12 12:30:00-04:00,51.02000045776367,51.08000183105469,50.849998474121094,50.880001068115234,9131,0.0,0.0
2023-07-12 13:30:00-04:00,50.880001068115234,50.880001068115234,50.61000061035156,50.79999923706055,5096,0.0,0.0
2023-07-12 14:30:00-04:00,50.790000915527344,50.8849983215332,50.77000045776367,50.79999923706055,12515,0.0,0.0
2023-07-12 15:30:00-04:00,50.7400016784668,50.970001220703125,50.6150016784668,50.900001525878906,29133,0.0,0.0
2023-07-13 09:30:00-04:00,50.9900016784668,51.66999816894531,50.880001068115234,50.880001068115234,11730,0.0,0.0
2023-07-13 10:30:00-04:00,50.83000183105469,51.314998626708984,50.83000183105469,51.26499938964844,12788,0.0,0.0
2023-07-13 11:30:00-04:00,51.29999923706055,51.59000015258789,51.29499816894531,51.29499816894531,12020,0.0,0.0
2023-07-13 12:30:00-04:00,51.38999938964844,51.5,51.33000183105469,51.40999984741211,9780,0.0,0.0
2023-07-13 13:30:00-04:00,51.41999816894531,51.5,51.39500045776367,51.439998626708984,6296,0.0,0.0
2023-07-13 14:30:00-04:00,51.529998779296875,51.529998779296875,51.33000183105469,51.474998474121094,14339,0.0,0.0
2023-07-13 15:30:00-04:00,51.474998474121094,51.685001373291016,51.404998779296875,51.529998779296875,34336,0.0,0.0
2023-07-14 09:30:00-04:00,51.689998626708984,51.689998626708984,51.20500183105469,51.41999816894531,10805,0.0,0.0
2023-07-14 10:30:00-04:00,51.41999816894531,51.58430099487305,51.279998779296875,51.529998779296875,11198,0.0,0.0
2023-07-14 11:30:00-04:00,51.529998779296875,51.7599983215332,51.36000061035156,51.65999984741211,8302,0.0,0.0
2023-07-14 12:30:00-04:00,51.70000076293945,51.790000915527344,51.5099983215332,51.529998779296875,8234,0.0,0.0
2023-07-14 13:30:00-04:00,51.619998931884766,51.619998931884766,51.45000076293945,51.56999969482422,15200,0.0,0.0
2023-07-14 14:30:00-04:00,51.599998474121094,51.709999084472656,51.4900016784668,51.709999084472656,12895,0.0,0.0
2023-07-14 15:30:00-04:00,51.75,51.880001068115234,51.650001525878906,51.83000183105469,14874,0.0,0.0
2023-07-17 09:30:00-04:00,51.650001525878906,52.652000427246094,51.502498626708984,52.33000183105469,17025,0.0,0.0
2023-07-17 10:30:00-04:00,52.29999923706055,52.720001220703125,52.04499816894531,52.4900016784668,9837,0.0,0.0
2023-07-17 11:30:00-04:00,52.56999969482422,52.720001220703125,52.439998626708984,52.439998626708984,7089,0.0,0.0
2023-07-17 12:30:00-04:00,52.40999984741211,52.5,52.275001525878906,52.470001220703125,4312,0.0,0.0
2023-07-17 13:30:00-04:00,52.40999984741211,52.529998779296875,52.34000015258789,52.43000030517578,8739,0.0,0.0
2023-07-17 14:30:00-04:00,52.380001068115234,52.40999984741211,52.15999984741211,52.16999816894531,8959,0.0,0.0
2023-07-17 15:30:00-04:00,52.165000915527344,52.28499984741211,52.099998474121094,52.11000061035156,26914,0.0,0.0
2023-07-18 09:30:00-04:00,52.189998626708984,53.34000015258789,51.970001220703125,53.029998779296875,16530,0.0,0.0
2023-07-18 10:30:00-04:00,52.95500183105469,52.95500183105469,52.369998931884766,52.88999938964844,11600,0.0,0.0
2023-07-18 11:30:00-04:00,52.95000076293945,53.060001373291016,52.68000030517578,52.70000076293945,12694,0.0,0.0
2023-07-18 12:30:00-04:00,52.619998931884766,53.16999816894531,52.619998931884766,53.16999816894531,6613,0.0,0.0
2023-07-18 13:30:00-04:00,53.029998779296875,53.15999984741211,52.90999984741211,53.0099983215332,17605,0.0,0.0
2023-07-18 14:30:00-04:00,53.06999969482422,53.380001068115234,53.0,53.310001373291016,13044,0.0,0.0
2023-07-18 15:30:00-04:00,53.31999969482422,53.380001068115234,53.06999969482422,53.06999969482422,37011,0.0,0.0
2023-07-19 09:30:00-04:00,53.279998779296875,53.779998779296875,53.0,53.54499816894531,8134,0.0,0.0
2023-07-19 10:30:00-04:00,53.40999984741211,53.55350112915039,52.880001068115234,53.07500076293945,9639,0.0,0.0
2023-07-19 11:30:00-04:00,53.16999816894531,53.58000183105469,53.16999816894531,53.439998626708984,7949,0.0,0.0
2023-07-19 12:30:00-04:00,53.459999084472656,53.68000030517578,53.369998931884766,53.459999084472656,7938,0.0,0.0
2023-07-19 13:30:00-04:00,53.459999084472656,53.65999984741211,53.45000076293945,53.625,5163,0.0,0.0
2023-07-19 14:30:00-04:00,53.63999938964844,53.81999969482422,53.4900016784668,53.599998474121094,7759,0.0,0.0
2023-07-19 15:30:00-04:00,53.63999938964844,53.81999969482422,53.38999938964844,53.38999938964844,31665,0.0,0.0
2023-07-20 09:30:00-04:00,53.40999984741211,53.41999816894531,52.97999954223633,53.0,11875,0.0,0.0
2023-07-20 10:30:00-04:00,53.099998474121094,53.22999954223633,52.9900016784668,53.0,11413,0.0,0.0
2023-07-20 11:30:00-04:00,52.93000030517578,53.01679992675781,52.7400016784668,52.834999084472656,7895,0.0,0.0
2023-07-20 12:30:00-04:00,52.77000045776367,52.790000915527344,52.5,52.5099983215332,7753,0.0,0.0
2023-07-20 13:30:00-04:00,52.58000183105469,52.83000183105469,52.560001373291016,52.709999084472656,9117,0.0,0.0
2023-07-20 14:30:00-04:00,52.72999954223633,53.029998779296875,52.72999954223633,52.810001373291016,16404,0.0,0.0
2023-07-20 15:30:00-04:00,52.79899978637695,52.91999816894531,52.66999816894531,52.86000061035156,40110,0.0,0.0
2023-07-21 09:30:00-04:00,53.20000076293945,53.45000076293945,52.59000015258789,52.970001220703125,20182,0.0,0.0
2023-07-21 10:30:00-04:00,52.970001220703125,53.16999816894531,52.93000030517578,52.939998626708984,9680,0.0,0.0
2023-07-21 11:30:00-04:00,52.904998779296875,53.0099983215332,52.81999969482422,52.81999969482422,5808,0.0,0.0
2023-07-21 12:30:00-04:00,52.810001373291016,53.09400177001953,52.71500015258789,53.05500030517578,7721,0.0,0.0
2023-07-21 13:30:00-04:00,53.14899826049805,53.38999938964844,53.11000061035156,53.22999954223633,11553,0.0,0.0
2023-07-21 14:30:00-04:00,53.13999938964844,53.29999923706055,52.900001525878906,53.0,13779,0.0,0.0
2023-07-21 15:30:00-04:00,53.040000915527344,53.08399963378906,52.689998626708984,52.689998626708984,28665,0.0,0.0
2023-07-24 09:30:00-04:00,52.70000076293945,53.560001373291016,52.70000076293945,53.349998474121094,7853,0.0,0.0
2023-07-24 10:30:00-04:00,53.38999938964844,53.74489974975586,53.34000015258789,53.74489974975586,5745,0.0,0.0
2023-07-24 11:30:00-04:00,53.790000915527344,53.970001220703125,53.58000183105469,53.76150131225586,12154,0.0,0.0
2023-07-24 12:30:00-04:00,53.845001220703125,54.130001068115234,53.720001220703125,53.97999954223633,9695,0.0,0.0
2023-07-24 13:30:00-04:00,53.959999084472656,54.08000183105469,53.86000061035156,53.8849983215332,10781,0.0,0.0
2023-07-24 14:30:00-04:00,53.880001068115234,53.959999084472656,53.709999084472656,53.91999816894531,14913,0.0,0.0
2023-07-24 15:30:00-04:00,53.880001068115234,53.90999984741211,53.55500030517578,53.80500030517578,40334,0.0,0.0
2023-07-25 09:30:00-04:00,53.689998626708984,54.310001373291016,52.79999923706055,53.790000915527344,8960,0.0,0.0
2023-07-25 10:30:00-04:00,53.4900016784668,53.96500015258789,53.439998626708984,53.900001525878906,7363,0.0,0.0
2023-07-25 11:30:00-04:00,53.810001373291016,54.02000045776367,53.709999084472656,54.02000045776367,10325,0.0,0.0
2023-07-25 12:30:00-04:00,53.83000183105469,54.119998931884766,53.83000183105469,53.880001068115234,12725,0.0,0.0
2023-07-25 13:30:00-04:00,53.85499954223633,54.040000915527344,53.849998474121094,54.0,9129,0.0,0.0
2023-07-25 14:30:00-04:00,53.939998626708984,53.94499969482422,53.685001373291016,53.72999954223633,9055,0.0,0.0
2023-07-25 15:30:00-04:00,53.849998474121094,53.849998474121094,53.52000045776367,53.58000183105469,22619,0.0,0.0
2023-07-26 09:30:00-04:00,53.720001220703125,54.709999084472656,53.63999938964844,54.52000045776367,22550,0.0,0.0
2023-07-26 10:30:00-04:00,54.459999084472656,54.47999954223633,54.220001220703125,54.40999984741211,7934,0.0,0.0
2023-07-26 11:30:00-04:00,54.380001068115234,54.4900016784668,54.369998931884766,54.40999984741211,4750,0.0,0.0
2023-07-26 12:30:00-04:00,54.58000183105469,54.58000183105469,54.20000076293945,54.310001373291016,7770,0.0,0.0
2023-07-26 13:30:00-04:00,54.20000076293945,54.2400016784668,53.95000076293945,54.19499969482422,5818,0.0,0.0
2023-07-26 14:30:00-04:00,54.27000045776367,54.61000061035156,54.1953010559082,54.1953010559082,15261,0.0,0.0
2023-07-26 15:30:00-04:00,54.36000061035156,54.540000915527344,54.15999984741211,54.189998626708984,37896,0.0,0.0
2023-07-27 09:30:00-04:00,54.400001525878906,54.61000061035156,54.119998931884766,54.58000183105469,14204,0.0,0.0
2023-07-27 10:30:00-04:00,54.650001525878906,54.72999954223633,53.560001373291016,53.56999969482422,18620,0.0,0.0
2023-07-27 11:30:00-04:00,53.53499984741211,53.79999923706055,53.165000915527344,53.26499938964844,36732,0.0,0.0
2023-07-27 12:30:00-04:00,53.33000183105469,53.400001525878906,53.0,53.08000183105469,27332,0.0,0.0
2023-07-27 13:30:00-04:00,53.08000183105469,53.16999816894531,52.83000183105469,52.83000183105469,13636,0.0,0.0
2023-07-27 14:30:00-04:00,52.84000015258789,53.189998626708984,52.69499969482422,53.04750061035156,27602,0.0,0.0
2023-07-27 15:30:00-04:00,53.060001373291016,53.119998931884766,52.56999969482422,53.04999923706055,59739,0.0,0.0
2023-07-28 09:30:00-04:00,53.380001068115234,54.13999938964844,52.91999816894531,53.939998626708984,12433,0.0,0.0
2023-07-28 10:30:00-04:00,53.91999816894531,54.38999938964844,53.6150016784668,53.630001068115234,15290,0.0,0.0
2023-07-28 11:30:00-04:00,53.58000183105469,53.58000183105469,53.34000015258789,53.380001068115234,14324,0.0,0.0
2023-07-28 12:30:00-04:00,53.43000030517578,53.4900016784668,53.1349983215332,53.1349983215332,7204,0.0,0.0
2023-07-28 13:30:00-04:00,53.08000183105469,53.08000183105469,52.84000015258789,52.939998626708984,6498,0.0,0.0
2023-07-28 14:30:00-04:00,52.94499969482422,52.98500061035156,52.84000015258789,52.970001220703125,11787,0.0,0.0
2023-07-28 15:30:00-04:00,52.97999954223633,53.0099983215332,52.689998626708984,52.720001220703125,30107,0.0,0.0
2023-07-31 09:30:00-04:00,52.86000061035156,53.75,52.86000061035156,53.689998626708984,4275,0.0,0.0
2023-07-31 10:30:00-04:00,53.69499969482422,53.790000915527344,53.39500045776367,53.56999969482422,8167,0.0,0.0
2023-07-31 11:30:00-04:00,53.55500030517578,53.875,53.540000915527344,53.845001220703125,8909,0.0,0.0
2023-07-31 12:30:00-04:00,53.79999923706055,53.79999923706055,53.540000915527344,53.540000915527344,6674,0.0,0.0
2023-07-31 13:30:00-04:00,53.34000015258789,53.6349983215332,53.34000015258789,53.619998931884766,9700,0.0,0.0
2023-07-31 14:30:00-04:00,53.59000015258789,53.619998931884766,53.255001068115234,53.290000915527344,11538,0.0,0.0
2023-07-31 15:30:00-04:00,53.380001068115234,53.52000045776367,53.2400016784668,53.52000045776367,24171,0.0,0.0
2023-08-01 09:30:00-04:00,53.290000915527344,53.84000015258789,53.119998931884766,53.119998931884766,10914,0.0,0.0
2023-08-01 10:30:00-04:00,53.16999816894531,53.224998474121094,52.81999969482422,52.95000076293945,17425,0.0,0.0
2023-08-01 11:30:00-04:00,52.95000076293945,53.11000061035156,52.79499816894531,52.83000183105469,14952,0.0,0.0
2023-08-01 12:30:00-04:00,52.86000061035156,52.959999084472656,52.7400016784668,52.79999923706055,14219,0.0,0.0
2023-08-01 13:30:00-04:00,52.95000076293945,53.189998626708984,52.88999938964844,53.125,9998,0.0,0.0
2023-08-01 14:30:00-04:00,53.09000015258789,53.119998931884766,52.970001220703125,53.04999923706055,11768,0.0,0.0
2023-08-01 15:30:00-04:00,53.02000045776367,53.138999938964844,52.83000183105469,52.86000061035156,33982,0.0,0.0
2023-08-02 09:30:00-04:00,52.31999969482422,52.56999969482422,50.9900016784668,51.375,36715,0.0,0.0
2023-08-02 10:30:00-04:00,51.439998626708984,51.9900016784668,51.439998626708984,51.70000076293945,17028,0.0,0.0
2023-08-02 11:30:00-04:00,51.56999969482422,51.685001373291016,51.15999984741211,51.16999816894531,16610,0.0,0.0
2023-08-02 12:30:00-04:00,51.150001525878906,51.6150016784668,51.09000015258789,51.6150016784668,19603,0.0,0.0
2023-08-02 13:30:00-04:00,51.6150016784668,51.650001525878906,51.18000030517578,51.29999923706055,32547,0.0,0.0
2023-08-02 14:30:00-04:00,51.20000076293945,51.20000076293945,50.7400016784668,50.775001525878906,24679,0.0,0.0
2023-08-02 15:30:00-04:00,50.79999923706055,51.400001525878906,50.79999923706055,51.38999938964844,70806,0.0,0.0
2023-08-03 09:30:00-04:00,47.29999923706055,48.435001373291016,46.45000076293945,48.02000045776367,70931,0.0,0.0
2023-08-03 10:30:00-04:00,48.0,48.709999084472656,47.86000061035156,48.709999084472656,27399,0.0,0.0
2023-08-03 11:30:00-04:00,48.72999954223633,49.31999969482422,48.54130172729492,48.65999984741211,25929,0.0,0.0
2023-08-03 12:30:00-04:00,48.560001373291016,49.27000045776367,48.560001373291016,49.13999938964844,20673,0.0,0.0
2023-08-03 13:30:00-04:00,49.15999984741211,49.875,49.06999969482422,49.78499984741211,33407,0.0,0.0
2023-08-03 14:30:00-04:00,49.650001525878906,50.189998626708984,49.630001068115234,50.099998474121094,44746,0.0,0.0
2023-08-03 15:30:00-04:00,50.11000061035156,50.400001525878906,49.93000030517578,49.959999084472656,83375,0.0,0.0
2023-08-04 09:30:00-04:00,49.77000045776367,50.630001068115234,49.150001525878906,50.599998474121094,16070,0.0,0.0
2023-08-04 10:30:00-04:00,50.61000061035156,51.2599983215332,50.61000061035156,51.040000915527344,19691,0.0,0.0
2023-08-04 11:30:00-04:00,51.09000015258789,51.314998626708984,50.849998474121094,51.09000015258789,14559,0.0,0.0
2023-08-04 12:30:00-04:00,50.97999954223633,51.25,50.91999816894531,50.96500015258789,11976,0.0,0.0
2023-08-04 13:30:00-04:00,50.93000030517578,51.290000915527344,50.93000030517578,51.09000015258789,13711,0.0,0.0
2023-08-04 14:30:00-04:00,51.13999938964844,51.2400016784668,50.9900016784668,51.099998474121094,18394,0.0,0.0
2023-08-04 15:30:00-04:00,51.064998626708984,51.16999816894531,50.459999084472656,50.4900016784668,76400,0.0,0.0
2023-08-07 09:30:00-04:00,50.47999954223633,51.20000076293945,50.47999954223633,51.0,12773,0.0,0.0
2023-08-07 10:30:00-04:00,51.03499984741211,51.650001525878906,50.939998626708984,51.459999084472656,28659,0.0,0.0
2023-08-07 11:30:00-04:00,51.459999084472656,51.47999954223633,51.02000045776367,51.119998931884766,8013,0.0,0.0
2023-08-07 12:30:00-04:00,51.095001220703125,51.095001220703125,50.689998626708984,50.92499923706055,9644,0.0,0.0
2023-08-07 13:30:00-04:00,50.959999084472656,51.349998474121094,50.959999084472656,51.150001525878906,11703,0.0,0.0
2023-08-07 14:30:00-04:00,51.17499923706055,51.380001068115234,51.130001068115234,51.380001068115234,12776,0.0,0.0
2023-08-07 15:30:00-04:00,51.31999969482422,51.59000015258789,51.23500061035156,51.47999954223633,41749,0.0,0.0
2023-08-08 09:30:00-04:00,50.869998931884766,51.40999984741211,50.869998931884766,51.185001373291016,12347,0.0,0.0
2023-08-08 10:30:00-04:00,51.224998474121094,51.224998474121094,50.505001068115234,50.654998779296875,8710,0.0,0.0
2023-08-08 11:30:00-04:00,50.61000061035156,51.47999954223633,50.61000061035156,51.47999954223633,16545,0.0,0.0
2023-08-08 12:30:00-04:00,51.38999938964844,51.474998474121094,51.08000183105469,51.20500183105469,11548,0.0,0.0
2023-08-08 13:30:00-04:00,51.29999923706055,51.38999938964844,51.150001525878906,51.34000015258789,11992,0.0,0.0
2023-08-08 14:30:00-04:00,51.369998931884766,51.40999984741211,51.119998931884766,51.220001220703125,29412,0.0,0.0
2023-08-08 15:30:00-04:00,51.209999084472656,51.279998779296875,50.869998931884766,50.900001525878906,77920,0.0,0.0
2023-08-09 09:30:00-04:00,50.9900016784668,51.0099983215332,50.84000015258789,51.0099983215332,15677,0.0,0.0
2023-08-09 10:30:00-04:00,51.029998779296875,51.029998779296875,50.5,50.5,4714,0.0,0.0
2023-08-09 11:30:00-04:00,50.459999084472656,50.459999084472656,49.900001525878906,50.060001373291016,7213,0.0,0.0
2023-08-09 12:30:00-04:00,50.119998931884766,50.15999984741211,49.9379997253418,50.025001525878906,39552,0.0,0.0
2023-08-09 13:30:00-04:00,50.060001373291016,50.349998474121094,49.9900016784668,50.349998474121094,4039,0.0,0.0
2023-08-09 14:30:00-04:00,50.33000183105469,50.3849983215332,50.06999969482422,50.23400115966797,13031,0.0,0.0
2023-08-09 15:30:00-04:00,50.17499923706055,50.282501220703125,49.77000045776367,49.779998779296875,22985,0.0,0.0
2023-08-10 09:30:00-04:00,50.209999084472656,50.875,49.90999984741211,50.439998626708984,8799,0.0,0.0
2023-08-10 10:30:00-04:00,50.15999984741211,50.33000183105469,49.935001373291016,50.060001373291016,5021,0.0,0.0
2023-08-10 11:30:00-04:00,50.11000061035156,50.11000061035156,49.70000076293945,49.70000076293945,7821,0.0,0.0
2023-08-10 12:30:00-04:00,49.64500045776367,49.86000061035156,49.630001068115234,49.84000015258789,16952,0.0,0.0
2023-08-10 13:30:00-04:00,49.915000915527344,49.9900016784668,49.75,49.880001068115234,7111,0.0,0.0
2023-08-10 14:30:00-04:00,49.869998931884766,49.9900016784668,49.810001373291016,49.84000015258789,18076,0.0,0.0
2023-08-10 15:30:00-04:00,49.75,49.91999816894531,49.720001220703125,49.84000015258789,35317,0.0,0.0
2023-08-11 09:30:00-04:00,49.59000015258789,50.2599983215332,49.29999923706055,50.15610122680664,12342,0.0,0.0
2023-08-11 10:30:00-04:00,50.165000915527344,50.2599983215332,50.02000045776367,50.08000183105469,5661,0.0,0.0
2023-08-11 11:30:00-04:00,50.084999084472656,50.279998779296875,50.064998626708984,50.244998931884766,6623,0.0,0.0
2023-08-11 12:30:00-04:00,50.310001373291016,50.41999816894531,50.2599983215332,50.36000061035156,6133,0.0,0.0
2023-08-11 13:30:00-04:00,50.3849983215332,50.45000076293945,50.349998474121094,50.435001373291016,7172,0.0,0.0
2023-08-11 14:30:00-04:00,50.470001220703125,50.61000061035156,50.420501708984375,50.56999969482422,10849,0.0,0.0
2023-08-11 15:30:00-04:00,50.55500030517578,50.58000183105469,50.380001068115234,50.5,26268,0.0,0.0
2023-08-14 09:30:00-04:00,50.06999969482422,50.06999969482422,49.130001068115234,49.36000061035156,9067,0.0,0.0
2023-08-14 10:30:00-04:00,49.47999954223633,49.82500076293945,49.349998474121094,49.82500076293945,7784,0.0,0.0
2023-08-14 11:30:00-04:00,49.65999984741211,49.9900016784668,49.65999984741211,49.91999816894531,10482,0.0,0.0
2023-08-14 12:30:00-04:00,49.88999938964844,50.16999816894531,49.869998931884766,49.935001373291016,10112,0.0,0.0
2023-08-14 13:30:00-04:00,49.849998474121094,50.040000915527344,49.7400016784668,50.040000915527344,12187,0.0,0.0
2023-08-14 14:30:00-04:00,50.13999938964844,50.3849983215332,50.0099983215332,50.310001373291016,19429,0.0,0.0
2023-08-14 15:30:00-04:00,50.29999923706055,50.369998931884766,50.22999954223633,50.279998779296875,37167,0.0,0.0
2023-08-15 09:30:00-04:00,49.849998474121094,50.209999084472656,49.849998474121094,50.130001068115234,11651,0.0,0.0
2023-08-15 10:30:00-04:00,50.16749954223633,50.16999816894531,49.61000061035156,49.72999954223633,18222,0.0,0.0
2023-08-15 11:30:00-04:00,49.72999954223633,49.880001068115234,49.66999816894531,49.80500030517578,10458,0.0,0.0
2023-08-15 12:30:00-04:00,49.775001525878906,49.83000183105469,49.25,49.310001373291016,13983,0.0,0.0
2023-08-15 13:30:00-04:00,49.26499938964844,49.40999984741211,49.209999084472656,49.290000915527344,11109,0.0,0.0
2023-08-15 14:30:00-04:00,49.29999923706055,49.380001068115234,49.209999084472656,49.279998779296875,16481,0.0,0.0
2023-08-15 15:30:00-04:00,49.22999954223633,49.279998779296875,48.72999954223633,48.970001220703125,58039,0.0,0.0
2023-08-16 09:30:00-04:00,48.95000076293945,48.95000076293945,48.060001373291016,48.060001373291016,4181,0.0,0.0
2023-08-16 10:30:00-04:00,47.95000076293945,48.2400016784668,47.7599983215332,48.119998931884766,9497,0.0,0.0
2023-08-16 11:30:00-04:00,48.119998931884766,48.57500076293945,48.09000015258789,48.540000915527344,15029,0.0,0.0
2023-08-16 12:30:00-04:00,48.52000045776367,48.58000183105469,48.380001068115234,48.51499938964844,16125,0.0,0.0
2023-08-16 13:30:00-04:00,48.5,48.63999938964844,48.38999938964844,48.5,8242,0.0,0.0
2023-08-16 14:30:00-04:00,48.52000045776367,48.52000045776367,48.22999954223633,48.275001525878906,12480,0.0,0.0
2023-08-16 15:30:00-04:00,48.310001373291016,48.34000015258789,47.849998474121094,47.86000061035156,31596,0.0,0.0
2023-08-17 09:30:00-04:00,48.0099983215332,48.28269958496094,47.91999816894531,48.10499954223633,11149,0.0,0.0
2023-08-17 10:30:00-04:00,48.11000061035156,48.11000061035156,47.7599983215332,47.79999923706055,7051,0.0,0.0
2023-08-17 11:30:00-04:00,47.724998474121094,47.959999084472656,47.724998474121094,47.95000076293945,8069,0.0,0.0
2023-08-17 12:30:00-04:00,48.150001525878906,48.16389846801758,48.060001373291016,48.060001373291016,6147,0.0,0.0
2023-08-17 13:30:00-04:00,48.04999923706055,48.04999923706055,47.814998626708984,47.849998474121094,16768,0.0,0.0
2023-08-17 14:30:00-04:00,47.84000015258789,47.959999084472656,47.7400016784668,47.959999084472656,12327,0.0,0.0
2023-08-17 15:30:00-04:00,47.93000030517578,47.98500061035156,47.68000030517578,47.72999954223633,34641,0.0,0.0
2023-08-18 09:30:00-04:00,47.36000061035156,48.25,47.36000061035156,47.84000015258789,173852,0.0,0.0
2023-08-18 10:30:00-04:00,47.689998626708984,48.13999938964844,47.689998626708984,48.040000915527344,9871,0.0,0.0
2023-08-18 11:30:00-04:00,48.10499954223633,48.10499954223633,47.77000045776367,47.880001068115234,9682,0.0,0.0
2023-08-18 12:30:00-04:00,47.8849983215332,47.970001220703125,47.68000030517578,47.790000915527344,15014,0.0,0.0
2023-08-18 13:30:00-04:00,47.790000915527344,47.81999969482422,47.689998626708984,47.79499816894531,11357,0.0,0.0
2023-08-18 14:30:00-04:00,47.779998779296875,47.779998779296875,47.470001220703125,47.65999984741211,17199,0.0,0.0
2023-08-18 15:30:00-04:00,47.66999816894531,47.720001220703125,47.43000030517578,47.5099983215332,30894,0.0,0.0
2023-08-21 09:30:00-04:00,47.52000045776367,47.584999084472656,46.65999984741211,46.779998779296875,18960,0.0,0.0
2023-08-21 10:30:00-04:00,46.790000915527344,47.130001068115234,46.58000183105469,46.58000183105469,11007,0.0,0.0
2023-08-21 11:30:00-04:00,46.60499954223633,47.18000030517578,46.36000061035156,47.099998474121094,22618,0.0,0.0
2023-08-21 12:30:00-04:00,47.04999923706055,47.150001525878906,47.0,47.130001068115234,8759,0.0,0.0
2023-08-21 13:30:00-04:00,47.099998474121094,47.11000061035156,46.970001220703125,46.970001220703125,7153,0.0,0.0
2023-08-21 14:30:00-04:00,46.95000076293945,47.185001373291016,46.95000076293945,47.185001373291016,9609,0.0,0.0
2023-08-21 15:30:00-04:00,47.18000030517578,47.22999954223633,46.93000030517578,46.95000076293945,35822,0.0,0.0
2023-08-22 09:30:00-04:00,47.13999938964844,47.13999938964844,46.400001525878906,46.4900016784668,11064,0.0,0.0
2023-08-22 10:30:00-04:00,46.66999816894531,47.220001220703125,46.650001525878906,47.220001220703125,9850,0.0,0.0
2023-08-22 11:30:00-04:00,47.13999938964844,47.18000030517578,46.96500015258789,47.02000045776367,9700,0.0,0.0
2023-08-22 12:30:00-04:00,47.029998779296875,47.029998779296875,46.6349983215332,46.72719955444336,8792,0.0,0.0
2023-08-22 13:30:00-04:00,46.7599983215332,46.97999954223633,46.75,46.95000076293945,9603,0.0,0.0
2023-08-22 14:30:00-04:00,46.9900016784668,47.220001220703125,46.84000015258789,47.209999084472656,19589,0.0,0.0
2023-08-22 15:30:00-04:00,47.08000183105469,47.099998474121094,46.70000076293945,46.7599983215332,34963,0.0,0.0
2023-08-23 09:30:00-04:00,46.869998931884766,47.20000076293945,46.689998626708984,46.81999969482422,4833,0.0,0.0
2023-08-23 10:30:00-04:00,46.88999938964844,47.04999923706055,46.84000015258789,46.869998931884766,4016,0.0,0.0
2023-08-23 11:30:00-04:00,46.939998626708984,46.970001220703125,46.779998779296875,46.82500076293945,4305,0.0,0.0
2023-08-23 12:30:00-04:00,46.86000061035156,47.09000015258789,46.83000183105469,47.09000015258789,4144,0.0,0.0
2023-08-23 13:30:00-04:00,47.130001068115234,47.220001220703125,47.130001068115234,47.16999816894531,50638,0.0,0.0
2023-08-23 14:30:00-04:00,47.13999938964844,47.31999969482422,47.130001068115234,47.30500030517578,5137,0.0,0.0
2023-08-23 15:30:00-04:00,47.290000915527344,47.29999923706055,47.165000915527344,47.279998779296875,19680,0.0,0.0
2023-08-24 09:30:00-04:00,47.06999969482422,47.9900016784668,47.06999969482422,47.54999923706055,16253,0.0,0.0
2023-08-24 10:30:00-04:00,47.54999923706055,48.06999969482422,47.5099983215332,47.540000915527344,19908,0.0,0.0
2023-08-24 11:30:00-04:00,47.540000915527344,47.66999816894531,47.44499969482422,47.53499984741211,5484,0.0,0.0
2023-08-24 12:30:00-04:00,47.52000045776367,47.529998779296875,47.25,47.25,3044,0.0,0.0
2023-08-24 13:30:00-04:00,47.290000915527344,47.309898376464844,47.16999816894531,47.277000427246094,5600,0.0,0.0
2023-08-24 14:30:00-04:00,47.27000045776367,47.529998779296875,47.2400016784668,47.43000030517578,10160,0.0,0.0
2023-08-24 15:30:00-04:00,47.22999954223633,47.290000915527344,47.064998626708984,47.11000061035156,19661,0.0,0.0
2023-08-25 09:30:00-04:00,47.20000076293945,48.25,46.97999954223633,46.97999954223633,6332,0.0,0.0
2023-08-25 10:30:00-04:00,46.709999084472656,46.75,46.61000061035156,46.70000076293945,2834,0.0,0.0
2023-08-25 11:30:00-04:00,46.97999954223633,46.97999954223633,46.72999954223633,46.75,3194,0.0,0.0
2023-08-25 12:30:00-04:00,46.755001068115234,46.880001068115234,46.63999938964844,46.68000030517578,4790,0.0,0.0
2023-08-25 13:30:00-04:00,46.630001068115234,46.720001220703125,46.529998779296875,46.65999984741211,5683,0.0,0.0
2023-08-25 14:30:00-04:00,46.65999984741211,46.720001220703125,46.5,46.619998931884766,8905,0.0,0.0
2023-08-25 15:30:00-04:00,46.61000061035156,46.61000061035156,46.08000183105469,46.09000015258789,28380,0.0,0.0
2023-08-28 09:30:00-04:00,46.18000030517578,46.9900016784668,46.18000030517578,46.77000045776367,11252,0.0,0.0
2023-08-28 10:30:00-04:00,46.70000076293945,46.70000076293945,46.4900016784668,46.494998931884766,3626,0.0,0.0
2023-08-28 11:30:00-04:00,46.4900016784668,46.494998931884766,46.290000915527344,46.290000915527344,3763,0.0,0.0
2023-08-28 12:30:00-04:00,46.29999923706055,46.46500015258789,46.29499816894531,46.41999816894531,7180,0.0,0.0
2023-08-28 13:30:00-04:00,46.5,46.529998779296875,46.279998779296875,46.415000915527344,5004,0.0,0.0
2023-08-28 14:30:00-04:00,46.435001373291016,46.66999816894531,46.380001068115234,46.529998779296875,17256,0.0,0.0
2023-08-28 15:30:00-04:00,46.5,46.970001220703125,46.5,46.91999816894531,28375,0.0,0.0
2023-08-29 09:30:00-04:00,46.91999816894531,47.20000076293945,46.650001525878906,46.974998474121094,13315,0.0,0.0
2023-08-29 10:30:00-04:00,47.0,47.25,46.970001220703125,47.25,6852,0.0,0.0
2023-08-29 11:30:00-04:00,47.2400016784668,47.439998626708984,47.2400016784668,47.36000061035156,4963,0.0,0.0
2023-08-29 12:30:00-04:00,47.314998626708984,47.540000915527344,47.314998626708984,47.52000045776367,5430,0.0,0.0
2023-08-29 13:30:00-04:00,47.46500015258789,47.630001068115234,47.41999816894531,47.435001373291016,5249,0.0,0.0
2023-08-29 14:30:00-04:00,47.47999954223633,47.51839828491211,47.25,47.40999984741211,6279,0.0,0.0
2023-08-29 15:30:00-04:00,47.40999984741211,47.560001373291016,47.380001068115234,47.4900016784668,29590,0.0,0.0
2023-08-30 09:30:00-04:00,47.33000183105469,47.970001220703125,47.119998931884766,47.849998474121094,13243,0.0,0.0
2023-08-30 10:30:00-04:00,47.95000076293945,48.040000915527344,47.68000030517578,47.86000061035156,14386,0.0,0.0
2023-08-30 11:30:00-04:00,47.84000015258789,47.85499954223633,47.46590042114258,47.58000183105469,6211,0.0,0.0
2023-08-30 12:30:00-04:00,47.58000183105469,47.630001068115234,47.099998474121094,47.2599983215332,7929,0.0,0.0
2023-08-30 13:30:00-04:00,47.34000015258789,47.36000061035156,47.20500183105469,47.2599983215332,5303,0.0,0.0
2023-08-30 14:30:00-04:00,47.290000915527344,47.420101165771484,47.279998779296875,47.34000015258789,10139,0.0,0.0
2023-08-30 15:30:00-04:00,47.33250045776367,47.36000061035156,46.95000076293945,46.9900016784668,24370,0.0,0.0
2023-08-31 09:30:00-04:00,47.099998474121094,47.310001373291016,46.84000015258789,47.25,7168,0.0,0.0
2023-08-31 10:30:00-04:00,47.224998474121094,47.22999954223633,46.88999938964844,47.119998931884766,7728,0.0,0.0
2023-08-31 11:30:00-04:00,47.130001068115234,47.130001068115234,46.68000030517578,46.68000030517578,6359,0.0,0.0
2023-08-31 12:30:00-04:00,46.66999816894531,46.7599983215332,46.630001068115234,46.75,5295,0.0,0.0
2023-08-31 13:30:00-04:00,46.77000045776367,46.97999954223633,46.75,46.92499923706055,6353,0.0,0.0
2023-08-31 14:30:00-04:00,46.91999816894531,46.97999954223633,46.63999938964844,46.970001220703125,10320,0.0,0.0
2023-08-31 15:30:00-04:00,47.0,47.0,46.779998779296875,46.85499954223633,26335,0.0,0.0
2023-09-01 09:30:00-04:00,47.2400016784668,47.70500183105469,47.2400016784668,47.369998931884766,9433,0.0,0.0
2023-09-01 10:30:00-04:00,47.630001068115234,47.775001525878906,47.6150016784668,47.775001525878906,6254,0.0,0.0
2023-09-01 11:30:00-04:00,47.709999084472656,47.86000061035156,47.6349983215332,47.77170181274414,6578,0.0,0.0
2023-09-01 12:30:00-04:00,47.7400016784668,47.779998779296875,47.65999984741211,47.75,2965,0.0,0.0
2023-09-01 13:30:00-04:00,47.68000030517578,47.68000030517578,47.400001525878906,47.56999969482422,10716,0.0,0.0
2023-09-01 14:30:00-04:00,47.58250045776367,47.58250045776367,47.41999816894531,47.52000045776367,7956,0.0,0.0
2023-09-01 15:30:00-04:00,47.54999923706055,47.54999923706055,47.380001068115234,47.43000030517578,18418,0.0,0.0
2023-09-05 09:30:00-04:00,47.15999984741211,47.17499923706055,45.68000030517578,46.619998931884766,29945,0.0,0.0
2023-09-05 10:30:00-04:00,46.6349983215332,46.720001220703125,46.58000183105469,46.599998474121094,8225,0.0,0.0
2023-09-05 11:30:00-04:00,46.58000183105469,46.58000183105469,46.4900016784668,46.5,9720,0.0,0.0
2023-09-05 12:30:00-04:00,46.525001525878906,46.61000061035156,46.404998779296875,46.51499938964844,14977,0.0,0.0
2023-09-05 13:30:00-04:00,46.560001373291016,46.56999969482422,46.040000915527344,46.040000915527344,55725,0.0,0.0
2023-09-05 14:30:00-04:00,46.084999084472656,46.36000061035156,46.084999084472656,46.25,15492,0.0,0.0
2023-09-05 15:30:00-04:00,46.22999954223633,46.470001220703125,46.17499923706055,46.470001220703125,44315,0.0,0.0
2023-09-06 09:30:00-04:00,46.529998779296875,46.939998626708984,46.310001373291016,46.529998779296875,7382,0.0,0.0
2023-09-06 10:30:00-04:00,46.53499984741211,46.57500076293945,46.34000015258789,46.48500061035156,12139,0.0,0.0
2023-09-06 11:30:00-04:00,46.415000915527344,46.875,46.349998474121094,46.61000061035156,10643,0.0,0.0
2023-09-06 12:30:00-04:00,46.595001220703125,46.70500183105469,46.525001525878906,46.59000015258789,7893,0.0,0.0
2023-09-06 13:30:00-04:00,46.54999923706055,46.59000015258789,46.470001220703125,46.57500076293945,9783,0.0,0.0
2023-09-06 14:30:00-04:00,46.54999923706055,46.7400016784668,46.54999923706055,46.689998626708984,13852,0.0,0.0
2023-09-06 15:30:00-04:00,46.70000076293945,46.75,46.56999969482422,46.599998474121094,31460,0.0,0.0
2023-09-07 09:30:00-04:00,46.47999954223633,46.59000015258789,46.06999969482422,46.5099983215332,13211,0.0,0.0
2023-09-07 10:30:00-04:00,46.52000045776367,46.70000076293945,46.5,46.619998931884766,11070,0.0,0.0
2023-09-07 11:30:00-04:00,46.689998626708984,46.755001068115234,46.59000015258789,46.75,7447,0.0,0.0
2023-09-07 12:30:00-04:00,46.75,46.869998931884766,46.712501525878906,46.869998931884766,6432,0.0,0.0
2023-09-07 13:30:00-04:00,46.85499954223633,46.85499954223633,46.45000076293945,46.48500061035156,9823,0.0,0.0
2023-09-07 14:30:00-04:00,46.48500061035156,46.654998779296875,46.43000030517578,46.6150016784668,13880,0.0,0.0
2023-09-07 15:30:00-04:00,46.56999969482422,46.68000030517578,46.44499969482422,46.630001068115234,20267,0.0,0.0
2023-09-08 09:30:00-04:00,46.529998779296875,46.58000183105469,46.11000061035156,46.189998626708984,6895,0.0,0.0
2023-09-08 10:30:00-04:00,46.165000915527344,46.375,46.09000015258789,46.34000015258789,3112,0.0,0.0
2023-09-08 11:30:00-04:00,46.2401008605957,46.38999938964844,46.2401008605957,46.38999938964844,2777,0.0,0.0
2023-09-08 12:30:00-04:00,46.48500061035156,46.48500061035156,46.34000015258789,46.34000015258789,3093,0.0,0.0
2023-09-08 13:30:00-04:00,46.31999969482422,46.369998931884766,46.1150016784668,46.22999954223633,4604,0.0,0.0
2023-09-08 14:30:00-04:00,46.224998474121094,46.22999954223633,46.209999084472656,46.209999084472656,3146,0.0,0.0
2023-09-08 15:30:00-04:00,46.220001220703125,46.310001373291016,46.18000030517578,46.20000076293945,16561,0.0,0.0
2023-09-11 09:30:00-04:00,46.38999938964844,46.880001068115234,46.20000076293945,46.560001373291016,7487,0.0,0.0
2023-09-11 10:30:00-04:00,46.459999084472656,46.459999084472656,45.959999084472656,46.0099983215332,5037,0.0,0.0
2023-09-11 11:30:00-04:00,45.935001373291016,46.130001068115234,45.66999816894531,46.130001068115234,13971,0.0,0.0
2023-09-11 12:30:00-04:00,46.11000061035156,46.22999954223633,46.11000061035156,46.22999954223633,3565,0.0,0.0
2023-09-11 13:30:00-04:00,46.22999954223633,46.349998474121094,46.005001068115234,46.06999969482422,4917,0.0,0.0
2023-09-11 14:30:00-04:00,46.07500076293945,46.16999816894531,46.040000915527344,46.084999084472656,8334,0.0,0.0
2023-09-11 15:30:00-04:00,46.08000183105469,46.130001068115234,45.95500183105469,46.0099983215332,22918,0.0,0.0
2023-09-12 09:30:00-04:00,46.029998779296875,46.36000061035156,46.0,46.0,10740,0.0,0.0
2023-09-12 10:30:00-04:00,46.119998931884766,46.20000076293945,45.88999938964844,45.97850036621094,6146,0.0,0.0
2023-09-12 11:30:00-04:00,46.0,46.060001373291016,45.83000183105469,45.90999984741211,4676,0.0,0.0
2023-09-12 12:30:00-04:00,45.84000015258789,45.84000015258789,45.61000061035156,45.720001220703125,5130,0.0,0.0
2023-09-12 13:30:00-04:00,45.72999954223633,45.79999923706055,45.619998931884766,45.619998931884766,8037,0.0,0.0
2023-09-12 14:30:00-04:00,45.61000061035156,45.630001068115234,45.439998626708984,45.439998626708984,9286,0.0,0.0
2023-09-12 15:30:00-04:00,45.59000015258789,45.720001220703125,45.459999084472656,45.58000183105469,22465,0.0,0.0
2023-09-13 09:30:00-04:00,45.849998474121094,45.849998474121094,45.2400016784668,45.69499969482422,7175,0.0,0.0
2023-09-13 10:30:00-04:00,45.935001373291016,46.099998474121094,45.90999984741211,46.060001373291016,5213,0.0,0.0
2023-09-13 11:30:00-04:00,46.119998931884766,46.220001220703125,45.89500045776367,46.16999816894531,7316,0.0,0.0
2023-09-13 12:30:00-04:00,46.16999816894531,46.599998474121094,46.16999816894531,46.349998474121094,7471,0.0,0.0
2023-09-13 13:30:00-04:00,46.279998779296875,46.435001373291016,46.279998779296875,46.40999984741211,8295,0.0,0.0
2023-09-13 14:30:00-04:00,46.45000076293945,46.459999084472656,46.27000045776367,46.31999969482422,8510,0.0,0.0
2023-09-13 15:30:00-04:00,46.34000015258789,46.68000030517578,46.31999969482422,46.58000183105469,25228,0.0,0.0
2023-09-14 09:30:00-04:00,46.91999816894531,47.54999923706055,46.91999816894531,47.17499923706055,9582,0.0,0.0
2023-09-14 10:30:00-04:00,47.25,47.298301696777344,47.04999923706055,47.130001068115234,11777,0.0,0.0
2023-09-14 11:30:00-04:00,47.029998779296875,47.18170166015625,46.900001525878906,46.935001373291016,4422,0.0,0.0
2023-09-14 12:30:00-04:00,46.88999938964844,47.11000061035156,46.88999938964844,47.09000015258789,4354,0.0,0.0
2023-09-14 13:30:00-04:00,47.119998931884766,47.25,47.02000045776367,47.2400016784668,7346,0.0,0.0
2023-09-14 14:30:00-04:00,47.25,47.28499984741211,47.099998474121094,47.15999984741211,15205,0.0,0.0
2023-09-14 15:30:00-04:00,47.119998931884766,47.47999954223633,47.06999969482422,47.40999984741211,32045,0.0,0.0
2023-09-15 09:30:00-04:00,47.279998779296875,47.54999923706055,46.79999923706055,47.310001373291016,30489,0.0,0.0
2023-09-15 10:30:00-04:00,47.47999954223633,47.47999954223633,47.08000183105469,47.20000076293945,6381,0.0,0.0
2023-09-15 11:30:00-04:00,47.310001373291016,47.439998626708984,47.2599983215332,47.29999923706055,41058,0.0,0.0
2023-09-15 12:30:00-04:00,47.279998779296875,47.279998779296875,47.07500076293945,47.07500076293945,5321,0.0,0.0
2023-09-15 13:30:00-04:00,46.90999984741211,47.29999923706055,46.90999984741211,47.25,8890,0.0,0.0
2023-09-15 14:30:00-04:00,47.36000061035156,47.439998626708984,47.310001373291016,47.310001373291016,8850,0.0,0.0
2023-09-15 15:30:00-04:00,47.35499954223633,47.459999084472656,47.22999954223633,47.33000183105469,23426,0.0,0.0
2023-09-18 09:30:00-04:00,47.52000045776367,47.650001525878906,47.15999984741211,47.18000030517578,12994,0.0,0.0
2023-09-18 10:30:00-04:00,47.33000183105469,47.45000076293945,47.16999816894531,47.20000076293945,6204,0.0,0.0
2023-09-18 11:30:00-04:00,47.16999816894531,47.20000076293945,47.11000061035156,47.11000061035156,2293,0.0,0.0
2023-09-18 12:30:00-04:00,47.124000549316406,47.43000030517578,47.124000549316406,47.33000183105469,5565,0.0,0.0
2023-09-18 13:30:00-04:00,47.400001525878906,47.400001525878906,47.29999923706055,47.34000015258789,3094,0.0,0.0
2023-09-18 14:30:00-04:00,47.34000015258789,47.380001068115234,47.279998779296875,47.380001068115234,7083,0.0,0.0
2023-09-18 15:30:00-04:00,47.36000061035156,47.38249969482422,47.029998779296875,47.029998779296875,12444,0.0,0.0
2023-09-19 09:30:00-04:00,47.18000030517578,47.41680145263672,47.18000030517578,47.349998474121094,2865,0.0,0.0
2023-09-19 10:30:00-04:00,47.349998474121094,47.540000915527344,47.34000015258789,47.3849983215332,4754,0.0,0.0
2023-09-19 11:30:00-04:00,47.40999984741211,47.61000061035156,47.40999984741211,47.61000061035156,8946,0.0,0.0
2023-09-19 12:30:00-04:00,47.65999984741211,47.72999954223633,47.56999969482422,47.72999954223633,4118,0.0,0.0
2023-09-19 13:30:00-04:00,47.72999954223633,47.9900016784668,47.709999084472656,47.779998779296875,5571,0.0,0.0
2023-09-19 14:30:00-04:00,47.84000015258789,47.84000015258789,47.689998626708984,47.77000045776367,6476,0.0,0.0
2023-09-19 15:30:00-04:00,47.79999923706055,47.91999816894531,47.720001220703125,47.779998779296875,24184,0.0,0.0
2023-09-20 09:30:00-04:00,47.95000076293945,48.279998779296875,47.95000076293945,48.189998626708984,2878,0.0,0.0
2023-09-20 10:30:00-04:00,48.209999084472656,48.22999954223633,48.11000061035156,48.15999984741211,3900,0.0,0.0
2023-09-20 11:30:00-04:00,48.09000015258789,48.189998626708984,48.060001373291016,48.119998931884766,2829,0.0,0.0
2023-09-20 12:30:00-04:00,48.04999923706055,48.10499954223633,48.0099983215332,48.0099983215332,1421,0.0,0.0
2023-09-20 13:30:00-04:00,48.0099983215332,48.0099983215332,47.790000915527344,47.81999969482422,4536,0.0,0.0
2023-09-20 14:30:00-04:00,47.81999969482422,47.970001220703125,47.560001373291016,47.619998931884766,12134,0.0,0.0
2023-09-20 15:30:00-04:00,47.65999984741211,47.65999984741211,47.18000030517578,47.279998779296875,20268,0.0,0.0
2023-09-21 09:30:00-04:00,46.90999984741211,47.459999084472656,46.130001068115234,47.400001525878906,12522,0.0,0.0
2023-09-21 10:30:00-04:00,47.36000061035156,47.45000076293945,47.220001220703125,47.400001525878906,6473,0.0,0.0
2023-09-21 11:30:00-04:00,47.6349983215332,47.689998626708984,47.52000045776367,47.56999969482422,6431,0.0,0.0
2023-09-21 12:30:00-04:00,47.599998474121094,47.650001525878906,47.439998626708984,47.619998931884766,3857,0.0,0.0
2023-09-21 13:30:00-04:00,47.630001068115234,47.630001068115234,47.38999938964844,47.38999938964844,3334,0.0,0.0
2023-09-21 14:30:00-04:00,47.314998626708984,47.38999938964844,47.20000076293945,47.279998779296875,8034,0.0,0.0
2023-09-21 15:30:00-04:00,47.2599983215332,47.279998779296875,46.9900016784668,47.0,29779,0.0,0.0
2023-09-22 09:30:00-04:00,46.97999954223633,47.375,46.3650016784668,46.81999969482422,14767,0.0,0.0
2023-09-22 10:30:00-04:00,46.939998626708984,46.939998626708984,45.900001525878906,46.084999084472656,22411,0.0,0.0
2023-09-22 11:30:00-04:00,46.119998931884766,46.119998931884766,45.810001373291016,45.9900016784668,24138,0.0,0.0
2023-09-22 12:30:00-04:00,45.90999984741211,46.099998474121094,45.82500076293945,45.82500076293945,9821,0.0,0.0
2023-09-22 13:30:00-04:00,45.79999923706055,45.79999923706055,45.150001525878906,45.323001861572266,16942,0.0,0.0
2023-09-22 14:30:00-04:00,45.33000183105469,45.95000076293945,45.310001373291016,45.95000076293945,11383,0.0,0.0
2023-09-22 15:30:00-04:00,45.95000076293945,45.959999084472656,45.56999969482422,45.65999984741211,43872,0.0,0.0
2023-09-25 09:30:00-04:00,45.689998626708984,45.970001220703125,45.13999938964844,45.72999954223633,5697,0.0,0.0
2023-09-25 10:30:00-04:00,45.95000076293945,45.95000076293945,45.68000030517578,45.91999816894531,6391,0.0,0.0
2023-09-25 11:30:00-04:00,45.8849983215332,45.8849983215332,45.58000183105469,45.65999984741211,5360,0.0,0.0
2023-09-25 12:30:00-04:00,45.720001220703125,45.900001525878906,45.720001220703125,45.72999954223633,4547,0.0,0.0
2023-09-25 13:30:00-04:00,45.724998474121094,45.94499969482422,45.724998474121094,45.880001068115234,4943,0.0,0.0
2023-09-25 14:30:00-04:00,45.970001220703125,45.970001220703125,45.72999954223633,45.744998931884766,8070,0.0,0.0
2023-09-25 15:30:00-04:00,45.7599983215332,45.91999816894531,45.7599983215332,45.83000183105469,18204,0.0,0.0
2023-09-26 09:30:00-04:00,45.33000183105469,45.845001220703125,45.33000183105469,45.77000045776367,7952,0.0,0.0
2023-09-26 10:30:00-04:00,45.77000045776367,45.77000045776367,45.560001373291016,45.61000061035156,6821,0.0,0.0
2023-09-26 11:30:00-04:00,45.56999969482422,45.56999969482422,45.27000045776367,45.36000061035156,15816,0.0,0.0
2023-09-26 12:30:00-04:00,45.36000061035156,45.5,45.36000061035156,45.439998626708984,7590,0.0,0.0
2023-09-26 13:30:00-04:00,45.400001525878906,45.63999938964844,45.349998474121094,45.599998474121094,14929,0.0,0.0
2023-09-26 14:30:00-04:00,45.602500915527344,45.7400016784668,45.459999084472656,45.7400016784668,18334,0.0,0.0
2023-09-26 15:30:00-04:00,45.75,45.86000061035156,45.68000030517578,45.86000061035156,33618,0.0,0.0
2023-09-27 09:30:00-04:00,46.20000076293945,46.522499084472656,46.1150016784668,46.380001068115234,19741,0.0,0.0
2023-09-27 10:30:00-04:00,46.58000183105469,46.58000183105469,45.966400146484375,46.0099983215332,5783,0.0,0.0
2023-09-27 11:30:00-04:00,45.959999084472656,45.97999954223633,45.619998931884766,45.709999084472656,6895,0.0,0.0
2023-09-27 12:30:00-04:00,45.79999923706055,45.95500183105469,45.58000183105469,45.904998779296875,40908,0.0,0.0
2023-09-27 13:30:00-04:00,45.779998779296875,46.09000015258789,45.7599983215332,46.02000045776367,8810,0.0,0.0
2023-09-27 14:30:00-04:00,46.060001373291016,46.189998626708984,46.029998779296875,46.119998931884766,12848,0.0,0.0
2023-09-27 15:30:00-04:00,46.11000061035156,46.20000076293945,45.88999938964844,46.08000183105469,24825,0.0,0.0
2023-09-28 09:30:00-04:00,46.15999984741211,46.650001525878906,46.15999984741211,46.43000030517578,3383,0.0,0.0
2023-09-28 10:30:00-04:00,46.400001525878906,46.70000076293945,46.400001525878906,46.689998626708984,4454,0.0,0.0
2023-09-28 11:30:00-04:00,46.720001220703125,46.935001373291016,46.6952018737793,46.90999984741211,5445,0.0,0.0
2023-09-28 12:30:00-04:00,46.91999816894531,46.97999954223633,46.880001068115234,46.959999084472656,17064,0.0,0.0
2023-09-28 13:30:00-04:00,46.83000183105469,47.15999984741211,46.83000183105469,47.15999984741211,10685,0.0,0.0
2023-09-28 14:30:00-04:00,47.13999938964844,47.2400016784668,47.099998474121094,47.220001220703125,8488,0.0,0.0
2023-09-28 15:30:00-04:00,47.220001220703125,47.23899841308594,46.709999084472656,47.16999816894531,55444,0.0,0.0
2023-09-29 09:30:00-04:00,47.13999938964844,47.38999938964844,47.130001068115234,47.20000076293945,5778,0.0,0.0
2023-09-29 10:30:00-04:00,47.23500061035156,47.34000015258789,47.18000030517578,47.27000045776367,8413,0.0,0.0
2023-09-29 11:30:00-04:00,47.314998626708984,47.5,47.18000030517578,47.5,8690,0.0,0.0
2023-09-29 12:30:00-04:00,47.61000061035156,47.61000061035156,47.189998626708984,47.525001525878906,21812,0.0,0.0
2023-09-29 13:30:00-04:00,47.525001525878906,47.61000061035156,47.4900016784668,47.529998779296875,14567,0.0,0.0
2023-09-29 14:30:00-04:00,47.529998779296875,47.869998931884766,47.46500015258789,47.80500030517578,25876,0.0,0.0
2023-09-29 15:30:00-04:00,47.810001373291016,48.064998626708984,47.650001525878906,47.7599983215332,74519,0.0,0.0
2023-10-02 09:30:00-04:00,47.720001220703125,47.720001220703125,47.04999923706055,47.369998931884766,7386,0.0,0.0
2023-10-02 10:30:00-04:00,47.290000915527344,47.619998931884766,47.220001220703125,47.48500061035156,25842,0.0,0.0
2023-10-02 11:30:00-04:00,47.45000076293945,47.59000015258789,47.29999923706055,47.58250045776367,18237,0.0,0.0
2023-10-02 12:30:00-04:00,47.599998474121094,47.73500061035156,47.51499938964844,47.69499969482422,9184,0.0,0.0
2023-10-02 13:30:00-04:00,47.65999984741211,47.849998474121094,47.61000061035156,47.61000061035156,9216,0.0,0.0
2023-10-02 14:30:00-04:00,47.654998779296875,47.86000061035156,47.59000015258789,47.86000061035156,20016,0.0,0.0
2023-10-02 15:30:00-04:00,47.86000061035156,48.15999984741211,47.79999923706055,48.15999984741211,42889,0.0,0.0
2023-10-03 09:30:00-04:00,47.83000183105469,47.83000183105469,46.83000183105469,46.98500061035156,7239,0.0,0.0
2023-10-03 10:30:00-04:00,47.005001068115234,47.400001525878906,46.90999984741211,47.349998474121094,12749,0.0,0.0
2023-10-03 11:30:00-04:00,47.310001373291016,47.584999084472656,47.185001373291016,47.584999084472656,9819,0.0,0.0
2023-10-03 12:30:00-04:00,47.54999923706055,47.63249969482422,47.47999954223633,47.55500030517578,5949,0.0,0.0
2023-10-03 13:30:00-04:00,47.525001525878906,47.529998779296875,46.9900016784668,47.279998779296875,31458,0.0,0.0
2023-10-03 14:30:00-04:00,47.2599983215332,47.650001525878906,47.220001220703125,47.63999938964844,23637,0.0,0.0
2023-10-03 15:30:00-04:00,47.65999984741211,47.70000076293945,47.4900016784668,47.58000183105469,49600,0.0,0.0
2023-10-04 09:30:00-04:00,47.5,47.525001525878906,47.25,47.30500030517578,7484,0.0,0.0
2023-10-04 10:30:00-04:00,47.30500030517578,47.505001068115234,47.15999984741211,47.470001220703125,14746,0.0,0.0
2023-10-04 11:30:00-04:00,47.52000045776367,47.59000015258789,47.43000030517578,47.584999084472656,5579,0.0,0.0
2023-10-04 12:30:00-04:00,47.540000915527344,47.540000915527344,47.369998931884766,47.439998626708984,9937,0.0,0.0
2023-10-04 13:30:00-04:00,47.439998626708984,47.47999954223633,47.27000045776367,47.349998474121094,17674,0.0,0.0
2023-10-04 14:30:00-04:00,47.345001220703125,47.54999923706055,47.27000045776367,47.5,15232,0.0,0.0
2023-10-04 15:30:00-04:00,47.5099983215332,47.66999816894531,47.43000030517578,47.540000915527344,29511,0.0,0.0
2023-10-05 09:30:00-04:00,47.36000061035156,47.90999984741211,47.15999984741211,47.779998779296875,7786,0.0,0.0
2023-10-05 10:30:00-04:00,47.779998779296875,47.869998931884766,47.40999984741211,47.525001525878906,13931,0.0,0.0
2023-10-05 11:30:00-04:00,47.59000015258789,47.779998779296875,47.4900016784668,47.744998931884766,7015,0.0,0.0
2023-10-05 12:30:00-04:00,47.86000061035156,47.869998931884766,47.724998474121094,47.869998931884766,14624,0.0,0.0
2023-10-05 13:30:00-04:00,48.060001373291016,48.45000076293945,47.900001525878906,48.45000076293945,8368,0.0,0.0
2023-10-05 14:30:00-04:00,48.459999084472656,49.029998779296875,48.459999084472656,48.95000076293945,23050,0.0,0.0
2023-10-05 15:30:00-04:00,48.900001525878906,48.900001525878906,48.61000061035156,48.79999923706055,42100,0.0,0.0
2023-10-06 09:30:00-04:00,48.56999969482422,48.89500045776367,48.08000183105469,48.75,7090,0.0,0.0
2023-10-06 10:30:00-04:00,48.77000045776367,49.26499938964844,48.61000061035156,49.26499938964844,13662,0.0,0.0
2023-10-06 11:30:00-04:00,49.15999984741211,49.65999984741211,49.130001068115234,49.2599983215332,7748,0.0,0.0
2023-10-06 12:30:00-04:00,49.209999084472656,49.34000015258789,49.09000015258789,49.310001373291016,8077,0.0,0.0
2023-10-06 13:30:00-04:00,49.275001525878906,49.4900016784668,49.215999603271484,49.45500183105469,4358,0.0,0.0
2023-10-06 14:30:00-04:00,49.564998626708984,49.630001068115234,49.439998626708984,49.54999923706055,10822,0.0,0.0
2023-10-06 15:30:00-04:00,49.56999969482422,49.57500076293945,49.29999923706055,49.5099983215332,44577,0.0,0.0
2023-10-09 09:30:00-04:00,49.130001068115234,49.95000076293945,49.130001068115234,49.33000183105469,4482,0.0,0.0
2023-10-09 10:30:00-04:00,49.40999984741211,49.66999816894531,49.38999938964844,49.38999938964844,7025,0.0,0.0
2023-10-09 11:30:00-04:00,49.33300018310547,49.54999923706055,49.310001373291016,49.38999938964844,6152,0.0,0.0
2023-10-09 12:30:00-04:00,49.38999938964844,49.900001525878906,49.38999938964844,49.78499984741211,9410,0.0,0.0
2023-10-09 13:30:00-04:00,49.845001220703125,50.45000076293945,49.79819869995117,50.45000076293945,14378,0.0,0.0
2023-10-09 14:30:00-04:00,50.439998626708984,50.439998626708984,49.98500061035156,49.9900016784668,7968,0.0,0.0
2023-10-09 15:30:00-04:00,49.97999954223633,50.0099983215332,49.779998779296875,49.959999084472656,16025,0.0,0.0
2023-10-10 09:30:00-04:00,49.9900016784668,50.63999938964844,49.58000183105469,50.29999923706055,5983,0.0,0.0
2023-10-10 10:30:00-04:00,50.2599983215332,50.2599983215332,49.97999954223633,50.130001068115234,14372,0.0,0.0
2023-10-10 11:30:00-04:00,50.20000076293945,50.439998626708984,50.20000076293945,50.33000183105469,5264,0.0,0.0
2023-10-10 12:30:00-04:00,50.29999923706055,50.349998474121094,50.13750076293945,50.220001220703125,2760,0.0,0.0
2023-10-10 13:30:00-04:00,50.279998779296875,50.29999923706055,50.185001373291016,50.25,3799,0.0,0.0
2023-10-10 14:30:00-04:00,50.290000915527344,50.290000915527344,49.959999084472656,49.970001220703125,5859,0.0,0.0
2023-10-10 15:30:00-04:00,50.0099983215332,50.11000061035156,49.88999938964844,49.970001220703125,19266,0.0,0.0
2023-10-11 09:30:00-04:00,49.9900016784668,50.63999938964844,49.9900016784668,50.560001373291016,3752,0.0,0.0
2023-10-11 10:30:00-04:00,50.380001068115234,50.380001068115234,49.83000183105469,50.0,2787,0.0,0.0
2023-10-11 11:30:00-04:00,50.07500076293945,50.09000015258789,49.96879959106445,49.970001220703125,11273,0.0,0.0
2023-10-11 12:30:00-04:00,49.97999954223633,50.0,49.86000061035156,49.959999084472656,7259,0.0,0.0
2023-10-11 13:30:00-04:00,49.95000076293945,50.06999969482422,49.95000076293945,50.04999923706055,2334,0.0,0.0
2023-10-11 14:30:00-04:00,50.04999923706055,50.16999816894531,50.04999923706055,50.13999938964844,3979,0.0,0.0
2023-10-11 15:30:00-04:00,50.13999938964844,50.43000030517578,50.11000061035156,50.369998931884766,19050,0.0,0.0
2023-10-12 09:30:00-04:00,50.27000045776367,50.27000045776367,49.66999816894531,49.95000076293945,6382,0.0,0.0
2023-10-12 10:30:00-04:00,49.93000030517578,49.93000030517578,49.86000061035156,49.86000061035156,2098,0.0,0.0
2023-10-12 11:30:00-04:00,49.790000915527344,49.84000015258789,49.790000915527344,49.84000015258789,1457,0.0,0.0
2023-10-12 12:30:00-04:00,49.79999923706055,49.79999923706055,49.36000061035156,49.579898834228516,2638,0.0,0.0
2023-10-12 13:30:00-04:00,49.40999984741211,49.41999816894531,49.13999938964844,49.28499984741211,5209,0.0,0.0
2023-10-12 14:30:00-04:00,49.29999923706055,49.29999923706055,49.0099983215332,49.04999923706055,10550,0.0,0.0
2023-10-12 15:30:00-04:00,49.119998931884766,49.13999938964844,48.779998779296875,48.8650016784668,16869,0.0,0.0
2023-10-13 09:30:00-04:00,49.2599983215332,49.2599983215332,47.9900016784668,48.30500030517578,5781,0.0,0.0
2023-10-13 10:30:00-04:00,48.209999084472656,48.45000076293945,47.60499954223633,47.814998626708984,18741,0.0,0.0
2023-10-13 11:30:00-04:00,47.81999969482422,47.90999984741211,47.599998474121094,47.599998474121094,29231,0.0,0.0
2023-10-13 12:30:00-04:00,47.64500045776367,47.64500045776367,46.474998474121094,46.474998474121094,14565,0.0,0.0
2023-10-13 13:30:00-04:00,46.33000183105469,46.88800048828125,46.33000183105469,46.81999969482422,4640,0.0,0.0
2023-10-13 14:30:00-04:00,46.81999969482422,46.88999938964844,46.40999984741211,46.72999954223633,11117,0.0,0.0
2023-10-13 15:30:00-04:00,46.779998779296875,47.15999984741211,46.650001525878906,47.14500045776367,40742,0.0,0.0
2023-10-16 09:30:00-04:00,47.38999938964844,47.494998931884766,47.119998931884766,47.4900016784668,8005,0.0,0.0
2023-10-16 10:30:00-04:00,47.51499938964844,47.720001220703125,47.40999984741211,47.60499954223633,7998,0.0,0.0
2023-10-16 11:30:00-04:00,47.505001068115234,47.529998779296875,47.31999969482422,47.39500045776367,3839,0.0,0.0
2023-10-16 12:30:00-04:00,47.314998626708984,47.412498474121094,47.209999084472656,47.2599983215332,14734,0.0,0.0
2023-10-16 13:30:00-04:00,47.29999923706055,47.29999923706055,47.15999984741211,47.185001373291016,10665,0.0,0.0
2023-10-16 14:30:00-04:00,47.150001525878906,47.26499938964844,46.994998931884766,47.209999084472656,13010,0.0,0.0
2023-10-16 15:30:00-04:00,47.15999984741211,47.23500061035156,46.90999984741211,46.959999084472656,21824,0.0,0.0
2023-10-17 09:30:00-04:00,46.709999084472656,47.720001220703125,46.709999084472656,47.060001373291016,7187,0.0,0.0
2023-10-17 10:30:00-04:00,46.84000015258789,47.622501373291016,46.75,47.622501373291016,6753,0.0,0.0
2023-10-17 11:30:00-04:00,47.529998779296875,48.209999084472656,47.4900016784668,48.209999084472656,8745,0.0,0.0
2023-10-17 12:30:00-04:00,48.06999969482422,48.119998931884766,47.880001068115234,47.890098571777344,5318,0.0,0.0
2023-10-17 13:30:00-04:00,48.0,48.279998779296875,47.88999938964844,48.130001068115234,7449,0.0,0.0
2023-10-17 14:30:00-04:00,48.11000061035156,48.16999816894531,47.80500030517578,48.09000015258789,11214,0.0,0.0
2023-10-17 15:30:00-04:00,48.1349983215332,48.13999938964844,47.779998779296875,47.869998931884766,32011,0.0,0.0
2023-10-18 09:30:00-04:00,47.0,47.13999938964844,46.13999938964844,46.20000076293945,24825,0.0,0.0
2023-10-18 10:30:00-04:00,46.18000030517578,46.209999084472656,45.810001373291016,46.03499984741211,10247,0.0,0.0
2023-10-18 11:30:00-04:00,46.05500030517578,46.18000030517578,45.90999984741211,46.032501220703125,23166,0.0,0.0
2023-10-18 12:30:00-04:00,46.0,46.45000076293945,46.0,46.45000076293945,10230,0.0,0.0
2023-10-18 13:30:00-04:00,46.380001068115234,46.619998931884766,46.380001068115234,46.540000915527344,9977,0.0,0.0
2023-10-18 14:30:00-04:00,46.470001220703125,46.47999954223633,46.06999969482422,46.125,22685,0.0,0.0
2023-10-18 15:30:00-04:00,46.130001068115234,46.25,45.91999816894531,45.970001220703125,51360,0.0,0.0
2023-10-19 09:30:00-04:00,45.70000076293945,46.03499984741211,45.470001220703125,45.6150016784668,4730,0.0,0.0
2023-10-19 10:30:00-04:00,45.529998779296875,45.529998779296875,44.80799865722656,44.970001220703125,11720,0.0,0.0
2023-10-19 11:30:00-04:00,44.959999084472656,45.459999084472656,44.880001068115234,45.41999816894531,7550,0.0,0.0
2023-10-19 12:30:00-04:00,45.060001373291016,45.470001220703125,44.970001220703125,45.29999923706055,5021,0.0,0.0
2023-10-19 13:30:00-04:00,45.400001525878906,45.42499923706055,44.900001525878906,44.91999816894531,7726,0.0,0.0
2023-10-19 14:30:00-04:00,44.915000915527344,44.915000915527344,44.25,44.505001068115234,47291,0.0,0.0
2023-10-19 15:30:00-04:00,44.505001068115234,44.61000061035156,43.977500915527344,44.2400016784668,89198,0.0,0.0
2023-10-20 09:30:00-04:00,44.310001373291016,44.310001373291016,43.060001373291016,43.19499969482422,21061,0.0,0.0
2023-10-20 10:30:00-04:00,43.182098388671875,43.47999954223633,42.81999969482422,43.13999938964844,10536,0.0,0.0
2023-10-20 11:30:00-04:00,43.0,43.32229995727539,42.7400016784668,42.849998474121094,15091,0.0,0.0
2023-10-20 12:30:00-04:00,42.8650016784668,43.209999084472656,42.8650016784668,43.1150016784668,18333,0.0,0.0
2023-10-20 13:30:00-04:00,43.224998474121094,43.334999084472656,43.130001068115234,43.334999084472656,12121,0.0,0.0
2023-10-20 14:30:00-04:00,43.334999084472656,43.5099983215332,43.04999923706055,43.119998931884766,26534,0.0,0.0
2023-10-20 15:30:00-04:00,43.150001525878906,43.310001373291016,42.43000030517578,42.630001068115234,102452,0.0,0.0
2023-10-23 09:30:00-04:00,42.400001525878906,42.900001525878906,42.400001525878906,42.779998779296875,16258,0.0,0.0
2023-10-23 10:30:00-04:00,42.65999984741211,43.11750030517578,42.650001525878906,42.939998626708984,11821,0.0,0.0
2023-10-23 11:30:00-04:00,42.9900016784668,43.04999923706055,42.51599884033203,42.58000183105469,11040,0.0,0.0
2023-10-23 12:30:00-04:00,42.61000061035156,42.7599983215332,42.400001525878906,42.57500076293945,28402,0.0,0.0
2023-10-23 13:30:00-04:00,42.619998931884766,42.69499969482422,42.43000030517578,42.529998779296875,19281,0.0,0.0
2023-10-23 14:30:00-04:00,42.560001373291016,42.67499923706055,42.13999938964844,42.20000076293945,20864,0.0,0.0
2023-10-23 15:30:00-04:00,42.18000030517578,42.32500076293945,42.09000015258789,42.29999923706055,78645,0.0,0.0
2023-10-24 09:30:00-04:00,42.310001373291016,42.310001373291016,42.0,42.099998474121094,5155,0.0,0.0
2023-10-24 10:30:00-04:00,41.959999084472656,42.099998474121094,41.54499816894531,41.650001525878906,8897,0.0,0.0
2023-10-24 11:30:00-04:00,41.65999984741211,41.689998626708984,41.39500045776367,41.400001525878906,7757,0.0,0.0
2023-10-24 12:30:00-04:00,41.279998779296875,41.369998931884766,41.02000045776367,41.22999954223633,18818,0.0,0.0
2023-10-24 13:30:00-04:00,41.22999954223633,41.25,40.92499923706055,40.9900016784668,15525,0.0,0.0
2023-10-24 14:30:00-04:00,40.95000076293945,41.189998626708984,40.63999938964844,41.119998931884766,31828,0.0,0.0
2023-10-24 15:30:00-04:00,41.15999984741211,41.15999984741211,40.690101623535156,41.029998779296875,61122,0.0,0.0
2023-10-25 09:30:00-04:00,40.81999969482422,41.08000183105469,40.0099983215332,40.02000045776367,7528,0.0,0.0
2023-10-25 10:30:00-04:00,39.97999954223633,40.560001373291016,39.90999984741211,40.34000015258789,9743,0.0,0.0
2023-10-25 11:30:00-04:00,40.52000045776367,40.52000045776367,39.849998474121094,39.91999816894531,8093,0.0,0.0
2023-10-25 12:30:00-04:00,39.904998779296875,39.959999084472656,39.61000061035156,39.79499816894531,19693,0.0,0.0
2023-10-25 13:30:00-04:00,39.75,40.005001068115234,39.689998626708984,39.89500045776367,18895,0.0,0.0
2023-10-25 14:30:00-04:00,39.86000061035156,39.9900016784668,39.760101318359375,39.95000076293945,27734,0.0,0.0
2023-10-25 15:30:00-04:00,39.94499969482422,39.95000076293945,39.59000015258789,39.619998931884766,86657,0.0,0.0
2023-10-26 09:30:00-04:00,39.70000076293945,39.9651985168457,39.290000915527344,39.45000076293945,18122,0.0,0.0
2023-10-26 10:30:00-04:00,39.42499923706055,39.79499816894531,39.42499923706055,39.53730010986328,10387,0.0,0.0
2023-10-26 11:30:00-04:00,39.54999923706055,39.82500076293945,39.400001525878906,39.54999923706055,8336,0.0,0.0
2023-10-26 12:30:00-04:00,39.51430130004883,39.61000061035156,39.380001068115234,39.380001068115234,7076,0.0,0.0
2023-10-26 13:30:00-04:00,39.380001068115234,39.65999984741211,39.380001068115234,39.63999938964844,9815,0.0,0.0
2023-10-26 14:30:00-04:00,39.65999984741211,39.900001525878906,39.650001525878906,39.650001525878906,16364,0.0,0.0
2023-10-26 15:30:00-04:00,39.650001525878906,39.810001373291016,39.52000045776367,39.724998474121094,50047,0.0,0.0
2023-10-27 09:30:00-04:00,39.5,39.5,39.130001068115234,39.38999938964844,55259,0.0,0.0
2023-10-27 10:30:00-04:00,39.38999938964844,40.04999923706055,39.25,40.025001525878906,39270,0.0,0.0
2023-10-27 11:30:00-04:00,39.93000030517578,40.27000045776367,39.88999938964844,40.09000015258789,18886,0.0,0.0
2023-10-27 12:30:00-04:00,40.029998779296875,40.060001373291016,39.810001373291016,39.90999984741211,10086,0.0,0.0
2023-10-27 13:30:00-04:00,39.90999984741211,40.0099983215332,39.619998931884766,39.647499084472656,10585,0.0,0.0
2023-10-27 14:30:00-04:00,39.689998626708984,39.79499816894531,39.56999969482422,39.59000015258789,17296,0.0,0.0
2023-10-27 15:30:00-04:00,39.61000061035156,39.630001068115234,39.43000030517578,39.5,30160,0.0,0.0
2023-10-30 09:30:00-04:00,39.97999954223633,40.349998474121094,39.36000061035156,39.400001525878906,13475,0.0,0.0
2023-10-30 10:30:00-04:00,39.45899963378906,39.45899963378906,39.18000030517578,39.2400016784668,9896,0.0,0.0
2023-10-30 11:30:00-04:00,39.27000045776367,39.27000045776367,38.83000183105469,38.83000183105469,19972,0.0,0.0
2023-10-30 12:30:00-04:00,38.65999984741211,38.7400016784668,38.4900016784668,38.63999938964844,26682,0.0,0.0
2023-10-30 13:30:00-04:00,38.7400016784668,38.83000183105469,38.189998626708984,38.27000045776367,31502,0.0,0.0
2023-10-30 14:30:00-04:00,38.279998779296875,38.57749938964844,38.13999938964844,38.36000061035156,61258,0.0,0.0
2023-10-30 15:30:00-04:00,38.310001373291016,38.36000061035156,38.0099983215332,38.09000015258789,102547,0.0,0.0
2023-10-31 09:30:00-04:00,38.34000015258789,38.57500076293945,37.31999969482422,37.84000015258789,34524,0.0,0.0
2023-10-31 10:30:00-04:00,37.619998931884766,37.939998626708984,37.560001373291016,37.900001525878906,27360,0.0,0.0
2023-10-31 11:30:00-04:00,37.900001525878906,38.130001068115234,37.529998779296875,37.63999938964844,37874,0.0,0.0
2023-10-31 12:30:00-04:00,37.647499084472656,37.75,37.470001220703125,37.6150016784668,18123,0.0,0.0
2023-10-31 13:30:00-04:00,37.70000076293945,38.01499938964844,37.66999816894531,37.94499969482422,62814,0.0,0.0
2023-10-31 14:30:00-04:00,37.935001373291016,37.95500183105469,37.810001373291016,37.900001525878906,39885,0.0,0.0
2023-10-31 15:30:00-04:00,37.869998931884766,37.95000076293945,37.58000183105469,37.630001068115234,103069,0.0,0.0
2023-11-01 09:30:00-04:00,37.68000030517578,38.9900016784668,37.15999984741211,37.779998779296875,20467,0.0,0.0
2023-11-01 10:30:00-04:00,37.79999923706055,37.91999816894531,37.54499816894531,37.630001068115234,21156,0.0,0.0
2023-11-01 11:30:00-04:00,37.599998474121094,37.61000061035156,37.25,37.470001220703125,58645,0.0,0.0
2023-11-01 12:30:00-04:00,37.43000030517578,37.43000030517578,37.08000183105469,37.25,30849,0.0,0.0
2023-11-01 13:30:00-04:00,37.15999984741211,37.33000183105469,37.14099884033203,37.20000076293945,27470,0.0,0.0
2023-11-01 14:30:00-04:00,37.2400016784668,37.58000183105469,37.16999816894531,37.224998474121094,84959,0.0,0.0
2023-11-01 15:30:00-04:00,37.220001220703125,37.45500183105469,37.127498626708984,37.39500045776367,79671,0.0,0.0
2023-11-02 09:30:00-04:00,36.84000015258789,39.56999969482422,34.7400016784668,38.91999816894531,83010,0.0,0.0
2023-11-02 10:30:00-04:00,39.060001373291016,39.7599983215332,38.619998931884766,39.65250015258789,84072,0.0,0.0
2023-11-02 11:30:00-04:00,39.709999084472656,41.18000030517578,39.35499954223633,40.85499954223633,51141,0.0,0.0
2023-11-02 12:30:00-04:00,40.849998474121094,41.45000076293945,40.619998931884766,40.86000061035156,25856,0.0,0.0
2023-11-02 13:30:00-04:00,40.84000015258789,41.060001373291016,40.654998779296875,40.970001220703125,61932,0.0,0.0
2023-11-02 14:30:00-04:00,40.970001220703125,41.13999938964844,40.75,40.939998626708984,40983,0.0,0.0
2023-11-02 15:30:00-04:00,40.91999816894531,41.44029998779297,40.849998474121094,41.380001068115234,128088,0.0,0.0
2023-11-03 09:30:00-04:00,41.959999084472656,43.91999816894531,41.959999084472656,42.68000030517578,38830,0.0,0.0
2023-11-03 10:30:00-04:00,42.810001373291016,42.98500061035156,42.415000915527344,42.5,16607,0.0,0.0
2023-11-03 11:30:00-04:00,42.529998779296875,42.779998779296875,42.26499938964844,42.26499938964844,25969,0.0,0.0
2023-11-03 12:30:00-04:00,42.31999969482422,42.95500183105469,42.31999969482422,42.88999938964844,17197,0.0,0.0
2023-11-03 13:30:00-04:00,42.849998474121094,43.119998931884766,42.68000030517578,43.060001373291016,15853,0.0,0.0
2023-11-03 14:30:00-04:00,43.06999969482422,43.255001068115234,42.744998931884766,42.869998931884766,31559,0.0,0.0
2023-11-03 15:30:00-04:00,42.79999923706055,42.959999084472656,42.709999084472656,42.709999084472656,59154,0.0,0.0
2023-11-06 09:30:00-05:00,42.630001068115234,42.93000030517578,42.470001220703125,42.66999816894531,15735,0.0,0.0
2023-11-06 10:30:00-05:00,42.630001068115234,42.79999923706055,42.439998626708984,42.79999923706055,12335,0.0,0.0
2023-11-06 11:30:00-05:00,42.810001373291016,43.380001068115234,42.61009979248047,43.369998931884766,17224,0.0,0.0
2023-11-06 12:30:00-05:00,43.36000061035156,43.7599983215332,43.26020050048828,43.69499969482422,18964,0.0,0.0
2023-11-06 13:30:00-05:00,43.650001525878906,43.66999816894531,43.40999984741211,43.65999984741211,13643,0.0,0.0
2023-11-06 14:30:00-05:00,43.689998626708984,44.02000045776367,43.650001525878906,44.0,26110,0.0,0.0
2023-11-06 15:30:00-05:00,43.880001068115234,44.244998931884766,43.7400016784668,44.05500030517578,84730,0.0,0.0
2023-11-07 09:30:00-05:00,43.68000030517578,44.400001525878906,42.650001525878906,43.599998474121094,15361,0.0,0.0
2023-11-07 10:30:00-05:00,43.67499923706055,43.77000045776367,43.45000076293945,43.619998931884766,10705,0.0,0.0
2023-11-07 11:30:00-05:00,43.619998931884766,44.029998779296875,43.560001373291016,43.849998474121094,14661,0.0,0.0
2023-11-07 12:30:00-05:00,43.849998474121094,44.099998474121094,43.7400016784668,44.005001068115234,20980,0.0,0.0
2023-11-07 13:30:00-05:00,44.04999923706055,44.23500061035156,43.959999084472656,44.189998626708984,13350,0.0,0.0
2023-11-07 14:30:00-05:00,44.150001525878906,44.54999923706055,44.150001525878906,44.54999923706055,30701,0.0,0.0
2023-11-07 15:30:00-05:00,44.5,44.619998931884766,43.81999969482422,43.91999816894531,45567,0.0,0.0
2023-11-08 09:30:00-05:00,43.66999816894531,43.66999816894531,42.939998626708984,43.02000045776367,6272,0.0,0.0
2023-11-08 10:30:00-05:00,42.88999938964844,43.0,42.3849983215332,42.43000030517578,6445,0.0,0.0
2023-11-08 11:30:00-05:00,42.349998474121094,42.40999984741211,42.1150016784668,42.13999938964844,6780,0.0,0.0
2023-11-08 12:30:00-05:00,42.15999984741211,42.6151008605957,42.130001068115234,42.6151008605957,11279,0.0,0.0
2023-11-08 13:30:00-05:00,42.56999969482422,43.16999816894531,42.56999969482422,43.150001525878906,17794,0.0,0.0
2023-11-08 14:30:00-05:00,43.220001220703125,43.31999969482422,42.459999084472656,42.459999084472656,14962,0.0,0.0
2023-11-08 15:30:00-05:00,42.470001220703125,42.58000183105469,42.400001525878906,42.4900016784668,34950,0.0,0.0
2023-11-09 09:30:00-05:00,42.869998931884766,42.869998931884766,42.01499938964844,42.21500015258789,8301,0.0,0.0
2023-11-09 10:30:00-05:00,42.11000061035156,42.58000183105469,42.092498779296875,42.54999923706055,12441,0.0,0.0
2023-11-09 11:30:00-05:00,42.560001373291016,42.790000915527344,42.470001220703125,42.560001373291016,8276,0.0,0.0
2023-11-09 12:30:00-05:00,42.66999816894531,42.7599983215332,42.255001068115234,42.36909866333008,5359,0.0,0.0
2023-11-09 13:30:00-05:00,42.31999969482422,42.31999969482422,41.66999816894531,41.84000015258789,7330,0.0,0.0
2023-11-09 14:30:00-05:00,41.7400016784668,41.77000045776367,41.494998931884766,41.5,10644,0.0,0.0
2023-11-09 15:30:00-05:00,41.5099983215332,41.84000015258789,41.439998626708984,41.83000183105469,42212,0.0,0.0
2023-11-10 09:30:00-05:00,41.810001373291016,42.0099983215332,41.30500030517578,41.66999816894531,7261,0.0,0.0
2023-11-10 10:30:00-05:00,41.599998474121094,41.720001220703125,41.31999969482422,41.31999969482422,22798,0.0,0.0
2023-11-10 11:30:00-05:00,41.28499984741211,41.40999984741211,41.04999923706055,41.06999969482422,5814,0.0,0.0
2023-11-10 12:30:00-05:00,41.18000030517578,41.310001373291016,41.119998931884766,41.15999984741211,8301,0.0,0.0
2023-11-10 13:30:00-05:00,41.18000030517578,41.279998779296875,40.95000076293945,41.22999954223633,9211,0.0,0.0
2023-11-10 14:30:00-05:00,41.28499984741211,41.28499984741211,41.060001373291016,41.244998931884766,10249,0.0,0.0
2023-11-10 15:30:00-05:00,41.2400016784668,41.2599983215332,40.83000183105469,40.93000030517578,28109,0.0,0.0
2023-11-13 09:30:00-05:00,40.54999923706055,41.060001373291016,40.2599983215332,40.779998779296875,13353,0.0,0.0
2023-11-13 10:30:00-05:00,40.79999923706055,41.0099983215332,40.7599983215332,41.0,3127,0.0,0.0
2023-11-13 11:30:00-05:00,41.11000061035156,41.599998474121094,41.06999969482422,41.599998474121094,12696,0.0,0.0
2023-11-13 12:30:00-05:00,41.599998474121094,41.63999938964844,41.43000030517578,41.43000030517578,3278,0.0,0.0
2023-11-13 13:30:00-05:00,41.45000076293945,41.59000015258789,41.32500076293945,41.32500076293945,4856,0.0,0.0
2023-11-13 14:30:00-05:00,41.2130012512207,41.599998474121094,41.2130012512207,41.599998474121094,10193,0.0,0.0
2023-11-13 15:30:00-05:00,41.560001373291016,41.59000015258789,41.375,41.5099983215332,25263,0.0,0.0
2023-11-14 09:30:00-05:00,42.849998474121094,43.81999969482422,42.74250030517578,43.290000915527344,43735,0.0,0.0
2023-11-14 10:30:00-05:00,43.099998474121094,44.54999923706055,43.099998474121094,44.54999923706055,35353,0.0,0.0
2023-11-14 11:30:00-05:00,44.54999923706055,44.78499984741211,44.349998474121094,44.439998626708984,7196,0.0,0.0
2023-11-14 12:30:00-05:00,44.4900016784668,44.64500045776367,44.06999969482422,44.209999084472656,28585,0.0,0.0
2023-11-14 13:30:00-05:00,44.36000061035156,44.380001068115234,43.8849983215332,43.90999984741211,16993,0.0,0.0
2023-11-14 14:30:00-05:00,43.900001525878906,43.900001525878906,43.36000061035156,43.65999984741211,24591,0.0,0.0
2023-11-14 15:30:00-05:00,43.70500183105469,44.16999816894531,43.70500183105469,44.119998931884766,46300,0.0,0.0
2023-11-15 09:30:00-05:00,44.09000015258789,44.61000061035156,43.91999816894531,44.5099983215332,14358,0.0,0.0
2023-11-15 10:30:00-05:00,44.41999816894531,44.70000076293945,44.18000030517578,44.349998474121094,28108,0.0,0.0
2023-11-15 11:30:00-05:00,44.20000076293945,44.20000076293945,43.79209899902344,44.13999938964844,19793,0.0,0.0
2023-11-15 12:30:00-05:00,44.11000061035156,44.16999816894531,43.83000183105469,43.959999084472656,18952,0.0,0.0
2023-11-15 13:30:00-05:00,44.02000045776367,44.02000045776367,43.79999923706055,43.904998779296875,24055,0.0,0.0
2023-11-15 14:30:00-05:00,43.869998931884766,44.040000915527344,43.869998931884766,44.0099983215332,30528,0.0,0.0
2023-11-15 15:30:00-05:00,44.0099983215332,44.04999923706055,43.900001525878906,43.959999084472656,80358,0.0,0.0
2023-11-16 09:30:00-05:00,43.97999954223633,44.279998779296875,42.935001373291016,43.13999938964844,10149,0.0,0.0
2023-11-16 10:30:00-05:00,43.13999938964844,43.13999938964844,42.540000915527344,42.58000183105469,6742,0.0,0.0
2023-11-16 11:30:00-05:00,42.61000061035156,42.79999923706055,42.380001068115234,42.61000061035156,14063,0.0,0.0
2023-11-16 12:30:00-05:00,42.59000015258789,42.81999969482422,42.40999984741211,42.599998474121094,15347,0.0,0.0
2023-11-16 13:30:00-05:00,42.56999969482422,42.619998931884766,42.459999084472656,42.540000915527344,16893,0.0,0.0
2023-11-16 14:30:00-05:00,42.58000183105469,42.7599983215332,42.56999969482422,42.63999938964844,16709,0.0,0.0
2023-11-16 15:30:00-05:00,42.599998474121094,42.65999984741211,42.349998474121094,42.40999984741211,52175,0.0,0.0
2023-11-17 09:30:00-05:00,42.66999816894531,43.38999938964844,42.66999816894531,42.96500015258789,21433,0.0,0.0
2023-11-17 10:30:00-05:00,42.880001068115234,42.95500183105469,42.68000030517578,42.68000030517578,8977,0.0,0.0
2023-11-17 11:30:00-05:00,42.56999969482422,42.68989944458008,42.32500076293945,42.32500076293945,7973,0.0,0.0
2023-11-17 12:30:00-05:00,42.34000015258789,42.56999969482422,42.34000015258789,42.5099983215332,8614,0.0,0.0
2023-11-17 13:30:00-05:00,42.505001068115234,42.689998626708984,42.470001220703125,42.689998626708984,25570,0.0,0.0
2023-11-17 14:30:00-05:00,42.70000076293945,42.70000076293945,42.470001220703125,42.54999923706055,17760,0.0,0.0
2023-11-17 15:30:00-05:00,42.557498931884766,42.75,42.459999084472656,42.630001068115234,25990,0.0,0.0
2023-11-20 09:30:00-05:00,42.59000015258789,42.70000076293945,42.189998626708984,42.619998931884766,21123,0.0,0.0
2023-11-20 10:30:00-05:00,42.84000015258789,42.869998931884766,42.63999938964844,42.849998474121094,25286,0.0,0.0
2023-11-20 11:30:00-05:00,42.849998474121094,43.56999969482422,42.81999969482422,43.4900016784668,9652,0.0,0.0
2023-11-20 12:30:00-05:00,43.59000015258789,43.84000015258789,43.380001068115234,43.84000015258789,5084,0.0,0.0
2023-11-20 13:30:00-05:00,43.85499954223633,43.939998626708984,43.720001220703125,43.77000045776367,6995,0.0,0.0
2023-11-20 14:30:00-05:00,43.709999084472656,43.974998474121094,43.70000076293945,43.845001220703125,14739,0.0,0.0
2023-11-20 15:30:00-05:00,43.88999938964844,44.2599983215332,43.845001220703125,44.220001220703125,38935,0.0,0.0
2023-11-21 09:30:00-05:00,44.189998626708984,44.564998626708984,43.77000045776367,44.255001068115234,7271,0.0,0.0
2023-11-21 10:30:00-05:00,44.255001068115234,44.255001068115234,43.970001220703125,44.20500183105469,15152,0.0,0.0
2023-11-21 11:30:00-05:00,44.20500183105469,44.36000061035156,44.06999969482422,44.150001525878906,11874,0.0,0.0
2023-11-21 12:30:00-05:00,44.290000915527344,44.59000015258789,44.17499923706055,44.209999084472656,13930,0.0,0.0
2023-11-21 13:30:00-05:00,44.2400016784668,44.58000183105469,44.189998626708984,44.41999816894531,15487,0.0,0.0
2023-11-21 14:30:00-05:00,44.15999984741211,44.16999816894531,43.7599983215332,44.0,14224,0.0,0.0
2023-11-21 15:30:00-05:00,43.935001373291016,44.18000030517578,43.880001068115234,43.90999984741211,54244,0.0,0.0
2023-11-22 09:30:00-05:00,44.209999084472656,44.52000045776367,43.720001220703125,43.95000076293945,11784,0.0,0.0
2023-11-22 10:30:00-05:00,44.04999923706055,44.22999954223633,44.04999923706055,44.08000183105469,8126,0.0,0.0
2023-11-22 11:30:00-05:00,44.11000061035156,44.280601501464844,43.7400016784668,43.7400016784668,5285,0.0,0.0
2023-11-22 12:30:00-05:00,43.845001220703125,43.90999984741211,43.48500061035156,43.48500061035156,3904,0.0,0.0
2023-11-22 13:30:00-05:00,43.54499816894531,43.564998626708984,43.334999084472656,43.459999084472656,4231,0.0,0.0
2023-11-22 14:30:00-05:00,43.56999969482422,43.91999816894531,43.45000076293945,43.880001068115234,6668,0.0,0.0
2023-11-22 15:30:00-05:00,43.849998474121094,44.029998779296875,43.84000015258789,43.970001220703125,15459,0.0,0.0
2023-11-24 09:30:00-05:00,43.83000183105469,44.404998779296875,43.779998779296875,43.849998474121094,6621,0.0,0.0
2023-11-24 10:30:00-05:00,43.900001525878906,43.93000030517578,43.54999923706055,43.54999923706055,7073,0.0,0.0
2023-11-24 11:30:00-05:00,43.435001373291016,43.630001068115234,43.435001373291016,43.619998931884766,3463,0.0,0.0
2023-11-27 09:30:00-05:00,43.11000061035156,43.72999954223633,42.560001373291016,43.244998931884766,6311,0.0,0.0
2023-11-27 10:30:00-05:00,43.29499816894531,43.540000915527344,43.220001220703125,43.540000915527344,3398,0.0,0.0
2023-11-27 11:30:00-05:00,43.61000061035156,43.689998626708984,43.279998779296875,43.279998779296875,5813,0.0,0.0
2023-11-27 12:30:00-05:00,43.290000915527344,43.775001525878906,43.290000915527344,43.63750076293945,2321,0.0,0.0
2023-11-27 13:30:00-05:00,43.76499938964844,43.77000045776367,43.435001373291016,43.435001373291016,21086,0.0,0.0
2023-11-27 14:30:00-05:00,43.439998626708984,43.77000045776367,43.439998626708984,43.66999816894531,8877,0.0,0.0
2023-11-27 15:30:00-05:00,43.630001068115234,44.11000061035156,43.60900115966797,44.09000015258789,42694,0.0,0.0
2023-11-28 09:30:00-05:00,44.27000045776367,44.27000045776367,42.75,43.83000183105469,2954,0.0,0.0
2023-11-28 10:30:00-05:00,43.810001373291016,44.064998626708984,43.810001373291016,43.869998931884766,3245,0.0,0.0
2023-11-28 11:30:00-05:00,43.959999084472656,44.130001068115234,43.95000076293945,44.130001068115234,3191,0.0,0.0
2023-11-28 12:30:00-05:00,44.119998931884766,44.150001525878906,44.119998931884766,44.150001525878906,1637,0.0,0.0
2023-11-28 13:30:00-05:00,43.9900016784668,44.06999969482422,43.810001373291016,43.810001373291016,11597,0.0,0.0
2023-11-28 14:30:00-05:00,43.720001220703125,43.869998931884766,43.60499954223633,43.60499954223633,8992,0.0,0.0
2023-11-28 15:30:00-05:00,43.65999984741211,43.7599983215332,43.61000061035156,43.689998626708984,17916,0.0,0.0
2023-11-29 09:30:00-05:00,44.220001220703125,45.369998931884766,44.220001220703125,44.720001220703125,29996,0.0,0.0
2023-11-29 10:30:00-05:00,44.88999938964844,44.95000076293945,44.7599983215332,44.77000045776367,4235,0.0,0.0
2023-11-29 11:30:00-05:00,44.75,44.90999984741211,44.70000076293945,44.7599983215332,6345,0.0,0.0
2023-11-29 12:30:00-05:00,44.70000076293945,44.75,44.529998779296875,44.654998779296875,5547,0.0,0.0
2023-11-29 13:30:00-05:00,44.7400016784668,44.7400016784668,44.40999984741211,44.43000030517578,5881,0.0,0.0
2023-11-29 14:30:00-05:00,44.31999969482422,44.349998474121094,44.02000045776367,44.06999969482422,9276,0.0,0.0
2023-11-29 15:30:00-05:00,44.029998779296875,44.22999954223633,43.970001220703125,44.09000015258789,22085,0.0,0.0
2023-11-30 09:30:00-05:00,44.15999984741211,44.589900970458984,43.7599983215332,43.958099365234375,6442,0.0,0.0
2023-11-30 10:30:00-05:00,44.06380081176758,44.38999938964844,43.84000015258789,44.38999938964844,6312,0.0,0.0
2023-11-30 11:30:00-05:00,44.44499969482422,44.529998779296875,44.13999938964844,44.20000076293945,7837,0.0,0.0
2023-11-30 12:30:00-05:00,44.04999923706055,44.11000061035156,43.779998779296875,43.90999984741211,12945,0.0,0.0
2023-11-30 13:30:00-05:00,43.95000076293945,44.08000183105469,43.93000030517578,44.08000183105469,4959,0.0,0.0
2023-11-30 14:30:00-05:00,44.20000076293945,44.310001373291016,44.20000076293945,44.290000915527344,2739,0.0,0.0
2023-11-30 15:30:00-05:00,44.27000045776367,44.88999938964844,44.27000045776367,44.869998931884766,42753,0.0,0.0
2023-12-01 09:30:00-05:00,44.4900016784668,45.06999969482422,44.4900016784668,44.970001220703125,7029,0.0,0.0
2023-12-01 10:30:00-05:00,44.970001220703125,45.13999938964844,44.4900016784668,45.025001525878906,19170,0.0,0.0
2023-12-01 11:30:00-05:00,44.90999984741211,45.08000183105469,44.77000045776367,44.869998931884766,27897,0.0,0.0
2023-12-01 12:30:00-05:00,44.82500076293945,45.31999969482422,44.81999969482422,44.939998626708984,20888,0.0,0.0
2023-12-01 13:30:00-05:00,45.06999969482422,45.09000015258789,44.709999084472656,44.724998474121094,8899,0.0,0.0
2023-12-01 14:30:00-05:00,44.720001220703125,44.720001220703125,44.494998931884766,44.66999816894531,19038,0.0,0.0
2023-12-01 15:30:00-05:00,44.7400016784668,45.349998474121094,44.689998626708984,45.279998779296875,45769,0.0,0.0
2023-12-04 09:30:00-05:00,45.349998474121094,46.46689987182617,45.349998474121094,46.2400016784668,9622,0.0,0.0
2023-12-04 10:30:00-05:00,46.150001525878906,46.150001525878906,45.459999084472656,45.904998779296875,5674,0.0,0.0
2023-12-04 11:30:00-05:00,45.77000045776367,46.334999084472656,45.77000045776367,46.2599983215332,8871,0.0,0.0
2023-12-04 12:30:00-05:00,46.26499938964844,46.68000030517578,46.26499938964844,46.279998779296875,7581,0.0,0.0
2023-12-04 13:30:00-05:00,46.27000045776367,46.349998474121094,45.97999954223633,45.97999954223633,5937,0.0,0.0
2023-12-04 14:30:00-05:00,45.994998931884766,46.20000076293945,45.935001373291016,45.935001373291016,10268,0.0,0.0
2023-12-04 15:30:00-05:00,46.02000045776367,46.220001220703125,45.86000061035156,46.15999984741211,30184,0.0,0.0
2023-12-05 09:30:00-05:00,46.029998779296875,46.029998779296875,45.32500076293945,45.36000061035156,7733,0.0,0.0
2023-12-05 10:30:00-05:00,45.27000045776367,45.45000076293945,44.97999954223633,45.45000076293945,6615,0.0,0.0
2023-12-05 11:30:00-05:00,45.380001068115234,45.67100143432617,45.34000015258789,45.59000015258789,17874,0.0,0.0
2023-12-05 12:30:00-05:00,45.540000915527344,45.75,45.540000915527344,45.75,3325,0.0,0.0
2023-12-05 13:30:00-05:00,45.724998474121094,45.88999938964844,45.724998474121094,45.875,2611,0.0,0.0
2023-12-05 14:30:00-05:00,45.91999816894531,46.11000061035156,45.77000045776367,45.790000915527344,10048,0.0,0.0
2023-12-05 15:30:00-05:00,45.72999954223633,45.92499923706055,45.72999954223633,45.79999923706055,23213,0.0,0.0
2023-12-06 09:30:00-05:00,45.86000061035156,46.77000045776367,45.849998474121094,46.31999969482422,8764,0.0,0.0
2023-12-06 10:30:00-05:00,46.16999816894531,46.35499954223633,46.0,46.220001220703125,4553,0.0,0.0
2023-12-06 11:30:00-05:00,46.20000076293945,46.31999969482422,45.779998779296875,46.269901275634766,13669,0.0,0.0
2023-12-06 12:30:00-05:00,46.20000076293945,46.2400016784668,46.0099983215332,46.0099983215332,7161,0.0,0.0
2023-12-06 13:30:00-05:00,46.08000183105469,46.15999984741211,45.84000015258789,45.88999938964844,5651,0.0,0.0
2023-12-06 14:30:00-05:00,45.88999938964844,45.88999938964844,45.599998474121094,45.630001068115234,10240,0.0,0.0
2023-12-06 15:30:00-05:00,45.59000015258789,45.744998931884766,45.564998626708984,45.63999938964844,20514,0.0,0.0
2023-12-07 09:30:00-05:00,45.540000915527344,46.29999923706055,45.27000045776367,46.279998779296875,12968,0.0,0.0
2023-12-07 10:30:00-05:00,46.209999084472656,46.209999084472656,45.81999969482422,45.86000061035156,3283,0.0,0.0
2023-12-07 11:30:00-05:00,46.025001525878906,46.150001525878906,45.959999084472656,45.959999084472656,3153,0.0,0.0
2023-12-07 12:30:00-05:00,45.97999954223633,46.27000045776367,45.97999954223633,46.130001068115234,4009,0.0,0.0
2023-12-07 13:30:00-05:00,46.150001525878906,46.150001525878906,45.66999816894531,45.880001068115234,19801,0.0,0.0
2023-12-07 14:30:00-05:00,45.89500045776367,45.9900016784668,45.650001525878906,45.70500183105469,38828,0.0,0.0
2023-12-07 15:30:00-05:00,45.685001373291016,46.31999969482422,45.685001373291016,46.31999969482422,36197,0.0,0.0
2023-12-08 09:30:00-05:00,45.01499938964844,46.849998474121094,45.01499938964844,46.53499984741211,28103,0.0,0.0
2023-12-08 10:30:00-05:00,46.55699920654297,46.56999969482422,46.38999938964844,46.41999816894531,5827,0.0,0.0
2023-12-08 11:30:00-05:00,46.529998779296875,46.61000061035156,46.154998779296875,46.154998779296875,11299,0.0,0.0
2023-12-08 12:30:00-05:00,46.150001525878906,46.150001525878906,45.904998779296875,45.959999084472656,11474,0.0,0.0
2023-12-08 13:30:00-05:00,45.900001525878906,46.095001220703125,45.900001525878906,46.04999923706055,8727,0.0,0.0
2023-12-08 14:30:00-05:00,45.97999954223633,46.25,45.959999084472656,46.15999984741211,18658,0.0,0.0
2023-12-08 15:30:00-05:00,46.154998779296875,46.154998779296875,45.79999923706055,45.939998626708984,32547,0.0,0.0
2023-12-11 09:30:00-05:00,45.81999969482422,45.900001525878906,45.459999084472656,45.790000915527344,8178,0.0,0.0
2023-12-11 10:30:00-05:00,45.720001220703125,45.720001220703125,45.09000015258789,45.1349983215332,16396,0.0,0.0
2023-12-11 11:30:00-05:00,45.11000061035156,45.43000030517578,45.09000015258789,45.32500076293945,6267,0.0,0.0
2023-12-11 12:30:00-05:00,45.33000183105469,45.70000076293945,45.06999969482422,45.52000045776367,19481,0.0,0.0
2023-12-11 13:30:00-05:00,45.43000030517578,45.599998474121094,45.27000045776367,45.599998474121094,10967,0.0,0.0
2023-12-11 14:30:00-05:00,45.7599983215332,45.97999954223633,45.459999084472656,45.807498931884766,15721,0.0,0.0
2023-12-11 15:30:00-05:00,45.79999923706055,45.95000076293945,45.540000915527344,45.95000076293945,32473,0.0,0.0
2023-12-12 09:30:00-05:00,46.040000915527344,46.040000915527344,45.334999084472656,45.43000030517578,8561,0.0,0.0
2023-12-12 10:30:00-05:00,45.43000030517578,45.47999954223633,45.130001068115234,45.130001068115234,16412,0.0,0.0
2023-12-12 11:30:00-05:00,45.125,45.20000076293945,44.94499969482422,44.98500061035156,10828,0.0,0.0
2023-12-12 12:30:00-05:00,45.0,45.22999954223633,44.85499954223633,44.85499954223633,54134,0.0,0.0
2023-12-12 13:30:00-05:00,44.900001525878906,44.900001525878906,44.474998474121094,44.474998474121094,11496,0.0,0.0
2023-12-12 14:30:00-05:00,44.540000915527344,44.66999816894531,44.369998931884766,44.380001068115234,25919,0.0,0.0
2023-12-12 15:30:00-05:00,44.369998931884766,44.369998931884766,43.65999984741211,43.7599983215332,39875,0.0,0.0
2023-12-13 09:30:00-05:00,43.86000061035156,44.900001525878906,43.66999816894531,44.724998474121094,17890,0.0,0.0
2023-12-13 10:30:00-05:00,44.83000183105469,45.560001373291016,44.779998779296875,45.41999816894531,20829,0.0,0.0
2023-12-13 11:30:00-05:00,45.34000015258789,45.36000061035156,44.90999984741211,44.90999984741211,15317,0.0,0.0
2023-12-13 12:30:00-05:00,44.869998931884766,44.869998931884766,44.63010025024414,44.66999816894531,5700,0.0,0.0
2023-12-13 13:30:00-05:00,44.67219924926758,46.130001068115234,44.66999816894531,46.060001373291016,32816,0.0,0.0
2023-12-13 14:30:00-05:00,46.2599983215332,46.939998626708984,46.2599983215332,46.470001220703125,69166,0.0,0.0
2023-12-13 15:30:00-05:00,46.5,46.939998626708984,46.29999923706055,46.939998626708984,155915,0.0,0.0
2023-12-14 09:30:00-05:00,48.349998474121094,49.38999938964844,47.939998626708984,48.7400016784668,65634,0.0,0.0
2023-12-14 10:30:00-05:00,48.744998931884766,48.849998474121094,48.037498474121094,48.3650016784668,38860,0.0,0.0
2023-12-14 11:30:00-05:00,48.38999938964844,48.56999969482422,48.224998474121094,48.43000030517578,10272,0.0,0.0
2023-12-14 12:30:00-05:00,48.43000030517578,48.63999938964844,48.060001373291016,48.209999084472656,19879,0.0,0.0
2023-12-14 13:30:00-05:00,48.13999938964844,48.13999938964844,47.79999923706055,47.91550064086914,10913,0.0,0.0
2023-12-14 14:30:00-05:00,47.880001068115234,48.0099983215332,47.7599983215332,47.994998931884766,27181,0.0,0.0
2023-12-14 15:30:00-05:00,48.025001525878906,48.5099983215332,48.025001525878906,48.40999984741211,39620,0.0,0.0
2023-12-15 09:30:00-05:00,49.08000183105469,49.68000030517578,48.29999923706055,48.33000183105469,62714,0.0,0.0
2023-12-15 10:30:00-05:00,48.16999816894531,48.91999816894531,48.1349983215332,48.599998474121094,14812,0.0,0.0
2023-12-15 11:30:00-05:00,48.630001068115234,48.790000915527344,48.5099983215332,48.5099983215332,4452,0.0,0.0
2023-12-15 12:30:00-05:00,48.36000061035156,48.43000030517578,48.03499984741211,48.03499984741211,9756,0.0,0.0
2023-12-15 13:30:00-05:00,47.97999954223633,48.154998779296875,47.79999923706055,47.81999969482422,23167,0.0,0.0
2023-12-15 14:30:00-05:00,47.81999969482422,48.23500061035156,47.81999969482422,48.150001525878906,21988,0.0,0.0
2023-12-15 15:30:00-05:00,48.22999954223633,48.33000183105469,48.064998626708984,48.099998474121094,66760,0.0,0.0
2023-12-18 09:30:00-05:00,48.599998474121094,48.779998779296875,47.79499816894531,48.720001220703125,24868,0.0,0.0
2023-12-18 10:30:00-05:00,48.6349983215332,49.029998779296875,48.5099983215332,48.974998474121094,30108,0.0,0.0
2023-12-18 11:30:00-05:00,48.974998474121094,49.189998626708984,48.755001068115234,49.11000061035156,10453,0.0,0.0
2023-12-18 12:30:00-05:00,49.119998931884766,49.127498626708984,48.68000030517578,48.68000030517578,6631,0.0,0.0
2023-12-18 13:30:00-05:00,48.7599983215332,49.02000045776367,48.7599983215332,48.959999084472656,6165,0.0,0.0
2023-12-18 14:30:00-05:00,49.0,49.08000183105469,48.83000183105469,48.84000015258789,10795,0.0,0.0
2023-12-18 15:30:00-05:00,48.810001373291016,49.06999969482422,48.810001373291016,48.93000030517578,32102,0.0,0.0
2023-12-19 09:30:00-05:00,49.150001525878906,50.040000915527344,49.150001525878906,49.689998626708984,18651,0.0,0.0
2023-12-19 10:30:00-05:00,49.79499816894531,50.130001068115234,49.5099983215332,49.709999084472656,20038,0.0,0.0
2023-12-19 11:30:00-05:00,49.77000045776367,49.779998779296875,49.3650016784668,49.40999984741211,8280,0.0,0.0
2023-12-19 12:30:00-05:00,49.35499954223633,49.97999954223633,49.35499954223633,49.79999923706055,142809,0.0,0.0
2023-12-19 13:30:00-05:00,49.79999923706055,50.040000915527344,49.689998626708984,49.849998474121094,12603,0.0,0.0
2023-12-19 14:30:00-05:00,49.869998931884766,50.709999084472656,49.77000045776367,50.40999984741211,42147,0.0,0.0
2023-12-19 15:30:00-05:00,50.40999984741211,50.52000045776367,50.16999816894531,50.16999816894531,48051,0.0,0.0
2023-12-20 09:30:00-05:00,50.25,50.689998626708984,49.880001068115234,50.689998626708984,12093,0.0,0.0
2023-12-20 10:30:00-05:00,50.619998931884766,50.880001068115234,50.33000183105469,50.36000061035156,18213,0.0,0.0
2023-12-20 11:30:00-05:00,50.439998626708984,50.5099983215332,50.220001220703125,50.435001373291016,10806,0.0,0.0
2023-12-20 12:30:00-05:00,50.47999954223633,50.5,50.279998779296875,50.459999084472656,12272,0.0,0.0
2023-12-20 13:30:00-05:00,50.459999084472656,50.689998626708984,50.45000076293945,50.6349983215332,17093,0.0,0.0
2023-12-20 14:30:00-05:00,50.54999923706055,50.56999969482422,49.67499923706055,49.67499923706055,22481,0.0,0.0
2023-12-20 15:30:00-05:00,49.790000915527344,49.90999984741211,49.60499954223633,49.630001068115234,25937,0.0,0.0
2023-12-21 09:30:00-05:00,50.0099983215332,51.0099983215332,49.94499969482422,50.560001373291016,23978,0.0,0.0
2023-12-21 10:30:00-05:00,50.7599983215332,50.86000061035156,50.59410095214844,50.77000045776367,6671,0.0,0.0
2023-12-21 11:30:00-05:00,50.709999084472656,50.709999084472656,50.13999938964844,50.185001373291016,6168,0.0,0.0
2023-12-21 12:30:00-05:00,50.22999954223633,50.439998626708984,50.13999938964844,50.36000061035156,12423,0.0,0.0
2023-12-21 13:30:00-05:00,50.38999938964844,50.40999984741211,50.220001220703125,50.334999084472656,13197,0.0,0.0
2023-12-21 14:30:00-05:00,50.29999923706055,50.459999084472656,50.2400016784668,50.459999084472656,11604,0.0,0.0
2023-12-21 15:30:00-05:00,50.540000915527344,50.849998474121094,50.529998779296875,50.849998474121094,39239,0.0,0.0
2023-12-22 09:30:00-05:00,51.02000045776367,51.790000915527344,50.970001220703125,51.2599983215332,10947,0.0,0.0
2023-12-22 10:30:00-05:00,51.14500045776367,51.14500045776367,50.72999954223633,50.83000183105469,6421,0.0,0.0
2023-12-22 11:30:00-05:00,50.81999969482422,50.83000183105469,50.119998931884766,50.15999984741211,15714,0.0,0.0
2023-12-22 12:30:00-05:00,50.15999984741211,50.34000015258789,50.08440017700195,50.18000030517578,18858,0.0,0.0
2023-12-22 13:30:00-05:00,50.185001373291016,50.2400016784668,49.91999816894531,49.92499923706055,3786,0.0,0.0
2023-12-22 14:30:00-05:00,49.790000915527344,50.459999084472656,49.790000915527344,50.459999084472656,10250,0.0,0.0
2023-12-22 15:30:00-05:00,50.52000045776367,50.52000045776367,50.290000915527344,50.40999984741211,15113,0.0,0.0
2023-12-26 09:30:00-05:00,50.720001220703125,51.029998779296875,50.45000076293945,50.83000183105469,9433,0.0,0.0
2023-12-26 10:30:00-05:00,50.80500030517578,50.8120002746582,50.650001525878906,50.70000076293945,7374,0.0,0.0
2023-12-26 11:30:00-05:00,50.689998626708984,51.349998474121094,50.665000915527344,51.34000015258789,13838,0.0,0.0
2023-12-26 12:30:00-05:00,51.349998474121094,51.45000076293945,50.97999954223633,51.45000076293945,17159,0.0,0.0
2023-12-26 13:30:00-05:00,51.40999984741211,51.459999084472656,51.27000045776367,51.39500045776367,5568,0.0,0.0
2023-12-26 14:30:00-05:00,51.43000030517578,51.73500061035156,51.349998474121094,51.60499954223633,22005,0.0,0.0
2023-12-26 15:30:00-05:00,51.63999938964844,51.64500045776367,51.150001525878906,51.220001220703125,33138,0.0,0.0
2023-12-27 09:30:00-05:00,51.349998474121094,51.7400016784668,51.31999969482422,51.404998779296875,8754,0.0,0.0
2023-12-27 10:30:00-05:00,51.38999938964844,51.38999938964844,51.08000183105469,51.22999954223633,4662,0.0,0.0
2023-12-27 11:30:00-05:00,51.21500015258789,51.41999816894531,51.150001525878906,51.290000915527344,13866,0.0,0.0
2023-12-27 12:30:00-05:00,51.20000076293945,51.875,51.19499969482422,51.79999923706055,15335,0.0,0.0
2023-12-27 13:30:00-05:00,51.779998779296875,51.79999923706055,51.43000030517578,51.5099983215332,12420,0.0,0.0
2023-12-27 14:30:00-05:00,51.470001220703125,51.7400016784668,51.34000015258789,51.625,18133,0.0,0.0
2023-12-27 15:30:00-05:00,51.599998474121094,51.720001220703125,51.33000183105469,51.33000183105469,35169,0.0,0.0
2023-12-28 09:30:00-05:00,50.81999969482422,52.16999816894531,50.720001220703125,51.61000061035156,17251,0.0,0.0
2023-12-28 10:30:00-05:00,51.77000045776367,51.86000061035156,51.540000915527344,51.60499954223633,14811,0.0,0.0
2023-12-28 11:30:00-05:00,51.630001068115234,51.630001068115234,51.150001525878906,51.41999816894531,18549,0.0,0.0
2023-12-28 12:30:00-05:00,51.40999984741211,51.529998779296875,51.220001220703125,51.529998779296875,6873,0.0,0.0
2023-12-28 13:30:00-05:00,51.540000915527344,51.599998474121094,51.41999816894531,51.43000030517578,8628,0.0,0.0
2023-12-28 14:30:00-05:00,51.369998931884766,51.625,51.27000045776367,51.439998626708984,11960,0.0,0.0
2023-12-28 15:30:00-05:00,51.43000030517578,51.65999984741211,51.40999984741211,51.63999938964844,22276,0.0,0.0
2023-12-29 09:30:00-05:00,51.40999984741211,51.70000076293945,50.724998474121094,51.130001068115234,20920,0.0,0.0
2023-12-29 10:30:00-05:00,51.040000915527344,51.040000915527344,50.689998626708984,50.84000015258789,5855,0.0,0.0
2023-12-29 11:30:00-05:00,50.755001068115234,51.0,50.560001373291016,50.68000030517578,17561,0.0,0.0
2023-12-29 12:30:00-05:00,50.72999954223633,50.7599983215332,50.689998626708984,50.70500183105469,1843,0.0,0.0
2023-12-29 13:30:00-05:00,50.630001068115234,50.630001068115234,50.15250015258789,50.15250015258789,9897,0.0,0.0
2023-12-29 14:30:00-05:00,50.130001068115234,50.56999969482422,50.11000061035156,50.56999969482422,10506,0.0,0.0
2023-12-29 15:30:00-05:00,50.51499938964844,50.95000076293945,50.43000030517578,50.790000915527344,36497,0.0,0.0
2024-01-02 09:30:00-05:00,50.220001220703125,51.310001373291016,50.220001220703125,50.845001220703125,20985,0.0,0.0
2024-01-02 10:30:00-05:00,50.79999923706055,51.52000045776367,50.650001525878906,51.26499938964844,18268,0.0,0.0
2024-01-02 11:30:00-05:00,51.345001220703125,51.65999984741211,51.275001525878906,51.650001525878906,13430,0.0,0.0
2024-01-02 12:30:00-05:00,51.70000076293945,51.779998779296875,51.474998474121094,51.779998779296875,12918,0.0,0.0
2024-01-02 13:30:00-05:00,51.720001220703125,51.720001220703125,51.06999969482422,51.25,21325,0.0,0.0
2024-01-02 14:30:00-05:00,51.25,51.59000015258789,51.20000076293945,51.4900016784668,14038,0.0,0.0
2024-01-02 15:30:00-05:00,51.44499969482422,51.63999938964844,51.375,51.630001068115234,26769,0.0,0.0
2024-01-03 09:30:00-05:00,50.900001525878906,51.02000045776367,49.63999938964844,49.849998474121094,24042,0.0,0.0
2024-01-03 10:30:00-05:00,49.66999816894531,49.70000076293945,49.209999084472656,49.599998474121094,21803,0.0,0.0
2024-01-03 11:30:00-05:00,49.599998474121094,49.689998626708984,48.880001068115234,48.970001220703125,17666,0.0,0.0
2024-01-03 12:30:00-05:00,48.970001220703125,49.11000061035156,48.58440017700195,49.11000061035156,8343,0.0,0.0
2024-01-03 13:30:00-05:00,49.0099983215332,49.52000045776367,48.91999816894531,49.5,20663,0.0,0.0
2024-01-03 14:30:00-05:00,49.599998474121094,49.849998474121094,49.02000045776367,49.14500045776367,36636,0.0,0.0
2024-01-03 15:30:00-05:00,49.15999984741211,49.45000076293945,49.15999984741211,49.439998626708984,43213,0.0,0.0
2024-01-04 09:30:00-05:00,49.5099983215332,50.220001220703125,47.7400016784668,49.9900016784668,15785,0.0,0.0
2024-01-04 10:30:00-05:00,49.880001068115234,49.8849983215332,49.2400016784668,49.79999923706055,17140,0.0,0.0
2024-01-04 11:30:00-05:00,49.43000030517578,49.5,49.130001068115234,49.2599983215332,7380,0.0,0.0
2024-01-04 12:30:00-05:00,49.099998474121094,49.150001525878906,48.849998474121094,49.150001525878906,10708,0.0,0.0
2024-01-04 13:30:00-05:00,49.22999954223633,49.54999923706055,49.22999954223633,49.45000076293945,8058,0.0,0.0
2024-01-04 14:30:00-05:00,49.34000015258789,49.79999923706055,49.2599983215332,49.56999969482422,16090,0.0,0.0
2024-01-04 15:30:00-05:00,49.525001525878906,49.66999816894531,49.36000061035156,49.36000061035156,13766,0.0,0.0
2024-01-05 09:30:00-05:00,48.91999816894531,50.69499969482422,46.310001373291016,50.11000061035156,17532,0.0,0.0
2024-01-05 10:30:00-05:00,50.14500045776367,50.2599983215332,49.90999984741211,49.90999984741211,7098,0.0,0.0
2024-01-05 11:30:00-05:00,49.810001373291016,50.150001525878906,49.79999923706055,50.029998779296875,6625,0.0,0.0
2024-01-05 12:30:00-05:00,50.0099983215332,50.150001525878906,49.810001373291016,49.96500015258789,8266,0.0,0.0
2024-01-05 13:30:00-05:00,50.0,50.16999816894531,49.90999984741211,50.060001373291016,10698,0.0,0.0
2024-01-05 14:30:00-05:00,50.0099983215332,50.0099983215332,49.619998931884766,49.85499954223633,10096,0.0,0.0
2024-01-05 15:30:00-05:00,49.83000183105469,49.970001220703125,49.5099983215332,49.72999954223633,22357,0.0,0.0
2024-01-08 09:30:00-05:00,49.400001525878906,49.959999084472656,49.400001525878906,49.875,5579,0.0,0.0
2024-01-08 10:30:00-05:00,50.11000061035156,50.5640983581543,49.969600677490234,50.25,4385,0.0,0.0
2024-01-08 11:30:00-05:00,50.25,50.505001068115234,50.25,50.505001068115234,3626,0.0,0.0
2024-01-08 12:30:00-05:00,50.244998931884766,50.345001220703125,50.244998931884766,50.29750061035156,3993,0.0,0.0
2024-01-08 13:30:00-05:00,50.34000015258789,50.59000015258789,50.310001373291016,50.59000015258789,6084,0.0,0.0
2024-01-08 14:30:00-05:00,50.650001525878906,50.689998626708984,50.040000915527344,50.040000915527344,11639,0.0,0.0
2024-01-08 15:30:00-05:00,50.09749984741211,50.279998779296875,50.029998779296875,50.119998931884766,32588,0.0,0.0
2024-01-09 09:30:00-05:00,49.34000015258789,49.66999816894531,48.97999954223633,49.40999984741211,6975,0.0,0.0
2024-01-09 10:30:00-05:00,49.439998626708984,49.900001525878906,49.33000183105469,49.900001525878906,6678,0.0,0.0
2024-01-09 11:30:00-05:00,49.939998626708984,50.0,49.70000076293945,49.92499923706055,5348,0.0,0.0
2024-01-09 12:30:00-05:00,49.9900016784668,50.119998931884766,49.86000061035156,49.88999938964844,6492,0.0,0.0
2024-01-09 13:30:00-05:00,50.0,50.119998931884766,49.970001220703125,50.04999923706055,5468,0.0,0.0
2024-01-09 14:30:00-05:00,50.0,50.13999938964844,49.959999084472656,50.040000915527344,9160,0.0,0.0
2024-01-09 15:30:00-05:00,50.0099983215332,50.11000061035156,50.0,50.11000061035156,20585,0.0,0.0
2024-01-10 09:30:00-05:00,49.63999938964844,50.09000015258789,49.189998626708984,49.79999923706055,8667,0.0,0.0
2024-01-10 10:30:00-05:00,49.78499984741211,50.20000076293945,49.77000045776367,50.20000076293945,4838,0.0,0.0
2024-01-10 11:30:00-05:00,50.060001373291016,50.5,50.060001373291016,50.400001525878906,6553,0.0,0.0
2024-01-10 12:30:00-05:00,50.290000915527344,50.290000915527344,50.119998931884766,50.2599983215332,4906,0.0,0.0
2024-01-10 13:30:00-05:00,50.27000045776367,50.560001373291016,50.220001220703125,50.5099983215332,6731,0.0,0.0
2024-01-10 14:30:00-05:00,50.540000915527344,50.56999969482422,50.04999923706055,50.14250183105469,13232,0.0,0.0
2024-01-10 15:30:00-05:00,50.165000915527344,50.34000015258789,50.08000183105469,50.279998779296875,19648,0.0,0.0
2024-01-11 09:30:00-05:00,49.83000183105469,49.97999954223633,49.27000045776367,49.40999984741211,6170,0.0,0.0
2024-01-11 10:30:00-05:00,49.43000030517578,49.47999954223633,49.08000183105469,49.255001068115234,5166,0.0,0.0
2024-01-11 11:30:00-05:00,49.27000045776367,49.30500030517578,49.06999969482422,49.06999969482422,5685,0.0,0.0
2024-01-11 12:30:00-05:00,49.02000045776367,49.53070068359375,48.939998626708984,49.30500030517578,6522,0.0,0.0
2024-01-11 13:30:00-05:00,49.29999923706055,49.400001525878906,49.27000045776367,49.380001068115234,2350,0.0,0.0
2024-01-11 14:30:00-05:00,49.35599899291992,49.459999084472656,49.2400016784668,49.380001068115234,14030,0.0,0.0
2024-01-11 15:30:00-05:00,49.41999816894531,49.54999923706055,49.22999954223633,49.540000915527344,11959,0.0,0.0
2024-01-12 09:30:00-05:00,50.25,50.29999923706055,49.29999923706055,49.61000061035156,27413,0.0,0.0
2024-01-12 10:30:00-05:00,49.689998626708984,49.79999923706055,49.06999969482422,49.154998779296875,20048,0.0,0.0
2024-01-12 11:30:00-05:00,49.15999984741211,49.244998931884766,48.939998626708984,49.244998931884766,8060,0.0,0.0
2024-01-12 12:30:00-05:00,49.15999984741211,49.470001220703125,49.095001220703125,49.38999938964844,8080,0.0,0.0
2024-01-12 13:30:00-05:00,49.45000076293945,49.689998626708984,49.380001068115234,49.41999816894531,16190,0.0,0.0
2024-01-12 14:30:00-05:00,49.39500045776367,49.39500045776367,48.97999954223633,49.060001373291016,13236,0.0,0.0
2024-01-12 15:30:00-05:00,49.09000015258789,49.2599983215332,48.91999816894531,49.2599983215332,27904,0.0,0.0
2024-01-16 09:30:00-05:00,48.599998474121094,48.599998474121094,47.79999923706055,48.470001220703125,14967,0.0,0.0
2024-01-16 10:30:00-05:00,48.48500061035156,48.66999816894531,48.400001525878906,48.66999816894531,3699,0.0,0.0
2024-01-16 11:30:00-05:00,48.630001068115234,49.310001373291016,48.630001068115234,49.0,10821,0.0,0.0
2024-01-16 12:30:00-05:00,49.02000045776367,49.15999984741211,49.02000045776367,49.15999984741211,4597,0.0,0.0
2024-01-16 13:30:00-05:00,49.18000030517578,49.2599983215332,48.90999984741211,49.15999984741211,12470,0.0,0.0
2024-01-16 14:30:00-05:00,49.06999969482422,49.22999954223633,49.06999969482422,49.209999084472656,6447,0.0,0.0
2024-01-16 15:30:00-05:00,49.16999816894531,49.35499954223633,49.130001068115234,49.33000183105469,38201,0.0,0.0
2024-01-17 09:30:00-05:00,48.369998931884766,49.470001220703125,48.310001373291016,48.959999084472656,12289,0.0,0.0
2024-01-17 10:30:00-05:00,48.724998474121094,48.779998779296875,48.397499084472656,48.397499084472656,10326,0.0,0.0
2024-01-17 11:30:00-05:00,48.36600112915039,48.54999923706055,48.2599983215332,48.474998474121094,7114,0.0,0.0
2024-01-17 12:30:00-05:00,48.5,48.54999923706055,48.31999969482422,48.474998474121094,9060,0.0,0.0
2024-01-17 13:30:00-05:00,48.400001525878906,48.5099983215332,48.119998931884766,48.38999938964844,10215,0.0,0.0
2024-01-17 14:30:00-05:00,48.38999938964844,48.45000076293945,48.20000076293945,48.37969970703125,14648,0.0,0.0
2024-01-17 15:30:00-05:00,48.43000030517578,48.900001525878906,48.41999816894531,48.880001068115234,41324,0.0,0.0
2024-01-18 09:30:00-05:00,49.31999969482422,49.68000030517578,49.0099983215332,49.66999816894531,5782,0.0,0.0
2024-01-18 10:30:00-05:00,49.775001525878906,49.869998931884766,49.2599983215332,49.2599983215332,3135,0.0,0.0
2024-01-18 11:30:00-05:00,49.43000030517578,49.43000030517578,49.20000076293945,49.40999984741211,7928,0.0,0.0
2024-01-18 12:30:00-05:00,49.404998779296875,49.959999084472656,49.29999923706055,49.90999984741211,205112,0.0,0.0
2024-01-18 13:30:00-05:00,49.80500030517578,50.154998779296875,49.68000030517578,50.029998779296875,8674,0.0,0.0
2024-01-18 14:30:00-05:00,50.15999984741211,50.290000915527344,49.90999984741211,50.19499969482422,8266,0.0,0.0
2024-01-18 15:30:00-05:00,50.19499969482422,50.2599983215332,50.02000045776367,50.25,39470,0.0,0.0
2024-01-19 09:30:00-05:00,50.47999954223633,50.900001525878906,49.95000076293945,50.34000015258789,10149,0.0,0.0
2024-01-19 10:30:00-05:00,50.2599983215332,50.2599983215332,49.63999938964844,50.1150016784668,50643,0.0,0.0
2024-01-19 11:30:00-05:00,50.09000015258789,50.13999938964844,49.880001068115234,50.13999938964844,6566,0.0,0.0
2024-01-19 12:30:00-05:00,50.10499954223633,50.45000076293945,50.040000915527344,50.45000076293945,3630,0.0,0.0
2024-01-19 13:30:00-05:00,50.45000076293945,51.1150016784668,50.45000076293945,50.79499816894531,20265,0.0,0.0
2024-01-19 14:30:00-05:00,50.79999923706055,51.0,50.689998626708984,50.880001068115234,11381,0.0,0.0
2024-01-19 15:30:00-05:00,51.029998779296875,51.029998779296875,50.5099983215332,50.529998779296875,37958,0.0,0.0
2024-01-22 09:30:00-05:00,51.150001525878906,51.91999816894531,51.150001525878906,51.790000915527344,14201,0.0,0.0
2024-01-22 10:30:00-05:00,51.7599983215332,51.7599983215332,51.41999816894531,51.724998474121094,4526,0.0,0.0
2024-01-22 11:30:00-05:00,51.720001220703125,51.720001220703125,51.540000915527344,51.540000915527344,2750,0.0,0.0
2024-01-22 12:30:00-05:00,51.58000183105469,51.58000183105469,51.439998626708984,51.4900016784668,4781,0.0,0.0
2024-01-22 13:30:00-05:00,51.48500061035156,51.59000015258789,51.369998931884766,51.540000915527344,5485,0.0,0.0
2024-01-22 14:30:00-05:00,51.529998779296875,51.96500015258789,51.529998779296875,51.96500015258789,11529,0.0,0.0
2024-01-22 15:30:00-05:00,51.95500183105469,51.96500015258789,51.7400016784668,51.86000061035156,22047,0.0,0.0
2024-01-23 09:30:00-05:00,51.86000061035156,52.650001525878906,51.70000076293945,51.75,14793,0.0,0.0
2024-01-23 10:30:00-05:00,51.779998779296875,51.86000061035156,51.310001373291016,51.779998779296875,11624,0.0,0.0
2024-01-23 11:30:00-05:00,51.720001220703125,52.130001068115234,51.720001220703125,52.060001373291016,8794,0.0,0.0
2024-01-23 12:30:00-05:00,52.04999923706055,52.38999938964844,51.93000030517578,52.27000045776367,12318,0.0,0.0
2024-01-23 13:30:00-05:00,52.16999816894531,52.369998931884766,52.09000015258789,52.2400016784668,6416,0.0,0.0
2024-01-23 14:30:00-05:00,52.20000076293945,52.20000076293945,51.58000183105469,51.665000915527344,15018,0.0,0.0
2024-01-23 15:30:00-05:00,51.630001068115234,51.689998626708984,51.38999938964844,51.58000183105469,35443,0.0,0.0
2024-01-24 09:30:00-05:00,52.33000183105469,52.36000061035156,51.560001373291016,51.97999954223633,5387,0.0,0.0
2024-01-24 10:30:00-05:00,51.830101013183594,52.0099983215332,51.70000076293945,51.915000915527344,4139,0.0,0.0
2024-01-24 11:30:00-05:00,51.974998474121094,52.2400016784668,51.76499938964844,51.83000183105469,32777,0.0,0.0
2024-01-24 12:30:00-05:00,51.810001373291016,51.880001068115234,51.540000915527344,51.689998626708984,9244,0.0,0.0
2024-01-24 13:30:00-05:00,51.650001525878906,51.69499969482422,51.15999984741211,51.290000915527344,12369,0.0,0.0
2024-01-24 14:30:00-05:00,51.45000076293945,51.5,51.095001220703125,51.1349983215332,10478,0.0,0.0
2024-01-24 15:30:00-05:00,51.119998931884766,51.34000015258789,51.02000045776367,51.290000915527344,26729,0.0,0.0
2024-01-25 09:30:00-05:00,52.09000015258789,52.130001068115234,51.7400016784668,51.98500061035156,8440,0.0,0.0
2024-01-25 10:30:00-05:00,51.72999954223633,51.790000915527344,51.63750076293945,51.66999816894531,5032,0.0,0.0
2024-01-25 11:30:00-05:00,51.650001525878906,51.650001525878906,51.10499954223633,51.34000015258789,7176,0.0,0.0
2024-01-25 12:30:00-05:00,51.30500030517578,51.349998474121094,50.9900016784668,51.185001373291016,7430,0.0,0.0
2024-01-25 13:30:00-05:00,51.15999984741211,51.31999969482422,51.130001068115234,51.310001373291016,199094,0.0,0.0
2024-01-25 14:30:00-05:00,51.279998779296875,51.4474983215332,51.230899810791016,51.4474983215332,12476,0.0,0.0
2024-01-25 15:30:00-05:00,51.380001068115234,51.57500076293945,51.27000045776367,51.36000061035156,25653,0.0,0.0
2024-01-26 09:30:00-05:00,51.77000045776367,51.91999816894531,51.27000045776367,51.27000045776367,7394,0.0,0.0
2024-01-26 10:30:00-05:00,51.18000030517578,51.45500183105469,51.150001525878906,51.310001373291016,3400,0.0,0.0
2024-01-26 11:30:00-05:00,51.30500030517578,52.0099983215332,51.185001373291016,52.005001068115234,35071,0.0,0.0
2024-01-26 12:30:00-05:00,51.95000076293945,52.09000015258789,51.83000183105469,51.849998474121094,10764,0.0,0.0
2024-01-26 13:30:00-05:00,51.86000061035156,51.86000061035156,51.755001068115234,51.7599983215332,4397,0.0,0.0
2024-01-26 14:30:00-05:00,51.7599983215332,51.88999938964844,51.54999923706055,51.54999923706055,6639,0.0,0.0
2024-01-26 15:30:00-05:00,51.5,51.810001373291016,51.5,51.689998626708984,11976,0.0,0.0
2024-01-29 09:30:00-05:00,51.689998626708984,51.89500045776367,51.45000076293945,51.540000915527344,8172,0.0,0.0
2024-01-29 10:30:00-05:00,51.494998931884766,52.130001068115234,51.494998931884766,51.94499969482422,22486,0.0,0.0
2024-01-29 11:30:00-05:00,52.02000045776367,52.29999923706055,52.0,52.13999938964844,10478,0.0,0.0
2024-01-29 12:30:00-05:00,52.189998626708984,52.29999923706055,51.959999084472656,52.08000183105469,13415,0.0,0.0
2024-01-29 13:30:00-05:00,52.084999084472656,52.13999938964844,51.97999954223633,51.97999954223633,5802,0.0,0.0
2024-01-29 14:30:00-05:00,51.9900016784668,52.25,51.72999954223633,52.20000076293945,16012,0.0,0.0
2024-01-29 15:30:00-05:00,52.22999954223633,52.25,51.63999938964844,51.84000015258789,37050,0.0,0.0
2024-01-30 09:30:00-05:00,51.54999923706055,52.369998931884766,51.52000045776367,52.04999923706055,23012,0.0,0.0
2024-01-30 10:30:00-05:00,52.125,52.31999969482422,52.04499816894531,52.165000915527344,4950,0.0,0.0
2024-01-30 11:30:00-05:00,52.064998626708984,52.369998931884766,51.97999954223633,52.01499938964844,8924,0.0,0.0
2024-01-30 12:30:00-05:00,51.97999954223633,52.20000076293945,51.95000076293945,52.15999984741211,9236,0.0,0.0
2024-01-30 13:30:00-05:00,52.119998931884766,52.310001373291016,52.119998931884766,52.23500061035156,8485,0.0,0.0
2024-01-30 14:30:00-05:00,52.22999954223633,52.22999954223633,51.959999084472656,52.02000045776367,13127,0.0,0.0
2024-01-30 15:30:00-05:00,52.0,52.2400016784668,51.959999084472656,52.15999984741211,31985,0.0,0.0
2024-01-31 09:30:00-05:00,51.709999084472656,51.84000015258789,51.65999984741211,51.83000183105469,5469,0.0,0.0
2024-01-31 10:30:00-05:00,51.9900016784668,52.057498931884766,51.720001220703125,52.057498931884766,5418,0.0,0.0
2024-01-31 11:30:00-05:00,51.880001068115234,51.880001068115234,51.70500183105469,51.79499816894531,7672,0.0,0.0
2024-01-31 12:30:00-05:00,51.84000015258789,51.8650016784668,51.709999084472656,51.85499954223633,2893,0.0,0.0
2024-01-31 13:30:00-05:00,51.84749984741211,51.86000061035156,51.61000061035156,51.6349983215332,5813,0.0,0.0
2024-01-31 14:30:00-05:00,51.65999984741211,52.13999938964844,50.88999938964844,50.88999938964844,11934,0.0,0.0
2024-01-31 15:30:00-05:00,50.90999984741211,50.95000076293945,50.06999969482422,50.08000183105469,31271,0.0,0.0
2024-02-01 09:30:00-05:00,50.29999923706055,50.96500015258789,49.97999954223633,50.56999969482422,6240,0.0,0.0
2024-02-01 10:30:00-05:00,50.63999938964844,50.63999938964844,49.900001525878906,50.08000183105469,17441,0.0,0.0
2024-02-01 11:30:00-05:00,50.33000183105469,50.852500915527344,50.33000183105469,50.7400016784668,4962,0.0,0.0
2024-02-01 12:30:00-05:00,50.869998931884766,50.88999938964844,50.75,50.86000061035156,2724,0.0,0.0
2024-02-01 13:30:00-05:00,51.0099983215332,51.18000030517578,51.0099983215332,51.18000030517578,88882,0.0,0.0
2024-02-01 14:30:00-05:00,51.119998931884766,51.13999938964844,50.970001220703125,50.970001220703125,7896,0.0,0.0
2024-02-01 15:30:00-05:00,51.040000915527344,51.29999923706055,51.029998779296875,51.29999923706055,14750,0.0,0.0
2024-02-02 09:30:00-05:00,50.439998626708984,50.58000183105469,50.439998626708984,50.45000076293945,4293,0.0,0.0
2024-02-02 10:30:00-05:00,50.92499923706055,51.2599983215332,50.92499923706055,51.2599983215332,4378,0.0,0.0
2024-02-02 11:30:00-05:00,51.11000061035156,51.11000061035156,50.869998931884766,50.9900016784668,2274,0.0,0.0
2024-02-02 12:30:00-05:00,51.02000045776367,51.02000045776367,50.01499938964844,50.060001373291016,9846,0.0,0.0
2024-02-02 13:30:00-05:00,50.060001373291016,50.25,49.959999084472656,50.25,8885,0.0,0.0
2024-02-02 14:30:00-05:00,50.09000015258789,50.41999816894531,49.880001068115234,50.41999816894531,14166,0.0,0.0
2024-02-02 15:30:00-05:00,50.34000015258789,50.34000015258789,49.93000030517578,50.25,32041,0.0,0.0
2024-02-05 09:30:00-05:00,49.619998931884766,49.790000915527344,49.40999984741211,49.474998474121094,10010,0.0,0.0
2024-02-05 10:30:00-05:00,49.27000045776367,49.540000915527344,49.06999969482422,49.540000915527344,4750,0.0,0.0
2024-02-05 11:30:00-05:00,49.61000061035156,49.849998474121094,49.57500076293945,49.84000015258789,4580,0.0,0.0
2024-02-05 12:30:00-05:00,49.95000076293945,50.119998931884766,49.95000076293945,50.084999084472656,4320,0.0,0.0
2024-02-05 13:30:00-05:00,50.2400016784668,50.45000076293945,50.150001525878906,50.2599983215332,9079,0.0,0.0
2024-02-05 14:30:00-05:00,50.27000045776367,50.290000915527344,49.970001220703125,50.07500076293945,6788,0.0,0.0
2024-02-05 15:30:00-05:00,50.040000915527344,50.064998626708984,49.72999954223633,49.7400016784668,23268,0.0,0.0
2024-02-06 09:30:00-05:00,49.4900016784668,50.310001373291016,49.4900016784668,50.0099983215332,9205,0.0,0.0
2024-02-06 10:30:00-05:00,50.04399871826172,50.04399871826172,49.4900016784668,49.54999923706055,8948,0.0,0.0
2024-02-06 11:30:00-05:00,49.7599983215332,49.7599983215332,49.43000030517578,49.6349983215332,12286,0.0,0.0
2024-02-06 12:30:00-05:00,49.69499969482422,49.790000915527344,49.619998931884766,49.68000030517578,9848,0.0,0.0
2024-02-06 13:30:00-05:00,49.65999984741211,50.09000015258789,49.63999938964844,49.91999816894531,12145,0.0,0.0
2024-02-06 14:30:00-05:00,49.90999984741211,50.130001068115234,49.81999969482422,50.053001403808594,28881,0.0,0.0
2024-02-06 15:30:00-05:00,50.025001525878906,50.29999923706055,49.93000030517578,50.09000015258789,35552,0.0,0.0
2024-02-07 09:30:00-05:00,50.220001220703125,50.459999084472656,49.04999923706055,49.810001373291016,32456,0.0,0.0
2024-02-07 10:30:00-05:00,49.88999938964844,49.88999938964844,49.470001220703125,49.47999954223633,10953,0.0,0.0
2024-02-07 11:30:00-05:00,49.54249954223633,49.72999954223633,49.147499084472656,49.540000915527344,15321,0.0,0.0
2024-02-07 12:30:00-05:00,49.5099983215332,49.66999816894531,49.400001525878906,49.45000076293945,9887,0.0,0.0
2024-02-07 13:30:00-05:00,49.439998626708984,49.4900016784668,48.904998779296875,49.0099983215332,48556,0.0,0.0
2024-02-07 14:30:00-05:00,48.93000030517578,49.369998931884766,48.72999954223633,49.29999923706055,29834,0.0,0.0
2024-02-07 15:30:00-05:00,49.310001373291016,49.45000076293945,49.25,49.29999923706055,30605,0.0,0.0
2024-02-08 09:30:00-05:00,49.31999969482422,49.505001068115234,48.779998779296875,49.505001068115234,8572,0.0,0.0
2024-02-08 10:30:00-05:00,49.130001068115234,49.220001220703125,48.9900016784668,48.9900016784668,4710,0.0,0.0
2024-02-08 11:30:00-05:00,49.07500076293945,49.79999923706055,49.07500076293945,49.7400016784668,5523,0.0,0.0
2024-02-08 12:30:00-05:00,49.709999084472656,49.814998626708984,49.5099983215332,49.67499923706055,7976,0.0,0.0
2024-02-08 13:30:00-05:00,49.790000915527344,50.029998779296875,49.78499984741211,49.95000076293945,10300,0.0,0.0
2024-02-08 14:30:00-05:00,49.880001068115234,50.150001525878906,49.810001373291016,50.040000915527344,12422,0.0,0.0
2024-02-08 15:30:00-05:00,50.040000915527344,50.29999923706055,49.970001220703125,50.220001220703125,20921,0.0,0.0
2024-02-09 09:30:00-05:00,50.33000183105469,50.33000183105469,48.130001068115234,49.7400016784668,6389,0.0,0.0
2024-02-09 10:30:00-05:00,49.880001068115234,50.13999938964844,49.869998931884766,49.959999084472656,1653,0.0,0.0
2024-02-09 11:30:00-05:00,49.939998626708984,49.939998626708984,49.849998474121094,49.849998474121094,1355,0.0,0.0
2024-02-09 12:30:00-05:00,50.31999969482422,50.779998779296875,50.220001220703125,50.779998779296875,2765,0.0,0.0
2024-02-09 13:30:00-05:00,50.65999984741211,50.97999954223633,50.65999984741211,50.86000061035156,4978,0.0,0.0
2024-02-09 14:30:00-05:00,50.8650016784668,50.88999938964844,50.400001525878906,50.474998474121094,11343,0.0,0.0
2024-02-09 15:30:00-05:00,50.459999084472656,50.5099983215332,50.18000030517578,50.33000183105469,36799,0.0,0.0
2024-02-12 09:30:00-05:00,50.54999923706055,51.93000030517578,50.54999923706055,51.29999923706055,5115,0.0,0.0
2024-02-12 10:30:00-05:00,51.7599983215332,51.7599983215332,51.29999923706055,51.5099983215332,6819,0.0,0.0
2024-02-12 11:30:00-05:00,51.52000045776367,51.59000015258789,51.41999816894531,51.41999816894531,15482,0.0,0.0
2024-02-12 12:30:00-05:00,51.43000030517578,51.7400016784668,51.41999816894531,51.7400016784668,13547,0.0,0.0
2024-02-12 13:30:00-05:00,51.91999816894531,52.25,51.86000061035156,52.06999969482422,5259,0.0,0.0
2024-02-12 14:30:00-05:00,52.150001525878906,52.20000076293945,51.974998474121094,52.060001373291016,11039,0.0,0.0
2024-02-12 15:30:00-05:00,52.064998626708984,52.25,51.810001373291016,51.939998626708984,34343,0.0,0.0
2024-02-13 09:30:00-05:00,50.400001525878906,50.65999984741211,49.560001373291016,50.61000061035156,12181,0.0,0.0
2024-02-13 10:30:00-05:00,50.720001220703125,50.720001220703125,50.189998626708984,50.189998626708984,20198,0.0,0.0
2024-02-13 11:30:00-05:00,50.2598991394043,50.2599983215332,49.84000015258789,49.84000015258789,8642,0.0,0.0
2024-02-13 12:30:00-05:00,50.2599983215332,50.2599983215332,49.974998474121094,50.099998474121094,3170,0.0,0.0
2024-02-13 13:30:00-05:00,49.97999954223633,50.15999984741211,49.86000061035156,49.970001220703125,18259,0.0,0.0
2024-02-13 14:30:00-05:00,50.02000045776367,50.02000045776367,49.16999816894531,49.349998474121094,10871,0.0,0.0
2024-02-13 15:30:00-05:00,49.349998474121094,49.54999923706055,49.220001220703125,49.47999954223633,26718,0.0,0.0
2024-02-14 09:30:00-05:00,50.209999084472656,50.349998474121094,49.79999923706055,49.849998474121094,2400,0.0,0.0
2024-02-14 10:30:00-05:00,49.64500045776367,49.64500045776367,49.22999954223633,49.45000076293945,2730,0.0,0.0
2024-02-14 11:30:00-05:00,49.59000015258789,49.59000015258789,49.34000015258789,49.34000015258789,3266,0.0,0.0
2024-02-14 12:30:00-05:00,49.709999084472656,49.849998474121094,49.630001068115234,49.630001068115234,3763,0.0,0.0
2024-02-14 13:30:00-05:00,49.83000183105469,50.0,49.72999954223633,49.869998931884766,3860,0.0,0.0
2024-02-14 14:30:00-05:00,49.9380989074707,50.04999923706055,49.91999816894531,50.005001068115234,7440,0.0,0.0
2024-02-14 15:30:00-05:00,49.970001220703125,50.04999923706055,49.7400016784668,49.7599983215332,26386,0.0,0.0
2024-02-15 09:30:00-05:00,50.029998779296875,50.599998474121094,49.88999938964844,50.060001373291016,21923,0.0,0.0
2024-02-15 10:30:00-05:00,50.02000045776367,50.02000045776367,49.83000183105469,49.95000076293945,7072,0.0,0.0
2024-02-15 11:30:00-05:00,49.880001068115234,50.0,49.880001068115234,49.938499450683594,9553,0.0,0.0
2024-02-15 12:30:00-05:00,50.01499938964844,50.42499923706055,49.88999938964844,50.42499923706055,13625,0.0,0.0
2024-02-15 13:30:00-05:00,50.45000076293945,51.2599983215332,50.45000076293945,51.2599983215332,28630,0.0,0.0
2024-02-15 14:30:00-05:00,51.27000045776367,51.380001068115234,51.119998931884766,51.119998931884766,10946,0.0,0.0
2024-02-15 15:30:00-05:00,51.16999816894531,51.16999816894531,50.974998474121094,51.029998779296875,29459,0.0,0.0
2024-02-16 09:30:00-05:00,50.849998474121094,54.54999923706055,49.810001373291016,54.27000045776367,162079,0.0,0.0
2024-02-16 10:30:00-05:00,54.0,54.349998474121094,53.560001373291016,53.82500076293945,30397,0.0,0.0
2024-02-16 11:30:00-05:00,53.7599983215332,53.7599983215332,52.86000061035156,53.290000915527344,18674,0.0,0.0
2024-02-16 12:30:00-05:00,53.40999984741211,53.459999084472656,53.2400016784668,53.459999084472656,8082,0.0,0.0
2024-02-16 13:30:00-05:00,53.56999969482422,53.56999969482422,53.099998474121094,53.224998474121094,9193,0.0,0.0
2024-02-16 14:30:00-05:00,53.16999816894531,53.189998626708984,52.720001220703125,52.869998931884766,19042,0.0,0.0
2024-02-16 15:30:00-05:00,52.834999084472656,53.0099983215332,52.54499816894531,52.709999084472656,38927,0.0,0.0
2024-02-20 09:30:00-05:00,51.939998626708984,53.0099983215332,51.91999816894531,53.0099983215332,10956,0.0,0.0
2024-02-20 10:30:00-05:00,52.880001068115234,52.9900016784668,52.630001068115234,52.630001068115234,17163,0.0,0.0
2024-02-20 11:30:00-05:00,52.630001068115234,52.97999954223633,52.560001373291016,52.779998779296875,14506,0.0,0.0
2024-02-20 12:30:00-05:00,52.72999954223633,53.224998474121094,52.65999984741211,53.02000045776367,18022,0.0,0.0
2024-02-20 13:30:00-05:00,53.0099983215332,53.029998779296875,52.755001068115234,52.86000061035156,30108,0.0,0.0
2024-02-20 14:30:00-05:00,52.810001373291016,53.4900016784668,52.724998474121094,52.810001373291016,25712,0.0,0.0
2024-02-20 15:30:00-05:00,52.79999923706055,53.470001220703125,52.79999923706055,53.470001220703125,60736,0.0,0.0
2024-02-21 09:30:00-05:00,53.09000015258789,53.540000915527344,52.709999084472656,53.26499938964844,5414,0.0,0.0
2024-02-21 10:30:00-05:00,53.21699905395508,53.720001220703125,52.970001220703125,53.400001525878906,23591,0.0,0.0
2024-02-21 11:30:00-05:00,53.31999969482422,53.4900016784668,53.084999084472656,53.380001068115234,12246,0.0,0.0
2024-02-21 12:30:00-05:00,53.119998931884766,53.529998779296875,53.0,53.42499923706055,12337,0.0,0.0
2024-02-21 13:30:00-05:00,53.45000076293945,53.48500061035156,53.029998779296875,53.029998779296875,9526,0.0,0.0
2024-02-21 14:30:00-05:00,53.08000183105469,53.34000015258789,52.75,52.79499816894531,25226,0.0,0.0
2024-02-21 15:30:00-05:00,52.86000061035156,53.595001220703125,52.86000061035156,53.41999816894531,83532,0.0,0.0
2024-02-22 09:30:00-05:00,48.900001525878906,50.56999969482422,46.709999084472656,49.25,128095,0.0,0.0
2024-02-22 10:30:00-05:00,49.209999084472656,49.439998626708984,48.47999954223633,49.0099983215332,95600,0.0,0.0
2024-02-22 11:30:00-05:00,48.95000076293945,49.93000030517578,48.900001525878906,49.40999984741211,44631,0.0,0.0
2024-02-22 12:30:00-05:00,49.279998779296875,49.279998779296875,48.380001068115234,48.5,60109,0.0,0.0
2024-02-22 13:30:00-05:00,48.529998779296875,48.790000915527344,47.70000076293945,47.904998779296875,73216,0.0,0.0
2024-02-22 14:30:00-05:00,47.900001525878906,47.97999954223633,47.494998931884766,47.775001525878906,92565,0.0,0.0
2024-02-22 15:30:00-05:00,47.78499984741211,48.470001220703125,47.7400016784668,48.18000030517578,140689,0.0,0.0
2024-02-23 09:30:00-05:00,48.18000030517578,49.25,47.71500015258789,49.25,11242,0.0,0.0
2024-02-23 10:30:00-05:00,49.2599983215332,49.4900016784668,49.0,49.40999984741211,69612,0.0,0.0
2024-02-23 11:30:00-05:00,49.65999984741211,49.970001220703125,49.45500183105469,49.970001220703125,13146,0.0,0.0
2024-02-23 12:30:00-05:00,49.915000915527344,50.31999969482422,49.31999969482422,49.540000915527344,24801,0.0,0.0
2024-02-23 13:30:00-05:00,49.560001373291016,50.099998474121094,49.5,49.5,27807,0.0,0.0
2024-02-23 14:30:00-05:00,49.560001373291016,49.709999084472656,48.97999954223633,48.994998931884766,27106,0.0,0.0
2024-02-23 15:30:00-05:00,48.97999954223633,49.540000915527344,48.97999954223633,49.4900016784668,42538,0.0,0.0
2024-02-26 09:30:00-05:00,49.25,49.744998931884766,49.25,49.349998474121094,6085,0.0,0.0
2024-02-26 10:30:00-05:00,49.29499816894531,49.470001220703125,48.744998931884766,48.82500076293945,5535,0.0,0.0
2024-02-26 11:30:00-05:00,48.72999954223633,48.72999954223633,48.040000915527344,48.15999984741211,20158,0.0,0.0
2024-02-26 12:30:00-05:00,48.130001068115234,48.15999984741211,47.529998779296875,47.529998779296875,12358,0.0,0.0
2024-02-26 13:30:00-05:00,47.520999908447266,48.08000183105469,47.5099983215332,48.08000183105469,12676,0.0,0.0
2024-02-26 14:30:00-05:00,47.95000076293945,48.099998474121094,47.56999969482422,47.88999938964844,24342,0.0,0.0
2024-02-26 15:30:00-05:00,47.83000183105469,47.86000061035156,47.45000076293945,47.47999954223633,36050,0.0,0.0
2024-02-27 09:30:00-05:00,47.630001068115234,47.899898529052734,47.5,47.54999923706055,33713,0.0,0.0
2024-02-27 10:30:00-05:00,47.65340042114258,48.36000061035156,47.49599838256836,48.25,13794,0.0,0.0
2024-02-27 11:30:00-05:00,48.209999084472656,48.540000915527344,47.77000045776367,47.77000045776367,9871,0.0,0.0
2024-02-27 12:30:00-05:00,47.709999084472656,47.91999816894531,47.560001373291016,47.619998931884766,16693,0.0,0.0
2024-02-27 13:30:00-05:00,47.720001220703125,47.75,47.529998779296875,47.689998626708984,8212,0.0,0.0
2024-02-27 14:30:00-05:00,47.689998626708984,48.11000061035156,47.630001068115234,48.09000015258789,10450,0.0,0.0
2024-02-27 15:30:00-05:00,48.067501068115234,48.244998931884766,47.869998931884766,47.97999954223633,36934,0.0,0.0
2024-02-28 09:30:00-05:00,47.91999816894531,48.099998474121094,47.790000915527344,48.0,5769,0.0,0.0
2024-02-28 10:30:00-05:00,48.0099983215332,48.244998931884766,47.807498931884766,47.807498931884766,6625,0.0,0.0
2024-02-28 11:30:00-05:00,47.790000915527344,47.849998474121094,47.67530059814453,47.849998474121094,4401,0.0,0.0
2024-02-28 12:30:00-05:00,47.709999084472656,47.900001525878906,47.599998474121094,47.900001525878906,7259,0.0,0.0
2024-02-28 13:30:00-05:00,47.900001525878906,48.08000183105469,47.900001525878906,47.93000030517578,6702,0.0,0.0
2024-02-28 14:30:00-05:00,47.93000030517578,48.0,47.75,47.959999084472656,14507,0.0,0.0
2024-02-28 15:30:00-05:00,47.91999816894531,48.31999969482422,47.869998931884766,48.31999969482422,52219,0.0,0.0
2024-02-29 09:30:00-05:00,49.06999969482422,49.2400016784668,48.310001373291016,48.47999954223633,14349,0.0,0.0
2024-02-29 10:30:00-05:00,48.5,48.77000045776367,47.63999938964844,47.9900016784668,17338,0.0,0.0
2024-02-29 11:30:00-05:00,47.900001525878906,48.0099983215332,47.2599983215332,47.2599983215332,22448,0.0,0.0
2024-02-29 12:30:00-05:00,47.2599983215332,47.72999954223633,47.2599983215332,47.66999816894531,13726,0.0,0.0
2024-02-29 13:30:00-05:00,47.630001068115234,48.06999969482422,47.349998474121094,47.93000030517578,25623,0.0,0.0
2024-02-29 14:30:00-05:00,47.81999969482422,48.095001220703125,47.61000061035156,48.029998779296875,17270,0.0,0.0
2024-02-29 15:30:00-05:00,48.040000915527344,48.380001068115234,47.9900016784668,48.0,46843,0.0,0.0
2024-03-01 09:30:00-05:00,48.25,48.38999938964844,47.869998931884766,48.38999938964844,3984,0.0,0.0
2024-03-01 10:30:00-05:00,48.3849983215332,48.5,47.90999984741211,47.90999984741211,11379,0.0,0.0
2024-03-01 11:30:00-05:00,47.91999816894531,48.38999938964844,47.91999816894531,48.38999938964844,5310,0.0,0.0
2024-03-01 12:30:00-05:00,48.290000915527344,48.54899978637695,48.244998931884766,48.54899978637695,4193,0.0,0.0
2024-03-01 13:30:00-05:00,48.494998931884766,48.9900016784668,48.470001220703125,48.560001373291016,5675,0.0,0.0
2024-03-01 14:30:00-05:00,48.47119903564453,48.790000915527344,48.36000061035156,48.73500061035156,6065,0.0,0.0
2024-03-01 15:30:00-05:00,48.7400016784668,49.029998779296875,48.720001220703125,48.959999084472656,20124,0.0,0.0
2024-03-04 09:30:00-05:00,49.06999969482422,49.380001068115234,48.71500015258789,48.86000061035156,5606,0.0,0.0
2024-03-04 10:30:00-05:00,48.8849983215332,49.18000030517578,48.86000061035156,49.029998779296875,3451,0.0,0.0
2024-03-04 11:30:00-05:00,49.029998779296875,49.029998779296875,48.689998626708984,49.025001525878906,4340,0.0,0.0
2024-03-04 12:30:00-05:00,49.095001220703125,49.095001220703125,48.81919860839844,48.95000076293945,4007,0.0,0.0
2024-03-04 13:30:00-05:00,48.852298736572266,48.900001525878906,48.709999084472656,48.869998931884766,2853,0.0,0.0
2024-03-04 14:30:00-05:00,48.869998931884766,49.0,48.70000076293945,48.7400016784668,7998,0.0,0.0
2024-03-04 15:30:00-05:00,48.75,48.790000915527344,48.56999969482422,48.65999984741211,42335,0.0,0.0
2024-03-05 09:30:00-05:00,48.290000915527344,48.810001373291016,47.7681999206543,48.79499816894531,6161,0.0,0.0
2024-03-05 10:30:00-05:00,48.814998626708984,48.880001068115234,48.71500015258789,48.71500015258789,205,0.0,0.0
2024-03-05 11:30:00-05:00,48.689998626708984,48.7400016784668,48.540000915527344,48.619998931884766,4906,0.0,0.0
2024-03-05 12:30:00-05:00,48.55500030517578,48.720001220703125,48.36000061035156,48.3650016784668,3213,0.0,0.0
2024-03-05 13:30:00-05:00,48.33000183105469,48.33000183105469,47.98500061035156,48.15999984741211,4710,0.0,0.0
2024-03-05 14:30:00-05:00,48.150001525878906,48.27000045776367,47.720001220703125,47.88999938964844,9438,0.0,0.0
2024-03-05 15:30:00-05:00,47.88999938964844,47.974998474121094,47.59000015258789,47.59000015258789,44156,0.0,0.0
2024-03-06 09:30:00-05:00,47.790000915527344,48.084999084472656,47.54999923706055,48.08000183105469,10994,0.0,0.0
2024-03-06 10:30:00-05:00,48.08000183105469,48.279998779296875,47.9900016784668,48.154998779296875,8417,0.0,0.0
2024-03-06 11:30:00-05:00,48.165000915527344,48.349998474121094,47.77000045776367,47.77000045776367,5380,0.0,0.0
2024-03-06 12:30:00-05:00,47.83000183105469,48.65999984741211,47.83000183105469,48.65999984741211,17298,0.0,0.0
2024-03-06 13:30:00-05:00,48.619998931884766,48.68000030517578,48.25,48.470001220703125,6687,0.0,0.0
2024-03-06 14:30:00-05:00,48.540000915527344,48.540000915527344,48.14500045776367,48.21500015258789,5972,0.0,0.0
2024-03-06 15:30:00-05:00,48.220001220703125,48.22999954223633,47.974998474121094,47.9900016784668,48365,0.0,0.0
2024-03-07 09:30:00-05:00,48.43000030517578,48.75,48.15999984741211,48.40570068359375,7085,0.0,0.0
2024-03-07 10:30:00-05:00,48.17499923706055,48.29999923706055,48.0,48.29999923706055,9801,0.0,0.0
2024-03-07 11:30:00-05:00,48.32500076293945,48.72999954223633,48.279998779296875,48.72999954223633,6642,0.0,0.0
2024-03-07 12:30:00-05:00,48.54999923706055,48.959999084472656,48.540000915527344,48.959999084472656,4912,0.0,0.0
2024-03-07 13:30:00-05:00,48.903900146484375,49.130001068115234,48.7400016784668,48.7400016784668,5090,0.0,0.0
2024-03-07 14:30:00-05:00,48.72999954223633,48.869998931884766,48.540000915527344,48.7400016784668,9094,0.0,0.0
2024-03-07 15:30:00-05:00,48.70000076293945,48.95000076293945,48.65999984741211,48.95000076293945,15759,0.0,0.0
2024-03-08 09:30:00-05:00,49.77000045776367,50.83000183105469,49.0,50.09000015258789,36403,0.0,0.0
2024-03-08 10:30:00-05:00,49.93000030517578,50.22999954223633,49.77000045776367,49.83000183105469,5631,0.0,0.0
2024-03-08 11:30:00-05:00,49.810001373291016,50.13999938964844,49.77000045776367,50.13999938964844,9729,0.0,0.0
2024-03-08 12:30:00-05:00,50.150001525878906,50.150001525878906,49.92499923706055,50.040000915527344,5118,0.0,0.0
2024-03-08 13:30:00-05:00,50.0,50.314998626708984,49.91999816894531,50.24760055541992,6617,0.0,0.0
2024-03-08 14:30:00-05:00,50.36000061035156,50.392601013183594,50.029998779296875,50.06999969482422,6970,0.0,0.0
2024-03-08 15:30:00-05:00,49.96500015258789,50.189998626708984,49.940101623535156,50.189998626708984,16551,0.0,0.0
2024-03-11 09:30:00-04:00,50.29999923706055,50.72999954223633,49.76499938964844,49.83000183105469,5489,0.0,0.0
2024-03-11 10:30:00-04:00,49.64500045776367,49.64500045776367,49.4900016784668,49.59000015258789,1360,0.0,0.0
2024-03-11 11:30:00-04:00,49.505001068115234,49.529998779296875,49.20000076293945,49.20000076293945,4439,0.0,0.0
2024-03-11 12:30:00-04:00,49.279998779296875,49.459999084472656,49.025001525878906,49.43000030517578,6018,0.0,0.0
2024-03-11 13:30:00-04:00,49.220001220703125,49.337398529052734,49.060001373291016,49.060001373291016,1429,0.0,0.0
2024-03-11 14:30:00-04:00,49.119998931884766,49.400001525878906,49.06999969482422,49.334999084472656,7186,0.0,0.0
2024-03-11 15:30:00-04:00,49.34000015258789,49.56999969482422,49.29999923706055,49.56999969482422,19444,0.0,0.0
2024-03-12 09:30:00-04:00,49.20000076293945,49.209999084472656,48.810001373291016,49.08000183105469,8058,0.0,0.0
2024-03-12 10:30:00-04:00,48.9900016784668,49.150001525878906,48.915000915527344,48.915000915527344,2866,0.0,0.0
2024-03-12 11:30:00-04:00,48.970001220703125,49.08000183105469,48.89500045776367,48.95000076293945,6887,0.0,0.0
2024-03-12 12:30:00-04:00,49.0,49.060001373291016,48.834999084472656,49.025001525878906,17228,0.0,0.0
2024-03-12 13:30:00-04:00,48.810001373291016,48.939998626708984,48.790000915527344,48.875,5047,0.0,0.0
2024-03-12 14:30:00-04:00,48.90999984741211,49.279998779296875,48.83000183105469,49.125,8225,0.0,0.0
2024-03-12 15:30:00-04:00,49.029998779296875,49.150001525878906,49.0,49.099998474121094,24840,0.0,0.0
2024-03-13 09:30:00-04:00,48.75,49.16999816894531,48.75,49.0,10081,0.0,0.0
2024-03-13 10:30:00-04:00,48.97999954223633,49.040000915527344,48.34000015258789,48.5,10950,0.0,0.0
2024-03-13 11:30:00-04:00,48.404998779296875,48.790000915527344,48.279998779296875,48.59320068359375,12488,0.0,0.0
2024-03-13 12:30:00-04:00,48.494998931884766,48.71500015258789,48.48500061035156,48.71500015258789,4197,0.0,0.0
2024-03-13 13:30:00-04:00,48.63999938964844,48.68000030517578,48.40999984741211,48.619998931884766,14034,0.0,0.0
2024-03-13 14:30:00-04:00,48.584999084472656,48.69499969482422,48.47010040283203,48.505001068115234,10594,0.0,0.0
2024-03-13 15:30:00-04:00,48.310001373291016,48.34000015258789,48.0099983215332,48.220001220703125,30273,0.0,0.0
2024-03-14 09:30:00-04:00,48.5,48.5,47.31999969482422,47.349998474121094,18204,0.0,0.0
2024-03-14 10:30:00-04:00,47.369998931884766,47.630001068115234,47.3650016784668,47.5099983215332,15041,0.0,0.0
2024-03-14 11:30:00-04:00,47.474998474121094,47.560001373291016,47.43659973144531,47.4900016784668,7728,0.0,0.0
2024-03-14 12:30:00-04:00,47.5,47.57500076293945,46.970001220703125,47.0099983215332,19789,0.0,0.0
2024-03-14 13:30:00-04:00,47.0,47.33000183105469,46.810001373291016,47.09000015258789,5385,0.0,0.0
2024-03-14 14:30:00-04:00,46.779998779296875,46.83000183105469,45.75,45.939998626708984,15221,0.0,0.0
2024-03-14 15:30:00-04:00,45.81999969482422,46.72999954223633,45.81999969482422,46.72999954223633,21360,0.0,0.0
2024-03-15 09:30:00-04:00,45.11000061035156,46.7400016784668,45.060001373291016,46.2599983215332,44077,0.0,0.0
2024-03-15 10:30:00-04:00,46.18000030517578,46.279998779296875,45.93000030517578,46.279998779296875,5342,0.0,0.0
2024-03-15 11:30:00-04:00,46.2400016784668,46.2400016784668,46.040000915527344,46.119998931884766,3261,0.0,0.0
2024-03-15 12:30:00-04:00,45.970001220703125,46.040000915527344,45.630001068115234,45.849998474121094,5735,0.0,0.0
2024-03-15 13:30:00-04:00,45.66999816894531,45.9379997253418,45.66999816894531,45.875,8649,0.0,0.0
2024-03-15 14:30:00-04:00,45.875,46.2599983215332,45.85499954223633,46.029998779296875,14220,0.0,0.0
2024-03-15 15:30:00-04:00,45.9900016784668,46.220001220703125,45.96500015258789,46.11000061035156,26599,0.0,0.0
2024-03-18 09:30:00-04:00,46.150001525878906,46.150001525878906,45.540000915527344,45.689998626708984,25488,0.0,0.0
2024-03-18 10:30:00-04:00,45.66999816894531,45.880001068115234,45.65999984741211,45.779998779296875,5180,0.0,0.0
2024-03-18 11:30:00-04:00,45.7599983215332,45.79499816894531,45.619998931884766,45.665000915527344,5299,0.0,0.0
2024-03-18 12:30:00-04:00,45.654998779296875,45.8650016784668,45.650001525878906,45.650001525878906,6693,0.0,0.0
2024-03-18 13:30:00-04:00,45.47999954223633,45.560001373291016,45.2599983215332,45.529998779296875,10969,0.0,0.0
2024-03-18 14:30:00-04:00,45.560001373291016,45.630001068115234,45.07500076293945,45.07500076293945,12868,0.0,0.0
2024-03-18 15:30:00-04:00,45.130001068115234,45.29399871826172,44.790000915527344,44.869998931884766,45660,0.0,0.0
2024-03-19 09:30:00-04:00,44.900001525878906,45.849998474121094,44.900001525878906,45.689998626708984,15215,0.0,0.0
2024-03-19 10:30:00-04:00,45.70500183105469,45.70500183105469,45.439998626708984,45.52000045776367,4204,0.0,0.0
2024-03-19 11:30:00-04:00,45.47999954223633,45.790000915527344,44.869998931884766,45.77000045776367,6708,0.0,0.0
2024-03-19 12:30:00-04:00,45.790000915527344,46.0099983215332,45.70000076293945,45.84000015258789,8217,0.0,0.0
2024-03-19 13:30:00-04:00,45.91999816894531,45.91999816894531,45.66999816894531,45.68000030517578,5253,0.0,0.0
2024-03-19 14:30:00-04:00,45.709999084472656,45.709999084472656,45.36000061035156,45.3650016784668,10581,0.0,0.0
2024-03-19 15:30:00-04:00,45.38999938964844,45.54999923706055,45.2400016784668,45.349998474121094,31950,0.0,0.0
2024-03-20 09:30:00-04:00,45.029998779296875,45.665000915527344,45.029998779296875,45.665000915527344,5993,0.0,0.0
2024-03-20 10:30:00-04:00,46.0099983215332,46.0099983215332,45.619998931884766,45.88999938964844,6568,0.0,0.0
2024-03-20 11:30:00-04:00,45.904998779296875,45.904998779296875,45.75,45.75,3132,0.0,0.0
2024-03-20 12:30:00-04:00,45.7400016784668,46.71500015258789,45.7400016784668,46.27000045776367,9938,0.0,0.0
2024-03-20 13:30:00-04:00,46.11000061035156,46.63999938964844,46.04999923706055,46.334999084472656,14295,0.0,0.0
2024-03-20 14:30:00-04:00,46.36750030517578,46.7599983215332,46.20500183105469,46.654998779296875,34470,0.0,0.0
2024-03-20 15:30:00-04:00,46.665000915527344,46.79999923706055,46.39500045776367,46.41999816894531,35334,0.0,0.0
2024-03-21 09:30:00-04:00,46.88999938964844,47.119998931884766,46.52000045776367,46.880001068115234,18160,0.0,0.0
2024-03-21 10:30:00-04:00,46.72999954223633,47.35499954223633,46.709999084472656,47.17499923706055,9298,0.0,0.0
2024-03-21 11:30:00-04:00,47.130001068115234,47.43000030517578,47.099998474121094,47.290000915527344,6881,0.0,0.0
2024-03-21 12:30:00-04:00,47.31999969482422,47.32500076293945,47.13999938964844,47.20500183105469,23183,0.0,0.0
2024-03-21 13:30:00-04:00,47.119998931884766,47.20000076293945,46.689998626708984,47.005001068115234,41409,0.0,0.0
2024-03-21 14:30:00-04:00,47.029998779296875,47.14759826660156,46.779998779296875,47.13999938964844,36636,0.0,0.0
2024-03-21 15:30:00-04:00,47.150001525878906,47.619998931884766,47.08000183105469,47.5099983215332,57617,0.0,0.0
2024-03-22 09:30:00-04:00,47.75,47.92499923706055,47.33000183105469,47.66999816894531,7544,0.0,0.0
2024-03-22 10:30:00-04:00,47.619998931884766,47.619998931884766,47.16999816894531,47.31999969482422,9095,0.0,0.0
2024-03-22 11:30:00-04:00,47.369998931884766,47.375,46.88999938964844,47.040000915527344,23154,0.0,0.0
2024-03-22 12:30:00-04:00,46.994998931884766,47.08000183105469,46.599998474121094,46.86000061035156,9936,0.0,0.0
2024-03-22 13:30:00-04:00,46.904998779296875,47.084999084472656,46.872501373291016,47.04499816894531,11360,0.0,0.0
2024-03-22 14:30:00-04:00,47.04499816894531,47.04499816894531,46.58599853515625,46.7599983215332,16537,0.0,0.0
2024-03-22 15:30:00-04:00,46.77000045776367,46.912200927734375,46.5099983215332,46.5099983215332,26843,0.0,0.0
2024-03-25 09:30:00-04:00,47.0,47.02000045776367,46.54999923706055,46.54999923706055,3952,0.0,0.0
2024-03-25 10:30:00-04:00,46.4900016784668,46.51499938964844,46.165000915527344,46.165000915527344,5444,0.0,0.0
2024-03-25 11:30:00-04:00,46.119998931884766,46.119998931884766,46.04520034790039,46.084999084472656,35683,0.0,0.0
2024-03-25 12:30:00-04:00,46.07500076293945,46.40999984741211,45.84000015258789,46.36000061035156,13432,0.0,0.0
2024-03-25 13:30:00-04:00,46.31999969482422,46.459999084472656,45.93000030517578,45.93000030517578,10838,0.0,0.0
2024-03-25 14:30:00-04:00,45.93000030517578,46.099998474121094,45.52000045776367,45.70000076293945,25597,0.0,0.0
2024-03-25 15:30:00-04:00,45.75,45.75,45.459999084472656,45.5099983215332,35459,0.0,0.0
2024-03-26 09:30:00-04:00,45.720001220703125,45.720001220703125,44.91999816894531,45.380001068115234,14435,0.0,0.0
2024-03-26 10:30:00-04:00,45.45000076293945,45.525001525878906,45.02000045776367,45.02000045776367,18300,0.0,0.0
2024-03-26 11:30:00-04:00,45.0,45.5,44.970001220703125,45.33000183105469,18150,0.0,0.0
2024-03-26 12:30:00-04:00,45.27000045776367,45.51499938964844,45.150001525878906,45.310001373291016,56367,0.0,0.0
2024-03-26 13:30:00-04:00,45.334999084472656,45.439998626708984,45.2400016784668,45.279998779296875,18260,0.0,0.0
2024-03-26 14:30:00-04:00,45.185001373291016,45.20000076293945,44.709999084472656,44.90700149536133,18055,0.0,0.0
2024-03-26 15:30:00-04:00,44.91999816894531,45.025001525878906,44.85499954223633,45.0,87093,0.0,0.0
2024-03-27 09:30:00-04:00,45.529998779296875,45.70500183105469,45.40999984741211,45.474998474121094,16814,0.0,0.0
2024-03-27 10:30:00-04:00,45.48500061035156,45.65999984741211,45.45000076293945,45.5099983215332,56788,0.0,0.0
2024-03-27 11:30:00-04:00,45.43000030517578,45.685001373291016,45.41999816894531,45.58000183105469,61941,0.0,0.0
2024-03-27 12:30:00-04:00,45.782501220703125,45.782501220703125,45.380001068115234,45.380001068115234,91759,0.0,0.0
2024-03-27 13:30:00-04:00,45.5099983215332,45.654998779296875,45.279998779296875,45.36000061035156,14912,0.0,0.0
2024-03-27 14:30:00-04:00,45.31999969482422,45.68000030517578,45.279998779296875,45.56999969482422,30365,0.0,0.0
2024-03-27 15:30:00-04:00,45.56999969482422,46.08000183105469,45.5,46.04999923706055,86059,0.0,0.0
2024-03-28 09:30:00-04:00,46.279998779296875,46.279998779296875,45.86000061035156,45.86000061035156,31603,0.0,0.0
2024-03-28 10:30:00-04:00,45.83700180053711,45.86000061035156,45.58000183105469,45.86000061035156,11484,0.0,0.0
2024-03-28 11:30:00-04:00,46.040000915527344,46.619998931884766,45.93000030517578,46.540000915527344,87085,0.0,0.0
2024-03-28 12:30:00-04:00,46.18000030517578,46.2599983215332,45.9900016784668,46.084999084472656,10487,0.0,0.0
2024-03-28 13:30:00-04:00,45.869998931884766,45.92499923706055,45.73249816894531,45.79999923706055,5694,0.0,0.0
2024-03-28 14:30:00-04:00,45.834999084472656,46.029998779296875,45.744998931884766,45.93000030517578,12247,0.0,0.0
2024-03-28 15:30:00-04:00,45.95000076293945,46.189998626708984,45.5,45.5,67974,0.0,0.0
2024-04-01 09:30:00-04:00,45.709999084472656,45.709999084472656,44.380001068115234,44.59000015258789,15286,0.0,0.0
2024-04-01 10:30:00-04:00,44.33000183105469,44.50910186767578,43.06999969482422,43.25,48686,0.0,0.0
2024-04-01 11:30:00-04:00,43.3650016784668,44.150001525878906,43.095001220703125,44.0099983215332,27427,0.0,0.0
2024-04-01 12:30:00-04:00,44.08000183105469,44.220001220703125,43.06999969482422,43.35499954223633,37836,0.0,0.0
2024-04-01 13:30:00-04:00,43.19499969482422,43.665000915527344,43.19499969482422,43.654998779296875,17263,0.0,0.0
2024-04-01 14:30:00-04:00,43.599998474121094,43.709999084472656,43.290000915527344,43.470001220703125,22956,0.0,0.0
2024-04-01 15:30:00-04:00,43.439998626708984,43.61000061035156,43.40999984741211,43.57899856567383,59989,0.0,0.0
2024-04-02 09:30:00-04:00,43.220001220703125,43.61000061035156,42.40999984741211,43.349998474121094,21879,0.0,0.0
2024-04-02 10:30:00-04:00,43.470001220703125,43.560001373291016,43.04499816894531,43.310001373291016,20846,0.0,0.0
2024-04-02 11:30:00-04:00,43.189998626708984,43.2599983215332,43.0,43.220001220703125,14096,0.0,0.0
2024-04-02 12:30:00-04:00,43.16999816894531,43.185001373291016,42.97999954223633,43.060001373291016,19929,0.0,0.0
2024-04-02 13:30:00-04:00,42.970001220703125,43.314998626708984,42.86000061035156,43.314998626708984,14164,0.0,0.0
2024-04-02 14:30:00-04:00,43.209999084472656,43.41999816894531,43.09000015258789,43.40999984741211,22728,0.0,0.0
2024-04-02 15:30:00-04:00,43.404998779296875,43.83000183105469,43.38999938964844,43.72999954223633,48197,0.0,0.0
2024-04-03 09:30:00-04:00,43.380001068115234,44.01499938964844,43.380001068115234,43.742000579833984,12989,0.0,0.0
2024-04-03 10:30:00-04:00,43.900001525878906,43.900001525878906,43.310001373291016,43.61000061035156,8785,0.0,0.0
2024-04-03 11:30:00-04:00,43.68000030517578,43.70000076293945,43.52000045776367,43.630001068115234,12451,0.0,0.0
2024-04-03 12:30:00-04:00,43.72999954223633,43.77000045776367,43.51499938964844,43.564998626708984,4891,0.0,0.0
2024-04-03 13:30:00-04:00,43.564998626708984,43.56999969482422,43.459999084472656,43.54999923706055,8389,0.0,0.0
2024-04-03 14:30:00-04:00,43.529998779296875,43.57500076293945,43.349998474121094,43.349998474121094,13480,0.0,0.0
2024-04-03 15:30:00-04:00,43.36000061035156,43.45000076293945,43.2400016784668,43.38999938964844,48903,0.0,0.0
2024-04-04 09:30:00-04:00,43.939998626708984,44.290000915527344,43.619998931884766,43.70000076293945,8071,0.0,0.0
2024-04-04 10:30:00-04:00,43.66999816894531,43.810001373291016,43.619998931884766,43.73500061035156,4795,0.0,0.0
2024-04-04 11:30:00-04:00,43.86000061035156,43.970001220703125,43.790000915527344,43.91999816894531,9639,0.0,0.0
2024-04-04 12:30:00-04:00,44.0,44.03499984741211,43.939998626708984,43.939998626708984,5634,0.0,0.0
2024-04-04 13:30:00-04:00,43.93000030517578,43.93000030517578,43.540000915527344,43.540000915527344,9475,0.0,0.0
2024-04-04 14:30:00-04:00,43.53499984741211,43.70500183105469,43.16999816894531,43.380001068115234,12489,0.0,0.0
2024-04-04 15:30:00-04:00,43.279998779296875,43.39500045776367,43.099998474121094,43.279998779296875,26002,0.0,0.0
2024-04-05 09:30:00-04:00,43.56999969482422,43.56999969482422,42.81999969482422,42.84000015258789,7792,0.0,0.0
2024-04-05 10:30:00-04:00,42.92499923706055,43.290000915527344,42.81999969482422,43.125,9956,0.0,0.0
2024-04-05 11:30:00-04:00,43.29999923706055,43.53710174560547,43.220001220703125,43.38999938964844,9569,0.0,0.0
2024-04-05 12:30:00-04:00,43.5,43.54999923706055,43.38999938964844,43.47999954223633,5566,0.0,0.0
2024-04-05 13:30:00-04:00,43.5099983215332,43.560001373291016,43.15999984741211,43.560001373291016,11918,0.0,0.0
2024-04-05 14:30:00-04:00,43.470001220703125,43.564998626708984,43.404998779296875,43.540000915527344,8642,0.0,0.0
2024-04-05 15:30:00-04:00,43.4900016784668,43.58000183105469,43.369998931884766,43.58000183105469,19692,0.0,0.0
2024-04-08 09:30:00-04:00,43.599998474121094,44.13999938964844,43.5,43.98749923706055,13002,0.0,0.0
2024-04-08 10:30:00-04:00,44.02000045776367,44.4900016784668,43.939998626708984,44.30500030517578,9440,0.0,0.0
2024-04-08 11:30:00-04:00,44.3650016784668,44.3650016784668,44.20000076293945,44.34000015258789,3480,0.0,0.0
2024-04-08 12:30:00-04:00,44.2599983215332,44.380001068115234,44.11000061035156,44.380001068115234,10859,0.0,0.0
2024-04-08 13:30:00-04:00,44.439998626708984,44.439998626708984,44.29499816894531,44.369998931884766,4683,0.0,0.0
2024-04-08 14:30:00-04:00,44.33000183105469,44.33000183105469,44.18000030517578,44.244998931884766,6795,0.0,0.0
2024-04-08 15:30:00-04:00,44.30500030517578,44.560001373291016,44.30500030517578,44.5,23980,0.0,0.0
2024-04-09 09:30:00-04:00,44.849998474121094,44.959999084472656,44.4900016784668,44.85499954223633,8795,0.0,0.0
2024-04-09 10:30:00-04:00,44.849998474121094,45.0,44.79999923706055,45.0,7919,0.0,0.0
2024-04-09 11:30:00-04:00,44.97999954223633,45.11000061035156,44.779998779296875,44.900001525878906,6938,0.0,0.0
2024-04-09 12:30:00-04:00,44.939998626708984,45.005001068115234,44.891300201416016,45.0,6096,0.0,0.0
2024-04-09 13:30:00-04:00,45.0099983215332,45.04999923706055,44.83000183105469,44.9900016784668,9288,0.0,0.0
2024-04-09 14:30:00-04:00,44.935001373291016,45.060001373291016,44.935001373291016,45.060001373291016,10874,0.0,0.0
2024-04-09 15:30:00-04:00,45.1150016784668,45.369998931884766,45.0099983215332,45.369998931884766,41651,0.0,0.0
2024-04-10 09:30:00-04:00,44.0,44.25,43.689998626708984,44.25,10233,0.0,0.0
2024-04-10 10:30:00-04:00,44.25,44.439998626708984,44.02000045776367,44.04499816894531,5448,0.0,0.0
2024-04-10 11:30:00-04:00,44.04999923706055,44.11000061035156,43.849998474121094,44.0,7857,0.0,0.0
2024-04-10 12:30:00-04:00,43.95500183105469,44.0,43.7599983215332,43.92499923706055,13071,0.0,0.0
2024-04-10 13:30:00-04:00,43.790000915527344,43.810001373291016,43.61000061035156,43.720001220703125,8154,0.0,0.0
2024-04-10 14:30:00-04:00,43.70000076293945,45.33000183105469,43.63999938964844,44.040000915527344,13708,0.0,0.0
2024-04-10 15:30:00-04:00,43.97999954223633,44.16999816894531,43.79999923706055,44.040000915527344,39523,0.0,0.0
2024-04-11 09:30:00-04:00,44.689998626708984,44.689998626708984,43.66999816894531,43.810001373291016,9453,0.0,0.0
2024-04-11 10:30:00-04:00,43.849998474121094,43.96500015258789,43.72999954223633,43.75,28779,0.0,0.0
2024-04-11 11:30:00-04:00,43.814998626708984,44.130001068115234,43.814998626708984,44.130001068115234,4222,0.0,0.0
2024-04-11 12:30:00-04:00,44.0,44.51499938964844,43.994998931884766,44.51499938964844,5639,0.0,0.0
2024-04-11 13:30:00-04:00,44.45000076293945,44.560001373291016,44.27040100097656,44.54499816894531,5183,0.0,0.0
2024-04-11 14:30:00-04:00,44.525001525878906,44.525001525878906,44.02000045776367,44.02000045776367,11921,0.0,0.0
2024-04-11 15:30:00-04:00,44.0099983215332,44.02000045776367,43.63999938964844,43.63999938964844,42016,0.0,0.0
2024-04-12 09:30:00-04:00,43.290000915527344,43.439998626708984,43.005001068115234,43.08000183105469,7669,0.0,0.0
2024-04-12 10:30:00-04:00,43.150001525878906,43.279998779296875,43.02000045776367,43.2599983215332,2046,0.0,0.0
2024-04-12 11:30:00-04:00,43.349998474121094,43.45000076293945,43.099998474121094,43.099998474121094,7196,0.0,0.0
2024-04-12 12:30:00-04:00,42.91999816894531,43.02000045776367,42.849998474121094,42.849998474121094,2624,0.0,0.0
2024-04-12 13:30:00-04:00,42.73500061035156,42.93000030517578,42.73500061035156,42.79499816894531,3625,0.0,0.0
2024-04-12 14:30:00-04:00,42.75,42.79999923706055,42.630001068115234,42.720001220703125,11407,0.0,0.0
2024-04-12 15:30:00-04:00,42.70000076293945,43.0,42.70000076293945,42.86000061035156,34886,0.0,0.0
2024-04-15 09:30:00-04:00,42.900001525878906,43.16999816894531,42.09000015258789,42.119998931884766,5713,0.0,0.0
2024-04-15 10:30:00-04:00,42.189998626708984,42.380001068115234,41.97999954223633,41.97999954223633,8196,0.0,0.0
2024-04-15 11:30:00-04:00,41.939998626708984,42.44430160522461,41.939998626708984,42.13999938964844,8103,0.0,0.0
2024-04-15 12:30:00-04:00,42.150001525878906,42.209999084472656,41.970001220703125,42.130001068115234,13037,0.0,0.0
2024-04-15 13:30:00-04:00,42.08000183105469,42.345001220703125,42.01620101928711,42.189998626708984,14916,0.0,0.0
2024-04-15 14:30:00-04:00,42.17499923706055,42.275001525878906,41.85499954223633,41.85499954223633,25060,0.0,0.0
2024-04-15 15:30:00-04:00,41.84000015258789,42.08000183105469,41.6349983215332,41.900001525878906,50805,0.0,0.0
2024-04-16 09:30:00-04:00,41.810001373291016,41.810001373291016,40.97999954223633,40.97999954223633,67970,0.0,0.0
2024-04-16 10:30:00-04:00,40.9900016784668,41.38999938964844,40.9900016784668,41.30500030517578,12379,0.0,0.0
2024-04-16 11:30:00-04:00,41.25,41.720001220703125,41.16999816894531,41.35499954223633,16845,0.0,0.0
2024-04-16 12:30:00-04:00,41.380001068115234,41.439998626708984,41.25,41.25,14645,0.0,0.0
2024-04-16 13:30:00-04:00,41.119998931884766,41.25,40.88999938964844,40.939998626708984,18047,0.0,0.0
2024-04-16 14:30:00-04:00,40.83000183105469,40.994998931884766,40.650001525878906,40.880001068115234,57019,0.0,0.0
2024-04-16 15:30:00-04:00,40.80500030517578,40.80500030517578,40.439998626708984,40.58000183105469,54695,0.0,0.0
2024-04-17 09:30:00-04:00,40.7400016784668,44.61000061035156,40.7400016784668,41.630001068115234,35786,0.0,0.0
2024-04-17 10:30:00-04:00,41.72999954223633,42.18000030517578,41.595001220703125,42.060001373291016,18593,0.0,0.0
2024-04-17 11:30:00-04:00,42.005001068115234,42.470001220703125,41.88999938964844,42.470001220703125,11043,0.0,0.0
2024-04-17 12:30:00-04:00,42.39500045776367,42.39500045776367,41.83000183105469,42.0099983215332,21525,0.0,0.0
2024-04-17 13:30:00-04:00,42.09000015258789,42.150001525878906,41.77000045776367,41.8650016784668,17330,0.0,0.0
2024-04-17 14:30:00-04:00,41.779998779296875,42.0,41.349998474121094,41.3849983215332,25691,0.0,0.0
2024-04-17 15:30:00-04:00,41.38249969482422,41.65999984741211,41.189998626708984,41.220001220703125,77675,0.0,0.0
2024-04-18 09:30:00-04:00,41.5099983215332,41.81999969482422,41.159400939941406,41.44499969482422,12887,0.0,0.0
2024-04-18 10:30:00-04:00,41.709999084472656,42.02000045776367,41.709999084472656,41.775001525878906,4606,0.0,0.0
2024-04-18 11:30:00-04:00,41.619998931884766,41.67890167236328,41.22999954223633,41.540000915527344,13263,0.0,0.0
2024-04-18 12:30:00-04:00,41.5099983215332,41.619998931884766,41.380001068115234,41.47999954223633,12459,0.0,0.0
2024-04-18 13:30:00-04:00,41.45000076293945,41.56999969482422,41.36000061035156,41.380001068115234,7737,0.0,0.0
2024-04-18 14:30:00-04:00,41.400001525878906,41.47999954223633,41.27000045776367,41.33000183105469,27224,0.0,0.0
2024-04-18 15:30:00-04:00,41.334999084472656,41.779998779296875,41.25,41.68000030517578,141444,0.0,0.0
2024-04-19 09:30:00-04:00,41.709999084472656,42.900001525878906,41.709999084472656,42.88999938964844,41627,0.0,0.0
2024-04-19 10:30:00-04:00,42.888999938964844,42.888999938964844,42.47999954223633,42.47999954223633,13475,0.0,0.0
2024-04-19 11:30:00-04:00,42.5,42.529998779296875,42.20500183105469,42.27000045776367,29157,0.0,0.0
2024-04-19 12:30:00-04:00,42.2599983215332,42.650001525878906,42.040000915527344,42.529998779296875,26226,0.0,0.0
2024-04-19 13:30:00-04:00,42.5,42.599998474121094,42.27000045776367,42.27000045776367,17609,0.0,0.0
2024-04-19 14:30:00-04:00,42.290000915527344,42.52000045776367,42.22999954223633,42.47999954223633,19816,0.0,0.0
2024-04-19 15:30:00-04:00,42.5,42.79499816894531,42.369998931884766,42.75899887084961,23527,0.0,0.0
2024-04-22 09:30:00-04:00,42.779998779296875,43.18000030517578,42.67499923706055,42.93429946899414,6300,0.0,0.0
2024-04-22 10:30:00-04:00,43.02000045776367,43.07500076293945,42.70000076293945,42.7400016784668,8970,0.0,0.0
2024-04-22 11:30:00-04:00,42.709999084472656,42.8650016784668,42.625,42.84000015258789,4566,0.0,0.0
2024-04-22 12:30:00-04:00,42.849998474121094,42.94499969482422,42.75,42.849998474121094,6348,0.0,0.0
2024-04-22 13:30:00-04:00,42.83000183105469,42.83000183105469,42.56999969482422,42.64500045776367,9993,0.0,0.0
2024-04-22 14:30:00-04:00,42.66999816894531,42.66999816894531,42.34000015258789,42.3650016784668,11945,0.0,0.0
2024-04-22 15:30:00-04:00,42.28499984741211,42.40999984741211,42.02000045776367,42.099998474121094,30454,0.0,0.0
2024-04-23 09:30:00-04:00,42.130001068115234,42.91999816894531,42.130001068115234,42.599998474121094,8148,0.0,0.0
2024-04-23 10:30:00-04:00,42.584999084472656,42.69499969482422,42.38999938964844,42.65999984741211,8647,0.0,0.0
2024-04-23 11:30:00-04:00,42.599998474121094,42.599998474121094,42.32500076293945,42.4474983215332,6797,0.0,0.0
2024-04-23 12:30:00-04:00,42.47999954223633,42.720001220703125,42.43000030517578,42.689998626708984,7346,0.0,0.0
2024-04-23 13:30:00-04:00,42.66999816894531,42.68000030517578,42.5,42.64500045776367,15190,0.0,0.0
2024-04-23 14:30:00-04:00,42.59000015258789,42.689998626708984,42.375,42.439998626708984,12919,0.0,0.0
2024-04-23 15:30:00-04:00,42.459999084472656,42.61000061035156,42.41999816894531,42.439998626708984,19797,0.0,0.0
2024-04-24 09:30:00-04:00,42.18000030517578,42.82749938964844,42.18000030517578,42.52000045776367,10751,0.0,0.0
2024-04-24 10:30:00-04:00,42.40999984741211,42.40999984741211,42.04999923706055,42.22999954223633,6159,0.0,0.0
2024-04-24 11:30:00-04:00,42.334999084472656,42.38999938964844,42.13999938964844,42.34000015258789,4919,0.0,0.0
2024-04-24 12:30:00-04:00,42.209999084472656,42.61000061035156,42.209999084472656,42.540000915527344,7291,0.0,0.0
2024-04-24 13:30:00-04:00,42.54999923706055,42.650001525878906,42.38999938964844,42.61000061035156,9176,0.0,0.0
2024-04-24 14:30:00-04:00,42.60499954223633,42.959999084472656,42.54499816894531,42.95000076293945,13353,0.0,0.0
2024-04-24 15:30:00-04:00,42.97999954223633,43.22999954223633,42.939998626708984,42.9900016784668,31129,0.0,0.0
2024-04-25 09:30:00-04:00,42.790000915527344,42.790000915527344,42.27000045776367,42.7599983215332,8338,0.0,0.0
2024-04-25 10:30:00-04:00,42.959999084472656,43.130001068115234,42.73500061035156,42.76499938964844,18146,0.0,0.0
2024-04-25 11:30:00-04:00,42.72999954223633,42.75,42.30500030517578,42.30500030517578,7425,0.0,0.0
2024-04-25 12:30:00-04:00,42.27000045776367,42.37990188598633,41.84000015258789,41.904998779296875,13389,0.0,0.0
2024-04-25 13:30:00-04:00,41.93000030517578,42.18000030517578,41.85499954223633,41.90999984741211,9380,0.0,0.0
2024-04-25 14:30:00-04:00,41.93000030517578,42.130001068115234,41.92499923706055,41.9900016784668,15106,0.0,0.0
2024-04-25 15:30:00-04:00,41.959999084472656,41.959999084472656,41.63999938964844,41.75,39541,0.0,0.0
2024-04-26 09:30:00-04:00,41.68000030517578,42.11000061035156,41.63999938964844,41.63999938964844,13466,0.0,0.0
2024-04-26 10:30:00-04:00,41.57500076293945,41.65999984741211,41.310001373291016,41.35499954223633,16167,0.0,0.0
2024-04-26 11:30:00-04:00,41.349998474121094,41.400001525878906,41.20000076293945,41.36000061035156,15868,0.0,0.0
2024-04-26 12:30:00-04:00,41.310001373291016,41.317501068115234,41.20000076293945,41.244998931884766,16621,0.0,0.0
2024-04-26 13:30:00-04:00,41.244998931884766,41.29999923706055,41.16999816894531,41.16999816894531,8153,0.0,0.0
2024-04-26 14:30:00-04:00,41.185001373291016,41.56999969482422,41.165000915527344,41.54499816894531,19374,0.0,0.0
2024-04-26 15:30:00-04:00,41.52000045776367,41.689998626708984,41.29499816894531,41.560001373291016,41740,0.0,0.0
2024-04-29 09:30:00-04:00,42.8849983215332,42.8849983215332,42.02000045776367,42.119998931884766,124907,0.0,0.0
2024-04-29 10:30:00-04:00,41.97999954223633,42.470001220703125,41.95000076293945,42.314998626708984,7845,0.0,0.0
2024-04-29 11:30:00-04:00,42.41999816894531,42.41999816894531,42.20000076293945,42.314998626708984,7860,0.0,0.0
2024-04-29 12:30:00-04:00,42.470001220703125,42.56999969482422,42.34000015258789,42.56999969482422,4891,0.0,0.0
2024-04-29 13:30:00-04:00,42.72999954223633,42.72999954223633,42.40999984741211,42.42499923706055,13453,0.0,0.0
2024-04-29 14:30:00-04:00,42.38999938964844,42.529998779296875,42.150001525878906,42.150001525878906,15898,0.0,0.0
2024-04-29 15:30:00-04:00,42.15999984741211,42.279998779296875,42.02000045776367,42.029998779296875,75326,0.0,0.0
2024-04-30 09:30:00-04:00,41.70000076293945,41.81999969482422,41.25,41.44499969482422,6984,0.0,0.0
2024-04-30 10:30:00-04:00,41.505001068115234,41.5099983215332,41.150001525878906,41.290000915527344,8664,0.0,0.0
2024-04-30 11:30:00-04:00,41.244998931884766,41.36000061035156,41.22999954223633,41.33000183105469,5619,0.0,0.0
2024-04-30 12:30:00-04:00,41.29999923706055,41.44499969482422,41.25,41.44499969482422,5877,0.0,0.0
2024-04-30 13:30:00-04:00,41.36000061035156,41.45500183105469,41.16999816894531,41.16999816894531,10039,0.0,0.0
2024-04-30 14:30:00-04:00,41.040000915527344,41.20000076293945,40.88999938964844,41.20000076293945,12331,0.0,0.0
2024-04-30 15:30:00-04:00,41.18000030517578,41.18000030517578,40.93000030517578,41.09000015258789,22284,0.0,0.0
2024-05-01 09:30:00-04:00,41.22999954223633,42.38999938964844,40.849998474121094,41.23500061035156,10875,0.0,0.0
2024-05-01 10:30:00-04:00,41.02000045776367,41.58000183105469,41.02000045776367,41.58000183105469,11894,0.0,0.0
2024-05-01 11:30:00-04:00,41.4900016784668,41.57500076293945,41.439998626708984,41.51499938964844,6568,0.0,0.0
2024-05-01 12:30:00-04:00,41.525001525878906,41.77000045776367,41.525001525878906,41.68000030517578,5762,0.0,0.0
2024-05-01 13:30:00-04:00,41.57500076293945,41.720001220703125,41.55289840698242,41.71649932861328,8024,0.0,0.0
2024-05-01 14:30:00-04:00,41.79999923706055,42.529998779296875,41.709999084472656,42.31999969482422,17914,0.0,0.0
2024-05-01 15:30:00-04:00,42.130001068115234,42.154998779296875,41.689998626708984,41.849998474121094,35829,0.0,0.0
2024-05-02 09:30:00-04:00,42.310001373291016,42.310001373291016,41.88999938964844,42.220001220703125,15583,0.0,0.0
2024-05-02 10:30:00-04:00,42.220001220703125,42.220001220703125,42.029998779296875,42.05500030517578,8450,0.0,0.0
2024-05-02 11:30:00-04:00,42.02000045776367,42.189998626708984,41.9900016784668,42.154998779296875,8399,0.0,0.0
2024-05-02 12:30:00-04:00,42.084999084472656,42.22990036010742,42.025001525878906,42.1349983215332,6941,0.0,0.0
2024-05-02 13:30:00-04:00,42.189998626708984,42.29999923706055,42.150001525878906,42.29499816894531,5885,0.0,0.0
2024-05-02 14:30:00-04:00,42.25,42.65999984741211,42.25,42.470001220703125,21151,0.0,0.0
2024-05-02 15:30:00-04:00,42.45000076293945,42.5,42.29999923706055,42.470001220703125,20431,0.0,0.0
2024-05-03 09:30:00-04:00,43.220001220703125,43.2400016784668,42.959999084472656,43.16999816894531,74151,0.0,0.0
2024-05-03 10:30:00-04:00,43.060001373291016,43.3650016784668,43.05500030517578,43.3650016784668,5744,0.0,0.0
2024-05-03 11:30:00-04:00,43.36000061035156,43.36000061035156,43.025001525878906,43.31999969482422,6293,0.0,0.0
2024-05-03 12:30:00-04:00,43.400001525878906,43.404998779296875,43.27000045776367,43.33000183105469,4381,0.0,0.0
2024-05-03 13:30:00-04:00,43.2599983215332,43.404998779296875,43.2400016784668,43.36000061035156,5659,0.0,0.0
2024-05-03 14:30:00-04:00,43.310001373291016,43.369998931884766,42.96070098876953,43.040000915527344,13599,0.0,0.0
2024-05-03 15:30:00-04:00,43.0,43.11000061035156,42.81999969482422,42.81999969482422,26153,0.0,0.0
2024-05-06 09:30:00-04:00,43.349998474121094,43.400001525878906,43.209999084472656,43.209999084472656,6866,0.0,0.0
2024-05-06 10:30:00-04:00,43.34000015258789,43.380001068115234,42.81999969482422,43.33000183105469,6466,0.0,0.0
2024-05-06 11:30:00-04:00,43.29499816894531,43.657501220703125,43.29499816894531,43.60499954223633,11505,0.0,0.0
2024-05-06 12:30:00-04:00,43.6150016784668,43.68989944458008,43.45000076293945,43.54499816894531,11301,0.0,0.0
2024-05-06 13:30:00-04:00,43.54999923706055,43.66999816894531,43.45000076293945,43.65999984741211,16712,0.0,0.0
2024-05-06 14:30:00-04:00,43.60499954223633,43.7338981628418,43.45500183105469,43.47999954223633,25827,0.0,0.0
2024-05-06 15:30:00-04:00,43.417999267578125,43.560001373291016,43.27000045776367,43.33000183105469,131285,0.0,0.0
2024-05-07 09:30:00-04:00,43.52000045776367,44.099998474121094,43.400001525878906,43.869998931884766,60318,0.0,0.0
2024-05-07 10:30:00-04:00,44.084999084472656,44.16999816894531,43.84000015258789,43.84000015258789,12473,0.0,0.0
2024-05-07 11:30:00-04:00,43.83000183105469,43.904998779296875,43.71500015258789,43.834999084472656,10011,0.0,0.0
2024-05-07 12:30:00-04:00,43.82500076293945,43.82500076293945,43.33000183105469,43.47999954223633,17887,0.0,0.0
2024-05-07 13:30:00-04:00,43.41999816894531,43.5,43.13999938964844,43.345001220703125,23414,0.0,0.0
2024-05-07 14:30:00-04:00,43.34000015258789,43.61000061035156,43.279998779296875,43.279998779296875,29553,0.0,0.0
2024-05-07 15:30:00-04:00,43.312599182128906,43.439998626708984,42.849998474121094,42.97999954223633,66018,0.0,0.0
2024-05-08 09:30:00-04:00,42.59000015258789,43.369998931884766,42.52000045776367,43.369998931884766,14713,0.0,0.0
2024-05-08 10:30:00-04:00,43.29499816894531,43.61000061035156,43.29499816894531,43.540000915527344,7804,0.0,0.0
2024-05-08 11:30:00-04:00,43.650001525878906,43.650001525878906,43.5,43.56999969482422,5319,0.0,0.0
2024-05-08 12:30:00-04:00,43.560001373291016,43.880001068115234,43.3849983215332,43.880001068115234,8852,0.0,0.0
2024-05-08 13:30:00-04:00,43.88990020751953,43.88990020751953,43.310001373291016,43.38999938964844,36466,0.0,0.0
2024-05-08 14:30:00-04:00,43.400001525878906,43.439998626708984,42.869998931884766,43.08000183105469,22340,0.0,0.0
2024-05-08 15:30:00-04:00,43.095001220703125,43.189998626708984,42.970001220703125,43.150001525878906,28557,0.0,0.0
2024-05-09 09:30:00-04:00,45.099998474121094,47.86000061035156,45.099998474121094,47.290000915527344,56369,0.0,0.0
2024-05-09 10:30:00-04:00,47.22999954223633,47.84000015258789,46.72999954223633,47.459999084472656,28291,0.0,0.0
2024-05-09 11:30:00-04:00,47.45000076293945,47.650001525878906,47.22999954223633,47.310001373291016,62007,0.0,0.0
2024-05-09 12:30:00-04:00,47.2599983215332,48.400001525878906,47.2599983215332,48.185001373291016,23475,0.0,0.0
2024-05-09 13:30:00-04:00,48.22999954223633,48.584999084472656,48.09000015258789,48.52000045776367,32614,0.0,0.0
2024-05-09 14:30:00-04:00,48.5,48.755001068115234,48.119998931884766,48.564998626708984,48057,0.0,0.0
2024-05-09 15:30:00-04:00,48.5,48.53499984741211,48.029998779296875,48.099998474121094,111072,0.0,0.0
2024-05-10 09:30:00-04:00,47.709999084472656,48.0,47.31999969482422,47.560001373291016,9877,0.0,0.0
2024-05-10 10:30:00-04:00,47.40999984741211,47.459999084472656,46.939998626708984,47.13999938964844,7688,0.0,0.0
2024-05-10 11:30:00-04:00,47.04999923706055,47.04999923706055,46.810001373291016,46.93000030517578,7165,0.0,0.0
2024-05-10 12:30:00-04:00,46.85499954223633,46.85499954223633,46.630001068115234,46.630001068115234,5004,0.0,0.0
2024-05-10 13:30:00-04:00,46.65999984741211,47.22999954223633,46.540000915527344,47.22999954223633,46692,0.0,0.0
2024-05-10 14:30:00-04:00,47.189998626708984,47.27000045776367,46.939998626708984,47.27000045776367,13989,0.0,0.0
2024-05-10 15:30:00-04:00,47.31999969482422,47.31999969482422,46.880001068115234,47.029998779296875,29486,0.0,0.0
2024-05-13 09:30:00-04:00,47.4900016784668,48.0,47.4900016784668,47.849998474121094,5731,0.0,0.0
2024-05-13 10:30:00-04:00,47.91999816894531,47.994998931884766,47.47999954223633,47.56999969482422,6194,0.0,0.0
2024-05-13 11:30:00-04:00,47.38999938964844,47.459999084472656,47.22999954223633,47.22999954223633,6185,0.0,0.0
2024-05-13 12:30:00-04:00,47.220001220703125,47.29999923706055,47.01499938964844,47.01499938964844,7496,0.0,0.0
2024-05-13 13:30:00-04:00,47.02000045776367,47.33000183105469,47.02000045776367,47.33000183105469,9669,0.0,0.0
2024-05-13 14:30:00-04:00,47.369998931884766,47.41999816894531,47.150001525878906,47.279998779296875,11618,0.0,0.0
2024-05-13 15:30:00-04:00,47.28499984741211,47.43000030517578,47.279998779296875,47.36000061035156,25128,0.0,0.0
2024-05-14 09:30:00-04:00,47.849998474121094,48.2599983215332,47.5099983215332,48.1150016784668,9464,0.0,0.0
2024-05-14 10:30:00-04:00,48.099998474121094,48.150001525878906,47.7599983215332,47.80500030517578,4241,0.0,0.0
2024-05-14 11:30:00-04:00,47.70000076293945,47.81999969482422,47.45000076293945,47.45000076293945,5781,0.0,0.0
2024-05-14 12:30:00-04:00,47.453399658203125,47.54999923706055,46.97999954223633,46.97999954223633,7248,0.0,0.0
2024-05-14 13:30:00-04:00,46.939998626708984,47.01499938964844,46.75,46.93000030517578,9205,0.0,0.0
2024-05-14 14:30:00-04:00,47.0,47.125,46.56999969482422,46.599998474121094,23514,0.0,0.0
2024-05-14 15:30:00-04:00,46.60499954223633,46.92499923706055,46.60499954223633,46.810001373291016,41541,0.0,0.0
2024-05-15 09:30:00-04:00,47.025001525878906,47.025001525878906,46.779998779296875,46.9900016784668,12824,0.0,0.0
2024-05-15 10:30:00-04:00,46.93000030517578,46.93000030517578,46.755001068115234,46.755001068115234,2009,0.0,0.0
2024-05-15 11:30:00-04:00,46.849998474121094,46.935001373291016,46.66999816894531,46.70500183105469,8370,0.0,0.0
2024-05-15 12:30:00-04:00,46.67499923706055,46.77000045776367,46.654998779296875,46.654998779296875,3174,0.0,0.0
2024-05-15 13:30:00-04:00,46.4900016784668,46.849998474121094,46.4900016784668,46.810001373291016,8990,0.0,0.0
2024-05-15 14:30:00-04:00,46.849998474121094,46.900001525878906,46.68000030517578,46.86000061035156,5552,0.0,0.0
2024-05-15 15:30:00-04:00,46.70000076293945,46.75,46.6349983215332,46.650001525878906,20296,0.0,0.0
2024-05-16 09:30:00-04:00,46.52000045776367,47.09000015258789,46.31999969482422,46.709999084472656,20602,0.0,0.0
2024-05-16 10:30:00-04:00,46.7599983215332,46.939998626708984,46.755001068115234,46.7599983215332,2409,0.0,0.0
2024-05-16 11:30:00-04:00,46.81990051269531,46.849998474121094,46.709999084472656,46.720001220703125,6220,0.0,0.0
2024-05-16 12:30:00-04:00,46.709999084472656,46.77000045776367,46.70500183105469,46.709999084472656,4342,0.0,0.0
2024-05-16 13:30:00-04:00,46.72999954223633,46.7599983215332,46.63999938964844,46.68000030517578,15260,0.0,0.0
2024-05-16 14:30:00-04:00,46.75,46.810001373291016,46.650001525878906,46.810001373291016,7353,0.0,0.0
2024-05-16 15:30:00-04:00,46.7599983215332,46.775001525878906,46.529998779296875,46.54999923706055,23408,0.0,0.0
2024-05-17 09:30:00-04:00,46.810001373291016,46.810001373291016,46.599998474121094,46.724998474121094,8430,0.0,0.0
2024-05-17 10:30:00-04:00,46.59000015258789,46.75,46.56999969482422,46.595001220703125,4193,0.0,0.0
2024-05-17 11:30:00-04:00,46.540000915527344,46.66999816894531,46.290000915527344,46.599998474121094,9311,0.0,0.0
2024-05-17 12:30:00-04:00,46.4900016784668,46.4900016784668,46.459999084472656,46.459999084472656,2018,0.0,0.0
2024-05-17 13:30:00-04:00,46.3650016784668,46.47999954223633,46.264801025390625,46.47999954223633,16939,0.0,0.0
2024-05-17 14:30:00-04:00,46.47999954223633,46.880001068115234,46.459999084472656,46.790000915527344,61560,0.0,0.0
2024-05-17 15:30:00-04:00,46.810001373291016,47.08000183105469,46.650001525878906,47.0,49545,0.0,0.0
2024-05-20 09:30:00-04:00,47.0,47.0,46.77000045776367,46.849998474121094,6538,0.0,0.0
2024-05-20 10:30:00-04:00,46.349998474121094,46.5,46.349998474121094,46.5,1645,0.0,0.0
2024-05-20 11:30:00-04:00,46.4202995300293,46.4473991394043,45.93000030517578,45.93000030517578,3844,0.0,0.0
2024-05-20 12:30:00-04:00,45.77000045776367,45.77000045776367,45.619998931884766,45.619998931884766,3297,0.0,0.0
2024-05-20 13:30:00-04:00,45.717498779296875,45.717498779296875,45.400001525878906,45.400001525878906,5462,0.0,0.0
2024-05-20 14:30:00-04:00,45.16999816894531,45.439998626708984,45.0099983215332,45.43000030517578,13189,0.0,0.0
2024-05-20 15:30:00-04:00,45.130001068115234,45.130001068115234,44.709999084472656,44.78300094604492,22347,0.0,0.0
2024-05-21 09:30:00-04:00,44.599998474121094,44.689998626708984,44.45500183105469,44.61000061035156,5442,0.0,0.0
2024-05-21 10:30:00-04:00,44.40999984741211,44.5,44.26499938964844,44.349998474121094,2050,0.0,0.0
2024-05-21 11:30:00-04:00,44.244998931884766,44.349998474121094,44.244998931884766,44.349998474121094,1060,0.0,0.0
2024-05-21 12:30:00-04:00,44.314998626708984,44.314998626708984,44.14500045776367,44.14500045776367,3141,0.0,0.0
2024-05-21 13:30:00-04:00,44.05080032348633,44.3567008972168,44.05080032348633,44.310001373291016,9039,0.0,0.0
2024-05-21 14:30:00-04:00,44.310001373291016,44.470001220703125,44.27000045776367,44.27000045776367,7343,0.0,0.0
2024-05-21 15:30:00-04:00,44.30500030517578,44.380001068115234,44.08000183105469,44.15999984741211,14776,0.0,0.0
2024-05-22 09:30:00-04:00,43.9900016784668,44.0,43.810001373291016,43.869998931884766,12674,0.0,0.0
2024-05-22 10:30:00-04:00,43.93000030517578,44.03499984741211,43.65999984741211,44.02000045776367,18627,0.0,0.0
2024-05-22 11:30:00-04:00,44.02000045776367,44.185001373291016,43.81999969482422,44.130001068115234,17164,0.0,0.0
2024-05-22 12:30:00-04:00,44.130001068115234,44.2400016784668,44.09000015258789,44.09000015258789,7585,0.0,0.0
2024-05-22 13:30:00-04:00,44.189998626708984,44.33000183105469,44.06999969482422,44.099998474121094,15530,0.0,0.0
2024-05-22 14:30:00-04:00,44.029998779296875,44.71500015258789,44.02000045776367,44.70000076293945,29520,0.0,0.0
2024-05-22 15:30:00-04:00,44.779998779296875,44.849998474121094,44.459999084472656,44.4900016784668,70393,0.0,0.0
2024-05-23 09:30:00-04:00,44.529998779296875,45.040000915527344,44.130001068115234,44.279998779296875,9069,0.0,0.0
2024-05-23 10:30:00-04:00,44.290000915527344,44.560001373291016,44.119998931884766,44.40999984741211,12535,0.0,0.0
2024-05-23 11:30:00-04:00,44.5,44.54999923706055,44.279998779296875,44.400001525878906,8329,0.0,0.0
2024-05-23 12:30:00-04:00,44.09000015258789,44.09000015258789,44.0,44.0,3649,0.0,0.0
2024-05-23 13:30:00-04:00,43.36000061035156,43.75,43.33000183105469,43.595001220703125,12561,0.0,0.0
2024-05-23 14:30:00-04:00,43.709999084472656,43.72999954223633,43.51359939575195,43.51359939575195,6514,0.0,0.0
2024-05-23 15:30:00-04:00,43.33000183105469,43.720001220703125,43.189998626708984,43.63999938964844,41140,0.0,0.0
2024-05-24 09:30:00-04:00,44.22999954223633,44.22999954223633,43.65999984741211,43.8849983215332,4924,0.0,0.0
2024-05-24 10:30:00-04:00,43.810001373291016,43.915000915527344,43.720001220703125,43.720001220703125,5711,0.0,0.0
2024-05-24 11:30:00-04:00,43.7400016784668,43.93000030517578,43.7400016784668,43.81999969482422,15608,0.0,0.0
2024-05-24 12:30:00-04:00,43.81999969482422,43.81999969482422,43.47999954223633,43.540000915527344,5561,0.0,0.0
2024-05-24 13:30:00-04:00,43.5,43.619998931884766,43.5,43.54999923706055,2537,0.0,0.0
2024-05-24 14:30:00-04:00,43.53499984741211,43.880001068115234,43.529998779296875,43.77000045776367,15342,0.0,0.0
2024-05-24 15:30:00-04:00,43.83000183105469,43.939998626708984,43.75,43.77000045776367,23189,0.0,0.0
2024-05-28 09:30:00-04:00,43.939998626708984,44.904998779296875,43.939998626708984,44.04999923706055,25210,0.0,0.0
2024-05-28 10:30:00-04:00,44.05500030517578,44.5,43.93000030517578,44.36000061035156,8529,0.0,0.0
2024-05-28 11:30:00-04:00,44.48500061035156,44.48500061035156,44.22999954223633,44.375,7431,0.0,0.0
2024-05-28 12:30:00-04:00,44.380001068115234,44.602500915527344,44.369998931884766,44.5,10942,0.0,0.0
2024-05-28 13:30:00-04:00,44.5,44.7599983215332,44.345001220703125,44.61000061035156,11473,0.0,0.0
2024-05-28 14:30:00-04:00,44.540000915527344,44.599998474121094,44.29999923706055,44.29999923706055,11497,0.0,0.0
2024-05-28 15:30:00-04:00,44.310001373291016,44.459999084472656,44.25080108642578,44.33000183105469,16247,0.0,0.0
2024-05-29 09:30:00-04:00,43.47999954223633,43.54999923706055,43.1150016784668,43.51499938964844,7697,0.0,0.0
2024-05-29 10:30:00-04:00,43.56999969482422,43.72999954223633,43.5,43.72999954223633,2940,0.0,0.0
2024-05-29 11:30:00-04:00,43.75,43.75,43.53499984741211,43.60499954223633,6519,0.0,0.0
2024-05-29 12:30:00-04:00,43.54999923706055,43.779998779296875,43.51499938964844,43.68000030517578,5530,0.0,0.0
2024-05-29 13:30:00-04:00,43.900001525878906,43.95500183105469,43.59040069580078,43.59040069580078,4904,0.0,0.0
2024-05-29 14:30:00-04:00,43.7400016784668,43.76499938964844,43.63999938964844,43.685001373291016,10410,0.0,0.0
2024-05-29 15:30:00-04:00,43.650001525878906,43.68000030517578,43.380001068115234,43.380001068115234,17312,0.0,0.0
2024-05-30 09:30:00-04:00,43.540000915527344,43.619998931884766,43.404998779296875,43.557498931884766,10027,0.0,0.0
2024-05-30 10:30:00-04:00,43.564998626708984,43.79999923706055,43.564998626708984,43.79999923706055,5815,0.0,0.0
2024-05-30 11:30:00-04:00,43.77000045776367,43.900001525878906,43.77000045776367,43.900001525878906,4023,0.0,0.0
2024-05-30 12:30:00-04:00,44.34000015258789,44.34000015258789,43.83000183105469,43.83000183105469,8259,0.0,0.0
2024-05-30 13:30:00-04:00,43.93000030517578,44.025001525878906,43.93000030517578,43.95000076293945,3002,0.0,0.0
2024-05-30 14:30:00-04:00,43.900001525878906,44.09000015258789,43.86000061035156,44.0099983215332,7159,0.0,0.0
2024-05-30 15:30:00-04:00,44.029998779296875,44.04499816894531,43.599998474121094,43.72999954223633,26532,0.0,0.0
2024-05-31 09:30:00-04:00,43.900001525878906,44.400001525878906,43.75,44.16999816894531,10757,0.0,0.0
2024-05-31 10:30:00-04:00,44.029998779296875,44.46500015258789,44.029998779296875,44.220001220703125,2265,0.0,0.0
2024-05-31 11:30:00-04:00,44.220001220703125,44.2599983215332,44.099998474121094,44.125,2247,0.0,0.0
2024-05-31 12:30:00-04:00,44.099998474121094,44.33000183105469,44.09000015258789,44.33000183105469,4700,0.0,0.0
2024-05-31 13:30:00-04:00,44.439998626708984,44.529998779296875,44.400001525878906,44.435001373291016,3716,0.0,0.0
2024-05-31 14:30:00-04:00,44.349998474121094,44.349998474121094,43.689998626708984,43.752498626708984,5961,0.0,0.0
2024-05-31 15:30:00-04:00,43.76499938964844,44.2599983215332,43.76499938964844,44.09000015258789,24487,0.0,0.0
2024-06-03 09:30:00-04:00,44.65999984741211,44.65999984741211,43.560001373291016,44.0,4151,0.0,0.0
2024-06-03 10:30:00-04:00,43.779998779296875,43.779998779296875,43.369998931884766,43.44499969482422,4466,0.0,0.0
2024-06-03 11:30:00-04:00,43.44499969482422,43.4900016784668,43.400001525878906,43.400001525878906,3137,0.0,0.0
2024-06-03 12:30:00-04:00,43.39500045776367,43.4900016784668,43.38999938964844,43.45000076293945,6612,0.0,0.0
2024-06-03 13:30:00-04:00,43.529998779296875,43.69499969482422,43.51499938964844,43.69499969482422,2991,0.0,0.0
2024-06-03 14:30:00-04:00,43.709999084472656,43.709999084472656,43.52000045776367,43.54999923706055,5564,0.0,0.0
2024-06-03 15:30:00-04:00,43.55289840698242,43.810001373291016,43.45000076293945,43.810001373291016,27119,0.0,0.0
2024-06-04 09:30:00-04:00,43.91999816894531,44.11000061035156,42.97999954223633,43.91999816894531,7951,0.0,0.0
2024-06-04 10:30:00-04:00,43.959999084472656,44.15250015258789,43.86040115356445,43.88019943237305,3183,0.0,0.0
2024-06-04 11:30:00-04:00,43.790000915527344,44.20000076293945,43.790000915527344,44.20000076293945,9146,0.0,0.0
2024-06-04 12:30:00-04:00,44.16999816894531,44.16999816894531,43.970001220703125,44.029998779296875,3970,0.0,0.0
2024-06-04 13:30:00-04:00,44.060001373291016,44.25,44.060001373291016,44.25,5715,0.0,0.0
2024-06-04 14:30:00-04:00,44.20000076293945,44.369998931884766,44.18000030517578,44.310001373291016,12767,0.0,0.0
2024-06-04 15:30:00-04:00,44.380001068115234,44.38999938964844,44.084999084472656,44.19499969482422,29317,0.0,0.0
2024-06-05 09:30:00-04:00,44.150001525878906,44.310001373291016,44.04999923706055,44.29999923706055,5641,0.0,0.0
2024-06-05 10:30:00-04:00,44.5099983215332,44.525001525878906,44.25,44.36000061035156,8060,0.0,0.0
2024-06-05 11:30:00-04:00,44.630001068115234,44.68000030517578,44.38999938964844,44.38999938964844,4585,0.0,0.0
2024-06-05 12:30:00-04:00,44.18000030517578,44.29999923706055,44.08290100097656,44.08290100097656,3172,0.0,0.0
2024-06-05 13:30:00-04:00,44.16999816894531,44.290000915527344,44.16999816894531,44.290000915527344,2817,0.0,0.0
2024-06-05 14:30:00-04:00,44.31999969482422,44.43000030517578,44.290000915527344,44.290000915527344,4867,0.0,0.0
2024-06-05 15:30:00-04:00,44.23500061035156,44.23500061035156,43.970001220703125,44.0,20642,0.0,0.0
2024-06-06 09:30:00-04:00,43.81999969482422,43.81999969482422,43.31999969482422,43.31999969482422,10334,0.0,0.0
2024-06-06 10:30:00-04:00,42.95000076293945,43.04999923706055,42.8849983215332,42.9900016784668,5832,0.0,0.0
2024-06-06 11:30:00-04:00,42.81999969482422,42.932701110839844,42.66999816894531,42.720001220703125,7280,0.0,0.0
2024-06-06 12:30:00-04:00,42.83000183105469,42.959999084472656,42.814998626708984,42.880001068115234,8242,0.0,0.0
2024-06-06 13:30:00-04:00,42.97999954223633,42.97999954223633,42.6150016784668,42.66999816894531,8716,0.0,0.0
2024-06-06 14:30:00-04:00,42.599998474121094,42.869998931884766,42.540000915527344,42.83000183105469,13505,0.0,0.0
2024-06-06 15:30:00-04:00,42.810001373291016,42.810001373291016,42.47999954223633,42.59000015258789,48424,0.0,0.0
2024-06-07 09:30:00-04:00,42.099998474121094,42.599998474121094,42.0,42.595001220703125,5479,0.0,0.0
2024-06-07 10:30:00-04:00,42.599998474121094,42.650001525878906,42.0099983215332,42.40999984741211,11697,0.0,0.0
2024-06-07 11:30:00-04:00,42.36000061035156,42.77000045776367,42.36000061035156,42.654998779296875,13878,0.0,0.0
2024-06-07 12:30:00-04:00,42.54999923706055,42.814998626708984,42.43000030517578,42.625,12127,0.0,0.0
2024-06-07 13:30:00-04:00,42.625,42.72999954223633,42.39500045776367,42.720001220703125,17038,0.0,0.0
2024-06-07 14:30:00-04:00,42.665000915527344,42.70000076293945,42.459999084472656,42.54999923706055,12537,0.0,0.0
2024-06-07 15:30:00-04:00,42.58000183105469,42.86000061035156,42.54999923706055,42.779998779296875,18255,0.0,0.0
2024-06-10 09:30:00-04:00,42.150001525878906,42.59000015258789,41.540000915527344,42.185001373291016,15124,0.0,0.0
2024-06-10 10:30:00-04:00,42.08000183105469,42.41999816894531,41.834999084472656,42.13999938964844,7408,0.0,0.0
2024-06-10 11:30:00-04:00,42.13999938964844,42.290000915527344,42.029998779296875,42.209999084472656,4900,0.0,0.0
2024-06-10 12:30:00-04:00,42.20000076293945,42.20000076293945,42.04999923706055,42.16999816894531,4092,0.0,0.0
2024-06-10 13:30:00-04:00,42.15999984741211,42.22990036010742,42.06999969482422,42.14500045776367,5657,0.0,0.0
2024-06-10 14:30:00-04:00,42.07500076293945,42.14500045776367,41.75669860839844,41.83000183105469,15065,0.0,0.0
2024-06-10 15:30:00-04:00,41.755001068115234,41.755001068115234,41.439998626708984,41.599998474121094,22527,0.0,0.0
2024-06-11 09:30:00-04:00,41.06999969482422,41.31999969482422,40.67499923706055,41.244998931884766,12450,0.0,0.0
2024-06-11 10:30:00-04:00,41.150001525878906,41.23500061035156,40.9900016784668,41.19499969482422,7834,0.0,0.0
2024-06-11 11:30:00-04:00,41.27000045776367,41.46500015258789,41.209999084472656,41.41579818725586,7751,0.0,0.0
2024-06-11 12:30:00-04:00,41.5099983215332,41.56999969482422,41.2400016784668,41.25,8691,0.0,0.0
2024-06-11 13:30:00-04:00,41.32500076293945,41.38999938964844,41.13999938964844,41.38999938964844,5554,0.0,0.0
2024-06-11 14:30:00-04:00,41.29999923706055,41.40999984741211,41.27000045776367,41.369998931884766,8073,0.0,0.0
2024-06-11 15:30:00-04:00,41.349998474121094,41.584999084472656,41.349998474121094,41.400001525878906,15471,0.0,0.0
2024-06-12 09:30:00-04:00,42.68000030517578,43.20719909667969,42.68000030517578,43.06999969482422,9298,0.0,0.0
2024-06-12 10:30:00-04:00,43.209999084472656,43.41999816894531,43.08000183105469,43.150001525878906,5297,0.0,0.0
2024-06-12 11:30:00-04:00,43.06999969482422,43.119998931884766,43.06999969482422,43.119998931884766,2897,0.0,0.0
2024-06-12 12:30:00-04:00,43.040000915527344,43.060001373291016,42.90999984741211,42.959999084472656,3894,0.0,0.0
2024-06-12 13:30:00-04:00,42.90879821777344,42.90879821777344,42.540000915527344,42.540000915527344,3146,0.0,0.0
2024-06-12 14:30:00-04:00,42.529998779296875,42.529998779296875,42.029998779296875,42.06999969482422,7400,0.0,0.0
2024-06-12 15:30:00-04:00,41.880001068115234,42.029998779296875,41.787498474121094,41.97999954223633,12514,0.0,0.0
2024-06-13 09:30:00-04:00,41.84000015258789,41.84000015258789,40.959999084472656,40.959999084472656,6065,0.0,0.0
2024-06-13 10:30:00-04:00,40.85499954223633,41.220001220703125,40.84749984741211,40.98500061035156,8318,0.0,0.0
2024-06-13 11:30:00-04:00,40.9900016784668,41.08000183105469,40.7400016784668,40.83000183105469,4483,0.0,0.0
2024-06-13 12:30:00-04:00,40.86000061035156,41.029998779296875,40.790000915527344,40.8849983215332,5453,0.0,0.0
2024-06-13 13:30:00-04:00,40.91999816894531,40.959999084472656,40.63999938964844,40.63999938964844,6015,0.0,0.0
2024-06-13 14:30:00-04:00,40.779998779296875,41.0,40.630001068115234,40.994998931884766,13652,0.0,0.0
2024-06-13 15:30:00-04:00,41.0,41.22999954223633,40.904998779296875,41.10499954223633,27603,0.0,0.0
2024-06-14 09:30:00-04:00,40.47999954223633,40.79999923706055,40.06999969482422,40.650001525878906,13044,0.0,0.0
2024-06-14 10:30:00-04:00,40.45000076293945,40.58000183105469,40.43000030517578,40.58000183105469,8150,0.0,0.0
2024-06-14 11:30:00-04:00,40.56999969482422,40.56999969482422,40.43000030517578,40.45000076293945,5496,0.0,0.0
2024-06-14 12:30:00-04:00,40.45000076293945,40.52000045776367,40.41999816894531,40.4900016784668,13633,0.0,0.0
2024-06-14 13:30:00-04:00,40.529998779296875,40.61000061035156,40.45000076293945,40.470001220703125,11265,0.0,0.0
2024-06-14 14:30:00-04:00,40.529998779296875,40.630001068115234,40.45000076293945,40.599998474121094,16327,0.0,0.0
2024-06-14 15:30:00-04:00,40.54999923706055,40.58000183105469,40.41999816894531,40.459999084472656,35229,0.0,0.0
2024-06-17 09:30:00-04:00,40.36000061035156,40.81999969482422,40.28499984741211,40.470001220703125,11430,0.0,0.0
2024-06-17 10:30:00-04:00,40.415000915527344,40.560001373291016,40.21910095214844,40.560001373291016,13295,0.0,0.0
2024-06-17 11:30:00-04:00,40.709999084472656,40.709999084472656,40.40999984741211,40.52000045776367,6967,0.0,0.0
2024-06-17 12:30:00-04:00,40.529998779296875,40.939998626708984,40.44499969482422,40.939998626708984,9848,0.0,0.0
2024-06-17 13:30:00-04:00,40.875,41.2400016784668,40.875,41.13999938964844,12638,0.0,0.0
2024-06-17 14:30:00-04:00,41.09000015258789,41.22999954223633,41.09000015258789,41.22999954223633,5527,0.0,0.0
2024-06-17 15:30:00-04:00,41.130001068115234,41.369998931884766,41.04999923706055,41.189998626708984,18188,0.0,0.0
2024-06-18 09:30:00-04:00,40.869998931884766,41.38999938964844,40.459999084472656,40.529998779296875,14003,0.0,0.0
2024-06-18 10:30:00-04:00,40.5,40.9900016784668,40.470001220703125,40.9900016784668,4516,0.0,0.0
2024-06-18 11:30:00-04:00,40.88999938964844,40.91999816894531,40.810001373291016,40.81999969482422,3831,0.0,0.0
2024-06-18 12:30:00-04:00,40.810001373291016,40.86000061035156,40.630001068115234,40.86000061035156,10834,0.0,0.0
2024-06-18 13:30:00-04:00,40.97999954223633,41.060001373291016,40.970001220703125,40.97999954223633,4230,0.0,0.0
2024-06-18 14:30:00-04:00,40.97999954223633,41.04999923706055,40.79999923706055,40.810001373291016,10696,0.0,0.0
2024-06-18 15:30:00-04:00,40.790000915527344,41.220001220703125,40.64500045776367,40.974998474121094,29691,0.0,0.0
2024-06-20 09:30:00-04:00,40.91999816894531,42.185001373291016,40.900001525878906,42.185001373291016,24766,0.0,0.0
2024-06-20 10:30:00-04:00,42.08000183105469,42.4119987487793,41.779998779296875,41.779998779296875,15379,0.0,0.0
2024-06-20 11:30:00-04:00,41.904998779296875,42.619998931884766,41.904998779296875,42.0099983215332,16344,0.0,0.0
2024-06-20 12:30:00-04:00,42.095001220703125,42.18000030517578,42.005001068115234,42.099998474121094,12075,0.0,0.0
2024-06-20 13:30:00-04:00,42.119998931884766,42.45500183105469,42.040000915527344,42.040000915527344,12549,0.0,0.0
2024-06-20 14:30:00-04:00,42.099998474121094,42.099998474121094,41.709999084472656,42.04999923706055,13183,0.0,0.0
2024-06-20 15:30:00-04:00,42.040000915527344,42.119998931884766,41.59000015258789,41.86000061035156,58049,0.0,0.0
2024-06-21 09:30:00-04:00,42.060001373291016,42.060001373291016,41.275001525878906,41.6349983215332,49888,0.0,0.0
2024-06-21 10:30:00-04:00,41.59000015258789,41.71500015258789,41.59000015258789,41.65999984741211,1543,0.0,0.0
2024-06-21 11:30:00-04:00,41.665000915527344,42.084999084472656,41.65999984741211,41.98500061035156,8127,0.0,0.0
2024-06-21 12:30:00-04:00,42.130001068115234,42.189998626708984,41.959999084472656,42.189998626708984,9023,0.0,0.0
2024-06-21 13:30:00-04:00,42.2400016784668,42.38999938964844,42.2400016784668,42.279998779296875,12204,0.0,0.0
2024-06-21 14:30:00-04:00,42.33000183105469,42.5,41.91999816894531,42.4900016784668,26960,0.0,0.0
2024-06-21 15:30:00-04:00,42.47999954223633,42.560001373291016,42.279998779296875,42.560001373291016,70901,0.0,0.0
2024-06-24 09:30:00-04:00,42.86000061035156,43.31999969482422,42.560001373291016,42.560001373291016,11220,0.0,0.0
2024-06-24 10:30:00-04:00,42.58000183105469,42.61000061035156,42.220001220703125,42.45000076293945,10608,0.0,0.0
2024-06-24 11:30:00-04:00,42.505001068115234,42.529998779296875,41.779998779296875,42.201499938964844,12704,0.0,0.0
2024-06-24 12:30:00-04:00,42.2599983215332,42.2599983215332,41.56999969482422,41.58000183105469,21331,0.0,0.0
2024-06-24 13:30:00-04:00,41.56999969482422,41.630001068115234,41.29990005493164,41.400001525878906,16440,0.0,0.0
2024-06-24 14:30:00-04:00,41.45500183105469,41.90999984741211,41.45500183105469,41.529998779296875,21444,0.0,0.0
2024-06-24 15:30:00-04:00,41.540000915527344,41.630001068115234,41.2599983215332,41.290000915527344,64903,0.0,0.0
2024-06-25 09:30:00-04:00,41.11000061035156,41.11000061035156,40.7599983215332,40.779998779296875,2866,0.0,0.0
2024-06-25 10:30:00-04:00,40.779998779296875,40.779998779296875,40.439998626708984,40.63999938964844,7476,0.0,0.0
2024-06-25 11:30:00-04:00,40.435001373291016,40.59000015258789,40.435001373291016,40.59000015258789,4663,0.0,0.0
2024-06-25 12:30:00-04:00,40.51499938964844,40.63999938964844,40.39500045776367,40.54999923706055,5489,0.0,0.0
2024-06-25 13:30:00-04:00,40.474998474121094,40.6349983215332,40.474998474121094,40.47999954223633,5959,0.0,0.0
2024-06-25 14:30:00-04:00,40.53499984741211,40.77000045776367,40.42499923706055,40.720001220703125,41788,0.0,0.0
2024-06-25 15:30:00-04:00,40.72999954223633,40.959999084472656,40.34000015258789,40.880001068115234,69584,0.0,0.0
2024-06-26 09:30:00-04:00,40.599998474121094,40.810001373291016,40.58000183105469,40.58000183105469,8028,0.0,0.0
2024-06-26 10:30:00-04:00,40.61000061035156,40.61000061035156,40.36309814453125,40.59000015258789,2761,0.0,0.0
2024-06-26 11:30:00-04:00,40.41999816894531,40.5,40.29499816894531,40.29499816894531,9355,0.0,0.0
2024-06-26 12:30:00-04:00,40.15999984741211,40.15999984741211,39.9900016784668,39.9900016784668,2269,0.0,0.0
2024-06-26 13:30:00-04:00,39.880001068115234,39.900001525878906,39.640098571777344,39.7400016784668,12742,0.0,0.0
2024-06-26 14:30:00-04:00,39.650001525878906,39.915000915527344,39.650001525878906,39.779998779296875,21897,0.0,0.0
2024-06-26 15:30:00-04:00,39.849998474121094,40.0,39.68000030517578,40.0,59831,0.0,0.0
2024-06-27 09:30:00-04:00,40.189998626708984,40.33110046386719,40.07059860229492,40.07059860229492,9102,0.0,0.0
2024-06-27 10:30:00-04:00,40.040000915527344,40.162498474121094,39.810001373291016,39.814998626708984,7323,0.0,0.0
2024-06-27 11:30:00-04:00,39.95500183105469,40.09000015258789,39.95500183105469,40.005001068115234,2399,0.0,0.0
2024-06-27 12:30:00-04:00,39.95000076293945,40.02000045776367,39.83000183105469,39.93000030517578,4349,0.0,0.0
2024-06-27 13:30:00-04:00,39.91999816894531,40.022499084472656,39.90999984741211,39.93000030517578,3554,0.0,0.0
2024-06-27 14:30:00-04:00,39.900001525878906,40.165000915527344,39.88999938964844,40.11750030517578,16158,0.0,0.0
2024-06-27 15:30:00-04:00,40.125,40.33000183105469,39.97999954223633,40.13999938964844,33581,0.0,0.0
2024-06-28 09:30:00-04:00,40.43000030517578,41.380001068115234,40.25,40.81999969482422,25350,0.0,0.0
2024-06-28 10:30:00-04:00,41.0,41.189998626708984,41.0,41.040000915527344,4803,0.0,0.0
2024-06-28 11:30:00-04:00,41.150001525878906,41.150001525878906,41.040000915527344,41.099998474121094,3143,0.0,0.0
2024-06-28 12:30:00-04:00,41.09000015258789,41.13999938964844,40.9900016784668,41.119998931884766,6303,0.0,0.0
2024-06-28 13:30:00-04:00,41.04999923706055,41.119998931884766,40.93000030517578,41.10499954223633,6965,0.0,0.0
2024-06-28 14:30:00-04:00,41.099998474121094,41.099998474121094,40.75,40.814998626708984,11369,0.0,0.0
2024-06-28 15:30:00-04:00,40.93000030517578,41.869998931884766,40.92499923706055,41.72999954223633,70326,0.0,0.0
