Datetime,Open,High,Low,Close,Volume,Dividends,Stock Splits
2022-06-30 09:30:00-04:00,37.93000030517578,38.43000030517578,37.88999938964844,38.27000045776367,0,0.0,0.0
2022-06-30 10:30:00-04:00,38.2599983215332,38.59000015258789,38.2599983215332,38.41999816894531,123951,0.0,0.0
2022-06-30 11:30:00-04:00,38.41999816894531,38.63999938964844,38.41999816894531,38.63999938964844,61383,0.0,0.0
2022-06-30 12:30:00-04:00,38.63999938964844,38.7400016784668,38.59000015258789,38.720001220703125,46119,0.0,0.0
2022-06-30 13:30:00-04:00,38.720001220703125,38.81999969482422,38.529998779296875,38.630001068115234,107562,0.0,0.0
2022-06-30 14:30:00-04:00,38.63999938964844,38.689998626708984,38.380001068115234,38.5099983215332,84579,0.0,0.0
2022-06-30 15:30:00-04:00,38.52000045776367,38.625,38.400001525878906,38.58000183105469,330225,0.0,0.0
2022-07-01 09:30:00-04:00,38.75,39.185001373291016,38.70000076293945,38.939998626708984,150579,0.0,0.0
2022-07-01 10:30:00-04:00,38.939998626708984,39.400001525878906,38.93000030517578,39.34000015258789,133371,0.0,0.0
2022-07-01 11:30:00-04:00,39.310001373291016,39.41999816894531,39.119998931884766,39.2400016784668,84270,0.0,0.0
2022-07-01 12:30:00-04:00,39.22999954223633,39.375,39.15999984741211,39.375,56279,0.0,0.0
2022-07-01 13:30:00-04:00,39.369998931884766,39.69499969482422,39.3650016784668,39.68000030517578,114461,0.0,0.0
2022-07-01 14:30:00-04:00,39.689998626708984,39.869998931884766,39.650001525878906,39.83720016479492,175196,0.0,0.0
2022-07-01 15:30:00-04:00,39.834999084472656,40.08000183105469,39.834999084472656,40.060001373291016,211477,0.0,0.0
2022-07-05 09:30:00-04:00,39.849998474121094,39.849998474121094,38.58000183105469,38.61000061035156,203875,0.0,0.0
2022-07-05 10:30:00-04:00,38.63999938964844,38.69499969482422,38.0,38.119998931884766,161614,0.0,0.0
2022-07-05 11:30:00-04:00,38.09000015258789,38.369998931884766,37.970001220703125,38.2599983215332,97195,0.0,0.0
2022-07-05 12:30:00-04:00,38.27000045776367,38.27000045776367,37.970001220703125,37.970001220703125,127074,0.0,0.0
2022-07-05 13:30:00-04:00,37.959999084472656,38.48500061035156,37.875,38.47999954223633,144611,0.0,0.0
2022-07-05 14:30:00-04:00,38.4900016784668,38.86000061035156,38.470001220703125,38.77000045776367,210398,0.0,0.0
2022-07-05 15:30:00-04:00,38.775001525878906,38.834999084472656,38.654998779296875,38.7599983215332,344613,0.0,0.0
2022-07-06 09:30:00-04:00,38.689998626708984,39.029998779296875,38.40999984741211,38.59000015258789,176654,0.0,0.0
2022-07-06 10:30:00-04:00,38.59000015258789,38.599998474121094,38.130001068115234,38.40999984741211,191653,0.0,0.0
2022-07-06 11:30:00-04:00,38.400001525878906,38.689998626708984,38.36000061035156,38.68000030517578,136090,0.0,0.0
2022-07-06 12:30:00-04:00,38.685001373291016,38.85499954223633,38.630001068115234,38.7599983215332,84927,0.0,0.0
2022-07-06 13:30:00-04:00,38.7599983215332,38.959999084472656,38.7599983215332,38.95000076293945,110682,0.0,0.0
2022-07-06 14:30:00-04:00,38.970001220703125,39.28499984741211,38.849998474121094,38.9900016784668,170755,0.0,0.0
2022-07-06 15:30:00-04:00,38.98500061035156,38.98500061035156,38.709999084472656,38.81999969482422,276040,0.0,0.0
2022-07-07 09:30:00-04:00,38.93000030517578,39.09000015258789,38.599998474121094,38.75,241134,0.0,0.0
2022-07-07 10:30:00-04:00,38.7599983215332,38.92020034790039,38.720001220703125,38.779998779296875,135757,0.0,0.0
2022-07-07 11:30:00-04:00,38.790000915527344,38.810001373291016,38.56999969482422,38.73500061035156,339631,0.0,0.0
2022-07-07 12:30:00-04:00,38.7400016784668,38.79999923706055,38.63999938964844,38.650001525878906,208950,0.0,0.0
2022-07-07 13:30:00-04:00,38.65999984741211,38.75,38.599998474121094,38.61000061035156,153733,0.0,0.0
2022-07-07 14:30:00-04:00,38.61000061035156,38.784000396728516,38.52000045776367,38.630001068115234,196791,0.0,0.0
2022-07-07 15:30:00-04:00,38.630001068115234,38.65999984741211,38.4900016784668,38.494998931884766,242584,0.0,0.0
2022-07-08 09:30:00-04:00,38.029998779296875,38.22999954223633,37.63999938964844,37.86000061035156,186678,0.0,0.0
2022-07-08 10:30:00-04:00,37.86000061035156,37.88999938964844,37.70000076293945,37.79499816894531,98006,0.0,0.0
2022-07-08 11:30:00-04:00,37.79999923706055,38.08000183105469,37.790199279785156,38.060001373291016,231342,0.0,0.0
2022-07-08 12:30:00-04:00,38.08000183105469,38.15999984741211,37.939998626708984,38.03499984741211,107720,0.0,0.0
2022-07-08 13:30:00-04:00,38.03499984741211,38.06999969482422,37.974998474121094,38.060001373291016,54861,0.0,0.0
2022-07-08 14:30:00-04:00,38.05500030517578,38.224998474121094,38.03929901123047,38.16999816894531,73973,0.0,0.0
2022-07-08 15:30:00-04:00,38.165000915527344,38.165000915527344,37.970001220703125,38.0099983215332,174808,0.0,0.0
2022-07-11 09:30:00-04:00,37.9900016784668,38.439998626708984,37.9900016784668,38.19499969482422,173175,0.0,0.0
2022-07-11 10:30:00-04:00,38.19499969482422,38.47999954223633,38.1150016784668,38.40999984741211,171560,0.0,0.0
2022-07-11 11:30:00-04:00,38.41999816894531,38.44499969482422,38.220001220703125,38.33000183105469,86796,0.0,0.0
2022-07-11 12:30:00-04:00,38.334999084472656,38.5099983215332,38.31999969482422,38.47999954223633,65930,0.0,0.0
2022-07-11 13:30:00-04:00,38.4900016784668,38.6150016784668,38.43000030517578,38.47999954223633,107585,0.0,0.0
2022-07-11 14:30:00-04:00,38.4900016784668,38.56999969482422,38.42499923706055,38.470001220703125,122369,0.0,0.0
2022-07-11 15:30:00-04:00,38.46500015258789,38.55500030517578,38.439998626708984,38.540000915527344,146712,0.0,0.0
2022-07-12 09:30:00-04:00,38.470001220703125,39.209999084472656,38.41999816894531,39.119998931884766,148755,0.0,0.0
2022-07-12 10:30:00-04:00,39.119998931884766,39.2400016784668,38.939998626708984,38.959999084472656,110744,0.0,0.0
2022-07-12 11:30:00-04:00,38.959999084472656,38.97999954223633,38.83000183105469,38.95000076293945,56526,0.0,0.0
2022-07-12 12:30:00-04:00,38.95000076293945,38.95000076293945,38.7400016784668,38.77000045776367,37153,0.0,0.0
2022-07-12 13:30:00-04:00,38.77939987182617,38.79999923706055,38.689998626708984,38.7599983215332,64856,0.0,0.0
2022-07-12 14:30:00-04:00,38.77000045776367,38.79999923706055,38.5,38.5099983215332,71120,0.0,0.0
2022-07-12 15:30:00-04:00,38.5,38.61000061035156,38.35499954223633,38.59000015258789,191248,0.0,0.0
2022-07-13 09:30:00-04:00,38.220001220703125,38.66999816894531,38.220001220703125,38.43000030517578,119265,0.0,0.0
2022-07-13 10:30:00-04:00,38.43000030517578,38.57500076293945,38.33000183105469,38.46500015258789,62269,0.0,0.0
2022-07-13 11:30:00-04:00,38.459999084472656,38.7400016784668,38.45000076293945,38.72999954223633,56698,0.0,0.0
2022-07-13 12:30:00-04:00,38.73500061035156,38.95500183105469,38.70500183105469,38.82500076293945,242593,0.0,0.0
2022-07-13 13:30:00-04:00,38.81999969482422,38.939998626708984,38.709999084472656,38.8650016784668,148034,0.0,0.0
2022-07-13 14:30:00-04:00,38.869998931884766,38.94499969482422,38.689998626708984,38.709999084472656,77340,0.0,0.0
2022-07-13 15:30:00-04:00,38.70500183105469,38.71500015258789,38.48500061035156,38.540000915527344,166246,0.0,0.0
2022-07-14 09:30:00-04:00,37.97999954223633,38.349998474121094,37.95000076293945,38.2599983215332,88986,0.0,0.0
2022-07-14 10:30:00-04:00,38.279998779296875,38.41999816894531,38.189998626708984,38.41999816894531,57688,0.0,0.0
2022-07-14 11:30:00-04:00,38.41999816894531,38.63999938964844,38.40999984741211,38.470001220703125,64242,0.0,0.0
2022-07-14 12:30:00-04:00,38.470001220703125,38.58000183105469,38.40999984741211,38.540000915527344,57150,0.0,0.0
2022-07-14 13:30:00-04:00,38.529998779296875,38.849998474121094,38.439998626708984,38.83000183105469,73650,0.0,0.0
2022-07-14 14:30:00-04:00,38.845001220703125,38.869998931884766,38.74420166015625,38.849998474121094,90566,0.0,0.0
2022-07-14 15:30:00-04:00,38.85499954223633,38.970001220703125,38.72999954223633,38.8849983215332,151424,0.0,0.0
2022-07-15 09:30:00-04:00,39.09000015258789,39.09000015258789,38.59000015258789,38.95500183105469,80304,0.0,0.0
2022-07-15 10:30:00-04:00,38.97999954223633,39.119998931884766,38.939998626708984,39.11000061035156,67535,0.0,0.0
2022-07-15 11:30:00-04:00,39.099998474121094,39.22999954223633,39.099998474121094,39.185001373291016,62762,0.0,0.0
2022-07-15 12:30:00-04:00,39.189998626708984,39.22999954223633,39.06999969482422,39.220001220703125,74743,0.0,0.0
2022-07-15 13:30:00-04:00,39.220001220703125,39.2599983215332,39.060001373291016,39.2400016784668,92751,0.0,0.0
2022-07-15 14:30:00-04:00,39.2400016784668,39.349998474121094,39.209999084472656,39.310001373291016,116505,0.0,0.0
2022-07-15 15:30:00-04:00,39.310001373291016,39.32500076293945,39.220001220703125,39.2599983215332,185270,0.0,0.0
2022-07-18 09:30:00-04:00,39.15999984741211,39.43000030517578,38.95000076293945,39.31959915161133,140967,0.0,0.0
2022-07-18 10:30:00-04:00,39.32500076293945,39.439998626708984,39.290000915527344,39.29999923706055,105227,0.0,0.0
2022-07-18 11:30:00-04:00,39.290000915527344,39.43000030517578,39.220001220703125,39.25,94821,0.0,0.0
2022-07-18 12:30:00-04:00,39.25,39.334999084472656,39.154998779296875,39.220001220703125,88333,0.0,0.0
2022-07-18 13:30:00-04:00,39.220001220703125,39.34000015258789,39.20000076293945,39.25,76514,0.0,0.0
2022-07-18 14:30:00-04:00,39.2599983215332,39.40999984741211,39.25,39.310001373291016,105954,0.0,0.0
2022-07-18 15:30:00-04:00,39.310001373291016,39.310001373291016,39.029998779296875,39.08000183105469,257903,0.0,0.0
2022-07-19 09:30:00-04:00,39.31999969482422,39.61000061035156,39.09000015258789,39.584999084472656,136643,0.0,0.0
2022-07-19 10:30:00-04:00,39.58000183105469,39.59000015258789,39.2599983215332,39.34000015258789,88017,0.0,0.0
2022-07-19 11:30:00-04:00,39.349998474121094,39.41999816894531,39.20000076293945,39.290000915527344,78329,0.0,0.0
2022-07-19 12:30:00-04:00,39.27000045776367,39.400001525878906,39.255001068115234,39.369998931884766,113391,0.0,0.0
2022-07-19 13:30:00-04:00,39.369998931884766,39.599998474121094,39.33000183105469,39.529998779296875,128448,0.0,0.0
2022-07-19 14:30:00-04:00,39.52000045776367,39.560001373291016,39.39500045776367,39.435001373291016,152723,0.0,0.0
2022-07-19 15:30:00-04:00,39.43000030517578,39.47999954223633,39.381900787353516,39.40999984741211,282228,0.0,0.0
2022-07-20 09:30:00-04:00,39.349998474121094,39.349998474121094,38.5099983215332,38.88999938964844,147273,0.0,0.0
2022-07-20 10:30:00-04:00,38.880001068115234,39.27000045776367,38.84000015258789,39.03499984741211,139113,0.0,0.0
2022-07-20 11:30:00-04:00,38.9900016784668,39.099998474121094,38.849998474121094,38.97999954223633,121730,0.0,0.0
2022-07-20 12:30:00-04:00,38.9900016784668,39.0099983215332,38.70500183105469,38.7599983215332,84862,0.0,0.0
2022-07-20 13:30:00-04:00,38.7599983215332,38.79999923706055,38.43000030517578,38.56999969482422,120455,0.0,0.0
2022-07-20 14:30:00-04:00,38.560001373291016,38.65999984741211,38.4900016784668,38.51499938964844,130298,0.0,0.0
2022-07-20 15:30:00-04:00,38.51499938964844,38.54999923706055,38.310001373291016,38.33000183105469,339563,0.0,0.0
2022-07-21 09:30:00-04:00,38.220001220703125,38.369998931884766,37.83000183105469,37.90999984741211,125779,0.0,0.0
2022-07-21 10:30:00-04:00,37.939998626708984,38.08000183105469,37.90999984741211,37.959999084472656,87014,0.0,0.0
2022-07-21 11:30:00-04:00,37.95000076293945,38.09000015258789,37.95000076293945,38.04999923706055,80923,0.0,0.0
2022-07-21 12:30:00-04:00,38.04999923706055,38.060001373291016,37.90999984741211,37.90999984741211,93685,0.0,0.0
2022-07-21 13:30:00-04:00,37.900001525878906,38.04999923706055,37.81999969482422,38.02000045776367,115091,0.0,0.0
2022-07-21 14:30:00-04:00,38.029998779296875,38.22999954223633,37.9900016784668,38.209999084472656,198982,0.0,0.0
2022-07-21 15:30:00-04:00,38.209999084472656,38.33000183105469,38.189998626708984,38.31999969482422,206942,0.0,0.0
2022-07-22 09:30:00-04:00,38.470001220703125,38.7400016784668,38.400001525878906,38.58000183105469,104602,0.0,0.0
2022-07-22 10:30:00-04:00,38.59000015258789,38.60900115966797,38.439998626708984,38.529998779296875,73375,0.0,0.0
2022-07-22 11:30:00-04:00,38.529998779296875,38.71500015258789,38.529998779296875,38.70000076293945,155912,0.0,0.0
2022-07-22 12:30:00-04:00,38.685001373291016,38.68989944458008,38.52000045776367,38.650001525878906,112409,0.0,0.0
2022-07-22 13:30:00-04:00,38.650001525878906,38.65999984741211,38.31999969482422,38.36000061035156,85693,0.0,0.0
2022-07-22 14:30:00-04:00,38.349998474121094,38.41999816894531,38.29999923706055,38.375,106146,0.0,0.0
2022-07-22 15:30:00-04:00,38.375,38.56999969482422,38.3650016784668,38.56999969482422,191794,0.0,0.0
2022-07-25 09:30:00-04:00,38.5,38.9900016784668,38.119998931884766,38.970001220703125,95152,0.0,0.0
2022-07-25 10:30:00-04:00,38.970001220703125,39.130001068115234,38.91999816894531,39.11000061035156,64310,0.0,0.0
2022-07-25 11:30:00-04:00,39.11000061035156,39.13999938964844,38.93000030517578,38.970001220703125,37762,0.0,0.0
2022-07-25 12:30:00-04:00,38.959999084472656,39.0,38.93000030517578,38.93000030517578,30867,0.0,0.0
2022-07-25 13:30:00-04:00,38.939998626708984,38.95000076293945,38.80500030517578,38.84000015258789,39652,0.0,0.0
2022-07-25 14:30:00-04:00,38.83000183105469,38.935001373291016,38.79999923706055,38.89500045776367,62231,0.0,0.0
2022-07-25 15:30:00-04:00,38.88999938964844,39.0,38.845699310302734,38.95000076293945,161878,0.0,0.0
2022-07-26 09:30:00-04:00,38.88999938964844,39.369998931884766,38.88999938964844,39.27000045776367,112736,0.0,0.0
2022-07-26 10:30:00-04:00,39.279998779296875,39.380001068115234,39.209999084472656,39.34000015258789,66017,0.0,0.0
2022-07-26 11:30:00-04:00,39.34000015258789,39.380001068115234,39.279998779296875,39.36000061035156,58092,0.0,0.0
2022-07-26 12:30:00-04:00,39.36869812011719,39.494998931884766,39.36000061035156,39.4900016784668,76907,0.0,0.0
2022-07-26 13:30:00-04:00,39.4900016784668,39.5,39.36000061035156,39.36000061035156,77630,0.0,0.0
2022-07-26 14:30:00-04:00,39.349998474121094,39.40999984741211,39.290000915527344,39.3849983215332,89236,0.0,0.0
2022-07-26 15:30:00-04:00,39.400001525878906,39.459999084472656,39.310001373291016,39.40999984741211,218409,0.0,0.0
2022-07-27 09:30:00-04:00,39.38999938964844,39.5,39.08000183105469,39.45000076293945,164522,0.0,0.0
2022-07-27 10:30:00-04:00,39.45000076293945,39.47999954223633,39.314998626708984,39.439998626708984,71332,0.0,0.0
2022-07-27 11:30:00-04:00,39.435001373291016,39.47999954223633,39.33000183105469,39.38999938964844,55724,0.0,0.0
2022-07-27 12:30:00-04:00,39.38999938964844,39.41999816894531,39.32500076293945,39.369998931884766,43874,0.0,0.0
2022-07-27 13:30:00-04:00,39.3650016784668,39.43000030517578,39.279998779296875,39.290000915527344,65552,0.0,0.0
2022-07-27 14:30:00-04:00,39.28499984741211,39.529998779296875,39.22999954223633,39.529998779296875,117892,0.0,0.0
2022-07-27 15:30:00-04:00,39.525001525878906,39.557498931884766,39.439998626708984,39.47999954223633,255332,0.0,0.0
2022-07-28 09:30:00-04:00,39.83000183105469,39.935001373291016,39.650001525878906,39.81999969482422,91951,0.0,0.0
2022-07-28 10:30:00-04:00,39.84000015258789,40.16999816894531,39.84000015258789,40.130001068115234,89333,0.0,0.0
2022-07-28 11:30:00-04:00,40.130001068115234,40.150001525878906,40.0,40.11000061035156,58159,0.0,0.0
2022-07-28 12:30:00-04:00,40.099998474121094,40.209999084472656,40.02000045776367,40.209999084472656,49827,0.0,0.0
2022-07-28 13:30:00-04:00,40.209999084472656,40.45000076293945,40.19499969482422,40.44499969482422,60207,0.0,0.0
2022-07-28 14:30:00-04:00,40.43000030517578,40.5,40.38999938964844,40.4900016784668,99989,0.0,0.0
2022-07-28 15:30:00-04:00,40.47999954223633,40.56999969482422,40.435001373291016,40.540000915527344,182985,0.0,0.0
2022-07-29 09:30:00-04:00,40.5,41.099998474121094,40.4734992980957,41.09000015258789,302888,0.0,0.0
2022-07-29 10:30:00-04:00,41.084999084472656,41.165000915527344,40.9005012512207,41.08000183105469,93625,0.0,0.0
2022-07-29 11:30:00-04:00,41.09000015258789,41.209999084472656,41.040000915527344,41.150001525878906,68668,0.0,0.0
2022-07-29 12:30:00-04:00,41.150001525878906,41.220001220703125,41.13999938964844,41.189998626708984,63078,0.0,0.0
2022-07-29 13:30:00-04:00,41.189998626708984,41.220001220703125,40.97999954223633,41.025001525878906,90160,0.0,0.0
2022-07-29 14:30:00-04:00,41.029998779296875,41.27000045776367,41.025001525878906,41.2400016784668,161379,0.0,0.0
2022-07-29 15:30:00-04:00,41.2400016784668,41.279998779296875,41.06999969482422,41.08000183105469,300232,0.0,0.0
2022-08-01 09:30:00-04:00,40.84000015258789,41.0,40.4900016784668,40.4900016784668,136625,0.0,0.0
2022-08-01 10:30:00-04:00,40.4900016784668,40.83000183105469,40.48569869995117,40.75,87736,0.0,0.0
2022-08-01 11:30:00-04:00,40.7599983215332,40.84000015258789,40.66999816894531,40.755001068115234,54972,0.0,0.0
2022-08-01 12:30:00-04:00,40.75,40.97999954223633,40.72999954223633,40.904998779296875,50756,0.0,0.0
2022-08-01 13:30:00-04:00,40.900001525878906,40.94499969482422,40.810001373291016,40.93000030517578,60029,0.0,0.0
2022-08-01 14:30:00-04:00,40.91999816894531,41.03499984741211,40.882999420166016,40.9900016784668,83613,0.0,0.0
2022-08-01 15:30:00-04:00,40.9900016784668,41.029998779296875,40.95000076293945,40.9900016784668,184707,0.0,0.0
2022-08-02 09:30:00-04:00,40.95000076293945,41.060001373291016,40.75,40.90999984741211,103543,0.0,0.0
2022-08-02 10:30:00-04:00,40.95000076293945,41.02000045776367,40.790000915527344,40.869998931884766,86605,0.0,0.0
2022-08-02 11:30:00-04:00,40.86000061035156,40.89500045776367,40.790000915527344,40.8650016784668,53556,0.0,0.0
2022-08-02 12:30:00-04:00,40.86000061035156,41.02000045776367,40.86000061035156,40.869998931884766,51237,0.0,0.0
2022-08-02 13:30:00-04:00,40.84000015258789,40.869998931884766,40.689998626708984,40.869998931884766,76591,0.0,0.0
2022-08-02 14:30:00-04:00,40.875,40.900001525878906,40.525001525878906,40.57500076293945,87717,0.0,0.0
2022-08-02 15:30:00-04:00,40.56999969482422,40.654998779296875,40.439998626708984,40.5,157241,0.0,0.0
2022-08-03 09:30:00-04:00,40.40999984741211,40.43000030517578,39.810001373291016,40.15999984741211,90665,0.0,0.0
2022-08-03 10:30:00-04:00,40.15999984741211,40.34000015258789,40.099998474121094,40.11000061035156,87485,0.0,0.0
2022-08-03 11:30:00-04:00,40.09000015258789,40.31999969482422,40.09000015258789,40.290000915527344,66030,0.0,0.0
2022-08-03 12:30:00-04:00,40.29999923706055,40.470001220703125,40.28499984741211,40.470001220703125,73339,0.0,0.0
2022-08-03 13:30:00-04:00,40.48500061035156,40.52000045776367,40.43000030517578,40.44499969482422,71431,0.0,0.0
2022-08-03 14:30:00-04:00,40.45000076293945,40.60499954223633,40.35499954223633,40.58000183105469,130795,0.0,0.0
2022-08-03 15:30:00-04:00,40.584999084472656,40.779998779296875,40.58000183105469,40.70000076293945,251047,0.0,0.0
2022-08-04 09:30:00-04:00,40.130001068115234,40.880001068115234,40.0,40.56999969482422,146164,0.0,0.0
2022-08-04 10:30:00-04:00,40.564998626708984,40.71989822387695,40.47999954223633,40.619998931884766,93258,0.0,0.0
2022-08-04 11:30:00-04:00,40.630001068115234,40.65999984741211,40.36000061035156,40.380001068115234,69015,0.0,0.0
2022-08-04 12:30:00-04:00,40.38999938964844,40.38999938964844,40.220001220703125,40.29999923706055,70874,0.0,0.0
2022-08-04 13:30:00-04:00,40.279998779296875,40.45000076293945,40.16999816894531,40.43000030517578,87055,0.0,0.0
2022-08-04 14:30:00-04:00,40.43000030517578,40.52000045776367,40.369998931884766,40.40999984741211,99952,0.0,0.0
2022-08-04 15:30:00-04:00,40.40999984741211,40.40999984741211,40.11000061035156,40.15999984741211,215801,0.0,0.0
2022-08-05 09:30:00-04:00,40.220001220703125,40.369998931884766,39.79999923706055,39.845001220703125,124211,0.0,0.0
2022-08-05 10:30:00-04:00,39.880001068115234,40.060001373291016,39.7400016784668,40.02000045776367,173086,0.0,0.0
2022-08-05 11:30:00-04:00,40.02000045776367,40.10689926147461,39.869998931884766,39.939998626708984,73501,0.0,0.0
2022-08-05 12:30:00-04:00,39.939998626708984,40.02000045776367,39.90999984741211,39.95000076293945,90178,0.0,0.0
2022-08-05 13:30:00-04:00,39.95000076293945,40.06999969482422,39.900001525878906,39.96500015258789,102296,0.0,0.0
2022-08-05 14:30:00-04:00,39.959999084472656,40.16999816894531,39.95000076293945,40.14500045776367,119021,0.0,0.0
2022-08-05 15:30:00-04:00,40.150001525878906,40.310001373291016,40.14500045776367,40.290000915527344,260595,0.0,0.0
2022-08-08 09:30:00-04:00,40.45000076293945,40.84000015258789,40.40010070800781,40.59000015258789,131945,0.0,0.0
2022-08-08 10:30:00-04:00,40.584999084472656,40.61000061035156,40.45000076293945,40.5099983215332,75906,0.0,0.0
2022-08-08 11:30:00-04:00,40.52000045776367,40.529998779296875,40.2599983215332,40.27000045776367,85813,0.0,0.0
2022-08-08 12:30:00-04:00,40.2599983215332,40.349998474121094,40.224998474121094,40.290000915527344,61808,0.0,0.0
2022-08-08 13:30:00-04:00,40.28499984741211,40.439998626708984,40.279998779296875,40.349998474121094,87195,0.0,0.0
2022-08-08 14:30:00-04:00,40.36000061035156,40.47999954223633,40.30500030517578,40.400001525878906,95523,0.0,0.0
2022-08-08 15:30:00-04:00,40.407501220703125,40.5,40.369998931884766,40.470001220703125,205941,0.0,0.0
2022-08-09 09:30:00-04:00,40.650001525878906,40.880001068115234,40.499900817871094,40.83000183105469,98980,0.0,0.0
2022-08-09 10:30:00-04:00,40.82500076293945,40.83000183105469,40.65999984741211,40.779998779296875,90887,0.0,0.0
2022-08-09 11:30:00-04:00,40.790000915527344,40.95000076293945,40.7599983215332,40.88999938964844,84241,0.0,0.0
2022-08-09 12:30:00-04:00,40.880001068115234,41.0099983215332,40.85499954223633,40.95500183105469,83523,0.0,0.0
2022-08-09 13:30:00-04:00,40.970001220703125,41.04999923706055,40.939998626708984,40.97999954223633,120660,0.0,0.0
2022-08-09 14:30:00-04:00,40.97999954223633,41.040000915527344,40.88999938964844,41.0,161469,0.0,0.0
2022-08-09 15:30:00-04:00,41.0,41.04499816894531,40.900001525878906,41.040000915527344,335100,0.0,0.0
2022-08-10 09:30:00-04:00,41.099998474121094,41.279998779296875,41.02000045776367,41.150001525878906,776376,0.0,0.0
2022-08-10 10:30:00-04:00,41.150001525878906,41.150001525878906,40.90999984741211,40.939998626708984,98820,0.0,0.0
2022-08-10 11:30:00-04:00,40.92499923706055,40.935001373291016,40.689998626708984,40.77000045776367,67668,0.0,0.0
2022-08-10 12:30:00-04:00,40.775001525878906,40.9900016784668,40.7599983215332,40.939998626708984,57649,0.0,0.0
2022-08-10 13:30:00-04:00,40.95000076293945,40.970001220703125,40.849998474121094,40.869998931884766,67872,0.0,0.0
2022-08-10 14:30:00-04:00,40.869998931884766,40.97999954223633,40.810001373291016,40.970001220703125,88995,0.0,0.0
2022-08-10 15:30:00-04:00,40.96500015258789,41.119998931884766,40.939998626708984,41.08000183105469,231582,0.0,0.0
2022-08-11 09:30:00-04:00,41.09000015258789,41.31999969482422,40.819000244140625,41.29499816894531,254077,0.0,0.0
2022-08-11 10:30:00-04:00,41.29499816894531,41.470001220703125,41.20000076293945,41.279998779296875,158180,0.0,0.0
2022-08-11 11:30:00-04:00,41.27000045776367,41.470001220703125,41.20000076293945,41.380001068115234,60612,0.0,0.0
2022-08-11 12:30:00-04:00,41.388999938964844,41.41999816894531,41.290000915527344,41.32500076293945,72060,0.0,0.0
2022-08-11 13:30:00-04:00,41.31999969482422,41.36000061035156,41.189998626708984,41.21500015258789,102803,0.0,0.0
2022-08-11 14:30:00-04:00,41.209999084472656,41.224998474121094,41.03499984741211,41.06999969482422,201872,0.0,0.0
2022-08-11 15:30:00-04:00,41.06999969482422,41.150001525878906,41.03499984741211,41.11000061035156,247259,0.0,0.0
2022-08-12 09:30:00-04:00,41.470001220703125,41.54999923706055,41.253299713134766,41.41999816894531,383769,0.0,0.0
2022-08-12 10:30:00-04:00,41.41999816894531,41.619998931884766,41.41999816894531,41.59000015258789,45140,0.0,0.0
2022-08-12 11:30:00-04:00,41.59000015258789,41.630001068115234,41.56999969482422,41.59000015258789,36024,0.0,0.0
2022-08-12 12:30:00-04:00,41.584999084472656,41.724998474121094,41.58000183105469,41.71500015258789,47217,0.0,0.0
2022-08-12 13:30:00-04:00,41.72999954223633,41.77000045776367,41.68000030517578,41.72999954223633,92555,0.0,0.0
2022-08-12 14:30:00-04:00,41.720001220703125,41.86000061035156,41.68000030517578,41.82500076293945,95683,0.0,0.0
2022-08-12 15:30:00-04:00,41.81999969482422,41.97999954223633,41.779998779296875,41.970001220703125,147400,0.0,0.0
2022-08-15 09:30:00-04:00,42.0,42.16999816894531,41.7599983215332,42.099998474121094,114524,0.0,0.0
2022-08-15 10:30:00-04:00,42.09000015258789,42.17399978637695,42.06529998779297,42.11000061035156,92672,0.0,0.0
2022-08-15 11:30:00-04:00,42.10499954223633,42.56999969482422,42.04999923706055,42.560001373291016,200796,0.0,0.0
2022-08-15 12:30:00-04:00,42.564998626708984,42.650001525878906,42.54999923706055,42.619998931884766,149135,0.0,0.0
2022-08-15 13:30:00-04:00,42.630001068115234,42.630001068115234,42.470001220703125,42.54999923706055,86707,0.0,0.0
2022-08-15 14:30:00-04:00,42.54460144042969,42.619998931884766,42.5099983215332,42.6150016784668,130145,0.0,0.0
2022-08-15 15:30:00-04:00,42.60499954223633,42.724998474121094,42.599998474121094,42.65999984741211,165531,0.0,0.0
2022-08-16 09:30:00-04:00,42.310001373291016,42.65999984741211,42.310001373291016,42.54999923706055,117145,0.0,0.0
2022-08-16 10:30:00-04:00,42.529998779296875,42.619998931884766,42.494998931884766,42.560001373291016,75027,0.0,0.0
2022-08-16 11:30:00-04:00,42.54999923706055,42.630001068115234,42.40999984741211,42.59400177001953,87820,0.0,0.0
2022-08-16 12:30:00-04:00,42.58250045776367,42.599998474121094,42.45000076293945,42.470001220703125,63989,0.0,0.0
2022-08-16 13:30:00-04:00,42.47999954223633,42.69499969482422,42.43000030517578,42.64500045776367,110386,0.0,0.0
2022-08-16 14:30:00-04:00,42.644500732421875,42.70000076293945,42.439998626708984,42.63999938964844,179816,0.0,0.0
2022-08-16 15:30:00-04:00,42.63999938964844,42.709999084472656,42.58000183105469,42.619998931884766,278202,0.0,0.0
2022-08-17 09:30:00-04:00,42.5,42.525001525878906,42.310001373291016,42.3849983215332,108640,0.0,0.0
2022-08-17 10:30:00-04:00,42.3849983215332,42.46500015258789,42.279998779296875,42.439998626708984,109749,0.0,0.0
2022-08-17 11:30:00-04:00,42.45000076293945,42.470001220703125,42.279998779296875,42.435001373291016,57497,0.0,0.0
2022-08-17 12:30:00-04:00,42.42499923706055,42.459999084472656,42.38130187988281,42.400001525878906,43595,0.0,0.0
2022-08-17 13:30:00-04:00,42.40999984741211,42.56999969482422,42.3849983215332,42.47999954223633,72966,0.0,0.0
2022-08-17 14:30:00-04:00,42.470001220703125,42.527801513671875,42.369998931884766,42.435001373291016,76527,0.0,0.0
2022-08-17 15:30:00-04:00,42.439998626708984,42.540000915527344,42.38999938964844,42.439998626708984,155910,0.0,0.0
2022-08-18 09:30:00-04:00,42.61000061035156,42.880001068115234,42.4900016784668,42.869998931884766,68760,0.0,0.0
2022-08-18 10:30:00-04:00,42.8650016784668,42.90999984741211,42.849998474121094,42.880001068115234,77100,0.0,0.0
2022-08-18 11:30:00-04:00,42.880001068115234,42.90999984741211,42.810001373291016,42.810001373291016,49407,0.0,0.0
2022-08-18 12:30:00-04:00,42.79999923706055,42.810001373291016,42.650001525878906,42.70000076293945,108799,0.0,0.0
2022-08-18 13:30:00-04:00,42.689998626708984,42.720001220703125,42.66999816894531,42.68000030517578,48024,0.0,0.0
2022-08-18 14:30:00-04:00,42.689998626708984,42.790000915527344,42.650001525878906,42.755001068115234,94207,0.0,0.0
2022-08-18 15:30:00-04:00,42.755001068115234,42.790000915527344,42.665000915527344,42.72999954223633,170708,0.0,0.0
2022-08-19 09:30:00-04:00,42.72999954223633,42.869998931884766,42.63999938964844,42.709999084472656,93092,0.0,0.0
2022-08-19 10:30:00-04:00,42.709999084472656,42.779998779296875,42.66999816894531,42.779998779296875,86730,0.0,0.0
2022-08-19 11:30:00-04:00,42.779998779296875,42.814998626708984,42.709999084472656,42.790000915527344,42337,0.0,0.0
2022-08-19 12:30:00-04:00,42.779998779296875,42.84000015258789,42.7599983215332,42.79999923706055,37132,0.0,0.0
2022-08-19 13:30:00-04:00,42.790000915527344,42.84000015258789,42.709999084472656,42.775001525878906,52751,0.0,0.0
2022-08-19 14:30:00-04:00,42.77000045776367,42.790000915527344,42.70000076293945,42.729000091552734,78470,0.0,0.0
2022-08-19 15:30:00-04:00,42.72999954223633,42.810001373291016,42.709999084472656,42.77000045776367,143095,0.0,0.0
2022-08-22 09:30:00-04:00,42.560001373291016,42.650001525878906,42.45000076293945,42.61000061035156,77660,0.0,0.0
2022-08-22 10:30:00-04:00,42.630001068115234,42.66999816894531,42.38999938964844,42.38999938964844,64395,0.0,0.0
2022-08-22 11:30:00-04:00,42.380001068115234,42.41999816894531,42.31999969482422,42.380001068115234,81581,0.0,0.0
2022-08-22 12:30:00-04:00,42.380001068115234,42.43000030517578,42.27000045776367,42.310001373291016,139973,0.0,0.0
2022-08-22 13:30:00-04:00,42.30730056762695,42.310001373291016,42.10499954223633,42.13999938964844,112793,0.0,0.0
2022-08-22 14:30:00-04:00,42.150001525878906,42.29999923706055,42.130001068115234,42.14500045776367,131991,0.0,0.0
2022-08-22 15:30:00-04:00,42.150001525878906,42.22999954223633,42.119998931884766,42.209999084472656,189725,0.0,0.0
2022-08-23 09:30:00-04:00,42.369998931884766,42.369998931884766,41.95000076293945,42.040000915527344,69487,0.0,0.0
2022-08-23 10:30:00-04:00,42.060001373291016,42.150001525878906,41.880001068115234,41.939998626708984,61653,0.0,0.0
2022-08-23 11:30:00-04:00,41.939998626708984,42.040000915527344,41.88999938964844,41.88999938964844,53020,0.0,0.0
2022-08-23 12:30:00-04:00,41.88999938964844,42.040000915527344,41.88999938964844,42.01499938964844,29090,0.0,0.0
2022-08-23 13:30:00-04:00,42.0099983215332,42.025901794433594,41.84189987182617,41.89500045776367,40633,0.0,0.0
2022-08-23 14:30:00-04:00,41.939998626708984,42.025001525878906,41.880001068115234,42.0099983215332,59526,0.0,0.0
2022-08-23 15:30:00-04:00,42.0099983215332,42.029998779296875,41.939998626708984,41.970001220703125,139517,0.0,0.0
2022-08-24 09:30:00-04:00,41.93000030517578,41.9900016784668,41.75,41.869998931884766,77195,0.0,0.0
2022-08-24 10:30:00-04:00,41.869998931884766,41.880001068115234,41.56999969482422,41.75,124296,0.0,0.0
2022-08-24 11:30:00-04:00,41.7599983215332,41.810001373291016,41.52000045776367,41.52000045776367,211633,0.0,0.0
2022-08-24 12:30:00-04:00,41.51499938964844,41.529998779296875,41.439998626708984,41.5,151426,0.0,0.0
2022-08-24 13:30:00-04:00,41.505001068115234,41.720001220703125,41.47999954223633,41.720001220703125,248611,0.0,0.0
2022-08-24 14:30:00-04:00,41.720001220703125,41.83000183105469,41.650001525878906,41.7599983215332,59900,0.0,0.0
2022-08-24 15:30:00-04:00,41.755001068115234,41.904998779296875,41.75,41.84000015258789,138099,0.0,0.0
2022-08-25 09:30:00-04:00,42.0,42.025001525878906,41.56999969482422,41.77000045776367,101034,0.0,0.0
2022-08-25 10:30:00-04:00,41.77000045776367,41.849998474121094,41.650001525878906,41.66999816894531,96628,0.0,0.0
2022-08-25 11:30:00-04:00,41.68000030517578,41.72999954223633,41.61000061035156,41.665000915527344,53873,0.0,0.0
2022-08-25 12:30:00-04:00,41.65999984741211,41.66130065917969,41.566001892089844,41.619998931884766,64774,0.0,0.0
2022-08-25 13:30:00-04:00,41.630001068115234,41.959999084472656,41.595001220703125,41.95000076293945,348936,0.0,0.0
2022-08-25 14:30:00-04:00,41.95000076293945,42.060001373291016,41.88999938964844,42.0099983215332,158213,0.0,0.0
2022-08-25 15:30:00-04:00,42.0,42.099998474121094,41.93000030517578,42.08000183105469,146697,0.0,0.0
2022-08-26 09:30:00-04:00,42.130001068115234,42.18000030517578,41.72999954223633,41.75,87945,0.0,0.0
2022-08-26 10:30:00-04:00,41.720001220703125,41.790000915527344,41.63999938964844,41.68000030517578,77299,0.0,0.0
2022-08-26 11:30:00-04:00,41.68000030517578,41.77000045776367,41.650001525878906,41.709999084472656,46714,0.0,0.0
2022-08-26 12:30:00-04:00,41.70500183105469,41.790000915527344,41.65999984741211,41.790000915527344,38830,0.0,0.0
2022-08-26 13:30:00-04:00,41.790000915527344,41.790000915527344,41.599998474121094,41.625,58510,0.0,0.0
2022-08-26 14:30:00-04:00,41.619998931884766,41.619998931884766,41.470001220703125,41.5099983215332,106107,0.0,0.0
2022-08-26 15:30:00-04:00,41.5,41.560001373291016,41.47999954223633,41.5,215189,0.0,0.0
2022-08-29 09:30:00-04:00,41.34000015258789,41.529998779296875,41.06999969482422,41.4724006652832,79599,0.0,0.0
2022-08-29 10:30:00-04:00,41.47999954223633,41.689998626708984,41.349998474121094,41.625,108109,0.0,0.0
2022-08-29 11:30:00-04:00,41.630001068115234,41.7400016784668,41.59000015258789,41.675201416015625,36589,0.0,0.0
2022-08-29 12:30:00-04:00,41.68000030517578,41.779998779296875,41.64500045776367,41.70989990234375,46925,0.0,0.0
2022-08-29 13:30:00-04:00,41.709999084472656,41.79499816894531,41.65999984741211,41.70000076293945,48126,0.0,0.0
2022-08-29 14:30:00-04:00,41.70000076293945,41.900001525878906,41.68000030517578,41.685001373291016,56436,0.0,0.0
2022-08-29 15:30:00-04:00,41.66999816894531,41.7599983215332,41.56999969482422,41.59000015258789,124646,0.0,0.0
2022-08-30 09:30:00-04:00,41.5,41.5,41.314998626708984,41.349998474121094,71931,0.0,0.0
2022-08-30 10:30:00-04:00,41.34000015258789,41.36000061035156,41.0099983215332,41.25,59137,0.0,0.0
2022-08-30 11:30:00-04:00,41.2599983215332,41.314998626708984,41.209999084472656,41.22999954223633,68121,0.0,0.0
2022-08-30 12:30:00-04:00,41.22999954223633,41.22999954223633,41.005001068115234,41.029998779296875,70520,0.0,0.0
2022-08-30 13:30:00-04:00,41.040000915527344,41.1150016784668,40.91999816894531,40.93000030517578,85824,0.0,0.0
2022-08-30 14:30:00-04:00,40.92499923706055,41.0,40.849998474121094,40.85499954223633,83282,0.0,0.0
2022-08-30 15:30:00-04:00,40.849998474121094,40.849998474121094,40.625,40.77000045776367,173031,0.0,0.0
2022-08-31 09:30:00-04:00,40.79999923706055,40.91999816894531,40.689998626708984,40.72999954223633,84909,0.0,0.0
2022-08-31 10:30:00-04:00,40.7400016784668,41.07500076293945,40.7400016784668,40.97999954223633,73153,0.0,0.0
2022-08-31 11:30:00-04:00,40.98500061035156,41.07500076293945,40.880001068115234,40.900001525878906,45231,0.0,0.0
2022-08-31 12:30:00-04:00,40.90999984741211,40.970001220703125,40.84000015258789,40.8849983215332,45640,0.0,0.0
2022-08-31 13:30:00-04:00,40.880001068115234,40.900001525878906,40.65999984741211,40.65999984741211,90341,0.0,0.0
2022-08-31 14:30:00-04:00,40.654998779296875,40.755001068115234,40.47999954223633,40.560001373291016,120837,0.0,0.0
2022-08-31 15:30:00-04:00,40.560001373291016,40.70000076293945,40.5,40.54999923706055,209192,0.0,0.0
2022-09-01 09:30:00-04:00,40.630001068115234,40.880001068115234,40.2599983215332,40.52000045776367,157261,0.0,0.0
2022-09-01 10:30:00-04:00,40.540000915527344,40.869998931884766,40.41999816894531,40.81999969482422,99548,0.0,0.0
2022-09-01 11:30:00-04:00,40.849998474121094,41.0,40.79999923706055,40.88999938964844,63649,0.0,0.0
2022-09-01 12:30:00-04:00,40.869998931884766,40.95000076293945,40.70000076293945,40.95000076293945,49183,0.0,0.0
2022-09-01 13:30:00-04:00,40.967498779296875,41.060001373291016,40.88999938964844,41.040000915527344,37408,0.0,0.0
2022-09-01 14:30:00-04:00,41.060001373291016,41.084999084472656,40.880001068115234,40.89979934692383,72989,0.0,0.0
2022-09-01 15:30:00-04:00,40.8650016784668,41.040000915527344,40.86000061035156,41.02000045776367,115556,0.0,0.0
2022-09-02 09:30:00-04:00,41.04999923706055,41.52000045776367,41.0099983215332,41.459999084472656,128693,0.0,0.0
2022-09-02 10:30:00-04:00,41.470001220703125,41.54999923706055,41.38999938964844,41.41999816894531,78165,0.0,0.0
2022-09-02 11:30:00-04:00,41.43000030517578,41.5099983215332,41.27000045776367,41.34000015258789,59734,0.0,0.0
2022-09-02 12:30:00-04:00,41.33000183105469,41.349998474121094,40.875,40.904998779296875,63155,0.0,0.0
2022-09-02 13:30:00-04:00,40.900001525878906,40.90999984741211,40.7599983215332,40.869998931884766,59709,0.0,0.0
2022-09-02 14:30:00-04:00,40.849998474121094,40.900001525878906,40.720001220703125,40.75,49415,0.0,0.0
2022-09-02 15:30:00-04:00,40.72999954223633,40.7400016784668,40.599998474121094,40.65999984741211,150515,0.0,0.0
2022-09-06 09:30:00-04:00,40.75,41.0,40.75,40.95000076293945,114711,0.0,0.0
2022-09-06 10:30:00-04:00,40.95000076293945,41.02000045776367,40.779998779296875,40.80500030517578,204466,0.0,0.0
2022-09-06 11:30:00-04:00,40.81999969482422,40.93000030517578,40.61000061035156,40.654998779296875,71786,0.0,0.0
2022-09-06 12:30:00-04:00,40.66999816894531,40.70500183105469,40.470001220703125,40.529998779296875,69132,0.0,0.0
2022-09-06 13:30:00-04:00,40.529998779296875,40.630001068115234,40.439998626708984,40.54999923706055,86260,0.0,0.0
2022-09-06 14:30:00-04:00,40.54999923706055,40.56999969482422,40.40999984741211,40.470001220703125,116468,0.0,0.0
2022-09-06 15:30:00-04:00,40.470001220703125,40.54899978637695,40.34000015258789,40.435001373291016,129684,0.0,0.0
2022-09-07 09:30:00-04:00,40.709999084472656,41.15999984741211,40.709999084472656,41.099998474121094,92191,0.0,0.0
2022-09-07 10:30:00-04:00,41.130001068115234,41.244998931884766,41.07500076293945,41.150001525878906,76389,0.0,0.0
2022-09-07 11:30:00-04:00,41.13999938964844,41.310001373291016,41.040000915527344,41.11000061035156,59066,0.0,0.0
2022-09-07 12:30:00-04:00,41.08000183105469,41.290000915527344,41.08000183105469,41.25,108910,0.0,0.0
2022-09-07 13:30:00-04:00,41.27000045776367,41.369998931884766,41.17499923706055,41.27000045776367,119987,0.0,0.0
2022-09-07 14:30:00-04:00,41.29499816894531,41.505001068115234,41.28499984741211,41.48500061035156,230362,0.0,0.0
2022-09-07 15:30:00-04:00,41.48500061035156,41.599998474121094,41.400001525878906,41.54999923706055,221252,0.0,0.0
2022-09-08 09:30:00-04:00,41.40999984741211,41.529998779296875,41.25,41.4900016784668,102814,0.0,0.0
2022-09-08 10:30:00-04:00,41.47999954223633,41.61000061035156,41.459999084472656,41.52000045776367,171222,0.0,0.0
2022-09-08 11:30:00-04:00,41.52000045776367,41.56999969482422,41.209999084472656,41.29999923706055,78887,0.0,0.0
2022-09-08 12:30:00-04:00,41.310001373291016,41.529998779296875,41.310001373291016,41.45000076293945,52400,0.0,0.0
2022-09-08 13:30:00-04:00,41.439998626708984,41.59000015258789,41.439998626708984,41.58000183105469,94255,0.0,0.0
2022-09-08 14:30:00-04:00,41.56999969482422,41.608001708984375,41.349998474121094,41.43000030517578,135788,0.0,0.0
2022-09-08 15:30:00-04:00,41.43000030517578,41.51499938964844,41.29999923706055,41.4900016784668,269909,0.0,0.0
2022-09-09 09:30:00-04:00,41.75,41.93000030517578,41.47999954223633,41.93000030517578,153680,0.0,0.0
2022-09-09 10:30:00-04:00,41.94599914550781,42.21500015258789,41.94599914550781,42.0,126265,0.0,0.0
2022-09-09 11:30:00-04:00,42.0099983215332,42.08000183105469,41.939998626708984,41.95000076293945,112259,0.0,0.0
2022-09-09 12:30:00-04:00,41.939998626708984,42.04999923706055,41.92499923706055,42.01499938964844,122982,0.0,0.0
2022-09-09 13:30:00-04:00,42.02000045776367,42.095001220703125,41.974998474121094,42.07500076293945,84433,0.0,0.0
2022-09-09 14:30:00-04:00,42.07500076293945,42.154998779296875,42.04499816894531,42.04999923706055,98006,0.0,0.0
2022-09-09 15:30:00-04:00,42.03499984741211,42.03499984741211,41.81999969482422,41.86000061035156,204022,0.0,0.0
2022-09-12 09:30:00-04:00,41.84000015258789,42.09000015258789,41.75,42.08000183105469,106295,0.0,0.0
2022-09-12 10:30:00-04:00,42.06999969482422,42.27000045776367,42.040000915527344,42.209999084472656,68023,0.0,0.0
2022-09-12 11:30:00-04:00,42.21500015258789,42.2599983215332,42.040000915527344,42.150001525878906,67166,0.0,0.0
2022-09-12 12:30:00-04:00,42.150001525878906,42.185001373291016,42.0,42.16999816894531,67662,0.0,0.0
2022-09-12 13:30:00-04:00,42.17499923706055,42.18000030517578,41.9900016784668,42.060001373291016,96515,0.0,0.0
2022-09-12 14:30:00-04:00,42.04999923706055,42.16999816894531,41.939998626708984,41.939998626708984,83443,0.0,0.0
2022-09-12 15:30:00-04:00,41.939998626708984,42.119998931884766,41.93299865722656,42.060001373291016,200359,0.0,0.0
2022-09-13 09:30:00-04:00,41.68000030517578,41.880001068115234,41.5,41.849998474121094,83295,0.0,0.0
2022-09-13 10:30:00-04:00,41.83000183105469,41.86000061035156,41.56999969482422,41.650001525878906,89848,0.0,0.0
2022-09-13 11:30:00-04:00,41.619998931884766,41.7599983215332,41.560001373291016,41.68000030517578,57464,0.0,0.0
2022-09-13 12:30:00-04:00,41.66999816894531,41.724998474121094,41.61000061035156,41.68000030517578,50377,0.0,0.0
2022-09-13 13:30:00-04:00,41.68000030517578,41.720001220703125,41.41999816894531,41.43299865722656,58916,0.0,0.0
2022-09-13 14:30:00-04:00,41.43000030517578,41.439998626708984,41.119998931884766,41.1349983215332,86493,0.0,0.0
2022-09-13 15:30:00-04:00,41.1349983215332,41.25,40.91999816894531,41.154998779296875,221176,0.0,0.0
2022-09-14 09:30:00-04:00,41.220001220703125,41.7599983215332,41.18000030517578,41.58000183105469,177149,0.0,0.0
2022-09-14 10:30:00-04:00,41.56999969482422,41.86000061035156,41.54499816894531,41.625,185410,0.0,0.0
2022-09-14 11:30:00-04:00,41.625,41.689998626708984,41.540000915527344,41.57500076293945,78204,0.0,0.0
2022-09-14 12:30:00-04:00,41.57500076293945,41.810001373291016,41.56999969482422,41.790000915527344,65833,0.0,0.0
2022-09-14 13:30:00-04:00,41.78499984741211,41.79999923706055,41.61000061035156,41.709999084472656,69638,0.0,0.0
2022-09-14 14:30:00-04:00,41.70989990234375,41.73500061035156,41.5099983215332,41.58000183105469,77875,0.0,0.0
2022-09-14 15:30:00-04:00,41.58000183105469,41.779998779296875,41.52000045776367,41.779998779296875,137624,0.0,0.0
2022-09-15 09:30:00-04:00,41.54999923706055,41.54999923706055,41.13999938964844,41.220001220703125,141225,0.0,0.0
2022-09-15 10:30:00-04:00,41.22999954223633,41.470001220703125,41.10499954223633,41.459999084472656,120819,0.0,0.0
2022-09-15 11:30:00-04:00,41.474998474121094,41.474998474121094,41.08000183105469,41.119998931884766,107571,0.0,0.0
2022-09-15 12:30:00-04:00,41.119998931884766,41.380001068115234,41.095001220703125,41.290000915527344,86615,0.0,0.0
2022-09-15 13:30:00-04:00,41.290000915527344,41.35499954223633,40.9900016784668,41.150001525878906,133200,0.0,0.0
2022-09-15 14:30:00-04:00,41.13999938964844,41.2599983215332,40.880001068115234,40.93000030517578,129049,0.0,0.0
2022-09-15 15:30:00-04:00,40.91999816894531,41.064998626708984,40.880001068115234,40.900001525878906,239871,0.0,0.0
2022-09-16 09:30:00-04:00,40.869998931884766,41.02000045776367,40.630001068115234,40.790000915527344,313697,0.0,0.0
2022-09-16 10:30:00-04:00,40.79999923706055,40.83000183105469,40.709999084472656,40.73500061035156,91344,0.0,0.0
2022-09-16 11:30:00-04:00,40.72999954223633,40.810001373291016,40.56999969482422,40.599998474121094,86927,0.0,0.0
2022-09-16 12:30:00-04:00,40.599998474121094,40.72999954223633,40.560001373291016,40.65999984741211,89353,0.0,0.0
2022-09-16 13:30:00-04:00,40.65999984741211,40.775001525878906,40.6349983215332,40.7400016784668,128864,0.0,0.0
2022-09-16 14:30:00-04:00,40.7400016784668,40.900001525878906,40.724998474121094,40.84000015258789,169017,0.0,0.0
2022-09-16 15:30:00-04:00,40.83000183105469,40.994998931884766,40.790000915527344,40.90999984741211,373742,0.0,0.0
2022-09-19 09:30:00-04:00,40.72999954223633,41.095001220703125,40.540000915527344,41.09000015258789,238017,0.0,0.0
2022-09-19 10:30:00-04:00,41.099998474121094,41.16999816894531,40.939998626708984,40.94499969482422,152592,0.0,0.0
2022-09-19 11:30:00-04:00,40.94499969482422,40.974998474121094,40.86000061035156,40.91999816894531,107321,0.0,0.0
2022-09-19 12:30:00-04:00,40.91999816894531,41.099998474121094,40.91999816894531,41.04999923706055,62738,0.0,0.0
2022-09-19 13:30:00-04:00,41.040000915527344,41.11000061035156,40.97999954223633,41.040000915527344,64677,0.0,0.0
2022-09-19 14:30:00-04:00,41.04499816894531,41.400001525878906,41.0099983215332,41.38999938964844,83551,0.0,0.0
2022-09-19 15:30:00-04:00,41.400001525878906,41.51750183105469,41.3650016784668,41.494998931884766,169700,0.0,0.0
2022-09-20 09:30:00-04:00,41.220001220703125,41.279998779296875,40.560001373291016,40.7599983215332,101229,0.0,0.0
2022-09-20 10:30:00-04:00,40.77000045776367,40.939998626708984,40.68000030517578,40.720001220703125,75630,0.0,0.0
2022-09-20 11:30:00-04:00,40.709999084472656,40.91999816894531,40.6171989440918,40.84000015258789,73378,0.0,0.0
2022-09-20 12:30:00-04:00,40.84000015258789,40.939998626708984,40.814998626708984,40.880001068115234,90264,0.0,0.0
2022-09-20 13:30:00-04:00,40.880001068115234,41.04999923706055,40.85499954223633,41.02000045776367,129834,0.0,0.0
2022-09-20 14:30:00-04:00,40.9900016784668,41.04999923706055,40.849998474121094,41.02000045776367,83204,0.0,0.0
2022-09-20 15:30:00-04:00,41.0099983215332,41.185001373291016,40.970001220703125,41.02000045776367,197115,0.0,0.0
2022-09-21 09:30:00-04:00,41.38999938964844,41.65999984741211,41.2400016784668,41.540000915527344,92211,0.0,0.0
2022-09-21 10:30:00-04:00,41.54999923706055,41.560001373291016,41.279998779296875,41.33000183105469,56305,0.0,0.0
2022-09-21 11:30:00-04:00,41.33000183105469,41.470001220703125,41.33000183105469,41.45000076293945,56502,0.0,0.0
2022-09-21 12:30:00-04:00,41.459999084472656,41.5099983215332,41.415000915527344,41.43000030517578,39621,0.0,0.0
2022-09-21 13:30:00-04:00,41.45000076293945,41.459999084472656,40.86000061035156,40.904998779296875,70527,0.0,0.0
2022-09-21 14:30:00-04:00,40.904998779296875,41.47999954223633,40.81999969482422,40.959999084472656,135254,0.0,0.0
2022-09-21 15:30:00-04:00,40.91999816894531,41.0,40.650001525878906,40.650001525878906,192590,0.0,0.0
2022-09-22 09:30:00-04:00,40.560001373291016,40.779998779296875,40.209999084472656,40.529998779296875,129674,0.0,0.0
2022-09-22 10:30:00-04:00,40.529998779296875,40.630001068115234,40.33000183105469,40.44499969482422,93241,0.0,0.0
2022-09-22 11:30:00-04:00,40.439998626708984,40.619998931884766,40.41999816894531,40.53499984741211,40724,0.0,0.0
2022-09-22 12:30:00-04:00,40.529998779296875,40.66999816894531,40.4900016784668,40.55500030517578,48667,0.0,0.0
2022-09-22 13:30:00-04:00,40.560001373291016,40.65999984741211,40.47999954223633,40.63999938964844,92623,0.0,0.0
2022-09-22 14:30:00-04:00,40.63999938964844,40.79999923706055,40.59000015258789,40.61000061035156,71358,0.0,0.0
2022-09-22 15:30:00-04:00,40.60260009765625,40.80500030517578,40.599998474121094,40.61000061035156,188789,0.0,0.0
2022-09-23 09:30:00-04:00,40.13999938964844,40.34000015258789,39.6349983215332,39.97999954223633,141220,0.0,0.0
2022-09-23 10:30:00-04:00,39.9900016784668,39.994998931884766,39.689998626708984,39.88999938964844,140949,0.0,0.0
2022-09-23 11:30:00-04:00,39.88999938964844,39.93000030517578,39.676700592041016,39.70000076293945,114883,0.0,0.0
2022-09-23 12:30:00-04:00,39.689998626708984,39.95000076293945,39.64500045776367,39.86000061035156,75610,0.0,0.0
2022-09-23 13:30:00-04:00,39.86000061035156,39.93000030517578,39.689998626708984,39.790000915527344,187972,0.0,0.0
2022-09-23 14:30:00-04:00,39.79999923706055,39.875,39.47999954223633,39.85499954223633,135470,0.0,0.0
2022-09-23 15:30:00-04:00,39.86000061035156,39.95500183105469,39.779998779296875,39.939998626708984,217829,0.0,0.0
2022-09-26 09:30:00-04:00,39.7599983215332,39.77000045776367,39.29999923706055,39.54999923706055,113007,0.0,0.0
2022-09-26 10:30:00-04:00,39.540000915527344,39.54999923706055,39.27000045776367,39.290000915527344,86344,0.0,0.0
2022-09-26 11:30:00-04:00,39.290000915527344,39.31999969482422,38.90999984741211,38.91999816894531,99491,0.0,0.0
2022-09-26 12:30:00-04:00,38.904998779296875,38.970001220703125,38.58000183105469,38.6349983215332,65331,0.0,0.0
2022-09-26 13:30:00-04:00,38.63999938964844,38.94499969482422,38.63999938964844,38.790000915527344,98701,0.0,0.0
2022-09-26 14:30:00-04:00,38.779998779296875,39.040000915527344,38.7400016784668,38.97999954223633,91253,0.0,0.0
2022-09-26 15:30:00-04:00,38.970001220703125,39.255001068115234,38.900001525878906,38.9900016784668,228828,0.0,0.0
2022-09-27 09:30:00-04:00,39.27000045776367,39.334999084472656,38.810001373291016,38.91999816894531,184715,0.0,0.0
2022-09-27 10:30:00-04:00,38.90999984741211,39.11000061035156,38.560001373291016,38.56100082397461,91644,0.0,0.0
2022-09-27 11:30:00-04:00,38.599998474121094,38.650001525878906,38.18000030517578,38.22959899902344,95167,0.0,0.0
2022-09-27 12:30:00-04:00,38.209999084472656,38.290000915527344,38.130001068115234,38.189998626708984,99219,0.0,0.0
2022-09-27 13:30:00-04:00,38.16999816894531,38.275001525878906,38.02000045776367,38.275001525878906,108589,0.0,0.0
2022-09-27 14:30:00-04:00,38.27000045776367,38.439998626708984,38.224998474121094,38.34000015258789,188349,0.0,0.0
2022-09-27 15:30:00-04:00,38.35499954223633,38.369998931884766,38.13999938964844,38.15999984741211,210471,0.0,0.0
2022-09-28 09:30:00-04:00,38.630001068115234,39.040000915527344,38.31060028076172,39.02000045776367,204619,0.0,0.0
2022-09-28 10:30:00-04:00,39.02000045776367,39.08000183105469,38.849998474121094,39.0099983215332,133982,0.0,0.0
2022-09-28 11:30:00-04:00,39.0,39.16999816894531,38.779998779296875,38.970001220703125,182836,0.0,0.0
2022-09-28 12:30:00-04:00,38.959999084472656,39.16999816894531,38.93000030517578,39.040000915527344,112933,0.0,0.0
2022-09-28 13:30:00-04:00,39.029998779296875,39.03499984741211,38.7599983215332,38.79999923706055,92064,0.0,0.0
2022-09-28 14:30:00-04:00,38.810001373291016,39.029998779296875,38.810001373291016,39.0,111810,0.0,0.0
2022-09-28 15:30:00-04:00,38.994998931884766,39.150001525878906,38.83000183105469,38.83000183105469,278385,0.0,0.0
2022-09-29 09:30:00-04:00,38.66999816894531,38.93000030517578,37.56999969482422,37.59000015258789,155458,0.0,0.0
2022-09-29 10:30:00-04:00,37.58000183105469,37.810001373291016,37.5099983215332,37.63999938964844,104276,0.0,0.0
2022-09-29 11:30:00-04:00,37.630001068115234,37.70000076293945,37.380001068115234,37.400001525878906,87530,0.0,0.0
2022-09-29 12:30:00-04:00,37.400001525878906,37.43000030517578,37.13999938964844,37.16999816894531,105004,0.0,0.0
2022-09-29 13:30:00-04:00,37.16999816894531,37.345001220703125,37.029998779296875,37.345001220703125,230023,0.0,0.0
2022-09-29 14:30:00-04:00,37.36000061035156,37.494998931884766,37.255001068115234,37.43000030517578,450615,0.0,0.0
2022-09-29 15:30:00-04:00,37.439998626708984,37.60499954223633,37.369998931884766,37.41999816894531,465519,0.0,0.0
2022-09-30 09:30:00-04:00,37.63999938964844,37.7599983215332,36.7599983215332,36.869998931884766,182955,0.0,0.0
2022-09-30 10:30:00-04:00,36.869998931884766,37.16999816894531,36.79999923706055,37.064998626708984,87365,0.0,0.0
2022-09-30 11:30:00-04:00,37.060001373291016,37.09000015258789,36.79999923706055,36.88999938964844,112433,0.0,0.0
2022-09-30 12:30:00-04:00,36.88999938964844,37.0099983215332,36.880001068115234,36.970001220703125,113946,0.0,0.0
2022-09-30 13:30:00-04:00,36.970001220703125,37.02000045776367,36.65999984741211,36.66999816894531,136717,0.0,0.0
2022-09-30 14:30:00-04:00,36.66999816894531,36.7599983215332,36.4900016784668,36.7599983215332,187228,0.0,0.0
2022-09-30 15:30:00-04:00,36.76499938964844,36.834999084472656,36.369998931884766,36.4900016784668,410118,0.0,0.0
2022-10-03 09:30:00-04:00,37.13999938964844,37.79999923706055,36.79999923706055,37.63999938964844,138650,0.0,0.0
2022-10-03 10:30:00-04:00,37.64500045776367,37.900001525878906,37.560001373291016,37.755001068115234,152756,0.0,0.0
2022-10-03 11:30:00-04:00,37.779998779296875,37.81999969482422,37.54999923706055,37.54999923706055,98887,0.0,0.0
2022-10-03 12:30:00-04:00,37.540000915527344,37.77000045776367,37.525001525878906,37.654998779296875,137255,0.0,0.0
2022-10-03 13:30:00-04:00,37.63999938964844,37.70000076293945,37.51499938964844,37.564998626708984,146422,0.0,0.0
2022-10-03 14:30:00-04:00,37.560001373291016,37.650001525878906,37.40999984741211,37.52000045776367,218814,0.0,0.0
2022-10-03 15:30:00-04:00,37.52000045776367,37.625,37.349998474121094,37.400001525878906,293426,0.0,0.0
2022-10-04 09:30:00-04:00,37.34000015258789,38.31999969482422,37.34000015258789,38.2400016784668,159090,0.0,0.0
2022-10-04 10:30:00-04:00,38.2599983215332,38.31999969482422,37.93000030517578,37.970001220703125,179141,0.0,0.0
2022-10-04 11:30:00-04:00,37.9900016784668,38.13999938964844,37.970001220703125,38.060001373291016,122037,0.0,0.0
2022-10-04 12:30:00-04:00,38.060001373291016,38.209999084472656,37.88999938964844,38.0099983215332,82098,0.0,0.0
2022-10-04 13:30:00-04:00,38.01499938964844,38.09000015258789,37.93000030517578,37.93000030517578,76295,0.0,0.0
2022-10-04 14:30:00-04:00,37.91999816894531,38.21500015258789,37.904998779296875,38.21500015258789,190931,0.0,0.0
2022-10-04 15:30:00-04:00,38.20500183105469,38.380001068115234,38.09000015258789,38.380001068115234,222515,0.0,0.0
2022-10-05 09:30:00-04:00,37.88999938964844,37.93000030517578,37.19499969482422,37.2599983215332,184421,0.0,0.0
2022-10-05 10:30:00-04:00,37.27000045776367,37.32500076293945,37.09000015258789,37.2400016784668,138437,0.0,0.0
2022-10-05 11:30:00-04:00,37.22999954223633,37.40999984741211,37.13999938964844,37.369998931884766,94608,0.0,0.0
2022-10-05 12:30:00-04:00,37.380001068115234,37.720001220703125,37.36000061035156,37.63999938964844,77317,0.0,0.0
2022-10-05 13:30:00-04:00,37.630001068115234,37.779998779296875,37.599998474121094,37.7400016784668,79254,0.0,0.0
2022-10-05 14:30:00-04:00,37.72999954223633,37.790000915527344,37.650001525878906,37.709999084472656,119296,0.0,0.0
2022-10-05 15:30:00-04:00,37.709999084472656,37.724998474121094,37.45000076293945,37.4900016784668,224887,0.0,0.0
2022-10-06 09:30:00-04:00,37.369998931884766,37.435001373291016,36.40299987792969,36.439998626708984,197895,0.0,0.0
2022-10-06 10:30:00-04:00,36.43000030517578,36.7400016784668,36.41999816894531,36.66999816894531,128295,0.0,0.0
2022-10-06 11:30:00-04:00,36.63999938964844,36.645301818847656,36.279998779296875,36.3849983215332,117845,0.0,0.0
2022-10-06 12:30:00-04:00,36.380001068115234,36.41999816894531,36.224998474121094,36.29999923706055,124512,0.0,0.0
2022-10-06 13:30:00-04:00,36.29999923706055,36.29999923706055,36.01499938964844,36.099998474121094,154600,0.0,0.0
2022-10-06 14:30:00-04:00,36.099998474121094,36.16999816894531,35.93000030517578,36.099998474121094,208022,0.0,0.0
2022-10-06 15:30:00-04:00,36.1150016784668,36.1150016784668,35.84000015258789,35.91999816894531,284833,0.0,0.0
2022-10-07 09:30:00-04:00,35.5,35.5,35.099998474121094,35.099998474121094,208667,0.0,0.0
2022-10-07 10:30:00-04:00,35.084999084472656,35.130001068115234,34.94499969482422,35.0098991394043,148061,0.0,0.0
2022-10-07 11:30:00-04:00,35.0099983215332,35.02000045776367,34.755001068115234,34.77000045776367,117137,0.0,0.0
2022-10-07 12:30:00-04:00,34.77000045776367,34.779998779296875,34.54999923706055,34.595001220703125,109821,0.0,0.0
2022-10-07 13:30:00-04:00,34.57500076293945,34.57500076293945,34.43000030517578,34.47999954223633,156782,0.0,0.0
2022-10-07 14:30:00-04:00,34.47999954223633,34.584999084472656,34.345001220703125,34.347999572753906,214294,0.0,0.0
2022-10-07 15:30:00-04:00,34.34000015258789,34.5,34.25,34.45000076293945,425989,0.0,0.0
2022-10-10 09:30:00-04:00,34.58000183105469,35.209999084472656,34.56999969482422,35.18000030517578,210605,0.0,0.0
2022-10-10 10:30:00-04:00,35.16999816894531,35.22999954223633,34.94499969482422,35.13999938964844,143358,0.0,0.0
2022-10-10 11:30:00-04:00,35.130001068115234,35.150001525878906,34.924400329589844,34.94499969482422,93991,0.0,0.0
2022-10-10 12:30:00-04:00,34.95000076293945,35.11000061035156,34.900001525878906,35.095001220703125,111294,0.0,0.0
2022-10-10 13:30:00-04:00,35.099998474121094,35.25,35.029998779296875,35.060001373291016,148733,0.0,0.0
2022-10-10 14:30:00-04:00,35.060001373291016,35.1150016784668,34.84000015258789,34.900001525878906,147965,0.0,0.0
2022-10-10 15:30:00-04:00,34.8849983215332,35.0,34.79499816894531,34.83000183105469,297306,0.0,0.0
2022-10-11 09:30:00-04:00,34.779998779296875,34.959999084472656,34.650001525878906,34.650001525878906,261876,0.0,0.0
2022-10-11 10:30:00-04:00,34.654998779296875,34.900001525878906,34.599998474121094,34.77000045776367,150317,0.0,0.0
2022-10-11 11:30:00-04:00,34.77000045776367,34.900001525878906,34.68000030517578,34.86000061035156,147192,0.0,0.0
2022-10-11 12:30:00-04:00,34.869998931884766,35.11000061035156,34.869998931884766,35.040000915527344,114493,0.0,0.0
2022-10-11 13:30:00-04:00,35.040000915527344,35.119998931884766,34.91999816894531,34.95000076293945,115381,0.0,0.0
2022-10-11 14:30:00-04:00,34.959999084472656,35.029998779296875,34.5,34.61000061035156,178957,0.0,0.0
2022-10-11 15:30:00-04:00,34.61000061035156,34.72999954223633,34.54999923706055,34.720001220703125,354335,0.0,0.0
2022-10-12 09:30:00-04:00,34.630001068115234,34.650001525878906,34.310001373291016,34.373600006103516,117751,0.0,0.0
2022-10-12 10:30:00-04:00,34.36000061035156,34.5099983215332,34.36000061035156,34.40999984741211,145168,0.0,0.0
2022-10-12 11:30:00-04:00,34.41999816894531,34.45000076293945,34.2599983215332,34.275001525878906,128996,0.0,0.0
2022-10-12 12:30:00-04:00,34.27000045776367,34.28499984741211,34.119998931884766,34.165000915527344,69955,0.0,0.0
2022-10-12 13:30:00-04:00,34.185001373291016,34.224998474121094,34.005001068115234,34.209999084472656,111797,0.0,0.0
2022-10-12 14:30:00-04:00,34.224998474121094,34.23500061035156,33.959999084472656,34.09000015258789,151815,0.0,0.0
2022-10-12 15:30:00-04:00,34.099998474121094,34.14500045776367,33.959999084472656,33.970001220703125,199904,0.0,0.0
2022-10-13 09:30:00-04:00,33.61000061035156,33.66999816894531,33.279998779296875,33.48500061035156,200834,0.0,0.0
2022-10-13 10:30:00-04:00,33.4900016784668,33.810001373291016,33.29999923706055,33.72999954223633,153133,0.0,0.0
2022-10-13 11:30:00-04:00,33.77000045776367,34.189998626708984,33.72999954223633,33.970001220703125,141893,0.0,0.0
2022-10-13 12:30:00-04:00,33.93000030517578,34.310001373291016,33.900001525878906,34.29999923706055,124113,0.0,0.0
2022-10-13 13:30:00-04:00,34.31999969482422,34.41999816894531,34.29999923706055,34.31999969482422,119781,0.0,0.0
2022-10-13 14:30:00-04:00,34.33000183105469,34.650001525878906,34.31999969482422,34.540000915527344,144957,0.0,0.0
2022-10-13 15:30:00-04:00,34.54499816894531,34.54999923706055,34.34000015258789,34.4900016784668,383820,0.0,0.0
2022-10-14 09:30:00-04:00,34.72999954223633,35.0099983215332,34.15999984741211,34.34000015258789,146642,0.0,0.0
2022-10-14 10:30:00-04:00,34.27000045776367,34.5,34.11000061035156,34.20000076293945,213932,0.0,0.0
2022-10-14 11:30:00-04:00,34.209999084472656,34.209999084472656,33.83000183105469,33.88999938964844,75662,0.0,0.0
2022-10-14 12:30:00-04:00,33.95000076293945,34.04999923706055,33.81999969482422,33.90999984741211,74656,0.0,0.0
2022-10-14 13:30:00-04:00,33.900001525878906,33.939998626708984,33.810001373291016,33.84000015258789,98021,0.0,0.0
2022-10-14 14:30:00-04:00,33.84000015258789,33.89500045776367,33.619998931884766,33.76499938964844,213205,0.0,0.0
2022-10-14 15:30:00-04:00,33.7599983215332,33.834999084472656,33.689998626708984,33.790000915527344,252357,0.0,0.0
2022-10-17 09:30:00-04:00,34.16999816894531,34.93000030517578,34.15999984741211,34.7400016784668,183314,0.0,0.0
2022-10-17 10:30:00-04:00,34.7400016784668,35.130001068115234,34.709999084472656,34.970001220703125,141023,0.0,0.0
2022-10-17 11:30:00-04:00,34.959999084472656,35.02000045776367,34.779998779296875,34.83000183105469,89877,0.0,0.0
2022-10-17 12:30:00-04:00,34.82500076293945,34.82500076293945,34.68000030517578,34.75,85945,0.0,0.0
2022-10-17 13:30:00-04:00,34.7599983215332,34.849998474121094,34.58000183105469,34.6150016784668,113563,0.0,0.0
2022-10-17 14:30:00-04:00,34.61000061035156,34.66999816894531,34.525001525878906,34.540000915527344,109927,0.0,0.0
2022-10-17 15:30:00-04:00,34.540000915527344,34.64500045776367,34.4900016784668,34.56999969482422,231972,0.0,0.0
2022-10-18 09:30:00-04:00,35.04999923706055,35.470001220703125,34.97999954223633,35.189998626708984,190974,0.0,0.0
2022-10-18 10:30:00-04:00,35.185001373291016,35.27000045776367,34.81999969482422,34.849998474121094,143919,0.0,0.0
2022-10-18 11:30:00-04:00,34.86000061035156,35.02000045776367,34.83000183105469,34.970001220703125,130657,0.0,0.0
2022-10-18 12:30:00-04:00,34.970001220703125,35.20000076293945,34.939998626708984,35.130001068115234,130361,0.0,0.0
2022-10-18 13:30:00-04:00,35.130001068115234,35.22999954223633,35.060001373291016,35.130001068115234,130787,0.0,0.0
2022-10-18 14:30:00-04:00,35.1349983215332,35.13999938964844,34.88999938964844,34.9900016784668,162315,0.0,0.0
2022-10-18 15:30:00-04:00,34.95000076293945,35.13999938964844,34.95000076293945,35.13999938964844,306783,0.0,0.0
2022-10-19 09:30:00-04:00,34.650001525878906,35.119998931884766,34.54499816894531,35.08000183105469,110948,0.0,0.0
2022-10-19 10:30:00-04:00,35.084999084472656,35.09000015258789,34.83000183105469,34.849998474121094,117401,0.0,0.0
2022-10-19 11:30:00-04:00,34.83000183105469,34.91999816894531,34.720001220703125,34.7599983215332,91674,0.0,0.0
2022-10-19 12:30:00-04:00,34.755001068115234,34.810001373291016,34.59000015258789,34.71500015258789,81254,0.0,0.0
2022-10-19 13:30:00-04:00,34.712501525878906,34.96500015258789,34.689998626708984,34.900001525878906,79659,0.0,0.0
2022-10-19 14:30:00-04:00,34.900001525878906,35.07500076293945,34.86000061035156,34.98500061035156,113776,0.0,0.0
2022-10-19 15:30:00-04:00,34.98500061035156,35.0099983215332,34.78499984741211,34.81999969482422,278208,0.0,0.0
2022-10-20 09:30:00-04:00,34.849998474121094,34.94940185546875,34.560001373291016,34.71500015258789,142500,0.0,0.0
2022-10-20 10:30:00-04:00,34.72999954223633,34.77000045776367,34.5099983215332,34.560001373291016,116139,0.0,0.0
2022-10-20 11:30:00-04:00,34.560001373291016,34.68000030517578,34.369998931884766,34.400001525878906,93693,0.0,0.0
2022-10-20 12:30:00-04:00,34.400001525878906,34.41999816894531,34.209999084472656,34.40999984741211,76506,0.0,0.0
2022-10-20 13:30:00-04:00,34.40999984741211,34.40999984741211,34.13999938964844,34.154998779296875,105029,0.0,0.0
2022-10-20 14:30:00-04:00,34.150001525878906,34.314998626708984,34.13999938964844,34.209999084472656,105614,0.0,0.0
2022-10-20 15:30:00-04:00,34.20000076293945,34.48899841308594,34.16999816894531,34.345001220703125,195290,0.0,0.0
2022-10-21 09:30:00-04:00,34.529998779296875,34.75,34.310001373291016,34.439998626708984,125630,0.0,0.0
2022-10-21 10:30:00-04:00,34.45000076293945,34.59000015258789,34.34000015258789,34.560001373291016,91232,0.0,0.0
2022-10-21 11:30:00-04:00,34.56999969482422,34.689998626708984,34.5099983215332,34.61000061035156,128573,0.0,0.0
2022-10-21 12:30:00-04:00,34.619998931884766,34.88999938964844,34.599998474121094,34.8849983215332,72409,0.0,0.0
2022-10-21 13:30:00-04:00,34.8849983215332,35.06999969482422,34.8849983215332,35.0099983215332,85672,0.0,0.0
2022-10-21 14:30:00-04:00,35.0099983215332,35.15999984741211,34.9900016784668,35.130001068115234,125554,0.0,0.0
2022-10-21 15:30:00-04:00,35.130001068115234,35.130001068115234,34.90999984741211,34.95000076293945,199671,0.0,0.0
2022-10-24 09:30:00-04:00,35.20000076293945,35.369998931884766,34.67499923706055,34.75,200100,0.0,0.0
2022-10-24 10:30:00-04:00,34.744998931884766,34.89500045776367,34.619998931884766,34.82500076293945,132227,0.0,0.0
2022-10-24 11:30:00-04:00,34.81999969482422,34.98500061035156,34.76499938964844,34.97999954223633,160892,0.0,0.0
2022-10-24 12:30:00-04:00,34.97999954223633,35.0099983215332,34.810001373291016,34.89500045776367,89153,0.0,0.0
2022-10-24 13:30:00-04:00,34.88999938964844,34.98500061035156,34.86000061035156,34.95500183105469,129619,0.0,0.0
2022-10-24 14:30:00-04:00,34.95500183105469,35.07500076293945,34.95000076293945,35.05500030517578,184049,0.0,0.0
2022-10-24 15:30:00-04:00,35.04499816894531,35.060001373291016,34.939998626708984,35.040000915527344,260231,0.0,0.0
2022-10-25 09:30:00-04:00,35.0,35.599998474121094,34.95000076293945,35.58000183105469,147927,0.0,0.0
2022-10-25 10:30:00-04:00,35.56999969482422,35.779998779296875,35.55500030517578,35.7599983215332,121442,0.0,0.0
2022-10-25 11:30:00-04:00,35.755001068115234,36.09000015258789,35.755001068115234,36.03499984741211,160957,0.0,0.0
2022-10-25 12:30:00-04:00,36.025001525878906,36.095001220703125,35.880001068115234,35.90999984741211,77122,0.0,0.0
2022-10-25 13:30:00-04:00,35.915000915527344,35.959999084472656,35.75299835205078,35.755001068115234,92112,0.0,0.0
2022-10-25 14:30:00-04:00,35.7682991027832,35.88999938964844,35.724998474121094,35.86000061035156,109272,0.0,0.0
2022-10-25 15:30:00-04:00,35.845001220703125,36.005001068115234,35.845001220703125,35.96500015258789,222885,0.0,0.0
2022-10-26 09:30:00-04:00,36.16999816894531,36.470001220703125,35.90999984741211,36.119998931884766,259373,0.0,0.0
2022-10-26 10:30:00-04:00,36.119998931884766,36.119998931884766,35.91999816894531,36.0,103548,0.0,0.0
2022-10-26 11:30:00-04:00,35.9900016784668,36.2400016784668,35.9900016784668,36.099998474121094,92872,0.0,0.0
2022-10-26 12:30:00-04:00,36.095001220703125,36.15999984741211,35.9900016784668,36.11000061035156,80762,0.0,0.0
2022-10-26 13:30:00-04:00,36.119998931884766,36.14500045776367,36.029998779296875,36.03499984741211,94069,0.0,0.0
2022-10-26 14:30:00-04:00,36.040000915527344,36.042999267578125,35.939998626708984,35.95500183105469,117279,0.0,0.0
2022-10-26 15:30:00-04:00,35.96799850463867,36.1150016784668,35.95000076293945,35.970001220703125,224732,0.0,0.0
2022-10-27 09:30:00-04:00,36.31999969482422,36.58000183105469,36.279998779296875,36.38999938964844,134532,0.0,0.0
2022-10-27 10:30:00-04:00,36.400001525878906,36.459999084472656,36.189998626708984,36.34000015258789,88258,0.0,0.0
2022-10-27 11:30:00-04:00,36.33000183105469,36.36000061035156,36.06999969482422,36.06999969482422,67557,0.0,0.0
2022-10-27 12:30:00-04:00,36.06999969482422,36.34130096435547,36.06999969482422,36.26499938964844,64635,0.0,0.0
2022-10-27 13:30:00-04:00,36.26470184326172,36.26499938964844,36.095001220703125,36.13999938964844,60273,0.0,0.0
2022-10-27 14:30:00-04:00,36.150001525878906,36.150001525878906,35.95000076293945,36.064998626708984,0,0.0,0.0
2022-10-27 15:30:00-04:00,36.064998626708984,36.150001525878906,35.90999984741211,36.0099983215332,716384,0.0,0.0
2022-10-28 09:30:00-04:00,36.189998626708984,36.65999984741211,36.040000915527344,36.52000045776367,156179,0.0,0.0
2022-10-28 10:30:00-04:00,36.529998779296875,36.7599983215332,36.52000045776367,36.68000030517578,132806,0.0,0.0
2022-10-28 11:30:00-04:00,36.68000030517578,36.915000915527344,36.63999938964844,36.86109924316406,104696,0.0,0.0
2022-10-28 12:30:00-04:00,36.8650016784668,36.900001525878906,36.78499984741211,36.790000915527344,86742,0.0,0.0
2022-10-28 13:30:00-04:00,36.79999923706055,36.810001373291016,36.650001525878906,36.692298889160156,100369,0.0,0.0
2022-10-28 14:30:00-04:00,36.69499969482422,36.880001068115234,36.689998626708984,36.875,113568,0.0,0.0
2022-10-28 15:30:00-04:00,36.869998931884766,36.959999084472656,36.81999969482422,36.91999816894531,175498,0.0,0.0
2022-10-31 09:30:00-04:00,36.720001220703125,36.875,36.459999084472656,36.65999984741211,75212,0.0,0.0
2022-10-31 10:30:00-04:00,36.650001525878906,36.849998474121094,36.599998474121094,36.81999969482422,54313,0.0,0.0
2022-10-31 11:30:00-04:00,36.790000915527344,36.92499923706055,36.68000030517578,36.68000030517578,61974,0.0,0.0
2022-10-31 12:30:00-04:00,36.689998626708984,36.7400016784668,36.59000015258789,36.7400016784668,45214,0.0,0.0
2022-10-31 13:30:00-04:00,36.7400016784668,36.7599983215332,36.650001525878906,36.650001525878906,53573,0.0,0.0
2022-10-31 14:30:00-04:00,36.64500045776367,36.75,36.560001373291016,36.69499969482422,81722,0.0,0.0
2022-10-31 15:30:00-04:00,36.689998626708984,36.724998474121094,36.599998474121094,36.63999938964844,216515,0.0,0.0
2022-11-01 09:30:00-04:00,36.79999923706055,36.83000183105469,36.54999923706055,36.779998779296875,106907,0.0,0.0
2022-11-01 10:30:00-04:00,36.790000915527344,36.89500045776367,36.647499084472656,36.810001373291016,181010,0.0,0.0
2022-11-01 11:30:00-04:00,36.81999969482422,37.13999938964844,36.790000915527344,37.040000915527344,75697,0.0,0.0
2022-11-01 12:30:00-04:00,37.040000915527344,37.125,36.974998474121094,37.09000015258789,84423,0.0,0.0
2022-11-01 13:30:00-04:00,37.09000015258789,37.09000015258789,36.90999984741211,36.97999954223633,91750,0.0,0.0
2022-11-01 14:30:00-04:00,36.9900016784668,37.0,36.810001373291016,36.91999816894531,93951,0.0,0.0
2022-11-01 15:30:00-04:00,36.92900085449219,36.97999954223633,36.81999969482422,36.935001373291016,315040,0.0,0.0
2022-11-02 09:30:00-04:00,36.70000076293945,36.93000030517578,36.630001068115234,36.86000061035156,60115,0.0,0.0
2022-11-02 10:30:00-04:00,36.869998931884766,37.02989959716797,36.79999923706055,37.0,71143,0.0,0.0
2022-11-02 11:30:00-04:00,36.98500061035156,37.04499816894531,36.939998626708984,36.959999084472656,57804,0.0,0.0
2022-11-02 12:30:00-04:00,36.959999084472656,37.064998626708984,36.95500183105469,37.029998779296875,66689,0.0,0.0
2022-11-02 13:30:00-04:00,37.029998779296875,37.459999084472656,37.029998779296875,37.439998626708984,110514,0.0,0.0
2022-11-02 14:30:00-04:00,37.439998626708984,37.4900016784668,36.59000015258789,36.65999984741211,245403,0.0,0.0
2022-11-02 15:30:00-04:00,36.65999984741211,36.66999816894531,36.349998474121094,36.380001068115234,370728,0.0,0.0
2022-11-03 09:30:00-04:00,37.11000061035156,37.11000061035156,35.849998474121094,36.380001068115234,413756,0.0,0.0
2022-11-03 10:30:00-04:00,36.38999938964844,36.65999984741211,36.279998779296875,36.619998931884766,233808,0.0,0.0
2022-11-03 11:30:00-04:00,36.61000061035156,36.91999816894531,36.5,36.84000015258789,263278,0.0,0.0
2022-11-03 12:30:00-04:00,36.834999084472656,37.06999969482422,36.720001220703125,37.0099983215332,209174,0.0,0.0
2022-11-03 13:30:00-04:00,37.02000045776367,37.33000183105469,36.97999954223633,37.29999923706055,170509,0.0,0.0
2022-11-03 14:30:00-04:00,37.29999923706055,37.31850051879883,37.04999923706055,37.064998626708984,190171,0.0,0.0
2022-11-03 15:30:00-04:00,37.064998626708984,37.150001525878906,36.9900016784668,37.064998626708984,350356,0.0,0.0
2022-11-04 09:30:00-04:00,37.22999954223633,37.61840057373047,37.060001373291016,37.529998779296875,323424,0.0,0.0
2022-11-04 10:30:00-04:00,37.52000045776367,37.60499954223633,37.18000030517578,37.18000030517578,170370,0.0,0.0
2022-11-04 11:30:00-04:00,37.150001525878906,37.25,36.880001068115234,37.03499984741211,200133,0.0,0.0
2022-11-04 12:30:00-04:00,37.02000045776367,37.25,36.90999984741211,37.209999084472656,209094,0.0,0.0
2022-11-04 13:30:00-04:00,37.209999084472656,37.2599983215332,37.060001373291016,37.150001525878906,101862,0.0,0.0
2022-11-04 14:30:00-04:00,37.154998779296875,37.349998474121094,37.09000015258789,37.34000015258789,158648,0.0,0.0
2022-11-04 15:30:00-04:00,37.345001220703125,37.58000183105469,37.29999923706055,37.55699920654297,286448,0.0,0.0
2022-11-07 09:30:00-05:00,37.66999816894531,37.68000030517578,37.060001373291016,37.09000015258789,324892,0.0,0.0
2022-11-07 10:30:00-05:00,37.11000061035156,37.150001525878906,36.83000183105469,36.939998626708984,134079,0.0,0.0
2022-11-07 11:30:00-05:00,36.91999816894531,36.939998626708984,36.525001525878906,36.595001220703125,160262,0.0,0.0
2022-11-07 12:30:00-05:00,36.58000183105469,36.70000076293945,36.400001525878906,36.404998779296875,159387,0.0,0.0
2022-11-07 13:30:00-05:00,36.40999984741211,36.7400016784668,36.33000183105469,36.7400016784668,132545,0.0,0.0
2022-11-07 14:30:00-05:00,36.7400016784668,36.810001373291016,36.6349983215332,36.69499969482422,543896,0.0,0.0
2022-11-07 15:30:00-05:00,36.69499969482422,36.7400016784668,36.654998779296875,36.70000076293945,463571,0.0,0.0
2022-11-08 09:30:00-05:00,36.849998474121094,37.22999954223633,36.63999938964844,37.22999954223633,188240,0.0,0.0
2022-11-08 10:30:00-05:00,37.25,37.36000061035156,37.18000030517578,37.310001373291016,115136,0.0,0.0
2022-11-08 11:30:00-05:00,37.29999923706055,37.380001068115234,37.279998779296875,37.34000015258789,84921,0.0,0.0
2022-11-08 12:30:00-05:00,37.33000183105469,37.470001220703125,37.15999984741211,37.165000915527344,63637,0.0,0.0
2022-11-08 13:30:00-05:00,37.15999984741211,37.290000915527344,36.95000076293945,36.95000076293945,100831,0.0,0.0
2022-11-08 14:30:00-05:00,36.95000076293945,37.36000061035156,36.90999984741211,37.36000061035156,112634,0.0,0.0
2022-11-08 15:30:00-05:00,37.349998474121094,37.45000076293945,37.18000030517578,37.244998931884766,224451,0.0,0.0
2022-11-09 09:30:00-05:00,36.9900016784668,37.58000183105469,36.93000030517578,37.279998779296875,313881,0.0,0.0
2022-11-09 10:30:00-05:00,37.29999923706055,37.400001525878906,37.06999969482422,37.34000015258789,96492,0.0,0.0
2022-11-09 11:30:00-05:00,37.33000183105469,37.40999984741211,37.27000045776367,37.279998779296875,81679,0.0,0.0
2022-11-09 12:30:00-05:00,37.279998779296875,37.290000915527344,37.060001373291016,37.060001373291016,91793,0.0,0.0
2022-11-09 13:30:00-05:00,37.04999923706055,37.130001068115234,36.939998626708984,37.060001373291016,90245,0.0,0.0
2022-11-09 14:30:00-05:00,37.04999923706055,37.15999984741211,36.98500061035156,37.09000015258789,135547,0.0,0.0
2022-11-09 15:30:00-05:00,37.08000183105469,37.130001068115234,36.94499969482422,37.08000183105469,286690,0.0,0.0
2022-11-10 09:30:00-05:00,37.9900016784668,38.150001525878906,37.39500045776367,37.90999984741211,203230,0.0,0.0
2022-11-10 10:30:00-05:00,37.90999984741211,38.119998931884766,37.83000183105469,38.06999969482422,128138,0.0,0.0
2022-11-10 11:30:00-05:00,38.07500076293945,38.27000045776367,38.04999923706055,38.04999923706055,99235,0.0,0.0
2022-11-10 12:30:00-05:00,38.040000915527344,38.060001373291016,37.83000183105469,38.01499938964844,91762,0.0,0.0
2022-11-10 13:30:00-05:00,38.02000045776367,38.15999984741211,37.97999954223633,38.095001220703125,97311,0.0,0.0
2022-11-10 14:30:00-05:00,38.095001220703125,38.43000030517578,38.060001373291016,38.400001525878906,146970,0.0,0.0
2022-11-10 15:30:00-05:00,38.404998779296875,38.60499954223633,38.349998474121094,38.560001373291016,259970,0.0,0.0
2022-11-11 09:30:00-05:00,38.58000183105469,38.58000183105469,38.22999954223633,38.439998626708984,137590,0.0,0.0
2022-11-11 10:30:00-05:00,38.439998626708984,38.45000076293945,37.9900016784668,38.084999084472656,101427,0.0,0.0
2022-11-11 11:30:00-05:00,38.08000183105469,38.18000030517578,37.970001220703125,38.11000061035156,80628,0.0,0.0
2022-11-11 12:30:00-05:00,38.11000061035156,38.150001525878906,37.869998931884766,37.89500045776367,87014,0.0,0.0
2022-11-11 13:30:00-05:00,37.900001525878906,38.290000915527344,37.86000061035156,38.244998931884766,102292,0.0,0.0
2022-11-11 14:30:00-05:00,38.22999954223633,38.3650016784668,38.16999816894531,38.3650016784668,113958,0.0,0.0
2022-11-11 15:30:00-05:00,38.36000061035156,38.41999816894531,38.25,38.400001525878906,348067,0.0,0.0
2022-11-14 09:30:00-05:00,38.380001068115234,38.540000915527344,38.08000183105469,38.40999984741211,206004,0.0,0.0
2022-11-14 10:30:00-05:00,38.40999984741211,38.560001373291016,38.25,38.290000915527344,107285,0.0,0.0
2022-11-14 11:30:00-05:00,38.290000915527344,38.4900016784668,38.27000045776367,38.4900016784668,65176,0.0,0.0
2022-11-14 12:30:00-05:00,38.5,38.599998474121094,38.4900016784668,38.560001373291016,55589,0.0,0.0
2022-11-14 13:30:00-05:00,38.54999923706055,38.6150016784668,38.349998474121094,38.40999984741211,68631,0.0,0.0
2022-11-14 14:30:00-05:00,38.41999816894531,38.459999084472656,38.25,38.279998779296875,107533,0.0,0.0
2022-11-14 15:30:00-05:00,38.28499984741211,38.349998474121094,38.099998474121094,38.13999938964844,254973,0.0,0.0
2022-11-15 09:30:00-05:00,38.470001220703125,38.779998779296875,38.209999084472656,38.650001525878906,87328,0.0,0.0
2022-11-15 10:30:00-05:00,38.65999984741211,38.66999816894531,38.400001525878906,38.415000915527344,102011,0.0,0.0
2022-11-15 11:30:00-05:00,38.41999816894531,38.54499816894531,38.369998931884766,38.380001068115234,159162,0.0,0.0
2022-11-15 12:30:00-05:00,38.3849983215332,38.459999084472656,38.130001068115234,38.15999984741211,110443,0.0,0.0
2022-11-15 13:30:00-05:00,38.15999984741211,38.33000183105469,38.029998779296875,38.25,157019,0.0,0.0
2022-11-15 14:30:00-05:00,38.25,38.41999816894531,38.15039825439453,38.28499984741211,171243,0.0,0.0
2022-11-15 15:30:00-05:00,38.290000915527344,38.470001220703125,38.2400016784668,38.2599983215332,295671,0.0,0.0
2022-11-16 09:30:00-05:00,38.29999923706055,38.720001220703125,38.244998931884766,38.65999984741211,106671,0.0,0.0
2022-11-16 10:30:00-05:00,38.63999938964844,38.83000183105469,38.57500076293945,38.79999923706055,91954,0.0,0.0
2022-11-16 11:30:00-05:00,38.79999923706055,38.81999969482422,38.52000045776367,38.529998779296875,89096,0.0,0.0
2022-11-16 12:30:00-05:00,38.51499938964844,38.619998931884766,38.48500061035156,38.48500061035156,108726,0.0,0.0
2022-11-16 13:30:00-05:00,38.47999954223633,38.56999969482422,38.40999984741211,38.52000045776367,73284,0.0,0.0
2022-11-16 14:30:00-05:00,38.529998779296875,38.84000015258789,38.5,38.834999084472656,153044,0.0,0.0
2022-11-16 15:30:00-05:00,38.834999084472656,38.90999984741211,38.72999954223633,38.779998779296875,336957,0.0,0.0
2022-11-17 09:30:00-05:00,38.31999969482422,38.5099983215332,38.119998931884766,38.33000183105469,165917,0.0,0.0
2022-11-17 10:30:00-05:00,38.33000183105469,38.33000183105469,38.07500076293945,38.18000030517578,67167,0.0,0.0
2022-11-17 11:30:00-05:00,38.18000030517578,38.2599983215332,38.025001525878906,38.247398376464844,49313,0.0,0.0
2022-11-17 12:30:00-05:00,38.2400016784668,38.39500045776367,38.220001220703125,38.349998474121094,66529,0.0,0.0
2022-11-17 13:30:00-05:00,38.36000061035156,38.400001525878906,38.2599983215332,38.29499816894531,81463,0.0,0.0
2022-11-17 14:30:00-05:00,38.290000915527344,38.290000915527344,38.029998779296875,38.11000061035156,152101,0.0,0.0
2022-11-17 15:30:00-05:00,38.11000061035156,38.41999816894531,38.10499954223633,38.40999984741211,303373,0.0,0.0
2022-11-18 09:30:00-05:00,38.880001068115234,39.029998779296875,38.619998931884766,38.709999084472656,94106,0.0,0.0
2022-11-18 10:30:00-05:00,38.70500183105469,38.849998474121094,38.58000183105469,38.84000015258789,128108,0.0,0.0
2022-11-18 11:30:00-05:00,38.849998474121094,38.89500045776367,38.72999954223633,38.779998779296875,39142,0.0,0.0
2022-11-18 12:30:00-05:00,38.779998779296875,38.92499923706055,38.7400016784668,38.88999938964844,76136,0.0,0.0
2022-11-18 13:30:00-05:00,38.8849983215332,39.1349983215332,38.849998474121094,39.119998931884766,87607,0.0,0.0
2022-11-18 14:30:00-05:00,39.130001068115234,39.20000076293945,39.099998474121094,39.15700149536133,87113,0.0,0.0
2022-11-18 15:30:00-05:00,39.15999984741211,39.275001525878906,39.1150016784668,39.2400016784668,148690,0.0,0.0
2022-11-21 09:30:00-05:00,39.22999954223633,39.4900016784668,38.9994010925293,39.30500030517578,160464,0.0,0.0
2022-11-21 10:30:00-05:00,39.29999923706055,39.34000015258789,39.130001068115234,39.130001068115234,125866,0.0,0.0
2022-11-21 11:30:00-05:00,39.14500045776367,39.20000076293945,39.02000045776367,39.119998931884766,106796,0.0,0.0
2022-11-21 12:30:00-05:00,39.11000061035156,39.279998779296875,39.09000015258789,39.22999954223633,83478,0.0,0.0
2022-11-21 13:30:00-05:00,39.22930145263672,39.25,38.970001220703125,38.970001220703125,150758,0.0,0.0
2022-11-21 14:30:00-05:00,38.970001220703125,38.9900016784668,38.8849983215332,38.900001525878906,269673,0.0,0.0
2022-11-21 15:30:00-05:00,38.89500045776367,39.1150016784668,38.880001068115234,39.06999969482422,300185,0.0,0.0
2022-11-22 09:30:00-05:00,39.33000183105469,39.72999954223633,39.33000183105469,39.61000061035156,207557,0.0,0.0
2022-11-22 10:30:00-05:00,39.61000061035156,39.630001068115234,39.37009811401367,39.3849983215332,104391,0.0,0.0
2022-11-22 11:30:00-05:00,39.380001068115234,39.5,39.23500061035156,39.34000015258789,166793,0.0,0.0
2022-11-22 12:30:00-05:00,39.334999084472656,39.334999084472656,39.220001220703125,39.255001068115234,92511,0.0,0.0
2022-11-22 13:30:00-05:00,39.255001068115234,39.32500076293945,39.189998626708984,39.29499816894531,141266,0.0,0.0
2022-11-22 14:30:00-05:00,39.29499816894531,39.43000030517578,39.244998931884766,39.41999816894531,117866,0.0,0.0
2022-11-22 15:30:00-05:00,39.43000030517578,39.58000183105469,39.413299560546875,39.560001373291016,192073,0.0,0.0
2022-11-23 09:30:00-05:00,39.439998626708984,39.650001525878906,39.369998931884766,39.619998931884766,270761,0.0,0.0
2022-11-23 10:30:00-05:00,39.61000061035156,39.7400016784668,39.41999816894531,39.45000076293945,96028,0.0,0.0
2022-11-23 11:30:00-05:00,39.459999084472656,39.4900016784668,39.209999084472656,39.31999969482422,109822,0.0,0.0
2022-11-23 12:30:00-05:00,39.310001373291016,39.34000015258789,39.150001525878906,39.29999923706055,71496,0.0,0.0
2022-11-23 13:30:00-05:00,39.310001373291016,39.47999954223633,39.290000915527344,39.380001068115234,117578,0.0,0.0
2022-11-23 14:30:00-05:00,39.369998931884766,39.52000045776367,39.255001068115234,39.52000045776367,113121,0.0,0.0
2022-11-23 15:30:00-05:00,39.51499938964844,39.72999954223633,39.505001068115234,39.685001373291016,119239,0.0,0.0
2022-11-25 09:30:00-05:00,39.95000076293945,40.209999084472656,39.86000061035156,40.10499954223633,65227,0.0,0.0
2022-11-25 10:30:00-05:00,40.099998474121094,40.099998474121094,39.875,39.915000915527344,77491,0.0,0.0
2022-11-25 11:30:00-05:00,39.91999816894531,40.0,39.88999938964844,39.93000030517578,86615,0.0,0.0
2022-11-28 09:30:00-05:00,39.619998931884766,40.02000045776367,39.43000030517578,39.779998779296875,127069,0.0,0.0
2022-11-28 10:30:00-05:00,39.790000915527344,39.86000061035156,39.720001220703125,39.790000915527344,63944,0.0,0.0
2022-11-28 11:30:00-05:00,39.790000915527344,39.880001068115234,39.72999954223633,39.869998931884766,55404,0.0,0.0
2022-11-28 12:30:00-05:00,39.875,39.915000915527344,39.70000076293945,39.775001525878906,45173,0.0,0.0
2022-11-28 13:30:00-05:00,39.775001525878906,39.78499984741211,39.6150016784668,39.6150016784668,62510,0.0,0.0
2022-11-28 14:30:00-05:00,39.61000061035156,39.744998931884766,39.584999084472656,39.69499969482422,82909,0.0,0.0
2022-11-28 15:30:00-05:00,39.69499969482422,39.790000915527344,39.650001525878906,39.7400016784668,181927,0.0,0.0
2022-11-29 09:30:00-05:00,39.630001068115234,39.8400993347168,39.29999923706055,39.790000915527344,115346,0.0,0.0
2022-11-29 10:30:00-05:00,39.79999923706055,39.83000183105469,39.560001373291016,39.59000015258789,55788,0.0,0.0
2022-11-29 11:30:00-05:00,39.627498626708984,39.724998474121094,39.595001220703125,39.619998931884766,62478,0.0,0.0
2022-11-29 12:30:00-05:00,39.625,39.709999084472656,39.560001373291016,39.560001373291016,101111,0.0,0.0
2022-11-29 13:30:00-05:00,39.56999969482422,39.65999984741211,39.540000915527344,39.540000915527344,49963,0.0,0.0
2022-11-29 14:30:00-05:00,39.540000915527344,39.66999816894531,39.525001525878906,39.61949920654297,64799,0.0,0.0
2022-11-29 15:30:00-05:00,39.619998931884766,39.720001220703125,39.619998931884766,39.66999816894531,144736,0.0,0.0
2022-11-30 09:30:00-05:00,39.560001373291016,39.7599983215332,39.33919906616211,39.369998931884766,113170,0.0,0.0
2022-11-30 10:30:00-05:00,39.35499954223633,39.529998779296875,39.34000015258789,39.5,92222,0.0,0.0
2022-11-30 11:30:00-05:00,39.505001068115234,39.584999084472656,39.380001068115234,39.4900016784668,191665,0.0,0.0
2022-11-30 12:30:00-05:00,39.4900016784668,39.58000183105469,39.404998779296875,39.560001373291016,73621,0.0,0.0
2022-11-30 13:30:00-05:00,39.560001373291016,40.13999938964844,39.529998779296875,40.099998474121094,131797,0.0,0.0
2022-11-30 14:30:00-05:00,40.09000015258789,40.30500030517578,40.04999923706055,40.29499816894531,135115,0.0,0.0
2022-11-30 15:30:00-05:00,40.30500030517578,40.4900016784668,40.28499984741211,40.459999084472656,357090,0.0,0.0
2022-12-01 09:30:00-05:00,40.79999923706055,40.93000030517578,40.45000076293945,40.45000076293945,97303,0.0,0.0
2022-12-01 10:30:00-05:00,40.41999816894531,40.459999084472656,40.220001220703125,40.2400016784668,114780,0.0,0.0
2022-12-01 11:30:00-05:00,40.2400016784668,40.290000915527344,40.150001525878906,40.224998474121094,107279,0.0,0.0
2022-12-01 12:30:00-05:00,40.22999954223633,40.25,39.9900016784668,40.0099983215332,70767,0.0,0.0
2022-12-01 13:30:00-05:00,39.994998931884766,40.0,39.689998626708984,39.77000045776367,193453,0.0,0.0
2022-12-01 14:30:00-05:00,39.779998779296875,39.95000076293945,39.77000045776367,39.834999084472656,132414,0.0,0.0
2022-12-01 15:30:00-05:00,39.83000183105469,39.93000030517578,39.79999923706055,39.845001220703125,216977,0.0,0.0
2022-12-02 09:30:00-05:00,39.38999938964844,39.58000183105469,39.279998779296875,39.410099029541016,143005,0.0,0.0
2022-12-02 10:30:00-05:00,39.400001525878906,39.619998931884766,39.380001068115234,39.55500030517578,91070,0.0,0.0
2022-12-02 11:30:00-05:00,39.540000915527344,39.6349983215332,39.505001068115234,39.58470153808594,72906,0.0,0.0
2022-12-02 12:30:00-05:00,39.59000015258789,39.66999816894531,39.54499816894531,39.66999816894531,63721,0.0,0.0
2022-12-02 13:30:00-05:00,39.68000030517578,39.797000885009766,39.68000030517578,39.7400016784668,79965,0.0,0.0
2022-12-02 14:30:00-05:00,39.724998474121094,39.849998474121094,39.70500183105469,39.755001068115234,113816,0.0,0.0
2022-12-02 15:30:00-05:00,39.7599983215332,39.78499984741211,39.60499954223633,39.650001525878906,253900,0.0,0.0
2022-12-05 09:30:00-05:00,39.150001525878906,39.349998474121094,39.06999969482422,39.25,103077,0.0,0.0
2022-12-05 10:30:00-05:00,39.25,39.53499984741211,39.2400016784668,39.52000045776367,101176,0.0,0.0
2022-12-05 11:30:00-05:00,39.529998779296875,39.55500030517578,39.290000915527344,39.334999084472656,55809,0.0,0.0
2022-12-05 12:30:00-05:00,39.31999969482422,39.38999938964844,39.189998626708984,39.38999938964844,52490,0.0,0.0
2022-12-05 13:30:00-05:00,39.39500045776367,39.47999954223633,39.36000061035156,39.46500015258789,100115,0.0,0.0
2022-12-05 14:30:00-05:00,39.46500015258789,39.63999938964844,39.42499923706055,39.58000183105469,126693,0.0,0.0
2022-12-05 15:30:00-05:00,39.58000183105469,39.665000915527344,39.5,39.5099983215332,242350,0.0,0.0
2022-12-06 09:30:00-05:00,39.40999984741211,39.72999954223633,39.36000061035156,39.630001068115234,146084,0.0,0.0
2022-12-06 10:30:00-05:00,39.630001068115234,39.75,39.529998779296875,39.65999984741211,127136,0.0,0.0
2022-12-06 11:30:00-05:00,39.650001525878906,39.78499984741211,39.6349983215332,39.72999954223633,88946,0.0,0.0
2022-12-06 12:30:00-05:00,39.72999954223633,39.76499938964844,39.53499984741211,39.54499816894531,128836,0.0,0.0
2022-12-06 13:30:00-05:00,39.560001373291016,39.7400016784668,39.5099983215332,39.709999084472656,128231,0.0,0.0
2022-12-06 14:30:00-05:00,39.709999084472656,39.79499816894531,39.67499923706055,39.744998931884766,197780,0.0,0.0
2022-12-06 15:30:00-05:00,39.744998931884766,39.900001525878906,39.724998474121094,39.880001068115234,281250,0.0,0.0
2022-12-07 09:30:00-05:00,39.709999084472656,40.27000045776367,39.6150016784668,40.2599983215332,352812,0.0,0.0
2022-12-07 10:30:00-05:00,40.2599983215332,40.27000045776367,39.959999084472656,39.97999954223633,127434,0.0,0.0
2022-12-07 11:30:00-05:00,39.9900016784668,40.0,39.77000045776367,39.81999969482422,102861,0.0,0.0
2022-12-07 12:30:00-05:00,39.81999969482422,39.84000015258789,39.66999816894531,39.79999923706055,235404,0.0,0.0
2022-12-07 13:30:00-05:00,39.790000915527344,39.790000915527344,39.595001220703125,39.65999984741211,86442,0.0,0.0
2022-12-07 14:30:00-05:00,39.66999816894531,39.72999954223633,39.41999816894531,39.45000076293945,118489,0.0,0.0
2022-12-07 15:30:00-05:00,39.45000076293945,39.529998779296875,39.380001068115234,39.459999084472656,230792,0.0,0.0
2022-12-08 09:30:00-05:00,39.40999984741211,39.720001220703125,39.34000015258789,39.70000076293945,123668,0.0,0.0
2022-12-08 10:30:00-05:00,39.71500015258789,39.7599983215332,39.61000061035156,39.69499969482422,117374,0.0,0.0
2022-12-08 11:30:00-05:00,39.70500183105469,39.73500061035156,39.625,39.709999084472656,128329,0.0,0.0
2022-12-08 12:30:00-05:00,39.689998626708984,39.959999084472656,39.67499923706055,39.939998626708984,130396,0.0,0.0
2022-12-08 13:30:00-05:00,39.95000076293945,40.099998474121094,39.92499923706055,40.005001068115234,245579,0.0,0.0
2022-12-08 14:30:00-05:00,40.0,40.05500030517578,39.89500045776367,40.04499816894531,214064,0.0,0.0
2022-12-08 15:30:00-05:00,40.05500030517578,40.064998626708984,39.88999938964844,40.04999923706055,333461,0.0,0.0
2022-12-09 09:30:00-05:00,39.81999969482422,40.255001068115234,39.75,40.099998474121094,100600,0.0,0.0
2022-12-09 10:30:00-05:00,40.11000061035156,40.2400016784668,40.040000915527344,40.20000076293945,76352,0.0,0.0
2022-12-09 11:30:00-05:00,40.20000076293945,40.31999969482422,40.150001525878906,40.15999984741211,77863,0.0,0.0
2022-12-09 12:30:00-05:00,40.15999984741211,40.24850082397461,40.09000015258789,40.11000061035156,63030,0.0,0.0
2022-12-09 13:30:00-05:00,40.125,40.130001068115234,40.0,40.07500076293945,74980,0.0,0.0
2022-12-09 14:30:00-05:00,40.06999969482422,40.130001068115234,40.03499984741211,40.03499984741211,97230,0.0,0.0
2022-12-09 15:30:00-05:00,40.03499984741211,40.03499984741211,39.92499923706055,39.95000076293945,176657,0.0,0.0
2022-12-12 09:30:00-05:00,40.2400016784668,40.2400016784668,39.689998626708984,39.834999084472656,141837,0.0,0.0
2022-12-12 10:30:00-05:00,39.849998474121094,40.07500076293945,39.849998474121094,40.02000045776367,107457,0.0,0.0
2022-12-12 11:30:00-05:00,40.01499938964844,40.130001068115234,39.994998931884766,40.084999084472656,70229,0.0,0.0
2022-12-12 12:30:00-05:00,40.084999084472656,40.15999984741211,40.06999969482422,40.15999984741211,60517,0.0,0.0
2022-12-12 13:30:00-05:00,40.16999816894531,40.20000076293945,40.07500076293945,40.07500076293945,85499,0.0,0.0
2022-12-12 14:30:00-05:00,40.07500076293945,40.2400016784668,40.04999923706055,40.21500015258789,164079,0.0,0.0
2022-12-12 15:30:00-05:00,40.21500015258789,40.25,40.095001220703125,40.189998626708984,452659,0.0,0.0
2022-12-13 09:30:00-05:00,40.349998474121094,41.0,40.349998474121094,40.630001068115234,380858,0.0,0.0
2022-12-13 10:30:00-05:00,40.630001068115234,40.689998626708984,40.209999084472656,40.22999954223633,112066,0.0,0.0
2022-12-13 11:30:00-05:00,40.22999954223633,40.27000045776367,39.90999984741211,39.94499969482422,99228,0.0,0.0
2022-12-13 12:30:00-05:00,39.939998626708984,40.040000915527344,39.779998779296875,40.0099983215332,124970,0.0,0.0
2022-12-13 13:30:00-05:00,40.0099983215332,40.08000183105469,39.93000030517578,39.95000076293945,153599,0.0,0.0
2022-12-13 14:30:00-05:00,39.95500183105469,40.08000183105469,39.85499954223633,40.04999923706055,167019,0.0,0.0
2022-12-13 15:30:00-05:00,40.060001373291016,40.189998626708984,40.025001525878906,40.095001220703125,265229,0.0,0.0
2022-12-14 09:30:00-05:00,40.18000030517578,40.540000915527344,40.099998474121094,40.52000045776367,117426,0.0,0.0
2022-12-14 10:30:00-05:00,40.5099983215332,40.790000915527344,40.5,40.69499969482422,105337,0.0,0.0
2022-12-14 11:30:00-05:00,40.709999084472656,40.709999084472656,40.54999923706055,40.650001525878906,72034,0.0,0.0
2022-12-14 12:30:00-05:00,40.650001525878906,40.83000183105469,40.625,40.81999969482422,65076,0.0,0.0
2022-12-14 13:30:00-05:00,40.81999969482422,40.90999984741211,40.26499938964844,40.540000915527344,143817,0.0,0.0
2022-12-14 14:30:00-05:00,40.54499816894531,40.755001068115234,40.22999954223633,40.400001525878906,212681,0.0,0.0
2022-12-14 15:30:00-05:00,40.375,40.67499923706055,40.33000183105469,40.52000045776367,242008,0.0,0.0
2022-12-15 09:30:00-05:00,40.2599983215332,40.439998626708984,39.90999984741211,39.9900016784668,110691,0.0,0.0
2022-12-15 10:30:00-05:00,40.0,40.15999984741211,39.79999923706055,39.849998474121094,63009,0.0,0.0
2022-12-15 11:30:00-05:00,39.86000061035156,40.064998626708984,39.86000061035156,40.064998626708984,58755,0.0,0.0
2022-12-15 12:30:00-05:00,40.06999969482422,40.099998474121094,39.790000915527344,39.86000061035156,51772,0.0,0.0
2022-12-15 13:30:00-05:00,39.84000015258789,40.08000183105469,39.81999969482422,40.027000427246094,65864,0.0,0.0
2022-12-15 14:30:00-05:00,40.040000915527344,40.21500015258789,40.00579833984375,40.18000030517578,109776,0.0,0.0
2022-12-15 15:30:00-05:00,40.16999816894531,40.189998626708984,39.93000030517578,39.9900016784668,136640,0.0,0.0
2022-12-16 09:30:00-05:00,39.650001525878906,39.689998626708984,38.939998626708984,39.15999984741211,230839,0.0,0.0
2022-12-16 10:30:00-05:00,39.13999938964844,39.189998626708984,38.93000030517578,39.11000061035156,83059,0.0,0.0
2022-12-16 11:30:00-05:00,39.119998931884766,39.220001220703125,39.08000183105469,39.19960021972656,70022,0.0,0.0
2022-12-16 12:30:00-05:00,39.18000030517578,39.2599983215332,39.099998474121094,39.1150016784668,96390,0.0,0.0
2022-12-16 13:30:00-05:00,39.1349983215332,39.25,39.029998779296875,39.14080047607422,104609,0.0,0.0
2022-12-16 14:30:00-05:00,39.130001068115234,39.559898376464844,39.08000183105469,39.55500030517578,157051,0.0,0.0
2022-12-16 15:30:00-05:00,39.560001373291016,39.84000015258789,39.47999954223633,39.52000045776367,552369,0.0,0.0
2022-12-19 09:30:00-05:00,39.47999954223633,39.790000915527344,39.400001525878906,39.595001220703125,85477,0.0,0.0
2022-12-19 10:30:00-05:00,39.59000015258789,39.650001525878906,39.439998626708984,39.459999084472656,75338,0.0,0.0
2022-12-19 11:30:00-05:00,39.45000076293945,39.459999084472656,39.27000045776367,39.310001373291016,55008,0.0,0.0
2022-12-19 12:30:00-05:00,39.31999969482422,39.415000915527344,39.25,39.349998474121094,55525,0.0,0.0
2022-12-19 13:30:00-05:00,39.36000061035156,39.380001068115234,39.02000045776367,39.02000045776367,91359,0.0,0.0
2022-12-19 14:30:00-05:00,39.0,39.11000061035156,38.88999938964844,38.98619842529297,91117,0.0,0.0
2022-12-19 15:30:00-05:00,38.970001220703125,39.16999816894531,38.959999084472656,39.099998474121094,220745,0.0,0.0
2022-12-20 09:30:00-05:00,39.0,39.154998779296875,38.790000915527344,39.0099983215332,80787,0.0,0.0
2022-12-20 10:30:00-05:00,39.0,39.06999969482422,38.904998779296875,38.95000076293945,106232,0.0,0.0
2022-12-20 11:30:00-05:00,38.939998626708984,39.130001068115234,38.915000915527344,39.06999969482422,82413,0.0,0.0
2022-12-20 12:30:00-05:00,39.07500076293945,39.209999084472656,39.06999969482422,39.125,70964,0.0,0.0
2022-12-20 13:30:00-05:00,39.130001068115234,39.23500061035156,39.130001068115234,39.18000030517578,67813,0.0,0.0
2022-12-20 14:30:00-05:00,39.16999816894531,39.16999816894531,39.0,39.13100051879883,105061,0.0,0.0
2022-12-20 15:30:00-05:00,39.130001068115234,39.25,38.970001220703125,39.0099983215332,146911,0.0,0.0
2022-12-21 09:30:00-05:00,39.2400016784668,39.53499984741211,39.13999938964844,39.53499984741211,96401,0.0,0.0
2022-12-21 10:30:00-05:00,39.540000915527344,39.65999984741211,39.474998474121094,39.52000045776367,76929,0.0,0.0
2022-12-21 11:30:00-05:00,39.54999923706055,39.54999923706055,39.41999816894531,39.46500015258789,39773,0.0,0.0
2022-12-21 12:30:00-05:00,39.470001220703125,39.529998779296875,39.44499969482422,39.5,55911,0.0,0.0
2022-12-21 13:30:00-05:00,39.505001068115234,39.66999816894531,39.505001068115234,39.64500045776367,111239,0.0,0.0
2022-12-21 14:30:00-05:00,39.64500045776367,39.79999923706055,39.63999938964844,39.70500183105469,264340,0.0,0.0
2022-12-21 15:30:00-05:00,39.70500183105469,39.90999984741211,39.69499969482422,39.900001525878906,375653,0.0,0.0
2022-12-22 09:30:00-05:00,39.689998626708984,39.88999938964844,39.279998779296875,39.470001220703125,113529,0.0,0.0
2022-12-22 10:30:00-05:00,39.45000076293945,39.529998779296875,39.43000030517578,39.470001220703125,47722,0.0,0.0
2022-12-22 11:30:00-05:00,39.47999954223633,39.52000045776367,39.19499969482422,39.220001220703125,40703,0.0,0.0
2022-12-22 12:30:00-05:00,39.220001220703125,39.25,39.02000045776367,39.04999923706055,54909,0.0,0.0
2022-12-22 13:30:00-05:00,39.040000915527344,39.17499923706055,38.93000030517578,39.16999816894531,72270,0.0,0.0
2022-12-22 14:30:00-05:00,39.150001525878906,39.46500015258789,39.130001068115234,39.459999084472656,72248,0.0,0.0
2022-12-22 15:30:00-05:00,39.470001220703125,39.58000183105469,39.349998474121094,39.560001373291016,115402,0.0,0.0
2022-12-23 09:30:00-05:00,39.5,39.880001068115234,39.5,39.849998474121094,78813,0.0,0.0
2022-12-23 10:30:00-05:00,39.86000061035156,40.0,39.83000183105469,39.83000183105469,69055,0.0,0.0
2022-12-23 11:30:00-05:00,39.84000015258789,39.9900016784668,39.83000183105469,39.90999984741211,54701,0.0,0.0
2022-12-23 12:30:00-05:00,39.93000030517578,40.0099983215332,39.90999984741211,39.9900016784668,44247,0.0,0.0
2022-12-23 13:30:00-05:00,40.0,40.005001068115234,39.790000915527344,39.86000061035156,58329,0.0,0.0
2022-12-23 14:30:00-05:00,39.869998931884766,39.97999954223633,39.869998931884766,39.91999816894531,65415,0.0,0.0
2022-12-23 15:30:00-05:00,39.93000030517578,40.040000915527344,39.86000061035156,40.040000915527344,115462,0.0,0.0
2022-12-27 09:30:00-05:00,40.09000015258789,40.170101165771484,39.900001525878906,40.060001373291016,50928,0.0,0.0
2022-12-27 10:30:00-05:00,40.040000915527344,40.10499954223633,39.97999954223633,40.029998779296875,56918,0.0,0.0
2022-12-27 11:30:00-05:00,40.040000915527344,40.13999938964844,40.02000045776367,40.099998474121094,65024,0.0,0.0
2022-12-27 12:30:00-05:00,40.109901428222656,40.154998779296875,40.02000045776367,40.130001068115234,63938,0.0,0.0
2022-12-27 13:30:00-05:00,40.119998931884766,40.15999984741211,40.04999923706055,40.081199645996094,59811,0.0,0.0
2022-12-27 14:30:00-05:00,40.084999084472656,40.220001220703125,40.04999923706055,40.20000076293945,105612,0.0,0.0
2022-12-27 15:30:00-05:00,40.20500183105469,40.34000015258789,40.20000076293945,40.27000045776367,121987,0.0,0.0
2022-12-28 09:30:00-05:00,40.40999984741211,40.48500061035156,40.11000061035156,40.119998931884766,55114,0.0,0.0
2022-12-28 10:30:00-05:00,40.119998931884766,40.2599983215332,40.06999969482422,40.119998931884766,101330,0.0,0.0
2022-12-28 11:30:00-05:00,40.119998931884766,40.209999084472656,40.0,40.029998779296875,41646,0.0,0.0
2022-12-28 12:30:00-05:00,40.02000045776367,40.130001068115234,39.9900016784668,40.064998626708984,36825,0.0,0.0
2022-12-28 13:30:00-05:00,40.05500030517578,40.060001373291016,39.98500061035156,40.060001373291016,55643,0.0,0.0
2022-12-28 14:30:00-05:00,40.06999969482422,40.150001525878906,39.869998931884766,39.900001525878906,53426,0.0,0.0
2022-12-28 15:30:00-05:00,39.900001525878906,39.97999954223633,39.849998474121094,39.86000061035156,117805,0.0,0.0
2022-12-29 09:30:00-05:00,39.97999954223633,40.34000015258789,39.849998474121094,40.2400016784668,64475,0.0,0.0
2022-12-29 10:30:00-05:00,40.2400016784668,40.31999969482422,40.19499969482422,40.20000076293945,73681,0.0,0.0
2022-12-29 11:30:00-05:00,40.209999084472656,40.5,40.209999084472656,40.404998779296875,63420,0.0,0.0
2022-12-29 12:30:00-05:00,40.400001525878906,40.45000076293945,40.29499816894531,40.349998474121094,45829,0.0,0.0
2022-12-29 13:30:00-05:00,40.35499954223633,40.40999984741211,40.2599983215332,40.2599983215332,82609,0.0,0.0
2022-12-29 14:30:00-05:00,40.2599983215332,40.29499816894531,40.119998931884766,40.119998931884766,82481,0.0,0.0
2022-12-29 15:30:00-05:00,40.10499954223633,40.290000915527344,40.05500030517578,40.209999084472656,103650,0.0,0.0
2022-12-30 09:30:00-05:00,40.16999816894531,40.192501068115234,39.90999984741211,40.04499816894531,79196,0.0,0.0
2022-12-30 10:30:00-05:00,40.03499984741211,40.03499984741211,39.72999954223633,39.81999969482422,80416,0.0,0.0
2022-12-30 11:30:00-05:00,39.79999923706055,39.89500045776367,39.775001525878906,39.845001220703125,96500,0.0,0.0
2022-12-30 12:30:00-05:00,39.845001220703125,39.845001220703125,39.52299880981445,39.60499954223633,67993,0.0,0.0
2022-12-30 13:30:00-05:00,39.61000061035156,39.63999938964844,39.349998474121094,39.38999938964844,84146,0.0,0.0
2022-12-30 14:30:00-05:00,39.369998931884766,39.40999984741211,39.224998474121094,39.34000015258789,98266,0.0,0.0
2022-12-30 15:30:00-05:00,39.334999084472656,39.6150016784668,39.31999969482422,39.54999923706055,158515,0.0,0.0
2023-01-03 09:30:00-05:00,39.689998626708984,39.75,38.970001220703125,39.029998779296875,107582,0.0,0.0
2023-01-03 10:30:00-05:00,39.0099983215332,39.400001525878906,38.88999938964844,39.0,100000,0.0,0.0
2023-01-03 11:30:00-05:00,38.95000076293945,39.18000030517578,38.86000061035156,39.130001068115234,105092,0.0,0.0
2023-01-03 12:30:00-05:00,39.119998931884766,39.22999954223633,38.90999984741211,39.130001068115234,57990,0.0,0.0
2023-01-03 13:30:00-05:00,39.125999450683594,39.3650016784668,39.11000061035156,39.25,80052,0.0,0.0
2023-01-03 14:30:00-05:00,39.25,39.36000061035156,39.16999816894531,39.33000183105469,101485,0.0,0.0
2023-01-03 15:30:00-05:00,39.34000015258789,39.52000045776367,39.33000183105469,39.5099983215332,192834,0.0,0.0
2023-01-04 09:30:00-05:00,39.650001525878906,39.84000015258789,39.52000045776367,39.6150016784668,106455,0.0,0.0
2023-01-04 10:30:00-05:00,39.619998931884766,39.779998779296875,39.584999084472656,39.67499923706055,68567,0.0,0.0
2023-01-04 11:30:00-05:00,39.68000030517578,39.959999084472656,39.650001525878906,39.810001373291016,84613,0.0,0.0
2023-01-04 12:30:00-05:00,39.81999969482422,39.85499954223633,39.709999084472656,39.720001220703125,84893,0.0,0.0
2023-01-04 13:30:00-05:00,39.72999954223633,39.7400016784668,39.310001373291016,39.310001373291016,153876,0.0,0.0
2023-01-04 14:30:00-05:00,39.33000183105469,39.58000183105469,39.31999969482422,39.47999954223633,115861,0.0,0.0
2023-01-04 15:30:00-05:00,39.47999954223633,39.56999969482422,39.31999969482422,39.54999923706055,232652,0.0,0.0
2023-01-05 09:30:00-05:00,39.279998779296875,39.31800079345703,38.81999969482422,38.83000183105469,166274,0.0,0.0
2023-01-05 10:30:00-05:00,38.81999969482422,38.8849983215332,38.709999084472656,38.790000915527344,92274,0.0,0.0
2023-01-05 11:30:00-05:00,38.81999969482422,38.84000015258789,38.65999984741211,38.790000915527344,88282,0.0,0.0
2023-01-05 12:30:00-05:00,38.810001373291016,39.0099983215332,38.79999923706055,38.91999816894531,76121,0.0,0.0
2023-01-05 13:30:00-05:00,38.939998626708984,38.9900016784668,38.72999954223633,38.75,98803,0.0,0.0
2023-01-05 14:30:00-05:00,38.744998931884766,38.900001525878906,38.689998626708984,38.70000076293945,111225,0.0,0.0
2023-01-05 15:30:00-05:00,38.69499969482422,38.790000915527344,38.599998474121094,38.720001220703125,201475,0.0,0.0
2023-01-06 09:30:00-05:00,38.75,39.13999938964844,38.68000030517578,38.95000076293945,147837,0.0,0.0
2023-01-06 10:30:00-05:00,38.95000076293945,39.38999938964844,38.939998626708984,39.25,182729,0.0,0.0
2023-01-06 11:30:00-05:00,39.25,39.349998474121094,39.150001525878906,39.189998626708984,70341,0.0,0.0
2023-01-06 12:30:00-05:00,39.16999816894531,39.18000030517578,38.939998626708984,38.9900016784668,75060,0.0,0.0
2023-01-06 13:30:00-05:00,39.0,39.20500183105469,38.98500061035156,39.189998626708984,83050,0.0,0.0
2023-01-06 14:30:00-05:00,39.189998626708984,39.310001373291016,39.150001525878906,39.185001373291016,128048,0.0,0.0
2023-01-06 15:30:00-05:00,39.189998626708984,39.2400016784668,39.099998474121094,39.16999816894531,235227,0.0,0.0
2023-01-09 09:30:00-05:00,39.15999984741211,39.790000915527344,39.0,39.68000030517578,284214,0.0,0.0
2023-01-09 10:30:00-05:00,39.68000030517578,40.0,39.6703987121582,39.959999084472656,161374,0.0,0.0
2023-01-09 11:30:00-05:00,39.970001220703125,40.18000030517578,39.970001220703125,40.029998779296875,220624,0.0,0.0
2023-01-09 12:30:00-05:00,40.04999923706055,40.09000015258789,39.880001068115234,39.9900016784668,111357,0.0,0.0
2023-01-09 13:30:00-05:00,39.9900016784668,40.130001068115234,39.83000183105469,40.10499954223633,156305,0.0,0.0
2023-01-09 14:30:00-05:00,40.099998474121094,40.10499954223633,39.790000915527344,39.790000915527344,165281,0.0,0.0
2023-01-09 15:30:00-05:00,39.79499816894531,39.994998931884766,39.77000045776367,39.84000015258789,361313,0.0,0.0
2023-01-10 09:30:00-05:00,39.720001220703125,39.84000015258789,39.47999954223633,39.52000045776367,57946,0.0,0.0
2023-01-10 10:30:00-05:00,39.52000045776367,39.59000015258789,39.400001525878906,39.41999816894531,56912,0.0,0.0
2023-01-10 11:30:00-05:00,39.43000030517578,39.459999084472656,39.31999969482422,39.45000076293945,54274,0.0,0.0
2023-01-10 12:30:00-05:00,39.459999084472656,39.599998474121094,39.45000076293945,39.540000915527344,49098,0.0,0.0
2023-01-10 13:30:00-05:00,39.540000915527344,39.599998474121094,39.474998474121094,39.59000015258789,89376,0.0,0.0
2023-01-10 14:30:00-05:00,39.599998474121094,39.67499923706055,39.47999954223633,39.625,113926,0.0,0.0
2023-01-10 15:30:00-05:00,39.61000061035156,39.779998779296875,39.60499954223633,39.72999954223633,138145,0.0,0.0
2023-01-11 09:30:00-05:00,39.880001068115234,40.189998626708984,39.880001068115234,40.11000061035156,83053,0.0,0.0
2023-01-11 10:30:00-05:00,40.11000061035156,40.27000045776367,40.099998474121094,40.150001525878906,78944,0.0,0.0
2023-01-11 11:30:00-05:00,40.15999984741211,40.20000076293945,40.12810134887695,40.189998626708984,79524,0.0,0.0
2023-01-11 12:30:00-05:00,40.20000076293945,40.209999084472656,40.04349899291992,40.13999938964844,66925,0.0,0.0
2023-01-11 13:30:00-05:00,40.119998931884766,40.22999954223633,40.06999969482422,40.15999984741211,73151,0.0,0.0
2023-01-11 14:30:00-05:00,40.189998626708984,40.30500030517578,40.189998626708984,40.220001220703125,83066,0.0,0.0
2023-01-11 15:30:00-05:00,40.22999954223633,40.22999954223633,40.130001068115234,40.16999816894531,172653,0.0,0.0
2023-01-12 09:30:00-05:00,40.220001220703125,40.31999969482422,40.119998931884766,40.29999923706055,80702,0.0,0.0
2023-01-12 10:30:00-05:00,40.29999923706055,40.36000061035156,40.16999816894531,40.31999969482422,51982,0.0,0.0
2023-01-12 11:30:00-05:00,40.29999923706055,40.349998474121094,40.20000076293945,40.3494987487793,49798,0.0,0.0
2023-01-12 12:30:00-05:00,40.34000015258789,40.349998474121094,40.165000915527344,40.16999816894531,43862,0.0,0.0
2023-01-12 13:30:00-05:00,40.150001525878906,40.34000015258789,40.13460159301758,40.2599983215332,66338,0.0,0.0
2023-01-12 14:30:00-05:00,40.25,40.345001220703125,40.125,40.150001525878906,74564,0.0,0.0
2023-01-12 15:30:00-05:00,40.13999938964844,40.2400016784668,40.06999969482422,40.22999954223633,190828,0.0,0.0
2023-01-13 09:30:00-05:00,40.02000045776367,40.02000045776367,39.68000030517578,39.939998626708984,62806,0.0,0.0
2023-01-13 10:30:00-05:00,39.95000076293945,39.9900016784668,39.86000061035156,39.939998626708984,43311,0.0,0.0
2023-01-13 11:30:00-05:00,39.93000030517578,39.935001373291016,39.779998779296875,39.935001373291016,35215,0.0,0.0
2023-01-13 12:30:00-05:00,39.91999816894531,39.9900016784668,39.880001068115234,39.939998626708984,43633,0.0,0.0
2023-01-13 13:30:00-05:00,39.939998626708984,40.060001373291016,39.90999984741211,40.040000915527344,55850,0.0,0.0
2023-01-13 14:30:00-05:00,40.04999923706055,40.11000061035156,39.9900016784668,40.02000045776367,62168,0.0,0.0
2023-01-13 15:30:00-05:00,40.025001525878906,40.1150016784668,39.93000030517578,39.959999084472656,116225,0.0,0.0
2023-01-17 09:30:00-05:00,39.90999984741211,40.2400016784668,39.880001068115234,40.209999084472656,132946,0.0,0.0
2023-01-17 10:30:00-05:00,40.22999954223633,40.22999954223633,39.908599853515625,40.0099983215332,52738,0.0,0.0
2023-01-17 11:30:00-05:00,40.0099983215332,40.0099983215332,39.77000045776367,39.77000045776367,141897,0.0,0.0
2023-01-17 12:30:00-05:00,39.76499938964844,39.790000915527344,39.650001525878906,39.709999084472656,41586,0.0,0.0
2023-01-17 13:30:00-05:00,39.70500183105469,39.81999969482422,39.58000183105469,39.599998474121094,48855,0.0,0.0
2023-01-17 14:30:00-05:00,39.60169982910156,39.72999954223633,39.60169982910156,39.630001068115234,45521,0.0,0.0
2023-01-17 15:30:00-05:00,39.630001068115234,39.67499923706055,39.529998779296875,39.54999923706055,129912,0.0,0.0
2023-01-18 09:30:00-05:00,39.65999984741211,39.79999923706055,39.4900016784668,39.529998779296875,113635,0.0,0.0
2023-01-18 10:30:00-05:00,39.52000045776367,39.69499969482422,39.314998626708984,39.34000015258789,88695,0.0,0.0
2023-01-18 11:30:00-05:00,39.33000183105469,39.33000183105469,39.01499938964844,39.029998779296875,53202,0.0,0.0
2023-01-18 12:30:00-05:00,39.02000045776367,39.040000915527344,38.82160186767578,38.97999954223633,48081,0.0,0.0
2023-01-18 13:30:00-05:00,38.98500061035156,39.17729949951172,38.97999954223633,39.04999923706055,72823,0.0,0.0
2023-01-18 14:30:00-05:00,39.060001373291016,39.11000061035156,38.880001068115234,38.880001068115234,94912,0.0,0.0
2023-01-18 15:30:00-05:00,38.8849983215332,38.91999816894531,38.67499923706055,38.75,274222,0.0,0.0
2023-01-19 09:30:00-05:00,38.720001220703125,38.720001220703125,38.39500045776367,38.39500045776367,292947,0.0,0.0
2023-01-19 10:30:00-05:00,38.38999938964844,38.400001525878906,38.06999969482422,38.099998474121094,121465,0.0,0.0
2023-01-19 11:30:00-05:00,38.099998474121094,38.16999816894531,38.0,38.08000183105469,81620,0.0,0.0
2023-01-19 12:30:00-05:00,38.08000183105469,38.224998474121094,38.060001373291016,38.1150016784668,78343,0.0,0.0
2023-01-19 13:30:00-05:00,38.130001068115234,38.209999084472656,38.03499984741211,38.099998474121094,114414,0.0,0.0
2023-01-19 14:30:00-05:00,38.08000183105469,38.119998931884766,38.0,38.084999084472656,75525,0.0,0.0
2023-01-19 15:30:00-05:00,38.095001220703125,38.17499923706055,37.970001220703125,37.970001220703125,213336,0.0,0.0
2023-01-20 09:30:00-05:00,38.0,38.01959991455078,37.52000045776367,37.72999954223633,96100,0.0,0.0
2023-01-20 10:30:00-05:00,37.720001220703125,37.81999969482422,37.64500045776367,37.81999969482422,78954,0.0,0.0
2023-01-20 11:30:00-05:00,37.810001373291016,37.84000015258789,37.72999954223633,37.79999923706055,66231,0.0,0.0
2023-01-20 12:30:00-05:00,37.78499984741211,37.81999969482422,37.72999954223633,37.779998779296875,64374,0.0,0.0
2023-01-20 13:30:00-05:00,37.80500030517578,38.060001373291016,37.79999923706055,38.029998779296875,74156,0.0,0.0
2023-01-20 14:30:00-05:00,38.025001525878906,38.25,38.01499938964844,38.189998626708984,104369,0.0,0.0
2023-01-20 15:30:00-05:00,38.189998626708984,38.369998931884766,38.150001525878906,38.36000061035156,208944,0.0,0.0
2023-01-23 09:30:00-05:00,37.959999084472656,38.58000183105469,37.84000015258789,38.54999923706055,201763,0.0,0.0
2023-01-23 10:30:00-05:00,38.560001373291016,38.790000915527344,38.49369812011719,38.689998626708984,106145,0.0,0.0
2023-01-23 11:30:00-05:00,38.68000030517578,38.75,38.619998931884766,38.720001220703125,85756,0.0,0.0
2023-01-23 12:30:00-05:00,38.73500061035156,38.810001373291016,38.720001220703125,38.7599983215332,56916,0.0,0.0
2023-01-23 13:30:00-05:00,38.77000045776367,38.83000183105469,38.52000045776367,38.529998779296875,59611,0.0,0.0
2023-01-23 14:30:00-05:00,38.525001525878906,38.56999969482422,38.36000061035156,38.400001525878906,97597,0.0,0.0
2023-01-23 15:30:00-05:00,38.404998779296875,38.41999816894531,38.31999969482422,38.369998931884766,184488,0.0,0.0
2023-01-24 09:30:00-05:00,38.470001220703125,38.470001220703125,38.040000915527344,38.36000061035156,82067,0.0,0.0
2023-01-24 10:30:00-05:00,38.36000061035156,38.54999923706055,38.36000061035156,38.52000045776367,54414,0.0,0.0
2023-01-24 11:30:00-05:00,38.52000045776367,38.54999923706055,38.41999816894531,38.540000915527344,51739,0.0,0.0
2023-01-24 12:30:00-05:00,38.529998779296875,38.7599983215332,38.52000045776367,38.7400016784668,61943,0.0,0.0
2023-01-24 13:30:00-05:00,38.73500061035156,38.779998779296875,38.5099983215332,38.779998779296875,84253,0.0,0.0
2023-01-24 14:30:00-05:00,38.779998779296875,38.97999954223633,38.7599983215332,38.959999084472656,158286,0.0,0.0
2023-01-24 15:30:00-05:00,38.970001220703125,38.999000549316406,38.91999816894531,38.91999816894531,328587,0.0,0.0
2023-01-25 09:30:00-05:00,38.65999984741211,38.88349914550781,38.34000015258789,38.68000030517578,88672,0.0,0.0
2023-01-25 10:30:00-05:00,38.689998626708984,38.720001220703125,38.529998779296875,38.66749954223633,71452,0.0,0.0
2023-01-25 11:30:00-05:00,38.66999816894531,38.7599983215332,38.595001220703125,38.65999984741211,69351,0.0,0.0
2023-01-25 12:30:00-05:00,38.66999816894531,38.880001068115234,38.66999816894531,38.880001068115234,78569,0.0,0.0
2023-01-25 13:30:00-05:00,38.880001068115234,38.95000076293945,38.79999923706055,38.810001373291016,83970,0.0,0.0
2023-01-25 14:30:00-05:00,38.810001373291016,38.974998474121094,38.72999954223633,38.970001220703125,97147,0.0,0.0
2023-01-25 15:30:00-05:00,38.97999954223633,39.04999923706055,38.93000030517578,39.02000045776367,184012,0.0,0.0
2023-01-26 09:30:00-05:00,39.0099983215332,39.209999084472656,38.7400016784668,39.06999969482422,85999,0.0,0.0
2023-01-26 10:30:00-05:00,39.06999969482422,39.119998931884766,38.959999084472656,39.099998474121094,133660,0.0,0.0
2023-01-26 11:30:00-05:00,39.09000015258789,39.1349983215332,39.040000915527344,39.064998626708984,57075,0.0,0.0
2023-01-26 12:30:00-05:00,39.06999969482422,39.15999984741211,39.029998779296875,39.1349983215332,68429,0.0,0.0
2023-01-26 13:30:00-05:00,39.1348991394043,39.22999954223633,39.119998931884766,39.13999938964844,84785,0.0,0.0
2023-01-26 14:30:00-05:00,39.1349983215332,39.22999954223633,39.060001373291016,39.099998474121094,78533,0.0,0.0
2023-01-26 15:30:00-05:00,39.09000015258789,39.22999954223633,39.04999923706055,39.220001220703125,205249,0.0,0.0
2023-01-27 09:30:00-05:00,39.209999084472656,39.35150146484375,39.08000183105469,39.345001220703125,220470,0.0,0.0
2023-01-27 10:30:00-05:00,39.349998474121094,39.3650016784668,39.125,39.150001525878906,142763,0.0,0.0
2023-01-27 11:30:00-05:00,39.154998779296875,39.29999923706055,39.13999938964844,39.189998626708984,111148,0.0,0.0
2023-01-27 12:30:00-05:00,39.189998626708984,39.23500061035156,39.099998474121094,39.11000061035156,66825,0.0,0.0
2023-01-27 13:30:00-05:00,39.119998931884766,39.314998626708984,39.11000061035156,39.30500030517578,57278,0.0,0.0
2023-01-27 14:30:00-05:00,39.29999923706055,39.345001220703125,39.27000045776367,39.29999923706055,49715,0.0,0.0
2023-01-27 15:30:00-05:00,39.314998626708984,39.404998779296875,39.19499969482422,39.220001220703125,149089,0.0,0.0
2023-01-30 09:30:00-05:00,39.09000015258789,39.51499938964844,38.9900016784668,39.51499938964844,93616,0.0,0.0
2023-01-30 10:30:00-05:00,39.52000045776367,39.525001525878906,39.27000045776367,39.310001373291016,77989,0.0,0.0
2023-01-30 11:30:00-05:00,39.31999969482422,39.41999816894531,39.2400016784668,39.34000015258789,72287,0.0,0.0
2023-01-30 12:30:00-05:00,39.34000015258789,39.41999816894531,39.290000915527344,39.404998779296875,59182,0.0,0.0
2023-01-30 13:30:00-05:00,39.404998779296875,39.41790008544922,39.255001068115234,39.2599983215332,64052,0.0,0.0
2023-01-30 14:30:00-05:00,39.25,39.2599983215332,39.14500045776367,39.19499969482422,99191,0.0,0.0
2023-01-30 15:30:00-05:00,39.189998626708984,39.189998626708984,38.900001525878906,39.040000915527344,365661,0.0,0.0
2023-01-31 09:30:00-05:00,39.130001068115234,39.310001373291016,38.599998474121094,38.68000030517578,140875,0.0,0.0
2023-01-31 10:30:00-05:00,38.689998626708984,38.83000183105469,38.66999816894531,38.76499938964844,114713,0.0,0.0
2023-01-31 11:30:00-05:00,38.77000045776367,38.970001220703125,38.77000045776367,38.880001068115234,51971,0.0,0.0
2023-01-31 12:30:00-05:00,38.875,38.9900016784668,38.869998931884766,38.98500061035156,78602,0.0,0.0
2023-01-31 13:30:00-05:00,38.98500061035156,39.20500183105469,38.95000076293945,39.20500183105469,82256,0.0,0.0
2023-01-31 14:30:00-05:00,39.209999084472656,39.22999954223633,39.0099983215332,39.025001525878906,125238,0.0,0.0
2023-01-31 15:30:00-05:00,39.025001525878906,39.5099983215332,39.02000045776367,39.36000061035156,506226,0.0,0.0
2023-02-01 09:30:00-05:00,39.16999816894531,39.290000915527344,39.09809875488281,39.18000030517578,66470,0.0,0.0
2023-02-01 10:30:00-05:00,39.20000076293945,39.3849983215332,39.150001525878906,39.369998931884766,64570,0.0,0.0
2023-02-01 11:30:00-05:00,39.380001068115234,39.38999938964844,39.21009826660156,39.22999954223633,54144,0.0,0.0
2023-02-01 12:30:00-05:00,39.23500061035156,39.2400016784668,39.060001373291016,39.189998626708984,153306,0.0,0.0
2023-02-01 13:30:00-05:00,39.20000076293945,39.36000061035156,39.15999984741211,39.22999954223633,112537,0.0,0.0
2023-02-01 14:30:00-05:00,39.2400016784668,39.720001220703125,39.09000015258789,39.720001220703125,204773,0.0,0.0
2023-02-01 15:30:00-05:00,39.720001220703125,39.93000030517578,39.665000915527344,39.84000015258789,317812,0.0,0.0
2023-02-02 09:30:00-05:00,39.90999984741211,39.95000076293945,39.599998474121094,39.95000076293945,105538,0.0,0.0
2023-02-02 10:30:00-05:00,39.96500015258789,40.25,39.96500015258789,40.09000015258789,154896,0.0,0.0
2023-02-02 11:30:00-05:00,40.09000015258789,40.11000061035156,39.88999938964844,39.95000076293945,96922,0.0,0.0
2023-02-02 12:30:00-05:00,39.935001373291016,39.9900016784668,39.72999954223633,39.7400016784668,90273,0.0,0.0
2023-02-02 13:30:00-05:00,39.73500061035156,39.8650016784668,39.560001373291016,39.599998474121094,93852,0.0,0.0
2023-02-02 14:30:00-05:00,39.61000061035156,39.78499984741211,39.525001525878906,39.779998779296875,159561,0.0,0.0
2023-02-02 15:30:00-05:00,39.78499984741211,39.86000061035156,39.709999084472656,39.849998474121094,319708,0.0,0.0
2023-02-03 09:30:00-05:00,39.61000061035156,39.61000061035156,38.540000915527344,38.540000915527344,103380,0.0,0.0
2023-02-03 10:30:00-05:00,38.54999923706055,38.72999954223633,38.439998626708984,38.72999954223633,93007,0.0,0.0
2023-02-03 11:30:00-05:00,38.7400016784668,38.810001373291016,38.54999923706055,38.70000076293945,95502,0.0,0.0
2023-02-03 12:30:00-05:00,38.70500183105469,38.84000015258789,38.58000183105469,38.58000183105469,77270,0.0,0.0
2023-02-03 13:30:00-05:00,38.54999923706055,38.7599983215332,38.52000045776367,38.7599983215332,106516,0.0,0.0
2023-02-03 14:30:00-05:00,38.755001068115234,38.900001525878906,38.650001525878906,38.83000183105469,137105,0.0,0.0
2023-02-03 15:30:00-05:00,38.84000015258789,38.91999816894531,38.74100112915039,38.805999755859375,213161,0.0,0.0
2023-02-06 09:30:00-05:00,38.689998626708984,38.939998626708984,38.68000030517578,38.70000076293945,68721,0.0,0.0
2023-02-06 10:30:00-05:00,38.709999084472656,38.81999969482422,38.68600082397461,38.724998474121094,61674,0.0,0.0
2023-02-06 11:30:00-05:00,38.720001220703125,38.720001220703125,38.52000045776367,38.58000183105469,44880,0.0,0.0
2023-02-06 12:30:00-05:00,38.58000183105469,38.650001525878906,38.54999923706055,38.6150016784668,75820,0.0,0.0
2023-02-06 13:30:00-05:00,38.6150016784668,38.75,38.56999969482422,38.7400016784668,84912,0.0,0.0
2023-02-06 14:30:00-05:00,38.73569869995117,38.939998626708984,38.73569869995117,38.86000061035156,88508,0.0,0.0
2023-02-06 15:30:00-05:00,38.849998474121094,39.040000915527344,38.814998626708984,38.959999084472656,222649,0.0,0.0
2023-02-07 09:30:00-05:00,38.7599983215332,39.02000045776367,38.470001220703125,38.58000183105469,57493,0.0,0.0
2023-02-07 10:30:00-05:00,38.56999969482422,38.657100677490234,38.540000915527344,38.630001068115234,46753,0.0,0.0
2023-02-07 11:30:00-05:00,38.63999938964844,38.84000015258789,38.6161994934082,38.83000183105469,80998,0.0,0.0
2023-02-07 12:30:00-05:00,38.84000015258789,39.0619010925293,38.70000076293945,38.709999084472656,75227,0.0,0.0
2023-02-07 13:30:00-05:00,38.65999984741211,38.83000183105469,38.47999954223633,38.77000045776367,72883,0.0,0.0
2023-02-07 14:30:00-05:00,38.7599983215332,38.94499969482422,38.755001068115234,38.939998626708984,60961,0.0,0.0
2023-02-07 15:30:00-05:00,38.939998626708984,39.220001220703125,38.90999984741211,39.11000061035156,239789,0.0,0.0
2023-02-08 09:30:00-05:00,38.90999984741211,38.959999084472656,38.54999923706055,38.7400016784668,63682,0.0,0.0
2023-02-08 10:30:00-05:00,38.75,38.78499984741211,38.470001220703125,38.47999954223633,65281,0.0,0.0
2023-02-08 11:30:00-05:00,38.47999954223633,38.4900016784668,38.31999969482422,38.33000183105469,49550,0.0,0.0
2023-02-08 12:30:00-05:00,38.31999969482422,38.43130111694336,38.2400016784668,38.380001068115234,52604,0.0,0.0
2023-02-08 13:30:00-05:00,38.380001068115234,38.529998779296875,38.349998474121094,38.494998931884766,59642,0.0,0.0
2023-02-08 14:30:00-05:00,38.48249816894531,38.48249816894531,38.31999969482422,38.380001068115234,88671,0.0,0.0
2023-02-08 15:30:00-05:00,38.369998931884766,38.439998626708984,38.310001373291016,38.349998474121094,170954,0.0,0.0
2023-02-09 09:30:00-05:00,38.41999816894531,38.599998474121094,38.27000045776367,38.27000045776367,79920,0.0,0.0
2023-02-09 10:30:00-05:00,38.28499984741211,38.5,38.27000045776367,38.31999969482422,109687,0.0,0.0
2023-02-09 11:30:00-05:00,38.31999969482422,38.380001068115234,38.20000076293945,38.2400016784668,106104,0.0,0.0
2023-02-09 12:30:00-05:00,38.2400016784668,38.25,38.0,38.040000915527344,98148,0.0,0.0
2023-02-09 13:30:00-05:00,38.02000045776367,38.051998138427734,37.88999938964844,37.959999084472656,79345,0.0,0.0
2023-02-09 14:30:00-05:00,37.959999084472656,38.20000076293945,37.81999969482422,37.849998474121094,158381,0.0,0.0
2023-02-09 15:30:00-05:00,37.845001220703125,38.02000045776367,37.77000045776367,37.880001068115234,254032,0.0,0.0
2023-02-10 09:30:00-05:00,37.90999984741211,38.380001068115234,37.880001068115234,38.380001068115234,75647,0.0,0.0
2023-02-10 10:30:00-05:00,38.38999938964844,38.42839813232422,38.16999816894531,38.20000076293945,92170,0.0,0.0
2023-02-10 11:30:00-05:00,38.189998626708984,38.310001373291016,38.165000915527344,38.2599983215332,91222,0.0,0.0
2023-02-10 12:30:00-05:00,38.2599983215332,38.459999084472656,38.2599983215332,38.38999938964844,62047,0.0,0.0
2023-02-10 13:30:00-05:00,38.369998931884766,38.369998931884766,38.2599983215332,38.31999969482422,63938,0.0,0.0
2023-02-10 14:30:00-05:00,38.33000183105469,38.45000076293945,38.33000183105469,38.3849983215332,62830,0.0,0.0
2023-02-10 15:30:00-05:00,38.380001068115234,38.560001373291016,38.369998931884766,38.47999954223633,132696,0.0,0.0
2023-02-13 09:30:00-05:00,38.459999084472656,38.7599983215332,38.459999084472656,38.73500061035156,50194,0.0,0.0
2023-02-13 10:30:00-05:00,38.7599983215332,38.77000045776367,38.650001525878906,38.66999816894531,45056,0.0,0.0
2023-02-13 11:30:00-05:00,38.66999816894531,38.689998626708984,38.560001373291016,38.65999984741211,60303,0.0,0.0
2023-02-13 12:30:00-05:00,38.65999984741211,38.71039962768555,38.630001068115234,38.71039962768555,32786,0.0,0.0
2023-02-13 13:30:00-05:00,38.709999084472656,38.880001068115234,38.67499923706055,38.7599983215332,60325,0.0,0.0
2023-02-13 14:30:00-05:00,38.7599983215332,38.81999969482422,38.68000030517578,38.790000915527344,60697,0.0,0.0
2023-02-13 15:30:00-05:00,38.790000915527344,38.869998931884766,38.724998474121094,38.81999969482422,113766,0.0,0.0
2023-02-14 09:30:00-05:00,38.75,38.810001373291016,38.439998626708984,38.59000015258789,70759,0.0,0.0
2023-02-14 10:30:00-05:00,38.59000015258789,38.59000015258789,38.31999969482422,38.349998474121094,72378,0.0,0.0
2023-02-14 11:30:00-05:00,38.36000061035156,38.36000061035156,38.22999954223633,38.33000183105469,44648,0.0,0.0
2023-02-14 12:30:00-05:00,38.34000015258789,38.560001373291016,38.29999923706055,38.47999954223633,57359,0.0,0.0
2023-02-14 13:30:00-05:00,38.47999954223633,38.58810043334961,38.470001220703125,38.58810043334961,40704,0.0,0.0
2023-02-14 14:30:00-05:00,38.58000183105469,38.67499923706055,38.4900016784668,38.529998779296875,58356,0.0,0.0
2023-02-14 15:30:00-05:00,38.52000045776367,38.560001373291016,38.34000015258789,38.369998931884766,156791,0.0,0.0
2023-02-15 09:30:00-05:00,38.15999984741211,38.2400016784668,37.95500183105469,38.005001068115234,88753,0.0,0.0
2023-02-15 10:30:00-05:00,38.00709915161133,38.16999816894531,37.93000030517578,38.13999938964844,178994,0.0,0.0
2023-02-15 11:30:00-05:00,38.130001068115234,38.189998626708984,38.08000183105469,38.154998779296875,63750,0.0,0.0
2023-02-15 12:30:00-05:00,38.154998779296875,38.26499938964844,38.13999938964844,38.2599983215332,44895,0.0,0.0
2023-02-15 13:30:00-05:00,38.26499938964844,38.3849983215332,38.25,38.31760025024414,102537,0.0,0.0
2023-02-15 14:30:00-05:00,38.310001373291016,38.380001068115234,38.25,38.349998474121094,142956,0.0,0.0
2023-02-15 15:30:00-05:00,38.36000061035156,38.470001220703125,38.34000015258789,38.369998931884766,243743,0.0,0.0
2023-02-16 09:30:00-05:00,37.95000076293945,38.0,37.599998474121094,37.790000915527344,153595,0.0,0.0
2023-02-16 10:30:00-05:00,37.790000915527344,37.939998626708984,37.75,37.93000030517578,125731,0.0,0.0
2023-02-16 11:30:00-05:00,37.939998626708984,38.06999969482422,37.880001068115234,38.04999923706055,105687,0.0,0.0
2023-02-16 12:30:00-05:00,38.040000915527344,38.060001373291016,37.91999816894531,37.91999816894531,83859,0.0,0.0
2023-02-16 13:30:00-05:00,37.91999816894531,38.06999969482422,37.915000915527344,38.04999923706055,126775,0.0,0.0
2023-02-16 14:30:00-05:00,38.05500030517578,38.13999938964844,37.939998626708984,37.98500061035156,220533,0.0,0.0
2023-02-16 15:30:00-05:00,37.98500061035156,38.150001525878906,37.935001373291016,38.02000045776367,411486,0.0,0.0
2023-02-17 09:30:00-05:00,38.099998474121094,38.45000076293945,37.880001068115234,38.43000030517578,118057,0.0,0.0
2023-02-17 10:30:00-05:00,38.439998626708984,38.439998626708984,38.269901275634766,38.290000915527344,62554,0.0,0.0
2023-02-17 11:30:00-05:00,38.27000045776367,38.53499984741211,38.22999954223633,38.53499984741211,57264,0.0,0.0
2023-02-17 12:30:00-05:00,38.52000045776367,38.52000045776367,38.369998931884766,38.43000030517578,56534,0.0,0.0
2023-02-17 13:30:00-05:00,38.43000030517578,38.5,38.310001373291016,38.459999084472656,72528,0.0,0.0
2023-02-17 14:30:00-05:00,38.47999954223633,38.540000915527344,38.40999984741211,38.5099983215332,96854,0.0,0.0
2023-02-17 15:30:00-05:00,38.525001525878906,38.56999969482422,38.36000061035156,38.39500045776367,241184,0.0,0.0
2023-02-21 09:30:00-05:00,38.02000045776367,38.22999954223633,37.790000915527344,37.97999954223633,101309,0.0,0.0
2023-02-21 10:30:00-05:00,37.97999954223633,38.06990051269531,37.84000015258789,37.939998626708984,65225,0.0,0.0
2023-02-21 11:30:00-05:00,37.95000076293945,38.06999969482422,37.880001068115234,37.8849983215332,92721,0.0,0.0
2023-02-21 12:30:00-05:00,37.869998931884766,37.93000030517578,37.79499816894531,37.79999923706055,57806,0.0,0.0
2023-02-21 13:30:00-05:00,37.790000915527344,37.790000915527344,37.65999984741211,37.744998931884766,71337,0.0,0.0
2023-02-21 14:30:00-05:00,37.7599983215332,37.86000061035156,37.749900817871094,37.86000061035156,85689,0.0,0.0
2023-02-21 15:30:00-05:00,37.86000061035156,37.900001525878906,37.7599983215332,37.76499938964844,173022,0.0,0.0
2023-02-22 09:30:00-05:00,38.029998779296875,38.040000915527344,37.66999816894531,37.9900016784668,81240,0.0,0.0
2023-02-22 10:30:00-05:00,37.97999954223633,38.029998779296875,37.83000183105469,37.97999954223633,80418,0.0,0.0
2023-02-22 11:30:00-05:00,37.97999954223633,38.099998474121094,37.974998474121094,38.04999923706055,59573,0.0,0.0
2023-02-22 12:30:00-05:00,38.040000915527344,38.060001373291016,37.9900016784668,38.029998779296875,55933,0.0,0.0
2023-02-22 13:30:00-05:00,38.03099822998047,38.040000915527344,37.75,37.814998626708984,116041,0.0,0.0
2023-02-22 14:30:00-05:00,37.810001373291016,37.81999969482422,37.6150016784668,37.625,110325,0.0,0.0
2023-02-22 15:30:00-05:00,37.625,37.72999954223633,37.51499938964844,37.709999084472656,228412,0.0,0.0
2023-02-23 09:30:00-05:00,37.72999954223633,37.974998474121094,37.0,37.584999084472656,522928,0.0,0.0
2023-02-23 10:30:00-05:00,37.584999084472656,37.79999923706055,37.4900016784668,37.57500076293945,275330,0.0,0.0
2023-02-23 11:30:00-05:00,37.58000183105469,37.58000183105469,37.34000015258789,37.45000076293945,151898,0.0,0.0
2023-02-23 12:30:00-05:00,37.439998626708984,37.54999923706055,37.26499938964844,37.5099983215332,192795,0.0,0.0
2023-02-23 13:30:00-05:00,37.5099983215332,37.560001373291016,37.08000183105469,37.224998474121094,225333,0.0,0.0
2023-02-23 14:30:00-05:00,37.224998474121094,37.650001525878906,37.209999084472656,37.529998779296875,414038,0.0,0.0
2023-02-23 15:30:00-05:00,37.529998779296875,37.529998779296875,37.21500015258789,37.2599983215332,547157,0.0,0.0
2023-02-24 09:30:00-05:00,37.119998931884766,37.119998931884766,36.459999084472656,36.65999984741211,357228,0.0,0.0
2023-02-24 10:30:00-05:00,36.66999816894531,36.72999954223633,36.5,36.54999923706055,208730,0.0,0.0
2023-02-24 11:30:00-05:00,36.540000915527344,36.78499984741211,36.540000915527344,36.72999954223633,136759,0.0,0.0
2023-02-24 12:30:00-05:00,36.7599983215332,36.810001373291016,36.689998626708984,36.75,156054,0.0,0.0
2023-02-24 13:30:00-05:00,36.75,36.89500045776367,36.68000030517578,36.845001220703125,145579,0.0,0.0
2023-02-24 14:30:00-05:00,36.84000015258789,37.02000045776367,36.7400016784668,36.974998474121094,248264,0.0,0.0
2023-02-24 15:30:00-05:00,36.974998474121094,37.04999923706055,36.869998931884766,37.04999923706055,460475,0.0,0.0
2023-02-27 09:30:00-05:00,37.279998779296875,37.564998626708984,37.130001068115234,37.5,109934,0.0,0.0
2023-02-27 10:30:00-05:00,37.47999954223633,37.50659942626953,37.11000061035156,37.11000061035156,72795,0.0,0.0
2023-02-27 11:30:00-05:00,37.1150016784668,37.1150016784668,36.7599983215332,36.779998779296875,87671,0.0,0.0
2023-02-27 12:30:00-05:00,36.775001525878906,36.86000061035156,36.709999084472656,36.81999969482422,81342,0.0,0.0
2023-02-27 13:30:00-05:00,36.82500076293945,36.849998474121094,36.66999816894531,36.689998626708984,94378,0.0,0.0
2023-02-27 14:30:00-05:00,36.68000030517578,36.69599914550781,36.459999084472656,36.474998474121094,132746,0.0,0.0
2023-02-27 15:30:00-05:00,36.47999954223633,36.599998474121094,36.432098388671875,36.56999969482422,212681,0.0,0.0
2023-02-28 09:30:00-05:00,36.08000183105469,36.34000015258789,35.709999084472656,35.92499923706055,246225,0.0,0.0
2023-02-28 10:30:00-05:00,35.93000030517578,36.31999969482422,35.93000030517578,36.310001373291016,321513,0.0,0.0
2023-02-28 11:30:00-05:00,36.310001373291016,36.540000915527344,36.18000030517578,36.5,547335,0.0,0.0
2023-02-28 12:30:00-05:00,36.4900016784668,36.4900016784668,36.279998779296875,36.310001373291016,133872,0.0,0.0
2023-02-28 13:30:00-05:00,36.314998626708984,36.31999969482422,35.974998474121094,35.97999954223633,212838,0.0,0.0
2023-02-28 14:30:00-05:00,35.9900016784668,35.9900016784668,35.5,35.54499816894531,246473,0.0,0.0
2023-02-28 15:30:00-05:00,35.540000915527344,35.779998779296875,35.540000915527344,35.720001220703125,559554,0.0,0.0
2023-03-01 09:30:00-05:00,35.45000076293945,35.52000045776367,35.04999923706055,35.099998474121094,289631,0.0,0.0
2023-03-01 10:30:00-05:00,35.099998474121094,35.19499969482422,34.790000915527344,34.880001068115234,240370,0.0,0.0
2023-03-01 11:30:00-05:00,34.8849983215332,35.11000061035156,34.869998931884766,35.08000183105469,206021,0.0,0.0
2023-03-01 12:30:00-05:00,35.07500076293945,35.119998931884766,35.0,35.09000015258789,225875,0.0,0.0
2023-03-01 13:30:00-05:00,35.095001220703125,35.099998474121094,34.95500183105469,35.01499938964844,153037,0.0,0.0
2023-03-01 14:30:00-05:00,35.0099983215332,35.27000045776367,34.939998626708984,35.15999984741211,373835,0.0,0.0
2023-03-01 15:30:00-05:00,35.150001525878906,35.275001525878906,35.130001068115234,35.13999938964844,417373,0.0,0.0
2023-03-02 09:30:00-05:00,35.060001373291016,35.220001220703125,34.880001068115234,35.18000030517578,114061,0.0,0.0
2023-03-02 10:30:00-05:00,35.16999816894531,35.263999938964844,35.125,35.130001068115234,91491,0.0,0.0
2023-03-02 11:30:00-05:00,35.119998931884766,35.380001068115234,35.10499954223633,35.380001068115234,97391,0.0,0.0
2023-03-02 12:30:00-05:00,35.380001068115234,35.45000076293945,35.310001373291016,35.42110061645508,86095,0.0,0.0
2023-03-02 13:30:00-05:00,35.42499923706055,35.56999969482422,35.3849983215332,35.54499816894531,96682,0.0,0.0
2023-03-02 14:30:00-05:00,35.54999923706055,35.59000015258789,35.45500183105469,35.5099983215332,121151,0.0,0.0
2023-03-02 15:30:00-05:00,35.51499938964844,35.63999938964844,35.5,35.619998931884766,244151,0.0,0.0
2023-03-03 09:30:00-05:00,35.7400016784668,35.7400016784668,35.1349983215332,35.47999954223633,126815,0.0,0.0
2023-03-03 10:30:00-05:00,35.47999954223633,35.584999084472656,35.369998931884766,35.584999084472656,105150,0.0,0.0
2023-03-03 11:30:00-05:00,35.56999969482422,35.61000061035156,35.529998779296875,35.599998474121094,90946,0.0,0.0
2023-03-03 12:30:00-05:00,35.599998474121094,35.65999984741211,35.540000915527344,35.654998779296875,90740,0.0,0.0
2023-03-03 13:30:00-05:00,35.66999816894531,35.84000015258789,35.650001525878906,35.83000183105469,122765,0.0,0.0
2023-03-03 14:30:00-05:00,35.82500076293945,35.869998931884766,35.75,35.78499984741211,134454,0.0,0.0
2023-03-03 15:30:00-05:00,35.78499984741211,35.84000015258789,35.66999816894531,35.790000915527344,346433,0.0,0.0
2023-03-06 09:30:00-05:00,35.90999984741211,36.08000183105469,35.81999969482422,35.98500061035156,151376,0.0,0.0
2023-03-06 10:30:00-05:00,35.959999084472656,35.97999954223633,35.77000045776367,35.779998779296875,102589,0.0,0.0
2023-03-06 11:30:00-05:00,35.779998779296875,35.834999084472656,35.67499923706055,35.810001373291016,64948,0.0,0.0
2023-03-06 12:30:00-05:00,35.81999969482422,35.81999969482422,35.72999954223633,35.79499816894531,54691,0.0,0.0
2023-03-06 13:30:00-05:00,35.79499816894531,35.86000061035156,35.7400016784668,35.84000015258789,143405,0.0,0.0
2023-03-06 14:30:00-05:00,35.86000061035156,35.86000061035156,35.7400016784668,35.79499816894531,115905,0.0,0.0
2023-03-06 15:30:00-05:00,35.779998779296875,35.8650016784668,35.779998779296875,35.81999969482422,175229,0.0,0.0
2023-03-07 09:30:00-05:00,35.88999938964844,36.07500076293945,35.59000015258789,35.6349983215332,82777,0.0,0.0
2023-03-07 10:30:00-05:00,35.619998931884766,35.715999603271484,35.349998474121094,35.349998474121094,70335,0.0,0.0
2023-03-07 11:30:00-05:00,35.369998931884766,35.38999938964844,35.18000030517578,35.279998779296875,77782,0.0,0.0
2023-03-07 12:30:00-05:00,35.27000045776367,35.310001373291016,35.18000030517578,35.220001220703125,62610,0.0,0.0
2023-03-07 13:30:00-05:00,35.220001220703125,35.33000183105469,35.185001373291016,35.25,80631,0.0,0.0
2023-03-07 14:30:00-05:00,35.244998931884766,35.334999084472656,35.165000915527344,35.310001373291016,114874,0.0,0.0
2023-03-07 15:30:00-05:00,35.310001373291016,35.43000030517578,35.290000915527344,35.29999923706055,182983,0.0,0.0
2023-03-08 09:30:00-05:00,35.33000183105469,35.375,35.119998931884766,35.27000045776367,126751,0.0,0.0
2023-03-08 10:30:00-05:00,35.27000045776367,35.630001068115234,35.27000045776367,35.59000015258789,81844,0.0,0.0
2023-03-08 11:30:00-05:00,35.599998474121094,35.75,35.540000915527344,35.68000030517578,70793,0.0,0.0
2023-03-08 12:30:00-05:00,35.68000030517578,35.71500015258789,35.4900016784668,35.4900016784668,93169,0.0,0.0
2023-03-08 13:30:00-05:00,35.494998931884766,35.654998779296875,35.48500061035156,35.654998779296875,81801,0.0,0.0
2023-03-08 14:30:00-05:00,35.654998779296875,35.69499969482422,35.619998931884766,35.6349983215332,72165,0.0,0.0
2023-03-08 15:30:00-05:00,35.63999938964844,35.70000076293945,35.622501373291016,35.65999984741211,131899,0.0,0.0
2023-03-09 09:30:00-05:00,35.70000076293945,35.84000015258789,35.619998931884766,35.6349983215332,120583,0.0,0.0
2023-03-09 10:30:00-05:00,35.63999938964844,35.77000045776367,35.630001068115234,35.67490005493164,80138,0.0,0.0
2023-03-09 11:30:00-05:00,35.68000030517578,35.83000183105469,35.63999938964844,35.82500076293945,97278,0.0,0.0
2023-03-09 12:30:00-05:00,35.82500076293945,35.93000030517578,35.72269821166992,35.7599983215332,42781,0.0,0.0
2023-03-09 13:30:00-05:00,35.75,35.7599983215332,35.5,35.5,59531,0.0,0.0
2023-03-09 14:30:00-05:00,35.4900016784668,35.4900016784668,35.06999969482422,35.165000915527344,105801,0.0,0.0
2023-03-09 15:30:00-05:00,35.15999984741211,35.2599983215332,35.04999923706055,35.060001373291016,204353,0.0,0.0
2023-03-10 09:30:00-05:00,35.189998626708984,35.279998779296875,34.73780059814453,34.779998779296875,78308,0.0,0.0
2023-03-10 10:30:00-05:00,34.77000045776367,35.0099983215332,34.77000045776367,34.970001220703125,61490,0.0,0.0
2023-03-10 11:30:00-05:00,34.9900016784668,35.02000045776367,34.56999969482422,34.58000183105469,60879,0.0,0.0
2023-03-10 12:30:00-05:00,34.630001068115234,34.720001220703125,34.27000045776367,34.33000183105469,58488,0.0,0.0
2023-03-10 13:30:00-05:00,34.33000183105469,34.52000045776367,34.22999954223633,34.29999923706055,78354,0.0,0.0
2023-03-10 14:30:00-05:00,34.31999969482422,34.56999969482422,34.31999969482422,34.4900016784668,99226,0.0,0.0
2023-03-10 15:30:00-05:00,34.470001220703125,34.5,34.310001373291016,34.38999938964844,161009,0.0,0.0
2023-03-13 09:30:00-04:00,34.349998474121094,35.099998474121094,34.22999954223633,34.893699645996094,125963,0.0,0.0
2023-03-13 10:30:00-04:00,34.900001525878906,35.404998779296875,34.869998931884766,35.369998931884766,108215,0.0,0.0
2023-03-13 11:30:00-04:00,35.380001068115234,35.380001068115234,34.939998626708984,35.01499938964844,103776,0.0,0.0
2023-03-13 12:30:00-04:00,35.02000045776367,35.025001525878906,34.540000915527344,34.54999923706055,176752,0.0,0.0
2023-03-13 13:30:00-04:00,34.560001373291016,34.79999923706055,34.51499938964844,34.709999084472656,207274,0.0,0.0
2023-03-13 14:30:00-04:00,34.71989822387695,34.85499954223633,34.57500076293945,34.654998779296875,314702,0.0,0.0
2023-03-13 15:30:00-04:00,34.665000915527344,34.7599983215332,34.58000183105469,34.599998474121094,223239,0.0,0.0
2023-03-14 09:30:00-04:00,35.029998779296875,35.349998474121094,34.95000076293945,35.310001373291016,114758,0.0,0.0
2023-03-14 10:30:00-04:00,35.33000183105469,35.53499984741211,35.29999923706055,35.47999954223633,90252,0.0,0.0
2023-03-14 11:30:00-04:00,35.470001220703125,35.525001525878906,35.36000061035156,35.36000061035156,81870,0.0,0.0
2023-03-14 12:30:00-04:00,35.36000061035156,35.404998779296875,34.959999084472656,34.9900016784668,85983,0.0,0.0
2023-03-14 13:30:00-04:00,34.97999954223633,35.064998626708984,34.92499923706055,35.040000915527344,107434,0.0,0.0
2023-03-14 14:30:00-04:00,35.029998779296875,35.10499954223633,34.869998931884766,35.0099983215332,124762,0.0,0.0
2023-03-14 15:30:00-04:00,35.02000045776367,35.36000061035156,35.02000045776367,35.29999923706055,301912,0.0,0.0
2023-03-15 09:30:00-04:00,35.2599983215332,35.310001373291016,34.970001220703125,35.27000045776367,145657,0.0,0.0
2023-03-15 10:30:00-04:00,35.27000045776367,35.775001525878906,35.22999954223633,35.52000045776367,124551,0.0,0.0
2023-03-15 11:30:00-04:00,35.540000915527344,35.61000061035156,35.470001220703125,35.61000061035156,109374,0.0,0.0
2023-03-15 12:30:00-04:00,35.619998931884766,35.68000030517578,35.41999816894531,35.619998931884766,92947,0.0,0.0
2023-03-15 13:30:00-04:00,35.619998931884766,35.91999816894531,35.470001220703125,35.79999923706055,105796,0.0,0.0
2023-03-15 14:30:00-04:00,35.81999969482422,35.869998931884766,35.54999923706055,35.744998931884766,173125,0.0,0.0
2023-03-15 15:30:00-04:00,35.7400016784668,35.7599983215332,35.54999923706055,35.720001220703125,205091,0.0,0.0
2023-03-16 09:30:00-04:00,35.56999969482422,35.709999084472656,35.345001220703125,35.56999969482422,106924,0.0,0.0
2023-03-16 10:30:00-04:00,35.560001373291016,36.13999938964844,35.54999923706055,36.08000183105469,118953,0.0,0.0
2023-03-16 11:30:00-04:00,36.09000015258789,36.16999816894531,35.84000015258789,35.939998626708984,87994,0.0,0.0
2023-03-16 12:30:00-04:00,35.939998626708984,36.0099983215332,35.689998626708984,35.94499969482422,84013,0.0,0.0
2023-03-16 13:30:00-04:00,35.94499969482422,36.060001373291016,35.810001373291016,35.92499923706055,150658,0.0,0.0
2023-03-16 14:30:00-04:00,35.90999984741211,36.18000030517578,35.869998931884766,36.060001373291016,132178,0.0,0.0
2023-03-16 15:30:00-04:00,36.064998626708984,36.150001525878906,36.0099983215332,36.119998931884766,196545,0.0,0.0
2023-03-17 09:30:00-04:00,35.959999084472656,36.13999938964844,35.4900016784668,35.58000183105469,255332,0.0,0.0
2023-03-17 10:30:00-04:00,35.59000015258789,35.779998779296875,35.47999954223633,35.7400016784668,91711,0.0,0.0
2023-03-17 11:30:00-04:00,35.724998474121094,35.880001068115234,35.724998474121094,35.869998931884766,64217,0.0,0.0
2023-03-17 12:30:00-04:00,35.869998931884766,35.939998626708984,35.65999984741211,35.66999816894531,129130,0.0,0.0
2023-03-17 13:30:00-04:00,35.66999816894531,35.779998779296875,35.54999923706055,35.564998626708984,97555,0.0,0.0
2023-03-17 14:30:00-04:00,35.56999969482422,35.814998626708984,35.4900016784668,35.79999923706055,130216,0.0,0.0
2023-03-17 15:30:00-04:00,35.79999923706055,35.79999923706055,35.63999938964844,35.66999816894531,328197,0.0,0.0
2023-03-20 09:30:00-04:00,35.79999923706055,36.119998931884766,35.79999923706055,35.9900016784668,190465,0.0,0.0
2023-03-20 10:30:00-04:00,36.005001068115234,36.2599983215332,35.93000030517578,36.189998626708984,89607,0.0,0.0
2023-03-20 11:30:00-04:00,36.20000076293945,36.31999969482422,36.07500076293945,36.19499969482422,97874,0.0,0.0
2023-03-20 12:30:00-04:00,36.20000076293945,36.540000915527344,36.19810104370117,36.525001525878906,120274,0.0,0.0
2023-03-20 13:30:00-04:00,36.525001525878906,36.54499816894531,36.31999969482422,36.45000076293945,206512,0.0,0.0
2023-03-20 14:30:00-04:00,36.45000076293945,36.505001068115234,36.29999923706055,36.45000076293945,186621,0.0,0.0
2023-03-20 15:30:00-04:00,36.459999084472656,36.599998474121094,36.459999084472656,36.540000915527344,308749,0.0,0.0
2023-03-21 09:30:00-04:00,36.650001525878906,36.73500061035156,35.869998931884766,35.89500045776367,204759,0.0,0.0
2023-03-21 10:30:00-04:00,35.880001068115234,36.34000015258789,35.810001373291016,36.279998779296875,130755,0.0,0.0
2023-03-21 11:30:00-04:00,36.2599983215332,36.27000045776367,35.68000030517578,35.709999084472656,149611,0.0,0.0
2023-03-21 12:30:00-04:00,35.720001220703125,35.73500061035156,35.439998626708984,35.5099983215332,170688,0.0,0.0
2023-03-21 13:30:00-04:00,35.51499938964844,35.939998626708984,35.51499938964844,35.939998626708984,186065,0.0,0.0
2023-03-21 14:30:00-04:00,35.939998626708984,36.02000045776367,35.875,35.8849983215332,193178,0.0,0.0
2023-03-21 15:30:00-04:00,35.88999938964844,36.11000061035156,35.86000061035156,36.02000045776367,378056,0.0,0.0
2023-03-22 09:30:00-04:00,35.88999938964844,36.060001373291016,35.650001525878906,35.939998626708984,261237,0.0,0.0
2023-03-22 10:30:00-04:00,35.939998626708984,35.97999954223633,35.650001525878906,35.66999816894531,103784,0.0,0.0
2023-03-22 11:30:00-04:00,35.68000030517578,35.689998626708984,35.55500030517578,35.595001220703125,88787,0.0,0.0
2023-03-22 12:30:00-04:00,35.59000015258789,35.599998474121094,35.470001220703125,35.56999969482422,77491,0.0,0.0
2023-03-22 13:30:00-04:00,35.56999969482422,35.709999084472656,35.45000076293945,35.58000183105469,144532,0.0,0.0
2023-03-22 14:30:00-04:00,35.58000183105469,35.8849983215332,35.369998931884766,35.63999938964844,210528,0.0,0.0
2023-03-22 15:30:00-04:00,35.619998931884766,35.630001068115234,35.130001068115234,35.13999938964844,359816,0.0,0.0
2023-03-23 09:30:00-04:00,35.06999969482422,35.06999969482422,34.70000076293945,34.959999084472656,207496,0.0,0.0
2023-03-23 10:30:00-04:00,34.95000076293945,35.130001068115234,34.939998626708984,35.06999969482422,124824,0.0,0.0
2023-03-23 11:30:00-04:00,35.08000183105469,35.209999084472656,35.06999969482422,35.130001068115234,107146,0.0,0.0
2023-03-23 12:30:00-04:00,35.13999938964844,35.16999816894531,34.93000030517578,34.98500061035156,91926,0.0,0.0
2023-03-23 13:30:00-04:00,34.98500061035156,35.02000045776367,34.7400016784668,34.7400016784668,112563,0.0,0.0
2023-03-23 14:30:00-04:00,34.72999954223633,34.84000015258789,34.35499954223633,34.380001068115234,223488,0.0,0.0
2023-03-23 15:30:00-04:00,34.369998931884766,34.65999984741211,34.369998931884766,34.439998626708984,259613,0.0,0.0
2023-03-24 09:30:00-04:00,34.400001525878906,35.02000045776367,34.36000061035156,35.005001068115234,90693,0.0,0.0
2023-03-24 10:30:00-04:00,35.0,35.08000183105469,34.779998779296875,35.0099983215332,96746,0.0,0.0
2023-03-24 11:30:00-04:00,34.994998931884766,35.224998474121094,34.970001220703125,35.11000061035156,56581,0.0,0.0
2023-03-24 12:30:00-04:00,35.119998931884766,35.310001373291016,35.084999084472656,35.22999954223633,57922,0.0,0.0
2023-03-24 13:30:00-04:00,35.22999954223633,35.33000183105469,35.18000030517578,35.27000045776367,76222,0.0,0.0
2023-03-24 14:30:00-04:00,35.279998779296875,35.52000045776367,35.275001525878906,35.52000045776367,134125,0.0,0.0
2023-03-24 15:30:00-04:00,35.540000915527344,35.66999816894531,35.474998474121094,35.66999816894531,201249,0.0,0.0
2023-03-27 09:30:00-04:00,35.84000015258789,36.08000183105469,35.685001373291016,35.775001525878906,94875,0.0,0.0
2023-03-27 10:30:00-04:00,35.7599983215332,35.88999938964844,35.68000030517578,35.8849983215332,68191,0.0,0.0
2023-03-27 11:30:00-04:00,35.87480163574219,36.0099983215332,35.8650016784668,35.95000076293945,62067,0.0,0.0
2023-03-27 12:30:00-04:00,35.959999084472656,36.130001068115234,35.95000076293945,36.119998931884766,74577,0.0,0.0
2023-03-27 13:30:00-04:00,36.130001068115234,36.15999984741211,35.91999816894531,35.935001373291016,119314,0.0,0.0
2023-03-27 14:30:00-04:00,35.93000030517578,35.959999084472656,35.720001220703125,35.849998474121094,133275,0.0,0.0
2023-03-27 15:30:00-04:00,35.880001068115234,35.88999938964844,35.73500061035156,35.81999969482422,205697,0.0,0.0
2023-03-28 09:30:00-04:00,35.849998474121094,36.11000061035156,35.7599983215332,36.095001220703125,77379,0.0,0.0
2023-03-28 10:30:00-04:00,36.09000015258789,36.36000061035156,36.02000045776367,36.36000061035156,185529,0.0,0.0
2023-03-28 11:30:00-04:00,36.36000061035156,36.47999954223633,36.33000183105469,36.36000061035156,47750,0.0,0.0
2023-03-28 12:30:00-04:00,36.3650016784668,36.404998779296875,36.099998474121094,36.099998474121094,107994,0.0,0.0
2023-03-28 13:30:00-04:00,36.09000015258789,36.130001068115234,36.0099983215332,36.11000061035156,145555,0.0,0.0
2023-03-28 14:30:00-04:00,36.10499954223633,36.19499969482422,36.08000183105469,36.14500045776367,225859,0.0,0.0
2023-03-28 15:30:00-04:00,36.14500045776367,36.244998931884766,36.119998931884766,36.20000076293945,217140,0.0,0.0
2023-03-29 09:30:00-04:00,36.380001068115234,36.77000045776367,36.352699279785156,36.70000076293945,98277,0.0,0.0
2023-03-29 10:30:00-04:00,36.7400016784668,36.959999084472656,36.709999084472656,36.810001373291016,97313,0.0,0.0
2023-03-29 11:30:00-04:00,36.82500076293945,36.939998626708984,36.790000915527344,36.88999938964844,91008,0.0,0.0
2023-03-29 12:30:00-04:00,36.89500045776367,37.04999923706055,36.89500045776367,37.02000045776367,97149,0.0,0.0
2023-03-29 13:30:00-04:00,37.0099983215332,37.02000045776367,36.7599983215332,36.89500045776367,97548,0.0,0.0
2023-03-29 14:30:00-04:00,36.89500045776367,36.994998931884766,36.84000015258789,36.970001220703125,158314,0.0,0.0
2023-03-29 15:30:00-04:00,36.96500015258789,37.0099983215332,36.88999938964844,37.0,324919,0.0,0.0
2023-03-30 09:30:00-04:00,37.15999984741211,37.33000183105469,37.11000061035156,37.33000183105469,0,0.0,0.0
2023-03-30 10:30:00-04:00,37.33000183105469,37.44499969482422,37.2599983215332,37.435001373291016,107066,0.0,0.0
2023-03-30 11:30:00-04:00,37.43000030517578,37.43000030517578,37.22999954223633,37.2400016784668,101037,0.0,0.0
2023-03-30 12:30:00-04:00,37.22999954223633,37.275001525878906,37.029998779296875,37.154998779296875,156761,0.0,0.0
2023-03-30 13:30:00-04:00,37.15999984741211,37.26499938964844,37.08000183105469,37.26499938964844,93115,0.0,0.0
2023-03-30 14:30:00-04:00,37.27000045776367,37.310001373291016,37.17499923706055,37.220001220703125,159360,0.0,0.0
2023-03-30 15:30:00-04:00,37.21500015258789,37.28499984741211,37.185001373291016,37.2400016784668,261995,0.0,0.0
2023-03-31 09:30:00-04:00,37.400001525878906,37.57979965209961,37.310001373291016,37.5,97184,0.0,0.0
2023-03-31 10:30:00-04:00,37.5099983215332,37.599998474121094,37.39500045776367,37.43000030517578,107036,0.0,0.0
2023-03-31 11:30:00-04:00,37.439998626708984,37.564998626708984,37.439998626708984,37.45500183105469,94213,0.0,0.0
2023-03-31 12:30:00-04:00,37.45000076293945,37.5099983215332,37.369998931884766,37.369998931884766,92434,0.0,0.0
2023-03-31 13:30:00-04:00,37.36000061035156,37.47999954223633,37.290000915527344,37.41999816894531,101031,0.0,0.0
2023-03-31 14:30:00-04:00,37.41999816894531,37.540000915527344,37.345001220703125,37.505001068115234,88627,0.0,0.0
2023-03-31 15:30:00-04:00,37.5099983215332,37.66999816894531,37.41999816894531,37.650001525878906,245771,0.0,0.0
2023-04-03 09:30:00-04:00,37.54999923706055,37.65999984741211,37.2400016784668,37.612998962402344,191316,0.0,0.0
2023-04-03 10:30:00-04:00,37.61000061035156,37.630001068115234,37.310001373291016,37.310001373291016,207942,0.0,0.0
2023-04-03 11:30:00-04:00,37.31999969482422,37.52000045776367,37.319000244140625,37.51219940185547,176375,0.0,0.0
2023-04-03 12:30:00-04:00,37.5,37.5,37.27000045776367,37.34000015258789,113969,0.0,0.0
2023-04-03 13:30:00-04:00,37.33000183105469,37.4900016784668,37.310001373291016,37.439998626708984,122141,0.0,0.0
2023-04-03 14:30:00-04:00,37.435001373291016,37.4900016784668,37.36000061035156,37.439998626708984,124352,0.0,0.0
2023-04-03 15:30:00-04:00,37.439998626708984,37.45000076293945,37.20000076293945,37.22999954223633,274028,0.0,0.0
2023-04-04 09:30:00-04:00,37.150001525878906,37.5099983215332,37.119998931884766,37.349998474121094,131448,0.0,0.0
2023-04-04 10:30:00-04:00,37.369998931884766,37.43000030517578,37.279998779296875,37.40999984741211,101847,0.0,0.0
2023-04-04 11:30:00-04:00,37.41999816894531,37.540000915527344,37.3650016784668,37.459999084472656,95492,0.0,0.0
2023-04-04 12:30:00-04:00,37.47999954223633,37.55500030517578,37.349998474121094,37.439998626708984,313623,0.0,0.0
2023-04-04 13:30:00-04:00,37.41999816894531,37.52000045776367,37.369998931884766,37.43000030517578,115059,0.0,0.0
2023-04-04 14:30:00-04:00,37.42499923706055,37.650001525878906,37.380001068115234,37.56999969482422,162931,0.0,0.0
2023-04-04 15:30:00-04:00,37.564998626708984,37.619998931884766,37.5099983215332,37.540000915527344,207761,0.0,0.0
2023-04-05 09:30:00-04:00,37.70000076293945,38.380001068115234,37.59000015258789,38.35499954223633,139810,0.0,0.0
2023-04-05 10:30:00-04:00,38.36000061035156,38.689998626708984,38.349998474121094,38.61000061035156,136867,0.0,0.0
2023-04-05 11:30:00-04:00,38.58000183105469,38.720001220703125,38.560001373291016,38.689998626708984,106798,0.0,0.0
2023-04-05 12:30:00-04:00,38.70000076293945,38.83000183105469,38.64500045776367,38.83000183105469,94060,0.0,0.0
2023-04-05 13:30:00-04:00,38.83000183105469,39.005001068115234,38.83000183105469,38.880001068115234,172335,0.0,0.0
2023-04-05 14:30:00-04:00,38.880001068115234,39.060001373291016,38.8650016784668,39.05500030517578,175925,0.0,0.0
2023-04-05 15:30:00-04:00,39.06999969482422,39.09000015258789,38.939998626708984,38.939998626708984,335158,0.0,0.0
2023-04-06 09:30:00-04:00,38.72999954223633,38.84000015258789,38.439998626708984,38.46500015258789,125123,0.0,0.0
2023-04-06 10:30:00-04:00,38.470001220703125,38.59000015258789,38.255001068115234,38.435001373291016,94881,0.0,0.0
2023-04-06 11:30:00-04:00,38.470001220703125,38.54999923706055,38.45000076293945,38.5,50097,0.0,0.0
2023-04-06 12:30:00-04:00,38.5,38.68000030517578,38.4900016784668,38.564998626708984,55984,0.0,0.0
2023-04-06 13:30:00-04:00,38.564998626708984,38.599998474121094,38.380001068115234,38.470001220703125,94649,0.0,0.0
2023-04-06 14:30:00-04:00,38.46500015258789,38.505001068115234,38.369998931884766,38.45500183105469,135934,0.0,0.0
2023-04-06 15:30:00-04:00,38.45500183105469,38.56999969482422,38.45500183105469,38.5,536425,0.0,0.0
2023-04-10 09:30:00-04:00,38.40999984741211,38.46500015258789,38.02009963989258,38.314998626708984,118901,0.0,0.0
2023-04-10 10:30:00-04:00,38.33000183105469,38.33000183105469,38.20000076293945,38.220001220703125,66119,0.0,0.0
2023-04-10 11:30:00-04:00,38.23500061035156,38.310001373291016,38.20000076293945,38.20830154418945,64779,0.0,0.0
2023-04-10 12:30:00-04:00,38.220001220703125,38.5,38.220001220703125,38.45000076293945,95769,0.0,0.0
2023-04-10 13:30:00-04:00,38.45500183105469,38.470001220703125,38.38999938964844,38.435001373291016,83971,0.0,0.0
2023-04-10 14:30:00-04:00,38.439998626708984,38.540000915527344,38.415000915527344,38.44499969482422,132044,0.0,0.0
2023-04-10 15:30:00-04:00,38.44499969482422,38.65999984741211,38.439998626708984,38.65999984741211,309013,0.0,0.0
2023-04-11 09:30:00-04:00,38.619998931884766,38.650001525878906,38.47999954223633,38.59000015258789,89426,0.0,0.0
2023-04-11 10:30:00-04:00,38.595001220703125,38.66999816894531,38.540000915527344,38.61000061035156,67800,0.0,0.0
2023-04-11 11:30:00-04:00,38.619998931884766,38.619998931884766,38.4900016784668,38.564998626708984,72088,0.0,0.0
2023-04-11 12:30:00-04:00,38.564998626708984,38.60499954223633,38.505001068115234,38.53499984741211,99508,0.0,0.0
2023-04-11 13:30:00-04:00,38.53499984741211,38.630001068115234,38.510501861572266,38.54499816894531,145306,0.0,0.0
2023-04-11 14:30:00-04:00,38.54999923706055,38.59000015258789,38.5,38.525001525878906,151719,0.0,0.0
2023-04-11 15:30:00-04:00,38.529998779296875,38.55500030517578,38.435001373291016,38.529998779296875,240808,0.0,0.0
2023-04-12 09:30:00-04:00,38.599998474121094,38.95000076293945,38.46500015258789,38.880001068115234,108028,0.0,0.0
2023-04-12 10:30:00-04:00,38.8849983215332,38.8849983215332,38.58000183105469,38.630001068115234,152850,0.0,0.0
2023-04-12 11:30:00-04:00,38.6349983215332,38.70000076293945,38.60499954223633,38.6150016784668,91765,0.0,0.0
2023-04-12 12:30:00-04:00,38.6150016784668,38.68000030517578,38.56999969482422,38.67499923706055,129903,0.0,0.0
2023-04-12 13:30:00-04:00,38.68000030517578,38.7400016784668,38.57469940185547,38.58000183105469,138242,0.0,0.0
2023-04-12 14:30:00-04:00,38.599998474121094,38.625,38.474998474121094,38.47999954223633,123613,0.0,0.0
2023-04-12 15:30:00-04:00,38.47999954223633,38.619998931884766,38.474998474121094,38.599998474121094,236414,0.0,0.0
2023-04-13 09:30:00-04:00,38.31999969482422,38.34000015258789,38.16999816894531,38.209999084472656,115105,0.0,0.0
2023-04-13 10:30:00-04:00,38.220001220703125,38.220001220703125,37.619998931884766,37.787498474121094,127630,0.0,0.0
2023-04-13 11:30:00-04:00,37.79999923706055,38.08000183105469,37.79999923706055,37.9900016784668,109627,0.0,0.0
2023-04-13 12:30:00-04:00,38.0,38.15999984741211,37.9900016784668,38.1349983215332,103890,0.0,0.0
2023-04-13 13:30:00-04:00,38.1349983215332,38.22999954223633,38.04999923706055,38.17499923706055,227219,0.0,0.0
2023-04-13 14:30:00-04:00,38.17499923706055,38.275001525878906,38.14500045776367,38.189998626708984,233900,0.0,0.0
2023-04-13 15:30:00-04:00,38.189998626708984,38.22999954223633,38.03499984741211,38.150001525878906,301898,0.0,0.0
2023-04-14 09:30:00-04:00,37.869998931884766,38.029998779296875,37.63999938964844,37.70180130004883,102117,0.0,0.0
2023-04-14 10:30:00-04:00,37.720001220703125,37.939998626708984,37.720001220703125,37.81999969482422,78336,0.0,0.0
2023-04-14 11:30:00-04:00,37.81999969482422,37.939998626708984,37.79999923706055,37.84000015258789,81382,0.0,0.0
2023-04-14 12:30:00-04:00,37.84000015258789,37.93000030517578,37.80500030517578,37.849998474121094,63790,0.0,0.0
2023-04-14 13:30:00-04:00,37.81999969482422,37.91999816894531,37.77000045776367,37.88999938964844,84004,0.0,0.0
2023-04-14 14:30:00-04:00,37.89500045776367,37.939998626708984,37.7400016784668,37.869998931884766,132772,0.0,0.0
2023-04-14 15:30:00-04:00,37.86000061035156,38.01499938964844,37.85499954223633,37.95000076293945,279357,0.0,0.0
2023-04-17 09:30:00-04:00,38.13999938964844,38.2599983215332,37.959999084472656,38.119998931884766,151139,0.0,0.0
2023-04-17 10:30:00-04:00,38.10499954223633,38.16999816894531,37.95500183105469,38.02000045776367,118330,0.0,0.0
2023-04-17 11:30:00-04:00,38.02000045776367,38.02000045776367,37.84000015258789,37.880001068115234,71199,0.0,0.0
2023-04-17 12:30:00-04:00,37.900001525878906,37.91999816894531,37.849998474121094,37.849998474121094,77678,0.0,0.0
2023-04-17 13:30:00-04:00,37.85499954223633,37.875,37.619998931884766,37.75,95135,0.0,0.0
2023-04-17 14:30:00-04:00,37.75,37.94499969482422,37.72999954223633,37.91999816894531,117317,0.0,0.0
2023-04-17 15:30:00-04:00,37.91999816894531,37.939998626708984,37.84000015258789,37.86000061035156,244560,0.0,0.0
2023-04-18 09:30:00-04:00,37.880001068115234,37.959999084472656,37.74909973144531,37.755001068115234,194344,0.0,0.0
2023-04-18 10:30:00-04:00,37.7599983215332,37.775001525878906,37.3849983215332,37.474998474121094,90340,0.0,0.0
2023-04-18 11:30:00-04:00,37.470001220703125,37.52000045776367,37.345001220703125,37.52000045776367,73972,0.0,0.0
2023-04-18 12:30:00-04:00,37.5099983215332,37.54999923706055,37.25,37.279998779296875,112502,0.0,0.0
2023-04-18 13:30:00-04:00,37.279998779296875,37.334999084472656,37.220001220703125,37.29499816894531,140369,0.0,0.0
2023-04-18 14:30:00-04:00,37.290000915527344,37.34000015258789,37.1349983215332,37.28499984741211,170891,0.0,0.0
2023-04-18 15:30:00-04:00,37.28499984741211,37.314998626708984,37.209999084472656,37.22999954223633,278689,0.0,0.0
2023-04-19 09:30:00-04:00,37.34000015258789,37.75,37.31999969482422,37.72999954223633,101516,0.0,0.0
2023-04-19 10:30:00-04:00,37.7400016784668,37.77000045776367,37.619998931884766,37.689998626708984,83487,0.0,0.0
2023-04-19 11:30:00-04:00,37.689998626708984,37.689998626708984,37.529998779296875,37.54999923706055,66309,0.0,0.0
2023-04-19 12:30:00-04:00,37.54999923706055,37.58000183105469,37.415000915527344,37.459999084472656,95711,0.0,0.0
2023-04-19 13:30:00-04:00,37.474998474121094,37.59000015258789,37.41999816894531,37.54999923706055,110559,0.0,0.0
2023-04-19 14:30:00-04:00,37.55500030517578,37.56999969482422,37.470001220703125,37.54999923706055,128437,0.0,0.0
2023-04-19 15:30:00-04:00,37.540000915527344,37.61000061035156,37.5099983215332,37.61000061035156,284496,0.0,0.0
2023-04-20 09:30:00-04:00,37.439998626708984,37.650001525878906,37.220001220703125,37.26919937133789,227595,0.0,0.0
2023-04-20 10:30:00-04:00,37.2599983215332,37.38999938964844,37.224998474121094,37.30500030517578,103205,0.0,0.0
2023-04-20 11:30:00-04:00,37.310001373291016,37.40999984741211,37.189998626708984,37.38999938964844,77862,0.0,0.0
2023-04-20 12:30:00-04:00,37.38999938964844,37.459999084472656,37.3849983215332,37.439998626708984,62002,0.0,0.0
2023-04-20 13:30:00-04:00,37.44499969482422,37.470001220703125,37.35499954223633,37.42499923706055,67440,0.0,0.0
2023-04-20 14:30:00-04:00,37.42499923706055,37.42499923706055,37.209999084472656,37.255001068115234,113956,0.0,0.0
2023-04-20 15:30:00-04:00,37.25,37.41999816894531,37.23500061035156,37.40999984741211,157987,0.0,0.0
2023-04-21 09:30:00-04:00,37.630001068115234,37.7400016784668,37.43000030517578,37.59000015258789,176244,0.0,0.0
2023-04-21 10:30:00-04:00,37.595001220703125,37.595001220703125,37.33000183105469,37.33000183105469,150671,0.0,0.0
2023-04-21 11:30:00-04:00,37.31999969482422,37.42499923706055,37.290000915527344,37.380001068115234,75530,0.0,0.0
2023-04-21 12:30:00-04:00,37.3849983215332,37.4900016784668,37.375,37.43000030517578,68539,0.0,0.0
2023-04-21 13:30:00-04:00,37.43000030517578,37.61000061035156,37.43000030517578,37.56999969482422,68067,0.0,0.0
2023-04-21 14:30:00-04:00,37.56999969482422,37.595001220703125,37.474998474121094,37.505001068115234,76504,0.0,0.0
2023-04-21 15:30:00-04:00,37.505001068115234,37.630001068115234,37.48500061035156,37.630001068115234,206319,0.0,0.0
2023-04-24 09:30:00-04:00,37.61000061035156,37.61000061035156,37.34000015258789,37.5,82497,0.0,0.0
2023-04-24 10:30:00-04:00,37.5,37.82500076293945,37.5,37.79999923706055,200767,0.0,0.0
2023-04-24 11:30:00-04:00,37.810001373291016,37.845001220703125,37.70000076293945,37.755001068115234,60781,0.0,0.0
2023-04-24 12:30:00-04:00,37.75,37.83000183105469,37.73500061035156,37.83000183105469,65881,0.0,0.0
2023-04-24 13:30:00-04:00,37.84000015258789,37.95000076293945,37.779998779296875,37.81999969482422,120685,0.0,0.0
2023-04-24 14:30:00-04:00,37.81999969482422,37.900001525878906,37.709999084472656,37.83000183105469,253246,0.0,0.0
2023-04-24 15:30:00-04:00,37.834999084472656,37.93000030517578,37.790000915527344,37.93000030517578,211508,0.0,0.0
2023-04-25 09:30:00-04:00,37.869998931884766,38.040000915527344,37.779998779296875,37.810001373291016,102294,0.0,0.0
2023-04-25 10:30:00-04:00,37.81999969482422,38.0099983215332,37.80500030517578,37.849998474121094,84186,0.0,0.0
2023-04-25 11:30:00-04:00,37.83000183105469,37.95000076293945,37.79999923706055,37.91999816894531,57259,0.0,0.0
2023-04-25 12:30:00-04:00,37.91999816894531,37.939998626708984,37.790000915527344,37.834999084472656,58130,0.0,0.0
2023-04-25 13:30:00-04:00,37.834999084472656,37.845001220703125,37.790000915527344,37.84000015258789,65774,0.0,0.0
2023-04-25 14:30:00-04:00,37.84000015258789,37.935001373291016,37.779998779296875,37.93000030517578,96526,0.0,0.0
2023-04-25 15:30:00-04:00,37.92499923706055,37.970001220703125,37.845001220703125,37.93000030517578,213746,0.0,0.0
2023-04-26 09:30:00-04:00,37.65999984741211,37.81999969482422,37.2400016784668,37.36000061035156,140877,0.0,0.0
2023-04-26 10:30:00-04:00,37.3650016784668,37.45000076293945,37.27000045776367,37.31999969482422,82943,0.0,0.0
2023-04-26 11:30:00-04:00,37.31999969482422,37.334999084472656,37.040000915527344,37.060001373291016,72334,0.0,0.0
2023-04-26 12:30:00-04:00,37.06999969482422,37.150001525878906,37.005001068115234,37.025001525878906,74044,0.0,0.0
2023-04-26 13:30:00-04:00,37.029998779296875,37.13999938964844,36.93000030517578,37.10499954223633,122205,0.0,0.0
2023-04-26 14:30:00-04:00,37.099998474121094,37.220001220703125,37.040000915527344,37.150001525878906,139181,0.0,0.0
2023-04-26 15:30:00-04:00,37.150001525878906,37.16999816894531,37.06999969482422,37.09000015258789,253175,0.0,0.0
2023-04-27 09:30:00-04:00,37.04999923706055,37.45000076293945,37.04999923706055,37.380001068115234,152637,0.0,0.0
2023-04-27 10:30:00-04:00,37.380001068115234,37.38999938964844,37.15999984741211,37.2599983215332,113356,0.0,0.0
2023-04-27 11:30:00-04:00,37.27000045776367,37.48500061035156,37.15999984741211,37.45000076293945,73190,0.0,0.0
2023-04-27 12:30:00-04:00,37.459999084472656,37.470001220703125,37.29499816894531,37.314998626708984,51999,0.0,0.0
2023-04-27 13:30:00-04:00,37.314998626708984,37.4900016784668,37.29999923706055,37.4900016784668,83363,0.0,0.0
2023-04-27 14:30:00-04:00,37.4900016784668,37.665000915527344,37.4900016784668,37.57500076293945,104128,0.0,0.0
2023-04-27 15:30:00-04:00,37.56999969482422,37.7400016784668,37.53499984741211,37.7400016784668,191084,0.0,0.0
2023-04-28 09:30:00-04:00,37.709999084472656,38.0,37.66999816894531,37.78499984741211,167198,0.0,0.0
2023-04-28 10:30:00-04:00,37.79999923706055,37.95000076293945,37.76499938964844,37.90999984741211,127936,0.0,0.0
2023-04-28 11:30:00-04:00,37.900001525878906,37.959999084472656,37.779998779296875,37.790000915527344,96394,0.0,0.0
2023-04-28 12:30:00-04:00,37.79499816894531,37.810001373291016,37.630001068115234,37.6349983215332,68692,0.0,0.0
2023-04-28 13:30:00-04:00,37.63999938964844,37.69499969482422,37.435001373291016,37.470001220703125,90514,0.0,0.0
2023-04-28 14:30:00-04:00,37.470001220703125,37.53499984741211,37.349998474121094,37.4900016784668,86428,0.0,0.0
2023-04-28 15:30:00-04:00,37.47999954223633,37.58000183105469,37.47999954223633,37.54999923706055,182799,0.0,0.0
2023-05-01 09:30:00-04:00,37.40999984741211,37.7400016784668,37.40999984741211,37.66999816894531,149673,0.0,0.0
2023-05-01 10:30:00-04:00,37.68000030517578,37.849998474121094,37.66999816894531,37.79499816894531,85811,0.0,0.0
2023-05-01 11:30:00-04:00,37.790000915527344,37.939998626708984,37.779998779296875,37.83000183105469,63165,0.0,0.0
2023-05-01 12:30:00-04:00,37.83000183105469,37.900001525878906,37.720001220703125,37.720001220703125,68648,0.0,0.0
2023-05-01 13:30:00-04:00,37.720001220703125,37.810001373291016,37.70500183105469,37.720001220703125,94232,0.0,0.0
2023-05-01 14:30:00-04:00,37.709999084472656,37.709999084472656,37.529998779296875,37.540000915527344,92346,0.0,0.0
2023-05-01 15:30:00-04:00,37.540000915527344,37.57500076293945,37.40999984741211,37.43000030517578,210589,0.0,0.0
2023-05-02 09:30:00-04:00,37.36000061035156,37.45869827270508,36.97999954223633,36.97999954223633,216846,0.0,0.0
2023-05-02 10:30:00-04:00,36.97999954223633,37.0099983215332,36.459999084472656,36.59000015258789,128250,0.0,0.0
2023-05-02 11:30:00-04:00,36.630001068115234,36.7599983215332,36.540000915527344,36.7400016784668,82054,0.0,0.0
2023-05-02 12:30:00-04:00,36.75,36.79999923706055,36.70000076293945,36.7599983215332,64205,0.0,0.0
2023-05-02 13:30:00-04:00,36.755001068115234,36.755001068115234,36.505001068115234,36.68000030517578,127626,0.0,0.0
2023-05-02 14:30:00-04:00,36.66999816894531,36.93000030517578,36.630001068115234,36.86000061035156,89374,0.0,0.0
2023-05-02 15:30:00-04:00,36.85499954223633,36.900001525878906,36.810001373291016,36.849998474121094,206702,0.0,0.0
2023-05-03 09:30:00-04:00,37.029998779296875,37.11000061035156,36.849998474121094,37.08000183105469,127185,0.0,0.0
2023-05-03 10:30:00-04:00,37.099998474121094,37.11000061035156,36.79999923706055,36.88999938964844,60451,0.0,0.0
2023-05-03 11:30:00-04:00,36.88999938964844,37.097999572753906,36.88999938964844,37.095001220703125,48360,0.0,0.0
2023-05-03 12:30:00-04:00,37.099998474121094,37.290000915527344,37.0900993347168,37.25,44908,0.0,0.0
2023-05-03 13:30:00-04:00,37.2599983215332,37.275001525878906,37.09000015258789,37.150001525878906,80622,0.0,0.0
2023-05-03 14:30:00-04:00,37.119998931884766,37.279998779296875,36.85200119018555,36.900001525878906,106049,0.0,0.0
2023-05-03 15:30:00-04:00,36.869998931884766,36.90999984741211,36.75,36.81999969482422,208385,0.0,0.0
2023-05-04 09:30:00-04:00,36.75,36.89500045776367,36.18000030517578,36.68000030517578,173590,0.0,0.0
2023-05-04 10:30:00-04:00,36.70000076293945,36.92499923706055,36.58000183105469,36.720001220703125,195469,0.0,0.0
2023-05-04 11:30:00-04:00,36.724998474121094,37.16999816894531,36.724998474121094,37.13999938964844,124032,0.0,0.0
2023-05-04 12:30:00-04:00,37.150001525878906,37.439998626708984,37.08000183105469,37.400001525878906,87908,0.0,0.0
2023-05-04 13:30:00-04:00,37.400001525878906,37.4900016784668,37.33000183105469,37.334999084472656,114051,0.0,0.0
2023-05-04 14:30:00-04:00,37.31999969482422,37.38999938964844,37.209999084472656,37.22999954223633,143152,0.0,0.0
2023-05-04 15:30:00-04:00,37.22999954223633,37.34000015258789,37.189998626708984,37.34000015258789,272920,0.0,0.0
2023-05-05 09:30:00-04:00,37.380001068115234,37.79999923706055,37.27000045776367,37.599998474121094,123498,0.0,0.0
2023-05-05 10:30:00-04:00,37.599998474121094,37.70000076293945,37.45000076293945,37.47999954223633,97636,0.0,0.0
2023-05-05 11:30:00-04:00,37.4900016784668,37.560001373291016,37.43000030517578,37.5,82060,0.0,0.0
2023-05-05 12:30:00-04:00,37.4900016784668,37.630001068115234,37.38999938964844,37.6150016784668,75558,0.0,0.0
2023-05-05 13:30:00-04:00,37.63999938964844,37.77000045776367,37.54999923706055,37.75,97500,0.0,0.0
2023-05-05 14:30:00-04:00,37.744998931884766,37.790000915527344,37.58000183105469,37.60499954223633,157859,0.0,0.0
2023-05-05 15:30:00-04:00,37.59000015258789,37.7599983215332,37.55500030517578,37.7599983215332,249132,0.0,0.0
2023-05-08 09:30:00-04:00,37.689998626708984,37.81999969482422,37.470001220703125,37.50640106201172,72472,0.0,0.0
2023-05-08 10:30:00-04:00,37.52000045776367,37.529998779296875,37.3849983215332,37.47999954223633,48774,0.0,0.0
2023-05-08 11:30:00-04:00,37.474998474121094,37.5,37.35499954223633,37.43000030517578,44463,0.0,0.0
2023-05-08 12:30:00-04:00,37.45000076293945,37.46500015258789,37.38999938964844,37.46500015258789,41799,0.0,0.0
2023-05-08 13:30:00-04:00,37.459999084472656,37.56999969482422,37.40999984741211,37.56999969482422,66979,0.0,0.0
2023-05-08 14:30:00-04:00,37.58000183105469,37.58000183105469,37.45000076293945,37.47999954223633,94470,0.0,0.0
2023-05-08 15:30:00-04:00,37.470001220703125,37.595001220703125,37.459999084472656,37.54999923706055,200683,0.0,0.0
2023-05-09 09:30:00-04:00,37.470001220703125,37.529998779296875,37.36000061035156,37.47999954223633,73244,0.0,0.0
2023-05-09 10:30:00-04:00,37.5,37.54999923706055,37.36000061035156,37.474998474121094,43208,0.0,0.0
2023-05-09 11:30:00-04:00,37.470001220703125,37.540000915527344,37.43000030517578,37.470001220703125,53201,0.0,0.0
2023-05-09 12:30:00-04:00,37.47999954223633,37.60499954223633,37.47800064086914,37.48500061035156,73096,0.0,0.0
2023-05-09 13:30:00-04:00,37.459999084472656,37.689998626708984,37.45000076293945,37.64500045776367,80306,0.0,0.0
2023-05-09 14:30:00-04:00,37.63999938964844,37.724998474121094,37.61000061035156,37.650001525878906,91373,0.0,0.0
2023-05-09 15:30:00-04:00,37.650001525878906,37.69499969482422,37.57500076293945,37.61000061035156,140642,0.0,0.0
2023-05-10 09:30:00-04:00,37.880001068115234,38.02000045776367,37.720001220703125,37.79999923706055,82009,0.0,0.0
2023-05-10 10:30:00-04:00,37.790000915527344,37.86000061035156,37.650001525878906,37.814998626708984,76150,0.0,0.0
2023-05-10 11:30:00-04:00,37.818199157714844,37.880001068115234,37.71160125732422,37.73500061035156,59397,0.0,0.0
2023-05-10 12:30:00-04:00,37.73979949951172,37.73979949951172,37.529998779296875,37.540000915527344,58817,0.0,0.0
2023-05-10 13:30:00-04:00,37.53499984741211,37.75,37.52000045776367,37.69499969482422,69988,0.0,0.0
2023-05-10 14:30:00-04:00,37.70000076293945,38.0,37.70000076293945,37.939998626708984,88207,0.0,0.0
2023-05-10 15:30:00-04:00,37.939998626708984,38.040000915527344,37.91999816894531,37.970001220703125,156211,0.0,0.0
2023-05-11 09:30:00-04:00,37.939998626708984,37.97999954223633,37.2400016784668,37.400001525878906,128109,0.0,0.0
2023-05-11 10:30:00-04:00,37.40999984741211,37.70000076293945,37.404998779296875,37.494998931884766,67350,0.0,0.0
2023-05-11 11:30:00-04:00,37.4900016784668,37.724998474121094,37.4900016784668,37.709999084472656,56873,0.0,0.0
2023-05-11 12:30:00-04:00,37.709999084472656,37.720001220703125,37.52000045776367,37.52000045776367,61512,0.0,0.0
2023-05-11 13:30:00-04:00,37.52000045776367,37.564998626708984,37.375,37.46500015258789,75517,0.0,0.0
2023-05-11 14:30:00-04:00,37.470001220703125,37.5,37.404998779296875,37.46500015258789,102504,0.0,0.0
2023-05-11 15:30:00-04:00,37.459999084472656,37.560001373291016,37.40999984741211,37.529998779296875,189063,0.0,0.0
2023-05-12 09:30:00-04:00,37.7599983215332,38.0099983215332,37.68000030517578,37.849998474121094,38524,0.0,0.0
2023-05-12 10:30:00-04:00,37.84000015258789,37.849998474121094,37.70000076293945,37.72999954223633,40064,0.0,0.0
2023-05-12 11:30:00-04:00,37.720001220703125,37.814998626708984,37.6349983215332,37.689998626708984,33623,0.0,0.0
2023-05-12 12:30:00-04:00,37.69499969482422,37.83000183105469,37.689998626708984,37.779998779296875,42157,0.0,0.0
2023-05-12 13:30:00-04:00,37.76499938964844,37.810001373291016,37.60499954223633,37.70000076293945,53076,0.0,0.0
2023-05-12 14:30:00-04:00,37.69499969482422,37.70000076293945,37.60499954223633,37.619998931884766,141456,0.0,0.0
2023-05-12 15:30:00-04:00,37.6150016784668,37.79999923706055,37.60499954223633,37.79999923706055,246538,0.0,0.0
2023-05-15 09:30:00-04:00,37.88999938964844,37.91999816894531,37.16999816894531,37.310001373291016,68789,0.0,0.0
2023-05-15 10:30:00-04:00,37.31999969482422,37.36000061035156,37.150001525878906,37.15869903564453,40898,0.0,0.0
2023-05-15 11:30:00-04:00,37.18000030517578,37.20000076293945,37.064998626708984,37.185001373291016,49583,0.0,0.0
2023-05-15 12:30:00-04:00,37.189998626708984,37.369998931884766,37.189998626708984,37.20000076293945,70950,0.0,0.0
2023-05-15 13:30:00-04:00,37.18000030517578,37.25,37.099998474121094,37.15999984741211,50178,0.0,0.0
2023-05-15 14:30:00-04:00,37.17499923706055,37.28499984741211,37.15999984741211,37.26499938964844,66447,0.0,0.0
2023-05-15 15:30:00-04:00,37.27000045776367,37.279998779296875,37.150001525878906,37.220001220703125,147411,0.0,0.0
2023-05-16 09:30:00-04:00,37.2599983215332,37.32699966430664,36.900001525878906,36.970001220703125,55592,0.0,0.0
2023-05-16 10:30:00-04:00,36.9900016784668,37.005001068115234,36.630001068115234,36.7400016784668,52749,0.0,0.0
2023-05-16 11:30:00-04:00,36.7400016784668,36.7401008605957,36.599998474121094,36.65999984741211,51722,0.0,0.0
2023-05-16 12:30:00-04:00,36.689998626708984,36.82500076293945,36.68000030517578,36.70000076293945,50186,0.0,0.0
2023-05-16 13:30:00-04:00,36.69499969482422,36.779998779296875,36.65999984741211,36.720001220703125,49531,0.0,0.0
2023-05-16 14:30:00-04:00,36.720001220703125,36.78499984741211,36.69499969482422,36.71500015258789,59381,0.0,0.0
2023-05-16 15:30:00-04:00,36.720001220703125,36.75,36.564998626708984,36.619998931884766,134076,0.0,0.0
2023-05-17 09:30:00-04:00,36.65999984741211,36.7400016784668,36.494998931884766,36.720001220703125,124280,0.0,0.0
2023-05-17 10:30:00-04:00,36.72999954223633,36.7599983215332,36.439998626708984,36.487998962402344,91616,0.0,0.0
2023-05-17 11:30:00-04:00,36.5,36.61000061035156,36.5,36.576698303222656,64957,0.0,0.0
2023-05-17 12:30:00-04:00,36.59000015258789,36.72999954223633,36.58000183105469,36.630001068115234,112020,0.0,0.0
2023-05-17 13:30:00-04:00,36.630001068115234,36.66999816894531,36.474998474121094,36.474998474121094,172363,0.0,0.0
2023-05-17 14:30:00-04:00,36.47999954223633,36.529998779296875,36.334999084472656,36.35499954223633,201704,0.0,0.0
2023-05-17 15:30:00-04:00,36.36000061035156,36.51499938964844,36.34000015258789,36.459999084472656,247889,0.0,0.0
2023-05-18 09:30:00-04:00,36.220001220703125,36.33000183105469,36.130001068115234,36.22999954223633,120126,0.0,0.0
2023-05-18 10:30:00-04:00,36.25,36.34000015258789,36.150001525878906,36.18000030517578,91935,0.0,0.0
2023-05-18 11:30:00-04:00,36.18000030517578,36.22999954223633,36.040000915527344,36.11000061035156,166012,0.0,0.0
2023-05-18 12:30:00-04:00,36.099998474121094,36.2599983215332,36.09000015258789,36.17499923706055,98250,0.0,0.0
2023-05-18 13:30:00-04:00,36.16999816894531,36.279998779296875,36.165000915527344,36.26499938964844,155617,0.0,0.0
2023-05-18 14:30:00-04:00,36.26499938964844,36.35499954223633,36.21500015258789,36.334999084472656,310321,0.0,0.0
2023-05-18 15:30:00-04:00,36.34000015258789,36.61000061035156,36.34000015258789,36.59000015258789,534888,0.0,0.0
2023-05-19 09:30:00-04:00,36.75,36.849998474121094,36.625,36.65999984741211,121547,0.0,0.0
2023-05-19 10:30:00-04:00,36.650001525878906,36.72999954223633,36.400001525878906,36.400001525878906,69896,0.0,0.0
2023-05-19 11:30:00-04:00,36.38999938964844,36.400001525878906,36.209999084472656,36.2599983215332,132022,0.0,0.0
2023-05-19 12:30:00-04:00,36.25,36.400001525878906,36.220001220703125,36.27000045776367,84389,0.0,0.0
2023-05-19 13:30:00-04:00,36.27000045776367,36.28499984741211,36.14500045776367,36.14500045776367,100071,0.0,0.0
2023-05-19 14:30:00-04:00,36.150001525878906,36.22999954223633,36.130001068115234,36.150001525878906,151488,0.0,0.0
2023-05-19 15:30:00-04:00,36.150001525878906,36.220001220703125,36.09000015258789,36.099998474121094,271053,0.0,0.0
2023-05-22 09:30:00-04:00,36.22999954223633,36.45000076293945,35.959999084472656,36.220001220703125,89656,0.0,0.0
2023-05-22 10:30:00-04:00,36.20500183105469,36.220001220703125,35.96699905395508,36.130001068115234,61085,0.0,0.0
2023-05-22 11:30:00-04:00,36.13999938964844,36.2400016784668,36.11000061035156,36.20000076293945,72074,0.0,0.0
2023-05-22 12:30:00-04:00,36.20000076293945,36.224998474121094,36.130001068115234,36.18000030517578,89598,0.0,0.0
2023-05-22 13:30:00-04:00,36.189998626708984,36.290000915527344,36.185001373291016,36.255001068115234,84766,0.0,0.0
2023-05-22 14:30:00-04:00,36.255001068115234,36.279998779296875,36.19499969482422,36.20500183105469,83536,0.0,0.0
2023-05-22 15:30:00-04:00,36.209999084472656,36.22999954223633,36.16999816894531,36.209999084472656,150555,0.0,0.0
2023-05-23 09:30:00-04:00,36.150001525878906,36.5,36.0,36.189998626708984,85361,0.0,0.0
2023-05-23 10:30:00-04:00,36.189998626708984,36.244998931884766,36.060001373291016,36.11000061035156,140029,0.0,0.0
2023-05-23 11:30:00-04:00,36.099998474121094,36.290000915527344,36.099998474121094,36.20500183105469,119264,0.0,0.0
2023-05-23 12:30:00-04:00,36.209999084472656,36.2599983215332,36.01499938964844,36.02000045776367,82641,0.0,0.0
2023-05-23 13:30:00-04:00,36.0099983215332,36.154998779296875,35.970001220703125,36.025001525878906,122923,0.0,0.0
2023-05-23 14:30:00-04:00,36.02000045776367,36.13999938964844,36.01499938964844,36.119998931884766,129281,0.0,0.0
2023-05-23 15:30:00-04:00,36.125,36.13999938964844,35.959999084472656,35.959999084472656,164337,0.0,0.0
2023-05-24 09:30:00-04:00,35.86000061035156,36.06999969482422,35.77000045776367,35.959999084472656,98345,0.0,0.0
2023-05-24 10:30:00-04:00,35.959999084472656,36.005001068115234,35.81999969482422,35.83000183105469,81348,0.0,0.0
2023-05-24 11:30:00-04:00,35.81999969482422,35.83000183105469,35.63999938964844,35.790000915527344,54460,0.0,0.0
2023-05-24 12:30:00-04:00,35.76319885253906,35.88999938964844,35.76319885253906,35.790000915527344,54314,0.0,0.0
2023-05-24 13:30:00-04:00,35.79999923706055,35.880001068115234,35.77000045776367,35.77000045776367,53013,0.0,0.0
2023-05-24 14:30:00-04:00,35.7599983215332,35.90999984741211,35.75,35.86000061035156,67345,0.0,0.0
2023-05-24 15:30:00-04:00,35.880001068115234,35.93000030517578,35.709999084472656,35.7400016784668,135603,0.0,0.0
2023-05-25 09:30:00-04:00,35.63999938964844,35.63999938964844,35.154998779296875,35.33000183105469,130416,0.0,0.0
2023-05-25 10:30:00-04:00,35.29999923706055,35.33000183105469,34.98899841308594,35.06999969482422,98435,0.0,0.0
2023-05-25 11:30:00-04:00,35.08720016479492,35.18000030517578,34.939998626708984,35.025001525878906,70774,0.0,0.0
2023-05-25 12:30:00-04:00,35.01499938964844,35.22999954223633,34.9900016784668,35.22999954223633,62558,0.0,0.0
2023-05-25 13:30:00-04:00,35.22999954223633,35.40999984741211,35.130001068115234,35.18000030517578,155716,0.0,0.0
2023-05-25 14:30:00-04:00,35.17499923706055,35.17499923706055,34.90999984741211,34.959999084472656,361401,0.0,0.0
2023-05-25 15:30:00-04:00,34.96500015258789,35.0,34.845001220703125,34.939998626708984,254826,0.0,0.0
2023-05-26 09:30:00-04:00,34.869998931884766,34.90999984741211,34.58000183105469,34.869998931884766,69584,0.0,0.0
2023-05-26 10:30:00-04:00,34.880001068115234,34.88999938964844,34.630001068115234,34.650001525878906,84709,0.0,0.0
2023-05-26 11:30:00-04:00,34.67499923706055,34.84000015258789,34.63999938964844,34.83000183105469,82061,0.0,0.0
2023-05-26 12:30:00-04:00,34.849998474121094,34.880001068115234,34.72999954223633,34.779998779296875,63019,0.0,0.0
2023-05-26 13:30:00-04:00,34.790000915527344,34.83000183105469,34.720001220703125,34.81999969482422,58621,0.0,0.0
2023-05-26 14:30:00-04:00,34.81999969482422,34.970001220703125,34.814998626708984,34.91999816894531,70536,0.0,0.0
2023-05-26 15:30:00-04:00,34.93000030517578,35.03499984741211,34.91999816894531,34.95000076293945,141523,0.0,0.0
2023-05-30 09:30:00-04:00,34.9900016784668,35.16999816894531,34.880001068115234,35.060001373291016,109486,0.0,0.0
2023-05-30 10:30:00-04:00,35.084999084472656,35.150001525878906,34.95000076293945,35.04999923706055,88350,0.0,0.0
2023-05-30 11:30:00-04:00,35.040000915527344,35.1150016784668,34.9900016784668,35.08000183105469,57949,0.0,0.0
2023-05-30 12:30:00-04:00,35.08000183105469,35.099998474121094,35.02000045776367,35.060001373291016,80689,0.0,0.0
2023-05-30 13:30:00-04:00,35.040000915527344,35.119998931884766,35.02000045776367,35.10499954223633,72469,0.0,0.0
2023-05-30 14:30:00-04:00,35.11000061035156,35.154998779296875,34.956199645996094,35.0099983215332,78747,0.0,0.0
2023-05-30 15:30:00-04:00,35.02000045776367,35.07500076293945,34.974998474121094,35.005001068115234,128942,0.0,0.0
2023-05-31 09:30:00-04:00,35.0099983215332,35.16999816894531,34.86000061035156,35.099998474121094,119239,0.0,0.0
2023-05-31 10:30:00-04:00,35.130001068115234,35.130001068115234,34.849998474121094,35.06999969482422,82161,0.0,0.0
2023-05-31 11:30:00-04:00,35.09000015258789,35.209999084472656,35.04999923706055,35.20000076293945,80648,0.0,0.0
2023-05-31 12:30:00-04:00,35.189998626708984,35.27000045776367,35.17499923706055,35.209999084472656,57522,0.0,0.0
2023-05-31 13:30:00-04:00,35.21500015258789,35.459999084472656,35.15999984741211,35.45000076293945,113321,0.0,0.0
2023-05-31 14:30:00-04:00,35.44499969482422,35.48500061035156,35.380001068115234,35.459999084472656,104531,0.0,0.0
2023-05-31 15:30:00-04:00,35.45500183105469,35.51499938964844,35.2599983215332,35.290000915527344,263705,0.0,0.0
2023-06-01 09:30:00-04:00,35.349998474121094,35.47999954223633,34.720001220703125,34.93000030517578,86800,0.0,0.0
2023-06-01 10:30:00-04:00,34.91999816894531,35.15999984741211,34.88999938964844,35.150001525878906,68509,0.0,0.0
2023-06-01 11:30:00-04:00,35.150001525878906,35.18000030517578,35.025001525878906,35.03499984741211,46242,0.0,0.0
2023-06-01 12:30:00-04:00,35.03499984741211,35.03499984741211,34.84000015258789,34.98500061035156,79834,0.0,0.0
2023-06-01 13:30:00-04:00,34.994998931884766,35.0,34.880001068115234,34.8849983215332,223816,0.0,0.0
2023-06-01 14:30:00-04:00,34.880001068115234,35.060001373291016,34.880001068115234,35.0,89317,0.0,0.0
2023-06-01 15:30:00-04:00,35.005001068115234,35.029998779296875,34.900001525878906,35.02000045776367,173805,0.0,0.0
2023-06-02 09:30:00-04:00,34.93000030517578,35.150001525878906,34.849998474121094,35.08000183105469,135366,0.0,0.0
2023-06-02 10:30:00-04:00,35.07500076293945,35.63999938964844,35.07500076293945,35.6349983215332,133568,0.0,0.0
2023-06-02 11:30:00-04:00,35.630001068115234,35.755001068115234,35.58000183105469,35.68000030517578,103051,0.0,0.0
2023-06-02 12:30:00-04:00,35.66999816894531,35.724998474121094,35.59000015258789,35.650001525878906,84936,0.0,0.0
2023-06-02 13:30:00-04:00,35.65999984741211,35.71500015258789,35.58000183105469,35.709999084472656,87157,0.0,0.0
2023-06-02 14:30:00-04:00,35.70000076293945,35.78499984741211,35.650001525878906,35.665000915527344,138507,0.0,0.0
2023-06-02 15:30:00-04:00,35.65999984741211,35.709999084472656,35.599998474121094,35.68000030517578,163269,0.0,0.0
2023-06-05 09:30:00-04:00,35.5,35.91999816894531,35.5,35.7599983215332,179649,0.0,0.0
2023-06-05 10:30:00-04:00,35.7599983215332,35.79499816894531,35.58000183105469,35.65999984741211,128372,0.0,0.0
2023-06-05 11:30:00-04:00,35.66999816894531,35.7400016784668,35.60499954223633,35.720001220703125,110254,0.0,0.0
2023-06-05 12:30:00-04:00,35.71500015258789,35.720001220703125,35.540000915527344,35.560001373291016,109871,0.0,0.0
2023-06-05 13:30:00-04:00,35.560001373291016,35.67499923706055,35.525001525878906,35.619998931884766,127609,0.0,0.0
2023-06-05 14:30:00-04:00,35.619998931884766,35.775001525878906,35.57500076293945,35.724998474121094,244693,0.0,0.0
2023-06-05 15:30:00-04:00,35.724998474121094,35.79499816894531,35.65999984741211,35.775001525878906,283771,0.0,0.0
2023-06-06 09:30:00-04:00,35.970001220703125,35.970001220703125,35.5,35.720001220703125,196748,0.0,0.0
2023-06-06 10:30:00-04:00,35.7400016784668,35.75,35.56999969482422,35.70000076293945,95721,0.0,0.0
2023-06-06 11:30:00-04:00,35.720001220703125,35.72999954223633,35.584999084472656,35.64500045776367,117502,0.0,0.0
2023-06-06 12:30:00-04:00,35.64500045776367,35.790000915527344,35.6349983215332,35.68000030517578,86722,0.0,0.0
2023-06-06 13:30:00-04:00,35.68000030517578,35.709999084472656,35.625,35.70000076293945,77574,0.0,0.0
2023-06-06 14:30:00-04:00,35.70000076293945,35.810001373291016,35.68000030517578,35.790000915527344,89949,0.0,0.0
2023-06-06 15:30:00-04:00,35.790000915527344,35.80500030517578,35.63999938964844,35.689998626708984,278885,0.0,0.0
2023-06-07 09:30:00-04:00,35.79999923706055,36.0099983215332,35.52000045776367,35.9900016784668,89743,0.0,0.0
2023-06-07 10:30:00-04:00,36.0,36.28499984741211,35.939998626708984,36.13999938964844,87652,0.0,0.0
2023-06-07 11:30:00-04:00,36.130001068115234,36.34000015258789,36.09000015258789,36.34000015258789,82961,0.0,0.0
2023-06-07 12:30:00-04:00,36.33000183105469,36.349998474121094,36.19499969482422,36.25,78046,0.0,0.0
2023-06-07 13:30:00-04:00,36.2400016784668,36.43000030517578,36.209999084472656,36.39500045776367,126278,0.0,0.0
2023-06-07 14:30:00-04:00,36.39500045776367,36.56999969482422,36.375,36.5,149516,0.0,0.0
2023-06-07 15:30:00-04:00,36.494998931884766,36.52000045776367,36.35499954223633,36.459999084472656,244917,0.0,0.0
2023-06-08 09:30:00-04:00,36.31999969482422,36.529998779296875,36.220001220703125,36.39500045776367,96548,0.0,0.0
2023-06-08 10:30:00-04:00,36.39500045776367,36.40999984741211,36.209999084472656,36.2599983215332,68122,0.0,0.0
2023-06-08 11:30:00-04:00,36.25,36.279998779296875,36.150001525878906,36.2599983215332,76254,0.0,0.0
2023-06-08 12:30:00-04:00,36.2599983215332,36.45000076293945,36.2599983215332,36.415000915527344,140825,0.0,0.0
2023-06-08 13:30:00-04:00,36.415000915527344,36.435001373291016,36.28499984741211,36.349998474121094,116260,0.0,0.0
2023-06-08 14:30:00-04:00,36.349998474121094,36.52000045776367,36.345001220703125,36.48500061035156,205206,0.0,0.0
2023-06-08 15:30:00-04:00,36.47999954223633,36.599998474121094,36.47999954223633,36.51499938964844,233313,0.0,0.0
2023-06-09 09:30:00-04:00,36.459999084472656,36.53499984741211,36.18000030517578,36.255001068115234,108460,0.0,0.0
2023-06-09 10:30:00-04:00,36.25,36.38999938964844,36.20000076293945,36.209999084472656,145081,0.0,0.0
2023-06-09 11:30:00-04:00,36.220001220703125,36.36000061035156,36.150001525878906,36.349998474121094,119716,0.0,0.0
2023-06-09 12:30:00-04:00,36.32500076293945,36.42499923706055,36.29999923706055,36.32500076293945,91033,0.0,0.0
2023-06-09 13:30:00-04:00,36.33000183105469,36.439998626708984,36.31999969482422,36.380001068115234,85677,0.0,0.0
2023-06-09 14:30:00-04:00,36.375,36.41999816894531,36.310001373291016,36.314998626708984,77592,0.0,0.0
2023-06-09 15:30:00-04:00,36.30500030517578,36.30500030517578,36.209999084472656,36.2400016784668,180301,0.0,0.0
2023-06-12 09:30:00-04:00,36.310001373291016,36.380001068115234,36.09000015258789,36.29999923706055,109759,0.0,0.0
2023-06-12 10:30:00-04:00,36.30500030517578,36.40999984741211,36.2599983215332,36.38999938964844,72833,0.0,0.0
2023-06-12 11:30:00-04:00,36.400001525878906,36.41999816894531,36.310001373291016,36.31999969482422,60223,0.0,0.0
2023-06-12 12:30:00-04:00,36.310001373291016,36.369998931884766,36.15999984741211,36.16999816894531,57451,0.0,0.0
2023-06-12 13:30:00-04:00,36.15999984741211,36.18000030517578,36.084999084472656,36.11000061035156,59228,0.0,0.0
2023-06-12 14:30:00-04:00,36.11000061035156,36.2599983215332,36.11000061035156,36.220001220703125,80749,0.0,0.0
2023-06-12 15:30:00-04:00,36.224998474121094,36.244998931884766,36.154998779296875,36.220001220703125,139067,0.0,0.0
2023-06-13 09:30:00-04:00,35.939998626708984,36.189998626708984,35.790000915527344,36.15999984741211,123424,0.0,0.0
2023-06-13 10:30:00-04:00,36.150001525878906,36.15999984741211,36.02000045776367,36.099998474121094,107904,0.0,0.0
2023-06-13 11:30:00-04:00,36.099998474121094,36.22999954223633,36.029998779296875,36.224998474121094,89177,0.0,0.0
2023-06-13 12:30:00-04:00,36.22999954223633,36.29499816894531,36.130001068115234,36.29499816894531,100987,0.0,0.0
2023-06-13 13:30:00-04:00,36.290000915527344,36.439998626708984,36.255001068115234,36.40999984741211,96538,0.0,0.0
2023-06-13 14:30:00-04:00,36.400001525878906,36.400001525878906,36.25,36.32500076293945,84766,0.0,0.0
2023-06-13 15:30:00-04:00,36.33000183105469,36.36000061035156,36.22999954223633,36.27000045776367,182176,0.0,0.0
2023-06-14 09:30:00-04:00,36.290000915527344,36.560001373291016,36.27000045776367,36.47999954223633,78989,0.0,0.0
2023-06-14 10:30:00-04:00,36.47999954223633,36.689998626708984,36.47999954223633,36.599998474121094,57189,0.0,0.0
2023-06-14 11:30:00-04:00,36.61000061035156,36.65999984741211,36.52000045776367,36.54999923706055,57003,0.0,0.0
2023-06-14 12:30:00-04:00,36.55500030517578,36.56999969482422,36.5,36.525001525878906,74295,0.0,0.0
2023-06-14 13:30:00-04:00,36.525001525878906,36.540000915527344,36.02000045776367,36.10499954223633,208989,0.0,0.0
2023-06-14 14:30:00-04:00,36.11000061035156,36.40999984741211,36.09000015258789,36.33000183105469,144661,0.0,0.0
2023-06-14 15:30:00-04:00,36.31999969482422,36.3650016784668,36.130001068115234,36.220001220703125,245667,0.0,0.0
2023-06-15 09:30:00-04:00,36.720001220703125,36.720001220703125,36.39099884033203,36.59000015258789,161190,0.0,0.0
2023-06-15 10:30:00-04:00,36.59000015258789,36.59000015258789,36.38999938964844,36.540000915527344,159689,0.0,0.0
2023-06-15 11:30:00-04:00,36.540000915527344,36.560001373291016,36.43000030517578,36.540000915527344,107937,0.0,0.0
2023-06-15 12:30:00-04:00,36.54999923706055,36.619998931884766,36.4900016784668,36.55500030517578,82774,0.0,0.0
2023-06-15 13:30:00-04:00,36.56999969482422,36.56999969482422,36.439998626708984,36.4900016784668,134222,0.0,0.0
2023-06-15 14:30:00-04:00,36.48500061035156,36.689998626708984,36.46500015258789,36.560001373291016,235657,0.0,0.0
2023-06-15 15:30:00-04:00,36.55500030517578,36.599998474121094,36.470001220703125,36.54999923706055,409126,0.0,0.0
2023-06-16 09:30:00-04:00,36.630001068115234,36.86000061035156,36.630001068115234,36.7400016784668,304008,0.0,0.0
2023-06-16 10:30:00-04:00,36.7400016784668,36.76499938964844,36.6150016784668,36.689998626708984,130747,0.0,0.0
2023-06-16 11:30:00-04:00,36.709999084472656,36.76499938964844,36.59000015258789,36.7599983215332,64134,0.0,0.0
2023-06-16 12:30:00-04:00,36.779998779296875,36.8650016784668,36.7599983215332,36.79999923706055,79971,0.0,0.0
2023-06-16 13:30:00-04:00,36.79999923706055,36.86000061035156,36.7400016784668,36.82590103149414,109359,0.0,0.0
2023-06-16 14:30:00-04:00,36.83000183105469,36.849998474121094,36.650001525878906,36.70000076293945,121712,0.0,0.0
2023-06-16 15:30:00-04:00,36.70000076293945,36.810001373291016,36.67499923706055,36.810001373291016,363882,0.0,0.0
2023-06-20 09:30:00-04:00,36.650001525878906,36.86000061035156,36.25,36.630001068115234,134526,0.0,0.0
2023-06-20 10:30:00-04:00,36.630001068115234,36.67499923706055,36.52000045776367,36.619998931884766,245264,0.0,0.0
2023-06-20 11:30:00-04:00,36.61000061035156,36.744998931884766,36.59000015258789,36.630001068115234,192147,0.0,0.0
2023-06-20 12:30:00-04:00,36.630001068115234,36.70000076293945,36.529998779296875,36.619998931884766,165986,0.0,0.0
2023-06-20 13:30:00-04:00,36.625,36.65999984741211,36.54999923706055,36.619998931884766,139057,0.0,0.0
2023-06-20 14:30:00-04:00,36.61370086669922,36.63999938964844,36.48500061035156,36.51499938964844,140065,0.0,0.0
2023-06-20 15:30:00-04:00,36.52000045776367,36.525001525878906,36.380001068115234,36.439998626708984,279960,0.0,0.0
2023-06-21 09:30:00-04:00,36.279998779296875,36.367000579833984,35.810001373291016,36.31999969482422,166662,0.0,0.0
2023-06-21 10:30:00-04:00,36.314998626708984,36.61000061035156,36.290000915527344,36.47999954223633,110041,0.0,0.0
2023-06-21 11:30:00-04:00,36.470001220703125,36.650001525878906,36.43000030517578,36.650001525878906,74968,0.0,0.0
2023-06-21 12:30:00-04:00,36.65999984741211,36.69499969482422,36.51499938964844,36.54999923706055,89129,0.0,0.0
2023-06-21 13:30:00-04:00,36.54499816894531,36.560001373291016,36.48500061035156,36.529998779296875,76643,0.0,0.0
2023-06-21 14:30:00-04:00,36.529998779296875,36.53499984741211,36.35499954223633,36.375,125760,0.0,0.0
2023-06-21 15:30:00-04:00,36.380001068115234,36.58000183105469,36.334999084472656,36.58000183105469,247465,0.0,0.0
2023-06-22 09:30:00-04:00,36.68000030517578,36.7400016784668,36.189998626708984,36.27000045776367,73634,0.0,0.0
2023-06-22 10:30:00-04:00,36.275001525878906,36.29999923706055,36.09000015258789,36.20000076293945,54383,0.0,0.0
2023-06-22 11:30:00-04:00,36.189998626708984,36.33000183105469,36.15999984741211,36.2599983215332,122269,0.0,0.0
2023-06-22 12:30:00-04:00,36.27000045776367,36.28499984741211,36.17499923706055,36.189998626708984,89518,0.0,0.0
2023-06-22 13:30:00-04:00,36.189998626708984,36.224998474121094,36.1150016784668,36.15999984741211,104979,0.0,0.0
2023-06-22 14:30:00-04:00,36.15999984741211,36.209999084472656,36.125,36.14500045776367,87817,0.0,0.0
2023-06-22 15:30:00-04:00,36.13999938964844,36.18000030517578,36.095001220703125,36.18000030517578,153925,0.0,0.0
2023-06-23 09:30:00-04:00,36.279998779296875,36.400001525878906,36.029998779296875,36.27000045776367,76317,0.0,0.0
2023-06-23 10:30:00-04:00,36.279998779296875,36.29999923706055,35.98500061035156,36.029998779296875,87602,0.0,0.0
2023-06-23 11:30:00-04:00,36.02289962768555,36.05500030517578,35.8849983215332,35.904998779296875,92627,0.0,0.0
2023-06-23 12:30:00-04:00,35.900001525878906,35.959999084472656,35.7599983215332,35.84000015258789,71185,0.0,0.0
2023-06-23 13:30:00-04:00,35.834999084472656,35.970001220703125,35.79499816894531,35.79999923706055,76077,0.0,0.0
2023-06-23 14:30:00-04:00,35.79999923706055,35.79999923706055,35.63999938964844,35.63999938964844,104955,0.0,0.0
2023-06-23 15:30:00-04:00,35.650001525878906,35.779998779296875,35.63999938964844,35.68000030517578,221182,0.0,0.0
2023-06-26 09:30:00-04:00,35.86000061035156,35.95000076293945,35.70000076293945,35.7400016784668,83161,0.0,0.0
2023-06-26 10:30:00-04:00,35.72999954223633,35.880001068115234,35.60499954223633,35.84000015258789,129119,0.0,0.0
2023-06-26 11:30:00-04:00,35.849998474121094,36.165000915527344,35.845001220703125,36.165000915527344,71053,0.0,0.0
2023-06-26 12:30:00-04:00,36.165000915527344,36.165000915527344,36.04999923706055,36.1150016784668,65242,0.0,0.0
2023-06-26 13:30:00-04:00,36.130001068115234,36.275001525878906,36.07500076293945,36.11000061035156,132502,0.0,0.0
2023-06-26 14:30:00-04:00,36.1150016784668,36.13999938964844,36.07500076293945,36.095001220703125,89152,0.0,0.0
2023-06-26 15:30:00-04:00,36.095001220703125,36.16999816894531,36.060001373291016,36.060001373291016,174140,0.0,0.0
2023-06-27 09:30:00-04:00,36.20000076293945,36.25,35.91999816894531,36.099998474121094,86825,0.0,0.0
2023-06-27 10:30:00-04:00,36.11000061035156,36.29999923706055,36.08000183105469,36.220001220703125,83707,0.0,0.0
2023-06-27 11:30:00-04:00,36.209999084472656,36.2400016784668,36.10100173950195,36.16999816894531,55795,0.0,0.0
2023-06-27 12:30:00-04:00,36.15999984741211,36.220001220703125,36.150001525878906,36.220001220703125,54155,0.0,0.0
2023-06-27 13:30:00-04:00,36.220001220703125,36.275001525878906,36.19499969482422,36.224998474121094,79777,0.0,0.0
2023-06-27 14:30:00-04:00,36.224998474121094,36.26499938964844,36.20500183105469,36.220001220703125,92690,0.0,0.0
2023-06-27 15:30:00-04:00,36.220001220703125,36.2599983215332,36.09000015258789,36.095001220703125,167889,0.0,0.0
2023-06-28 09:30:00-04:00,36.04999923706055,36.16999816894531,35.369998931884766,35.560001373291016,219532,0.0,0.0
2023-06-28 10:30:00-04:00,35.56999969482422,35.665000915527344,35.400001525878906,35.65999984741211,77309,0.0,0.0
2023-06-28 11:30:00-04:00,35.665000915527344,35.665000915527344,35.45000076293945,35.65999984741211,116086,0.0,0.0
2023-06-28 12:30:00-04:00,35.654998779296875,35.654998779296875,35.459999084472656,35.5099983215332,61005,0.0,0.0
2023-06-28 13:30:00-04:00,35.5099983215332,35.5099983215332,35.33000183105469,35.48500061035156,83197,0.0,0.0
2023-06-28 14:30:00-04:00,35.47999954223633,35.5,35.415000915527344,35.46500015258789,105834,0.0,0.0
2023-06-28 15:30:00-04:00,35.46500015258789,35.5,35.3650016784668,35.4900016784668,149011,0.0,0.0
2023-06-29 09:30:00-04:00,35.290000915527344,35.45090103149414,35.119998931884766,35.41999816894531,156781,0.0,0.0
2023-06-29 10:30:00-04:00,35.43000030517578,35.5099983215332,35.375,35.459999084472656,84921,0.0,0.0
2023-06-29 11:30:00-04:00,35.459999084472656,35.67499923706055,35.45500183105469,35.66999816894531,62362,0.0,0.0
2023-06-29 12:30:00-04:00,35.66999816894531,35.720001220703125,35.53499984741211,35.584999084472656,53193,0.0,0.0
2023-06-29 13:30:00-04:00,35.61000061035156,35.64500045776367,35.42499923706055,35.54999923706055,94904,0.0,0.0
2023-06-29 14:30:00-04:00,35.54999923706055,35.595001220703125,35.529998779296875,35.59000015258789,70098,0.0,0.0
2023-06-29 15:30:00-04:00,35.59000015258789,35.599998474121094,35.47999954223633,35.560001373291016,100033,0.0,0.0
2023-06-30 09:30:00-04:00,35.709999084472656,35.77000045776367,35.54999923706055,35.599998474121094,117114,0.0,0.0
2023-06-30 10:30:00-04:00,35.61000061035156,35.70500183105469,35.560001373291016,35.584999084472656,118317,0.0,0.0
2023-06-30 11:30:00-04:00,35.58000183105469,35.67499923706055,35.529998779296875,35.66999816894531,66498,0.0,0.0
2023-06-30 12:30:00-04:00,35.66999816894531,35.779998779296875,35.63999938964844,35.768699645996094,68547,0.0,0.0
2023-06-30 13:30:00-04:00,35.77000045776367,35.880001068115234,35.7599983215332,35.869998931884766,84673,0.0,0.0
2023-06-30 14:30:00-04:00,35.869998931884766,35.970001220703125,35.869998931884766,35.95000076293945,91370,0.0,0.0
2023-06-30 15:30:00-04:00,35.939998626708984,36.02000045776367,35.90999984741211,35.91999816894531,253851,0.0,0.0
2023-07-03 09:30:00-04:00,35.790000915527344,36.13999938964844,35.790000915527344,36.13949966430664,117031,0.0,0.0
2023-07-03 10:30:00-04:00,36.13999938964844,36.27000045776367,36.11000061035156,36.189998626708984,92212,0.0,0.0
2023-07-03 11:30:00-04:00,36.189998626708984,36.220001220703125,36.10499954223633,36.1349983215332,92936,0.0,0.0
2023-07-05 09:30:00-04:00,35.90999984741211,36.29999923706055,35.90999984741211,36.16999816894531,128354,0.0,0.0
2023-07-05 10:30:00-04:00,36.16999816894531,36.599998474121094,36.16999816894531,36.560001373291016,95388,0.0,0.0
2023-07-05 11:30:00-04:00,36.564998626708984,36.73500061035156,36.564998626708984,36.61000061035156,67571,0.0,0.0
2023-07-05 12:30:00-04:00,36.619998931884766,36.724998474121094,36.619998931884766,36.709999084472656,56866,0.0,0.0
2023-07-05 13:30:00-04:00,36.712398529052734,36.724998474121094,36.619998931884766,36.650001525878906,62375,0.0,0.0
2023-07-05 14:30:00-04:00,36.654998779296875,36.775001525878906,36.6349983215332,36.650001525878906,88373,0.0,0.0
2023-07-05 15:30:00-04:00,36.650001525878906,36.650001525878906,36.5,36.529998779296875,130524,0.0,0.0
2023-07-06 09:30:00-04:00,36.33000183105469,36.33000183105469,35.95000076293945,35.9900016784668,104081,0.0,0.0
2023-07-06 10:30:00-04:00,35.97999954223633,36.20000076293945,35.970001220703125,36.15999984741211,78166,0.0,0.0
2023-07-06 11:30:00-04:00,36.16999816894531,36.244998931884766,36.08000183105469,36.220001220703125,57000,0.0,0.0
2023-07-06 12:30:00-04:00,36.224998474121094,36.290000915527344,36.17499923706055,36.23500061035156,72183,0.0,0.0
2023-07-06 13:30:00-04:00,36.2400016784668,36.310001373291016,36.209999084472656,36.290000915527344,71840,0.0,0.0
2023-07-06 14:30:00-04:00,36.29499816894531,36.31999969482422,36.255001068115234,36.2599983215332,117008,0.0,0.0
2023-07-06 15:30:00-04:00,36.2599983215332,36.334999084472656,36.22999954223633,36.2400016784668,162369,0.0,0.0
2023-07-07 09:30:00-04:00,35.61000061035156,36.029998779296875,35.61000061035156,35.72999954223633,89866,0.0,0.0
2023-07-07 10:30:00-04:00,35.720001220703125,35.81999969482422,35.689998626708984,35.814998626708984,72790,0.0,0.0
2023-07-07 11:30:00-04:00,35.83000183105469,35.91999816894531,35.70500183105469,35.77000045776367,92455,0.0,0.0
2023-07-07 12:30:00-04:00,35.77000045776367,35.90999984741211,35.72999954223633,35.84000015258789,115180,0.0,0.0
2023-07-07 13:30:00-04:00,35.845001220703125,35.845001220703125,35.650001525878906,35.720001220703125,178660,0.0,0.0
2023-07-07 14:30:00-04:00,35.720001220703125,35.720001220703125,35.625,35.64500045776367,158672,0.0,0.0
2023-07-07 15:30:00-04:00,35.64500045776367,35.68000030517578,35.5,35.56999969482422,313758,0.0,0.0
2023-07-10 09:30:00-04:00,35.45000076293945,35.619998931884766,35.2599983215332,35.279998779296875,89843,0.0,0.0
2023-07-10 10:30:00-04:00,35.290000915527344,35.290000915527344,35.06999969482422,35.18000030517578,98215,0.0,0.0
2023-07-10 11:30:00-04:00,35.18000030517578,35.349998474121094,35.18000030517578,35.290000915527344,52089,0.0,0.0
2023-07-10 12:30:00-04:00,35.29999923706055,35.3650016784668,35.275001525878906,35.34000015258789,57330,0.0,0.0
2023-07-10 13:30:00-04:00,35.34000015258789,35.43000030517578,35.31999969482422,35.31999969482422,71553,0.0,0.0
2023-07-10 14:30:00-04:00,35.31999969482422,35.33000183105469,35.220001220703125,35.25749969482422,70169,0.0,0.0
2023-07-10 15:30:00-04:00,35.25,35.310001373291016,35.21500015258789,35.290000915527344,148589,0.0,0.0
2023-07-11 09:30:00-04:00,35.400001525878906,35.470001220703125,35.2400016784668,35.45000076293945,99989,0.0,0.0
2023-07-11 10:30:00-04:00,35.439998626708984,35.439998626708984,35.279998779296875,35.380001068115234,91978,0.0,0.0
2023-07-11 11:30:00-04:00,35.380001068115234,35.474998474121094,35.349998474121094,35.44499969482422,69503,0.0,0.0
2023-07-11 12:30:00-04:00,35.439998626708984,35.45500183105469,35.369998931884766,35.439998626708984,61548,0.0,0.0
2023-07-11 13:30:00-04:00,35.44499969482422,35.529998779296875,35.38249969482422,35.525001525878906,90252,0.0,0.0
2023-07-11 14:30:00-04:00,35.529998779296875,35.6150016784668,35.505001068115234,35.57500076293945,89614,0.0,0.0
2023-07-11 15:30:00-04:00,35.58000183105469,35.77000045776367,35.560001373291016,35.75,171340,0.0,0.0
2023-07-12 09:30:00-04:00,35.95000076293945,36.0,35.75,35.83000183105469,99264,0.0,0.0
2023-07-12 10:30:00-04:00,35.83000183105469,36.040000915527344,35.79999923706055,36.029998779296875,65304,0.0,0.0
2023-07-12 11:30:00-04:00,36.029998779296875,36.279998779296875,36.029998779296875,36.244998931884766,80125,0.0,0.0
2023-07-12 12:30:00-04:00,36.2400016784668,36.310001373291016,36.209999084472656,36.244998931884766,70671,0.0,0.0
2023-07-12 13:30:00-04:00,36.25,36.31999969482422,36.20000076293945,36.310001373291016,73052,0.0,0.0
2023-07-12 14:30:00-04:00,36.31999969482422,36.369998931884766,36.220001220703125,36.244998931884766,80803,0.0,0.0
2023-07-12 15:30:00-04:00,36.2400016784668,36.30500030517578,36.220001220703125,36.27000045776367,152965,0.0,0.0
2023-07-13 09:30:00-04:00,36.18000030517578,36.400001525878906,36.13999938964844,36.38999938964844,107094,0.0,0.0
2023-07-13 10:30:00-04:00,36.38999938964844,36.40999984741211,36.275001525878906,36.369998931884766,59701,0.0,0.0
2023-07-13 11:30:00-04:00,36.369998931884766,36.46500015258789,36.34000015258789,36.45500183105469,78216,0.0,0.0
2023-07-13 12:30:00-04:00,36.45500183105469,36.48749923706055,36.349998474121094,36.372501373291016,51122,0.0,0.0
2023-07-13 13:30:00-04:00,36.380001068115234,36.46500015258789,36.345001220703125,36.43000030517578,89168,0.0,0.0
2023-07-13 14:30:00-04:00,36.439998626708984,36.494998931884766,36.380001068115234,36.439998626708984,84730,0.0,0.0
2023-07-13 15:30:00-04:00,36.45000076293945,36.529998779296875,36.38999938964844,36.529998779296875,220115,0.0,0.0
2023-07-14 09:30:00-04:00,36.5,36.5,36.150001525878906,36.18000030517578,72040,0.0,0.0
2023-07-14 10:30:00-04:00,36.16999816894531,36.349998474121094,36.13999938964844,36.33000183105469,61081,0.0,0.0
2023-07-14 11:30:00-04:00,36.34000015258789,36.369998931884766,36.2599983215332,36.290000915527344,61015,0.0,0.0
2023-07-14 12:30:00-04:00,36.29499816894531,36.5,36.279998779296875,36.41999816894531,72853,0.0,0.0
2023-07-14 13:30:00-04:00,36.41999816894531,36.5099983215332,36.41999816894531,36.47999954223633,81436,0.0,0.0
2023-07-14 14:30:00-04:00,36.47999954223633,36.51499938964844,36.45500183105469,36.45500183105469,82215,0.0,0.0
2023-07-14 15:30:00-04:00,36.459999084472656,36.459999084472656,36.27000045776367,36.33000183105469,125847,0.0,0.0
2023-07-17 09:30:00-04:00,36.2400016784668,36.279998779296875,35.65999984741211,35.810001373291016,200760,0.0,0.0
2023-07-17 10:30:00-04:00,35.810001373291016,35.869998931884766,35.63999938964844,35.81999969482422,110450,0.0,0.0
2023-07-17 11:30:00-04:00,35.81999969482422,35.935001373291016,35.810001373291016,35.904998779296875,136724,0.0,0.0
2023-07-17 12:30:00-04:00,35.904998779296875,35.98500061035156,35.88999938964844,35.904998779296875,109849,0.0,0.0
2023-07-17 13:30:00-04:00,35.900001525878906,35.935001373291016,35.75,35.7599983215332,130571,0.0,0.0
2023-07-17 14:30:00-04:00,35.755001068115234,35.834999084472656,35.70500183105469,35.70500183105469,163688,0.0,0.0
2023-07-17 15:30:00-04:00,35.70000076293945,35.70000076293945,35.540000915527344,35.595001220703125,309568,0.0,0.0
2023-07-18 09:30:00-04:00,35.630001068115234,36.08000183105469,35.52000045776367,35.95000076293945,152176,0.0,0.0
2023-07-18 10:30:00-04:00,35.959999084472656,35.974998474121094,35.720001220703125,35.75,162146,0.0,0.0
2023-07-18 11:30:00-04:00,35.75,35.75,35.2599983215332,35.279998779296875,251445,0.0,0.0
2023-07-18 12:30:00-04:00,35.275001525878906,35.349998474121094,35.18000030517578,35.189998626708984,289664,0.0,0.0
2023-07-18 13:30:00-04:00,35.19499969482422,35.39500045776367,35.13999938964844,35.380001068115234,124853,0.0,0.0
2023-07-18 14:30:00-04:00,35.38999938964844,35.45000076293945,35.33000183105469,35.40079879760742,135729,0.0,0.0
2023-07-18 15:30:00-04:00,35.400001525878906,35.59000015258789,35.38999938964844,35.470001220703125,317292,0.0,0.0
2023-07-19 09:30:00-04:00,35.68000030517578,36.18000030517578,35.68000030517578,36.150001525878906,197635,0.0,0.0
2023-07-19 10:30:00-04:00,36.13999938964844,36.13999938964844,35.84000015258789,35.86000061035156,174280,0.0,0.0
2023-07-19 11:30:00-04:00,35.85499954223633,35.9900016784668,35.80500030517578,35.9900016784668,100314,0.0,0.0
2023-07-19 12:30:00-04:00,35.9900016784668,36.060001373291016,35.91999816894531,36.005001068115234,94036,0.0,0.0
2023-07-19 13:30:00-04:00,36.0099983215332,36.029998779296875,35.93000030517578,35.96500015258789,83854,0.0,0.0
2023-07-19 14:30:00-04:00,35.962100982666016,36.06999969482422,35.8849983215332,35.94499969482422,150476,0.0,0.0
2023-07-19 15:30:00-04:00,35.939998626708984,35.959999084472656,35.8849983215332,35.959999084472656,223140,0.0,0.0
2023-07-20 09:30:00-04:00,36.0,36.099998474121094,35.810001373291016,36.040000915527344,179445,0.0,0.0
2023-07-20 10:30:00-04:00,36.03499984741211,36.16999816894531,36.03499984741211,36.119998931884766,92135,0.0,0.0
2023-07-20 11:30:00-04:00,36.1150016784668,36.25,36.029998779296875,36.2400016784668,97481,0.0,0.0
2023-07-20 12:30:00-04:00,36.25,36.33000183105469,36.185001373291016,36.33000183105469,75233,0.0,0.0
2023-07-20 13:30:00-04:00,36.31999969482422,36.404998779296875,36.26499938964844,36.33000183105469,100363,0.0,0.0
2023-07-20 14:30:00-04:00,36.32500076293945,36.61000061035156,36.32500076293945,36.474998474121094,123332,0.0,0.0
2023-07-20 15:30:00-04:00,36.47999954223633,36.560001373291016,36.415000915527344,36.560001373291016,147279,0.0,0.0
2023-07-21 09:30:00-04:00,36.84000015258789,36.845001220703125,36.52000045776367,36.84000015258789,93719,0.0,0.0
2023-07-21 10:30:00-04:00,36.84000015258789,36.92499923706055,36.7599983215332,36.86000061035156,79394,0.0,0.0
2023-07-21 11:30:00-04:00,36.869998931884766,37.04999923706055,36.869998931884766,37.04999923706055,81281,0.0,0.0
2023-07-21 12:30:00-04:00,37.040000915527344,37.04999923706055,36.900001525878906,36.900001525878906,85607,0.0,0.0
2023-07-21 13:30:00-04:00,36.900001525878906,36.900001525878906,36.779998779296875,36.89509963989258,85564,0.0,0.0
2023-07-21 14:30:00-04:00,36.900001525878906,36.92499923706055,36.869998931884766,36.900001525878906,64794,0.0,0.0
2023-07-21 15:30:00-04:00,36.90999984741211,37.0,36.8650016784668,36.970001220703125,295115,0.0,0.0
2023-07-24 09:30:00-04:00,37.060001373291016,37.060001373291016,36.40999984741211,36.47999954223633,222356,0.0,0.0
2023-07-24 10:30:00-04:00,36.47999954223633,36.689998626708984,36.41999816894531,36.689998626708984,207690,0.0,0.0
2023-07-24 11:30:00-04:00,36.689998626708984,36.845001220703125,36.685001373291016,36.77000045776367,98983,0.0,0.0
2023-07-24 12:30:00-04:00,36.77000045776367,36.77000045776367,36.68000030517578,36.7599983215332,95438,0.0,0.0
2023-07-24 13:30:00-04:00,36.77000045776367,36.77000045776367,36.630001068115234,36.720001220703125,101328,0.0,0.0
2023-07-24 14:30:00-04:00,36.709999084472656,36.72999954223633,36.560001373291016,36.560001373291016,137205,0.0,0.0
2023-07-24 15:30:00-04:00,36.560001373291016,36.599998474121094,36.435001373291016,36.59000015258789,388542,0.0,0.0
2023-07-25 09:30:00-04:00,36.540000915527344,36.7400016784668,36.41999816894531,36.709999084472656,100889,0.0,0.0
2023-07-25 10:30:00-04:00,36.720001220703125,36.83000183105469,36.650001525878906,36.72999954223633,79397,0.0,0.0
2023-07-25 11:30:00-04:00,36.7400016784668,36.81999969482422,36.72999954223633,36.7400016784668,62400,0.0,0.0
2023-07-25 12:30:00-04:00,36.7400016784668,36.76499938964844,36.619998931884766,36.62009811401367,84995,0.0,0.0
2023-07-25 13:30:00-04:00,36.62009811401367,36.78499984741211,36.619998931884766,36.77000045776367,90380,0.0,0.0
2023-07-25 14:30:00-04:00,36.77000045776367,36.80500030517578,36.70500183105469,36.709999084472656,102215,0.0,0.0
2023-07-25 15:30:00-04:00,36.709999084472656,36.790000915527344,36.665000915527344,36.7400016784668,251337,0.0,0.0
2023-07-26 09:30:00-04:00,36.599998474121094,37.06999969482422,36.599998474121094,36.91999816894531,133168,0.0,0.0
2023-07-26 10:30:00-04:00,36.915000915527344,37.22999954223633,36.900001525878906,37.06999969482422,91690,0.0,0.0
2023-07-26 11:30:00-04:00,37.06999969482422,37.095001220703125,36.970001220703125,37.08000183105469,92614,0.0,0.0
2023-07-26 12:30:00-04:00,37.07500076293945,37.07500076293945,36.970001220703125,37.02000045776367,87648,0.0,0.0
2023-07-26 13:30:00-04:00,37.01499938964844,37.025001525878906,36.78499984741211,36.86000061035156,93502,0.0,0.0
2023-07-26 14:30:00-04:00,36.85499954223633,36.974998474121094,36.790000915527344,36.84000015258789,163370,0.0,0.0
2023-07-26 15:30:00-04:00,36.834999084472656,36.959999084472656,36.82500076293945,36.90999984741211,234849,0.0,0.0
2023-07-27 09:30:00-04:00,36.779998779296875,36.90999984741211,36.599998474121094,36.75,175610,0.0,0.0
2023-07-27 10:30:00-04:00,36.7599983215332,36.790000915527344,36.20000076293945,36.20000076293945,122107,0.0,0.0
2023-07-27 11:30:00-04:00,36.209999084472656,36.369998931884766,36.20000076293945,36.244998931884766,130881,0.0,0.0
2023-07-27 12:30:00-04:00,36.2400016784668,36.345001220703125,36.150001525878906,36.18000030517578,102037,0.0,0.0
2023-07-27 13:30:00-04:00,36.18000030517578,36.220001220703125,36.09000015258789,36.099998474121094,90336,0.0,0.0
2023-07-27 14:30:00-04:00,36.099998474121094,36.150001525878906,36.02000045776367,36.130001068115234,103004,0.0,0.0
2023-07-27 15:30:00-04:00,36.119998931884766,36.18000030517578,36.03499984741211,36.09000015258789,280605,0.0,0.0
2023-07-28 09:30:00-04:00,36.27000045776367,36.564998626708984,36.09000015258789,36.459999084472656,261564,0.0,0.0
2023-07-28 10:30:00-04:00,36.45000076293945,36.45500183105469,36.255001068115234,36.3650016784668,149830,0.0,0.0
2023-07-28 11:30:00-04:00,36.369998931884766,36.380001068115234,36.0099983215332,36.04999923706055,90233,0.0,0.0
2023-07-28 12:30:00-04:00,36.04999923706055,36.13999938964844,35.88999938964844,35.900001525878906,66977,0.0,0.0
2023-07-28 13:30:00-04:00,35.89500045776367,36.0,35.810001373291016,35.9900016784668,81750,0.0,0.0
2023-07-28 14:30:00-04:00,36.0,36.04499816894531,35.935001373291016,36.029998779296875,125136,0.0,0.0
2023-07-28 15:30:00-04:00,36.02000045776367,36.02000045776367,35.90999984741211,35.939998626708984,171627,0.0,0.0
2023-07-31 09:30:00-04:00,36.06999969482422,36.29999923706055,36.029998779296875,36.290000915527344,124111,0.0,0.0
2023-07-31 10:30:00-04:00,36.279998779296875,36.29669952392578,36.0099983215332,36.02000045776367,73768,0.0,0.0
2023-07-31 11:30:00-04:00,36.029998779296875,36.11000061035156,35.93000030517578,36.060001373291016,89880,0.0,0.0
2023-07-31 12:30:00-04:00,36.05500030517578,36.084999084472656,36.0,36.06999969482422,59004,0.0,0.0
2023-07-31 13:30:00-04:00,36.06999969482422,36.125,36.01499938964844,36.04499816894531,70550,0.0,0.0
2023-07-31 14:30:00-04:00,36.04499816894531,36.09000015258789,35.93000030517578,36.0,123360,0.0,0.0
2023-07-31 15:30:00-04:00,36.005001068115234,36.18000030517578,35.96500015258789,36.16999816894531,215300,0.0,0.0
2023-08-01 09:30:00-04:00,36.119998931884766,36.369998931884766,35.9900016784668,36.209999084472656,152999,0.0,0.0
2023-08-01 10:30:00-04:00,36.20000076293945,36.20000076293945,35.959999084472656,35.9900016784668,203228,0.0,0.0
2023-08-01 11:30:00-04:00,36.0,36.0099983215332,35.84000015258789,35.939998626708984,59008,0.0,0.0
2023-08-01 12:30:00-04:00,35.939998626708984,36.0,35.88999938964844,35.974998474121094,60990,0.0,0.0
2023-08-01 13:30:00-04:00,35.97999954223633,36.08000183105469,35.96500015258789,36.0620002746582,108008,0.0,0.0
2023-08-01 14:30:00-04:00,36.06999969482422,36.11000061035156,35.97999954223633,36.0,124905,0.0,0.0
2023-08-01 15:30:00-04:00,36.0,36.04499816894531,35.900001525878906,36.0,235109,0.0,0.0
2023-08-02 09:30:00-04:00,35.83000183105469,36.02000045776367,35.75,35.79499816894531,79381,0.0,0.0
2023-08-02 10:30:00-04:00,35.810001373291016,35.91999816894531,35.71120071411133,35.900001525878906,98908,0.0,0.0
2023-08-02 11:30:00-04:00,35.90999984741211,36.16999816894531,35.880001068115234,36.13999938964844,46924,0.0,0.0
2023-08-02 12:30:00-04:00,36.13999938964844,36.20000076293945,36.04999923706055,36.099998474121094,61802,0.0,0.0
2023-08-02 13:30:00-04:00,36.099998474121094,36.125,36.02000045776367,36.11000061035156,73437,0.0,0.0
2023-08-02 14:30:00-04:00,36.099998474121094,36.154998779296875,36.0640983581543,36.11000061035156,107948,0.0,0.0
2023-08-02 15:30:00-04:00,36.1150016784668,36.25,36.11000061035156,36.18000030517578,234169,0.0,0.0
2023-08-03 09:30:00-04:00,35.9900016784668,35.9900016784668,35.0,35.17499923706055,199445,0.0,0.0
2023-08-03 10:30:00-04:00,35.15999984741211,35.27000045776367,35.029998779296875,35.060001373291016,129113,0.0,0.0
2023-08-03 11:30:00-04:00,35.04999923706055,35.244998931884766,35.02000045776367,35.22999954223633,89685,0.0,0.0
2023-08-03 12:30:00-04:00,35.2400016784668,35.369998931884766,35.20500183105469,35.22999954223633,74922,0.0,0.0
2023-08-03 13:30:00-04:00,35.23500061035156,35.3849983215332,35.209999084472656,35.34000015258789,97885,0.0,0.0
2023-08-03 14:30:00-04:00,35.33000183105469,35.3849983215332,35.27000045776367,35.27000045776367,104482,0.0,0.0
2023-08-03 15:30:00-04:00,35.25,35.29499816894531,35.15999984741211,35.2599983215332,272647,0.0,0.0
2023-08-04 09:30:00-04:00,35.380001068115234,35.584999084472656,35.220001220703125,35.2599983215332,90712,0.0,0.0
2023-08-04 10:30:00-04:00,35.2599983215332,35.33000183105469,35.02000045776367,35.08000183105469,80823,0.0,0.0
2023-08-04 11:30:00-04:00,35.095001220703125,35.16999816894531,35.0099983215332,35.099998474121094,71591,0.0,0.0
2023-08-04 12:30:00-04:00,35.099998474121094,35.15999984741211,35.02000045776367,35.040000915527344,69621,0.0,0.0
2023-08-04 13:30:00-04:00,35.029998779296875,35.04999923706055,34.68000030517578,34.68000030517578,108985,0.0,0.0
2023-08-04 14:30:00-04:00,34.68000030517578,34.68000030517578,34.58000183105469,34.68000030517578,99525,0.0,0.0
2023-08-04 15:30:00-04:00,34.689998626708984,34.80500030517578,34.65999984741211,34.68000030517578,195067,0.0,0.0
2023-08-07 09:30:00-04:00,34.7599983215332,34.97999954223633,34.689998626708984,34.880001068115234,114229,0.0,0.0
2023-08-07 10:30:00-04:00,34.88999938964844,34.93000030517578,34.71009826660156,34.790000915527344,112477,0.0,0.0
2023-08-07 11:30:00-04:00,34.80500030517578,34.84000015258789,34.64500045776367,34.685001373291016,90949,0.0,0.0
2023-08-07 12:30:00-04:00,34.689998626708984,34.709999084472656,34.59000015258789,34.70000076293945,74677,0.0,0.0
2023-08-07 13:30:00-04:00,34.69499969482422,34.77000045776367,34.66999816894531,34.689998626708984,75138,0.0,0.0
2023-08-07 14:30:00-04:00,34.70000076293945,34.77000045776367,34.66999816894531,34.66999816894531,100323,0.0,0.0
2023-08-07 15:30:00-04:00,34.66999816894531,34.75,34.6349983215332,34.650001525878906,219758,0.0,0.0
2023-08-08 09:30:00-04:00,34.560001373291016,34.59000015258789,34.28239822387695,34.310001373291016,182036,0.0,0.0
2023-08-08 10:30:00-04:00,34.29999923706055,34.33000183105469,34.16999816894531,34.16999816894531,80499,0.0,0.0
2023-08-08 11:30:00-04:00,34.165000915527344,34.27000045776367,34.11000061035156,34.2599983215332,74400,0.0,0.0
2023-08-08 12:30:00-04:00,34.2599983215332,34.349998474121094,34.2599983215332,34.29499816894531,59015,0.0,0.0
2023-08-08 13:30:00-04:00,34.29999923706055,34.32500076293945,34.20000076293945,34.28499984741211,91596,0.0,0.0
2023-08-08 14:30:00-04:00,34.290000915527344,34.41999816894531,34.220001220703125,34.415000915527344,163908,0.0,0.0
2023-08-08 15:30:00-04:00,34.41999816894531,34.540000915527344,34.404998779296875,34.5099983215332,269193,0.0,0.0
2023-08-09 09:30:00-04:00,34.310001373291016,34.959999084472656,34.290000915527344,34.58000183105469,139622,0.0,0.0
2023-08-09 10:30:00-04:00,34.59000015258789,34.7599983215332,34.40999984741211,34.41999816894531,121168,0.0,0.0
2023-08-09 11:30:00-04:00,34.40999984741211,34.459999084472656,34.220001220703125,34.25,98075,0.0,0.0
2023-08-09 12:30:00-04:00,34.23500061035156,34.47999954223633,34.23500061035156,34.36000061035156,90575,0.0,0.0
2023-08-09 13:30:00-04:00,34.369998931884766,34.459999084472656,34.334999084472656,34.34000015258789,86694,0.0,0.0
2023-08-09 14:30:00-04:00,34.349998474121094,34.4375,34.334999084472656,34.334999084472656,131925,0.0,0.0
2023-08-09 15:30:00-04:00,34.34000015258789,34.56999969482422,34.33000183105469,34.529998779296875,303974,0.0,0.0
2023-08-10 09:30:00-04:00,34.59000015258789,34.77000045776367,34.5099983215332,34.720001220703125,110304,0.0,0.0
2023-08-10 10:30:00-04:00,34.720001220703125,34.779998779296875,34.52000045776367,34.74800109863281,262362,0.0,0.0
2023-08-10 11:30:00-04:00,34.744998931884766,34.755001068115234,34.61000061035156,34.619998931884766,107561,0.0,0.0
2023-08-10 12:30:00-04:00,34.619998931884766,34.630001068115234,34.5,34.540000915527344,68338,0.0,0.0
2023-08-10 13:30:00-04:00,34.540000915527344,34.650001525878906,34.4900016784668,34.6150016784668,121123,0.0,0.0
2023-08-10 14:30:00-04:00,34.619998931884766,34.685001373291016,34.525001525878906,34.540000915527344,110863,0.0,0.0
2023-08-10 15:30:00-04:00,34.54499816894531,34.54499816894531,34.38999938964844,34.45000076293945,238576,0.0,0.0
2023-08-11 09:30:00-04:00,34.52000045776367,34.599998474121094,34.36000061035156,34.51499938964844,72678,0.0,0.0
2023-08-11 10:30:00-04:00,34.5099983215332,34.5099983215332,34.369998931884766,34.41999816894531,78404,0.0,0.0
2023-08-11 11:30:00-04:00,34.43000030517578,34.56999969482422,34.349998474121094,34.540000915527344,89101,0.0,0.0
2023-08-11 12:30:00-04:00,34.529998779296875,34.529998779296875,34.44499969482422,34.47999954223633,78263,0.0,0.0
2023-08-11 13:30:00-04:00,34.47999954223633,34.599998474121094,34.375,34.55500030517578,131339,0.0,0.0
2023-08-11 14:30:00-04:00,34.55500030517578,34.61000061035156,34.470001220703125,34.5099983215332,103079,0.0,0.0
2023-08-11 15:30:00-04:00,34.5099983215332,34.599998474121094,34.47999954223633,34.564998626708984,219681,0.0,0.0
2023-08-14 09:30:00-04:00,34.47999954223633,34.47999954223633,34.06999969482422,34.18000030517578,186323,0.0,0.0
2023-08-14 10:30:00-04:00,34.16999816894531,34.227500915527344,34.005001068115234,34.0099983215332,151290,0.0,0.0
2023-08-14 11:30:00-04:00,34.01499938964844,34.119998931884766,34.0099983215332,34.06999969482422,142454,0.0,0.0
2023-08-14 12:30:00-04:00,34.060001373291016,34.15999984741211,34.040000915527344,34.060001373291016,76450,0.0,0.0
2023-08-14 13:30:00-04:00,34.060001373291016,34.08000183105469,33.94499969482422,33.95000076293945,109774,0.0,0.0
2023-08-14 14:30:00-04:00,33.95500183105469,34.0099983215332,33.95000076293945,34.0,174200,0.0,0.0
2023-08-14 15:30:00-04:00,33.994998931884766,34.0099983215332,33.869998931884766,33.91999816894531,365502,0.0,0.0
2023-08-15 09:30:00-04:00,33.689998626708984,34.099998474121094,33.630001068115234,33.93000030517578,560118,0.0,0.0
2023-08-15 10:30:00-04:00,33.939998626708984,33.95000076293945,33.70500183105469,33.709999084472656,179560,0.0,0.0
2023-08-15 11:30:00-04:00,33.70000076293945,33.77000045776367,33.650001525878906,33.65999984741211,126231,0.0,0.0
2023-08-15 12:30:00-04:00,33.66999816894531,33.70500183105469,33.58000183105469,33.595001220703125,93428,0.0,0.0
2023-08-15 13:30:00-04:00,33.59989929199219,33.599998474121094,33.43000030517578,33.435001373291016,175029,0.0,0.0
2023-08-15 14:30:00-04:00,33.439998626708984,33.630001068115234,33.439998626708984,33.55500030517578,162176,0.0,0.0
2023-08-15 15:30:00-04:00,33.54999923706055,33.564998626708984,33.380001068115234,33.43000030517578,336007,0.0,0.0
2023-08-16 09:30:00-04:00,33.560001373291016,33.75,33.54999923706055,33.724998474121094,190546,0.0,0.0
2023-08-16 10:30:00-04:00,33.72999954223633,33.93000030517578,33.70500183105469,33.93000030517578,158843,0.0,0.0
2023-08-16 11:30:00-04:00,33.92499923706055,33.939998626708984,33.76900100708008,33.81999969482422,130851,0.0,0.0
2023-08-16 12:30:00-04:00,33.81999969482422,33.845298767089844,33.68000030517578,33.71500015258789,130568,0.0,0.0
2023-08-16 13:30:00-04:00,33.720001220703125,33.810001373291016,33.70500183105469,33.80500030517578,163042,0.0,0.0
2023-08-16 14:30:00-04:00,33.810001373291016,33.849998474121094,33.69499969482422,33.71500015258789,195788,0.0,0.0
2023-08-16 15:30:00-04:00,33.71500015258789,33.790000915527344,33.70500183105469,33.775001525878906,402751,0.0,0.0
2023-08-17 09:30:00-04:00,33.70000076293945,34.04999923706055,33.70000076293945,33.959999084472656,120598,0.0,0.0
2023-08-17 10:30:00-04:00,33.959999084472656,34.064998626708984,33.79999923706055,33.81999969482422,95338,0.0,0.0
2023-08-17 11:30:00-04:00,33.82500076293945,34.0,33.790000915527344,33.970001220703125,90588,0.0,0.0
2023-08-17 12:30:00-04:00,33.95000076293945,33.970001220703125,33.84000015258789,33.869998931884766,129985,0.0,0.0
2023-08-17 13:30:00-04:00,33.869998931884766,33.900001525878906,33.73500061035156,33.76499938964844,114356,0.0,0.0
2023-08-17 14:30:00-04:00,33.76499938964844,33.904998779296875,33.7400016784668,33.900001525878906,201581,0.0,0.0
2023-08-17 15:30:00-04:00,33.89500045776367,33.96500015258789,33.84000015258789,33.88999938964844,349155,0.0,0.0
2023-08-18 09:30:00-04:00,33.93000030517578,34.11000061035156,33.86000061035156,33.90999984741211,137547,0.0,0.0
2023-08-18 10:30:00-04:00,33.90999984741211,34.029998779296875,33.80500030517578,33.96500015258789,97019,0.0,0.0
2023-08-18 11:30:00-04:00,33.970001220703125,34.04499816894531,33.89500045776367,33.959999084472656,121089,0.0,0.0
2023-08-18 12:30:00-04:00,33.939998626708984,33.959999084472656,33.8650016784668,33.90999984741211,86153,0.0,0.0
2023-08-18 13:30:00-04:00,33.91999816894531,34.13999938964844,33.915000915527344,34.130001068115234,86721,0.0,0.0
2023-08-18 14:30:00-04:00,34.130001068115234,34.16999816894531,33.97999954223633,34.029998779296875,233393,0.0,0.0
2023-08-18 15:30:00-04:00,34.02000045776367,34.154998779296875,34.02000045776367,34.130001068115234,268139,0.0,0.0
2023-08-21 09:30:00-04:00,34.0,34.08000183105469,33.369998931884766,33.404998779296875,205267,0.0,0.0
2023-08-21 10:30:00-04:00,33.400001525878906,33.564998626708984,33.380001068115234,33.4900016784668,79688,0.0,0.0
2023-08-21 11:30:00-04:00,33.494998931884766,33.56999969482422,33.439998626708984,33.56999969482422,94931,0.0,0.0
2023-08-21 12:30:00-04:00,33.58000183105469,33.61000061035156,33.48500061035156,33.53499984741211,110047,0.0,0.0
2023-08-21 13:30:00-04:00,33.53499984741211,33.65999984741211,33.525001525878906,33.625,125569,0.0,0.0
2023-08-21 14:30:00-04:00,33.630001068115234,33.79499816894531,33.630001068115234,33.790000915527344,109510,0.0,0.0
2023-08-21 15:30:00-04:00,33.79999923706055,33.875,33.790000915527344,33.810001373291016,204944,0.0,0.0
2023-08-22 09:30:00-04:00,33.83000183105469,33.970001220703125,33.72999954223633,33.88999938964844,187480,0.0,0.0
2023-08-22 10:30:00-04:00,33.88999938964844,33.95000076293945,33.80500030517578,33.869998931884766,157153,0.0,0.0
2023-08-22 11:30:00-04:00,33.869998931884766,34.04999923706055,33.85499954223633,34.04999923706055,109506,0.0,0.0
2023-08-22 12:30:00-04:00,34.0531005859375,34.1349983215332,34.03499984741211,34.1349983215332,165860,0.0,0.0
2023-08-22 13:30:00-04:00,34.130001068115234,34.21989822387695,34.099998474121094,34.18000030517578,141440,0.0,0.0
2023-08-22 14:30:00-04:00,34.185001373291016,34.30500030517578,34.14500045776367,34.26499938964844,177775,0.0,0.0
2023-08-22 15:30:00-04:00,34.2599983215332,34.26499938964844,34.119998931884766,34.13999938964844,334541,0.0,0.0
2023-08-23 09:30:00-04:00,34.439998626708984,34.439998626708984,34.209999084472656,34.2599983215332,307982,0.0,0.0
2023-08-23 10:30:00-04:00,34.25,34.2599983215332,34.05500030517578,34.07500076293945,94970,0.0,0.0
2023-08-23 11:30:00-04:00,34.06999969482422,34.16999816894531,34.04499816894531,34.16999816894531,137384,0.0,0.0
2023-08-23 12:30:00-04:00,34.165000915527344,34.25,34.15999984741211,34.2400016784668,113334,0.0,0.0
2023-08-23 13:30:00-04:00,34.22999954223633,34.29499816894531,34.209999084472656,34.244998931884766,111966,0.0,0.0
2023-08-23 14:30:00-04:00,34.25,34.29999923706055,34.20000076293945,34.255001068115234,105186,0.0,0.0
2023-08-23 15:30:00-04:00,34.25,34.349998474121094,34.220001220703125,34.34000015258789,208491,0.0,0.0
2023-08-24 09:30:00-04:00,34.290000915527344,34.720001220703125,34.290000915527344,34.52000045776367,151720,0.0,0.0
2023-08-24 10:30:00-04:00,34.51499938964844,34.51499938964844,34.34000015258789,34.40999984741211,120275,0.0,0.0
2023-08-24 11:30:00-04:00,34.41999816894531,34.43000030517578,34.150001525878906,34.154998779296875,69380,0.0,0.0
2023-08-24 12:30:00-04:00,34.150001525878906,34.2400016784668,34.1349983215332,34.1349983215332,63788,0.0,0.0
2023-08-24 13:30:00-04:00,34.12969970703125,34.14469909667969,34.032501220703125,34.06999969482422,86460,0.0,0.0
2023-08-24 14:30:00-04:00,34.06999969482422,34.15999984741211,34.02000045776367,34.15999984741211,110113,0.0,0.0
2023-08-24 15:30:00-04:00,34.16999816894531,34.17499923706055,34.06999969482422,34.084999084472656,238107,0.0,0.0
2023-08-25 09:30:00-04:00,34.119998931884766,34.279998779296875,34.06999969482422,34.1349983215332,90148,0.0,0.0
2023-08-25 10:30:00-04:00,34.119998931884766,34.3849983215332,34.04499816894531,34.3849983215332,92069,0.0,0.0
2023-08-25 11:30:00-04:00,34.38999938964844,34.404998779296875,34.29999923706055,34.36000061035156,78664,0.0,0.0
2023-08-25 12:30:00-04:00,34.3650016784668,34.39500045776367,34.279998779296875,34.29499816894531,69022,0.0,0.0
2023-08-25 13:30:00-04:00,34.290000915527344,34.334999084472656,34.244998931884766,34.334999084472656,88226,0.0,0.0
2023-08-25 14:30:00-04:00,34.34000015258789,34.4099006652832,34.32500076293945,34.375,100380,0.0,0.0
2023-08-25 15:30:00-04:00,34.375,34.404998779296875,34.20000076293945,34.2400016784668,224671,0.0,0.0
2023-08-28 09:30:00-04:00,34.209999084472656,34.58000183105469,34.209999084472656,34.44499969482422,86035,0.0,0.0
2023-08-28 10:30:00-04:00,34.459999084472656,34.47999954223633,34.290000915527344,34.31999969482422,70162,0.0,0.0
2023-08-28 11:30:00-04:00,34.33000183105469,34.345001220703125,34.255001068115234,34.29999923706055,62206,0.0,0.0
2023-08-28 12:30:00-04:00,34.279998779296875,34.38999938964844,34.2400016784668,34.2400016784668,110361,0.0,0.0
2023-08-28 13:30:00-04:00,34.242801666259766,34.26499938964844,34.150001525878906,34.17499923706055,108591,0.0,0.0
2023-08-28 14:30:00-04:00,34.17499923706055,34.244998931884766,34.1614990234375,34.189998626708984,121961,0.0,0.0
2023-08-28 15:30:00-04:00,34.185001373291016,34.26499938964844,34.13999938964844,34.15999984741211,228403,0.0,0.0
2023-08-29 09:30:00-04:00,34.15999984741211,34.4900016784668,34.150001525878906,34.4900016784668,91363,0.0,0.0
2023-08-29 10:30:00-04:00,34.5,34.5099983215332,34.16999816894531,34.22999954223633,181214,0.0,0.0
2023-08-29 11:30:00-04:00,34.2400016784668,34.40999984741211,34.2400016784668,34.3849983215332,82871,0.0,0.0
2023-08-29 12:30:00-04:00,34.388999938964844,34.44499969482422,34.34000015258789,34.41999816894531,102636,0.0,0.0
2023-08-29 13:30:00-04:00,34.42499923706055,34.48500061035156,34.38999938964844,34.404998779296875,84820,0.0,0.0
2023-08-29 14:30:00-04:00,34.404998779296875,34.435001373291016,34.290000915527344,34.349998474121094,120898,0.0,0.0
2023-08-29 15:30:00-04:00,34.36000061035156,34.42499923706055,34.334999084472656,34.40999984741211,228934,0.0,0.0
2023-08-30 09:30:00-04:00,34.400001525878906,34.59000015258789,34.36000061035156,34.5,86655,0.0,0.0
2023-08-30 10:30:00-04:00,34.47999954223633,34.5,34.29499816894531,34.375,76328,0.0,0.0
2023-08-30 11:30:00-04:00,34.375,34.45500183105469,34.369998931884766,34.41999816894531,70741,0.0,0.0
2023-08-30 12:30:00-04:00,34.41999816894531,34.439998626708984,34.31999969482422,34.33000183105469,67307,0.0,0.0
2023-08-30 13:30:00-04:00,34.33000183105469,34.33000183105469,34.27000045776367,34.290000915527344,63956,0.0,0.0
2023-08-30 14:30:00-04:00,34.279998779296875,34.375,34.26499938964844,34.36000061035156,83007,0.0,0.0
2023-08-30 15:30:00-04:00,34.3650016784668,34.380001068115234,34.31230163574219,34.369998931884766,193407,0.0,0.0
2023-08-31 09:30:00-04:00,34.5099983215332,34.560001373291016,34.27000045776367,34.290000915527344,98519,0.0,0.0
2023-08-31 10:30:00-04:00,34.279998779296875,34.349998474121094,34.244998931884766,34.32500076293945,113379,0.0,0.0
2023-08-31 11:30:00-04:00,34.31999969482422,34.31999969482422,34.165000915527344,34.20000076293945,80572,0.0,0.0
2023-08-31 12:30:00-04:00,34.189998626708984,34.189998626708984,34.099998474121094,34.13999938964844,79576,0.0,0.0
2023-08-31 13:30:00-04:00,34.13999938964844,34.22999954223633,34.1150016784668,34.220001220703125,74354,0.0,0.0
2023-08-31 14:30:00-04:00,34.220001220703125,34.220001220703125,34.06999969482422,34.20500183105469,112126,0.0,0.0
2023-08-31 15:30:00-04:00,34.209999084472656,34.255001068115234,34.040000915527344,34.040000915527344,449108,0.0,0.0
2023-09-01 09:30:00-04:00,34.279998779296875,34.279998779296875,34.05500030517578,34.06999969482422,76409,0.0,0.0
2023-09-01 10:30:00-04:00,34.08000183105469,34.1150016784668,33.939998626708984,33.939998626708984,67050,0.0,0.0
2023-09-01 11:30:00-04:00,33.94499969482422,33.95500183105469,33.57500076293945,33.57500076293945,134275,0.0,0.0
2023-09-01 12:30:00-04:00,33.56999969482422,33.58000183105469,33.470001220703125,33.5099983215332,109369,0.0,0.0
2023-09-01 13:30:00-04:00,33.505001068115234,33.720001220703125,33.505001068115234,33.71900177001953,87667,0.0,0.0
2023-09-01 14:30:00-04:00,33.720001220703125,33.779998779296875,33.68000030517578,33.76499938964844,112094,0.0,0.0
2023-09-01 15:30:00-04:00,33.76499938964844,33.8390007019043,33.73500061035156,33.779998779296875,306896,0.0,0.0
2023-09-05 09:30:00-04:00,33.58000183105469,33.654998779296875,33.14500045776367,33.14500045776367,211188,0.0,0.0
2023-09-05 10:30:00-04:00,33.14500045776367,33.165000915527344,32.779998779296875,32.81999969482422,251950,0.0,0.0
2023-09-05 11:30:00-04:00,32.82500076293945,33.150001525878906,32.79999923706055,33.11000061035156,144508,0.0,0.0
2023-09-05 12:30:00-04:00,33.099998474121094,33.13999938964844,33.005001068115234,33.005001068115234,108035,0.0,0.0
2023-09-05 13:30:00-04:00,33.005001068115234,33.119998931884766,32.95500183105469,33.081199645996094,205168,0.0,0.0
2023-09-05 14:30:00-04:00,33.09000015258789,33.22999954223633,33.084999084472656,33.22999954223633,227314,0.0,0.0
2023-09-05 15:30:00-04:00,33.22999954223633,33.279998779296875,33.18000030517578,33.279998779296875,469323,0.0,0.0
2023-09-06 09:30:00-04:00,33.400001525878906,33.400001525878906,33.14500045776367,33.15999984741211,182990,0.0,0.0
2023-09-06 10:30:00-04:00,33.16999816894531,33.349998474121094,33.150001525878906,33.310001373291016,97107,0.0,0.0
2023-09-06 11:30:00-04:00,33.28499984741211,33.310001373291016,33.22999954223633,33.2400016784668,121210,0.0,0.0
2023-09-06 12:30:00-04:00,33.2400016784668,33.29499816894531,33.185001373291016,33.26499938964844,73011,0.0,0.0
2023-09-06 13:30:00-04:00,33.27000045776367,33.380001068115234,33.22999954223633,33.35499954223633,83370,0.0,0.0
2023-09-06 14:30:00-04:00,33.3568000793457,33.375,33.23500061035156,33.30500030517578,128611,0.0,0.0
2023-09-06 15:30:00-04:00,33.29999923706055,33.34000015258789,33.279998779296875,33.29499816894531,268631,0.0,0.0
2023-09-07 09:30:00-04:00,33.400001525878906,33.77000045776367,33.400001525878906,33.599998474121094,160285,0.0,0.0
2023-09-07 10:30:00-04:00,33.599998474121094,34.029998779296875,33.595001220703125,34.029998779296875,148844,0.0,0.0
2023-09-07 11:30:00-04:00,34.025001525878906,34.16999816894531,34.0099983215332,34.16999816894531,159589,0.0,0.0
2023-09-07 12:30:00-04:00,34.16999816894531,34.19499969482422,33.970001220703125,34.060001373291016,139422,0.0,0.0
2023-09-07 13:30:00-04:00,34.060001373291016,34.06999969482422,33.94940185546875,33.98500061035156,170292,0.0,0.0
2023-09-07 14:30:00-04:00,33.97999954223633,34.04999923706055,33.95000076293945,34.04499816894531,216203,0.0,0.0
2023-09-07 15:30:00-04:00,34.04999923706055,34.19499969482422,34.040000915527344,34.040000915527344,548548,0.0,0.0
2023-09-08 09:30:00-04:00,34.13999938964844,34.349998474121094,34.0,34.31999969482422,95991,0.0,0.0
2023-09-08 10:30:00-04:00,34.314998626708984,34.375,34.17499923706055,34.189998626708984,75123,0.0,0.0
2023-09-08 11:30:00-04:00,34.189998626708984,34.29999923706055,34.15999984741211,34.29999923706055,85359,0.0,0.0
2023-09-08 12:30:00-04:00,34.290000915527344,34.32500076293945,34.27000045776367,34.279998779296875,90010,0.0,0.0
2023-09-08 13:30:00-04:00,34.275001525878906,34.3650016784668,34.26499938964844,34.36000061035156,131049,0.0,0.0
2023-09-08 14:30:00-04:00,34.36000061035156,34.540000915527344,34.33000183105469,34.5099983215332,193804,0.0,0.0
2023-09-08 15:30:00-04:00,34.51499938964844,34.64500045776367,34.51499938964844,34.630001068115234,450461,0.0,0.0
2023-09-11 09:30:00-04:00,34.560001373291016,35.005001068115234,34.546600341796875,35.005001068115234,158143,0.0,0.0
2023-09-11 10:30:00-04:00,35.0099983215332,35.029998779296875,34.67499923706055,34.720001220703125,122523,0.0,0.0
2023-09-11 11:30:00-04:00,34.724998474121094,34.970001220703125,34.69499969482422,34.94499969482422,112716,0.0,0.0
2023-09-11 12:30:00-04:00,34.95000076293945,35.029998779296875,34.900001525878906,34.93000030517578,210403,0.0,0.0
2023-09-11 13:30:00-04:00,34.93000030517578,34.94499969482422,34.85499954223633,34.900001525878906,117204,0.0,0.0
2023-09-11 14:30:00-04:00,34.900001525878906,34.97999954223633,34.880001068115234,34.904998779296875,158374,0.0,0.0
2023-09-11 15:30:00-04:00,34.900001525878906,34.93000030517578,34.80500030517578,34.849998474121094,451543,0.0,0.0
2023-09-12 09:30:00-04:00,34.869998931884766,34.885398864746094,34.52000045776367,34.66999816894531,0,0.0,0.0
2023-09-12 10:30:00-04:00,34.66999816894531,34.95000076293945,34.665000915527344,34.94499969482422,127394,0.0,0.0
2023-09-12 11:30:00-04:00,34.935001373291016,34.94499969482422,34.86000061035156,34.900299072265625,68450,0.0,0.0
2023-09-12 12:30:00-04:00,34.900001525878906,34.939998626708984,34.834999084472656,34.88999938964844,97132,0.0,0.0
2023-09-12 13:30:00-04:00,34.880001068115234,34.970001220703125,34.845001220703125,34.959999084472656,101235,0.0,0.0
2023-09-12 14:30:00-04:00,34.96500015258789,34.9900016784668,34.910099029541016,34.915000915527344,131718,0.0,0.0
2023-09-12 15:30:00-04:00,34.91999816894531,35.040000915527344,34.880001068115234,34.88999938964844,290412,0.0,0.0
2023-09-13 09:30:00-04:00,34.95000076293945,35.060001373291016,34.79499816894531,34.814998626708984,105894,0.0,0.0
2023-09-13 10:30:00-04:00,34.81999969482422,34.92499923706055,34.790000915527344,34.92499923706055,91600,0.0,0.0
2023-09-13 11:30:00-04:00,34.93000030517578,35.130001068115234,34.91999816894531,35.09000015258789,70132,0.0,0.0
2023-09-13 12:30:00-04:00,35.09000015258789,35.19499969482422,35.040000915527344,35.17499923706055,87779,0.0,0.0
2023-09-13 13:30:00-04:00,35.17499923706055,35.32500076293945,35.16999816894531,35.314998626708984,81143,0.0,0.0
2023-09-13 14:30:00-04:00,35.31999969482422,35.334999084472656,35.11000061035156,35.14500045776367,93909,0.0,0.0
2023-09-13 15:30:00-04:00,35.150001525878906,35.2400016784668,35.12480163574219,35.22999954223633,203903,0.0,0.0
2023-09-14 09:30:00-04:00,35.40999984741211,35.59000015258789,35.349998474121094,35.375,169726,0.0,0.0
2023-09-14 10:30:00-04:00,35.380001068115234,35.58000183105469,35.345001220703125,35.54999923706055,90690,0.0,0.0
2023-09-14 11:30:00-04:00,35.560001373291016,35.654998779296875,35.55500030517578,35.61000061035156,74273,0.0,0.0
2023-09-14 12:30:00-04:00,35.61000061035156,35.66999816894531,35.61000061035156,35.625,54998,0.0,0.0
2023-09-14 13:30:00-04:00,35.62200164794922,35.63999938964844,35.540000915527344,35.59000015258789,83314,0.0,0.0
2023-09-14 14:30:00-04:00,35.58000183105469,35.61000061035156,35.52000045776367,35.54999923706055,94127,0.0,0.0
2023-09-14 15:30:00-04:00,35.55500030517578,35.61000061035156,35.540000915527344,35.61000061035156,206324,0.0,0.0
2023-09-15 09:30:00-04:00,35.529998779296875,35.79999923706055,35.4900016784668,35.6150016784668,176378,0.0,0.0
2023-09-15 10:30:00-04:00,35.61000061035156,35.654998779296875,35.52000045776367,35.654998779296875,108359,0.0,0.0
2023-09-15 11:30:00-04:00,35.65999984741211,35.75,35.6349983215332,35.724998474121094,70968,0.0,0.0
2023-09-15 12:30:00-04:00,35.724998474121094,35.75,35.599998474121094,35.650001525878906,73736,0.0,0.0
2023-09-15 13:30:00-04:00,35.650001525878906,35.779998779296875,35.630001068115234,35.7599983215332,82366,0.0,0.0
2023-09-15 14:30:00-04:00,35.7599983215332,35.84000015258789,35.75,35.779998779296875,81965,0.0,0.0
2023-09-15 15:30:00-04:00,35.790000915527344,35.810001373291016,35.709999084472656,35.77000045776367,302870,0.0,0.0
2023-09-18 09:30:00-04:00,35.90999984741211,35.90999984741211,35.494998931884766,35.810001373291016,170920,0.0,0.0
2023-09-18 10:30:00-04:00,35.810001373291016,35.904998779296875,35.77000045776367,35.81999969482422,98342,0.0,0.0
2023-09-18 11:30:00-04:00,35.83000183105469,35.880001068115234,35.810001373291016,35.82500076293945,82718,0.0,0.0
2023-09-18 12:30:00-04:00,35.83000183105469,35.93000030517578,35.83000183105469,35.915000915527344,73014,0.0,0.0
2023-09-18 13:30:00-04:00,35.91780090332031,35.93000030517578,35.85499954223633,35.8849983215332,92561,0.0,0.0
2023-09-18 14:30:00-04:00,35.8849983215332,35.8849983215332,35.80500030517578,35.85499954223633,107626,0.0,0.0
2023-09-18 15:30:00-04:00,35.86000061035156,36.0099983215332,35.86000061035156,36.0,339044,0.0,0.0
2023-09-19 09:30:00-04:00,36.0099983215332,36.209999084472656,35.97999954223633,36.09000015258789,81652,0.0,0.0
2023-09-19 10:30:00-04:00,36.09000015258789,36.15999984741211,36.025001525878906,36.04999923706055,62863,0.0,0.0
2023-09-19 11:30:00-04:00,36.051998138427734,36.051998138427734,35.85820007324219,35.904998779296875,67363,0.0,0.0
2023-09-19 12:30:00-04:00,35.904998779296875,35.939998626708984,35.86000061035156,35.869998931884766,52412,0.0,0.0
2023-09-19 13:30:00-04:00,35.869998931884766,35.935001373291016,35.81999969482422,35.84000015258789,70161,0.0,0.0
2023-09-19 14:30:00-04:00,35.84000015258789,35.904998779296875,35.76499938964844,35.78499984741211,92207,0.0,0.0
2023-09-19 15:30:00-04:00,35.790000915527344,35.79999923706055,35.59000015258789,35.599998474121094,232206,0.0,0.0
2023-09-20 09:30:00-04:00,35.79999923706055,35.869998931884766,35.619998931884766,35.834999084472656,113595,0.0,0.0
2023-09-20 10:30:00-04:00,35.849998474121094,36.04999923706055,35.849998474121094,36.005001068115234,115120,0.0,0.0
2023-09-20 11:30:00-04:00,36.0,36.02000045776367,35.89500045776367,35.95500183105469,62350,0.0,0.0
2023-09-20 12:30:00-04:00,35.95500183105469,36.02000045776367,35.95000076293945,35.96500015258789,105015,0.0,0.0
2023-09-20 13:30:00-04:00,35.959999084472656,35.9900016784668,35.65999984741211,35.65999984741211,221670,0.0,0.0
2023-09-20 14:30:00-04:00,35.65999984741211,35.72999954223633,35.61000061035156,35.654998779296875,104124,0.0,0.0
2023-09-20 15:30:00-04:00,35.65999984741211,35.65999984741211,35.57500076293945,35.619998931884766,225989,0.0,0.0
2023-09-21 09:30:00-04:00,35.560001373291016,35.66939926147461,35.349998474121094,35.61000061035156,167897,0.0,0.0
2023-09-21 10:30:00-04:00,35.619998931884766,35.63999938964844,35.3849983215332,35.505001068115234,100728,0.0,0.0
2023-09-21 11:30:00-04:00,35.4900016784668,35.68000030517578,35.439998626708984,35.654998779296875,65602,0.0,0.0
2023-09-21 12:30:00-04:00,35.6349983215332,35.65999984741211,35.474998474121094,35.53099822998047,61619,0.0,0.0
2023-09-21 13:30:00-04:00,35.540000915527344,35.560001373291016,35.470001220703125,35.54499816894531,84337,0.0,0.0
2023-09-21 14:30:00-04:00,35.54499816894531,35.54999923706055,35.375,35.380001068115234,77587,0.0,0.0
2023-09-21 15:30:00-04:00,35.3849983215332,35.3849983215332,35.209999084472656,35.220001220703125,193006,0.0,0.0
2023-09-22 09:30:00-04:00,35.09000015258789,35.244998931884766,34.970001220703125,35.244998931884766,69143,0.0,0.0
2023-09-22 10:30:00-04:00,35.22999954223633,35.29999923706055,35.150001525878906,35.29999923706055,48356,0.0,0.0
2023-09-22 11:30:00-04:00,35.314998626708984,35.36000061035156,35.18000030517578,35.22999954223633,42068,0.0,0.0
2023-09-22 12:30:00-04:00,35.22999954223633,35.349998474121094,35.22999954223633,35.310001373291016,59616,0.0,0.0
2023-09-22 13:30:00-04:00,35.30500030517578,35.31999969482422,35.224998474121094,35.26499938964844,69788,0.0,0.0
2023-09-22 14:30:00-04:00,35.2599983215332,35.375,35.17499923706055,35.29999923706055,93727,0.0,0.0
2023-09-22 15:30:00-04:00,35.29999923706055,35.310001373291016,35.04999923706055,35.06999969482422,178680,0.0,0.0
2023-09-25 09:30:00-04:00,34.880001068115234,35.06999969482422,34.80009841918945,34.81999969482422,65562,0.0,0.0
2023-09-25 10:30:00-04:00,34.814998626708984,34.9900016784668,34.689998626708984,34.869998931884766,88703,0.0,0.0
2023-09-25 11:30:00-04:00,34.869998931884766,34.95500183105469,34.75,34.95000076293945,59915,0.0,0.0
2023-09-25 12:30:00-04:00,34.95000076293945,35.02000045776367,34.850799560546875,34.86000061035156,99135,0.0,0.0
2023-09-25 13:30:00-04:00,34.8650016784668,35.04499816894531,34.84000015258789,35.0,86279,0.0,0.0
2023-09-25 14:30:00-04:00,34.994998931884766,35.04999923706055,34.88999938964844,35.0,103004,0.0,0.0
2023-09-25 15:30:00-04:00,35.0099983215332,35.150001525878906,35.0099983215332,35.099998474121094,217028,0.0,0.0
2023-09-26 09:30:00-04:00,35.060001373291016,35.060001373291016,34.45000076293945,34.58000183105469,103869,0.0,0.0
2023-09-26 10:30:00-04:00,34.57500076293945,34.60499954223633,34.459999084472656,34.470001220703125,115366,0.0,0.0
2023-09-26 11:30:00-04:00,34.459999084472656,34.470001220703125,34.209999084472656,34.349998474121094,98688,0.0,0.0
2023-09-26 12:30:00-04:00,34.34000015258789,34.380001068115234,34.189998626708984,34.22999954223633,75328,0.0,0.0
2023-09-26 13:30:00-04:00,34.2400016784668,34.2400016784668,34.0099983215332,34.0099983215332,103431,0.0,0.0
2023-09-26 14:30:00-04:00,34.0099983215332,34.029998779296875,33.75,33.77000045776367,130941,0.0,0.0
2023-09-26 15:30:00-04:00,33.779998779296875,33.91999816894531,33.775001525878906,33.849998474121094,288736,0.0,0.0
2023-09-27 09:30:00-04:00,33.77000045776367,33.994998931884766,33.68000030517578,33.84000015258789,124128,0.0,0.0
2023-09-27 10:30:00-04:00,33.84000015258789,33.900001525878906,33.529998779296875,33.630001068115234,84189,0.0,0.0
2023-09-27 11:30:00-04:00,33.64500045776367,33.709999084472656,33.45000076293945,33.58000183105469,73507,0.0,0.0
2023-09-27 12:30:00-04:00,33.59000015258789,33.731998443603516,33.56999969482422,33.599998474121094,75689,0.0,0.0
2023-09-27 13:30:00-04:00,33.584999084472656,33.630001068115234,33.49190139770508,33.619998931884766,84544,0.0,0.0
2023-09-27 14:30:00-04:00,33.630001068115234,33.755001068115234,33.630001068115234,33.66999816894531,103375,0.0,0.0
2023-09-27 15:30:00-04:00,33.665000915527344,33.66999816894531,33.4900016784668,33.52000045776367,334709,0.0,0.0
2023-09-28 09:30:00-04:00,33.720001220703125,33.720001220703125,33.275001525878906,33.275001525878906,115054,0.0,0.0
2023-09-28 10:30:00-04:00,33.2599983215332,33.27000045776367,33.084999084472656,33.224998474121094,154148,0.0,0.0
2023-09-28 11:30:00-04:00,33.23500061035156,33.40999984741211,33.22999954223633,33.404998779296875,113272,0.0,0.0
2023-09-28 12:30:00-04:00,33.404998779296875,33.4900016784668,33.3849983215332,33.44499969482422,110696,0.0,0.0
2023-09-28 13:30:00-04:00,33.439998626708984,33.52000045776367,33.36000061035156,33.435001373291016,163980,0.0,0.0
2023-09-28 14:30:00-04:00,33.415000915527344,33.415000915527344,33.2400016784668,33.33000183105469,103115,0.0,0.0
2023-09-28 15:30:00-04:00,33.32500076293945,33.36000061035156,33.16999816894531,33.18000030517578,229426,0.0,0.0
2023-09-29 09:30:00-04:00,33.5099983215332,33.65999984741211,33.060001373291016,33.15999984741211,186467,0.0,0.0
2023-09-29 10:30:00-04:00,33.165000915527344,33.60499954223633,33.130001068115234,33.53499984741211,317216,0.0,0.0
2023-09-29 11:30:00-04:00,33.53499984741211,33.540000915527344,33.22999954223633,33.400001525878906,295217,0.0,0.0
2023-09-29 12:30:00-04:00,33.40999984741211,33.415000915527344,33.150001525878906,33.2599983215332,79278,0.0,0.0
2023-09-29 13:30:00-04:00,33.27000045776367,33.310001373291016,33.20000076293945,33.2599983215332,98037,0.0,0.0
2023-09-29 14:30:00-04:00,33.2599983215332,33.459999084472656,33.20000076293945,33.31999969482422,122041,0.0,0.0
2023-09-29 15:30:00-04:00,33.32500076293945,33.43000030517578,33.2599983215332,33.33000183105469,276541,0.0,0.0
2023-10-02 09:30:00-04:00,33.130001068115234,33.209999084472656,32.06999969482422,32.08000183105469,244647,0.0,0.0
2023-10-02 10:30:00-04:00,32.09000015258789,32.27000045776367,31.649999618530273,31.829999923706055,288844,0.0,0.0
2023-10-02 11:30:00-04:00,31.829999923706055,31.950000762939453,31.604999542236328,31.799999237060547,278767,0.0,0.0
2023-10-02 12:30:00-04:00,31.760000228881836,31.975000381469727,31.739999771118164,31.90999984741211,199680,0.0,0.0
2023-10-02 13:30:00-04:00,31.905000686645508,32.029998779296875,31.729999542236328,31.739999771118164,203563,0.0,0.0
2023-10-02 14:30:00-04:00,31.729999542236328,31.989999771118164,31.649999618530273,31.924999237060547,266481,0.0,0.0
2023-10-02 15:30:00-04:00,31.920000076293945,32.06999969482422,31.8700008392334,31.940000534057617,482227,0.0,0.0
2023-10-03 09:30:00-04:00,31.690000534057617,31.8700008392334,31.2450008392334,31.485000610351562,236597,0.0,0.0
2023-10-03 10:30:00-04:00,31.479999542236328,31.825000762939453,31.334999084472656,31.774999618530273,228763,0.0,0.0
2023-10-03 11:30:00-04:00,31.770000457763672,31.915000915527344,31.645000457763672,31.915000915527344,166774,0.0,0.0
2023-10-03 12:30:00-04:00,31.940000534057617,32.165000915527344,31.790000915527344,32.150001525878906,170295,0.0,0.0
2023-10-03 13:30:00-04:00,32.150001525878906,32.27000045776367,32.07059860229492,32.189998626708984,220813,0.0,0.0
2023-10-03 14:30:00-04:00,32.185001373291016,32.400001525878906,32.165000915527344,32.380001068115234,234087,0.0,0.0
2023-10-03 15:30:00-04:00,32.380001068115234,32.380001068115234,32.279998779296875,32.31999969482422,336341,0.0,0.0
2023-10-04 09:30:00-04:00,32.209999084472656,32.58000183105469,31.969999313354492,32.06999969482422,174748,0.0,0.0
2023-10-04 10:30:00-04:00,32.08000183105469,32.16999816894531,31.825000762939453,31.969999313354492,127960,0.0,0.0
2023-10-04 11:30:00-04:00,31.959999084472656,32.13999938964844,31.84000015258789,32.119998931884766,164651,0.0,0.0
2023-10-04 12:30:00-04:00,32.11000061035156,32.154998779296875,31.96500015258789,32.02000045776367,130776,0.0,0.0
2023-10-04 13:30:00-04:00,32.040000915527344,32.20000076293945,32.02000045776367,32.1349983215332,181358,0.0,0.0
2023-10-04 14:30:00-04:00,32.13999938964844,32.33829879760742,32.13999938964844,32.275001525878906,173890,0.0,0.0
2023-10-04 15:30:00-04:00,32.275001525878906,32.35100173950195,32.22999954223633,32.31999969482422,330084,0.0,0.0
2023-10-05 09:30:00-04:00,32.290000915527344,32.38999938964844,31.920000076293945,32.095001220703125,185739,0.0,0.0
2023-10-05 10:30:00-04:00,32.09000015258789,32.22999954223633,31.959999084472656,32.14500045776367,177933,0.0,0.0
2023-10-05 11:30:00-04:00,32.14500045776367,32.33060073852539,32.130001068115234,32.33000183105469,171340,0.0,0.0
2023-10-05 12:30:00-04:00,32.32500076293945,32.33089828491211,32.150001525878906,32.290000915527344,105648,0.0,0.0
2023-10-05 13:30:00-04:00,32.29499816894531,32.654998779296875,32.27000045776367,32.654998779296875,230721,0.0,0.0
2023-10-05 14:30:00-04:00,32.654998779296875,32.72999954223633,32.599998474121094,32.72999954223633,288553,0.0,0.0
2023-10-05 15:30:00-04:00,32.720001220703125,32.77000045776367,32.53499984741211,32.650001525878906,393149,0.0,0.0
2023-10-06 09:30:00-04:00,31.920000076293945,32.04499816894531,31.59000015258789,32.02000045776367,289956,0.0,0.0
2023-10-06 10:30:00-04:00,32.04999923706055,32.2599983215332,32.02000045776367,32.25,186874,0.0,0.0
2023-10-06 11:30:00-04:00,32.27000045776367,32.70500183105469,32.220001220703125,32.59000015258789,278614,0.0,0.0
2023-10-06 12:30:00-04:00,32.599998474121094,32.85499954223633,32.54999923706055,32.7599983215332,201137,0.0,0.0
2023-10-06 13:30:00-04:00,32.75,32.86000061035156,32.71500015258789,32.86000061035156,238983,0.0,0.0
2023-10-06 14:30:00-04:00,32.849998474121094,32.849998474121094,32.654998779296875,32.70500183105469,171111,0.0,0.0
2023-10-06 15:30:00-04:00,32.71500015258789,32.75,32.6349983215332,32.63999938964844,234317,0.0,0.0
2023-10-09 09:30:00-04:00,32.650001525878906,32.90999984741211,32.63999938964844,32.709999084472656,100248,0.0,0.0
2023-10-09 10:30:00-04:00,32.720001220703125,33.005001068115234,32.65999984741211,32.970001220703125,88410,0.0,0.0
2023-10-09 11:30:00-04:00,32.98500061035156,33.040000915527344,32.90999984741211,32.97999954223633,182369,0.0,0.0
2023-10-09 12:30:00-04:00,32.974998474121094,32.974998474121094,32.84000015258789,32.935001373291016,95867,0.0,0.0
2023-10-09 13:30:00-04:00,32.939998626708984,33.13999938964844,32.939998626708984,33.084999084472656,156360,0.0,0.0
2023-10-09 14:30:00-04:00,33.09000015258789,33.09000015258789,32.97999954223633,33.01499938964844,128067,0.0,0.0
2023-10-09 15:30:00-04:00,33.0099983215332,33.15999984741211,32.974998474121094,33.13999938964844,255394,0.0,0.0
2023-10-10 09:30:00-04:00,33.150001525878906,33.29999923706055,33.040000915527344,33.244998931884766,69274,0.0,0.0
2023-10-10 10:30:00-04:00,33.25,33.314998626708984,33.09000015258789,33.15999984741211,85518,0.0,0.0
2023-10-10 11:30:00-04:00,33.189998626708984,33.25,33.14500045776367,33.23500061035156,61280,0.0,0.0
2023-10-10 12:30:00-04:00,33.230499267578125,33.334999084472656,33.16999816894531,33.290000915527344,132236,0.0,0.0
2023-10-10 13:30:00-04:00,33.290000915527344,33.36000061035156,33.165000915527344,33.290000915527344,89581,0.0,0.0
2023-10-10 14:30:00-04:00,33.279998779296875,33.35499954223633,33.2400016784668,33.31999969482422,94312,0.0,0.0
2023-10-10 15:30:00-04:00,33.31999969482422,33.45000076293945,33.2599983215332,33.43000030517578,222238,0.0,0.0
2023-10-11 09:30:00-04:00,33.619998931884766,33.724998474121094,33.404998779296875,33.724998474121094,111549,0.0,0.0
2023-10-11 10:30:00-04:00,33.72999954223633,33.7599983215332,33.56999969482422,33.724998474121094,120578,0.0,0.0
2023-10-11 11:30:00-04:00,33.72999954223633,33.790000915527344,33.69499969482422,33.775001525878906,132751,0.0,0.0
2023-10-11 12:30:00-04:00,33.775001525878906,33.88999938964844,33.724998474121094,33.790000915527344,156041,0.0,0.0
2023-10-11 13:30:00-04:00,33.78499984741211,33.78499984741211,33.685001373291016,33.720001220703125,114986,0.0,0.0
2023-10-11 14:30:00-04:00,33.720001220703125,33.94499969482422,33.65999984741211,33.93000030517578,80841,0.0,0.0
2023-10-11 15:30:00-04:00,33.91999816894531,34.02000045776367,33.8849983215332,34.02000045776367,169186,0.0,0.0
2023-10-12 09:30:00-04:00,33.91999816894531,34.029998779296875,33.68000030517578,33.70000076293945,138652,0.0,0.0
2023-10-12 10:30:00-04:00,33.70500183105469,33.75,33.38999938964844,33.5099983215332,189269,0.0,0.0
2023-10-12 11:30:00-04:00,33.5099983215332,33.689998626708984,33.4900016784668,33.61000061035156,106800,0.0,0.0
2023-10-12 12:30:00-04:00,33.61000061035156,33.720001220703125,33.48500061035156,33.48500061035156,94185,0.0,0.0
2023-10-12 13:30:00-04:00,33.47999954223633,33.5099983215332,33.334999084472656,33.474998474121094,188954,0.0,0.0
2023-10-12 14:30:00-04:00,33.47999954223633,33.625,33.45000076293945,33.6150016784668,213342,0.0,0.0
2023-10-12 15:30:00-04:00,33.630001068115234,33.869998931884766,33.630001068115234,33.849998474121094,399669,0.0,0.0
2023-10-13 09:30:00-04:00,34.2599983215332,34.42499923706055,34.09000015258789,34.404998779296875,127726,0.0,0.0
2023-10-13 10:30:00-04:00,34.400001525878906,34.40999984741211,34.11000061035156,34.29999923706055,148187,0.0,0.0
2023-10-13 11:30:00-04:00,34.28499984741211,34.33000183105469,34.189998626708984,34.220001220703125,130719,0.0,0.0
2023-10-13 12:30:00-04:00,34.22999954223633,34.290000915527344,34.06999969482422,34.09000015258789,117547,0.0,0.0
2023-10-13 13:30:00-04:00,34.06999969482422,34.30500030517578,34.01499938964844,34.244998931884766,119834,0.0,0.0
2023-10-13 14:30:00-04:00,34.25,34.2599983215332,34.11000061035156,34.1150016784668,154925,0.0,0.0
2023-10-13 15:30:00-04:00,34.1150016784668,34.17499923706055,34.0,34.119998931884766,371400,0.0,0.0
2023-10-16 09:30:00-04:00,34.2599983215332,34.29999923706055,33.95000076293945,34.130001068115234,126142,0.0,0.0
2023-10-16 10:30:00-04:00,34.13999938964844,34.40999984741211,34.125,34.31999969482422,95737,0.0,0.0
2023-10-16 11:30:00-04:00,34.310001373291016,34.415000915527344,34.220001220703125,34.31999969482422,131919,0.0,0.0
2023-10-16 12:30:00-04:00,34.314998626708984,34.45000076293945,34.27000045776367,34.45000076293945,89223,0.0,0.0
2023-10-16 13:30:00-04:00,34.45000076293945,34.54499816894531,34.415000915527344,34.45000076293945,82198,0.0,0.0
2023-10-16 14:30:00-04:00,34.439998626708984,34.584999084472656,34.439998626708984,34.53900146484375,130148,0.0,0.0
2023-10-16 15:30:00-04:00,34.540000915527344,34.584999084472656,34.4900016784668,34.560001373291016,232120,0.0,0.0
2023-10-17 09:30:00-04:00,34.310001373291016,34.650001525878906,34.29999923706055,34.470001220703125,124520,0.0,0.0
2023-10-17 10:30:00-04:00,34.47999954223633,34.55500030517578,34.33000183105469,34.51499938964844,96753,0.0,0.0
2023-10-17 11:30:00-04:00,34.5099983215332,34.619998931884766,34.46500015258789,34.599998474121094,154286,0.0,0.0
2023-10-17 12:30:00-04:00,34.60100173950195,34.61000061035156,34.31999969482422,34.380001068115234,132654,0.0,0.0
2023-10-17 13:30:00-04:00,34.38999938964844,34.400001525878906,34.22999954223633,34.279998779296875,112698,0.0,0.0
2023-10-17 14:30:00-04:00,34.279998779296875,34.29499816894531,34.1349983215332,34.26499938964844,199114,0.0,0.0
2023-10-17 15:30:00-04:00,34.26499938964844,34.33000183105469,34.18000030517578,34.290000915527344,278841,0.0,0.0
2023-10-18 09:30:00-04:00,34.25,34.42499923706055,33.97999954223633,33.97999954223633,177349,0.0,0.0
2023-10-18 10:30:00-04:00,33.970001220703125,34.119998931884766,33.94499969482422,34.005001068115234,102825,0.0,0.0
2023-10-18 11:30:00-04:00,33.994998931884766,34.05500030517578,33.810001373291016,33.915000915527344,154756,0.0,0.0
2023-10-18 12:30:00-04:00,33.91999816894531,34.130001068115234,33.85499954223633,34.099998474121094,147007,0.0,0.0
2023-10-18 13:30:00-04:00,34.099998474121094,34.255001068115234,34.0099983215332,34.13999938964844,163048,0.0,0.0
2023-10-18 14:30:00-04:00,34.13999938964844,34.224998474121094,34.040000915527344,34.04999923706055,113035,0.0,0.0
2023-10-18 15:30:00-04:00,34.060001373291016,34.154998779296875,34.02000045776367,34.08000183105469,200832,0.0,0.0
2023-10-19 09:30:00-04:00,34.040000915527344,34.064998626708984,33.869998931884766,33.939998626708984,210773,0.0,0.0
2023-10-19 10:30:00-04:00,33.93000030517578,34.060001373291016,33.77000045776367,34.04999923706055,116037,0.0,0.0
2023-10-19 11:30:00-04:00,34.04999923706055,34.32500076293945,34.040000915527344,34.060001373291016,90337,0.0,0.0
2023-10-19 12:30:00-04:00,34.08000183105469,34.33000183105469,33.97999954223633,34.224998474121094,123737,0.0,0.0
2023-10-19 13:30:00-04:00,34.2400016784668,34.2599983215332,33.9900016784668,34.04999923706055,99811,0.0,0.0
2023-10-19 14:30:00-04:00,34.040000915527344,34.040000915527344,33.83000183105469,33.85499954223633,134726,0.0,0.0
2023-10-19 15:30:00-04:00,33.85499954223633,33.935001373291016,33.79999923706055,33.88999938964844,318366,0.0,0.0
2023-10-20 09:30:00-04:00,33.939998626708984,34.07500076293945,33.724998474121094,33.7599983215332,188432,0.0,0.0
2023-10-20 10:30:00-04:00,33.7400016784668,33.970001220703125,33.71500015258789,33.935001373291016,152120,0.0,0.0
2023-10-20 11:30:00-04:00,33.93000030517578,33.970001220703125,33.75299835205078,33.84000015258789,91165,0.0,0.0
2023-10-20 12:30:00-04:00,33.84000015258789,33.94499969482422,33.70000076293945,33.81999969482422,167711,0.0,0.0
2023-10-20 13:30:00-04:00,33.83000183105469,33.88999938964844,33.689998626708984,33.724998474121094,240328,0.0,0.0
2023-10-20 14:30:00-04:00,33.720001220703125,33.84000015258789,33.4900016784668,33.58000183105469,241208,0.0,0.0
2023-10-20 15:30:00-04:00,33.57500076293945,33.6150016784668,33.435001373291016,33.52000045776367,354587,0.0,0.0
2023-10-23 09:30:00-04:00,33.27000045776367,33.4900016784668,33.060001373291016,33.209999084472656,103203,0.0,0.0
2023-10-23 10:30:00-04:00,33.18000030517578,33.55500030517578,33.14500045776367,33.525001525878906,84485,0.0,0.0
2023-10-23 11:30:00-04:00,33.529998779296875,33.619998931884766,33.30500030517578,33.345001220703125,114539,0.0,0.0
2023-10-23 12:30:00-04:00,33.349098205566406,33.5,33.34000015258789,33.35499954223633,63470,0.0,0.0
2023-10-23 13:30:00-04:00,33.36000061035156,33.415000915527344,33.209999084472656,33.310001373291016,107264,0.0,0.0
2023-10-23 14:30:00-04:00,33.310001373291016,33.459999084472656,33.209999084472656,33.224998474121094,131469,0.0,0.0
2023-10-23 15:30:00-04:00,33.220001220703125,33.27000045776367,33.11000061035156,33.20000076293945,337006,0.0,0.0
2023-10-24 09:30:00-04:00,33.59000015258789,33.709999084472656,33.4900016784668,33.70000076293945,105241,0.0,0.0
2023-10-24 10:30:00-04:00,33.69499969482422,33.869998931884766,33.61000061035156,33.86009979248047,82649,0.0,0.0
2023-10-24 11:30:00-04:00,33.869998931884766,33.935001373291016,33.790000915527344,33.85499954223633,139993,0.0,0.0
2023-10-24 12:30:00-04:00,33.845001220703125,33.92499923706055,33.720001220703125,33.79499816894531,178388,0.0,0.0
2023-10-24 13:30:00-04:00,33.80500030517578,33.96500015258789,33.779998779296875,33.935001373291016,257263,0.0,0.0
2023-10-24 14:30:00-04:00,33.939998626708984,34.0099983215332,33.915000915527344,33.96500015258789,143136,0.0,0.0
2023-10-24 15:30:00-04:00,33.970001220703125,34.040000915527344,33.900001525878906,33.959999084472656,395071,0.0,0.0
2023-10-25 09:30:00-04:00,33.810001373291016,34.130001068115234,33.810001373291016,33.915000915527344,137764,0.0,0.0
2023-10-25 10:30:00-04:00,33.900001525878906,34.209999084472656,33.869998931884766,34.15999984741211,140167,0.0,0.0
2023-10-25 11:30:00-04:00,34.16999816894531,34.18000030517578,34.0,34.060001373291016,116672,0.0,0.0
2023-10-25 12:30:00-04:00,34.064998626708984,34.150001525878906,34.01499938964844,34.119998931884766,124008,0.0,0.0
2023-10-25 13:30:00-04:00,34.1150016784668,34.224998474121094,34.06999969482422,34.125,117791,0.0,0.0
2023-10-25 14:30:00-04:00,34.130001068115234,34.23500061035156,34.130001068115234,34.185001373291016,152489,0.0,0.0
2023-10-25 15:30:00-04:00,34.185001373291016,34.2400016784668,34.13999938964844,34.22999954223633,363115,0.0,0.0
2023-10-26 09:30:00-04:00,34.36000061035156,34.939998626708984,34.27000045776367,34.70000076293945,267277,0.0,0.0
2023-10-26 10:30:00-04:00,34.709999084472656,34.790000915527344,34.52000045776367,34.63999938964844,290027,0.0,0.0
2023-10-26 11:30:00-04:00,34.63999938964844,34.63999938964844,34.40999984741211,34.52000045776367,102576,0.0,0.0
2023-10-26 12:30:00-04:00,34.525001525878906,34.525001525878906,34.40999984741211,34.46500015258789,121759,0.0,0.0
2023-10-26 13:30:00-04:00,34.46500015258789,34.529998779296875,34.400001525878906,34.45000076293945,120556,0.0,0.0
2023-10-26 14:30:00-04:00,34.45000076293945,34.61000061035156,34.415000915527344,34.45000076293945,182675,0.0,0.0
2023-10-26 15:30:00-04:00,34.45000076293945,34.540000915527344,34.400001525878906,34.43000030517578,378525,0.0,0.0
2023-10-27 09:30:00-04:00,34.25,34.54249954223633,34.20000076293945,34.310001373291016,293255,0.0,0.0
2023-10-27 10:30:00-04:00,34.314998626708984,34.46500015258789,34.04999923706055,34.060001373291016,166848,0.0,0.0
2023-10-27 11:30:00-04:00,34.04999923706055,34.08000183105469,33.80500030517578,33.814998626708984,97711,0.0,0.0
2023-10-27 12:30:00-04:00,33.810001373291016,33.8849983215332,33.6349983215332,33.72999954223633,106358,0.0,0.0
2023-10-27 13:30:00-04:00,33.72999954223633,33.79499816894531,33.650001525878906,33.650001525878906,92854,0.0,0.0
2023-10-27 14:30:00-04:00,33.63999938964844,33.775001525878906,33.61000061035156,33.744998931884766,148482,0.0,0.0
2023-10-27 15:30:00-04:00,33.75,33.83000183105469,33.584999084472656,33.79999923706055,340882,0.0,0.0
2023-10-30 09:30:00-04:00,33.900001525878906,34.310001373291016,33.77000045776367,33.86000061035156,178153,0.0,0.0
2023-10-30 10:30:00-04:00,33.834999084472656,33.8849983215332,33.61000061035156,33.76499938964844,103952,0.0,0.0
2023-10-30 11:30:00-04:00,33.7599983215332,33.904998779296875,33.73500061035156,33.8849983215332,113419,0.0,0.0
2023-10-30 12:30:00-04:00,33.880001068115234,33.994998931884766,33.779998779296875,33.994998931884766,107864,0.0,0.0
2023-10-30 13:30:00-04:00,34.0,34.04499816894531,33.88999938964844,33.95500183105469,124094,0.0,0.0
2023-10-30 14:30:00-04:00,33.959999084472656,34.04499816894531,33.939998626708984,34.02000045776367,164975,0.0,0.0
2023-10-30 15:30:00-04:00,34.01499938964844,34.029998779296875,33.93000030517578,34.0099983215332,292288,0.0,0.0
2023-10-31 09:30:00-04:00,34.209999084472656,34.33000183105469,33.88999938964844,33.93000030517578,125742,0.0,0.0
2023-10-31 10:30:00-04:00,33.939998626708984,34.26499938964844,33.83000183105469,34.189998626708984,222983,0.0,0.0
2023-10-31 11:30:00-04:00,34.18000030517578,34.20500183105469,34.04499816894531,34.150001525878906,117945,0.0,0.0
2023-10-31 12:30:00-04:00,34.15999984741211,34.29999923706055,34.119998931884766,34.25,101733,0.0,0.0
2023-10-31 13:30:00-04:00,34.255001068115234,34.279998779296875,34.125,34.125,171959,0.0,0.0
2023-10-31 14:30:00-04:00,34.130001068115234,34.25,34.10499954223633,34.209999084472656,108802,0.0,0.0
2023-10-31 15:30:00-04:00,34.20000076293945,34.209999084472656,34.07500076293945,34.20000076293945,241054,0.0,0.0
2023-11-01 09:30:00-04:00,34.209999084472656,34.61000061035156,33.849998474121094,34.52000045776367,132913,0.0,0.0
2023-11-01 10:30:00-04:00,34.52000045776367,34.54999923706055,34.125,34.275001525878906,129918,0.0,0.0
2023-11-01 11:30:00-04:00,34.279998779296875,34.45000076293945,34.275001525878906,34.32500076293945,149864,0.0,0.0
2023-11-01 12:30:00-04:00,34.31999969482422,34.459999084472656,34.279998779296875,34.349998474121094,129998,0.0,0.0
2023-11-01 13:30:00-04:00,34.345001220703125,34.474998474121094,34.290000915527344,34.435001373291016,132666,0.0,0.0
2023-11-01 14:30:00-04:00,34.439998626708984,34.66999816894531,34.33000183105469,34.55500030517578,264351,0.0,0.0
2023-11-01 15:30:00-04:00,34.55500030517578,34.6150016784668,34.459999084472656,34.47999954223633,384130,0.0,0.0
2023-11-02 09:30:00-04:00,34.68000030517578,35.439998626708984,34.650001525878906,35.27000045776367,316627,0.0,0.0
2023-11-02 10:30:00-04:00,35.279998779296875,35.63999938964844,35.189998626708984,35.54999923706055,287875,0.0,0.0
2023-11-02 11:30:00-04:00,35.540000915527344,35.75,35.529998779296875,35.560001373291016,143363,0.0,0.0
2023-11-02 12:30:00-04:00,35.54999923706055,35.68000030517578,35.54800033569336,35.59000015258789,115761,0.0,0.0
2023-11-02 13:30:00-04:00,35.59000015258789,35.65999984741211,35.4900016784668,35.654998779296875,157607,0.0,0.0
2023-11-02 14:30:00-04:00,35.654998779296875,35.67499923706055,35.46500015258789,35.54499816894531,689686,0.0,0.0
2023-11-02 15:30:00-04:00,35.54499816894531,35.689998626708984,35.4900016784668,35.540000915527344,493644,0.0,0.0
2023-11-03 09:30:00-04:00,35.91999816894531,36.04999923706055,35.38999938964844,35.560001373291016,371470,0.0,0.0
2023-11-03 10:30:00-04:00,35.560001373291016,35.779998779296875,35.42499923706055,35.42499923706055,229437,0.0,0.0
2023-11-03 11:30:00-04:00,35.43000030517578,35.68000030517578,35.38999938964844,35.64500045776367,157380,0.0,0.0
2023-11-03 12:30:00-04:00,35.63999938964844,35.665000915527344,35.48500061035156,35.5,135031,0.0,0.0
2023-11-03 13:30:00-04:00,35.505001068115234,35.54499816894531,35.45000076293945,35.505001068115234,149683,0.0,0.0
2023-11-03 14:30:00-04:00,35.505001068115234,35.558101654052734,35.31999969482422,35.334999084472656,265981,0.0,0.0
2023-11-03 15:30:00-04:00,35.334999084472656,35.3650016784668,35.22999954223633,35.2400016784668,462056,0.0,0.0
2023-11-06 09:30:00-05:00,35.209999084472656,35.29999923706055,34.72999954223633,34.80500030517578,223052,0.0,0.0
2023-11-06 10:30:00-05:00,34.810001373291016,34.91999816894531,34.75,34.75,209556,0.0,0.0
2023-11-06 11:30:00-05:00,34.75,34.90999984741211,34.7400016784668,34.880001068115234,140077,0.0,0.0
2023-11-06 12:30:00-05:00,34.880001068115234,34.91999816894531,34.75,34.880001068115234,89445,0.0,0.0
2023-11-06 13:30:00-05:00,34.870201110839844,34.90999984741211,34.790000915527344,34.880001068115234,105920,0.0,0.0
2023-11-06 14:30:00-05:00,34.880001068115234,34.90999984741211,34.77000045776367,34.79499816894531,131908,0.0,0.0
2023-11-06 15:30:00-05:00,34.790000915527344,34.814998626708984,34.56999969482422,34.59000015258789,325909,0.0,0.0
2023-11-07 09:30:00-05:00,34.650001525878906,34.81999969482422,34.439998626708984,34.52000045776367,104450,0.0,0.0
2023-11-07 10:30:00-05:00,34.52000045776367,34.61000061035156,34.43000030517578,34.56999969482422,118216,0.0,0.0
2023-11-07 11:30:00-05:00,34.56999969482422,34.63999938964844,34.439998626708984,34.48500061035156,132959,0.0,0.0
2023-11-07 12:30:00-05:00,34.47999954223633,34.6349983215332,34.439998626708984,34.525001525878906,127224,0.0,0.0
2023-11-07 13:30:00-05:00,34.53499984741211,34.56999969482422,34.36000061035156,34.36000061035156,127239,0.0,0.0
2023-11-07 14:30:00-05:00,34.3650016784668,34.415000915527344,34.290000915527344,34.3849983215332,229828,0.0,0.0
2023-11-07 15:30:00-05:00,34.38999938964844,34.470001220703125,34.310001373291016,34.38999938964844,348723,0.0,0.0
2023-11-08 09:30:00-05:00,34.150001525878906,34.150001525878906,33.689998626708984,33.790000915527344,118647,0.0,0.0
2023-11-08 10:30:00-05:00,33.77000045776367,33.790000915527344,33.470001220703125,33.525001525878906,114528,0.0,0.0
2023-11-08 11:30:00-05:00,33.52000045776367,33.56999969482422,33.38800048828125,33.43000030517578,96006,0.0,0.0
2023-11-08 12:30:00-05:00,33.43000030517578,33.5,33.33000183105469,33.45500183105469,216288,0.0,0.0
2023-11-08 13:30:00-05:00,33.459999084472656,33.689998626708984,33.459999084472656,33.685001373291016,130844,0.0,0.0
2023-11-08 14:30:00-05:00,33.689998626708984,33.77000045776367,33.670501708984375,33.744998931884766,218986,0.0,0.0
2023-11-08 15:30:00-05:00,33.744998931884766,33.84000015258789,33.720001220703125,33.79999923706055,370066,0.0,0.0
2023-11-09 09:30:00-05:00,33.95000076293945,34.02000045776367,33.790000915527344,33.85260009765625,145598,0.0,0.0
2023-11-09 10:30:00-05:00,33.849998474121094,34.0099983215332,33.81999969482422,34.005001068115234,159821,0.0,0.0
2023-11-09 11:30:00-05:00,34.0,34.310001373291016,33.96500015258789,34.275001525878906,156729,0.0,0.0
2023-11-09 12:30:00-05:00,34.279998779296875,34.31999969482422,33.98500061035156,34.0099983215332,146068,0.0,0.0
2023-11-09 13:30:00-05:00,33.994998931884766,34.040000915527344,33.85499954223633,33.875,165704,0.0,0.0
2023-11-09 14:30:00-05:00,33.880001068115234,33.904998779296875,33.779998779296875,33.845001220703125,160798,0.0,0.0
2023-11-09 15:30:00-05:00,33.845001220703125,33.95500183105469,33.814998626708984,33.939998626708984,458059,0.0,0.0
2023-11-10 09:30:00-05:00,34.18000030517578,34.20500183105469,33.8650016784668,33.935001373291016,135456,0.0,0.0
2023-11-10 10:30:00-05:00,33.939998626708984,33.959999084472656,33.77000045776367,33.959999084472656,171934,0.0,0.0
2023-11-10 11:30:00-05:00,33.96500015258789,34.040000915527344,33.84000015258789,33.845001220703125,185825,0.0,0.0
2023-11-10 12:30:00-05:00,33.845001220703125,33.974998474121094,33.775001525878906,33.90999984741211,130360,0.0,0.0
2023-11-10 13:30:00-05:00,33.900001525878906,33.98500061035156,33.8849983215332,33.94499969482422,129238,0.0,0.0
2023-11-10 14:30:00-05:00,33.94499969482422,33.94499969482422,33.79499816894531,33.88999938964844,222250,0.0,0.0
2023-11-10 15:30:00-05:00,33.88999938964844,34.0,33.8650016784668,33.959999084472656,382214,0.0,0.0
2023-11-13 09:30:00-05:00,33.90999984741211,33.9900016784668,33.400001525878906,33.5099983215332,172374,0.0,0.0
2023-11-13 10:30:00-05:00,33.5099983215332,33.56999969482422,33.40999984741211,33.529998779296875,169499,0.0,0.0
2023-11-13 11:30:00-05:00,33.540000915527344,33.7400016784668,33.540000915527344,33.64500045776367,125133,0.0,0.0
2023-11-13 12:30:00-05:00,33.650001525878906,33.654998779296875,33.47990036010742,33.48500061035156,120000,0.0,0.0
2023-11-13 13:30:00-05:00,33.48500061035156,33.584999084472656,33.43000030517578,33.494998931884766,121300,0.0,0.0
2023-11-13 14:30:00-05:00,33.4900016784668,33.55500030517578,33.474998474121094,33.525001525878906,116710,0.0,0.0
2023-11-13 15:30:00-05:00,33.505001068115234,33.599998474121094,33.494998931884766,33.54999923706055,310745,0.0,0.0
2023-11-14 09:30:00-05:00,34.20000076293945,34.52799987792969,34.20000076293945,34.470001220703125,101942,0.0,0.0
2023-11-14 10:30:00-05:00,34.470001220703125,34.75,34.44499969482422,34.70000076293945,88568,0.0,0.0
2023-11-14 11:30:00-05:00,34.68000030517578,34.720001220703125,34.540000915527344,34.61000061035156,73655,0.0,0.0
2023-11-14 12:30:00-05:00,34.61000061035156,34.64500045776367,34.52000045776367,34.59000015258789,90304,0.0,0.0
2023-11-14 13:30:00-05:00,34.595001220703125,34.650001525878906,34.529998779296875,34.560001373291016,103318,0.0,0.0
2023-11-14 14:30:00-05:00,34.560001373291016,34.71500015258789,34.540000915527344,34.689998626708984,140650,0.0,0.0
2023-11-14 15:30:00-05:00,34.69499969482422,34.814998626708984,34.69499969482422,34.77000045776367,311854,0.0,0.0
2023-11-15 09:30:00-05:00,34.72999954223633,35.20500183105469,34.72999954223633,35.09000015258789,161543,0.0,0.0
2023-11-15 10:30:00-05:00,35.09000015258789,35.09000015258789,34.65999984741211,34.66999816894531,124671,0.0,0.0
2023-11-15 11:30:00-05:00,34.68000030517578,34.70000076293945,34.56999969482422,34.65999984741211,104466,0.0,0.0
2023-11-15 12:30:00-05:00,34.65999984741211,34.744998931884766,34.630001068115234,34.650001525878906,79346,0.0,0.0
2023-11-15 13:30:00-05:00,34.63999938964844,34.65999984741211,34.54249954223633,34.560001373291016,138503,0.0,0.0
2023-11-15 14:30:00-05:00,34.56999969482422,34.6349983215332,34.52000045776367,34.6349983215332,195022,0.0,0.0
2023-11-15 15:30:00-05:00,34.63999938964844,34.65510177612305,34.42499923706055,34.47999954223633,407520,0.0,0.0
2023-11-16 09:30:00-05:00,34.790000915527344,34.970001220703125,34.60499954223633,34.935001373291016,130181,0.0,0.0
2023-11-16 10:30:00-05:00,34.939998626708984,35.0099983215332,34.849998474121094,34.88999938964844,123913,0.0,0.0
2023-11-16 11:30:00-05:00,34.900001525878906,34.939998626708984,34.83000183105469,34.8849983215332,157763,0.0,0.0
2023-11-16 12:30:00-05:00,34.88999938964844,35.1349983215332,34.88999938964844,35.119998931884766,176390,0.0,0.0
2023-11-16 13:30:00-05:00,35.11000061035156,35.119998931884766,34.970001220703125,35.08000183105469,144883,0.0,0.0
2023-11-16 14:30:00-05:00,35.06999969482422,35.125,35.01499938964844,35.06999969482422,139752,0.0,0.0
2023-11-16 15:30:00-05:00,35.08000183105469,35.1150016784668,35.01499938964844,35.07500076293945,374102,0.0,0.0
2023-11-17 09:30:00-05:00,35.34000015258789,35.38999938964844,34.95000076293945,35.154998779296875,219746,0.0,0.0
2023-11-17 10:30:00-05:00,35.13999938964844,35.13999938964844,34.81999969482422,34.81999969482422,123891,0.0,0.0
2023-11-17 11:30:00-05:00,34.81999969482422,34.90999984741211,34.724998474121094,34.79999923706055,115158,0.0,0.0
2023-11-17 12:30:00-05:00,34.79999923706055,34.8849983215332,34.77000045776367,34.84000015258789,90853,0.0,0.0
2023-11-17 13:30:00-05:00,34.83000183105469,34.88999938964844,34.775001525878906,34.869998931884766,94083,0.0,0.0
2023-11-17 14:30:00-05:00,34.869998931884766,34.88999938964844,34.72999954223633,34.78499984741211,308060,0.0,0.0
2023-11-17 15:30:00-05:00,34.790000915527344,34.84000015258789,34.60499954223633,34.779998779296875,360952,0.0,0.0
2023-11-20 09:30:00-05:00,34.529998779296875,34.54999923706055,34.06999969482422,34.459999084472656,98371,0.0,0.0
2023-11-20 10:30:00-05:00,34.4900016784668,34.709999084472656,34.45500183105469,34.709999084472656,81652,0.0,0.0
2023-11-20 11:30:00-05:00,34.71500015258789,34.720001220703125,34.60499954223633,34.67499923706055,87063,0.0,0.0
2023-11-20 12:30:00-05:00,34.67499923706055,34.73500061035156,34.58000183105469,34.619998931884766,133393,0.0,0.0
2023-11-20 13:30:00-05:00,34.61000061035156,34.7599983215332,34.61000061035156,34.68000030517578,111386,0.0,0.0
2023-11-20 14:30:00-05:00,34.68000030517578,34.810001373291016,34.67499923706055,34.755001068115234,116725,0.0,0.0
2023-11-20 15:30:00-05:00,34.7599983215332,34.775001525878906,34.654998779296875,34.67499923706055,257353,0.0,0.0
2023-11-21 09:30:00-05:00,34.65999984741211,34.83000183105469,34.40999984741211,34.58000183105469,144676,0.0,0.0
2023-11-21 10:30:00-05:00,34.58000183105469,34.650001525878906,34.47999954223633,34.599998474121094,90141,0.0,0.0
2023-11-21 11:30:00-05:00,34.599998474121094,34.625,34.5,34.564998626708984,72530,0.0,0.0
2023-11-21 12:30:00-05:00,34.56999969482422,34.61000061035156,34.529998779296875,34.584999084472656,76981,0.0,0.0
2023-11-21 13:30:00-05:00,34.584999084472656,34.64500045776367,34.52000045776367,34.56999969482422,87504,0.0,0.0
2023-11-21 14:30:00-05:00,34.59000015258789,34.654998779296875,34.5,34.58000183105469,171334,0.0,0.0
2023-11-21 15:30:00-05:00,34.58000183105469,34.689998626708984,34.525001525878906,34.689998626708984,255155,0.0,0.0
2023-11-22 09:30:00-05:00,34.75,34.810001373291016,34.39500045776367,34.709999084472656,494830,0.0,0.0
2023-11-22 10:30:00-05:00,34.71670150756836,34.78499984741211,34.685001373291016,34.709999084472656,108669,0.0,0.0
2023-11-22 11:30:00-05:00,34.709999084472656,34.7599983215332,34.673301696777344,34.709999084472656,75116,0.0,0.0
2023-11-22 12:30:00-05:00,34.70500183105469,34.72999954223633,34.63999938964844,34.724998474121094,72268,0.0,0.0
2023-11-22 13:30:00-05:00,34.724998474121094,34.77000045776367,34.66999816894531,34.76499938964844,90936,0.0,0.0
2023-11-22 14:30:00-05:00,34.76499938964844,34.84749984741211,34.711299896240234,34.83000183105469,111026,0.0,0.0
2023-11-22 15:30:00-05:00,34.83000183105469,34.95000076293945,34.83000183105469,34.88999938964844,308039,0.0,0.0
2023-11-24 09:30:00-05:00,34.91999816894531,34.9900016784668,34.76499938964844,34.810001373291016,119506,0.0,0.0
2023-11-24 10:30:00-05:00,34.814998626708984,34.875,34.685001373291016,34.790000915527344,103882,0.0,0.0
2023-11-24 11:30:00-05:00,34.79999923706055,34.83000183105469,34.71500015258789,34.7400016784668,91030,0.0,0.0
2023-11-27 09:30:00-05:00,34.84000015258789,34.880001068115234,34.540000915527344,34.76499938964844,98657,0.0,0.0
2023-11-27 10:30:00-05:00,34.77000045776367,34.900001525878906,34.67499923706055,34.869998931884766,75605,0.0,0.0
2023-11-27 11:30:00-05:00,34.864601135253906,34.869998931884766,34.779998779296875,34.790000915527344,78229,0.0,0.0
2023-11-27 12:30:00-05:00,34.79499816894531,34.935001373291016,34.79499816894531,34.92499923706055,77686,0.0,0.0
2023-11-27 13:30:00-05:00,34.93000030517578,34.994998931884766,34.900001525878906,34.95000076293945,89517,0.0,0.0
2023-11-27 14:30:00-05:00,34.9474983215332,34.98749923706055,34.8849983215332,34.88999938964844,142521,0.0,0.0
2023-11-27 15:30:00-05:00,34.89500045776367,34.95500183105469,34.8650016784668,34.939998626708984,231376,0.0,0.0
2023-11-28 09:30:00-05:00,34.869998931884766,35.349998474121094,34.72999954223633,35.119998931884766,126278,0.0,0.0
2023-11-28 10:30:00-05:00,35.119998931884766,35.220001220703125,35.119998931884766,35.15999984741211,81221,0.0,0.0
2023-11-28 11:30:00-05:00,35.150001525878906,35.25,35.130001068115234,35.17499923706055,65004,0.0,0.0
2023-11-28 12:30:00-05:00,35.16999816894531,35.314998626708984,35.14500045776367,35.290000915527344,61375,0.0,0.0
2023-11-28 13:30:00-05:00,35.29999923706055,35.29999923706055,35.060001373291016,35.08000183105469,77833,0.0,0.0
2023-11-28 14:30:00-05:00,35.08000183105469,35.20000076293945,35.064998626708984,35.185001373291016,116735,0.0,0.0
2023-11-28 15:30:00-05:00,35.185001373291016,35.220001220703125,35.060001373291016,35.060001373291016,214825,0.0,0.0
2023-11-29 09:30:00-05:00,35.130001068115234,35.314998626708984,35.040000915527344,35.16999816894531,127266,0.0,0.0
2023-11-29 10:30:00-05:00,35.165000915527344,35.19499969482422,34.97999954223633,35.029998779296875,99204,0.0,0.0
2023-11-29 11:30:00-05:00,35.029998779296875,35.099998474121094,34.95000076293945,34.97999954223633,98526,0.0,0.0
2023-11-29 12:30:00-05:00,34.97999954223633,35.03499984741211,34.959999084472656,35.02000045776367,81497,0.0,0.0
2023-11-29 13:30:00-05:00,35.025001525878906,35.029998779296875,34.869998931884766,34.91999816894531,79061,0.0,0.0
2023-11-29 14:30:00-05:00,34.915000915527344,34.93000030517578,34.744998931884766,34.779998779296875,134474,0.0,0.0
2023-11-29 15:30:00-05:00,34.779998779296875,34.810001373291016,34.69499969482422,34.79999923706055,266843,0.0,0.0
2023-11-30 09:30:00-05:00,34.900001525878906,34.900001525878906,34.66999816894531,34.79999923706055,103720,0.0,0.0
2023-11-30 10:30:00-05:00,34.81999969482422,35.08000183105469,34.77000045776367,35.0099983215332,81071,0.0,0.0
2023-11-30 11:30:00-05:00,35.0099983215332,35.04999923706055,34.93000030517578,34.974998474121094,80514,0.0,0.0
2023-11-30 12:30:00-05:00,34.970001220703125,35.15999984741211,34.970001220703125,35.125,65363,0.0,0.0
2023-11-30 13:30:00-05:00,35.130001068115234,35.16999816894531,35.005001068115234,35.025001525878906,73743,0.0,0.0
2023-11-30 14:30:00-05:00,35.040000915527344,35.1349983215332,35.01499938964844,35.040000915527344,109155,0.0,0.0
2023-11-30 15:30:00-05:00,35.029998779296875,35.099998474121094,35.02000045776367,35.02000045776367,460479,0.0,0.0
2023-12-01 09:30:00-05:00,35.040000915527344,35.209999084472656,34.90999984741211,34.9900016784668,101151,0.0,0.0
2023-12-01 10:30:00-05:00,34.974998474121094,35.15999984741211,34.974998474121094,35.15999984741211,222482,0.0,0.0
2023-12-01 11:30:00-05:00,35.150001525878906,35.33000183105469,35.099998474121094,35.27000045776367,117531,0.0,0.0
2023-12-01 12:30:00-05:00,35.26499938964844,35.39500045776367,35.224998474121094,35.29499816894531,104882,0.0,0.0
2023-12-01 13:30:00-05:00,35.290000915527344,35.375,35.279998779296875,35.36000061035156,111791,0.0,0.0
2023-12-01 14:30:00-05:00,35.369998931884766,35.38999938964844,35.28499984741211,35.36000061035156,123079,0.0,0.0
2023-12-01 15:30:00-05:00,35.3650016784668,35.529998779296875,35.3650016784668,35.4900016784668,318039,0.0,0.0
2023-12-04 09:30:00-05:00,35.27000045776367,35.525001525878906,35.27000045776367,35.45500183105469,89532,0.0,0.0
2023-12-04 10:30:00-05:00,35.45000076293945,35.72999954223633,35.45000076293945,35.57500076293945,366136,0.0,0.0
2023-12-04 11:30:00-05:00,35.56999969482422,35.67499923706055,35.5,35.64500045776367,118920,0.0,0.0
2023-12-04 12:30:00-05:00,35.650001525878906,35.650001525878906,35.54999923706055,35.57500076293945,96169,0.0,0.0
2023-12-04 13:30:00-05:00,35.56999969482422,35.68000030517578,35.5099983215332,35.619998931884766,222714,0.0,0.0
2023-12-04 14:30:00-05:00,35.625,35.717498779296875,35.599998474121094,35.64500045776367,224416,0.0,0.0
2023-12-04 15:30:00-05:00,35.650001525878906,35.650001525878906,35.540000915527344,35.56999969482422,318859,0.0,0.0
2023-12-05 09:30:00-05:00,35.4900016784668,35.560001373291016,35.25,35.35499954223633,139455,0.0,0.0
2023-12-05 10:30:00-05:00,35.380001068115234,35.38999938964844,35.25,35.349998474121094,82953,0.0,0.0
2023-12-05 11:30:00-05:00,35.36000061035156,35.400001525878906,35.255001068115234,35.290000915527344,79847,0.0,0.0
2023-12-05 12:30:00-05:00,35.29999923706055,35.30500030517578,35.16999816894531,35.2400016784668,87270,0.0,0.0
2023-12-05 13:30:00-05:00,35.2400016784668,35.244998931884766,35.099998474121094,35.165000915527344,115497,0.0,0.0
2023-12-05 14:30:00-05:00,35.16999816894531,35.369998931884766,35.14500045776367,35.334999084472656,220079,0.0,0.0
2023-12-05 15:30:00-05:00,35.34000015258789,35.38999938964844,35.220001220703125,35.22999954223633,396854,0.0,0.0
2023-12-06 09:30:00-05:00,35.40999984741211,35.494998931884766,35.279998779296875,35.459999084472656,116022,0.0,0.0
2023-12-06 10:30:00-05:00,35.46500015258789,35.52000045776367,35.415000915527344,35.415000915527344,105431,0.0,0.0
2023-12-06 11:30:00-05:00,35.400001525878906,35.435001373291016,35.279998779296875,35.369998931884766,75603,0.0,0.0
2023-12-06 12:30:00-05:00,35.369998931884766,35.439998626708984,35.334999084472656,35.439998626708984,80279,0.0,0.0
2023-12-06 13:30:00-05:00,35.439998626708984,35.52000045776367,35.43000030517578,35.45000076293945,84717,0.0,0.0
2023-12-06 14:30:00-05:00,35.45500183105469,35.494998931884766,35.41999816894531,35.470001220703125,138426,0.0,0.0
2023-12-06 15:30:00-05:00,35.474998474121094,35.68000030517578,35.474998474121094,35.630001068115234,268839,0.0,0.0
2023-12-07 09:30:00-05:00,35.75,35.790000915527344,35.5,35.724998474121094,88838,0.0,0.0
2023-12-07 10:30:00-05:00,35.72999954223633,35.814998626708984,35.673301696777344,35.69499969482422,101531,0.0,0.0
2023-12-07 11:30:00-05:00,35.689998626708984,35.720001220703125,35.60499954223633,35.650001525878906,89570,0.0,0.0
2023-12-07 12:30:00-05:00,35.650001525878906,35.720001220703125,35.584999084472656,35.63999938964844,55455,0.0,0.0
2023-12-07 13:30:00-05:00,35.63999938964844,35.71500015258789,35.584999084472656,35.71500015258789,139624,0.0,0.0
2023-12-07 14:30:00-05:00,35.70500183105469,35.709999084472656,35.540000915527344,35.560001373291016,99060,0.0,0.0
2023-12-07 15:30:00-05:00,35.560001373291016,35.599998474121094,35.505001068115234,35.58000183105469,173615,0.0,0.0
2023-12-08 09:30:00-05:00,35.4900016784668,35.5099983215332,35.22999954223633,35.26499938964844,109793,0.0,0.0
2023-12-08 10:30:00-05:00,35.2599983215332,35.29499816894531,35.060001373291016,35.13999938964844,108881,0.0,0.0
2023-12-08 11:30:00-05:00,35.150001525878906,35.165000915527344,35.095001220703125,35.130001068115234,81591,0.0,0.0
2023-12-08 12:30:00-05:00,35.130001068115234,35.16999816894531,35.08610153198242,35.13999938964844,80581,0.0,0.0
2023-12-08 13:30:00-05:00,35.150001525878906,35.20000076293945,35.0525016784668,35.119998931884766,93446,0.0,0.0
2023-12-08 14:30:00-05:00,35.119998931884766,35.19499969482422,35.09000015258789,35.19499969482422,130114,0.0,0.0
2023-12-08 15:30:00-05:00,35.189998626708984,35.27000045776367,35.165000915527344,35.18000030517578,221742,0.0,0.0
2023-12-11 09:30:00-05:00,34.97999954223633,35.154998779296875,34.88999938964844,35.154998779296875,114918,0.0,0.0
2023-12-11 10:30:00-05:00,35.154998779296875,35.404998779296875,35.06999969482422,35.404998779296875,86139,0.0,0.0
2023-12-11 11:30:00-05:00,35.400001525878906,35.505001068115234,35.34000015258789,35.349998474121094,165271,0.0,0.0
2023-12-11 12:30:00-05:00,35.34000015258789,35.435001373291016,35.33000183105469,35.4197998046875,78311,0.0,0.0
2023-12-11 13:30:00-05:00,35.415000915527344,35.46500015258789,35.345001220703125,35.36000061035156,90174,0.0,0.0
2023-12-11 14:30:00-05:00,35.3650016784668,35.375,35.275001525878906,35.345001220703125,109259,0.0,0.0
2023-12-11 15:30:00-05:00,35.349998474121094,35.43000030517578,35.32500076293945,35.400001525878906,200392,0.0,0.0
2023-12-12 09:30:00-05:00,35.459999084472656,35.529998779296875,35.0099983215332,35.220001220703125,131122,0.0,0.0
2023-12-12 10:30:00-05:00,35.23500061035156,35.30500030517578,35.119998931884766,35.19499969482422,106145,0.0,0.0
2023-12-12 11:30:00-05:00,35.189998626708984,35.33000183105469,35.119998931884766,35.32500076293945,119031,0.0,0.0
2023-12-12 12:30:00-05:00,35.32500076293945,35.375,35.250999450683594,35.345001220703125,95886,0.0,0.0
2023-12-12 13:30:00-05:00,35.349998474121094,35.3650016784668,35.29499816894531,35.32500076293945,102467,0.0,0.0
2023-12-12 14:30:00-05:00,35.33000183105469,35.334999084472656,35.22999954223633,35.279998779296875,115936,0.0,0.0
2023-12-12 15:30:00-05:00,35.275001525878906,35.369998931884766,35.275001525878906,35.34000015258789,358869,0.0,0.0
2023-12-13 09:30:00-05:00,35.2400016784668,35.52000045776367,35.220001220703125,35.52000045776367,95901,0.0,0.0
2023-12-13 10:30:00-05:00,35.52000045776367,35.6349983215332,35.5,35.56999969482422,55557,0.0,0.0
2023-12-13 11:30:00-05:00,35.56999969482422,35.630001068115234,35.540000915527344,35.54999923706055,67966,0.0,0.0
2023-12-13 12:30:00-05:00,35.560001373291016,35.64500045776367,35.55500030517578,35.630001068115234,84429,0.0,0.0
2023-12-13 13:30:00-05:00,35.63999938964844,35.939998626708984,35.61000061035156,35.93000030517578,109904,0.0,0.0
2023-12-13 14:30:00-05:00,35.939998626708984,36.400001525878906,35.90999984741211,36.400001525878906,138178,0.0,0.0
2023-12-13 15:30:00-05:00,36.39500045776367,36.59000015258789,36.39500045776367,36.59000015258789,271361,0.0,0.0
2023-12-14 09:30:00-05:00,36.790000915527344,36.93000030517578,36.619998931884766,36.89500045776367,202188,0.0,0.0
2023-12-14 10:30:00-05:00,36.900001525878906,36.900001525878906,36.53499984741211,36.53499984741211,133629,0.0,0.0
2023-12-14 11:30:00-05:00,36.529998779296875,36.71500015258789,36.47999954223633,36.689998626708984,115331,0.0,0.0
2023-12-14 12:30:00-05:00,36.689998626708984,36.720001220703125,36.279998779296875,36.365699768066406,187808,0.0,0.0
2023-12-14 13:30:00-05:00,36.33000183105469,36.41999816894531,36.209999084472656,36.290000915527344,112877,0.0,0.0
2023-12-14 14:30:00-05:00,36.27000045776367,36.29999923706055,36.17499923706055,36.220001220703125,187791,0.0,0.0
2023-12-14 15:30:00-05:00,36.22999954223633,36.310001373291016,36.1150016784668,36.255001068115234,506551,0.0,0.0
2023-12-15 09:30:00-05:00,36.099998474121094,36.11000061035156,35.58000183105469,35.81999969482422,267726,0.0,0.0
2023-12-15 10:30:00-05:00,35.79999923706055,35.939998626708984,35.65999984741211,35.665000915527344,399871,0.0,0.0
2023-12-15 11:30:00-05:00,35.64500045776367,35.72990036010742,35.5,35.56999969482422,108651,0.0,0.0
2023-12-15 12:30:00-05:00,35.58000183105469,35.63999938964844,35.45500183105469,35.560001373291016,145698,0.0,0.0
2023-12-15 13:30:00-05:00,35.564998626708984,35.65999984741211,35.415000915527344,35.45000076293945,362323,0.0,0.0
2023-12-15 14:30:00-05:00,35.45500183105469,35.560001373291016,35.439998626708984,35.494998931884766,461762,0.0,0.0
2023-12-15 15:30:00-05:00,35.494998931884766,35.54999923706055,35.29499816894531,35.5099983215332,280132,0.0,0.0
2023-12-18 09:30:00-05:00,35.63999938964844,35.77000045776367,35.40999984741211,35.459999084472656,124946,0.0,0.0
2023-12-18 10:30:00-05:00,35.42499923706055,35.59000015258789,35.38999938964844,35.51499938964844,178571,0.0,0.0
2023-12-18 11:30:00-05:00,35.51499938964844,35.57500076293945,35.43000030517578,35.54999923706055,96943,0.0,0.0
2023-12-18 12:30:00-05:00,35.54999923706055,35.560001373291016,35.41999816894531,35.470001220703125,77459,0.0,0.0
2023-12-18 13:30:00-05:00,35.462501525878906,35.494998931884766,35.38999938964844,35.48500061035156,109959,0.0,0.0
2023-12-18 14:30:00-05:00,35.48500061035156,35.5099983215332,35.38999938964844,35.40999984741211,110100,0.0,0.0
2023-12-18 15:30:00-05:00,35.40999984741211,35.474998474121094,35.372501373291016,35.380001068115234,115260,0.0,0.0
2023-12-19 09:30:00-05:00,35.5,35.59000015258789,35.36000061035156,35.43000030517578,118706,0.0,0.0
2023-12-19 10:30:00-05:00,35.43000030517578,35.66999816894531,35.40999984741211,35.525001525878906,475103,0.0,0.0
2023-12-19 11:30:00-05:00,35.52000045776367,35.689998626708984,35.470001220703125,35.66999816894531,108493,0.0,0.0
2023-12-19 12:30:00-05:00,35.67499923706055,35.790000915527344,35.599998474121094,35.709999084472656,329280,0.0,0.0
2023-12-19 13:30:00-05:00,35.70000076293945,35.71500015258789,35.619998931884766,35.625,108073,0.0,0.0
2023-12-19 14:30:00-05:00,35.625,35.810001373291016,35.595001220703125,35.79499816894531,413912,0.0,0.0
2023-12-19 15:30:00-05:00,35.790000915527344,35.80500030517578,35.66999816894531,35.70000076293945,383340,0.0,0.0
2023-12-20 09:30:00-05:00,35.709999084472656,35.77000045776367,35.45000076293945,35.494998931884766,342997,0.0,0.0
2023-12-20 10:30:00-05:00,35.5099983215332,35.65679931640625,35.5099983215332,35.57500076293945,96026,0.0,0.0
2023-12-20 11:30:00-05:00,35.57749938964844,35.595001220703125,35.435001373291016,35.459999084472656,229484,0.0,0.0
2023-12-20 12:30:00-05:00,35.45500183105469,35.595001220703125,35.45500183105469,35.525001525878906,130679,0.0,0.0
2023-12-20 13:30:00-05:00,35.525001525878906,35.55500030517578,35.44499969482422,35.494998931884766,153780,0.0,0.0
2023-12-20 14:30:00-05:00,35.494998931884766,35.51499938964844,35.209999084472656,35.220001220703125,192966,0.0,0.0
2023-12-20 15:30:00-05:00,35.220001220703125,35.2400016784668,34.810001373291016,34.810001373291016,275585,0.0,0.0
2023-12-21 09:30:00-05:00,34.90999984741211,35.349998474121094,34.82500076293945,35.22999954223633,497495,0.0,0.0
2023-12-21 10:30:00-05:00,35.209999084472656,35.29999923706055,35.04999923706055,35.119998931884766,115747,0.0,0.0
2023-12-21 11:30:00-05:00,35.1150016784668,35.1150016784668,34.939998626708984,34.9900016784668,327038,0.0,0.0
2023-12-21 12:30:00-05:00,34.9900016784668,35.02159881591797,34.880001068115234,34.90999984741211,106012,0.0,0.0
2023-12-21 13:30:00-05:00,34.91999816894531,34.939998626708984,34.85499954223633,34.93000030517578,79899,0.0,0.0
2023-12-21 14:30:00-05:00,34.91999816894531,34.935001373291016,34.83000183105469,34.880001068115234,126457,0.0,0.0
2023-12-21 15:30:00-05:00,34.880001068115234,35.0,34.875,34.939998626708984,230376,0.0,0.0
2023-12-22 09:30:00-05:00,35.13999938964844,35.45000076293945,35.119998931884766,35.27000045776367,86576,0.0,0.0
2023-12-22 10:30:00-05:00,35.279998779296875,35.35499954223633,35.20000076293945,35.290000915527344,87617,0.0,0.0
2023-12-22 11:30:00-05:00,35.29999923706055,35.32500076293945,35.17499923706055,35.22999954223633,50887,0.0,0.0
2023-12-22 12:30:00-05:00,35.23500061035156,35.29999923706055,35.19499969482422,35.29999923706055,97951,0.0,0.0
2023-12-22 13:30:00-05:00,35.29999923706055,35.314998626708984,35.06999969482422,35.06999969482422,105158,0.0,0.0
2023-12-22 14:30:00-05:00,35.06999969482422,35.19499969482422,35.040000915527344,35.14500045776367,87115,0.0,0.0
2023-12-22 15:30:00-05:00,35.150001525878906,35.150001525878906,35.029998779296875,35.04999923706055,157036,0.0,0.0
2023-12-26 09:30:00-05:00,35.0,35.18989944458008,34.95000076293945,35.130001068115234,108058,0.0,0.0
2023-12-26 10:30:00-05:00,35.119998931884766,35.160099029541016,35.060001373291016,35.099998474121094,79586,0.0,0.0
2023-12-26 11:30:00-05:00,35.10100173950195,35.109798431396484,35.03379821777344,35.04499816894531,111733,0.0,0.0
2023-12-26 12:30:00-05:00,35.04499816894531,35.165000915527344,35.03499984741211,35.1349983215332,184997,0.0,0.0
2023-12-26 13:30:00-05:00,35.132999420166016,35.154998779296875,35.095001220703125,35.119998931884766,59672,0.0,0.0
2023-12-26 14:30:00-05:00,35.125,35.20000076293945,35.111000061035156,35.13999938964844,100094,0.0,0.0
2023-12-26 15:30:00-05:00,35.139801025390625,35.165000915527344,34.970001220703125,34.970001220703125,202974,0.0,0.0
2023-12-27 09:30:00-05:00,34.959999084472656,35.03499984741211,34.81999969482422,34.90999984741211,140498,0.0,0.0
2023-12-27 10:30:00-05:00,34.915000915527344,34.96500015258789,34.8224983215332,34.869998931884766,83769,0.0,0.0
2023-12-27 11:30:00-05:00,34.869998931884766,34.95000076293945,34.849998474121094,34.880001068115234,108225,0.0,0.0
2023-12-27 12:30:00-05:00,34.880001068115234,34.959999084472656,34.814998626708984,34.89500045776367,93920,0.0,0.0
2023-12-27 13:30:00-05:00,34.89500045776367,34.900001525878906,34.68000030517578,34.7400016784668,111722,0.0,0.0
2023-12-27 14:30:00-05:00,34.7400016784668,34.77000045776367,34.689998626708984,34.71500015258789,128335,0.0,0.0
2023-12-27 15:30:00-05:00,34.709999084472656,34.790000915527344,34.65250015258789,34.75,284484,0.0,0.0
2023-12-28 09:30:00-05:00,34.630001068115234,34.974998474121094,34.630001068115234,34.935001373291016,99916,0.0,0.0
2023-12-28 10:30:00-05:00,34.935001373291016,34.98500061035156,34.849998474121094,34.869998931884766,96876,0.0,0.0
2023-12-28 11:30:00-05:00,34.8650016784668,34.95000076293945,34.80500030517578,34.935001373291016,81915,0.0,0.0
2023-12-28 12:30:00-05:00,34.92499923706055,34.939998626708984,34.85499954223633,34.880001068115234,82964,0.0,0.0
2023-12-28 13:30:00-05:00,34.88999938964844,34.94499969482422,34.875,34.94499969482422,97190,0.0,0.0
2023-12-28 14:30:00-05:00,34.94499969482422,34.97999954223633,34.88999938964844,34.90999984741211,138362,0.0,0.0
2023-12-28 15:30:00-05:00,34.91999816894531,34.97999954223633,34.88999938964844,34.935001373291016,290610,0.0,0.0
2023-12-29 09:30:00-05:00,34.790000915527344,34.88999938964844,34.744998931884766,34.810001373291016,158501,0.0,0.0
2023-12-29 10:30:00-05:00,34.810001373291016,34.915000915527344,34.7599983215332,34.775001525878906,199948,0.0,0.0
2023-12-29 11:30:00-05:00,34.77000045776367,34.790000915527344,34.599998474121094,34.68000030517578,123085,0.0,0.0
2023-12-29 12:30:00-05:00,34.68870162963867,34.7599983215332,34.65999984741211,34.6875,96225,0.0,0.0
2023-12-29 13:30:00-05:00,34.6875,34.790000915527344,34.669700622558594,34.75,94152,0.0,0.0
2023-12-29 14:30:00-05:00,34.7599983215332,34.869998931884766,34.73500061035156,34.8650016784668,184608,0.0,0.0
2023-12-29 15:30:00-05:00,34.86000061035156,34.970001220703125,34.83000183105469,34.91999816894531,344951,0.0,0.0
2024-01-02 09:30:00-05:00,34.93000030517578,35.380001068115234,34.75,35.369998931884766,173987,0.0,0.0
2024-01-02 10:30:00-05:00,35.349998474121094,35.39500045776367,35.209999084472656,35.209999084472656,133624,0.0,0.0
2024-01-02 11:30:00-05:00,35.209999084472656,35.314998626708984,35.14500045776367,35.290000915527344,132915,0.0,0.0
2024-01-02 12:30:00-05:00,35.29499816894531,35.39500045776367,35.27000045776367,35.345001220703125,156892,0.0,0.0
2024-01-02 13:30:00-05:00,35.349998474121094,35.375,35.29999923706055,35.33000183105469,131882,0.0,0.0
2024-01-02 14:30:00-05:00,35.33000183105469,35.349998474121094,35.244998931884766,35.26499938964844,194799,0.0,0.0
2024-01-02 15:30:00-05:00,35.255001068115234,35.44499969482422,35.23500061035156,35.404998779296875,429049,0.0,0.0
2024-01-03 09:30:00-05:00,35.36000061035156,35.650001525878906,35.18000030517578,35.59000015258789,305535,0.0,0.0
2024-01-03 10:30:00-05:00,35.595001220703125,35.63999938964844,35.47999954223633,35.53499984741211,216712,0.0,0.0
2024-01-03 11:30:00-05:00,35.540000915527344,35.59000015258789,35.494998931884766,35.52000045776367,119176,0.0,0.0
2024-01-03 12:30:00-05:00,35.529998779296875,35.560001373291016,35.494998931884766,35.54499816894531,91558,0.0,0.0
2024-01-03 13:30:00-05:00,35.540000915527344,35.70500183105469,35.494998931884766,35.689998626708984,140032,0.0,0.0
2024-01-03 14:30:00-05:00,35.69499969482422,35.7056999206543,35.45000076293945,35.470001220703125,169651,0.0,0.0
2024-01-03 15:30:00-05:00,35.470001220703125,35.599998474121094,35.44499969482422,35.57500076293945,253691,0.0,0.0
2024-01-04 09:30:00-05:00,35.529998779296875,35.93769836425781,35.529998779296875,35.889801025390625,183885,0.0,0.0
2024-01-04 10:30:00-05:00,35.900001525878906,35.98500061035156,35.849998474121094,35.974998474121094,108030,0.0,0.0
2024-01-04 11:30:00-05:00,35.98500061035156,35.989898681640625,35.8650016784668,35.88999938964844,149049,0.0,0.0
2024-01-04 12:30:00-05:00,35.880001068115234,35.880001068115234,35.7400016784668,35.7400016784668,77054,0.0,0.0
2024-01-04 13:30:00-05:00,35.7400016784668,35.775001525878906,35.65999984741211,35.755001068115234,81011,0.0,0.0
2024-01-04 14:30:00-05:00,35.75,35.80500030517578,35.70500183105469,35.73500061035156,162327,0.0,0.0
2024-01-04 15:30:00-05:00,35.73500061035156,35.79499816894531,35.67499923706055,35.72999954223633,285007,0.0,0.0
2024-01-05 09:30:00-05:00,35.2400016784668,35.69499969482422,35.08000183105469,35.599998474121094,294145,0.0,0.0
2024-01-05 10:30:00-05:00,35.61000061035156,35.80500030517578,35.59000015258789,35.63999938964844,244700,0.0,0.0
2024-01-05 11:30:00-05:00,35.63999938964844,35.63999938964844,35.369998931884766,35.435001373291016,164638,0.0,0.0
2024-01-05 12:30:00-05:00,35.43000030517578,35.45000076293945,35.26499938964844,35.33000183105469,119059,0.0,0.0
2024-01-05 13:30:00-05:00,35.33000183105469,35.45000076293945,35.290000915527344,35.400001525878906,131320,0.0,0.0
2024-01-05 14:30:00-05:00,35.400001525878906,35.42499923706055,35.29499816894531,35.34000015258789,148024,0.0,0.0
2024-01-05 15:30:00-05:00,35.33140182495117,35.52000045776367,35.30500030517578,35.5099983215332,522263,0.0,0.0
2024-01-08 09:30:00-05:00,35.47999954223633,35.5099983215332,35.30500030517578,35.435001373291016,160120,0.0,0.0
2024-01-08 10:30:00-05:00,35.439998626708984,35.5099983215332,35.39500045776367,35.4994010925293,107265,0.0,0.0
2024-01-08 11:30:00-05:00,35.4900016784668,35.60499954223633,35.43000030517578,35.51499938964844,102995,0.0,0.0
2024-01-08 12:30:00-05:00,35.5,35.505001068115234,35.3849983215332,35.3849983215332,84658,0.0,0.0
2024-01-08 13:30:00-05:00,35.38600158691406,35.400001525878906,35.27000045776367,35.35499954223633,135999,0.0,0.0
2024-01-08 14:30:00-05:00,35.36000061035156,35.46500015258789,35.350101470947266,35.415000915527344,140324,0.0,0.0
2024-01-08 15:30:00-05:00,35.415000915527344,35.5,35.400001525878906,35.459999084472656,327192,0.0,0.0
2024-01-09 09:30:00-05:00,35.34000015258789,35.42499923706055,35.06999969482422,35.40999984741211,140592,0.0,0.0
2024-01-09 10:30:00-05:00,35.404998779296875,35.474998474121094,35.369998931884766,35.42499923706055,94903,0.0,0.0
2024-01-09 11:30:00-05:00,35.43000030517578,35.494998931884766,35.400001525878906,35.46500015258789,82293,0.0,0.0
2024-01-09 12:30:00-05:00,35.470001220703125,35.5,35.380001068115234,35.400001525878906,71910,0.0,0.0
2024-01-09 13:30:00-05:00,35.40999984741211,35.459999084472656,35.32500076293945,35.400001525878906,108045,0.0,0.0
2024-01-09 14:30:00-05:00,35.400001525878906,35.459999084472656,35.34000015258789,35.39500045776367,139359,0.0,0.0
2024-01-09 15:30:00-05:00,35.38999938964844,35.470001220703125,35.3650016784668,35.43000030517578,307625,0.0,0.0
2024-01-10 09:30:00-05:00,35.380001068115234,35.380001068115234,35.13999938964844,35.255001068115234,278419,0.0,0.0
2024-01-10 10:30:00-05:00,35.25,35.32500076293945,35.23500061035156,35.29999923706055,154532,0.0,0.0
2024-01-10 11:30:00-05:00,35.29999923706055,35.41999816894531,35.25,35.3849983215332,167164,0.0,0.0
2024-01-10 12:30:00-05:00,35.3849983215332,35.4900016784668,35.369998931884766,35.46500015258789,126202,0.0,0.0
2024-01-10 13:30:00-05:00,35.46500015258789,35.5,35.40999984741211,35.4900016784668,113490,0.0,0.0
2024-01-10 14:30:00-05:00,35.48500061035156,35.540000915527344,35.439998626708984,35.45000076293945,147770,0.0,0.0
2024-01-10 15:30:00-05:00,35.45500183105469,35.51499938964844,35.400001525878906,35.45000076293945,334299,0.0,0.0
2024-01-11 09:30:00-05:00,35.27000045776367,35.380001068115234,34.52000045776367,34.52000045776367,209714,0.0,0.0
2024-01-11 10:30:00-05:00,34.529998779296875,34.67499923706055,34.439998626708984,34.4900016784668,165060,0.0,0.0
2024-01-11 11:30:00-05:00,34.5,34.54499816894531,34.45000076293945,34.47999954223633,116447,0.0,0.0
2024-01-11 12:30:00-05:00,34.46500015258789,34.54499816894531,34.42499923706055,34.46500015258789,132840,0.0,0.0
2024-01-11 13:30:00-05:00,34.46500015258789,34.505001068115234,34.3849983215332,34.474998474121094,114722,0.0,0.0
2024-01-11 14:30:00-05:00,34.46500015258789,34.5099983215332,34.26499938964844,34.28499984741211,192884,0.0,0.0
2024-01-11 15:30:00-05:00,34.279998779296875,34.29999923706055,34.20000076293945,34.2599983215332,288038,0.0,0.0
2024-01-12 09:30:00-05:00,34.4900016784668,34.599998474121094,34.220001220703125,34.275001525878906,141300,0.0,0.0
2024-01-12 10:30:00-05:00,34.28499984741211,34.41999816894531,34.209999084472656,34.41999816894531,99231,0.0,0.0
2024-01-12 11:30:00-05:00,34.43000030517578,34.45500183105469,34.29499816894531,34.45000076293945,114593,0.0,0.0
2024-01-12 12:30:00-05:00,34.439998626708984,34.44499969482422,34.36000061035156,34.41999816894531,78028,0.0,0.0
2024-01-12 13:30:00-05:00,34.42499923706055,34.43000030517578,34.334999084472656,34.380001068115234,89311,0.0,0.0
2024-01-12 14:30:00-05:00,34.3849983215332,34.3849983215332,34.21500015258789,34.244998931884766,136380,0.0,0.0
2024-01-12 15:30:00-05:00,34.25,34.369998931884766,34.23500061035156,34.349998474121094,313000,0.0,0.0
2024-01-16 09:30:00-05:00,34.0,34.220001220703125,33.779998779296875,33.834999084472656,295663,0.0,0.0
2024-01-16 10:30:00-05:00,33.83000183105469,33.919898986816406,33.66999816894531,33.85499954223633,330199,0.0,0.0
2024-01-16 11:30:00-05:00,33.85499954223633,33.974998474121094,33.84000015258789,33.86000061035156,172337,0.0,0.0
2024-01-16 12:30:00-05:00,33.849998474121094,33.89500045776367,33.81010055541992,33.869998931884766,166049,0.0,0.0
2024-01-16 13:30:00-05:00,33.875,33.8849983215332,33.650001525878906,33.650001525878906,172334,0.0,0.0
2024-01-16 14:30:00-05:00,33.64500045776367,33.66999816894531,33.459999084472656,33.52899932861328,259173,0.0,0.0
2024-01-16 15:30:00-05:00,33.525001525878906,33.630001068115234,33.474998474121094,33.599998474121094,548174,0.0,0.0
2024-01-17 09:30:00-05:00,33.34000015258789,33.755001068115234,33.2400016784668,33.540000915527344,168111,0.0,0.0
2024-01-17 10:30:00-05:00,33.540000915527344,33.54999923706055,33.22999954223633,33.22999954223633,201761,0.0,0.0
2024-01-17 11:30:00-05:00,33.22999954223633,33.29999923706055,33.04499816894531,33.08000183105469,176874,0.0,0.0
2024-01-17 12:30:00-05:00,33.09000015258789,33.150001525878906,32.97999954223633,32.98500061035156,163017,0.0,0.0
2024-01-17 13:30:00-05:00,32.9900016784668,33.220001220703125,32.9900016784668,33.16999816894531,241786,0.0,0.0
2024-01-17 14:30:00-05:00,33.16999816894531,33.20000076293945,33.08000183105469,33.125,163363,0.0,0.0
2024-01-17 15:30:00-05:00,33.130001068115234,33.27000045776367,33.11000061035156,33.22999954223633,379165,0.0,0.0
2024-01-18 09:30:00-05:00,33.08000183105469,33.11000061035156,32.900001525878906,32.95500183105469,218640,0.0,0.0
2024-01-18 10:30:00-05:00,32.96500015258789,33.040000915527344,32.834999084472656,32.959999084472656,175239,0.0,0.0
2024-01-18 11:30:00-05:00,32.95000076293945,32.98500061035156,32.900001525878906,32.91999816894531,118279,0.0,0.0
2024-01-18 12:30:00-05:00,32.90999984741211,32.95500183105469,32.875,32.95000076293945,104395,0.0,0.0
2024-01-18 13:30:00-05:00,32.939998626708984,33.029998779296875,32.92499923706055,32.95500183105469,149940,0.0,0.0
2024-01-18 14:30:00-05:00,32.959999084472656,33.005001068115234,32.86000061035156,33.0,189275,0.0,0.0
2024-01-18 15:30:00-05:00,33.0,33.09000015258789,32.98500061035156,33.09000015258789,373288,0.0,0.0
2024-01-19 09:30:00-05:00,33.22999954223633,33.310001373291016,32.869998931884766,32.994998931884766,179310,0.0,0.0
2024-01-19 10:30:00-05:00,32.9900016784668,33.06999969482422,32.959999084472656,33.04499816894531,184611,0.0,0.0
2024-01-19 11:30:00-05:00,33.04999923706055,33.05500030517578,32.8849983215332,33.0,155668,0.0,0.0
2024-01-19 12:30:00-05:00,32.994998931884766,33.06999969482422,32.904998779296875,33.05500030517578,117558,0.0,0.0
2024-01-19 13:30:00-05:00,33.060001373291016,33.20000076293945,33.03499984741211,33.16299819946289,121073,0.0,0.0
2024-01-19 14:30:00-05:00,33.16999816894531,33.185001373291016,33.09000015258789,33.1349983215332,152753,0.0,0.0
2024-01-19 15:30:00-05:00,33.13999938964844,33.15999984741211,33.095001220703125,33.15999984741211,353858,0.0,0.0
2024-01-22 09:30:00-05:00,33.18000030517578,33.33000183105469,33.005001068115234,33.099998474121094,145053,0.0,0.0
2024-01-22 10:30:00-05:00,33.099998474121094,33.14500045776367,32.80500030517578,32.80500030517578,173464,0.0,0.0
2024-01-22 11:30:00-05:00,32.80500030517578,32.81999969482422,32.64500045776367,32.73500061035156,138190,0.0,0.0
2024-01-22 12:30:00-05:00,32.73500061035156,32.7599983215332,32.6349983215332,32.66999816894531,112539,0.0,0.0
2024-01-22 13:30:00-05:00,32.68000030517578,32.70000076293945,32.619998931884766,32.685001373291016,172794,0.0,0.0
2024-01-22 14:30:00-05:00,32.685001373291016,32.810001373291016,32.65999984741211,32.75,213705,0.0,0.0
2024-01-22 15:30:00-05:00,32.75,32.779998779296875,32.66999816894531,32.73099899291992,344460,0.0,0.0
2024-01-23 09:30:00-05:00,32.849998474121094,33.0,32.71500015258789,32.88999938964844,133481,0.0,0.0
2024-01-23 10:30:00-05:00,32.8849983215332,32.8849983215332,32.775001525878906,32.869998931884766,100843,0.0,0.0
2024-01-23 11:30:00-05:00,32.880001068115234,33.0099983215332,32.880001068115234,32.92499923706055,232871,0.0,0.0
2024-01-23 12:30:00-05:00,32.92499923706055,33.0,32.92499923706055,32.94990158081055,139575,0.0,0.0
2024-01-23 13:30:00-05:00,32.94499969482422,32.97999954223633,32.875,32.96500015258789,135249,0.0,0.0
2024-01-23 14:30:00-05:00,32.96500015258789,33.025001525878906,32.935001373291016,32.95500183105469,176853,0.0,0.0
2024-01-23 15:30:00-05:00,32.95500183105469,32.97999954223633,32.91999816894531,32.91999816894531,407146,0.0,0.0
2024-01-24 09:30:00-05:00,33.150001525878906,33.290000915527344,32.82500076293945,32.84000015258789,206148,0.0,0.0
2024-01-24 10:30:00-05:00,32.834999084472656,32.84000015258789,32.6349983215332,32.689998626708984,190161,0.0,0.0
2024-01-24 11:30:00-05:00,32.68000030517578,32.720001220703125,32.41999816894531,32.42499923706055,153973,0.0,0.0
2024-01-24 12:30:00-05:00,32.42499923706055,32.54999923706055,32.35499954223633,32.3849983215332,105904,0.0,0.0
2024-01-24 13:30:00-05:00,32.380001068115234,32.55500030517578,32.334999084472656,32.54999923706055,122624,0.0,0.0
2024-01-24 14:30:00-05:00,32.54999923706055,32.564998626708984,32.39500045776367,32.400001525878906,137856,0.0,0.0
2024-01-24 15:30:00-05:00,32.404998779296875,32.415000915527344,32.279998779296875,32.29999923706055,287904,0.0,0.0
2024-01-25 09:30:00-05:00,32.70000076293945,32.86000061035156,32.54499816894531,32.564998626708984,211151,0.0,0.0
2024-01-25 10:30:00-05:00,32.56999969482422,32.6150016784668,32.39500045776367,32.540000915527344,128693,0.0,0.0
2024-01-25 11:30:00-05:00,32.53499984741211,32.60499954223633,32.50450134277344,32.564998626708984,130459,0.0,0.0
2024-01-25 12:30:00-05:00,32.56999969482422,32.76499938964844,32.529998779296875,32.71500015258789,120852,0.0,0.0
2024-01-25 13:30:00-05:00,32.720001220703125,32.939998626708984,32.720001220703125,32.880001068115234,160520,0.0,0.0
2024-01-25 14:30:00-05:00,32.8849983215332,32.904998779296875,32.814998626708984,32.89500045776367,206682,0.0,0.0
2024-01-25 15:30:00-05:00,32.89500045776367,32.970001220703125,32.869998931884766,32.959999084472656,341571,0.0,0.0
2024-01-26 09:30:00-05:00,33.029998779296875,33.189998626708984,32.95000076293945,33.028900146484375,215244,0.0,0.0
2024-01-26 10:30:00-05:00,33.025001525878906,33.125,32.93000030517578,32.959999084472656,174841,0.0,0.0
2024-01-26 11:30:00-05:00,32.959999084472656,32.96500015258789,32.80500030517578,32.849998474121094,103638,0.0,0.0
2024-01-26 12:30:00-05:00,32.84000015258789,32.85499954223633,32.71500015258789,32.77000045776367,113630,0.0,0.0
2024-01-26 13:30:00-05:00,32.775001525878906,32.81999969482422,32.75210189819336,32.755001068115234,122277,0.0,0.0
2024-01-26 14:30:00-05:00,32.75979995727539,32.85499954223633,32.755001068115234,32.80500030517578,183543,0.0,0.0
2024-01-26 15:30:00-05:00,32.80500030517578,32.88999938964844,32.80500030517578,32.88999938964844,309062,0.0,0.0
2024-01-29 09:30:00-05:00,32.9900016784668,32.9900016784668,32.75,32.7599983215332,267622,0.0,0.0
2024-01-29 10:30:00-05:00,32.75,32.95000076293945,32.73500061035156,32.939998626708984,103614,0.0,0.0
2024-01-29 11:30:00-05:00,32.94499969482422,33.04499816894531,32.93000030517578,32.974998474121094,110497,0.0,0.0
2024-01-29 12:30:00-05:00,32.974998474121094,33.029998779296875,32.95000076293945,33.005001068115234,90359,0.0,0.0
2024-01-29 13:30:00-05:00,33.0,33.0,32.93000030517578,32.96500015258789,115921,0.0,0.0
2024-01-29 14:30:00-05:00,32.96500015258789,33.279998779296875,32.959999084472656,33.23500061035156,195205,0.0,0.0
2024-01-29 15:30:00-05:00,33.22999954223633,33.27000045776367,33.16999816894531,33.27000045776367,338330,0.0,0.0
2024-01-30 09:30:00-05:00,33.27000045776367,33.27000045776367,32.92499923706055,32.92499923706055,149970,0.0,0.0
2024-01-30 10:30:00-05:00,32.91999816894531,33.10499954223633,32.915000915527344,33.095001220703125,135773,0.0,0.0
2024-01-30 11:30:00-05:00,33.099998474121094,33.244998931884766,33.084999084472656,33.18000030517578,96432,0.0,0.0
2024-01-30 12:30:00-05:00,33.18000030517578,33.185001373291016,33.10499954223633,33.154998779296875,79981,0.0,0.0
2024-01-30 13:30:00-05:00,33.15999984741211,33.41999816894531,33.1349983215332,33.404998779296875,108718,0.0,0.0
2024-01-30 14:30:00-05:00,33.404998779296875,33.40999984741211,33.150001525878906,33.165000915527344,200176,0.0,0.0
2024-01-30 15:30:00-05:00,33.165000915527344,33.18000030517578,33.099998474121094,33.119998931884766,355758,0.0,0.0
2024-01-31 09:30:00-05:00,33.38999938964844,33.560001373291016,33.22999954223633,33.54999923706055,331184,0.0,0.0
2024-01-31 10:30:00-05:00,33.54999923706055,33.650001525878906,33.52000045776367,33.525001525878906,172388,0.0,0.0
2024-01-31 11:30:00-05:00,33.525001525878906,33.579898834228516,33.470001220703125,33.54499816894531,129306,0.0,0.0
2024-01-31 12:30:00-05:00,33.55500030517578,33.595001220703125,33.439998626708984,33.4900016784668,149222,0.0,0.0
2024-01-31 13:30:00-05:00,33.494998931884766,33.540000915527344,33.31999969482422,33.342498779296875,222937,0.0,0.0
2024-01-31 14:30:00-05:00,33.34000015258789,33.540000915527344,33.02000045776367,33.130001068115234,313783,0.0,0.0
2024-01-31 15:30:00-05:00,33.125,33.33000183105469,33.119998931884766,33.22999954223633,407511,0.0,0.0
2024-02-01 09:30:00-05:00,32.959999084472656,33.220001220703125,32.95000076293945,33.209999084472656,159920,0.0,0.0
2024-02-01 10:30:00-05:00,33.209999084472656,33.36520004272461,33.19499969482422,33.310001373291016,193069,0.0,0.0
2024-02-01 11:30:00-05:00,33.310001373291016,33.650001525878906,33.310001373291016,33.57500076293945,186117,0.0,0.0
2024-02-01 12:30:00-05:00,33.58000183105469,33.689998626708984,33.53499984741211,33.65599822998047,95145,0.0,0.0
2024-02-01 13:30:00-05:00,33.66999816894531,33.7400016784668,33.63999938964844,33.64500045776367,97487,0.0,0.0
2024-02-01 14:30:00-05:00,33.64500045776367,33.709999084472656,33.60499954223633,33.709999084472656,125217,0.0,0.0
2024-02-01 15:30:00-05:00,33.720001220703125,33.880001068115234,33.69499969482422,33.880001068115234,263172,0.0,0.0
2024-02-02 09:30:00-05:00,33.45000076293945,33.470001220703125,33.029998779296875,33.220001220703125,163869,0.0,0.0
2024-02-02 10:30:00-05:00,33.22999954223633,33.314998626708984,33.15999984741211,33.279998779296875,142403,0.0,0.0
2024-02-02 11:30:00-05:00,33.29999923706055,33.31999969482422,33.04999923706055,33.130001068115234,118059,0.0,0.0
2024-02-02 12:30:00-05:00,33.119998931884766,33.27000045776367,33.040000915527344,33.224998474121094,132479,0.0,0.0
2024-02-02 13:30:00-05:00,33.22999954223633,33.38999938964844,33.220001220703125,33.380001068115234,116273,0.0,0.0
2024-02-02 14:30:00-05:00,33.39500045776367,33.60499954223633,33.38999938964844,33.60499954223633,170007,0.0,0.0
2024-02-02 15:30:00-05:00,33.599998474121094,33.599998474121094,33.27000045776367,33.310001373291016,327078,0.0,0.0
2024-02-05 09:30:00-05:00,32.970001220703125,33.04999923706055,32.595001220703125,32.71500015258789,162690,0.0,0.0
2024-02-05 10:30:00-05:00,32.720001220703125,32.83000183105469,32.689998626708984,32.81999969482422,135309,0.0,0.0
2024-02-05 11:30:00-05:00,32.82500076293945,32.83000183105469,32.72999954223633,32.75,76283,0.0,0.0
2024-02-05 12:30:00-05:00,32.744998931884766,32.779998779296875,32.685001373291016,32.720001220703125,105432,0.0,0.0
2024-02-05 13:30:00-05:00,32.720001220703125,32.775001525878906,32.685001373291016,32.7400016784668,125225,0.0,0.0
2024-02-05 14:30:00-05:00,32.73500061035156,32.8849983215332,32.73500061035156,32.875,133147,0.0,0.0
2024-02-05 15:30:00-05:00,32.880001068115234,32.98500061035156,32.63999938964844,32.63999938964844,272879,0.0,0.0
2024-02-06 09:30:00-05:00,32.630001068115234,32.70500183105469,32.52000045776367,32.61000061035156,112283,0.0,0.0
2024-02-06 10:30:00-05:00,32.630001068115234,32.709999084472656,32.599998474121094,32.650001525878906,69680,0.0,0.0
2024-02-06 11:30:00-05:00,32.65999984741211,32.75,32.599998474121094,32.7400016784668,89291,0.0,0.0
2024-02-06 12:30:00-05:00,32.7400016784668,32.7599983215332,32.6265983581543,32.654998779296875,58975,0.0,0.0
2024-02-06 13:30:00-05:00,32.654998779296875,32.685001373291016,32.54999923706055,32.59000015258789,143550,0.0,0.0
2024-02-06 14:30:00-05:00,32.58000183105469,32.64500045776367,32.5,32.60499954223633,132401,0.0,0.0
2024-02-06 15:30:00-05:00,32.60499954223633,32.70000076293945,32.57500076293945,32.59000015258789,253588,0.0,0.0
2024-02-07 09:30:00-05:00,32.779998779296875,32.85900115966797,32.41999816894531,32.56999969482422,180814,0.0,0.0
2024-02-07 10:30:00-05:00,32.58000183105469,32.59000015258789,32.46500015258789,32.5,82944,0.0,0.0
2024-02-07 11:30:00-05:00,32.4900016784668,32.57500076293945,32.4900016784668,32.51499938964844,70936,0.0,0.0
2024-02-07 12:30:00-05:00,32.51499938964844,32.599998474121094,32.505001068115234,32.560001373291016,89161,0.0,0.0
2024-02-07 13:30:00-05:00,32.560001373291016,32.630001068115234,32.53499984741211,32.59299850463867,92056,0.0,0.0
2024-02-07 14:30:00-05:00,32.599998474121094,32.685001373291016,32.57500076293945,32.595001220703125,131796,0.0,0.0
2024-02-07 15:30:00-05:00,32.595001220703125,32.689998626708984,32.58000183105469,32.66999816894531,244445,0.0,0.0
2024-02-08 09:30:00-05:00,32.5,32.59000015258789,32.400001525878906,32.59000015258789,95371,0.0,0.0
2024-02-08 10:30:00-05:00,32.58000183105469,32.58000183105469,32.25,32.2599983215332,136659,0.0,0.0
2024-02-08 11:30:00-05:00,32.25,32.29999923706055,32.220001220703125,32.26499938964844,93051,0.0,0.0
2024-02-08 12:30:00-05:00,32.26499938964844,32.349998474121094,32.22999954223633,32.27000045776367,123661,0.0,0.0
2024-02-08 13:30:00-05:00,32.2599983215332,32.3650016784668,32.220001220703125,32.33000183105469,98916,0.0,0.0
2024-02-08 14:30:00-05:00,32.34000015258789,32.35499954223633,32.244998931884766,32.32500076293945,130010,0.0,0.0
2024-02-08 15:30:00-05:00,32.31999969482422,32.470001220703125,32.314998626708984,32.470001220703125,273318,0.0,0.0
2024-02-09 09:30:00-05:00,32.310001373291016,32.61000061035156,32.279998779296875,32.47999954223633,138640,0.0,0.0
2024-02-09 10:30:00-05:00,32.470001220703125,32.5099983215332,32.45000076293945,32.47999954223633,79898,0.0,0.0
2024-02-09 11:30:00-05:00,32.48500061035156,32.55500030517578,32.45000076293945,32.540000915527344,75035,0.0,0.0
2024-02-09 12:30:00-05:00,32.54499816894531,32.599998474121094,32.5099983215332,32.59000015258789,49186,0.0,0.0
2024-02-09 13:30:00-05:00,32.595001220703125,32.599998474121094,32.51499938964844,32.55500030517578,53500,0.0,0.0
2024-02-09 14:30:00-05:00,32.560001373291016,32.630001068115234,32.54999923706055,32.599998474121094,110852,0.0,0.0
2024-02-09 15:30:00-05:00,32.59000015258789,32.689998626708984,32.564998626708984,32.65999984741211,290573,0.0,0.0
2024-02-12 09:30:00-05:00,32.68000030517578,32.77000045776367,32.58000183105469,32.654998779296875,171521,0.0,0.0
2024-02-12 10:30:00-05:00,32.65999984741211,32.665000915527344,32.5,32.665000915527344,134375,0.0,0.0
2024-02-12 11:30:00-05:00,32.665000915527344,32.755001068115234,32.650001525878906,32.750999450683594,133959,0.0,0.0
2024-02-12 12:30:00-05:00,32.75,32.834999084472656,32.709999084472656,32.814998626708984,140081,0.0,0.0
2024-02-12 13:30:00-05:00,32.810001373291016,32.92499923706055,32.80500030517578,32.88999938964844,228563,0.0,0.0
2024-02-12 14:30:00-05:00,32.88999938964844,32.93000030517578,32.76100158691406,32.790000915527344,144341,0.0,0.0
2024-02-12 15:30:00-05:00,32.790000915527344,32.939998626708984,32.779998779296875,32.900001525878906,208976,0.0,0.0
2024-02-13 09:30:00-05:00,32.58000183105469,32.91999816894531,32.23979949951172,32.33000183105469,258638,0.0,0.0
2024-02-13 10:30:00-05:00,32.310001373291016,32.310001373291016,32.060001373291016,32.22999954223633,218469,0.0,0.0
2024-02-13 11:30:00-05:00,32.22999954223633,32.310001373291016,32.22999954223633,32.275001525878906,97472,0.0,0.0
2024-02-13 12:30:00-05:00,32.279998779296875,32.38999938964844,32.2599983215332,32.349998474121094,94241,0.0,0.0
2024-02-13 13:30:00-05:00,32.34000015258789,32.345001220703125,32.244998931884766,32.2599983215332,174004,0.0,0.0
2024-02-13 14:30:00-05:00,32.25,32.29999923706055,32.189998626708984,32.26499938964844,196827,0.0,0.0
2024-02-13 15:30:00-05:00,32.26499938964844,32.345001220703125,32.25,32.310001373291016,344341,0.0,0.0
2024-02-14 09:30:00-05:00,32.310001373291016,32.400001525878906,32.095001220703125,32.15599822998047,130513,0.0,0.0
2024-02-14 10:30:00-05:00,32.145999908447266,32.35499954223633,32.14500045776367,32.33000183105469,119364,0.0,0.0
2024-02-14 11:30:00-05:00,32.33000183105469,32.345001220703125,32.154998779296875,32.224998474121094,155875,0.0,0.0
2024-02-14 12:30:00-05:00,32.224998474121094,32.40999984741211,32.19499969482422,32.38999938964844,128464,0.0,0.0
2024-02-14 13:30:00-05:00,32.38999938964844,32.439998626708984,32.28499984741211,32.400001525878906,132279,0.0,0.0
2024-02-14 14:30:00-05:00,32.400001525878906,32.4900016784668,32.375,32.474998474121094,176297,0.0,0.0
2024-02-14 15:30:00-05:00,32.47999954223633,32.47999954223633,32.38999938964844,32.439998626708984,303236,0.0,0.0
2024-02-15 09:30:00-05:00,32.4900016784668,32.974998474121094,32.4900016784668,32.94879913330078,157886,0.0,0.0
2024-02-15 10:30:00-05:00,32.88999938964844,32.90999984741211,32.65999984741211,32.665000915527344,91269,0.0,0.0
2024-02-15 11:30:00-05:00,32.665000915527344,32.83000183105469,32.665000915527344,32.79999923706055,84208,0.0,0.0
2024-02-15 12:30:00-05:00,32.80500030517578,32.88999938964844,32.7599983215332,32.88999938964844,75532,0.0,0.0
2024-02-15 13:30:00-05:00,32.88999938964844,32.959999084472656,32.790000915527344,32.95500183105469,103135,0.0,0.0
2024-02-15 14:30:00-05:00,32.95000076293945,33.0,32.900001525878906,32.939998626708984,214796,0.0,0.0
2024-02-15 15:30:00-05:00,32.935001373291016,32.94499969482422,32.845001220703125,32.90999984741211,260697,0.0,0.0
2024-02-16 09:30:00-05:00,32.83000183105469,32.970001220703125,32.58000183105469,32.93000030517578,240832,0.0,0.0
2024-02-16 10:30:00-05:00,32.91999816894531,33.099998474121094,32.869998931884766,33.08000183105469,122943,0.0,0.0
2024-02-16 11:30:00-05:00,33.07500076293945,33.099998474121094,32.994998931884766,33.01499938964844,107733,0.0,0.0
2024-02-16 12:30:00-05:00,33.02000045776367,33.10499954223633,32.970001220703125,33.095001220703125,80193,0.0,0.0
2024-02-16 13:30:00-05:00,33.095001220703125,33.1150016784668,33.040000915527344,33.10499954223633,105920,0.0,0.0
2024-02-16 14:30:00-05:00,33.10499954223633,33.11000061035156,32.9900016784668,33.04499816894531,136014,0.0,0.0
2024-02-16 15:30:00-05:00,33.04999923706055,33.099998474121094,32.970001220703125,33.0,238660,0.0,0.0
2024-02-20 09:30:00-05:00,32.869998931884766,33.345001220703125,32.86000061035156,33.279998779296875,217074,0.0,0.0
2024-02-20 10:30:00-05:00,33.290000915527344,33.31999969482422,33.07500076293945,33.099998474121094,144903,0.0,0.0
2024-02-20 11:30:00-05:00,33.11000061035156,33.119998931884766,32.994998931884766,33.005001068115234,106727,0.0,0.0
2024-02-20 12:30:00-05:00,33.0,33.084999084472656,32.9900016784668,33.03499984741211,117708,0.0,0.0
2024-02-20 13:30:00-05:00,33.029998779296875,33.06999969482422,32.95500183105469,33.005001068115234,102651,0.0,0.0
2024-02-20 14:30:00-05:00,33.0,33.064998626708984,32.94499969482422,33.060001373291016,200763,0.0,0.0
2024-02-20 15:30:00-05:00,33.060001373291016,33.060001373291016,32.904998779296875,32.939998626708984,350510,0.0,0.0
2024-02-21 09:30:00-05:00,33.529998779296875,34.30500030517578,33.29999923706055,34.209999084472656,601648,0.0,0.0
2024-02-21 10:30:00-05:00,34.20000076293945,34.244998931884766,33.95000076293945,34.060001373291016,275813,0.0,0.0
2024-02-21 11:30:00-05:00,34.05500030517578,34.23500061035156,34.0099983215332,34.040000915527344,238023,0.0,0.0
2024-02-21 12:30:00-05:00,34.040000915527344,34.040000915527344,33.85499954223633,33.915000915527344,195273,0.0,0.0
2024-02-21 13:30:00-05:00,33.915000915527344,33.91999816894531,33.709999084472656,33.76499938964844,258335,0.0,0.0
2024-02-21 14:30:00-05:00,33.76499938964844,33.83000183105469,33.52000045776367,33.564998626708984,331888,0.0,0.0
2024-02-21 15:30:00-05:00,33.560001373291016,33.599998474121094,33.439998626708984,33.599998474121094,785688,0.0,0.0
2024-02-22 09:30:00-05:00,33.209999084472656,33.22999954223633,32.599998474121094,32.81999969482422,408103,0.0,0.0
2024-02-22 10:30:00-05:00,32.810001373291016,33.060001373291016,32.77000045776367,33.0099983215332,221718,0.0,0.0
2024-02-22 11:30:00-05:00,33.0099983215332,33.220001220703125,33.0099983215332,33.20500183105469,122887,0.0,0.0
2024-02-22 12:30:00-05:00,33.20500183105469,33.29499816894531,33.1349983215332,33.29499816894531,132658,0.0,0.0
2024-02-22 13:30:00-05:00,33.290000915527344,33.32500076293945,33.25,33.275001525878906,149509,0.0,0.0
2024-02-22 14:30:00-05:00,33.275001525878906,33.275001525878906,33.154998779296875,33.19499969482422,195745,0.0,0.0
2024-02-22 15:30:00-05:00,33.20000076293945,33.2400016784668,33.12099838256836,33.22999954223633,399405,0.0,0.0
2024-02-23 09:30:00-05:00,33.22999954223633,33.5099983215332,33.099998474121094,33.48500061035156,273154,0.0,0.0
2024-02-23 10:30:00-05:00,33.4900016784668,33.51499938964844,33.375,33.39500045776367,169242,0.0,0.0
2024-02-23 11:30:00-05:00,33.400001525878906,33.44499969482422,33.35499954223633,33.369998931884766,136118,0.0,0.0
2024-02-23 12:30:00-05:00,33.3650016784668,33.380001068115234,33.29499816894531,33.380001068115234,133755,0.0,0.0
2024-02-23 13:30:00-05:00,33.380001068115234,33.400001525878906,33.34000015258789,33.38999938964844,153352,0.0,0.0
2024-02-23 14:30:00-05:00,33.38999938964844,33.45000076293945,33.375,33.41999816894531,214580,0.0,0.0
2024-02-23 15:30:00-05:00,33.41999816894531,33.4900016784668,33.375,33.47999954223633,556001,0.0,0.0
2024-02-26 09:30:00-05:00,33.2599983215332,33.375,32.970001220703125,33.0,176988,0.0,0.0
2024-02-26 10:30:00-05:00,33.0,33.125,32.9900016784668,33.025001525878906,126267,0.0,0.0
2024-02-26 11:30:00-05:00,33.029998779296875,33.11000061035156,32.959999084472656,33.07500076293945,113912,0.0,0.0
2024-02-26 12:30:00-05:00,33.07400131225586,33.07400131225586,32.95000076293945,32.969398498535156,95556,0.0,0.0
2024-02-26 13:30:00-05:00,32.970001220703125,32.97999954223633,32.779998779296875,32.834999084472656,118729,0.0,0.0
2024-02-26 14:30:00-05:00,32.83000183105469,32.974998474121094,32.82500076293945,32.915000915527344,133903,0.0,0.0
2024-02-26 15:30:00-05:00,32.915000915527344,32.970001220703125,32.810001373291016,32.81999969482422,301591,0.0,0.0
2024-02-27 09:30:00-05:00,33.0099983215332,33.09000015258789,32.79999923706055,33.060001373291016,221668,0.0,0.0
2024-02-27 10:30:00-05:00,33.060001373291016,33.165000915527344,33.02450180053711,33.15999984741211,98288,0.0,0.0
2024-02-27 11:30:00-05:00,33.150001525878906,33.189998626708984,33.08000183105469,33.08000183105469,82336,0.0,0.0
2024-02-27 12:30:00-05:00,33.084999084472656,33.255001068115234,33.08000183105469,33.209999084472656,65737,0.0,0.0
2024-02-27 13:30:00-05:00,33.20500183105469,33.224998474121094,33.16999816894531,33.20000076293945,78788,0.0,0.0
2024-02-27 14:30:00-05:00,33.19499969482422,33.255001068115234,33.13999938964844,33.13999938964844,123268,0.0,0.0
2024-02-27 15:30:00-05:00,33.130001068115234,33.310001373291016,33.119998931884766,33.25,256223,0.0,0.0
2024-02-28 09:30:00-05:00,33.13999938964844,33.439998626708984,33.04560089111328,33.38869857788086,156101,0.0,0.0
2024-02-28 10:30:00-05:00,33.38999938964844,33.439998626708984,33.220001220703125,33.2400016784668,89386,0.0,0.0
2024-02-28 11:30:00-05:00,33.2400016784668,33.279998779296875,33.189998626708984,33.189998626708984,73628,0.0,0.0
2024-02-28 12:30:00-05:00,33.189998626708984,33.244998931884766,33.13999938964844,33.2400016784668,93044,0.0,0.0
2024-02-28 13:30:00-05:00,33.24399948120117,33.27000045776367,33.209999084472656,33.209999084472656,103303,0.0,0.0
2024-02-28 14:30:00-05:00,33.18470001220703,33.209999084472656,33.13999938964844,33.150001525878906,109148,0.0,0.0
2024-02-28 15:30:00-05:00,33.13999938964844,33.18000030517578,33.09000015258789,33.11000061035156,221758,0.0,0.0
2024-02-29 09:30:00-05:00,33.310001373291016,33.4900016784668,33.09000015258789,33.22999954223633,115540,0.0,0.0
2024-02-29 10:30:00-05:00,33.220001220703125,33.22999954223633,33.040000915527344,33.04499816894531,278087,0.0,0.0
2024-02-29 11:30:00-05:00,33.040000915527344,33.060001373291016,32.95000076293945,32.959999084472656,170188,0.0,0.0
2024-02-29 12:30:00-05:00,32.970001220703125,33.064998626708984,32.95000076293945,33.060001373291016,161232,0.0,0.0
2024-02-29 13:30:00-05:00,33.05500030517578,33.13999938964844,32.9900016784668,33.02000045776367,167696,0.0,0.0
2024-02-29 14:30:00-05:00,33.01499938964844,33.04999923706055,32.93000030517578,33.0,178927,0.0,0.0
2024-02-29 15:30:00-05:00,33.005001068115234,33.04999923706055,32.88999938964844,32.88999938964844,370959,0.0,0.0
2024-03-01 09:30:00-05:00,32.86000061035156,32.875,32.516998291015625,32.85499954223633,240886,0.0,0.0
2024-03-01 10:30:00-05:00,32.86000061035156,33.005001068115234,32.7599983215332,32.76499938964844,149974,0.0,0.0
2024-03-01 11:30:00-05:00,32.7599983215332,32.875,32.73500061035156,32.834999084472656,190498,0.0,0.0
2024-03-01 12:30:00-05:00,32.83599853515625,32.90999984741211,32.76499938964844,32.900001525878906,140304,0.0,0.0
2024-03-01 13:30:00-05:00,32.904998779296875,32.935001373291016,32.814998626708984,32.935001373291016,134322,0.0,0.0
2024-03-01 14:30:00-05:00,32.935001373291016,33.040000915527344,32.8849983215332,32.900001525878906,197522,0.0,0.0
2024-03-01 15:30:00-05:00,32.89500045776367,32.935001373291016,32.775001525878906,32.84000015258789,437418,0.0,0.0
2024-03-04 09:30:00-05:00,32.75,32.98500061035156,32.75,32.95000076293945,149824,0.0,0.0
2024-03-04 10:30:00-05:00,32.959999084472656,33.20000076293945,32.904998779296875,33.125,106929,0.0,0.0
2024-03-04 11:30:00-05:00,33.125,33.22999954223633,33.119998931884766,33.224998474121094,122424,0.0,0.0
2024-03-04 12:30:00-05:00,33.224998474121094,33.26499938964844,33.18000030517578,33.209999084472656,107037,0.0,0.0
2024-03-04 13:30:00-05:00,33.209999084472656,33.28499984741211,33.16999816894531,33.28499984741211,102146,0.0,0.0
2024-03-04 14:30:00-05:00,33.290000915527344,33.435001373291016,33.2599983215332,33.43000030517578,145331,0.0,0.0
2024-03-04 15:30:00-05:00,33.43000030517578,33.595001220703125,33.41999816894531,33.529998779296875,281379,0.0,0.0
2024-03-05 09:30:00-05:00,33.68000030517578,33.9900016784668,33.439998626708984,33.94499969482422,176027,0.0,0.0
2024-03-05 10:30:00-05:00,33.95000076293945,34.029998779296875,33.731201171875,33.79999923706055,105217,0.0,0.0
2024-03-05 11:30:00-05:00,33.79999923706055,33.84000015258789,33.560001373291016,33.56999969482422,148463,0.0,0.0
2024-03-05 12:30:00-05:00,33.56999969482422,33.76499938964844,33.56399917602539,33.76300048828125,131190,0.0,0.0
2024-03-05 13:30:00-05:00,33.7599983215332,33.77000045776367,33.619998931884766,33.720001220703125,97180,0.0,0.0
2024-03-05 14:30:00-05:00,33.720001220703125,33.720001220703125,33.470001220703125,33.470001220703125,113979,0.0,0.0
2024-03-05 15:30:00-05:00,33.470001220703125,33.619998931884766,33.44499969482422,33.60499954223633,250968,0.0,0.0
2024-03-06 09:30:00-05:00,33.880001068115234,34.040000915527344,33.7400016784668,33.91999816894531,118256,0.0,0.0
2024-03-06 10:30:00-05:00,33.90999984741211,34.02000045776367,33.849998474121094,33.994998931884766,71836,0.0,0.0
2024-03-06 11:30:00-05:00,33.989898681640625,34.025001525878906,33.90999984741211,33.97999954223633,74743,0.0,0.0
2024-03-06 12:30:00-05:00,33.97999954223633,34.060001373291016,33.959999084472656,34.02000045776367,57300,0.0,0.0
2024-03-06 13:30:00-05:00,34.029998779296875,34.029998779296875,33.775001525878906,33.83000183105469,79526,0.0,0.0
2024-03-06 14:30:00-05:00,33.825199127197266,33.90999984741211,33.77000045776367,33.880001068115234,142343,0.0,0.0
2024-03-06 15:30:00-05:00,33.880001068115234,33.95000076293945,33.86000061035156,33.900001525878906,176622,0.0,0.0
2024-03-07 09:30:00-05:00,34.20000076293945,34.290000915527344,33.90999984741211,34.099998474121094,158420,0.0,0.0
2024-03-07 10:30:00-05:00,34.10499954223633,34.185001373291016,34.060001373291016,34.09000015258789,124379,0.0,0.0
2024-03-07 11:30:00-05:00,34.08000183105469,34.16600036621094,34.01499938964844,34.05500030517578,90045,0.0,0.0
2024-03-07 12:30:00-05:00,34.060001373291016,34.099998474121094,34.01499938964844,34.03499984741211,95608,0.0,0.0
2024-03-07 13:30:00-05:00,34.040000915527344,34.04499816894531,33.94499969482422,33.974998474121094,64578,0.0,0.0
2024-03-07 14:30:00-05:00,33.97999954223633,34.10499954223633,33.94499969482422,34.099998474121094,128700,0.0,0.0
2024-03-07 15:30:00-05:00,34.099998474121094,34.130001068115234,34.060001373291016,34.1150016784668,226782,0.0,0.0
2024-03-08 09:30:00-05:00,34.13999938964844,34.25,33.68000030517578,33.74660110473633,152689,0.0,0.0
2024-03-08 10:30:00-05:00,33.720001220703125,33.915000915527344,33.665000915527344,33.900001525878906,126868,0.0,0.0
2024-03-08 11:30:00-05:00,33.904998779296875,33.9900016784668,33.79999923706055,33.849998474121094,188455,0.0,0.0
2024-03-08 12:30:00-05:00,33.84000015258789,33.849998474121094,33.775001525878906,33.80500030517578,474262,0.0,0.0
2024-03-08 13:30:00-05:00,33.80500030517578,33.959999084472656,33.75400161743164,33.904998779296875,191172,0.0,0.0
2024-03-08 14:30:00-05:00,33.90999984741211,34.0099983215332,33.849998474121094,33.869998931884766,166445,0.0,0.0
2024-03-08 15:30:00-05:00,33.869998931884766,33.900001525878906,33.775001525878906,33.849998474121094,292977,0.0,0.0
2024-03-11 09:30:00-04:00,33.849998474121094,34.13999938964844,33.810001373291016,33.95000076293945,238893,0.0,0.0
2024-03-11 10:30:00-04:00,33.939998626708984,33.959999084472656,33.84000015258789,33.95500183105469,129338,0.0,0.0
2024-03-11 11:30:00-04:00,33.95000076293945,34.0099983215332,33.93000030517578,33.939998626708984,108184,0.0,0.0
2024-03-11 12:30:00-04:00,33.939998626708984,34.060001373291016,33.939998626708984,34.01499938964844,105781,0.0,0.0
2024-03-11 13:30:00-04:00,34.0099983215332,34.03499984741211,33.96500015258789,33.994998931884766,146668,0.0,0.0
2024-03-11 14:30:00-04:00,34.0,34.060001373291016,33.96500015258789,34.005001068115234,177447,0.0,0.0
2024-03-11 15:30:00-04:00,34.0,34.13999938964844,33.959999084472656,34.130001068115234,360662,0.0,0.0
2024-03-12 09:30:00-04:00,33.939998626708984,34.11000061035156,33.828800201416016,34.06999969482422,111044,0.0,0.0
2024-03-12 10:30:00-04:00,34.07500076293945,34.10499954223633,33.939998626708984,33.95000076293945,103141,0.0,0.0
2024-03-12 11:30:00-04:00,33.939998626708984,33.959999084472656,33.709999084472656,33.709999084472656,87373,0.0,0.0
2024-03-12 12:30:00-04:00,33.709999084472656,33.709999084472656,33.560001373291016,33.64500045776367,89586,0.0,0.0
2024-03-12 13:30:00-04:00,33.63999938964844,33.75,33.6150016784668,33.75,124977,0.0,0.0
2024-03-12 14:30:00-04:00,33.75,33.91999816894531,33.747501373291016,33.91999816894531,134117,0.0,0.0
2024-03-12 15:30:00-04:00,33.915000915527344,33.91999816894531,33.78499984741211,33.810001373291016,279615,0.0,0.0
2024-03-13 09:30:00-04:00,33.970001220703125,34.290000915527344,33.970001220703125,34.11000061035156,160195,0.0,0.0
2024-03-13 10:30:00-04:00,34.119998931884766,34.16999816894531,34.005001068115234,34.060001373291016,168106,0.0,0.0
2024-03-13 11:30:00-04:00,34.060001373291016,34.060001373291016,33.904998779296875,33.95000076293945,146455,0.0,0.0
2024-03-13 12:30:00-04:00,33.95000076293945,34.005001068115234,33.845001220703125,34.0,116287,0.0,0.0
2024-03-13 13:30:00-04:00,34.005001068115234,34.005001068115234,33.93000030517578,33.93000030517578,83033,0.0,0.0
2024-03-13 14:30:00-04:00,33.935001373291016,33.994998931884766,33.880001068115234,33.92499923706055,157843,0.0,0.0
2024-03-13 15:30:00-04:00,33.93000030517578,34.04499816894531,33.92499923706055,33.970001220703125,371117,0.0,0.0
2024-03-14 09:30:00-04:00,33.77000045776367,33.970001220703125,33.45000076293945,33.470001220703125,117095,0.0,0.0
2024-03-14 10:30:00-04:00,33.47999954223633,33.529998779296875,33.279998779296875,33.314998626708984,96257,0.0,0.0
2024-03-14 11:30:00-04:00,33.314998626708984,33.5,33.275001525878906,33.43000030517578,136298,0.0,0.0
2024-03-14 12:30:00-04:00,33.41999816894531,33.435001373291016,33.224998474121094,33.244998931884766,97566,0.0,0.0
2024-03-14 13:30:00-04:00,33.2400016784668,33.33000183105469,33.20500183105469,33.26499938964844,93656,0.0,0.0
2024-03-14 14:30:00-04:00,33.2599983215332,33.31999969482422,33.130001068115234,33.18000030517578,155694,0.0,0.0
2024-03-14 15:30:00-04:00,33.18000030517578,33.45000076293945,33.08000183105469,33.44499969482422,428589,0.0,0.0
2024-03-15 09:30:00-04:00,33.2599983215332,33.689998626708984,33.16999816894531,33.650001525878906,300494,0.0,0.0
2024-03-15 10:30:00-04:00,33.63999938964844,33.73500061035156,33.51499938964844,33.54999923706055,113320,0.0,0.0
2024-03-15 11:30:00-04:00,33.54499816894531,33.6150016784668,33.52000045776367,33.56999969482422,105781,0.0,0.0
2024-03-15 12:30:00-04:00,33.579898834228516,33.59000015258789,33.474998474121094,33.58000183105469,71684,0.0,0.0
2024-03-15 13:30:00-04:00,33.56999969482422,33.60499954223633,33.525001525878906,33.599998474121094,85996,0.0,0.0
2024-03-15 14:30:00-04:00,33.60499954223633,33.689998626708984,33.584999084472656,33.66999816894531,158968,0.0,0.0
2024-03-15 15:30:00-04:00,33.66999816894531,33.66999816894531,33.5,33.529998779296875,306392,0.0,0.0
2024-03-18 09:30:00-04:00,33.5,33.744998931884766,33.400001525878906,33.665000915527344,132061,0.0,0.0
2024-03-18 10:30:00-04:00,33.650001525878906,33.69499969482422,33.52000045776367,33.69499969482422,114200,0.0,0.0
2024-03-18 11:30:00-04:00,33.70000076293945,33.744998931884766,33.65999984741211,33.70500183105469,85932,0.0,0.0
2024-03-18 12:30:00-04:00,33.71549987792969,33.779998779296875,33.630001068115234,33.70500183105469,78233,0.0,0.0
2024-03-18 13:30:00-04:00,33.70000076293945,33.790000915527344,33.6349983215332,33.68000030517578,175648,0.0,0.0
2024-03-18 14:30:00-04:00,33.67499923706055,33.75,33.630001068115234,33.685001373291016,246530,0.0,0.0
2024-03-18 15:30:00-04:00,33.685001373291016,33.70000076293945,33.564998626708984,33.66999816894531,326699,0.0,0.0
2024-03-19 09:30:00-04:00,33.790000915527344,34.18000030517578,33.70000076293945,33.83000183105469,152551,0.0,0.0
2024-03-19 10:30:00-04:00,33.84000015258789,33.95000076293945,33.810001373291016,33.900001525878906,94876,0.0,0.0
2024-03-19 11:30:00-04:00,33.904998779296875,33.994998931884766,33.900001525878906,33.974998474121094,77875,0.0,0.0
2024-03-19 12:30:00-04:00,33.97999954223633,34.0099983215332,33.929901123046875,33.94499969482422,72009,0.0,0.0
2024-03-19 13:30:00-04:00,33.94499969482422,34.0099983215332,33.915000915527344,34.0099983215332,100834,0.0,0.0
2024-03-19 14:30:00-04:00,34.0,34.11000061035156,33.96500015258789,34.09000015258789,154634,0.0,0.0
2024-03-19 15:30:00-04:00,34.095001220703125,34.095001220703125,33.95500183105469,34.029998779296875,329423,0.0,0.0
2024-03-20 09:30:00-04:00,33.970001220703125,34.06999969482422,33.849998474121094,34.04499816894531,129472,0.0,0.0
2024-03-20 10:30:00-04:00,34.040000915527344,34.08000183105469,33.85499954223633,33.85499954223633,108811,0.0,0.0
2024-03-20 11:30:00-04:00,33.86000061035156,33.86000061035156,33.77000045776367,33.86000061035156,123475,0.0,0.0
2024-03-20 12:30:00-04:00,33.86000061035156,33.88999938964844,33.60499954223633,33.63999938964844,372543,0.0,0.0
2024-03-20 13:30:00-04:00,33.64500045776367,33.720001220703125,33.38999938964844,33.470001220703125,753248,0.0,0.0
2024-03-20 14:30:00-04:00,33.47999954223633,33.72999954223633,33.369998931884766,33.70899963378906,458892,0.0,0.0
2024-03-20 15:30:00-04:00,33.70000076293945,33.70000076293945,33.435001373291016,33.59000015258789,465663,0.0,0.0
2024-03-21 09:30:00-04:00,33.599998474121094,33.974998474121094,33.599998474121094,33.8650016784668,159057,0.0,0.0
2024-03-21 10:30:00-04:00,33.869998931884766,33.96500015258789,33.75,33.75,113391,0.0,0.0
2024-03-21 11:30:00-04:00,33.7599983215332,33.779998779296875,33.685001373291016,33.70000076293945,81054,0.0,0.0
2024-03-21 12:30:00-04:00,33.70500183105469,33.7599983215332,33.64149856567383,33.755001068115234,93249,0.0,0.0
2024-03-21 13:30:00-04:00,33.75,33.880001068115234,33.72999954223633,33.779998779296875,149507,0.0,0.0
2024-03-21 14:30:00-04:00,33.78499984741211,33.79499816894531,33.68000030517578,33.70500183105469,186982,0.0,0.0
2024-03-21 15:30:00-04:00,33.70500183105469,33.709999084472656,33.560001373291016,33.57500076293945,437610,0.0,0.0
2024-03-22 09:30:00-04:00,33.79999923706055,33.93000030517578,33.71500015258789,33.76499938964844,95544,0.0,0.0
2024-03-22 10:30:00-04:00,33.7599983215332,33.7599983215332,33.66999816894531,33.70500183105469,88790,0.0,0.0
2024-03-22 11:30:00-04:00,33.70500183105469,33.709999084472656,33.6349983215332,33.689998626708984,90115,0.0,0.0
2024-03-22 12:30:00-04:00,33.69499969482422,33.709999084472656,33.584999084472656,33.64500045776367,116739,0.0,0.0
2024-03-22 13:30:00-04:00,33.64500045776367,33.7400016784668,33.630001068115234,33.724998474121094,89333,0.0,0.0
2024-03-22 14:30:00-04:00,33.724998474121094,33.779998779296875,33.70000076293945,33.75,125457,0.0,0.0
2024-03-22 15:30:00-04:00,33.744998931884766,33.80500030517578,33.689998626708984,33.70000076293945,267028,0.0,0.0
2024-03-25 09:30:00-04:00,33.869998931884766,33.961299896240234,33.709999084472656,33.73500061035156,132005,0.0,0.0
2024-03-25 10:30:00-04:00,33.72999954223633,33.849998474121094,33.66999816894531,33.845001220703125,97272,0.0,0.0
2024-03-25 11:30:00-04:00,33.84000015258789,33.849998474121094,33.72999954223633,33.79999923706055,123160,0.0,0.0
2024-03-25 12:30:00-04:00,33.80500030517578,33.81999969482422,33.65999984741211,33.70000076293945,112072,0.0,0.0
2024-03-25 13:30:00-04:00,33.69499969482422,33.779998779296875,33.69499969482422,33.724998474121094,79806,0.0,0.0
2024-03-25 14:30:00-04:00,33.720001220703125,33.75,33.63999938964844,33.665000915527344,120755,0.0,0.0
2024-03-25 15:30:00-04:00,33.66999816894531,33.689998626708984,33.56999969482422,33.66999816894531,252016,0.0,0.0
2024-03-26 09:30:00-04:00,33.65999984741211,33.779998779296875,33.415000915527344,33.494998931884766,237163,0.0,0.0
2024-03-26 10:30:00-04:00,33.4900016784668,33.58000183105469,33.435001373291016,33.46500015258789,129333,0.0,0.0
2024-03-26 11:30:00-04:00,33.459999084472656,33.4900016784668,33.39500045776367,33.459999084472656,140921,0.0,0.0
2024-03-26 12:30:00-04:00,33.45500183105469,33.48500061035156,33.380001068115234,33.39059829711914,145299,0.0,0.0
2024-03-26 13:30:00-04:00,33.39500045776367,33.43000030517578,33.279998779296875,33.28499984741211,129255,0.0,0.0
2024-03-26 14:30:00-04:00,33.279998779296875,33.375,33.25,33.35499954223633,225274,0.0,0.0
2024-03-26 15:30:00-04:00,33.35499954223633,33.459999084472656,33.33000183105469,33.369998931884766,425226,0.0,0.0
2024-03-27 09:30:00-04:00,33.540000915527344,33.935001373291016,33.540000915527344,33.91999816894531,171927,0.0,0.0
2024-03-27 10:30:00-04:00,33.91999816894531,34.040000915527344,33.810001373291016,34.03779983520508,149030,0.0,0.0
2024-03-27 11:30:00-04:00,34.03499984741211,34.060001373291016,33.97999954223633,34.005001068115234,138460,0.0,0.0
2024-03-27 12:30:00-04:00,34.005001068115234,34.084999084472656,33.994998931884766,34.07500076293945,132412,0.0,0.0
2024-03-27 13:30:00-04:00,34.06999969482422,34.130001068115234,33.9900016784668,34.099998474121094,169985,0.0,0.0
2024-03-27 14:30:00-04:00,34.099998474121094,34.154998779296875,34.04499816894531,34.130001068115234,212082,0.0,0.0
2024-03-27 15:30:00-04:00,34.125,34.369998931884766,33.880001068115234,34.33000183105469,947073,0.0,0.0
2024-03-28 09:30:00-04:00,34.310001373291016,34.5099983215332,34.15999984741211,34.22999954223633,198925,0.0,0.0
2024-03-28 10:30:00-04:00,34.23500061035156,34.34000015258789,34.20500183105469,34.26499938964844,150099,0.0,0.0
2024-03-28 11:30:00-04:00,34.26499938964844,34.34000015258789,34.244998931884766,34.27000045776367,92150,0.0,0.0
2024-03-28 12:30:00-04:00,34.27000045776367,34.287498474121094,34.2400016784668,34.255001068115234,89136,0.0,0.0
2024-03-28 13:30:00-04:00,34.25,34.3849983215332,34.22999954223633,34.380001068115234,132132,0.0,0.0
2024-03-28 14:30:00-04:00,34.375,34.45000076293945,34.33000183105469,34.404998779296875,152214,0.0,0.0
2024-03-28 15:30:00-04:00,34.404998779296875,34.415000915527344,34.27000045776367,34.290000915527344,397841,0.0,0.0
2024-04-01 09:30:00-04:00,34.34000015258789,34.38999938964844,33.90999984741211,34.10499954223633,154873,0.0,0.0
2024-04-01 10:30:00-04:00,34.099998474121094,34.27000045776367,34.08000183105469,34.224998474121094,116380,0.0,0.0
2024-04-01 11:30:00-04:00,34.224998474121094,34.22999954223633,34.040000915527344,34.18000030517578,116898,0.0,0.0
2024-04-01 12:30:00-04:00,34.16999816894531,34.33000183105469,34.13999938964844,34.31999969482422,149971,0.0,0.0
2024-04-01 13:30:00-04:00,34.31999969482422,34.349998474121094,34.2400016784668,34.29999923706055,94413,0.0,0.0
2024-04-01 14:30:00-04:00,34.29499816894531,34.38999938964844,34.275001525878906,34.31999969482422,106963,0.0,0.0
2024-04-01 15:30:00-04:00,34.33000183105469,34.39500045776367,34.29499816894531,34.36000061035156,229498,0.0,0.0
2024-04-02 09:30:00-04:00,34.310001373291016,34.689998626708984,34.290000915527344,34.67499923706055,124039,0.0,0.0
2024-04-02 10:30:00-04:00,34.68000030517578,34.70000076293945,34.54999923706055,34.55500030517578,75915,0.0,0.0
2024-04-02 11:30:00-04:00,34.54999923706055,34.67499923706055,34.54999923706055,34.584999084472656,134868,0.0,0.0
2024-04-02 12:30:00-04:00,34.58000183105469,34.61000061035156,34.529998779296875,34.56999969482422,59735,0.0,0.0
2024-04-02 13:30:00-04:00,34.560001373291016,34.59000015258789,34.48500061035156,34.54499816894531,94802,0.0,0.0
2024-04-02 14:30:00-04:00,34.54499816894531,34.560001373291016,34.459999084472656,34.47999954223633,107129,0.0,0.0
2024-04-02 15:30:00-04:00,34.47999954223633,34.58000183105469,34.46500015258789,34.54999923706055,255191,0.0,0.0
2024-04-03 09:30:00-04:00,34.560001373291016,34.619998931884766,34.27000045776367,34.439998626708984,128286,0.0,0.0
2024-04-03 10:30:00-04:00,34.45000076293945,34.47999954223633,34.34120178222656,34.3849983215332,96404,0.0,0.0
2024-04-03 11:30:00-04:00,34.380001068115234,34.48500061035156,34.334999084472656,34.47999954223633,180514,0.0,0.0
2024-04-03 12:30:00-04:00,34.4900016784668,34.494998931884766,34.29499816894531,34.3650016784668,75108,0.0,0.0
2024-04-03 13:30:00-04:00,34.36000061035156,34.380001068115234,34.27000045776367,34.29499816894531,119025,0.0,0.0
2024-04-03 14:30:00-04:00,34.290000915527344,34.33000183105469,34.25,34.314701080322266,252030,0.0,0.0
2024-04-03 15:30:00-04:00,34.31999969482422,34.40999984741211,34.310001373291016,34.349998474121094,426395,0.0,0.0
2024-04-04 09:30:00-04:00,34.630001068115234,34.630001068115234,34.130001068115234,34.220001220703125,210221,0.0,0.0
2024-04-04 10:30:00-04:00,34.220001220703125,34.27000045776367,34.13999938964844,34.23500061035156,125992,0.0,0.0
2024-04-04 11:30:00-04:00,34.224998474121094,34.31999969482422,34.21500015258789,34.2400016784668,130228,0.0,0.0
2024-04-04 12:30:00-04:00,34.23500061035156,34.290000915527344,34.189998626708984,34.244998931884766,135919,0.0,0.0
2024-04-04 13:30:00-04:00,34.2400016784668,34.279998779296875,34.11000061035156,34.1150016784668,193084,0.0,0.0
2024-04-04 14:30:00-04:00,34.1150016784668,34.15999984741211,34.029998779296875,34.05500030517578,237296,0.0,0.0
2024-04-04 15:30:00-04:00,34.060001373291016,34.26499938964844,34.006500244140625,34.209999084472656,457507,0.0,0.0
2024-04-05 09:30:00-04:00,33.5,33.84000015258789,33.459999084472656,33.53499984741211,311345,0.0,0.0
2024-04-05 10:30:00-04:00,33.540000915527344,33.69499969482422,33.529998779296875,33.69499969482422,137142,0.0,0.0
2024-04-05 11:30:00-04:00,33.689998626708984,33.83000183105469,33.65999984741211,33.810001373291016,94249,0.0,0.0
2024-04-05 12:30:00-04:00,33.814998626708984,33.814998626708984,33.599998474121094,33.630001068115234,85672,0.0,0.0
2024-04-05 13:30:00-04:00,33.6349983215332,33.72999954223633,33.595001220703125,33.68000030517578,113422,0.0,0.0
2024-04-05 14:30:00-04:00,33.68000030517578,33.77000045776367,33.599998474121094,33.755001068115234,136153,0.0,0.0
2024-04-05 15:30:00-04:00,33.75,33.79999923706055,33.689998626708984,33.709999084472656,348833,0.0,0.0
2024-04-08 09:30:00-04:00,33.77000045776367,34.0099983215332,33.630001068115234,33.834999084472656,119928,0.0,0.0
2024-04-08 10:30:00-04:00,33.845001220703125,33.93000030517578,33.83000183105469,33.904998779296875,68340,0.0,0.0
2024-04-08 11:30:00-04:00,33.90999984741211,33.98500061035156,33.8849983215332,33.974998474121094,65795,0.0,0.0
2024-04-08 12:30:00-04:00,33.96500015258789,34.029998779296875,33.959999084472656,34.02000045776367,92052,0.0,0.0
2024-04-08 13:30:00-04:00,34.0099983215332,34.11000061035156,34.0,34.07500076293945,108225,0.0,0.0
2024-04-08 14:30:00-04:00,34.07500076293945,34.119998931884766,34.04499816894531,34.05500030517578,115695,0.0,0.0
2024-04-08 15:30:00-04:00,34.04999923706055,34.095001220703125,34.01499938964844,34.029998779296875,232208,0.0,0.0
2024-04-09 09:30:00-04:00,34.15999984741211,34.244998931884766,34.02000045776367,34.16999816894531,136422,0.0,0.0
2024-04-09 10:30:00-04:00,34.165000915527344,34.185001373291016,34.07500076293945,34.130001068115234,75810,0.0,0.0
2024-04-09 11:30:00-04:00,34.130001068115234,34.150001525878906,34.02000045776367,34.08000183105469,63051,0.0,0.0
2024-04-09 12:30:00-04:00,34.084999084472656,34.150001525878906,34.08399963378906,34.130001068115234,53995,0.0,0.0
2024-04-09 13:30:00-04:00,34.1349983215332,34.1775016784668,34.10499954223633,34.150001525878906,105969,0.0,0.0
2024-04-09 14:30:00-04:00,34.14500045776367,34.25,34.130001068115234,34.2400016784668,118657,0.0,0.0
2024-04-09 15:30:00-04:00,34.244998931884766,34.2599983215332,34.17499923706055,34.22999954223633,162515,0.0,0.0
2024-04-10 09:30:00-04:00,33.619998931884766,33.685001373291016,33.1349983215332,33.16999816894531,239838,0.0,0.0
2024-04-10 10:30:00-04:00,33.16999816894531,33.31999969482422,33.13999938964844,33.16999816894531,134496,0.0,0.0
2024-04-10 11:30:00-04:00,33.15999984741211,33.18000030517578,32.98350143432617,33.150001525878906,187498,0.0,0.0
2024-04-10 12:30:00-04:00,33.13999938964844,33.167999267578125,33.0,33.079898834228516,154873,0.0,0.0
2024-04-10 13:30:00-04:00,33.06999969482422,33.16999816894531,32.959999084472656,33.040000915527344,161644,0.0,0.0
2024-04-10 14:30:00-04:00,33.029998779296875,33.13999938964844,32.9900016784668,33.119998931884766,185539,0.0,0.0
2024-04-10 15:30:00-04:00,33.1150016784668,33.16999816894531,33.029998779296875,33.06999969482422,410731,0.0,0.0
2024-04-11 09:30:00-04:00,33.29999923706055,33.29999923706055,32.86000061035156,32.86000061035156,141315,0.0,0.0
2024-04-11 10:30:00-04:00,32.86000061035156,32.900001525878906,32.78499984741211,32.849998474121094,113696,0.0,0.0
2024-04-11 11:30:00-04:00,32.845001220703125,33.04999923706055,32.810001373291016,33.0099983215332,94874,0.0,0.0
2024-04-11 12:30:00-04:00,33.005001068115234,33.13999938964844,33.005001068115234,33.1150016784668,92921,0.0,0.0
2024-04-11 13:30:00-04:00,33.119998931884766,33.18000030517578,33.060001373291016,33.165000915527344,96560,0.0,0.0
2024-04-11 14:30:00-04:00,33.165000915527344,33.19499969482422,33.08000183105469,33.185001373291016,104074,0.0,0.0
2024-04-11 15:30:00-04:00,33.18000030517578,33.19499969482422,33.060001373291016,33.060001373291016,283903,0.0,0.0
2024-04-12 09:30:00-04:00,33.130001068115234,33.349998474121094,33.060001373291016,33.31999969482422,105128,0.0,0.0
2024-04-12 10:30:00-04:00,33.32500076293945,33.334999084472656,33.095001220703125,33.130001068115234,93297,0.0,0.0
2024-04-12 11:30:00-04:00,33.119998931884766,33.16999816894531,33.05500030517578,33.1150016784668,85575,0.0,0.0
2024-04-12 12:30:00-04:00,33.119998931884766,33.13819885253906,32.83000183105469,32.84000015258789,87130,0.0,0.0
2024-04-12 13:30:00-04:00,32.83000183105469,32.974998474121094,32.83000183105469,32.900001525878906,89625,0.0,0.0
2024-04-12 14:30:00-04:00,32.88999938964844,32.939998626708984,32.814998626708984,32.875,115869,0.0,0.0
2024-04-12 15:30:00-04:00,32.880001068115234,33.0,32.875,32.91999816894531,258365,0.0,0.0
2024-04-15 09:30:00-04:00,33.13999938964844,33.2400016784668,32.709999084472656,32.81999969482422,111576,0.0,0.0
2024-04-15 10:30:00-04:00,32.810001373291016,32.869998931884766,32.77000045776367,32.849998474121094,93021,0.0,0.0
2024-04-15 11:30:00-04:00,32.86000061035156,32.97999954223633,32.86000061035156,32.880001068115234,64132,0.0,0.0
2024-04-15 12:30:00-04:00,32.869998931884766,33.04999923706055,32.86000061035156,33.005001068115234,207078,0.0,0.0
2024-04-15 13:30:00-04:00,33.002498626708984,33.005001068115234,32.7599983215332,32.790000915527344,210122,0.0,0.0
2024-04-15 14:30:00-04:00,32.779998779296875,32.8650016784668,32.77009963989258,32.84000015258789,94138,0.0,0.0
2024-04-15 15:30:00-04:00,32.846900939941406,32.94499969482422,32.84000015258789,32.86000061035156,255655,0.0,0.0
2024-04-16 09:30:00-04:00,32.86000061035156,32.869998931884766,32.369998931884766,32.5,197269,0.0,0.0
2024-04-16 10:30:00-04:00,32.494998931884766,32.647701263427734,32.435001373291016,32.647701263427734,198198,0.0,0.0
2024-04-16 11:30:00-04:00,32.63999938964844,32.77000045776367,32.625,32.744998931884766,144348,0.0,0.0
2024-04-16 12:30:00-04:00,32.75,32.79999923706055,32.685001373291016,32.72999954223633,131853,0.0,0.0
2024-04-16 13:30:00-04:00,32.72999954223633,32.79999923706055,32.56999969482422,32.58000183105469,175360,0.0,0.0
2024-04-16 14:30:00-04:00,32.59000015258789,32.7599983215332,32.584999084472656,32.70500183105469,442109,0.0,0.0
2024-04-16 15:30:00-04:00,32.70000076293945,32.70000076293945,32.4900016784668,32.4900016784668,356709,0.0,0.0
2024-04-17 09:30:00-04:00,32.75,32.84000015258789,32.625,32.630001068115234,98767,0.0,0.0
2024-04-17 10:30:00-04:00,32.619998931884766,32.64500045776367,32.494998931884766,32.560001373291016,89163,0.0,0.0
2024-04-17 11:30:00-04:00,32.55500030517578,32.70000076293945,32.5099983215332,32.650001525878906,96428,0.0,0.0
2024-04-17 12:30:00-04:00,32.63999938964844,32.849998474121094,32.619998931884766,32.849998474121094,63137,0.0,0.0
2024-04-17 13:30:00-04:00,32.84000015258789,32.915000915527344,32.77000045776367,32.90999984741211,87334,0.0,0.0
2024-04-17 14:30:00-04:00,32.90999984741211,33.029998779296875,32.8650016784668,32.94499969482422,123771,0.0,0.0
2024-04-17 15:30:00-04:00,32.94499969482422,32.994998931884766,32.91999816894531,32.939998626708984,246314,0.0,0.0
2024-04-18 09:30:00-04:00,33.150001525878906,33.150001525878906,32.82500076293945,32.880001068115234,165246,0.0,0.0
2024-04-18 10:30:00-04:00,32.88999938964844,33.0099983215332,32.849998474121094,32.96500015258789,58879,0.0,0.0
2024-04-18 11:30:00-04:00,32.96500015258789,32.974998474121094,32.869998931884766,32.95500183105469,80902,0.0,0.0
2024-04-18 12:30:00-04:00,32.95500183105469,33.02000045776367,32.88999938964844,33.02000045776367,102205,0.0,0.0
2024-04-18 13:30:00-04:00,33.0099983215332,33.099998474121094,32.95500183105469,33.060001373291016,93103,0.0,0.0
2024-04-18 14:30:00-04:00,33.060001373291016,33.165000915527344,33.029998779296875,33.15999984741211,117386,0.0,0.0
2024-04-18 15:30:00-04:00,33.15999984741211,33.20000076293945,33.130001068115234,33.15999984741211,291638,0.0,0.0
2024-04-19 09:30:00-04:00,33.2599983215332,33.665000915527344,33.25,33.65999984741211,151006,0.0,0.0
2024-04-19 10:30:00-04:00,33.65999984741211,33.875,33.619998931884766,33.86000061035156,131361,0.0,0.0
2024-04-19 11:30:00-04:00,33.849998474121094,33.900001525878906,33.79999923706055,33.83000183105469,95881,0.0,0.0
2024-04-19 12:30:00-04:00,33.82500076293945,34.08000183105469,33.82500076293945,34.04999923706055,107037,0.0,0.0
2024-04-19 13:30:00-04:00,34.040000915527344,34.064998626708984,33.95000076293945,33.98500061035156,91904,0.0,0.0
2024-04-19 14:30:00-04:00,33.98500061035156,34.08000183105469,33.95000076293945,34.06999969482422,139019,0.0,0.0
2024-04-19 15:30:00-04:00,34.064998626708984,34.130001068115234,33.9900016784668,34.04999923706055,359642,0.0,0.0
2024-04-22 09:30:00-04:00,33.41999816894531,33.95500183105469,33.41999816894531,33.94499969482422,372662,0.0,0.0
2024-04-22 10:30:00-04:00,33.939998626708984,34.150001525878906,33.915000915527344,34.099998474121094,283036,0.0,0.0
2024-04-22 11:30:00-04:00,34.095001220703125,34.17499923706055,33.98500061035156,34.06999969482422,250251,0.0,0.0
2024-04-22 12:30:00-04:00,34.06999969482422,34.154998779296875,34.06999969482422,34.130001068115234,116734,0.0,0.0
2024-04-22 13:30:00-04:00,34.130001068115234,34.279998779296875,34.130001068115234,34.25,264140,0.0,0.0
2024-04-22 14:30:00-04:00,34.25,34.29999923706055,34.07500076293945,34.08000183105469,271206,0.0,0.0
2024-04-22 15:30:00-04:00,34.084999084472656,34.150001525878906,34.029998779296875,34.029998779296875,396938,0.0,0.0
2024-04-23 09:30:00-04:00,33.95000076293945,34.29999923706055,33.939998626708984,34.09000015258789,296054,0.0,0.0
2024-04-23 10:30:00-04:00,34.09000015258789,34.130001068115234,34.029998779296875,34.04999923706055,145479,0.0,0.0
2024-04-23 11:30:00-04:00,34.04999923706055,34.099998474121094,33.9900016784668,34.0,82794,0.0,0.0
2024-04-23 12:30:00-04:00,34.0,34.099998474121094,33.9900016784668,34.084999084472656,172320,0.0,0.0
2024-04-23 13:30:00-04:00,34.084999084472656,34.084999084472656,33.935001373291016,33.939998626708984,134990,0.0,0.0
2024-04-23 14:30:00-04:00,33.93000030517578,33.97999954223633,33.869998931884766,33.875,150600,0.0,0.0
2024-04-23 15:30:00-04:00,33.875,34.02000045776367,33.86000061035156,33.93000030517578,379227,0.0,0.0
2024-04-24 09:30:00-04:00,33.689998626708984,33.869998931884766,33.459999084472656,33.83000183105469,435984,0.0,0.0
2024-04-24 10:30:00-04:00,33.810001373291016,33.92499923706055,33.7599983215332,33.92499923706055,186039,0.0,0.0
2024-04-24 11:30:00-04:00,33.91999816894531,34.064998626708984,33.89500045776367,34.064998626708984,177295,0.0,0.0
2024-04-24 12:30:00-04:00,34.064998626708984,34.14500045776367,34.0,34.095001220703125,134756,0.0,0.0
2024-04-24 13:30:00-04:00,34.095001220703125,34.130001068115234,34.06999969482422,34.099998474121094,174938,0.0,0.0
2024-04-24 14:30:00-04:00,34.10499954223633,34.20000076293945,34.08000183105469,34.19499969482422,192825,0.0,0.0
2024-04-24 15:30:00-04:00,34.19499969482422,34.369998931884766,34.189998626708984,34.32500076293945,608920,0.0,0.0
2024-04-25 09:30:00-04:00,34.18000030517578,34.34000015258789,34.150001525878906,34.17499923706055,502444,0.0,0.0
2024-04-25 10:30:00-04:00,34.18000030517578,34.4900016784668,34.119998931884766,34.43000030517578,277150,0.0,0.0
2024-04-25 11:30:00-04:00,34.43000030517578,34.470001220703125,34.38999938964844,34.439998626708984,151919,0.0,0.0
2024-04-25 12:30:00-04:00,34.439998626708984,34.525001525878906,34.415000915527344,34.46500015258789,107773,0.0,0.0
2024-04-25 13:30:00-04:00,34.459999084472656,34.47999954223633,34.31999969482422,34.33000183105469,242599,0.0,0.0
2024-04-25 14:30:00-04:00,34.33000183105469,34.46500015258789,34.275001525878906,34.43000030517578,111342,0.0,0.0
2024-04-25 15:30:00-04:00,34.41999816894531,34.52000045776367,34.40999984741211,34.4900016784668,297752,0.0,0.0
2024-04-26 09:30:00-04:00,34.47999954223633,34.54999923706055,34.150001525878906,34.25,201428,0.0,0.0
2024-04-26 10:30:00-04:00,34.25,34.290000915527344,34.130001068115234,34.1349983215332,113946,0.0,0.0
2024-04-26 11:30:00-04:00,34.130001068115234,34.189998626708984,34.099998474121094,34.13999938964844,91373,0.0,0.0
2024-04-26 12:30:00-04:00,34.13999938964844,34.16999816894531,33.970001220703125,33.970001220703125,73891,0.0,0.0
2024-04-26 13:30:00-04:00,33.94499969482422,34.084999084472656,33.935001373291016,34.029998779296875,85173,0.0,0.0
2024-04-26 14:30:00-04:00,34.029998779296875,34.09000015258789,33.97999954223633,33.994998931884766,122320,0.0,0.0
2024-04-26 15:30:00-04:00,33.9900016784668,34.0,33.790000915527344,33.810001373291016,249566,0.0,0.0
2024-04-29 09:30:00-04:00,33.97999954223633,34.43000030517578,33.97999954223633,34.375,231597,0.0,0.0
2024-04-29 10:30:00-04:00,34.380001068115234,34.5,34.380001068115234,34.4900016784668,161323,0.0,0.0
2024-04-29 11:30:00-04:00,34.47999954223633,34.59000015258789,34.42020034790039,34.58000183105469,136053,0.0,0.0
2024-04-29 12:30:00-04:00,34.58000183105469,34.6349983215332,34.52000045776367,34.525001525878906,138990,0.0,0.0
2024-04-29 13:30:00-04:00,34.525001525878906,34.560001373291016,34.47999954223633,34.540000915527344,159111,0.0,0.0
2024-04-29 14:30:00-04:00,34.53499984741211,34.540000915527344,34.40999984741211,34.46500015258789,167117,0.0,0.0
2024-04-29 15:30:00-04:00,34.470001220703125,34.630001068115234,34.459999084472656,34.61000061035156,449671,0.0,0.0
2024-04-30 09:30:00-04:00,34.529998779296875,34.6150016784668,34.209999084472656,34.369998931884766,319520,0.0,0.0
2024-04-30 10:30:00-04:00,34.369998931884766,34.5099983215332,34.34000015258789,34.44499969482422,215393,0.0,0.0
2024-04-30 11:30:00-04:00,34.45000076293945,34.720001220703125,34.3849983215332,34.685001373291016,177019,0.0,0.0
2024-04-30 12:30:00-04:00,34.689998626708984,34.70500183105469,34.625,34.689998626708984,166326,0.0,0.0
2024-04-30 13:30:00-04:00,34.68000030517578,34.7599983215332,34.595001220703125,34.665000915527344,182437,0.0,0.0
2024-04-30 14:30:00-04:00,34.65999984741211,34.70500183105469,34.584999084472656,34.595001220703125,300901,0.0,0.0
2024-04-30 15:30:00-04:00,34.59000015258789,34.70500183105469,34.58000183105469,34.66999816894531,720372,0.0,0.0
2024-05-01 09:30:00-04:00,34.349998474121094,34.81999969482422,34.18000030517578,34.66999816894531,376147,0.0,0.0
2024-05-01 10:30:00-04:00,34.65999984741211,34.790000915527344,34.47999954223633,34.720001220703125,292326,0.0,0.0
2024-05-01 11:30:00-04:00,34.720001220703125,34.720001220703125,34.540000915527344,34.67499923706055,323692,0.0,0.0
2024-05-01 12:30:00-04:00,34.67499923706055,34.96500015258789,34.619998931884766,34.90999984741211,158896,0.0,0.0
2024-05-01 13:30:00-04:00,34.90999984741211,35.119998931884766,34.84000015258789,35.119998931884766,205453,0.0,0.0
2024-05-01 14:30:00-04:00,35.1150016784668,35.40999984741211,34.99079895019531,35.15999984741211,371400,0.0,0.0
2024-05-01 15:30:00-04:00,35.150001525878906,35.22999954223633,35.029998779296875,35.040000915527344,526881,0.0,0.0
2024-05-02 09:30:00-04:00,35.130001068115234,35.2400016784668,34.84000015258789,35.06999969482422,175898,0.0,0.0
2024-05-02 10:30:00-04:00,35.064998626708984,35.064998626708984,34.79999923706055,34.79999923706055,147643,0.0,0.0
2024-05-02 11:30:00-04:00,34.79999923706055,34.8650016784668,34.7599983215332,34.810001373291016,161258,0.0,0.0
2024-05-02 12:30:00-04:00,34.81999969482422,34.880001068115234,34.790000915527344,34.869998931884766,140667,0.0,0.0
2024-05-02 13:30:00-04:00,34.869998931884766,34.9900016784668,34.84000015258789,34.98500061035156,157197,0.0,0.0
2024-05-02 14:30:00-04:00,34.9900016784668,35.06999969482422,34.97999954223633,34.9900016784668,220169,0.0,0.0
2024-05-02 15:30:00-04:00,34.97999954223633,35.040000915527344,34.85499954223633,35.02000045776367,512485,0.0,0.0
2024-05-03 09:30:00-04:00,35.33000183105469,35.345001220703125,34.959999084472656,35.025001525878906,128599,0.0,0.0
2024-05-03 10:30:00-04:00,35.029998779296875,35.03499984741211,34.79999923706055,34.88999938964844,117133,0.0,0.0
2024-05-03 11:30:00-04:00,34.88999938964844,34.96500015258789,34.82500076293945,34.95000076293945,106063,0.0,0.0
2024-05-03 12:30:00-04:00,34.95500183105469,34.970001220703125,34.85499954223633,34.880001068115234,80014,0.0,0.0
2024-05-03 13:30:00-04:00,34.875,34.9900016784668,34.869998931884766,34.94160079956055,96303,0.0,0.0
2024-05-03 14:30:00-04:00,34.94499969482422,34.9900016784668,34.90999984741211,34.97999954223633,142366,0.0,0.0
2024-05-03 15:30:00-04:00,34.98500061035156,35.2400016784668,34.97999954223633,35.15999984741211,411228,0.0,0.0
2024-05-06 09:30:00-04:00,35.29999923706055,35.58000183105469,35.20000076293945,35.57500076293945,282339,0.0,0.0
2024-05-06 10:30:00-04:00,35.58000183105469,35.619998931884766,35.48500061035156,35.525001525878906,139022,0.0,0.0
2024-05-06 11:30:00-04:00,35.529998779296875,35.65999984741211,35.47999954223633,35.654998779296875,130574,0.0,0.0
2024-05-06 12:30:00-04:00,35.65999984741211,35.744998931884766,35.599998474121094,35.61000061035156,193967,0.0,0.0
2024-05-06 13:30:00-04:00,35.6150016784668,35.64500045776367,35.564998626708984,35.59000015258789,157250,0.0,0.0
2024-05-06 14:30:00-04:00,35.59000015258789,35.599998474121094,35.505001068115234,35.505001068115234,197839,0.0,0.0
2024-05-06 15:30:00-04:00,35.500999450683594,35.60499954223633,35.474998474121094,35.56999969482422,313149,0.0,0.0
2024-05-07 09:30:00-04:00,35.75,35.95000076293945,35.625,35.81999969482422,201620,0.0,0.0
2024-05-07 10:30:00-04:00,35.814998626708984,35.849998474121094,35.67499923706055,35.70000076293945,145105,0.0,0.0
2024-05-07 11:30:00-04:00,35.69499969482422,35.78499984741211,35.650001525878906,35.78499984741211,108378,0.0,0.0
2024-05-07 12:30:00-04:00,35.78499984741211,35.82500076293945,35.7599983215332,35.78499984741211,119438,0.0,0.0
2024-05-07 13:30:00-04:00,35.78030014038086,35.86000061035156,35.75,35.82500076293945,154656,0.0,0.0
2024-05-07 14:30:00-04:00,35.83000183105469,35.92499923706055,35.810001373291016,35.90999984741211,257977,0.0,0.0
2024-05-07 15:30:00-04:00,35.900001525878906,36.064998626708984,35.880001068115234,35.97999954223633,492362,0.0,0.0
2024-05-08 09:30:00-04:00,35.88999938964844,36.02000045776367,35.775001525878906,35.8849983215332,88588,0.0,0.0
2024-05-08 10:30:00-04:00,35.8849983215332,36.040000915527344,35.88399887084961,35.97999954223633,133871,0.0,0.0
2024-05-08 11:30:00-04:00,35.97999954223633,36.095001220703125,35.97999954223633,36.005001068115234,133126,0.0,0.0
2024-05-08 12:30:00-04:00,36.0,36.040000915527344,35.91999816894531,36.005001068115234,89255,0.0,0.0
2024-05-08 13:30:00-04:00,36.0,36.060001373291016,35.97999954223633,36.02000045776367,71943,0.0,0.0
2024-05-08 14:30:00-04:00,36.02000045776367,36.03499984741211,35.95000076293945,35.959999084472656,87412,0.0,0.0
2024-05-08 15:30:00-04:00,35.959999084472656,36.06999969482422,35.939998626708984,36.040000915527344,270495,0.0,0.0
2024-05-09 09:30:00-04:00,35.959999084472656,36.29499816894531,35.959999084472656,36.29499816894531,127886,0.0,0.0
2024-05-09 10:30:00-04:00,36.29999923706055,36.345001220703125,36.2400016784668,36.255001068115234,78851,0.0,0.0
2024-05-09 11:30:00-04:00,36.2400016784668,36.28499984741211,36.18000030517578,36.20000076293945,118220,0.0,0.0
2024-05-09 12:30:00-04:00,36.20500183105469,36.20500183105469,36.1150016784668,36.150001525878906,64506,0.0,0.0
2024-05-09 13:30:00-04:00,36.150001525878906,36.2400016784668,36.13999938964844,36.224998474121094,85416,0.0,0.0
2024-05-09 14:30:00-04:00,36.22999954223633,36.29499816894531,36.22999954223633,36.26499938964844,128049,0.0,0.0
2024-05-09 15:30:00-04:00,36.26499938964844,36.45000076293945,36.26499938964844,36.45000076293945,326164,0.0,0.0
2024-05-10 09:30:00-04:00,36.5,36.5099983215332,36.150001525878906,36.41999816894531,123435,0.0,0.0
2024-05-10 10:30:00-04:00,36.43000030517578,36.4900016784668,36.279998779296875,36.33359909057617,88050,0.0,0.0
2024-05-10 11:30:00-04:00,36.334999084472656,36.380001068115234,36.31999969482422,36.33000183105469,72575,0.0,0.0
2024-05-10 12:30:00-04:00,36.334999084472656,36.369998931884766,36.220001220703125,36.2599983215332,64895,0.0,0.0
2024-05-10 13:30:00-04:00,36.26499938964844,36.31999969482422,36.2400016784668,36.28499984741211,70073,0.0,0.0
2024-05-10 14:30:00-04:00,36.28499984741211,36.38999938964844,36.2599983215332,36.369998931884766,105795,0.0,0.0
2024-05-10 15:30:00-04:00,36.380001068115234,36.43000030517578,36.3650016784668,36.38999938964844,222975,0.0,0.0
2024-05-13 09:30:00-04:00,36.439998626708984,36.619998931884766,36.31999969482422,36.349998474121094,92233,0.0,0.0
2024-05-13 10:30:00-04:00,36.36000061035156,36.38010025024414,36.244998931884766,36.244998931884766,61222,0.0,0.0
2024-05-13 11:30:00-04:00,36.2400016784668,36.2400016784668,36.16999816894531,36.16999816894531,59258,0.0,0.0
2024-05-13 12:30:00-04:00,36.165000915527344,36.220001220703125,36.150001525878906,36.17499923706055,56821,0.0,0.0
2024-05-13 13:30:00-04:00,36.17499923706055,36.20500183105469,36.154998779296875,36.16999816894531,86979,0.0,0.0
2024-05-13 14:30:00-04:00,36.18000030517578,36.18000030517578,36.1150016784668,36.16579818725586,76838,0.0,0.0
2024-05-13 15:30:00-04:00,36.16749954223633,36.31999969482422,36.131099700927734,36.29999923706055,344327,0.0,0.0
2024-05-14 09:30:00-04:00,36.58000183105469,36.58000183105469,36.349998474121094,36.47999954223633,118267,0.0,0.0
2024-05-14 10:30:00-04:00,36.474998474121094,36.540000915527344,36.39500045776367,36.40999984741211,120393,0.0,0.0
2024-05-14 11:30:00-04:00,36.415000915527344,36.46500015258789,36.400001525878906,36.415000915527344,149231,0.0,0.0
2024-05-14 12:30:00-04:00,36.40999984741211,36.41999816894531,36.314998626708984,36.32500076293945,90767,0.0,0.0
2024-05-14 13:30:00-04:00,36.33000183105469,36.38999938964844,36.30500030517578,36.3849983215332,98754,0.0,0.0
2024-05-14 14:30:00-04:00,36.38119888305664,36.4900016784668,36.36000061035156,36.3650016784668,169395,0.0,0.0
2024-05-14 15:30:00-04:00,36.369998931884766,36.439998626708984,36.34000015258789,36.369998931884766,292372,0.0,0.0
2024-05-15 09:30:00-04:00,36.779998779296875,36.83000183105469,36.54999923706055,36.80500030517578,91215,0.0,0.0
2024-05-15 10:30:00-04:00,36.810001373291016,36.85499954223633,36.70500183105469,36.755001068115234,60157,0.0,0.0
2024-05-15 11:30:00-04:00,36.744998931884766,36.77000045776367,36.68000030517578,36.69499969482422,58668,0.0,0.0
2024-05-15 12:30:00-04:00,36.68000030517578,36.79999923706055,36.65999984741211,36.685001373291016,61309,0.0,0.0
2024-05-15 13:30:00-04:00,36.69499969482422,36.70000076293945,36.630001068115234,36.685001373291016,68632,0.0,0.0
2024-05-15 14:30:00-04:00,36.68000030517578,36.685001373291016,36.6150016784668,36.63999938964844,89914,0.0,0.0
2024-05-15 15:30:00-04:00,36.625,36.66749954223633,36.584999084472656,36.61000061035156,208789,0.0,0.0
2024-05-16 09:30:00-04:00,36.63999938964844,36.880001068115234,36.599998474121094,36.880001068115234,69853,0.0,0.0
2024-05-16 10:30:00-04:00,36.875,36.97999954223633,36.869998931884766,36.959999084472656,97663,0.0,0.0
2024-05-16 11:30:00-04:00,36.95000076293945,37.04499816894531,36.93000030517578,36.935001373291016,100062,0.0,0.0
2024-05-16 12:30:00-04:00,36.939998626708984,36.96500015258789,36.900001525878906,36.92499923706055,78384,0.0,0.0
2024-05-16 13:30:00-04:00,36.93000030517578,36.9900016784668,36.900001525878906,36.91999816894531,93876,0.0,0.0
2024-05-16 14:30:00-04:00,36.91999816894531,36.93000030517578,36.84000015258789,36.89500045776367,119224,0.0,0.0
2024-05-16 15:30:00-04:00,36.890098571777344,36.94499969482422,36.775001525878906,36.83000183105469,265938,0.0,0.0
2024-05-17 09:30:00-04:00,36.869998931884766,36.869998931884766,36.599998474121094,36.79999923706055,112264,0.0,0.0
2024-05-17 10:30:00-04:00,36.79999923706055,36.900001525878906,36.76470184326172,36.875,107467,0.0,0.0
2024-05-17 11:30:00-04:00,36.875,36.97999954223633,36.83000183105469,36.88999938964844,97131,0.0,0.0
2024-05-17 12:30:00-04:00,36.8849983215332,36.94499969482422,36.82500076293945,36.94499969482422,57191,0.0,0.0
2024-05-17 13:30:00-04:00,36.939998626708984,36.94499969482422,36.880001068115234,36.8849983215332,65406,0.0,0.0
2024-05-17 14:30:00-04:00,36.8849983215332,36.95000076293945,36.8650016784668,36.90999984741211,74472,0.0,0.0
2024-05-17 15:30:00-04:00,36.915000915527344,37.01900100708008,36.880001068115234,36.95000076293945,193837,0.0,0.0
2024-05-20 09:30:00-04:00,37.029998779296875,37.029998779296875,36.79999923706055,36.96500015258789,149035,0.0,0.0
2024-05-20 10:30:00-04:00,36.96500015258789,37.040000915527344,36.834999084472656,37.01499938964844,94296,0.0,0.0
2024-05-20 11:30:00-04:00,37.0099983215332,37.0099983215332,36.93000030517578,36.959999084472656,77657,0.0,0.0
2024-05-20 12:30:00-04:00,36.959999084472656,37.005001068115234,36.900001525878906,36.98500061035156,64945,0.0,0.0
2024-05-20 13:30:00-04:00,36.98500061035156,36.98500061035156,36.900001525878906,36.96500015258789,64238,0.0,0.0
2024-05-20 14:30:00-04:00,36.959999084472656,36.96500015258789,36.88999938964844,36.90999984741211,98648,0.0,0.0
2024-05-20 15:30:00-04:00,36.90999984741211,37.01499938964844,36.86000061035156,36.97999954223633,201470,0.0,0.0
2024-05-21 09:30:00-04:00,37.060001373291016,37.29999923706055,37.03499984741211,37.224998474121094,98386,0.0,0.0
2024-05-21 10:30:00-04:00,37.224998474121094,37.2400016784668,36.90999984741211,36.915000915527344,71160,0.0,0.0
2024-05-21 11:30:00-04:00,36.91999816894531,36.95500183105469,36.8849983215332,36.91999816894531,49407,0.0,0.0
2024-05-21 12:30:00-04:00,36.92499923706055,37.06999969482422,36.92499923706055,37.060001373291016,59481,0.0,0.0
2024-05-21 13:30:00-04:00,37.060001373291016,37.084999084472656,37.0099983215332,37.08000183105469,42426,0.0,0.0
2024-05-21 14:30:00-04:00,37.08000183105469,37.15999984741211,37.04499816894531,37.14500045776367,81595,0.0,0.0
2024-05-21 15:30:00-04:00,37.14500045776367,37.23500061035156,37.13010025024414,37.20000076293945,237913,0.0,0.0
2024-05-22 09:30:00-04:00,37.02000045776367,37.11000061035156,36.98500061035156,37.0,69943,0.0,0.0
2024-05-22 10:30:00-04:00,37.005001068115234,37.08000183105469,36.994998931884766,37.03499984741211,74438,0.0,0.0
2024-05-22 11:30:00-04:00,37.040000915527344,37.060001373291016,36.86000061035156,36.869998931884766,57352,0.0,0.0
2024-05-22 12:30:00-04:00,36.875,36.875,36.77000045776367,36.810001373291016,66050,0.0,0.0
2024-05-22 13:30:00-04:00,36.79999923706055,36.81999969482422,36.64500045776367,36.650001525878906,65574,0.0,0.0
2024-05-22 14:30:00-04:00,36.63999938964844,36.66999816894531,36.529998779296875,36.56999969482422,105144,0.0,0.0
2024-05-22 15:30:00-04:00,36.56999969482422,36.650001525878906,36.494998931884766,36.58000183105469,209818,0.0,0.0
2024-05-23 09:30:00-04:00,36.189998626708984,36.2599983215332,35.779998779296875,36.05500030517578,152799,0.0,0.0
2024-05-23 10:30:00-04:00,36.04999923706055,36.04999923706055,35.89500045776367,35.95000076293945,95077,0.0,0.0
2024-05-23 11:30:00-04:00,35.95000076293945,35.959999084472656,35.85499954223633,35.935001373291016,76564,0.0,0.0
2024-05-23 12:30:00-04:00,35.959999084472656,35.9900016784668,35.8650016784668,35.90999984741211,63349,0.0,0.0
2024-05-23 13:30:00-04:00,35.90999984741211,35.915000915527344,35.720001220703125,35.73500061035156,108300,0.0,0.0
2024-05-23 14:30:00-04:00,35.72999954223633,35.814998626708984,35.67499923706055,35.744998931884766,151772,0.0,0.0
2024-05-23 15:30:00-04:00,35.72999954223633,35.77000045776367,35.61000061035156,35.619998931884766,300154,0.0,0.0
2024-05-24 09:30:00-04:00,35.7400016784668,35.77000045776367,35.5,35.57500076293945,232049,0.0,0.0
2024-05-24 10:30:00-04:00,35.56999969482422,35.689998626708984,35.505001068115234,35.599998474121094,78196,0.0,0.0
2024-05-24 11:30:00-04:00,35.599998474121094,35.61000061035156,35.435001373291016,35.61000061035156,147482,0.0,0.0
2024-05-24 12:30:00-04:00,35.61000061035156,35.720001220703125,35.53499984741211,35.70500183105469,240256,0.0,0.0
2024-05-24 13:30:00-04:00,35.70500183105469,35.71500015258789,35.65999984741211,35.685001373291016,65043,0.0,0.0
2024-05-24 14:30:00-04:00,35.685001373291016,35.685001373291016,35.61000061035156,35.6150016784668,174328,0.0,0.0
2024-05-24 15:30:00-04:00,35.61000061035156,35.68000030517578,35.59000015258789,35.650001525878906,214345,0.0,0.0
2024-05-28 09:30:00-04:00,35.65999984741211,35.97999954223633,35.650001525878906,35.65999984741211,115392,0.0,0.0
2024-05-28 10:30:00-04:00,35.650001525878906,35.76499938964844,35.59000015258789,35.65999984741211,212168,0.0,0.0
2024-05-28 11:30:00-04:00,35.66999816894531,35.755001068115234,35.654998779296875,35.72999954223633,82109,0.0,0.0
2024-05-28 12:30:00-04:00,35.72999954223633,35.755001068115234,35.54999923706055,35.54999923706055,75146,0.0,0.0
2024-05-28 13:30:00-04:00,35.54999923706055,35.599998474121094,35.52000045776367,35.529998779296875,86441,0.0,0.0
2024-05-28 14:30:00-04:00,35.52000045776367,35.560001373291016,35.4900016784668,35.505001068115234,114068,0.0,0.0
2024-05-28 15:30:00-04:00,35.5,35.54999923706055,35.439998626708984,35.439998626708984,293908,0.0,0.0
2024-05-29 09:30:00-04:00,35.189998626708984,35.25,35.06999969482422,35.189998626708984,78076,0.0,0.0
2024-05-29 10:30:00-04:00,35.186798095703125,35.209999084472656,34.20000076293945,34.97999954223633,112496,0.0,0.0
2024-05-29 11:30:00-04:00,34.97999954223633,35.099998474121094,34.95000076293945,35.025001525878906,100844,0.0,0.0
2024-05-29 12:30:00-04:00,35.025001525878906,35.095001220703125,34.994998931884766,35.029998779296875,115840,0.0,0.0
2024-05-29 13:30:00-04:00,35.029998779296875,35.064998626708984,34.90999984741211,34.974998474121094,117608,0.0,0.0
2024-05-29 14:30:00-04:00,34.97999954223633,35.040000915527344,34.95000076293945,35.01499938964844,103087,0.0,0.0
2024-05-29 15:30:00-04:00,35.01499938964844,35.07500076293945,34.959999084472656,34.959999084472656,381595,0.0,0.0
2024-05-30 09:30:00-04:00,35.13999938964844,35.2400016784668,34.97999954223633,34.97999954223633,203798,0.0,0.0
2024-05-30 10:30:00-04:00,34.97999954223633,35.290000915527344,34.970001220703125,35.20000076293945,145409,0.0,0.0
2024-05-30 11:30:00-04:00,35.189998626708984,35.2400016784668,35.150001525878906,35.22999954223633,49169,0.0,0.0
2024-05-30 12:30:00-04:00,35.22999954223633,35.29999923706055,35.220001220703125,35.255001068115234,69985,0.0,0.0
2024-05-30 13:30:00-04:00,35.255001068115234,35.33000183105469,35.22999954223633,35.244998931884766,93516,0.0,0.0
2024-05-30 14:30:00-04:00,35.244998931884766,35.35499954223633,35.22999954223633,35.32500076293945,103514,0.0,0.0
2024-05-30 15:30:00-04:00,35.31999969482422,35.400001525878906,35.310001373291016,35.34000015258789,214589,0.0,0.0
2024-05-31 09:30:00-04:00,35.38999938964844,35.7400016784668,35.38999938964844,35.650001525878906,122121,0.0,0.0
2024-05-31 10:30:00-04:00,35.650001525878906,35.915000915527344,35.650001525878906,35.89500045776367,115110,0.0,0.0
2024-05-31 11:30:00-04:00,35.89500045776367,35.91999816894531,35.810001373291016,35.810001373291016,66192,0.0,0.0
2024-05-31 12:30:00-04:00,35.79999923706055,35.93000030517578,35.779998779296875,35.915000915527344,53368,0.0,0.0
2024-05-31 13:30:00-04:00,35.91999816894531,36.04999923706055,35.915000915527344,36.029998779296875,57052,0.0,0.0
2024-05-31 14:30:00-04:00,36.029998779296875,36.04999923706055,35.970001220703125,35.970001220703125,77901,0.0,0.0
2024-05-31 15:30:00-04:00,35.970001220703125,36.310001373291016,35.970001220703125,36.29999923706055,287285,0.0,0.0
2024-06-03 09:30:00-04:00,36.56999969482422,36.56999969482422,36.04999923706055,36.150001525878906,230274,0.0,0.0
2024-06-03 10:30:00-04:00,36.150001525878906,36.33000183105469,36.150001525878906,36.26499938964844,161066,0.0,0.0
2024-06-03 11:30:00-04:00,36.2599983215332,36.279998779296875,36.09000015258789,36.185001373291016,162650,0.0,0.0
2024-06-03 12:30:00-04:00,36.18000030517578,36.255001068115234,36.09000015258789,36.22999954223633,179733,0.0,0.0
2024-06-03 13:30:00-04:00,36.224998474121094,36.279998779296875,36.220001220703125,36.27000045776367,152053,0.0,0.0
2024-06-03 14:30:00-04:00,36.275001525878906,36.28499984741211,36.165000915527344,36.19499969482422,101627,0.0,0.0
2024-06-03 15:30:00-04:00,36.20000076293945,36.2400016784668,36.154998779296875,36.189998626708984,253373,0.0,0.0
2024-06-04 09:30:00-04:00,36.02000045776367,36.45500183105469,35.994998931884766,36.435001373291016,195414,0.0,0.0
2024-06-04 10:30:00-04:00,36.435001373291016,36.45000076293945,36.13999938964844,36.13999938964844,129497,0.0,0.0
2024-06-04 11:30:00-04:00,36.13999938964844,36.21500015258789,36.04999923706055,36.209999084472656,89387,0.0,0.0
2024-06-04 12:30:00-04:00,36.209999084472656,36.439998626708984,36.20000076293945,36.439998626708984,85194,0.0,0.0
2024-06-04 13:30:00-04:00,36.439998626708984,36.51499938964844,36.400001525878906,36.4900016784668,86204,0.0,0.0
2024-06-04 14:30:00-04:00,36.48500061035156,36.689998626708984,36.439998626708984,36.68000030517578,193856,0.0,0.0
2024-06-04 15:30:00-04:00,36.67499923706055,36.70000076293945,36.529998779296875,36.54999923706055,447293,0.0,0.0
2024-06-05 09:30:00-04:00,36.59000015258789,36.59000015258789,35.95500183105469,35.97999954223633,65126,0.0,0.0
2024-06-05 10:30:00-04:00,35.97999954223633,36.06999969482422,35.94499969482422,36.02000045776367,61767,0.0,0.0
2024-06-05 11:30:00-04:00,36.0099983215332,36.10499954223633,35.93000030517578,35.994998931884766,59126,0.0,0.0
2024-06-05 12:30:00-04:00,35.994998931884766,36.029998779296875,35.86000061035156,35.900001525878906,80460,0.0,0.0
2024-06-05 13:30:00-04:00,35.900001525878906,35.900001525878906,35.780799865722656,35.86000061035156,82237,0.0,0.0
2024-06-05 14:30:00-04:00,35.86000061035156,35.869998931884766,35.755001068115234,35.81999969482422,127903,0.0,0.0
2024-06-05 15:30:00-04:00,35.814998626708984,35.9900016784668,35.810001373291016,35.91999816894531,325914,0.0,0.0
2024-06-06 09:30:00-04:00,35.77000045776367,36.04999923706055,35.65010070800781,35.790000915527344,74586,0.0,0.0
2024-06-06 10:30:00-04:00,35.779998779296875,35.81999969482422,35.63999938964844,35.81999969482422,51321,0.0,0.0
2024-06-06 11:30:00-04:00,35.81999969482422,35.86000061035156,35.619998931884766,35.63999938964844,65311,0.0,0.0
2024-06-06 12:30:00-04:00,35.650001525878906,35.744998931884766,35.650001525878906,35.744998931884766,55130,0.0,0.0
2024-06-06 13:30:00-04:00,35.744998931884766,35.76499938964844,35.59000015258789,35.63999938964844,63920,0.0,0.0
2024-06-06 14:30:00-04:00,35.63999938964844,35.69499969482422,35.595001220703125,35.63999938964844,77566,0.0,0.0
2024-06-06 15:30:00-04:00,35.63999938964844,35.64390182495117,35.54999923706055,35.59000015258789,194972,0.0,0.0
2024-06-07 09:30:00-04:00,35.220001220703125,35.503299713134766,35.220001220703125,35.474998474121094,44692,0.0,0.0
2024-06-07 10:30:00-04:00,35.474998474121094,35.564998626708984,35.349998474121094,35.400001525878906,46448,0.0,0.0
2024-06-07 11:30:00-04:00,35.404998779296875,35.5099983215332,35.400001525878906,35.46500015258789,42839,0.0,0.0
2024-06-07 12:30:00-04:00,35.470001220703125,35.51499938964844,35.40999984741211,35.51499938964844,36233,0.0,0.0
2024-06-07 13:30:00-04:00,35.51499938964844,35.51499938964844,35.38999938964844,35.48099899291992,39579,0.0,0.0
2024-06-07 14:30:00-04:00,35.48500061035156,35.54999923706055,35.459999084472656,35.5099983215332,67390,0.0,0.0
2024-06-07 15:30:00-04:00,35.5099983215332,35.54999923706055,35.38999938964844,35.41999816894531,210327,0.0,0.0
2024-06-10 09:30:00-04:00,35.34000015258789,35.54499816894531,35.15999984741211,35.5,112595,0.0,0.0
2024-06-10 10:30:00-04:00,35.5,35.5099983215332,35.369998931884766,35.41999816894531,60255,0.0,0.0
2024-06-10 11:30:00-04:00,35.43000030517578,35.540000915527344,35.38999938964844,35.439998626708984,56182,0.0,0.0
2024-06-10 12:30:00-04:00,35.45000076293945,35.5099983215332,35.40999984741211,35.48500061035156,79411,0.0,0.0
2024-06-10 13:30:00-04:00,35.4900016784668,35.63999938964844,35.470001220703125,35.599998474121094,75640,0.0,0.0
2024-06-10 14:30:00-04:00,35.599998474121094,35.619998931884766,35.459999084472656,35.470001220703125,80758,0.0,0.0
2024-06-10 15:30:00-04:00,35.459999084472656,35.529998779296875,35.369998931884766,35.50699996948242,229278,0.0,0.0
2024-06-11 09:30:00-04:00,35.2599983215332,35.53499984741211,35.11899948120117,35.52000045776367,111414,0.0,0.0
2024-06-11 10:30:00-04:00,35.494998931884766,35.650001525878906,35.46500015258789,35.650001525878906,69701,0.0,0.0
2024-06-11 11:30:00-04:00,35.65999984741211,35.709999084472656,35.61669921875,35.65999984741211,102110,0.0,0.0
2024-06-11 12:30:00-04:00,35.665000915527344,35.69499969482422,35.61000061035156,35.654998779296875,54850,0.0,0.0
2024-06-11 13:30:00-04:00,35.654998779296875,35.654998779296875,35.564998626708984,35.630001068115234,76172,0.0,0.0
2024-06-11 14:30:00-04:00,35.630001068115234,35.64500045776367,35.51499938964844,35.61000061035156,178602,0.0,0.0
2024-06-11 15:30:00-04:00,35.619998931884766,35.709999084472656,35.54999923706055,35.54999923706055,457859,0.0,0.0
2024-06-12 09:30:00-04:00,35.97999954223633,35.9900016784668,35.459999084472656,35.54999923706055,358951,0.0,0.0
2024-06-12 10:30:00-04:00,35.54999923706055,35.71950149536133,35.470001220703125,35.54999923706055,261940,0.0,0.0
2024-06-12 11:30:00-04:00,35.54499816894531,35.685001373291016,35.53499984741211,35.65999984741211,55468,0.0,0.0
2024-06-12 12:30:00-04:00,35.66999816894531,35.66999816894531,35.529998779296875,35.529998779296875,93691,0.0,0.0
2024-06-12 13:30:00-04:00,35.529998779296875,35.54999923706055,35.33000183105469,35.34000015258789,374363,0.0,0.0
2024-06-12 14:30:00-04:00,35.349998474121094,35.47999954223633,35.189998626708984,35.345001220703125,663998,0.0,0.0
2024-06-12 15:30:00-04:00,35.345001220703125,35.48500061035156,35.30500030517578,35.40999984741211,464246,0.0,0.0
2024-06-13 09:30:00-04:00,35.38999938964844,35.54999923706055,35.06999969482422,35.08000183105469,299028,0.0,0.0
2024-06-13 10:30:00-04:00,35.07500076293945,35.084999084472656,34.880001068115234,34.92499923706055,294386,0.0,0.0
2024-06-13 11:30:00-04:00,34.92499923706055,35.066001892089844,34.880001068115234,35.064998626708984,187813,0.0,0.0
2024-06-13 12:30:00-04:00,35.064998626708984,35.27000045776367,35.03499984741211,35.14500045776367,171022,0.0,0.0
2024-06-13 13:30:00-04:00,35.13999938964844,35.375,35.1349983215332,35.375,139809,0.0,0.0
2024-06-13 14:30:00-04:00,35.375,35.529998779296875,35.349998474121094,35.44499969482422,515789,0.0,0.0
2024-06-13 15:30:00-04:00,35.44499969482422,35.52000045776367,35.34000015258789,35.34000015258789,521789,0.0,0.0
2024-06-14 09:30:00-04:00,35.15999984741211,35.34000015258789,35.099998474121094,35.189998626708984,54011,0.0,0.0
2024-06-14 10:30:00-04:00,35.19499969482422,35.290000915527344,35.08000183105469,35.290000915527344,62474,0.0,0.0
2024-06-14 11:30:00-04:00,35.290000915527344,35.310001373291016,35.20000076293945,35.27000045776367,67164,0.0,0.0
2024-06-14 12:30:00-04:00,35.2599983215332,35.275001525878906,35.17499923706055,35.20000076293945,311803,0.0,0.0
2024-06-14 13:30:00-04:00,35.20500183105469,35.266998291015625,35.15999984741211,35.22549819946289,89100,0.0,0.0
2024-06-14 14:30:00-04:00,35.224998474121094,35.34000015258789,35.15999984741211,35.28499984741211,196781,0.0,0.0
2024-06-14 15:30:00-04:00,35.279998779296875,35.314998626708984,35.22999954223633,35.22999954223633,315796,0.0,0.0
2024-06-17 09:30:00-04:00,34.97999954223633,35.119998931884766,34.869998931884766,34.970001220703125,103225,0.0,0.0
2024-06-17 10:30:00-04:00,34.959999084472656,35.125,34.84000015258789,35.10499954223633,88433,0.0,0.0
2024-06-17 11:30:00-04:00,35.099998474121094,35.23500061035156,35.064998626708984,35.230098724365234,73063,0.0,0.0
2024-06-17 12:30:00-04:00,35.2400016784668,35.2599983215332,35.20000076293945,35.22999954223633,60351,0.0,0.0
2024-06-17 13:30:00-04:00,35.23500061035156,35.36000061035156,35.22999954223633,35.33000183105469,80492,0.0,0.0
2024-06-17 14:30:00-04:00,35.32500076293945,35.334999084472656,35.150001525878906,35.18000030517578,92984,0.0,0.0
2024-06-17 15:30:00-04:00,35.185001373291016,35.19499969482422,35.03499984741211,35.130001068115234,256359,0.0,0.0
2024-06-18 09:30:00-04:00,35.09000015258789,35.29999923706055,34.92499923706055,34.959999084472656,205417,0.0,0.0
2024-06-18 10:30:00-04:00,34.959999084472656,35.08000183105469,34.91999816894531,35.029998779296875,84628,0.0,0.0
2024-06-18 11:30:00-04:00,35.040000915527344,35.18000030517578,35.040000915527344,35.130001068115234,83967,0.0,0.0
2024-06-18 12:30:00-04:00,35.130001068115234,35.150001525878906,35.005001068115234,35.0099983215332,78377,0.0,0.0
2024-06-18 13:30:00-04:00,35.005001068115234,35.10499954223633,35.0,35.04999923706055,68056,0.0,0.0
2024-06-18 14:30:00-04:00,35.060001373291016,35.060001373291016,34.994998931884766,35.02000045776367,111264,0.0,0.0
2024-06-18 15:30:00-04:00,35.02000045776367,35.1349983215332,35.02000045776367,35.11000061035156,157889,0.0,0.0
2024-06-20 09:30:00-04:00,35.04999923706055,35.400001525878906,35.04999923706055,35.33000183105469,110793,0.0,0.0
2024-06-20 10:30:00-04:00,35.345001220703125,35.345001220703125,35.04999923706055,35.06999969482422,147356,0.0,0.0
2024-06-20 11:30:00-04:00,35.06999969482422,35.16999816894531,35.029998779296875,35.15999984741211,74291,0.0,0.0
2024-06-20 12:30:00-04:00,35.15999984741211,35.255001068115234,35.13999938964844,35.224998474121094,57811,0.0,0.0
2024-06-20 13:30:00-04:00,35.22999954223633,35.3650016784668,35.224998474121094,35.33000183105469,78490,0.0,0.0
2024-06-20 14:30:00-04:00,35.334999084472656,35.3650016784668,35.275001525878906,35.310001373291016,104339,0.0,0.0
2024-06-20 15:30:00-04:00,35.29999923706055,35.34000015258789,35.2400016784668,35.290000915527344,215217,0.0,0.0
2024-06-21 09:30:00-04:00,35.400001525878906,35.619998931884766,35.33000183105469,35.599998474121094,160370,0.0,0.0
2024-06-21 10:30:00-04:00,35.58000183105469,35.595001220703125,35.310001373291016,35.33000183105469,65459,0.0,0.0
2024-06-21 11:30:00-04:00,35.33000183105469,35.439998626708984,35.22999954223633,35.42499923706055,130976,0.0,0.0
2024-06-21 12:30:00-04:00,35.43000030517578,35.5,35.35499954223633,35.439998626708984,96170,0.0,0.0
2024-06-21 13:30:00-04:00,35.43000030517578,35.494998931884766,35.40999984741211,35.47999954223633,56844,0.0,0.0
2024-06-21 14:30:00-04:00,35.474998474121094,35.5,35.41999816894531,35.459999084472656,115248,0.0,0.0
2024-06-21 15:30:00-04:00,35.45000076293945,35.459999084472656,35.279998779296875,35.32500076293945,227165,0.0,0.0
2024-06-24 09:30:00-04:00,35.400001525878906,35.76259994506836,35.380001068115234,35.76259994506836,65840,0.0,0.0
2024-06-24 10:30:00-04:00,35.77000045776367,35.880001068115234,35.720001220703125,35.810001373291016,64890,0.0,0.0
2024-06-24 11:30:00-04:00,35.810001373291016,35.84000015258789,35.7599983215332,35.84000015258789,51850,0.0,0.0
2024-06-24 12:30:00-04:00,35.834999084472656,35.869998931884766,35.80500030517578,35.83000183105469,63527,0.0,0.0
2024-06-24 13:30:00-04:00,35.84000015258789,35.9900016784668,35.79999923706055,35.97999954223633,53581,0.0,0.0
2024-06-24 14:30:00-04:00,35.97999954223633,36.025001525878906,35.84000015258789,35.849998474121094,106893,0.0,0.0
2024-06-24 15:30:00-04:00,35.849998474121094,35.94499969482422,35.79499816894531,35.849998474121094,267270,0.0,0.0
2024-06-25 09:30:00-04:00,35.790000915527344,35.81999969482422,35.459999084472656,35.540000915527344,72352,0.0,0.0
2024-06-25 10:30:00-04:00,35.54499816894531,35.6349983215332,35.45000076293945,35.46500015258789,59241,0.0,0.0
2024-06-25 11:30:00-04:00,35.470001220703125,35.48500061035156,35.375,35.459999084472656,84009,0.0,0.0
2024-06-25 12:30:00-04:00,35.45000076293945,35.459999084472656,35.36000061035156,35.45500183105469,67676,0.0,0.0
2024-06-25 13:30:00-04:00,35.45500183105469,35.459999084472656,35.3650016784668,35.404998779296875,58416,0.0,0.0
2024-06-25 14:30:00-04:00,35.400001525878906,35.40999984741211,35.290000915527344,35.30099868774414,74607,0.0,0.0
2024-06-25 15:30:00-04:00,35.29999923706055,35.29999923706055,35.23500061035156,35.2599983215332,234397,0.0,0.0
2024-06-26 09:30:00-04:00,35.025001525878906,35.13999938964844,34.915000915527344,35.1150016784668,79458,0.0,0.0
2024-06-26 10:30:00-04:00,35.10499954223633,35.224998474121094,35.02000045776367,35.220001220703125,44112,0.0,0.0
2024-06-26 11:30:00-04:00,35.220001220703125,35.310001373291016,35.18000030517578,35.18000030517578,45483,0.0,0.0
2024-06-26 12:30:00-04:00,35.185001373291016,35.21900177001953,35.14500045776367,35.189998626708984,35065,0.0,0.0
2024-06-26 13:30:00-04:00,35.20000076293945,35.21500015258789,35.16019821166992,35.165000915527344,40091,0.0,0.0
2024-06-26 14:30:00-04:00,35.15999984741211,35.209999084472656,35.154998779296875,35.185001373291016,52788,0.0,0.0
2024-06-26 15:30:00-04:00,35.18000030517578,35.34000015258789,35.17499923706055,35.2599983215332,127409,0.0,0.0
2024-06-27 09:30:00-04:00,35.33000183105469,35.349998474121094,35.150001525878906,35.28499984741211,114058,0.0,0.0
2024-06-27 10:30:00-04:00,35.290000915527344,35.45500183105469,35.290000915527344,35.45000076293945,71841,0.0,0.0
2024-06-27 11:30:00-04:00,35.45500183105469,35.5099983215332,35.435001373291016,35.45000076293945,55745,0.0,0.0
2024-06-27 12:30:00-04:00,35.439998626708984,35.459999084472656,35.369998931884766,35.439998626708984,50764,0.0,0.0
2024-06-27 13:30:00-04:00,35.439998626708984,35.45500183105469,35.3849983215332,35.39500045776367,59348,0.0,0.0
2024-06-27 14:30:00-04:00,35.38999938964844,35.5099983215332,35.3849983215332,35.494998931884766,82609,0.0,0.0
2024-06-27 15:30:00-04:00,35.5,35.654998779296875,35.494998931884766,35.58000183105469,230630,0.0,0.0
2024-06-28 09:30:00-04:00,35.63999938964844,35.65999984741211,35.38999938964844,35.599998474121094,95117,0.0,0.0
2024-06-28 10:30:00-04:00,35.595001220703125,35.69499969482422,35.39459991455078,35.432701110839844,102291,0.0,0.0
2024-06-28 11:30:00-04:00,35.43000030517578,35.4900016784668,35.38999938964844,35.48500061035156,126522,0.0,0.0
2024-06-28 12:30:00-04:00,35.48500061035156,35.619998931884766,35.474998474121094,35.47999954223633,83731,0.0,0.0
2024-06-28 13:30:00-04:00,35.470001220703125,35.599998474121094,35.45000076293945,35.54499816894531,140575,0.0,0.0
2024-06-28 14:30:00-04:00,35.54999923706055,35.65999984741211,35.52000045776367,35.64500045776367,206784,0.0,0.0
2024-06-28 15:30:00-04:00,35.650001525878906,35.75,35.57099914550781,35.66999816894531,435050,0.0,0.0
