Datetime,Open,High,Low,Close,Volume,Dividends,Stock Splits
2022-06-30 09:30:00-04:00,45.349998474121094,45.53099822998047,45.0099983215332,45.189998626708984,128664,0.0,0.0
2022-06-30 10:30:00-04:00,45.189998626708984,45.48500061035156,45.13999938964844,45.45000076293945,68991,0.0,0.0
2022-06-30 11:30:00-04:00,45.439998626708984,45.709999084472656,45.400001525878906,45.709999084472656,67961,0.0,0.0
2022-06-30 12:30:00-04:00,45.72999954223633,45.84000015258789,45.65999984741211,45.665000915527344,81364,0.0,0.0
2022-06-30 13:30:00-04:00,45.654998779296875,45.880001068115234,45.654998779296875,45.790000915527344,73731,0.0,0.0
2022-06-30 14:30:00-04:00,45.79999923706055,45.81999969482422,45.45000076293945,45.63999938964844,90347,0.0,0.0
2022-06-30 15:30:00-04:00,45.63999938964844,45.91999816894531,45.61000061035156,45.81999969482422,208211,0.0,0.0
2022-07-01 09:30:00-04:00,45.81999969482422,46.33000183105469,45.630001068115234,45.68000030517578,61723,0.0,0.0
2022-07-01 10:30:00-04:00,45.689998626708984,45.95000076293945,45.540000915527344,45.88999938964844,31521,0.0,0.0
2022-07-01 11:30:00-04:00,45.90999984741211,46.060001373291016,45.81999969482422,46.060001373291016,31268,0.0,0.0
2022-07-01 12:30:00-04:00,46.084999084472656,46.11000061035156,45.970001220703125,46.11000061035156,33403,0.0,0.0
2022-07-01 13:30:00-04:00,46.10499954223633,46.36000061035156,46.03499984741211,46.29999923706055,41013,0.0,0.0
2022-07-01 14:30:00-04:00,46.29999923706055,46.42499923706055,46.25,46.400001525878906,78553,0.0,0.0
2022-07-01 15:30:00-04:00,46.40999984741211,46.54499816894531,46.290000915527344,46.36000061035156,141426,0.0,0.0
2022-07-05 09:30:00-04:00,45.66999816894531,45.66999816894531,44.904998779296875,44.95000076293945,135447,0.0,0.0
2022-07-05 10:30:00-04:00,44.959999084472656,45.099998474121094,44.470001220703125,44.47999954223633,78411,0.0,0.0
2022-07-05 11:30:00-04:00,44.459999084472656,44.52000045776367,44.2400016784668,44.380001068115234,114982,0.0,0.0
2022-07-05 12:30:00-04:00,44.400001525878906,44.400001525878906,44.06890106201172,44.20000076293945,107539,0.0,0.0
2022-07-05 13:30:00-04:00,44.15999984741211,44.34000015258789,44.119998931884766,44.334999084472656,115175,0.0,0.0
2022-07-05 14:30:00-04:00,44.33000183105469,44.915000915527344,44.33000183105469,44.88999938964844,100219,0.0,0.0
2022-07-05 15:30:00-04:00,44.88999938964844,44.994998931884766,44.84000015258789,44.88999938964844,140641,0.0,0.0
2022-07-06 09:30:00-04:00,44.689998626708984,44.849998474121094,44.15999984741211,44.369998931884766,0,0.0,0.0
2022-07-06 10:30:00-04:00,44.35499954223633,44.43000030517578,43.939998626708984,43.970001220703125,102306,0.0,0.0
2022-07-06 11:30:00-04:00,43.959999084472656,44.369998931884766,43.845001220703125,44.29999923706055,115387,0.0,0.0
2022-07-06 12:30:00-04:00,44.29859924316406,44.38999938964844,44.220001220703125,44.29999923706055,45566,0.0,0.0
2022-07-06 13:30:00-04:00,44.279998779296875,44.415000915527344,44.209999084472656,44.415000915527344,75211,0.0,0.0
2022-07-06 14:30:00-04:00,44.415000915527344,44.630001068115234,44.369998931884766,44.61000061035156,115144,0.0,0.0
2022-07-06 15:30:00-04:00,44.599998474121094,44.69499969482422,44.560001373291016,44.58000183105469,105499,0.0,0.0
2022-07-07 09:30:00-04:00,45.02000045776367,45.65999984741211,44.91999816894531,45.27000045776367,138568,0.0,0.0
2022-07-07 10:30:00-04:00,45.279998779296875,45.630001068115234,45.23500061035156,45.58000183105469,53727,0.0,0.0
2022-07-07 11:30:00-04:00,45.58000183105469,45.75,45.5099983215332,45.58000183105469,78690,0.0,0.0
2022-07-07 12:30:00-04:00,45.56999969482422,45.720001220703125,45.5,45.599998474121094,55635,0.0,0.0
2022-07-07 13:30:00-04:00,45.599998474121094,45.72999954223633,45.540000915527344,45.719398498535156,83535,0.0,0.0
2022-07-07 14:30:00-04:00,45.70000076293945,45.720001220703125,45.52000045776367,45.56999969482422,70199,0.0,0.0
2022-07-07 15:30:00-04:00,45.564998626708984,45.650001525878906,45.5099983215332,45.58000183105469,107380,0.0,0.0
2022-07-08 09:30:00-04:00,45.619998931884766,45.68000030517578,45.22999954223633,45.56999969482422,125658,0.0,0.0
2022-07-08 10:30:00-04:00,45.564998626708984,45.8849983215332,45.564998626708984,45.869998931884766,80325,0.0,0.0
2022-07-08 11:30:00-04:00,45.85499954223633,45.88999938964844,45.560001373291016,45.560001373291016,74751,0.0,0.0
2022-07-08 12:30:00-04:00,45.57619857788086,45.59000015258789,45.415000915527344,45.494998931884766,49993,0.0,0.0
2022-07-08 13:30:00-04:00,45.5,45.58000183105469,45.349998474121094,45.529998779296875,73768,0.0,0.0
2022-07-08 14:30:00-04:00,45.540000915527344,45.595001220703125,45.459999084472656,45.48500061035156,70614,0.0,0.0
2022-07-08 15:30:00-04:00,45.48500061035156,45.529998779296875,45.41999816894531,45.47999954223633,136959,0.0,0.0
2022-07-11 09:30:00-04:00,45.150001525878906,45.41999816894531,44.9900016784668,45.130001068115234,106468,0.0,0.0
2022-07-11 10:30:00-04:00,45.16999816894531,45.290000915527344,45.130001068115234,45.275001525878906,67129,0.0,0.0
2022-07-11 11:30:00-04:00,45.27000045776367,45.29999923706055,45.08000183105469,45.130001068115234,55866,0.0,0.0
2022-07-11 12:30:00-04:00,45.119998931884766,45.279998779296875,45.09000015258789,45.279998779296875,43591,0.0,0.0
2022-07-11 13:30:00-04:00,45.27000045776367,45.34000015258789,45.15999984741211,45.220001220703125,52709,0.0,0.0
2022-07-11 14:30:00-04:00,45.21500015258789,45.279998779296875,45.125,45.15999984741211,69816,0.0,0.0
2022-07-11 15:30:00-04:00,45.15999984741211,45.279998779296875,45.130001068115234,45.279998779296875,133404,0.0,0.0
2022-07-12 09:30:00-04:00,44.91999816894531,45.72999954223633,44.91999816894531,45.650001525878906,121072,0.0,0.0
2022-07-12 10:30:00-04:00,45.66999816894531,45.779998779296875,45.630001068115234,45.68000030517578,55493,0.0,0.0
2022-07-12 11:30:00-04:00,45.68000030517578,45.707401275634766,45.560001373291016,45.58000183105469,53686,0.0,0.0
2022-07-12 12:30:00-04:00,45.59000015258789,45.75,45.58000183105469,45.75,39525,0.0,0.0
2022-07-12 13:30:00-04:00,45.7599983215332,45.869998931884766,45.72999954223633,45.790000915527344,56873,0.0,0.0
2022-07-12 14:30:00-04:00,45.810001373291016,45.810001373291016,45.185001373291016,45.189998626708984,86230,0.0,0.0
2022-07-12 15:30:00-04:00,45.185001373291016,45.290000915527344,45.1150016784668,45.290000915527344,178769,0.0,0.0
2022-07-13 09:30:00-04:00,44.91999816894531,44.91999816894531,43.970001220703125,44.04499816894531,261851,0.0,0.0
2022-07-13 10:30:00-04:00,44.06999969482422,44.68000030517578,44.0099983215332,44.58000183105469,217602,0.0,0.0
2022-07-13 11:30:00-04:00,44.58000183105469,44.654998779296875,44.38999938964844,44.55500030517578,74246,0.0,0.0
2022-07-13 12:30:00-04:00,44.560001373291016,44.75,44.505001068115234,44.689998626708984,85356,0.0,0.0
2022-07-13 13:30:00-04:00,44.68000030517578,44.86000061035156,44.59000015258789,44.76499938964844,230018,0.0,0.0
2022-07-13 14:30:00-04:00,44.77000045776367,44.91999816894531,44.744998931884766,44.89690017700195,161046,0.0,0.0
2022-07-13 15:30:00-04:00,44.900001525878906,44.904998779296875,44.75,44.75,176059,0.0,0.0
2022-07-14 09:30:00-04:00,43.68000030517578,43.73440170288086,42.83000183105469,43.130001068115234,0,0.0,0.0
2022-07-14 10:30:00-04:00,43.15999984741211,43.29999923706055,43.03499984741211,43.28499984741211,71804,0.0,0.0
2022-07-14 11:30:00-04:00,43.290000915527344,43.630001068115234,43.2151985168457,43.279998779296875,76685,0.0,0.0
2022-07-14 12:30:00-04:00,43.27000045776367,43.33000183105469,42.970001220703125,43.11000061035156,58547,0.0,0.0
2022-07-14 13:30:00-04:00,43.10499954223633,43.33000183105469,43.02000045776367,43.31999969482422,83780,0.0,0.0
2022-07-14 14:30:00-04:00,43.30500030517578,43.380001068115234,43.189998626708984,43.279998779296875,78296,0.0,0.0
2022-07-14 15:30:00-04:00,43.275001525878906,43.29999923706055,43.10499954223633,43.20000076293945,134035,0.0,0.0
2022-07-15 09:30:00-04:00,43.52000045776367,43.779998779296875,43.099998474121094,43.61000061035156,162663,0.0,0.0
2022-07-15 10:30:00-04:00,43.59000015258789,43.630001068115234,43.349998474121094,43.45000076293945,153808,0.0,0.0
2022-07-15 11:30:00-04:00,43.439998626708984,43.525001525878906,43.369998931884766,43.435001373291016,76414,0.0,0.0
2022-07-15 12:30:00-04:00,43.44200134277344,43.45000076293945,43.27000045776367,43.33000183105469,106520,0.0,0.0
2022-07-15 13:30:00-04:00,43.31999969482422,43.415000915527344,43.275001525878906,43.369998931884766,102512,0.0,0.0
2022-07-15 14:30:00-04:00,43.369998931884766,43.474998474121094,43.325401306152344,43.40999984741211,111486,0.0,0.0
2022-07-15 15:30:00-04:00,43.404998779296875,43.40999984741211,43.279998779296875,43.380001068115234,126773,0.0,0.0
2022-07-18 09:30:00-04:00,43.970001220703125,44.16999816894531,43.790000915527344,43.994998931884766,172757,0.0,0.0
2022-07-18 10:30:00-04:00,44.02000045776367,44.130001068115234,43.810001373291016,43.84000015258789,86118,0.0,0.0
2022-07-18 11:30:00-04:00,43.849998474121094,43.9093017578125,43.810001373291016,43.849998474121094,44162,0.0,0.0
2022-07-18 12:30:00-04:00,43.84000015258789,43.959999084472656,43.7400016784668,43.75,42786,0.0,0.0
2022-07-18 13:30:00-04:00,43.7400016784668,43.7400016784668,43.5,43.540000915527344,46934,0.0,0.0
2022-07-18 14:30:00-04:00,43.540000915527344,43.58000183105469,43.36000061035156,43.36000061035156,54931,0.0,0.0
2022-07-18 15:30:00-04:00,43.349998474121094,43.400001525878906,43.2599983215332,43.380001068115234,105859,0.0,0.0
2022-07-19 09:30:00-04:00,43.900001525878906,44.59000015258789,43.869998931884766,44.5099983215332,139425,0.0,0.0
2022-07-19 10:30:00-04:00,44.5,44.540000915527344,44.334999084472656,44.474998474121094,153443,0.0,0.0
2022-07-19 11:30:00-04:00,44.4900016784668,44.58000183105469,44.380001068115234,44.400001525878906,84388,0.0,0.0
2022-07-19 12:30:00-04:00,44.400001525878906,44.470001220703125,44.345001220703125,44.3849983215332,88731,0.0,0.0
2022-07-19 13:30:00-04:00,44.40999984741211,44.709999084472656,44.40999984741211,44.63999938964844,119593,0.0,0.0
2022-07-19 14:30:00-04:00,44.630001068115234,44.83000183105469,44.61000061035156,44.7599983215332,182228,0.0,0.0
2022-07-19 15:30:00-04:00,44.755001068115234,44.755001068115234,44.584999084472656,44.689998626708984,229226,0.0,0.0
2022-07-20 09:30:00-04:00,44.4900016784668,44.63999938964844,44.220001220703125,44.310001373291016,110287,0.0,0.0
2022-07-20 10:30:00-04:00,44.31999969482422,44.59270095825195,44.290000915527344,44.41999816894531,90227,0.0,0.0
2022-07-20 11:30:00-04:00,44.41999816894531,44.545501708984375,44.310001373291016,44.5099983215332,49819,0.0,0.0
2022-07-20 12:30:00-04:00,44.5,44.54999923706055,44.380001068115234,44.459999084472656,73712,0.0,0.0
2022-07-20 13:30:00-04:00,44.459999084472656,44.54719924926758,44.345001220703125,44.54719924926758,67030,0.0,0.0
2022-07-20 14:30:00-04:00,44.540000915527344,44.71500015258789,44.5099983215332,44.6150016784668,67381,0.0,0.0
2022-07-20 15:30:00-04:00,44.6150016784668,44.6150016784668,44.505001068115234,44.59000015258789,83402,0.0,0.0
2022-07-21 09:30:00-04:00,44.52000045776367,44.630001068115234,44.04999923706055,44.060001373291016,0,0.0,0.0
2022-07-21 10:30:00-04:00,44.060001373291016,44.290000915527344,44.040000915527344,44.25429916381836,78053,0.0,0.0
2022-07-21 11:30:00-04:00,44.2400016784668,44.43000030517578,44.20500183105469,44.42900085449219,64841,0.0,0.0
2022-07-21 12:30:00-04:00,44.41999816894531,44.44889831542969,44.369998931884766,44.40999984741211,48837,0.0,0.0
2022-07-21 13:30:00-04:00,44.38999938964844,44.474998474121094,44.25,44.38999938964844,42870,0.0,0.0
2022-07-21 14:30:00-04:00,44.3849983215332,44.41999816894531,44.332298278808594,44.380001068115234,48039,0.0,0.0
2022-07-21 15:30:00-04:00,44.3849983215332,44.5099983215332,44.349998474121094,44.5,127501,0.0,0.0
2022-07-22 09:30:00-04:00,44.65999984741211,44.84000015258789,44.369998931884766,44.650001525878906,86157,0.0,0.0
2022-07-22 10:30:00-04:00,44.650001525878906,44.790000915527344,44.564998626708984,44.564998626708984,60336,0.0,0.0
2022-07-22 11:30:00-04:00,44.560001373291016,44.56999969482422,44.31999969482422,44.35499954223633,45786,0.0,0.0
2022-07-22 12:30:00-04:00,44.3650016784668,44.43000030517578,44.16999816894531,44.20000076293945,33109,0.0,0.0
2022-07-22 13:30:00-04:00,44.19499969482422,44.19499969482422,43.9900016784668,44.040000915527344,47815,0.0,0.0
2022-07-22 14:30:00-04:00,44.029998779296875,44.220001220703125,44.0099983215332,44.220001220703125,54187,0.0,0.0
2022-07-22 15:30:00-04:00,44.220001220703125,44.34000015258789,44.18000030517578,44.34000015258789,73457,0.0,0.0
2022-07-25 09:30:00-04:00,44.689998626708984,44.900001525878906,44.380001068115234,44.689998626708984,96507,0.0,0.0
2022-07-25 10:30:00-04:00,44.689998626708984,44.720001220703125,44.529998779296875,44.720001220703125,50365,0.0,0.0
2022-07-25 11:30:00-04:00,44.73500061035156,44.82500076293945,44.642601013183594,44.709999084472656,43551,0.0,0.0
2022-07-25 12:30:00-04:00,44.71500015258789,44.831199645996094,44.71500015258789,44.790000915527344,38559,0.0,0.0
2022-07-25 13:30:00-04:00,44.79410171508789,44.79999923706055,44.584999084472656,44.59000015258789,96963,0.0,0.0
2022-07-25 14:30:00-04:00,44.58000183105469,44.599998474121094,44.369998931884766,44.5,225760,0.0,0.0
2022-07-25 15:30:00-04:00,44.4900016784668,44.72999954223633,44.459999084472656,44.70000076293945,201316,0.0,0.0
2022-07-26 09:30:00-04:00,44.43000030517578,44.709999084472656,44.369998931884766,44.43000030517578,75258,0.0,0.0
2022-07-26 10:30:00-04:00,44.470001220703125,44.755001068115234,44.45000076293945,44.540000915527344,57321,0.0,0.0
2022-07-26 11:30:00-04:00,44.52000045776367,44.52000045776367,44.27000045776367,44.369998931884766,38480,0.0,0.0
2022-07-26 12:30:00-04:00,44.380001068115234,44.54999923706055,44.349998474121094,44.540000915527344,42310,0.0,0.0
2022-07-26 13:30:00-04:00,44.540000915527344,44.540000915527344,44.36000061035156,44.369998931884766,38456,0.0,0.0
2022-07-26 14:30:00-04:00,44.35499954223633,44.41999816894531,44.279998779296875,44.40999984741211,44854,0.0,0.0
2022-07-26 15:30:00-04:00,44.41999816894531,44.4900016784668,44.380001068115234,44.400001525878906,103781,0.0,0.0
2022-07-27 09:30:00-04:00,44.459999084472656,44.91999816894531,44.459999084472656,44.76499938964844,0,0.0,0.0
2022-07-27 10:30:00-04:00,44.78099822998047,44.79999923706055,44.630001068115234,44.64500045776367,49318,0.0,0.0
2022-07-27 11:30:00-04:00,44.64500045776367,44.790000915527344,44.63999938964844,44.68000030517578,43942,0.0,0.0
2022-07-27 12:30:00-04:00,44.685001373291016,44.720001220703125,44.564998626708984,44.63999938964844,28459,0.0,0.0
2022-07-27 13:30:00-04:00,44.650001525878906,44.83000183105469,44.619998931884766,44.75,47421,0.0,0.0
2022-07-27 14:30:00-04:00,44.7400016784668,45.279998779296875,44.58000183105469,45.275001525878906,146727,0.0,0.0
2022-07-27 15:30:00-04:00,45.27000045776367,45.29999923706055,45.040000915527344,45.09000015258789,128734,0.0,0.0
2022-07-28 09:30:00-04:00,45.15999984741211,45.31999969482422,44.790000915527344,44.86000061035156,115706,0.0,0.0
2022-07-28 10:30:00-04:00,44.88999938964844,45.494998931884766,44.79999923706055,45.494998931884766,124558,0.0,0.0
2022-07-28 11:30:00-04:00,45.4900016784668,45.599998474121094,45.380001068115234,45.5,86976,0.0,0.0
2022-07-28 12:30:00-04:00,45.51499938964844,45.63999938964844,45.435001373291016,45.625,80555,0.0,0.0
2022-07-28 13:30:00-04:00,45.6150016784668,45.790000915527344,45.59000015258789,45.619998931884766,65640,0.0,0.0
2022-07-28 14:30:00-04:00,45.619998931884766,45.665000915527344,45.56999969482422,45.584999084472656,54539,0.0,0.0
2022-07-28 15:30:00-04:00,45.58000183105469,45.650001525878906,45.5,45.650001525878906,130737,0.0,0.0
2022-07-29 09:30:00-04:00,45.709999084472656,46.5,45.709999084472656,46.45000076293945,105189,0.0,0.0
2022-07-29 10:30:00-04:00,46.45000076293945,46.7400016784668,46.375,46.54999923706055,120705,0.0,0.0
2022-07-29 11:30:00-04:00,46.560001373291016,46.79499816894531,46.54999923706055,46.68939971923828,78236,0.0,0.0
2022-07-29 12:30:00-04:00,46.720001220703125,46.810001373291016,46.560001373291016,46.630001068115234,71067,0.0,0.0
2022-07-29 13:30:00-04:00,46.619998931884766,46.72999954223633,46.619998931884766,46.65999984741211,42398,0.0,0.0
2022-07-29 14:30:00-04:00,46.65999984741211,46.66999816894531,46.54999923706055,46.63999938964844,49970,0.0,0.0
2022-07-29 15:30:00-04:00,46.630001068115234,46.630001068115234,46.400001525878906,46.439998626708984,166996,0.0,0.0
2022-08-01 09:30:00-04:00,46.130001068115234,46.150001525878906,45.75,45.77799987792969,128677,0.0,0.0
2022-08-01 10:30:00-04:00,45.779998779296875,45.959999084472656,45.619998931884766,45.90999984741211,54689,0.0,0.0
2022-08-01 11:30:00-04:00,45.900001525878906,46.040000915527344,45.76559829711914,45.96379852294922,82346,0.0,0.0
2022-08-01 12:30:00-04:00,45.96500015258789,46.02000045776367,45.93000030517578,45.939998626708984,54413,0.0,0.0
2022-08-01 13:30:00-04:00,45.939998626708984,45.939998626708984,45.72999954223633,45.880001068115234,38698,0.0,0.0
2022-08-01 14:30:00-04:00,45.869998931884766,46.08000183105469,45.83000183105469,46.029998779296875,45145,0.0,0.0
2022-08-01 15:30:00-04:00,46.02000045776367,46.06999969482422,45.900001525878906,45.90999984741211,82565,0.0,0.0
2022-08-02 09:30:00-04:00,45.619998931884766,45.81999969482422,45.31999969482422,45.68000030517578,122627,0.0,0.0
2022-08-02 10:30:00-04:00,45.709999084472656,45.720001220703125,45.439998626708984,45.525001525878906,78939,0.0,0.0
2022-08-02 11:30:00-04:00,45.529998779296875,45.810001373291016,45.52000045776367,45.810001373291016,78308,0.0,0.0
2022-08-02 12:30:00-04:00,45.810001373291016,46.0,45.77000045776367,45.78499984741211,86388,0.0,0.0
2022-08-02 13:30:00-04:00,45.76499938964844,45.81999969482422,45.65999984741211,45.72999954223633,69204,0.0,0.0
2022-08-02 14:30:00-04:00,45.72999954223633,45.75,45.540000915527344,45.599998474121094,86740,0.0,0.0
2022-08-02 15:30:00-04:00,45.59000015258789,45.70000076293945,45.40999984741211,45.439998626708984,195606,0.0,0.0
2022-08-03 09:30:00-04:00,45.86000061035156,45.86000061035156,45.33000183105469,45.717498779296875,108024,0.0,0.0
2022-08-03 10:30:00-04:00,45.720001220703125,45.91999816894531,45.709999084472656,45.76499938964844,116130,0.0,0.0
2022-08-03 11:30:00-04:00,45.779998779296875,46.0099983215332,45.75,45.970001220703125,80031,0.0,0.0
2022-08-03 12:30:00-04:00,45.970001220703125,46.1692008972168,45.96500015258789,46.1692008972168,61185,0.0,0.0
2022-08-03 13:30:00-04:00,46.16999816894531,46.2400016784668,46.064998626708984,46.2400016784668,59045,0.0,0.0
2022-08-03 14:30:00-04:00,46.22999954223633,46.2599983215332,46.119998931884766,46.15999984741211,59305,0.0,0.0
2022-08-03 15:30:00-04:00,46.15999984741211,46.15999984741211,46.0099983215332,46.060001373291016,128031,0.0,0.0
2022-08-04 09:30:00-04:00,46.09000015258789,47.529998779296875,46.04999923706055,47.11000061035156,181819,0.0,0.0
2022-08-04 10:30:00-04:00,47.06999969482422,47.20000076293945,46.84000015258789,47.130001068115234,60920,0.0,0.0
2022-08-04 11:30:00-04:00,47.13999938964844,47.40999984741211,47.0,47.36000061035156,67332,0.0,0.0
2022-08-04 12:30:00-04:00,47.369998931884766,47.38999938964844,47.150001525878906,47.38999938964844,52277,0.0,0.0
2022-08-04 13:30:00-04:00,47.369998931884766,47.4900016784668,47.119998931884766,47.154998779296875,61240,0.0,0.0
2022-08-04 14:30:00-04:00,47.15999984741211,47.20009994506836,47.060001373291016,47.119998931884766,53681,0.0,0.0
2022-08-04 15:30:00-04:00,47.119998931884766,47.130001068115234,46.970001220703125,47.029998779296875,156072,0.0,0.0
2022-08-05 09:30:00-04:00,46.709999084472656,46.790000915527344,46.369998931884766,46.59000015258789,144526,0.0,0.0
2022-08-05 10:30:00-04:00,46.6150016784668,46.619998931884766,46.15999984741211,46.18000030517578,84215,0.0,0.0
2022-08-05 11:30:00-04:00,46.16999816894531,46.290000915527344,46.13999938964844,46.244998931884766,88047,0.0,0.0
2022-08-05 12:30:00-04:00,46.2400016784668,46.41999816894531,46.189998626708984,46.349998474121094,76820,0.0,0.0
2022-08-05 13:30:00-04:00,46.349998474121094,46.470001220703125,46.27000045776367,46.290000915527344,63429,0.0,0.0
2022-08-05 14:30:00-04:00,46.2599983215332,46.40999984741211,46.21500015258789,46.40999984741211,68708,0.0,0.0
2022-08-05 15:30:00-04:00,46.40999984741211,46.720001220703125,46.40999984741211,46.70500183105469,151591,0.0,0.0
2022-08-08 09:30:00-04:00,47.06999969482422,47.38249969482422,46.939998626708984,47.119998931884766,0,0.0,0.0
2022-08-08 10:30:00-04:00,47.119998931884766,47.2400016784668,47.02000045776367,47.05500030517578,80101,0.0,0.0
2022-08-08 11:30:00-04:00,47.04499816894531,47.1150016784668,46.939998626708984,47.029998779296875,56482,0.0,0.0
2022-08-08 12:30:00-04:00,47.040000915527344,47.209999084472656,46.98500061035156,47.13999938964844,33124,0.0,0.0
2022-08-08 13:30:00-04:00,47.13999938964844,47.20000076293945,47.060001373291016,47.09000015258789,44272,0.0,0.0
2022-08-08 14:30:00-04:00,47.084999084472656,47.13999938964844,47.025001525878906,47.099998474121094,43748,0.0,0.0
2022-08-08 15:30:00-04:00,47.09000015258789,47.119998931884766,47.005001068115234,47.02000045776367,92557,0.0,0.0
2022-08-09 09:30:00-04:00,47.11000061035156,47.11000061035156,46.68000030517578,46.81999969482422,140801,0.0,0.0
2022-08-09 10:30:00-04:00,46.83000183105469,46.84000015258789,46.525001525878906,46.630001068115234,74083,0.0,0.0
2022-08-09 11:30:00-04:00,46.625,46.689998626708984,46.54999923706055,46.564998626708984,35688,0.0,0.0
2022-08-09 12:30:00-04:00,46.560001373291016,46.630001068115234,46.50429916381836,46.61000061035156,22251,0.0,0.0
2022-08-09 13:30:00-04:00,46.60499954223633,46.630001068115234,46.45000076293945,46.470001220703125,53389,0.0,0.0
2022-08-09 14:30:00-04:00,46.470001220703125,46.619998931884766,46.41999816894531,46.6150016784668,61160,0.0,0.0
2022-08-09 15:30:00-04:00,46.61000061035156,46.66999816894531,46.59000015258789,46.6150016784668,81092,0.0,0.0
2022-08-10 09:30:00-04:00,47.2400016784668,47.709999084472656,47.04999923706055,47.63999938964844,123972,0.0,0.0
2022-08-10 10:30:00-04:00,47.65999984741211,47.72999954223633,47.540000915527344,47.57500076293945,90524,0.0,0.0
2022-08-10 11:30:00-04:00,47.58000183105469,47.59000015258789,47.29999923706055,47.540000915527344,165297,0.0,0.0
2022-08-10 12:30:00-04:00,47.54999923706055,47.68000030517578,47.52000045776367,47.665000915527344,41468,0.0,0.0
2022-08-10 13:30:00-04:00,47.689998626708984,47.77000045776367,47.65999984741211,47.66999816894531,45025,0.0,0.0
2022-08-10 14:30:00-04:00,47.650001525878906,47.70000076293945,47.5099983215332,47.529998779296875,134597,0.0,0.0
2022-08-10 15:30:00-04:00,47.529998779296875,47.685001373291016,47.4900016784668,47.52000045776367,406915,0.0,0.0
2022-08-11 09:30:00-04:00,47.970001220703125,48.22999954223633,47.85499954223633,48.13999938964844,55122,0.0,0.0
2022-08-11 10:30:00-04:00,48.16999816894531,48.2599983215332,47.88999938964844,47.974998474121094,43874,0.0,0.0
2022-08-11 11:30:00-04:00,47.97999954223633,48.04999923706055,47.91999816894531,48.02000045776367,43820,0.0,0.0
2022-08-11 12:30:00-04:00,48.0099983215332,48.09000015258789,47.93000030517578,48.025001525878906,27940,0.0,0.0
2022-08-11 13:30:00-04:00,48.02000045776367,48.025001525878906,47.91999816894531,47.97999954223633,35584,0.0,0.0
2022-08-11 14:30:00-04:00,47.970001220703125,47.970001220703125,47.75,47.849998474121094,46755,0.0,0.0
2022-08-11 15:30:00-04:00,47.8650016784668,47.8650016784668,47.77000045776367,47.83000183105469,102409,0.0,0.0
2022-08-12 09:30:00-04:00,48.0,48.36000061035156,47.91999816894531,48.27000045776367,76428,0.0,0.0
2022-08-12 10:30:00-04:00,48.28559875488281,48.4900016784668,48.25,48.400001525878906,89965,0.0,0.0
2022-08-12 11:30:00-04:00,48.400001525878906,48.630001068115234,48.400001525878906,48.540000915527344,46993,0.0,0.0
2022-08-12 12:30:00-04:00,48.540000915527344,48.70000076293945,48.540000915527344,48.650001525878906,37648,0.0,0.0
2022-08-12 13:30:00-04:00,48.65999984741211,48.68000030517578,48.54999923706055,48.619998931884766,41952,0.0,0.0
2022-08-12 14:30:00-04:00,48.630001068115234,48.720001220703125,48.599998474121094,48.63999938964844,47986,0.0,0.0
2022-08-12 15:30:00-04:00,48.63999938964844,48.68000030517578,48.56999969482422,48.68000030517578,153380,0.0,0.0
2022-08-15 09:30:00-04:00,48.0099983215332,48.130001068115234,47.65999984741211,47.779998779296875,0,0.0,0.0
2022-08-15 10:30:00-04:00,47.79999923706055,47.935001373291016,47.75,47.935001373291016,42152,0.0,0.0
2022-08-15 11:30:00-04:00,47.939998626708984,48.0099983215332,47.86000061035156,47.90999984741211,51991,0.0,0.0
2022-08-15 12:30:00-04:00,47.90999984741211,48.029998779296875,47.88999938964844,47.970001220703125,42842,0.0,0.0
2022-08-15 13:30:00-04:00,47.970001220703125,47.9900016784668,47.90999984741211,47.95000076293945,42173,0.0,0.0
2022-08-15 14:30:00-04:00,47.95000076293945,47.970001220703125,47.88100051879883,47.939998626708984,58482,0.0,0.0
2022-08-15 15:30:00-04:00,47.939998626708984,47.970001220703125,47.900001525878906,47.91999816894531,69056,0.0,0.0
2022-08-16 09:30:00-04:00,48.0,48.125,47.83000183105469,48.09000015258789,87372,0.0,0.0
2022-08-16 10:30:00-04:00,48.08000183105469,48.36000061035156,48.029998779296875,48.33369827270508,71827,0.0,0.0
2022-08-16 11:30:00-04:00,48.33000183105469,48.44499969482422,48.31999969482422,48.41999816894531,34487,0.0,0.0
2022-08-16 12:30:00-04:00,48.41999816894531,48.54999923706055,48.404998779296875,48.52000045776367,24119,0.0,0.0
2022-08-16 13:30:00-04:00,48.5099983215332,48.529998779296875,48.42499923706055,48.42499923706055,46218,0.0,0.0
2022-08-16 14:30:00-04:00,48.439998626708984,48.439998626708984,48.15999984741211,48.29999923706055,54403,0.0,0.0
2022-08-16 15:30:00-04:00,48.290000915527344,48.380001068115234,48.2599983215332,48.36000061035156,110514,0.0,0.0
2022-08-17 09:30:00-04:00,47.810001373291016,48.04209899902344,47.75,47.834999084472656,67030,0.0,0.0
2022-08-17 10:30:00-04:00,47.849998474121094,47.935001373291016,47.689998626708984,47.775001525878906,49770,0.0,0.0
2022-08-17 11:30:00-04:00,47.779998779296875,47.86000061035156,47.68000030517578,47.86000061035156,48621,0.0,0.0
2022-08-17 12:30:00-04:00,47.86000061035156,47.90999984741211,47.72999954223633,47.84000015258789,38136,0.0,0.0
2022-08-17 13:30:00-04:00,47.86000061035156,48.18000030517578,47.790000915527344,48.165000915527344,57297,0.0,0.0
2022-08-17 14:30:00-04:00,48.15999984741211,48.2599983215332,48.0,48.095001220703125,49353,0.0,0.0
2022-08-17 15:30:00-04:00,48.09000015258789,48.13999938964844,48.040000915527344,48.040000915527344,134277,0.0,0.0
2022-08-18 09:30:00-04:00,48.09000015258789,48.189998626708984,48.0099983215332,48.18000030517578,0,0.0,0.0
2022-08-18 10:30:00-04:00,48.20000076293945,48.29999923706055,48.15999984741211,48.2400016784668,40814,0.0,0.0
2022-08-18 11:30:00-04:00,48.2599983215332,48.2599983215332,48.06999969482422,48.06999969482422,1650145,0.0,0.0
2022-08-18 12:30:00-04:00,48.07500076293945,48.07500076293945,47.939998626708984,48.04999923706055,30473,0.0,0.0
2022-08-18 13:30:00-04:00,48.04999923706055,48.1150016784668,48.03950119018555,48.06999969482422,35360,0.0,0.0
2022-08-18 14:30:00-04:00,48.060001373291016,48.2599983215332,48.04999923706055,48.209999084472656,39463,0.0,0.0
2022-08-18 15:30:00-04:00,48.209999084472656,48.2599983215332,48.1150016784668,48.189998626708984,109584,0.0,0.0
2022-08-19 09:30:00-04:00,47.91999816894531,47.91999816894531,47.439998626708984,47.630001068115234,89708,0.0,0.0
2022-08-19 10:30:00-04:00,47.619998931884766,47.689998626708984,47.349998474121094,47.459999084472656,51321,0.0,0.0
2022-08-19 11:30:00-04:00,47.470001220703125,47.52000045776367,47.42499923706055,47.459999084472656,43182,0.0,0.0
2022-08-19 12:30:00-04:00,47.45000076293945,47.52000045776367,47.31999969482422,47.31999969482422,36518,0.0,0.0
2022-08-19 13:30:00-04:00,47.29999923706055,47.47999954223633,47.27130126953125,47.47999954223633,46507,0.0,0.0
2022-08-19 14:30:00-04:00,47.474998474121094,47.47999954223633,47.279998779296875,47.40999984741211,39196,0.0,0.0
2022-08-19 15:30:00-04:00,47.40999984741211,47.52000045776367,47.3849983215332,47.470001220703125,118152,0.0,0.0
2022-08-22 09:30:00-04:00,47.02000045776367,47.119998931884766,46.45000076293945,46.459999084472656,121814,0.0,0.0
2022-08-22 10:30:00-04:00,46.45000076293945,46.4900016784668,46.349998474121094,46.36000061035156,125153,0.0,0.0
2022-08-22 11:30:00-04:00,46.36000061035156,46.459999084472656,46.34000015258789,46.380001068115234,69448,0.0,0.0
2022-08-22 12:30:00-04:00,46.380001068115234,46.44499969482422,46.279998779296875,46.31999969482422,57730,0.0,0.0
2022-08-22 13:30:00-04:00,46.310001373291016,46.415000915527344,46.2599983215332,46.2599983215332,58063,0.0,0.0
2022-08-22 14:30:00-04:00,46.2599983215332,46.45000076293945,46.25,46.400001525878906,70660,0.0,0.0
2022-08-22 15:30:00-04:00,46.400001525878906,46.54999923706055,46.380001068115234,46.470001220703125,180714,0.0,0.0
2022-08-23 09:30:00-04:00,45.900001525878906,46.25,45.59000015258789,46.099998474121094,128223,0.0,0.0
2022-08-23 10:30:00-04:00,46.119998931884766,46.18000030517578,45.97999954223633,46.029998779296875,5340197,0.0,0.0
2022-08-23 11:30:00-04:00,46.05500030517578,46.06999969482422,45.86000061035156,45.88999938964844,0,0.0,0.0
2022-08-23 12:30:00-04:00,45.90019989013672,46.064998626708984,45.90019989013672,46.04999923706055,60617,0.0,0.0
2022-08-23 13:30:00-04:00,46.04499816894531,46.06999969482422,45.849998474121094,45.95000076293945,66249,0.0,0.0
2022-08-23 14:30:00-04:00,45.95000076293945,45.96500015258789,45.810001373291016,45.959999084472656,77245,0.0,0.0
2022-08-23 15:30:00-04:00,45.95000076293945,45.959999084472656,45.845001220703125,45.869998931884766,152558,0.0,0.0
2022-08-24 09:30:00-04:00,45.709999084472656,45.849998474121094,45.529998779296875,45.81999969482422,95005,0.0,0.0
2022-08-24 10:30:00-04:00,45.814998626708984,46.06999969482422,45.814998626708984,46.02000045776367,52719,0.0,0.0
2022-08-24 11:30:00-04:00,46.029998779296875,46.064998626708984,45.93000030517578,45.93000030517578,49881,0.0,0.0
2022-08-24 12:30:00-04:00,45.93000030517578,45.93000030517578,45.61000061035156,45.6349983215332,39435,0.0,0.0
2022-08-24 13:30:00-04:00,45.64500045776367,45.66999816894531,45.630001068115234,45.650001525878906,20721,0.0,0.0
2022-08-24 14:30:00-04:00,45.650001525878906,45.724998474121094,45.59000015258789,45.685001373291016,42495,0.0,0.0
2022-08-24 15:30:00-04:00,45.68000030517578,45.755001068115234,45.63119888305664,45.650001525878906,84563,0.0,0.0
2022-08-25 09:30:00-04:00,45.59000015258789,46.43000030517578,45.59000015258789,46.41999816894531,96676,0.0,0.0
2022-08-25 10:30:00-04:00,46.439998626708984,46.58000183105469,46.400001525878906,46.5,122532,0.0,0.0
2022-08-25 11:30:00-04:00,46.494998931884766,46.619998931884766,46.41999816894531,46.61000061035156,44545,0.0,0.0
2022-08-25 12:30:00-04:00,46.619998931884766,46.630001068115234,46.540000915527344,46.599998474121094,44960,0.0,0.0
2022-08-25 13:30:00-04:00,46.59000015258789,46.689998626708984,46.59000015258789,46.650001525878906,35356,0.0,0.0
2022-08-25 14:30:00-04:00,46.63999938964844,46.70500183105469,46.525001525878906,46.70500183105469,64090,0.0,0.0
2022-08-25 15:30:00-04:00,46.709999084472656,46.709999084472656,46.529998779296875,46.66999816894531,119077,0.0,0.0
2022-08-26 09:30:00-04:00,46.900001525878906,46.97999954223633,46.15999984741211,46.189998626708984,119755,0.0,0.0
2022-08-26 10:30:00-04:00,46.18000030517578,46.18000030517578,45.7599983215332,45.869998931884766,64475,0.0,0.0
2022-08-26 11:30:00-04:00,45.869998931884766,45.959999084472656,45.63999938964844,45.689998626708984,46220,0.0,0.0
2022-08-26 12:30:00-04:00,45.66999816894531,45.77000045776367,45.599998474121094,45.7400016784668,49366,0.0,0.0
2022-08-26 13:30:00-04:00,45.72999954223633,45.72999954223633,45.470001220703125,45.52000045776367,62900,0.0,0.0
2022-08-26 14:30:00-04:00,45.540000915527344,45.560001373291016,45.349998474121094,45.459999084472656,73554,0.0,0.0
2022-08-26 15:30:00-04:00,45.45000076293945,45.474998474121094,45.33000183105469,45.380001068115234,155904,0.0,0.0
2022-08-29 09:30:00-04:00,45.13999938964844,45.36000061035156,44.970001220703125,45.130001068115234,140074,0.0,0.0
2022-08-29 10:30:00-04:00,45.13999938964844,45.18000030517578,44.93000030517578,45.07500076293945,69511,0.0,0.0
2022-08-29 11:30:00-04:00,45.06999969482422,45.130001068115234,44.95000076293945,45.08000183105469,89067,0.0,0.0
2022-08-29 12:30:00-04:00,45.084999084472656,45.224998474121094,45.025001525878906,45.125,58124,0.0,0.0
2022-08-29 13:30:00-04:00,45.119998931884766,45.2400016784668,45.099998474121094,45.13999938964844,67137,0.0,0.0
2022-08-29 14:30:00-04:00,45.13999938964844,45.224998474121094,45.099998474121094,45.11000061035156,83190,0.0,0.0
2022-08-29 15:30:00-04:00,45.11000061035156,45.308799743652344,45.099998474121094,45.25,123005,0.0,0.0
2022-08-30 09:30:00-04:00,45.5099983215332,45.5099983215332,44.650001525878906,44.689998626708984,86396,0.0,0.0
2022-08-30 10:30:00-04:00,44.685001373291016,44.88999938964844,44.369998931884766,44.83000183105469,87422,0.0,0.0
2022-08-30 11:30:00-04:00,44.820899963378906,44.959999084472656,44.70000076293945,44.7599983215332,54077,0.0,0.0
2022-08-30 12:30:00-04:00,44.755001068115234,44.755001068115234,44.4900016784668,44.525001525878906,57733,0.0,0.0
2022-08-30 13:30:00-04:00,44.52000045776367,44.560001373291016,44.40999984741211,44.45000076293945,43958,0.0,0.0
2022-08-30 14:30:00-04:00,44.45000076293945,44.58000183105469,44.44499969482422,44.52000045776367,68868,0.0,0.0
2022-08-30 15:30:00-04:00,44.474998474121094,44.52000045776367,44.350101470947266,44.459999084472656,123486,0.0,0.0
2022-08-31 09:30:00-04:00,44.470001220703125,44.72999954223633,44.130001068115234,44.23500061035156,104355,0.0,0.0
2022-08-31 10:30:00-04:00,44.20000076293945,44.415000915527344,44.13999938964844,44.2400016784668,128911,0.0,0.0
2022-08-31 11:30:00-04:00,44.209999084472656,44.279998779296875,44.150001525878906,44.255001068115234,78876,0.0,0.0
2022-08-31 12:30:00-04:00,44.25,44.255001068115234,44.040000915527344,44.09000015258789,47122,0.0,0.0
2022-08-31 13:30:00-04:00,44.08000183105469,44.16999816894531,43.95500183105469,44.11000061035156,49710,0.0,0.0
2022-08-31 14:30:00-04:00,44.09000015258789,44.209999084472656,44.0099983215332,44.09000015258789,60138,0.0,0.0
2022-08-31 15:30:00-04:00,44.08000183105469,44.220001220703125,44.029998779296875,44.04999923706055,215859,0.0,0.0
2022-09-01 09:30:00-04:00,43.75,43.81999969482422,42.97999954223633,43.32500076293945,102457,0.0,0.0
2022-09-01 10:30:00-04:00,43.310001373291016,43.36000061035156,43.06999969482422,43.09000015258789,80855,0.0,0.0
2022-09-01 11:30:00-04:00,43.119998931884766,43.266300201416016,43.0099983215332,43.25,105543,0.0,0.0
2022-09-01 12:30:00-04:00,43.21500015258789,43.48500061035156,43.125,43.47999954223633,81291,0.0,0.0
2022-09-01 13:30:00-04:00,43.48500061035156,43.4900016784668,43.290000915527344,43.43000030517578,46845,0.0,0.0
2022-09-01 14:30:00-04:00,43.439998626708984,43.65999984741211,43.380001068115234,43.56999969482422,78190,0.0,0.0
2022-09-01 15:30:00-04:00,43.564998626708984,43.72999954223633,43.505001068115234,43.70000076293945,160845,0.0,0.0
2022-09-02 09:30:00-04:00,44.27000045776367,44.52000045776367,44.060001373291016,44.459999084472656,0,0.0,0.0
2022-09-02 10:30:00-04:00,44.4900016784668,44.939998626708984,44.4900016784668,44.83000183105469,104864,0.0,0.0
2022-09-02 11:30:00-04:00,44.84000015258789,44.904998779296875,44.47999954223633,44.4900016784668,94368,0.0,0.0
2022-09-02 12:30:00-04:00,44.5,44.54290008544922,43.970001220703125,43.97999954223633,83800,0.0,0.0
2022-09-02 13:30:00-04:00,43.959999084472656,44.13999938964844,43.900001525878906,44.130001068115234,63979,0.0,0.0
2022-09-02 14:30:00-04:00,44.130001068115234,44.18000030517578,43.939998626708984,43.9900016784668,67540,0.0,0.0
2022-09-02 15:30:00-04:00,43.970001220703125,44.040000915527344,43.849998474121094,43.970001220703125,94562,0.0,0.0
2022-09-06 09:30:00-04:00,44.22999954223633,44.400001525878906,43.380001068115234,43.689998626708984,108595,0.0,0.0
2022-09-06 10:30:00-04:00,43.70000076293945,43.790000915527344,43.52000045776367,43.584999084472656,92268,0.0,0.0
2022-09-06 11:30:00-04:00,43.560001373291016,43.849998474121094,43.560001373291016,43.619998931884766,86188,0.0,0.0
2022-09-06 12:30:00-04:00,43.630001068115234,43.68000030517578,43.33000183105469,43.369998931884766,47906,0.0,0.0
2022-09-06 13:30:00-04:00,43.36000061035156,43.66999816894531,43.36000061035156,43.470001220703125,58141,0.0,0.0
2022-09-06 14:30:00-04:00,43.470001220703125,43.4900016784668,43.31999969482422,43.41999816894531,86015,0.0,0.0
2022-09-06 15:30:00-04:00,43.400001525878906,43.540000915527344,43.334999084472656,43.4900016784668,91362,0.0,0.0
2022-09-07 09:30:00-04:00,43.349998474121094,43.349998474121094,43.029998779296875,43.2400016784668,0,0.0,0.0
2022-09-07 10:30:00-04:00,43.27000045776367,43.63999938964844,43.27000045776367,43.584999084472656,90118,0.0,0.0
2022-09-07 11:30:00-04:00,43.584999084472656,43.630001068115234,43.52000045776367,43.619998931884766,37652,0.0,0.0
2022-09-07 12:30:00-04:00,43.60499954223633,43.82500076293945,43.56999969482422,43.779998779296875,67973,0.0,0.0
2022-09-07 13:30:00-04:00,43.779998779296875,43.97999954223633,43.779998779296875,43.93000030517578,55919,0.0,0.0
2022-09-07 14:30:00-04:00,43.93000030517578,44.029998779296875,43.87419891357422,43.959999084472656,98287,0.0,0.0
2022-09-07 15:30:00-04:00,43.95000076293945,44.0099983215332,43.90999984741211,43.939998626708984,96845,0.0,0.0
2022-09-08 09:30:00-04:00,43.689998626708984,44.13999938964844,43.45000076293945,44.119998931884766,105141,0.0,0.0
2022-09-08 10:30:00-04:00,44.119998931884766,44.404998779296875,44.099998474121094,44.29499816894531,91106,0.0,0.0
2022-09-08 11:30:00-04:00,44.279998779296875,44.334999084472656,43.974998474121094,44.02000045776367,70580,0.0,0.0
2022-09-08 12:30:00-04:00,44.040000915527344,44.40999984741211,44.040000915527344,44.400001525878906,49678,0.0,0.0
2022-09-08 13:30:00-04:00,44.38999938964844,44.474998474121094,44.34000015258789,44.41999816894531,65664,0.0,0.0
2022-09-08 14:30:00-04:00,44.41999816894531,44.45000076293945,44.20000076293945,44.290000915527344,103325,0.0,0.0
2022-09-08 15:30:00-04:00,44.290000915527344,44.345001220703125,44.185001373291016,44.34000015258789,123336,0.0,0.0
2022-09-09 09:30:00-04:00,44.869998931884766,45.599998474121094,44.869998931884766,45.35499954223633,0,0.0,0.0
2022-09-09 10:30:00-04:00,45.36000061035156,45.505001068115234,45.27000045776367,45.345001220703125,74307,0.0,0.0
2022-09-09 11:30:00-04:00,45.31999969482422,45.48500061035156,45.29999923706055,45.380001068115234,38637,0.0,0.0
2022-09-09 12:30:00-04:00,45.380001068115234,45.560001373291016,45.35499954223633,45.52000045776367,49263,0.0,0.0
2022-09-09 13:30:00-04:00,45.529998779296875,45.619998931884766,45.5010986328125,45.61000061035156,30644,0.0,0.0
2022-09-09 14:30:00-04:00,45.61000061035156,45.619998931884766,45.439998626708984,45.439998626708984,64563,0.0,0.0
2022-09-09 15:30:00-04:00,45.439998626708984,45.59000015258789,45.41999816894531,45.540000915527344,128940,0.0,0.0
2022-09-12 09:30:00-04:00,45.869998931884766,46.44499969482422,45.869998931884766,46.439998626708984,0,0.0,0.0
2022-09-12 10:30:00-04:00,46.439998626708984,46.459999084472656,46.119998931884766,46.29999923706055,166455,0.0,0.0
2022-09-12 11:30:00-04:00,46.31999969482422,46.31999969482422,46.0,46.130001068115234,59244,0.0,0.0
2022-09-12 12:30:00-04:00,46.14500045776367,46.220001220703125,46.09000015258789,46.20500183105469,51207,0.0,0.0
2022-09-12 13:30:00-04:00,46.224998474121094,46.224998474121094,46.11000061035156,46.13999938964844,50007,0.0,0.0
2022-09-12 14:30:00-04:00,46.150001525878906,46.17499923706055,46.025001525878906,46.084999084472656,76525,0.0,0.0
2022-09-12 15:30:00-04:00,46.08000183105469,46.08000183105469,45.92499923706055,46.029998779296875,171539,0.0,0.0
2022-09-13 09:30:00-04:00,45.11000061035156,45.39670181274414,45.0099983215332,45.20000076293945,139092,0.0,0.0
2022-09-13 10:30:00-04:00,45.15999984741211,45.18000030517578,44.939998626708984,44.97999954223633,99306,0.0,0.0
2022-09-13 11:30:00-04:00,44.9900016784668,45.095001220703125,44.900001525878906,44.92499923706055,62349,0.0,0.0
2022-09-13 12:30:00-04:00,44.90999984741211,45.029998779296875,44.880001068115234,45.029998779296875,40408,0.0,0.0
2022-09-13 13:30:00-04:00,45.02000045776367,45.060001373291016,44.77000045776367,44.790000915527344,38238,0.0,0.0
2022-09-13 14:30:00-04:00,44.790000915527344,44.80500030517578,44.45000076293945,44.45000076293945,113032,0.0,0.0
2022-09-13 15:30:00-04:00,44.45500183105469,44.560001373291016,44.29999923706055,44.540000915527344,198655,0.0,0.0
2022-09-14 09:30:00-04:00,44.61000061035156,44.72999954223633,44.130001068115234,44.130001068115234,0,0.0,0.0
2022-09-14 10:30:00-04:00,44.095001220703125,44.560001373291016,44.095001220703125,44.43000030517578,118080,0.0,0.0
2022-09-14 11:30:00-04:00,44.43000030517578,44.483699798583984,44.279998779296875,44.29999923706055,116203,0.0,0.0
2022-09-14 12:30:00-04:00,44.310001373291016,44.474998474121094,44.310001373291016,44.38999938964844,64262,0.0,0.0
2022-09-14 13:30:00-04:00,44.39500045776367,44.400001525878906,44.095001220703125,44.125,102625,0.0,0.0
2022-09-14 14:30:00-04:00,44.130001068115234,44.20000076293945,43.880001068115234,43.98500061035156,78694,0.0,0.0
2022-09-14 15:30:00-04:00,43.98500061035156,44.16999816894531,43.900001525878906,44.150001525878906,141588,0.0,0.0
2022-09-15 09:30:00-04:00,43.900001525878906,44.724998474121094,43.881500244140625,44.40999984741211,0,0.0,0.0
2022-09-15 10:30:00-04:00,44.40999984741211,44.6150016784668,44.209999084472656,44.415000915527344,115340,0.0,0.0
2022-09-15 11:30:00-04:00,44.415000915527344,44.459999084472656,44.150001525878906,44.18000030517578,167342,0.0,0.0
2022-09-15 12:30:00-04:00,44.189998626708984,44.5099983215332,44.189998626708984,44.459999084472656,75923,0.0,0.0
2022-09-15 13:30:00-04:00,44.470001220703125,44.470001220703125,44.16999816894531,44.27000045776367,76266,0.0,0.0
2022-09-15 14:30:00-04:00,44.279998779296875,44.31999969482422,43.89500045776367,43.90999984741211,86513,0.0,0.0
2022-09-15 15:30:00-04:00,43.904998779296875,44.04499816894531,43.8650016784668,43.9900016784668,102858,0.0,0.0
2022-09-16 09:30:00-04:00,43.40999984741211,43.61000061035156,43.15999984741211,43.525001525878906,118738,0.0,0.0
2022-09-16 10:30:00-04:00,43.540000915527344,43.7400016784668,43.40999984741211,43.43000030517578,128768,0.0,0.0
2022-09-16 11:30:00-04:00,43.459999084472656,43.56420135498047,43.369998931884766,43.40999984741211,50832,0.0,0.0
2022-09-16 12:30:00-04:00,43.400001525878906,43.501800537109375,43.290000915527344,43.31999969482422,56716,0.0,0.0
2022-09-16 13:30:00-04:00,43.31999969482422,43.44499969482422,43.18000030517578,43.290000915527344,68667,0.0,0.0
2022-09-16 14:30:00-04:00,43.29999923706055,43.43000030517578,43.290000915527344,43.369998931884766,61629,0.0,0.0
2022-09-16 15:30:00-04:00,43.369998931884766,43.55500030517578,43.314998626708984,43.47999954223633,158055,0.0,0.0
2022-09-19 09:30:00-04:00,43.02000045776367,43.584999084472656,42.900001525878906,43.56999969482422,165235,0.0,0.0
2022-09-19 10:30:00-04:00,43.56999969482422,43.77000045776367,43.529998779296875,43.529998779296875,61231,0.0,0.0
2022-09-19 11:30:00-04:00,43.52000045776367,43.69499969482422,43.41999816894531,43.65999984741211,53558,0.0,0.0
2022-09-19 12:30:00-04:00,43.66999816894531,43.790000915527344,43.65999984741211,43.779998779296875,44592,0.0,0.0
2022-09-19 13:30:00-04:00,43.77000045776367,43.779998779296875,43.65999984741211,43.68000030517578,48518,0.0,0.0
2022-09-19 14:30:00-04:00,43.68000030517578,43.935001373291016,43.68000030517578,43.8849983215332,76294,0.0,0.0
2022-09-19 15:30:00-04:00,43.880001068115234,43.93000030517578,43.82500076293945,43.91999816894531,117232,0.0,0.0
2022-09-20 09:30:00-04:00,43.529998779296875,43.529998779296875,42.95500183105469,43.029998779296875,100924,0.0,0.0
2022-09-20 10:30:00-04:00,43.025001525878906,43.08000183105469,42.90999984741211,42.95000076293945,65714,0.0,0.0
2022-09-20 11:30:00-04:00,42.970001220703125,43.10499954223633,42.9099006652832,42.939998626708984,55585,0.0,0.0
2022-09-20 12:30:00-04:00,42.95000076293945,42.95000076293945,42.59000015258789,42.59000015258789,96075,0.0,0.0
2022-09-20 13:30:00-04:00,42.59000015258789,42.64500045776367,42.41999816894531,42.56999969482422,111250,0.0,0.0
2022-09-20 14:30:00-04:00,42.5099983215332,42.849998474121094,42.505001068115234,42.84000015258789,110086,0.0,0.0
2022-09-20 15:30:00-04:00,42.834999084472656,43.0099983215332,42.79499816894531,42.900001525878906,99464,0.0,0.0
2022-09-21 09:30:00-04:00,43.11000061035156,43.11000061035156,42.880001068115234,43.099998474121094,75002,0.0,0.0
2022-09-21 10:30:00-04:00,43.11000061035156,43.11000061035156,42.939998626708984,42.9900016784668,47094,0.0,0.0
2022-09-21 11:30:00-04:00,43.005001068115234,43.06999969482422,42.97999954223633,43.0099983215332,37558,0.0,0.0
2022-09-21 12:30:00-04:00,43.005001068115234,43.040000915527344,42.88999938964844,42.93000030517578,31506,0.0,0.0
2022-09-21 13:30:00-04:00,42.93000030517578,43.029998779296875,42.459999084472656,42.61000061035156,148706,0.0,0.0
2022-09-21 14:30:00-04:00,42.619998931884766,43.369998931884766,42.540000915527344,42.630001068115234,154107,0.0,0.0
2022-09-21 15:30:00-04:00,42.59000015258789,42.709999084472656,42.439998626708984,42.439998626708984,135732,0.0,0.0
2022-09-22 09:30:00-04:00,42.459999084472656,42.529998779296875,41.86000061035156,42.0099983215332,149658,0.0,0.0
2022-09-22 10:30:00-04:00,42.06999969482422,42.11000061035156,41.77000045776367,41.82500076293945,99532,0.0,0.0
2022-09-22 11:30:00-04:00,41.83000183105469,41.900001525878906,41.625,41.70709991455078,73575,0.0,0.0
2022-09-22 12:30:00-04:00,41.68000030517578,41.81999969482422,41.65999984741211,41.81999969482422,47123,0.0,0.0
2022-09-22 13:30:00-04:00,41.83000183105469,41.8650016784668,41.625,41.68000030517578,73995,0.0,0.0
2022-09-22 14:30:00-04:00,41.65999984741211,41.86000061035156,41.650001525878906,41.69499969482422,63711,0.0,0.0
2022-09-22 15:30:00-04:00,41.7400016784668,41.95000076293945,41.709999084472656,41.7400016784668,183685,0.0,0.0
2022-09-23 09:30:00-04:00,41.189998626708984,41.21120071411133,40.66999816894531,40.810001373291016,137144,0.0,0.0
2022-09-23 10:30:00-04:00,40.79999923706055,40.84000015258789,40.63750076293945,40.73500061035156,70853,0.0,0.0
2022-09-23 11:30:00-04:00,40.7400016784668,40.7599983215332,40.40999984741211,40.41999816894531,73160,0.0,0.0
2022-09-23 12:30:00-04:00,40.41999816894531,40.790000915527344,40.400001525878906,40.625,94132,0.0,0.0
2022-09-23 13:30:00-04:00,40.630001068115234,40.720001220703125,40.4900016784668,40.540000915527344,109373,0.0,0.0
2022-09-23 14:30:00-04:00,40.529998779296875,40.68000030517578,40.349998474121094,40.529998779296875,153694,0.0,0.0
2022-09-23 15:30:00-04:00,40.529998779296875,40.72010040283203,40.529998779296875,40.66999816894531,183670,0.0,0.0
2022-09-26 09:30:00-04:00,40.43000030517578,40.685001373291016,40.279998779296875,40.665000915527344,163605,0.0,0.0
2022-09-26 10:30:00-04:00,40.654998779296875,40.66999816894531,40.27000045776367,40.290000915527344,92002,0.0,0.0
2022-09-26 11:30:00-04:00,40.290000915527344,40.31999969482422,40.0099983215332,40.029998779296875,71978,0.0,0.0
2022-09-26 12:30:00-04:00,40.040000915527344,40.13999938964844,39.84000015258789,39.869998931884766,91502,0.0,0.0
2022-09-26 13:30:00-04:00,39.86000061035156,40.099998474121094,39.81999969482422,39.939998626708984,124585,0.0,0.0
2022-09-26 14:30:00-04:00,39.95000076293945,40.310001373291016,39.900001525878906,40.189998626708984,120501,0.0,0.0
2022-09-26 15:30:00-04:00,40.189998626708984,40.33000183105469,40.12009811401367,40.17499923706055,167770,0.0,0.0
2022-09-27 09:30:00-04:00,40.459999084472656,40.560001373291016,40.099998474121094,40.18000030517578,133454,0.0,0.0
2022-09-27 10:30:00-04:00,40.209999084472656,40.3849983215332,40.04499816894531,40.08000183105469,150802,0.0,0.0
2022-09-27 11:30:00-04:00,40.099998474121094,40.209999084472656,39.56999969482422,39.65999984741211,153044,0.0,0.0
2022-09-27 12:30:00-04:00,39.650001525878906,39.7400016784668,39.5,39.53499984741211,90841,0.0,0.0
2022-09-27 13:30:00-04:00,39.5099983215332,39.63999938964844,39.380001068115234,39.630001068115234,342498,0.0,0.0
2022-09-27 14:30:00-04:00,39.61000061035156,39.970001220703125,39.56999969482422,39.880001068115234,157282,0.0,0.0
2022-09-27 15:30:00-04:00,39.88999938964844,39.900001525878906,39.75,39.810001373291016,204269,0.0,0.0
2022-09-28 09:30:00-04:00,39.7599983215332,40.209999084472656,39.540000915527344,40.209999084472656,199521,0.0,0.0
2022-09-28 10:30:00-04:00,40.22999954223633,40.36000061035156,40.06999969482422,40.23500061035156,127813,0.0,0.0
2022-09-28 11:30:00-04:00,40.2400016784668,40.529998779296875,40.15999984741211,40.375,91718,0.0,0.0
2022-09-28 12:30:00-04:00,40.380001068115234,40.63999938964844,40.369998931884766,40.59000015258789,68190,0.0,0.0
2022-09-28 13:30:00-04:00,40.560001373291016,40.6150016784668,40.47999954223633,40.5099983215332,58163,0.0,0.0
2022-09-28 14:30:00-04:00,40.5099983215332,40.790000915527344,40.5099983215332,40.720001220703125,111523,0.0,0.0
2022-09-28 15:30:00-04:00,40.709999084472656,40.83000183105469,40.630001068115234,40.6349983215332,184122,0.0,0.0
2022-09-29 09:30:00-04:00,40.189998626708984,40.310001373291016,39.65999984741211,39.86000061035156,394919,0.0,0.0
2022-09-29 10:30:00-04:00,39.83000183105469,40.279998779296875,39.72999954223633,40.13999938964844,195004,0.0,0.0
2022-09-29 11:30:00-04:00,40.130001068115234,40.310001373291016,40.071998596191406,40.099998474121094,140337,0.0,0.0
2022-09-29 12:30:00-04:00,40.08890151977539,40.18000030517578,39.91999816894531,39.97999954223633,83111,0.0,0.0
2022-09-29 13:30:00-04:00,39.97999954223633,40.064998626708984,39.86000061035156,40.064998626708984,124013,0.0,0.0
2022-09-29 14:30:00-04:00,40.04999923706055,40.209999084472656,40.0099983215332,40.130001068115234,122451,0.0,0.0
2022-09-29 15:30:00-04:00,40.130001068115234,40.3650016784668,40.130001068115234,40.16999816894531,151575,0.0,0.0
2022-09-30 09:30:00-04:00,40.290000915527344,40.75,40.2400016784668,40.560001373291016,191357,0.0,0.0
2022-09-30 10:30:00-04:00,40.560001373291016,40.72999954223633,40.404998779296875,40.65999984741211,127081,0.0,0.0
2022-09-30 11:30:00-04:00,40.6150016784668,40.63999938964844,40.189998626708984,40.22999954223633,87118,0.0,0.0
2022-09-30 12:30:00-04:00,40.209999084472656,40.400001525878906,40.209999084472656,40.290000915527344,86347,0.0,0.0
2022-09-30 13:30:00-04:00,40.27000045776367,40.290000915527344,40.01499938964844,40.099998474121094,91179,0.0,0.0
2022-09-30 14:30:00-04:00,40.11000061035156,40.13999938964844,39.904998779296875,39.9900016784668,131028,0.0,0.0
2022-09-30 15:30:00-04:00,39.9900016784668,40.029998779296875,39.70000076293945,39.77000045776367,218100,0.0,0.0
2022-10-03 09:30:00-04:00,40.349998474121094,40.959999084472656,40.04999923706055,40.91999816894531,151679,0.0,0.0
2022-10-03 10:30:00-04:00,40.90999984741211,41.15290069580078,40.81999969482422,41.099998474121094,101099,0.0,0.0
2022-10-03 11:30:00-04:00,41.11000061035156,41.29999923706055,41.025001525878906,41.154998779296875,69312,0.0,0.0
2022-10-03 12:30:00-04:00,41.150001525878906,41.310001373291016,41.125,41.224998474121094,79698,0.0,0.0
2022-10-03 13:30:00-04:00,41.22999954223633,41.380001068115234,41.22999954223633,41.380001068115234,81345,0.0,0.0
2022-10-03 14:30:00-04:00,41.369998931884766,41.41999816894531,41.18000030517578,41.244998931884766,123989,0.0,0.0
2022-10-03 15:30:00-04:00,41.2400016784668,41.25,41.1150016784668,41.189998626708984,149486,0.0,0.0
2022-10-04 09:30:00-04:00,41.7599983215332,42.63999938964844,41.75,42.439998626708984,0,0.0,0.0
2022-10-04 10:30:00-04:00,42.42499923706055,42.77000045776367,42.40999984741211,42.744998931884766,150801,0.0,0.0
2022-10-04 11:30:00-04:00,42.75,43.09000015258789,42.709999084472656,43.040000915527344,162676,0.0,0.0
2022-10-04 12:30:00-04:00,43.03300094604492,43.07500076293945,42.599998474121094,42.70000076293945,76282,0.0,0.0
2022-10-04 13:30:00-04:00,42.70000076293945,42.939998626708984,42.66999816894531,42.7400016784668,108470,0.0,0.0
2022-10-04 14:30:00-04:00,42.7400016784668,42.94499969482422,42.720001220703125,42.915000915527344,123751,0.0,0.0
2022-10-04 15:30:00-04:00,42.88999938964844,42.95500183105469,42.78990173339844,42.939998626708984,194746,0.0,0.0
2022-10-05 09:30:00-04:00,42.290000915527344,42.349998474121094,41.68000030517578,41.720001220703125,167562,0.0,0.0
2022-10-05 10:30:00-04:00,41.71500015258789,41.849998474121094,41.619998931884766,41.810001373291016,81035,0.0,0.0
2022-10-05 11:30:00-04:00,41.81999969482422,41.959999084472656,41.70500183105469,41.81999969482422,69366,0.0,0.0
2022-10-05 12:30:00-04:00,41.81999969482422,42.040000915527344,41.75,41.93000030517578,84597,0.0,0.0
2022-10-05 13:30:00-04:00,41.91999816894531,41.93000030517578,41.79999923706055,41.845001220703125,112720,0.0,0.0
2022-10-05 14:30:00-04:00,41.849998474121094,41.9900016784668,41.75,41.939998626708984,205665,0.0,0.0
2022-10-05 15:30:00-04:00,41.94710159301758,42.060001373291016,41.830101013183594,41.869998931884766,157087,0.0,0.0
2022-10-06 09:30:00-04:00,41.5,41.540000915527344,40.84000015258789,40.90999984741211,0,0.0,0.0
2022-10-06 10:30:00-04:00,40.90999984741211,41.14500045776367,40.880001068115234,41.099998474121094,102825,0.0,0.0
2022-10-06 11:30:00-04:00,41.06999969482422,41.119998931884766,40.880001068115234,41.08000183105469,127503,0.0,0.0
2022-10-06 12:30:00-04:00,41.08000183105469,41.2400016784668,41.040000915527344,41.220001220703125,106846,0.0,0.0
2022-10-06 13:30:00-04:00,41.220001220703125,41.22330093383789,40.88999938964844,40.900001525878906,68570,0.0,0.0
2022-10-06 14:30:00-04:00,40.900001525878906,40.9900016784668,40.75,40.98400115966797,118330,0.0,0.0
2022-10-06 15:30:00-04:00,41.0099983215332,41.029998779296875,40.869998931884766,40.900001525878906,143508,0.0,0.0
2022-10-07 09:30:00-04:00,40.650001525878906,40.810001373291016,40.130001068115234,40.34000015258789,160275,0.0,0.0
2022-10-07 10:30:00-04:00,40.349998474121094,40.470001220703125,40.244998931884766,40.34000015258789,90024,0.0,0.0
2022-10-07 11:30:00-04:00,40.345001220703125,40.40999984741211,40.20000076293945,40.30500030517578,88708,0.0,0.0
2022-10-07 12:30:00-04:00,40.30500030517578,40.30500030517578,40.09000015258789,40.150001525878906,64000,0.0,0.0
2022-10-07 13:30:00-04:00,40.130001068115234,40.275001525878906,40.09000015258789,40.165000915527344,100846,0.0,0.0
2022-10-07 14:30:00-04:00,40.15999984741211,40.22999954223633,40.06999969482422,40.08000183105469,0,0.0,0.0
2022-10-07 15:30:00-04:00,40.08000183105469,40.380001068115234,40.05500030517578,40.349998474121094,842663,0.0,0.0
2022-10-10 09:30:00-04:00,40.65999984741211,40.915000915527344,40.560001373291016,40.73500061035156,0,0.0,0.0
2022-10-10 10:30:00-04:00,40.7400016784668,40.810001373291016,40.42499923706055,40.51499938964844,67113,0.0,0.0
2022-10-10 11:30:00-04:00,40.525001525878906,40.525001525878906,40.13999938964844,40.150001525878906,44079,0.0,0.0
2022-10-10 12:30:00-04:00,40.15999984741211,40.20000076293945,40.040000915527344,40.130001068115234,63209,0.0,0.0
2022-10-10 13:30:00-04:00,40.119998931884766,40.31999969482422,40.119998931884766,40.119998931884766,53860,0.0,0.0
2022-10-10 14:30:00-04:00,40.119998931884766,40.220001220703125,40.01499938964844,40.025001525878906,61167,0.0,0.0
2022-10-10 15:30:00-04:00,40.02000045776367,40.130001068115234,40.0,40.005001068115234,59802,0.0,0.0
2022-10-11 09:30:00-04:00,39.81999969482422,39.880001068115234,39.08000183105469,39.150001525878906,133136,0.0,0.0
2022-10-11 10:30:00-04:00,39.14500045776367,39.599998474121094,39.11000061035156,39.54999923706055,138667,0.0,0.0
2022-10-11 11:30:00-04:00,39.58000183105469,39.869998931884766,39.58000183105469,39.7599983215332,80413,0.0,0.0
2022-10-11 12:30:00-04:00,39.79999923706055,39.93000030517578,39.75,39.779998779296875,59252,0.0,0.0
2022-10-11 13:30:00-04:00,39.78499984741211,39.93000030517578,39.70000076293945,39.81999969482422,67796,0.0,0.0
2022-10-11 14:30:00-04:00,39.82500076293945,39.8849983215332,39.2599983215332,39.33000183105469,165830,0.0,0.0
2022-10-11 15:30:00-04:00,39.32500076293945,39.41999816894531,39.25,39.38999938964844,213552,0.0,0.0
2022-10-12 09:30:00-04:00,39.189998626708984,39.220001220703125,38.79999923706055,39.18000030517578,135044,0.0,0.0
2022-10-12 10:30:00-04:00,39.18000030517578,39.34000015258789,39.084999084472656,39.209999084472656,72452,0.0,0.0
2022-10-12 11:30:00-04:00,39.20500183105469,39.33000183105469,39.13999938964844,39.14500045776367,67696,0.0,0.0
2022-10-12 12:30:00-04:00,39.1349983215332,39.27000045776367,39.09000015258789,39.27000045776367,61366,0.0,0.0
2022-10-12 13:30:00-04:00,39.27000045776367,39.459999084472656,39.150001525878906,39.439998626708984,128807,0.0,0.0
2022-10-12 14:30:00-04:00,39.45000076293945,39.46500015258789,39.11000061035156,39.189998626708984,114969,0.0,0.0
2022-10-12 15:30:00-04:00,39.185001373291016,39.2599983215332,39.03499984741211,39.060001373291016,134621,0.0,0.0
2022-10-13 09:30:00-04:00,38.5,38.9900016784668,37.959999084472656,38.78499984741211,175682,0.0,0.0
2022-10-13 10:30:00-04:00,38.75,39.91999816894531,38.75,39.72999954223633,158131,0.0,0.0
2022-10-13 11:30:00-04:00,39.77000045776367,40.26340103149414,39.68000030517578,40.09000015258789,127801,0.0,0.0
2022-10-13 12:30:00-04:00,40.09000015258789,40.560001373291016,40.060001373291016,40.529998779296875,115243,0.0,0.0
2022-10-13 13:30:00-04:00,40.560001373291016,40.65999984741211,40.38999938964844,40.38999938964844,79010,0.0,0.0
2022-10-13 14:30:00-04:00,40.400001525878906,40.540000915527344,40.310001373291016,40.34000015258789,107003,0.0,0.0
2022-10-13 15:30:00-04:00,40.33000183105469,40.36000061035156,40.209999084472656,40.220001220703125,193288,0.0,0.0
2022-10-14 09:30:00-04:00,40.52000045776367,40.720001220703125,39.744998931884766,39.900001525878906,197057,0.0,0.0
2022-10-14 10:30:00-04:00,39.869998931884766,40.150001525878906,39.779998779296875,39.91999816894531,119024,0.0,0.0
2022-10-14 11:30:00-04:00,39.91999816894531,39.91999816894531,39.52000045776367,39.630001068115234,84402,0.0,0.0
2022-10-14 12:30:00-04:00,39.689998626708984,39.79999923706055,39.61000061035156,39.70000076293945,48468,0.0,0.0
2022-10-14 13:30:00-04:00,39.70000076293945,39.79499816894531,39.61000061035156,39.65999984741211,38580,0.0,0.0
2022-10-14 14:30:00-04:00,39.64500045776367,39.67499923706055,39.505001068115234,39.61579895019531,66416,0.0,0.0
2022-10-14 15:30:00-04:00,39.58000183105469,39.63999938964844,39.44139862060547,39.470001220703125,107202,0.0,0.0
2022-10-17 09:30:00-04:00,40.2599983215332,41.08000183105469,40.2599983215332,40.95000076293945,124354,0.0,0.0
2022-10-17 10:30:00-04:00,40.92499923706055,40.92499923706055,40.630001068115234,40.790000915527344,102500,0.0,0.0
2022-10-17 11:30:00-04:00,40.779998779296875,40.93000030517578,40.749900817871094,40.83000183105469,57815,0.0,0.0
2022-10-17 12:30:00-04:00,40.82500076293945,40.84000015258789,40.63999938964844,40.755001068115234,48834,0.0,0.0
2022-10-17 13:30:00-04:00,40.775001525878906,40.8849983215332,40.755001068115234,40.810001373291016,73563,0.0,0.0
2022-10-17 14:30:00-04:00,40.81999969482422,40.86000061035156,40.70000076293945,40.775001525878906,103734,0.0,0.0
2022-10-17 15:30:00-04:00,40.775001525878906,40.91999816894531,40.72880172729492,40.86000061035156,181229,0.0,0.0
2022-10-18 09:30:00-04:00,41.63999938964844,41.790000915527344,41.21500015258789,41.2400016784668,115609,0.0,0.0
2022-10-18 10:30:00-04:00,41.22999954223633,41.255001068115234,40.904998779296875,40.94499969482422,102439,0.0,0.0
2022-10-18 11:30:00-04:00,40.935001373291016,41.119998931884766,40.83000183105469,41.08000183105469,78023,0.0,0.0
2022-10-18 12:30:00-04:00,41.09000015258789,41.20000076293945,40.93000030517578,41.04499816894531,55692,0.0,0.0
2022-10-18 13:30:00-04:00,41.060001373291016,41.18000030517578,41.025001525878906,41.06999969482422,52229,0.0,0.0
2022-10-18 14:30:00-04:00,41.060001373291016,41.060001373291016,40.75339889526367,40.849998474121094,81856,0.0,0.0
2022-10-18 15:30:00-04:00,40.85499954223633,40.959999084472656,40.84000015258789,40.939998626708984,164329,0.0,0.0
2022-10-19 09:30:00-04:00,40.630001068115234,40.9900016784668,40.52000045776367,40.9900016784668,0,0.0,0.0
2022-10-19 10:30:00-04:00,40.970001220703125,40.97999954223633,40.709999084472656,40.86000061035156,75226,0.0,0.0
2022-10-19 11:30:00-04:00,40.84000015258789,40.88999938964844,40.70000076293945,40.724998474121094,60984,0.0,0.0
2022-10-19 12:30:00-04:00,40.720001220703125,40.77510070800781,40.47999954223633,40.52000045776367,64321,0.0,0.0
2022-10-19 13:30:00-04:00,40.540000915527344,40.73500061035156,40.47999954223633,40.67499923706055,47742,0.0,0.0
2022-10-19 14:30:00-04:00,40.69499969482422,40.85499954223633,40.66999816894531,40.755001068115234,59546,0.0,0.0
2022-10-19 15:30:00-04:00,40.7599983215332,40.880001068115234,40.7400016784668,40.869998931884766,102679,0.0,0.0
2022-10-20 09:30:00-04:00,40.7599983215332,41.26499938964844,40.65999984741211,41.25,86391,0.0,0.0
2022-10-20 10:30:00-04:00,41.255001068115234,41.255001068115234,40.75,40.7599983215332,75218,0.0,0.0
2022-10-20 11:30:00-04:00,40.7599983215332,40.869998931884766,40.40999984741211,40.45500183105469,71593,0.0,0.0
2022-10-20 12:30:00-04:00,40.439998626708984,40.470001220703125,40.2599983215332,40.33000183105469,53480,0.0,0.0
2022-10-20 13:30:00-04:00,40.32500076293945,40.35499954223633,40.209999084472656,40.279998779296875,85867,0.0,0.0
2022-10-20 14:30:00-04:00,40.27000045776367,40.459999084472656,40.07500076293945,40.1150016784668,86118,0.0,0.0
2022-10-20 15:30:00-04:00,40.119998931884766,40.334999084472656,40.11000061035156,40.290000915527344,146461,0.0,0.0
2022-10-21 09:30:00-04:00,40.22999954223633,40.974998474121094,40.150001525878906,40.529998779296875,113699,0.0,0.0
2022-10-21 10:30:00-04:00,40.560001373291016,40.82500076293945,40.4099006652832,40.76499938964844,80749,0.0,0.0
2022-10-21 11:30:00-04:00,40.75,41.16999816894531,40.7400016784668,41.02000045776367,108519,0.0,0.0
2022-10-21 12:30:00-04:00,41.0,41.33000183105469,40.97999954223633,41.27000045776367,58489,0.0,0.0
2022-10-21 13:30:00-04:00,41.27000045776367,41.380001068115234,41.20000076293945,41.2599983215332,66501,0.0,0.0
2022-10-21 14:30:00-04:00,41.2599983215332,41.33000183105469,41.189998626708984,41.314998626708984,56945,0.0,0.0
2022-10-21 15:30:00-04:00,41.29999923706055,41.34000015258789,41.220001220703125,41.290000915527344,129347,0.0,0.0
2022-10-24 09:30:00-04:00,41.439998626708984,41.470001220703125,40.97999954223633,41.150001525878906,0,0.0,0.0
2022-10-24 10:30:00-04:00,41.13999938964844,41.47999954223633,41.095001220703125,41.44499969482422,94618,0.0,0.0
2022-10-24 11:30:00-04:00,41.40999984741211,41.61000061035156,41.33000183105469,41.58000183105469,78609,0.0,0.0
2022-10-24 12:30:00-04:00,41.560001373291016,41.59000015258789,41.4275016784668,41.47999954223633,65229,0.0,0.0
2022-10-24 13:30:00-04:00,41.474998474121094,41.540000915527344,41.39500045776367,41.415000915527344,44906,0.0,0.0
2022-10-24 14:30:00-04:00,41.43000030517578,41.540000915527344,41.3849983215332,41.40999984741211,62448,0.0,0.0
2022-10-24 15:30:00-04:00,41.404998779296875,41.43000030517578,41.23500061035156,41.34000015258789,108136,0.0,0.0
2022-10-25 09:30:00-04:00,41.25,41.66999816894531,41.11000061035156,41.65999984741211,119208,0.0,0.0
2022-10-25 10:30:00-04:00,41.64500045776367,41.81999969482422,41.5099983215332,41.810001373291016,68103,0.0,0.0
2022-10-25 11:30:00-04:00,41.79999923706055,41.82500076293945,41.630001068115234,41.77000045776367,56154,0.0,0.0
2022-10-25 12:30:00-04:00,41.775001525878906,41.83000183105469,41.665000915527344,41.69499969482422,59052,0.0,0.0
2022-10-25 13:30:00-04:00,41.70000076293945,41.7599983215332,41.625,41.73500061035156,33806,0.0,0.0
2022-10-25 14:30:00-04:00,41.7400016784668,41.82500076293945,41.709999084472656,41.810001373291016,38516,0.0,0.0
2022-10-25 15:30:00-04:00,41.810001373291016,41.86000061035156,41.72999954223633,41.84000015258789,106791,0.0,0.0
2022-10-26 09:30:00-04:00,42.0,42.33000183105469,41.84000015258789,42.33000183105469,236612,0.0,0.0
2022-10-26 10:30:00-04:00,42.33000183105469,42.529998779296875,42.209999084472656,42.4900016784668,79304,0.0,0.0
2022-10-26 11:30:00-04:00,42.47999954223633,42.56999969482422,42.400001525878906,42.47999954223633,51502,0.0,0.0
2022-10-26 12:30:00-04:00,42.47999954223633,42.5099983215332,42.209999084472656,42.209999084472656,57777,0.0,0.0
2022-10-26 13:30:00-04:00,42.20000076293945,42.29999923706055,42.119998931884766,42.13999938964844,61585,0.0,0.0
2022-10-26 14:30:00-04:00,42.13999938964844,42.18000030517578,41.959999084472656,41.994998931884766,69780,0.0,0.0
2022-10-26 15:30:00-04:00,41.994998931884766,42.040000915527344,41.91999816894531,41.95000076293945,163548,0.0,0.0
2022-10-27 09:30:00-04:00,42.15999984741211,42.709999084472656,42.15999984741211,42.459999084472656,0,0.0,0.0
2022-10-27 10:30:00-04:00,42.5099983215332,42.54999923706055,42.189998626708984,42.33000183105469,77990,0.0,0.0
2022-10-27 11:30:00-04:00,42.29499816894531,42.369998931884766,42.11000061035156,42.130001068115234,65327,0.0,0.0
2022-10-27 12:30:00-04:00,42.130001068115234,42.459999084472656,42.130001068115234,42.40999984741211,57002,0.0,0.0
2022-10-27 13:30:00-04:00,42.40999984741211,42.45000076293945,42.290000915527344,42.439998626708984,71372,0.0,0.0
2022-10-27 14:30:00-04:00,42.41999816894531,42.41999816894531,42.189998626708984,42.36000061035156,86096,0.0,0.0
2022-10-27 15:30:00-04:00,42.34000015258789,42.39500045776367,42.20000076293945,42.290000915527344,129351,0.0,0.0
2022-10-28 09:30:00-04:00,42.150001525878906,42.7400016784668,42.08000183105469,42.54499816894531,80144,0.0,0.0
2022-10-28 10:30:00-04:00,42.57500076293945,42.619998931884766,42.41999816894531,42.56999969482422,58430,0.0,0.0
2022-10-28 11:30:00-04:00,42.59000015258789,42.68000030517578,42.52000045776367,42.540000915527344,53444,0.0,0.0
2022-10-28 12:30:00-04:00,42.54999923706055,42.65599822998047,42.5,42.59000015258789,52698,0.0,0.0
2022-10-28 13:30:00-04:00,42.599998474121094,42.650001525878906,42.58000183105469,42.61000061035156,45014,0.0,0.0
2022-10-28 14:30:00-04:00,42.619998931884766,42.83000183105469,42.619998931884766,42.83000183105469,53562,0.0,0.0
2022-10-28 15:30:00-04:00,42.810001373291016,42.81999969482422,42.689998626708984,42.720001220703125,119909,0.0,0.0
2022-10-31 09:30:00-04:00,42.400001525878906,42.68000030517578,42.20000076293945,42.2599983215332,139809,0.0,0.0
2022-10-31 10:30:00-04:00,42.2599983215332,42.380001068115234,42.20000076293945,42.32500076293945,93307,0.0,0.0
2022-10-31 11:30:00-04:00,42.310001373291016,42.39500045776367,42.224998474121094,42.31999969482422,62739,0.0,0.0
2022-10-31 12:30:00-04:00,42.310001373291016,42.39500045776367,42.22999954223633,42.38990020751953,68418,0.0,0.0
2022-10-31 13:30:00-04:00,42.38999938964844,42.55500030517578,42.38999938964844,42.474998474121094,42821,0.0,0.0
2022-10-31 14:30:00-04:00,42.470001220703125,42.58000183105469,42.45000076293945,42.55500030517578,68599,0.0,0.0
2022-10-31 15:30:00-04:00,42.54999923706055,42.56999969482422,42.38999938964844,42.459999084472656,136652,0.0,0.0
2022-11-01 09:30:00-04:00,42.970001220703125,43.060001373291016,42.52000045776367,42.69499969482422,127556,0.0,0.0
2022-11-01 10:30:00-04:00,42.709999084472656,42.75,42.290000915527344,42.474998474121094,111437,0.0,0.0
2022-11-01 11:30:00-04:00,42.470001220703125,42.63999938964844,42.33000183105469,42.41999816894531,87189,0.0,0.0
2022-11-01 12:30:00-04:00,42.41999816894531,42.503501892089844,42.345001220703125,42.459999084472656,52181,0.0,0.0
2022-11-01 13:30:00-04:00,42.459999084472656,42.5099983215332,42.35499954223633,42.5,78684,0.0,0.0
2022-11-01 14:30:00-04:00,42.54499816894531,42.54499816894531,42.2400016784668,42.2400016784668,70491,0.0,0.0
2022-11-01 15:30:00-04:00,42.2400016784668,42.345001220703125,42.2400016784668,42.279998779296875,123020,0.0,0.0
2022-11-02 09:30:00-04:00,42.2400016784668,42.439998626708984,42.095001220703125,42.099998474121094,0,0.0,0.0
2022-11-02 10:30:00-04:00,42.099998474121094,42.23500061035156,42.095001220703125,42.1349983215332,62708,0.0,0.0
2022-11-02 11:30:00-04:00,42.130001068115234,42.189998626708984,41.93000030517578,41.94990158081055,55569,0.0,0.0
2022-11-02 12:30:00-04:00,41.94029998779297,42.18000030517578,41.86000061035156,42.119998931884766,64756,0.0,0.0
2022-11-02 13:30:00-04:00,42.125,42.70000076293945,42.10499954223633,42.69499969482422,89345,0.0,0.0
2022-11-02 14:30:00-04:00,42.720001220703125,42.769901275634766,41.595001220703125,41.75,318044,0.0,0.0
2022-11-02 15:30:00-04:00,41.720001220703125,41.84000015258789,41.625,41.66999816894531,151417,0.0,0.0
2022-11-03 09:30:00-04:00,42.29999923706055,42.70000076293945,41.47999954223633,42.54999923706055,223262,0.0,0.0
2022-11-03 10:30:00-04:00,42.529998779296875,42.880001068115234,42.400001525878906,42.810001373291016,110213,0.0,0.0
2022-11-03 11:30:00-04:00,42.83000183105469,43.06999969482422,42.75,43.0099983215332,109376,0.0,0.0
2022-11-03 12:30:00-04:00,43.040000915527344,43.31999969482422,43.040000915527344,43.130001068115234,151535,0.0,0.0
2022-11-03 13:30:00-04:00,43.11000061035156,43.25,42.93000030517578,43.040000915527344,75111,0.0,0.0
2022-11-03 14:30:00-04:00,43.04499816894531,43.08000183105469,42.810001373291016,43.06999969482422,70775,0.0,0.0
2022-11-03 15:30:00-04:00,43.06999969482422,43.08000183105469,42.7400016784668,42.834999084472656,159207,0.0,0.0
2022-11-04 09:30:00-04:00,43.91999816894531,44.36000061035156,43.779998779296875,44.27000045776367,136386,0.0,0.0
2022-11-04 10:30:00-04:00,44.25,44.43000030517578,43.9900016784668,43.9900016784668,99682,0.0,0.0
2022-11-04 11:30:00-04:00,44.0099983215332,44.189998626708984,43.709999084472656,44.150001525878906,85090,0.0,0.0
2022-11-04 12:30:00-04:00,44.11000061035156,44.2599983215332,44.0099983215332,44.02000045776367,86225,0.0,0.0
2022-11-04 13:30:00-04:00,44.01499938964844,44.244998931884766,44.0,44.220001220703125,52738,0.0,0.0
2022-11-04 14:30:00-04:00,44.22999954223633,44.560001373291016,44.16999816894531,44.51499938964844,96040,0.0,0.0
2022-11-04 15:30:00-04:00,44.4900016784668,44.59000015258789,44.435001373291016,44.4900016784668,189028,0.0,0.0
2022-11-07 09:30:00-05:00,44.65999984741211,44.68000030517578,43.849998474121094,44.04999923706055,107981,0.0,0.0
2022-11-07 10:30:00-05:00,44.01499938964844,44.189998626708984,43.97999954223633,44.119998931884766,53200,0.0,0.0
2022-11-07 11:30:00-05:00,44.13999938964844,44.19499969482422,43.88999938964844,44.19499969482422,60208,0.0,0.0
2022-11-07 12:30:00-05:00,44.194000244140625,44.220001220703125,44.099998474121094,44.18000030517578,50014,0.0,0.0
2022-11-07 13:30:00-05:00,44.18000030517578,44.244998931884766,44.11000061035156,44.22999954223633,54228,0.0,0.0
2022-11-07 14:30:00-05:00,44.25,44.36000061035156,44.2400016784668,44.275001525878906,82218,0.0,0.0
2022-11-07 15:30:00-05:00,44.279998779296875,44.36000061035156,44.22999954223633,44.26499938964844,109710,0.0,0.0
2022-11-08 09:30:00-05:00,44.25,44.849998474121094,44.20000076293945,44.790000915527344,91083,0.0,0.0
2022-11-08 10:30:00-05:00,44.790000915527344,44.97999954223633,44.779998779296875,44.86000061035156,44002,0.0,0.0
2022-11-08 11:30:00-05:00,44.849998474121094,44.95000076293945,44.790000915527344,44.84000015258789,57295,0.0,0.0
2022-11-08 12:30:00-05:00,44.849998474121094,44.9900016784668,44.68000030517578,44.689998626708984,50628,0.0,0.0
2022-11-08 13:30:00-05:00,44.685001373291016,44.779998779296875,44.279998779296875,44.279998779296875,60534,0.0,0.0
2022-11-08 14:30:00-05:00,44.290000915527344,44.650001525878906,44.20500183105469,44.63999938964844,60923,0.0,0.0
2022-11-08 15:30:00-05:00,44.650001525878906,44.79999923706055,44.63999938964844,44.689998626708984,122465,0.0,0.0
2022-11-09 09:30:00-05:00,44.33000183105469,44.439998626708984,44.0099983215332,44.20000076293945,0,0.0,0.0
2022-11-09 10:30:00-05:00,44.220001220703125,44.2400016784668,43.97999954223633,44.11000061035156,61912,0.0,0.0
2022-11-09 11:30:00-05:00,44.09000015258789,44.209999084472656,43.869998931884766,43.880001068115234,92290,0.0,0.0
2022-11-09 12:30:00-05:00,43.869998931884766,43.91999816894531,43.77000045776367,43.77000045776367,46193,0.0,0.0
2022-11-09 13:30:00-05:00,43.7599983215332,43.76499938964844,43.61000061035156,43.619998931884766,44743,0.0,0.0
2022-11-09 14:30:00-05:00,43.619998931884766,43.63999938964844,43.47999954223633,43.52000045776367,64318,0.0,0.0
2022-11-09 15:30:00-05:00,43.52000045776367,43.6349983215332,43.46500015258789,43.58000183105469,139073,0.0,0.0
2022-11-10 09:30:00-05:00,44.84000015258789,45.439998626708984,44.75,45.40999984741211,0,0.0,0.0
2022-11-10 10:30:00-05:00,45.459999084472656,45.77000045776367,45.34000015258789,45.665000915527344,101755,0.0,0.0
2022-11-10 11:30:00-05:00,45.65999984741211,45.86000061035156,45.63999938964844,45.650001525878906,57244,0.0,0.0
2022-11-10 12:30:00-05:00,45.650001525878906,45.70500183105469,45.470001220703125,45.70500183105469,55989,0.0,0.0
2022-11-10 13:30:00-05:00,45.70000076293945,45.845001220703125,45.63999938964844,45.720001220703125,52272,0.0,0.0
2022-11-10 14:30:00-05:00,45.709999084472656,45.900001525878906,45.66999816894531,45.83000183105469,74747,0.0,0.0
2022-11-10 15:30:00-05:00,45.81999969482422,45.86000061035156,45.689998626708984,45.810001373291016,148745,0.0,0.0
2022-11-11 09:30:00-05:00,46.060001373291016,46.279998779296875,45.880001068115234,46.220001220703125,109126,0.0,0.0
2022-11-11 10:30:00-05:00,46.209999084472656,46.314998626708984,46.119998931884766,46.23500061035156,99125,0.0,0.0
2022-11-11 11:30:00-05:00,46.224998474121094,46.529998779296875,46.21500015258789,46.400001525878906,45519,0.0,0.0
2022-11-11 12:30:00-05:00,46.41999816894531,46.66999816894531,46.349998474121094,46.665000915527344,37568,0.0,0.0
2022-11-11 13:30:00-05:00,46.665000915527344,46.75,46.540000915527344,46.66999816894531,49891,0.0,0.0
2022-11-11 14:30:00-05:00,46.65999984741211,46.755001068115234,46.404998779296875,46.435001373291016,76431,0.0,0.0
2022-11-11 15:30:00-05:00,46.43000030517578,46.470001220703125,46.290000915527344,46.36000061035156,207047,0.0,0.0
2022-11-14 09:30:00-05:00,46.08000183105469,46.529998779296875,45.97999954223633,46.290000915527344,90279,0.0,0.0
2022-11-14 10:30:00-05:00,46.255001068115234,46.27000045776367,45.9900016784668,46.0,84993,0.0,0.0
2022-11-14 11:30:00-05:00,46.0,46.119998931884766,45.90999984741211,46.119998931884766,49756,0.0,0.0
2022-11-14 12:30:00-05:00,46.1150016784668,46.31999969482422,46.10499954223633,46.31999969482422,47283,0.0,0.0
2022-11-14 13:30:00-05:00,46.314998626708984,46.349998474121094,46.08000183105469,46.125,55500,0.0,0.0
2022-11-14 14:30:00-05:00,46.154998779296875,46.185001373291016,46.005001068115234,46.084999084472656,77314,0.0,0.0
2022-11-14 15:30:00-05:00,46.064998626708984,46.11000061035156,45.81999969482422,45.84000015258789,115298,0.0,0.0
2022-11-15 09:30:00-05:00,46.349998474121094,46.619998931884766,45.939998626708984,46.16999816894531,167528,0.0,0.0
2022-11-15 10:30:00-05:00,46.13999938964844,46.25,46.0,46.125,57572,0.0,0.0
2022-11-15 11:30:00-05:00,46.18000030517578,46.404998779296875,46.18000030517578,46.209999084472656,53967,0.0,0.0
2022-11-15 12:30:00-05:00,46.220001220703125,46.290000915527344,45.810001373291016,45.869998931884766,37845,0.0,0.0
2022-11-15 13:30:00-05:00,45.84000015258789,46.150001525878906,45.65999984741211,46.09000015258789,94866,0.0,0.0
2022-11-15 14:30:00-05:00,46.095001220703125,46.220001220703125,45.994998931884766,46.099998474121094,60625,0.0,0.0
2022-11-15 15:30:00-05:00,46.099998474121094,46.13999938964844,45.959999084472656,45.97999954223633,78933,0.0,0.0
2022-11-16 09:30:00-05:00,45.88999938964844,46.040000915527344,45.400001525878906,45.79499816894531,116221,0.0,0.0
2022-11-16 10:30:00-05:00,45.810001373291016,46.009700775146484,45.75,46.005001068115234,64650,0.0,0.0
2022-11-16 11:30:00-05:00,46.0099983215332,46.040000915527344,45.81999969482422,45.90999984741211,63411,0.0,0.0
2022-11-16 12:30:00-05:00,45.90999984741211,46.099998474121094,45.90999984741211,45.994998931884766,66252,0.0,0.0
2022-11-16 13:30:00-05:00,46.0,46.005001068115234,45.869998931884766,45.96500015258789,52320,0.0,0.0
2022-11-16 14:30:00-05:00,45.97999954223633,46.130001068115234,45.935001373291016,46.119998931884766,59655,0.0,0.0
2022-11-16 15:30:00-05:00,46.119998931884766,46.19499969482422,46.06999969482422,46.119998931884766,94300,0.0,0.0
2022-11-17 09:30:00-05:00,45.650001525878906,46.040000915527344,45.619998931884766,46.040000915527344,2175878,0.0,0.0
2022-11-17 10:30:00-05:00,46.01499938964844,46.02000045776367,45.68000030517578,45.81999969482422,44073,0.0,0.0
2022-11-17 11:30:00-05:00,45.81999969482422,45.92499923706055,45.709999084472656,45.81999969482422,44545,0.0,0.0
2022-11-17 12:30:00-05:00,45.83000183105469,46.06999969482422,45.81999969482422,45.9900016784668,61627,0.0,0.0
2022-11-17 13:30:00-05:00,45.9900016784668,46.27000045776367,45.939998626708984,46.25,66923,0.0,0.0
2022-11-17 14:30:00-05:00,46.25,46.349998474121094,46.209999084472656,46.27000045776367,63931,0.0,0.0
2022-11-17 15:30:00-05:00,46.279998779296875,46.5,46.279998779296875,46.5,114241,0.0,0.0
2022-11-18 09:30:00-05:00,46.869998931884766,47.0,46.630001068115234,46.7599983215332,96369,0.0,0.0
2022-11-18 10:30:00-05:00,46.77000045776367,46.82500076293945,46.55500030517578,46.599998474121094,43396,0.0,0.0
2022-11-18 11:30:00-05:00,46.6150016784668,46.64500045776367,46.33000183105469,46.38970184326172,70019,0.0,0.0
2022-11-18 12:30:00-05:00,46.380001068115234,46.415000915527344,46.20000076293945,46.275001525878906,54785,0.0,0.0
2022-11-18 13:30:00-05:00,46.27000045776367,46.29999923706055,46.09000015258789,46.2599983215332,52782,0.0,0.0
2022-11-18 14:30:00-05:00,46.2593994140625,46.32500076293945,46.185001373291016,46.22999954223633,58448,0.0,0.0
2022-11-18 15:30:00-05:00,46.22999954223633,46.29999923706055,46.13999938964844,46.18000030517578,116657,0.0,0.0
2022-11-21 09:30:00-05:00,45.86000061035156,46.130001068115234,45.814998626708984,45.849998474121094,123559,0.0,0.0
2022-11-21 10:30:00-05:00,45.845001220703125,45.88999938964844,45.599998474121094,45.66999816894531,112210,0.0,0.0
2022-11-21 11:30:00-05:00,45.65999984741211,45.685001373291016,45.44499969482422,45.68000030517578,104634,0.0,0.0
2022-11-21 12:30:00-05:00,45.66999816894531,45.880001068115234,45.650699615478516,45.85499954223633,1979235,0.0,0.0
2022-11-21 13:30:00-05:00,45.86000061035156,45.94499969482422,45.72999954223633,45.814998626708984,78696,0.0,0.0
2022-11-21 14:30:00-05:00,45.810001373291016,45.935001373291016,45.78499984741211,45.849998474121094,126355,0.0,0.0
2022-11-21 15:30:00-05:00,45.845001220703125,46.040000915527344,45.820098876953125,46.01499938964844,113393,0.0,0.0
2022-11-22 09:30:00-05:00,45.790000915527344,46.22999954223633,45.709999084472656,46.18000030517578,89568,0.0,0.0
2022-11-22 10:30:00-05:00,46.18000030517578,46.22999954223633,46.0099983215332,46.05500030517578,80695,0.0,0.0
2022-11-22 11:30:00-05:00,46.025001525878906,46.20000076293945,46.0099983215332,46.1349983215332,973745,0.0,0.0
2022-11-22 12:30:00-05:00,46.15999984741211,46.279998779296875,46.154701232910156,46.279998779296875,64922,0.0,0.0
2022-11-22 13:30:00-05:00,46.2843017578125,46.334999084472656,46.18000030517578,46.2400016784668,30519,0.0,0.0
2022-11-22 14:30:00-05:00,46.22999954223633,46.26499938964844,46.189998626708984,46.244998931884766,32187,0.0,0.0
2022-11-22 15:30:00-05:00,46.244998931884766,46.255001068115234,46.09000015258789,46.15999984741211,86101,0.0,0.0
2022-11-23 09:30:00-05:00,45.970001220703125,46.380001068115234,45.970001220703125,46.2599983215332,58744,0.0,0.0
2022-11-23 10:30:00-05:00,46.26499938964844,46.400001525878906,46.25,46.279998779296875,46003,0.0,0.0
2022-11-23 11:30:00-05:00,46.275001525878906,46.310001373291016,46.06999969482422,46.189998626708984,58593,0.0,0.0
2022-11-23 12:30:00-05:00,46.20500183105469,46.22999954223633,46.084999084472656,46.21500015258789,20596,0.0,0.0
2022-11-23 13:30:00-05:00,46.249900817871094,46.4900016784668,46.23500061035156,46.41999816894531,54481,0.0,0.0
2022-11-23 14:30:00-05:00,46.39500045776367,46.459999084472656,46.29999923706055,46.38999938964844,55482,0.0,0.0
2022-11-23 15:30:00-05:00,46.380001068115234,46.400001525878906,46.34000015258789,46.349998474121094,57600,0.0,0.0
2022-11-25 09:30:00-05:00,46.459999084472656,46.849998474121094,46.459999084472656,46.65999984741211,92789,0.0,0.0
2022-11-25 10:30:00-05:00,46.665000915527344,46.82500076293945,46.650001525878906,46.79499816894531,39914,0.0,0.0
2022-11-25 11:30:00-05:00,46.79990005493164,46.900001525878906,46.790000915527344,46.790000915527344,41438,0.0,0.0
2022-11-28 09:30:00-05:00,46.5,46.66999816894531,46.15999984741211,46.40999984741211,106416,0.0,0.0
2022-11-28 10:30:00-05:00,46.43000030517578,46.5099983215332,46.16999816894531,46.18000030517578,63747,0.0,0.0
2022-11-28 11:30:00-05:00,46.220001220703125,46.27000045776367,46.099998474121094,46.150001525878906,50648,0.0,0.0
2022-11-28 12:30:00-05:00,46.150001525878906,46.18000030517578,45.91999816894531,45.91999816894531,107277,0.0,0.0
2022-11-28 13:30:00-05:00,45.91130065917969,45.92499923706055,45.77000045776367,45.77000045776367,71035,0.0,0.0
2022-11-28 14:30:00-05:00,45.755001068115234,45.97999954223633,45.755001068115234,45.95500183105469,119048,0.0,0.0
2022-11-28 15:30:00-05:00,45.959999084472656,46.060001373291016,45.86000061035156,45.939998626708984,183543,0.0,0.0
2022-11-29 09:30:00-05:00,46.029998779296875,46.220001220703125,45.779998779296875,46.209999084472656,88383,0.0,0.0
2022-11-29 10:30:00-05:00,46.21500015258789,46.25,45.81999969482422,45.91999816894531,62244,0.0,0.0
2022-11-29 11:30:00-05:00,45.904998779296875,46.064998626708984,45.904998779296875,45.959999084472656,58020,0.0,0.0
2022-11-29 12:30:00-05:00,45.959999084472656,46.154998779296875,45.959999084472656,46.130001068115234,37580,0.0,0.0
2022-11-29 13:30:00-05:00,46.125,46.310001373291016,46.119998931884766,46.16999816894531,35781,0.0,0.0
2022-11-29 14:30:00-05:00,46.16999816894531,46.26499938964844,46.130001068115234,46.15999984741211,57483,0.0,0.0
2022-11-29 15:30:00-05:00,46.154998779296875,46.220001220703125,46.119998931884766,46.130001068115234,75823,0.0,0.0
2022-11-30 09:30:00-05:00,46.41999816894531,46.7400016784668,46.11000061035156,46.11000061035156,101470,0.0,0.0
2022-11-30 10:30:00-05:00,46.119998931884766,46.21500015258789,45.92620086669922,46.20000076293945,47651,0.0,0.0
2022-11-30 11:30:00-05:00,46.20000076293945,46.2599983215332,46.08000183105469,46.16999816894531,41014,0.0,0.0
2022-11-30 12:30:00-05:00,46.16999816894531,46.279998779296875,46.06999969482422,46.27000045776367,35580,0.0,0.0
2022-11-30 13:30:00-05:00,46.25,47.040000915527344,46.189998626708984,46.98500061035156,101105,0.0,0.0
2022-11-30 14:30:00-05:00,46.95500183105469,47.31999969482422,46.935001373291016,47.279998779296875,74556,0.0,0.0
2022-11-30 15:30:00-05:00,47.2599983215332,47.5,47.209999084472656,47.40999984741211,261247,0.0,0.0
2022-12-01 09:30:00-05:00,47.630001068115234,47.88999938964844,47.05500030517578,47.119998931884766,99843,0.0,0.0
2022-12-01 10:30:00-05:00,47.119998931884766,47.345001220703125,47.02000045776367,47.17499923706055,57136,0.0,0.0
2022-12-01 11:30:00-05:00,47.185001373291016,47.404998779296875,47.15999984741211,47.404998779296875,51915,0.0,0.0
2022-12-01 12:30:00-05:00,47.400001525878906,47.54499816894531,47.38999938964844,47.439998626708984,47848,0.0,0.0
2022-12-01 13:30:00-05:00,47.45000076293945,47.470001220703125,47.275001525878906,47.40999984741211,46409,0.0,0.0
2022-12-01 14:30:00-05:00,47.40999984741211,47.48500061035156,47.32500076293945,47.349998474121094,49176,0.0,0.0
2022-12-01 15:30:00-05:00,47.34000015258789,47.470001220703125,47.34000015258789,47.44499969482422,80615,0.0,0.0
2022-12-02 09:30:00-05:00,46.9900016784668,47.40829849243164,46.9900016784668,47.33000183105469,0,0.0,0.0
2022-12-02 10:30:00-05:00,47.314998626708984,47.38999938964844,47.20000076293945,47.29999923706055,48415,0.0,0.0
2022-12-02 11:30:00-05:00,47.31999969482422,47.47999954223633,47.31999969482422,47.41999816894531,43216,0.0,0.0
2022-12-02 12:30:00-05:00,47.38999938964844,47.404998779296875,47.29499816894531,47.31999969482422,53743,0.0,0.0
2022-12-02 13:30:00-05:00,47.33000183105469,47.34000015258789,47.11000061035156,47.125,47063,0.0,0.0
2022-12-02 14:30:00-05:00,47.099998474121094,47.310001373291016,47.07500076293945,47.220001220703125,90303,0.0,0.0
2022-12-02 15:30:00-05:00,47.22999954223633,47.26499938964844,47.125,47.15999984741211,111037,0.0,0.0
2022-12-05 09:30:00-05:00,47.15999984741211,47.400001525878906,46.79999923706055,46.91999816894531,84877,0.0,0.0
2022-12-05 10:30:00-05:00,46.92499923706055,47.04999923706055,46.72999954223633,46.72999954223633,49513,0.0,0.0
2022-12-05 11:30:00-05:00,46.73500061035156,46.7400016784668,46.529998779296875,46.685001373291016,67501,0.0,0.0
2022-12-05 12:30:00-05:00,46.66999816894531,46.720001220703125,46.595001220703125,46.720001220703125,38967,0.0,0.0
2022-12-05 13:30:00-05:00,46.709999084472656,46.81999969482422,46.53499984741211,46.595001220703125,49899,0.0,0.0
2022-12-05 14:30:00-05:00,46.60499954223633,46.689998626708984,46.540000915527344,46.610801696777344,54428,0.0,0.0
2022-12-05 15:30:00-05:00,46.6150016784668,46.709999084472656,46.56999969482422,46.70000076293945,80947,0.0,0.0
2022-12-06 09:30:00-05:00,46.75,46.77000045776367,46.43000030517578,46.43000030517578,58385,0.0,0.0
2022-12-06 10:30:00-05:00,46.439998626708984,46.630001068115234,46.275001525878906,46.439998626708984,42895,0.0,0.0
2022-12-06 11:30:00-05:00,46.435001373291016,46.4900016784668,46.279998779296875,46.29999923706055,32838,0.0,0.0
2022-12-06 12:30:00-05:00,46.290000915527344,46.310001373291016,46.03499984741211,46.040000915527344,26527,0.0,0.0
2022-12-06 13:30:00-05:00,46.029998779296875,46.22999954223633,46.029998779296875,46.18000030517578,40084,0.0,0.0
2022-12-06 14:30:00-05:00,46.18000030517578,46.380001068115234,46.150001525878906,46.310001373291016,73782,0.0,0.0
2022-12-06 15:30:00-05:00,46.310001373291016,46.439998626708984,46.290000915527344,46.310001373291016,101384,0.0,0.0
2022-12-07 09:30:00-05:00,46.16999816894531,46.630001068115234,46.16999816894531,46.619998931884766,97958,0.0,0.0
2022-12-07 10:30:00-05:00,46.68000030517578,46.75,46.36000061035156,46.36000061035156,57771,0.0,0.0
2022-12-07 11:30:00-05:00,46.369998931884766,46.4900016784668,46.31999969482422,46.43000030517578,49770,0.0,0.0
2022-12-07 12:30:00-05:00,46.439998626708984,46.474998474121094,46.349998474121094,46.400001525878906,40207,0.0,0.0
2022-12-07 13:30:00-05:00,46.380001068115234,46.474998474121094,46.209999084472656,46.255001068115234,36407,0.0,0.0
2022-12-07 14:30:00-05:00,46.26499938964844,46.275001525878906,46.09000015258789,46.099998474121094,42693,0.0,0.0
2022-12-07 15:30:00-05:00,46.095001220703125,46.18000030517578,46.025001525878906,46.13999938964844,75879,0.0,0.0
2022-12-08 09:30:00-05:00,46.33000183105469,46.65999984741211,46.2400016784668,46.4900016784668,72345,0.0,0.0
2022-12-08 10:30:00-05:00,46.4900016784668,46.5,46.20000076293945,46.29999923706055,54090,0.0,0.0
2022-12-08 11:30:00-05:00,46.310001373291016,46.31999969482422,46.13999938964844,46.17499923706055,36125,0.0,0.0
2022-12-08 12:30:00-05:00,46.16999816894531,46.35499954223633,46.150001525878906,46.29499816894531,32834,0.0,0.0
2022-12-08 13:30:00-05:00,46.30500030517578,46.345001220703125,46.165000915527344,46.16999816894531,37946,0.0,0.0
2022-12-08 14:30:00-05:00,46.15999984741211,46.23500061035156,46.0099983215332,46.06999969482422,75475,0.0,0.0
2022-12-08 15:30:00-05:00,46.09000015258789,46.18000030517578,46.0,46.15999984741211,72757,0.0,0.0
2022-12-09 09:30:00-05:00,45.90999984741211,46.34000015258789,45.90999984741211,46.279998779296875,0,0.0,0.0
2022-12-09 10:30:00-05:00,46.290000915527344,46.5099983215332,46.22999954223633,46.5,38724,0.0,0.0
2022-12-09 11:30:00-05:00,46.4900016784668,46.68479919433594,46.459999084472656,46.4900016784668,27980,0.0,0.0
2022-12-09 12:30:00-05:00,46.4900016784668,46.54999923706055,46.369998931884766,46.43000030517578,18548,0.0,0.0
2022-12-09 13:30:00-05:00,46.43000030517578,46.529998779296875,46.41999816894531,46.529998779296875,22430,0.0,0.0
2022-12-09 14:30:00-05:00,46.53799819946289,46.59000015258789,46.46500015258789,46.46500015258789,22617,0.0,0.0
2022-12-09 15:30:00-05:00,46.439998626708984,46.46500015258789,46.279998779296875,46.349998474121094,71142,0.0,0.0
2022-12-12 09:30:00-05:00,46.310001373291016,46.34000015258789,45.880001068115234,46.119998931884766,71887,0.0,0.0
2022-12-12 10:30:00-05:00,46.11000061035156,46.130001068115234,45.93000030517578,46.119998931884766,45008,0.0,0.0
2022-12-12 11:30:00-05:00,46.11000061035156,46.150001525878906,46.04999923706055,46.13999938964844,28570,0.0,0.0
2022-12-12 12:30:00-05:00,46.130001068115234,46.27000045776367,46.130001068115234,46.25,26198,0.0,0.0
2022-12-12 13:30:00-05:00,46.2599983215332,46.35499954223633,46.209999084472656,46.279998779296875,32092,0.0,0.0
2022-12-12 14:30:00-05:00,46.27000045776367,46.54999923706055,46.2400016784668,46.529998779296875,47074,0.0,0.0
2022-12-12 15:30:00-05:00,46.529998779296875,46.56999969482422,46.44499969482422,46.529998779296875,54075,0.0,0.0
2022-12-13 09:30:00-05:00,47.5,47.630001068115234,46.7599983215332,46.91999816894531,130629,0.0,0.0
2022-12-13 10:30:00-05:00,46.90999984741211,47.27000045776367,46.880001068115234,47.209999084472656,77425,0.0,0.0
2022-12-13 11:30:00-05:00,47.209999084472656,47.27000045776367,47.0,47.040000915527344,49348,0.0,0.0
2022-12-13 12:30:00-05:00,47.02000045776367,47.130001068115234,46.849998474121094,47.099998474121094,41725,0.0,0.0
2022-12-13 13:30:00-05:00,47.099998474121094,47.130001068115234,46.93730163574219,47.040000915527344,47921,0.0,0.0
2022-12-13 14:30:00-05:00,47.029998779296875,47.130001068115234,46.86000061035156,47.08000183105469,53089,0.0,0.0
2022-12-13 15:30:00-05:00,47.09000015258789,47.119998931884766,46.959999084472656,46.959999084472656,72712,0.0,0.0
2022-12-14 09:30:00-05:00,47.27000045776367,47.27000045776367,46.79999923706055,46.880001068115234,45692,0.0,0.0
2022-12-14 10:30:00-05:00,46.880001068115234,47.040000915527344,46.849998474121094,47.040000915527344,26256,0.0,0.0
2022-12-14 11:30:00-05:00,47.040000915527344,47.119998931884766,46.93000030517578,46.93000030517578,46611,0.0,0.0
2022-12-14 12:30:00-05:00,46.95000076293945,47.06999969482422,46.900001525878906,47.04999923706055,20321,0.0,0.0
2022-12-14 13:30:00-05:00,47.040000915527344,47.11000061035156,46.529998779296875,46.66999816894531,43585,0.0,0.0
2022-12-14 14:30:00-05:00,46.59000015258789,46.900001525878906,46.31999969482422,46.529998779296875,117102,0.0,0.0
2022-12-14 15:30:00-05:00,46.5,46.7400016784668,46.38999938964844,46.540000915527344,95013,0.0,0.0
2022-12-15 09:30:00-05:00,45.93000030517578,46.02000045776367,45.65999984741211,45.75,74172,0.0,0.0
2022-12-15 10:30:00-05:00,45.720001220703125,45.8849983215332,45.650001525878906,45.650001525878906,62836,0.0,0.0
2022-12-15 11:30:00-05:00,45.68000030517578,45.68000030517578,45.54999923706055,45.599998474121094,36460,0.0,0.0
2022-12-15 12:30:00-05:00,45.619998931884766,45.66999816894531,45.387901306152344,45.41999816894531,50942,0.0,0.0
2022-12-15 13:30:00-05:00,45.380001068115234,45.560001373291016,45.369998931884766,45.459999084472656,41177,0.0,0.0
2022-12-15 14:30:00-05:00,45.45000076293945,45.810001373291016,45.45000076293945,45.810001373291016,55906,0.0,0.0
2022-12-15 15:30:00-05:00,45.79999923706055,45.83000183105469,45.599998474121094,45.709999084472656,102869,0.0,0.0
2022-12-16 09:30:00-05:00,45.13999938964844,45.810001373291016,45.11000061035156,45.56999969482422,113016,0.0,0.0
2022-12-16 10:30:00-05:00,45.58000183105469,45.80739974975586,45.47999954223633,45.75,88129,0.0,0.0
2022-12-16 11:30:00-05:00,45.7599983215332,45.83000183105469,45.4900016784668,45.51860046386719,70444,0.0,0.0
2022-12-16 12:30:00-05:00,45.5099983215332,45.650001525878906,45.5099983215332,45.560001373291016,50468,0.0,0.0
2022-12-16 13:30:00-05:00,45.56999969482422,45.70000076293945,45.5,45.63999938964844,39607,0.0,0.0
2022-12-16 14:30:00-05:00,45.619998931884766,45.790000915527344,45.562198638916016,45.779998779296875,38515,0.0,0.0
2022-12-16 15:30:00-05:00,45.790000915527344,45.84000015258789,45.630001068115234,45.630001068115234,104154,0.0,0.0
2022-12-19 09:30:00-05:00,45.810001373291016,46.09000015258789,45.77000045776367,45.90999984741211,0,0.0,0.0
2022-12-19 10:30:00-05:00,45.90999984741211,45.90999984741211,45.55500030517578,45.630001068115234,27495,0.0,0.0
2022-12-19 11:30:00-05:00,45.61000061035156,45.630001068115234,45.540000915527344,45.54999923706055,35304,0.0,0.0
2022-12-19 12:30:00-05:00,45.540000915527344,45.59000015258789,45.4900016784668,45.4900016784668,34128,0.0,0.0
2022-12-19 13:30:00-05:00,45.4900016784668,45.5,45.310001373291016,45.31999969482422,43183,0.0,0.0
2022-12-19 14:30:00-05:00,45.31999969482422,45.33000183105469,45.196800231933594,45.310001373291016,125539,0.0,0.0
2022-12-19 15:30:00-05:00,45.33000183105469,45.459999084472656,45.22999954223633,45.33000183105469,112624,0.0,0.0
2022-12-20 09:30:00-05:00,45.540000915527344,45.9900016784668,45.400001525878906,45.88999938964844,71623,0.0,0.0
2022-12-20 10:30:00-05:00,45.900001525878906,45.91999816894531,45.474998474121094,45.5099983215332,50376,0.0,0.0
2022-12-20 11:30:00-05:00,45.50640106201172,45.779998779296875,45.4900016784668,45.7400016784668,48450,0.0,0.0
2022-12-20 12:30:00-05:00,45.720001220703125,45.959999084472656,45.720001220703125,45.939998626708984,26929,0.0,0.0
2022-12-20 13:30:00-05:00,45.95000076293945,46.02000045776367,45.935001373291016,45.970001220703125,18187,0.0,0.0
2022-12-20 14:30:00-05:00,45.97999954223633,45.97999954223633,45.83000183105469,45.869998931884766,23397,0.0,0.0
2022-12-20 15:30:00-05:00,45.86140060424805,45.959999084472656,45.83000183105469,45.869998931884766,49284,0.0,0.0
2022-12-21 09:30:00-05:00,46.209999084472656,46.44499969482422,46.189998626708984,46.44499969482422,48581,0.0,0.0
2022-12-21 10:30:00-05:00,46.43000030517578,46.61000061035156,46.43000030517578,46.4900016784668,33137,0.0,0.0
2022-12-21 11:30:00-05:00,46.529998779296875,46.689998626708984,46.5,46.58000183105469,45353,0.0,0.0
2022-12-21 12:30:00-05:00,46.59000015258789,46.790000915527344,46.584999084472656,46.72999954223633,47762,0.0,0.0
2022-12-21 13:30:00-05:00,46.72999954223633,46.900001525878906,46.72999954223633,46.834999084472656,46017,0.0,0.0
2022-12-21 14:30:00-05:00,46.81999969482422,46.81999969482422,46.43000030517578,46.470001220703125,47632,0.0,0.0
2022-12-21 15:30:00-05:00,46.47999954223633,46.66999816894531,46.47999954223633,46.63999938964844,84773,0.0,0.0
2022-12-22 09:30:00-05:00,46.36000061035156,46.40999984741211,45.970001220703125,46.0099983215332,46707,0.0,0.0
2022-12-22 10:30:00-05:00,45.959999084472656,46.000301361083984,45.880001068115234,45.970001220703125,16332,0.0,0.0
2022-12-22 11:30:00-05:00,45.98500061035156,46.029998779296875,45.7400016784668,45.790000915527344,40397,0.0,0.0
2022-12-22 12:30:00-05:00,45.79999923706055,45.849998474121094,45.630001068115234,45.70000076293945,60433,0.0,0.0
2022-12-22 13:30:00-05:00,45.685001373291016,45.869998931884766,45.66999816894531,45.869998931884766,40486,0.0,0.0
2022-12-22 14:30:00-05:00,45.86000061035156,46.040000915527344,45.84000015258789,46.040000915527344,42077,0.0,0.0
2022-12-22 15:30:00-05:00,46.04999923706055,46.20000076293945,45.93000030517578,46.150001525878906,89113,0.0,0.0
2022-12-23 09:30:00-05:00,46.279998779296875,46.279998779296875,45.83000183105469,46.150001525878906,69635,0.0,0.0
2022-12-23 10:30:00-05:00,46.13999938964844,46.22999954223633,46.07500076293945,46.1150016784668,28206,0.0,0.0
2022-12-23 11:30:00-05:00,46.119998931884766,46.439998626708984,46.119998931884766,46.41999816894531,47666,0.0,0.0
2022-12-23 12:30:00-05:00,46.41999816894531,46.4900016784668,46.36000061035156,46.41999816894531,26470,0.0,0.0
2022-12-23 13:30:00-05:00,46.40999984741211,46.45000076293945,46.310001373291016,46.439998626708984,22415,0.0,0.0
2022-12-23 14:30:00-05:00,46.439998626708984,46.540000915527344,46.400001525878906,46.43000030517578,34414,0.0,0.0
2022-12-23 15:30:00-05:00,46.41999816894531,46.459999084472656,46.369998931884766,46.45000076293945,50031,0.0,0.0
2022-12-27 09:30:00-05:00,46.400001525878906,46.880001068115234,46.2400016784668,46.619998931884766,0,0.0,0.0
2022-12-27 10:30:00-05:00,46.63999938964844,46.70000076293945,46.54999923706055,46.630001068115234,17730,0.0,0.0
2022-12-27 11:30:00-05:00,46.6349983215332,46.72380065917969,46.6349983215332,46.66999816894531,12081,0.0,0.0
2022-12-27 12:30:00-05:00,46.65999984741211,46.66999816894531,46.61000061035156,46.65999984741211,11573,0.0,0.0
2022-12-27 13:30:00-05:00,46.650001525878906,46.65999984741211,46.47999954223633,46.47999954223633,11926,0.0,0.0
2022-12-27 14:30:00-05:00,46.470001220703125,46.599998474121094,46.45500183105469,46.529998779296875,42515,0.0,0.0
2022-12-27 15:30:00-05:00,46.53499984741211,46.58000183105469,46.46500015258789,46.470001220703125,53867,0.0,0.0
2022-12-28 09:30:00-05:00,46.63999938964844,46.939998626708984,46.33000183105469,46.40999984741211,48331,0.0,0.0
2022-12-28 10:30:00-05:00,46.400001525878906,46.400001525878906,46.209999084472656,46.27000045776367,25853,0.0,0.0
2022-12-28 11:30:00-05:00,46.27000045776367,46.29999923706055,46.15999984741211,46.189998626708984,35403,0.0,0.0
2022-12-28 12:30:00-05:00,46.18000030517578,46.457401275634766,46.165000915527344,46.380001068115234,38193,0.0,0.0
2022-12-28 13:30:00-05:00,46.380001068115234,46.41999816894531,46.2400016784668,46.279998779296875,28497,0.0,0.0
2022-12-28 14:30:00-05:00,46.27000045776367,46.314998626708984,46.06999969482422,46.130001068115234,35990,0.0,0.0
2022-12-28 15:30:00-05:00,46.1349983215332,46.209999084472656,46.119998931884766,46.130001068115234,88123,0.0,0.0
2022-12-29 09:30:00-05:00,46.5,46.7400016784668,46.43000030517578,46.63999938964844,0,0.0,0.0
2022-12-29 10:30:00-05:00,46.63999938964844,46.709999084472656,46.4900016784668,46.599998474121094,29375,0.0,0.0
2022-12-29 11:30:00-05:00,46.599998474121094,46.845001220703125,46.599998474121094,46.81999969482422,34506,0.0,0.0
2022-12-29 12:30:00-05:00,46.810001373291016,46.86000061035156,46.75,46.7599983215332,35747,0.0,0.0
2022-12-29 13:30:00-05:00,46.779998779296875,46.81999969482422,46.7400016784668,46.77000045776367,30403,0.0,0.0
2022-12-29 14:30:00-05:00,46.77000045776367,46.83000183105469,46.720001220703125,46.720001220703125,30562,0.0,0.0
2022-12-29 15:30:00-05:00,46.709999084472656,46.81999969482422,46.709999084472656,46.81999969482422,78525,0.0,0.0
2022-12-30 09:30:00-05:00,46.540000915527344,46.88999938964844,46.5099983215332,46.70000076293945,56223,0.0,0.0
2022-12-30 10:30:00-05:00,46.689998626708984,46.77000045776367,46.584999084472656,46.72999954223633,60186,0.0,0.0
2022-12-30 11:30:00-05:00,46.72999954223633,46.7599983215332,46.5,46.5,41510,0.0,0.0
2022-12-30 12:30:00-05:00,46.5099983215332,46.579200744628906,46.22999954223633,46.28499984741211,29155,0.0,0.0
2022-12-30 13:30:00-05:00,46.290000915527344,46.43000030517578,46.150001525878906,46.329200744628906,43793,0.0,0.0
2022-12-30 14:30:00-05:00,46.310001373291016,46.4900016784668,46.29999923706055,46.439998626708984,62424,0.0,0.0
2022-12-30 15:30:00-05:00,46.439998626708984,46.4900016784668,46.380001068115234,46.40999984741211,102980,0.0,0.0
2023-01-03 09:30:00-05:00,46.2599983215332,46.88999938964844,46.25,46.56999969482422,56294,0.0,0.0
2023-01-03 10:30:00-05:00,46.61000061035156,46.81999969482422,46.47999954223633,46.47999954223633,46255,0.0,0.0
2023-01-03 11:30:00-05:00,46.5,46.564998626708984,46.36000061035156,46.470001220703125,26791,0.0,0.0
2023-01-03 12:30:00-05:00,46.494998931884766,46.560001373291016,46.34000015258789,46.470001220703125,21316,0.0,0.0
2023-01-03 13:30:00-05:00,46.470001220703125,46.617000579833984,46.439998626708984,46.45000076293945,32766,0.0,0.0
2023-01-03 14:30:00-05:00,46.439998626708984,46.560001373291016,46.33000183105469,46.369998931884766,54467,0.0,0.0
2023-01-03 15:30:00-05:00,46.380001068115234,46.45000076293945,46.33000183105469,46.400001525878906,94778,0.0,0.0
2023-01-04 09:30:00-05:00,47.13999938964844,47.31999969482422,46.78499984741211,47.06999969482422,76583,0.0,0.0
2023-01-04 10:30:00-05:00,47.08000183105469,47.33000183105469,47.005001068115234,47.279998779296875,54338,0.0,0.0
2023-01-04 11:30:00-05:00,47.290000915527344,47.5,47.290000915527344,47.470001220703125,48535,0.0,0.0
2023-01-04 12:30:00-05:00,47.474998474121094,47.58000183105469,47.400001525878906,47.5099983215332,49032,0.0,0.0
2023-01-04 13:30:00-05:00,47.525001525878906,47.58000183105469,47.349998474121094,47.380001068115234,105693,0.0,0.0
2023-01-04 14:30:00-05:00,47.369998931884766,47.54999923706055,47.36000061035156,47.5099983215332,81703,0.0,0.0
2023-01-04 15:30:00-05:00,47.5,47.540000915527344,47.369998931884766,47.529998779296875,94276,0.0,0.0
2023-01-05 09:30:00-05:00,47.349998474121094,47.400001525878906,46.564998626708984,46.619998931884766,86157,0.0,0.0
2023-01-05 10:30:00-05:00,46.619998931884766,46.66999816894531,46.45000076293945,46.52000045776367,52468,0.0,0.0
2023-01-05 11:30:00-05:00,46.52000045776367,46.70000076293945,46.52000045776367,46.65810012817383,27534,0.0,0.0
2023-01-05 12:30:00-05:00,46.65999984741211,46.720001220703125,46.560001373291016,46.63999938964844,28659,0.0,0.0
2023-01-05 13:30:00-05:00,46.630001068115234,46.70000076293945,46.560001373291016,46.560001373291016,35017,0.0,0.0
2023-01-05 14:30:00-05:00,46.56999969482422,46.77000045776367,46.564998626708984,46.60499954223633,57878,0.0,0.0
2023-01-05 15:30:00-05:00,46.599998474121094,46.65999984741211,46.560001373291016,46.619998931884766,88920,0.0,0.0
2023-01-06 09:30:00-05:00,46.90999984741211,47.11000061035156,46.66999816894531,47.06999969482422,62483,0.0,0.0
2023-01-06 10:30:00-05:00,47.040000915527344,47.380001068115234,47.040000915527344,47.33000183105469,35581,0.0,0.0
2023-01-06 11:30:00-05:00,47.34000015258789,47.41999816894531,47.29999923706055,47.36000061035156,46577,0.0,0.0
2023-01-06 12:30:00-05:00,47.36000061035156,47.40999984741211,47.33000183105469,47.380001068115234,20266,0.0,0.0
2023-01-06 13:30:00-05:00,47.369998931884766,47.43000030517578,47.290000915527344,47.349998474121094,35415,0.0,0.0
2023-01-06 14:30:00-05:00,47.349998474121094,47.5,47.349998474121094,47.43000030517578,42083,0.0,0.0
2023-01-06 15:30:00-05:00,47.439998626708984,47.47999954223633,47.404998779296875,47.43000030517578,68945,0.0,0.0
2023-01-09 09:30:00-05:00,47.529998779296875,47.55500030517578,47.279998779296875,47.439998626708984,0,0.0,0.0
2023-01-09 10:30:00-05:00,47.43000030517578,47.520301818847656,47.40999984741211,47.40999984741211,38871,0.0,0.0
2023-01-09 11:30:00-05:00,47.40999984741211,47.45000076293945,47.2599983215332,47.310001373291016,38864,0.0,0.0
2023-01-09 12:30:00-05:00,47.310001373291016,47.36000061035156,47.2400016784668,47.2599983215332,32783,0.0,0.0
2023-01-09 13:30:00-05:00,47.279998779296875,47.290000915527344,47.119998931884766,47.25,50557,0.0,0.0
2023-01-09 14:30:00-05:00,47.2400016784668,47.279998779296875,47.189998626708984,47.209999084472656,45693,0.0,0.0
2023-01-09 15:30:00-05:00,47.20500183105469,47.20500183105469,47.099998474121094,47.099998474121094,45923,0.0,0.0
2023-01-10 09:30:00-05:00,47.20000076293945,47.2400016784668,46.81999969482422,47.09000015258789,46335,0.0,0.0
2023-01-10 10:30:00-05:00,47.084999084472656,47.11000061035156,46.81999969482422,46.97999954223633,53508,0.0,0.0
2023-01-10 11:30:00-05:00,47.0099983215332,47.02000045776367,46.86000061035156,46.86000061035156,46480,0.0,0.0
2023-01-10 12:30:00-05:00,46.869998931884766,46.939998626708984,46.790000915527344,46.79999923706055,43671,0.0,0.0
2023-01-10 13:30:00-05:00,46.80500030517578,46.939998626708984,46.80500030517578,46.869998931884766,44890,0.0,0.0
2023-01-10 14:30:00-05:00,46.869998931884766,46.88999938964844,46.709999084472656,46.709999084472656,56964,0.0,0.0
2023-01-10 15:30:00-05:00,46.720001220703125,46.88999938964844,46.70500183105469,46.8650016784668,118252,0.0,0.0
2023-01-11 09:30:00-05:00,47.099998474121094,47.38999938964844,47.099998474121094,47.29999923706055,71951,0.0,0.0
2023-01-11 10:30:00-05:00,47.290000915527344,47.380001068115234,47.209999084472656,47.33000183105469,42347,0.0,0.0
2023-01-11 11:30:00-05:00,47.34000015258789,47.630001068115234,47.34000015258789,47.61000061035156,32204,0.0,0.0
2023-01-11 12:30:00-05:00,47.61940002441406,47.650001525878906,47.540000915527344,47.641700744628906,46030,0.0,0.0
2023-01-11 13:30:00-05:00,47.65999984741211,47.70000076293945,47.439998626708984,47.58000183105469,38616,0.0,0.0
2023-01-11 14:30:00-05:00,47.599998474121094,47.65999984741211,47.564998626708984,47.564998626708984,39363,0.0,0.0
2023-01-11 15:30:00-05:00,47.560001373291016,47.65999984741211,47.52000045776367,47.650001525878906,58075,0.0,0.0
2023-01-12 09:30:00-05:00,47.90999984741211,48.040000915527344,47.63999938964844,47.90999984741211,69031,0.0,0.0
2023-01-12 10:30:00-05:00,47.880001068115234,48.36000061035156,47.880001068115234,48.31999969482422,70393,0.0,0.0
2023-01-12 11:30:00-05:00,48.33000183105469,48.45000076293945,48.2400016784668,48.439998626708984,46543,0.0,0.0
2023-01-12 12:30:00-05:00,48.439998626708984,48.64500045776367,48.43000030517578,48.470001220703125,64849,0.0,0.0
2023-01-12 13:30:00-05:00,48.459999084472656,48.599998474121094,48.439998626708984,48.5,49123,0.0,0.0
2023-01-12 14:30:00-05:00,48.5099983215332,48.619998931884766,48.380001068115234,48.43000030517578,71780,0.0,0.0
2023-01-12 15:30:00-05:00,48.42499923706055,48.43000030517578,48.25,48.369998931884766,93361,0.0,0.0
2023-01-13 09:30:00-05:00,48.060001373291016,48.54999923706055,48.03499984741211,48.422401428222656,90643,0.0,0.0
2023-01-13 10:30:00-05:00,48.44499969482422,48.4900016784668,48.310001373291016,48.36000061035156,58589,0.0,0.0
2023-01-13 11:30:00-05:00,48.369998931884766,48.4900016784668,48.29999923706055,48.42729949951172,33363,0.0,0.0
2023-01-13 12:30:00-05:00,48.41999816894531,48.470001220703125,48.349998474121094,48.36000061035156,23936,0.0,0.0
2023-01-13 13:30:00-05:00,48.369998931884766,48.48500061035156,48.349998474121094,48.369998931884766,34980,0.0,0.0
2023-01-13 14:30:00-05:00,48.380001068115234,48.38999938964844,48.22999954223633,48.2400016784668,65196,0.0,0.0
2023-01-13 15:30:00-05:00,48.2400016784668,48.36000061035156,48.209999084472656,48.33000183105469,68816,0.0,0.0
2023-01-17 09:30:00-05:00,48.369998931884766,48.599998474121094,48.290000915527344,48.4900016784668,76416,0.0,0.0
2023-01-17 10:30:00-05:00,48.47999954223633,48.47999954223633,48.279998779296875,48.417999267578125,46725,0.0,0.0
2023-01-17 11:30:00-05:00,48.400001525878906,48.45000076293945,48.34000015258789,48.36000061035156,27465,0.0,0.0
2023-01-17 12:30:00-05:00,48.369998931884766,48.439998626708984,48.345001220703125,48.41999816894531,21199,0.0,0.0
2023-01-17 13:30:00-05:00,48.439998626708984,48.5099983215332,48.38999938964844,48.435001373291016,31151,0.0,0.0
2023-01-17 14:30:00-05:00,48.43000030517578,48.54499816894531,48.43000030517578,48.54499816894531,26895,0.0,0.0
2023-01-17 15:30:00-05:00,48.540000915527344,48.584999084472656,48.439998626708984,48.529998779296875,69496,0.0,0.0
2023-01-18 09:30:00-05:00,48.63999938964844,48.68000030517578,48.46500015258789,48.65999984741211,53089,0.0,0.0
2023-01-18 10:30:00-05:00,48.689998626708984,48.689998626708984,48.27000045776367,48.310001373291016,42061,0.0,0.0
2023-01-18 11:30:00-05:00,48.29999923706055,48.29999923706055,48.040000915527344,48.077999114990234,36828,0.0,0.0
2023-01-18 12:30:00-05:00,48.04999923706055,48.06999969482422,47.849998474121094,47.91999816894531,29482,0.0,0.0
2023-01-18 13:30:00-05:00,47.939998626708984,48.11000061035156,47.939998626708984,48.02000045776367,40614,0.0,0.0
2023-01-18 14:30:00-05:00,48.029998779296875,48.05939865112305,47.93000030517578,47.93000030517578,45150,0.0,0.0
2023-01-18 15:30:00-05:00,47.91999816894531,47.93000030517578,47.81999969482422,47.88999938964844,81622,0.0,0.0
2023-01-19 09:30:00-05:00,47.83000183105469,48.0099983215332,47.66999816894531,47.959999084472656,43877,0.0,0.0
2023-01-19 10:30:00-05:00,47.959999084472656,48.0,47.72999954223633,47.83000183105469,34916,0.0,0.0
2023-01-19 11:30:00-05:00,47.83000183105469,47.939998626708984,47.7599983215332,47.86000061035156,28076,0.0,0.0
2023-01-19 12:30:00-05:00,47.86000061035156,47.9900016784668,47.84000015258789,47.939998626708984,24458,0.0,0.0
2023-01-19 13:30:00-05:00,47.959999084472656,48.1150016784668,47.959999084472656,48.11000061035156,39758,0.0,0.0
2023-01-19 14:30:00-05:00,48.11000061035156,48.13999938964844,47.9900016784668,48.04130172729492,42613,0.0,0.0
2023-01-19 15:30:00-05:00,48.04999923706055,48.130001068115234,47.97999954223633,47.97999954223633,97293,0.0,0.0
2023-01-20 09:30:00-05:00,48.08000183105469,48.47999954223633,47.68000030517578,48.47999954223633,58860,0.0,0.0
2023-01-20 10:30:00-05:00,48.5,48.525001525878906,48.4208984375,48.5,27186,0.0,0.0
2023-01-20 11:30:00-05:00,48.52000045776367,48.630699157714844,48.4900016784668,48.599998474121094,28588,0.0,0.0
2023-01-20 12:30:00-05:00,48.59000015258789,48.727500915527344,48.56999969482422,48.66299819946289,45490,0.0,0.0
2023-01-20 13:30:00-05:00,48.66999816894531,48.84000015258789,48.66999816894531,48.84000015258789,22687,0.0,0.0
2023-01-20 14:30:00-05:00,48.849998474121094,48.95500183105469,48.81999969482422,48.939998626708984,32904,0.0,0.0
2023-01-20 15:30:00-05:00,48.95000076293945,49.029998779296875,48.88999938964844,49.029998779296875,113490,0.0,0.0
2023-01-23 09:30:00-05:00,48.84000015258789,48.97999954223633,48.689998626708984,48.86000061035156,39494,0.0,0.0
2023-01-23 10:30:00-05:00,48.86000061035156,49.09000015258789,48.86000061035156,49.02000045776367,23225,0.0,0.0
2023-01-23 11:30:00-05:00,49.04999923706055,49.09000015258789,48.93000030517578,48.95000076293945,20079,0.0,0.0
2023-01-23 12:30:00-05:00,48.95000076293945,49.060001373291016,48.95000076293945,49.040000915527344,29132,0.0,0.0
2023-01-23 13:30:00-05:00,49.040000915527344,49.119998931884766,48.8849983215332,48.89799880981445,37656,0.0,0.0
2023-01-23 14:30:00-05:00,48.900001525878906,48.9468994140625,48.72999954223633,48.86000061035156,49113,0.0,0.0
2023-01-23 15:30:00-05:00,48.8650016784668,48.994998931884766,48.83000183105469,48.9900016784668,42123,0.0,0.0
2023-01-24 09:30:00-05:00,48.650001525878906,49.11000061035156,48.529998779296875,49.084999084472656,44139,0.0,0.0
2023-01-24 10:30:00-05:00,49.099998474121094,49.209999084472656,49.060001373291016,49.13999938964844,27923,0.0,0.0
2023-01-24 11:30:00-05:00,49.18000030517578,49.220001220703125,49.119998931884766,49.119998931884766,25453,0.0,0.0
2023-01-24 12:30:00-05:00,49.099998474121094,49.11000061035156,49.02000045776367,49.06999969482422,46713,0.0,0.0
2023-01-24 13:30:00-05:00,49.08000183105469,49.13999938964844,49.0099983215332,49.04999923706055,29505,0.0,0.0
2023-01-24 14:30:00-05:00,49.04999923706055,49.18000030517578,49.03499984741211,49.05500030517578,60311,0.0,0.0
2023-01-24 15:30:00-05:00,49.04999923706055,49.099998474121094,48.93000030517578,49.040000915527344,55065,0.0,0.0
2023-01-25 09:30:00-05:00,48.79999923706055,49.2400016784668,48.720001220703125,49.02320098876953,88904,0.0,0.0
2023-01-25 10:30:00-05:00,49.029998779296875,49.099998474121094,48.81999969482422,48.900001525878906,42748,0.0,0.0
2023-01-25 11:30:00-05:00,48.900001525878906,49.02000045776367,48.88019943237305,48.970001220703125,57265,0.0,0.0
2023-01-25 12:30:00-05:00,48.97999954223633,49.189998626708984,48.959999084472656,49.18000030517578,27244,0.0,0.0
2023-01-25 13:30:00-05:00,49.16999816894531,49.2400016784668,49.08000183105469,49.09000015258789,72459,0.0,0.0
2023-01-25 14:30:00-05:00,49.11000061035156,49.150001525878906,48.95000076293945,49.060001373291016,271901,0.0,0.0
2023-01-25 15:30:00-05:00,49.060001373291016,49.07500076293945,48.98500061035156,49.02000045776367,124684,0.0,0.0
2023-01-26 09:30:00-05:00,49.33000183105469,49.720001220703125,49.2599983215332,49.650001525878906,104878,0.0,0.0
2023-01-26 10:30:00-05:00,49.689998626708984,49.79999923706055,49.5,49.63999938964844,47223,0.0,0.0
2023-01-26 11:30:00-05:00,49.63999938964844,49.75,49.619998931884766,49.709999084472656,23506,0.0,0.0
2023-01-26 12:30:00-05:00,49.709999084472656,49.75,49.59000015258789,49.71500015258789,39384,0.0,0.0
2023-01-26 13:30:00-05:00,49.720001220703125,49.810001373291016,49.709999084472656,49.72999954223633,18676,0.0,0.0
2023-01-26 14:30:00-05:00,49.7400016784668,49.939998626708984,49.7400016784668,49.88999938964844,52638,0.0,0.0
2023-01-26 15:30:00-05:00,49.88999938964844,49.89500045776367,49.77000045776367,49.880001068115234,70924,0.0,0.0
2023-01-27 09:30:00-05:00,49.720001220703125,50.150001525878906,49.720001220703125,50.119998931884766,60953,0.0,0.0
2023-01-27 10:30:00-05:00,50.11000061035156,50.13999938964844,49.75,49.93000030517578,39413,0.0,0.0
2023-01-27 11:30:00-05:00,49.93989944458008,50.029998779296875,49.93989944458008,49.94499969482422,18954,0.0,0.0
2023-01-27 12:30:00-05:00,49.959999084472656,50.02000045776367,49.90999984741211,49.93000030517578,25920,0.0,0.0
2023-01-27 13:30:00-05:00,49.91999816894531,50.0099983215332,49.849998474121094,49.939998626708984,18503,0.0,0.0
2023-01-27 14:30:00-05:00,49.94499969482422,50.005001068115234,49.90999984741211,49.970001220703125,42382,0.0,0.0
2023-01-27 15:30:00-05:00,49.959999084472656,49.96500015258789,49.86000061035156,49.86000061035156,71443,0.0,0.0
2023-01-30 09:30:00-05:00,49.75,49.83000183105469,49.54999923706055,49.630001068115234,47125,0.0,0.0
2023-01-30 10:30:00-05:00,49.65999984741211,49.7599983215332,49.529998779296875,49.709999084472656,18668,0.0,0.0
2023-01-30 11:30:00-05:00,49.720001220703125,49.7400016784668,49.630001068115234,49.68000030517578,22348,0.0,0.0
2023-01-30 12:30:00-05:00,49.66999816894531,49.70000076293945,49.619998931884766,49.665000915527344,24904,0.0,0.0
2023-01-30 13:30:00-05:00,49.650001525878906,49.650001525878906,49.5099983215332,49.52000045776367,15033,0.0,0.0
2023-01-30 14:30:00-05:00,49.52000045776367,49.560001373291016,49.459999084472656,49.46500015258789,18850,0.0,0.0
2023-01-30 15:30:00-05:00,49.459999084472656,49.51499938964844,49.41999816894531,49.41999816894531,46270,0.0,0.0
2023-01-31 09:30:00-05:00,49.380001068115234,49.439998626708984,48.90999984741211,49.209999084472656,60973,0.0,0.0
2023-01-31 10:30:00-05:00,49.310001373291016,49.72999954223633,49.310001373291016,49.709999084472656,38669,0.0,0.0
2023-01-31 11:30:00-05:00,49.720001220703125,49.91999816894531,49.709999084472656,49.880001068115234,48420,0.0,0.0
2023-01-31 12:30:00-05:00,49.869998931884766,50.02000045776367,49.869998931884766,50.02000045776367,26692,0.0,0.0
2023-01-31 13:30:00-05:00,50.02000045776367,50.11000061035156,50.0,50.060001373291016,27281,0.0,0.0
2023-01-31 14:30:00-05:00,50.060001373291016,50.150001525878906,50.02000045776367,50.099998474121094,60388,0.0,0.0
2023-01-31 15:30:00-05:00,50.099998474121094,50.2599983215332,50.06999969482422,50.23500061035156,92112,0.0,0.0
2023-02-01 09:30:00-05:00,50.02000045776367,50.2599983215332,49.900001525878906,50.16999816894531,58632,0.0,0.0
2023-02-01 10:30:00-05:00,50.20000076293945,50.23500061035156,49.974998474121094,50.0,31908,0.0,0.0
2023-02-01 11:30:00-05:00,50.029998779296875,50.119998931884766,49.939998626708984,50.099998474121094,57320,0.0,0.0
2023-02-01 12:30:00-05:00,50.099998474121094,50.20000076293945,50.06999969482422,50.189998626708984,39460,0.0,0.0
2023-02-01 13:30:00-05:00,50.189998626708984,50.2400016784668,50.0099983215332,50.209999084472656,43401,0.0,0.0
2023-02-01 14:30:00-05:00,50.220001220703125,50.790000915527344,50.02000045776367,50.68000030517578,179979,0.0,0.0
2023-02-01 15:30:00-05:00,50.70000076293945,50.709999084472656,50.400001525878906,50.47999954223633,93757,0.0,0.0
2023-02-02 09:30:00-05:00,50.619998931884766,50.7400016784668,49.720001220703125,49.849998474121094,0,0.0,0.0
2023-02-02 10:30:00-05:00,49.849998474121094,50.29999923706055,49.79999923706055,50.130001068115234,67738,0.0,0.0
2023-02-02 11:30:00-05:00,50.119998931884766,50.30500030517578,50.040000915527344,50.2599983215332,37903,0.0,0.0
2023-02-02 12:30:00-05:00,50.2400016784668,50.435001373291016,50.2400016784668,50.415000915527344,64956,0.0,0.0
2023-02-02 13:30:00-05:00,50.41999816894531,50.525001525878906,50.29999923706055,50.29999923706055,45011,0.0,0.0
2023-02-02 14:30:00-05:00,50.310001373291016,50.32500076293945,50.18000030517578,50.220001220703125,87039,0.0,0.0
2023-02-02 15:30:00-05:00,50.224998474121094,50.27000045776367,50.15999984741211,50.2400016784668,80142,0.0,0.0
2023-02-03 09:30:00-05:00,49.79999923706055,50.09000015258789,49.59000015258789,49.970001220703125,101281,0.0,0.0
2023-02-03 10:30:00-05:00,49.970001220703125,50.20000076293945,49.93000030517578,50.09000015258789,42040,0.0,0.0
2023-02-03 11:30:00-05:00,50.09000015258789,50.27000045776367,50.06999969482422,50.220001220703125,57108,0.0,0.0
2023-02-03 12:30:00-05:00,50.209999084472656,50.244998931884766,49.970001220703125,50.0,108934,0.0,0.0
2023-02-03 13:30:00-05:00,49.95000076293945,50.02000045776367,49.755001068115234,49.77000045776367,36794,0.0,0.0
2023-02-03 14:30:00-05:00,49.7599983215332,49.9900016784668,49.71500015258789,49.93000030517578,75759,0.0,0.0
2023-02-03 15:30:00-05:00,49.89500045776367,50.029998779296875,49.82500076293945,50.029998779296875,111955,0.0,0.0
2023-02-06 09:30:00-05:00,49.70000076293945,49.810001373291016,49.459999084472656,49.56999969482422,57470,0.0,0.0
2023-02-06 10:30:00-05:00,49.540000915527344,50.0099983215332,49.5099983215332,49.9900016784668,72019,0.0,0.0
2023-02-06 11:30:00-05:00,50.0,50.05500030517578,49.86800003051758,49.91999816894531,46244,0.0,0.0
2023-02-06 12:30:00-05:00,49.93000030517578,50.02000045776367,49.91999816894531,49.95000076293945,28992,0.0,0.0
2023-02-06 13:30:00-05:00,49.959999084472656,50.07500076293945,49.95000076293945,50.029998779296875,28863,0.0,0.0
2023-02-06 14:30:00-05:00,50.029998779296875,50.040000915527344,49.81999969482422,49.900001525878906,63765,0.0,0.0
2023-02-06 15:30:00-05:00,49.89500045776367,50.02000045776367,49.86000061035156,49.97999954223633,96135,0.0,0.0
2023-02-07 09:30:00-05:00,49.630001068115234,49.720001220703125,49.2400016784668,49.41999816894531,0,0.0,0.0
2023-02-07 10:30:00-05:00,49.459999084472656,49.7599983215332,49.41999816894531,49.75,56199,0.0,0.0
2023-02-07 11:30:00-05:00,49.762001037597656,50.02000045776367,49.7599983215332,49.970001220703125,30926,0.0,0.0
2023-02-07 12:30:00-05:00,49.959999084472656,50.41999816894531,49.915000915527344,49.970001220703125,80635,0.0,0.0
2023-02-07 13:30:00-05:00,49.959999084472656,50.244998931884766,49.77000045776367,50.18000030517578,53795,0.0,0.0
2023-02-07 14:30:00-05:00,50.18000030517578,50.290000915527344,50.119998931884766,50.209999084472656,49822,0.0,0.0
2023-02-07 15:30:00-05:00,50.209999084472656,50.244998931884766,50.119998931884766,50.15999984741211,110600,0.0,0.0
2023-02-08 09:30:00-05:00,49.90999984741211,50.22999954223633,49.709999084472656,50.130001068115234,44386,0.0,0.0
2023-02-08 10:30:00-05:00,50.11000061035156,50.31999969482422,50.06999969482422,50.11000061035156,43606,0.0,0.0
2023-02-08 11:30:00-05:00,50.099998474121094,50.189998626708984,50.06679916381836,50.07500076293945,25292,0.0,0.0
2023-02-08 12:30:00-05:00,50.09000015258789,50.29999923706055,50.04999923706055,50.13999938964844,36462,0.0,0.0
2023-02-08 13:30:00-05:00,50.099998474121094,50.130001068115234,50.0099983215332,50.04999923706055,24755,0.0,0.0
2023-02-08 14:30:00-05:00,50.060001373291016,50.08000183105469,49.9900016784668,50.040000915527344,29750,0.0,0.0
2023-02-08 15:30:00-05:00,50.040000915527344,50.16999816894531,50.040000915527344,50.150001525878906,62371,0.0,0.0
2023-02-09 09:30:00-05:00,50.79999923706055,51.31999969482422,50.79999923706055,51.119998931884766,138790,0.0,0.0
2023-02-09 10:30:00-05:00,51.11000061035156,51.31999969482422,50.84000015258789,50.88999938964844,44768,0.0,0.0
2023-02-09 11:30:00-05:00,50.86000061035156,51.16999816894531,50.810001373291016,51.119998931884766,43865,0.0,0.0
2023-02-09 12:30:00-05:00,51.099998474121094,51.11000061035156,50.880001068115234,51.029998779296875,52239,0.0,0.0
2023-02-09 13:30:00-05:00,51.02000045776367,51.064998626708984,50.83000183105469,50.84989929199219,35585,0.0,0.0
2023-02-09 14:30:00-05:00,50.83000183105469,50.904998779296875,50.61000061035156,50.630001068115234,35869,0.0,0.0
2023-02-09 15:30:00-05:00,50.6349983215332,50.790000915527344,50.540000915527344,50.70000076293945,95689,0.0,0.0
2023-02-10 09:30:00-05:00,50.25,50.83000183105469,50.02000045776367,50.81999969482422,85271,0.0,0.0
2023-02-10 10:30:00-05:00,50.849998474121094,50.90999984741211,50.540000915527344,50.619998931884766,41615,0.0,0.0
2023-02-10 11:30:00-05:00,50.63999938964844,50.66999816894531,50.380001068115234,50.40999984741211,61824,0.0,0.0
2023-02-10 12:30:00-05:00,50.41999816894531,50.619998931884766,50.41999816894531,50.57500076293945,34217,0.0,0.0
2023-02-10 13:30:00-05:00,50.53499984741211,50.709999084472656,50.42499923706055,50.65999984741211,49043,0.0,0.0
2023-02-10 14:30:00-05:00,50.665000915527344,50.7400016784668,50.625,50.689998626708984,41695,0.0,0.0
2023-02-10 15:30:00-05:00,50.689998626708984,50.810001373291016,50.665000915527344,50.709999084472656,78116,0.0,0.0
2023-02-13 09:30:00-05:00,50.63999938964844,51.29999923706055,50.56999969482422,51.29999923706055,0,0.0,0.0
2023-02-13 10:30:00-05:00,51.31999969482422,51.349998474121094,51.18000030517578,51.310001373291016,58673,0.0,0.0
2023-02-13 11:30:00-05:00,51.290000915527344,51.439998626708984,51.209999084472656,51.2400016784668,51431,0.0,0.0
2023-02-13 12:30:00-05:00,51.22999954223633,51.400001525878906,51.22999954223633,51.38999938964844,43331,0.0,0.0
2023-02-13 13:30:00-05:00,51.380001068115234,51.439998626708984,51.301998138427734,51.400001525878906,42402,0.0,0.0
2023-02-13 14:30:00-05:00,51.400001525878906,51.45000076293945,51.34000015258789,51.404998779296875,71336,0.0,0.0
2023-02-13 15:30:00-05:00,51.40999984741211,51.47999954223633,51.36000061035156,51.400001525878906,94161,0.0,0.0
2023-02-14 09:30:00-05:00,51.20000076293945,51.630001068115234,50.810001373291016,51.43000030517578,64542,0.0,0.0
2023-02-14 10:30:00-05:00,51.400001525878906,51.400001525878906,51.0099983215332,51.064998626708984,35477,0.0,0.0
2023-02-14 11:30:00-05:00,51.060001373291016,51.18000030517578,50.93000030517578,51.16999816894531,36994,0.0,0.0
2023-02-14 12:30:00-05:00,51.150001525878906,51.33000183105469,51.10020065307617,51.13999938964844,36998,0.0,0.0
2023-02-14 13:30:00-05:00,51.15999984741211,51.20000076293945,51.029998779296875,51.06999969482422,18869,0.0,0.0
2023-02-14 14:30:00-05:00,51.06999969482422,51.189998626708984,51.06999969482422,51.165000915527344,29599,0.0,0.0
2023-02-14 15:30:00-05:00,51.16999816894531,51.220001220703125,51.09000015258789,51.09000015258789,83151,0.0,0.0
2023-02-15 09:30:00-05:00,50.650001525878906,50.75,50.369998931884766,50.5099983215332,54442,0.0,0.0
2023-02-15 10:30:00-05:00,50.47999954223633,50.599998474121094,50.439998626708984,50.52000045776367,40862,0.0,0.0
2023-02-15 11:30:00-05:00,50.540000915527344,50.709999084472656,50.5,50.529998779296875,30109,0.0,0.0
2023-02-15 12:30:00-05:00,50.540000915527344,50.650001525878906,50.4900016784668,50.6349983215332,39154,0.0,0.0
2023-02-15 13:30:00-05:00,50.63999938964844,50.7599983215332,50.61000061035156,50.66999816894531,41902,0.0,0.0
2023-02-15 14:30:00-05:00,50.70000076293945,50.72999954223633,50.619998931884766,50.65999984741211,50948,0.0,0.0
2023-02-15 15:30:00-05:00,50.66999816894531,50.83000183105469,50.650001525878906,50.7599983215332,66603,0.0,0.0
2023-02-16 09:30:00-05:00,50.2599983215332,50.59000015258789,50.029998779296875,50.59000015258789,110546,0.0,0.0
2023-02-16 10:30:00-05:00,50.61000061035156,50.810001373291016,50.61000061035156,50.7599983215332,47368,0.0,0.0
2023-02-16 11:30:00-05:00,50.7599983215332,50.91999816894531,50.73500061035156,50.900001525878906,28837,0.0,0.0
2023-02-16 12:30:00-05:00,50.90999984741211,50.959999084472656,50.83000183105469,50.86000061035156,48699,0.0,0.0
2023-02-16 13:30:00-05:00,50.849998474121094,51.130001068115234,50.849998474121094,51.099998474121094,52679,0.0,0.0
2023-02-16 14:30:00-05:00,51.08000183105469,51.099998474121094,50.79499816894531,50.79999923706055,81355,0.0,0.0
2023-02-16 15:30:00-05:00,50.790000915527344,50.81999969482422,50.630001068115234,50.68000030517578,114906,0.0,0.0
2023-02-17 09:30:00-05:00,50.40999984741211,50.849998474121094,50.349998474121094,50.739898681640625,56692,0.0,0.0
2023-02-17 10:30:00-05:00,50.689998626708984,50.84000015258789,50.619998931884766,50.72999954223633,64041,0.0,0.0
2023-02-17 11:30:00-05:00,50.7400016784668,50.904998779296875,50.7400016784668,50.900001525878906,42236,0.0,0.0
2023-02-17 12:30:00-05:00,50.88999938964844,50.88999938964844,50.7400016784668,50.779998779296875,25799,0.0,0.0
2023-02-17 13:30:00-05:00,50.78499984741211,50.95000076293945,50.78499984741211,50.915000915527344,67958,0.0,0.0
2023-02-17 14:30:00-05:00,50.93000030517578,51.209999084472656,50.88999938964844,51.16999816894531,88724,0.0,0.0
2023-02-17 15:30:00-05:00,51.18000030517578,51.279998779296875,51.08000183105469,51.16999816894531,137969,0.0,0.0
2023-02-21 09:30:00-05:00,50.86000061035156,50.95000076293945,50.5,50.599998474121094,76783,0.0,0.0
2023-02-21 10:30:00-05:00,50.59000015258789,50.689998626708984,50.439998626708984,50.439998626708984,43552,0.0,0.0
2023-02-21 11:30:00-05:00,50.439998626708984,50.459999084472656,50.18000030517578,50.220001220703125,63425,0.0,0.0
2023-02-21 12:30:00-05:00,50.22999954223633,50.31999969482422,50.209999084472656,50.220001220703125,41409,0.0,0.0
2023-02-21 13:30:00-05:00,50.220001220703125,50.22999954223633,49.91999816894531,49.98500061035156,79651,0.0,0.0
2023-02-21 14:30:00-05:00,49.9900016784668,50.130001068115234,49.97999954223633,50.064998626708984,60659,0.0,0.0
2023-02-21 15:30:00-05:00,50.064998626708984,50.11000061035156,49.959999084472656,49.97999954223633,81115,0.0,0.0
2023-02-22 09:30:00-05:00,50.279998779296875,50.279998779296875,49.540000915527344,49.61000061035156,0,0.0,0.0
2023-02-22 10:30:00-05:00,49.58000183105469,49.619998931884766,49.459999084472656,49.4900016784668,61975,0.0,0.0
2023-02-22 11:30:00-05:00,49.4900016784668,49.54999923706055,49.400001525878906,49.5099983215332,68257,0.0,0.0
2023-02-22 12:30:00-05:00,49.5099983215332,49.6150016784668,49.470001220703125,49.560001373291016,92601,0.0,0.0
2023-02-22 13:30:00-05:00,49.54499816894531,49.58000183105469,49.314998626708984,49.369998931884766,95921,0.0,0.0
2023-02-22 14:30:00-05:00,49.369998931884766,49.400001525878906,49.20000076293945,49.30500030517578,108635,0.0,0.0
2023-02-22 15:30:00-05:00,49.310001373291016,49.38999938964844,49.279998779296875,49.31999969482422,121685,0.0,0.0
2023-02-23 09:30:00-05:00,49.619998931884766,49.72999954223633,49.130001068115234,49.220001220703125,0,0.0,0.0
2023-02-23 10:30:00-05:00,49.209999084472656,49.25,48.97999954223633,49.03499984741211,55666,0.0,0.0
2023-02-23 11:30:00-05:00,49.029998779296875,49.029998779296875,48.66999816894531,48.75,72404,0.0,0.0
2023-02-23 12:30:00-05:00,48.7400016784668,48.84000015258789,48.724998474121094,48.77000045776367,50139,0.0,0.0
2023-02-23 13:30:00-05:00,48.77000045776367,48.90999984741211,48.75,48.849998474121094,64124,0.0,0.0
2023-02-23 14:30:00-05:00,48.849998474121094,48.91999816894531,48.84000015258789,48.880001068115234,108411,0.0,0.0
2023-02-23 15:30:00-05:00,48.880001068115234,48.88999938964844,48.70000076293945,48.72999954223633,226591,0.0,0.0
2023-02-24 09:30:00-05:00,48.119998931884766,48.38999938964844,47.939998626708984,48.13999938964844,95348,0.0,0.0
2023-02-24 10:30:00-05:00,48.150001525878906,48.40999984741211,48.059898376464844,48.36000061035156,38882,0.0,0.0
2023-02-24 11:30:00-05:00,48.36000061035156,48.39500045776367,48.29999923706055,48.380001068115234,37094,0.0,0.0
2023-02-24 12:30:00-05:00,48.400001525878906,48.400001525878906,48.18000030517578,48.290000915527344,42340,0.0,0.0
2023-02-24 13:30:00-05:00,48.275001525878906,48.40999984741211,48.25,48.380001068115234,74029,0.0,0.0
2023-02-24 14:30:00-05:00,48.380001068115234,48.5,48.349998474121094,48.44499969482422,92013,0.0,0.0
2023-02-24 15:30:00-05:00,48.45000076293945,48.47999954223633,48.34000015258789,48.47999954223633,166050,0.0,0.0
2023-02-27 09:30:00-05:00,48.810001373291016,49.290000915527344,48.77000045776367,49.25,77032,0.0,0.0
2023-02-27 10:30:00-05:00,49.16999816894531,49.25,48.95000076293945,48.95000076293945,79888,0.0,0.0
2023-02-27 11:30:00-05:00,48.95000076293945,49.04999923706055,48.904998779296875,49.040000915527344,75281,0.0,0.0
2023-02-27 12:30:00-05:00,49.060001373291016,49.09000015258789,49.0099983215332,49.04999923706055,41969,0.0,0.0
2023-02-27 13:30:00-05:00,49.060001373291016,49.189998626708984,49.03499984741211,49.060001373291016,77513,0.0,0.0
2023-02-27 14:30:00-05:00,49.064998626708984,49.10499954223633,48.970001220703125,49.0,114077,0.0,0.0
2023-02-27 15:30:00-05:00,49.0099983215332,49.0099983215332,48.900001525878906,48.9900016784668,144109,0.0,0.0
2023-02-28 09:30:00-05:00,48.2599983215332,48.58000183105469,48.189998626708984,48.36000061035156,0,0.0,0.0
2023-02-28 10:30:00-05:00,48.380001068115234,48.599998474121094,48.2599983215332,48.5099983215332,1590569,0.0,0.0
2023-02-28 11:30:00-05:00,48.52000045776367,48.55500030517578,48.38999938964844,48.400001525878906,118175,0.0,0.0
2023-02-28 12:30:00-05:00,48.400001525878906,48.5099983215332,48.34000015258789,48.41999816894531,192902,0.0,0.0
2023-02-28 13:30:00-05:00,48.43000030517578,48.4900016784668,48.37099838256836,48.38999938964844,44597,0.0,0.0
2023-02-28 14:30:00-05:00,48.380001068115234,48.380001068115234,48.2599983215332,48.28499984741211,82154,0.0,0.0
2023-02-28 15:30:00-05:00,48.279998779296875,48.38999938964844,48.220001220703125,48.29999923706055,121129,0.0,0.0
2023-03-01 09:30:00-05:00,48.349998474121094,49.11000061035156,48.34000015258789,48.59000015258789,133720,0.0,0.0
2023-03-01 10:30:00-05:00,48.599998474121094,48.90999984741211,48.47999954223633,48.65999984741211,60768,0.0,0.0
2023-03-01 11:30:00-05:00,48.689998626708984,49.040000915527344,48.689998626708984,49.040000915527344,69539,0.0,0.0
2023-03-01 12:30:00-05:00,49.051998138427734,49.15999984741211,49.025001525878906,49.08000183105469,61195,0.0,0.0
2023-03-01 13:30:00-05:00,49.08000183105469,49.08000183105469,48.75,48.75,31894,0.0,0.0
2023-03-01 14:30:00-05:00,48.7400016784668,48.86050033569336,48.70989990234375,48.720001220703125,56382,0.0,0.0
2023-03-01 15:30:00-05:00,48.7400016784668,48.83000183105469,48.709999084472656,48.7599983215332,84673,0.0,0.0
2023-03-02 09:30:00-05:00,48.720001220703125,48.90999984741211,48.41999816894531,48.720001220703125,111825,0.0,0.0
2023-03-02 10:30:00-05:00,48.720001220703125,48.880001068115234,48.599998474121094,48.61000061035156,62740,0.0,0.0
2023-03-02 11:30:00-05:00,48.619998931884766,48.720001220703125,48.6150016784668,48.70000076293945,41473,0.0,0.0
2023-03-02 12:30:00-05:00,48.70000076293945,48.76499938964844,48.470001220703125,48.470001220703125,31539,0.0,0.0
2023-03-02 13:30:00-05:00,48.459999084472656,48.720001220703125,48.45000076293945,48.599998474121094,34445,0.0,0.0
2023-03-02 14:30:00-05:00,48.630001068115234,48.67499923706055,48.54999923706055,48.65999984741211,36584,0.0,0.0
2023-03-02 15:30:00-05:00,48.66999816894531,48.720001220703125,48.63999938964844,48.709999084472656,69543,0.0,0.0
2023-03-03 09:30:00-05:00,48.72999954223633,48.869998931884766,48.45000076293945,48.810001373291016,0,0.0,0.0
2023-03-03 10:30:00-05:00,48.810001373291016,48.900001525878906,48.775001525878906,48.900001525878906,26818,0.0,0.0
2023-03-03 11:30:00-05:00,48.900001525878906,49.179901123046875,48.86000061035156,49.150001525878906,60803,0.0,0.0
2023-03-03 12:30:00-05:00,49.154998779296875,49.33000183105469,49.119998931884766,49.20000076293945,50146,0.0,0.0
2023-03-03 13:30:00-05:00,49.20000076293945,49.2599983215332,49.099998474121094,49.2599983215332,46003,0.0,0.0
2023-03-03 14:30:00-05:00,49.279998779296875,49.34000015258789,49.2400016784668,49.310001373291016,42109,0.0,0.0
2023-03-03 15:30:00-05:00,49.290000915527344,49.345001220703125,49.26499938964844,49.27000045776367,104635,0.0,0.0
2023-03-06 09:30:00-05:00,49.29999923706055,49.529998779296875,49.15999984741211,49.47999954223633,54352,0.0,0.0
2023-03-06 10:30:00-05:00,49.470001220703125,49.470001220703125,49.29999923706055,49.310001373291016,28743,0.0,0.0
2023-03-06 11:30:00-05:00,49.30500030517578,49.66999816894531,49.30500030517578,49.560001373291016,57371,0.0,0.0
2023-03-06 12:30:00-05:00,49.560001373291016,49.560001373291016,49.459999084472656,49.540000915527344,68462,0.0,0.0
2023-03-06 13:30:00-05:00,49.540000915527344,49.55500030517578,49.34000015258789,49.40999984741211,87448,0.0,0.0
2023-03-06 14:30:00-05:00,49.404998779296875,49.439998626708984,49.34000015258789,49.3849983215332,99021,0.0,0.0
2023-03-06 15:30:00-05:00,49.375,49.43000030517578,49.290000915527344,49.40999984741211,82697,0.0,0.0
2023-03-07 09:30:00-05:00,49.29999923706055,49.5099983215332,48.95000076293945,49.209999084472656,0,0.0,0.0
2023-03-07 10:30:00-05:00,49.20500183105469,49.32500076293945,48.93000030517578,48.93000030517578,115680,0.0,0.0
2023-03-07 11:30:00-05:00,48.939998626708984,49.0099983215332,48.790000915527344,48.8849983215332,46756,0.0,0.0
2023-03-07 12:30:00-05:00,48.8849983215332,48.90999984741211,48.63999938964844,48.65060043334961,28605,0.0,0.0
2023-03-07 13:30:00-05:00,48.650001525878906,48.66999816894531,48.38999938964844,48.599998474121094,60038,0.0,0.0
2023-03-07 14:30:00-05:00,48.61000061035156,48.85499954223633,48.584999084472656,48.810001373291016,98080,0.0,0.0
2023-03-07 15:30:00-05:00,48.810001373291016,48.95000076293945,48.79499816894531,48.86000061035156,167297,0.0,0.0
2023-03-08 09:30:00-05:00,48.81999969482422,49.11000061035156,48.63999938964844,48.720001220703125,80438,0.0,0.0
2023-03-08 10:30:00-05:00,48.70000076293945,48.86000061035156,48.56999969482422,48.70000076293945,35302,0.0,0.0
2023-03-08 11:30:00-05:00,48.70500183105469,48.75,48.38999938964844,48.38999938964844,23911,0.0,0.0
2023-03-08 12:30:00-05:00,48.400001525878906,48.439998626708984,48.29999923706055,48.29999923706055,39771,0.0,0.0
2023-03-08 13:30:00-05:00,48.29999923706055,48.30500030517578,48.11000061035156,48.15999984741211,39880,0.0,0.0
2023-03-08 14:30:00-05:00,48.150001525878906,48.224998474121094,48.119998931884766,48.20000076293945,33884,0.0,0.0
2023-03-08 15:30:00-05:00,48.189998626708984,48.279998779296875,48.165000915527344,48.22999954223633,109395,0.0,0.0
2023-03-09 09:30:00-05:00,48.27000045776367,48.27000045776367,47.744998931884766,47.85499954223633,116724,0.0,0.0
2023-03-09 10:30:00-05:00,47.86000061035156,48.0099983215332,47.850101470947266,47.90999984741211,55982,0.0,0.0
2023-03-09 11:30:00-05:00,47.91999816894531,47.91999816894531,47.650001525878906,47.81999969482422,58666,0.0,0.0
2023-03-09 12:30:00-05:00,47.84000015258789,47.849998474121094,47.595001220703125,47.61000061035156,49210,0.0,0.0
2023-03-09 13:30:00-05:00,47.599998474121094,47.599998474121094,47.404998779296875,47.54999923706055,45784,0.0,0.0
2023-03-09 14:30:00-05:00,47.4900016784668,47.5,47.15999984741211,47.279998779296875,96165,0.0,0.0
2023-03-09 15:30:00-05:00,47.27000045776367,47.43000030517578,47.2599983215332,47.290000915527344,194499,0.0,0.0
2023-03-10 09:30:00-05:00,46.939998626708984,46.970001220703125,46.459999084472656,46.790000915527344,143706,0.0,0.0
2023-03-10 10:30:00-05:00,46.779998779296875,47.11000061035156,46.529998779296875,47.084999084472656,68810,0.0,0.0
2023-03-10 11:30:00-05:00,47.08000183105469,47.220001220703125,46.56999969482422,46.630001068115234,47430,0.0,0.0
2023-03-10 12:30:00-05:00,46.63999938964844,46.77000045776367,46.38999938964844,46.45000076293945,64605,0.0,0.0
2023-03-10 13:30:00-05:00,46.41999816894531,46.54499816894531,46.279998779296875,46.459999084472656,74610,0.0,0.0
2023-03-10 14:30:00-05:00,46.459999084472656,46.67499923706055,46.459999084472656,46.61000061035156,116642,0.0,0.0
2023-03-10 15:30:00-05:00,46.61000061035156,46.630001068115234,46.43000030517578,46.459999084472656,134344,0.0,0.0
2023-03-13 09:30:00-04:00,45.63999938964844,45.97999954223633,45.040000915527344,45.18000030517578,267951,0.0,0.0
2023-03-13 10:30:00-04:00,45.20000076293945,46.099998474121094,45.20000076293945,46.09000015258789,290436,0.0,0.0
2023-03-13 11:30:00-04:00,46.06999969482422,46.084999084472656,45.439998626708984,45.58000183105469,142428,0.0,0.0
2023-03-13 12:30:00-04:00,45.59000015258789,45.72999954223633,45.45000076293945,45.65999984741211,156225,0.0,0.0
2023-03-13 13:30:00-04:00,45.650001525878906,45.97999954223633,45.5,45.83000183105469,132072,0.0,0.0
2023-03-13 14:30:00-04:00,45.83000183105469,45.90999984741211,45.59000015258789,45.65999984741211,108865,0.0,0.0
2023-03-13 15:30:00-04:00,45.65999984741211,45.709999084472656,45.52000045776367,45.56999969482422,104143,0.0,0.0
2023-03-14 09:30:00-04:00,46.459999084472656,46.540000915527344,45.9900016784668,46.22999954223633,110372,0.0,0.0
2023-03-14 10:30:00-04:00,46.2400016784668,46.400001525878906,46.119998931884766,46.369998931884766,62670,0.0,0.0
2023-03-14 11:30:00-04:00,46.349998474121094,46.380001068115234,46.099998474121094,46.150001525878906,47840,0.0,0.0
2023-03-14 12:30:00-04:00,46.15999984741211,46.279998779296875,45.77000045776367,45.90999984741211,52080,0.0,0.0
2023-03-14 13:30:00-04:00,45.90999984741211,46.06999969482422,45.849998474121094,45.970001220703125,58345,0.0,0.0
2023-03-14 14:30:00-04:00,45.959999084472656,46.060001373291016,45.82500076293945,45.900001525878906,119248,0.0,0.0
2023-03-14 15:30:00-04:00,45.88999938964844,46.060001373291016,45.869998931884766,46.029998779296875,122360,0.0,0.0
2023-03-15 09:30:00-04:00,45.099998474121094,45.439998626708984,44.40999984741211,44.54999923706055,201239,0.0,0.0
2023-03-15 10:30:00-04:00,44.529998779296875,44.619998931884766,44.36000061035156,44.36000061035156,145182,0.0,0.0
2023-03-15 11:30:00-04:00,44.349998474121094,44.369998931884766,43.970001220703125,44.04999923706055,65230,0.0,0.0
2023-03-15 12:30:00-04:00,44.060001373291016,44.310001373291016,44.0099983215332,44.290000915527344,85808,0.0,0.0
2023-03-15 13:30:00-04:00,44.244998931884766,44.470001220703125,43.9900016784668,44.369998931884766,95612,0.0,0.0
2023-03-15 14:30:00-04:00,44.38999938964844,44.619998931884766,44.349998474121094,44.560001373291016,119000,0.0,0.0
2023-03-15 15:30:00-04:00,44.54999923706055,44.564998626708984,44.34000015258789,44.560001373291016,143412,0.0,0.0
2023-03-16 09:30:00-04:00,44.15999984741211,44.220001220703125,43.529998779296875,43.90999984741211,115218,0.0,0.0
2023-03-16 10:30:00-04:00,43.900001525878906,44.900001525878906,43.869998931884766,44.83000183105469,174305,0.0,0.0
2023-03-16 11:30:00-04:00,44.81999969482422,44.9900016784668,44.689998626708984,44.939998626708984,52222,0.0,0.0
2023-03-16 12:30:00-04:00,44.93000030517578,45.18000030517578,44.689998626708984,45.06999969482422,92343,0.0,0.0
2023-03-16 13:30:00-04:00,45.06999969482422,45.06999969482422,44.689998626708984,44.779998779296875,88477,0.0,0.0
2023-03-16 14:30:00-04:00,44.790000915527344,44.91999816894531,44.66999816894531,44.91999816894531,89431,0.0,0.0
2023-03-16 15:30:00-04:00,44.90999984741211,44.935001373291016,44.72999954223633,44.880001068115234,117526,0.0,0.0
2023-03-17 09:30:00-04:00,44.900001525878906,44.900001525878906,43.95000076293945,44.0099983215332,118275,0.0,0.0
2023-03-17 10:30:00-04:00,44.02000045776367,44.02000045776367,43.72999954223633,43.83000183105469,71922,0.0,0.0
2023-03-17 11:30:00-04:00,43.810001373291016,44.099998474121094,43.689998626708984,44.06999969482422,57996,0.0,0.0
2023-03-17 12:30:00-04:00,44.099998474121094,44.16999816894531,43.93000030517578,44.040000915527344,94134,0.0,0.0
2023-03-17 13:30:00-04:00,44.03499984741211,44.17499923706055,43.91999816894531,43.959999084472656,119851,0.0,0.0
2023-03-17 14:30:00-04:00,43.970001220703125,44.189998626708984,43.939998626708984,44.16999816894531,107314,0.0,0.0
2023-03-17 15:30:00-04:00,44.18000030517578,44.220001220703125,44.09000015258789,44.09000015258789,251266,0.0,0.0
2023-03-20 09:30:00-04:00,44.540000915527344,45.02000045776367,44.43000030517578,44.97999954223633,102361,0.0,0.0
2023-03-20 10:30:00-04:00,45.02000045776367,45.20500183105469,44.95000076293945,45.150001525878906,84075,0.0,0.0
2023-03-20 11:30:00-04:00,45.150001525878906,45.150001525878906,44.7400016784668,44.849998474121094,71555,0.0,0.0
2023-03-20 12:30:00-04:00,44.86000061035156,45.27000045776367,44.84000015258789,45.22999954223633,63039,0.0,0.0
2023-03-20 13:30:00-04:00,45.209999084472656,45.26499938964844,45.130001068115234,45.22999954223633,32647,0.0,0.0
2023-03-20 14:30:00-04:00,45.20500183105469,45.20500183105469,44.9900016784668,45.08000183105469,42088,0.0,0.0
2023-03-20 15:30:00-04:00,45.06999969482422,45.130001068115234,45.029998779296875,45.04999923706055,82127,0.0,0.0
2023-03-21 09:30:00-04:00,45.81999969482422,46.029998779296875,45.54999923706055,45.625,0,0.0,0.0
2023-03-21 10:30:00-04:00,45.63999938964844,45.83000183105469,45.58000183105469,45.599998474121094,44546,0.0,0.0
2023-03-21 11:30:00-04:00,45.61000061035156,45.65999984741211,45.5,45.58000183105469,36949,0.0,0.0
2023-03-21 12:30:00-04:00,45.599998474121094,45.720001220703125,45.56999969482422,45.70000076293945,43218,0.0,0.0
2023-03-21 13:30:00-04:00,45.75,45.7599983215332,45.47999954223633,45.47999954223633,28784,0.0,0.0
2023-03-21 14:30:00-04:00,45.47999954223633,45.54999923706055,45.43000030517578,45.43000030517578,49264,0.0,0.0
2023-03-21 15:30:00-04:00,45.43000030517578,45.529998779296875,45.40999984741211,45.459999084472656,83380,0.0,0.0
2023-03-22 09:30:00-04:00,45.54999923706055,45.869998931884766,45.54999923706055,45.810001373291016,0,0.0,0.0
2023-03-22 10:30:00-04:00,45.84000015258789,45.84000015258789,45.54999923706055,45.54999923706055,22994,0.0,0.0
2023-03-22 11:30:00-04:00,45.560001373291016,45.584999084472656,45.380001068115234,45.46500015258789,19056,0.0,0.0
2023-03-22 12:30:00-04:00,45.459999084472656,45.459999084472656,45.29999923706055,45.41999816894531,21096,0.0,0.0
2023-03-22 13:30:00-04:00,45.459999084472656,45.7400016784668,45.349998474121094,45.630001068115234,36151,0.0,0.0
2023-03-22 14:30:00-04:00,45.56999969482422,45.869998931884766,45.290000915527344,45.650001525878906,141788,0.0,0.0
2023-03-22 15:30:00-04:00,45.65999984741211,45.66999816894531,45.185001373291016,45.20000076293945,156126,0.0,0.0
2023-03-23 09:30:00-04:00,45.349998474121094,45.54999923706055,45.290000915527344,45.470001220703125,0,0.0,0.0
2023-03-23 10:30:00-04:00,45.4900016784668,45.61000061035156,45.36000061035156,45.40999984741211,34417,0.0,0.0
2023-03-23 11:30:00-04:00,45.41999816894531,45.44499969482422,45.16999816894531,45.189998626708984,60244,0.0,0.0
2023-03-23 12:30:00-04:00,45.189998626708984,45.20000076293945,44.900001525878906,44.959999084472656,53815,0.0,0.0
2023-03-23 13:30:00-04:00,44.95000076293945,45.099998474121094,44.70000076293945,44.70000076293945,30282,0.0,0.0
2023-03-23 14:30:00-04:00,44.685001373291016,44.91999816894531,44.41999816894531,44.560001373291016,95660,0.0,0.0
2023-03-23 15:30:00-04:00,44.529998779296875,44.77000045776367,44.52000045776367,44.63999938964844,104980,0.0,0.0
2023-03-24 09:30:00-04:00,44.06999969482422,44.36000061035156,43.970001220703125,44.220001220703125,74328,0.0,0.0
2023-03-24 10:30:00-04:00,44.22999954223633,44.34000015258789,44.130001068115234,44.220001220703125,80904,0.0,0.0
2023-03-24 11:30:00-04:00,44.20000076293945,44.57500076293945,44.19200134277344,44.369998931884766,32588,0.0,0.0
2023-03-24 12:30:00-04:00,44.38999938964844,44.53099822998047,44.36000061035156,44.459999084472656,33753,0.0,0.0
2023-03-24 13:30:00-04:00,44.470001220703125,44.58000183105469,44.45000076293945,44.529998779296875,42385,0.0,0.0
2023-03-24 14:30:00-04:00,44.540000915527344,44.70000076293945,44.540000915527344,44.68000030517578,30323,0.0,0.0
2023-03-24 15:30:00-04:00,44.68000030517578,44.72999954223633,44.619998931884766,44.720001220703125,57560,0.0,0.0
2023-03-27 09:30:00-04:00,45.22999954223633,45.45000076293945,45.1150016784668,45.209999084472656,0,0.0,0.0
2023-03-27 10:30:00-04:00,45.20000076293945,45.275001525878906,45.119998931884766,45.220001220703125,48079,0.0,0.0
2023-03-27 11:30:00-04:00,45.220001220703125,45.41999816894531,45.220001220703125,45.404998779296875,41540,0.0,0.0
2023-03-27 12:30:00-04:00,45.439998626708984,45.51499938964844,45.36000061035156,45.4900016784668,36370,0.0,0.0
2023-03-27 13:30:00-04:00,45.5,45.5099983215332,45.342098236083984,45.41999816894531,21443,0.0,0.0
2023-03-27 14:30:00-04:00,45.43000030517578,45.56999969482422,45.41999816894531,45.4900016784668,48542,0.0,0.0
2023-03-27 15:30:00-04:00,45.4900016784668,45.5099983215332,45.40999984741211,45.46500015258789,84292,0.0,0.0
2023-03-28 09:30:00-04:00,45.400001525878906,45.869998931884766,45.31999969482422,45.7400016784668,106851,0.0,0.0
2023-03-28 10:30:00-04:00,45.75,45.810001373291016,45.58000183105469,45.779998779296875,67598,0.0,0.0
2023-03-28 11:30:00-04:00,45.779998779296875,45.869998931884766,45.7599983215332,45.810001373291016,33681,0.0,0.0
2023-03-28 12:30:00-04:00,45.790000915527344,45.81999969482422,45.52000045776367,45.529998779296875,30184,0.0,0.0
2023-03-28 13:30:00-04:00,45.5099983215332,45.525001525878906,45.36000061035156,45.43000030517578,25534,0.0,0.0
2023-03-28 14:30:00-04:00,45.43000030517578,45.599998474121094,45.39500045776367,45.58000183105469,42954,0.0,0.0
2023-03-28 15:30:00-04:00,45.56999969482422,45.71500015258789,45.56999969482422,45.66999816894531,79720,0.0,0.0
2023-03-29 09:30:00-04:00,46.0,46.209999084472656,45.88999938964844,46.029998779296875,88455,0.0,0.0
2023-03-29 10:30:00-04:00,46.02000045776367,46.02000045776367,45.81999969482422,45.849998474121094,32699,0.0,0.0
2023-03-29 11:30:00-04:00,45.8849983215332,45.939998626708984,45.83000183105469,45.869998931884766,68046,0.0,0.0
2023-03-29 12:30:00-04:00,45.869998931884766,45.95000076293945,45.869998931884766,45.95000076293945,52808,0.0,0.0
2023-03-29 13:30:00-04:00,45.939998626708984,45.939998626708984,45.779998779296875,45.79499816894531,57552,0.0,0.0
2023-03-29 14:30:00-04:00,45.79999923706055,45.90999984741211,45.790000915527344,45.84000015258789,114602,0.0,0.0
2023-03-29 15:30:00-04:00,45.834999084472656,45.90999984741211,45.7599983215332,45.90999984741211,173352,0.0,0.0
2023-03-30 09:30:00-04:00,46.2599983215332,46.47999954223633,46.06999969482422,46.130001068115234,62235,0.0,0.0
2023-03-30 10:30:00-04:00,46.13999938964844,46.31999969482422,46.130001068115234,46.2400016784668,43870,0.0,0.0
2023-03-30 11:30:00-04:00,46.22999954223633,46.22999954223633,46.03499984741211,46.040000915527344,27948,0.0,0.0
2023-03-30 12:30:00-04:00,46.029998779296875,46.0900993347168,45.939998626708984,46.04999923706055,35611,0.0,0.0
2023-03-30 13:30:00-04:00,46.04499816894531,46.14500045776367,45.97999954223633,46.11000061035156,42935,0.0,0.0
2023-03-30 14:30:00-04:00,46.130001068115234,46.189998626708984,46.06999969482422,46.06999969482422,31312,0.0,0.0
2023-03-30 15:30:00-04:00,46.09000015258789,46.2400016784668,46.09000015258789,46.209999084472656,65666,0.0,0.0
2023-03-31 09:30:00-04:00,46.290000915527344,46.88999938964844,46.27000045776367,46.71500015258789,63469,0.0,0.0
2023-03-31 10:30:00-04:00,46.720001220703125,46.91999816894531,46.66999816894531,46.75,61869,0.0,0.0
2023-03-31 11:30:00-04:00,46.7599983215332,46.7599983215332,46.57229995727539,46.70500183105469,33144,0.0,0.0
2023-03-31 12:30:00-04:00,46.70249938964844,46.7400016784668,46.529998779296875,46.529998779296875,48869,0.0,0.0
2023-03-31 13:30:00-04:00,46.529998779296875,46.56999969482422,46.470001220703125,46.54999923706055,24705,0.0,0.0
2023-03-31 14:30:00-04:00,46.54999923706055,46.69499969482422,46.540000915527344,46.68000030517578,38199,0.0,0.0
2023-03-31 15:30:00-04:00,46.689998626708984,46.72999954223633,46.5099983215332,46.689998626708984,115202,0.0,0.0
2023-04-03 09:30:00-04:00,47.04999923706055,47.20000076293945,46.88999938964844,47.18000030517578,55867,0.0,0.0
2023-04-03 10:30:00-04:00,47.18000030517578,47.20000076293945,46.77000045776367,46.900001525878906,44039,0.0,0.0
2023-04-03 11:30:00-04:00,46.90999984741211,47.209999084472656,46.90999984741211,47.209999084472656,28395,0.0,0.0
2023-04-03 12:30:00-04:00,47.209999084472656,47.255001068115234,47.13999938964844,47.20000076293945,24220,0.0,0.0
2023-04-03 13:30:00-04:00,47.189998626708984,47.25,47.165000915527344,47.2400016784668,28404,0.0,0.0
2023-04-03 14:30:00-04:00,47.23500061035156,47.349998474121094,47.23500061035156,47.33000183105469,37141,0.0,0.0
2023-04-03 15:30:00-04:00,47.31999969482422,47.36000061035156,47.25,47.33000183105469,70852,0.0,0.0
2023-04-04 09:30:00-04:00,47.599998474121094,47.650001525878906,47.130001068115234,47.18000030517578,51670,0.0,0.0
2023-04-04 10:30:00-04:00,47.16999816894531,47.189998626708984,46.779998779296875,46.86090087890625,49203,0.0,0.0
2023-04-04 11:30:00-04:00,46.880001068115234,46.880001068115234,46.72999954223633,46.81999969482422,29581,0.0,0.0
2023-04-04 12:30:00-04:00,46.83000183105469,46.91999816894531,46.810001373291016,46.880001068115234,25389,0.0,0.0
2023-04-04 13:30:00-04:00,46.880001068115234,46.93000030517578,46.7400016784668,46.7400016784668,37288,0.0,0.0
2023-04-04 14:30:00-04:00,46.75,46.8849983215332,46.72999954223633,46.79499816894531,39758,0.0,0.0
2023-04-04 15:30:00-04:00,46.79999923706055,47.005001068115234,46.79999923706055,46.970001220703125,65999,0.0,0.0
2023-04-05 09:30:00-04:00,46.790000915527344,46.97999954223633,46.56999969482422,46.63999938964844,63340,0.0,0.0
2023-04-05 10:30:00-04:00,46.63999938964844,46.73500061035156,46.5099983215332,46.66999816894531,57806,0.0,0.0
2023-04-05 11:30:00-04:00,46.70000076293945,46.900001525878906,46.70000076293945,46.810001373291016,50054,0.0,0.0
2023-04-05 12:30:00-04:00,46.79999923706055,46.880001068115234,46.733299255371094,46.86000061035156,39892,0.0,0.0
2023-04-05 13:30:00-04:00,46.86000061035156,46.86000061035156,46.75,46.83000183105469,35787,0.0,0.0
2023-04-05 14:30:00-04:00,46.82500076293945,46.84000015258789,46.790000915527344,46.80500030517578,42757,0.0,0.0
2023-04-05 15:30:00-04:00,46.810001373291016,46.904998779296875,46.810001373291016,46.84000015258789,78778,0.0,0.0
2023-04-06 09:30:00-04:00,46.900001525878906,46.95000076293945,46.720001220703125,46.86759948730469,45348,0.0,0.0
2023-04-06 10:30:00-04:00,46.88999938964844,46.959999084472656,46.83000183105469,46.84000015258789,28658,0.0,0.0
2023-04-06 11:30:00-04:00,46.81999969482422,46.93000030517578,46.779998779296875,46.900001525878906,12100,0.0,0.0
2023-04-06 12:30:00-04:00,46.90999984741211,47.02000045776367,46.90999984741211,46.981300354003906,17817,0.0,0.0
2023-04-06 13:30:00-04:00,46.97999954223633,46.9900016784668,46.900001525878906,46.95000076293945,21682,0.0,0.0
2023-04-06 14:30:00-04:00,46.95500183105469,46.959999084472656,46.709999084472656,46.75,55421,0.0,0.0
2023-04-06 15:30:00-04:00,46.77000045776367,46.900001525878906,46.75,46.86000061035156,64118,0.0,0.0
2023-04-10 09:30:00-04:00,46.56999969482422,47.04999923706055,46.560001373291016,46.880001068115234,43991,0.0,0.0
2023-04-10 10:30:00-04:00,46.900001525878906,46.970001220703125,46.86000061035156,46.95000076293945,35135,0.0,0.0
2023-04-10 11:30:00-04:00,46.94499969482422,46.95000076293945,46.83000183105469,46.900001525878906,24131,0.0,0.0
2023-04-10 12:30:00-04:00,46.90999984741211,47.02000045776367,46.900001525878906,46.97999954223633,28005,0.0,0.0
2023-04-10 13:30:00-04:00,46.97999954223633,47.13999938964844,46.97999954223633,47.064998626708984,17921,0.0,0.0
2023-04-10 14:30:00-04:00,47.084999084472656,47.130001068115234,46.97999954223633,47.0099983215332,32428,0.0,0.0
2023-04-10 15:30:00-04:00,47.0099983215332,47.1349983215332,46.935001373291016,47.09000015258789,75010,0.0,0.0
2023-04-11 09:30:00-04:00,47.369998931884766,47.47999954223633,47.3026008605957,47.41999816894531,39438,0.0,0.0
2023-04-11 10:30:00-04:00,47.43000030517578,47.5,47.334999084472656,47.47999954223633,27852,0.0,0.0
2023-04-11 11:30:00-04:00,47.4900016784668,47.4900016784668,47.400001525878906,47.439998626708984,45607,0.0,0.0
2023-04-11 12:30:00-04:00,47.439998626708984,47.534000396728516,47.369998931884766,47.529998779296875,27571,0.0,0.0
2023-04-11 13:30:00-04:00,47.53499984741211,47.53499984741211,47.43000030517578,47.4900016784668,44018,0.0,0.0
2023-04-11 14:30:00-04:00,47.5,47.525001525878906,47.44499969482422,47.474998474121094,41565,0.0,0.0
2023-04-11 15:30:00-04:00,47.47999954223633,47.5,47.3650016784668,47.380001068115234,89733,0.0,0.0
2023-04-12 09:30:00-04:00,47.79999923706055,47.91999816894531,47.689998626708984,47.790000915527344,39004,0.0,0.0
2023-04-12 10:30:00-04:00,47.81999969482422,47.939998626708984,47.380001068115234,47.57899856567383,89154,0.0,0.0
2023-04-12 11:30:00-04:00,47.58000183105469,47.79999923706055,47.4900016784668,47.72999954223633,31690,0.0,0.0
2023-04-12 12:30:00-04:00,47.744998931884766,47.75,47.63999938964844,47.7400016784668,24137,0.0,0.0
2023-04-12 13:30:00-04:00,47.744998931884766,47.849998474121094,47.63999938964844,47.650001525878906,29386,0.0,0.0
2023-04-12 14:30:00-04:00,47.650001525878906,47.7400016784668,47.56999969482422,47.56999969482422,58742,0.0,0.0
2023-04-12 15:30:00-04:00,47.55500030517578,47.630001068115234,47.54499816894531,47.61000061035156,64848,0.0,0.0
2023-04-13 09:30:00-04:00,47.7599983215332,47.83000183105469,47.34000015258789,47.66999816894531,74432,0.0,0.0
2023-04-13 10:30:00-04:00,47.65999984741211,47.75,47.56999969482422,47.75,37935,0.0,0.0
2023-04-13 11:30:00-04:00,47.7599983215332,47.83000183105469,47.72999954223633,47.78499984741211,24574,0.0,0.0
2023-04-13 12:30:00-04:00,47.810001373291016,47.880001068115234,47.73500061035156,47.86320114135742,20352,0.0,0.0
2023-04-13 13:30:00-04:00,47.86000061035156,47.939998626708984,47.849998474121094,47.92499923706055,32821,0.0,0.0
2023-04-13 14:30:00-04:00,47.92499923706055,47.986900329589844,47.880001068115234,47.915000915527344,97302,0.0,0.0
2023-04-13 15:30:00-04:00,47.900001525878906,47.97999954223633,47.880001068115234,47.959999084472656,50424,0.0,0.0
2023-04-14 09:30:00-04:00,48.189998626708984,48.349998474121094,48.0,48.16999816894531,59799,0.0,0.0
2023-04-14 10:30:00-04:00,48.15999984741211,48.16999816894531,47.92499923706055,47.959999084472656,44085,0.0,0.0
2023-04-14 11:30:00-04:00,47.98500061035156,48.02000045776367,47.849998474121094,47.849998474121094,15289,0.0,0.0
2023-04-14 12:30:00-04:00,47.849998474121094,47.95000076293945,47.814998626708984,47.900001525878906,33873,0.0,0.0
2023-04-14 13:30:00-04:00,47.880001068115234,47.95119857788086,47.79999923706055,47.900001525878906,25345,0.0,0.0
2023-04-14 14:30:00-04:00,47.900001525878906,47.970001220703125,47.85499954223633,47.91999816894531,30730,0.0,0.0
2023-04-14 15:30:00-04:00,47.90999984741211,48.0099983215332,47.900001525878906,47.95000076293945,72950,0.0,0.0
2023-04-17 09:30:00-04:00,47.790000915527344,47.88999938964844,47.599998474121094,47.619998931884766,67600,0.0,0.0
2023-04-17 10:30:00-04:00,47.630001068115234,47.709999084472656,47.52000045776367,47.630001068115234,66751,0.0,0.0
2023-04-17 11:30:00-04:00,47.61000061035156,47.83000183105469,47.58000183105469,47.83000183105469,41638,0.0,0.0
2023-04-17 12:30:00-04:00,47.84000015258789,47.86000061035156,47.7599983215332,47.84000015258789,30337,0.0,0.0
2023-04-17 13:30:00-04:00,47.849998474121094,47.915000915527344,47.83000183105469,47.85499954223633,18490,0.0,0.0
2023-04-17 14:30:00-04:00,47.849998474121094,48.08000183105469,47.849998474121094,48.08000183105469,39433,0.0,0.0
2023-04-17 15:30:00-04:00,48.08000183105469,48.25,48.04999923706055,48.20000076293945,92013,0.0,0.0
2023-04-18 09:30:00-04:00,48.36000061035156,48.619998931884766,48.34000015258789,48.58000183105469,45522,0.0,0.0
2023-04-18 10:30:00-04:00,48.56999969482422,48.595001220703125,48.43000030517578,48.45000076293945,41856,0.0,0.0
2023-04-18 11:30:00-04:00,48.459999084472656,48.630001068115234,48.459999084472656,48.58000183105469,27287,0.0,0.0
2023-04-18 12:30:00-04:00,48.59000015258789,48.630001068115234,48.5099983215332,48.52000045776367,33393,0.0,0.0
2023-04-18 13:30:00-04:00,48.4900016784668,48.6349983215332,48.4900016784668,48.564998626708984,23350,0.0,0.0
2023-04-18 14:30:00-04:00,48.54999923706055,48.61000061035156,48.48500061035156,48.4900016784668,45927,0.0,0.0
2023-04-18 15:30:00-04:00,48.47999954223633,48.54999923706055,48.45500183105469,48.46500015258789,123983,0.0,0.0
2023-04-19 09:30:00-04:00,48.310001373291016,48.5099983215332,48.25,48.470001220703125,0,0.0,0.0
2023-04-19 10:30:00-04:00,48.47999954223633,48.619998931884766,48.41999816894531,48.619998931884766,43679,0.0,0.0
2023-04-19 11:30:00-04:00,48.619998931884766,48.619998931884766,48.380001068115234,48.38999938964844,24263,0.0,0.0
2023-04-19 12:30:00-04:00,48.38999938964844,48.5099983215332,48.369998931884766,48.38999938964844,18431,0.0,0.0
2023-04-19 13:30:00-04:00,48.38999938964844,48.41999816894531,48.34000015258789,48.34000015258789,31959,0.0,0.0
2023-04-19 14:30:00-04:00,48.349998474121094,48.41999816894531,48.310001373291016,48.33000183105469,50257,0.0,0.0
2023-04-19 15:30:00-04:00,48.32500076293945,48.43000030517578,48.30500030517578,48.40999984741211,101029,0.0,0.0
2023-04-20 09:30:00-04:00,48.22999954223633,48.68000030517578,48.22999954223633,48.65999984741211,0,0.0,0.0
2023-04-20 10:30:00-04:00,48.650001525878906,48.75,48.4900016784668,48.52000045776367,30438,0.0,0.0
2023-04-20 11:30:00-04:00,48.529998779296875,48.58000183105469,48.45000076293945,48.52000045776367,76718,0.0,0.0
2023-04-20 12:30:00-04:00,48.52000045776367,48.564998626708984,48.45500183105469,48.5,38193,0.0,0.0
2023-04-20 13:30:00-04:00,48.5099983215332,48.58000183105469,48.459999084472656,48.55500030517578,34419,0.0,0.0
2023-04-20 14:30:00-04:00,48.560001373291016,48.560001373291016,48.279998779296875,48.32500076293945,53243,0.0,0.0
2023-04-20 15:30:00-04:00,48.33000183105469,48.560001373291016,48.33000183105469,48.459999084472656,192079,0.0,0.0
2023-04-21 09:30:00-04:00,48.36000061035156,48.4900016784668,47.869998931884766,47.90999984741211,48173,0.0,0.0
2023-04-21 10:30:00-04:00,47.915000915527344,47.994998931884766,47.66999816894531,47.994998931884766,42637,0.0,0.0
2023-04-21 11:30:00-04:00,47.9900016784668,48.25,47.9900016784668,48.220001220703125,38362,0.0,0.0
2023-04-21 12:30:00-04:00,48.220001220703125,48.39500045776367,48.20000076293945,48.290000915527344,45067,0.0,0.0
2023-04-21 13:30:00-04:00,48.290000915527344,48.400001525878906,48.279998779296875,48.29999923706055,18682,0.0,0.0
2023-04-21 14:30:00-04:00,48.29999923706055,48.29999923706055,48.220001220703125,48.25,23390,0.0,0.0
2023-04-21 15:30:00-04:00,48.2400016784668,48.2400016784668,48.150001525878906,48.189998626708984,53970,0.0,0.0
2023-04-24 09:30:00-04:00,48.0099983215332,48.439998626708984,48.0099983215332,48.380001068115234,24542,0.0,0.0
2023-04-24 10:30:00-04:00,48.43000030517578,48.43000030517578,48.2400016784668,48.26499938964844,18410,0.0,0.0
2023-04-24 11:30:00-04:00,48.2400016784668,48.290000915527344,48.20000076293945,48.22999954223633,17889,0.0,0.0
2023-04-24 12:30:00-04:00,48.22999954223633,48.290000915527344,48.20000076293945,48.25,18856,0.0,0.0
2023-04-24 13:30:00-04:00,48.279998779296875,48.290000915527344,48.119998931884766,48.14250183105469,28571,0.0,0.0
2023-04-24 14:30:00-04:00,48.125,48.220001220703125,48.119998931884766,48.220001220703125,24906,0.0,0.0
2023-04-24 15:30:00-04:00,48.224998474121094,48.255001068115234,48.17499923706055,48.244998931884766,45511,0.0,0.0
2023-04-25 09:30:00-04:00,47.869998931884766,48.099998474121094,47.83000183105469,48.005001068115234,64477,0.0,0.0
2023-04-25 10:30:00-04:00,48.02000045776367,48.099998474121094,47.974998474121094,48.02000045776367,35143,0.0,0.0
2023-04-25 11:30:00-04:00,48.0,48.01499938964844,47.869998931884766,47.88999938964844,70402,0.0,0.0
2023-04-25 12:30:00-04:00,47.88999938964844,48.029998779296875,47.68000030517578,47.80009841918945,79957,0.0,0.0
2023-04-25 13:30:00-04:00,47.790000915527344,47.79999923706055,47.58000183105469,47.755001068115234,43003,0.0,0.0
2023-04-25 14:30:00-04:00,47.75,47.834999084472656,47.63999938964844,47.790000915527344,57344,0.0,0.0
2023-04-25 15:30:00-04:00,47.810001373291016,47.849998474121094,47.744998931884766,47.75,132859,0.0,0.0
2023-04-26 09:30:00-04:00,47.63999938964844,48.099998474121094,47.63999938964844,47.7400016784668,46938,0.0,0.0
2023-04-26 10:30:00-04:00,47.7599983215332,48.029998779296875,47.7400016784668,47.994998931884766,42367,0.0,0.0
2023-04-26 11:30:00-04:00,47.994300842285156,48.185001373291016,47.994300842285156,48.07500076293945,59580,0.0,0.0
2023-04-26 12:30:00-04:00,48.06999969482422,48.165000915527344,48.040000915527344,48.09000015258789,55888,0.0,0.0
2023-04-26 13:30:00-04:00,48.09000015258789,48.11220169067383,47.88999938964844,47.900001525878906,51003,0.0,0.0
2023-04-26 14:30:00-04:00,47.900001525878906,47.90999984741211,47.654998779296875,47.7400016784668,57075,0.0,0.0
2023-04-26 15:30:00-04:00,47.7599983215332,47.91999816894531,47.709999084472656,47.83000183105469,156880,0.0,0.0
2023-04-27 09:30:00-04:00,48.119998931884766,48.529998779296875,48.099998474121094,48.40999984741211,64757,0.0,0.0
2023-04-27 10:30:00-04:00,48.400001525878906,48.470001220703125,48.35499954223633,48.439998626708984,47323,0.0,0.0
2023-04-27 11:30:00-04:00,48.43000030517578,48.529998779296875,48.369998931884766,48.47779846191406,44807,0.0,0.0
2023-04-27 12:30:00-04:00,48.4900016784668,48.600101470947266,48.470001220703125,48.595001220703125,25685,0.0,0.0
2023-04-27 13:30:00-04:00,48.61000061035156,48.720001220703125,48.584999084472656,48.720001220703125,45675,0.0,0.0
2023-04-27 14:30:00-04:00,48.724998474121094,48.7400016784668,48.619998931884766,48.630001068115234,63405,0.0,0.0
2023-04-27 15:30:00-04:00,48.625,48.689998626708984,48.564998626708984,48.625,149252,0.0,0.0
2023-04-28 09:30:00-04:00,48.56999969482422,49.11000061035156,48.439998626708984,49.09000015258789,44672,0.0,0.0
2023-04-28 10:30:00-04:00,49.084999084472656,49.2400016784668,48.939998626708984,49.11000061035156,75764,0.0,0.0
2023-04-28 11:30:00-04:00,49.14500045776367,49.22999954223633,49.029998779296875,49.07500076293945,31977,0.0,0.0
2023-04-28 12:30:00-04:00,49.09000015258789,49.16999816894531,49.04999923706055,49.14500045776367,31977,0.0,0.0
2023-04-28 13:30:00-04:00,49.16999816894531,49.20000076293945,49.084999084472656,49.09000015258789,25983,0.0,0.0
2023-04-28 14:30:00-04:00,49.099998474121094,49.17499923706055,49.060001373291016,49.08000183105469,54046,0.0,0.0
2023-04-28 15:30:00-04:00,49.08000183105469,49.10499954223633,48.97999954223633,49.08000183105469,165710,0.0,0.0
2023-05-01 09:30:00-04:00,49.0,49.470001220703125,49.0,49.279998779296875,55973,0.0,0.0
2023-05-01 10:30:00-04:00,49.310001373291016,49.40999984741211,49.125,49.18000030517578,27463,0.0,0.0
2023-05-01 11:30:00-04:00,49.165000915527344,49.255001068115234,49.119998931884766,49.2400016784668,20603,0.0,0.0
2023-05-01 12:30:00-04:00,49.27000045776367,49.310001373291016,49.185001373291016,49.185001373291016,25977,0.0,0.0
2023-05-01 13:30:00-04:00,49.18000030517578,49.29499816894531,49.18000030517578,49.220001220703125,25132,0.0,0.0
2023-05-01 14:30:00-04:00,49.22999954223633,49.22999954223633,49.08000183105469,49.1150016784668,41836,0.0,0.0
2023-05-01 15:30:00-04:00,49.11000061035156,49.130001068115234,49.005001068115234,49.0099983215332,92140,0.0,0.0
2023-05-02 09:30:00-04:00,48.72999954223633,48.7400016784668,48.07500076293945,48.07500076293945,124473,0.0,0.0
2023-05-02 10:30:00-04:00,48.09000015258789,48.13999938964844,47.790000915527344,47.790000915527344,50129,0.0,0.0
2023-05-02 11:30:00-04:00,47.77000045776367,47.97999954223633,47.68000030517578,47.95000076293945,64458,0.0,0.0
2023-05-02 12:30:00-04:00,47.935001373291016,48.040000915527344,47.91999816894531,48.02000045776367,56161,0.0,0.0
2023-05-02 13:30:00-04:00,48.02000045776367,48.119998931884766,47.92499923706055,48.029998779296875,33319,0.0,0.0
2023-05-02 14:30:00-04:00,48.040000915527344,48.18000030517578,48.0099983215332,48.16999816894531,56602,0.0,0.0
2023-05-02 15:30:00-04:00,48.16999816894531,48.279998779296875,48.125,48.20000076293945,134381,0.0,0.0
2023-05-03 09:30:00-04:00,48.2599983215332,48.57500076293945,48.209999084472656,48.52000045776367,0,0.0,0.0
2023-05-03 10:30:00-04:00,48.5,48.5,48.13999938964844,48.150001525878906,50082,0.0,0.0
2023-05-03 11:30:00-04:00,48.16999816894531,48.279998779296875,48.11000061035156,48.279998779296875,34126,0.0,0.0
2023-05-03 12:30:00-04:00,48.279998779296875,48.33000183105469,48.189998626708984,48.33000183105469,37773,0.0,0.0
2023-05-03 13:30:00-04:00,48.33000183105469,48.53499984741211,48.209999084472656,48.439998626708984,48164,0.0,0.0
2023-05-03 14:30:00-04:00,48.439998626708984,48.560001373291016,48.099998474121094,48.150001525878906,114781,0.0,0.0
2023-05-03 15:30:00-04:00,48.1349983215332,48.18000030517578,48.04999923706055,48.06999969482422,103550,0.0,0.0
2023-05-04 09:30:00-04:00,47.7400016784668,47.7400016784668,47.36000061035156,47.540000915527344,175678,0.0,0.0
2023-05-04 10:30:00-04:00,47.52000045776367,47.654998779296875,47.415000915527344,47.5099983215332,149329,0.0,0.0
2023-05-04 11:30:00-04:00,47.5099983215332,47.58000183105469,47.15999984741211,47.31999969482422,158614,0.0,0.0
2023-05-04 12:30:00-04:00,47.33000183105469,47.61000061035156,47.26499938964844,47.540000915527344,69477,0.0,0.0
2023-05-04 13:30:00-04:00,47.529998779296875,47.63999938964844,47.415000915527344,47.52000045776367,65745,0.0,0.0
2023-05-04 14:30:00-04:00,47.52000045776367,47.61000061035156,47.3650016784668,47.439998626708984,110624,0.0,0.0
2023-05-04 15:30:00-04:00,47.43000030517578,47.66999816894531,47.42499923706055,47.56999969482422,139324,0.0,0.0
2023-05-05 09:30:00-04:00,48.209999084472656,48.619998931884766,48.209999084472656,48.40999984741211,0,0.0,0.0
2023-05-05 10:30:00-04:00,48.45000076293945,48.54999923706055,48.36000061035156,48.529998779296875,45047,0.0,0.0
2023-05-05 11:30:00-04:00,48.540000915527344,48.619998931884766,48.459999084472656,48.49720001220703,48734,0.0,0.0
2023-05-05 12:30:00-04:00,48.5099983215332,48.630001068115234,48.470001220703125,48.56999969482422,49724,0.0,0.0
2023-05-05 13:30:00-04:00,48.560001373291016,48.66999816894531,48.540000915527344,48.66999816894531,79042,0.0,0.0
2023-05-05 14:30:00-04:00,48.67499923706055,48.8213996887207,48.64500045776367,48.709999084472656,64536,0.0,0.0
2023-05-05 15:30:00-04:00,48.72999954223633,48.72999954223633,48.61000061035156,48.650001525878906,120492,0.0,0.0
2023-05-08 09:30:00-04:00,48.880001068115234,49.130001068115234,48.849998474121094,48.90999984741211,59518,0.0,0.0
2023-05-08 10:30:00-04:00,48.8849983215332,49.02000045776367,48.85499954223633,48.86000061035156,66016,0.0,0.0
2023-05-08 11:30:00-04:00,48.849998474121094,48.959999084472656,48.83000183105469,48.95000076293945,25436,0.0,0.0
2023-05-08 12:30:00-04:00,48.95500183105469,48.97999954223633,48.79999923706055,48.79999923706055,24871,0.0,0.0
2023-05-08 13:30:00-04:00,48.79999923706055,48.86000061035156,48.68000030517578,48.810001373291016,38462,0.0,0.0
2023-05-08 14:30:00-04:00,48.79999923706055,48.834999084472656,48.73500061035156,48.744998931884766,33975,0.0,0.0
2023-05-08 15:30:00-04:00,48.7400016784668,48.83000183105469,48.73500061035156,48.79999923706055,83207,0.0,0.0
2023-05-09 09:30:00-04:00,48.47999954223633,48.82500076293945,48.459999084472656,48.72999954223633,57818,0.0,0.0
2023-05-09 10:30:00-04:00,48.7400016784668,48.81999969482422,48.650001525878906,48.689998626708984,44016,0.0,0.0
2023-05-09 11:30:00-04:00,48.70000076293945,48.7400016784668,48.599998474121094,48.61000061035156,24608,0.0,0.0
2023-05-09 12:30:00-04:00,48.61000061035156,48.66999816894531,48.52000045776367,48.58000183105469,52756,0.0,0.0
2023-05-09 13:30:00-04:00,48.56999969482422,48.7599983215332,48.54999923706055,48.7599983215332,35228,0.0,0.0
2023-05-09 14:30:00-04:00,48.75,48.7599983215332,48.67499923706055,48.709999084472656,46590,0.0,0.0
2023-05-09 15:30:00-04:00,48.720001220703125,48.779998779296875,48.689998626708984,48.70000076293945,80930,0.0,0.0
2023-05-10 09:30:00-04:00,48.90999984741211,48.959999084472656,48.08000183105469,48.31999969482422,91308,0.0,0.0
2023-05-10 10:30:00-04:00,48.349998474121094,48.54499816894531,48.209999084472656,48.34000015258789,94721,0.0,0.0
2023-05-10 11:30:00-04:00,48.349998474121094,48.40999984741211,48.029998779296875,48.08000183105469,125233,0.0,0.0
2023-05-10 12:30:00-04:00,48.09000015258789,48.189998626708984,47.86000061035156,47.86000061035156,94067,0.0,0.0
2023-05-10 13:30:00-04:00,47.86000061035156,47.97999954223633,47.810001373291016,47.95000076293945,51898,0.0,0.0
2023-05-10 14:30:00-04:00,47.959999084472656,48.290000915527344,47.959999084472656,48.27000045776367,82206,0.0,0.0
2023-05-10 15:30:00-04:00,48.279998779296875,48.439998626708984,48.244998931884766,48.380001068115234,160532,0.0,0.0
2023-05-11 09:30:00-04:00,48.099998474121094,48.119998931884766,47.47999954223633,47.56999969482422,60634,0.0,0.0
2023-05-11 10:30:00-04:00,47.564998626708984,47.790000915527344,47.52000045776367,47.59000015258789,34403,0.0,0.0
2023-05-11 11:30:00-04:00,47.61000061035156,47.709999084472656,47.56999969482422,47.56999969482422,34478,0.0,0.0
2023-05-11 12:30:00-04:00,47.560001373291016,47.66999816894531,47.560001373291016,47.619998931884766,26113,0.0,0.0
2023-05-11 13:30:00-04:00,47.630001068115234,47.7599983215332,47.564998626708984,47.745201110839844,57716,0.0,0.0
2023-05-11 14:30:00-04:00,47.755001068115234,47.84000015258789,47.689998626708984,47.779998779296875,109053,0.0,0.0
2023-05-11 15:30:00-04:00,47.770999908447266,47.83000183105469,47.7400016784668,47.779998779296875,122297,0.0,0.0
2023-05-12 09:30:00-04:00,48.630001068115234,48.790000915527344,47.779998779296875,47.79999923706055,143104,0.0,0.0
2023-05-12 10:30:00-04:00,47.79999923706055,47.849998474121094,47.56999969482422,47.849998474121094,62784,0.0,0.0
2023-05-12 11:30:00-04:00,47.86000061035156,48.03499984741211,47.70000076293945,47.720001220703125,50807,0.0,0.0
2023-05-12 12:30:00-04:00,47.709999084472656,47.7400016784668,47.584999084472656,47.73500061035156,36292,0.0,0.0
2023-05-12 13:30:00-04:00,47.720001220703125,47.7400016784668,47.5099983215332,47.709999084472656,58938,0.0,0.0
2023-05-12 14:30:00-04:00,47.71500015258789,47.86000061035156,47.595001220703125,47.83000183105469,74794,0.0,0.0
2023-05-12 15:30:00-04:00,47.83000183105469,47.98500061035156,47.81999969482422,47.970001220703125,81856,0.0,0.0
2023-05-15 09:30:00-04:00,48.630001068115234,48.77000045776367,48.40999984741211,48.63999938964844,116787,0.0,0.0
2023-05-15 10:30:00-04:00,48.619998931884766,48.7400016784668,48.599998474121094,48.7400016784668,92666,0.0,0.0
2023-05-15 11:30:00-04:00,48.7400016784668,48.93000030517578,48.72999954223633,48.84000015258789,68844,0.0,0.0
2023-05-15 12:30:00-04:00,48.84000015258789,49.029998779296875,48.814998626708984,48.939998626708984,58685,0.0,0.0
2023-05-15 13:30:00-04:00,48.93000030517578,49.16999816894531,48.900001525878906,49.16999816894531,74255,0.0,0.0
2023-05-15 14:30:00-04:00,49.18000030517578,49.209999084472656,49.084999084472656,49.13999938964844,84338,0.0,0.0
2023-05-15 15:30:00-04:00,49.13999938964844,49.279998779296875,49.04999923706055,49.27000045776367,165350,0.0,0.0
2023-05-16 09:30:00-04:00,49.08000183105469,49.4900016784668,48.75,48.92499923706055,77941,0.0,0.0
2023-05-16 10:30:00-04:00,48.95000076293945,49.09000015258789,48.81999969482422,49.09000015258789,89649,0.0,0.0
2023-05-16 11:30:00-04:00,49.06999969482422,49.084999084472656,48.900001525878906,49.0,86498,0.0,0.0
2023-05-16 12:30:00-04:00,49.029998779296875,49.189998626708984,49.0099983215332,49.130001068115234,61161,0.0,0.0
2023-05-16 13:30:00-04:00,49.130001068115234,49.150001525878906,49.0,49.0,57808,0.0,0.0
2023-05-16 14:30:00-04:00,49.005001068115234,49.060001373291016,48.95500183105469,48.9900016784668,67244,0.0,0.0
2023-05-16 15:30:00-04:00,48.994998931884766,49.10499954223633,48.97999954223633,49.0099983215332,128988,0.0,0.0
2023-05-17 09:30:00-04:00,49.45000076293945,49.459999084472656,48.8650016784668,49.005001068115234,0,0.0,0.0
2023-05-17 10:30:00-04:00,49.040000915527344,49.22999954223633,48.97999954223633,49.21500015258789,45226,0.0,0.0
2023-05-17 11:30:00-04:00,49.209999084472656,49.369998931884766,49.20000076293945,49.32500076293945,41737,0.0,0.0
2023-05-17 12:30:00-04:00,49.369998931884766,49.5,49.349998474121094,49.47999954223633,58314,0.0,0.0
2023-05-17 13:30:00-04:00,49.47999954223633,49.61000061035156,49.45000076293945,49.54999923706055,51148,0.0,0.0
2023-05-17 14:30:00-04:00,49.560001373291016,49.56919860839844,49.42499923706055,49.44499969482422,45208,0.0,0.0
2023-05-17 15:30:00-04:00,49.470001220703125,49.54999923706055,49.3849983215332,49.470001220703125,133663,0.0,0.0
2023-05-18 09:30:00-04:00,49.15999984741211,49.54999923706055,49.130001068115234,49.5,44585,0.0,0.0
2023-05-18 10:30:00-04:00,49.54999923706055,49.61000061035156,49.290000915527344,49.33000183105469,33255,0.0,0.0
2023-05-18 11:30:00-04:00,49.34040069580078,49.459999084472656,49.16999816894531,49.18000030517578,44842,0.0,0.0
2023-05-18 12:30:00-04:00,49.209999084472656,49.29999923706055,49.20500183105469,49.21500015258789,44787,0.0,0.0
2023-05-18 13:30:00-04:00,49.209999084472656,49.35499954223633,49.17499923706055,49.33000183105469,27886,0.0,0.0
2023-05-18 14:30:00-04:00,49.349998474121094,49.47999954223633,49.349998474121094,49.43000030517578,48578,0.0,0.0
2023-05-18 15:30:00-04:00,49.45000076293945,49.595001220703125,49.41999816894531,49.58000183105469,66524,0.0,0.0
2023-05-19 09:30:00-04:00,49.779998779296875,50.09000015258789,49.779998779296875,50.0099983215332,45066,0.0,0.0
2023-05-19 10:30:00-04:00,50.0,50.11000061035156,49.81999969482422,49.81999969482422,69761,0.0,0.0
2023-05-19 11:30:00-04:00,49.83000183105469,49.869998931884766,49.650001525878906,49.75,38585,0.0,0.0
2023-05-19 12:30:00-04:00,49.7400016784668,49.869998931884766,49.70000076293945,49.83000183105469,37774,0.0,0.0
2023-05-19 13:30:00-04:00,49.83000183105469,49.84000015258789,49.689998626708984,49.71500015258789,37681,0.0,0.0
2023-05-19 14:30:00-04:00,49.70500183105469,49.7400016784668,49.65999984741211,49.67499923706055,57969,0.0,0.0
2023-05-19 15:30:00-04:00,49.689998626708984,49.79499816894531,49.66999816894531,49.72999954223633,119874,0.0,0.0
2023-05-22 09:30:00-04:00,49.709999084472656,49.95000076293945,49.45000076293945,49.68000030517578,13649,0.0,0.0
2023-05-22 10:30:00-04:00,49.650001525878906,49.665000915527344,49.470001220703125,49.65119934082031,10976,0.0,0.0
2023-05-22 11:30:00-04:00,49.63999938964844,49.779998779296875,49.619998931884766,49.775001525878906,15999,0.0,0.0
2023-05-22 12:30:00-04:00,49.779998779296875,49.810001373291016,49.70000076293945,49.75,16040,0.0,0.0
2023-05-22 13:30:00-04:00,49.7599983215332,49.89699935913086,49.7599983215332,49.89699935913086,8008,0.0,0.0
2023-05-22 14:30:00-04:00,49.91999816894531,49.97999954223633,49.900001525878906,49.900001525878906,12693,0.0,0.0
2023-05-22 15:30:00-04:00,49.904998779296875,49.939998626708984,49.869998931884766,49.900001525878906,28387,0.0,0.0
2023-05-23 09:30:00-04:00,49.86000061035156,50.22999954223633,49.720001220703125,50.20500183105469,62329,0.0,0.0
2023-05-23 10:30:00-04:00,50.20000076293945,50.224998474121094,50.02000045776367,50.220001220703125,51617,0.0,0.0
2023-05-23 11:30:00-04:00,50.220001220703125,50.369998931884766,50.130001068115234,50.15999984741211,56178,0.0,0.0
2023-05-23 12:30:00-04:00,50.150001525878906,50.15999984741211,49.88999938964844,49.89500045776367,56740,0.0,0.0
2023-05-23 13:30:00-04:00,49.8849983215332,49.97999954223633,49.560001373291016,49.59000015258789,67374,0.0,0.0
2023-05-23 14:30:00-04:00,49.58000183105469,49.619998931884766,49.4900016784668,49.57500076293945,52417,0.0,0.0
2023-05-23 15:30:00-04:00,49.564998626708984,49.6150016784668,49.5099983215332,49.529998779296875,112811,0.0,0.0
2023-05-24 09:30:00-04:00,48.93000030517578,48.95000076293945,48.43000030517578,48.47999954223633,113767,0.0,0.0
2023-05-24 10:30:00-04:00,48.540000915527344,48.70000076293945,48.47999954223633,48.61000061035156,131099,0.0,0.0
2023-05-24 11:30:00-04:00,48.619998931884766,48.75,48.52000045776367,48.537498474121094,90557,0.0,0.0
2023-05-24 12:30:00-04:00,48.529998779296875,48.66999816894531,48.5,48.58000183105469,39609,0.0,0.0
2023-05-24 13:30:00-04:00,48.584999084472656,48.689998626708984,48.529998779296875,48.529998779296875,51725,0.0,0.0
2023-05-24 14:30:00-04:00,48.52000045776367,48.720001220703125,48.52000045776367,48.689998626708984,59623,0.0,0.0
2023-05-24 15:30:00-04:00,48.70000076293945,48.77000045776367,48.4900016784668,48.5099983215332,214981,0.0,0.0
2023-05-25 09:30:00-04:00,48.31999969482422,48.560001373291016,48.13999938964844,48.540000915527344,53865,0.0,0.0
2023-05-25 10:30:00-04:00,48.4900016784668,48.66999816894531,48.45000076293945,48.5099983215332,63604,0.0,0.0
2023-05-25 11:30:00-04:00,48.52000045776367,48.878501892089844,48.47999954223633,48.790000915527344,102398,0.0,0.0
2023-05-25 12:30:00-04:00,48.79999923706055,48.880001068115234,48.58000183105469,48.869998931884766,58234,0.0,0.0
2023-05-25 13:30:00-04:00,48.90999984741211,48.97999954223633,48.83000183105469,48.869998931884766,45211,0.0,0.0
2023-05-25 14:30:00-04:00,48.84000015258789,48.84000015258789,48.630001068115234,48.65999984741211,73015,0.0,0.0
2023-05-25 15:30:00-04:00,48.65999984741211,48.689998626708984,48.599998474121094,48.650001525878906,77646,0.0,0.0
2023-05-26 09:30:00-04:00,48.77000045776367,49.20000076293945,48.650001525878906,49.15999984741211,85329,0.0,0.0
2023-05-26 10:30:00-04:00,49.18000030517578,49.189998626708984,49.03879928588867,49.060001373291016,42638,0.0,0.0
2023-05-26 11:30:00-04:00,49.06999969482422,49.29600143432617,49.04999923706055,49.29600143432617,63842,0.0,0.0
2023-05-26 12:30:00-04:00,49.290000915527344,49.310001373291016,49.16999816894531,49.18000030517578,28927,0.0,0.0
2023-05-26 13:30:00-04:00,49.185001373291016,49.25,49.16999816894531,49.25,20729,0.0,0.0
2023-05-26 14:30:00-04:00,49.252498626708984,49.30500030517578,49.150001525878906,49.20000076293945,30449,0.0,0.0
2023-05-26 15:30:00-04:00,49.220001220703125,49.220001220703125,49.09000015258789,49.189998626708984,68017,0.0,0.0
2023-05-30 09:30:00-04:00,48.720001220703125,49.22999954223633,48.54999923706055,48.619998931884766,81471,0.0,0.0
2023-05-30 10:30:00-04:00,48.60499954223633,48.7599983215332,48.5,48.5099983215332,42161,0.0,0.0
2023-05-30 11:30:00-04:00,48.52000045776367,48.685001373291016,48.5,48.52000045776367,31961,0.0,0.0
2023-05-30 12:30:00-04:00,48.560001373291016,48.599998474121094,48.40999984741211,48.43000030517578,37229,0.0,0.0
2023-05-30 13:30:00-04:00,48.38999938964844,48.45000076293945,48.27000045776367,48.36000061035156,29592,0.0,0.0
2023-05-30 14:30:00-04:00,48.36000061035156,48.470001220703125,48.36000061035156,48.400001525878906,49500,0.0,0.0
2023-05-30 15:30:00-04:00,48.40999984741211,48.43000030517578,48.310001373291016,48.375,83205,0.0,0.0
2023-05-31 09:30:00-04:00,48.29999923706055,48.349998474121094,47.91999816894531,48.13999938964844,73860,0.0,0.0
2023-05-31 10:30:00-04:00,48.15999984741211,48.380001068115234,48.11000061035156,48.189998626708984,92346,0.0,0.0
2023-05-31 11:30:00-04:00,48.209999084472656,48.375,48.15999984741211,48.279998779296875,58837,0.0,0.0
2023-05-31 12:30:00-04:00,48.2599983215332,48.29999923706055,48.189998626708984,48.25,32018,0.0,0.0
2023-05-31 13:30:00-04:00,48.29999923706055,48.41999816894531,48.2599983215332,48.380001068115234,26694,0.0,0.0
2023-05-31 14:30:00-04:00,48.380001068115234,48.41999816894531,48.2599983215332,48.369998931884766,30681,0.0,0.0
2023-05-31 15:30:00-04:00,48.36000061035156,48.459999084472656,48.27000045776367,48.40999984741211,205201,0.0,0.0
2023-06-01 09:30:00-04:00,48.41999816894531,48.7599983215332,48.2400016784668,48.709999084472656,67108,0.0,0.0
2023-06-01 10:30:00-04:00,48.68000030517578,48.97999954223633,48.68000030517578,48.95000076293945,60328,0.0,0.0
2023-06-01 11:30:00-04:00,48.959999084472656,49.099998474121094,48.939998626708984,49.09000015258789,43927,0.0,0.0
2023-06-01 12:30:00-04:00,49.099998474121094,49.13999938964844,49.0099983215332,49.119998931884766,50765,0.0,0.0
2023-06-01 13:30:00-04:00,49.119998931884766,49.2599983215332,49.09000015258789,49.2599983215332,41974,0.0,0.0
2023-06-01 14:30:00-04:00,49.279998779296875,49.29999923706055,49.084999084472656,49.084999084472656,49445,0.0,0.0
2023-06-01 15:30:00-04:00,49.095001220703125,49.119998931884766,48.90999984741211,48.939998626708984,125896,0.0,0.0
2023-06-02 09:30:00-04:00,49.40999984741211,49.83000183105469,49.40999984741211,49.68000030517578,60295,0.0,0.0
2023-06-02 10:30:00-04:00,49.689998626708984,49.939998626708984,49.66999816894531,49.915000915527344,66926,0.0,0.0
2023-06-02 11:30:00-04:00,49.91999816894531,50.13999938964844,49.880001068115234,50.130001068115234,66975,0.0,0.0
2023-06-02 12:30:00-04:00,50.11000061035156,50.290000915527344,50.11000061035156,50.27000045776367,63449,0.0,0.0
2023-06-02 13:30:00-04:00,50.2599983215332,50.310001373291016,50.18989944458008,50.2400016784668,34424,0.0,0.0
2023-06-02 14:30:00-04:00,50.25,50.3650016784668,50.150001525878906,50.150001525878906,67481,0.0,0.0
2023-06-02 15:30:00-04:00,50.13999938964844,50.22999954223633,50.119998931884766,50.189998626708984,133772,0.0,0.0
2023-06-05 09:30:00-04:00,50.060001373291016,50.2400016784668,49.83000183105469,49.869998931884766,0,0.0,0.0
2023-06-05 10:30:00-04:00,49.849998474121094,50.11000061035156,49.849998474121094,50.04999923706055,62018,0.0,0.0
2023-06-05 11:30:00-04:00,50.060001373291016,50.25,50.02000045776367,50.16999816894531,62971,0.0,0.0
2023-06-05 12:30:00-04:00,50.16999816894531,50.290000915527344,50.16999816894531,50.19499969482422,47316,0.0,0.0
2023-06-05 13:30:00-04:00,50.189998626708984,50.26259994506836,50.16999816894531,50.26259994506836,54463,0.0,0.0
2023-06-05 14:30:00-04:00,50.27000045776367,50.290000915527344,50.150001525878906,50.18000030517578,82348,0.0,0.0
2023-06-05 15:30:00-04:00,50.185001373291016,50.25,50.13999938964844,50.13999938964844,107631,0.0,0.0
2023-06-06 09:30:00-04:00,50.150001525878906,50.4739990234375,50.119998931884766,50.380001068115234,34433,0.0,0.0
2023-06-06 10:30:00-04:00,50.38999938964844,50.470001220703125,50.33000183105469,50.38999938964844,27228,0.0,0.0
2023-06-06 11:30:00-04:00,50.40999984741211,50.52000045776367,50.34000015258789,50.349998474121094,31163,0.0,0.0
2023-06-06 12:30:00-04:00,50.36000061035156,50.529998779296875,50.349998474121094,50.45000076293945,32854,0.0,0.0
2023-06-06 13:30:00-04:00,50.439998626708984,50.459999084472656,50.31999969482422,50.45000076293945,16057,0.0,0.0
2023-06-06 14:30:00-04:00,50.44499969482422,50.4900016784668,50.40999984741211,50.459999084472656,28801,0.0,0.0
2023-06-06 15:30:00-04:00,50.459999084472656,50.560001373291016,50.43000030517578,50.529998779296875,63812,0.0,0.0
2023-06-07 09:30:00-04:00,50.56999969482422,50.775001525878906,50.369998931884766,50.57820129394531,31408,0.0,0.0
2023-06-07 10:30:00-04:00,50.619998931884766,50.650001525878906,50.470001220703125,50.630001068115234,24545,0.0,0.0
2023-06-07 11:30:00-04:00,50.630001068115234,50.7400016784668,50.505001068115234,50.54999923706055,24054,0.0,0.0
2023-06-07 12:30:00-04:00,50.54499816894531,50.59000015258789,50.380001068115234,50.400001525878906,34909,0.0,0.0
2023-06-07 13:30:00-04:00,50.380001068115234,50.54999923706055,50.33000183105469,50.5099983215332,25813,0.0,0.0
2023-06-07 14:30:00-04:00,50.5099983215332,50.564998626708984,50.459999084472656,50.525001525878906,41495,0.0,0.0
2023-06-07 15:30:00-04:00,50.52000045776367,50.6349983215332,50.5,50.560001373291016,68636,0.0,0.0
2023-06-08 09:30:00-04:00,50.56999969482422,50.83000183105469,50.290000915527344,50.55500030517578,0,0.0,0.0
2023-06-08 10:30:00-04:00,50.540000915527344,50.58000183105469,50.41999816894531,50.58000183105469,23895,0.0,0.0
2023-06-08 11:30:00-04:00,50.58000183105469,50.60599899291992,50.45000076293945,50.599998474121094,21878,0.0,0.0
2023-06-08 12:30:00-04:00,50.59000015258789,50.599998474121094,50.529998779296875,50.560001373291016,23998,0.0,0.0
2023-06-08 13:30:00-04:00,50.540000915527344,50.560001373291016,50.470001220703125,50.5,22270,0.0,0.0
2023-06-08 14:30:00-04:00,50.4900016784668,50.52000045776367,50.35499954223633,50.400001525878906,32982,0.0,0.0
2023-06-08 15:30:00-04:00,50.400001525878906,50.470001220703125,50.39500045776367,50.45500183105469,77377,0.0,0.0
2023-06-09 09:30:00-04:00,50.4900016784668,50.650001525878906,50.290000915527344,50.650001525878906,0,0.0,0.0
2023-06-09 10:30:00-04:00,50.63999938964844,50.70000076293945,50.529998779296875,50.56999969482422,22748,0.0,0.0
2023-06-09 11:30:00-04:00,50.560001373291016,50.560001373291016,50.400001525878906,50.4900016784668,24308,0.0,0.0
2023-06-09 12:30:00-04:00,50.4900016784668,50.540000915527344,50.375,50.439998626708984,57054,0.0,0.0
2023-06-09 13:30:00-04:00,50.439998626708984,50.5,50.400001525878906,50.41999816894531,57454,0.0,0.0
2023-06-09 14:30:00-04:00,50.439998626708984,50.470001220703125,50.38999938964844,50.435001373291016,52709,0.0,0.0
2023-06-09 15:30:00-04:00,50.43000030517578,50.47999954223633,50.38999938964844,50.47999954223633,190997,0.0,0.0
2023-06-12 09:30:00-04:00,50.41999816894531,50.52000045776367,50.22999954223633,50.31999969482422,102774,0.0,0.0
2023-06-12 10:30:00-04:00,50.310001373291016,50.3650016784668,50.22999954223633,50.25,46378,0.0,0.0
2023-06-12 11:30:00-04:00,50.2400016784668,50.2599983215332,50.15999984741211,50.25,50406,0.0,0.0
2023-06-12 12:30:00-04:00,50.25339889526367,50.369998931884766,50.25,50.2599983215332,17204,0.0,0.0
2023-06-12 13:30:00-04:00,50.2599983215332,50.290000915527344,50.22999954223633,50.25,20863,0.0,0.0
2023-06-12 14:30:00-04:00,50.25,50.36000061035156,50.2400016784668,50.334999084472656,30015,0.0,0.0
2023-06-12 15:30:00-04:00,50.34000015258789,50.380001068115234,50.31999969482422,50.33000183105469,45002,0.0,0.0
2023-06-13 09:30:00-04:00,50.47999954223633,51.029998779296875,50.400001525878906,51.02000045776367,48193,0.0,0.0
2023-06-13 10:30:00-04:00,51.029998779296875,51.03969955444336,50.869998931884766,50.91999816894531,42558,0.0,0.0
2023-06-13 11:30:00-04:00,50.95000076293945,50.95000076293945,50.820098876953125,50.93000030517578,42736,0.0,0.0
2023-06-13 12:30:00-04:00,50.93000030517578,51.01499938964844,50.90629959106445,50.9900016784668,54729,0.0,0.0
2023-06-13 13:30:00-04:00,50.9900016784668,50.9900016784668,50.8650016784668,50.880001068115234,33167,0.0,0.0
2023-06-13 14:30:00-04:00,50.8849983215332,50.95000076293945,50.84000015258789,50.880001068115234,34650,0.0,0.0
2023-06-13 15:30:00-04:00,50.88999938964844,50.904998779296875,50.83000183105469,50.880001068115234,128285,0.0,0.0
2023-06-14 09:30:00-04:00,51.060001373291016,51.29999923706055,50.83000183105469,50.91999816894531,53085,0.0,0.0
2023-06-14 10:30:00-04:00,50.91999816894531,50.91999816894531,50.790000915527344,50.849998474121094,38353,0.0,0.0
2023-06-14 11:30:00-04:00,50.84000015258789,50.939998626708984,50.79999923706055,50.935001373291016,20353,0.0,0.0
2023-06-14 12:30:00-04:00,50.93000030517578,50.93000030517578,50.720001220703125,50.7400016784668,28606,0.0,0.0
2023-06-14 13:30:00-04:00,50.74869918823242,50.76499938964844,50.2599983215332,50.290000915527344,69992,0.0,0.0
2023-06-14 14:30:00-04:00,50.27000045776367,50.6349983215332,50.25,50.540000915527344,59691,0.0,0.0
2023-06-14 15:30:00-04:00,50.540000915527344,50.67499923706055,50.48500061035156,50.52000045776367,111883,0.0,0.0
2023-06-15 09:30:00-04:00,50.38999938964844,50.939998626708984,50.38999938964844,50.93000030517578,0,0.0,0.0
2023-06-15 10:30:00-04:00,50.900001525878906,50.970001220703125,50.84000015258789,50.91999816894531,34333,0.0,0.0
2023-06-15 11:30:00-04:00,50.90999984741211,50.91999816894531,50.82500076293945,50.869998931884766,26125,0.0,0.0
2023-06-15 12:30:00-04:00,50.8849983215332,50.95000076293945,50.84000015258789,50.869998931884766,44564,0.0,0.0
2023-06-15 13:30:00-04:00,50.900001525878906,50.98500061035156,50.900001525878906,50.91999816894531,26967,0.0,0.0
2023-06-15 14:30:00-04:00,50.91999816894531,50.96500015258789,50.81999969482422,50.900001525878906,73797,0.0,0.0
2023-06-15 15:30:00-04:00,50.900001525878906,50.95000076293945,50.845001220703125,50.880001068115234,92040,0.0,0.0
2023-06-16 09:30:00-04:00,51.0,51.16999816894531,50.81999969482422,50.959999084472656,0,0.0,0.0
2023-06-16 10:30:00-04:00,50.959999084472656,51.02000045776367,50.869998931884766,50.929901123046875,37643,0.0,0.0
2023-06-16 11:30:00-04:00,50.939998626708984,50.974998474121094,50.900001525878906,50.970001220703125,25705,0.0,0.0
2023-06-16 12:30:00-04:00,50.959999084472656,51.029998779296875,50.95000076293945,51.0,29185,0.0,0.0
2023-06-16 13:30:00-04:00,51.0,51.099998474121094,50.959999084472656,51.099998474121094,38526,0.0,0.0
2023-06-16 14:30:00-04:00,51.099998474121094,51.119998931884766,50.97999954223633,51.025001525878906,39212,0.0,0.0
2023-06-16 15:30:00-04:00,51.02000045776367,51.029998779296875,50.86000061035156,50.91999816894531,163617,0.0,0.0
2023-06-20 09:30:00-04:00,50.540000915527344,50.540000915527344,50.029998779296875,50.11000061035156,77015,0.0,0.0
2023-06-20 10:30:00-04:00,50.11000061035156,50.220001220703125,50.060001373291016,50.099998474121094,28282,0.0,0.0
2023-06-20 11:30:00-04:00,50.11000061035156,50.38999938964844,50.11000061035156,50.375,26950,0.0,0.0
2023-06-20 12:30:00-04:00,50.349998474121094,50.44499969482422,50.34000015258789,50.349998474121094,21170,0.0,0.0
2023-06-20 13:30:00-04:00,50.36000061035156,50.40999984741211,50.290000915527344,50.400001525878906,29851,0.0,0.0
2023-06-20 14:30:00-04:00,50.38999938964844,50.459999084472656,50.34000015258789,50.415000915527344,36946,0.0,0.0
2023-06-20 15:30:00-04:00,50.41999816894531,50.5099983215332,50.380001068115234,50.380001068115234,126622,0.0,0.0
2023-06-21 09:30:00-04:00,50.61000061035156,50.65999984741211,50.220001220703125,50.61000061035156,62590,0.0,0.0
2023-06-21 10:30:00-04:00,50.630001068115234,50.650001525878906,50.400001525878906,50.5,32783,0.0,0.0
2023-06-21 11:30:00-04:00,50.4900016784668,50.56999969482422,50.459999084472656,50.560001373291016,18095,0.0,0.0
2023-06-21 12:30:00-04:00,50.56999969482422,50.57500076293945,50.439998626708984,50.4900016784668,23303,0.0,0.0
2023-06-21 13:30:00-04:00,50.4900016784668,50.630001068115234,50.47999954223633,50.619998931884766,27856,0.0,0.0
2023-06-21 14:30:00-04:00,50.619998931884766,50.64500045776367,50.56999969482422,50.61000061035156,46897,0.0,0.0
2023-06-21 15:30:00-04:00,50.61000061035156,50.625,50.540000915527344,50.560001373291016,104242,0.0,0.0
2023-06-22 09:30:00-04:00,50.47999954223633,50.85499954223633,50.439998626708984,50.83000183105469,66694,0.0,0.0
2023-06-22 10:30:00-04:00,50.834999084472656,50.845001220703125,50.720001220703125,50.72999954223633,64562,0.0,0.0
2023-06-22 11:30:00-04:00,50.73500061035156,50.900001525878906,50.720001220703125,50.86000061035156,35121,0.0,0.0
2023-06-22 12:30:00-04:00,50.869998931884766,50.93000030517578,50.845001220703125,50.90999984741211,36169,0.0,0.0
2023-06-22 13:30:00-04:00,50.900001525878906,51.02000045776367,50.85499954223633,51.0099983215332,25221,0.0,0.0
2023-06-22 14:30:00-04:00,51.02000045776367,51.02000045776367,50.814998626708984,50.81999969482422,50076,0.0,0.0
2023-06-22 15:30:00-04:00,50.81999969482422,50.849998474121094,50.779998779296875,50.810001373291016,68455,0.0,0.0
2023-06-23 09:30:00-04:00,50.65999984741211,50.65999984741211,50.209999084472656,50.5,42458,0.0,0.0
2023-06-23 10:30:00-04:00,50.4900016784668,50.560001373291016,50.369998931884766,50.459999084472656,21430,0.0,0.0
2023-06-23 11:30:00-04:00,50.470001220703125,50.58000183105469,50.470001220703125,50.529998779296875,20510,0.0,0.0
2023-06-23 12:30:00-04:00,50.560001373291016,50.560001373291016,50.400001525878906,50.5,26373,0.0,0.0
2023-06-23 13:30:00-04:00,50.51499938964844,50.61000061035156,50.369998931884766,50.380001068115234,31086,0.0,0.0
2023-06-23 14:30:00-04:00,50.349998474121094,50.369998931884766,50.290000915527344,50.345001220703125,42465,0.0,0.0
2023-06-23 15:30:00-04:00,50.35499954223633,50.43000030517578,50.30500030517578,50.36000061035156,207263,0.0,0.0
2023-06-26 09:30:00-04:00,50.15999984741211,51.040000915527344,50.15999984741211,50.97999954223633,0,0.0,0.0
2023-06-26 10:30:00-04:00,50.9900016784668,51.20000076293945,50.919898986816406,51.189998626708984,35921,0.0,0.0
2023-06-26 11:30:00-04:00,51.20000076293945,51.369998931884766,51.119998931884766,51.36000061035156,47274,0.0,0.0
2023-06-26 12:30:00-04:00,51.369998931884766,51.43000030517578,51.349998474121094,51.41999816894531,50881,0.0,0.0
2023-06-26 13:30:00-04:00,51.41999816894531,51.529998779296875,51.349998474121094,51.3849983215332,44903,0.0,0.0
2023-06-26 14:30:00-04:00,51.38999938964844,51.38999938964844,51.2599983215332,51.334999084472656,46523,0.0,0.0
2023-06-26 15:30:00-04:00,51.33000183105469,51.33000183105469,51.22999954223633,51.2400016784668,106804,0.0,0.0
2023-06-27 09:30:00-04:00,51.470001220703125,51.599998474121094,51.36000061035156,51.43000030517578,0,0.0,0.0
2023-06-27 10:30:00-04:00,51.439998626708984,51.540000915527344,51.40999984741211,51.439998626708984,46014,0.0,0.0
2023-06-27 11:30:00-04:00,51.43000030517578,51.45000076293945,51.34000015258789,51.400001525878906,32990,0.0,0.0
2023-06-27 12:30:00-04:00,51.400001525878906,51.48500061035156,51.375,51.439998626708984,51290,0.0,0.0
2023-06-27 13:30:00-04:00,51.439998626708984,51.459999084472656,51.38999938964844,51.439998626708984,40129,0.0,0.0
2023-06-27 14:30:00-04:00,51.439998626708984,51.470001220703125,51.34000015258789,51.380001068115234,61913,0.0,0.0
2023-06-27 15:30:00-04:00,51.369998931884766,51.369998931884766,51.2400016784668,51.369998931884766,166151,0.0,0.0
2023-06-28 09:30:00-04:00,51.16999816894531,51.349998474121094,50.900001525878906,51.16999816894531,66336,0.0,0.0
2023-06-28 10:30:00-04:00,51.18000030517578,51.27000045776367,51.09000015258789,51.209999084472656,54470,0.0,0.0
2023-06-28 11:30:00-04:00,51.209999084472656,51.275001525878906,51.150001525878906,51.2599983215332,41220,0.0,0.0
2023-06-28 12:30:00-04:00,51.2599983215332,51.34000015258789,51.17499923706055,51.25,37971,0.0,0.0
2023-06-28 13:30:00-04:00,51.2599983215332,51.2599983215332,51.05500030517578,51.060001373291016,50366,0.0,0.0
2023-06-28 14:30:00-04:00,51.04999923706055,51.1349983215332,51.04499816894531,51.09000015258789,41896,0.0,0.0
2023-06-28 15:30:00-04:00,51.09000015258789,51.189998626708984,51.060001373291016,51.189998626708984,161436,0.0,0.0
2023-06-29 09:30:00-04:00,51.189998626708984,51.5,50.91999816894531,51.400001525878906,50078,0.0,0.0
2023-06-29 10:30:00-04:00,51.400001525878906,51.439998626708984,51.27000045776367,51.380001068115234,23078,0.0,0.0
2023-06-29 11:30:00-04:00,51.375,51.4010009765625,51.31999969482422,51.380001068115234,37478,0.0,0.0
2023-06-29 12:30:00-04:00,51.380001068115234,51.38999938964844,51.33000183105469,51.350101470947266,44466,0.0,0.0
2023-06-29 13:30:00-04:00,51.36000061035156,51.404998779296875,51.290000915527344,51.404998779296875,28732,0.0,0.0
2023-06-29 14:30:00-04:00,51.40999984741211,51.47999954223633,51.400001525878906,51.439998626708984,35168,0.0,0.0
2023-06-29 15:30:00-04:00,51.41999816894531,51.47999954223633,51.34000015258789,51.47999954223633,65516,0.0,0.0
2023-06-30 09:30:00-04:00,51.68000030517578,52.189998626708984,51.68000030517578,52.150001525878906,0,0.0,0.0
2023-06-30 10:30:00-04:00,52.15999984741211,52.20000076293945,52.0,52.0,119332,0.0,0.0
2023-06-30 11:30:00-04:00,52.0099983215332,52.290000915527344,51.96500015258789,52.2599983215332,41566,0.0,0.0
2023-06-30 12:30:00-04:00,52.2400016784668,52.279998779296875,52.15999984741211,52.27000045776367,27355,0.0,0.0
2023-06-30 13:30:00-04:00,52.27000045776367,52.279998779296875,52.16999816894531,52.2400016784668,48669,0.0,0.0
2023-06-30 14:30:00-04:00,52.2400016784668,52.2599983215332,52.150001525878906,52.20000076293945,50045,0.0,0.0
2023-06-30 15:30:00-04:00,52.20500183105469,52.220001220703125,52.099998474121094,52.099998474121094,117732,0.0,0.0
2023-07-03 09:30:00-04:00,52.099998474121094,52.279998779296875,51.9900016784668,52.209999084472656,27017,0.0,0.0
2023-07-03 10:30:00-04:00,52.22999954223633,52.439998626708984,52.22999954223633,52.439998626708984,12660,0.0,0.0
2023-07-03 11:30:00-04:00,52.439998626708984,52.4900016784668,52.400001525878906,52.400001525878906,18584,0.0,0.0
2023-07-05 09:30:00-04:00,51.869998931884766,51.869998931884766,51.58000183105469,51.775001525878906,0,0.0,0.0
2023-07-05 10:30:00-04:00,51.790000915527344,51.849998474121094,51.7400016784668,51.84640121459961,30980,0.0,0.0
2023-07-05 11:30:00-04:00,51.8650016784668,51.875,51.744998931884766,51.77000045776367,34165,0.0,0.0
2023-07-05 12:30:00-04:00,51.7599983215332,51.834999084472656,51.66999816894531,51.810001373291016,35315,0.0,0.0
2023-07-05 13:30:00-04:00,51.80550003051758,51.83000183105469,51.66999816894531,51.66999816894531,59978,0.0,0.0
2023-07-05 14:30:00-04:00,51.66999816894531,51.698699951171875,51.56999969482422,51.630001068115234,56107,0.0,0.0
2023-07-05 15:30:00-04:00,51.619998931884766,51.68000030517578,51.61000061035156,51.650001525878906,105555,0.0,0.0
2023-07-06 09:30:00-04:00,51.27000045776367,51.31999969482422,50.95000076293945,50.98500061035156,73848,0.0,0.0
2023-07-06 10:30:00-04:00,50.959999084472656,50.96500015258789,50.7401008605957,50.75,44179,0.0,0.0
2023-07-06 11:30:00-04:00,50.75,50.95000076293945,50.73500061035156,50.86000061035156,40701,0.0,0.0
2023-07-06 12:30:00-04:00,50.869998931884766,50.91999816894531,50.80500030517578,50.810001373291016,36739,0.0,0.0
2023-07-06 13:30:00-04:00,50.810001373291016,50.90999984741211,50.79499816894531,50.86000061035156,54392,0.0,0.0
2023-07-06 14:30:00-04:00,50.849998474121094,50.97999954223633,50.845001220703125,50.89500045776367,64926,0.0,0.0
2023-07-06 15:30:00-04:00,50.8849983215332,50.900001525878906,50.77000045776367,50.81999969482422,155282,0.0,0.0
2023-07-07 09:30:00-04:00,50.77000045776367,51.06999969482422,50.75,51.040000915527344,27832,0.0,0.0
2023-07-07 10:30:00-04:00,51.029998779296875,51.130001068115234,50.869998931884766,50.959999084472656,36190,0.0,0.0
2023-07-07 11:30:00-04:00,50.959999084472656,51.02000045776367,50.86000061035156,51.0,35678,0.0,0.0
2023-07-07 12:30:00-04:00,51.0099983215332,51.154998779296875,51.0099983215332,51.04999923706055,35162,0.0,0.0
2023-07-07 13:30:00-04:00,51.04999923706055,51.04999923706055,50.957000732421875,50.994998931884766,28368,0.0,0.0
2023-07-07 14:30:00-04:00,50.9900016784668,51.0099983215332,50.875,50.939998626708984,37329,0.0,0.0
2023-07-07 15:30:00-04:00,50.95000076293945,50.970001220703125,50.869998931884766,50.939998626708984,97059,0.0,0.0
2023-07-10 09:30:00-04:00,50.84000015258789,50.87919998168945,50.459999084472656,50.61000061035156,44492,0.0,0.0
2023-07-10 10:30:00-04:00,50.630001068115234,50.689998626708984,50.5,50.560001373291016,54382,0.0,0.0
2023-07-10 11:30:00-04:00,50.540000915527344,50.619998931884766,50.470001220703125,50.59000015258789,49283,0.0,0.0
2023-07-10 12:30:00-04:00,50.59000015258789,50.60499954223633,50.459999084472656,50.560001373291016,41139,0.0,0.0
2023-07-10 13:30:00-04:00,50.56999969482422,50.630001068115234,50.54999923706055,50.630001068115234,30872,0.0,0.0
2023-07-10 14:30:00-04:00,50.630001068115234,50.68000030517578,50.525001525878906,50.57500076293945,32659,0.0,0.0
2023-07-10 15:30:00-04:00,50.58000183105469,50.6150016784668,50.470001220703125,50.505001068115234,122096,0.0,0.0
2023-07-11 09:30:00-04:00,50.4900016784668,50.63999938964844,50.20000076293945,50.29999923706055,0,0.0,0.0
2023-07-11 10:30:00-04:00,50.290000915527344,50.310001373291016,50.16999816894531,50.27000045776367,40306,0.0,0.0
2023-07-11 11:30:00-04:00,50.27000045776367,50.349998474121094,50.209999084472656,50.22999954223633,32118,0.0,0.0
2023-07-11 12:30:00-04:00,50.23500061035156,50.31999969482422,50.189998626708984,50.29999923706055,25382,0.0,0.0
2023-07-11 13:30:00-04:00,50.290000915527344,50.3650016784668,50.279998779296875,50.34000015258789,20585,0.0,0.0
2023-07-11 14:30:00-04:00,50.349998474121094,50.47999954223633,50.30500030517578,50.470001220703125,30122,0.0,0.0
2023-07-11 15:30:00-04:00,50.47999954223633,50.57500076293945,50.45500183105469,50.47999954223633,90783,0.0,0.0
2023-07-12 09:30:00-04:00,50.86000061035156,50.93000030517578,50.5,50.84000015258789,65809,0.0,0.0
2023-07-12 10:30:00-04:00,50.83000183105469,51.029998779296875,50.83000183105469,51.02000045776367,43464,0.0,0.0
2023-07-12 11:30:00-04:00,51.029998779296875,51.029998779296875,50.81999969482422,50.84000015258789,47615,0.0,0.0
2023-07-12 12:30:00-04:00,50.83000183105469,51.025001525878906,50.83000183105469,50.97999954223633,22366,0.0,0.0
2023-07-12 13:30:00-04:00,50.9900016784668,51.02000045776367,50.959999084472656,51.0099983215332,17601,0.0,0.0
2023-07-12 14:30:00-04:00,51.02000045776367,51.02000045776367,50.86000061035156,50.900001525878906,34187,0.0,0.0
2023-07-12 15:30:00-04:00,50.900001525878906,50.900001525878906,50.790000915527344,50.814998626708984,112303,0.0,0.0
2023-07-13 09:30:00-04:00,50.95000076293945,51.189998626708984,50.86000061035156,51.09000015258789,0,0.0,0.0
2023-07-13 10:30:00-04:00,51.099998474121094,51.2599983215332,51.099998474121094,51.220001220703125,35923,0.0,0.0
2023-07-13 11:30:00-04:00,51.20000076293945,51.31999969482422,51.10499954223633,51.3119010925293,34878,0.0,0.0
2023-07-13 12:30:00-04:00,51.33000183105469,51.380001068115234,51.25,51.33000183105469,36978,0.0,0.0
2023-07-13 13:30:00-04:00,51.33000183105469,51.45500183105469,51.33000183105469,51.369998931884766,34241,0.0,0.0
2023-07-13 14:30:00-04:00,51.36000061035156,51.380001068115234,51.25,51.290000915527344,45969,0.0,0.0
2023-07-13 15:30:00-04:00,51.28499984741211,51.29999923706055,51.22999954223633,51.279998779296875,93653,0.0,0.0
2023-07-14 09:30:00-04:00,51.310001373291016,51.380001068115234,51.08000183105469,51.08000183105469,41584,0.0,0.0
2023-07-14 10:30:00-04:00,51.07500076293945,51.15999984741211,51.01499938964844,51.150001525878906,24210,0.0,0.0
2023-07-14 11:30:00-04:00,51.150001525878906,51.150001525878906,51.0099983215332,51.064998626708984,26663,0.0,0.0
2023-07-14 12:30:00-04:00,51.064998626708984,51.130001068115234,51.029998779296875,51.130001068115234,20090,0.0,0.0
2023-07-14 13:30:00-04:00,51.13999938964844,51.189998626708984,51.125,51.130001068115234,25989,0.0,0.0
2023-07-14 14:30:00-04:00,51.130001068115234,51.209999084472656,51.099998474121094,51.130001068115234,48112,0.0,0.0
2023-07-14 15:30:00-04:00,51.1349983215332,51.1349983215332,51.04999923706055,51.09000015258789,81571,0.0,0.0
2023-07-17 09:30:00-04:00,50.97999954223633,51.474998474121094,50.97999954223633,51.459999084472656,0,0.0,0.0
2023-07-17 10:30:00-04:00,51.45000076293945,51.53499984741211,51.41999816894531,51.470001220703125,32953,0.0,0.0
2023-07-17 11:30:00-04:00,51.459999084472656,51.630001068115234,51.43000030517578,51.630001068115234,25075,0.0,0.0
2023-07-17 12:30:00-04:00,51.630001068115234,51.650001525878906,51.54499816894531,51.54499816894531,24890,0.0,0.0
2023-07-17 13:30:00-04:00,51.54499816894531,51.56999969482422,51.47999954223633,51.540000915527344,29420,0.0,0.0
2023-07-17 14:30:00-04:00,51.540000915527344,51.60499954223633,51.47999954223633,51.564998626708984,46202,0.0,0.0
2023-07-17 15:30:00-04:00,51.560001373291016,51.595001220703125,51.525001525878906,51.560001373291016,121701,0.0,0.0
2023-07-18 09:30:00-04:00,51.40999984741211,51.88999938964844,51.27000045776367,51.880001068115234,0,0.0,0.0
2023-07-18 10:30:00-04:00,51.849998474121094,51.959999084472656,51.849998474121094,51.91999816894531,26240,0.0,0.0
2023-07-18 11:30:00-04:00,51.91999816894531,51.91999816894531,51.79999923706055,51.83000183105469,26867,0.0,0.0
2023-07-18 12:30:00-04:00,51.83000183105469,51.875,51.79999923706055,51.84000015258789,22089,0.0,0.0
2023-07-18 13:30:00-04:00,51.84000015258789,51.95000076293945,51.81999969482422,51.93000030517578,38205,0.0,0.0
2023-07-18 14:30:00-04:00,51.93000030517578,51.93000030517578,51.80500030517578,51.810001373291016,33740,0.0,0.0
2023-07-18 15:30:00-04:00,51.810001373291016,51.86000061035156,51.77000045776367,51.845001220703125,59544,0.0,0.0
2023-07-19 09:30:00-04:00,51.95000076293945,52.02000045776367,51.72999954223633,51.72999954223633,29143,0.0,0.0
2023-07-19 10:30:00-04:00,51.720001220703125,51.720001220703125,51.57500076293945,51.63999938964844,23039,0.0,0.0
2023-07-19 11:30:00-04:00,51.63999938964844,51.66999816894531,51.583099365234375,51.650001525878906,23160,0.0,0.0
2023-07-19 12:30:00-04:00,51.63999938964844,51.755001068115234,51.599998474121094,51.755001068115234,18597,0.0,0.0
2023-07-19 13:30:00-04:00,51.75,51.84000015258789,51.744998931884766,51.83000183105469,33688,0.0,0.0
2023-07-19 14:30:00-04:00,51.84000015258789,51.97999954223633,51.84000015258789,51.970001220703125,42314,0.0,0.0
2023-07-19 15:30:00-04:00,51.959999084472656,52.0099983215332,51.93000030517578,52.0099983215332,63888,0.0,0.0
2023-07-20 09:30:00-04:00,52.18000030517578,52.31999969482422,52.0,52.150001525878906,0,0.0,0.0
2023-07-20 10:30:00-04:00,52.130001068115234,52.18000030517578,52.0004997253418,52.0004997253418,29625,0.0,0.0
2023-07-20 11:30:00-04:00,51.9900016784668,52.220001220703125,51.97999954223633,52.20000076293945,24611,0.0,0.0
2023-07-20 12:30:00-04:00,52.189998626708984,52.27000045776367,52.15999984741211,52.26499938964844,33848,0.0,0.0
2023-07-20 13:30:00-04:00,52.2599983215332,52.2599983215332,52.16999816894531,52.18000030517578,33629,0.0,0.0
2023-07-20 14:30:00-04:00,52.18000030517578,52.260101318359375,52.18000030517578,52.222900390625,67854,0.0,0.0
2023-07-20 15:30:00-04:00,52.22999954223633,52.36000061035156,52.22999954223633,52.349998474121094,105873,0.0,0.0
2023-07-21 09:30:00-04:00,52.34000015258789,52.375,52.15999984741211,52.345001220703125,44858,0.0,0.0
2023-07-21 10:30:00-04:00,52.31999969482422,52.4900016784668,52.2599983215332,52.290000915527344,50161,0.0,0.0
2023-07-21 11:30:00-04:00,52.279998779296875,52.44499969482422,52.279998779296875,52.41999816894531,26587,0.0,0.0
2023-07-21 12:30:00-04:00,52.404998779296875,52.4900016784668,52.380001068115234,52.474998474121094,35654,0.0,0.0
2023-07-21 13:30:00-04:00,52.470001220703125,52.5,52.439998626708984,52.5,31193,0.0,0.0
2023-07-21 14:30:00-04:00,52.5,52.529998779296875,52.470001220703125,52.505001068115234,34841,0.0,0.0
2023-07-21 15:30:00-04:00,52.5099983215332,52.58000183105469,52.4900016784668,52.560001373291016,118116,0.0,0.0
2023-07-24 09:30:00-04:00,52.720001220703125,52.90999984741211,52.67499923706055,52.7599983215332,41355,0.0,0.0
2023-07-24 10:30:00-04:00,52.75,52.939998626708984,52.75,52.86000061035156,26593,0.0,0.0
2023-07-24 11:30:00-04:00,52.86000061035156,53.09000015258789,52.86000061035156,53.060001373291016,52019,0.0,0.0
2023-07-24 12:30:00-04:00,53.060001373291016,53.189998626708984,53.029998779296875,53.06999969482422,48289,0.0,0.0
2023-07-24 13:30:00-04:00,53.06010055541992,53.06010055541992,52.89500045776367,52.904998779296875,30449,0.0,0.0
2023-07-24 14:30:00-04:00,52.90999984741211,52.90999984741211,52.68000030517578,52.685001373291016,38835,0.0,0.0
2023-07-24 15:30:00-04:00,52.67499923706055,52.72999954223633,52.599998474121094,52.64500045776367,166771,0.0,0.0
2023-07-25 09:30:00-04:00,52.56999969482422,52.849998474121094,52.5,52.619998931884766,34977,0.0,0.0
2023-07-25 10:30:00-04:00,52.66999816894531,52.779998779296875,52.619998931884766,52.75,26556,0.0,0.0
2023-07-25 11:30:00-04:00,52.75,52.90999984741211,52.72999954223633,52.84000015258789,65576,0.0,0.0
2023-07-25 12:30:00-04:00,52.849998474121094,52.875,52.779998779296875,52.84000015258789,57089,0.0,0.0
2023-07-25 13:30:00-04:00,52.84000015258789,52.90999984741211,52.81999969482422,52.90999984741211,29006,0.0,0.0
2023-07-25 14:30:00-04:00,52.91999816894531,52.91999816894531,52.755001068115234,52.869998931884766,35564,0.0,0.0
2023-07-25 15:30:00-04:00,52.869998931884766,52.88999938964844,52.790000915527344,52.810001373291016,88209,0.0,0.0
2023-07-26 09:30:00-04:00,52.599998474121094,52.86000061035156,52.529998779296875,52.83000183105469,71652,0.0,0.0
2023-07-26 10:30:00-04:00,52.810001373291016,52.935001373291016,52.75,52.84000015258789,40771,0.0,0.0
2023-07-26 11:30:00-04:00,52.83000183105469,52.900001525878906,52.779998779296875,52.849998474121094,32930,0.0,0.0
2023-07-26 12:30:00-04:00,52.84000015258789,52.84000015258789,52.7400016784668,52.7400016784668,31680,0.0,0.0
2023-07-26 13:30:00-04:00,52.72999954223633,52.81999969482422,52.720001220703125,52.77000045776367,38552,0.0,0.0
2023-07-26 14:30:00-04:00,52.744998931884766,52.95000076293945,52.7400016784668,52.845001220703125,56479,0.0,0.0
2023-07-26 15:30:00-04:00,52.84000015258789,52.849998474121094,52.70000076293945,52.72999954223633,183523,0.0,0.0
2023-07-27 09:30:00-04:00,52.90999984741211,53.005001068115234,52.650001525878906,52.77180099487305,84481,0.0,0.0
2023-07-27 10:30:00-04:00,52.77000045776367,52.93000030517578,52.77000045776367,52.900001525878906,43571,0.0,0.0
2023-07-27 11:30:00-04:00,52.89500045776367,52.89500045776367,52.779998779296875,52.82500076293945,26367,0.0,0.0
2023-07-27 12:30:00-04:00,52.83000183105469,52.86000061035156,52.689998626708984,52.689998626708984,31384,0.0,0.0
2023-07-27 13:30:00-04:00,52.68000030517578,52.69499969482422,52.55860137939453,52.56999969482422,40110,0.0,0.0
2023-07-27 14:30:00-04:00,52.54999923706055,52.54999923706055,52.38999938964844,52.415000915527344,54643,0.0,0.0
2023-07-27 15:30:00-04:00,52.43000030517578,52.525001525878906,52.43000030517578,52.47999954223633,77908,0.0,0.0
2023-07-28 09:30:00-04:00,52.7400016784668,52.974998474121094,52.68000030517578,52.880001068115234,0,0.0,0.0
2023-07-28 10:30:00-04:00,52.88999938964844,52.900001525878906,52.790000915527344,52.880001068115234,41696,0.0,0.0
2023-07-28 11:30:00-04:00,52.8849983215332,52.95000076293945,52.75,52.80500030517578,38824,0.0,0.0
2023-07-28 12:30:00-04:00,52.814998626708984,52.814998626708984,52.53499984741211,52.53499984741211,21656,0.0,0.0
2023-07-28 13:30:00-04:00,52.52000045776367,52.560001373291016,52.41999816894531,52.54999923706055,50988,0.0,0.0
2023-07-28 14:30:00-04:00,52.54999923706055,52.67499923706055,52.51499938964844,52.65999984741211,52447,0.0,0.0
2023-07-28 15:30:00-04:00,52.650001525878906,52.68000030517578,52.58000183105469,52.619998931884766,66964,0.0,0.0
2023-07-31 09:30:00-04:00,52.90999984741211,53.209999084472656,52.72999954223633,53.0099983215332,0,0.0,0.0
2023-07-31 10:30:00-04:00,53.02000045776367,53.040000915527344,52.779998779296875,52.8849983215332,31979,0.0,0.0
2023-07-31 11:30:00-04:00,52.869998931884766,52.869998931884766,52.70000076293945,52.7400016784668,26762,0.0,0.0
2023-07-31 12:30:00-04:00,52.72999954223633,52.75,52.630001068115234,52.66999816894531,21350,0.0,0.0
2023-07-31 13:30:00-04:00,52.65999984741211,52.66999816894531,52.5,52.584999084472656,37959,0.0,0.0
2023-07-31 14:30:00-04:00,52.599998474121094,52.64500045776367,52.540000915527344,52.540000915527344,41267,0.0,0.0
2023-07-31 15:30:00-04:00,52.54499816894531,52.619998931884766,52.45000076293945,52.61000061035156,121813,0.0,0.0
2023-08-01 09:30:00-04:00,52.16999816894531,52.540000915527344,52.119998931884766,52.2400016784668,42718,0.0,0.0
2023-08-01 10:30:00-04:00,52.22999954223633,52.38999938964844,52.18000030517578,52.29499816894531,47974,0.0,0.0
2023-08-01 11:30:00-04:00,52.29999923706055,52.31999969482422,52.20000076293945,52.310001373291016,15590,0.0,0.0
2023-08-01 12:30:00-04:00,52.290000915527344,52.310001373291016,52.17499923706055,52.279998779296875,19946,0.0,0.0
2023-08-01 13:30:00-04:00,52.2599983215332,52.369998931884766,52.2599983215332,52.279998779296875,31186,0.0,0.0
2023-08-01 14:30:00-04:00,52.29999923706055,52.372501373291016,52.290000915527344,52.349998474121094,18131,0.0,0.0
2023-08-01 15:30:00-04:00,52.36000061035156,52.380001068115234,52.279998779296875,52.279998779296875,78328,0.0,0.0
2023-08-02 09:30:00-04:00,51.90999984741211,52.029998779296875,51.6349983215332,51.654998779296875,95954,0.0,0.0
2023-08-02 10:30:00-04:00,51.65999984741211,51.70000076293945,51.2400016784668,51.400001525878906,68063,0.0,0.0
2023-08-02 11:30:00-04:00,51.4010009765625,51.5,51.31999969482422,51.31999969482422,63282,0.0,0.0
2023-08-02 12:30:00-04:00,51.34000015258789,51.39500045776367,51.25,51.33000183105469,79450,0.0,0.0
2023-08-02 13:30:00-04:00,51.31999969482422,51.36000061035156,51.26499938964844,51.314998626708984,53019,0.0,0.0
2023-08-02 14:30:00-04:00,51.314998626708984,51.459999084472656,51.290000915527344,51.31999969482422,113721,0.0,0.0
2023-08-02 15:30:00-04:00,51.33000183105469,51.47999954223633,51.314998626708984,51.43000030517578,167164,0.0,0.0
2023-08-03 09:30:00-04:00,51.16999816894531,51.189998626708984,50.7400016784668,50.939998626708984,57166,0.0,0.0
2023-08-03 10:30:00-04:00,50.88999938964844,51.0,50.720001220703125,50.97999954223633,74365,0.0,0.0
2023-08-03 11:30:00-04:00,51.0099983215332,51.16999816894531,50.9900016784668,51.11000061035156,42258,0.0,0.0
2023-08-03 12:30:00-04:00,51.1150016784668,51.185001373291016,51.06999969482422,51.13999938964844,43515,0.0,0.0
2023-08-03 13:30:00-04:00,51.15999984741211,51.15999984741211,51.03499984741211,51.099998474121094,32339,0.0,0.0
2023-08-03 14:30:00-04:00,51.099998474121094,51.125,50.970001220703125,51.06999969482422,78518,0.0,0.0
2023-08-03 15:30:00-04:00,51.06999969482422,51.19499969482422,51.04999923706055,51.16999816894531,117833,0.0,0.0
2023-08-04 09:30:00-04:00,51.11000061035156,51.7400016784668,51.11000061035156,51.7400016784668,75960,0.0,0.0
2023-08-04 10:30:00-04:00,51.779998779296875,51.89500045776367,51.68000030517578,51.84000015258789,70153,0.0,0.0
2023-08-04 11:30:00-04:00,51.869998931884766,51.959999084472656,51.810001373291016,51.95000076293945,20850,0.0,0.0
2023-08-04 12:30:00-04:00,51.959999084472656,52.09000015258789,51.939998626708984,51.97999954223633,21676,0.0,0.0
2023-08-04 13:30:00-04:00,51.97999954223633,52.040000915527344,51.65999984741211,51.689998626708984,24504,0.0,0.0
2023-08-04 14:30:00-04:00,51.66999816894531,51.66999816894531,51.4900016784668,51.560001373291016,46129,0.0,0.0
2023-08-04 15:30:00-04:00,51.58000183105469,51.61000061035156,51.52000045776367,51.57500076293945,81189,0.0,0.0
2023-08-07 09:30:00-04:00,51.54999923706055,51.97990036010742,51.54999923706055,51.95000076293945,0,0.0,0.0
2023-08-07 10:30:00-04:00,51.95000076293945,52.08000183105469,51.939998626708984,52.060001373291016,18305,0.0,0.0
2023-08-07 11:30:00-04:00,52.04999923706055,52.099998474121094,51.9900016784668,52.029998779296875,13278,0.0,0.0
2023-08-07 12:30:00-04:00,52.02000045776367,52.02000045776367,51.939998626708984,51.959999084472656,11750,0.0,0.0
2023-08-07 13:30:00-04:00,51.939998626708984,51.95500183105469,51.85499954223633,51.8650016784668,20428,0.0,0.0
2023-08-07 14:30:00-04:00,51.874000549316406,51.904998779296875,51.81990051269531,51.86000061035156,18236,0.0,0.0
2023-08-07 15:30:00-04:00,51.85200119018555,51.93000030517578,51.845001220703125,51.93000030517578,41116,0.0,0.0
2023-08-08 09:30:00-04:00,51.189998626708984,51.2400016784668,50.619998931884766,50.72999954223633,60760,0.0,0.0
2023-08-08 10:30:00-04:00,50.720001220703125,50.720001220703125,50.47999954223633,50.61000061035156,45786,0.0,0.0
2023-08-08 11:30:00-04:00,50.619998931884766,50.77000045776367,50.61000061035156,50.76499938964844,27441,0.0,0.0
2023-08-08 12:30:00-04:00,50.77000045776367,50.84000015258789,50.7400016784668,50.84000015258789,28884,0.0,0.0
2023-08-08 13:30:00-04:00,50.845001220703125,50.900001525878906,50.80500030517578,50.849998474121094,39290,0.0,0.0
2023-08-08 14:30:00-04:00,50.849998474121094,51.0099983215332,50.779998779296875,50.96500015258789,47877,0.0,0.0
2023-08-08 15:30:00-04:00,50.970001220703125,51.099998474121094,50.970001220703125,51.06999969482422,125689,0.0,0.0
2023-08-09 09:30:00-04:00,50.63999938964844,50.709999084472656,49.95000076293945,50.65999984741211,139107,0.0,0.0
2023-08-09 10:30:00-04:00,50.63999938964844,50.81999969482422,50.54999923706055,50.56999969482422,52957,0.0,0.0
2023-08-09 11:30:00-04:00,50.58000183105469,50.77000045776367,50.529998779296875,50.77000045776367,69802,0.0,0.0
2023-08-09 12:30:00-04:00,50.790000915527344,51.040000915527344,50.7400016784668,51.0099983215332,42022,0.0,0.0
2023-08-09 13:30:00-04:00,51.029998779296875,51.150001525878906,51.02000045776367,51.04800033569336,44677,0.0,0.0
2023-08-09 14:30:00-04:00,51.06999969482422,51.08000183105469,50.93000030517578,51.02009963989258,50721,0.0,0.0
2023-08-09 15:30:00-04:00,51.02000045776367,51.02000045776367,50.81999969482422,50.86000061035156,100964,0.0,0.0
2023-08-10 09:30:00-04:00,50.86000061035156,51.29999923706055,50.810001373291016,51.18000030517578,95059,0.0,0.0
2023-08-10 10:30:00-04:00,51.189998626708984,51.189998626708984,50.7599983215332,50.779998779296875,55711,0.0,0.0
2023-08-10 11:30:00-04:00,50.779998779296875,50.849998474121094,50.380001068115234,50.415000915527344,39413,0.0,0.0
2023-08-10 12:30:00-04:00,50.38999938964844,50.47999954223633,50.349998474121094,50.45000076293945,40688,0.0,0.0
2023-08-10 13:30:00-04:00,50.439998626708984,50.560001373291016,50.36000061035156,50.5,47972,0.0,0.0
2023-08-10 14:30:00-04:00,50.505001068115234,50.76499938964844,50.505001068115234,50.5099983215332,111757,0.0,0.0
2023-08-10 15:30:00-04:00,50.5,50.540000915527344,50.41999816894531,50.5099983215332,170759,0.0,0.0
2023-08-11 09:30:00-04:00,50.209999084472656,50.709999084472656,50.209999084472656,50.69499969482422,0,0.0,0.0
2023-08-11 10:30:00-04:00,50.70000076293945,50.81999969482422,50.59000015258789,50.61000061035156,34340,0.0,0.0
2023-08-11 11:30:00-04:00,50.625,50.689998626708984,50.540000915527344,50.599998474121094,22700,0.0,0.0
2023-08-11 12:30:00-04:00,50.630001068115234,50.6349983215332,50.4900016784668,50.56999969482422,26583,0.0,0.0
2023-08-11 13:30:00-04:00,50.56999969482422,50.59000015258789,50.43000030517578,50.47999954223633,43080,0.0,0.0
2023-08-11 14:30:00-04:00,50.5,50.5,50.380001068115234,50.439998626708984,43073,0.0,0.0
2023-08-11 15:30:00-04:00,50.439998626708984,50.459999084472656,50.380001068115234,50.459999084472656,165946,0.0,0.0
2023-08-14 09:30:00-04:00,50.459999084472656,50.459999084472656,49.79999923706055,50.0099983215332,47189,0.0,0.0
2023-08-14 10:30:00-04:00,50.02000045776367,50.15999984741211,49.95000076293945,50.0,57993,0.0,0.0
2023-08-14 11:30:00-04:00,50.01499938964844,50.02000045776367,49.82500076293945,49.86000061035156,55791,0.0,0.0
2023-08-14 12:30:00-04:00,49.869998931884766,49.90999984741211,49.810001373291016,49.81999969482422,23209,0.0,0.0
2023-08-14 13:30:00-04:00,49.81999969482422,49.834999084472656,49.72999954223633,49.7400016784668,32839,0.0,0.0
2023-08-14 14:30:00-04:00,49.7400016784668,49.95000076293945,49.709999084472656,49.91999816894531,49157,0.0,0.0
2023-08-14 15:30:00-04:00,49.93000030517578,50.029998779296875,49.90999984741211,50.029998779296875,139828,0.0,0.0
2023-08-15 09:30:00-04:00,49.619998931884766,49.7400016784668,49.119998931884766,49.209999084472656,65473,0.0,0.0
2023-08-15 10:30:00-04:00,49.189998626708984,49.220001220703125,48.970001220703125,49.130001068115234,36288,0.0,0.0
2023-08-15 11:30:00-04:00,49.150001525878906,49.15999984741211,48.81999969482422,48.88999938964844,54033,0.0,0.0
2023-08-15 12:30:00-04:00,48.88999938964844,48.900001525878906,48.779998779296875,48.82500076293945,37813,0.0,0.0
2023-08-15 13:30:00-04:00,48.81999969482422,48.93000030517578,48.7599983215332,48.91999816894531,40436,0.0,0.0
2023-08-15 14:30:00-04:00,48.93000030517578,49.04999923706055,48.91999816894531,48.91999816894531,57148,0.0,0.0
2023-08-15 15:30:00-04:00,48.91999816894531,48.970001220703125,48.84000015258789,48.880001068115234,80237,0.0,0.0
2023-08-16 09:30:00-04:00,48.84000015258789,49.20000076293945,48.790000915527344,49.060001373291016,52443,0.0,0.0
2023-08-16 10:30:00-04:00,49.060001373291016,49.084999084472656,48.88999938964844,48.97999954223633,39273,0.0,0.0
2023-08-16 11:30:00-04:00,48.970001220703125,49.0,48.775001525878906,48.81999969482422,71305,0.0,0.0
2023-08-16 12:30:00-04:00,48.810001373291016,48.84000015258789,48.64500045776367,48.650001525878906,47677,0.0,0.0
2023-08-16 13:30:00-04:00,48.63999938964844,48.7599983215332,48.58000183105469,48.75,43887,0.0,0.0
2023-08-16 14:30:00-04:00,48.75,48.79999923706055,48.599998474121094,48.63999938964844,59348,0.0,0.0
2023-08-16 15:30:00-04:00,48.630001068115234,48.71500015258789,48.619998931884766,48.65999984741211,97983,0.0,0.0
2023-08-17 09:30:00-04:00,48.88999938964844,49.029998779296875,48.56999969482422,48.77000045776367,35092,0.0,0.0
2023-08-17 10:30:00-04:00,48.68000030517578,48.744998931884766,48.59000015258789,48.61000061035156,12975,0.0,0.0
2023-08-17 11:30:00-04:00,48.61000061035156,48.630001068115234,48.459999084472656,48.5099983215332,23541,0.0,0.0
2023-08-17 12:30:00-04:00,48.52000045776367,48.52000045776367,48.36000061035156,48.40999984741211,37496,0.0,0.0
2023-08-17 13:30:00-04:00,48.400001525878906,48.40999984741211,48.27000045776367,48.279998779296875,27032,0.0,0.0
2023-08-17 14:30:00-04:00,48.27000045776367,48.31999969482422,48.13999938964844,48.220001220703125,51954,0.0,0.0
2023-08-17 15:30:00-04:00,48.2400016784668,48.2599983215332,48.16999816894531,48.189998626708984,69254,0.0,0.0
2023-08-18 09:30:00-04:00,47.970001220703125,48.099998474121094,47.7599983215332,47.810001373291016,37959,0.0,0.0
2023-08-18 10:30:00-04:00,47.79999923706055,47.95000076293945,47.7599983215332,47.91999816894531,28025,0.0,0.0
2023-08-18 11:30:00-04:00,47.90999984741211,47.974998474121094,47.79999923706055,47.80500030517578,39360,0.0,0.0
2023-08-18 12:30:00-04:00,47.79999923706055,47.880001068115234,47.7599983215332,47.810001373291016,24865,0.0,0.0
2023-08-18 13:30:00-04:00,47.814998626708984,47.845001220703125,47.70000076293945,47.709999084472656,30303,0.0,0.0
2023-08-18 14:30:00-04:00,47.709999084472656,47.76499938964844,47.619998931884766,47.630001068115234,59914,0.0,0.0
2023-08-18 15:30:00-04:00,47.625,47.685001373291016,47.57500076293945,47.619998931884766,133393,0.0,0.0
2023-08-21 09:30:00-04:00,47.7599983215332,47.849998474121094,47.38999938964844,47.41999816894531,44939,0.0,0.0
2023-08-21 10:30:00-04:00,47.400001525878906,47.400001525878906,47.27000045776367,47.29999923706055,27429,0.0,0.0
2023-08-21 11:30:00-04:00,47.29999923706055,47.29999923706055,47.15999984741211,47.27000045776367,15417,0.0,0.0
2023-08-21 12:30:00-04:00,47.2599983215332,47.2599983215332,47.09000015258789,47.150001525878906,35488,0.0,0.0
2023-08-21 13:30:00-04:00,47.13999938964844,47.25,47.1349983215332,47.18000030517578,39333,0.0,0.0
2023-08-21 14:30:00-04:00,47.17499923706055,47.275001525878906,47.1349983215332,47.2599983215332,42865,0.0,0.0
2023-08-21 15:30:00-04:00,47.26499938964844,47.31999969482422,47.22999954223633,47.25,127681,0.0,0.0
2023-08-22 09:30:00-04:00,47.779998779296875,47.900001525878906,46.93000030517578,47.046199798583984,56939,0.0,0.0
2023-08-22 10:30:00-04:00,47.029998779296875,47.029998779296875,46.7400016784668,46.84000015258789,66851,0.0,0.0
2023-08-22 11:30:00-04:00,46.869998931884766,46.90999984741211,46.810001373291016,46.88999938964844,23063,0.0,0.0
2023-08-22 12:30:00-04:00,46.88999938964844,46.924400329589844,46.7599983215332,46.900001525878906,33731,0.0,0.0
2023-08-22 13:30:00-04:00,46.88999938964844,46.93080139160156,46.849998474121094,46.93080139160156,29160,0.0,0.0
2023-08-22 14:30:00-04:00,46.93069839477539,46.974998474121094,46.880001068115234,46.880001068115234,36689,0.0,0.0
2023-08-22 15:30:00-04:00,46.88999938964844,46.959999084472656,46.8650016784668,46.90999984741211,145899,0.0,0.0
2023-08-23 09:30:00-04:00,47.18000030517578,47.31999969482422,46.790000915527344,47.209999084472656,46328,0.0,0.0
2023-08-23 10:30:00-04:00,47.209999084472656,47.400001525878906,47.130001068115234,47.400001525878906,30116,0.0,0.0
2023-08-23 11:30:00-04:00,47.400001525878906,47.439998626708984,47.33000183105469,47.41999816894531,27847,0.0,0.0
2023-08-23 12:30:00-04:00,47.40999984741211,47.59000015258789,47.40999984741211,47.540000915527344,38487,0.0,0.0
2023-08-23 13:30:00-04:00,47.54499816894531,47.58000183105469,47.43000030517578,47.459999084472656,34326,0.0,0.0
2023-08-23 14:30:00-04:00,47.459999084472656,47.4900016784668,47.3849983215332,47.48500061035156,32137,0.0,0.0
2023-08-23 15:30:00-04:00,47.48939895629883,47.56999969482422,47.459999084472656,47.560001373291016,96092,0.0,0.0
2023-08-24 09:30:00-04:00,47.209999084472656,47.900001525878906,47.209999084472656,47.75,58184,0.0,0.0
2023-08-24 10:30:00-04:00,47.70000076293945,47.779998779296875,47.529998779296875,47.58000183105469,634598,0.0,0.0
2023-08-24 11:30:00-04:00,47.58000183105469,47.61000061035156,47.459999084472656,47.56999969482422,54397,0.0,0.0
2023-08-24 12:30:00-04:00,47.57500076293945,47.60499954223633,47.5099983215332,47.51900100708008,22233,0.0,0.0
2023-08-24 13:30:00-04:00,47.525001525878906,47.560001373291016,47.48099899291992,47.48099899291992,24828,0.0,0.0
2023-08-24 14:30:00-04:00,47.5099983215332,47.560001373291016,47.470001220703125,47.5099983215332,34981,0.0,0.0
2023-08-24 15:30:00-04:00,47.5099983215332,47.560001373291016,47.470001220703125,47.529998779296875,61277,0.0,0.0
2023-08-25 09:30:00-04:00,47.68000030517578,47.84000015258789,47.29999923706055,47.380001068115234,51650,0.0,0.0
2023-08-25 10:30:00-04:00,47.380001068115234,47.43199920654297,47.209999084472656,47.43000030517578,41011,0.0,0.0
2023-08-25 11:30:00-04:00,47.43000030517578,47.470001220703125,47.27000045776367,47.470001220703125,42820,0.0,0.0
2023-08-25 12:30:00-04:00,47.470001220703125,47.5,47.369998931884766,47.435001373291016,24904,0.0,0.0
2023-08-25 13:30:00-04:00,47.43000030517578,47.595001220703125,47.369998931884766,47.59000015258789,2749901,0.0,0.0
2023-08-25 14:30:00-04:00,47.619998931884766,47.685001373291016,47.599998474121094,47.619998931884766,44283,0.0,0.0
2023-08-25 15:30:00-04:00,47.619998931884766,47.650001525878906,47.459999084472656,47.4900016784668,88544,0.0,0.0
2023-08-28 09:30:00-04:00,47.599998474121094,47.959999084472656,47.599998474121094,47.81999969482422,52027,0.0,0.0
2023-08-28 10:30:00-04:00,47.84000015258789,47.88999938964844,47.76499938964844,47.77000045776367,57503,0.0,0.0
2023-08-28 11:30:00-04:00,47.76499938964844,47.82500076293945,47.63999938964844,47.7400016784668,35452,0.0,0.0
2023-08-28 12:30:00-04:00,47.75,47.83000183105469,47.720001220703125,47.77000045776367,35598,0.0,0.0
2023-08-28 13:30:00-04:00,47.779998779296875,47.79999923706055,47.65999984741211,47.689998626708984,26548,0.0,0.0
2023-08-28 14:30:00-04:00,47.70000076293945,47.755001068115234,47.685001373291016,47.720001220703125,50509,0.0,0.0
2023-08-28 15:30:00-04:00,47.709999084472656,47.720001220703125,47.650001525878906,47.709999084472656,79387,0.0,0.0
2023-08-29 09:30:00-04:00,47.0,47.65999984741211,47.0,47.650001525878906,74045,0.0,0.0
2023-08-29 10:30:00-04:00,47.650001525878906,47.72999954223633,47.38999938964844,47.70000076293945,36330,0.0,0.0
2023-08-29 11:30:00-04:00,47.709999084472656,47.84000015258789,47.70000076293945,47.81999969482422,34059,0.0,0.0
2023-08-29 12:30:00-04:00,47.83000183105469,47.93000030517578,47.77000045776367,47.900001525878906,27674,0.0,0.0
2023-08-29 13:30:00-04:00,47.88999938964844,47.94499969482422,47.86000061035156,47.92499923706055,53320,0.0,0.0
2023-08-29 14:30:00-04:00,47.93000030517578,48.025001525878906,47.84000015258789,47.849998474121094,46610,0.0,0.0
2023-08-29 15:30:00-04:00,47.849998474121094,48.099998474121094,47.834999084472656,48.04999923706055,122154,0.0,0.0
2023-08-30 09:30:00-04:00,48.15999984741211,48.52000045776367,48.040000915527344,48.18000030517578,0,0.0,0.0
2023-08-30 10:30:00-04:00,48.189998626708984,48.5,48.18000030517578,48.45000076293945,62308,0.0,0.0
2023-08-30 11:30:00-04:00,48.459999084472656,48.58000183105469,48.435001373291016,48.54999923706055,26213,0.0,0.0
2023-08-30 12:30:00-04:00,48.54999923706055,48.619998931884766,48.5,48.54499816894531,20155,0.0,0.0
2023-08-30 13:30:00-04:00,48.540000915527344,48.59000015258789,48.380001068115234,48.38999938964844,30340,0.0,0.0
2023-08-30 14:30:00-04:00,48.400001525878906,48.52000045776367,48.38999938964844,48.439998626708984,37441,0.0,0.0
2023-08-30 15:30:00-04:00,48.439998626708984,48.439998626708984,48.33000183105469,48.38999938964844,107721,0.0,0.0
2023-08-31 09:30:00-04:00,48.470001220703125,48.810001373291016,48.40999984741211,48.61000061035156,54112,0.0,0.0
2023-08-31 10:30:00-04:00,48.61000061035156,48.63999938964844,48.45000076293945,48.4900016784668,26243,0.0,0.0
2023-08-31 11:30:00-04:00,48.4900016784668,48.52000045776367,48.40999984741211,48.494998931884766,27859,0.0,0.0
2023-08-31 12:30:00-04:00,48.5,48.63999938964844,48.459999084472656,48.59000015258789,50089,0.0,0.0
2023-08-31 13:30:00-04:00,48.599998474121094,48.76499938964844,48.54499816894531,48.709999084472656,40936,0.0,0.0
2023-08-31 14:30:00-04:00,48.71500015258789,48.72999954223633,48.630001068115234,48.654998779296875,42832,0.0,0.0
2023-08-31 15:30:00-04:00,48.65999984741211,48.9900016784668,48.65999984741211,48.779998779296875,219619,0.0,0.0
2023-09-01 09:30:00-04:00,49.0,49.09000015258789,48.630001068115234,48.93000030517578,72027,0.0,0.0
2023-09-01 10:30:00-04:00,48.93000030517578,48.9900016784668,48.83000183105469,48.93330001831055,35077,0.0,0.0
2023-09-01 11:30:00-04:00,48.93000030517578,49.099998474121094,48.93000030517578,49.0099983215332,30603,0.0,0.0
2023-09-01 12:30:00-04:00,49.0,49.150001525878906,48.880001068115234,49.150001525878906,32589,0.0,0.0
2023-09-01 13:30:00-04:00,49.150001525878906,49.20000076293945,49.040000915527344,49.07500076293945,25779,0.0,0.0
2023-09-01 14:30:00-04:00,49.06999969482422,49.130001068115234,49.0099983215332,49.099998474121094,36390,0.0,0.0
2023-09-01 15:30:00-04:00,49.099998474121094,49.119998931884766,49.0,49.02000045776367,136757,0.0,0.0
2023-09-05 09:30:00-04:00,48.900001525878906,49.21500015258789,48.900001525878906,49.0099983215332,51113,0.0,0.0
2023-09-05 10:30:00-04:00,49.029998779296875,49.04999923706055,48.849998474121094,48.93000030517578,31118,0.0,0.0
2023-09-05 11:30:00-04:00,48.88999938964844,48.939998626708984,48.845001220703125,48.90999984741211,27985,0.0,0.0
2023-09-05 12:30:00-04:00,48.91360092163086,49.02000045776367,48.68000030517578,48.720001220703125,54409,0.0,0.0
2023-09-05 13:30:00-04:00,48.720001220703125,48.724998474121094,48.599998474121094,48.70399856567383,49983,0.0,0.0
2023-09-05 14:30:00-04:00,48.709999084472656,48.86000061035156,48.689998626708984,48.810001373291016,77530,0.0,0.0
2023-09-05 15:30:00-04:00,48.810001373291016,48.86000061035156,48.779998779296875,48.779998779296875,127672,0.0,0.0
2023-09-06 09:30:00-04:00,48.54999923706055,48.9900016784668,48.5099983215332,48.83000183105469,50239,0.0,0.0
2023-09-06 10:30:00-04:00,48.84000015258789,48.970001220703125,48.75,48.810001373291016,45188,0.0,0.0
2023-09-06 11:30:00-04:00,48.79999923706055,48.79999923706055,48.70000076293945,48.720001220703125,32163,0.0,0.0
2023-09-06 12:30:00-04:00,48.709999084472656,48.72010040283203,48.599998474121094,48.665000915527344,51348,0.0,0.0
2023-09-06 13:30:00-04:00,48.64500045776367,48.9900016784668,48.61000061035156,48.97999954223633,52632,0.0,0.0
2023-09-06 14:30:00-04:00,48.970001220703125,49.32500076293945,48.970001220703125,49.279998779296875,76929,0.0,0.0
2023-09-06 15:30:00-04:00,49.279998779296875,49.380001068115234,49.27000045776367,49.31999969482422,195956,0.0,0.0
2023-09-07 09:30:00-04:00,48.970001220703125,49.31999969482422,48.66999816894531,48.72999954223633,65877,0.0,0.0
2023-09-07 10:30:00-04:00,48.70500183105469,48.810001373291016,48.61000061035156,48.68000030517578,64863,0.0,0.0
2023-09-07 11:30:00-04:00,48.68000030517578,48.71500015258789,48.540000915527344,48.60499954223633,59130,0.0,0.0
2023-09-07 12:30:00-04:00,48.595001220703125,48.619998931884766,48.45000076293945,48.619998931884766,48152,0.0,0.0
2023-09-07 13:30:00-04:00,48.619998931884766,48.63999938964844,48.505001068115234,48.5099983215332,48015,0.0,0.0
2023-09-07 14:30:00-04:00,48.5099983215332,48.53499984741211,48.279998779296875,48.33000183105469,119037,0.0,0.0
2023-09-07 15:30:00-04:00,48.33000183105469,48.34000015258789,48.20000076293945,48.22999954223633,221081,0.0,0.0
2023-09-08 09:30:00-04:00,48.40999984741211,48.54999923706055,48.220001220703125,48.459999084472656,48921,0.0,0.0
2023-09-08 10:30:00-04:00,48.470001220703125,48.4900016784668,48.33250045776367,48.33250045776367,43141,0.0,0.0
2023-09-08 11:30:00-04:00,48.32500076293945,48.369998931884766,48.279998779296875,48.30500030517578,35955,0.0,0.0
2023-09-08 12:30:00-04:00,48.29999923706055,48.31999969482422,48.19499969482422,48.19499969482422,36806,0.0,0.0
2023-09-08 13:30:00-04:00,48.189998626708984,48.22999954223633,48.14500045776367,48.14500045776367,37661,0.0,0.0
2023-09-08 14:30:00-04:00,48.150001525878906,48.154998779296875,48.06999969482422,48.09000015258789,39252,0.0,0.0
2023-09-08 15:30:00-04:00,48.08000183105469,48.119998931884766,48.02000045776367,48.040000915527344,88763,0.0,0.0
2023-09-11 09:30:00-04:00,48.31999969482422,48.689998626708984,48.2400016784668,48.689998626708984,41397,0.0,0.0
2023-09-11 10:30:00-04:00,48.66999816894531,48.880001068115234,48.630001068115234,48.869998931884766,31483,0.0,0.0
2023-09-11 11:30:00-04:00,48.84000015258789,49.20000076293945,48.84000015258789,49.13999938964844,55646,0.0,0.0
2023-09-11 12:30:00-04:00,49.1349983215332,49.22999954223633,49.08000183105469,49.19499969482422,25575,0.0,0.0
2023-09-11 13:30:00-04:00,49.18000030517578,49.220001220703125,49.05500030517578,49.08000183105469,43797,0.0,0.0
2023-09-11 14:30:00-04:00,49.09000015258789,49.09000015258789,48.970001220703125,49.02000045776367,34047,0.0,0.0
2023-09-11 15:30:00-04:00,49.0099983215332,49.06999969482422,48.95500183105469,48.98500061035156,137317,0.0,0.0
2023-09-12 09:30:00-04:00,49.09000015258789,49.310001373291016,49.0,49.09000015258789,28187,0.0,0.0
2023-09-12 10:30:00-04:00,49.08000183105469,49.279998779296875,49.07500076293945,49.25,38058,0.0,0.0
2023-09-12 11:30:00-04:00,49.2599983215332,49.36000061035156,49.2400016784668,49.36000061035156,18237,0.0,0.0
2023-09-12 12:30:00-04:00,49.34000015258789,49.459999084472656,49.334999084472656,49.45000076293945,30396,0.0,0.0
2023-09-12 13:30:00-04:00,49.45500183105469,49.459999084472656,49.345001220703125,49.349998474121094,23732,0.0,0.0
2023-09-12 14:30:00-04:00,49.34000015258789,49.380001068115234,49.22999954223633,49.22999954223633,28747,0.0,0.0
2023-09-12 15:30:00-04:00,49.22999954223633,49.279998779296875,49.20000076293945,49.2400016784668,82189,0.0,0.0
2023-09-13 09:30:00-04:00,49.40999984741211,49.54999923706055,49.224998474121094,49.34000015258789,39816,0.0,0.0
2023-09-13 10:30:00-04:00,49.349998474121094,49.689998626708984,49.349998474121094,49.58250045776367,38212,0.0,0.0
2023-09-13 11:30:00-04:00,49.58000183105469,49.589900970458984,49.369998931884766,49.41999816894531,27534,0.0,0.0
2023-09-13 12:30:00-04:00,49.43000030517578,49.435001373291016,49.34000015258789,49.375,25469,0.0,0.0
2023-09-13 13:30:00-04:00,49.36000061035156,49.36000061035156,49.220001220703125,49.2599983215332,31800,0.0,0.0
2023-09-13 14:30:00-04:00,49.2599983215332,49.279998779296875,49.130001068115234,49.20000076293945,29042,0.0,0.0
2023-09-13 15:30:00-04:00,49.20000076293945,49.404998779296875,49.20000076293945,49.369998931884766,95661,0.0,0.0
2023-09-14 09:30:00-04:00,49.790000915527344,50.040000915527344,49.709999084472656,49.88999938964844,40592,0.0,0.0
2023-09-14 10:30:00-04:00,49.880001068115234,50.209999084472656,49.880001068115234,50.099998474121094,30783,0.0,0.0
2023-09-14 11:30:00-04:00,50.11000061035156,50.27000045776367,50.029998779296875,50.27000045776367,25735,0.0,0.0
2023-09-14 12:30:00-04:00,50.27000045776367,50.40999984741211,50.27000045776367,50.40999984741211,38183,0.0,0.0
2023-09-14 13:30:00-04:00,50.41999816894531,50.439998626708984,50.34000015258789,50.40999984741211,15562,0.0,0.0
2023-09-14 14:30:00-04:00,50.40999984741211,50.470001220703125,50.380001068115234,50.45000076293945,60797,0.0,0.0
2023-09-14 15:30:00-04:00,50.45000076293945,50.459999084472656,50.33000183105469,50.345001220703125,141959,0.0,0.0
2023-09-15 09:30:00-04:00,50.15999984741211,50.5,50.15999984741211,50.38999938964844,32562,0.0,0.0
2023-09-15 10:30:00-04:00,50.380001068115234,50.474998474121094,50.29999923706055,50.32500076293945,41872,0.0,0.0
2023-09-15 11:30:00-04:00,50.33000183105469,50.369998931884766,50.279998779296875,50.34000015258789,22028,0.0,0.0
2023-09-15 12:30:00-04:00,50.334999084472656,50.380001068115234,50.255001068115234,50.30500030517578,25429,0.0,0.0
2023-09-15 13:30:00-04:00,50.29999923706055,50.43000030517578,50.2599983215332,50.400001525878906,36100,0.0,0.0
2023-09-15 14:30:00-04:00,50.400001525878906,50.5099983215332,50.400001525878906,50.45500183105469,34128,0.0,0.0
2023-09-15 15:30:00-04:00,50.46500015258789,50.77000045776367,50.404998779296875,50.56999969482422,370947,0.0,0.0
2023-09-18 09:30:00-04:00,50.5099983215332,50.779998779296875,50.40999984741211,50.56999969482422,46318,0.0,0.0
2023-09-18 10:30:00-04:00,50.59000015258789,50.709999084472656,50.41999816894531,50.470001220703125,22978,0.0,0.0
2023-09-18 11:30:00-04:00,50.470001220703125,50.58000183105469,50.459999084472656,50.52000045776367,33079,0.0,0.0
2023-09-18 12:30:00-04:00,50.54499816894531,50.56999969482422,50.4900016784668,50.540000915527344,20083,0.0,0.0
2023-09-18 13:30:00-04:00,50.54999923706055,50.560001373291016,50.38999938964844,50.439998626708984,22302,0.0,0.0
2023-09-18 14:30:00-04:00,50.439998626708984,50.5099983215332,50.439998626708984,50.5099983215332,27155,0.0,0.0
2023-09-18 15:30:00-04:00,50.505001068115234,50.529998779296875,50.43000030517578,50.459999084472656,79650,0.0,0.0
2023-09-19 09:30:00-04:00,50.709999084472656,50.88999938964844,50.577999114990234,50.61000061035156,47688,0.0,0.0
2023-09-19 10:30:00-04:00,50.599998474121094,50.689998626708984,50.52000045776367,50.63999938964844,35884,0.0,0.0
2023-09-19 11:30:00-04:00,50.630001068115234,50.709999084472656,50.540000915527344,50.54999923706055,20835,0.0,0.0
2023-09-19 12:30:00-04:00,50.540000915527344,50.56999969482422,50.5099983215332,50.56999969482422,20658,0.0,0.0
2023-09-19 13:30:00-04:00,50.599998474121094,50.63999938964844,50.540000915527344,50.56999969482422,19240,0.0,0.0
2023-09-19 14:30:00-04:00,50.56999969482422,50.619998931884766,50.4900016784668,50.560001373291016,42224,0.0,0.0
2023-09-19 15:30:00-04:00,50.560001373291016,50.599998474121094,50.45000076293945,50.459999084472656,129529,0.0,0.0
2023-09-20 09:30:00-04:00,50.61000061035156,50.790000915527344,50.400001525878906,50.720001220703125,27190,0.0,0.0
2023-09-20 10:30:00-04:00,50.70000076293945,50.79999923706055,50.689998626708984,50.709999084472656,18592,0.0,0.0
2023-09-20 11:30:00-04:00,50.70000076293945,50.71500015258789,50.599998474121094,50.70000076293945,13694,0.0,0.0
2023-09-20 12:30:00-04:00,50.70000076293945,50.75090026855469,50.650001525878906,50.650001525878906,22325,0.0,0.0
2023-09-20 13:30:00-04:00,50.650001525878906,50.66999816894531,50.47999954223633,50.60499954223633,20934,0.0,0.0
2023-09-20 14:30:00-04:00,50.59000015258789,50.65999984741211,50.43000030517578,50.5099983215332,34651,0.0,0.0
2023-09-20 15:30:00-04:00,50.5099983215332,50.5099983215332,50.36000061035156,50.369998931884766,82254,0.0,0.0
2023-09-21 09:30:00-04:00,50.15999984741211,50.22999954223633,49.599998474121094,49.869998931884766,0,0.0,0.0
2023-09-21 10:30:00-04:00,49.849998474121094,49.900001525878906,49.63999938964844,49.731201171875,47839,0.0,0.0
2023-09-21 11:30:00-04:00,49.724998474121094,49.90999984741211,49.66999816894531,49.72999954223633,35330,0.0,0.0
2023-09-21 12:30:00-04:00,49.72999954223633,49.7599983215332,49.61000061035156,49.720001220703125,25654,0.0,0.0
2023-09-21 13:30:00-04:00,49.72999954223633,49.790000915527344,49.65999984741211,49.65999984741211,25541,0.0,0.0
2023-09-21 14:30:00-04:00,49.65999984741211,49.73500061035156,49.619998931884766,49.66999816894531,47186,0.0,0.0
2023-09-21 15:30:00-04:00,49.66999816894531,49.75,49.6349983215332,49.66999816894531,203279,0.0,0.0
2023-09-22 09:30:00-04:00,49.849998474121094,50.09000015258789,49.61000061035156,50.02000045776367,39458,0.0,0.0
2023-09-22 10:30:00-04:00,50.040000915527344,50.099998474121094,49.83000183105469,49.959999084472656,24061,0.0,0.0
2023-09-22 11:30:00-04:00,49.959999084472656,49.959999084472656,49.810001373291016,49.83000183105469,29149,0.0,0.0
2023-09-22 12:30:00-04:00,49.810001373291016,49.95000076293945,49.810001373291016,49.869998931884766,19952,0.0,0.0
2023-09-22 13:30:00-04:00,49.86000061035156,49.86000061035156,49.720001220703125,49.779998779296875,13525,0.0,0.0
2023-09-22 14:30:00-04:00,49.775001525878906,49.97999954223633,49.75,49.93000030517578,34962,0.0,0.0
2023-09-22 15:30:00-04:00,49.93000030517578,49.95000076293945,49.744998931884766,49.77000045776367,79504,0.0,0.0
2023-09-25 09:30:00-04:00,49.45000076293945,49.86000061035156,49.43000030517578,49.65999984741211,29673,0.0,0.0
2023-09-25 10:30:00-04:00,49.619998931884766,49.790000915527344,49.45000076293945,49.7400016784668,14811,0.0,0.0
2023-09-25 11:30:00-04:00,49.7599983215332,49.790000915527344,49.70500183105469,49.790000915527344,21167,0.0,0.0
2023-09-25 12:30:00-04:00,49.790000915527344,49.790000915527344,49.709999084472656,49.709999084472656,17653,0.0,0.0
2023-09-25 13:30:00-04:00,49.68000030517578,49.7400016784668,49.630001068115234,49.665000915527344,16344,0.0,0.0
2023-09-25 14:30:00-04:00,49.65999984741211,49.689998626708984,49.5099983215332,49.56999969482422,32406,0.0,0.0
2023-09-25 15:30:00-04:00,49.58000183105469,49.66999816894531,49.56999969482422,49.665000915527344,55928,0.0,0.0
2023-09-26 09:30:00-04:00,49.36000061035156,49.63999938964844,49.16999816894531,49.290000915527344,42951,0.0,0.0
2023-09-26 10:30:00-04:00,49.310001373291016,49.40999984741211,49.15999984741211,49.189998626708984,43812,0.0,0.0
2023-09-26 11:30:00-04:00,49.16999816894531,49.2599983215332,49.13999938964844,49.20000076293945,30275,0.0,0.0
2023-09-26 12:30:00-04:00,49.18000030517578,49.29999923706055,49.16999816894531,49.2400016784668,29794,0.0,0.0
2023-09-26 13:30:00-04:00,49.22999954223633,49.25,49.025001525878906,49.025001525878906,25331,0.0,0.0
2023-09-26 14:30:00-04:00,49.02000045776367,49.13999938964844,49.02000045776367,49.130001068115234,33050,0.0,0.0
2023-09-26 15:30:00-04:00,49.154998779296875,49.18000030517578,49.02000045776367,49.040000915527344,85438,0.0,0.0
2023-09-27 09:30:00-04:00,49.16999816894531,49.25,48.72999954223633,48.790000915527344,50868,0.0,0.0
2023-09-27 10:30:00-04:00,48.779998779296875,48.86000061035156,48.619998931884766,48.790000915527344,48630,0.0,0.0
2023-09-27 11:30:00-04:00,48.79999923706055,48.849998474121094,48.38999938964844,48.41999816894531,35535,0.0,0.0
2023-09-27 12:30:00-04:00,48.41999816894531,48.54999923706055,48.22999954223633,48.290000915527344,31538,0.0,0.0
2023-09-27 13:30:00-04:00,48.279998779296875,48.439998626708984,48.2599983215332,48.43730163574219,27059,0.0,0.0
2023-09-27 14:30:00-04:00,48.459999084472656,48.60499954223633,48.44990158081055,48.54499816894531,37816,0.0,0.0
2023-09-27 15:30:00-04:00,48.540000915527344,48.55500030517578,48.349998474121094,48.41999816894531,139622,0.0,0.0
2023-09-28 09:30:00-04:00,48.36000061035156,48.88999938964844,48.36000061035156,48.875,32784,0.0,0.0
2023-09-28 10:30:00-04:00,48.810001373291016,48.974998474121094,48.7400016784668,48.959999084472656,28847,0.0,0.0
2023-09-28 11:30:00-04:00,48.970001220703125,49.029998779296875,48.93000030517578,49.029998779296875,23537,0.0,0.0
2023-09-28 12:30:00-04:00,49.060001373291016,49.08000183105469,48.875,48.93000030517578,20329,0.0,0.0
2023-09-28 13:30:00-04:00,48.90999984741211,48.95500183105469,48.84000015258789,48.95000076293945,25764,0.0,0.0
2023-09-28 14:30:00-04:00,48.95000076293945,49.029998779296875,48.82500076293945,49.02000045776367,42757,0.0,0.0
2023-09-28 15:30:00-04:00,49.02000045776367,49.02199935913086,48.900001525878906,48.959999084472656,74738,0.0,0.0
2023-09-29 09:30:00-04:00,49.2599983215332,49.459999084472656,48.94499969482422,49.349998474121094,68522,0.0,0.0
2023-09-29 10:30:00-04:00,49.36000061035156,49.400001525878906,49.11000061035156,49.16999816894531,39726,0.0,0.0
2023-09-29 11:30:00-04:00,49.154998779296875,49.189998626708984,48.970001220703125,49.11000061035156,40441,0.0,0.0
2023-09-29 12:30:00-04:00,49.1150016784668,49.1150016784668,48.72999954223633,48.794700622558594,31216,0.0,0.0
2023-09-29 13:30:00-04:00,48.79999923706055,48.84000015258789,48.68000030517578,48.709999084472656,34381,0.0,0.0
2023-09-29 14:30:00-04:00,48.70000076293945,48.86000061035156,48.650001525878906,48.72999954223633,49727,0.0,0.0
2023-09-29 15:30:00-04:00,48.73500061035156,48.869998931884766,48.68000030517578,48.79999923706055,432285,0.0,0.0
2023-10-02 09:30:00-04:00,48.4900016784668,48.4900016784668,47.849998474121094,47.849998474121094,68276,0.0,0.0
2023-10-02 10:30:00-04:00,47.86000061035156,47.959999084472656,47.63999938964844,47.90999984741211,55083,0.0,0.0
2023-10-02 11:30:00-04:00,47.91999816894531,47.994998931884766,47.744998931884766,47.7599983215332,54292,0.0,0.0
2023-10-02 12:30:00-04:00,47.7400016784668,47.7599983215332,47.59000015258789,47.7400016784668,27110,0.0,0.0
2023-10-02 13:30:00-04:00,47.7400016784668,47.9900016784668,47.70500183105469,47.810001373291016,43710,0.0,0.0
2023-10-02 14:30:00-04:00,47.81999969482422,47.94499969482422,47.779998779296875,47.93000030517578,65566,0.0,0.0
2023-10-02 15:30:00-04:00,47.939998626708984,48.0,47.790000915527344,47.83000183105469,149252,0.0,0.0
2023-10-03 09:30:00-04:00,47.529998779296875,47.68000030517578,46.83000183105469,46.869998931884766,76079,0.0,0.0
2023-10-03 10:30:00-04:00,46.88999938964844,46.9900016784668,46.560001373291016,46.685001373291016,46563,0.0,0.0
2023-10-03 11:30:00-04:00,46.689998626708984,46.939998626708984,46.540000915527344,46.93659973144531,46848,0.0,0.0
2023-10-03 12:30:00-04:00,46.939998626708984,46.94499969482422,46.810001373291016,46.900001525878906,46706,0.0,0.0
2023-10-03 13:30:00-04:00,46.93000030517578,46.959999084472656,46.71500015258789,46.73500061035156,50822,0.0,0.0
2023-10-03 14:30:00-04:00,46.7400016784668,46.9900016784668,46.7400016784668,46.95500183105469,73148,0.0,0.0
2023-10-03 15:30:00-04:00,46.959999084472656,47.05500030517578,46.91999816894531,46.970001220703125,148018,0.0,0.0
2023-10-04 09:30:00-04:00,47.09000015258789,47.189998626708984,46.5,46.5,68036,0.0,0.0
2023-10-04 10:30:00-04:00,46.5,47.060001373291016,46.5,47.04999923706055,87476,0.0,0.0
2023-10-04 11:30:00-04:00,47.029998779296875,47.22999954223633,46.93000030517578,47.209999084472656,36230,0.0,0.0
2023-10-04 12:30:00-04:00,47.220001220703125,47.27000045776367,47.11000061035156,47.11000061035156,24431,0.0,0.0
2023-10-04 13:30:00-04:00,47.11000061035156,47.130001068115234,46.9900016784668,47.06999969482422,20974,0.0,0.0
2023-10-04 14:30:00-04:00,47.08000183105469,47.2599983215332,47.03499984741211,47.209999084472656,31036,0.0,0.0
2023-10-04 15:30:00-04:00,47.209999084472656,47.255001068115234,47.11000061035156,47.189998626708984,108205,0.0,0.0
2023-10-05 09:30:00-04:00,47.04999923706055,47.86000061035156,47.04999923706055,47.7400016784668,60067,0.0,0.0
2023-10-05 10:30:00-04:00,47.709999084472656,47.72999954223633,47.400001525878906,47.4900016784668,49405,0.0,0.0
2023-10-05 11:30:00-04:00,47.5,47.63999938964844,47.41999816894531,47.63999938964844,33231,0.0,0.0
2023-10-05 12:30:00-04:00,47.64500045776367,47.68000030517578,47.5,47.56999969482422,29865,0.0,0.0
2023-10-05 13:30:00-04:00,47.58000183105469,47.79999923706055,47.540000915527344,47.75,27774,0.0,0.0
2023-10-05 14:30:00-04:00,47.75,47.83000183105469,47.689998626708984,47.7400016784668,51859,0.0,0.0
2023-10-05 15:30:00-04:00,47.7400016784668,47.80500030517578,47.71500015258789,47.779998779296875,99999,0.0,0.0
2023-10-06 09:30:00-04:00,47.709999084472656,48.0,47.38999938964844,47.59000015258789,63961,0.0,0.0
2023-10-06 10:30:00-04:00,47.61000061035156,48.040000915527344,47.54999923706055,48.0099983215332,71732,0.0,0.0
2023-10-06 11:30:00-04:00,47.97999954223633,48.29999923706055,47.97999954223633,48.150001525878906,35330,0.0,0.0
2023-10-06 12:30:00-04:00,48.13999938964844,48.36000061035156,48.099998474121094,48.34000015258789,27408,0.0,0.0
2023-10-06 13:30:00-04:00,48.369998931884766,48.43000030517578,48.33000183105469,48.41999816894531,39670,0.0,0.0
2023-10-06 14:30:00-04:00,48.439998626708984,48.5099983215332,48.42499923706055,48.439998626708984,59349,0.0,0.0
2023-10-06 15:30:00-04:00,48.439998626708984,48.5,48.38999938964844,48.38999938964844,148474,0.0,0.0
2023-10-09 09:30:00-04:00,48.04999923706055,48.33000183105469,48.04999923706055,48.220001220703125,20017,0.0,0.0
2023-10-09 10:30:00-04:00,48.209999084472656,48.3849983215332,48.209999084472656,48.28499984741211,0,0.0,0.0
2023-10-09 11:30:00-04:00,48.290000915527344,48.310001373291016,48.04069900512695,48.04069900512695,117502,0.0,0.0
2023-10-09 12:30:00-04:00,48.04999923706055,48.16999816894531,48.04499816894531,48.16999816894531,32403,0.0,0.0
2023-10-09 13:30:00-04:00,48.18000030517578,48.5099983215332,48.18000030517578,48.5099983215332,13612,0.0,0.0
2023-10-09 14:30:00-04:00,48.505001068115234,48.65999984741211,48.494998931884766,48.654998779296875,29484,0.0,0.0
2023-10-09 15:30:00-04:00,48.64500045776367,48.685001373291016,48.61000061035156,48.65999984741211,35955,0.0,0.0
2023-10-10 09:30:00-04:00,48.91999816894531,49.2760009765625,48.720001220703125,49.2599983215332,30173,0.0,0.0
2023-10-10 10:30:00-04:00,49.209999084472656,49.220001220703125,49.02000045776367,49.11000061035156,28094,0.0,0.0
2023-10-10 11:30:00-04:00,49.11000061035156,49.220001220703125,49.07500076293945,49.209999084472656,17945,0.0,0.0
2023-10-10 12:30:00-04:00,49.189998626708984,49.20000076293945,48.72999954223633,48.75,70558,0.0,0.0
2023-10-10 13:30:00-04:00,48.75,48.89500045776367,48.709999084472656,48.83000183105469,31602,0.0,0.0
2023-10-10 14:30:00-04:00,48.83000183105469,48.880001068115234,48.7400016784668,48.775001525878906,58675,0.0,0.0
2023-10-10 15:30:00-04:00,48.779998779296875,48.84000015258789,48.72999954223633,48.75,120343,0.0,0.0
2023-10-11 09:30:00-04:00,48.88999938964844,49.5,48.880001068115234,49.4900016784668,36356,0.0,0.0
2023-10-11 10:30:00-04:00,49.47999954223633,49.540000915527344,49.31999969482422,49.40999984741211,29372,0.0,0.0
2023-10-11 11:30:00-04:00,49.400001525878906,49.41999816894531,49.16999816894531,49.209999084472656,18467,0.0,0.0
2023-10-11 12:30:00-04:00,49.2400016784668,49.31999969482422,49.209999084472656,49.22999954223633,20833,0.0,0.0
2023-10-11 13:30:00-04:00,49.20000076293945,49.404998779296875,49.15999984741211,49.36000061035156,23298,0.0,0.0
2023-10-11 14:30:00-04:00,49.38999938964844,49.595001220703125,49.38999938964844,49.59000015258789,46921,0.0,0.0
2023-10-11 15:30:00-04:00,49.560001373291016,49.76499938964844,49.54999923706055,49.72999954223633,128103,0.0,0.0
2023-10-12 09:30:00-04:00,49.7400016784668,49.779998779296875,49.119998931884766,49.130001068115234,37932,0.0,0.0
2023-10-12 10:30:00-04:00,49.130001068115234,49.22999954223633,49.119998931884766,49.209999084472656,29509,0.0,0.0
2023-10-12 11:30:00-04:00,49.18000030517578,49.29499816894531,49.06999969482422,49.279998779296875,27319,0.0,0.0
2023-10-12 12:30:00-04:00,49.29999923706055,49.29999923706055,48.90999984741211,48.92499923706055,43410,0.0,0.0
2023-10-12 13:30:00-04:00,48.91999816894531,48.95000076293945,48.66999816894531,48.84000015258789,33623,0.0,0.0
2023-10-12 14:30:00-04:00,48.827301025390625,48.91999816894531,48.810001373291016,48.88999938964844,44176,0.0,0.0
2023-10-12 15:30:00-04:00,48.900001525878906,48.970001220703125,48.86000061035156,48.95000076293945,96503,0.0,0.0
2023-10-13 09:30:00-04:00,49.119998931884766,49.5099983215332,49.09000015258789,49.220001220703125,26102,0.0,0.0
2023-10-13 10:30:00-04:00,49.15999984741211,49.255001068115234,48.84000015258789,48.869998931884766,22510,0.0,0.0
2023-10-13 11:30:00-04:00,48.91999816894531,48.970001220703125,48.83000183105469,48.959999084472656,23210,0.0,0.0
2023-10-13 12:30:00-04:00,48.939998626708984,48.970001220703125,48.61000061035156,48.619998931884766,41748,0.0,0.0
2023-10-13 13:30:00-04:00,48.61000061035156,48.83000183105469,48.599998474121094,48.7599983215332,31099,0.0,0.0
2023-10-13 14:30:00-04:00,48.755001068115234,48.81999969482422,48.654998779296875,48.79999923706055,77103,0.0,0.0
2023-10-13 15:30:00-04:00,48.80500030517578,48.869998931884766,48.72999954223633,48.83000183105469,89113,0.0,0.0
2023-10-16 09:30:00-04:00,49.20000076293945,49.5099983215332,49.09000015258789,49.47999954223633,61601,0.0,0.0
2023-10-16 10:30:00-04:00,49.470001220703125,49.540000915527344,49.38999938964844,49.400001525878906,49204,0.0,0.0
2023-10-16 11:30:00-04:00,49.35499954223633,49.40999984741211,49.279998779296875,49.349998474121094,45782,0.0,0.0
2023-10-16 12:30:00-04:00,49.349998474121094,49.38999938964844,49.15999984741211,49.279998779296875,38001,0.0,0.0
2023-10-16 13:30:00-04:00,49.279998779296875,49.40999984741211,49.2400016784668,49.2400016784668,61485,0.0,0.0
2023-10-16 14:30:00-04:00,49.2400016784668,49.310001373291016,49.2400016784668,49.27000045776367,53184,0.0,0.0
2023-10-16 15:30:00-04:00,49.279998779296875,49.290000915527344,49.16999816894531,49.189998626708984,134014,0.0,0.0
2023-10-17 09:30:00-04:00,48.779998779296875,48.93000030517578,48.61000061035156,48.84000015258789,81204,0.0,0.0
2023-10-17 10:30:00-04:00,48.84000015258789,49.0099983215332,48.77000045776367,49.0099983215332,51066,0.0,0.0
2023-10-17 11:30:00-04:00,49.0,49.40999984741211,48.98500061035156,49.40999984741211,39190,0.0,0.0
2023-10-17 12:30:00-04:00,49.400001525878906,49.400001525878906,49.25,49.2599983215332,34167,0.0,0.0
2023-10-17 13:30:00-04:00,49.27000045776367,49.279998779296875,49.06999969482422,49.11000061035156,29699,0.0,0.0
2023-10-17 14:30:00-04:00,49.11000061035156,49.20500183105469,49.060001373291016,49.154998779296875,35958,0.0,0.0
2023-10-17 15:30:00-04:00,49.15999984741211,49.15999984741211,49.06999969482422,49.09000015258789,86854,0.0,0.0
2023-10-18 09:30:00-04:00,48.810001373291016,48.810001373291016,48.349998474121094,48.58000183105469,48368,0.0,0.0
2023-10-18 10:30:00-04:00,48.529998779296875,48.58000183105469,48.32500076293945,48.369998931884766,35801,0.0,0.0
2023-10-18 11:30:00-04:00,48.36000061035156,48.40999984741211,48.220001220703125,48.255001068115234,28927,0.0,0.0
2023-10-18 12:30:00-04:00,48.2599983215332,48.369998931884766,48.13999938964844,48.27000045776367,23760,0.0,0.0
2023-10-18 13:30:00-04:00,48.27000045776367,48.380001068115234,48.11000061035156,48.25,28923,0.0,0.0
2023-10-18 14:30:00-04:00,48.25,48.31999969482422,48.09000015258789,48.1150016784668,71512,0.0,0.0
2023-10-18 15:30:00-04:00,48.119998931884766,48.20000076293945,48.06999969482422,48.130001068115234,117777,0.0,0.0
2023-10-19 09:30:00-04:00,47.9900016784668,48.04999923706055,47.630001068115234,47.630001068115234,42786,0.0,0.0
2023-10-19 10:30:00-04:00,47.619998931884766,47.70000076293945,47.45000076293945,47.52000045776367,45046,0.0,0.0
2023-10-19 11:30:00-04:00,47.53499984741211,47.779998779296875,47.400001525878906,47.47999954223633,79397,0.0,0.0
2023-10-19 12:30:00-04:00,47.45000076293945,47.68000030517578,47.13999938964844,47.560001373291016,56878,0.0,0.0
2023-10-19 13:30:00-04:00,47.59000015258789,47.619998931884766,47.279998779296875,47.310001373291016,44050,0.0,0.0
2023-10-19 14:30:00-04:00,47.310001373291016,47.310001373291016,46.91999816894531,46.959999084472656,79580,0.0,0.0
2023-10-19 15:30:00-04:00,46.95500183105469,46.970001220703125,46.744998931884766,46.75,119453,0.0,0.0
2023-10-20 09:30:00-04:00,46.70000076293945,46.880001068115234,46.04999923706055,46.06999969482422,73544,0.0,0.0
2023-10-20 10:30:00-04:00,46.06999969482422,46.29999923706055,46.029998779296875,46.209999084472656,67266,0.0,0.0
2023-10-20 11:30:00-04:00,46.189998626708984,46.423500061035156,46.1349983215332,46.36000061035156,52714,0.0,0.0
2023-10-20 12:30:00-04:00,46.34000015258789,46.52000045776367,46.31999969482422,46.47999954223633,54570,0.0,0.0
2023-10-20 13:30:00-04:00,46.52000045776367,46.52000045776367,46.11000061035156,46.15999984741211,55613,0.0,0.0
2023-10-20 14:30:00-04:00,46.150001525878906,46.189998626708984,46.02000045776367,46.04999923706055,57277,0.0,0.0
2023-10-20 15:30:00-04:00,46.04999923706055,46.084999084472656,45.970001220703125,46.0,141073,0.0,0.0
2023-10-23 09:30:00-04:00,45.810001373291016,46.0099983215332,45.59000015258789,45.79999923706055,53527,0.0,0.0
2023-10-23 10:30:00-04:00,45.790000915527344,45.959999084472656,45.66999816894531,45.92499923706055,44803,0.0,0.0
2023-10-23 11:30:00-04:00,45.959999084472656,46.439998626708984,45.94499969482422,46.33000183105469,77137,0.0,0.0
2023-10-23 12:30:00-04:00,46.30979919433594,46.459999084472656,46.279998779296875,46.345001220703125,39247,0.0,0.0
2023-10-23 13:30:00-04:00,46.34000015258789,46.38999938964844,46.22999954223633,46.2599983215332,56558,0.0,0.0
2023-10-23 14:30:00-04:00,46.26499938964844,46.40999984741211,46.06999969482422,46.06999969482422,69596,0.0,0.0
2023-10-23 15:30:00-04:00,46.04999923706055,46.15999984741211,45.97999954223633,46.0,146004,0.0,0.0
2023-10-24 09:30:00-04:00,45.970001220703125,46.0099983215332,45.56999969482422,45.970001220703125,75979,0.0,0.0
2023-10-24 10:30:00-04:00,45.959999084472656,46.02000045776367,45.630001068115234,45.64070129394531,57200,0.0,0.0
2023-10-24 11:30:00-04:00,45.650001525878906,45.77000045776367,45.560001373291016,45.560001373291016,33622,0.0,0.0
2023-10-24 12:30:00-04:00,45.56999969482422,45.59000015258789,45.459999084472656,45.525001525878906,28499,0.0,0.0
2023-10-24 13:30:00-04:00,45.529998779296875,45.66999816894531,45.52000045776367,45.66999816894531,35721,0.0,0.0
2023-10-24 14:30:00-04:00,45.68000030517578,45.709999084472656,45.54499816894531,45.54999923706055,50237,0.0,0.0
2023-10-24 15:30:00-04:00,45.54999923706055,45.70000076293945,45.53499984741211,45.599998474121094,151945,0.0,0.0
2023-10-25 09:30:00-04:00,45.439998626708984,45.81999969482422,45.40999984741211,45.68000030517578,29851,0.0,0.0
2023-10-25 10:30:00-04:00,45.630001068115234,46.130001068115234,45.630001068115234,46.029998779296875,64252,0.0,0.0
2023-10-25 11:30:00-04:00,46.005001068115234,46.040000915527344,45.689998626708984,45.7400016784668,44679,0.0,0.0
2023-10-25 12:30:00-04:00,45.72999954223633,45.75,45.470001220703125,45.55500030517578,68937,0.0,0.0
2023-10-25 13:30:00-04:00,45.540000915527344,45.5900993347168,45.45000076293945,45.540000915527344,50713,0.0,0.0
2023-10-25 14:30:00-04:00,45.56999969482422,45.59000015258789,45.459999084472656,45.540000915527344,59487,0.0,0.0
2023-10-25 15:30:00-04:00,45.53499984741211,45.53499984741211,45.435001373291016,45.4900016784668,105223,0.0,0.0
2023-10-26 09:30:00-04:00,45.41999816894531,45.83000183105469,45.33000183105469,45.79999923706055,97056,0.0,0.0
2023-10-26 10:30:00-04:00,45.779998779296875,45.900001525878906,45.619998931884766,45.68000030517578,68688,0.0,0.0
2023-10-26 11:30:00-04:00,45.685001373291016,45.77000045776367,45.51210021972656,45.54999923706055,51220,0.0,0.0
2023-10-26 12:30:00-04:00,45.560001373291016,45.599998474121094,45.41999816894531,45.470001220703125,60573,0.0,0.0
2023-10-26 13:30:00-04:00,45.470001220703125,45.619998931884766,45.43000030517578,45.56999969482422,61357,0.0,0.0
2023-10-26 14:30:00-04:00,45.58000183105469,45.665000915527344,45.4900016784668,45.5,88542,0.0,0.0
2023-10-26 15:30:00-04:00,45.4900016784668,45.52000045776367,45.39500045776367,45.40999984741211,126048,0.0,0.0
2023-10-27 09:30:00-04:00,45.5,45.650001525878906,44.93000030517578,44.959999084472656,49930,0.0,0.0
2023-10-27 10:30:00-04:00,44.939998626708984,45.150001525878906,44.790000915527344,45.119998931884766,72755,0.0,0.0
2023-10-27 11:30:00-04:00,45.11000061035156,45.150001525878906,45.0,45.029998779296875,36156,0.0,0.0
2023-10-27 12:30:00-04:00,45.0099983215332,45.11000061035156,44.810001373291016,44.83000183105469,35962,0.0,0.0
2023-10-27 13:30:00-04:00,44.81999969482422,44.81999969482422,44.68000030517578,44.68000030517578,67332,0.0,0.0
2023-10-27 14:30:00-04:00,44.689998626708984,44.79999923706055,44.56999969482422,44.654998779296875,98090,0.0,0.0
2023-10-27 15:30:00-04:00,44.654998779296875,44.75,44.61000061035156,44.7400016784668,155567,0.0,0.0
2023-10-30 09:30:00-04:00,45.13999938964844,45.869998931884766,45.13999938964844,45.27000045776367,93549,0.0,0.0
2023-10-30 10:30:00-04:00,45.25,45.38999938964844,45.15999984741211,45.18000030517578,65436,0.0,0.0
2023-10-30 11:30:00-04:00,45.189998626708984,45.41999816894531,45.189998626708984,45.36000061035156,38781,0.0,0.0
2023-10-30 12:30:00-04:00,45.3849983215332,45.54999923706055,45.33000183105469,45.540000915527344,28532,0.0,0.0
2023-10-30 13:30:00-04:00,45.56999969482422,45.61000061035156,45.5099983215332,45.540000915527344,30755,0.0,0.0
2023-10-30 14:30:00-04:00,45.540000915527344,45.65999984741211,45.540000915527344,45.56999969482422,60131,0.0,0.0
2023-10-30 15:30:00-04:00,45.56999969482422,45.584999084472656,45.47999954223633,45.4900016784668,100965,0.0,0.0
2023-10-31 09:30:00-04:00,45.61000061035156,45.68000030517578,45.2400016784668,45.43000030517578,41242,0.0,0.0
2023-10-31 10:30:00-04:00,45.45000076293945,45.494998931884766,45.279998779296875,45.41999816894531,68090,0.0,0.0
2023-10-31 11:30:00-04:00,45.41999816894531,45.459999084472656,45.20000076293945,45.29999923706055,73416,0.0,0.0
2023-10-31 12:30:00-04:00,45.310001373291016,45.564998626708984,45.290000915527344,45.564998626708984,58596,0.0,0.0
2023-10-31 13:30:00-04:00,45.57500076293945,45.68000030517578,45.529998779296875,45.529998779296875,47378,0.0,0.0
2023-10-31 14:30:00-04:00,45.529998779296875,45.709999084472656,45.52000045776367,45.56999969482422,101771,0.0,0.0
2023-10-31 15:30:00-04:00,45.56999969482422,45.70000076293945,45.459999084472656,45.650001525878906,199471,0.0,0.0
2023-11-01 09:30:00-04:00,45.7599983215332,46.279998779296875,45.459999084472656,46.2599983215332,57696,0.0,0.0
2023-11-01 10:30:00-04:00,46.220001220703125,46.31999969482422,45.95000076293945,46.0,33557,0.0,0.0
2023-11-01 11:30:00-04:00,45.9900016784668,46.06999969482422,45.790000915527344,45.79499816894531,36513,0.0,0.0
2023-11-01 12:30:00-04:00,45.779998779296875,45.88999938964844,45.70000076293945,45.875,38719,0.0,0.0
2023-11-01 13:30:00-04:00,45.869998931884766,45.93000030517578,45.709999084472656,45.84000015258789,46429,0.0,0.0
2023-11-01 14:30:00-04:00,45.83000183105469,46.154998779296875,45.779998779296875,46.099998474121094,145248,0.0,0.0
2023-11-01 15:30:00-04:00,46.095001220703125,46.20000076293945,46.0099983215332,46.130001068115234,165054,0.0,0.0
2023-11-02 09:30:00-04:00,46.70000076293945,47.040000915527344,46.70000076293945,46.9900016784668,43464,0.0,0.0
2023-11-02 10:30:00-04:00,47.0099983215332,47.189998626708984,46.880001068115234,46.89500045776367,65998,0.0,0.0
2023-11-02 11:30:00-04:00,46.880001068115234,47.13999938964844,46.81999969482422,47.130001068115234,49860,0.0,0.0
2023-11-02 12:30:00-04:00,47.130001068115234,47.27000045776367,47.029998779296875,47.27000045776367,43420,0.0,0.0
2023-11-02 13:30:00-04:00,47.279998779296875,47.470001220703125,47.279998779296875,47.45000076293945,80953,0.0,0.0
2023-11-02 14:30:00-04:00,47.46500015258789,47.529998779296875,47.40999984741211,47.439998626708984,61872,0.0,0.0
2023-11-02 15:30:00-04:00,47.45000076293945,47.54999923706055,47.40999984741211,47.47999954223633,179212,0.0,0.0
2023-11-03 09:30:00-04:00,47.709999084472656,48.099998474121094,47.619998931884766,47.86000061035156,39803,0.0,0.0
2023-11-03 10:30:00-04:00,47.849998474121094,48.154998779296875,47.81999969482422,48.095001220703125,43285,0.0,0.0
2023-11-03 11:30:00-04:00,48.11000061035156,48.2599983215332,48.099998474121094,48.25310134887695,33739,0.0,0.0
2023-11-03 12:30:00-04:00,48.25,48.34000015258789,48.16999816894531,48.17499923706055,38649,0.0,0.0
2023-11-03 13:30:00-04:00,48.209999084472656,48.22999954223633,48.1150016784668,48.209999084472656,36628,0.0,0.0
2023-11-03 14:30:00-04:00,48.220001220703125,48.29999923706055,48.19499969482422,48.220001220703125,39415,0.0,0.0
2023-11-03 15:30:00-04:00,48.209999084472656,48.21419906616211,48.0099983215332,48.029998779296875,100314,0.0,0.0
2023-11-06 09:30:00-05:00,48.130001068115234,48.36000061035156,47.61000061035156,47.66999816894531,49113,0.0,0.0
2023-11-06 10:30:00-05:00,47.689998626708984,47.849998474121094,47.63999938964844,47.84000015258789,34497,0.0,0.0
2023-11-06 11:30:00-05:00,47.79499816894531,47.97999954223633,47.779998779296875,47.83000183105469,33366,0.0,0.0
2023-11-06 12:30:00-05:00,47.84450149536133,47.84450149536133,47.68000030517578,47.720001220703125,25137,0.0,0.0
2023-11-06 13:30:00-05:00,47.72999954223633,47.77000045776367,47.61000061035156,47.650001525878906,34313,0.0,0.0
2023-11-06 14:30:00-05:00,47.650001525878906,47.68000030517578,47.61000061035156,47.61000061035156,67717,0.0,0.0
2023-11-06 15:30:00-05:00,47.61050033569336,47.75,47.58000183105469,47.75,214456,0.0,0.0
2023-11-07 09:30:00-05:00,47.5,47.5,46.97999954223633,47.13999938964844,46418,0.0,0.0
2023-11-07 10:30:00-05:00,47.13999938964844,47.13999938964844,46.959999084472656,46.96500015258789,33681,0.0,0.0
2023-11-07 11:30:00-05:00,46.970001220703125,47.060001373291016,46.83000183105469,46.83000183105469,40425,0.0,0.0
2023-11-07 12:30:00-05:00,46.79999923706055,46.96500015258789,46.7599983215332,46.93000030517578,75321,0.0,0.0
2023-11-07 13:30:00-05:00,46.95000076293945,47.029998779296875,46.91999816894531,47.010101318359375,38299,0.0,0.0
2023-11-07 14:30:00-05:00,47.02000045776367,47.03499984741211,46.939998626708984,47.0099983215332,87813,0.0,0.0
2023-11-07 15:30:00-05:00,47.0,47.16999816894531,47.0,47.13999938964844,168572,0.0,0.0
2023-11-08 09:30:00-05:00,47.310001373291016,47.43000030517578,47.099998474121094,47.220001220703125,0,0.0,0.0
2023-11-08 10:30:00-05:00,47.27000045776367,47.27000045776367,46.97999954223633,46.97999954223633,58378,0.0,0.0
2023-11-08 11:30:00-05:00,46.970001220703125,47.0,46.720001220703125,46.83000183105469,32217,0.0,0.0
2023-11-08 12:30:00-05:00,46.84000015258789,46.904998779296875,46.755001068115234,46.79999923706055,95185,0.0,0.0
2023-11-08 13:30:00-05:00,46.79999923706055,46.89500045776367,46.79999923706055,46.849998474121094,85572,0.0,0.0
2023-11-08 14:30:00-05:00,46.85499954223633,46.869998931884766,46.70009994506836,46.720001220703125,98782,0.0,0.0
2023-11-08 15:30:00-05:00,46.720001220703125,46.970001220703125,46.689998626708984,46.93000030517578,225172,0.0,0.0
2023-11-09 09:30:00-05:00,47.29999923706055,47.849998474121094,47.279998779296875,47.70500183105469,79714,0.0,0.0
2023-11-09 10:30:00-05:00,47.689998626708984,47.959999084472656,47.61000061035156,47.80500030517578,42851,0.0,0.0
2023-11-09 11:30:00-05:00,47.77000045776367,47.84000015258789,47.63999938964844,47.720001220703125,54893,0.0,0.0
2023-11-09 12:30:00-05:00,47.720001220703125,47.7400016784668,47.43000030517578,47.560001373291016,44859,0.0,0.0
2023-11-09 13:30:00-05:00,47.5,47.51499938964844,47.279998779296875,47.369998931884766,44072,0.0,0.0
2023-11-09 14:30:00-05:00,47.36000061035156,47.40999984741211,47.2599983215332,47.279998779296875,101267,0.0,0.0
2023-11-09 15:30:00-05:00,47.29999923706055,47.41999816894531,47.22999954223633,47.41999816894531,109765,0.0,0.0
2023-11-10 09:30:00-05:00,47.540000915527344,47.709999084472656,47.27000045776367,47.279998779296875,41943,0.0,0.0
2023-11-10 10:30:00-05:00,47.27000045776367,47.5,47.20000076293945,47.45000076293945,33763,0.0,0.0
2023-11-10 11:30:00-05:00,47.459999084472656,47.4900016784668,47.349998474121094,47.40999984741211,33369,0.0,0.0
2023-11-10 12:30:00-05:00,47.439998626708984,47.54499816894531,47.380001068115234,47.415000915527344,36290,0.0,0.0
2023-11-10 13:30:00-05:00,47.43000030517578,47.5099983215332,47.380001068115234,47.474998474121094,40952,0.0,0.0
2023-11-10 14:30:00-05:00,47.47999954223633,47.56999969482422,47.459999084472656,47.56999969482422,33245,0.0,0.0
2023-11-10 15:30:00-05:00,47.560001373291016,47.63999938964844,47.525001525878906,47.630001068115234,150187,0.0,0.0
2023-11-13 09:30:00-05:00,47.529998779296875,47.900001525878906,47.529998779296875,47.86000061035156,51809,0.0,0.0
2023-11-13 10:30:00-05:00,47.849998474121094,48.02000045776367,47.810001373291016,47.994998931884766,25501,0.0,0.0
2023-11-13 11:30:00-05:00,47.9900016784668,48.099998474121094,47.9900016784668,48.0,28322,0.0,0.0
2023-11-13 12:30:00-05:00,47.97999954223633,47.97999954223633,47.869998931884766,47.91999816894531,21927,0.0,0.0
2023-11-13 13:30:00-05:00,47.900001525878906,47.95600128173828,47.84000015258789,47.939998626708984,27449,0.0,0.0
2023-11-13 14:30:00-05:00,47.939998626708984,47.9900016784668,47.91999816894531,47.95000076293945,40697,0.0,0.0
2023-11-13 15:30:00-05:00,47.95000076293945,47.9900016784668,47.83000183105469,47.84000015258789,249607,0.0,0.0
2023-11-14 09:30:00-05:00,48.11000061035156,49.13990020751953,48.11000061035156,49.130001068115234,113611,0.0,0.0
2023-11-14 10:30:00-05:00,49.130001068115234,49.630001068115234,49.130001068115234,49.59000015258789,73119,0.0,0.0
2023-11-14 11:30:00-05:00,49.58000183105469,49.77000045776367,49.560001373291016,49.7400016784668,71238,0.0,0.0
2023-11-14 12:30:00-05:00,49.7400016784668,49.86000061035156,49.709999084472656,49.86000061035156,116342,0.0,0.0
2023-11-14 13:30:00-05:00,49.86000061035156,49.91999816894531,49.68000030517578,49.88999938964844,63746,0.0,0.0
2023-11-14 14:30:00-05:00,49.900001525878906,50.11000061035156,49.900001525878906,50.09000015258789,61840,0.0,0.0
2023-11-14 15:30:00-05:00,50.09000015258789,50.13999938964844,50.04499816894531,50.060001373291016,199261,0.0,0.0
2023-11-15 09:30:00-05:00,50.27000045776367,50.72999954223633,50.2599983215332,50.709999084472656,71588,0.0,0.0
2023-11-15 10:30:00-05:00,50.709999084472656,50.779998779296875,50.56999969482422,50.61000061035156,58841,0.0,0.0
2023-11-15 11:30:00-05:00,50.61000061035156,50.720001220703125,50.4900016784668,50.720001220703125,48947,0.0,0.0
2023-11-15 12:30:00-05:00,50.68000030517578,50.68000030517578,50.58000183105469,50.66999816894531,46646,0.0,0.0
2023-11-15 13:30:00-05:00,50.665000915527344,50.66999816894531,50.51499938964844,50.59000015258789,69631,0.0,0.0
2023-11-15 14:30:00-05:00,50.599998474121094,50.650001525878906,50.494998931884766,50.5,68532,0.0,0.0
2023-11-15 15:30:00-05:00,50.5099983215332,50.5099983215332,50.38999938964844,50.43000030517578,128503,0.0,0.0
2023-11-16 09:30:00-05:00,50.349998474121094,50.56999969482422,50.34000015258789,50.56999969482422,49024,0.0,0.0
2023-11-16 10:30:00-05:00,50.54499816894531,50.599998474121094,50.15999984741211,50.15999984741211,45291,0.0,0.0
2023-11-16 11:30:00-05:00,50.15999984741211,50.290000915527344,50.150001525878906,50.244998931884766,67102,0.0,0.0
2023-11-16 12:30:00-05:00,50.2400016784668,50.27000045776367,50.20000076293945,50.22999954223633,54748,0.0,0.0
2023-11-16 13:30:00-05:00,50.23500061035156,50.279998779296875,50.130001068115234,50.13999938964844,49273,0.0,0.0
2023-11-16 14:30:00-05:00,50.14500045776367,50.185001373291016,50.09000015258789,50.09000015258789,55164,0.0,0.0
2023-11-16 15:30:00-05:00,50.095001220703125,50.36000061035156,50.09000015258789,50.2400016784668,151939,0.0,0.0
2023-11-17 09:30:00-05:00,50.59000015258789,50.83000183105469,50.470001220703125,50.630001068115234,41948,0.0,0.0
2023-11-17 10:30:00-05:00,50.650001525878906,50.779998779296875,50.54999923706055,50.70000076293945,34138,0.0,0.0
2023-11-17 11:30:00-05:00,50.70000076293945,50.880001068115234,50.66999816894531,50.75,37745,0.0,0.0
2023-11-17 12:30:00-05:00,50.77000045776367,50.78499984741211,50.720001220703125,50.744998931884766,16010,0.0,0.0
2023-11-17 13:30:00-05:00,50.73500061035156,50.883399963378906,50.720001220703125,50.814998626708984,32915,0.0,0.0
2023-11-17 14:30:00-05:00,50.80500030517578,50.91999816894531,50.779998779296875,50.900001525878906,41911,0.0,0.0
2023-11-17 15:30:00-05:00,50.904998779296875,50.90999984741211,50.61000061035156,50.68000030517578,171499,0.0,0.0
2023-11-20 09:30:00-05:00,50.54999923706055,50.609100341796875,50.13999938964844,50.59000015258789,37557,0.0,0.0
2023-11-20 10:30:00-05:00,50.59000015258789,50.650001525878906,50.54999923706055,50.6150016784668,29393,0.0,0.0
2023-11-20 11:30:00-05:00,50.619998931884766,50.76499938964844,50.619998931884766,50.724998474121094,15428,0.0,0.0
2023-11-20 12:30:00-05:00,50.709999084472656,50.7599983215332,50.63999938964844,50.7400016784668,16989,0.0,0.0
2023-11-20 13:30:00-05:00,50.73500061035156,50.779998779296875,50.720001220703125,50.74700164794922,18659,0.0,0.0
2023-11-20 14:30:00-05:00,50.755001068115234,50.84000015258789,50.755001068115234,50.834999084472656,22087,0.0,0.0
2023-11-20 15:30:00-05:00,50.84000015258789,50.91999816894531,50.790000915527344,50.83000183105469,71504,0.0,0.0
2023-11-21 09:30:00-05:00,50.630001068115234,51.040000915527344,50.630001068115234,50.7599983215332,52406,0.0,0.0
2023-11-21 10:30:00-05:00,50.709999084472656,50.720001220703125,50.61000061035156,50.65999984741211,49780,0.0,0.0
2023-11-21 11:30:00-05:00,50.65999984741211,50.790000915527344,50.650001525878906,50.75,33009,0.0,0.0
2023-11-21 12:30:00-05:00,50.78499984741211,50.84000015258789,50.720001220703125,50.7599983215332,16927,0.0,0.0
2023-11-21 13:30:00-05:00,50.77000045776367,50.810001373291016,50.720001220703125,50.724998474121094,37013,0.0,0.0
2023-11-21 14:30:00-05:00,50.720001220703125,50.744998931884766,50.630001068115234,50.720001220703125,45911,0.0,0.0
2023-11-21 15:30:00-05:00,50.72999954223633,50.849998474121094,50.70000076293945,50.72999954223633,114102,0.0,0.0
2023-11-22 09:30:00-05:00,50.63999938964844,50.68000030517578,50.380001068115234,50.65999984741211,38591,0.0,0.0
2023-11-22 10:30:00-05:00,50.720001220703125,50.880001068115234,50.720001220703125,50.84000015258789,55636,0.0,0.0
2023-11-22 11:30:00-05:00,50.86000061035156,51.099998474121094,50.845001220703125,51.02000045776367,37551,0.0,0.0
2023-11-22 12:30:00-05:00,51.0,51.060001373291016,50.90999984741211,51.060001373291016,29804,0.0,0.0
2023-11-22 13:30:00-05:00,51.06999969482422,51.15999984741211,51.02000045776367,51.13999938964844,31853,0.0,0.0
2023-11-22 14:30:00-05:00,51.1349983215332,51.14500045776367,50.9900016784668,51.08000183105469,31273,0.0,0.0
2023-11-22 15:30:00-05:00,51.08000183105469,51.1150016784668,50.959999084472656,50.9900016784668,160813,0.0,0.0
2023-11-24 09:30:00-05:00,51.029998779296875,51.4900016784668,51.029998779296875,51.470001220703125,37939,0.0,0.0
2023-11-24 10:30:00-05:00,51.4900016784668,51.58000183105469,51.47629928588867,51.5,1024310,0.0,0.0
2023-11-24 11:30:00-05:00,51.51499938964844,51.51499938964844,51.375,51.38999938964844,37811,0.0,0.0
2023-11-27 09:30:00-05:00,51.20000076293945,51.255001068115234,51.0,51.13999938964844,35445,0.0,0.0
2023-11-27 10:30:00-05:00,51.12080001831055,51.27000045776367,51.119998931884766,51.189998626708984,2834111,0.0,0.0
2023-11-27 11:30:00-05:00,51.189998626708984,51.189998626708984,51.04999923706055,51.060001373291016,38346,0.0,0.0
2023-11-27 12:30:00-05:00,51.060001373291016,51.119998931884766,51.029998779296875,51.09000015258789,31030,0.0,0.0
2023-11-27 13:30:00-05:00,51.099998474121094,51.244998931884766,51.099998474121094,51.224998474121094,36857,0.0,0.0
2023-11-27 14:30:00-05:00,51.23500061035156,51.279998779296875,51.12990188598633,51.130001068115234,71130,0.0,0.0
2023-11-27 15:30:00-05:00,51.14540100097656,51.27000045776367,51.13999938964844,51.13999938964844,145582,0.0,0.0
2023-11-28 09:30:00-05:00,50.5099983215332,50.68000030517578,50.375,50.5,2861310,0.0,0.0
2023-11-28 10:30:00-05:00,50.47999954223633,50.7400016784668,50.459999084472656,50.650001525878906,68844,0.0,0.0
2023-11-28 11:30:00-05:00,50.63999938964844,50.70000076293945,50.54010009765625,50.54010009765625,23597,0.0,0.0
2023-11-28 12:30:00-05:00,50.52000045776367,50.58000183105469,50.33000183105469,50.459999084472656,39359,0.0,0.0
2023-11-28 13:30:00-05:00,50.470001220703125,50.56999969482422,50.470001220703125,50.4911003112793,32306,0.0,0.0
2023-11-28 14:30:00-05:00,50.505001068115234,50.54999923706055,50.459999084472656,50.4900016784668,33543,0.0,0.0
2023-11-28 15:30:00-05:00,50.5,50.60499954223633,50.470001220703125,50.47999954223633,96529,0.0,0.0
2023-11-29 09:30:00-05:00,50.5,50.689998626708984,50.2599983215332,50.310001373291016,65233,0.0,0.0
2023-11-29 10:30:00-05:00,50.349998474121094,50.47999954223633,50.27000045776367,50.41999816894531,31911,0.0,0.0
2023-11-29 11:30:00-05:00,50.400001525878906,50.45000076293945,50.33000183105469,50.45000076293945,38219,0.0,0.0
2023-11-29 12:30:00-05:00,50.45000076293945,50.540000915527344,50.44499969482422,50.540000915527344,29366,0.0,0.0
2023-11-29 13:30:00-05:00,50.529998779296875,50.529998779296875,50.439998626708984,50.45500183105469,113939,0.0,0.0
2023-11-29 14:30:00-05:00,50.459999084472656,50.47999954223633,50.27000045776367,50.27000045776367,113823,0.0,0.0
2023-11-29 15:30:00-05:00,50.2599983215332,50.349998474121094,50.244998931884766,50.29999923706055,127315,0.0,0.0
2023-11-30 09:30:00-05:00,50.45000076293945,50.45000076293945,49.959999084472656,50.22999954223633,115567,0.0,0.0
2023-11-30 10:30:00-05:00,50.22999954223633,50.58000183105469,50.20500183105469,50.56999969482422,167584,0.0,0.0
2023-11-30 11:30:00-05:00,50.560001373291016,50.599998474121094,50.40999984741211,50.459999084472656,73285,0.0,0.0
2023-11-30 12:30:00-05:00,50.459999084472656,50.63999938964844,50.459999084472656,50.58000183105469,57883,0.0,0.0
2023-11-30 13:30:00-05:00,50.59000015258789,50.70000076293945,50.56999969482422,50.70000076293945,49551,0.0,0.0
2023-11-30 14:30:00-05:00,50.70500183105469,50.7599983215332,50.6150016784668,50.630001068115234,64857,0.0,0.0
2023-11-30 15:30:00-05:00,50.63999938964844,50.720001220703125,50.34000015258789,50.5,376158,0.0,0.0
2023-12-01 09:30:00-05:00,50.68000030517578,50.939998626708984,50.349998474121094,50.7599983215332,95379,0.0,0.0
2023-12-01 10:30:00-05:00,50.75,50.939998626708984,50.650001525878906,50.939998626708984,43921,0.0,0.0
2023-12-01 11:30:00-05:00,50.92499923706055,51.0,50.810001373291016,50.959999084472656,63740,0.0,0.0
2023-12-01 12:30:00-05:00,50.95000076293945,50.974998474121094,50.79999923706055,50.84000015258789,36351,0.0,0.0
2023-12-01 13:30:00-05:00,50.81999969482422,50.97999954223633,50.814998626708984,50.939998626708984,52848,0.0,0.0
2023-12-01 14:30:00-05:00,50.959999084472656,51.025001525878906,50.900001525878906,50.9900016784668,73349,0.0,0.0
2023-12-01 15:30:00-05:00,50.9900016784668,51.06999969482422,50.959999084472656,50.9900016784668,130192,0.0,0.0
2023-12-04 09:30:00-05:00,50.720001220703125,51.334999084472656,50.599998474121094,51.209999084472656,70439,0.0,0.0
2023-12-04 10:30:00-05:00,51.209999084472656,51.310001373291016,51.15999984741211,51.29999923706055,52190,0.0,0.0
2023-12-04 11:30:00-05:00,51.290000915527344,51.34000015258789,51.18000030517578,51.27000045776367,52182,0.0,0.0
2023-12-04 12:30:00-05:00,51.279998779296875,51.29499816894531,51.1349983215332,51.209999084472656,46040,0.0,0.0
2023-12-04 13:30:00-05:00,51.220001220703125,51.27000045776367,51.185001373291016,51.209999084472656,48638,0.0,0.0
2023-12-04 14:30:00-05:00,51.220001220703125,51.2400016784668,51.150001525878906,51.16999816894531,56999,0.0,0.0
2023-12-04 15:30:00-05:00,51.18000030517578,51.25,51.125,51.2400016784668,130848,0.0,0.0
2023-12-05 09:30:00-05:00,51.04999923706055,51.22999954223633,50.869998931884766,51.130001068115234,32666,0.0,0.0
2023-12-05 10:30:00-05:00,51.15999984741211,51.30500030517578,51.029998779296875,51.27000045776367,25031,0.0,0.0
2023-12-05 11:30:00-05:00,51.290000915527344,51.380001068115234,51.16999816894531,51.380001068115234,29670,0.0,0.0
2023-12-05 12:30:00-05:00,51.380001068115234,51.42499923706055,51.25,51.38999938964844,28865,0.0,0.0
2023-12-05 13:30:00-05:00,51.380001068115234,51.474998474121094,51.310001373291016,51.34000015258789,52847,0.0,0.0
2023-12-05 14:30:00-05:00,51.33000183105469,51.35499954223633,51.2599983215332,51.349998474121094,54683,0.0,0.0
2023-12-05 15:30:00-05:00,51.34000015258789,51.380001068115234,51.209999084472656,51.2400016784668,87079,0.0,0.0
2023-12-06 09:30:00-05:00,51.47999954223633,51.939998626708984,51.47999954223633,51.564998626708984,69795,0.0,0.0
2023-12-06 10:30:00-05:00,51.56999969482422,51.59000015258789,51.07500076293945,51.084999084472656,61176,0.0,0.0
2023-12-06 11:30:00-05:00,51.09000015258789,51.09000015258789,50.880001068115234,50.91059875488281,122676,0.0,0.0
2023-12-06 12:30:00-05:00,50.93000030517578,51.02000045776367,50.869998931884766,50.970001220703125,39770,0.0,0.0
2023-12-06 13:30:00-05:00,50.970001220703125,51.040000915527344,50.88999938964844,50.88999938964844,44842,0.0,0.0
2023-12-06 14:30:00-05:00,50.900001525878906,50.91999816894531,50.7400016784668,50.7599983215332,92938,0.0,0.0
2023-12-06 15:30:00-05:00,50.7599983215332,50.84000015258789,50.72999954223633,50.72999954223633,110303,0.0,0.0
2023-12-07 09:30:00-05:00,50.849998474121094,50.93000030517578,50.54999923706055,50.63999938964844,0,0.0,0.0
2023-12-07 10:30:00-05:00,50.630001068115234,50.720001220703125,50.540000915527344,50.70000076293945,50748,0.0,0.0
2023-12-07 11:30:00-05:00,50.70000076293945,50.849998474121094,50.66999816894531,50.720001220703125,45280,0.0,0.0
2023-12-07 12:30:00-05:00,50.72999954223633,50.85499954223633,50.69499969482422,50.84000015258789,36886,0.0,0.0
2023-12-07 13:30:00-05:00,50.84000015258789,51.0,50.84000015258789,50.970001220703125,46777,0.0,0.0
2023-12-07 14:30:00-05:00,50.959999084472656,51.04999923706055,50.900001525878906,51.0099983215332,60276,0.0,0.0
2023-12-07 15:30:00-05:00,51.0099983215332,51.060001373291016,50.994998931884766,51.060001373291016,96702,0.0,0.0
2023-12-08 09:30:00-05:00,51.224998474121094,51.470001220703125,51.029998779296875,51.400001525878906,42348,0.0,0.0
2023-12-08 10:30:00-05:00,51.400001525878906,51.41999816894531,51.209999084472656,51.275001525878906,41821,0.0,0.0
2023-12-08 11:30:00-05:00,51.29999923706055,51.345001220703125,51.220001220703125,51.34000015258789,21920,0.0,0.0
2023-12-08 12:30:00-05:00,51.35499954223633,51.375,51.310001373291016,51.369998931884766,32891,0.0,0.0
2023-12-08 13:30:00-05:00,51.369998931884766,51.439998626708984,51.36000061035156,51.43000030517578,17165,0.0,0.0
2023-12-08 14:30:00-05:00,51.43000030517578,51.470001220703125,51.40999984741211,51.42499923706055,45595,0.0,0.0
2023-12-08 15:30:00-05:00,51.40999984741211,51.470001220703125,51.380001068115234,51.439998626708984,118855,0.0,0.0
2023-12-11 09:30:00-05:00,51.439998626708984,51.63999938964844,51.345001220703125,51.5099983215332,51933,0.0,0.0
2023-12-11 10:30:00-05:00,51.5099983215332,51.80500030517578,51.5099983215332,51.68000030517578,64545,0.0,0.0
2023-12-11 11:30:00-05:00,51.689998626708984,51.83000183105469,51.61000061035156,51.810001373291016,44553,0.0,0.0
2023-12-11 12:30:00-05:00,51.810001373291016,51.9900016784668,51.810001373291016,51.970001220703125,24433,0.0,0.0
2023-12-11 13:30:00-05:00,51.970001220703125,51.9900016784668,51.880001068115234,51.90999984741211,29714,0.0,0.0
2023-12-11 14:30:00-05:00,51.90999984741211,51.915000915527344,51.84000015258789,51.84000015258789,78395,0.0,0.0
2023-12-11 15:30:00-05:00,51.84000015258789,51.84000015258789,51.7599983215332,51.810001373291016,205294,0.0,0.0
2023-12-12 09:30:00-05:00,51.84000015258789,51.86000061035156,51.290000915527344,51.47999954223633,119059,0.0,0.0
2023-12-12 10:30:00-05:00,51.47999954223633,51.64939880371094,51.470001220703125,51.599998474121094,59988,0.0,0.0
2023-12-12 11:30:00-05:00,51.59000015258789,51.7599983215332,51.56999969482422,51.75,36454,0.0,0.0
2023-12-12 12:30:00-05:00,51.744998931884766,51.7599983215332,51.599998474121094,51.60499954223633,46649,0.0,0.0
2023-12-12 13:30:00-05:00,51.61000061035156,51.654998779296875,51.47999954223633,51.505001068115234,43383,0.0,0.0
2023-12-12 14:30:00-05:00,51.5099983215332,51.630001068115234,51.459999084472656,51.61000061035156,57724,0.0,0.0
2023-12-12 15:30:00-05:00,51.61000061035156,51.61000061035156,51.525001525878906,51.56999969482422,104493,0.0,0.0
2023-12-13 09:30:00-05:00,51.61000061035156,51.61000061035156,51.119998931884766,51.220001220703125,76675,0.0,0.0
2023-12-13 10:30:00-05:00,51.290000915527344,51.63999938964844,51.290000915527344,51.54999923706055,162292,0.0,0.0
2023-12-13 11:30:00-05:00,51.54499816894531,51.72999954223633,51.540000915527344,51.58000183105469,68475,0.0,0.0
2023-12-13 12:30:00-05:00,51.58000183105469,51.59000015258789,51.35499954223633,51.35499954223633,24205,0.0,0.0
2023-12-13 13:30:00-05:00,51.34000015258789,51.834999084472656,51.31999969482422,51.79999923706055,46750,0.0,0.0
2023-12-13 14:30:00-05:00,51.79999923706055,52.15999984741211,51.79999923706055,52.025001525878906,90656,0.0,0.0
2023-12-13 15:30:00-05:00,52.02000045776367,52.2599983215332,51.935001373291016,52.2599983215332,161121,0.0,0.0
2023-12-14 09:30:00-05:00,52.63999938964844,52.720001220703125,52.380001068115234,52.459999084472656,96488,0.0,0.0
2023-12-14 10:30:00-05:00,52.470001220703125,52.4900016784668,52.27000045776367,52.33000183105469,49877,0.0,0.0
2023-12-14 11:30:00-05:00,52.33000183105469,52.34000015258789,52.09000015258789,52.220001220703125,51845,0.0,0.0
2023-12-14 12:30:00-05:00,52.224998474121094,52.279998779296875,52.09000015258789,52.09000015258789,48646,0.0,0.0
2023-12-14 13:30:00-05:00,52.099998474121094,52.15999984741211,51.9900016784668,51.9900016784668,43773,0.0,0.0
2023-12-14 14:30:00-05:00,51.97999954223633,52.10499954223633,51.93000030517578,52.040000915527344,59854,0.0,0.0
2023-12-14 15:30:00-05:00,52.040000915527344,52.11000061035156,51.93000030517578,51.959999084472656,134592,0.0,0.0
2023-12-15 09:30:00-05:00,52.13999938964844,52.209999084472656,51.44499969482422,51.70000076293945,81379,0.0,0.0
2023-12-15 10:30:00-05:00,51.720001220703125,51.755001068115234,51.56999969482422,51.685001373291016,63268,0.0,0.0
2023-12-15 11:30:00-05:00,51.654998779296875,51.7588005065918,51.560001373291016,51.619998931884766,76943,0.0,0.0
2023-12-15 12:30:00-05:00,51.599998474121094,51.61000061035156,51.220001220703125,51.220001220703125,54354,0.0,0.0
2023-12-15 13:30:00-05:00,51.220001220703125,51.27000045776367,51.060001373291016,51.15999984741211,71259,0.0,0.0
2023-12-15 14:30:00-05:00,51.1150016784668,51.2400016784668,51.1150016784668,51.23500061035156,59296,0.0,0.0
2023-12-15 15:30:00-05:00,51.2400016784668,51.349998474121094,51.08000183105469,51.11000061035156,196421,0.0,0.0
2023-12-18 09:30:00-05:00,51.29999923706055,51.45000076293945,50.900001525878906,51.060001373291016,93227,0.0,0.0
2023-12-18 10:30:00-05:00,51.060001373291016,51.06999969482422,50.900001525878906,51.0099983215332,38749,0.0,0.0
2023-12-18 11:30:00-05:00,50.9900016784668,50.9900016784668,50.88999938964844,50.974998474121094,30174,0.0,0.0
2023-12-18 12:30:00-05:00,50.97999954223633,50.97999954223633,50.6349983215332,50.7599983215332,47471,0.0,0.0
2023-12-18 13:30:00-05:00,50.755001068115234,50.84000015258789,50.67499923706055,50.790000915527344,48863,0.0,0.0
2023-12-18 14:30:00-05:00,50.790000915527344,50.900001525878906,50.77000045776367,50.900001525878906,58173,0.0,0.0
2023-12-18 15:30:00-05:00,50.88999938964844,51.060001373291016,50.875,51.029998779296875,148933,0.0,0.0
2023-12-19 09:30:00-05:00,51.130001068115234,51.627201080322266,51.130001068115234,51.56999969482422,71958,0.0,0.0
2023-12-19 10:30:00-05:00,51.58000183105469,51.6150016784668,51.474998474121094,51.52000045776367,50009,0.0,0.0
2023-12-19 11:30:00-05:00,51.52000045776367,51.54999923706055,51.38999938964844,51.41999816894531,57361,0.0,0.0
2023-12-19 12:30:00-05:00,51.40999984741211,51.5099983215332,51.40999984741211,51.439998626708984,63079,0.0,0.0
2023-12-19 13:30:00-05:00,51.44499969482422,51.560001373291016,51.400001525878906,51.45000076293945,47354,0.0,0.0
2023-12-19 14:30:00-05:00,51.44499969482422,51.5,51.35499954223633,51.439998626708984,76200,0.0,0.0
2023-12-19 15:30:00-05:00,51.44499969482422,51.45000076293945,51.11000061035156,51.189998626708984,223903,0.0,0.0
2023-12-20 09:30:00-05:00,50.970001220703125,51.310001373291016,50.970001220703125,51.15999984741211,60890,0.0,0.0
2023-12-20 10:30:00-05:00,51.150001525878906,51.33000183105469,51.13999938964844,51.29999923706055,47035,0.0,0.0
2023-12-20 11:30:00-05:00,51.29999923706055,51.34000015258789,51.189998626708984,51.2599983215332,48382,0.0,0.0
2023-12-20 12:30:00-05:00,51.28499984741211,51.31999969482422,51.16999816894531,51.20000076293945,45172,0.0,0.0
2023-12-20 13:30:00-05:00,51.209999084472656,51.224998474121094,51.099998474121094,51.165000915527344,49693,0.0,0.0
2023-12-20 14:30:00-05:00,51.15999984741211,51.16559982299805,50.5099983215332,50.619998931884766,144092,0.0,0.0
2023-12-20 15:30:00-05:00,50.619998931884766,50.65999984741211,50.310001373291016,50.33000183105469,141489,0.0,0.0
2023-12-21 09:30:00-05:00,50.61000061035156,51.04999923706055,50.61000061035156,50.76499938964844,85670,0.0,0.0
2023-12-21 10:30:00-05:00,50.779998779296875,50.88999938964844,50.72999954223633,50.8849983215332,48030,0.0,0.0
2023-12-21 11:30:00-05:00,50.880001068115234,50.880001068115234,50.47999954223633,50.63999938964844,71194,0.0,0.0
2023-12-21 12:30:00-05:00,50.630001068115234,50.68000030517578,50.45000076293945,50.560001373291016,49261,0.0,0.0
2023-12-21 13:30:00-05:00,50.560001373291016,50.67499923706055,50.51499938964844,50.66999816894531,64375,0.0,0.0
2023-12-21 14:30:00-05:00,50.66999816894531,50.67499923706055,50.5,50.63999938964844,73482,0.0,0.0
2023-12-21 15:30:00-05:00,50.650001525878906,50.83000183105469,50.619998931884766,50.75,133226,0.0,0.0
2023-12-22 09:30:00-05:00,50.810001373291016,51.099998474121094,50.650001525878906,50.904998779296875,69703,0.0,0.0
2023-12-22 10:30:00-05:00,50.90999984741211,51.11000061035156,50.880001068115234,51.11000061035156,54107,0.0,0.0
2023-12-22 11:30:00-05:00,51.130001068115234,51.130001068115234,50.849998474121094,51.0099983215332,51884,0.0,0.0
2023-12-22 12:30:00-05:00,50.9900016784668,51.0099983215332,50.900001525878906,50.915000915527344,41269,0.0,0.0
2023-12-22 13:30:00-05:00,50.90999984741211,50.90999984741211,50.72999954223633,50.72999954223633,42816,0.0,0.0
2023-12-22 14:30:00-05:00,50.720001220703125,50.9900016784668,50.720001220703125,50.93000030517578,54741,0.0,0.0
2023-12-22 15:30:00-05:00,50.93000030517578,50.935001373291016,50.849998474121094,50.88999938964844,83542,0.0,0.0
2023-12-26 09:30:00-05:00,50.81999969482422,51.04999923706055,50.79999923706055,51.04999923706055,19771,0.0,0.0
2023-12-26 10:30:00-05:00,51.06999969482422,51.150001525878906,51.02000045776367,51.150001525878906,22647,0.0,0.0
2023-12-26 11:30:00-05:00,51.150001525878906,51.16999816894531,51.04999923706055,51.16999816894531,14712,0.0,0.0
2023-12-26 12:30:00-05:00,51.150001525878906,51.18000030517578,51.11000061035156,51.13999938964844,19981,0.0,0.0
2023-12-26 13:30:00-05:00,51.130001068115234,51.165000915527344,51.099998474121094,51.130001068115234,14720,0.0,0.0
2023-12-26 14:30:00-05:00,51.13990020751953,51.25,51.119998931884766,51.22999954223633,49643,0.0,0.0
2023-12-26 15:30:00-05:00,51.220001220703125,51.2599983215332,51.189998626708984,51.189998626708984,41978,0.0,0.0
2023-12-27 09:30:00-05:00,50.97999954223633,51.45000076293945,50.97999954223633,51.38999938964844,68311,0.0,0.0
2023-12-27 10:30:00-05:00,51.38999938964844,51.470001220703125,51.209999084472656,51.45000076293945,78463,0.0,0.0
2023-12-27 11:30:00-05:00,51.45000076293945,51.61000061035156,51.45000076293945,51.54999923706055,73622,0.0,0.0
2023-12-27 12:30:00-05:00,51.54999923706055,51.720001220703125,51.54999923706055,51.630001068115234,79424,0.0,0.0
2023-12-27 13:30:00-05:00,51.650001525878906,51.665000915527344,51.33000183105469,51.38999938964844,83055,0.0,0.0
2023-12-27 14:30:00-05:00,51.39500045776367,51.44499969482422,51.290000915527344,51.38999938964844,54563,0.0,0.0
2023-12-27 15:30:00-05:00,51.38999938964844,51.470001220703125,51.310001373291016,51.46500015258789,110787,0.0,0.0
2023-12-28 09:30:00-05:00,51.45000076293945,52.11000061035156,51.45000076293945,51.939998626708984,55056,0.0,0.0
2023-12-28 10:30:00-05:00,51.93000030517578,51.93000030517578,51.630001068115234,51.70000076293945,28949,0.0,0.0
2023-12-28 11:30:00-05:00,51.70000076293945,51.709999084472656,51.564998626708984,51.56999969482422,44562,0.0,0.0
2023-12-28 12:30:00-05:00,51.584999084472656,51.650001525878906,51.5,51.54999923706055,30713,0.0,0.0
2023-12-28 13:30:00-05:00,51.55500030517578,51.599998474121094,51.494998931884766,51.529998779296875,25541,0.0,0.0
2023-12-28 14:30:00-05:00,51.53499984741211,51.54999923706055,51.47999954223633,51.505001068115234,55833,0.0,0.0
2023-12-28 15:30:00-05:00,51.5099983215332,51.57500076293945,51.470001220703125,51.5,72452,0.0,0.0
2023-12-29 09:30:00-05:00,51.38999938964844,51.869998931884766,51.38999938964844,51.86000061035156,51969,0.0,0.0
2023-12-29 10:30:00-05:00,51.880001068115234,51.939998626708984,51.7400016784668,51.7400016784668,50012,0.0,0.0
2023-12-29 11:30:00-05:00,51.75,51.79999923706055,51.67300033569336,51.72999954223633,38513,0.0,0.0
2023-12-29 12:30:00-05:00,51.73500061035156,51.90999984741211,51.73500061035156,51.75,81620,0.0,0.0
2023-12-29 13:30:00-05:00,51.7599983215332,51.849998474121094,51.75,51.7599983215332,29989,0.0,0.0
2023-12-29 14:30:00-05:00,51.77000045776367,51.92499923706055,51.75,51.89500045776367,68293,0.0,0.0
2023-12-29 15:30:00-05:00,51.88999938964844,51.95000076293945,51.84000015258789,51.86000061035156,149531,0.0,0.0
2024-01-02 09:30:00-05:00,51.369998931884766,51.470001220703125,51.228599548339844,51.380001068115234,38499,0.0,0.0
2024-01-02 10:30:00-05:00,51.38999938964844,51.58000183105469,51.369998931884766,51.45800018310547,32757,0.0,0.0
2024-01-02 11:30:00-05:00,51.43000030517578,51.540000915527344,51.40999984741211,51.529998779296875,32000,0.0,0.0
2024-01-02 12:30:00-05:00,51.560001373291016,51.630001068115234,51.400001525878906,51.400001525878906,33386,0.0,0.0
2024-01-02 13:30:00-05:00,51.38999938964844,51.415000915527344,51.310001373291016,51.34000015258789,32685,0.0,0.0
2024-01-02 14:30:00-05:00,51.34000015258789,51.36000061035156,51.209999084472656,51.2400016784668,51226,0.0,0.0
2024-01-02 15:30:00-05:00,51.22999954223633,51.36000061035156,51.22999954223633,51.310001373291016,106999,0.0,0.0
2024-01-03 09:30:00-05:00,51.04999923706055,51.290000915527344,50.849998474121094,51.099998474121094,62736,0.0,0.0
2024-01-03 10:30:00-05:00,51.08000183105469,51.16999816894531,50.9900016784668,51.11000061035156,37930,0.0,0.0
2024-01-03 11:30:00-05:00,51.11000061035156,51.16999816894531,51.040000915527344,51.08000183105469,40858,0.0,0.0
2024-01-03 12:30:00-05:00,51.08000183105469,51.165000915527344,51.029998779296875,51.130001068115234,25076,0.0,0.0
2024-01-03 13:30:00-05:00,51.130001068115234,51.2400016784668,51.029998779296875,51.220001220703125,46677,0.0,0.0
2024-01-03 14:30:00-05:00,51.2400016784668,51.2400016784668,51.08000183105469,51.130001068115234,69623,0.0,0.0
2024-01-03 15:30:00-05:00,51.130001068115234,51.189998626708984,51.1150016784668,51.15999984741211,80676,0.0,0.0
2024-01-04 09:30:00-05:00,51.150001525878906,51.709999084472656,51.119998931884766,51.650001525878906,69574,0.0,0.0
2024-01-04 10:30:00-05:00,51.599998474121094,51.709999084472656,51.54999923706055,51.61000061035156,44837,0.0,0.0
2024-01-04 11:30:00-05:00,51.63999938964844,51.63999938964844,51.470001220703125,51.52450180053711,31896,0.0,0.0
2024-01-04 12:30:00-05:00,51.529998779296875,51.529998779296875,51.35499954223633,51.400001525878906,55364,0.0,0.0
2024-01-04 13:30:00-05:00,51.40999984741211,51.43000030517578,51.2400016784668,51.27000045776367,35559,0.0,0.0
2024-01-04 14:30:00-05:00,51.2599983215332,51.349998474121094,51.189998626708984,51.345001220703125,55848,0.0,0.0
2024-01-04 15:30:00-05:00,51.349998474121094,51.404998779296875,51.220001220703125,51.29999923706055,87882,0.0,0.0
2024-01-05 09:30:00-05:00,51.18000030517578,51.849998474121094,51.060001373291016,51.66999816894531,49924,0.0,0.0
2024-01-05 10:30:00-05:00,51.63999938964844,51.650001525878906,51.369998931884766,51.375,43898,0.0,0.0
2024-01-05 11:30:00-05:00,51.369998931884766,51.47999954223633,51.13999938964844,51.13999938964844,34520,0.0,0.0
2024-01-05 12:30:00-05:00,51.130001068115234,51.20000076293945,51.040000915527344,51.20000076293945,81215,0.0,0.0
2024-01-05 13:30:00-05:00,51.220001220703125,51.33000183105469,51.189998626708984,51.31999969482422,50192,0.0,0.0
2024-01-05 14:30:00-05:00,51.33000183105469,51.3849983215332,51.189998626708984,51.275001525878906,59960,0.0,0.0
2024-01-05 15:30:00-05:00,51.2599983215332,51.279998779296875,51.21500015258789,51.2400016784668,72322,0.0,0.0
2024-01-08 09:30:00-05:00,51.119998931884766,51.34000015258789,51.08000183105469,51.279998779296875,40231,0.0,0.0
2024-01-08 10:30:00-05:00,51.33000183105469,51.34000015258789,51.150001525878906,51.220001220703125,21197,0.0,0.0
2024-01-08 11:30:00-05:00,51.23500061035156,51.369998931884766,51.23500061035156,51.27000045776367,43379,0.0,0.0
2024-01-08 12:30:00-05:00,51.2599983215332,51.31999969482422,51.20000076293945,51.209999084472656,19886,0.0,0.0
2024-01-08 13:30:00-05:00,51.21500015258789,51.31999969482422,51.189998626708984,51.310001373291016,29709,0.0,0.0
2024-01-08 14:30:00-05:00,51.31999969482422,51.40999984741211,51.290000915527344,51.314998626708984,33960,0.0,0.0
2024-01-08 15:30:00-05:00,51.314998626708984,51.470001220703125,51.28499984741211,51.459999084472656,94770,0.0,0.0
2024-01-09 09:30:00-05:00,51.099998474121094,51.15999984741211,50.65999984741211,50.810001373291016,105382,0.0,0.0
2024-01-09 10:30:00-05:00,50.81999969482422,51.0,50.72999954223633,50.970001220703125,70206,0.0,0.0
2024-01-09 11:30:00-05:00,50.9900016784668,51.10499954223633,50.9900016784668,51.08000183105469,55411,0.0,0.0
2024-01-09 12:30:00-05:00,51.08000183105469,51.165000915527344,50.95500183105469,50.959999084472656,38506,0.0,0.0
2024-01-09 13:30:00-05:00,50.93000030517578,51.0099983215332,50.900001525878906,50.970001220703125,36455,0.0,0.0
2024-01-09 14:30:00-05:00,50.97999954223633,51.0099983215332,50.900001525878906,50.970001220703125,63104,0.0,0.0
2024-01-09 15:30:00-05:00,50.96500015258789,51.025001525878906,50.900001525878906,50.959999084472656,183637,0.0,0.0
2024-01-10 09:30:00-05:00,50.959999084472656,51.27000045776367,50.95000076293945,51.2400016784668,33445,0.0,0.0
2024-01-10 10:30:00-05:00,51.22999954223633,51.25,51.099998474121094,51.119998931884766,28059,0.0,0.0
2024-01-10 11:30:00-05:00,51.130001068115234,51.18000030517578,51.0,51.040000915527344,26665,0.0,0.0
2024-01-10 12:30:00-05:00,51.02000045776367,51.04499816894531,50.939998626708984,51.04499816894531,19691,0.0,0.0
2024-01-10 13:30:00-05:00,51.0099983215332,51.10499954223633,50.89500045776367,51.10499954223633,34132,0.0,0.0
2024-01-10 14:30:00-05:00,51.099998474121094,51.255001068115234,51.099998474121094,51.19499969482422,90858,0.0,0.0
2024-01-10 15:30:00-05:00,51.165000915527344,51.2599983215332,51.125,51.18000030517578,94912,0.0,0.0
2024-01-11 09:30:00-05:00,51.119998931884766,51.27000045776367,50.349998474121094,50.58000183105469,57989,0.0,0.0
2024-01-11 10:30:00-05:00,50.560001373291016,50.619998931884766,50.36000061035156,50.47999954223633,71223,0.0,0.0
2024-01-11 11:30:00-05:00,50.47999954223633,50.54999923706055,50.439998626708984,50.5,52584,0.0,0.0
2024-01-11 12:30:00-05:00,50.529998779296875,50.70000076293945,50.5099983215332,50.68000030517578,35853,0.0,0.0
2024-01-11 13:30:00-05:00,50.67499923706055,50.775001525878906,50.619998931884766,50.77000045776367,51362,0.0,0.0
2024-01-11 14:30:00-05:00,50.7599983215332,50.900001525878906,50.72999954223633,50.790000915527344,43266,0.0,0.0
2024-01-11 15:30:00-05:00,50.790000915527344,51.060001373291016,50.790000915527344,50.9900016784668,128697,0.0,0.0
2024-01-12 09:30:00-05:00,51.36000061035156,51.7400016784668,51.119998931884766,51.119998931884766,56145,0.0,0.0
2024-01-12 10:30:00-05:00,51.130001068115234,51.20000076293945,50.869998931884766,50.904998779296875,35193,0.0,0.0
2024-01-12 11:30:00-05:00,50.91999816894531,50.970001220703125,50.7400016784668,50.81999969482422,27022,0.0,0.0
2024-01-12 12:30:00-05:00,50.849998474121094,50.91999816894531,50.790000915527344,50.90999984741211,14641,0.0,0.0
2024-01-12 13:30:00-05:00,50.90999984741211,51.0,50.869998931884766,50.970001220703125,42193,0.0,0.0
2024-01-12 14:30:00-05:00,50.970001220703125,50.97999954223633,50.90999984741211,50.974998474121094,38786,0.0,0.0
2024-01-12 15:30:00-05:00,50.970001220703125,51.029998779296875,50.959999084472656,50.97999954223633,97531,0.0,0.0
2024-01-16 09:30:00-05:00,50.56999969482422,50.65999984741211,50.22999954223633,50.630001068115234,58357,0.0,0.0
2024-01-16 10:30:00-05:00,50.599998474121094,50.7599983215332,50.52000045776367,50.720001220703125,46904,0.0,0.0
2024-01-16 11:30:00-05:00,50.72999954223633,50.779998779296875,50.525001525878906,50.560001373291016,165981,0.0,0.0
2024-01-16 12:30:00-05:00,50.540000915527344,50.60300064086914,50.47999954223633,50.58000183105469,48738,0.0,0.0
2024-01-16 13:30:00-05:00,50.59000015258789,50.599998474121094,50.47999954223633,50.52000045776367,45854,0.0,0.0
2024-01-16 14:30:00-05:00,50.5,50.58000183105469,50.439998626708984,50.52000045776367,49988,0.0,0.0
2024-01-16 15:30:00-05:00,50.529998779296875,50.72999954223633,50.525001525878906,50.68000030517578,139925,0.0,0.0
2024-01-17 09:30:00-05:00,50.22999954223633,50.36000061035156,50.0,50.27000045776367,64469,0.0,0.0
2024-01-17 10:30:00-05:00,50.20000076293945,50.22999954223633,50.029998779296875,50.029998779296875,58278,0.0,0.0
2024-01-17 11:30:00-05:00,49.97999954223633,50.060001373291016,49.755001068115234,49.775001525878906,47131,0.0,0.0
2024-01-17 12:30:00-05:00,49.775001525878906,49.845001220703125,49.7400016784668,49.81999969482422,64783,0.0,0.0
2024-01-17 13:30:00-05:00,49.83000183105469,49.9900016784668,49.790000915527344,49.970001220703125,49773,0.0,0.0
2024-01-17 14:30:00-05:00,49.97999954223633,50.0,49.79499816894531,49.849998474121094,64719,0.0,0.0
2024-01-17 15:30:00-05:00,49.849998474121094,50.060001373291016,49.849998474121094,50.02000045776367,121629,0.0,0.0
2024-01-18 09:30:00-05:00,50.18000030517578,50.63999938964844,50.150001525878906,50.560001373291016,89060,0.0,0.0
2024-01-18 10:30:00-05:00,50.54499816894531,50.650001525878906,50.349998474121094,50.40999984741211,71072,0.0,0.0
2024-01-18 11:30:00-05:00,50.400001525878906,50.4900016784668,50.34000015258789,50.470001220703125,63262,0.0,0.0
2024-01-18 12:30:00-05:00,50.470001220703125,50.56999969482422,50.33000183105469,50.35499954223633,96824,0.0,0.0
2024-01-18 13:30:00-05:00,50.349998474121094,50.400001525878906,50.279998779296875,50.38999938964844,60608,0.0,0.0
2024-01-18 14:30:00-05:00,50.38999938964844,50.40999984741211,50.2400016784668,50.34000015258789,75999,0.0,0.0
2024-01-18 15:30:00-05:00,50.34000015258789,50.470001220703125,50.32500076293945,50.40999984741211,150226,0.0,0.0
2024-01-19 09:30:00-05:00,50.54999923706055,50.56999969482422,50.27000045776367,50.470001220703125,0,0.0,0.0
2024-01-19 10:30:00-05:00,50.4900016784668,50.71500015258789,50.40999984741211,50.650001525878906,41149,0.0,0.0
2024-01-19 11:30:00-05:00,50.66999816894531,50.66999816894531,50.5,50.63999938964844,20479,0.0,0.0
2024-01-19 12:30:00-05:00,50.650001525878906,50.790000915527344,50.650001525878906,50.77109909057617,31742,0.0,0.0
2024-01-19 13:30:00-05:00,50.810001373291016,51.08000183105469,50.79999923706055,51.02000045776367,36437,0.0,0.0
2024-01-19 14:30:00-05:00,51.0099983215332,51.084999084472656,50.959999084472656,51.03499984741211,59469,0.0,0.0
2024-01-19 15:30:00-05:00,51.025001525878906,51.09000015258789,50.95500183105469,50.970001220703125,111191,0.0,0.0
2024-01-22 09:30:00-05:00,51.209999084472656,51.33000183105469,51.09000015258789,51.279998779296875,49440,0.0,0.0
2024-01-22 10:30:00-05:00,51.279998779296875,51.290000915527344,50.959999084472656,50.9900016784668,54093,0.0,0.0
2024-01-22 11:30:00-05:00,50.97999954223633,50.97999954223633,50.849998474121094,50.93000030517578,23749,0.0,0.0
2024-01-22 12:30:00-05:00,50.93000030517578,50.97999954223633,50.869998931884766,50.90999984741211,32753,0.0,0.0
2024-01-22 13:30:00-05:00,50.90999984741211,51.029998779296875,50.900001525878906,50.95000076293945,23787,0.0,0.0
2024-01-22 14:30:00-05:00,50.95500183105469,50.97999954223633,50.875,50.970001220703125,44328,0.0,0.0
2024-01-22 15:30:00-05:00,50.970001220703125,50.9900016784668,50.849998474121094,50.880001068115234,105897,0.0,0.0
2024-01-23 09:30:00-05:00,51.0,51.25,51.0,51.18000030517578,50809,0.0,0.0
2024-01-23 10:30:00-05:00,51.16999816894531,51.2400016784668,50.94499969482422,50.970001220703125,29352,0.0,0.0
2024-01-23 11:30:00-05:00,50.97999954223633,51.02000045776367,50.91999816894531,50.93000030517578,40669,0.0,0.0
2024-01-23 12:30:00-05:00,50.935001373291016,50.9900016784668,50.90999984741211,50.94499969482422,23004,0.0,0.0
2024-01-23 13:30:00-05:00,50.959999084472656,51.0099983215332,50.94499969482422,50.970001220703125,16833,0.0,0.0
2024-01-23 14:30:00-05:00,50.974998474121094,51.040000915527344,50.970001220703125,51.0099983215332,50512,0.0,0.0
2024-01-23 15:30:00-05:00,51.005001068115234,51.005001068115234,50.834999084472656,50.834999084472656,141424,0.0,0.0
2024-01-24 09:30:00-05:00,51.31999969482422,51.599998474121094,51.18000030517578,51.349998474121094,58334,0.0,0.0
2024-01-24 10:30:00-05:00,51.290000915527344,51.40999984741211,51.25,51.380001068115234,55877,0.0,0.0
2024-01-24 11:30:00-05:00,51.369998931884766,51.400001525878906,51.29499816894531,51.36000061035156,47456,0.0,0.0
2024-01-24 12:30:00-05:00,51.3650016784668,51.380001068115234,51.275001525878906,51.310001373291016,44956,0.0,0.0
2024-01-24 13:30:00-05:00,51.29999923706055,51.310001373291016,51.119998931884766,51.1349983215332,61022,0.0,0.0
2024-01-24 14:30:00-05:00,51.13999938964844,51.224998474121094,50.970001220703125,51.02000045776367,80750,0.0,0.0
2024-01-24 15:30:00-05:00,51.02000045776367,51.15999984741211,51.0099983215332,51.130001068115234,118435,0.0,0.0
2024-01-25 09:30:00-05:00,51.58000183105469,51.58000183105469,51.2599983215332,51.4900016784668,51134,0.0,0.0
2024-01-25 10:30:00-05:00,51.470001220703125,51.4900016784668,51.27000045776367,51.404998779296875,45595,0.0,0.0
2024-01-25 11:30:00-05:00,51.400001525878906,51.41999816894531,51.224998474121094,51.31999969482422,44635,0.0,0.0
2024-01-25 12:30:00-05:00,51.310001373291016,51.3849983215332,51.2400016784668,51.32500076293945,33236,0.0,0.0
2024-01-25 13:30:00-05:00,51.314998626708984,51.349998474121094,51.20500183105469,51.275001525878906,83564,0.0,0.0
2024-01-25 14:30:00-05:00,51.275001525878906,51.279998779296875,51.19499969482422,51.255001068115234,83295,0.0,0.0
2024-01-25 15:30:00-05:00,51.25,51.29999923706055,51.189998626708984,51.29999923706055,161502,0.0,0.0
2024-01-26 09:30:00-05:00,51.310001373291016,51.599998474121094,51.029998779296875,51.150001525878906,69266,0.0,0.0
2024-01-26 10:30:00-05:00,51.130001068115234,51.2400016784668,51.11000061035156,51.13999938964844,42849,0.0,0.0
2024-01-26 11:30:00-05:00,51.13999938964844,51.18000030517578,51.095001220703125,51.143699645996094,30821,0.0,0.0
2024-01-26 12:30:00-05:00,51.13999938964844,51.310001373291016,51.06999969482422,51.279998779296875,63513,0.0,0.0
2024-01-26 13:30:00-05:00,51.279998779296875,51.28499984741211,51.16999816894531,51.2599983215332,50980,0.0,0.0
2024-01-26 14:30:00-05:00,51.25,51.43000030517578,51.22999954223633,51.41999816894531,61377,0.0,0.0
2024-01-26 15:30:00-05:00,51.40999984741211,51.42499923706055,51.380001068115234,51.400001525878906,81035,0.0,0.0
2024-01-29 09:30:00-05:00,51.2599983215332,51.38999938964844,51.119998931884766,51.2599983215332,41552,0.0,0.0
2024-01-29 10:30:00-05:00,51.2599983215332,51.29999923706055,51.150001525878906,51.189998626708984,35378,0.0,0.0
2024-01-29 11:30:00-05:00,51.189998626708984,51.29999923706055,51.141998291015625,51.2599983215332,31689,0.0,0.0
2024-01-29 12:30:00-05:00,51.2599983215332,51.28499984741211,51.16999816894531,51.279998779296875,35035,0.0,0.0
2024-01-29 13:30:00-05:00,51.279998779296875,51.400001525878906,51.279998779296875,51.400001525878906,54524,0.0,0.0
2024-01-29 14:30:00-05:00,51.400001525878906,51.6150016784668,51.380001068115234,51.59000015258789,77378,0.0,0.0
2024-01-29 15:30:00-05:00,51.59000015258789,51.7400016784668,51.56999969482422,51.720001220703125,87790,0.0,0.0
2024-01-30 09:30:00-05:00,51.540000915527344,51.900001525878906,51.5,51.52000045776367,48197,0.0,0.0
2024-01-30 10:30:00-05:00,51.54999923706055,51.7400016784668,51.540000915527344,51.7400016784668,18723,0.0,0.0
2024-01-30 11:30:00-05:00,51.75,51.900001525878906,51.73500061035156,51.88999938964844,36722,0.0,0.0
2024-01-30 12:30:00-05:00,51.880001068115234,51.959999084472656,51.8650016784668,51.904998779296875,33292,0.0,0.0
2024-01-30 13:30:00-05:00,51.904998779296875,52.04999923706055,51.849998474121094,52.040000915527344,44940,0.0,0.0
2024-01-30 14:30:00-05:00,52.029998779296875,52.040000915527344,51.939998626708984,51.95989990234375,40971,0.0,0.0
2024-01-30 15:30:00-05:00,51.94499969482422,51.94499969482422,51.83000183105469,51.880001068115234,142387,0.0,0.0
2024-01-31 09:30:00-05:00,52.04999923706055,52.290000915527344,51.9197998046875,52.255001068115234,53137,0.0,0.0
2024-01-31 10:30:00-05:00,52.25,52.36000061035156,52.220001220703125,52.25,59055,0.0,0.0
2024-01-31 11:30:00-05:00,52.23500061035156,52.27000045776367,52.06999969482422,52.2599983215332,42226,0.0,0.0
2024-01-31 12:30:00-05:00,52.244998931884766,52.494998931884766,52.23870086669922,52.4900016784668,78879,0.0,0.0
2024-01-31 13:30:00-05:00,52.47999954223633,52.56999969482422,52.29999923706055,52.358001708984375,71607,0.0,0.0
2024-01-31 14:30:00-05:00,52.36000061035156,52.630001068115234,52.02000045776367,52.18000030517578,120394,0.0,0.0
2024-01-31 15:30:00-05:00,52.15999984741211,52.15999984741211,51.779998779296875,51.849998474121094,144331,0.0,0.0
2024-02-01 09:30:00-05:00,51.709999084472656,51.939998626708984,51.40999984741211,51.45000076293945,147806,0.0,0.0
2024-02-01 10:30:00-05:00,51.41999816894531,51.470001220703125,51.029998779296875,51.2599983215332,192361,0.0,0.0
2024-02-01 11:30:00-05:00,51.310001373291016,51.7400016784668,51.29999923706055,51.68000030517578,132517,0.0,0.0
2024-02-01 12:30:00-05:00,51.69499969482422,51.83000183105469,51.64500045776367,51.75,66968,0.0,0.0
2024-02-01 13:30:00-05:00,51.7599983215332,51.970001220703125,51.709999084472656,51.810001373291016,88931,0.0,0.0
2024-02-01 14:30:00-05:00,51.810001373291016,51.904998779296875,51.73500061035156,51.85499954223633,102809,0.0,0.0
2024-02-01 15:30:00-05:00,51.86000061035156,52.040000915527344,51.834999084472656,51.97999954223633,145686,0.0,0.0
2024-02-02 09:30:00-05:00,51.45000076293945,51.9900016784668,51.310001373291016,51.75,70107,0.0,0.0
2024-02-02 10:30:00-05:00,51.779998779296875,51.869998931884766,51.63999938964844,51.71500015258789,111810,0.0,0.0
2024-02-02 11:30:00-05:00,51.720001220703125,51.7400016784668,51.40999984741211,51.540000915527344,86859,0.0,0.0
2024-02-02 12:30:00-05:00,51.54999923706055,51.54999923706055,51.28499984741211,51.41999816894531,51664,0.0,0.0
2024-02-02 13:30:00-05:00,51.43000030517578,51.54999923706055,51.38999938964844,51.529998779296875,39935,0.0,0.0
2024-02-02 14:30:00-05:00,51.540000915527344,51.66999816894531,51.529998779296875,51.665000915527344,75493,0.0,0.0
2024-02-02 15:30:00-05:00,51.66999816894531,51.7599983215332,51.60100173950195,51.65999984741211,116712,0.0,0.0
2024-02-05 09:30:00-05:00,51.349998474121094,51.380001068115234,50.88999938964844,50.95000076293945,65031,0.0,0.0
2024-02-05 10:30:00-05:00,50.95000076293945,51.154998779296875,50.90999984741211,51.09000015258789,54348,0.0,0.0
2024-02-05 11:30:00-05:00,51.150001525878906,51.2400016784668,51.08000183105469,51.22999954223633,34493,0.0,0.0
2024-02-05 12:30:00-05:00,51.255001068115234,51.31999969482422,51.1349983215332,51.1349983215332,38947,0.0,0.0
2024-02-05 13:30:00-05:00,51.13999938964844,51.2400016784668,51.08000183105469,51.22999954223633,39856,0.0,0.0
2024-02-05 14:30:00-05:00,51.23500061035156,51.35499954223633,51.08000183105469,51.21500015258789,73001,0.0,0.0
2024-02-05 15:30:00-05:00,51.220001220703125,51.27000045776367,51.060001373291016,51.060001373291016,169607,0.0,0.0
2024-02-06 09:30:00-05:00,51.279998779296875,51.83000183105469,51.2400016784668,51.75,67426,0.0,0.0
2024-02-06 10:30:00-05:00,51.77000045776367,51.86000061035156,51.75,51.86000061035156,40079,0.0,0.0
2024-02-06 11:30:00-05:00,51.869998931884766,52.04999923706055,51.83000183105469,52.040000915527344,40185,0.0,0.0
2024-02-06 12:30:00-05:00,52.04999923706055,52.119998931884766,51.96189880371094,52.0099983215332,57198,0.0,0.0
2024-02-06 13:30:00-05:00,52.02000045776367,52.18000030517578,52.0,52.060001373291016,181536,0.0,0.0
2024-02-06 14:30:00-05:00,52.04999923706055,52.185001373291016,52.04999923706055,52.165000915527344,176485,0.0,0.0
2024-02-06 15:30:00-05:00,52.165000915527344,52.31999969482422,52.130001068115234,52.310001373291016,98187,0.0,0.0
2024-02-07 09:30:00-05:00,52.16999816894531,52.63999938964844,52.16999816894531,52.529998779296875,68883,0.0,0.0
2024-02-07 10:30:00-05:00,52.540000915527344,52.58000183105469,52.439998626708984,52.470001220703125,43593,0.0,0.0
2024-02-07 11:30:00-05:00,52.47999954223633,52.64500045776367,52.40999984741211,52.59000015258789,39029,0.0,0.0
2024-02-07 12:30:00-05:00,52.56999969482422,52.790000915527344,52.56999969482422,52.757999420166016,35256,0.0,0.0
2024-02-07 13:30:00-05:00,52.7599983215332,52.77000045776367,52.5099983215332,52.619998931884766,59061,0.0,0.0
2024-02-07 14:30:00-05:00,52.625,52.77000045776367,52.58000183105469,52.58000183105469,52465,0.0,0.0
2024-02-07 15:30:00-05:00,52.584999084472656,52.619998931884766,52.5099983215332,52.58000183105469,122944,0.0,0.0
2024-02-08 09:30:00-05:00,52.59000015258789,52.939998626708984,52.279998779296875,52.709999084472656,62698,0.0,0.0
2024-02-08 10:30:00-05:00,52.68000030517578,52.720001220703125,51.9900016784668,51.9900016784668,51061,0.0,0.0
2024-02-08 11:30:00-05:00,52.040000915527344,52.779998779296875,51.9900016784668,52.7599983215332,55220,0.0,0.0
2024-02-08 12:30:00-05:00,52.7599983215332,52.7599983215332,52.540000915527344,52.540000915527344,43682,0.0,0.0
2024-02-08 13:30:00-05:00,52.529998779296875,52.599998474121094,52.47999954223633,52.560001373291016,50873,0.0,0.0
2024-02-08 14:30:00-05:00,52.54999923706055,52.650001525878906,52.470001220703125,52.630001068115234,97730,0.0,0.0
2024-02-08 15:30:00-05:00,52.63999938964844,52.86000061035156,52.630001068115234,52.79999923706055,131760,0.0,0.0
2024-02-09 09:30:00-05:00,52.810001373291016,53.08000183105469,52.630001068115234,52.630001068115234,85849,0.0,0.0
2024-02-09 10:30:00-05:00,52.619998931884766,52.619998931884766,52.439998626708984,52.459999084472656,61603,0.0,0.0
2024-02-09 11:30:00-05:00,52.459999084472656,52.619998931884766,52.369998931884766,52.61000061035156,62033,0.0,0.0
2024-02-09 12:30:00-05:00,52.61000061035156,52.849998474121094,52.56999969482422,52.849998474121094,57660,0.0,0.0
2024-02-09 13:30:00-05:00,52.86000061035156,53.13999938964844,52.810001373291016,53.1349983215332,67797,0.0,0.0
2024-02-09 14:30:00-05:00,53.150001525878906,53.2400016784668,53.06999969482422,53.130001068115234,90463,0.0,0.0
2024-02-09 15:30:00-05:00,53.1349983215332,53.18000030517578,53.084999084472656,53.09000015258789,115824,0.0,0.0
2024-02-12 09:30:00-05:00,53.16999816894531,53.209999084472656,52.88999938964844,52.95000076293945,39870,0.0,0.0
2024-02-12 10:30:00-05:00,52.95500183105469,53.29999923706055,52.90999984741211,53.27000045776367,58078,0.0,0.0
2024-02-12 11:30:00-05:00,53.2400016784668,53.290000915527344,52.959999084472656,52.959999084472656,28170,0.0,0.0
2024-02-12 12:30:00-05:00,52.9900016784668,53.04999923706055,52.95000076293945,52.970001220703125,23605,0.0,0.0
2024-02-12 13:30:00-05:00,52.959999084472656,52.97050094604492,52.75,52.77000045776367,38194,0.0,0.0
2024-02-12 14:30:00-05:00,52.7599983215332,52.814998626708984,52.654998779296875,52.79999923706055,65149,0.0,0.0
2024-02-12 15:30:00-05:00,52.810001373291016,52.90999984741211,52.80500030517578,52.84000015258789,105689,0.0,0.0
2024-02-13 09:30:00-05:00,52.34000015258789,52.40999984741211,51.869998931884766,52.060001373291016,75261,0.0,0.0
2024-02-13 10:30:00-05:00,52.04999923706055,52.25,51.939998626708984,52.16999816894531,59191,0.0,0.0
2024-02-13 11:30:00-05:00,52.18000030517578,52.209999084472656,51.83000183105469,51.86000061035156,49297,0.0,0.0
2024-02-13 12:30:00-05:00,51.849998474121094,51.970001220703125,51.720001220703125,51.75,46725,0.0,0.0
2024-02-13 13:30:00-05:00,51.7400016784668,51.75,51.540000915527344,51.57500076293945,46567,0.0,0.0
2024-02-13 14:30:00-05:00,51.55500030517578,51.58000183105469,51.31999969482422,51.52000045776367,83612,0.0,0.0
2024-02-13 15:30:00-05:00,51.52000045776367,51.869998931884766,51.45500183105469,51.81999969482422,221346,0.0,0.0
2024-02-14 09:30:00-05:00,52.029998779296875,52.369998931884766,51.93000030517578,52.119998931884766,47988,0.0,0.0
2024-02-14 10:30:00-05:00,52.11000061035156,52.15999984741211,51.915000915527344,52.130001068115234,30781,0.0,0.0
2024-02-14 11:30:00-05:00,52.130001068115234,52.33000183105469,52.084999084472656,52.31999969482422,33160,0.0,0.0
2024-02-14 12:30:00-05:00,52.34000015258789,52.529998779296875,52.31999969482422,52.47999954223633,29232,0.0,0.0
2024-02-14 13:30:00-05:00,52.5099983215332,52.650001525878906,52.34000015258789,52.56999969482422,38823,0.0,0.0
2024-02-14 14:30:00-05:00,52.56999969482422,52.650001525878906,52.56999969482422,52.625,47963,0.0,0.0
2024-02-14 15:30:00-05:00,52.630001068115234,52.630001068115234,52.470001220703125,52.59000015258789,91162,0.0,0.0
2024-02-15 09:30:00-05:00,52.689998626708984,53.52000045776367,52.689998626708984,53.45000076293945,71483,0.0,0.0
2024-02-15 10:30:00-05:00,53.43000030517578,53.44879913330078,53.11000061035156,53.13999938964844,63031,0.0,0.0
2024-02-15 11:30:00-05:00,53.13999938964844,53.43000030517578,53.13999938964844,53.39910125732422,56164,0.0,0.0
2024-02-15 12:30:00-05:00,53.4099006652832,53.625,53.38999938964844,53.58000183105469,39324,0.0,0.0
2024-02-15 13:30:00-05:00,53.59000015258789,53.70000076293945,53.4900016784668,53.61000061035156,54284,0.0,0.0
2024-02-15 14:30:00-05:00,53.61790084838867,53.70000076293945,53.560001373291016,53.56999969482422,61114,0.0,0.0
2024-02-15 15:30:00-05:00,53.54999923706055,53.560001373291016,53.349998474121094,53.47999954223633,200404,0.0,0.0
2024-02-16 09:30:00-05:00,53.5,53.88999938964844,53.38999938964844,53.83000183105469,48035,0.0,0.0
2024-02-16 10:30:00-05:00,53.83000183105469,54.0,53.810001373291016,53.86000061035156,31029,0.0,0.0
2024-02-16 11:30:00-05:00,53.86000061035156,54.05500030517578,53.86000061035156,54.0,26647,0.0,0.0
2024-02-16 12:30:00-05:00,54.0099983215332,54.08000183105469,53.91999816894531,54.060001373291016,28303,0.0,0.0
2024-02-16 13:30:00-05:00,54.060001373291016,54.11000061035156,53.95000076293945,54.07500076293945,46468,0.0,0.0
2024-02-16 14:30:00-05:00,54.06999969482422,54.07500076293945,53.8849983215332,53.90999984741211,59049,0.0,0.0
2024-02-16 15:30:00-05:00,53.93000030517578,53.974998474121094,53.79999923706055,53.970001220703125,79901,0.0,0.0
2024-02-20 09:30:00-05:00,53.779998779296875,54.27000045776367,53.709999084472656,54.20500183105469,55949,0.0,0.0
2024-02-20 10:30:00-05:00,54.209999084472656,54.32500076293945,54.130001068115234,54.22999954223633,45892,0.0,0.0
2024-02-20 11:30:00-05:00,54.2400016784668,54.349998474121094,54.15999984741211,54.189998626708984,63271,0.0,0.0
2024-02-20 12:30:00-05:00,54.16999816894531,54.33000183105469,54.150001525878906,54.2400016784668,29145,0.0,0.0
2024-02-20 13:30:00-05:00,54.26499938964844,54.310001373291016,54.20100021362305,54.279998779296875,45594,0.0,0.0
2024-02-20 14:30:00-05:00,54.279998779296875,54.279998779296875,54.15999984741211,54.19649887084961,30016,0.0,0.0
2024-02-20 15:30:00-05:00,54.20000076293945,54.38999938964844,54.04999923706055,54.29999923706055,156083,0.0,0.0
2024-02-21 09:30:00-05:00,54.34000015258789,54.34000015258789,53.619998931884766,53.68000030517578,75218,0.0,0.0
2024-02-21 10:30:00-05:00,53.68000030517578,53.77000045776367,53.63999938964844,53.650001525878906,46264,0.0,0.0
2024-02-21 11:30:00-05:00,53.650001525878906,53.66999816894531,53.58000183105469,53.630001068115234,43009,0.0,0.0
2024-02-21 12:30:00-05:00,53.619998931884766,53.625,53.43000030517578,53.52000045776367,41764,0.0,0.0
2024-02-21 13:30:00-05:00,53.529998779296875,53.685001373291016,53.5,53.66999816894531,68011,0.0,0.0
2024-02-21 14:30:00-05:00,53.66999816894531,53.66999816894531,53.52000045776367,53.625,47334,0.0,0.0
2024-02-21 15:30:00-05:00,53.63999938964844,53.84000015258789,53.630001068115234,53.70000076293945,111825,0.0,0.0
2024-02-22 09:30:00-05:00,54.060001373291016,54.470001220703125,53.869998931884766,54.345001220703125,60806,0.0,0.0
2024-02-22 10:30:00-05:00,54.36000061035156,54.459999084472656,54.27000045776367,54.400001525878906,34449,0.0,0.0
2024-02-22 11:30:00-05:00,54.40999984741211,54.52000045776367,54.279998779296875,54.52000045776367,38868,0.0,0.0
2024-02-22 12:30:00-05:00,54.540000915527344,54.63999938964844,54.52000045776367,54.63999938964844,33468,0.0,0.0
2024-02-22 13:30:00-05:00,54.63999938964844,54.7599983215332,54.56999969482422,54.7599983215332,37670,0.0,0.0
2024-02-22 14:30:00-05:00,54.7599983215332,54.7599983215332,54.56999969482422,54.63999938964844,54608,0.0,0.0
2024-02-22 15:30:00-05:00,54.619998931884766,54.79999923706055,54.619998931884766,54.75,196233,0.0,0.0
2024-02-23 09:30:00-05:00,54.970001220703125,55.33000183105469,54.880001068115234,55.2599983215332,1039924,0.0,0.0
2024-02-23 10:30:00-05:00,55.2599983215332,55.349998474121094,55.11000061035156,55.119998931884766,44065,0.0,0.0
2024-02-23 11:30:00-05:00,55.130001068115234,55.29399871826172,55.130001068115234,55.2599983215332,36682,0.0,0.0
2024-02-23 12:30:00-05:00,55.25,55.290000915527344,55.1510009765625,55.2400016784668,35979,0.0,0.0
2024-02-23 13:30:00-05:00,55.2400016784668,55.30149841308594,55.15999984741211,55.209999084472656,40512,0.0,0.0
2024-02-23 14:30:00-05:00,55.209999084472656,55.31999969482422,55.159000396728516,55.165000915527344,57020,0.0,0.0
2024-02-23 15:30:00-05:00,55.16999816894531,55.185001373291016,55.099998474121094,55.11000061035156,100594,0.0,0.0
2024-02-26 09:30:00-05:00,55.0099983215332,55.34000015258789,54.83000183105469,55.029998779296875,66072,0.0,0.0
2024-02-26 10:30:00-05:00,55.029998779296875,55.029998779296875,54.7599983215332,54.959999084472656,61208,0.0,0.0
2024-02-26 11:30:00-05:00,54.959999084472656,55.0099983215332,54.81999969482422,54.83000183105469,28700,0.0,0.0
2024-02-26 12:30:00-05:00,54.81999969482422,54.81999969482422,54.619998931884766,54.75,43482,0.0,0.0
2024-02-26 13:30:00-05:00,54.7599983215332,54.814998626708984,54.709999084472656,54.7400016784668,48156,0.0,0.0
2024-02-26 14:30:00-05:00,54.7400016784668,54.849998474121094,54.650001525878906,54.849998474121094,43131,0.0,0.0
2024-02-26 15:30:00-05:00,54.85499954223633,54.93000030517578,54.76499938964844,54.77000045776367,162614,0.0,0.0
2024-02-27 09:30:00-05:00,54.34000015258789,54.34000015258789,53.63999938964844,53.900001525878906,94731,0.0,0.0
2024-02-27 10:30:00-05:00,53.880001068115234,53.959999084472656,53.82500076293945,53.91999816894531,2808146,0.0,0.0
2024-02-27 11:30:00-05:00,53.915000915527344,53.959999084472656,53.70000076293945,53.79999923706055,70469,0.0,0.0
2024-02-27 12:30:00-05:00,53.790000915527344,53.84000015258789,53.70000076293945,53.70000076293945,42027,0.0,0.0
2024-02-27 13:30:00-05:00,53.68000030517578,53.790000915527344,53.595001220703125,53.75,43945,0.0,0.0
2024-02-27 14:30:00-05:00,53.7599983215332,53.900001525878906,53.70500183105469,53.880001068115234,50404,0.0,0.0
2024-02-27 15:30:00-05:00,53.88999938964844,53.92499923706055,53.845001220703125,53.869998931884766,111516,0.0,0.0
2024-02-28 09:30:00-05:00,53.7400016784668,53.935001373291016,53.54999923706055,53.84149932861328,37206,0.0,0.0
2024-02-28 10:30:00-05:00,53.84000015258789,54.09000015258789,53.84000015258789,54.06999969482422,34012,0.0,0.0
2024-02-28 11:30:00-05:00,54.099998474121094,54.23500061035156,54.02000045776367,54.04999923706055,46188,0.0,0.0
2024-02-28 12:30:00-05:00,54.04999923706055,54.11000061035156,53.93000030517578,54.03409957885742,34766,0.0,0.0
2024-02-28 13:30:00-05:00,54.040000915527344,54.040000915527344,53.7599983215332,53.810001373291016,28755,0.0,0.0
2024-02-28 14:30:00-05:00,53.790000915527344,53.790000915527344,53.63999938964844,53.779998779296875,38184,0.0,0.0
2024-02-28 15:30:00-05:00,53.77000045776367,53.85499954223633,53.75,53.84000015258789,87006,0.0,0.0
2024-02-29 09:30:00-05:00,53.939998626708984,53.939998626708984,53.609901428222656,53.79999923706055,48785,0.0,0.0
2024-02-29 10:30:00-05:00,53.77000045776367,53.84000015258789,53.56999969482422,53.56999969482422,22235,0.0,0.0
2024-02-29 11:30:00-05:00,53.540000915527344,53.599998474121094,53.43000030517578,53.584999084472656,22087,0.0,0.0
2024-02-29 12:30:00-05:00,53.56999969482422,53.61000061035156,53.529998779296875,53.58000183105469,18516,0.0,0.0
2024-02-29 13:30:00-05:00,53.53499984741211,53.53499984741211,53.43000030517578,53.459999084472656,24209,0.0,0.0
2024-02-29 14:30:00-05:00,53.45000076293945,53.4900016784668,53.279998779296875,53.36000061035156,61660,0.0,0.0
2024-02-29 15:30:00-05:00,53.375,53.41999816894531,53.099998474121094,53.099998474121094,209965,0.0,0.0
2024-03-01 09:30:00-05:00,53.06999969482422,53.650001525878906,53.0099983215332,53.58000183105469,50287,0.0,0.0
2024-03-01 10:30:00-05:00,53.54999923706055,53.84000015258789,53.53499984741211,53.630001068115234,38521,0.0,0.0
2024-03-01 11:30:00-05:00,53.619998931884766,53.755001068115234,53.560001373291016,53.584999084472656,40438,0.0,0.0
2024-03-01 12:30:00-05:00,53.59000015258789,53.689998626708984,53.560001373291016,53.599998474121094,34748,0.0,0.0
2024-03-01 13:30:00-05:00,53.61000061035156,53.63999938964844,53.470001220703125,53.529998779296875,35869,0.0,0.0
2024-03-01 14:30:00-05:00,53.59000015258789,53.599998474121094,53.4900016784668,53.4900016784668,37754,0.0,0.0
2024-03-01 15:30:00-05:00,53.4900016784668,53.59000015258789,53.439998626708984,53.5,134396,0.0,0.0
2024-03-04 09:30:00-05:00,53.2400016784668,53.58000183105469,53.16999816894531,53.38999938964844,34759,0.0,0.0
2024-03-04 10:30:00-05:00,53.38999938964844,53.540000915527344,53.38999938964844,53.45500183105469,11619,0.0,0.0
2024-03-04 11:30:00-05:00,53.459999084472656,53.52000045776367,53.33000183105469,53.4474983215332,15916,0.0,0.0
2024-03-04 12:30:00-05:00,53.46500015258789,53.47999954223633,53.310001373291016,53.34000015258789,16259,0.0,0.0
2024-03-04 13:30:00-05:00,53.33000183105469,53.33000183105469,53.10390090942383,53.150001525878906,19155,0.0,0.0
2024-03-04 14:30:00-05:00,53.150001525878906,53.380001068115234,53.14500045776367,53.349998474121094,32153,0.0,0.0
2024-03-04 15:30:00-05:00,53.34000015258789,53.36000061035156,53.220001220703125,53.22999954223633,70195,0.0,0.0
2024-03-05 09:30:00-05:00,53.31999969482422,53.689998626708984,53.189998626708984,53.540000915527344,38346,0.0,0.0
2024-03-05 10:30:00-05:00,53.54999923706055,53.70989990234375,53.529998779296875,53.70000076293945,24400,0.0,0.0
2024-03-05 11:30:00-05:00,53.720001220703125,53.75,53.560001373291016,53.65999984741211,22152,0.0,0.0
2024-03-05 12:30:00-05:00,53.63999938964844,53.810001373291016,53.6349983215332,53.790000915527344,25584,0.0,0.0
2024-03-05 13:30:00-05:00,53.790000915527344,53.88999938964844,53.7400016784668,53.84000015258789,41345,0.0,0.0
2024-03-05 14:30:00-05:00,53.84000015258789,53.84000015258789,53.45500183105469,53.459999084472656,47829,0.0,0.0
2024-03-05 15:30:00-05:00,53.45000076293945,53.7400016784668,53.435001373291016,53.66999816894531,87330,0.0,0.0
2024-03-06 09:30:00-05:00,53.97999954223633,54.5099983215332,53.91999816894531,54.290000915527344,96376,0.0,0.0
2024-03-06 10:30:00-05:00,54.262298583984375,54.47999954223633,54.20000076293945,54.400001525878906,42697,0.0,0.0
2024-03-06 11:30:00-05:00,54.40010070800781,54.45610046386719,54.220001220703125,54.279998779296875,89577,0.0,0.0
2024-03-06 12:30:00-05:00,54.279998779296875,54.279998779296875,54.099998474121094,54.22999954223633,65853,0.0,0.0
2024-03-06 13:30:00-05:00,54.209999084472656,54.34000015258789,54.060001373291016,54.31999969482422,88993,0.0,0.0
2024-03-06 14:30:00-05:00,54.33000183105469,54.3650016784668,54.15999984741211,54.20500183105469,162224,0.0,0.0
2024-03-06 15:30:00-05:00,54.209999084472656,54.27000045776367,54.119998931884766,54.2599983215332,216275,0.0,0.0
2024-03-07 09:30:00-05:00,54.56999969482422,54.779998779296875,54.5,54.779998779296875,53871,0.0,0.0
2024-03-07 10:30:00-05:00,54.779998779296875,54.970001220703125,54.75,54.959999084472656,108018,0.0,0.0
2024-03-07 11:30:00-05:00,54.95000076293945,55.06999969482422,54.849998474121094,55.029998779296875,83050,0.0,0.0
2024-03-07 12:30:00-05:00,55.02000045776367,55.189998626708984,54.94499969482422,55.189998626708984,81258,0.0,0.0
2024-03-07 13:30:00-05:00,55.189998626708984,55.29999923706055,55.15999984741211,55.220001220703125,79486,0.0,0.0
2024-03-07 14:30:00-05:00,55.220001220703125,55.2599983215332,55.15999984741211,55.15999984741211,96995,0.0,0.0
2024-03-07 15:30:00-05:00,55.15999984741211,55.209999084472656,55.119998931884766,55.119998931884766,151889,0.0,0.0
2024-03-08 09:30:00-05:00,55.310001373291016,55.43000030517578,55.029998779296875,55.2400016784668,42197,0.0,0.0
2024-03-08 10:30:00-05:00,55.2400016784668,55.39500045776367,55.130001068115234,55.13999938964844,32448,0.0,0.0
2024-03-08 11:30:00-05:00,55.15999984741211,55.209999084472656,55.08000183105469,55.11000061035156,25263,0.0,0.0
2024-03-08 12:30:00-05:00,55.10499954223633,55.11000061035156,54.900001525878906,55.029998779296875,31744,0.0,0.0
2024-03-08 13:30:00-05:00,55.029998779296875,55.15999984741211,54.93000030517578,55.13999938964844,25555,0.0,0.0
2024-03-08 14:30:00-05:00,55.16999816894531,55.20000076293945,54.97999954223633,54.97999954223633,43281,0.0,0.0
2024-03-08 15:30:00-05:00,54.97999954223633,55.099998474121094,54.970001220703125,54.9900016784668,78289,0.0,0.0
2024-03-11 09:30:00-04:00,54.650001525878906,54.79999923706055,54.5099983215332,54.72999954223633,27924,0.0,0.0
2024-03-11 10:30:00-04:00,54.7400016784668,54.84000015258789,54.630001068115234,54.665000915527344,24037,0.0,0.0
2024-03-11 11:30:00-04:00,54.63999938964844,54.834999084472656,54.619998931884766,54.779998779296875,17450,0.0,0.0
2024-03-11 12:30:00-04:00,54.80500030517578,54.939998626708984,54.80500030517578,54.904998779296875,17648,0.0,0.0
2024-03-11 13:30:00-04:00,54.900001525878906,54.970001220703125,54.84000015258789,54.86000061035156,24151,0.0,0.0
2024-03-11 14:30:00-04:00,54.869998931884766,54.94499969482422,54.8650016784668,54.88999938964844,24575,0.0,0.0
2024-03-11 15:30:00-04:00,54.88999938964844,54.98500061035156,54.84000015258789,54.93000030517578,65985,0.0,0.0
2024-03-12 09:30:00-04:00,54.93000030517578,55.13999938964844,54.709999084472656,54.90999984741211,33040,0.0,0.0
2024-03-12 10:30:00-04:00,54.90999984741211,54.9900016784668,54.84000015258789,54.86000061035156,19342,0.0,0.0
2024-03-12 11:30:00-04:00,54.869998931884766,54.91999816894531,54.779998779296875,54.79499816894531,23573,0.0,0.0
2024-03-12 12:30:00-04:00,54.790000915527344,54.790000915527344,54.529998779296875,54.665000915527344,23634,0.0,0.0
2024-03-12 13:30:00-04:00,54.689998626708984,54.790000915527344,54.672000885009766,54.779998779296875,21528,0.0,0.0
2024-03-12 14:30:00-04:00,54.779998779296875,54.810001373291016,54.689998626708984,54.75,40631,0.0,0.0
2024-03-12 15:30:00-04:00,54.75,54.86000061035156,54.744998931884766,54.83000183105469,56628,0.0,0.0
2024-03-13 09:30:00-04:00,54.90999984741211,55.15999984741211,54.79999923706055,55.150001525878906,24608,0.0,0.0
2024-03-13 10:30:00-04:00,55.119998931884766,55.290000915527344,55.11000061035156,55.22999954223633,41268,0.0,0.0
2024-03-13 11:30:00-04:00,55.209999084472656,55.25,55.06999969482422,55.130001068115234,46642,0.0,0.0
2024-03-13 12:30:00-04:00,55.150001525878906,55.279998779296875,55.11000061035156,55.189998626708984,42971,0.0,0.0
2024-03-13 13:30:00-04:00,55.19499969482422,55.19499969482422,55.11000061035156,55.150001525878906,35108,0.0,0.0
2024-03-13 14:30:00-04:00,55.15999984741211,55.189998626708984,55.029998779296875,55.04999923706055,29196,0.0,0.0
2024-03-13 15:30:00-04:00,55.08000183105469,55.20000076293945,55.08000183105469,55.16999816894531,91915,0.0,0.0
2024-03-14 09:30:00-04:00,55.20000076293945,55.20000076293945,54.38999938964844,54.52000045776367,40368,0.0,0.0
2024-03-14 10:30:00-04:00,54.540000915527344,54.59000015258789,54.310001373291016,54.35900115966797,27574,0.0,0.0
2024-03-14 11:30:00-04:00,54.36000061035156,54.540000915527344,54.34000015258789,54.52000045776367,15278,0.0,0.0
2024-03-14 12:30:00-04:00,54.524898529052734,54.529998779296875,54.290000915527344,54.310001373291016,14743,0.0,0.0
2024-03-14 13:30:00-04:00,54.27000045776367,54.380001068115234,54.2599983215332,54.36000061035156,21857,0.0,0.0
2024-03-14 14:30:00-04:00,54.349998474121094,54.369998931884766,54.20330047607422,54.369998931884766,32940,0.0,0.0
2024-03-14 15:30:00-04:00,54.380001068115234,54.599998474121094,54.33700180053711,54.599998474121094,43349,0.0,0.0
2024-03-15 09:30:00-04:00,54.470001220703125,54.81999969482422,54.40999984741211,54.724998474121094,26218,0.0,0.0
2024-03-15 10:30:00-04:00,54.7599983215332,54.84000015258789,54.70000076293945,54.790000915527344,16931,0.0,0.0
2024-03-15 11:30:00-04:00,54.77000045776367,54.849998474121094,54.630001068115234,54.63999938964844,32704,0.0,0.0
2024-03-15 12:30:00-04:00,54.63999938964844,54.709999084472656,54.52000045776367,54.709999084472656,18439,0.0,0.0
2024-03-15 13:30:00-04:00,54.709999084472656,54.81999969482422,54.709999084472656,54.81999969482422,29882,0.0,0.0
2024-03-15 14:30:00-04:00,54.83000183105469,54.900001525878906,54.80500030517578,54.849998474121094,43216,0.0,0.0
2024-03-15 15:30:00-04:00,54.834999084472656,54.834999084472656,54.54999923706055,54.630001068115234,106106,0.0,0.0
2024-03-18 09:30:00-04:00,54.59000015258789,54.849998474121094,54.560001373291016,54.77000045776367,28427,0.0,0.0
2024-03-18 10:30:00-04:00,54.75,54.84000015258789,54.650001525878906,54.84000015258789,17568,0.0,0.0
2024-03-18 11:30:00-04:00,54.849998474121094,54.95000076293945,54.810001373291016,54.847599029541016,16909,0.0,0.0
2024-03-18 12:30:00-04:00,54.82500076293945,54.880001068115234,54.779998779296875,54.869998931884766,13198,0.0,0.0
2024-03-18 13:30:00-04:00,54.86000061035156,54.86000061035156,54.65999984741211,54.77000045776367,17407,0.0,0.0
2024-03-18 14:30:00-04:00,54.779998779296875,54.779998779296875,54.650001525878906,54.65999984741211,24818,0.0,0.0
2024-03-18 15:30:00-04:00,54.650001525878906,54.66999816894531,54.470001220703125,54.540000915527344,81551,0.0,0.0
2024-03-19 09:30:00-04:00,54.4900016784668,54.682498931884766,54.380001068115234,54.60499954223633,23929,0.0,0.0
2024-03-19 10:30:00-04:00,54.630001068115234,54.65999984741211,54.45000076293945,54.59000015258789,21944,0.0,0.0
2024-03-19 11:30:00-04:00,54.599998474121094,54.810001373291016,54.599998474121094,54.810001373291016,26517,0.0,0.0
2024-03-19 12:30:00-04:00,54.81999969482422,54.849998474121094,54.689998626708984,54.720001220703125,22060,0.0,0.0
2024-03-19 13:30:00-04:00,54.744998931884766,54.7599983215332,54.689998626708984,54.7400016784668,24016,0.0,0.0
2024-03-19 14:30:00-04:00,54.7400016784668,54.7400016784668,54.560001373291016,54.56010055541992,25434,0.0,0.0
2024-03-19 15:30:00-04:00,54.56999969482422,54.689998626708984,54.52289962768555,54.625,76768,0.0,0.0
2024-03-20 09:30:00-04:00,54.459999084472656,54.810001373291016,54.459999084472656,54.779998779296875,23102,0.0,0.0
2024-03-20 10:30:00-04:00,54.7599983215332,54.76499938964844,54.63999938964844,54.7400016784668,18579,0.0,0.0
2024-03-20 11:30:00-04:00,54.709999084472656,54.71500015258789,54.619998931884766,54.63999938964844,17896,0.0,0.0
2024-03-20 12:30:00-04:00,54.65999984741211,54.70000076293945,54.63999938964844,54.650001525878906,10070,0.0,0.0
2024-03-20 13:30:00-04:00,54.630001068115234,54.94499969482422,54.61000061035156,54.88999938964844,20208,0.0,0.0
2024-03-20 14:30:00-04:00,54.900001525878906,55.16999816894531,54.68000030517578,55.150001525878906,63749,0.0,0.0
2024-03-20 15:30:00-04:00,55.15999984741211,55.15999984741211,54.95000076293945,55.08000183105469,78608,0.0,0.0
2024-03-21 09:30:00-04:00,55.220001220703125,55.459999084472656,55.08000183105469,55.29999923706055,30638,0.0,0.0
2024-03-21 10:30:00-04:00,55.27000045776367,55.29999923706055,55.16999816894531,55.16999816894531,22157,0.0,0.0
2024-03-21 11:30:00-04:00,55.18000030517578,55.349998474121094,55.18000030517578,55.33000183105469,17762,0.0,0.0
2024-03-21 12:30:00-04:00,55.34000015258789,55.400001525878906,55.29999923706055,55.31340026855469,20658,0.0,0.0
2024-03-21 13:30:00-04:00,55.31999969482422,55.31999969482422,55.2599983215332,55.279998779296875,27993,0.0,0.0
2024-03-21 14:30:00-04:00,55.279998779296875,55.28499984741211,55.11000061035156,55.150001525878906,42024,0.0,0.0
2024-03-21 15:30:00-04:00,55.165000915527344,55.21500015258789,55.029998779296875,55.04999923706055,98888,0.0,0.0
2024-03-22 09:30:00-04:00,54.91999816894531,55.130001068115234,54.88999938964844,54.91999816894531,20440,0.0,0.0
2024-03-22 10:30:00-04:00,54.97999954223633,54.97999954223633,54.5099983215332,54.529998779296875,29369,0.0,0.0
2024-03-22 11:30:00-04:00,54.529998779296875,54.560001373291016,54.459999084472656,54.470001220703125,14347,0.0,0.0
2024-03-22 12:30:00-04:00,54.4900016784668,54.5099983215332,54.380001068115234,54.38999938964844,19727,0.0,0.0
2024-03-22 13:30:00-04:00,54.400001525878906,54.41999816894531,54.310001373291016,54.40999984741211,29205,0.0,0.0
2024-03-22 14:30:00-04:00,54.400001525878906,54.400001525878906,54.189998626708984,54.220001220703125,34524,0.0,0.0
2024-03-22 15:30:00-04:00,54.275001525878906,54.31999969482422,54.189998626708984,54.209999084472656,62416,0.0,0.0
2024-03-25 09:30:00-04:00,54.209999084472656,54.479000091552734,54.08000183105469,54.45000076293945,27928,0.0,0.0
2024-03-25 10:30:00-04:00,54.43000030517578,54.470001220703125,54.38999938964844,54.439998626708984,23031,0.0,0.0
2024-03-25 11:30:00-04:00,54.43000030517578,54.43000030517578,54.310001373291016,54.36000061035156,23668,0.0,0.0
2024-03-25 12:30:00-04:00,54.369998931884766,54.369998931884766,54.209999084472656,54.290000915527344,17739,0.0,0.0
2024-03-25 13:30:00-04:00,54.29999923706055,54.334999084472656,54.27000045776367,54.279998779296875,21888,0.0,0.0
2024-03-25 14:30:00-04:00,54.27000045776367,54.29909896850586,54.099998474121094,54.130001068115234,42817,0.0,0.0
2024-03-25 15:30:00-04:00,54.147499084472656,54.209999084472656,54.060001373291016,54.06999969482422,54160,0.0,0.0
2024-03-26 09:30:00-04:00,54.31999969482422,54.5,54.040000915527344,54.494998931884766,30692,0.0,0.0
2024-03-26 10:30:00-04:00,54.4900016784668,54.619998931884766,54.470001220703125,54.59000015258789,24893,0.0,0.0
2024-03-26 11:30:00-04:00,54.59000015258789,54.599998474121094,54.43000030517578,54.5,27763,0.0,0.0
2024-03-26 12:30:00-04:00,54.52000045776367,54.619998931884766,54.48500061035156,54.56999969482422,27153,0.0,0.0
2024-03-26 13:30:00-04:00,54.56999969482422,54.720001220703125,54.56999969482422,54.59000015258789,25775,0.0,0.0
2024-03-26 14:30:00-04:00,54.59000015258789,54.61000061035156,54.41999816894531,54.43000030517578,39881,0.0,0.0
2024-03-26 15:30:00-04:00,54.400001525878906,54.459999084472656,54.22999954223633,54.279998779296875,101228,0.0,0.0
2024-03-27 09:30:00-04:00,54.349998474121094,54.695098876953125,54.349998474121094,54.63999938964844,20249,0.0,0.0
2024-03-27 10:30:00-04:00,54.630001068115234,54.7400016784668,54.560001373291016,54.689998626708984,41140,0.0,0.0
2024-03-27 11:30:00-04:00,54.66999816894531,54.68000030517578,54.310001373291016,54.380001068115234,49916,0.0,0.0
2024-03-27 12:30:00-04:00,54.38999938964844,54.45500183105469,54.34000015258789,54.41999816894531,26807,0.0,0.0
2024-03-27 13:30:00-04:00,54.400001525878906,54.400001525878906,54.25,54.27000045776367,28997,0.0,0.0
2024-03-27 14:30:00-04:00,54.27000045776367,54.34000015258789,54.119998931884766,54.21500015258789,71260,0.0,0.0
2024-03-27 15:30:00-04:00,54.224998474121094,54.40999984741211,54.220001220703125,54.400001525878906,88618,0.0,0.0
2024-03-28 09:30:00-04:00,54.5099983215332,54.88999938964844,54.5099983215332,54.619998931884766,48892,0.0,0.0
2024-03-28 10:30:00-04:00,54.58000183105469,54.7599983215332,54.55500030517578,54.72999954223633,22252,0.0,0.0
2024-03-28 11:30:00-04:00,54.70000076293945,54.77000045776367,54.650001525878906,54.7599983215332,17476,0.0,0.0
2024-03-28 12:30:00-04:00,54.75,54.75,54.599998474121094,54.619998931884766,36273,0.0,0.0
2024-03-28 13:30:00-04:00,54.619998931884766,54.654998779296875,54.54999923706055,54.56999969482422,31057,0.0,0.0
2024-03-28 14:30:00-04:00,54.56999969482422,54.709999084472656,54.540000915527344,54.709999084472656,71042,0.0,0.0
2024-03-28 15:30:00-04:00,54.71500015258789,54.77000045776367,54.54999923706055,54.56999969482422,144590,0.0,0.0
2024-04-01 09:30:00-04:00,54.38999938964844,54.54999923706055,54.060001373291016,54.349998474121094,38708,0.0,0.0
2024-04-01 10:30:00-04:00,54.349998474121094,54.3650016784668,54.130001068115234,54.18000030517578,20457,0.0,0.0
2024-04-01 11:30:00-04:00,54.1349983215332,54.1349983215332,53.970001220703125,54.05500030517578,23177,0.0,0.0
2024-04-01 12:30:00-04:00,54.04499816894531,54.060001373291016,53.900001525878906,53.935001373291016,23861,0.0,0.0
2024-04-01 13:30:00-04:00,53.939998626708984,54.029998779296875,53.84000015258789,53.849998474121094,28411,0.0,0.0
2024-04-01 14:30:00-04:00,53.84000015258789,53.849998474121094,53.755001068115234,53.779998779296875,52171,0.0,0.0
2024-04-01 15:30:00-04:00,53.779998779296875,54.03499984741211,53.70000076293945,53.95000076293945,173588,0.0,0.0
2024-04-02 09:30:00-04:00,53.630001068115234,53.849998474121094,53.5,53.650001525878906,37765,0.0,0.0
2024-04-02 10:30:00-04:00,53.625,53.630001068115234,53.43000030517578,53.47999954223633,23307,0.0,0.0
2024-04-02 11:30:00-04:00,53.4900016784668,53.5,53.39500045776367,53.45000076293945,21495,0.0,0.0
2024-04-02 12:30:00-04:00,53.43000030517578,53.45000076293945,53.35499954223633,53.400001525878906,68946,0.0,0.0
2024-04-02 13:30:00-04:00,53.400001525878906,53.41999816894531,53.33000183105469,53.400001525878906,24014,0.0,0.0
2024-04-02 14:30:00-04:00,53.3849983215332,53.435001373291016,53.29499816894531,53.42499923706055,38618,0.0,0.0
2024-04-02 15:30:00-04:00,53.41999816894531,53.459999084472656,53.34000015258789,53.349998474121094,159426,0.0,0.0
2024-04-03 09:30:00-04:00,53.2400016784668,53.79999923706055,53.18000030517578,53.51850128173828,44413,0.0,0.0
2024-04-03 10:30:00-04:00,53.52000045776367,53.61000061035156,53.45500183105469,53.540000915527344,30988,0.0,0.0
2024-04-03 11:30:00-04:00,53.540000915527344,53.55500030517578,53.39039993286133,53.540000915527344,18761,0.0,0.0
2024-04-03 12:30:00-04:00,53.540000915527344,53.630001068115234,53.5099983215332,53.630001068115234,26891,0.0,0.0
2024-04-03 13:30:00-04:00,53.63999938964844,53.650001525878906,53.4900016784668,53.505001068115234,28541,0.0,0.0
2024-04-03 14:30:00-04:00,53.5,53.630001068115234,53.43000030517578,53.474998474121094,67962,0.0,0.0
2024-04-03 15:30:00-04:00,53.474998474121094,53.5,53.34000015258789,53.36000061035156,162521,0.0,0.0
2024-04-04 09:30:00-04:00,53.84000015258789,54.0099983215332,53.72999954223633,53.84000015258789,29844,0.0,0.0
2024-04-04 10:30:00-04:00,53.88999938964844,53.97809982299805,53.66999816894531,53.70000076293945,24112,0.0,0.0
2024-04-04 11:30:00-04:00,53.70000076293945,53.744998931884766,53.68000030517578,53.724998474121094,21689,0.0,0.0
2024-04-04 12:30:00-04:00,53.720001220703125,53.72999954223633,53.66999816894531,53.709999084472656,19601,0.0,0.0
2024-04-04 13:30:00-04:00,53.70500183105469,53.70500183105469,53.31999969482422,53.38999938964844,24994,0.0,0.0
2024-04-04 14:30:00-04:00,53.310001373291016,53.369998931884766,53.09000015258789,53.09000015258789,57595,0.0,0.0
2024-04-04 15:30:00-04:00,53.119998931884766,53.255001068115234,53.04999923706055,53.119998931884766,94700,0.0,0.0
2024-04-05 09:30:00-04:00,52.939998626708984,53.349998474121094,52.869998931884766,53.20500183105469,28640,0.0,0.0
2024-04-05 10:30:00-04:00,53.209999084472656,53.38999938964844,53.209999084472656,53.31999969482422,28144,0.0,0.0
2024-04-05 11:30:00-04:00,53.33000183105469,53.57500076293945,53.310001373291016,53.525001525878906,24317,0.0,0.0
2024-04-05 12:30:00-04:00,53.540000915527344,53.564998626708984,53.349998474121094,53.41999816894531,24022,0.0,0.0
2024-04-05 13:30:00-04:00,53.40999984741211,53.4900016784668,53.29999923706055,53.40999984741211,39824,0.0,0.0
2024-04-05 14:30:00-04:00,53.36000061035156,53.40999984741211,53.290000915527344,53.38999938964844,38101,0.0,0.0
2024-04-05 15:30:00-04:00,53.380001068115234,53.45000076293945,53.36000061035156,53.400001525878906,69675,0.0,0.0
2024-04-08 09:30:00-04:00,53.56999969482422,53.72999954223633,53.349998474121094,53.529998779296875,15823,0.0,0.0
2024-04-08 10:30:00-04:00,53.5099983215332,53.52000045776367,53.349998474121094,53.3650016784668,17040,0.0,0.0
2024-04-08 11:30:00-04:00,53.36000061035156,53.43000030517578,53.29999923706055,53.41999816894531,25844,0.0,0.0
2024-04-08 12:30:00-04:00,53.43579864501953,53.439998626708984,53.349998474121094,53.38999938964844,23980,0.0,0.0
2024-04-08 13:30:00-04:00,53.38999938964844,53.45000076293945,53.380001068115234,53.439998626708984,16102,0.0,0.0
2024-04-08 14:30:00-04:00,53.41999816894531,53.41999816894531,53.31999969482422,53.40999984741211,31535,0.0,0.0
2024-04-08 15:30:00-04:00,53.404998779296875,53.439998626708984,53.290000915527344,53.34000015258789,111448,0.0,0.0
2024-04-09 09:30:00-04:00,53.52000045776367,53.54999923706055,53.040000915527344,53.09000015258789,25020,0.0,0.0
2024-04-09 10:30:00-04:00,53.0,53.029998779296875,52.65999984741211,52.869998931884766,27586,0.0,0.0
2024-04-09 11:30:00-04:00,52.90999984741211,53.0,52.880001068115234,52.88999938964844,18735,0.0,0.0
2024-04-09 12:30:00-04:00,52.900001525878906,52.97999954223633,52.779998779296875,52.880001068115234,25246,0.0,0.0
2024-04-09 13:30:00-04:00,52.88999938964844,52.970001220703125,52.810001373291016,52.939998626708984,40278,0.0,0.0
2024-04-09 14:30:00-04:00,52.939998626708984,53.080101013183594,52.83000183105469,53.080101013183594,37235,0.0,0.0
2024-04-09 15:30:00-04:00,53.09000015258789,53.189998626708984,53.08000183105469,53.16999816894531,105936,0.0,0.0
2024-04-10 09:30:00-04:00,52.47999954223633,52.540000915527344,52.18000030517578,52.5099983215332,51964,0.0,0.0
2024-04-10 10:30:00-04:00,52.5,52.66999816894531,52.369998931884766,52.43000030517578,41170,0.0,0.0
2024-04-10 11:30:00-04:00,52.43000030517578,52.439998626708984,52.060001373291016,52.09700012207031,30203,0.0,0.0
2024-04-10 12:30:00-04:00,52.08000183105469,52.220001220703125,51.95000076293945,52.150001525878906,65534,0.0,0.0
2024-04-10 13:30:00-04:00,52.099998474121094,52.33000183105469,52.0,52.290000915527344,64740,0.0,0.0
2024-04-10 14:30:00-04:00,52.279998779296875,52.38999938964844,52.189998626708984,52.30500030517578,66079,0.0,0.0
2024-04-10 15:30:00-04:00,52.310001373291016,52.505001068115234,52.279998779296875,52.459999084472656,201541,0.0,0.0
2024-04-11 09:30:00-04:00,52.529998779296875,52.540000915527344,51.56999969482422,51.59000015258789,100704,0.0,0.0
2024-04-11 10:30:00-04:00,51.54999923706055,51.68000030517578,51.38999938964844,51.59000015258789,65212,0.0,0.0
2024-04-11 11:30:00-04:00,51.59000015258789,51.959999084472656,51.540000915527344,51.775001525878906,34321,0.0,0.0
2024-04-11 12:30:00-04:00,51.75,51.83000183105469,51.599998474121094,51.75529861450195,41520,0.0,0.0
2024-04-11 13:30:00-04:00,51.7400016784668,52.0099983215332,51.599998474121094,51.97999954223633,88497,0.0,0.0
2024-04-11 14:30:00-04:00,51.97999954223633,51.97999954223633,51.77000045776367,51.81999969482422,120281,0.0,0.0
2024-04-11 15:30:00-04:00,51.810001373291016,51.81999969482422,51.61000061035156,51.66999816894531,143223,0.0,0.0
2024-04-12 09:30:00-04:00,51.290000915527344,51.58000183105469,51.150001525878906,51.18000030517578,48908,0.0,0.0
2024-04-12 10:30:00-04:00,51.16999816894531,51.220001220703125,51.060001373291016,51.11000061035156,28351,0.0,0.0
2024-04-12 11:30:00-04:00,51.119998931884766,51.25,51.060001373291016,51.1150016784668,22607,0.0,0.0
2024-04-12 12:30:00-04:00,51.114200592041016,51.119998931884766,50.91999816894531,50.93000030517578,46577,0.0,0.0
2024-04-12 13:30:00-04:00,50.88999938964844,51.099998474121094,50.790000915527344,50.97999954223633,67738,0.0,0.0
2024-04-12 14:30:00-04:00,50.97999954223633,50.97999954223633,50.779998779296875,50.83000183105469,68660,0.0,0.0
2024-04-12 15:30:00-04:00,50.83000183105469,51.06999969482422,50.83000183105469,50.95000076293945,125212,0.0,0.0
2024-04-15 09:30:00-04:00,51.4900016784668,51.83000183105469,51.220001220703125,51.220001220703125,29812,0.0,0.0
2024-04-15 10:30:00-04:00,51.189998626708984,51.2578010559082,51.02000045776367,51.060001373291016,22722,0.0,0.0
2024-04-15 11:30:00-04:00,51.099998474121094,51.220001220703125,51.0,51.02000045776367,23657,0.0,0.0
2024-04-15 12:30:00-04:00,51.0,51.060001373291016,50.77000045776367,50.790000915527344,27443,0.0,0.0
2024-04-15 13:30:00-04:00,50.77000045776367,50.79999923706055,50.54999923706055,50.59000015258789,38459,0.0,0.0
2024-04-15 14:30:00-04:00,50.58000183105469,50.709999084472656,50.55500030517578,50.60499954223633,49013,0.0,0.0
2024-04-15 15:30:00-04:00,50.60499954223633,50.790000915527344,50.560001373291016,50.75,120504,0.0,0.0
2024-04-16 09:30:00-04:00,50.540000915527344,50.59000015258789,49.9900016784668,50.099998474121094,32154,0.0,0.0
2024-04-16 10:30:00-04:00,50.060001373291016,50.22999954223633,49.97999954223633,50.18000030517578,31705,0.0,0.0
2024-04-16 11:30:00-04:00,50.15999984741211,50.380001068115234,50.13999938964844,50.20000076293945,32186,0.0,0.0
2024-04-16 12:30:00-04:00,50.20000076293945,50.31999969482422,50.18000030517578,50.2599983215332,22482,0.0,0.0
2024-04-16 13:30:00-04:00,50.2400016784668,50.470001220703125,50.029998779296875,50.16999816894531,61187,0.0,0.0
2024-04-16 14:30:00-04:00,50.189998626708984,50.43000030517578,50.16999816894531,50.400001525878906,71088,0.0,0.0
2024-04-16 15:30:00-04:00,50.3849983215332,50.400001525878906,50.15999984741211,50.31999969482422,121503,0.0,0.0
2024-04-17 09:30:00-04:00,50.58000183105469,50.810001373291016,50.43000030517578,50.59000015258789,31160,0.0,0.0
2024-04-17 10:30:00-04:00,50.59000015258789,50.61000061035156,50.119998931884766,50.119998931884766,27632,0.0,0.0
2024-04-17 11:30:00-04:00,50.09000015258789,50.150001525878906,49.88290023803711,49.9900016784668,34773,0.0,0.0
2024-04-17 12:30:00-04:00,49.9900016784668,50.220001220703125,49.970001220703125,50.220001220703125,38003,0.0,0.0
2024-04-17 13:30:00-04:00,50.2400016784668,50.34000015258789,50.18000030517578,50.27000045776367,25745,0.0,0.0
2024-04-17 14:30:00-04:00,50.27000045776367,50.439998626708984,50.11000061035156,50.189998626708984,67914,0.0,0.0
2024-04-17 15:30:00-04:00,50.18000030517578,50.33000183105469,50.154998779296875,50.209999084472656,108744,0.0,0.0
2024-04-18 09:30:00-04:00,50.40999984741211,50.720001220703125,50.29999923706055,50.68000030517578,27013,0.0,0.0
2024-04-18 10:30:00-04:00,50.720001220703125,50.83000183105469,50.67499923706055,50.77000045776367,36569,0.0,0.0
2024-04-18 11:30:00-04:00,50.7599983215332,50.77000045776367,50.58000183105469,50.61000061035156,28867,0.0,0.0
2024-04-18 12:30:00-04:00,50.599998474121094,50.599998474121094,50.27000045776367,50.38999938964844,30228,0.0,0.0
2024-04-18 13:30:00-04:00,50.38999938964844,50.5099983215332,50.290000915527344,50.459999084472656,27811,0.0,0.0
2024-04-18 14:30:00-04:00,50.45000076293945,50.54999923706055,50.400001525878906,50.540000915527344,42680,0.0,0.0
2024-04-18 15:30:00-04:00,50.56999969482422,50.73500061035156,50.560001373291016,50.68000030517578,108806,0.0,0.0
2024-04-19 09:30:00-04:00,50.720001220703125,51.13999938964844,50.619998931884766,51.084999084472656,31366,0.0,0.0
2024-04-19 10:30:00-04:00,51.099998474121094,51.189998626708984,51.0099983215332,51.06999969482422,28244,0.0,0.0
2024-04-19 11:30:00-04:00,51.060001373291016,51.16999816894531,50.83000183105469,50.869998931884766,35223,0.0,0.0
2024-04-19 12:30:00-04:00,50.880001068115234,51.04999923706055,50.84000015258789,50.95000076293945,35222,0.0,0.0
2024-04-19 13:30:00-04:00,50.959999084472656,51.060001373291016,50.79999923706055,50.79999923706055,49921,0.0,0.0
2024-04-19 14:30:00-04:00,50.80500030517578,51.06999969482422,50.77000045776367,50.959999084472656,69887,0.0,0.0
2024-04-19 15:30:00-04:00,50.904998779296875,51.130001068115234,50.88999938964844,51.11000061035156,130392,0.0,0.0
2024-04-22 09:30:00-04:00,51.33000183105469,51.68000030517578,51.25,51.61000061035156,27259,0.0,0.0
2024-04-22 10:30:00-04:00,51.630001068115234,51.72999954223633,51.5,51.540000915527344,29603,0.0,0.0
2024-04-22 11:30:00-04:00,51.54999923706055,51.61000061035156,51.5,51.54999923706055,30851,0.0,0.0
2024-04-22 12:30:00-04:00,51.54999923706055,51.7400016784668,51.529998779296875,51.7400016784668,32573,0.0,0.0
2024-04-22 13:30:00-04:00,51.790000915527344,51.9900016784668,51.77000045776367,51.90999984741211,47368,0.0,0.0
2024-04-22 14:30:00-04:00,51.90999984741211,51.970001220703125,51.7599983215332,51.77000045776367,36070,0.0,0.0
2024-04-22 15:30:00-04:00,51.77000045776367,51.779998779296875,51.529998779296875,51.58000183105469,128242,0.0,0.0
2024-04-23 09:30:00-04:00,51.70000076293945,52.099998474121094,51.59000015258789,51.959999084472656,30268,0.0,0.0
2024-04-23 10:30:00-04:00,51.970001220703125,52.04999923706055,51.86000061035156,51.939998626708984,28142,0.0,0.0
2024-04-23 11:30:00-04:00,51.93000030517578,51.95000076293945,51.77000045776367,51.95000076293945,21925,0.0,0.0
2024-04-23 12:30:00-04:00,51.95000076293945,52.040000915527344,51.939998626708984,52.0099983215332,19224,0.0,0.0
2024-04-23 13:30:00-04:00,52.029998779296875,52.040000915527344,51.88999938964844,51.91999816894531,27428,0.0,0.0
2024-04-23 14:30:00-04:00,51.915000915527344,51.97999954223633,51.880001068115234,51.91999816894531,34554,0.0,0.0
2024-04-23 15:30:00-04:00,51.90999984741211,51.974998474121094,51.83000183105469,51.86000061035156,89993,0.0,0.0
2024-04-24 09:30:00-04:00,51.650001525878906,52.095001220703125,51.56999969482422,51.880001068115234,35332,0.0,0.0
2024-04-24 10:30:00-04:00,51.880001068115234,51.900001525878906,51.63999938964844,51.685001373291016,24304,0.0,0.0
2024-04-24 11:30:00-04:00,51.66999816894531,51.72999954223633,51.59000015258789,51.65999984741211,39083,0.0,0.0
2024-04-24 12:30:00-04:00,51.63999938964844,51.72999954223633,51.54999923706055,51.689998626708984,41657,0.0,0.0
2024-04-24 13:30:00-04:00,51.70000076293945,51.83000183105469,51.689998626708984,51.7400016784668,29420,0.0,0.0
2024-04-24 14:30:00-04:00,51.7599983215332,51.77000045776367,51.599998474121094,51.650001525878906,62610,0.0,0.0
2024-04-24 15:30:00-04:00,51.65999984741211,51.73500061035156,51.63999938964844,51.72999954223633,169242,0.0,0.0
2024-04-25 09:30:00-04:00,51.38999938964844,51.43000030517578,50.79999923706055,51.11000061035156,48926,0.0,0.0
2024-04-25 10:30:00-04:00,51.130001068115234,51.27000045776367,50.97999954223633,51.255001068115234,60270,0.0,0.0
2024-04-25 11:30:00-04:00,51.25,51.349998474121094,51.15999984741211,51.32500076293945,62688,0.0,0.0
2024-04-25 12:30:00-04:00,51.31999969482422,51.369998931884766,51.2599983215332,51.290000915527344,32137,0.0,0.0
2024-04-25 13:30:00-04:00,51.310001373291016,51.459999084472656,51.220001220703125,51.220001220703125,37379,0.0,0.0
2024-04-25 14:30:00-04:00,51.220001220703125,51.38999938964844,51.15999984741211,51.36000061035156,56597,0.0,0.0
2024-04-25 15:30:00-04:00,51.36000061035156,51.400001525878906,51.279998779296875,51.34000015258789,101491,0.0,0.0
2024-04-26 09:30:00-04:00,51.41999816894531,51.540000915527344,51.119998931884766,51.43000030517578,35238,0.0,0.0
2024-04-26 10:30:00-04:00,51.40999984741211,51.529998779296875,51.38999938964844,51.41999816894531,53075,0.0,0.0
2024-04-26 11:30:00-04:00,51.40999984741211,51.65999984741211,51.38999938964844,51.65999984741211,33532,0.0,0.0
2024-04-26 12:30:00-04:00,51.665000915527344,51.71500015258789,51.630001068115234,51.69499969482422,32066,0.0,0.0
2024-04-26 13:30:00-04:00,51.689998626708984,51.744998931884766,51.619998931884766,51.68000030517578,39133,0.0,0.0
2024-04-26 14:30:00-04:00,51.68000030517578,51.83000183105469,51.66999816894531,51.70000076293945,61230,0.0,0.0
2024-04-26 15:30:00-04:00,51.689998626708984,51.73500061035156,51.630001068115234,51.70500183105469,97894,0.0,0.0
2024-04-29 09:30:00-04:00,51.790000915527344,51.91699981689453,51.540000915527344,51.59000015258789,34420,0.0,0.0
2024-04-29 10:30:00-04:00,51.595001220703125,51.949100494384766,51.56999969482422,51.939998626708984,27579,0.0,0.0
2024-04-29 11:30:00-04:00,51.93000030517578,52.02000045776367,51.868499755859375,52.02000045776367,22819,0.0,0.0
2024-04-29 12:30:00-04:00,52.02000045776367,52.02629852294922,51.89500045776367,51.93000030517578,20979,0.0,0.0
2024-04-29 13:30:00-04:00,51.93000030517578,51.95000076293945,51.70000076293945,51.70500183105469,37582,0.0,0.0
2024-04-29 14:30:00-04:00,51.70000076293945,51.70000076293945,51.400001525878906,51.5099983215332,57676,0.0,0.0
2024-04-29 15:30:00-04:00,51.5099983215332,51.66999816894531,51.42499923706055,51.630001068115234,137231,0.0,0.0
2024-04-30 09:30:00-04:00,51.220001220703125,51.63999938964844,51.18000030517578,51.4900016784668,57413,0.0,0.0
2024-04-30 10:30:00-04:00,51.4900016784668,51.540000915527344,51.2599983215332,51.310001373291016,41926,0.0,0.0
2024-04-30 11:30:00-04:00,51.27000045776367,51.279998779296875,51.119998931884766,51.130001068115234,36551,0.0,0.0
2024-04-30 12:30:00-04:00,51.11000061035156,51.20000076293945,51.02000045776367,51.16999816894531,27006,0.0,0.0
2024-04-30 13:30:00-04:00,51.15999984741211,51.25,51.11000061035156,51.119998931884766,34499,0.0,0.0
2024-04-30 14:30:00-04:00,51.119998931884766,51.189998626708984,51.08000183105469,51.130001068115234,40479,0.0,0.0
2024-04-30 15:30:00-04:00,51.119998931884766,51.244998931884766,51.04999923706055,51.04999923706055,78734,0.0,0.0
2024-05-01 09:30:00-04:00,51.0,51.15999984741211,50.84000015258789,51.15999984741211,55226,0.0,0.0
2024-05-01 10:30:00-04:00,51.150001525878906,51.310001373291016,51.06520080566406,51.30500030517578,34312,0.0,0.0
2024-05-01 11:30:00-04:00,51.279998779296875,51.33000183105469,51.16999816894531,51.209999084472656,38424,0.0,0.0
2024-05-01 12:30:00-04:00,51.20000076293945,51.25,51.150001525878906,51.209999084472656,31708,0.0,0.0
2024-05-01 13:30:00-04:00,51.20000076293945,51.40999984741211,51.084999084472656,51.40999984741211,61599,0.0,0.0
2024-05-01 14:30:00-04:00,51.38999938964844,51.88999938964844,51.22999954223633,51.77000045776367,130026,0.0,0.0
2024-05-01 15:30:00-04:00,51.7599983215332,51.7599983215332,51.45000076293945,51.4900016784668,141417,0.0,0.0
2024-05-02 09:30:00-04:00,51.88999938964844,52.0,51.68000030517578,51.849998474121094,62301,0.0,0.0
2024-05-02 10:30:00-04:00,51.86000061035156,51.88999938964844,51.68000030517578,51.72999954223633,32955,0.0,0.0
2024-05-02 11:30:00-04:00,51.720001220703125,51.93000030517578,51.70000076293945,51.90999984741211,34294,0.0,0.0
2024-05-02 12:30:00-04:00,51.900001525878906,52.09000015258789,51.79999923706055,52.09000015258789,28493,0.0,0.0
2024-05-02 13:30:00-04:00,52.09000015258789,52.18000030517578,52.03499984741211,52.18000030517578,38847,0.0,0.0
2024-05-02 14:30:00-04:00,52.18000030517578,52.27000045776367,52.099998474121094,52.119998931884766,46885,0.0,0.0
2024-05-02 15:30:00-04:00,52.10499954223633,52.10499954223633,51.95000076293945,52.06999969482422,67648,0.0,0.0
2024-05-03 09:30:00-04:00,52.56999969482422,52.599998474121094,52.150001525878906,52.290000915527344,44170,0.0,0.0
2024-05-03 10:30:00-04:00,52.290000915527344,52.33000183105469,52.12950134277344,52.322601318359375,43858,0.0,0.0
2024-05-03 11:30:00-04:00,52.31999969482422,52.38999938964844,52.29999923706055,52.36000061035156,24274,0.0,0.0
2024-05-03 12:30:00-04:00,52.380001068115234,52.43000030517578,52.33000183105469,52.41999816894531,33817,0.0,0.0
2024-05-03 13:30:00-04:00,52.40999984741211,52.5,52.3849983215332,52.43000030517578,24713,0.0,0.0
2024-05-03 14:30:00-04:00,52.41999816894531,52.54999923706055,52.40999984741211,52.519901275634766,39986,0.0,0.0
2024-05-03 15:30:00-04:00,52.5099983215332,52.51499938964844,52.369998931884766,52.470001220703125,122318,0.0,0.0
2024-05-06 09:30:00-04:00,52.68000030517578,52.88999938964844,52.66999816894531,52.83000183105469,15988,0.0,0.0
2024-05-06 10:30:00-04:00,52.790000915527344,52.9900016784668,52.77000045776367,52.880001068115234,54729,0.0,0.0
2024-05-06 11:30:00-04:00,52.88019943237305,52.93000030517578,52.84000015258789,52.869998931884766,15724,0.0,0.0
2024-05-06 12:30:00-04:00,52.90999984741211,53.099998474121094,52.90999984741211,53.08000183105469,11880,0.0,0.0
2024-05-06 13:30:00-04:00,53.09000015258789,53.2599983215332,53.09000015258789,53.22999954223633,22103,0.0,0.0
2024-05-06 14:30:00-04:00,53.22999954223633,53.27000045776367,53.099998474121094,53.099998474121094,24838,0.0,0.0
2024-05-06 15:30:00-04:00,53.11000061035156,53.189998626708984,53.099998474121094,53.15999984741211,114542,0.0,0.0
2024-05-07 09:30:00-04:00,53.209999084472656,53.400001525878906,53.150001525878906,53.22999954223633,30860,0.0,0.0
2024-05-07 10:30:00-04:00,53.209999084472656,53.33000183105469,53.150001525878906,53.150001525878906,39681,0.0,0.0
2024-05-07 11:30:00-04:00,53.15999984741211,53.15999984741211,52.90999984741211,52.90999984741211,62319,0.0,0.0
2024-05-07 12:30:00-04:00,52.90999984741211,52.91999816894531,52.779998779296875,52.84000015258789,68651,0.0,0.0
2024-05-07 13:30:00-04:00,52.84000015258789,52.869998931884766,52.59000015258789,52.599998474121094,60716,0.0,0.0
2024-05-07 14:30:00-04:00,52.59000015258789,52.8650016784668,52.58000183105469,52.83000183105469,47386,0.0,0.0
2024-05-07 15:30:00-04:00,52.849998474121094,52.90999984741211,52.79999923706055,52.84000015258789,135304,0.0,0.0
2024-05-08 09:30:00-04:00,52.68000030517578,52.959999084472656,52.630001068115234,52.95000076293945,30490,0.0,0.0
2024-05-08 10:30:00-04:00,52.959999084472656,53.099998474121094,52.900001525878906,52.97999954223633,25675,0.0,0.0
2024-05-08 11:30:00-04:00,52.970001220703125,53.00199890136719,52.900001525878906,52.959999084472656,19459,0.0,0.0
2024-05-08 12:30:00-04:00,52.95000076293945,53.0099983215332,52.869998931884766,52.9900016784668,22825,0.0,0.0
2024-05-08 13:30:00-04:00,53.0099983215332,53.06999969482422,52.959999084472656,53.0,23357,0.0,0.0
2024-05-08 14:30:00-04:00,53.0,53.04999923706055,52.869998931884766,52.880001068115234,45815,0.0,0.0
2024-05-08 15:30:00-04:00,52.869998931884766,53.06999969482422,52.869998931884766,53.040000915527344,97834,0.0,0.0
2024-05-09 09:30:00-04:00,53.04999923706055,53.599998474121094,53.02000045776367,53.58000183105469,35344,0.0,0.0
2024-05-09 10:30:00-04:00,53.59000015258789,53.59000015258789,53.380001068115234,53.540000915527344,33289,0.0,0.0
2024-05-09 11:30:00-04:00,53.560001373291016,53.560001373291016,53.334999084472656,53.380001068115234,35154,0.0,0.0
2024-05-09 12:30:00-04:00,53.36989974975586,53.619998931884766,53.34000015258789,53.61000061035156,32709,0.0,0.0
2024-05-09 13:30:00-04:00,53.599998474121094,53.66999816894531,53.58000183105469,53.650001525878906,33363,0.0,0.0
2024-05-09 14:30:00-04:00,53.63999938964844,53.72999954223633,53.599998474121094,53.67499923706055,46099,0.0,0.0
2024-05-09 15:30:00-04:00,53.67499923706055,53.709999084472656,53.595001220703125,53.70500183105469,92630,0.0,0.0
2024-05-10 09:30:00-04:00,51.290000915527344,51.619998931884766,50.599998474121094,51.220001220703125,251315,0.0,0.0
2024-05-10 10:30:00-04:00,51.25,51.40999984741211,51.06999969482422,51.34000015258789,148617,0.0,0.0
2024-05-10 11:30:00-04:00,51.349998474121094,51.52000045776367,50.7400016784668,50.86000061035156,196211,0.0,0.0
2024-05-10 12:30:00-04:00,50.880001068115234,50.97999954223633,50.52000045776367,50.540000915527344,105925,0.0,0.0
2024-05-10 13:30:00-04:00,50.540000915527344,50.790000915527344,50.5099983215332,50.58000183105469,97348,0.0,0.0
2024-05-10 14:30:00-04:00,50.56999969482422,50.630001068115234,50.2599983215332,50.2599983215332,106283,0.0,0.0
2024-05-10 15:30:00-04:00,50.25,50.25,50.005001068115234,50.099998474121094,321271,0.0,0.0
2024-05-13 09:30:00-04:00,50.310001373291016,51.119998931884766,50.189998626708984,50.70000076293945,88298,0.0,0.0
2024-05-13 10:30:00-04:00,50.709999084472656,50.779998779296875,50.630001068115234,50.63999938964844,46768,0.0,0.0
2024-05-13 11:30:00-04:00,50.61000061035156,50.7599983215332,50.5,50.70000076293945,48524,0.0,0.0
2024-05-13 12:30:00-04:00,50.70000076293945,50.75,50.599998474121094,50.720001220703125,42917,0.0,0.0
2024-05-13 13:30:00-04:00,50.709999084472656,50.75,50.642398834228516,50.709999084472656,29619,0.0,0.0
2024-05-13 14:30:00-04:00,50.70000076293945,50.755001068115234,50.61000061035156,50.689998626708984,64589,0.0,0.0
2024-05-13 15:30:00-04:00,50.689998626708984,50.79999923706055,50.63999938964844,50.68000030517578,190959,0.0,0.0
2024-05-14 09:30:00-04:00,50.7400016784668,50.970001220703125,50.349998474121094,50.7400016784668,195831,0.0,0.0
2024-05-14 10:30:00-04:00,50.72999954223633,50.83000183105469,50.68000030517578,50.779998779296875,80734,0.0,0.0
2024-05-14 11:30:00-04:00,50.779998779296875,50.90999984741211,50.75,50.849998474121094,65516,0.0,0.0
2024-05-14 12:30:00-04:00,50.83000183105469,50.849998474121094,50.65999984741211,50.77000045776367,148315,0.0,0.0
2024-05-14 13:30:00-04:00,50.77000045776367,50.939998626708984,50.709999084472656,50.900001525878906,115991,0.0,0.0
2024-05-14 14:30:00-04:00,50.900001525878906,50.95000076293945,50.63999938964844,50.67499923706055,103469,0.0,0.0
2024-05-14 15:30:00-04:00,50.66999816894531,50.93000030517578,50.6349983215332,50.779998779296875,349773,0.0,0.0
2024-05-15 09:30:00-04:00,51.08000183105469,51.27000045776367,50.86000061035156,50.88999938964844,53137,0.0,0.0
2024-05-15 10:30:00-04:00,50.900001525878906,50.939998626708984,50.790000915527344,50.939998626708984,30749,0.0,0.0
2024-05-15 11:30:00-04:00,50.93000030517578,50.959999084472656,50.814998626708984,50.869998931884766,30408,0.0,0.0
2024-05-15 12:30:00-04:00,50.869998931884766,50.970001220703125,50.810001373291016,50.86000061035156,30874,0.0,0.0
2024-05-15 13:30:00-04:00,50.84000015258789,51.06999969482422,50.7400016784668,51.06999969482422,73718,0.0,0.0
2024-05-15 14:30:00-04:00,51.06999969482422,51.150001525878906,51.0099983215332,51.0099983215332,65574,0.0,0.0
2024-05-15 15:30:00-04:00,51.0099983215332,51.0099983215332,50.810001373291016,50.83000183105469,160962,0.0,0.0
2024-05-16 09:30:00-04:00,51.02000045776367,51.22999954223633,50.95000076293945,51.20000076293945,46216,0.0,0.0
2024-05-16 10:30:00-04:00,51.189998626708984,51.40999984741211,51.189998626708984,51.400001525878906,67161,0.0,0.0
2024-05-16 11:30:00-04:00,51.36000061035156,51.5099983215332,51.29999923706055,51.459999084472656,45145,0.0,0.0
2024-05-16 12:30:00-04:00,51.439998626708984,51.459999084472656,51.310001373291016,51.34000015258789,23534,0.0,0.0
2024-05-16 13:30:00-04:00,51.34000015258789,51.38999938964844,51.2599983215332,51.31999969482422,28600,0.0,0.0
2024-05-16 14:30:00-04:00,51.33000183105469,51.529998779296875,51.32500076293945,51.474998474121094,60280,0.0,0.0
2024-05-16 15:30:00-04:00,51.47999954223633,51.558998107910156,51.42499923706055,51.5,169267,0.0,0.0
2024-05-17 09:30:00-04:00,51.58000183105469,51.625,51.33000183105469,51.58000183105469,40869,0.0,0.0
2024-05-17 10:30:00-04:00,51.56999969482422,51.599998474121094,51.50910186767578,51.56999969482422,32759,0.0,0.0
2024-05-17 11:30:00-04:00,51.56999969482422,51.77000045776367,51.54999923706055,51.689998626708984,38262,0.0,0.0
2024-05-17 12:30:00-04:00,51.70000076293945,51.834999084472656,51.70000076293945,51.75,46371,0.0,0.0
2024-05-17 13:30:00-04:00,51.7400016784668,51.779998779296875,51.600101470947266,51.630001068115234,26497,0.0,0.0
2024-05-17 14:30:00-04:00,51.63999938964844,51.744998931884766,51.619998931884766,51.70000076293945,38732,0.0,0.0
2024-05-17 15:30:00-04:00,51.70000076293945,51.77000045776367,51.650001525878906,51.70500183105469,102879,0.0,0.0
2024-05-20 09:30:00-04:00,51.70000076293945,51.70000076293945,51.459999084472656,51.5099983215332,13368,0.0,0.0
2024-05-20 10:30:00-04:00,51.5,51.52000045776367,51.40999984741211,51.5,22830,0.0,0.0
2024-05-20 11:30:00-04:00,51.5099983215332,51.5099983215332,51.36000061035156,51.40999984741211,18594,0.0,0.0
2024-05-20 12:30:00-04:00,51.41999816894531,51.41999816894531,51.31999969482422,51.349998474121094,17333,0.0,0.0
2024-05-20 13:30:00-04:00,51.35499954223633,51.43000030517578,51.310001373291016,51.34000015258789,26374,0.0,0.0
2024-05-20 14:30:00-04:00,51.349998474121094,51.43000030517578,51.345001220703125,51.36000061035156,39630,0.0,0.0
2024-05-20 15:30:00-04:00,51.349998474121094,51.5,51.31999969482422,51.5,85899,0.0,0.0
2024-05-21 09:30:00-04:00,51.4900016784668,51.709999084472656,51.255001068115234,51.29499816894531,63723,0.0,0.0
2024-05-21 10:30:00-04:00,51.279998779296875,51.279998779296875,50.900001525878906,50.900001525878906,39787,0.0,0.0
2024-05-21 11:30:00-04:00,50.88999938964844,51.0099983215332,50.84000015258789,50.93000030517578,25038,0.0,0.0
2024-05-21 12:30:00-04:00,50.93000030517578,50.959999084472656,50.849998474121094,50.92499923706055,21655,0.0,0.0
2024-05-21 13:30:00-04:00,50.939998626708984,51.029998779296875,50.91999816894531,50.994998931884766,22683,0.0,0.0
2024-05-21 14:30:00-04:00,50.9900016784668,51.029998779296875,50.939998626708984,51.029998779296875,50672,0.0,0.0
2024-05-21 15:30:00-04:00,51.029998779296875,51.27000045776367,51.029998779296875,51.2400016784668,145092,0.0,0.0
2024-05-22 09:30:00-04:00,51.02000045776367,51.38999938964844,50.95000076293945,51.38999938964844,50342,0.0,0.0
2024-05-22 10:30:00-04:00,51.380001068115234,51.439998626708984,51.310001373291016,51.40999984741211,22616,0.0,0.0
2024-05-22 11:30:00-04:00,51.31999969482422,51.349998474121094,51.060001373291016,51.189998626708984,48900,0.0,0.0
2024-05-22 12:30:00-04:00,51.209999084472656,51.209999084472656,51.11000061035156,51.150001525878906,41003,0.0,0.0
2024-05-22 13:30:00-04:00,51.14500045776367,51.20000076293945,50.939998626708984,50.939998626708984,45897,0.0,0.0
2024-05-22 14:30:00-04:00,50.93000030517578,50.939998626708984,50.689998626708984,50.75,129738,0.0,0.0
2024-05-22 15:30:00-04:00,50.7599983215332,50.85499954223633,50.709999084472656,50.72999954223633,101076,0.0,0.0
2024-05-23 09:30:00-04:00,50.90999984741211,51.22999954223633,50.66999816894531,50.7400016784668,51734,0.0,0.0
2024-05-23 10:30:00-04:00,50.7599983215332,50.779998779296875,50.529998779296875,50.6599006652832,44397,0.0,0.0
2024-05-23 11:30:00-04:00,50.65999984741211,50.790000915527344,50.63999938964844,50.77000045776367,53437,0.0,0.0
2024-05-23 12:30:00-04:00,50.77000045776367,50.810001373291016,50.52000045776367,50.560001373291016,29512,0.0,0.0
2024-05-23 13:30:00-04:00,50.529998779296875,50.529998779296875,50.2599983215332,50.29999923706055,63985,0.0,0.0
2024-05-23 14:30:00-04:00,50.279998779296875,50.380001068115234,50.22999954223633,50.36000061035156,87449,0.0,0.0
2024-05-23 15:30:00-04:00,50.375,50.41999816894531,50.310001373291016,50.31999969482422,147664,0.0,0.0
2024-05-24 09:30:00-04:00,50.41999816894531,50.95000076293945,50.41999816894531,50.869998931884766,3003964,0.0,0.0
2024-05-24 10:30:00-04:00,50.88999938964844,51.02000045776367,50.83000183105469,50.91999816894531,35545,0.0,0.0
2024-05-24 11:30:00-04:00,50.93000030517578,51.11000061035156,50.849998474121094,51.060001373291016,22328,0.0,0.0
2024-05-24 12:30:00-04:00,51.08000183105469,51.11000061035156,51.0099983215332,51.08000183105469,18244,0.0,0.0
2024-05-24 13:30:00-04:00,51.09000015258789,51.20000076293945,51.040000915527344,51.06999969482422,29451,0.0,0.0
2024-05-24 14:30:00-04:00,51.06999969482422,51.130001068115234,50.959999084472656,51.0,24086,0.0,0.0
2024-05-24 15:30:00-04:00,51.0,51.060001373291016,50.880001068115234,51.060001373291016,88469,0.0,0.0
2024-05-28 09:30:00-04:00,51.349998474121094,51.529998779296875,50.77000045776367,50.83570098876953,62582,0.0,0.0
2024-05-28 10:30:00-04:00,50.790000915527344,50.79669952392578,50.61000061035156,50.7400016784668,2752086,0.0,0.0
2024-05-28 11:30:00-04:00,50.72999954223633,50.81999969482422,50.66999816894531,50.75,53652,0.0,0.0
2024-05-28 12:30:00-04:00,50.7599983215332,50.79999923706055,50.58000183105469,50.650001525878906,56390,0.0,0.0
2024-05-28 13:30:00-04:00,50.63999938964844,50.685001373291016,50.45000076293945,50.529998779296875,92275,0.0,0.0
2024-05-28 14:30:00-04:00,50.52000045776367,50.560001373291016,50.38999938964844,50.45000076293945,91685,0.0,0.0
2024-05-28 15:30:00-04:00,50.45000076293945,50.560001373291016,50.41999816894531,50.55500030517578,123703,0.0,0.0
2024-05-29 09:30:00-04:00,49.5099983215332,49.68000030517578,49.33039855957031,49.43000030517578,60443,0.0,0.0
2024-05-29 10:30:00-04:00,49.40999984741211,49.5099983215332,49.27000045776367,49.400001525878906,43854,0.0,0.0
2024-05-29 11:30:00-04:00,49.38999938964844,49.43000030517578,49.290000915527344,49.400001525878906,41880,0.0,0.0
2024-05-29 12:30:00-04:00,49.400001525878906,49.529998779296875,49.36000061035156,49.474998474121094,39506,0.0,0.0
2024-05-29 13:30:00-04:00,49.47100067138672,49.47100067138672,49.290000915527344,49.290000915527344,40103,0.0,0.0
2024-05-29 14:30:00-04:00,49.27000045776367,49.31999969482422,49.16080093383789,49.220001220703125,48270,0.0,0.0
2024-05-29 15:30:00-04:00,49.220001220703125,49.29499816894531,49.13999938964844,49.16999816894531,128900,0.0,0.0
2024-05-30 09:30:00-04:00,49.220001220703125,49.66999816894531,49.220001220703125,49.4900016784668,58723,0.0,0.0
2024-05-30 10:30:00-04:00,49.470001220703125,49.66999816894531,49.470001220703125,49.619998931884766,52585,0.0,0.0
2024-05-30 11:30:00-04:00,49.630001068115234,49.66999816894531,49.540000915527344,49.58000183105469,48079,0.0,0.0
2024-05-30 12:30:00-04:00,49.570098876953125,49.59000015258789,49.36000061035156,49.36000061035156,38869,0.0,0.0
2024-05-30 13:30:00-04:00,49.36000061035156,49.400001525878906,49.290000915527344,49.400001525878906,44277,0.0,0.0
2024-05-30 14:30:00-04:00,49.40999984741211,49.435001373291016,49.290000915527344,49.36000061035156,44534,0.0,0.0
2024-05-30 15:30:00-04:00,49.349998474121094,49.380001068115234,49.11000061035156,49.15999984741211,158282,0.0,0.0
2024-05-31 09:30:00-04:00,49.15999984741211,49.79999923706055,49.15999984741211,49.599998474121094,49308,0.0,0.0
2024-05-31 10:30:00-04:00,49.58000183105469,49.689998626708984,49.41999816894531,49.41999816894531,34737,0.0,0.0
2024-05-31 11:30:00-04:00,49.41999816894531,49.470001220703125,49.290000915527344,49.345001220703125,39230,0.0,0.0
2024-05-31 12:30:00-04:00,49.345001220703125,49.38999938964844,49.29999923706055,49.36000061035156,56903,0.0,0.0
2024-05-31 13:30:00-04:00,49.36000061035156,49.54499816894531,49.310001373291016,49.5,58899,0.0,0.0
2024-05-31 14:30:00-04:00,49.5,49.53499984741211,49.404998779296875,49.459999084472656,65446,0.0,0.0
2024-05-31 15:30:00-04:00,49.439998626708984,50.150001525878906,49.435001373291016,50.130001068115234,285994,0.0,0.0
2024-06-03 09:30:00-04:00,50.040000915527344,50.349998474121094,49.869998931884766,49.959999084472656,65560,0.0,0.0
2024-06-03 10:30:00-04:00,49.915000915527344,49.915000915527344,49.61090087890625,49.75,31758,0.0,0.0
2024-06-03 11:30:00-04:00,49.7599983215332,49.77399826049805,49.54999923706055,49.61800003051758,30427,0.0,0.0
2024-06-03 12:30:00-04:00,49.619998931884766,49.619998931884766,49.41999816894531,49.47999954223633,32286,0.0,0.0
2024-06-03 13:30:00-04:00,49.53900146484375,49.709999084472656,49.459999084472656,49.630001068115234,32489,0.0,0.0
2024-06-03 14:30:00-04:00,49.625,49.7599983215332,49.595001220703125,49.61000061035156,39545,0.0,0.0
2024-06-03 15:30:00-04:00,49.599998474121094,49.72999954223633,49.58000183105469,49.72999954223633,110474,0.0,0.0
2024-06-04 09:30:00-04:00,49.369998931884766,49.790000915527344,49.34000015258789,49.400001525878906,31870,0.0,0.0
2024-06-04 10:30:00-04:00,49.400001525878906,49.540000915527344,49.30500030517578,49.479000091552734,26589,0.0,0.0
2024-06-04 11:30:00-04:00,49.45000076293945,49.459999084472656,49.34000015258789,49.38999938964844,19059,0.0,0.0
2024-06-04 12:30:00-04:00,49.38999938964844,49.65999984741211,49.369998931884766,49.65999984741211,28849,0.0,0.0
2024-06-04 13:30:00-04:00,49.689998626708984,49.70000076293945,49.54999923706055,49.560001373291016,21132,0.0,0.0
2024-06-04 14:30:00-04:00,49.540000915527344,49.630001068115234,49.36000061035156,49.43000030517578,42869,0.0,0.0
2024-06-04 15:30:00-04:00,49.40999984741211,49.68000030517578,49.400001525878906,49.56999969482422,86854,0.0,0.0
2024-06-05 09:30:00-04:00,49.720001220703125,49.779998779296875,49.470001220703125,49.53419876098633,28128,0.0,0.0
2024-06-05 10:30:00-04:00,49.560001373291016,49.72999954223633,49.40999984741211,49.45000076293945,19350,0.0,0.0
2024-06-05 11:30:00-04:00,49.470001220703125,49.47999954223633,49.29999923706055,49.43000030517578,36171,0.0,0.0
2024-06-05 12:30:00-04:00,49.41999816894531,49.43000030517578,49.17499923706055,49.22999954223633,21975,0.0,0.0
2024-06-05 13:30:00-04:00,49.22999954223633,49.33000183105469,49.189998626708984,49.302799224853516,23981,0.0,0.0
2024-06-05 14:30:00-04:00,49.29999923706055,49.5,49.29999923706055,49.45000076293945,28051,0.0,0.0
2024-06-05 15:30:00-04:00,49.45000076293945,49.54999923706055,49.439998626708984,49.5099983215332,89949,0.0,0.0
2024-06-06 09:30:00-04:00,49.40999984741211,49.75,49.40999984741211,49.540000915527344,40370,0.0,0.0
2024-06-06 10:30:00-04:00,49.540000915527344,49.540000915527344,49.33000183105469,49.45000076293945,22533,0.0,0.0
2024-06-06 11:30:00-04:00,49.459999084472656,49.459999084472656,49.279998779296875,49.310001373291016,17484,0.0,0.0
2024-06-06 12:30:00-04:00,49.30799865722656,49.36000061035156,49.279998779296875,49.349998474121094,19640,0.0,0.0
2024-06-06 13:30:00-04:00,49.349998474121094,49.37220001220703,49.25,49.25,19792,0.0,0.0
2024-06-06 14:30:00-04:00,49.2599983215332,49.380001068115234,49.2599983215332,49.380001068115234,31927,0.0,0.0
2024-06-06 15:30:00-04:00,49.380001068115234,49.380001068115234,49.13999938964844,49.25,175382,0.0,0.0
2024-06-07 09:30:00-04:00,48.95000076293945,49.34000015258789,48.790000915527344,49.34000015258789,43321,0.0,0.0
2024-06-07 10:30:00-04:00,49.33000183105469,49.43000030517578,49.20000076293945,49.22999954223633,17918,0.0,0.0
2024-06-07 11:30:00-04:00,49.2400016784668,49.33000183105469,49.189998626708984,49.33000183105469,22488,0.0,0.0
2024-06-07 12:30:00-04:00,49.33000183105469,49.33000183105469,49.18000030517578,49.18000030517578,24761,0.0,0.0
2024-06-07 13:30:00-04:00,49.15999984741211,49.2400016784668,49.11000061035156,49.209999084472656,20918,0.0,0.0
2024-06-07 14:30:00-04:00,49.189998626708984,49.209999084472656,49.08000183105469,49.16999816894531,28029,0.0,0.0
2024-06-07 15:30:00-04:00,49.15999984741211,49.21099853515625,49.05500030517578,49.08000183105469,89611,0.0,0.0
2024-06-10 09:30:00-04:00,48.880001068115234,49.150001525878906,48.849998474121094,49.150001525878906,27475,0.0,0.0
2024-06-10 10:30:00-04:00,49.150001525878906,49.2400016784668,49.119998931884766,49.2400016784668,43700,0.0,0.0
2024-06-10 11:30:00-04:00,49.2599983215332,49.33000183105469,49.202701568603516,49.2400016784668,21241,0.0,0.0
2024-06-10 12:30:00-04:00,49.2400016784668,49.349998474121094,49.22999954223633,49.33000183105469,21178,0.0,0.0
2024-06-10 13:30:00-04:00,49.3307991027832,49.43000030517578,49.33000183105469,49.33000183105469,32729,0.0,0.0
2024-06-10 14:30:00-04:00,49.31999969482422,49.58000183105469,49.29999923706055,49.470001220703125,71241,0.0,0.0
2024-06-10 15:30:00-04:00,49.470001220703125,49.5,49.38999938964844,49.459999084472656,109619,0.0,0.0
2024-06-11 09:30:00-04:00,49.11000061035156,49.20000076293945,48.81999969482422,48.880001068115234,27488,0.0,0.0
2024-06-11 10:30:00-04:00,48.88999938964844,49.119998931884766,48.88999938964844,49.02000045776367,23548,0.0,0.0
2024-06-11 11:30:00-04:00,49.02000045776367,49.08000183105469,48.880001068115234,48.939998626708984,32882,0.0,0.0
2024-06-11 12:30:00-04:00,48.93000030517578,49.02000045776367,48.81999969482422,48.86000061035156,23777,0.0,0.0
2024-06-11 13:30:00-04:00,48.849998474121094,48.93000030517578,48.790000915527344,48.93000030517578,20298,0.0,0.0
2024-06-11 14:30:00-04:00,48.94499969482422,49.04999923706055,48.91999816894531,48.935001373291016,35418,0.0,0.0
2024-06-11 15:30:00-04:00,48.93000030517578,48.93000030517578,48.720001220703125,48.77000045776367,143442,0.0,0.0
2024-06-12 09:30:00-04:00,49.380001068115234,49.470001220703125,49.150001525878906,49.38999938964844,38675,0.0,0.0
2024-06-12 10:30:00-04:00,49.38999938964844,49.38999938964844,48.959999084472656,49.02000045776367,61199,0.0,0.0
2024-06-12 11:30:00-04:00,49.0,49.18000030517578,48.95000076293945,49.06999969482422,36817,0.0,0.0
2024-06-12 12:30:00-04:00,49.084999084472656,49.15999984741211,49.06999969482422,49.09000015258789,27072,0.0,0.0
2024-06-12 13:30:00-04:00,49.060001373291016,49.119998931884766,48.86000061035156,48.90999984741211,36980,0.0,0.0
2024-06-12 14:30:00-04:00,48.900001525878906,48.970001220703125,48.470001220703125,48.52000045776367,113458,0.0,0.0
2024-06-12 15:30:00-04:00,48.4900016784668,48.540000915527344,48.400001525878906,48.529998779296875,182840,0.0,0.0
2024-06-13 09:30:00-04:00,48.47999954223633,48.52000045776367,47.630001068115234,47.650001525878906,52914,0.0,0.0
2024-06-13 10:30:00-04:00,47.630001068115234,47.63999938964844,47.36000061035156,47.40999984741211,214795,0.0,0.0
2024-06-13 11:30:00-04:00,47.41999816894531,47.459999084472656,47.290000915527344,47.369998931884766,208185,0.0,0.0
2024-06-13 12:30:00-04:00,47.369998931884766,47.459999084472656,47.349998474121094,47.36000061035156,102902,0.0,0.0
2024-06-13 13:30:00-04:00,47.36000061035156,47.630001068115234,47.26499938964844,47.619998931884766,58169,0.0,0.0
2024-06-13 14:30:00-04:00,47.630001068115234,47.630001068115234,47.44499969482422,47.45500183105469,132593,0.0,0.0
2024-06-13 15:30:00-04:00,47.45000076293945,47.52000045776367,47.33000183105469,47.459999084472656,197978,0.0,0.0
2024-06-14 09:30:00-04:00,47.029998779296875,47.301998138427734,46.90999984741211,47.220001220703125,52262,0.0,0.0
2024-06-14 10:30:00-04:00,47.18000030517578,47.380001068115234,47.09000015258789,47.310001373291016,37675,0.0,0.0
2024-06-14 11:30:00-04:00,47.310001373291016,47.33000183105469,47.209999084472656,47.33000183105469,32844,0.0,0.0
2024-06-14 12:30:00-04:00,47.33000183105469,47.5099983215332,47.33000183105469,47.369998931884766,32111,0.0,0.0
2024-06-14 13:30:00-04:00,47.380001068115234,47.38999938964844,47.15999984741211,47.25,26379,0.0,0.0
2024-06-14 14:30:00-04:00,47.25,47.38999938964844,47.20000076293945,47.369998931884766,50546,0.0,0.0
2024-06-14 15:30:00-04:00,47.369998931884766,47.619998931884766,47.34000015258789,47.58000183105469,192665,0.0,0.0
2024-06-17 09:30:00-04:00,47.47999954223633,47.6150016784668,47.2599983215332,47.40999984741211,30031,0.0,0.0
2024-06-17 10:30:00-04:00,47.38999938964844,47.470001220703125,47.310001373291016,47.43000030517578,31201,0.0,0.0
2024-06-17 11:30:00-04:00,47.41999816894531,47.47060012817383,47.290000915527344,47.47060012817383,25877,0.0,0.0
2024-06-17 12:30:00-04:00,47.470001220703125,47.52000045776367,47.400001525878906,47.459999084472656,30104,0.0,0.0
2024-06-17 13:30:00-04:00,47.459999084472656,47.66999816894531,47.45000076293945,47.66999816894531,32820,0.0,0.0
2024-06-17 14:30:00-04:00,47.66999816894531,47.77000045776367,47.650001525878906,47.709999084472656,62368,0.0,0.0
2024-06-17 15:30:00-04:00,47.709999084472656,47.86000061035156,47.685001373291016,47.86000061035156,114564,0.0,0.0
2024-06-18 09:30:00-04:00,47.810001373291016,48.18000030517578,47.779998779296875,48.11000061035156,40562,0.0,0.0
2024-06-18 10:30:00-04:00,48.150001525878906,48.22999954223633,48.02000045776367,48.220001220703125,31381,0.0,0.0
2024-06-18 11:30:00-04:00,48.22999954223633,48.400001525878906,48.18000030517578,48.31999969482422,35573,0.0,0.0
2024-06-18 12:30:00-04:00,48.33000183105469,48.36000061035156,48.2400016784668,48.290000915527344,26011,0.0,0.0
2024-06-18 13:30:00-04:00,48.27000045776367,48.34000015258789,48.16999816894531,48.25,34032,0.0,0.0
2024-06-18 14:30:00-04:00,48.25,48.34000015258789,48.22999954223633,48.31999969482422,53296,0.0,0.0
2024-06-18 15:30:00-04:00,48.33000183105469,48.43000030517578,48.27000045776367,48.279998779296875,137880,0.0,0.0
2024-06-20 09:30:00-04:00,48.09000015258789,48.33000183105469,48.040000915527344,48.29999923706055,43970,0.0,0.0
2024-06-20 10:30:00-04:00,48.310001373291016,48.349998474121094,48.099998474121094,48.13999938964844,46914,0.0,0.0
2024-06-20 11:30:00-04:00,48.1349983215332,48.209999084472656,48.0,48.119998931884766,47492,0.0,0.0
2024-06-20 12:30:00-04:00,48.099998474121094,48.2400016784668,48.099998474121094,48.16999816894531,33175,0.0,0.0
2024-06-20 13:30:00-04:00,48.20000076293945,48.29999923706055,48.11000061035156,48.2400016784668,71145,0.0,0.0
2024-06-20 14:30:00-04:00,48.22999954223633,48.279998779296875,48.119998931884766,48.22999954223633,78371,0.0,0.0
2024-06-20 15:30:00-04:00,48.22999954223633,48.244998931884766,48.130001068115234,48.20000076293945,127805,0.0,0.0
2024-06-21 09:30:00-04:00,47.9900016784668,48.3849983215332,47.7599983215332,48.2599983215332,38107,0.0,0.0
2024-06-21 10:30:00-04:00,48.25,48.2599983215332,48.09000015258789,48.189998626708984,30038,0.0,0.0
2024-06-21 11:30:00-04:00,48.18000030517578,48.2400016784668,48.15999984741211,48.2400016784668,33867,0.0,0.0
2024-06-21 12:30:00-04:00,48.25,48.47999954223633,48.25,48.40999984741211,27073,0.0,0.0
2024-06-21 13:30:00-04:00,48.400001525878906,48.459999084472656,48.279998779296875,48.35940170288086,33319,0.0,0.0
2024-06-21 14:30:00-04:00,48.380001068115234,48.4900016784668,48.33000183105469,48.36000061035156,35591,0.0,0.0
2024-06-21 15:30:00-04:00,48.349998474121094,48.54499816894531,48.310001373291016,48.47999954223633,125174,0.0,0.0
2024-06-24 09:30:00-04:00,48.779998779296875,49.189998626708984,48.709999084472656,49.119998931884766,34492,0.0,0.0
2024-06-24 10:30:00-04:00,49.119998931884766,49.29999923706055,49.119998931884766,49.279998779296875,26134,0.0,0.0
2024-06-24 11:30:00-04:00,49.290000915527344,49.290000915527344,48.959999084472656,49.11000061035156,76729,0.0,0.0
2024-06-24 12:30:00-04:00,49.119998931884766,49.18000030517578,49.04999923706055,49.04999923706055,34329,0.0,0.0
2024-06-24 13:30:00-04:00,49.040000915527344,49.09980010986328,49.0,49.04999923706055,38348,0.0,0.0
2024-06-24 14:30:00-04:00,49.04999923706055,49.13999938964844,48.97999954223633,49.02000045776367,47896,0.0,0.0
2024-06-24 15:30:00-04:00,49.02000045776367,49.20000076293945,48.95000076293945,49.130001068115234,176676,0.0,0.0
2024-06-25 09:30:00-04:00,49.06999969482422,49.119998931884766,48.75,48.88990020751953,37492,0.0,0.0
2024-06-25 10:30:00-04:00,48.81999969482422,48.93000030517578,48.7599983215332,48.915000915527344,35635,0.0,0.0
2024-06-25 11:30:00-04:00,48.93000030517578,49.13999938964844,48.93000030517578,48.9900016784668,78961,0.0,0.0
2024-06-25 12:30:00-04:00,48.97999954223633,49.040000915527344,48.880001068115234,49.040000915527344,38440,0.0,0.0
2024-06-25 13:30:00-04:00,49.040000915527344,49.07500076293945,48.9900016784668,49.07500076293945,31185,0.0,0.0
2024-06-25 14:30:00-04:00,49.07500076293945,49.099998474121094,48.93000030517578,48.9900016784668,45865,0.0,0.0
2024-06-25 15:30:00-04:00,48.970001220703125,49.07500076293945,48.900001525878906,48.900001525878906,90946,0.0,0.0
2024-06-26 09:30:00-04:00,48.56999969482422,48.59000015258789,48.0,48.099998474121094,31973,0.0,0.0
2024-06-26 10:30:00-04:00,48.11000061035156,48.290000915527344,48.06999969482422,48.2599983215332,30358,0.0,0.0
2024-06-26 11:30:00-04:00,48.279998779296875,48.47999954223633,48.22999954223633,48.38999938964844,16667,0.0,0.0
2024-06-26 12:30:00-04:00,48.400001525878906,48.459999084472656,48.25,48.38999938964844,28817,0.0,0.0
2024-06-26 13:30:00-04:00,48.40999984741211,48.5,48.36000061035156,48.470001220703125,37706,0.0,0.0
2024-06-26 14:30:00-04:00,48.45000076293945,48.54999923706055,48.43000030517578,48.44499969482422,34379,0.0,0.0
2024-06-26 15:30:00-04:00,48.44499969482422,48.65999984741211,48.44499969482422,48.61000061035156,55935,0.0,0.0
2024-06-27 09:30:00-04:00,48.68000030517578,48.90999984741211,48.3650016784668,48.84000015258789,33685,0.0,0.0
2024-06-27 10:30:00-04:00,48.81999969482422,48.880001068115234,48.689998626708984,48.790000915527344,26471,0.0,0.0
2024-06-27 11:30:00-04:00,48.83000183105469,48.84000015258789,48.75,48.77000045776367,27244,0.0,0.0
2024-06-27 12:30:00-04:00,48.77000045776367,49.040000915527344,48.7599983215332,48.9900016784668,55369,0.0,0.0
2024-06-27 13:30:00-04:00,48.97999954223633,48.97999954223633,48.82500076293945,48.86000061035156,35243,0.0,0.0
2024-06-27 14:30:00-04:00,48.849998474121094,48.95000076293945,48.81999969482422,48.95000076293945,45550,0.0,0.0
2024-06-27 15:30:00-04:00,48.95500183105469,49.0099983215332,48.89500045776367,48.94499969482422,96546,0.0,0.0
2024-06-28 09:30:00-04:00,48.95000076293945,49.3849983215332,48.939998626708984,49.18000030517578,45024,0.0,0.0
2024-06-28 10:30:00-04:00,49.189998626708984,49.349998474121094,49.16999816894531,49.29999923706055,59076,0.0,0.0
2024-06-28 11:30:00-04:00,49.290000915527344,49.400001525878906,49.220001220703125,49.345001220703125,39672,0.0,0.0
2024-06-28 12:30:00-04:00,49.33000183105469,49.349998474121094,49.20000076293945,49.2400016784668,28100,0.0,0.0
2024-06-28 13:30:00-04:00,49.209999084472656,49.22999954223633,49.040000915527344,49.060001373291016,19162,0.0,0.0
2024-06-28 14:30:00-04:00,49.04999923706055,49.04999923706055,48.90999984741211,48.939998626708984,39378,0.0,0.0
2024-06-28 15:30:00-04:00,48.95000076293945,49.06999969482422,48.83000183105469,49.0,116626,0.0,0.0
