Datetime,Open,High,Low,Close,Volume,Dividends,Stock Splits
2022-06-30 09:30:00-04:00,253.6199951171875,253.6199951171875,248.1300048828125,248.8925018310547,93775,0.0,0.0
2022-06-30 10:30:00-04:00,249.1199951171875,250.49000549316406,248.94500732421875,249.12750244140625,88699,0.0,0.0
2022-06-30 11:30:00-04:00,248.9149932861328,250.2899932861328,248.2100067138672,250.05999755859375,80298,0.0,0.0
2022-06-30 12:30:00-04:00,250.33999633789062,250.42999267578125,246.5500030517578,247.24000549316406,105473,0.0,0.0
2022-06-30 13:30:00-04:00,247.1199951171875,247.39999389648438,245.7899932861328,247.1199951171875,40640,0.0,0.0
2022-06-30 14:30:00-04:00,247.02499389648438,247.14999389648438,245.8699951171875,247.13999938964844,55513,0.0,0.0
2022-06-30 15:30:00-04:00,247.3000030517578,247.8300018310547,244.9199981689453,245.85000610351562,126865,0.0,0.0
2022-07-01 09:30:00-04:00,246.5399932861328,250.4499969482422,245.8000030517578,248.72000122070312,41918,0.0,0.0
2022-07-01 10:30:00-04:00,248.38499450683594,251.63999938964844,247.6999969482422,251.2449951171875,35318,0.0,0.0
2022-07-01 11:30:00-04:00,251.5800018310547,251.9499969482422,248.83999633789062,250.64500427246094,23270,0.0,0.0
2022-07-01 12:30:00-04:00,250.6699981689453,253.55999755859375,250.44000244140625,253.3000030517578,49713,0.0,0.0
2022-07-01 13:30:00-04:00,253.33999633789062,254.1649932861328,252.6199951171875,253.4600067138672,27348,0.0,0.0
2022-07-01 14:30:00-04:00,253.44000244140625,255.14500427246094,253.42999267578125,254.3300018310547,44761,0.0,0.0
2022-07-01 15:30:00-04:00,254.3800048828125,256.260009765625,254.3000030517578,255.0800018310547,94082,0.0,0.0
2022-07-05 09:30:00-04:00,251.75999450683594,251.75999450683594,246.6300048828125,247.72000122070312,60641,0.0,0.0
2022-07-05 10:30:00-04:00,247.86000061035156,248.52999877929688,246.50999450683594,247.83999633789062,13850,0.0,0.0
2022-07-05 11:30:00-04:00,248.4199981689453,249.97500610351562,247.90499877929688,249.0,41050,0.0,0.0
2022-07-05 12:30:00-04:00,249.1999969482422,250.03160095214844,248.45660400390625,249.6667022705078,17050,0.0,0.0
2022-07-05 13:30:00-04:00,249.4550018310547,251.02999877929688,249.4550018310547,250.99000549316406,16433,0.0,0.0
2022-07-05 14:30:00-04:00,250.7899932861328,252.61000061035156,250.66000366210938,252.38499450683594,41978,0.0,0.0
2022-07-05 15:30:00-04:00,252.27999877929688,252.6300048828125,251.4600067138672,252.24000549316406,51815,0.0,0.0
2022-07-06 09:30:00-04:00,253.6699981689453,254.64999389648438,250.1300048828125,251.5,29097,0.0,0.0
2022-07-06 10:30:00-04:00,251.6999969482422,251.9499969482422,249.75999450683594,249.75999450683594,29492,0.0,0.0
2022-07-06 11:30:00-04:00,249.6999969482422,252.72999572753906,249.2899932861328,252.52999877929688,41175,0.0,0.0
2022-07-06 12:30:00-04:00,252.5675048828125,253.0,251.66000366210938,251.74000549316406,37798,0.0,0.0
2022-07-06 13:30:00-04:00,251.72000122070312,253.25999450683594,251.50999450683594,253.25999450683594,49654,0.0,0.0
2022-07-06 14:30:00-04:00,253.39500427246094,254.6199951171875,252.52999877929688,253.2100067138672,39756,0.0,0.0
2022-07-06 15:30:00-04:00,253.0399932861328,253.58999633789062,251.22000122070312,251.8249969482422,69922,0.0,0.0
2022-07-07 09:30:00-04:00,251.75999450683594,254.11000061035156,250.0800018310547,252.47999572753906,20739,0.0,0.0
2022-07-07 10:30:00-04:00,252.25999450683594,253.3000030517578,251.5399932861328,252.16000366210938,17080,0.0,0.0
2022-07-07 11:30:00-04:00,251.99000549316406,252.32000732421875,251.2050018310547,252.32000732421875,18118,0.0,0.0
2022-07-07 12:30:00-04:00,252.16000366210938,253.27000427246094,251.3800048828125,253.27000427246094,30862,0.0,0.0
2022-07-07 13:30:00-04:00,253.35499572753906,254.86500549316406,253.11000061035156,254.625,39459,0.0,0.0
2022-07-07 14:30:00-04:00,254.64999389648438,255.92999267578125,254.0399932861328,254.9600067138672,54398,0.0,0.0
2022-07-07 15:30:00-04:00,254.94500732421875,256.3599853515625,254.74000549316406,255.92999267578125,123966,0.0,0.0
2022-07-08 09:30:00-04:00,255.86000061035156,256.135009765625,253.1699981689453,256.135009765625,31755,0.0,0.0
2022-07-08 10:30:00-04:00,256.1650085449219,256.9100036621094,255.5399932861328,255.67999267578125,44763,0.0,0.0
2022-07-08 11:30:00-04:00,255.67999267578125,256.3699951171875,255.1199951171875,255.30999755859375,74490,0.0,0.0
2022-07-08 12:30:00-04:00,255.02499389648438,255.52999877929688,254.05999755859375,255.1199951171875,59491,0.0,0.0
2022-07-08 13:30:00-04:00,255.0,255.6999969482422,254.56500244140625,255.6750030517578,35999,0.0,0.0
2022-07-08 14:30:00-04:00,255.5500030517578,256.32000732421875,255.05999755859375,255.05999755859375,43703,0.0,0.0
2022-07-08 15:30:00-04:00,255.18499755859375,255.24000549316406,254.40499877929688,254.5500030517578,69713,0.0,0.0
2022-07-11 09:30:00-04:00,251.00999450683594,251.4199981689453,247.0399932861328,247.4499969482422,30862,0.0,0.0
2022-07-11 10:30:00-04:00,247.11000061035156,247.5,246.57000732421875,247.3300018310547,17051,0.0,0.0
2022-07-11 11:30:00-04:00,247.3300018310547,247.9250030517578,246.86000061035156,247.11000061035156,16288,0.0,0.0
2022-07-11 12:30:00-04:00,247.0399932861328,247.41000366210938,245.9550018310547,247.0749969482422,35816,0.0,0.0
2022-07-11 13:30:00-04:00,247.11000061035156,248.10000610351562,246.8249969482422,247.96499633789062,41229,0.0,0.0
2022-07-11 14:30:00-04:00,247.91000366210938,248.47999572753906,246.92999267578125,247.3000030517578,72575,0.0,0.0
2022-07-11 15:30:00-04:00,247.3699951171875,248.38999938964844,246.94000244140625,248.25,87598,0.0,0.0
2022-07-12 09:30:00-04:00,247.4499969482422,250.36000061035156,247.27000427246094,247.56500244140625,39297,0.0,0.0
2022-07-12 10:30:00-04:00,248.0500030517578,248.47000122070312,246.1999969482422,246.3699951171875,21167,0.0,0.0
2022-07-12 11:30:00-04:00,246.32000732421875,246.8177947998047,245.60000610351562,246.35000610351562,31590,0.0,0.0
2022-07-12 12:30:00-04:00,246.88999938964844,247.0800018310547,244.2100067138672,244.55999755859375,46807,0.0,0.0
2022-07-12 13:30:00-04:00,244.44000244140625,246.22000122070312,244.22000122070312,246.22000122070312,22376,0.0,0.0
2022-07-12 14:30:00-04:00,246.19000244140625,246.3699951171875,243.47999572753906,243.6199951171875,33425,0.0,0.0
2022-07-12 15:30:00-04:00,243.60499572753906,243.92999267578125,243.0399932861328,243.89999389648438,61072,0.0,0.0
2022-07-13 09:30:00-04:00,239.50999450683594,241.1199951171875,239.50999450683594,241.1199951171875,15803,0.0,0.0
2022-07-13 10:30:00-04:00,240.7050018310547,241.0800018310547,239.1699981689453,240.7100067138672,80829,0.0,0.0
2022-07-13 11:30:00-04:00,241.10000610351562,242.13999938964844,240.0800018310547,242.06849670410156,32179,0.0,0.0
2022-07-13 12:30:00-04:00,242.22999572753906,243.1300048828125,241.74000549316406,243.1300048828125,20063,0.0,0.0
2022-07-13 13:30:00-04:00,242.77499389648438,244.281005859375,242.0399932861328,244.281005859375,15187,0.0,0.0
2022-07-13 14:30:00-04:00,244.19500732421875,244.625,243.22999572753906,243.22999572753906,27255,0.0,0.0
2022-07-13 15:30:00-04:00,243.27000427246094,243.27000427246094,242.33999633789062,242.5,46213,0.0,0.0
2022-07-14 09:30:00-04:00,239.47000122070312,241.0500030517578,236.31500244140625,236.73500061035156,70466,0.0,0.0
2022-07-14 10:30:00-04:00,236.97000122070312,237.3699951171875,236.0399932861328,236.5050048828125,33735,0.0,0.0
2022-07-14 11:30:00-04:00,236.50999450683594,238.88999938964844,235.5800018310547,237.0800018310547,92418,0.0,0.0
2022-07-14 12:30:00-04:00,237.06500244140625,237.72999572753906,236.0500030517578,237.58999633789062,48763,0.0,0.0
2022-07-14 13:30:00-04:00,237.0050048828125,238.49000549316406,237.0050048828125,238.28500366210938,40742,0.0,0.0
2022-07-14 14:30:00-04:00,238.2550048828125,238.77000427246094,237.80999755859375,238.72000122070312,36653,0.0,0.0
2022-07-14 15:30:00-04:00,238.8000030517578,239.35000610351562,238.44000244140625,239.07000732421875,45340,0.0,0.0
2022-07-15 09:30:00-04:00,243.8800048828125,244.5,241.46800231933594,243.44500732421875,65247,0.0,0.0
2022-07-15 10:30:00-04:00,243.49000549316406,246.22000122070312,243.43499755859375,245.7899932861328,27916,0.0,0.0
2022-07-15 11:30:00-04:00,246.5500030517578,246.76499938964844,244.83999633789062,245.03500366210938,27828,0.0,0.0
2022-07-15 12:30:00-04:00,244.7100067138672,246.0500030517578,244.7100067138672,245.92999267578125,15993,0.0,0.0
2022-07-15 13:30:00-04:00,245.66000366210938,245.94000244140625,245.07000732421875,245.35000610351562,19548,0.0,0.0
2022-07-15 14:30:00-04:00,245.66000366210938,245.66000366210938,243.7100067138672,243.92999267578125,34558,0.0,0.0
2022-07-15 15:30:00-04:00,244.0,244.17999267578125,243.3000030517578,243.97999572753906,88497,0.0,0.0
2022-07-18 09:30:00-04:00,245.39999389648438,245.83999633789062,241.46800231933594,245.05999755859375,21083,0.0,0.0
2022-07-18 10:30:00-04:00,244.8300018310547,244.92999267578125,243.5500030517578,243.55999755859375,19089,0.0,0.0
2022-07-18 11:30:00-04:00,243.75,244.4600067138672,243.2100067138672,243.2100067138672,34728,0.0,0.0
2022-07-18 12:30:00-04:00,243.1999969482422,245.1300048828125,242.86000061035156,244.73500061035156,35966,0.0,0.0
2022-07-18 13:30:00-04:00,244.60000610351562,245.689697265625,244.57000732421875,245.08999633789062,53515,0.0,0.0
2022-07-18 14:30:00-04:00,245.3000030517578,245.7100067138672,244.86000061035156,244.97999572753906,81738,0.0,0.0
2022-07-18 15:30:00-04:00,244.94000244140625,244.99000549316406,244.14999389648438,244.39999389648438,150021,0.0,0.0
2022-07-19 09:30:00-04:00,248.35000610351562,251.47000122070312,248.35000610351562,251.00999450683594,49416,0.0,0.0
2022-07-19 10:30:00-04:00,250.97000122070312,251.02330017089844,249.52000427246094,250.11500549316406,30175,0.0,0.0
2022-07-19 11:30:00-04:00,250.00999450683594,252.58999633789062,249.99000549316406,252.17999267578125,34092,0.0,0.0
2022-07-19 12:30:00-04:00,252.11000061035156,252.69500732421875,251.8249969482422,252.47500610351562,42629,0.0,0.0
2022-07-19 13:30:00-04:00,252.4199981689453,253.74000549316406,252.30999755859375,253.23500061035156,45638,0.0,0.0
2022-07-19 14:30:00-04:00,253.36000061035156,254.25,253.0399932861328,253.5,68396,0.0,0.0
2022-07-19 15:30:00-04:00,253.5850067138672,255.1699981689453,253.5,254.4600067138672,139984,0.0,0.0
2022-07-20 09:30:00-04:00,253.25999450683594,257.0,253.25999450683594,256.55999755859375,50962,0.0,0.0
2022-07-20 10:30:00-04:00,256.55999755859375,259.3299865722656,256.5299987792969,258.45001220703125,41442,0.0,0.0
2022-07-20 11:30:00-04:00,258.45001220703125,260.0,257.7650146484375,258.2250061035156,54788,0.0,0.0
2022-07-20 12:30:00-04:00,258.20001220703125,258.75,256.19000244140625,256.6600036621094,33651,0.0,0.0
2022-07-20 13:30:00-04:00,256.9200134277344,257.3800048828125,255.3300018310547,256.1400146484375,39286,0.0,0.0
2022-07-20 14:30:00-04:00,256.0899963378906,258.3999938964844,255.8000030517578,258.3999938964844,72079,0.0,0.0
2022-07-20 15:30:00-04:00,258.3599853515625,258.3599853515625,257.1409912109375,257.7699890136719,131292,0.0,0.0
2022-07-21 09:30:00-04:00,259.3399963378906,261.4200134277344,257.49798583984375,259.25,50594,0.0,0.0
2022-07-21 10:30:00-04:00,259.45001220703125,262.80999755859375,259.2149963378906,262.80999755859375,42234,0.0,0.0
2022-07-21 11:30:00-04:00,263.07000732421875,265.45001220703125,262.6400146484375,265.1400146484375,85328,0.0,0.0
2022-07-21 12:30:00-04:00,265.2099914550781,265.6400146484375,264.54998779296875,265.0,47988,0.0,0.0
2022-07-21 13:30:00-04:00,265.04998779296875,266.2449951171875,264.3800048828125,265.489990234375,45536,0.0,0.0
2022-07-21 14:30:00-04:00,265.2200012207031,266.2900085449219,264.06500244140625,265.61749267578125,71136,0.0,0.0
2022-07-21 15:30:00-04:00,265.6499938964844,267.3399963378906,265.3299865722656,267.25,131754,0.0,0.0
2022-07-22 09:30:00-04:00,267.510009765625,269.7650146484375,266.2699890136719,269.2349853515625,33836,0.0,0.0
2022-07-22 10:30:00-04:00,268.9200134277344,268.9200134277344,265.69500732421875,265.69500732421875,54065,0.0,0.0
2022-07-22 11:30:00-04:00,265.7699890136719,266.0914001464844,264.8800048828125,265.5,37858,0.0,0.0
2022-07-22 12:30:00-04:00,265.4800109863281,265.9700012207031,264.4150085449219,264.54998779296875,30916,0.0,0.0
2022-07-22 13:30:00-04:00,264.4849853515625,264.8900146484375,263.3699951171875,264.4200134277344,54658,0.0,0.0
2022-07-22 14:30:00-04:00,264.3599853515625,265.260009765625,263.239990234375,265.260009765625,45151,0.0,0.0
2022-07-22 15:30:00-04:00,265.239990234375,265.55999755859375,264.4100036621094,265.2300109863281,83319,0.0,0.0
2022-07-25 09:30:00-04:00,265.4800109863281,265.4800109863281,262.8999938964844,263.0950012207031,21370,0.0,0.0
2022-07-25 10:30:00-04:00,263.25,264.1199951171875,262.6499938964844,264.1199951171875,61072,0.0,0.0
2022-07-25 11:30:00-04:00,264.4599914550781,265.04998779296875,262.9700012207031,263.1549987792969,25597,0.0,0.0
2022-07-25 12:30:00-04:00,263.2900085449219,264.2900085449219,263.1400146484375,263.1400146484375,62064,0.0,0.0
2022-07-25 13:30:00-04:00,263.17999267578125,263.79998779296875,262.864990234375,263.5400085449219,23934,0.0,0.0
2022-07-25 14:30:00-04:00,263.4599914550781,264.260009765625,262.5849914550781,262.760009765625,67224,0.0,0.0
2022-07-25 15:30:00-04:00,262.6300048828125,263.17999267578125,261.8900146484375,262.92999267578125,92072,0.0,0.0
2022-07-26 09:30:00-04:00,262.9100036621094,262.95001220703125,260.86749267578125,261.3800048828125,36095,0.0,0.0
2022-07-26 10:30:00-04:00,261.2099914550781,262.260009765625,260.6300048828125,261.7900085449219,16621,0.0,0.0
2022-07-26 11:30:00-04:00,261.92999267578125,263.3599853515625,261.6499938964844,263.1300048828125,26185,0.0,0.0
2022-07-26 12:30:00-04:00,263.18499755859375,263.510009765625,262.2865905761719,263.2799987792969,31293,0.0,0.0
2022-07-26 13:30:00-04:00,263.4100036621094,264.04998779296875,262.8599853515625,263.239990234375,18766,0.0,0.0
2022-07-26 14:30:00-04:00,263.2099914550781,263.2149963378906,262.05999755859375,262.1199951171875,33929,0.0,0.0
2022-07-26 15:30:00-04:00,262.30999755859375,262.989990234375,261.9100036621094,262.489990234375,78429,0.0,0.0
2022-07-27 09:30:00-04:00,264.6199951171875,266.7250061035156,263.5299987792969,263.8949890136719,27613,0.0,0.0
2022-07-27 10:30:00-04:00,263.6300048828125,265.9200134277344,263.6300048828125,264.1050109863281,39443,0.0,0.0
2022-07-27 11:30:00-04:00,264.2900085449219,264.5400085449219,262.9049987792969,263.57000732421875,21964,0.0,0.0
2022-07-27 12:30:00-04:00,263.4800109863281,263.760009765625,262.9700012207031,263.06500244140625,21531,0.0,0.0
2022-07-27 13:30:00-04:00,263.1400146484375,263.6099853515625,262.2149963378906,263.3349914550781,34938,0.0,0.0
2022-07-27 14:30:00-04:00,263.3800048828125,267.0274963378906,262.6300048828125,266.70001220703125,89717,0.0,0.0
2022-07-27 15:30:00-04:00,266.70001220703125,267.17999267578125,265.8599853515625,266.1600036621094,167167,0.0,0.0
2022-07-28 09:30:00-04:00,244.02000427246094,248.9499969482422,235.00999450683594,239.375,442523,0.0,0.0
2022-07-28 10:30:00-04:00,239.375,249.8000030517578,238.0,248.8699951171875,289544,0.0,0.0
2022-07-28 11:30:00-04:00,248.8699951171875,249.60000610351562,245.625,245.6750030517578,122659,0.0,0.0
2022-07-28 12:30:00-04:00,245.5399932861328,246.5399932861328,244.30999755859375,245.00999450683594,159902,0.0,0.0
2022-07-28 13:30:00-04:00,245.07000732421875,245.2899932861328,243.0800018310547,244.0,183763,0.0,0.0
2022-07-28 14:30:00-04:00,244.0,247.35499572753906,243.64500427246094,245.83999633789062,220290,0.0,0.0
2022-07-28 15:30:00-04:00,245.8249969482422,249.58999633789062,245.5500030517578,245.67999267578125,405290,0.0,0.0
2022-07-29 09:30:00-04:00,241.88999938964844,244.02000427246094,239.41000366210938,239.46499633789062,183943,0.0,0.0
2022-07-29 10:30:00-04:00,239.52499389648438,239.52499389648438,235.92999267578125,236.33999633789062,157839,0.0,0.0
2022-07-29 11:30:00-04:00,236.52999877929688,240.5,236.30999755859375,237.22000122070312,274270,0.0,0.0
2022-07-29 12:30:00-04:00,237.25,238.05499267578125,236.5,236.85000610351562,145479,0.0,0.0
2022-07-29 13:30:00-04:00,236.86000061035156,237.3699951171875,235.89999389648438,236.27000427246094,128627,0.0,0.0
2022-07-29 14:30:00-04:00,236.1199951171875,237.47999572753906,235.72000122070312,237.1300048828125,208485,0.0,0.0
2022-07-29 15:30:00-04:00,237.05499267578125,242.77000427246094,237.05499267578125,240.4600067138672,511240,0.0,0.0
2022-08-01 09:30:00-04:00,239.35000610351562,241.7449951171875,236.44000244140625,241.3000030517578,194523,0.0,0.0
2022-08-01 10:30:00-04:00,240.9499969482422,243.8800048828125,240.41000366210938,243.57000732421875,65609,0.0,0.0
2022-08-01 11:30:00-04:00,243.41000366210938,244.36000061035156,241.0399932861328,241.75,112081,0.0,0.0
2022-08-01 12:30:00-04:00,241.72999572753906,241.72999572753906,240.17999267578125,241.3260955810547,55742,0.0,0.0
2022-08-01 13:30:00-04:00,241.3249969482422,242.77999877929688,240.97999572753906,242.77999877929688,50364,0.0,0.0
2022-08-01 14:30:00-04:00,242.60000610351562,244.1750030517578,242.3699951171875,243.9499969482422,68011,0.0,0.0
2022-08-01 15:30:00-04:00,243.8800048828125,245.55999755859375,243.77999877929688,245.2899932861328,121268,0.0,0.0
2022-08-02 09:30:00-04:00,245.75999450683594,248.2899932861328,245.10499572753906,248.27000427246094,41928,0.0,0.0
2022-08-02 10:30:00-04:00,248.4199981689453,249.10000610351562,246.97000122070312,248.26499938964844,55014,0.0,0.0
2022-08-02 11:30:00-04:00,248.3000030517578,251.2899932861328,247.82000732421875,251.2899932861328,44324,0.0,0.0
2022-08-02 12:30:00-04:00,251.4949951171875,252.88499450683594,250.8300018310547,251.26499938964844,54036,0.0,0.0
2022-08-02 13:30:00-04:00,251.0449981689453,251.4600067138672,249.3800048828125,250.11000061035156,77256,0.0,0.0
2022-08-02 14:30:00-04:00,250.11000061035156,250.41000366210938,248.91000366210938,250.3300018310547,160862,0.0,0.0
2022-08-02 15:30:00-04:00,250.3000030517578,251.91000366210938,250.17999267578125,250.89999389648438,247890,0.0,0.0
2022-08-03 09:30:00-04:00,252.63999938964844,256.1600036621094,250.00999450683594,254.48500061035156,94291,0.0,0.0
2022-08-03 10:30:00-04:00,254.47999572753906,256.5,253.6999969482422,256.3500061035156,68816,0.0,0.0
2022-08-03 11:30:00-04:00,256.3500061035156,257.0,253.5800018310547,254.85000610351562,68540,0.0,0.0
2022-08-03 12:30:00-04:00,255.16000366210938,255.4499969482422,253.77000427246094,254.64500427246094,50755,0.0,0.0
2022-08-03 13:30:00-04:00,254.6999969482422,255.74000549316406,254.1699981689453,254.1699981689453,73425,0.0,0.0
2022-08-03 14:30:00-04:00,254.2100067138672,254.80999755859375,252.97999572753906,254.30499267578125,121375,0.0,0.0
2022-08-03 15:30:00-04:00,254.24000549316406,255.30999755859375,254.21499633789062,254.97000122070312,150157,0.0,0.0
2022-08-04 09:30:00-04:00,255.35000610351562,257.5799865722656,253.9499969482422,254.0500030517578,44385,0.0,0.0
2022-08-04 10:30:00-04:00,254.27000427246094,254.9600067138672,253.11000061035156,254.36000061035156,87229,0.0,0.0
2022-08-04 11:30:00-04:00,254.4199981689453,254.44500732421875,252.60000610351562,252.8300018310547,48695,0.0,0.0
2022-08-04 12:30:00-04:00,252.02999877929688,252.02999877929688,250.41000366210938,251.1199951171875,42444,0.0,0.0
2022-08-04 13:30:00-04:00,251.16900634765625,251.3699951171875,248.9600067138672,249.67999267578125,31086,0.0,0.0
2022-08-04 14:30:00-04:00,249.80999755859375,250.35000610351562,249.27000427246094,250.0,70796,0.0,0.0
2022-08-04 15:30:00-04:00,250.0,250.77000427246094,249.57249450683594,250.75999450683594,84189,0.0,0.0
2022-08-05 09:30:00-04:00,247.35000610351562,249.93910217285156,247.15499877929688,249.38999938964844,21471,0.0,0.0
2022-08-05 10:30:00-04:00,248.33999633789062,250.21499633789062,247.91000366210938,247.9600067138672,18660,0.0,0.0
2022-08-05 11:30:00-04:00,247.72999572753906,249.0,247.72999572753906,248.11000061035156,17421,0.0,0.0
2022-08-05 12:30:00-04:00,248.08999633789062,248.8800048828125,247.69500732421875,248.08999633789062,21385,0.0,0.0
2022-08-05 13:30:00-04:00,248.31680297851562,249.02000427246094,247.97000122070312,247.99000549316406,27400,0.0,0.0
2022-08-05 14:30:00-04:00,247.97999572753906,249.10000610351562,247.78599548339844,248.75,31804,0.0,0.0
2022-08-05 15:30:00-04:00,248.8350067138672,250.6300048828125,248.72500610351562,250.52000427246094,65696,0.0,0.0
2022-08-08 09:30:00-04:00,253.3699951171875,255.42999267578125,253.00999450683594,254.88999938964844,106517,0.0,0.0
2022-08-08 10:30:00-04:00,255.1300048828125,257.30999755859375,255.1300048828125,256.3900146484375,16086,0.0,0.0
2022-08-08 11:30:00-04:00,256.260009765625,256.2900085449219,254.77000427246094,254.88999938964844,19146,0.0,0.0
2022-08-08 12:30:00-04:00,254.99000549316406,255.56689453125,254.92999267578125,254.96499633789062,22350,0.0,0.0
2022-08-08 13:30:00-04:00,254.9199981689453,255.16000366210938,254.27999877929688,254.77499389648438,20789,0.0,0.0
2022-08-08 14:30:00-04:00,254.80999755859375,255.35000610351562,254.57000732421875,255.02499389648438,30694,0.0,0.0
2022-08-08 15:30:00-04:00,254.98500061035156,255.97000122070312,254.86000061035156,255.94000244140625,72698,0.0,0.0
2022-08-09 09:30:00-04:00,254.88999938964844,255.33999633789062,252.6300048828125,253.81500244140625,79262,0.0,0.0
2022-08-09 10:30:00-04:00,253.74000549316406,254.0399932861328,249.8000030517578,251.19000244140625,26891,0.0,0.0
2022-08-09 11:30:00-04:00,251.13999938964844,253.0,250.83999633789062,252.58999633789062,18064,0.0,0.0
2022-08-09 12:30:00-04:00,252.60000610351562,252.9199981689453,251.66000366210938,251.69000244140625,50361,0.0,0.0
2022-08-09 13:30:00-04:00,251.77999877929688,251.86000061035156,248.52999877929688,248.55999755859375,43267,0.0,0.0
2022-08-09 14:30:00-04:00,248.625,249.89999389648438,248.625,249.41000366210938,27840,0.0,0.0
2022-08-09 15:30:00-04:00,249.32000732421875,249.42999267578125,248.22000122070312,249.2899932861328,86460,0.0,0.0
2022-08-10 09:30:00-04:00,253.32000732421875,253.86000061035156,252.6555938720703,253.27999877929688,0,0.0,0.0
2022-08-10 10:30:00-04:00,253.16000366210938,254.60000610351562,253.08999633789062,253.8300018310547,36596,0.0,0.0
2022-08-10 11:30:00-04:00,254.00999450683594,254.38999938964844,253.27999877929688,253.82000732421875,25043,0.0,0.0
2022-08-10 12:30:00-04:00,254.01499938964844,254.6300048828125,254.01499938964844,254.02000427246094,9468,0.0,0.0
2022-08-10 13:30:00-04:00,253.86000061035156,254.5500030517578,253.5,253.77999877929688,13031,0.0,0.0
2022-08-10 14:30:00-04:00,253.74000549316406,254.375,253.27000427246094,253.47000122070312,25128,0.0,0.0
2022-08-10 15:30:00-04:00,253.47000122070312,254.3699951171875,253.35000610351562,253.9949951171875,30672,0.0,0.0
2022-08-11 09:30:00-04:00,257.2300109863281,259.5299987792969,256.17401123046875,259.5299987792969,16268,0.0,0.0
2022-08-11 10:30:00-04:00,259.75,260.5249938964844,256.82000732421875,257.0,43219,0.0,0.0
2022-08-11 11:30:00-04:00,257.0,257.0,255.91000366210938,256.239990234375,22898,0.0,0.0
2022-08-11 12:30:00-04:00,256.2300109863281,257.0,256.2300109863281,256.5,32376,0.0,0.0
2022-08-11 13:30:00-04:00,256.5,256.5299987792969,254.92999267578125,255.5500030517578,12314,0.0,0.0
2022-08-11 14:30:00-04:00,255.32000732421875,255.44000244140625,253.58999633789062,253.74000549316406,17862,0.0,0.0
2022-08-11 15:30:00-04:00,253.6300048828125,254.32000732421875,253.27499389648438,253.9199981689453,49530,0.0,0.0
2022-08-12 09:30:00-04:00,254.39999389648438,255.22999572753906,252.9199981689453,254.74000549316406,13326,0.0,0.0
2022-08-12 10:30:00-04:00,254.81930541992188,255.60189819335938,254.47999572753906,255.5,10576,0.0,0.0
2022-08-12 11:30:00-04:00,255.91000366210938,256.3999938964844,255.58999633789062,256.3999938964844,12027,0.0,0.0
2022-08-12 12:30:00-04:00,256.54998779296875,257.0899963378906,255.86000061035156,255.9199981689453,11508,0.0,0.0
2022-08-12 13:30:00-04:00,256.05999755859375,256.1600036621094,255.50999450683594,255.89500427246094,13043,0.0,0.0
2022-08-12 14:30:00-04:00,256.32501220703125,256.80999755859375,256.239501953125,256.80999755859375,14849,0.0,0.0
2022-08-12 15:30:00-04:00,256.82501220703125,257.1499938964844,256.4200134277344,256.8800048828125,37810,0.0,0.0
2022-08-15 09:30:00-04:00,255.27999877929688,257.69000244140625,255.27999877929688,256.0199890136719,18528,0.0,0.0
2022-08-15 10:30:00-04:00,255.85000610351562,256.2200012207031,255.11000061035156,256.0,30856,0.0,0.0
2022-08-15 11:30:00-04:00,256.0,257.2149963378906,256.0,256.55499267578125,82808,0.0,0.0
2022-08-15 12:30:00-04:00,256.54998779296875,257.1300048828125,256.30999755859375,256.4100036621094,31645,0.0,0.0
2022-08-15 13:30:00-04:00,256.4100036621094,256.5090026855469,255.0,255.46499633789062,61262,0.0,0.0
2022-08-15 14:30:00-04:00,255.5449981689453,255.5500030517578,254.78500366210938,254.9499969482422,39394,0.0,0.0
2022-08-15 15:30:00-04:00,254.8300018310547,255.13999938964844,254.13999938964844,254.5500030517578,123931,0.0,0.0
2022-08-16 09:30:00-04:00,252.50999450683594,253.1750030517578,249.24000549316406,249.6300048828125,186675,0.0,0.0
2022-08-16 10:30:00-04:00,249.63999938964844,251.8699951171875,249.27000427246094,250.86000061035156,32238,0.0,0.0
2022-08-16 11:30:00-04:00,250.99000549316406,252.24000549316406,250.60000610351562,252.0800018310547,66963,0.0,0.0
2022-08-16 12:30:00-04:00,252.0050048828125,253.2899932861328,250.67999267578125,251.60000610351562,57741,0.0,0.0
2022-08-16 13:30:00-04:00,251.77999877929688,254.0467071533203,251.77999877929688,252.67999267578125,66866,0.0,0.0
2022-08-16 14:30:00-04:00,252.8699951171875,253.0,251.72000122070312,252.36000061035156,38045,0.0,0.0
2022-08-16 15:30:00-04:00,252.14999389648438,253.25,252.07000732421875,253.2100067138672,62753,0.0,0.0
2022-08-17 09:30:00-04:00,250.80999755859375,250.80999755859375,246.82000732421875,248.28500366210938,0,0.0,0.0
2022-08-17 10:30:00-04:00,248.46499633789062,248.61000061035156,247.49000549316406,248.24000549316406,16448,0.0,0.0
2022-08-17 11:30:00-04:00,248.39999389648438,248.39999389648438,246.64999389648438,248.3300018310547,31167,0.0,0.0
2022-08-17 12:30:00-04:00,248.33999633789062,249.0749969482422,247.86000061035156,248.1699981689453,16072,0.0,0.0
2022-08-17 13:30:00-04:00,248.35499572753906,248.9149932861328,247.55999755859375,247.69000244140625,28544,0.0,0.0
2022-08-17 14:30:00-04:00,247.91000366210938,248.11000061035156,245.3300018310547,245.50999450683594,37631,0.0,0.0
2022-08-17 15:30:00-04:00,245.5050048828125,245.9149932861328,244.75,244.99000549316406,84480,0.0,0.0
2022-08-18 09:30:00-04:00,245.1699981689453,245.1699981689453,240.97999572753906,241.2449951171875,13098,0.0,0.0
2022-08-18 10:30:00-04:00,241.3000030517578,242.6300048828125,240.92999267578125,242.4600067138672,25052,0.0,0.0
2022-08-18 11:30:00-04:00,242.2133026123047,244.13479614257812,242.2133026123047,242.26499938964844,43905,0.0,0.0
2022-08-18 12:30:00-04:00,242.68499755859375,242.69500732421875,241.72999572753906,242.37750244140625,15260,0.0,0.0
2022-08-18 13:30:00-04:00,242.58999633789062,243.67999267578125,241.86000061035156,243.67999267578125,38688,0.0,0.0
2022-08-18 14:30:00-04:00,243.67999267578125,245.16000366210938,243.41000366210938,244.8800048828125,39052,0.0,0.0
2022-08-18 15:30:00-04:00,244.80999755859375,245.52000427246094,244.47999572753906,245.4600067138672,65972,0.0,0.0
2022-08-19 09:30:00-04:00,245.6999969482422,246.55999755859375,241.64999389648438,241.75,25455,0.0,0.0
2022-08-19 10:30:00-04:00,241.7100067138672,242.72999572753906,241.44500732421875,241.75,20027,0.0,0.0
2022-08-19 11:30:00-04:00,241.5399932861328,242.23500061035156,241.00999450683594,241.4600067138672,21448,0.0,0.0
2022-08-19 12:30:00-04:00,241.47999572753906,242.76499938964844,241.39999389648438,242.19000244140625,18193,0.0,0.0
2022-08-19 13:30:00-04:00,242.0,243.0,241.9199981689453,242.3699951171875,27720,0.0,0.0
2022-08-19 14:30:00-04:00,242.32000732421875,242.8000030517578,241.7949981689453,242.8000030517578,32108,0.0,0.0
2022-08-19 15:30:00-04:00,242.72999572753906,243.46499633789062,242.0800018310547,242.27000427246094,62132,0.0,0.0
2022-08-22 09:30:00-04:00,240.1300048828125,240.1300048828125,238.1199951171875,238.17999267578125,21713,0.0,0.0
2022-08-22 10:30:00-04:00,238.02999877929688,238.9550018310547,237.2550048828125,237.84500122070312,26441,0.0,0.0
2022-08-22 11:30:00-04:00,237.5,238.27000427246094,236.0399932861328,236.0500030517578,33377,0.0,0.0
2022-08-22 12:30:00-04:00,236.24000549316406,237.08999633789062,235.7899932861328,236.67999267578125,61933,0.0,0.0
2022-08-22 13:30:00-04:00,236.69000244140625,236.72000122070312,234.8800048828125,235.01499938964844,42085,0.0,0.0
2022-08-22 14:30:00-04:00,234.4600067138672,234.91000366210938,233.68499755859375,234.60400390625,31296,0.0,0.0
2022-08-22 15:30:00-04:00,234.64999389648438,235.9499969482422,234.64999389648438,235.50999450683594,70149,0.0,0.0
2022-08-23 09:30:00-04:00,233.57000732421875,233.57000732421875,229.38499450683594,231.64999389648438,38356,0.0,0.0
2022-08-23 10:30:00-04:00,231.77999877929688,231.77999877929688,230.0,230.36000061035156,30146,0.0,0.0
2022-08-23 11:30:00-04:00,230.4600067138672,230.4600067138672,228.36000061035156,228.4499969482422,31035,0.0,0.0
2022-08-23 12:30:00-04:00,228.4499969482422,230.2100067138672,227.89999389648438,230.0850067138672,64100,0.0,0.0
2022-08-23 13:30:00-04:00,230.14999389648438,230.52999877929688,229.6300048828125,230.41000366210938,40014,0.0,0.0
2022-08-23 14:30:00-04:00,230.5800018310547,230.65499877929688,229.4499969482422,229.67999267578125,27530,0.0,0.0
2022-08-23 15:30:00-04:00,229.72999572753906,230.1999969482422,228.85000610351562,229.80999755859375,95631,0.0,0.0
2022-08-24 09:30:00-04:00,229.22000122070312,231.3000030517578,227.30999755859375,230.52999877929688,21307,0.0,0.0
2022-08-24 10:30:00-04:00,230.52000427246094,232.0,230.41000366210938,231.66000366210938,30060,0.0,0.0
2022-08-24 11:30:00-04:00,231.72000122070312,232.30999755859375,229.89999389648438,230.06500244140625,18713,0.0,0.0
2022-08-24 12:30:00-04:00,229.97000122070312,230.22500610351562,229.125,229.72999572753906,13045,0.0,0.0
2022-08-24 13:30:00-04:00,229.72999572753906,230.30999755859375,229.51089477539062,230.25999450683594,17707,0.0,0.0
2022-08-24 14:30:00-04:00,230.1300048828125,230.79400634765625,229.57000732421875,230.1199951171875,22419,0.0,0.0
2022-08-24 15:30:00-04:00,230.05999755859375,230.5659942626953,229.85000610351562,229.91000366210938,57122,0.0,0.0
2022-08-25 09:30:00-04:00,232.42999267578125,235.14999389648438,229.9600067138672,233.72999572753906,35622,0.0,0.0
2022-08-25 10:30:00-04:00,233.94000244140625,233.94000244140625,231.0449981689453,232.27999877929688,32151,0.0,0.0
2022-08-25 11:30:00-04:00,232.01499938964844,232.99000549316406,231.6199951171875,232.7899932861328,17368,0.0,0.0
2022-08-25 12:30:00-04:00,232.84500122070312,233.1699981689453,232.3350067138672,232.64100646972656,19438,0.0,0.0
2022-08-25 13:30:00-04:00,232.71499633789062,232.8800048828125,232.25999450683594,232.5,17471,0.0,0.0
2022-08-25 14:30:00-04:00,232.60000610351562,233.50999450683594,232.2100067138672,233.39999389648438,34709,0.0,0.0
2022-08-25 15:30:00-04:00,233.3800048828125,234.88999938964844,233.25999450683594,234.88999938964844,56048,0.0,0.0
2022-08-26 09:30:00-04:00,235.57000732421875,235.57000732421875,231.03860473632812,231.68499755859375,47209,0.0,0.0
2022-08-26 10:30:00-04:00,231.19000244140625,231.19000244140625,227.42999267578125,227.75999450683594,19158,0.0,0.0
2022-08-26 11:30:00-04:00,228.08999633789062,228.5,226.4600067138672,226.77999877929688,12072,0.0,0.0
2022-08-26 12:30:00-04:00,226.75999450683594,227.3000030517578,226.3699951171875,226.66310119628906,16289,0.0,0.0
2022-08-26 13:30:00-04:00,226.8000030517578,227.0800018310547,225.52499389648438,225.53500366210938,13377,0.0,0.0
2022-08-26 14:30:00-04:00,225.5050048828125,226.30999755859375,223.41000366210938,223.41000366210938,46435,0.0,0.0
2022-08-26 15:30:00-04:00,223.3699951171875,224.52000427246094,223.07000732421875,224.22000122070312,92532,0.0,0.0
2022-08-29 09:30:00-04:00,221.49000549316406,224.13999938964844,220.72000122070312,223.0749969482422,35324,0.0,0.0
2022-08-29 10:30:00-04:00,222.72999572753906,222.88999938964844,221.33999633789062,222.1199951171875,28487,0.0,0.0
2022-08-29 11:30:00-04:00,222.125,223.22999572753906,221.17999267578125,223.14500427246094,20456,0.0,0.0
2022-08-29 12:30:00-04:00,222.92999267578125,223.97000122070312,222.72000122070312,223.3699951171875,25967,0.0,0.0
2022-08-29 13:30:00-04:00,223.3800048828125,224.6199951171875,223.17999267578125,223.74000549316406,40307,0.0,0.0
2022-08-29 14:30:00-04:00,223.80999755859375,224.91000366210938,223.6300048828125,223.6300048828125,27630,0.0,0.0
2022-08-29 15:30:00-04:00,223.64999389648438,223.88999938964844,221.83999633789062,222.0800018310547,60282,0.0,0.0
2022-08-30 09:30:00-04:00,222.52999877929688,223.24000549316406,221.10000610351562,222.38999938964844,23237,0.0,0.0
2022-08-30 10:30:00-04:00,222.17999267578125,222.47500610351562,220.6199951171875,222.38499450683594,27717,0.0,0.0
2022-08-30 11:30:00-04:00,222.1199951171875,224.16000366210938,221.97999572753906,223.81829833984375,39806,0.0,0.0
2022-08-30 12:30:00-04:00,223.80999755859375,224.30999755859375,222.82000732421875,223.4199981689453,40435,0.0,0.0
2022-08-30 13:30:00-04:00,223.27000427246094,223.82000732421875,222.67999267578125,222.8350067138672,39690,0.0,0.0
2022-08-30 14:30:00-04:00,222.76499938964844,224.18499755859375,222.76499938964844,223.37249755859375,28040,0.0,0.0
2022-08-30 15:30:00-04:00,223.41000366210938,223.5821990966797,222.4499969482422,223.00999450683594,75719,0.0,0.0
2022-08-31 09:30:00-04:00,225.32000732421875,227.6300048828125,224.21499633789062,225.61000061035156,21639,0.0,0.0
2022-08-31 10:30:00-04:00,225.3699951171875,225.88499450683594,223.7550048828125,225.10000610351562,28394,0.0,0.0
2022-08-31 11:30:00-04:00,224.79159545898438,225.38999938964844,223.9149932861328,224.38999938964844,27266,0.0,0.0
2022-08-31 12:30:00-04:00,224.30499267578125,224.55999755859375,223.2449951171875,223.4199981689453,21218,0.0,0.0
2022-08-31 13:30:00-04:00,223.36000061035156,225.0399932861328,223.30760192871094,225.0399932861328,28388,0.0,0.0
2022-08-31 14:30:00-04:00,225.03500366210938,226.57000732421875,224.4600067138672,226.33999633789062,46460,0.0,0.0
2022-08-31 15:30:00-04:00,226.21499633789062,227.14999389648438,225.49000549316406,226.16000366210938,139370,0.0,0.0
2022-09-01 09:30:00-04:00,225.10000610351562,229.35000610351562,224.5050048828125,225.52000427246094,51965,0.0,0.0
2022-09-01 10:30:00-04:00,225.46499633789062,226.0500030517578,224.0399932861328,225.8350067138672,41026,0.0,0.0
2022-09-01 11:30:00-04:00,225.91000366210938,226.88999938964844,224.24000549316406,225.32220458984375,29066,0.0,0.0
2022-09-01 12:30:00-04:00,225.08999633789062,225.52999877929688,224.18499755859375,225.52999877929688,19412,0.0,0.0
2022-09-01 13:30:00-04:00,225.44000244140625,225.47500610351562,224.47000122070312,224.9499969482422,16763,0.0,0.0
2022-09-01 14:30:00-04:00,225.4676971435547,226.47999572753906,225.35000610351562,225.35000610351562,30631,0.0,0.0
2022-09-01 15:30:00-04:00,225.41000366210938,227.1649932861328,225.2899932861328,226.7100067138672,82895,0.0,0.0
2022-09-02 09:30:00-04:00,228.77999877929688,228.77999877929688,224.0,226.11000061035156,119883,0.0,0.0
2022-09-02 10:30:00-04:00,226.35000610351562,227.89999389648438,226.35000610351562,227.05999755859375,17207,0.0,0.0
2022-09-02 11:30:00-04:00,227.4149932861328,228.1300048828125,226.8000030517578,226.91000366210938,13595,0.0,0.0
2022-09-02 12:30:00-04:00,226.26499938964844,226.26499938964844,223.17999267578125,223.17999267578125,19574,0.0,0.0
2022-09-02 13:30:00-04:00,223.08999633789062,223.77000427246094,222.4591064453125,223.24000549316406,22303,0.0,0.0
2022-09-02 14:30:00-04:00,223.24000549316406,223.4499969482422,222.5449981689453,223.02999877929688,54260,0.0,0.0
2022-09-02 15:30:00-04:00,222.6300048828125,223.02000427246094,221.6793975830078,222.8000030517578,102687,0.0,0.0
2022-09-06 09:30:00-04:00,223.91000366210938,223.91000366210938,220.4600067138672,221.39999389648438,38916,0.0,0.0
2022-09-06 10:30:00-04:00,221.66000366210938,223.17999267578125,221.36000061035156,222.01499938964844,30525,0.0,0.0
2022-09-06 11:30:00-04:00,222.0,222.76499938964844,220.32000732421875,220.9499969482422,39008,0.0,0.0
2022-09-06 12:30:00-04:00,221.0,221.44000244140625,219.5388946533203,220.3000030517578,42279,0.0,0.0
2022-09-06 13:30:00-04:00,220.52000427246094,222.0050048828125,220.47000122070312,221.52499389648438,24013,0.0,0.0
2022-09-06 14:30:00-04:00,221.52999877929688,222.1999969482422,221.10000610351562,221.5,32955,0.0,0.0
2022-09-06 15:30:00-04:00,221.4499969482422,221.9600067138672,220.94000244140625,221.7899932861328,76338,0.0,0.0
2022-09-07 09:30:00-04:00,222.63999938964844,226.2449951171875,220.36000061035156,224.69000244140625,0,0.0,0.0
2022-09-07 10:30:00-04:00,225.47999572753906,227.55499267578125,224.9499969482422,227.38999938964844,49299,0.0,0.0
2022-09-07 11:30:00-04:00,227.57000732421875,228.5800018310547,227.0850067138672,228.22000122070312,24803,0.0,0.0
2022-09-07 12:30:00-04:00,228.4550018310547,229.89999389648438,228.41000366210938,229.30999755859375,26892,0.0,0.0
2022-09-07 13:30:00-04:00,229.36000061035156,231.8300018310547,229.36000061035156,231.8300018310547,27936,0.0,0.0
2022-09-07 14:30:00-04:00,231.9499969482422,233.91000366210938,231.52999877929688,233.85000610351562,116848,0.0,0.0
2022-09-07 15:30:00-04:00,233.67999267578125,234.0800018310547,232.82000732421875,233.19000244140625,110142,0.0,0.0
2022-09-08 09:30:00-04:00,231.16000366210938,235.63999938964844,231.16000366210938,234.6699981689453,21008,0.0,0.0
2022-09-08 10:30:00-04:00,234.77999877929688,237.74000549316406,234.5399932861328,237.22999572753906,29451,0.0,0.0
2022-09-08 11:30:00-04:00,237.22999572753906,237.6300048828125,235.08059692382812,235.99000549316406,27878,0.0,0.0
2022-09-08 12:30:00-04:00,235.85000610351562,237.6999969482422,235.85000610351562,237.4949951171875,21342,0.0,0.0
2022-09-08 13:30:00-04:00,237.64999389648438,237.64999389648438,236.69000244140625,237.22000122070312,28708,0.0,0.0
2022-09-08 14:30:00-04:00,237.36000061035156,237.46499633789062,235.75999450683594,236.6300048828125,67320,0.0,0.0
2022-09-08 15:30:00-04:00,236.67999267578125,237.52499389648438,236.1999969482422,237.50999450683594,52514,0.0,0.0
2022-09-09 09:30:00-04:00,238.50999450683594,242.2899932861328,237.96539306640625,241.49000549316406,25181,0.0,0.0
2022-09-09 10:30:00-04:00,241.27999877929688,242.52000427246094,241.27999877929688,242.52000427246094,24189,0.0,0.0
2022-09-09 11:30:00-04:00,242.13499450683594,242.13499450683594,240.94000244140625,241.4499969482422,20706,0.0,0.0
2022-09-09 12:30:00-04:00,241.51499938964844,242.2100067138672,241.1999969482422,241.72999572753906,22276,0.0,0.0
2022-09-09 13:30:00-04:00,241.8699951171875,243.14999389648438,241.39999389648438,242.8300018310547,26540,0.0,0.0
2022-09-09 14:30:00-04:00,243.1699981689453,243.4600067138672,242.5399932861328,243.27999877929688,25548,0.0,0.0
2022-09-09 15:30:00-04:00,243.15499877929688,243.19000244140625,242.1199951171875,242.1199951171875,65369,0.0,0.0
2022-09-12 09:30:00-04:00,242.8000030517578,246.08999633789062,242.8000030517578,244.0,44183,0.0,0.0
2022-09-12 10:30:00-04:00,244.22999572753906,246.0,243.74000549316406,246.0,37349,0.0,0.0
2022-09-12 11:30:00-04:00,246.19000244140625,246.19000244140625,243.86000061035156,244.88499450683594,35565,0.0,0.0
2022-09-12 12:30:00-04:00,245.1300048828125,245.1999969482422,244.48500061035156,244.68499755859375,24499,0.0,0.0
2022-09-12 13:30:00-04:00,244.6649932861328,246.3000030517578,244.61500549316406,244.8000030517578,49734,0.0,0.0
2022-09-12 14:30:00-04:00,244.74000549316406,245.41000366210938,244.08999633789062,244.97999572753906,48502,0.0,0.0
2022-09-12 15:30:00-04:00,244.88999938964844,245.3000030517578,244.10499572753906,245.14999389648438,75068,0.0,0.0
2022-09-13 09:30:00-04:00,240.92999267578125,241.75,238.72129821777344,239.8699951171875,0,0.0,0.0
2022-09-13 10:30:00-04:00,239.9600067138672,240.27999877929688,237.0399932861328,237.5050048828125,52356,0.0,0.0
2022-09-13 11:30:00-04:00,237.5,238.4499969482422,237.3699951171875,237.55499267578125,38234,0.0,0.0
2022-09-13 12:30:00-04:00,237.5500030517578,239.66000366210938,237.13999938964844,239.4600067138672,26983,0.0,0.0
2022-09-13 13:30:00-04:00,239.3699951171875,240.27000427246094,238.50999450683594,239.4199981689453,27200,0.0,0.0
2022-09-13 14:30:00-04:00,239.4550018310547,239.6300048828125,237.5399932861328,237.59500122070312,33108,0.0,0.0
2022-09-13 15:30:00-04:00,237.46499633789062,238.5449981689453,237.08999633789062,237.6999969482422,147773,0.0,0.0
2022-09-14 09:30:00-04:00,237.5,240.17999267578125,237.0,237.0,27688,0.0,0.0
2022-09-14 10:30:00-04:00,236.97500610351562,240.11000061035156,236.74000549316406,238.52000427246094,75975,0.0,0.0
2022-09-14 11:30:00-04:00,238.7100067138672,241.03500366210938,238.0850067138672,240.5,60078,0.0,0.0
2022-09-14 12:30:00-04:00,240.52000427246094,241.68499755859375,240.05999755859375,240.92999267578125,32156,0.0,0.0
2022-09-14 13:30:00-04:00,240.9600067138672,240.97999572753906,239.48500061035156,239.48500061035156,33327,0.0,0.0
2022-09-14 14:30:00-04:00,239.36000061035156,239.50999450683594,238.0800018310547,238.67999267578125,71702,0.0,0.0
2022-09-14 15:30:00-04:00,238.58999633789062,238.85000610351562,237.5,238.72999572753906,85225,0.0,0.0
2022-09-15 09:30:00-04:00,239.6699981689453,245.13999938964844,239.6699981689453,241.55999755859375,45350,0.0,0.0
2022-09-15 10:30:00-04:00,240.5399932861328,240.7100067138672,238.3300018310547,239.16000366210938,43869,0.0,0.0
2022-09-15 11:30:00-04:00,239.66000366210938,239.9499969482422,235.02999877929688,235.02999877929688,53047,0.0,0.0
2022-09-15 12:30:00-04:00,235.0399932861328,236.99000549316406,235.0399932861328,236.85000610351562,49312,0.0,0.0
2022-09-15 13:30:00-04:00,237.3800048828125,237.3800048828125,234.6999969482422,234.875,34714,0.0,0.0
2022-09-15 14:30:00-04:00,234.76499938964844,235.39999389648438,233.2050018310547,233.30999755859375,40746,0.0,0.0
2022-09-15 15:30:00-04:00,233.3300018310547,233.9149932861328,232.5800018310547,232.77999877929688,115661,0.0,0.0
2022-09-16 09:30:00-04:00,230.6199951171875,230.6199951171875,227.56500244140625,228.81500244140625,82686,0.0,0.0
2022-09-16 10:30:00-04:00,228.8300018310547,231.5399932861328,228.8300018310547,229.85000610351562,30716,0.0,0.0
2022-09-16 11:30:00-04:00,229.5850067138672,229.97999572753906,228.82000732421875,228.8699951171875,30206,0.0,0.0
2022-09-16 12:30:00-04:00,228.86000061035156,230.05999755859375,228.55999755859375,228.82000732421875,32191,0.0,0.0
2022-09-16 13:30:00-04:00,228.85000610351562,229.3800048828125,227.42999267578125,229.11500549316406,63308,0.0,0.0
2022-09-16 14:30:00-04:00,228.8800048828125,231.2449951171875,228.125,230.35000610351562,87496,0.0,0.0
2022-09-16 15:30:00-04:00,230.25999450683594,230.34500122070312,226.61000061035156,227.5500030517578,223207,0.0,0.0
2022-09-19 09:30:00-04:00,224.77999877929688,226.13999938964844,218.6300048828125,219.3000030517578,25973,0.0,0.0
2022-09-19 10:30:00-04:00,218.8800048828125,222.22999572753906,218.8800048828125,220.30999755859375,31320,0.0,0.0
2022-09-19 11:30:00-04:00,220.33999633789062,221.79640197753906,220.33999633789062,221.3699951171875,21511,0.0,0.0
2022-09-19 12:30:00-04:00,221.3699951171875,222.55999755859375,221.27040100097656,221.77000427246094,28590,0.0,0.0
2022-09-19 13:30:00-04:00,221.61000061035156,222.58999633789062,220.80999755859375,222.0500030517578,45748,0.0,0.0
2022-09-19 14:30:00-04:00,222.0800018310547,224.1750030517578,221.9499969482422,223.38999938964844,45482,0.0,0.0
2022-09-19 15:30:00-04:00,223.39500427246094,223.75999450683594,222.80999755859375,222.9600067138672,107629,0.0,0.0
2022-09-20 09:30:00-04:00,220.8300018310547,220.8300018310547,218.30999755859375,220.0850067138672,41888,0.0,0.0
2022-09-20 10:30:00-04:00,220.02999877929688,220.5,219.5850067138672,220.0,34840,0.0,0.0
2022-09-20 11:30:00-04:00,220.07000732421875,220.43499755859375,219.2899932861328,219.65499877929688,65053,0.0,0.0
2022-09-20 12:30:00-04:00,219.4499969482422,219.52499389648438,217.8300018310547,217.8300018310547,33118,0.0,0.0
2022-09-20 13:30:00-04:00,217.9499969482422,218.57000732421875,217.08999633789062,218.55999755859375,57069,0.0,0.0
2022-09-20 14:30:00-04:00,218.42999267578125,220.3300018310547,218.3699951171875,220.3300018310547,63224,0.0,0.0
2022-09-20 15:30:00-04:00,220.10000610351562,221.05499267578125,219.77000427246094,220.24000549316406,70464,0.0,0.0
2022-09-21 09:30:00-04:00,221.72999572753906,223.05999755859375,221.0,222.19000244140625,16086,0.0,0.0
2022-09-21 10:30:00-04:00,221.77999877929688,221.85000610351562,219.6999969482422,219.77999877929688,10147,0.0,0.0
2022-09-21 11:30:00-04:00,219.58999633789062,219.58999633789062,218.63999938964844,218.74000549316406,10783,0.0,0.0
2022-09-21 12:30:00-04:00,218.61000061035156,219.0050048828125,217.89999389648438,218.2100067138672,14997,0.0,0.0
2022-09-21 13:30:00-04:00,218.3000030517578,218.88999938964844,214.0,214.71499633789062,34067,0.0,0.0
2022-09-21 14:30:00-04:00,214.50999450683594,221.6199951171875,214.4600067138672,215.6300048828125,100088,0.0,0.0
2022-09-21 15:30:00-04:00,215.5850067138672,215.74000549316406,213.7550048828125,214.19000244140625,83825,0.0,0.0
2022-09-22 09:30:00-04:00,212.85000610351562,212.85000610351562,209.7899932861328,211.3000030517578,72919,0.0,0.0
2022-09-22 10:30:00-04:00,211.30499267578125,211.72500610351562,209.42999267578125,209.9199981689453,21841,0.0,0.0
2022-09-22 11:30:00-04:00,209.77999877929688,211.21499633789062,209.7100067138672,210.2899932861328,24323,0.0,0.0
2022-09-22 12:30:00-04:00,210.06829833984375,211.0,209.9145050048828,210.3699951171875,23600,0.0,0.0
2022-09-22 13:30:00-04:00,210.5500030517578,211.9499969482422,210.25,211.86000061035156,24406,0.0,0.0
2022-09-22 14:30:00-04:00,211.52000427246094,212.8800048828125,211.2449951171875,211.61000061035156,45967,0.0,0.0
2022-09-22 15:30:00-04:00,211.83999633789062,213.02000427246094,211.5500030517578,211.9199981689453,126598,0.0,0.0
2022-09-23 09:30:00-04:00,208.66000366210938,209.32000732421875,206.55999755859375,207.52999877929688,99191,0.0,0.0
2022-09-23 10:30:00-04:00,207.52999877929688,207.7899932861328,206.66000366210938,206.83999633789062,37858,0.0,0.0
2022-09-23 11:30:00-04:00,206.94500732421875,207.1649932861328,204.3699951171875,204.3699951171875,37149,0.0,0.0
2022-09-23 12:30:00-04:00,204.55999755859375,205.4550018310547,204.1999969482422,204.25,30830,0.0,0.0
2022-09-23 13:30:00-04:00,204.25,204.9949951171875,203.3800048828125,204.21499633789062,50616,0.0,0.0
2022-09-23 14:30:00-04:00,204.18499755859375,206.1699981689453,203.61500549316406,206.0399932861328,60927,0.0,0.0
2022-09-23 15:30:00-04:00,206.25,207.81500244140625,206.25,207.47000122070312,74566,0.0,0.0
2022-09-26 09:30:00-04:00,206.6699981689453,208.35499572753906,206.625,207.125,0,0.0,0.0
2022-09-26 10:30:00-04:00,206.91000366210938,206.91000366210938,205.5399932861328,205.86000061035156,20227,0.0,0.0
2022-09-26 11:30:00-04:00,205.94000244140625,206.6699981689453,204.38999938964844,204.38999938964844,14303,0.0,0.0
2022-09-26 12:30:00-04:00,204.26950073242188,204.33999633789062,202.5399932861328,202.80999755859375,23161,0.0,0.0
2022-09-26 13:30:00-04:00,203.10499572753906,204.38999938964844,202.8800048828125,203.7899932861328,30926,0.0,0.0
2022-09-26 14:30:00-04:00,203.42999267578125,204.94000244140625,202.8751983642578,204.35000610351562,30401,0.0,0.0
2022-09-26 15:30:00-04:00,204.27999877929688,206.1199951171875,204.00999450683594,204.61000061035156,53112,0.0,0.0
2022-09-27 09:30:00-04:00,207.2899932861328,207.2899932861328,202.8800048828125,203.47000122070312,21220,0.0,0.0
2022-09-27 10:30:00-04:00,203.4149932861328,205.36000061035156,203.4149932861328,203.75999450683594,87686,0.0,0.0
2022-09-27 11:30:00-04:00,204.1999969482422,204.24000549316406,201.125,201.75,21759,0.0,0.0
2022-09-27 12:30:00-04:00,201.8300018310547,202.3800048828125,201.13999938964844,201.30999755859375,19418,0.0,0.0
2022-09-27 13:30:00-04:00,201.4499969482422,201.4499969482422,199.9199981689453,201.02999877929688,20599,0.0,0.0
2022-09-27 14:30:00-04:00,200.92999267578125,202.6199951171875,200.92999267578125,201.53500366210938,36951,0.0,0.0
2022-09-27 15:30:00-04:00,201.55999755859375,202.49000549316406,201.07000732421875,201.9600067138672,68676,0.0,0.0
2022-09-28 09:30:00-04:00,204.42999267578125,205.17999267578125,202.6300048828125,205.17999267578125,23294,0.0,0.0
2022-09-28 10:30:00-04:00,204.5500030517578,206.60000610351562,204.5500030517578,205.99000549316406,16442,0.0,0.0
2022-09-28 11:30:00-04:00,205.6199951171875,206.97000122070312,205.15499877929688,206.5500030517578,18952,0.0,0.0
2022-09-28 12:30:00-04:00,206.8000030517578,207.60000610351562,206.3000030517578,207.02000427246094,32412,0.0,0.0
2022-09-28 13:30:00-04:00,207.36000061035156,207.99000549316406,207.11000061035156,207.5500030517578,21906,0.0,0.0
2022-09-28 14:30:00-04:00,207.6699981689453,208.36000061035156,207.47000122070312,207.85000610351562,51165,0.0,0.0
2022-09-28 15:30:00-04:00,207.94000244140625,209.08999633789062,207.75,207.92999267578125,117849,0.0,0.0
2022-09-29 09:30:00-04:00,205.6999969482422,205.6999969482422,202.97000122070312,203.82000732421875,17938,0.0,0.0
2022-09-29 10:30:00-04:00,204.00999450683594,206.5050048828125,203.60499572753906,205.61500549316406,22753,0.0,0.0
2022-09-29 11:30:00-04:00,205.58999633789062,207.7449951171875,205.42999267578125,206.36000061035156,34891,0.0,0.0
2022-09-29 12:30:00-04:00,206.11500549316406,207.07000732421875,205.94000244140625,206.1199951171875,14891,0.0,0.0
2022-09-29 13:30:00-04:00,205.97000122070312,206.39999389648438,203.97000122070312,204.69000244140625,34890,0.0,0.0
2022-09-29 14:30:00-04:00,204.14999389648438,204.7899932861328,203.3699951171875,203.5399932861328,35271,0.0,0.0
2022-09-29 15:30:00-04:00,203.44500732421875,204.59500122070312,203.44500732421875,204.02999877929688,59863,0.0,0.0
2022-09-30 09:30:00-04:00,204.63999938964844,206.6300048828125,202.3699951171875,206.2899932861328,10902,0.0,0.0
2022-09-30 10:30:00-04:00,206.50999450683594,208.38999938964844,206.50999450683594,207.91000366210938,17114,0.0,0.0
2022-09-30 11:30:00-04:00,208.13999938964844,208.25840759277344,204.82000732421875,205.11000061035156,16644,0.0,0.0
2022-09-30 12:30:00-04:00,204.94000244140625,205.75,204.77999877929688,205.27000427246094,23787,0.0,0.0
2022-09-30 13:30:00-04:00,205.3300018310547,205.82000732421875,204.42999267578125,204.77999877929688,73896,0.0,0.0
2022-09-30 14:30:00-04:00,204.99000549316406,205.0,202.5,202.88999938964844,46604,0.0,0.0
2022-09-30 15:30:00-04:00,203.10000610351562,203.36000061035156,200.86000061035156,201.4600067138672,91338,0.0,0.0
2022-10-03 09:30:00-04:00,204.61000061035156,208.50999450683594,200.8699951171875,207.9199981689453,39002,0.0,0.0
2022-10-03 10:30:00-04:00,208.16000366210938,209.0399932861328,206.47000122070312,208.27000427246094,52151,0.0,0.0
2022-10-03 11:30:00-04:00,208.16000366210938,208.4149932861328,206.6300048828125,207.5,27742,0.0,0.0
2022-10-03 12:30:00-04:00,206.89999389648438,209.2550048828125,206.25999450683594,209.125,38421,0.0,0.0
2022-10-03 13:30:00-04:00,209.05999755859375,209.75,208.16000366210938,209.6300048828125,31017,0.0,0.0
2022-10-03 14:30:00-04:00,209.77999877929688,211.38499450683594,209.4949951171875,209.86000061035156,52816,0.0,0.0
2022-10-03 15:30:00-04:00,209.85000610351562,210.18789672851562,208.125,208.4600067138672,108094,0.0,0.0
2022-10-04 09:30:00-04:00,210.25,213.07000732421875,206.53500366210938,207.4250030517578,230602,0.0,0.0
2022-10-04 10:30:00-04:00,207.25999450683594,207.3800048828125,205.9499969482422,206.30999755859375,173461,0.0,0.0
2022-10-04 11:30:00-04:00,206.4680938720703,207.10000610351562,205.69000244140625,206.5850067138672,137061,0.0,0.0
2022-10-04 12:30:00-04:00,206.59500122070312,206.76499938964844,203.5399932861328,204.63499450683594,79605,0.0,0.0
2022-10-04 13:30:00-04:00,204.72999572753906,206.67999267578125,204.72999572753906,205.1699981689453,128994,0.0,0.0
2022-10-04 14:30:00-04:00,205.3000030517578,206.72999572753906,205.2100067138672,205.5749969482422,63243,0.0,0.0
2022-10-04 15:30:00-04:00,205.56500244140625,206.3800048828125,205.0800018310547,206.25,97224,0.0,0.0
2022-10-05 09:30:00-04:00,204.32000732421875,205.86000061035156,202.25,202.38999938964844,42916,0.0,0.0
2022-10-05 10:30:00-04:00,202.22500610351562,204.4199981689453,202.19500732421875,204.11500549316406,22010,0.0,0.0
2022-10-05 11:30:00-04:00,204.11000061035156,204.63499450683594,203.28500366210938,203.9949951171875,26209,0.0,0.0
2022-10-05 12:30:00-04:00,204.0749969482422,205.0731964111328,203.69000244140625,204.4149932861328,40930,0.0,0.0
2022-10-05 13:30:00-04:00,204.35000610351562,206.5050048828125,203.75,206.4199981689453,36687,0.0,0.0
2022-10-05 14:30:00-04:00,206.22000122070312,206.6999969482422,205.33999633789062,206.13999938964844,55031,0.0,0.0
2022-10-05 15:30:00-04:00,206.13999938964844,206.30999755859375,205.1750030517578,205.4199981689453,85274,0.0,0.0
2022-10-06 09:30:00-04:00,205.17999267578125,207.08999633789062,202.52999877929688,202.52999877929688,28128,0.0,0.0
2022-10-06 10:30:00-04:00,201.92999267578125,202.88999938964844,201.30999755859375,202.11000061035156,29569,0.0,0.0
2022-10-06 11:30:00-04:00,202.02499389648438,202.24000549316406,199.85000610351562,200.05499267578125,23786,0.0,0.0
2022-10-06 12:30:00-04:00,200.06500244140625,201.99000549316406,200.0,201.97000122070312,88161,0.0,0.0
2022-10-06 13:30:00-04:00,201.91000366210938,202.06500244140625,199.83999633789062,199.83999633789062,24699,0.0,0.0
2022-10-06 14:30:00-04:00,200.0,200.0,198.3249969482422,199.72999572753906,42724,0.0,0.0
2022-10-06 15:30:00-04:00,199.93499755859375,200.7100067138672,199.1300048828125,199.27999877929688,81084,0.0,0.0
2022-10-07 09:30:00-04:00,197.2899932861328,197.2899932861328,194.4600067138672,197.02000427246094,30590,0.0,0.0
2022-10-07 10:30:00-04:00,197.02000427246094,197.27000427246094,194.90499877929688,195.07000732421875,41163,0.0,0.0
2022-10-07 11:30:00-04:00,195.0500030517578,195.26499938964844,193.1300048828125,193.15499877929688,30629,0.0,0.0
2022-10-07 12:30:00-04:00,193.15499877929688,194.63999938964844,193.02000427246094,194.39500427246094,36299,0.0,0.0
2022-10-07 13:30:00-04:00,194.1999969482422,194.5800018310547,193.44000244140625,193.44500732421875,36601,0.0,0.0
2022-10-07 14:30:00-04:00,193.44500732421875,194.4499969482422,193.02499389648438,193.21499633789062,34974,0.0,0.0
2022-10-07 15:30:00-04:00,193.11000061035156,194.33999633789062,192.8000030517578,194.33999633789062,66341,0.0,0.0
2022-10-10 09:30:00-04:00,195.5,195.5,191.00999450683594,191.41000366210938,38218,0.0,0.0
2022-10-10 10:30:00-04:00,191.25,191.65499877929688,190.67999267578125,191.2050018310547,32197,0.0,0.0
2022-10-10 11:30:00-04:00,190.97999572753906,191.92999267578125,189.89999389648438,190.08299255371094,43724,0.0,0.0
2022-10-10 12:30:00-04:00,190.13499450683594,190.89999389648438,189.68499755859375,190.8699951171875,20745,0.0,0.0
2022-10-10 13:30:00-04:00,190.8300018310547,192.49000549316406,190.77000427246094,191.83999633789062,42167,0.0,0.0
2022-10-10 14:30:00-04:00,191.77000427246094,192.25,191.32000732421875,191.44500732421875,34616,0.0,0.0
2022-10-10 15:30:00-04:00,191.3300018310547,191.3300018310547,190.14999389648438,190.1699981689453,55946,0.0,0.0
2022-10-11 09:30:00-04:00,189.99000549316406,189.99000549316406,186.52000427246094,188.66000366210938,33087,0.0,0.0
2022-10-11 10:30:00-04:00,188.60499572753906,190.36500549316406,188.47000122070312,189.96749877929688,22203,0.0,0.0
2022-10-11 11:30:00-04:00,190.23500061035156,192.47500610351562,190.23500061035156,192.0800018310547,20406,0.0,0.0
2022-10-11 12:30:00-04:00,192.22999572753906,193.10499572753906,191.8000030517578,191.8699951171875,34610,0.0,0.0
2022-10-11 13:30:00-04:00,191.77999877929688,192.1199951171875,191.3699951171875,191.52999877929688,23097,0.0,0.0
2022-10-11 14:30:00-04:00,191.7100067138672,191.94000244140625,188.91000366210938,189.61000061035156,41792,0.0,0.0
2022-10-11 15:30:00-04:00,189.6699981689453,191.125,189.52999877929688,191.02000427246094,114869,0.0,0.0
2022-10-12 09:30:00-04:00,190.47000122070312,190.6699981689453,186.0050048828125,187.5800018310547,46981,0.0,0.0
2022-10-12 10:30:00-04:00,187.6300048828125,187.6300048828125,186.0,186.99000549316406,23518,0.0,0.0
2022-10-12 11:30:00-04:00,187.18499755859375,187.6199951171875,186.7100067138672,186.9149932861328,22050,0.0,0.0
2022-10-12 12:30:00-04:00,186.88999938964844,187.02499389648438,186.1199951171875,186.72999572753906,57164,0.0,0.0
2022-10-12 13:30:00-04:00,187.0399932861328,187.55999755859375,186.8000030517578,187.53500366210938,46416,0.0,0.0
2022-10-12 14:30:00-04:00,187.5500030517578,189.4600067138672,187.25,189.02999877929688,79985,0.0,0.0
2022-10-12 15:30:00-04:00,188.9149932861328,188.94000244140625,186.61000061035156,186.83999633789062,153759,0.0,0.0
2022-10-13 09:30:00-04:00,183.72000122070312,188.88999938964844,182.64999389648438,187.19000244140625,45370,0.0,0.0
2022-10-13 10:30:00-04:00,187.18499755859375,191.74000549316406,186.94000244140625,191.31500244140625,77561,0.0,0.0
2022-10-13 11:30:00-04:00,191.22000122070312,192.92999267578125,190.19000244140625,190.6199951171875,62463,0.0,0.0
2022-10-13 12:30:00-04:00,190.61500549316406,193.72999572753906,190.60499572753906,193.6750030517578,42890,0.0,0.0
2022-10-13 13:30:00-04:00,193.72999572753906,195.24000549316406,193.17999267578125,194.0399932861328,39004,0.0,0.0
2022-10-13 14:30:00-04:00,194.25970458984375,195.52000427246094,194.25,194.27000427246094,49119,0.0,0.0
2022-10-13 15:30:00-04:00,194.3800048828125,194.8000030517578,193.05999755859375,193.13999938964844,115585,0.0,0.0
2022-10-14 09:30:00-04:00,195.88999938964844,198.27999877929688,193.89999389648438,194.22999572753906,51454,0.0,0.0
2022-10-14 10:30:00-04:00,194.77999877929688,196.9499969482422,194.36000061035156,195.42999267578125,65752,0.0,0.0
2022-10-14 11:30:00-04:00,195.33999633789062,195.39999389648438,193.88999938964844,194.75999450683594,25372,0.0,0.0
2022-10-14 12:30:00-04:00,195.07000732421875,195.71499633789062,194.72000122070312,195.52000427246094,27280,0.0,0.0
2022-10-14 13:30:00-04:00,195.5500030517578,196.38999938964844,195.125,195.52999877929688,31748,0.0,0.0
2022-10-14 14:30:00-04:00,195.27000427246094,195.6746063232422,194.60000610351562,195.61000061035156,30185,0.0,0.0
2022-10-14 15:30:00-04:00,195.63499450683594,196.47999572753906,195.05999755859375,195.74000549316406,109246,0.0,0.0
2022-10-17 09:30:00-04:00,198.75999450683594,201.52999877929688,198.75999450683594,201.52999877929688,29858,0.0,0.0
2022-10-17 10:30:00-04:00,200.89999389648438,202.44000244140625,200.6699981689453,201.82000732421875,66087,0.0,0.0
2022-10-17 11:30:00-04:00,202.00999450683594,204.2100067138672,201.8800048828125,203.44000244140625,63522,0.0,0.0
2022-10-17 12:30:00-04:00,203.57000732421875,203.8300018310547,202.0749969482422,202.67999267578125,50367,0.0,0.0
2022-10-17 13:30:00-04:00,202.8249969482422,204.25,201.22000122070312,202.1699981689453,83384,0.0,0.0
2022-10-17 14:30:00-04:00,202.1300048828125,202.68499755859375,201.5449981689453,201.8000030517578,44987,0.0,0.0
2022-10-17 15:30:00-04:00,201.89999389648438,203.1699981689453,201.85000610351562,202.0500030517578,76758,0.0,0.0
2022-10-18 09:30:00-04:00,207.3000030517578,210.0,205.1699981689453,205.1699981689453,38650,0.0,0.0
2022-10-18 10:30:00-04:00,205.1699981689453,205.4550018310547,203.125,203.25,40326,0.0,0.0
2022-10-18 11:30:00-04:00,203.60000610351562,204.1699981689453,202.33290100097656,203.6699981689453,40603,0.0,0.0
2022-10-18 12:30:00-04:00,203.6999969482422,205.0449981689453,203.23500061035156,204.0,40700,0.0,0.0
2022-10-18 13:30:00-04:00,204.2899932861328,204.80999755859375,203.8699951171875,203.91000366210938,37587,0.0,0.0
2022-10-18 14:30:00-04:00,203.86000061035156,204.4199981689453,201.75999450683594,203.10000610351562,74429,0.0,0.0
2022-10-18 15:30:00-04:00,203.4499969482422,203.6699981689453,202.05999755859375,202.39999389648438,88203,0.0,0.0
2022-10-19 09:30:00-04:00,200.10000610351562,201.89999389648438,198.3000030517578,201.1300048828125,47368,0.0,0.0
2022-10-19 10:30:00-04:00,201.2050018310547,201.8300018310547,200.4199981689453,201.01499938964844,19626,0.0,0.0
2022-10-19 11:30:00-04:00,200.77999877929688,200.8300018310547,197.1699981689453,197.30999755859375,29583,0.0,0.0
2022-10-19 12:30:00-04:00,197.60000610351562,197.6999969482422,196.03500366210938,196.90480041503906,24066,0.0,0.0
2022-10-19 13:30:00-04:00,196.6699981689453,198.40499877929688,196.6699981689453,198.12249755859375,17552,0.0,0.0
2022-10-19 14:30:00-04:00,198.1300048828125,198.35000610351562,197.28500366210938,197.8249969482422,21373,0.0,0.0
2022-10-19 15:30:00-04:00,197.75999450683594,198.0500030517578,197.42999267578125,197.8699951171875,33987,0.0,0.0
2022-10-20 09:30:00-04:00,198.13999938964844,200.48500061035156,197.65660095214844,200.13999938964844,135732,0.0,0.0
2022-10-20 10:30:00-04:00,200.13999938964844,200.17999267578125,198.55999755859375,198.72000122070312,22475,0.0,0.0
2022-10-20 11:30:00-04:00,198.92999267578125,199.6199951171875,196.47000122070312,196.47000122070312,42510,0.0,0.0
2022-10-20 12:30:00-04:00,196.49000549316406,196.85000610351562,195.01499938964844,195.5,28403,0.0,0.0
2022-10-20 13:30:00-04:00,195.47999572753906,195.90499877929688,194.02000427246094,194.11000061035156,45702,0.0,0.0
2022-10-20 14:30:00-04:00,194.1999969482422,194.85699462890625,193.47999572753906,193.8300018310547,47231,0.0,0.0
2022-10-20 15:30:00-04:00,193.80999755859375,194.6999969482422,193.6199951171875,193.66000366210938,76674,0.0,0.0
2022-10-21 09:30:00-04:00,193.11000061035156,194.75999450683594,190.09840393066406,194.21499633789062,66233,0.0,0.0
2022-10-21 10:30:00-04:00,194.22000122070312,194.41000366210938,192.4600067138672,193.00999450683594,42635,0.0,0.0
2022-10-21 11:30:00-04:00,193.25,194.2899932861328,192.3000030517578,193.10000610351562,18746,0.0,0.0
2022-10-21 12:30:00-04:00,193.0749969482422,194.9600067138672,193.0749969482422,194.88999938964844,26094,0.0,0.0
2022-10-21 13:30:00-04:00,195.13999938964844,196.69000244140625,195.0749969482422,196.5500030517578,76207,0.0,0.0
2022-10-21 14:30:00-04:00,196.64999389648438,198.22000122070312,196.4499969482422,198.0800018310547,63006,0.0,0.0
2022-10-21 15:30:00-04:00,198.17999267578125,199.47000122070312,197.57000732421875,197.71499633789062,114110,0.0,0.0
2022-10-24 09:30:00-04:00,199.67999267578125,201.47999572753906,195.9600067138672,196.5,41556,0.0,0.0
2022-10-24 10:30:00-04:00,196.5399932861328,198.0800018310547,196.4949951171875,197.41000366210938,37945,0.0,0.0
2022-10-24 11:30:00-04:00,197.22999572753906,198.4199981689453,196.22000122070312,198.36000061035156,38138,0.0,0.0
2022-10-24 12:30:00-04:00,198.5063018798828,198.5063018798828,196.66000366210938,196.68499755859375,39696,0.0,0.0
2022-10-24 13:30:00-04:00,196.63499450683594,197.69509887695312,196.61000061035156,196.75999450683594,52182,0.0,0.0
2022-10-24 14:30:00-04:00,196.97999572753906,197.82000732421875,196.7100067138672,196.75999450683594,40279,0.0,0.0
2022-10-24 15:30:00-04:00,196.8300018310547,196.83999633789062,195.6699981689453,196.3699951171875,115516,0.0,0.0
2022-10-25 09:30:00-04:00,195.97000122070312,202.66000366210938,194.89010620117188,201.97000122070312,62246,0.0,0.0
2022-10-25 10:30:00-04:00,202.3249969482422,203.4600067138672,202.3074951171875,202.81500244140625,37001,0.0,0.0
2022-10-25 11:30:00-04:00,202.85499572753906,203.8699951171875,202.69500732421875,202.80999755859375,25309,0.0,0.0
2022-10-25 12:30:00-04:00,202.83999633789062,202.83999633789062,200.75,201.25999450683594,21969,0.0,0.0
2022-10-25 13:30:00-04:00,201.36000061035156,203.17250061035156,201.36000061035156,203.11000061035156,43442,0.0,0.0
2022-10-25 14:30:00-04:00,203.1999969482422,204.3300018310547,202.9499969482422,203.67999267578125,46862,0.0,0.0
2022-10-25 15:30:00-04:00,203.74000549316406,204.61000061035156,203.74000549316406,204.39999389648438,81323,0.0,0.0
2022-10-26 09:30:00-04:00,205.22000122070312,209.88999938964844,204.7100067138672,209.5500030517578,65038,0.0,0.0
2022-10-26 10:30:00-04:00,209.36000061035156,212.00999450683594,208.69000244140625,211.82000732421875,49374,0.0,0.0
2022-10-26 11:30:00-04:00,211.66000366210938,211.82000732421875,210.19000244140625,210.8350067138672,40158,0.0,0.0
2022-10-26 12:30:00-04:00,210.65379333496094,211.13999938964844,208.05999755859375,208.3000030517578,40189,0.0,0.0
2022-10-26 13:30:00-04:00,208.26710510253906,208.64999389648438,207.27000427246094,207.77000427246094,35771,0.0,0.0
2022-10-26 14:30:00-04:00,207.2899932861328,208.33999633789062,206.77999877929688,207.31500244140625,83132,0.0,0.0
2022-10-26 15:30:00-04:00,207.41000366210938,207.75,206.8000030517578,207.52999877929688,193163,0.0,0.0
2022-10-27 09:30:00-04:00,210.3699951171875,210.3699951171875,204.30999755859375,209.2449951171875,64677,0.0,0.0
2022-10-27 10:30:00-04:00,209.5449981689453,210.0399932861328,206.8699951171875,209.22999572753906,90711,0.0,0.0
2022-10-27 11:30:00-04:00,208.9600067138672,209.75,207.97999572753906,209.17999267578125,50750,0.0,0.0
2022-10-27 12:30:00-04:00,209.3000030517578,211.31080627441406,209.3000030517578,211.1699981689453,28911,0.0,0.0
2022-10-27 13:30:00-04:00,211.02000427246094,212.960205078125,210.72999572753906,212.7949981689453,54272,0.0,0.0
2022-10-27 14:30:00-04:00,212.7949981689453,214.1199951171875,210.2100067138672,210.69000244140625,101135,0.0,0.0
2022-10-27 15:30:00-04:00,210.5800018310547,211.59640502929688,210.19000244140625,210.7899932861328,94818,0.0,0.0
2022-10-28 09:30:00-04:00,209.33999633789062,214.0,209.2100067138672,213.89999389648438,77821,0.0,0.0
2022-10-28 10:30:00-04:00,213.67999267578125,216.6999969482422,213.52000427246094,215.64999389648438,73297,0.0,0.0
2022-10-28 11:30:00-04:00,215.83999633789062,217.71499633789062,215.68499755859375,216.81500244140625,63377,0.0,0.0
2022-10-28 12:30:00-04:00,216.8350067138672,216.9600067138672,214.22500610351562,214.33999633789062,49392,0.0,0.0
2022-10-28 13:30:00-04:00,214.3000030517578,214.77999877929688,213.10000610351562,213.11000061035156,74723,0.0,0.0
2022-10-28 14:30:00-04:00,213.2050018310547,214.16000366210938,212.9600067138672,213.19000244140625,83215,0.0,0.0
2022-10-28 15:30:00-04:00,213.1699981689453,214.49000549316406,212.7899932861328,214.1300048828125,124444,0.0,0.0
2022-10-31 09:30:00-04:00,213.5500030517578,215.50999450683594,212.1199951171875,213.0449981689453,67289,0.0,0.0
2022-10-31 10:30:00-04:00,212.34500122070312,213.83999633789062,211.8000030517578,213.5500030517578,33849,0.0,0.0
2022-10-31 11:30:00-04:00,213.5800018310547,214.9499969482422,213.27999877929688,214.13999938964844,33717,0.0,0.0
2022-10-31 12:30:00-04:00,213.92999267578125,214.06500244140625,213.3000030517578,213.56500244140625,28264,0.0,0.0
2022-10-31 13:30:00-04:00,213.5050048828125,214.2100067138672,211.39999389648438,211.4600067138672,102176,0.0,0.0
2022-10-31 14:30:00-04:00,211.4600067138672,213.63209533691406,211.44000244140625,213.56500244140625,63950,0.0,0.0
2022-10-31 15:30:00-04:00,213.4499969482422,214.8000030517578,213.4499969482422,214.5800018310547,95961,0.0,0.0
2022-11-01 09:30:00-04:00,216.0500030517578,219.16000366210938,215.99000549316406,218.39999389648438,49285,0.0,0.0
2022-11-01 10:30:00-04:00,218.17999267578125,219.22000122070312,216.3300018310547,216.74000549316406,68846,0.0,0.0
2022-11-01 11:30:00-04:00,216.81500244140625,218.22500610351562,216.5500030517578,217.5399932861328,28554,0.0,0.0
2022-11-01 12:30:00-04:00,217.77000427246094,217.7899932861328,216.35000610351562,217.3300018310547,36282,0.0,0.0
2022-11-01 13:30:00-04:00,217.22000122070312,218.14999389648438,217.00999450683594,217.35000610351562,43062,0.0,0.0
2022-11-01 14:30:00-04:00,217.3699951171875,219.0,217.10499572753906,218.63999938964844,51332,0.0,0.0
2022-11-01 15:30:00-04:00,218.85000610351562,219.89999389648438,218.60000610351562,219.24000549316406,133692,0.0,0.0
2022-11-02 09:30:00-04:00,218.17999267578125,218.17999267578125,214.30999755859375,215.56500244140625,70960,0.0,0.0
2022-11-02 10:30:00-04:00,215.58999633789062,215.59500122070312,214.1999969482422,214.74000549316406,32568,0.0,0.0
2022-11-02 11:30:00-04:00,214.96499633789062,215.46499633789062,212.88999938964844,213.0,21774,0.0,0.0
2022-11-02 12:30:00-04:00,212.83999633789062,214.3699951171875,212.2100067138672,214.2949981689453,32893,0.0,0.0
2022-11-02 13:30:00-04:00,214.1750030517578,218.41000366210938,213.8699951171875,218.39999389648438,27830,0.0,0.0
2022-11-02 14:30:00-04:00,218.77000427246094,218.77000427246094,210.16000366210938,210.60000610351562,67683,0.0,0.0
2022-11-02 15:30:00-04:00,210.22000122070312,210.47999572753906,208.25,208.25,107910,0.0,0.0
2022-11-03 09:30:00-04:00,205.69000244140625,205.69000244140625,199.86000061035156,201.61000061035156,26896,0.0,0.0
2022-11-03 10:30:00-04:00,201.5399932861328,202.10000610351562,199.14999389648438,199.3000030517578,38301,0.0,0.0
2022-11-03 11:30:00-04:00,198.83999633789062,199.5500030517578,198.47999572753906,199.21499633789062,27879,0.0,0.0
2022-11-03 12:30:00-04:00,199.33999633789062,199.75,198.53500366210938,199.50999450683594,18901,0.0,0.0
2022-11-03 13:30:00-04:00,199.41000366210938,200.72000122070312,198.5,200.72000122070312,36447,0.0,0.0
2022-11-03 14:30:00-04:00,200.6699981689453,201.9199981689453,200.57000732421875,201.61000061035156,55476,0.0,0.0
2022-11-03 15:30:00-04:00,201.5345001220703,202.00999450683594,200.72999572753906,200.8800048828125,66133,0.0,0.0
2022-11-04 09:30:00-04:00,203.7899932861328,203.83999633789062,200.4199981689453,203.6699981689453,72796,0.0,0.0
2022-11-04 10:30:00-04:00,203.6699981689453,205.14999389648438,201.52999877929688,201.52999877929688,28773,0.0,0.0
2022-11-04 11:30:00-04:00,201.94000244140625,202.4149932861328,199.1199951171875,199.86000061035156,29272,0.0,0.0
2022-11-04 12:30:00-04:00,199.9499969482422,200.36000061035156,199.375,199.9499969482422,14349,0.0,0.0
2022-11-04 13:30:00-04:00,200.0,200.72000122070312,199.30999755859375,200.72000122070312,23696,0.0,0.0
2022-11-04 14:30:00-04:00,200.73500061035156,202.07000732421875,200.6999969482422,201.46499633789062,24848,0.0,0.0
2022-11-04 15:30:00-04:00,201.38999938964844,202.5500030517578,201.35000610351562,202.5500030517578,69074,0.0,0.0
2022-11-07 09:30:00-05:00,204.10000610351562,204.343994140625,201.34500122070312,201.34500122070312,31404,0.0,0.0
2022-11-07 10:30:00-05:00,201.47000122070312,202.97000122070312,200.6699981689453,202.88999938964844,20637,0.0,0.0
2022-11-07 11:30:00-05:00,203.1300048828125,203.24000549316406,201.10000610351562,201.75999450683594,20791,0.0,0.0
2022-11-07 12:30:00-05:00,201.989501953125,202.8300018310547,201.9499969482422,202.27000427246094,17481,0.0,0.0
2022-11-07 13:30:00-05:00,202.16000366210938,204.41000366210938,202.14999389648438,204.22500610351562,24129,0.0,0.0
2022-11-07 14:30:00-05:00,204.22000122070312,204.8300018310547,204.0511016845703,204.50999450683594,28901,0.0,0.0
2022-11-07 15:30:00-05:00,204.5800018310547,204.75,203.8300018310547,204.27000427246094,40904,0.0,0.0
2022-11-08 09:30:00-05:00,203.50999450683594,203.83999633789062,200.10000610351562,203.6699981689453,20407,0.0,0.0
2022-11-08 10:30:00-05:00,203.8300018310547,206.30999755859375,203.8300018310547,206.02999877929688,20032,0.0,0.0
2022-11-08 11:30:00-05:00,206.47000122070312,206.47000122070312,205.02000427246094,205.02000427246094,17210,0.0,0.0
2022-11-08 12:30:00-05:00,204.84500122070312,205.08999633789062,202.3800048828125,202.3800048828125,13781,0.0,0.0
2022-11-08 13:30:00-05:00,202.17999267578125,202.62350463867188,200.1300048828125,200.52999877929688,22123,0.0,0.0
2022-11-08 14:30:00-05:00,200.12750244140625,201.6177978515625,200.02999877929688,201.49000549316406,44018,0.0,0.0
2022-11-08 15:30:00-05:00,201.47000122070312,202.35000610351562,200.75,200.82000732421875,48525,0.0,0.0
2022-11-09 09:30:00-05:00,199.9600067138672,203.3300018310547,199.55999755859375,202.24000549316406,25697,0.0,0.0
2022-11-09 10:30:00-05:00,202.24000549316406,203.0,201.47000122070312,202.60000610351562,30262,0.0,0.0
2022-11-09 11:30:00-05:00,202.75999450683594,204.00999450683594,201.80999755859375,202.47000122070312,24869,0.0,0.0
2022-11-09 12:30:00-05:00,202.7100067138672,203.1999969482422,202.39500427246094,202.75,15227,0.0,0.0
2022-11-09 13:30:00-05:00,202.25,203.4600067138672,201.94000244140625,203.4600067138672,66529,0.0,0.0
2022-11-09 14:30:00-05:00,203.38999938964844,203.38999938964844,201.82000732421875,201.89500427246094,88202,0.0,0.0
2022-11-09 15:30:00-05:00,201.72999572753906,202.17999267578125,200.24000549316406,200.5500030517578,127211,0.0,0.0
2022-11-10 09:30:00-05:00,207.97000122070312,212.0,207.84950256347656,211.13499450683594,38635,0.0,0.0
2022-11-10 10:30:00-05:00,210.97000122070312,213.14999389648438,209.36000061035156,213.14999389648438,42707,0.0,0.0
2022-11-10 11:30:00-05:00,213.30999755859375,214.64999389648438,213.30999755859375,213.8249969482422,33549,0.0,0.0
2022-11-10 12:30:00-05:00,213.7449951171875,214.4499969482422,213.47500610351562,214.4499969482422,32247,0.0,0.0
2022-11-10 13:30:00-05:00,214.8300018310547,216.8300018310547,214.72000122070312,216.0800018310547,34718,0.0,0.0
2022-11-10 14:30:00-05:00,216.0850067138672,217.41000366210938,215.47999572753906,217.02000427246094,38364,0.0,0.0
2022-11-10 15:30:00-05:00,217.07000732421875,218.41000366210938,217.05999755859375,218.1999969482422,78578,0.0,0.0
2022-11-11 09:30:00-05:00,219.52999877929688,222.75999450683594,216.94000244140625,222.1300048828125,212457,0.0,0.0
2022-11-11 10:30:00-05:00,221.66000366210938,222.47000122070312,219.16000366210938,219.16000366210938,46716,0.0,0.0
2022-11-11 11:30:00-05:00,219.2899932861328,219.6199951171875,216.4949951171875,216.83999633789062,52476,0.0,0.0
2022-11-11 12:30:00-05:00,216.69500732421875,218.25,216.47000122070312,218.2050018310547,47455,0.0,0.0
2022-11-11 13:30:00-05:00,218.3000030517578,220.52999877929688,218.24000549316406,220.3300018310547,27264,0.0,0.0
2022-11-11 14:30:00-05:00,220.52999877929688,220.80599975585938,219.31500244140625,219.94000244140625,38631,0.0,0.0
2022-11-11 15:30:00-05:00,219.9499969482422,220.26499938964844,219.3000030517578,219.60000610351562,50949,0.0,0.0
2022-11-14 09:30:00-05:00,219.27000427246094,220.9600067138672,214.63999938964844,218.57000732421875,21930,0.0,0.0
2022-11-14 10:30:00-05:00,218.22500610351562,218.23500061035156,214.42999267578125,215.11500549316406,22320,0.0,0.0
2022-11-14 11:30:00-05:00,214.99000549316406,215.61000061035156,213.82000732421875,213.94000244140625,23560,0.0,0.0
2022-11-14 12:30:00-05:00,213.92999267578125,215.22999572753906,213.92999267578125,214.5800018310547,25532,0.0,0.0
2022-11-14 13:30:00-05:00,214.55999755859375,214.61000061035156,213.47000122070312,213.88999938964844,49812,0.0,0.0
2022-11-14 14:30:00-05:00,213.9600067138672,214.1699981689453,212.1999969482422,212.2449951171875,46849,0.0,0.0
2022-11-14 15:30:00-05:00,212.25,212.25,209.8800048828125,210.0,112054,0.0,0.0
2022-11-15 09:30:00-05:00,212.57000732421875,214.3249969482422,210.35719299316406,213.97500610351562,210711,0.0,0.0
2022-11-15 10:30:00-05:00,213.9550018310547,214.50999450683594,213.3000030517578,213.39999389648438,25206,0.0,0.0
2022-11-15 11:30:00-05:00,213.1875,213.8699951171875,213.0,213.1199951171875,23794,0.0,0.0
2022-11-15 12:30:00-05:00,213.17999267578125,214.81500244140625,212.3300018310547,212.3300018310547,76784,0.0,0.0
2022-11-15 13:30:00-05:00,212.41000366210938,213.77999877929688,210.60000610351562,213.3800048828125,31747,0.0,0.0
2022-11-15 14:30:00-05:00,213.71499633789062,215.33999633789062,212.91000366210938,214.7899932861328,43282,0.0,0.0
2022-11-15 15:30:00-05:00,214.77000427246094,215.08999633789062,214.3350067138672,215.08999633789062,47630,0.0,0.0
2022-11-16 09:30:00-05:00,214.63999938964844,216.67999267578125,213.92999267578125,214.4600067138672,38917,0.0,0.0
2022-11-16 10:30:00-05:00,214.7899932861328,216.0399932861328,214.5,216.0399932861328,21281,0.0,0.0
2022-11-16 11:30:00-05:00,215.8300018310547,215.88999938964844,214.3459930419922,214.7899932861328,19964,0.0,0.0
2022-11-16 12:30:00-05:00,214.9199981689453,215.57000732421875,214.69000244140625,215.5,23871,0.0,0.0
2022-11-16 13:30:00-05:00,215.25,216.50999450683594,215.12069702148438,215.52499389648438,48604,0.0,0.0
2022-11-16 14:30:00-05:00,215.52499389648438,216.22999572753906,214.97999572753906,215.7050018310547,51394,0.0,0.0
2022-11-16 15:30:00-05:00,215.69000244140625,220.13999938964844,215.35499572753906,217.24000549316406,206804,0.0,0.0
2022-11-17 09:30:00-05:00,213.0800018310547,214.85000610351562,210.92999267578125,213.35499572753906,25603,0.0,0.0
2022-11-17 10:30:00-05:00,213.47999572753906,213.8699951171875,211.5,211.89999389648438,43076,0.0,0.0
2022-11-17 11:30:00-05:00,212.0,213.57000732421875,211.9550018310547,213.1750030517578,12392,0.0,0.0
2022-11-17 12:30:00-05:00,213.36000061035156,213.97999572753906,212.8699951171875,213.33999633789062,18762,0.0,0.0
2022-11-17 13:30:00-05:00,213.5,214.25,212.4499969482422,213.0749969482422,14981,0.0,0.0
2022-11-17 14:30:00-05:00,212.9600067138672,213.11000061035156,212.3699951171875,212.75,25836,0.0,0.0
2022-11-17 15:30:00-05:00,212.75,214.13999938964844,212.57000732421875,214.1300048828125,51821,0.0,0.0
2022-11-18 09:30:00-05:00,217.32000732421875,217.83999633789062,214.24000549316406,214.5800018310547,57753,0.0,0.0
2022-11-18 10:30:00-05:00,214.4199981689453,217.1300048828125,214.3300018310547,216.72000122070312,48171,0.0,0.0
2022-11-18 11:30:00-05:00,216.7100067138672,217.0,215.39500427246094,215.89999389648438,25878,0.0,0.0
2022-11-18 12:30:00-05:00,215.80999755859375,216.5850067138672,215.5800018310547,216.38999938964844,27430,0.0,0.0
2022-11-18 13:30:00-05:00,216.5800018310547,217.07000732421875,214.86000061035156,216.66000366210938,90482,0.0,0.0
2022-11-18 14:30:00-05:00,216.38999938964844,217.72000122070312,215.9600067138672,217.52000427246094,42931,0.0,0.0
2022-11-18 15:30:00-05:00,217.52000427246094,218.47999572753906,216.7899932861328,217.39999389648438,71836,0.0,0.0
2022-11-21 09:30:00-05:00,216.4600067138672,218.74789428710938,215.39999389648438,215.97999572753906,45875,0.0,0.0
2022-11-21 10:30:00-05:00,215.8300018310547,218.2100067138672,215.8300018310547,216.3000030517578,47462,0.0,0.0
2022-11-21 11:30:00-05:00,216.56500244140625,216.9499969482422,214.98500061035156,215.14999389648438,36068,0.0,0.0
2022-11-21 12:30:00-05:00,215.08999633789062,215.8300018310547,213.97999572753906,215.74000549316406,23729,0.0,0.0
2022-11-21 13:30:00-05:00,215.5800018310547,215.74000549316406,214.77000427246094,214.9499969482422,26783,0.0,0.0
2022-11-21 14:30:00-05:00,214.75,214.91000366210938,213.4499969482422,213.5399932861328,38927,0.0,0.0
2022-11-21 15:30:00-05:00,213.63999938964844,214.5800018310547,213.59500122070312,214.1199951171875,64587,0.0,0.0
2022-11-22 09:30:00-05:00,214.4600067138672,217.64999389648438,213.22999572753906,215.7949981689453,31317,0.0,0.0
2022-11-22 10:30:00-05:00,216.0,216.60000610351562,214.22000122070312,216.02999877929688,27769,0.0,0.0
2022-11-22 11:30:00-05:00,216.02000427246094,216.5,215.5312042236328,215.5312042236328,13604,0.0,0.0
2022-11-22 12:30:00-05:00,215.49000549316406,216.09500122070312,214.72999572753906,216.09500122070312,48687,0.0,0.0
2022-11-22 13:30:00-05:00,216.32000732421875,216.32000732421875,215.27999877929688,215.56500244140625,18902,0.0,0.0
2022-11-22 14:30:00-05:00,215.57000732421875,216.5,215.4600067138672,216.5,15000,0.0,0.0
2022-11-22 15:30:00-05:00,216.5,217.02999877929688,216.25999450683594,217.02999877929688,49229,0.0,0.0
2022-11-23 09:30:00-05:00,217.61000061035156,222.28500366210938,216.5800018310547,221.91000366210938,39330,0.0,0.0
2022-11-23 10:30:00-05:00,222.27499389648438,223.52999877929688,221.9425048828125,223.52999877929688,33077,0.0,0.0
2022-11-23 11:30:00-05:00,223.49000549316406,223.9499969482422,221.52999877929688,223.86000061035156,133405,0.0,0.0
2022-11-23 12:30:00-05:00,223.86000061035156,224.02999877929688,223.1199951171875,223.72999572753906,29749,0.0,0.0
2022-11-23 13:30:00-05:00,223.8300018310547,225.57000732421875,223.72000122070312,225.25,33847,0.0,0.0
2022-11-23 14:30:00-05:00,225.0399932861328,225.88499450683594,224.35000610351562,225.6199951171875,61434,0.0,0.0
2022-11-23 15:30:00-05:00,225.69000244140625,225.85499572753906,225.125,225.6999969482422,80888,0.0,0.0
2022-11-25 09:30:00-05:00,225.38999938964844,226.65499877929688,224.57000732421875,225.19000244140625,0,0.0,0.0
2022-11-25 10:30:00-05:00,225.18499755859375,226.19000244140625,225.00999450683594,225.46499633789062,30506,0.0,0.0
2022-11-25 11:30:00-05:00,225.5500030517578,225.7949981689453,224.99000549316406,225.7949981689453,28162,0.0,0.0
2022-11-28 09:30:00-05:00,223.14999389648438,226.60049438476562,222.00999450683594,225.57000732421875,45233,0.0,0.0
2022-11-28 10:30:00-05:00,225.22000122070312,225.7899932861328,223.8699951171875,223.8800048828125,47894,0.0,0.0
2022-11-28 11:30:00-05:00,223.89999389648438,223.97000122070312,222.6699981689453,222.78500366210938,27604,0.0,0.0
2022-11-28 12:30:00-05:00,223.07000732421875,223.6199951171875,222.44000244140625,222.61500549316406,23882,0.0,0.0
2022-11-28 13:30:00-05:00,222.5386962890625,222.6125030517578,221.69000244140625,222.46499633789062,23404,0.0,0.0
2022-11-28 14:30:00-05:00,222.5500030517578,223.6999969482422,222.2100067138672,223.47999572753906,70709,0.0,0.0
2022-11-28 15:30:00-05:00,223.47500610351562,224.58999633789062,223.40699768066406,224.49000549316406,125759,0.0,0.0
2022-11-29 09:30:00-05:00,224.83999633789062,226.44000244140625,223.2899932861328,225.8699951171875,20965,0.0,0.0
2022-11-29 10:30:00-05:00,226.0500030517578,227.5800018310547,226.0500030517578,226.72000122070312,58000,0.0,0.0
2022-11-29 11:30:00-05:00,226.8800048828125,227.13999938964844,226.02999877929688,226.89500427246094,40700,0.0,0.0
2022-11-29 12:30:00-05:00,227.05999755859375,227.33999633789062,226.09010314941406,226.77000427246094,68730,0.0,0.0
2022-11-29 13:30:00-05:00,226.77499389648438,228.2100067138672,226.63999938964844,227.38999938964844,24845,0.0,0.0
2022-11-29 14:30:00-05:00,227.47999572753906,227.89999389648438,226.94000244140625,227.4600067138672,49666,0.0,0.0
2022-11-29 15:30:00-05:00,227.39500427246094,227.6999969482422,226.02999877929688,226.2100067138672,101360,0.0,0.0
2022-11-30 09:30:00-05:00,226.16000366210938,227.31500244140625,225.0,226.13999938964844,0,0.0,0.0
2022-11-30 10:30:00-05:00,226.00999450683594,227.05999755859375,225.75,227.05999755859375,37356,0.0,0.0
2022-11-30 11:30:00-05:00,227.1699981689453,227.92999267578125,227.16000366210938,227.4199981689453,41700,0.0,0.0
2022-11-30 12:30:00-05:00,227.1699981689453,228.3000030517578,226.94000244140625,228.05999755859375,36011,0.0,0.0
2022-11-30 13:30:00-05:00,228.0850067138672,233.10499572753906,227.80999755859375,232.8300018310547,108225,0.0,0.0
2022-11-30 14:30:00-05:00,232.67999267578125,234.13999938964844,232.19000244140625,233.93499755859375,79701,0.0,0.0
2022-11-30 15:30:00-05:00,233.88999938964844,234.3300018310547,233.1199951171875,234.25,131190,0.0,0.0
2022-12-01 09:30:00-05:00,235.0,239.83999633789062,235.0,236.97000122070312,55488,0.0,0.0
2022-12-01 10:30:00-05:00,236.5850067138672,240.87249755859375,236.5749969482422,240.30999755859375,55118,0.0,0.0
2022-12-01 11:30:00-05:00,240.3000030517578,242.6300048828125,240.3000030517578,242.36000061035156,142135,0.0,0.0
2022-12-01 12:30:00-05:00,242.4199981689453,243.55999755859375,242.1300048828125,242.94000244140625,59284,0.0,0.0
2022-12-01 13:30:00-05:00,242.94000244140625,244.33999633789062,242.28500366210938,242.80999755859375,58895,0.0,0.0
2022-12-01 14:30:00-05:00,242.9199981689453,246.00999450683594,242.64999389648438,245.97000122070312,121653,0.0,0.0
2022-12-01 15:30:00-05:00,245.90499877929688,247.4199981689453,244.72999572753906,244.89999389648438,270820,0.0,0.0
2022-12-02 09:30:00-05:00,241.60000610351562,244.16000366210938,240.10000610351562,243.4600067138672,43040,0.0,0.0
2022-12-02 10:30:00-05:00,243.1199951171875,244.39500427246094,242.30999755859375,242.3800048828125,41466,0.0,0.0
2022-12-02 11:30:00-05:00,242.30999755859375,243.64999389648438,242.30999755859375,243.19500732421875,30256,0.0,0.0
2022-12-02 12:30:00-05:00,243.22000122070312,243.72999572753906,242.4600067138672,243.52999877929688,43592,0.0,0.0
2022-12-02 13:30:00-05:00,243.5,244.14999389648438,241.69000244140625,241.6999969482422,133596,0.0,0.0
2022-12-02 14:30:00-05:00,241.91000366210938,243.4199981689453,241.58999633789062,243.0500030517578,46381,0.0,0.0
2022-12-02 15:30:00-05:00,243.0500030517578,243.2100067138672,240.85000610351562,242.60000610351562,103235,0.0,0.0
2022-12-05 09:30:00-05:00,239.00999450683594,239.69000244140625,235.75999450683594,238.76499938964844,47420,0.0,0.0
2022-12-05 10:30:00-05:00,238.60000610351562,239.74000549316406,238.08999633789062,238.08999633789062,19822,0.0,0.0
2022-12-05 11:30:00-05:00,238.12750244140625,239.10000610351562,237.52999877929688,237.57000732421875,32264,0.0,0.0
2022-12-05 12:30:00-05:00,237.5449981689453,237.6750030517578,235.5399932861328,235.6999969482422,33644,0.0,0.0
2022-12-05 13:30:00-05:00,235.6199951171875,235.9600067138672,234.92129516601562,235.58999633789062,27139,0.0,0.0
2022-12-05 14:30:00-05:00,235.57000732421875,236.25999450683594,235.3300018310547,235.5399932861328,29024,0.0,0.0
2022-12-05 15:30:00-05:00,235.51499938964844,236.21499633789062,235.51499938964844,235.8800048828125,49412,0.0,0.0
2022-12-06 09:30:00-05:00,235.7100067138672,236.1199951171875,233.6999969482422,234.875,52307,0.0,0.0
2022-12-06 10:30:00-05:00,235.0050048828125,236.24000549316406,234.28500366210938,235.1999969482422,41947,0.0,0.0
2022-12-06 11:30:00-05:00,234.7899932861328,236.74000549316406,234.66000366210938,236.00999450683594,62696,0.0,0.0
2022-12-06 12:30:00-05:00,236.1199951171875,236.83999633789062,233.75,234.4499969482422,50685,0.0,0.0
2022-12-06 13:30:00-05:00,234.3800048828125,235.16000366210938,234.19000244140625,234.60000610351562,41650,0.0,0.0
2022-12-06 14:30:00-05:00,234.5800018310547,235.39500427246094,233.85000610351562,233.97000122070312,64854,0.0,0.0
2022-12-06 15:30:00-05:00,233.89999389648438,236.08999633789062,233.89999389648438,236.02000427246094,88970,0.0,0.0
2022-12-07 09:30:00-05:00,236.19000244140625,240.0399932861328,232.4199981689453,238.57000732421875,44872,0.0,0.0
2022-12-07 10:30:00-05:00,238.5749969482422,239.55999755859375,237.3125,237.72500610351562,32875,0.0,0.0
2022-12-07 11:30:00-05:00,237.96499633789062,239.25999450683594,237.7449951171875,238.49000549316406,41408,0.0,0.0
2022-12-07 12:30:00-05:00,238.30999755859375,239.8699951171875,238.05999755859375,239.69000244140625,16836,0.0,0.0
2022-12-07 13:30:00-05:00,239.58999633789062,239.8800048828125,238.50999450683594,238.86500549316406,24503,0.0,0.0
2022-12-07 14:30:00-05:00,238.77999877929688,239.24000549316406,238.1300048828125,238.41000366210938,38006,0.0,0.0
2022-12-07 15:30:00-05:00,238.49000549316406,240.77000427246094,238.4499969482422,240.35000610351562,104059,0.0,0.0
2022-12-08 09:30:00-05:00,240.83999633789062,244.86000061035156,239.80999755859375,244.38499450683594,46435,0.0,0.0
2022-12-08 10:30:00-05:00,244.6199951171875,245.30999755859375,242.8800048828125,243.50999450683594,35864,0.0,0.0
2022-12-08 11:30:00-05:00,243.58999633789062,244.49749755859375,243.43499755859375,244.49749755859375,46531,0.0,0.0
2022-12-08 12:30:00-05:00,244.65989685058594,244.67999267578125,242.9600067138672,243.36000061035156,28825,0.0,0.0
2022-12-08 13:30:00-05:00,243.47000122070312,244.3249969482422,242.57000732421875,244.14500427246094,53588,0.0,0.0
2022-12-08 14:30:00-05:00,244.13999938964844,244.38999938964844,243.22999572753906,244.08999633789062,48251,0.0,0.0
2022-12-08 15:30:00-05:00,244.17999267578125,245.6999969482422,243.4600067138672,245.24000549316406,141172,0.0,0.0
2022-12-09 09:30:00-05:00,244.07000732421875,248.57000732421875,242.74000549316406,246.67999267578125,0,0.0,0.0
2022-12-09 10:30:00-05:00,247.10000610351562,247.4199981689453,245.72000122070312,246.9149932861328,53408,0.0,0.0
2022-12-09 11:30:00-05:00,247.1699981689453,248.72000122070312,247.0749969482422,247.55499267578125,68655,0.0,0.0
2022-12-09 12:30:00-05:00,247.5500030517578,248.5800018310547,247.08999633789062,247.3350067138672,54734,0.0,0.0
2022-12-09 13:30:00-05:00,247.31500244140625,248.04600524902344,247.1300048828125,247.78500366210938,43096,0.0,0.0
2022-12-09 14:30:00-05:00,247.8249969482422,248.85000610351562,247.6199951171875,248.6300048828125,60140,0.0,0.0
2022-12-09 15:30:00-05:00,248.5500030517578,248.6699981689453,246.8699951171875,247.47000122070312,191901,0.0,0.0
2022-12-12 09:30:00-05:00,246.88999938964844,249.60000610351562,246.0050048828125,248.7449951171875,46883,0.0,0.0
2022-12-12 10:30:00-05:00,248.92999267578125,249.8800048828125,248.5399932861328,249.13999938964844,30927,0.0,0.0
2022-12-12 11:30:00-05:00,248.89999389648438,250.52999877929688,248.7449951171875,250.40499877929688,63811,0.0,0.0
2022-12-12 12:30:00-05:00,250.47000122070312,251.25,249.77000427246094,249.97000122070312,70458,0.0,0.0
2022-12-12 13:30:00-05:00,250.10000610351562,250.22000122070312,247.2100067138672,247.2100067138672,67335,0.0,0.0
2022-12-12 14:30:00-05:00,247.0677947998047,248.44000244140625,245.80999755859375,248.19000244140625,61702,0.0,0.0
2022-12-12 15:30:00-05:00,248.1999969482422,248.77000427246094,247.61000061035156,248.47000122070312,103967,0.0,0.0
2022-12-13 09:30:00-05:00,254.50999450683594,259.3800048828125,252.8699951171875,257.17498779296875,88242,0.0,0.0
2022-12-13 10:30:00-05:00,257.18499755859375,257.8800048828125,252.66000366210938,253.0050048828125,84094,0.0,0.0
2022-12-13 11:30:00-05:00,253.22999572753906,254.64999389648438,252.25,253.14999389648438,48103,0.0,0.0
2022-12-13 12:30:00-05:00,252.72999572753906,253.23919677734375,251.17999267578125,252.8300018310547,33715,0.0,0.0
2022-12-13 13:30:00-05:00,253.1199951171875,253.84500122070312,252.32000732421875,253.27999877929688,35681,0.0,0.0
2022-12-13 14:30:00-05:00,253.52000427246094,254.85000610351562,252.41000366210938,253.875,53569,0.0,0.0
2022-12-13 15:30:00-05:00,254.1300048828125,254.69000244140625,253.42999267578125,253.49000549316406,120027,0.0,0.0
2022-12-14 09:30:00-05:00,251.9199981689453,255.7100067138672,251.13999938964844,253.9199981689453,19168,0.0,0.0
2022-12-14 10:30:00-05:00,254.1300048828125,255.0850067138672,252.27000427246094,254.8000030517578,62060,0.0,0.0
2022-12-14 11:30:00-05:00,254.80999755859375,255.30999755859375,253.2899932861328,253.2899932861328,41051,0.0,0.0
2022-12-14 12:30:00-05:00,253.22000122070312,253.7899932861328,252.60000610351562,252.83999633789062,32356,0.0,0.0
2022-12-14 13:30:00-05:00,252.94000244140625,255.31500244140625,252.3300018310547,253.22000122070312,161773,0.0,0.0
2022-12-14 14:30:00-05:00,253.25999450683594,255.3699951171875,250.77499389648438,253.6199951171875,82176,0.0,0.0
2022-12-14 15:30:00-05:00,253.27999877929688,254.2899932861328,253.1699981689453,253.27999877929688,151544,0.0,0.0
2022-12-15 09:30:00-05:00,249.42999267578125,253.80999755859375,249.42999267578125,250.78500366210938,38734,0.0,0.0
2022-12-15 10:30:00-05:00,250.7899932861328,252.36500549316406,250.4199981689453,250.61000061035156,34310,0.0,0.0
2022-12-15 11:30:00-05:00,251.0,251.4149932861328,249.89999389648438,251.35000610351562,32834,0.0,0.0
2022-12-15 12:30:00-05:00,251.39500427246094,252.05999755859375,251.19000244140625,251.72000122070312,30748,0.0,0.0
2022-12-15 13:30:00-05:00,251.5,252.1699981689453,251.44000244140625,251.75999450683594,29367,0.0,0.0
2022-12-15 14:30:00-05:00,252.0,252.13929748535156,250.8699951171875,251.36000061035156,44381,0.0,0.0
2022-12-15 15:30:00-05:00,251.3800048828125,251.3800048828125,249.5399932861328,250.25,73260,0.0,0.0
2022-12-16 09:30:00-05:00,246.52000427246094,247.1199951171875,242.75,242.75,101064,0.0,0.0
2022-12-16 10:30:00-05:00,242.44850158691406,245.27000427246094,241.82000732421875,243.82000732421875,42294,0.0,0.0
2022-12-16 11:30:00-05:00,244.11000061035156,244.9499969482422,242.97999572753906,244.02000427246094,47471,0.0,0.0
2022-12-16 12:30:00-05:00,244.05499267578125,245.3300018310547,243.72500610351562,245.23500061035156,81140,0.0,0.0
2022-12-16 13:30:00-05:00,245.1699981689453,245.27999877929688,243.85000610351562,244.0800018310547,49421,0.0,0.0
2022-12-16 14:30:00-05:00,243.9499969482422,246.0749969482422,243.40499877929688,245.9600067138672,45025,0.0,0.0
2022-12-16 15:30:00-05:00,246.2100067138672,247.60499572753906,246.07749938964844,246.82000732421875,93128,0.0,0.0
2022-12-19 09:30:00-05:00,246.1699981689453,246.8699951171875,244.0500030517578,246.2550048828125,40073,0.0,0.0
2022-12-19 10:30:00-05:00,246.52000427246094,246.52000427246094,244.9149932861328,246.47000122070312,38933,0.0,0.0
2022-12-19 11:30:00-05:00,245.97500610351562,247.4550018310547,245.91000366210938,246.31500244140625,63452,0.0,0.0
2022-12-19 12:30:00-05:00,246.27000427246094,246.535400390625,244.25,244.25,25428,0.0,0.0
2022-12-19 13:30:00-05:00,244.30999755859375,244.31500244140625,243.1199951171875,243.1300048828125,28525,0.0,0.0
2022-12-19 14:30:00-05:00,243.28500366210938,243.72999572753906,242.6199951171875,243.39500427246094,38530,0.0,0.0
2022-12-19 15:30:00-05:00,243.52000427246094,243.6300048828125,242.89999389648438,243.33999633789062,70673,0.0,0.0
2022-12-20 09:30:00-05:00,243.5500030517578,243.93499755859375,240.00999450683594,240.00999450683594,52608,0.0,0.0
2022-12-20 10:30:00-05:00,240.25,241.3300018310547,239.99000549316406,240.25750732421875,32381,0.0,0.0
2022-12-20 11:30:00-05:00,240.30999755859375,242.8000030517578,240.30999755859375,242.0399932861328,27999,0.0,0.0
2022-12-20 12:30:00-05:00,241.9499969482422,242.92999267578125,241.4600067138672,242.88999938964844,23053,0.0,0.0
2022-12-20 13:30:00-05:00,243.02999877929688,243.38999938964844,242.4199981689453,243.02000427246094,20759,0.0,0.0
2022-12-20 14:30:00-05:00,243.05499267578125,243.05499267578125,241.7899932861328,242.38499450683594,30594,0.0,0.0
2022-12-20 15:30:00-05:00,242.4499969482422,243.02000427246094,241.86000061035156,242.72000122070312,75023,0.0,0.0
2022-12-21 09:30:00-05:00,244.1699981689453,249.97000122070312,244.1699981689453,249.6999969482422,43159,0.0,0.0
2022-12-21 10:30:00-05:00,249.47000122070312,249.97999572753906,246.42999267578125,246.72500610351562,85604,0.0,0.0
2022-12-21 11:30:00-05:00,246.97999572753906,247.5500030517578,245.59500122070312,245.9499969482422,18737,0.0,0.0
2022-12-21 12:30:00-05:00,246.0800018310547,246.52999877929688,244.94000244140625,246.4199981689453,21657,0.0,0.0
2022-12-21 13:30:00-05:00,246.37330627441406,247.09500122070312,246.19200134277344,246.19200134277344,23831,0.0,0.0
2022-12-21 14:30:00-05:00,246.55999755859375,246.80999755859375,245.77999877929688,245.77999877929688,33799,0.0,0.0
2022-12-21 15:30:00-05:00,245.63999938964844,247.83999633789062,245.6300048828125,247.60000610351562,84353,0.0,0.0
2022-12-22 09:30:00-05:00,246.5500030517578,247.61500549316406,246.1300048828125,246.57000732421875,14139,0.0,0.0
2022-12-22 10:30:00-05:00,246.3699951171875,246.49000549316406,245.4199981689453,245.61000061035156,11114,0.0,0.0
2022-12-22 11:30:00-05:00,245.6699981689453,245.72999572753906,244.26499938964844,244.26499938964844,22327,0.0,0.0
2022-12-22 12:30:00-05:00,244.13999938964844,245.0500030517578,243.3000946044922,244.38999938964844,19704,0.0,0.0
2022-12-22 13:30:00-05:00,244.0800018310547,245.05999755859375,243.55999755859375,245.0500030517578,25276,0.0,0.0
2022-12-22 14:30:00-05:00,245.05999755859375,246.69000244140625,243.97000122070312,246.60000610351562,37934,0.0,0.0
2022-12-22 15:30:00-05:00,246.66000366210938,248.13999938964844,246.02499389648438,248.02000427246094,55140,0.0,0.0
2022-12-23 09:30:00-05:00,247.25999450683594,248.19500732421875,245.05870056152344,247.65499877929688,36366,0.0,0.0
2022-12-23 10:30:00-05:00,247.75999450683594,249.2899932861328,247.75999450683594,247.93499755859375,34085,0.0,0.0
2022-12-23 11:30:00-05:00,248.16000366210938,249.05999755859375,248.00999450683594,248.48500061035156,12771,0.0,0.0
2022-12-23 12:30:00-05:00,248.44000244140625,249.2899932861328,247.97999572753906,248.8800048828125,44691,0.0,0.0
2022-12-23 13:30:00-05:00,248.97000122070312,249.4600067138672,248.2899932861328,249.4600067138672,22083,0.0,0.0
2022-12-23 14:30:00-05:00,249.4499969482422,249.67999267578125,248.84500122070312,248.85000610351562,30598,0.0,0.0
2022-12-23 15:30:00-05:00,249.00999450683594,249.50999450683594,248.69000244140625,248.83999633789062,70797,0.0,0.0
2022-12-27 09:30:00-05:00,250.02000427246094,250.02000427246094,247.27000427246094,249.36000061035156,23954,0.0,0.0
2022-12-27 10:30:00-05:00,249.4600067138672,250.17999267578125,249.1999969482422,250.17999267578125,18718,0.0,0.0
2022-12-27 11:30:00-05:00,250.17999267578125,250.3300018310547,249.27000427246094,249.93130493164062,13449,0.0,0.0
2022-12-27 12:30:00-05:00,249.75210571289062,250.33999633789062,249.49000549316406,249.49000549316406,16519,0.0,0.0
2022-12-27 13:30:00-05:00,249.3800048828125,249.3800048828125,247.49000549316406,247.57000732421875,25977,0.0,0.0
2022-12-27 14:30:00-05:00,247.62860107421875,248.86000061035156,247.52000427246094,248.83999633789062,30048,0.0,0.0
2022-12-27 15:30:00-05:00,248.9199981689453,249.36000061035156,248.5399932861328,248.80999755859375,45287,0.0,0.0
2022-12-28 09:30:00-05:00,250.38999938964844,253.08999633789062,248.39999389648438,252.0500030517578,0,0.0,0.0
2022-12-28 10:30:00-05:00,250.9199981689453,251.28500366210938,250.0,250.35000610351562,25200,0.0,0.0
2022-12-28 11:30:00-05:00,250.3699951171875,250.52000427246094,248.6999969482422,249.27000427246094,56071,0.0,0.0
2022-12-28 12:30:00-05:00,249.27000427246094,250.75999450683594,249.27000427246094,250.44500732421875,11909,0.0,0.0
2022-12-28 13:30:00-05:00,250.27000427246094,250.27000427246094,249.1750030517578,249.2100067138672,25579,0.0,0.0
2022-12-28 14:30:00-05:00,249.44000244140625,249.66000366210938,247.47000122070312,247.72000122070312,44426,0.0,0.0
2022-12-28 15:30:00-05:00,247.83999633789062,248.49000549316406,246.9949951171875,247.47000122070312,121799,0.0,0.0
2022-12-29 09:30:00-05:00,249.42999267578125,252.8000030517578,247.42999267578125,252.22999572753906,27576,0.0,0.0
2022-12-29 10:30:00-05:00,252.60000610351562,253.77000427246094,252.50999450683594,252.92999267578125,13217,0.0,0.0
2022-12-29 11:30:00-05:00,252.98500061035156,254.72000122070312,252.98500061035156,253.61000061035156,26780,0.0,0.0
2022-12-29 12:30:00-05:00,253.69000244140625,254.42999267578125,253.4550018310547,253.5399932861328,23362,0.0,0.0
2022-12-29 13:30:00-05:00,253.6699981689453,253.8699951171875,252.41000366210938,252.576904296875,21924,0.0,0.0
2022-12-29 14:30:00-05:00,252.38999938964844,252.85000610351562,251.75999450683594,251.8699951171875,31467,0.0,0.0
2022-12-29 15:30:00-05:00,251.74000549316406,252.25,251.1999969482422,251.33999633789062,48922,0.0,0.0
2022-12-30 09:30:00-05:00,249.5399932861328,250.39999389648438,247.9499969482422,249.7050018310547,25389,0.0,0.0
2022-12-30 10:30:00-05:00,249.57000732421875,249.89869689941406,248.86000061035156,248.86000061035156,20618,0.0,0.0
2022-12-30 11:30:00-05:00,248.6750030517578,249.4550018310547,248.64999389648438,249.33999633789062,19078,0.0,0.0
2022-12-30 12:30:00-05:00,249.27999877929688,249.63499450683594,247.1999969482422,248.00999450683594,13413,0.0,0.0
2022-12-30 13:30:00-05:00,248.2100067138672,248.85580444335938,247.69000244140625,248.30999755859375,47001,0.0,0.0
2022-12-30 14:30:00-05:00,248.4499969482422,249.42999267578125,248.05999755859375,249.42999267578125,16160,0.0,0.0
2022-12-30 15:30:00-05:00,249.42999267578125,250.08999633789062,249.24000549316406,249.5301055908203,63423,0.0,0.0
2023-01-03 09:30:00-05:00,251.99000549316406,255.1699981689453,248.7949981689453,248.7949981689453,40848,0.0,0.0
2023-01-03 10:30:00-05:00,249.22999572753906,250.08070373535156,247.84500122070312,247.84500122070312,34193,0.0,0.0
2023-01-03 11:30:00-05:00,247.63999938964844,248.16000366210938,246.99000549316406,246.99000549316406,14843,0.0,0.0
2023-01-03 12:30:00-05:00,247.14500427246094,247.89500427246094,246.47000122070312,247.8699951171875,21854,0.0,0.0
2023-01-03 13:30:00-05:00,247.90499877929688,248.27499389648438,247.19000244140625,247.19000244140625,18932,0.0,0.0
2023-01-03 14:30:00-05:00,247.11000061035156,248.7100067138672,246.72000122070312,248.6999969482422,20692,0.0,0.0
2023-01-03 15:30:00-05:00,248.72999572753906,250.11000061035156,248.50999450683594,249.58999633789062,46446,0.0,0.0
2023-01-04 09:30:00-05:00,253.22999572753906,254.27999877929688,252.08999633789062,253.25999450683594,0,0.0,0.0
2023-01-04 10:30:00-05:00,252.94000244140625,254.8699951171875,252.10000610351562,254.82000732421875,34313,0.0,0.0
2023-01-04 11:30:00-05:00,255.0449981689453,256.0199890136719,254.83999633789062,255.5399932861328,21734,0.0,0.0
2023-01-04 12:30:00-05:00,255.74000549316406,256.1199951171875,254.67999267578125,255.69500732421875,22852,0.0,0.0
2023-01-04 13:30:00-05:00,255.75,256.1050109863281,254.05999755859375,254.24000549316406,31212,0.0,0.0
2023-01-04 14:30:00-05:00,254.1699981689453,256.7699890136719,254.1199951171875,256.49249267578125,35757,0.0,0.0
2023-01-04 15:30:00-05:00,256.3999938964844,257.6199951171875,255.53500366210938,257.4700012207031,61335,0.0,0.0
2023-01-05 09:30:00-05:00,254.3800048828125,255.14999389648438,248.77000427246094,252.90499877929688,61565,0.0,0.0
2023-01-05 10:30:00-05:00,253.05999755859375,254.0800018310547,252.0,253.14999389648438,45294,0.0,0.0
2023-01-05 11:30:00-05:00,253.33999633789062,253.50999450683594,252.08999633789062,252.49000549316406,30463,0.0,0.0
2023-01-05 12:30:00-05:00,252.75,254.34500122070312,251.94000244140625,254.06500244140625,34757,0.0,0.0
2023-01-05 13:30:00-05:00,253.78500366210938,254.07000732421875,253.0800018310547,253.13999938964844,18001,0.0,0.0
2023-01-05 14:30:00-05:00,253.17999267578125,254.43499755859375,252.47999572753906,252.69000244140625,29001,0.0,0.0
2023-01-05 15:30:00-05:00,252.49000549316406,253.1699981689453,252.19000244140625,252.8699951171875,72368,0.0,0.0
2023-01-06 09:30:00-05:00,255.4600067138672,255.4600067138672,250.14999389648438,252.9149932861328,42737,0.0,0.0
2023-01-06 10:30:00-05:00,253.19000244140625,257.8900146484375,252.72000122070312,257.3550109863281,107954,0.0,0.0
2023-01-06 11:30:00-05:00,257.2300109863281,257.70001220703125,256.3299865722656,256.94500732421875,56290,0.0,0.0
2023-01-06 12:30:00-05:00,257.0,257.31500244140625,256.7900085449219,257.1400146484375,26114,0.0,0.0
2023-01-06 13:30:00-05:00,257.2650146484375,257.88409423828125,257.19000244140625,257.7300109863281,42810,0.0,0.0
2023-01-06 14:30:00-05:00,257.6000061035156,258.80999755859375,257.1600036621094,257.32000732421875,61131,0.0,0.0
2023-01-06 15:30:00-05:00,257.45001220703125,258.94500732421875,257.2300109863281,257.8450012207031,118832,0.0,0.0
2023-01-09 09:30:00-05:00,258.9700012207031,259.45001220703125,256.20001220703125,259.0580139160156,46656,0.0,0.0
2023-01-09 10:30:00-05:00,259.44500732421875,260.3999938964844,259.0199890136719,260.30499267578125,19703,0.0,0.0
2023-01-09 11:30:00-05:00,260.3399963378906,260.8399963378906,258.7900085449219,258.8999938964844,24485,0.0,0.0
2023-01-09 12:30:00-05:00,258.95269775390625,259.6099853515625,257.9700012207031,259.2349853515625,27371,0.0,0.0
2023-01-09 13:30:00-05:00,259.30999755859375,260.9200134277344,258.4800109863281,259.8800048828125,40639,0.0,0.0
2023-01-09 14:30:00-05:00,259.95001220703125,260.2300109863281,258.5,258.5,32517,0.0,0.0
2023-01-09 15:30:00-05:00,258.4200134277344,258.69500732421875,256.8900146484375,257.0299987792969,72668,0.0,0.0
2023-01-10 09:30:00-05:00,257.239990234375,259.43499755859375,257.239990234375,258.1499938964844,17686,0.0,0.0
2023-01-10 10:30:00-05:00,257.70001220703125,259.92999267578125,256.7200012207031,259.19000244140625,30175,0.0,0.0
2023-01-10 11:30:00-05:00,259.135009765625,260.6700134277344,258.8450012207031,260.04998779296875,15705,0.0,0.0
2023-01-10 12:30:00-05:00,260.375,261.0799865722656,259.4700012207031,259.5,23720,0.0,0.0
2023-01-10 13:30:00-05:00,259.5,261.0,259.1099853515625,260.57501220703125,26563,0.0,0.0
2023-01-10 14:30:00-05:00,260.5199890136719,260.6700134277344,259.42999267578125,259.510009765625,26397,0.0,0.0
2023-01-10 15:30:00-05:00,259.5450134277344,260.20001220703125,259.3299865722656,259.44000244140625,67278,0.0,0.0
2023-01-11 09:30:00-05:00,260.44000244140625,260.44000244140625,238.6199951171875,245.27999877929688,324316,0.0,0.0
2023-01-11 10:30:00-05:00,245.36000061035156,246.05999755859375,242.07110595703125,244.22999572753906,175946,0.0,0.0
2023-01-11 11:30:00-05:00,244.07000732421875,244.07000732421875,240.1699981689453,240.4949951171875,71506,0.0,0.0
2023-01-11 12:30:00-05:00,240.4600067138672,240.75,237.8000030517578,238.8300018310547,66229,0.0,0.0
2023-01-11 13:30:00-05:00,238.74000549316406,241.34500122070312,238.0500030517578,240.91000366210938,133433,0.0,0.0
2023-01-11 14:30:00-05:00,241.0399932861328,242.74000549316406,239.47000122070312,239.52999877929688,73521,0.0,0.0
2023-01-11 15:30:00-05:00,239.52999877929688,240.1199951171875,238.83999633789062,239.7100067138672,117322,0.0,0.0
2023-01-12 09:30:00-05:00,239.4499969482422,241.16000366210938,232.6300048828125,235.27999877929688,127106,0.0,0.0
2023-01-12 10:30:00-05:00,235.30999755859375,237.3000030517578,235.1300048828125,237.02999877929688,73585,0.0,0.0
2023-01-12 11:30:00-05:00,236.83999633789062,237.4600067138672,236.11000061035156,237.3699951171875,57415,0.0,0.0
2023-01-12 12:30:00-05:00,237.39999389648438,239.47000122070312,236.9600067138672,237.55499267578125,40501,0.0,0.0
2023-01-12 13:30:00-05:00,237.52999877929688,238.99000549316406,236.9250030517578,237.25,40306,0.0,0.0
2023-01-12 14:30:00-05:00,237.35000610351562,238.72000122070312,236.6199951171875,237.41000366210938,66113,0.0,0.0
2023-01-12 15:30:00-05:00,237.54750061035156,238.5500030517578,237.07000732421875,238.4199981689453,81945,0.0,0.0
2023-01-13 09:30:00-05:00,236.6699981689453,241.0,236.6699981689453,240.1649932861328,23384,0.0,0.0
2023-01-13 10:30:00-05:00,239.4600067138672,240.4199981689453,239.32000732421875,239.8925018310547,17438,0.0,0.0
2023-01-13 11:30:00-05:00,240.00999450683594,240.57000732421875,239.27000427246094,240.14999389648438,12958,0.0,0.0
2023-01-13 12:30:00-05:00,240.1699981689453,240.47500610351562,239.64500427246094,240.2899932861328,15024,0.0,0.0
2023-01-13 13:30:00-05:00,240.4199981689453,241.32000732421875,240.33999633789062,241.0399932861328,19049,0.0,0.0
2023-01-13 14:30:00-05:00,241.00999450683594,242.5800018310547,240.97250366210938,242.4949951171875,31197,0.0,0.0
2023-01-13 15:30:00-05:00,242.5050048828125,242.97999572753906,240.64999389648438,241.0,98747,0.0,0.0
2023-01-17 09:30:00-05:00,240.4600067138672,241.75,238.02000427246094,240.00909423828125,25470,0.0,0.0
2023-01-17 10:30:00-05:00,239.92750549316406,241.2100067138672,238.6649932861328,240.2899932861328,34361,0.0,0.0
2023-01-17 11:30:00-05:00,240.3524932861328,241.4199981689453,240.3000030517578,240.6300048828125,13847,0.0,0.0
2023-01-17 12:30:00-05:00,240.82000732421875,242.59500122070312,240.6699981689453,241.1999969482422,28309,0.0,0.0
2023-01-17 13:30:00-05:00,241.02000427246094,241.85000610351562,239.38999938964844,239.8000030517578,31227,0.0,0.0
2023-01-17 14:30:00-05:00,239.80499267578125,241.1999969482422,239.80499267578125,240.5500030517578,43429,0.0,0.0
2023-01-17 15:30:00-05:00,240.6649932861328,242.02000427246094,240.6649932861328,240.92999267578125,79675,0.0,0.0
2023-01-18 09:30:00-05:00,241.39999389648438,243.25999450683594,239.7899932861328,242.60000610351562,16620,0.0,0.0
2023-01-18 10:30:00-05:00,242.55999755859375,242.63999938964844,238.52000427246094,239.0,19963,0.0,0.0
2023-01-18 11:30:00-05:00,238.50999450683594,239.0,238.07000732421875,238.69500732421875,16126,0.0,0.0
2023-01-18 12:30:00-05:00,238.67999267578125,238.82000732421875,237.1699981689453,237.67999267578125,16308,0.0,0.0
2023-01-18 13:30:00-05:00,237.64500427246094,238.19000244140625,236.8699951171875,236.8699951171875,23775,0.0,0.0
2023-01-18 14:30:00-05:00,236.88999938964844,237.25,235.6699981689453,236.82000732421875,37818,0.0,0.0
2023-01-18 15:30:00-05:00,236.6699981689453,236.67999267578125,235.19000244140625,236.4499969482422,72273,0.0,0.0
2023-01-19 09:30:00-05:00,235.50999450683594,236.35000610351562,235.0,236.22999572753906,28796,0.0,0.0
2023-01-19 10:30:00-05:00,236.3000030517578,236.69000244140625,235.5175018310547,235.97000122070312,29952,0.0,0.0
2023-01-19 11:30:00-05:00,235.90499877929688,237.72999572753906,235.55999755859375,236.14500427246094,22783,0.0,0.0
2023-01-19 12:30:00-05:00,236.12930297851562,236.41000366210938,235.35000610351562,235.9600067138672,27074,0.0,0.0
2023-01-19 13:30:00-05:00,236.10000610351562,237.1699981689453,235.9550018310547,236.17999267578125,26988,0.0,0.0
2023-01-19 14:30:00-05:00,236.2050018310547,236.5,235.25999450683594,235.8800048828125,70647,0.0,0.0
2023-01-19 15:30:00-05:00,235.93499755859375,235.93499755859375,234.7899932861328,235.2100067138672,114565,0.0,0.0
2023-01-20 09:30:00-05:00,235.6300048828125,236.47000122070312,233.97500610351562,235.91000366210938,44815,0.0,0.0
2023-01-20 10:30:00-05:00,235.83999633789062,235.83999633789062,232.97500610351562,233.86000061035156,39349,0.0,0.0
2023-01-20 11:30:00-05:00,233.89999389648438,235.30999755859375,233.77000427246094,234.34500122070312,22473,0.0,0.0
2023-01-20 12:30:00-05:00,234.1300048828125,234.4550018310547,233.47999572753906,233.71499633789062,24155,0.0,0.0
2023-01-20 13:30:00-05:00,233.8699951171875,235.0800018310547,233.5399932861328,235.01499938964844,34263,0.0,0.0
2023-01-20 14:30:00-05:00,235.13999938964844,235.69000244140625,234.47000122070312,235.16000366210938,54877,0.0,0.0
2023-01-20 15:30:00-05:00,235.17999267578125,235.9600067138672,235.02000427246094,235.6199951171875,91483,0.0,0.0
2023-01-23 09:30:00-05:00,236.17999267578125,239.11500549316406,236.08999633789062,239.10499572753906,0,0.0,0.0
2023-01-23 10:30:00-05:00,239.35000610351562,239.35000610351562,237.85000610351562,238.02000427246094,29521,0.0,0.0
2023-01-23 11:30:00-05:00,238.0500030517578,238.77000427246094,237.02999877929688,237.10499572753906,24812,0.0,0.0
2023-01-23 12:30:00-05:00,237.11000061035156,238.10000610351562,237.11000061035156,237.75999450683594,26366,0.0,0.0
2023-01-23 13:30:00-05:00,237.82000732421875,239.19000244140625,237.80999755859375,238.80499267578125,46876,0.0,0.0
2023-01-23 14:30:00-05:00,238.8000030517578,238.99000549316406,236.85000610351562,237.60000610351562,37117,0.0,0.0
2023-01-23 15:30:00-05:00,237.61500549316406,238.30999755859375,237.42999267578125,238.30999755859375,68291,0.0,0.0
2023-01-24 09:30:00-05:00,237.39500427246094,237.85000610351562,235.77999877929688,236.17999267578125,14542,0.0,0.0
2023-01-24 10:30:00-05:00,236.41000366210938,239.61000061035156,236.0500030517578,239.61000061035156,24952,0.0,0.0
2023-01-24 11:30:00-05:00,239.22999572753906,239.22999572753906,238.22000122070312,238.80999755859375,13597,0.0,0.0
2023-01-24 12:30:00-05:00,238.80999755859375,238.81500244140625,237.0500030517578,237.1300048828125,19584,0.0,0.0
2023-01-24 13:30:00-05:00,236.97999572753906,237.27999877929688,236.38999938964844,236.6999969482422,15279,0.0,0.0
2023-01-24 14:30:00-05:00,236.89999389648438,237.17999267578125,235.85000610351562,236.35899353027344,27193,0.0,0.0
2023-01-24 15:30:00-05:00,236.1699981689453,236.1699981689453,235.2899932861328,235.6999969482422,43604,0.0,0.0
2023-01-25 09:30:00-05:00,233.07000732421875,234.88999938964844,231.63999938964844,233.30999755859375,16177,0.0,0.0
2023-01-25 10:30:00-05:00,233.57000732421875,233.9199981689453,232.36000061035156,233.25999450683594,15653,0.0,0.0
2023-01-25 11:30:00-05:00,233.27999877929688,235.83999633789062,233.27999877929688,234.8000030517578,25494,0.0,0.0
2023-01-25 12:30:00-05:00,234.91000366210938,236.75,234.6300048828125,236.75,10335,0.0,0.0
2023-01-25 13:30:00-05:00,236.6999969482422,238.4499969482422,236.6999969482422,237.86500549316406,18391,0.0,0.0
2023-01-25 14:30:00-05:00,237.77000427246094,239.25,237.4499969482422,239.25,19370,0.0,0.0
2023-01-25 15:30:00-05:00,239.5,240.3699951171875,239.0399932861328,240.21499633789062,41508,0.0,0.0
2023-01-26 09:30:00-05:00,241.60000610351562,241.85000610351562,240.1999969482422,240.8699951171875,19587,0.0,0.0
2023-01-26 10:30:00-05:00,240.3800048828125,240.38999938964844,238.97500610351562,239.8000030517578,13076,0.0,0.0
2023-01-26 11:30:00-05:00,239.68499755859375,240.02999877929688,239.19000244140625,240.0,9233,0.0,0.0
2023-01-26 12:30:00-05:00,239.6501007080078,239.9600067138672,238.4499969482422,238.47000122070312,19932,0.0,0.0
2023-01-26 13:30:00-05:00,238.5,239.17999267578125,237.8800048828125,238.02999877929688,21842,0.0,0.0
2023-01-26 14:30:00-05:00,238.05999755859375,239.13999938964844,238.01499938964844,239.10000610351562,22172,0.0,0.0
2023-01-26 15:30:00-05:00,239.0500030517578,241.05999755859375,238.71499633789062,240.85000610351562,63003,0.0,0.0
2023-01-27 09:30:00-05:00,240.11000061035156,241.35000610351562,239.39999389648438,240.64999389648438,12740,0.0,0.0
2023-01-27 10:30:00-05:00,240.9600067138672,240.9600067138672,239.5,240.6699981689453,8027,0.0,0.0
2023-01-27 11:30:00-05:00,241.27000427246094,242.7449951171875,241.02499389648438,242.4600067138672,14397,0.0,0.0
2023-01-27 12:30:00-05:00,242.68499755859375,243.97000122070312,242.6699981689453,243.97000122070312,12543,0.0,0.0
2023-01-27 13:30:00-05:00,243.99000549316406,244.39999389648438,242.32009887695312,243.11500549316406,22547,0.0,0.0
2023-01-27 14:30:00-05:00,243.4499969482422,245.1199951171875,243.4499969482422,245.0399932861328,32038,0.0,0.0
2023-01-27 15:30:00-05:00,245.0,245.0,243.38499450683594,243.72000122070312,56802,0.0,0.0
2023-01-30 09:30:00-05:00,241.91000366210938,243.22000122070312,240.52000427246094,240.625,19780,0.0,0.0
2023-01-30 10:30:00-05:00,240.8699951171875,241.05999755859375,239.32000732421875,239.8800048828125,15820,0.0,0.0
2023-01-30 11:30:00-05:00,240.13510131835938,241.0500030517578,239.44500732421875,240.8000030517578,14000,0.0,0.0
2023-01-30 12:30:00-05:00,240.72000122070312,241.6300048828125,240.34500122070312,241.19000244140625,11017,0.0,0.0
2023-01-30 13:30:00-05:00,241.22000122070312,241.38999938964844,240.5749969482422,240.6649932861328,10983,0.0,0.0
2023-01-30 14:30:00-05:00,240.75,241.44000244140625,240.75,241.1199951171875,22255,0.0,0.0
2023-01-30 15:30:00-05:00,241.14999389648438,241.9600067138672,240.81500244140625,241.0399932861328,36666,0.0,0.0
2023-01-31 09:30:00-05:00,241.02999877929688,241.875,240.5500030517578,241.0500030517578,13193,0.0,0.0
2023-01-31 10:30:00-05:00,241.1199951171875,242.25,240.8000030517578,241.26499938964844,21949,0.0,0.0
2023-01-31 11:30:00-05:00,241.1199951171875,242.27999877929688,241.0500030517578,242.07000732421875,9318,0.0,0.0
2023-01-31 12:30:00-05:00,241.9600067138672,242.83999633789062,241.94000244140625,241.99000549316406,16118,0.0,0.0
2023-01-31 13:30:00-05:00,242.14999389648438,242.9600067138672,241.55499267578125,242.36000061035156,14135,0.0,0.0
2023-01-31 14:30:00-05:00,242.17999267578125,243.08999633789062,242.00999450683594,242.22999572753906,21685,0.0,0.0
2023-01-31 15:30:00-05:00,242.3300018310547,243.58999633789062,242.31199645996094,243.35000610351562,36167,0.0,0.0
2023-02-01 09:30:00-05:00,243.5,246.1999969482422,242.4499969482422,244.47500610351562,27564,0.0,0.0
2023-02-01 10:30:00-05:00,244.5399932861328,246.41000366210938,244.02000427246094,246.11500549316406,14869,0.0,0.0
2023-02-01 11:30:00-05:00,246.10000610351562,246.86000061035156,244.74000549316406,245.67999267578125,27644,0.0,0.0
2023-02-01 12:30:00-05:00,245.72999572753906,246.2100067138672,245.38999938964844,245.5,17482,0.0,0.0
2023-02-01 13:30:00-05:00,245.7100067138672,246.5,245.22000122070312,246.02000427246094,16807,0.0,0.0
2023-02-01 14:30:00-05:00,246.2899932861328,249.32000732421875,245.33999633789062,248.72000122070312,22863,0.0,0.0
2023-02-01 15:30:00-05:00,248.7899932861328,250.75999450683594,248.77999877929688,250.22000122070312,54671,0.0,0.0
2023-02-02 09:30:00-05:00,250.72000122070312,257.635009765625,250.0850067138672,256.69000244140625,39384,0.0,0.0
2023-02-02 10:30:00-05:00,256.760009765625,261.5899963378906,256.760009765625,261.44500732421875,78974,0.0,0.0
2023-02-02 11:30:00-05:00,261.44500732421875,261.69000244140625,259.8999938964844,261.25,40190,0.0,0.0
2023-02-02 12:30:00-05:00,261.5199890136719,263.2099914550781,261.0375061035156,262.9800109863281,37306,0.0,0.0
2023-02-02 13:30:00-05:00,263.1400146484375,265.239990234375,262.69000244140625,262.9800109863281,69179,0.0,0.0
2023-02-02 14:30:00-05:00,262.9100036621094,263.45001220703125,261.8363037109375,263.0199890136719,63436,0.0,0.0
2023-02-02 15:30:00-05:00,263.1400146484375,263.44000244140625,261.8299865722656,262.3399963378906,89855,0.0,0.0
2023-02-03 09:30:00-05:00,259.1499938964844,261.7200012207031,259.04998779296875,260.2300109863281,78234,0.0,0.0
2023-02-03 10:30:00-05:00,260.3349914550781,263.6600036621094,260.239990234375,263.3800048828125,42665,0.0,0.0
2023-02-03 11:30:00-05:00,263.4599914550781,264.25,261.76251220703125,262.42498779296875,64782,0.0,0.0
2023-02-03 12:30:00-05:00,262.0050048828125,262.5799865722656,259.7799987792969,259.9549865722656,16642,0.0,0.0
2023-02-03 13:30:00-05:00,259.9599914550781,260.5199890136719,259.5899963378906,260.19000244140625,19581,0.0,0.0
2023-02-03 14:30:00-05:00,260.2099914550781,261.1600036621094,259.9800109863281,260.69500732421875,28166,0.0,0.0
2023-02-03 15:30:00-05:00,260.739990234375,260.739990234375,258.45001220703125,258.45001220703125,159904,0.0,0.0
2023-02-06 09:30:00-05:00,256.2900085449219,256.2900085449219,252.86500549316406,252.86500549316406,27489,0.0,0.0
2023-02-06 10:30:00-05:00,253.01499938964844,253.9250030517578,252.2899932861328,252.2899932861328,23843,0.0,0.0
2023-02-06 11:30:00-05:00,252.2899932861328,252.49000549316406,251.3000030517578,252.1300048828125,18005,0.0,0.0
2023-02-06 12:30:00-05:00,252.31500244140625,253.66000366210938,252.08999633789062,253.41000366210938,27615,0.0,0.0
2023-02-06 13:30:00-05:00,253.5500030517578,254.1699981689453,253.125,253.5,27280,0.0,0.0
2023-02-06 14:30:00-05:00,253.61000061035156,253.6750030517578,252.5800018310547,252.82000732421875,22284,0.0,0.0
2023-02-06 15:30:00-05:00,252.85000610351562,254.22000122070312,252.60000610351562,253.41000366210938,49095,0.0,0.0
2023-02-07 09:30:00-05:00,251.5800018310547,253.11500549316406,249.8699951171875,251.77999877929688,12113,0.0,0.0
2023-02-07 10:30:00-05:00,251.9199981689453,252.25,251.27999877929688,252.25,8922,0.0,0.0
2023-02-07 11:30:00-05:00,252.2646942138672,253.6199951171875,252.2646942138672,253.1699981689453,14148,0.0,0.0
2023-02-07 12:30:00-05:00,253.3000030517578,256.1099853515625,253.3000030517578,253.39999389648438,13996,0.0,0.0
2023-02-07 13:30:00-05:00,252.77000427246094,254.90499877929688,252.18499755859375,254.21499633789062,10376,0.0,0.0
2023-02-07 14:30:00-05:00,254.44500732421875,256.54998779296875,254.44500732421875,256.4599914550781,18082,0.0,0.0
2023-02-07 15:30:00-05:00,256.4599914550781,257.6400146484375,256.29998779296875,257.5,73799,0.0,0.0
2023-02-08 09:30:00-05:00,256.3599853515625,257.4100036621094,255.86000061035156,255.8699951171875,12146,0.0,0.0
2023-02-08 10:30:00-05:00,255.5399932861328,255.77000427246094,254.27999877929688,254.3350067138672,16573,0.0,0.0
2023-02-08 11:30:00-05:00,254.0399932861328,254.9499969482422,253.7100067138672,254.90499877929688,12219,0.0,0.0
2023-02-08 12:30:00-05:00,254.75999450683594,254.75999450683594,253.8000030517578,253.9149932861328,8281,0.0,0.0
2023-02-08 13:30:00-05:00,253.91000366210938,253.92999267578125,253.0399932861328,253.33999633789062,11655,0.0,0.0
2023-02-08 14:30:00-05:00,253.10499572753906,253.10499572753906,252.02999877929688,252.4550018310547,28628,0.0,0.0
2023-02-08 15:30:00-05:00,252.44500732421875,254.02999877929688,251.82000732421875,253.80999755859375,54900,0.0,0.0
2023-02-09 09:30:00-05:00,254.8000030517578,255.33999633789062,253.24000549316406,253.49000549316406,0,0.0,0.0
2023-02-09 10:30:00-05:00,253.59500122070312,254.0,253.00999450683594,253.4199981689453,12379,0.0,0.0
2023-02-09 11:30:00-05:00,252.6699981689453,253.0500030517578,251.9342041015625,252.85000610351562,21041,0.0,0.0
2023-02-09 12:30:00-05:00,252.57000732421875,252.6999969482422,251.17999267578125,251.41000366210938,10483,0.0,0.0
2023-02-09 13:30:00-05:00,250.99000549316406,251.77999877929688,250.96499633789062,251.55999755859375,13810,0.0,0.0
2023-02-09 14:30:00-05:00,251.7100067138672,251.8000030517578,249.7100067138672,249.7100067138672,21627,0.0,0.0
2023-02-09 15:30:00-05:00,249.6999969482422,250.00999450683594,248.41000366210938,248.5800018310547,56081,0.0,0.0
2023-02-10 09:30:00-05:00,247.94000244140625,248.8249969482422,245.9199981689453,245.9499969482422,21893,0.0,0.0
2023-02-10 10:30:00-05:00,245.92999267578125,245.92999267578125,244.60000610351562,244.8000030517578,31917,0.0,0.0
2023-02-10 11:30:00-05:00,244.61000061035156,244.97000122070312,243.3000030517578,244.72999572753906,45869,0.0,0.0
2023-02-10 12:30:00-05:00,245.22500610351562,245.35499572753906,244.05999755859375,244.75,21082,0.0,0.0
2023-02-10 13:30:00-05:00,244.6199951171875,244.63999938964844,243.32000732421875,244.17999267578125,25615,0.0,0.0
2023-02-10 14:30:00-05:00,244.38999938964844,244.74000549316406,243.4600067138672,243.77999877929688,32086,0.0,0.0
2023-02-10 15:30:00-05:00,243.85000610351562,245.49000549316406,243.8300018310547,245.36000061035156,69498,0.0,0.0
2023-02-13 09:30:00-05:00,246.42999267578125,247.25,245.94000244140625,246.00999450683594,9040,0.0,0.0
2023-02-13 10:30:00-05:00,246.5050048828125,246.8300018310547,245.46499633789062,245.5500030517578,15374,0.0,0.0
2023-02-13 11:30:00-05:00,245.47000122070312,245.93499755859375,245.24000549316406,245.3350067138672,11244,0.0,0.0
2023-02-13 12:30:00-05:00,245.2899932861328,245.96499633789062,244.9499969482422,245.25999450683594,12420,0.0,0.0
2023-02-13 13:30:00-05:00,245.39999389648438,245.57000732421875,244.61000061035156,244.8800048828125,15016,0.0,0.0
2023-02-13 14:30:00-05:00,244.97999572753906,245.47500610351562,244.52999877929688,245.19000244140625,15340,0.0,0.0
2023-02-13 15:30:00-05:00,245.14999389648438,246.0,245.0800018310547,245.86000061035156,43785,0.0,0.0
2023-02-14 09:30:00-05:00,245.6999969482422,248.2100067138672,245.1999969482422,247.44000244140625,12185,0.0,0.0
2023-02-14 10:30:00-05:00,246.39999389648438,246.39999389648438,243.1300048828125,243.1300048828125,17126,0.0,0.0
2023-02-14 11:30:00-05:00,242.4199981689453,243.39500427246094,241.82000732421875,243.16000366210938,18242,0.0,0.0
2023-02-14 12:30:00-05:00,243.00999450683594,245.44000244140625,243.00999450683594,245.08999633789062,12720,0.0,0.0
2023-02-14 13:30:00-05:00,245.02999877929688,245.30369567871094,244.0399932861328,245.1649932861328,19638,0.0,0.0
2023-02-14 14:30:00-05:00,245.16000366210938,246.10000610351562,244.6699981689453,245.2100067138672,26299,0.0,0.0
2023-02-14 15:30:00-05:00,245.11000061035156,245.6699981689453,244.80999755859375,245.25999450683594,50791,0.0,0.0
2023-02-15 09:30:00-05:00,243.74000549316406,245.77000427246094,243.0399932861328,244.7899932861328,31589,0.0,0.0
2023-02-15 10:30:00-05:00,244.99000549316406,246.02000427246094,244.36000061035156,245.88499450683594,20231,0.0,0.0
2023-02-15 11:30:00-05:00,245.75,246.4499969482422,245.72999572753906,245.83999633789062,21957,0.0,0.0
2023-02-15 12:30:00-05:00,245.69500732421875,246.6300048828125,245.69500732421875,246.3000030517578,20164,0.0,0.0
2023-02-15 13:30:00-05:00,246.30499267578125,246.75,246.0500030517578,246.32000732421875,24596,0.0,0.0
2023-02-15 14:30:00-05:00,246.38999938964844,246.89999389648438,246.35499572753906,246.44000244140625,29766,0.0,0.0
2023-02-15 15:30:00-05:00,246.55999755859375,247.6199951171875,246.55999755859375,247.1699981689453,59004,0.0,0.0
2023-02-16 09:30:00-05:00,243.4600067138672,245.07000732421875,243.0,245.07000732421875,31814,0.0,0.0
2023-02-16 10:30:00-05:00,245.22999572753906,246.22000122070312,244.75,246.0800018310547,19327,0.0,0.0
2023-02-16 11:30:00-05:00,246.07000732421875,247.0,245.99000549316406,247.0,18739,0.0,0.0
2023-02-16 12:30:00-05:00,246.86500549316406,247.10000610351562,245.8800048828125,246.0,17545,0.0,0.0
2023-02-16 13:30:00-05:00,246.0,246.6199951171875,245.77499389648438,246.6199951171875,10306,0.0,0.0
2023-02-16 14:30:00-05:00,247.0500030517578,247.05999755859375,245.81500244140625,246.3249969482422,25468,0.0,0.0
2023-02-16 15:30:00-05:00,246.32000732421875,246.73500061035156,245.85000610351562,246.4199981689453,56303,0.0,0.0
2023-02-17 09:30:00-05:00,245.67999267578125,248.1300048828125,244.88999938964844,247.75999450683594,17482,0.0,0.0
2023-02-17 10:30:00-05:00,247.66000366210938,247.67999267578125,245.4199981689453,246.0050048828125,14566,0.0,0.0
2023-02-17 11:30:00-05:00,246.33999633789062,247.0,245.9600067138672,246.46499633789062,13407,0.0,0.0
2023-02-17 12:30:00-05:00,246.55999755859375,246.6199951171875,245.92999267578125,246.35499572753906,13648,0.0,0.0
2023-02-17 13:30:00-05:00,246.36500549316406,247.3249969482422,246.13999938964844,247.08999633789062,13588,0.0,0.0
2023-02-17 14:30:00-05:00,247.35000610351562,248.0,247.31219482421875,247.59500122070312,31206,0.0,0.0
2023-02-17 15:30:00-05:00,247.5500030517578,248.24000549316406,246.94000244140625,247.36000061035156,79429,0.0,0.0
2023-02-21 09:30:00-05:00,245.17999267578125,245.17999267578125,241.2899932861328,241.9499969482422,30673,0.0,0.0
2023-02-21 10:30:00-05:00,241.77999877929688,242.38999938964844,241.50999450683594,242.2899932861328,31653,0.0,0.0
2023-02-21 11:30:00-05:00,242.22000122070312,242.22000122070312,240.74000549316406,240.75,27627,0.0,0.0
2023-02-21 12:30:00-05:00,240.52000427246094,241.2100067138672,240.05999755859375,241.07000732421875,14749,0.0,0.0
2023-02-21 13:30:00-05:00,241.00999450683594,241.00999450683594,239.7949981689453,240.02000427246094,20535,0.0,0.0
2023-02-21 14:30:00-05:00,240.0749969482422,242.27000427246094,240.0749969482422,242.0,46053,0.0,0.0
2023-02-21 15:30:00-05:00,242.1699981689453,242.61000061035156,241.25,241.3300018310547,48400,0.0,0.0
2023-02-22 09:30:00-05:00,242.5399932861328,243.69000244140625,239.3800048828125,242.8350067138672,26081,0.0,0.0
2023-02-22 10:30:00-05:00,242.47000122070312,243.83999633789062,241.13499450683594,243.48500061035156,21629,0.0,0.0
2023-02-22 11:30:00-05:00,243.50999450683594,244.55999755859375,242.8300018310547,243.91000366210938,25024,0.0,0.0
2023-02-22 12:30:00-05:00,243.93499755859375,244.47000122070312,242.89999389648438,244.38999938964844,23624,0.0,0.0
2023-02-22 13:30:00-05:00,244.24000549316406,244.6676025390625,243.14999389648438,243.28250122070312,49345,0.0,0.0
2023-02-22 14:30:00-05:00,243.22999572753906,243.22999572753906,241.44000244140625,241.49000549316406,91472,0.0,0.0
2023-02-22 15:30:00-05:00,241.3800048828125,241.66000366210938,239.27000427246094,240.74000549316406,122249,0.0,0.0
2023-02-23 09:30:00-05:00,229.8000030517578,240.0,229.63999938964844,237.97000122070312,111992,0.0,0.0
2023-02-23 10:30:00-05:00,238.0399932861328,238.72999572753906,233.41000366210938,237.02999877929688,74607,0.0,0.0
2023-02-23 11:30:00-05:00,236.91000366210938,236.91000366210938,233.16000366210938,234.22500610351562,60167,0.0,0.0
2023-02-23 12:30:00-05:00,234.02999877929688,235.36000061035156,232.41000366210938,235.00999450683594,62653,0.0,0.0
2023-02-23 13:30:00-05:00,234.92999267578125,234.97000122070312,232.32000732421875,233.4949951171875,58237,0.0,0.0
2023-02-23 14:30:00-05:00,233.6699981689453,234.43760681152344,232.13999938964844,234.19000244140625,98669,0.0,0.0
2023-02-23 15:30:00-05:00,234.39999389648438,235.97999572753906,234.21499633789062,235.8699951171875,170525,0.0,0.0
2023-02-24 09:30:00-05:00,232.55999755859375,235.72999572753906,230.55999755859375,233.3699951171875,76372,0.0,0.0
2023-02-24 10:30:00-05:00,233.47500610351562,234.6999969482422,233.1300048828125,234.49000549316406,89880,0.0,0.0
2023-02-24 11:30:00-05:00,234.5500030517578,236.40499877929688,234.0,236.17250061035156,51952,0.0,0.0
2023-02-24 12:30:00-05:00,236.19500732421875,236.33999633789062,234.77999877929688,234.99000549316406,39285,0.0,0.0
2023-02-24 13:30:00-05:00,234.9199981689453,236.25999450683594,234.9199981689453,235.06500244140625,64671,0.0,0.0
2023-02-24 14:30:00-05:00,235.0500030517578,237.43499755859375,234.8249969482422,235.57000732421875,95224,0.0,0.0
2023-02-24 15:30:00-05:00,235.61000061035156,235.66000366210938,234.82000732421875,235.11000061035156,208397,0.0,0.0
2023-02-27 09:30:00-05:00,237.02000427246094,240.1999969482422,235.36000061035156,239.81500244140625,0,0.0,0.0
2023-02-27 10:30:00-05:00,239.82000732421875,239.8300018310547,236.94500732421875,237.5,40049,0.0,0.0
2023-02-27 11:30:00-05:00,237.42999267578125,238.1649932861328,237.02000427246094,238.00999450683594,46458,0.0,0.0
2023-02-27 12:30:00-05:00,237.9875030517578,239.32000732421875,237.43499755859375,239.05999755859375,36931,0.0,0.0
2023-02-27 13:30:00-05:00,239.0399932861328,240.02000427246094,238.52000427246094,239.13999938964844,46811,0.0,0.0
2023-02-27 14:30:00-05:00,239.1300048828125,239.1300048828125,237.66000366210938,237.9499969482422,47109,0.0,0.0
2023-02-27 15:30:00-05:00,237.94500732421875,239.39999389648438,236.80999755859375,238.8699951171875,108528,0.0,0.0
2023-02-28 09:30:00-05:00,238.92999267578125,239.8800048828125,238.1300048828125,238.76499938964844,31472,0.0,0.0
2023-02-28 10:30:00-05:00,238.85499572753906,240.2100067138672,238.63499450683594,239.8524932861328,24835,0.0,0.0
2023-02-28 11:30:00-05:00,239.88999938964844,240.35499572753906,238.6300048828125,239.71499633789062,40154,0.0,0.0
2023-02-28 12:30:00-05:00,239.77499389648438,240.25999450683594,239.25999450683594,239.47999572753906,38897,0.0,0.0
2023-02-28 13:30:00-05:00,239.27999877929688,240.57989501953125,239.05999755859375,239.24000549316406,126500,0.0,0.0
2023-02-28 14:30:00-05:00,239.28500366210938,240.25,239.27499389648438,239.92999267578125,48138,0.0,0.0
2023-02-28 15:30:00-05:00,239.6999969482422,239.8699951171875,238.22999572753906,238.22999572753906,139670,0.0,0.0
2023-03-01 09:30:00-05:00,235.85000610351562,237.22000122070312,232.6999969482422,232.9149932861328,36128,0.0,0.0
2023-03-01 10:30:00-05:00,232.8699951171875,235.11000061035156,231.80999755859375,232.07000732421875,35667,0.0,0.0
2023-03-01 11:30:00-05:00,232.32000732421875,233.38999938964844,232.32000732421875,232.92999267578125,18428,0.0,0.0
2023-03-01 12:30:00-05:00,232.8800048828125,233.0,231.9250030517578,232.08999633789062,19362,0.0,0.0
2023-03-01 13:30:00-05:00,232.0500030517578,232.8000030517578,231.19000244140625,231.5800018310547,31207,0.0,0.0
2023-03-01 14:30:00-05:00,231.5399932861328,233.76499938964844,231.5399932861328,233.47999572753906,43980,0.0,0.0
2023-03-01 15:30:00-05:00,233.48500061035156,234.5399932861328,233.35000610351562,233.7899932861328,81091,0.0,0.0
2023-03-02 09:30:00-05:00,231.52999877929688,233.3300018310547,230.77000427246094,231.85000610351562,28254,0.0,0.0
2023-03-02 10:30:00-05:00,231.6300048828125,232.9600067138672,231.41000366210938,232.2449951171875,17937,0.0,0.0
2023-03-02 11:30:00-05:00,232.35000610351562,233.27499389648438,232.27000427246094,233.0,19821,0.0,0.0
2023-03-02 12:30:00-05:00,232.91000366210938,233.36500549316406,232.75999450683594,233.24000549316406,17259,0.0,0.0
2023-03-02 13:30:00-05:00,233.18499755859375,234.7899932861328,233.18499755859375,234.52999877929688,25920,0.0,0.0
2023-03-02 14:30:00-05:00,234.6999969482422,235.32000732421875,234.1999969482422,234.6300048828125,36997,0.0,0.0
2023-03-02 15:30:00-05:00,234.7100067138672,235.7100067138672,234.7100067138672,235.6999969482422,72664,0.0,0.0
2023-03-03 09:30:00-05:00,237.99000549316406,238.7899932861328,235.3800048828125,236.35499572753906,46532,0.0,0.0
2023-03-03 10:30:00-05:00,236.39500427246094,237.4499969482422,235.74000549316406,236.88499450683594,56185,0.0,0.0
2023-03-03 11:30:00-05:00,236.99000549316406,237.4600067138672,236.4600067138672,237.4600067138672,28776,0.0,0.0
2023-03-03 12:30:00-05:00,237.44000244140625,238.47000122070312,237.39999389648438,237.9199981689453,16679,0.0,0.0
2023-03-03 13:30:00-05:00,237.88999938964844,239.2899932861328,237.6750030517578,239.2899932861328,21514,0.0,0.0
2023-03-03 14:30:00-05:00,239.27000427246094,239.64999389648438,237.5500030517578,237.60000610351562,59172,0.0,0.0
2023-03-03 15:30:00-05:00,237.60000610351562,239.27999877929688,237.42999267578125,239.19000244140625,81673,0.0,0.0
2023-03-06 09:30:00-05:00,239.1999969482422,240.0,237.4600067138672,238.22000122070312,13412,0.0,0.0
2023-03-06 10:30:00-05:00,238.18499755859375,238.6999969482422,237.2100067138672,237.4149932861328,20537,0.0,0.0
2023-03-06 11:30:00-05:00,237.5399932861328,237.91000366210938,237.0500030517578,237.72999572753906,15353,0.0,0.0
2023-03-06 12:30:00-05:00,237.71240234375,237.9199981689453,236.44000244140625,236.91000366210938,29608,0.0,0.0
2023-03-06 13:30:00-05:00,236.77999877929688,236.77999877929688,235.2100067138672,236.4250030517578,24155,0.0,0.0
2023-03-06 14:30:00-05:00,236.47500610351562,236.75999450683594,234.02999877929688,234.02999877929688,21604,0.0,0.0
2023-03-06 15:30:00-05:00,233.9499969482422,234.55999755859375,233.47999572753906,233.67999267578125,67243,0.0,0.0
2023-03-07 09:30:00-05:00,233.5399932861328,234.36000061035156,231.10000610351562,231.41000366210938,29034,0.0,0.0
2023-03-07 10:30:00-05:00,231.3300018310547,232.25,230.13999938964844,230.47500610351562,64440,0.0,0.0
2023-03-07 11:30:00-05:00,230.07000732421875,230.59500122070312,228.13999938964844,229.25999450683594,42046,0.0,0.0
2023-03-07 12:30:00-05:00,229.1999969482422,229.77000427246094,228.4600067138672,229.3000030517578,34667,0.0,0.0
2023-03-07 13:30:00-05:00,228.9600067138672,230.72000122070312,228.5749969482422,229.69500732421875,70642,0.0,0.0
2023-03-07 14:30:00-05:00,229.85499572753906,229.88999938964844,228.9149932861328,229.2550048828125,44129,0.0,0.0
2023-03-07 15:30:00-05:00,229.26499938964844,230.52999877929688,229.22500610351562,230.4600067138672,96891,0.0,0.0
2023-03-08 09:30:00-05:00,229.30999755859375,229.30999755859375,227.0399932861328,228.3000030517578,49593,0.0,0.0
2023-03-08 10:30:00-05:00,228.2949981689453,230.3800048828125,228.27000427246094,229.61000061035156,34873,0.0,0.0
2023-03-08 11:30:00-05:00,229.4600067138672,230.32000732421875,229.14999389648438,230.1300048828125,21084,0.0,0.0
2023-03-08 12:30:00-05:00,230.07000732421875,230.07000732421875,228.5800018310547,228.97500610351562,29420,0.0,0.0
2023-03-08 13:30:00-05:00,228.92999267578125,228.92999267578125,228.11000061035156,228.11000061035156,17269,0.0,0.0
2023-03-08 14:30:00-05:00,228.11000061035156,228.30999755859375,226.9600067138672,227.25999450683594,27437,0.0,0.0
2023-03-08 15:30:00-05:00,227.39999389648438,228.114501953125,227.39999389648438,227.5800018310547,41751,0.0,0.0
2023-03-09 09:30:00-05:00,228.80999755859375,230.72000122070312,227.75,229.94000244140625,31647,0.0,0.0
2023-03-09 10:30:00-05:00,230.32000732421875,231.02999877929688,229.9499969482422,230.13999938964844,26701,0.0,0.0
2023-03-09 11:30:00-05:00,230.1649932861328,231.8800048828125,230.1199951171875,231.53500366210938,26861,0.0,0.0
2023-03-09 12:30:00-05:00,231.5500030517578,231.72000122070312,230.7100067138672,230.9600067138672,67563,0.0,0.0
2023-03-09 13:30:00-05:00,231.0399932861328,231.1699981689453,229.47630310058594,230.30999755859375,49524,0.0,0.0
2023-03-09 14:30:00-05:00,230.0800018310547,230.42999267578125,228.93499755859375,229.85000610351562,107048,0.0,0.0
2023-03-09 15:30:00-05:00,229.90499877929688,230.4600067138672,228.77000427246094,228.85000610351562,92657,0.0,0.0
2023-03-10 09:30:00-05:00,228.67999267578125,229.30999755859375,225.9199981689453,226.97500610351562,45245,0.0,0.0
2023-03-10 10:30:00-05:00,227.125,227.9499969482422,226.15499877929688,226.8699951171875,49888,0.0,0.0
2023-03-10 11:30:00-05:00,227.0,227.1300048828125,223.75999450683594,223.75999450683594,17308,0.0,0.0
2023-03-10 12:30:00-05:00,223.86000061035156,225.4199981689453,223.1999969482422,223.2449951171875,29506,0.0,0.0
2023-03-10 13:30:00-05:00,222.88499450683594,222.88499450683594,221.47999572753906,221.7899932861328,41887,0.0,0.0
2023-03-10 14:30:00-05:00,221.94000244140625,224.63499450683594,221.92999267578125,224.51400756835938,97996,0.0,0.0
2023-03-10 15:30:00-05:00,224.52999877929688,224.75,222.57000732421875,222.9199981689453,77869,0.0,0.0
2023-03-13 09:30:00-04:00,221.08999633789062,224.22999572753906,221.08999633789062,223.00999450683594,28610,0.0,0.0
2023-03-13 10:30:00-04:00,223.0,225.35000610351562,222.47999572753906,225.1999969482422,40485,0.0,0.0
2023-03-13 11:30:00-04:00,225.30999755859375,226.8699951171875,224.52000427246094,225.1999969482422,85802,0.0,0.0
2023-03-13 12:30:00-04:00,224.93499755859375,225.6199951171875,223.7949981689453,224.66000366210938,33527,0.0,0.0
2023-03-13 13:30:00-04:00,225.07000732421875,226.36000061035156,224.39500427246094,224.39500427246094,52932,0.0,0.0
2023-03-13 14:30:00-04:00,224.5500030517578,225.38999938964844,223.97000122070312,224.08999633789062,24624,0.0,0.0
2023-03-13 15:30:00-04:00,224.39999389648438,225.16000366210938,222.89999389648438,222.99000549316406,65214,0.0,0.0
2023-03-14 09:30:00-04:00,226.6699981689453,228.5500030517578,225.67999267578125,227.26499938964844,103444,0.0,0.0
2023-03-14 10:30:00-04:00,227.39999389648438,231.08999633789062,226.94000244140625,231.08999633789062,95958,0.0,0.0
2023-03-14 11:30:00-04:00,231.08999633789062,231.08999633789062,229.51499938964844,229.52999877929688,121117,0.0,0.0
2023-03-14 12:30:00-04:00,229.61000061035156,230.0,227.2899932861328,227.8300018310547,52562,0.0,0.0
2023-03-14 13:30:00-04:00,227.66000366210938,228.08999633789062,225.33999633789062,226.16000366210938,66931,0.0,0.0
2023-03-14 14:30:00-04:00,226.00999450683594,226.50999450683594,224.02000427246094,225.26499938964844,43339,0.0,0.0
2023-03-14 15:30:00-04:00,225.30999755859375,227.1999969482422,225.30999755859375,226.9600067138672,82458,0.0,0.0
2023-03-15 09:30:00-04:00,223.0800018310547,224.36000061035156,222.33999633789062,223.3300018310547,36389,0.0,0.0
2023-03-15 10:30:00-04:00,223.2550048828125,225.7899932861328,222.08999633789062,225.6049041748047,49962,0.0,0.0
2023-03-15 11:30:00-04:00,225.39999389648438,225.77999877929688,223.8000030517578,224.90499877929688,27532,0.0,0.0
2023-03-15 12:30:00-04:00,224.88999938964844,225.39500427246094,223.52999877929688,225.3300018310547,54163,0.0,0.0
2023-03-15 13:30:00-04:00,225.02000427246094,225.27000427246094,223.0800018310547,224.82000732421875,52527,0.0,0.0
2023-03-15 14:30:00-04:00,224.76499938964844,226.55499267578125,224.0399932861328,226.1300048828125,62206,0.0,0.0
2023-03-15 15:30:00-04:00,226.16250610351562,226.55999755859375,224.33999633789062,225.61000061035156,124315,0.0,0.0
2023-03-16 09:30:00-04:00,223.49000549316406,228.3300018310547,222.1199951171875,228.3249969482422,96952,0.0,0.0
2023-03-16 10:30:00-04:00,228.47999572753906,232.88999938964844,227.14999389648438,232.75999450683594,73047,0.0,0.0
2023-03-16 11:30:00-04:00,233.05999755859375,233.0800018310547,231.17999267578125,232.17999267578125,40082,0.0,0.0
2023-03-16 12:30:00-04:00,232.4199981689453,235.1300048828125,232.0399932861328,233.82000732421875,77628,0.0,0.0
2023-03-16 13:30:00-04:00,233.61000061035156,233.97000122070312,229.5800018310547,229.8800048828125,57374,0.0,0.0
2023-03-16 14:30:00-04:00,229.85000610351562,231.1300048828125,228.80999755859375,230.57000732421875,54448,0.0,0.0
2023-03-16 15:30:00-04:00,230.63499450683594,232.2899932861328,229.9199981689453,232.17999267578125,126178,0.0,0.0
2023-03-17 09:30:00-04:00,232.14999389648438,232.4499969482422,229.68499755859375,231.41000366210938,68214,0.0,0.0
2023-03-17 10:30:00-04:00,230.8000030517578,232.47000122070312,230.38999938964844,232.27000427246094,37105,0.0,0.0
2023-03-17 11:30:00-04:00,232.27000427246094,234.7899932861328,232.27000427246094,233.13999938964844,57235,0.0,0.0
2023-03-17 12:30:00-04:00,233.74000549316406,234.6999969482422,232.8249969482422,234.42999267578125,33898,0.0,0.0
2023-03-17 13:30:00-04:00,234.4600067138672,234.96499633789062,232.58999633789062,232.81500244140625,51368,0.0,0.0
2023-03-17 14:30:00-04:00,232.83999633789062,235.77000427246094,232.5399932861328,235.67999267578125,57134,0.0,0.0
2023-03-17 15:30:00-04:00,235.6649932861328,236.92999267578125,234.77999877929688,235.8800048828125,135693,0.0,0.0
2023-03-20 09:30:00-04:00,234.86000061035156,236.34500122070312,234.08999633789062,235.1750030517578,33407,0.0,0.0
2023-03-20 10:30:00-04:00,235.44000244140625,237.75999450683594,235.2899932861328,236.4600067138672,40762,0.0,0.0
2023-03-20 11:30:00-04:00,236.34500122070312,236.35000610351562,235.3300018310547,236.0449981689453,27804,0.0,0.0
2023-03-20 12:30:00-04:00,236.13999938964844,236.77999877929688,235.77999877929688,236.5800018310547,21089,0.0,0.0
2023-03-20 13:30:00-04:00,236.5800018310547,236.90989685058594,235.52000427246094,235.67999267578125,28802,0.0,0.0
2023-03-20 14:30:00-04:00,235.8249969482422,236.38999938964844,235.05999755859375,236.38999938964844,31506,0.0,0.0
2023-03-20 15:30:00-04:00,236.36000061035156,237.4600067138672,236.10000610351562,237.32000732421875,61095,0.0,0.0
2023-03-21 09:30:00-04:00,238.67999267578125,239.3000030517578,237.3300018310547,238.4149932861328,53569,0.0,0.0
2023-03-21 10:30:00-04:00,238.17999267578125,239.8000030517578,237.7949981689453,239.8000030517578,48822,0.0,0.0
2023-03-21 11:30:00-04:00,239.63999938964844,240.61000061035156,238.72000122070312,238.90499877929688,42348,0.0,0.0
2023-03-21 12:30:00-04:00,238.66209411621094,240.5,238.66209411621094,240.4600067138672,24113,0.0,0.0
2023-03-21 13:30:00-04:00,240.60000610351562,242.6199951171875,240.60000610351562,242.5,51646,0.0,0.0
2023-03-21 14:30:00-04:00,242.6199951171875,244.67999267578125,242.6199951171875,243.83999633789062,79214,0.0,0.0
2023-03-21 15:30:00-04:00,243.84500122070312,245.9600067138672,243.7899932861328,244.9199981689453,186486,0.0,0.0
2023-03-22 09:30:00-04:00,244.9499969482422,246.76499938964844,243.1999969482422,246.76499938964844,60314,0.0,0.0
2023-03-22 10:30:00-04:00,246.35000610351562,246.4199981689453,244.2100067138672,245.1300048828125,47186,0.0,0.0
2023-03-22 11:30:00-04:00,245.11000061035156,245.35000610351562,244.04750061035156,244.4550018310547,32883,0.0,0.0
2023-03-22 12:30:00-04:00,244.47500610351562,244.47500610351562,243.09500122070312,243.80999755859375,40101,0.0,0.0
2023-03-22 13:30:00-04:00,244.0,247.02999877929688,243.43499755859375,245.1199951171875,83782,0.0,0.0
2023-03-22 14:30:00-04:00,245.25,247.0399932861328,243.60499572753906,245.02999877929688,73868,0.0,0.0
2023-03-22 15:30:00-04:00,245.0050048828125,245.0050048828125,240.63999938964844,240.88999938964844,105173,0.0,0.0
2023-03-23 09:30:00-04:00,241.7100067138672,244.1199951171875,240.6699981689453,242.22000122070312,42527,0.0,0.0
2023-03-23 10:30:00-04:00,242.39999389648438,245.11500549316406,242.0,244.42999267578125,39460,0.0,0.0
2023-03-23 11:30:00-04:00,244.5,244.67999267578125,243.36000061035156,244.42999267578125,32739,0.0,0.0
2023-03-23 12:30:00-04:00,244.3699951171875,245.77999877929688,243.99000549316406,244.55999755859375,50299,0.0,0.0
2023-03-23 13:30:00-04:00,244.58999633789062,245.02000427246094,242.67999267578125,242.9600067138672,40232,0.0,0.0
2023-03-23 14:30:00-04:00,242.9499969482422,243.9499969482422,240.6199951171875,241.47999572753906,44406,0.0,0.0
2023-03-23 15:30:00-04:00,241.43499755859375,242.8800048828125,241.27000427246094,241.27999877929688,56379,0.0,0.0
2023-03-24 09:30:00-04:00,241.00999450683594,243.0,239.27999877929688,242.91000366210938,32708,0.0,0.0
2023-03-24 10:30:00-04:00,242.6199951171875,244.25999450683594,241.91000366210938,243.81500244140625,17056,0.0,0.0
2023-03-24 11:30:00-04:00,243.5399932861328,245.36000061035156,243.41000366210938,245.36000061035156,21343,0.0,0.0
2023-03-24 12:30:00-04:00,245.5,245.88999938964844,244.8300018310547,245.2550048828125,31810,0.0,0.0
2023-03-24 13:30:00-04:00,245.51719665527344,246.81500244140625,245.25,246.50999450683594,26059,0.0,0.0
2023-03-24 14:30:00-04:00,246.66000366210938,248.2899932861328,246.3699951171875,247.89999389648438,42887,0.0,0.0
2023-03-24 15:30:00-04:00,248.05999755859375,249.14999389648438,248.0050048828125,248.85000610351562,74755,0.0,0.0
2023-03-27 09:30:00-04:00,251.42999267578125,252.01600646972656,249.6199951171875,250.48500061035156,0,0.0,0.0
2023-03-27 10:30:00-04:00,250.1999969482422,253.67999267578125,250.1999969482422,251.3350067138672,48665,0.0,0.0
2023-03-27 11:30:00-04:00,251.5,252.22000122070312,250.6300048828125,251.30999755859375,40044,0.0,0.0
2023-03-27 12:30:00-04:00,251.27499389648438,251.42689514160156,249.5800018310547,250.27999877929688,21101,0.0,0.0
2023-03-27 13:30:00-04:00,250.1300048828125,250.46499633789062,248.8300018310547,250.07000732421875,26370,0.0,0.0
2023-03-27 14:30:00-04:00,249.97500610351562,250.35000610351562,249.10000610351562,249.80999755859375,32832,0.0,0.0
2023-03-27 15:30:00-04:00,249.82000732421875,250.0399932861328,246.8000030517578,247.16000366210938,84346,0.0,0.0
2023-03-28 09:30:00-04:00,246.13999938964844,248.8372039794922,246.08999633789062,247.4250030517578,15547,0.0,0.0
2023-03-28 10:30:00-04:00,247.6699981689453,248.38999938964844,246.86000061035156,248.33999633789062,20185,0.0,0.0
2023-03-28 11:30:00-04:00,248.1699981689453,248.74000549316406,246.61000061035156,246.77000427246094,28383,0.0,0.0
2023-03-28 12:30:00-04:00,246.77000427246094,247.27000427246094,246.5399932861328,247.27000427246094,26835,0.0,0.0
2023-03-28 13:30:00-04:00,247.2949981689453,247.38999938964844,245.72000122070312,246.33999633789062,24272,0.0,0.0
2023-03-28 14:30:00-04:00,246.30999755859375,246.6699981689453,245.5800018310547,246.07000732421875,34736,0.0,0.0
2023-03-28 15:30:00-04:00,245.94000244140625,246.57000732421875,245.71499633789062,246.35000610351562,55589,0.0,0.0
2023-03-29 09:30:00-04:00,247.6199951171875,249.17250061035156,247.19000244140625,247.19000244140625,0,0.0,0.0
2023-03-29 10:30:00-04:00,247.80999755859375,248.5399932861328,247.22999572753906,247.96499633789062,22711,0.0,0.0
2023-03-29 11:30:00-04:00,248.0050048828125,248.06500244140625,246.9499969482422,247.47999572753906,29737,0.0,0.0
2023-03-29 12:30:00-04:00,247.53500366210938,247.8300018310547,247.13999938964844,247.7899932861328,22047,0.0,0.0
2023-03-29 13:30:00-04:00,247.72000122070312,247.80999755859375,246.3800048828125,246.69000244140625,28767,0.0,0.0
2023-03-29 14:30:00-04:00,246.7899932861328,247.3699951171875,245.9499969482422,246.9499969482422,75283,0.0,0.0
2023-03-29 15:30:00-04:00,246.9499969482422,247.19000244140625,246.2100067138672,246.3300018310547,47811,0.0,0.0
2023-03-30 09:30:00-04:00,248.9199981689453,248.9199981689453,247.50999450683594,247.75999450683594,13914,0.0,0.0
2023-03-30 10:30:00-04:00,248.05999755859375,248.74110412597656,247.61000061035156,248.74110412597656,15007,0.0,0.0
2023-03-30 11:30:00-04:00,248.77000427246094,249.75,248.69000244140625,249.50999450683594,25527,0.0,0.0
2023-03-30 12:30:00-04:00,249.25,249.72000122070312,249.0500030517578,249.25999450683594,15391,0.0,0.0
2023-03-30 13:30:00-04:00,249.2899932861328,250.5399932861328,249.24000549316406,250.1199951171875,20174,0.0,0.0
2023-03-30 14:30:00-04:00,250.1300048828125,250.19000244140625,249.22999572753906,249.36000061035156,32133,0.0,0.0
2023-03-30 15:30:00-04:00,249.44000244140625,249.80999755859375,248.77000427246094,248.9499969482422,53707,0.0,0.0
2023-03-31 09:30:00-04:00,250.0,252.22000122070312,249.13999938964844,249.72000122070312,0,0.0,0.0
2023-03-31 10:30:00-04:00,250.03500366210938,251.82000732421875,249.94000244140625,251.3800048828125,10955,0.0,0.0
2023-03-31 11:30:00-04:00,251.36000061035156,252.07000732421875,251.0500030517578,251.80999755859375,10232,0.0,0.0
2023-03-31 12:30:00-04:00,251.61500549316406,251.64999389648438,251.02999877929688,251.3300018310547,10445,0.0,0.0
2023-03-31 13:30:00-04:00,251.32000732421875,251.75999450683594,250.25999450683594,251.0449981689453,18176,0.0,0.0
2023-03-31 14:30:00-04:00,251.0800018310547,253.25,251.0800018310547,253.1199951171875,21052,0.0,0.0
2023-03-31 15:30:00-04:00,253.19000244140625,253.63999938964844,252.24000549316406,253.22999572753906,57545,0.0,0.0
2023-04-03 09:30:00-04:00,252.4199981689453,253.08999633789062,250.08999633789062,252.86500549316406,27925,0.0,0.0
2023-04-03 10:30:00-04:00,252.72000122070312,253.0,251.8300018310547,252.375,25816,0.0,0.0
2023-04-03 11:30:00-04:00,252.64999389648438,253.60000610351562,252.0449981689453,253.5800018310547,15828,0.0,0.0
2023-04-03 12:30:00-04:00,253.57000732421875,253.57000732421875,252.2100067138672,252.2899932861328,11996,0.0,0.0
2023-04-03 13:30:00-04:00,251.91000366210938,251.9600067138672,250.82249450683594,251.3000030517578,16295,0.0,0.0
2023-04-03 14:30:00-04:00,251.16000366210938,251.4250030517578,250.3249969482422,250.80499267578125,22732,0.0,0.0
2023-04-03 15:30:00-04:00,250.75,252.22000122070312,250.75,251.83999633789062,59861,0.0,0.0
2023-04-04 09:30:00-04:00,252.52000427246094,254.08999633789062,252.0050048828125,253.64999389648438,0,0.0,0.0
2023-04-04 10:30:00-04:00,253.75,255.0500030517578,253.1300048828125,253.52999877929688,19545,0.0,0.0
2023-04-04 11:30:00-04:00,253.0800018310547,254.5,253.0399932861328,254.3350067138672,10585,0.0,0.0
2023-04-04 12:30:00-04:00,254.57000732421875,255.9250030517578,254.35000610351562,255.9149932861328,16112,0.0,0.0
2023-04-04 13:30:00-04:00,255.55999755859375,256.17999267578125,254.88499450683594,254.88499450683594,15216,0.0,0.0
2023-04-04 14:30:00-04:00,254.8300018310547,256.4200134277344,254.8300018310547,256.2349853515625,18476,0.0,0.0
2023-04-04 15:30:00-04:00,256.19000244140625,256.3399963378906,255.8800048828125,256.1199951171875,40744,0.0,0.0
2023-04-05 09:30:00-04:00,256.17999267578125,258.04998779296875,254.13499450683594,257.79998779296875,14558,0.0,0.0
2023-04-05 10:30:00-04:00,257.94000244140625,259.8699951171875,257.55999755859375,259.8699951171875,26261,0.0,0.0
2023-04-05 11:30:00-04:00,259.8800048828125,261.1300048828125,259.739990234375,260.6449890136719,34988,0.0,0.0
2023-04-05 12:30:00-04:00,260.69000244140625,261.3800048828125,260.3900146484375,260.9800109863281,23273,0.0,0.0
2023-04-05 13:30:00-04:00,261.3800048828125,262.25,260.32000732421875,261.9750061035156,25649,0.0,0.0
2023-04-05 14:30:00-04:00,261.9750061035156,263.05999755859375,261.54998779296875,261.7149963378906,63463,0.0,0.0
2023-04-05 15:30:00-04:00,261.70001220703125,262.32000732421875,261.1300048828125,262.1700134277344,105456,0.0,0.0
2023-04-06 09:30:00-04:00,262.489990234375,264.75,260.4800109863281,262.0799865722656,49704,0.0,0.0
2023-04-06 10:30:00-04:00,262.1400146484375,262.7898864746094,259.1300048828125,259.69500732421875,32021,0.0,0.0
2023-04-06 11:30:00-04:00,259.5400085449219,261.2300109863281,259.0400085449219,260.9849853515625,36157,0.0,0.0
2023-04-06 12:30:00-04:00,260.9849853515625,262.9599914550781,260.9849853515625,261.8900146484375,40079,0.0,0.0
2023-04-06 13:30:00-04:00,262.2799987792969,262.2799987792969,261.3599853515625,261.94000244140625,23187,0.0,0.0
2023-04-06 14:30:00-04:00,262.1600036621094,262.5899963378906,260.9949951171875,261.45001220703125,37413,0.0,0.0
2023-04-06 15:30:00-04:00,261.3699951171875,262.67999267578125,261.3699951171875,262.6400146484375,61521,0.0,0.0
2023-04-10 09:30:00-04:00,260.6000061035156,262.6199951171875,259.5799865722656,261.9649963378906,20915,0.0,0.0
2023-04-10 10:30:00-04:00,261.6400146484375,262.364990234375,260.2799987792969,260.42999267578125,14464,0.0,0.0
2023-04-10 11:30:00-04:00,260.69000244140625,260.80999755859375,259.3450012207031,259.5799865722656,7262,0.0,0.0
2023-04-10 12:30:00-04:00,259.7699890136719,260.6499938964844,259.45001220703125,260.1199951171875,13682,0.0,0.0
2023-04-10 13:30:00-04:00,260.2950134277344,260.8900146484375,259.94000244140625,259.94000244140625,13076,0.0,0.0
2023-04-10 14:30:00-04:00,260.1650085449219,261.0299987792969,259.6600036621094,260.6700134277344,17769,0.0,0.0
2023-04-10 15:30:00-04:00,260.760009765625,261.6499938964844,260.6300048828125,261.54998779296875,38300,0.0,0.0
2023-04-11 09:30:00-04:00,262.9100036621094,266.5899963378906,261.4200134277344,266.5799865722656,16930,0.0,0.0
2023-04-11 10:30:00-04:00,266.5199890136719,266.5400085449219,265.2200012207031,265.5400085449219,12772,0.0,0.0
2023-04-11 11:30:00-04:00,265.55999755859375,266.57000732421875,264.67999267578125,266.57000732421875,18928,0.0,0.0
2023-04-11 12:30:00-04:00,266.6700134277344,267.19000244140625,266.20001220703125,266.760009765625,12889,0.0,0.0
2023-04-11 13:30:00-04:00,266.75,267.2200012207031,265.760009765625,265.9100036621094,27336,0.0,0.0
2023-04-11 14:30:00-04:00,266.1099853515625,266.260009765625,265.8699951171875,266.07000732421875,22945,0.0,0.0
2023-04-11 15:30:00-04:00,266.0199890136719,267.0199890136719,266.0199890136719,266.5199890136719,61429,0.0,0.0
2023-04-12 09:30:00-04:00,268.6499938964844,269.375,265.5799865722656,269.375,19104,0.0,0.0
2023-04-12 10:30:00-04:00,269.239990234375,269.239990234375,265.1600036621094,265.6400146484375,16182,0.0,0.0
2023-04-12 11:30:00-04:00,265.79998779296875,266.0899963378906,265.0400085449219,266.0899963378906,18864,0.0,0.0
2023-04-12 12:30:00-04:00,266.1199951171875,266.3800048828125,265.17498779296875,266.3800048828125,12743,0.0,0.0
2023-04-12 13:30:00-04:00,266.57000732421875,266.57000732421875,263.42999267578125,263.42999267578125,32034,0.0,0.0
2023-04-12 14:30:00-04:00,263.43499755859375,264.05999755859375,261.54998779296875,261.760009765625,40589,0.0,0.0
2023-04-12 15:30:00-04:00,261.7799987792969,262.20001220703125,260.7699890136719,261.69000244140625,68116,0.0,0.0
2023-04-13 09:30:00-04:00,263.32000732421875,265.07598876953125,260.8900146484375,264.7550048828125,11040,0.0,0.0
2023-04-13 10:30:00-04:00,264.5799865722656,264.5799865722656,261.1400146484375,261.2900085449219,22390,0.0,0.0
2023-04-13 11:30:00-04:00,261.32501220703125,261.989990234375,260.8699951171875,261.95001220703125,23061,0.0,0.0
2023-04-13 12:30:00-04:00,262.19500732421875,262.5150146484375,261.69000244140625,261.69000244140625,13267,0.0,0.0
2023-04-13 13:30:00-04:00,261.67999267578125,262.1099853515625,260.4200134277344,261.3450012207031,40678,0.0,0.0
2023-04-13 14:30:00-04:00,261.30999755859375,262.0400085449219,260.42999267578125,261.0199890136719,58722,0.0,0.0
2023-04-13 15:30:00-04:00,260.8999938964844,262.80999755859375,260.8999938964844,262.79998779296875,49966,0.0,0.0
2023-04-14 09:30:00-04:00,262.3900146484375,263.3399963378906,260.44000244140625,262.9949951171875,11867,0.0,0.0
2023-04-14 10:30:00-04:00,263.4049987792969,264.17999267578125,263.20001220703125,263.3800048828125,20603,0.0,0.0
2023-04-14 11:30:00-04:00,263.44000244140625,264.7699890136719,263.4100036621094,264.7699890136719,12553,0.0,0.0
2023-04-14 12:30:00-04:00,264.57000732421875,264.6724853515625,263.8999938964844,264.1499938964844,13765,0.0,0.0
2023-04-14 13:30:00-04:00,263.9700012207031,264.44000244140625,263.4800109863281,264.44000244140625,11793,0.0,0.0
2023-04-14 14:30:00-04:00,264.5,264.6400146484375,263.3699951171875,264.0400085449219,14491,0.0,0.0
2023-04-14 15:30:00-04:00,264.0799865722656,264.5400085449219,263.82000732421875,263.82000732421875,42099,0.0,0.0
2023-04-17 09:30:00-04:00,264.3900146484375,264.3900146484375,260.6600036621094,261.67999267578125,9646,0.0,0.0
2023-04-17 10:30:00-04:00,262.1199951171875,262.5299987792969,259.625,259.67999267578125,17883,0.0,0.0
2023-04-17 11:30:00-04:00,259.8399963378906,259.8399963378906,257.9100036621094,258.69000244140625,37585,0.0,0.0
2023-04-17 12:30:00-04:00,258.5350036621094,259.8699951171875,258.25,259.1000061035156,29665,0.0,0.0
2023-04-17 13:30:00-04:00,259.2699890136719,260.6199951171875,259.125,260.32000732421875,25556,0.0,0.0
2023-04-17 14:30:00-04:00,260.38250732421875,262.4100036621094,260.38250732421875,261.3550109863281,29071,0.0,0.0
2023-04-17 15:30:00-04:00,261.19000244140625,261.4800109863281,260.3699951171875,260.739990234375,43001,0.0,0.0
2023-04-18 09:30:00-04:00,261.9599914550781,262.1000061035156,259.6099853515625,261.260009765625,15250,0.0,0.0
2023-04-18 10:30:00-04:00,261.0899963378906,263.0799865722656,261.010009765625,261.45001220703125,34444,0.0,0.0
2023-04-18 11:30:00-04:00,261.2699890136719,261.2699890136719,260.1400146484375,260.3450012207031,13396,0.0,0.0
2023-04-18 12:30:00-04:00,260.3399963378906,260.3999938964844,258.4200134277344,258.44000244140625,18516,0.0,0.0
2023-04-18 13:30:00-04:00,258.32000732421875,258.9800109863281,258.1199951171875,258.45001220703125,33258,0.0,0.0
2023-04-18 14:30:00-04:00,258.39990234375,259.4150085449219,258.2699890136719,259.1075134277344,32525,0.0,0.0
2023-04-18 15:30:00-04:00,258.989990234375,259.80999755859375,258.3800048828125,259.760009765625,49398,0.0,0.0
2023-04-19 09:30:00-04:00,258.760009765625,269.4750061035156,257.9800109863281,267.80999755859375,94588,0.0,0.0
2023-04-19 10:30:00-04:00,267.989990234375,268.3900146484375,266.6000061035156,267.32000732421875,56813,0.0,0.0
2023-04-19 11:30:00-04:00,267.3900146484375,268.5299987792969,266.7799987792969,268.3900146484375,26814,0.0,0.0
2023-04-19 12:30:00-04:00,268.25,268.989990234375,267.79998779296875,268.0450134277344,28480,0.0,0.0
2023-04-19 13:30:00-04:00,268.1400146484375,269.44000244140625,268.1199951171875,268.3599853515625,33548,0.0,0.0
2023-04-19 14:30:00-04:00,268.3299865722656,268.8500061035156,267.989990234375,268.114990234375,63514,0.0,0.0
2023-04-19 15:30:00-04:00,268.0199890136719,268.75,266.9750061035156,268.3999938964844,113006,0.0,0.0
2023-04-20 09:30:00-04:00,267.5400085449219,268.2200012207031,264.19000244140625,268.1400146484375,19323,0.0,0.0
2023-04-20 10:30:00-04:00,267.9200134277344,267.9200134277344,265.95001220703125,266.6099853515625,15922,0.0,0.0
2023-04-20 11:30:00-04:00,266.69000244140625,267.0299987792969,265.69500732421875,266.1600036621094,14004,0.0,0.0
2023-04-20 12:30:00-04:00,266.3999938964844,267.8399963378906,266.3999938964844,267.4200134277344,22206,0.0,0.0
2023-04-20 13:30:00-04:00,267.4200134277344,268.19000244140625,266.9049987792969,267.69000244140625,67633,0.0,0.0
2023-04-20 14:30:00-04:00,267.6300048828125,267.6499938964844,265.92999267578125,266.2900085449219,47935,0.0,0.0
2023-04-20 15:30:00-04:00,266.2749938964844,267.7900085449219,266.1499938964844,267.5400085449219,69720,0.0,0.0
2023-04-21 09:30:00-04:00,268.8699951171875,271.30999755859375,268.8699951171875,269.82501220703125,25218,0.0,0.0
2023-04-21 10:30:00-04:00,269.9849853515625,270.3299865722656,268.7900085449219,269.32000732421875,31111,0.0,0.0
2023-04-21 11:30:00-04:00,269.0400085449219,269.3699951171875,268.3599853515625,269.19000244140625,24328,0.0,0.0
2023-04-21 12:30:00-04:00,269.2300109863281,269.6300048828125,268.8800048828125,269.0400085449219,14344,0.0,0.0
2023-04-21 13:30:00-04:00,269.19000244140625,269.8399963378906,268.5899963378906,269.32000732421875,21966,0.0,0.0
2023-04-21 14:30:00-04:00,269.4200134277344,269.7900085449219,269.0299987792969,269.5199890136719,35428,0.0,0.0
2023-04-21 15:30:00-04:00,269.5199890136719,269.7799987792969,268.7200012207031,269.1400146484375,71669,0.0,0.0
2023-04-24 09:30:00-04:00,270.2799987792969,273.0,269.0799865722656,272.9150085449219,25665,0.0,0.0
2023-04-24 10:30:00-04:00,273.2200012207031,273.2300109863281,271.0,271.17498779296875,16174,0.0,0.0
2023-04-24 11:30:00-04:00,271.17999267578125,271.6506042480469,271.17999267578125,271.489990234375,14365,0.0,0.0
2023-04-24 12:30:00-04:00,271.5199890136719,271.70001220703125,270.239990234375,270.4549865722656,8660,0.0,0.0
2023-04-24 13:30:00-04:00,270.375,270.6199951171875,269.510009765625,269.510009765625,15273,0.0,0.0
2023-04-24 14:30:00-04:00,269.4700012207031,270.20001220703125,269.05999755859375,269.54998779296875,14575,0.0,0.0
2023-04-24 15:30:00-04:00,269.80999755859375,269.8800048828125,268.92999267578125,269.32000732421875,41607,0.0,0.0
2023-04-25 09:30:00-04:00,267.7300109863281,269.19000244140625,267.5,268.5799865722656,10987,0.0,0.0
2023-04-25 10:30:00-04:00,268.5799865722656,270.1700134277344,268.5799865722656,269.8800048828125,15027,0.0,0.0
2023-04-25 11:30:00-04:00,269.7099914550781,269.7099914550781,269.2699890136719,269.4700012207031,9003,0.0,0.0
2023-04-25 12:30:00-04:00,269.2799987792969,269.8299865722656,268.55499267578125,268.9599914550781,13343,0.0,0.0
2023-04-25 13:30:00-04:00,268.9599914550781,269.1650085449219,268.4599914550781,269.1650085449219,16155,0.0,0.0
2023-04-25 14:30:00-04:00,269.0,269.2900085449219,267.80999755859375,268.6050109863281,24428,0.0,0.0
2023-04-25 15:30:00-04:00,268.6499938964844,268.7200012207031,267.9750061035156,268.2200012207031,41851,0.0,0.0
2023-04-26 09:30:00-04:00,263.0299987792969,264.94000244140625,261.6600036621094,263.4599914550781,25115,0.0,0.0
2023-04-26 10:30:00-04:00,263.635009765625,264.8699951171875,263.0299987792969,264.69000244140625,31716,0.0,0.0
2023-04-26 11:30:00-04:00,264.80999755859375,266.1099853515625,264.6549987792969,265.1099853515625,44755,0.0,0.0
2023-04-26 12:30:00-04:00,265.0299987792969,265.19000244140625,264.0050048828125,265.1099853515625,15427,0.0,0.0
2023-04-26 13:30:00-04:00,264.989990234375,266.3699951171875,264.7049865722656,266.3699951171875,74076,0.0,0.0
2023-04-26 14:30:00-04:00,266.3399963378906,266.3999938964844,264.8399963378906,265.5299987792969,27103,0.0,0.0
2023-04-26 15:30:00-04:00,265.7799987792969,266.17999267578125,265.17999267578125,265.67999267578125,67505,0.0,0.0
2023-04-27 09:30:00-04:00,264.8299865722656,266.82000732421875,264.70001220703125,265.82000732421875,18968,0.0,0.0
2023-04-27 10:30:00-04:00,265.9100036621094,266.0299987792969,263.67999267578125,263.9200134277344,17696,0.0,0.0
2023-04-27 11:30:00-04:00,264.739990234375,266.6300048828125,264.739990234375,266.5899963378906,8890,0.0,0.0
2023-04-27 12:30:00-04:00,266.4949951171875,267.92999267578125,266.44000244140625,267.4599914550781,17046,0.0,0.0
2023-04-27 13:30:00-04:00,267.2099914550781,267.677490234375,267.1700134277344,267.55999755859375,24046,0.0,0.0
2023-04-27 14:30:00-04:00,267.7799987792969,269.8550109863281,267.7799987792969,268.3800048828125,28187,0.0,0.0
2023-04-27 15:30:00-04:00,268.3599853515625,268.9800109863281,267.5400085449219,268.75,54748,0.0,0.0
2023-04-28 09:30:00-04:00,269.25,271.5,269.25,271.489990234375,13798,0.0,0.0
2023-04-28 10:30:00-04:00,271.67999267578125,271.989990234375,270.419189453125,271.8299865722656,16395,0.0,0.0
2023-04-28 11:30:00-04:00,272.0199890136719,274.0249938964844,272.0199890136719,273.1000061035156,21204,0.0,0.0
2023-04-28 12:30:00-04:00,273.0400085449219,273.67999267578125,271.9200134277344,272.0,36149,0.0,0.0
2023-04-28 13:30:00-04:00,271.82000732421875,272.3399963378906,271.42498779296875,271.989990234375,28181,0.0,0.0
2023-04-28 14:30:00-04:00,272.1300048828125,272.8500061035156,271.4849853515625,272.135009765625,34408,0.0,0.0
2023-04-28 15:30:00-04:00,272.2799987792969,272.9800109863281,271.8599853515625,272.5400085449219,55159,0.0,0.0
2023-05-01 09:30:00-04:00,271.5,275.2699890136719,271.0899963378906,273.8550109863281,36509,0.0,0.0
2023-05-01 10:30:00-04:00,273.9599914550781,275.44000244140625,273.44500732421875,274.2550048828125,25163,0.0,0.0
2023-05-01 11:30:00-04:00,273.8800048828125,276.20001220703125,273.8599853515625,275.3550109863281,36960,0.0,0.0
2023-05-01 12:30:00-04:00,275.5299987792969,275.92999267578125,275.510009765625,275.8599853515625,19397,0.0,0.0
2023-05-01 13:30:00-04:00,275.7799987792969,275.9100036621094,274.25,274.69500732421875,25441,0.0,0.0
2023-05-01 14:30:00-04:00,274.6700134277344,274.6700134277344,273.510009765625,274.1400146484375,26450,0.0,0.0
2023-05-01 15:30:00-04:00,274.2300109863281,275.2699890136719,274.0,274.0199890136719,64916,0.0,0.0
2023-05-02 09:30:00-04:00,273.6700134277344,275.6400146484375,271.7149963378906,272.385009765625,20049,0.0,0.0
2023-05-02 10:30:00-04:00,272.3599853515625,272.9599914550781,269.70001220703125,269.9200134277344,27889,0.0,0.0
2023-05-02 11:30:00-04:00,270.2200012207031,271.3999938964844,270.0050048828125,271.3900146484375,25681,0.0,0.0
2023-05-02 12:30:00-04:00,271.3900146484375,272.1099853515625,269.94000244140625,270.3349914550781,52316,0.0,0.0
2023-05-02 13:30:00-04:00,270.2099914550781,270.3800048828125,268.1700134277344,269.1499938964844,36358,0.0,0.0
2023-05-02 14:30:00-04:00,269.2250061035156,270.3699951171875,268.69000244140625,269.19000244140625,33706,0.0,0.0
2023-05-02 15:30:00-04:00,269.1600036621094,269.69000244140625,268.6000061035156,268.7799987792969,61734,0.0,0.0
2023-05-03 09:30:00-04:00,271.1199951171875,273.17999267578125,270.3900146484375,271.92999267578125,35416,0.0,0.0
2023-05-03 10:30:00-04:00,272.20001220703125,272.4200134277344,268.4700012207031,269.010009765625,49725,0.0,0.0
2023-05-03 11:30:00-04:00,269.4599914550781,272.1400146484375,269.4599914550781,271.95001220703125,29732,0.0,0.0
2023-05-03 12:30:00-04:00,272.0,274.0,271.739990234375,274.0,20906,0.0,0.0
2023-05-03 13:30:00-04:00,274.1700134277344,276.42999267578125,274.1000061035156,274.8500061035156,57387,0.0,0.0
2023-05-03 14:30:00-04:00,274.9800109863281,275.3800048828125,270.75,270.75,75753,0.0,0.0
2023-05-03 15:30:00-04:00,270.5899963378906,272.2900085449219,269.8599853515625,272.2900085449219,125618,0.0,0.0
2023-05-04 09:30:00-04:00,261.0,261.0,244.47000122070312,253.10000610351562,169057,0.0,0.0
2023-05-04 10:30:00-04:00,252.69000244140625,255.4600067138672,251.0800018310547,251.42010498046875,117250,0.0,0.0
2023-05-04 11:30:00-04:00,251.625,254.8350067138672,251.18499755859375,252.08999633789062,95702,0.0,0.0
2023-05-04 12:30:00-04:00,251.83999633789062,252.01499938964844,249.07000732421875,251.80499267578125,89248,0.0,0.0
2023-05-04 13:30:00-04:00,252.0,252.00999450683594,248.68499755859375,248.9949951171875,58697,0.0,0.0
2023-05-04 14:30:00-04:00,248.8699951171875,249.36000061035156,247.74000549316406,248.0574951171875,92237,0.0,0.0
2023-05-04 15:30:00-04:00,248.07000732421875,250.02000427246094,247.8699951171875,248.61000061035156,222420,0.0,0.0
2023-05-05 09:30:00-04:00,250.97999572753906,255.27999877929688,250.82000732421875,254.02499389648438,54182,0.0,0.0
2023-05-05 10:30:00-04:00,254.0850067138672,256.364990234375,253.72999572753906,255.67999267578125,48705,0.0,0.0
2023-05-05 11:30:00-04:00,255.66000366210938,255.66000366210938,254.2449951171875,254.5574951171875,54253,0.0,0.0
2023-05-05 12:30:00-04:00,254.4600067138672,257.489990234375,254.38999938964844,255.67999267578125,53790,0.0,0.0
2023-05-05 13:30:00-04:00,255.38999938964844,257.07000732421875,255.24000549316406,257.05999755859375,33056,0.0,0.0
2023-05-05 14:30:00-04:00,257.0450134277344,257.6300048828125,256.4800109863281,257.14898681640625,51477,0.0,0.0
2023-05-05 15:30:00-04:00,257.2300109863281,258.31500244140625,256.9800109863281,257.9599914550781,102858,0.0,0.0
2023-05-08 09:30:00-04:00,256.8500061035156,258.0799865722656,249.8000030517578,249.8300018310547,56208,0.0,0.0
2023-05-08 10:30:00-04:00,250.19000244140625,251.99000549316406,249.22500610351562,251.99000549316406,49286,0.0,0.0
2023-05-08 11:30:00-04:00,251.74000549316406,254.38999938964844,251.4600067138672,254.38999938964844,36030,0.0,0.0
2023-05-08 12:30:00-04:00,254.3800048828125,255.25999450683594,253.98500061035156,255.2449951171875,23676,0.0,0.0
2023-05-08 13:30:00-04:00,255.10000610351562,256.6499938964844,254.91000366210938,256.1300048828125,41125,0.0,0.0
2023-05-08 14:30:00-04:00,256.2799987792969,257.2099914550781,255.9499969482422,256.82501220703125,53225,0.0,0.0
2023-05-08 15:30:00-04:00,256.9599914550781,259.5299987792969,256.8763122558594,259.239990234375,117317,0.0,0.0
2023-05-09 09:30:00-04:00,258.739990234375,258.739990234375,254.9949951171875,255.41000366210938,0,0.0,0.0
2023-05-09 10:30:00-04:00,254.78500366210938,255.30999755859375,253.63999938964844,254.61500549316406,32216,0.0,0.0
2023-05-09 11:30:00-04:00,254.91000366210938,256.375,254.63499450683594,256.2699890136719,27301,0.0,0.0
2023-05-09 12:30:00-04:00,256.1499938964844,256.1499938964844,251.89999389648438,251.91000366210938,46657,0.0,0.0
2023-05-09 13:30:00-04:00,251.9199981689453,253.27000427246094,251.4250030517578,252.13999938964844,54470,0.0,0.0
2023-05-09 14:30:00-04:00,252.38999938964844,252.58999633789062,251.3000030517578,252.5,36546,0.0,0.0
2023-05-09 15:30:00-04:00,252.58999633789062,252.88999938964844,251.0399932861328,252.02000427246094,89364,0.0,0.0
2023-05-10 09:30:00-04:00,253.0,253.0,247.35499572753906,248.2899932861328,30137,0.0,0.0
2023-05-10 10:30:00-04:00,248.2100067138672,248.35000610351562,244.6999969482422,245.0850067138672,41052,0.0,0.0
2023-05-10 11:30:00-04:00,244.97999572753906,248.1199951171875,244.97999572753906,248.1199951171875,24733,0.0,0.0
2023-05-10 12:30:00-04:00,248.1199951171875,248.80499267578125,246.7100067138672,246.88499450683594,28451,0.0,0.0
2023-05-10 13:30:00-04:00,246.9199981689453,247.16000366210938,246.27999877929688,246.85000610351562,25152,0.0,0.0
2023-05-10 14:30:00-04:00,246.8699951171875,248.93499755859375,246.8350067138672,248.60000610351562,35682,0.0,0.0
2023-05-10 15:30:00-04:00,248.52999877929688,249.60000610351562,248.52999877929688,249.39999389648438,57379,0.0,0.0
2023-05-11 09:30:00-04:00,248.55999755859375,249.61000061035156,246.36000061035156,246.36000061035156,18523,0.0,0.0
2023-05-11 10:30:00-04:00,246.22000122070312,247.1699981689453,245.13999938964844,246.75,43138,0.0,0.0
2023-05-11 11:30:00-04:00,246.99000549316406,247.6699981689453,246.3699951171875,247.61000061035156,17917,0.0,0.0
2023-05-11 12:30:00-04:00,247.52000427246094,247.52000427246094,246.88999938964844,247.22999572753906,9289,0.0,0.0
2023-05-11 13:30:00-04:00,247.0800018310547,247.3699951171875,246.6999969482422,246.90750122070312,15728,0.0,0.0
2023-05-11 14:30:00-04:00,247.0399932861328,248.5399932861328,246.9425048828125,248.3800048828125,26743,0.0,0.0
2023-05-11 15:30:00-04:00,248.3699951171875,249.92999267578125,247.92999267578125,249.69000244140625,51660,0.0,0.0
2023-05-12 09:30:00-04:00,249.4499969482422,251.1300048828125,247.66000366210938,248.82000732421875,18795,0.0,0.0
2023-05-12 10:30:00-04:00,248.6750030517578,249.32000732421875,248.3300018310547,249.25,17825,0.0,0.0
2023-05-12 11:30:00-04:00,249.32000732421875,249.47999572753906,248.34500122070312,248.82000732421875,20780,0.0,0.0
2023-05-12 12:30:00-04:00,248.8800048828125,249.63999938964844,248.3300018310547,249.3800048828125,17966,0.0,0.0
2023-05-12 13:30:00-04:00,249.2949981689453,249.55999755859375,248.4499969482422,248.9600067138672,29367,0.0,0.0
2023-05-12 14:30:00-04:00,248.7899932861328,249.125,248.44500732421875,248.86000061035156,24760,0.0,0.0
2023-05-12 15:30:00-04:00,248.89500427246094,249.9600067138672,248.89500427246094,249.6300048828125,73048,0.0,0.0
2023-05-15 09:30:00-04:00,250.10000610351562,250.10000610351562,248.30999755859375,249.1199951171875,11574,0.0,0.0
2023-05-15 10:30:00-04:00,249.7550048828125,250.6999969482422,249.5500030517578,249.7100067138672,9627,0.0,0.0
2023-05-15 11:30:00-04:00,249.66000366210938,249.875,249.19000244140625,249.3000030517578,8279,0.0,0.0
2023-05-15 12:30:00-04:00,249.07000732421875,250.16000366210938,249.07000732421875,249.6999969482422,8513,0.0,0.0
2023-05-15 13:30:00-04:00,249.3300018310547,249.3300018310547,248.14500427246094,248.39999389648438,15891,0.0,0.0
2023-05-15 14:30:00-04:00,248.67999267578125,248.82000732421875,248.16000366210938,248.22000122070312,16623,0.0,0.0
2023-05-15 15:30:00-04:00,248.10499572753906,248.5800018310547,247.88499450683594,248.38999938964844,48484,0.0,0.0
2023-05-16 09:30:00-04:00,246.75999450683594,248.3699951171875,246.4949951171875,247.8000030517578,16142,0.0,0.0
2023-05-16 10:30:00-04:00,247.9949951171875,248.05999755859375,247.3000030517578,247.4499969482422,7249,0.0,0.0
2023-05-16 11:30:00-04:00,247.3699951171875,247.75999450683594,246.55999755859375,246.94000244140625,22613,0.0,0.0
2023-05-16 12:30:00-04:00,246.89999389648438,247.89999389648438,246.89999389648438,247.0500030517578,13325,0.0,0.0
2023-05-16 13:30:00-04:00,246.8300018310547,246.9199981689453,245.72000122070312,246.27999877929688,23737,0.0,0.0
2023-05-16 14:30:00-04:00,246.11000061035156,247.02999877929688,246.11000061035156,246.7899932861328,15602,0.0,0.0
2023-05-16 15:30:00-04:00,246.82000732421875,247.69000244140625,246.47999572753906,246.75999450683594,58169,0.0,0.0
2023-05-17 09:30:00-04:00,247.4499969482422,247.4499969482422,241.68499755859375,242.6699981689453,21572,0.0,0.0
2023-05-17 10:30:00-04:00,242.7100067138672,243.25,241.8800048828125,242.1699981689453,19753,0.0,0.0
2023-05-17 11:30:00-04:00,242.66000366210938,244.00999450683594,242.55999755859375,243.38999938964844,14812,0.0,0.0
2023-05-17 12:30:00-04:00,243.47000122070312,244.35000610351562,243.1300048828125,244.35000610351562,19117,0.0,0.0
2023-05-17 13:30:00-04:00,244.4499969482422,244.92999267578125,243.97000122070312,243.97000122070312,20375,0.0,0.0
2023-05-17 14:30:00-04:00,243.94500732421875,245.1300048828125,243.63999938964844,244.69500732421875,17230,0.0,0.0
2023-05-17 15:30:00-04:00,244.8800048828125,245.67999267578125,244.6999969482422,245.49000549316406,45831,0.0,0.0
2023-05-18 09:30:00-04:00,245.8800048828125,246.07000732421875,243.02000427246094,244.7949981689453,12574,0.0,0.0
2023-05-18 10:30:00-04:00,244.7100067138672,246.36000061035156,244.7100067138672,244.80999755859375,13648,0.0,0.0
2023-05-18 11:30:00-04:00,244.83999633789062,245.61000061035156,244.22000122070312,244.42999267578125,12612,0.0,0.0
2023-05-18 12:30:00-04:00,244.3300018310547,245.11000061035156,244.17999267578125,244.7050018310547,10555,0.0,0.0
2023-05-18 13:30:00-04:00,244.2100067138672,245.11000061035156,243.5500030517578,245.11000061035156,12581,0.0,0.0
2023-05-18 14:30:00-04:00,245.3300018310547,245.33999633789062,244.25,244.63999938964844,21420,0.0,0.0
2023-05-18 15:30:00-04:00,244.77999877929688,246.0800018310547,244.63999938964844,245.1199951171875,69765,0.0,0.0
2023-05-19 09:30:00-04:00,246.3300018310547,247.58999633789062,245.97999572753906,245.97999572753906,13522,0.0,0.0
2023-05-19 10:30:00-04:00,245.97999572753906,246.60000610351562,244.88999938964844,244.88999938964844,14233,0.0,0.0
2023-05-19 11:30:00-04:00,244.6999969482422,244.97999572753906,243.7449951171875,243.7449951171875,13357,0.0,0.0
2023-05-19 12:30:00-04:00,243.51499938964844,244.2899932861328,243.44000244140625,244.2100067138672,12219,0.0,0.0
2023-05-19 13:30:00-04:00,243.9600067138672,244.07000732421875,243.46499633789062,243.58999633789062,11220,0.0,0.0
2023-05-19 14:30:00-04:00,243.60000610351562,244.39999389648438,243.38999938964844,243.38999938964844,21044,0.0,0.0
2023-05-19 15:30:00-04:00,243.50999450683594,244.0399932861328,243.1199951171875,243.75,44192,0.0,0.0
2023-05-22 09:30:00-04:00,243.61000061035156,246.3800048828125,243.39999389648438,246.3800048828125,14311,0.0,0.0
2023-05-22 10:30:00-04:00,246.10000610351562,246.9600067138672,245.9499969482422,246.5,20480,0.0,0.0
2023-05-22 11:30:00-04:00,246.52499389648438,246.85000610351562,246.25999450683594,246.5399932861328,13404,0.0,0.0
2023-05-22 12:30:00-04:00,246.5800018310547,246.72999572753906,245.30999755859375,245.30999755859375,10471,0.0,0.0
2023-05-22 13:30:00-04:00,245.74000549316406,246.53250122070312,245.74000549316406,246.39999389648438,14727,0.0,0.0
2023-05-22 14:30:00-04:00,246.30999755859375,247.0500030517578,245.83999633789062,245.83999633789062,18481,0.0,0.0
2023-05-22 15:30:00-04:00,245.84849548339844,246.0050048828125,244.9499969482422,245.33999633789062,38261,0.0,0.0
2023-05-23 09:30:00-04:00,243.7899932861328,244.63499450683594,241.72999572753906,242.6300048828125,8147,0.0,0.0
2023-05-23 10:30:00-04:00,242.74000549316406,242.81500244140625,241.57000732421875,241.57000732421875,10681,0.0,0.0
2023-05-23 11:30:00-04:00,241.7274932861328,242.3699951171875,238.86000061035156,239.5399932861328,13196,0.0,0.0
2023-05-23 12:30:00-04:00,239.32000732421875,239.3800048828125,236.5500030517578,236.9199981689453,14029,0.0,0.0
2023-05-23 13:30:00-04:00,236.67999267578125,239.28500366210938,236.5800018310547,238.24000549316406,31512,0.0,0.0
2023-05-23 14:30:00-04:00,238.10000610351562,238.91000366210938,237.44000244140625,238.16000366210938,16524,0.0,0.0
2023-05-23 15:30:00-04:00,238.3000030517578,238.51499938964844,236.9149932861328,237.27000427246094,54208,0.0,0.0
2023-05-24 09:30:00-04:00,235.80999755859375,235.80999755859375,233.60000610351562,235.0,13426,0.0,0.0
2023-05-24 10:30:00-04:00,234.9550018310547,235.12869262695312,233.01400756835938,233.4600067138672,16101,0.0,0.0
2023-05-24 11:30:00-04:00,233.41000366210938,233.77000427246094,232.93499755859375,233.52499389648438,18216,0.0,0.0
2023-05-24 12:30:00-04:00,233.4949951171875,234.4600067138672,233.4949951171875,233.72000122070312,15899,0.0,0.0
2023-05-24 13:30:00-04:00,233.47000122070312,234.07000732421875,233.00999450683594,233.05999755859375,17335,0.0,0.0
2023-05-24 14:30:00-04:00,232.9199981689453,234.17999267578125,232.5749969482422,233.9199981689453,27944,0.0,0.0
2023-05-24 15:30:00-04:00,234.11000061035156,234.5449981689453,232.8300018310547,233.10000610351562,55734,0.0,0.0
2023-05-25 09:30:00-04:00,231.1999969482422,231.1999969482422,227.93499755859375,230.57000732421875,19105,0.0,0.0
2023-05-25 10:30:00-04:00,230.77000427246094,231.38999938964844,230.11500549316406,230.11749267578125,18321,0.0,0.0
2023-05-25 11:30:00-04:00,230.33999633789062,230.82000732421875,229.7100067138672,230.36000061035156,20020,0.0,0.0
2023-05-25 12:30:00-04:00,229.5,230.64999389648438,229.36000061035156,230.64999389648438,22339,0.0,0.0
2023-05-25 13:30:00-04:00,230.80999755859375,232.3300018310547,230.77000427246094,232.3000030517578,22373,0.0,0.0
2023-05-25 14:30:00-04:00,232.33999633789062,232.50999450683594,231.14999389648438,231.97000122070312,25138,0.0,0.0
2023-05-25 15:30:00-04:00,232.07000732421875,233.42999267578125,232.0399932861328,233.1999969482422,79865,0.0,0.0
2023-05-26 09:30:00-04:00,233.80999755859375,235.33999633789062,232.05499267578125,234.4499969482422,0,0.0,0.0
2023-05-26 10:30:00-04:00,234.22999572753906,234.64999389648438,232.88999938964844,232.88999938964844,24868,0.0,0.0
2023-05-26 11:30:00-04:00,232.63999938964844,234.17999267578125,232.63999938964844,234.1300048828125,15637,0.0,0.0
2023-05-26 12:30:00-04:00,234.19000244140625,234.5500030517578,233.60000610351562,233.6699981689453,17360,0.0,0.0
2023-05-26 13:30:00-04:00,233.38999938964844,233.88999938964844,231.9600067138672,232.68870544433594,20997,0.0,0.0
2023-05-26 14:30:00-04:00,232.55999755859375,232.74000549316406,232.05999755859375,232.05999755859375,15348,0.0,0.0
2023-05-26 15:30:00-04:00,231.97999572753906,233.08580017089844,231.9199981689453,232.42999267578125,46428,0.0,0.0
2023-05-30 09:30:00-04:00,232.2899932861328,234.4499969482422,232.2899932861328,233.22999572753906,10398,0.0,0.0
2023-05-30 10:30:00-04:00,233.50999450683594,233.72999572753906,232.8000030517578,233.3000030517578,14588,0.0,0.0
2023-05-30 11:30:00-04:00,233.58999633789062,233.8300018310547,232.42999267578125,232.42999267578125,8499,0.0,0.0
2023-05-30 12:30:00-04:00,232.41000366210938,232.5,231.71499633789062,231.77000427246094,10345,0.0,0.0
2023-05-30 13:30:00-04:00,231.72999572753906,232.49000549316406,230.860107421875,232.0,26194,0.0,0.0
2023-05-30 14:30:00-04:00,231.97000122070312,232.36000061035156,231.50999450683594,231.79649353027344,27333,0.0,0.0
2023-05-30 15:30:00-04:00,231.74000549316406,232.43499755859375,231.74000549316406,232.11000061035156,39976,0.0,0.0
2023-05-31 09:30:00-04:00,231.88999938964844,232.10000610351562,231.14419555664062,231.65499877929688,17368,0.0,0.0
2023-05-31 10:30:00-04:00,231.6699981689453,232.91000366210938,231.19000244140625,232.30999755859375,27435,0.0,0.0
2023-05-31 11:30:00-04:00,232.6699981689453,233.94000244140625,232.41000366210938,233.94000244140625,24642,0.0,0.0
2023-05-31 12:30:00-04:00,233.8800048828125,234.74000549316406,233.32000732421875,233.32000732421875,23551,0.0,0.0
2023-05-31 13:30:00-04:00,233.25,234.0800018310547,232.64999389648438,233.7550048828125,34326,0.0,0.0
2023-05-31 14:30:00-04:00,233.76499938964844,234.91000366210938,233.76499938964844,234.83999633789062,43666,0.0,0.0
2023-05-31 15:30:00-04:00,234.83999633789062,236.49000549316406,234.36000061035156,234.6999969482422,101526,0.0,0.0
2023-06-01 09:30:00-04:00,234.67999267578125,235.82000732421875,230.38999938964844,234.7899932861328,36092,0.0,0.0
2023-06-01 10:30:00-04:00,234.59500122070312,234.59500122070312,233.39500427246094,233.66000366210938,18124,0.0,0.0
2023-06-01 11:30:00-04:00,233.61000061035156,234.11000061035156,232.25,232.9199981689453,20317,0.0,0.0
2023-06-01 12:30:00-04:00,233.19000244140625,233.6300048828125,232.22000122070312,232.22000122070312,24899,0.0,0.0
2023-06-01 13:30:00-04:00,232.60000610351562,233.1199951171875,232.19000244140625,232.57000732421875,16883,0.0,0.0
2023-06-01 14:30:00-04:00,232.5500030517578,234.75,232.5500030517578,234.27000427246094,32287,0.0,0.0
2023-06-01 15:30:00-04:00,234.1699981689453,234.21499633789062,233.31500244140625,233.77000427246094,57761,0.0,0.0
2023-06-02 09:30:00-04:00,234.83999633789062,235.5980987548828,233.4250030517578,234.8000030517578,16232,0.0,0.0
2023-06-02 10:30:00-04:00,235.1300048828125,235.41000366210938,234.42999267578125,235.0399932861328,18166,0.0,0.0
2023-06-02 11:30:00-04:00,235.10499572753906,235.14999389648438,234.5749969482422,235.0,23001,0.0,0.0
2023-06-02 12:30:00-04:00,234.9600067138672,235.1300048828125,234.60000610351562,234.88499450683594,14787,0.0,0.0
2023-06-02 13:30:00-04:00,234.8925018310547,236.4199981689453,234.88499450683594,236.09500122070312,35643,0.0,0.0
2023-06-02 14:30:00-04:00,236.09500122070312,236.58999633789062,235.72000122070312,236.07000732421875,36541,0.0,0.0
2023-06-02 15:30:00-04:00,236.11000061035156,236.58999633789062,235.85000610351562,236.47000122070312,125363,0.0,0.0
2023-06-05 09:30:00-04:00,236.3800048828125,237.81500244140625,234.4499969482422,235.94500732421875,16326,0.0,0.0
2023-06-05 10:30:00-04:00,235.8800048828125,236.75,235.65719604492188,236.0,17245,0.0,0.0
2023-06-05 11:30:00-04:00,236.25,238.3800048828125,236.25,238.3800048828125,53747,0.0,0.0
2023-06-05 12:30:00-04:00,239.0399932861328,239.69000244140625,238.9600067138672,239.6649932861328,17943,0.0,0.0
2023-06-05 13:30:00-04:00,239.44500732421875,239.7899932861328,239.33999633789062,239.52999877929688,38407,0.0,0.0
2023-06-05 14:30:00-04:00,239.51499938964844,239.89500427246094,239.07000732421875,239.67999267578125,32357,0.0,0.0
2023-06-05 15:30:00-04:00,239.67999267578125,240.64999389648438,239.65499877929688,240.64999389648438,67344,0.0,0.0
2023-06-06 09:30:00-04:00,240.58999633789062,242.69000244140625,234.39999389648438,237.47549438476562,36895,0.0,0.0
2023-06-06 10:30:00-04:00,237.60000610351562,238.72000122070312,236.35000610351562,236.52999877929688,33090,0.0,0.0
2023-06-06 11:30:00-04:00,236.56500244140625,236.9600067138672,233.59249877929688,233.99000549316406,42492,0.0,0.0
2023-06-06 12:30:00-04:00,233.9600067138672,236.3800048828125,233.77000427246094,236.3800048828125,21068,0.0,0.0
2023-06-06 13:30:00-04:00,237.02999877929688,237.02999877929688,234.89500427246094,234.89500427246094,17831,0.0,0.0
2023-06-06 14:30:00-04:00,234.9250030517578,236.42999267578125,234.1699981689453,236.17999267578125,29905,0.0,0.0
2023-06-06 15:30:00-04:00,236.27000427246094,236.89999389648438,235.67999267578125,235.99000549316406,122874,0.0,0.0
2023-06-07 09:30:00-04:00,236.8000030517578,237.02999877929688,234.75,236.64999389648438,21811,0.0,0.0
2023-06-07 10:30:00-04:00,237.11000061035156,239.07000732421875,236.42999267578125,237.78500366210938,27392,0.0,0.0
2023-06-07 11:30:00-04:00,237.7899932861328,240.41000366210938,237.7899932861328,239.91000366210938,56483,0.0,0.0
2023-06-07 12:30:00-04:00,240.36000061035156,240.77000427246094,239.1446075439453,239.82000732421875,26291,0.0,0.0
2023-06-07 13:30:00-04:00,239.6999969482422,241.0,239.64999389648438,240.35000610351562,28637,0.0,0.0
2023-06-07 14:30:00-04:00,240.8000030517578,240.89999389648438,240.02000427246094,240.38499450683594,33116,0.0,0.0
2023-06-07 15:30:00-04:00,240.5399932861328,241.00999450683594,239.99000549316406,240.10000610351562,70052,0.0,0.0
2023-06-08 09:30:00-04:00,240.5399932861328,241.25,237.83999633789062,238.6699981689453,17114,0.0,0.0
2023-06-08 10:30:00-04:00,238.82000732421875,239.0,237.72000122070312,237.72000122070312,10333,0.0,0.0
2023-06-08 11:30:00-04:00,238.14999389648438,239.4499969482422,237.9499969482422,238.89500427246094,20384,0.0,0.0
2023-06-08 12:30:00-04:00,239.02000427246094,239.5800018310547,238.94000244140625,239.44000244140625,14095,0.0,0.0
2023-06-08 13:30:00-04:00,239.0399932861328,239.16000366210938,238.13999938964844,238.97999572753906,9736,0.0,0.0
2023-06-08 14:30:00-04:00,239.27000427246094,240.02999877929688,239.14999389648438,239.30499267578125,28520,0.0,0.0
2023-06-08 15:30:00-04:00,239.34500122070312,239.50999450683594,238.4600067138672,238.5500030517578,49950,0.0,0.0
2023-06-09 09:30:00-04:00,238.9499969482422,238.9499969482422,237.0,237.5800018310547,10201,0.0,0.0
2023-06-09 10:30:00-04:00,237.52000427246094,237.8300018310547,236.97000122070312,236.97000122070312,14298,0.0,0.0
2023-06-09 11:30:00-04:00,236.64999389648438,237.18600463867188,236.35000610351562,236.5850067138672,12624,0.0,0.0
2023-06-09 12:30:00-04:00,236.5850067138672,237.1699981689453,236.1999969482422,237.13999938964844,32019,0.0,0.0
2023-06-09 13:30:00-04:00,237.32000732421875,238.2899932861328,237.32000732421875,237.77000427246094,27673,0.0,0.0
2023-06-09 14:30:00-04:00,237.6699981689453,237.6699981689453,236.91000366210938,237.55999755859375,19381,0.0,0.0
2023-06-09 15:30:00-04:00,237.57000732421875,237.59500122070312,236.6300048828125,237.07000732421875,45824,0.0,0.0
2023-06-12 09:30:00-04:00,237.19000244140625,238.0500030517578,235.32000732421875,235.77000427246094,27539,0.0,0.0
2023-06-12 10:30:00-04:00,235.9600067138672,237.25,235.2100067138672,237.25,13790,0.0,0.0
2023-06-12 11:30:00-04:00,237.64999389648438,238.5500030517578,237.64999389648438,238.02999877929688,8902,0.0,0.0
2023-06-12 12:30:00-04:00,237.66000366210938,238.49000549316406,236.3699951171875,236.3699951171875,32915,0.0,0.0
2023-06-12 13:30:00-04:00,236.1199951171875,236.9550018310547,235.64999389648438,235.7100067138672,25166,0.0,0.0
2023-06-12 14:30:00-04:00,235.77000427246094,236.0,235.4199981689453,235.8300018310547,32042,0.0,0.0
2023-06-12 15:30:00-04:00,235.82000732421875,235.91000366210938,235.00999450683594,235.44000244140625,61317,0.0,0.0
2023-06-13 09:30:00-04:00,234.85000610351562,238.77000427246094,234.44000244140625,238.47999572753906,23807,0.0,0.0
2023-06-13 10:30:00-04:00,238.47000122070312,238.74000549316406,237.4499969482422,238.30999755859375,27820,0.0,0.0
2023-06-13 11:30:00-04:00,238.1699981689453,238.1699981689453,236.67999267578125,237.52999877929688,38558,0.0,0.0
2023-06-13 12:30:00-04:00,237.8300018310547,240.0800018310547,237.8300018310547,239.5399932861328,27736,0.0,0.0
2023-06-13 13:30:00-04:00,239.08999633789062,239.1300048828125,237.74000549316406,237.74000549316406,16367,0.0,0.0
2023-06-13 14:30:00-04:00,237.55999755859375,238.88999938964844,237.47000122070312,238.88499450683594,14784,0.0,0.0
2023-06-13 15:30:00-04:00,238.80999755859375,239.1999969482422,238.3249969482422,239.05999755859375,69502,0.0,0.0
2023-06-14 09:30:00-04:00,242.77999877929688,249.6750030517578,240.2550048828125,249.0800018310547,96022,0.0,0.0
2023-06-14 10:30:00-04:00,249.2899932861328,252.47999572753906,248.8699951171875,252.39999389648438,62634,0.0,0.0
2023-06-14 11:30:00-04:00,252.25999450683594,252.3249969482422,251.00010681152344,251.4199981689453,44590,0.0,0.0
2023-06-14 12:30:00-04:00,251.6199951171875,252.02999877929688,249.72999572753906,250.0,30446,0.0,0.0
2023-06-14 13:30:00-04:00,250.0,250.0399932861328,245.94000244140625,246.11500549316406,44403,0.0,0.0
2023-06-14 14:30:00-04:00,245.72999572753906,247.30999755859375,244.61000061035156,244.72000122070312,58868,0.0,0.0
2023-06-14 15:30:00-04:00,244.66000366210938,244.77000427246094,243.07000732421875,244.52999877929688,76192,0.0,0.0
2023-06-15 09:30:00-04:00,244.16000366210938,245.05499267578125,241.89999389648438,243.60499572753906,17707,0.0,0.0
2023-06-15 10:30:00-04:00,243.73500061035156,245.60000610351562,242.92999267578125,245.60000610351562,32289,0.0,0.0
2023-06-15 11:30:00-04:00,245.50999450683594,245.70640563964844,244.9499969482422,245.65499877929688,19688,0.0,0.0
2023-06-15 12:30:00-04:00,245.64999389648438,246.44000244140625,245.25,245.77999877929688,20237,0.0,0.0
2023-06-15 13:30:00-04:00,245.8800048828125,248.97999572753906,245.77999877929688,248.97999572753906,37433,0.0,0.0
2023-06-15 14:30:00-04:00,248.81500244140625,249.47500610351562,247.42999267578125,249.47500610351562,47336,0.0,0.0
2023-06-15 15:30:00-04:00,249.3800048828125,250.1999969482422,248.5050048828125,248.80999755859375,76422,0.0,0.0
2023-06-16 09:30:00-04:00,250.9499969482422,253.13999938964844,250.1199951171875,250.38499450683594,74216,0.0,0.0
2023-06-16 10:30:00-04:00,250.0,250.1699981689453,249.02999877929688,249.1300048828125,23415,0.0,0.0
2023-06-16 11:30:00-04:00,249.3000030517578,251.4199981689453,249.17999267578125,251.4199981689453,18764,0.0,0.0
2023-06-16 12:30:00-04:00,251.49000549316406,253.1199951171875,251.08999633789062,252.28500366210938,40864,0.0,0.0
2023-06-16 13:30:00-04:00,252.4499969482422,252.8300018310547,251.46499633789062,251.83999633789062,34229,0.0,0.0
2023-06-16 14:30:00-04:00,252.01499938964844,252.36000061035156,250.86000061035156,252.26499938964844,26435,0.0,0.0
2023-06-16 15:30:00-04:00,252.1699981689453,253.28500366210938,252.1699981689453,252.49000549316406,69594,0.0,0.0
2023-06-20 09:30:00-04:00,250.2899932861328,251.49000549316406,248.49000549316406,250.02000427246094,57779,0.0,0.0
2023-06-20 10:30:00-04:00,249.85499572753906,252.51499938964844,249.85499572753906,252.51499938964844,41608,0.0,0.0
2023-06-20 11:30:00-04:00,252.40499877929688,254.2050018310547,252.3800048828125,253.27000427246094,37953,0.0,0.0
2023-06-20 12:30:00-04:00,253.0800018310547,255.58999633789062,253.06500244140625,255.27499389648438,32006,0.0,0.0
2023-06-20 13:30:00-04:00,255.4949951171875,255.6199951171875,254.14999389648438,255.43499755859375,33701,0.0,0.0
2023-06-20 14:30:00-04:00,255.4499969482422,255.60000610351562,253.83999633789062,254.92999267578125,27499,0.0,0.0
2023-06-20 15:30:00-04:00,254.9600067138672,254.9600067138672,252.9199981689453,253.00999450683594,71164,0.0,0.0
2023-06-21 09:30:00-04:00,245.36000061035156,246.72000122070312,240.1999969482422,240.1999969482422,90670,0.0,0.0
2023-06-21 10:30:00-04:00,240.02000427246094,242.6300048828125,240.01499938964844,241.92999267578125,88713,0.0,0.0
2023-06-21 11:30:00-04:00,241.8699951171875,243.52999877929688,241.39999389648438,243.0,38982,0.0,0.0
2023-06-21 12:30:00-04:00,243.14999389648438,243.97999572753906,243.13999938964844,243.82000732421875,18325,0.0,0.0
2023-06-21 13:30:00-04:00,244.24000549316406,244.47999572753906,243.63999938964844,244.1300048828125,27440,0.0,0.0
2023-06-21 14:30:00-04:00,244.02000427246094,245.4600067138672,243.74000549316406,245.4600067138672,51348,0.0,0.0
2023-06-21 15:30:00-04:00,245.36000061035156,245.52999877929688,243.8800048828125,244.8699951171875,120162,0.0,0.0
2023-06-22 09:30:00-04:00,245.66000366210938,246.5,243.67999267578125,245.16000366210938,66235,0.0,0.0
2023-06-22 10:30:00-04:00,245.30999755859375,245.8699951171875,243.1649932861328,243.66000366210938,26578,0.0,0.0
2023-06-22 11:30:00-04:00,243.75999450683594,244.25,243.1999969482422,243.58999633789062,35450,0.0,0.0
2023-06-22 12:30:00-04:00,243.50999450683594,244.39999389648438,243.2899932861328,244.03500366210938,30169,0.0,0.0
2023-06-22 13:30:00-04:00,244.19000244140625,244.68499755859375,243.7899932861328,244.33999633789062,42075,0.0,0.0
2023-06-22 14:30:00-04:00,244.50999450683594,244.98500061035156,243.5500030517578,243.5500030517578,28880,0.0,0.0
2023-06-22 15:30:00-04:00,243.49000549316406,243.89999389648438,242.91000366210938,243.3800048828125,90411,0.0,0.0
2023-06-23 09:30:00-04:00,241.47999572753906,242.4499969482422,237.16000366210938,237.72500610351562,64693,0.0,0.0
2023-06-23 10:30:00-04:00,237.97999572753906,239.0,235.10000610351562,235.64500427246094,95647,0.0,0.0
2023-06-23 11:30:00-04:00,235.80999755859375,237.2899932861328,235.0050048828125,236.25999450683594,45850,0.0,0.0
2023-06-23 12:30:00-04:00,236.19000244140625,239.19000244140625,236.05999755859375,238.60000610351562,64221,0.0,0.0
2023-06-23 13:30:00-04:00,238.57000732421875,239.0749969482422,237.8000030517578,238.3000030517578,43476,0.0,0.0
2023-06-23 14:30:00-04:00,238.3350067138672,238.50999450683594,237.28500366210938,238.28500366210938,80968,0.0,0.0
2023-06-23 15:30:00-04:00,238.35000610351562,239.22000122070312,236.72999572753906,237.14999389648438,181148,0.0,0.0
2023-06-26 09:30:00-04:00,237.4499969482422,237.60000610351562,234.74749755859375,236.3800048828125,16894,0.0,0.0
2023-06-26 10:30:00-04:00,236.39999389648438,237.64500427246094,236.39999389648438,237.55999755859375,18901,0.0,0.0
2023-06-26 11:30:00-04:00,237.55999755859375,238.5800018310547,237.2050018310547,238.5800018310547,24453,0.0,0.0
2023-06-26 12:30:00-04:00,238.41000366210938,239.7100067138672,237.77999877929688,239.22999572753906,24567,0.0,0.0
2023-06-26 13:30:00-04:00,239.2899932861328,239.2899932861328,237.82000732421875,238.33999633789062,20208,0.0,0.0
2023-06-26 14:30:00-04:00,238.5,239.68499755859375,238.5,239.30999755859375,33344,0.0,0.0
2023-06-26 15:30:00-04:00,239.3000030517578,240.0399932861328,239.25,239.52999877929688,85110,0.0,0.0
2023-06-27 09:30:00-04:00,239.17999267578125,239.17999267578125,235.1300048828125,235.22000122070312,20961,0.0,0.0
2023-06-27 10:30:00-04:00,235.2100067138672,237.9149932861328,234.7949981689453,237.9149932861328,21344,0.0,0.0
2023-06-27 11:30:00-04:00,238.02000427246094,238.8800048828125,237.75999450683594,238.4774932861328,11892,0.0,0.0
2023-06-27 12:30:00-04:00,238.5592041015625,238.57000732421875,237.05999755859375,237.5800018310547,16660,0.0,0.0
2023-06-27 13:30:00-04:00,237.5850067138672,238.0399932861328,237.08999633789062,237.9600067138672,14781,0.0,0.0
2023-06-27 14:30:00-04:00,238.36000061035156,238.36000061035156,236.72000122070312,237.07000732421875,22718,0.0,0.0
2023-06-27 15:30:00-04:00,237.0399932861328,237.30999755859375,236.50999450683594,236.6199951171875,67322,0.0,0.0
2023-06-28 09:30:00-04:00,236.77000427246094,237.0500030517578,234.40499877929688,234.40499877929688,17949,0.0,0.0
2023-06-28 10:30:00-04:00,234.41000366210938,234.9600067138672,233.75999450683594,234.3699951171875,38685,0.0,0.0
2023-06-28 11:30:00-04:00,234.3800048828125,234.52000427246094,233.39999389648438,233.9199981689453,24666,0.0,0.0
2023-06-28 12:30:00-04:00,234.10000610351562,234.41000366210938,233.50999450683594,233.99000549316406,14931,0.0,0.0
2023-06-28 13:30:00-04:00,234.0,234.0,233.0800018310547,233.39500427246094,12514,0.0,0.0
2023-06-28 14:30:00-04:00,233.50999450683594,235.5800018310547,232.91000366210938,234.44000244140625,73019,0.0,0.0
2023-06-28 15:30:00-04:00,234.39999389648438,235.19000244140625,234.39999389648438,235.02000427246094,56282,0.0,0.0
2023-06-29 09:30:00-04:00,233.60000610351562,236.0500030517578,232.4499969482422,235.63999938964844,24621,0.0,0.0
2023-06-29 10:30:00-04:00,235.77999877929688,235.87899780273438,233.9600067138672,235.87899780273438,25000,0.0,0.0
2023-06-29 11:30:00-04:00,235.57000732421875,235.57000732421875,234.42999267578125,235.19000244140625,18642,0.0,0.0
2023-06-29 12:30:00-04:00,235.38999938964844,236.24000549316406,234.72999572753906,235.08999633789062,12890,0.0,0.0
2023-06-29 13:30:00-04:00,235.0800018310547,235.0800018310547,233.22000122070312,233.52000427246094,20585,0.0,0.0
2023-06-29 14:30:00-04:00,233.3699951171875,234.3000030517578,233.27000427246094,234.1999969482422,20190,0.0,0.0
2023-06-29 15:30:00-04:00,234.19000244140625,235.0800018310547,234.19000244140625,235.0399932861328,36278,0.0,0.0
2023-06-30 09:30:00-04:00,237.52999877929688,242.36000061035156,237.52999877929688,240.22999572753906,52435,0.0,0.0
2023-06-30 10:30:00-04:00,240.25,240.55999755859375,238.9499969482422,240.4600067138672,20145,0.0,0.0
2023-06-30 11:30:00-04:00,240.32000732421875,241.6699981689453,239.85000610351562,241.50999450683594,12591,0.0,0.0
2023-06-30 12:30:00-04:00,241.75,242.58999633789062,241.14999389648438,241.80499267578125,29973,0.0,0.0
2023-06-30 13:30:00-04:00,241.94000244140625,243.11000061035156,241.52999877929688,242.9600067138672,42562,0.0,0.0
2023-06-30 14:30:00-04:00,243.08999633789062,244.4600067138672,242.47999572753906,242.57000732421875,44973,0.0,0.0
2023-06-30 15:30:00-04:00,242.67999267578125,242.8699951171875,241.6999969482422,241.97999572753906,64512,0.0,0.0
2023-07-03 09:30:00-04:00,240.9600067138672,242.6699981689453,237.3699951171875,237.65499877929688,16889,0.0,0.0
2023-07-03 10:30:00-04:00,238.02999877929688,239.02000427246094,238.02999877929688,238.76499938964844,16654,0.0,0.0
2023-07-03 11:30:00-04:00,238.75,238.8800048828125,238.0800018310547,238.8800048828125,21003,0.0,0.0
2023-07-05 09:30:00-04:00,237.66000366210938,238.47000122070312,236.1300048828125,236.39500427246094,14424,0.0,0.0
2023-07-05 10:30:00-04:00,236.50999450683594,238.21499633789062,236.50999450683594,237.72000122070312,12525,0.0,0.0
2023-07-05 11:30:00-04:00,237.81500244140625,238.38999938964844,237.66000366210938,238.08999633789062,12401,0.0,0.0
2023-07-05 12:30:00-04:00,238.02999877929688,238.0399932861328,236.92999267578125,237.31500244140625,12768,0.0,0.0
2023-07-05 13:30:00-04:00,237.02000427246094,237.2899932861328,236.5500030517578,236.85000610351562,11100,0.0,0.0
2023-07-05 14:30:00-04:00,236.99000549316406,237.97500610351562,236.99000549316406,237.7899932861328,13685,0.0,0.0
2023-07-05 15:30:00-04:00,237.80999755859375,238.0,237.3800048828125,237.55999755859375,30169,0.0,0.0
2023-07-06 09:30:00-04:00,235.77000427246094,235.77000427246094,233.36000061035156,234.2100067138672,46861,0.0,0.0
2023-07-06 10:30:00-04:00,233.9499969482422,235.16000366210938,233.94000244140625,234.82000732421875,13240,0.0,0.0
2023-07-06 11:30:00-04:00,234.91000366210938,235.8699951171875,233.83999633789062,235.05999755859375,15595,0.0,0.0
2023-07-06 12:30:00-04:00,235.18499755859375,235.58999633789062,234.7899932861328,234.9499969482422,10633,0.0,0.0
2023-07-06 13:30:00-04:00,234.94000244140625,234.94000244140625,233.97000122070312,234.71499633789062,11908,0.0,0.0
2023-07-06 14:30:00-04:00,234.58999633789062,235.77000427246094,234.58999633789062,235.0399932861328,11045,0.0,0.0
2023-07-06 15:30:00-04:00,234.91000366210938,235.11000061035156,234.27999877929688,234.3800048828125,42931,0.0,0.0
2023-07-07 09:30:00-04:00,233.77000427246094,235.4600067138672,233.07000732421875,235.4600067138672,9920,0.0,0.0
2023-07-07 10:30:00-04:00,235.5,235.875,234.91000366210938,235.1750030517578,8825,0.0,0.0
2023-07-07 11:30:00-04:00,235.25999450683594,236.5399932861328,235.25999450683594,236.52999877929688,13378,0.0,0.0
2023-07-07 12:30:00-04:00,236.63999938964844,238.0399932861328,236.63999938964844,237.82000732421875,7903,0.0,0.0
2023-07-07 13:30:00-04:00,237.77999877929688,237.7899932861328,236.6199951171875,236.86000061035156,15724,0.0,0.0
2023-07-07 14:30:00-04:00,236.75999450683594,237.3699951171875,236.42999267578125,236.42999267578125,18857,0.0,0.0
2023-07-07 15:30:00-04:00,236.63999938964844,236.63999938964844,235.4600067138672,235.91000366210938,40595,0.0,0.0
2023-07-10 09:30:00-04:00,236.6699981689453,240.5,236.0399932861328,239.00999450683594,17798,0.0,0.0
2023-07-10 10:30:00-04:00,238.63999938964844,239.24899291992188,237.9499969482422,238.5500030517578,20298,0.0,0.0
2023-07-10 11:30:00-04:00,238.6300048828125,239.27000427246094,238.25999450683594,239.07000732421875,22236,0.0,0.0
2023-07-10 12:30:00-04:00,239.07000732421875,239.50999450683594,238.82000732421875,238.8699951171875,14930,0.0,0.0
2023-07-10 13:30:00-04:00,238.86000061035156,239.00999450683594,238.4499969482422,238.52999877929688,10662,0.0,0.0
2023-07-10 14:30:00-04:00,238.7100067138672,238.72000122070312,238.39500427246094,238.49000549316406,10797,0.0,0.0
2023-07-10 15:30:00-04:00,238.4949951171875,239.1300048828125,238.00999450683594,239.1199951171875,45968,0.0,0.0
2023-07-11 09:30:00-04:00,240.02999877929688,243.5,239.19000244140625,243.0,23731,0.0,0.0
2023-07-11 10:30:00-04:00,242.39999389648438,242.5,241.75999450683594,242.08999633789062,15573,0.0,0.0
2023-07-11 11:30:00-04:00,241.92999267578125,241.92999267578125,241.5399932861328,241.57000732421875,16806,0.0,0.0
2023-07-11 12:30:00-04:00,241.6300048828125,242.05999755859375,241.6300048828125,241.92999267578125,16462,0.0,0.0
2023-07-11 13:30:00-04:00,241.91000366210938,242.47999572753906,241.6199951171875,241.8249969482422,16424,0.0,0.0
2023-07-11 14:30:00-04:00,241.75,242.22000122070312,241.60000610351562,242.22000122070312,16718,0.0,0.0
2023-07-11 15:30:00-04:00,242.16000366210938,243.35000610351562,242.13999938964844,242.9600067138672,42139,0.0,0.0
2023-07-12 09:30:00-04:00,245.08999633789062,245.1300048828125,242.8300018310547,244.86199951171875,9232,0.0,0.0
2023-07-12 10:30:00-04:00,245.39999389648438,247.0399932861328,244.86000061035156,247.0399932861328,14361,0.0,0.0
2023-07-12 11:30:00-04:00,246.82000732421875,246.82000732421875,245.88999938964844,246.35000610351562,10049,0.0,0.0
2023-07-12 12:30:00-04:00,246.27499389648438,247.3350067138672,246.27499389648438,247.17999267578125,12041,0.0,0.0
2023-07-12 13:30:00-04:00,247.12010192871094,247.6300048828125,247.00999450683594,247.00999450683594,10970,0.0,0.0
2023-07-12 14:30:00-04:00,247.1300048828125,248.11000061035156,246.6699981689453,247.02000427246094,30613,0.0,0.0
2023-07-12 15:30:00-04:00,247.01499938964844,247.22000122070312,246.22999572753906,246.64999389648438,40747,0.0,0.0
2023-07-13 09:30:00-04:00,246.75,248.24000549316406,246.75,247.5399932861328,8731,0.0,0.0
2023-07-13 10:30:00-04:00,247.94000244140625,247.9499969482422,245.6199951171875,246.69000244140625,15503,0.0,0.0
2023-07-13 11:30:00-04:00,246.4600067138672,246.4600067138672,244.9149932861328,245.09410095214844,21456,0.0,0.0
2023-07-13 12:30:00-04:00,245.38999938964844,247.08999633789062,245.31500244140625,246.7100067138672,13887,0.0,0.0
2023-07-13 13:30:00-04:00,246.75,247.41000366210938,246.54559326171875,246.9199981689453,22727,0.0,0.0
2023-07-13 14:30:00-04:00,247.08999633789062,248.17999267578125,246.60000610351562,248.13499450683594,17036,0.0,0.0
2023-07-13 15:30:00-04:00,248.2100067138672,248.9199981689453,247.02000427246094,247.02999877929688,67414,0.0,0.0
2023-07-14 09:30:00-04:00,247.1199951171875,249.89999389648438,245.8300018310547,245.9499969482422,27478,0.0,0.0
2023-07-14 10:30:00-04:00,245.97999572753906,246.77000427246094,245.2550048828125,246.26499938964844,40063,0.0,0.0
2023-07-14 11:30:00-04:00,246.26499938964844,246.77999877929688,245.38999938964844,246.77999877929688,30652,0.0,0.0
2023-07-14 12:30:00-04:00,246.52499389648438,247.3800048828125,245.61000061035156,247.02499389648438,36917,0.0,0.0
2023-07-14 13:30:00-04:00,247.01499938964844,248.0,246.32000732421875,246.47999572753906,21308,0.0,0.0
2023-07-14 14:30:00-04:00,246.5800018310547,246.75999450683594,245.67999267578125,246.11000061035156,31362,0.0,0.0
2023-07-14 15:30:00-04:00,246.1300048828125,246.6199951171875,245.24000549316406,245.88999938964844,73568,0.0,0.0
2023-07-17 09:30:00-04:00,244.8699951171875,246.16000366210938,242.16900634765625,246.0399932861328,22690,0.0,0.0
2023-07-17 10:30:00-04:00,245.82000732421875,246.2550048828125,245.5449981689453,245.97999572753906,10821,0.0,0.0
2023-07-17 11:30:00-04:00,246.13999938964844,246.3800048828125,245.9499969482422,245.9499969482422,7062,0.0,0.0
2023-07-17 12:30:00-04:00,245.9499969482422,246.0,245.11000061035156,245.98500061035156,10689,0.0,0.0
2023-07-17 13:30:00-04:00,246.07000732421875,246.72999572753906,245.97500610351562,246.65499877929688,9482,0.0,0.0
2023-07-17 14:30:00-04:00,246.6699981689453,246.97999572753906,246.2050018310547,246.75999450683594,32869,0.0,0.0
2023-07-17 15:30:00-04:00,246.73500061035156,247.25,246.30999755859375,247.1999969482422,64776,0.0,0.0
2023-07-18 09:30:00-04:00,247.02999877929688,252.38999938964844,247.02999877929688,249.1199951171875,69212,0.0,0.0
2023-07-18 10:30:00-04:00,249.1199951171875,249.6699981689453,248.5500030517578,249.61000061035156,28118,0.0,0.0
2023-07-18 11:30:00-04:00,249.3800048828125,250.02000427246094,249.11000061035156,249.5500030517578,29865,0.0,0.0
2023-07-18 12:30:00-04:00,249.61500549316406,249.6999969482422,248.7899932861328,249.5800018310547,19296,0.0,0.0
2023-07-18 13:30:00-04:00,249.5800018310547,249.5850067138672,248.46499633789062,249.4949951171875,27190,0.0,0.0
2023-07-18 14:30:00-04:00,249.72999572753906,251.19000244140625,249.72999572753906,250.3300018310547,45134,0.0,0.0
2023-07-18 15:30:00-04:00,250.5399932861328,251.64500427246094,250.47000122070312,251.61000061035156,85783,0.0,0.0
2023-07-19 09:30:00-04:00,251.66000366210938,253.41000366210938,249.11500549316406,249.77999877929688,13238,0.0,0.0
2023-07-19 10:30:00-04:00,249.86500549316406,250.64500427246094,248.78500366210938,250.10159301757812,19439,0.0,0.0
2023-07-19 11:30:00-04:00,250.1699981689453,252.27999877929688,250.1699981689453,251.52999877929688,17157,0.0,0.0
2023-07-19 12:30:00-04:00,251.7050018310547,252.19500732421875,251.0800018310547,251.08999633789062,18439,0.0,0.0
2023-07-19 13:30:00-04:00,251.27000427246094,251.52999877929688,249.89999389648438,250.46499633789062,13922,0.0,0.0
2023-07-19 14:30:00-04:00,250.63999938964844,251.72999572753906,250.3300018310547,251.7050018310547,17707,0.0,0.0
2023-07-19 15:30:00-04:00,251.7050018310547,252.10000610351562,251.0,251.11000061035156,48215,0.0,0.0
2023-07-20 09:30:00-04:00,252.5800018310547,253.74000549316406,251.67779541015625,253.33999633789062,11259,0.0,0.0
2023-07-20 10:30:00-04:00,253.57000732421875,255.9949951171875,253.5399932861328,255.9499969482422,17422,0.0,0.0
2023-07-20 11:30:00-04:00,255.97000122070312,257.5199890136719,255.89999389648438,257.5199890136719,36806,0.0,0.0
2023-07-20 12:30:00-04:00,257.4819030761719,258.1499938964844,256.95001220703125,257.92498779296875,24133,0.0,0.0
2023-07-20 13:30:00-04:00,257.80499267578125,258.2650146484375,255.42999267578125,256.07000732421875,28261,0.0,0.0
2023-07-20 14:30:00-04:00,256.0,258.07000732421875,255.27999877929688,257.489990234375,26782,0.0,0.0
2023-07-20 15:30:00-04:00,257.3399963378906,257.8699951171875,257.1000061035156,257.6499938964844,68513,0.0,0.0
2023-07-21 09:30:00-04:00,258.010009765625,261.260009765625,258.0,260.68499755859375,35765,0.0,0.0
2023-07-21 10:30:00-04:00,260.3949890136719,260.8299865722656,258.5150146484375,259.94000244140625,58852,0.0,0.0
2023-07-21 11:30:00-04:00,259.739990234375,260.260009765625,258.92999267578125,259.8450012207031,29809,0.0,0.0
2023-07-21 12:30:00-04:00,259.8999938964844,260.6000061035156,259.1600036621094,260.6000061035156,30143,0.0,0.0
2023-07-21 13:30:00-04:00,260.05999755859375,261.1499938964844,259.94000244140625,261.0450134277344,21229,0.0,0.0
2023-07-21 14:30:00-04:00,261.1700134277344,262.0899963378906,259.68499755859375,259.70001220703125,41587,0.0,0.0
2023-07-21 15:30:00-04:00,259.7300109863281,259.7699890136719,258.2699890136719,258.67999267578125,49168,0.0,0.0
2023-07-24 09:30:00-04:00,259.260009765625,261.0400085449219,259.0350036621094,260.2799987792969,22172,0.0,0.0
2023-07-24 10:30:00-04:00,260.19000244140625,262.1050109863281,260.19000244140625,261.95001220703125,30631,0.0,0.0
2023-07-24 11:30:00-04:00,261.989990234375,262.8399963378906,261.9200134277344,262.55999755859375,31840,0.0,0.0
2023-07-24 12:30:00-04:00,262.9200134277344,262.9700012207031,261.6449890136719,261.802490234375,34554,0.0,0.0
2023-07-24 13:30:00-04:00,261.82501220703125,262.010009765625,259.989990234375,261.114990234375,45670,0.0,0.0
2023-07-24 14:30:00-04:00,261.239990234375,262.0299987792969,258.489990234375,258.489990234375,84702,0.0,0.0
2023-07-24 15:30:00-04:00,258.42999267578125,259.2099914550781,257.0,257.2099914550781,217146,0.0,0.0
2023-07-25 09:30:00-04:00,255.9199981689453,258.239990234375,255.9199981689453,256.19000244140625,22504,0.0,0.0
2023-07-25 10:30:00-04:00,255.77000427246094,255.88999938964844,254.57000732421875,255.00999450683594,38545,0.0,0.0
2023-07-25 11:30:00-04:00,255.13499450683594,255.5,253.85000610351562,254.35000610351562,38394,0.0,0.0
2023-07-25 12:30:00-04:00,254.27000427246094,255.09500122070312,253.9199981689453,254.88999938964844,52923,0.0,0.0
2023-07-25 13:30:00-04:00,255.02999877929688,256.3500061035156,254.6300048828125,256.04998779296875,33565,0.0,0.0
2023-07-25 14:30:00-04:00,256.260009765625,256.5799865722656,255.47000122070312,256.1199951171875,44901,0.0,0.0
2023-07-25 15:30:00-04:00,256.1424865722656,256.19000244140625,255.3000030517578,256.1000061035156,74320,0.0,0.0
2023-07-26 09:30:00-04:00,249.9499969482422,257.8299865722656,244.6199951171875,257.57000732421875,109508,0.0,0.0
2023-07-26 10:30:00-04:00,258.0199890136719,259.8399963378906,256.94000244140625,258.635009765625,39979,0.0,0.0
2023-07-26 11:30:00-04:00,258.5150146484375,259.75,258.1000061035156,258.6300048828125,22139,0.0,0.0
2023-07-26 12:30:00-04:00,258.9599914550781,259.114990234375,257.57501220703125,258.7650146484375,21816,0.0,0.0
2023-07-26 13:30:00-04:00,258.5050048828125,259.1099853515625,258.0400085449219,259.1099853515625,32582,0.0,0.0
2023-07-26 14:30:00-04:00,259.2099914550781,259.9599914550781,256.2300109863281,256.26251220703125,61095,0.0,0.0
2023-07-26 15:30:00-04:00,256.260009765625,256.3699951171875,254.9600067138672,256.1400146484375,129307,0.0,0.0
2023-07-27 09:30:00-04:00,258.8699951171875,258.8699951171875,255.99000549316406,257.2550048828125,13151,0.0,0.0
2023-07-27 10:30:00-04:00,257.5199890136719,258.8900146484375,255.57000732421875,255.60000610351562,13964,0.0,0.0
2023-07-27 11:30:00-04:00,255.30999755859375,255.35000610351562,253.97000122070312,254.72000122070312,24145,0.0,0.0
2023-07-27 12:30:00-04:00,254.83999633789062,254.94000244140625,252.57000732421875,253.47000122070312,35551,0.0,0.0
2023-07-27 13:30:00-04:00,253.41000366210938,253.63999938964844,250.64500427246094,250.97999572753906,35300,0.0,0.0
2023-07-27 14:30:00-04:00,250.83999633789062,250.83999633789062,249.30999755859375,250.0,84118,0.0,0.0
2023-07-27 15:30:00-04:00,250.3000030517578,251.13999938964844,250.02999877929688,250.05999755859375,75594,0.0,0.0
2023-07-28 09:30:00-04:00,253.24000549316406,253.24000549316406,249.7899932861328,250.30999755859375,18649,0.0,0.0
2023-07-28 10:30:00-04:00,249.82000732421875,251.30999755859375,249.77000427246094,251.23500061035156,13248,0.0,0.0
2023-07-28 11:30:00-04:00,251.42999267578125,251.78500366210938,251.0749969482422,251.5137939453125,12460,0.0,0.0
2023-07-28 12:30:00-04:00,251.49000549316406,253.7100067138672,251.49000549316406,253.42999267578125,31776,0.0,0.0
2023-07-28 13:30:00-04:00,253.30999755859375,254.13999938964844,253.08999633789062,253.94000244140625,25222,0.0,0.0
2023-07-28 14:30:00-04:00,253.97999572753906,254.08999633789062,252.6199951171875,252.67999267578125,50322,0.0,0.0
2023-07-28 15:30:00-04:00,252.41000366210938,253.00999450683594,251.74000549316406,252.30999755859375,52694,0.0,0.0
2023-07-31 09:30:00-04:00,253.1999969482422,253.85000610351562,251.35499572753906,253.55499267578125,27332,0.0,0.0
2023-07-31 10:30:00-04:00,253.51499938964844,254.00999450683594,252.91000366210938,253.77999877929688,23840,0.0,0.0
2023-07-31 11:30:00-04:00,253.38999938964844,254.19000244140625,253.1699981689453,253.88499450683594,12924,0.0,0.0
2023-07-31 12:30:00-04:00,253.8350067138672,253.8800048828125,251.9250030517578,252.42999267578125,16298,0.0,0.0
2023-07-31 13:30:00-04:00,252.39500427246094,252.39500427246094,250.76499938964844,250.76499938964844,16300,0.0,0.0
2023-07-31 14:30:00-04:00,250.9600067138672,251.84500122070312,250.75999450683594,251.2949981689453,22788,0.0,0.0
2023-07-31 15:30:00-04:00,251.35000610351562,251.35000610351562,250.4600067138672,251.02999877929688,58902,0.0,0.0
2023-08-01 09:30:00-04:00,248.85000610351562,251.92999267578125,247.67999267578125,249.99000549316406,0,0.0,0.0
2023-08-01 10:30:00-04:00,250.10000610351562,250.6300048828125,249.0749969482422,249.80999755859375,21846,0.0,0.0
2023-08-01 11:30:00-04:00,249.67750549316406,249.94500732421875,247.99000549316406,248.5749969482422,18969,0.0,0.0
2023-08-01 12:30:00-04:00,248.61000061035156,249.3300018310547,248.24000549316406,248.64999389648438,12809,0.0,0.0
2023-08-01 13:30:00-04:00,248.76499938964844,250.28250122070312,248.72500610351562,249.9199981689453,41483,0.0,0.0
2023-08-01 14:30:00-04:00,250.07000732421875,250.25999450683594,249.0500030517578,249.7899932861328,40338,0.0,0.0
2023-08-01 15:30:00-04:00,249.61749267578125,249.74000549316406,248.99000549316406,249.1699981689453,47405,0.0,0.0
2023-08-02 09:30:00-04:00,247.2100067138672,249.5500030517578,245.75,245.75,30945,0.0,0.0
2023-08-02 10:30:00-04:00,245.07000732421875,245.8000030517578,243.8800048828125,245.5,40356,0.0,0.0
2023-08-02 11:30:00-04:00,245.91000366210938,246.67999267578125,245.2375030517578,246.0500030517578,45034,0.0,0.0
2023-08-02 12:30:00-04:00,245.94000244140625,247.78500366210938,245.94000244140625,247.74000549316406,39123,0.0,0.0
2023-08-02 13:30:00-04:00,247.67999267578125,247.875,246.98500061035156,247.50999450683594,29440,0.0,0.0
2023-08-02 14:30:00-04:00,247.5,248.52999877929688,247.3300018310547,248.26499938964844,69662,0.0,0.0
2023-08-02 15:30:00-04:00,248.3800048828125,248.99000549316406,247.41000366210938,248.75999450683594,128240,0.0,0.0
2023-08-03 09:30:00-04:00,245.0,245.1999969482422,238.5,241.21499633789062,164547,0.0,0.0
2023-08-03 10:30:00-04:00,240.77000427246094,242.77000427246094,240.0500030517578,240.86000061035156,40745,0.0,0.0
2023-08-03 11:30:00-04:00,240.58999633789062,241.9199981689453,240.5050048828125,241.00999450683594,31819,0.0,0.0
2023-08-03 12:30:00-04:00,240.8699951171875,240.92999267578125,237.5,239.4149932861328,71404,0.0,0.0
2023-08-03 13:30:00-04:00,239.7899932861328,240.1300048828125,237.47000122070312,239.08999633789062,44471,0.0,0.0
2023-08-03 14:30:00-04:00,239.0850067138672,239.9600067138672,237.55999755859375,239.82000732421875,72143,0.0,0.0
2023-08-03 15:30:00-04:00,239.81500244140625,240.85000610351562,239.42999267578125,239.47000122070312,128359,0.0,0.0
2023-08-04 09:30:00-04:00,238.77000427246094,242.47999572753906,238.63999938964844,239.0,25368,0.0,0.0
2023-08-04 10:30:00-04:00,239.0,239.1999969482422,237.64500427246094,238.06500244140625,27687,0.0,0.0
2023-08-04 11:30:00-04:00,238.0800018310547,238.96499633789062,237.26499938964844,238.96499633789062,18131,0.0,0.0
2023-08-04 12:30:00-04:00,238.7550048828125,238.7550048828125,237.02000427246094,237.89999389648438,16146,0.0,0.0
2023-08-04 13:30:00-04:00,237.93499755859375,238.10069274902344,236.28500366210938,237.6300048828125,26596,0.0,0.0
2023-08-04 14:30:00-04:00,237.5050048828125,237.50999450683594,236.75,237.0800018310547,14882,0.0,0.0
2023-08-04 15:30:00-04:00,237.24000549316406,238.39999389648438,237.07000732421875,237.9600067138672,59101,0.0,0.0
2023-08-07 09:30:00-04:00,237.9499969482422,239.14219665527344,237.00750732421875,238.1425018310547,25271,0.0,0.0
2023-08-07 10:30:00-04:00,237.47000122070312,239.15499877929688,237.25999450683594,239.15499877929688,25482,0.0,0.0
2023-08-07 11:30:00-04:00,238.92999267578125,238.92999267578125,237.77000427246094,238.0,16864,0.0,0.0
2023-08-07 12:30:00-04:00,237.80999755859375,238.74000549316406,237.47000122070312,238.74000549316406,13391,0.0,0.0
2023-08-07 13:30:00-04:00,238.8699951171875,240.86000061035156,238.86000061035156,240.27000427246094,17943,0.0,0.0
2023-08-07 14:30:00-04:00,240.27999877929688,240.42999267578125,239.02999877929688,239.16000366210938,16251,0.0,0.0
2023-08-07 15:30:00-04:00,239.07000732421875,240.17999267578125,238.74000549316406,240.17999267578125,42443,0.0,0.0
2023-08-08 09:30:00-04:00,238.0,238.0,232.00999450683594,232.92999267578125,39476,0.0,0.0
2023-08-08 10:30:00-04:00,233.14999389648438,233.58999633789062,232.17999267578125,232.36500549316406,29021,0.0,0.0
2023-08-08 11:30:00-04:00,232.2550048828125,232.5500030517578,227.2100067138672,228.11000061035156,188029,0.0,0.0
2023-08-08 12:30:00-04:00,227.97000122070312,231.0,227.5399932861328,230.5,74356,0.0,0.0
2023-08-08 13:30:00-04:00,230.17999267578125,230.61749267578125,228.60000610351562,229.99749755859375,60121,0.0,0.0
2023-08-08 14:30:00-04:00,230.08999633789062,230.22000122070312,228.7321014404297,230.0449981689453,53257,0.0,0.0
2023-08-08 15:30:00-04:00,230.0449981689453,230.82000732421875,229.66000366210938,229.8699951171875,99670,0.0,0.0
2023-08-09 09:30:00-04:00,230.25,232.25999450683594,229.97999572753906,230.17999267578125,28578,0.0,0.0
2023-08-09 10:30:00-04:00,230.33999633789062,231.22999572753906,229.77000427246094,230.6125030517578,39043,0.0,0.0
2023-08-09 11:30:00-04:00,230.57000732421875,230.57000732421875,228.77000427246094,229.82000732421875,18084,0.0,0.0
2023-08-09 12:30:00-04:00,230.02999877929688,231.1699981689453,230.02999877929688,231.0050048828125,15788,0.0,0.0
2023-08-09 13:30:00-04:00,231.17999267578125,231.17999267578125,229.89999389648438,230.91000366210938,22878,0.0,0.0
2023-08-09 14:30:00-04:00,230.96499633789062,231.0,229.74000549316406,229.75,26057,0.0,0.0
2023-08-09 15:30:00-04:00,229.74000549316406,230.05999755859375,228.6999969482422,229.0,52660,0.0,0.0
2023-08-10 09:30:00-04:00,229.7899932861328,231.72000122070312,229.7899932861328,230.69000244140625,14115,0.0,0.0
2023-08-10 10:30:00-04:00,230.5399932861328,231.63499450683594,229.97999572753906,231.33999633789062,17686,0.0,0.0
2023-08-10 11:30:00-04:00,231.3800048828125,231.53500366210938,229.2050018310547,229.27000427246094,14185,0.0,0.0
2023-08-10 12:30:00-04:00,229.3000030517578,229.46499633789062,228.36500549316406,228.36500549316406,8212,0.0,0.0
2023-08-10 13:30:00-04:00,228.4600067138672,229.13999938964844,228.1199951171875,229.02999877929688,12689,0.0,0.0
2023-08-10 14:30:00-04:00,229.01499938964844,229.58999633789062,228.5749969482422,228.5749969482422,20990,0.0,0.0
2023-08-10 15:30:00-04:00,228.38999938964844,228.38999938964844,227.32000732421875,227.85000610351562,62840,0.0,0.0
2023-08-11 09:30:00-04:00,226.99000549316406,227.35499572753906,225.9199981689453,227.33999633789062,46685,0.0,0.0
2023-08-11 10:30:00-04:00,226.94000244140625,227.24000549316406,225.68499755859375,226.38999938964844,36881,0.0,0.0
2023-08-11 11:30:00-04:00,226.35000610351562,227.97999572753906,226.1699981689453,227.77499389648438,11548,0.0,0.0
2023-08-11 12:30:00-04:00,227.57000732421875,227.57000732421875,226.27000427246094,226.6300048828125,26132,0.0,0.0
2023-08-11 13:30:00-04:00,227.50999450683594,227.50999450683594,226.60000610351562,227.11000061035156,15388,0.0,0.0
2023-08-11 14:30:00-04:00,227.25999450683594,227.5399932861328,227.03500366210938,227.4250030517578,15987,0.0,0.0
2023-08-11 15:30:00-04:00,227.27999877929688,227.39500427246094,226.91000366210938,227.3000030517578,52270,0.0,0.0
2023-08-14 09:30:00-04:00,226.6199951171875,230.07000732421875,226.6199951171875,227.0749969482422,29539,0.0,0.0
2023-08-14 10:30:00-04:00,227.22999572753906,228.72500610351562,226.97000122070312,228.72500610351562,40193,0.0,0.0
2023-08-14 11:30:00-04:00,228.77999877929688,229.38499450683594,228.10000610351562,228.30499267578125,18329,0.0,0.0
2023-08-14 12:30:00-04:00,228.09500122070312,228.97000122070312,227.72999572753906,228.6475067138672,20240,0.0,0.0
2023-08-14 13:30:00-04:00,228.66000366210938,228.83999633789062,227.8300018310547,228.4550018310547,18746,0.0,0.0
2023-08-14 14:30:00-04:00,228.3800048828125,228.78599548339844,227.97000122070312,228.32000732421875,36176,0.0,0.0
2023-08-14 15:30:00-04:00,228.3699951171875,228.77000427246094,227.50999450683594,227.77999877929688,78728,0.0,0.0
2023-08-15 09:30:00-04:00,226.86000061035156,228.55999755859375,226.4503936767578,226.69000244140625,13755,0.0,0.0
2023-08-15 10:30:00-04:00,226.49000549316406,226.6300048828125,225.76499938964844,225.85000610351562,19478,0.0,0.0
2023-08-15 11:30:00-04:00,225.5399932861328,226.27520751953125,225.1999969482422,225.57000732421875,20895,0.0,0.0
2023-08-15 12:30:00-04:00,225.55999755859375,225.63999938964844,225.0800018310547,225.14999389648438,8781,0.0,0.0
2023-08-15 13:30:00-04:00,225.0,225.02000427246094,224.2899932861328,224.6699981689453,13405,0.0,0.0
2023-08-15 14:30:00-04:00,225.0,225.1300048828125,224.6699981689453,224.6699981689453,23218,0.0,0.0
2023-08-15 15:30:00-04:00,224.55999755859375,224.93499755859375,224.22999572753906,224.40499877929688,42983,0.0,0.0
2023-08-16 09:30:00-04:00,223.92999267578125,225.2899932861328,222.91000366210938,224.7100067138672,11707,0.0,0.0
2023-08-16 10:30:00-04:00,224.72000122070312,224.72000122070312,222.90499877929688,223.4499969482422,21944,0.0,0.0
2023-08-16 11:30:00-04:00,223.27999877929688,223.92999267578125,223.25,223.35499572753906,9037,0.0,0.0
2023-08-16 12:30:00-04:00,223.52499389648438,223.55990600585938,222.72000122070312,223.0399932861328,17826,0.0,0.0
2023-08-16 13:30:00-04:00,222.97999572753906,224.0500030517578,222.7100067138672,223.91000366210938,23489,0.0,0.0
2023-08-16 14:30:00-04:00,224.06689453125,224.06689453125,222.4600067138672,222.66000366210938,14380,0.0,0.0
2023-08-16 15:30:00-04:00,222.6728057861328,223.27000427246094,222.3800048828125,222.4499969482422,50222,0.0,0.0
2023-08-17 09:30:00-04:00,223.6999969482422,223.6999969482422,221.75999450683594,222.52499389648438,21445,0.0,0.0
2023-08-17 10:30:00-04:00,222.96600341796875,223.35499572753906,222.22000122070312,222.5850067138672,13270,0.0,0.0
2023-08-17 11:30:00-04:00,222.6199951171875,223.19000244140625,222.16000366210938,223.14999389648438,15310,0.0,0.0
2023-08-17 12:30:00-04:00,223.10000610351562,223.60400390625,222.55999755859375,222.94000244140625,21025,0.0,0.0
2023-08-17 13:30:00-04:00,222.61000061035156,223.07000732421875,222.1199951171875,222.33999633789062,17098,0.0,0.0
2023-08-17 14:30:00-04:00,222.32000732421875,222.4600067138672,221.16000366210938,221.43499755859375,21559,0.0,0.0
2023-08-17 15:30:00-04:00,221.55499267578125,221.8300018310547,221.0399932861328,221.24000549316406,43538,0.0,0.0
2023-08-18 09:30:00-04:00,219.8800048828125,222.30999755859375,219.02999877929688,220.4600067138672,26181,0.0,0.0
2023-08-18 10:30:00-04:00,220.21380615234375,222.00999450683594,220.0800018310547,221.57000732421875,14072,0.0,0.0
2023-08-18 11:30:00-04:00,221.69000244140625,221.69000244140625,220.4199981689453,220.66000366210938,11643,0.0,0.0
2023-08-18 12:30:00-04:00,220.94000244140625,221.3350067138672,219.6199951171875,219.9499969482422,25941,0.0,0.0
2023-08-18 13:30:00-04:00,219.88499450683594,220.10000610351562,218.66000366210938,219.0500030517578,30476,0.0,0.0
2023-08-18 14:30:00-04:00,219.16000366210938,219.24000549316406,217.8699951171875,218.07000732421875,27743,0.0,0.0
2023-08-18 15:30:00-04:00,218.15499877929688,218.35000610351562,217.08999633789062,217.69000244140625,69167,0.0,0.0
2023-08-21 09:30:00-04:00,217.9600067138672,217.9600067138672,217.02000427246094,217.19500732421875,12338,0.0,0.0
2023-08-21 10:30:00-04:00,217.33999633789062,217.3625030517578,216.5800018310547,216.99000549316406,11688,0.0,0.0
2023-08-21 11:30:00-04:00,216.9250030517578,217.0800018310547,215.9600067138672,216.50999450683594,18424,0.0,0.0
2023-08-21 12:30:00-04:00,216.6750030517578,219.5399932861328,216.4250030517578,219.5399932861328,38755,0.0,0.0
2023-08-21 13:30:00-04:00,219.63499450683594,220.22500610351562,218.7899932861328,218.7899932861328,19282,0.0,0.0
2023-08-21 14:30:00-04:00,218.58999633789062,219.08999633789062,218.2449951171875,218.33999633789062,17615,0.0,0.0
2023-08-21 15:30:00-04:00,218.38999938964844,218.75999450683594,218.06500244140625,218.33999633789062,46300,0.0,0.0
2023-08-22 09:30:00-04:00,217.85000610351562,218.64999389648438,217.02000427246094,217.02000427246094,61384,0.0,0.0
2023-08-22 10:30:00-04:00,217.0500030517578,217.47000122070312,216.63999938964844,217.1999969482422,13393,0.0,0.0
2023-08-22 11:30:00-04:00,216.88490295410156,217.15499877929688,216.42999267578125,216.47500610351562,7231,0.0,0.0
2023-08-22 12:30:00-04:00,216.5500030517578,216.8800048828125,215.1699981689453,215.9499969482422,11338,0.0,0.0
2023-08-22 13:30:00-04:00,215.9149932861328,216.57000732421875,215.51499938964844,216.0449981689453,10356,0.0,0.0
2023-08-22 14:30:00-04:00,216.17999267578125,217.50999450683594,216.06869506835938,217.14999389648438,11432,0.0,0.0
2023-08-22 15:30:00-04:00,217.05999755859375,217.52000427246094,216.8000030517578,217.22000122070312,33657,0.0,0.0
2023-08-23 09:30:00-04:00,218.2100067138672,219.52000427246094,217.4600067138672,218.3000030517578,16600,0.0,0.0
2023-08-23 10:30:00-04:00,217.97000122070312,218.7100067138672,217.69000244140625,218.3350067138672,17919,0.0,0.0
2023-08-23 11:30:00-04:00,218.2899932861328,218.6999969482422,218.02999877929688,218.25,17222,0.0,0.0
2023-08-23 12:30:00-04:00,218.3300018310547,218.8000030517578,218.07000732421875,218.8000030517578,10681,0.0,0.0
2023-08-23 13:30:00-04:00,218.6649932861328,218.6699981689453,218.3000030517578,218.30999755859375,8374,0.0,0.0
2023-08-23 14:30:00-04:00,218.4199981689453,218.57000732421875,217.78500366210938,218.0399932861328,15713,0.0,0.0
2023-08-23 15:30:00-04:00,218.05999755859375,218.05999755859375,217.25,217.57000732421875,28333,0.0,0.0
2023-08-24 09:30:00-04:00,216.67999267578125,218.35000610351562,215.9499969482422,218.1699981689453,39845,0.0,0.0
2023-08-24 10:30:00-04:00,218.00999450683594,218.9199981689453,217.09500122070312,217.3800048828125,19491,0.0,0.0
2023-08-24 11:30:00-04:00,217.25999450683594,217.25999450683594,216.00999450683594,216.00999450683594,8773,0.0,0.0
2023-08-24 12:30:00-04:00,216.125,216.34500122070312,215.32000732421875,215.32000732421875,8673,0.0,0.0
2023-08-24 13:30:00-04:00,215.1300048828125,215.60000610351562,214.72000122070312,214.75999450683594,9755,0.0,0.0
2023-08-24 14:30:00-04:00,214.75999450683594,215.35000610351562,214.5,215.26499938964844,14980,0.0,0.0
2023-08-24 15:30:00-04:00,215.3249969482422,215.5,214.5399932861328,214.91000366210938,41847,0.0,0.0
2023-08-25 09:30:00-04:00,215.27000427246094,216.97000122070312,214.8300018310547,215.25999450683594,10523,0.0,0.0
2023-08-25 10:30:00-04:00,215.52999877929688,216.17999267578125,214.86500549316406,216.17999267578125,10321,0.0,0.0
2023-08-25 11:30:00-04:00,216.47000122070312,216.76499938964844,215.7100067138672,216.72000122070312,13764,0.0,0.0
2023-08-25 12:30:00-04:00,216.91000366210938,216.91000366210938,216.0449981689453,216.22000122070312,9134,0.0,0.0
2023-08-25 13:30:00-04:00,216.2100067138672,217.1300048828125,216.1999969482422,216.96499633789062,27506,0.0,0.0
2023-08-25 14:30:00-04:00,217.05499267578125,217.74000549316406,216.86000061035156,216.8800048828125,24412,0.0,0.0
2023-08-25 15:30:00-04:00,216.86000061035156,217.00999450683594,216.07000732421875,216.10000610351562,29508,0.0,0.0
2023-08-28 09:30:00-04:00,218.1199951171875,219.33999633789062,217.27999877929688,218.2100067138672,94824,0.0,0.0
2023-08-28 10:30:00-04:00,218.47000122070312,218.47000122070312,216.55999755859375,216.5850067138672,10053,0.0,0.0
2023-08-28 11:30:00-04:00,216.52000427246094,217.17999267578125,216.10000610351562,216.32000732421875,18924,0.0,0.0
2023-08-28 12:30:00-04:00,216.54989624023438,216.54989624023438,215.83999633789062,216.00999450683594,12047,0.0,0.0
2023-08-28 13:30:00-04:00,215.92999267578125,216.22999572753906,215.02000427246094,215.38999938964844,9222,0.0,0.0
2023-08-28 14:30:00-04:00,215.57000732421875,215.88999938964844,215.32000732421875,215.86500549316406,14060,0.0,0.0
2023-08-28 15:30:00-04:00,215.9149932861328,216.49000549316406,215.35000610351562,215.5399932861328,35425,0.0,0.0
2023-08-29 09:30:00-04:00,215.8699951171875,217.3699951171875,214.49000549316406,216.4199981689453,43718,0.0,0.0
2023-08-29 10:30:00-04:00,216.5,217.0399932861328,216.16000366210938,216.57000732421875,23010,0.0,0.0
2023-08-29 11:30:00-04:00,216.60000610351562,217.14500427246094,216.3800048828125,217.02000427246094,73846,0.0,0.0
2023-08-29 12:30:00-04:00,217.0050048828125,217.7100067138672,216.61000061035156,217.5449981689453,73868,0.0,0.0
2023-08-29 13:30:00-04:00,217.61000061035156,217.6999969482422,217.4149932861328,217.48500061035156,24649,0.0,0.0
2023-08-29 14:30:00-04:00,217.625,217.85000610351562,217.3699951171875,217.75,17433,0.0,0.0
2023-08-29 15:30:00-04:00,217.75,217.7899932861328,217.27999877929688,217.64999389648438,74232,0.0,0.0
2023-08-30 09:30:00-04:00,217.97999572753906,218.49000549316406,217.13999938964844,217.21499633789062,76886,0.0,0.0
2023-08-30 10:30:00-04:00,217.0800018310547,218.34750366210938,217.0800018310547,218.22999572753906,21848,0.0,0.0
2023-08-30 11:30:00-04:00,218.5,219.7021026611328,218.27999877929688,219.2100067138672,65278,0.0,0.0
2023-08-30 12:30:00-04:00,219.30999755859375,219.30999755859375,218.47000122070312,218.83999633789062,33395,0.0,0.0
2023-08-30 13:30:00-04:00,218.86000061035156,219.13999938964844,218.5399932861328,218.5399932861328,36283,0.0,0.0
2023-08-30 14:30:00-04:00,219.0,219.1699981689453,218.67999267578125,218.75,52344,0.0,0.0
2023-08-30 15:30:00-04:00,218.66000366210938,219.02499389648438,218.30999755859375,218.75999450683594,91706,0.0,0.0
2023-08-31 09:30:00-04:00,218.72999572753906,219.6300048828125,216.4199981689453,216.4199981689453,36929,0.0,0.0
2023-08-31 10:30:00-04:00,216.44000244140625,217.53500366210938,216.22000122070312,216.67999267578125,16380,0.0,0.0
2023-08-31 11:30:00-04:00,216.75999450683594,216.91000366210938,215.6199951171875,216.0449981689453,18381,0.0,0.0
2023-08-31 12:30:00-04:00,215.97000122070312,215.97000122070312,214.4499969482422,214.6529998779297,36437,0.0,0.0
2023-08-31 13:30:00-04:00,215.0,215.07000732421875,213.6199951171875,213.6199951171875,33418,0.0,0.0
2023-08-31 14:30:00-04:00,213.9199981689453,213.94000244140625,211.8000030517578,212.32000732421875,145230,0.0,0.0
2023-08-31 15:30:00-04:00,212.57000732421875,213.39999389648438,212.30499267578125,212.75999450683594,154046,0.0,0.0
2023-09-01 09:30:00-04:00,214.86000061035156,215.85000610351562,213.5850067138672,213.72000122070312,54888,0.0,0.0
2023-09-01 10:30:00-04:00,213.97000122070312,214.0800018310547,212.8300018310547,213.38999938964844,24853,0.0,0.0
2023-09-01 11:30:00-04:00,213.25,213.69000244140625,212.94000244140625,213.55999755859375,17530,0.0,0.0
2023-09-01 12:30:00-04:00,213.48500061035156,213.5850067138672,212.80999755859375,212.80999755859375,40602,0.0,0.0
2023-09-01 13:30:00-04:00,212.9600067138672,213.7100067138672,212.72000122070312,213.7100067138672,10285,0.0,0.0
2023-09-01 14:30:00-04:00,213.8249969482422,214.0050048828125,213.6300048828125,213.89999389648438,29556,0.0,0.0
2023-09-01 15:30:00-04:00,213.94500732421875,213.9949951171875,213.32000732421875,213.6199951171875,61031,0.0,0.0
2023-09-05 09:30:00-04:00,212.27000427246094,212.27000427246094,209.6999969482422,210.01499938964844,60467,0.0,0.0
2023-09-05 10:30:00-04:00,210.07000732421875,210.15499877929688,209.4949951171875,209.9199981689453,25402,0.0,0.0
2023-09-05 11:30:00-04:00,210.0,210.0500030517578,209.64999389648438,209.86500549316406,27598,0.0,0.0
2023-09-05 12:30:00-04:00,209.75,211.08999633789062,209.74000549316406,210.75,29735,0.0,0.0
2023-09-05 13:30:00-04:00,210.3800048828125,210.5500030517578,209.6699981689453,209.77000427246094,14445,0.0,0.0
2023-09-05 14:30:00-04:00,209.77999877929688,210.14999389648438,209.1699981689453,209.50999450683594,23111,0.0,0.0
2023-09-05 15:30:00-04:00,209.47000122070312,209.47000122070312,208.3300018310547,208.33999633789062,48140,0.0,0.0
2023-09-06 09:30:00-04:00,208.47000122070312,208.82000732421875,205.80999755859375,208.5399932861328,23842,0.0,0.0
2023-09-06 10:30:00-04:00,208.3800048828125,209.9600067138672,208.25,209.72999572753906,14418,0.0,0.0
2023-09-06 11:30:00-04:00,209.66000366210938,209.80819702148438,208.57000732421875,208.875,34570,0.0,0.0
2023-09-06 12:30:00-04:00,208.47999572753906,210.22000122070312,208.47999572753906,209.69000244140625,16324,0.0,0.0
2023-09-06 13:30:00-04:00,209.8000030517578,209.8699951171875,209.17010498046875,209.4149932861328,27337,0.0,0.0
2023-09-06 14:30:00-04:00,209.4199981689453,210.0,208.6999969482422,209.97000122070312,27926,0.0,0.0
2023-09-06 15:30:00-04:00,210.0,210.3000030517578,209.6999969482422,210.0,105165,0.0,0.0
2023-09-07 09:30:00-04:00,210.13999938964844,210.13999938964844,206.89559936523438,208.44500732421875,14709,0.0,0.0
2023-09-07 10:30:00-04:00,208.0399932861328,209.06500244140625,208.0399932861328,208.58999633789062,31507,0.0,0.0
2023-09-07 11:30:00-04:00,208.52999877929688,208.9199981689453,206.94000244140625,206.94000244140625,14645,0.0,0.0
2023-09-07 12:30:00-04:00,206.92999267578125,207.63999938964844,206.32000732421875,206.58999633789062,19833,0.0,0.0
2023-09-07 13:30:00-04:00,206.58999633789062,206.69000244140625,205.8800048828125,206.2949981689453,17792,0.0,0.0
2023-09-07 14:30:00-04:00,206.1699981689453,206.68499755859375,205.57000732421875,206.27499389648438,34950,0.0,0.0
2023-09-07 15:30:00-04:00,206.07000732421875,206.9499969482422,206.0399932861328,206.69000244140625,50742,0.0,0.0
2023-09-08 09:30:00-04:00,205.92999267578125,205.92999267578125,204.5399932861328,205.74000549316406,16657,0.0,0.0
2023-09-08 10:30:00-04:00,205.6699981689453,207.86000061035156,205.64500427246094,207.6699981689453,29602,0.0,0.0
2023-09-08 11:30:00-04:00,207.47500610351562,207.8300018310547,205.41009521484375,205.41009521484375,38316,0.0,0.0
2023-09-08 12:30:00-04:00,205.44000244140625,206.5,205.13999938964844,206.2100067138672,11905,0.0,0.0
2023-09-08 13:30:00-04:00,206.1699981689453,208.1199951171875,206.15750122070312,208.10000610351562,17645,0.0,0.0
2023-09-08 14:30:00-04:00,208.10000610351562,208.10000610351562,206.55499267578125,206.8300018310547,27760,0.0,0.0
2023-09-08 15:30:00-04:00,206.85000610351562,206.85000610351562,206.3175048828125,206.83999633789062,34988,0.0,0.0
2023-09-11 09:30:00-04:00,207.99000549316406,211.6300048828125,207.99000549316406,211.6300048828125,53223,0.0,0.0
2023-09-11 10:30:00-04:00,211.5749969482422,213.5399932861328,210.61000061035156,212.47999572753906,53769,0.0,0.0
2023-09-11 11:30:00-04:00,212.14999389648438,212.7949981689453,211.42999267578125,211.8925018310547,51019,0.0,0.0
2023-09-11 12:30:00-04:00,211.89309692382812,213.4600067138672,211.7100067138672,212.875,43434,0.0,0.0
2023-09-11 13:30:00-04:00,212.91000366210938,212.92999267578125,212.4199981689453,212.6374969482422,23648,0.0,0.0
2023-09-11 14:30:00-04:00,212.58999633789062,213.125,212.2949981689453,212.31100463867188,47093,0.0,0.0
2023-09-11 15:30:00-04:00,212.19000244140625,212.30999755859375,211.47000122070312,211.89999389648438,66605,0.0,0.0
2023-09-12 09:30:00-04:00,211.19000244140625,211.50999450683594,210.49000549316406,211.0,16895,0.0,0.0
2023-09-12 10:30:00-04:00,211.0,211.19000244140625,210.67999267578125,210.89999389648438,19765,0.0,0.0
2023-09-12 11:30:00-04:00,210.91000366210938,211.24000549316406,210.57000732421875,211.0,26508,0.0,0.0
2023-09-12 12:30:00-04:00,210.92999267578125,211.8800048828125,210.52999877929688,211.58999633789062,58137,0.0,0.0
2023-09-12 13:30:00-04:00,211.3300018310547,211.5574951171875,211.0500030517578,211.16000366210938,15555,0.0,0.0
2023-09-12 14:30:00-04:00,211.15499877929688,211.25999450683594,209.82000732421875,209.94749450683594,22221,0.0,0.0
2023-09-12 15:30:00-04:00,210.1699981689453,210.50999450683594,209.97000122070312,210.49000549316406,31405,0.0,0.0
2023-09-13 09:30:00-04:00,210.10000610351562,212.33999633789062,209.72650146484375,210.9600067138672,12533,0.0,0.0
2023-09-13 10:30:00-04:00,210.8300018310547,211.07000732421875,210.3300018310547,210.4499969482422,18264,0.0,0.0
2023-09-13 11:30:00-04:00,210.4550018310547,212.50999450683594,210.4550018310547,212.50999450683594,47970,0.0,0.0
2023-09-13 12:30:00-04:00,212.64999389648438,215.0500030517578,212.5800018310547,213.22999572753906,101961,0.0,0.0
2023-09-13 13:30:00-04:00,213.14999389648438,213.1750030517578,211.96499633789062,212.5500030517578,13951,0.0,0.0
2023-09-13 14:30:00-04:00,212.84500122070312,213.5,212.6699981689453,213.26499938964844,32331,0.0,0.0
2023-09-13 15:30:00-04:00,213.28500366210938,213.5399932861328,212.88999938964844,213.2100067138672,86689,0.0,0.0
2023-09-14 09:30:00-04:00,214.49000549316406,216.50999450683594,213.5,214.33999633789062,103193,0.0,0.0
2023-09-14 10:30:00-04:00,214.38999938964844,214.38999938964844,213.47999572753906,213.91000366210938,50134,0.0,0.0
2023-09-14 11:30:00-04:00,213.91000366210938,214.69500732421875,213.77999877929688,213.88999938964844,91977,0.0,0.0
2023-09-14 12:30:00-04:00,213.97000122070312,215.53500366210938,213.88999938964844,214.83999633789062,35901,0.0,0.0
2023-09-14 13:30:00-04:00,215.02000427246094,215.55999755859375,214.64999389648438,214.99000549316406,70072,0.0,0.0
2023-09-14 14:30:00-04:00,215.0,215.14999389648438,214.41000366210938,214.47000122070312,44233,0.0,0.0
2023-09-14 15:30:00-04:00,214.46499633789062,215.0449981689453,214.3699951171875,214.5399932861328,72621,0.0,0.0
2023-09-15 09:30:00-04:00,214.82000732421875,215.00999450683594,213.67999267578125,214.17999267578125,74865,0.0,0.0
2023-09-15 10:30:00-04:00,214.17999267578125,214.34500122070312,213.42999267578125,214.25,27381,0.0,0.0
2023-09-15 11:30:00-04:00,214.19500732421875,216.38999938964844,214.14999389648438,215.28500366210938,46843,0.0,0.0
2023-09-15 12:30:00-04:00,215.26499938964844,215.26499938964844,213.39500427246094,213.5500030517578,25697,0.0,0.0
2023-09-15 13:30:00-04:00,213.6024932861328,214.8000030517578,213.6024932861328,214.5399932861328,51597,0.0,0.0
2023-09-15 14:30:00-04:00,214.60000610351562,214.60000610351562,213.8699951171875,214.07000732421875,32377,0.0,0.0
2023-09-15 15:30:00-04:00,214.14500427246094,214.72000122070312,213.3000030517578,213.4600067138672,85772,0.0,0.0
2023-09-18 09:30:00-04:00,212.91000366210938,213.23500061035156,211.0800018310547,211.24000549316406,29879,0.0,0.0
2023-09-18 10:30:00-04:00,211.3990020751953,212.09500122070312,211.22000122070312,212.09500122070312,14798,0.0,0.0
2023-09-18 11:30:00-04:00,212.05999755859375,212.05999755859375,211.64999389648438,212.02000427246094,16119,0.0,0.0
2023-09-18 12:30:00-04:00,212.0,212.77000427246094,211.610107421875,212.77000427246094,48320,0.0,0.0
2023-09-18 13:30:00-04:00,212.80999755859375,212.9949951171875,211.80360412597656,212.05999755859375,33240,0.0,0.0
2023-09-18 14:30:00-04:00,212.02000427246094,212.22000122070312,211.80999755859375,211.8800048828125,27490,0.0,0.0
2023-09-18 15:30:00-04:00,211.96499633789062,211.96499633789062,211.1699981689453,211.2100067138672,49929,0.0,0.0
2023-09-19 09:30:00-04:00,211.24000549316406,211.52000427246094,209.35000610351562,210.00999450683594,76866,0.0,0.0
2023-09-19 10:30:00-04:00,209.9600067138672,210.47000122070312,209.4600067138672,209.9600067138672,42371,0.0,0.0
2023-09-19 11:30:00-04:00,209.7949981689453,209.85000610351562,208.77999877929688,209.77000427246094,14062,0.0,0.0
2023-09-19 12:30:00-04:00,209.5399932861328,210.16749572753906,209.5399932861328,209.68499755859375,14780,0.0,0.0
2023-09-19 13:30:00-04:00,209.75999450683594,210.06500244140625,209.4600067138672,209.7899932861328,17413,0.0,0.0
2023-09-19 14:30:00-04:00,209.9199981689453,210.02999877929688,209.52000427246094,209.75999450683594,21426,0.0,0.0
2023-09-19 15:30:00-04:00,209.89999389648438,210.26499938964844,209.6300048828125,209.92999267578125,58352,0.0,0.0
2023-09-20 09:30:00-04:00,211.27999877929688,211.69000244140625,209.84030151367188,210.2100067138672,17782,0.0,0.0
2023-09-20 10:30:00-04:00,210.24000549316406,210.2899932861328,209.22000122070312,209.50999450683594,23242,0.0,0.0
2023-09-20 11:30:00-04:00,209.50999450683594,209.63999938964844,209.0500030517578,209.52499389648438,16070,0.0,0.0
2023-09-20 12:30:00-04:00,209.63999938964844,210.0,209.25,209.3249969482422,38526,0.0,0.0
2023-09-20 13:30:00-04:00,209.25,210.00999450683594,208.69000244140625,208.88999938964844,16298,0.0,0.0
2023-09-20 14:30:00-04:00,208.61000061035156,209.07000732421875,208.36000061035156,208.44000244140625,19381,0.0,0.0
2023-09-20 15:30:00-04:00,208.47000122070312,208.8699951171875,208.2899932861328,208.7100067138672,40795,0.0,0.0
2023-09-21 09:30:00-04:00,207.69000244140625,207.78359985351562,205.20120239257812,205.5,22842,0.0,0.0
2023-09-21 10:30:00-04:00,205.42999267578125,206.0399932861328,204.86000061035156,204.86000061035156,10601,0.0,0.0
2023-09-21 11:30:00-04:00,205.0,205.25869750976562,204.33999633789062,204.5500030517578,15050,0.0,0.0
2023-09-21 12:30:00-04:00,204.5050048828125,204.66000366210938,204.1300048828125,204.47000122070312,6505,0.0,0.0
2023-09-21 13:30:00-04:00,204.3000030517578,206.7949981689453,204.19000244140625,205.4600067138672,38502,0.0,0.0
2023-09-21 14:30:00-04:00,205.1999969482422,205.77000427246094,204.22999572753906,204.38999938964844,21719,0.0,0.0
2023-09-21 15:30:00-04:00,204.4499969482422,204.47999572753906,203.39999389648438,203.42999267578125,29513,0.0,0.0
2023-09-22 09:30:00-04:00,203.3000030517578,203.47999572753906,201.3000030517578,203.02999877929688,67716,0.0,0.0
2023-09-22 10:30:00-04:00,202.97999572753906,203.7899932861328,202.4499969482422,203.7899932861328,11670,0.0,0.0
2023-09-22 11:30:00-04:00,204.00999450683594,204.16000366210938,203.27000427246094,203.27000427246094,7089,0.0,0.0
2023-09-22 12:30:00-04:00,203.2100067138672,203.83990478515625,202.86000061035156,203.60000610351562,18212,0.0,0.0
2023-09-22 13:30:00-04:00,203.60000610351562,204.27000427246094,203.60000610351562,204.0749969482422,27097,0.0,0.0
2023-09-22 14:30:00-04:00,204.24290466308594,204.72999572753906,203.74000549316406,204.1699981689453,42364,0.0,0.0
2023-09-22 15:30:00-04:00,204.08999633789062,204.16000366210938,203.1999969482422,203.97000122070312,161077,0.0,0.0
2023-09-25 09:30:00-04:00,201.00999450683594,203.3699951171875,201.00999450683594,203.0500030517578,29692,0.0,0.0
2023-09-25 10:30:00-04:00,202.93499755859375,203.52999877929688,202.57000732421875,203.32000732421875,23543,0.0,0.0
2023-09-25 11:30:00-04:00,203.14999389648438,203.8800048828125,203.14999389648438,203.8800048828125,8570,0.0,0.0
2023-09-25 12:30:00-04:00,203.90499877929688,203.90499877929688,203.48500061035156,203.50999450683594,9215,0.0,0.0
2023-09-25 13:30:00-04:00,203.5,204.0399932861328,203.49000549316406,203.91000366210938,16396,0.0,0.0
2023-09-25 14:30:00-04:00,203.81500244140625,203.97000122070312,202.86000061035156,203.52000427246094,117809,0.0,0.0
2023-09-25 15:30:00-04:00,203.53500366210938,203.64999389648438,203.2100067138672,203.44000244140625,49375,0.0,0.0
2023-09-26 09:30:00-04:00,203.69000244140625,204.10000610351562,201.6999969482422,202.10499572753906,47335,0.0,0.0
2023-09-26 10:30:00-04:00,202.0800018310547,202.25,201.92999267578125,202.02999877929688,15560,0.0,0.0
2023-09-26 11:30:00-04:00,202.07249450683594,202.1750030517578,201.5800018310547,201.99000549316406,44170,0.0,0.0
2023-09-26 12:30:00-04:00,201.9600067138672,202.35499572753906,201.67999267578125,201.7899932861328,51700,0.0,0.0
2023-09-26 13:30:00-04:00,201.52499389648438,201.75999450683594,200.9499969482422,200.9499969482422,31879,0.0,0.0
2023-09-26 14:30:00-04:00,200.84500122070312,200.85000610351562,199.75999450683594,199.96499633789062,59225,0.0,0.0
2023-09-26 15:30:00-04:00,199.97000122070312,200.42999267578125,199.44000244140625,200.02000427246094,91722,0.0,0.0
2023-09-27 09:30:00-04:00,200.5,200.5,198.0399932861328,199.36500549316406,26076,0.0,0.0
2023-09-27 10:30:00-04:00,199.1649932861328,199.21499633789062,197.10000610351562,197.10000610351562,28768,0.0,0.0
2023-09-27 11:30:00-04:00,197.1699981689453,197.4199981689453,195.61000061035156,195.80499267578125,25325,0.0,0.0
2023-09-27 12:30:00-04:00,195.9499969482422,196.02549743652344,194.8300018310547,194.8300018310547,18450,0.0,0.0
2023-09-27 13:30:00-04:00,194.69000244140625,196.0800018310547,194.1300048828125,196.0050048828125,44162,0.0,0.0
2023-09-27 14:30:00-04:00,196.30999755859375,198.02999877929688,196.0500030517578,197.71240234375,39160,0.0,0.0
2023-09-27 15:30:00-04:00,197.5749969482422,197.5749969482422,196.36000061035156,196.66000366210938,48518,0.0,0.0
2023-09-28 09:30:00-04:00,197.42999267578125,198.36000061035156,195.02999877929688,197.35000610351562,30929,0.0,0.0
2023-09-28 10:30:00-04:00,197.30999755859375,198.7449951171875,197.2100067138672,198.3800048828125,34872,0.0,0.0
2023-09-28 11:30:00-04:00,198.3000030517578,200.1300048828125,198.3000030517578,199.7928009033203,35760,0.0,0.0
2023-09-28 12:30:00-04:00,199.47000122070312,199.6199951171875,198.02499389648438,198.39500427246094,17206,0.0,0.0
2023-09-28 13:30:00-04:00,198.24000549316406,198.82000732421875,197.83999633789062,198.82000732421875,23850,0.0,0.0
2023-09-28 14:30:00-04:00,198.82000732421875,199.0800018310547,198.0500030517578,198.85000610351562,26508,0.0,0.0
2023-09-28 15:30:00-04:00,198.84500122070312,198.84500122070312,197.8800048828125,198.30999755859375,44795,0.0,0.0
2023-09-29 09:30:00-04:00,199.8800048828125,199.8800048828125,195.99000549316406,197.52000427246094,17454,0.0,0.0
2023-09-29 10:30:00-04:00,197.75,199.6199951171875,197.625,198.44000244140625,14470,0.0,0.0
2023-09-29 11:30:00-04:00,198.30999755859375,198.30999755859375,197.49000549316406,197.75999450683594,13883,0.0,0.0
2023-09-29 12:30:00-04:00,197.75,197.75,196.82000732421875,196.97000122070312,13726,0.0,0.0
2023-09-29 13:30:00-04:00,196.9600067138672,197.01499938964844,196.10000610351562,196.38499450683594,15542,0.0,0.0
2023-09-29 14:30:00-04:00,196.13999938964844,197.25,196.13999938964844,196.60000610351562,20873,0.0,0.0
2023-09-29 15:30:00-04:00,196.5500030517578,197.16000366210938,196.10000610351562,196.47999572753906,62710,0.0,0.0
2023-10-02 09:30:00-04:00,195.19000244140625,195.71429443359375,193.55999755859375,195.07000732421875,28468,0.0,0.0
2023-10-02 10:30:00-04:00,195.3300018310547,195.35000610351562,194.0500030517578,195.19000244140625,17848,0.0,0.0
2023-10-02 11:30:00-04:00,195.47000122070312,195.47999572753906,194.4600067138672,194.89999389648438,18153,0.0,0.0
2023-10-02 12:30:00-04:00,194.94500732421875,195.25999450683594,194.28500366210938,194.9199981689453,16389,0.0,0.0
2023-10-02 13:30:00-04:00,194.89999389648438,196.17999267578125,194.89999389648438,195.32000732421875,19625,0.0,0.0
2023-10-02 14:30:00-04:00,195.64999389648438,195.7899932861328,195.1199951171875,195.49000549316406,27521,0.0,0.0
2023-10-02 15:30:00-04:00,195.3800048828125,195.97999572753906,195.24000549316406,195.8800048828125,38325,0.0,0.0
2023-10-03 09:30:00-04:00,195.5,195.5,192.89999389648438,192.89999389648438,18076,0.0,0.0
2023-10-03 10:30:00-04:00,192.8000030517578,194.8699951171875,192.8000030517578,194.66000366210938,13431,0.0,0.0
2023-10-03 11:30:00-04:00,194.44000244140625,195.22000122070312,194.11000061035156,195.2050018310547,17979,0.0,0.0
2023-10-03 12:30:00-04:00,195.3300018310547,195.86000061035156,195.1300048828125,195.32000732421875,18442,0.0,0.0
2023-10-03 13:30:00-04:00,195.4550018310547,195.47000122070312,194.02499389648438,194.5,30417,0.0,0.0
2023-10-03 14:30:00-04:00,194.72000122070312,195.42999267578125,194.63999938964844,195.13999938964844,29025,0.0,0.0
2023-10-03 15:30:00-04:00,195.07000732421875,195.27999877929688,193.4600067138672,193.6999969482422,105042,0.0,0.0
2023-10-04 09:30:00-04:00,193.99000549316406,194.1699981689453,191.85499572753906,192.4875030517578,18921,0.0,0.0
2023-10-04 10:30:00-04:00,192.36000061035156,192.8699951171875,191.86000061035156,192.60000610351562,13153,0.0,0.0
2023-10-04 11:30:00-04:00,192.73500061035156,193.4600067138672,192.58999633789062,193.4600067138672,16741,0.0,0.0
2023-10-04 12:30:00-04:00,193.94500732421875,193.94500732421875,193.2100067138672,193.4550018310547,15434,0.0,0.0
2023-10-04 13:30:00-04:00,193.35000610351562,194.13999938964844,193.3000030517578,194.0,27281,0.0,0.0
2023-10-04 14:30:00-04:00,194.00999450683594,195.36500549316406,193.89999389648438,195.27000427246094,32501,0.0,0.0
2023-10-04 15:30:00-04:00,195.3000030517578,195.88499450683594,195.27999877929688,195.3699951171875,60932,0.0,0.0
2023-10-05 09:30:00-04:00,195.6300048828125,197.41000366210938,195.52000427246094,196.26499938964844,12694,0.0,0.0
2023-10-05 10:30:00-04:00,196.22999572753906,196.22999572753906,195.1699981689453,195.9149932861328,18652,0.0,0.0
2023-10-05 11:30:00-04:00,195.8300018310547,195.8300018310547,194.66000366210938,195.35000610351562,41553,0.0,0.0
2023-10-05 12:30:00-04:00,195.61000061035156,195.78500366210938,194.9199981689453,195.4199981689453,16366,0.0,0.0
2023-10-05 13:30:00-04:00,195.4199981689453,196.3300018310547,195.3300018310547,196.19500732421875,25937,0.0,0.0
2023-10-05 14:30:00-04:00,196.32000732421875,197.05999755859375,196.32000732421875,196.8000030517578,31391,0.0,0.0
2023-10-05 15:30:00-04:00,196.8350067138672,196.83999633789062,196.25,196.4199981689453,59361,0.0,0.0
2023-10-06 09:30:00-04:00,195.07000732421875,196.6280059814453,194.81430053710938,195.6199951171875,11509,0.0,0.0
2023-10-06 10:30:00-04:00,195.92999267578125,197.0749969482422,195.6199951171875,197.0749969482422,13115,0.0,0.0
2023-10-06 11:30:00-04:00,197.30999755859375,198.66000366210938,197.0,198.2449951171875,19322,0.0,0.0
2023-10-06 12:30:00-04:00,198.13999938964844,198.66990661621094,197.23500061035156,197.39999389648438,23387,0.0,0.0
2023-10-06 13:30:00-04:00,197.3000030517578,197.81610107421875,196.56500244140625,196.94500732421875,25700,0.0,0.0
2023-10-06 14:30:00-04:00,196.9593048095703,197.72500610351562,196.85000610351562,197.01499938964844,25717,0.0,0.0
2023-10-06 15:30:00-04:00,196.94000244140625,197.4199981689453,196.58999633789062,196.7899932861328,110484,0.0,0.0
2023-10-09 09:30:00-04:00,195.25,196.52499389648438,194.85000610351562,194.92970275878906,14140,0.0,0.0
2023-10-09 10:30:00-04:00,194.47000122070312,194.7100067138672,193.74000549316406,194.22000122070312,11726,0.0,0.0
2023-10-09 11:30:00-04:00,194.22000122070312,195.0800018310547,193.88999938964844,195.0,14222,0.0,0.0
2023-10-09 12:30:00-04:00,194.86000061035156,194.97950744628906,194.41000366210938,194.6699981689453,13513,0.0,0.0
2023-10-09 13:30:00-04:00,194.65499877929688,195.85000610351562,194.65499877929688,195.39999389648438,28699,0.0,0.0
2023-10-09 14:30:00-04:00,195.57000732421875,195.63999938964844,195.2899932861328,195.375,28436,0.0,0.0
2023-10-09 15:30:00-04:00,195.34750366210938,195.34750366210938,194.8000030517578,194.94000244140625,24047,0.0,0.0
2023-10-10 09:30:00-04:00,194.7899932861328,196.36000061035156,193.3000030517578,196.02999877929688,16651,0.0,0.0
2023-10-10 10:30:00-04:00,195.9600067138672,197.19000244140625,195.75,197.02999877929688,21858,0.0,0.0
2023-10-10 11:30:00-04:00,197.08749389648438,198.08999633789062,197.02000427246094,198.0850067138672,21063,0.0,0.0
2023-10-10 12:30:00-04:00,198.16000366210938,198.74000549316406,198.02000427246094,198.38999938964844,21380,0.0,0.0
2023-10-10 13:30:00-04:00,198.47000122070312,198.9550018310547,198.2949981689453,198.5399932861328,28736,0.0,0.0
2023-10-10 14:30:00-04:00,198.54750061035156,198.69000244140625,198.17999267578125,198.67999267578125,31857,0.0,0.0
2023-10-10 15:30:00-04:00,198.7050018310547,199.42999267578125,198.6300048828125,199.27999877929688,76122,0.0,0.0
2023-10-11 09:30:00-04:00,198.55999755859375,198.55999755859375,192.25999450683594,193.0,20971,0.0,0.0
2023-10-11 10:30:00-04:00,192.88499450683594,192.88499450683594,191.3300018310547,192.4499969482422,17613,0.0,0.0
2023-10-11 11:30:00-04:00,192.5399932861328,193.97000122070312,192.47999572753906,192.63999938964844,23338,0.0,0.0
2023-10-11 12:30:00-04:00,192.7100067138672,192.7100067138672,192.10000610351562,192.3896026611328,10443,0.0,0.0
2023-10-11 13:30:00-04:00,192.1649932861328,192.22999572753906,191.14999389648438,191.39500427246094,17849,0.0,0.0
2023-10-11 14:30:00-04:00,191.4199981689453,191.88999938964844,190.83999633789062,191.6699981689453,26336,0.0,0.0
2023-10-11 15:30:00-04:00,191.66000366210938,192.39999389648438,191.66000366210938,192.2100067138672,37685,0.0,0.0
2023-10-12 09:30:00-04:00,192.25,192.25,187.69000244140625,187.86000061035156,37476,0.0,0.0
2023-10-12 10:30:00-04:00,188.00999450683594,189.72999572753906,187.3800048828125,189.72000122070312,32716,0.0,0.0
2023-10-12 11:30:00-04:00,189.5399932861328,189.9499969482422,189.06500244140625,189.91000366210938,20006,0.0,0.0
2023-10-12 12:30:00-04:00,189.9199981689453,190.0449981689453,187.8699951171875,187.9499969482422,18921,0.0,0.0
2023-10-12 13:30:00-04:00,187.71499633789062,188.16000366210938,187.25,188.125,29509,0.0,0.0
2023-10-12 14:30:00-04:00,188.125,188.27000427246094,187.13999938964844,187.5,43490,0.0,0.0
2023-10-12 15:30:00-04:00,187.6699981689453,188.0399932861328,186.9499969482422,187.35000610351562,59863,0.0,0.0
2023-10-13 09:30:00-04:00,186.89999389648438,189.88499450683594,186.89999389648438,188.83999633789062,18623,0.0,0.0
2023-10-13 10:30:00-04:00,188.8699951171875,189.5399932861328,188.5,188.52000427246094,24698,0.0,0.0
2023-10-13 11:30:00-04:00,188.92999267578125,189.50999450683594,188.39500427246094,189.1300048828125,23983,0.0,0.0
2023-10-13 12:30:00-04:00,189.22999572753906,189.52149963378906,188.77999877929688,189.27000427246094,26002,0.0,0.0
2023-10-13 13:30:00-04:00,189.27999877929688,189.88999938964844,188.98500061035156,189.10000610351562,25010,0.0,0.0
2023-10-13 14:30:00-04:00,189.19000244140625,189.72999572753906,188.75999450683594,189.0399932861328,45903,0.0,0.0
2023-10-13 15:30:00-04:00,189.27499389648438,189.72999572753906,188.9199981689453,189.58999633789062,102080,0.0,0.0
2023-10-16 09:30:00-04:00,191.60000610351562,192.83700561523438,188.83999633789062,191.35009765625,19216,0.0,0.0
2023-10-16 10:30:00-04:00,191.75999450683594,191.77999877929688,190.75999450683594,191.22000122070312,19346,0.0,0.0
2023-10-16 11:30:00-04:00,191.08999633789062,192.3000030517578,190.9499969482422,192.3000030517578,86799,0.0,0.0
2023-10-16 12:30:00-04:00,192.36000061035156,192.69000244140625,191.4199981689453,192.24000549316406,23927,0.0,0.0
2023-10-16 13:30:00-04:00,191.9600067138672,192.2100067138672,191.5399932861328,191.55499267578125,21781,0.0,0.0
2023-10-16 14:30:00-04:00,191.48500061035156,191.9199981689453,191.2899932861328,191.9199981689453,30687,0.0,0.0
2023-10-16 15:30:00-04:00,192.02000427246094,192.02000427246094,190.89999389648438,191.08999633789062,91081,0.0,0.0
2023-10-17 09:30:00-04:00,188.1999969482422,195.1999969482422,187.1699981689453,194.2449951171875,64913,0.0,0.0
2023-10-17 10:30:00-04:00,194.22999572753906,195.1199951171875,194.11000061035156,194.44500732421875,18680,0.0,0.0
2023-10-17 11:30:00-04:00,194.85000610351562,195.5050048828125,194.61000061035156,195.35000610351562,37832,0.0,0.0
2023-10-17 12:30:00-04:00,195.40499877929688,195.77999877929688,194.25999450683594,195.33999633789062,109479,0.0,0.0
2023-10-17 13:30:00-04:00,195.2449951171875,195.3000030517578,193.75999450683594,193.91000366210938,15741,0.0,0.0
2023-10-17 14:30:00-04:00,193.8300018310547,194.9199981689453,193.71499633789062,194.55999755859375,24966,0.0,0.0
2023-10-17 15:30:00-04:00,194.36500549316406,194.36500549316406,193.5800018310547,194.00999450683594,32601,0.0,0.0
2023-10-18 09:30:00-04:00,194.64999389648438,194.64999389648438,192.9499969482422,193.07000732421875,17539,0.0,0.0
2023-10-18 10:30:00-04:00,192.89999389648438,193.17999267578125,191.47000122070312,192.5399932861328,38960,0.0,0.0
2023-10-18 11:30:00-04:00,192.1999969482422,192.64999389648438,191.9600067138672,192.46029663085938,9723,0.0,0.0
2023-10-18 12:30:00-04:00,192.1999969482422,193.36500549316406,192.1999969482422,192.98500061035156,17064,0.0,0.0
2023-10-18 13:30:00-04:00,193.0,193.5399932861328,192.125,192.92999267578125,21050,0.0,0.0
2023-10-18 14:30:00-04:00,192.8300018310547,192.8300018310547,191.92999267578125,192.08999633789062,25158,0.0,0.0
2023-10-18 15:30:00-04:00,191.92999267578125,192.02999877929688,191.3000030517578,191.86000061035156,47698,0.0,0.0
2023-10-19 09:30:00-04:00,191.4199981689453,192.11000061035156,189.05999755859375,189.093994140625,17073,0.0,0.0
2023-10-19 10:30:00-04:00,188.9499969482422,190.00999450683594,188.50999450683594,189.83999633789062,34118,0.0,0.0
2023-10-19 11:30:00-04:00,189.9199981689453,191.41000366210938,189.35000610351562,189.6199951171875,30342,0.0,0.0
2023-10-19 12:30:00-04:00,189.72000122070312,191.05999755859375,188.93499755859375,190.35000610351562,31649,0.0,0.0
2023-10-19 13:30:00-04:00,190.5,190.5,188.3300018310547,188.43499755859375,20489,0.0,0.0
2023-10-19 14:30:00-04:00,188.17999267578125,188.17999267578125,187.1750030517578,187.30999755859375,43598,0.0,0.0
2023-10-19 15:30:00-04:00,187.35000610351562,187.52999877929688,185.85000610351562,186.02000427246094,64547,0.0,0.0
2023-10-20 09:30:00-04:00,186.3300018310547,188.21499633789062,185.91299438476562,187.3699951171875,26123,0.0,0.0
2023-10-20 10:30:00-04:00,187.02000427246094,188.41000366210938,186.83009338378906,188.07000732421875,22185,0.0,0.0
2023-10-20 11:30:00-04:00,187.6999969482422,188.91000366210938,187.39500427246094,188.6300048828125,13430,0.0,0.0
2023-10-20 12:30:00-04:00,188.77000427246094,189.61000061035156,188.50999450683594,189.61000061035156,15033,0.0,0.0
2023-10-20 13:30:00-04:00,189.3800048828125,189.7100067138672,188.74000549316406,189.07000732421875,15060,0.0,0.0
2023-10-20 14:30:00-04:00,189.05999755859375,189.61000061035156,188.30499267578125,188.69000244140625,30239,0.0,0.0
2023-10-20 15:30:00-04:00,188.72000122070312,188.80999755859375,187.42999267578125,187.58999633789062,51497,0.0,0.0
2023-10-23 09:30:00-04:00,186.72000122070312,189.17999267578125,186.06500244140625,187.60000610351562,24877,0.0,0.0
2023-10-23 10:30:00-04:00,187.55999755859375,187.59500122070312,186.4499969482422,187.52000427246094,22833,0.0,0.0
2023-10-23 11:30:00-04:00,187.66000366210938,188.6300048828125,187.52999877929688,188.1999969482422,19867,0.0,0.0
2023-10-23 12:30:00-04:00,188.1999969482422,188.8699951171875,188.07000732421875,188.8699951171875,17453,0.0,0.0
2023-10-23 13:30:00-04:00,188.94000244140625,189.25999450683594,187.6739959716797,188.22999572753906,40011,0.0,0.0
2023-10-23 14:30:00-04:00,188.2550048828125,188.5500030517578,187.22000122070312,187.6199951171875,41390,0.0,0.0
2023-10-23 15:30:00-04:00,187.61500549316406,188.07000732421875,187.3800048828125,187.7100067138672,62561,0.0,0.0
2023-10-24 09:30:00-04:00,187.49000549316406,189.1999969482422,186.44000244140625,189.02999877929688,18784,0.0,0.0
2023-10-24 10:30:00-04:00,189.0399932861328,189.7100067138672,188.52999877929688,188.52999877929688,22761,0.0,0.0
2023-10-24 11:30:00-04:00,188.5749969482422,189.44000244140625,188.51499938964844,188.6300048828125,22656,0.0,0.0
2023-10-24 12:30:00-04:00,188.74000549316406,189.33999633789062,188.3000030517578,189.1699981689453,28836,0.0,0.0
2023-10-24 13:30:00-04:00,189.2899932861328,190.15499877929688,188.9199981689453,189.55999755859375,33928,0.0,0.0
2023-10-24 14:30:00-04:00,189.55999755859375,190.3699951171875,189.55999755859375,190.10499572753906,35959,0.0,0.0
2023-10-24 15:30:00-04:00,190.08920288085938,190.1300048828125,189.47999572753906,189.50999450683594,69609,0.0,0.0
2023-10-25 09:30:00-04:00,187.1300048828125,187.22500610351562,183.75,186.16000366210938,25528,0.0,0.0
2023-10-25 10:30:00-04:00,186.3000030517578,187.97000122070312,186.19500732421875,187.85000610351562,15743,0.0,0.0
2023-10-25 11:30:00-04:00,187.7550048828125,187.77999877929688,186.72999572753906,187.58999633789062,18477,0.0,0.0
2023-10-25 12:30:00-04:00,187.72000122070312,187.73500061035156,186.67999267578125,186.67999267578125,18299,0.0,0.0
2023-10-25 13:30:00-04:00,186.5500030517578,186.72000122070312,185.38499450683594,185.38499450683594,13942,0.0,0.0
2023-10-25 14:30:00-04:00,185.53750610351562,186.1999969482422,185.24000549316406,185.3699951171875,19357,0.0,0.0
2023-10-25 15:30:00-04:00,185.3800048828125,185.83999633789062,185.22999572753906,185.39999389648438,42996,0.0,0.0
2023-10-26 09:30:00-04:00,184.4499969482422,185.97569274902344,183.64999389648438,183.97500610351562,21744,0.0,0.0
2023-10-26 10:30:00-04:00,183.64999389648438,185.63499450683594,183.22000122070312,184.88999938964844,17627,0.0,0.0
2023-10-26 11:30:00-04:00,184.75,184.8300018310547,183.6699981689453,183.81500244140625,15273,0.0,0.0
2023-10-26 12:30:00-04:00,183.78500366210938,183.78500366210938,182.6300048828125,182.6300048828125,15596,0.0,0.0
2023-10-26 13:30:00-04:00,182.5500030517578,183.10000610351562,182.25,182.55999755859375,15099,0.0,0.0
2023-10-26 14:30:00-04:00,182.77000427246094,183.5863037109375,182.02000427246094,182.02000427246094,26858,0.0,0.0
2023-10-26 15:30:00-04:00,181.89999389648438,182.1699981689453,180.83999633789062,180.83999633789062,72165,0.0,0.0
2023-10-27 09:30:00-04:00,182.91000366210938,182.91000366210938,178.82000732421875,180.35000610351562,19992,0.0,0.0
2023-10-27 10:30:00-04:00,180.74000549316406,181.2100067138672,180.1199951171875,180.24000549316406,20902,0.0,0.0
2023-10-27 11:30:00-04:00,179.99000549316406,180.19000244140625,179.05999755859375,179.11000061035156,13535,0.0,0.0
2023-10-27 12:30:00-04:00,179.22000122070312,179.89999389648438,178.86000061035156,178.88499450683594,22787,0.0,0.0
2023-10-27 13:30:00-04:00,178.89999389648438,179.8000030517578,178.6699981689453,178.97000122070312,15212,0.0,0.0
2023-10-27 14:30:00-04:00,179.00999450683594,179.8800048828125,178.77999877929688,179.1999969482422,30027,0.0,0.0
2023-10-27 15:30:00-04:00,179.1699981689453,179.55999755859375,178.8800048828125,179.5399932861328,43293,0.0,0.0
2023-10-30 09:30:00-04:00,180.75,182.75,177.63299560546875,178.50999450683594,24899,0.0,0.0
2023-10-30 10:30:00-04:00,178.44000244140625,179.10000610351562,177.85000610351562,179.0800018310547,22110,0.0,0.0
2023-10-30 11:30:00-04:00,179.21499633789062,179.67999267578125,178.9700927734375,179.67999267578125,30544,0.0,0.0
2023-10-30 12:30:00-04:00,179.5399932861328,180.6999969482422,179.4199981689453,180.58900451660156,17147,0.0,0.0
2023-10-30 13:30:00-04:00,180.4842987060547,180.77529907226562,179.67999267578125,180.3470001220703,78989,0.0,0.0
2023-10-30 14:30:00-04:00,180.30999755859375,180.72999572753906,179.8300018310547,179.8300018310547,43519,0.0,0.0
2023-10-30 15:30:00-04:00,180.00999450683594,180.00999450683594,179.1999969482422,179.3300018310547,57790,0.0,0.0
2023-10-31 09:30:00-04:00,180.77000427246094,183.58999633789062,178.82989501953125,182.58999633789062,19829,0.0,0.0
2023-10-31 10:30:00-04:00,182.75999450683594,183.9600067138672,182.52000427246094,183.9199981689453,43610,0.0,0.0
2023-10-31 11:30:00-04:00,183.64500427246094,184.74000549316406,183.02000427246094,183.5,55153,0.0,0.0
2023-10-31 12:30:00-04:00,183.5,184.3800048828125,183.18499755859375,183.64999389648438,22174,0.0,0.0
2023-10-31 13:30:00-04:00,183.6300048828125,185.0,183.6300048828125,184.89500427246094,45146,0.0,0.0
2023-10-31 14:30:00-04:00,184.9199981689453,186.24000549316406,184.8863983154297,185.6699981689453,81101,0.0,0.0
2023-10-31 15:30:00-04:00,185.55999755859375,185.55999755859375,184.36000061035156,184.75999450683594,125110,0.0,0.0
2023-11-01 09:30:00-04:00,185.25,186.21749877929688,183.90890502929688,184.7899932861328,48130,0.0,0.0
2023-11-01 10:30:00-04:00,184.57000732421875,186.4199981689453,184.57000732421875,185.5,39394,0.0,0.0
2023-11-01 11:30:00-04:00,185.1699981689453,186.77000427246094,185.10000610351562,186.75999450683594,75191,0.0,0.0
2023-11-01 12:30:00-04:00,186.38999938964844,186.69000244140625,184.7100067138672,185.22999572753906,56447,0.0,0.0
2023-11-01 13:30:00-04:00,185.13499450683594,186.55999755859375,184.99000549316406,186.42999267578125,44620,0.0,0.0
2023-11-01 14:30:00-04:00,186.43499755859375,188.3800048828125,185.47000122070312,187.85000610351562,246056,0.0,0.0
2023-11-01 15:30:00-04:00,187.81500244140625,188.1699981689453,186.85000610351562,187.75,194455,0.0,0.0
2023-11-02 09:30:00-04:00,191.9600067138672,206.78500366210938,190.48500061035156,206.64999389648438,124135,0.0,0.0
2023-11-02 10:30:00-04:00,206.8800048828125,209.0500030517578,204.66000366210938,204.92999267578125,96917,0.0,0.0
2023-11-02 11:30:00-04:00,204.7100067138672,208.11000061035156,204.61000061035156,206.77999877929688,50416,0.0,0.0
2023-11-02 12:30:00-04:00,206.94200134277344,208.08999633789062,204.57000732421875,205.9149932861328,83039,0.0,0.0
2023-11-02 13:30:00-04:00,206.2550048828125,209.28500366210938,206.14999389648438,209.22999572753906,61537,0.0,0.0
2023-11-02 14:30:00-04:00,209.22999572753906,209.26699829101562,206.83999633789062,208.0399932861328,76158,0.0,0.0
2023-11-02 15:30:00-04:00,208.13999938964844,209.52999877929688,208.13999938964844,209.02000427246094,146923,0.0,0.0
2023-11-03 09:30:00-04:00,211.8800048828125,212.25999450683594,202.90499877929688,205.9149932861328,107126,0.0,0.0
2023-11-03 10:30:00-04:00,205.5500030517578,207.33999633789062,204.52000427246094,206.92999267578125,45577,0.0,0.0
2023-11-03 11:30:00-04:00,207.4550018310547,208.3300018310547,207.0850067138672,208.125,23854,0.0,0.0
2023-11-03 12:30:00-04:00,208.2899932861328,209.90499877929688,208.2899932861328,209.90499877929688,69210,0.0,0.0
2023-11-03 13:30:00-04:00,210.0,210.49000549316406,209.72999572753906,210.49000549316406,31585,0.0,0.0
2023-11-03 14:30:00-04:00,210.25,211.52000427246094,209.96499633789062,211.3350067138672,41532,0.0,0.0
2023-11-03 15:30:00-04:00,211.27499389648438,213.00999450683594,211.0,211.02999877929688,110020,0.0,0.0
2023-11-06 09:30:00-05:00,211.0,213.1199951171875,209.76499938964844,211.97999572753906,52548,0.0,0.0
2023-11-06 10:30:00-05:00,211.97000122070312,214.44000244140625,211.97000122070312,214.44000244140625,31053,0.0,0.0
2023-11-06 11:30:00-05:00,214.3000030517578,214.4499969482422,213.4656982421875,213.67999267578125,28616,0.0,0.0
2023-11-06 12:30:00-05:00,213.86000061035156,214.4199981689453,213.48500061035156,213.8800048828125,43027,0.0,0.0
2023-11-06 13:30:00-05:00,213.82000732421875,213.86000061035156,212.55999755859375,212.55999755859375,48410,0.0,0.0
2023-11-06 14:30:00-05:00,212.49000549316406,213.7100067138672,211.3300018310547,212.66000366210938,73423,0.0,0.0
2023-11-06 15:30:00-05:00,212.5749969482422,213.49000549316406,211.13999938964844,213.0800018310547,121259,0.0,0.0
2023-11-07 09:30:00-05:00,211.85000610351562,211.86000061035156,207.6999969482422,208.30999755859375,51015,0.0,0.0
2023-11-07 10:30:00-05:00,208.42999267578125,209.36500549316406,207.07000732421875,208.13999938964844,33496,0.0,0.0
2023-11-07 11:30:00-05:00,208.44000244140625,208.8699951171875,207.42999267578125,207.5800018310547,16842,0.0,0.0
2023-11-07 12:30:00-05:00,207.64999389648438,207.69000244140625,206.27000427246094,206.75,34527,0.0,0.0
2023-11-07 13:30:00-05:00,206.6999969482422,206.92999267578125,204.8300018310547,205.11500549316406,53705,0.0,0.0
2023-11-07 14:30:00-05:00,205.10499572753906,205.86000061035156,204.76499938964844,205.125,88754,0.0,0.0
2023-11-07 15:30:00-05:00,205.0399932861328,205.1300048828125,204.2899932861328,204.77999877929688,100183,0.0,0.0
2023-11-08 09:30:00-05:00,206.69000244140625,207.5,202.3249969482422,202.92999267578125,27414,0.0,0.0
2023-11-08 10:30:00-05:00,202.63999938964844,202.6999969482422,201.30999755859375,201.39999389648438,27299,0.0,0.0
2023-11-08 11:30:00-05:00,201.23500061035156,202.25,199.97999572753906,200.1999969482422,50677,0.0,0.0
2023-11-08 12:30:00-05:00,200.5500030517578,201.49000549316406,200.52999877929688,200.91000366210938,27696,0.0,0.0
2023-11-08 13:30:00-05:00,200.9600067138672,201.11500549316406,200.5399932861328,200.93499755859375,22064,0.0,0.0
2023-11-08 14:30:00-05:00,200.89999389648438,201.1999969482422,200.3800048828125,200.72500610351562,43335,0.0,0.0
2023-11-08 15:30:00-05:00,200.6999969482422,200.74000549316406,199.97999572753906,200.52000427246094,107424,0.0,0.0
2023-11-09 09:30:00-05:00,200.32000732421875,202.24000549316406,199.13999938964844,199.7550048828125,27910,0.0,0.0
2023-11-09 10:30:00-05:00,199.7449951171875,200.57000732421875,199.44500732421875,200.47000122070312,18399,0.0,0.0
2023-11-09 11:30:00-05:00,200.4600067138672,201.6699981689453,200.30499267578125,201.6699981689453,18894,0.0,0.0
2023-11-09 12:30:00-05:00,201.4600067138672,202.1199951171875,200.28700256347656,200.97000122070312,15697,0.0,0.0
2023-11-09 13:30:00-05:00,200.82000732421875,201.01499938964844,199.07000732421875,199.36000061035156,16654,0.0,0.0
2023-11-09 14:30:00-05:00,199.36500549316406,199.44500732421875,198.58999633789062,198.60000610351562,31648,0.0,0.0
2023-11-09 15:30:00-05:00,198.72000122070312,199.32000732421875,198.55499267578125,198.99000549316406,67044,0.0,0.0
2023-11-10 09:30:00-05:00,199.2899932861328,199.2899932861328,196.57009887695312,197.0399932861328,15237,0.0,0.0
2023-11-10 10:30:00-05:00,197.35000610351562,198.1649932861328,197.08999633789062,197.47999572753906,18703,0.0,0.0
2023-11-10 11:30:00-05:00,197.25,198.0800018310547,197.17999267578125,197.86000061035156,17370,0.0,0.0
2023-11-10 12:30:00-05:00,197.80999755859375,198.52000427246094,197.78750610351562,198.3300018310547,20497,0.0,0.0
2023-11-10 13:30:00-05:00,198.33999633789062,199.3699951171875,198.11000061035156,198.77000427246094,20222,0.0,0.0
2023-11-10 14:30:00-05:00,198.8800048828125,200.60000610351562,198.8800048828125,200.49000549316406,36939,0.0,0.0
2023-11-10 15:30:00-05:00,200.68499755859375,200.68499755859375,199.75999450683594,200.02999877929688,44120,0.0,0.0
2023-11-13 09:30:00-05:00,202.77000427246094,204.14999389648438,202.40499877929688,203.6125946044922,42409,0.0,0.0
2023-11-13 10:30:00-05:00,203.52999877929688,206.05999755859375,203.47999572753906,205.77000427246094,21729,0.0,0.0
2023-11-13 11:30:00-05:00,205.85000610351562,207.19000244140625,205.63999938964844,207.11329650878906,46254,0.0,0.0
2023-11-13 12:30:00-05:00,207.17999267578125,207.5,205.17999267578125,205.66000366210938,30525,0.0,0.0
2023-11-13 13:30:00-05:00,205.85000610351562,206.30999755859375,205.47000122070312,205.97999572753906,23233,0.0,0.0
2023-11-13 14:30:00-05:00,205.99000549316406,206.1300048828125,205.32000732421875,205.3800048828125,26785,0.0,0.0
2023-11-13 15:30:00-05:00,205.44000244140625,205.5500030517578,203.83999633789062,203.86000061035156,49609,0.0,0.0
2023-11-14 09:30:00-05:00,207.8800048828125,212.72000122070312,206.7100067138672,212.01499938964844,40826,0.0,0.0
2023-11-14 10:30:00-05:00,211.7899932861328,212.85499572753906,211.27000427246094,211.7899932861328,39817,0.0,0.0
2023-11-14 11:30:00-05:00,211.6197967529297,211.71499633789062,209.66000366210938,210.02000427246094,18620,0.0,0.0
2023-11-14 12:30:00-05:00,210.0850067138672,210.19000244140625,209.1699981689453,209.7899932861328,18802,0.0,0.0
2023-11-14 13:30:00-05:00,209.94000244140625,210.1699981689453,208.99000549316406,208.99000549316406,15554,0.0,0.0
2023-11-14 14:30:00-05:00,209.27999877929688,210.4250030517578,209.17999267578125,210.13999938964844,32077,0.0,0.0
2023-11-14 15:30:00-05:00,210.05999755859375,210.1699981689453,209.52000427246094,209.9600067138672,38531,0.0,0.0
2023-11-15 09:30:00-05:00,209.50999450683594,212.58999633789062,207.72000122070312,212.13999938964844,67227,0.0,0.0
2023-11-15 10:30:00-05:00,212.30499267578125,212.49000549316406,211.3699951171875,211.60000610351562,28823,0.0,0.0
2023-11-15 11:30:00-05:00,211.55999755859375,212.33999633789062,211.13999938964844,212.0,22521,0.0,0.0
2023-11-15 12:30:00-05:00,212.02999877929688,212.02999877929688,210.86000061035156,211.41000366210938,37623,0.0,0.0
2023-11-15 13:30:00-05:00,211.4550018310547,212.00999450683594,211.41000366210938,211.9149932861328,18980,0.0,0.0
2023-11-15 14:30:00-05:00,211.9149932861328,212.0500030517578,211.52000427246094,211.9510040283203,53387,0.0,0.0
2023-11-15 15:30:00-05:00,211.8699951171875,211.97999572753906,211.13999938964844,211.63999938964844,66519,0.0,0.0
2023-11-16 09:30:00-05:00,213.49000549316406,213.89999389648438,212.50999450683594,213.11000061035156,31561,0.0,0.0
2023-11-16 10:30:00-05:00,212.8800048828125,213.14999389648438,211.77999877929688,212.52999877929688,35663,0.0,0.0
2023-11-16 11:30:00-05:00,212.80999755859375,213.75,212.80999755859375,213.00999450683594,26268,0.0,0.0
2023-11-16 12:30:00-05:00,213.01499938964844,215.58999633789062,212.89999389648438,215.1750030517578,53276,0.0,0.0
2023-11-16 13:30:00-05:00,215.19000244140625,215.96499633789062,214.99000549316406,215.4499969482422,48148,0.0,0.0
2023-11-16 14:30:00-05:00,215.44000244140625,215.69500732421875,214.27000427246094,214.55999755859375,40032,0.0,0.0
2023-11-16 15:30:00-05:00,214.47000122070312,214.47000122070312,213.52000427246094,213.69000244140625,58595,0.0,0.0
2023-11-17 09:30:00-05:00,215.3000030517578,215.88999938964844,213.0399932861328,214.3300018310547,34469,0.0,0.0
2023-11-17 10:30:00-05:00,214.22999572753906,214.38999938964844,212.27000427246094,212.42999267578125,17174,0.0,0.0
2023-11-17 11:30:00-05:00,212.35000610351562,212.52999877929688,211.32000732421875,211.42999267578125,10287,0.0,0.0
2023-11-17 12:30:00-05:00,211.30999755859375,212.13250732421875,211.23809814453125,211.99000549316406,22197,0.0,0.0
2023-11-17 13:30:00-05:00,212.05999755859375,212.19000244140625,211.47999572753906,211.77850341796875,34868,0.0,0.0
2023-11-17 14:30:00-05:00,212.05499267578125,212.42999267578125,211.8300018310547,212.31500244140625,18767,0.0,0.0
2023-11-17 15:30:00-05:00,212.16000366210938,212.92999267578125,211.97000122070312,212.77000427246094,46313,0.0,0.0
2023-11-20 09:30:00-05:00,212.36000061035156,214.13999938964844,209.99000549316406,213.67999267578125,24536,0.0,0.0
2023-11-20 10:30:00-05:00,213.16000366210938,214.47000122070312,213.13999938964844,213.6699981689453,17164,0.0,0.0
2023-11-20 11:30:00-05:00,213.8699951171875,214.19000244140625,213.68380737304688,214.02999877929688,9618,0.0,0.0
2023-11-20 12:30:00-05:00,213.99000549316406,215.64999389648438,213.99000549316406,215.4304962158203,15887,0.0,0.0
2023-11-20 13:30:00-05:00,215.38999938964844,215.74000549316406,215.375,215.3800048828125,12529,0.0,0.0
2023-11-20 14:30:00-05:00,215.3699951171875,215.7050018310547,215.22999572753906,215.6699981689453,17478,0.0,0.0
2023-11-20 15:30:00-05:00,215.7050018310547,215.7050018310547,214.63999938964844,214.63999938964844,53239,0.0,0.0
2023-11-21 09:30:00-05:00,215.4499969482422,216.9499969482422,214.23219299316406,216.72000122070312,17746,0.0,0.0
2023-11-21 10:30:00-05:00,216.27999877929688,217.38999938964844,215.8800048828125,217.1699981689453,12829,0.0,0.0
2023-11-21 11:30:00-05:00,216.9499969482422,217.82000732421875,216.9499969482422,217.78500366210938,17469,0.0,0.0
2023-11-21 12:30:00-05:00,217.7550048828125,218.0399932861328,217.03500366210938,217.92999267578125,25980,0.0,0.0
2023-11-21 13:30:00-05:00,218.02999877929688,218.1199951171875,216.57000732421875,216.69000244140625,17345,0.0,0.0
2023-11-21 14:30:00-05:00,216.60000610351562,216.88999938964844,216.5,216.8000030517578,17671,0.0,0.0
2023-11-21 15:30:00-05:00,216.7100067138672,216.8800048828125,216.36000061035156,216.64999389648438,32187,0.0,0.0
2023-11-22 09:30:00-05:00,218.50999450683594,219.4600067138672,216.3300018310547,219.0800018310547,9074,0.0,0.0
2023-11-22 10:30:00-05:00,218.6199951171875,219.3800048828125,218.6199951171875,218.88999938964844,8163,0.0,0.0
2023-11-22 11:30:00-05:00,218.9199981689453,219.41000366210938,218.4600067138672,218.4600067138672,9910,0.0,0.0
2023-11-22 12:30:00-05:00,218.40499877929688,218.6999969482422,218.11000061035156,218.11000061035156,7420,0.0,0.0
2023-11-22 13:30:00-05:00,218.07000732421875,218.35499572753906,217.88999938964844,218.27999877929688,9038,0.0,0.0
2023-11-22 14:30:00-05:00,218.375,218.4199981689453,217.78500366210938,218.4199981689453,15109,0.0,0.0
2023-11-22 15:30:00-05:00,218.42999267578125,218.7899932861328,218.07000732421875,218.17999267578125,37731,0.0,0.0
2023-11-24 09:30:00-05:00,218.3300018310547,220.3000030517578,217.5305938720703,220.14999389648438,12850,0.0,0.0
2023-11-24 10:30:00-05:00,220.14999389648438,220.5299072265625,219.75,220.23500061035156,11817,0.0,0.0
2023-11-24 11:30:00-05:00,220.16000366210938,220.25,218.57000732421875,218.57000732421875,14386,0.0,0.0
2023-11-27 09:30:00-05:00,218.9600067138672,220.25999450683594,216.99029541015625,219.14999389648438,16387,0.0,0.0
2023-11-27 10:30:00-05:00,219.38999938964844,220.08999633789062,219.14999389648438,219.89999389648438,20401,0.0,0.0
2023-11-27 11:30:00-05:00,219.47950744628906,220.02999877929688,219.22999572753906,219.64999389648438,17507,0.0,0.0
2023-11-27 12:30:00-05:00,219.76499938964844,220.10000610351562,219.55999755859375,220.0800018310547,12610,0.0,0.0
2023-11-27 13:30:00-05:00,220.27000427246094,220.55999755859375,219.88999938964844,219.9600067138672,12780,0.0,0.0
2023-11-27 14:30:00-05:00,219.92999267578125,219.92999267578125,218.94439697265625,219.49000549316406,25482,0.0,0.0
2023-11-27 15:30:00-05:00,219.4499969482422,219.4499969482422,218.7899932861328,218.85000610351562,42774,0.0,0.0
2023-11-28 09:30:00-05:00,218.1300048828125,218.2899932861328,216.4949951171875,218.2899932861328,18695,0.0,0.0
2023-11-28 10:30:00-05:00,217.7100067138672,218.6199951171875,217.7100067138672,218.49000549316406,10679,0.0,0.0
2023-11-28 11:30:00-05:00,218.5,219.9600067138672,218.3800048828125,219.01499938964844,26455,0.0,0.0
2023-11-28 12:30:00-05:00,219.03500366210938,220.0449981689453,219.03500366210938,219.72000122070312,27910,0.0,0.0
2023-11-28 13:30:00-05:00,219.88999938964844,221.0800018310547,219.88999938964844,220.83999633789062,36070,0.0,0.0
2023-11-28 14:30:00-05:00,220.83999633789062,221.0050048828125,220.39999389648438,220.7550048828125,44577,0.0,0.0
2023-11-28 15:30:00-05:00,220.76499938964844,220.77000427246094,219.77999877929688,220.0,97977,0.0,0.0
2023-11-29 09:30:00-05:00,220.77999877929688,223.7899932861328,219.63670349121094,222.6750030517578,19083,0.0,0.0
2023-11-29 10:30:00-05:00,222.4499969482422,223.74000549316406,222.11099243164062,223.1199951171875,38214,0.0,0.0
2023-11-29 11:30:00-05:00,223.35000610351562,224.35000610351562,222.96400451660156,223.75,48417,0.0,0.0
2023-11-29 12:30:00-05:00,223.86000061035156,223.86000061035156,222.8800048828125,223.1699981689453,35388,0.0,0.0
2023-11-29 13:30:00-05:00,223.14999389648438,223.24000549316406,222.22000122070312,222.3800048828125,38519,0.0,0.0
2023-11-29 14:30:00-05:00,222.3000030517578,222.35000610351562,221.44000244140625,221.55999755859375,41381,0.0,0.0
2023-11-29 15:30:00-05:00,221.52000427246094,221.59500122070312,220.8800048828125,221.2899932861328,75538,0.0,0.0
2023-11-30 09:30:00-05:00,221.0,225.35000610351562,220.35000610351562,225.03500366210938,83736,0.0,0.0
2023-11-30 10:30:00-05:00,224.97999572753906,226.27000427246094,223.41000366210938,225.4199981689453,41804,0.0,0.0
2023-11-30 11:30:00-05:00,225.3000030517578,225.64999389648438,224.0500030517578,224.1199951171875,33814,0.0,0.0
2023-11-30 12:30:00-05:00,223.77000427246094,224.7552032470703,223.77000427246094,223.92999267578125,17390,0.0,0.0
2023-11-30 13:30:00-05:00,223.8300018310547,225.6699981689453,223.8300018310547,225.36000061035156,45066,0.0,0.0
2023-11-30 14:30:00-05:00,225.4550018310547,225.77000427246094,224.47999572753906,225.65699768066406,58561,0.0,0.0
2023-11-30 15:30:00-05:00,225.67999267578125,226.40499877929688,225.47999572753906,225.67999267578125,126061,0.0,0.0
2023-12-01 09:30:00-05:00,224.50999450683594,227.26499938964844,224.10499572753906,225.44000244140625,32152,0.0,0.0
2023-12-01 10:30:00-05:00,225.4149932861328,226.36000061035156,224.66000366210938,225.6999969482422,19271,0.0,0.0
2023-12-01 11:30:00-05:00,225.5800018310547,227.57000732421875,225.5800018310547,227.1999969482422,14093,0.0,0.0
2023-12-01 12:30:00-05:00,227.25,227.80499267578125,227.25,227.68499755859375,12194,0.0,0.0
2023-12-01 13:30:00-05:00,227.6999969482422,227.72999572753906,226.9530029296875,227.0399932861328,18492,0.0,0.0
2023-12-01 14:30:00-05:00,227.24000549316406,227.3800048828125,226.61500549316406,227.3699951171875,18002,0.0,0.0
2023-12-01 15:30:00-05:00,227.4499969482422,228.0399932861328,227.3070068359375,227.77999877929688,55628,0.0,0.0
2023-12-04 09:30:00-05:00,227.64999389648438,230.97000122070312,227.5800018310547,229.61000061035156,27100,0.0,0.0
2023-12-04 10:30:00-05:00,229.9600067138672,230.90249633789062,229.1699981689453,230.21499633789062,25438,0.0,0.0
2023-12-04 11:30:00-05:00,230.10000610351562,231.3300018310547,230.10000610351562,230.94000244140625,24618,0.0,0.0
2023-12-04 12:30:00-05:00,230.91000366210938,231.17999267578125,228.66000366210938,228.74000549316406,31077,0.0,0.0
2023-12-04 13:30:00-05:00,228.39999389648438,229.32000732421875,228.16990661621094,228.2899932861328,33758,0.0,0.0
2023-12-04 14:30:00-05:00,228.3300018310547,229.8000030517578,228.3300018310547,229.8000030517578,29121,0.0,0.0
2023-12-04 15:30:00-05:00,229.7550048828125,229.9199981689453,229.27999877929688,229.4600067138672,40260,0.0,0.0
2023-12-05 09:30:00-05:00,228.99000549316406,230.1699981689453,225.22000122070312,226.41000366210938,15870,0.0,0.0
2023-12-05 10:30:00-05:00,226.0500030517578,226.82000732421875,225.14999389648438,226.02999877929688,13369,0.0,0.0
2023-12-05 11:30:00-05:00,226.3300018310547,227.35000610351562,226.3000030517578,226.7899932861328,17452,0.0,0.0
2023-12-05 12:30:00-05:00,226.67999267578125,227.14999389648438,226.23500061035156,227.14999389648438,18079,0.0,0.0
2023-12-05 13:30:00-05:00,226.9499969482422,228.14999389648438,226.6999969482422,227.5955047607422,20131,0.0,0.0
2023-12-05 14:30:00-05:00,227.39500427246094,228.22459411621094,227.125,227.84959411621094,26145,0.0,0.0
2023-12-05 15:30:00-05:00,227.75,227.80999755859375,227.14999389648438,227.72999572753906,50551,0.0,0.0
2023-12-06 09:30:00-05:00,228.9199981689453,228.9199981689453,226.33999633789062,227.99000549316406,14200,0.0,0.0
2023-12-06 10:30:00-05:00,228.72999572753906,229.1199951171875,227.6699981689453,227.8000030517578,15503,0.0,0.0
2023-12-06 11:30:00-05:00,227.43499755859375,228.1699981689453,227.3000030517578,227.85000610351562,15640,0.0,0.0
2023-12-06 12:30:00-05:00,228.08999633789062,228.7100067138672,227.75999450683594,228.5941925048828,18340,0.0,0.0
2023-12-06 13:30:00-05:00,228.74000549316406,229.30999755859375,228.60000610351562,229.00999450683594,16514,0.0,0.0
2023-12-06 14:30:00-05:00,229.1199951171875,229.6649932861328,228.63999938964844,228.63999938964844,24711,0.0,0.0
2023-12-06 15:30:00-05:00,228.80499267578125,229.64999389648438,228.5500030517578,229.38999938964844,91107,0.0,0.0
2023-12-07 09:30:00-05:00,230.5500030517578,230.6199951171875,228.43670654296875,230.4499969482422,20234,0.0,0.0
2023-12-07 10:30:00-05:00,230.51499938964844,231.14999389648438,229.7050018310547,230.18499755859375,15712,0.0,0.0
2023-12-07 11:30:00-05:00,230.2449951171875,230.99000549316406,230.18499755859375,230.67999267578125,12657,0.0,0.0
2023-12-07 12:30:00-05:00,230.70030212402344,231.88499450683594,230.6750030517578,231.4600067138672,14669,0.0,0.0
2023-12-07 13:30:00-05:00,231.61000061035156,232.32000732421875,231.61000061035156,232.02000427246094,18287,0.0,0.0
2023-12-07 14:30:00-05:00,232.02000427246094,232.08999633789062,231.14500427246094,231.38499450683594,22572,0.0,0.0
2023-12-07 15:30:00-05:00,231.61000061035156,232.7100067138672,231.3300018310547,232.61000061035156,60228,0.0,0.0
2023-12-08 09:30:00-05:00,232.67999267578125,234.10000610351562,231.27000427246094,233.13499450683594,34759,0.0,0.0
2023-12-08 10:30:00-05:00,233.0500030517578,233.3300018310547,232.07000732421875,232.56500244140625,23955,0.0,0.0
2023-12-08 11:30:00-05:00,232.61500549316406,232.88999938964844,231.39999389648438,231.97000122070312,27650,0.0,0.0
2023-12-08 12:30:00-05:00,231.72999572753906,231.91000366210938,231.11000061035156,231.44000244140625,17833,0.0,0.0
2023-12-08 13:30:00-05:00,231.2449951171875,231.75,231.20770263671875,231.6566925048828,10035,0.0,0.0
2023-12-08 14:30:00-05:00,231.8000030517578,232.00900268554688,231.35000610351562,231.42999267578125,23216,0.0,0.0
2023-12-08 15:30:00-05:00,231.41000366210938,231.47999572753906,230.9199981689453,230.94000244140625,45395,0.0,0.0
2023-12-11 09:30:00-05:00,230.36000061035156,231.5850067138672,229.5500030517578,229.91000366210938,40895,0.0,0.0
2023-12-11 10:30:00-05:00,229.77000427246094,231.1320037841797,229.60000610351562,231.02999877929688,20745,0.0,0.0
2023-12-11 11:30:00-05:00,231.01499938964844,231.35000610351562,230.38999938964844,230.38999938964844,35705,0.0,0.0
2023-12-11 12:30:00-05:00,230.47000122070312,231.38999938964844,230.47000122070312,230.9499969482422,16976,0.0,0.0
2023-12-11 13:30:00-05:00,231.22999572753906,232.05999755859375,231.00999450683594,232.0142059326172,11196,0.0,0.0
2023-12-11 14:30:00-05:00,232.0399932861328,232.1300048828125,231.08999633789062,231.25,14779,0.0,0.0
2023-12-11 15:30:00-05:00,231.27999877929688,231.92999267578125,231.26499938964844,231.69000244140625,50341,0.0,0.0
2023-12-12 09:30:00-05:00,231.9199981689453,233.05999755859375,229.6999969482422,231.28500366210938,14012,0.0,0.0
2023-12-12 10:30:00-05:00,231.5800018310547,232.5500030517578,231.5800018310547,232.14999389648438,17479,0.0,0.0
2023-12-12 11:30:00-05:00,232.47999572753906,233.5800018310547,232.39500427246094,233.5399932861328,7695,0.0,0.0
2023-12-12 12:30:00-05:00,233.50999450683594,233.94000244140625,232.64500427246094,233.94000244140625,7675,0.0,0.0
2023-12-12 13:30:00-05:00,233.6699981689453,233.77999877929688,233.08200073242188,233.32400512695312,13300,0.0,0.0
2023-12-12 14:30:00-05:00,233.31500244140625,234.0500030517578,233.31500244140625,233.5500030517578,20422,0.0,0.0
2023-12-12 15:30:00-05:00,233.35000610351562,233.36000061035156,232.52999877929688,233.08999633789062,31606,0.0,0.0
2023-12-13 09:30:00-05:00,233.0500030517578,234.82000732421875,232.08999633789062,234.75,19145,0.0,0.0
2023-12-13 10:30:00-05:00,234.61000061035156,236.1300048828125,234.61000061035156,235.86500549316406,17378,0.0,0.0
2023-12-13 11:30:00-05:00,235.81500244140625,236.13999938964844,235.61920166015625,235.875,12238,0.0,0.0
2023-12-13 12:30:00-05:00,235.89999389648438,236.16000366210938,235.5399932861328,235.6199951171875,16514,0.0,0.0
2023-12-13 13:30:00-05:00,235.63999938964844,238.2100067138672,235.3000030517578,238.2100067138672,28246,0.0,0.0
2023-12-13 14:30:00-05:00,238.2550048828125,241.19500732421875,238.22999572753906,240.57000732421875,46707,0.0,0.0
2023-12-13 15:30:00-05:00,240.83999633789062,242.82000732421875,240.6699981689453,242.67999267578125,60867,0.0,0.0
2023-12-14 09:30:00-05:00,244.77000427246094,250.77999877929688,244.77000427246094,250.5050048828125,38062,0.0,0.0
2023-12-14 10:30:00-05:00,250.47500610351562,252.5449981689453,250.3699951171875,252.48500061035156,33408,0.0,0.0
2023-12-14 11:30:00-05:00,252.47999572753906,253.9199981689453,252.02999877929688,253.61000061035156,26871,0.0,0.0
2023-12-14 12:30:00-05:00,253.55999755859375,254.05999755859375,252.5,253.32000732421875,45575,0.0,0.0
2023-12-14 13:30:00-05:00,253.52999877929688,256.375,253.52999877929688,256.0150146484375,79212,0.0,0.0
2023-12-14 14:30:00-05:00,256.0400085449219,257.44000244140625,255.8800048828125,256.7349853515625,114786,0.0,0.0
2023-12-14 15:30:00-05:00,256.7250061035156,256.7250061035156,254.34500122070312,256.0199890136719,150490,0.0,0.0
2023-12-15 09:30:00-05:00,253.0500030517578,255.9250030517578,252.1300048828125,254.27999877929688,60999,0.0,0.0
2023-12-15 10:30:00-05:00,254.08999633789062,256.2699890136719,253.32000732421875,254.30999755859375,39751,0.0,0.0
2023-12-15 11:30:00-05:00,254.36500549316406,254.36500549316406,253.1300048828125,253.4199981689453,25224,0.0,0.0
2023-12-15 12:30:00-05:00,253.47999572753906,254.06500244140625,252.5800018310547,252.5800018310547,16204,0.0,0.0
2023-12-15 13:30:00-05:00,252.50999450683594,252.63999938964844,251.33999633789062,251.33999633789062,20246,0.0,0.0
2023-12-15 14:30:00-05:00,251.44000244140625,253.02000427246094,250.98500061035156,252.75,49875,0.0,0.0
2023-12-15 15:30:00-05:00,252.86000061035156,254.9600067138672,252.83999633789062,254.42999267578125,108422,0.0,0.0
2023-12-18 09:30:00-05:00,257.8500061035156,257.8500061035156,250.25999450683594,250.63999938964844,36961,0.0,0.0
2023-12-18 10:30:00-05:00,250.72000122070312,251.92999267578125,250.7100067138672,251.24000549316406,32097,0.0,0.0
2023-12-18 11:30:00-05:00,251.39999389648438,253.97999572753906,250.85000610351562,253.97999572753906,36182,0.0,0.0
2023-12-18 12:30:00-05:00,253.33999633789062,253.8699951171875,251.6699981689453,251.875,22289,0.0,0.0
2023-12-18 13:30:00-05:00,251.67999267578125,252.58999633789062,251.4499969482422,252.25999450683594,33823,0.0,0.0
2023-12-18 14:30:00-05:00,252.39500427246094,254.25,252.27999877929688,253.77999877929688,20184,0.0,0.0
2023-12-18 15:30:00-05:00,253.6999969482422,253.7570037841797,252.94000244140625,253.25,43505,0.0,0.0
2023-12-19 09:30:00-05:00,252.50999450683594,254.99000549316406,251.08999633789062,252.44000244140625,27516,0.0,0.0
2023-12-19 10:30:00-05:00,252.3000030517578,253.1199951171875,251.25,251.32000732421875,46673,0.0,0.0
2023-12-19 11:30:00-05:00,251.3249969482422,251.35000610351562,249.97999572753906,250.23500061035156,24013,0.0,0.0
2023-12-19 12:30:00-05:00,250.5,250.71499633789062,249.4600067138672,249.8350067138672,21344,0.0,0.0
2023-12-19 13:30:00-05:00,250.0500030517578,251.7100067138672,249.55999755859375,251.7100067138672,37943,0.0,0.0
2023-12-19 14:30:00-05:00,251.61000061035156,252.92999267578125,251.52000427246094,252.77999877929688,44906,0.0,0.0
2023-12-19 15:30:00-05:00,252.6999969482422,254.05999755859375,252.5596923828125,253.8300018310547,66059,0.0,0.0
2023-12-20 09:30:00-05:00,253.60000610351562,253.60000610351562,250.97950744628906,252.2899932861328,14065,0.0,0.0
2023-12-20 10:30:00-05:00,252.82000732421875,253.0850067138672,252.22000122070312,253.0850067138672,12092,0.0,0.0
2023-12-20 11:30:00-05:00,253.0800018310547,253.0800018310547,252.05999755859375,252.38499450683594,10333,0.0,0.0
2023-12-20 12:30:00-05:00,252.8000030517578,253.05999755859375,252.17999267578125,252.17999267578125,8494,0.0,0.0
2023-12-20 13:30:00-05:00,252.3000030517578,252.77999877929688,251.97000122070312,252.63999938964844,15551,0.0,0.0
2023-12-20 14:30:00-05:00,252.66000366210938,252.66000366210938,248.8000030517578,248.8000030517578,27976,0.0,0.0
2023-12-20 15:30:00-05:00,248.8249969482422,249.02999877929688,247.50999450683594,247.6199951171875,47145,0.0,0.0
2023-12-21 09:30:00-05:00,249.13999938964844,252.0,249.13999938964844,251.32000732421875,14190,0.0,0.0
2023-12-21 10:30:00-05:00,251.38999938964844,251.90499877929688,250.82000732421875,251.5399932861328,10165,0.0,0.0
2023-12-21 11:30:00-05:00,251.55999755859375,251.69110107421875,250.13499450683594,250.47999572753906,6765,0.0,0.0
2023-12-21 12:30:00-05:00,250.35000610351562,250.35000610351562,249.52000427246094,249.8699951171875,14431,0.0,0.0
2023-12-21 13:30:00-05:00,249.82000732421875,250.86000061035156,249.5800018310547,250.39999389648438,14911,0.0,0.0
2023-12-21 14:30:00-05:00,250.3300018310547,251.0500030517578,249.93499755859375,251.0500030517578,17482,0.0,0.0
2023-12-21 15:30:00-05:00,251.15499877929688,251.8000030517578,251.15499877929688,251.32000732421875,37379,0.0,0.0
2023-12-22 09:30:00-05:00,252.52000427246094,253.47000122070312,251.8300018310547,252.7949981689453,13919,0.0,0.0
2023-12-22 10:30:00-05:00,252.82000732421875,253.3249969482422,252.4149932861328,252.6199951171875,11819,0.0,0.0
2023-12-22 11:30:00-05:00,252.82000732421875,252.97999572753906,251.9250030517578,252.50999450683594,8703,0.0,0.0
2023-12-22 12:30:00-05:00,252.07000732421875,252.48500061035156,251.91000366210938,252.36000061035156,5302,0.0,0.0
2023-12-22 13:30:00-05:00,252.0500030517578,252.0500030517578,250.8699951171875,251.25999450683594,10517,0.0,0.0
2023-12-22 14:30:00-05:00,251.19500732421875,251.6999969482422,251.0,251.27999877929688,39366,0.0,0.0
2023-12-22 15:30:00-05:00,251.39999389648438,251.41000366210938,250.75,251.00999450683594,45757,0.0,0.0
2023-12-26 09:30:00-05:00,251.1300048828125,251.70460510253906,249.6488037109375,250.66000366210938,10351,0.0,0.0
2023-12-26 10:30:00-05:00,250.83999633789062,251.75999450683594,250.08999633789062,251.75999450683594,8631,0.0,0.0
2023-12-26 11:30:00-05:00,251.8350067138672,252.0500030517578,251.1699981689453,251.65499877929688,11310,0.0,0.0
2023-12-26 12:30:00-05:00,251.55999755859375,252.61000061035156,251.5449981689453,252.57000732421875,7701,0.0,0.0
2023-12-26 13:30:00-05:00,252.77000427246094,252.77000427246094,252.1699981689453,252.47000122070312,7738,0.0,0.0
2023-12-26 14:30:00-05:00,252.4550018310547,253.49000549316406,252.4550018310547,253.49000549316406,13495,0.0,0.0
2023-12-26 15:30:00-05:00,253.22999572753906,253.6300048828125,251.9550018310547,252.22000122070312,53237,0.0,0.0
2023-12-27 09:30:00-05:00,251.16000366210938,251.27999877929688,249.39999389648438,249.86000061035156,29244,0.0,0.0
2023-12-27 10:30:00-05:00,250.0,250.46820068359375,248.8000030517578,249.01499938964844,26214,0.0,0.0
2023-12-27 11:30:00-05:00,248.91000366210938,250.38119506835938,248.91000366210938,250.38119506835938,18973,0.0,0.0
2023-12-27 12:30:00-05:00,249.99000549316406,250.25,249.24000549316406,249.55999755859375,23271,0.0,0.0
2023-12-27 13:30:00-05:00,249.64999389648438,250.07000732421875,248.85000610351562,249.82000732421875,19435,0.0,0.0
2023-12-27 14:30:00-05:00,249.4499969482422,250.0,249.27000427246094,249.73500061035156,17679,0.0,0.0
2023-12-27 15:30:00-05:00,249.63999938964844,250.63999938964844,249.14999389648438,250.50999450683594,48937,0.0,0.0
2023-12-28 09:30:00-05:00,249.60000610351562,251.47999572753906,249.60000610351562,250.38499450683594,15168,0.0,0.0
2023-12-28 10:30:00-05:00,250.14999389648438,250.32000732421875,249.5449981689453,250.0,15569,0.0,0.0
2023-12-28 11:30:00-05:00,249.53500366210938,250.24000549316406,249.53500366210938,249.89849853515625,12125,0.0,0.0
2023-12-28 12:30:00-05:00,249.52999877929688,249.52999877929688,248.7899932861328,249.17999267578125,11808,0.0,0.0
2023-12-28 13:30:00-05:00,249.3300018310547,249.5850067138672,248.7801055908203,249.50999450683594,10984,0.0,0.0
2023-12-28 14:30:00-05:00,249.66000366210938,249.92250061035156,249.24000549316406,249.30999755859375,17107,0.0,0.0
2023-12-28 15:30:00-05:00,249.5,250.36500549316406,249.3350067138672,249.52000427246094,37532,0.0,0.0
2023-12-29 09:30:00-05:00,248.91000366210938,251.42999267578125,248.625,248.75,11093,0.0,0.0
2023-12-29 10:30:00-05:00,249.30499267578125,249.30499267578125,248.0800018310547,248.65499877929688,8335,0.0,0.0
2023-12-29 11:30:00-05:00,247.94000244140625,248.20010375976562,247.55499267578125,248.20010375976562,9835,0.0,0.0
2023-12-29 12:30:00-05:00,248.0399932861328,248.86000061035156,248.0399932861328,248.3000030517578,6799,0.0,0.0
2023-12-29 13:30:00-05:00,248.2100067138672,248.89999389648438,248.2100067138672,248.74769592285156,9109,0.0,0.0
2023-12-29 14:30:00-05:00,248.70579528808594,249.00999450683594,248.3800048828125,248.8249969482422,9634,0.0,0.0
2023-12-29 15:30:00-05:00,248.9149932861328,249.41000366210938,248.67999267578125,249.3699951171875,24815,0.0,0.0
2024-01-02 09:30:00-05:00,247.25999450683594,251.77999877929688,246.88299560546875,251.25999450683594,17197,0.0,0.0
2024-01-02 10:30:00-05:00,250.50999450683594,251.69000244140625,249.4149932861328,249.4149932861328,18077,0.0,0.0
2024-01-02 11:30:00-05:00,249.4949951171875,250.89999389648438,249.16000366210938,250.52000427246094,18685,0.0,0.0
2024-01-02 12:30:00-05:00,250.8249969482422,251.08999633789062,250.17999267578125,250.17999267578125,9135,0.0,0.0
2024-01-02 13:30:00-05:00,250.22999572753906,250.6649932861328,249.52999877929688,250.16000366210938,19463,0.0,0.0
2024-01-02 14:30:00-05:00,249.9949951171875,250.1999969482422,249.52000427246094,250.1649932861328,28543,0.0,0.0
2024-01-02 15:30:00-05:00,250.39999389648438,250.97999572753906,249.6300048828125,250.3699951171875,52604,0.0,0.0
2024-01-03 09:30:00-05:00,248.2100067138672,248.2100067138672,244.58999633789062,245.72000122070312,13805,0.0,0.0
2024-01-03 10:30:00-05:00,245.24000549316406,245.3800048828125,242.9600067138672,244.05999755859375,19580,0.0,0.0
2024-01-03 11:30:00-05:00,243.52999877929688,243.9499969482422,242.8800048828125,243.69659423828125,18137,0.0,0.0
2024-01-03 12:30:00-05:00,243.69500732421875,244.97999572753906,243.16000366210938,244.97500610351562,16190,0.0,0.0
2024-01-03 13:30:00-05:00,244.97000122070312,244.97000122070312,243.11000061035156,243.97000122070312,26437,0.0,0.0
2024-01-03 14:30:00-05:00,244.27499389648438,244.27499389648438,241.77000427246094,242.11000061035156,32953,0.0,0.0
2024-01-03 15:30:00-05:00,242.14999389648438,242.85000610351562,241.55999755859375,241.97000122070312,69635,0.0,0.0
2024-01-04 09:30:00-05:00,240.99000549316406,243.58999633789062,240.08999633789062,242.72500610351562,15876,0.0,0.0
2024-01-04 10:30:00-05:00,242.4499969482422,243.0050048828125,241.0800018310547,241.55999755859375,15349,0.0,0.0
2024-01-04 11:30:00-05:00,241.35499572753906,242.0,240.92999267578125,241.2899932861328,17700,0.0,0.0
2024-01-04 12:30:00-05:00,241.19000244140625,241.69000244140625,240.9949951171875,241.60499572753906,19930,0.0,0.0
2024-01-04 13:30:00-05:00,241.61000061035156,242.16000366210938,241.22999572753906,241.22999572753906,23286,0.0,0.0
2024-01-04 14:30:00-05:00,241.35000610351562,242.35000610351562,241.0399932861328,241.6699981689453,25122,0.0,0.0
2024-01-04 15:30:00-05:00,241.82000732421875,242.11000061035156,240.75,240.94000244140625,65075,0.0,0.0
2024-01-05 09:30:00-05:00,239.88999938964844,243.91000366210938,237.726806640625,242.11000061035156,13400,0.0,0.0
2024-01-05 10:30:00-05:00,242.02000427246094,242.72500610351562,241.41000366210938,241.48500061035156,15570,0.0,0.0
2024-01-05 11:30:00-05:00,241.6999969482422,241.6999969482422,240.42999267578125,240.42999267578125,11695,0.0,0.0
2024-01-05 12:30:00-05:00,240.7899932861328,240.8800048828125,239.7100067138672,240.10000610351562,24196,0.0,0.0
2024-01-05 13:30:00-05:00,240.63999938964844,242.49000549316406,240.6300048828125,241.1999969482422,30209,0.0,0.0
2024-01-05 14:30:00-05:00,240.82000732421875,240.99000549316406,239.1199951171875,239.64500427246094,29418,0.0,0.0
2024-01-05 15:30:00-05:00,239.7100067138672,240.13999938964844,239.22999572753906,239.41000366210938,48326,0.0,0.0
2024-01-08 09:30:00-05:00,240.41000366210938,244.7899932861328,240.20570373535156,244.60000610351562,21339,0.0,0.0
2024-01-08 10:30:00-05:00,244.5800018310547,246.15499877929688,244.5800018310547,245.80999755859375,16898,0.0,0.0
2024-01-08 11:30:00-05:00,245.97000122070312,247.38999938964844,245.97000122070312,246.72000122070312,16663,0.0,0.0
2024-01-08 12:30:00-05:00,246.7100067138672,247.1999969482422,246.7100067138672,246.94000244140625,9682,0.0,0.0
2024-01-08 13:30:00-05:00,246.9949951171875,247.64999389648438,246.82000732421875,247.64999389648438,15983,0.0,0.0
2024-01-08 14:30:00-05:00,247.97000122070312,248.92999267578125,247.7899932861328,248.30999755859375,26232,0.0,0.0
2024-01-08 15:30:00-05:00,248.14999389648438,249.27000427246094,248.14999389648438,248.92999267578125,41139,0.0,0.0
2024-01-09 09:30:00-05:00,246.36000061035156,250.8300018310547,246.36000061035156,250.3800048828125,8788,0.0,0.0
2024-01-09 10:30:00-05:00,250.40499877929688,250.70199584960938,248.69000244140625,249.26499938964844,17348,0.0,0.0
2024-01-09 11:30:00-05:00,249.47999572753906,249.6699981689453,248.32000732421875,248.42999267578125,19678,0.0,0.0
2024-01-09 12:30:00-05:00,248.3000030517578,248.86000061035156,247.9199981689453,247.9949951171875,15529,0.0,0.0
2024-01-09 13:30:00-05:00,248.0,248.6999969482422,247.52499389648438,248.64500427246094,22010,0.0,0.0
2024-01-09 14:30:00-05:00,248.39999389648438,248.75,247.86000061035156,248.52999877929688,21753,0.0,0.0
2024-01-09 15:30:00-05:00,248.5,248.5,247.2449951171875,247.86000061035156,48586,0.0,0.0
2024-01-10 09:30:00-05:00,248.5500030517578,249.19000244140625,246.5500030517578,247.63499450683594,19516,0.0,0.0
2024-01-10 10:30:00-05:00,247.74000549316406,247.91000366210938,246.61000061035156,247.91000366210938,13276,0.0,0.0
2024-01-10 11:30:00-05:00,248.22999572753906,248.85499572753906,248.2050018310547,248.72999572753906,8277,0.0,0.0
2024-01-10 12:30:00-05:00,248.64500427246094,249.14999389648438,247.25,247.5399932861328,20264,0.0,0.0
2024-01-10 13:30:00-05:00,247.36500549316406,247.7899932861328,246.80999755859375,247.77000427246094,18138,0.0,0.0
2024-01-10 14:30:00-05:00,247.8300018310547,249.22000122070312,247.6436004638672,248.44000244140625,28430,0.0,0.0
2024-01-10 15:30:00-05:00,248.8699951171875,249.0,248.35000610351562,248.49000549316406,29421,0.0,0.0
2024-01-11 09:30:00-05:00,247.9600067138672,248.91000366210938,246.3300018310547,246.89500427246094,17949,0.0,0.0
2024-01-11 10:30:00-05:00,247.01499938964844,247.1199951171875,245.99000549316406,246.80999755859375,20318,0.0,0.0
2024-01-11 11:30:00-05:00,246.39999389648438,247.50999450683594,246.0500030517578,247.02499389648438,14828,0.0,0.0
2024-01-11 12:30:00-05:00,247.10499572753906,248.1199951171875,247.0500030517578,247.7100067138672,8454,0.0,0.0
2024-01-11 13:30:00-05:00,247.58999633789062,248.875,247.57000732421875,248.6699981689453,9597,0.0,0.0
2024-01-11 14:30:00-05:00,248.72999572753906,248.97999572753906,248.5800018310547,248.88499450683594,57665,0.0,0.0
2024-01-11 15:30:00-05:00,249.11000061035156,249.41000366210938,248.22999572753906,248.27000427246094,75091,0.0,0.0
2024-01-12 09:30:00-05:00,251.9499969482422,254.4799041748047,248.07000732421875,248.84640502929688,12959,0.0,0.0
2024-01-12 10:30:00-05:00,248.97000122070312,250.02499389648438,248.8300018310547,250.02499389648438,15286,0.0,0.0
2024-01-12 11:30:00-05:00,250.02499389648438,250.02499389648438,248.6300048828125,249.39999389648438,11236,0.0,0.0
2024-01-12 12:30:00-05:00,249.39999389648438,250.0800018310547,249.39999389648438,249.86000061035156,6070,0.0,0.0
2024-01-12 13:30:00-05:00,249.67999267578125,250.12060546875,249.67999267578125,250.05499267578125,8146,0.0,0.0
2024-01-12 14:30:00-05:00,249.8800048828125,250.05999755859375,248.8000030517578,248.8907928466797,12967,0.0,0.0
2024-01-12 15:30:00-05:00,249.30999755859375,249.8800048828125,248.52999877929688,249.16000366210938,28405,0.0,0.0
2024-01-16 09:30:00-05:00,246.8800048828125,247.10499572753906,244.07130432128906,245.47999572753906,19604,0.0,0.0
2024-01-16 10:30:00-05:00,244.8699951171875,245.32000732421875,243.75,244.4149932861328,53737,0.0,0.0
2024-01-16 11:30:00-05:00,244.52999877929688,244.57000732421875,243.3300018310547,243.80999755859375,18331,0.0,0.0
2024-01-16 12:30:00-05:00,243.83250427246094,246.52000427246094,243.58999633789062,246.52000427246094,9545,0.0,0.0
2024-01-16 13:30:00-05:00,246.52999877929688,246.85000610351562,245.86000061035156,246.625,13514,0.0,0.0
2024-01-16 14:30:00-05:00,246.61500549316406,246.88999938964844,245.40499877929688,245.40499877929688,26316,0.0,0.0
2024-01-16 15:30:00-05:00,245.56500244140625,246.2550048828125,245.0399932861328,245.7899932861328,52679,0.0,0.0
2024-01-17 09:30:00-05:00,243.1300048828125,245.66000366210938,243.1300048828125,244.02499389648438,19061,0.0,0.0
2024-01-17 10:30:00-05:00,244.44000244140625,245.4600067138672,244.19000244140625,244.89500427246094,21422,0.0,0.0
2024-01-17 11:30:00-05:00,244.5500030517578,244.79800415039062,243.66000366210938,244.1300048828125,24123,0.0,0.0
2024-01-17 12:30:00-05:00,244.13499450683594,244.13499450683594,243.25,243.8000030517578,13574,0.0,0.0
2024-01-17 13:30:00-05:00,243.33999633789062,244.13999938964844,242.6300048828125,243.19000244140625,23565,0.0,0.0
2024-01-17 14:30:00-05:00,243.18499755859375,243.7899932861328,242.52000427246094,243.7899932861328,31247,0.0,0.0
2024-01-17 15:30:00-05:00,243.75999450683594,245.0399932861328,243.3800048828125,244.97000122070312,57071,0.0,0.0
2024-01-18 09:30:00-05:00,246.2100067138672,246.35000610351562,244.6300048828125,244.6300048828125,11122,0.0,0.0
2024-01-18 10:30:00-05:00,244.88999938964844,245.16000366210938,243.57000732421875,244.14500427246094,12770,0.0,0.0
2024-01-18 11:30:00-05:00,244.13999938964844,244.5,243.0,243.9550018310547,21240,0.0,0.0
2024-01-18 12:30:00-05:00,244.07000732421875,244.7899932861328,243.71499633789062,243.89500427246094,13854,0.0,0.0
2024-01-18 13:30:00-05:00,243.8800048828125,245.30999755859375,243.7100067138672,245.30999755859375,10816,0.0,0.0
2024-01-18 14:30:00-05:00,245.30999755859375,246.1699981689453,244.55999755859375,246.1699981689453,14016,0.0,0.0
2024-01-18 15:30:00-05:00,246.3000030517578,246.6199951171875,245.98500061035156,246.5399932861328,28010,0.0,0.0
2024-01-19 09:30:00-05:00,246.9199981689453,249.83999633789062,243.59840393066406,244.92999267578125,20627,0.0,0.0
2024-01-19 10:30:00-05:00,244.8249969482422,246.24000549316406,244.75,244.91000366210938,15671,0.0,0.0
2024-01-19 11:30:00-05:00,245.19000244140625,245.19000244140625,243.60000610351562,244.0749969482422,16799,0.0,0.0
2024-01-19 12:30:00-05:00,244.27000427246094,245.4600067138672,244.00999450683594,245.42999267578125,21314,0.0,0.0
2024-01-19 13:30:00-05:00,245.4600067138672,246.77999877929688,245.36000061035156,246.52000427246094,28004,0.0,0.0
2024-01-19 14:30:00-05:00,246.50999450683594,247.23500061035156,246.00999450683594,247.1999969482422,22164,0.0,0.0
2024-01-19 15:30:00-05:00,246.99000549316406,247.19000244140625,246.22000122070312,246.8300018310547,86479,0.0,0.0
2024-01-22 09:30:00-05:00,247.6199951171875,253.14999389648438,247.30999755859375,253.14999389648438,35822,0.0,0.0
2024-01-22 10:30:00-05:00,252.61000061035156,252.8800048828125,251.07000732421875,251.8582000732422,49707,0.0,0.0
2024-01-22 11:30:00-05:00,251.6750030517578,252.1999969482422,251.64999389648438,252.00999450683594,44293,0.0,0.0
2024-01-22 12:30:00-05:00,252.1999969482422,252.1999969482422,250.80999755859375,250.93499755859375,52713,0.0,0.0
2024-01-22 13:30:00-05:00,250.8000030517578,251.61500549316406,249.8300018310547,250.2899932861328,24804,0.0,0.0
2024-01-22 14:30:00-05:00,250.44000244140625,252.67999267578125,250.44000244140625,252.6300048828125,40270,0.0,0.0
2024-01-22 15:30:00-05:00,252.85000610351562,253.5,252.49000549316406,252.57000732421875,99424,0.0,0.0
2024-01-23 09:30:00-05:00,254.1199951171875,254.99989318847656,247.33999633789062,247.5,13226,0.0,0.0
2024-01-23 10:30:00-05:00,247.3300018310547,247.3300018310547,246.0,246.63999938964844,14631,0.0,0.0
2024-01-23 11:30:00-05:00,246.50999450683594,248.7550048828125,246.50999450683594,248.26499938964844,17540,0.0,0.0
2024-01-23 12:30:00-05:00,248.54100036621094,249.0,246.74000549316406,246.89500427246094,15017,0.0,0.0
2024-01-23 13:30:00-05:00,246.85000610351562,247.41000366210938,246.2899932861328,246.375,19555,0.0,0.0
2024-01-23 14:30:00-05:00,246.11000061035156,248.44000244140625,246.11000061035156,248.32000732421875,27824,0.0,0.0
2024-01-23 15:30:00-05:00,248.30999755859375,248.36000061035156,247.77000427246094,247.98500061035156,26401,0.0,0.0
2024-01-24 09:30:00-05:00,248.35000610351562,249.64500427246094,243.50999450683594,243.58999633789062,7082,0.0,0.0
2024-01-24 10:30:00-05:00,243.60499572753906,244.9499969482422,243.1699981689453,244.07000732421875,21413,0.0,0.0
2024-01-24 11:30:00-05:00,244.39999389648438,244.39999389648438,243.16000366210938,243.5500030517578,6039,0.0,0.0
2024-01-24 12:30:00-05:00,243.72000122070312,244.74000549316406,243.72000122070312,244.1699981689453,8488,0.0,0.0
2024-01-24 13:30:00-05:00,244.14500427246094,244.14500427246094,243.22000122070312,243.72000122070312,15141,0.0,0.0
2024-01-24 14:30:00-05:00,243.72500610351562,244.0399932861328,242.5500030517578,242.9149932861328,19453,0.0,0.0
2024-01-24 15:30:00-05:00,242.88499450683594,242.88499450683594,241.44000244140625,241.9600067138672,46772,0.0,0.0
2024-01-25 09:30:00-05:00,245.77999877929688,245.77999877929688,243.7100067138672,243.875,17649,0.0,0.0
2024-01-25 10:30:00-05:00,244.1199951171875,244.13999938964844,243.16000366210938,243.58999633789062,8387,0.0,0.0
2024-01-25 11:30:00-05:00,243.74000549316406,243.81500244140625,242.8300018310547,243.1999969482422,12952,0.0,0.0
2024-01-25 12:30:00-05:00,243.4499969482422,243.8300018310547,243.0500030517578,243.625,9243,0.0,0.0
2024-01-25 13:30:00-05:00,243.7725067138672,244.6199951171875,243.58999633789062,244.2050018310547,35255,0.0,0.0
2024-01-25 14:30:00-05:00,244.22999572753906,244.25999450683594,243.4149932861328,243.69500732421875,9895,0.0,0.0
2024-01-25 15:30:00-05:00,244.02999877929688,244.89999389648438,244.02999877929688,244.7100067138672,43974,0.0,0.0
2024-01-26 09:30:00-05:00,246.97000122070312,246.97000122070312,242.89999389648438,244.72000122070312,8828,0.0,0.0
2024-01-26 10:30:00-05:00,244.72999572753906,245.0,244.19000244140625,244.47999572753906,10241,0.0,0.0
2024-01-26 11:30:00-05:00,244.35000610351562,244.67999267578125,243.81500244140625,243.81500244140625,17996,0.0,0.0
2024-01-26 12:30:00-05:00,243.63999938964844,244.23500061035156,242.33999633789062,242.625,11296,0.0,0.0
2024-01-26 13:30:00-05:00,242.643798828125,244.05999755859375,242.0,243.99000549316406,14462,0.0,0.0
2024-01-26 14:30:00-05:00,244.11500549316406,245.1199951171875,244.11500549316406,244.94000244140625,15121,0.0,0.0
2024-01-26 15:30:00-05:00,244.9600067138672,244.9600067138672,243.97999572753906,244.3699951171875,26839,0.0,0.0
2024-01-29 09:30:00-05:00,243.3300018310547,245.8000030517578,243.3300018310547,245.19000244140625,10083,0.0,0.0
2024-01-29 10:30:00-05:00,244.76499938964844,245.6699981689453,244.60000610351562,244.68499755859375,10522,0.0,0.0
2024-01-29 11:30:00-05:00,244.64999389648438,245.1699981689453,244.47000122070312,245.1199951171875,10980,0.0,0.0
2024-01-29 12:30:00-05:00,245.14999389648438,245.5500030517578,245.0500030517578,245.52000427246094,9849,0.0,0.0
2024-01-29 13:30:00-05:00,245.57000732421875,246.5749969482422,245.57000732421875,245.80999755859375,14181,0.0,0.0
2024-01-29 14:30:00-05:00,245.6999969482422,247.0800018310547,245.5800018310547,246.9949951171875,13248,0.0,0.0
2024-01-29 15:30:00-05:00,247.05499267578125,247.38499450683594,246.5449981689453,246.9499969482422,21476,0.0,0.0
2024-01-30 09:30:00-05:00,245.5800018310547,247.8699951171875,245.5800018310547,245.61300659179688,10636,0.0,0.0
2024-01-30 10:30:00-05:00,246.17999267578125,246.49000549316406,245.6199951171875,245.83999633789062,12500,0.0,0.0
2024-01-30 11:30:00-05:00,246.19000244140625,247.1999969482422,246.19000244140625,247.1999969482422,5586,0.0,0.0
2024-01-30 12:30:00-05:00,246.64999389648438,247.0399932861328,246.6300048828125,246.97000122070312,8730,0.0,0.0
2024-01-30 13:30:00-05:00,246.9149932861328,246.9600067138672,246.17999267578125,246.17999267578125,12458,0.0,0.0
2024-01-30 14:30:00-05:00,245.96499633789062,246.47999572753906,245.94000244140625,246.125,9164,0.0,0.0
2024-01-30 15:30:00-05:00,245.83999633789062,245.83999633789062,244.5399932861328,244.85000610351562,36610,0.0,0.0
2024-01-31 09:30:00-05:00,247.05999755859375,248.5,246.66000366210938,247.82000732421875,16653,0.0,0.0
2024-01-31 10:30:00-05:00,247.68499755859375,247.68499755859375,246.80999755859375,247.51499938964844,9007,0.0,0.0
2024-01-31 11:30:00-05:00,247.2449951171875,247.97999572753906,246.14999389648438,247.89999389648438,12744,0.0,0.0
2024-01-31 12:30:00-05:00,248.02200317382812,248.2100067138672,247.38499450683594,247.8197021484375,31896,0.0,0.0
2024-01-31 13:30:00-05:00,248.13999938964844,248.58999633789062,245.80079650878906,245.99000549316406,20410,0.0,0.0
2024-01-31 14:30:00-05:00,245.9499969482422,247.77999877929688,243.4149932861328,244.0,45765,0.0,0.0
2024-01-31 15:30:00-05:00,244.0399932861328,244.0399932861328,242.64999389648438,242.72000122070312,48450,0.0,0.0
2024-02-01 09:30:00-05:00,242.25999450683594,243.2100067138672,239.14999389648438,243.2100067138672,24533,0.0,0.0
2024-02-01 10:30:00-05:00,243.8000030517578,244.05999755859375,241.75999450683594,243.0,17779,0.0,0.0
2024-02-01 11:30:00-05:00,244.5399932861328,246.60000610351562,244.4149932861328,246.19500732421875,12405,0.0,0.0
2024-02-01 12:30:00-05:00,246.23500061035156,247.80999755859375,246.1999969482422,247.69000244140625,8304,0.0,0.0
2024-02-01 13:30:00-05:00,247.22999572753906,247.86000061035156,246.7100067138672,247.4600067138672,10632,0.0,0.0
2024-02-01 14:30:00-05:00,247.58999633789062,248.0800018310547,247.07000732421875,247.94000244140625,24760,0.0,0.0
2024-02-01 15:30:00-05:00,248.02999877929688,248.33999633789062,247.41000366210938,247.58999633789062,34312,0.0,0.0
2024-02-02 09:30:00-05:00,245.57000732421875,246.63499450683594,242.78500366210938,243.23500061035156,35560,0.0,0.0
2024-02-02 10:30:00-05:00,243.5500030517578,244.86000061035156,243.5500030517578,244.7100067138672,12611,0.0,0.0
2024-02-02 11:30:00-05:00,245.52000427246094,245.6300048828125,243.97500610351562,244.36000061035156,14762,0.0,0.0
2024-02-02 12:30:00-05:00,244.86000061035156,244.8677978515625,243.1999969482422,244.22000122070312,16896,0.0,0.0
2024-02-02 13:30:00-05:00,244.22000122070312,245.75,244.22000122070312,245.3000030517578,12634,0.0,0.0
2024-02-02 14:30:00-05:00,245.10299682617188,247.02999877929688,245.10299682617188,247.02999877929688,18804,0.0,0.0
2024-02-02 15:30:00-05:00,246.9550018310547,246.9550018310547,245.6999969482422,245.6999969482422,30402,0.0,0.0
2024-02-05 09:30:00-05:00,243.05999755859375,245.9600067138672,243.05999755859375,244.3000030517578,12086,0.0,0.0
2024-02-05 10:30:00-05:00,243.8699951171875,244.52000427246094,243.22000122070312,243.89999389648438,12863,0.0,0.0
2024-02-05 11:30:00-05:00,244.1199951171875,245.22500610351562,243.8699951171875,245.0,19834,0.0,0.0
2024-02-05 12:30:00-05:00,245.3699951171875,245.4600067138672,244.4949951171875,244.51499938964844,7468,0.0,0.0
2024-02-05 13:30:00-05:00,244.28599548339844,245.8800048828125,244.28599548339844,245.72000122070312,11300,0.0,0.0
2024-02-05 14:30:00-05:00,245.72000122070312,246.11000061035156,244.97000122070312,246.11000061035156,15925,0.0,0.0
2024-02-05 15:30:00-05:00,245.8699951171875,246.0500030517578,243.8699951171875,243.9199981689453,25090,0.0,0.0
2024-02-06 09:30:00-05:00,244.7100067138672,247.24000549316406,243.9600067138672,246.6300048828125,7334,0.0,0.0
2024-02-06 10:30:00-05:00,246.66000366210938,247.84500122070312,246.4149932861328,247.57000732421875,6275,0.0,0.0
2024-02-06 11:30:00-05:00,247.40499877929688,252.13999938964844,247.27999877929688,252.13999938964844,34746,0.0,0.0
2024-02-06 12:30:00-05:00,251.94000244140625,252.64999389648438,251.1840057373047,251.83799743652344,22297,0.0,0.0
2024-02-06 13:30:00-05:00,252.49000549316406,252.83999633789062,251.75999450683594,252.2899932861328,27646,0.0,0.0
2024-02-06 14:30:00-05:00,252.26499938964844,252.5800018310547,251.39999389648438,251.9199981689453,22818,0.0,0.0
2024-02-06 15:30:00-05:00,251.93649291992188,252.32000732421875,251.63999938964844,252.32000732421875,31260,0.0,0.0
2024-02-07 09:30:00-05:00,252.3000030517578,252.3000030517578,250.50999450683594,251.85000610351562,9747,0.0,0.0
2024-02-07 10:30:00-05:00,252.43499755859375,253.75,251.36000061035156,251.39500427246094,12844,0.0,0.0
2024-02-07 11:30:00-05:00,251.02000427246094,251.42999267578125,251.00999450683594,251.42999267578125,5962,0.0,0.0
2024-02-07 12:30:00-05:00,251.36500549316406,252.39999389648438,251.1999969482422,251.4499969482422,6184,0.0,0.0
2024-02-07 13:30:00-05:00,251.47000122070312,251.8300018310547,249.96499633789062,250.55999755859375,9747,0.0,0.0
2024-02-07 14:30:00-05:00,250.24000549316406,251.4600067138672,250.24000549316406,250.4949951171875,15667,0.0,0.0
2024-02-07 15:30:00-05:00,250.35000610351562,251.07000732421875,250.00999450683594,251.07000732421875,32795,0.0,0.0
2024-02-08 09:30:00-05:00,249.3300018310547,249.64410400390625,248.39999389648438,249.5449981689453,11062,0.0,0.0
2024-02-08 10:30:00-05:00,249.58999633789062,249.63999938964844,247.39999389648438,247.39999389648438,15693,0.0,0.0
2024-02-08 11:30:00-05:00,246.7100067138672,248.1999969482422,246.7100067138672,247.9199981689453,6257,0.0,0.0
2024-02-08 12:30:00-05:00,247.74000549316406,249.1199951171875,247.63999938964844,249.1199951171875,7412,0.0,0.0
2024-02-08 13:30:00-05:00,249.47999572753906,250.61000061035156,249.35000610351562,250.61000061035156,8350,0.0,0.0
2024-02-08 14:30:00-05:00,250.35000610351562,251.13999938964844,250.2928009033203,250.8300018310547,8069,0.0,0.0
2024-02-08 15:30:00-05:00,250.6649932861328,251.4600067138672,250.2169952392578,251.25,14604,0.0,0.0
2024-02-09 09:30:00-05:00,250.24000549316406,252.076904296875,250.24000549316406,250.25,10356,0.0,0.0
2024-02-09 10:30:00-05:00,249.97999572753906,250.67999267578125,248.75999450683594,248.75999450683594,19965,0.0,0.0
2024-02-09 11:30:00-05:00,248.80999755859375,249.50999450683594,248.58929443359375,249.50999450683594,11387,0.0,0.0
2024-02-09 12:30:00-05:00,249.69000244140625,249.72000122070312,249.05999755859375,249.27000427246094,20224,0.0,0.0
2024-02-09 13:30:00-05:00,249.3249969482422,250.74000549316406,249.17999267578125,250.74000549316406,12395,0.0,0.0
2024-02-09 14:30:00-05:00,250.57000732421875,251.74000549316406,250.57000732421875,251.10830688476562,15482,0.0,0.0
2024-02-09 15:30:00-05:00,250.9600067138672,252.3000030517578,250.74000549316406,252.22999572753906,28115,0.0,0.0
2024-02-12 09:30:00-05:00,252.77000427246094,253.26499938964844,251.94000244140625,252.7449951171875,12467,0.0,0.0
2024-02-12 10:30:00-05:00,251.85000610351562,252.5175018310547,251.6199951171875,252.3300018310547,12451,0.0,0.0
2024-02-12 11:30:00-05:00,252.67999267578125,253.4600067138672,252.55999755859375,253.3000030517578,8966,0.0,0.0
2024-02-12 12:30:00-05:00,252.91000366210938,253.4499969482422,252.74009704589844,253.3350067138672,9450,0.0,0.0
2024-02-12 13:30:00-05:00,253.30499267578125,253.30499267578125,251.96499633789062,251.96499633789062,7378,0.0,0.0
2024-02-12 14:30:00-05:00,252.07000732421875,252.58999633789062,251.8249969482422,252.58999633789062,10765,0.0,0.0
2024-02-12 15:30:00-05:00,252.57000732421875,253.27000427246094,252.57000732421875,252.72999572753906,18287,0.0,0.0
2024-02-13 09:30:00-05:00,247.77000427246094,249.56500244140625,246.0,247.48500061035156,23962,0.0,0.0
2024-02-13 10:30:00-05:00,247.77000427246094,250.72999572753906,246.94000244140625,250.72999572753906,28129,0.0,0.0
2024-02-13 11:30:00-05:00,250.1999969482422,250.66000366210938,249.75999450683594,250.0,17482,0.0,0.0
2024-02-13 12:30:00-05:00,250.0500030517578,250.0500030517578,247.61000061035156,247.99000549316406,11673,0.0,0.0
2024-02-13 13:30:00-05:00,247.91000366210938,248.35000610351562,246.9199981689453,247.14999389648438,19128,0.0,0.0
2024-02-13 14:30:00-05:00,247.39999389648438,248.0,245.63999938964844,246.72999572753906,20129,0.0,0.0
2024-02-13 15:30:00-05:00,246.47000122070312,248.13999938964844,246.44000244140625,248.13999938964844,20795,0.0,0.0
2024-02-14 09:30:00-05:00,249.5800018310547,250.0800018310547,245.8350067138672,248.05999755859375,11226,0.0,0.0
2024-02-14 10:30:00-05:00,248.4199981689453,248.56500244140625,247.3800048828125,248.27999877929688,7822,0.0,0.0
2024-02-14 11:30:00-05:00,248.25,248.7449951171875,246.67999267578125,247.31500244140625,20748,0.0,0.0
2024-02-14 12:30:00-05:00,247.44000244140625,247.8300018310547,246.92999267578125,247.17999267578125,10691,0.0,0.0
2024-02-14 13:30:00-05:00,247.56500244140625,248.3300018310547,247.55999755859375,247.83999633789062,9038,0.0,0.0
2024-02-14 14:30:00-05:00,248.60000610351562,249.30999755859375,248.1199951171875,249.22500610351562,13944,0.0,0.0
2024-02-14 15:30:00-05:00,249.02999877929688,249.38999938964844,248.3300018310547,249.08999633789062,31818,0.0,0.0
2024-02-15 09:30:00-05:00,251.17999267578125,254.14999389648438,251.17999267578125,252.65499877929688,20700,0.0,0.0
2024-02-15 10:30:00-05:00,252.57000732421875,253.50999450683594,252.0,252.0,22633,0.0,0.0
2024-02-15 11:30:00-05:00,251.94000244140625,252.10499572753906,251.0,252.01499938964844,9932,0.0,0.0
2024-02-15 12:30:00-05:00,252.27000427246094,253.16000366210938,252.13999938964844,253.16000366210938,8871,0.0,0.0
2024-02-15 13:30:00-05:00,253.1699981689453,254.32000732421875,252.86000061035156,254.32000732421875,8440,0.0,0.0
2024-02-15 14:30:00-05:00,254.19000244140625,254.88499450683594,253.72000122070312,254.88499450683594,28609,0.0,0.0
2024-02-15 15:30:00-05:00,254.92999267578125,255.22999572753906,254.27000427246094,254.9600067138672,39047,0.0,0.0
2024-02-16 09:30:00-05:00,254.22999572753906,255.6300048828125,252.73500061035156,255.43499755859375,13441,0.0,0.0
2024-02-16 10:30:00-05:00,255.9149932861328,256.20001220703125,254.7899932861328,255.9499969482422,17815,0.0,0.0
2024-02-16 11:30:00-05:00,256.1099853515625,256.6549987792969,255.8300018310547,256.2200012207031,14513,0.0,0.0
2024-02-16 12:30:00-05:00,256.3599853515625,256.8500061035156,256.114990234375,256.4200134277344,10642,0.0,0.0
2024-02-16 13:30:00-05:00,256.25250244140625,256.5799865722656,254.8300018310547,255.2050018310547,33530,0.0,0.0
2024-02-16 14:30:00-05:00,255.16000366210938,255.32000732421875,251.7899932861328,251.86000061035156,41576,0.0,0.0
2024-02-16 15:30:00-05:00,251.94700622558594,251.97000122070312,250.36000061035156,251.08999633789062,51830,0.0,0.0
2024-02-20 09:30:00-05:00,250.02000427246094,253.05999755859375,247.4499969482422,251.8000030517578,44814,0.0,0.0
2024-02-20 10:30:00-05:00,251.41000366210938,251.41000366210938,249.44000244140625,250.4499969482422,28850,0.0,0.0
2024-02-20 11:30:00-05:00,250.36000061035156,251.14999389648438,250.30999755859375,250.8249969482422,14906,0.0,0.0
2024-02-20 12:30:00-05:00,250.66000366210938,251.5399932861328,250.3699951171875,250.47000122070312,28426,0.0,0.0
2024-02-20 13:30:00-05:00,250.60000610351562,251.9499969482422,250.36000061035156,251.52000427246094,36223,0.0,0.0
2024-02-20 14:30:00-05:00,251.22999572753906,251.5749969482422,250.9499969482422,251.22000122070312,13689,0.0,0.0
2024-02-20 15:30:00-05:00,251.05999755859375,251.31500244140625,250.7899932861328,251.0,73138,0.0,0.0
2024-02-21 09:30:00-05:00,251.36000061035156,251.36000061035156,246.98500061035156,249.4499969482422,65445,0.0,0.0
2024-02-21 10:30:00-05:00,249.1699981689453,250.47000122070312,248.64500427246094,250.02000427246094,27532,0.0,0.0
2024-02-21 11:30:00-05:00,250.01499938964844,252.17999267578125,250.00999450683594,251.39999389648438,62796,0.0,0.0
2024-02-21 12:30:00-05:00,251.5,252.4600067138672,250.55999755859375,251.4199981689453,56016,0.0,0.0
2024-02-21 13:30:00-05:00,251.4199981689453,252.55999755859375,251.07000732421875,252.55999755859375,52720,0.0,0.0
2024-02-21 14:30:00-05:00,252.375,252.55999755859375,249.69500732421875,250.5500030517578,72101,0.0,0.0
2024-02-21 15:30:00-05:00,250.60000610351562,252.1199951171875,250.13999938964844,250.9199981689453,118377,0.0,0.0
2024-02-22 09:30:00-05:00,243.0050048828125,245.94000244140625,237.3300018310547,242.24000549316406,167946,0.0,0.0
2024-02-22 10:30:00-05:00,242.94500732421875,244.5449981689453,239.0800018310547,239.39999389648438,77195,0.0,0.0
2024-02-22 11:30:00-05:00,239.5800018310547,239.5800018310547,236.9600067138672,238.07000732421875,95909,0.0,0.0
2024-02-22 12:30:00-05:00,238.07000732421875,239.8249969482422,236.80999755859375,238.36000061035156,50528,0.0,0.0
2024-02-22 13:30:00-05:00,238.77000427246094,239.63999938964844,237.8800048828125,239.61000061035156,49681,0.0,0.0
2024-02-22 14:30:00-05:00,239.73500061035156,243.18499755859375,239.73500061035156,241.6699981689453,86969,0.0,0.0
2024-02-22 15:30:00-05:00,241.39999389648438,241.39999389648438,236.7449951171875,237.6300048828125,180533,0.0,0.0
2024-02-23 09:30:00-05:00,238.97999572753906,241.60000610351562,236.35000610351562,237.3249969482422,55670,0.0,0.0
2024-02-23 10:30:00-05:00,237.02499389648438,238.46499633789062,235.14999389648438,237.97999572753906,47197,0.0,0.0
2024-02-23 11:30:00-05:00,238.14999389648438,241.4949951171875,238.02000427246094,241.4949951171875,57342,0.0,0.0
2024-02-23 12:30:00-05:00,241.30999755859375,242.25,240.22500610351562,241.14500427246094,48188,0.0,0.0
2024-02-23 13:30:00-05:00,241.1300048828125,241.7050018310547,238.4499969482422,238.83999633789062,46087,0.0,0.0
2024-02-23 14:30:00-05:00,238.9600067138672,239.3300018310547,237.80999755859375,237.90499877929688,54446,0.0,0.0
2024-02-23 15:30:00-05:00,238.0800018310547,238.7899932861328,237.52000427246094,237.74000549316406,123759,0.0,0.0
2024-02-26 09:30:00-05:00,236.72000122070312,236.8800048828125,227.98500061035156,230.4600067138672,97989,0.0,0.0
2024-02-26 10:30:00-05:00,230.49000549316406,231.69000244140625,229.3800048828125,229.74000549316406,88646,0.0,0.0
2024-02-26 11:30:00-05:00,229.57000732421875,231.77000427246094,228.94000244140625,230.3000030517578,63976,0.0,0.0
2024-02-26 12:30:00-05:00,230.1699981689453,230.1699981689453,228.82000732421875,228.82000732421875,38402,0.0,0.0
2024-02-26 13:30:00-05:00,228.72000122070312,229.27000427246094,228.27999877929688,228.5,30489,0.0,0.0
2024-02-26 14:30:00-05:00,228.4499969482422,228.85000610351562,227.7449951171875,227.93499755859375,74694,0.0,0.0
2024-02-26 15:30:00-05:00,228.0500030517578,228.35499572753906,227.16000366210938,227.69000244140625,189642,0.0,0.0
2024-02-27 09:30:00-05:00,227.85000610351562,228.18499755859375,226.41000366210938,228.10000610351562,23365,0.0,0.0
2024-02-27 10:30:00-05:00,228.10000610351562,228.4149932861328,225.86500549316406,226.24000549316406,26674,0.0,0.0
2024-02-27 11:30:00-05:00,226.3800048828125,227.3000030517578,226.00999450683594,226.47999572753906,22925,0.0,0.0
2024-02-27 12:30:00-05:00,226.47999572753906,227.85000610351562,226.25999450683594,227.49000549316406,27651,0.0,0.0
2024-02-27 13:30:00-05:00,227.41000366210938,228.375,227.0399932861328,227.17999267578125,27105,0.0,0.0
2024-02-27 14:30:00-05:00,227.17999267578125,227.19000244140625,226.47000122070312,227.02999877929688,34817,0.0,0.0
2024-02-27 15:30:00-05:00,227.13999938964844,227.39999389648438,225.92999267578125,226.0,162079,0.0,0.0
2024-02-28 09:30:00-05:00,225.27000427246094,226.61000061035156,225.02999877929688,226.289306640625,29327,0.0,0.0
2024-02-28 10:30:00-05:00,226.24000549316406,227.4499969482422,226.24000549316406,226.97000122070312,25438,0.0,0.0
2024-02-28 11:30:00-05:00,226.9250030517578,227.32000732421875,226.72000122070312,226.8000030517578,24625,0.0,0.0
2024-02-28 12:30:00-05:00,226.7899932861328,226.7899932861328,225.80999755859375,226.35499572753906,19200,0.0,0.0
2024-02-28 13:30:00-05:00,226.4499969482422,226.61000061035156,225.52499389648438,225.625,24633,0.0,0.0
2024-02-28 14:30:00-05:00,225.60000610351562,225.60000610351562,224.4499969482422,224.67999267578125,27914,0.0,0.0
2024-02-28 15:30:00-05:00,224.7100067138672,225.14500427246094,224.5050048828125,224.9499969482422,90581,0.0,0.0
2024-02-29 09:30:00-05:00,225.08999633789062,225.5500030517578,223.0800018310547,223.4149932861328,28108,0.0,0.0
2024-02-29 10:30:00-05:00,223.22999572753906,223.52000427246094,222.6999969482422,222.9499969482422,17158,0.0,0.0
2024-02-29 11:30:00-05:00,222.8000030517578,222.9499053955078,221.74000549316406,222.9499053955078,20650,0.0,0.0
2024-02-29 12:30:00-05:00,222.8699951171875,223.55999755859375,222.53500366210938,223.21249389648438,25166,0.0,0.0
2024-02-29 13:30:00-05:00,223.22999572753906,223.22999572753906,222.58999633789062,222.8699951171875,18605,0.0,0.0
2024-02-29 14:30:00-05:00,222.91000366210938,222.99000549316406,221.55999755859375,222.7100067138672,26531,0.0,0.0
2024-02-29 15:30:00-05:00,222.44000244140625,223.41000366210938,222.42999267578125,222.6999969482422,88899,0.0,0.0
2024-03-01 09:30:00-05:00,220.27000427246094,222.85000610351562,218.0,222.0,37300,0.0,0.0
2024-03-01 10:30:00-05:00,222.77499389648438,223.75999450683594,222.77499389648438,223.75999450683594,9938,0.0,0.0
2024-03-01 11:30:00-05:00,223.6300048828125,224.64999389648438,223.52999877929688,224.25999450683594,17637,0.0,0.0
2024-03-01 12:30:00-05:00,224.24000549316406,224.2949981689453,223.6300048828125,223.84500122070312,26256,0.0,0.0
2024-03-01 13:30:00-05:00,223.8300018310547,224.22500610351562,223.50999450683594,224.1199951171875,21883,0.0,0.0
2024-03-01 14:30:00-05:00,224.1300048828125,224.41000366210938,223.91000366210938,223.9499969482422,26248,0.0,0.0
2024-03-01 15:30:00-05:00,223.9149932861328,224.0,222.57000732421875,223.0,62472,0.0,0.0
2024-03-04 09:30:00-05:00,221.6300048828125,223.6199951171875,220.5500030517578,222.59500122070312,22561,0.0,0.0
2024-03-04 10:30:00-05:00,222.69000244140625,224.56500244140625,222.5800018310547,224.56500244140625,17610,0.0,0.0
2024-03-04 11:30:00-05:00,224.4600067138672,225.0800018310547,224.4600067138672,224.77999877929688,16003,0.0,0.0
2024-03-04 12:30:00-05:00,224.9550018310547,225.18499755859375,224.8300018310547,225.02000427246094,16910,0.0,0.0
2024-03-04 13:30:00-05:00,224.88999938964844,224.99000549316406,224.39999389648438,224.72999572753906,12780,0.0,0.0
2024-03-04 14:30:00-05:00,224.6999969482422,225.4199981689453,224.3699951171875,224.5,34212,0.0,0.0
2024-03-04 15:30:00-05:00,224.5850067138672,225.0800018310547,224.47999572753906,225.02000427246094,40270,0.0,0.0
2024-03-05 09:30:00-05:00,223.9600067138672,225.47000122070312,223.16000366210938,224.92999267578125,33072,0.0,0.0
2024-03-05 10:30:00-05:00,225.0,225.5449981689453,224.58999633789062,225.03500366210938,30278,0.0,0.0
2024-03-05 11:30:00-05:00,225.0449981689453,226.03500366210938,224.6199951171875,225.07000732421875,24695,0.0,0.0
2024-03-05 12:30:00-05:00,225.02999877929688,225.0699005126953,224.36000061035156,225.02000427246094,15132,0.0,0.0
2024-03-05 13:30:00-05:00,224.8699951171875,225.0050048828125,222.8249969482422,223.5500030517578,25638,0.0,0.0
2024-03-05 14:30:00-05:00,223.4199981689453,223.4199981689453,221.22000122070312,221.74000549316406,38215,0.0,0.0
2024-03-05 15:30:00-05:00,221.5500030517578,223.2899932861328,221.49000549316406,223.27999877929688,68754,0.0,0.0
2024-03-06 09:30:00-05:00,223.88999938964844,225.3699951171875,222.80999755859375,224.23500061035156,19309,0.0,0.0
2024-03-06 10:30:00-05:00,223.9250030517578,225.0500030517578,223.9149932861328,225.0,14970,0.0,0.0
2024-03-06 11:30:00-05:00,225.09500122070312,225.52999877929688,224.60000610351562,225.52499389648438,73885,0.0,0.0
2024-03-06 12:30:00-05:00,225.52499389648438,225.99989318847656,225.2100067138672,225.72999572753906,35807,0.0,0.0
2024-03-06 13:30:00-05:00,225.85000610351562,225.85000610351562,224.60000610351562,225.02999877929688,14841,0.0,0.0
2024-03-06 14:30:00-05:00,225.05499267578125,225.51499938964844,224.28500366210938,224.69000244140625,33989,0.0,0.0
2024-03-06 15:30:00-05:00,224.73500061035156,224.77999877929688,223.8800048828125,224.52999877929688,44864,0.0,0.0
2024-03-07 09:30:00-05:00,226.33999633789062,227.1699981689453,224.98500061035156,226.77499389648438,58662,0.0,0.0
2024-03-07 10:30:00-05:00,226.2949981689453,226.49000549316406,225.2949981689453,225.80999755859375,83765,0.0,0.0
2024-03-07 11:30:00-05:00,225.73500061035156,227.8300018310547,225.73500061035156,227.8300018310547,18886,0.0,0.0
2024-03-07 12:30:00-05:00,228.0,228.9600067138672,227.77999877929688,228.73500061035156,21945,0.0,0.0
2024-03-07 13:30:00-05:00,228.72500610351562,229.5800018310547,228.60000610351562,229.5500030517578,29855,0.0,0.0
2024-03-07 14:30:00-05:00,229.2899932861328,230.10499572753906,228.31500244140625,228.82000732421875,58984,0.0,0.0
2024-03-07 15:30:00-05:00,228.64999389648438,229.3000030517578,228.25,228.77999877929688,77665,0.0,0.0
2024-03-08 09:30:00-05:00,228.38999938964844,231.3699951171875,226.7899932861328,227.32000732421875,34860,0.0,0.0
2024-03-08 10:30:00-05:00,227.67999267578125,227.86500549316406,226.99000549316406,227.5800018310547,18237,0.0,0.0
2024-03-08 11:30:00-05:00,227.6300048828125,227.9199981689453,226.24000549316406,226.64999389648438,26655,0.0,0.0
2024-03-08 12:30:00-05:00,226.4149932861328,226.75999450683594,225.9199981689453,226.55999755859375,29600,0.0,0.0
2024-03-08 13:30:00-05:00,226.22000122070312,226.22000122070312,224.86000061035156,225.57000732421875,20699,0.0,0.0
2024-03-08 14:30:00-05:00,225.3699951171875,225.68499755859375,224.7449951171875,224.7449951171875,29970,0.0,0.0
2024-03-08 15:30:00-05:00,224.57000732421875,224.86000061035156,224.1199951171875,224.2899932861328,90260,0.0,0.0
2024-03-11 09:30:00-04:00,223.72000122070312,224.9250030517578,222.44000244140625,223.5500030517578,18509,0.0,0.0
2024-03-11 10:30:00-04:00,223.5500030517578,225.50999450683594,223.3350067138672,225.22000122070312,13783,0.0,0.0
2024-03-11 11:30:00-04:00,225.13999938964844,226.39999389648438,225.0,226.2449951171875,18945,0.0,0.0
2024-03-11 12:30:00-04:00,226.39999389648438,227.19000244140625,226.08999633789062,227.19000244140625,18263,0.0,0.0
2024-03-11 13:30:00-04:00,226.9600067138672,227.22500610351562,226.07000732421875,226.22000122070312,27308,0.0,0.0
2024-03-11 14:30:00-04:00,226.27000427246094,227.0449981689453,226.1199951171875,226.61000061035156,21183,0.0,0.0
2024-03-11 15:30:00-04:00,226.66000366210938,227.50999450683594,226.66000366210938,226.97999572753906,50882,0.0,0.0
2024-03-12 09:30:00-04:00,226.0399932861328,227.47999572753906,224.5800018310547,226.77999877929688,12411,0.0,0.0
2024-03-12 10:30:00-04:00,226.74000549316406,226.83999633789062,225.6999969482422,226.35499572753906,20110,0.0,0.0
2024-03-12 11:30:00-04:00,226.08999633789062,226.77999877929688,225.6649932861328,226.25,16734,0.0,0.0
2024-03-12 12:30:00-04:00,225.8800048828125,226.4600067138672,225.41000366210938,226.4499969482422,16078,0.0,0.0
2024-03-12 13:30:00-04:00,226.52999877929688,226.99000549316406,226.3249969482422,226.99000549316406,13804,0.0,0.0
2024-03-12 14:30:00-04:00,227.11000061035156,227.13999938964844,226.65859985351562,226.83399963378906,15180,0.0,0.0
2024-03-12 15:30:00-04:00,226.71499633789062,226.99000549316406,226.39999389648438,226.5,36171,0.0,0.0
2024-03-13 09:30:00-04:00,226.6699981689453,227.72500610351562,225.9499969482422,227.72500610351562,10807,0.0,0.0
2024-03-13 10:30:00-04:00,227.77999877929688,227.77999877929688,226.27000427246094,226.29469299316406,9150,0.0,0.0
2024-03-13 11:30:00-04:00,226.1300048828125,226.39999389648438,225.24000549316406,225.36929321289062,9053,0.0,0.0
2024-03-13 12:30:00-04:00,225.13999938964844,225.22999572753906,224.0500030517578,224.08999633789062,12882,0.0,0.0
2024-03-13 13:30:00-04:00,224.22999572753906,224.27999877929688,223.55999755859375,223.8300018310547,11055,0.0,0.0
2024-03-13 14:30:00-04:00,223.84500122070312,223.875,221.7949981689453,222.1199951171875,24057,0.0,0.0
2024-03-13 15:30:00-04:00,222.1199951171875,222.64999389648438,221.57000732421875,222.14999389648438,72655,0.0,0.0
2024-03-14 09:30:00-04:00,220.08999633789062,220.65499877929688,218.4199981689453,218.92999267578125,23914,0.0,0.0
2024-03-14 10:30:00-04:00,218.92869567871094,219.3300018310547,218.4199981689453,218.9499969482422,12343,0.0,0.0
2024-03-14 11:30:00-04:00,219.13999938964844,219.63999938964844,218.9250030517578,219.17999267578125,13069,0.0,0.0
2024-03-14 12:30:00-04:00,219.2100067138672,219.2100067138672,217.92999267578125,218.02000427246094,11944,0.0,0.0
2024-03-14 13:30:00-04:00,217.6199951171875,218.11000061035156,217.3800048828125,217.86000061035156,14123,0.0,0.0
2024-03-14 14:30:00-04:00,218.05499267578125,218.11000061035156,217.04580688476562,217.0500030517578,24920,0.0,0.0
2024-03-14 15:30:00-04:00,217.0,218.38999938964844,216.67999267578125,218.38999938964844,77767,0.0,0.0
2024-03-15 09:30:00-04:00,215.32000732421875,217.1199951171875,214.86000061035156,216.25,79740,0.0,0.0
2024-03-15 10:30:00-04:00,215.27000427246094,216.47000122070312,215.0500030517578,215.0500030517578,12777,0.0,0.0
2024-03-15 11:30:00-04:00,215.25999450683594,215.875,215.05499267578125,215.11000061035156,14256,0.0,0.0
2024-03-15 12:30:00-04:00,215.5399932861328,215.55999755859375,214.2100067138672,214.2100067138672,27364,0.0,0.0
2024-03-15 13:30:00-04:00,214.35000610351562,215.2550048828125,214.35000610351562,214.7100067138672,21910,0.0,0.0
2024-03-15 14:30:00-04:00,214.71749877929688,215.29750061035156,214.5399932861328,215.02000427246094,38731,0.0,0.0
2024-03-15 15:30:00-04:00,215.0,215.42999267578125,214.13999938964844,215.38999938964844,71755,0.0,0.0
2024-03-18 09:30:00-04:00,217.35000610351562,217.35000610351562,213.47999572753906,216.4499969482422,25571,0.0,0.0
2024-03-18 10:30:00-04:00,216.6699981689453,217.9600067138672,216.6199951171875,217.375,22518,0.0,0.0
2024-03-18 11:30:00-04:00,217.375,218.5709991455078,217.25,218.5709991455078,18003,0.0,0.0
2024-03-18 12:30:00-04:00,218.39999389648438,218.75,217.89999389648438,218.34500122070312,12409,0.0,0.0
2024-03-18 13:30:00-04:00,218.50999450683594,218.81500244140625,216.6199951171875,216.85000610351562,36387,0.0,0.0
2024-03-18 14:30:00-04:00,216.88999938964844,217.0800018310547,216.3699951171875,216.3699951171875,15078,0.0,0.0
2024-03-18 15:30:00-04:00,216.3300018310547,216.80999755859375,216.0709991455078,216.4199981689453,48880,0.0,0.0
2024-03-19 09:30:00-04:00,216.80999755859375,217.3300018310547,215.2100067138672,216.75,11769,0.0,0.0
2024-03-19 10:30:00-04:00,216.94500732421875,217.33999633789062,216.52999877929688,217.33999633789062,24804,0.0,0.0
2024-03-19 11:30:00-04:00,217.41000366210938,219.14999389648438,217.41000366210938,219.14999389648438,28230,0.0,0.0
2024-03-19 12:30:00-04:00,219.1999969482422,219.6300048828125,217.7899932861328,217.99000549316406,52588,0.0,0.0
2024-03-19 13:30:00-04:00,217.89999389648438,218.3300018310547,216.94000244140625,217.19500732421875,51373,0.0,0.0
2024-03-19 14:30:00-04:00,217.2100067138672,218.02999877929688,217.0800018310547,217.63499450683594,59142,0.0,0.0
2024-03-19 15:30:00-04:00,217.60000610351562,218.4600067138672,217.5800018310547,218.07000732421875,99199,0.0,0.0
2024-03-20 09:30:00-04:00,216.92999267578125,218.84500122070312,216.52999877929688,217.27000427246094,13890,0.0,0.0
2024-03-20 10:30:00-04:00,217.42999267578125,217.72999572753906,216.80999755859375,217.42999267578125,20816,0.0,0.0
2024-03-20 11:30:00-04:00,217.3800048828125,218.08999633789062,217.1699981689453,217.69000244140625,13976,0.0,0.0
2024-03-20 12:30:00-04:00,217.58999633789062,218.25,217.3699951171875,217.72000122070312,11932,0.0,0.0
2024-03-20 13:30:00-04:00,217.76499938964844,219.5399932861328,217.1999969482422,219.00999450683594,20970,0.0,0.0
2024-03-20 14:30:00-04:00,218.72000122070312,221.00999450683594,218.17999267578125,221.00999450683594,26865,0.0,0.0
2024-03-20 15:30:00-04:00,221.08999633789062,221.15499877929688,219.97000122070312,220.47999572753906,36563,0.0,0.0
2024-03-21 09:30:00-04:00,221.83999633789062,223.2449951171875,221.0050048828125,221.94000244140625,14047,0.0,0.0
2024-03-21 10:30:00-04:00,222.02000427246094,222.8000030517578,221.6750030517578,221.71499633789062,29029,0.0,0.0
2024-03-21 11:30:00-04:00,221.64999389648438,222.4600067138672,220.97999572753906,221.22500610351562,21979,0.0,0.0
2024-03-21 12:30:00-04:00,221.14999389648438,221.47999572753906,220.80999755859375,221.43499755859375,12246,0.0,0.0
2024-03-21 13:30:00-04:00,221.40499877929688,222.97999572753906,221.2899932861328,222.8300018310547,17226,0.0,0.0
2024-03-21 14:30:00-04:00,222.97999572753906,224.19000244140625,222.8249969482422,223.9600067138672,44495,0.0,0.0
2024-03-21 15:30:00-04:00,224.13999938964844,224.75,223.66000366210938,224.34500122070312,114140,0.0,0.0
2024-03-22 09:30:00-04:00,225.0,225.0,222.6300048828125,222.67999267578125,15403,0.0,0.0
2024-03-22 10:30:00-04:00,222.66000366210938,222.9600067138672,220.35000610351562,220.35000610351562,17367,0.0,0.0
2024-03-22 11:30:00-04:00,220.3800048828125,220.60000610351562,219.41000366210938,220.56500244140625,31936,0.0,0.0
2024-03-22 12:30:00-04:00,220.49000549316406,220.82000732421875,219.77999877929688,220.06939697265625,19731,0.0,0.0
2024-03-22 13:30:00-04:00,220.30999755859375,220.99000549316406,220.30999755859375,220.6699981689453,16234,0.0,0.0
2024-03-22 14:30:00-04:00,220.55999755859375,220.7100067138672,219.75999450683594,220.1199951171875,23921,0.0,0.0
2024-03-22 15:30:00-04:00,220.11500549316406,221.22000122070312,220.11500549316406,220.8800048828125,36219,0.0,0.0
2024-03-25 09:30:00-04:00,220.58999633789062,221.91000366210938,220.0500030517578,221.60000610351562,13243,0.0,0.0
2024-03-25 10:30:00-04:00,221.35000610351562,221.53500366210938,219.97000122070312,220.02000427246094,23124,0.0,0.0
2024-03-25 11:30:00-04:00,219.9499969482422,220.3699951171875,219.59010314941406,220.19000244140625,18477,0.0,0.0
2024-03-25 12:30:00-04:00,220.5800018310547,221.66000366210938,220.39999389648438,221.52000427246094,12184,0.0,0.0
2024-03-25 13:30:00-04:00,221.47500610351562,221.5800018310547,220.9680938720703,221.33999633789062,25271,0.0,0.0
2024-03-25 14:30:00-04:00,221.16000366210938,221.52000427246094,220.3300018310547,220.65499877929688,27577,0.0,0.0
2024-03-25 15:30:00-04:00,220.69000244140625,220.77999877929688,218.91000366210938,219.75999450683594,101678,0.0,0.0
2024-03-26 09:30:00-04:00,220.52999877929688,220.63099670410156,218.0449981689453,218.44000244140625,14884,0.0,0.0
2024-03-26 10:30:00-04:00,218.32000732421875,218.5800018310547,215.9199981689453,216.4199981689453,38573,0.0,0.0
2024-03-26 11:30:00-04:00,216.52999877929688,216.77389526367188,216.0,216.66000366210938,26946,0.0,0.0
2024-03-26 12:30:00-04:00,216.52999877929688,217.0399932861328,216.10000610351562,216.44500732421875,39859,0.0,0.0
2024-03-26 13:30:00-04:00,216.4250030517578,217.4199981689453,216.2550048828125,217.2550048828125,34956,0.0,0.0
2024-03-26 14:30:00-04:00,217.27000427246094,217.35000610351562,216.67999267578125,217.17660522460938,31989,0.0,0.0
2024-03-26 15:30:00-04:00,217.08999633789062,217.22000122070312,216.22999572753906,216.52000427246094,91549,0.0,0.0
2024-03-27 09:30:00-04:00,218.25,222.0500030517578,217.9250030517578,221.83999633789062,36420,0.0,0.0
2024-03-27 10:30:00-04:00,221.8350067138672,221.85000610351562,220.3249969482422,220.39500427246094,49623,0.0,0.0
2024-03-27 11:30:00-04:00,220.19000244140625,220.9149932861328,220.0500030517578,220.8699951171875,28726,0.0,0.0
2024-03-27 12:30:00-04:00,220.86000061035156,221.00999450683594,220.30999755859375,220.49000549316406,20721,0.0,0.0
2024-03-27 13:30:00-04:00,220.46499633789062,221.1750030517578,220.1699981689453,221.1750030517578,22868,0.0,0.0
2024-03-27 14:30:00-04:00,221.18499755859375,222.3699951171875,221.18499755859375,222.3699951171875,25221,0.0,0.0
2024-03-27 15:30:00-04:00,222.6300048828125,224.0800018310547,222.49000549316406,224.02000427246094,65831,0.0,0.0
2024-03-28 09:30:00-04:00,223.86000061035156,225.52999877929688,222.90499877929688,225.3300018310547,19563,0.0,0.0
2024-03-28 10:30:00-04:00,225.1199951171875,225.78500366210938,224.32000732421875,224.32000732421875,22861,0.0,0.0
2024-03-28 11:30:00-04:00,224.61000061035156,225.1999969482422,224.02999877929688,224.88499450683594,18114,0.0,0.0
2024-03-28 12:30:00-04:00,225.00999450683594,226.33999633789062,224.72500610351562,226.33999633789062,17216,0.0,0.0
2024-03-28 13:30:00-04:00,226.22999572753906,226.75,226.0399932861328,226.49749755859375,17302,0.0,0.0
2024-03-28 14:30:00-04:00,226.5500030517578,227.64999389648438,226.35000610351562,226.99000549316406,45710,0.0,0.0
2024-03-28 15:30:00-04:00,226.98500061035156,226.98500061035156,225.7899932861328,225.83999633789062,71034,0.0,0.0
2024-04-01 09:30:00-04:00,225.8000030517578,227.05999755859375,220.78500366210938,222.03500366210938,18912,0.0,0.0
2024-04-01 10:30:00-04:00,222.32000732421875,223.8000030517578,221.9600067138672,222.84500122070312,17093,0.0,0.0
2024-04-01 11:30:00-04:00,222.58999633789062,223.22300720214844,222.47999572753906,223.19000244140625,23954,0.0,0.0
2024-04-01 12:30:00-04:00,223.0,223.6199951171875,222.13999938964844,222.72999572753906,11922,0.0,0.0
2024-04-01 13:30:00-04:00,222.61000061035156,223.44500732421875,222.57000732421875,223.0399932861328,13937,0.0,0.0
2024-04-01 14:30:00-04:00,222.99000549316406,223.5749969482422,222.82000732421875,223.1999969482422,16943,0.0,0.0
2024-04-01 15:30:00-04:00,223.05999755859375,223.34249877929688,222.43499755859375,222.97999572753906,43679,0.0,0.0
2024-04-02 09:30:00-04:00,221.39999389648438,221.39999389648438,217.58999633789062,217.58999633789062,33275,0.0,0.0
2024-04-02 10:30:00-04:00,217.6300048828125,219.11000061035156,217.6300048828125,218.00999450683594,27606,0.0,0.0
2024-04-02 11:30:00-04:00,218.0500030517578,218.125,217.52000427246094,217.72000122070312,26911,0.0,0.0
2024-04-02 12:30:00-04:00,217.8800048828125,217.9499969482422,216.50999450683594,216.72500610351562,16934,0.0,0.0
2024-04-02 13:30:00-04:00,216.6699981689453,218.02000427246094,216.6699981689453,217.5749969482422,97219,0.0,0.0
2024-04-02 14:30:00-04:00,217.5500030517578,218.32000732421875,217.34500122070312,217.4499969482422,22947,0.0,0.0
2024-04-02 15:30:00-04:00,217.2899932861328,217.49000549316406,216.8800048828125,217.3000030517578,146500,0.0,0.0
2024-04-03 09:30:00-04:00,216.72999572753906,217.4600067138672,215.6999969482422,216.43499755859375,29506,0.0,0.0
2024-04-03 10:30:00-04:00,216.0399932861328,217.1300048828125,215.97000122070312,216.5800018310547,69881,0.0,0.0
2024-04-03 11:30:00-04:00,216.5749969482422,217.99000549316406,216.5,217.27999877929688,27071,0.0,0.0
2024-04-03 12:30:00-04:00,217.27000427246094,217.30999755859375,216.52999877929688,216.9499969482422,26861,0.0,0.0
2024-04-03 13:30:00-04:00,217.07000732421875,217.2899932861328,215.75999450683594,215.75999450683594,32485,0.0,0.0
2024-04-03 14:30:00-04:00,215.6649932861328,215.80999755859375,214.74000549316406,215.08999633789062,18412,0.0,0.0
2024-04-03 15:30:00-04:00,215.08999633789062,215.55999755859375,214.58999633789062,214.86000061035156,68065,0.0,0.0
2024-04-04 09:30:00-04:00,216.77000427246094,216.77000427246094,212.52999877929688,213.1999969482422,60341,0.0,0.0
2024-04-04 10:30:00-04:00,213.5800018310547,214.22999572753906,213.1699981689453,213.5800018310547,24565,0.0,0.0
2024-04-04 11:30:00-04:00,213.5800018310547,214.1699981689453,213.4600067138672,213.58999633789062,23064,0.0,0.0
2024-04-04 12:30:00-04:00,213.6199951171875,215.1300048828125,213.18499755859375,214.85000610351562,52989,0.0,0.0
2024-04-04 13:30:00-04:00,214.80999755859375,215.27499389648438,212.89999389648438,213.11500549316406,21692,0.0,0.0
2024-04-04 14:30:00-04:00,212.77000427246094,213.04600524902344,211.75999450683594,211.75999450683594,30316,0.0,0.0
2024-04-04 15:30:00-04:00,211.75999450683594,212.08999633789062,211.5399932861328,211.94000244140625,62581,0.0,0.0
2024-04-05 09:30:00-04:00,211.0800018310547,213.2100067138672,210.53500366210938,213.11000061035156,40752,0.0,0.0
2024-04-05 10:30:00-04:00,213.36000061035156,216.10000610351562,213.2899932861328,216.01499938964844,30497,0.0,0.0
2024-04-05 11:30:00-04:00,216.0399932861328,217.59500122070312,215.94000244140625,217.55999755859375,34976,0.0,0.0
2024-04-05 12:30:00-04:00,217.4199981689453,217.86000061035156,216.55499267578125,216.80499267578125,32572,0.0,0.0
2024-04-05 13:30:00-04:00,216.7550048828125,216.7550048828125,215.80999755859375,216.125,18774,0.0,0.0
2024-04-05 14:30:00-04:00,216.3300018310547,217.17999267578125,216.24000549316406,216.5,30333,0.0,0.0
2024-04-05 15:30:00-04:00,216.50999450683594,217.0800018310547,216.4600067138672,216.8300018310547,64844,0.0,0.0
2024-04-08 09:30:00-04:00,217.42999267578125,218.67999267578125,215.94830322265625,218.66000366210938,23847,0.0,0.0
2024-04-08 10:30:00-04:00,218.80499267578125,219.22500610351562,218.6699981689453,218.85499572753906,21526,0.0,0.0
2024-04-08 11:30:00-04:00,218.8249969482422,220.0749969482422,218.8249969482422,219.91000366210938,16199,0.0,0.0
2024-04-08 12:30:00-04:00,219.90499877929688,220.22999572753906,218.77999877929688,219.48500061035156,27447,0.0,0.0
2024-04-08 13:30:00-04:00,219.44000244140625,219.48500061035156,217.52499389648438,217.73500061035156,18215,0.0,0.0
2024-04-08 14:30:00-04:00,217.60000610351562,218.0449981689453,217.02000427246094,217.13999938964844,20337,0.0,0.0
2024-04-08 15:30:00-04:00,217.125,217.35000610351562,216.5,216.99000549316406,64205,0.0,0.0
2024-04-09 09:30:00-04:00,217.52000427246094,222.1699981689453,215.69000244140625,222.1699981689453,29752,0.0,0.0
2024-04-09 10:30:00-04:00,221.75999450683594,222.3800048828125,221.38999938964844,221.98500061035156,17167,0.0,0.0
2024-04-09 11:30:00-04:00,222.02000427246094,222.02000427246094,220.77000427246094,221.0800018310547,13679,0.0,0.0
2024-04-09 12:30:00-04:00,220.64999389648438,222.1999969482422,220.64999389648438,221.8166961669922,26163,0.0,0.0
2024-04-09 13:30:00-04:00,222.10000610351562,222.1199951171875,221.4949951171875,221.99000549316406,15792,0.0,0.0
2024-04-09 14:30:00-04:00,222.02000427246094,223.72999572753906,222.02000427246094,223.72500610351562,29543,0.0,0.0
2024-04-09 15:30:00-04:00,223.72500610351562,223.94000244140625,222.822998046875,223.88999938964844,52189,0.0,0.0
2024-04-10 09:30:00-04:00,219.35000610351562,220.1999969482422,218.50999450683594,220.0500030517578,26196,0.0,0.0
2024-04-10 10:30:00-04:00,219.74000549316406,220.36000061035156,217.52999877929688,217.52999877929688,12495,0.0,0.0
2024-04-10 11:30:00-04:00,217.25,217.5,216.5,216.8800048828125,10666,0.0,0.0
2024-04-10 12:30:00-04:00,216.5,218.0399932861328,216.27000427246094,217.78500366210938,18109,0.0,0.0
2024-04-10 13:30:00-04:00,217.52999877929688,218.17999267578125,217.10000610351562,217.3000030517578,12661,0.0,0.0
2024-04-10 14:30:00-04:00,216.99000549316406,217.97999572753906,216.5,217.83999633789062,14951,0.0,0.0
2024-04-10 15:30:00-04:00,217.61000061035156,218.44500732421875,217.4600067138672,218.25999450683594,30920,0.0,0.0
2024-04-11 09:30:00-04:00,220.89999389648438,220.91000366210938,217.38999938964844,217.50999450683594,12566,0.0,0.0
2024-04-11 10:30:00-04:00,217.11000061035156,217.35000610351562,216.23500061035156,216.47999572753906,18311,0.0,0.0
2024-04-11 11:30:00-04:00,216.64500427246094,217.9949951171875,216.64500427246094,217.8800048828125,11095,0.0,0.0
2024-04-11 12:30:00-04:00,217.75,218.8000030517578,217.4949951171875,218.68499755859375,11666,0.0,0.0
2024-04-11 13:30:00-04:00,218.64999389648438,219.72000122070312,218.63999938964844,219.4499969482422,12164,0.0,0.0
2024-04-11 14:30:00-04:00,219.23500061035156,219.80999755859375,218.9199981689453,218.97000122070312,20911,0.0,0.0
2024-04-11 15:30:00-04:00,218.75,218.85499572753906,217.2899932861328,217.2899932861328,50502,0.0,0.0
2024-04-12 09:30:00-04:00,215.27000427246094,216.17999267578125,214.42999267578125,214.52000427246094,17241,0.0,0.0
2024-04-12 10:30:00-04:00,214.52000427246094,215.22500610351562,213.92999267578125,214.39999389648438,15010,0.0,0.0
2024-04-12 11:30:00-04:00,214.4199981689453,214.7100067138672,213.75,213.90499877929688,14131,0.0,0.0
2024-04-12 12:30:00-04:00,214.05499267578125,214.05499267578125,212.7899932861328,213.14999389648438,14828,0.0,0.0
2024-04-12 13:30:00-04:00,213.125,214.17999267578125,213.02999877929688,213.6999969482422,16788,0.0,0.0
2024-04-12 14:30:00-04:00,213.6999969482422,214.0500030517578,213.08999633789062,213.39999389648438,26820,0.0,0.0
2024-04-12 15:30:00-04:00,213.4199981689453,214.50999450683594,213.0800018310547,214.50999450683594,43015,0.0,0.0
2024-04-15 09:30:00-04:00,216.22000122070312,216.34500122070312,212.91000366210938,212.91000366210938,18910,0.0,0.0
2024-04-15 10:30:00-04:00,212.88999938964844,213.0050048828125,211.6699981689453,212.02499389648438,12669,0.0,0.0
2024-04-15 11:30:00-04:00,212.1999969482422,213.2100067138672,212.00999450683594,212.53500366210938,31970,0.0,0.0
2024-04-15 12:30:00-04:00,212.52999877929688,212.9199981689453,211.0,211.1999969482422,28235,0.0,0.0
2024-04-15 13:30:00-04:00,211.0,212.3300018310547,210.89999389648438,212.02499389648438,27081,0.0,0.0
2024-04-15 14:30:00-04:00,211.9199981689453,212.0850067138672,210.32000732421875,210.3699951171875,23818,0.0,0.0
2024-04-15 15:30:00-04:00,210.52000427246094,211.22000122070312,209.86000061035156,210.66000366210938,55883,0.0,0.0
2024-04-16 09:30:00-04:00,210.25999450683594,211.0449981689453,207.79080200195312,211.0449981689453,9672,0.0,0.0
2024-04-16 10:30:00-04:00,210.5500030517578,212.36000061035156,210.35000610351562,212.00999450683594,38209,0.0,0.0
2024-04-16 11:30:00-04:00,212.0,213.22999572753906,211.8800048828125,212.0399932861328,10252,0.0,0.0
2024-04-16 12:30:00-04:00,212.05999755859375,212.05999755859375,210.96090698242188,211.41000366210938,20067,0.0,0.0
2024-04-16 13:30:00-04:00,211.1699981689453,212.56100463867188,210.5800018310547,210.8300018310547,20165,0.0,0.0
2024-04-16 14:30:00-04:00,210.9600067138672,212.41000366210938,210.9600067138672,211.83999633789062,19273,0.0,0.0
2024-04-16 15:30:00-04:00,211.5800018310547,211.72500610351562,209.97999572753906,210.02999877929688,45694,0.0,0.0
2024-04-17 09:30:00-04:00,210.6699981689453,210.6699981689453,208.625,208.6300048828125,15446,0.0,0.0
2024-04-17 10:30:00-04:00,208.6999969482422,208.94000244140625,207.7899932861328,208.0500030517578,18714,0.0,0.0
2024-04-17 11:30:00-04:00,207.6300048828125,208.5399932861328,207.08999633789062,208.19000244140625,33974,0.0,0.0
2024-04-17 12:30:00-04:00,208.25,209.13499450683594,208.25,209.13499450683594,8263,0.0,0.0
2024-04-17 13:30:00-04:00,208.89999389648438,209.0449981689453,208.59500122070312,208.60000610351562,11056,0.0,0.0
2024-04-17 14:30:00-04:00,208.61000061035156,209.07000732421875,207.6699981689453,208.31500244140625,11424,0.0,0.0
2024-04-17 15:30:00-04:00,208.25,208.72000122070312,208.1999969482422,208.4199981689453,27744,0.0,0.0
2024-04-18 09:30:00-04:00,208.74000549316406,209.22999572753906,207.02000427246094,207.99000549316406,16541,0.0,0.0
2024-04-18 10:30:00-04:00,208.1300048828125,209.93499755859375,208.02999877929688,209.56500244140625,14758,0.0,0.0
2024-04-18 11:30:00-04:00,209.25,209.25,208.35000610351562,208.9550018310547,21382,0.0,0.0
2024-04-18 12:30:00-04:00,208.4073944091797,208.66000366210938,207.64999389648438,208.1199951171875,12961,0.0,0.0
2024-04-18 13:30:00-04:00,208.0850067138672,208.5399932861328,207.10000610351562,207.4499969482422,16473,0.0,0.0
2024-04-18 14:30:00-04:00,207.11000061035156,207.41000366210938,206.75,207.3800048828125,11286,0.0,0.0
2024-04-18 15:30:00-04:00,207.30999755859375,207.81500244140625,207.24000549316406,207.32000732421875,29462,0.0,0.0
2024-04-19 09:30:00-04:00,208.6699981689453,208.89999389648438,207.85000610351562,208.61000061035156,18423,0.0,0.0
2024-04-19 10:30:00-04:00,208.72000122070312,208.72000122070312,207.7100067138672,208.32000732421875,26130,0.0,0.0
2024-04-19 11:30:00-04:00,208.0,208.16000366210938,205.61000061035156,205.93499755859375,23176,0.0,0.0
2024-04-19 12:30:00-04:00,205.9199981689453,206.99000549316406,205.91000366210938,206.1300048828125,38394,0.0,0.0
2024-04-19 13:30:00-04:00,206.27000427246094,206.6699981689453,205.73599243164062,206.02000427246094,31455,0.0,0.0
2024-04-19 14:30:00-04:00,205.80599975585938,206.5,205.25999450683594,206.5,48663,0.0,0.0
2024-04-19 15:30:00-04:00,206.41000366210938,206.75999450683594,205.8699951171875,206.58999633789062,91707,0.0,0.0
2024-04-22 09:30:00-04:00,208.1699981689453,208.1699981689453,205.5469970703125,206.61000061035156,31057,0.0,0.0
2024-04-22 10:30:00-04:00,206.22999572753906,208.72999572753906,205.72999572753906,207.96499633789062,33947,0.0,0.0
2024-04-22 11:30:00-04:00,208.25990295410156,208.25990295410156,206.66000366210938,206.72500610351562,41204,0.0,0.0
2024-04-22 12:30:00-04:00,206.6300048828125,207.86000061035156,206.6300048828125,207.39999389648438,34773,0.0,0.0
2024-04-22 13:30:00-04:00,207.49000549316406,209.27999877929688,207.4499969482422,208.72320556640625,22942,0.0,0.0
2024-04-22 14:30:00-04:00,208.63279724121094,208.99000549316406,208.10000610351562,208.99000549316406,20540,0.0,0.0
2024-04-22 15:30:00-04:00,209.0850067138672,209.11000061035156,207.25999450683594,207.25999450683594,101074,0.0,0.0
2024-04-23 09:30:00-04:00,208.30999755859375,210.17999267578125,207.50999450683594,209.97999572753906,54201,0.0,0.0
2024-04-23 10:30:00-04:00,209.9499969482422,210.5,208.97500610351562,209.875,42982,0.0,0.0
2024-04-23 11:30:00-04:00,209.7550048828125,211.25999450683594,209.4499969482422,210.92999267578125,18092,0.0,0.0
2024-04-23 12:30:00-04:00,210.80999755859375,212.07000732421875,210.80999755859375,211.39999389648438,16786,0.0,0.0
2024-04-23 13:30:00-04:00,211.50999450683594,212.55999755859375,211.50999450683594,212.22999572753906,19332,0.0,0.0
2024-04-23 14:30:00-04:00,212.2100067138672,212.3300018310547,210.49000549316406,210.52000427246094,35436,0.0,0.0
2024-04-23 15:30:00-04:00,210.4949951171875,211.6699981689453,210.27999877929688,211.11000061035156,58558,0.0,0.0
2024-04-24 09:30:00-04:00,209.74000549316406,211.72999572753906,209.74000549316406,211.72999572753906,14700,0.0,0.0
2024-04-24 10:30:00-04:00,211.57000732421875,211.57000732421875,210.36000061035156,211.25399780273438,22852,0.0,0.0
2024-04-24 11:30:00-04:00,211.27999877929688,211.8800048828125,211.10499572753906,211.6199951171875,11741,0.0,0.0
2024-04-24 12:30:00-04:00,211.6300048828125,211.96499633789062,211.44000244140625,211.7899932861328,16261,0.0,0.0
2024-04-24 13:30:00-04:00,212.32000732421875,212.4949951171875,211.86000061035156,211.86000061035156,9148,0.0,0.0
2024-04-24 14:30:00-04:00,211.96499633789062,212.39999389648438,210.7899932861328,211.8000030517578,31112,0.0,0.0
2024-04-24 15:30:00-04:00,212.10000610351562,212.10000610351562,211.10000610351562,211.22999572753906,57332,0.0,0.0
2024-04-25 09:30:00-04:00,209.52000427246094,209.52000427246094,205.6199951171875,206.0050048828125,33135,0.0,0.0
2024-04-25 10:30:00-04:00,206.19000244140625,206.55999755859375,205.77000427246094,206.38999938964844,20609,0.0,0.0
2024-04-25 11:30:00-04:00,205.91000366210938,206.28500366210938,205.38999938964844,206.25,20536,0.0,0.0
2024-04-25 12:30:00-04:00,206.02999877929688,207.24000549316406,205.91000366210938,207.1649932861328,13170,0.0,0.0
2024-04-25 13:30:00-04:00,207.15499877929688,207.67999267578125,206.7899932861328,207.07000732421875,26237,0.0,0.0
2024-04-25 14:30:00-04:00,207.19000244140625,207.6649932861328,206.7100067138672,207.39500427246094,33147,0.0,0.0
2024-04-25 15:30:00-04:00,207.2899932861328,207.8699951171875,206.08999633789062,206.4199981689453,147708,0.0,0.0
2024-04-26 09:30:00-04:00,206.83999633789062,208.2100067138672,206.4499969482422,206.9499969482422,62434,0.0,0.0
2024-04-26 10:30:00-04:00,207.07000732421875,208.55999755859375,206.72999572753906,207.4600067138672,37313,0.0,0.0
2024-04-26 11:30:00-04:00,207.7100067138672,208.16000366210938,207.33999633789062,208.16000366210938,20508,0.0,0.0
2024-04-26 12:30:00-04:00,207.89500427246094,207.89500427246094,207.41000366210938,207.80499267578125,23065,0.0,0.0
2024-04-26 13:30:00-04:00,207.78500366210938,207.9199981689453,206.86000061035156,206.94000244140625,25337,0.0,0.0
2024-04-26 14:30:00-04:00,207.08999633789062,207.94000244140625,206.9499969482422,207.60000610351562,38463,0.0,0.0
2024-04-26 15:30:00-04:00,207.57000732421875,207.57000732421875,206.36000061035156,206.64999389648438,133035,0.0,0.0
2024-04-29 09:30:00-04:00,207.58999633789062,209.27999877929688,207.3300018310547,208.4550018310547,69656,0.0,0.0
2024-04-29 10:30:00-04:00,208.63999938964844,209.9499969482422,208.63999938964844,209.2899932861328,65997,0.0,0.0
2024-04-29 11:30:00-04:00,209.27000427246094,209.97999572753906,209.2100067138672,209.7899932861328,36253,0.0,0.0
2024-04-29 12:30:00-04:00,209.77999877929688,210.13499450683594,209.19000244140625,209.27000427246094,30615,0.0,0.0
2024-04-29 13:30:00-04:00,209.2949981689453,210.0,209.2949981689453,209.49000549316406,29198,0.0,0.0
2024-04-29 14:30:00-04:00,209.4499969482422,209.5800018310547,208.2100067138672,208.88999938964844,40923,0.0,0.0
2024-04-29 15:30:00-04:00,208.92999267578125,209.88999938964844,208.4199981689453,208.47999572753906,158384,0.0,0.0
2024-04-30 09:30:00-04:00,206.67999267578125,209.52000427246094,205.4550018310547,206.6699981689453,65032,0.0,0.0
2024-04-30 10:30:00-04:00,206.56500244140625,209.2100067138672,205.92999267578125,208.67999267578125,46632,0.0,0.0
2024-04-30 11:30:00-04:00,208.48500061035156,208.8000030517578,207.875,208.33999633789062,44819,0.0,0.0
2024-04-30 12:30:00-04:00,208.3000030517578,208.6750030517578,207.89999389648438,208.4499969482422,27561,0.0,0.0
2024-04-30 13:30:00-04:00,208.69000244140625,208.94000244140625,207.8699951171875,207.8699951171875,21432,0.0,0.0
2024-04-30 14:30:00-04:00,207.9499969482422,209.00999450683594,207.52999877929688,209.00999450683594,102149,0.0,0.0
2024-04-30 15:30:00-04:00,208.85000610351562,209.2050018310547,208.36000061035156,208.74000549316406,85352,0.0,0.0
2024-05-01 09:30:00-04:00,207.7899932861328,209.42999267578125,207.44000244140625,207.7899932861328,37958,0.0,0.0
2024-05-01 10:30:00-04:00,207.8300018310547,211.1300048828125,207.13499450683594,210.9949951171875,57019,0.0,0.0
2024-05-01 11:30:00-04:00,211.36000061035156,212.92999267578125,210.88999938964844,212.5500030517578,47044,0.0,0.0
2024-05-01 12:30:00-04:00,212.5500030517578,213.13999938964844,210.5500030517578,212.2550048828125,157954,0.0,0.0
2024-05-01 13:30:00-04:00,212.07000732421875,212.1199951171875,210.74000549316406,211.5050048828125,45561,0.0,0.0
2024-05-01 14:30:00-04:00,211.48500061035156,213.27000427246094,210.58999633789062,212.6199951171875,107136,0.0,0.0
2024-05-01 15:30:00-04:00,212.50999450683594,212.58999633789062,210.8699951171875,211.5399932861328,113399,0.0,0.0
2024-05-02 09:30:00-04:00,208.4600067138672,213.41000366210938,200.57000732421875,204.1699981689453,87545,0.0,0.0
2024-05-02 10:30:00-04:00,203.97000122070312,204.30999755859375,200.6199951171875,201.97999572753906,85244,0.0,0.0
2024-05-02 11:30:00-04:00,201.75,202.6199951171875,201.36000061035156,201.41000366210938,26861,0.0,0.0
2024-05-02 12:30:00-04:00,201.4499969482422,201.4499969482422,199.49000549316406,200.1999969482422,53332,0.0,0.0
2024-05-02 13:30:00-04:00,200.22999572753906,200.8699951171875,199.15499877929688,199.38999938964844,72202,0.0,0.0
2024-05-02 14:30:00-04:00,199.39999389648438,200.52499389648438,198.2050018310547,200.23500061035156,66839,0.0,0.0
2024-05-02 15:30:00-04:00,200.11000061035156,200.42999267578125,198.75999450683594,198.75999450683594,158004,0.0,0.0
2024-05-03 09:30:00-04:00,201.19000244140625,206.51499938964844,199.1199951171875,202.39999389648438,61469,0.0,0.0
2024-05-03 10:30:00-04:00,202.33999633789062,203.2449951171875,201.23500061035156,202.9550018310547,69066,0.0,0.0
2024-05-03 11:30:00-04:00,202.97999572753906,204.0500030517578,202.38999938964844,202.4499969482422,47354,0.0,0.0
2024-05-03 12:30:00-04:00,202.47999572753906,202.89999389648438,201.7100067138672,201.7100067138672,27631,0.0,0.0
2024-05-03 13:30:00-04:00,201.50999450683594,202.17999267578125,201.50999450683594,201.85000610351562,31896,0.0,0.0
2024-05-03 14:30:00-04:00,202.02499389648438,203.0500030517578,201.91000366210938,202.64999389648438,76369,0.0,0.0
2024-05-03 15:30:00-04:00,202.6999969482422,203.39999389648438,202.18499755859375,202.97000122070312,111876,0.0,0.0
2024-05-06 09:30:00-04:00,204.92999267578125,205.03500366210938,201.64999389648438,201.64999389648438,19157,0.0,0.0
2024-05-06 10:30:00-04:00,201.47500610351562,202.82000732421875,201.44000244140625,202.16000366210938,49005,0.0,0.0
2024-05-06 11:30:00-04:00,201.98500061035156,202.0800018310547,200.51499938964844,200.51499938964844,28602,0.0,0.0
2024-05-06 12:30:00-04:00,200.63999938964844,200.67999267578125,199.85000610351562,200.3000030517578,60571,0.0,0.0
2024-05-06 13:30:00-04:00,200.44500732421875,201.10000610351562,200.21499633789062,200.6300048828125,45344,0.0,0.0
2024-05-06 14:30:00-04:00,200.55999755859375,200.67999267578125,199.4600067138672,199.4600067138672,54244,0.0,0.0
2024-05-06 15:30:00-04:00,199.5,200.9600067138672,199.2899932861328,200.9199981689453,148739,0.0,0.0
2024-05-07 09:30:00-04:00,201.72000122070312,202.3800048828125,201.19000244140625,202.1199951171875,32869,0.0,0.0
2024-05-07 10:30:00-04:00,201.8800048828125,203.5500030517578,201.5800018310547,203.24000549316406,42465,0.0,0.0
2024-05-07 11:30:00-04:00,203.3249969482422,203.78500366210938,202.77000427246094,203.0,28200,0.0,0.0
2024-05-07 12:30:00-04:00,203.0,203.22999572753906,202.40499877929688,202.96499633789062,23445,0.0,0.0
2024-05-07 13:30:00-04:00,202.74000549316406,203.33999633789062,202.69000244140625,203.33999633789062,26267,0.0,0.0
2024-05-07 14:30:00-04:00,203.2899932861328,203.40499877929688,202.5800018310547,202.58999633789062,42753,0.0,0.0
2024-05-07 15:30:00-04:00,202.66000366210938,202.6699981689453,201.35000610351562,201.67999267578125,112550,0.0,0.0
2024-05-08 09:30:00-04:00,200.0,201.03500366210938,198.08999633789062,198.1300048828125,31325,0.0,0.0
2024-05-08 10:30:00-04:00,198.22000122070312,199.27499389648438,197.99000549316406,198.24000549316406,42346,0.0,0.0
2024-05-08 11:30:00-04:00,198.52499389648438,199.6300048828125,198.2100067138672,199.00999450683594,80879,0.0,0.0
2024-05-08 12:30:00-04:00,198.88999938964844,199.47000122070312,198.13499450683594,199.39500427246094,40507,0.0,0.0
2024-05-08 13:30:00-04:00,199.24000549316406,200.38999938964844,199.24000549316406,199.4949951171875,45997,0.0,0.0
2024-05-08 14:30:00-04:00,199.63999938964844,200.2899932861328,199.51499938964844,200.0800018310547,25574,0.0,0.0
2024-05-08 15:30:00-04:00,200.0800018310547,201.3350067138672,199.9600067138672,200.5800018310547,109731,0.0,0.0
2024-05-09 09:30:00-04:00,201.39999389648438,202.3699951171875,199.75999450683594,202.2100067138672,53497,0.0,0.0
2024-05-09 10:30:00-04:00,201.89999389648438,203.46499633789062,201.6699981689453,203.375,23400,0.0,0.0
2024-05-09 11:30:00-04:00,203.1300048828125,203.2050018310547,202.39999389648438,202.93499755859375,45682,0.0,0.0
2024-05-09 12:30:00-04:00,202.74000549316406,203.6750030517578,202.72000122070312,203.10000610351562,26672,0.0,0.0
2024-05-09 13:30:00-04:00,202.97999572753906,204.0850067138672,202.97999572753906,203.97999572753906,57072,0.0,0.0
2024-05-09 14:30:00-04:00,203.82249450683594,205.05999755859375,203.82249450683594,204.9199981689453,40555,0.0,0.0
2024-05-09 15:30:00-04:00,204.8300018310547,205.3800048828125,204.4199981689453,204.6699981689453,111678,0.0,0.0
2024-05-10 09:30:00-04:00,204.57000732421875,206.69000244140625,204.57000732421875,206.17999267578125,19829,0.0,0.0
2024-05-10 10:30:00-04:00,205.94000244140625,206.36489868164062,203.75,204.3000030517578,35862,0.0,0.0
2024-05-10 11:30:00-04:00,204.31500244140625,204.42999267578125,203.27999877929688,203.8800048828125,22913,0.0,0.0
2024-05-10 12:30:00-04:00,204.27000427246094,204.83999633789062,203.5,203.8699951171875,32675,0.0,0.0
2024-05-10 13:30:00-04:00,203.9250030517578,204.64999389648438,203.6750030517578,204.0399932861328,15271,0.0,0.0
2024-05-10 14:30:00-04:00,204.0399932861328,204.16749572753906,203.4199981689453,203.4499969482422,51747,0.0,0.0
2024-05-10 15:30:00-04:00,203.69900512695312,204.3699951171875,203.42999267578125,203.8800048828125,83965,0.0,0.0
2024-05-13 09:30:00-04:00,204.52000427246094,206.17999267578125,203.3800048828125,205.6199951171875,87606,0.0,0.0
2024-05-13 10:30:00-04:00,205.50999450683594,207.4199981689453,205.39500427246094,207.00999450683594,48880,0.0,0.0
2024-05-13 11:30:00-04:00,207.08999633789062,207.3800048828125,206.7050018310547,207.13999938964844,52422,0.0,0.0
2024-05-13 12:30:00-04:00,207.1999969482422,207.4149932861328,206.6999969482422,207.07009887695312,25020,0.0,0.0
2024-05-13 13:30:00-04:00,207.16000366210938,207.80499267578125,206.64999389648438,207.1750030517578,26152,0.0,0.0
2024-05-13 14:30:00-04:00,207.1999969482422,207.35499572753906,206.64999389648438,206.75999450683594,42875,0.0,0.0
2024-05-13 15:30:00-04:00,206.73500061035156,207.8000030517578,206.73500061035156,207.32000732421875,96022,0.0,0.0
2024-05-14 09:30:00-04:00,208.9199981689453,210.9600067138672,208.38999938964844,210.0749969482422,33601,0.0,0.0
2024-05-14 10:30:00-04:00,209.99000549316406,212.38999938964844,209.85000610351562,212.2449951171875,48361,0.0,0.0
2024-05-14 11:30:00-04:00,212.10000610351562,212.3800048828125,211.22000122070312,211.91000366210938,51260,0.0,0.0
2024-05-14 12:30:00-04:00,212.07000732421875,212.1699981689453,211.1699981689453,211.69000244140625,22158,0.0,0.0
2024-05-14 13:30:00-04:00,211.72999572753906,212.5800018310547,211.60000610351562,212.5800018310547,38242,0.0,0.0
2024-05-14 14:30:00-04:00,212.44000244140625,213.9199981689453,212.38999938964844,212.38999938964844,64204,0.0,0.0
2024-05-14 15:30:00-04:00,212.42999267578125,212.77000427246094,211.9149932861328,212.5800018310547,93897,0.0,0.0
2024-05-15 09:30:00-04:00,214.6999969482422,217.02000427246094,214.1999969482422,215.44000244140625,30962,0.0,0.0
2024-05-15 10:30:00-04:00,215.52999877929688,218.35499572753906,215.38999938964844,218.0500030517578,41196,0.0,0.0
2024-05-15 11:30:00-04:00,218.0399932861328,218.35499572753906,216.79010009765625,217.2449951171875,37496,0.0,0.0
2024-05-15 12:30:00-04:00,217.16400146484375,219.27999877929688,217.16400146484375,218.15499877929688,42655,0.0,0.0
2024-05-15 13:30:00-04:00,218.27000427246094,218.8800048828125,217.85000610351562,218.8800048828125,56206,0.0,0.0
2024-05-15 14:30:00-04:00,218.63999938964844,219.10000610351562,217.86700439453125,219.0399932861328,64958,0.0,0.0
2024-05-15 15:30:00-04:00,218.99000549316406,220.27000427246094,218.88999938964844,219.8000030517578,127251,0.0,0.0
2024-05-16 09:30:00-04:00,214.0,216.75,212.30999755859375,215.16000366210938,386422,0.0,0.0
2024-05-16 10:30:00-04:00,215.1199951171875,216.0,214.6699981689453,215.52000427246094,65730,0.0,0.0
2024-05-16 11:30:00-04:00,215.58999633789062,216.74000549316406,215.0,215.22999572753906,128804,0.0,0.0
2024-05-16 12:30:00-04:00,215.14999389648438,216.42999267578125,214.9199981689453,216.22000122070312,81051,0.0,0.0
2024-05-16 13:30:00-04:00,216.10000610351562,217.74000549316406,215.97999572753906,217.3697967529297,97390,0.0,0.0
2024-05-16 14:30:00-04:00,217.5399932861328,219.46499633789062,217.47999572753906,219.25,121739,0.0,0.0
2024-05-16 15:30:00-04:00,219.5,219.55999755859375,218.14999389648438,218.6199951171875,247935,0.0,0.0
2024-05-17 09:30:00-04:00,219.47999572753906,219.47999572753906,215.42999267578125,216.1300048828125,39544,0.0,0.0
2024-05-17 10:30:00-04:00,215.89999389648438,216.91000366210938,214.8000030517578,215.75999450683594,20865,0.0,0.0
2024-05-17 11:30:00-04:00,215.85000610351562,217.0500030517578,215.80999755859375,216.72999572753906,22368,0.0,0.0
2024-05-17 12:30:00-04:00,216.69000244140625,217.94000244140625,216.44000244140625,216.82000732421875,29365,0.0,0.0
2024-05-17 13:30:00-04:00,216.94000244140625,217.18499755859375,216.72999572753906,216.92999267578125,31836,0.0,0.0
2024-05-17 14:30:00-04:00,216.88999938964844,217.92999267578125,216.82000732421875,217.47999572753906,39174,0.0,0.0
2024-05-17 15:30:00-04:00,217.4600067138672,217.6699981689453,216.91000366210938,217.66000366210938,129762,0.0,0.0
2024-05-20 09:30:00-04:00,217.42999267578125,217.42999267578125,213.85000610351562,214.4499969482422,39360,0.0,0.0
2024-05-20 10:30:00-04:00,214.74000549316406,215.88999938964844,214.73500061035156,215.80999755859375,11957,0.0,0.0
2024-05-20 11:30:00-04:00,216.0500030517578,216.0500030517578,214.8699951171875,215.0,22969,0.0,0.0
2024-05-20 12:30:00-04:00,215.22000122070312,215.50999450683594,215.2050018310547,215.25999450683594,10833,0.0,0.0
2024-05-20 13:30:00-04:00,215.2100067138672,215.60000610351562,214.77999877929688,215.27000427246094,28956,0.0,0.0
2024-05-20 14:30:00-04:00,215.27000427246094,215.4499969482422,214.38999938964844,214.92999267578125,32271,0.0,0.0
2024-05-20 15:30:00-04:00,214.8000030517578,216.00999450683594,214.5,214.60000610351562,127010,0.0,0.0
2024-05-21 09:30:00-04:00,213.85000610351562,214.9499969482422,213.26499938964844,214.9499969482422,24914,0.0,0.0
2024-05-21 10:30:00-04:00,214.94000244140625,215.02149963378906,213.5500030517578,213.83999633789062,13493,0.0,0.0
2024-05-21 11:30:00-04:00,213.66000366210938,213.9149932861328,212.8300018310547,213.3249969482422,21794,0.0,0.0
2024-05-21 12:30:00-04:00,213.31500244140625,213.50999450683594,212.88999938964844,213.24000549316406,16206,0.0,0.0
2024-05-21 13:30:00-04:00,213.2899932861328,213.32000732421875,212.8699951171875,213.27000427246094,16261,0.0,0.0
2024-05-21 14:30:00-04:00,213.4499969482422,213.61000061035156,212.66000366210938,213.27999877929688,37566,0.0,0.0
2024-05-21 15:30:00-04:00,213.33999633789062,213.64999389648438,212.75999450683594,213.05999755859375,139082,0.0,0.0
2024-05-22 09:30:00-04:00,212.86000061035156,214.30999755859375,212.5749969482422,213.5749969482422,17523,0.0,0.0
2024-05-22 10:30:00-04:00,213.58999633789062,213.8000030517578,212.82000732421875,213.22999572753906,14774,0.0,0.0
2024-05-22 11:30:00-04:00,213.3300018310547,213.625,213.02999877929688,213.4149932861328,13665,0.0,0.0
2024-05-22 12:30:00-04:00,213.4250030517578,214.14999389648438,213.39999389648438,214.14999389648438,18762,0.0,0.0
2024-05-22 13:30:00-04:00,214.17999267578125,214.47000122070312,213.4199981689453,213.4199981689453,13961,0.0,0.0
2024-05-22 14:30:00-04:00,213.3800048828125,214.0800018310547,212.83999633789062,213.24000549316406,32355,0.0,0.0
2024-05-22 15:30:00-04:00,213.1699981689453,213.35499572753906,212.68499755859375,213.10000610351562,49131,0.0,0.0
2024-05-23 09:30:00-04:00,211.9600067138672,211.9600067138672,207.27999877929688,208.26499938964844,506637,0.0,0.0
2024-05-23 10:30:00-04:00,207.9499969482422,209.1300048828125,207.2899932861328,208.50999450683594,37030,0.0,0.0
2024-05-23 11:30:00-04:00,208.66000366210938,209.61000061035156,208.32000732421875,209.58999633789062,25031,0.0,0.0
2024-05-23 12:30:00-04:00,209.75999450683594,209.92999267578125,208.36000061035156,208.55999755859375,27520,0.0,0.0
2024-05-23 13:30:00-04:00,208.30999755859375,209.10000610351562,207.55999755859375,207.80499267578125,51915,0.0,0.0
2024-05-23 14:30:00-04:00,207.7550048828125,207.7899932861328,206.6699981689453,207.58999633789062,47308,0.0,0.0
2024-05-23 15:30:00-04:00,207.41000366210938,207.47000122070312,205.8300018310547,206.5500030517578,142761,0.0,0.0
2024-05-24 09:30:00-04:00,206.5399932861328,208.04080200195312,205.42999267578125,205.97999572753906,24219,0.0,0.0
2024-05-24 10:30:00-04:00,205.78500366210938,205.78500366210938,204.6300048828125,205.33999633789062,55140,0.0,0.0
2024-05-24 11:30:00-04:00,205.4499969482422,205.77000427246094,204.7100067138672,205.57000732421875,27794,0.0,0.0
2024-05-24 12:30:00-04:00,205.5449981689453,205.5800018310547,204.8300018310547,205.2100067138672,79386,0.0,0.0
2024-05-24 13:30:00-04:00,205.3350067138672,207.5399932861328,205.3350067138672,207.42999267578125,53345,0.0,0.0
2024-05-24 14:30:00-04:00,207.35000610351562,208.1300048828125,207.14500427246094,207.6999969482422,28761,0.0,0.0
2024-05-24 15:30:00-04:00,207.6999969482422,207.85499572753906,206.11000061035156,206.27999877929688,96775,0.0,0.0
2024-05-28 09:30:00-04:00,205.8000030517578,206.58999633789062,204.47000122070312,204.69000244140625,516250,0.0,0.0
2024-05-28 10:30:00-04:00,204.91000366210938,205.27499389648438,204.17999267578125,204.74000549316406,27384,0.0,0.0
2024-05-28 11:30:00-04:00,204.72000122070312,205.38499450683594,204.42999267578125,205.2050018310547,48779,0.0,0.0
2024-05-28 12:30:00-04:00,205.35000610351562,205.35000610351562,204.44000244140625,204.61000061035156,54103,0.0,0.0
2024-05-28 13:30:00-04:00,204.52000427246094,205.0,204.1999969482422,204.53750610351562,35094,0.0,0.0
2024-05-28 14:30:00-04:00,204.47000122070312,204.47000122070312,203.50999450683594,204.19500732421875,38174,0.0,0.0
2024-05-28 15:30:00-04:00,204.0,205.07000732421875,203.86000061035156,204.63999938964844,149570,0.0,0.0
2024-05-29 09:30:00-04:00,202.85000610351562,205.02000427246094,202.00999450683594,203.2050018310547,92776,0.0,0.0
2024-05-29 10:30:00-04:00,203.0800018310547,203.14999389648438,202.2550048828125,203.08999633789062,48982,0.0,0.0
2024-05-29 11:30:00-04:00,203.0800018310547,203.14999389648438,202.69000244140625,202.91000366210938,21961,0.0,0.0
2024-05-29 12:30:00-04:00,202.99000549316406,203.8249969482422,202.6999969482422,203.00999450683594,27245,0.0,0.0
2024-05-29 13:30:00-04:00,203.0399932861328,203.89999389648438,202.80999755859375,203.31500244140625,36499,0.0,0.0
2024-05-29 14:30:00-04:00,203.3699951171875,203.3699951171875,202.4600067138672,202.88999938964844,45374,0.0,0.0
2024-05-29 15:30:00-04:00,202.88999938964844,203.19500732421875,202.25,202.75999450683594,127558,0.0,0.0
2024-05-30 09:30:00-04:00,202.6300048828125,206.60499572753906,202.6300048828125,206.22999572753906,197650,0.0,0.0
2024-05-30 10:30:00-04:00,206.36000061035156,208.41000366210938,206.0800018310547,208.10000610351562,100883,0.0,0.0
2024-05-30 11:30:00-04:00,208.10499572753906,208.13999938964844,207.02999877929688,207.39999389648438,57568,0.0,0.0
2024-05-30 12:30:00-04:00,207.4199981689453,207.875,207.16000366210938,207.7050018310547,73981,0.0,0.0
2024-05-30 13:30:00-04:00,207.56500244140625,207.83999633789062,206.8800048828125,207.10000610351562,70432,0.0,0.0
2024-05-30 14:30:00-04:00,207.05999755859375,208.3000030517578,206.93499755859375,207.99000549316406,129274,0.0,0.0
2024-05-30 15:30:00-04:00,208.01499938964844,208.10000610351562,206.4199981689453,206.63999938964844,165550,0.0,0.0
2024-05-31 09:30:00-04:00,206.97999572753906,210.38999938964844,206.0050048828125,209.2550048828125,87169,0.0,0.0
2024-05-31 10:30:00-04:00,209.2550048828125,210.3300018310547,209.08999633789062,209.39999389648438,100073,0.0,0.0
2024-05-31 11:30:00-04:00,209.4499969482422,209.55999755859375,207.67999267578125,208.22000122070312,58394,0.0,0.0
2024-05-31 12:30:00-04:00,208.13499450683594,208.41000366210938,206.61000061035156,207.64999389648438,39678,0.0,0.0
2024-05-31 13:30:00-04:00,207.69500732421875,207.77499389648438,206.77000427246094,207.38499450683594,45247,0.0,0.0
2024-05-31 14:30:00-04:00,207.4499969482422,207.85000610351562,206.86000061035156,207.58999633789062,54921,0.0,0.0
2024-05-31 15:30:00-04:00,207.51499938964844,209.24000549316406,207.47999572753906,209.0800018310547,331917,0.0,0.0
2024-06-03 09:30:00-04:00,208.33999633789062,213.5800018310547,208.27000427246094,213.39999389648438,141661,0.0,0.0
2024-06-03 10:30:00-04:00,213.32000732421875,217.47000122070312,213.28500366210938,216.6300048828125,25301,0.0,0.0
2024-06-03 11:30:00-04:00,217.13499450683594,217.35000610351562,214.97999572753906,215.32000732421875,43307,0.0,0.0
2024-06-03 12:30:00-04:00,215.3699951171875,215.3699951171875,214.32000732421875,214.6300048828125,22592,0.0,0.0
2024-06-03 13:30:00-04:00,214.66000366210938,215.24000549316406,214.52999877929688,214.9499969482422,24619,0.0,0.0
2024-06-03 14:30:00-04:00,215.30999755859375,216.61000061035156,215.30999755859375,216.4499969482422,51276,0.0,0.0
2024-06-03 15:30:00-04:00,216.5,216.77000427246094,214.88999938964844,214.9199981689453,230588,0.0,0.0
2024-06-04 09:30:00-04:00,215.0,215.4199981689453,214.05999755859375,214.8000030517578,107001,0.0,0.0
2024-06-04 10:30:00-04:00,214.86500549316406,215.30499267578125,214.27999877929688,214.58999633789062,64342,0.0,0.0
2024-06-04 11:30:00-04:00,214.3000030517578,214.3000030517578,212.16000366210938,213.19000244140625,15933,0.0,0.0
2024-06-04 12:30:00-04:00,213.44000244140625,213.67999267578125,213.1999969482422,213.67999267578125,16049,0.0,0.0
2024-06-04 13:30:00-04:00,213.49000549316406,214.72000122070312,212.7100067138672,214.49000549316406,27073,0.0,0.0
2024-06-04 14:30:00-04:00,214.5,215.2949981689453,214.33999633789062,215.2050018310547,38932,0.0,0.0
2024-06-04 15:30:00-04:00,215.27000427246094,215.77000427246094,214.74000549316406,215.0500030517578,127430,0.0,0.0
2024-06-05 09:30:00-04:00,214.9499969482422,214.9499969482422,212.83999633789062,214.13499450683594,23422,0.0,0.0
2024-06-05 10:30:00-04:00,214.07000732421875,215.7899932861328,214.07000732421875,215.72000122070312,14633,0.0,0.0
2024-06-05 11:30:00-04:00,215.49000549316406,217.1999969482422,215.49000549316406,216.99319458007812,29064,0.0,0.0
2024-06-05 12:30:00-04:00,216.80999755859375,217.02499389648438,215.86000061035156,215.92999267578125,35652,0.0,0.0
2024-06-05 13:30:00-04:00,216.11000061035156,216.11000061035156,213.88999938964844,214.39999389648438,24538,0.0,0.0
2024-06-05 14:30:00-04:00,214.22999572753906,214.4447021484375,213.61500549316406,213.69500732421875,33028,0.0,0.0
2024-06-05 15:30:00-04:00,213.58999633789062,215.47000122070312,213.25999450683594,215.47000122070312,84677,0.0,0.0
2024-06-06 09:30:00-04:00,214.80999755859375,217.9600067138672,214.80999755859375,216.52999877929688,24981,0.0,0.0
2024-06-06 10:30:00-04:00,216.4600067138672,216.89999389648438,215.14999389648438,216.89999389648438,25632,0.0,0.0
2024-06-06 11:30:00-04:00,216.7449951171875,217.66000366210938,216.7449951171875,217.6300048828125,35971,0.0,0.0
2024-06-06 12:30:00-04:00,217.6999969482422,218.89999389648438,217.6123046875,218.89999389648438,25949,0.0,0.0
2024-06-06 13:30:00-04:00,218.9199981689453,219.75999450683594,218.35000610351562,219.2899932861328,35443,0.0,0.0
2024-06-06 14:30:00-04:00,219.2949981689453,219.44000244140625,218.66000366210938,218.66000366210938,46593,0.0,0.0
2024-06-06 15:30:00-04:00,218.4199981689453,218.86000061035156,216.00999450683594,216.39999389648438,119872,0.0,0.0
2024-06-07 09:30:00-04:00,215.17999267578125,216.1699981689453,214.35000610351562,215.15499877929688,29633,0.0,0.0
2024-06-07 10:30:00-04:00,215.19500732421875,215.25,212.77999877929688,213.5399932861328,57837,0.0,0.0
2024-06-07 11:30:00-04:00,213.5500030517578,213.56500244140625,213.0,213.0,20572,0.0,0.0
2024-06-07 12:30:00-04:00,213.08999633789062,213.17999267578125,211.55999755859375,212.30999755859375,32534,0.0,0.0
2024-06-07 13:30:00-04:00,212.19500732421875,212.4499969482422,209.8800048828125,211.3699951171875,43105,0.0,0.0
2024-06-07 14:30:00-04:00,211.27999877929688,212.97999572753906,211.27999877929688,212.52999877929688,38546,0.0,0.0
2024-06-07 15:30:00-04:00,212.51499938964844,212.80999755859375,211.67999267578125,212.49000549316406,85233,0.0,0.0
2024-06-10 09:30:00-04:00,211.0800018310547,211.19000244140625,203.1300048828125,209.98500061035156,30461,0.0,0.0
2024-06-10 10:30:00-04:00,209.75999450683594,210.3300018310547,209.41000366210938,209.52000427246094,53167,0.0,0.0
2024-06-10 11:30:00-04:00,209.58999633789062,210.02000427246094,207.5399932861328,208.1300048828125,42441,0.0,0.0
2024-06-10 12:30:00-04:00,207.9600067138672,208.22000122070312,206.4199981689453,207.13999938964844,64607,0.0,0.0
2024-06-10 13:30:00-04:00,207.10000610351562,208.08999633789062,207.0500030517578,207.65499877929688,33863,0.0,0.0
2024-06-10 14:30:00-04:00,207.7899932861328,207.7899932861328,206.32000732421875,207.10000610351562,89737,0.0,0.0
2024-06-10 15:30:00-04:00,207.15499877929688,208.0,206.9600067138672,207.0500030517578,128985,0.0,0.0
2024-06-11 09:30:00-04:00,207.27999877929688,207.82000732421875,204.38999938964844,205.57000732421875,22776,0.0,0.0
2024-06-11 10:30:00-04:00,205.6199951171875,207.02000427246094,204.66000366210938,205.19500732421875,35381,0.0,0.0
2024-06-11 11:30:00-04:00,205.1999969482422,206.88999938964844,204.50999450683594,206.83999633789062,42500,0.0,0.0
2024-06-11 12:30:00-04:00,206.94500732421875,206.94500732421875,206.39999389648438,206.7449951171875,21777,0.0,0.0
2024-06-11 13:30:00-04:00,206.55999755859375,207.72999572753906,206.36000061035156,207.4499969482422,23711,0.0,0.0
2024-06-11 14:30:00-04:00,207.53500366210938,207.9949951171875,207.39999389648438,207.72000122070312,36951,0.0,0.0
2024-06-11 15:30:00-04:00,207.72500610351562,207.72500610351562,206.19000244140625,206.47999572753906,104217,0.0,0.0
2024-06-12 09:30:00-04:00,208.44000244140625,212.06500244140625,208.44000244140625,211.63999938964844,31574,0.0,0.0
2024-06-12 10:30:00-04:00,211.86500549316406,214.0,211.86500549316406,213.55999755859375,48461,0.0,0.0
2024-06-12 11:30:00-04:00,213.72000122070312,214.8300018310547,212.2100067138672,212.6300048828125,50529,0.0,0.0
2024-06-12 12:30:00-04:00,212.6999969482422,212.98500061035156,212.10000610351562,212.32000732421875,16049,0.0,0.0
2024-06-12 13:30:00-04:00,212.30999755859375,212.58999633789062,210.76499938964844,211.97000122070312,24873,0.0,0.0
2024-06-12 14:30:00-04:00,211.6750030517578,211.9949951171875,210.63999938964844,210.63999938964844,36250,0.0,0.0
2024-06-12 15:30:00-04:00,210.5500030517578,211.4499969482422,209.66000366210938,211.02000427246094,80494,0.0,0.0
2024-06-13 09:30:00-04:00,209.47999572753906,209.47999572753906,205.38999938964844,207.5050048828125,42000,0.0,0.0
2024-06-13 10:30:00-04:00,207.72999572753906,208.72999572753906,207.30999755859375,208.17999267578125,31197,0.0,0.0
2024-06-13 11:30:00-04:00,208.27000427246094,208.74000549316406,207.52000427246094,207.64999389648438,35026,0.0,0.0
2024-06-13 12:30:00-04:00,208.27499389648438,208.8300018310547,207.77999877929688,207.77999877929688,12284,0.0,0.0
2024-06-13 13:30:00-04:00,207.75,208.02999877929688,207.17999267578125,207.46499633789062,11247,0.0,0.0
2024-06-13 14:30:00-04:00,207.57000732421875,208.22999572753906,206.75,208.22999572753906,26426,0.0,0.0
2024-06-13 15:30:00-04:00,208.13999938964844,209.9499969482422,208.13999938964844,209.2449951171875,130663,0.0,0.0
2024-06-14 09:30:00-04:00,208.5500030517578,208.62989807128906,206.81500244140625,206.8300018310547,10688,0.0,0.0
2024-06-14 10:30:00-04:00,206.74000549316406,207.99000549316406,206.7100067138672,207.53500366210938,17983,0.0,0.0
2024-06-14 11:30:00-04:00,207.49000549316406,207.82000732421875,207.32000732421875,207.5500030517578,19355,0.0,0.0
2024-06-14 12:30:00-04:00,207.36000061035156,208.7100067138672,207.24000549316406,208.02000427246094,30115,0.0,0.0
2024-06-14 13:30:00-04:00,208.01499938964844,208.01499938964844,207.2449951171875,207.92999267578125,13774,0.0,0.0
2024-06-14 14:30:00-04:00,207.69000244140625,208.21499633789062,207.69000244140625,208.09500122070312,11707,0.0,0.0
2024-06-14 15:30:00-04:00,208.05999755859375,208.3699951171875,207.58999633789062,208.33999633789062,40069,0.0,0.0
2024-06-17 09:30:00-04:00,206.13999938964844,208.27000427246094,204.10000610351562,204.34500122070312,44378,0.0,0.0
2024-06-17 10:30:00-04:00,204.11000061035156,205.58999633789062,203.80999755859375,205.5500030517578,52197,0.0,0.0
2024-06-17 11:30:00-04:00,205.5449981689453,207.35000610351562,205.17999267578125,206.58999633789062,112025,0.0,0.0
2024-06-17 12:30:00-04:00,206.58999633789062,206.74000549316406,204.75,205.27999877929688,46369,0.0,0.0
2024-06-17 13:30:00-04:00,205.27999877929688,206.52000427246094,205.27499389648438,205.64999389648438,29684,0.0,0.0
2024-06-17 14:30:00-04:00,205.94000244140625,205.94000244140625,204.7899932861328,205.30499267578125,34855,0.0,0.0
2024-06-17 15:30:00-04:00,205.33999633789062,205.86000061035156,204.94500732421875,205.77999877929688,96857,0.0,0.0
2024-06-18 09:30:00-04:00,207.17999267578125,208.60000610351562,203.0500030517578,203.7449951171875,20460,0.0,0.0
2024-06-18 10:30:00-04:00,203.72999572753906,204.5,202.77000427246094,204.30999755859375,25520,0.0,0.0
2024-06-18 11:30:00-04:00,204.0782012939453,204.39999389648438,203.19000244140625,204.39999389648438,21211,0.0,0.0
2024-06-18 12:30:00-04:00,204.3300018310547,204.3300018310547,202.25,202.5500030517578,34307,0.0,0.0
2024-06-18 13:30:00-04:00,202.5500030517578,203.3000030517578,202.13499450683594,202.16000366210938,48336,0.0,0.0
2024-06-18 14:30:00-04:00,202.36500549316406,203.02000427246094,201.3000030517578,201.8699951171875,53248,0.0,0.0
2024-06-18 15:30:00-04:00,201.74000549316406,202.3800048828125,201.3699951171875,201.99000549316406,106913,0.0,0.0
2024-06-20 09:30:00-04:00,200.72000122070312,203.00999450683594,200.3699951171875,202.02000427246094,29409,0.0,0.0
2024-06-20 10:30:00-04:00,201.97999572753906,202.23500061035156,201.22999572753906,201.77999877929688,31828,0.0,0.0
2024-06-20 11:30:00-04:00,201.90499877929688,202.22000122070312,201.4250030517578,201.7899932861328,29811,0.0,0.0
2024-06-20 12:30:00-04:00,201.72000122070312,202.1699981689453,201.5800018310547,202.0749969482422,31730,0.0,0.0
2024-06-20 13:30:00-04:00,202.08999633789062,203.41000366210938,201.78500366210938,203.33999633789062,62350,0.0,0.0
2024-06-20 14:30:00-04:00,203.19000244140625,203.33999633789062,202.00999450683594,202.35000610351562,125599,0.0,0.0
2024-06-20 15:30:00-04:00,202.35499572753906,202.35499572753906,201.47999572753906,202.08999633789062,187507,0.0,0.0
2024-06-21 09:30:00-04:00,202.75,203.6199951171875,201.1300048828125,202.83999633789062,340291,0.0,0.0
2024-06-21 10:30:00-04:00,203.23500061035156,203.23500061035156,202.27999877929688,202.6199951171875,20205,0.0,0.0
2024-06-21 11:30:00-04:00,202.52999877929688,202.8000030517578,201.92999267578125,202.4199981689453,13224,0.0,0.0
2024-06-21 12:30:00-04:00,202.30999755859375,202.75259399414062,202.27999877929688,202.75259399414062,15866,0.0,0.0
2024-06-21 13:30:00-04:00,202.64500427246094,203.19000244140625,202.08999633789062,202.7100067138672,29387,0.0,0.0
2024-06-21 14:30:00-04:00,202.7050018310547,203.55499267578125,202.7050018310547,203.1699981689453,29290,0.0,0.0
2024-06-21 15:30:00-04:00,202.9199981689453,203.85000610351562,202.6699981689453,203.36000061035156,110459,0.0,0.0
2024-06-24 09:30:00-04:00,203.75,203.75,202.38999938964844,202.88999938964844,25320,0.0,0.0
2024-06-24 10:30:00-04:00,202.92999267578125,203.8699951171875,202.92999267578125,203.25,35451,0.0,0.0
2024-06-24 11:30:00-04:00,203.19000244140625,203.82000732421875,202.03500366210938,202.32000732421875,50951,0.0,0.0
2024-06-24 12:30:00-04:00,202.31500244140625,202.61000061035156,201.64999389648438,201.8300018310547,24060,0.0,0.0
2024-06-24 13:30:00-04:00,201.67999267578125,202.16799926757812,201.33999633789062,201.9600067138672,29490,0.0,0.0
2024-06-24 14:30:00-04:00,202.00999450683594,202.1699981689453,200.75999450683594,200.75999450683594,30068,0.0,0.0
2024-06-24 15:30:00-04:00,200.75999450683594,201.55999755859375,200.7050018310547,200.92999267578125,88051,0.0,0.0
2024-06-25 09:30:00-04:00,200.72999572753906,200.9499969482422,199.19000244140625,200.60000610351562,36942,0.0,0.0
2024-06-25 10:30:00-04:00,199.86000061035156,200.0399932861328,198.80999755859375,199.15499877929688,17163,0.0,0.0
2024-06-25 11:30:00-04:00,199.11000061035156,199.11000061035156,198.38999938964844,198.44500732421875,23851,0.0,0.0
2024-06-25 12:30:00-04:00,198.44500732421875,198.58999633789062,197.8699951171875,198.14999389648438,22890,0.0,0.0
2024-06-25 13:30:00-04:00,198.42999267578125,198.49000549316406,197.85000610351562,198.1199951171875,18762,0.0,0.0
2024-06-25 14:30:00-04:00,197.8300018310547,198.31500244140625,197.5500030517578,198.07000732421875,31411,0.0,0.0
2024-06-25 15:30:00-04:00,198.02999877929688,198.77000427246094,197.41000366210938,198.72000122070312,94561,0.0,0.0
2024-06-26 09:30:00-04:00,196.49000549316406,202.3000030517578,196.49000549316406,202.3000030517578,59000,0.0,0.0
2024-06-26 10:30:00-04:00,202.6300048828125,202.63999938964844,201.27000427246094,201.88499450683594,33983,0.0,0.0
2024-06-26 11:30:00-04:00,201.72000122070312,203.05999755859375,200.4149932861328,200.86000061035156,38469,0.0,0.0
2024-06-26 12:30:00-04:00,200.89999389648438,201.44500732421875,200.75,201.07000732421875,35660,0.0,0.0
2024-06-26 13:30:00-04:00,201.02000427246094,201.13999938964844,199.75999450683594,199.99000549316406,35098,0.0,0.0
2024-06-26 14:30:00-04:00,199.86000061035156,200.1300048828125,198.9199981689453,199.23500061035156,51475,0.0,0.0
2024-06-26 15:30:00-04:00,199.30999755859375,200.1999969482422,199.30999755859375,200.09500122070312,110855,0.0,0.0
2024-06-27 09:30:00-04:00,200.02999877929688,201.4241943359375,199.72999572753906,200.69000244140625,33130,0.0,0.0
2024-06-27 10:30:00-04:00,200.75999450683594,202.77999877929688,200.75999450683594,202.75999450683594,28166,0.0,0.0
2024-06-27 11:30:00-04:00,202.63999938964844,203.30999755859375,202.50999450683594,202.82000732421875,30316,0.0,0.0
2024-06-27 12:30:00-04:00,202.81500244140625,203.22000122070312,202.3000030517578,202.56500244140625,41146,0.0,0.0
2024-06-27 13:30:00-04:00,202.8000030517578,203.17999267578125,202.5,202.9250030517578,44573,0.0,0.0
2024-06-27 14:30:00-04:00,202.9149932861328,205.6999969482422,202.9149932861328,205.5500030517578,81154,0.0,0.0
2024-06-27 15:30:00-04:00,205.5050048828125,207.67999267578125,204.8249969482422,207.3000030517578,233556,0.0,0.0
2024-06-28 09:30:00-04:00,207.66000366210938,209.41000366210938,206.0800018310547,208.77999877929688,39864,0.0,0.0
2024-06-28 10:30:00-04:00,208.75999450683594,208.8000030517578,207.07000732421875,207.72999572753906,66053,0.0,0.0
2024-06-28 11:30:00-04:00,207.74000549316406,208.22000122070312,207.3800048828125,208.22000122070312,51096,0.0,0.0
2024-06-28 12:30:00-04:00,208.27999877929688,209.30999755859375,208.2050018310547,208.97999572753906,48955,0.0,0.0
2024-06-28 13:30:00-04:00,208.97999572753906,210.09500122070312,208.19000244140625,209.81500244140625,56337,0.0,0.0
2024-06-28 14:30:00-04:00,209.6750030517578,209.6750030517578,207.22999572753906,207.58999633789062,54734,0.0,0.0
2024-06-28 15:30:00-04:00,207.6699981689453,211.1699981689453,207.4199981689453,210.3300018310547,323569,0.0,0.0
