Datetime,Open,High,Low,Close,Volume,Dividends,Stock Splits,Capital Gains
2024-07-01 09:30:00-04:00,57.79999923706055,57.79999923706055,57.78499984741211,57.78499984741211,46956,0.0,0.0,0.0
2024-07-01 09:31:00-04:00,57.79999923706055,57.81999969482422,57.79999923706055,57.810001373291016,940,0.0,0.0,0.0
2024-07-01 09:32:00-04:00,57.8291015625,57.869998931884766,57.8291015625,57.86000061035156,3357,0.0,0.0,0.0
2024-07-01 09:33:00-04:00,57.869998931884766,57.93000030517578,57.869998931884766,57.92499923706055,2736,0.0,0.0,0.0
2024-07-01 09:34:00-04:00,57.939998626708984,57.939998626708984,57.91999816894531,57.93000030517578,3503,0.0,0.0,0.0
2024-07-01 09:35:00-04:00,57.939998626708984,57.939998626708984,57.8650016784668,57.8650016784668,2796,0.0,0.0,0.0
2024-07-01 09:36:00-04:00,57.88999938964844,57.904998779296875,57.86009979248047,57.86009979248047,6997,0.0,0.0,0.0
2024-07-01 09:37:00-04:00,57.86000061035156,57.904998779296875,57.85350036621094,57.895198822021484,6000,0.0,0.0,0.0
2024-07-01 09:38:00-04:00,57.86000061035156,57.875,57.86000061035156,57.869998931884766,2488,0.0,0.0,0.0
2024-07-01 09:39:00-04:00,57.875,57.88999938964844,57.86000061035156,57.86000061035156,674,0.0,0.0,0.0
2024-07-01 09:40:00-04:00,57.880001068115234,57.904998779296875,57.871299743652344,57.88999938964844,2192,0.0,0.0,0.0
2024-07-01 09:41:00-04:00,57.890098571777344,57.919898986816406,57.890098571777344,57.911800384521484,1028,0.0,0.0,0.0
2024-07-01 09:42:00-04:00,57.90999984741211,57.90999984741211,57.89350128173828,57.89649963378906,1983,0.0,0.0,0.0
2024-07-01 09:43:00-04:00,57.88999938964844,57.88999938964844,57.869998931884766,57.869998931884766,2123,0.0,0.0,0.0
2024-07-01 09:44:00-04:00,57.869998931884766,57.92499923706055,57.869998931884766,57.92499923706055,1573,0.0,0.0,0.0
2024-07-01 09:45:00-04:00,57.90010070800781,57.935001373291016,57.88399887084961,57.935001373291016,1806,0.0,0.0,0.0
2024-07-01 09:46:00-04:00,57.92499923706055,57.95000076293945,57.92499923706055,57.939998626708984,1532,0.0,0.0,0.0
2024-07-01 09:47:00-04:00,57.97999954223633,57.97999954223633,57.95000076293945,57.97999954223633,729,0.0,0.0,0.0
2024-07-01 09:48:00-04:00,57.959999084472656,57.974998474121094,57.959999084472656,57.96009826660156,2864,0.0,0.0,0.0
2024-07-01 09:49:00-04:00,57.9900016784668,57.99250030517578,57.959999084472656,57.9900016784668,5402,0.0,0.0,0.0
2024-07-01 09:50:00-04:00,57.98500061035156,58.00740051269531,57.98500061035156,57.9901008605957,3707,0.0,0.0,0.0
2024-07-01 09:51:00-04:00,57.9900016784668,57.9900016784668,57.970001220703125,57.98500061035156,1474,0.0,0.0,0.0
2024-07-01 09:52:00-04:00,58.0099983215332,58.020599365234375,57.9900016784668,58.020599365234375,3404,0.0,0.0,0.0
2024-07-01 09:53:00-04:00,58.029998779296875,58.04600143432617,58.022499084472656,58.029998779296875,3076,0.0,0.0,0.0
2024-07-01 09:54:00-04:00,58.0,58.0099983215332,58.0,58.0099983215332,4538,0.0,0.0,0.0
2024-07-01 09:55:00-04:00,58.0099983215332,58.01499938964844,57.992698669433594,58.0,1362,0.0,0.0,0.0
2024-07-01 09:56:00-04:00,58.0,58.0,57.96009826660156,57.96009826660156,4704,0.0,0.0,0.0
2024-07-01 09:57:00-04:00,57.96500015258789,57.970001220703125,57.9635009765625,57.970001220703125,1548,0.0,0.0,0.0
2024-07-01 09:58:00-04:00,57.97010040283203,57.98500061035156,57.97010040283203,57.97010040283203,3819,0.0,0.0,0.0
2024-07-01 09:59:00-04:00,57.98500061035156,57.98500061035156,57.97999954223633,57.97999954223633,1366,0.0,0.0,0.0
2024-07-01 10:00:00-04:00,58.0,58.029998779296875,57.97999954223633,58.0,7337,0.0,0.0,0.0
2024-07-01 10:01:00-04:00,58.0099983215332,58.0099983215332,57.970001220703125,57.970001220703125,4622,0.0,0.0,0.0
2024-07-01 10:02:00-04:00,57.970001220703125,57.970001220703125,57.93000030517578,57.939998626708984,3618,0.0,0.0,0.0
2024-07-01 10:03:00-04:00,57.939998626708984,57.94269943237305,57.93360137939453,57.94269943237305,3625,0.0,0.0,0.0
2024-07-01 10:04:00-04:00,57.93000030517578,57.940101623535156,57.93000030517578,57.935001373291016,2635,0.0,0.0,0.0
2024-07-01 10:05:00-04:00,57.93550109863281,57.93550109863281,57.90999984741211,57.92499923706055,1169,0.0,0.0,0.0
2024-07-01 10:06:00-04:00,57.94499969482422,57.94499969482422,57.92499923706055,57.93000030517578,1520,0.0,0.0,0.0
2024-07-01 10:07:00-04:00,57.93450164794922,57.93450164794922,57.88999938964844,57.900001525878906,6922,0.0,0.0,0.0
2024-07-01 10:08:00-04:00,57.88999938964844,57.90999984741211,57.88819885253906,57.904998779296875,1684,0.0,0.0,0.0
2024-07-01 10:09:00-04:00,57.904998779296875,57.904998779296875,57.90010070800781,57.904998779296875,1328,0.0,0.0,0.0
2024-07-01 10:10:00-04:00,57.869998931884766,57.87030029296875,57.869998931884766,57.869998931884766,2184,0.0,0.0,0.0
2024-07-01 10:11:00-04:00,57.84000015258789,57.84989929199219,57.81829833984375,57.83000183105469,2237,0.0,0.0,0.0
2024-07-01 10:12:00-04:00,57.83000183105469,57.83000183105469,57.77000045776367,57.7755012512207,1964,0.0,0.0,0.0
2024-07-01 10:13:00-04:00,57.76359939575195,57.779998779296875,57.7599983215332,57.7599983215332,852,0.0,0.0,0.0
2024-07-01 10:14:00-04:00,57.75,57.75,57.72999954223633,57.72999954223633,1147,0.0,0.0,0.0
2024-07-01 10:15:00-04:00,57.72999954223633,57.7400016784668,57.71500015258789,57.72999954223633,2225,0.0,0.0,0.0
2024-07-01 10:16:00-04:00,57.72999954223633,57.72999954223633,57.70500183105469,57.709999084472656,2166,0.0,0.0,0.0
2024-07-01 10:17:00-04:00,57.71549987792969,57.7400016784668,57.71549987792969,57.7400016784668,1457,0.0,0.0,0.0
2024-07-01 10:18:00-04:00,57.73500061035156,57.7400016784668,57.73500061035156,57.7400016784668,3600,0.0,0.0,0.0
2024-07-01 10:19:00-04:00,57.739898681640625,57.7400016784668,57.739898681640625,57.7400016784668,2773,0.0,0.0,0.0
2024-07-01 10:20:00-04:00,57.72999954223633,57.72999954223633,57.70989990234375,57.70989990234375,2427,0.0,0.0,0.0
2024-07-01 10:21:00-04:00,57.69499969482422,57.69499969482422,57.654998779296875,57.654998779296875,9597,0.0,0.0,0.0
2024-07-01 10:22:00-04:00,57.650001525878906,57.66999816894531,57.650001525878906,57.66999816894531,2702,0.0,0.0,0.0
2024-07-01 10:23:00-04:00,57.68000030517578,57.689998626708984,57.662498474121094,57.689998626708984,2183,0.0,0.0,0.0
2024-07-01 10:24:00-04:00,57.67110061645508,57.68579864501953,57.66999816894531,57.68000030517578,7132,0.0,0.0,0.0
2024-07-01 10:25:00-04:00,57.68000030517578,57.68669891357422,57.68000030517578,57.68410110473633,2627,0.0,0.0,0.0
2024-07-01 10:26:00-04:00,57.674198150634766,57.68000030517578,57.665000915527344,57.665000915527344,4397,0.0,0.0,0.0
2024-07-01 10:27:00-04:00,57.65010070800781,57.65999984741211,57.63999938964844,57.64580154418945,4050,0.0,0.0,0.0
2024-07-01 10:28:00-04:00,57.65140151977539,57.655799865722656,57.64500045776367,57.655799865722656,1324,0.0,0.0,0.0
2024-07-01 10:29:00-04:00,57.65999984741211,57.685001373291016,57.65999984741211,57.665000915527344,1799,0.0,0.0,0.0
2024-07-01 10:30:00-04:00,57.665000915527344,57.665000915527344,57.63249969482422,57.63249969482422,1882,0.0,0.0,0.0
2024-07-01 10:31:00-04:00,57.63999938964844,57.63999938964844,57.619998931884766,57.619998931884766,3098,0.0,0.0,0.0
2024-07-01 10:32:00-04:00,57.60499954223633,57.6254997253418,57.60499954223633,57.60499954223633,1983,0.0,0.0,0.0
2024-07-01 10:33:00-04:00,57.599998474121094,57.60499954223633,57.599998474121094,57.60499954223633,3279,0.0,0.0,0.0
2024-07-01 10:34:00-04:00,57.60499954223633,57.60499954223633,57.58000183105469,57.58000183105469,10746,0.0,0.0,0.0
2024-07-01 10:35:00-04:00,57.56999969482422,57.579898834228516,57.565799713134766,57.579898834228516,7816,0.0,0.0,0.0
2024-07-01 10:36:00-04:00,57.576900482177734,57.58000183105469,57.57099914550781,57.576698303222656,3249,0.0,0.0,0.0
2024-07-01 10:37:00-04:00,57.560001373291016,57.560001373291016,57.54499816894531,57.54499816894531,1970,0.0,0.0,0.0
2024-07-01 10:38:00-04:00,57.52629852294922,57.54999923706055,57.524200439453125,57.54999923706055,907,0.0,0.0,0.0
2024-07-01 10:39:00-04:00,57.55009841918945,57.56919860839844,57.55009841918945,57.564998626708984,3425,0.0,0.0,0.0
2024-07-01 10:40:00-04:00,57.54999923706055,57.54999923706055,57.540000915527344,57.54290008544922,2793,0.0,0.0,0.0
2024-07-01 10:41:00-04:00,57.54499816894531,57.54999923706055,57.52000045776367,57.52000045776367,5379,0.0,0.0,0.0
2024-07-01 10:42:00-04:00,57.52000045776367,57.529998779296875,57.52000045776367,57.529998779296875,2624,0.0,0.0,0.0
2024-07-01 10:43:00-04:00,57.54140090942383,57.55500030517578,57.54140090942383,57.54999923706055,2358,0.0,0.0,0.0
2024-07-01 10:44:00-04:00,57.550201416015625,57.550201416015625,57.54010009765625,57.54600143432617,1268,0.0,0.0,0.0
2024-07-01 10:45:00-04:00,57.54999923706055,57.55590057373047,57.53499984741211,57.53499984741211,1676,0.0,0.0,0.0
2024-07-01 10:46:00-04:00,57.54899978637695,57.55590057373047,57.54899978637695,57.54999923706055,1370,0.0,0.0,0.0
2024-07-01 10:47:00-04:00,57.50579833984375,57.50579833984375,57.50579833984375,57.50579833984375,3030,0.0,0.0,0.0
2024-07-01 10:48:00-04:00,57.5,57.5,57.490299224853516,57.490299224853516,5091,0.0,0.0,0.0
2024-07-01 10:49:00-04:00,57.4900016784668,57.4900016784668,57.47999954223633,57.4900016784668,14997,0.0,0.0,0.0
2024-07-01 10:50:00-04:00,57.48500061035156,57.52000045776367,57.48500061035156,57.51499938964844,2260,0.0,0.0,0.0
2024-07-01 10:51:00-04:00,57.512901306152344,57.52899932861328,57.512901306152344,57.525001525878906,3250,0.0,0.0,0.0
2024-07-01 10:52:00-04:00,57.522499084472656,57.522499084472656,57.5,57.510398864746094,1495,0.0,0.0,0.0
2024-07-01 10:53:00-04:00,57.51900100708008,57.527198791503906,57.5099983215332,57.527198791503906,4987,0.0,0.0,0.0
2024-07-01 10:54:00-04:00,57.525001525878906,57.54999923706055,57.52000045776367,57.529998779296875,3121,0.0,0.0,0.0
2024-07-01 10:55:00-04:00,57.529998779296875,57.529998779296875,57.49570083618164,57.51900100708008,4848,0.0,0.0,0.0
2024-07-01 10:56:00-04:00,57.52000045776367,57.52000045776367,57.51570129394531,57.52000045776367,2358,0.0,0.0,0.0
2024-07-01 10:57:00-04:00,57.51969909667969,57.54499816894531,57.51969909667969,57.535701751708984,3780,0.0,0.0,0.0
2024-07-01 10:58:00-04:00,57.55179977416992,57.560001373291016,57.55179977416992,57.560001373291016,630,0.0,0.0,0.0
2024-07-01 11:00:00-04:00,57.51900100708008,57.51900100708008,57.51900100708008,57.51900100708008,14531,0.0,0.0,0.0
2024-07-01 11:01:00-04:00,57.5099983215332,57.5099983215332,57.4901008605957,57.4901008605957,2592,0.0,0.0,0.0
2024-07-01 11:02:00-04:00,57.5098991394043,57.5099983215332,57.5098991394043,57.5099983215332,849,0.0,0.0,0.0
2024-07-01 11:03:00-04:00,57.50130081176758,57.51499938964844,57.50130081176758,57.5099983215332,1591,0.0,0.0,0.0
2024-07-01 11:04:00-04:00,57.505001068115234,57.5099983215332,57.497501373291016,57.5099983215332,2069,0.0,0.0,0.0
2024-07-01 11:05:00-04:00,57.525699615478516,57.525699615478516,57.51499938964844,57.525699615478516,5606,0.0,0.0,0.0
2024-07-01 11:06:00-04:00,57.52000045776367,57.52000045776367,57.51570129394531,57.51570129394531,652,0.0,0.0,0.0
2024-07-01 11:07:00-04:00,57.51100158691406,57.560001373291016,57.51100158691406,57.560001373291016,3220,0.0,0.0,0.0
2024-07-01 11:08:00-04:00,57.560001373291016,57.56999969482422,57.54999923706055,57.54999923706055,7566,0.0,0.0,0.0
2024-07-01 11:09:00-04:00,57.56999969482422,57.56999969482422,57.56999969482422,57.56999969482422,291,0.0,0.0,0.0
2024-07-01 11:10:00-04:00,57.564998626708984,57.564998626708984,57.53900146484375,57.53900146484375,1549,0.0,0.0,0.0
2024-07-01 11:11:00-04:00,57.53499984741211,57.53499984741211,57.53260040283203,57.5343017578125,2405,0.0,0.0,0.0
2024-07-01 11:12:00-04:00,57.53499984741211,57.540000915527344,57.529998779296875,57.53990173339844,10032,0.0,0.0,0.0
2024-07-01 11:13:00-04:00,57.53499984741211,57.53499984741211,57.529998779296875,57.529998779296875,2711,0.0,0.0,0.0
2024-07-01 11:14:00-04:00,57.53499984741211,57.53499984741211,57.50680160522461,57.50680160522461,4842,0.0,0.0,0.0
2024-07-01 11:15:00-04:00,57.5099983215332,57.52000045776367,57.5099983215332,57.51499938964844,25206,0.0,0.0,0.0
2024-07-01 11:16:00-04:00,57.5099983215332,57.519500732421875,57.5088005065918,57.519500732421875,5498,0.0,0.0,0.0
2024-07-01 11:17:00-04:00,57.51570129394531,57.525699615478516,57.51499938964844,57.525699615478516,3299,0.0,0.0,0.0
2024-07-01 11:18:00-04:00,57.51240158081055,57.518798828125,57.505001068115234,57.505001068115234,3485,0.0,0.0,0.0
2024-07-01 11:19:00-04:00,57.5098991394043,57.5098991394043,57.49250030517578,57.5,4940,0.0,0.0,0.0
2024-07-01 11:20:00-04:00,57.50849914550781,57.50849914550781,57.489898681640625,57.5,6840,0.0,0.0,0.0
2024-07-01 11:21:00-04:00,57.5005989074707,57.5098991394043,57.5005989074707,57.5098991394043,2773,0.0,0.0,0.0
2024-07-01 11:22:00-04:00,57.502498626708984,57.502498626708984,57.489898681640625,57.49259948730469,4626,0.0,0.0,0.0
2024-07-01 11:23:00-04:00,57.48429870605469,57.4900016784668,57.47010040283203,57.4900016784668,7502,0.0,0.0,0.0
2024-07-01 11:24:00-04:00,57.4900016784668,57.494998931884766,57.48699951171875,57.494300842285156,3021,0.0,0.0,0.0
2024-07-01 11:25:00-04:00,57.505699157714844,57.529998779296875,57.505699157714844,57.529998779296875,3227,0.0,0.0,0.0
2024-07-01 11:26:00-04:00,57.53499984741211,57.540000915527344,57.53260040283203,57.540000915527344,7179,0.0,0.0,0.0
2024-07-01 11:27:00-04:00,57.54100036621094,57.54999923706055,57.5099983215332,57.5099983215332,125665,0.0,0.0,0.0
2024-07-01 11:28:00-04:00,57.52000045776367,57.53499984741211,57.52000045776367,57.53499984741211,2258,0.0,0.0,0.0
2024-07-01 11:29:00-04:00,57.53990173339844,57.53990173339844,57.52000045776367,57.52000045776367,4573,0.0,0.0,0.0
2024-07-01 11:30:00-04:00,57.540000915527344,57.54499816894531,57.52000045776367,57.54010009765625,5396,0.0,0.0,0.0
2024-07-01 11:31:00-04:00,57.540000915527344,57.560001373291016,57.53499984741211,57.560001373291016,5312,0.0,0.0,0.0
2024-07-01 11:32:00-04:00,57.560001373291016,57.560001373291016,57.54359817504883,57.54359817504883,4044,0.0,0.0,0.0
2024-07-01 11:33:00-04:00,57.54359817504883,57.54359817504883,57.540000915527344,57.540000915527344,666,0.0,0.0,0.0
2024-07-01 11:35:00-04:00,57.540000915527344,57.540000915527344,57.529998779296875,57.53499984741211,1513,0.0,0.0,0.0
2024-07-01 11:36:00-04:00,57.529998779296875,57.535701751708984,57.529998779296875,57.535701751708984,1075,0.0,0.0,0.0
2024-07-01 11:37:00-04:00,57.52050018310547,57.52050018310547,57.50429916381836,57.5099983215332,2243,0.0,0.0,0.0
2024-07-01 11:38:00-04:00,57.51499938964844,57.51499938964844,57.505001068115234,57.505001068115234,1292,0.0,0.0,0.0
2024-07-01 11:39:00-04:00,57.5099983215332,57.529998779296875,57.5099983215332,57.525001525878906,2908,0.0,0.0,0.0
2024-07-01 11:40:00-04:00,57.529998779296875,57.54999923706055,57.529998779296875,57.540000915527344,2180,0.0,0.0,0.0
2024-07-01 11:41:00-04:00,57.54010009765625,57.54570007324219,57.5349006652832,57.5349006652832,4612,0.0,0.0,0.0
2024-07-01 11:42:00-04:00,57.5343017578125,57.5343017578125,57.5343017578125,57.5343017578125,376,0.0,0.0,0.0
2024-07-01 11:43:00-04:00,57.53900146484375,57.53900146484375,57.535701751708984,57.535701751708984,407,0.0,0.0,0.0
2024-07-01 11:44:00-04:00,57.53990173339844,57.53990173339844,57.51499938964844,57.51499938964844,1129,0.0,0.0,0.0
2024-07-01 11:45:00-04:00,57.52000045776367,57.53990173339844,57.52000045776367,57.53990173339844,885,0.0,0.0,0.0
2024-07-01 11:46:00-04:00,57.54499816894531,57.54600143432617,57.53010177612305,57.54600143432617,2455,0.0,0.0,0.0
2024-07-01 11:47:00-04:00,57.540000915527344,57.540000915527344,57.5343017578125,57.5343017578125,678,0.0,0.0,0.0
2024-07-01 11:48:00-04:00,57.53499984741211,57.53499984741211,57.53229904174805,57.53229904174805,975,0.0,0.0,0.0
2024-07-01 11:49:00-04:00,57.546199798583984,57.546199798583984,57.546199798583984,57.546199798583984,416,0.0,0.0,0.0
2024-07-01 11:51:00-04:00,57.560001373291016,57.56990051269531,57.560001373291016,57.56990051269531,5504,0.0,0.0,0.0
2024-07-01 11:52:00-04:00,57.56999969482422,57.56999969482422,57.562198638916016,57.562198638916016,1394,0.0,0.0,0.0
2024-07-01 11:53:00-04:00,57.56999969482422,57.56999969482422,57.569000244140625,57.56999969482422,876,0.0,0.0,0.0
2024-07-01 11:54:00-04:00,57.56999969482422,57.56999969482422,57.56999969482422,57.56999969482422,298,0.0,0.0,0.0
2024-07-01 11:55:00-04:00,57.56999969482422,57.56999969482422,57.560001373291016,57.560001373291016,1319,0.0,0.0,0.0
2024-07-01 11:56:00-04:00,57.54290008544922,57.54290008544922,57.540000915527344,57.540000915527344,1453,0.0,0.0,0.0
2024-07-01 11:57:00-04:00,57.54010009765625,57.54999923706055,57.54010009765625,57.54999923706055,690,0.0,0.0,0.0
2024-07-01 11:58:00-04:00,57.54499816894531,57.5463981628418,57.54499816894531,57.54499816894531,890,0.0,0.0,0.0
2024-07-01 11:59:00-04:00,57.54499816894531,57.54499816894531,57.54499816894531,57.54499816894531,301,0.0,0.0,0.0
2024-07-01 12:00:00-04:00,57.535701751708984,57.535701751708984,57.535701751708984,57.535701751708984,435,0.0,0.0,0.0
2024-07-01 12:01:00-04:00,57.525001525878906,57.525699615478516,57.51539993286133,57.51539993286133,2274,0.0,0.0,0.0
2024-07-01 12:02:00-04:00,57.5,57.5098991394043,57.48630142211914,57.5,7542,0.0,0.0,0.0
2024-07-01 12:03:00-04:00,57.47999954223633,57.47999954223633,57.47999954223633,57.47999954223633,2094,0.0,0.0,0.0
2024-07-01 12:04:00-04:00,57.47999954223633,57.47999954223633,57.47999954223633,57.47999954223633,665,0.0,0.0,0.0
2024-07-01 12:05:00-04:00,57.4900016784668,57.4900016784668,57.4900016784668,57.4900016784668,501,0.0,0.0,0.0
2024-07-01 12:06:00-04:00,57.50419998168945,57.50419998168945,57.50419998168945,57.50419998168945,228,0.0,0.0,0.0
2024-07-01 12:07:00-04:00,57.5099983215332,57.51499938964844,57.5099983215332,57.514198303222656,713,0.0,0.0,0.0
2024-07-01 12:08:00-04:00,57.519798278808594,57.52000045776367,57.51969909667969,57.52000045776367,778,0.0,0.0,0.0
2024-07-01 12:09:00-04:00,57.53499984741211,57.540000915527344,57.53499984741211,57.540000915527344,824,0.0,0.0,0.0
2024-07-01 12:10:00-04:00,57.54010009765625,57.545799255371094,57.54010009765625,57.545799255371094,1371,0.0,0.0,0.0
2024-07-01 12:11:00-04:00,57.54999923706055,57.564998626708984,57.54999923706055,57.56019973754883,2158,0.0,0.0,0.0
2024-07-01 12:12:00-04:00,57.56990051269531,57.56999969482422,57.5536003112793,57.5536003112793,2771,0.0,0.0,0.0
2024-07-01 12:13:00-04:00,57.560001373291016,57.560001373291016,57.54999923706055,57.54999923706055,1118,0.0,0.0,0.0
2024-07-01 12:14:00-04:00,57.54010009765625,57.55500030517578,57.54010009765625,57.55500030517578,879,0.0,0.0,0.0
2024-07-01 12:15:00-04:00,57.54499816894531,57.54499816894531,57.54499816894531,57.54499816894531,372,0.0,0.0,0.0
2024-07-01 12:16:00-04:00,57.54999923706055,57.55739974975586,57.540000915527344,57.540000915527344,1006,0.0,0.0,0.0
2024-07-01 12:17:00-04:00,57.540000915527344,57.54010009765625,57.53900146484375,57.54010009765625,1133,0.0,0.0,0.0
2024-07-01 12:18:00-04:00,57.560001373291016,57.560001373291016,57.55500030517578,57.55500030517578,3245,0.0,0.0,0.0
2024-07-01 12:19:00-04:00,57.55419921875,57.55619812011719,57.55419921875,57.55500030517578,815,0.0,0.0,0.0
2024-07-01 12:20:00-04:00,57.56449890136719,57.57500076293945,57.56010055541992,57.56999969482422,2257,0.0,0.0,0.0
2024-07-01 12:21:00-04:00,57.58000183105469,57.58000183105469,57.560001373291016,57.560001373291016,1211,0.0,0.0,0.0
2024-07-01 12:22:00-04:00,57.560001373291016,57.560001373291016,57.560001373291016,57.560001373291016,1610,0.0,0.0,0.0
2024-07-01 12:23:00-04:00,57.57379913330078,57.57500076293945,57.57379913330078,57.57500076293945,426,0.0,0.0,0.0
2024-07-01 12:24:00-04:00,57.56999969482422,57.56999969482422,57.56999969482422,57.56999969482422,571,0.0,0.0,0.0
2024-07-01 12:25:00-04:00,57.56999969482422,57.56999969482422,57.564300537109375,57.56999969482422,1132,0.0,0.0,0.0
2024-07-01 12:26:00-04:00,57.57500076293945,57.57500076293945,57.57419967651367,57.57419967651367,1628,0.0,0.0,0.0
2024-07-01 12:27:00-04:00,57.569000244140625,57.58000183105469,57.569000244140625,57.58000183105469,1437,0.0,0.0,0.0
2024-07-01 12:28:00-04:00,57.575801849365234,57.575801849365234,57.5724983215332,57.57500076293945,3617,0.0,0.0,0.0
2024-07-01 12:30:00-04:00,57.57500076293945,57.57500076293945,57.57500076293945,57.57500076293945,274,0.0,0.0,0.0
2024-07-01 12:31:00-04:00,57.575801849365234,57.57899856567383,57.57500076293945,57.57500076293945,577,0.0,0.0,0.0
2024-07-01 12:32:00-04:00,57.56999969482422,57.57899856567383,57.56999969482422,57.57899856567383,755,0.0,0.0,0.0
2024-07-01 12:33:00-04:00,57.56999969482422,57.56999969482422,57.560001373291016,57.564998626708984,1892,0.0,0.0,0.0
2024-07-01 12:34:00-04:00,57.56570053100586,57.56570053100586,57.56570053100586,57.56570053100586,189,0.0,0.0,0.0
2024-07-01 12:35:00-04:00,57.56999969482422,57.56999969482422,57.56999969482422,57.56999969482422,235,0.0,0.0,0.0
2024-07-01 12:36:00-04:00,57.57500076293945,57.57500076293945,57.57429885864258,57.57429885864258,866,0.0,0.0,0.0
2024-07-01 12:37:00-04:00,57.56340026855469,57.573699951171875,57.56340026855469,57.56999969482422,1343,0.0,0.0,0.0
2024-07-01 12:38:00-04:00,57.57500076293945,57.57500076293945,57.57170104980469,57.57170104980469,367,0.0,0.0,0.0
2024-07-01 12:39:00-04:00,57.57170104980469,57.58000183105469,57.57170104980469,57.57500076293945,1652,0.0,0.0,0.0
2024-07-01 12:40:00-04:00,57.570098876953125,57.577701568603516,57.560001373291016,57.564998626708984,1617,0.0,0.0,0.0
2024-07-01 12:41:00-04:00,57.57500076293945,57.57500076293945,57.570098876953125,57.570098876953125,1264,0.0,0.0,0.0
2024-07-01 12:42:00-04:00,57.58000183105469,57.584999084472656,57.56999969482422,57.584999084472656,5908,0.0,0.0,0.0
2024-07-01 12:43:00-04:00,57.584999084472656,57.58599853515625,57.584999084472656,57.58599853515625,1288,0.0,0.0,0.0
2024-07-01 12:44:00-04:00,57.5890007019043,57.5890007019043,57.584999084472656,57.584999084472656,896,0.0,0.0,0.0
2024-07-01 12:45:00-04:00,57.5890007019043,57.5890007019043,57.585201263427734,57.585201263427734,804,0.0,0.0,0.0
2024-07-01 12:46:00-04:00,57.59000015258789,57.59000015258789,57.59000015258789,57.59000015258789,401,0.0,0.0,0.0
2024-07-01 12:47:00-04:00,57.585201263427734,57.585201263427734,57.57780075073242,57.57780075073242,2929,0.0,0.0,0.0
2024-07-01 12:48:00-04:00,57.5635986328125,57.56560134887695,57.5635986328125,57.564998626708984,1230,0.0,0.0,0.0
2024-07-01 12:49:00-04:00,57.560001373291016,57.569801330566406,57.55009841918945,57.569801330566406,7280,0.0,0.0,0.0
2024-07-01 12:50:00-04:00,57.56999969482422,57.56999969482422,57.560001373291016,57.560001373291016,4102,0.0,0.0,0.0
2024-07-01 12:51:00-04:00,57.559898376464844,57.559898376464844,57.54999923706055,57.54999923706055,2972,0.0,0.0,0.0
2024-07-01 12:52:00-04:00,57.55500030517578,57.55500030517578,57.54990005493164,57.54999923706055,1094,0.0,0.0,0.0
2024-07-01 12:53:00-04:00,57.54999923706055,57.54999923706055,57.535499572753906,57.535499572753906,857,0.0,0.0,0.0
2024-07-01 12:54:00-04:00,57.535499572753906,57.535499572753906,57.535499572753906,57.535499572753906,530,0.0,0.0,0.0
2024-07-01 12:56:00-04:00,57.529998779296875,57.529998779296875,57.529998779296875,57.529998779296875,507,0.0,0.0,0.0
2024-07-01 12:57:00-04:00,57.525001525878906,57.5260009765625,57.52330017089844,57.52330017089844,1029,0.0,0.0,0.0
2024-07-01 12:58:00-04:00,57.535499572753906,57.535499572753906,57.529998779296875,57.529998779296875,638,0.0,0.0,0.0
2024-07-01 12:59:00-04:00,57.52009963989258,57.54499816894531,57.52009963989258,57.54499816894531,7115,0.0,0.0,0.0
2024-07-01 13:00:00-04:00,57.54999923706055,57.54999923706055,57.54330062866211,57.549800872802734,949,0.0,0.0,0.0
2024-07-01 13:01:00-04:00,57.544498443603516,57.5536003112793,57.544498443603516,57.5536003112793,1237,0.0,0.0,0.0
2024-07-01 13:02:00-04:00,57.54999923706055,57.54999923706055,57.540000915527344,57.540000915527344,5260,0.0,0.0,0.0
2024-07-01 13:04:00-04:00,57.540000915527344,57.540000915527344,57.540000915527344,57.540000915527344,663,0.0,0.0,0.0
2024-07-01 13:05:00-04:00,57.54999923706055,57.560001373291016,57.54999923706055,57.560001373291016,631,0.0,0.0,0.0
2024-07-01 13:06:00-04:00,57.57500076293945,57.57500076293945,57.56999969482422,57.56999969482422,686,0.0,0.0,0.0
2024-07-01 13:07:00-04:00,57.5724983215332,57.57500076293945,57.5724983215332,57.57500076293945,693,0.0,0.0,0.0
2024-07-01 13:08:00-04:00,57.56230163574219,57.563499450683594,57.56230163574219,57.563499450683594,420,0.0,0.0,0.0
2024-07-01 13:09:00-04:00,57.57500076293945,57.57500076293945,57.57500076293945,57.57500076293945,2582,0.0,0.0,0.0
2024-07-01 13:11:00-04:00,57.57339859008789,57.58000183105469,57.57339859008789,57.58000183105469,1071,0.0,0.0,0.0
2024-07-01 13:12:00-04:00,57.584999084472656,57.58549880981445,57.584999084472656,57.58549880981445,2134,0.0,0.0,0.0
2024-07-01 13:14:00-04:00,57.58000183105469,57.58000183105469,57.57500076293945,57.57500076293945,963,0.0,0.0,0.0
2024-07-01 13:15:00-04:00,57.58620071411133,57.58620071411133,57.585899353027344,57.585899353027344,721,0.0,0.0,0.0
2024-07-01 13:16:00-04:00,57.584999084472656,57.584999084472656,57.56999969482422,57.56999969482422,10876,0.0,0.0,0.0
2024-07-01 13:17:00-04:00,57.56449890136719,57.564998626708984,57.5536994934082,57.5536994934082,852,0.0,0.0,0.0
2024-07-01 13:18:00-04:00,57.560001373291016,57.56549835205078,57.560001373291016,57.56549835205078,453,0.0,0.0,0.0
2024-07-01 13:19:00-04:00,57.56999969482422,57.580299377441406,57.56999969482422,57.580299377441406,2799,0.0,0.0,0.0
2024-07-01 13:20:00-04:00,57.5890007019043,57.5890007019043,57.58000183105469,57.58000183105469,1111,0.0,0.0,0.0
2024-07-01 13:21:00-04:00,57.57339859008789,57.59000015258789,57.57339859008789,57.584999084472656,2534,0.0,0.0,0.0
2024-07-01 13:22:00-04:00,57.584999084472656,57.584999084472656,57.57500076293945,57.57500076293945,2148,0.0,0.0,0.0
2024-07-01 13:23:00-04:00,57.56999969482422,57.57550048828125,57.56999969482422,57.57550048828125,605,0.0,0.0,0.0
2024-07-01 13:24:00-04:00,57.574501037597656,57.57500076293945,57.572200775146484,57.572200775146484,1568,0.0,0.0,0.0
2024-07-01 13:25:00-04:00,57.58000183105469,57.58549880981445,57.58000183105469,57.58549880981445,673,0.0,0.0,0.0
2024-07-01 13:26:00-04:00,57.595001220703125,57.595001220703125,57.595001220703125,57.595001220703125,218,0.0,0.0,0.0
2024-07-01 13:27:00-04:00,57.58369827270508,57.58449935913086,57.58369827270508,57.58449935913086,887,0.0,0.0,0.0
2024-07-01 13:29:00-04:00,57.59000015258789,57.59000015258789,57.58549880981445,57.58549880981445,543,0.0,0.0,0.0
2024-07-01 13:30:00-04:00,57.56999969482422,57.56999969482422,57.56999969482422,57.56999969482422,503,0.0,0.0,0.0
2024-07-01 13:31:00-04:00,57.57899856567383,57.57899856567383,57.570098876953125,57.570098876953125,745,0.0,0.0,0.0
2024-07-01 13:32:00-04:00,57.57550048828125,57.57550048828125,57.57550048828125,57.57550048828125,245,0.0,0.0,0.0
2024-07-01 13:33:00-04:00,57.56999969482422,57.56999969482422,57.5635986328125,57.5635986328125,732,0.0,0.0,0.0
2024-07-01 13:34:00-04:00,57.564998626708984,57.564998626708984,57.564998626708984,57.564998626708984,393,0.0,0.0,0.0
2024-07-01 13:35:00-04:00,57.56549835205078,57.569000244140625,57.56549835205078,57.569000244140625,706,0.0,0.0,0.0
2024-07-01 13:36:00-04:00,57.573699951171875,57.573699951171875,57.5718994140625,57.5718994140625,821,0.0,0.0,0.0
2024-07-01 13:37:00-04:00,57.58000183105469,57.58000183105469,57.58000183105469,57.58000183105469,330,0.0,0.0,0.0
2024-07-01 13:38:00-04:00,57.570098876953125,57.570098876953125,57.570098876953125,57.570098876953125,214,0.0,0.0,0.0
2024-07-01 13:39:00-04:00,57.57500076293945,57.57550048828125,57.56999969482422,57.57550048828125,1766,0.0,0.0,0.0
2024-07-01 13:40:00-04:00,57.58000183105469,57.58000183105469,57.56999969482422,57.56999969482422,936,0.0,0.0,0.0
2024-07-01 13:41:00-04:00,57.56999969482422,57.56999969482422,57.56330108642578,57.56449890136719,1961,0.0,0.0,0.0
2024-07-01 13:42:00-04:00,57.563899993896484,57.564998626708984,57.56010055541992,57.5635986328125,1531,0.0,0.0,0.0
2024-07-01 13:45:00-04:00,57.57899856567383,57.57899856567383,57.57389831542969,57.57389831542969,1837,0.0,0.0,0.0
2024-07-01 13:46:00-04:00,57.574501037597656,57.58000183105469,57.56999969482422,57.57500076293945,2150,0.0,0.0,0.0
2024-07-01 13:47:00-04:00,57.57899856567383,57.57899856567383,57.574501037597656,57.574501037597656,619,0.0,0.0,0.0
2024-07-01 13:48:00-04:00,57.584999084472656,57.584999084472656,57.584999084472656,57.584999084472656,421,0.0,0.0,0.0
2024-07-01 13:49:00-04:00,57.58000183105469,57.58000183105469,57.58000183105469,57.58000183105469,467,0.0,0.0,0.0
2024-07-01 13:50:00-04:00,57.57500076293945,57.57500076293945,57.57500076293945,57.57500076293945,816,0.0,0.0,0.0
2024-07-01 13:51:00-04:00,57.58000183105469,57.58000183105469,57.57500076293945,57.57619857788086,1351,0.0,0.0,0.0
2024-07-01 13:52:00-04:00,57.58000183105469,57.58449935913086,57.58000183105469,57.58449935913086,870,0.0,0.0,0.0
2024-07-01 13:53:00-04:00,57.5890007019043,57.5890007019043,57.58190155029297,57.58190155029297,1504,0.0,0.0,0.0
2024-07-01 13:54:00-04:00,57.580101013183594,57.580101013183594,57.580101013183594,57.580101013183594,485,0.0,0.0,0.0
2024-07-01 13:55:00-04:00,57.579898834228516,57.579898834228516,57.56999969482422,57.56999969482422,1010,0.0,0.0,0.0
2024-07-01 13:56:00-04:00,57.56100082397461,57.56990051269531,57.560001373291016,57.56990051269531,1509,0.0,0.0,0.0
2024-07-01 13:57:00-04:00,57.55509948730469,57.55550003051758,57.55500030517578,57.55500030517578,1404,0.0,0.0,0.0
2024-07-01 13:58:00-04:00,57.545501708984375,57.545501708984375,57.542301177978516,57.542301177978516,591,0.0,0.0,0.0
2024-07-01 13:59:00-04:00,57.54790115356445,57.55619812011719,57.54790115356445,57.55009841918945,1368,0.0,0.0,0.0
2024-07-01 14:00:00-04:00,57.54999923706055,57.54999923706055,57.53499984741211,57.53499984741211,2482,0.0,0.0,0.0
2024-07-01 14:01:00-04:00,57.54499816894531,57.54499816894531,57.540000915527344,57.540000915527344,2358,0.0,0.0,0.0
2024-07-01 14:02:00-04:00,57.540000915527344,57.54010009765625,57.53010177612305,57.53010177612305,952,0.0,0.0,0.0
2024-07-01 14:03:00-04:00,57.529998779296875,57.53499984741211,57.52009963989258,57.53499984741211,1982,0.0,0.0,0.0
2024-07-01 14:04:00-04:00,57.522098541259766,57.522098541259766,57.522098541259766,57.522098541259766,252,0.0,0.0,0.0
2024-07-01 14:05:00-04:00,57.53499984741211,57.540000915527344,57.53499984741211,57.53630065917969,1067,0.0,0.0,0.0
2024-07-01 14:06:00-04:00,57.532100677490234,57.54990005493164,57.532100677490234,57.54990005493164,2423,0.0,0.0,0.0
2024-07-01 14:07:00-04:00,57.54600143432617,57.55009841918945,57.54600143432617,57.55009841918945,966,0.0,0.0,0.0
2024-07-01 14:08:00-04:00,57.55500030517578,57.55550003051758,57.54999923706055,57.54999923706055,1379,0.0,0.0,0.0
2024-07-01 14:09:00-04:00,57.54999923706055,57.54999923706055,57.549800872802734,57.549800872802734,554,0.0,0.0,0.0
2024-07-01 14:10:00-04:00,57.540000915527344,57.540000915527344,57.53020095825195,57.53020095825195,1203,0.0,0.0,0.0
2024-07-01 14:11:00-04:00,57.54629898071289,57.54629898071289,57.54050064086914,57.54600143432617,5709,0.0,0.0,0.0
2024-07-01 14:12:00-04:00,57.55569839477539,57.560001373291016,57.55569839477539,57.560001373291016,907,0.0,0.0,0.0
2024-07-01 14:13:00-04:00,57.55009841918945,57.55009841918945,57.540000915527344,57.540000915527344,906,0.0,0.0,0.0
2024-07-01 14:14:00-04:00,57.53329849243164,57.540000915527344,57.53329849243164,57.540000915527344,1015,0.0,0.0,0.0
2024-07-01 14:15:00-04:00,57.54499816894531,57.554500579833984,57.54499816894531,57.554500579833984,1699,0.0,0.0,0.0
2024-07-01 14:16:00-04:00,57.546199798583984,57.546199798583984,57.546199798583984,57.546199798583984,538,0.0,0.0,0.0
2024-07-01 14:17:00-04:00,57.54240036010742,57.545501708984375,57.54240036010742,57.54290008544922,1621,0.0,0.0,0.0
2024-07-01 14:18:00-04:00,57.544498443603516,57.54999923706055,57.544498443603516,57.54499816894531,1494,0.0,0.0,0.0
2024-07-01 14:19:00-04:00,57.5432014465332,57.54899978637695,57.5432014465332,57.54499816894531,1396,0.0,0.0,0.0
2024-07-01 14:20:00-04:00,57.54600143432617,57.54600143432617,57.533599853515625,57.533599853515625,1622,0.0,0.0,0.0
2024-07-01 14:21:00-04:00,57.53900146484375,57.540000915527344,57.53150177001953,57.540000915527344,3209,0.0,0.0,0.0
2024-07-01 14:22:00-04:00,57.544498443603516,57.54999923706055,57.544498443603516,57.54999923706055,596,0.0,0.0,0.0
2024-07-01 14:23:00-04:00,57.540000915527344,57.54999923706055,57.540000915527344,57.54999923706055,1384,0.0,0.0,0.0
2024-07-01 14:24:00-04:00,57.54999923706055,57.54999923706055,57.54010009765625,57.54010009765625,644,0.0,0.0,0.0
2024-07-01 14:25:00-04:00,57.540000915527344,57.54499816894531,57.53260040283203,57.540000915527344,2033,0.0,0.0,0.0
2024-07-01 14:26:00-04:00,57.52000045776367,57.525001525878906,57.52000045776367,57.52000045776367,2291,0.0,0.0,0.0
2024-07-01 14:27:00-04:00,57.5,57.5099983215332,57.5,57.500099182128906,4043,0.0,0.0,0.0
2024-07-01 14:28:00-04:00,57.50550079345703,57.5099983215332,57.505001068115234,57.506500244140625,2436,0.0,0.0,0.0
2024-07-01 14:29:00-04:00,57.5,57.500099182128906,57.5,57.5,4859,0.0,0.0,0.0
2024-07-01 14:30:00-04:00,57.49549865722656,57.49549865722656,57.47999954223633,57.47999954223633,785,0.0,0.0,0.0
2024-07-01 14:31:00-04:00,57.48500061035156,57.48500061035156,57.4833984375,57.4833984375,816,0.0,0.0,0.0
2024-07-01 14:32:00-04:00,57.4900016784668,57.49449920654297,57.4900016784668,57.49449920654297,753,0.0,0.0,0.0
2024-07-01 14:33:00-04:00,57.4900016784668,57.494998931884766,57.4900016784668,57.494998931884766,3274,0.0,0.0,0.0
2024-07-01 14:34:00-04:00,57.505001068115234,57.505001068115234,57.505001068115234,57.505001068115234,795,0.0,0.0,0.0
2024-07-01 14:35:00-04:00,57.49440002441406,57.49549865722656,57.486000061035156,57.486000061035156,1679,0.0,0.0,0.0
2024-07-01 14:36:00-04:00,57.480098724365234,57.484500885009766,57.480098724365234,57.484500885009766,1743,0.0,0.0,0.0
2024-07-01 14:37:00-04:00,57.47999954223633,57.4817008972168,57.47999954223633,57.480098724365234,1000,0.0,0.0,0.0
2024-07-01 14:38:00-04:00,57.48899841308594,57.4900016784668,57.480098724365234,57.48099899291992,2600,0.0,0.0,0.0
2024-07-01 14:39:00-04:00,57.48500061035156,57.48500061035156,57.481300354003906,57.481300354003906,1568,0.0,0.0,0.0
2024-07-01 14:40:00-04:00,57.480098724365234,57.48550033569336,57.474998474121094,57.474998474121094,1768,0.0,0.0,0.0
2024-07-01 14:41:00-04:00,57.4744987487793,57.47999954223633,57.4744987487793,57.47999954223633,1104,0.0,0.0,0.0
2024-07-01 14:42:00-04:00,57.47999954223633,57.48550033569336,57.47999954223633,57.48550033569336,1462,0.0,0.0,0.0
2024-07-01 14:43:00-04:00,57.47999954223633,57.47999954223633,57.47439956665039,57.47439956665039,565,0.0,0.0,0.0
2024-07-01 14:44:00-04:00,57.47999954223633,57.47999954223633,57.47999954223633,57.47999954223633,470,0.0,0.0,0.0
2024-07-01 14:45:00-04:00,57.48500061035156,57.48500061035156,57.48500061035156,57.48500061035156,1336,0.0,0.0,0.0
2024-07-01 14:46:00-04:00,57.474998474121094,57.480098724365234,57.47010040283203,57.474998474121094,1248,0.0,0.0,0.0
2024-07-01 14:47:00-04:00,57.470001220703125,57.470001220703125,57.452598571777344,57.455501556396484,2971,0.0,0.0,0.0
2024-07-01 14:49:00-04:00,57.46369934082031,57.46369934082031,57.454498291015625,57.454498291015625,677,0.0,0.0,0.0
2024-07-01 14:50:00-04:00,57.46689987182617,57.470001220703125,57.46200180053711,57.4635009765625,1914,0.0,0.0,0.0
2024-07-01 14:51:00-04:00,57.47999954223633,57.47999954223633,57.47999954223633,57.47999954223633,303,0.0,0.0,0.0
2024-07-01 14:52:00-04:00,57.48500061035156,57.48500061035156,57.4734992980957,57.4734992980957,2344,0.0,0.0,0.0
2024-07-01 14:53:00-04:00,57.48099899291992,57.48099899291992,57.48099899291992,57.48099899291992,526,0.0,0.0,0.0
2024-07-01 14:54:00-04:00,57.4900016784668,57.4901008605957,57.4900016784668,57.4901008605957,1820,0.0,0.0,0.0
2024-07-01 14:55:00-04:00,57.48500061035156,57.48500061035156,57.47999954223633,57.47999954223633,461,0.0,0.0,0.0
2024-07-01 14:56:00-04:00,57.47999954223633,57.47999954223633,57.472599029541016,57.472599029541016,3068,0.0,0.0,0.0
2024-07-01 14:57:00-04:00,57.47549819946289,57.48550033569336,57.474998474121094,57.474998474121094,2052,0.0,0.0,0.0
2024-07-01 14:58:00-04:00,57.472198486328125,57.474998474121094,57.472198486328125,57.474998474121094,1858,0.0,0.0,0.0
2024-07-01 14:59:00-04:00,57.474998474121094,57.474998474121094,57.470001220703125,57.470001220703125,659,0.0,0.0,0.0
2024-07-01 15:00:00-04:00,57.46989822387695,57.47549819946289,57.46989822387695,57.46989822387695,2565,0.0,0.0,0.0
2024-07-01 15:01:00-04:00,57.459999084472656,57.470001220703125,57.45500183105469,57.470001220703125,1963,0.0,0.0,0.0
2024-07-01 15:02:00-04:00,57.479000091552734,57.47999954223633,57.46870040893555,57.46870040893555,945,0.0,0.0,0.0
2024-07-01 15:03:00-04:00,57.46009826660156,57.470001220703125,57.46009826660156,57.46500015258789,909,0.0,0.0,0.0
2024-07-01 15:04:00-04:00,57.459999084472656,57.470001220703125,57.459999084472656,57.470001220703125,2741,0.0,0.0,0.0
2024-07-01 15:05:00-04:00,57.470001220703125,57.47999954223633,57.470001220703125,57.47999954223633,3612,0.0,0.0,0.0
2024-07-01 15:06:00-04:00,57.489898681640625,57.489898681640625,57.4828987121582,57.48500061035156,1911,0.0,0.0,0.0
2024-07-01 15:07:00-04:00,57.480201721191406,57.480201721191406,57.480098724365234,57.480098724365234,323,0.0,0.0,0.0
2024-07-01 15:08:00-04:00,57.484500885009766,57.48500061035156,57.484500885009766,57.484500885009766,1431,0.0,0.0,0.0
2024-07-01 15:09:00-04:00,57.47999954223633,57.48749923706055,57.47999954223633,57.480098724365234,2053,0.0,0.0,0.0
2024-07-01 15:10:00-04:00,57.48640060424805,57.48640060424805,57.48500061035156,57.48500061035156,1377,0.0,0.0,0.0
2024-07-01 15:11:00-04:00,57.48550033569336,57.48550033569336,57.48550033569336,57.48550033569336,4252,0.0,0.0,0.0
2024-07-01 15:12:00-04:00,57.47999954223633,57.47999954223633,57.470001220703125,57.47010040283203,937,0.0,0.0,0.0
2024-07-01 15:13:00-04:00,57.474998474121094,57.47999954223633,57.470001220703125,57.47999954223633,9476,0.0,0.0,0.0
2024-07-01 15:14:00-04:00,57.47779846191406,57.47999954223633,57.470001220703125,57.470001220703125,1225,0.0,0.0,0.0
2024-07-01 15:15:00-04:00,57.47600173950195,57.47600173950195,57.45500183105469,57.45500183105469,2581,0.0,0.0,0.0
2024-07-01 15:16:00-04:00,57.45500183105469,57.459999084472656,57.45500183105469,57.459999084472656,1801,0.0,0.0,0.0
2024-07-01 15:17:00-04:00,57.459800720214844,57.46549987792969,57.459800720214844,57.46500015258789,3560,0.0,0.0,0.0
2024-07-01 15:18:00-04:00,57.46670150756836,57.46670150756836,57.46500015258789,57.46500015258789,1740,0.0,0.0,0.0
2024-07-01 15:19:00-04:00,57.46500015258789,57.470001220703125,57.459999084472656,57.470001220703125,3142,0.0,0.0,0.0
2024-07-01 15:20:00-04:00,57.46500015258789,57.46549987792969,57.459999084472656,57.459999084472656,2012,0.0,0.0,0.0
2024-07-01 15:21:00-04:00,57.45500183105469,57.455501556396484,57.45090103149414,57.45500183105469,3406,0.0,0.0,0.0
2024-07-01 15:22:00-04:00,57.45500183105469,57.45500183105469,57.45500183105469,57.45500183105469,1001,0.0,0.0,0.0
2024-07-01 15:23:00-04:00,57.455501556396484,57.455501556396484,57.44419860839844,57.44449996948242,3776,0.0,0.0,0.0
2024-07-01 15:24:00-04:00,57.439998626708984,57.439998626708984,57.439998626708984,57.439998626708984,15291,0.0,0.0,0.0
2024-07-01 15:25:00-04:00,57.41999816894531,57.42499923706055,57.41999816894531,57.42499923706055,930,0.0,0.0,0.0
2024-07-01 15:26:00-04:00,57.41999816894531,57.41999816894531,57.39500045776367,57.39500045776367,2136,0.0,0.0,0.0
2024-07-01 15:27:00-04:00,57.380001068115234,57.400001525878906,57.380001068115234,57.39500045776367,3814,0.0,0.0,0.0
2024-07-01 15:28:00-04:00,57.39550018310547,57.39550018310547,57.39550018310547,57.39550018310547,231,0.0,0.0,0.0
2024-07-01 15:29:00-04:00,57.39550018310547,57.40999984741211,57.39360046386719,57.40999984741211,3322,0.0,0.0,0.0
2024-07-01 15:30:00-04:00,57.404998779296875,57.40999984741211,57.40010070800781,57.402000427246094,11981,0.0,0.0,0.0
2024-07-01 15:32:00-04:00,57.41550064086914,57.41550064086914,57.41550064086914,57.41550064086914,208,0.0,0.0,0.0
2024-07-01 15:33:00-04:00,57.41999816894531,57.435001373291016,57.41999816894531,57.435001373291016,1450,0.0,0.0,0.0
2024-07-01 15:34:00-04:00,57.44900131225586,57.452301025390625,57.44499969482422,57.452301025390625,1783,0.0,0.0,0.0
2024-07-01 15:35:00-04:00,57.45000076293945,57.45000076293945,57.45000076293945,57.45000076293945,718,0.0,0.0,0.0
2024-07-01 15:36:00-04:00,57.44499969482422,57.44499969482422,57.435001373291016,57.435001373291016,1395,0.0,0.0,0.0
2024-07-01 15:37:00-04:00,57.439998626708984,57.44499969482422,57.439998626708984,57.44499969482422,861,0.0,0.0,0.0
2024-07-01 15:38:00-04:00,57.44499969482422,57.44499969482422,57.44499969482422,57.44499969482422,772,0.0,0.0,0.0
2024-07-01 15:39:00-04:00,57.44499969482422,57.45600128173828,57.44449996948242,57.454498291015625,1781,0.0,0.0,0.0
2024-07-01 15:40:00-04:00,57.45000076293945,57.45000076293945,57.45000076293945,57.45000076293945,795,0.0,0.0,0.0
2024-07-01 15:41:00-04:00,57.45500183105469,57.45500183105469,57.45009994506836,57.45309829711914,1614,0.0,0.0,0.0
2024-07-01 15:42:00-04:00,57.467498779296875,57.467498779296875,57.459999084472656,57.46549987792969,1829,0.0,0.0,0.0
2024-07-01 15:43:00-04:00,57.46030044555664,57.4656982421875,57.46030044555664,57.4656982421875,800,0.0,0.0,0.0
2024-07-01 15:44:00-04:00,57.46730041503906,57.46730041503906,57.46500015258789,57.467201232910156,483,0.0,0.0,0.0
2024-07-01 15:45:00-04:00,57.459999084472656,57.470001220703125,57.459999084472656,57.470001220703125,3026,0.0,0.0,0.0
2024-07-01 15:46:00-04:00,57.459999084472656,57.47850036621094,57.459999084472656,57.474998474121094,3221,0.0,0.0,0.0
2024-07-01 15:47:00-04:00,57.474998474121094,57.47999954223633,57.46500015258789,57.46500015258789,2346,0.0,0.0,0.0
2024-07-01 15:48:00-04:00,57.46989822387695,57.47999954223633,57.4651985168457,57.473899841308594,2391,0.0,0.0,0.0
2024-07-01 15:49:00-04:00,57.470001220703125,57.470001220703125,57.4640007019043,57.470001220703125,2047,0.0,0.0,0.0
2024-07-01 15:50:00-04:00,57.470001220703125,57.5,57.470001220703125,57.5,2555,0.0,0.0,0.0
2024-07-01 15:51:00-04:00,57.50559997558594,57.509700775146484,57.505001068115234,57.509700775146484,1384,0.0,0.0,0.0
2024-07-01 15:52:00-04:00,57.5,57.5,57.4900016784668,57.4900016784668,1411,0.0,0.0,0.0
2024-07-01 15:53:00-04:00,57.4900016784668,57.4900016784668,57.47999954223633,57.47999954223633,432,0.0,0.0,0.0
2024-07-01 15:54:00-04:00,57.4900016784668,57.5,57.4900016784668,57.494998931884766,2023,0.0,0.0,0.0
2024-07-01 15:55:00-04:00,57.5,57.52000045776367,57.494998931884766,57.5099983215332,5911,0.0,0.0,0.0
2024-07-01 15:56:00-04:00,57.5099983215332,57.52000045776367,57.5099983215332,57.5166015625,864,0.0,0.0,0.0
2024-07-01 15:57:00-04:00,57.52000045776367,57.52000045776367,57.5,57.5099983215332,5350,0.0,0.0,0.0
2024-07-01 15:58:00-04:00,57.50630187988281,57.50630187988281,57.474998474121094,57.47999954223633,10228,0.0,0.0,0.0
2024-07-01 15:59:00-04:00,57.47999954223633,57.5,57.470001220703125,57.47999954223633,15486,0.0,0.0,0.0
2024-07-02 09:30:00-04:00,57.459999084472656,57.459999084472656,57.400001525878906,57.400001525878906,32070,0.0,0.0,0.0
2024-07-02 09:31:00-04:00,57.40999984741211,57.439998626708984,57.40999984741211,57.439998626708984,7591,0.0,0.0,0.0
2024-07-02 09:32:00-04:00,57.439998626708984,57.470001220703125,57.439998626708984,57.470001220703125,1841,0.0,0.0,0.0
2024-07-02 09:33:00-04:00,57.45500183105469,57.47999954223633,57.45500183105469,57.47999954223633,793,0.0,0.0,0.0
2024-07-02 09:34:00-04:00,57.47990036010742,57.529998779296875,57.47990036010742,57.525001525878906,1703,0.0,0.0,0.0
2024-07-02 09:35:00-04:00,57.4900016784668,57.52000045776367,57.48500061035156,57.48500061035156,4164,0.0,0.0,0.0
2024-07-02 09:36:00-04:00,57.4734001159668,57.522499084472656,57.470001220703125,57.5099983215332,2261,0.0,0.0,0.0
2024-07-02 09:37:00-04:00,57.5099983215332,57.51499938964844,57.5,57.5,4697,0.0,0.0,0.0
2024-07-02 09:38:00-04:00,57.5099983215332,57.52000045776367,57.4901008605957,57.494998931884766,3199,0.0,0.0,0.0
2024-07-02 09:39:00-04:00,57.5,57.540000915527344,57.5,57.52109909057617,1253,0.0,0.0,0.0
2024-07-02 09:40:00-04:00,57.55500030517578,57.55500030517578,57.54999923706055,57.54999923706055,1315,0.0,0.0,0.0
2024-07-02 09:41:00-04:00,57.55659866333008,57.55659866333008,57.55500030517578,57.55500030517578,326,0.0,0.0,0.0
2024-07-02 09:42:00-04:00,57.55350112915039,57.55350112915039,57.52000045776367,57.52000045776367,2439,0.0,0.0,0.0
2024-07-02 09:43:00-04:00,57.5,57.5,57.470001220703125,57.470001220703125,1394,0.0,0.0,0.0
2024-07-02 09:44:00-04:00,57.45000076293945,57.45000076293945,57.45000076293945,57.45000076293945,454,0.0,0.0,0.0
2024-07-02 09:45:00-04:00,57.43000030517578,57.474998474121094,57.43000030517578,57.4734001159668,1327,0.0,0.0,0.0
2024-07-02 09:46:00-04:00,57.45500183105469,57.45500183105469,57.45500183105469,57.45500183105469,271,0.0,0.0,0.0
2024-07-02 09:47:00-04:00,57.44499969482422,57.46500015258789,57.44499969482422,57.459999084472656,1782,0.0,0.0,0.0
2024-07-02 09:48:00-04:00,57.47999954223633,57.47999954223633,57.46099853515625,57.46099853515625,1650,0.0,0.0,0.0
2024-07-02 09:49:00-04:00,57.46500015258789,57.47999954223633,57.46500015258789,57.47999954223633,1751,0.0,0.0,0.0
2024-07-02 09:50:00-04:00,57.47999954223633,57.47999954223633,57.46200180053711,57.46590042114258,714,0.0,0.0,0.0
2024-07-02 09:51:00-04:00,57.45000076293945,57.45000076293945,57.45000076293945,57.45000076293945,454,0.0,0.0,0.0
2024-07-02 09:52:00-04:00,57.462501525878906,57.462501525878906,57.456600189208984,57.459999084472656,1649,0.0,0.0,0.0
2024-07-02 09:54:00-04:00,57.439701080322266,57.44499969482422,57.439701080322266,57.44499969482422,824,0.0,0.0,0.0
2024-07-02 09:55:00-04:00,57.45000076293945,57.45500183105469,57.45000076293945,57.45000076293945,673,0.0,0.0,0.0
2024-07-02 09:56:00-04:00,57.459800720214844,57.459800720214844,57.439998626708984,57.45500183105469,1543,0.0,0.0,0.0
2024-07-02 09:57:00-04:00,57.470001220703125,57.47999954223633,57.470001220703125,57.47999954223633,931,0.0,0.0,0.0
2024-07-02 09:58:00-04:00,57.48899841308594,57.48899841308594,57.48899841308594,57.48899841308594,437,0.0,0.0,0.0
2024-07-02 10:00:00-04:00,57.470001220703125,57.47999954223633,57.439998626708984,57.45500183105469,3373,0.0,0.0,0.0
2024-07-02 10:01:00-04:00,57.456600189208984,57.474998474121094,57.456600189208984,57.474998474121094,985,0.0,0.0,0.0
2024-07-02 10:02:00-04:00,57.470001220703125,57.48099899291992,57.470001220703125,57.48099899291992,3600,0.0,0.0,0.0
2024-07-02 10:03:00-04:00,57.4900016784668,57.499000549316406,57.470001220703125,57.470001220703125,1805,0.0,0.0,0.0
2024-07-02 10:04:00-04:00,57.474998474121094,57.47999954223633,57.470001220703125,57.470001220703125,1599,0.0,0.0,0.0
2024-07-02 10:05:00-04:00,57.470001220703125,57.470001220703125,57.46500015258789,57.46500015258789,1304,0.0,0.0,0.0
2024-07-02 10:07:00-04:00,57.45439910888672,57.474998474121094,57.45439910888672,57.474998474121094,1499,0.0,0.0,0.0
2024-07-02 10:08:00-04:00,57.459999084472656,57.459999084472656,57.45000076293945,57.45000076293945,1084,0.0,0.0,0.0
2024-07-02 10:09:00-04:00,57.45500183105469,57.45899963378906,57.44499969482422,57.44499969482422,560,0.0,0.0,0.0
2024-07-02 10:10:00-04:00,57.43000030517578,57.43000030517578,57.424400329589844,57.424400329589844,930,0.0,0.0,0.0
2024-07-02 10:11:00-04:00,57.415000915527344,57.435001373291016,57.415000915527344,57.435001373291016,988,0.0,0.0,0.0
2024-07-02 10:12:00-04:00,57.439998626708984,57.44620132446289,57.435001373291016,57.44620132446289,1156,0.0,0.0,0.0
2024-07-02 10:13:00-04:00,57.43960189819336,57.44219970703125,57.435001373291016,57.43960189819336,1547,0.0,0.0,0.0
2024-07-02 10:14:00-04:00,57.45000076293945,57.465599060058594,57.45000076293945,57.456600189208984,1161,0.0,0.0,0.0
2024-07-02 10:15:00-04:00,57.45000076293945,57.45000076293945,57.44139862060547,57.45000076293945,847,0.0,0.0,0.0
2024-07-02 10:16:00-04:00,57.45009994506836,57.459999084472656,57.45009994506836,57.459800720214844,2735,0.0,0.0,0.0
2024-07-02 10:17:00-04:00,57.442501068115234,57.459999084472656,57.442501068115234,57.442501068115234,1708,0.0,0.0,0.0
2024-07-02 10:18:00-04:00,57.459999084472656,57.459999084472656,57.45500183105469,57.45500183105469,1428,0.0,0.0,0.0
2024-07-02 10:19:00-04:00,57.459999084472656,57.470001220703125,57.459999084472656,57.465599060058594,2241,0.0,0.0,0.0
2024-07-02 10:20:00-04:00,57.459999084472656,57.459999084472656,57.45000076293945,57.459999084472656,2387,0.0,0.0,0.0
2024-07-02 10:21:00-04:00,57.459999084472656,57.474998474121094,57.459999084472656,57.474998474121094,1057,0.0,0.0,0.0
2024-07-02 10:22:00-04:00,57.459999084472656,57.47999954223633,57.459999084472656,57.47560119628906,2058,0.0,0.0,0.0
2024-07-02 10:23:00-04:00,57.47999954223633,57.47999954223633,57.45989990234375,57.459999084472656,2391,0.0,0.0,0.0
2024-07-02 10:24:00-04:00,57.46009826660156,57.46500015258789,57.45560073852539,57.459999084472656,2714,0.0,0.0,0.0
2024-07-02 10:25:00-04:00,57.452701568603516,57.47719955444336,57.452701568603516,57.470001220703125,1038,0.0,0.0,0.0
2024-07-02 10:26:00-04:00,57.47959899902344,57.47959899902344,57.46220016479492,57.46220016479492,2402,0.0,0.0,0.0
2024-07-02 10:27:00-04:00,57.46500015258789,57.46989822387695,57.46500015258789,57.46989822387695,1850,0.0,0.0,0.0
2024-07-02 10:28:00-04:00,57.45100021362305,57.46500015258789,57.45100021362305,57.46500015258789,811,0.0,0.0,0.0
2024-07-02 10:29:00-04:00,57.476600646972656,57.47999954223633,57.470001220703125,57.47999954223633,1709,0.0,0.0,0.0
2024-07-02 10:30:00-04:00,57.48640060424805,57.4900016784668,57.48500061035156,57.48500061035156,2105,0.0,0.0,0.0
2024-07-02 10:31:00-04:00,57.47999954223633,57.47999954223633,57.474998474121094,57.474998474121094,1497,0.0,0.0,0.0
2024-07-02 10:32:00-04:00,57.470001220703125,57.476898193359375,57.470001220703125,57.476898193359375,912,0.0,0.0,0.0
2024-07-02 10:33:00-04:00,57.474998474121094,57.489898681640625,57.474998474121094,57.489898681640625,2982,0.0,0.0,0.0
2024-07-02 10:34:00-04:00,57.48500061035156,57.5,57.48500061035156,57.4900016784668,1292,0.0,0.0,0.0
2024-07-02 10:35:00-04:00,57.4900016784668,57.4900016784668,57.47010040283203,57.47370147705078,4040,0.0,0.0,0.0
2024-07-02 10:36:00-04:00,57.47999954223633,57.48929977416992,57.47600173950195,57.48500061035156,3762,0.0,0.0,0.0
2024-07-02 10:37:00-04:00,57.5098991394043,57.5098991394043,57.5098991394043,57.5098991394043,319,0.0,0.0,0.0
2024-07-02 10:38:00-04:00,57.5099983215332,57.5099983215332,57.5,57.5,772,0.0,0.0,0.0
2024-07-02 10:39:00-04:00,57.494998931884766,57.494998931884766,57.49290084838867,57.49290084838867,798,0.0,0.0,0.0
2024-07-02 10:40:00-04:00,57.48500061035156,57.4900016784668,57.47999954223633,57.47999954223633,8118,0.0,0.0,0.0
2024-07-02 10:41:00-04:00,57.47999954223633,57.48619842529297,57.47999954223633,57.47999954223633,854,0.0,0.0,0.0
2024-07-02 10:42:00-04:00,57.46500015258789,57.46500015258789,57.46500015258789,57.46500015258789,1143,0.0,0.0,0.0
2024-07-02 10:43:00-04:00,57.46220016479492,57.470001220703125,57.45000076293945,57.45000076293945,1398,0.0,0.0,0.0
2024-07-02 10:44:00-04:00,57.439998626708984,57.44559860229492,57.43989944458008,57.43989944458008,1184,0.0,0.0,0.0
2024-07-02 10:45:00-04:00,57.43000030517578,57.43000030517578,57.4213981628418,57.43000030517578,3942,0.0,0.0,0.0
2024-07-02 10:46:00-04:00,57.42499923706055,57.43830108642578,57.42499923706055,57.43009948730469,1011,0.0,0.0,0.0
2024-07-02 10:47:00-04:00,57.432498931884766,57.43989944458008,57.41999816894531,57.41999816894531,1302,0.0,0.0,0.0
2024-07-02 10:48:00-04:00,57.41630172729492,57.41999816894531,57.4114990234375,57.41999816894531,1334,0.0,0.0,0.0
2024-07-02 10:49:00-04:00,57.435001373291016,57.44499969482422,57.435001373291016,57.44499969482422,782,0.0,0.0,0.0
2024-07-02 10:50:00-04:00,57.44499969482422,57.45500183105469,57.44499969482422,57.45500183105469,865,0.0,0.0,0.0
2024-07-02 10:51:00-04:00,57.45560073852539,57.459999084472656,57.44070053100586,57.44070053100586,3310,0.0,0.0,0.0
2024-07-02 10:52:00-04:00,57.45209884643555,57.45500183105469,57.440799713134766,57.45000076293945,3732,0.0,0.0,0.0
2024-07-02 10:53:00-04:00,57.439998626708984,57.439998626708984,57.43370056152344,57.4369010925293,2656,0.0,0.0,0.0
2024-07-02 10:54:00-04:00,57.43439865112305,57.44879913330078,57.43000030517578,57.44499969482422,4657,0.0,0.0,0.0
2024-07-02 10:55:00-04:00,57.45000076293945,57.46500015258789,57.45000076293945,57.459999084472656,1053,0.0,0.0,0.0
2024-07-02 10:56:00-04:00,57.45500183105469,57.45560073852539,57.45000076293945,57.45249938964844,2410,0.0,0.0,0.0
2024-07-02 10:57:00-04:00,57.45000076293945,57.46659851074219,57.439998626708984,57.46500015258789,21566,0.0,0.0,0.0
2024-07-02 10:58:00-04:00,57.46500015258789,57.470001220703125,57.46500015258789,57.470001220703125,2738,0.0,0.0,0.0
2024-07-02 10:59:00-04:00,57.470001220703125,57.47639846801758,57.46500015258789,57.474998474121094,5150,0.0,0.0,0.0
2024-07-02 11:00:00-04:00,57.474998474121094,57.474998474121094,57.470001220703125,57.470001220703125,469,0.0,0.0,0.0
2024-07-02 11:01:00-04:00,57.47079849243164,57.47999954223633,57.47079849243164,57.47999954223633,7298,0.0,0.0,0.0
2024-07-02 11:02:00-04:00,57.474998474121094,57.474998474121094,57.474998474121094,57.474998474121094,1578,0.0,0.0,0.0
2024-07-02 11:03:00-04:00,57.470001220703125,57.470001220703125,57.46500015258789,57.46500015258789,1078,0.0,0.0,0.0
2024-07-02 11:04:00-04:00,57.46500015258789,57.46500015258789,57.46500015258789,57.46500015258789,431,0.0,0.0,0.0
2024-07-02 11:05:00-04:00,57.45500183105469,57.45500183105469,57.45000076293945,57.45000076293945,1232,0.0,0.0,0.0
2024-07-02 11:06:00-04:00,57.45500183105469,57.45500183105469,57.4452018737793,57.4452018737793,1356,0.0,0.0,0.0
2024-07-02 11:07:00-04:00,57.439998626708984,57.439998626708984,57.435001373291016,57.435001373291016,484,0.0,0.0,0.0
2024-07-02 11:08:00-04:00,57.44609832763672,57.45000076293945,57.44499969482422,57.45000076293945,1839,0.0,0.0,0.0
2024-07-02 11:09:00-04:00,57.439998626708984,57.439998626708984,57.439998626708984,57.439998626708984,774,0.0,0.0,0.0
2024-07-02 11:10:00-04:00,57.439998626708984,57.439998626708984,57.43109893798828,57.439998626708984,1678,0.0,0.0,0.0
2024-07-02 11:11:00-04:00,57.44499969482422,57.45899963378906,57.444400787353516,57.45899963378906,1433,0.0,0.0,0.0
2024-07-02 11:12:00-04:00,57.45000076293945,57.45589828491211,57.45000076293945,57.45009994506836,1515,0.0,0.0,0.0
2024-07-02 11:14:00-04:00,57.44499969482422,57.44499969482422,57.44499969482422,57.44499969482422,3477,0.0,0.0,0.0
2024-07-02 11:15:00-04:00,57.44499969482422,57.45989990234375,57.44499969482422,57.45989990234375,1480,0.0,0.0,0.0
2024-07-02 11:16:00-04:00,57.44490051269531,57.44990158081055,57.439998626708984,57.439998626708984,1784,0.0,0.0,0.0
2024-07-02 11:17:00-04:00,57.44499969482422,57.45000076293945,57.44499969482422,57.45000076293945,540,0.0,0.0,0.0
2024-07-02 11:18:00-04:00,57.45500183105469,57.45500183105469,57.45500183105469,57.45500183105469,705,0.0,0.0,0.0
2024-07-02 11:19:00-04:00,57.45140075683594,57.459999084472656,57.45140075683594,57.45500183105469,4993,0.0,0.0,0.0
2024-07-02 11:20:00-04:00,57.45500183105469,57.459999084472656,57.454200744628906,57.459999084472656,8147,0.0,0.0,0.0
2024-07-02 11:21:00-04:00,57.470001220703125,57.470001220703125,57.46500015258789,57.46500015258789,1046,0.0,0.0,0.0
2024-07-02 11:22:00-04:00,57.470001220703125,57.474998474121094,57.46379852294922,57.470001220703125,11367,0.0,0.0,0.0
2024-07-02 11:23:00-04:00,57.474998474121094,57.474998474121094,57.46989822387695,57.46989822387695,795,0.0,0.0,0.0
2024-07-02 11:24:00-04:00,57.470001220703125,57.494998931884766,57.46989822387695,57.48500061035156,22421,0.0,0.0,0.0
2024-07-02 11:25:00-04:00,57.485599517822266,57.485599517822266,57.474998474121094,57.47999954223633,4862,0.0,0.0,0.0
2024-07-02 11:26:00-04:00,57.48500061035156,57.48500061035156,57.4818000793457,57.4818000793457,1084,0.0,0.0,0.0
2024-07-02 11:27:00-04:00,57.48500061035156,57.48500061035156,57.48500061035156,57.48500061035156,403,0.0,0.0,0.0
2024-07-02 11:28:00-04:00,57.47999954223633,57.47999954223633,57.474998474121094,57.474998474121094,1496,0.0,0.0,0.0
2024-07-02 11:29:00-04:00,57.47999954223633,57.4921989440918,57.47999954223633,57.4921989440918,878,0.0,0.0,0.0
2024-07-02 11:30:00-04:00,57.5,57.5099983215332,57.495601654052734,57.5099983215332,6678,0.0,0.0,0.0
2024-07-02 11:31:00-04:00,57.5099983215332,57.52000045776367,57.5099983215332,57.52000045776367,1169,0.0,0.0,0.0
2024-07-02 11:32:00-04:00,57.52000045776367,57.525001525878906,57.52000045776367,57.525001525878906,1848,0.0,0.0,0.0
2024-07-02 11:33:00-04:00,57.5099983215332,57.5099983215332,57.5,57.5,1261,0.0,0.0,0.0
2024-07-02 11:34:00-04:00,57.49150085449219,57.494998931884766,57.49100112915039,57.49100112915039,2072,0.0,0.0,0.0
2024-07-02 11:35:00-04:00,57.49440002441406,57.5,57.4911003112793,57.499900817871094,1789,0.0,0.0,0.0
2024-07-02 11:36:00-04:00,57.5099983215332,57.5099983215332,57.49399948120117,57.5099983215332,538,0.0,0.0,0.0
2024-07-02 11:37:00-04:00,57.5,57.5,57.49129867553711,57.49129867553711,699,0.0,0.0,0.0
2024-07-02 11:38:00-04:00,57.495601654052734,57.495601654052734,57.48500061035156,57.48500061035156,1226,0.0,0.0,0.0
2024-07-02 11:39:00-04:00,57.4900016784668,57.495601654052734,57.4900016784668,57.495601654052734,1671,0.0,0.0,0.0
2024-07-02 11:40:00-04:00,57.494998931884766,57.5,57.4900016784668,57.4900016784668,2464,0.0,0.0,0.0
2024-07-02 11:41:00-04:00,57.474998474121094,57.474998474121094,57.47330093383789,57.47330093383789,648,0.0,0.0,0.0
2024-07-02 11:42:00-04:00,57.485599517822266,57.48899841308594,57.48350143432617,57.487300872802734,2494,0.0,0.0,0.0
2024-07-02 11:43:00-04:00,57.48440170288086,57.48440170288086,57.48270034790039,57.48270034790039,352,0.0,0.0,0.0
2024-07-02 11:44:00-04:00,57.48619842529297,57.48899841308594,57.480499267578125,57.480499267578125,668,0.0,0.0,0.0
2024-07-02 11:45:00-04:00,57.48500061035156,57.494998931884766,57.48500061035156,57.494998931884766,500,0.0,0.0,0.0
2024-07-02 11:46:00-04:00,57.5,57.5,57.5,57.5,489,0.0,0.0,0.0
2024-07-02 11:47:00-04:00,57.494998931884766,57.494998931884766,57.49169921875,57.49169921875,900,0.0,0.0,0.0
2024-07-02 11:49:00-04:00,57.5,57.5,57.495201110839844,57.499000549316406,626,0.0,0.0,0.0
2024-07-02 11:50:00-04:00,57.505001068115234,57.505001068115234,57.5,57.5,834,0.0,0.0,0.0
2024-07-02 11:51:00-04:00,57.505001068115234,57.505001068115234,57.505001068115234,57.505001068115234,352,0.0,0.0,0.0
2024-07-02 11:52:00-04:00,57.5,57.5,57.494998931884766,57.494998931884766,691,0.0,0.0,0.0
2024-07-02 11:53:00-04:00,57.494998931884766,57.49530029296875,57.494998931884766,57.49530029296875,2737,0.0,0.0,0.0
2024-07-02 11:54:00-04:00,57.49100112915039,57.49440002441406,57.4900016784668,57.4900016784668,2162,0.0,0.0,0.0
2024-07-02 11:55:00-04:00,57.48099899291992,57.48500061035156,57.480098724365234,57.480098724365234,857,0.0,0.0,0.0
2024-07-02 11:56:00-04:00,57.48249816894531,57.48249816894531,57.474998474121094,57.474998474121094,747,0.0,0.0,0.0
2024-07-02 11:57:00-04:00,57.47560119628906,57.47560119628906,57.46500015258789,57.470001220703125,2220,0.0,0.0,0.0
2024-07-02 11:58:00-04:00,57.470001220703125,57.48400115966797,57.470001220703125,57.48400115966797,3645,0.0,0.0,0.0
2024-07-02 11:59:00-04:00,57.46500015258789,57.46730041503906,57.46009826660156,57.46009826660156,1927,0.0,0.0,0.0
2024-07-02 12:00:00-04:00,57.46440124511719,57.467498779296875,57.459999084472656,57.467498779296875,969,0.0,0.0,0.0
2024-07-02 12:01:00-04:00,57.45000076293945,57.45009994506836,57.45000076293945,57.45009994506836,844,0.0,0.0,0.0
2024-07-02 12:02:00-04:00,57.439998626708984,57.439998626708984,57.439998626708984,57.439998626708984,511,0.0,0.0,0.0
2024-07-02 12:03:00-04:00,57.439998626708984,57.439998626708984,57.42499923706055,57.42499923706055,2105,0.0,0.0,0.0
2024-07-02 12:04:00-04:00,57.42559814453125,57.42789840698242,57.42340087890625,57.42340087890625,2561,0.0,0.0,0.0
2024-07-02 12:05:00-04:00,57.41999816894531,57.41999816894531,57.41999816894531,57.41999816894531,614,0.0,0.0,0.0
2024-07-02 12:06:00-04:00,57.43000030517578,57.43000030517578,57.43000030517578,57.43000030517578,261,0.0,0.0,0.0
2024-07-02 12:07:00-04:00,57.41999816894531,57.41999816894531,57.41999816894531,57.41999816894531,559,0.0,0.0,0.0
2024-07-02 12:08:00-04:00,57.42250061035156,57.42559814453125,57.415000915527344,57.415000915527344,1251,0.0,0.0,0.0
2024-07-02 12:09:00-04:00,57.41059875488281,57.415000915527344,57.41059875488281,57.4109992980957,4182,0.0,0.0,0.0
2024-07-02 12:10:00-04:00,57.41999816894531,57.41999816894531,57.4109992980957,57.41999816894531,499,0.0,0.0,0.0
2024-07-02 12:11:00-04:00,57.41999816894531,57.43000030517578,57.40999984741211,57.41559982299805,2500,0.0,0.0,0.0
2024-07-02 12:12:00-04:00,57.41320037841797,57.415000915527344,57.41239929199219,57.415000915527344,2893,0.0,0.0,0.0
2024-07-02 12:13:00-04:00,57.415000915527344,57.41999816894531,57.40999984741211,57.415000915527344,1244,0.0,0.0,0.0
2024-07-02 12:14:00-04:00,57.415000915527344,57.415000915527344,57.415000915527344,57.415000915527344,1857,0.0,0.0,0.0
2024-07-02 12:15:00-04:00,57.415000915527344,57.41999816894531,57.415000915527344,57.419898986816406,2002,0.0,0.0,0.0
2024-07-02 12:16:00-04:00,57.424400329589844,57.42900085449219,57.424400329589844,57.42499923706055,1902,0.0,0.0,0.0
2024-07-02 12:18:00-04:00,57.42150115966797,57.43439865112305,57.42150115966797,57.42499923706055,2509,0.0,0.0,0.0
2024-07-02 12:19:00-04:00,57.41999816894531,57.41999816894531,57.41170120239258,57.41170120239258,1961,0.0,0.0,0.0
2024-07-02 12:20:00-04:00,57.4275016784668,57.4275016784668,57.415000915527344,57.415000915527344,359,0.0,0.0,0.0
2024-07-02 12:21:00-04:00,57.41170120239258,57.42499923706055,57.410099029541016,57.42499923706055,2411,0.0,0.0,0.0
2024-07-02 12:22:00-04:00,57.429901123046875,57.429901123046875,57.429901123046875,57.429901123046875,3098,0.0,0.0,0.0
2024-07-02 12:23:00-04:00,57.41999816894531,57.420101165771484,57.415000915527344,57.415000915527344,9920,0.0,0.0,0.0
2024-07-02 12:24:00-04:00,57.412498474121094,57.41999816894531,57.412498474121094,57.41999816894531,878,0.0,0.0,0.0
2024-07-02 12:25:00-04:00,57.41999816894531,57.43000030517578,57.41999816894531,57.43000030517578,2077,0.0,0.0,0.0
2024-07-02 12:26:00-04:00,57.4296989440918,57.43330001831055,57.4296989440918,57.43330001831055,1949,0.0,0.0,0.0
2024-07-02 12:27:00-04:00,57.43130111694336,57.435001373291016,57.42660140991211,57.43000030517578,11720,0.0,0.0,0.0
2024-07-02 12:28:00-04:00,57.43000030517578,57.43000030517578,57.43000030517578,57.43000030517578,553,0.0,0.0,0.0
2024-07-02 12:29:00-04:00,57.44499969482422,57.447898864746094,57.439998626708984,57.439998626708984,771,0.0,0.0,0.0
2024-07-02 12:30:00-04:00,57.43370056152344,57.43560028076172,57.42499923706055,57.43000030517578,1742,0.0,0.0,0.0
2024-07-02 12:31:00-04:00,57.42499923706055,57.42499923706055,57.413700103759766,57.42380142211914,4180,0.0,0.0,0.0
2024-07-02 12:32:00-04:00,57.415000915527344,57.41999816894531,57.415000915527344,57.41999816894531,1448,0.0,0.0,0.0
2024-07-02 12:33:00-04:00,57.414398193359375,57.42559814453125,57.414398193359375,57.41999816894531,2883,0.0,0.0,0.0
2024-07-02 12:34:00-04:00,57.41559982299805,57.41559982299805,57.41559982299805,57.41559982299805,169,0.0,0.0,0.0
2024-07-02 12:35:00-04:00,57.41999816894531,57.41999816894531,57.400001525878906,57.404998779296875,73726,0.0,0.0,0.0
2024-07-02 12:36:00-04:00,57.40999984741211,57.415000915527344,57.40999984741211,57.415000915527344,876,0.0,0.0,0.0
2024-07-02 12:37:00-04:00,57.415000915527344,57.41899871826172,57.415000915527344,57.415000915527344,1350,0.0,0.0,0.0
2024-07-02 12:38:00-04:00,57.4109001159668,57.41999816894531,57.40999984741211,57.4192008972168,1799,0.0,0.0,0.0
2024-07-02 12:39:00-04:00,57.41559982299805,57.41559982299805,57.40439987182617,57.404998779296875,844,0.0,0.0,0.0
2024-07-02 12:40:00-04:00,57.404998779296875,57.404998779296875,57.400901794433594,57.401100158691406,2332,0.0,0.0,0.0
2024-07-02 12:41:00-04:00,57.40409851074219,57.405601501464844,57.400001525878906,57.405601501464844,3951,0.0,0.0,0.0
2024-07-02 12:42:00-04:00,57.40439987182617,57.40439987182617,57.401798248291016,57.401798248291016,2955,0.0,0.0,0.0
2024-07-02 12:43:00-04:00,57.404998779296875,57.404998779296875,57.404998779296875,57.404998779296875,1776,0.0,0.0,0.0
2024-07-02 12:44:00-04:00,57.40060043334961,57.407100677490234,57.40060043334961,57.407100677490234,4266,0.0,0.0,0.0
2024-07-02 12:45:00-04:00,57.40909957885742,57.415000915527344,57.40909957885742,57.413700103759766,3322,0.0,0.0,0.0
2024-07-02 12:46:00-04:00,57.414398193359375,57.41999816894531,57.414398193359375,57.41999816894531,848,0.0,0.0,0.0
2024-07-02 12:47:00-04:00,57.41999816894531,57.41999816894531,57.41999816894531,57.41999816894531,365,0.0,0.0,0.0
2024-07-02 12:48:00-04:00,57.42499923706055,57.42499923706055,57.41360092163086,57.41659927368164,2207,0.0,0.0,0.0
2024-07-02 12:49:00-04:00,57.41830062866211,57.41999816894531,57.41830062866211,57.419898986816406,1508,0.0,0.0,0.0
2024-07-02 12:50:00-04:00,57.414398193359375,57.414398193359375,57.40169906616211,57.40169906616211,2007,0.0,0.0,0.0
2024-07-02 12:51:00-04:00,57.40999984741211,57.415401458740234,57.4099006652832,57.415401458740234,1160,0.0,0.0,0.0
2024-07-02 12:52:00-04:00,57.41889953613281,57.41999816894531,57.41889953613281,57.41999816894531,505,0.0,0.0,0.0
2024-07-02 12:53:00-04:00,57.414398193359375,57.414398193359375,57.404998779296875,57.40729904174805,1333,0.0,0.0,0.0
2024-07-02 12:54:00-04:00,57.415000915527344,57.415000915527344,57.415000915527344,57.415000915527344,495,0.0,0.0,0.0
2024-07-02 12:56:00-04:00,57.40439987182617,57.40999984741211,57.40439987182617,57.40999984741211,946,0.0,0.0,0.0
2024-07-02 12:57:00-04:00,57.39250183105469,57.39440155029297,57.39030075073242,57.39030075073242,2019,0.0,0.0,0.0
2024-07-02 12:58:00-04:00,57.38999938964844,57.38999938964844,57.380001068115234,57.3843994140625,1746,0.0,0.0,0.0
2024-07-02 12:59:00-04:00,57.38610076904297,57.38999938964844,57.38610076904297,57.38999938964844,1299,0.0,0.0,0.0
2024-07-02 13:00:00-04:00,57.38999938964844,57.38999938964844,57.37009811401367,57.380001068115234,1382,0.0,0.0,0.0
2024-07-02 13:01:00-04:00,57.380001068115234,57.39500045776367,57.380001068115234,57.39500045776367,1590,0.0,0.0,0.0
2024-07-02 13:02:00-04:00,57.39179992675781,57.39500045776367,57.39179992675781,57.39500045776367,712,0.0,0.0,0.0
2024-07-02 13:03:00-04:00,57.39500045776367,57.400001525878906,57.39500045776367,57.39500045776367,2824,0.0,0.0,0.0
2024-07-02 13:04:00-04:00,57.400001525878906,57.40999984741211,57.400001525878906,57.4099006652832,1663,0.0,0.0,0.0
2024-07-02 13:05:00-04:00,57.40999984741211,57.40999984741211,57.40999984741211,57.40999984741211,361,0.0,0.0,0.0
2024-07-02 13:06:00-04:00,57.41189956665039,57.41189956665039,57.41189956665039,57.41189956665039,508,0.0,0.0,0.0
2024-07-02 13:07:00-04:00,57.415000915527344,57.424400329589844,57.4109992980957,57.424400329589844,7988,0.0,0.0,0.0
2024-07-02 13:08:00-04:00,57.42499923706055,57.42499923706055,57.42499923706055,57.42499923706055,148,0.0,0.0,0.0
2024-07-02 13:09:00-04:00,57.435001373291016,57.43899917602539,57.435001373291016,57.43899917602539,683,0.0,0.0,0.0
2024-07-02 13:10:00-04:00,57.43090057373047,57.45500183105469,57.43090057373047,57.45000076293945,2034,0.0,0.0,0.0
2024-07-02 13:11:00-04:00,57.435001373291016,57.435001373291016,57.435001373291016,57.435001373291016,368,0.0,0.0,0.0
2024-07-02 13:12:00-04:00,57.435001373291016,57.439998626708984,57.435001373291016,57.439998626708984,732,0.0,0.0,0.0
2024-07-02 13:13:00-04:00,57.439998626708984,57.439998626708984,57.430999755859375,57.439998626708984,1997,0.0,0.0,0.0
2024-07-02 13:14:00-04:00,57.435001373291016,57.435001373291016,57.435001373291016,57.435001373291016,254,0.0,0.0,0.0
2024-07-02 13:15:00-04:00,57.43989944458008,57.439998626708984,57.433799743652344,57.433799743652344,3097,0.0,0.0,0.0
2024-07-02 13:16:00-04:00,57.439998626708984,57.45000076293945,57.435001373291016,57.440101623535156,4563,0.0,0.0,0.0
2024-07-02 13:17:00-04:00,57.439998626708984,57.439998626708984,57.43439865112305,57.43560028076172,711,0.0,0.0,0.0
2024-07-02 13:18:00-04:00,57.439998626708984,57.439998626708984,57.439701080322266,57.439998626708984,1230,0.0,0.0,0.0
2024-07-02 13:19:00-04:00,57.43439865112305,57.43439865112305,57.43439865112305,57.43439865112305,273,0.0,0.0,0.0
2024-07-02 13:20:00-04:00,57.43899917602539,57.44499969482422,57.435001373291016,57.435001373291016,1893,0.0,0.0,0.0
2024-07-02 13:21:00-04:00,57.440101623535156,57.44559860229492,57.440101623535156,57.44559860229492,1204,0.0,0.0,0.0
2024-07-02 13:22:00-04:00,57.43439865112305,57.44499969482422,57.43439865112305,57.44499969482422,744,0.0,0.0,0.0
2024-07-02 13:23:00-04:00,57.442100524902344,57.442100524902344,57.43560028076172,57.43560028076172,594,0.0,0.0,0.0
2024-07-02 13:24:00-04:00,57.43560028076172,57.4375,57.43009948730469,57.435001373291016,4750,0.0,0.0,0.0
2024-07-02 13:25:00-04:00,57.41999816894531,57.4369010925293,57.41999816894531,57.4369010925293,3048,0.0,0.0,0.0
2024-07-02 13:26:00-04:00,57.43009948730469,57.43899917602539,57.43009948730469,57.43899917602539,969,0.0,0.0,0.0
2024-07-02 13:27:00-04:00,57.435001373291016,57.43560028076172,57.433998107910156,57.43560028076172,1156,0.0,0.0,0.0
2024-07-02 13:28:00-04:00,57.43899917602539,57.43899917602539,57.43560028076172,57.43560028076172,775,0.0,0.0,0.0
2024-07-02 13:29:00-04:00,57.43560028076172,57.43560028076172,57.43009948730469,57.435001373291016,1015,0.0,0.0,0.0
2024-07-02 13:30:00-04:00,57.43000030517578,57.435001373291016,57.424400329589844,57.435001373291016,1878,0.0,0.0,0.0
2024-07-02 13:31:00-04:00,57.43600082397461,57.43899917602539,57.43519973754883,57.43899917602539,2954,0.0,0.0,0.0
2024-07-02 13:32:00-04:00,57.439998626708984,57.439998626708984,57.43899917602539,57.439998626708984,1113,0.0,0.0,0.0
2024-07-02 13:33:00-04:00,57.44900131225586,57.45000076293945,57.44900131225586,57.45000076293945,1787,0.0,0.0,0.0
2024-07-02 13:35:00-04:00,57.439998626708984,57.439998626708984,57.439998626708984,57.439998626708984,321,0.0,0.0,0.0
2024-07-02 13:36:00-04:00,57.445499420166016,57.44990158081055,57.439998626708984,57.439998626708984,3390,0.0,0.0,0.0
2024-07-02 13:37:00-04:00,57.43989944458008,57.44559860229492,57.43989944458008,57.439998626708984,552,0.0,0.0,0.0
2024-07-02 13:38:00-04:00,57.435699462890625,57.44620132446289,57.43349838256836,57.44499969482422,1711,0.0,0.0,0.0
2024-07-02 13:39:00-04:00,57.45000076293945,57.45560073852539,57.45000076293945,57.45560073852539,4535,0.0,0.0,0.0
2024-07-02 13:40:00-04:00,57.45249938964844,57.459999084472656,57.451499938964844,57.45500183105469,3443,0.0,0.0,0.0
2024-07-02 13:41:00-04:00,57.45249938964844,57.456199645996094,57.439998626708984,57.439998626708984,1885,0.0,0.0,0.0
2024-07-02 13:42:00-04:00,57.44499969482422,57.45199966430664,57.44499969482422,57.45199966430664,1262,0.0,0.0,0.0
2024-07-02 13:43:00-04:00,57.45009994506836,57.45560073852539,57.45009994506836,57.45560073852539,1370,0.0,0.0,0.0
2024-07-02 13:44:00-04:00,57.45560073852539,57.45560073852539,57.45000076293945,57.45500183105469,2358,0.0,0.0,0.0
2024-07-02 13:45:00-04:00,57.44900131225586,57.44900131225586,57.44559860229492,57.44559860229492,1905,0.0,0.0,0.0
2024-07-02 13:46:00-04:00,57.45249938964844,57.45249938964844,57.45249938964844,57.45249938964844,452,0.0,0.0,0.0
2024-07-02 13:48:00-04:00,57.46620178222656,57.46900177001953,57.46070098876953,57.46500015258789,2836,0.0,0.0,0.0
2024-07-02 13:49:00-04:00,57.470001220703125,57.47600173950195,57.470001220703125,57.47439956665039,2111,0.0,0.0,0.0
2024-07-02 13:50:00-04:00,57.47999954223633,57.494998931884766,57.47999954223633,57.494998931884766,3450,0.0,0.0,0.0
2024-07-02 13:51:00-04:00,57.492801666259766,57.5,57.492801666259766,57.494998931884766,1152,0.0,0.0,0.0
2024-07-02 13:52:00-04:00,57.49129867553711,57.507999420166016,57.49129867553711,57.507999420166016,706,0.0,0.0,0.0
2024-07-02 13:53:00-04:00,57.500301361083984,57.500301361083984,57.500301361083984,57.500301361083984,213,0.0,0.0,0.0
2024-07-02 13:54:00-04:00,57.505001068115234,57.505001068115234,57.505001068115234,57.505001068115234,128,0.0,0.0,0.0
2024-07-02 13:55:00-04:00,57.5099983215332,57.51169967651367,57.50210189819336,57.510101318359375,1701,0.0,0.0,0.0
2024-07-02 13:56:00-04:00,57.52000045776367,57.52000045776367,57.51169967651367,57.51499938964844,6907,0.0,0.0,0.0
2024-07-02 13:57:00-04:00,57.51559829711914,57.51559829711914,57.514400482177734,57.51499938964844,1030,0.0,0.0,0.0
2024-07-02 13:58:00-04:00,57.51100158691406,57.51100158691406,57.50749969482422,57.5099983215332,2296,0.0,0.0,0.0
2024-07-02 13:59:00-04:00,57.51559829711914,57.51559829711914,57.4900016784668,57.4900016784668,1999,0.0,0.0,0.0
2024-07-02 14:00:00-04:00,57.495601654052734,57.499000549316406,57.495201110839844,57.495201110839844,810,0.0,0.0,0.0
2024-07-02 14:01:00-04:00,57.505001068115234,57.505001068115234,57.505001068115234,57.505001068115234,592,0.0,0.0,0.0
2024-07-02 14:02:00-04:00,57.51559829711914,57.51559829711914,57.51559829711914,57.51559829711914,301,0.0,0.0,0.0
2024-07-02 14:03:00-04:00,57.5,57.5,57.5,57.5,208,0.0,0.0,0.0
2024-07-02 14:04:00-04:00,57.50979995727539,57.510398864746094,57.50630187988281,57.51029968261719,6248,0.0,0.0,0.0
2024-07-02 14:05:00-04:00,57.50559997558594,57.50559997558594,57.50559997558594,57.50559997558594,388,0.0,0.0,0.0
2024-07-02 14:06:00-04:00,57.51359939575195,57.51359939575195,57.51359939575195,57.51359939575195,708,0.0,0.0,0.0
2024-07-02 14:07:00-04:00,57.52000045776367,57.52439880371094,57.52000045776367,57.52439880371094,758,0.0,0.0,0.0
2024-07-02 14:08:00-04:00,57.52000045776367,57.529998779296875,57.52000045776367,57.529998779296875,1479,0.0,0.0,0.0
2024-07-02 14:09:00-04:00,57.540000915527344,57.540000915527344,57.540000915527344,57.540000915527344,102,0.0,0.0,0.0
2024-07-02 14:10:00-04:00,57.540000915527344,57.559898376464844,57.540000915527344,57.559898376464844,2383,0.0,0.0,0.0
2024-07-02 14:11:00-04:00,57.560001373291016,57.56990051269531,57.560001373291016,57.56990051269531,2642,0.0,0.0,0.0
2024-07-02 14:13:00-04:00,57.56100082397461,57.56560134887695,57.56100082397461,57.564998626708984,4622,0.0,0.0,0.0
2024-07-02 14:14:00-04:00,57.564998626708984,57.564998626708984,57.56439971923828,57.564998626708984,1533,0.0,0.0,0.0
2024-07-02 14:15:00-04:00,57.56439971923828,57.56439971923828,57.55500030517578,57.55500030517578,1442,0.0,0.0,0.0
2024-07-02 14:16:00-04:00,57.555599212646484,57.555599212646484,57.54410171508789,57.549800872802734,1451,0.0,0.0,0.0
2024-07-02 14:17:00-04:00,57.54199981689453,57.54999923706055,57.54199981689453,57.54899978637695,6587,0.0,0.0,0.0
2024-07-02 14:18:00-04:00,57.54059982299805,57.546199798583984,57.54010009765625,57.54010009765625,2300,0.0,0.0,0.0
2024-07-02 14:19:00-04:00,57.54499816894531,57.54999923706055,57.54499816894531,57.54499816894531,18182,0.0,0.0,0.0
2024-07-02 14:20:00-04:00,57.55500030517578,57.55500030517578,57.55009841918945,57.55009841918945,2243,0.0,0.0,0.0
2024-07-02 14:21:00-04:00,57.55009841918945,57.560001373291016,57.54999923706055,57.555599212646484,247815,0.0,0.0,0.0
2024-07-02 14:22:00-04:00,57.560001373291016,57.56060028076172,57.560001373291016,57.56060028076172,2785,0.0,0.0,0.0
2024-07-02 14:23:00-04:00,57.569000244140625,57.57500076293945,57.569000244140625,57.56999969482422,1303,0.0,0.0,0.0
2024-07-02 14:24:00-04:00,57.56999969482422,57.56999969482422,57.56129837036133,57.56129837036133,4602,0.0,0.0,0.0
2024-07-02 14:25:00-04:00,57.56999969482422,57.56999969482422,57.560001373291016,57.56669998168945,4081,0.0,0.0,0.0
2024-07-02 14:26:00-04:00,57.56999969482422,57.56999969482422,57.56439971923828,57.56439971923828,653,0.0,0.0,0.0
2024-07-02 14:27:00-04:00,57.569400787353516,57.56999969482422,57.56439971923828,57.56999969482422,4869,0.0,0.0,0.0
2024-07-02 14:28:00-04:00,57.56999969482422,57.56999969482422,57.56999969482422,57.56999969482422,353,0.0,0.0,0.0
2024-07-02 14:29:00-04:00,57.560001373291016,57.56560134887695,57.560001373291016,57.560001373291016,989,0.0,0.0,0.0
2024-07-02 14:30:00-04:00,57.560001373291016,57.560001373291016,57.560001373291016,57.560001373291016,584,0.0,0.0,0.0
2024-07-02 14:31:00-04:00,57.56100082397461,57.56100082397461,57.560001373291016,57.560001373291016,1298,0.0,0.0,0.0
2024-07-02 14:32:00-04:00,57.564998626708984,57.56999969482422,57.564998626708984,57.56999969482422,2394,0.0,0.0,0.0
2024-07-02 14:33:00-04:00,57.57500076293945,57.57500076293945,57.57500076293945,57.57500076293945,4305,0.0,0.0,0.0
2024-07-02 14:34:00-04:00,57.57500076293945,57.57500076293945,57.56999969482422,57.56999969482422,561,0.0,0.0,0.0
2024-07-02 14:35:00-04:00,57.57600021362305,57.57600021362305,57.57500076293945,57.57500076293945,350,0.0,0.0,0.0
2024-07-02 14:36:00-04:00,57.57619857788086,57.577598571777344,57.5703010559082,57.5703010559082,721,0.0,0.0,0.0
2024-07-02 14:37:00-04:00,57.58000183105469,57.585601806640625,57.575199127197266,57.585601806640625,1351,0.0,0.0,0.0
2024-07-02 14:38:00-04:00,57.58100128173828,57.585601806640625,57.58100128173828,57.585601806640625,794,0.0,0.0,0.0
2024-07-02 14:39:00-04:00,57.584999084472656,57.584999084472656,57.580101013183594,57.580101013183594,900,0.0,0.0,0.0
2024-07-02 14:40:00-04:00,57.580101013183594,57.580101013183594,57.58000183105469,57.58000183105469,1043,0.0,0.0,0.0
2024-07-02 14:41:00-04:00,57.564998626708984,57.57500076293945,57.564998626708984,57.57500076293945,3006,0.0,0.0,0.0
2024-07-02 14:42:00-04:00,57.575599670410156,57.575599670410156,57.575599670410156,57.575599670410156,285,0.0,0.0,0.0
2024-07-02 14:43:00-04:00,57.57500076293945,57.57820129394531,57.570098876953125,57.57440185546875,4237,0.0,0.0,0.0
2024-07-02 14:44:00-04:00,57.59000015258789,57.59000015258789,57.59000015258789,57.59000015258789,234,0.0,0.0,0.0
2024-07-02 14:45:00-04:00,57.584999084472656,57.584999084472656,57.58169937133789,57.58169937133789,750,0.0,0.0,0.0
2024-07-02 14:46:00-04:00,57.58000183105469,57.58000183105469,57.56999969482422,57.57500076293945,1237,0.0,0.0,0.0
2024-07-02 14:47:00-04:00,57.570098876953125,57.58000183105469,57.570098876953125,57.58000183105469,1004,0.0,0.0,0.0
2024-07-02 14:48:00-04:00,57.5806999206543,57.59000015258789,57.5806999206543,57.589900970458984,3103,0.0,0.0,0.0
2024-07-02 14:49:00-04:00,57.58000183105469,57.58000183105469,57.57270050048828,57.57500076293945,9484,0.0,0.0,0.0
2024-07-02 14:50:00-04:00,57.564998626708984,57.579898834228516,57.56449890136719,57.57500076293945,3966,0.0,0.0,0.0
2024-07-02 14:51:00-04:00,57.56999969482422,57.56999969482422,57.563899993896484,57.569000244140625,1500,0.0,0.0,0.0
2024-07-02 14:52:00-04:00,57.56990051269531,57.56990051269531,57.56010055541992,57.56010055541992,5225,0.0,0.0,0.0
2024-07-02 14:54:00-04:00,57.564998626708984,57.56560134887695,57.564998626708984,57.56560134887695,863,0.0,0.0,0.0
2024-07-02 14:55:00-04:00,57.560298919677734,57.56999969482422,57.560001373291016,57.56999969482422,6162,0.0,0.0,0.0
2024-07-02 14:56:00-04:00,57.57500076293945,57.575599670410156,57.570098876953125,57.570098876953125,1184,0.0,0.0,0.0
2024-07-02 14:57:00-04:00,57.570098876953125,57.570098876953125,57.570098876953125,57.570098876953125,245,0.0,0.0,0.0
2024-07-02 14:58:00-04:00,57.56999969482422,57.56999969482422,57.564998626708984,57.564998626708984,1444,0.0,0.0,0.0
2024-07-02 14:59:00-04:00,57.55500030517578,57.55500030517578,57.55500030517578,57.55500030517578,1949,0.0,0.0,0.0
2024-07-02 15:00:00-04:00,57.54999923706055,57.54999923706055,57.54439926147461,57.54439926147461,700,0.0,0.0,0.0
2024-07-02 15:01:00-04:00,57.55009841918945,57.555599212646484,57.55009841918945,57.555599212646484,1334,0.0,0.0,0.0
2024-07-02 15:02:00-04:00,57.560001373291016,57.560001373291016,57.560001373291016,57.560001373291016,358,0.0,0.0,0.0
2024-07-02 15:03:00-04:00,57.55500030517578,57.555599212646484,57.54010009765625,57.54499816894531,3133,0.0,0.0,0.0
2024-07-02 15:04:00-04:00,57.54499816894531,57.55229949951172,57.54499816894531,57.55229949951172,1598,0.0,0.0,0.0
2024-07-02 15:05:00-04:00,57.55500030517578,57.564998626708984,57.55500030517578,57.564998626708984,595,0.0,0.0,0.0
2024-07-02 15:06:00-04:00,57.56399917602539,57.56560134887695,57.561798095703125,57.564998626708984,1861,0.0,0.0,0.0
2024-07-02 15:07:00-04:00,57.56439971923828,57.564998626708984,57.56129837036133,57.56129837036133,1552,0.0,0.0,0.0
2024-07-02 15:08:00-04:00,57.564998626708984,57.56660079956055,57.56340026855469,57.56340026855469,798,0.0,0.0,0.0
2024-07-02 15:09:00-04:00,57.56999969482422,57.57500076293945,57.56869888305664,57.57500076293945,2690,0.0,0.0,0.0
2024-07-02 15:10:00-04:00,57.57609939575195,57.57609939575195,57.56999969482422,57.57500076293945,2194,0.0,0.0,0.0
2024-07-02 15:11:00-04:00,57.57569885253906,57.57569885253906,57.56999969482422,57.570098876953125,1621,0.0,0.0,0.0
2024-07-02 15:12:00-04:00,57.57609939575195,57.58000183105469,57.57109832763672,57.57500076293945,2111,0.0,0.0,0.0
2024-07-02 15:13:00-04:00,57.575599670410156,57.58440017700195,57.575599670410156,57.58000183105469,1645,0.0,0.0,0.0
2024-07-02 15:14:00-04:00,57.58000183105469,57.58580017089844,57.58000183105469,57.584999084472656,5854,0.0,0.0,0.0
2024-07-02 15:15:00-04:00,57.584999084472656,57.5890007019043,57.584999084472656,57.584999084472656,1078,0.0,0.0,0.0
2024-07-02 15:16:00-04:00,57.584999084472656,57.585899353027344,57.584999084472656,57.585899353027344,533,0.0,0.0,0.0
2024-07-02 15:17:00-04:00,57.580101013183594,57.59000015258789,57.580101013183594,57.584999084472656,2566,0.0,0.0,0.0
2024-07-02 15:18:00-04:00,57.595001220703125,57.595001220703125,57.595001220703125,57.595001220703125,279,0.0,0.0,0.0
2024-07-02 15:19:00-04:00,57.5989990234375,57.605098724365234,57.5989990234375,57.605098724365234,2347,0.0,0.0,0.0
2024-07-02 15:20:00-04:00,57.60499954223633,57.606201171875,57.599998474121094,57.599998474121094,4387,0.0,0.0,0.0
2024-07-02 15:21:00-04:00,57.59560012817383,57.599998474121094,57.59000015258789,57.599998474121094,4658,0.0,0.0,0.0
2024-07-02 15:22:00-04:00,57.595001220703125,57.59989929199219,57.595001220703125,57.59519958496094,1313,0.0,0.0,0.0
2024-07-02 15:23:00-04:00,57.599998474121094,57.60499954223633,57.599998474121094,57.60110092163086,1406,0.0,0.0,0.0
2024-07-02 15:24:00-04:00,57.60599899291992,57.60599899291992,57.60499954223633,57.60499954223633,1643,0.0,0.0,0.0
2024-07-02 15:25:00-04:00,57.60499954223633,57.60499954223633,57.60110092163086,57.60110092163086,1392,0.0,0.0,0.0
2024-07-02 15:26:00-04:00,57.604400634765625,57.60499954223633,57.600101470947266,57.60499954223633,4256,0.0,0.0,0.0
2024-07-02 15:27:00-04:00,57.60559844970703,57.619998931884766,57.60499954223633,57.6150016784668,8352,0.0,0.0,0.0
2024-07-02 15:28:00-04:00,57.619998931884766,57.630001068115234,57.619998931884766,57.630001068115234,8645,0.0,0.0,0.0
2024-07-02 15:29:00-04:00,57.63019943237305,57.63019943237305,57.62990188598633,57.62990188598633,3029,0.0,0.0,0.0
2024-07-02 15:30:00-04:00,57.619998931884766,57.625,57.6150016784668,57.625,6658,0.0,0.0,0.0
2024-07-02 15:31:00-04:00,57.621700286865234,57.630001068115234,57.621700286865234,57.630001068115234,1106,0.0,0.0,0.0
2024-07-02 15:32:00-04:00,57.630001068115234,57.630001068115234,57.622398376464844,57.625,3550,0.0,0.0,0.0
2024-07-02 15:33:00-04:00,57.63690185546875,57.63690185546875,57.63560104370117,57.63560104370117,2056,0.0,0.0,0.0
2024-07-02 15:34:00-04:00,57.63399887084961,57.6349983215332,57.63010025024414,57.6343994140625,1997,0.0,0.0,0.0
2024-07-02 15:35:00-04:00,57.630001068115234,57.6349983215332,57.630001068115234,57.630001068115234,1370,0.0,0.0,0.0
2024-07-02 15:36:00-04:00,57.6349983215332,57.6411018371582,57.63359832763672,57.63999938964844,4906,0.0,0.0,0.0
2024-07-02 15:37:00-04:00,57.63560104370117,57.63560104370117,57.630001068115234,57.630001068115234,551,0.0,0.0,0.0
2024-07-02 15:38:00-04:00,57.6349983215332,57.6349983215332,57.62009811401367,57.625,2266,0.0,0.0,0.0
2024-07-02 15:39:00-04:00,57.62009811401367,57.630001068115234,57.62009811401367,57.630001068115234,1918,0.0,0.0,0.0
2024-07-02 15:40:00-04:00,57.62739944458008,57.6349983215332,57.625,57.630699157714844,9445,0.0,0.0,0.0
2024-07-02 15:41:00-04:00,57.63010025024414,57.640098571777344,57.63010025024414,57.640098571777344,10307,0.0,0.0,0.0
2024-07-02 15:42:00-04:00,57.63999938964844,57.65010070800781,57.6349983215332,57.65010070800781,5335,0.0,0.0,0.0
2024-07-02 15:43:00-04:00,57.650001525878906,57.655601501464844,57.63999938964844,57.63999938964844,3087,0.0,0.0,0.0
2024-07-02 15:44:00-04:00,57.63999938964844,57.645599365234375,57.630001068115234,57.630001068115234,3391,0.0,0.0,0.0
2024-07-02 15:45:00-04:00,57.63999938964844,57.650001525878906,57.6349983215332,57.650001525878906,12844,0.0,0.0,0.0
2024-07-02 15:46:00-04:00,57.64500045776367,57.650001525878906,57.64440155029297,57.650001525878906,5913,0.0,0.0,0.0
2024-07-02 15:47:00-04:00,57.64500045776367,57.65010070800781,57.64500045776367,57.65010070800781,2092,0.0,0.0,0.0
2024-07-02 15:48:00-04:00,57.650001525878906,57.65999984741211,57.650001525878906,57.654998779296875,6164,0.0,0.0,0.0
2024-07-02 15:49:00-04:00,57.654998779296875,57.654998779296875,57.6349983215332,57.63970184326172,2601,0.0,0.0,0.0
2024-07-02 15:50:00-04:00,57.619998931884766,57.63999938964844,57.619998931884766,57.63560104370117,6217,0.0,0.0,0.0
2024-07-02 15:51:00-04:00,57.63999938964844,57.650001525878906,57.630001068115234,57.64500045776367,38033,0.0,0.0,0.0
2024-07-02 15:52:00-04:00,57.650001525878906,57.65999984741211,57.641700744628906,57.65999984741211,2869,0.0,0.0,0.0
2024-07-02 15:53:00-04:00,57.65140151977539,57.65999984741211,57.65010070800781,57.65999984741211,15714,0.0,0.0,0.0
2024-07-02 15:54:00-04:00,57.65999984741211,57.65999984741211,57.650001525878906,57.65999984741211,8118,0.0,0.0,0.0
2024-07-02 15:55:00-04:00,57.650001525878906,57.650001525878906,57.63999938964844,57.650001525878906,6356,0.0,0.0,0.0
2024-07-02 15:56:00-04:00,57.650001525878906,57.66999816894531,57.650001525878906,57.66999816894531,3649,0.0,0.0,0.0
2024-07-02 15:57:00-04:00,57.66999816894531,57.685001373291016,57.665000915527344,57.68000030517578,4482,0.0,0.0,0.0
2024-07-02 15:58:00-04:00,57.685001373291016,57.689998626708984,57.68000030517578,57.685001373291016,28360,0.0,0.0,0.0
2024-07-02 15:59:00-04:00,57.689998626708984,57.689998626708984,57.66999816894531,57.68000030517578,25542,0.0,0.0,0.0
2024-07-03 09:30:00-04:00,57.7599983215332,57.77000045776367,57.72999954223633,57.77000045776367,42834,0.0,0.0,0.0
2024-07-03 09:31:00-04:00,57.791099548339844,57.791099548339844,57.7599983215332,57.7599983215332,10657,0.0,0.0,0.0
2024-07-03 09:32:00-04:00,57.74980163574219,57.7510986328125,57.74980163574219,57.7510986328125,400,0.0,0.0,0.0
2024-07-03 09:33:00-04:00,57.779998779296875,57.79999923706055,57.779998779296875,57.78499984741211,7458,0.0,0.0,0.0
2024-07-03 09:34:00-04:00,57.779998779296875,57.779998779296875,57.749900817871094,57.749900817871094,13490,0.0,0.0,0.0
2024-07-03 09:35:00-04:00,57.7599983215332,57.7599983215332,57.7599983215332,57.7599983215332,1148,0.0,0.0,0.0
2024-07-03 09:36:00-04:00,57.775001525878906,57.779998779296875,57.758201599121094,57.779998779296875,3923,0.0,0.0,0.0
2024-07-03 09:37:00-04:00,57.779998779296875,57.810001373291016,57.779998779296875,57.810001373291016,81704,0.0,0.0,0.0
2024-07-03 09:38:00-04:00,57.78200149536133,57.78499984741211,57.75,57.76250076293945,1948,0.0,0.0,0.0
2024-07-03 09:39:00-04:00,57.77000045776367,57.77000045776367,57.762298583984375,57.762298583984375,374,0.0,0.0,0.0
2024-07-03 09:40:00-04:00,57.7599983215332,57.77000045776367,57.7599983215332,57.77000045776367,799,0.0,0.0,0.0
2024-07-03 09:41:00-04:00,57.75,57.75,57.75,57.75,153,0.0,0.0,0.0
2024-07-03 09:42:00-04:00,57.709999084472656,57.72999954223633,57.709999084472656,57.72999954223633,2565,0.0,0.0,0.0
2024-07-03 09:43:00-04:00,57.72999954223633,57.75,57.72999954223633,57.75,1199,0.0,0.0,0.0
2024-07-03 09:44:00-04:00,57.755001068115234,57.76499938964844,57.755001068115234,57.76499938964844,701,0.0,0.0,0.0
2024-07-03 09:45:00-04:00,57.749698638916016,57.779998779296875,57.749698638916016,57.779998779296875,1034,0.0,0.0,0.0
2024-07-03 09:46:00-04:00,57.779998779296875,57.79249954223633,57.779998779296875,57.78900146484375,1933,0.0,0.0,0.0
2024-07-03 09:47:00-04:00,57.779998779296875,57.779998779296875,57.779998779296875,57.779998779296875,247,0.0,0.0,0.0
2024-07-03 09:48:00-04:00,57.78969955444336,57.79499816894531,57.78499984741211,57.79499816894531,2404,0.0,0.0,0.0
2024-07-03 09:49:00-04:00,57.790401458740234,57.797000885009766,57.790000915527344,57.790000915527344,2527,0.0,0.0,0.0
2024-07-03 09:50:00-04:00,57.77899932861328,57.779998779296875,57.77000045776367,57.779998779296875,7277,0.0,0.0,0.0
2024-07-03 09:51:00-04:00,57.7765998840332,57.7765998840332,57.760101318359375,57.760101318359375,1251,0.0,0.0,0.0
2024-07-03 09:52:00-04:00,57.76499938964844,57.76499938964844,57.75,57.75659942626953,2365,0.0,0.0,0.0
2024-07-03 09:53:00-04:00,57.7400016784668,57.7400016784668,57.71500015258789,57.71500015258789,2970,0.0,0.0,0.0
2024-07-03 09:54:00-04:00,57.709999084472656,57.72999954223633,57.709999084472656,57.72999954223633,1626,0.0,0.0,0.0
2024-07-03 09:55:00-04:00,57.7400016784668,57.76499938964844,57.7400016784668,57.76499938964844,2381,0.0,0.0,0.0
2024-07-03 09:56:00-04:00,57.77009963989258,57.77009963989258,57.77009963989258,57.77009963989258,554,0.0,0.0,0.0
2024-07-03 09:57:00-04:00,57.78499984741211,57.79499816894531,57.78499984741211,57.79499816894531,4898,0.0,0.0,0.0
2024-07-03 09:59:00-04:00,57.79999923706055,57.79999923706055,57.796600341796875,57.796600341796875,360,0.0,0.0,0.0
2024-07-03 10:00:00-04:00,57.79999923706055,57.86000061035156,57.77000045776367,57.80500030517578,9390,0.0,0.0,0.0
2024-07-03 10:01:00-04:00,57.810001373291016,57.82500076293945,57.810001373291016,57.82500076293945,1316,0.0,0.0,0.0
2024-07-03 10:02:00-04:00,57.79999923706055,57.814998626708984,57.79999923706055,57.79999923706055,3342,0.0,0.0,0.0
2024-07-03 10:03:00-04:00,57.795799255371094,57.79999923706055,57.79290008544922,57.79999923706055,4348,0.0,0.0,0.0
2024-07-03 10:04:00-04:00,57.80099868774414,57.81999969482422,57.79499816894531,57.81629943847656,2422,0.0,0.0,0.0
2024-07-03 10:05:00-04:00,57.812198638916016,57.83000183105469,57.812198638916016,57.83000183105469,907,0.0,0.0,0.0
2024-07-03 10:06:00-04:00,57.82500076293945,57.834999084472656,57.82500076293945,57.834800720214844,1777,0.0,0.0,0.0
2024-07-03 10:07:00-04:00,57.845001220703125,57.85499954223633,57.845001220703125,57.85499954223633,394,0.0,0.0,0.0
2024-07-03 10:08:00-04:00,57.86000061035156,57.86000061035156,57.845001220703125,57.86000061035156,2970,0.0,0.0,0.0
2024-07-03 10:09:00-04:00,57.86000061035156,57.86000061035156,57.84920120239258,57.850799560546875,3999,0.0,0.0,0.0
2024-07-03 10:10:00-04:00,57.85749816894531,57.86000061035156,57.85309982299805,57.85309982299805,1915,0.0,0.0,0.0
2024-07-03 10:11:00-04:00,57.86439895629883,57.86640167236328,57.86000061035156,57.86000061035156,2787,0.0,0.0,0.0
2024-07-03 10:12:00-04:00,57.875,57.875,57.875,57.875,203,0.0,0.0,0.0
2024-07-03 10:13:00-04:00,57.8744010925293,57.877498626708984,57.869998931884766,57.8744010925293,1084,0.0,0.0,0.0
2024-07-03 10:14:00-04:00,57.869998931884766,57.869998931884766,57.85499954223633,57.8650016784668,1675,0.0,0.0,0.0
2024-07-03 10:15:00-04:00,57.85499954223633,57.85499954223633,57.85499954223633,57.85499954223633,729,0.0,0.0,0.0
2024-07-03 10:16:00-04:00,57.86000061035156,57.86000061035156,57.86000061035156,57.86000061035156,565,0.0,0.0,0.0
2024-07-03 10:17:00-04:00,57.849998474121094,57.849998474121094,57.845001220703125,57.84560012817383,2064,0.0,0.0,0.0
2024-07-03 10:18:00-04:00,57.849998474121094,57.849998474121094,57.835601806640625,57.84000015258789,641,0.0,0.0,0.0
2024-07-03 10:19:00-04:00,57.83000183105469,57.83000183105469,57.810001373291016,57.810001373291016,2558,0.0,0.0,0.0
2024-07-03 10:20:00-04:00,57.814998626708984,57.82500076293945,57.811500549316406,57.8202018737793,4736,0.0,0.0,0.0
2024-07-03 10:21:00-04:00,57.80619812011719,57.81999969482422,57.8025016784668,57.80619812011719,2295,0.0,0.0,0.0
2024-07-03 10:22:00-04:00,57.810001373291016,57.829898834228516,57.810001373291016,57.82789993286133,1687,0.0,0.0,0.0
2024-07-03 10:23:00-04:00,57.835601806640625,57.835601806640625,57.81999969482422,57.81999969482422,721,0.0,0.0,0.0
2024-07-03 10:24:00-04:00,57.825599670410156,57.825599670410156,57.810001373291016,57.810001373291016,1302,0.0,0.0,0.0
2024-07-03 10:25:00-04:00,57.814998626708984,57.83000183105469,57.810001373291016,57.83000183105469,959,0.0,0.0,0.0
2024-07-03 10:26:00-04:00,57.84000015258789,57.84000015258789,57.83000183105469,57.834999084472656,1407,0.0,0.0,0.0
2024-07-03 10:27:00-04:00,57.83000183105469,57.83000183105469,57.79999923706055,57.80270004272461,2514,0.0,0.0,0.0
2024-07-03 10:28:00-04:00,57.810001373291016,57.81999969482422,57.810001373291016,57.81999969482422,500,0.0,0.0,0.0
2024-07-03 10:29:00-04:00,57.80350112915039,57.805599212646484,57.80350112915039,57.80500030517578,1271,0.0,0.0,0.0
2024-07-03 10:30:00-04:00,57.810001373291016,57.810001373291016,57.80500030517578,57.80500030517578,40779,0.0,0.0,0.0
2024-07-03 10:31:00-04:00,57.79999923706055,57.82789993286133,57.79499816894531,57.82789993286133,5984,0.0,0.0,0.0
2024-07-03 10:32:00-04:00,57.81999969482422,57.82500076293945,57.814998626708984,57.81999969482422,2497,0.0,0.0,0.0
2024-07-03 10:33:00-04:00,57.81999969482422,57.829898834228516,57.81999969482422,57.829898834228516,1809,0.0,0.0,0.0
2024-07-03 10:34:00-04:00,57.810001373291016,57.820098876953125,57.810001373291016,57.820098876953125,1225,0.0,0.0,0.0
2024-07-03 10:35:00-04:00,57.81010055541992,57.81010055541992,57.80009841918945,57.80009841918945,2598,0.0,0.0,0.0
2024-07-03 10:36:00-04:00,57.808998107910156,57.808998107910156,57.79999923706055,57.80149841308594,1041,0.0,0.0,0.0
2024-07-03 10:37:00-04:00,57.802398681640625,57.810001373291016,57.802398681640625,57.807899475097656,2392,0.0,0.0,0.0
2024-07-03 10:38:00-04:00,57.814998626708984,57.814998626708984,57.81169891357422,57.81169891357422,1810,0.0,0.0,0.0
2024-07-03 10:39:00-04:00,57.814998626708984,57.814998626708984,57.78350067138672,57.78350067138672,1553,0.0,0.0,0.0
2024-07-03 10:40:00-04:00,57.775001525878906,57.779998779296875,57.77000045776367,57.77000045776367,2791,0.0,0.0,0.0
2024-07-03 10:41:00-04:00,57.77560043334961,57.77560043334961,57.7599983215332,57.7599983215332,1320,0.0,0.0,0.0
2024-07-03 10:42:00-04:00,57.779998779296875,57.78499984741211,57.77000045776367,57.77000045776367,600,0.0,0.0,0.0
2024-07-03 10:43:00-04:00,57.764400482177734,57.764400482177734,57.72439956665039,57.72439956665039,1146,0.0,0.0,0.0
2024-07-03 10:44:00-04:00,57.7400016784668,57.74729919433594,57.7400016784668,57.74729919433594,945,0.0,0.0,0.0
2024-07-03 10:46:00-04:00,57.7400016784668,57.7400016784668,57.73500061035156,57.73509979248047,3088,0.0,0.0,0.0
2024-07-03 10:47:00-04:00,57.73500061035156,57.735599517822266,57.72999954223633,57.73500061035156,1203,0.0,0.0,0.0
2024-07-03 10:48:00-04:00,57.7400016784668,57.74440002441406,57.7400016784668,57.74440002441406,792,0.0,0.0,0.0
2024-07-03 10:49:00-04:00,57.75,57.75,57.7317008972168,57.73210144042969,5437,0.0,0.0,0.0
2024-07-03 10:50:00-04:00,57.744998931884766,57.744998931884766,57.74399948120117,57.74399948120117,800,0.0,0.0,0.0
2024-07-03 10:51:00-04:00,57.744998931884766,57.755001068115234,57.744998931884766,57.755001068115234,2819,0.0,0.0,0.0
2024-07-03 10:52:00-04:00,57.752498626708984,57.7578010559082,57.72869873046875,57.72869873046875,1539,0.0,0.0,0.0
2024-07-03 10:53:00-04:00,57.71989822387695,57.71989822387695,57.70500183105469,57.709999084472656,425,0.0,0.0,0.0
2024-07-03 10:54:00-04:00,57.709999084472656,57.709999084472656,57.70000076293945,57.70000076293945,3345,0.0,0.0,0.0
2024-07-03 10:55:00-04:00,57.689998626708984,57.689998626708984,57.689998626708984,57.689998626708984,1618,0.0,0.0,0.0
2024-07-03 10:57:00-04:00,57.66600036621094,57.67649841308594,57.66600036621094,57.67499923706055,1656,0.0,0.0,0.0
2024-07-03 10:58:00-04:00,57.664398193359375,57.66999816894531,57.65999984741211,57.66999816894531,1206,0.0,0.0,0.0
2024-07-03 10:59:00-04:00,57.66999816894531,57.67499923706055,57.65999984741211,57.67499923706055,2037,0.0,0.0,0.0
2024-07-03 11:00:00-04:00,57.67499923706055,57.67499923706055,57.65999984741211,57.65999984741211,1665,0.0,0.0,0.0
2024-07-03 11:01:00-04:00,57.677398681640625,57.6797981262207,57.665000915527344,57.67319869995117,4410,0.0,0.0,0.0
2024-07-03 11:02:00-04:00,57.67770004272461,57.685001373291016,57.67770004272461,57.685001373291016,3648,0.0,0.0,0.0
2024-07-03 11:03:00-04:00,57.685001373291016,57.70000076293945,57.685001373291016,57.69499969482422,2305,0.0,0.0,0.0
2024-07-03 11:04:00-04:00,57.70500183105469,57.70989990234375,57.70500183105469,57.70989990234375,1390,0.0,0.0,0.0
2024-07-03 11:05:00-04:00,57.71989822387695,57.71989822387695,57.71500015258789,57.719398498535156,1886,0.0,0.0,0.0
2024-07-03 11:06:00-04:00,57.715599060058594,57.724998474121094,57.69660186767578,57.69660186767578,4758,0.0,0.0,0.0
2024-07-03 11:07:00-04:00,57.689998626708984,57.689998626708984,57.68600082397461,57.68600082397461,1259,0.0,0.0,0.0
2024-07-03 11:08:00-04:00,57.69499969482422,57.70500183105469,57.69499969482422,57.70000076293945,1794,0.0,0.0,0.0
2024-07-03 11:09:00-04:00,57.70000076293945,57.70000076293945,57.683998107910156,57.69499969482422,4061,0.0,0.0,0.0
2024-07-03 11:10:00-04:00,57.689998626708984,57.689998626708984,57.689998626708984,57.689998626708984,16755,0.0,0.0,0.0
2024-07-03 11:11:00-04:00,57.68669891357422,57.70000076293945,57.68009948730469,57.6879997253418,9321,0.0,0.0,0.0
2024-07-03 11:12:00-04:00,57.68000030517578,57.69499969482422,57.68000030517578,57.69499969482422,1568,0.0,0.0,0.0
2024-07-03 11:13:00-04:00,57.69499969482422,57.69499969482422,57.689998626708984,57.689998626708984,2055,0.0,0.0,0.0
2024-07-03 11:14:00-04:00,57.689701080322266,57.69499969482422,57.689701080322266,57.69499969482422,5475,0.0,0.0,0.0
2024-07-03 11:15:00-04:00,57.70500183105469,57.70970153808594,57.70000076293945,57.70970153808594,2291,0.0,0.0,0.0
2024-07-03 11:16:00-04:00,57.709999084472656,57.709999084472656,57.689998626708984,57.689998626708984,1832,0.0,0.0,0.0
2024-07-03 11:17:00-04:00,57.68579864501953,57.68579864501953,57.68009948730469,57.68009948730469,1851,0.0,0.0,0.0
2024-07-03 11:18:00-04:00,57.685001373291016,57.685001373291016,57.67499923706055,57.67499923706055,2271,0.0,0.0,0.0
2024-07-03 11:19:00-04:00,57.69559860229492,57.69559860229492,57.69169998168945,57.69169998168945,793,0.0,0.0,0.0
2024-07-03 11:20:00-04:00,57.70899963378906,57.70899963378906,57.7052001953125,57.7052001953125,337,0.0,0.0,0.0
2024-07-03 11:21:00-04:00,57.71440124511719,57.727901458740234,57.71440124511719,57.727901458740234,1509,0.0,0.0,0.0
2024-07-03 11:22:00-04:00,57.72439956665039,57.72439956665039,57.709999084472656,57.709999084472656,558,0.0,0.0,0.0
2024-07-03 11:23:00-04:00,57.70500183105469,57.720001220703125,57.70500183105469,57.720001220703125,2683,0.0,0.0,0.0
2024-07-03 11:24:00-04:00,57.715599060058594,57.715599060058594,57.715599060058594,57.715599060058594,497,0.0,0.0,0.0
2024-07-03 11:26:00-04:00,57.70500183105469,57.70500183105469,57.685001373291016,57.685001373291016,871,0.0,0.0,0.0
2024-07-03 11:27:00-04:00,57.68980026245117,57.68980026245117,57.678199768066406,57.678199768066406,1357,0.0,0.0,0.0
2024-07-03 11:28:00-04:00,57.68000030517578,57.68000030517578,57.67559814453125,57.67559814453125,2175,0.0,0.0,0.0
2024-07-03 11:29:00-04:00,57.6797981262207,57.6797981262207,57.65999984741211,57.65999984741211,2417,0.0,0.0,0.0
2024-07-03 11:30:00-04:00,57.65999984741211,57.65999984741211,57.650001525878906,57.650001525878906,1154,0.0,0.0,0.0
2024-07-03 11:31:00-04:00,57.65999984741211,57.65999984741211,57.65999984741211,57.65999984741211,643,0.0,0.0,0.0
2024-07-03 11:32:00-04:00,57.66999816894531,57.66999816894531,57.6697998046875,57.66999816894531,1621,0.0,0.0,0.0
2024-07-03 11:33:00-04:00,57.66999816894531,57.675899505615234,57.66999816894531,57.675899505615234,1124,0.0,0.0,0.0
2024-07-03 11:34:00-04:00,57.67369842529297,57.68960189819336,57.67369842529297,57.68960189819336,2443,0.0,0.0,0.0
2024-07-03 11:35:00-04:00,57.687599182128906,57.687599182128906,57.68009948730469,57.68009948730469,480,0.0,0.0,0.0
2024-07-03 11:36:00-04:00,57.689998626708984,57.69900131225586,57.68769836425781,57.69900131225586,1920,0.0,0.0,0.0
2024-07-03 11:37:00-04:00,57.69309997558594,57.69839859008789,57.69309997558594,57.69499969482422,1448,0.0,0.0,0.0
2024-07-03 11:38:00-04:00,57.694400787353516,57.69879913330078,57.690101623535156,57.690101623535156,2756,0.0,0.0,0.0
2024-07-03 11:39:00-04:00,57.69969940185547,57.70000076293945,57.69969940185547,57.70000076293945,1132,0.0,0.0,0.0
2024-07-03 11:40:00-04:00,57.69499969482422,57.70000076293945,57.69499969482422,57.695701599121094,1680,0.0,0.0,0.0
2024-07-03 11:41:00-04:00,57.69499969482422,57.69499969482422,57.6875,57.69499969482422,2303,0.0,0.0,0.0
2024-07-03 11:42:00-04:00,57.689998626708984,57.689998626708984,57.68980026245117,57.68980026245117,948,0.0,0.0,0.0
2024-07-03 11:43:00-04:00,57.68339920043945,57.68429946899414,57.68000030517578,57.68000030517578,527,0.0,0.0,0.0
2024-07-03 11:44:00-04:00,57.67499923706055,57.67570114135742,57.66999816894531,57.66999816894531,1174,0.0,0.0,0.0
2024-07-03 11:45:00-04:00,57.665000915527344,57.665000915527344,57.654998779296875,57.65570068359375,1098,0.0,0.0,0.0
2024-07-03 11:46:00-04:00,57.654998779296875,57.654998779296875,57.654998779296875,57.654998779296875,370,0.0,0.0,0.0
2024-07-03 11:47:00-04:00,57.65570068359375,57.65999984741211,57.65570068359375,57.65999984741211,1507,0.0,0.0,0.0
2024-07-03 11:48:00-04:00,57.67499923706055,57.67499923706055,57.67499923706055,57.67499923706055,337,0.0,0.0,0.0
2024-07-03 11:49:00-04:00,57.671199798583984,57.671199798583984,57.66210174560547,57.66210174560547,837,0.0,0.0,0.0
2024-07-03 11:50:00-04:00,57.660099029541016,57.660099029541016,57.65599822998047,57.65599822998047,1409,0.0,0.0,0.0
2024-07-03 11:51:00-04:00,57.654300689697266,57.654300689697266,57.654300689697266,57.654300689697266,367,0.0,0.0,0.0
2024-07-03 11:52:00-04:00,57.65800094604492,57.65800094604492,57.64500045776367,57.64500045776367,738,0.0,0.0,0.0
2024-07-03 11:53:00-04:00,57.64500045776367,57.650001525878906,57.642799377441406,57.642799377441406,2981,0.0,0.0,0.0
2024-07-03 11:54:00-04:00,57.65570068359375,57.65570068359375,57.65010070800781,57.65489959716797,6529,0.0,0.0,0.0
2024-07-03 11:55:00-04:00,57.65589904785156,57.65589904785156,57.63999938964844,57.63999938964844,1960,0.0,0.0,0.0
2024-07-03 11:56:00-04:00,57.64569854736328,57.64569854736328,57.640098571777344,57.6442985534668,445,0.0,0.0,0.0
2024-07-03 11:57:00-04:00,57.64569854736328,57.64899826049805,57.64500045776367,57.64500045776367,2224,0.0,0.0,0.0
2024-07-03 11:58:00-04:00,57.64500045776367,57.649898529052734,57.64500045776367,57.64899826049805,2489,0.0,0.0,0.0
2024-07-03 11:59:00-04:00,57.65999984741211,57.65999984741211,57.65999984741211,57.65999984741211,492,0.0,0.0,0.0
2024-07-03 12:00:00-04:00,57.650001525878906,57.650001525878906,57.63800048828125,57.63800048828125,1231,0.0,0.0,0.0
2024-07-03 12:01:00-04:00,57.63999938964844,57.650001525878906,57.63999938964844,57.650001525878906,480,0.0,0.0,0.0
2024-07-03 12:02:00-04:00,57.64699935913086,57.654998779296875,57.64250183105469,57.654998779296875,1358,0.0,0.0,0.0
2024-07-03 12:03:00-04:00,57.659000396728516,57.659000396728516,57.650001525878906,57.650001525878906,586,0.0,0.0,0.0
2024-07-03 12:04:00-04:00,57.65119934082031,57.654998779296875,57.650001525878906,57.654998779296875,2502,0.0,0.0,0.0
2024-07-03 12:05:00-04:00,57.654998779296875,57.655601501464844,57.645999908447266,57.645999908447266,917,0.0,0.0,0.0
2024-07-03 12:06:00-04:00,57.650001525878906,57.665000915527344,57.650001525878906,57.665000915527344,4721,0.0,0.0,0.0
2024-07-03 12:07:00-04:00,57.665000915527344,57.665000915527344,57.65449905395508,57.659000396728516,2179,0.0,0.0,0.0
2024-07-03 12:08:00-04:00,57.650001525878906,57.669898986816406,57.650001525878906,57.66270065307617,1469,0.0,0.0,0.0
2024-07-03 12:09:00-04:00,57.667198181152344,57.667198181152344,57.660099029541016,57.66429901123047,1558,0.0,0.0,0.0
2024-07-03 12:10:00-04:00,57.665000915527344,57.669898986816406,57.65999984741211,57.660099029541016,3256,0.0,0.0,0.0
2024-07-03 12:11:00-04:00,57.660099029541016,57.67499923706055,57.660099029541016,57.66999816894531,4522,0.0,0.0,0.0
2024-07-03 12:12:00-04:00,57.665000915527344,57.66999816894531,57.665000915527344,57.66999816894531,1708,0.0,0.0,0.0
2024-07-03 12:13:00-04:00,57.67499923706055,57.685001373291016,57.67499923706055,57.685001373291016,965,0.0,0.0,0.0
2024-07-03 12:14:00-04:00,57.68989944458008,57.69499969482422,57.685001373291016,57.69499969482422,872,0.0,0.0,0.0
2024-07-03 12:15:00-04:00,57.690101623535156,57.709999084472656,57.690101623535156,57.709999084472656,2061,0.0,0.0,0.0
2024-07-03 12:16:00-04:00,57.71500015258789,57.73830032348633,57.71500015258789,57.73500061035156,4908,0.0,0.0,0.0
2024-07-03 12:17:00-04:00,57.72999954223633,57.72999954223633,57.7156982421875,57.7156982421875,2907,0.0,0.0,0.0
2024-07-03 12:18:00-04:00,57.71500015258789,57.71500015258789,57.7140007019043,57.71500015258789,668,0.0,0.0,0.0
2024-07-03 12:19:00-04:00,57.7156982421875,57.7156982421875,57.7140998840332,57.71500015258789,1431,0.0,0.0,0.0
2024-07-03 12:20:00-04:00,57.724998474121094,57.72570037841797,57.71900177001953,57.71900177001953,1326,0.0,0.0,0.0
2024-07-03 12:21:00-04:00,57.709999084472656,57.71979904174805,57.709999084472656,57.71500015258789,1132,0.0,0.0,0.0
2024-07-03 12:22:00-04:00,57.715999603271484,57.715999603271484,57.695701599121094,57.70000076293945,3164,0.0,0.0,0.0
2024-07-03 12:23:00-04:00,57.690101623535156,57.690101623535156,57.690101623535156,57.690101623535156,201,0.0,0.0,0.0
2024-07-03 12:24:00-04:00,57.70000076293945,57.70500183105469,57.69499969482422,57.70500183105469,3047,0.0,0.0,0.0
2024-07-03 12:25:00-04:00,57.70500183105469,57.709999084472656,57.70009994506836,57.70989990234375,2971,0.0,0.0,0.0
2024-07-03 12:26:00-04:00,57.709999084472656,57.71009826660156,57.709999084472656,57.709999084472656,1154,0.0,0.0,0.0
2024-07-03 12:28:00-04:00,57.7056999206543,57.7056999206543,57.689998626708984,57.689998626708984,2525,0.0,0.0,0.0
2024-07-03 12:29:00-04:00,57.69499969482422,57.69499969482422,57.689998626708984,57.689998626708984,761,0.0,0.0,0.0
2024-07-03 12:30:00-04:00,57.67499923706055,57.69499969482422,57.67499923706055,57.69499969482422,1570,0.0,0.0,0.0
2024-07-03 12:31:00-04:00,57.67570114135742,57.68000030517578,57.67499923706055,57.68000030517578,889,0.0,0.0,0.0
2024-07-03 12:32:00-04:00,57.68989944458008,57.68989944458008,57.68989944458008,57.68989944458008,1337,0.0,0.0,0.0
2024-07-03 12:33:00-04:00,57.685001373291016,57.68989944458008,57.685001373291016,57.68989944458008,582,0.0,0.0,0.0
2024-07-03 12:34:00-04:00,57.682701110839844,57.68899917602539,57.682701110839844,57.685001373291016,2385,0.0,0.0,0.0
2024-07-03 12:35:00-04:00,57.689998626708984,57.689998626708984,57.689998626708984,57.689998626708984,600,0.0,0.0,0.0
2024-07-03 12:36:00-04:00,57.68579864501953,57.69499969482422,57.685001373291016,57.68989944458008,4414,0.0,0.0,0.0
2024-07-03 12:37:00-04:00,57.70000076293945,57.70000076293945,57.682899475097656,57.689998626708984,10947,0.0,0.0,0.0
2024-07-03 12:38:00-04:00,57.680301666259766,57.68989944458008,57.680301666259766,57.68989944458008,1184,0.0,0.0,0.0
2024-07-03 12:39:00-04:00,57.689998626708984,57.689998626708984,57.689998626708984,57.689998626708984,461,0.0,0.0,0.0
2024-07-03 12:40:00-04:00,57.695701599121094,57.695701599121094,57.685001373291016,57.695701599121094,2167,0.0,0.0,0.0
2024-07-03 12:41:00-04:00,57.69430160522461,57.69430160522461,57.69430160522461,57.69430160522461,175,0.0,0.0,0.0
2024-07-03 12:42:00-04:00,57.69380187988281,57.70000076293945,57.690101623535156,57.70000076293945,1452,0.0,0.0,0.0
2024-07-03 12:43:00-04:00,57.70009994506836,57.70500183105469,57.70000076293945,57.70000076293945,733,0.0,0.0,0.0
2024-07-03 12:44:00-04:00,57.7067985534668,57.7067985534668,57.689998626708984,57.689998626708984,2527,0.0,0.0,0.0
2024-07-03 12:45:00-04:00,57.70000076293945,57.7056999206543,57.685699462890625,57.685699462890625,2083,0.0,0.0,0.0
2024-07-05 09:30:00-04:00,57.7599983215332,57.7599983215332,57.65999984741211,57.68000030517578,55019,0.0,0.0,0.0
2024-07-05 09:31:00-04:00,57.65999984741211,57.65999984741211,57.650001525878906,57.654998779296875,549,0.0,0.0,0.0
2024-07-05 09:32:00-04:00,57.630001068115234,57.63999938964844,57.61349868774414,57.6150016784668,5253,0.0,0.0,0.0
2024-07-05 09:33:00-04:00,57.630001068115234,57.63999938964844,57.61000061035156,57.61009979248047,2648,0.0,0.0,0.0
2024-07-05 09:34:00-04:00,57.6349983215332,57.63999938964844,57.6349983215332,57.63999938964844,767,0.0,0.0,0.0
2024-07-05 09:35:00-04:00,57.68000030517578,57.689998626708984,57.66999816894531,57.66999816894531,2540,0.0,0.0,0.0
2024-07-05 09:36:00-04:00,57.68000030517578,57.689998626708984,57.63999938964844,57.63999938964844,6595,0.0,0.0,0.0
2024-07-05 09:37:00-04:00,57.630001068115234,57.63999938964844,57.61000061035156,57.63999938964844,3483,0.0,0.0,0.0
2024-07-05 09:38:00-04:00,57.630001068115234,57.6349983215332,57.599998474121094,57.599998474121094,2292,0.0,0.0,0.0
2024-07-05 09:39:00-04:00,57.59000015258789,57.60900115966797,57.59000015258789,57.60499954223633,869,0.0,0.0,0.0
2024-07-05 09:40:00-04:00,57.63999938964844,57.64970016479492,57.630001068115234,57.64970016479492,1847,0.0,0.0,0.0
2024-07-05 09:41:00-04:00,57.66999816894531,57.66999816894531,57.630001068115234,57.650001525878906,3252,0.0,0.0,0.0
2024-07-05 09:42:00-04:00,57.6411018371582,57.6411018371582,57.63999938964844,57.63999938964844,1503,0.0,0.0,0.0
2024-07-05 09:43:00-04:00,57.65999984741211,57.689998626708984,57.65999984741211,57.689998626708984,1251,0.0,0.0,0.0
2024-07-05 09:44:00-04:00,57.68000030517578,57.68000030517578,57.68000030517578,57.68000030517578,280,0.0,0.0,0.0
2024-07-05 09:45:00-04:00,57.66999816894531,57.66999816894531,57.66999816894531,57.66999816894531,451,0.0,0.0,0.0
2024-07-05 09:46:00-04:00,57.630001068115234,57.630001068115234,57.630001068115234,57.630001068115234,1656,0.0,0.0,0.0
2024-07-05 09:47:00-04:00,57.599998474121094,57.599998474121094,57.599998474121094,57.599998474121094,104,0.0,0.0,0.0
2024-07-05 09:48:00-04:00,57.59000015258789,57.595001220703125,57.57500076293945,57.595001220703125,2150,0.0,0.0,0.0
2024-07-05 09:49:00-04:00,57.5900993347168,57.5900993347168,57.57830047607422,57.57830047607422,2711,0.0,0.0,0.0
2024-07-05 09:50:00-04:00,57.58000183105469,57.58890151977539,57.58000183105469,57.58890151977539,631,0.0,0.0,0.0
2024-07-05 09:51:00-04:00,57.584999084472656,57.584999084472656,57.5796012878418,57.5796012878418,2422,0.0,0.0,0.0
2024-07-05 09:52:00-04:00,57.58000183105469,57.584999084472656,57.560001373291016,57.584999084472656,3243,0.0,0.0,0.0
2024-07-05 09:53:00-04:00,57.56999969482422,57.599998474121094,57.56999969482422,57.599998474121094,5660,0.0,0.0,0.0
2024-07-05 09:54:00-04:00,57.595401763916016,57.599998474121094,57.595401763916016,57.599998474121094,1425,0.0,0.0,0.0
2024-07-05 09:55:00-04:00,57.59960174560547,57.59960174560547,57.58000183105469,57.58000183105469,1751,0.0,0.0,0.0
2024-07-05 09:56:00-04:00,57.55339813232422,57.55509948730469,57.54999923706055,57.54999923706055,1042,0.0,0.0,0.0
2024-07-05 09:57:00-04:00,57.54999923706055,57.574798583984375,57.54999923706055,57.574798583984375,1369,0.0,0.0,0.0
2024-07-05 09:58:00-04:00,57.58000183105469,57.59000015258789,57.58000183105469,57.59000015258789,553,0.0,0.0,0.0
2024-07-05 09:59:00-04:00,57.589900970458984,57.59000015258789,57.589900970458984,57.59000015258789,678,0.0,0.0,0.0
2024-07-05 10:00:00-04:00,57.56999969482422,57.579498291015625,57.560001373291016,57.579498291015625,1793,0.0,0.0,0.0
2024-07-05 10:01:00-04:00,57.56449890136719,57.56449890136719,57.540000915527344,57.54499816894531,1878,0.0,0.0,0.0
2024-07-05 10:02:00-04:00,57.54499816894531,57.54499816894531,57.523399353027344,57.525001525878906,2908,0.0,0.0,0.0
2024-07-05 10:03:00-04:00,57.505001068115234,57.52000045776367,57.505001068115234,57.505001068115234,4230,0.0,0.0,0.0
2024-07-05 10:04:00-04:00,57.5,57.52000045776367,57.494998931884766,57.52000045776367,9480,0.0,0.0,0.0
2024-07-05 10:05:00-04:00,57.525001525878906,57.525001525878906,57.5,57.5,1119,0.0,0.0,0.0
2024-07-05 10:06:00-04:00,57.5099983215332,57.5099983215332,57.4900016784668,57.49980163574219,2107,0.0,0.0,0.0
2024-07-05 10:07:00-04:00,57.4900016784668,57.4900016784668,57.470001220703125,57.470001220703125,2877,0.0,0.0,0.0
2024-07-05 10:08:00-04:00,57.46500015258789,57.474998474121094,57.42499923706055,57.439998626708984,8119,0.0,0.0,0.0
2024-07-05 10:09:00-04:00,57.45000076293945,57.472999572753906,57.45000076293945,57.472999572753906,847,0.0,0.0,0.0
2024-07-05 10:10:00-04:00,57.470001220703125,57.470001220703125,57.43000030517578,57.439998626708984,3186,0.0,0.0,0.0
2024-07-05 10:11:00-04:00,57.43000030517578,57.439998626708984,57.41999816894531,57.439998626708984,1300,0.0,0.0,0.0
2024-07-05 10:12:00-04:00,57.439998626708984,57.4900016784668,57.439998626708984,57.4900016784668,4414,0.0,0.0,0.0
2024-07-05 10:13:00-04:00,57.47999954223633,57.5098991394043,57.47999954223633,57.5088996887207,1422,0.0,0.0,0.0
2024-07-05 10:14:00-04:00,57.505001068115234,57.505001068115234,57.4900016784668,57.4900016784668,1182,0.0,0.0,0.0
2024-07-05 10:15:00-04:00,57.47880172729492,57.47990036010742,57.45000076293945,57.45000076293945,1043,0.0,0.0,0.0
2024-07-05 10:16:00-04:00,57.470001220703125,57.470001220703125,57.46009826660156,57.46009826660156,989,0.0,0.0,0.0
2024-07-05 10:17:00-04:00,57.46500015258789,57.46500015258789,57.45009994506836,57.45500183105469,2247,0.0,0.0,0.0
2024-07-05 10:18:00-04:00,57.45000076293945,57.470001220703125,57.45000076293945,57.470001220703125,6504,0.0,0.0,0.0
2024-07-05 10:19:00-04:00,57.470001220703125,57.470001220703125,57.46009826660156,57.470001220703125,8160,0.0,0.0,0.0
2024-07-05 10:20:00-04:00,57.47999954223633,57.47999954223633,57.47999954223633,57.47999954223633,1889,0.0,0.0,0.0
2024-07-05 10:21:00-04:00,57.4900016784668,57.4900016784668,57.47999954223633,57.47999954223633,643,0.0,0.0,0.0
2024-07-05 10:22:00-04:00,57.48500061035156,57.48500061035156,57.470001220703125,57.470001220703125,1409,0.0,0.0,0.0
2024-07-05 10:23:00-04:00,57.474998474121094,57.47999954223633,57.47090148925781,57.47999954223633,1876,0.0,0.0,0.0
2024-07-05 10:24:00-04:00,57.47999954223633,57.48500061035156,57.470001220703125,57.474998474121094,1413,0.0,0.0,0.0
2024-07-05 10:25:00-04:00,57.474998474121094,57.489601135253906,57.470298767089844,57.470298767089844,845,0.0,0.0,0.0
2024-07-05 10:26:00-04:00,57.475799560546875,57.4900016784668,57.475799560546875,57.4900016784668,1279,0.0,0.0,0.0
2024-07-05 10:27:00-04:00,57.48889923095703,57.48889923095703,57.47999954223633,57.47999954223633,810,0.0,0.0,0.0
2024-07-05 10:28:00-04:00,57.4900016784668,57.494998931884766,57.4900016784668,57.494998931884766,1916,0.0,0.0,0.0
2024-07-05 10:29:00-04:00,57.47999954223633,57.47999954223633,57.459999084472656,57.459999084472656,1204,0.0,0.0,0.0
2024-07-05 10:30:00-04:00,57.459999084472656,57.459999084472656,57.45500183105469,57.459999084472656,7134,0.0,0.0,0.0
2024-07-05 10:31:00-04:00,57.470001220703125,57.47999954223633,57.46030044555664,57.46030044555664,1994,0.0,0.0,0.0
2024-07-05 10:32:00-04:00,57.46009826660156,57.4900016784668,57.46009826660156,57.47999954223633,1323,0.0,0.0,0.0
2024-07-05 10:33:00-04:00,57.485801696777344,57.4900016784668,57.48320007324219,57.48320007324219,676,0.0,0.0,0.0
2024-07-05 10:34:00-04:00,57.47999954223633,57.47999954223633,57.474998474121094,57.479000091552734,560,0.0,0.0,0.0
2024-07-05 10:35:00-04:00,57.47779846191406,57.47999954223633,57.46500015258789,57.47999954223633,4959,0.0,0.0,0.0
2024-07-05 10:36:00-04:00,57.48500061035156,57.4900016784668,57.47999954223633,57.47999954223633,3064,0.0,0.0,0.0
2024-07-05 10:37:00-04:00,57.47010040283203,57.47999954223633,57.470001220703125,57.47999954223633,404,0.0,0.0,0.0
2024-07-05 10:38:00-04:00,57.47999954223633,57.4900016784668,57.47999954223633,57.4900016784668,929,0.0,0.0,0.0
2024-07-05 10:39:00-04:00,57.48500061035156,57.48849868774414,57.47999954223633,57.47999954223633,1641,0.0,0.0,0.0
2024-07-05 10:40:00-04:00,57.4900016784668,57.499900817871094,57.48500061035156,57.499900817871094,1379,0.0,0.0,0.0
2024-07-05 10:41:00-04:00,57.4900016784668,57.494998931884766,57.48849868774414,57.494998931884766,1880,0.0,0.0,0.0
2024-07-05 10:42:00-04:00,57.48749923706055,57.48749923706055,57.48749923706055,57.48749923706055,339,0.0,0.0,0.0
2024-07-05 10:43:00-04:00,57.5,57.5,57.5,57.5,459,0.0,0.0,0.0
2024-07-05 10:44:00-04:00,57.503299713134766,57.52989959716797,57.503299713134766,57.52989959716797,1681,0.0,0.0,0.0
2024-07-05 10:45:00-04:00,57.529998779296875,57.53499984741211,57.52519989013672,57.52519989013672,1529,0.0,0.0,0.0
2024-07-05 10:46:00-04:00,57.529998779296875,57.529998779296875,57.5260009765625,57.5260009765625,1448,0.0,0.0,0.0
2024-07-05 10:47:00-04:00,57.519901275634766,57.524200439453125,57.519901275634766,57.524200439453125,622,0.0,0.0,0.0
2024-07-05 10:48:00-04:00,57.53499984741211,57.53499984741211,57.529998779296875,57.529998779296875,661,0.0,0.0,0.0
2024-07-05 10:49:00-04:00,57.5536994934082,57.5536994934082,57.525001525878906,57.525001525878906,9366,0.0,0.0,0.0
2024-07-05 10:50:00-04:00,57.51499938964844,57.540000915527344,57.51499938964844,57.540000915527344,1344,0.0,0.0,0.0
2024-07-05 10:51:00-04:00,57.540000915527344,57.55009841918945,57.540000915527344,57.55009841918945,829,0.0,0.0,0.0
2024-07-05 10:52:00-04:00,57.54999923706055,57.54999923706055,57.529998779296875,57.529998779296875,1037,0.0,0.0,0.0
2024-07-05 10:53:00-04:00,57.540000915527344,57.540000915527344,57.540000915527344,57.540000915527344,1125,0.0,0.0,0.0
2024-07-05 10:54:00-04:00,57.540000915527344,57.54499816894531,57.540000915527344,57.54499816894531,10710,0.0,0.0,0.0
2024-07-05 10:55:00-04:00,57.54499816894531,57.54499816894531,57.54499816894531,57.54499816894531,1205,0.0,0.0,0.0
2024-07-05 10:56:00-04:00,57.54999923706055,57.556400299072266,57.54499816894531,57.54880142211914,3216,0.0,0.0,0.0
2024-07-05 10:57:00-04:00,57.54999923706055,57.55030059814453,57.54010009765625,57.54010009765625,2269,0.0,0.0,0.0
2024-07-05 10:58:00-04:00,57.53499984741211,57.540000915527344,57.53499984741211,57.540000915527344,2474,0.0,0.0,0.0
2024-07-05 10:59:00-04:00,57.54499816894531,57.54499816894531,57.540000915527344,57.540000915527344,2894,0.0,0.0,0.0
2024-07-05 11:00:00-04:00,57.54629898071289,57.54999923706055,57.540000915527344,57.540000915527344,2101,0.0,0.0,0.0
2024-07-05 11:01:00-04:00,57.529998779296875,57.529998779296875,57.529998779296875,57.529998779296875,102,0.0,0.0,0.0
2024-07-05 11:04:00-04:00,57.54999923706055,57.54999923706055,57.54520034790039,57.54999923706055,8706,0.0,0.0,0.0
2024-07-05 11:05:00-04:00,57.54999923706055,57.560001373291016,57.54999923706055,57.55500030517578,7112,0.0,0.0,0.0
2024-07-05 11:06:00-04:00,57.560001373291016,57.569698333740234,57.560001373291016,57.560001373291016,1153,0.0,0.0,0.0
2024-07-05 11:07:00-04:00,57.560001373291016,57.56999969482422,57.560001373291016,57.56999969482422,554,0.0,0.0,0.0
2024-07-05 11:08:00-04:00,57.565399169921875,57.56999969482422,57.560001373291016,57.56999969482422,2656,0.0,0.0,0.0
2024-07-05 11:09:00-04:00,57.56999969482422,57.56999969482422,57.564998626708984,57.564998626708984,1629,0.0,0.0,0.0
2024-07-05 11:10:00-04:00,57.56999969482422,57.56999969482422,57.56999969482422,57.56999969482422,500,0.0,0.0,0.0
2024-07-05 11:11:00-04:00,57.56999969482422,57.56999969482422,57.56420135498047,57.56420135498047,1486,0.0,0.0,0.0
2024-07-05 11:12:00-04:00,57.578399658203125,57.58000183105469,57.570098876953125,57.575199127197266,1229,0.0,0.0,0.0
2024-07-05 11:13:00-04:00,57.58000183105469,57.5806999206543,57.58000183105469,57.5806999206543,1137,0.0,0.0,0.0
2024-07-05 11:15:00-04:00,57.56639862060547,57.56639862060547,57.5620002746582,57.5620002746582,734,0.0,0.0,0.0
2024-07-05 11:16:00-04:00,57.58000183105469,57.58000183105469,57.58000183105469,57.58000183105469,215,0.0,0.0,0.0
2024-07-05 11:17:00-04:00,57.584999084472656,57.59000015258789,57.58150100708008,57.584999084472656,1835,0.0,0.0,0.0
2024-07-05 11:18:00-04:00,57.57500076293945,57.57500076293945,57.57500076293945,57.57500076293945,615,0.0,0.0,0.0
2024-07-05 11:19:00-04:00,57.566200256347656,57.566200256347656,57.566200256347656,57.566200256347656,529,0.0,0.0,0.0
2024-07-05 11:20:00-04:00,57.58000183105469,57.58000183105469,57.57500076293945,57.57500076293945,567,0.0,0.0,0.0
2024-07-05 11:21:00-04:00,57.56999969482422,57.56999969482422,57.54999923706055,57.55500030517578,2668,0.0,0.0,0.0
2024-07-05 11:22:00-04:00,57.54499816894531,57.54999923706055,57.54499816894531,57.54999923706055,2510,0.0,0.0,0.0
2024-07-05 11:23:00-04:00,57.54999923706055,57.54999923706055,57.545799255371094,57.545799255371094,1460,0.0,0.0,0.0
2024-07-05 11:24:00-04:00,57.54029846191406,57.54499816894531,57.540000915527344,57.54499816894531,1504,0.0,0.0,0.0
2024-07-05 11:25:00-04:00,57.55500030517578,57.55500030517578,57.55500030517578,57.55500030517578,661,0.0,0.0,0.0
2024-07-05 11:27:00-04:00,57.560001373291016,57.560001373291016,57.54499816894531,57.54499816894531,1027,0.0,0.0,0.0
2024-07-05 11:29:00-04:00,57.5442008972168,57.5442008972168,57.53499984741211,57.53499984741211,2012,0.0,0.0,0.0
2024-07-05 11:30:00-04:00,57.532501220703125,57.54899978637695,57.532501220703125,57.54899978637695,516,0.0,0.0,0.0
2024-07-05 11:31:00-04:00,57.529998779296875,57.529998779296875,57.529998779296875,57.529998779296875,521,0.0,0.0,0.0
2024-07-05 11:32:00-04:00,57.536598205566406,57.559898376464844,57.536598205566406,57.559898376464844,2687,0.0,0.0,0.0
2024-07-05 11:33:00-04:00,57.55580139160156,57.55580139160156,57.55580139160156,57.55580139160156,256,0.0,0.0,0.0
2024-07-05 11:34:00-04:00,57.55659866333008,57.55659866333008,57.54999923706055,57.54999923706055,633,0.0,0.0,0.0
2024-07-05 11:35:00-04:00,57.55500030517578,57.56999969482422,57.55419921875,57.560001373291016,7663,0.0,0.0,0.0
2024-07-05 11:36:00-04:00,57.558998107910156,57.56999969482422,57.558998107910156,57.560001373291016,4703,0.0,0.0,0.0
2024-07-05 11:37:00-04:00,57.56999969482422,57.56999969482422,57.56999969482422,57.56999969482422,930,0.0,0.0,0.0
2024-07-05 11:39:00-04:00,57.578399658203125,57.578399658203125,57.578399658203125,57.578399658203125,911,0.0,0.0,0.0
2024-07-05 11:41:00-04:00,57.580299377441406,57.598899841308594,57.58000183105469,57.59579849243164,4760,0.0,0.0,0.0
2024-07-05 11:42:00-04:00,57.599998474121094,57.61000061035156,57.599998474121094,57.600101470947266,2891,0.0,0.0,0.0
2024-07-05 11:43:00-04:00,57.60499954223633,57.61000061035156,57.599998474121094,57.61000061035156,488,0.0,0.0,0.0
2024-07-05 11:44:00-04:00,57.60499954223633,57.606201171875,57.600101470947266,57.606201171875,1712,0.0,0.0,0.0
2024-07-05 11:47:00-04:00,57.619998931884766,57.619998931884766,57.61149978637695,57.61149978637695,1492,0.0,0.0,0.0
2024-07-05 11:48:00-04:00,57.625,57.630001068115234,57.625,57.630001068115234,1576,0.0,0.0,0.0
2024-07-05 11:49:00-04:00,57.63999938964844,57.63999938964844,57.6349983215332,57.6349983215332,1172,0.0,0.0,0.0
2024-07-05 11:50:00-04:00,57.630001068115234,57.630001068115234,57.630001068115234,57.630001068115234,482,0.0,0.0,0.0
2024-07-05 11:52:00-04:00,57.62580108642578,57.62580108642578,57.62580108642578,57.62580108642578,194,0.0,0.0,0.0
2024-07-05 11:53:00-04:00,57.619998931884766,57.619998931884766,57.61980056762695,57.61980056762695,669,0.0,0.0,0.0
2024-07-05 11:54:00-04:00,57.61000061035156,57.61000061035156,57.61000061035156,57.61000061035156,617,0.0,0.0,0.0
2024-07-05 11:55:00-04:00,57.60419845581055,57.60419845581055,57.60419845581055,57.60419845581055,241,0.0,0.0,0.0
2024-07-05 11:56:00-04:00,57.61000061035156,57.61579895019531,57.609901428222656,57.6150016784668,2214,0.0,0.0,0.0
2024-07-05 11:57:00-04:00,57.61000061035156,57.61000061035156,57.60499954223633,57.60499954223633,1276,0.0,0.0,0.0
2024-07-05 11:58:00-04:00,57.59410095214844,57.599998474121094,57.59410095214844,57.599998474121094,7829,0.0,0.0,0.0
2024-07-05 12:00:00-04:00,57.59579849243164,57.59579849243164,57.59579849243164,57.59579849243164,448,0.0,0.0,0.0
2024-07-05 12:01:00-04:00,57.58330154418945,57.584999084472656,57.58110046386719,57.584999084472656,1756,0.0,0.0,0.0
2024-07-05 12:02:00-04:00,57.57500076293945,57.57500076293945,57.57500076293945,57.57500076293945,368,0.0,0.0,0.0
2024-07-05 12:03:00-04:00,57.56999969482422,57.56999969482422,57.564998626708984,57.564998626708984,267,0.0,0.0,0.0
2024-07-05 12:04:00-04:00,57.564998626708984,57.564998626708984,57.564998626708984,57.564998626708984,1268,0.0,0.0,0.0
2024-07-05 12:05:00-04:00,57.56990051269531,57.56990051269531,57.564998626708984,57.56990051269531,1227,0.0,0.0,0.0
2024-07-05 12:07:00-04:00,57.57500076293945,57.57899856567383,57.57500076293945,57.57720184326172,999,0.0,0.0,0.0
2024-07-05 12:08:00-04:00,57.58000183105469,57.58000183105469,57.58000183105469,57.58000183105469,137,0.0,0.0,0.0
2024-07-05 12:09:00-04:00,57.59000015258789,57.59000015258789,57.587799072265625,57.587799072265625,834,0.0,0.0,0.0
2024-07-05 12:10:00-04:00,57.58420181274414,57.58420181274414,57.58420181274414,57.58420181274414,545,0.0,0.0,0.0
2024-07-05 12:11:00-04:00,57.592201232910156,57.59749984741211,57.59000015258789,57.59749984741211,1280,0.0,0.0,0.0
2024-07-05 12:12:00-04:00,57.59600067138672,57.59600067138672,57.594200134277344,57.594200134277344,1088,0.0,0.0,0.0
2024-07-05 12:13:00-04:00,57.5900993347168,57.597198486328125,57.5900993347168,57.59109878540039,1417,0.0,0.0,0.0
2024-07-05 12:14:00-04:00,57.584999084472656,57.59600067138672,57.584999084472656,57.59600067138672,965,0.0,0.0,0.0
2024-07-05 12:15:00-04:00,57.5900993347168,57.59859848022461,57.59000015258789,57.59000015258789,3416,0.0,0.0,0.0
2024-07-05 12:17:00-04:00,57.57600021362305,57.57600021362305,57.56990051269531,57.57500076293945,4901,0.0,0.0,0.0
2024-07-05 12:18:00-04:00,57.579898834228516,57.579898834228516,57.56999969482422,57.5703010559082,2208,0.0,0.0,0.0
2024-07-05 12:19:00-04:00,57.5620002746582,57.56639862060547,57.56010055541992,57.56010055541992,1384,0.0,0.0,0.0
2024-07-05 12:20:00-04:00,57.57099914550781,57.57099914550781,57.56999969482422,57.570098876953125,5931,0.0,0.0,0.0
2024-07-05 12:21:00-04:00,57.56800079345703,57.56800079345703,57.56800079345703,57.56800079345703,508,0.0,0.0,0.0
2024-07-05 12:22:00-04:00,57.564998626708984,57.564998626708984,57.564998626708984,57.564998626708984,278,0.0,0.0,0.0
2024-07-05 12:23:00-04:00,57.57899856567383,57.57899856567383,57.575599670410156,57.575599670410156,550,0.0,0.0,0.0
2024-07-05 12:24:00-04:00,57.5791015625,57.5791015625,57.57500076293945,57.57630157470703,2391,0.0,0.0,0.0
2024-07-05 12:25:00-04:00,57.564998626708984,57.564998626708984,57.564998626708984,57.564998626708984,105,0.0,0.0,0.0
2024-07-05 12:26:00-04:00,57.560001373291016,57.560001373291016,57.55160140991211,57.55500030517578,918,0.0,0.0,0.0
2024-07-05 12:28:00-04:00,57.55500030517578,57.55500030517578,57.54999923706055,57.54999923706055,903,0.0,0.0,0.0
2024-07-05 12:29:00-04:00,57.54499816894531,57.54499816894531,57.54499816894531,57.54499816894531,369,0.0,0.0,0.0
2024-07-05 12:31:00-04:00,57.54439926147461,57.54439926147461,57.53990173339844,57.53990173339844,2135,0.0,0.0,0.0
2024-07-05 12:32:00-04:00,57.531898498535156,57.531898498535156,57.531898498535156,57.531898498535156,159,0.0,0.0,0.0
2024-07-05 12:33:00-04:00,57.529998779296875,57.53900146484375,57.529998779296875,57.529998779296875,1204,0.0,0.0,0.0
2024-07-05 12:35:00-04:00,57.53969955444336,57.53969955444336,57.53010177612305,57.53010177612305,882,0.0,0.0,0.0
2024-07-05 12:36:00-04:00,57.529998779296875,57.529998779296875,57.529998779296875,57.529998779296875,400,0.0,0.0,0.0
2024-07-05 12:38:00-04:00,57.54499816894531,57.54499816894531,57.54499816894531,57.54499816894531,1048,0.0,0.0,0.0
2024-07-05 12:40:00-04:00,57.55500030517578,57.55500030517578,57.55500030517578,57.55500030517578,5279,0.0,0.0,0.0
2024-07-05 12:41:00-04:00,57.55500030517578,57.55500030517578,57.54439926147461,57.54999923706055,6617,0.0,0.0,0.0
2024-07-05 12:43:00-04:00,57.5452995300293,57.54999923706055,57.54349899291992,57.54999923706055,1109,0.0,0.0,0.0
2024-07-05 12:44:00-04:00,57.54999923706055,57.54999923706055,57.54990005493164,57.54990005493164,1174,0.0,0.0,0.0
2024-07-05 12:45:00-04:00,57.54499816894531,57.54499816894531,57.540000915527344,57.540000915527344,1745,0.0,0.0,0.0
2024-07-05 12:46:00-04:00,57.54199981689453,57.54199981689453,57.54199981689453,57.54199981689453,253,0.0,0.0,0.0
2024-07-05 12:47:00-04:00,57.54439926147461,57.54439926147461,57.54439926147461,57.54439926147461,270,0.0,0.0,0.0
2024-07-05 12:48:00-04:00,57.54499816894531,57.54999923706055,57.54499816894531,57.54999923706055,1110,0.0,0.0,0.0
2024-07-05 12:49:00-04:00,57.551998138427734,57.55500030517578,57.551998138427734,57.55500030517578,1009,0.0,0.0,0.0
2024-07-05 12:50:00-04:00,57.55500030517578,57.55500030517578,57.55500030517578,57.55500030517578,1089,0.0,0.0,0.0
2024-07-05 12:51:00-04:00,57.55009841918945,57.56800079345703,57.55009841918945,57.56800079345703,863,0.0,0.0,0.0
2024-07-05 12:52:00-04:00,57.564998626708984,57.58000183105469,57.564998626708984,57.58000183105469,472,0.0,0.0,0.0
2024-07-05 12:53:00-04:00,57.57469940185547,57.57500076293945,57.570098876953125,57.570098876953125,560,0.0,0.0,0.0
2024-07-05 12:54:00-04:00,57.575599670410156,57.575599670410156,57.575599670410156,57.575599670410156,788,0.0,0.0,0.0
2024-07-05 12:55:00-04:00,57.57500076293945,57.575599670410156,57.57500076293945,57.575599670410156,1346,0.0,0.0,0.0
2024-07-05 12:56:00-04:00,57.57630157470703,57.58000183105469,57.57500076293945,57.58000183105469,2746,0.0,0.0,0.0
2024-07-05 12:57:00-04:00,57.58000183105469,57.58000183105469,57.57500076293945,57.57500076293945,860,0.0,0.0,0.0
2024-07-05 12:58:00-04:00,57.58000183105469,57.58610153198242,57.58000183105469,57.58000183105469,926,0.0,0.0,0.0
2024-07-05 13:01:00-04:00,57.580101013183594,57.580101013183594,57.57440185546875,57.575599670410156,1823,0.0,0.0,0.0
2024-07-05 13:02:00-04:00,57.56999969482422,57.57170104980469,57.56999969482422,57.57170104980469,468,0.0,0.0,0.0
2024-07-05 13:03:00-04:00,57.58000183105469,57.58000183105469,57.57500076293945,57.57500076293945,577,0.0,0.0,0.0
2024-07-05 13:04:00-04:00,57.57440185546875,57.584999084472656,57.5724983215332,57.58000183105469,1799,0.0,0.0,0.0
2024-07-05 13:05:00-04:00,57.580101013183594,57.58399963378906,57.58000183105469,57.58000183105469,1110,0.0,0.0,0.0
2024-07-05 13:06:00-04:00,57.58000183105469,57.58000183105469,57.57500076293945,57.57500076293945,769,0.0,0.0,0.0
2024-07-05 13:07:00-04:00,57.5797004699707,57.580101013183594,57.57379913330078,57.57379913330078,719,0.0,0.0,0.0
2024-07-05 13:08:00-04:00,57.58000183105469,57.59000015258789,57.58000183105469,57.59000015258789,1282,0.0,0.0,0.0
2024-07-05 13:09:00-04:00,57.59989929199219,57.59989929199219,57.59989929199219,57.59989929199219,454,0.0,0.0,0.0
2024-07-05 13:10:00-04:00,57.595001220703125,57.595001220703125,57.59000015258789,57.59000015258789,1218,0.0,0.0,0.0
2024-07-05 13:13:00-04:00,57.589900970458984,57.589900970458984,57.589900970458984,57.589900970458984,284,0.0,0.0,0.0
2024-07-05 13:14:00-04:00,57.56999969482422,57.56999969482422,57.560001373291016,57.56560134887695,1017,0.0,0.0,0.0
2024-07-05 13:15:00-04:00,57.56999969482422,57.58000183105469,57.56999969482422,57.575599670410156,1844,0.0,0.0,0.0
2024-07-05 13:16:00-04:00,57.57979965209961,57.57979965209961,57.57979965209961,57.57979965209961,160,0.0,0.0,0.0
2024-07-05 13:18:00-04:00,57.575599670410156,57.58000183105469,57.56999969482422,57.571998596191406,4506,0.0,0.0,0.0
2024-07-05 13:19:00-04:00,57.57500076293945,57.57500076293945,57.57500076293945,57.57500076293945,250,0.0,0.0,0.0
2024-07-05 13:20:00-04:00,57.57500076293945,57.58000183105469,57.57500076293945,57.58000183105469,1171,0.0,0.0,0.0
2024-07-05 13:22:00-04:00,57.59000015258789,57.59000015258789,57.59000015258789,57.59000015258789,192,0.0,0.0,0.0
2024-07-05 13:23:00-04:00,57.595001220703125,57.595001220703125,57.595001220703125,57.595001220703125,311,0.0,0.0,0.0
2024-07-05 13:25:00-04:00,57.58000183105469,57.5900993347168,57.58000183105469,57.5900993347168,11989,0.0,0.0,0.0
2024-07-05 13:26:00-04:00,57.595001220703125,57.595001220703125,57.584999084472656,57.59000015258789,3358,0.0,0.0,0.0
2024-07-05 13:27:00-04:00,57.58000183105469,57.58000183105469,57.57500076293945,57.57500076293945,1393,0.0,0.0,0.0
2024-07-05 13:30:00-04:00,57.585601806640625,57.595001220703125,57.585601806640625,57.595001220703125,652,0.0,0.0,0.0
2024-07-05 13:31:00-04:00,57.595001220703125,57.595001220703125,57.595001220703125,57.595001220703125,300,0.0,0.0,0.0
2024-07-05 13:32:00-04:00,57.590301513671875,57.590301513671875,57.590301513671875,57.590301513671875,1013,0.0,0.0,0.0
2024-07-05 13:33:00-04:00,57.596099853515625,57.596099853515625,57.59000015258789,57.59000015258789,1479,0.0,0.0,0.0
2024-07-05 13:34:00-04:00,57.59980010986328,57.59980010986328,57.59980010986328,57.59980010986328,349,0.0,0.0,0.0
2024-07-05 13:36:00-04:00,57.602699279785156,57.602699279785156,57.602699279785156,57.602699279785156,374,0.0,0.0,0.0
2024-07-05 13:38:00-04:00,57.62990188598633,57.62990188598633,57.62329864501953,57.62329864501953,998,0.0,0.0,0.0
2024-07-05 13:39:00-04:00,57.63560104370117,57.63999938964844,57.63560104370117,57.63999938964844,1202,0.0,0.0,0.0
2024-07-05 13:40:00-04:00,57.650001525878906,57.650001525878906,57.650001525878906,57.650001525878906,384,0.0,0.0,0.0
2024-07-05 13:41:00-04:00,57.651100158691406,57.651100158691406,57.651100158691406,57.651100158691406,394,0.0,0.0,0.0
2024-07-05 13:43:00-04:00,57.665000915527344,57.665000915527344,57.665000915527344,57.665000915527344,385,0.0,0.0,0.0
2024-07-05 13:44:00-04:00,57.654998779296875,57.654998779296875,57.65399932861328,57.65399932861328,1108,0.0,0.0,0.0
2024-07-05 13:45:00-04:00,57.65520095825195,57.66559982299805,57.65520095825195,57.66559982299805,853,0.0,0.0,0.0
2024-07-05 13:46:00-04:00,57.654998779296875,57.654998779296875,57.654998779296875,57.654998779296875,151,0.0,0.0,0.0
2024-07-05 13:47:00-04:00,57.65010070800781,57.65010070800781,57.65010070800781,57.65010070800781,241,0.0,0.0,0.0
2024-07-05 13:49:00-04:00,57.654998779296875,57.654998779296875,57.65010070800781,57.65439987182617,1004,0.0,0.0,0.0
2024-07-05 13:50:00-04:00,57.65999984741211,57.65999984741211,57.65999984741211,57.65999984741211,106,0.0,0.0,0.0
2024-07-05 13:51:00-04:00,57.65010070800781,57.662601470947266,57.65010070800781,57.662601470947266,1064,0.0,0.0,0.0
2024-07-05 13:52:00-04:00,57.665401458740234,57.665401458740234,57.665000915527344,57.665000915527344,916,0.0,0.0,0.0
2024-07-05 13:53:00-04:00,57.66999816894531,57.67319869995117,57.66999816894531,57.67319869995117,2050,0.0,0.0,0.0
2024-07-05 13:54:00-04:00,57.674400329589844,57.674400329589844,57.674400329589844,57.674400329589844,298,0.0,0.0,0.0
2024-07-05 13:55:00-04:00,57.679901123046875,57.679901123046875,57.679901123046875,57.679901123046875,264,0.0,0.0,0.0
2024-07-05 13:56:00-04:00,57.68000030517578,57.68000030517578,57.68000030517578,57.68000030517578,320,0.0,0.0,0.0
2024-07-05 13:57:00-04:00,57.67499923706055,57.67580032348633,57.66999816894531,57.66999816894531,1839,0.0,0.0,0.0
2024-07-05 13:59:00-04:00,57.65999984741211,57.660099029541016,57.65999984741211,57.660099029541016,1822,0.0,0.0,0.0
2024-07-05 14:01:00-04:00,57.661399841308594,57.661399841308594,57.64500045776367,57.64500045776367,3712,0.0,0.0,0.0
2024-07-05 14:02:00-04:00,57.65230178833008,57.655601501464844,57.65230178833008,57.655601501464844,332,0.0,0.0,0.0
2024-07-05 14:03:00-04:00,57.65019989013672,57.654998779296875,57.65019989013672,57.654998779296875,1022,0.0,0.0,0.0
2024-07-05 14:04:00-04:00,57.630001068115234,57.630001068115234,57.630001068115234,57.630001068115234,113,0.0,0.0,0.0
2024-07-05 14:05:00-04:00,57.63990020751953,57.63999938964844,57.63990020751953,57.63999938964844,285,0.0,0.0,0.0
2024-07-05 14:06:00-04:00,57.64500045776367,57.650001525878906,57.6431999206543,57.650001525878906,696,0.0,0.0,0.0
2024-07-05 14:07:00-04:00,57.630001068115234,57.6349983215332,57.630001068115234,57.6349983215332,1775,0.0,0.0,0.0
2024-07-05 14:08:00-04:00,57.62179946899414,57.63019943237305,57.62179946899414,57.63019943237305,6340,0.0,0.0,0.0
2024-07-05 14:09:00-04:00,57.63999938964844,57.64500045776367,57.6150016784668,57.62900161743164,10166,0.0,0.0,0.0
2024-07-05 14:10:00-04:00,57.6244010925293,57.630001068115234,57.6244010925293,57.630001068115234,519,0.0,0.0,0.0
2024-07-05 14:11:00-04:00,57.630001068115234,57.630001068115234,57.630001068115234,57.630001068115234,166,0.0,0.0,0.0
2024-07-05 14:12:00-04:00,57.630699157714844,57.63600158691406,57.630699157714844,57.63600158691406,1412,0.0,0.0,0.0
2024-07-05 14:15:00-04:00,57.630001068115234,57.630001068115234,57.630001068115234,57.630001068115234,195,0.0,0.0,0.0
2024-07-05 14:16:00-04:00,57.638999938964844,57.63999938964844,57.638999938964844,57.63999938964844,813,0.0,0.0,0.0
2024-07-05 14:17:00-04:00,57.64500045776367,57.64500045776367,57.6421012878418,57.6421012878418,1182,0.0,0.0,0.0
2024-07-05 14:18:00-04:00,57.64500045776367,57.64830017089844,57.6422004699707,57.64830017089844,1713,0.0,0.0,0.0
2024-07-05 14:20:00-04:00,57.63999938964844,57.645999908447266,57.63999938964844,57.645999908447266,18749,0.0,0.0,0.0
2024-07-05 14:21:00-04:00,57.643699645996094,57.649898529052734,57.643699645996094,57.649898529052734,1023,0.0,0.0,0.0
2024-07-05 14:23:00-04:00,57.63999938964844,57.64500045776367,57.63999938964844,57.64500045776367,1416,0.0,0.0,0.0
2024-07-05 14:24:00-04:00,57.63010025024414,57.63010025024414,57.63010025024414,57.63010025024414,2493,0.0,0.0,0.0
2024-07-05 14:25:00-04:00,57.630001068115234,57.630001068115234,57.630001068115234,57.630001068115234,562,0.0,0.0,0.0
2024-07-05 14:26:00-04:00,57.63999938964844,57.63999938964844,57.63999938964844,57.63999938964844,236,0.0,0.0,0.0
2024-07-05 14:27:00-04:00,57.63999938964844,57.63999938964844,57.633201599121094,57.63610076904297,1714,0.0,0.0,0.0
2024-07-05 14:28:00-04:00,57.63999938964844,57.63999938964844,57.63560104370117,57.63560104370117,1251,0.0,0.0,0.0
2024-07-05 14:30:00-04:00,57.63999938964844,57.63999938964844,57.63010025024414,57.63010025024414,910,0.0,0.0,0.0
2024-07-05 14:33:00-04:00,57.630001068115234,57.63999938964844,57.630001068115234,57.63999938964844,1110,0.0,0.0,0.0
2024-07-05 14:34:00-04:00,57.650001525878906,57.65599822998047,57.650001525878906,57.65599822998047,1194,0.0,0.0,0.0
2024-07-05 14:35:00-04:00,57.65480041503906,57.65999984741211,57.650001525878906,57.65480041503906,2744,0.0,0.0,0.0
2024-07-05 14:36:00-04:00,57.65999984741211,57.65999984741211,57.65010070800781,57.6599006652832,2031,0.0,0.0,0.0
2024-07-05 14:37:00-04:00,57.65439987182617,57.65439987182617,57.65439987182617,57.65439987182617,344,0.0,0.0,0.0
2024-07-05 14:38:00-04:00,57.642398834228516,57.650001525878906,57.642398834228516,57.64500045776367,1666,0.0,0.0,0.0
2024-07-05 14:39:00-04:00,57.64440155029297,57.64440155029297,57.64250183105469,57.64250183105469,1289,0.0,0.0,0.0
2024-07-05 14:41:00-04:00,57.645999908447266,57.65999984741211,57.645999908447266,57.65999984741211,4019,0.0,0.0,0.0
2024-07-05 14:43:00-04:00,57.654998779296875,57.655601501464844,57.654998779296875,57.655601501464844,2051,0.0,0.0,0.0
2024-07-05 14:45:00-04:00,57.65439987182617,57.65999984741211,57.65439987182617,57.65999984741211,1871,0.0,0.0,0.0
2024-07-05 14:48:00-04:00,57.665000915527344,57.67499923706055,57.665000915527344,57.66899871826172,3504,0.0,0.0,0.0
2024-07-05 14:49:00-04:00,57.672000885009766,57.689998626708984,57.672000885009766,57.685001373291016,23800,0.0,0.0,0.0
2024-07-05 14:50:00-04:00,57.68000030517578,57.68000030517578,57.68000030517578,57.68000030517578,327,0.0,0.0,0.0
2024-07-05 14:51:00-04:00,57.685001373291016,57.685001373291016,57.685001373291016,57.685001373291016,12856,0.0,0.0,0.0
2024-07-05 14:52:00-04:00,57.689998626708984,57.689998626708984,57.689998626708984,57.689998626708984,124,0.0,0.0,0.0
2024-07-05 14:53:00-04:00,57.689998626708984,57.689998626708984,57.68000030517578,57.68000030517578,422,0.0,0.0,0.0
2024-07-05 14:55:00-04:00,57.67499923706055,57.68000030517578,57.67499923706055,57.68000030517578,903,0.0,0.0,0.0
2024-07-05 14:56:00-04:00,57.66999816894531,57.67150115966797,57.66999816894531,57.67150115966797,1000,0.0,0.0,0.0
2024-07-05 14:57:00-04:00,57.67499923706055,57.68000030517578,57.67499923706055,57.68000030517578,1787,0.0,0.0,0.0
2024-07-05 14:58:00-04:00,57.67660140991211,57.679901123046875,57.67499923706055,57.679901123046875,847,0.0,0.0,0.0
2024-07-05 14:59:00-04:00,57.68000030517578,57.68000030517578,57.68000030517578,57.68000030517578,485,0.0,0.0,0.0
2024-07-05 15:00:00-04:00,57.67620086669922,57.67620086669922,57.67620086669922,57.67620086669922,326,0.0,0.0,0.0
2024-07-05 15:01:00-04:00,57.67499923706055,57.689998626708984,57.67499923706055,57.685001373291016,2979,0.0,0.0,0.0
2024-07-05 15:03:00-04:00,57.67399978637695,57.67399978637695,57.67399978637695,57.67399978637695,1673,0.0,0.0,0.0
2024-07-05 15:05:00-04:00,57.68000030517578,57.68000030517578,57.67499923706055,57.67499923706055,1110,0.0,0.0,0.0
2024-07-05 15:06:00-04:00,57.665000915527344,57.665000915527344,57.665000915527344,57.665000915527344,738,0.0,0.0,0.0
2024-07-05 15:07:00-04:00,57.65999984741211,57.65999984741211,57.654998779296875,57.654998779296875,847,0.0,0.0,0.0
2024-07-05 15:08:00-04:00,57.66109848022461,57.66109848022461,57.66109848022461,57.66109848022461,150,0.0,0.0,0.0
2024-07-05 15:09:00-04:00,57.665000915527344,57.666099548339844,57.65999984741211,57.65999984741211,3908,0.0,0.0,0.0
2024-07-05 15:10:00-04:00,57.65999984741211,57.65999984741211,57.65999984741211,57.65999984741211,314,0.0,0.0,0.0
2024-07-05 15:11:00-04:00,57.66379928588867,57.66379928588867,57.66379928588867,57.66379928588867,432,0.0,0.0,0.0
2024-07-05 15:12:00-04:00,57.665000915527344,57.66559982299805,57.66109848022461,57.665000915527344,825,0.0,0.0,0.0
2024-07-05 15:13:00-04:00,57.66510009765625,57.669898986816406,57.660099029541016,57.665000915527344,1876,0.0,0.0,0.0
2024-07-05 15:14:00-04:00,57.665000915527344,57.665000915527344,57.65999984741211,57.65999984741211,345,0.0,0.0,0.0
2024-07-05 15:15:00-04:00,57.660099029541016,57.660099029541016,57.654598236083984,57.65999984741211,1304,0.0,0.0,0.0
2024-07-05 15:16:00-04:00,57.65620040893555,57.65999984741211,57.65620040893555,57.65999984741211,1768,0.0,0.0,0.0
2024-07-05 15:17:00-04:00,57.660099029541016,57.6614990234375,57.658199310302734,57.658199310302734,4618,0.0,0.0,0.0
2024-07-05 15:18:00-04:00,57.654998779296875,57.654998779296875,57.654998779296875,57.654998779296875,524,0.0,0.0,0.0
2024-07-05 15:19:00-04:00,57.654998779296875,57.654998779296875,57.654998779296875,57.654998779296875,695,0.0,0.0,0.0
2024-07-05 15:20:00-04:00,57.650001525878906,57.650001525878906,57.650001525878906,57.650001525878906,459,0.0,0.0,0.0
2024-07-05 15:21:00-04:00,57.65999984741211,57.65999984741211,57.64820098876953,57.64820098876953,778,0.0,0.0,0.0
2024-07-05 15:22:00-04:00,57.650001525878906,57.654998779296875,57.643001556396484,57.654998779296875,3026,0.0,0.0,0.0
2024-07-05 15:23:00-04:00,57.65999984741211,57.65999984741211,57.65999984741211,57.65999984741211,220,0.0,0.0,0.0
2024-07-05 15:24:00-04:00,57.654998779296875,57.654998779296875,57.654998779296875,57.654998779296875,429,0.0,0.0,0.0
2024-07-05 15:25:00-04:00,57.654998779296875,57.65620040893555,57.654998779296875,57.65620040893555,1053,0.0,0.0,0.0
2024-07-05 15:26:00-04:00,57.65019989013672,57.65019989013672,57.65019989013672,57.65019989013672,2666,0.0,0.0,0.0
2024-07-05 15:27:00-04:00,57.650299072265625,57.655601501464844,57.64580154418945,57.655601501464844,1453,0.0,0.0,0.0
2024-07-05 15:28:00-04:00,57.650001525878906,57.650001525878906,57.650001525878906,57.650001525878906,619,0.0,0.0,0.0
2024-07-05 15:29:00-04:00,57.650001525878906,57.650001525878906,57.64500045776367,57.64500045776367,556,0.0,0.0,0.0
2024-07-05 15:30:00-04:00,57.650001525878906,57.654998779296875,57.64500045776367,57.654998779296875,1614,0.0,0.0,0.0
2024-07-05 15:31:00-04:00,57.654701232910156,57.65650177001953,57.654701232910156,57.65650177001953,4076,0.0,0.0,0.0
2024-07-05 15:32:00-04:00,57.6531982421875,57.65679931640625,57.6531982421875,57.654998779296875,1167,0.0,0.0,0.0
2024-07-05 15:33:00-04:00,57.65999984741211,57.65999984741211,57.65999984741211,57.65999984741211,122,0.0,0.0,0.0
2024-07-05 15:34:00-04:00,57.660400390625,57.660400390625,57.655601501464844,57.655601501464844,1078,0.0,0.0,0.0
2024-07-05 15:35:00-04:00,57.660099029541016,57.67660140991211,57.660099029541016,57.67660140991211,630,0.0,0.0,0.0
2024-07-05 15:36:00-04:00,57.68000030517578,57.68000030517578,57.68000030517578,57.68000030517578,386,0.0,0.0,0.0
2024-07-05 15:37:00-04:00,57.67499923706055,57.68000030517578,57.67499923706055,57.68000030517578,781,0.0,0.0,0.0
2024-07-05 15:38:00-04:00,57.68560028076172,57.68560028076172,57.68560028076172,57.68560028076172,129,0.0,0.0,0.0
2024-07-05 15:39:00-04:00,57.685001373291016,57.685001373291016,57.68000030517578,57.685001373291016,701,0.0,0.0,0.0
2024-07-05 15:40:00-04:00,57.685001373291016,57.689998626708984,57.685001373291016,57.689998626708984,346,0.0,0.0,0.0
2024-07-05 15:41:00-04:00,57.685001373291016,57.685001373291016,57.68009948730469,57.685001373291016,1366,0.0,0.0,0.0
2024-07-05 15:42:00-04:00,57.685001373291016,57.685001373291016,57.685001373291016,57.685001373291016,187,0.0,0.0,0.0
2024-07-05 15:43:00-04:00,57.689998626708984,57.689998626708984,57.689998626708984,57.689998626708984,2183,0.0,0.0,0.0
2024-07-05 15:44:00-04:00,57.689998626708984,57.720001220703125,57.689998626708984,57.709999084472656,1645,0.0,0.0,0.0
2024-07-05 15:45:00-04:00,57.70500183105469,57.709999084472656,57.70500183105469,57.709999084472656,1592,0.0,0.0,0.0
2024-07-05 15:46:00-04:00,57.709999084472656,57.709999084472656,57.70009994506836,57.70009994506836,3846,0.0,0.0,0.0
2024-07-05 15:47:00-04:00,57.709999084472656,57.71500015258789,57.709999084472656,57.71500015258789,1178,0.0,0.0,0.0
2024-07-05 15:48:00-04:00,57.720001220703125,57.724998474121094,57.7140998840332,57.7140998840332,3654,0.0,0.0,0.0
2024-07-05 15:49:00-04:00,57.71500015258789,57.71500015258789,57.71500015258789,57.71500015258789,1421,0.0,0.0,0.0
2024-07-05 15:50:00-04:00,57.71009826660156,57.75199890136719,57.71009826660156,57.75199890136719,2172,0.0,0.0,0.0
2024-07-05 15:51:00-04:00,57.7599983215332,57.769901275634766,57.7599983215332,57.769901275634766,2502,0.0,0.0,0.0
2024-07-05 15:52:00-04:00,57.76250076293945,57.76499938964844,57.75,57.76499938964844,13811,0.0,0.0,0.0
2024-07-05 15:53:00-04:00,57.77000045776367,57.775001525878906,57.7599983215332,57.7599983215332,2734,0.0,0.0,0.0
2024-07-05 15:54:00-04:00,57.7599983215332,57.77000045776367,57.75680160522461,57.76499938964844,3989,0.0,0.0,0.0
2024-07-05 15:55:00-04:00,57.76559829711914,57.775001525878906,57.76559829711914,57.765899658203125,2618,0.0,0.0,0.0
2024-07-05 15:56:00-04:00,57.7599983215332,57.7599983215332,57.755001068115234,57.7599983215332,1322,0.0,0.0,0.0
2024-07-05 15:57:00-04:00,57.750099182128906,57.7599983215332,57.750099182128906,57.7599983215332,2507,0.0,0.0,0.0
2024-07-05 15:58:00-04:00,57.7599983215332,57.77000045776367,57.7599983215332,57.76499938964844,4341,0.0,0.0,0.0
2024-07-05 15:59:00-04:00,57.7599983215332,57.7599983215332,57.72999954223633,57.73500061035156,7570,0.0,0.0,0.0
