Datetime,Open,High,Low,Close,Volume,Dividends,Stock Splits
2024-08-14 09:50:00-04:00,11.319999694824219,11.319999694824219,11.319999694824219,11.319999694824219,0,0.0,0.0
2024-08-14 10:50:00-04:00,11.210000038146973,11.210000038146973,11.210000038146973,11.210000038146973,961,0.0,0.0
2024-08-14 10:55:00-04:00,11.170000076293945,11.1899995803833,11.170000076293945,11.1899995803833,1089,0.0,0.0
2024-08-14 12:05:00-04:00,11.239999771118164,11.239999771118164,11.239999771118164,11.239999771118164,1100,0.0,0.0
2024-08-14 12:15:00-04:00,11.239999771118164,11.239999771118164,11.239999771118164,11.239999771118164,0,0.0,0.0
2024-08-14 12:20:00-04:00,11.229999542236328,11.229999542236328,11.229999542236328,11.229999542236328,866,0.0,0.0
2024-08-14 13:00:00-04:00,11.145000457763672,11.145000457763672,11.145000457763672,11.145000457763672,220,0.0,0.0
2024-08-14 14:35:00-04:00,11.130000114440918,11.149999618530273,11.130000114440918,11.140000343322754,2057,0.0,0.0
2024-08-14 15:40:00-04:00,11.119999885559082,11.140000343322754,11.119999885559082,11.140000343322754,328,0.0,0.0
2024-08-14 15:45:00-04:00,11.130000114440918,11.130000114440918,11.130000114440918,11.130000114440918,576,0.0,0.0
2024-08-14 15:50:00-04:00,11.180000305175781,11.199999809265137,11.180000305175781,11.199999809265137,664,0.0,0.0
2024-08-14 15:55:00-04:00,11.199999809265137,11.270000457763672,11.199999809265137,11.270000457763672,2831,0.0,0.0
2024-08-15 09:30:00-04:00,11.59000015258789,11.729999542236328,11.59000015258789,11.729999542236328,1161,0.0,0.0
2024-08-15 09:40:00-04:00,11.614999771118164,11.614999771118164,11.614999771118164,11.614999771118164,66,0.0,0.0
2024-08-15 09:50:00-04:00,11.595000267028809,11.595000267028809,11.595000267028809,11.595000267028809,101,0.0,0.0
2024-08-15 09:55:00-04:00,11.59000015258789,11.635000228881836,11.59000015258789,11.635000228881836,814,0.0,0.0
2024-08-15 10:05:00-04:00,11.595000267028809,11.595000267028809,11.550000190734863,11.550000190734863,1051,0.0,0.0
2024-08-15 10:15:00-04:00,11.600000381469727,11.600000381469727,11.600000381469727,11.600000381469727,406,0.0,0.0
2024-08-15 10:30:00-04:00,11.5600004196167,11.5600004196167,11.5600004196167,11.5600004196167,180,0.0,0.0
2024-08-15 10:35:00-04:00,11.649999618530273,11.720000267028809,11.649999618530273,11.720000267028809,3691,0.0,0.0
2024-08-15 10:40:00-04:00,11.720000267028809,11.720000267028809,11.720000267028809,11.720000267028809,841,0.0,0.0
2024-08-15 10:55:00-04:00,11.710000038146973,11.739999771118164,11.695699691772461,11.739999771118164,897,0.0,0.0
2024-08-15 11:00:00-04:00,11.8100004196167,11.829999923706055,11.8100004196167,11.829999923706055,694,0.0,0.0
2024-08-15 11:05:00-04:00,11.850000381469727,11.869999885559082,11.850000381469727,11.850000381469727,1846,0.0,0.0
2024-08-15 11:25:00-04:00,11.850000381469727,11.850000381469727,11.779999732971191,11.779999732971191,3031,0.0,0.0
2024-08-15 11:35:00-04:00,11.800000190734863,11.800000190734863,11.800000190734863,11.800000190734863,424,0.0,0.0
2024-08-15 11:40:00-04:00,11.800000190734863,11.800000190734863,11.800000190734863,11.800000190734863,315,0.0,0.0
2024-08-15 12:10:00-04:00,11.829999923706055,11.854999542236328,11.829999923706055,11.854999542236328,1071,0.0,0.0
2024-08-15 12:30:00-04:00,11.899999618530273,11.899999618530273,11.899999618530273,11.899999618530273,3735,0.0,0.0
2024-08-15 12:35:00-04:00,11.899999618530273,11.899999618530273,11.885000228881836,11.885000228881836,621,0.0,0.0
2024-08-15 12:45:00-04:00,11.84000015258789,11.84000015258789,11.819999694824219,11.833999633789062,2174,0.0,0.0
2024-08-15 13:00:00-04:00,11.805000305175781,11.805000305175781,11.805000305175781,11.805000305175781,106,0.0,0.0
2024-08-15 13:05:00-04:00,11.795000076293945,11.795000076293945,11.795000076293945,11.795000076293945,319,0.0,0.0
2024-08-15 13:20:00-04:00,11.819999694824219,11.819999694824219,11.8149995803833,11.8149995803833,573,0.0,0.0
2024-08-15 13:35:00-04:00,11.829999923706055,11.829999923706055,11.800000190734863,11.805000305175781,496,0.0,0.0
2024-08-15 13:50:00-04:00,11.819999694824219,11.90999984741211,11.819999694824219,11.90999984741211,4291,0.0,0.0
2024-08-15 13:55:00-04:00,11.864999771118164,11.890000343322754,11.864999771118164,11.890000343322754,591,0.0,0.0
2024-08-15 14:05:00-04:00,11.881500244140625,11.881500244140625,11.881500244140625,11.881500244140625,263,0.0,0.0
2024-08-15 14:15:00-04:00,11.877900123596191,11.877900123596191,11.877900123596191,11.877900123596191,465,0.0,0.0
2024-08-15 14:20:00-04:00,11.875,11.875,11.875,11.875,111,0.0,0.0
2024-08-15 14:30:00-04:00,11.899999618530273,11.899999618530273,11.899999618530273,11.899999618530273,366,0.0,0.0
2024-08-15 14:45:00-04:00,11.890000343322754,11.899999618530273,11.890000343322754,11.899999618530273,4999,0.0,0.0
2024-08-15 14:50:00-04:00,11.868000030517578,11.868000030517578,11.830100059509277,11.830100059509277,2682,0.0,0.0
2024-08-15 14:55:00-04:00,11.869999885559082,11.869999885559082,11.869999885559082,11.869999885559082,146,0.0,0.0
2024-08-15 15:00:00-04:00,11.864999771118164,11.864999771118164,11.864999771118164,11.864999771118164,502,0.0,0.0
2024-08-15 15:05:00-04:00,11.829999923706055,11.84000015258789,11.800000190734863,11.800000190734863,1070,0.0,0.0
2024-08-15 15:10:00-04:00,11.805000305175781,11.805000305175781,11.805000305175781,11.805000305175781,200,0.0,0.0
2024-08-15 15:15:00-04:00,11.8100004196167,11.819999694824219,11.800000190734863,11.819999694824219,1153,0.0,0.0
2024-08-15 15:20:00-04:00,11.864999771118164,11.864999771118164,11.84000015258789,11.84000015258789,673,0.0,0.0
2024-08-15 15:30:00-04:00,11.829999923706055,11.84000015258789,11.829999923706055,11.84000015258789,487,0.0,0.0
2024-08-15 15:35:00-04:00,11.824999809265137,11.824999809265137,11.770000457763672,11.789999961853027,913,0.0,0.0
2024-08-15 15:40:00-04:00,11.789999961853027,11.789999961853027,11.789999961853027,11.789999961853027,1237,0.0,0.0
2024-08-15 15:50:00-04:00,11.75,11.765000343322754,11.71500015258789,11.71500015258789,3733,0.0,0.0
2024-08-15 15:55:00-04:00,11.75,11.75,11.725000381469727,11.744999885559082,3588,0.0,0.0
2024-08-16 09:30:00-04:00,11.720000267028809,11.720000267028809,11.720000267028809,11.720000267028809,2933,0.0,0.0
2024-08-16 09:40:00-04:00,11.890000343322754,11.890000343322754,11.890000343322754,11.890000343322754,811,0.0,0.0
2024-08-16 10:00:00-04:00,11.899999618530273,11.899999618530273,11.890000343322754,11.890000343322754,4746,0.0,0.0
2024-08-16 10:20:00-04:00,11.895000457763672,11.895000457763672,11.895000457763672,11.895000457763672,200,0.0,0.0
2024-08-16 10:50:00-04:00,11.869999885559082,11.869999885559082,11.8100004196167,11.8100004196167,836,0.0,0.0
2024-08-16 11:00:00-04:00,11.8100004196167,11.8100004196167,11.8100004196167,11.8100004196167,115,0.0,0.0
2024-08-16 11:20:00-04:00,11.8100004196167,11.8100004196167,11.8100004196167,11.8100004196167,361,0.0,0.0
2024-08-16 11:55:00-04:00,11.854999542236328,11.854999542236328,11.854999542236328,11.854999542236328,674,0.0,0.0
2024-08-16 12:35:00-04:00,11.829999923706055,11.829999923706055,11.829999923706055,11.829999923706055,528,0.0,0.0
2024-08-16 12:45:00-04:00,11.800000190734863,11.800000190734863,11.800000190734863,11.800000190734863,137,0.0,0.0
2024-08-16 12:50:00-04:00,11.800000190734863,11.800000190734863,11.800000190734863,11.800000190734863,418,0.0,0.0
2024-08-16 12:55:00-04:00,11.789999961853027,11.789999961853027,11.789999961853027,11.789999961853027,477,0.0,0.0
2024-08-16 13:05:00-04:00,11.75,11.75,11.75,11.75,300,0.0,0.0
2024-08-16 13:10:00-04:00,11.760000228881836,11.760000228881836,11.760000228881836,11.760000228881836,188,0.0,0.0
2024-08-16 13:15:00-04:00,11.770000457763672,11.770000457763672,11.770000457763672,11.770000457763672,641,0.0,0.0
2024-08-16 13:35:00-04:00,11.710100173950195,11.710100173950195,11.710100173950195,11.710100173950195,1248,0.0,0.0
2024-08-16 13:50:00-04:00,11.694999694824219,11.694999694824219,11.694999694824219,11.694999694824219,277,0.0,0.0
2024-08-16 14:05:00-04:00,11.71500015258789,11.71500015258789,11.6899995803833,11.6899995803833,616,0.0,0.0
2024-08-16 14:25:00-04:00,11.710000038146973,11.710000038146973,11.710000038146973,11.710000038146973,421,0.0,0.0
2024-08-16 14:50:00-04:00,11.729999542236328,11.729999542236328,11.729999542236328,11.729999542236328,323,0.0,0.0
2024-08-16 14:55:00-04:00,11.739999771118164,11.739999771118164,11.739999771118164,11.739999771118164,543,0.0,0.0
2024-08-16 15:15:00-04:00,11.734999656677246,11.734999656677246,11.729999542236328,11.729999542236328,321,0.0,0.0
2024-08-16 15:25:00-04:00,11.729999542236328,11.729999542236328,11.729999542236328,11.729999542236328,111,0.0,0.0
2024-08-16 15:30:00-04:00,11.755000114440918,11.755000114440918,11.755000114440918,11.755000114440918,117,0.0,0.0
2024-08-16 15:35:00-04:00,11.739999771118164,11.739999771118164,11.739999771118164,11.739999771118164,1046,0.0,0.0
2024-08-16 15:45:00-04:00,11.729999542236328,11.729999542236328,11.729999542236328,11.729999542236328,1845,0.0,0.0
2024-08-16 15:50:00-04:00,11.819999694824219,11.819999694824219,11.819999694824219,11.819999694824219,2003,0.0,0.0
2024-08-16 15:55:00-04:00,11.829999923706055,11.829999923706055,11.710000038146973,11.710000038146973,4008,0.0,0.0
2024-08-19 09:30:00-04:00,11.739999771118164,11.739999771118164,11.739999771118164,11.739999771118164,613,0.0,0.0
2024-08-19 09:45:00-04:00,11.6899995803833,11.6899995803833,11.6899995803833,11.6899995803833,435,0.0,0.0
2024-08-19 09:55:00-04:00,11.630000114440918,11.6850004196167,11.630000114440918,11.6850004196167,636,0.0,0.0
2024-08-19 10:10:00-04:00,11.685099601745605,11.685099601745605,11.685099601745605,11.685099601745605,214,0.0,0.0
2024-08-19 10:25:00-04:00,11.685999870300293,11.685999870300293,11.685999870300293,11.685999870300293,639,0.0,0.0
2024-08-19 11:10:00-04:00,11.699999809265137,11.699999809265137,11.699999809265137,11.699999809265137,149,0.0,0.0
2024-08-19 11:15:00-04:00,11.645099639892578,11.645099639892578,11.645099639892578,11.645099639892578,557,0.0,0.0
2024-08-19 11:35:00-04:00,11.75,11.75,11.75,11.75,143,0.0,0.0
2024-08-19 11:40:00-04:00,11.710000038146973,11.710000038146973,11.710000038146973,11.710000038146973,800,0.0,0.0
2024-08-19 12:05:00-04:00,11.75,11.75,11.729999542236328,11.729999542236328,727,0.0,0.0
2024-08-19 12:10:00-04:00,11.779999732971191,11.779999732971191,11.779999732971191,11.779999732971191,112,0.0,0.0
2024-08-19 12:25:00-04:00,11.753499984741211,11.753499984741211,11.753499984741211,11.753499984741211,154,0.0,0.0
2024-08-19 12:40:00-04:00,11.84000015258789,11.84000015258789,11.84000015258789,11.84000015258789,132,0.0,0.0
2024-08-19 12:50:00-04:00,11.8149995803833,11.8149995803833,11.8149995803833,11.8149995803833,115,0.0,0.0
2024-08-19 12:55:00-04:00,11.819999694824219,11.819999694824219,11.819999694824219,11.819999694824219,201,0.0,0.0
2024-08-19 13:00:00-04:00,11.819999694824219,11.819999694824219,11.819999694824219,11.819999694824219,700,0.0,0.0
2024-08-19 13:15:00-04:00,11.819999694824219,11.819999694824219,11.819999694824219,11.819999694824219,333,0.0,0.0
2024-08-19 13:40:00-04:00,11.84000015258789,11.84000015258789,11.84000015258789,11.84000015258789,583,0.0,0.0
2024-08-19 13:45:00-04:00,11.864999771118164,11.87440013885498,11.84000015258789,11.87440013885498,1341,0.0,0.0
2024-08-19 14:00:00-04:00,11.84000015258789,11.84000015258789,11.84000015258789,11.84000015258789,599,0.0,0.0
2024-08-19 14:05:00-04:00,11.850000381469727,11.850000381469727,11.849499702453613,11.849499702453613,559,0.0,0.0
2024-08-19 14:15:00-04:00,11.84000015258789,11.84000015258789,11.84000015258789,11.84000015258789,131,0.0,0.0
2024-08-19 14:25:00-04:00,11.850000381469727,11.850000381469727,11.850000381469727,11.850000381469727,167,0.0,0.0
2024-08-19 14:35:00-04:00,11.84000015258789,11.84000015258789,11.84000015258789,11.84000015258789,273,0.0,0.0
2024-08-19 15:00:00-04:00,11.832900047302246,11.832900047302246,11.832900047302246,11.832900047302246,541,0.0,0.0
2024-08-19 15:20:00-04:00,11.84000015258789,11.84000015258789,11.84000015258789,11.84000015258789,653,0.0,0.0
2024-08-19 15:25:00-04:00,11.789999961853027,11.789999961853027,11.789999961853027,11.789999961853027,1502,0.0,0.0
2024-08-19 15:55:00-04:00,11.760000228881836,11.760000228881836,11.760000228881836,11.760000228881836,493,0.0,0.0
2024-08-20 09:55:00-04:00,11.654999732971191,11.654999732971191,11.654999732971191,11.654999732971191,718,0.0,0.0
2024-08-20 10:00:00-04:00,11.694999694824219,11.694999694824219,11.694999694824219,11.694999694824219,104,0.0,0.0
2024-08-20 10:05:00-04:00,11.600099563598633,11.600099563598633,11.600099563598633,11.600099563598633,1103,0.0,0.0
2024-08-20 10:20:00-04:00,11.680000305175781,11.680000305175781,11.680000305175781,11.680000305175781,626,0.0,0.0
2024-08-20 10:30:00-04:00,11.6899995803833,11.6899995803833,11.6899995803833,11.6899995803833,462,0.0,0.0
2024-08-20 10:45:00-04:00,11.640000343322754,11.640000343322754,11.640000343322754,11.640000343322754,110,0.0,0.0
2024-08-20 10:50:00-04:00,11.640000343322754,11.640000343322754,11.640000343322754,11.640000343322754,278,0.0,0.0
2024-08-20 11:30:00-04:00,11.609999656677246,11.609999656677246,11.609999656677246,11.609999656677246,167,0.0,0.0
2024-08-20 11:35:00-04:00,11.600000381469727,11.600000381469727,11.600000381469727,11.600000381469727,1345,0.0,0.0
2024-08-20 12:00:00-04:00,11.619999885559082,11.619999885559082,11.619999885559082,11.619999885559082,216,0.0,0.0
2024-08-20 12:05:00-04:00,11.649999618530273,11.65999984741211,11.649999618530273,11.65999984741211,571,0.0,0.0
2024-08-20 12:30:00-04:00,11.654999732971191,11.654999732971191,11.654999732971191,11.654999732971191,236,0.0,0.0
2024-08-20 13:05:00-04:00,11.649999618530273,11.649999618530273,11.649999618530273,11.649999618530273,300,0.0,0.0
2024-08-20 13:10:00-04:00,11.640000343322754,11.640000343322754,11.640000343322754,11.640000343322754,117,0.0,0.0
2024-08-20 13:15:00-04:00,11.649999618530273,11.649999618530273,11.649999618530273,11.649999618530273,835,0.0,0.0
2024-08-20 14:10:00-04:00,11.645000457763672,11.645000457763672,11.640000343322754,11.640000343322754,203,0.0,0.0
2024-08-20 14:15:00-04:00,11.649999618530273,11.649999618530273,11.645000457763672,11.649999618530273,55452,0.0,0.0
2024-08-20 14:20:00-04:00,11.640000343322754,11.71500015258789,11.640000343322754,11.640000343322754,8915,0.0,0.0
2024-08-20 14:45:00-04:00,11.720000267028809,11.720000267028809,11.720000267028809,11.720000267028809,1204,0.0,0.0
2024-08-20 15:30:00-04:00,11.649999618530273,11.649999618530273,11.649999618530273,11.649999618530273,528,0.0,0.0
2024-08-20 15:35:00-04:00,11.640000343322754,11.640000343322754,11.640000343322754,11.640000343322754,272,0.0,0.0
2024-08-20 15:40:00-04:00,11.569999694824219,11.569999694824219,11.569999694824219,11.569999694824219,490,0.0,0.0
2024-08-20 15:50:00-04:00,11.600000381469727,11.600000381469727,11.600000381469727,11.600000381469727,577,0.0,0.0
2024-08-20 15:55:00-04:00,11.640000343322754,11.640000343322754,11.640000343322754,11.640000343322754,1103,0.0,0.0
2024-08-21 09:50:00-04:00,11.600000381469727,11.600000381469727,11.600000381469727,11.600000381469727,0,0.0,0.0
2024-08-21 10:20:00-04:00,11.585000038146973,11.60990047454834,11.585000038146973,11.60990047454834,699,0.0,0.0
2024-08-21 10:55:00-04:00,11.646900177001953,11.646900177001953,11.646900177001953,11.646900177001953,157,0.0,0.0
2024-08-21 11:00:00-04:00,11.57800006866455,11.57800006866455,11.57800006866455,11.57800006866455,550,0.0,0.0
2024-08-21 11:50:00-04:00,11.609999656677246,11.609999656677246,11.609999656677246,11.609999656677246,241,0.0,0.0
2024-08-21 12:10:00-04:00,11.600000381469727,11.600000381469727,11.600000381469727,11.600000381469727,232,0.0,0.0
2024-08-21 12:25:00-04:00,11.600000381469727,11.600000381469727,11.600000381469727,11.600000381469727,1489,0.0,0.0
2024-08-21 13:00:00-04:00,11.640000343322754,11.649999618530273,11.640000343322754,11.649999618530273,1008,0.0,0.0
2024-08-21 13:50:00-04:00,11.75,11.75,11.75,11.75,238,0.0,0.0
2024-08-21 14:15:00-04:00,11.760000228881836,11.760000228881836,11.760000228881836,11.760000228881836,112,0.0,0.0
2024-08-21 14:20:00-04:00,11.75,11.75,11.75,11.75,423,0.0,0.0
2024-08-21 14:30:00-04:00,11.744999885559082,11.75,11.744999885559082,11.75,309,0.0,0.0
2024-08-21 14:45:00-04:00,11.75,11.75,11.75,11.75,3536,0.0,0.0
2024-08-21 14:55:00-04:00,11.760000228881836,11.760000228881836,11.730600357055664,11.730600357055664,746,0.0,0.0
2024-08-21 15:05:00-04:00,11.741000175476074,11.741000175476074,11.741000175476074,11.741000175476074,796,0.0,0.0
2024-08-21 15:25:00-04:00,11.739999771118164,11.739999771118164,11.739999771118164,11.739999771118164,741,0.0,0.0
2024-08-21 15:30:00-04:00,11.729999542236328,11.729999542236328,11.729999542236328,11.729999542236328,180,0.0,0.0
2024-08-21 15:45:00-04:00,11.710000038146973,11.710000038146973,11.710000038146973,11.710000038146973,473,0.0,0.0
2024-08-21 15:55:00-04:00,11.710000038146973,11.710000038146973,11.6899995803833,11.6899995803833,1439,0.0,0.0
2024-08-22 09:35:00-04:00,11.800000190734863,11.800000190734863,11.800000190734863,11.800000190734863,426,0.0,0.0
2024-08-22 09:45:00-04:00,11.800000190734863,11.800000190734863,11.800000190734863,11.800000190734863,3120,0.0,0.0
2024-08-22 09:50:00-04:00,11.789999961853027,11.800000190734863,11.788800239562988,11.788800239562988,1103,0.0,0.0
2024-08-22 10:00:00-04:00,11.75,11.75,11.739999771118164,11.739999771118164,402,0.0,0.0
2024-08-22 10:05:00-04:00,11.75,11.75,11.75,11.75,305,0.0,0.0
2024-08-22 10:10:00-04:00,11.739999771118164,11.739999771118164,11.739999771118164,11.739999771118164,326,0.0,0.0
2024-08-22 10:45:00-04:00,11.720000267028809,11.720000267028809,11.699999809265137,11.710000038146973,2654,0.0,0.0
2024-08-22 11:20:00-04:00,11.70009994506836,11.70009994506836,11.70009994506836,11.70009994506836,593,0.0,0.0
2024-08-22 11:35:00-04:00,11.699999809265137,11.699999809265137,11.699999809265137,11.699999809265137,421,0.0,0.0
2024-08-22 11:40:00-04:00,11.670000076293945,11.670000076293945,11.670000076293945,11.670000076293945,112,0.0,0.0
2024-08-22 11:45:00-04:00,11.67020034790039,11.67020034790039,11.619999885559082,11.619999885559082,5608,0.0,0.0
2024-08-22 12:45:00-04:00,11.675000190734863,11.675000190734863,11.675000190734863,11.675000190734863,502,0.0,0.0
2024-08-22 13:15:00-04:00,11.6899995803833,11.699999809265137,11.6899995803833,11.699999809265137,778,0.0,0.0
2024-08-22 13:25:00-04:00,11.720000267028809,11.850000381469727,11.710000038146973,11.829999923706055,90809,0.0,0.0
2024-08-22 13:35:00-04:00,11.811599731445312,11.811599731445312,11.779999732971191,11.779999732971191,760,0.0,0.0
2024-08-22 13:40:00-04:00,11.8100004196167,11.8100004196167,11.8100004196167,11.8100004196167,580,0.0,0.0
2024-08-22 14:20:00-04:00,11.845999717712402,11.845999717712402,11.845999717712402,11.845999717712402,1036,0.0,0.0
2024-08-22 14:30:00-04:00,11.85200023651123,11.85200023651123,11.85200023651123,11.85200023651123,1316,0.0,0.0
2024-08-22 14:35:00-04:00,11.84000015258789,11.84000015258789,11.829999923706055,11.829999923706055,1600,0.0,0.0
2024-08-22 14:45:00-04:00,11.829999923706055,11.829999923706055,11.829999923706055,11.829999923706055,666,0.0,0.0
2024-08-22 15:35:00-04:00,11.84000015258789,11.859999656677246,11.84000015258789,11.859999656677246,884,0.0,0.0
2024-08-22 15:50:00-04:00,11.800000190734863,11.800000190734863,11.800000190734863,11.800000190734863,1674,0.0,0.0
2024-08-23 09:40:00-04:00,12.0,12.0,12.0,12.0,0,0.0,0.0
2024-08-23 09:45:00-04:00,11.989999771118164,11.989999771118164,11.989999771118164,11.989999771118164,411,0.0,0.0
2024-08-23 10:00:00-04:00,12.09000015258789,12.095000267028809,12.09000015258789,12.095000267028809,2243,0.0,0.0
2024-08-23 10:05:00-04:00,12.109999656677246,12.229999542236328,12.109999656677246,12.229999542236328,2950,0.0,0.0
2024-08-23 10:10:00-04:00,12.240099906921387,12.300000190734863,12.240099906921387,12.300000190734863,4419,0.0,0.0
2024-08-23 10:15:00-04:00,12.3100004196167,12.3100004196167,12.289999961853027,12.300000190734863,1718,0.0,0.0
2024-08-23 10:20:00-04:00,12.34000015258789,12.34000015258789,12.34000015258789,12.34000015258789,441,0.0,0.0
2024-08-23 10:25:00-04:00,12.430000305175781,12.470000267028809,12.430000305175781,12.470000267028809,984,0.0,0.0
2024-08-23 10:35:00-04:00,12.569999694824219,12.569999694824219,12.569999694824219,12.569999694824219,703,0.0,0.0
2024-08-23 10:40:00-04:00,12.649999618530273,12.649999618530273,12.640000343322754,12.640000343322754,535,0.0,0.0
2024-08-23 10:45:00-04:00,12.609999656677246,12.609999656677246,12.609999656677246,12.609999656677246,281,0.0,0.0
2024-08-23 10:50:00-04:00,12.609999656677246,12.609999656677246,12.510100364685059,12.550000190734863,1387,0.0,0.0
2024-08-23 10:55:00-04:00,12.5600004196167,12.5600004196167,12.5600004196167,12.5600004196167,470,0.0,0.0
2024-08-23 11:05:00-04:00,12.680000305175781,12.680000305175781,12.680000305175781,12.680000305175781,423,0.0,0.0
2024-08-23 11:10:00-04:00,12.730500221252441,12.730500221252441,12.620100021362305,12.620100021362305,1571,0.0,0.0
2024-08-23 11:15:00-04:00,12.649999618530273,12.649999618530273,12.649999618530273,12.649999618530273,1141,0.0,0.0
2024-08-23 11:30:00-04:00,12.739999771118164,12.800000190734863,12.739999771118164,12.800000190734863,2525,0.0,0.0
2024-08-23 11:40:00-04:00,12.84000015258789,12.84000015258789,12.84000015258789,12.84000015258789,174,0.0,0.0
2024-08-23 11:55:00-04:00,12.819999694824219,12.819999694824219,12.729999542236328,12.739999771118164,852,0.0,0.0
2024-08-23 12:00:00-04:00,12.734999656677246,12.734999656677246,12.734999656677246,12.734999656677246,2317,0.0,0.0
2024-08-23 12:45:00-04:00,12.720000267028809,12.720000267028809,12.720000267028809,12.720000267028809,213,0.0,0.0
2024-08-23 12:50:00-04:00,12.6899995803833,12.6899995803833,12.6899995803833,12.6899995803833,252,0.0,0.0
2024-08-23 12:55:00-04:00,12.739999771118164,12.739999771118164,12.739999771118164,12.739999771118164,493,0.0,0.0
2024-08-23 13:05:00-04:00,12.800000190734863,12.800000190734863,12.789999961853027,12.789999961853027,424,0.0,0.0
2024-08-23 13:10:00-04:00,12.760000228881836,12.760100364685059,12.720000267028809,12.720000267028809,2231,0.0,0.0
2024-08-23 13:20:00-04:00,12.734999656677246,12.734999656677246,12.734999656677246,12.734999656677246,0,0.0,0.0
2024-08-23 13:40:00-04:00,12.680000305175781,12.680100440979004,12.630000114440918,12.680100440979004,2341,0.0,0.0
2024-08-23 13:45:00-04:00,12.680000305175781,12.680000305175781,12.680000305175781,12.680000305175781,855,0.0,0.0
2024-08-23 13:55:00-04:00,12.609999656677246,12.609999656677246,12.579999923706055,12.579999923706055,1203,0.0,0.0
2024-08-23 14:00:00-04:00,12.553099632263184,12.553099632263184,12.553099632263184,12.553099632263184,377,0.0,0.0
2024-08-23 14:05:00-04:00,12.630000114440918,12.630000114440918,12.630000114440918,12.630000114440918,385,0.0,0.0
2024-08-23 14:30:00-04:00,12.670000076293945,12.670000076293945,12.670000076293945,12.670000076293945,1002,0.0,0.0
2024-08-23 14:50:00-04:00,12.649999618530273,12.670000076293945,12.649999618530273,12.670000076293945,538,0.0,0.0
2024-08-23 14:55:00-04:00,12.640000343322754,12.640000343322754,12.59000015258789,12.59000015258789,679,0.0,0.0
2024-08-23 15:00:00-04:00,12.59000015258789,12.59000015258789,12.59000015258789,12.59000015258789,1912,0.0,0.0
2024-08-23 15:25:00-04:00,12.630000114440918,12.630000114440918,12.630000114440918,12.630000114440918,446,0.0,0.0
2024-08-23 15:35:00-04:00,12.65999984741211,12.65999984741211,12.649999618530273,12.649999618530273,642,0.0,0.0
2024-08-23 15:45:00-04:00,12.640000343322754,12.64009952545166,12.630000114440918,12.64009952545166,1197,0.0,0.0
2024-08-23 15:50:00-04:00,12.630000114440918,12.640000343322754,12.600000381469727,12.600000381469727,1768,0.0,0.0
2024-08-23 15:55:00-04:00,12.640000343322754,12.65999984741211,12.640000343322754,12.65999984741211,1499,0.0,0.0
2024-08-26 09:30:00-04:00,12.779999732971191,12.779999732971191,12.579999923706055,12.579999923706055,3502,0.0,0.0
2024-08-26 09:35:00-04:00,12.699999809265137,12.699999809265137,12.699999809265137,12.699999809265137,3970,0.0,0.0
2024-08-26 09:40:00-04:00,12.699999809265137,12.699999809265137,12.699999809265137,12.699999809265137,7901,0.0,0.0
2024-08-26 09:45:00-04:00,12.739999771118164,12.789999961853027,12.720000267028809,12.760000228881836,2244,0.0,0.0
2024-08-26 09:50:00-04:00,12.720000267028809,12.720000267028809,12.699999809265137,12.699999809265137,986,0.0,0.0
2024-08-26 09:55:00-04:00,12.699999809265137,12.699999809265137,12.699999809265137,12.699999809265137,779,0.0,0.0
2024-08-26 10:00:00-04:00,12.710000038146973,12.710000038146973,12.710000038146973,12.710000038146973,300,0.0,0.0
2024-08-26 10:10:00-04:00,12.71500015258789,12.71500015258789,12.71500015258789,12.71500015258789,519,0.0,0.0
2024-08-26 10:20:00-04:00,12.680000305175781,12.680000305175781,12.670000076293945,12.670000076293945,305,0.0,0.0
2024-08-26 10:25:00-04:00,12.65999984741211,12.65999984741211,12.630000114440918,12.630000114440918,610,0.0,0.0
2024-08-26 10:30:00-04:00,12.699999809265137,12.699999809265137,12.699999809265137,12.699999809265137,158,0.0,0.0
2024-08-26 10:35:00-04:00,12.670000076293945,12.670000076293945,12.670000076293945,12.670000076293945,2384,0.0,0.0
2024-08-26 10:50:00-04:00,12.6899995803833,12.6899995803833,12.650099754333496,12.650099754333496,2086,0.0,0.0
2024-08-26 11:05:00-04:00,12.619999885559082,12.619999885559082,12.5600004196167,12.619999885559082,4265,0.0,0.0
2024-08-26 11:15:00-04:00,12.550000190734863,12.550000190734863,12.550000190734863,12.550000190734863,570,0.0,0.0
2024-08-26 11:40:00-04:00,12.579999923706055,12.579999923706055,12.579999923706055,12.579999923706055,228,0.0,0.0
2024-08-26 11:45:00-04:00,12.59000015258789,12.59000015258789,12.59000015258789,12.59000015258789,339,0.0,0.0
2024-08-26 12:25:00-04:00,12.600000381469727,12.600000381469727,12.600000381469727,12.600000381469727,234,0.0,0.0
2024-08-26 12:50:00-04:00,12.600000381469727,12.600000381469727,12.600000381469727,12.600000381469727,291,0.0,0.0
2024-08-26 12:55:00-04:00,12.609999656677246,12.609999656677246,12.609999656677246,12.609999656677246,373,0.0,0.0
2024-08-26 13:00:00-04:00,12.614999771118164,12.640000343322754,12.614999771118164,12.640000343322754,426,0.0,0.0
2024-08-26 13:10:00-04:00,12.59000015258789,12.595000267028809,12.579999923706055,12.579999923706055,1858,0.0,0.0
2024-08-26 13:30:00-04:00,12.569999694824219,12.569999694824219,12.569999694824219,12.569999694824219,230,0.0,0.0
2024-08-26 13:50:00-04:00,12.520000457763672,12.529999732971191,12.520000457763672,12.529999732971191,475,0.0,0.0
2024-08-26 13:55:00-04:00,12.520000457763672,12.520000457763672,12.520000457763672,12.520000457763672,1004,0.0,0.0
2024-08-26 14:05:00-04:00,12.539999961853027,12.539999961853027,12.539999961853027,12.539999961853027,440,0.0,0.0
2024-08-26 14:20:00-04:00,12.510000228881836,12.528200149536133,12.510000228881836,12.528200149536133,1301,0.0,0.0
2024-08-26 14:40:00-04:00,12.53499984741211,12.53499984741211,12.505000114440918,12.505000114440918,467,0.0,0.0
2024-08-26 14:45:00-04:00,12.479999542236328,12.510000228881836,12.449999809265137,12.460000038146973,2656,0.0,0.0
2024-08-26 15:00:00-04:00,12.489999771118164,12.489999771118164,12.489999771118164,12.489999771118164,359,0.0,0.0
2024-08-26 15:05:00-04:00,12.509900093078613,12.539999961853027,12.509900093078613,12.539999961853027,1312,0.0,0.0
2024-08-26 15:20:00-04:00,12.5,12.5,12.494999885559082,12.494999885559082,275,0.0,0.0
2024-08-26 15:25:00-04:00,12.4399995803833,12.4399995803833,12.4399995803833,12.4399995803833,911,0.0,0.0
2024-08-26 15:35:00-04:00,12.430000305175781,12.430000305175781,12.430000305175781,12.430000305175781,311,0.0,0.0
2024-08-26 15:40:00-04:00,12.510000228881836,12.520000457763672,12.470000267028809,12.470000267028809,3244,0.0,0.0
2024-08-26 15:45:00-04:00,12.510000228881836,12.539999961853027,12.489999771118164,12.539999961853027,4947,0.0,0.0
2024-08-26 15:50:00-04:00,12.510000228881836,12.5600004196167,12.510000228881836,12.545000076293945,2892,0.0,0.0
2024-08-26 15:55:00-04:00,12.59000015258789,12.609999656677246,12.5600004196167,12.609999656677246,6357,0.0,0.0
2024-08-27 09:40:00-04:00,12.5,12.5,12.460000038146973,12.5,985,0.0,0.0
2024-08-27 09:45:00-04:00,12.460000038146973,12.460000038146973,12.460000038146973,12.460000038146973,200,0.0,0.0
2024-08-27 09:50:00-04:00,12.454999923706055,12.454999923706055,12.364999771118164,12.364999771118164,597,0.0,0.0
2024-08-27 09:55:00-04:00,12.399999618530273,12.399999618530273,12.399999618530273,12.399999618530273,174,0.0,0.0
2024-08-27 10:00:00-04:00,12.380000114440918,12.380000114440918,12.375,12.375,448,0.0,0.0
2024-08-27 10:15:00-04:00,12.369999885559082,12.369999885559082,12.34000015258789,12.34000015258789,1953,0.0,0.0
2024-08-27 11:20:00-04:00,12.329999923706055,12.329999923706055,12.329999923706055,12.329999923706055,470,0.0,0.0
2024-08-27 11:30:00-04:00,12.329999923706055,12.329999923706055,12.319999694824219,12.319999694824219,258,0.0,0.0
2024-08-27 11:35:00-04:00,12.350000381469727,12.350000381469727,12.350000381469727,12.350000381469727,104,0.0,0.0
2024-08-27 11:50:00-04:00,12.34000015258789,12.350000381469727,12.34000015258789,12.350000381469727,305,0.0,0.0
2024-08-27 11:55:00-04:00,12.34000015258789,12.359999656677246,12.34000015258789,12.354999542236328,1037,0.0,0.0
2024-08-27 12:00:00-04:00,12.354999542236328,12.354999542236328,12.354999542236328,12.354999542236328,411,0.0,0.0
2024-08-27 12:05:00-04:00,12.34000015258789,12.34000015258789,12.34000015258789,12.34000015258789,104,0.0,0.0
2024-08-27 12:10:00-04:00,12.34000015258789,12.34000015258789,12.34000015258789,12.34000015258789,182,0.0,0.0
2024-08-27 12:45:00-04:00,12.300000190734863,12.300000190734863,12.260000228881836,12.260000228881836,6623,0.0,0.0
2024-08-27 13:35:00-04:00,12.271699905395508,12.300000190734863,12.271699905395508,12.300000190734863,1362,0.0,0.0
2024-08-27 13:55:00-04:00,12.260000228881836,12.274999618530273,12.260000228881836,12.274999618530273,1393,0.0,0.0
2024-08-27 14:05:00-04:00,12.199999809265137,12.211099624633789,12.199999809265137,12.211099624633789,785,0.0,0.0
2024-08-27 14:15:00-04:00,12.199999809265137,12.199999809265137,12.199999809265137,12.199999809265137,1027,0.0,0.0
2024-08-27 14:25:00-04:00,12.164999961853027,12.170000076293945,12.164999961853027,12.170000076293945,835,0.0,0.0
2024-08-27 14:30:00-04:00,12.145000457763672,12.170000076293945,12.111000061035156,12.170000076293945,1932,0.0,0.0
2024-08-27 14:35:00-04:00,12.1899995803833,12.1899995803833,12.15999984741211,12.164999961853027,340,0.0,0.0
2024-08-27 14:40:00-04:00,12.194999694824219,12.194999694824219,12.164999961853027,12.170000076293945,1800,0.0,0.0
2024-08-27 14:45:00-04:00,12.199999809265137,12.199999809265137,12.170000076293945,12.170000076293945,2478,0.0,0.0
2024-08-27 14:50:00-04:00,12.140000343322754,12.15999984741211,12.130000114440918,12.15999984741211,1129,0.0,0.0
2024-08-27 15:00:00-04:00,12.180000305175781,12.180000305175781,12.180000305175781,12.180000305175781,726,0.0,0.0
2024-08-27 15:10:00-04:00,12.199999809265137,12.199999809265137,12.199999809265137,12.199999809265137,669,0.0,0.0
2024-08-27 15:15:00-04:00,12.194999694824219,12.194999694824219,12.194999694824219,12.194999694824219,344,0.0,0.0
2024-08-27 15:20:00-04:00,12.15999984741211,12.15999984741211,12.15999984741211,12.15999984741211,299,0.0,0.0
2024-08-27 15:25:00-04:00,12.15999984741211,12.15999984741211,12.15999984741211,12.15999984741211,934,0.0,0.0
2024-08-27 15:30:00-04:00,12.180000305175781,12.180000305175781,12.180000305175781,12.180000305175781,1459,0.0,0.0
2024-08-27 15:35:00-04:00,12.199999809265137,12.229999542236328,12.199999809265137,12.229999542236328,787,0.0,0.0
2024-08-27 15:40:00-04:00,12.229999542236328,12.289999961853027,12.229999542236328,12.289999961853027,1133,0.0,0.0
2024-08-27 15:45:00-04:00,12.289999961853027,12.289999961853027,12.229999542236328,12.239999771118164,2411,0.0,0.0
2024-08-27 15:50:00-04:00,12.210000038146973,12.260000228881836,12.210000038146973,12.260000228881836,2137,0.0,0.0
2024-08-27 15:55:00-04:00,12.25,12.260000228881836,12.210000038146973,12.210000038146973,6620,0.0,0.0
2024-08-28 09:30:00-04:00,12.270000457763672,12.270000457763672,12.270000457763672,12.270000457763672,856,0.0,0.0
2024-08-28 09:35:00-04:00,12.3100004196167,12.3100004196167,12.3100004196167,12.3100004196167,200,0.0,0.0
2024-08-28 09:40:00-04:00,12.180000305175781,12.180000305175781,12.180000305175781,12.180000305175781,547,0.0,0.0
2024-08-28 10:30:00-04:00,12.3149995803833,12.3149995803833,12.3149995803833,12.3149995803833,826,0.0,0.0
2024-08-28 11:05:00-04:00,12.430000305175781,12.430000305175781,12.430000305175781,12.430000305175781,201,0.0,0.0
2024-08-28 11:10:00-04:00,12.449999809265137,12.489999771118164,12.449999809265137,12.489999771118164,863,0.0,0.0
2024-08-28 11:25:00-04:00,12.321200370788574,12.321200370788574,12.321200370788574,12.321200370788574,434,0.0,0.0
2024-08-28 11:35:00-04:00,12.364999771118164,12.364999771118164,12.364999771118164,12.364999771118164,223,0.0,0.0
2024-08-28 11:55:00-04:00,12.359999656677246,12.359999656677246,12.359999656677246,12.359999656677246,227,0.0,0.0
2024-08-28 12:00:00-04:00,12.375,12.375,12.364999771118164,12.364999771118164,898,0.0,0.0
2024-08-28 12:05:00-04:00,12.369999885559082,12.369999885559082,12.369999885559082,12.369999885559082,125,0.0,0.0
2024-08-28 12:20:00-04:00,12.319999694824219,12.319999694824219,12.319999694824219,12.319999694824219,788,0.0,0.0
2024-08-28 12:55:00-04:00,12.319999694824219,12.319999694824219,12.319999694824219,12.319999694824219,147,0.0,0.0
2024-08-28 13:00:00-04:00,12.3149995803833,12.3149995803833,12.3149995803833,12.3149995803833,251,0.0,0.0
2024-08-28 13:15:00-04:00,12.350000381469727,12.350000381469727,12.350000381469727,12.350000381469727,267,0.0,0.0
2024-08-28 13:30:00-04:00,12.359999656677246,12.359999656677246,12.359999656677246,12.359999656677246,301,0.0,0.0
2024-08-28 13:45:00-04:00,12.34000015258789,12.34000015258789,12.335000038146973,12.335000038146973,785,0.0,0.0
2024-08-28 13:55:00-04:00,12.324999809265137,12.324999809265137,12.324999809265137,12.324999809265137,370,0.0,0.0
2024-08-28 14:10:00-04:00,12.329999923706055,12.329999923706055,12.329999923706055,12.329999923706055,307,0.0,0.0
2024-08-28 14:20:00-04:00,12.3100004196167,12.3100004196167,12.3100004196167,12.3100004196167,129,0.0,0.0
2024-08-28 14:40:00-04:00,12.305000305175781,12.305000305175781,12.289999961853027,12.289999961853027,569,0.0,0.0
2024-08-28 14:45:00-04:00,12.295000076293945,12.295000076293945,12.295000076293945,12.295000076293945,102,0.0,0.0
2024-08-28 14:50:00-04:00,12.295000076293945,12.300000190734863,12.295000076293945,12.300000190734863,400,0.0,0.0
2024-08-28 14:55:00-04:00,12.305000305175781,12.345000267028809,12.305000305175781,12.345000267028809,735,0.0,0.0
2024-08-28 15:00:00-04:00,12.380000114440918,12.390000343322754,12.380000114440918,12.390000343322754,569,0.0,0.0
2024-08-28 15:05:00-04:00,12.40939998626709,12.40939998626709,12.40939998626709,12.40939998626709,1299,0.0,0.0
2024-08-28 15:15:00-04:00,12.390000343322754,12.404999732971191,12.390000343322754,12.404999732971191,894,0.0,0.0
2024-08-28 15:25:00-04:00,12.4399995803833,12.4399995803833,12.4399995803833,12.4399995803833,711,0.0,0.0
2024-08-28 15:30:00-04:00,12.460000038146973,12.460000038146973,12.460000038146973,12.460000038146973,238,0.0,0.0
2024-08-28 15:35:00-04:00,12.4399995803833,12.4399995803833,12.420000076293945,12.420000076293945,509,0.0,0.0
2024-08-28 15:40:00-04:00,12.399999618530273,12.489999771118164,12.399999618530273,12.489999771118164,5507,0.0,0.0
2024-08-28 15:45:00-04:00,12.494999885559082,12.494999885559082,12.460000038146973,12.460000038146973,2817,0.0,0.0
2024-08-28 15:50:00-04:00,12.460000038146973,12.460000038146973,12.449999809265137,12.449999809265137,1893,0.0,0.0
2024-08-28 15:55:00-04:00,12.460000038146973,12.460000038146973,12.4399995803833,12.460000038146973,5731,0.0,0.0
2024-08-29 09:35:00-04:00,12.619999885559082,12.619999885559082,12.619999885559082,12.619999885559082,359,0.0,0.0
2024-08-29 09:50:00-04:00,12.295000076293945,12.295000076293945,12.25,12.25,1641,0.0,0.0
2024-08-29 10:50:00-04:00,12.359999656677246,12.470000267028809,12.359999656677246,12.470000267028809,240,0.0,0.0
2024-08-29 10:55:00-04:00,12.420000076293945,12.420000076293945,12.420000076293945,12.420000076293945,489,0.0,0.0
2024-08-29 11:10:00-04:00,12.4399995803833,12.4399995803833,12.4399995803833,12.4399995803833,170,0.0,0.0
2024-08-29 11:25:00-04:00,12.460000038146973,12.460000038146973,12.460000038146973,12.460000038146973,1216,0.0,0.0
2024-08-29 11:40:00-04:00,12.430100440979004,12.430100440979004,12.430100440979004,12.430100440979004,3334,0.0,0.0
2024-08-29 11:45:00-04:00,12.479999542236328,12.479999542236328,12.399499893188477,12.399499893188477,1338,0.0,0.0
2024-08-29 11:55:00-04:00,12.520000457763672,12.520000457763672,12.520000457763672,12.520000457763672,112,0.0,0.0
2024-08-29 12:05:00-04:00,12.520000457763672,12.520000457763672,12.520000457763672,12.520000457763672,112,0.0,0.0
2024-08-29 12:15:00-04:00,12.5,12.5,12.5,12.5,849,0.0,0.0
2024-08-29 12:30:00-04:00,12.520000457763672,12.520000457763672,12.520000457763672,12.520000457763672,197,0.0,0.0
2024-08-29 13:05:00-04:00,12.529999732971191,12.529999732971191,12.529999732971191,12.529999732971191,274,0.0,0.0
2024-08-29 13:10:00-04:00,12.510000228881836,12.510000228881836,12.510000228881836,12.510000228881836,504,0.0,0.0
2024-08-29 13:35:00-04:00,12.470000267028809,12.470000267028809,12.470000267028809,12.470000267028809,1151,0.0,0.0
2024-08-29 13:55:00-04:00,12.510000228881836,12.510000228881836,12.510000228881836,12.510000228881836,224,0.0,0.0
2024-08-29 14:15:00-04:00,12.520000457763672,12.520000457763672,12.520000457763672,12.520000457763672,613,0.0,0.0
2024-08-29 14:25:00-04:00,12.470000267028809,12.470000267028809,12.470000267028809,12.470000267028809,715,0.0,0.0
2024-08-29 14:35:00-04:00,12.470000267028809,12.470000267028809,12.470000267028809,12.470000267028809,296,0.0,0.0
2024-08-29 14:45:00-04:00,12.479999542236328,12.479999542236328,12.479999542236328,12.479999542236328,919,0.0,0.0
2024-08-29 15:15:00-04:00,12.477499961853027,12.510000228881836,12.477499961853027,12.510000228881836,700,0.0,0.0
2024-08-29 15:20:00-04:00,12.51990032196045,12.51990032196045,12.489999771118164,12.489999771118164,1495,0.0,0.0
2024-08-29 15:30:00-04:00,12.479999542236328,12.479999542236328,12.479999542236328,12.479999542236328,373,0.0,0.0
2024-08-29 15:35:00-04:00,12.5,12.5,12.489999771118164,12.489999771118164,657,0.0,0.0
2024-08-29 15:40:00-04:00,12.449999809265137,12.470000267028809,12.449999809265137,12.470000267028809,308,0.0,0.0
2024-08-29 15:50:00-04:00,12.390000343322754,12.390000343322754,12.390000343322754,12.390000343322754,291,0.0,0.0
2024-08-29 15:55:00-04:00,12.420000076293945,12.470000267028809,12.420000076293945,12.430000305175781,2583,0.0,0.0
2024-08-30 09:30:00-04:00,12.460000038146973,12.5,12.460000038146973,12.5,1322,0.0,0.0
2024-08-30 10:20:00-04:00,12.40999984741211,12.40999984741211,12.40999984741211,12.40999984741211,448,0.0,0.0
2024-08-30 10:40:00-04:00,12.460000038146973,12.460000038146973,12.4350004196167,12.4350004196167,256,0.0,0.0
2024-08-30 10:55:00-04:00,12.40999984741211,12.40999984741211,12.40999984741211,12.40999984741211,1673,0.0,0.0
2024-08-30 11:30:00-04:00,12.3100004196167,12.319999694824219,12.270000457763672,12.270000457763672,1065,0.0,0.0
2024-08-30 11:45:00-04:00,12.25,12.25,12.25,12.25,151,0.0,0.0
2024-08-30 11:55:00-04:00,12.239999771118164,12.239999771118164,12.234999656677246,12.234999656677246,1168,0.0,0.0
2024-08-30 12:00:00-04:00,12.274999618530273,12.295000076293945,12.274999618530273,12.295000076293945,645,0.0,0.0
2024-08-30 12:05:00-04:00,12.316300392150879,12.350000381469727,12.316300392150879,12.350000381469727,706,0.0,0.0
2024-08-30 12:30:00-04:00,12.305000305175781,12.305000305175781,12.305000305175781,12.305000305175781,120,0.0,0.0
2024-08-30 12:35:00-04:00,12.272299766540527,12.272299766540527,12.272299766540527,12.272299766540527,216,0.0,0.0
2024-08-30 12:40:00-04:00,12.270000457763672,12.270000457763672,12.270000457763672,12.270000457763672,200,0.0,0.0
2024-08-30 12:45:00-04:00,12.270000457763672,12.270000457763672,12.270000457763672,12.270000457763672,465,0.0,0.0
2024-08-30 12:55:00-04:00,12.34000015258789,12.34000015258789,12.34000015258789,12.34000015258789,695,0.0,0.0
2024-08-30 13:15:00-04:00,12.34000015258789,12.34000015258789,12.34000015258789,12.34000015258789,283,0.0,0.0
2024-08-30 13:25:00-04:00,12.3149995803833,12.3149995803833,12.3149995803833,12.3149995803833,410,0.0,0.0
2024-08-30 13:50:00-04:00,12.319999694824219,12.319999694824219,12.319999694824219,12.319999694824219,207,0.0,0.0
2024-08-30 13:55:00-04:00,12.324999809265137,12.324999809265137,12.324999809265137,12.324999809265137,579,0.0,0.0
2024-08-30 14:00:00-04:00,12.270000457763672,12.270000457763672,12.270000457763672,12.270000457763672,631,0.0,0.0
2024-08-30 14:10:00-04:00,12.239999771118164,12.239999771118164,12.239999771118164,12.239999771118164,904,0.0,0.0
2024-08-30 14:20:00-04:00,12.255000114440918,12.255000114440918,12.239999771118164,12.239999771118164,945,0.0,0.0
2024-08-30 14:25:00-04:00,12.260000228881836,12.289999961853027,12.260000228881836,12.289999961853027,352,0.0,0.0
2024-08-30 14:35:00-04:00,12.327500343322754,12.329999923706055,12.327500343322754,12.329999923706055,602,0.0,0.0
2024-08-30 15:20:00-04:00,12.375,12.375,12.375,12.375,1595,0.0,0.0
2024-08-30 15:50:00-04:00,12.460000038146973,12.460000038146973,12.4399995803833,12.4399995803833,2726,0.0,0.0
2024-08-30 15:55:00-04:00,12.470000267028809,12.470000267028809,12.380000114440918,12.380000114440918,4899,0.0,0.0
2024-09-03 09:30:00-04:00,12.380000114440918,12.380000114440918,12.380000114440918,12.380000114440918,497,0.0,0.0
2024-09-03 09:35:00-04:00,12.4350004196167,12.4350004196167,12.4350004196167,12.4350004196167,992,0.0,0.0
2024-09-03 09:45:00-04:00,12.510000228881836,12.510000228881836,12.510000228881836,12.510000228881836,159,0.0,0.0
2024-09-03 09:55:00-04:00,12.369999885559082,12.369999885559082,12.369999885559082,12.369999885559082,492,0.0,0.0
2024-09-03 10:10:00-04:00,12.260000228881836,12.260000228881836,12.260000228881836,12.260000228881836,284,0.0,0.0
2024-09-03 10:30:00-04:00,12.180000305175781,12.204999923706055,12.109999656677246,12.194999694824219,1824,0.0,0.0
2024-09-03 10:45:00-04:00,12.109999656677246,12.109999656677246,12.109999656677246,12.109999656677246,408,0.0,0.0
2024-09-03 11:00:00-04:00,12.15999984741211,12.170000076293945,12.149999618530273,12.15999984741211,735,0.0,0.0
2024-09-03 11:15:00-04:00,12.13010025024414,12.150099754333496,12.119999885559082,12.150099754333496,1080,0.0,0.0
2024-09-03 11:25:00-04:00,12.180000305175781,12.1899995803833,12.149999618530273,12.149999618530273,1140,0.0,0.0
2024-09-03 11:30:00-04:00,12.154999732971191,12.154999732971191,12.119999885559082,12.119999885559082,1526,0.0,0.0
2024-09-03 11:35:00-04:00,12.180000305175781,12.180000305175781,12.180000305175781,12.180000305175781,528,0.0,0.0
2024-09-03 12:05:00-04:00,12.149999618530273,12.149999618530273,12.149999618530273,12.149999618530273,1358,0.0,0.0
2024-09-03 12:10:00-04:00,12.119999885559082,12.119999885559082,12.119999885559082,12.119999885559082,257,0.0,0.0
2024-09-03 12:20:00-04:00,12.119999885559082,12.135000228881836,12.119999885559082,12.135000228881836,715,0.0,0.0
2024-09-03 12:40:00-04:00,12.09000015258789,12.09000015258789,12.09000015258789,12.09000015258789,415,0.0,0.0
2024-09-03 12:45:00-04:00,12.069999694824219,12.069999694824219,12.069999694824219,12.069999694824219,271,0.0,0.0
2024-09-03 12:50:00-04:00,12.062999725341797,12.062999725341797,12.062999725341797,12.062999725341797,710,0.0,0.0
2024-09-03 13:05:00-04:00,12.069999694824219,12.09000015258789,12.069999694824219,12.069999694824219,521,0.0,0.0
2024-09-03 13:20:00-04:00,12.050000190734863,12.09000015258789,12.050000190734863,12.09000015258789,889,0.0,0.0
2024-09-03 14:00:00-04:00,12.039999961853027,12.039999961853027,11.970000267028809,11.970000267028809,2661,0.0,0.0
2024-09-03 14:05:00-04:00,11.949999809265137,11.970000267028809,11.949999809265137,11.960000038146973,915,0.0,0.0
2024-09-03 14:10:00-04:00,11.949999809265137,11.989999771118164,11.949999809265137,11.979999542236328,7683,0.0,0.0
2024-09-03 14:15:00-04:00,11.970000267028809,11.979999542236328,11.970000267028809,11.975000381469727,1661,0.0,0.0
2024-09-03 14:25:00-04:00,12.0,12.0,12.0,12.0,105,0.0,0.0
2024-09-03 14:30:00-04:00,12.0,12.0,12.0,12.0,745,0.0,0.0
2024-09-03 14:55:00-04:00,11.989999771118164,12.0,11.979999542236328,12.0,1423,0.0,0.0
2024-09-03 15:00:00-04:00,12.0,12.0,12.0,12.0,805,0.0,0.0
2024-09-03 15:05:00-04:00,12.0,12.0,12.0,12.0,328,0.0,0.0
2024-09-03 15:15:00-04:00,12.005000114440918,12.005000114440918,12.005000114440918,12.005000114440918,140,0.0,0.0
2024-09-03 15:20:00-04:00,12.020700454711914,12.020700454711914,12.0,12.0,3149,0.0,0.0
2024-09-03 15:35:00-04:00,12.015000343322754,12.020000457763672,11.989999771118164,12.020000457763672,917,0.0,0.0
2024-09-03 15:40:00-04:00,12.0,12.0,12.0,12.0,950,0.0,0.0
2024-09-03 15:45:00-04:00,12.0,12.020000457763672,11.994999885559082,12.0,2066,0.0,0.0
2024-09-03 15:50:00-04:00,12.010000228881836,12.010000228881836,12.010000228881836,12.010000228881836,650,0.0,0.0
2024-09-03 15:55:00-04:00,12.039999961853027,12.055000305175781,11.979999542236328,11.979999542236328,6763,0.0,0.0
2024-09-04 09:35:00-04:00,11.994999885559082,11.994999885559082,11.994999885559082,11.994999885559082,1925,0.0,0.0
2024-09-04 09:45:00-04:00,12.03499984741211,12.03499984741211,12.03499984741211,12.03499984741211,200,0.0,0.0
2024-09-04 09:50:00-04:00,12.0,12.005000114440918,12.0,12.005000114440918,347,0.0,0.0
2024-09-04 09:55:00-04:00,12.0,12.0,12.0,12.0,349,0.0,0.0
2024-09-04 10:00:00-04:00,11.979999542236328,11.989999771118164,11.970000267028809,11.989999771118164,1007,0.0,0.0
2024-09-04 10:10:00-04:00,11.9399995803833,11.9399995803833,11.9399995803833,11.9399995803833,419,0.0,0.0
2024-09-04 10:35:00-04:00,11.920000076293945,11.949999809265137,11.920000076293945,11.949999809265137,463,0.0,0.0
2024-09-04 10:45:00-04:00,11.960000038146973,11.960000038146973,11.949999809265137,11.949999809265137,750,0.0,0.0
2024-09-04 10:55:00-04:00,11.960000038146973,11.970000267028809,11.954999923706055,11.960000038146973,1580,0.0,0.0
2024-09-04 11:00:00-04:00,11.960000038146973,11.960000038146973,11.960000038146973,11.960000038146973,1106,0.0,0.0
2024-09-04 11:05:00-04:00,11.9399995803833,11.9399995803833,11.930000305175781,11.930000305175781,747,0.0,0.0
2024-09-04 11:10:00-04:00,11.907500267028809,11.907500267028809,11.907500267028809,11.907500267028809,606,0.0,0.0
2024-09-04 11:15:00-04:00,11.930000305175781,11.930000305175781,11.90999984741211,11.90999984741211,671,0.0,0.0
2024-09-04 11:40:00-04:00,11.8100004196167,11.8149995803833,11.8100004196167,11.8149995803833,225,0.0,0.0
2024-09-04 11:45:00-04:00,11.824999809265137,11.824999809265137,11.824999809265137,11.824999809265137,353,0.0,0.0
2024-09-04 12:00:00-04:00,11.829999923706055,11.845000267028809,11.829999923706055,11.845000267028809,1194,0.0,0.0
2024-09-04 12:10:00-04:00,11.850000381469727,11.854999542236328,11.845000267028809,11.845000267028809,830,0.0,0.0
2024-09-04 12:15:00-04:00,11.850000381469727,11.850000381469727,11.850000381469727,11.850000381469727,126,0.0,0.0
2024-09-04 12:20:00-04:00,11.854999542236328,11.859999656677246,11.850000381469727,11.850000381469727,594,0.0,0.0
2024-09-04 12:30:00-04:00,11.850000381469727,11.850000381469727,11.850000381469727,11.850000381469727,402,0.0,0.0
2024-09-04 12:40:00-04:00,11.852499961853027,11.869999885559082,11.852499961853027,11.869999885559082,660,0.0,0.0
2024-09-04 12:45:00-04:00,11.835000038146973,11.84000015258789,11.819999694824219,11.84000015258789,3137,0.0,0.0
2024-09-04 12:50:00-04:00,11.84000015258789,11.84000015258789,11.84000015258789,11.84000015258789,1671,0.0,0.0
2024-09-04 13:50:00-04:00,11.75,11.75,11.729999542236328,11.729999542236328,1712,0.0,0.0
2024-09-04 14:00:00-04:00,11.729999542236328,11.729999542236328,11.729999542236328,11.729999542236328,502,0.0,0.0
2024-09-04 14:05:00-04:00,11.710000038146973,11.710000038146973,11.630000114440918,11.65999984741211,1783,0.0,0.0
2024-09-04 14:10:00-04:00,11.699999809265137,11.699999809265137,11.699999809265137,11.699999809265137,400,0.0,0.0
2024-09-04 14:15:00-04:00,11.699999809265137,11.699999809265137,11.699999809265137,11.699999809265137,203,0.0,0.0
2024-09-04 14:25:00-04:00,11.699999809265137,11.725000381469727,11.699999809265137,11.710000038146973,1074,0.0,0.0
2024-09-04 14:30:00-04:00,11.710000038146973,11.710000038146973,11.710000038146973,11.710000038146973,258,0.0,0.0
2024-09-04 14:35:00-04:00,11.699999809265137,11.699999809265137,11.6899995803833,11.6899995803833,463,0.0,0.0
2024-09-04 14:45:00-04:00,11.710000038146973,11.710000038146973,11.6899995803833,11.6899995803833,491,0.0,0.0
2024-09-04 14:55:00-04:00,11.689599990844727,11.704999923706055,11.689599990844727,11.704999923706055,1294,0.0,0.0
2024-09-04 15:00:00-04:00,11.6899995803833,11.6899995803833,11.6899995803833,11.6899995803833,411,0.0,0.0
2024-09-04 15:05:00-04:00,11.6899995803833,11.725000381469727,11.6899995803833,11.725000381469727,1637,0.0,0.0
2024-09-04 15:10:00-04:00,11.710000038146973,11.710000038146973,11.710000038146973,11.710000038146973,683,0.0,0.0
2024-09-04 15:15:00-04:00,11.71500015258789,11.720000267028809,11.71500015258789,11.720000267028809,583,0.0,0.0
2024-09-04 15:20:00-04:00,11.720000267028809,11.720000267028809,11.720000267028809,11.720000267028809,424,0.0,0.0
2024-09-04 15:25:00-04:00,11.720000267028809,11.720000267028809,11.720000267028809,11.720000267028809,613,0.0,0.0
2024-09-04 15:30:00-04:00,11.710000038146973,11.710000038146973,11.710000038146973,11.710000038146973,2588,0.0,0.0
2024-09-04 15:35:00-04:00,11.729999542236328,11.729999542236328,11.729999542236328,11.729999542236328,1468,0.0,0.0
2024-09-04 15:40:00-04:00,11.75,11.829999923706055,11.75,11.829999923706055,1399,0.0,0.0
2024-09-04 15:45:00-04:00,11.81719970703125,11.859999656677246,11.81719970703125,11.859999656677246,2750,0.0,0.0
2024-09-04 15:50:00-04:00,11.850000381469727,11.850000381469727,11.8100004196167,11.8100004196167,1009,0.0,0.0
2024-09-04 15:55:00-04:00,11.8100004196167,11.890000343322754,11.800000190734863,11.880000114440918,9642,0.0,0.0
2024-09-05 09:40:00-04:00,11.970000267028809,11.970000267028809,11.970000267028809,11.970000267028809,788,0.0,0.0
2024-09-05 09:50:00-04:00,11.96500015258789,11.96500015258789,11.96500015258789,11.96500015258789,123,0.0,0.0
2024-09-05 10:00:00-04:00,12.010000228881836,12.010000228881836,12.010000228881836,12.010000228881836,1160,0.0,0.0
2024-09-05 10:05:00-04:00,12.029999732971191,12.045000076293945,12.029999732971191,12.045000076293945,3360,0.0,0.0
2024-09-05 10:10:00-04:00,12.015000343322754,12.015000343322754,12.010000228881836,12.010000228881836,715,0.0,0.0
2024-09-05 10:15:00-04:00,12.010000228881836,12.020000457763672,12.010000228881836,12.020000457763672,364,0.0,0.0
2024-09-05 10:20:00-04:00,12.039999961853027,12.039999961853027,12.039999961853027,12.039999961853027,317,0.0,0.0
2024-09-05 10:25:00-04:00,12.069999694824219,12.069999694824219,12.069999694824219,12.069999694824219,103,0.0,0.0
2024-09-05 10:45:00-04:00,12.055000305175781,12.055000305175781,12.055000305175781,12.055000305175781,417,0.0,0.0
2024-09-05 10:50:00-04:00,12.024999618530273,12.024999618530273,12.024999618530273,12.024999618530273,201,0.0,0.0
2024-09-05 10:55:00-04:00,12.0,12.0,12.0,12.0,11,0.0,0.0
2024-09-05 11:05:00-04:00,12.0,12.0,12.0,12.0,405,0.0,0.0
2024-09-05 11:10:00-04:00,11.989999771118164,12.0,11.979999542236328,11.979999542236328,1968,0.0,0.0
2024-09-05 11:15:00-04:00,11.989999771118164,11.989999771118164,11.989999771118164,11.989999771118164,115,0.0,0.0
2024-09-05 11:20:00-04:00,11.979999542236328,11.979999542236328,11.90999984741211,11.90999984741211,2345,0.0,0.0
2024-09-05 11:30:00-04:00,11.9350004196167,11.9350004196167,11.9350004196167,11.9350004196167,103,0.0,0.0
2024-09-05 11:35:00-04:00,11.9350004196167,11.9350004196167,11.9350004196167,11.9350004196167,149,0.0,0.0
2024-09-05 11:45:00-04:00,11.949999809265137,11.949999809265137,11.949999809265137,11.949999809265137,260,0.0,0.0
2024-09-05 12:20:00-04:00,11.949999809265137,11.949999809265137,11.949999809265137,11.949999809265137,357,0.0,0.0
2024-09-05 12:30:00-04:00,11.9399995803833,11.9399995803833,11.9399995803833,11.9399995803833,211,0.0,0.0
2024-09-05 13:15:00-04:00,11.9399995803833,11.9399995803833,11.9399995803833,11.9399995803833,639,0.0,0.0
2024-09-05 13:40:00-04:00,11.949999809265137,11.949999809265137,11.949999809265137,11.949999809265137,1334,0.0,0.0
2024-09-05 13:45:00-04:00,11.949999809265137,11.949999809265137,11.9399995803833,11.9399995803833,370,0.0,0.0
2024-09-05 14:00:00-04:00,11.949999809265137,11.949999809265137,11.949999809265137,11.949999809265137,2298,0.0,0.0
2024-09-05 14:10:00-04:00,11.920000076293945,11.930000305175781,11.920000076293945,11.930000305175781,388,0.0,0.0
2024-09-05 14:15:00-04:00,11.930000305175781,11.930000305175781,11.930000305175781,11.930000305175781,657,0.0,0.0
2024-09-05 14:35:00-04:00,11.949999809265137,11.949999809265137,11.949999809265137,11.949999809265137,384,0.0,0.0
2024-09-05 14:50:00-04:00,11.949999809265137,11.949999809265137,11.949999809265137,11.949999809265137,268,0.0,0.0
2024-09-05 15:00:00-04:00,11.925000190734863,11.925000190734863,11.925000190734863,11.925000190734863,271,0.0,0.0
2024-09-05 15:15:00-04:00,11.920000076293945,11.920000076293945,11.920000076293945,11.920000076293945,474,0.0,0.0
2024-09-05 15:30:00-04:00,11.920000076293945,11.9399995803833,11.920000076293945,11.920000076293945,1004,0.0,0.0
2024-09-05 15:40:00-04:00,11.920000076293945,11.920000076293945,11.920000076293945,11.920000076293945,477,0.0,0.0
2024-09-05 15:45:00-04:00,11.90999984741211,11.920000076293945,11.90999984741211,11.920000076293945,1163,0.0,0.0
2024-09-05 15:50:00-04:00,11.899999618530273,11.899999618530273,11.890000343322754,11.890000343322754,1560,0.0,0.0
2024-09-05 15:55:00-04:00,11.899999618530273,11.899999618530273,11.895000457763672,11.899999618530273,5637,0.0,0.0
2024-09-06 10:20:00-04:00,11.899999618530273,11.899999618530273,11.899999618530273,11.899999618530273,3117,0.0,0.0
2024-09-06 10:25:00-04:00,11.880000114440918,11.890000343322754,11.880000114440918,11.890000343322754,574,0.0,0.0
2024-09-06 10:45:00-04:00,11.890000343322754,11.890000343322754,11.890000343322754,11.890000343322754,714,0.0,0.0
2024-09-06 11:05:00-04:00,11.920000076293945,11.925000190734863,11.920000076293945,11.925000190734863,0,0.0,0.0
2024-09-06 11:15:00-04:00,11.869999885559082,11.869999885559082,11.869999885559082,11.869999885559082,5317,0.0,0.0
2024-09-06 11:30:00-04:00,11.800000190734863,11.800000190734863,11.800000190734863,11.800000190734863,262,0.0,0.0
2024-09-06 11:45:00-04:00,11.75,11.75,11.75,11.75,101,0.0,0.0
2024-09-06 11:50:00-04:00,11.755000114440918,11.755000114440918,11.755000114440918,11.755000114440918,1005,0.0,0.0
2024-09-06 11:55:00-04:00,11.770000457763672,11.770000457763672,11.770000457763672,11.770000457763672,180,0.0,0.0
2024-09-06 12:00:00-04:00,11.770000457763672,11.770000457763672,11.770000457763672,11.770000457763672,133,0.0,0.0
2024-09-06 12:10:00-04:00,11.765000343322754,11.765000343322754,11.765000343322754,11.765000343322754,1355,0.0,0.0
2024-09-06 12:25:00-04:00,11.78499984741211,11.78499984741211,11.779999732971191,11.779999732971191,204,0.0,0.0
2024-09-06 12:30:00-04:00,11.778800010681152,11.819999694824219,11.778800010681152,11.819999694824219,818,0.0,0.0
2024-09-06 12:45:00-04:00,11.795000076293945,11.795000076293945,11.795000076293945,11.795000076293945,494,0.0,0.0
2024-09-06 13:00:00-04:00,11.819999694824219,11.829999923706055,11.819999694824219,11.829999923706055,1432,0.0,0.0
2024-09-06 13:05:00-04:00,11.829999923706055,11.835000038146973,11.829999923706055,11.829999923706055,30191,0.0,0.0
2024-09-06 13:10:00-04:00,11.829999923706055,11.850000381469727,11.800000190734863,11.829999923706055,96248,0.0,0.0
2024-09-06 13:15:00-04:00,11.819999694824219,11.819999694824219,11.819999694824219,11.819999694824219,400,0.0,0.0
2024-09-06 13:25:00-04:00,11.850000381469727,11.859999656677246,11.84000015258789,11.84000015258789,4984,0.0,0.0
2024-09-06 13:35:00-04:00,11.84000015258789,11.84000015258789,11.84000015258789,11.84000015258789,323,0.0,0.0
2024-09-06 14:00:00-04:00,11.829999923706055,11.829999923706055,11.829999923706055,11.829999923706055,220,0.0,0.0
2024-09-06 14:05:00-04:00,11.819999694824219,11.819999694824219,11.819999694824219,11.819999694824219,908,0.0,0.0
2024-09-06 14:10:00-04:00,11.850000381469727,11.850000381469727,11.850000381469727,11.850000381469727,110,0.0,0.0
2024-09-06 14:15:00-04:00,11.824999809265137,11.824999809265137,11.824999809265137,11.824999809265137,742,0.0,0.0
2024-09-06 14:25:00-04:00,11.795000076293945,11.795000076293945,11.78499984741211,11.78499984741211,780,0.0,0.0
2024-09-06 14:35:00-04:00,11.779999732971191,11.779999732971191,11.75,11.75,905,0.0,0.0
2024-09-06 14:55:00-04:00,11.779999732971191,11.779999732971191,11.779999732971191,11.779999732971191,360,0.0,0.0
2024-09-06 15:05:00-04:00,11.750100135803223,11.750100135803223,11.750100135803223,11.750100135803223,2255,0.0,0.0
2024-09-06 15:40:00-04:00,11.8100004196167,11.8100004196167,11.8100004196167,11.8100004196167,350,0.0,0.0
2024-09-06 15:45:00-04:00,11.829999923706055,11.84000015258789,11.829999923706055,11.829999923706055,2184,0.0,0.0
2024-09-06 15:50:00-04:00,11.800000190734863,11.800000190734863,11.75,11.751199722290039,1480,0.0,0.0
2024-09-06 15:55:00-04:00,11.770000457763672,11.8100004196167,11.770000457763672,11.8100004196167,2697,0.0,0.0
2024-09-09 09:30:00-04:00,11.880000114440918,11.880000114440918,11.829999923706055,11.84000015258789,654,0.0,0.0
2024-09-09 09:40:00-04:00,11.84000015258789,11.84000015258789,11.84000015258789,11.84000015258789,200,0.0,0.0
2024-09-09 09:45:00-04:00,11.850000381469727,11.850000381469727,11.84000015258789,11.850000381469727,343,0.0,0.0
2024-09-09 09:50:00-04:00,11.824999809265137,11.824999809265137,11.824999809265137,11.824999809265137,230,0.0,0.0
2024-09-09 10:00:00-04:00,11.736300468444824,11.800000190734863,11.736300468444824,11.800000190734863,1573,0.0,0.0
2024-09-09 10:05:00-04:00,11.899999618530273,11.920000076293945,11.890000343322754,11.920000076293945,3022,0.0,0.0
2024-09-09 10:15:00-04:00,12.010000228881836,12.069999694824219,12.010000228881836,12.069999694824219,3670,0.0,0.0
2024-09-09 10:20:00-04:00,12.039999961853027,12.050000190734863,12.03499984741211,12.03499984741211,401,0.0,0.0
2024-09-09 10:45:00-04:00,12.050000190734863,12.050000190734863,12.050000190734863,12.050000190734863,123,0.0,0.0
2024-09-09 11:05:00-04:00,11.960000038146973,11.960000038146973,11.960000038146973,11.960000038146973,159,0.0,0.0
2024-09-09 11:15:00-04:00,11.970000267028809,11.970000267028809,11.970000267028809,11.970000267028809,264,0.0,0.0
2024-09-09 11:20:00-04:00,11.960000038146973,12.005000114440918,11.960000038146973,11.989999771118164,1135,0.0,0.0
2024-09-09 11:30:00-04:00,12.024999618530273,12.024999618530273,12.020000457763672,12.020000457763672,1681,0.0,0.0
2024-09-09 11:40:00-04:00,11.989999771118164,11.989999771118164,11.989999771118164,11.989999771118164,170,0.0,0.0
2024-09-09 11:45:00-04:00,12.03499984741211,12.03499984741211,12.020000457763672,12.029999732971191,1042,0.0,0.0
2024-09-09 11:50:00-04:00,12.020000457763672,12.029999732971191,12.020000457763672,12.020000457763672,339,0.0,0.0
2024-09-09 11:55:00-04:00,12.020000457763672,12.020000457763672,12.020000457763672,12.020000457763672,362,0.0,0.0
2024-09-09 12:00:00-04:00,12.015000343322754,12.020000457763672,12.010000228881836,12.020000457763672,682,0.0,0.0
2024-09-09 12:10:00-04:00,12.069999694824219,12.069999694824219,12.069999694824219,12.069999694824219,602,0.0,0.0
2024-09-09 12:15:00-04:00,12.069999694824219,12.079099655151367,12.069999694824219,12.069999694824219,414,0.0,0.0
2024-09-09 12:20:00-04:00,12.069999694824219,12.069999694824219,12.069999694824219,12.069999694824219,652,0.0,0.0
2024-09-09 12:25:00-04:00,12.074999809265137,12.074999809265137,12.069999694824219,12.069999694824219,296,0.0,0.0
2024-09-09 12:30:00-04:00,12.069999694824219,12.069999694824219,12.069999694824219,12.069999694824219,707,0.0,0.0
2024-09-09 12:40:00-04:00,12.0600004196167,12.074999809265137,12.050000190734863,12.050000190734863,999,0.0,0.0
2024-09-09 12:45:00-04:00,12.0600004196167,12.0600004196167,12.0600004196167,12.0600004196167,798,0.0,0.0
2024-09-09 12:55:00-04:00,12.069999694824219,12.069999694824219,12.0600004196167,12.0600004196167,233,0.0,0.0
2024-09-09 13:05:00-04:00,12.0600004196167,12.0600004196167,12.0600004196167,12.0600004196167,101,0.0,0.0
2024-09-09 13:10:00-04:00,12.0600004196167,12.0600004196167,12.0600004196167,12.0600004196167,954,0.0,0.0
2024-09-09 13:35:00-04:00,12.029999732971191,12.029999732971191,12.029999732971191,12.029999732971191,588,0.0,0.0
2024-09-09 13:45:00-04:00,12.0,12.005000114440918,12.0,12.005000114440918,465,0.0,0.0
2024-09-09 14:05:00-04:00,11.994999885559082,11.994999885559082,11.994999885559082,11.994999885559082,305,0.0,0.0
2024-09-09 14:15:00-04:00,12.020000457763672,12.03499984741211,12.020000457763672,12.020000457763672,525,0.0,0.0
2024-09-09 14:20:00-04:00,12.020000457763672,12.020000457763672,12.020000457763672,12.020000457763672,441,0.0,0.0
2024-09-09 14:35:00-04:00,12.0,12.0,12.0,12.0,553,0.0,0.0
2024-09-09 14:45:00-04:00,12.010000228881836,12.010000228881836,11.979999542236328,11.979999542236328,304,0.0,0.0
2024-09-09 15:00:00-04:00,11.96500015258789,11.96500015258789,11.96500015258789,11.96500015258789,737,0.0,0.0
2024-09-09 15:15:00-04:00,12.020000457763672,12.020000457763672,12.020000457763672,12.020000457763672,983,0.0,0.0
2024-09-09 15:20:00-04:00,12.020000457763672,12.020000457763672,12.015000343322754,12.015000343322754,428,0.0,0.0
2024-09-09 15:25:00-04:00,12.015000343322754,12.015000343322754,12.015000343322754,12.015000343322754,330,0.0,0.0
2024-09-09 15:30:00-04:00,11.975000381469727,11.975000381469727,11.975000381469727,11.975000381469727,435,0.0,0.0
2024-09-09 15:35:00-04:00,11.96500015258789,11.96500015258789,11.96500015258789,11.96500015258789,351,0.0,0.0
2024-09-09 15:40:00-04:00,11.96500015258789,12.020000457763672,11.96500015258789,12.015000343322754,1128,0.0,0.0
2024-09-09 15:45:00-04:00,12.010000228881836,12.010000228881836,12.010000228881836,12.010000228881836,589,0.0,0.0
2024-09-09 15:50:00-04:00,12.005000114440918,12.010000228881836,12.005000114440918,12.005000114440918,1546,0.0,0.0
2024-09-09 15:55:00-04:00,12.010000228881836,12.029999732971191,12.010000228881836,12.010000228881836,2062,0.0,0.0
2024-09-10 09:30:00-04:00,12.0,12.0,12.0,12.0,500,0.0,0.0
2024-09-10 09:50:00-04:00,11.871899604797363,11.871899604797363,11.871899604797363,11.871899604797363,1528,0.0,0.0
2024-09-10 10:05:00-04:00,11.9399995803833,11.9399995803833,11.9399995803833,11.9399995803833,404,0.0,0.0
2024-09-10 10:15:00-04:00,11.944999694824219,11.944999694824219,11.944999694824219,11.944999694824219,513,0.0,0.0
2024-09-10 10:20:00-04:00,11.890000343322754,11.899999618530273,11.850000381469727,11.850000381469727,1887,0.0,0.0
2024-09-10 10:25:00-04:00,11.850000381469727,11.850000381469727,11.850000381469727,11.850000381469727,891,0.0,0.0
2024-09-10 10:50:00-04:00,11.930000305175781,11.930000305175781,11.930000305175781,11.930000305175781,200,0.0,0.0
2024-09-10 11:00:00-04:00,11.9399995803833,11.9399995803833,11.9399995803833,11.9399995803833,397,0.0,0.0
2024-09-10 11:10:00-04:00,11.914999961853027,11.914999961853027,11.914999961853027,11.914999961853027,820,0.0,0.0
2024-09-10 11:30:00-04:00,11.880000114440918,11.880000114440918,11.880000114440918,11.880000114440918,471,0.0,0.0
2024-09-10 11:55:00-04:00,11.8149995803833,11.83430004119873,11.8149995803833,11.824999809265137,612,0.0,0.0
2024-09-10 12:00:00-04:00,11.824999809265137,11.829999923706055,11.824999809265137,11.829999923706055,1169,0.0,0.0
2024-09-10 12:20:00-04:00,11.829999923706055,11.829999923706055,11.829999923706055,11.829999923706055,368,0.0,0.0
2024-09-10 12:25:00-04:00,11.824999809265137,11.824999809265137,11.824999809265137,11.824999809265137,623,0.0,0.0
2024-09-10 12:50:00-04:00,11.859999656677246,11.859999656677246,11.859999656677246,11.859999656677246,245,0.0,0.0
2024-09-10 13:15:00-04:00,11.904999732971191,11.904999732971191,11.904999732971191,11.904999732971191,542,0.0,0.0
2024-09-10 13:25:00-04:00,11.895000457763672,11.895000457763672,11.895000457763672,11.895000457763672,1116,0.0,0.0
2024-09-10 14:25:00-04:00,12.0,12.0,12.0,12.0,168,0.0,0.0
2024-09-10 14:30:00-04:00,12.0,12.0,12.0,12.0,284,0.0,0.0
2024-09-10 14:35:00-04:00,12.039999961853027,12.039999961853027,12.039999961853027,12.039999961853027,180,0.0,0.0
2024-09-10 14:40:00-04:00,12.039999961853027,12.039999961853027,12.0,12.0,312,0.0,0.0
2024-09-10 14:45:00-04:00,12.0,12.0,12.0,12.0,211,0.0,0.0
2024-09-10 14:50:00-04:00,12.0,12.0,12.0,12.0,626,0.0,0.0
2024-09-10 14:55:00-04:00,12.0,12.0,12.0,12.0,608,0.0,0.0
2024-09-10 15:00:00-04:00,12.015000343322754,12.015000343322754,12.015000343322754,12.015000343322754,24,0.0,0.0
2024-09-10 15:05:00-04:00,12.0,12.0,12.0,12.0,221,0.0,0.0
2024-09-10 15:15:00-04:00,12.0,12.0,12.0,12.0,111,0.0,0.0
2024-09-10 15:20:00-04:00,12.0,12.0,12.0,12.0,1380,0.0,0.0
2024-09-10 15:30:00-04:00,11.994999885559082,11.994999885559082,11.994999885559082,11.994999885559082,729,0.0,0.0
2024-09-10 15:40:00-04:00,11.979999542236328,12.0,11.979999542236328,12.0,632,0.0,0.0
2024-09-10 15:45:00-04:00,12.0,12.0,12.0,12.0,587,0.0,0.0
2024-09-10 15:50:00-04:00,12.0,12.0,12.0,12.0,2524,0.0,0.0
2024-09-10 15:55:00-04:00,12.0,12.0,11.979999542236328,11.989999771118164,6269,0.0,0.0
2024-09-11 09:30:00-04:00,11.920000076293945,11.920000076293945,11.920000076293945,11.920000076293945,547,0.0,0.0
2024-09-11 10:15:00-04:00,11.6850004196167,11.6850004196167,11.6850004196167,11.6850004196167,986,0.0,0.0
2024-09-11 11:10:00-04:00,11.65999984741211,11.65999984741211,11.65999984741211,11.65999984741211,493,0.0,0.0
2024-09-11 11:25:00-04:00,11.680000305175781,11.680000305175781,11.680000305175781,11.680000305175781,292,0.0,0.0
2024-09-11 11:40:00-04:00,11.729999542236328,11.729999542236328,11.729999542236328,11.729999542236328,211,0.0,0.0
2024-09-11 11:50:00-04:00,11.694999694824219,11.75,11.694999694824219,11.739999771118164,2834,0.0,0.0
2024-09-11 11:55:00-04:00,11.729999542236328,11.729999542236328,11.729999542236328,11.729999542236328,422,0.0,0.0
2024-09-11 12:00:00-04:00,11.789999961853027,11.789999961853027,11.789999961853027,11.789999961853027,578,0.0,0.0
2024-09-11 12:05:00-04:00,11.819999694824219,11.819999694824219,11.819999694824219,11.819999694824219,176,0.0,0.0
2024-09-11 12:10:00-04:00,11.800000190734863,11.800000190734863,11.779999732971191,11.779999732971191,11447,0.0,0.0
2024-09-11 12:15:00-04:00,11.819999694824219,11.895000457763672,11.819999694824219,11.895000457763672,3865,0.0,0.0
2024-09-11 12:35:00-04:00,11.880000114440918,11.880000114440918,11.880000114440918,11.880000114440918,3024,0.0,0.0
2024-09-11 12:40:00-04:00,11.9399995803833,11.9399995803833,11.904999732971191,11.904999732971191,1119,0.0,0.0
2024-09-11 12:50:00-04:00,11.899999618530273,11.899999618530273,11.899999618530273,11.899999618530273,1438,0.0,0.0
2024-09-11 13:15:00-04:00,11.930000305175781,11.960000038146973,11.930000305175781,11.954999923706055,1555,0.0,0.0
2024-09-11 13:20:00-04:00,11.954999923706055,11.954999923706055,11.954999923706055,11.954999923706055,133,0.0,0.0
2024-09-11 13:30:00-04:00,11.920000076293945,11.920000076293945,11.880000114440918,11.880000114440918,1318,0.0,0.0
2024-09-11 13:50:00-04:00,11.899999618530273,11.904999732971191,11.899999618530273,11.904999732971191,979,0.0,0.0
2024-09-11 14:10:00-04:00,11.90999984741211,11.90999984741211,11.904999732971191,11.904999732971191,2954,0.0,0.0
2024-09-11 14:35:00-04:00,11.920000076293945,11.920000076293945,11.920000076293945,11.920000076293945,205,0.0,0.0
2024-09-11 14:40:00-04:00,11.920000076293945,11.920000076293945,11.920000076293945,11.920000076293945,295,0.0,0.0
2024-09-11 14:45:00-04:00,11.920000076293945,11.920000076293945,11.920000076293945,11.920000076293945,1228,0.0,0.0
2024-09-11 14:50:00-04:00,11.920000076293945,11.920000076293945,11.920000076293945,11.920000076293945,563,0.0,0.0
2024-09-11 15:05:00-04:00,11.920000076293945,11.920000076293945,11.920000076293945,11.920000076293945,815,0.0,0.0
2024-09-11 15:10:00-04:00,11.903800010681152,11.903800010681152,11.903800010681152,11.903800010681152,1274,0.0,0.0
2024-09-11 15:20:00-04:00,11.920000076293945,11.920000076293945,11.920000076293945,11.920000076293945,171,0.0,0.0
2024-09-11 15:25:00-04:00,11.920000076293945,11.920000076293945,11.920000076293945,11.920000076293945,953,0.0,0.0
2024-09-11 15:30:00-04:00,11.920000076293945,11.920000076293945,11.920000076293945,11.920000076293945,350,0.0,0.0
2024-09-11 15:35:00-04:00,11.920000076293945,11.930000305175781,11.920000076293945,11.930000305175781,2068,0.0,0.0
2024-09-11 15:40:00-04:00,11.920000076293945,11.925000190734863,11.90999984741211,11.925000190734863,3217,0.0,0.0
2024-09-11 15:45:00-04:00,11.920000076293945,11.920000076293945,11.920000076293945,11.920000076293945,1345,0.0,0.0
2024-09-11 15:50:00-04:00,11.914999961853027,11.914999961853027,11.914999961853027,11.914999961853027,891,0.0,0.0
2024-09-11 15:55:00-04:00,11.920000076293945,11.930000305175781,11.901000022888184,11.920000076293945,3580,0.0,0.0
2024-09-12 09:30:00-04:00,12.0,12.0,12.0,12.0,1426,0.0,0.0
2024-09-12 11:00:00-04:00,12.079999923706055,12.079999923706055,12.079999923706055,12.079999923706055,0,0.0,0.0
2024-09-12 13:10:00-04:00,11.960000038146973,11.960000038146973,11.960000038146973,11.960000038146973,4236,0.0,0.0
2024-09-12 14:05:00-04:00,11.970000267028809,11.970000267028809,11.970000267028809,11.970000267028809,1011,0.0,0.0
2024-09-12 14:35:00-04:00,11.9399995803833,11.9399995803833,11.9399995803833,11.9399995803833,1096,0.0,0.0
2024-09-12 15:20:00-04:00,11.920000076293945,11.920000076293945,11.920000076293945,11.920000076293945,575,0.0,0.0
2024-09-12 15:45:00-04:00,11.9399995803833,11.9399995803833,11.9399995803833,11.9399995803833,1471,0.0,0.0
2024-09-12 15:55:00-04:00,11.960000038146973,11.960000038146973,11.949999809265137,11.949999809265137,1329,0.0,0.0
2024-09-13 09:30:00-04:00,12.149999618530273,12.149999618530273,12.149999618530273,12.149999618530273,252,0.0,0.0
2024-09-13 09:35:00-04:00,12.289999961853027,12.289999961853027,12.289999961853027,12.289999961853027,969,0.0,0.0
2024-09-13 10:00:00-04:00,12.149999618530273,12.149999618530273,12.149999618530273,12.149999618530273,173,0.0,0.0
2024-09-13 10:05:00-04:00,12.210000038146973,12.210000038146973,12.210000038146973,12.210000038146973,200,0.0,0.0
2024-09-13 10:10:00-04:00,12.210000038146973,12.210000038146973,12.210000038146973,12.210000038146973,395,0.0,0.0
2024-09-13 11:10:00-04:00,12.229999542236328,12.260000228881836,12.229999542236328,12.260000228881836,2146,0.0,0.0
2024-09-13 11:20:00-04:00,12.279999732971191,12.279999732971191,12.279999732971191,12.279999732971191,223,0.0,0.0
2024-09-13 12:00:00-04:00,12.28499984741211,12.28499984741211,12.28499984741211,12.28499984741211,0,0.0,0.0
2024-09-13 12:05:00-04:00,12.28499984741211,12.28499984741211,12.28499984741211,12.28499984741211,5290,0.0,0.0
2024-09-13 12:10:00-04:00,12.28499984741211,12.390000343322754,12.28499984741211,12.390000343322754,272,0.0,0.0
2024-09-13 12:15:00-04:00,12.390000343322754,12.4399995803833,12.390000343322754,12.4350004196167,1659,0.0,0.0
2024-09-13 12:25:00-04:00,12.399999618530273,12.414199829101562,12.399999618530273,12.414199829101562,785,0.0,0.0
2024-09-13 12:45:00-04:00,12.359999656677246,12.359999656677246,12.359999656677246,12.359999656677246,1590,0.0,0.0
2024-09-13 13:25:00-04:00,12.350000381469727,12.350000381469727,12.34000015258789,12.34000015258789,498,0.0,0.0
2024-09-13 13:30:00-04:00,12.380000114440918,12.380000114440918,12.380000114440918,12.380000114440918,424,0.0,0.0
2024-09-13 14:00:00-04:00,12.34000015258789,12.34000015258789,12.34000015258789,12.34000015258789,1583,0.0,0.0
2024-09-13 15:00:00-04:00,12.350000381469727,12.350000381469727,12.350000381469727,12.350000381469727,609,0.0,0.0
2024-09-13 15:30:00-04:00,12.399999618530273,12.399999618530273,12.399999618530273,12.399999618530273,979,0.0,0.0
2024-09-13 15:40:00-04:00,12.390000343322754,12.390000343322754,12.390000343322754,12.390000343322754,533,0.0,0.0
2024-09-13 15:50:00-04:00,12.420000076293945,12.420000076293945,12.420000076293945,12.420000076293945,340,0.0,0.0
2024-09-13 15:55:00-04:00,12.430000305175781,12.489999771118164,12.430000305175781,12.479999542236328,2456,0.0,0.0
