Datetime,Open,High,Low,Close,Volume,Dividends,Stock Splits,Capital Gains
2024-08-14 09:30:00-04:00,25.489999771118164,25.489999771118164,25.489999771118164,25.489999771118164,0,0.0,0.0,0.0
2024-08-14 09:45:00-04:00,25.50149917602539,25.50149917602539,25.50149917602539,25.50149917602539,224,0.0,0.0,0.0
2024-08-14 10:10:00-04:00,25.514999389648438,25.514999389648438,25.514999389648438,25.514999389648438,156,0.0,0.0,0.0
2024-08-14 10:35:00-04:00,25.514999389648438,25.514999389648438,25.514999389648438,25.514999389648438,1100,0.0,0.0,0.0
2024-08-14 10:50:00-04:00,25.511199951171875,25.511199951171875,25.511199951171875,25.511199951171875,291,0.0,0.0,0.0
2024-08-14 11:05:00-04:00,25.520000457763672,25.5221004486084,25.520000457763672,25.5221004486084,527,0.0,0.0,0.0
2024-08-14 11:20:00-04:00,25.524999618530273,25.524999618530273,25.523500442504883,25.523500442504883,2300,0.0,0.0,0.0
2024-08-14 11:25:00-04:00,25.520000457763672,25.520000457763672,25.520000457763672,25.520000457763672,100,0.0,0.0,0.0
2024-08-14 11:40:00-04:00,25.524999618530273,25.524999618530273,25.524999618530273,25.524999618530273,128,0.0,0.0,0.0
2024-08-14 11:45:00-04:00,25.520999908447266,25.520999908447266,25.520000457763672,25.520000457763672,1137,0.0,0.0,0.0
2024-08-14 11:50:00-04:00,25.514999389648438,25.514999389648438,25.514999389648438,25.514999389648438,1075,0.0,0.0,0.0
2024-08-14 13:30:00-04:00,25.510900497436523,25.510900497436523,25.510900497436523,25.510900497436523,1209,0.0,0.0,0.0
2024-08-14 13:45:00-04:00,25.520000457763672,25.520000457763672,25.519899368286133,25.519899368286133,420,0.0,0.0,0.0
2024-08-14 14:40:00-04:00,25.513999938964844,25.520000457763672,25.513999938964844,25.520000457763672,11700,0.0,0.0,0.0
2024-08-14 14:45:00-04:00,25.514999389648438,25.514999389648438,25.514999389648438,25.514999389648438,1460,0.0,0.0,0.0
2024-08-14 14:55:00-04:00,25.511199951171875,25.520000457763672,25.511199951171875,25.520000457763672,2275,0.0,0.0,0.0
2024-08-14 15:05:00-04:00,25.520000457763672,25.520000457763672,25.520000457763672,25.520000457763672,145,0.0,0.0,0.0
2024-08-14 15:20:00-04:00,25.52989959716797,25.52989959716797,25.52989959716797,25.52989959716797,277,0.0,0.0,0.0
2024-08-14 15:25:00-04:00,25.524099349975586,25.524999618530273,25.524099349975586,25.524999618530273,2137,0.0,0.0,0.0
2024-08-14 15:40:00-04:00,25.521099090576172,25.521099090576172,25.520099639892578,25.520099639892578,927,0.0,0.0,0.0
2024-08-14 15:45:00-04:00,25.524999618530273,25.524999618530273,25.524999618530273,25.524999618530273,217,0.0,0.0,0.0
2024-08-14 15:50:00-04:00,25.524999618530273,25.524999618530273,25.524999618530273,25.524999618530273,200,0.0,0.0,0.0
2024-08-14 15:55:00-04:00,25.530000686645508,25.530000686645508,25.524999618530273,25.524999618530273,2153,0.0,0.0,0.0
2024-08-15 10:00:00-04:00,25.5,25.5,25.499900817871094,25.499900817871094,2698,0.0,0.0,0.0
2024-08-15 10:10:00-04:00,25.5,25.5049991607666,25.5,25.5049991607666,380,0.0,0.0,0.0
2024-08-15 10:25:00-04:00,25.510000228881836,25.510000228881836,25.509899139404297,25.509899139404297,672,0.0,0.0,0.0
2024-08-15 10:30:00-04:00,25.510000228881836,25.510000228881836,25.510000228881836,25.510000228881836,100,0.0,0.0,0.0
2024-08-15 10:35:00-04:00,25.501100540161133,25.514999389648438,25.501100540161133,25.514999389648438,10543,0.0,0.0,0.0
2024-08-15 10:40:00-04:00,25.514999389648438,25.514999389648438,25.514999389648438,25.514999389648438,472,0.0,0.0,0.0
2024-08-15 10:50:00-04:00,25.514999389648438,25.514999389648438,25.514999389648438,25.514999389648438,1252,0.0,0.0,0.0
2024-08-15 11:00:00-04:00,25.520000457763672,25.520000457763672,25.520000457763672,25.520000457763672,406,0.0,0.0,0.0
2024-08-15 11:30:00-04:00,25.512100219726562,25.512100219726562,25.512100219726562,25.512100219726562,411,0.0,0.0,0.0
2024-08-15 11:35:00-04:00,25.514999389648438,25.514999389648438,25.514999389648438,25.514999389648438,400,0.0,0.0,0.0
2024-08-15 11:40:00-04:00,25.514999389648438,25.514999389648438,25.510000228881836,25.510000228881836,319,0.0,0.0,0.0
2024-08-15 11:45:00-04:00,25.511199951171875,25.511199951171875,25.510000228881836,25.510000228881836,1126,0.0,0.0,0.0
2024-08-15 11:55:00-04:00,25.514999389648438,25.520000457763672,25.514999389648438,25.520000457763672,4355,0.0,0.0,0.0
2024-08-15 12:00:00-04:00,25.514999389648438,25.514999389648438,25.514999389648438,25.514999389648438,117,0.0,0.0,0.0
2024-08-15 12:55:00-04:00,25.514999389648438,25.514999389648438,25.514999389648438,25.514999389648438,109,0.0,0.0,0.0
2024-08-15 13:00:00-04:00,25.514999389648438,25.514999389648438,25.514999389648438,25.514999389648438,265,0.0,0.0,0.0
2024-08-15 13:20:00-04:00,25.51810073852539,25.51810073852539,25.51810073852539,25.51810073852539,2000,0.0,0.0,0.0
2024-08-15 14:10:00-04:00,25.514999389648438,25.514999389648438,25.514999389648438,25.514999389648438,2939,0.0,0.0,0.0
2024-08-15 14:20:00-04:00,25.514999389648438,25.514999389648438,25.514999389648438,25.514999389648438,208,0.0,0.0,0.0
2024-08-15 14:25:00-04:00,25.51129913330078,25.514999389648438,25.51129913330078,25.514999389648438,1751,0.0,0.0,0.0
2024-08-15 14:45:00-04:00,25.514999389648438,25.514999389648438,25.514999389648438,25.514999389648438,800,0.0,0.0,0.0
2024-08-15 14:50:00-04:00,25.520000457763672,25.520000457763672,25.514999389648438,25.514999389648438,4264,0.0,0.0,0.0
2024-08-15 15:05:00-04:00,25.519899368286133,25.519899368286133,25.519899368286133,25.519899368286133,240,0.0,0.0,0.0
2024-08-15 15:15:00-04:00,25.51129913330078,25.51129913330078,25.51129913330078,25.51129913330078,323,0.0,0.0,0.0
2024-08-15 15:25:00-04:00,25.514999389648438,25.520000457763672,25.514999389648438,25.520000457763672,3153,0.0,0.0,0.0
2024-08-15 15:45:00-04:00,25.524999618530273,25.524999618530273,25.514999389648438,25.519800186157227,3091,0.0,0.0,0.0
2024-08-15 15:50:00-04:00,25.520000457763672,25.520000457763672,25.520000457763672,25.520000457763672,275,0.0,0.0,0.0
2024-08-15 15:55:00-04:00,25.520000457763672,25.549999237060547,25.520000457763672,25.540000915527344,3548,0.0,0.0,0.0
2024-08-16 09:30:00-04:00,25.56999969482422,25.56999969482422,25.56999969482422,25.56999969482422,0,0.0,0.0,0.0
2024-08-16 10:00:00-04:00,25.510000228881836,25.510000228881836,25.510000228881836,25.510000228881836,698,0.0,0.0,0.0
2024-08-16 10:10:00-04:00,25.52869987487793,25.52869987487793,25.52869987487793,25.52869987487793,347,0.0,0.0,0.0
2024-08-16 10:20:00-04:00,25.520000457763672,25.520000457763672,25.520000457763672,25.520000457763672,400,0.0,0.0,0.0
2024-08-16 10:25:00-04:00,25.520000457763672,25.520000457763672,25.520000457763672,25.520000457763672,332,0.0,0.0,0.0
2024-08-16 10:35:00-04:00,25.519899368286133,25.519899368286133,25.519899368286133,25.519899368286133,233,0.0,0.0,0.0
2024-08-16 10:50:00-04:00,25.520000457763672,25.520000457763672,25.520000457763672,25.520000457763672,0,0.0,0.0,0.0
2024-08-16 11:05:00-04:00,25.510000228881836,25.510000228881836,25.510000228881836,25.510000228881836,5359,0.0,0.0,0.0
2024-08-16 11:35:00-04:00,25.510900497436523,25.520000457763672,25.510900497436523,25.520000457763672,2100,0.0,0.0,0.0
2024-08-16 11:40:00-04:00,25.514999389648438,25.519899368286133,25.514999389648438,25.519899368286133,1621,0.0,0.0,0.0
2024-08-16 11:50:00-04:00,25.519899368286133,25.519899368286133,25.519899368286133,25.519899368286133,146,0.0,0.0,0.0
2024-08-16 11:55:00-04:00,25.520000457763672,25.520000457763672,25.520000457763672,25.520000457763672,100,0.0,0.0,0.0
2024-08-16 12:00:00-04:00,25.519899368286133,25.519899368286133,25.511899948120117,25.511899948120117,308,0.0,0.0,0.0
2024-08-16 12:10:00-04:00,25.520000457763672,25.520000457763672,25.520000457763672,25.520000457763672,200,0.0,0.0,0.0
2024-08-16 12:20:00-04:00,25.520000457763672,25.524999618530273,25.519899368286133,25.524999618530273,1330,0.0,0.0,0.0
2024-08-16 12:35:00-04:00,25.52869987487793,25.52869987487793,25.52869987487793,25.52869987487793,185,0.0,0.0,0.0
2024-08-16 12:40:00-04:00,25.525999069213867,25.525999069213867,25.525999069213867,25.525999069213867,334,0.0,0.0,0.0
2024-08-16 12:55:00-04:00,25.520299911499023,25.520299911499023,25.520299911499023,25.520299911499023,771,0.0,0.0,0.0
2024-08-16 13:15:00-04:00,25.524999618530273,25.530000686645508,25.520000457763672,25.530000686645508,2951,0.0,0.0,0.0
2024-08-16 13:20:00-04:00,25.524999618530273,25.530000686645508,25.524999618530273,25.530000686645508,363,0.0,0.0,0.0
2024-08-16 13:25:00-04:00,25.520000457763672,25.520000457763672,25.520000457763672,25.520000457763672,863,0.0,0.0,0.0
2024-08-16 14:15:00-04:00,25.520000457763672,25.520000457763672,25.520000457763672,25.520000457763672,4915,0.0,0.0,0.0
2024-08-16 14:20:00-04:00,25.520000457763672,25.524999618530273,25.520000457763672,25.524999618530273,508,0.0,0.0,0.0
2024-08-16 14:25:00-04:00,25.524999618530273,25.530000686645508,25.524999618530273,25.530000686645508,1750,0.0,0.0,0.0
2024-08-16 14:35:00-04:00,25.52989959716797,25.52989959716797,25.52989959716797,25.52989959716797,280,0.0,0.0,0.0
2024-08-16 14:40:00-04:00,25.52400016784668,25.52400016784668,25.52400016784668,25.52400016784668,121,0.0,0.0,0.0
2024-08-16 15:15:00-04:00,25.520099639892578,25.530000686645508,25.520099639892578,25.530000686645508,1836,0.0,0.0,0.0
2024-08-16 15:20:00-04:00,25.521299362182617,25.530000686645508,25.521299362182617,25.530000686645508,807,0.0,0.0,0.0
2024-08-16 15:30:00-04:00,25.540000915527344,25.540000915527344,25.53499984741211,25.53499984741211,678,0.0,0.0,0.0
2024-08-16 15:40:00-04:00,25.530000686645508,25.530000686645508,25.530000686645508,25.530000686645508,450,0.0,0.0,0.0
2024-08-16 15:45:00-04:00,25.524999618530273,25.530000686645508,25.524999618530273,25.524999618530273,1545,0.0,0.0,0.0
2024-08-16 15:55:00-04:00,25.530000686645508,25.530000686645508,25.530000686645508,25.530000686645508,150,0.0,0.0,0.0
2024-08-19 09:30:00-04:00,25.559999465942383,25.559999465942383,25.535900115966797,25.535900115966797,0,0.0,0.0,0.0
2024-08-19 09:40:00-04:00,25.520000457763672,25.520000457763672,25.520000457763672,25.520000457763672,3908,0.0,0.0,0.0
2024-08-19 09:50:00-04:00,25.520000457763672,25.520000457763672,25.520000457763672,25.520000457763672,1154,0.0,0.0,0.0
2024-08-19 10:05:00-04:00,25.51259994506836,25.520000457763672,25.51259994506836,25.520000457763672,367,0.0,0.0,0.0
2024-08-19 10:25:00-04:00,25.52989959716797,25.52989959716797,25.52989959716797,25.52989959716797,476,0.0,0.0,0.0
2024-08-19 10:40:00-04:00,25.520099639892578,25.520099639892578,25.520000457763672,25.520000457763672,529,0.0,0.0,0.0
2024-08-19 11:30:00-04:00,25.530000686645508,25.530000686645508,25.530000686645508,25.530000686645508,200,0.0,0.0,0.0
2024-08-19 11:45:00-04:00,25.54560089111328,25.54560089111328,25.54560089111328,25.54560089111328,4401,0.0,0.0,0.0
2024-08-19 12:10:00-04:00,25.548900604248047,25.548900604248047,25.548900604248047,25.548900604248047,1607,0.0,0.0,0.0
2024-08-19 12:20:00-04:00,25.549999237060547,25.549999237060547,25.54990005493164,25.54990005493164,4035,0.0,0.0,0.0
2024-08-19 13:00:00-04:00,25.549999237060547,25.549999237060547,25.546499252319336,25.546499252319336,716,0.0,0.0,0.0
2024-08-19 13:35:00-04:00,25.540000915527344,25.545000076293945,25.53499984741211,25.53499984741211,2900,0.0,0.0,0.0
2024-08-19 13:45:00-04:00,25.540000915527344,25.540000915527344,25.540000915527344,25.540000915527344,180,0.0,0.0,0.0
2024-08-19 13:55:00-04:00,25.540000915527344,25.540000915527344,25.539899826049805,25.539899826049805,537,0.0,0.0,0.0
2024-08-19 14:25:00-04:00,25.540000915527344,25.540000915527344,25.540000915527344,25.540000915527344,4443,0.0,0.0,0.0
2024-08-19 14:50:00-04:00,25.545000076293945,25.545000076293945,25.545000076293945,25.545000076293945,780,0.0,0.0,0.0
2024-08-19 15:05:00-04:00,25.545000076293945,25.545000076293945,25.545000076293945,25.545000076293945,178,0.0,0.0,0.0
2024-08-19 15:15:00-04:00,25.5487003326416,25.5487003326416,25.5487003326416,25.5487003326416,782,0.0,0.0,0.0
2024-08-19 15:30:00-04:00,25.549999237060547,25.549999237060547,25.549999237060547,25.549999237060547,179,0.0,0.0,0.0
2024-08-19 15:40:00-04:00,25.54990005493164,25.549999237060547,25.548999786376953,25.549999237060547,6561,0.0,0.0,0.0
2024-08-19 15:55:00-04:00,25.549999237060547,25.549999237060547,25.545000076293945,25.549999237060547,2457,0.0,0.0,0.0
2024-08-20 09:30:00-04:00,25.530000686645508,25.530000686645508,25.530000686645508,25.530000686645508,0,0.0,0.0,0.0
2024-08-20 09:50:00-04:00,25.545000076293945,25.545000076293945,25.545000076293945,25.545000076293945,300,0.0,0.0,0.0
2024-08-20 10:05:00-04:00,25.540000915527344,25.540000915527344,25.540000915527344,25.540000915527344,3910,0.0,0.0,0.0
2024-08-20 10:20:00-04:00,25.549999237060547,25.575000762939453,25.549999237060547,25.565000534057617,10469,0.0,0.0,0.0
2024-08-20 10:25:00-04:00,25.575000762939453,25.575000762939453,25.575000762939453,25.575000762939453,100,0.0,0.0,0.0
2024-08-20 10:35:00-04:00,25.575000762939453,25.575000762939453,25.575000762939453,25.575000762939453,277,0.0,0.0,0.0
2024-08-20 10:40:00-04:00,25.56999969482422,25.56999969482422,25.56999969482422,25.56999969482422,298,0.0,0.0,0.0
2024-08-20 10:50:00-04:00,25.56999969482422,25.56999969482422,25.56999969482422,25.56999969482422,100,0.0,0.0,0.0
2024-08-20 11:00:00-04:00,25.575000762939453,25.575000762939453,25.56999969482422,25.56999969482422,978,0.0,0.0,0.0
2024-08-20 11:05:00-04:00,25.56999969482422,25.56999969482422,25.569000244140625,25.569000244140625,1120,0.0,0.0,0.0
2024-08-20 11:15:00-04:00,25.565000534057617,25.565000534057617,25.565000534057617,25.565000534057617,583,0.0,0.0,0.0
2024-08-20 11:20:00-04:00,25.565000534057617,25.56999969482422,25.565000534057617,25.569700241088867,489,0.0,0.0,0.0
2024-08-20 11:25:00-04:00,25.56369972229004,25.56369972229004,25.56369972229004,25.56369972229004,827,0.0,0.0,0.0
2024-08-20 11:30:00-04:00,25.565000534057617,25.579999923706055,25.565000534057617,25.56999969482422,20233,0.0,0.0,0.0
2024-08-20 11:45:00-04:00,25.56999969482422,25.56999969482422,25.56999969482422,25.56999969482422,29469,0.0,0.0,0.0
2024-08-20 12:15:00-04:00,25.565799713134766,25.565799713134766,25.565799713134766,25.565799713134766,242,0.0,0.0,0.0
2024-08-20 12:35:00-04:00,25.565000534057617,25.56999969482422,25.565000534057617,25.56999969482422,1106,0.0,0.0,0.0
2024-08-20 12:45:00-04:00,25.56439971923828,25.56439971923828,25.56439971923828,25.56439971923828,1980,0.0,0.0,0.0
2024-08-20 12:50:00-04:00,25.56999969482422,25.56999969482422,25.565200805664062,25.565200805664062,915,0.0,0.0,0.0
2024-08-20 13:00:00-04:00,25.56679916381836,25.56679916381836,25.56679916381836,25.56679916381836,1955,0.0,0.0,0.0
2024-08-20 13:05:00-04:00,25.560100555419922,25.56100082397461,25.560100555419922,25.56100082397461,531,0.0,0.0,0.0
2024-08-20 13:10:00-04:00,25.56559944152832,25.56559944152832,25.56559944152832,25.56559944152832,702,0.0,0.0,0.0
2024-08-20 13:35:00-04:00,25.565000534057617,25.565000534057617,25.565000534057617,25.565000534057617,2052,0.0,0.0,0.0
2024-08-20 13:55:00-04:00,25.56999969482422,25.579999923706055,25.56999969482422,25.579999923706055,902,0.0,0.0,0.0
2024-08-20 14:00:00-04:00,25.579999923706055,25.579999923706055,25.56999969482422,25.56999969482422,2500,0.0,0.0,0.0
2024-08-20 14:05:00-04:00,25.565000534057617,25.56999969482422,25.565000534057617,25.565000534057617,2567,0.0,0.0,0.0
2024-08-20 14:15:00-04:00,25.56439971923828,25.56439971923828,25.56439971923828,25.56439971923828,1312,0.0,0.0,0.0
2024-08-20 14:30:00-04:00,25.565000534057617,25.565000534057617,25.565000534057617,25.565000534057617,766,0.0,0.0,0.0
2024-08-20 14:50:00-04:00,25.56450080871582,25.56450080871582,25.56450080871582,25.56450080871582,125,0.0,0.0,0.0
2024-08-20 14:55:00-04:00,25.559999465942383,25.559999465942383,25.558700561523438,25.558700561523438,386,0.0,0.0,0.0
2024-08-20 15:00:00-04:00,25.55500030517578,25.559999465942383,25.55500030517578,25.55900001525879,2069,0.0,0.0,0.0
2024-08-20 15:05:00-04:00,25.559999465942383,25.559999465942383,25.559799194335938,25.559799194335938,3589,0.0,0.0,0.0
2024-08-20 15:10:00-04:00,25.559999465942383,25.559999465942383,25.559999465942383,25.559999465942383,711,0.0,0.0,0.0
2024-08-20 15:25:00-04:00,25.559999465942383,25.559999465942383,25.55660057067871,25.559999465942383,5340,0.0,0.0,0.0
2024-08-20 15:30:00-04:00,25.559999465942383,25.559999465942383,25.55500030517578,25.55500030517578,700,0.0,0.0,0.0
2024-08-20 15:35:00-04:00,25.559999465942383,25.559999465942383,25.559999465942383,25.559999465942383,1706,0.0,0.0,0.0
2024-08-20 15:40:00-04:00,25.559999465942383,25.559999465942383,25.55500030517578,25.559999465942383,5300,0.0,0.0,0.0
2024-08-20 15:50:00-04:00,25.559999465942383,25.559999465942383,25.55500030517578,25.55500030517578,2717,0.0,0.0,0.0
2024-08-20 15:55:00-04:00,25.559999465942383,25.59000015258789,25.559999465942383,25.572500228881836,26595,0.0,0.0,0.0
2024-08-21 09:30:00-04:00,25.559999465942383,25.559999465942383,25.559999465942383,25.559999465942383,0,0.0,0.0,0.0
2024-08-21 09:55:00-04:00,25.56220054626465,25.56220054626465,25.56220054626465,25.56220054626465,392,0.0,0.0,0.0
2024-08-21 10:50:00-04:00,25.560800552368164,25.560800552368164,25.560800552368164,25.560800552368164,516,0.0,0.0,0.0
2024-08-21 10:55:00-04:00,25.565000534057617,25.565000534057617,25.565000534057617,25.565000534057617,552,0.0,0.0,0.0
2024-08-21 11:30:00-04:00,25.565000534057617,25.5664005279541,25.565000534057617,25.5664005279541,708,0.0,0.0,0.0
2024-08-21 12:15:00-04:00,25.569900512695312,25.569900512695312,25.569900512695312,25.569900512695312,438,0.0,0.0,0.0
2024-08-21 12:20:00-04:00,25.56999969482422,25.56999969482422,25.569900512695312,25.569900512695312,674,0.0,0.0,0.0
2024-08-21 12:40:00-04:00,25.56800079345703,25.56800079345703,25.56800079345703,25.56800079345703,266,0.0,0.0,0.0
2024-08-21 12:45:00-04:00,25.565000534057617,25.565000534057617,25.565000534057617,25.565000534057617,990,0.0,0.0,0.0
2024-08-21 13:00:00-04:00,25.569000244140625,25.569000244140625,25.559999465942383,25.565000534057617,430,0.0,0.0,0.0
2024-08-21 13:20:00-04:00,25.565000534057617,25.594999313354492,25.565000534057617,25.594999313354492,12157,0.0,0.0,0.0
2024-08-21 13:25:00-04:00,25.579999923706055,25.579999923706055,25.579999923706055,25.579999923706055,615,0.0,0.0,0.0
2024-08-21 14:00:00-04:00,25.575000762939453,25.575000762939453,25.575000762939453,25.575000762939453,348,0.0,0.0,0.0
2024-08-21 14:05:00-04:00,25.575000762939453,25.575000762939453,25.575000762939453,25.575000762939453,659,0.0,0.0,0.0
2024-08-21 14:35:00-04:00,25.575000762939453,25.575000762939453,25.575000762939453,25.575000762939453,299,0.0,0.0,0.0
2024-08-21 14:45:00-04:00,25.575000762939453,25.579999923706055,25.575000762939453,25.57979965209961,2017,0.0,0.0,0.0
2024-08-21 14:50:00-04:00,25.575000762939453,25.577999114990234,25.575000762939453,25.57699966430664,422,0.0,0.0,0.0
2024-08-21 14:55:00-04:00,25.575000762939453,25.575000762939453,25.56999969482422,25.56999969482422,4857,0.0,0.0,0.0
2024-08-21 15:10:00-04:00,25.579999923706055,25.59000015258789,25.579999923706055,25.584999084472656,2975,0.0,0.0,0.0
2024-08-21 15:15:00-04:00,25.579999923706055,25.59000015258789,25.579999923706055,25.584999084472656,2682,0.0,0.0,0.0
2024-08-21 15:20:00-04:00,25.579999923706055,25.59000015258789,25.579999923706055,25.59000015258789,2684,0.0,0.0,0.0
2024-08-21 15:25:00-04:00,25.59000015258789,25.59000015258789,25.59000015258789,25.59000015258789,1316,0.0,0.0,0.0
2024-08-21 15:30:00-04:00,25.59000015258789,25.59000015258789,25.59000015258789,25.59000015258789,1675,0.0,0.0,0.0
2024-08-21 15:35:00-04:00,25.59000015258789,25.59000015258789,25.59000015258789,25.59000015258789,1341,0.0,0.0,0.0
2024-08-21 15:40:00-04:00,25.59000015258789,25.59000015258789,25.579700469970703,25.579700469970703,2513,0.0,0.0,0.0
2024-08-21 15:45:00-04:00,25.579999923706055,25.59000015258789,25.579999923706055,25.59000015258789,2837,0.0,0.0,0.0
2024-08-21 15:55:00-04:00,25.584999084472656,25.59000015258789,25.579999923706055,25.579999923706055,0,0.0,0.0,0.0
2024-08-22 09:35:00-04:00,25.56999969482422,25.56999969482422,25.569900512695312,25.569900512695312,2000,0.0,0.0,0.0
2024-08-22 09:45:00-04:00,25.550100326538086,25.550100326538086,25.550100326538086,25.550100326538086,0,0.0,0.0,0.0
2024-08-22 10:10:00-04:00,25.559999465942383,25.559999465942383,25.559999465942383,25.559999465942383,2658,0.0,0.0,0.0
2024-08-22 10:30:00-04:00,25.559999465942383,25.559999465942383,25.55900001525879,25.559900283813477,3700,0.0,0.0,0.0
2024-08-22 10:40:00-04:00,25.559999465942383,25.559999465942383,25.559999465942383,25.559999465942383,700,0.0,0.0,0.0
2024-08-22 10:50:00-04:00,25.55500030517578,25.55500030517578,25.55500030517578,25.55500030517578,189,0.0,0.0,0.0
2024-08-22 11:20:00-04:00,25.559999465942383,25.559999465942383,25.555200576782227,25.555200576782227,216,0.0,0.0,0.0
2024-08-22 11:30:00-04:00,25.559900283813477,25.559900283813477,25.559900283813477,25.559900283813477,120,0.0,0.0,0.0
2024-08-22 11:40:00-04:00,25.559999465942383,25.56999969482422,25.559900283813477,25.559900283813477,2201,0.0,0.0,0.0
2024-08-22 11:45:00-04:00,25.56999969482422,25.56999969482422,25.56999969482422,25.56999969482422,2011,0.0,0.0,0.0
2024-08-22 12:00:00-04:00,25.565000534057617,25.565000534057617,25.565000534057617,25.565000534057617,120,0.0,0.0,0.0
2024-08-22 13:05:00-04:00,25.569900512695312,25.569900512695312,25.569900512695312,25.569900512695312,236,0.0,0.0,0.0
2024-08-22 13:25:00-04:00,25.56999969482422,25.56999969482422,25.56999969482422,25.56999969482422,217,0.0,0.0,0.0
2024-08-22 13:45:00-04:00,25.565000534057617,25.565000534057617,25.560100555419922,25.560100555419922,1804,0.0,0.0,0.0
2024-08-22 13:50:00-04:00,25.560199737548828,25.56089973449707,25.560100555419922,25.56089973449707,1887,0.0,0.0,0.0
2024-08-22 14:05:00-04:00,25.565000534057617,25.565000534057617,25.560199737548828,25.560199737548828,592,0.0,0.0,0.0
2024-08-22 14:10:00-04:00,25.559999465942383,25.559999465942383,25.559999465942383,25.559999465942383,354,0.0,0.0,0.0
2024-08-22 14:15:00-04:00,25.565000534057617,25.565000534057617,25.565000534057617,25.565000534057617,897,0.0,0.0,0.0
2024-08-22 14:50:00-04:00,25.56999969482422,25.56999969482422,25.565000534057617,25.565000534057617,769,0.0,0.0,0.0
2024-08-22 14:55:00-04:00,25.56999969482422,25.56999969482422,25.56999969482422,25.56999969482422,1485,0.0,0.0,0.0
2024-08-22 15:25:00-04:00,25.56999969482422,25.56999969482422,25.569900512695312,25.569900512695312,963,0.0,0.0,0.0
2024-08-22 15:30:00-04:00,25.57990074157715,25.57990074157715,25.575000762939453,25.575000762939453,5933,0.0,0.0,0.0
2024-08-22 15:40:00-04:00,25.575000762939453,25.59000015258789,25.56999969482422,25.579999923706055,8727,0.0,0.0,0.0
2024-08-22 15:45:00-04:00,25.589000701904297,25.600000381469727,25.579999923706055,25.600000381469727,7348,0.0,0.0,0.0
2024-08-22 15:55:00-04:00,25.584999084472656,25.59000015258789,25.579999923706055,25.579999923706055,0,0.0,0.0,0.0
2024-08-23 09:40:00-04:00,25.570100784301758,25.570100784301758,25.570100784301758,25.570100784301758,157,0.0,0.0,0.0
2024-08-23 09:50:00-04:00,25.57830047607422,25.57830047607422,25.57830047607422,25.57830047607422,109,0.0,0.0,0.0
2024-08-23 10:00:00-04:00,25.575000762939453,25.575000762939453,25.570600509643555,25.570600509643555,6488,0.0,0.0,0.0
2024-08-23 10:05:00-04:00,25.579999923706055,25.579999923706055,25.579999923706055,25.579999923706055,488,0.0,0.0,0.0
2024-08-23 10:40:00-04:00,25.584999084472656,25.584999084472656,25.584999084472656,25.584999084472656,3004,0.0,0.0,0.0
2024-08-23 10:45:00-04:00,25.59000015258789,25.59000015258789,25.59000015258789,25.59000015258789,104,0.0,0.0,0.0
2024-08-23 10:55:00-04:00,25.584999084472656,25.584999084472656,25.584999084472656,25.584999084472656,730,0.0,0.0,0.0
2024-08-23 11:05:00-04:00,25.59000015258789,25.59000015258789,25.59000015258789,25.59000015258789,1300,0.0,0.0,0.0
2024-08-23 11:15:00-04:00,25.600000381469727,25.600000381469727,25.600000381469727,25.600000381469727,1433,0.0,0.0,0.0
2024-08-23 11:25:00-04:00,25.58970069885254,25.58970069885254,25.58970069885254,25.58970069885254,2225,0.0,0.0,0.0
2024-08-23 12:25:00-04:00,25.579999923706055,25.579999923706055,25.579999923706055,25.579999923706055,509,0.0,0.0,0.0
2024-08-23 13:00:00-04:00,25.579999923706055,25.581300735473633,25.579999923706055,25.581300735473633,1070,0.0,0.0,0.0
2024-08-23 13:05:00-04:00,25.594999313354492,25.594999313354492,25.594999313354492,25.594999313354492,205,0.0,0.0,0.0
2024-08-23 13:20:00-04:00,25.59000015258789,25.59000015258789,25.59000015258789,25.59000015258789,645,0.0,0.0,0.0
2024-08-23 14:00:00-04:00,25.59000015258789,25.59000015258789,25.59000015258789,25.59000015258789,9056,0.0,0.0,0.0
2024-08-23 14:15:00-04:00,25.59000015258789,25.59000015258789,25.59000015258789,25.59000015258789,337,0.0,0.0,0.0
2024-08-23 14:25:00-04:00,25.59000015258789,25.59000015258789,25.59000015258789,25.59000015258789,453,0.0,0.0,0.0
2024-08-23 14:30:00-04:00,25.589799880981445,25.589799880981445,25.589799880981445,25.589799880981445,1217,0.0,0.0,0.0
2024-08-23 14:40:00-04:00,25.59000015258789,25.59000015258789,25.59000015258789,25.59000015258789,600,0.0,0.0,0.0
2024-08-23 14:45:00-04:00,25.59000015258789,25.600000381469727,25.59000015258789,25.597000122070312,6800,0.0,0.0,0.0
2024-08-23 14:50:00-04:00,25.599899291992188,25.599899291992188,25.59779930114746,25.59779930114746,5290,0.0,0.0,0.0
2024-08-23 14:55:00-04:00,25.594999313354492,25.594999313354492,25.594999313354492,25.594999313354492,158,0.0,0.0,0.0
2024-08-23 15:00:00-04:00,25.594999313354492,25.600000381469727,25.594999313354492,25.599899291992188,3907,0.0,0.0,0.0
2024-08-23 15:10:00-04:00,25.600000381469727,25.600000381469727,25.600000381469727,25.600000381469727,676,0.0,0.0,0.0
2024-08-23 15:15:00-04:00,25.600000381469727,25.600000381469727,25.600000381469727,25.600000381469727,534,0.0,0.0,0.0
2024-08-23 15:25:00-04:00,25.610000610351562,25.610000610351562,25.604999542236328,25.604999542236328,693,0.0,0.0,0.0
2024-08-23 15:30:00-04:00,25.610000610351562,25.6200008392334,25.610000610351562,25.6200008392334,1156,0.0,0.0,0.0
2024-08-23 15:35:00-04:00,25.614999771118164,25.6200008392334,25.614999771118164,25.6200008392334,638,0.0,0.0,0.0
2024-08-23 15:40:00-04:00,25.6200008392334,25.6200008392334,25.6200008392334,25.6200008392334,570,0.0,0.0,0.0
2024-08-23 15:45:00-04:00,25.6200008392334,25.6200008392334,25.614999771118164,25.6200008392334,666,0.0,0.0,0.0
2024-08-23 15:50:00-04:00,25.6200008392334,25.6200008392334,25.610000610351562,25.6200008392334,3000,0.0,0.0,0.0
2024-08-23 15:55:00-04:00,25.611099243164062,25.6200008392334,25.610000610351562,25.610000610351562,5573,0.0,0.0,0.0
2024-08-26 09:30:00-04:00,25.610000610351562,25.610000610351562,25.610000610351562,25.610000610351562,0,0.0,0.0,0.0
2024-08-26 10:00:00-04:00,25.596200942993164,25.596200942993164,25.596200942993164,25.596200942993164,1123,0.0,0.0,0.0
2024-08-26 10:15:00-04:00,25.59000015258789,25.59000015258789,25.59000015258789,25.59000015258789,100,0.0,0.0,0.0
2024-08-26 10:20:00-04:00,25.595600128173828,25.595600128173828,25.595600128173828,25.595600128173828,1000,0.0,0.0,0.0
2024-08-26 10:25:00-04:00,25.599000930786133,25.599000930786133,25.594999313354492,25.594999313354492,356,0.0,0.0,0.0
2024-08-26 10:35:00-04:00,25.590099334716797,25.590099334716797,25.590099334716797,25.590099334716797,509,0.0,0.0,0.0
2024-08-26 10:55:00-04:00,25.59000015258789,25.594999313354492,25.59000015258789,25.594999313354492,393,0.0,0.0,0.0
2024-08-26 11:00:00-04:00,25.594999313354492,25.594999313354492,25.594999313354492,25.594999313354492,622,0.0,0.0,0.0
2024-08-26 11:10:00-04:00,25.59000015258789,25.59000015258789,25.59000015258789,25.59000015258789,245,0.0,0.0,0.0
2024-08-26 11:35:00-04:00,25.594999313354492,25.594999313354492,25.594999313354492,25.594999313354492,794,0.0,0.0,0.0
2024-08-26 11:45:00-04:00,25.590099334716797,25.590099334716797,25.590099334716797,25.590099334716797,4428,0.0,0.0,0.0
2024-08-26 12:20:00-04:00,25.594999313354492,25.594999313354492,25.594999313354492,25.594999313354492,956,0.0,0.0,0.0
2024-08-26 12:30:00-04:00,25.600000381469727,25.604999542236328,25.600000381469727,25.604999542236328,1451,0.0,0.0,0.0
2024-08-26 12:35:00-04:00,25.604999542236328,25.604999542236328,25.600099563598633,25.600099563598633,1491,0.0,0.0,0.0
2024-08-26 12:40:00-04:00,25.604999542236328,25.604999542236328,25.600000381469727,25.600000381469727,4510,0.0,0.0,0.0
2024-08-26 13:10:00-04:00,25.599899291992188,25.599899291992188,25.599899291992188,25.599899291992188,491,0.0,0.0,0.0
2024-08-26 13:20:00-04:00,25.59000015258789,25.59000015258789,25.59000015258789,25.59000015258789,100,0.0,0.0,0.0
2024-08-26 13:30:00-04:00,25.594999313354492,25.594999313354492,25.594999313354492,25.594999313354492,218,0.0,0.0,0.0
2024-08-26 13:45:00-04:00,25.59000015258789,25.59000015258789,25.59000015258789,25.59000015258789,100,0.0,0.0,0.0
2024-08-26 14:15:00-04:00,25.600000381469727,25.600000381469727,25.599899291992188,25.599899291992188,286,0.0,0.0,0.0
2024-08-26 14:45:00-04:00,25.59000015258789,25.59000015258789,25.59000015258789,25.59000015258789,101,0.0,0.0,0.0
2024-08-26 15:20:00-04:00,25.597900390625,25.597900390625,25.597900390625,25.597900390625,259,0.0,0.0,0.0
2024-08-26 15:30:00-04:00,25.59869956970215,25.59869956970215,25.59869956970215,25.59869956970215,882,0.0,0.0,0.0
2024-08-26 15:40:00-04:00,25.599700927734375,25.599700927734375,25.599700927734375,25.599700927734375,240,0.0,0.0,0.0
2024-08-26 15:45:00-04:00,25.594999313354492,25.594999313354492,25.594999313354492,25.594999313354492,1331,0.0,0.0,0.0
2024-08-26 15:50:00-04:00,25.59510040283203,25.597999572753906,25.59510040283203,25.597999572753906,1244,0.0,0.0,0.0
2024-08-26 15:55:00-04:00,25.594999313354492,25.600000381469727,25.594999313354492,25.600000381469727,0,0.0,0.0,0.0
2024-08-27 09:35:00-04:00,25.588300704956055,25.588300704956055,25.588300704956055,25.588300704956055,2025,0.0,0.0,0.0
2024-08-27 10:05:00-04:00,25.580299377441406,25.580299377441406,25.580299377441406,25.580299377441406,600,0.0,0.0,0.0
2024-08-27 10:15:00-04:00,25.58009910583496,25.584999084472656,25.58009910583496,25.584999084472656,1485,0.0,0.0,0.0
2024-08-27 10:25:00-04:00,25.584999084472656,25.584999084472656,25.584999084472656,25.584999084472656,1336,0.0,0.0,0.0
2024-08-27 10:30:00-04:00,25.58799934387207,25.58799934387207,25.58799934387207,25.58799934387207,200,0.0,0.0,0.0
2024-08-27 10:40:00-04:00,25.58880043029785,25.58880043029785,25.58880043029785,25.58880043029785,128,0.0,0.0,0.0
2024-08-27 10:50:00-04:00,25.584999084472656,25.584999084472656,25.584999084472656,25.584999084472656,210,0.0,0.0,0.0
2024-08-27 11:50:00-04:00,25.5841007232666,25.5841007232666,25.5841007232666,25.5841007232666,257,0.0,0.0,0.0
2024-08-27 12:20:00-04:00,25.59000015258789,25.59000015258789,25.59000015258789,25.59000015258789,0,0.0,0.0,0.0
2024-08-27 12:35:00-04:00,25.584999084472656,25.584999084472656,25.584999084472656,25.584999084472656,7502,0.0,0.0,0.0
2024-08-27 13:00:00-04:00,25.584999084472656,25.584999084472656,25.584999084472656,25.584999084472656,798,0.0,0.0,0.0
2024-08-27 13:20:00-04:00,25.584999084472656,25.59000015258789,25.584999084472656,25.584999084472656,3142,0.0,0.0,0.0
2024-08-27 13:35:00-04:00,25.579999923706055,25.579999923706055,25.579999923706055,25.579999923706055,5087,0.0,0.0,0.0
2024-08-27 13:40:00-04:00,25.59000015258789,25.59000015258789,25.59000015258789,25.59000015258789,506,0.0,0.0,0.0
2024-08-27 13:55:00-04:00,25.594999313354492,25.594999313354492,25.594999313354492,25.594999313354492,122,0.0,0.0,0.0
2024-08-27 14:00:00-04:00,25.600000381469727,25.600000381469727,25.600000381469727,25.600000381469727,25834,0.0,0.0,0.0
2024-08-27 14:10:00-04:00,25.600000381469727,25.600000381469727,25.594999313354492,25.594999313354492,503,0.0,0.0,0.0
2024-08-27 14:40:00-04:00,25.600000381469727,25.600000381469727,25.600000381469727,25.600000381469727,100,0.0,0.0,0.0
2024-08-27 14:45:00-04:00,25.600000381469727,25.600000381469727,25.600000381469727,25.600000381469727,687,0.0,0.0,0.0
2024-08-27 14:55:00-04:00,25.59510040283203,25.59510040283203,25.59510040283203,25.59510040283203,993,0.0,0.0,0.0
2024-08-27 15:05:00-04:00,25.594999313354492,25.600000381469727,25.594999313354492,25.600000381469727,1130,0.0,0.0,0.0
2024-08-27 15:15:00-04:00,25.599899291992188,25.600000381469727,25.599899291992188,25.600000381469727,3342,0.0,0.0,0.0
2024-08-27 15:20:00-04:00,25.604999542236328,25.610000610351562,25.604999542236328,25.610000610351562,1752,0.0,0.0,0.0
2024-08-27 15:30:00-04:00,25.610000610351562,25.610000610351562,25.610000610351562,25.610000610351562,1960,0.0,0.0,0.0
2024-08-27 15:50:00-04:00,25.61009979248047,25.61009979248047,25.610000610351562,25.610000610351562,283,0.0,0.0,0.0
2024-08-27 15:55:00-04:00,25.614999771118164,25.6200008392334,25.610000610351562,25.610000610351562,2202,0.0,0.0,0.0
2024-08-28 09:30:00-04:00,25.610000610351562,25.610000610351562,25.610000610351562,25.610000610351562,0,0.0,0.0,0.0
2024-08-28 10:30:00-04:00,25.614999771118164,25.618999481201172,25.610000610351562,25.610000610351562,9467,0.0,0.0,0.0
2024-08-28 10:35:00-04:00,25.610000610351562,25.610000610351562,25.610000610351562,25.610000610351562,430,0.0,0.0,0.0
2024-08-28 10:55:00-04:00,25.610000610351562,25.614999771118164,25.610000610351562,25.614999771118164,2401,0.0,0.0,0.0
2024-08-28 12:00:00-04:00,25.610000610351562,25.610000610351562,25.610000610351562,25.610000610351562,312,0.0,0.0,0.0
2024-08-28 12:25:00-04:00,25.61479949951172,25.61479949951172,25.610000610351562,25.610000610351562,855,0.0,0.0,0.0
2024-08-28 12:35:00-04:00,25.614999771118164,25.614999771118164,25.614999771118164,25.614999771118164,300,0.0,0.0,0.0
2024-08-28 12:40:00-04:00,25.610000610351562,25.614999771118164,25.610000610351562,25.610000610351562,15333,0.0,0.0,0.0
2024-08-28 12:50:00-04:00,25.61989974975586,25.61989974975586,25.61520004272461,25.6156005859375,1170,0.0,0.0,0.0
2024-08-28 13:40:00-04:00,25.6200008392334,25.6200008392334,25.6200008392334,25.6200008392334,177,0.0,0.0,0.0
2024-08-28 13:55:00-04:00,25.621299743652344,25.621299743652344,25.6200008392334,25.6200008392334,405,0.0,0.0,0.0
2024-08-28 14:05:00-04:00,25.6200008392334,25.6200008392334,25.6200008392334,25.6200008392334,200,0.0,0.0,0.0
2024-08-28 14:10:00-04:00,25.620100021362305,25.620100021362305,25.604999542236328,25.604999542236328,10441,0.0,0.0,0.0
2024-08-28 14:15:00-04:00,25.607999801635742,25.610000610351562,25.607999801635742,25.610000610351562,1675,0.0,0.0,0.0
2024-08-28 14:35:00-04:00,25.610000610351562,25.610000610351562,25.604999542236328,25.604999542236328,1928,0.0,0.0,0.0
2024-08-28 14:50:00-04:00,25.600000381469727,25.600000381469727,25.600000381469727,25.600000381469727,208,0.0,0.0,0.0
2024-08-28 15:00:00-04:00,25.60420036315918,25.604999542236328,25.60420036315918,25.604999542236328,283,0.0,0.0,0.0
2024-08-28 15:05:00-04:00,25.604999542236328,25.6200008392334,25.604999542236328,25.618799209594727,12103,0.0,0.0,0.0
2024-08-28 15:30:00-04:00,25.614999771118164,25.614999771118164,25.614999771118164,25.614999771118164,310,0.0,0.0,0.0
2024-08-28 15:40:00-04:00,25.614999771118164,25.614999771118164,25.614999771118164,25.614999771118164,686,0.0,0.0,0.0
2024-08-28 15:55:00-04:00,25.610000610351562,25.6200008392334,25.610000610351562,25.6200008392334,0,0.0,0.0,0.0
2024-08-29 09:45:00-04:00,25.600000381469727,25.600000381469727,25.600000381469727,25.600000381469727,641,0.0,0.0,0.0
2024-08-29 10:15:00-04:00,25.609899520874023,25.609899520874023,25.609899520874023,25.609899520874023,11070,0.0,0.0,0.0
2024-08-29 11:30:00-04:00,25.608699798583984,25.608699798583984,25.608699798583984,25.608699798583984,3703,0.0,0.0,0.0
2024-08-29 12:05:00-04:00,25.604999542236328,25.604999542236328,25.604999542236328,25.604999542236328,117,0.0,0.0,0.0
2024-08-29 12:20:00-04:00,25.60740089416504,25.60740089416504,25.60740089416504,25.60740089416504,179,0.0,0.0,0.0
2024-08-29 12:40:00-04:00,25.610000610351562,25.614999771118164,25.610000610351562,25.614999771118164,2704,0.0,0.0,0.0
2024-08-29 12:45:00-04:00,25.610200881958008,25.610200881958008,25.610200881958008,25.610200881958008,2001,0.0,0.0,0.0
2024-08-29 13:00:00-04:00,25.610000610351562,25.610000610351562,25.610000610351562,25.610000610351562,174,0.0,0.0,0.0
2024-08-29 13:15:00-04:00,25.610000610351562,25.610000610351562,25.604999542236328,25.604999542236328,816,0.0,0.0,0.0
2024-08-29 13:45:00-04:00,25.608699798583984,25.608699798583984,25.608699798583984,25.608699798583984,195,0.0,0.0,0.0
2024-08-29 14:10:00-04:00,25.614999771118164,25.614999771118164,25.61009979248047,25.61009979248047,575,0.0,0.0,0.0
2024-08-29 14:30:00-04:00,25.614999771118164,25.614999771118164,25.614999771118164,25.614999771118164,451,0.0,0.0,0.0
2024-08-29 14:35:00-04:00,25.614099502563477,25.614099502563477,25.614099502563477,25.614099502563477,2101,0.0,0.0,0.0
2024-08-29 15:10:00-04:00,25.614999771118164,25.614999771118164,25.614999771118164,25.614999771118164,1010,0.0,0.0,0.0
2024-08-29 15:20:00-04:00,25.614999771118164,25.6200008392334,25.614999771118164,25.6200008392334,3908,0.0,0.0,0.0
2024-08-29 15:25:00-04:00,25.614999771118164,25.614999771118164,25.614999771118164,25.614999771118164,278,0.0,0.0,0.0
2024-08-29 15:30:00-04:00,25.614999771118164,25.614999771118164,25.614999771118164,25.614999771118164,216,0.0,0.0,0.0
2024-08-29 15:50:00-04:00,25.614999771118164,25.6200008392334,25.614999771118164,25.614999771118164,1581,0.0,0.0,0.0
2024-08-29 15:55:00-04:00,25.614999771118164,25.6200008392334,25.614999771118164,25.6200008392334,3017,0.0,0.0,0.0
2024-08-30 09:30:00-04:00,25.610000610351562,25.618799209594727,25.610000610351562,25.618799209594727,0,0.0,0.0,0.0
2024-08-30 09:50:00-04:00,25.614999771118164,25.614999771118164,25.614999771118164,25.614999771118164,1322,0.0,0.0,0.0
2024-08-30 10:20:00-04:00,25.610000610351562,25.610000610351562,25.604999542236328,25.610000610351562,711,0.0,0.0,0.0
2024-08-30 10:35:00-04:00,25.609899520874023,25.609899520874023,25.609899520874023,25.609899520874023,1011,0.0,0.0,0.0
2024-08-30 10:55:00-04:00,25.609699249267578,25.609699249267578,25.609699249267578,25.609699249267578,611,0.0,0.0,0.0
2024-08-30 11:00:00-04:00,25.609899520874023,25.609899520874023,25.609899520874023,25.609899520874023,269,0.0,0.0,0.0
2024-08-30 11:15:00-04:00,25.608699798583984,25.608699798583984,25.608699798583984,25.608699798583984,847,0.0,0.0,0.0
2024-08-30 11:40:00-04:00,25.61009979248047,25.61009979248047,25.61009979248047,25.61009979248047,159,0.0,0.0,0.0
2024-08-30 11:45:00-04:00,25.614999771118164,25.6200008392334,25.61009979248047,25.6200008392334,9519,0.0,0.0,0.0
2024-08-30 12:25:00-04:00,25.614999771118164,25.614999771118164,25.614999771118164,25.614999771118164,1100,0.0,0.0,0.0
2024-08-30 12:30:00-04:00,25.614999771118164,25.614999771118164,25.614999771118164,25.614999771118164,200,0.0,0.0,0.0
2024-08-30 13:15:00-04:00,25.614200592041016,25.614200592041016,25.614200592041016,25.614200592041016,203,0.0,0.0,0.0
2024-08-30 13:25:00-04:00,25.6200008392334,25.6200008392334,25.6200008392334,25.6200008392334,26313,0.0,0.0,0.0
2024-08-30 13:55:00-04:00,25.614999771118164,25.614999771118164,25.614999771118164,25.614999771118164,201,0.0,0.0,0.0
2024-08-30 14:40:00-04:00,25.614999771118164,25.614999771118164,25.610000610351562,25.610000610351562,10422,0.0,0.0,0.0
2024-08-30 15:25:00-04:00,25.610000610351562,25.610000610351562,25.610000610351562,25.610000610351562,269,0.0,0.0,0.0
2024-08-30 15:40:00-04:00,25.610000610351562,25.6200008392334,25.606599807739258,25.614999771118164,2361,0.0,0.0,0.0
2024-09-03 09:30:00-04:00,25.579999923706055,25.579999923706055,25.579999923706055,25.579999923706055,0,0.0,0.0,0.0
2024-09-03 10:00:00-04:00,25.579999923706055,25.579999923706055,25.579999923706055,25.579999923706055,0,0.0,0.0,0.0
2024-09-03 10:05:00-04:00,25.58009910583496,25.584699630737305,25.58009910583496,25.584699630737305,1426,0.0,0.0,0.0
2024-09-03 10:20:00-04:00,25.575000762939453,25.575000762939453,25.575000762939453,25.575000762939453,235,0.0,0.0,0.0
2024-09-03 10:30:00-04:00,25.579999923706055,25.579999923706055,25.575000762939453,25.575000762939453,615,0.0,0.0,0.0
2024-09-03 10:35:00-04:00,25.579999923706055,25.584999084472656,25.579999923706055,25.584999084472656,582,0.0,0.0,0.0
2024-09-03 10:55:00-04:00,25.58989906311035,25.58989906311035,25.58989906311035,25.58989906311035,600,0.0,0.0,0.0
2024-09-03 11:05:00-04:00,25.579999923706055,25.579999923706055,25.579999923706055,25.579999923706055,300,0.0,0.0,0.0
2024-09-03 11:10:00-04:00,25.575000762939453,25.575000762939453,25.575000762939453,25.575000762939453,3554,0.0,0.0,0.0
2024-09-03 11:30:00-04:00,25.575700759887695,25.575700759887695,25.575700759887695,25.575700759887695,4889,0.0,0.0,0.0
2024-09-03 11:40:00-04:00,25.579999923706055,25.579999923706055,25.575000762939453,25.575000762939453,578,0.0,0.0,0.0
2024-09-03 12:10:00-04:00,25.575000762939453,25.575000762939453,25.575000762939453,25.575000762939453,1617,0.0,0.0,0.0
2024-09-03 12:30:00-04:00,25.575000762939453,25.575000762939453,25.575000762939453,25.575000762939453,847,0.0,0.0,0.0
2024-09-03 13:05:00-04:00,25.56999969482422,25.56999969482422,25.56999969482422,25.56999969482422,471,0.0,0.0,0.0
2024-09-03 13:25:00-04:00,25.575000762939453,25.575000762939453,25.575000762939453,25.575000762939453,111,0.0,0.0,0.0
2024-09-03 13:30:00-04:00,25.5757999420166,25.5757999420166,25.56999969482422,25.56999969482422,765,0.0,0.0,0.0
2024-09-03 13:35:00-04:00,25.575000762939453,25.575000762939453,25.575000762939453,25.575000762939453,100,0.0,0.0,0.0
2024-09-03 13:40:00-04:00,25.575000762939453,25.575000762939453,25.575000762939453,25.575000762939453,191,0.0,0.0,0.0
2024-09-03 13:45:00-04:00,25.575000762939453,25.575000762939453,25.575000762939453,25.575000762939453,1805,0.0,0.0,0.0
2024-09-03 14:10:00-04:00,25.570100784301758,25.570100784301758,25.570100784301758,25.570100784301758,2782,0.0,0.0,0.0
2024-09-03 14:20:00-04:00,25.575000762939453,25.575000762939453,25.575000762939453,25.575000762939453,105,0.0,0.0,0.0
2024-09-03 14:35:00-04:00,25.577999114990234,25.577999114990234,25.577999114990234,25.577999114990234,100,0.0,0.0,0.0
2024-09-03 14:45:00-04:00,25.575000762939453,25.575000762939453,25.575000762939453,25.575000762939453,122,0.0,0.0,0.0
2024-09-03 14:50:00-04:00,25.579999923706055,25.579999923706055,25.579999923706055,25.579999923706055,100,0.0,0.0,0.0
2024-09-03 15:00:00-04:00,25.579999923706055,25.579999923706055,25.575000762939453,25.575000762939453,844,0.0,0.0,0.0
2024-09-03 15:10:00-04:00,25.57990074157715,25.584999084472656,25.57990074157715,25.584999084472656,11046,0.0,0.0,0.0
2024-09-03 15:45:00-04:00,25.58009910583496,25.58009910583496,25.58009910583496,25.58009910583496,201,0.0,0.0,0.0
2024-09-03 15:55:00-04:00,25.584999084472656,25.59000015258789,25.584999084472656,25.59000015258789,1071,0.0,0.0,0.0
2024-09-04 09:45:00-04:00,25.579999923706055,25.59000015258789,25.579999923706055,25.59000015258789,0,0.0,0.0,0.0
2024-09-04 09:55:00-04:00,25.58650016784668,25.58650016784668,25.58650016784668,25.58650016784668,255,0.0,0.0,0.0
2024-09-04 10:00:00-04:00,25.600000381469727,25.600000381469727,25.600000381469727,25.600000381469727,270,0.0,0.0,0.0
2024-09-04 10:05:00-04:00,25.600000381469727,25.610000610351562,25.600000381469727,25.600000381469727,4160,0.0,0.0,0.0
2024-09-04 10:15:00-04:00,25.610000610351562,25.610000610351562,25.600000381469727,25.600000381469727,25205,0.0,0.0,0.0
2024-09-04 10:40:00-04:00,25.600000381469727,25.600000381469727,25.600000381469727,25.600000381469727,1184,0.0,0.0,0.0
2024-09-04 10:55:00-04:00,25.604999542236328,25.604999542236328,25.604999542236328,25.604999542236328,398,0.0,0.0,0.0
2024-09-04 11:20:00-04:00,25.608699798583984,25.608699798583984,25.600000381469727,25.600000381469727,2152,0.0,0.0,0.0
2024-09-04 11:40:00-04:00,25.59589958190918,25.59589958190918,25.59589958190918,25.59589958190918,2350,0.0,0.0,0.0
2024-09-04 12:10:00-04:00,25.594999313354492,25.604999542236328,25.594999313354492,25.604999542236328,13852,0.0,0.0,0.0
2024-09-04 12:50:00-04:00,25.604999542236328,25.604999542236328,25.604999542236328,25.604999542236328,1299,0.0,0.0,0.0
2024-09-04 12:55:00-04:00,25.600000381469727,25.600000381469727,25.600000381469727,25.600000381469727,105,0.0,0.0,0.0
2024-09-04 13:05:00-04:00,25.591699600219727,25.591699600219727,25.591699600219727,25.591699600219727,550,0.0,0.0,0.0
2024-09-04 13:15:00-04:00,25.59749984741211,25.59749984741211,25.59749984741211,25.59749984741211,2278,0.0,0.0,0.0
2024-09-04 13:20:00-04:00,25.59000015258789,25.59000015258789,25.59000015258789,25.59000015258789,201,0.0,0.0,0.0
2024-09-04 13:25:00-04:00,25.58989906311035,25.58989906311035,25.58989906311035,25.58989906311035,118,0.0,0.0,0.0
2024-09-04 13:40:00-04:00,25.589399337768555,25.589399337768555,25.589399337768555,25.589399337768555,986,0.0,0.0,0.0
2024-09-04 14:25:00-04:00,25.58989906311035,25.58989906311035,25.584999084472656,25.584999084472656,4885,0.0,0.0,0.0
2024-09-04 14:30:00-04:00,25.59000015258789,25.59000015258789,25.59000015258789,25.59000015258789,100,0.0,0.0,0.0
2024-09-04 14:45:00-04:00,25.585599899291992,25.585599899291992,25.584999084472656,25.584999084472656,636,0.0,0.0,0.0
2024-09-04 15:10:00-04:00,25.5856990814209,25.5856990814209,25.5856990814209,25.5856990814209,169,0.0,0.0,0.0
2024-09-04 15:25:00-04:00,25.584999084472656,25.58989906311035,25.584999084472656,25.58989906311035,986,0.0,0.0,0.0
2024-09-04 15:30:00-04:00,25.58989906311035,25.58989906311035,25.584999084472656,25.584999084472656,600,0.0,0.0,0.0
2024-09-04 15:35:00-04:00,25.59000015258789,25.59000015258789,25.59000015258789,25.59000015258789,268,0.0,0.0,0.0
2024-09-04 15:50:00-04:00,25.600000381469727,25.600000381469727,25.600000381469727,25.600000381469727,265,0.0,0.0,0.0
2024-09-04 15:55:00-04:00,25.610000610351562,25.610000610351562,25.600000381469727,25.610000610351562,3395,0.0,0.0,0.0
2024-09-05 09:30:00-04:00,25.600000381469727,25.600000381469727,25.600000381469727,25.600000381469727,0,0.0,0.0,0.0
2024-09-05 09:50:00-04:00,25.59000015258789,25.59000015258789,25.59000015258789,25.59000015258789,0,0.0,0.0,0.0
2024-09-05 09:55:00-04:00,25.600000381469727,25.600000381469727,25.600000381469727,25.600000381469727,2173,0.0,0.0,0.0
2024-09-05 10:00:00-04:00,25.59000015258789,25.604999542236328,25.59000015258789,25.604999542236328,3650,0.0,0.0,0.0
2024-09-05 10:05:00-04:00,25.610000610351562,25.610000610351562,25.610000610351562,25.610000610351562,100,0.0,0.0,0.0
2024-09-05 10:15:00-04:00,25.604999542236328,25.604999542236328,25.604999542236328,25.604999542236328,2000,0.0,0.0,0.0
2024-09-05 10:20:00-04:00,25.604999542236328,25.60890007019043,25.604999542236328,25.60890007019043,1502,0.0,0.0,0.0
2024-09-05 10:40:00-04:00,25.604999542236328,25.610000610351562,25.604999542236328,25.604999542236328,1339,0.0,0.0,0.0
2024-09-05 10:55:00-04:00,25.604999542236328,25.604999542236328,25.604999542236328,25.604999542236328,358,0.0,0.0,0.0
2024-09-05 11:05:00-04:00,25.600000381469727,25.600000381469727,25.600000381469727,25.600000381469727,100,0.0,0.0,0.0
2024-09-05 11:10:00-04:00,25.604999542236328,25.604999542236328,25.600000381469727,25.600000381469727,2121,0.0,0.0,0.0
2024-09-05 11:15:00-04:00,25.592100143432617,25.592100143432617,25.592100143432617,25.592100143432617,609,0.0,0.0,0.0
2024-09-05 11:30:00-04:00,25.594999313354492,25.594999313354492,25.590099334716797,25.590099334716797,557,0.0,0.0,0.0
2024-09-05 11:45:00-04:00,25.594999313354492,25.594999313354492,25.594999313354492,25.594999313354492,314,0.0,0.0,0.0
2024-09-05 11:50:00-04:00,25.59079933166504,25.594999313354492,25.59079933166504,25.594999313354492,1834,0.0,0.0,0.0
2024-09-05 11:55:00-04:00,25.594999313354492,25.594999313354492,25.594999313354492,25.594999313354492,1978,0.0,0.0,0.0
2024-09-05 12:00:00-04:00,25.594999313354492,25.594999313354492,25.594999313354492,25.594999313354492,310,0.0,0.0,0.0
2024-09-05 12:10:00-04:00,25.594999313354492,25.600000381469727,25.59000015258789,25.59000015258789,1467,0.0,0.0,0.0
2024-09-05 12:15:00-04:00,25.594999313354492,25.594999313354492,25.594999313354492,25.594999313354492,351,0.0,0.0,0.0
2024-09-05 12:20:00-04:00,25.594999313354492,25.594999313354492,25.594999313354492,25.594999313354492,106,0.0,0.0,0.0
2024-09-05 12:25:00-04:00,25.59000015258789,25.59000015258789,25.59000015258789,25.59000015258789,4273,0.0,0.0,0.0
2024-09-05 12:50:00-04:00,25.594999313354492,25.594999313354492,25.594999313354492,25.594999313354492,120,0.0,0.0,0.0
2024-09-05 13:00:00-04:00,25.59000015258789,25.59000015258789,25.59000015258789,25.59000015258789,102,0.0,0.0,0.0
2024-09-05 13:10:00-04:00,25.58989906311035,25.58989906311035,25.58989906311035,25.58989906311035,231,0.0,0.0,0.0
2024-09-05 13:35:00-04:00,25.584999084472656,25.584999084472656,25.579999923706055,25.584999084472656,11109,0.0,0.0,0.0
2024-09-05 14:10:00-04:00,25.584999084472656,25.584999084472656,25.584999084472656,25.584999084472656,1300,0.0,0.0,0.0
2024-09-05 14:15:00-04:00,25.59000015258789,25.59000015258789,25.586299896240234,25.586299896240234,840,0.0,0.0,0.0
2024-09-05 14:20:00-04:00,25.584999084472656,25.584999084472656,25.584999084472656,25.584999084472656,404,0.0,0.0,0.0
2024-09-05 14:35:00-04:00,25.58449935913086,25.59000015258789,25.58449935913086,25.59000015258789,374,0.0,0.0,0.0
2024-09-05 14:40:00-04:00,25.59000015258789,25.59000015258789,25.59000015258789,25.59000015258789,412,0.0,0.0,0.0
2024-09-05 14:50:00-04:00,25.584999084472656,25.584999084472656,25.584999084472656,25.584999084472656,2047,0.0,0.0,0.0
2024-09-05 14:55:00-04:00,25.59000015258789,25.59000015258789,25.59000015258789,25.59000015258789,102,0.0,0.0,0.0
2024-09-05 15:00:00-04:00,25.59000015258789,25.59000015258789,25.586299896240234,25.59000015258789,2957,0.0,0.0,0.0
2024-09-05 15:20:00-04:00,25.58449935913086,25.58449935913086,25.58449935913086,25.58449935913086,201,0.0,0.0,0.0
2024-09-05 15:25:00-04:00,25.59000015258789,25.600000381469727,25.59000015258789,25.594999313354492,3713,0.0,0.0,0.0
2024-09-05 15:30:00-04:00,25.584999084472656,25.584999084472656,25.584999084472656,25.584999084472656,100,0.0,0.0,0.0
2024-09-05 15:35:00-04:00,25.584999084472656,25.584999084472656,25.584999084472656,25.584999084472656,1058,0.0,0.0,0.0
2024-09-05 15:40:00-04:00,25.584999084472656,25.584999084472656,25.584999084472656,25.584999084472656,1410,0.0,0.0,0.0
2024-09-05 15:45:00-04:00,25.584999084472656,25.59000015258789,25.584999084472656,25.584999084472656,2624,0.0,0.0,0.0
2024-09-05 15:55:00-04:00,25.584999084472656,25.6200008392334,25.584999084472656,25.600000381469727,3885,0.0,0.0,0.0
2024-09-06 09:30:00-04:00,25.59000015258789,25.590099334716797,25.59000015258789,25.590099334716797,0,0.0,0.0,0.0
2024-09-06 09:50:00-04:00,25.579999923706055,25.579999923706055,25.56999969482422,25.56999969482422,8268,0.0,0.0,0.0
2024-09-06 09:55:00-04:00,25.594999313354492,25.594999313354492,25.594999313354492,25.594999313354492,136,0.0,0.0,0.0
2024-09-06 10:00:00-04:00,25.59000015258789,25.59000015258789,25.59000015258789,25.59000015258789,1810,0.0,0.0,0.0
2024-09-06 10:25:00-04:00,25.602500915527344,25.602500915527344,25.602500915527344,25.602500915527344,1721,0.0,0.0,0.0
2024-09-06 10:40:00-04:00,25.6200008392334,25.6200008392334,25.6200008392334,25.6200008392334,2844,0.0,0.0,0.0
2024-09-06 10:50:00-04:00,25.614999771118164,25.614999771118164,25.614999771118164,25.614999771118164,1228,0.0,0.0,0.0
2024-09-06 11:00:00-04:00,25.610000610351562,25.614999771118164,25.610000610351562,25.614999771118164,633,0.0,0.0,0.0
2024-09-06 11:05:00-04:00,25.610000610351562,25.610000610351562,25.610000610351562,25.610000610351562,283,0.0,0.0,0.0
2024-09-06 11:20:00-04:00,25.610000610351562,25.6200008392334,25.610000610351562,25.6200008392334,339,0.0,0.0,0.0
2024-09-06 11:35:00-04:00,25.600099563598633,25.600099563598633,25.600099563598633,25.600099563598633,1441,0.0,0.0,0.0
2024-09-06 11:40:00-04:00,25.604999542236328,25.604999542236328,25.604999542236328,25.604999542236328,627,0.0,0.0,0.0
2024-09-06 11:45:00-04:00,25.604999542236328,25.604999542236328,25.604999542236328,25.604999542236328,254,0.0,0.0,0.0
2024-09-06 11:50:00-04:00,25.604999542236328,25.604999542236328,25.604999542236328,25.604999542236328,237,0.0,0.0,0.0
2024-09-06 12:05:00-04:00,25.604999542236328,25.604999542236328,25.604999542236328,25.604999542236328,112,0.0,0.0,0.0
2024-09-06 12:10:00-04:00,25.604999542236328,25.604999542236328,25.604999542236328,25.604999542236328,401,0.0,0.0,0.0
2024-09-06 12:35:00-04:00,25.60890007019043,25.60890007019043,25.600000381469727,25.600000381469727,1472,0.0,0.0,0.0
2024-09-06 12:50:00-04:00,25.604999542236328,25.604999542236328,25.600000381469727,25.604999542236328,2966,0.0,0.0,0.0
2024-09-06 13:10:00-04:00,25.600000381469727,25.604999542236328,25.600000381469727,25.604999542236328,2040,0.0,0.0,0.0
2024-09-06 13:50:00-04:00,25.600099563598633,25.600099563598633,25.600099563598633,25.600099563598633,225,0.0,0.0,0.0
2024-09-06 13:55:00-04:00,25.60110092163086,25.60110092163086,25.60110092163086,25.60110092163086,381,0.0,0.0,0.0
2024-09-06 14:20:00-04:00,25.614999771118164,25.614999771118164,25.614999771118164,25.614999771118164,257,0.0,0.0,0.0
2024-09-06 14:25:00-04:00,25.611299514770508,25.614999771118164,25.611299514770508,25.614999771118164,725,0.0,0.0,0.0
2024-09-06 15:25:00-04:00,25.618799209594727,25.618799209594727,25.618799209594727,25.618799209594727,370,0.0,0.0,0.0
2024-09-06 15:35:00-04:00,25.610000610351562,25.614999771118164,25.610000610351562,25.614999771118164,200,0.0,0.0,0.0
2024-09-06 15:55:00-04:00,25.614999771118164,25.6200008392334,25.614999771118164,25.6200008392334,3470,0.0,0.0,0.0
2024-09-09 09:30:00-04:00,25.6299991607666,25.6299991607666,25.6299991607666,25.6299991607666,0,0.0,0.0,0.0
2024-09-09 09:55:00-04:00,25.614999771118164,25.614999771118164,25.610000610351562,25.610000610351562,2546,0.0,0.0,0.0
2024-09-09 10:35:00-04:00,25.614999771118164,25.614999771118164,25.614999771118164,25.614999771118164,178,0.0,0.0,0.0
2024-09-09 10:55:00-04:00,25.614999771118164,25.614999771118164,25.610000610351562,25.610000610351562,1075,0.0,0.0,0.0
2024-09-09 11:10:00-04:00,25.610000610351562,25.6299991607666,25.610000610351562,25.6299991607666,16215,0.0,0.0,0.0
2024-09-09 11:25:00-04:00,25.614999771118164,25.614999771118164,25.614999771118164,25.614999771118164,266,0.0,0.0,0.0
2024-09-09 11:40:00-04:00,25.614999771118164,25.614999771118164,25.614999771118164,25.614999771118164,2523,0.0,0.0,0.0
2024-09-09 11:50:00-04:00,25.6200008392334,25.624500274658203,25.6200008392334,25.624500274658203,916,0.0,0.0,0.0
2024-09-09 12:00:00-04:00,25.6299991607666,25.6299991607666,25.6200008392334,25.6200008392334,6768,0.0,0.0,0.0
2024-09-09 12:20:00-04:00,25.6117000579834,25.6117000579834,25.6117000579834,25.6117000579834,152,0.0,0.0,0.0
2024-09-09 12:30:00-04:00,25.61009979248047,25.61009979248047,25.61009979248047,25.61009979248047,291,0.0,0.0,0.0
2024-09-09 12:40:00-04:00,25.614999771118164,25.614999771118164,25.614999771118164,25.614999771118164,172,0.0,0.0,0.0
2024-09-09 12:45:00-04:00,25.614999771118164,25.6200008392334,25.614999771118164,25.6200008392334,5558,0.0,0.0,0.0
2024-09-09 13:30:00-04:00,25.614999771118164,25.614999771118164,25.614999771118164,25.614999771118164,740,0.0,0.0,0.0
2024-09-09 13:55:00-04:00,25.613494873046875,25.614999771118164,25.613494873046875,25.614999771118164,3056,0.0,0.0,0.0
2024-09-09 14:00:00-04:00,25.610000610351562,25.614999771118164,25.610000610351562,25.610000610351562,1713,0.0,0.0,0.0
2024-09-09 14:15:00-04:00,25.61009979248047,25.614999771118164,25.61009979248047,25.614999771118164,2913,0.0,0.0,0.0
2024-09-09 14:20:00-04:00,25.614999771118164,25.614999771118164,25.614999771118164,25.614999771118164,140,0.0,0.0,0.0
2024-09-09 14:30:00-04:00,25.61549949645996,25.61549949645996,25.61549949645996,25.61549949645996,371,0.0,0.0,0.0
2024-09-09 14:35:00-04:00,25.6200008392334,25.6200008392334,25.6200008392334,25.6200008392334,4049,0.0,0.0,0.0
2024-09-09 14:50:00-04:00,25.614999771118164,25.614999771118164,25.614999771118164,25.614999771118164,462,0.0,0.0,0.0
2024-09-09 15:00:00-04:00,25.614999771118164,25.614999771118164,25.614999771118164,25.614999771118164,547,0.0,0.0,0.0
2024-09-09 15:05:00-04:00,25.6200008392334,25.6200008392334,25.6200008392334,25.6200008392334,283,0.0,0.0,0.0
2024-09-09 15:10:00-04:00,25.61009979248047,25.61009979248047,25.61009979248047,25.61009979248047,575,0.0,0.0,0.0
2024-09-09 15:15:00-04:00,25.6200008392334,25.6200008392334,25.6200008392334,25.6200008392334,121,0.0,0.0,0.0
2024-09-09 15:20:00-04:00,25.6200008392334,25.6200008392334,25.614999771118164,25.614999771118164,2131,0.0,0.0,0.0
2024-09-09 15:25:00-04:00,25.610000610351562,25.614999771118164,25.610000610351562,25.614999771118164,358,0.0,0.0,0.0
2024-09-09 15:30:00-04:00,25.6200008392334,25.6200008392334,25.611299514770508,25.611299514770508,1181,0.0,0.0,0.0
2024-09-09 15:35:00-04:00,25.614999771118164,25.6200008392334,25.614999771118164,25.6200008392334,524,0.0,0.0,0.0
2024-09-09 15:45:00-04:00,25.6200008392334,25.6200008392334,25.6200008392334,25.6200008392334,220,0.0,0.0,0.0
2024-09-09 15:50:00-04:00,25.6200008392334,25.6200008392334,25.6200008392334,25.6200008392334,543,0.0,0.0,0.0
2024-09-09 15:55:00-04:00,25.6200008392334,25.649999618530273,25.6200008392334,25.6200008392334,0,0.0,0.0,0.0
2024-09-10 09:30:00-04:00,25.610000610351562,25.610000610351562,25.610000610351562,25.610000610351562,5740,0.0,0.0,0.0
2024-09-10 09:45:00-04:00,25.618000030517578,25.618000030517578,25.618000030517578,25.618000030517578,2060,0.0,0.0,0.0
2024-09-10 10:00:00-04:00,25.614999771118164,25.614999771118164,25.614999771118164,25.614999771118164,298,0.0,0.0,0.0
2024-09-10 10:10:00-04:00,25.616300582885742,25.616300582885742,25.616300582885742,25.616300582885742,724,0.0,0.0,0.0
2024-09-10 10:40:00-04:00,25.610000610351562,25.6117000579834,25.610000610351562,25.6117000579834,0,0.0,0.0,0.0
2024-09-10 10:50:00-04:00,25.614999771118164,25.614999771118164,25.614999771118164,25.614999771118164,17038,0.0,0.0,0.0
2024-09-10 11:35:00-04:00,25.6200008392334,25.6200008392334,25.6200008392334,25.6200008392334,364,0.0,0.0,0.0
2024-09-10 11:55:00-04:00,25.625,25.625,25.625,25.625,0,0.0,0.0,0.0
2024-09-10 12:05:00-04:00,25.629899978637695,25.6299991607666,25.625,25.625,20573,0.0,0.0,0.0
2024-09-10 12:55:00-04:00,25.62969970703125,25.62969970703125,25.62969970703125,25.62969970703125,0,0.0,0.0,0.0
2024-09-10 13:00:00-04:00,25.635000228881836,25.639999389648438,25.635000228881836,25.639999389648438,21810,0.0,0.0,0.0
2024-09-10 13:10:00-04:00,25.6200008392334,25.625,25.6200008392334,25.625,555,0.0,0.0,0.0
2024-09-10 13:25:00-04:00,25.625,25.625,25.625,25.625,1210,0.0,0.0,0.0
2024-09-10 13:45:00-04:00,25.639999389648438,25.649900436401367,25.63990020751953,25.639999389648438,12701,0.0,0.0,0.0
2024-09-10 13:55:00-04:00,25.645000457763672,25.645000457763672,25.645000457763672,25.645000457763672,5174,0.0,0.0,0.0
2024-09-10 14:50:00-04:00,25.639999389648438,25.639999389648438,25.614999771118164,25.614999771118164,0,0.0,0.0,0.0
2024-09-10 14:55:00-04:00,25.6200008392334,25.6200008392334,25.6200008392334,25.6200008392334,44864,0.0,0.0,0.0
2024-09-10 15:05:00-04:00,25.6299991607666,25.639999389648438,25.6299991607666,25.639999389648438,5806,0.0,0.0,0.0
2024-09-10 15:15:00-04:00,25.649900436401367,25.649900436401367,25.649900436401367,25.649900436401367,486,0.0,0.0,0.0
2024-09-10 15:20:00-04:00,25.645000457763672,25.649999618530273,25.639999389648438,25.639999389648438,4657,0.0,0.0,0.0
2024-09-10 15:25:00-04:00,25.645000457763672,25.645000457763672,25.645000457763672,25.645000457763672,882,0.0,0.0,0.0
2024-09-10 15:40:00-04:00,25.639999389648438,25.639999389648438,25.639999389648438,25.639999389648438,135,0.0,0.0,0.0
2024-09-10 15:45:00-04:00,25.639999389648438,25.645000457763672,25.639999389648438,25.645000457763672,4513,0.0,0.0,0.0
2024-09-10 15:50:00-04:00,25.639999389648438,25.639999389648438,25.639999389648438,25.639999389648438,0,0.0,0.0,0.0
2024-09-10 15:55:00-04:00,25.639999389648438,25.649999618530273,25.639999389648438,25.639999389648438,71782,0.0,0.0,0.0
2024-09-11 09:40:00-04:00,25.606599807739258,25.606599807739258,25.606599807739258,25.606599807739258,0,0.0,0.0,0.0
2024-09-11 09:55:00-04:00,25.600099563598633,25.600099563598633,25.600099563598633,25.600099563598633,378,0.0,0.0,0.0
2024-09-11 10:00:00-04:00,25.602100372314453,25.602100372314453,25.602100372314453,25.602100372314453,3999,0.0,0.0,0.0
2024-09-11 10:15:00-04:00,25.6289005279541,25.6289005279541,25.6289005279541,25.6289005279541,397,0.0,0.0,0.0
2024-09-11 10:20:00-04:00,25.620100021362305,25.625,25.620100021362305,25.625,1559,0.0,0.0,0.0
2024-09-11 10:30:00-04:00,25.625,25.625,25.625,25.625,431,0.0,0.0,0.0
2024-09-11 10:35:00-04:00,25.629899978637695,25.629899978637695,25.629899978637695,25.629899978637695,500,0.0,0.0,0.0
2024-09-11 10:45:00-04:00,25.625,25.625,25.625,25.625,131,0.0,0.0,0.0
2024-09-11 10:50:00-04:00,25.625,25.625,25.625,25.625,0,0.0,0.0,0.0
2024-09-11 11:30:00-04:00,25.62299919128418,25.62299919128418,25.62299919128418,25.62299919128418,9620,0.0,0.0,0.0
2024-09-11 11:40:00-04:00,25.620100021362305,25.620100021362305,25.620100021362305,25.620100021362305,158,0.0,0.0,0.0
2024-09-11 11:45:00-04:00,25.6200008392334,25.6200008392334,25.6200008392334,25.6200008392334,251,0.0,0.0,0.0
2024-09-11 12:00:00-04:00,25.614999771118164,25.614999771118164,25.614999771118164,25.614999771118164,257,0.0,0.0,0.0
2024-09-11 12:20:00-04:00,25.614999771118164,25.614999771118164,25.614999771118164,25.614999771118164,4051,0.0,0.0,0.0
2024-09-11 12:40:00-04:00,25.614999771118164,25.614999771118164,25.614999771118164,25.614999771118164,501,0.0,0.0,0.0
2024-09-11 12:55:00-04:00,25.6200008392334,25.6200008392334,25.6200008392334,25.6200008392334,535,0.0,0.0,0.0
2024-09-11 13:25:00-04:00,25.614999771118164,25.6200008392334,25.61319923400879,25.618345260620117,12260,0.0,0.0,0.0
2024-09-11 13:30:00-04:00,25.6200008392334,25.6200008392334,25.6200008392334,25.6200008392334,1079,0.0,0.0,0.0
2024-09-11 14:15:00-04:00,25.620899200439453,25.620899200439453,25.620899200439453,25.620899200439453,195,0.0,0.0,0.0
2024-09-11 14:20:00-04:00,25.625,25.625,25.625,25.625,370,0.0,0.0,0.0
2024-09-11 14:50:00-04:00,25.625,25.6299991607666,25.625,25.625,4815,0.0,0.0,0.0
2024-09-11 15:00:00-04:00,25.6299991607666,25.635000228881836,25.6299991607666,25.6299991607666,3679,0.0,0.0,0.0
2024-09-11 15:10:00-04:00,25.625,25.625,25.625,25.625,690,0.0,0.0,0.0
2024-09-11 15:20:00-04:00,25.629899978637695,25.6299991607666,25.62660026550293,25.62660026550293,1892,0.0,0.0,0.0
2024-09-11 15:25:00-04:00,25.621700286865234,25.625,25.621700286865234,25.625,0,0.0,0.0,0.0
2024-09-11 15:45:00-04:00,25.624000549316406,25.624000549316406,25.624000549316406,25.624000549316406,44917,0.0,0.0,0.0
2024-09-11 15:50:00-04:00,25.6200008392334,25.625,25.6200008392334,25.6200008392334,573,0.0,0.0,0.0
2024-09-11 15:55:00-04:00,25.625,25.65999984741211,25.6200008392334,25.6200008392334,0,0.0,0.0,0.0
2024-09-12 09:30:00-04:00,25.600000381469727,25.600000381469727,25.600000381469727,25.600000381469727,0,0.0,0.0,0.0
2024-09-12 09:50:00-04:00,25.610000610351562,25.610000610351562,25.610000610351562,25.610000610351562,0,0.0,0.0,0.0
2024-09-12 10:05:00-04:00,25.604999542236328,25.604999542236328,25.604999542236328,25.604999542236328,2023,0.0,0.0,0.0
2024-09-12 10:10:00-04:00,25.604999542236328,25.610000610351562,25.604999542236328,25.610000610351562,2634,0.0,0.0,0.0
2024-09-12 10:20:00-04:00,25.610000610351562,25.610000610351562,25.610000610351562,25.610000610351562,1279,0.0,0.0,0.0
2024-09-12 10:25:00-04:00,25.610000610351562,25.610000610351562,25.610000610351562,25.610000610351562,304,0.0,0.0,0.0
2024-09-12 10:30:00-04:00,25.600000381469727,25.600000381469727,25.600000381469727,25.600000381469727,2532,0.0,0.0,0.0
2024-09-12 10:35:00-04:00,25.59000015258789,25.59000015258789,25.59000015258789,25.59000015258789,0,0.0,0.0,0.0
2024-09-12 11:25:00-04:00,25.594999313354492,25.594999313354492,25.594999313354492,25.594999313354492,0,0.0,0.0,0.0
2024-09-12 11:50:00-04:00,25.594999313354492,25.594999313354492,25.594999313354492,25.594999313354492,9530,0.0,0.0,0.0
2024-09-12 12:05:00-04:00,25.600000381469727,25.600000381469727,25.600000381469727,25.600000381469727,0,0.0,0.0,0.0
2024-09-12 12:25:00-04:00,25.594999313354492,25.594999313354492,25.594999313354492,25.594999313354492,10122,0.0,0.0,0.0
2024-09-12 12:30:00-04:00,25.600000381469727,25.600000381469727,25.600000381469727,25.600000381469727,700,0.0,0.0,0.0
2024-09-12 12:35:00-04:00,25.594999313354492,25.594999313354492,25.594999313354492,25.594999313354492,157,0.0,0.0,0.0
2024-09-12 13:10:00-04:00,25.594999313354492,25.594999313354492,25.594999313354492,25.594999313354492,533,0.0,0.0,0.0
2024-09-12 13:50:00-04:00,25.600000381469727,25.600000381469727,25.600000381469727,25.600000381469727,486,0.0,0.0,0.0
2024-09-12 14:00:00-04:00,25.597999572753906,25.597999572753906,25.597999572753906,25.597999572753906,851,0.0,0.0,0.0
2024-09-12 14:30:00-04:00,25.599700927734375,25.599700927734375,25.599700927734375,25.599700927734375,237,0.0,0.0,0.0
2024-09-12 14:40:00-04:00,25.604999542236328,25.610000610351562,25.600000381469727,25.610000610351562,1075,0.0,0.0,0.0
2024-09-12 14:45:00-04:00,25.604999542236328,25.604999542236328,25.604999542236328,25.604999542236328,176,0.0,0.0,0.0
2024-09-12 15:00:00-04:00,25.601999282836914,25.601999282836914,25.601999282836914,25.601999282836914,770,0.0,0.0,0.0
2024-09-12 15:05:00-04:00,25.604999542236328,25.604999542236328,25.604999542236328,25.604999542236328,2953,0.0,0.0,0.0
2024-09-12 15:10:00-04:00,25.610000610351562,25.610000610351562,25.610000610351562,25.610000610351562,156,0.0,0.0,0.0
2024-09-12 15:15:00-04:00,25.610000610351562,25.610000610351562,25.610000610351562,25.610000610351562,100,0.0,0.0,0.0
2024-09-12 15:20:00-04:00,25.610000610351562,25.610000610351562,25.610000610351562,25.610000610351562,100,0.0,0.0,0.0
2024-09-12 15:25:00-04:00,25.610000610351562,25.610000610351562,25.610000610351562,25.610000610351562,100,0.0,0.0,0.0
2024-09-12 15:30:00-04:00,25.604999542236328,25.610000610351562,25.604999542236328,25.610000610351562,2247,0.0,0.0,0.0
2024-09-12 15:35:00-04:00,25.605300903320312,25.605300903320312,25.605300903320312,25.605300903320312,495,0.0,0.0,0.0
2024-09-12 15:55:00-04:00,25.609899520874023,25.609899520874023,25.604999542236328,25.604999542236328,1546,0.0,0.0,0.0
2024-09-13 09:50:00-04:00,25.614999771118164,25.614999771118164,25.614999771118164,25.614999771118164,1069,0.0,0.0,0.0
2024-09-13 10:50:00-04:00,25.614999771118164,25.614999771118164,25.614999771118164,25.614999771118164,476,0.0,0.0,0.0
2024-09-13 11:00:00-04:00,25.6200008392334,25.6200008392334,25.6200008392334,25.6200008392334,5100,0.0,0.0,0.0
2024-09-13 11:05:00-04:00,25.6200008392334,25.6200008392334,25.6200008392334,25.6200008392334,4925,0.0,0.0,0.0
2024-09-13 11:35:00-04:00,25.6117000579834,25.6117000579834,25.6117000579834,25.6117000579834,374,0.0,0.0,0.0
2024-09-13 11:45:00-04:00,25.618799209594727,25.618799209594727,25.618799209594727,25.618799209594727,623,0.0,0.0,0.0
2024-09-13 12:05:00-04:00,25.614999771118164,25.614999771118164,25.614999771118164,25.614999771118164,0,0.0,0.0,0.0
2024-09-13 14:20:00-04:00,25.61090087890625,25.614999771118164,25.61090087890625,25.614999771118164,14259,0.0,0.0,0.0
2024-09-13 15:05:00-04:00,25.610000610351562,25.610000610351562,25.610000610351562,25.610000610351562,2247,0.0,0.0,0.0
2024-09-13 15:25:00-04:00,25.61009979248047,25.61009979248047,25.61009979248047,25.61009979248047,224,0.0,0.0,0.0
2024-09-13 15:35:00-04:00,25.6200008392334,25.6299991607666,25.6200008392334,25.625,1638,0.0,0.0,0.0
2024-09-13 15:40:00-04:00,25.620100021362305,25.620100021362305,25.620100021362305,25.620100021362305,425,0.0,0.0,0.0
2024-09-13 15:50:00-04:00,25.625,25.625,25.625,25.625,651,0.0,0.0,0.0
2024-09-13 15:55:00-04:00,25.625,25.6299991607666,25.625,25.6299991607666,0,0.0,0.0,0.0
