Datetime,Open,High,Low,Close,Volume,Dividends,Stock Splits
2024-08-15 09:30:00-04:00,3.799999952316284,3.799999952316284,3.759999990463257,3.759999990463257,2711,0.0,0.0
2024-08-15 10:00:00-04:00,3.7699999809265137,3.7699999809265137,3.7699999809265137,3.7699999809265137,808,0.0,0.0
2024-08-15 11:00:00-04:00,3.700000047683716,3.700000047683716,3.700000047683716,3.700000047683716,984,0.0,0.0
2024-08-15 11:05:00-04:00,3.6301000118255615,3.6301000118255615,3.5000998973846436,3.5000998973846436,5343,0.0,0.0
2024-08-15 11:10:00-04:00,3.643199920654297,3.643199920654297,3.4042000770568848,3.5,6436,0.0,0.0
2024-08-15 11:15:00-04:00,3.4100000858306885,3.4700000286102295,3.4026999473571777,3.4026999473571777,2889,0.0,0.0
2024-08-15 11:20:00-04:00,3.569999933242798,3.569999933242798,3.569999933242798,3.569999933242798,2994,0.0,0.0
2024-08-15 11:30:00-04:00,3.4700000286102295,3.4700000286102295,3.4700000286102295,3.4700000286102295,235,0.0,0.0
2024-08-15 11:35:00-04:00,3.3501999378204346,3.3501999378204346,3.3501999378204346,3.3501999378204346,530,0.0,0.0
2024-08-15 11:40:00-04:00,3.5099000930786133,3.5099000930786133,3.5099000930786133,3.5099000930786133,220,0.0,0.0
2024-08-15 12:00:00-04:00,3.5625998973846436,3.5625998973846436,3.370500087738037,3.4999001026153564,1796,0.0,0.0
2024-08-15 12:05:00-04:00,3.4993999004364014,3.509999990463257,3.428100109100342,3.428100109100342,963,0.0,0.0
2024-08-15 12:10:00-04:00,3.359999895095825,3.5,3.359999895095825,3.490000009536743,2378,0.0,0.0
2024-08-15 12:15:00-04:00,3.5999999046325684,3.5999999046325684,3.5999999046325684,3.5999999046325684,530,0.0,0.0
2024-08-15 12:20:00-04:00,3.619999885559082,3.619999885559082,3.619999885559082,3.619999885559082,960,0.0,0.0
2024-08-15 12:25:00-04:00,3.640000104904175,3.640000104904175,3.640000104904175,3.640000104904175,543,0.0,0.0
2024-08-15 13:00:00-04:00,3.594099998474121,3.594099998474121,3.594099998474121,3.594099998474121,787,0.0,0.0
2024-08-15 13:15:00-04:00,3.619999885559082,3.894200086593628,3.5999999046325684,3.894200086593628,19378,0.0,0.0
2024-08-15 13:20:00-04:00,3.825000047683716,3.8259999752044678,3.6700000762939453,3.8259999752044678,5807,0.0,0.0
2024-08-15 13:25:00-04:00,3.5999999046325684,3.5999999046325684,3.5999999046325684,3.5999999046325684,1410,0.0,0.0
2024-08-15 13:35:00-04:00,3.700000047683716,3.700000047683716,3.6700000762939453,3.6700000762939453,1747,0.0,0.0
2024-08-15 13:50:00-04:00,3.63100004196167,3.7692999839782715,3.5999999046325684,3.5999999046325684,3358,0.0,0.0
2024-08-15 13:55:00-04:00,3.5457000732421875,3.5457000732421875,3.5457000732421875,3.5457000732421875,1087,0.0,0.0
2024-08-15 14:10:00-04:00,3.700000047683716,3.700000047683716,3.700000047683716,3.700000047683716,261,0.0,0.0
2024-08-15 14:15:00-04:00,3.8905999660491943,3.8905999660491943,3.8905999660491943,3.8905999660491943,117,0.0,0.0
2024-08-15 14:30:00-04:00,3.697499990463257,3.7899999618530273,3.600100040435791,3.600100040435791,1573,0.0,0.0
2024-08-15 14:35:00-04:00,3.7690000534057617,3.7690000534057617,3.7690000534057617,3.7690000534057617,0,0.0,0.0
2024-08-15 14:40:00-04:00,3.789400100708008,3.789400100708008,3.762700080871582,3.762700080871582,431,0.0,0.0
2024-08-15 14:50:00-04:00,3.7899999618530273,3.7899999618530273,3.7039999961853027,3.7039999961853027,5340,0.0,0.0
2024-08-15 15:00:00-04:00,3.7399001121520996,3.7399001121520996,3.7399001121520996,3.7399001121520996,400,0.0,0.0
2024-08-15 15:05:00-04:00,3.7860000133514404,3.7899999618530273,3.7860000133514404,3.7899999618530273,1483,0.0,0.0
2024-08-15 15:15:00-04:00,3.7999000549316406,3.7999000549316406,3.6700000762939453,3.7899999618530273,231,0.0,0.0
2024-08-15 15:45:00-04:00,3.7200000286102295,3.7200000286102295,3.7200000286102295,3.7200000286102295,576,0.0,0.0
2024-08-16 09:30:00-04:00,3.9200000762939453,4.0,3.690000057220459,3.690000057220459,2875,0.0,0.0
2024-08-16 09:35:00-04:00,3.8350000381469727,3.8350000381469727,3.8350000381469727,3.8350000381469727,661,0.0,0.0
2024-08-16 09:45:00-04:00,3.759999990463257,3.819999933242798,3.759999990463257,3.819999933242798,550,0.0,0.0
2024-08-16 09:55:00-04:00,3.7799999713897705,3.7799999713897705,3.7799999713897705,3.7799999713897705,844,0.0,0.0
2024-08-16 10:35:00-04:00,3.809999942779541,3.809999942779541,3.809999942779541,3.809999942779541,414,0.0,0.0
2024-08-16 11:30:00-04:00,3.8350000381469727,3.9000000953674316,3.8350000381469727,3.9000000953674316,2606,0.0,0.0
2024-08-16 11:35:00-04:00,3.930000066757202,3.9899001121520996,3.930000066757202,3.989799976348877,2076,0.0,0.0
2024-08-16 11:40:00-04:00,3.9549999237060547,3.9549999237060547,3.8499999046325684,3.8499999046325684,2668,0.0,0.0
2024-08-16 11:50:00-04:00,3.9149999618530273,3.9149999618530273,3.9149999618530273,3.9149999618530273,446,0.0,0.0
2024-08-16 12:20:00-04:00,3.8399999141693115,3.9110000133514404,3.8399999141693115,3.9003000259399414,1757,0.0,0.0
2024-08-16 12:25:00-04:00,3.9000000953674316,3.9000000953674316,3.7809998989105225,3.7809998989105225,3585,0.0,0.0
2024-08-16 13:50:00-04:00,3.8399999141693115,3.8399999141693115,3.8399999141693115,3.8399999141693115,166,0.0,0.0
2024-08-16 14:20:00-04:00,3.9000000953674316,3.9100000858306885,3.9000000953674316,3.9000000953674316,1898,0.0,0.0
2024-08-16 14:30:00-04:00,3.8450000286102295,3.8450000286102295,3.7816998958587646,3.7816998958587646,3055,0.0,0.0
2024-08-16 15:35:00-04:00,3.869999885559082,3.869999885559082,3.869999885559082,3.869999885559082,421,0.0,0.0
2024-08-16 15:40:00-04:00,3.890000104904175,3.9100000858306885,3.869999885559082,3.9084999561309814,7824,0.0,0.0
2024-08-16 15:50:00-04:00,3.864000082015991,3.864000082015991,3.864000082015991,3.864000082015991,1102,0.0,0.0
2024-08-16 15:55:00-04:00,3.869999885559082,3.9000000953674316,3.869999885559082,3.9000000953674316,1200,0.0,0.0
2024-08-19 09:30:00-04:00,3.9700000286102295,3.9700000286102295,3.9700000286102295,3.9700000286102295,1473,0.0,0.0
2024-08-19 09:35:00-04:00,3.9809000492095947,3.9809000492095947,3.9809000492095947,3.9809000492095947,127,0.0,0.0
2024-08-19 09:55:00-04:00,3.890000104904175,3.890000104904175,3.890000104904175,3.890000104904175,669,0.0,0.0
2024-08-19 10:15:00-04:00,3.8499999046325684,3.8499999046325684,3.7899999618530273,3.7899999618530273,331,0.0,0.0
2024-08-19 10:40:00-04:00,3.9256999492645264,3.9256999492645264,3.9256999492645264,3.9256999492645264,1134,0.0,0.0
2024-08-19 11:15:00-04:00,3.940000057220459,3.9800000190734863,3.940000057220459,3.9800000190734863,2011,0.0,0.0
2024-08-19 11:25:00-04:00,3.940000057220459,3.940000057220459,3.940000057220459,3.940000057220459,0,0.0,0.0
2024-08-19 12:00:00-04:00,4.0,4.0,4.0,4.0,12768,0.0,0.0
2024-08-19 12:15:00-04:00,4.0,4.0,4.0,4.0,0,0.0,0.0
2024-08-19 12:25:00-04:00,4.130000114440918,4.130000114440918,4.130000114440918,4.130000114440918,1976,0.0,0.0
2024-08-19 12:30:00-04:00,4.139900207519531,4.289999961853027,4.139900207519531,4.289999961853027,1005,0.0,0.0
2024-08-19 12:40:00-04:00,4.120100021362305,4.120100021362305,4.120100021362305,4.120100021362305,510,0.0,0.0
2024-08-19 12:45:00-04:00,4.170000076293945,4.289999961853027,4.159999847412109,4.289999961853027,2361,0.0,0.0
2024-08-19 12:50:00-04:00,4.224999904632568,4.320000171661377,4.224999904632568,4.320000171661377,8861,0.0,0.0
2024-08-19 12:55:00-04:00,4.322000026702881,4.322000026702881,4.30810022354126,4.320000171661377,1286,0.0,0.0
2024-08-19 13:00:00-04:00,4.369999885559082,4.449999809265137,4.340000152587891,4.340000152587891,703,0.0,0.0
2024-08-19 13:20:00-04:00,4.4899001121521,4.4899001121521,4.480000019073486,4.480000019073486,4377,0.0,0.0
2024-08-19 13:40:00-04:00,4.45989990234375,4.45989990234375,4.45989990234375,4.45989990234375,947,0.0,0.0
2024-08-19 13:55:00-04:00,4.469900131225586,4.469900131225586,4.449999809265137,4.449999809265137,777,0.0,0.0
2024-08-19 14:25:00-04:00,4.414999961853027,4.449999809265137,4.340000152587891,4.349999904632568,17394,0.0,0.0
2024-08-19 14:35:00-04:00,4.389999866485596,4.389999866485596,4.389999866485596,4.389999866485596,346,0.0,0.0
2024-08-19 14:40:00-04:00,4.429999828338623,4.440000057220459,4.429999828338623,4.434999942779541,801,0.0,0.0
2024-08-19 14:45:00-04:00,4.389999866485596,4.389999866485596,4.389999866485596,4.389999866485596,1316,0.0,0.0
2024-08-19 14:50:00-04:00,4.449999809265137,4.539999961853027,4.440000057220459,4.539999961853027,1842,0.0,0.0
2024-08-19 14:55:00-04:00,4.480000019073486,4.480000019073486,4.480000019073486,4.480000019073486,1075,0.0,0.0
2024-08-19 15:00:00-04:00,4.4730000495910645,4.539999961853027,4.4730000495910645,4.480000019073486,2171,0.0,0.0
2024-08-19 15:15:00-04:00,4.5,4.639999866485596,4.5,4.639999866485596,4146,0.0,0.0
2024-08-19 15:20:00-04:00,4.679999828338623,4.679999828338623,4.679999828338623,4.679999828338623,80,0.0,0.0
2024-08-19 15:30:00-04:00,4.619999885559082,4.619999885559082,4.619999885559082,4.619999885559082,207,0.0,0.0
2024-08-19 15:35:00-04:00,4.619999885559082,4.619999885559082,4.619999885559082,4.619999885559082,151,0.0,0.0
2024-08-19 15:40:00-04:00,4.619999885559082,4.78000020980835,4.619999885559082,4.679999828338623,9505,0.0,0.0
2024-08-19 15:45:00-04:00,4.71999979019165,4.71999979019165,4.71999979019165,4.71999979019165,194,0.0,0.0
2024-08-19 15:50:00-04:00,4.704999923706055,4.704999923706055,4.704999923706055,4.704999923706055,301,0.0,0.0
2024-08-19 15:55:00-04:00,4.670000076293945,4.670000076293945,4.670000076293945,4.670000076293945,961,0.0,0.0
2024-08-20 09:30:00-04:00,4.840000152587891,4.847300052642822,4.800000190734863,4.847300052642822,2821,0.0,0.0
2024-08-20 09:35:00-04:00,4.820000171661377,4.840000152587891,4.539999961853027,4.539999961853027,6902,0.0,0.0
2024-08-20 09:40:00-04:00,4.437300205230713,4.437300205230713,4.204999923706055,4.420000076293945,7788,0.0,0.0
2024-08-20 09:45:00-04:00,4.460000038146973,4.610000133514404,4.460000038146973,4.599999904632568,1632,0.0,0.0
2024-08-20 09:50:00-04:00,4.46999979019165,4.46999979019165,4.46999979019165,4.46999979019165,525,0.0,0.0
2024-08-20 09:55:00-04:00,4.53000020980835,4.695000171661377,4.53000020980835,4.695000171661377,326,0.0,0.0
2024-08-20 10:00:00-04:00,4.550000190734863,4.550000190734863,4.539999961853027,4.539999961853027,561,0.0,0.0
2024-08-20 10:20:00-04:00,4.630000114440918,4.630000114440918,4.630000114440918,4.630000114440918,307,0.0,0.0
2024-08-20 10:35:00-04:00,4.6381001472473145,4.804699897766113,4.6381001472473145,4.804699897766113,506,0.0,0.0
2024-08-20 11:00:00-04:00,4.691500186920166,4.691500186920166,4.691500186920166,4.691500186920166,101,0.0,0.0
2024-08-20 11:05:00-04:00,4.699999809265137,4.699999809265137,4.699999809265137,4.699999809265137,468,0.0,0.0
2024-08-20 11:20:00-04:00,4.699999809265137,4.699999809265137,4.699999809265137,4.699999809265137,154,0.0,0.0
2024-08-20 11:50:00-04:00,4.690999984741211,4.690999984741211,4.690000057220459,4.690000057220459,678,0.0,0.0
2024-08-20 13:25:00-04:00,4.642300128936768,4.642300128936768,4.642300128936768,4.642300128936768,512,0.0,0.0
2024-08-20 13:40:00-04:00,4.585700035095215,4.585700035095215,4.585700035095215,4.585700035095215,200,0.0,0.0
2024-08-20 14:25:00-04:00,4.639500141143799,4.639500141143799,4.590000152587891,4.590000152587891,231,0.0,0.0
2024-08-20 14:30:00-04:00,4.599999904632568,4.599999904632568,4.570000171661377,4.570000171661377,1965,0.0,0.0
2024-08-20 15:25:00-04:00,4.570000171661377,4.570000171661377,4.570000171661377,4.570000171661377,665,0.0,0.0
2024-08-21 09:35:00-04:00,4.630000114440918,4.630000114440918,4.630000114440918,4.630000114440918,587,0.0,0.0
2024-08-21 09:40:00-04:00,4.559999942779541,4.559999942779541,4.559999942779541,4.559999942779541,358,0.0,0.0
2024-08-21 10:10:00-04:00,4.669400215148926,4.669400215148926,4.669400215148926,4.669400215148926,960,0.0,0.0
2024-08-21 10:15:00-04:00,4.685999870300293,4.685999870300293,4.685999870300293,4.685999870300293,30,0.0,0.0
2024-08-21 11:15:00-04:00,4.5690999031066895,4.5690999031066895,4.559999942779541,4.559999942779541,750,0.0,0.0
2024-08-21 11:20:00-04:00,4.674300193786621,4.674300193786621,4.674300193786621,4.674300193786621,3,0.0,0.0
2024-08-21 11:30:00-04:00,4.561299800872803,4.561299800872803,4.561299800872803,4.561299800872803,436,0.0,0.0
2024-08-21 12:10:00-04:00,4.570000171661377,4.570000171661377,4.559999942779541,4.559999942779541,1464,0.0,0.0
2024-08-21 13:10:00-04:00,4.589900016784668,4.589900016784668,4.589900016784668,4.589900016784668,589,0.0,0.0
2024-08-21 14:30:00-04:00,4.440000057220459,4.440000057220459,4.440000057220459,4.440000057220459,700,0.0,0.0
2024-08-21 14:35:00-04:00,4.4344000816345215,4.4344000816345215,4.4166998863220215,4.4166998863220215,695,0.0,0.0
2024-08-21 14:40:00-04:00,4.375,4.375,4.375,4.375,185,0.0,0.0
2024-08-21 15:10:00-04:00,4.458700180053711,4.458700180053711,4.458700180053711,4.458700180053711,1138,0.0,0.0
2024-08-21 15:15:00-04:00,4.320099830627441,4.320099830627441,4.320099830627441,4.320099830627441,481,0.0,0.0
2024-08-21 15:25:00-04:00,4.46999979019165,4.46999979019165,4.46999979019165,4.46999979019165,236,0.0,0.0
2024-08-22 09:30:00-04:00,4.46999979019165,4.46999979019165,4.46999979019165,4.46999979019165,468,0.0,0.0
2024-08-22 09:45:00-04:00,4.447199821472168,4.539899826049805,4.447199821472168,4.539899826049805,678,0.0,0.0
2024-08-22 10:50:00-04:00,4.519999980926514,4.519999980926514,4.519999980926514,4.519999980926514,960,0.0,0.0
2024-08-22 12:20:00-04:00,4.429999828338623,4.429999828338623,4.429999828338623,4.429999828338623,102,0.0,0.0
2024-08-22 12:55:00-04:00,4.309999942779541,4.309999942779541,4.309999942779541,4.309999942779541,342,0.0,0.0
2024-08-22 13:05:00-04:00,4.348100185394287,4.348100185394287,4.348100185394287,4.348100185394287,290,0.0,0.0
2024-08-22 15:55:00-04:00,4.409999847412109,4.409999847412109,4.389999866485596,4.389999866485596,444,0.0,0.0
2024-08-23 09:30:00-04:00,4.51609992980957,4.51609992980957,4.51609992980957,4.51609992980957,573,0.0,0.0
2024-08-23 10:10:00-04:00,4.300000190734863,4.300000190734863,4.300000190734863,4.300000190734863,593,0.0,0.0
2024-08-23 10:30:00-04:00,4.025599956512451,4.329999923706055,4.025599956512451,4.170000076293945,934,0.0,0.0
2024-08-23 11:25:00-04:00,4.230400085449219,4.230400085449219,4.230400085449219,4.230400085449219,779,0.0,0.0
2024-08-23 13:50:00-04:00,4.35099983215332,4.35099983215332,4.341000080108643,4.341000080108643,1074,0.0,0.0
2024-08-23 14:25:00-04:00,4.365699768066406,4.365699768066406,4.365699768066406,4.365699768066406,219,0.0,0.0
2024-08-23 14:55:00-04:00,4.272500038146973,4.272500038146973,4.272500038146973,4.272500038146973,176,0.0,0.0
2024-08-23 15:05:00-04:00,4.349999904632568,4.349999904632568,4.349999904632568,4.349999904632568,405,0.0,0.0
2024-08-23 15:20:00-04:00,4.239999771118164,4.239999771118164,4.239999771118164,4.239999771118164,1407,0.0,0.0
2024-08-23 15:25:00-04:00,4.230000019073486,4.230000019073486,4.230000019073486,4.230000019073486,1297,0.0,0.0
2024-08-23 15:50:00-04:00,4.25,4.25,4.25,4.25,1411,0.0,0.0
2024-08-26 10:10:00-04:00,4.269999980926514,4.269999980926514,4.269999980926514,4.269999980926514,1423,0.0,0.0
2024-08-26 10:15:00-04:00,4.230000019073486,4.230000019073486,4.230000019073486,4.230000019073486,167,0.0,0.0
2024-08-26 10:25:00-04:00,4.28000020980835,4.28000020980835,4.28000020980835,4.28000020980835,236,0.0,0.0
2024-08-26 10:45:00-04:00,4.230000019073486,4.230000019073486,4.21999979019165,4.230000019073486,1292,0.0,0.0
2024-08-26 11:20:00-04:00,4.251999855041504,4.251999855041504,4.251999855041504,4.251999855041504,284,0.0,0.0
2024-08-26 11:25:00-04:00,4.299900054931641,4.299900054931641,4.299900054931641,4.299900054931641,417,0.0,0.0
2024-08-26 11:50:00-04:00,4.24970006942749,4.24970006942749,4.24970006942749,4.24970006942749,1215,0.0,0.0
2024-08-26 14:45:00-04:00,4.314499855041504,4.314499855041504,4.314499855041504,4.314499855041504,451,0.0,0.0
2024-08-26 15:00:00-04:00,4.353000164031982,4.480000019073486,4.353000164031982,4.480000019073486,381,0.0,0.0
2024-08-26 15:30:00-04:00,4.410299777984619,4.410299777984619,4.410299777984619,4.410299777984619,1063,0.0,0.0
2024-08-26 15:50:00-04:00,4.416500091552734,4.416500091552734,4.416500091552734,4.416500091552734,1606,0.0,0.0
2024-08-27 10:00:00-04:00,4.382999897003174,4.382999897003174,4.382999897003174,4.382999897003174,3240,0.0,0.0
2024-08-27 10:10:00-04:00,4.570000171661377,4.570000171661377,4.570000171661377,4.570000171661377,0,0.0,0.0
2024-08-27 10:35:00-04:00,4.416399955749512,4.416399955749512,4.416399955749512,4.416399955749512,350,0.0,0.0
2024-08-27 11:25:00-04:00,4.480000019073486,4.550000190734863,4.480000019073486,4.550000190734863,2718,0.0,0.0
2024-08-27 12:35:00-04:00,4.460000038146973,4.460000038146973,4.460000038146973,4.460000038146973,0,0.0,0.0
2024-08-27 12:55:00-04:00,4.46999979019165,4.46999979019165,4.46019983291626,4.461599826812744,7455,0.0,0.0
2024-08-27 13:05:00-04:00,4.550000190734863,4.570000171661377,4.539999961853027,4.570000171661377,3577,0.0,0.0
2024-08-27 13:10:00-04:00,4.590000152587891,4.590000152587891,4.590000152587891,4.590000152587891,680,0.0,0.0
2024-08-27 13:25:00-04:00,4.590099811553955,4.590099811553955,4.590099811553955,4.590099811553955,1295,0.0,0.0
2024-08-27 15:20:00-04:00,4.561699867248535,4.561699867248535,4.561699867248535,4.561699867248535,253,0.0,0.0
2024-08-27 15:35:00-04:00,4.599999904632568,4.599999904632568,4.599999904632568,4.599999904632568,204,0.0,0.0
2024-08-27 15:55:00-04:00,4.590000152587891,4.590000152587891,4.590000152587891,4.590000152587891,328,0.0,0.0
2024-08-28 09:30:00-04:00,4.510000228881836,4.536499977111816,4.360000133514404,4.363500118255615,3749,0.0,0.0
2024-08-28 09:35:00-04:00,4.389999866485596,4.389999866485596,4.369999885559082,4.369999885559082,2538,0.0,0.0
2024-08-28 09:50:00-04:00,4.579999923706055,4.604599952697754,4.579999923706055,4.604599952697754,4849,0.0,0.0
2024-08-28 10:10:00-04:00,4.204999923706055,4.204999923706055,4.204999923706055,4.204999923706055,380,0.0,0.0
2024-08-28 10:20:00-04:00,4.440000057220459,4.440000057220459,4.210000038146973,4.21999979019165,626,0.0,0.0
2024-08-28 10:25:00-04:00,4.329999923706055,4.329999923706055,4.329999923706055,4.329999923706055,1786,0.0,0.0
2024-08-28 11:50:00-04:00,4.494999885559082,4.494999885559082,4.494999885559082,4.494999885559082,570,0.0,0.0
2024-08-28 12:20:00-04:00,4.329999923706055,4.329999923706055,4.329999923706055,4.329999923706055,503,0.0,0.0
2024-08-28 14:35:00-04:00,4.199999809265137,4.199999809265137,4.199999809265137,4.199999809265137,112,0.0,0.0
2024-08-28 14:40:00-04:00,4.400000095367432,4.400000095367432,4.400000095367432,4.400000095367432,143,0.0,0.0
2024-08-29 09:30:00-04:00,4.21999979019165,4.21999979019165,4.21999979019165,4.21999979019165,721,0.0,0.0
2024-08-29 09:45:00-04:00,4.007199764251709,4.007199764251709,4.007199764251709,4.007199764251709,294,0.0,0.0
2024-08-29 10:10:00-04:00,4.199999809265137,4.199999809265137,4.199999809265137,4.199999809265137,1031,0.0,0.0
2024-08-29 11:10:00-04:00,4.107100009918213,4.107100009918213,4.107100009918213,4.107100009918213,312,0.0,0.0
2024-08-29 11:40:00-04:00,4.239999771118164,4.239999771118164,4.239999771118164,4.239999771118164,286,0.0,0.0
2024-08-29 13:25:00-04:00,4.25,4.25,4.25,4.25,267,0.0,0.0
2024-08-29 13:40:00-04:00,4.179999828338623,4.179999828338623,4.179999828338623,4.179999828338623,604,0.0,0.0
2024-08-29 14:00:00-04:00,4.180300235748291,4.180300235748291,4.180300235748291,4.180300235748291,69,0.0,0.0
2024-08-29 15:05:00-04:00,4.059999942779541,4.059999942779541,4.059999942779541,4.059999942779541,454,0.0,0.0
2024-08-29 15:55:00-04:00,4.03000020980835,4.03000020980835,4.0,4.0,1613,0.0,0.0
2024-08-30 09:30:00-04:00,3.984999895095825,3.984999895095825,3.984999895095825,3.984999895095825,637,0.0,0.0
2024-08-30 09:40:00-04:00,3.984999895095825,3.984999895095825,3.984999895095825,3.984999895095825,291,0.0,0.0
2024-08-30 09:45:00-04:00,4.070000171661377,4.070000171661377,4.070000171661377,4.070000171661377,704,0.0,0.0
2024-08-30 12:20:00-04:00,4.0,4.0,4.0,4.0,696,0.0,0.0
2024-08-30 15:50:00-04:00,4.0,4.0,4.0,4.0,370,0.0,0.0
2024-08-30 15:55:00-04:00,3.9549999237060547,3.9549999237060547,3.940000057220459,3.940000057220459,362,0.0,0.0
2024-09-03 13:20:00-04:00,4.099999904632568,4.099999904632568,4.099999904632568,4.099999904632568,0,0.0,0.0
2024-09-04 09:35:00-04:00,4.069900035858154,4.069900035858154,4.059999942779541,4.069900035858154,119,0.0,0.0
2024-09-04 10:45:00-04:00,4.089900016784668,4.089900016784668,4.089900016784668,4.089900016784668,301,0.0,0.0
2024-09-04 11:00:00-04:00,4.079999923706055,4.079999923706055,4.079999923706055,4.079999923706055,375,0.0,0.0
2024-09-04 11:10:00-04:00,4.072299957275391,4.072299957275391,4.072299957275391,4.072299957275391,182,0.0,0.0
2024-09-04 12:10:00-04:00,4.110000133514404,4.119999885559082,4.110000133514404,4.119900226593018,1259,0.0,0.0
2024-09-04 12:15:00-04:00,4.110000133514404,4.119900226593018,4.110000133514404,4.119900226593018,442,0.0,0.0
2024-09-04 12:55:00-04:00,4.110000133514404,4.119999885559082,4.110000133514404,4.110000133514404,886,0.0,0.0
2024-09-04 13:15:00-04:00,4.119999885559082,4.119999885559082,4.119999885559082,4.119999885559082,384,0.0,0.0
2024-09-05 09:45:00-04:00,4.108799934387207,4.108799934387207,4.108799934387207,4.108799934387207,1949,0.0,0.0
2024-09-05 10:25:00-04:00,4.119999885559082,4.119999885559082,4.119999885559082,4.119999885559082,327,0.0,0.0
2024-09-05 11:50:00-04:00,4.119900226593018,4.2204999923706055,4.108699798583984,4.2204999923706055,1317,0.0,0.0
2024-09-05 14:20:00-04:00,4.199999809265137,4.199999809265137,4.199999809265137,4.199999809265137,330,0.0,0.0
2024-09-05 15:10:00-04:00,4.159999847412109,4.159999847412109,4.159999847412109,4.159999847412109,540,0.0,0.0
2024-09-05 15:20:00-04:00,4.130000114440918,4.130000114440918,4.130000114440918,4.130000114440918,188,0.0,0.0
2024-09-05 15:40:00-04:00,4.079999923706055,4.079999923706055,4.079999923706055,4.079999923706055,429,0.0,0.0
2024-09-05 15:55:00-04:00,4.110000133514404,4.110000133514404,4.110000133514404,4.110000133514404,163,0.0,0.0
2024-09-06 09:40:00-04:00,4.079999923706055,4.079999923706055,3.9900999069213867,3.9900999069213867,3107,0.0,0.0
2024-09-06 09:45:00-04:00,3.992500066757202,3.992500066757202,3.992500066757202,3.992500066757202,160,0.0,0.0
2024-09-06 11:10:00-04:00,4.059999942779541,4.059999942779541,4.04010009765625,4.054999828338623,690,0.0,0.0
2024-09-06 11:15:00-04:00,4.054999828338623,4.059999942779541,4.04010009765625,4.04010009765625,470,0.0,0.0
2024-09-06 12:55:00-04:00,4.087800025939941,4.087800025939941,4.039999961853027,4.039999961853027,5864,0.0,0.0
2024-09-06 13:15:00-04:00,4.21999979019165,4.21999979019165,4.21999979019165,4.21999979019165,127,0.0,0.0
2024-09-06 13:40:00-04:00,4.059999942779541,4.059999942779541,4.059999942779541,4.059999942779541,536,0.0,0.0
2024-09-06 14:25:00-04:00,4.081399917602539,4.081399917602539,4.050000190734863,4.050000190734863,368,0.0,0.0
2024-09-06 14:35:00-04:00,4.039999961853027,4.039999961853027,4.039999961853027,4.039999961853027,1125,0.0,0.0
2024-09-09 09:50:00-04:00,4.110000133514404,4.110000133514404,4.110000133514404,4.110000133514404,494,0.0,0.0
2024-09-09 10:20:00-04:00,4.210000038146973,4.210000038146973,4.210000038146973,4.210000038146973,272,0.0,0.0
2024-09-09 10:50:00-04:00,4.1880998611450195,4.1880998611450195,4.1880998611450195,4.1880998611450195,917,0.0,0.0
2024-09-09 11:25:00-04:00,4.21999979019165,4.21999979019165,4.21999979019165,4.21999979019165,425,0.0,0.0
2024-09-09 12:30:00-04:00,4.190000057220459,4.190000057220459,4.190000057220459,4.190000057220459,468,0.0,0.0
2024-09-09 13:00:00-04:00,4.199999809265137,4.21999979019165,4.199999809265137,4.21999979019165,989,0.0,0.0
2024-09-09 13:05:00-04:00,4.099999904632568,4.230000019073486,4.070000171661377,4.230000019073486,1053,0.0,0.0
2024-09-09 13:10:00-04:00,4.199999809265137,4.199999809265137,4.199999809265137,4.199999809265137,945,0.0,0.0
2024-09-09 13:15:00-04:00,4.152400016784668,4.152400016784668,4.152400016784668,4.152400016784668,141,0.0,0.0
2024-09-09 13:20:00-04:00,4.199999809265137,4.230000019073486,4.190000057220459,4.190000057220459,2173,0.0,0.0
2024-09-09 13:35:00-04:00,4.39900016784668,4.39900016784668,4.39900016784668,4.39900016784668,349,0.0,0.0
2024-09-09 13:50:00-04:00,4.300000190734863,4.300000190734863,4.300000190734863,4.300000190734863,599,0.0,0.0
2024-09-09 13:55:00-04:00,4.400000095367432,4.400000095367432,4.400000095367432,4.400000095367432,335,0.0,0.0
2024-09-09 14:05:00-04:00,4.400000095367432,4.400000095367432,4.400000095367432,4.400000095367432,454,0.0,0.0
2024-09-09 14:15:00-04:00,4.400000095367432,4.400000095367432,4.400000095367432,4.400000095367432,684,0.0,0.0
2024-09-09 14:25:00-04:00,4.289999961853027,4.460000038146973,4.281000137329102,4.460000038146973,2387,0.0,0.0
2024-09-09 14:30:00-04:00,4.420499801635742,4.42140007019043,4.420499801635742,4.42140007019043,2241,0.0,0.0
2024-09-09 14:40:00-04:00,4.460000038146973,4.460000038146973,4.460000038146973,4.460000038146973,993,0.0,0.0
2024-09-09 14:50:00-04:00,4.5,4.78000020980835,4.5,4.78000020980835,3703,0.0,0.0
2024-09-09 14:55:00-04:00,4.710000038146973,4.789999961853027,4.710000038146973,4.789999961853027,1972,0.0,0.0
2024-09-09 15:05:00-04:00,4.769899845123291,4.769899845123291,4.760000228881836,4.760000228881836,2428,0.0,0.0
2024-09-09 15:20:00-04:00,4.829999923706055,4.989999771118164,4.809999942779541,4.864999771118164,6827,0.0,0.0
2024-09-09 15:25:00-04:00,4.829999923706055,4.989999771118164,4.829999923706055,4.96999979019165,545,0.0,0.0
2024-09-09 15:30:00-04:00,4.96999979019165,4.989200115203857,4.96999979019165,4.96999979019165,1215,0.0,0.0
2024-09-09 15:35:00-04:00,5.150000095367432,5.150000095367432,5.070000171661377,5.132999897003174,1352,0.0,0.0
2024-09-09 15:40:00-04:00,5.050000190734863,5.059999942779541,5.039999961853027,5.059999942779541,3249,0.0,0.0
2024-09-09 15:45:00-04:00,5.085599899291992,5.085599899291992,4.980100154876709,4.980100154876709,1545,0.0,0.0
2024-09-09 15:50:00-04:00,5.010000228881836,5.010000228881836,4.989999771118164,4.989999771118164,2268,0.0,0.0
2024-09-09 15:55:00-04:00,4.989999771118164,5.099999904632568,4.980100154876709,5.099999904632568,1396,0.0,0.0
2024-09-10 09:30:00-04:00,5.019999980926514,5.189899921417236,5.0,5.179999828338623,4538,0.0,0.0
2024-09-10 09:35:00-04:00,5.25,5.400000095367432,5.000100135803223,5.400000095367432,2166,0.0,0.0
2024-09-10 09:40:00-04:00,5.409999847412109,5.409999847412109,5.300099849700928,5.329999923706055,1230,0.0,0.0
2024-09-10 09:45:00-04:00,5.320000171661377,5.360000133514404,5.320000171661377,5.360000133514404,547,0.0,0.0
2024-09-10 09:50:00-04:00,5.446199893951416,5.446199893951416,5.304999828338623,5.304999828338623,1610,0.0,0.0
2024-09-10 09:55:00-04:00,5.440000057220459,5.440000057220459,5.440000057220459,5.440000057220459,748,0.0,0.0
2024-09-10 10:00:00-04:00,5.400599956512451,5.639900207519531,5.400599956512451,5.639900207519531,703,0.0,0.0
2024-09-10 10:10:00-04:00,5.599999904632568,5.650000095367432,5.550000190734863,5.597300052642822,4304,0.0,0.0
2024-09-10 10:15:00-04:00,5.605000019073486,5.650000095367432,5.601399898529053,5.601399898529053,1567,0.0,0.0
2024-09-10 10:20:00-04:00,5.789999961853027,5.789999961853027,5.789999961853027,5.789999961853027,1432,0.0,0.0
2024-09-10 10:25:00-04:00,6.0,6.0,6.0,6.0,2038,0.0,0.0
2024-09-10 10:30:00-04:00,6.0,6.0,6.0,6.0,618,0.0,0.0
2024-09-10 10:35:00-04:00,6.0,6.02239990234375,5.994999885559082,6.02239990234375,1019,0.0,0.0
2024-09-10 10:40:00-04:00,5.948999881744385,6.039999961853027,5.948999881744385,6.019999980926514,1815,0.0,0.0
2024-09-10 10:45:00-04:00,6.136499881744385,6.136499881744385,5.914999961853027,6.110000133514404,1147,0.0,0.0
2024-09-10 10:50:00-04:00,6.119999885559082,6.130099773406982,6.119999885559082,6.130099773406982,1907,0.0,0.0
2024-09-10 10:55:00-04:00,6.070000171661377,6.559999942779541,6.010000228881836,6.559999942779541,8779,0.0,0.0
2024-09-10 11:00:00-04:00,6.347300052642822,6.489999771118164,6.347300052642822,6.480000019073486,9463,0.0,0.0
2024-09-10 11:05:00-04:00,6.21999979019165,6.355000019073486,6.085599899291992,6.355000019073486,2678,0.0,0.0
2024-09-10 11:10:00-04:00,6.550000190734863,6.550000190734863,6.5,6.5,6042,0.0,0.0
2024-09-10 11:15:00-04:00,6.329899787902832,6.760000228881836,6.329899787902832,6.760000228881836,4796,0.0,0.0
2024-09-10 11:20:00-04:00,6.86870002746582,7.0,6.760000228881836,6.900000095367432,16225,0.0,0.0
2024-09-10 11:25:00-04:00,6.914100170135498,7.5,6.75,6.78000020980835,57862,0.0,0.0
2024-09-10 11:30:00-04:00,6.849999904632568,7.139999866485596,6.78000020980835,6.843400001525879,15334,0.0,0.0
2024-09-10 11:35:00-04:00,6.816800117492676,6.989999771118164,6.400000095367432,6.989999771118164,16065,0.0,0.0
2024-09-10 11:40:00-04:00,6.716300010681152,6.989999771118164,6.699999809265137,6.989999771118164,12014,0.0,0.0
2024-09-10 11:45:00-04:00,7.03000020980835,7.5,6.945000171661377,7.150000095367432,74293,0.0,0.0
2024-09-10 11:50:00-04:00,7.110000133514404,7.400000095367432,6.900000095367432,7.230000019073486,28791,0.0,0.0
2024-09-10 11:55:00-04:00,7.241499900817871,7.25,7.010000228881836,7.25,14335,0.0,0.0
2024-09-10 12:00:00-04:00,7.25,7.25,7.050099849700928,7.199999809265137,16517,0.0,0.0
2024-09-10 12:05:00-04:00,7.079999923706055,7.190199851989746,7.079999923706055,7.090000152587891,4347,0.0,0.0
2024-09-10 12:10:00-04:00,7.138000011444092,7.138000011444092,6.730000019073486,6.739999771118164,35993,0.0,0.0
2024-09-10 12:15:00-04:00,6.739999771118164,6.96999979019165,6.699999809265137,6.869999885559082,5797,0.0,0.0
2024-09-10 12:20:00-04:00,6.869999885559082,6.869999885559082,6.550000190734863,6.550000190734863,8308,0.0,0.0
2024-09-10 12:25:00-04:00,6.550099849700928,6.739999771118164,6.550000190734863,6.699999809265137,5832,0.0,0.0
2024-09-10 12:30:00-04:00,6.704999923706055,6.728799819946289,6.704999923706055,6.716899871826172,2450,0.0,0.0
2024-09-10 12:35:00-04:00,6.600599765777588,6.650000095367432,6.599999904632568,6.599999904632568,3022,0.0,0.0
2024-09-10 12:40:00-04:00,6.599999904632568,6.599999904632568,6.599999904632568,6.599999904632568,521,0.0,0.0
2024-09-10 12:45:00-04:00,6.670000076293945,6.880000114440918,6.664999961853027,6.880000114440918,9265,0.0,0.0
2024-09-10 12:50:00-04:00,6.940000057220459,7.150000095367432,6.599999904632568,6.880000114440918,33004,0.0,0.0
2024-09-10 12:55:00-04:00,6.889999866485596,6.940000057220459,6.889999866485596,6.940000057220459,1905,0.0,0.0
2024-09-10 13:00:00-04:00,6.928999900817871,7.139999866485596,6.920000076293945,7.139999866485596,2254,0.0,0.0
2024-09-10 13:05:00-04:00,7.139999866485596,7.218599796295166,7.0671000480651855,7.210000038146973,12950,0.0,0.0
2024-09-10 13:10:00-04:00,7.21019983291626,7.400000095367432,6.840000152587891,6.840000152587891,34813,0.0,0.0
2024-09-10 13:15:00-04:00,6.850100040435791,6.976500034332275,6.850100040435791,6.928299903869629,1187,0.0,0.0
2024-09-10 13:20:00-04:00,7.079999923706055,7.079999923706055,6.712500095367432,6.712500095367432,6565,0.0,0.0
2024-09-10 13:25:00-04:00,6.949999809265137,6.989999771118164,6.940000057220459,6.989999771118164,2548,0.0,0.0
2024-09-10 13:30:00-04:00,6.904900074005127,6.989999771118164,6.900000095367432,6.989999771118164,2518,0.0,0.0
2024-09-10 13:35:00-04:00,6.940000057220459,7.0,6.940000057220459,7.0,2282,0.0,0.0
2024-09-10 13:40:00-04:00,7.050000190734863,7.150000095367432,6.925000190734863,7.150000095367432,8173,0.0,0.0
2024-09-10 13:45:00-04:00,7.139999866485596,7.139999866485596,7.139999866485596,7.139999866485596,836,0.0,0.0
2024-09-10 13:50:00-04:00,7.165500164031982,7.239999771118164,7.139999866485596,7.157100200653076,6800,0.0,0.0
2024-09-10 13:55:00-04:00,7.169899940490723,7.199999809265137,7.139999866485596,7.144999980926514,2695,0.0,0.0
2024-09-10 14:00:00-04:00,7.139999866485596,7.139999866485596,6.920000076293945,7.090000152587891,3600,0.0,0.0
2024-09-10 14:05:00-04:00,6.861299991607666,6.985000133514404,6.861299991607666,6.985000133514404,1940,0.0,0.0
2024-09-10 14:10:00-04:00,6.985000133514404,7.0,6.929999828338623,7.0,1686,0.0,0.0
2024-09-10 14:15:00-04:00,7.0,7.0,7.0,7.0,1143,0.0,0.0
2024-09-10 14:20:00-04:00,7.135000228881836,7.135000228881836,7.135000228881836,7.135000228881836,637,0.0,0.0
2024-09-10 14:25:00-04:00,7.179999828338623,7.199999809265137,7.130000114440918,7.130000114440918,3325,0.0,0.0
2024-09-10 14:30:00-04:00,7.1946001052856445,7.239999771118164,6.869999885559082,7.010000228881836,18285,0.0,0.0
2024-09-10 14:35:00-04:00,7.254000186920166,7.254000186920166,7.050000190734863,7.099999904632568,7278,0.0,0.0
2024-09-10 14:40:00-04:00,7.178699970245361,7.199999809265137,6.900000095367432,6.900000095367432,7674,0.0,0.0
2024-09-10 14:45:00-04:00,6.9421000480651855,6.949999809265137,6.9421000480651855,6.949999809265137,2308,0.0,0.0
2024-09-10 14:50:00-04:00,6.831500053405762,6.87060022354126,6.710000038146973,6.87060022354126,6336,0.0,0.0
2024-09-10 14:55:00-04:00,6.934999942779541,7.0,6.869999885559082,6.980000019073486,3546,0.0,0.0
2024-09-10 15:05:00-04:00,6.949999809265137,7.130000114440918,6.949999809265137,7.130000114440918,6302,0.0,0.0
2024-09-10 15:10:00-04:00,7.199999809265137,7.300000190734863,7.199999809265137,7.283299922943115,7929,0.0,0.0
2024-09-10 15:15:00-04:00,7.2204999923706055,7.300000190734863,7.2204999923706055,7.300000190734863,2986,0.0,0.0
2024-09-10 15:20:00-04:00,7.199999809265137,7.289999961853027,7.199999809265137,7.210000038146973,3407,0.0,0.0
2024-09-10 15:25:00-04:00,7.349999904632568,7.489999771118164,7.210000038146973,7.440000057220459,10122,0.0,0.0
2024-09-10 15:30:00-04:00,7.456600189208984,7.570000171661377,7.300000190734863,7.519999980926514,22356,0.0,0.0
2024-09-10 15:35:00-04:00,7.434999942779541,7.539999961853027,7.420000076293945,7.539999961853027,8473,0.0,0.0
2024-09-10 15:40:00-04:00,7.485000133514404,7.550000190734863,7.409999847412109,7.5,5434,0.0,0.0
2024-09-10 15:45:00-04:00,7.579999923706055,7.699900150299072,7.46999979019165,7.510000228881836,15132,0.0,0.0
2024-09-10 15:50:00-04:00,7.690000057220459,7.699999809265137,7.570000171661377,7.679999828338623,6764,0.0,0.0
2024-09-10 15:55:00-04:00,7.679999828338623,7.849999904632568,7.550099849700928,7.670000076293945,24619,0.0,0.0
2024-09-11 09:30:00-04:00,7.710000038146973,7.830999851226807,7.5,7.550000190734863,10504,0.0,0.0
2024-09-11 09:35:00-04:00,7.519999980926514,7.839900016784668,7.519999980926514,7.570000171661377,1213,0.0,0.0
2024-09-11 09:40:00-04:00,7.811100006103516,7.811100006103516,7.384200096130371,7.384200096130371,7073,0.0,0.0
2024-09-11 09:45:00-04:00,7.619999885559082,7.619999885559082,7.210000038146973,7.619999885559082,5475,0.0,0.0
2024-09-11 09:50:00-04:00,7.650000095367432,7.650000095367432,7.650000095367432,7.650000095367432,310,0.0,0.0
2024-09-11 09:55:00-04:00,7.519700050354004,7.539999961853027,7.170000076293945,7.170000076293945,2036,0.0,0.0
2024-09-11 10:00:00-04:00,7.158699989318848,7.539999961853027,7.130000114440918,7.418000221252441,2448,0.0,0.0
2024-09-11 10:05:00-04:00,7.185800075531006,7.480000019073486,7.0,7.0,10375,0.0,0.0
2024-09-11 10:10:00-04:00,6.860000133514404,7.009900093078613,6.860000133514404,6.935800075531006,0,0.0,0.0
2024-09-11 10:15:00-04:00,6.954999923706055,7.008999824523926,6.900000095367432,6.900000095367432,47693,0.0,0.0
2024-09-11 10:20:00-04:00,7.014999866485596,7.03000020980835,6.883999824523926,6.883999824523926,1318,0.0,0.0
2024-09-11 10:35:00-04:00,7.039999961853027,7.039999961853027,6.960000038146973,6.960000038146973,1057,0.0,0.0
2024-09-11 10:40:00-04:00,7.0,7.0,7.0,7.0,711,0.0,0.0
2024-09-11 10:50:00-04:00,6.889999866485596,6.929999828338623,6.889999866485596,6.929999828338623,566,0.0,0.0
2024-09-11 10:55:00-04:00,6.909999847412109,6.998799800872803,6.909999847412109,6.998799800872803,2704,0.0,0.0
2024-09-11 11:00:00-04:00,6.940000057220459,6.940000057220459,6.940000057220459,6.940000057220459,584,0.0,0.0
2024-09-11 11:10:00-04:00,6.869999885559082,6.880000114440918,6.760000228881836,6.760000228881836,3497,0.0,0.0
2024-09-11 11:15:00-04:00,6.684999942779541,6.900000095367432,6.684999942779541,6.753200054168701,1899,0.0,0.0
2024-09-11 11:20:00-04:00,6.75,6.75,6.635900020599365,6.635900020599365,2882,0.0,0.0
2024-09-11 11:25:00-04:00,6.669899940490723,6.669899940490723,6.669899940490723,6.669899940490723,686,0.0,0.0
2024-09-11 11:30:00-04:00,6.620699882507324,6.620699882507324,6.620699882507324,6.620699882507324,3097,0.0,0.0
2024-09-11 11:45:00-04:00,6.710100173950195,6.909900188446045,6.710100173950195,6.909900188446045,1711,0.0,0.0
2024-09-11 11:50:00-04:00,6.869999885559082,6.900000095367432,6.869999885559082,6.900000095367432,3377,0.0,0.0
2024-09-11 12:00:00-04:00,6.894999980926514,6.894999980926514,6.894999980926514,6.894999980926514,203,0.0,0.0
2024-09-11 12:05:00-04:00,6.78000020980835,6.78000020980835,6.78000020980835,6.78000020980835,224,0.0,0.0
2024-09-11 12:10:00-04:00,6.900000095367432,6.900000095367432,6.900000095367432,6.900000095367432,550,0.0,0.0
2024-09-11 12:15:00-04:00,6.900000095367432,6.96999979019165,6.900000095367432,6.96999979019165,413,0.0,0.0
2024-09-11 12:20:00-04:00,7.049900054931641,7.049900054931641,6.974999904632568,6.974999904632568,6853,0.0,0.0
2024-09-11 12:25:00-04:00,7.21999979019165,7.21999979019165,7.21999979019165,7.21999979019165,350,0.0,0.0
2024-09-11 12:30:00-04:00,7.110000133514404,7.255000114440918,7.110000133514404,7.255000114440918,360,0.0,0.0
2024-09-11 12:40:00-04:00,7.25,7.255000114440918,7.25,7.25,1841,0.0,0.0
2024-09-11 12:45:00-04:00,7.400000095367432,7.400000095367432,7.389999866485596,7.389999866485596,412,0.0,0.0
2024-09-11 12:55:00-04:00,7.400000095367432,7.550000190734863,7.400000095367432,7.550000190734863,2183,0.0,0.0
2024-09-11 13:00:00-04:00,7.644999980926514,7.78000020980835,7.079999923706055,7.079999923706055,4125,0.0,0.0
2024-09-11 13:10:00-04:00,7.099999904632568,7.099999904632568,7.099999904632568,7.099999904632568,1816,0.0,0.0
2024-09-11 13:45:00-04:00,7.407899856567383,7.407899856567383,7.407899856567383,7.407899856567383,6201,0.0,0.0
2024-09-11 13:50:00-04:00,7.25,7.25,7.25,7.25,439,0.0,0.0
2024-09-11 14:05:00-04:00,7.489999771118164,7.489999771118164,7.300099849700928,7.309999942779541,2899,0.0,0.0
2024-09-11 14:10:00-04:00,7.349999904632568,7.349999904632568,7.3125,7.3125,511,0.0,0.0
2024-09-11 14:15:00-04:00,7.5,7.5,7.5,7.5,4001,0.0,0.0
2024-09-11 14:20:00-04:00,7.590000152587891,7.590000152587891,7.590000152587891,7.590000152587891,1638,0.0,0.0
2024-09-11 14:30:00-04:00,7.545000076293945,7.550000190734863,7.509699821472168,7.550000190734863,1225,0.0,0.0
2024-09-11 14:40:00-04:00,7.559999942779541,7.559999942779541,7.53000020980835,7.53000020980835,638,0.0,0.0
2024-09-11 14:45:00-04:00,7.53000020980835,7.53000020980835,7.53000020980835,7.53000020980835,646,0.0,0.0
2024-09-11 15:00:00-04:00,7.59499979019165,7.59499979019165,7.539999961853027,7.539999961853027,822,0.0,0.0
2024-09-11 15:15:00-04:00,7.639999866485596,7.639999866485596,7.639999866485596,7.639999866485596,961,0.0,0.0
2024-09-11 15:20:00-04:00,7.570000171661377,7.599999904632568,7.554999828338623,7.590000152587891,1366,0.0,0.0
2024-09-11 15:25:00-04:00,7.525000095367432,7.525000095367432,7.519999980926514,7.519999980926514,989,0.0,0.0
2024-09-11 15:30:00-04:00,7.510000228881836,7.619999885559082,7.510000228881836,7.619999885559082,1150,0.0,0.0
2024-09-11 15:40:00-04:00,7.565000057220459,7.565000057220459,7.510000228881836,7.510000228881836,1700,0.0,0.0
2024-09-11 15:45:00-04:00,7.690000057220459,7.690000057220459,7.690000057220459,7.690000057220459,200,0.0,0.0
2024-09-11 15:50:00-04:00,7.519999980926514,7.599999904632568,7.519999980926514,7.554999828338623,1108,0.0,0.0
2024-09-11 15:55:00-04:00,7.5233001708984375,7.5233001708984375,7.34499979019165,7.34499979019165,4736,0.0,0.0
2024-09-12 09:30:00-04:00,7.070000171661377,7.519199848175049,7.070000171661377,7.519199848175049,599,0.0,0.0
2024-09-12 09:35:00-04:00,7.429200172424316,7.429200172424316,7.429200172424316,7.429200172424316,353,0.0,0.0
2024-09-12 09:40:00-04:00,7.420000076293945,7.420000076293945,7.420000076293945,7.420000076293945,543,0.0,0.0
2024-09-12 09:55:00-04:00,6.880000114440918,6.880000114440918,6.880000114440918,6.880000114440918,167,0.0,0.0
2024-09-12 10:00:00-04:00,7.059999942779541,7.059999942779541,7.059999942779541,7.059999942779541,769,0.0,0.0
2024-09-12 10:05:00-04:00,7.239999771118164,7.239999771118164,6.909999847412109,6.909999847412109,2606,0.0,0.0
2024-09-12 10:10:00-04:00,7.010000228881836,7.161799907684326,6.869999885559082,6.869999885559082,1058,0.0,0.0
2024-09-12 10:15:00-04:00,6.869999885559082,6.869999885559082,6.869999885559082,6.869999885559082,404,0.0,0.0
2024-09-12 10:20:00-04:00,6.869999885559082,6.869999885559082,6.869999885559082,6.869999885559082,591,0.0,0.0
2024-09-12 10:25:00-04:00,6.869999885559082,6.869999885559082,6.809999942779541,6.809999942779541,1267,0.0,0.0
2024-09-12 10:35:00-04:00,6.985000133514404,7.150000095367432,6.985000133514404,7.150000095367432,881,0.0,0.0
2024-09-12 10:45:00-04:00,7.005000114440918,7.005000114440918,6.809999942779541,6.820000171661377,1068,0.0,0.0
2024-09-12 10:50:00-04:00,6.809999942779541,6.809999942779541,6.659999847412109,6.659999847412109,4162,0.0,0.0
2024-09-12 10:55:00-04:00,6.690000057220459,6.690000057220459,6.690000057220459,6.690000057220459,148,0.0,0.0
2024-09-12 11:00:00-04:00,6.682400226593018,6.682400226593018,6.682400226593018,6.682400226593018,755,0.0,0.0
2024-09-12 11:05:00-04:00,6.800000190734863,6.800000190734863,6.800000190734863,6.800000190734863,427,0.0,0.0
2024-09-12 11:10:00-04:00,6.741000175476074,6.909900188446045,6.741000175476074,6.909900188446045,3239,0.0,0.0
2024-09-12 11:15:00-04:00,6.909999847412109,6.909999847412109,6.909999847412109,6.909999847412109,539,0.0,0.0
2024-09-12 11:20:00-04:00,6.887899875640869,6.887899875640869,6.880000114440918,6.880000114440918,1437,0.0,0.0
2024-09-12 11:30:00-04:00,6.659999847412109,6.670000076293945,6.630000114440918,6.630000114440918,1726,0.0,0.0
2024-09-12 11:40:00-04:00,6.559999942779541,6.559999942779541,6.559999942779541,6.559999942779541,104,0.0,0.0
2024-09-12 11:45:00-04:00,6.690000057220459,6.690000057220459,6.690000057220459,6.690000057220459,1048,0.0,0.0
2024-09-12 11:55:00-04:00,6.670000076293945,6.670000076293945,6.670000076293945,6.670000076293945,573,0.0,0.0
2024-09-12 12:00:00-04:00,6.510000228881836,6.510000228881836,6.510000228881836,6.510000228881836,232,0.0,0.0
2024-09-12 12:05:00-04:00,6.829999923706055,6.829999923706055,6.460000038146973,6.460000038146973,483,0.0,0.0
2024-09-12 12:10:00-04:00,6.494800090789795,6.494800090789795,6.494800090789795,6.494800090789795,383,0.0,0.0
2024-09-12 12:15:00-04:00,6.512499809265137,6.512499809265137,6.512499809265137,6.512499809265137,454,0.0,0.0
2024-09-12 12:20:00-04:00,6.460000038146973,6.460000038146973,6.460000038146973,6.460000038146973,117,0.0,0.0
2024-09-12 12:25:00-04:00,6.570000171661377,6.570000171661377,6.523499965667725,6.523499965667725,4595,0.0,0.0
2024-09-12 12:40:00-04:00,6.599999904632568,6.609000205993652,6.590000152587891,6.609000205993652,2292,0.0,0.0
2024-09-12 12:45:00-04:00,6.550000190734863,6.550000190734863,6.550000190734863,6.550000190734863,1264,0.0,0.0
2024-09-12 12:50:00-04:00,6.550000190734863,6.550000190734863,6.500800132751465,6.505000114440918,1283,0.0,0.0
2024-09-12 12:55:00-04:00,6.510000228881836,6.510000228881836,6.510000228881836,6.510000228881836,5001,0.0,0.0
2024-09-12 13:20:00-04:00,6.355000019073486,6.389999866485596,6.350100040435791,6.350100040435791,850,0.0,0.0
2024-09-12 13:25:00-04:00,6.21999979019165,6.21999979019165,6.0518999099731445,6.190000057220459,3592,0.0,0.0
2024-09-12 13:30:00-04:00,6.210000038146973,6.440000057220459,6.199999809265137,6.440000057220459,1158,0.0,0.0
2024-09-12 13:35:00-04:00,6.110000133514404,6.110000133514404,6.110000133514404,6.110000133514404,102,0.0,0.0
2024-09-12 13:40:00-04:00,6.119999885559082,6.119999885559082,6.119999885559082,6.119999885559082,469,0.0,0.0
2024-09-12 13:50:00-04:00,6.190000057220459,6.190000057220459,6.190000057220459,6.190000057220459,607,0.0,0.0
2024-09-12 13:55:00-04:00,6.289999961853027,6.289999961853027,6.099999904632568,6.190000057220459,1202,0.0,0.0
2024-09-12 14:05:00-04:00,6.210000038146973,6.230000019073486,6.210000038146973,6.230000019073486,322,0.0,0.0
2024-09-12 14:10:00-04:00,6.050000190734863,6.190000057220459,6.050000190734863,6.190000057220459,252,0.0,0.0
2024-09-12 14:20:00-04:00,6.3582000732421875,6.3582000732421875,6.3582000732421875,6.3582000732421875,320,0.0,0.0
2024-09-12 14:25:00-04:00,6.309999942779541,6.309999942779541,6.309999942779541,6.309999942779541,312,0.0,0.0
2024-09-12 14:40:00-04:00,6.449999809265137,6.449999809265137,6.438300132751465,6.438300132751465,1112,0.0,0.0
2024-09-12 15:00:00-04:00,6.34499979019165,6.389999866485596,6.34499979019165,6.389999866485596,574,0.0,0.0
2024-09-12 15:05:00-04:00,6.394999980926514,6.409999847412109,6.394999980926514,6.409999847412109,1170,0.0,0.0
2024-09-12 15:25:00-04:00,6.769999980926514,6.769999980926514,6.769999980926514,6.769999980926514,1005,0.0,0.0
2024-09-12 15:35:00-04:00,6.420000076293945,6.420000076293945,6.420000076293945,6.420000076293945,620,0.0,0.0
2024-09-12 15:45:00-04:00,6.460000038146973,6.460000038146973,6.460000038146973,6.460000038146973,422,0.0,0.0
2024-09-12 15:50:00-04:00,6.760000228881836,6.760000228881836,6.760000228881836,6.760000228881836,182,0.0,0.0
2024-09-12 15:55:00-04:00,6.429999828338623,6.739999771118164,6.329999923706055,6.710000038146973,3311,0.0,0.0
2024-09-13 09:30:00-04:00,6.460000038146973,6.489999771118164,6.460000038146973,6.489999771118164,1980,0.0,0.0
2024-09-13 09:35:00-04:00,6.474999904632568,6.474999904632568,6.474999904632568,6.474999904632568,421,0.0,0.0
2024-09-13 09:40:00-04:00,6.621799945831299,6.621799945831299,6.621799945831299,6.621799945831299,297,0.0,0.0
2024-09-13 09:55:00-04:00,6.505499839782715,6.505499839782715,6.429999828338623,6.429999828338623,293,0.0,0.0
2024-09-13 10:00:00-04:00,6.475299835205078,6.475299835205078,6.361700057983398,6.361700057983398,1237,0.0,0.0
2024-09-13 10:05:00-04:00,6.430099964141846,6.605000019073486,6.430099964141846,6.605000019073486,340,0.0,0.0
2024-09-13 10:15:00-04:00,6.349999904632568,6.349999904632568,6.349999904632568,6.349999904632568,543,0.0,0.0
2024-09-13 10:25:00-04:00,6.672599792480469,6.672599792480469,6.672599792480469,6.672599792480469,216,0.0,0.0
2024-09-13 10:30:00-04:00,6.429999828338623,6.429999828338623,6.429999828338623,6.429999828338623,178,0.0,0.0
2024-09-13 10:45:00-04:00,6.400000095367432,6.400000095367432,6.400000095367432,6.400000095367432,331,0.0,0.0
2024-09-13 11:50:00-04:00,6.474999904632568,6.474999904632568,6.474999904632568,6.474999904632568,553,0.0,0.0
2024-09-13 12:05:00-04:00,6.612400054931641,6.612400054931641,6.612400054931641,6.612400054931641,1705,0.0,0.0
2024-09-13 12:10:00-04:00,6.510000228881836,6.510000228881836,6.510000228881836,6.510000228881836,119,0.0,0.0
2024-09-13 12:25:00-04:00,6.409999847412109,6.409999847412109,6.409999847412109,6.409999847412109,199,0.0,0.0
2024-09-13 12:40:00-04:00,6.429999828338623,6.429999828338623,6.429999828338623,6.429999828338623,181,0.0,0.0
2024-09-13 13:05:00-04:00,6.619999885559082,6.619999885559082,6.619999885559082,6.619999885559082,681,0.0,0.0
2024-09-13 13:25:00-04:00,6.429999828338623,6.429999828338623,6.429999828338623,6.429999828338623,137,0.0,0.0
2024-09-13 13:45:00-04:00,6.429999828338623,6.570000171661377,6.429999828338623,6.570000171661377,1883,0.0,0.0
2024-09-13 13:50:00-04:00,6.429999828338623,6.429999828338623,6.429999828338623,6.429999828338623,154,0.0,0.0
2024-09-13 14:00:00-04:00,6.425000190734863,6.425000190734863,6.329999923706055,6.329999923706055,2121,0.0,0.0
2024-09-13 14:05:00-04:00,6.425000190734863,6.425000190734863,6.425000190734863,6.425000190734863,129,0.0,0.0
2024-09-13 14:15:00-04:00,6.349999904632568,6.349999904632568,6.349999904632568,6.349999904632568,1553,0.0,0.0
2024-09-13 14:55:00-04:00,6.300000190734863,6.300000190734863,6.260000228881836,6.260000228881836,559,0.0,0.0
2024-09-13 15:00:00-04:00,6.2600998878479,6.263999938964844,6.2600998878479,6.263999938964844,608,0.0,0.0
2024-09-13 15:05:00-04:00,6.260000228881836,6.264999866485596,6.260000228881836,6.264999866485596,489,0.0,0.0
2024-09-13 15:10:00-04:00,6.264999866485596,6.264999866485596,6.260000228881836,6.260000228881836,2693,0.0,0.0
2024-09-13 15:20:00-04:00,6.204999923706055,6.210000038146973,6.204999923706055,6.204999923706055,2095,0.0,0.0
2024-09-13 15:25:00-04:00,6.199999809265137,6.199999809265137,6.199999809265137,6.199999809265137,344,0.0,0.0
2024-09-13 15:45:00-04:00,6.15500020980835,6.15500020980835,6.15500020980835,6.15500020980835,1349,0.0,0.0
2024-09-13 15:50:00-04:00,6.0,6.074999809265137,5.909999847412109,5.909999847412109,2526,0.0,0.0
2024-09-13 15:55:00-04:00,5.699999809265137,5.940000057220459,5.699999809265137,5.840099811553955,2187,0.0,0.0
