Datetime,Open,High,Low,Close,Volume,Dividends,Stock Splits
2024-10-21 09:00:00+08:00,318.0,318.5,315.0,315.5,0,0.0,0.0
2024-10-21 09:01:00+08:00,315.5,317.5,315.5,317.0,51000,0.0,0.0
2024-10-21 09:02:00+08:00,316.5,316.5,316.5,316.5,69000,0.0,0.0
2024-10-21 09:03:00+08:00,316.5,317.0,316.0,317.0,14000,0.0,0.0
2024-10-21 09:04:00+08:00,317.0,318.0,316.5,318.0,36000,0.0,0.0
2024-10-21 09:05:00+08:00,318.0,318.5,316.0,316.0,117000,0.0,0.0
2024-10-21 09:06:00+08:00,316.5,316.5,316.5,316.5,2000,0.0,0.0
2024-10-21 09:07:00+08:00,316.0,316.5,316.0,316.5,4000,0.0,0.0
2024-10-21 09:08:00+08:00,316.5,316.5,314.5,315.0,141000,0.0,0.0
2024-10-21 09:09:00+08:00,315.5,316.0,315.5,316.0,17344,0.0,0.0
2024-10-21 09:10:00+08:00,316.0,316.0,316.0,316.0,12864,0.0,0.0
2024-10-21 09:11:00+08:00,316.0,316.0,316.0,316.0,15745,0.0,0.0
2024-10-21 09:12:00+08:00,315.5,315.5,315.0,315.0,33700,0.0,0.0
2024-10-21 09:13:00+08:00,315.0,315.5,314.5,315.0,25000,0.0,0.0
2024-10-21 09:14:00+08:00,315.0,315.5,315.0,315.0,17926,0.0,0.0
2024-10-21 09:15:00+08:00,315.5,315.5,315.5,315.5,1000,0.0,0.0
2024-10-21 09:16:00+08:00,315.5,316.0,315.5,316.0,27082,0.0,0.0
2024-10-21 09:17:00+08:00,316.0,316.0,315.5,316.0,22000,0.0,0.0
2024-10-21 09:18:00+08:00,316.0,316.0,315.0,315.5,29528,0.0,0.0
2024-10-21 09:19:00+08:00,315.5,315.5,315.5,315.5,2000,0.0,0.0
2024-10-21 09:20:00+08:00,315.5,316.0,315.5,316.0,3007,0.0,0.0
2024-10-21 09:21:00+08:00,315.5,315.5,315.5,315.5,1350,0.0,0.0
2024-10-21 09:22:00+08:00,316.0,316.5,315.5,316.5,17156,0.0,0.0
2024-10-21 09:23:00+08:00,316.5,318.0,316.5,317.5,71000,0.0,0.0
2024-10-21 09:24:00+08:00,318.0,318.0,317.5,317.5,26678,0.0,0.0
2024-10-21 09:25:00+08:00,317.0,317.5,317.0,317.5,13359,0.0,0.0
2024-10-21 09:26:00+08:00,318.0,319.5,318.0,319.5,109000,0.0,0.0
2024-10-21 09:27:00+08:00,319.5,320.0,319.0,320.0,58335,0.0,0.0
2024-10-21 09:28:00+08:00,320.0,320.5,319.5,320.5,84134,0.0,0.0
2024-10-21 09:29:00+08:00,321.0,321.5,319.5,320.0,96875,0.0,0.0
2024-10-21 09:30:00+08:00,319.5,320.0,319.0,319.0,51875,0.0,0.0
2024-10-21 09:31:00+08:00,319.0,319.0,318.0,318.0,31264,0.0,0.0
2024-10-21 09:32:00+08:00,318.0,318.0,318.0,318.0,1310,0.0,0.0
2024-10-21 09:33:00+08:00,317.5,318.0,317.0,317.0,11000,0.0,0.0
2024-10-21 09:34:00+08:00,317.0,317.5,317.0,317.5,35177,0.0,0.0
2024-10-21 09:35:00+08:00,317.5,317.5,317.5,317.5,8240,0.0,0.0
2024-10-21 09:36:00+08:00,317.5,317.5,316.0,316.0,28000,0.0,0.0
2024-10-21 09:37:00+08:00,316.0,316.0,315.5,315.5,79648,0.0,0.0
2024-10-21 09:38:00+08:00,315.5,315.5,315.5,315.5,1499,0.0,0.0
2024-10-21 09:39:00+08:00,315.5,315.5,315.5,315.5,3000,0.0,0.0
2024-10-21 09:40:00+08:00,316.0,316.5,315.5,316.0,25193,0.0,0.0
2024-10-21 09:41:00+08:00,316.0,316.0,314.5,315.0,194048,0.0,0.0
2024-10-21 09:42:00+08:00,315.0,315.0,315.0,315.0,11512,0.0,0.0
2024-10-21 09:43:00+08:00,315.0,315.5,315.0,315.5,9181,0.0,0.0
2024-10-21 09:45:00+08:00,315.5,315.5,314.5,314.5,32157,0.0,0.0
2024-10-21 09:46:00+08:00,314.5,315.0,314.5,315.0,7000,0.0,0.0
2024-10-21 09:47:00+08:00,315.0,315.0,315.0,315.0,9457,0.0,0.0
2024-10-21 09:48:00+08:00,315.0,315.0,314.5,314.5,22000,0.0,0.0
2024-10-21 09:49:00+08:00,314.5,315.0,313.5,313.5,176239,0.0,0.0
2024-10-21 09:50:00+08:00,313.5,313.5,313.5,313.5,2000,0.0,0.0
2024-10-21 09:51:00+08:00,313.5,313.5,313.5,313.5,107183,0.0,0.0
2024-10-21 09:52:00+08:00,314.0,314.0,314.0,314.0,15000,0.0,0.0
2024-10-21 09:53:00+08:00,314.0,314.5,314.0,314.0,11120,0.0,0.0
2024-10-21 09:54:00+08:00,314.5,314.5,314.0,314.5,11023,0.0,0.0
2024-10-21 09:55:00+08:00,314.5,314.5,314.0,314.5,34060,0.0,0.0
2024-10-21 09:56:00+08:00,314.5,314.5,314.5,314.5,10056,0.0,0.0
2024-10-21 09:57:00+08:00,314.5,314.5,314.0,314.0,7265,0.0,0.0
2024-10-21 09:58:00+08:00,314.5,314.5,313.5,313.5,53000,0.0,0.0
2024-10-21 09:59:00+08:00,313.5,313.5,313.0,313.5,10000,0.0,0.0
2024-10-21 10:00:00+08:00,313.5,313.5,313.5,313.5,5160,0.0,0.0
2024-10-21 10:01:00+08:00,313.5,314.0,313.5,314.0,53041,0.0,0.0
2024-10-21 10:02:00+08:00,314.5,314.5,314.0,314.5,6000,0.0,0.0
2024-10-21 10:03:00+08:00,314.5,314.5,313.5,313.5,9100,0.0,0.0
2024-10-21 10:04:00+08:00,314.0,314.0,314.0,314.0,8052,0.0,0.0
2024-10-21 10:05:00+08:00,314.0,314.0,313.0,313.5,36010,0.0,0.0
2024-10-21 10:06:00+08:00,313.5,313.5,313.0,313.0,22904,0.0,0.0
2024-10-21 10:07:00+08:00,313.0,313.0,312.5,312.5,50200,0.0,0.0
2024-10-21 10:08:00+08:00,312.5,313.0,312.5,312.5,5271,0.0,0.0
2024-10-21 10:09:00+08:00,312.5,313.0,312.5,313.0,11000,0.0,0.0
2024-10-21 10:10:00+08:00,312.5,313.0,312.5,312.5,6732,0.0,0.0
2024-10-21 10:11:00+08:00,313.0,313.0,312.5,313.0,6410,0.0,0.0
2024-10-21 10:12:00+08:00,313.0,313.0,312.0,312.5,57130,0.0,0.0
2024-10-21 10:13:00+08:00,312.5,312.5,312.0,312.5,15394,0.0,0.0
2024-10-21 10:14:00+08:00,312.5,312.5,312.0,312.5,12351,0.0,0.0
2024-10-21 10:15:00+08:00,312.5,312.5,312.5,312.5,15302,0.0,0.0
2024-10-21 10:16:00+08:00,312.5,313.0,312.5,313.0,25656,0.0,0.0
2024-10-21 10:17:00+08:00,313.0,313.0,312.5,312.5,13000,0.0,0.0
2024-10-21 10:18:00+08:00,312.5,312.5,312.5,312.5,7142,0.0,0.0
2024-10-21 10:19:00+08:00,312.5,312.5,312.5,312.5,4747,0.0,0.0
2024-10-21 10:20:00+08:00,312.5,312.5,312.5,312.5,11917,0.0,0.0
2024-10-21 10:21:00+08:00,312.5,312.5,312.0,312.5,19000,0.0,0.0
2024-10-21 10:22:00+08:00,312.5,312.5,312.5,312.5,10952,0.0,0.0
2024-10-21 10:23:00+08:00,312.5,312.5,312.0,312.5,20089,0.0,0.0
2024-10-21 10:24:00+08:00,313.0,313.0,312.5,313.0,9000,0.0,0.0
2024-10-21 10:25:00+08:00,313.0,313.0,313.0,313.0,12091,0.0,0.0
2024-10-21 10:26:00+08:00,313.0,313.0,313.0,313.0,12259,0.0,0.0
2024-10-21 10:27:00+08:00,313.0,313.0,312.0,312.5,90300,0.0,0.0
2024-10-21 10:28:00+08:00,312.5,313.0,312.5,313.0,18402,0.0,0.0
2024-10-21 10:29:00+08:00,313.0,313.0,312.5,312.5,4381,0.0,0.0
2024-10-21 10:31:00+08:00,313.0,313.0,313.0,313.0,4010,0.0,0.0
2024-10-21 10:32:00+08:00,312.5,312.5,312.5,312.5,1327,0.0,0.0
2024-10-21 10:34:00+08:00,312.5,312.5,312.0,312.5,117422,0.0,0.0
2024-10-21 10:35:00+08:00,312.0,312.0,312.0,312.0,4318,0.0,0.0
2024-10-21 10:36:00+08:00,312.0,312.5,312.0,312.0,28537,0.0,0.0
2024-10-21 10:37:00+08:00,312.0,312.0,312.0,312.0,18834,0.0,0.0
2024-10-21 10:38:00+08:00,312.0,312.0,312.0,312.0,8000,0.0,0.0
2024-10-21 10:39:00+08:00,311.5,312.0,311.5,312.0,12183,0.0,0.0
2024-10-21 10:40:00+08:00,312.0,312.0,312.0,312.0,1232,0.0,0.0
2024-10-21 10:41:00+08:00,311.5,312.0,311.5,311.5,34943,0.0,0.0
2024-10-21 10:42:00+08:00,311.5,311.5,311.5,311.5,14080,0.0,0.0
2024-10-21 10:43:00+08:00,311.5,311.5,311.0,311.5,18214,0.0,0.0
2024-10-21 10:44:00+08:00,311.5,312.0,311.5,311.5,15942,0.0,0.0
2024-10-21 10:45:00+08:00,311.5,312.0,311.5,311.5,4266,0.0,0.0
2024-10-21 10:46:00+08:00,312.0,312.0,312.0,312.0,11000,0.0,0.0
2024-10-21 10:47:00+08:00,312.0,312.0,312.0,312.0,4603,0.0,0.0
2024-10-21 10:48:00+08:00,312.0,312.0,312.0,312.0,5000,0.0,0.0
2024-10-21 10:49:00+08:00,312.0,312.0,312.0,312.0,11451,0.0,0.0
2024-10-21 10:50:00+08:00,312.0,312.0,312.0,312.0,23000,0.0,0.0
2024-10-21 10:51:00+08:00,312.0,312.0,312.0,312.0,5025,0.0,0.0
2024-10-21 10:52:00+08:00,312.0,312.0,311.0,311.0,125505,0.0,0.0
2024-10-21 10:53:00+08:00,310.5,310.5,310.5,310.5,1000,0.0,0.0
2024-10-21 10:54:00+08:00,310.5,310.5,309.5,309.5,243503,0.0,0.0
2024-10-21 10:55:00+08:00,309.5,310.0,309.5,310.0,8590,0.0,0.0
2024-10-21 10:56:00+08:00,310.0,310.5,310.0,310.5,29012,0.0,0.0
2024-10-21 10:57:00+08:00,310.5,311.0,310.5,311.0,7156,0.0,0.0
2024-10-21 10:58:00+08:00,311.0,311.0,310.5,310.5,14110,0.0,0.0
2024-10-21 10:59:00+08:00,310.5,310.5,310.0,310.5,14000,0.0,0.0
2024-10-21 11:00:00+08:00,310.5,310.5,310.0,310.5,10040,0.0,0.0
2024-10-21 11:01:00+08:00,310.5,310.5,310.5,310.5,13101,0.0,0.0
2024-10-21 11:02:00+08:00,310.5,311.0,310.5,311.0,2120,0.0,0.0
2024-10-21 11:04:00+08:00,310.5,310.5,310.5,310.5,2010,0.0,0.0
2024-10-21 11:05:00+08:00,310.5,310.5,310.5,310.5,35024,0.0,0.0
2024-10-21 11:06:00+08:00,311.0,311.0,311.0,311.0,6030,0.0,0.0
2024-10-21 11:07:00+08:00,310.5,311.0,310.5,311.0,6000,0.0,0.0
2024-10-21 11:08:00+08:00,311.0,311.0,311.0,311.0,6010,0.0,0.0
2024-10-21 11:09:00+08:00,311.0,311.5,311.0,311.5,19111,0.0,0.0
2024-10-21 11:10:00+08:00,311.0,311.5,311.0,311.5,2081,0.0,0.0
2024-10-21 11:11:00+08:00,311.5,311.5,311.5,311.5,1000,0.0,0.0
2024-10-21 11:12:00+08:00,311.0,311.0,311.0,311.0,2110,0.0,0.0
2024-10-21 11:13:00+08:00,311.0,311.5,311.0,311.0,4000,0.0,0.0
2024-10-21 11:14:00+08:00,311.0,311.0,311.0,311.0,5084,0.0,0.0
2024-10-21 11:15:00+08:00,311.5,311.5,311.0,311.0,31021,0.0,0.0
2024-10-21 11:16:00+08:00,310.5,310.5,310.5,310.5,2000,0.0,0.0
2024-10-21 11:17:00+08:00,310.5,311.0,310.0,310.0,46187,0.0,0.0
2024-10-21 11:18:00+08:00,310.5,310.5,310.0,310.5,11411,0.0,0.0
2024-10-21 11:19:00+08:00,310.5,310.5,310.5,310.5,23219,0.0,0.0
2024-10-21 11:20:00+08:00,310.5,310.5,310.5,310.5,12020,0.0,0.0
2024-10-21 11:21:00+08:00,310.5,310.5,310.5,310.5,1314,0.0,0.0
2024-10-21 11:23:00+08:00,310.5,310.5,310.5,310.5,5628,0.0,0.0
2024-10-21 11:25:00+08:00,310.5,310.5,310.5,310.5,4000,0.0,0.0
2024-10-21 11:26:00+08:00,310.5,311.0,310.5,311.0,18187,0.0,0.0
2024-10-21 11:27:00+08:00,311.0,311.0,311.0,311.0,1013,0.0,0.0
2024-10-21 11:28:00+08:00,311.0,311.0,311.0,311.0,5212,0.0,0.0
2024-10-21 11:29:00+08:00,311.0,311.0,310.5,310.5,2000,0.0,0.0
2024-10-21 11:30:00+08:00,311.0,311.0,310.5,311.0,16241,0.0,0.0
2024-10-21 11:31:00+08:00,311.0,311.0,311.0,311.0,6410,0.0,0.0
2024-10-21 11:32:00+08:00,311.0,311.5,311.0,311.5,8002,0.0,0.0
2024-10-21 11:33:00+08:00,311.0,311.0,311.0,311.0,1000,0.0,0.0
2024-10-21 11:34:00+08:00,311.5,311.5,311.0,311.5,8121,0.0,0.0
2024-10-21 11:35:00+08:00,311.5,311.5,311.5,311.5,2000,0.0,0.0
2024-10-21 11:36:00+08:00,311.0,311.0,311.0,311.0,1180,0.0,0.0
2024-10-21 11:37:00+08:00,311.0,311.5,311.0,311.5,2000,0.0,0.0
2024-10-21 11:38:00+08:00,311.5,311.5,311.0,311.0,4788,0.0,0.0
2024-10-21 11:39:00+08:00,311.0,311.0,311.0,311.0,10000,0.0,0.0
2024-10-21 11:40:00+08:00,311.0,311.5,311.0,311.0,3218,0.0,0.0
2024-10-21 11:41:00+08:00,311.0,311.0,310.5,311.0,16020,0.0,0.0
2024-10-21 11:42:00+08:00,311.0,311.0,310.5,311.0,5000,0.0,0.0
2024-10-21 11:43:00+08:00,310.5,311.0,310.5,311.0,18025,0.0,0.0
2024-10-21 11:44:00+08:00,311.0,311.0,310.5,310.5,5014,0.0,0.0
2024-10-21 11:47:00+08:00,310.5,311.0,310.5,311.0,3135,0.0,0.0
2024-10-21 11:48:00+08:00,311.0,311.0,311.0,311.0,1000,0.0,0.0
2024-10-21 11:49:00+08:00,311.0,311.0,311.0,311.0,7365,0.0,0.0
2024-10-21 11:50:00+08:00,310.5,311.0,310.5,311.0,2000,0.0,0.0
2024-10-21 11:51:00+08:00,311.0,311.0,311.0,311.0,4000,0.0,0.0
2024-10-21 11:52:00+08:00,311.0,311.0,310.0,310.0,86100,0.0,0.0
2024-10-21 11:53:00+08:00,310.0,310.5,310.0,310.5,8510,0.0,0.0
2024-10-21 11:54:00+08:00,310.0,310.5,310.0,310.0,11000,0.0,0.0
2024-10-21 11:55:00+08:00,310.5,310.5,310.0,310.0,4120,0.0,0.0
2024-10-21 11:56:00+08:00,310.0,310.5,310.0,310.0,5060,0.0,0.0
2024-10-21 11:57:00+08:00,310.0,310.5,310.0,310.5,7035,0.0,0.0
2024-10-21 11:58:00+08:00,310.0,310.0,310.0,310.0,1000,0.0,0.0
2024-10-21 11:59:00+08:00,310.0,310.5,309.5,309.5,218100,0.0,0.0
2024-10-21 12:00:00+08:00,309.5,310.0,309.5,309.5,39128,0.0,0.0
2024-10-21 12:01:00+08:00,309.5,310.0,309.5,310.0,13476,0.0,0.0
2024-10-21 12:02:00+08:00,310.0,310.0,310.0,310.0,6405,0.0,0.0
2024-10-21 12:03:00+08:00,310.0,310.5,310.0,310.5,9355,0.0,0.0
2024-10-21 12:05:00+08:00,310.5,310.5,310.5,310.5,4000,0.0,0.0
2024-10-21 12:06:00+08:00,311.0,311.0,310.5,310.5,5101,0.0,0.0
2024-10-21 12:07:00+08:00,310.5,311.0,310.5,311.0,4619,0.0,0.0
2024-10-21 12:09:00+08:00,310.5,310.5,310.0,310.0,19900,0.0,0.0
2024-10-21 12:11:00+08:00,310.0,310.5,310.0,310.5,12177,0.0,0.0
2024-10-21 12:12:00+08:00,310.5,310.5,310.5,310.5,1017,0.0,0.0
2024-10-21 12:13:00+08:00,310.5,310.5,310.5,310.5,9000,0.0,0.0
2024-10-21 12:14:00+08:00,310.5,310.5,310.5,310.5,9200,0.0,0.0
2024-10-21 12:15:00+08:00,310.5,311.0,310.5,311.0,5210,0.0,0.0
2024-10-21 12:16:00+08:00,311.0,311.0,311.0,311.0,1040,0.0,0.0
2024-10-21 12:17:00+08:00,311.0,311.0,311.0,311.0,3095,0.0,0.0
2024-10-21 12:19:00+08:00,311.0,311.0,311.0,311.0,4000,0.0,0.0
2024-10-21 12:20:00+08:00,311.0,311.0,311.0,311.0,1147,0.0,0.0
2024-10-21 12:21:00+08:00,311.0,311.0,311.0,311.0,2000,0.0,0.0
2024-10-21 12:22:00+08:00,311.0,311.0,311.0,311.0,3000,0.0,0.0
2024-10-21 12:23:00+08:00,310.5,311.0,310.5,311.0,4160,0.0,0.0
2024-10-21 12:24:00+08:00,311.0,311.0,311.0,311.0,1034,0.0,0.0
2024-10-21 12:25:00+08:00,311.0,311.0,311.0,311.0,1160,0.0,0.0
2024-10-21 12:26:00+08:00,311.0,311.0,311.0,311.0,2000,0.0,0.0
2024-10-21 12:27:00+08:00,310.5,311.0,310.5,311.0,3510,0.0,0.0
2024-10-21 12:28:00+08:00,311.0,311.0,311.0,311.0,1000,0.0,0.0
2024-10-21 12:29:00+08:00,311.0,311.0,310.5,311.0,18020,0.0,0.0
2024-10-21 12:30:00+08:00,311.0,311.0,311.0,311.0,2100,0.0,0.0
2024-10-21 12:31:00+08:00,310.5,310.5,310.5,310.5,2003,0.0,0.0
2024-10-21 12:32:00+08:00,310.5,311.0,310.5,311.0,2166,0.0,0.0
2024-10-21 12:33:00+08:00,310.5,310.5,310.5,310.5,2000,0.0,0.0
2024-10-21 12:34:00+08:00,310.5,310.5,310.5,310.5,46647,0.0,0.0
2024-10-21 12:35:00+08:00,310.0,310.0,310.0,310.0,22033,0.0,0.0
2024-10-21 12:36:00+08:00,310.0,310.0,310.0,310.0,15240,0.0,0.0
2024-10-21 12:37:00+08:00,310.0,310.0,310.0,310.0,3000,0.0,0.0
2024-10-21 12:38:00+08:00,310.0,310.5,310.0,310.5,4005,0.0,0.0
2024-10-21 12:39:00+08:00,310.0,310.0,310.0,310.0,5010,0.0,0.0
2024-10-21 12:40:00+08:00,310.0,310.0,310.0,310.0,3010,0.0,0.0
2024-10-21 12:41:00+08:00,310.0,310.0,310.0,310.0,1110,0.0,0.0
2024-10-21 12:42:00+08:00,310.0,310.5,310.0,310.5,4000,0.0,0.0
2024-10-21 12:43:00+08:00,310.0,310.5,310.0,310.0,6100,0.0,0.0
2024-10-21 12:44:00+08:00,310.0,310.0,309.5,309.5,65672,0.0,0.0
2024-10-21 12:45:00+08:00,309.5,309.5,309.5,309.5,16054,0.0,0.0
2024-10-21 12:46:00+08:00,309.5,309.5,309.5,309.5,8000,0.0,0.0
2024-10-21 12:47:00+08:00,309.5,309.5,309.5,309.5,14885,0.0,0.0
2024-10-21 12:48:00+08:00,309.5,309.5,309.5,309.5,5110,0.0,0.0
2024-10-21 12:49:00+08:00,309.5,309.5,309.5,309.5,4305,0.0,0.0
2024-10-21 12:50:00+08:00,309.5,309.5,309.5,309.5,1000,0.0,0.0
2024-10-21 12:51:00+08:00,310.0,310.0,309.5,309.5,11100,0.0,0.0
2024-10-21 12:52:00+08:00,309.5,309.5,309.5,309.5,2150,0.0,0.0
2024-10-21 12:53:00+08:00,309.5,309.5,309.5,309.5,5000,0.0,0.0
2024-10-21 12:54:00+08:00,309.5,309.5,309.5,309.5,9110,0.0,0.0
2024-10-21 12:55:00+08:00,309.5,309.5,309.5,309.5,38175,0.0,0.0
2024-10-21 12:56:00+08:00,309.5,310.0,309.5,309.5,17020,0.0,0.0
2024-10-21 12:57:00+08:00,309.5,309.5,309.0,309.0,49032,0.0,0.0
2024-10-21 12:58:00+08:00,309.5,309.5,309.5,309.5,35273,0.0,0.0
2024-10-21 12:59:00+08:00,309.5,309.5,309.5,309.5,5130,0.0,0.0
2024-10-21 13:00:00+08:00,309.5,310.0,309.5,309.5,29000,0.0,0.0
2024-10-21 13:01:00+08:00,309.5,309.5,309.5,309.5,1500,0.0,0.0
2024-10-21 13:02:00+08:00,310.0,310.0,309.5,309.5,7060,0.0,0.0
2024-10-21 13:03:00+08:00,309.5,310.0,309.5,309.5,30015,0.0,0.0
2024-10-21 13:04:00+08:00,309.5,309.5,309.0,309.5,15045,0.0,0.0
2024-10-21 13:05:00+08:00,309.0,309.5,309.0,309.0,33239,0.0,0.0
2024-10-21 13:06:00+08:00,309.0,309.0,309.0,309.0,39030,0.0,0.0
2024-10-21 13:07:00+08:00,309.5,309.5,309.5,309.5,7000,0.0,0.0
2024-10-21 13:08:00+08:00,309.5,309.5,309.0,309.0,4000,0.0,0.0
2024-10-21 13:09:00+08:00,309.0,309.5,309.0,309.0,21000,0.0,0.0
2024-10-21 13:10:00+08:00,309.5,309.5,309.0,309.5,14000,0.0,0.0
2024-10-21 13:11:00+08:00,309.0,309.0,309.0,309.0,1150,0.0,0.0
2024-10-21 13:13:00+08:00,309.5,309.5,309.5,309.5,119045,0.0,0.0
2024-10-21 13:14:00+08:00,309.0,309.5,309.0,309.5,5186,0.0,0.0
2024-10-21 13:15:00+08:00,309.5,309.5,309.0,309.0,8025,0.0,0.0
2024-10-21 13:16:00+08:00,309.0,309.5,308.5,308.5,110341,0.0,0.0
2024-10-21 13:17:00+08:00,308.5,308.5,308.0,308.0,55350,0.0,0.0
2024-10-21 13:18:00+08:00,308.0,308.5,308.0,308.5,27197,0.0,0.0
2024-10-21 13:19:00+08:00,308.5,308.5,308.5,308.5,18203,0.0,0.0
2024-10-21 13:20:00+08:00,308.5,308.5,308.5,308.5,35170,0.0,0.0
2024-10-21 13:21:00+08:00,308.5,309.0,308.0,308.0,24475,0.0,0.0
2024-10-21 13:22:00+08:00,308.5,308.5,308.0,308.0,33719,0.0,0.0
2024-10-21 13:23:00+08:00,308.0,308.5,308.0,308.0,44096,0.0,0.0
2024-10-21 13:24:00+08:00,308.5,308.5,308.0,308.0,150879,0.0,0.0
2024-10-22 09:00:00+08:00,307.0,309.0,307.0,307.0,0,0.0,0.0
2024-10-22 09:01:00+08:00,307.5,308.5,307.0,308.5,72000,0.0,0.0
2024-10-22 09:02:00+08:00,309.0,309.0,306.5,307.0,106000,0.0,0.0
2024-10-22 09:03:00+08:00,307.0,307.0,306.0,306.5,48000,0.0,0.0
2024-10-22 09:04:00+08:00,306.5,306.5,306.0,306.5,20000,0.0,0.0
2024-10-22 09:05:00+08:00,306.0,306.5,305.0,306.0,135000,0.0,0.0
2024-10-22 09:06:00+08:00,306.0,306.0,305.5,306.0,23000,0.0,0.0
2024-10-22 09:07:00+08:00,306.0,307.5,306.0,307.5,75000,0.0,0.0
2024-10-22 09:08:00+08:00,307.5,308.0,307.0,307.5,40000,0.0,0.0
2024-10-22 09:09:00+08:00,307.5,307.5,307.0,307.5,19000,0.0,0.0
2024-10-22 09:10:00+08:00,307.5,307.5,306.5,307.5,19726,0.0,0.0
2024-10-22 09:11:00+08:00,307.5,307.5,306.5,307.0,25222,0.0,0.0
2024-10-22 09:12:00+08:00,307.0,307.0,306.0,306.0,27821,0.0,0.0
2024-10-22 09:13:00+08:00,306.0,306.0,306.0,306.0,13058,0.0,0.0
2024-10-22 09:14:00+08:00,306.0,306.5,306.0,306.5,23000,0.0,0.0
2024-10-22 09:15:00+08:00,306.5,307.0,306.5,307.0,7200,0.0,0.0
2024-10-22 09:16:00+08:00,307.0,307.0,306.5,306.5,10438,0.0,0.0
2024-10-22 09:17:00+08:00,306.5,306.5,306.0,306.0,11532,0.0,0.0
2024-10-22 09:18:00+08:00,306.0,306.0,306.0,306.0,1000,0.0,0.0
2024-10-22 09:19:00+08:00,306.5,306.5,306.0,306.5,7314,0.0,0.0
2024-10-22 09:20:00+08:00,306.5,307.0,306.5,307.0,21010,0.0,0.0
2024-10-22 09:22:00+08:00,307.0,307.0,307.0,307.0,15211,0.0,0.0
2024-10-22 09:23:00+08:00,307.0,307.5,307.0,307.0,4000,0.0,0.0
2024-10-22 09:24:00+08:00,307.0,307.0,306.0,306.0,32350,0.0,0.0
2024-10-22 09:25:00+08:00,306.0,306.5,306.0,306.0,4000,0.0,0.0
2024-10-22 09:26:00+08:00,306.0,306.5,306.0,306.0,28180,0.0,0.0
2024-10-22 09:27:00+08:00,306.0,306.5,306.0,306.0,15000,0.0,0.0
2024-10-22 09:28:00+08:00,306.5,306.5,306.0,306.5,5160,0.0,0.0
2024-10-22 09:29:00+08:00,306.0,306.0,305.0,305.5,69639,0.0,0.0
2024-10-22 09:30:00+08:00,306.0,306.0,305.5,305.5,3130,0.0,0.0
2024-10-22 09:31:00+08:00,305.5,305.5,305.0,305.5,51090,0.0,0.0
2024-10-22 09:32:00+08:00,305.5,305.5,305.0,305.5,28000,0.0,0.0
2024-10-22 09:33:00+08:00,306.0,307.0,305.5,306.0,34900,0.0,0.0
2024-10-22 09:34:00+08:00,306.0,307.0,306.0,307.0,6080,0.0,0.0
2024-10-22 09:35:00+08:00,306.5,307.5,306.5,307.0,45003,0.0,0.0
2024-10-22 09:36:00+08:00,307.5,308.0,307.0,307.0,23299,0.0,0.0
2024-10-22 09:37:00+08:00,308.0,308.0,307.0,307.0,16062,0.0,0.0
2024-10-22 09:38:00+08:00,308.0,308.0,306.5,308.0,52033,0.0,0.0
2024-10-22 09:39:00+08:00,307.5,308.5,307.5,308.0,21115,0.0,0.0
2024-10-22 09:40:00+08:00,308.5,308.5,308.0,308.0,22030,0.0,0.0
2024-10-22 09:41:00+08:00,308.0,308.5,307.5,307.5,7200,0.0,0.0
2024-10-22 09:42:00+08:00,308.0,308.0,307.5,307.5,9320,0.0,0.0
2024-10-22 09:43:00+08:00,308.0,308.0,307.0,307.0,27230,0.0,0.0
2024-10-22 09:44:00+08:00,307.0,307.0,306.5,306.5,12763,0.0,0.0
2024-10-22 09:45:00+08:00,306.5,306.5,306.0,306.0,17000,0.0,0.0
2024-10-22 09:46:00+08:00,306.0,306.0,306.0,306.0,2050,0.0,0.0
2024-10-22 09:48:00+08:00,306.0,307.5,306.0,307.0,25006,0.0,0.0
2024-10-22 09:49:00+08:00,307.0,307.5,307.0,307.0,7329,0.0,0.0
2024-10-22 09:50:00+08:00,307.0,307.5,307.0,307.0,8000,0.0,0.0
2024-10-22 09:52:00+08:00,306.5,307.0,306.5,307.0,6258,0.0,0.0
2024-10-22 09:53:00+08:00,306.0,306.0,306.0,306.0,2010,0.0,0.0
2024-10-22 09:55:00+08:00,306.0,306.0,306.0,306.0,3025,0.0,0.0
2024-10-22 09:56:00+08:00,306.0,306.5,306.0,306.5,3000,0.0,0.0
2024-10-22 09:57:00+08:00,307.0,307.0,306.5,306.5,3000,0.0,0.0
2024-10-22 09:58:00+08:00,306.5,306.5,306.5,306.5,3000,0.0,0.0
2024-10-22 09:59:00+08:00,306.5,306.5,306.5,306.5,1000,0.0,0.0
2024-10-22 10:00:00+08:00,306.5,307.0,306.5,306.5,3000,0.0,0.0
2024-10-22 10:01:00+08:00,306.5,307.0,306.5,307.0,2010,0.0,0.0
2024-10-22 10:02:00+08:00,307.0,307.5,306.5,307.0,34110,0.0,0.0
2024-10-22 10:03:00+08:00,307.0,307.0,307.0,307.0,2000,0.0,0.0
2024-10-22 10:04:00+08:00,307.5,307.5,307.0,307.5,7000,0.0,0.0
2024-10-22 10:05:00+08:00,307.5,308.0,307.0,307.5,22000,0.0,0.0
2024-10-22 10:06:00+08:00,308.0,308.0,307.5,308.0,11000,0.0,0.0
2024-10-22 10:07:00+08:00,308.0,308.5,308.0,308.0,20052,0.0,0.0
2024-10-22 10:08:00+08:00,308.0,308.0,308.0,308.0,5030,0.0,0.0
2024-10-22 10:09:00+08:00,308.0,308.0,307.5,308.0,10000,0.0,0.0
2024-10-22 10:10:00+08:00,308.0,308.0,307.5,307.5,7000,0.0,0.0
2024-10-22 10:11:00+08:00,308.0,308.0,307.5,307.5,5200,0.0,0.0
2024-10-22 10:12:00+08:00,308.0,308.0,307.5,307.5,12040,0.0,0.0
2024-10-22 10:13:00+08:00,307.5,307.5,307.5,307.5,9000,0.0,0.0
2024-10-22 10:14:00+08:00,308.0,308.0,307.5,307.5,10100,0.0,0.0
2024-10-22 10:15:00+08:00,308.5,309.0,308.0,308.5,31010,0.0,0.0
2024-10-22 10:16:00+08:00,308.5,309.0,308.5,308.5,6100,0.0,0.0
2024-10-22 10:17:00+08:00,308.5,309.0,308.5,309.0,41308,0.0,0.0
2024-10-22 10:18:00+08:00,309.0,311.0,309.0,310.0,139005,0.0,0.0
2024-10-22 10:19:00+08:00,311.0,311.5,310.5,311.5,44143,0.0,0.0
2024-10-22 10:20:00+08:00,311.0,311.0,310.5,311.0,37450,0.0,0.0
2024-10-22 10:21:00+08:00,311.0,311.0,310.5,311.0,9150,0.0,0.0
2024-10-22 10:22:00+08:00,311.0,311.0,309.5,309.5,16000,0.0,0.0
2024-10-22 10:23:00+08:00,309.5,309.5,309.0,309.0,6133,0.0,0.0
2024-10-22 10:24:00+08:00,309.0,309.0,309.0,309.0,1010,0.0,0.0
2024-10-22 10:25:00+08:00,309.5,309.5,309.0,309.0,3000,0.0,0.0
2024-10-22 10:26:00+08:00,310.0,310.5,309.5,310.0,14004,0.0,0.0
2024-10-22 10:27:00+08:00,309.5,309.5,309.5,309.5,2178,0.0,0.0
2024-10-22 10:28:00+08:00,309.5,310.0,309.5,310.0,14005,0.0,0.0
2024-10-22 10:29:00+08:00,310.0,310.0,310.0,310.0,2000,0.0,0.0
2024-10-22 10:30:00+08:00,310.0,310.0,309.0,309.0,17000,0.0,0.0
2024-10-22 10:31:00+08:00,309.5,309.5,309.0,309.0,9050,0.0,0.0
2024-10-22 10:32:00+08:00,309.5,309.5,309.0,309.0,7000,0.0,0.0
2024-10-22 10:33:00+08:00,309.0,309.0,309.0,309.0,5010,0.0,0.0
2024-10-22 10:34:00+08:00,309.0,309.0,308.5,308.5,16472,0.0,0.0
2024-10-22 10:35:00+08:00,308.5,308.5,308.5,308.5,2500,0.0,0.0
2024-10-22 10:36:00+08:00,308.5,308.5,308.5,308.5,2000,0.0,0.0
2024-10-22 10:37:00+08:00,309.0,309.0,308.5,308.5,2000,0.0,0.0
2024-10-22 10:38:00+08:00,308.5,308.5,308.5,308.5,2000,0.0,0.0
2024-10-22 10:39:00+08:00,308.5,309.0,308.5,309.0,4020,0.0,0.0
2024-10-22 10:40:00+08:00,309.0,309.0,308.5,309.0,10030,0.0,0.0
2024-10-22 10:41:00+08:00,309.0,309.0,308.5,308.5,9000,0.0,0.0
2024-10-22 10:42:00+08:00,308.5,308.5,308.5,308.5,1000,0.0,0.0
2024-10-22 10:43:00+08:00,308.5,308.5,308.5,308.5,2000,0.0,0.0
2024-10-22 10:44:00+08:00,308.5,308.5,308.0,308.0,26000,0.0,0.0
2024-10-22 10:45:00+08:00,308.0,308.0,307.5,307.5,85000,0.0,0.0
2024-10-22 10:46:00+08:00,307.5,307.5,307.5,307.5,4180,0.0,0.0
2024-10-22 10:47:00+08:00,307.5,307.5,307.5,307.5,1300,0.0,0.0
2024-10-22 10:48:00+08:00,307.5,308.0,307.5,307.5,4108,0.0,0.0
2024-10-22 10:49:00+08:00,307.5,307.5,307.5,307.5,2157,0.0,0.0
2024-10-22 10:50:00+08:00,307.5,307.5,307.5,307.5,1002,0.0,0.0
2024-10-22 10:51:00+08:00,308.0,308.0,307.5,307.5,3000,0.0,0.0
2024-10-22 10:52:00+08:00,308.0,308.0,308.0,308.0,7000,0.0,0.0
2024-10-22 10:53:00+08:00,308.0,308.0,308.0,308.0,1050,0.0,0.0
2024-10-22 10:54:00+08:00,308.0,308.5,308.0,308.5,4030,0.0,0.0
2024-10-22 10:55:00+08:00,308.0,308.5,308.0,308.0,3000,0.0,0.0
2024-10-22 10:56:00+08:00,308.0,308.5,308.0,308.0,3020,0.0,0.0
2024-10-22 10:57:00+08:00,308.5,308.5,308.0,308.0,4000,0.0,0.0
2024-10-22 11:00:00+08:00,307.5,307.5,307.5,307.5,22000,0.0,0.0
2024-10-22 11:01:00+08:00,307.5,307.5,307.5,307.5,1000,0.0,0.0
2024-10-22 11:02:00+08:00,307.5,307.5,307.5,307.5,1000,0.0,0.0
2024-10-22 11:03:00+08:00,307.5,308.0,307.5,307.5,3000,0.0,0.0
2024-10-22 11:04:00+08:00,307.5,307.5,307.5,307.5,2030,0.0,0.0
2024-10-22 11:05:00+08:00,308.0,308.0,308.0,308.0,2000,0.0,0.0
2024-10-22 11:06:00+08:00,307.5,308.0,307.5,308.0,2000,0.0,0.0
2024-10-22 11:07:00+08:00,308.0,308.5,308.0,308.5,13000,0.0,0.0
2024-10-22 11:08:00+08:00,308.5,308.5,308.0,308.5,8009,0.0,0.0
2024-10-22 11:09:00+08:00,308.5,308.5,308.0,308.0,9040,0.0,0.0
2024-10-22 11:10:00+08:00,308.0,308.0,308.0,308.0,1000,0.0,0.0
2024-10-22 11:11:00+08:00,308.5,309.0,308.5,309.0,14005,0.0,0.0
2024-10-22 11:12:00+08:00,309.0,309.0,308.5,309.0,4005,0.0,0.0
2024-10-22 11:13:00+08:00,309.0,309.5,308.5,309.5,7010,0.0,0.0
2024-10-22 11:14:00+08:00,309.5,309.5,309.0,309.0,2010,0.0,0.0
2024-10-22 11:15:00+08:00,309.5,309.5,308.5,308.5,17662,0.0,0.0
2024-10-22 11:16:00+08:00,309.0,309.0,308.5,308.5,7000,0.0,0.0
2024-10-22 11:18:00+08:00,308.5,308.5,308.5,308.5,1001,0.0,0.0
2024-10-22 11:20:00+08:00,309.0,309.0,308.5,308.5,49872,0.0,0.0
2024-10-22 11:21:00+08:00,309.0,309.0,308.5,308.5,2005,0.0,0.0
2024-10-22 11:22:00+08:00,308.5,308.5,308.5,308.5,1000,0.0,0.0
2024-10-22 11:23:00+08:00,308.5,308.5,308.5,308.5,1000,0.0,0.0
2024-10-22 11:24:00+08:00,308.5,308.5,308.5,308.5,3000,0.0,0.0
2024-10-22 11:25:00+08:00,308.5,308.5,308.5,308.5,2109,0.0,0.0
2024-10-22 11:26:00+08:00,308.5,308.5,308.5,308.5,1000,0.0,0.0
2024-10-22 11:27:00+08:00,308.5,309.0,308.5,308.5,14300,0.0,0.0
2024-10-22 11:28:00+08:00,309.0,309.0,308.5,308.5,2000,0.0,0.0
2024-10-22 11:30:00+08:00,308.5,308.5,308.5,308.5,26000,0.0,0.0
2024-10-22 11:31:00+08:00,308.5,309.5,308.5,309.5,29030,0.0,0.0
2024-10-22 11:32:00+08:00,309.5,310.0,309.0,309.0,7000,0.0,0.0
2024-10-22 11:34:00+08:00,310.0,310.0,309.5,310.0,8000,0.0,0.0
2024-10-22 11:35:00+08:00,310.0,310.0,310.0,310.0,1000,0.0,0.0
2024-10-22 11:36:00+08:00,309.5,309.5,309.5,309.5,12060,0.0,0.0
2024-10-22 11:37:00+08:00,310.0,310.0,309.5,310.0,5000,0.0,0.0
2024-10-22 11:38:00+08:00,309.5,309.5,309.5,309.5,14000,0.0,0.0
2024-10-22 11:39:00+08:00,309.0,309.0,309.0,309.0,2058,0.0,0.0
2024-10-22 11:40:00+08:00,309.5,309.5,309.5,309.5,2000,0.0,0.0
2024-10-22 11:41:00+08:00,309.5,309.5,309.5,309.5,6000,0.0,0.0
2024-10-22 11:42:00+08:00,309.0,309.0,309.0,309.0,4124,0.0,0.0
2024-10-22 11:43:00+08:00,309.0,309.0,309.0,309.0,2062,0.0,0.0
2024-10-22 11:44:00+08:00,309.0,309.0,309.0,309.0,17077,0.0,0.0
2024-10-22 11:45:00+08:00,309.0,309.0,309.0,309.0,2000,0.0,0.0
2024-10-22 11:46:00+08:00,309.0,309.0,309.0,309.0,9000,0.0,0.0
2024-10-22 11:47:00+08:00,309.0,309.5,309.0,309.5,13000,0.0,0.0
2024-10-22 11:48:00+08:00,309.0,309.5,309.0,309.5,12000,0.0,0.0
2024-10-22 11:49:00+08:00,310.0,310.0,309.0,310.0,4140,0.0,0.0
2024-10-22 11:50:00+08:00,309.0,310.0,309.0,310.0,3000,0.0,0.0
2024-10-22 11:51:00+08:00,310.0,310.0,309.0,309.5,4054,0.0,0.0
2024-10-22 11:52:00+08:00,310.0,310.0,309.5,309.5,2216,0.0,0.0
2024-10-22 11:53:00+08:00,310.0,310.0,310.0,310.0,3026,0.0,0.0
2024-10-22 11:54:00+08:00,309.5,309.5,309.0,309.0,13001,0.0,0.0
2024-10-22 11:55:00+08:00,309.0,309.0,308.5,308.5,52009,0.0,0.0
2024-10-22 11:56:00+08:00,308.5,308.5,308.5,308.5,2000,0.0,0.0
2024-10-22 11:57:00+08:00,308.5,308.5,308.5,308.5,9001,0.0,0.0
2024-10-22 11:58:00+08:00,308.5,308.5,308.5,308.5,2499,0.0,0.0
2024-10-22 12:00:00+08:00,308.5,308.5,308.5,308.5,1051,0.0,0.0
2024-10-22 12:01:00+08:00,308.5,308.5,308.5,308.5,11100,0.0,0.0
2024-10-22 12:02:00+08:00,308.0,308.5,308.0,308.0,3000,0.0,0.0
2024-10-22 12:03:00+08:00,308.0,308.0,308.0,308.0,1000,0.0,0.0
2024-10-22 12:04:00+08:00,308.0,308.0,308.0,308.0,2000,0.0,0.0
2024-10-22 12:06:00+08:00,308.0,308.5,308.0,308.5,24534,0.0,0.0
2024-10-22 12:07:00+08:00,308.5,309.0,308.5,309.0,3150,0.0,0.0
2024-10-22 12:08:00+08:00,308.5,309.0,308.5,309.0,3000,0.0,0.0
2024-10-22 12:09:00+08:00,309.0,309.0,308.5,308.5,4166,0.0,0.0
2024-10-22 12:10:00+08:00,308.5,308.5,308.5,308.5,1050,0.0,0.0
2024-10-22 12:11:00+08:00,309.0,309.0,308.5,308.5,3000,0.0,0.0
2024-10-22 12:12:00+08:00,308.5,308.5,308.5,308.5,2000,0.0,0.0
2024-10-22 12:13:00+08:00,308.5,308.5,308.5,308.5,1207,0.0,0.0
2024-10-22 12:14:00+08:00,308.5,308.5,308.5,308.5,1000,0.0,0.0
2024-10-22 12:15:00+08:00,308.5,308.5,308.5,308.5,7000,0.0,0.0
2024-10-22 12:16:00+08:00,308.5,308.5,308.5,308.5,18003,0.0,0.0
2024-10-22 12:17:00+08:00,308.5,309.0,308.5,309.0,23000,0.0,0.0
2024-10-22 12:18:00+08:00,308.5,309.0,308.5,309.0,5231,0.0,0.0
2024-10-22 12:19:00+08:00,308.5,309.0,308.5,309.0,2104,0.0,0.0
2024-10-22 12:20:00+08:00,308.5,309.0,308.5,309.0,6000,0.0,0.0
2024-10-22 12:21:00+08:00,308.5,309.0,308.5,309.0,9035,0.0,0.0
2024-10-22 12:22:00+08:00,308.5,308.5,308.5,308.5,1000,0.0,0.0
2024-10-22 12:23:00+08:00,309.0,309.0,309.0,309.0,2000,0.0,0.0
2024-10-22 12:24:00+08:00,308.5,310.0,308.5,309.5,57100,0.0,0.0
2024-10-22 12:25:00+08:00,309.5,310.0,309.5,310.0,4455,0.0,0.0
2024-10-22 12:26:00+08:00,309.5,310.0,309.5,310.0,3000,0.0,0.0
2024-10-22 12:27:00+08:00,310.0,310.0,309.5,310.0,7000,0.0,0.0
2024-10-22 12:28:00+08:00,310.0,310.0,309.5,310.0,3000,0.0,0.0
2024-10-22 12:29:00+08:00,310.0,310.0,310.0,310.0,7050,0.0,0.0
2024-10-22 12:30:00+08:00,309.5,310.0,309.5,310.0,4000,0.0,0.0
2024-10-22 12:31:00+08:00,309.5,310.0,309.5,310.0,4000,0.0,0.0
2024-10-22 12:32:00+08:00,310.0,310.0,309.5,309.5,6017,0.0,0.0
2024-10-22 12:33:00+08:00,310.0,310.0,309.5,310.0,10100,0.0,0.0
2024-10-22 12:34:00+08:00,310.0,310.0,309.5,309.5,10142,0.0,0.0
2024-10-22 12:35:00+08:00,310.0,310.0,310.0,310.0,2000,0.0,0.0
2024-10-22 12:36:00+08:00,309.5,309.5,309.5,309.5,1100,0.0,0.0
2024-10-22 12:37:00+08:00,309.5,310.0,309.5,310.0,6371,0.0,0.0
2024-10-22 12:38:00+08:00,309.5,309.5,309.5,309.5,4012,0.0,0.0
2024-10-22 12:39:00+08:00,309.5,309.5,309.5,309.5,3000,0.0,0.0
2024-10-22 12:40:00+08:00,309.5,309.5,309.0,309.0,46000,0.0,0.0
2024-10-22 12:41:00+08:00,309.0,309.5,309.0,309.5,19000,0.0,0.0
2024-10-22 12:42:00+08:00,309.5,309.5,309.5,309.5,5056,0.0,0.0
2024-10-22 12:43:00+08:00,309.5,309.5,309.0,309.5,11005,0.0,0.0
2024-10-22 12:44:00+08:00,310.0,310.0,309.5,310.0,4010,0.0,0.0
2024-10-22 12:45:00+08:00,310.0,310.0,309.5,310.0,5015,0.0,0.0
2024-10-22 12:46:00+08:00,309.5,310.0,309.5,310.0,4000,0.0,0.0
2024-10-22 12:47:00+08:00,309.5,309.5,309.5,309.5,18000,0.0,0.0
2024-10-22 12:48:00+08:00,309.5,309.5,309.5,309.5,5000,0.0,0.0
2024-10-22 12:49:00+08:00,309.0,309.0,309.0,309.0,4266,0.0,0.0
2024-10-22 12:50:00+08:00,309.0,309.0,309.0,309.0,2000,0.0,0.0
2024-10-22 12:51:00+08:00,309.5,309.5,309.0,309.0,3100,0.0,0.0
2024-10-22 12:52:00+08:00,309.5,309.5,309.0,309.0,4010,0.0,0.0
2024-10-22 12:54:00+08:00,309.0,310.0,309.0,309.5,28080,0.0,0.0
2024-10-22 12:55:00+08:00,309.5,309.5,309.5,309.5,1326,0.0,0.0
2024-10-22 12:56:00+08:00,309.5,310.0,309.5,310.0,4000,0.0,0.0
2024-10-22 12:57:00+08:00,310.0,310.0,309.5,310.0,8000,0.0,0.0
2024-10-22 12:58:00+08:00,309.5,310.5,309.5,310.5,35079,0.0,0.0
2024-10-22 12:59:00+08:00,310.5,310.5,310.0,310.5,4000,0.0,0.0
2024-10-22 13:00:00+08:00,310.0,310.5,310.0,310.5,6002,0.0,0.0
2024-10-22 13:01:00+08:00,310.5,310.5,310.0,310.5,5000,0.0,0.0
2024-10-22 13:02:00+08:00,310.0,310.5,310.0,310.5,8478,0.0,0.0
2024-10-22 13:03:00+08:00,310.0,310.5,310.0,310.5,4110,0.0,0.0
2024-10-22 13:04:00+08:00,310.5,310.5,310.0,310.0,13050,0.0,0.0
2024-10-22 13:05:00+08:00,310.0,310.5,310.0,310.0,11010,0.0,0.0
2024-10-22 13:06:00+08:00,310.5,310.5,310.5,310.5,1301,0.0,0.0
2024-10-22 13:07:00+08:00,310.5,310.5,310.5,310.5,2000,0.0,0.0
2024-10-22 13:08:00+08:00,310.5,310.5,310.0,310.0,2012,0.0,0.0
2024-10-22 13:09:00+08:00,310.5,310.5,310.0,310.0,4013,0.0,0.0
2024-10-22 13:10:00+08:00,310.0,310.5,310.0,310.0,65024,0.0,0.0
2024-10-22 13:11:00+08:00,310.0,310.0,310.0,310.0,4004,0.0,0.0
2024-10-22 13:12:00+08:00,310.0,310.0,310.0,310.0,2070,0.0,0.0
2024-10-22 13:13:00+08:00,310.0,310.0,310.0,310.0,1000,0.0,0.0
2024-10-22 13:14:00+08:00,310.5,310.5,310.5,310.5,5005,0.0,0.0
2024-10-22 13:15:00+08:00,310.5,310.5,310.5,310.5,3102,0.0,0.0
2024-10-22 13:16:00+08:00,310.5,310.5,310.0,310.5,21301,0.0,0.0
2024-10-22 13:18:00+08:00,310.5,310.5,310.0,310.5,4101,0.0,0.0
2024-10-22 13:19:00+08:00,310.0,311.0,310.0,311.0,48050,0.0,0.0
2024-10-22 13:20:00+08:00,311.0,311.0,311.0,311.0,38260,0.0,0.0
2024-10-22 13:21:00+08:00,310.5,311.0,310.5,311.0,15250,0.0,0.0
2024-10-22 13:22:00+08:00,311.0,311.5,311.0,311.5,63700,0.0,0.0
2024-10-22 13:23:00+08:00,311.5,312.0,311.5,312.0,32427,0.0,0.0
2024-10-22 13:24:00+08:00,312.0,312.5,311.5,312.0,97198,0.0,0.0
2024-10-23 09:00:00+08:00,310.5,313.0,310.0,313.0,0,0.0,0.0
2024-10-23 09:01:00+08:00,312.5,313.5,312.5,313.5,68000,0.0,0.0
2024-10-23 09:02:00+08:00,313.5,314.5,312.5,314.0,80000,0.0,0.0
2024-10-23 09:03:00+08:00,314.0,316.5,313.5,315.5,168000,0.0,0.0
2024-10-23 09:04:00+08:00,315.0,315.5,314.0,314.5,62000,0.0,0.0
2024-10-23 09:05:00+08:00,313.5,314.0,313.5,314.0,9000,0.0,0.0
2024-10-23 09:06:00+08:00,314.0,314.0,313.5,314.0,19000,0.0,0.0
2024-10-23 09:07:00+08:00,314.0,314.0,314.0,314.0,19000,0.0,0.0
2024-10-23 09:08:00+08:00,313.5,314.0,313.5,314.0,5000,0.0,0.0
2024-10-23 09:09:00+08:00,314.0,314.0,313.5,313.5,10656,0.0,0.0
2024-10-23 09:10:00+08:00,314.0,315.0,314.0,315.0,24000,0.0,0.0
2024-10-23 09:11:00+08:00,314.5,315.0,314.5,315.0,9000,0.0,0.0
2024-10-23 09:12:00+08:00,314.5,314.5,314.5,314.5,16491,0.0,0.0
2024-10-23 09:13:00+08:00,314.5,314.5,314.0,314.0,25606,0.0,0.0
2024-10-23 09:14:00+08:00,314.0,314.0,314.0,314.0,13000,0.0,0.0
2024-10-23 09:15:00+08:00,314.0,314.0,314.0,314.0,20120,0.0,0.0
2024-10-23 09:16:00+08:00,314.5,314.5,313.5,314.0,40350,0.0,0.0
2024-10-23 09:17:00+08:00,314.0,315.5,313.0,315.5,61013,0.0,0.0
2024-10-23 09:18:00+08:00,315.0,315.5,314.0,315.0,32092,0.0,0.0
2024-10-23 09:19:00+08:00,315.0,316.0,315.0,315.5,51059,0.0,0.0
2024-10-23 09:20:00+08:00,315.5,316.5,315.5,316.0,41438,0.0,0.0
2024-10-23 09:21:00+08:00,316.5,316.5,316.0,316.5,44313,0.0,0.0
2024-10-23 09:22:00+08:00,317.0,317.0,316.0,316.5,47413,0.0,0.0
2024-10-23 09:23:00+08:00,316.5,317.5,316.0,317.0,56106,0.0,0.0
2024-10-23 09:24:00+08:00,317.0,317.5,317.0,317.0,26633,0.0,0.0
2024-10-23 09:25:00+08:00,317.0,317.0,316.0,316.5,64080,0.0,0.0
2024-10-23 09:26:00+08:00,316.5,317.0,316.0,317.0,24270,0.0,0.0
2024-10-23 09:27:00+08:00,317.0,317.0,315.0,315.0,120421,0.0,0.0
2024-10-23 09:28:00+08:00,315.0,315.0,314.5,314.5,7329,0.0,0.0
2024-10-23 09:29:00+08:00,315.0,315.0,314.0,315.0,38155,0.0,0.0
2024-10-23 09:30:00+08:00,315.0,315.5,315.0,315.5,6000,0.0,0.0
2024-10-23 09:31:00+08:00,315.5,315.5,315.0,315.0,12003,0.0,0.0
2024-10-23 09:32:00+08:00,315.0,315.0,315.0,315.0,11225,0.0,0.0
2024-10-23 09:33:00+08:00,315.0,315.0,314.5,314.5,5115,0.0,0.0
2024-10-23 09:34:00+08:00,314.5,315.0,314.5,315.0,17000,0.0,0.0
2024-10-23 09:35:00+08:00,315.0,315.5,315.0,315.5,8033,0.0,0.0
2024-10-23 09:36:00+08:00,315.5,317.0,315.0,317.0,57060,0.0,0.0
2024-10-23 09:37:00+08:00,316.5,317.5,316.5,317.5,135594,0.0,0.0
2024-10-23 09:38:00+08:00,317.5,318.0,317.0,318.0,33866,0.0,0.0
2024-10-23 09:39:00+08:00,318.0,318.0,317.0,318.0,58486,0.0,0.0
2024-10-23 09:40:00+08:00,318.0,318.0,317.0,317.0,44833,0.0,0.0
2024-10-23 09:41:00+08:00,316.5,318.5,316.5,318.5,135512,0.0,0.0
2024-10-23 09:42:00+08:00,318.0,318.5,317.5,318.0,62006,0.0,0.0
2024-10-23 09:43:00+08:00,318.0,318.5,318.0,318.0,43000,0.0,0.0
2024-10-23 09:44:00+08:00,318.0,318.5,318.0,318.0,44731,0.0,0.0
2024-10-23 09:45:00+08:00,318.5,318.5,318.5,318.5,40266,0.0,0.0
2024-10-23 09:46:00+08:00,318.5,318.5,316.5,316.5,69110,0.0,0.0
2024-10-23 09:47:00+08:00,317.0,317.0,316.5,316.5,5422,0.0,0.0
2024-10-23 09:48:00+08:00,316.5,316.5,316.5,316.5,7020,0.0,0.0
2024-10-23 09:49:00+08:00,316.5,317.0,316.5,317.0,4046,0.0,0.0
2024-10-23 09:50:00+08:00,316.5,316.5,316.5,316.5,2000,0.0,0.0
2024-10-23 09:51:00+08:00,316.5,316.5,316.0,316.0,28000,0.0,0.0
2024-10-23 09:52:00+08:00,316.0,316.5,316.0,316.0,5110,0.0,0.0
2024-10-23 09:53:00+08:00,316.0,316.0,316.0,316.0,2000,0.0,0.0
2024-10-23 09:54:00+08:00,316.0,316.5,316.0,316.5,3000,0.0,0.0
2024-10-23 09:55:00+08:00,316.5,316.5,316.0,316.0,5000,0.0,0.0
2024-10-23 09:56:00+08:00,316.0,316.5,315.5,316.5,18335,0.0,0.0
2024-10-23 09:58:00+08:00,316.5,317.0,316.0,317.0,31389,0.0,0.0
2024-10-23 09:59:00+08:00,317.0,318.0,317.0,318.0,36020,0.0,0.0
2024-10-23 10:00:00+08:00,318.0,318.0,317.0,317.5,45556,0.0,0.0
2024-10-23 10:01:00+08:00,317.5,317.5,317.0,317.5,75050,0.0,0.0
2024-10-23 10:02:00+08:00,317.5,318.0,316.5,318.0,48250,0.0,0.0
2024-10-23 10:03:00+08:00,318.0,318.0,317.0,318.0,24015,0.0,0.0
2024-10-23 10:04:00+08:00,318.0,318.0,317.0,317.5,28000,0.0,0.0
2024-10-23 10:05:00+08:00,318.0,318.0,318.0,318.0,20050,0.0,0.0
2024-10-23 10:06:00+08:00,317.5,318.0,316.5,318.0,26010,0.0,0.0
2024-10-23 10:07:00+08:00,318.0,318.5,317.0,318.5,27145,0.0,0.0
2024-10-23 10:08:00+08:00,318.5,318.5,317.0,317.0,20455,0.0,0.0
2024-10-23 10:09:00+08:00,318.0,318.0,316.5,317.0,11278,0.0,0.0
2024-10-23 10:10:00+08:00,317.0,317.0,317.0,317.0,2000,0.0,0.0
2024-10-23 10:11:00+08:00,317.0,317.0,316.5,316.5,2098,0.0,0.0
2024-10-23 10:12:00+08:00,316.5,316.5,316.5,316.5,11535,0.0,0.0
2024-10-23 10:13:00+08:00,316.5,316.5,316.0,316.0,2000,0.0,0.0
2024-10-23 10:14:00+08:00,316.0,316.0,316.0,316.0,17017,0.0,0.0
2024-10-23 10:15:00+08:00,315.5,315.5,315.5,315.5,1227,0.0,0.0
2024-10-23 10:16:00+08:00,315.5,315.5,315.5,315.5,16139,0.0,0.0
2024-10-23 10:17:00+08:00,315.5,316.0,315.5,315.5,3062,0.0,0.0
2024-10-23 10:18:00+08:00,315.5,315.5,315.5,315.5,1000,0.0,0.0
2024-10-23 10:19:00+08:00,316.0,316.0,315.5,316.0,12000,0.0,0.0
2024-10-23 10:20:00+08:00,316.0,316.0,315.0,315.0,107010,0.0,0.0
2024-10-23 10:21:00+08:00,315.0,315.5,315.0,315.5,9768,0.0,0.0
2024-10-23 10:22:00+08:00,316.0,316.0,316.0,316.0,9000,0.0,0.0
2024-10-23 10:23:00+08:00,315.5,316.5,315.5,316.5,2010,0.0,0.0
2024-10-23 10:24:00+08:00,316.0,316.0,316.0,316.0,2000,0.0,0.0
2024-10-23 10:25:00+08:00,316.0,316.0,316.0,316.0,12000,0.0,0.0
2024-10-23 10:27:00+08:00,316.0,316.5,316.0,316.5,4321,0.0,0.0
2024-10-23 10:28:00+08:00,316.0,316.0,315.5,315.5,10000,0.0,0.0
2024-10-23 10:29:00+08:00,315.0,315.0,315.0,315.0,6030,0.0,0.0
2024-10-23 10:30:00+08:00,315.5,316.0,315.5,316.0,8000,0.0,0.0
2024-10-23 10:31:00+08:00,315.0,315.0,314.5,315.0,70097,0.0,0.0
2024-10-23 10:32:00+08:00,315.0,315.0,315.0,315.0,2000,0.0,0.0
2024-10-23 10:33:00+08:00,315.0,315.0,315.0,315.0,7010,0.0,0.0
2024-10-23 10:34:00+08:00,315.0,315.0,315.0,315.0,3014,0.0,0.0
2024-10-23 10:36:00+08:00,315.0,315.0,315.0,315.0,2000,0.0,0.0
2024-10-23 10:37:00+08:00,315.5,316.0,315.5,315.5,33375,0.0,0.0
2024-10-23 10:38:00+08:00,316.0,316.0,315.5,315.5,3002,0.0,0.0
2024-10-23 10:39:00+08:00,316.0,316.0,316.0,316.0,2000,0.0,0.0
2024-10-23 10:40:00+08:00,316.0,316.0,315.5,315.5,2144,0.0,0.0
2024-10-23 10:41:00+08:00,315.5,315.5,315.5,315.5,1000,0.0,0.0
2024-10-23 10:42:00+08:00,315.5,315.5,315.5,315.5,2041,0.0,0.0
2024-10-23 10:44:00+08:00,315.5,315.5,315.5,315.5,4001,0.0,0.0
2024-10-23 10:45:00+08:00,315.5,315.5,315.5,315.5,13100,0.0,0.0
2024-10-23 10:46:00+08:00,315.0,315.0,315.0,315.0,4010,0.0,0.0
2024-10-23 10:47:00+08:00,315.5,315.5,315.0,315.0,4000,0.0,0.0
2024-10-23 10:48:00+08:00,315.0,315.0,315.0,315.0,2000,0.0,0.0
2024-10-23 10:49:00+08:00,315.5,315.5,315.0,315.0,11000,0.0,0.0
2024-10-23 10:50:00+08:00,315.0,315.0,315.0,315.0,9251,0.0,0.0
2024-10-23 10:51:00+08:00,314.5,314.5,314.5,314.5,1000,0.0,0.0
2024-10-23 10:52:00+08:00,314.5,314.5,314.5,314.5,8177,0.0,0.0
2024-10-23 10:53:00+08:00,314.5,314.5,314.5,314.5,18025,0.0,0.0
2024-10-23 10:54:00+08:00,315.0,315.0,314.5,314.5,3385,0.0,0.0
2024-10-23 10:55:00+08:00,314.5,315.0,314.5,314.5,7020,0.0,0.0
2024-10-23 10:56:00+08:00,314.5,315.0,314.5,314.5,3150,0.0,0.0
2024-10-23 10:57:00+08:00,314.5,315.0,314.5,315.0,2000,0.0,0.0
2024-10-23 10:58:00+08:00,315.0,315.0,314.5,315.0,6000,0.0,0.0
2024-10-23 10:59:00+08:00,315.0,316.0,315.0,315.0,50004,0.0,0.0
2024-10-23 11:00:00+08:00,315.0,316.0,315.0,315.5,12014,0.0,0.0
2024-10-23 11:01:00+08:00,315.5,316.0,315.5,316.0,3006,0.0,0.0
2024-10-23 11:02:00+08:00,316.0,316.0,316.0,316.0,4230,0.0,0.0
2024-10-23 11:03:00+08:00,316.0,316.0,316.0,316.0,8105,0.0,0.0
2024-10-23 11:04:00+08:00,316.0,317.0,316.0,317.0,51272,0.0,0.0
2024-10-23 11:05:00+08:00,317.0,317.5,317.0,317.5,28631,0.0,0.0
2024-10-23 11:06:00+08:00,317.5,317.5,317.5,317.5,21535,0.0,0.0
2024-10-23 11:07:00+08:00,317.5,317.5,317.5,317.5,5000,0.0,0.0
2024-10-23 11:08:00+08:00,317.5,317.5,317.5,317.5,6036,0.0,0.0
2024-10-23 11:09:00+08:00,317.0,317.5,317.0,317.0,22000,0.0,0.0
2024-10-23 11:10:00+08:00,317.0,317.0,317.0,317.0,5010,0.0,0.0
2024-10-23 11:11:00+08:00,317.0,317.0,317.0,317.0,4150,0.0,0.0
2024-10-23 11:12:00+08:00,317.0,317.0,317.0,317.0,24000,0.0,0.0
2024-10-23 11:13:00+08:00,317.5,317.5,316.5,316.5,29010,0.0,0.0
2024-10-23 11:14:00+08:00,316.5,316.5,316.5,316.5,22300,0.0,0.0
2024-10-23 11:15:00+08:00,316.5,316.5,316.0,316.0,6150,0.0,0.0
2024-10-23 11:16:00+08:00,316.5,316.5,316.5,316.5,4020,0.0,0.0
2024-10-23 11:17:00+08:00,316.5,316.5,316.0,316.5,4050,0.0,0.0
2024-10-23 11:18:00+08:00,316.5,316.5,316.5,316.5,5110,0.0,0.0
2024-10-23 11:19:00+08:00,316.0,316.5,316.0,316.5,8002,0.0,0.0
2024-10-23 11:20:00+08:00,316.5,317.0,316.0,316.0,37000,0.0,0.0
2024-10-23 11:21:00+08:00,316.0,316.5,315.5,316.0,19010,0.0,0.0
2024-10-23 11:22:00+08:00,316.0,316.0,315.5,315.5,3000,0.0,0.0
2024-10-23 11:23:00+08:00,316.0,316.0,315.5,316.0,9500,0.0,0.0
2024-10-23 11:24:00+08:00,315.5,316.0,315.5,316.0,6000,0.0,0.0
2024-10-23 11:25:00+08:00,316.0,316.5,316.0,316.5,20000,0.0,0.0
2024-10-23 11:26:00+08:00,316.5,316.5,316.0,316.5,6000,0.0,0.0
2024-10-23 11:27:00+08:00,316.0,316.5,315.5,316.0,61010,0.0,0.0
2024-10-23 11:28:00+08:00,315.5,316.0,315.5,316.0,3050,0.0,0.0
2024-10-23 11:29:00+08:00,316.0,316.0,315.5,316.0,6185,0.0,0.0
2024-10-23 11:30:00+08:00,315.5,315.5,315.0,315.0,86000,0.0,0.0
2024-10-23 11:31:00+08:00,315.5,315.5,314.5,314.5,160139,0.0,0.0
2024-10-23 11:32:00+08:00,315.0,315.0,314.5,315.0,35959,0.0,0.0
2024-10-23 11:33:00+08:00,315.0,315.0,314.5,314.5,8000,0.0,0.0
2024-10-23 11:34:00+08:00,315.0,315.5,315.0,315.5,31360,0.0,0.0
2024-10-23 11:35:00+08:00,315.5,316.0,315.0,316.0,6020,0.0,0.0
2024-10-23 11:36:00+08:00,316.0,316.0,316.0,316.0,3000,0.0,0.0
2024-10-23 11:37:00+08:00,316.0,316.0,315.5,316.0,8000,0.0,0.0
2024-10-23 11:38:00+08:00,316.0,316.0,315.5,316.0,5000,0.0,0.0
2024-10-23 11:39:00+08:00,315.5,316.0,315.5,315.5,6000,0.0,0.0
2024-10-23 11:40:00+08:00,316.0,316.0,315.5,315.5,12010,0.0,0.0
2024-10-23 11:41:00+08:00,315.0,315.5,315.0,315.5,7000,0.0,0.0
2024-10-23 11:42:00+08:00,315.5,315.5,315.0,315.5,5050,0.0,0.0
2024-10-23 11:43:00+08:00,315.5,315.5,315.0,315.5,4000,0.0,0.0
2024-10-23 11:44:00+08:00,316.0,316.0,315.0,316.0,5000,0.0,0.0
2024-10-23 11:45:00+08:00,316.0,316.0,316.0,316.0,5010,0.0,0.0
2024-10-23 11:46:00+08:00,315.5,316.0,315.5,316.0,5000,0.0,0.0
2024-10-23 11:47:00+08:00,316.0,316.0,316.0,316.0,4000,0.0,0.0
2024-10-23 11:48:00+08:00,315.5,316.0,315.5,316.0,5010,0.0,0.0
2024-10-23 11:49:00+08:00,315.5,316.0,315.0,315.0,11000,0.0,0.0
2024-10-23 11:50:00+08:00,316.0,316.0,316.0,316.0,5320,0.0,0.0
2024-10-23 11:51:00+08:00,315.5,315.5,315.0,315.5,6000,0.0,0.0
2024-10-23 11:52:00+08:00,315.0,315.5,315.0,315.0,5000,0.0,0.0
2024-10-23 11:53:00+08:00,315.5,315.5,315.0,315.0,6115,0.0,0.0
2024-10-23 11:54:00+08:00,315.5,315.5,315.5,315.5,2000,0.0,0.0
2024-10-23 11:55:00+08:00,315.5,315.5,315.0,315.0,10148,0.0,0.0
2024-10-23 11:56:00+08:00,315.5,315.5,315.5,315.5,6000,0.0,0.0
2024-10-23 11:57:00+08:00,315.0,315.5,315.0,315.5,23000,0.0,0.0
2024-10-23 11:58:00+08:00,315.5,316.0,315.0,315.0,10207,0.0,0.0
2024-10-23 11:59:00+08:00,316.0,316.0,315.0,315.0,2000,0.0,0.0
2024-10-23 12:00:00+08:00,315.5,315.5,315.0,315.0,10000,0.0,0.0
2024-10-23 12:01:00+08:00,315.0,315.0,315.0,315.0,1050,0.0,0.0
2024-10-23 12:02:00+08:00,315.0,315.0,315.0,315.0,1010,0.0,0.0
2024-10-23 12:04:00+08:00,315.0,315.5,315.0,315.0,5005,0.0,0.0
2024-10-23 12:05:00+08:00,315.0,315.0,314.5,315.0,92010,0.0,0.0
2024-10-23 12:06:00+08:00,315.0,315.0,315.0,315.0,22060,0.0,0.0
2024-10-23 12:07:00+08:00,315.0,315.0,314.5,314.5,4000,0.0,0.0
2024-10-23 12:08:00+08:00,314.5,314.5,314.5,314.5,2000,0.0,0.0
2024-10-23 12:09:00+08:00,314.5,314.5,314.5,314.5,3001,0.0,0.0
2024-10-23 12:10:00+08:00,314.5,314.5,314.5,314.5,2000,0.0,0.0
2024-10-23 12:11:00+08:00,314.5,314.5,314.5,314.5,2007,0.0,0.0
2024-10-23 12:12:00+08:00,315.0,315.0,315.0,315.0,5010,0.0,0.0
2024-10-23 12:13:00+08:00,314.5,314.5,314.5,314.5,2100,0.0,0.0
2024-10-23 12:14:00+08:00,314.5,314.5,314.5,314.5,4300,0.0,0.0
2024-10-23 12:15:00+08:00,314.5,315.0,314.5,315.0,4000,0.0,0.0
2024-10-23 12:16:00+08:00,315.0,315.0,314.5,314.5,4030,0.0,0.0
2024-10-23 12:17:00+08:00,315.0,315.0,315.0,315.0,1000,0.0,0.0
2024-10-23 12:18:00+08:00,314.5,314.5,314.5,314.5,2000,0.0,0.0
2024-10-23 12:19:00+08:00,315.0,315.0,315.0,315.0,2000,0.0,0.0
2024-10-23 12:20:00+08:00,315.0,315.0,314.5,314.5,5020,0.0,0.0
2024-10-23 12:21:00+08:00,314.5,314.5,314.5,314.5,7110,0.0,0.0
2024-10-23 12:22:00+08:00,314.5,315.0,314.5,315.0,14200,0.0,0.0
2024-10-23 12:23:00+08:00,314.5,314.5,314.5,314.5,3000,0.0,0.0
2024-10-23 12:24:00+08:00,314.5,315.0,314.5,315.0,3000,0.0,0.0
2024-10-23 12:25:00+08:00,314.5,315.0,314.5,314.5,5010,0.0,0.0
2024-10-23 12:26:00+08:00,315.0,315.0,314.5,315.0,5000,0.0,0.0
2024-10-23 12:27:00+08:00,315.0,315.5,315.0,315.0,74200,0.0,0.0
2024-10-23 12:28:00+08:00,315.5,316.0,315.5,315.5,3030,0.0,0.0
2024-10-23 12:29:00+08:00,315.5,316.0,315.0,315.5,23086,0.0,0.0
2024-10-23 12:30:00+08:00,315.5,315.5,315.5,315.5,9010,0.0,0.0
2024-10-23 12:31:00+08:00,315.0,315.5,315.0,315.5,13270,0.0,0.0
2024-10-23 12:32:00+08:00,315.0,315.0,315.0,315.0,42000,0.0,0.0
2024-10-23 12:33:00+08:00,314.5,315.0,314.5,314.5,7088,0.0,0.0
2024-10-23 12:34:00+08:00,314.5,314.5,314.5,314.5,1002,0.0,0.0
2024-10-23 12:35:00+08:00,315.0,315.0,315.0,315.0,2000,0.0,0.0
2024-10-23 12:36:00+08:00,315.0,315.5,315.0,315.0,15003,0.0,0.0
2024-10-23 12:38:00+08:00,315.0,315.0,315.0,315.0,1000,0.0,0.0
2024-10-23 12:39:00+08:00,315.0,315.0,315.0,315.0,1010,0.0,0.0
2024-10-23 12:40:00+08:00,315.0,315.0,315.0,315.0,3064,0.0,0.0
2024-10-23 12:41:00+08:00,315.0,315.0,315.0,315.0,2050,0.0,0.0
2024-10-23 12:42:00+08:00,315.0,315.0,315.0,315.0,18350,0.0,0.0
2024-10-23 12:43:00+08:00,314.5,314.5,314.5,314.5,3030,0.0,0.0
2024-10-23 12:44:00+08:00,314.5,314.5,314.5,314.5,5000,0.0,0.0
2024-10-23 12:45:00+08:00,314.5,315.0,314.5,315.0,5063,0.0,0.0
2024-10-23 12:46:00+08:00,315.0,315.0,315.0,315.0,2010,0.0,0.0
2024-10-23 12:47:00+08:00,315.0,315.5,315.0,315.0,99110,0.0,0.0
2024-10-23 12:48:00+08:00,315.0,315.0,315.0,315.0,1000,0.0,0.0
2024-10-23 12:49:00+08:00,315.0,315.0,315.0,315.0,47050,0.0,0.0
2024-10-23 12:50:00+08:00,315.0,315.0,315.0,315.0,7150,0.0,0.0
2024-10-23 12:51:00+08:00,314.5,314.5,314.5,314.5,1025,0.0,0.0
2024-10-23 12:52:00+08:00,315.0,315.5,315.0,315.0,18100,0.0,0.0
2024-10-23 12:54:00+08:00,315.0,315.0,315.0,315.0,2001,0.0,0.0
2024-10-23 12:55:00+08:00,315.0,315.0,315.0,315.0,8010,0.0,0.0
2024-10-23 12:56:00+08:00,315.0,315.5,314.5,314.5,23100,0.0,0.0
2024-10-23 12:58:00+08:00,314.5,314.5,314.5,314.5,4300,0.0,0.0
2024-10-23 12:59:00+08:00,314.5,314.5,314.5,314.5,1586,0.0,0.0
2024-10-23 13:00:00+08:00,314.5,314.5,314.5,314.5,1310,0.0,0.0
2024-10-23 13:01:00+08:00,314.5,314.5,314.5,314.5,2050,0.0,0.0
2024-10-23 13:02:00+08:00,314.5,314.5,314.5,314.5,4000,0.0,0.0
2024-10-23 13:03:00+08:00,315.0,315.0,314.0,314.0,144100,0.0,0.0
2024-10-23 13:04:00+08:00,314.0,314.5,314.0,314.5,14200,0.0,0.0
2024-10-23 13:05:00+08:00,314.0,314.5,314.0,314.0,5000,0.0,0.0
2024-10-23 13:06:00+08:00,314.5,314.5,314.0,314.0,5050,0.0,0.0
2024-10-23 13:07:00+08:00,314.0,314.5,314.0,314.5,11010,0.0,0.0
2024-10-23 13:08:00+08:00,314.0,314.5,314.0,314.5,16300,0.0,0.0
2024-10-23 13:09:00+08:00,314.0,314.5,314.0,314.5,11403,0.0,0.0
2024-10-23 13:10:00+08:00,314.0,314.5,314.0,314.0,14510,0.0,0.0
2024-10-23 13:11:00+08:00,314.5,314.5,313.5,313.5,117001,0.0,0.0
2024-10-23 13:12:00+08:00,313.5,313.5,313.5,313.5,12724,0.0,0.0
2024-10-23 13:13:00+08:00,313.5,314.5,313.5,314.0,202000,0.0,0.0
2024-10-23 13:14:00+08:00,314.0,315.0,314.0,315.0,31010,0.0,0.0
2024-10-23 13:15:00+08:00,315.0,315.0,314.5,314.5,37000,0.0,0.0
2024-10-23 13:16:00+08:00,314.5,314.5,314.0,314.0,5003,0.0,0.0
2024-10-23 13:17:00+08:00,314.0,314.0,314.0,314.0,8009,0.0,0.0
2024-10-23 13:18:00+08:00,314.0,314.5,314.0,314.5,7100,0.0,0.0
2024-10-23 13:19:00+08:00,314.0,314.0,314.0,314.0,3000,0.0,0.0
2024-10-23 13:20:00+08:00,314.0,314.5,314.0,314.5,12000,0.0,0.0
2024-10-23 13:21:00+08:00,314.5,314.5,314.5,314.5,3020,0.0,0.0
2024-10-23 13:22:00+08:00,314.5,314.5,314.0,314.0,62000,0.0,0.0
2024-10-23 13:23:00+08:00,314.0,314.5,314.0,314.0,20010,0.0,0.0
2024-10-23 13:24:00+08:00,314.5,314.5,314.0,314.0,54671,0.0,0.0
2024-10-24 09:00:00+08:00,312.0,312.0,310.0,311.5,143000,0.0,0.0
2024-10-24 09:01:00+08:00,312.0,313.5,311.5,313.5,72000,0.0,0.0
2024-10-24 09:02:00+08:00,313.5,313.5,313.0,313.0,32000,0.0,0.0
2024-10-24 09:03:00+08:00,313.0,313.0,313.0,313.0,3000,0.0,0.0
2024-10-24 09:04:00+08:00,312.5,312.5,312.5,312.5,17000,0.0,0.0
2024-10-24 09:05:00+08:00,312.5,312.5,310.5,312.0,223000,0.0,0.0
2024-10-24 09:06:00+08:00,312.0,312.5,312.0,312.0,6000,0.0,0.0
2024-10-24 09:07:00+08:00,312.5,312.5,312.5,312.5,1000,0.0,0.0
2024-10-24 09:08:00+08:00,312.5,312.5,312.0,312.0,20000,0.0,0.0
2024-10-24 09:09:00+08:00,311.5,312.0,311.0,311.5,32143,0.0,0.0
2024-10-24 09:10:00+08:00,311.5,313.0,311.5,313.0,43000,0.0,0.0
2024-10-24 09:11:00+08:00,313.0,313.0,312.5,313.0,27302,0.0,0.0
2024-10-24 09:12:00+08:00,312.0,312.5,311.5,312.0,98000,0.0,0.0
2024-10-24 09:13:00+08:00,312.0,312.5,311.5,311.5,22452,0.0,0.0
2024-10-24 09:14:00+08:00,312.0,312.5,312.0,312.0,22353,0.0,0.0
2024-10-24 09:15:00+08:00,312.5,312.5,311.5,311.5,24352,0.0,0.0
2024-10-24 09:16:00+08:00,311.5,312.0,311.5,312.0,10035,0.0,0.0
2024-10-24 09:18:00+08:00,312.0,312.0,312.0,312.0,2100,0.0,0.0
2024-10-24 09:20:00+08:00,312.0,312.5,311.5,312.0,16070,0.0,0.0
2024-10-24 09:21:00+08:00,312.0,312.0,311.5,311.5,5000,0.0,0.0
2024-10-24 09:22:00+08:00,311.5,311.5,311.5,311.5,5362,0.0,0.0
2024-10-24 09:23:00+08:00,311.5,312.0,311.5,312.0,26000,0.0,0.0
2024-10-24 09:24:00+08:00,312.0,312.0,312.0,312.0,24055,0.0,0.0
2024-10-24 09:26:00+08:00,312.0,312.5,312.0,312.5,8000,0.0,0.0
2024-10-24 09:27:00+08:00,312.0,312.0,312.0,312.0,1050,0.0,0.0
2024-10-24 09:28:00+08:00,312.0,312.0,312.0,312.0,16000,0.0,0.0
2024-10-24 09:29:00+08:00,312.0,312.0,312.0,312.0,10210,0.0,0.0
2024-10-24 09:30:00+08:00,312.0,312.5,312.0,312.5,8119,0.0,0.0
2024-10-24 09:31:00+08:00,312.0,312.0,312.0,312.0,1000,0.0,0.0
2024-10-24 09:32:00+08:00,312.0,312.5,312.0,312.0,22121,0.0,0.0
2024-10-24 09:36:00+08:00,312.5,312.5,312.0,312.0,24050,0.0,0.0
2024-10-24 09:37:00+08:00,312.0,312.0,312.0,312.0,6000,0.0,0.0
2024-10-24 09:38:00+08:00,312.0,312.0,311.5,311.5,45120,0.0,0.0
2024-10-24 09:39:00+08:00,311.0,311.0,310.5,310.5,89733,0.0,0.0
2024-10-24 09:40:00+08:00,310.5,311.0,310.5,311.0,21000,0.0,0.0
2024-10-24 09:41:00+08:00,311.0,311.0,310.5,311.0,10347,0.0,0.0
2024-10-24 09:42:00+08:00,311.0,311.0,310.5,310.5,12010,0.0,0.0
2024-10-24 09:43:00+08:00,311.0,311.5,311.0,311.0,13960,0.0,0.0
2024-10-24 09:46:00+08:00,311.0,311.5,311.0,311.0,11050,0.0,0.0
2024-10-24 09:47:00+08:00,311.0,311.0,311.0,311.0,5100,0.0,0.0
2024-10-24 09:48:00+08:00,311.0,311.0,311.0,311.0,3050,0.0,0.0
2024-10-24 09:49:00+08:00,311.0,311.0,311.0,311.0,2070,0.0,0.0
2024-10-24 09:50:00+08:00,311.0,311.0,311.0,311.0,5055,0.0,0.0
2024-10-24 09:51:00+08:00,311.0,311.0,311.0,311.0,2010,0.0,0.0
2024-10-24 09:53:00+08:00,311.5,311.5,311.0,311.0,2000,0.0,0.0
2024-10-24 09:54:00+08:00,311.0,311.5,311.0,311.0,8116,0.0,0.0
2024-10-24 09:55:00+08:00,311.0,311.0,311.0,311.0,3200,0.0,0.0
2024-10-24 09:56:00+08:00,311.0,311.0,311.0,311.0,1000,0.0,0.0
2024-10-24 09:57:00+08:00,311.0,311.0,311.0,311.0,2000,0.0,0.0
2024-10-24 09:58:00+08:00,311.5,311.5,311.5,311.5,1000,0.0,0.0
2024-10-24 09:59:00+08:00,311.0,311.0,310.5,311.0,60100,0.0,0.0
2024-10-24 10:00:00+08:00,310.5,310.5,310.5,310.5,2000,0.0,0.0
2024-10-24 10:01:00+08:00,311.0,311.0,311.0,311.0,6130,0.0,0.0
2024-10-24 10:02:00+08:00,311.0,311.0,311.0,311.0,13496,0.0,0.0
2024-10-24 10:03:00+08:00,310.5,310.5,310.5,310.5,2000,0.0,0.0
2024-10-24 10:04:00+08:00,311.0,311.0,311.0,311.0,14262,0.0,0.0
2024-10-24 10:05:00+08:00,311.0,311.0,311.0,311.0,3155,0.0,0.0
2024-10-24 10:06:00+08:00,311.0,311.5,311.0,311.5,8000,0.0,0.0
2024-10-24 10:07:00+08:00,311.0,311.0,311.0,311.0,3100,0.0,0.0
2024-10-24 10:08:00+08:00,311.0,311.0,311.0,311.0,1000,0.0,0.0
2024-10-24 10:09:00+08:00,311.0,311.0,311.0,311.0,4054,0.0,0.0
2024-10-24 10:10:00+08:00,311.0,311.0,311.0,311.0,10100,0.0,0.0
2024-10-24 10:11:00+08:00,311.0,311.0,311.0,311.0,3334,0.0,0.0
2024-10-24 10:14:00+08:00,310.5,310.5,310.5,310.5,2000,0.0,0.0
2024-10-24 10:15:00+08:00,310.5,310.5,310.5,310.5,5050,0.0,0.0
2024-10-24 10:16:00+08:00,311.0,311.0,311.0,311.0,12150,0.0,0.0
2024-10-24 10:18:00+08:00,311.0,311.0,311.0,311.0,2331,0.0,0.0
2024-10-24 10:20:00+08:00,311.0,311.5,311.0,311.5,2191,0.0,0.0
2024-10-24 10:21:00+08:00,311.0,311.0,311.0,311.0,1000,0.0,0.0
2024-10-24 10:22:00+08:00,311.0,311.0,311.0,311.0,2029,0.0,0.0
2024-10-24 10:23:00+08:00,311.5,312.0,311.5,312.0,15000,0.0,0.0
2024-10-24 10:24:00+08:00,311.5,311.5,311.5,311.5,2002,0.0,0.0
2024-10-24 10:25:00+08:00,311.5,311.5,311.0,311.0,10313,0.0,0.0
2024-10-24 10:28:00+08:00,311.0,311.5,311.0,311.5,3000,0.0,0.0
2024-10-24 10:29:00+08:00,311.5,311.5,310.5,310.5,45000,0.0,0.0
2024-10-24 10:30:00+08:00,310.5,310.5,310.5,310.5,2150,0.0,0.0
2024-10-24 10:31:00+08:00,311.0,311.0,311.0,311.0,2110,0.0,0.0
2024-10-24 10:33:00+08:00,310.5,311.0,310.5,310.5,10320,0.0,0.0
2024-10-24 10:34:00+08:00,310.5,311.0,310.5,310.5,4000,0.0,0.0
2024-10-24 10:35:00+08:00,310.5,310.5,310.5,310.5,2010,0.0,0.0
2024-10-24 10:36:00+08:00,310.5,310.5,309.0,309.0,201006,0.0,0.0
2024-10-24 10:37:00+08:00,309.0,309.0,309.0,309.0,3116,0.0,0.0
2024-10-24 10:38:00+08:00,309.0,309.0,309.0,309.0,24561,0.0,0.0
2024-10-24 10:39:00+08:00,309.0,309.0,308.5,308.5,28207,0.0,0.0
2024-10-24 10:40:00+08:00,308.5,309.0,307.5,307.5,112347,0.0,0.0
2024-10-24 10:41:00+08:00,307.5,307.5,307.5,307.5,2796,0.0,0.0
2024-10-24 10:42:00+08:00,307.5,308.0,307.0,307.5,47047,0.0,0.0
2024-10-24 10:43:00+08:00,307.5,307.5,307.5,307.5,16841,0.0,0.0
2024-10-24 10:44:00+08:00,307.5,307.5,307.5,307.5,3000,0.0,0.0
2024-10-24 10:45:00+08:00,307.5,307.5,307.0,307.0,23000,0.0,0.0
2024-10-24 10:46:00+08:00,307.5,308.5,307.0,308.5,28760,0.0,0.0
2024-10-24 10:47:00+08:00,308.5,309.0,308.5,309.0,5000,0.0,0.0
2024-10-24 10:48:00+08:00,308.5,308.5,308.0,308.0,24000,0.0,0.0
2024-10-24 10:49:00+08:00,308.0,308.0,307.5,307.5,27520,0.0,0.0
2024-10-24 10:50:00+08:00,307.0,307.5,307.0,307.5,2150,0.0,0.0
2024-10-24 10:51:00+08:00,307.5,308.0,307.0,307.5,13190,0.0,0.0
2024-10-24 10:52:00+08:00,307.5,308.0,307.5,308.0,3000,0.0,0.0
2024-10-24 10:53:00+08:00,308.0,308.0,307.5,307.5,41034,0.0,0.0
2024-10-24 10:54:00+08:00,308.0,308.0,308.0,308.0,6200,0.0,0.0
2024-10-24 10:55:00+08:00,307.5,307.5,307.5,307.5,2000,0.0,0.0
2024-10-24 10:56:00+08:00,308.0,308.0,308.0,308.0,13000,0.0,0.0
2024-10-24 10:58:00+08:00,308.0,308.0,308.0,308.0,27018,0.0,0.0
2024-10-24 10:59:00+08:00,308.0,308.0,307.5,308.0,17000,0.0,0.0
2024-10-24 11:00:00+08:00,307.5,308.0,307.5,308.0,21305,0.0,0.0
2024-10-24 11:01:00+08:00,308.5,308.5,308.0,308.5,11000,0.0,0.0
2024-10-24 11:02:00+08:00,308.5,309.5,308.5,309.5,13000,0.0,0.0
2024-10-24 11:03:00+08:00,309.5,309.5,308.5,309.5,23000,0.0,0.0
2024-10-24 11:04:00+08:00,308.5,309.5,308.5,309.0,13010,0.0,0.0
2024-10-24 11:05:00+08:00,309.0,309.0,309.0,309.0,5000,0.0,0.0
2024-10-24 11:06:00+08:00,309.0,309.0,308.0,308.5,9040,0.0,0.0
2024-10-24 11:07:00+08:00,308.0,308.5,308.0,308.0,58000,0.0,0.0
2024-10-24 11:08:00+08:00,308.5,308.5,308.5,308.5,3003,0.0,0.0
2024-10-24 11:09:00+08:00,308.5,309.0,308.0,309.0,21020,0.0,0.0
2024-10-24 11:10:00+08:00,308.5,309.0,308.5,309.0,10000,0.0,0.0
2024-10-24 11:11:00+08:00,308.5,309.0,308.5,309.0,5000,0.0,0.0
2024-10-24 11:12:00+08:00,309.0,309.0,308.5,309.0,10000,0.0,0.0
2024-10-24 11:13:00+08:00,309.0,309.0,309.0,309.0,4000,0.0,0.0
2024-10-24 11:14:00+08:00,309.0,309.5,309.0,309.5,7000,0.0,0.0
2024-10-24 11:15:00+08:00,309.0,309.0,308.0,308.5,40000,0.0,0.0
2024-10-24 11:16:00+08:00,308.5,308.5,308.0,308.5,9180,0.0,0.0
2024-10-24 11:18:00+08:00,308.5,308.5,308.0,308.0,10000,0.0,0.0
2024-10-24 11:19:00+08:00,308.0,308.0,307.5,308.0,42387,0.0,0.0
2024-10-24 11:20:00+08:00,308.0,308.0,308.0,308.0,1000,0.0,0.0
2024-10-24 11:21:00+08:00,308.0,308.0,308.0,308.0,5000,0.0,0.0
2024-10-24 11:22:00+08:00,308.0,308.0,308.0,308.0,8063,0.0,0.0
2024-10-24 11:24:00+08:00,308.0,308.0,307.5,307.5,46205,0.0,0.0
2024-10-24 11:25:00+08:00,307.5,307.5,307.5,307.5,1000,0.0,0.0
2024-10-24 11:26:00+08:00,307.5,307.5,307.5,307.5,12650,0.0,0.0
2024-10-24 11:27:00+08:00,307.5,307.5,307.5,307.5,5000,0.0,0.0
2024-10-24 11:28:00+08:00,308.0,308.5,307.5,308.0,52000,0.0,0.0
2024-10-24 11:29:00+08:00,308.0,308.0,308.0,308.0,3100,0.0,0.0
2024-10-24 11:30:00+08:00,308.0,308.0,308.0,308.0,7085,0.0,0.0
2024-10-24 11:31:00+08:00,307.5,307.5,307.5,307.5,4000,0.0,0.0
2024-10-24 11:32:00+08:00,307.5,307.5,306.0,306.0,357366,0.0,0.0
2024-10-24 11:33:00+08:00,306.5,307.5,306.5,306.5,37030,0.0,0.0
2024-10-24 11:34:00+08:00,306.5,307.0,306.5,307.0,6100,0.0,0.0
2024-10-24 11:35:00+08:00,307.0,307.0,304.5,304.5,206340,0.0,0.0
2024-10-24 11:36:00+08:00,304.5,305.0,304.0,304.5,55812,0.0,0.0
2024-10-24 11:37:00+08:00,304.5,304.5,304.5,304.5,5471,0.0,0.0
2024-10-24 11:38:00+08:00,304.5,305.5,304.5,305.5,58005,0.0,0.0
2024-10-24 11:39:00+08:00,305.5,305.5,305.5,305.5,8051,0.0,0.0
2024-10-24 11:40:00+08:00,305.5,306.0,305.5,305.5,9100,0.0,0.0
2024-10-24 11:41:00+08:00,306.0,306.0,306.0,306.0,6013,0.0,0.0
2024-10-24 11:42:00+08:00,305.5,305.5,305.0,305.0,29040,0.0,0.0
2024-10-24 11:43:00+08:00,305.0,305.0,305.0,305.0,17085,0.0,0.0
2024-10-24 11:44:00+08:00,305.0,305.0,304.5,304.5,20619,0.0,0.0
2024-10-24 11:45:00+08:00,305.0,305.0,305.0,305.0,11000,0.0,0.0
2024-10-24 11:46:00+08:00,304.5,305.0,304.0,304.0,29402,0.0,0.0
2024-10-24 11:47:00+08:00,304.0,304.5,304.0,304.5,21632,0.0,0.0
2024-10-24 11:48:00+08:00,304.5,304.5,304.0,304.5,26114,0.0,0.0
2024-10-24 11:49:00+08:00,304.5,304.5,304.5,304.5,9050,0.0,0.0
2024-10-24 11:50:00+08:00,304.5,304.5,304.0,304.0,2000,0.0,0.0
2024-10-24 11:51:00+08:00,303.5,304.0,303.5,304.0,66242,0.0,0.0
2024-10-24 11:52:00+08:00,304.0,304.5,303.5,304.5,9005,0.0,0.0
2024-10-24 11:53:00+08:00,304.0,304.0,304.0,304.0,1160,0.0,0.0
2024-10-24 11:54:00+08:00,304.0,304.0,304.0,304.0,3150,0.0,0.0
2024-10-24 11:55:00+08:00,304.0,304.0,304.0,304.0,5000,0.0,0.0
2024-10-24 11:56:00+08:00,304.0,304.0,304.0,304.0,1250,0.0,0.0
2024-10-24 11:57:00+08:00,304.5,304.5,304.0,304.0,21003,0.0,0.0
2024-10-24 11:58:00+08:00,304.0,304.5,304.0,304.5,11007,0.0,0.0
2024-10-24 11:59:00+08:00,304.5,304.5,304.0,304.0,2000,0.0,0.0
2024-10-24 12:00:00+08:00,304.0,304.0,303.5,303.5,100495,0.0,0.0
2024-10-24 12:01:00+08:00,303.5,303.5,303.0,303.5,19265,0.0,0.0
2024-10-24 12:02:00+08:00,303.5,303.5,303.0,303.0,24271,0.0,0.0
2024-10-24 12:03:00+08:00,303.5,303.5,303.0,303.0,4415,0.0,0.0
2024-10-24 12:04:00+08:00,303.5,303.5,303.0,303.5,9000,0.0,0.0
2024-10-24 12:05:00+08:00,303.5,303.5,303.5,303.5,15501,0.0,0.0
2024-10-24 12:06:00+08:00,303.0,303.5,302.0,302.5,146339,0.0,0.0
2024-10-24 12:07:00+08:00,302.0,302.5,302.0,302.5,14078,0.0,0.0
2024-10-24 12:08:00+08:00,302.0,302.5,302.0,302.5,18694,0.0,0.0
2024-10-24 12:09:00+08:00,302.5,302.5,302.0,302.5,12670,0.0,0.0
2024-10-24 12:10:00+08:00,302.5,302.5,302.0,302.0,14154,0.0,0.0
2024-10-24 12:11:00+08:00,302.0,302.0,302.0,302.0,61101,0.0,0.0
2024-10-24 12:12:00+08:00,302.5,302.5,302.0,302.0,14200,0.0,0.0
2024-10-24 12:13:00+08:00,302.0,302.0,301.5,302.0,31307,0.0,0.0
2024-10-24 12:14:00+08:00,302.0,302.0,301.5,301.5,20673,0.0,0.0
2024-10-24 12:15:00+08:00,301.5,301.5,301.0,301.0,46833,0.0,0.0
2024-10-24 12:16:00+08:00,301.0,301.0,301.0,301.0,3000,0.0,0.0
2024-10-24 12:17:00+08:00,301.0,301.5,301.0,301.0,8285,0.0,0.0
2024-10-24 12:18:00+08:00,301.0,301.5,301.0,301.0,13030,0.0,0.0
2024-10-24 12:19:00+08:00,301.5,301.5,301.0,301.0,17670,0.0,0.0
2024-10-24 12:20:00+08:00,301.0,301.0,301.0,301.0,19347,0.0,0.0
2024-10-24 12:21:00+08:00,301.5,301.5,301.0,301.0,10660,0.0,0.0
2024-10-24 12:22:00+08:00,301.0,301.5,301.0,301.5,15000,0.0,0.0
2024-10-24 12:23:00+08:00,301.5,301.5,301.0,301.5,7160,0.0,0.0
2024-10-24 12:24:00+08:00,302.0,302.0,301.0,301.0,52010,0.0,0.0
2024-10-24 12:25:00+08:00,301.0,301.0,300.5,301.0,27637,0.0,0.0
2024-10-24 12:26:00+08:00,301.0,301.0,300.5,300.5,13124,0.0,0.0
2024-10-24 12:27:00+08:00,301.0,301.0,300.5,301.0,27240,0.0,0.0
2024-10-24 12:28:00+08:00,301.0,301.0,300.5,300.5,75030,0.0,0.0
2024-10-24 12:29:00+08:00,300.5,301.0,300.5,301.0,14600,0.0,0.0
2024-10-24 12:30:00+08:00,300.5,301.5,300.5,300.5,15511,0.0,0.0
2024-10-24 12:31:00+08:00,301.0,301.0,301.0,301.0,7100,0.0,0.0
2024-10-24 12:32:00+08:00,301.0,301.0,300.5,301.0,5820,0.0,0.0
2024-10-24 12:33:00+08:00,301.0,301.0,301.0,301.0,12090,0.0,0.0
2024-10-24 12:34:00+08:00,301.0,301.5,301.0,301.5,7005,0.0,0.0
2024-10-24 12:35:00+08:00,301.5,302.0,301.5,302.0,23005,0.0,0.0
2024-10-24 12:36:00+08:00,302.0,302.0,301.5,301.5,2100,0.0,0.0
2024-10-24 12:37:00+08:00,302.0,302.0,301.5,302.0,23064,0.0,0.0
2024-10-24 12:38:00+08:00,302.0,302.0,301.5,302.0,14069,0.0,0.0
2024-10-24 12:39:00+08:00,302.0,302.5,302.0,302.0,8211,0.0,0.0
2024-10-24 12:40:00+08:00,302.0,302.5,301.5,302.0,11116,0.0,0.0
2024-10-24 12:41:00+08:00,302.0,302.5,302.0,302.5,2000,0.0,0.0
2024-10-24 12:42:00+08:00,302.5,302.5,302.0,302.0,19213,0.0,0.0
2024-10-24 12:43:00+08:00,302.5,302.5,302.0,302.0,14298,0.0,0.0
2024-10-24 12:44:00+08:00,301.5,302.0,301.5,302.0,3300,0.0,0.0
2024-10-24 12:45:00+08:00,302.0,302.0,301.5,301.5,48137,0.0,0.0
2024-10-24 12:46:00+08:00,301.0,301.5,301.0,301.5,68000,0.0,0.0
2024-10-24 12:47:00+08:00,301.5,301.5,301.0,301.0,4175,0.0,0.0
2024-10-24 12:48:00+08:00,301.5,302.0,301.5,302.0,8083,0.0,0.0
2024-10-24 12:49:00+08:00,302.0,302.0,302.0,302.0,1000,0.0,0.0
2024-10-24 12:50:00+08:00,302.0,302.0,301.5,301.5,30157,0.0,0.0
2024-10-24 12:51:00+08:00,301.5,301.5,301.5,301.5,1256,0.0,0.0
2024-10-24 12:52:00+08:00,301.5,301.5,301.0,301.5,6035,0.0,0.0
2024-10-24 12:53:00+08:00,301.5,302.0,301.0,302.0,24536,0.0,0.0
2024-10-24 12:54:00+08:00,302.0,302.0,301.5,301.5,8060,0.0,0.0
2024-10-24 12:55:00+08:00,302.0,302.0,302.0,302.0,22100,0.0,0.0
2024-10-24 12:56:00+08:00,302.5,302.5,302.0,302.0,22050,0.0,0.0
2024-10-24 12:57:00+08:00,302.0,302.5,302.0,302.0,16000,0.0,0.0
2024-10-24 12:58:00+08:00,302.5,302.5,301.5,302.5,28108,0.0,0.0
2024-10-24 12:59:00+08:00,302.0,302.0,302.0,302.0,5150,0.0,0.0
2024-10-24 13:00:00+08:00,302.5,302.5,302.5,302.5,11000,0.0,0.0
2024-10-24 13:01:00+08:00,302.5,302.5,302.5,302.5,1000,0.0,0.0
2024-10-24 13:02:00+08:00,302.5,302.5,302.5,302.5,3015,0.0,0.0
2024-10-24 13:03:00+08:00,302.5,303.0,302.5,302.5,19372,0.0,0.0
2024-10-24 13:04:00+08:00,302.5,302.5,302.0,302.0,27000,0.0,0.0
2024-10-24 13:05:00+08:00,302.5,302.5,302.0,302.5,4567,0.0,0.0
2024-10-24 13:06:00+08:00,302.5,302.5,302.0,302.0,6129,0.0,0.0
2024-10-24 13:07:00+08:00,302.0,302.5,302.0,302.5,16150,0.0,0.0
2024-10-24 13:08:00+08:00,302.5,303.0,302.0,302.0,49160,0.0,0.0
2024-10-24 13:09:00+08:00,302.5,302.5,302.0,302.0,8381,0.0,0.0
2024-10-24 13:10:00+08:00,302.5,302.5,302.0,302.0,33090,0.0,0.0
2024-10-24 13:11:00+08:00,302.5,302.5,302.0,302.5,14090,0.0,0.0
2024-10-24 13:12:00+08:00,302.0,302.0,302.0,302.0,28940,0.0,0.0
2024-10-24 13:13:00+08:00,301.5,302.0,301.5,302.0,12690,0.0,0.0
2024-10-24 13:14:00+08:00,302.0,302.0,301.5,301.5,28188,0.0,0.0
2024-10-24 13:15:00+08:00,301.5,302.5,301.5,302.5,4249,0.0,0.0
2024-10-24 13:16:00+08:00,302.5,302.5,302.0,302.0,21505,0.0,0.0
2024-10-24 13:17:00+08:00,302.5,302.5,302.0,302.5,20133,0.0,0.0
2024-10-24 13:18:00+08:00,302.5,302.5,302.0,302.0,14001,0.0,0.0
2024-10-24 13:19:00+08:00,303.0,303.0,302.5,302.5,10050,0.0,0.0
2024-10-24 13:20:00+08:00,302.5,302.5,302.5,302.5,5570,0.0,0.0
2024-10-24 13:21:00+08:00,303.0,303.0,303.0,303.0,2000,0.0,0.0
2024-10-24 13:22:00+08:00,303.0,303.0,302.5,303.0,17374,0.0,0.0
2024-10-24 13:23:00+08:00,303.0,303.0,302.5,302.5,22140,0.0,0.0
2024-10-24 13:24:00+08:00,302.5,303.0,301.5,301.5,131852,0.0,0.0
2024-10-25 09:00:00+08:00,304.5,305.0,303.0,303.5,0,0.0,0.0
2024-10-25 09:01:00+08:00,303.5,303.5,301.5,301.5,93000,0.0,0.0
2024-10-25 09:02:00+08:00,301.5,302.0,300.5,301.0,125000,0.0,0.0
2024-10-25 09:03:00+08:00,300.5,301.0,299.0,299.5,177000,0.0,0.0
2024-10-25 09:04:00+08:00,299.5,301.5,299.5,301.5,46000,0.0,0.0
2024-10-25 09:05:00+08:00,301.0,301.5,300.0,301.0,64000,0.0,0.0
2024-10-25 09:06:00+08:00,301.5,301.5,300.5,301.0,43000,0.0,0.0
2024-10-25 09:07:00+08:00,300.5,300.5,299.5,300.0,126000,0.0,0.0
2024-10-25 09:08:00+08:00,300.0,300.5,299.5,300.5,32000,0.0,0.0
2024-10-25 09:09:00+08:00,300.5,300.5,300.0,300.5,22000,0.0,0.0
2024-10-25 09:10:00+08:00,300.5,300.5,299.5,300.0,58171,0.0,0.0
2024-10-25 09:11:00+08:00,300.0,300.5,299.5,300.0,21452,0.0,0.0
2024-10-25 09:12:00+08:00,299.5,299.5,298.0,298.0,273877,0.0,0.0
2024-10-25 09:13:00+08:00,297.5,298.0,296.5,298.0,148994,0.0,0.0
2024-10-25 09:14:00+08:00,298.0,298.5,297.5,297.5,41735,0.0,0.0
2024-10-25 09:15:00+08:00,298.0,298.5,298.0,298.5,19685,0.0,0.0
2024-10-25 09:16:00+08:00,298.5,299.0,298.0,299.0,18000,0.0,0.0
2024-10-25 09:17:00+08:00,298.5,299.5,298.5,299.5,33000,0.0,0.0
2024-10-25 09:18:00+08:00,299.5,299.5,299.0,299.5,20500,0.0,0.0
2024-10-25 09:19:00+08:00,299.5,299.5,299.0,299.0,27000,0.0,0.0
2024-10-25 09:20:00+08:00,299.0,299.0,298.5,298.5,58495,0.0,0.0
2024-10-25 09:21:00+08:00,298.5,299.0,298.5,298.5,8000,0.0,0.0
2024-10-25 09:22:00+08:00,299.5,300.0,299.0,300.0,41300,0.0,0.0
2024-10-25 09:23:00+08:00,300.0,300.0,299.5,300.0,37810,0.0,0.0
2024-10-25 09:24:00+08:00,300.0,300.5,299.5,300.0,41470,0.0,0.0
2024-10-25 09:25:00+08:00,300.5,301.0,300.0,300.5,98061,0.0,0.0
2024-10-25 09:26:00+08:00,301.0,301.5,300.5,300.5,21050,0.0,0.0
2024-10-25 09:27:00+08:00,300.5,300.5,300.0,300.5,11165,0.0,0.0
2024-10-25 09:28:00+08:00,300.0,300.0,300.0,300.0,15160,0.0,0.0
2024-10-25 09:29:00+08:00,300.0,300.0,300.0,300.0,19060,0.0,0.0
2024-10-25 09:30:00+08:00,299.5,300.0,299.0,299.5,46475,0.0,0.0
2024-10-25 09:31:00+08:00,299.0,299.0,299.0,299.0,4000,0.0,0.0
2024-10-25 09:32:00+08:00,299.0,299.0,299.0,299.0,17117,0.0,0.0
2024-10-25 09:33:00+08:00,299.0,299.0,299.0,299.0,11078,0.0,0.0
2024-10-25 09:34:00+08:00,299.0,299.0,299.0,299.0,4145,0.0,0.0
2024-10-25 09:35:00+08:00,299.0,299.5,299.0,299.5,7000,0.0,0.0
2024-10-25 09:36:00+08:00,299.5,300.0,299.5,300.0,26000,0.0,0.0
2024-10-25 09:37:00+08:00,300.0,300.0,299.5,299.5,11001,0.0,0.0
2024-10-25 09:38:00+08:00,299.5,299.5,299.5,299.5,6023,0.0,0.0
2024-10-25 09:39:00+08:00,299.0,300.0,299.0,300.0,19202,0.0,0.0
2024-10-25 09:40:00+08:00,300.0,301.0,300.0,300.0,53010,0.0,0.0
2024-10-25 09:41:00+08:00,300.5,300.5,300.5,300.5,7070,0.0,0.0
2024-10-25 09:42:00+08:00,300.5,300.5,300.0,300.0,10020,0.0,0.0
2024-10-25 09:43:00+08:00,300.5,300.5,300.5,300.5,5203,0.0,0.0
2024-10-25 09:44:00+08:00,300.5,300.5,299.5,299.5,28100,0.0,0.0
2024-10-25 09:45:00+08:00,300.0,301.0,300.0,301.0,26108,0.0,0.0
2024-10-25 09:46:00+08:00,301.0,301.0,300.5,301.0,6045,0.0,0.0
2024-10-25 09:47:00+08:00,300.5,301.0,300.5,301.0,8025,0.0,0.0
2024-10-25 09:48:00+08:00,300.5,301.0,300.5,301.0,6000,0.0,0.0
2024-10-25 09:49:00+08:00,300.5,301.0,300.5,300.5,5178,0.0,0.0
2024-10-25 09:50:00+08:00,300.0,300.0,300.0,300.0,20000,0.0,0.0
2024-10-25 09:51:00+08:00,299.5,299.5,299.5,299.5,1000,0.0,0.0
2024-10-25 09:53:00+08:00,300.5,300.5,300.5,300.5,54050,0.0,0.0
2024-10-25 09:54:00+08:00,301.0,301.0,301.0,301.0,2250,0.0,0.0
2024-10-25 09:55:00+08:00,301.0,301.0,300.5,300.5,2110,0.0,0.0
2024-10-25 09:56:00+08:00,300.5,300.5,300.5,300.5,1650,0.0,0.0
2024-10-25 09:57:00+08:00,300.5,301.0,300.5,301.0,8000,0.0,0.0
2024-10-25 09:58:00+08:00,300.5,301.0,300.5,300.5,5000,0.0,0.0
2024-10-25 09:59:00+08:00,300.0,301.0,300.0,300.5,4301,0.0,0.0
2024-10-25 10:00:00+08:00,300.5,300.5,300.5,300.5,14200,0.0,0.0
2024-10-25 10:01:00+08:00,300.5,300.5,300.0,300.0,2000,0.0,0.0
2024-10-25 10:02:00+08:00,300.0,300.0,299.5,299.5,38300,0.0,0.0
2024-10-25 10:03:00+08:00,300.0,300.0,299.0,299.5,46155,0.0,0.0
2024-10-25 10:04:00+08:00,299.5,300.0,299.5,300.0,49100,0.0,0.0
2024-10-25 10:05:00+08:00,300.0,300.0,299.5,299.5,19100,0.0,0.0
2024-10-25 10:06:00+08:00,299.5,301.0,299.5,300.5,141000,0.0,0.0
2024-10-25 10:07:00+08:00,300.5,300.5,300.5,300.5,21200,0.0,0.0
2024-10-25 10:09:00+08:00,301.0,302.0,301.0,301.5,86364,0.0,0.0
2024-10-25 10:11:00+08:00,301.0,301.5,301.0,301.5,18031,0.0,0.0
2024-10-25 10:12:00+08:00,301.0,301.5,301.0,301.0,20437,0.0,0.0
2024-10-25 10:13:00+08:00,301.0,301.5,300.5,301.0,5010,0.0,0.0
2024-10-25 10:14:00+08:00,301.0,301.0,301.0,301.0,7020,0.0,0.0
2024-10-25 10:15:00+08:00,301.0,301.0,301.0,301.0,2000,0.0,0.0
2024-10-25 10:16:00+08:00,301.0,301.5,301.0,301.5,5005,0.0,0.0
2024-10-25 10:17:00+08:00,301.5,301.5,300.5,301.0,6000,0.0,0.0
2024-10-25 10:18:00+08:00,301.0,301.0,301.0,301.0,24005,0.0,0.0
2024-10-25 10:19:00+08:00,301.0,301.0,300.5,300.5,53126,0.0,0.0
2024-10-25 10:20:00+08:00,300.5,300.5,300.5,300.5,25130,0.0,0.0
2024-10-25 10:21:00+08:00,300.5,300.5,300.0,300.0,2150,0.0,0.0
2024-10-25 10:22:00+08:00,300.5,300.5,300.5,300.5,1000,0.0,0.0
2024-10-25 10:23:00+08:00,300.0,300.0,300.0,300.0,7302,0.0,0.0
2024-10-25 10:25:00+08:00,300.0,300.5,300.0,300.5,26010,0.0,0.0
2024-10-25 10:26:00+08:00,300.0,300.0,300.0,300.0,1010,0.0,0.0
2024-10-25 10:27:00+08:00,300.0,300.0,299.5,299.5,76000,0.0,0.0
2024-10-25 10:28:00+08:00,299.5,299.5,299.0,299.0,6417,0.0,0.0
2024-10-25 10:29:00+08:00,299.0,299.5,299.0,299.5,4010,0.0,0.0
2024-10-25 10:30:00+08:00,299.0,299.0,299.0,299.0,2280,0.0,0.0
2024-10-25 10:31:00+08:00,299.0,299.5,299.0,299.5,2000,0.0,0.0
2024-10-25 10:32:00+08:00,299.5,299.5,299.0,299.0,32015,0.0,0.0
2024-10-25 10:33:00+08:00,299.0,299.5,299.0,299.5,25000,0.0,0.0
2024-10-25 10:34:00+08:00,299.0,299.0,299.0,299.0,6096,0.0,0.0
2024-10-25 10:35:00+08:00,299.5,299.5,299.0,299.0,6010,0.0,0.0
2024-10-25 10:36:00+08:00,299.0,299.5,299.0,299.5,21100,0.0,0.0
2024-10-25 10:37:00+08:00,299.5,299.5,299.0,299.0,5050,0.0,0.0
2024-10-25 10:38:00+08:00,299.5,300.0,299.5,300.0,4533,0.0,0.0
2024-10-25 10:39:00+08:00,299.0,300.0,299.0,299.0,5006,0.0,0.0
2024-10-25 10:40:00+08:00,299.5,299.5,299.5,299.5,1000,0.0,0.0
2024-10-25 10:41:00+08:00,299.5,299.5,299.0,299.0,8091,0.0,0.0
2024-10-25 10:43:00+08:00,299.0,299.0,299.0,299.0,1000,0.0,0.0
2024-10-25 10:44:00+08:00,299.5,299.5,299.5,299.5,1200,0.0,0.0
2024-10-25 10:45:00+08:00,300.0,300.0,299.5,300.0,69000,0.0,0.0
2024-10-25 10:46:00+08:00,300.5,300.5,300.0,300.0,11000,0.0,0.0
2024-10-25 10:47:00+08:00,300.0,300.0,299.5,299.5,15001,0.0,0.0
2024-10-25 10:48:00+08:00,300.0,300.0,300.0,300.0,1000,0.0,0.0
2024-10-25 10:49:00+08:00,300.0,300.0,300.0,300.0,1000,0.0,0.0
2024-10-25 10:51:00+08:00,300.0,300.0,300.0,300.0,1270,0.0,0.0
2024-10-25 10:52:00+08:00,300.0,300.0,300.0,300.0,1000,0.0,0.0
2024-10-25 10:53:00+08:00,300.0,300.0,300.0,300.0,1000,0.0,0.0
2024-10-25 10:54:00+08:00,300.0,300.0,300.0,300.0,2000,0.0,0.0
2024-10-25 10:55:00+08:00,300.0,300.0,300.0,300.0,1180,0.0,0.0
2024-10-25 10:56:00+08:00,300.0,300.0,300.0,300.0,3000,0.0,0.0
2024-10-25 10:57:00+08:00,300.0,300.0,300.0,300.0,5005,0.0,0.0
2024-10-25 10:59:00+08:00,300.0,300.0,300.0,300.0,9000,0.0,0.0
2024-10-25 11:00:00+08:00,300.0,300.0,300.0,300.0,13010,0.0,0.0
2024-10-25 11:01:00+08:00,300.0,300.0,299.5,300.0,13000,0.0,0.0
2024-10-25 11:02:00+08:00,300.0,300.0,299.5,299.5,5984,0.0,0.0
2024-10-25 11:04:00+08:00,300.0,300.0,299.5,299.5,8020,0.0,0.0
2024-10-25 11:06:00+08:00,299.5,299.5,299.5,299.5,6000,0.0,0.0
2024-10-25 11:07:00+08:00,299.5,299.5,299.5,299.5,1215,0.0,0.0
2024-10-25 11:08:00+08:00,299.5,299.5,299.5,299.5,2000,0.0,0.0
2024-10-25 11:09:00+08:00,299.5,300.0,299.5,300.0,2005,0.0,0.0
2024-10-25 11:10:00+08:00,299.5,299.5,299.5,299.5,1000,0.0,0.0
2024-10-25 11:11:00+08:00,299.5,299.5,299.5,299.5,2000,0.0,0.0
2024-10-25 11:12:00+08:00,299.5,300.0,299.0,300.0,209992,0.0,0.0
2024-10-25 11:13:00+08:00,300.0,300.0,299.5,299.5,37000,0.0,0.0
2024-10-25 11:14:00+08:00,299.5,299.5,299.0,299.0,3035,0.0,0.0
2024-10-25 11:15:00+08:00,299.0,299.5,299.0,299.0,7000,0.0,0.0
2024-10-25 11:16:00+08:00,299.5,300.0,299.0,300.0,39060,0.0,0.0
2024-10-25 11:17:00+08:00,300.0,300.0,300.0,300.0,2011,0.0,0.0
2024-10-25 11:18:00+08:00,299.5,299.5,299.5,299.5,1000,0.0,0.0
2024-10-25 11:19:00+08:00,299.5,299.5,299.5,299.5,23040,0.0,0.0
2024-10-25 11:20:00+08:00,300.0,300.0,299.5,299.5,2156,0.0,0.0
2024-10-25 11:21:00+08:00,299.5,299.5,299.5,299.5,4000,0.0,0.0
2024-10-25 11:22:00+08:00,299.5,299.5,299.0,299.0,22005,0.0,0.0
2024-10-25 11:23:00+08:00,299.0,300.0,299.0,299.5,39356,0.0,0.0
2024-10-25 11:24:00+08:00,299.5,300.5,299.5,300.5,88010,0.0,0.0
2024-10-25 11:25:00+08:00,300.5,300.5,299.5,300.0,42000,0.0,0.0
2024-10-25 11:26:00+08:00,300.5,300.5,300.0,300.0,49100,0.0,0.0
2024-10-25 11:27:00+08:00,299.5,299.5,299.0,299.0,68223,0.0,0.0
2024-10-25 11:28:00+08:00,299.0,299.5,298.5,299.5,17433,0.0,0.0
2024-10-25 11:29:00+08:00,299.5,299.5,299.5,299.5,4004,0.0,0.0
2024-10-25 11:30:00+08:00,299.5,299.5,299.5,299.5,2000,0.0,0.0
2024-10-25 11:31:00+08:00,300.0,300.0,300.0,300.0,2010,0.0,0.0
2024-10-25 11:32:00+08:00,299.5,299.5,299.5,299.5,1050,0.0,0.0
2024-10-25 11:33:00+08:00,299.5,299.5,299.5,299.5,1000,0.0,0.0
2024-10-25 11:34:00+08:00,299.5,300.0,299.5,300.0,5000,0.0,0.0
2024-10-25 11:36:00+08:00,299.5,299.5,299.5,299.5,2257,0.0,0.0
2024-10-25 11:38:00+08:00,299.5,299.5,299.5,299.5,2000,0.0,0.0
2024-10-25 11:40:00+08:00,299.5,299.5,299.5,299.5,15360,0.0,0.0
2024-10-25 11:42:00+08:00,299.5,300.0,299.5,300.0,7000,0.0,0.0
2024-10-25 11:45:00+08:00,299.0,299.0,299.0,299.0,5450,0.0,0.0
2024-10-25 11:46:00+08:00,299.0,299.0,299.0,299.0,1074,0.0,0.0
2024-10-25 11:47:00+08:00,299.0,299.0,299.0,299.0,3015,0.0,0.0
2024-10-25 11:48:00+08:00,299.5,299.5,299.0,299.0,5000,0.0,0.0
2024-10-25 11:49:00+08:00,299.5,299.5,299.0,299.0,2120,0.0,0.0
2024-10-25 11:50:00+08:00,299.5,299.5,299.5,299.5,17000,0.0,0.0
2024-10-25 11:51:00+08:00,299.5,299.5,299.0,299.0,14025,0.0,0.0
2024-10-25 11:52:00+08:00,299.0,300.0,299.0,300.0,3000,0.0,0.0
2024-10-25 11:54:00+08:00,299.0,300.0,299.0,300.0,2270,0.0,0.0
2024-10-25 11:57:00+08:00,298.5,299.5,298.5,299.5,37311,0.0,0.0
2024-10-25 11:58:00+08:00,299.5,299.5,299.5,299.5,3000,0.0,0.0
2024-10-25 11:59:00+08:00,299.5,299.5,299.5,299.5,3000,0.0,0.0
2024-10-25 12:02:00+08:00,299.5,299.5,299.5,299.5,7052,0.0,0.0
2024-10-25 12:03:00+08:00,299.5,299.5,299.5,299.5,1000,0.0,0.0
2024-10-25 12:06:00+08:00,299.5,299.5,299.5,299.5,17010,0.0,0.0
2024-10-25 12:07:00+08:00,299.5,299.5,299.5,299.5,2006,0.0,0.0
2024-10-25 12:08:00+08:00,299.5,299.5,299.5,299.5,3000,0.0,0.0
2024-10-25 12:09:00+08:00,299.5,299.5,299.5,299.5,16005,0.0,0.0
2024-10-25 12:10:00+08:00,299.0,299.0,299.0,299.0,1000,0.0,0.0
2024-10-25 12:12:00+08:00,299.0,299.5,299.0,299.0,14106,0.0,0.0
2024-10-25 12:13:00+08:00,299.5,299.5,299.5,299.5,11000,0.0,0.0
2024-10-25 12:14:00+08:00,299.0,299.0,299.0,299.0,2012,0.0,0.0
2024-10-25 12:15:00+08:00,299.5,299.5,299.5,299.5,0,0.0,0.0
2024-10-25 12:16:00+08:00,299.5,299.5,299.0,299.0,4160897,0.0,0.0
2024-10-25 12:18:00+08:00,299.0,299.0,299.0,299.0,3030,0.0,0.0
2024-10-25 12:19:00+08:00,299.5,299.5,299.5,299.5,6304,0.0,0.0
2024-10-25 12:20:00+08:00,299.0,300.0,299.0,300.0,19030,0.0,0.0
2024-10-25 12:21:00+08:00,299.5,299.5,299.5,299.5,1000,0.0,0.0
2024-10-25 12:22:00+08:00,299.5,299.5,299.5,299.5,1010,0.0,0.0
2024-10-25 12:24:00+08:00,299.5,299.5,299.5,299.5,2083,0.0,0.0
2024-10-25 12:25:00+08:00,299.5,299.5,299.5,299.5,11000,0.0,0.0
2024-10-25 12:26:00+08:00,299.5,300.0,299.5,300.0,5025,0.0,0.0
2024-10-25 12:27:00+08:00,299.5,299.5,299.5,299.5,11000,0.0,0.0
2024-10-25 12:28:00+08:00,299.5,299.5,299.5,299.5,3034,0.0,0.0
2024-10-25 12:29:00+08:00,299.5,299.5,299.5,299.5,1080,0.0,0.0
2024-10-25 12:30:00+08:00,299.5,299.5,299.5,299.5,2100,0.0,0.0
2024-10-25 12:31:00+08:00,299.5,299.5,299.5,299.5,13251,0.0,0.0
2024-10-25 12:32:00+08:00,299.5,299.5,299.5,299.5,3150,0.0,0.0
2024-10-25 12:33:00+08:00,299.5,299.5,299.5,299.5,3000,0.0,0.0
2024-10-25 12:34:00+08:00,299.5,299.5,299.5,299.5,4054,0.0,0.0
2024-10-25 12:35:00+08:00,299.0,299.5,299.0,299.5,4260,0.0,0.0
2024-10-25 12:36:00+08:00,299.0,299.0,299.0,299.0,110364,0.0,0.0
2024-10-25 12:38:00+08:00,299.0,299.0,299.0,299.0,1151,0.0,0.0
2024-10-25 12:39:00+08:00,299.5,299.5,299.5,299.5,14000,0.0,0.0
2024-10-25 12:40:00+08:00,299.5,299.5,299.5,299.5,2470,0.0,0.0
2024-10-25 12:42:00+08:00,299.5,299.5,299.5,299.5,7025,0.0,0.0
2024-10-25 12:43:00+08:00,299.5,299.5,299.5,299.5,5000,0.0,0.0
2024-10-25 12:44:00+08:00,299.5,299.5,299.5,299.5,16020,0.0,0.0
2024-10-25 12:45:00+08:00,299.0,299.5,299.0,299.5,25399,0.0,0.0
2024-10-25 12:46:00+08:00,299.0,299.5,299.0,299.5,19010,0.0,0.0
2024-10-25 12:47:00+08:00,299.5,299.5,299.5,299.5,4000,0.0,0.0
2024-10-25 12:48:00+08:00,299.5,299.5,299.5,299.5,3010,0.0,0.0
2024-10-25 12:49:00+08:00,299.5,299.5,299.5,299.5,5200,0.0,0.0
2024-10-25 12:50:00+08:00,299.5,299.5,299.5,299.5,2040,0.0,0.0
2024-10-25 12:52:00+08:00,300.0,300.0,299.5,299.5,4020,0.0,0.0
2024-10-25 12:54:00+08:00,299.5,300.0,299.5,300.0,129100,0.0,0.0
2024-10-25 12:55:00+08:00,300.0,300.0,300.0,300.0,8000,0.0,0.0
2024-10-25 12:57:00+08:00,300.0,300.0,299.5,299.5,6053,0.0,0.0
2024-10-25 12:58:00+08:00,299.5,300.0,299.5,300.0,5121,0.0,0.0
2024-10-25 12:59:00+08:00,299.5,299.5,299.5,299.5,2000,0.0,0.0
2024-10-25 13:00:00+08:00,299.5,300.0,299.5,300.0,3131,0.0,0.0
2024-10-25 13:01:00+08:00,300.0,300.0,300.0,300.0,51101,0.0,0.0
2024-10-25 13:02:00+08:00,300.5,300.5,300.0,300.0,5010,0.0,0.0
2024-10-25 13:03:00+08:00,300.5,301.0,300.5,301.0,64100,0.0,0.0
2024-10-25 13:04:00+08:00,301.0,301.5,300.5,301.5,60000,0.0,0.0
2024-10-25 13:05:00+08:00,301.5,301.5,301.5,301.5,54100,0.0,0.0
2024-10-25 13:06:00+08:00,301.5,301.5,301.5,301.5,3528,0.0,0.0
2024-10-25 13:07:00+08:00,301.5,301.5,301.0,301.0,13192,0.0,0.0
2024-10-25 13:08:00+08:00,301.0,301.0,301.0,301.0,10033,0.0,0.0
2024-10-25 13:09:00+08:00,301.0,301.0,301.0,301.0,13200,0.0,0.0
2024-10-25 13:10:00+08:00,301.5,302.0,301.5,302.0,152110,0.0,0.0
2024-10-25 13:11:00+08:00,302.5,302.5,302.0,302.5,57150,0.0,0.0
2024-10-25 13:12:00+08:00,302.0,302.0,302.0,302.0,8078,0.0,0.0
2024-10-25 13:13:00+08:00,302.0,302.0,302.0,302.0,14101,0.0,0.0
2024-10-25 13:14:00+08:00,302.0,302.0,302.0,302.0,30124,0.0,0.0
2024-10-25 13:15:00+08:00,302.0,302.0,301.5,302.0,24090,0.0,0.0
2024-10-25 13:16:00+08:00,302.0,302.0,302.0,302.0,4033,0.0,0.0
2024-10-25 13:17:00+08:00,302.0,302.0,302.0,302.0,18014,0.0,0.0
2024-10-25 13:18:00+08:00,302.0,302.5,302.0,302.0,45001,0.0,0.0
2024-10-25 13:19:00+08:00,302.0,302.0,301.5,301.5,49022,0.0,0.0
2024-10-25 13:20:00+08:00,301.5,301.5,301.5,301.5,22739,0.0,0.0
2024-10-25 13:21:00+08:00,301.5,301.5,301.5,301.5,13340,0.0,0.0
2024-10-25 13:22:00+08:00,301.5,301.5,300.5,300.5,41824,0.0,0.0
2024-10-25 13:23:00+08:00,300.5,301.0,300.5,300.5,8435,0.0,0.0
2024-10-25 13:24:00+08:00,300.5,300.5,299.5,300.0,115684,0.0,0.0
