Datetime,Open,High,Low,Close,Volume,Dividends,Stock Splits
2025-04-28 09:30:00-04:00,72.73999786376953,72.75,72.48500061035156,72.52999877929688,38174,0.0,0.0
2025-04-28 09:31:00-04:00,72.5,72.68000030517578,72.4800033569336,72.58000183105469,13877,0.0,0.0
2025-04-28 09:32:00-04:00,72.54000091552734,72.54000091552734,72.3499984741211,72.44000244140625,7208,0.0,0.0
2025-04-28 09:33:00-04:00,72.43499755859375,72.43499755859375,72.37000274658203,72.41000366210938,1937,0.0,0.0
2025-04-28 09:34:00-04:00,72.41000366210938,72.42500305175781,72.3499984741211,72.42500305175781,11419,0.0,0.0
2025-04-28 09:35:00-04:00,72.45999908447266,72.69000244140625,72.41999816894531,72.59500122070312,62235,0.0,0.0
2025-04-28 09:36:00-04:00,72.59500122070312,72.6449966430664,72.55999755859375,72.5875015258789,17984,0.0,0.0
2025-04-28 09:37:00-04:00,72.55000305175781,72.5999984741211,72.52999877929688,72.5999984741211,11734,0.0,0.0
2025-04-28 09:38:00-04:00,72.5999984741211,72.62000274658203,72.55999755859375,72.6050033569336,2470,0.0,0.0
2025-04-28 09:39:00-04:00,72.63999938964844,72.73999786376953,72.62000274658203,72.69000244140625,5765,0.0,0.0
2025-04-28 09:40:00-04:00,72.72000122070312,72.75,72.63999938964844,72.66500091552734,18810,0.0,0.0
2025-04-28 09:41:00-04:00,72.66000366210938,72.69999694824219,72.62000274658203,72.65499877929688,5735,0.0,0.0
2025-04-28 09:42:00-04:00,72.66999816894531,72.66999816894531,72.62999725341797,72.66999816894531,2895,0.0,0.0
2025-04-28 09:43:00-04:00,72.63999938964844,72.75,72.61000061035156,72.69000244140625,12956,0.0,0.0
2025-04-28 09:44:00-04:00,72.72000122070312,72.76000213623047,72.69000244140625,72.72000122070312,3791,0.0,0.0
2025-04-28 09:45:00-04:00,72.69000244140625,72.69000244140625,72.61000061035156,72.62000274658203,6913,0.0,0.0
2025-04-28 09:46:00-04:00,72.58999633789062,72.59500122070312,72.5,72.54499816894531,4876,0.0,0.0
2025-04-28 09:47:00-04:00,72.55999755859375,72.62000274658203,72.55000305175781,72.58499908447266,3230,0.0,0.0
2025-04-28 09:48:00-04:00,72.58499908447266,72.58499908447266,72.55999755859375,72.55999755859375,2953,0.0,0.0
2025-04-28 09:49:00-04:00,72.58499908447266,72.625,72.52999877929688,72.625,3740,0.0,0.0
2025-04-28 09:50:00-04:00,72.6500015258789,72.69000244140625,72.6500015258789,72.66000366210938,4518,0.0,0.0
2025-04-28 09:51:00-04:00,72.63999938964844,72.7300033569336,72.63999938964844,72.7300033569336,2558,0.0,0.0
2025-04-28 09:52:00-04:00,72.74500274658203,72.80000305175781,72.7300033569336,72.73999786376953,30483,0.0,0.0
2025-04-28 09:53:00-04:00,72.7300033569336,72.7300033569336,72.66999816894531,72.69999694824219,4906,0.0,0.0
2025-04-28 09:54:00-04:00,72.68000030517578,72.68000030517578,72.62999725341797,72.63999938964844,9545,0.0,0.0
2025-04-28 09:55:00-04:00,72.6449966430664,72.66000366210938,72.62000274658203,72.63500213623047,3225,0.0,0.0
2025-04-28 09:56:00-04:00,72.62999725341797,72.62999725341797,72.51000213623047,72.53500366210938,4478,0.0,0.0
2025-04-28 09:57:00-04:00,72.53500366210938,72.55269622802734,72.41000366210938,72.41000366210938,14401,0.0,0.0
2025-04-28 09:58:00-04:00,72.41000366210938,72.41000366210938,72.27999877929688,72.33999633789062,15798,0.0,0.0
2025-04-28 09:59:00-04:00,72.33999633789062,72.33999633789062,72.22000122070312,72.25,6705,0.0,0.0
2025-04-28 10:00:00-04:00,72.25,72.30000305175781,72.24500274658203,72.30000305175781,9372,0.0,0.0
2025-04-28 10:01:00-04:00,72.33000183105469,72.38999938964844,72.33000183105469,72.37999725341797,3258,0.0,0.0
2025-04-28 10:02:00-04:00,72.3499984741211,72.3499984741211,72.30999755859375,72.3499984741211,5966,0.0,0.0
2025-04-28 10:03:00-04:00,72.36000061035156,72.36000061035156,72.22000122070312,72.2300033569336,20214,0.0,0.0
2025-04-28 10:04:00-04:00,72.26000213623047,72.30000305175781,72.23999786376953,72.25499725341797,6740,0.0,0.0
2025-04-28 10:05:00-04:00,72.25499725341797,72.29499816894531,72.25499725341797,72.29499816894531,2572,0.0,0.0
2025-04-28 10:06:00-04:00,72.30500030517578,72.3499984741211,72.27999877929688,72.33499908447266,5591,0.0,0.0
2025-04-28 10:07:00-04:00,72.33000183105469,72.3550033569336,72.29000091552734,72.29000091552734,9330,0.0,0.0
2025-04-28 10:08:00-04:00,72.30000305175781,72.33000183105469,72.29000091552734,72.30000305175781,6374,0.0,0.0
2025-04-28 10:09:00-04:00,72.29000091552734,72.29000091552734,72.25,72.25499725341797,5161,0.0,0.0
2025-04-28 10:10:00-04:00,72.25499725341797,72.31999969482422,72.23999786376953,72.30999755859375,8455,0.0,0.0
2025-04-28 10:11:00-04:00,72.30999755859375,72.31500244140625,72.30999755859375,72.30999755859375,1013,0.0,0.0
2025-04-28 10:12:00-04:00,72.33000183105469,72.37999725341797,72.31999969482422,72.37999725341797,34439,0.0,0.0
2025-04-28 10:13:00-04:00,72.37999725341797,72.41999816894531,72.37999725341797,72.41000366210938,7194,0.0,0.0
2025-04-28 10:14:00-04:00,72.44499969482422,72.44999694824219,72.41000366210938,72.41000366210938,5574,0.0,0.0
2025-04-28 10:15:00-04:00,72.44999694824219,72.44999694824219,72.37000274658203,72.37000274658203,4946,0.0,0.0
2025-04-28 10:16:00-04:00,72.36000061035156,72.40499877929688,72.36000061035156,72.40499877929688,3724,0.0,0.0
2025-04-28 10:17:00-04:00,72.41000366210938,72.47000122070312,72.4000015258789,72.44000244140625,30202,0.0,0.0
2025-04-28 10:18:00-04:00,72.44000244140625,72.45500183105469,72.41999816894531,72.45500183105469,3151,0.0,0.0
2025-04-28 10:19:00-04:00,72.44000244140625,72.45999908447266,72.43000030517578,72.45999908447266,8434,0.0,0.0
2025-04-28 10:20:00-04:00,72.44000244140625,72.48999786376953,72.44000244140625,72.4800033569336,4761,0.0,0.0
2025-04-28 10:21:00-04:00,72.48999786376953,72.5199966430664,72.48500061035156,72.51000213623047,3849,0.0,0.0
2025-04-28 10:22:00-04:00,72.5199966430664,72.52999877929688,72.48999786376953,72.51000213623047,5192,0.0,0.0
2025-04-28 10:23:00-04:00,72.5,72.51000213623047,72.4800033569336,72.5,2462,0.0,0.0
2025-04-28 10:24:00-04:00,72.5199966430664,72.55000305175781,72.4749984741211,72.55000305175781,18037,0.0,0.0
2025-04-28 10:25:00-04:00,72.56999969482422,72.58000183105469,72.56500244140625,72.58000183105469,3148,0.0,0.0
2025-04-28 10:26:00-04:00,72.56999969482422,72.56999969482422,72.49500274658203,72.51000213623047,11065,0.0,0.0
2025-04-28 10:27:00-04:00,72.5199966430664,72.55999755859375,72.51000213623047,72.55999755859375,14154,0.0,0.0
2025-04-28 10:28:00-04:00,72.55999755859375,72.55999755859375,72.5199966430664,72.53500366210938,2717,0.0,0.0
2025-04-28 10:29:00-04:00,72.53500366210938,72.5363998413086,72.5,72.52020263671875,2680,0.0,0.0
2025-04-28 10:30:00-04:00,72.5250015258789,72.5250015258789,72.5,72.51499938964844,6032,0.0,0.0
2025-04-28 10:31:00-04:00,72.5,72.52999877929688,72.48999786376953,72.51499938964844,7791,0.0,0.0
2025-04-28 10:32:00-04:00,72.52980041503906,72.54000091552734,72.4800033569336,72.48999786376953,7549,0.0,0.0
2025-04-28 10:33:00-04:00,72.48999786376953,72.5199966430664,72.46499633789062,72.4800033569336,11539,0.0,0.0
2025-04-28 10:34:00-04:00,72.4749984741211,72.5,72.44000244140625,72.4800033569336,5962,0.0,0.0
2025-04-28 10:35:00-04:00,72.47000122070312,72.5,72.47000122070312,72.48500061035156,5607,0.0,0.0
2025-04-28 10:36:00-04:00,72.5,72.57499694824219,72.48500061035156,72.57499694824219,20242,0.0,0.0
2025-04-28 10:37:00-04:00,72.57499694824219,72.62000274658203,72.57499694824219,72.62000274658203,3808,0.0,0.0
2025-04-28 10:38:00-04:00,72.61499786376953,72.61499786376953,72.55000305175781,72.58000183105469,11377,0.0,0.0
2025-04-28 10:39:00-04:00,72.58000183105469,72.62999725341797,72.58000183105469,72.5999984741211,15406,0.0,0.0
2025-04-28 10:40:00-04:00,72.5999984741211,72.6050033569336,72.56999969482422,72.58499908447266,4404,0.0,0.0
2025-04-28 10:41:00-04:00,72.58999633789062,72.58999633789062,72.51499938964844,72.5199966430664,3755,0.0,0.0
2025-04-28 10:42:00-04:00,72.52999877929688,72.55999755859375,72.5199966430664,72.55000305175781,4707,0.0,0.0
2025-04-28 10:43:00-04:00,72.54000091552734,72.58999633789062,72.53500366210938,72.58000183105469,5415,0.0,0.0
2025-04-28 10:44:00-04:00,72.57499694824219,72.57499694824219,72.55999755859375,72.55999755859375,1659,0.0,0.0
2025-04-28 10:45:00-04:00,72.56500244140625,72.56500244140625,72.52999877929688,72.53309631347656,2799,0.0,0.0
2025-04-28 10:46:00-04:00,72.5199966430664,72.58000183105469,72.5199966430664,72.58000183105469,7771,0.0,0.0
2025-04-28 10:47:00-04:00,72.58499908447266,72.59700012207031,72.55000305175781,72.55999755859375,3186,0.0,0.0
2025-04-28 10:48:00-04:00,72.56500244140625,72.58999633789062,72.56500244140625,72.58000183105469,2650,0.0,0.0
2025-04-28 10:49:00-04:00,72.59500122070312,72.59500122070312,72.58000183105469,72.58000183105469,4688,0.0,0.0
2025-04-28 10:50:00-04:00,72.56999969482422,72.56999969482422,72.4800033569336,72.4800033569336,5773,0.0,0.0
2025-04-28 10:51:00-04:00,72.4800033569336,72.5,72.45999908447266,72.48500061035156,6571,0.0,0.0
2025-04-28 10:52:00-04:00,72.48500061035156,72.48999786376953,72.47000122070312,72.47000122070312,2634,0.0,0.0
2025-04-28 10:53:00-04:00,72.47000122070312,72.4800033569336,72.42500305175781,72.43000030517578,4326,0.0,0.0
2025-04-28 10:54:00-04:00,72.43000030517578,72.47799682617188,72.43000030517578,72.44999694824219,1767,0.0,0.0
2025-04-28 10:55:00-04:00,72.44000244140625,72.44000244140625,72.41999816894531,72.41999816894531,2587,0.0,0.0
2025-04-28 10:56:00-04:00,72.4000015258789,72.41000366210938,72.36000061035156,72.4000015258789,7510,0.0,0.0
2025-04-28 10:57:00-04:00,72.38999938964844,72.38999938964844,72.3499984741211,72.36000061035156,3293,0.0,0.0
2025-04-28 10:58:00-04:00,72.36000061035156,72.36000061035156,72.27999877929688,72.27999877929688,2766,0.0,0.0
2025-04-28 10:59:00-04:00,72.27999877929688,72.33999633789062,72.27999877929688,72.33999633789062,3952,0.0,0.0
2025-04-28 11:00:00-04:00,72.33499908447266,72.38999938964844,72.33499908447266,72.37000274658203,4725,0.0,0.0
2025-04-28 11:01:00-04:00,72.375,72.38999938964844,72.33499908447266,72.37999725341797,8958,0.0,0.0
2025-04-28 11:02:00-04:00,72.37999725341797,72.37999725341797,72.33499908447266,72.33499908447266,2054,0.0,0.0
2025-04-28 11:03:00-04:00,72.33499908447266,72.33999633789062,72.30999755859375,72.30999755859375,2388,0.0,0.0
2025-04-28 11:04:00-04:00,72.30000305175781,72.30999755859375,72.28189849853516,72.30999755859375,2071,0.0,0.0
2025-04-28 11:05:00-04:00,72.31999969482422,72.33999633789062,72.31999969482422,72.33999633789062,699,0.0,0.0
2025-04-28 11:06:00-04:00,72.30000305175781,72.31600189208984,72.2699966430664,72.2699966430664,8342,0.0,0.0
2025-04-28 11:07:00-04:00,72.29499816894531,72.30500030517578,72.2699966430664,72.2699966430664,2096,0.0,0.0
2025-04-28 11:08:00-04:00,72.26000213623047,72.2699966430664,72.23999786376953,72.23999786376953,1382,0.0,0.0
2025-04-28 11:09:00-04:00,72.23999786376953,72.23999786376953,72.19999694824219,72.19999694824219,2967,0.0,0.0
2025-04-28 11:10:00-04:00,72.22000122070312,72.2249984741211,72.16999816894531,72.16999816894531,6099,0.0,0.0
2025-04-28 11:11:00-04:00,72.17500305175781,72.2699966430664,72.16000366210938,72.25,12270,0.0,0.0
2025-04-28 11:12:00-04:00,72.25,72.25,72.23999786376953,72.23999786376953,4203,0.0,0.0
2025-04-28 11:13:00-04:00,72.2300033569336,72.29000091552734,72.2300033569336,72.29000091552734,8240,0.0,0.0
2025-04-28 11:14:00-04:00,72.29000091552734,72.29000091552734,72.2699966430664,72.2699966430664,4910,0.0,0.0
2025-04-28 11:15:00-04:00,72.2750015258789,72.2750015258789,72.2300033569336,72.26000213623047,5029,0.0,0.0
2025-04-28 11:16:00-04:00,72.26000213623047,72.30999755859375,72.26000213623047,72.30000305175781,59399,0.0,0.0
2025-04-28 11:17:00-04:00,72.30000305175781,72.43000030517578,72.30000305175781,72.40499877929688,45832,0.0,0.0
2025-04-28 11:18:00-04:00,72.40499877929688,72.41999816894531,72.38999938964844,72.4000015258789,1569,0.0,0.0
2025-04-28 11:19:00-04:00,72.4000015258789,72.41999816894531,72.38999938964844,72.4000015258789,6052,0.0,0.0
2025-04-28 11:20:00-04:00,72.41999816894531,72.43000030517578,72.37999725341797,72.3949966430664,13586,0.0,0.0
2025-04-28 11:21:00-04:00,72.3949966430664,72.3949966430664,72.31999969482422,72.33000183105469,4666,0.0,0.0
2025-04-28 11:22:00-04:00,72.33000183105469,72.33000183105469,72.30999755859375,72.32499694824219,2640,0.0,0.0
2025-04-28 11:23:00-04:00,72.30999755859375,72.31999969482422,72.29499816894531,72.29499816894531,4747,0.0,0.0
2025-04-28 11:24:00-04:00,72.29499816894531,72.29499816894531,72.25,72.25,2853,0.0,0.0
2025-04-28 11:25:00-04:00,72.25,72.26409912109375,72.20999908447266,72.22000122070312,1985,0.0,0.0
2025-04-28 11:26:00-04:00,72.19000244140625,72.19999694824219,72.1500015258789,72.16500091552734,2409,0.0,0.0
2025-04-28 11:27:00-04:00,72.1500015258789,72.16999816894531,72.1500015258789,72.16500091552734,2532,0.0,0.0
2025-04-28 11:28:00-04:00,72.1500015258789,72.18000030517578,72.1500015258789,72.16999816894531,5033,0.0,0.0
2025-04-28 11:29:00-04:00,72.19000244140625,72.19000244140625,72.16000366210938,72.16000366210938,2294,0.0,0.0
2025-04-28 11:30:00-04:00,72.16999816894531,72.19999694824219,72.16000366210938,72.19000244140625,3850,0.0,0.0
2025-04-28 11:31:00-04:00,72.19499969482422,72.21499633789062,72.18000030517578,72.21499633789062,5336,0.0,0.0
2025-04-28 11:32:00-04:00,72.2300033569336,72.23500061035156,72.21499633789062,72.23500061035156,3012,0.0,0.0
2025-04-28 11:33:00-04:00,72.23500061035156,72.26000213623047,72.23500061035156,72.25,1034,0.0,0.0
2025-04-28 11:34:00-04:00,72.25,72.25,72.18000030517578,72.18000030517578,5741,0.0,0.0
2025-04-28 11:35:00-04:00,72.19999694824219,72.20500183105469,72.12999725341797,72.13999938964844,5284,0.0,0.0
2025-04-28 11:36:00-04:00,72.1500015258789,72.18000030517578,72.1500015258789,72.16999816894531,3462,0.0,0.0
2025-04-28 11:37:00-04:00,72.16500091552734,72.16999816894531,72.1500015258789,72.1500015258789,1588,0.0,0.0
2025-04-28 11:38:00-04:00,72.1500015258789,72.18000030517578,72.1500015258789,72.17500305175781,6025,0.0,0.0
2025-04-28 11:39:00-04:00,72.17500305175781,72.17500305175781,72.1500015258789,72.16500091552734,4738,0.0,0.0
2025-04-28 11:40:00-04:00,72.16999816894531,72.18000030517578,72.1500015258789,72.16999816894531,1857,0.0,0.0
2025-04-28 11:41:00-04:00,72.18160247802734,72.20500183105469,72.18000030517578,72.20500183105469,3426,0.0,0.0
2025-04-28 11:42:00-04:00,72.21499633789062,72.23999786376953,72.21499633789062,72.2300033569336,5746,0.0,0.0
2025-04-28 11:43:00-04:00,72.23999786376953,72.24500274658203,72.2300033569336,72.2300033569336,2658,0.0,0.0
2025-04-28 11:44:00-04:00,72.24909973144531,72.26499938964844,72.18000030517578,72.18499755859375,20802,0.0,0.0
2025-04-28 11:45:00-04:00,72.19000244140625,72.2300033569336,72.18000030517578,72.20999908447266,20204,0.0,0.0
2025-04-28 11:46:00-04:00,72.19000244140625,72.22000122070312,72.18000030517578,72.22000122070312,2749,0.0,0.0
2025-04-28 11:47:00-04:00,72.19999694824219,72.19999694824219,72.1500015258789,72.16500091552734,3919,0.0,0.0
2025-04-28 11:48:00-04:00,72.18000030517578,72.18499755859375,72.12999725341797,72.1500015258789,6802,0.0,0.0
2025-04-28 11:49:00-04:00,72.15499877929688,72.16000366210938,72.13999938964844,72.1500015258789,4393,0.0,0.0
2025-04-28 11:50:00-04:00,72.1500015258789,72.17500305175781,72.1500015258789,72.16000366210938,3515,0.0,0.0
2025-04-28 11:51:00-04:00,72.13999938964844,72.13999938964844,72.12000274658203,72.12999725341797,6769,0.0,0.0
2025-04-28 11:52:00-04:00,72.12999725341797,72.16999816894531,72.12999725341797,72.1500015258789,6180,0.0,0.0
2025-04-28 11:53:00-04:00,72.17500305175781,72.17500305175781,72.17500305175781,72.17500305175781,448,0.0,0.0
2025-04-28 11:54:00-04:00,72.16000366210938,72.16000366210938,72.12999725341797,72.12999725341797,8106,0.0,0.0
2025-04-28 11:55:00-04:00,72.12000274658203,72.16500091552734,72.12000274658203,72.13999938964844,4901,0.0,0.0
2025-04-28 11:56:00-04:00,72.13999938964844,72.13999938964844,72.12999725341797,72.13500213623047,1270,0.0,0.0
2025-04-28 11:57:00-04:00,72.12999725341797,72.12999725341797,72.0999984741211,72.0999984741211,4830,0.0,0.0
2025-04-28 11:58:00-04:00,72.08999633789062,72.13999938964844,72.08999633789062,72.1259994506836,15720,0.0,0.0
2025-04-28 11:59:00-04:00,72.12000274658203,72.12999725341797,72.11000061035156,72.125,4372,0.0,0.0
2025-04-28 12:00:00-04:00,72.12000274658203,72.12999725341797,72.08499908447266,72.08499908447266,6134,0.0,0.0
2025-04-28 12:01:00-04:00,72.08999633789062,72.08999633789062,71.9800033569336,71.9800033569336,3278,0.0,0.0
2025-04-28 12:02:00-04:00,71.98500061035156,72.01000213623047,71.97000122070312,71.97000122070312,3048,0.0,0.0
2025-04-28 12:03:00-04:00,71.9749984741211,71.98999786376953,71.95500183105469,71.95500183105469,4460,0.0,0.0
2025-04-28 12:04:00-04:00,71.95500183105469,71.98999786376953,71.94999694824219,71.98500061035156,6737,0.0,0.0
2025-04-28 12:05:00-04:00,71.98500061035156,71.98999786376953,71.95999908447266,71.98999786376953,3858,0.0,0.0
2025-04-28 12:06:00-04:00,71.97000122070312,71.97000122070312,71.97000122070312,71.97000122070312,1036,0.0,0.0
2025-04-28 12:07:00-04:00,71.95999908447266,71.95999908447266,71.91999816894531,71.91999816894531,4626,0.0,0.0
2025-04-28 12:08:00-04:00,71.91999816894531,71.91999816894531,71.9000015258789,71.9000015258789,1683,0.0,0.0
2025-04-28 12:09:00-04:00,71.91999816894531,71.94999694824219,71.87000274658203,71.94499969482422,13221,0.0,0.0
2025-04-28 12:10:00-04:00,71.94499969482422,71.97000122070312,71.93000030517578,71.94499969482422,7880,0.0,0.0
2025-04-28 12:11:00-04:00,71.94499969482422,71.97000122070312,71.91000366210938,71.97000122070312,3647,0.0,0.0
2025-04-28 12:12:00-04:00,71.96499633789062,71.96499633789062,71.95030212402344,71.95030212402344,1653,0.0,0.0
2025-04-28 12:13:00-04:00,71.96499633789062,71.9800033569336,71.91000366210938,71.91999816894531,8531,0.0,0.0
2025-04-28 12:14:00-04:00,71.91000366210938,71.91500091552734,71.87000274658203,71.87000274658203,5536,0.0,0.0
2025-04-28 12:15:00-04:00,71.87999725341797,71.95999908447266,71.87999725341797,71.95999908447266,5708,0.0,0.0
2025-04-28 12:16:00-04:00,71.95999908447266,71.97000122070312,71.94000244140625,71.94999694824219,6625,0.0,0.0
2025-04-28 12:17:00-04:00,71.94999694824219,71.9800033569336,71.94000244140625,71.9800033569336,7227,0.0,0.0
2025-04-28 12:18:00-04:00,71.97899627685547,71.98999786376953,71.95999908447266,71.98500061035156,5661,0.0,0.0
2025-04-28 12:19:00-04:00,71.98500061035156,71.98999786376953,71.98500061035156,71.98999786376953,965,0.0,0.0
2025-04-28 12:20:00-04:00,72.0,72.0199966430664,71.98999786376953,72.01000213623047,5043,0.0,0.0
2025-04-28 12:21:00-04:00,72.0,72.00499725341797,71.98999786376953,71.99500274658203,4585,0.0,0.0
2025-04-28 12:22:00-04:00,72.0,72.0,71.94000244140625,71.94000244140625,7291,0.0,0.0
2025-04-28 12:23:00-04:00,71.94999694824219,71.94999694824219,71.91999816894531,71.92500305175781,4035,0.0,0.0
2025-04-28 12:24:00-04:00,71.91999816894531,71.95500183105469,71.91999816894531,71.94999694824219,3174,0.0,0.0
2025-04-28 12:25:00-04:00,71.94999694824219,71.94999694824219,71.9000015258789,71.91999816894531,6858,0.0,0.0
2025-04-28 12:26:00-04:00,71.9000015258789,71.9000015258789,71.83000183105469,71.83000183105469,3925,0.0,0.0
2025-04-28 12:27:00-04:00,71.83000183105469,71.83499908447266,71.79000091552734,71.81999969482422,10076,0.0,0.0
2025-04-28 12:28:00-04:00,71.81999969482422,71.86000061035156,71.81999969482422,71.86000061035156,3875,0.0,0.0
2025-04-28 12:29:00-04:00,71.86000061035156,71.86000061035156,71.83999633789062,71.83999633789062,3344,0.0,0.0
2025-04-28 12:30:00-04:00,71.84500122070312,71.87999725341797,71.84500122070312,71.86499786376953,7856,0.0,0.0
2025-04-28 12:31:00-04:00,71.87999725341797,71.87999725341797,71.8499984741211,71.86000061035156,2526,0.0,0.0
2025-04-28 12:32:00-04:00,71.86000061035156,71.87999725341797,71.8499984741211,71.8499984741211,3070,0.0,0.0
2025-04-28 12:33:00-04:00,71.8499984741211,71.86499786376953,71.8499984741211,71.8499984741211,2872,0.0,0.0
2025-04-28 12:34:00-04:00,71.83999633789062,71.83999633789062,71.80999755859375,71.80999755859375,2182,0.0,0.0
2025-04-28 12:35:00-04:00,71.81999969482422,71.8499984741211,71.80999755859375,71.8499984741211,7797,0.0,0.0
2025-04-28 12:36:00-04:00,71.8499984741211,71.86499786376953,71.8499984741211,71.86499786376953,2007,0.0,0.0
2025-04-28 12:37:00-04:00,71.8499984741211,71.8499984741211,71.77999877929688,71.80000305175781,11185,0.0,0.0
2025-04-28 12:38:00-04:00,71.77999877929688,71.77999877929688,71.73999786376953,71.75499725341797,4270,0.0,0.0
2025-04-28 12:39:00-04:00,71.7699966430664,71.7699966430664,71.73999786376953,71.73999786376953,7538,0.0,0.0
2025-04-28 12:40:00-04:00,71.73500061035156,71.73500061035156,71.69000244140625,71.72000122070312,4410,0.0,0.0
2025-04-28 12:41:00-04:00,71.70999908447266,71.71499633789062,71.69499969482422,71.70999908447266,4342,0.0,0.0
2025-04-28 12:42:00-04:00,71.70999908447266,71.70999908447266,71.6500015258789,71.6500015258789,7656,0.0,0.0
2025-04-28 12:43:00-04:00,71.62999725341797,71.6500015258789,71.6050033569336,71.6449966430664,21792,0.0,0.0
2025-04-28 12:44:00-04:00,71.6500015258789,71.66999816894531,71.6500015258789,71.66999816894531,1444,0.0,0.0
2025-04-28 12:45:00-04:00,71.66000366210938,71.66000366210938,71.62000274658203,71.65499877929688,9167,0.0,0.0
2025-04-28 12:46:00-04:00,71.65499877929688,71.66999816894531,71.63999938964844,71.6500015258789,8430,0.0,0.0
2025-04-28 12:47:00-04:00,71.66000366210938,71.66500091552734,71.6500015258789,71.66500091552734,5595,0.0,0.0
2025-04-28 12:48:00-04:00,71.66500091552734,71.69000244140625,71.66500091552734,71.69000244140625,2876,0.0,0.0
2025-04-28 12:49:00-04:00,71.69000244140625,71.72000122070312,71.68000030517578,71.72000122070312,4266,0.0,0.0
2025-04-28 12:50:00-04:00,71.72000122070312,71.7300033569336,71.69999694824219,71.72000122070312,10405,0.0,0.0
2025-04-28 12:51:00-04:00,71.72000122070312,71.72000122070312,71.66000366210938,71.66000366210938,8733,0.0,0.0
2025-04-28 12:52:00-04:00,71.67500305175781,71.69000244140625,71.66000366210938,71.66000366210938,5394,0.0,0.0
2025-04-28 12:53:00-04:00,71.6500015258789,71.6500015258789,71.63999938964844,71.6500015258789,2975,0.0,0.0
2025-04-28 12:54:00-04:00,71.6500015258789,71.66000366210938,71.6500015258789,71.6500015258789,4806,0.0,0.0
2025-04-28 12:55:00-04:00,71.6500015258789,71.6500015258789,71.58999633789062,71.58999633789062,3342,0.0,0.0
2025-04-28 12:56:00-04:00,71.58999633789062,71.58999633789062,71.50499725341797,71.51000213623047,12501,0.0,0.0
2025-04-28 12:57:00-04:00,71.5199966430664,71.52999877929688,71.5,71.5199966430664,4874,0.0,0.0
2025-04-28 12:58:00-04:00,71.52999877929688,71.54000091552734,71.50499725341797,71.52999877929688,3112,0.0,0.0
2025-04-28 12:59:00-04:00,71.52999877929688,71.58000183105469,71.5199966430664,71.58000183105469,6436,0.0,0.0
2025-04-28 13:00:00-04:00,71.56999969482422,71.5999984741211,71.55500030517578,71.59500122070312,4559,0.0,0.0
2025-04-28 13:01:00-04:00,71.5999984741211,71.62000274658203,71.58999633789062,71.62000274658203,3956,0.0,0.0
2025-04-28 13:02:00-04:00,71.61000061035156,71.61000061035156,71.53500366210938,71.54070281982422,7298,0.0,0.0
2025-04-28 13:03:00-04:00,71.55000305175781,71.58000183105469,71.55000305175781,71.57499694824219,7603,0.0,0.0
2025-04-28 13:04:00-04:00,71.58000183105469,71.58999633789062,71.53500366210938,71.53500366210938,7971,0.0,0.0
2025-04-28 13:05:00-04:00,71.52999877929688,71.56999969482422,71.52999877929688,71.55999755859375,4376,0.0,0.0
2025-04-28 13:06:00-04:00,71.55999755859375,71.62000274658203,71.55999755859375,71.62000274658203,3920,0.0,0.0
2025-04-28 13:07:00-04:00,71.61000061035156,71.61000061035156,71.56500244140625,71.58499908447266,9697,0.0,0.0
2025-04-28 13:08:00-04:00,71.58999633789062,71.69000244140625,71.58499908447266,71.69000244140625,3764,0.0,0.0
2025-04-28 13:09:00-04:00,71.68000030517578,71.69000244140625,71.66999816894531,71.68499755859375,3588,0.0,0.0
2025-04-28 13:10:00-04:00,71.66999816894531,71.69000244140625,71.62999725341797,71.69000244140625,6908,0.0,0.0
2025-04-28 13:11:00-04:00,71.66999816894531,71.69999694824219,71.66999816894531,71.69000244140625,2355,0.0,0.0
2025-04-28 13:12:00-04:00,71.70999908447266,71.70999908447266,71.6500015258789,71.65499877929688,6649,0.0,0.0
2025-04-28 13:13:00-04:00,71.6500015258789,71.69000244140625,71.6500015258789,71.68000030517578,3343,0.0,0.0
2025-04-28 13:14:00-04:00,71.68499755859375,71.68499755859375,71.66500091552734,71.66999816894531,2447,0.0,0.0
2025-04-28 13:15:00-04:00,71.66000366210938,71.66000366210938,71.5999984741211,71.63500213623047,8394,0.0,0.0
2025-04-28 13:16:00-04:00,71.6500015258789,71.69000244140625,71.6500015258789,71.68499755859375,3972,0.0,0.0
2025-04-28 13:17:00-04:00,71.68499755859375,71.69999694824219,71.68000030517578,71.69000244140625,4152,0.0,0.0
2025-04-28 13:18:00-04:00,71.69499969482422,71.70999908447266,71.69499969482422,71.70999908447266,2264,0.0,0.0
2025-04-28 13:19:00-04:00,71.70999908447266,71.70999908447266,71.69000244140625,71.69499969482422,3679,0.0,0.0
2025-04-28 13:20:00-04:00,71.69499969482422,71.69999694824219,71.68000030517578,71.69000244140625,3790,0.0,0.0
2025-04-28 13:21:00-04:00,71.68000030517578,71.69999694824219,71.66999816894531,71.69000244140625,6986,0.0,0.0
2025-04-28 13:22:00-04:00,71.68000030517578,71.69999694824219,71.68000030517578,71.69000244140625,3526,0.0,0.0
2025-04-28 13:23:00-04:00,71.69000244140625,71.69999694824219,71.68000030517578,71.69999694824219,4240,0.0,0.0
2025-04-28 13:24:00-04:00,71.69000244140625,71.69000244140625,71.68000030517578,71.69000244140625,2269,0.0,0.0
2025-04-28 13:25:00-04:00,71.68000030517578,71.69000244140625,71.66999816894531,71.66999816894531,3760,0.0,0.0
2025-04-28 13:26:00-04:00,71.67500305175781,71.71499633789062,71.67500305175781,71.69000244140625,10480,0.0,0.0
2025-04-28 13:27:00-04:00,71.68000030517578,71.68499755859375,71.62999725341797,71.62999725341797,7033,0.0,0.0
2025-04-28 13:28:00-04:00,71.62999725341797,71.62999725341797,71.56999969482422,71.56999969482422,2159,0.0,0.0
2025-04-28 13:29:00-04:00,71.58499908447266,71.59500122070312,71.57499694824219,71.57499694824219,4852,0.0,0.0
2025-04-28 13:30:00-04:00,71.57499694824219,71.58999633789062,71.56999969482422,71.56999969482422,6701,0.0,0.0
2025-04-28 13:31:00-04:00,71.57319641113281,71.5999984741211,71.56500244140625,71.56500244140625,6311,0.0,0.0
2025-04-28 13:32:00-04:00,71.55999755859375,71.58000183105469,71.55999755859375,71.58000183105469,3277,0.0,0.0
2025-04-28 13:33:00-04:00,71.58000183105469,71.5999984741211,71.58000183105469,71.58999633789062,7177,0.0,0.0
2025-04-28 13:34:00-04:00,71.58999633789062,71.6500015258789,71.58999633789062,71.6500015258789,3499,0.0,0.0
2025-04-28 13:35:00-04:00,71.65499877929688,71.67500305175781,71.6500015258789,71.66999816894531,4116,0.0,0.0
2025-04-28 13:36:00-04:00,71.66000366210938,71.66999816894531,71.6500015258789,71.66000366210938,4432,0.0,0.0
2025-04-28 13:37:00-04:00,71.6500015258789,71.66000366210938,71.61000061035156,71.66000366210938,7633,0.0,0.0
2025-04-28 13:38:00-04:00,71.66000366210938,71.6718978881836,71.66000366210938,71.6718978881836,1708,0.0,0.0
2025-04-28 13:39:00-04:00,71.66999816894531,71.68499755859375,71.66999816894531,71.68499755859375,2314,0.0,0.0
2025-04-28 13:40:00-04:00,71.68499755859375,71.68499755859375,71.66000366210938,71.66999816894531,5087,0.0,0.0
2025-04-28 13:41:00-04:00,71.66999816894531,71.70999908447266,71.66999816894531,71.69000244140625,4450,0.0,0.0
2025-04-28 13:42:00-04:00,71.69000244140625,71.69000244140625,71.6449966430664,71.6449966430664,2702,0.0,0.0
2025-04-28 13:43:00-04:00,71.6500015258789,71.66000366210938,71.63999938964844,71.66000366210938,2612,0.0,0.0
2025-04-28 13:44:00-04:00,71.6500015258789,71.66999816894531,71.6500015258789,71.66999816894531,2777,0.0,0.0
2025-04-28 13:45:00-04:00,71.66999816894531,71.68000030517578,71.66999816894531,71.68000030517578,2139,0.0,0.0
2025-04-28 13:46:00-04:00,71.68000030517578,71.69499969482422,71.66999816894531,71.66999816894531,5185,0.0,0.0
2025-04-28 13:47:00-04:00,71.66999816894531,71.69999694824219,71.66999816894531,71.68000030517578,1753,0.0,0.0
2025-04-28 13:48:00-04:00,71.68000030517578,71.69499969482422,71.68000030517578,71.69000244140625,1607,0.0,0.0
2025-04-28 13:49:00-04:00,71.69000244140625,71.69000244140625,71.68000030517578,71.68000030517578,1287,0.0,0.0
2025-04-28 13:50:00-04:00,71.68499755859375,71.69999694824219,71.68499755859375,71.69000244140625,4287,0.0,0.0
2025-04-28 13:51:00-04:00,71.69000244140625,71.70719909667969,71.69000244140625,71.70500183105469,1925,0.0,0.0
2025-04-28 13:52:00-04:00,71.70500183105469,71.72000122070312,71.69000244140625,71.70500183105469,3015,0.0,0.0
2025-04-28 13:53:00-04:00,71.69000244140625,71.72000122070312,71.69000244140625,71.70999908447266,4325,0.0,0.0
2025-04-28 13:54:00-04:00,71.70999908447266,71.72000122070312,71.70999908447266,71.72000122070312,2623,0.0,0.0
2025-04-28 13:55:00-04:00,71.72000122070312,71.7249984741211,71.69000244140625,71.69000244140625,8262,0.0,0.0
2025-04-28 13:56:00-04:00,71.69000244140625,71.69000244140625,71.68000030517578,71.69000244140625,3882,0.0,0.0
2025-04-28 13:57:00-04:00,71.68000030517578,71.71990203857422,71.67500305175781,71.70500183105469,28188,0.0,0.0
2025-04-28 13:58:00-04:00,71.70500183105469,71.75,71.70500183105469,71.74500274658203,9209,0.0,0.0
2025-04-28 13:59:00-04:00,71.75,71.75,71.7300033569336,71.73500061035156,3981,0.0,0.0
2025-04-28 14:00:00-04:00,71.7300033569336,71.7300033569336,71.69999694824219,71.72000122070312,2120,0.0,0.0
2025-04-28 14:01:00-04:00,71.7300033569336,71.76000213623047,71.7300033569336,71.76000213623047,5673,0.0,0.0
2025-04-28 14:02:00-04:00,71.7750015258789,71.78450012207031,71.7699966430664,71.7750015258789,1298,0.0,0.0
2025-04-28 14:03:00-04:00,71.7750015258789,71.79499816894531,71.7750015258789,71.79499816894531,2995,0.0,0.0
2025-04-28 14:04:00-04:00,71.77999877929688,71.80000305175781,71.77999877929688,71.79499816894531,4032,0.0,0.0
2025-04-28 14:05:00-04:00,71.77999877929688,71.79499816894531,71.77999877929688,71.79499816894531,1275,0.0,0.0
2025-04-28 14:06:00-04:00,71.79499816894531,71.80000305175781,71.77999877929688,71.78500366210938,4616,0.0,0.0
2025-04-28 14:07:00-04:00,71.78500366210938,71.78500366210938,71.75,71.76000213623047,4936,0.0,0.0
2025-04-28 14:08:00-04:00,71.76499938964844,71.80000305175781,71.76499938964844,71.79000091552734,6819,0.0,0.0
2025-04-28 14:09:00-04:00,71.80000305175781,71.81829833984375,71.80000305175781,71.80000305175781,3733,0.0,0.0
2025-04-28 14:10:00-04:00,71.79000091552734,71.79000091552734,71.73999786376953,71.73999786376953,2363,0.0,0.0
2025-04-28 14:11:00-04:00,71.74500274658203,71.74500274658203,71.74500274658203,71.74500274658203,560,0.0,0.0
2025-04-28 14:12:00-04:00,71.7300033569336,71.74500274658203,71.69999694824219,71.69999694824219,3517,0.0,0.0
2025-04-28 14:13:00-04:00,71.69000244140625,71.7300033569336,71.68499755859375,71.7300033569336,6863,0.0,0.0
2025-04-28 14:14:00-04:00,71.7300033569336,71.73999786376953,71.7300033569336,71.7300033569336,2574,0.0,0.0
2025-04-28 14:15:00-04:00,71.73500061035156,71.73999786376953,71.71499633789062,71.73500061035156,7705,0.0,0.0
2025-04-28 14:16:00-04:00,71.73500061035156,71.73500061035156,71.72000122070312,71.72000122070312,1560,0.0,0.0
2025-04-28 14:17:00-04:00,71.7249984741211,71.7249984741211,71.72000122070312,71.72000122070312,1315,0.0,0.0
2025-04-28 14:18:00-04:00,71.70999908447266,71.71499633789062,71.69999694824219,71.71499633789062,2255,0.0,0.0
2025-04-28 14:19:00-04:00,71.69999694824219,71.69999694824219,71.66999816894531,71.67500305175781,4920,0.0,0.0
2025-04-28 14:20:00-04:00,71.67500305175781,71.68000030517578,71.66999816894531,71.68000030517578,4607,0.0,0.0
2025-04-28 14:21:00-04:00,71.68000030517578,71.69499969482422,71.66999816894531,71.69499969482422,5351,0.0,0.0
2025-04-28 14:22:00-04:00,71.69499969482422,71.69999694824219,71.69000244140625,71.69999694824219,2135,0.0,0.0
2025-04-28 14:23:00-04:00,71.69999694824219,71.73500061035156,71.69999694824219,71.73500061035156,2810,0.0,0.0
2025-04-28 14:24:00-04:00,71.73500061035156,71.75,71.73500061035156,71.74500274658203,4911,0.0,0.0
2025-04-28 14:25:00-04:00,71.74500274658203,71.75,71.73999786376953,71.74500274658203,3482,0.0,0.0
2025-04-28 14:26:00-04:00,71.73999786376953,71.73999786376953,71.7217025756836,71.7217025756836,3842,0.0,0.0
2025-04-28 14:27:00-04:00,71.7300033569336,71.75,71.7300033569336,71.75,6477,0.0,0.0
2025-04-28 14:28:00-04:00,71.75,71.76499938964844,71.75,71.76000213623047,6466,0.0,0.0
2025-04-28 14:29:00-04:00,71.75,71.75,71.7300033569336,71.7300033569336,2895,0.0,0.0
2025-04-28 14:30:00-04:00,71.72899627685547,71.74700164794922,71.72000122070312,71.74700164794922,4622,0.0,0.0
2025-04-28 14:31:00-04:00,71.74500274658203,71.74500274658203,71.74500274658203,71.74500274658203,1436,0.0,0.0
2025-04-28 14:32:00-04:00,71.73999786376953,71.73999786376953,71.7300033569336,71.73999786376953,829,0.0,0.0
2025-04-28 14:33:00-04:00,71.7300033569336,71.7300033569336,71.68499755859375,71.68499755859375,10881,0.0,0.0
2025-04-28 14:34:00-04:00,71.69999694824219,71.69999694824219,71.66000366210938,71.66500091552734,6533,0.0,0.0
2025-04-28 14:35:00-04:00,71.66500091552734,71.69999694824219,71.63999938964844,71.6500015258789,7159,0.0,0.0
2025-04-28 14:36:00-04:00,71.66500091552734,71.66500091552734,71.66500091552734,71.66500091552734,1007,0.0,0.0
2025-04-28 14:37:00-04:00,71.66500091552734,71.68000030517578,71.66000366210938,71.66000366210938,4659,0.0,0.0
2025-04-28 14:38:00-04:00,71.6500015258789,71.6500015258789,71.63999938964844,71.63999938964844,2937,0.0,0.0
2025-04-28 14:39:00-04:00,71.63999938964844,71.6500015258789,71.63500213623047,71.63500213623047,3014,0.0,0.0
2025-04-28 14:40:00-04:00,71.63500213623047,71.66000366210938,71.62000274658203,71.65499877929688,8591,0.0,0.0
2025-04-28 14:41:00-04:00,71.65499877929688,71.65499877929688,71.62000274658203,71.63999938964844,6290,0.0,0.0
2025-04-28 14:42:00-04:00,71.63999938964844,71.63999938964844,71.62000274658203,71.63999938964844,5036,0.0,0.0
2025-04-28 14:43:00-04:00,71.63999938964844,71.6500015258789,71.62999725341797,71.62999725341797,2960,0.0,0.0
2025-04-28 14:44:00-04:00,71.63999938964844,71.63999938964844,71.62999725341797,71.62999725341797,2447,0.0,0.0
2025-04-28 14:45:00-04:00,71.62999725341797,71.62999725341797,71.5999984741211,71.61499786376953,10429,0.0,0.0
2025-04-28 14:46:00-04:00,71.62000274658203,71.63500213623047,71.62000274658203,71.62000274658203,4670,0.0,0.0
2025-04-28 14:47:00-04:00,71.62000274658203,71.62000274658203,71.61000061035156,71.61000061035156,4544,0.0,0.0
2025-04-28 14:48:00-04:00,71.62000274658203,71.62000274658203,71.5999984741211,71.61000061035156,2427,0.0,0.0
2025-04-28 14:49:00-04:00,71.61000061035156,71.62000274658203,71.5999984741211,71.61000061035156,5448,0.0,0.0
2025-04-28 14:50:00-04:00,71.61000061035156,71.65499877929688,71.61000061035156,71.65499877929688,4846,0.0,0.0
2025-04-28 14:51:00-04:00,71.63999938964844,71.63999938964844,71.62000274658203,71.63500213623047,3720,0.0,0.0
2025-04-28 14:52:00-04:00,71.63500213623047,71.6500015258789,71.63500213623047,71.63500213623047,1773,0.0,0.0
2025-04-28 14:53:00-04:00,71.63500213623047,71.63500213623047,71.61499786376953,71.61499786376953,6413,0.0,0.0
2025-04-28 14:54:00-04:00,71.62000274658203,71.66000366210938,71.62000274658203,71.6500015258789,6593,0.0,0.0
2025-04-28 14:55:00-04:00,71.6500015258789,71.6500015258789,71.62999725341797,71.62999725341797,4550,0.0,0.0
2025-04-28 14:56:00-04:00,71.62999725341797,71.62999725341797,71.62999725341797,71.62999725341797,2835,0.0,0.0
2025-04-28 14:57:00-04:00,71.62000274658203,71.62999725341797,71.5999984741211,71.5999984741211,3043,0.0,0.0
2025-04-28 14:58:00-04:00,71.58999633789062,71.6050033569336,71.55999755859375,71.56999969482422,6100,0.0,0.0
2025-04-28 14:59:00-04:00,71.56999969482422,71.56999969482422,71.52999877929688,71.53500366210938,3013,0.0,0.0
2025-04-28 15:00:00-04:00,71.53500366210938,71.55000305175781,71.51000213623047,71.51000213623047,10893,0.0,0.0
2025-04-28 15:01:00-04:00,71.5199966430664,71.54000091552734,71.5199966430664,71.52999877929688,8403,0.0,0.0
2025-04-28 15:02:00-04:00,71.52999877929688,71.54000091552734,71.52999877929688,71.54000091552734,6926,0.0,0.0
2025-04-28 15:03:00-04:00,71.54000091552734,71.5999984741211,71.5199966430664,71.58999633789062,16135,0.0,0.0
2025-04-28 15:04:00-04:00,71.58499908447266,71.58499908447266,71.58000183105469,71.58499908447266,4559,0.0,0.0
2025-04-28 15:05:00-04:00,71.58499908447266,71.5999984741211,71.58000183105469,71.59500122070312,5443,0.0,0.0
2025-04-28 15:06:00-04:00,71.59500122070312,71.62999725341797,71.59500122070312,71.62999725341797,5621,0.0,0.0
2025-04-28 15:07:00-04:00,71.62999725341797,71.66999816894531,71.62999725341797,71.65499877929688,14150,0.0,0.0
2025-04-28 15:08:00-04:00,71.65499877929688,71.68000030517578,71.6500015258789,71.66999816894531,16503,0.0,0.0
2025-04-28 15:09:00-04:00,71.66999816894531,71.69499969482422,71.66999816894531,71.69000244140625,7558,0.0,0.0
2025-04-28 15:10:00-04:00,71.69000244140625,71.70999908447266,71.68000030517578,71.69499969482422,26662,0.0,0.0
2025-04-28 15:11:00-04:00,71.69499969482422,71.69499969482422,71.66999816894531,71.67500305175781,27426,0.0,0.0
2025-04-28 15:12:00-04:00,71.67500305175781,71.70999908447266,71.67500305175781,71.69000244140625,10218,0.0,0.0
2025-04-28 15:13:00-04:00,71.69000244140625,71.71499633789062,71.69000244140625,71.70999908447266,3449,0.0,0.0
2025-04-28 15:14:00-04:00,71.70999908447266,71.76000213623047,71.69999694824219,71.75,4724,0.0,0.0
2025-04-28 15:15:00-04:00,71.76499938964844,71.76499938964844,71.75,71.76000213623047,2362,0.0,0.0
2025-04-28 15:16:00-04:00,71.75,71.75499725341797,71.73999786376953,71.75499725341797,2804,0.0,0.0
2025-04-28 15:17:00-04:00,71.73999786376953,71.75,71.7300033569336,71.73999786376953,6661,0.0,0.0
2025-04-28 15:18:00-04:00,71.73999786376953,71.7925033569336,71.73870086669922,71.77899932861328,9497,0.0,0.0
2025-04-28 15:19:00-04:00,71.7750015258789,71.80999755859375,71.7699966430664,71.80999755859375,8444,0.0,0.0
2025-04-28 15:20:00-04:00,71.81500244140625,71.81500244140625,71.77999877929688,71.77999877929688,10554,0.0,0.0
2025-04-28 15:21:00-04:00,71.77999877929688,71.80999755859375,71.77999877929688,71.80000305175781,8029,0.0,0.0
2025-04-28 15:22:00-04:00,71.80000305175781,71.81909942626953,71.80000305175781,71.80999755859375,6024,0.0,0.0
2025-04-28 15:23:00-04:00,71.80999755859375,71.83000183105469,71.80000305175781,71.80999755859375,9195,0.0,0.0
2025-04-28 15:24:00-04:00,71.80000305175781,71.80000305175781,71.77999877929688,71.79000091552734,13962,0.0,0.0
2025-04-28 15:25:00-04:00,71.79000091552734,71.80999755859375,71.79000091552734,71.80999755859375,5391,0.0,0.0
2025-04-28 15:26:00-04:00,71.82499694824219,71.83999633789062,71.79000091552734,71.80000305175781,7404,0.0,0.0
2025-04-28 15:27:00-04:00,71.80000305175781,71.80000305175781,71.78500366210938,71.79000091552734,8102,0.0,0.0
2025-04-28 15:28:00-04:00,71.79000091552734,71.81999969482422,71.77999877929688,71.80999755859375,11081,0.0,0.0
2025-04-28 15:29:00-04:00,71.80999755859375,71.80999755859375,71.7699966430664,71.78500366210938,12341,0.0,0.0
2025-04-28 15:30:00-04:00,71.77999877929688,71.80000305175781,71.77999877929688,71.79000091552734,12053,0.0,0.0
2025-04-28 15:31:00-04:00,71.79000091552734,71.80999755859375,71.77999877929688,71.79000091552734,9441,0.0,0.0
2025-04-28 15:32:00-04:00,71.79000091552734,71.79000091552734,71.73999786376953,71.7699966430664,8308,0.0,0.0
2025-04-28 15:33:00-04:00,71.77999877929688,71.80000305175781,71.77999877929688,71.79000091552734,4853,0.0,0.0
2025-04-28 15:34:00-04:00,71.79000091552734,71.79000091552734,71.79000091552734,71.79000091552734,1612,0.0,0.0
2025-04-28 15:35:00-04:00,71.77999877929688,71.78500366210938,71.69000244140625,71.75,21602,0.0,0.0
2025-04-28 15:36:00-04:00,71.75,71.76000213623047,71.70999908447266,71.70999908447266,7329,0.0,0.0
2025-04-28 15:37:00-04:00,71.70999908447266,71.76000213623047,71.70999908447266,71.76000213623047,10636,0.0,0.0
2025-04-28 15:38:00-04:00,71.76000213623047,71.76499938964844,71.75,71.76499938964844,4733,0.0,0.0
2025-04-28 15:39:00-04:00,71.76499938964844,71.77999877929688,71.76499938964844,71.7699966430664,4979,0.0,0.0
2025-04-28 15:40:00-04:00,71.7699966430664,71.80500030517578,71.76000213623047,71.80000305175781,7732,0.0,0.0
2025-04-28 15:41:00-04:00,71.80000305175781,71.80999755859375,71.79000091552734,71.79000091552734,3813,0.0,0.0
2025-04-28 15:42:00-04:00,71.78500366210938,71.80000305175781,71.77999877929688,71.77999877929688,16447,0.0,0.0
2025-04-28 15:43:00-04:00,71.77999877929688,71.79000091552734,71.76000213623047,71.77999877929688,10669,0.0,0.0
2025-04-28 15:44:00-04:00,71.77999877929688,71.77999877929688,71.73500061035156,71.73999786376953,14273,0.0,0.0
2025-04-28 15:45:00-04:00,71.73999786376953,71.75800323486328,71.73999786376953,71.73999786376953,11343,0.0,0.0
2025-04-28 15:46:00-04:00,71.73999786376953,71.75900268554688,71.7249984741211,71.74500274658203,28751,0.0,0.0
2025-04-28 15:47:00-04:00,71.74500274658203,71.76000213623047,71.73999786376953,71.75,12637,0.0,0.0
2025-04-28 15:48:00-04:00,71.75,71.75,71.7249984741211,71.73500061035156,12693,0.0,0.0
2025-04-28 15:49:00-04:00,71.73999786376953,71.77999877929688,71.73999786376953,71.76000213623047,26175,0.0,0.0
2025-04-28 15:50:00-04:00,71.76000213623047,71.83000183105469,71.76000213623047,71.77999877929688,48782,0.0,0.0
2025-04-28 15:51:00-04:00,71.77999877929688,71.80000305175781,71.76000213623047,71.7699966430664,29568,0.0,0.0
2025-04-28 15:52:00-04:00,71.76000213623047,71.77999877929688,71.75,71.75,14000,0.0,0.0
2025-04-28 15:53:00-04:00,71.75499725341797,71.79499816894531,71.75,71.79000091552734,55571,0.0,0.0
2025-04-28 15:54:00-04:00,71.79499816894531,71.80999755859375,71.7699966430664,71.80999755859375,54799,0.0,0.0
2025-04-28 15:55:00-04:00,71.80000305175781,71.8499984741211,71.77999877929688,71.79000091552734,61344,0.0,0.0
2025-04-28 15:56:00-04:00,71.79000091552734,71.81500244140625,71.77999877929688,71.81500244140625,42215,0.0,0.0
2025-04-28 15:57:00-04:00,71.81999969482422,71.8499984741211,71.81500244140625,71.8499984741211,42025,0.0,0.0
2025-04-28 15:58:00-04:00,71.8499984741211,71.86000061035156,71.81999969482422,71.83999633789062,80263,0.0,0.0
2025-04-28 15:59:00-04:00,71.83999633789062,71.87999725341797,71.79000091552734,71.83000183105469,209325,0.0,0.0
2025-04-29 09:30:00-04:00,71.63999938964844,72.16000366210938,71.63999938964844,71.7699966430664,21887,0.0,0.0
2025-04-29 09:31:00-04:00,71.84500122070312,71.94499969482422,71.66000366210938,71.68000030517578,9646,0.0,0.0
2025-04-29 09:32:00-04:00,71.69000244140625,71.69999694824219,71.44000244140625,71.52749633789062,29458,0.0,0.0
2025-04-29 09:33:00-04:00,71.51000213623047,71.58000183105469,71.45999908447266,71.56500244140625,10615,0.0,0.0
2025-04-29 09:34:00-04:00,71.55000305175781,71.62000274658203,71.5199966430664,71.5999984741211,4856,0.0,0.0
2025-04-29 09:35:00-04:00,71.61499786376953,71.61499786376953,71.47000122070312,71.55999755859375,11194,0.0,0.0
2025-04-29 09:36:00-04:00,71.57332611083984,71.58000183105469,71.56500244140625,71.56999969482422,1266,0.0,0.0
2025-04-29 09:37:00-04:00,71.56500244140625,71.58999633789062,71.56500244140625,71.58999633789062,2098,0.0,0.0
2025-04-29 09:38:00-04:00,71.56999969482422,71.56999969482422,71.47000122070312,71.55000305175781,7673,0.0,0.0
2025-04-29 09:39:00-04:00,71.56999969482422,71.62999725341797,71.56999969482422,71.61499786376953,3340,0.0,0.0
2025-04-29 09:40:00-04:00,71.61499786376953,71.69999694824219,71.61499786376953,71.69000244140625,33737,0.0,0.0
2025-04-29 09:41:00-04:00,71.69000244140625,71.69000244140625,71.66000366210938,71.66000366210938,2899,0.0,0.0
2025-04-29 09:42:00-04:00,71.6500015258789,71.66999816894531,71.59500122070312,71.59500122070312,10628,0.0,0.0
2025-04-29 09:43:00-04:00,71.56999969482422,71.56999969482422,71.5199966430664,71.52999877929688,7058,0.0,0.0
2025-04-29 09:44:00-04:00,71.51000213623047,71.51000213623047,71.44999694824219,71.44999694824219,1295,0.0,0.0
2025-04-29 09:45:00-04:00,71.45500183105469,71.5199966430664,71.45500183105469,71.5199966430664,2914,0.0,0.0
2025-04-29 09:46:00-04:00,71.51000213623047,71.55999755859375,71.51000213623047,71.55999755859375,1957,0.0,0.0
2025-04-29 09:47:00-04:00,71.5199966430664,71.55999755859375,71.5199966430664,71.55000305175781,2824,0.0,0.0
2025-04-29 09:48:00-04:00,71.55999755859375,71.5999984741211,71.54000091552734,71.56999969482422,8684,0.0,0.0
2025-04-29 09:49:00-04:00,71.55999755859375,71.55999755859375,71.51000213623047,71.51000213623047,4300,0.0,0.0
2025-04-29 09:50:00-04:00,71.48999786376953,71.52999877929688,71.44000244140625,71.52999877929688,6553,0.0,0.0
2025-04-29 09:51:00-04:00,71.50499725341797,71.55999755859375,71.50499725341797,71.55999755859375,2558,0.0,0.0
2025-04-29 09:52:00-04:00,71.57530212402344,71.58499908447266,71.53150177001953,71.55000305175781,3859,0.0,0.0
2025-04-29 09:53:00-04:00,71.58000183105469,71.58000183105469,71.5250015258789,71.54000091552734,12732,0.0,0.0
2025-04-29 09:54:00-04:00,71.5,71.5,71.4800033569336,71.4800033569336,1472,0.0,0.0
2025-04-29 09:55:00-04:00,71.44999694824219,71.5199966430664,71.44000244140625,71.51000213623047,17297,0.0,0.0
2025-04-29 09:56:00-04:00,71.51000213623047,71.5999984741211,71.50499725341797,71.5999984741211,7669,0.0,0.0
2025-04-29 09:57:00-04:00,71.61170196533203,71.66000366210938,71.58999633789062,71.58999633789062,1728,0.0,0.0
2025-04-29 09:58:00-04:00,71.5999984741211,71.5999984741211,71.45999908447266,71.45999908447266,5069,0.0,0.0
2025-04-29 09:59:00-04:00,71.47000122070312,71.47250366210938,71.44000244140625,71.46499633789062,2746,0.0,0.0
2025-04-29 10:00:00-04:00,71.43000030517578,71.55000305175781,71.41000366210938,71.5,8497,0.0,0.0
2025-04-29 10:01:00-04:00,71.4801025390625,71.51499938964844,71.4801025390625,71.51499938964844,1674,0.0,0.0
2025-04-29 10:02:00-04:00,71.48999786376953,71.52999877929688,71.43000030517578,71.44999694824219,5573,0.0,0.0
2025-04-29 10:03:00-04:00,71.43499755859375,71.44000244140625,71.37999725341797,71.37999725341797,6183,0.0,0.0
2025-04-29 10:04:00-04:00,71.37999725341797,71.4000015258789,71.37999725341797,71.37999725341797,4991,0.0,0.0
2025-04-29 10:05:00-04:00,71.37999725341797,71.41500091552734,71.37999725341797,71.41000366210938,9320,0.0,0.0
2025-04-29 10:06:00-04:00,71.41999816894531,71.51000213623047,71.41999816894531,71.51000213623047,13238,0.0,0.0
2025-04-29 10:07:00-04:00,71.55000305175781,71.55000305175781,71.48999786376953,71.48999786376953,3758,0.0,0.0
2025-04-29 10:08:00-04:00,71.4800033569336,71.5199966430664,71.4800033569336,71.48999786376953,4573,0.0,0.0
2025-04-29 10:09:00-04:00,71.4800033569336,71.48999786376953,71.45999908447266,71.48999786376953,3208,0.0,0.0
2025-04-29 10:10:00-04:00,71.48500061035156,71.48500061035156,71.41999816894531,71.41999816894531,3537,0.0,0.0
2025-04-29 10:11:00-04:00,71.41999816894531,71.44999694824219,71.41999816894531,71.44999694824219,3723,0.0,0.0
2025-04-29 10:12:00-04:00,71.44000244140625,71.45999908447266,71.41999816894531,71.43000030517578,2150,0.0,0.0
2025-04-29 10:13:00-04:00,71.41000366210938,71.47000122070312,71.41000366210938,71.44999694824219,5412,0.0,0.0
2025-04-29 10:14:00-04:00,71.47000122070312,71.4749984741211,71.45999908447266,71.45999908447266,801,0.0,0.0
2025-04-29 10:15:00-04:00,71.47000122070312,71.4800033569336,71.45500183105469,71.4800033569336,3665,0.0,0.0
2025-04-29 10:16:00-04:00,71.4927978515625,71.4927978515625,71.47000122070312,71.4749984741211,3405,0.0,0.0
2025-04-29 10:17:00-04:00,71.4800033569336,71.56999969482422,71.4800033569336,71.55000305175781,10516,0.0,0.0
2025-04-29 10:18:00-04:00,71.55999755859375,71.58000183105469,71.52999877929688,71.54499816894531,4637,0.0,0.0
2025-04-29 10:19:00-04:00,71.54499816894531,71.55999755859375,71.54499816894531,71.55000305175781,1281,0.0,0.0
2025-04-29 10:20:00-04:00,71.55000305175781,71.55999755859375,71.55000305175781,71.55000305175781,2394,0.0,0.0
2025-04-29 10:21:00-04:00,71.55000305175781,71.55000305175781,71.5199966430664,71.54000091552734,5393,0.0,0.0
2025-04-29 10:22:00-04:00,71.53500366210938,71.66000366210938,71.53500366210938,71.63999938964844,21322,0.0,0.0
2025-04-29 10:23:00-04:00,71.62000274658203,71.62000274658203,71.5,71.51499938964844,7485,0.0,0.0
2025-04-29 10:24:00-04:00,71.48999786376953,71.5,71.45999908447266,71.47000122070312,2506,0.0,0.0
2025-04-29 10:25:00-04:00,71.45999908447266,71.5,71.44499969482422,71.5,3006,0.0,0.0
2025-04-29 10:26:00-04:00,71.4749984741211,71.4749984741211,71.43000030517578,71.44000244140625,3005,0.0,0.0
2025-04-29 10:27:00-04:00,71.41999816894531,71.41999816894531,71.37000274658203,71.41000366210938,3347,0.0,0.0
2025-04-29 10:28:00-04:00,71.38999938964844,71.41000366210938,71.38999938964844,71.4000015258789,979,0.0,0.0
2025-04-29 10:29:00-04:00,71.41999816894531,71.41999816894531,71.3499984741211,71.3550033569336,2899,0.0,0.0
2025-04-29 10:30:00-04:00,71.3499984741211,71.37999725341797,71.3499984741211,71.36499786376953,2861,0.0,0.0
2025-04-29 10:31:00-04:00,71.3499984741211,71.41000366210938,71.3499984741211,71.41000366210938,2083,0.0,0.0
2025-04-29 10:32:00-04:00,71.43000030517578,71.44999694824219,71.41999816894531,71.44999694824219,1143,0.0,0.0
2025-04-29 10:33:00-04:00,71.44000244140625,71.48999786376953,71.44000244140625,71.48500061035156,2051,0.0,0.0
2025-04-29 10:34:00-04:00,71.45030212402344,71.47000122070312,71.44499969482422,71.47000122070312,6986,0.0,0.0
2025-04-29 10:35:00-04:00,71.46499633789062,71.46499633789062,71.43000030517578,71.45500183105469,4002,0.0,0.0
2025-04-29 10:36:00-04:00,71.47000122070312,71.53500366210938,71.47000122070312,71.53500366210938,2874,0.0,0.0
2025-04-29 10:37:00-04:00,71.54000091552734,71.55999755859375,71.54000091552734,71.55500030517578,3016,0.0,0.0
2025-04-29 10:38:00-04:00,71.56999969482422,71.56999969482422,71.54000091552734,71.55999755859375,5468,0.0,0.0
2025-04-29 10:39:00-04:00,71.55000305175781,71.56999969482422,71.53500366210938,71.53500366210938,8981,0.0,0.0
2025-04-29 10:40:00-04:00,71.53500366210938,71.55000305175781,71.52999877929688,71.54000091552734,2036,0.0,0.0
2025-04-29 10:41:00-04:00,71.53500366210938,71.58999633789062,71.53500366210938,71.58999633789062,4259,0.0,0.0
2025-04-29 10:42:00-04:00,71.58000183105469,71.59500122070312,71.55999755859375,71.55999755859375,2945,0.0,0.0
2025-04-29 10:43:00-04:00,71.55500030517578,71.55500030517578,71.52999877929688,71.52999877929688,2336,0.0,0.0
2025-04-29 10:44:00-04:00,71.52999877929688,71.55999755859375,71.51000213623047,71.5199966430664,2956,0.0,0.0
2025-04-29 10:45:00-04:00,71.54000091552734,71.55999755859375,71.5199966430664,71.55000305175781,3525,0.0,0.0
2025-04-29 10:46:00-04:00,71.55000305175781,71.56999969482422,71.55000305175781,71.56999969482422,2077,0.0,0.0
2025-04-29 10:47:00-04:00,71.56999969482422,71.57499694824219,71.55000305175781,71.55000305175781,3435,0.0,0.0
2025-04-29 10:48:00-04:00,71.56849670410156,71.58000183105469,71.55000305175781,71.57499694824219,4019,0.0,0.0
2025-04-29 10:49:00-04:00,71.58499908447266,71.5999984741211,71.56999969482422,71.56999969482422,2258,0.0,0.0
2025-04-29 10:50:00-04:00,71.57499694824219,71.5999984741211,71.55999755859375,71.58999633789062,4810,0.0,0.0
2025-04-29 10:51:00-04:00,71.59500122070312,71.59500122070312,71.56999969482422,71.56999969482422,1977,0.0,0.0
2025-04-29 10:52:00-04:00,71.58000183105469,71.58499908447266,71.57499694824219,71.58499908447266,1343,0.0,0.0
2025-04-29 10:53:00-04:00,71.59500122070312,71.62000274658203,71.59500122070312,71.61000061035156,3575,0.0,0.0
2025-04-29 10:54:00-04:00,71.61000061035156,71.61000061035156,71.58999633789062,71.5999984741211,3831,0.0,0.0
2025-04-29 10:55:00-04:00,71.5999984741211,71.62149810791016,71.58999633789062,71.58999633789062,2428,0.0,0.0
2025-04-29 10:56:00-04:00,71.59500122070312,71.59500122070312,71.56999969482422,71.58999633789062,3089,0.0,0.0
2025-04-29 10:57:00-04:00,71.58499908447266,71.5999984741211,71.58000183105469,71.58999633789062,2210,0.0,0.0
2025-04-29 10:58:00-04:00,71.59400177001953,71.62000274658203,71.58000183105469,71.61000061035156,6981,0.0,0.0
2025-04-29 10:59:00-04:00,71.6050033569336,71.61000061035156,71.5999984741211,71.60250091552734,5392,0.0,0.0
2025-04-29 11:00:00-04:00,71.6050033569336,71.61499786376953,71.5999984741211,71.5999984741211,4127,0.0,0.0
2025-04-29 11:01:00-04:00,71.5999984741211,71.61000061035156,71.58999633789062,71.5999984741211,3193,0.0,0.0
2025-04-29 11:02:00-04:00,71.6050033569336,71.6050033569336,71.56999969482422,71.56999969482422,6193,0.0,0.0
2025-04-29 11:03:00-04:00,71.58499908447266,71.58999633789062,71.56999969482422,71.56999969482422,1668,0.0,0.0
2025-04-29 11:04:00-04:00,71.56999969482422,71.56999969482422,71.5250015258789,71.5250015258789,2558,0.0,0.0
2025-04-29 11:05:00-04:00,71.54000091552734,71.55999755859375,71.5250015258789,71.55999755859375,3845,0.0,0.0
2025-04-29 11:06:00-04:00,71.56500244140625,71.60420227050781,71.55999755859375,71.59500122070312,3907,0.0,0.0
2025-04-29 11:07:00-04:00,71.61000061035156,71.61000061035156,71.6050033569336,71.61000061035156,685,0.0,0.0
2025-04-29 11:08:00-04:00,71.5999984741211,71.6050033569336,71.55000305175781,71.55000305175781,9830,0.0,0.0
2025-04-29 11:09:00-04:00,71.55999755859375,71.55999755859375,71.5199966430664,71.5199966430664,6474,0.0,0.0
2025-04-29 11:10:00-04:00,71.53500366210938,71.56999969482422,71.5199966430664,71.55999755859375,5535,0.0,0.0
2025-04-29 11:11:00-04:00,71.58000183105469,71.58499908447266,71.54499816894531,71.55000305175781,4762,0.0,0.0
2025-04-29 11:12:00-04:00,71.52999877929688,71.53459930419922,71.5199966430664,71.5250015258789,3850,0.0,0.0
2025-04-29 11:13:00-04:00,71.5250015258789,71.55000305175781,71.5250015258789,71.55000305175781,1761,0.0,0.0
2025-04-29 11:14:00-04:00,71.55000305175781,71.56999969482422,71.55000305175781,71.56999969482422,2889,0.0,0.0
2025-04-29 11:15:00-04:00,71.58000183105469,71.58000183105469,71.57369995117188,71.58000183105469,2157,0.0,0.0
2025-04-29 11:16:00-04:00,71.57499694824219,71.57499694824219,71.55000305175781,71.55500030517578,4992,0.0,0.0
2025-04-29 11:17:00-04:00,71.55000305175781,71.55999755859375,71.54000091552734,71.54499816894531,3778,0.0,0.0
2025-04-29 11:18:00-04:00,71.52999877929688,71.52999877929688,71.47000122070312,71.4749984741211,2769,0.0,0.0
2025-04-29 11:19:00-04:00,71.4749984741211,71.58000183105469,71.4749984741211,71.54499816894531,10322,0.0,0.0
2025-04-29 11:20:00-04:00,71.55000305175781,71.55500030517578,71.54499816894531,71.55500030517578,1646,0.0,0.0
2025-04-29 11:21:00-04:00,71.55999755859375,71.62000274658203,71.55500030517578,71.57499694824219,10382,0.0,0.0
2025-04-29 11:22:00-04:00,71.56500244140625,71.56999969482422,71.51000213623047,71.51000213623047,3485,0.0,0.0
2025-04-29 11:23:00-04:00,71.51000213623047,71.55000305175781,71.51000213623047,71.55000305175781,4662,0.0,0.0
2025-04-29 11:24:00-04:00,71.55000305175781,71.58000183105469,71.54000091552734,71.55500030517578,5896,0.0,0.0
2025-04-29 11:25:00-04:00,71.55500030517578,71.56999969482422,71.54000091552734,71.54000091552734,4096,0.0,0.0
2025-04-29 11:26:00-04:00,71.55000305175781,71.57499694824219,71.55000305175781,71.57499694824219,3403,0.0,0.0
2025-04-29 11:27:00-04:00,71.57499694824219,71.61000061035156,71.57499694824219,71.5999984741211,3870,0.0,0.0
2025-04-29 11:28:00-04:00,71.6050033569336,71.62000274658203,71.6050033569336,71.62000274658203,2540,0.0,0.0
2025-04-29 11:29:00-04:00,71.62000274658203,71.62000274658203,71.5999984741211,71.61000061035156,3625,0.0,0.0
2025-04-29 11:30:00-04:00,71.61499786376953,71.62000274658203,71.54499816894531,71.55000305175781,6797,0.0,0.0
2025-04-29 11:31:00-04:00,71.52999877929688,71.55000305175781,71.5199966430664,71.52999877929688,2259,0.0,0.0
2025-04-29 11:32:00-04:00,71.52999877929688,71.52999877929688,71.48999786376953,71.48999786376953,3906,0.0,0.0
2025-04-29 11:33:00-04:00,71.4800033569336,71.48999786376953,71.41999816894531,71.41999816894531,2111,0.0,0.0
2025-04-29 11:34:00-04:00,71.44000244140625,71.44999694824219,71.43000030517578,71.44400024414062,2088,0.0,0.0
2025-04-29 11:35:00-04:00,71.43000030517578,71.43000030517578,71.41999816894531,71.41999816894531,4558,0.0,0.0
2025-04-29 11:36:00-04:00,71.43000030517578,71.44000244140625,71.41999816894531,71.44000244140625,2480,0.0,0.0
2025-04-29 11:37:00-04:00,71.43000030517578,71.44000244140625,71.41000366210938,71.41000366210938,2304,0.0,0.0
2025-04-29 11:38:00-04:00,71.41999816894531,71.43000030517578,71.41000366210938,71.41000366210938,2019,0.0,0.0
2025-04-29 11:39:00-04:00,71.41000366210938,71.44999694824219,71.41000366210938,71.41999816894531,5975,0.0,0.0
2025-04-29 11:40:00-04:00,71.41999816894531,71.43000030517578,71.41999816894531,71.43000030517578,1864,0.0,0.0
2025-04-29 11:41:00-04:00,71.43000030517578,71.44999694824219,71.43000030517578,71.43000030517578,3698,0.0,0.0
2025-04-29 11:42:00-04:00,71.44000244140625,71.47200012207031,71.44000244140625,71.46499633789062,2432,0.0,0.0
2025-04-29 11:43:00-04:00,71.47000122070312,71.48999786376953,71.47000122070312,71.48999786376953,1001,0.0,0.0
2025-04-29 11:44:00-04:00,71.4800033569336,71.48999786376953,71.47000122070312,71.47000122070312,5309,0.0,0.0
2025-04-29 11:45:00-04:00,71.4800033569336,71.51000213623047,71.4800033569336,71.51000213623047,2947,0.0,0.0
2025-04-29 11:46:00-04:00,71.5250015258789,71.53500366210938,71.5,71.51499938964844,3783,0.0,0.0
2025-04-29 11:47:00-04:00,71.5199966430664,71.53900146484375,71.5,71.51000213623047,2061,0.0,0.0
2025-04-29 11:48:00-04:00,71.50499725341797,71.50499725341797,71.41000366210938,71.41000366210938,3089,0.0,0.0
2025-04-29 11:49:00-04:00,71.41000366210938,71.43000030517578,71.41000366210938,71.41999816894531,3848,0.0,0.0
2025-04-29 11:50:00-04:00,71.41999816894531,71.43000030517578,71.41999816894531,71.43000030517578,958,0.0,0.0
2025-04-29 11:51:00-04:00,71.43499755859375,71.44999694824219,71.43499755859375,71.44000244140625,778,0.0,0.0
2025-04-29 11:52:00-04:00,71.44000244140625,71.45980072021484,71.44000244140625,71.44499969482422,3988,0.0,0.0
2025-04-29 11:53:00-04:00,71.44000244140625,71.44000244140625,71.36000061035156,71.37999725341797,5990,0.0,0.0
2025-04-29 11:54:00-04:00,71.37999725341797,71.38999938964844,71.375,71.38999938964844,1415,0.0,0.0
2025-04-29 11:55:00-04:00,71.37999725341797,71.38999938964844,71.3499984741211,71.36000061035156,4412,0.0,0.0
2025-04-29 11:56:00-04:00,71.3499984741211,71.3499984741211,71.30999755859375,71.32499694824219,3640,0.0,0.0
2025-04-29 11:57:00-04:00,71.30999755859375,71.31999969482422,71.27999877929688,71.31999969482422,4502,0.0,0.0
2025-04-29 11:58:00-04:00,71.31500244140625,71.31500244140625,71.29000091552734,71.29499816894531,1485,0.0,0.0
2025-04-29 11:59:00-04:00,71.29499816894531,71.30000305175781,71.27999877929688,71.29499816894531,2494,0.0,0.0
2025-04-29 12:00:00-04:00,71.29499816894531,71.30999755859375,71.29499816894531,71.30000305175781,1720,0.0,0.0
2025-04-29 12:01:00-04:00,71.31520080566406,71.3499984741211,71.30500030517578,71.34750366210938,3055,0.0,0.0
2025-04-29 12:02:00-04:00,71.36000061035156,71.38400268554688,71.3499984741211,71.375,3353,0.0,0.0
2025-04-29 12:03:00-04:00,71.37999725341797,71.4000015258789,71.37999725341797,71.3949966430664,1755,0.0,0.0
2025-04-29 12:04:00-04:00,71.40499877929688,71.41500091552734,71.40499877929688,71.41500091552734,708,0.0,0.0
2025-04-29 12:05:00-04:00,71.41999816894531,71.4749984741211,71.41999816894531,71.44999694824219,5852,0.0,0.0
2025-04-29 12:06:00-04:00,71.47000122070312,71.5,71.47000122070312,71.5,888,0.0,0.0
2025-04-29 12:07:00-04:00,71.5,71.51000213623047,71.49500274658203,71.51000213623047,1337,0.0,0.0
2025-04-29 12:08:00-04:00,71.5199966430664,71.5199966430664,71.48999786376953,71.5,4949,0.0,0.0
2025-04-29 12:09:00-04:00,71.5,71.55000305175781,71.5,71.54000091552734,3940,0.0,0.0
2025-04-29 12:10:00-04:00,71.54000091552734,71.55000305175781,71.5199966430664,71.54000091552734,4669,0.0,0.0
2025-04-29 12:11:00-04:00,71.54650115966797,71.54650115966797,71.52999877929688,71.52999877929688,1285,0.0,0.0
2025-04-29 12:12:00-04:00,71.54000091552734,71.55619812011719,71.52999877929688,71.52999877929688,6718,0.0,0.0
2025-04-29 12:13:00-04:00,71.55000305175781,71.58999633789062,71.55000305175781,71.58999633789062,4777,0.0,0.0
2025-04-29 12:14:00-04:00,71.58499908447266,71.58999633789062,71.58499908447266,71.58999633789062,1285,0.0,0.0
2025-04-29 12:15:00-04:00,71.5999984741211,71.62000274658203,71.5999984741211,71.6050033569336,1139,0.0,0.0
2025-04-29 12:16:00-04:00,71.5999984741211,71.6050033569336,71.58000183105469,71.58000183105469,3358,0.0,0.0
2025-04-29 12:17:00-04:00,71.58000183105469,71.58000183105469,71.56999969482422,71.58000183105469,3025,0.0,0.0
2025-04-29 12:18:00-04:00,71.57499694824219,71.57499694824219,71.56999969482422,71.57499694824219,1276,0.0,0.0
2025-04-29 12:19:00-04:00,71.56999969482422,71.56999969482422,71.5199966430664,71.5199966430664,3559,0.0,0.0
2025-04-29 12:20:00-04:00,71.52999877929688,71.55999755859375,71.51000213623047,71.55000305175781,5575,0.0,0.0
2025-04-29 12:21:00-04:00,71.55590057373047,71.55999755859375,71.54000091552734,71.55500030517578,4637,0.0,0.0
2025-04-29 12:22:00-04:00,71.56999969482422,71.56999969482422,71.55000305175781,71.55000305175781,3099,0.0,0.0
2025-04-29 12:23:00-04:00,71.54000091552734,71.54000091552734,71.50499725341797,71.54000091552734,4218,0.0,0.0
2025-04-29 12:24:00-04:00,71.54499816894531,71.55999755859375,71.47000122070312,71.47000122070312,7428,0.0,0.0
2025-04-29 12:25:00-04:00,71.47000122070312,71.5,71.44000244140625,71.4800033569336,14807,0.0,0.0
2025-04-29 12:26:00-04:00,71.48999786376953,71.52999877929688,71.48999786376953,71.5,2765,0.0,0.0
2025-04-29 12:27:00-04:00,71.51000213623047,71.51499938964844,71.51000213623047,71.51499938964844,566,0.0,0.0
2025-04-29 12:28:00-04:00,71.54000091552734,71.55000305175781,71.54000091552734,71.54000091552734,1201,0.0,0.0
2025-04-29 12:29:00-04:00,71.54499816894531,71.55500030517578,71.5250015258789,71.54000091552734,4413,0.0,0.0
2025-04-29 12:30:00-04:00,71.54000091552734,71.54000091552734,71.50499725341797,71.51000213623047,6739,0.0,0.0
2025-04-29 12:31:00-04:00,71.51000213623047,71.52999877929688,71.51000213623047,71.5199966430664,1491,0.0,0.0
2025-04-29 12:32:00-04:00,71.5199966430664,71.54000091552734,71.51000213623047,71.51000213623047,2592,0.0,0.0
2025-04-29 12:33:00-04:00,71.52999877929688,71.54000091552734,71.5199966430664,71.5250015258789,2517,0.0,0.0
2025-04-29 12:34:00-04:00,71.54000091552734,71.55000305175781,71.54000091552734,71.55000305175781,3163,0.0,0.0
2025-04-29 12:35:00-04:00,71.55000305175781,71.55000305175781,71.55000305175781,71.55000305175781,2656,0.0,0.0
2025-04-29 12:36:00-04:00,71.55999755859375,71.55999755859375,71.55000305175781,71.55000305175781,2220,0.0,0.0
2025-04-29 12:37:00-04:00,71.55000305175781,71.55999755859375,71.52999877929688,71.52999877929688,4488,0.0,0.0
2025-04-29 12:38:00-04:00,71.5199966430664,71.5199966430664,71.45999908447266,71.45999908447266,1601,0.0,0.0
2025-04-29 12:39:00-04:00,71.44999694824219,71.47000122070312,71.44000244140625,71.47000122070312,3159,0.0,0.0
2025-04-29 12:40:00-04:00,71.47000122070312,71.52999877929688,71.47000122070312,71.52870178222656,3995,0.0,0.0
2025-04-29 12:41:00-04:00,71.5199966430664,71.52999877929688,71.5199966430664,71.52999877929688,1101,0.0,0.0
2025-04-29 12:42:00-04:00,71.53500366210938,71.55000305175781,71.51000213623047,71.51000213623047,8386,0.0,0.0
2025-04-29 12:43:00-04:00,71.51000213623047,71.51499938964844,71.51000213623047,71.51499938964844,758,0.0,0.0
2025-04-29 12:44:00-04:00,71.5199966430664,71.5199966430664,71.51000213623047,71.51349639892578,1620,0.0,0.0
2025-04-29 12:45:00-04:00,71.5,71.5199966430664,71.48999786376953,71.48999786376953,5345,0.0,0.0
2025-04-29 12:46:00-04:00,71.48999786376953,71.48999786376953,71.45999908447266,71.46499633789062,2729,0.0,0.0
2025-04-29 12:47:00-04:00,71.46499633789062,71.47000122070312,71.46499633789062,71.47000122070312,1453,0.0,0.0
2025-04-29 12:48:00-04:00,71.45999908447266,71.47000122070312,71.42500305175781,71.42500305175781,3647,0.0,0.0
2025-04-29 12:49:00-04:00,71.42500305175781,71.44339752197266,71.41000366210938,71.44339752197266,2107,0.0,0.0
2025-04-29 12:50:00-04:00,71.44999694824219,71.5,71.44999694824219,71.5,1829,0.0,0.0
2025-04-29 12:51:00-04:00,71.48500061035156,71.48999786376953,71.45999908447266,71.48500061035156,5446,0.0,0.0
2025-04-29 12:52:00-04:00,71.48500061035156,71.48500061035156,71.4800033569336,71.4800033569336,608,0.0,0.0
2025-04-29 12:53:00-04:00,71.48500061035156,71.48500061035156,71.46499633789062,71.4800033569336,3329,0.0,0.0
2025-04-29 12:54:00-04:00,71.48999786376953,71.48999786376953,71.48999786376953,71.48999786376953,597,0.0,0.0
2025-04-29 12:55:00-04:00,71.48999786376953,71.48999786376953,71.44999694824219,71.44999694824219,2606,0.0,0.0
2025-04-29 12:56:00-04:00,71.44999694824219,71.45999908447266,71.44000244140625,71.44999694824219,1894,0.0,0.0
2025-04-29 12:57:00-04:00,71.44000244140625,71.44499969482422,71.43000030517578,71.43000030517578,1129,0.0,0.0
2025-04-29 12:58:00-04:00,71.44499969482422,71.4800033569336,71.43000030517578,71.4800033569336,1908,0.0,0.0
2025-04-29 12:59:00-04:00,71.48500061035156,71.5,71.4800033569336,71.4800033569336,3442,0.0,0.0
2025-04-29 13:00:00-04:00,71.5,71.54000091552734,71.5,71.51000213623047,3996,0.0,0.0
2025-04-29 13:01:00-04:00,71.5,71.55999755859375,71.5,71.55999755859375,5696,0.0,0.0
2025-04-29 13:02:00-04:00,71.55999755859375,71.58999633789062,71.55999755859375,71.56999969482422,30656,0.0,0.0
2025-04-29 13:03:00-04:00,71.56999969482422,71.58999633789062,71.56999969482422,71.56999969482422,6190,0.0,0.0
2025-04-29 13:04:00-04:00,71.56999969482422,71.58000183105469,71.56999969482422,71.57499694824219,5949,0.0,0.0
2025-04-29 13:05:00-04:00,71.57499694824219,71.59500122070312,71.57499694824219,71.59500122070312,3066,0.0,0.0
2025-04-29 13:06:00-04:00,71.59500122070312,71.61000061035156,71.59500122070312,71.5999984741211,1389,0.0,0.0
2025-04-29 13:07:00-04:00,71.6050033569336,71.6500015258789,71.6050033569336,71.63500213623047,21038,0.0,0.0
2025-04-29 13:08:00-04:00,71.63500213623047,71.63999938964844,71.62000274658203,71.62999725341797,11937,0.0,0.0
2025-04-29 13:09:00-04:00,71.625,71.63999938964844,71.61499786376953,71.62000274658203,8207,0.0,0.0
2025-04-29 13:10:00-04:00,71.62000274658203,71.62000274658203,71.55999755859375,71.55999755859375,6988,0.0,0.0
2025-04-29 13:11:00-04:00,71.55999755859375,71.58000183105469,71.55999755859375,71.56999969482422,5679,0.0,0.0
2025-04-29 13:12:00-04:00,71.56999969482422,71.56999969482422,71.55000305175781,71.55500030517578,1157,0.0,0.0
2025-04-29 13:13:00-04:00,71.55500030517578,71.58999633789062,71.55500030517578,71.58000183105469,11119,0.0,0.0
2025-04-29 13:14:00-04:00,71.58000183105469,71.58999633789062,71.58000183105469,71.58000183105469,1760,0.0,0.0
2025-04-29 13:15:00-04:00,71.56999969482422,71.56999969482422,71.51000213623047,71.51000213623047,7251,0.0,0.0
2025-04-29 13:16:00-04:00,71.51000213623047,71.52999877929688,71.51000213623047,71.52999877929688,1475,0.0,0.0
2025-04-29 13:17:00-04:00,71.55999755859375,71.58999633789062,71.55999755859375,71.58999633789062,1547,0.0,0.0
2025-04-29 13:18:00-04:00,71.58999633789062,71.58999633789062,71.55999755859375,71.55999755859375,2782,0.0,0.0
2025-04-29 13:19:00-04:00,71.56999969482422,71.61000061035156,71.56950378417969,71.58499908447266,12854,0.0,0.0
2025-04-29 13:20:00-04:00,71.58499908447266,71.61000061035156,71.58499908447266,71.61000061035156,2845,0.0,0.0
2025-04-29 13:21:00-04:00,71.61000061035156,71.66000366210938,71.61000061035156,71.62000274658203,13785,0.0,0.0
2025-04-29 13:22:00-04:00,71.625,71.6500015258789,71.62000274658203,71.63500213623047,2897,0.0,0.0
2025-04-29 13:23:00-04:00,71.6500015258789,71.66999816894531,71.6500015258789,71.66000366210938,1261,0.0,0.0
2025-04-29 13:24:00-04:00,71.66500091552734,71.70999908447266,71.66500091552734,71.70999908447266,1743,0.0,0.0
2025-04-29 13:25:00-04:00,71.69999694824219,71.69999694824219,71.69000244140625,71.69000244140625,2547,0.0,0.0
2025-04-29 13:26:00-04:00,71.71499633789062,71.7300033569336,71.69999694824219,71.70999908447266,3308,0.0,0.0
2025-04-29 13:27:00-04:00,71.70500183105469,71.72000122070312,71.69999694824219,71.70500183105469,4199,0.0,0.0
2025-04-29 13:28:00-04:00,71.70259857177734,71.70500183105469,71.69000244140625,71.70500183105469,3095,0.0,0.0
2025-04-29 13:29:00-04:00,71.70500183105469,71.70500183105469,71.69000244140625,71.69999694824219,2004,0.0,0.0
2025-04-29 13:30:00-04:00,71.69999694824219,71.7300033569336,71.69999694824219,71.7300033569336,55572,0.0,0.0
2025-04-29 13:31:00-04:00,71.72000122070312,71.7300033569336,71.71499633789062,71.7249984741211,3079,0.0,0.0
2025-04-29 13:32:00-04:00,71.7249984741211,71.76000213623047,71.69999694824219,71.76000213623047,41569,0.0,0.0
2025-04-29 13:33:00-04:00,71.75,71.77999877929688,71.73500061035156,71.73999786376953,41358,0.0,0.0
2025-04-29 13:34:00-04:00,71.73999786376953,71.86000061035156,71.7300033569336,71.84500122070312,36844,0.0,0.0
2025-04-29 13:35:00-04:00,71.81999969482422,71.83999633789062,71.80010223388672,71.83999633789062,3798,0.0,0.0
2025-04-29 13:36:00-04:00,71.84500122070312,71.84500122070312,71.79000091552734,71.79000091552734,4553,0.0,0.0
2025-04-29 13:37:00-04:00,71.79000091552734,71.83000183105469,71.78009796142578,71.78009796142578,8390,0.0,0.0
2025-04-29 13:38:00-04:00,71.80999755859375,71.81999969482422,71.79000091552734,71.80999755859375,5331,0.0,0.0
2025-04-29 13:39:00-04:00,71.80500030517578,71.83000183105469,71.80500030517578,71.83000183105469,2232,0.0,0.0
2025-04-29 13:40:00-04:00,71.83000183105469,71.83999633789062,71.81999969482422,71.82499694824219,5504,0.0,0.0
2025-04-29 13:41:00-04:00,71.83000183105469,71.83999633789062,71.82009887695312,71.83000183105469,7880,0.0,0.0
2025-04-29 13:42:00-04:00,71.83999633789062,71.86000061035156,71.83999633789062,71.8499984741211,5004,0.0,0.0
2025-04-29 13:43:00-04:00,71.87000274658203,71.87000274658203,71.87000274658203,71.87000274658203,1560,0.0,0.0
2025-04-29 13:44:00-04:00,71.87000274658203,71.87000274658203,71.85199737548828,71.86100006103516,3624,0.0,0.0
2025-04-29 13:45:00-04:00,71.86000061035156,71.86000061035156,71.8499984741211,71.8499984741211,1109,0.0,0.0
2025-04-29 13:46:00-04:00,71.86000061035156,71.86000061035156,71.81999969482422,71.81999969482422,6661,0.0,0.0
2025-04-29 13:47:00-04:00,71.81999969482422,71.86499786376953,71.81999969482422,71.86499786376953,7872,0.0,0.0
2025-04-29 13:48:00-04:00,71.87999725341797,71.93000030517578,71.87999725341797,71.93000030517578,2165,0.0,0.0
2025-04-29 13:49:00-04:00,71.95500183105469,72.01000213623047,71.95500183105469,72.0,34396,0.0,0.0
2025-04-29 13:50:00-04:00,72.0,72.01000213623047,71.91000366210938,71.91000366210938,8501,0.0,0.0
2025-04-29 13:51:00-04:00,71.91000366210938,71.93000030517578,71.9000015258789,71.91000366210938,6922,0.0,0.0
2025-04-29 13:52:00-04:00,71.91500091552734,71.93000030517578,71.91000366210938,71.91000366210938,880,0.0,0.0
2025-04-29 13:53:00-04:00,71.92500305175781,71.94000244140625,71.91000366210938,71.91200256347656,3837,0.0,0.0
2025-04-29 13:54:00-04:00,71.93000030517578,71.94499969482422,71.91999816894531,71.94499969482422,4456,0.0,0.0
2025-04-29 13:55:00-04:00,71.94499969482422,71.9749984741211,71.94499969482422,71.96099853515625,5408,0.0,0.0
2025-04-29 13:56:00-04:00,71.95999908447266,71.9800033569336,71.94999694824219,71.9800033569336,3269,0.0,0.0
2025-04-29 13:57:00-04:00,71.96499633789062,71.9749984741211,71.94999694824219,71.94999694824219,2931,0.0,0.0
2025-04-29 13:58:00-04:00,71.95999908447266,71.97250366210938,71.95999908447266,71.95999908447266,733,0.0,0.0
2025-04-29 13:59:00-04:00,71.95999908447266,71.95999908447266,71.94000244140625,71.94000244140625,2839,0.0,0.0
2025-04-29 14:00:00-04:00,71.94000244140625,71.9800033569336,71.94000244140625,71.9800033569336,11773,0.0,0.0
2025-04-29 14:01:00-04:00,71.96499633789062,71.96499633789062,71.94999694824219,71.95999908447266,3407,0.0,0.0
2025-04-29 14:02:00-04:00,71.95999908447266,71.95999908447266,71.94000244140625,71.94999694824219,3681,0.0,0.0
2025-04-29 14:03:00-04:00,71.94000244140625,71.94999694824219,71.94000244140625,71.94999694824219,2077,0.0,0.0
2025-04-29 14:04:00-04:00,71.94999694824219,72.0199966430664,71.94999694824219,72.01499938964844,3885,0.0,0.0
2025-04-29 14:05:00-04:00,72.01000213623047,72.0199966430664,71.98999786376953,71.98999786376953,8359,0.0,0.0
2025-04-29 14:06:00-04:00,71.98999786376953,72.0,71.98999786376953,71.99500274658203,4143,0.0,0.0
2025-04-29 14:07:00-04:00,71.98999786376953,71.98999786376953,71.94499969482422,71.94999694824219,8770,0.0,0.0
2025-04-29 14:08:00-04:00,71.94999694824219,71.9800033569336,71.94999694824219,71.97000122070312,6312,0.0,0.0
2025-04-29 14:09:00-04:00,71.9749984741211,71.98999786376953,71.95500183105469,71.95500183105469,5700,0.0,0.0
2025-04-29 14:10:00-04:00,71.94000244140625,71.94999694824219,71.93000030517578,71.93000030517578,2937,0.0,0.0
2025-04-29 14:11:00-04:00,71.91999816894531,71.94000244140625,71.91999816894531,71.93000030517578,3697,0.0,0.0
2025-04-29 14:12:00-04:00,71.93000030517578,71.94999694824219,71.91000366210938,71.91000366210938,3550,0.0,0.0
2025-04-29 14:13:00-04:00,71.93000030517578,71.94000244140625,71.88999938964844,71.91000366210938,4238,0.0,0.0
2025-04-29 14:14:00-04:00,71.90499877929688,71.92500305175781,71.90499877929688,71.92500305175781,3147,0.0,0.0
2025-04-29 14:15:00-04:00,71.93000030517578,71.96499633789062,71.93000030517578,71.96499633789062,1153,0.0,0.0
2025-04-29 14:16:00-04:00,71.95999908447266,71.97000122070312,71.95999908447266,71.97000122070312,1544,0.0,0.0
2025-04-29 14:17:00-04:00,71.97000122070312,72.0,71.95999908447266,72.0,4157,0.0,0.0
2025-04-29 14:18:00-04:00,71.98999786376953,71.98999786376953,71.94000244140625,71.95500183105469,4750,0.0,0.0
2025-04-29 14:19:00-04:00,71.94999694824219,71.95999908447266,71.92500305175781,71.92500305175781,2488,0.0,0.0
2025-04-29 14:20:00-04:00,71.93000030517578,71.97000122070312,71.9000015258789,71.90499877929688,6940,0.0,0.0
2025-04-29 14:21:00-04:00,71.91000366210938,71.91000366210938,71.9000015258789,71.90499877929688,4040,0.0,0.0
2025-04-29 14:22:00-04:00,71.91000366210938,71.91000366210938,71.88999938964844,71.88999938964844,2829,0.0,0.0
2025-04-29 14:23:00-04:00,71.8949966430664,71.94000244140625,71.88999938964844,71.94000244140625,8332,0.0,0.0
2025-04-29 14:24:00-04:00,71.94499969482422,71.9561996459961,71.91999816894531,71.93000030517578,3839,0.0,0.0
2025-04-29 14:25:00-04:00,71.93000030517578,71.94999694824219,71.93000030517578,71.94499969482422,2821,0.0,0.0
2025-04-29 14:26:00-04:00,71.94499969482422,71.94499969482422,71.91000366210938,71.91999816894531,8308,0.0,0.0
2025-04-29 14:27:00-04:00,71.91999816894531,71.97000122070312,71.91999816894531,71.97000122070312,3828,0.0,0.0
2025-04-29 14:28:00-04:00,71.97000122070312,72.0,71.95999908447266,71.9800033569336,3505,0.0,0.0
2025-04-29 14:29:00-04:00,71.9800033569336,71.99500274658203,71.9800033569336,71.99500274658203,3226,0.0,0.0
2025-04-29 14:30:00-04:00,72.0,72.0199966430664,71.99500274658203,72.01499938964844,2807,0.0,0.0
2025-04-29 14:31:00-04:00,72.0250015258789,72.0250015258789,72.01000213623047,72.01000213623047,2262,0.0,0.0
2025-04-29 14:32:00-04:00,72.01000213623047,72.01000213623047,72.0,72.00499725341797,3507,0.0,0.0
2025-04-29 14:33:00-04:00,72.00499725341797,72.05000305175781,72.00499725341797,72.0447006225586,4941,0.0,0.0
2025-04-29 14:34:00-04:00,72.06500244140625,72.07499694824219,72.05999755859375,72.05999755859375,619,0.0,0.0
2025-04-29 14:35:00-04:00,72.07499694824219,72.07499694824219,72.04000091552734,72.05500030517578,4751,0.0,0.0
2025-04-29 14:36:00-04:00,72.05860137939453,72.05860137939453,72.04000091552734,72.04000091552734,1248,0.0,0.0
2025-04-29 14:37:00-04:00,72.04000091552734,72.04000091552734,72.01000213623047,72.01000213623047,4748,0.0,0.0
2025-04-29 14:38:00-04:00,72.0199966430664,72.05000305175781,72.0199966430664,72.02999877929688,5259,0.0,0.0
2025-04-29 14:39:00-04:00,72.0199966430664,72.0199966430664,72.0,72.0,3210,0.0,0.0
2025-04-29 14:40:00-04:00,72.0,72.00499725341797,71.98040008544922,72.0,3617,0.0,0.0
2025-04-29 14:41:00-04:00,71.98999786376953,72.00499725341797,71.9800033569336,72.00499725341797,3268,0.0,0.0
2025-04-29 14:42:00-04:00,72.0,72.0,72.0,72.0,387,0.0,0.0
2025-04-29 14:43:00-04:00,71.98999786376953,71.98999786376953,71.96499633789062,71.97000122070312,6157,0.0,0.0
2025-04-29 14:44:00-04:00,71.97000122070312,71.98999786376953,71.97000122070312,71.98999786376953,2801,0.0,0.0
2025-04-29 14:45:00-04:00,71.9800033569336,71.9800033569336,71.94999694824219,71.94999694824219,2918,0.0,0.0
2025-04-29 14:46:00-04:00,71.94000244140625,71.95999908447266,71.94000244140625,71.94499969482422,4925,0.0,0.0
2025-04-29 14:47:00-04:00,71.94499969482422,71.94999694824219,71.91000366210938,71.91500091552734,4091,0.0,0.0
2025-04-29 14:48:00-04:00,71.91500091552734,71.93000030517578,71.91000366210938,71.91999816894531,5630,0.0,0.0
2025-04-29 14:49:00-04:00,71.93000030517578,71.93000030517578,71.91999816894531,71.92500305175781,2576,0.0,0.0
2025-04-29 14:50:00-04:00,71.91280364990234,71.92500305175781,71.88999938964844,71.88999938964844,2618,0.0,0.0
2025-04-29 14:51:00-04:00,71.9000015258789,71.91999816894531,71.87999725341797,71.87999725341797,6488,0.0,0.0
2025-04-29 14:52:00-04:00,71.875,71.88999938964844,71.86000061035156,71.88999938964844,6895,0.0,0.0
2025-04-29 14:53:00-04:00,71.87999725341797,71.88999938964844,71.87000274658203,71.87000274658203,1072,0.0,0.0
2025-04-29 14:54:00-04:00,71.87999725341797,71.9000015258789,71.87999725341797,71.9000015258789,4138,0.0,0.0
2025-04-29 14:55:00-04:00,71.88500213623047,71.91000366210938,71.87000274658203,71.9000015258789,4877,0.0,0.0
2025-04-29 14:56:00-04:00,71.89959716796875,71.9000015258789,71.87000274658203,71.87999725341797,7424,0.0,0.0
2025-04-29 14:57:00-04:00,71.87000274658203,71.88999938964844,71.87000274658203,71.87999725341797,5272,0.0,0.0
2025-04-29 14:58:00-04:00,71.87999725341797,71.8949966430664,71.86000061035156,71.87000274658203,3814,0.0,0.0
2025-04-29 14:59:00-04:00,71.86499786376953,71.9000015258789,71.86499786376953,71.8949966430664,6550,0.0,0.0
2025-04-29 15:00:00-04:00,71.9000015258789,71.94000244140625,71.8949966430664,71.91999816894531,4414,0.0,0.0
2025-04-29 15:01:00-04:00,71.91500091552734,71.91500091552734,71.9000015258789,71.9000015258789,4899,0.0,0.0
2025-04-29 15:02:00-04:00,71.91000366210938,71.91000366210938,71.9000015258789,71.9000015258789,3944,0.0,0.0
2025-04-29 15:03:00-04:00,71.88999938964844,71.9000015258789,71.88500213623047,71.88500213623047,5480,0.0,0.0
2025-04-29 15:04:00-04:00,71.88500213623047,71.88999938964844,71.87000274658203,71.87000274658203,6697,0.0,0.0
2025-04-29 15:05:00-04:00,71.86499786376953,71.87999725341797,71.8499984741211,71.87000274658203,11935,0.0,0.0
2025-04-29 15:06:00-04:00,71.87000274658203,71.8949966430664,71.87000274658203,71.87999725341797,6276,0.0,0.0
2025-04-29 15:07:00-04:00,71.87999725341797,71.94999694824219,71.87999725341797,71.91000366210938,8902,0.0,0.0
2025-04-29 15:08:00-04:00,71.91000366210938,71.91000366210938,71.8866958618164,71.90499877929688,10436,0.0,0.0
2025-04-29 15:09:00-04:00,71.90499877929688,71.90499877929688,71.87000274658203,71.87999725341797,3606,0.0,0.0
2025-04-29 15:10:00-04:00,71.88999938964844,71.89700317382812,71.875,71.875,3168,0.0,0.0
2025-04-29 15:11:00-04:00,71.87000274658203,71.9000015258789,71.87000274658203,71.87999725341797,12935,0.0,0.0
2025-04-29 15:12:00-04:00,71.88500213623047,71.88500213623047,71.87999725341797,71.88500213623047,2339,0.0,0.0
2025-04-29 15:13:00-04:00,71.88500213623047,71.90899658203125,71.88500213623047,71.9000015258789,1749,0.0,0.0
2025-04-29 15:14:00-04:00,71.9000015258789,71.9000015258789,71.87000274658203,71.87999725341797,6848,0.0,0.0
2025-04-29 15:15:00-04:00,71.875,71.875,71.87000274658203,71.87000274658203,1392,0.0,0.0
2025-04-29 15:16:00-04:00,71.87000274658203,71.87000274658203,71.83000183105469,71.8499984741211,5964,0.0,0.0
2025-04-29 15:17:00-04:00,71.8499984741211,71.8550033569336,71.83000183105469,71.8499984741211,5368,0.0,0.0
2025-04-29 15:18:00-04:00,71.86000061035156,71.87000274658203,71.8499984741211,71.86000061035156,7323,0.0,0.0
2025-04-29 15:19:00-04:00,71.86000061035156,71.86000061035156,71.8499984741211,71.86000061035156,4011,0.0,0.0
2025-04-29 15:20:00-04:00,71.87000274658203,71.8949966430664,71.8499984741211,71.875,6031,0.0,0.0
2025-04-29 15:21:00-04:00,71.88099670410156,71.88099670410156,71.86499786376953,71.87000274658203,9048,0.0,0.0
2025-04-29 15:22:00-04:00,71.86499786376953,71.87999725341797,71.86000061035156,71.86000061035156,12981,0.0,0.0
2025-04-29 15:23:00-04:00,71.87000274658203,71.87000274658203,71.86000061035156,71.87000274658203,3001,0.0,0.0
2025-04-29 15:24:00-04:00,71.87000274658203,71.9000015258789,71.87000274658203,71.87999725341797,3389,0.0,0.0
2025-04-29 15:25:00-04:00,71.9000015258789,71.9000015258789,71.8499984741211,71.87000274658203,9332,0.0,0.0
2025-04-29 15:26:00-04:00,71.87000274658203,71.87999725341797,71.86000061035156,71.87999725341797,3704,0.0,0.0
2025-04-29 15:27:00-04:00,71.875,71.87999725341797,71.875,71.87999725341797,5096,0.0,0.0
2025-04-29 15:28:00-04:00,71.87000274658203,71.88500213623047,71.87000274658203,71.875,8750,0.0,0.0
2025-04-29 15:29:00-04:00,71.87000274658203,71.875,71.8499984741211,71.8499984741211,6703,0.0,0.0
2025-04-29 15:30:00-04:00,71.8499984741211,71.87000274658203,71.8499984741211,71.86000061035156,4564,0.0,0.0
2025-04-29 15:31:00-04:00,71.86000061035156,71.87000274658203,71.83999633789062,71.8499984741211,8140,0.0,0.0
2025-04-29 15:32:00-04:00,71.8499984741211,71.87999725341797,71.8499984741211,71.87000274658203,2492,0.0,0.0
2025-04-29 15:33:00-04:00,71.87000274658203,71.87000274658203,71.86000061035156,71.86000061035156,1725,0.0,0.0
2025-04-29 15:34:00-04:00,71.86499786376953,71.87000274658203,71.8499984741211,71.86000061035156,6384,0.0,0.0
2025-04-29 15:35:00-04:00,71.8499984741211,71.9000015258789,71.8499984741211,71.9000015258789,9711,0.0,0.0
2025-04-29 15:36:00-04:00,71.88999938964844,71.91000366210938,71.88999938964844,71.9000015258789,5769,0.0,0.0
2025-04-29 15:37:00-04:00,71.91000366210938,71.91000366210938,71.875,71.875,11873,0.0,0.0
2025-04-29 15:38:00-04:00,71.87000274658203,71.90750122070312,71.87000274658203,71.90499877929688,11512,0.0,0.0
2025-04-29 15:39:00-04:00,71.90499877929688,71.91000366210938,71.87999725341797,71.88999938964844,7668,0.0,0.0
2025-04-29 15:40:00-04:00,71.88500213623047,71.88929748535156,71.87999725341797,71.88130187988281,7316,0.0,0.0
2025-04-29 15:41:00-04:00,71.87999725341797,71.9000015258789,71.83000183105469,71.83000183105469,26764,0.0,0.0
2025-04-29 15:42:00-04:00,71.83000183105469,71.83000183105469,71.79000091552734,71.81999969482422,12145,0.0,0.0
2025-04-29 15:43:00-04:00,71.81999969482422,71.81999969482422,71.80999755859375,71.80999755859375,3064,0.0,0.0
2025-04-29 15:44:00-04:00,71.80999755859375,71.80999755859375,71.80000305175781,71.80999755859375,9313,0.0,0.0
2025-04-29 15:45:00-04:00,71.80999755859375,71.80999755859375,71.80000305175781,71.80000305175781,12332,0.0,0.0
2025-04-29 15:46:00-04:00,71.80500030517578,71.83999633789062,71.80500030517578,71.83000183105469,22914,0.0,0.0
2025-04-29 15:47:00-04:00,71.83000183105469,71.83999633789062,71.80000305175781,71.80000305175781,11545,0.0,0.0
2025-04-29 15:48:00-04:00,71.80500030517578,71.83999633789062,71.80000305175781,71.83000183105469,20268,0.0,0.0
2025-04-29 15:49:00-04:00,71.83499908447266,71.8550033569336,71.83000183105469,71.8499984741211,13164,0.0,0.0
2025-04-29 15:50:00-04:00,71.86000061035156,71.93000030517578,71.86000061035156,71.86499786376953,38715,0.0,0.0
2025-04-29 15:51:00-04:00,71.86000061035156,71.88999938964844,71.8499984741211,71.87999725341797,22900,0.0,0.0
2025-04-29 15:52:00-04:00,71.87999725341797,71.88999938964844,71.86499786376953,71.87999725341797,16782,0.0,0.0
2025-04-29 15:53:00-04:00,71.88999938964844,71.9000015258789,71.87999725341797,71.88999938964844,13115,0.0,0.0
2025-04-29 15:54:00-04:00,71.8949966430664,71.91999816894531,71.87999725341797,71.91000366210938,26855,0.0,0.0
2025-04-29 15:55:00-04:00,71.9000015258789,71.90499877929688,71.8499984741211,71.8949966430664,61712,0.0,0.0
2025-04-29 15:56:00-04:00,71.8949966430664,71.93000030517578,71.87999725341797,71.92500305175781,51657,0.0,0.0
2025-04-29 15:57:00-04:00,71.93000030517578,71.9800033569336,71.93000030517578,71.95999908447266,63820,0.0,0.0
2025-04-29 15:58:00-04:00,71.96499633789062,71.98999786376953,71.95999908447266,71.9749984741211,57058,0.0,0.0
2025-04-29 15:59:00-04:00,71.97000122070312,72.06999969482422,71.97000122070312,72.06999969482422,140086,0.0,0.0
2025-04-30 09:30:00-04:00,71.80000305175781,71.94999694824219,71.48999786376953,71.70999908447266,33071,0.0,0.0
2025-04-30 09:31:00-04:00,71.62999725341797,71.62999725341797,71.3499984741211,71.55999755859375,6553,0.0,0.0
2025-04-30 09:32:00-04:00,71.62999725341797,71.9000015258789,71.5999984741211,71.88999938964844,12761,0.0,0.0
2025-04-30 09:33:00-04:00,71.86000061035156,71.86499786376953,71.54000091552734,71.6050033569336,9276,0.0,0.0
2025-04-30 09:34:00-04:00,71.6050033569336,71.67859649658203,71.55999755859375,71.625,3881,0.0,0.0
2025-04-30 09:35:00-04:00,71.58000183105469,71.7699966430664,71.58000183105469,71.7300033569336,6726,0.0,0.0
2025-04-30 09:36:00-04:00,71.77999877929688,71.82499694824219,71.72000122070312,71.7300033569336,4234,0.0,0.0
2025-04-30 09:37:00-04:00,71.72000122070312,71.7300033569336,71.58000183105469,71.58999633789062,6406,0.0,0.0
2025-04-30 09:38:00-04:00,71.68000030517578,71.69999694824219,71.58000183105469,71.58000183105469,2155,0.0,0.0
2025-04-30 09:39:00-04:00,71.61499786376953,71.66000366210938,71.58000183105469,71.58000183105469,4467,0.0,0.0
2025-04-30 09:40:00-04:00,71.58000183105469,71.66999816894531,71.55000305175781,71.58999633789062,6642,0.0,0.0
2025-04-30 09:41:00-04:00,71.57499694824219,71.57499694824219,71.43000030517578,71.45999908447266,7417,0.0,0.0
2025-04-30 09:42:00-04:00,71.47000122070312,71.6500015258789,71.41000366210938,71.52999877929688,52919,0.0,0.0
2025-04-30 09:43:00-04:00,71.52999877929688,71.52999877929688,71.44000244140625,71.5,8306,0.0,0.0
2025-04-30 09:44:00-04:00,71.4800033569336,71.5,71.44000244140625,71.5,4424,0.0,0.0
2025-04-30 09:45:00-04:00,71.50499725341797,71.58000183105469,71.5,71.57499694824219,11919,0.0,0.0
2025-04-30 09:46:00-04:00,71.58000183105469,71.70999908447266,71.47000122070312,71.70999908447266,10680,0.0,0.0
2025-04-30 09:47:00-04:00,71.67500305175781,71.68000030517578,71.55999755859375,71.58499908447266,5237,0.0,0.0
2025-04-30 09:48:00-04:00,71.62000274658203,71.62000274658203,71.56999969482422,71.61499786376953,4725,0.0,0.0
2025-04-30 09:49:00-04:00,71.63999938964844,71.66999816894531,71.55999755859375,71.62000274658203,10536,0.0,0.0
2025-04-30 09:50:00-04:00,71.58000183105469,71.66000366210938,71.54000091552734,71.6500015258789,11810,0.0,0.0
2025-04-30 09:51:00-04:00,71.6500015258789,71.67500305175781,71.62999725341797,71.6500015258789,2702,0.0,0.0
2025-04-30 09:52:00-04:00,71.6500015258789,71.66999816894531,71.55999755859375,71.55999755859375,14268,0.0,0.0
2025-04-30 09:53:00-04:00,71.55999755859375,71.55999755859375,71.43000030517578,71.43000030517578,6481,0.0,0.0
2025-04-30 09:54:00-04:00,71.44000244140625,71.51000213623047,71.41000366210938,71.5,8215,0.0,0.0
2025-04-30 09:55:00-04:00,71.48799896240234,71.5,71.43000030517578,71.46499633789062,7875,0.0,0.0
2025-04-30 09:56:00-04:00,71.44000244140625,71.44000244140625,71.375,71.375,5885,0.0,0.0
2025-04-30 09:57:00-04:00,71.36000061035156,71.38999938964844,71.30000305175781,71.34500122070312,3293,0.0,0.0
2025-04-30 09:58:00-04:00,71.34500122070312,71.3499984741211,71.0999984741211,71.18000030517578,20438,0.0,0.0
2025-04-30 09:59:00-04:00,71.20999908447266,71.22000122070312,71.12999725341797,71.13999938964844,6650,0.0,0.0
2025-04-30 10:00:00-04:00,71.18000030517578,71.37999725341797,71.18000030517578,71.37999725341797,5171,0.0,0.0
2025-04-30 10:01:00-04:00,71.38999938964844,71.5,71.37999725341797,71.48999786376953,6564,0.0,0.0
2025-04-30 10:02:00-04:00,71.51000213623047,71.51000213623047,71.44999694824219,71.4800033569336,5801,0.0,0.0
2025-04-30 10:03:00-04:00,71.4800033569336,71.4800033569336,71.38999938964844,71.40499877929688,5134,0.0,0.0
2025-04-30 10:04:00-04:00,71.43000030517578,71.5199966430664,71.42500305175781,71.42500305175781,6755,0.0,0.0
2025-04-30 10:05:00-04:00,71.44999694824219,71.45999908447266,71.38999938964844,71.44999694824219,11349,0.0,0.0
2025-04-30 10:06:00-04:00,71.44999694824219,71.44999694824219,71.33000183105469,71.36499786376953,19416,0.0,0.0
2025-04-30 10:07:00-04:00,71.36499786376953,71.36499786376953,71.16000366210938,71.18000030517578,9988,0.0,0.0
2025-04-30 10:08:00-04:00,71.20999908447266,71.30000305175781,71.18000030517578,71.29000091552734,13565,0.0,0.0
2025-04-30 10:09:00-04:00,71.29000091552734,71.41000366210938,71.29000091552734,71.41000366210938,12678,0.0,0.0
2025-04-30 10:10:00-04:00,71.41000366210938,71.45999908447266,71.3499984741211,71.43499755859375,8802,0.0,0.0
2025-04-30 10:11:00-04:00,71.45999908447266,71.48999786376953,71.44000244140625,71.48999786376953,4406,0.0,0.0
2025-04-30 10:12:00-04:00,71.4800033569336,71.5199966430664,71.45999908447266,71.5,4308,0.0,0.0
2025-04-30 10:13:00-04:00,71.51000213623047,71.52999877929688,71.48999786376953,71.52999877929688,4761,0.0,0.0
2025-04-30 10:14:00-04:00,71.52999877929688,71.55999755859375,71.4800033569336,71.48999786376953,9052,0.0,0.0
2025-04-30 10:15:00-04:00,71.48999786376953,71.5199966430664,71.4749984741211,71.5,8214,0.0,0.0
2025-04-30 10:16:00-04:00,71.5,71.52999877929688,71.5,71.5199966430664,2758,0.0,0.0
2025-04-30 10:17:00-04:00,71.5,71.55000305175781,71.47000122070312,71.52999877929688,13917,0.0,0.0
2025-04-30 10:18:00-04:00,71.53500366210938,71.55999755859375,71.52999877929688,71.54000091552734,6016,0.0,0.0
2025-04-30 10:19:00-04:00,71.5199966430664,71.58000183105469,71.51000213623047,71.56999969482422,6200,0.0,0.0
2025-04-30 10:20:00-04:00,71.56999969482422,71.63999938964844,71.55000305175781,71.5999984741211,9497,0.0,0.0
2025-04-30 10:21:00-04:00,71.58999633789062,71.66000366210938,71.58000183105469,71.6500015258789,5699,0.0,0.0
2025-04-30 10:22:00-04:00,71.63999938964844,71.66000366210938,71.63999938964844,71.66000366210938,4013,0.0,0.0
2025-04-30 10:23:00-04:00,71.66000366210938,71.80000305175781,71.66000366210938,71.76000213623047,16175,0.0,0.0
2025-04-30 10:24:00-04:00,71.75,71.76499938964844,71.72000122070312,71.7300033569336,7026,0.0,0.0
2025-04-30 10:25:00-04:00,71.7300033569336,71.73999786376953,71.63999938964844,71.66000366210938,5652,0.0,0.0
2025-04-30 10:26:00-04:00,71.66000366210938,71.75,71.66000366210938,71.7300033569336,12745,0.0,0.0
2025-04-30 10:27:00-04:00,71.72000122070312,71.73519897460938,71.70999908447266,71.73519897460938,3746,0.0,0.0
2025-04-30 10:28:00-04:00,71.70999908447266,71.71499633789062,71.68000030517578,71.69499969482422,9136,0.0,0.0
2025-04-30 10:29:00-04:00,71.70999908447266,71.83499908447266,71.70999908447266,71.75,40938,0.0,0.0
2025-04-30 10:30:00-04:00,71.73999786376953,71.77999877929688,71.70999908447266,71.77999877929688,7417,0.0,0.0
2025-04-30 10:31:00-04:00,71.77999877929688,71.83000183105469,71.77999877929688,71.80000305175781,4606,0.0,0.0
2025-04-30 10:32:00-04:00,71.77999877929688,71.81999969482422,71.7699966430664,71.7750015258789,4284,0.0,0.0
2025-04-30 10:33:00-04:00,71.79000091552734,71.80999755859375,71.77999877929688,71.80000305175781,3330,0.0,0.0
2025-04-30 10:34:00-04:00,71.80000305175781,71.80000305175781,71.69999694824219,71.70999908447266,10744,0.0,0.0
2025-04-30 10:35:00-04:00,71.70999908447266,71.81999969482422,71.66000366210938,71.76000213623047,23596,0.0,0.0
2025-04-30 10:36:00-04:00,71.73999786376953,71.73999786376953,71.69000244140625,71.69999694824219,7734,0.0,0.0
2025-04-30 10:37:00-04:00,71.69000244140625,71.7300033569336,71.67749786376953,71.67749786376953,4400,0.0,0.0
2025-04-30 10:38:00-04:00,71.68000030517578,71.69000244140625,71.62999725341797,71.69000244140625,7220,0.0,0.0
2025-04-30 10:39:00-04:00,71.66999816894531,71.69999694824219,71.66000366210938,71.69719696044922,4981,0.0,0.0
2025-04-30 10:40:00-04:00,71.69000244140625,71.69000244140625,71.6500015258789,71.66999816894531,5367,0.0,0.0
2025-04-30 10:41:00-04:00,71.66999816894531,71.72000122070312,71.6500015258789,71.69000244140625,8963,0.0,0.0
2025-04-30 10:42:00-04:00,71.69000244140625,71.70999908447266,71.68000030517578,71.69000244140625,3531,0.0,0.0
2025-04-30 10:43:00-04:00,71.70500183105469,71.7300033569336,71.68000030517578,71.7300033569336,5275,0.0,0.0
2025-04-30 10:44:00-04:00,71.7300033569336,71.77999877929688,71.7300033569336,71.7699966430664,3329,0.0,0.0
2025-04-30 10:45:00-04:00,71.76000213623047,71.7699966430664,71.70999908447266,71.7249984741211,4482,0.0,0.0
2025-04-30 10:46:00-04:00,71.70999908447266,71.7300033569336,71.70500183105469,71.72100067138672,5867,0.0,0.0
2025-04-30 10:47:00-04:00,71.70999908447266,71.72000122070312,71.66000366210938,71.69000244140625,12195,0.0,0.0
2025-04-30 10:48:00-04:00,71.68000030517578,71.74500274658203,71.68000030517578,71.73999786376953,5807,0.0,0.0
2025-04-30 10:49:00-04:00,71.73999786376953,71.79000091552734,71.72000122070312,71.79000091552734,3928,0.0,0.0
2025-04-30 10:50:00-04:00,71.7699966430664,71.7750015258789,71.72000122070312,71.72000122070312,4656,0.0,0.0
2025-04-30 10:51:00-04:00,71.73500061035156,71.75,71.72000122070312,71.75,4117,0.0,0.0
2025-04-30 10:52:00-04:00,71.73500061035156,71.81999969482422,71.73500061035156,71.81999969482422,6322,0.0,0.0
2025-04-30 10:53:00-04:00,71.8499984741211,71.875,71.83999633789062,71.83999633789062,8883,0.0,0.0
2025-04-30 10:54:00-04:00,71.8499984741211,71.86000061035156,71.81999969482422,71.83000183105469,2823,0.0,0.0
2025-04-30 10:55:00-04:00,71.81999969482422,71.86000061035156,71.80999755859375,71.80999755859375,4760,0.0,0.0
2025-04-30 10:56:00-04:00,71.80999755859375,71.80999755859375,71.75,71.80999755859375,5672,0.0,0.0
2025-04-30 10:57:00-04:00,71.8125,71.9800033569336,71.8125,71.9800033569336,4889,0.0,0.0
2025-04-30 10:58:00-04:00,71.9800033569336,72.0199966430664,71.95999908447266,71.9800033569336,7813,0.0,0.0
2025-04-30 10:59:00-04:00,71.98500061035156,71.98500061035156,71.87000274658203,71.9000015258789,4720,0.0,0.0
2025-04-30 11:00:00-04:00,71.88999938964844,71.98999786376953,71.88999938964844,71.98999786376953,6828,0.0,0.0
2025-04-30 11:01:00-04:00,71.97000122070312,71.97000122070312,71.83499908447266,71.83499908447266,18385,0.0,0.0
2025-04-30 11:02:00-04:00,71.86000061035156,71.87999725341797,71.86000061035156,71.87999725341797,1453,0.0,0.0
2025-04-30 11:03:00-04:00,71.88500213623047,71.9000015258789,71.87000274658203,71.87000274658203,2366,0.0,0.0
2025-04-30 11:04:00-04:00,71.86000061035156,71.94000244140625,71.86000061035156,71.93499755859375,19268,0.0,0.0
2025-04-30 11:05:00-04:00,71.94000244140625,71.94000244140625,71.91999816894531,71.93499755859375,4187,0.0,0.0
2025-04-30 11:06:00-04:00,71.94000244140625,71.94999694824219,71.94000244140625,71.94999694824219,2234,0.0,0.0
2025-04-30 11:07:00-04:00,71.95999908447266,72.0,71.95999908447266,71.98999786376953,3507,0.0,0.0
2025-04-30 11:08:00-04:00,71.97000122070312,71.98999786376953,71.97000122070312,71.9800033569336,698,0.0,0.0
2025-04-30 11:09:00-04:00,71.98999786376953,72.04499816894531,71.9800033569336,72.04499816894531,3872,0.0,0.0
2025-04-30 11:10:00-04:00,72.05500030517578,72.08999633789062,72.02999877929688,72.08000183105469,13863,0.0,0.0
2025-04-30 11:11:00-04:00,72.08999633789062,72.12000274658203,72.08000183105469,72.0999984741211,2159,0.0,0.0
2025-04-30 11:12:00-04:00,72.0999984741211,72.0999984741211,72.08999633789062,72.08999633789062,1360,0.0,0.0
2025-04-30 11:13:00-04:00,72.12999725341797,72.12999725341797,72.11000061035156,72.11000061035156,3361,0.0,0.0
2025-04-30 11:14:00-04:00,72.0999984741211,72.11499786376953,72.08999633789062,72.09500122070312,2810,0.0,0.0
2025-04-30 11:15:00-04:00,72.0999984741211,72.11499786376953,72.0999984741211,72.11499786376953,3567,0.0,0.0
2025-04-30 11:16:00-04:00,72.11499786376953,72.13999938964844,72.11000061035156,72.12000274658203,4339,0.0,0.0
2025-04-30 11:17:00-04:00,72.12000274658203,72.12999725341797,72.11799621582031,72.11799621582031,687,0.0,0.0
2025-04-30 11:18:00-04:00,72.12999725341797,72.12999725341797,72.06999969482422,72.12000274658203,6479,0.0,0.0
2025-04-30 11:19:00-04:00,72.125,72.12590026855469,72.11119842529297,72.12590026855469,884,0.0,0.0
2025-04-30 11:20:00-04:00,72.125,72.125,72.0999984741211,72.11000061035156,2729,0.0,0.0
2025-04-30 11:21:00-04:00,72.1500015258789,72.18000030517578,72.1500015258789,72.16500091552734,934,0.0,0.0
2025-04-30 11:22:00-04:00,72.16500091552734,72.17489624023438,72.13999938964844,72.1449966430664,3437,0.0,0.0
2025-04-30 11:23:00-04:00,72.16000366210938,72.16000366210938,72.13999938964844,72.13999938964844,1151,0.0,0.0
2025-04-30 11:24:00-04:00,72.13999938964844,72.1500015258789,72.12000274658203,72.12000274658203,3830,0.0,0.0
2025-04-30 11:25:00-04:00,72.13999938964844,72.13999938964844,72.08000183105469,72.11000061035156,5085,0.0,0.0
2025-04-30 11:26:00-04:00,72.12999725341797,72.12999725341797,72.11000061035156,72.11000061035156,1726,0.0,0.0
2025-04-30 11:27:00-04:00,72.0999984741211,72.12000274658203,72.0999984741211,72.12000274658203,3104,0.0,0.0
2025-04-30 11:28:00-04:00,72.12000274658203,72.16000366210938,72.12000274658203,72.16000366210938,2767,0.0,0.0
2025-04-30 11:29:00-04:00,72.16000366210938,72.16000366210938,72.12999725341797,72.12999725341797,2464,0.0,0.0
2025-04-30 11:30:00-04:00,72.12999725341797,72.12999725341797,72.08499908447266,72.08999633789062,4420,0.0,0.0
2025-04-30 11:31:00-04:00,72.06999969482422,72.08999633789062,72.06999969482422,72.08000183105469,887,0.0,0.0
2025-04-30 11:32:00-04:00,72.08999633789062,72.11000061035156,72.08999633789062,72.1050033569336,2434,0.0,0.0
2025-04-30 11:33:00-04:00,72.08999633789062,72.13999938964844,72.08999633789062,72.13999938964844,2432,0.0,0.0
2025-04-30 11:34:00-04:00,72.12999725341797,72.12999725341797,72.08000183105469,72.11000061035156,5196,0.0,0.0
2025-04-30 11:35:00-04:00,72.11699676513672,72.13990020751953,72.08999633789062,72.0999984741211,2679,0.0,0.0
2025-04-30 11:36:00-04:00,72.0999984741211,72.12000274658203,72.0999984741211,72.11000061035156,1693,0.0,0.0
2025-04-30 11:37:00-04:00,72.08000183105469,72.1050033569336,72.08000183105469,72.1050033569336,4991,0.0,0.0
2025-04-30 11:38:00-04:00,72.08999633789062,72.13999938964844,72.08999633789062,72.125,9222,0.0,0.0
2025-04-30 11:39:00-04:00,72.12095642089844,72.12095642089844,72.12095642089844,72.12095642089844,373,0.0,0.0
2025-04-30 11:40:00-04:00,72.125,72.125,72.06999969482422,72.06999969482422,7213,0.0,0.0
2025-04-30 11:41:00-04:00,72.05999755859375,72.0999984741211,72.05000305175781,72.05000305175781,3227,0.0,0.0
2025-04-30 11:42:00-04:00,72.05999755859375,72.08000183105469,72.05999755859375,72.08000183105469,1520,0.0,0.0
2025-04-30 11:43:00-04:00,72.05999755859375,72.08000183105469,72.04000091552734,72.07499694824219,3856,0.0,0.0
2025-04-30 11:44:00-04:00,72.08999633789062,72.11000061035156,72.06999969482422,72.06999969482422,5841,0.0,0.0
2025-04-30 11:45:00-04:00,72.05000305175781,72.06500244140625,72.02999877929688,72.02999877929688,2351,0.0,0.0
2025-04-30 11:46:00-04:00,72.02999877929688,72.05000305175781,72.0199966430664,72.02999877929688,1252,0.0,0.0
2025-04-30 11:47:00-04:00,72.05000305175781,72.05999755859375,72.05000305175781,72.05500030517578,2204,0.0,0.0
2025-04-30 11:48:00-04:00,72.05580139160156,72.05580139160156,72.01000213623047,72.04000091552734,3942,0.0,0.0
2025-04-30 11:49:00-04:00,72.03500366210938,72.05999755859375,72.03500366210938,72.05999755859375,1924,0.0,0.0
2025-04-30 11:50:00-04:00,72.05999755859375,72.07499694824219,72.0199966430664,72.06500244140625,33209,0.0,0.0
2025-04-30 11:51:00-04:00,72.06500244140625,72.06500244140625,72.02999877929688,72.02999877929688,3609,0.0,0.0
2025-04-30 11:52:00-04:00,72.04499816894531,72.08999633789062,72.04499816894531,72.05000305175781,5656,0.0,0.0
2025-04-30 11:53:00-04:00,72.04000091552734,72.04499816894531,71.97000122070312,71.97000122070312,2313,0.0,0.0
2025-04-30 11:54:00-04:00,71.97000122070312,71.98999786376953,71.97000122070312,71.98999786376953,1754,0.0,0.0
2025-04-30 11:55:00-04:00,71.95999908447266,72.01000213623047,71.95999908447266,72.0,3569,0.0,0.0
2025-04-30 11:56:00-04:00,72.0199966430664,72.0250015258789,72.0199966430664,72.0250015258789,7532,0.0,0.0
2025-04-30 11:57:00-04:00,72.04000091552734,72.05000305175781,72.0199966430664,72.02999877929688,3129,0.0,0.0
2025-04-30 11:58:00-04:00,72.0199966430664,72.05000305175781,72.0,72.05000305175781,3801,0.0,0.0
2025-04-30 11:59:00-04:00,72.05999755859375,72.06999969482422,72.04000091552734,72.05000305175781,28465,0.0,0.0
2025-04-30 12:00:00-04:00,72.06500244140625,72.12999725341797,72.06500244140625,72.0999984741211,3791,0.0,0.0
2025-04-30 12:01:00-04:00,72.11499786376953,72.12999725341797,72.0999984741211,72.1050033569336,3326,0.0,0.0
2025-04-30 12:02:00-04:00,72.11000061035156,72.11499786376953,72.11000061035156,72.11499786376953,608,0.0,0.0
2025-04-30 12:03:00-04:00,72.11499786376953,72.12999725341797,72.0999984741211,72.12000274658203,1841,0.0,0.0
2025-04-30 12:04:00-04:00,72.125,72.16999816894531,72.125,72.16999816894531,1770,0.0,0.0
2025-04-30 12:05:00-04:00,72.19000244140625,72.22000122070312,72.19000244140625,72.22000122070312,4101,0.0,0.0
2025-04-30 12:06:00-04:00,72.25,72.33000183105469,72.25,72.30999755859375,9260,0.0,0.0
2025-04-30 12:07:00-04:00,72.29000091552734,72.30999755859375,72.2699966430664,72.29000091552734,6022,0.0,0.0
2025-04-30 12:08:00-04:00,72.2699966430664,72.27999877929688,72.2300033569336,72.2300033569336,4799,0.0,0.0
2025-04-30 12:09:00-04:00,72.23999786376953,72.27999877929688,72.23999786376953,72.26000213623047,3453,0.0,0.0
2025-04-30 12:10:00-04:00,72.26000213623047,72.27739715576172,72.20999908447266,72.20999908447266,5639,0.0,0.0
2025-04-30 12:11:00-04:00,72.2249984741211,72.23999786376953,72.19499969482422,72.2300033569336,32032,0.0,0.0
2025-04-30 12:12:00-04:00,72.23999786376953,72.2699966430664,72.23999786376953,72.2699966430664,3723,0.0,0.0
2025-04-30 12:13:00-04:00,72.2750015258789,72.2750015258789,72.22000122070312,72.22000122070312,2070,0.0,0.0
2025-04-30 12:14:00-04:00,72.2300033569336,72.2300033569336,72.19999694824219,72.19999694824219,1099,0.0,0.0
2025-04-30 12:15:00-04:00,72.19999694824219,72.23999786376953,72.19499969482422,72.22000122070312,4807,0.0,0.0
2025-04-30 12:16:00-04:00,72.19999694824219,72.2020034790039,72.16999816894531,72.18000030517578,3132,0.0,0.0
2025-04-30 12:17:00-04:00,72.18499755859375,72.27999877929688,72.18499755859375,72.27999877929688,5636,0.0,0.0
2025-04-30 12:18:00-04:00,72.27999877929688,72.30000305175781,72.2699966430664,72.2699966430664,671,0.0,0.0
2025-04-30 12:19:00-04:00,72.29000091552734,72.29000091552734,72.16000366210938,72.16000366210938,5684,0.0,0.0
2025-04-30 12:20:00-04:00,72.18499755859375,72.20999908447266,72.16999816894531,72.19000244140625,19405,0.0,0.0
2025-04-30 12:21:00-04:00,72.19000244140625,72.22000122070312,72.18499755859375,72.22000122070312,6606,0.0,0.0
2025-04-30 12:22:00-04:00,72.19999694824219,72.24500274658203,72.19999694824219,72.24500274658203,4651,0.0,0.0
2025-04-30 12:23:00-04:00,72.25,72.25,72.20999908447266,72.22000122070312,4726,0.0,0.0
2025-04-30 12:24:00-04:00,72.22000122070312,72.22000122070312,72.12999725341797,72.1500015258789,3778,0.0,0.0
2025-04-30 12:25:00-04:00,72.12999725341797,72.12999725341797,72.08999633789062,72.11000061035156,5337,0.0,0.0
2025-04-30 12:26:00-04:00,72.11000061035156,72.18000030517578,72.09619903564453,72.18000030517578,3956,0.0,0.0
2025-04-30 12:27:00-04:00,72.19000244140625,72.19000244140625,72.16000366210938,72.18000030517578,3481,0.0,0.0
2025-04-30 12:28:00-04:00,72.16999816894531,72.18000030517578,72.16000366210938,72.16000366210938,2359,0.0,0.0
2025-04-30 12:29:00-04:00,72.16000366210938,72.16000366210938,72.12999725341797,72.16000366210938,2064,0.0,0.0
2025-04-30 12:30:00-04:00,72.12999725341797,72.12999725341797,72.08000183105469,72.10230255126953,2608,0.0,0.0
2025-04-30 12:31:00-04:00,72.08999633789062,72.09500122070312,72.08000183105469,72.09500122070312,2803,0.0,0.0
2025-04-30 12:32:00-04:00,72.08000183105469,72.08999633789062,72.02999877929688,72.04000091552734,3900,0.0,0.0
2025-04-30 12:33:00-04:00,72.0199966430664,72.05999755859375,72.0199966430664,72.05999755859375,3523,0.0,0.0
2025-04-30 12:34:00-04:00,72.06999969482422,72.06999969482422,72.0199966430664,72.0199966430664,1834,0.0,0.0
2025-04-30 12:35:00-04:00,72.02999877929688,72.02999877929688,72.0,72.0,2266,0.0,0.0
2025-04-30 12:36:00-04:00,72.0,72.0,71.94999694824219,71.98999786376953,3949,0.0,0.0
2025-04-30 12:37:00-04:00,71.98500061035156,72.08000183105469,71.98500061035156,72.08000183105469,5571,0.0,0.0
2025-04-30 12:38:00-04:00,72.0999984741211,72.16000366210938,72.08999633789062,72.16000366210938,4424,0.0,0.0
2025-04-30 12:39:00-04:00,72.16500091552734,72.19999694824219,72.16500091552734,72.19999694824219,3443,0.0,0.0
2025-04-30 12:40:00-04:00,72.19499969482422,72.19499969482422,72.1500015258789,72.1500015258789,4397,0.0,0.0
2025-04-30 12:41:00-04:00,72.16500091552734,72.25,72.16000366210938,72.25,4143,0.0,0.0
2025-04-30 12:42:00-04:00,72.26499938964844,72.26499938964844,72.23999786376953,72.25499725341797,1324,0.0,0.0
2025-04-30 12:43:00-04:00,72.23999786376953,72.23999786376953,72.19999694824219,72.22000122070312,8352,0.0,0.0
2025-04-30 12:44:00-04:00,72.22000122070312,72.24500274658203,72.19999694824219,72.24500274658203,3441,0.0,0.0
2025-04-30 12:45:00-04:00,72.24500274658203,72.25,72.22000122070312,72.25,4612,0.0,0.0
2025-04-30 12:46:00-04:00,72.23999786376953,72.23999786376953,72.20999908447266,72.2249984741211,4462,0.0,0.0
2025-04-30 12:47:00-04:00,72.20999908447266,72.20999908447266,72.19000244140625,72.19999694824219,3518,0.0,0.0
2025-04-30 12:48:00-04:00,72.19999694824219,72.19999694824219,72.16000366210938,72.18000030517578,4324,0.0,0.0
2025-04-30 12:49:00-04:00,72.19000244140625,72.23999786376953,72.19000244140625,72.23500061035156,3933,0.0,0.0
2025-04-30 12:50:00-04:00,72.23999786376953,72.23999786376953,72.20999908447266,72.23999786376953,4930,0.0,0.0
2025-04-30 12:51:00-04:00,72.23999786376953,72.28500366210938,72.23999786376953,72.26000213623047,3490,0.0,0.0
2025-04-30 12:52:00-04:00,72.25499725341797,72.26499938964844,72.23999786376953,72.23999786376953,1831,0.0,0.0
2025-04-30 12:53:00-04:00,72.25499725341797,72.25499725341797,72.23999786376953,72.23999786376953,555,0.0,0.0
2025-04-30 12:54:00-04:00,72.25499725341797,72.25499725341797,72.2300033569336,72.24500274658203,2944,0.0,0.0
2025-04-30 12:55:00-04:00,72.24500274658203,72.2699966430664,72.2300033569336,72.26000213623047,1783,0.0,0.0
2025-04-30 12:56:00-04:00,72.26499938964844,72.28849792480469,72.26499938964844,72.27999877929688,3177,0.0,0.0
2025-04-30 12:57:00-04:00,72.27999877929688,72.27999877929688,72.2300033569336,72.24500274658203,3122,0.0,0.0
2025-04-30 12:58:00-04:00,72.24500274658203,72.26000213623047,72.23999786376953,72.23999786376953,3064,0.0,0.0
2025-04-30 12:59:00-04:00,72.2300033569336,72.2699966430664,72.2300033569336,72.2699966430664,5335,0.0,0.0
2025-04-30 13:00:00-04:00,72.2699966430664,72.29000091552734,72.2699966430664,72.29000091552734,2021,0.0,0.0
2025-04-30 13:01:00-04:00,72.27999877929688,72.27999877929688,72.26000213623047,72.2699966430664,2975,0.0,0.0
2025-04-30 13:02:00-04:00,72.27999877929688,72.29000091552734,72.27999877929688,72.27999877929688,3916,0.0,0.0
2025-04-30 13:03:00-04:00,72.27999877929688,72.27999877929688,72.20500183105469,72.20500183105469,4413,0.0,0.0
2025-04-30 13:04:00-04:00,72.19000244140625,72.19000244140625,72.16999816894531,72.18000030517578,1757,0.0,0.0
2025-04-30 13:05:00-04:00,72.18000030517578,72.18499755859375,72.16000366210938,72.16999816894531,6312,0.0,0.0
2025-04-30 13:06:00-04:00,72.16000366210938,72.16000366210938,72.12999725341797,72.13500213623047,3784,0.0,0.0
2025-04-30 13:07:00-04:00,72.125,72.18000030517578,72.11000061035156,72.18000030517578,3786,0.0,0.0
2025-04-30 13:08:00-04:00,72.18000030517578,72.18000030517578,72.11499786376953,72.11499786376953,3945,0.0,0.0
2025-04-30 13:09:00-04:00,72.11499786376953,72.12000274658203,72.11080169677734,72.12000274658203,4074,0.0,0.0
2025-04-30 13:10:00-04:00,72.11000061035156,72.11000061035156,72.01000213623047,72.0199966430664,5344,0.0,0.0
2025-04-30 13:11:00-04:00,72.02999877929688,72.05000305175781,72.02999877929688,72.05000305175781,3629,0.0,0.0
2025-04-30 13:12:00-04:00,72.02999877929688,72.02999877929688,71.96499633789062,71.97000122070312,5082,0.0,0.0
2025-04-30 13:13:00-04:00,71.97000122070312,71.97000122070312,71.94999694824219,71.94999694824219,3264,0.0,0.0
2025-04-30 13:14:00-04:00,71.97000122070312,72.0199966430664,71.97000122070312,72.01499938964844,7389,0.0,0.0
2025-04-30 13:15:00-04:00,72.0199966430664,72.05000305175781,72.0199966430664,72.04000091552734,7978,0.0,0.0
2025-04-30 13:16:00-04:00,72.0459976196289,72.05000305175781,72.01000213623047,72.01499938964844,4720,0.0,0.0
2025-04-30 13:17:00-04:00,72.01499938964844,72.04000091552734,72.01499938964844,72.02999877929688,2532,0.0,0.0
2025-04-30 13:18:00-04:00,72.03070068359375,72.06999969482422,72.02999877929688,72.06999969482422,6650,0.0,0.0
2025-04-30 13:19:00-04:00,72.07250213623047,72.07250213623047,72.05000305175781,72.05000305175781,5028,0.0,0.0
2025-04-30 13:20:00-04:00,72.06500244140625,72.08000183105469,72.05000305175781,72.06999969482422,7216,0.0,0.0
2025-04-30 13:21:00-04:00,72.08000183105469,72.08000183105469,72.08000183105469,72.08000183105469,810,0.0,0.0
2025-04-30 13:22:00-04:00,72.08000183105469,72.12999725341797,72.06999969482422,72.12999725341797,11301,0.0,0.0
2025-04-30 13:23:00-04:00,72.11499786376953,72.13999938964844,72.11000061035156,72.125,3294,0.0,0.0
2025-04-30 13:24:00-04:00,72.12999725341797,72.16500091552734,72.125,72.16000366210938,4603,0.0,0.0
2025-04-30 13:25:00-04:00,72.16999816894531,72.19499969482422,72.16999816894531,72.19499969482422,6505,0.0,0.0
2025-04-30 13:26:00-04:00,72.20500183105469,72.25,72.19000244140625,72.25,12455,0.0,0.0
2025-04-30 13:27:00-04:00,72.25,72.25,72.19999694824219,72.22000122070312,6136,0.0,0.0
2025-04-30 13:28:00-04:00,72.2300033569336,72.2300033569336,72.22000122070312,72.22000122070312,1253,0.0,0.0
2025-04-30 13:29:00-04:00,72.22000122070312,72.2300033569336,72.20999908447266,72.22000122070312,4182,0.0,0.0
2025-04-30 13:30:00-04:00,72.22000122070312,72.2300033569336,72.19000244140625,72.19000244140625,6580,0.0,0.0
2025-04-30 13:31:00-04:00,72.19999694824219,72.20999908447266,72.18000030517578,72.19499969482422,4228,0.0,0.0
2025-04-30 13:32:00-04:00,72.19999694824219,72.20999908447266,72.1500015258789,72.1500015258789,9785,0.0,0.0
2025-04-30 13:33:00-04:00,72.16000366210938,72.16000366210938,72.05000305175781,72.06999969482422,27522,0.0,0.0
2025-04-30 13:34:00-04:00,72.05999755859375,72.12999725341797,72.05000305175781,72.12000274658203,34106,0.0,0.0
2025-04-30 13:35:00-04:00,72.11000061035156,72.12000274658203,72.0999984741211,72.12000274658203,1743,0.0,0.0
2025-04-30 13:36:00-04:00,72.12000274658203,72.20999908447266,72.11000061035156,72.19999694824219,46611,0.0,0.0
2025-04-30 13:37:00-04:00,72.19000244140625,72.19000244140625,72.16000366210938,72.18499755859375,3806,0.0,0.0
2025-04-30 13:38:00-04:00,72.16999816894531,72.19499969482422,72.16999816894531,72.18000030517578,6579,0.0,0.0
2025-04-30 13:39:00-04:00,72.16999816894531,72.16999816894531,72.08999633789062,72.11000061035156,5898,0.0,0.0
2025-04-30 13:40:00-04:00,72.11000061035156,72.12999725341797,72.08000183105469,72.0999984741211,15330,0.0,0.0
2025-04-30 13:41:00-04:00,72.0999984741211,72.12999725341797,72.0999984741211,72.12999725341797,3029,0.0,0.0
2025-04-30 13:42:00-04:00,72.13999938964844,72.16000366210938,72.12000274658203,72.16000366210938,6587,0.0,0.0
2025-04-30 13:43:00-04:00,72.16000366210938,72.16999816894531,72.16000366210938,72.16999816894531,3804,0.0,0.0
2025-04-30 13:44:00-04:00,72.16000366210938,72.19000244140625,72.16000366210938,72.19000244140625,6894,0.0,0.0
2025-04-30 13:45:00-04:00,72.19000244140625,72.19000244140625,72.16000366210938,72.18000030517578,3936,0.0,0.0
2025-04-30 13:46:00-04:00,72.19999694824219,72.19999694824219,72.1500015258789,72.16999816894531,2386,0.0,0.0
2025-04-30 13:47:00-04:00,72.18000030517578,72.19000244140625,72.1500015258789,72.16500091552734,4227,0.0,0.0
2025-04-30 13:48:00-04:00,72.16999816894531,72.19499969482422,72.16999816894531,72.19499969482422,1458,0.0,0.0
2025-04-30 13:49:00-04:00,72.19499969482422,72.19499969482422,72.18000030517578,72.19000244140625,2360,0.0,0.0
2025-04-30 13:50:00-04:00,72.19000244140625,72.20999908447266,72.19000244140625,72.20999908447266,2736,0.0,0.0
2025-04-30 13:51:00-04:00,72.20999908447266,72.22000122070312,72.20500183105469,72.21499633789062,3254,0.0,0.0
2025-04-30 13:52:00-04:00,72.22000122070312,72.23999786376953,72.20999908447266,72.23560333251953,5252,0.0,0.0
2025-04-30 13:53:00-04:00,72.19999694824219,72.21499633789062,72.19999694824219,72.20999908447266,3785,0.0,0.0
2025-04-30 13:54:00-04:00,72.20999908447266,72.20999908447266,72.19000244140625,72.19499969482422,2744,0.0,0.0
2025-04-30 13:55:00-04:00,72.19999694824219,72.20999908447266,72.19999694824219,72.19999694824219,2989,0.0,0.0
2025-04-30 13:56:00-04:00,72.19499969482422,72.20999908447266,72.16500091552734,72.16500091552734,4278,0.0,0.0
2025-04-30 13:57:00-04:00,72.16500091552734,72.19999694824219,72.16500091552734,72.19999694824219,8898,0.0,0.0
2025-04-30 13:58:00-04:00,72.19999694824219,72.19999694824219,72.19000244140625,72.19999694824219,3817,0.0,0.0
2025-04-30 13:59:00-04:00,72.19000244140625,72.20999908447266,72.19000244140625,72.19999694824219,3793,0.0,0.0
2025-04-30 14:00:00-04:00,72.20500183105469,72.20500183105469,72.16500091552734,72.16500091552734,5738,0.0,0.0
2025-04-30 14:01:00-04:00,72.16000366210938,72.16000366210938,72.1500015258789,72.1500015258789,3647,0.0,0.0
2025-04-30 14:02:00-04:00,72.15499877929688,72.16000366210938,72.13999938964844,72.16000366210938,7301,0.0,0.0
2025-04-30 14:03:00-04:00,72.16000366210938,72.20999908447266,72.16000366210938,72.19000244140625,7037,0.0,0.0
2025-04-30 14:04:00-04:00,72.18000030517578,72.18000030517578,72.16000366210938,72.17500305175781,4955,0.0,0.0
2025-04-30 14:05:00-04:00,72.19000244140625,72.20500183105469,72.16999816894531,72.18000030517578,4689,0.0,0.0
2025-04-30 14:06:00-04:00,72.16000366210938,72.16999816894531,72.16000366210938,72.16999816894531,3297,0.0,0.0
2025-04-30 14:07:00-04:00,72.19000244140625,72.38999938964844,72.19000244140625,72.23999786376953,48154,0.0,0.0
2025-04-30 14:08:00-04:00,72.20999908447266,72.20999908447266,72.16000366210938,72.19000244140625,17692,0.0,0.0
2025-04-30 14:09:00-04:00,72.19000244140625,72.22000122070312,72.1500015258789,72.16000366210938,3789,0.0,0.0
2025-04-30 14:10:00-04:00,72.16999816894531,72.2300033569336,72.1500015258789,72.20999908447266,5631,0.0,0.0
2025-04-30 14:11:00-04:00,72.26000213623047,72.2699966430664,72.2300033569336,72.2699966430664,4346,0.0,0.0
2025-04-30 14:12:00-04:00,72.26000213623047,72.2699966430664,72.18000030517578,72.18000030517578,4761,0.0,0.0
2025-04-30 14:13:00-04:00,72.19999694824219,72.19999694824219,72.11499786376953,72.12000274658203,7494,0.0,0.0
2025-04-30 14:14:00-04:00,72.11000061035156,72.1500015258789,72.11000061035156,72.12999725341797,4612,0.0,0.0
2025-04-30 14:15:00-04:00,72.13099670410156,72.19000244140625,72.12999725341797,72.19000244140625,7623,0.0,0.0
2025-04-30 14:16:00-04:00,72.19999694824219,72.22000122070312,72.19999694824219,72.19999694824219,4102,0.0,0.0
2025-04-30 14:17:00-04:00,72.19999694824219,72.20999908447266,72.12999725341797,72.12999725341797,5206,0.0,0.0
2025-04-30 14:18:00-04:00,72.13999938964844,72.15499877929688,72.12999725341797,72.13999938964844,1509,0.0,0.0
2025-04-30 14:19:00-04:00,72.13999938964844,72.13999938964844,72.08000183105469,72.0999984741211,4515,0.0,0.0
2025-04-30 14:20:00-04:00,72.11000061035156,72.12999725341797,72.0999984741211,72.0999984741211,2869,0.0,0.0
2025-04-30 14:21:00-04:00,72.0999984741211,72.11100006103516,72.06999969482422,72.11000061035156,9032,0.0,0.0
2025-04-30 14:22:00-04:00,72.11499786376953,72.12999725341797,72.11499786376953,72.12000274658203,5524,0.0,0.0
2025-04-30 14:23:00-04:00,72.12999725341797,72.13999938964844,72.12000274658203,72.13500213623047,1721,0.0,0.0
2025-04-30 14:24:00-04:00,72.13999938964844,72.1500015258789,72.12999725341797,72.13999938964844,3841,0.0,0.0
2025-04-30 14:25:00-04:00,72.1500015258789,72.1500015258789,72.12999725341797,72.1449966430664,6322,0.0,0.0
2025-04-30 14:26:00-04:00,72.1500015258789,72.16999816894531,72.12999725341797,72.16999816894531,4450,0.0,0.0
2025-04-30 14:27:00-04:00,72.17400360107422,72.18000030517578,72.1500015258789,72.1500015258789,792,0.0,0.0
2025-04-30 14:28:00-04:00,72.17250061035156,72.17250061035156,72.12999725341797,72.13999938964844,4794,0.0,0.0
2025-04-30 14:29:00-04:00,72.13999938964844,72.15499877929688,72.08000183105469,72.14640045166016,15763,0.0,0.0
2025-04-30 14:30:00-04:00,72.15499877929688,72.16000366210938,72.13999938964844,72.16000366210938,5865,0.0,0.0
2025-04-30 14:31:00-04:00,72.16999816894531,72.17500305175781,72.13999938964844,72.17500305175781,5896,0.0,0.0
2025-04-30 14:32:00-04:00,72.17500305175781,72.19000244140625,72.12999725341797,72.18000030517578,6464,0.0,0.0
2025-04-30 14:33:00-04:00,72.17500305175781,72.19000244140625,72.1500015258789,72.16999816894531,6835,0.0,0.0
2025-04-30 14:34:00-04:00,72.18090057373047,72.23999786376953,72.18000030517578,72.2300033569336,2960,0.0,0.0
2025-04-30 14:35:00-04:00,72.22000122070312,72.22000122070312,72.17500305175781,72.17500305175781,8451,0.0,0.0
2025-04-30 14:36:00-04:00,72.16000366210938,72.16500091552734,72.13999938964844,72.16500091552734,4409,0.0,0.0
2025-04-30 14:37:00-04:00,72.16000366210938,72.16000366210938,72.0999984741211,72.12000274658203,5115,0.0,0.0
2025-04-30 14:38:00-04:00,72.12000274658203,72.12000274658203,72.0999984741211,72.0999984741211,2984,0.0,0.0
2025-04-30 14:39:00-04:00,72.11000061035156,72.11000061035156,72.08200073242188,72.08999633789062,2132,0.0,0.0
2025-04-30 14:40:00-04:00,72.08999633789062,72.10990142822266,72.05999755859375,72.05999755859375,7459,0.0,0.0
2025-04-30 14:41:00-04:00,72.05000305175781,72.05000305175781,72.0199966430664,72.02999877929688,6393,0.0,0.0
2025-04-30 14:42:00-04:00,72.02999877929688,72.08000183105469,72.0199966430664,72.08000183105469,5447,0.0,0.0
2025-04-30 14:43:00-04:00,72.08000183105469,72.08999633789062,72.06999969482422,72.07499694824219,2216,0.0,0.0
2025-04-30 14:44:00-04:00,72.06999969482422,72.08000183105469,71.9800033569336,71.98999786376953,7359,0.0,0.0
2025-04-30 14:45:00-04:00,71.98999786376953,72.02999877929688,71.98500061035156,72.02999877929688,3431,0.0,0.0
2025-04-30 14:46:00-04:00,72.04000091552734,72.06500244140625,72.02999877929688,72.06500244140625,4663,0.0,0.0
2025-04-30 14:47:00-04:00,72.08000183105469,72.09500122070312,72.08000183105469,72.09500122070312,1651,0.0,0.0
2025-04-30 14:48:00-04:00,72.11000061035156,72.11000061035156,72.11000061035156,72.11000061035156,1231,0.0,0.0
2025-04-30 14:49:00-04:00,72.13999938964844,72.16999816894531,72.12999725341797,72.13999938964844,5836,0.0,0.0
2025-04-30 14:50:00-04:00,72.1500015258789,72.15249633789062,72.125,72.12999725341797,7160,0.0,0.0
2025-04-30 14:51:00-04:00,72.12000274658203,72.12999725341797,72.1050033569336,72.12000274658203,3909,0.0,0.0
2025-04-30 14:52:00-04:00,72.11000061035156,72.12000274658203,72.0999984741211,72.1050033569336,3357,0.0,0.0
2025-04-30 14:53:00-04:00,72.0999984741211,72.12000274658203,72.0999984741211,72.12000274658203,1319,0.0,0.0
2025-04-30 14:54:00-04:00,72.12000274658203,72.12000274658203,72.08499908447266,72.08499908447266,3877,0.0,0.0
2025-04-30 14:55:00-04:00,72.08000183105469,72.12000274658203,72.08000183105469,72.12000274658203,2568,0.0,0.0
2025-04-30 14:56:00-04:00,72.11000061035156,72.11000061035156,72.04000091552734,72.04000091552734,8121,0.0,0.0
2025-04-30 14:57:00-04:00,72.02999877929688,72.04000091552734,72.0199966430664,72.0199966430664,3185,0.0,0.0
2025-04-30 14:58:00-04:00,72.04000091552734,72.04000091552734,72.0199966430664,72.02999877929688,3139,0.0,0.0
2025-04-30 14:59:00-04:00,72.02999877929688,72.03500366210938,72.0,72.00499725341797,6676,0.0,0.0
2025-04-30 15:00:00-04:00,72.01000213623047,72.02999877929688,72.01000213623047,72.01000213623047,5605,0.0,0.0
2025-04-30 15:01:00-04:00,72.01000213623047,72.07499694824219,72.01000213623047,72.05999755859375,14228,0.0,0.0
2025-04-30 15:02:00-04:00,72.05000305175781,72.05000305175781,71.98500061035156,72.02999877929688,7528,0.0,0.0
2025-04-30 15:03:00-04:00,72.0199966430664,72.03500366210938,72.01000213623047,72.01000213623047,4402,0.0,0.0
2025-04-30 15:04:00-04:00,72.02999877929688,72.03500366210938,72.0199966430664,72.0250015258789,1945,0.0,0.0
2025-04-30 15:05:00-04:00,72.03500366210938,72.05000305175781,72.0199966430664,72.02999877929688,5837,0.0,0.0
2025-04-30 15:06:00-04:00,72.02999877929688,72.03500366210938,72.0199966430664,72.02999877929688,2736,0.0,0.0
2025-04-30 15:07:00-04:00,72.0199966430664,72.02839660644531,72.01000213623047,72.0199966430664,4308,0.0,0.0
2025-04-30 15:08:00-04:00,72.02999877929688,72.04000091552734,72.01000213623047,72.04000091552734,5334,0.0,0.0
2025-04-30 15:09:00-04:00,72.04000091552734,72.05000305175781,72.01000213623047,72.01000213623047,7516,0.0,0.0
2025-04-30 15:10:00-04:00,72.01000213623047,72.01499938964844,72.01000213623047,72.01000213623047,2785,0.0,0.0
2025-04-30 15:11:00-04:00,72.01000213623047,72.08000183105469,72.01000213623047,72.0509033203125,11071,0.0,0.0
2025-04-30 15:12:00-04:00,72.06500244140625,72.08999633789062,72.05999755859375,72.08999633789062,3284,0.0,0.0
2025-04-30 15:13:00-04:00,72.08000183105469,72.08999633789062,72.06999969482422,72.06999969482422,3542,0.0,0.0
2025-04-30 15:14:00-04:00,72.08999633789062,72.0999984741211,72.08000183105469,72.08000183105469,6762,0.0,0.0
2025-04-30 15:15:00-04:00,72.06999969482422,72.08000183105469,72.05000305175781,72.05999755859375,7771,0.0,0.0
2025-04-30 15:16:00-04:00,72.06999969482422,72.08000183105469,72.05999755859375,72.07499694824219,4612,0.0,0.0
2025-04-30 15:17:00-04:00,72.07499694824219,72.08000183105469,72.06999969482422,72.06999969482422,2331,0.0,0.0
2025-04-30 15:18:00-04:00,72.06999969482422,72.08000183105469,72.05000305175781,72.06999969482422,7489,0.0,0.0
2025-04-30 15:19:00-04:00,72.08000183105469,72.08000183105469,72.05000305175781,72.05000305175781,4481,0.0,0.0
2025-04-30 15:20:00-04:00,72.05000305175781,72.05999755859375,72.04000091552734,72.05999755859375,6896,0.0,0.0
2025-04-30 15:21:00-04:00,72.06009674072266,72.06999969482422,72.06009674072266,72.06999969482422,2838,0.0,0.0
2025-04-30 15:22:00-04:00,72.06999969482422,72.08000183105469,72.01000213623047,72.0199966430664,8866,0.0,0.0
2025-04-30 15:23:00-04:00,72.0,72.0199966430664,71.9800033569336,72.0199966430664,6894,0.0,0.0
2025-04-30 15:24:00-04:00,72.0199966430664,72.02999877929688,72.0199966430664,72.02999877929688,6143,0.0,0.0
2025-04-30 15:25:00-04:00,72.02999877929688,72.06500244140625,72.02999877929688,72.05000305175781,7089,0.0,0.0
2025-04-30 15:26:00-04:00,72.05000305175781,72.05999755859375,72.05000305175781,72.05000305175781,8486,0.0,0.0
2025-04-30 15:27:00-04:00,72.04000091552734,72.11000061035156,72.04000091552734,72.11000061035156,17356,0.0,0.0
2025-04-30 15:28:00-04:00,72.12000274658203,72.12000274658203,72.05999755859375,72.0999984741211,6519,0.0,0.0
2025-04-30 15:29:00-04:00,72.08999633789062,72.11499786376953,72.05999755859375,72.05999755859375,5860,0.0,0.0
2025-04-30 15:30:00-04:00,72.05000305175781,72.05000305175781,72.01000213623047,72.0199966430664,7310,0.0,0.0
2025-04-30 15:31:00-04:00,72.02999877929688,72.06500244140625,72.02999877929688,72.05500030517578,5885,0.0,0.0
2025-04-30 15:32:00-04:00,72.05999755859375,72.08000183105469,72.04000091552734,72.05999755859375,7579,0.0,0.0
2025-04-30 15:33:00-04:00,72.05999755859375,72.08499908447266,72.05000305175781,72.08000183105469,6419,0.0,0.0
2025-04-30 15:34:00-04:00,72.08000183105469,72.12000274658203,72.05999755859375,72.11499786376953,8283,0.0,0.0
2025-04-30 15:35:00-04:00,72.11000061035156,72.12999725341797,72.08000183105469,72.08000183105469,10399,0.0,0.0
2025-04-30 15:36:00-04:00,72.08000183105469,72.13999938964844,72.05500030517578,72.06999969482422,8518,0.0,0.0
2025-04-30 15:37:00-04:00,72.06999969482422,72.08999633789062,72.05999755859375,72.08000183105469,8280,0.0,0.0
2025-04-30 15:38:00-04:00,72.08000183105469,72.08999633789062,72.05000305175781,72.05999755859375,6900,0.0,0.0
2025-04-30 15:39:00-04:00,72.05999755859375,72.06999969482422,72.0199966430664,72.0199966430664,6941,0.0,0.0
2025-04-30 15:40:00-04:00,72.0199966430664,72.0199966430664,71.9800033569336,71.9800033569336,13789,0.0,0.0
2025-04-30 15:41:00-04:00,71.9800033569336,72.02999877929688,71.9800033569336,72.0199966430664,16576,0.0,0.0
2025-04-30 15:42:00-04:00,72.0250015258789,72.05000305175781,72.0199966430664,72.05000305175781,11408,0.0,0.0
2025-04-30 15:43:00-04:00,72.05999755859375,72.05999755859375,72.0199966430664,72.04100036621094,15331,0.0,0.0
2025-04-30 15:44:00-04:00,72.04499816894531,72.06999969482422,72.0199966430664,72.03500366210938,17039,0.0,0.0
2025-04-30 15:45:00-04:00,72.0199966430664,72.06999969482422,72.0199966430664,72.05000305175781,22247,0.0,0.0
2025-04-30 15:46:00-04:00,72.05999755859375,72.06999969482422,72.04000091552734,72.05999755859375,10804,0.0,0.0
2025-04-30 15:47:00-04:00,72.05999755859375,72.08000183105469,72.03500366210938,72.04000091552734,25807,0.0,0.0
2025-04-30 15:48:00-04:00,72.05000305175781,72.05999755859375,72.05000305175781,72.05999755859375,8905,0.0,0.0
2025-04-30 15:49:00-04:00,72.05000305175781,72.11000061035156,72.04000091552734,72.05999755859375,38481,0.0,0.0
2025-04-30 15:50:00-04:00,72.05999755859375,72.30500030517578,72.05999755859375,72.2699966430664,77501,0.0,0.0
2025-04-30 15:51:00-04:00,72.29000091552734,72.31999969482422,72.25,72.30999755859375,33470,0.0,0.0
2025-04-30 15:52:00-04:00,72.31999969482422,72.3550033569336,72.29000091552734,72.33999633789062,37065,0.0,0.0
2025-04-30 15:53:00-04:00,72.37000274658203,72.44999694824219,72.36000061035156,72.40499877929688,58806,0.0,0.0
2025-04-30 15:54:00-04:00,72.41999816894531,72.45999908447266,72.3949966430664,72.45500183105469,43733,0.0,0.0
2025-04-30 15:55:00-04:00,72.44000244140625,72.51000213623047,72.43000030517578,72.4800033569336,58078,0.0,0.0
2025-04-30 15:56:00-04:00,72.4800033569336,72.55999755859375,72.44499969482422,72.53500366210938,83015,0.0,0.0
2025-04-30 15:57:00-04:00,72.53500366210938,72.55999755859375,72.51000213623047,72.54000091552734,58331,0.0,0.0
2025-04-30 15:58:00-04:00,72.54000091552734,72.55999755859375,72.48249816894531,72.5,69823,0.0,0.0
2025-04-30 15:59:00-04:00,72.50499725341797,72.55000305175781,72.47000122070312,72.48999786376953,161628,0.0,0.0
2025-05-01 09:30:00-04:00,73.48999786376953,73.72000122070312,72.30000305175781,72.87000274658203,108422,0.0,0.0
2025-05-01 09:31:00-04:00,72.70999908447266,72.87000274658203,72.31999969482422,72.40499877929688,28897,0.0,0.0
2025-05-01 09:32:00-04:00,72.33999633789062,72.7300033569336,72.20999908447266,72.41500091552734,100026,0.0,0.0
2025-05-01 09:33:00-04:00,72.41500091552734,72.43000030517578,72.12999725341797,72.19999694824219,10238,0.0,0.0
2025-05-01 09:34:00-04:00,72.31500244140625,72.44000244140625,71.88999938964844,72.44000244140625,18684,0.0,0.0
2025-05-01 09:35:00-04:00,72.44000244140625,72.58260345458984,72.3499984741211,72.48500061035156,17556,0.0,0.0
2025-05-01 09:36:00-04:00,72.48500061035156,72.83000183105469,72.48500061035156,72.83000183105469,15346,0.0,0.0
2025-05-01 09:37:00-04:00,72.79499816894531,72.83000183105469,72.62999725341797,72.7750015258789,79318,0.0,0.0
2025-05-01 09:38:00-04:00,72.70999908447266,72.80000305175781,72.54499816894531,72.61000061035156,47641,0.0,0.0
2025-05-01 09:39:00-04:00,72.58999633789062,72.72000122070312,72.44999694824219,72.67500305175781,18694,0.0,0.0
2025-05-01 09:40:00-04:00,72.68499755859375,72.68499755859375,72.41000366210938,72.52999877929688,11142,0.0,0.0
2025-05-01 09:41:00-04:00,72.51499938964844,72.80860137939453,72.51499938964844,72.80860137939453,8563,0.0,0.0
2025-05-01 09:42:00-04:00,72.75,72.75499725341797,72.58999633789062,72.65499877929688,7260,0.0,0.0
2025-05-01 09:43:00-04:00,72.66000366210938,72.77400207519531,72.6449966430664,72.66500091552734,6682,0.0,0.0
2025-05-01 09:44:00-04:00,72.63999938964844,72.66999816894531,72.55999755859375,72.5999984741211,5731,0.0,0.0
2025-05-01 09:45:00-04:00,72.55999755859375,72.86000061035156,72.54000091552734,72.8499984741211,63062,0.0,0.0
2025-05-01 09:46:00-04:00,72.80999755859375,72.8499984741211,72.6500015258789,72.7300033569336,11934,0.0,0.0
2025-05-01 09:47:00-04:00,72.72000122070312,72.76000213623047,72.62000274658203,72.62000274658203,11799,0.0,0.0
2025-05-01 09:48:00-04:00,72.625,72.62999725341797,72.20999908447266,72.2699966430664,45396,0.0,0.0
2025-05-01 09:49:00-04:00,72.30000305175781,72.5,72.24500274658203,72.45999908447266,19195,0.0,0.0
2025-05-01 09:50:00-04:00,72.49019622802734,72.58999633789062,72.43000030517578,72.48999786376953,12524,0.0,0.0
2025-05-01 09:51:00-04:00,72.5250015258789,72.52999877929688,72.37999725341797,72.37999725341797,20641,0.0,0.0
2025-05-01 09:52:00-04:00,72.37999725341797,72.55999755859375,72.33999633789062,72.55999755859375,24595,0.0,0.0
2025-05-01 09:53:00-04:00,72.52999877929688,72.53500366210938,72.37999725341797,72.40499877929688,22684,0.0,0.0
2025-05-01 09:54:00-04:00,72.38999938964844,72.52999877929688,72.36000061035156,72.52999877929688,13074,0.0,0.0
2025-05-01 09:55:00-04:00,72.54000091552734,72.5999984741211,72.4000015258789,72.4000015258789,10451,0.0,0.0
2025-05-01 09:56:00-04:00,72.48999786376953,72.70999908447266,72.48999786376953,72.69999694824219,14039,0.0,0.0
2025-05-01 09:57:00-04:00,72.70690155029297,72.77999877929688,72.5999984741211,72.75499725341797,13934,0.0,0.0
2025-05-01 09:58:00-04:00,72.73999786376953,72.74500274658203,72.6500015258789,72.69000244140625,8921,0.0,0.0
2025-05-01 09:59:00-04:00,72.72989654541016,72.7300033569336,72.51000213623047,72.51000213623047,15388,0.0,0.0
2025-05-01 10:00:00-04:00,72.55999755859375,72.69499969482422,72.52999877929688,72.56999969482422,20670,0.0,0.0
2025-05-01 10:01:00-04:00,72.58999633789062,72.6500015258789,72.52999877929688,72.52999877929688,4138,0.0,0.0
2025-05-01 10:02:00-04:00,72.58000183105469,72.58999633789062,72.43000030517578,72.56559753417969,12943,0.0,0.0
2025-05-01 10:03:00-04:00,72.56500244140625,72.59500122070312,72.4800033569336,72.54000091552734,25402,0.0,0.0
2025-05-01 10:04:00-04:00,72.58000183105469,72.62999725341797,72.55999755859375,72.62999725341797,5943,0.0,0.0
2025-05-01 10:05:00-04:00,72.62000274658203,72.68000030517578,72.54000091552734,72.58999633789062,13250,0.0,0.0
2025-05-01 10:06:00-04:00,72.58999633789062,72.7750015258789,72.58999633789062,72.69000244140625,12124,0.0,0.0
2025-05-01 10:07:00-04:00,72.66999816894531,72.66999816894531,72.44000244140625,72.55999755859375,16474,0.0,0.0
2025-05-01 10:08:00-04:00,72.58000183105469,72.7300033569336,72.58000183105469,72.72000122070312,9891,0.0,0.0
2025-05-01 10:09:00-04:00,72.70999908447266,72.7300033569336,72.63999938964844,72.67500305175781,14009,0.0,0.0
2025-05-01 10:10:00-04:00,72.63999938964844,72.69999694824219,72.5999984741211,72.6500015258789,5357,0.0,0.0
2025-05-01 10:11:00-04:00,72.65499877929688,72.65499877929688,72.58000183105469,72.5999984741211,5901,0.0,0.0
2025-05-01 10:12:00-04:00,72.56999969482422,72.6500015258789,72.5199966430664,72.5999984741211,11012,0.0,0.0
2025-05-01 10:13:00-04:00,72.5999984741211,72.72000122070312,72.5999984741211,72.72000122070312,10375,0.0,0.0
2025-05-01 10:14:00-04:00,72.7249984741211,72.75,72.66000366210938,72.66999816894531,9980,0.0,0.0
2025-05-01 10:15:00-04:00,72.69000244140625,72.76000213623047,72.69000244140625,72.7300033569336,3794,0.0,0.0
2025-05-01 10:16:00-04:00,72.75,72.75,72.6500015258789,72.6500015258789,22343,0.0,0.0
2025-05-01 10:17:00-04:00,72.68000030517578,72.75499725341797,72.66999816894531,72.72000122070312,35446,0.0,0.0
2025-05-01 10:18:00-04:00,72.70999908447266,72.7249984741211,72.69000244140625,72.72000122070312,6583,0.0,0.0
2025-05-01 10:19:00-04:00,72.70999908447266,72.71499633789062,72.62999725341797,72.6449966430664,9482,0.0,0.0
2025-05-01 10:20:00-04:00,72.6500015258789,72.70999908447266,72.63999938964844,72.63999938964844,9991,0.0,0.0
2025-05-01 10:21:00-04:00,72.6500015258789,72.7699966430664,72.6500015258789,72.66999816894531,20926,0.0,0.0
2025-05-01 10:22:00-04:00,72.66000366210938,72.68499755859375,72.61000061035156,72.63999938964844,18711,0.0,0.0
2025-05-01 10:23:00-04:00,72.63999938964844,72.73500061035156,72.62999725341797,72.66999816894531,12756,0.0,0.0
2025-05-01 10:24:00-04:00,72.6500015258789,72.70999908447266,72.6500015258789,72.70999908447266,2325,0.0,0.0
2025-05-01 10:25:00-04:00,72.72000122070312,72.73500061035156,72.69000244140625,72.70999908447266,3747,0.0,0.0
2025-05-01 10:26:00-04:00,72.69999694824219,72.8010025024414,72.69000244140625,72.7699966430664,7600,0.0,0.0
2025-05-01 10:27:00-04:00,72.7699966430664,72.8499984741211,72.7699966430664,72.81999969482422,25931,0.0,0.0
2025-05-01 10:28:00-04:00,72.8499984741211,73.0199966430664,72.83000183105469,73.0199966430664,101373,0.0,0.0
2025-05-01 10:29:00-04:00,73.0999984741211,73.11000061035156,73.02999877929688,73.05999755859375,22147,0.0,0.0
2025-05-01 10:30:00-04:00,73.05000305175781,73.12999725341797,73.0199966430664,73.12999725341797,3431,0.0,0.0
2025-05-01 10:31:00-04:00,73.12000274658203,73.18000030517578,73.12000274658203,73.15499877929688,7783,0.0,0.0
2025-05-01 10:32:00-04:00,73.1449966430664,73.18000030517578,73.0999984741211,73.11499786376953,8263,0.0,0.0
2025-05-01 10:33:00-04:00,73.12000274658203,73.12000274658203,73.08000183105469,73.12000274658203,7886,0.0,0.0
2025-05-01 10:34:00-04:00,73.08999633789062,73.1050033569336,73.01000213623047,73.02999877929688,6112,0.0,0.0
2025-05-01 10:35:00-04:00,73.0,73.01000213623047,72.95999908447266,73.01000213623047,7047,0.0,0.0
2025-05-01 10:36:00-04:00,73.0,73.05999755859375,72.98999786376953,73.01000213623047,8325,0.0,0.0
2025-05-01 10:37:00-04:00,73.01499938964844,73.0199966430664,73.00749969482422,73.0199966430664,1285,0.0,0.0
2025-05-01 10:38:00-04:00,73.0,73.0,72.94000244140625,72.94000244140625,5072,0.0,0.0
2025-05-01 10:39:00-04:00,72.95500183105469,72.95999908447266,72.86000061035156,72.90499877929688,9423,0.0,0.0
2025-05-01 10:40:00-04:00,72.9000015258789,72.90499877929688,72.87999725341797,72.87999725341797,1385,0.0,0.0
2025-05-01 10:41:00-04:00,72.87000274658203,72.87000274658203,72.79499816894531,72.80000305175781,4869,0.0,0.0
2025-05-01 10:42:00-04:00,72.77999877929688,72.93499755859375,72.77999877929688,72.93499755859375,11380,0.0,0.0
2025-05-01 10:43:00-04:00,72.93000030517578,72.98500061035156,72.91000366210938,72.96499633789062,7377,0.0,0.0
2025-05-01 10:44:00-04:00,72.95999908447266,73.06400299072266,72.95999908447266,73.06400299072266,2961,0.0,0.0
2025-05-01 10:45:00-04:00,73.0199966430664,73.04000091552734,72.94999694824219,72.98999786376953,10789,0.0,0.0
2025-05-01 10:46:00-04:00,73.01000213623047,73.01000213623047,72.94000244140625,72.94000244140625,2921,0.0,0.0
2025-05-01 10:47:00-04:00,72.94000244140625,72.9760971069336,72.87999725341797,72.87999725341797,5006,0.0,0.0
2025-05-01 10:48:00-04:00,72.88999938964844,72.9000015258789,72.87000274658203,72.87000274658203,4407,0.0,0.0
2025-05-01 10:49:00-04:00,72.87000274658203,72.87000274658203,72.76000213623047,72.79000091552734,14130,0.0,0.0
2025-05-01 10:50:00-04:00,72.80999755859375,72.83000183105469,72.77999877929688,72.81500244140625,7687,0.0,0.0
2025-05-01 10:51:00-04:00,72.81500244140625,72.87000274658203,72.79000091552734,72.83999633789062,11660,0.0,0.0
2025-05-01 10:52:00-04:00,72.80999755859375,72.87999725341797,72.80999755859375,72.87999725341797,4255,0.0,0.0
2025-05-01 10:53:00-04:00,72.87000274658203,72.94999694824219,72.8499984741211,72.94999694824219,3605,0.0,0.0
2025-05-01 10:54:00-04:00,72.94499969482422,72.94499969482422,72.8949966430664,72.9000015258789,8616,0.0,0.0
2025-05-01 10:55:00-04:00,72.90499877929688,72.97000122070312,72.9000015258789,72.90499877929688,32789,0.0,0.0
2025-05-01 10:56:00-04:00,72.88999938964844,72.92500305175781,72.88999938964844,72.92500305175781,4383,0.0,0.0
2025-05-01 10:57:00-04:00,72.91999816894531,72.91999816894531,72.87000274658203,72.88500213623047,4363,0.0,0.0
2025-05-01 10:58:00-04:00,72.9000015258789,73.03250122070312,72.88999938964844,73.0,13532,0.0,0.0
2025-05-01 10:59:00-04:00,72.9800033569336,73.02999877929688,72.9800033569336,73.02999877929688,2356,0.0,0.0
2025-05-01 11:00:00-04:00,73.01000213623047,73.06500244140625,73.01000213623047,73.06500244140625,3522,0.0,0.0
2025-05-01 11:01:00-04:00,73.08000183105469,73.08999633789062,73.0199966430664,73.07499694824219,7958,0.0,0.0
2025-05-01 11:02:00-04:00,73.06999969482422,73.08999633789062,73.05000305175781,73.08999633789062,2210,0.0,0.0
2025-05-01 11:03:00-04:00,73.08999633789062,73.0999984741211,73.05999755859375,73.06999969482422,5133,0.0,0.0
2025-05-01 11:04:00-04:00,73.06999969482422,73.20999908447266,73.05000305175781,73.19999694824219,17202,0.0,0.0
2025-05-01 11:05:00-04:00,73.20500183105469,73.2300033569336,73.18000030517578,73.2300033569336,6094,0.0,0.0
2025-05-01 11:06:00-04:00,73.22000122070312,73.25,73.16999816894531,73.16999816894531,10312,0.0,0.0
2025-05-01 11:07:00-04:00,73.19000244140625,73.20999908447266,73.1500015258789,73.19999694824219,2835,0.0,0.0
2025-05-01 11:08:00-04:00,73.22000122070312,73.25,73.19000244140625,73.19499969482422,7632,0.0,0.0
2025-05-01 11:09:00-04:00,73.19999694824219,73.20950317382812,73.13999938964844,73.13999938964844,3385,0.0,0.0
2025-05-01 11:10:00-04:00,73.12999725341797,73.12999725341797,73.12000274658203,73.12999725341797,4221,0.0,0.0
2025-05-01 11:11:00-04:00,73.13999938964844,73.1500015258789,73.0999984741211,73.0999984741211,4608,0.0,0.0
2025-05-01 11:12:00-04:00,73.12000274658203,73.12000274658203,73.08000183105469,73.0999984741211,6043,0.0,0.0
2025-05-01 11:13:00-04:00,73.11000061035156,73.1500015258789,73.08999633789062,73.11000061035156,21135,0.0,0.0
2025-05-01 11:14:00-04:00,73.1050033569336,73.1050033569336,73.04000091552734,73.05000305175781,4381,0.0,0.0
2025-05-01 11:15:00-04:00,73.05000305175781,73.12999725341797,73.0250015258789,73.0250015258789,7900,0.0,0.0
2025-05-01 11:16:00-04:00,73.03500366210938,73.11000061035156,73.01000213623047,73.0999984741211,16796,0.0,0.0
2025-05-01 11:17:00-04:00,73.11499786376953,73.11499786376953,73.06999969482422,73.06999969482422,3779,0.0,0.0
2025-05-01 11:18:00-04:00,73.05999755859375,73.13999938964844,73.05500030517578,73.125,14788,0.0,0.0
2025-05-01 11:19:00-04:00,73.11000061035156,73.11000061035156,73.05500030517578,73.05999755859375,9529,0.0,0.0
2025-05-01 11:20:00-04:00,73.0781021118164,73.16000366210938,73.05999755859375,73.12999725341797,34985,0.0,0.0
2025-05-01 11:21:00-04:00,73.12999725341797,73.19999694824219,73.12999725341797,73.19999694824219,4213,0.0,0.0
2025-05-01 11:22:00-04:00,73.22000122070312,73.2300033569336,73.18000030517578,73.19499969482422,8694,0.0,0.0
2025-05-01 11:23:00-04:00,73.19999694824219,73.22000122070312,73.19499969482422,73.19999694824219,10008,0.0,0.0
2025-05-01 11:24:00-04:00,73.19999694824219,73.20999908447266,73.16000366210938,73.19999694824219,17114,0.0,0.0
2025-05-01 11:25:00-04:00,73.19999694824219,73.30999755859375,73.18000030517578,73.30999755859375,9587,0.0,0.0
2025-05-01 11:26:00-04:00,73.27999877929688,73.3281021118164,73.26000213623047,73.3281021118164,14192,0.0,0.0
2025-05-01 11:27:00-04:00,73.30500030517578,73.30999755859375,73.23999786376953,73.28990173339844,7083,0.0,0.0
2025-05-01 11:28:00-04:00,73.23999786376953,73.29000091552734,73.2300033569336,73.2300033569336,9999,0.0,0.0
2025-05-01 11:29:00-04:00,73.20999908447266,73.20999908447266,73.13834381103516,73.1449966430664,5444,0.0,0.0
2025-05-01 11:30:00-04:00,73.12000274658203,73.12000274658203,73.11000061035156,73.11499786376953,1466,0.0,0.0
2025-05-01 11:31:00-04:00,73.08999633789062,73.08999633789062,72.94999694824219,72.94999694824219,7071,0.0,0.0
2025-05-01 11:32:00-04:00,72.93000030517578,72.94000244140625,72.90499877929688,72.94000244140625,8090,0.0,0.0
2025-05-01 11:33:00-04:00,72.92500305175781,73.05000305175781,72.92500305175781,73.01000213623047,5822,0.0,0.0
2025-05-01 11:34:00-04:00,73.0199966430664,73.0199966430664,72.94999694824219,72.98999786376953,4377,0.0,0.0
2025-05-01 11:35:00-04:00,72.9800033569336,72.9800033569336,72.87999725341797,72.9000015258789,4076,0.0,0.0
2025-05-01 11:36:00-04:00,72.93000030517578,72.93000030517578,72.8949966430664,72.8949966430664,1283,0.0,0.0
2025-05-01 11:37:00-04:00,72.87000274658203,72.94999694824219,72.83999633789062,72.94999694824219,8066,0.0,0.0
2025-05-01 11:38:00-04:00,72.95999908447266,72.9800033569336,72.91999816894531,72.91999816894531,3152,0.0,0.0
2025-05-01 11:39:00-04:00,72.92500305175781,72.94999694824219,72.88999938964844,72.8949966430664,4641,0.0,0.0
2025-05-01 11:40:00-04:00,72.8949966430664,72.91999816894531,72.8949966430664,72.9000015258789,3729,0.0,0.0
2025-05-01 11:41:00-04:00,72.9000015258789,73.01000213623047,72.9000015258789,73.01000213623047,5373,0.0,0.0
2025-05-01 11:42:00-04:00,73.01000213623047,73.03880310058594,73.00199890136719,73.01000213623047,3305,0.0,0.0
2025-05-01 11:43:00-04:00,73.05000305175781,73.06999969482422,73.0199966430664,73.04499816894531,5251,0.0,0.0
2025-05-01 11:44:00-04:00,73.04000091552734,73.13999938964844,73.04000091552734,73.125,4722,0.0,0.0
2025-05-01 11:45:00-04:00,73.125,73.1500015258789,73.02999877929688,73.02999877929688,8951,0.0,0.0
2025-05-01 11:46:00-04:00,73.02999877929688,73.02999877929688,72.9000015258789,72.9000015258789,5568,0.0,0.0
2025-05-01 11:47:00-04:00,72.88999938964844,72.91000366210938,72.86000061035156,72.8949966430664,8625,0.0,0.0
2025-05-01 11:48:00-04:00,72.8949966430664,73.01000213623047,72.8949966430664,72.98999786376953,5601,0.0,0.0
2025-05-01 11:49:00-04:00,72.98999786376953,73.04000091552734,72.93000030517578,72.93000030517578,8753,0.0,0.0
2025-05-01 11:50:00-04:00,72.95999908447266,72.95999908447266,72.93499755859375,72.94499969482422,2177,0.0,0.0
2025-05-01 11:51:00-04:00,72.93000030517578,72.97000122070312,72.91000366210938,72.94499969482422,3691,0.0,0.0
2025-05-01 11:52:00-04:00,72.94499969482422,73.05000305175781,72.94499969482422,73.05000305175781,10779,0.0,0.0
2025-05-01 11:53:00-04:00,73.05000305175781,73.06999969482422,73.0199966430664,73.05500030517578,10026,0.0,0.0
2025-05-01 11:54:00-04:00,73.04000091552734,73.08999633789062,72.98999786376953,72.98999786376953,5311,0.0,0.0
2025-05-01 11:55:00-04:00,72.97000122070312,72.97000122070312,72.91000366210938,72.91000366210938,7776,0.0,0.0
2025-05-01 11:56:00-04:00,72.87000274658203,72.93000030517578,72.83999633789062,72.87999725341797,6831,0.0,0.0
2025-05-01 11:57:00-04:00,72.88999938964844,72.8949966430664,72.88999938964844,72.8949966430664,918,0.0,0.0
2025-05-01 11:58:00-04:00,72.8949966430664,72.94999694824219,72.8949966430664,72.93000030517578,8655,0.0,0.0
2025-05-01 11:59:00-04:00,72.94000244140625,72.9800033569336,72.94000244140625,72.97000122070312,4333,0.0,0.0
2025-05-01 12:00:00-04:00,72.94999694824219,72.94999694824219,72.91000366210938,72.91000366210938,6168,0.0,0.0
2025-05-01 12:01:00-04:00,72.91000366210938,72.93000030517578,72.91000366210938,72.91000366210938,2251,0.0,0.0
2025-05-01 12:02:00-04:00,72.92500305175781,72.92500305175781,72.91000366210938,72.91000366210938,2407,0.0,0.0
2025-05-01 12:03:00-04:00,72.9000015258789,72.91999816894531,72.88999938964844,72.88999938964844,5596,0.0,0.0
2025-05-01 12:04:00-04:00,72.91999816894531,72.98999786376953,72.91500091552734,72.95999908447266,7876,0.0,0.0
2025-05-01 12:05:00-04:00,72.95999908447266,73.0,72.95999908447266,72.98500061035156,6695,0.0,0.0
2025-05-01 12:06:00-04:00,72.95999908447266,72.98999786376953,72.94000244140625,72.9800033569336,4625,0.0,0.0
2025-05-01 12:07:00-04:00,72.97000122070312,72.98999786376953,72.97000122070312,72.98999786376953,1468,0.0,0.0
2025-05-01 12:08:00-04:00,72.9749984741211,72.9749984741211,72.94999694824219,72.94999694824219,2018,0.0,0.0
2025-05-01 12:09:00-04:00,72.93000030517578,72.93000030517578,72.8949966430664,72.92500305175781,3637,0.0,0.0
2025-05-01 12:10:00-04:00,72.91000366210938,72.91000366210938,72.86000061035156,72.91000366210938,5664,0.0,0.0
2025-05-01 12:11:00-04:00,72.9000015258789,72.9000015258789,72.8499984741211,72.87000274658203,2694,0.0,0.0
2025-05-01 12:12:00-04:00,72.88999938964844,72.91999816894531,72.87999725341797,72.91000366210938,6841,0.0,0.0
2025-05-01 12:13:00-04:00,72.88999938964844,72.9000015258789,72.88249969482422,72.88999938964844,1857,0.0,0.0
2025-05-01 12:14:00-04:00,72.87999725341797,72.9000015258789,72.87000274658203,72.88999938964844,2372,0.0,0.0
2025-05-01 12:15:00-04:00,72.88999938964844,72.93000030517578,72.86000061035156,72.91000366210938,7466,0.0,0.0
2025-05-01 12:16:00-04:00,72.88999938964844,72.94999694824219,72.88999938964844,72.92500305175781,3425,0.0,0.0
2025-05-01 12:17:00-04:00,72.9000015258789,72.95999908447266,72.9000015258789,72.95999908447266,5659,0.0,0.0
2025-05-01 12:18:00-04:00,72.95999908447266,72.9800033569336,72.95999908447266,72.9800033569336,1509,0.0,0.0
2025-05-01 12:19:00-04:00,72.95999908447266,72.95999908447266,72.91000366210938,72.91999816894531,5481,0.0,0.0
2025-05-01 12:20:00-04:00,72.92500305175781,73.0,72.91999816894531,72.98500061035156,12801,0.0,0.0
2025-05-01 12:21:00-04:00,72.98999786376953,72.98999786376953,72.97000122070312,72.98999786376953,5292,0.0,0.0
2025-05-01 12:22:00-04:00,72.97000122070312,73.05999755859375,72.94999694824219,73.01499938964844,31559,0.0,0.0
2025-05-01 12:23:00-04:00,73.01499938964844,73.04499816894531,72.98999786376953,73.02999877929688,12838,0.0,0.0
2025-05-01 12:24:00-04:00,73.05000305175781,73.05000305175781,72.9800033569336,73.0,3466,0.0,0.0
2025-05-01 12:25:00-04:00,73.0199966430664,73.04000091552734,73.0,73.04000091552734,4662,0.0,0.0
2025-05-01 12:26:00-04:00,73.04000091552734,73.05999755859375,73.02999877929688,73.05000305175781,3736,0.0,0.0
2025-05-01 12:27:00-04:00,73.05000305175781,73.05000305175781,72.98999786376953,73.00499725341797,4213,0.0,0.0
2025-05-01 12:28:00-04:00,73.00499725341797,73.00499725341797,72.91000366210938,72.93000030517578,5550,0.0,0.0
2025-05-01 12:29:00-04:00,72.94000244140625,72.94000244140625,72.93000030517578,72.94000244140625,2557,0.0,0.0
2025-05-01 12:30:00-04:00,72.91999816894531,72.9800033569336,72.91999816894531,72.9800033569336,2995,0.0,0.0
2025-05-01 12:31:00-04:00,73.0,73.02999877929688,73.0,73.02999877929688,2231,0.0,0.0
2025-05-01 12:32:00-04:00,72.98999786376953,72.98999786376953,72.9800033569336,72.9800033569336,401,0.0,0.0
2025-05-01 12:33:00-04:00,72.98999786376953,72.98999786376953,72.97000122070312,72.97000122070312,5533,0.0,0.0
2025-05-01 12:34:00-04:00,72.97000122070312,73.0,72.94000244140625,72.94999694824219,10327,0.0,0.0
2025-05-01 12:35:00-04:00,72.93000030517578,72.9552001953125,72.91999816894531,72.9552001953125,1731,0.0,0.0
2025-05-01 12:36:00-04:00,72.94999694824219,72.95500183105469,72.94000244140625,72.95500183105469,1397,0.0,0.0
2025-05-01 12:37:00-04:00,72.9800033569336,73.00499725341797,72.97000122070312,72.97000122070312,4401,0.0,0.0
2025-05-01 12:38:00-04:00,72.9885025024414,72.9885025024414,72.94999694824219,72.9800033569336,12069,0.0,0.0
2025-05-01 12:39:00-04:00,72.9760971069336,72.9760971069336,72.94999694824219,72.97000122070312,4055,0.0,0.0
2025-05-01 12:40:00-04:00,72.9800033569336,72.9800033569336,72.94000244140625,72.95500183105469,4826,0.0,0.0
2025-05-01 12:41:00-04:00,72.97000122070312,73.01499938964844,72.97000122070312,73.00499725341797,8194,0.0,0.0
2025-05-01 12:42:00-04:00,73.02999877929688,73.06999969482422,73.02999877929688,73.06500244140625,34087,0.0,0.0
2025-05-01 12:43:00-04:00,73.05000305175781,73.0999984741211,73.05000305175781,73.08000183105469,5810,0.0,0.0
2025-05-01 12:44:00-04:00,73.08000183105469,73.1500015258789,73.08000183105469,73.13999938964844,4174,0.0,0.0
2025-05-01 12:45:00-04:00,73.1500015258789,73.15499877929688,73.11000061035156,73.11000061035156,4897,0.0,0.0
2025-05-01 12:46:00-04:00,73.11000061035156,73.11000061035156,73.04000091552734,73.06999969482422,3968,0.0,0.0
2025-05-01 12:47:00-04:00,73.08999633789062,73.0999984741211,73.08499908447266,73.09500122070312,1582,0.0,0.0
2025-05-01 12:48:00-04:00,73.0999984741211,73.0999984741211,73.08200073242188,73.08200073242188,3690,0.0,0.0
2025-05-01 12:49:00-04:00,73.08000183105469,73.08000183105469,73.04000091552734,73.06500244140625,8021,0.0,0.0
2025-05-01 12:50:00-04:00,73.06199645996094,73.11000061035156,73.05999755859375,73.1050033569336,7513,0.0,0.0
2025-05-01 12:51:00-04:00,73.0999984741211,73.0999984741211,73.05999755859375,73.0824966430664,3948,0.0,0.0
2025-05-01 12:52:00-04:00,73.06999969482422,73.06999969482422,73.01000213623047,73.01499938964844,4451,0.0,0.0
2025-05-01 12:53:00-04:00,73.01499938964844,73.01499938964844,73.0,73.01000213623047,1263,0.0,0.0
2025-05-01 12:54:00-04:00,73.01000213623047,73.06500244140625,73.0,73.05999755859375,12261,0.0,0.0
2025-05-01 12:55:00-04:00,73.05500030517578,73.06999969482422,73.02999877929688,73.06999969482422,4768,0.0,0.0
2025-05-01 12:56:00-04:00,73.05999755859375,73.0999984741211,73.05999755859375,73.05999755859375,7631,0.0,0.0
2025-05-01 12:57:00-04:00,73.05999755859375,73.08000183105469,73.02999877929688,73.06999969482422,10697,0.0,0.0
2025-05-01 12:58:00-04:00,73.06999969482422,73.1050033569336,73.05999755859375,73.09200286865234,4446,0.0,0.0
2025-05-01 12:59:00-04:00,73.0999984741211,73.0999984741211,73.05000305175781,73.05000305175781,3406,0.0,0.0
2025-05-01 13:00:00-04:00,73.04000091552734,73.05000305175781,73.04000091552734,73.04499816894531,4489,0.0,0.0
2025-05-01 13:01:00-04:00,73.04499816894531,73.05000305175781,73.02999877929688,73.05000305175781,3208,0.0,0.0
2025-05-01 13:02:00-04:00,73.05999755859375,73.11000061035156,73.05999755859375,73.11000061035156,3348,0.0,0.0
2025-05-01 13:03:00-04:00,73.11000061035156,73.12000274658203,73.1050033569336,73.1050033569336,3365,0.0,0.0
2025-05-01 13:04:00-04:00,73.12999725341797,73.18000030517578,73.125,73.18000030517578,9018,0.0,0.0
2025-05-01 13:05:00-04:00,73.18000030517578,73.19000244140625,73.1500015258789,73.1500015258789,4821,0.0,0.0
2025-05-01 13:06:00-04:00,73.18000030517578,73.20999908447266,73.17500305175781,73.20999908447266,2363,0.0,0.0
2025-05-01 13:07:00-04:00,73.22000122070312,73.2699966430664,73.20500183105469,73.2699966430664,11906,0.0,0.0
2025-05-01 13:08:00-04:00,73.2699966430664,73.27999877929688,73.25,73.26000213623047,5998,0.0,0.0
2025-05-01 13:09:00-04:00,73.25,73.26000213623047,73.23999786376953,73.26000213623047,5848,0.0,0.0
2025-05-01 13:10:00-04:00,73.26000213623047,73.26000213623047,73.23999786376953,73.23999786376953,4459,0.0,0.0
2025-05-01 13:11:00-04:00,73.23999786376953,73.26000213623047,73.23999786376953,73.24500274658203,5939,0.0,0.0
2025-05-01 13:12:00-04:00,73.2300033569336,73.2699966430664,73.2300033569336,73.2699966430664,5730,0.0,0.0
2025-05-01 13:13:00-04:00,73.25499725341797,73.25499725341797,73.23999786376953,73.23999786376953,2725,0.0,0.0
2025-05-01 13:14:00-04:00,73.2300033569336,73.26000213623047,73.2300033569336,73.26000213623047,1652,0.0,0.0
2025-05-01 13:15:00-04:00,73.26000213623047,73.2699966430664,73.24500274658203,73.24500274658203,7770,0.0,0.0
2025-05-01 13:16:00-04:00,73.25,73.29000091552734,73.23500061035156,73.26000213623047,18333,0.0,0.0
2025-05-01 13:17:00-04:00,73.26499938964844,73.2699966430664,73.22000122070312,73.22250366210938,4202,0.0,0.0
2025-05-01 13:18:00-04:00,73.23999786376953,73.23999786376953,73.20999908447266,73.20999908447266,1242,0.0,0.0
2025-05-01 13:19:00-04:00,73.19999694824219,73.20999908447266,73.19999694824219,73.20999908447266,1654,0.0,0.0
2025-05-01 13:20:00-04:00,73.22000122070312,73.2699966430664,73.22000122070312,73.25499725341797,7326,0.0,0.0
2025-05-01 13:21:00-04:00,73.25,73.25,73.19499969482422,73.19499969482422,5539,0.0,0.0
2025-05-01 13:22:00-04:00,73.19499969482422,73.22000122070312,73.19499969482422,73.22000122070312,1468,0.0,0.0
2025-05-01 13:23:00-04:00,73.20999908447266,73.2300033569336,73.20500183105469,73.2249984741211,3987,0.0,0.0
2025-05-01 13:24:00-04:00,73.23999786376953,73.25,73.22000122070312,73.2300033569336,3531,0.0,0.0
2025-05-01 13:25:00-04:00,73.23999786376953,73.26000213623047,73.23999786376953,73.25499725341797,2901,0.0,0.0
2025-05-01 13:26:00-04:00,73.24420166015625,73.26000213623047,73.23500061035156,73.23500061035156,4192,0.0,0.0
2025-05-01 13:27:00-04:00,73.22000122070312,73.22000122070312,73.20999908447266,73.21499633789062,4335,0.0,0.0
2025-05-01 13:28:00-04:00,73.21499633789062,73.21499633789062,73.19000244140625,73.20500183105469,4203,0.0,0.0
2025-05-01 13:29:00-04:00,73.22000122070312,73.25,73.19999694824219,73.23999786376953,7296,0.0,0.0
2025-05-01 13:30:00-04:00,73.25,73.25,73.2300033569336,73.23500061035156,7082,0.0,0.0
2025-05-01 13:31:00-04:00,73.23500061035156,73.28500366210938,73.23500061035156,73.27999877929688,6874,0.0,0.0
2025-05-01 13:32:00-04:00,73.2843017578125,73.30999755859375,73.2699966430664,73.28500366210938,39187,0.0,0.0
2025-05-01 13:33:00-04:00,73.28500366210938,73.29000091552734,73.23999786376953,73.23999786376953,17228,0.0,0.0
2025-05-01 13:34:00-04:00,73.23999786376953,73.25,73.19999694824219,73.25,17459,0.0,0.0
2025-05-01 13:35:00-04:00,73.25,73.25,73.20999908447266,73.2249984741211,8134,0.0,0.0
2025-05-01 13:36:00-04:00,73.22000122070312,73.2300033569336,73.22000122070312,73.2249984741211,3938,0.0,0.0
2025-05-01 13:37:00-04:00,73.2249984741211,73.26000213623047,73.18000030517578,73.25,15220,0.0,0.0
2025-05-01 13:38:00-04:00,73.23999786376953,73.23999786376953,73.2300033569336,73.2300033569336,2765,0.0,0.0
2025-05-01 13:39:00-04:00,73.2300033569336,73.2300033569336,73.19000244140625,73.20999908447266,3434,0.0,0.0
2025-05-01 13:40:00-04:00,73.19499969482422,73.19499969482422,73.0999984741211,73.11000061035156,10682,0.0,0.0
2025-05-01 13:41:00-04:00,73.11499786376953,73.12999725341797,73.11000061035156,73.12999725341797,3537,0.0,0.0
2025-05-01 13:42:00-04:00,73.11499786376953,73.11499786376953,73.08000183105469,73.09500122070312,2710,0.0,0.0
2025-05-01 13:43:00-04:00,73.09500122070312,73.0999984741211,73.06500244140625,73.09500122070312,29318,0.0,0.0
2025-05-01 13:44:00-04:00,73.06999969482422,73.11000061035156,73.06999969482422,73.07499694824219,6148,0.0,0.0
2025-05-01 13:45:00-04:00,73.06999969482422,73.06999969482422,73.01000213623047,73.01000213623047,3997,0.0,0.0
2025-05-01 13:46:00-04:00,73.0,73.0,72.9800033569336,72.98999786376953,2956,0.0,0.0
2025-05-01 13:47:00-04:00,73.01000213623047,73.04000091552734,73.0,73.04000091552734,3816,0.0,0.0
2025-05-01 13:48:00-04:00,73.00499725341797,73.05999755859375,73.00499725341797,73.05000305175781,2334,0.0,0.0
2025-05-01 13:49:00-04:00,73.04000091552734,73.04499816894531,72.9800033569336,72.9800033569336,21443,0.0,0.0
2025-05-01 13:50:00-04:00,72.9800033569336,73.05000305175781,72.9800033569336,73.04000091552734,4807,0.0,0.0
2025-05-01 13:51:00-04:00,73.05999755859375,73.05999755859375,73.02999877929688,73.02999877929688,2914,0.0,0.0
2025-05-01 13:52:00-04:00,73.02999877929688,73.04000091552734,73.00499725341797,73.0250015258789,7544,0.0,0.0
2025-05-01 13:53:00-04:00,73.01499938964844,73.0199966430664,72.94999694824219,72.94999694824219,7982,0.0,0.0
2025-05-01 13:54:00-04:00,72.96499633789062,73.0250015258789,72.94000244140625,73.01000213623047,3637,0.0,0.0
2025-05-01 13:55:00-04:00,73.00499725341797,73.00499725341797,72.95999908447266,72.9800033569336,3458,0.0,0.0
2025-05-01 13:56:00-04:00,72.95999908447266,72.95999908447266,72.91000366210938,72.91000366210938,3400,0.0,0.0
2025-05-01 13:57:00-04:00,72.9000015258789,72.9000015258789,72.8949966430664,72.8949966430664,1951,0.0,0.0
2025-05-01 13:58:00-04:00,72.87999725341797,72.87999725341797,72.83000183105469,72.83000183105469,2838,0.0,0.0
2025-05-01 13:59:00-04:00,72.81999969482422,72.87000274658203,72.81999969482422,72.83999633789062,2931,0.0,0.0
2025-05-01 14:00:00-04:00,72.83999633789062,72.87999725341797,72.83999633789062,72.87999725341797,6701,0.0,0.0
2025-05-01 14:01:00-04:00,72.87000274658203,72.88500213623047,72.83999633789062,72.83999633789062,4286,0.0,0.0
2025-05-01 14:02:00-04:00,72.87000274658203,72.87999725341797,72.86499786376953,72.86499786376953,2081,0.0,0.0
2025-05-01 14:03:00-04:00,72.88999938964844,72.89669799804688,72.8550033569336,72.8550033569336,5205,0.0,0.0
2025-05-01 14:04:00-04:00,72.8550033569336,72.8550033569336,72.83499908447266,72.83499908447266,1905,0.0,0.0
2025-05-01 14:05:00-04:00,72.83000183105469,72.8499984741211,72.81999969482422,72.81999969482422,4711,0.0,0.0
2025-05-01 14:06:00-04:00,72.81999969482422,72.87000274658203,72.81999969482422,72.87000274658203,3983,0.0,0.0
2025-05-01 14:07:00-04:00,72.86000061035156,72.88999938964844,72.86000061035156,72.875,3300,0.0,0.0
2025-05-01 14:08:00-04:00,72.86009979248047,72.9000015258789,72.86009979248047,72.88999938964844,2771,0.0,0.0
2025-05-01 14:09:00-04:00,72.87999725341797,72.88500213623047,72.87000274658203,72.88500213623047,1440,0.0,0.0
2025-05-01 14:10:00-04:00,72.8904037475586,72.93000030517578,72.88500213623047,72.92500305175781,6000,0.0,0.0
2025-05-01 14:11:00-04:00,72.94999694824219,72.95999908447266,72.94000244140625,72.94000244140625,3047,0.0,0.0
2025-05-01 14:12:00-04:00,72.96499633789062,72.98570251464844,72.94999694824219,72.94999694824219,1856,0.0,0.0
2025-05-01 14:13:00-04:00,72.95999908447266,72.98999786376953,72.95999908447266,72.97920227050781,3323,0.0,0.0
2025-05-01 14:14:00-04:00,72.98999786376953,72.98999786376953,72.94000244140625,72.94499969482422,4138,0.0,0.0
2025-05-01 14:15:00-04:00,72.94499969482422,73.0199966430664,72.94499969482422,73.01000213623047,16316,0.0,0.0
2025-05-01 14:16:00-04:00,73.01000213623047,73.02999877929688,72.95999908447266,72.97000122070312,14502,0.0,0.0
2025-05-01 14:17:00-04:00,72.9749984741211,72.98999786376953,72.97000122070312,72.9800033569336,3352,0.0,0.0
2025-05-01 14:18:00-04:00,73.0,73.00499725341797,72.9800033569336,72.9800033569336,2426,0.0,0.0
2025-05-01 14:19:00-04:00,72.97000122070312,72.97000122070312,72.95500183105469,72.97000122070312,4551,0.0,0.0
2025-05-01 14:20:00-04:00,72.9749984741211,72.9749984741211,72.93000030517578,72.94000244140625,4531,0.0,0.0
2025-05-01 14:21:00-04:00,72.94000244140625,72.94000244140625,72.91000366210938,72.91999816894531,2041,0.0,0.0
2025-05-01 14:22:00-04:00,72.91999816894531,72.91999816894531,72.87999725341797,72.88999938964844,5937,0.0,0.0
2025-05-01 14:23:00-04:00,72.8949966430664,72.8949966430664,72.88999938964844,72.88999938964844,1770,0.0,0.0
2025-05-01 14:24:00-04:00,72.8949966430664,72.8949966430664,72.7699966430664,72.77999877929688,5717,0.0,0.0
2025-05-01 14:25:00-04:00,72.76000213623047,72.76000213623047,72.7300033569336,72.7300033569336,4600,0.0,0.0
2025-05-01 14:26:00-04:00,72.7300033569336,72.76000213623047,72.72000122070312,72.75,6718,0.0,0.0
2025-05-01 14:27:00-04:00,72.75,72.79000091552734,72.75,72.79000091552734,4922,0.0,0.0
2025-05-01 14:28:00-04:00,72.79000091552734,72.81999969482422,72.79000091552734,72.80999755859375,8854,0.0,0.0
2025-05-01 14:29:00-04:00,72.82499694824219,72.92500305175781,72.82499694824219,72.91999816894531,4539,0.0,0.0
2025-05-01 14:30:00-04:00,72.91999816894531,72.92500305175781,72.9000015258789,72.91500091552734,6858,0.0,0.0
2025-05-01 14:31:00-04:00,72.93000030517578,72.95590209960938,72.93000030517578,72.94000244140625,6000,0.0,0.0
2025-05-01 14:32:00-04:00,72.94000244140625,72.94999694824219,72.94000244140625,72.94000244140625,1346,0.0,0.0
2025-05-01 14:33:00-04:00,72.93000030517578,72.95500183105469,72.91000366210938,72.95500183105469,6289,0.0,0.0
2025-05-01 14:34:00-04:00,72.95999908447266,72.9800033569336,72.93000030517578,72.9800033569336,9148,0.0,0.0
2025-05-01 14:35:00-04:00,72.9749984741211,72.9749984741211,72.95999908447266,72.95999908447266,1956,0.0,0.0
2025-05-01 14:36:00-04:00,72.95999908447266,73.0,72.94029998779297,72.98999786376953,11699,0.0,0.0
2025-05-01 14:37:00-04:00,72.97000122070312,72.98500061035156,72.97000122070312,72.98500061035156,1527,0.0,0.0
2025-05-01 14:38:00-04:00,72.98249816894531,72.98999786376953,72.94499969482422,72.9800033569336,4225,0.0,0.0
2025-05-01 14:39:00-04:00,72.9749984741211,73.0,72.97000122070312,72.97830200195312,6724,0.0,0.0
2025-05-01 14:40:00-04:00,72.9800033569336,73.0,72.9749984741211,72.9800033569336,1451,0.0,0.0
2025-05-01 14:41:00-04:00,72.9749984741211,72.9749984741211,72.95999908447266,72.96499633789062,4209,0.0,0.0
2025-05-01 14:42:00-04:00,72.95999908447266,72.9749984741211,72.94000244140625,72.97000122070312,6076,0.0,0.0
2025-05-01 14:43:00-04:00,72.96499633789062,72.9800033569336,72.94999694824219,72.97000122070312,2617,0.0,0.0
2025-05-01 14:44:00-04:00,73.0,73.0,72.9800033569336,72.98500061035156,1396,0.0,0.0
2025-05-01 14:45:00-04:00,72.9800033569336,73.0199966430664,72.9800033569336,73.0,13795,0.0,0.0
2025-05-01 14:46:00-04:00,73.01499938964844,73.01499938964844,73.0,73.0,2743,0.0,0.0
2025-05-01 14:47:00-04:00,73.0,73.0,72.93000030517578,72.9800033569336,9531,0.0,0.0
2025-05-01 14:48:00-04:00,72.9800033569336,73.01000213623047,72.9800033569336,73.00499725341797,2892,0.0,0.0
2025-05-01 14:49:00-04:00,73.00499725341797,73.00499725341797,72.96499633789062,72.97000122070312,6269,0.0,0.0
2025-05-01 14:50:00-04:00,72.96537017822266,72.97000122070312,72.95999908447266,72.95999908447266,4458,0.0,0.0
2025-05-01 14:51:00-04:00,72.95999908447266,72.97000122070312,72.93000030517578,72.94000244140625,6129,0.0,0.0
2025-05-01 14:52:00-04:00,72.93499755859375,72.95999908447266,72.91999816894531,72.93000030517578,11998,0.0,0.0
2025-05-01 14:53:00-04:00,72.91999816894531,72.94000244140625,72.91999816894531,72.94000244140625,1542,0.0,0.0
2025-05-01 14:54:00-04:00,72.94000244140625,72.94000244140625,72.91000366210938,72.91500091552734,5740,0.0,0.0
2025-05-01 14:55:00-04:00,72.91500091552734,72.91500091552734,72.86000061035156,72.87000274658203,7400,0.0,0.0
2025-05-01 14:56:00-04:00,72.87000274658203,72.87000274658203,72.86000061035156,72.87000274658203,2459,0.0,0.0
2025-05-01 14:57:00-04:00,72.87000274658203,72.96499633789062,72.87000274658203,72.93499755859375,16140,0.0,0.0
2025-05-01 14:58:00-04:00,72.94020080566406,72.94999694824219,72.91999816894531,72.94000244140625,5869,0.0,0.0
2025-05-01 14:59:00-04:00,72.94000244140625,72.94210052490234,72.93000030517578,72.93000030517578,1549,0.0,0.0
2025-05-01 15:00:00-04:00,72.93000030517578,72.93000030517578,72.87000274658203,72.88999938964844,10867,0.0,0.0
2025-05-01 15:01:00-04:00,72.9000015258789,72.91000366210938,72.87999725341797,72.9000015258789,7496,0.0,0.0
2025-05-01 15:02:00-04:00,72.9000015258789,72.94999694824219,72.9000015258789,72.94999694824219,6065,0.0,0.0
2025-05-01 15:03:00-04:00,72.95999908447266,72.98999786376953,72.95999908447266,72.9749984741211,2574,0.0,0.0
2025-05-01 15:04:00-04:00,72.97000122070312,72.9800033569336,72.95999908447266,72.9749984741211,13742,0.0,0.0
2025-05-01 15:05:00-04:00,72.97689819335938,73.0,72.97419738769531,72.98999786376953,3747,0.0,0.0
2025-05-01 15:06:00-04:00,72.98739624023438,72.98999786376953,72.94000244140625,72.98500061035156,17496,0.0,0.0
2025-05-01 15:07:00-04:00,72.9800033569336,72.9844970703125,72.94999694824219,72.96499633789062,6138,0.0,0.0
2025-05-01 15:08:00-04:00,72.94999694824219,72.99500274658203,72.94000244140625,72.98999786376953,10484,0.0,0.0
2025-05-01 15:09:00-04:00,72.98259735107422,72.98259735107422,72.91999816894531,72.93000030517578,5190,0.0,0.0
2025-05-01 15:10:00-04:00,72.93000030517578,72.93000030517578,72.8550033569336,72.86499786376953,11480,0.0,0.0
2025-05-01 15:11:00-04:00,72.87999725341797,72.88999938964844,72.86000061035156,72.86499786376953,7935,0.0,0.0
2025-05-01 15:12:00-04:00,72.86499786376953,72.87999725341797,72.81999969482422,72.87999725341797,9083,0.0,0.0
2025-05-01 15:13:00-04:00,72.88999938964844,72.91999816894531,72.87000274658203,72.91999816894531,4379,0.0,0.0
2025-05-01 15:14:00-04:00,72.92900085449219,72.94999694824219,72.91000366210938,72.94999694824219,4788,0.0,0.0
2025-05-01 15:15:00-04:00,72.93499755859375,72.93499755859375,72.88999938964844,72.91000366210938,8289,0.0,0.0
2025-05-01 15:16:00-04:00,72.91000366210938,72.93370056152344,72.91000366210938,72.93000030517578,5201,0.0,0.0
2025-05-01 15:17:00-04:00,72.93000030517578,72.98999786376953,72.93000030517578,72.98999786376953,22576,0.0,0.0
2025-05-01 15:18:00-04:00,72.98999786376953,73.0250015258789,72.98999786376953,73.01000213623047,7114,0.0,0.0
2025-05-01 15:19:00-04:00,73.01499938964844,73.01499938964844,72.98999786376953,73.00499725341797,3540,0.0,0.0
2025-05-01 15:20:00-04:00,72.98999786376953,73.01000213623047,72.9800033569336,72.99500274658203,6697,0.0,0.0
2025-05-01 15:21:00-04:00,72.98999786376953,73.0199966430664,72.9800033569336,73.0199966430664,27327,0.0,0.0
2025-05-01 15:22:00-04:00,73.01000213623047,73.0199966430664,73.0,73.0,5674,0.0,0.0
2025-05-01 15:23:00-04:00,73.01000213623047,73.01000213623047,73.0,73.01000213623047,3085,0.0,0.0
2025-05-01 15:24:00-04:00,73.01000213623047,73.02999877929688,73.01000213623047,73.02999877929688,9297,0.0,0.0
2025-05-01 15:25:00-04:00,73.02999877929688,73.06500244140625,73.02999877929688,73.06500244140625,8682,0.0,0.0
2025-05-01 15:26:00-04:00,73.06800079345703,73.06800079345703,73.05000305175781,73.05000305175781,8180,0.0,0.0
2025-05-01 15:27:00-04:00,73.05000305175781,73.06999969482422,73.05000305175781,73.05000305175781,11722,0.0,0.0
2025-05-01 15:28:00-04:00,73.05999755859375,73.06999969482422,73.04000091552734,73.05000305175781,11546,0.0,0.0
2025-05-01 15:29:00-04:00,73.05000305175781,73.05000305175781,73.0199966430664,73.04000091552734,5606,0.0,0.0
2025-05-01 15:30:00-04:00,73.05000305175781,73.08000183105469,73.0199966430664,73.02999877929688,10412,0.0,0.0
2025-05-01 15:31:00-04:00,73.02999877929688,73.02999877929688,73.02999877929688,73.02999877929688,5866,0.0,0.0
2025-05-01 15:32:00-04:00,73.02999877929688,73.02999877929688,73.0,73.01000213623047,19044,0.0,0.0
2025-05-01 15:33:00-04:00,73.01499938964844,73.0199966430664,72.9800033569336,73.0,12254,0.0,0.0
2025-05-01 15:34:00-04:00,73.0,73.00499725341797,72.98999786376953,73.0,6915,0.0,0.0
2025-05-01 15:35:00-04:00,72.98999786376953,73.04000091552734,72.9800033569336,73.01000213623047,5567,0.0,0.0
2025-05-01 15:36:00-04:00,73.0199966430664,73.04499816894531,73.0199966430664,73.02999877929688,5576,0.0,0.0
2025-05-01 15:37:00-04:00,73.02999877929688,73.02999877929688,73.0,73.0199966430664,18501,0.0,0.0
2025-05-01 15:38:00-04:00,73.0199966430664,73.0199966430664,73.01000213623047,73.01000213623047,8038,0.0,0.0
2025-05-01 15:39:00-04:00,73.01000213623047,73.0199966430664,73.0,73.01000213623047,5469,0.0,0.0
2025-05-01 15:40:00-04:00,73.01000213623047,73.06999969482422,73.0,73.04000091552734,85062,0.0,0.0
2025-05-01 15:41:00-04:00,73.04000091552734,73.04000091552734,73.01000213623047,73.01000213623047,10064,0.0,0.0
2025-05-01 15:42:00-04:00,73.01000213623047,73.0250015258789,72.9800033569336,72.9800033569336,22204,0.0,0.0
2025-05-01 15:43:00-04:00,72.98999786376953,73.01000213623047,72.98500061035156,73.01000213623047,8572,0.0,0.0
2025-05-01 15:44:00-04:00,73.0,73.0,72.9800033569336,72.98999786376953,7648,0.0,0.0
2025-05-01 15:45:00-04:00,72.98999786376953,73.0250015258789,72.98999786376953,73.0250015258789,26068,0.0,0.0
2025-05-01 15:46:00-04:00,73.0250015258789,73.0250015258789,73.01000213623047,73.01000213623047,7840,0.0,0.0
2025-05-01 15:47:00-04:00,73.01499938964844,73.01499938964844,72.98500061035156,73.0,21612,0.0,0.0
2025-05-01 15:48:00-04:00,73.0,73.0,72.95999908447266,72.9800033569336,21461,0.0,0.0
2025-05-01 15:49:00-04:00,72.9800033569336,72.98999786376953,72.96499633789062,72.98999786376953,22763,0.0,0.0
2025-05-01 15:50:00-04:00,73.0,73.01499938964844,72.90499877929688,72.91999816894531,34946,0.0,0.0
2025-05-01 15:51:00-04:00,72.91999816894531,72.95999908447266,72.90499877929688,72.91999816894531,33375,0.0,0.0
2025-05-01 15:52:00-04:00,72.91999816894531,72.96499633789062,72.91000366210938,72.94000244140625,42278,0.0,0.0
2025-05-01 15:53:00-04:00,72.94000244140625,72.95999908447266,72.93000030517578,72.95500183105469,24691,0.0,0.0
2025-05-01 15:54:00-04:00,72.94999694824219,72.95500183105469,72.91000366210938,72.91000366210938,43606,0.0,0.0
2025-05-01 15:55:00-04:00,72.91999816894531,72.91999816894531,72.81999969482422,72.8499984741211,58502,0.0,0.0
2025-05-01 15:56:00-04:00,72.8499984741211,72.87000274658203,72.80999755859375,72.82499694824219,58858,0.0,0.0
2025-05-01 15:57:00-04:00,72.83000183105469,72.83999633789062,72.7699966430664,72.7699966430664,47831,0.0,0.0
2025-05-01 15:58:00-04:00,72.7699966430664,72.7699966430664,72.75,72.76000213623047,59082,0.0,0.0
2025-05-01 15:59:00-04:00,72.7699966430664,72.7699966430664,72.69999694824219,72.73999786376953,95814,0.0,0.0
2025-05-02 09:30:00-04:00,73.94000244140625,74.22000122070312,73.59500122070312,74.22000122070312,46862,0.0,0.0
2025-05-02 09:31:00-04:00,74.3499984741211,74.3550033569336,74.20999908447266,74.2699966430664,9078,0.0,0.0
2025-05-02 09:32:00-04:00,74.23770141601562,74.29499816894531,73.80000305175781,73.80000305175781,19086,0.0,0.0
2025-05-02 09:33:00-04:00,73.8499984741211,73.9800033569336,73.83000183105469,73.87999725341797,13224,0.0,0.0
2025-05-02 09:34:00-04:00,73.88999938964844,74.12000274658203,73.88999938964844,74.01000213623047,29167,0.0,0.0
2025-05-02 09:35:00-04:00,74.0250015258789,74.16000366210938,73.92500305175781,74.12999725341797,15552,0.0,0.0
2025-05-02 09:36:00-04:00,74.12999725341797,74.19000244140625,74.08999633789062,74.0999984741211,17753,0.0,0.0
2025-05-02 09:37:00-04:00,74.0999984741211,74.19000244140625,73.80010223388672,73.87999725341797,11568,0.0,0.0
2025-05-02 09:38:00-04:00,73.83999633789062,73.88999938964844,73.70999908447266,73.88999938964844,13861,0.0,0.0
2025-05-02 09:39:00-04:00,73.91000366210938,74.01499938964844,73.91000366210938,74.01499938964844,8910,0.0,0.0
2025-05-02 09:40:00-04:00,74.0199966430664,74.08999633789062,74.01000213623047,74.04499816894531,7964,0.0,0.0
2025-05-02 09:41:00-04:00,74.01000213623047,74.04000091552734,73.94999694824219,74.04000091552734,8703,0.0,0.0
2025-05-02 09:42:00-04:00,74.08000183105469,74.13999938964844,74.04000091552734,74.06999969482422,11212,0.0,0.0
2025-05-02 09:43:00-04:00,74.06999969482422,74.12000274658203,74.04000091552734,74.05999755859375,8857,0.0,0.0
2025-05-02 09:44:00-04:00,74.05000305175781,74.16000366210938,74.01000213623047,74.13999938964844,17439,0.0,0.0
2025-05-02 09:45:00-04:00,74.1449966430664,74.17500305175781,74.12000274658203,74.1500015258789,3813,0.0,0.0
2025-05-02 09:46:00-04:00,74.12999725341797,74.13999938964844,73.94999694824219,74.05999755859375,13351,0.0,0.0
2025-05-02 09:47:00-04:00,74.03500366210938,74.05999755859375,73.97000122070312,74.05999755859375,9727,0.0,0.0
2025-05-02 09:48:00-04:00,74.06999969482422,74.06999969482422,73.94999694824219,74.0199966430664,10958,0.0,0.0
2025-05-02 09:49:00-04:00,74.02999877929688,74.02999877929688,73.92500305175781,73.95999908447266,13047,0.0,0.0
2025-05-02 09:50:00-04:00,73.91999816894531,73.94999694824219,73.86000061035156,73.92500305175781,8226,0.0,0.0
2025-05-02 09:51:00-04:00,73.95999908447266,73.97000122070312,73.88999938964844,73.91000366210938,10829,0.0,0.0
2025-05-02 09:52:00-04:00,73.91000366210938,73.96499633789062,73.9000015258789,73.91500091552734,17417,0.0,0.0
2025-05-02 09:53:00-04:00,73.93000030517578,73.93000030517578,73.7750015258789,73.7750015258789,6439,0.0,0.0
2025-05-02 09:54:00-04:00,73.7750015258789,73.87000274658203,73.75479888916016,73.8499984741211,12280,0.0,0.0
2025-05-02 09:55:00-04:00,73.8499984741211,73.87000274658203,73.80000305175781,73.83499908447266,8055,0.0,0.0
2025-05-02 09:56:00-04:00,73.83000183105469,73.8949966430664,73.80000305175781,73.8949966430664,13109,0.0,0.0
2025-05-02 09:57:00-04:00,73.91000366210938,73.91000366210938,73.69999694824219,73.73500061035156,9639,0.0,0.0
2025-05-02 09:58:00-04:00,73.73750305175781,73.83499908447266,73.73500061035156,73.83499908447266,9320,0.0,0.0
2025-05-02 09:59:00-04:00,73.83999633789062,73.86499786376953,73.81999969482422,73.81999969482422,10723,0.0,0.0
2025-05-02 10:00:00-04:00,73.86000061035156,73.96499633789062,73.83350372314453,73.91000366210938,29747,0.0,0.0
2025-05-02 10:01:00-04:00,73.9000015258789,73.91500091552734,73.83999633789062,73.83999633789062,11279,0.0,0.0
2025-05-02 10:02:00-04:00,73.86000061035156,73.93000030517578,73.8499984741211,73.88050079345703,15027,0.0,0.0
2025-05-02 10:03:00-04:00,73.88999938964844,73.94000244140625,73.86000061035156,73.8949966430664,20286,0.0,0.0
2025-05-02 10:04:00-04:00,73.88999938964844,73.90499877929688,73.83000183105469,73.90499877929688,5199,0.0,0.0
2025-05-02 10:05:00-04:00,73.90499877929688,73.96499633789062,73.90499877929688,73.95999908447266,5895,0.0,0.0
2025-05-02 10:06:00-04:00,73.95999908447266,73.98999786376953,73.91999816894531,73.9800033569336,9680,0.0,0.0
2025-05-02 10:07:00-04:00,73.98999786376953,74.0,73.88999938964844,73.88999938964844,8732,0.0,0.0
2025-05-02 10:08:00-04:00,73.88999938964844,73.91000366210938,73.88500213623047,73.9000015258789,6501,0.0,0.0
2025-05-02 10:09:00-04:00,73.91999816894531,73.97000122070312,73.9000015258789,73.97000122070312,11454,0.0,0.0
2025-05-02 10:10:00-04:00,73.97000122070312,74.05999755859375,73.97000122070312,74.05500030517578,5081,0.0,0.0
2025-05-02 10:11:00-04:00,74.04000091552734,74.0625,74.02999877929688,74.04499816894531,4859,0.0,0.0
2025-05-02 10:12:00-04:00,74.04000091552734,74.08000183105469,73.9800033569336,74.06500244140625,21219,0.0,0.0
2025-05-02 10:13:00-04:00,74.05999755859375,74.1050033569336,74.04000091552734,74.0999984741211,8225,0.0,0.0
2025-05-02 10:14:00-04:00,74.08999633789062,74.19000244140625,74.05999755859375,74.13999938964844,35294,0.0,0.0
2025-05-02 10:15:00-04:00,74.12000274658203,74.1500015258789,74.05999755859375,74.05999755859375,12763,0.0,0.0
2025-05-02 10:16:00-04:00,74.04000091552734,74.13500213623047,74.02999877929688,74.11000061035156,53001,0.0,0.0
2025-05-02 10:17:00-04:00,74.1050033569336,74.1500015258789,74.1050033569336,74.1500015258789,13143,0.0,0.0
2025-05-02 10:18:00-04:00,74.15499877929688,74.15499877929688,74.12000274658203,74.125,28361,0.0,0.0
2025-05-02 10:19:00-04:00,74.13999938964844,74.19999694824219,74.13999938964844,74.18000030517578,11869,0.0,0.0
2025-05-02 10:20:00-04:00,74.19999694824219,74.25,74.16999816894531,74.18000030517578,14055,0.0,0.0
2025-05-02 10:21:00-04:00,74.18000030517578,74.18000030517578,74.12999725341797,74.16000366210938,13526,0.0,0.0
2025-05-02 10:22:00-04:00,74.16500091552734,74.2125015258789,74.16500091552734,74.19999694824219,17455,0.0,0.0
2025-05-02 10:23:00-04:00,74.20999908447266,74.20999908447266,74.08999633789062,74.0999984741211,8743,0.0,0.0
2025-05-02 10:24:00-04:00,74.09500122070312,74.20500183105469,74.08000183105469,74.19000244140625,22338,0.0,0.0
2025-05-02 10:25:00-04:00,74.20999908447266,74.30999755859375,74.20999908447266,74.27999877929688,6753,0.0,0.0
2025-05-02 10:26:00-04:00,74.29000091552734,74.29000091552734,74.22000122070312,74.22000122070312,11105,0.0,0.0
2025-05-02 10:27:00-04:00,74.24500274658203,74.33000183105469,74.22000122070312,74.33000183105469,26661,0.0,0.0
2025-05-02 10:28:00-04:00,74.31500244140625,74.41999816894531,74.31500244140625,74.37999725341797,9745,0.0,0.0
2025-05-02 10:29:00-04:00,74.37999725341797,74.4000015258789,74.33999633789062,74.3550033569336,30979,0.0,0.0
2025-05-02 10:30:00-04:00,74.36000061035156,74.41999816894531,74.36000061035156,74.41000366210938,5138,0.0,0.0
2025-05-02 10:31:00-04:00,74.41999816894531,74.4800033569336,74.41000366210938,74.4800033569336,6962,0.0,0.0
2025-05-02 10:32:00-04:00,74.45999908447266,74.57499694824219,74.45999908447266,74.48999786376953,24766,0.0,0.0
2025-05-02 10:33:00-04:00,74.44000244140625,74.5,74.44000244140625,74.4800033569336,33383,0.0,0.0
2025-05-02 10:34:00-04:00,74.49500274658203,74.49500274658203,74.44999694824219,74.48500061035156,8155,0.0,0.0
2025-05-02 10:35:00-04:00,74.47000122070312,74.47000122070312,74.41000366210938,74.41000366210938,8963,0.0,0.0
2025-05-02 10:36:00-04:00,74.41000366210938,74.41500091552734,74.36000061035156,74.37999725341797,11124,0.0,0.0
2025-05-02 10:37:00-04:00,74.37999725341797,74.41999816894531,74.37000274658203,74.38999938964844,26322,0.0,0.0
2025-05-02 10:38:00-04:00,74.37999725341797,74.37999725341797,74.29000091552734,74.34500122070312,20341,0.0,0.0
2025-05-02 10:39:00-04:00,74.32499694824219,74.3499984741211,74.30000305175781,74.3499984741211,35251,0.0,0.0
2025-05-02 10:40:00-04:00,74.3499984741211,74.36000061035156,74.2699966430664,74.2699966430664,6487,0.0,0.0
2025-05-02 10:41:00-04:00,74.27999877929688,74.27999877929688,74.1449966430664,74.14749908447266,5371,0.0,0.0
2025-05-02 10:42:00-04:00,74.13999938964844,74.21499633789062,74.13999938964844,74.17749786376953,11816,0.0,0.0
2025-05-02 10:43:00-04:00,74.18000030517578,74.18499755859375,74.12000274658203,74.13999938964844,15433,0.0,0.0
2025-05-02 10:44:00-04:00,74.1500015258789,74.16999816894531,74.08000183105469,74.13500213623047,10466,0.0,0.0
2025-05-02 10:45:00-04:00,74.13999938964844,74.19000244140625,74.13999938964844,74.18000030517578,5740,0.0,0.0
2025-05-02 10:46:00-04:00,74.18000030517578,74.30999755859375,74.18000030517578,74.30999755859375,14753,0.0,0.0
2025-05-02 10:47:00-04:00,74.29499816894531,74.30000305175781,74.22000122070312,74.2300033569336,8485,0.0,0.0
2025-05-02 10:48:00-04:00,74.2249984741211,74.25499725341797,74.13999938964844,74.13999938964844,12404,0.0,0.0
2025-05-02 10:49:00-04:00,74.13999938964844,74.13999938964844,74.08000183105469,74.08499908447266,3758,0.0,0.0
2025-05-02 10:50:00-04:00,74.08499908447266,74.0999984741211,74.0199966430664,74.0199966430664,6030,0.0,0.0
2025-05-02 10:51:00-04:00,74.02999877929688,74.04000091552734,73.98999786376953,74.04000091552734,8921,0.0,0.0
2025-05-02 10:52:00-04:00,74.07499694824219,74.08999633789062,74.05000305175781,74.05999755859375,4371,0.0,0.0
2025-05-02 10:53:00-04:00,74.05500030517578,74.05999755859375,74.0199966430664,74.05999755859375,4580,0.0,0.0
2025-05-02 10:54:00-04:00,74.06500244140625,74.0999984741211,74.06500244140625,74.08999633789062,7901,0.0,0.0
2025-05-02 10:55:00-04:00,74.08999633789062,74.13999938964844,74.08000183105469,74.12000274658203,20638,0.0,0.0
2025-05-02 10:56:00-04:00,74.12999725341797,74.16999816894531,74.12999725341797,74.15499877929688,8477,0.0,0.0
2025-05-02 10:57:00-04:00,74.15499877929688,74.16000366210938,74.1500015258789,74.16000366210938,1814,0.0,0.0
2025-05-02 10:58:00-04:00,74.1500015258789,74.26000213623047,74.1500015258789,74.25,32372,0.0,0.0
2025-05-02 10:59:00-04:00,74.23999786376953,74.25,74.16999816894531,74.19000244140625,9475,0.0,0.0
2025-05-02 11:00:00-04:00,74.18499755859375,74.25,74.18000030517578,74.23500061035156,6385,0.0,0.0
2025-05-02 11:01:00-04:00,74.2300033569336,74.36499786376953,74.22160339355469,74.3499984741211,39801,0.0,0.0
2025-05-02 11:02:00-04:00,74.37000274658203,74.37000274658203,74.29000091552734,74.29000091552734,7502,0.0,0.0
2025-05-02 11:03:00-04:00,74.30999755859375,74.37000274658203,74.30000305175781,74.37000274658203,5048,0.0,0.0
2025-05-02 11:04:00-04:00,74.3499984741211,74.4000015258789,74.3499984741211,74.4000015258789,15227,0.0,0.0
2025-05-02 11:05:00-04:00,74.4000015258789,74.44000244140625,74.37000274658203,74.41500091552734,9589,0.0,0.0
2025-05-02 11:06:00-04:00,74.41999816894531,74.44000244140625,74.38999938964844,74.43000030517578,5776,0.0,0.0
2025-05-02 11:07:00-04:00,74.41999816894531,74.44000244140625,74.41000366210938,74.41999816894531,3393,0.0,0.0
2025-05-02 11:08:00-04:00,74.41999816894531,74.41999816894531,74.38999938964844,74.4000015258789,4245,0.0,0.0
2025-05-02 11:09:00-04:00,74.4000015258789,74.56999969482422,74.4000015258789,74.55999755859375,37142,0.0,0.0
2025-05-02 11:10:00-04:00,74.55999755859375,74.6050033569336,74.49420166015625,74.49420166015625,21697,0.0,0.0
2025-05-02 11:11:00-04:00,74.51000213623047,74.51000213623047,74.4800033569336,74.48999786376953,10925,0.0,0.0
2025-05-02 11:12:00-04:00,74.49500274658203,74.5199966430664,74.47000122070312,74.5199966430664,4757,0.0,0.0
2025-05-02 11:13:00-04:00,74.5250015258789,74.5250015258789,74.5,74.51000213623047,6128,0.0,0.0
2025-05-02 11:14:00-04:00,74.5,74.54000091552734,74.48999786376953,74.54000091552734,7975,0.0,0.0
2025-05-02 11:15:00-04:00,74.53500366210938,74.54000091552734,74.44999694824219,74.45439910888672,5784,0.0,0.0
2025-05-02 11:16:00-04:00,74.45999908447266,74.56999969482422,74.44000244140625,74.54000091552734,9961,0.0,0.0
2025-05-02 11:17:00-04:00,74.53500366210938,74.53500366210938,74.43499755859375,74.44999694824219,12702,0.0,0.0
2025-05-02 11:18:00-04:00,74.44499969482422,74.4800033569336,74.44000244140625,74.45500183105469,5167,0.0,0.0
2025-05-02 11:19:00-04:00,74.45500183105469,74.45500183105469,74.3499984741211,74.41999816894531,6972,0.0,0.0
2025-05-02 11:20:00-04:00,74.41500091552734,74.41999816894531,74.37000274658203,74.41999816894531,5053,0.0,0.0
2025-05-02 11:21:00-04:00,74.4000015258789,74.47000122070312,74.4000015258789,74.46499633789062,2680,0.0,0.0
2025-05-02 11:22:00-04:00,74.45999908447266,74.47000122070312,74.36000061035156,74.36000061035156,10887,0.0,0.0
2025-05-02 11:23:00-04:00,74.36000061035156,74.43000030517578,74.31999969482422,74.43000030517578,8651,0.0,0.0
2025-05-02 11:24:00-04:00,74.40499877929688,74.41999816894531,74.37000274658203,74.375,8743,0.0,0.0
2025-05-02 11:25:00-04:00,74.38500213623047,74.38999938964844,74.3499984741211,74.375,9233,0.0,0.0
2025-05-02 11:26:00-04:00,74.375,74.375,74.31999969482422,74.36000061035156,6016,0.0,0.0
2025-05-02 11:27:00-04:00,74.36000061035156,74.44499969482422,74.36000061035156,74.41000366210938,8682,0.0,0.0
2025-05-02 11:28:00-04:00,74.40499877929688,74.41000366210938,74.31500244140625,74.31500244140625,8032,0.0,0.0
2025-05-02 11:29:00-04:00,74.31999969482422,74.31999969482422,74.27999877929688,74.29000091552734,7633,0.0,0.0
2025-05-02 11:30:00-04:00,74.31999969482422,74.38999938964844,74.31999969482422,74.38999938964844,3868,0.0,0.0
2025-05-02 11:31:00-04:00,74.4000015258789,74.43499755859375,74.37999725341797,74.43499755859375,5581,0.0,0.0
2025-05-02 11:32:00-04:00,74.45999908447266,74.48999786376953,74.45500183105469,74.47799682617188,1660,0.0,0.0
2025-05-02 11:33:00-04:00,74.47000122070312,74.58999633789062,74.47000122070312,74.58999633789062,18410,0.0,0.0
2025-05-02 11:34:00-04:00,74.58999633789062,74.5999984741211,74.56999969482422,74.58000183105469,13881,0.0,0.0
2025-05-02 11:35:00-04:00,74.56999969482422,74.66000366210938,74.55000305175781,74.66000366210938,5243,0.0,0.0
2025-05-02 11:36:00-04:00,74.72000122070312,74.77999877929688,74.69499969482422,74.7699966430664,4099,0.0,0.0
2025-05-02 11:37:00-04:00,74.7699966430664,74.81999969482422,74.76499938964844,74.79000091552734,5354,0.0,0.0
2025-05-02 11:38:00-04:00,74.79499816894531,74.87999725341797,74.79499816894531,74.87999725341797,9168,0.0,0.0
2025-05-02 11:39:00-04:00,74.875,74.91500091552734,74.86000061035156,74.86000061035156,13322,0.0,0.0
2025-05-02 11:40:00-04:00,74.87000274658203,74.88999938964844,74.81999969482422,74.88999938964844,5777,0.0,0.0
2025-05-02 11:41:00-04:00,74.9000015258789,74.9800033569336,74.9000015258789,74.91999816894531,4095,0.0,0.0
2025-05-02 11:42:00-04:00,74.92500305175781,74.92500305175781,74.87000274658203,74.875,3369,0.0,0.0
2025-05-02 11:43:00-04:00,74.86000061035156,74.86499786376953,74.80999755859375,74.83999633789062,7193,0.0,0.0
2025-05-02 11:44:00-04:00,74.83000183105469,74.83000183105469,74.80000305175781,74.80000305175781,2037,0.0,0.0
2025-05-02 11:45:00-04:00,74.80999755859375,74.83999633789062,74.77999877929688,74.77999877929688,5236,0.0,0.0
2025-05-02 11:46:00-04:00,74.7750015258789,74.79000091552734,74.76000213623047,74.77999877929688,3377,0.0,0.0
2025-05-02 11:47:00-04:00,74.77999877929688,74.79000091552734,74.75,74.7699966430664,7355,0.0,0.0
2025-05-02 11:48:00-04:00,74.76499938964844,74.8499984741211,74.76499938964844,74.83000183105469,5196,0.0,0.0
2025-05-02 11:49:00-04:00,74.82499694824219,74.85050201416016,74.81999969482422,74.81999969482422,2580,0.0,0.0
2025-05-02 11:50:00-04:00,74.82499694824219,74.87000274658203,74.82499694824219,74.84500122070312,5257,0.0,0.0
2025-05-02 11:51:00-04:00,74.86000061035156,74.86000061035156,74.81999969482422,74.83999633789062,7016,0.0,0.0
2025-05-02 11:52:00-04:00,74.83999633789062,74.83999633789062,74.76000213623047,74.80000305175781,7596,0.0,0.0
2025-05-02 11:53:00-04:00,74.80999755859375,74.83999633789062,74.80000305175781,74.82499694824219,12639,0.0,0.0
2025-05-02 11:54:00-04:00,74.81999969482422,74.83999633789062,74.7699966430664,74.78500366210938,16187,0.0,0.0
2025-05-02 11:55:00-04:00,74.78500366210938,74.83000183105469,74.73999786376953,74.73999786376953,11938,0.0,0.0
2025-05-02 11:56:00-04:00,74.75,74.75,74.7300033569336,74.75,3242,0.0,0.0
2025-05-02 11:57:00-04:00,74.73999786376953,74.7699966430664,74.73999786376953,74.76499938964844,3594,0.0,0.0
2025-05-02 11:58:00-04:00,74.76499938964844,74.79000091552734,74.75,74.76499938964844,4509,0.0,0.0
2025-05-02 11:59:00-04:00,74.75,74.76499938964844,74.69000244140625,74.69000244140625,3620,0.0,0.0
2025-05-02 12:00:00-04:00,74.69999694824219,74.69999694824219,74.68009948730469,74.69499969482422,2400,0.0,0.0
2025-05-02 12:01:00-04:00,74.70999908447266,74.81999969482422,74.69499969482422,74.70999908447266,31043,0.0,0.0
2025-05-02 12:02:00-04:00,74.70999908447266,74.79000091552734,74.70999908447266,74.7750015258789,12652,0.0,0.0
2025-05-02 12:03:00-04:00,74.77999877929688,74.80000305175781,74.75,74.75499725341797,5797,0.0,0.0
2025-05-02 12:04:00-04:00,74.75,74.7699966430664,74.7300033569336,74.73590087890625,6048,0.0,0.0
2025-05-02 12:05:00-04:00,74.75499725341797,74.8499984741211,74.75,74.81500244140625,29451,0.0,0.0
2025-05-02 12:06:00-04:00,74.81500244140625,74.83000183105469,74.80000305175781,74.81500244140625,4113,0.0,0.0
2025-05-02 12:07:00-04:00,74.80000305175781,74.81999969482422,74.77999877929688,74.81500244140625,4756,0.0,0.0
2025-05-02 12:08:00-04:00,74.80799865722656,74.87000274658203,74.80000305175781,74.86000061035156,4234,0.0,0.0
2025-05-02 12:09:00-04:00,74.87999725341797,74.93000030517578,74.87999725341797,74.93000030517578,8174,0.0,0.0
2025-05-02 12:10:00-04:00,74.91999816894531,74.92500305175781,74.87000274658203,74.87000274658203,4503,0.0,0.0
2025-05-02 12:11:00-04:00,74.88999938964844,74.92500305175781,74.88999938964844,74.92500305175781,2748,0.0,0.0
2025-05-02 12:12:00-04:00,74.92500305175781,74.97000122070312,74.91000366210938,74.95999908447266,4023,0.0,0.0
2025-05-02 12:13:00-04:00,74.95999908447266,74.9800033569336,74.94999694824219,74.95999908447266,4983,0.0,0.0
2025-05-02 12:14:00-04:00,74.95999908447266,74.97000122070312,74.9280014038086,74.94999694824219,3590,0.0,0.0
2025-05-02 12:15:00-04:00,74.94999694824219,74.98999786376953,74.94000244140625,74.98999786376953,4655,0.0,0.0
2025-05-02 12:16:00-04:00,74.98999786376953,74.99500274658203,74.93000030517578,74.93000030517578,9307,0.0,0.0
2025-05-02 12:17:00-04:00,74.92500305175781,74.94000244140625,74.92500305175781,74.92500305175781,1750,0.0,0.0
2025-05-02 12:18:00-04:00,74.91999816894531,74.91999816894531,74.88999938964844,74.90499877929688,4022,0.0,0.0
2025-05-02 12:19:00-04:00,74.91999816894531,74.91999816894531,74.91500091552734,74.91500091552734,1244,0.0,0.0
2025-05-02 12:20:00-04:00,74.9000015258789,74.93000030517578,74.9000015258789,74.91500091552734,5074,0.0,0.0
2025-05-02 12:21:00-04:00,74.91000366210938,74.91999816894531,74.87000274658203,74.91500091552734,19659,0.0,0.0
2025-05-02 12:22:00-04:00,74.91010284423828,74.95500183105469,74.91010284423828,74.94000244140625,4638,0.0,0.0
2025-05-02 12:23:00-04:00,74.94000244140625,74.98500061035156,74.94000244140625,74.98500061035156,3803,0.0,0.0
2025-05-02 12:24:00-04:00,74.97000122070312,75.05000305175781,74.94999694824219,74.94999694824219,43048,0.0,0.0
2025-05-02 12:25:00-04:00,74.95999908447266,75.0199966430664,74.95999908447266,75.01499938964844,2379,0.0,0.0
2025-05-02 12:26:00-04:00,75.01499938964844,75.0199966430664,75.0,75.01000213623047,3169,0.0,0.0
2025-05-02 12:27:00-04:00,75.0199966430664,75.0250015258789,75.0199966430664,75.0250015258789,807,0.0,0.0
2025-05-02 12:28:00-04:00,75.0199966430664,75.0199966430664,74.98999786376953,74.99500274658203,4902,0.0,0.0
2025-05-02 12:29:00-04:00,75.0,75.01499938964844,75.0,75.01000213623047,1216,0.0,0.0
2025-05-02 12:30:00-04:00,75.0199966430664,75.04000091552734,75.0199966430664,75.03500366210938,5036,0.0,0.0
2025-05-02 12:31:00-04:00,75.03500366210938,75.06999969482422,75.02999877929688,75.05000305175781,5624,0.0,0.0
2025-05-02 12:32:00-04:00,75.05000305175781,75.05000305175781,74.97000122070312,74.97000122070312,4553,0.0,0.0
2025-05-02 12:33:00-04:00,74.97000122070312,74.97000122070312,74.95999908447266,74.95999908447266,1117,0.0,0.0
2025-05-02 12:34:00-04:00,74.95999908447266,74.95999908447266,74.93000030517578,74.93499755859375,2107,0.0,0.0
2025-05-02 12:35:00-04:00,74.91999816894531,74.93000030517578,74.91000366210938,74.91999816894531,2306,0.0,0.0
2025-05-02 12:36:00-04:00,74.91999816894531,74.94000244140625,74.91999816894531,74.93000030517578,2383,0.0,0.0
2025-05-02 12:37:00-04:00,74.93000030517578,74.93000030517578,74.8499984741211,74.9000015258789,8160,0.0,0.0
2025-05-02 12:38:00-04:00,74.87999725341797,74.87999725341797,74.875,74.875,3047,0.0,0.0
2025-05-02 12:39:00-04:00,74.86000061035156,74.86730194091797,74.83999633789062,74.83999633789062,2590,0.0,0.0
2025-05-02 12:40:00-04:00,74.8550033569336,74.8550033569336,74.83999633789062,74.83999633789062,2575,0.0,0.0
2025-05-02 12:41:00-04:00,74.83999633789062,74.8499984741211,74.83000183105469,74.84500122070312,3623,0.0,0.0
2025-05-02 12:42:00-04:00,74.84500122070312,74.86000061035156,74.81999969482422,74.8499984741211,9222,0.0,0.0
2025-05-02 12:43:00-04:00,74.84500122070312,74.875,74.83000183105469,74.86000061035156,7568,0.0,0.0
2025-05-02 12:44:00-04:00,74.87000274658203,74.93000030517578,74.87000274658203,74.93000030517578,14495,0.0,0.0
2025-05-02 12:45:00-04:00,74.91000366210938,74.93000030517578,74.8949966430664,74.91999816894531,3262,0.0,0.0
2025-05-02 12:46:00-04:00,74.91999816894531,74.93000030517578,74.8550033569336,74.875,6550,0.0,0.0
2025-05-02 12:47:00-04:00,74.87999725341797,74.9000015258789,74.83499908447266,74.83499908447266,4806,0.0,0.0
2025-05-02 12:48:00-04:00,74.83999633789062,74.8550033569336,74.83999633789062,74.8550033569336,3256,0.0,0.0
2025-05-02 12:49:00-04:00,74.83999633789062,74.93000030517578,74.83999633789062,74.93000030517578,10463,0.0,0.0
2025-05-02 12:50:00-04:00,74.92500305175781,74.93000030517578,74.8499984741211,74.8499984741211,3401,0.0,0.0
2025-05-02 12:51:00-04:00,74.8550033569336,74.8949966430664,74.8550033569336,74.88999938964844,4755,0.0,0.0
2025-05-02 12:52:00-04:00,74.88999938964844,74.88999938964844,74.86000061035156,74.875,3440,0.0,0.0
2025-05-02 12:53:00-04:00,74.875,74.90499877929688,74.875,74.90499877929688,15206,0.0,0.0
2025-05-02 12:54:00-04:00,74.90499877929688,74.93000030517578,74.87999725341797,74.93000030517578,9984,0.0,0.0
2025-05-02 12:55:00-04:00,74.91999816894531,74.95999908447266,74.91999816894531,74.95999908447266,4917,0.0,0.0
2025-05-02 12:56:00-04:00,74.95999908447266,74.95999908447266,74.94499969482422,74.94999694824219,2256,0.0,0.0
2025-05-02 12:57:00-04:00,74.94999694824219,74.98999786376953,74.94999694824219,74.98999786376953,9995,0.0,0.0
2025-05-02 12:58:00-04:00,74.99500274658203,75.01000213623047,74.99500274658203,75.0,3484,0.0,0.0
2025-05-02 12:59:00-04:00,75.0,75.01000213623047,74.98999786376953,74.99500274658203,7521,0.0,0.0
2025-05-02 13:00:00-04:00,74.98999786376953,74.99500274658203,74.98999786376953,74.99500274658203,500,0.0,0.0
2025-05-02 13:01:00-04:00,74.94999694824219,74.9800033569336,74.94999694824219,74.95999908447266,14008,0.0,0.0
2025-05-02 13:02:00-04:00,74.95999908447266,74.9800033569336,74.94499969482422,74.9749984741211,8901,0.0,0.0
2025-05-02 13:03:00-04:00,74.9800033569336,75.0,74.97000122070312,74.97000122070312,4132,0.0,0.0
2025-05-02 13:04:00-04:00,74.97000122070312,74.97000122070312,74.87000274658203,74.87999725341797,3558,0.0,0.0
2025-05-02 13:05:00-04:00,74.87999725341797,74.87999725341797,74.86000061035156,74.86499786376953,1485,0.0,0.0
2025-05-02 13:06:00-04:00,74.86000061035156,74.87999725341797,74.83999633789062,74.87999725341797,10167,0.0,0.0
2025-05-02 13:07:00-04:00,74.86000061035156,74.88999938964844,74.8499984741211,74.8499984741211,5106,0.0,0.0
2025-05-02 13:08:00-04:00,74.8499984741211,74.8550033569336,74.80999755859375,74.80999755859375,5764,0.0,0.0
2025-05-02 13:09:00-04:00,74.80000305175781,74.81500244140625,74.79499816894531,74.81500244140625,3901,0.0,0.0
2025-05-02 13:10:00-04:00,74.81999969482422,74.83499908447266,74.81400299072266,74.83000183105469,3845,0.0,0.0
2025-05-02 13:11:00-04:00,74.80999755859375,74.80999755859375,74.79000091552734,74.79000091552734,3759,0.0,0.0
2025-05-02 13:12:00-04:00,74.77999877929688,74.79000091552734,74.7699966430664,74.78009796142578,3676,0.0,0.0
2025-05-02 13:13:00-04:00,74.80000305175781,74.83000183105469,74.7699966430664,74.81500244140625,19858,0.0,0.0
2025-05-02 13:14:00-04:00,74.83000183105469,74.8499984741211,74.80069732666016,74.8499984741211,11127,0.0,0.0
2025-05-02 13:15:00-04:00,74.86000061035156,74.86000061035156,74.83000183105469,74.8499984741211,6314,0.0,0.0
2025-05-02 13:16:00-04:00,74.8499984741211,74.8550033569336,74.83000183105469,74.83000183105469,3362,0.0,0.0
2025-05-02 13:17:00-04:00,74.83000183105469,74.86000061035156,74.83000183105469,74.86000061035156,2968,0.0,0.0
2025-05-02 13:18:00-04:00,74.86000061035156,74.86000061035156,74.84500122070312,74.86000061035156,7169,0.0,0.0
2025-05-02 13:19:00-04:00,74.86000061035156,74.86000061035156,74.8499984741211,74.8499984741211,2528,0.0,0.0
2025-05-02 13:20:00-04:00,74.83999633789062,74.83999633789062,74.79000091552734,74.80500030517578,4500,0.0,0.0
2025-05-02 13:21:00-04:00,74.81999969482422,74.83000183105469,74.81999969482422,74.82499694824219,4942,0.0,0.0
2025-05-02 13:22:00-04:00,74.82499694824219,74.83000183105469,74.81999969482422,74.81999969482422,2357,0.0,0.0
2025-05-02 13:23:00-04:00,74.81999969482422,74.81999969482422,74.79000091552734,74.79000091552734,3856,0.0,0.0
2025-05-02 13:24:00-04:00,74.80000305175781,74.81999969482422,74.80000305175781,74.81999969482422,3999,0.0,0.0
2025-05-02 13:25:00-04:00,74.80999755859375,74.80999755859375,74.74500274658203,74.76000213623047,4661,0.0,0.0
2025-05-02 13:26:00-04:00,74.76000213623047,74.79000091552734,74.75,74.77999877929688,3089,0.0,0.0
2025-05-02 13:27:00-04:00,74.77999877929688,74.80999755859375,74.77999877929688,74.80000305175781,5017,0.0,0.0
2025-05-02 13:28:00-04:00,74.80000305175781,74.9800033569336,74.80000305175781,74.9800033569336,59136,0.0,0.0
2025-05-02 13:29:00-04:00,75.01000213623047,75.0199966430664,75.0,75.0199966430664,3784,0.0,0.0
2025-05-02 13:30:00-04:00,75.01499938964844,75.01499938964844,74.98999786376953,75.01000213623047,9673,0.0,0.0
2025-05-02 13:31:00-04:00,75.0199966430664,75.04000091552734,75.0199966430664,75.0250015258789,4930,0.0,0.0
2025-05-02 13:32:00-04:00,75.0199966430664,75.05000305175781,75.01190185546875,75.04000091552734,3781,0.0,0.0
2025-05-02 13:33:00-04:00,75.05000305175781,75.05999755859375,75.04000091552734,75.04000091552734,6628,0.0,0.0
2025-05-02 13:34:00-04:00,75.05500030517578,75.08999633789062,75.05000305175781,75.08000183105469,3167,0.0,0.0
2025-05-02 13:35:00-04:00,75.06999969482422,75.08000183105469,75.05999755859375,75.06999969482422,3700,0.0,0.0
2025-05-02 13:36:00-04:00,75.08000183105469,75.0999984741211,75.06999969482422,75.0999984741211,4864,0.0,0.0
2025-05-02 13:37:00-04:00,75.0999984741211,75.1050033569336,75.0999984741211,75.1050033569336,1454,0.0,0.0
2025-05-02 13:38:00-04:00,75.11000061035156,75.12000274658203,75.08999633789062,75.11499786376953,3666,0.0,0.0
2025-05-02 13:39:00-04:00,75.11499786376953,75.12999725341797,75.11000061035156,75.11000061035156,17357,0.0,0.0
2025-05-02 13:40:00-04:00,75.11499786376953,75.12000274658203,75.08999633789062,75.09500122070312,5474,0.0,0.0
2025-05-02 13:41:00-04:00,75.08999633789062,75.09500122070312,75.08999633789062,75.09500122070312,1062,0.0,0.0
2025-05-02 13:42:00-04:00,75.08999633789062,75.08999633789062,75.02999877929688,75.05999755859375,4062,0.0,0.0
2025-05-02 13:43:00-04:00,75.05999755859375,75.08999633789062,75.05000305175781,75.08000183105469,3897,0.0,0.0
2025-05-02 13:44:00-04:00,75.08000183105469,75.0999984741211,75.08000183105469,75.09500122070312,3020,0.0,0.0
2025-05-02 13:45:00-04:00,75.09349822998047,75.11499786376953,75.08999633789062,75.08999633789062,2631,0.0,0.0
2025-05-02 13:46:00-04:00,75.0999984741211,75.13999938964844,75.0999984741211,75.12000274658203,3424,0.0,0.0
2025-05-02 13:47:00-04:00,75.11000061035156,75.13999938964844,75.08999633789062,75.12999725341797,6727,0.0,0.0
2025-05-02 13:48:00-04:00,75.12000274658203,75.1500015258789,75.11000061035156,75.13999938964844,4869,0.0,0.0
2025-05-02 13:49:00-04:00,75.13999938964844,75.16999816894531,75.0999984741211,75.11000061035156,6029,0.0,0.0
2025-05-02 13:50:00-04:00,75.11000061035156,75.13999938964844,75.08999633789062,75.0999984741211,4165,0.0,0.0
2025-05-02 13:51:00-04:00,75.08999633789062,75.0999984741211,75.01000213623047,75.01000213623047,17456,0.0,0.0
2025-05-02 13:52:00-04:00,75.0,75.02999877929688,74.9800033569336,75.0199966430664,4258,0.0,0.0
2025-05-02 13:53:00-04:00,75.02999877929688,75.06999969482422,75.0199966430664,75.05500030517578,15636,0.0,0.0
2025-05-02 13:54:00-04:00,75.05999755859375,75.05999755859375,75.02999877929688,75.03500366210938,3258,0.0,0.0
2025-05-02 13:55:00-04:00,75.0199966430664,75.0199966430664,74.97000122070312,74.97000122070312,2248,0.0,0.0
2025-05-02 13:56:00-04:00,74.96499633789062,74.96499633789062,74.93000030517578,74.93000030517578,1296,0.0,0.0
2025-05-02 13:57:00-04:00,74.94499969482422,74.95989990234375,74.93000030517578,74.93000030517578,961,0.0,0.0
2025-05-02 13:58:00-04:00,74.94000244140625,74.94000244140625,74.9000015258789,74.9000015258789,2061,0.0,0.0
2025-05-02 13:59:00-04:00,74.91000366210938,74.94999694824219,74.91000366210938,74.94999694824219,3688,0.0,0.0
2025-05-02 14:00:00-04:00,74.94999694824219,74.97000122070312,74.94999694824219,74.95999908447266,2885,0.0,0.0
2025-05-02 14:01:00-04:00,74.94999694824219,74.95999908447266,74.93000030517578,74.93000030517578,3093,0.0,0.0
2025-05-02 14:02:00-04:00,74.94000244140625,74.95999908447266,74.94000244140625,74.94499969482422,3934,0.0,0.0
2025-05-02 14:03:00-04:00,74.95500183105469,75.01000213623047,74.94999694824219,75.01000213623047,3628,0.0,0.0
2025-05-02 14:04:00-04:00,75.01000213623047,75.05000305175781,75.01000213623047,75.04000091552734,3609,0.0,0.0
2025-05-02 14:05:00-04:00,75.02999877929688,75.05000305175781,75.02999877929688,75.04000091552734,3434,0.0,0.0
2025-05-02 14:06:00-04:00,75.02999877929688,75.02999877929688,75.0,75.0250015258789,3720,0.0,0.0
2025-05-02 14:07:00-04:00,75.0250015258789,75.02999877929688,75.0250015258789,75.02999877929688,825,0.0,0.0
2025-05-02 14:08:00-04:00,75.04000091552734,75.05500030517578,75.04000091552734,75.05000305175781,3401,0.0,0.0
2025-05-02 14:09:00-04:00,75.04499816894531,75.0999984741211,75.04499816894531,75.09500122070312,4770,0.0,0.0
2025-05-02 14:10:00-04:00,75.0999984741211,75.11000061035156,75.08000183105469,75.11000061035156,3941,0.0,0.0
2025-05-02 14:11:00-04:00,75.11000061035156,75.13999938964844,75.11000061035156,75.13999938964844,2319,0.0,0.0
2025-05-02 14:12:00-04:00,75.1500015258789,75.1500015258789,75.12999725341797,75.13999938964844,2684,0.0,0.0
2025-05-02 14:13:00-04:00,75.1500015258789,75.15499877929688,75.1240005493164,75.12999725341797,3025,0.0,0.0
2025-05-02 14:14:00-04:00,75.12000274658203,75.13500213623047,75.0999984741211,75.13500213623047,6088,0.0,0.0
2025-05-02 14:15:00-04:00,75.12000274658203,75.12000274658203,75.11000061035156,75.11000061035156,1084,0.0,0.0
2025-05-02 14:16:00-04:00,75.11000061035156,75.16000366210938,75.11000061035156,75.1500015258789,3142,0.0,0.0
2025-05-02 14:17:00-04:00,75.1500015258789,75.1500015258789,75.1500015258789,75.1500015258789,926,0.0,0.0
2025-05-02 14:18:00-04:00,75.13999938964844,75.1500015258789,75.12000274658203,75.13999938964844,7577,0.0,0.0
2025-05-02 14:19:00-04:00,75.13500213623047,75.1500015258789,75.12000274658203,75.12000274658203,2667,0.0,0.0
2025-05-02 14:20:00-04:00,75.12000274658203,75.12750244140625,75.08000183105469,75.08000183105469,10302,0.0,0.0
2025-05-02 14:21:00-04:00,75.08999633789062,75.12999725341797,75.08999633789062,75.12000274658203,7392,0.0,0.0
2025-05-02 14:22:00-04:00,75.12000274658203,75.12999725341797,75.0999984741211,75.12999725341797,3773,0.0,0.0
2025-05-02 14:23:00-04:00,75.12000274658203,75.13999938964844,75.12000274658203,75.13999938964844,3199,0.0,0.0
2025-05-02 14:24:00-04:00,75.13999938964844,75.1500015258789,75.08999633789062,75.1050033569336,4603,0.0,0.0
2025-05-02 14:25:00-04:00,75.0999984741211,75.12999725341797,75.0999984741211,75.12999725341797,1941,0.0,0.0
2025-05-02 14:26:00-04:00,75.12000274658203,75.12000274658203,75.1050033569336,75.11000061035156,3018,0.0,0.0
2025-05-02 14:27:00-04:00,75.12000274658203,75.1449966430664,75.0999984741211,75.0999984741211,5464,0.0,0.0
2025-05-02 14:28:00-04:00,75.0999984741211,75.0999984741211,75.08999633789062,75.08999633789062,1994,0.0,0.0
2025-05-02 14:29:00-04:00,75.08999633789062,75.12000274658203,75.01000213623047,75.01499938964844,15620,0.0,0.0
2025-05-02 14:30:00-04:00,75.01499938964844,75.02999877929688,75.0,75.01000213623047,11739,0.0,0.0
2025-05-02 14:31:00-04:00,75.01000213623047,75.02999877929688,74.98500061035156,75.01899719238281,8005,0.0,0.0
2025-05-02 14:32:00-04:00,75.02999877929688,75.05999755859375,75.01000213623047,75.0250015258789,13353,0.0,0.0
2025-05-02 14:33:00-04:00,75.01419830322266,75.06999969482422,75.01419830322266,75.02999877929688,5663,0.0,0.0
2025-05-02 14:34:00-04:00,75.02999877929688,75.05999755859375,75.0199966430664,75.04000091552734,8258,0.0,0.0
2025-05-02 14:35:00-04:00,75.04000091552734,75.05000305175781,75.0199966430664,75.02999877929688,7962,0.0,0.0
2025-05-02 14:36:00-04:00,75.04000091552734,75.05000305175781,75.0199966430664,75.04199981689453,5927,0.0,0.0
2025-05-02 14:37:00-04:00,75.05000305175781,75.05999755859375,75.0199966430664,75.0199966430664,15833,0.0,0.0
2025-05-02 14:38:00-04:00,75.0199966430664,75.02999877929688,75.01000213623047,75.01000213623047,2072,0.0,0.0
2025-05-02 14:39:00-04:00,75.01000213623047,75.02999877929688,75.0,75.0,4998,0.0,0.0
2025-05-02 14:40:00-04:00,75.0,75.0,74.9800033569336,74.99500274658203,3638,0.0,0.0
2025-05-02 14:41:00-04:00,74.9800033569336,75.01000213623047,74.9800033569336,75.00499725341797,3181,0.0,0.0
2025-05-02 14:42:00-04:00,75.01000213623047,75.01940155029297,74.9749984741211,74.98999786376953,5346,0.0,0.0
2025-05-02 14:43:00-04:00,74.9800033569336,74.98999786376953,74.97000122070312,74.98500061035156,3665,0.0,0.0
2025-05-02 14:44:00-04:00,74.9800033569336,74.9800033569336,74.93000030517578,74.95999908447266,6606,0.0,0.0
2025-05-02 14:45:00-04:00,74.94999694824219,74.94999694824219,74.94000244140625,74.94000244140625,2430,0.0,0.0
2025-05-02 14:46:00-04:00,74.94000244140625,74.95999908447266,74.94000244140625,74.94999694824219,6394,0.0,0.0
2025-05-02 14:47:00-04:00,74.94000244140625,74.9800033569336,74.93499755859375,74.9800033569336,6340,0.0,0.0
2025-05-02 14:48:00-04:00,74.9800033569336,74.9800033569336,74.93000030517578,74.93499755859375,6061,0.0,0.0
2025-05-02 14:49:00-04:00,74.93499755859375,74.93499755859375,74.83999633789062,74.83999633789062,4689,0.0,0.0
2025-05-02 14:50:00-04:00,74.81999969482422,74.8550033569336,74.80999755859375,74.80999755859375,6375,0.0,0.0
2025-05-02 14:51:00-04:00,74.81999969482422,74.83999633789062,74.79000091552734,74.79499816894531,9844,0.0,0.0
2025-05-02 14:52:00-04:00,74.80000305175781,74.83000183105469,74.77999877929688,74.77999877929688,7567,0.0,0.0
2025-05-02 14:53:00-04:00,74.7750015258789,74.81999969482422,74.7750015258789,74.80000305175781,2877,0.0,0.0
2025-05-02 14:54:00-04:00,74.80000305175781,74.80999755859375,74.79000091552734,74.80999755859375,4290,0.0,0.0
2025-05-02 14:55:00-04:00,74.80999755859375,74.83000183105469,74.80999755859375,74.83000183105469,2562,0.0,0.0
2025-05-02 14:56:00-04:00,74.81999969482422,74.83999633789062,74.81999969482422,74.83999633789062,3587,0.0,0.0
2025-05-02 14:57:00-04:00,74.83999633789062,74.9000015258789,74.83999633789062,74.9000015258789,5220,0.0,0.0
2025-05-02 14:58:00-04:00,74.9000015258789,74.91000366210938,74.83000183105469,74.83000183105469,8064,0.0,0.0
2025-05-02 14:59:00-04:00,74.82499694824219,74.83000183105469,74.80999755859375,74.81999969482422,6794,0.0,0.0
2025-05-02 15:00:00-04:00,74.82499694824219,74.83000183105469,74.7699966430664,74.7699966430664,6305,0.0,0.0
2025-05-02 15:01:00-04:00,74.76000213623047,74.80000305175781,74.73999786376953,74.79499816894531,6115,0.0,0.0
2025-05-02 15:02:00-04:00,74.79499816894531,74.83000183105469,74.79499816894531,74.80999755859375,3069,0.0,0.0
2025-05-02 15:03:00-04:00,74.80000305175781,74.83000183105469,74.79000091552734,74.83000183105469,17686,0.0,0.0
2025-05-02 15:04:00-04:00,74.82499694824219,74.82499694824219,74.77999877929688,74.79049682617188,3480,0.0,0.0
2025-05-02 15:05:00-04:00,74.79000091552734,74.8499984741211,74.76000213623047,74.8499984741211,9037,0.0,0.0
2025-05-02 15:06:00-04:00,74.8499984741211,74.88500213623047,74.83999633789062,74.8499984741211,9672,0.0,0.0
2025-05-02 15:07:00-04:00,74.8499984741211,74.86000061035156,74.83000183105469,74.84500122070312,5853,0.0,0.0
2025-05-02 15:08:00-04:00,74.86000061035156,74.9800033569336,74.83000183105469,74.94999694824219,44247,0.0,0.0
2025-05-02 15:09:00-04:00,74.95999908447266,74.97000122070312,74.93000030517578,74.94000244140625,9829,0.0,0.0
2025-05-02 15:10:00-04:00,74.94499969482422,74.98500061035156,74.94499969482422,74.95999908447266,16176,0.0,0.0
2025-05-02 15:11:00-04:00,74.95999908447266,74.96499633789062,74.91999816894531,74.94999694824219,5403,0.0,0.0
2025-05-02 15:12:00-04:00,74.94999694824219,75.01000213623047,74.94999694824219,74.94999694824219,10967,0.0,0.0
2025-05-02 15:13:00-04:00,74.94999694824219,75.04499816894531,74.94349670410156,75.0199966430664,7915,0.0,0.0
2025-05-02 15:14:00-04:00,75.02999877929688,75.02999877929688,75.0,75.01000213623047,3190,0.0,0.0
2025-05-02 15:15:00-04:00,75.01000213623047,75.01000213623047,74.9800033569336,75.0,8949,0.0,0.0
2025-05-02 15:16:00-04:00,75.01000213623047,75.05000305175781,75.00499725341797,75.02999877929688,7013,0.0,0.0
2025-05-02 15:17:00-04:00,75.02999877929688,75.02999877929688,74.9800033569336,75.0,6739,0.0,0.0
2025-05-02 15:18:00-04:00,75.0082015991211,75.05999755859375,75.0,75.04000091552734,18650,0.0,0.0
2025-05-02 15:19:00-04:00,75.05000305175781,75.05999755859375,75.0,75.04499816894531,13853,0.0,0.0
2025-05-02 15:20:00-04:00,75.05000305175781,75.06500244140625,75.0199966430664,75.05000305175781,12548,0.0,0.0
2025-05-02 15:21:00-04:00,75.05000305175781,75.05999755859375,75.04000091552734,75.04000091552734,4201,0.0,0.0
2025-05-02 15:22:00-04:00,75.05000305175781,75.06999969482422,75.00499725341797,75.00499725341797,14393,0.0,0.0
2025-05-02 15:23:00-04:00,75.00499725341797,75.00499725341797,74.95999908447266,74.96499633789062,35692,0.0,0.0
2025-05-02 15:24:00-04:00,74.95999908447266,74.9800033569336,74.94000244140625,74.97000122070312,60486,0.0,0.0
2025-05-02 15:25:00-04:00,74.9800033569336,75.0,74.94999694824219,74.94999694824219,12642,0.0,0.0
2025-05-02 15:26:00-04:00,74.95500183105469,74.96009826660156,74.94000244140625,74.94999694824219,6492,0.0,0.0
2025-05-02 15:27:00-04:00,74.94000244140625,74.97000122070312,74.91500091552734,74.91500091552734,8410,0.0,0.0
2025-05-02 15:28:00-04:00,74.9000015258789,74.9000015258789,74.87999725341797,74.87999725341797,4413,0.0,0.0
2025-05-02 15:29:00-04:00,74.87999725341797,74.94999694824219,74.87000274658203,74.94000244140625,9506,0.0,0.0
2025-05-02 15:30:00-04:00,74.94999694824219,74.97000122070312,74.94499969482422,74.97000122070312,7791,0.0,0.0
2025-05-02 15:31:00-04:00,74.97000122070312,74.97000122070312,74.91000366210938,74.91999816894531,8317,0.0,0.0
2025-05-02 15:32:00-04:00,74.91999816894531,74.93000030517578,74.9000015258789,74.91500091552734,8157,0.0,0.0
2025-05-02 15:33:00-04:00,74.91500091552734,74.91500091552734,74.87999725341797,74.87999725341797,9623,0.0,0.0
2025-05-02 15:34:00-04:00,74.87999725341797,74.91000366210938,74.87000274658203,74.91000366210938,8725,0.0,0.0
2025-05-02 15:35:00-04:00,74.91000366210938,74.91999816894531,74.88999938964844,74.91999816894531,9184,0.0,0.0
2025-05-02 15:36:00-04:00,74.91999816894531,74.91999816894531,74.87000274658203,74.87999725341797,9603,0.0,0.0
2025-05-02 15:37:00-04:00,74.87069702148438,74.91999816894531,74.87000274658203,74.88500213623047,13415,0.0,0.0
2025-05-02 15:38:00-04:00,74.88999938964844,74.91999816894531,74.88999938964844,74.91000366210938,6571,0.0,0.0
2025-05-02 15:39:00-04:00,74.91000366210938,74.95999908447266,74.91000366210938,74.94999694824219,15594,0.0,0.0
2025-05-02 15:40:00-04:00,74.94999694824219,74.97000122070312,74.94999694824219,74.95999908447266,14213,0.0,0.0
2025-05-02 15:41:00-04:00,74.95999908447266,74.98999786376953,74.95999908447266,74.9800033569336,5037,0.0,0.0
2025-05-02 15:42:00-04:00,74.9800033569336,75.00499725341797,74.94999694824219,74.95500183105469,19338,0.0,0.0
2025-05-02 15:43:00-04:00,74.95999908447266,74.95999908447266,74.94000244140625,74.94999694824219,6274,0.0,0.0
2025-05-02 15:44:00-04:00,74.94000244140625,74.97000122070312,74.94000244140625,74.94999694824219,8185,0.0,0.0
2025-05-02 15:45:00-04:00,74.94000244140625,74.94999694824219,74.91999816894531,74.91999816894531,11386,0.0,0.0
2025-05-02 15:46:00-04:00,74.93000030517578,74.93000030517578,74.9000015258789,74.91000366210938,8572,0.0,0.0
2025-05-02 15:47:00-04:00,74.91000366210938,74.93000030517578,74.87000274658203,74.9000015258789,16300,0.0,0.0
2025-05-02 15:48:00-04:00,74.8949966430664,74.91000366210938,74.87000274658203,74.9000015258789,10254,0.0,0.0
2025-05-02 15:49:00-04:00,74.9000015258789,74.9000015258789,74.82499694824219,74.82499694824219,18674,0.0,0.0
2025-05-02 15:50:00-04:00,74.83999633789062,74.91999816894531,74.83499908447266,74.87000274658203,32367,0.0,0.0
2025-05-02 15:51:00-04:00,74.875,74.94000244140625,74.87000274658203,74.93000030517578,24664,0.0,0.0
2025-05-02 15:52:00-04:00,74.94000244140625,74.94999694824219,74.91999816894531,74.94000244140625,16974,0.0,0.0
2025-05-02 15:53:00-04:00,74.94000244140625,74.94999694824219,74.93000030517578,74.94999694824219,11852,0.0,0.0
2025-05-02 15:54:00-04:00,74.94000244140625,74.95500183105469,74.91000366210938,74.93000030517578,31931,0.0,0.0
2025-05-02 15:55:00-04:00,74.93000030517578,74.93000030517578,74.81999969482422,74.86000061035156,67918,0.0,0.0
2025-05-02 15:56:00-04:00,74.86000061035156,74.93000030517578,74.86000061035156,74.92500305175781,37283,0.0,0.0
2025-05-02 15:57:00-04:00,74.92500305175781,74.9800033569336,74.91999816894531,74.97000122070312,36170,0.0,0.0
2025-05-02 15:58:00-04:00,74.95999908447266,74.9749984741211,74.91999816894531,74.93499755859375,43105,0.0,0.0
2025-05-02 15:59:00-04:00,74.94000244140625,74.97000122070312,74.91999816894531,74.95999908447266,81880,0.0,0.0
