Datetime,Open,High,Low,Close,Volume,Dividends,Stock Splits
2025-04-28 09:30:00-04:00,1.6799999475479126,1.7999999523162842,1.6699999570846558,1.769700050354004,25188087,0.0,0.0
2025-04-28 09:31:00-04:00,1.7697999477386475,1.7699999809265137,1.7100000381469727,1.7200000286102295,1024282,0.0,0.0
2025-04-28 09:32:00-04:00,1.7201000452041626,1.9500000476837158,1.7200000286102295,1.8901000022888184,3524420,0.0,0.0
2025-04-28 09:33:00-04:00,1.899999976158142,1.9600000381469727,1.8899999856948853,1.9249999523162842,2018549,0.0,0.0
2025-04-28 09:34:00-04:00,1.9296000003814697,2.0299999713897705,1.9199999570846558,1.9692000150680542,3076134,0.0,0.0
2025-04-28 09:35:00-04:00,1.9680999517440796,1.9699000120162964,1.8600000143051147,1.8899999856948853,2004352,0.0,0.0
2025-04-28 09:36:00-04:00,1.8899999856948853,1.899999976158142,1.8300000429153442,1.8600000143051147,1857186,0.0,0.0
2025-04-28 09:37:00-04:00,1.8550000190734863,1.9199999570846558,1.8300000429153442,1.898900032043457,1699615,0.0,0.0
2025-04-28 09:38:00-04:00,1.8949999809265137,1.9199999570846558,1.850000023841858,1.909999966621399,1175733,0.0,0.0
2025-04-28 09:39:00-04:00,1.899999976158142,1.909999966621399,1.8700000047683716,1.8701000213623047,1224735,0.0,0.0
2025-04-28 09:40:00-04:00,1.8799999952316284,1.9800000190734863,1.8799999952316284,1.940000057220459,1844812,0.0,0.0
2025-04-28 09:41:00-04:00,1.9450000524520874,1.9500000476837158,1.8700000047683716,1.929900050163269,1285027,0.0,0.0
2025-04-28 09:42:00-04:00,1.9249999523162842,1.9800000190734863,1.8700000047683716,1.8801000118255615,1624811,0.0,0.0
2025-04-28 09:43:00-04:00,1.885200023651123,1.899999976158142,1.7599999904632568,1.819700002670288,1757296,0.0,0.0
2025-04-28 09:44:00-04:00,1.809999942779541,1.8700000047683716,1.7599999904632568,1.850000023841858,1921073,0.0,0.0
2025-04-28 09:45:00-04:00,1.8497999906539917,1.9299999475479126,1.8300000429153442,1.9149999618530273,1515495,0.0,0.0
2025-04-28 09:46:00-04:00,1.9119000434875488,1.9694000482559204,1.909999966621399,1.9388999938964844,1511303,0.0,0.0
2025-04-28 09:47:00-04:00,1.9391000270843506,1.9500000476837158,1.909999966621399,1.9450000524520874,1384244,0.0,0.0
2025-04-28 09:48:00-04:00,1.9450000524520874,2.0799999237060547,1.940000057220459,2.055000066757202,3183077,0.0,0.0
2025-04-28 09:49:00-04:00,2.055000066757202,2.075000047683716,2.009999990463257,2.0399999618530273,1890708,0.0,0.0
2025-04-28 09:50:00-04:00,2.0450000762939453,2.0899999141693115,1.9299999475479126,1.934999942779541,2611980,0.0,0.0
2025-04-28 09:51:00-04:00,1.9299999475479126,1.9800000190734863,1.8700000047683716,1.919800043106079,1404893,0.0,0.0
2025-04-28 09:52:00-04:00,1.9198999404907227,1.940000057220459,1.899999976158142,1.9394999742507935,482788,0.0,0.0
2025-04-28 09:53:00-04:00,1.940000057220459,2.0199999809265137,1.9299999475479126,1.9800000190734863,1367959,0.0,0.0
2025-04-28 09:54:00-04:00,1.9850000143051147,2.0199999809265137,1.9299999475479126,1.9519000053405762,1056250,0.0,0.0
2025-04-28 09:55:00-04:00,1.9500000476837158,1.9900000095367432,1.8700000047683716,1.9248000383377075,1866721,0.0,0.0
2025-04-28 09:56:00-04:00,1.9294999837875366,1.9700000286102295,1.910099983215332,1.9508999586105347,732300,0.0,0.0
2025-04-28 09:57:00-04:00,1.9599000215530396,1.9600000381469727,1.8899999856948853,1.906999945640564,899906,0.0,0.0
2025-04-28 09:58:00-04:00,1.9000999927520752,1.909999966621399,1.850000023841858,1.8509000539779663,1334241,0.0,0.0
2025-04-28 09:59:00-04:00,1.8580000400543213,1.8899999856948853,1.850000023841858,1.8818999528884888,844866,0.0,0.0
2025-04-28 10:00:00-04:00,1.8898999691009521,1.8899999856948853,1.8300000429153442,1.8600000143051147,862753,0.0,0.0
2025-04-28 10:01:00-04:00,1.8650000095367432,1.8799999952316284,1.6799999475479126,1.7187999486923218,2735508,0.0,0.0
2025-04-28 10:02:00-04:00,1.7192000150680542,1.7400000095367432,1.7000000476837158,1.7299000024795532,712694,0.0,0.0
2025-04-28 10:03:00-04:00,1.7299000024795532,1.7300000190734863,1.7000000476837158,1.7000000476837158,534480,0.0,0.0
2025-04-28 10:04:00-04:00,1.7000000476837158,1.7200000286102295,1.6799999475479126,1.7000000476837158,940192,0.0,0.0
2025-04-28 10:05:00-04:00,1.7000000476837158,1.7000000476837158,1.6799999475479126,1.6990000009536743,773138,0.0,0.0
2025-04-28 10:06:00-04:00,1.6999000310897827,1.7049000263214111,1.6799999475479126,1.684399962425232,315555,0.0,0.0
2025-04-28 10:07:00-04:00,1.684999942779541,1.7100000381469727,1.6799999475479126,1.6956000328063965,318351,0.0,0.0
2025-04-28 10:08:00-04:00,1.6988999843597412,1.7000000476837158,1.690000057220459,1.6992000341415405,242684,0.0,0.0
2025-04-28 10:09:00-04:00,1.6999000310897827,1.7000000476837158,1.690000057220459,1.6963000297546387,193282,0.0,0.0
2025-04-28 10:10:00-04:00,1.6950000524520874,1.7000000476837158,1.6200000047683716,1.6511000394821167,1263916,0.0,0.0
2025-04-28 10:11:00-04:00,1.6507999897003174,1.6799999475479126,1.649999976158142,1.6649999618530273,255576,0.0,0.0
2025-04-28 10:12:00-04:00,1.6685999631881714,1.6799999475479126,1.659999966621399,1.6797000169754028,175778,0.0,0.0
2025-04-28 10:13:00-04:00,1.6789000034332275,1.7400000095367432,1.6700999736785889,1.7350000143051147,648727,0.0,0.0
2025-04-28 10:14:00-04:00,1.7391999959945679,1.7699999809265137,1.7300000190734863,1.7450000047683716,666574,0.0,0.0
2025-04-28 10:15:00-04:00,1.7450000047683716,1.75,1.7200000286102295,1.7300000190734863,282500,0.0,0.0
2025-04-28 10:16:00-04:00,1.7310999631881714,1.75,1.7300000190734863,1.7389999628067017,158029,0.0,0.0
2025-04-28 10:17:00-04:00,1.7300000190734863,1.7400000095367432,1.7200000286102295,1.7304999828338623,246819,0.0,0.0
2025-04-28 10:18:00-04:00,1.7310999631881714,1.7400000095367432,1.7100000381469727,1.7347999811172485,434887,0.0,0.0
2025-04-28 10:19:00-04:00,1.738700032234192,1.7400000095367432,1.7100000381469727,1.7100000381469727,398798,0.0,0.0
2025-04-28 10:20:00-04:00,1.7100000381469727,1.7200000286102295,1.7000000476837158,1.7100000381469727,185352,0.0,0.0
2025-04-28 10:21:00-04:00,1.7000000476837158,1.7100000381469727,1.6799999475479126,1.6900999546051025,465079,0.0,0.0
2025-04-28 10:22:00-04:00,1.6900999546051025,1.7000000476837158,1.6799999475479126,1.6799999475479126,87943,0.0,0.0
2025-04-28 10:23:00-04:00,1.684999942779541,1.690000057220459,1.6699999570846558,1.6699999570846558,214039,0.0,0.0
2025-04-28 10:24:00-04:00,1.6749999523162842,1.7200000286102295,1.6699999570846558,1.7199000120162964,310293,0.0,0.0
2025-04-28 10:25:00-04:00,1.7148000001907349,1.7300000190734863,1.7100000381469727,1.7116999626159668,214515,0.0,0.0
2025-04-28 10:26:00-04:00,1.7109999656677246,1.7200000286102295,1.6799999475479126,1.6999000310897827,249081,0.0,0.0
2025-04-28 10:27:00-04:00,1.7050000429153442,1.7100000381469727,1.7000000476837158,1.7000000476837158,41799,0.0,0.0
2025-04-28 10:28:00-04:00,1.7050000429153442,1.7100000381469727,1.690000057220459,1.7050000429153442,143743,0.0,0.0
2025-04-28 10:29:00-04:00,1.7092000246047974,1.7100000381469727,1.690000057220459,1.6907000541687012,122161,0.0,0.0
2025-04-28 10:30:00-04:00,1.690000057220459,1.7200000286102295,1.690000057220459,1.7200000286102295,271861,0.0,0.0
2025-04-28 10:31:00-04:00,1.7300000190734863,1.75,1.7200000286102295,1.7350000143051147,349340,0.0,0.0
2025-04-28 10:32:00-04:00,1.7302000522613525,1.7319999933242798,1.7100000381469727,1.715000033378601,140858,0.0,0.0
2025-04-28 10:33:00-04:00,1.7199000120162964,1.7200000286102295,1.7100000381469727,1.7100000381469727,85183,0.0,0.0
2025-04-28 10:34:00-04:00,1.715000033378601,1.7200000286102295,1.690000057220459,1.6974999904632568,251039,0.0,0.0
2025-04-28 10:35:00-04:00,1.6979999542236328,1.7000000476837158,1.690000057220459,1.690000057220459,119203,0.0,0.0
2025-04-28 10:36:00-04:00,1.6948000192642212,1.7000000476837158,1.690000057220459,1.7000000476837158,179231,0.0,0.0
2025-04-28 10:37:00-04:00,1.6912000179290771,1.7000000476837158,1.690000057220459,1.6950000524520874,56810,0.0,0.0
2025-04-28 10:38:00-04:00,1.6994999647140503,1.7000000476837158,1.690000057220459,1.6901999711990356,132998,0.0,0.0
2025-04-28 10:39:00-04:00,1.6907999515533447,1.7000000476837158,1.690000057220459,1.6996999979019165,62593,0.0,0.0
2025-04-28 10:40:00-04:00,1.6950000524520874,1.7400000095367432,1.690000057220459,1.7300000190734863,340332,0.0,0.0
2025-04-28 10:41:00-04:00,1.73989999294281,1.7400000095367432,1.690000057220459,1.690000057220459,292836,0.0,0.0
2025-04-28 10:42:00-04:00,1.690000057220459,1.7400000095367432,1.690000057220459,1.73989999294281,228941,0.0,0.0
2025-04-28 10:43:00-04:00,1.7350000143051147,1.7400000095367432,1.7100000381469727,1.7100000381469727,110813,0.0,0.0
2025-04-28 10:44:00-04:00,1.719099998474121,1.7200000286102295,1.7100000381469727,1.715000033378601,68492,0.0,0.0
2025-04-28 10:45:00-04:00,1.7181999683380127,1.7199000120162964,1.7000000476837158,1.7050000429153442,150582,0.0,0.0
2025-04-28 10:46:00-04:00,1.701200008392334,1.7100000381469727,1.690000057220459,1.6914000511169434,96147,0.0,0.0
2025-04-28 10:47:00-04:00,1.690000057220459,1.7100000381469727,1.6799999475479126,1.6890000104904175,202058,0.0,0.0
2025-04-28 10:48:00-04:00,1.680799961090088,1.690000057220459,1.6699999570846558,1.6800999641418457,312131,0.0,0.0
2025-04-28 10:49:00-04:00,1.6800999641418457,1.690000057220459,1.6799999475479126,1.6799999475479126,82033,0.0,0.0
2025-04-28 10:50:00-04:00,1.6893999576568604,1.7099000215530396,1.6799999475479126,1.6950000524520874,157474,0.0,0.0
2025-04-28 10:51:00-04:00,1.6907999515533447,1.7000000476837158,1.690000057220459,1.690000057220459,92599,0.0,0.0
2025-04-28 10:52:00-04:00,1.6996999979019165,1.7000000476837158,1.6799999475479126,1.6799999475479126,126662,0.0,0.0
2025-04-28 10:53:00-04:00,1.684999942779541,1.690000057220459,1.6799999475479126,1.684999942779541,71307,0.0,0.0
2025-04-28 10:54:00-04:00,1.684999942779541,1.690000057220459,1.6699999570846558,1.679900050163269,90511,0.0,0.0
2025-04-28 10:55:00-04:00,1.6705000400543213,1.6799999475479126,1.649999976158142,1.670199990272522,336179,0.0,0.0
2025-04-28 10:56:00-04:00,1.6704000234603882,1.6749999523162842,1.6349999904632568,1.6444000005722046,388544,0.0,0.0
2025-04-28 10:57:00-04:00,1.6404999494552612,1.649999976158142,1.6299999952316284,1.6301000118255615,144866,0.0,0.0
2025-04-28 10:58:00-04:00,1.6299999952316284,1.649999976158142,1.6299999952316284,1.649999976158142,104438,0.0,0.0
2025-04-28 10:59:00-04:00,1.6455999612808228,1.6455999612808228,1.6200000047683716,1.6299999952316284,244064,0.0,0.0
2025-04-28 11:00:00-04:00,1.6299999952316284,1.6699999570846558,1.6200000047683716,1.659999966621399,354830,0.0,0.0
2025-04-28 11:01:00-04:00,1.659999966621399,1.6699999570846558,1.659999966621399,1.6649999618530273,41300,0.0,0.0
2025-04-28 11:02:00-04:00,1.6649999618530273,1.690000057220459,1.6649999618530273,1.690000057220459,183942,0.0,0.0
2025-04-28 11:03:00-04:00,1.690000057220459,1.690000057220459,1.6699999570846558,1.6756000518798828,64180,0.0,0.0
2025-04-28 11:04:00-04:00,1.6700999736785889,1.6899000406265259,1.6699999570846558,1.6799999475479126,60356,0.0,0.0
2025-04-28 11:05:00-04:00,1.6699999570846558,1.679900050163269,1.649999976158142,1.659999966621399,165626,0.0,0.0
2025-04-28 11:06:00-04:00,1.6649999618530273,1.6699999570846558,1.649999976158142,1.6699999570846558,173912,0.0,0.0
2025-04-28 11:07:00-04:00,1.6649999618530273,1.6699999570846558,1.659999966621399,1.6605000495910645,26702,0.0,0.0
2025-04-28 11:08:00-04:00,1.660099983215332,1.6689000129699707,1.659999966621399,1.6649999618530273,45775,0.0,0.0
2025-04-28 11:09:00-04:00,1.659999966621399,1.690000057220459,1.659999966621399,1.684999942779541,98490,0.0,0.0
2025-04-28 11:10:00-04:00,1.6799999475479126,1.690000057220459,1.6699999570846558,1.6748000383377075,50454,0.0,0.0
2025-04-28 11:11:00-04:00,1.6748000383377075,1.679900050163269,1.6699999570846558,1.6705000400543213,69963,0.0,0.0
2025-04-28 11:12:00-04:00,1.674299955368042,1.674299955368042,1.649999976158142,1.649999976158142,66389,0.0,0.0
2025-04-28 11:13:00-04:00,1.6598999500274658,1.6699999570846558,1.649999976158142,1.6588000059127808,62708,0.0,0.0
2025-04-28 11:14:00-04:00,1.659999966621399,1.6699999570846558,1.651900053024292,1.6690000295639038,45611,0.0,0.0
2025-04-28 11:15:00-04:00,1.6608999967575073,1.6699999570846558,1.6503000259399414,1.6549999713897705,38729,0.0,0.0
2025-04-28 11:16:00-04:00,1.649999976158142,1.6549999713897705,1.6399999856948853,1.6401000022888184,97209,0.0,0.0
2025-04-28 11:17:00-04:00,1.6404000520706177,1.649999976158142,1.5700000524520874,1.5850000381469727,972680,0.0,0.0
2025-04-28 11:18:00-04:00,1.5844000577926636,1.5950000286102295,1.5700000524520874,1.5800000429153442,358400,0.0,0.0
2025-04-28 11:19:00-04:00,1.590000033378601,1.6100000143051147,1.5800000429153442,1.6050000190734863,235112,0.0,0.0
2025-04-28 11:20:00-04:00,1.6050000190734863,1.6100000143051147,1.5800000429153442,1.5800000429153442,111934,0.0,0.0
2025-04-28 11:21:00-04:00,1.589900016784668,1.590000033378601,1.5700000524520874,1.579300045967102,109249,0.0,0.0
2025-04-28 11:22:00-04:00,1.5700000524520874,1.5800000429153442,1.5499999523162842,1.5500999689102173,183013,0.0,0.0
2025-04-28 11:23:00-04:00,1.5499999523162842,1.559999942779541,1.5099999904632568,1.51010000705719,399115,0.0,0.0
2025-04-28 11:24:00-04:00,1.5099999904632568,1.559999942779541,1.5,1.55239999294281,645160,0.0,0.0
2025-04-28 11:25:00-04:00,1.5599000453948975,1.5599000453948975,1.5099999904632568,1.5191999673843384,181519,0.0,0.0
2025-04-28 11:26:00-04:00,1.510599970817566,1.5149999856948853,1.4800000190734863,1.4801000356674194,360634,0.0,0.0
2025-04-28 11:27:00-04:00,1.4881000518798828,1.5199999809265137,1.4800000190734863,1.5199999809265137,304200,0.0,0.0
2025-04-28 11:28:00-04:00,1.5189000368118286,1.5399999618530273,1.5099999904632568,1.5389000177383423,123677,0.0,0.0
2025-04-28 11:29:00-04:00,1.5399999618530273,1.5499999523162842,1.5299999713897705,1.5475000143051147,94158,0.0,0.0
2025-04-28 11:30:00-04:00,1.5489000082015991,1.5499000549316406,1.5399999618530273,1.5419000387191772,66818,0.0,0.0
2025-04-28 11:31:00-04:00,1.5449999570846558,1.5499999523162842,1.5399999618530273,1.5449999570846558,78941,0.0,0.0
2025-04-28 11:32:00-04:00,1.548799991607666,1.600000023841858,1.5399999618530273,1.5896999835968018,363675,0.0,0.0
2025-04-28 11:33:00-04:00,1.590000033378601,1.590000033378601,1.5800000429153442,1.590000033378601,101545,0.0,0.0
2025-04-28 11:34:00-04:00,1.5888999700546265,1.590000033378601,1.5800000429153442,1.5850000381469727,66728,0.0,0.0
2025-04-28 11:35:00-04:00,1.5850000381469727,1.590000033378601,1.5800000429153442,1.580899953842163,32804,0.0,0.0
2025-04-28 11:36:00-04:00,1.5850000381469727,1.590000033378601,1.5800000429153442,1.590000033378601,53054,0.0,0.0
2025-04-28 11:37:00-04:00,1.5891000032424927,1.590000033378601,1.5800000429153442,1.5800000429153442,45296,0.0,0.0
2025-04-28 11:38:00-04:00,1.5801000595092773,1.5896999835968018,1.559999942779541,1.5680999755859375,75793,0.0,0.0
2025-04-28 11:39:00-04:00,1.565000057220459,1.5800000429153442,1.559999942779541,1.5710999965667725,81891,0.0,0.0
2025-04-28 11:40:00-04:00,1.5700000524520874,1.590000033378601,1.5700000524520874,1.5850000381469727,54812,0.0,0.0
2025-04-28 11:41:00-04:00,1.5850000381469727,1.5898000001907349,1.5800000429153442,1.5850000381469727,13600,0.0,0.0
2025-04-28 11:42:00-04:00,1.590000033378601,1.590000033378601,1.559999942779541,1.5700000524520874,25928,0.0,0.0
2025-04-28 11:43:00-04:00,1.5680999755859375,1.5680999755859375,1.5499999523162842,1.559000015258789,50365,0.0,0.0
2025-04-28 11:44:00-04:00,1.5501999855041504,1.559999942779541,1.5499999523162842,1.5598000288009644,50578,0.0,0.0
2025-04-28 11:45:00-04:00,1.5499999523162842,1.559999942779541,1.5499999523162842,1.5549999475479126,47102,0.0,0.0
2025-04-28 11:46:00-04:00,1.5549999475479126,1.5700000524520874,1.5549999475479126,1.5699000358581543,26356,0.0,0.0
2025-04-28 11:47:00-04:00,1.5698000192642212,1.5700000524520874,1.5511000156402588,1.5599000453948975,76005,0.0,0.0
2025-04-28 11:48:00-04:00,1.559000015258789,1.559999942779541,1.5499999523162842,1.5499999523162842,17594,0.0,0.0
2025-04-28 11:49:00-04:00,1.5499999523162842,1.559999942779541,1.5449999570846558,1.548799991607666,50662,0.0,0.0
2025-04-28 11:50:00-04:00,1.5449999570846558,1.5499999523162842,1.5399999618530273,1.5405999422073364,29488,0.0,0.0
2025-04-28 11:51:00-04:00,1.5499999523162842,1.5499999523162842,1.5399999618530273,1.5449999570846558,41888,0.0,0.0
2025-04-28 11:52:00-04:00,1.5449999570846558,1.5499000549316406,1.5399999618530273,1.5484000444412231,24661,0.0,0.0
2025-04-28 11:53:00-04:00,1.5399999618530273,1.5449999570846558,1.5299999713897705,1.5401999950408936,73454,0.0,0.0
2025-04-28 11:54:00-04:00,1.5449999570846558,1.5499999523162842,1.5399999618530273,1.5408999919891357,21170,0.0,0.0
2025-04-28 11:55:00-04:00,1.5498000383377075,1.5800000429153442,1.5449999570846558,1.5800000429153442,129254,0.0,0.0
2025-04-28 11:56:00-04:00,1.5713000297546387,1.5800000429153442,1.5700000524520874,1.5750000476837158,106759,0.0,0.0
2025-04-28 11:57:00-04:00,1.5780999660491943,1.5800000429153442,1.5700000524520874,1.579300045967102,27573,0.0,0.0
2025-04-28 11:58:00-04:00,1.5794999599456787,1.5799000263214111,1.5499999523162842,1.5499999523162842,125354,0.0,0.0
2025-04-28 11:59:00-04:00,1.5399999618530273,1.5499999523162842,1.5399999618530273,1.5449999570846558,18702,0.0,0.0
2025-04-28 12:00:00-04:00,1.5449999570846558,1.5549999475479126,1.5399999618530273,1.5549999475479126,53669,0.0,0.0
2025-04-28 12:01:00-04:00,1.5549999475479126,1.559999942779541,1.548699975013733,1.5499999523162842,16904,0.0,0.0
2025-04-28 12:02:00-04:00,1.5499000549316406,1.5499999523162842,1.5399999618530273,1.5405000448226929,18532,0.0,0.0
2025-04-28 12:03:00-04:00,1.5399999618530273,1.5475000143051147,1.5399999618530273,1.5410000085830688,5392,0.0,0.0
2025-04-28 12:04:00-04:00,1.5449999570846558,1.5549999475479126,1.5399999618530273,1.5499000549316406,35978,0.0,0.0
2025-04-28 12:05:00-04:00,1.5448999404907227,1.559999942779541,1.5401999950408936,1.5507999658584595,63573,0.0,0.0
2025-04-28 12:06:00-04:00,1.5500999689102173,1.559999942779541,1.5399999618530273,1.559999942779541,107010,0.0,0.0
2025-04-28 12:07:00-04:00,1.565000057220459,1.5699000358581543,1.5404000282287598,1.5404000282287598,75827,0.0,0.0
2025-04-28 12:08:00-04:00,1.5449999570846558,1.5499999523162842,1.5399999618530273,1.5499999523162842,22385,0.0,0.0
2025-04-28 12:09:00-04:00,1.5449999570846558,1.5492000579833984,1.5399999618530273,1.5492000579833984,23193,0.0,0.0
2025-04-28 12:10:00-04:00,1.541200041770935,1.5499999523162842,1.5399999618530273,1.5492000579833984,15873,0.0,0.0
2025-04-28 12:11:00-04:00,1.5499999523162842,1.5499999523162842,1.5399999618530273,1.5449999570846558,68913,0.0,0.0
2025-04-28 12:12:00-04:00,1.5399999618530273,1.5499999523162842,1.5199999809265137,1.524999976158142,136851,0.0,0.0
2025-04-28 12:13:00-04:00,1.5200999975204468,1.5299999713897705,1.5199999809265137,1.5299999713897705,19911,0.0,0.0
2025-04-28 12:14:00-04:00,1.534999966621399,1.5499999523162842,1.5300999879837036,1.5407999753952026,30098,0.0,0.0
2025-04-28 12:15:00-04:00,1.549299955368042,1.5549999475479126,1.5391000509262085,1.5391000509262085,55021,0.0,0.0
2025-04-28 12:16:00-04:00,1.5398999452590942,1.5499999523162842,1.5389000177383423,1.5449999570846558,26104,0.0,0.0
2025-04-28 12:17:00-04:00,1.5480999946594238,1.5499000549316406,1.5400999784469604,1.5407999753952026,20473,0.0,0.0
2025-04-28 12:18:00-04:00,1.5499999523162842,1.5700000524520874,1.5410000085830688,1.565000057220459,73165,0.0,0.0
2025-04-28 12:19:00-04:00,1.565000057220459,1.5800000429153442,1.559999942779541,1.5700000524520874,70379,0.0,0.0
2025-04-28 12:20:00-04:00,1.569200038909912,1.5800000429153442,1.559999942779541,1.5700000524520874,35719,0.0,0.0
2025-04-28 12:21:00-04:00,1.5750000476837158,1.5800000429153442,1.5499999523162842,1.5599000453948975,133167,0.0,0.0
2025-04-28 12:22:00-04:00,1.5549999475479126,1.559999942779541,1.5499999523162842,1.559999942779541,22440,0.0,0.0
2025-04-28 12:23:00-04:00,1.5549999475479126,1.559999942779541,1.5511000156402588,1.559000015258789,41536,0.0,0.0
2025-04-28 12:24:00-04:00,1.5499999523162842,1.559999942779541,1.5499999523162842,1.5500999689102173,9207,0.0,0.0
2025-04-28 12:25:00-04:00,1.5499999523162842,1.5599000453948975,1.5399999618530273,1.5449999570846558,43800,0.0,0.0
2025-04-28 12:26:00-04:00,1.5449999570846558,1.559999942779541,1.5399999618530273,1.5549999475479126,51970,0.0,0.0
2025-04-28 12:27:00-04:00,1.5597000122070312,1.559999942779541,1.5499999523162842,1.5549999475479126,12969,0.0,0.0
2025-04-28 12:28:00-04:00,1.5549999475479126,1.559999942779541,1.5499999523162842,1.5499999523162842,33139,0.0,0.0
2025-04-28 12:29:00-04:00,1.5497000217437744,1.5499999523162842,1.5399999618530273,1.5499000549316406,33494,0.0,0.0
2025-04-28 12:30:00-04:00,1.5408999919891357,1.548799991607666,1.5299999713897705,1.5400999784469604,58484,0.0,0.0
2025-04-28 12:31:00-04:00,1.5400999784469604,1.5599000453948975,1.5400999784469604,1.559499979019165,17475,0.0,0.0
2025-04-28 12:32:00-04:00,1.5543999671936035,1.5799000263214111,1.5500999689102173,1.5708999633789062,48797,0.0,0.0
2025-04-28 12:33:00-04:00,1.579800009727478,1.590000033378601,1.5700000524520874,1.580899953842163,131559,0.0,0.0
2025-04-28 12:34:00-04:00,1.5884000062942505,1.600000023841858,1.5800000429153442,1.5850000381469727,204096,0.0,0.0
2025-04-28 12:35:00-04:00,1.590000033378601,1.590000033378601,1.5700000524520874,1.5800000429153442,49926,0.0,0.0
2025-04-28 12:36:00-04:00,1.5700000524520874,1.5799000263214111,1.5700000524520874,1.5750000476837158,23975,0.0,0.0
2025-04-28 12:37:00-04:00,1.5750000476837158,1.5750000476837158,1.5499999523162842,1.5549999475479126,85327,0.0,0.0
2025-04-28 12:38:00-04:00,1.5549999475479126,1.5549999475479126,1.5399999618530273,1.5497000217437744,48130,0.0,0.0
2025-04-28 12:39:00-04:00,1.5499999523162842,1.559999942779541,1.5499999523162842,1.5549999475479126,35333,0.0,0.0
2025-04-28 12:40:00-04:00,1.5549999475479126,1.559999942779541,1.5403000116348267,1.5449999570846558,57834,0.0,0.0
2025-04-28 12:41:00-04:00,1.5492000579833984,1.5499000549316406,1.5399999618530273,1.5449999570846558,53876,0.0,0.0
2025-04-28 12:42:00-04:00,1.5499000549316406,1.5499000549316406,1.5299999713897705,1.5299999713897705,81152,0.0,0.0
2025-04-28 12:43:00-04:00,1.5399999618530273,1.5399999618530273,1.5299999713897705,1.5300999879837036,29617,0.0,0.0
2025-04-28 12:44:00-04:00,1.5389000177383423,1.5492000579833984,1.5299999713897705,1.5492000579833984,36050,0.0,0.0
2025-04-28 12:45:00-04:00,1.5399999618530273,1.5449999570846558,1.5299999713897705,1.541100025177002,61377,0.0,0.0
2025-04-28 12:46:00-04:00,1.5399999618530273,1.5499999523162842,1.5399999618530273,1.5399999618530273,17026,0.0,0.0
2025-04-28 12:47:00-04:00,1.5399999618530273,1.5449999570846558,1.5299999713897705,1.5399999618530273,56003,0.0,0.0
2025-04-28 12:48:00-04:00,1.5398999452590942,1.5498000383377075,1.5299999713897705,1.5398999452590942,47844,0.0,0.0
2025-04-28 12:49:00-04:00,1.5299999713897705,1.5499000549316406,1.5299999713897705,1.5413000583648682,52465,0.0,0.0
2025-04-28 12:50:00-04:00,1.5499999523162842,1.5499999523162842,1.5299999713897705,1.5410000085830688,42614,0.0,0.0
2025-04-28 12:51:00-04:00,1.5399999618530273,1.5399999618530273,1.5199999809265137,1.5298999547958374,82407,0.0,0.0
2025-04-28 12:52:00-04:00,1.524999976158142,1.5298999547958374,1.5,1.5098999738693237,306868,0.0,0.0
2025-04-28 12:53:00-04:00,1.5198999643325806,1.5198999643325806,1.5099999904632568,1.5099999904632568,45235,0.0,0.0
2025-04-28 12:54:00-04:00,1.5110000371932983,1.5199999809265137,1.5099999904632568,1.5199999809265137,61911,0.0,0.0
2025-04-28 12:55:00-04:00,1.5149999856948853,1.5199999809265137,1.5049999952316284,1.5149999856948853,77384,0.0,0.0
2025-04-28 12:56:00-04:00,1.5099999904632568,1.5103000402450562,1.5,1.5049999952316284,81869,0.0,0.0
2025-04-28 12:57:00-04:00,1.5099999904632568,1.5299999713897705,1.5,1.519700050354004,82498,0.0,0.0
2025-04-28 12:58:00-04:00,1.5135999917984009,1.5299999713897705,1.5099999904632568,1.5199999809265137,93855,0.0,0.0
2025-04-28 12:59:00-04:00,1.5247999429702759,1.5299999713897705,1.5199999809265137,1.524999976158142,30250,0.0,0.0
2025-04-28 13:00:00-04:00,1.5199999809265137,1.5399999618530273,1.5199999809265137,1.5398999452590942,95334,0.0,0.0
2025-04-28 13:01:00-04:00,1.5389000177383423,1.539199948310852,1.5299999713897705,1.5307999849319458,10893,0.0,0.0
2025-04-28 13:02:00-04:00,1.5399999618530273,1.5399999618530273,1.5299999713897705,1.534999966621399,18654,0.0,0.0
2025-04-28 13:03:00-04:00,1.534999966621399,1.5399999618530273,1.5299999713897705,1.5299999713897705,9611,0.0,0.0
2025-04-28 13:04:00-04:00,1.534999966621399,1.5399999618530273,1.5299999713897705,1.5307999849319458,13909,0.0,0.0
2025-04-28 13:05:00-04:00,1.5398999452590942,1.5399999618530273,1.5299999713897705,1.5391000509262085,17498,0.0,0.0
2025-04-28 13:06:00-04:00,1.5299999713897705,1.5499999523162842,1.5299999713897705,1.5499000549316406,42046,0.0,0.0
2025-04-28 13:07:00-04:00,1.5424000024795532,1.559999942779541,1.5424000024795532,1.5599000453948975,76192,0.0,0.0
2025-04-28 13:08:00-04:00,1.5499999523162842,1.559999942779541,1.5499999523162842,1.5598000288009644,105490,0.0,0.0
2025-04-28 13:09:00-04:00,1.5587999820709229,1.559999942779541,1.5499999523162842,1.5549999475479126,71150,0.0,0.0
2025-04-28 13:10:00-04:00,1.5543999671936035,1.559999942779541,1.5399999618530273,1.5400999784469604,74109,0.0,0.0
2025-04-28 13:11:00-04:00,1.5499999523162842,1.559999942779541,1.5426000356674194,1.5499999523162842,27714,0.0,0.0
2025-04-28 13:12:00-04:00,1.5549999475479126,1.5599000453948975,1.5503000020980835,1.5549999475479126,14969,0.0,0.0
2025-04-28 13:13:00-04:00,1.5549999475479126,1.559999942779541,1.5499999523162842,1.559999942779541,17305,0.0,0.0
2025-04-28 13:14:00-04:00,1.5598000288009644,1.5598000288009644,1.5499999523162842,1.5499999523162842,8237,0.0,0.0
2025-04-28 13:15:00-04:00,1.5592000484466553,1.559999942779541,1.5399999618530273,1.5399999618530273,29415,0.0,0.0
2025-04-28 13:16:00-04:00,1.5490000247955322,1.5499999523162842,1.5399999618530273,1.5449999570846558,6736,0.0,0.0
2025-04-28 13:17:00-04:00,1.5449999570846558,1.5499999523162842,1.5399999618530273,1.5405999422073364,27128,0.0,0.0
2025-04-28 13:18:00-04:00,1.548799991607666,1.5598000288009644,1.5400999784469604,1.5592000484466553,40656,0.0,0.0
2025-04-28 13:19:00-04:00,1.5549999475479126,1.5599000453948975,1.5499999523162842,1.5549999475479126,5633,0.0,0.0
2025-04-28 13:20:00-04:00,1.5506000518798828,1.5592000484466553,1.5499999523162842,1.5499999523162842,7567,0.0,0.0
2025-04-28 13:21:00-04:00,1.5507999658584595,1.559999942779541,1.5449999570846558,1.5499999523162842,86191,0.0,0.0
2025-04-28 13:22:00-04:00,1.5499999523162842,1.559999942779541,1.5499999523162842,1.5543999671936035,33498,0.0,0.0
2025-04-28 13:23:00-04:00,1.5500999689102173,1.559999942779541,1.5499999523162842,1.5549999475479126,12947,0.0,0.0
2025-04-28 13:24:00-04:00,1.5505000352859497,1.5800000429153442,1.5505000352859497,1.5800000429153442,78622,0.0,0.0
2025-04-28 13:25:00-04:00,1.57260000705719,1.5800000429153442,1.5700000524520874,1.5791000127792358,40600,0.0,0.0
2025-04-28 13:26:00-04:00,1.5800000429153442,1.5800000429153442,1.5700000524520874,1.5800000429153442,111202,0.0,0.0
2025-04-28 13:27:00-04:00,1.5800000429153442,1.600000023841858,1.5700000524520874,1.5850000381469727,93356,0.0,0.0
2025-04-28 13:28:00-04:00,1.5810999870300293,1.590000033378601,1.5800000429153442,1.5805000066757202,79206,0.0,0.0
2025-04-28 13:29:00-04:00,1.5800000429153442,1.590000033378601,1.5705000162124634,1.5706000328063965,62241,0.0,0.0
2025-04-28 13:30:00-04:00,1.5750000476837158,1.6399999856948853,1.5700000524520874,1.6200000047683716,335573,0.0,0.0
2025-04-28 13:31:00-04:00,1.6201000213623047,1.6699999570846558,1.6200000047683716,1.6601999998092651,394316,0.0,0.0
2025-04-28 13:32:00-04:00,1.6649999618530273,1.6699999570846558,1.649999976158142,1.6698999404907227,197279,0.0,0.0
2025-04-28 13:33:00-04:00,1.6649999618530273,1.6699999570846558,1.659999966621399,1.6699999570846558,142934,0.0,0.0
2025-04-28 13:34:00-04:00,1.6699999570846558,1.7000000476837158,1.659999966621399,1.6799999475479126,381171,0.0,0.0
2025-04-28 13:35:00-04:00,1.6794999837875366,1.6799999475479126,1.6699999570846558,1.6749999523162842,82515,0.0,0.0
2025-04-28 13:36:00-04:00,1.679800033569336,1.6799999475479126,1.6699999570846558,1.6792999505996704,78817,0.0,0.0
2025-04-28 13:37:00-04:00,1.6711000204086304,1.6799999475479126,1.649999976158142,1.6549999713897705,184175,0.0,0.0
2025-04-28 13:38:00-04:00,1.649999976158142,1.6699999570846558,1.649999976158142,1.6601999998092651,40536,0.0,0.0
2025-04-28 13:39:00-04:00,1.6603000164031982,1.6699999570846558,1.659999966621399,1.659999966621399,51805,0.0,0.0
2025-04-28 13:40:00-04:00,1.659999966621399,1.660099983215332,1.6399999856948853,1.6449999809265137,83603,0.0,0.0
2025-04-28 13:41:00-04:00,1.6401000022888184,1.679900050163269,1.6401000022888184,1.6780999898910522,65271,0.0,0.0
2025-04-28 13:42:00-04:00,1.670799970626831,1.6799999475479126,1.6699999570846558,1.6699999570846558,29833,0.0,0.0
2025-04-28 13:43:00-04:00,1.6756999492645264,1.6792000532150269,1.6399999856948853,1.6649999618530273,79100,0.0,0.0
2025-04-28 13:44:00-04:00,1.6649999618530273,1.6693999767303467,1.649999976158142,1.6549999713897705,15696,0.0,0.0
2025-04-28 13:45:00-04:00,1.6510000228881836,1.659999966621399,1.649999976158142,1.6598999500274658,21151,0.0,0.0
2025-04-28 13:46:00-04:00,1.6500999927520752,1.6598999500274658,1.649999976158142,1.649999976158142,23148,0.0,0.0
2025-04-28 13:47:00-04:00,1.6549999713897705,1.6799999475479126,1.6549999713897705,1.6749999523162842,77339,0.0,0.0
2025-04-28 13:48:00-04:00,1.6749999523162842,1.6799999475479126,1.6699999570846558,1.6746000051498413,63325,0.0,0.0
2025-04-28 13:49:00-04:00,1.6699999570846558,1.6799999475479126,1.6699999570846558,1.6699999570846558,28742,0.0,0.0
2025-04-28 13:50:00-04:00,1.6699999570846558,1.6799999475479126,1.6699999570846558,1.6793999671936035,43238,0.0,0.0
2025-04-28 13:51:00-04:00,1.6710000038146973,1.6799999475479126,1.6699999570846558,1.679900050163269,39576,0.0,0.0
2025-04-28 13:52:00-04:00,1.6699999570846558,1.7000000476837158,1.6699999570846558,1.6950000524520874,146854,0.0,0.0
2025-04-28 13:53:00-04:00,1.6988999843597412,1.7100000381469727,1.690000057220459,1.7096999883651733,229306,0.0,0.0
2025-04-28 13:54:00-04:00,1.7050000429153442,1.7100000381469727,1.7000000476837158,1.7050000429153442,92312,0.0,0.0
2025-04-28 13:55:00-04:00,1.7050000429153442,1.7099000215530396,1.6799999475479126,1.6800999641418457,189216,0.0,0.0
2025-04-28 13:56:00-04:00,1.684999942779541,1.7000000476837158,1.6799999475479126,1.6943999528884888,30608,0.0,0.0
2025-04-28 13:57:00-04:00,1.6972999572753906,1.6990000009536743,1.690000057220459,1.6900999546051025,13665,0.0,0.0
2025-04-28 13:58:00-04:00,1.6900999546051025,1.698799967765808,1.6799999475479126,1.6799999475479126,58464,0.0,0.0
2025-04-28 13:59:00-04:00,1.6799999475479126,1.690000057220459,1.6799999475479126,1.690000057220459,22724,0.0,0.0
2025-04-28 14:00:00-04:00,1.690000057220459,1.690000057220459,1.659999966621399,1.6711000204086304,40873,0.0,0.0
2025-04-28 14:01:00-04:00,1.6749999523162842,1.6799999475479126,1.6699999570846558,1.6797000169754028,36204,0.0,0.0
2025-04-28 14:02:00-04:00,1.6748000383377075,1.6799999475479126,1.6699999570846558,1.6705000400543213,27647,0.0,0.0
2025-04-28 14:03:00-04:00,1.6749999523162842,1.6749999523162842,1.649999976158142,1.6507999897003174,134094,0.0,0.0
2025-04-28 14:04:00-04:00,1.649999976158142,1.659999966621399,1.649999976158142,1.65910005569458,50795,0.0,0.0
2025-04-28 14:05:00-04:00,1.6549999713897705,1.6589000225067139,1.649999976158142,1.6549999713897705,23818,0.0,0.0
2025-04-28 14:06:00-04:00,1.649999976158142,1.6598999500274658,1.649999976158142,1.6549999713897705,30600,0.0,0.0
2025-04-28 14:07:00-04:00,1.6549999713897705,1.6699999570846558,1.6502000093460083,1.6698999404907227,126021,0.0,0.0
2025-04-28 14:08:00-04:00,1.6649999618530273,1.6699999570846558,1.659999966621399,1.659999966621399,17409,0.0,0.0
2025-04-28 14:09:00-04:00,1.6698999404907227,1.6699999570846558,1.659999966621399,1.6649999618530273,14767,0.0,0.0
2025-04-28 14:10:00-04:00,1.6690000295639038,1.6699999570846558,1.649999976158142,1.6510000228881836,7693,0.0,0.0
2025-04-28 14:11:00-04:00,1.659999966621399,1.659999966621399,1.649999976158142,1.649999976158142,20601,0.0,0.0
2025-04-28 14:12:00-04:00,1.6589000225067139,1.6607999801635742,1.649999976158142,1.6607999801635742,19906,0.0,0.0
2025-04-28 14:13:00-04:00,1.6649999618530273,1.6691999435424805,1.659999966621399,1.6649999618530273,8097,0.0,0.0
2025-04-28 14:14:00-04:00,1.6699999570846558,1.6799999475479126,1.659999966621399,1.6710000038146973,63209,0.0,0.0
2025-04-28 14:15:00-04:00,1.6749999523162842,1.7000000476837158,1.6699999570846558,1.6749999523162842,101588,0.0,0.0
2025-04-28 14:16:00-04:00,1.6792999505996704,1.6799999475479126,1.6699999570846558,1.6725000143051147,13046,0.0,0.0
2025-04-28 14:17:00-04:00,1.6791000366210938,1.6799999475479126,1.659999966621399,1.6649999618530273,52582,0.0,0.0
2025-04-28 14:18:00-04:00,1.6610000133514404,1.6698999404907227,1.6603000164031982,1.6692999601364136,8754,0.0,0.0
2025-04-28 14:19:00-04:00,1.6649999618530273,1.6699999570846558,1.6649999618530273,1.6699999570846558,3258,0.0,0.0
2025-04-28 14:20:00-04:00,1.6649999618530273,1.6698999404907227,1.659999966621399,1.6692999601364136,7239,0.0,0.0
2025-04-28 14:21:00-04:00,1.6698999404907227,1.690000057220459,1.6649999618530273,1.6800999641418457,46141,0.0,0.0
2025-04-28 14:22:00-04:00,1.684999942779541,1.690000057220459,1.6799999475479126,1.690000057220459,25228,0.0,0.0
2025-04-28 14:23:00-04:00,1.690000057220459,1.690000057220459,1.6699999570846558,1.6699999570846558,31878,0.0,0.0
2025-04-28 14:24:00-04:00,1.6744999885559082,1.6799999475479126,1.6699999570846558,1.6699999570846558,4351,0.0,0.0
2025-04-28 14:25:00-04:00,1.6699999570846558,1.6799999475479126,1.659999966621399,1.6607999801635742,18812,0.0,0.0
2025-04-28 14:26:00-04:00,1.6693999767303467,1.6698999404907227,1.659999966621399,1.660599946975708,19649,0.0,0.0
2025-04-28 14:27:00-04:00,1.6607999801635742,1.6699999570846558,1.659999966621399,1.659999966621399,14456,0.0,0.0
2025-04-28 14:28:00-04:00,1.6649999618530273,1.7000000476837158,1.6649999618530273,1.6907999515533447,143729,0.0,0.0
2025-04-28 14:29:00-04:00,1.6950000524520874,1.6950000524520874,1.6799999475479126,1.680999994277954,39482,0.0,0.0
2025-04-28 14:30:00-04:00,1.6799999475479126,1.690000057220459,1.674399971961975,1.6797000169754028,17411,0.0,0.0
2025-04-28 14:31:00-04:00,1.6749999523162842,1.6897000074386597,1.6713000535964966,1.679900050163269,24307,0.0,0.0
2025-04-28 14:32:00-04:00,1.6749999523162842,1.6799999475479126,1.6699999570846558,1.679900050163269,23002,0.0,0.0
2025-04-28 14:33:00-04:00,1.6749999523162842,1.6799999475479126,1.6699999570846558,1.670799970626831,12571,0.0,0.0
2025-04-28 14:34:00-04:00,1.6799999475479126,1.6799999475479126,1.6699999570846558,1.6749999523162842,12593,0.0,0.0
2025-04-28 14:35:00-04:00,1.6799999475479126,1.6799999475479126,1.6699999570846558,1.6749999523162842,6803,0.0,0.0
2025-04-28 14:36:00-04:00,1.6748000383377075,1.6799999475479126,1.6699999570846558,1.6749999523162842,33865,0.0,0.0
2025-04-28 14:37:00-04:00,1.6726000308990479,1.6799999475479126,1.6699999570846558,1.6749999523162842,11434,0.0,0.0
2025-04-28 14:38:00-04:00,1.6756000518798828,1.679900050163269,1.659999966621399,1.659999966621399,34197,0.0,0.0
2025-04-28 14:39:00-04:00,1.6619999408721924,1.690000057220459,1.659999966621399,1.684999942779541,56762,0.0,0.0
2025-04-28 14:40:00-04:00,1.6800999641418457,1.7000000476837158,1.6800999641418457,1.6848000288009644,101503,0.0,0.0
2025-04-28 14:41:00-04:00,1.690000057220459,1.6956000328063965,1.6799999475479126,1.6956000328063965,19908,0.0,0.0
2025-04-28 14:42:00-04:00,1.6988999843597412,1.7050000429153442,1.690000057220459,1.690000057220459,136983,0.0,0.0
2025-04-28 14:43:00-04:00,1.6993999481201172,1.6998000144958496,1.690000057220459,1.6998000144958496,33109,0.0,0.0
2025-04-28 14:44:00-04:00,1.6950000524520874,1.7000000476837158,1.6799999475479126,1.6799999475479126,17073,0.0,0.0
2025-04-28 14:45:00-04:00,1.6799999475479126,1.690000057220459,1.6799999475479126,1.6799999475479126,25356,0.0,0.0
2025-04-28 14:46:00-04:00,1.6800999641418457,1.6800999641418457,1.6699999570846558,1.6699999570846558,40685,0.0,0.0
2025-04-28 14:47:00-04:00,1.6749999523162842,1.679900050163269,1.6699999570846558,1.679900050163269,28687,0.0,0.0
2025-04-28 14:48:00-04:00,1.6749999523162842,1.679900050163269,1.6699999570846558,1.6699999570846558,31920,0.0,0.0
2025-04-28 14:49:00-04:00,1.6787999868392944,1.6787999868392944,1.6699999570846558,1.6700999736785889,32272,0.0,0.0
2025-04-28 14:50:00-04:00,1.6749999523162842,1.6799999475479126,1.6200000047683716,1.6349999904632568,418088,0.0,0.0
2025-04-28 14:51:00-04:00,1.6399999856948853,1.6399999856948853,1.6200000047683716,1.621000051498413,120544,0.0,0.0
2025-04-28 14:52:00-04:00,1.6200000047683716,1.6399999856948853,1.6200000047683716,1.6390999555587769,97053,0.0,0.0
2025-04-28 14:53:00-04:00,1.6399999856948853,1.6399999856948853,1.6200000047683716,1.625,26624,0.0,0.0
2025-04-28 14:54:00-04:00,1.625,1.6299999952316284,1.6200000047683716,1.6298999786376953,15862,0.0,0.0
2025-04-28 14:55:00-04:00,1.625,1.6349999904632568,1.625,1.6349999904632568,25339,0.0,0.0
2025-04-28 14:56:00-04:00,1.6349999904632568,1.649999976158142,1.6349999904632568,1.6398999691009521,52989,0.0,0.0
2025-04-28 14:57:00-04:00,1.6299999952316284,1.6399999856948853,1.6299999952316284,1.6398999691009521,26316,0.0,0.0
2025-04-28 14:58:00-04:00,1.6299999952316284,1.6398999691009521,1.6299999952316284,1.6389000415802002,5721,0.0,0.0
2025-04-28 14:59:00-04:00,1.6399999856948853,1.6399999856948853,1.6200000047683716,1.6289000511169434,24072,0.0,0.0
2025-04-28 15:00:00-04:00,1.625,1.6299999952316284,1.6201000213623047,1.6299999952316284,10904,0.0,0.0
2025-04-28 15:01:00-04:00,1.621999979019165,1.6397000551223755,1.621999979019165,1.6397000551223755,15218,0.0,0.0
2025-04-28 15:02:00-04:00,1.6349999904632568,1.6399999856948853,1.6100000143051147,1.6102999448776245,79670,0.0,0.0
2025-04-28 15:03:00-04:00,1.6150000095367432,1.6198999881744385,1.6100000143051147,1.6195000410079956,18033,0.0,0.0
2025-04-28 15:04:00-04:00,1.6150000095367432,1.6198999881744385,1.590000033378601,1.6050000190734863,173671,0.0,0.0
2025-04-28 15:05:00-04:00,1.6008000373840332,1.6098999977111816,1.600000023841858,1.6098999977111816,43232,0.0,0.0
2025-04-28 15:06:00-04:00,1.6088999509811401,1.6100000143051147,1.600000023841858,1.6018999814987183,31787,0.0,0.0
2025-04-28 15:07:00-04:00,1.600000023841858,1.6299999952316284,1.600000023841858,1.625,91548,0.0,0.0
2025-04-28 15:08:00-04:00,1.625,1.625,1.6150000095367432,1.6190999746322632,16020,0.0,0.0
2025-04-28 15:09:00-04:00,1.6150000095367432,1.6191999912261963,1.6100000143051147,1.6101000308990479,6547,0.0,0.0
2025-04-28 15:10:00-04:00,1.6104999780654907,1.6150000095367432,1.6100000143051147,1.6100000143051147,5633,0.0,0.0
2025-04-28 15:11:00-04:00,1.6109000444412231,1.6191999912261963,1.590000033378601,1.5988999605178833,58659,0.0,0.0
2025-04-28 15:12:00-04:00,1.5950000286102295,1.5990999937057495,1.5700000524520874,1.5901000499725342,110800,0.0,0.0
2025-04-28 15:13:00-04:00,1.5950000286102295,1.600000023841858,1.590000033378601,1.590000033378601,7568,0.0,0.0
2025-04-28 15:14:00-04:00,1.590000033378601,1.5999000072479248,1.5800000429153442,1.5800000429153442,22885,0.0,0.0
2025-04-28 15:15:00-04:00,1.589900016784668,1.6100000143051147,1.5801000595092773,1.6100000143051147,51651,0.0,0.0
2025-04-28 15:16:00-04:00,1.608199954032898,1.6299999952316284,1.608199954032898,1.6188000440597534,102334,0.0,0.0
2025-04-28 15:17:00-04:00,1.6101000308990479,1.6200000047683716,1.6100000143051147,1.6100000143051147,24244,0.0,0.0
2025-04-28 15:18:00-04:00,1.6101000308990479,1.6299999952316284,1.6100000143051147,1.625,41060,0.0,0.0
2025-04-28 15:19:00-04:00,1.625,1.6299999952316284,1.6200000047683716,1.6295000314712524,34295,0.0,0.0
2025-04-28 15:20:00-04:00,1.625,1.6298999786376953,1.6200000047683716,1.62090003490448,7571,0.0,0.0
2025-04-28 15:21:00-04:00,1.6289000511169434,1.6295000314712524,1.6150000095367432,1.6150000095367432,21306,0.0,0.0
2025-04-28 15:22:00-04:00,1.611199975013733,1.6190999746322632,1.5910999774932861,1.5910999774932861,58897,0.0,0.0
2025-04-28 15:23:00-04:00,1.590999960899353,1.5950000286102295,1.5800000429153442,1.5888999700546265,40063,0.0,0.0
2025-04-28 15:24:00-04:00,1.5800000429153442,1.5850000381469727,1.5499999523162842,1.5501999855041504,235362,0.0,0.0
2025-04-28 15:25:00-04:00,1.5499999523162842,1.559999942779541,1.5499999523162842,1.5549999475479126,27596,0.0,0.0
2025-04-28 15:26:00-04:00,1.5579999685287476,1.559999942779541,1.5499999523162842,1.5599000453948975,42615,0.0,0.0
2025-04-28 15:27:00-04:00,1.5592000484466553,1.5592000484466553,1.5299999713897705,1.5449999570846558,160343,0.0,0.0
2025-04-28 15:28:00-04:00,1.5449999570846558,1.5499999523162842,1.5399999618530273,1.5399999618530273,29014,0.0,0.0
2025-04-28 15:29:00-04:00,1.5399999618530273,1.5499000549316406,1.524999976158142,1.5299999713897705,137592,0.0,0.0
2025-04-28 15:30:00-04:00,1.534999966621399,1.5399999618530273,1.5299999713897705,1.534999966621399,54814,0.0,0.0
2025-04-28 15:31:00-04:00,1.5299999713897705,1.5399999618530273,1.5099999904632568,1.5099999904632568,89433,0.0,0.0
2025-04-28 15:32:00-04:00,1.5199999809265137,1.5199999809265137,1.4800000190734863,1.4836000204086304,274655,0.0,0.0
2025-04-28 15:33:00-04:00,1.48989999294281,1.5,1.4800000190734863,1.4850000143051147,107105,0.0,0.0
2025-04-28 15:34:00-04:00,1.4850000143051147,1.4900000095367432,1.4800000190734863,1.4850000143051147,91272,0.0,0.0
2025-04-28 15:35:00-04:00,1.4810999631881714,1.4810999631881714,1.4500000476837158,1.4602999687194824,230679,0.0,0.0
2025-04-28 15:36:00-04:00,1.465000033378601,1.465000033378601,1.440000057220459,1.448799967765808,124147,0.0,0.0
2025-04-28 15:37:00-04:00,1.4488999843597412,1.4500000476837158,1.4199999570846558,1.4299999475479126,234358,0.0,0.0
2025-04-28 15:38:00-04:00,1.4299999475479126,1.4299999475479126,1.3799999952316284,1.3901000022888184,496830,0.0,0.0
2025-04-28 15:39:00-04:00,1.399999976158142,1.440000057220459,1.399999976158142,1.4297000169754028,134727,0.0,0.0
2025-04-28 15:40:00-04:00,1.427299976348877,1.4600000381469727,1.4200999736785889,1.4598000049591064,194523,0.0,0.0
2025-04-28 15:41:00-04:00,1.4594999551773071,1.4800000190734863,1.4500000476837158,1.475000023841858,226636,0.0,0.0
2025-04-28 15:42:00-04:00,1.4718999862670898,1.4800000190734863,1.4500000476837158,1.4600000381469727,116347,0.0,0.0
2025-04-28 15:43:00-04:00,1.4570000171661377,1.4699000120162964,1.4500999450683594,1.4699000120162964,36664,0.0,0.0
2025-04-28 15:44:00-04:00,1.465000033378601,1.4900000095367432,1.4605000019073486,1.4799000024795532,67839,0.0,0.0
2025-04-28 15:45:00-04:00,1.4726999998092651,1.4800000190734863,1.4700000286102295,1.4800000190734863,16945,0.0,0.0
2025-04-28 15:46:00-04:00,1.4789999723434448,1.4800000190734863,1.4700000286102295,1.4709999561309814,76513,0.0,0.0
2025-04-28 15:47:00-04:00,1.4788999557495117,1.4800000190734863,1.4700000286102295,1.4700000286102295,51402,0.0,0.0
2025-04-28 15:48:00-04:00,1.4700000286102295,1.4800000190734863,1.4500999450683594,1.4500999450683594,71588,0.0,0.0
2025-04-28 15:49:00-04:00,1.4550000429153442,1.4600000381469727,1.4299999475479126,1.434999942779541,127118,0.0,0.0
2025-04-28 15:50:00-04:00,1.4299999475479126,1.4394999742507935,1.3600000143051147,1.3698999881744385,382834,0.0,0.0
2025-04-28 15:51:00-04:00,1.3700000047683716,1.3700000047683716,1.3350000381469727,1.3487999439239502,321497,0.0,0.0
2025-04-28 15:52:00-04:00,1.3450000286102295,1.350000023841858,1.340000033378601,1.3450000286102295,129568,0.0,0.0
2025-04-28 15:53:00-04:00,1.3408000469207764,1.3899999856948853,1.3408000469207764,1.3849999904632568,198712,0.0,0.0
2025-04-28 15:54:00-04:00,1.3849999904632568,1.3899999856948853,1.3550000190734863,1.3598999977111816,215048,0.0,0.0
2025-04-28 15:55:00-04:00,1.3526999950408936,1.3700000047683716,1.350000023841858,1.3696999549865723,169730,0.0,0.0
2025-04-28 15:56:00-04:00,1.3605999946594238,1.3799999952316284,1.3600000143051147,1.3792999982833862,81900,0.0,0.0
2025-04-28 15:57:00-04:00,1.3798999786376953,1.3799999952316284,1.3700000047683716,1.3700000047683716,103029,0.0,0.0
2025-04-28 15:58:00-04:00,1.375,1.3796000480651855,1.350000023841858,1.3598999977111816,134782,0.0,0.0
2025-04-28 15:59:00-04:00,1.350000023841858,1.3600000143051147,1.309999942779541,1.3250000476837158,561999,0.0,0.0
2025-04-29 09:30:00-04:00,1.559999942779541,1.5700000524520874,1.5099999904632568,1.51010000705719,4423659,0.0,0.0
2025-04-29 09:31:00-04:00,1.5099999904632568,1.5099999904632568,1.4800000190734863,1.4900000095367432,213521,0.0,0.0
2025-04-29 09:32:00-04:00,1.4900000095367432,1.5399999618530273,1.4801000356674194,1.500100016593933,295978,0.0,0.0
2025-04-29 09:33:00-04:00,1.500100016593933,1.5199999809265137,1.5,1.500100016593933,91102,0.0,0.0
2025-04-29 09:34:00-04:00,1.5049999952316284,1.5199999809265137,1.5,1.5091999769210815,94361,0.0,0.0
2025-04-29 09:35:00-04:00,1.5074000358581543,1.5298999547958374,1.500100016593933,1.524999976158142,84387,0.0,0.0
2025-04-29 09:36:00-04:00,1.524999976158142,1.5399999618530273,1.5235999822616577,1.5399999618530273,117011,0.0,0.0
2025-04-29 09:37:00-04:00,1.5398999452590942,1.5399999618530273,1.5,1.5011999607086182,68978,0.0,0.0
2025-04-29 09:38:00-04:00,1.5049999952316284,1.5191999673843384,1.4600000381469727,1.475000023841858,281954,0.0,0.0
2025-04-29 09:39:00-04:00,1.475000023841858,1.4800000190734863,1.4700000286102295,1.475000023841858,72278,0.0,0.0
2025-04-29 09:40:00-04:00,1.4800000190734863,1.5,1.4800000190734863,1.4917999505996704,69248,0.0,0.0
2025-04-29 09:41:00-04:00,1.4950000047683716,1.5,1.4900000095367432,1.4901000261306763,49009,0.0,0.0
2025-04-29 09:42:00-04:00,1.4955999851226807,1.5,1.4299999475479126,1.4699000120162964,294153,0.0,0.0
2025-04-29 09:43:00-04:00,1.4700000286102295,1.5399999618530273,1.465000033378601,1.5099999904632568,181141,0.0,0.0
2025-04-29 09:44:00-04:00,1.5002000331878662,1.5099999904632568,1.4800000190734863,1.4902000427246094,132582,0.0,0.0
2025-04-29 09:45:00-04:00,1.5,1.5081000328063965,1.4900000095367432,1.4950000047683716,50339,0.0,0.0
2025-04-29 09:46:00-04:00,1.4909000396728516,1.5,1.4900000095367432,1.4950000047683716,33902,0.0,0.0
2025-04-29 09:47:00-04:00,1.4901000261306763,1.5,1.4701000452041626,1.475000023841858,72652,0.0,0.0
2025-04-29 09:48:00-04:00,1.4700000286102295,1.4800000190734863,1.4700000286102295,1.4700000286102295,46660,0.0,0.0
2025-04-29 09:49:00-04:00,1.4701000452041626,1.4900000095367432,1.4700000286102295,1.4850000143051147,64285,0.0,0.0
2025-04-29 09:50:00-04:00,1.4801000356674194,1.5299999713897705,1.4800000190734863,1.5099999904632568,105149,0.0,0.0
2025-04-29 09:51:00-04:00,1.5044000148773193,1.5098999738693237,1.5,1.5,21600,0.0,0.0
2025-04-29 09:52:00-04:00,1.5049999952316284,1.5099999904632568,1.5,1.5049999952316284,28839,0.0,0.0
2025-04-29 09:53:00-04:00,1.5089000463485718,1.5099999904632568,1.5010000467300415,1.5099999904632568,25838,0.0,0.0
2025-04-29 09:54:00-04:00,1.5096999406814575,1.5210000276565552,1.5026999711990356,1.5199999809265137,152893,0.0,0.0
2025-04-29 09:55:00-04:00,1.5117000341415405,1.5199999809265137,1.4900000095367432,1.5197999477386475,76590,0.0,0.0
2025-04-29 09:56:00-04:00,1.5189000368118286,1.5199999809265137,1.5099999904632568,1.5189000368118286,19055,0.0,0.0
2025-04-29 09:57:00-04:00,1.5198999643325806,1.5198999643325806,1.4900000095367432,1.5051000118255615,57783,0.0,0.0
2025-04-29 09:58:00-04:00,1.500100016593933,1.5041999816894531,1.4901000261306763,1.4901000261306763,24175,0.0,0.0
2025-04-29 09:59:00-04:00,1.4990999698638916,1.5,1.4901000261306763,1.499899983406067,67875,0.0,0.0
2025-04-29 10:00:00-04:00,1.5,1.5099999904632568,1.5,1.500499963760376,74438,0.0,0.0
2025-04-29 10:01:00-04:00,1.5,1.5,1.4900000095367432,1.498900055885315,22306,0.0,0.0
2025-04-29 10:02:00-04:00,1.4950000047683716,1.5,1.4900000095367432,1.4950000047683716,44498,0.0,0.0
2025-04-29 10:03:00-04:00,1.4900000095367432,1.5,1.4700000286102295,1.4752000570297241,126451,0.0,0.0
2025-04-29 10:04:00-04:00,1.4707000255584717,1.4799000024795532,1.4700000286102295,1.475000023841858,45919,0.0,0.0
2025-04-29 10:05:00-04:00,1.475000023841858,1.5,1.475000023841858,1.499899983406067,55378,0.0,0.0
2025-04-29 10:06:00-04:00,1.4950000047683716,1.5,1.4800000190734863,1.482200026512146,45460,0.0,0.0
2025-04-29 10:07:00-04:00,1.4801000356674194,1.48989999294281,1.4700000286102295,1.4800000190734863,46441,0.0,0.0
2025-04-29 10:08:00-04:00,1.4797999858856201,1.4800000190734863,1.4700000286102295,1.4700000286102295,21817,0.0,0.0
2025-04-29 10:09:00-04:00,1.475000023841858,1.475000023841858,1.4600000381469727,1.4609999656677246,154200,0.0,0.0
2025-04-29 10:10:00-04:00,1.4600000381469727,1.4600000381469727,1.4400999546051025,1.4599000215530396,184511,0.0,0.0
2025-04-29 10:11:00-04:00,1.4509999752044678,1.4600000381469727,1.4500000476837158,1.4591000080108643,50627,0.0,0.0
2025-04-29 10:12:00-04:00,1.4502999782562256,1.4600000381469727,1.4299999475479126,1.4408999681472778,132230,0.0,0.0
2025-04-29 10:13:00-04:00,1.4450000524520874,1.4800000190734863,1.4450000524520874,1.4656000137329102,121392,0.0,0.0
2025-04-29 10:14:00-04:00,1.465000033378601,1.4788999557495117,1.4601000547409058,1.4700000286102295,43082,0.0,0.0
2025-04-29 10:15:00-04:00,1.472599983215332,1.472599983215332,1.4199999570846558,1.4450000524520874,106762,0.0,0.0
2025-04-29 10:16:00-04:00,1.4450000524520874,1.4500000476837158,1.434999942779541,1.434999942779541,41540,0.0,0.0
2025-04-29 10:17:00-04:00,1.4300999641418457,1.4500000476837158,1.4299999475479126,1.4500000476837158,38477,0.0,0.0
2025-04-29 10:18:00-04:00,1.4499000310897827,1.4499000310897827,1.4199999570846558,1.4299999475479126,98220,0.0,0.0
2025-04-29 10:19:00-04:00,1.4299999475479126,1.440000057220459,1.4299999475479126,1.434999942779541,20635,0.0,0.0
2025-04-29 10:20:00-04:00,1.434999942779541,1.4500000476837158,1.430999994277954,1.4450000524520874,28575,0.0,0.0
2025-04-29 10:21:00-04:00,1.4499000310897827,1.4500000476837158,1.440000057220459,1.4499000310897827,13491,0.0,0.0
2025-04-29 10:22:00-04:00,1.4499000310897827,1.4500000476837158,1.440000057220459,1.4407999515533447,14136,0.0,0.0
2025-04-29 10:23:00-04:00,1.4450000524520874,1.4500000476837158,1.4299999475479126,1.434999942779541,35815,0.0,0.0
2025-04-29 10:24:00-04:00,1.434999942779541,1.4399000406265259,1.4299999475479126,1.4299999475479126,22201,0.0,0.0
2025-04-29 10:25:00-04:00,1.4300999641418457,1.4499000310897827,1.4300999641418457,1.4499000310897827,25619,0.0,0.0
2025-04-29 10:26:00-04:00,1.4450000524520874,1.4498000144958496,1.430400013923645,1.4306999444961548,26367,0.0,0.0
2025-04-29 10:27:00-04:00,1.434999942779541,1.440000057220459,1.4301999807357788,1.4393999576568604,32241,0.0,0.0
2025-04-29 10:28:00-04:00,1.434999942779541,1.4500000476837158,1.434999942779541,1.4413000345230103,101187,0.0,0.0
2025-04-29 10:29:00-04:00,1.4498000144958496,1.4499000310897827,1.440000057220459,1.4450000524520874,13919,0.0,0.0
2025-04-29 10:30:00-04:00,1.44159996509552,1.4500000476837158,1.440000057220459,1.4450000524520874,43601,0.0,0.0
2025-04-29 10:31:00-04:00,1.4400999546051025,1.4500000476837158,1.4299999475479126,1.434999942779541,29551,0.0,0.0
2025-04-29 10:32:00-04:00,1.434999942779541,1.440000057220459,1.409999966621399,1.4149999618530273,108922,0.0,0.0
2025-04-29 10:33:00-04:00,1.4112000465393066,1.4199999570846558,1.409999966621399,1.409999966621399,65913,0.0,0.0
2025-04-29 10:34:00-04:00,1.4149999618530273,1.4500000476837158,1.409999966621399,1.4450000524520874,61845,0.0,0.0
2025-04-29 10:35:00-04:00,1.4450000524520874,1.4500000476837158,1.4400999546051025,1.4426000118255615,23565,0.0,0.0
2025-04-29 10:36:00-04:00,1.4488999843597412,1.4500000476837158,1.4450000524520874,1.4450000524520874,12798,0.0,0.0
2025-04-29 10:37:00-04:00,1.440000057220459,1.4500000476837158,1.440000057220459,1.448799967765808,35162,0.0,0.0
2025-04-29 10:38:00-04:00,1.4488999843597412,1.4500000476837158,1.4400999546051025,1.4450000524520874,99428,0.0,0.0
2025-04-29 10:39:00-04:00,1.4490000009536743,1.4490000009536743,1.4407999515533447,1.4450000524520874,10520,0.0,0.0
2025-04-29 10:40:00-04:00,1.4450000524520874,1.4700000286102295,1.4450000524520874,1.4699000120162964,88451,0.0,0.0
2025-04-29 10:41:00-04:00,1.4699000120162964,1.4800000190734863,1.4601000547409058,1.4794000387191772,73294,0.0,0.0
2025-04-29 10:42:00-04:00,1.479699969291687,1.4800000190734863,1.4700000286102295,1.4700000286102295,38049,0.0,0.0
2025-04-29 10:43:00-04:00,1.4800000190734863,1.5,1.4800000190734863,1.4950000047683716,195727,0.0,0.0
2025-04-29 10:44:00-04:00,1.4950000047683716,1.5099999904632568,1.4900000095367432,1.5049999952316284,122535,0.0,0.0
2025-04-29 10:45:00-04:00,1.5062999725341797,1.5099999904632568,1.4701000452041626,1.4744000434875488,97697,0.0,0.0
2025-04-29 10:46:00-04:00,1.4795000553131104,1.499899983406067,1.475000023841858,1.4901000261306763,46444,0.0,0.0
2025-04-29 10:47:00-04:00,1.4918999671936035,1.5,1.4901000261306763,1.4909000396728516,16779,0.0,0.0
2025-04-29 10:48:00-04:00,1.5,1.5,1.4900000095367432,1.5,35191,0.0,0.0
2025-04-29 10:49:00-04:00,1.4988000392913818,1.5,1.4901000261306763,1.5,50220,0.0,0.0
2025-04-29 10:50:00-04:00,1.4997999668121338,1.5,1.4901000261306763,1.4901000261306763,10177,0.0,0.0
2025-04-29 10:51:00-04:00,1.499899983406067,1.5,1.4901000261306763,1.5,172945,0.0,0.0
2025-04-29 10:52:00-04:00,1.4950000047683716,1.5,1.4900000095367432,1.4900000095367432,31958,0.0,0.0
2025-04-29 10:53:00-04:00,1.4839999675750732,1.4855999946594238,1.4700000286102295,1.475000023841858,64397,0.0,0.0
2025-04-29 10:54:00-04:00,1.4789999723434448,1.4800000190734863,1.4710999727249146,1.4710999727249146,7852,0.0,0.0
2025-04-29 10:55:00-04:00,1.4701999425888062,1.489799976348877,1.4701000452041626,1.489799976348877,16037,0.0,0.0
2025-04-29 10:56:00-04:00,1.4850000143051147,1.48989999294281,1.4801000356674194,1.4809999465942383,13436,0.0,0.0
2025-04-29 10:57:00-04:00,1.489799976348877,1.4900000095367432,1.480299949645996,1.4850000143051147,8439,0.0,0.0
2025-04-29 10:58:00-04:00,1.4900000095367432,1.5,1.489300012588501,1.4950000047683716,17852,0.0,0.0
2025-04-29 10:59:00-04:00,1.4989999532699585,1.5,1.4901000261306763,1.4950000047683716,11128,0.0,0.0
2025-04-29 11:00:00-04:00,1.4901000261306763,1.4989999532699585,1.4901000261306763,1.4950000047683716,19286,0.0,0.0
2025-04-29 11:01:00-04:00,1.4918999671936035,1.5,1.4900000095367432,1.4901000261306763,12153,0.0,0.0
2025-04-29 11:02:00-04:00,1.4950000047683716,1.5,1.4900000095367432,1.4950000047683716,11368,0.0,0.0
2025-04-29 11:03:00-04:00,1.499899983406067,1.5,1.4900000095367432,1.4903000593185425,22052,0.0,0.0
2025-04-29 11:04:00-04:00,1.4950000047683716,1.5,1.4900000095367432,1.499400019645691,33075,0.0,0.0
2025-04-29 11:05:00-04:00,1.4950000047683716,1.5199999809265137,1.4905999898910522,1.5198999643325806,127843,0.0,0.0
2025-04-29 11:06:00-04:00,1.5149999856948853,1.5299999713897705,1.5099999904632568,1.529099941253662,75912,0.0,0.0
2025-04-29 11:07:00-04:00,1.5298999547958374,1.5299999713897705,1.5099999904632568,1.5190999507904053,44449,0.0,0.0
2025-04-29 11:08:00-04:00,1.5198999643325806,1.5299999713897705,1.51010000705719,1.5149999856948853,62336,0.0,0.0
2025-04-29 11:09:00-04:00,1.5199999809265137,1.5199999809265137,1.51010000705719,1.5149999856948853,19605,0.0,0.0
2025-04-29 11:10:00-04:00,1.51010000705719,1.510200023651123,1.500599980354309,1.5049999952316284,43507,0.0,0.0
2025-04-29 11:11:00-04:00,1.5018999576568604,1.5099999904632568,1.5,1.5009000301361084,7537,0.0,0.0
2025-04-29 11:12:00-04:00,1.5049999952316284,1.5099999904632568,1.5,1.5089000463485718,55531,0.0,0.0
2025-04-29 11:13:00-04:00,1.5094000101089478,1.5099999904632568,1.500100016593933,1.5089000463485718,12478,0.0,0.0
2025-04-29 11:14:00-04:00,1.5047999620437622,1.506600022315979,1.5,1.5049999952316284,16018,0.0,0.0
2025-04-29 11:15:00-04:00,1.5,1.5099999904632568,1.5,1.5049999952316284,13975,0.0,0.0
2025-04-29 11:16:00-04:00,1.500100016593933,1.5098999738693237,1.500100016593933,1.5011999607086182,3842,0.0,0.0
2025-04-29 11:17:00-04:00,1.5099999904632568,1.5099999904632568,1.5,1.5088000297546387,34438,0.0,0.0
2025-04-29 11:18:00-04:00,1.5010000467300415,1.5099999904632568,1.5010000467300415,1.5049999952316284,13217,0.0,0.0
2025-04-29 11:19:00-04:00,1.5049999952316284,1.5099999904632568,1.500100016593933,1.5008000135421753,30948,0.0,0.0
2025-04-29 11:20:00-04:00,1.5049999952316284,1.5049999952316284,1.4900000095367432,1.4952000379562378,65764,0.0,0.0
2025-04-29 11:21:00-04:00,1.4901000261306763,1.4988000392913818,1.4900000095367432,1.4950000047683716,11098,0.0,0.0
2025-04-29 11:22:00-04:00,1.4909000396728516,1.4996999502182007,1.4900000095367432,1.4907000064849854,23220,0.0,0.0
2025-04-29 11:23:00-04:00,1.4946000576019287,1.499899983406067,1.4946000576019287,1.4950000047683716,3596,0.0,0.0
2025-04-29 11:24:00-04:00,1.4950000047683716,1.499899983406067,1.4900000095367432,1.4901000261306763,14183,0.0,0.0
2025-04-29 11:25:00-04:00,1.4900000095367432,1.5,1.4900000095367432,1.4901000261306763,47022,0.0,0.0
2025-04-29 11:26:00-04:00,1.4908000230789185,1.5299999713897705,1.4903000593185425,1.5205999612808228,60845,0.0,0.0
2025-04-29 11:27:00-04:00,1.524999976158142,1.5299999713897705,1.5199999809265137,1.5200999975204468,33795,0.0,0.0
2025-04-29 11:28:00-04:00,1.5299999713897705,1.5399999618530273,1.5199999809265137,1.5398999452590942,85382,0.0,0.0
2025-04-29 11:29:00-04:00,1.5351999998092651,1.5399999618530273,1.5300999879837036,1.5399999618530273,37222,0.0,0.0
2025-04-29 11:30:00-04:00,1.5398000478744507,1.5499999523162842,1.534999966621399,1.5499999523162842,65210,0.0,0.0
2025-04-29 11:31:00-04:00,1.5449999570846558,1.5499999523162842,1.5300999879837036,1.548799991607666,42605,0.0,0.0
2025-04-29 11:32:00-04:00,1.5405000448226929,1.5449999570846558,1.5,1.527899980545044,171761,0.0,0.0
2025-04-29 11:33:00-04:00,1.5298999547958374,1.5299999713897705,1.5199999809265137,1.524399995803833,44960,0.0,0.0
2025-04-29 11:34:00-04:00,1.5149999856948853,1.5198999643325806,1.51010000705719,1.5198999643325806,8559,0.0,0.0
2025-04-29 11:35:00-04:00,1.5120999813079834,1.534999966621399,1.51010000705719,1.5299999713897705,58817,0.0,0.0
2025-04-29 11:36:00-04:00,1.530900001525879,1.5399999618530273,1.5305999517440796,1.534999966621399,15292,0.0,0.0
2025-04-29 11:37:00-04:00,1.5388000011444092,1.5399999618530273,1.5300999879837036,1.5355000495910645,19531,0.0,0.0
2025-04-29 11:38:00-04:00,1.5390000343322754,1.600000023841858,1.5362999439239502,1.5950000286102295,560756,0.0,0.0
2025-04-29 11:39:00-04:00,1.600000023841858,1.6009999513626099,1.559999942779541,1.5794999599456787,207967,0.0,0.0
2025-04-29 11:40:00-04:00,1.5800000429153442,1.6299999952316284,1.570099949836731,1.6247999668121338,431901,0.0,0.0
2025-04-29 11:41:00-04:00,1.6211999654769897,1.6299999952316284,1.6100000143051147,1.6101000308990479,138462,0.0,0.0
2025-04-29 11:42:00-04:00,1.6200000047683716,1.6200000047683716,1.600000023841858,1.604699969291687,127888,0.0,0.0
2025-04-29 11:43:00-04:00,1.6007000207901,1.6100000143051147,1.600000023841858,1.6089999675750732,66604,0.0,0.0
2025-04-29 11:44:00-04:00,1.6090999841690063,1.6098999977111816,1.5399999618530273,1.590000033378601,406112,0.0,0.0
2025-04-29 11:45:00-04:00,1.5950000286102295,1.6100000143051147,1.5700000524520874,1.5757999420166016,137422,0.0,0.0
2025-04-29 11:46:00-04:00,1.5736000537872314,1.590000033378601,1.5700000524520874,1.5794999599456787,90911,0.0,0.0
2025-04-29 11:47:00-04:00,1.5750000476837158,1.5800000429153442,1.559999942779541,1.5664000511169434,144903,0.0,0.0
2025-04-29 11:48:00-04:00,1.5699000358581543,1.5700000524520874,1.559999942779541,1.5652999877929688,21356,0.0,0.0
2025-04-29 11:49:00-04:00,1.565000057220459,1.579300045967102,1.5600999593734741,1.5745999813079834,77250,0.0,0.0
2025-04-29 11:50:00-04:00,1.5788999795913696,1.5850000381469727,1.559999942779541,1.5700000524520874,83326,0.0,0.0
2025-04-29 11:51:00-04:00,1.5791000127792358,1.579200029373169,1.5700000524520874,1.570099949836731,11856,0.0,0.0
2025-04-29 11:52:00-04:00,1.570099949836731,1.5800000429153442,1.5607000589370728,1.5607000589370728,52281,0.0,0.0
2025-04-29 11:53:00-04:00,1.565000057220459,1.569700002670288,1.559999942779541,1.5611000061035156,23809,0.0,0.0
2025-04-29 11:54:00-04:00,1.565000057220459,1.5800000429153442,1.559999942779541,1.559999942779541,47858,0.0,0.0
2025-04-29 11:55:00-04:00,1.5609999895095825,1.565000057220459,1.5549999475479126,1.5573999881744385,30741,0.0,0.0
2025-04-29 11:56:00-04:00,1.5592999458312988,1.569700002670288,1.5499999523162842,1.5500999689102173,59125,0.0,0.0
2025-04-29 11:57:00-04:00,1.5599000453948975,1.559999942779541,1.5499999523162842,1.551200032234192,90037,0.0,0.0
2025-04-29 11:58:00-04:00,1.5513999462127686,1.559999942779541,1.5400999784469604,1.5400999784469604,39042,0.0,0.0
2025-04-29 11:59:00-04:00,1.5449999570846558,1.5599000453948975,1.5399999618530273,1.5494999885559082,148091,0.0,0.0
2025-04-29 12:00:00-04:00,1.5405000448226929,1.5498000383377075,1.5399999618530273,1.5405000448226929,10899,0.0,0.0
2025-04-29 12:01:00-04:00,1.5407999753952026,1.5499999523162842,1.5400999784469604,1.5405999422073364,30489,0.0,0.0
2025-04-29 12:02:00-04:00,1.5499000549316406,1.559999942779541,1.5449999570846558,1.5599000453948975,33444,0.0,0.0
2025-04-29 12:03:00-04:00,1.559999942779541,1.5800000429153442,1.559999942779541,1.570099949836731,115339,0.0,0.0
2025-04-29 12:04:00-04:00,1.5700000524520874,1.5794999599456787,1.5600999593734741,1.5699000358581543,83458,0.0,0.0
2025-04-29 12:05:00-04:00,1.569700002670288,1.5699000358581543,1.559999942779541,1.5699000358581543,17714,0.0,0.0
2025-04-29 12:06:00-04:00,1.5600999593734741,1.5699000358581543,1.559999942779541,1.559999942779541,15605,0.0,0.0
2025-04-29 12:07:00-04:00,1.5600999593734741,1.5699000358581543,1.559999942779541,1.5600999593734741,17019,0.0,0.0
2025-04-29 12:08:00-04:00,1.559999942779541,1.559999942779541,1.5499999523162842,1.5499999523162842,42168,0.0,0.0
2025-04-29 12:09:00-04:00,1.5499999523162842,1.5499999523162842,1.5199999809265137,1.524999976158142,102205,0.0,0.0
2025-04-29 12:10:00-04:00,1.5298999547958374,1.5399999618530273,1.520900011062622,1.5382000207901,25057,0.0,0.0
2025-04-29 12:11:00-04:00,1.5305999517440796,1.5397000312805176,1.5305999517440796,1.5343999862670898,9825,0.0,0.0
2025-04-29 12:12:00-04:00,1.5388000011444092,1.5399999618530273,1.5302000045776367,1.5302000045776367,30701,0.0,0.0
2025-04-29 12:13:00-04:00,1.5311000347137451,1.5398999452590942,1.5299999713897705,1.534999966621399,3306,0.0,0.0
2025-04-29 12:14:00-04:00,1.538699984550476,1.5388000011444092,1.534999966621399,1.534999966621399,13710,0.0,0.0
2025-04-29 12:15:00-04:00,1.5312000513076782,1.5399999618530273,1.5300999879837036,1.5300999879837036,10360,0.0,0.0
2025-04-29 12:16:00-04:00,1.5299999713897705,1.534999966621399,1.5299999713897705,1.53410005569458,26655,0.0,0.0
2025-04-29 12:17:00-04:00,1.5398999452590942,1.5398999452590942,1.5299999713897705,1.534999966621399,24525,0.0,0.0
2025-04-29 12:18:00-04:00,1.531599998474121,1.5398999452590942,1.531599998474121,1.5343999862670898,12346,0.0,0.0
2025-04-29 12:19:00-04:00,1.534999966621399,1.5391000509262085,1.5299999713897705,1.534999966621399,13397,0.0,0.0
2025-04-29 12:20:00-04:00,1.5300999879837036,1.5398999452590942,1.5299999713897705,1.5398999452590942,15808,0.0,0.0
2025-04-29 12:21:00-04:00,1.5302000045776367,1.5303000211715698,1.5205999612808228,1.5206999778747559,15768,0.0,0.0
2025-04-29 12:22:00-04:00,1.5199999809265137,1.5199999809265137,1.4700000286102295,1.4950000047683716,205443,0.0,0.0
2025-04-29 12:23:00-04:00,1.499899983406067,1.5099999904632568,1.4950000047683716,1.500100016593933,40990,0.0,0.0
2025-04-29 12:24:00-04:00,1.500100016593933,1.5049999952316284,1.4900000095367432,1.4901000261306763,42292,0.0,0.0
2025-04-29 12:25:00-04:00,1.4950000047683716,1.5,1.4901000261306763,1.4901000261306763,16755,0.0,0.0
2025-04-29 12:26:00-04:00,1.4900000095367432,1.4910000562667847,1.4700000286102295,1.4800000190734863,61251,0.0,0.0
2025-04-29 12:27:00-04:00,1.4850000143051147,1.5,1.4801000356674194,1.5,68573,0.0,0.0
2025-04-29 12:28:00-04:00,1.4997999668121338,1.5,1.4901000261306763,1.4989999532699585,41331,0.0,0.0
2025-04-29 12:29:00-04:00,1.4919999837875366,1.5,1.4900000095367432,1.4910000562667847,5207,0.0,0.0
2025-04-29 12:30:00-04:00,1.4907000064849854,1.5,1.4900000095367432,1.4950000047683716,8101,0.0,0.0
2025-04-29 12:31:00-04:00,1.4950000047683716,1.499899983406067,1.4908000230789185,1.4950000047683716,9616,0.0,0.0
2025-04-29 12:32:00-04:00,1.4950000047683716,1.499899983406067,1.4900000095367432,1.4990999698638916,14870,0.0,0.0
2025-04-29 12:33:00-04:00,1.4900000095367432,1.4900000095367432,1.4800000190734863,1.4809000492095947,25773,0.0,0.0
2025-04-29 12:34:00-04:00,1.489300012588501,1.48989999294281,1.4800000190734863,1.4800000190734863,9242,0.0,0.0
2025-04-29 12:35:00-04:00,1.4844000339508057,1.489799976348877,1.4801000356674194,1.4850000143051147,7463,0.0,0.0
2025-04-29 12:36:00-04:00,1.4850000143051147,1.4850000143051147,1.4801000356674194,1.4801000356674194,2745,0.0,0.0
2025-04-29 12:37:00-04:00,1.4804999828338623,1.5017999410629272,1.4804999828338623,1.5017999410629272,31238,0.0,0.0
2025-04-29 12:38:00-04:00,1.5098999738693237,1.5191999673843384,1.5,1.5104999542236328,47154,0.0,0.0
2025-04-29 12:39:00-04:00,1.5149999856948853,1.5199999809265137,1.510200023651123,1.5199999809265137,3163,0.0,0.0
2025-04-29 12:40:00-04:00,1.5147000551223755,1.5298999547958374,1.5099999904632568,1.51010000705719,34014,0.0,0.0
2025-04-29 12:41:00-04:00,1.5199999809265137,1.5199999809265137,1.510699987411499,1.5199999809265137,19288,0.0,0.0
2025-04-29 12:42:00-04:00,1.510200023651123,1.5195000171661377,1.51010000705719,1.51010000705719,5761,0.0,0.0
2025-04-29 12:43:00-04:00,1.511199951171875,1.5194000005722046,1.5099999904632568,1.5194000005722046,24006,0.0,0.0
2025-04-29 12:44:00-04:00,1.5134999752044678,1.5199999809265137,1.5099999904632568,1.517199993133545,31970,0.0,0.0
2025-04-29 12:45:00-04:00,1.5149999856948853,1.5149999856948853,1.5099999904632568,1.51010000705719,12571,0.0,0.0
2025-04-29 12:46:00-04:00,1.5149999856948853,1.5198999643325806,1.5099999904632568,1.510200023651123,3696,0.0,0.0
2025-04-29 12:47:00-04:00,1.5149999856948853,1.5199999809265137,1.51010000705719,1.51010000705719,4434,0.0,0.0
2025-04-29 12:48:00-04:00,1.5099999904632568,1.510599970817566,1.5099999904632568,1.510599970817566,6075,0.0,0.0
2025-04-29 12:49:00-04:00,1.51010000705719,1.5190999507904053,1.5099999904632568,1.51010000705719,7112,0.0,0.0
2025-04-29 12:50:00-04:00,1.5099999904632568,1.5188000202178955,1.5099999904632568,1.51010000705719,26923,0.0,0.0
2025-04-29 12:51:00-04:00,1.51010000705719,1.5149999856948853,1.5099999904632568,1.5125999450683594,14571,0.0,0.0
2025-04-29 12:52:00-04:00,1.5099999904632568,1.5192999839782715,1.5099999904632568,1.5103000402450562,7422,0.0,0.0
2025-04-29 12:53:00-04:00,1.5149999856948853,1.5199999809265137,1.5099999904632568,1.5099999904632568,11892,0.0,0.0
2025-04-29 12:54:00-04:00,1.5155999660491943,1.5190999507904053,1.5099999904632568,1.5190999507904053,15416,0.0,0.0
2025-04-29 12:55:00-04:00,1.5149999856948853,1.5199999809265137,1.51010000705719,1.51010000705719,4856,0.0,0.0
2025-04-29 12:56:00-04:00,1.5199999809265137,1.5199999809265137,1.5099999904632568,1.5149999856948853,6727,0.0,0.0
2025-04-29 12:57:00-04:00,1.51010000705719,1.5190999507904053,1.5099999904632568,1.5103000402450562,7357,0.0,0.0
2025-04-29 12:58:00-04:00,1.5149999856948853,1.5399999618530273,1.5149999856948853,1.5398999452590942,87798,0.0,0.0
2025-04-29 12:59:00-04:00,1.5300999879837036,1.5300999879837036,1.5149999856948853,1.5291999578475952,27951,0.0,0.0
2025-04-29 13:00:00-04:00,1.5299999713897705,1.5299999713897705,1.524999976158142,1.5252000093460083,10081,0.0,0.0
2025-04-29 13:01:00-04:00,1.5200999975204468,1.524999976158142,1.5199999809265137,1.5247000455856323,46706,0.0,0.0
2025-04-29 13:02:00-04:00,1.520900011062622,1.5299999713897705,1.5200999975204468,1.520799994468689,13008,0.0,0.0
2025-04-29 13:03:00-04:00,1.5200999975204468,1.520799994468689,1.5200999975204468,1.5202000141143799,8771,0.0,0.0
2025-04-29 13:04:00-04:00,1.524999976158142,1.524999976158142,1.5230000019073486,1.5230000019073486,4866,0.0,0.0
2025-04-29 13:05:00-04:00,1.524999976158142,1.524999976158142,1.5199999809265137,1.5199999809265137,2423,0.0,0.0
2025-04-29 13:06:00-04:00,1.524999976158142,1.5299999713897705,1.524999976158142,1.5299999713897705,1880,0.0,0.0
2025-04-29 13:07:00-04:00,1.524999976158142,1.5399999618530273,1.524999976158142,1.534999966621399,17567,0.0,0.0
2025-04-29 13:08:00-04:00,1.5299999713897705,1.5392999649047852,1.5194000005722046,1.5194000005722046,15808,0.0,0.0
2025-04-29 13:09:00-04:00,1.5199999809265137,1.5199999809265137,1.51010000705719,1.51010000705719,2915,0.0,0.0
2025-04-29 13:10:00-04:00,1.51010000705719,1.519700050354004,1.5099999904632568,1.5149999856948853,5748,0.0,0.0
2025-04-29 13:11:00-04:00,1.5180000066757202,1.5190000534057617,1.5180000066757202,1.5190000534057617,561,0.0,0.0
2025-04-29 13:12:00-04:00,1.510699987411499,1.5149999856948853,1.5099999904632568,1.510200023651123,8278,0.0,0.0
2025-04-29 13:13:00-04:00,1.5111000537872314,1.5149999856948853,1.5099999904632568,1.5099999904632568,24222,0.0,0.0
2025-04-29 13:14:00-04:00,1.5149999856948853,1.5149999856948853,1.510200023651123,1.510200023651123,3577,0.0,0.0
2025-04-29 13:15:00-04:00,1.5149999856948853,1.5192999839782715,1.5099999904632568,1.5149999856948853,8595,0.0,0.0
2025-04-29 13:16:00-04:00,1.5198999643325806,1.5295000076293945,1.5154000520706177,1.5199999809265137,19741,0.0,0.0
2025-04-29 13:17:00-04:00,1.5299999713897705,1.5300999879837036,1.5110000371932983,1.5300999879837036,34159,0.0,0.0
2025-04-29 13:18:00-04:00,1.5299999713897705,1.5299999713897705,1.5199999809265137,1.529099941253662,3296,0.0,0.0
2025-04-29 13:19:00-04:00,1.5247999429702759,1.5399999618530273,1.5199999809265137,1.5299999713897705,74277,0.0,0.0
2025-04-29 13:20:00-04:00,1.5299999713897705,1.5394999980926514,1.5200999975204468,1.5200999975204468,12610,0.0,0.0
2025-04-29 13:21:00-04:00,1.5199999809265137,1.524999976158142,1.5199999809265137,1.5199999809265137,1224,0.0,0.0
2025-04-29 13:22:00-04:00,1.5298999547958374,1.5399999618530273,1.5298999547958374,1.5399999618530273,22428,0.0,0.0
2025-04-29 13:23:00-04:00,1.5397000312805176,1.5491000413894653,1.5099999904632568,1.5204999446868896,85117,0.0,0.0
2025-04-29 13:24:00-04:00,1.5299999713897705,1.5299999713897705,1.5199999809265137,1.5264999866485596,12896,0.0,0.0
2025-04-29 13:25:00-04:00,1.524999976158142,1.5299999713897705,1.5211000442504883,1.5298999547958374,2986,0.0,0.0
2025-04-29 13:26:00-04:00,1.5298999547958374,1.5298999547958374,1.5298999547958374,1.5298999547958374,2682,0.0,0.0
2025-04-29 13:27:00-04:00,1.5247999429702759,1.524999976158142,1.5205999612808228,1.524999976158142,14585,0.0,0.0
2025-04-29 13:28:00-04:00,1.524399995803833,1.524399995803833,1.5199999809265137,1.5199999809265137,2258,0.0,0.0
2025-04-29 13:29:00-04:00,1.5200999975204468,1.5236999988555908,1.5200999975204468,1.5236999988555908,9753,0.0,0.0
2025-04-29 13:30:00-04:00,1.5199999809265137,1.5299999713897705,1.5199999809265137,1.5210000276565552,7317,0.0,0.0
2025-04-29 13:31:00-04:00,1.5295000076293945,1.5295000076293945,1.5199999809265137,1.5200999975204468,3658,0.0,0.0
2025-04-29 13:32:00-04:00,1.524999976158142,1.524999976158142,1.5199999809265137,1.5199999809265137,2188,0.0,0.0
2025-04-29 13:33:00-04:00,1.5199999809265137,1.5199999809265137,1.5099999904632568,1.5099999904632568,6153,0.0,0.0
2025-04-29 13:34:00-04:00,1.5149999856948853,1.5149999856948853,1.5108000040054321,1.511199951171875,3740,0.0,0.0
2025-04-29 13:35:00-04:00,1.5108000040054321,1.5110000371932983,1.5108000040054321,1.5110000371932983,2948,0.0,0.0
2025-04-29 13:36:00-04:00,1.514799952507019,1.5199999809265137,1.514799952507019,1.5149999856948853,1418,0.0,0.0
2025-04-29 13:37:00-04:00,1.519700050354004,1.5198999643325806,1.5149999856948853,1.5149999856948853,8656,0.0,0.0
2025-04-29 13:38:00-04:00,1.5149999856948853,1.5297000408172607,1.5149999856948853,1.5288000106811523,7931,0.0,0.0
2025-04-29 13:39:00-04:00,1.524999976158142,1.5298999547958374,1.5199999809265137,1.5298999547958374,1165,0.0,0.0
2025-04-29 13:40:00-04:00,1.5220999717712402,1.5291999578475952,1.5220999717712402,1.524999976158142,4478,0.0,0.0
2025-04-29 13:41:00-04:00,1.524999976158142,1.524999976158142,1.5245000123977661,1.524999976158142,1794,0.0,0.0
2025-04-29 13:42:00-04:00,1.524999976158142,1.539199948310852,1.5211999416351318,1.539199948310852,25514,0.0,0.0
2025-04-29 13:43:00-04:00,1.5300999879837036,1.5300999879837036,1.5199999809265137,1.524999976158142,21147,0.0,0.0
2025-04-29 13:44:00-04:00,1.5200999975204468,1.5200999975204468,1.5199999809265137,1.5199999809265137,2511,0.0,0.0
2025-04-29 13:45:00-04:00,1.5255999565124512,1.5298999547958374,1.5199999809265137,1.5200999975204468,22983,0.0,0.0
2025-04-29 13:46:00-04:00,1.5211000442504883,1.5211000442504883,1.5008000135421753,1.5008000135421753,40416,0.0,0.0
2025-04-29 13:47:00-04:00,1.5008000135421753,1.5149999856948853,1.5008000135421753,1.5149999856948853,35341,0.0,0.0
2025-04-29 13:48:00-04:00,1.5103000402450562,1.5103000402450562,1.5,1.5049999952316284,4142,0.0,0.0
2025-04-29 13:49:00-04:00,1.5049999952316284,1.5199999809265137,1.5049999952316284,1.5049999952316284,26128,0.0,0.0
2025-04-29 13:50:00-04:00,1.5098999738693237,1.5098999738693237,1.5,1.5009000301361084,10072,0.0,0.0
2025-04-29 13:51:00-04:00,1.5,1.5052000284194946,1.5,1.5052000284194946,16170,0.0,0.0
2025-04-29 13:52:00-04:00,1.5049999952316284,1.5099999904632568,1.5,1.5049999952316284,11812,0.0,0.0
2025-04-29 13:53:00-04:00,1.5049999952316284,1.5089999437332153,1.5,1.5,3678,0.0,0.0
2025-04-29 13:54:00-04:00,1.5091999769210815,1.5099999904632568,1.5049999952316284,1.5052000284194946,26155,0.0,0.0
2025-04-29 13:55:00-04:00,1.5094000101089478,1.5099999904632568,1.501099944114685,1.501099944114685,2808,0.0,0.0
2025-04-29 13:56:00-04:00,1.507699966430664,1.5099999904632568,1.5009000301361084,1.5097999572753906,2994,0.0,0.0
2025-04-29 13:57:00-04:00,1.5097999572753906,1.5097999572753906,1.5009000301361084,1.5045000314712524,6252,0.0,0.0
2025-04-29 13:58:00-04:00,1.5099999904632568,1.5099999904632568,1.5,1.5049999952316284,5164,0.0,0.0
2025-04-29 13:59:00-04:00,1.5049999952316284,1.5099999904632568,1.5,1.5099999904632568,1554,0.0,0.0
2025-04-29 14:00:00-04:00,1.5049999952316284,1.5049999952316284,1.5,1.5049999952316284,3075,0.0,0.0
2025-04-29 14:01:00-04:00,1.500100016593933,1.5049999952316284,1.500100016593933,1.5002000331878662,3376,0.0,0.0
2025-04-29 14:02:00-04:00,1.5045000314712524,1.5049999952316284,1.5,1.50409996509552,22620,0.0,0.0
2025-04-29 14:03:00-04:00,1.5049999952316284,1.5096999406814575,1.5049999952316284,1.5091999769210815,11477,0.0,0.0
2025-04-29 14:04:00-04:00,1.5098999738693237,1.5098999738693237,1.5094000101089478,1.5094000101089478,9719,0.0,0.0
2025-04-29 14:05:00-04:00,1.5096999406814575,1.5099999904632568,1.5,1.5090999603271484,12433,0.0,0.0
2025-04-29 14:06:00-04:00,1.5049999952316284,1.5098999738693237,1.500100016593933,1.5049999952316284,22332,0.0,0.0
2025-04-29 14:07:00-04:00,1.5003999471664429,1.5049999952316284,1.500100016593933,1.500100016593933,20818,0.0,0.0
2025-04-29 14:08:00-04:00,1.5087000131607056,1.5087000131607056,1.500100016593933,1.500100016593933,2278,0.0,0.0
2025-04-29 14:09:00-04:00,1.5089000463485718,1.5089000463485718,1.4900000095367432,1.4936000108718872,50206,0.0,0.0
2025-04-29 14:10:00-04:00,1.490399956703186,1.5,1.4900000095367432,1.4997999668121338,11241,0.0,0.0
2025-04-29 14:11:00-04:00,1.4997999668121338,1.4997999668121338,1.4900000095367432,1.4900000095367432,23631,0.0,0.0
2025-04-29 14:12:00-04:00,1.4907000064849854,1.4907000064849854,1.4802000522613525,1.489400029182434,10721,0.0,0.0
2025-04-29 14:13:00-04:00,1.4850000143051147,1.4900000095367432,1.4800000190734863,1.488700032234192,21399,0.0,0.0
2025-04-29 14:14:00-04:00,1.4890999794006348,1.4900000095367432,1.4800000190734863,1.4850000143051147,73948,0.0,0.0
2025-04-29 14:15:00-04:00,1.4850000143051147,1.4889999628067017,1.4701000452041626,1.4701000452041626,25635,0.0,0.0
2025-04-29 14:16:00-04:00,1.4799000024795532,1.4799000024795532,1.4700000286102295,1.4797999858856201,40120,0.0,0.0
2025-04-29 14:17:00-04:00,1.4707000255584717,1.4800000190734863,1.4600000381469727,1.465000033378601,77160,0.0,0.0
2025-04-29 14:18:00-04:00,1.465000033378601,1.4700000286102295,1.4600000381469727,1.4601000547409058,11900,0.0,0.0
2025-04-29 14:19:00-04:00,1.4648000001907349,1.4700000286102295,1.4600000381469727,1.4681999683380127,13175,0.0,0.0
2025-04-29 14:20:00-04:00,1.4700000286102295,1.4700000286102295,1.4600000381469727,1.4697999954223633,11589,0.0,0.0
2025-04-29 14:21:00-04:00,1.4696999788284302,1.4800000190734863,1.465000033378601,1.475000023841858,50304,0.0,0.0
2025-04-29 14:22:00-04:00,1.4800000190734863,1.4800000190734863,1.4701999425888062,1.4788000583648682,11080,0.0,0.0
2025-04-29 14:23:00-04:00,1.4701999425888062,1.4788999557495117,1.4700000286102295,1.4788999557495117,7013,0.0,0.0
2025-04-29 14:24:00-04:00,1.4800000190734863,1.4800000190734863,1.475000023841858,1.4772000312805176,3428,0.0,0.0
2025-04-29 14:25:00-04:00,1.4800000190734863,1.4800000190734863,1.4702999591827393,1.4797999858856201,5906,0.0,0.0
2025-04-29 14:26:00-04:00,1.4800000190734863,1.4800000190734863,1.4700000286102295,1.475000023841858,18771,0.0,0.0
2025-04-29 14:27:00-04:00,1.4700000286102295,1.4800000190734863,1.4700000286102295,1.4800000190734863,34861,0.0,0.0
2025-04-29 14:28:00-04:00,1.4704999923706055,1.4797999858856201,1.4700000286102295,1.4707000255584717,32133,0.0,0.0
2025-04-29 14:29:00-04:00,1.4700000286102295,1.4800000190734863,1.4700000286102295,1.4709999561309814,2041,0.0,0.0
2025-04-29 14:30:00-04:00,1.479099988937378,1.4800000190734863,1.4700000286102295,1.4701999425888062,4878,0.0,0.0
2025-04-29 14:31:00-04:00,1.4800000190734863,1.4800000190734863,1.465000033378601,1.4701000452041626,29369,0.0,0.0
2025-04-29 14:32:00-04:00,1.4800000190734863,1.4800000190734863,1.4701000452041626,1.475600004196167,15301,0.0,0.0
2025-04-29 14:34:00-04:00,1.4799000024795532,1.4799000024795532,1.4646999835968018,1.4697999954223633,13600,0.0,0.0
2025-04-29 14:35:00-04:00,1.4611999988555908,1.4700000286102295,1.4601000547409058,1.4631999731063843,1385,0.0,0.0
2025-04-29 14:36:00-04:00,1.4611999988555908,1.4700000286102295,1.4600000381469727,1.4600000381469727,4656,0.0,0.0
2025-04-29 14:37:00-04:00,1.4610999822616577,1.4699000120162964,1.4601000547409058,1.4661999940872192,6795,0.0,0.0
2025-04-29 14:38:00-04:00,1.465000033378601,1.4697999954223633,1.4600000381469727,1.4601000547409058,6756,0.0,0.0
2025-04-29 14:39:00-04:00,1.4611999988555908,1.465000033378601,1.4600000381469727,1.4607000350952148,6492,0.0,0.0
2025-04-29 14:40:00-04:00,1.4697999954223633,1.4697999954223633,1.4648000001907349,1.4648000001907349,703,0.0,0.0
2025-04-29 14:41:00-04:00,1.465000033378601,1.469499945640564,1.4608999490737915,1.465000033378601,8616,0.0,0.0
2025-04-29 14:42:00-04:00,1.4600000381469727,1.465000033378601,1.4600000381469727,1.4601000547409058,9287,0.0,0.0
2025-04-29 14:43:00-04:00,1.4602999687194824,1.4696999788284302,1.4602999687194824,1.464400053024292,5249,0.0,0.0
2025-04-29 14:44:00-04:00,1.4601000547409058,1.4672000408172607,1.4601000547409058,1.4672000408172607,3322,0.0,0.0
2025-04-29 14:45:00-04:00,1.4687999486923218,1.4687999486923218,1.4687999486923218,1.4687999486923218,457,0.0,0.0
2025-04-29 14:46:00-04:00,1.465000033378601,1.4658000469207764,1.4500000476837158,1.4505000114440918,64473,0.0,0.0
2025-04-29 14:47:00-04:00,1.4500999450683594,1.4600000381469727,1.4500000476837158,1.4550000429153442,0,0.0,0.0
2025-04-29 14:48:00-04:00,1.4550000429153442,1.4600000381469727,1.4500999450683594,1.4550000429153442,18551,0.0,0.0
2025-04-29 14:49:00-04:00,1.4600000381469727,1.4600000381469727,1.4500000476837158,1.4550000429153442,49779,0.0,0.0
2025-04-29 14:50:00-04:00,1.4592000246047974,1.4600000381469727,1.4501999616622925,1.4550000429153442,0,0.0,0.0
2025-04-29 14:51:00-04:00,1.4550000429153442,1.4600000381469727,1.4550000429153442,1.4600000381469727,17984,0.0,0.0
2025-04-29 14:52:00-04:00,1.4599000215530396,1.4600000381469727,1.4550000429153442,1.4550000429153442,23602,0.0,0.0
2025-04-29 14:53:00-04:00,1.4599000215530396,1.4680999517440796,1.4510999917984009,1.4680999517440796,18541,0.0,0.0
2025-04-29 14:54:00-04:00,1.4609999656677246,1.465000033378601,1.4600000381469727,1.4607000350952148,11219,0.0,0.0
2025-04-29 14:55:00-04:00,1.464400053024292,1.465000033378601,1.4600000381469727,1.465000033378601,1354,0.0,0.0
2025-04-29 14:56:00-04:00,1.465000033378601,1.4700000286102295,1.4600000381469727,1.465000033378601,35499,0.0,0.0
2025-04-29 14:57:00-04:00,1.468999981880188,1.4697999954223633,1.4608999490737915,1.4697999954223633,1269,0.0,0.0
2025-04-29 14:58:00-04:00,1.4601000547409058,1.4687999486923218,1.4601000547409058,1.4601000547409058,1731,0.0,0.0
2025-04-29 14:59:00-04:00,1.465000033378601,1.475000023841858,1.465000033378601,1.4701000452041626,13357,0.0,0.0
2025-04-29 15:00:00-04:00,1.4799000024795532,1.4801000356674194,1.475000023841858,1.4801000356674194,52410,0.0,0.0
2025-04-29 15:01:00-04:00,1.4850000143051147,1.4900000095367432,1.4800000190734863,1.4801000356674194,50062,0.0,0.0
2025-04-29 15:02:00-04:00,1.48989999294281,1.48989999294281,1.4810999631881714,1.4810999631881714,16286,0.0,0.0
2025-04-29 15:03:00-04:00,1.4809000492095947,1.48989999294281,1.4809000492095947,1.48989999294281,1097,0.0,0.0
2025-04-29 15:04:00-04:00,1.489400029182434,1.48989999294281,1.4800000190734863,1.4802000522613525,9440,0.0,0.0
2025-04-29 15:05:00-04:00,1.485200047492981,1.485200047492981,1.485200047492981,1.485200047492981,2835,0.0,0.0
2025-04-29 15:06:00-04:00,1.4850000143051147,1.4850000143051147,1.4800000190734863,1.4800000190734863,3478,0.0,0.0
2025-04-29 15:07:00-04:00,1.4801000356674194,1.480299949645996,1.4700000286102295,1.4763000011444092,10902,0.0,0.0
2025-04-29 15:08:00-04:00,1.475000023841858,1.475000023841858,1.4700000286102295,1.4700000286102295,7642,0.0,0.0
2025-04-29 15:09:00-04:00,1.4704999923706055,1.472100019454956,1.465000033378601,1.4696999788284302,9940,0.0,0.0
2025-04-29 15:10:00-04:00,1.4608999490737915,1.4611999988555908,1.4600000381469727,1.4610999822616577,7217,0.0,0.0
2025-04-29 15:11:00-04:00,1.4611999988555908,1.468999981880188,1.4601000547409058,1.465000033378601,10728,0.0,0.0
2025-04-29 15:12:00-04:00,1.4688999652862549,1.4696999788284302,1.4606000185012817,1.465000033378601,4878,0.0,0.0
2025-04-29 15:13:00-04:00,1.4699000120162964,1.4699000120162964,1.465399980545044,1.469499945640564,7392,0.0,0.0
2025-04-29 15:14:00-04:00,1.4600000381469727,1.465000033378601,1.4600000381469727,1.465000033378601,3196,0.0,0.0
2025-04-29 15:15:00-04:00,1.4600000381469727,1.4600000381469727,1.4600000381469727,1.4600000381469727,5621,0.0,0.0
2025-04-29 15:16:00-04:00,1.4699000120162964,1.4699000120162964,1.4699000120162964,1.4699000120162964,2059,0.0,0.0
2025-04-29 15:17:00-04:00,1.465000033378601,1.4699000120162964,1.4600000381469727,1.4699000120162964,10267,0.0,0.0
2025-04-29 15:18:00-04:00,1.4641000032424927,1.468000054359436,1.4600000381469727,1.4611999988555908,2961,0.0,0.0
2025-04-29 15:19:00-04:00,1.4611999988555908,1.465000033378601,1.4600000381469727,1.4600000381469727,4287,0.0,0.0
2025-04-29 15:20:00-04:00,1.4700000286102295,1.4700000286102295,1.465000033378601,1.465000033378601,2046,0.0,0.0
2025-04-29 15:21:00-04:00,1.465000033378601,1.4800000190734863,1.465000033378601,1.4700000286102295,69052,0.0,0.0
2025-04-29 15:22:00-04:00,1.475600004196167,1.4799000024795532,1.4744999408721924,1.4744999408721924,16683,0.0,0.0
2025-04-29 15:23:00-04:00,1.4797999858856201,1.4800000190734863,1.475000023841858,1.475000023841858,3998,0.0,0.0
2025-04-29 15:24:00-04:00,1.475000023841858,1.4800000190734863,1.4700000286102295,1.4746999740600586,25477,0.0,0.0
2025-04-29 15:25:00-04:00,1.475000023841858,1.475000023841858,1.475000023841858,1.475000023841858,416,0.0,0.0
2025-04-29 15:26:00-04:00,1.475000023841858,1.4800000190734863,1.440000057220459,1.4493000507354736,119248,0.0,0.0
2025-04-29 15:27:00-04:00,1.448699951171875,1.4550000429153442,1.4400999546051025,1.4550000429153442,26898,0.0,0.0
2025-04-29 15:28:00-04:00,1.4581999778747559,1.4581999778747559,1.4501999616622925,1.4501999616622925,6924,0.0,0.0
2025-04-29 15:29:00-04:00,1.4508999586105347,1.4599000215530396,1.4508999586105347,1.4543999433517456,7818,0.0,0.0
2025-04-29 15:30:00-04:00,1.4596999883651733,1.4700000286102295,1.4545999765396118,1.465000033378601,34963,0.0,0.0
2025-04-29 15:31:00-04:00,1.465000033378601,1.465000033378601,1.4610999822616577,1.4610999822616577,6398,0.0,0.0
2025-04-29 15:32:00-04:00,1.469099998474121,1.4700000286102295,1.465000033378601,1.4699000120162964,6868,0.0,0.0
2025-04-29 15:33:00-04:00,1.4699000120162964,1.4699000120162964,1.465399980545044,1.4699000120162964,1319,0.0,0.0
2025-04-29 15:34:00-04:00,1.4610999822616577,1.4700000286102295,1.4610999822616577,1.4688999652862549,1943,0.0,0.0
2025-04-29 15:35:00-04:00,1.465000033378601,1.4699000120162964,1.4638999700546265,1.4638999700546265,5131,0.0,0.0
2025-04-29 15:36:00-04:00,1.4608999490737915,1.4700000286102295,1.4602999687194824,1.469099998474121,29780,0.0,0.0
2025-04-29 15:37:00-04:00,1.465000033378601,1.465000033378601,1.4500000476837158,1.4550000429153442,25812,0.0,0.0
2025-04-29 15:38:00-04:00,1.4550000429153442,1.4600000381469727,1.4500000476837158,1.4600000381469727,12792,0.0,0.0
2025-04-29 15:39:00-04:00,1.4598000049591064,1.4598000049591064,1.4500000476837158,1.4500000476837158,5153,0.0,0.0
2025-04-29 15:40:00-04:00,1.4500999450683594,1.4600000381469727,1.440000057220459,1.454800009727478,61532,0.0,0.0
2025-04-29 15:41:00-04:00,1.4550000429153442,1.4600000381469727,1.4543999433517456,1.4600000381469727,11133,0.0,0.0
2025-04-29 15:42:00-04:00,1.4688999652862549,1.4700000286102295,1.440000057220459,1.4591000080108643,33954,0.0,0.0
2025-04-29 15:43:00-04:00,1.4599000215530396,1.4599000215530396,1.4500999450683594,1.4596999883651733,66939,0.0,0.0
2025-04-29 15:44:00-04:00,1.4550000429153442,1.4600000381469727,1.4501999616622925,1.4550000429153442,4491,0.0,0.0
2025-04-29 15:45:00-04:00,1.4550000429153442,1.4700000286102295,1.4550000429153442,1.4601000547409058,17300,0.0,0.0
2025-04-29 15:46:00-04:00,1.465000033378601,1.4700000286102295,1.4600000381469727,1.469499945640564,88490,0.0,0.0
2025-04-29 15:47:00-04:00,1.4600000381469727,1.465000033378601,1.4600000381469727,1.4601000547409058,2271,0.0,0.0
2025-04-29 15:48:00-04:00,1.465000033378601,1.4700000286102295,1.4601000547409058,1.465000033378601,48946,0.0,0.0
2025-04-29 15:49:00-04:00,1.4601000547409058,1.4665000438690186,1.4500999450683594,1.4550000429153442,8192,0.0,0.0
2025-04-29 15:50:00-04:00,1.4507999420166016,1.4550000429153442,1.4507999420166016,1.4507999420166016,582,0.0,0.0
2025-04-29 15:51:00-04:00,1.4500999450683594,1.4550000429153442,1.4400999546051025,1.4462000131607056,40648,0.0,0.0
2025-04-29 15:52:00-04:00,1.4412000179290771,1.4493999481201172,1.440000057220459,1.4486000537872314,22444,0.0,0.0
2025-04-29 15:53:00-04:00,1.4450000524520874,1.4493000507354736,1.4407999515533447,1.4443999528884888,18957,0.0,0.0
2025-04-29 15:54:00-04:00,1.4450000524520874,1.4499000310897827,1.4400999546051025,1.4407999515533447,10723,0.0,0.0
2025-04-29 15:55:00-04:00,1.4400999546051025,1.4496999979019165,1.4400999546051025,1.4450000524520874,15682,0.0,0.0
2025-04-29 15:56:00-04:00,1.4450000524520874,1.4550000429153442,1.440000057220459,1.4505000114440918,87431,0.0,0.0
2025-04-29 15:57:00-04:00,1.4550000429153442,1.4700000286102295,1.4527000188827515,1.4550000429153442,28522,0.0,0.0
2025-04-29 15:58:00-04:00,1.4600000381469727,1.4600000381469727,1.4500999450683594,1.4564000368118286,36467,0.0,0.0
2025-04-29 15:59:00-04:00,1.4550000429153442,1.4600000381469727,1.4500000476837158,1.4559999704360962,47975,0.0,0.0
2025-04-30 09:30:00-04:00,1.399999976158142,1.399999976158142,1.340000033378601,1.34089994430542,1497795,0.0,0.0
2025-04-30 09:31:00-04:00,1.3450000286102295,1.350000023841858,1.309999942779541,1.3112000226974487,109054,0.0,0.0
2025-04-30 09:32:00-04:00,1.319000005722046,1.350000023841858,1.309999942779541,1.3350000381469727,300468,0.0,0.0
2025-04-30 09:33:00-04:00,1.339900016784668,1.350000023841858,1.309999942779541,1.315000057220459,114733,0.0,0.0
2025-04-30 09:34:00-04:00,1.315000057220459,1.340000033378601,1.309999942779541,1.3200000524520874,112324,0.0,0.0
2025-04-30 09:35:00-04:00,1.3200000524520874,1.340000033378601,1.3200000524520874,1.3250000476837158,44139,0.0,0.0
2025-04-30 09:36:00-04:00,1.3250000476837158,1.3300000429153442,1.3200000524520874,1.3200000524520874,52024,0.0,0.0
2025-04-30 09:37:00-04:00,1.3250000476837158,1.340000033378601,1.3200000524520874,1.3350000381469727,65969,0.0,0.0
2025-04-30 09:38:00-04:00,1.340000033378601,1.3600000143051147,1.3350000381469727,1.340999960899353,58522,0.0,0.0
2025-04-30 09:39:00-04:00,1.3450000286102295,1.3499000072479248,1.3200000524520874,1.3200000524520874,45241,0.0,0.0
2025-04-30 09:40:00-04:00,1.3200000524520874,1.3300000429153442,1.3200000524520874,1.3250000476837158,43497,0.0,0.0
2025-04-30 09:41:00-04:00,1.3250000476837158,1.3300000429153442,1.3200000524520874,1.3250000476837158,55598,0.0,0.0
2025-04-30 09:42:00-04:00,1.32260000705719,1.3299000263214111,1.2999999523162842,1.3049999475479126,144430,0.0,0.0
2025-04-30 09:43:00-04:00,1.3049999475479126,1.3099000453948975,1.2899999618530273,1.2949999570846558,64772,0.0,0.0
2025-04-30 09:44:00-04:00,1.2935999631881714,1.2999999523162842,1.2899999618530273,1.2906999588012695,159611,0.0,0.0
2025-04-30 09:45:00-04:00,1.2899999618530273,1.2999999523162842,1.2899999618530273,1.2949999570846558,91335,0.0,0.0
2025-04-30 09:46:00-04:00,1.2980999946594238,1.3200000524520874,1.2899999618530273,1.309999942779541,147180,0.0,0.0
2025-04-30 09:47:00-04:00,1.3193999528884888,1.3200000524520874,1.309999942779541,1.315000057220459,46877,0.0,0.0
2025-04-30 09:48:00-04:00,1.315000057220459,1.3200000524520874,1.309999942779541,1.309999942779541,19962,0.0,0.0
2025-04-30 09:49:00-04:00,1.309999942779541,1.3200000524520874,1.309999942779541,1.315000057220459,34415,0.0,0.0
2025-04-30 09:50:00-04:00,1.3163000345230103,1.3200000524520874,1.2900999784469604,1.2949999570846558,49543,0.0,0.0
2025-04-30 09:51:00-04:00,1.2906999588012695,1.2999000549316406,1.2899999618530273,1.2928999662399292,27501,0.0,0.0
2025-04-30 09:52:00-04:00,1.291200041770935,1.2999999523162842,1.2899999618530273,1.2989000082015991,43306,0.0,0.0
2025-04-30 09:53:00-04:00,1.2999000549316406,1.2999999523162842,1.2899999618530273,1.2900999784469604,33654,0.0,0.0
2025-04-30 09:54:00-04:00,1.2949999570846558,1.299299955368042,1.2899999618530273,1.291100025177002,45262,0.0,0.0
2025-04-30 09:55:00-04:00,1.2899999618530273,1.2899999618530273,1.2599999904632568,1.274999976158142,196704,0.0,0.0
2025-04-30 09:56:00-04:00,1.274999976158142,1.2798999547958374,1.2599999904632568,1.2699999809265137,104473,0.0,0.0
2025-04-30 09:57:00-04:00,1.2649999856948853,1.2899999618530273,1.2649999856948853,1.2800999879837036,59158,0.0,0.0
2025-04-30 09:58:00-04:00,1.2851999998092651,1.309999942779541,1.2799999713897705,1.2848000526428223,144834,0.0,0.0
2025-04-30 09:59:00-04:00,1.284999966621399,1.284999966621399,1.2599999904632568,1.2697999477386475,85473,0.0,0.0
2025-04-30 10:00:00-04:00,1.2699999809265137,1.2799999713897705,1.2599999904632568,1.2799999713897705,68777,0.0,0.0
2025-04-30 10:01:00-04:00,1.274999976158142,1.2799999713897705,1.2700999975204468,1.2791999578475952,10164,0.0,0.0
2025-04-30 10:02:00-04:00,1.274999976158142,1.2798999547958374,1.2599999904632568,1.2697999477386475,34529,0.0,0.0
2025-04-30 10:03:00-04:00,1.2634999752044678,1.2699999809265137,1.2599999904632568,1.2689000368118286,67261,0.0,0.0
2025-04-30 10:04:00-04:00,1.260599970817566,1.2689000368118286,1.2599999904632568,1.267300009727478,40658,0.0,0.0
2025-04-30 10:05:00-04:00,1.2690000534057617,1.269700050354004,1.2599999904632568,1.26010000705719,20434,0.0,0.0
2025-04-30 10:06:00-04:00,1.2692999839782715,1.2799999713897705,1.2604999542236328,1.270799994468689,37613,0.0,0.0
2025-04-30 10:07:00-04:00,1.2711999416351318,1.2799999713897705,1.2699999809265137,1.2798999547958374,27355,0.0,0.0
2025-04-30 10:08:00-04:00,1.274999976158142,1.2799999713897705,1.2699999809265137,1.274999976158142,48350,0.0,0.0
2025-04-30 10:09:00-04:00,1.2700999975204468,1.2799999713897705,1.26010000705719,1.26010000705719,24984,0.0,0.0
2025-04-30 10:10:00-04:00,1.2692999839782715,1.2699999809265137,1.2599999904632568,1.26010000705719,107013,0.0,0.0
2025-04-30 10:11:00-04:00,1.2694000005722046,1.2799999713897705,1.2599999904632568,1.26010000705719,66604,0.0,0.0
2025-04-30 10:12:00-04:00,1.2649999856948853,1.2710000276565552,1.2599999904632568,1.269700050354004,57627,0.0,0.0
2025-04-30 10:13:00-04:00,1.2649999856948853,1.2799999713897705,1.2649999856948853,1.274999976158142,21900,0.0,0.0
2025-04-30 10:14:00-04:00,1.274999976158142,1.2799999713897705,1.2599999904632568,1.2675000429153442,33767,0.0,0.0
2025-04-30 10:15:00-04:00,1.2649999856948853,1.2699999809265137,1.2599999904632568,1.2599999904632568,28783,0.0,0.0
2025-04-30 10:16:00-04:00,1.260599970817566,1.2699999809265137,1.260599970817566,1.2697999477386475,29548,0.0,0.0
2025-04-30 10:17:00-04:00,1.2698999643325806,1.2798999547958374,1.2599999904632568,1.2603000402450562,64486,0.0,0.0
2025-04-30 10:18:00-04:00,1.2649999856948853,1.2699999809265137,1.26010000705719,1.2649999856948853,21117,0.0,0.0
2025-04-30 10:19:00-04:00,1.267799973487854,1.2699999809265137,1.26010000705719,1.2649999856948853,25443,0.0,0.0
2025-04-30 10:20:00-04:00,1.2676000595092773,1.2699999809265137,1.2599999904632568,1.2603000402450562,41279,0.0,0.0
2025-04-30 10:21:00-04:00,1.2688000202178955,1.2699999809265137,1.2599999904632568,1.2656999826431274,12570,0.0,0.0
2025-04-30 10:22:00-04:00,1.2649999856948853,1.2690999507904053,1.26010000705719,1.2649999856948853,14253,0.0,0.0
2025-04-30 10:23:00-04:00,1.26010000705719,1.2699999809265137,1.2599999904632568,1.2699999809265137,36277,0.0,0.0
2025-04-30 10:24:00-04:00,1.2699999809265137,1.2799999713897705,1.2611000537872314,1.2798999547958374,47342,0.0,0.0
2025-04-30 10:25:00-04:00,1.274999976158142,1.2999999523162842,1.274999976158142,1.2892999649047852,97632,0.0,0.0
2025-04-30 10:26:00-04:00,1.2799999713897705,1.284999966621399,1.2699999809265137,1.274999976158142,74481,0.0,0.0
2025-04-30 10:27:00-04:00,1.274999976158142,1.2795000076293945,1.2640000581741333,1.2699999809265137,31717,0.0,0.0
2025-04-30 10:28:00-04:00,1.2699999809265137,1.2799999713897705,1.26010000705719,1.2649999856948853,13395,0.0,0.0
2025-04-30 10:29:00-04:00,1.2699999809265137,1.2799999713897705,1.2599999904632568,1.2610000371932983,34842,0.0,0.0
2025-04-30 10:30:00-04:00,1.2698999643325806,1.2699999809265137,1.2649999856948853,1.2699999809265137,16492,0.0,0.0
2025-04-30 10:31:00-04:00,1.2699999809265137,1.2699999809265137,1.2640000581741333,1.2699999809265137,7620,0.0,0.0
2025-04-30 10:32:00-04:00,1.2639000415802002,1.2699999809265137,1.2599999904632568,1.2649999856948853,8620,0.0,0.0
2025-04-30 10:33:00-04:00,1.2599999904632568,1.2798999547958374,1.2599999904632568,1.274999976158142,67693,0.0,0.0
2025-04-30 10:34:00-04:00,1.274999976158142,1.2999999523162842,1.2700999975204468,1.2899999618530273,50382,0.0,0.0
2025-04-30 10:35:00-04:00,1.284999966621399,1.2949999570846558,1.284999966621399,1.2949999570846558,3500,0.0,0.0
2025-04-30 10:36:00-04:00,1.2999000549316406,1.2999000549316406,1.2899999618530273,1.2984999418258667,16316,0.0,0.0
2025-04-30 10:37:00-04:00,1.2989000082015991,1.2999000549316406,1.2900999784469604,1.2992000579833984,3826,0.0,0.0
2025-04-30 10:38:00-04:00,1.299299955368042,1.2999999523162842,1.2799999713897705,1.2899999618530273,41743,0.0,0.0
2025-04-30 10:39:00-04:00,1.2949999570846558,1.309999942779541,1.2949999570846558,1.3063000440597534,25669,0.0,0.0
2025-04-30 10:40:00-04:00,1.309999942779541,1.309999942779541,1.3049999475479126,1.3049999475479126,7504,0.0,0.0
2025-04-30 10:41:00-04:00,1.309999942779541,1.309999942779541,1.3040000200271606,1.3049999475479126,12957,0.0,0.0
2025-04-30 10:42:00-04:00,1.3049999475479126,1.309999942779541,1.3011000156402588,1.309999942779541,32806,0.0,0.0
2025-04-30 10:43:00-04:00,1.3049999475479126,1.309999942779541,1.3000999689102173,1.309999942779541,20253,0.0,0.0
2025-04-30 10:44:00-04:00,1.3199000358581543,1.3300000429153442,1.3111000061035156,1.3300000429153442,20882,0.0,0.0
2025-04-30 10:45:00-04:00,1.329800009727478,1.3300000429153442,1.3200000524520874,1.3250000476837158,9529,0.0,0.0
2025-04-30 10:46:00-04:00,1.3300000429153442,1.3300000429153442,1.3200000524520874,1.3200000524520874,26499,0.0,0.0
2025-04-30 10:47:00-04:00,1.3250000476837158,1.3378000259399414,1.3200000524520874,1.3200000524520874,63349,0.0,0.0
2025-04-30 10:48:00-04:00,1.340000033378601,1.340000033378601,1.3301000595092773,1.3307000398635864,35497,0.0,0.0
2025-04-30 10:49:00-04:00,1.3398000001907349,1.3499000072479248,1.3393000364303589,1.3401999473571777,55387,0.0,0.0
2025-04-30 10:50:00-04:00,1.340000033378601,1.3600000143051147,1.340000033378601,1.3401999473571777,60650,0.0,0.0
2025-04-30 10:51:00-04:00,1.340999960899353,1.3700000047683716,1.3401000499725342,1.3650000095367432,42684,0.0,0.0
2025-04-30 10:52:00-04:00,1.3650000095367432,1.4098999500274658,1.3600000143051147,1.3798999786376953,104179,0.0,0.0
2025-04-30 10:53:00-04:00,1.3794000148773193,1.3799999952316284,1.3600000143051147,1.3650000095367432,33991,0.0,0.0
2025-04-30 10:54:00-04:00,1.3660000562667847,1.3700000047683716,1.3600000143051147,1.3634999990463257,21167,0.0,0.0
2025-04-30 10:55:00-04:00,1.3650000095367432,1.3650000095367432,1.3600000143051147,1.3600000143051147,9436,0.0,0.0
2025-04-30 10:56:00-04:00,1.3610999584197998,1.3697999715805054,1.3610999584197998,1.3610999584197998,10139,0.0,0.0
2025-04-30 10:57:00-04:00,1.3650000095367432,1.3700000047683716,1.3610999584197998,1.361799955368042,15896,0.0,0.0
2025-04-30 10:58:00-04:00,1.36899995803833,1.3700000047683716,1.3600000143051147,1.3600000143051147,14830,0.0,0.0
2025-04-30 10:59:00-04:00,1.3650000095367432,1.3700000047683716,1.3600000143051147,1.3600000143051147,61425,0.0,0.0
2025-04-30 11:00:00-04:00,1.3639999628067017,1.3695000410079956,1.3600000143051147,1.360200047492981,24989,0.0,0.0
2025-04-30 11:01:00-04:00,1.3600000143051147,1.3664000034332275,1.3600000143051147,1.3664000034332275,5787,0.0,0.0
2025-04-30 11:02:00-04:00,1.368899941444397,1.3949999809265137,1.3600000143051147,1.3899999856948853,87210,0.0,0.0
2025-04-30 11:03:00-04:00,1.3901000022888184,1.399999976158142,1.3899999856948853,1.399999976158142,18531,0.0,0.0
2025-04-30 11:04:00-04:00,1.399999976158142,1.399999976158142,1.3899999856948853,1.3960000276565552,34198,0.0,0.0
2025-04-30 11:05:00-04:00,1.3949999809265137,1.399999976158142,1.3600000143051147,1.3609999418258667,47024,0.0,0.0
2025-04-30 11:06:00-04:00,1.3605999946594238,1.3700000047683716,1.3600000143051147,1.3700000047683716,17569,0.0,0.0
2025-04-30 11:07:00-04:00,1.3710999488830566,1.3799999952316284,1.3600000143051147,1.3704999685287476,18560,0.0,0.0
2025-04-30 11:08:00-04:00,1.3701000213623047,1.3701000213623047,1.3600000143051147,1.3650000095367432,25153,0.0,0.0
2025-04-30 11:09:00-04:00,1.3650000095367432,1.3695000410079956,1.3600000143051147,1.3652000427246094,15372,0.0,0.0
2025-04-30 11:10:00-04:00,1.3650000095367432,1.3650000095367432,1.3601000308990479,1.3650000095367432,22835,0.0,0.0
2025-04-30 11:11:00-04:00,1.3650000095367432,1.3695000410079956,1.3600000143051147,1.3650000095367432,0,0.0,0.0
2025-04-30 11:12:00-04:00,1.3639999628067017,1.3650000095367432,1.3639999628067017,1.3650000095367432,7444,0.0,0.0
2025-04-30 11:13:00-04:00,1.3600000143051147,1.3700000047683716,1.3600000143051147,1.3610999584197998,30013,0.0,0.0
2025-04-30 11:14:00-04:00,1.3601000308990479,1.3695000410079956,1.3601000308990479,1.3610999584197998,3165,0.0,0.0
2025-04-30 11:15:00-04:00,1.3650000095367432,1.3650000095367432,1.3601000308990479,1.3601000308990479,6106,0.0,0.0
2025-04-30 11:16:00-04:00,1.3698999881744385,1.3698999881744385,1.3600000143051147,1.3650000095367432,9688,0.0,0.0
2025-04-30 11:17:00-04:00,1.3601000308990479,1.3700000047683716,1.3450000286102295,1.350000023841858,64874,0.0,0.0
2025-04-30 11:18:00-04:00,1.3550000190734863,1.3653000593185425,1.350000023841858,1.360700011253357,8226,0.0,0.0
2025-04-30 11:19:00-04:00,1.3650000095367432,1.3698999881744385,1.3650000095367432,1.3698999881744385,26248,0.0,0.0
2025-04-30 11:20:00-04:00,1.3650000095367432,1.3700000047683716,1.3602999448776245,1.3602999448776245,4141,0.0,0.0
2025-04-30 11:21:00-04:00,1.3650000095367432,1.36899995803833,1.3650000095367432,1.36899995803833,1771,0.0,0.0
2025-04-30 11:22:00-04:00,1.3601000308990479,1.3650000095367432,1.3601000308990479,1.3650000095367432,1569,0.0,0.0
2025-04-30 11:23:00-04:00,1.3605999946594238,1.3799999952316284,1.3601000308990479,1.375,15080,0.0,0.0
2025-04-30 11:24:00-04:00,1.375,1.3799999952316284,1.375,1.3799999952316284,28972,0.0,0.0
2025-04-30 11:25:00-04:00,1.3799999952316284,1.3849999904632568,1.3705999851226807,1.3849999904632568,0,0.0,0.0
2025-04-30 11:26:00-04:00,1.3806999921798706,1.3898999691009521,1.3700000047683716,1.3700000047683716,33231,0.0,0.0
2025-04-30 11:27:00-04:00,1.3700000047683716,1.3700000047683716,1.3652000427246094,1.3700000047683716,3531,0.0,0.0
2025-04-30 11:28:00-04:00,1.3650000095367432,1.3650000095367432,1.3650000095367432,1.3650000095367432,3790,0.0,0.0
2025-04-30 11:29:00-04:00,1.3650000095367432,1.3695000410079956,1.350000023841858,1.3550000190734863,7531,0.0,0.0
2025-04-30 11:30:00-04:00,1.3401000499725342,1.3550000190734863,1.3401000499725342,1.3550000190734863,8991,0.0,0.0
2025-04-30 11:31:00-04:00,1.3600000143051147,1.3600000143051147,1.3502999544143677,1.3550000190734863,3932,0.0,0.0
2025-04-30 11:32:00-04:00,1.3600000143051147,1.3700000047683716,1.3600000143051147,1.3700000047683716,6900,0.0,0.0
2025-04-30 11:33:00-04:00,1.3600000143051147,1.3700000047683716,1.3600000143051147,1.3697999715805054,4965,0.0,0.0
2025-04-30 11:34:00-04:00,1.375,1.3799999952316284,1.367900013923645,1.3789000511169434,3379,0.0,0.0
2025-04-30 11:35:00-04:00,1.3799999952316284,1.3799999952316284,1.360200047492981,1.3765000104904175,4792,0.0,0.0
2025-04-30 11:36:00-04:00,1.3799999952316284,1.3799999952316284,1.3705999851226807,1.3705999851226807,2661,0.0,0.0
2025-04-30 11:37:00-04:00,1.3799999952316284,1.3799999952316284,1.3700000047683716,1.375,6604,0.0,0.0
2025-04-30 11:38:00-04:00,1.3704999685287476,1.3704999685287476,1.3704999685287476,1.3704999685287476,1243,0.0,0.0
2025-04-30 11:39:00-04:00,1.3799999952316284,1.399999976158142,1.3799999952316284,1.389799952507019,83911,0.0,0.0
2025-04-30 11:40:00-04:00,1.3860000371932983,1.3860000371932983,1.3802000284194946,1.3847999572753906,5123,0.0,0.0
2025-04-30 11:41:00-04:00,1.38100004196167,1.3894000053405762,1.38100004196167,1.38919997215271,9184,0.0,0.0
2025-04-30 11:42:00-04:00,1.3899999856948853,1.3899999856948853,1.375,1.375,9680,0.0,0.0
2025-04-30 11:43:00-04:00,1.370300054550171,1.3799999952316284,1.3700000047683716,1.3705999851226807,4425,0.0,0.0
2025-04-30 11:44:00-04:00,1.3734999895095825,1.375,1.3700000047683716,1.375,3159,0.0,0.0
2025-04-30 11:45:00-04:00,1.371000051498413,1.375,1.371000051498413,1.375,1338,0.0,0.0
2025-04-30 11:46:00-04:00,1.3798999786376953,1.3799999952316284,1.3700000047683716,1.371000051498413,12710,0.0,0.0
2025-04-30 11:47:00-04:00,1.3700000047683716,1.375,1.3700000047683716,1.3701000213623047,21744,0.0,0.0
2025-04-30 11:48:00-04:00,1.3708000183105469,1.3708000183105469,1.3700000047683716,1.3705999851226807,12435,0.0,0.0
2025-04-30 11:49:00-04:00,1.3747999668121338,1.3798999786376953,1.350000023841858,1.350000023841858,15249,0.0,0.0
2025-04-30 11:50:00-04:00,1.3669999837875366,1.3695000410079956,1.3650000095367432,1.3650000095367432,1399,0.0,0.0
2025-04-30 11:51:00-04:00,1.3660000562667847,1.3660000562667847,1.3650000095367432,1.3650000095367432,3105,0.0,0.0
2025-04-30 11:52:00-04:00,1.3600000143051147,1.3650000095367432,1.3553999662399292,1.3605999946594238,6491,0.0,0.0
2025-04-30 11:53:00-04:00,1.3700000047683716,1.3799999952316284,1.3700000047683716,1.375,27074,0.0,0.0
2025-04-30 11:54:00-04:00,1.3704999685287476,1.3799999952316284,1.3700000047683716,1.3799999952316284,2811,0.0,0.0
2025-04-30 11:55:00-04:00,1.3701000213623047,1.3799999952316284,1.3701000213623047,1.3799999952316284,19440,0.0,0.0
2025-04-30 11:56:00-04:00,1.3799999952316284,1.3799999952316284,1.3700000047683716,1.3798999786376953,6396,0.0,0.0
2025-04-30 11:57:00-04:00,1.3799999952316284,1.388800024986267,1.375,1.3804999589920044,12943,0.0,0.0
2025-04-30 11:58:00-04:00,1.3801000118255615,1.3986999988555908,1.3801000118255615,1.38100004196167,42025,0.0,0.0
2025-04-30 11:59:00-04:00,1.3801000118255615,1.399999976158142,1.3799999952316284,1.3949999809265137,20656,0.0,0.0
2025-04-30 12:00:00-04:00,1.395300030708313,1.399999976158142,1.3899999856948853,1.399999976158142,11686,0.0,0.0
2025-04-30 12:01:00-04:00,1.3904999494552612,1.3904999494552612,1.3801000118255615,1.3846999406814575,9759,0.0,0.0
2025-04-30 12:02:00-04:00,1.3849999904632568,1.3849999904632568,1.3847999572753906,1.3847999572753906,3389,0.0,0.0
2025-04-30 12:03:00-04:00,1.3849999904632568,1.3899999856948853,1.3849999904632568,1.3898999691009521,2158,0.0,0.0
2025-04-30 12:04:00-04:00,1.3849999904632568,1.3899999856948853,1.3849999904632568,1.3849999904632568,15562,0.0,0.0
2025-04-30 12:05:00-04:00,1.3849999904632568,1.3849999904632568,1.3799999952316284,1.3811999559402466,7016,0.0,0.0
2025-04-30 12:06:00-04:00,1.3849999904632568,1.3897000551223755,1.3805999755859375,1.3897000551223755,13424,0.0,0.0
2025-04-30 12:07:00-04:00,1.3849999904632568,1.3899999856948853,1.3849999904632568,1.3899999856948853,12273,0.0,0.0
2025-04-30 12:08:00-04:00,1.3875000476837158,1.399999976158142,1.3875000476837158,1.3949999809265137,49116,0.0,0.0
2025-04-30 12:09:00-04:00,1.3949999809265137,1.3949999809265137,1.3899999856948853,1.3904999494552612,9823,0.0,0.0
2025-04-30 12:10:00-04:00,1.3901000022888184,1.4098999500274658,1.3901000022888184,1.4098999500274658,54042,0.0,0.0
2025-04-30 12:11:00-04:00,1.409999966621399,1.4199999570846558,1.4098999500274658,1.4193999767303467,29900,0.0,0.0
2025-04-30 12:12:00-04:00,1.4149999618530273,1.4199999570846558,1.409999966621399,1.419100046157837,11959,0.0,0.0
2025-04-30 12:13:00-04:00,1.4149999618530273,1.4199999570846558,1.399999976158142,1.4005000591278076,27019,0.0,0.0
2025-04-30 12:14:00-04:00,1.409999966621399,1.409999966621399,1.4049999713897705,1.4049999713897705,7282,0.0,0.0
2025-04-30 12:15:00-04:00,1.4036999940872192,1.413599967956543,1.4012000560760498,1.413599967956543,7699,0.0,0.0
2025-04-30 12:16:00-04:00,1.4199999570846558,1.4254000186920166,1.4101999998092651,1.4199999570846558,67164,0.0,0.0
2025-04-30 12:17:00-04:00,1.4206000566482544,1.4249999523162842,1.4149999618530273,1.4198999404907227,49172,0.0,0.0
2025-04-30 12:18:00-04:00,1.4147000312805176,1.4199999570846558,1.4144999980926514,1.4156999588012695,21413,0.0,0.0
2025-04-30 12:19:00-04:00,1.4186999797821045,1.4186999797821045,1.4149999618530273,1.4149999618530273,1773,0.0,0.0
2025-04-30 12:20:00-04:00,1.4149999618530273,1.4149999618530273,1.4012000560760498,1.4012000560760498,16817,0.0,0.0
2025-04-30 12:21:00-04:00,1.4049999713897705,1.4049999713897705,1.3949999809265137,1.399999976158142,20706,0.0,0.0
2025-04-30 12:22:00-04:00,1.3995000123977661,1.3995000123977661,1.399399995803833,1.399399995803833,3704,0.0,0.0
2025-04-30 12:23:00-04:00,1.3949999809265137,1.4199999570846558,1.3949999809265137,1.4199999570846558,42616,0.0,0.0
2025-04-30 12:24:00-04:00,1.4149999618530273,1.4149999618530273,1.4000999927520752,1.4000999927520752,11557,0.0,0.0
2025-04-30 12:25:00-04:00,1.4199999570846558,1.4199999570846558,1.399999976158142,1.4199999570846558,2136,0.0,0.0
2025-04-30 12:26:00-04:00,1.4149999618530273,1.4299999475479126,1.409999966621399,1.419700026512146,36017,0.0,0.0
2025-04-30 12:27:00-04:00,1.4199999570846558,1.4199999570846558,1.409999966621399,1.410599946975708,14981,0.0,0.0
2025-04-30 12:28:00-04:00,1.4107999801635742,1.4108999967575073,1.4107999801635742,1.4108999967575073,2790,0.0,0.0
2025-04-30 12:29:00-04:00,1.410099983215332,1.4198999404907227,1.410099983215332,1.4149999618530273,2110,0.0,0.0
2025-04-30 12:30:00-04:00,1.4149999618530273,1.4199999570846558,1.410099983215332,1.410099983215332,46341,0.0,0.0
2025-04-30 12:31:00-04:00,1.4149999618530273,1.4199999570846558,1.409999966621399,1.409999966621399,15673,0.0,0.0
2025-04-30 12:32:00-04:00,1.4103000164031982,1.4103000164031982,1.4103000164031982,1.4103000164031982,2613,0.0,0.0
2025-04-30 12:33:00-04:00,1.410599946975708,1.4199999570846558,1.410599946975708,1.4199999570846558,2103,0.0,0.0
2025-04-30 12:34:00-04:00,1.4189000129699707,1.4199999570846558,1.413100004196167,1.4149999618530273,28464,0.0,0.0
2025-04-30 12:35:00-04:00,1.409999966621399,1.409999966621399,1.409999966621399,1.409999966621399,50005,0.0,0.0
2025-04-30 12:36:00-04:00,1.4149999618530273,1.4199999570846558,1.399999976158142,1.399999976158142,62818,0.0,0.0
2025-04-30 12:37:00-04:00,1.4010000228881836,1.4049999713897705,1.399999976158142,1.4049999713897705,862,0.0,0.0
2025-04-30 12:38:00-04:00,1.4049999713897705,1.409999966621399,1.399999976158142,1.409999966621399,19821,0.0,0.0
2025-04-30 12:39:00-04:00,1.4003000259399414,1.4049999713897705,1.4003000259399414,1.4049999713897705,3327,0.0,0.0
2025-04-30 12:40:00-04:00,1.409999966621399,1.409999966621399,1.4009000062942505,1.4049999713897705,5997,0.0,0.0
2025-04-30 12:41:00-04:00,1.4049999713897705,1.4049999713897705,1.3977999687194824,1.3977999687194824,4657,0.0,0.0
2025-04-30 12:42:00-04:00,1.3799999952316284,1.3898999691009521,1.3799999952316284,1.3811999559402466,15764,0.0,0.0
2025-04-30 12:43:00-04:00,1.386299967765808,1.3903000354766846,1.386299967765808,1.3899999856948853,5370,0.0,0.0
2025-04-30 12:44:00-04:00,1.3905999660491943,1.399899959564209,1.3899999856948853,1.3949999809265137,28555,0.0,0.0
2025-04-30 12:45:00-04:00,1.3945000171661377,1.399999976158142,1.3905999660491943,1.3950999975204468,15148,0.0,0.0
2025-04-30 12:46:00-04:00,1.399899959564209,1.399899959564209,1.3949999809265137,1.3949999809265137,0,0.0,0.0
2025-04-30 12:47:00-04:00,1.3901000022888184,1.399899959564209,1.3899999856948853,1.399899959564209,23477,0.0,0.0
2025-04-30 12:48:00-04:00,1.3907999992370605,1.3949999809265137,1.3907999992370605,1.3909000158309937,0,0.0,0.0
2025-04-30 12:49:00-04:00,1.399999976158142,1.409999966621399,1.399999976158142,1.409999966621399,30938,0.0,0.0
2025-04-30 12:50:00-04:00,1.4049999713897705,1.4093999862670898,1.4005000591278076,1.4049999713897705,6576,0.0,0.0
2025-04-30 12:51:00-04:00,1.4049999713897705,1.4098999500274658,1.4049999713897705,1.4098000526428223,2752,0.0,0.0
2025-04-30 12:52:00-04:00,1.4007999897003174,1.409999966621399,1.399999976158142,1.409999966621399,6593,0.0,0.0
2025-04-30 12:53:00-04:00,1.4098999500274658,1.4098999500274658,1.4000999927520752,1.4049999713897705,917,0.0,0.0
2025-04-30 12:54:00-04:00,1.4006999731063843,1.4052000045776367,1.4000999927520752,1.4000999927520752,37880,0.0,0.0
2025-04-30 12:55:00-04:00,1.4005999565124512,1.409999966621399,1.3949999809265137,1.398900032043457,26569,0.0,0.0
2025-04-30 12:56:00-04:00,1.399999976158142,1.399999976158142,1.3907999992370605,1.3907999992370605,292,0.0,0.0
2025-04-30 12:58:00-04:00,1.3949999809265137,1.399999976158142,1.3949999809265137,1.399999976158142,850,0.0,0.0
2025-04-30 12:59:00-04:00,1.3949999809265137,1.3949999809265137,1.3949999809265137,1.3949999809265137,1285,0.0,0.0
2025-04-30 13:00:00-04:00,1.3901000022888184,1.399999976158142,1.3901000022888184,1.3901000022888184,1783,0.0,0.0
2025-04-30 13:01:00-04:00,1.392699956893921,1.392699956893921,1.3901000022888184,1.3901000022888184,1135,0.0,0.0
2025-04-30 13:02:00-04:00,1.3949999809265137,1.399999976158142,1.3949999809265137,1.399999976158142,2082,0.0,0.0
2025-04-30 13:03:00-04:00,1.399999976158142,1.409999966621399,1.399999976158142,1.409999966621399,4297,0.0,0.0
2025-04-30 13:04:00-04:00,1.4000999927520752,1.4049999713897705,1.4000999927520752,1.4049999713897705,5452,0.0,0.0
2025-04-30 13:05:00-04:00,1.409999966621399,1.409999966621399,1.4005999565124512,1.4005999565124512,13140,0.0,0.0
2025-04-30 13:06:00-04:00,1.399999976158142,1.399999976158142,1.399999976158142,1.399999976158142,238,0.0,0.0
2025-04-30 13:07:00-04:00,1.4052000045776367,1.4052000045776367,1.4052000045776367,1.4052000045776367,303,0.0,0.0
2025-04-30 13:08:00-04:00,1.4049999713897705,1.4093999862670898,1.4049999713897705,1.4093999862670898,3205,0.0,0.0
2025-04-30 13:09:00-04:00,1.409999966621399,1.409999966621399,1.4005999565124512,1.4093999862670898,23383,0.0,0.0
2025-04-30 13:10:00-04:00,1.409500002861023,1.409500002861023,1.4026000499725342,1.4026000499725342,6200,0.0,0.0
2025-04-30 13:11:00-04:00,1.4005999565124512,1.409999966621399,1.4000999927520752,1.4000999927520752,8219,0.0,0.0
2025-04-30 13:12:00-04:00,1.4003000259399414,1.4040000438690186,1.399999976158142,1.399999976158142,1241,0.0,0.0
2025-04-30 13:13:00-04:00,1.3901000022888184,1.3949999809265137,1.3899999856948853,1.3905999660491943,2723,0.0,0.0
2025-04-30 13:14:00-04:00,1.3899999856948853,1.3899999856948853,1.3899999856948853,1.3899999856948853,397,0.0,0.0
2025-04-30 13:15:00-04:00,1.388200044631958,1.388200044631958,1.3849999904632568,1.3849999904632568,3948,0.0,0.0
2025-04-30 13:16:00-04:00,1.3828999996185303,1.3875000476837158,1.3828999996185303,1.3875000476837158,11588,0.0,0.0
2025-04-30 13:17:00-04:00,1.3890999555587769,1.3899999856948853,1.3849999904632568,1.3899999856948853,27527,0.0,0.0
2025-04-30 13:18:00-04:00,1.3995000123977661,1.3995000123977661,1.3899999856948853,1.3899999856948853,9922,0.0,0.0
2025-04-30 13:19:00-04:00,1.3865000009536743,1.3899999856948853,1.3865000009536743,1.3899999856948853,600,0.0,0.0
2025-04-30 13:20:00-04:00,1.3899999856948853,1.3899999856948853,1.3899999856948853,1.3899999856948853,843,0.0,0.0
2025-04-30 13:21:00-04:00,1.3899999856948853,1.3899999856948853,1.3802000284194946,1.3899999856948853,14117,0.0,0.0
2025-04-30 13:22:00-04:00,1.3949999809265137,1.3949999809265137,1.3899999856948853,1.3949999809265137,1771,0.0,0.0
2025-04-30 13:23:00-04:00,1.3899999856948853,1.399999976158142,1.3899999856948853,1.3952000141143799,10149,0.0,0.0
2025-04-30 13:24:00-04:00,1.3899999856948853,1.3899999856948853,1.3818999528884888,1.3899999856948853,10006,0.0,0.0
2025-04-30 13:25:00-04:00,1.3899999856948853,1.3949999809265137,1.3899999856948853,1.3949999809265137,1012,0.0,0.0
2025-04-30 13:26:00-04:00,1.3899999856948853,1.399399995803833,1.3899999856948853,1.3905999660491943,850,0.0,0.0
2025-04-30 13:27:00-04:00,1.3901000022888184,1.398900032043457,1.3895000219345093,1.398900032043457,9372,0.0,0.0
2025-04-30 13:28:00-04:00,1.399999976158142,1.399999976158142,1.3838000297546387,1.3873000144958496,1780,0.0,0.0
2025-04-30 13:29:00-04:00,1.3899999856948853,1.3899999856948853,1.3899999856948853,1.3899999856948853,144,0.0,0.0
2025-04-30 13:30:00-04:00,1.391800045967102,1.409999966621399,1.391800045967102,1.399399995803833,40150,0.0,0.0
2025-04-30 13:31:00-04:00,1.409999966621399,1.4199999570846558,1.3799999952316284,1.4098999500274658,114337,0.0,0.0
2025-04-30 13:32:00-04:00,1.4098999500274658,1.409999966621399,1.4049999713897705,1.409999966621399,7285,0.0,0.0
2025-04-30 13:33:00-04:00,1.4000999927520752,1.409999966621399,1.4000999927520752,1.409500002861023,5215,0.0,0.0
2025-04-30 13:34:00-04:00,1.4000999927520752,1.404099941253662,1.3899999856948853,1.3899999856948853,232787,0.0,0.0
2025-04-30 13:35:00-04:00,1.4005000591278076,1.4005000591278076,1.399999976158142,1.399999976158142,8588,0.0,0.0
2025-04-30 13:36:00-04:00,1.3901000022888184,1.3901000022888184,1.3901000022888184,1.3901000022888184,12510,0.0,0.0
2025-04-30 13:37:00-04:00,1.3899999856948853,1.3961000442504883,1.3899999856948853,1.3906999826431274,3980,0.0,0.0
2025-04-30 13:38:00-04:00,1.3901000022888184,1.3904999494552612,1.3901000022888184,1.3904999494552612,5077,0.0,0.0
2025-04-30 13:40:00-04:00,1.3982000350952148,1.399899959564209,1.3907999992370605,1.3907999992370605,5926,0.0,0.0
2025-04-30 13:41:00-04:00,1.3940999507904053,1.399999976158142,1.3940999507904053,1.3949999809265137,46403,0.0,0.0
2025-04-30 13:42:00-04:00,1.3949999809265137,1.399999976158142,1.3949999809265137,1.3949999809265137,82932,0.0,0.0
2025-04-30 13:43:00-04:00,1.3949999809265137,1.399999976158142,1.3949999809265137,1.3952000141143799,5881,0.0,0.0
2025-04-30 13:44:00-04:00,1.3949999809265137,1.399999976158142,1.3903000354766846,1.3903000354766846,2002,0.0,0.0
2025-04-30 13:45:00-04:00,1.3949999809265137,1.3949999809265137,1.3949999809265137,1.3949999809265137,2501,0.0,0.0
2025-04-30 13:46:00-04:00,1.3899999856948853,1.399999976158142,1.3899999856948853,1.3899999856948853,4265,0.0,0.0
2025-04-30 13:47:00-04:00,1.3849999904632568,1.3990000486373901,1.3849999904632568,1.3949999809265137,11667,0.0,0.0
2025-04-30 13:48:00-04:00,1.3849999904632568,1.3849999904632568,1.3799999952316284,1.3849999904632568,9214,0.0,0.0
2025-04-30 13:49:00-04:00,1.3899999856948853,1.398300051689148,1.3799999952316284,1.3801000118255615,3177,0.0,0.0
2025-04-30 13:50:00-04:00,1.3899999856948853,1.3901000022888184,1.3899999856948853,1.3899999856948853,8702,0.0,0.0
2025-04-30 13:52:00-04:00,1.3799999952316284,1.3799999952316284,1.3799999952316284,1.3799999952316284,427,0.0,0.0
2025-04-30 13:53:00-04:00,1.398300051689148,1.398300051689148,1.398300051689148,1.398300051689148,146,0.0,0.0
2025-04-30 13:55:00-04:00,1.399899959564209,1.399899959564209,1.3818000555038452,1.3949999809265137,15157,0.0,0.0
2025-04-30 13:56:00-04:00,1.3960000276565552,1.399999976158142,1.3949999809265137,1.3949999809265137,10386,0.0,0.0
2025-04-30 13:57:00-04:00,1.3997000455856323,1.3997000455856323,1.3904999494552612,1.3904999494552612,14708,0.0,0.0
2025-04-30 13:58:00-04:00,1.3899999856948853,1.399999976158142,1.3899999856948853,1.3901000022888184,10544,0.0,0.0
2025-04-30 13:59:00-04:00,1.3899999856948853,1.3899999856948853,1.3899999856948853,1.3899999856948853,492,0.0,0.0
2025-04-30 14:00:00-04:00,1.3899999856948853,1.3992999792099,1.3899999856948853,1.3949999809265137,1571,0.0,0.0
2025-04-30 14:01:00-04:00,1.3906999826431274,1.399899959564209,1.3899999856948853,1.395300030708313,4392,0.0,0.0
2025-04-30 14:02:00-04:00,1.3899999856948853,1.3903000354766846,1.3899999856948853,1.3903000354766846,3774,0.0,0.0
2025-04-30 14:03:00-04:00,1.3899999856948853,1.3899999856948853,1.3799999952316284,1.3805999755859375,30714,0.0,0.0
2025-04-30 14:04:00-04:00,1.3799999952316284,1.3849999904632568,1.3799999952316284,1.3849999904632568,0,0.0,0.0
2025-04-30 14:05:00-04:00,1.3899999856948853,1.3899999856948853,1.3849999904632568,1.3849999904632568,1246,0.0,0.0
2025-04-30 14:06:00-04:00,1.3849999904632568,1.3897000551223755,1.3799999952316284,1.3897000551223755,7179,0.0,0.0
2025-04-30 14:07:00-04:00,1.3899999856948853,1.3899999856948853,1.3849999904632568,1.385200023651123,3741,0.0,0.0
2025-04-30 14:08:00-04:00,1.3895000219345093,1.3899999856948853,1.3835999965667725,1.3835999965667725,6656,0.0,0.0
2025-04-30 14:09:00-04:00,1.389799952507019,1.389799952507019,1.3801000118255615,1.3849999904632568,0,0.0,0.0
2025-04-30 14:10:00-04:00,1.3849999904632568,1.3849999904632568,1.3849999904632568,1.3849999904632568,3139,0.0,0.0
2025-04-30 14:11:00-04:00,1.3849999904632568,1.3898999691009521,1.3847999572753906,1.3847999572753906,1093,0.0,0.0
2025-04-30 14:12:00-04:00,1.3808000087738037,1.381100058555603,1.3804999589920044,1.381100058555603,22991,0.0,0.0
2025-04-30 14:13:00-04:00,1.3889000415802002,1.3889000415802002,1.3841999769210815,1.3841999769210815,1499,0.0,0.0
2025-04-30 14:14:00-04:00,1.3799999952316284,1.3799999952316284,1.3600000143051147,1.360200047492981,25731,0.0,0.0
2025-04-30 14:15:00-04:00,1.3694000244140625,1.3700000047683716,1.360700011253357,1.3700000047683716,16486,0.0,0.0
2025-04-30 14:16:00-04:00,1.3700000047683716,1.3799999952316284,1.3600000143051147,1.3601000308990479,26574,0.0,0.0
2025-04-30 14:17:00-04:00,1.3601000308990479,1.3708000183105469,1.3601000308990479,1.3701000213623047,721,0.0,0.0
2025-04-30 14:18:00-04:00,1.3701000213623047,1.371000051498413,1.3701000213623047,1.3708000183105469,4406,0.0,0.0
2025-04-30 14:19:00-04:00,1.3707000017166138,1.3799999952316284,1.3707000017166138,1.3799999952316284,3427,0.0,0.0
2025-04-30 14:20:00-04:00,1.375,1.375,1.375,1.375,400,0.0,0.0
2025-04-30 14:21:00-04:00,1.3700000047683716,1.371000051498413,1.3700000047683716,1.3700000047683716,25578,0.0,0.0
2025-04-30 14:22:00-04:00,1.3650000095367432,1.375,1.3609999418258667,1.375,20918,0.0,0.0
2025-04-30 14:24:00-04:00,1.3700000047683716,1.375,1.3700000047683716,1.375,903,0.0,0.0
2025-04-30 14:25:00-04:00,1.3701000213623047,1.375,1.3700000047683716,1.3700000047683716,3509,0.0,0.0
2025-04-30 14:26:00-04:00,1.375,1.375,1.3600000143051147,1.3660000562667847,3122,0.0,0.0
2025-04-30 14:27:00-04:00,1.3650000095367432,1.375,1.3600000143051147,1.3660000562667847,4904,0.0,0.0
2025-04-30 14:28:00-04:00,1.3650000095367432,1.3698999881744385,1.3600000143051147,1.3601000308990479,2793,0.0,0.0
2025-04-30 14:29:00-04:00,1.3650000095367432,1.368499994277954,1.3600000143051147,1.3605999946594238,11969,0.0,0.0
2025-04-30 14:30:00-04:00,1.3693000078201294,1.3693000078201294,1.3650000095367432,1.3650000095367432,11620,0.0,0.0
2025-04-30 14:31:00-04:00,1.3650000095367432,1.3698999881744385,1.3650000095367432,1.3698999881744385,393,0.0,0.0
2025-04-30 14:32:00-04:00,1.363700032234192,1.363700032234192,1.363700032234192,1.363700032234192,429,0.0,0.0
2025-04-30 14:33:00-04:00,1.360200047492981,1.3697999715805054,1.360200047492981,1.3650000095367432,2330,0.0,0.0
2025-04-30 14:34:00-04:00,1.3600000143051147,1.375,1.3600000143051147,1.375,4132,0.0,0.0
2025-04-30 14:35:00-04:00,1.375,1.375,1.3701000213623047,1.3701000213623047,5085,0.0,0.0
2025-04-30 14:36:00-04:00,1.375,1.375,1.370300054550171,1.370300054550171,784,0.0,0.0
2025-04-30 14:37:00-04:00,1.375,1.375,1.3650000095367432,1.3698999881744385,1991,0.0,0.0
2025-04-30 14:38:00-04:00,1.3662999868392944,1.375,1.3350000381469727,1.3450000286102295,76585,0.0,0.0
2025-04-30 14:39:00-04:00,1.3420000076293945,1.350000023841858,1.3200000524520874,1.340000033378601,170614,0.0,0.0
2025-04-30 14:40:00-04:00,1.340000033378601,1.3401000499725342,1.3350000381469727,1.3401000499725342,32167,0.0,0.0
2025-04-30 14:41:00-04:00,1.3401000499725342,1.3499000072479248,1.3301000595092773,1.3301000595092773,4556,0.0,0.0
2025-04-30 14:42:00-04:00,1.340000033378601,1.3476999998092651,1.3301000595092773,1.340000033378601,4669,0.0,0.0
2025-04-30 14:43:00-04:00,1.3423999547958374,1.3450000286102295,1.340000033378601,1.3401000499725342,13290,0.0,0.0
2025-04-30 14:44:00-04:00,1.3300000429153442,1.3350000381469727,1.3300000429153442,1.3300000429153442,8312,0.0,0.0
2025-04-30 14:45:00-04:00,1.3299000263214111,1.3450000286102295,1.3299000263214111,1.3450000286102295,24269,0.0,0.0
2025-04-30 14:46:00-04:00,1.340000033378601,1.340000033378601,1.3300000429153442,1.3350000381469727,6401,0.0,0.0
2025-04-30 14:47:00-04:00,1.3365000486373901,1.340000033378601,1.3300000429153442,1.3319000005722046,10272,0.0,0.0
2025-04-30 14:48:00-04:00,1.3315000534057617,1.350000023841858,1.3315000534057617,1.350000023841858,65231,0.0,0.0
2025-04-30 14:49:00-04:00,1.3488999605178833,1.3488999605178833,1.340999960899353,1.340999960899353,11548,0.0,0.0
2025-04-30 14:50:00-04:00,1.3402999639511108,1.3490999937057495,1.3402999639511108,1.3490999937057495,0,0.0,0.0
2025-04-30 14:51:00-04:00,1.3450000286102295,1.350000023841858,1.3450000286102295,1.350000023841858,2329,0.0,0.0
2025-04-30 14:52:00-04:00,1.340000033378601,1.3459999561309814,1.3350000381469727,1.3459999561309814,11852,0.0,0.0
2025-04-30 14:53:00-04:00,1.3450000286102295,1.3450000286102295,1.3450000286102295,1.3450000286102295,0,0.0,0.0
2025-04-30 14:54:00-04:00,1.340000033378601,1.3420000076293945,1.340000033378601,1.3420000076293945,315,0.0,0.0
2025-04-30 14:55:00-04:00,1.3493000268936157,1.350000023841858,1.3493000268936157,1.350000023841858,3759,0.0,0.0
2025-04-30 14:57:00-04:00,1.340399980545044,1.340399980545044,1.340399980545044,1.340399980545044,1502,0.0,0.0
2025-04-30 14:58:00-04:00,1.340000033378601,1.340000033378601,1.340000033378601,1.340000033378601,215,0.0,0.0
2025-04-30 14:59:00-04:00,1.3499000072479248,1.3499000072479248,1.343999981880188,1.343999981880188,12112,0.0,0.0
2025-04-30 15:00:00-04:00,1.350000023841858,1.350000023841858,1.3450000286102295,1.3450000286102295,62635,0.0,0.0
2025-04-30 15:01:00-04:00,1.3481999635696411,1.3481999635696411,1.340000033378601,1.3402999639511108,9379,0.0,0.0
2025-04-30 15:02:00-04:00,1.3450000286102295,1.3450000286102295,1.340000033378601,1.340000033378601,599,0.0,0.0
2025-04-30 15:03:00-04:00,1.340000033378601,1.3494999408721924,1.340000033378601,1.3494999408721924,15300,0.0,0.0
2025-04-30 15:04:00-04:00,1.3401999473571777,1.350000023841858,1.3401999473571777,1.350000023841858,840,0.0,0.0
2025-04-30 15:05:00-04:00,1.350000023841858,1.350000023841858,1.3450000286102295,1.350000023841858,1411,0.0,0.0
2025-04-30 15:06:00-04:00,1.3407000303268433,1.3407000303268433,1.3407000303268433,1.3407000303268433,1430,0.0,0.0
2025-04-30 15:07:00-04:00,1.350000023841858,1.350000023841858,1.340000033378601,1.3401000499725342,5983,0.0,0.0
2025-04-30 15:08:00-04:00,1.340000033378601,1.340000033378601,1.340000033378601,1.340000033378601,1556,0.0,0.0
2025-04-30 15:09:00-04:00,1.3488999605178833,1.3488999605178833,1.3450000286102295,1.3450000286102295,2952,0.0,0.0
2025-04-30 15:10:00-04:00,1.350000023841858,1.350000023841858,1.340000033378601,1.3478000164031982,8603,0.0,0.0
2025-04-30 15:11:00-04:00,1.3490999937057495,1.3490999937057495,1.340000033378601,1.3411999940872192,5268,0.0,0.0
2025-04-30 15:12:00-04:00,1.340000033378601,1.350000023841858,1.340000033378601,1.350000023841858,2389,0.0,0.0
2025-04-30 15:13:00-04:00,1.3402999639511108,1.3402999639511108,1.340000033378601,1.340000033378601,690,0.0,0.0
2025-04-30 15:14:00-04:00,1.3430999517440796,1.350000023841858,1.3401999473571777,1.350000023841858,3751,0.0,0.0
2025-04-30 15:15:00-04:00,1.3499000072479248,1.350000023841858,1.340000033378601,1.340000033378601,8081,0.0,0.0
2025-04-30 15:16:00-04:00,1.340000033378601,1.3410999774932861,1.340000033378601,1.3401000499725342,1731,0.0,0.0
2025-04-30 15:17:00-04:00,1.3418999910354614,1.3490999937057495,1.3418999910354614,1.3490999937057495,2273,0.0,0.0
2025-04-30 15:18:00-04:00,1.3401000499725342,1.3401000499725342,1.3401000499725342,1.3401000499725342,904,0.0,0.0
2025-04-30 15:19:00-04:00,1.340000033378601,1.350000023841858,1.340000033378601,1.34089994430542,1765,0.0,0.0
2025-04-30 15:20:00-04:00,1.3450000286102295,1.3490999937057495,1.340000033378601,1.340000033378601,13056,0.0,0.0
2025-04-30 15:21:00-04:00,1.332900047302246,1.3350000381469727,1.332900047302246,1.3350000381469727,1723,0.0,0.0
2025-04-30 15:22:00-04:00,1.3300000429153442,1.330199956893921,1.3250000476837158,1.3291000127792358,18695,0.0,0.0
2025-04-30 15:23:00-04:00,1.3291000127792358,1.3291000127792358,1.309999942779541,1.3108999729156494,52739,0.0,0.0
2025-04-30 15:24:00-04:00,1.315000057220459,1.3200000524520874,1.309999942779541,1.309999942779541,27044,0.0,0.0
2025-04-30 15:25:00-04:00,1.3112000226974487,1.3200000524520874,1.309999942779541,1.3200000524520874,12391,0.0,0.0
2025-04-30 15:26:00-04:00,1.3200000524520874,1.3200000524520874,1.3200000524520874,1.3200000524520874,8160,0.0,0.0
2025-04-30 15:27:00-04:00,1.3293999433517456,1.3293999433517456,1.320099949836731,1.3293999433517456,6418,0.0,0.0
2025-04-30 15:28:00-04:00,1.3300000429153442,1.3300000429153442,1.3240000009536743,1.3250000476837158,3599,0.0,0.0
2025-04-30 15:29:00-04:00,1.3250000476837158,1.3350000381469727,1.3250000476837158,1.3300000429153442,4431,0.0,0.0
2025-04-30 15:30:00-04:00,1.3351999521255493,1.340000033378601,1.3300000429153442,1.3348000049591064,14015,0.0,0.0
2025-04-30 15:31:00-04:00,1.3310999870300293,1.350000023841858,1.3310999870300293,1.350000023841858,49882,0.0,0.0
2025-04-30 15:32:00-04:00,1.3446999788284302,1.350000023841858,1.3401000499725342,1.350000023841858,5034,0.0,0.0
2025-04-30 15:33:00-04:00,1.350000023841858,1.3849999904632568,1.350000023841858,1.375,92556,0.0,0.0
2025-04-30 15:34:00-04:00,1.377500057220459,1.3799999952316284,1.340000033378601,1.3799999952316284,43425,0.0,0.0
2025-04-30 15:35:00-04:00,1.3799999952316284,1.3799999952316284,1.375,1.375,7649,0.0,0.0
2025-04-30 15:36:00-04:00,1.375,1.3799999952316284,1.375,1.375,177,0.0,0.0
2025-04-30 15:37:00-04:00,1.371999979019165,1.3799999952316284,1.3701000213623047,1.375,2333,0.0,0.0
2025-04-30 15:38:00-04:00,1.3799999952316284,1.3799999952316284,1.375,1.3799999952316284,1609,0.0,0.0
2025-04-30 15:39:00-04:00,1.3799999952316284,1.3799999952316284,1.3701000213623047,1.375,2987,0.0,0.0
2025-04-30 15:40:00-04:00,1.375,1.3752000331878662,1.3701000213623047,1.375,5007,0.0,0.0
2025-04-30 15:41:00-04:00,1.375,1.3799999952316284,1.3707000017166138,1.3707000017166138,11622,0.0,0.0
2025-04-30 15:42:00-04:00,1.375,1.399999976158142,1.375,1.3949999809265137,105577,0.0,0.0
2025-04-30 15:43:00-04:00,1.3949999809265137,1.399999976158142,1.3949999809265137,1.399999976158142,10475,0.0,0.0
2025-04-30 15:44:00-04:00,1.3906999826431274,1.3906999826431274,1.38100004196167,1.3853000402450562,14022,0.0,0.0
2025-04-30 15:45:00-04:00,1.3801000118255615,1.3949999809265137,1.3801000118255615,1.3949999809265137,32557,0.0,0.0
2025-04-30 15:46:00-04:00,1.399999976158142,1.399999976158142,1.3899999856948853,1.398900032043457,3430,0.0,0.0
2025-04-30 15:47:00-04:00,1.3949999809265137,1.3960000276565552,1.3910000324249268,1.3911000490188599,13211,0.0,0.0
2025-04-30 15:48:00-04:00,1.396299958229065,1.399999976158142,1.3911999464035034,1.399999976158142,51142,0.0,0.0
2025-04-30 15:49:00-04:00,1.399999976158142,1.399999976158142,1.3899999856948853,1.3949999809265137,14549,0.0,0.0
2025-04-30 15:50:00-04:00,1.3949999809265137,1.399999976158142,1.3899999856948853,1.399999976158142,23652,0.0,0.0
2025-04-30 15:51:00-04:00,1.399999976158142,1.399999976158142,1.3901000022888184,1.399999976158142,25703,0.0,0.0
2025-04-30 15:52:00-04:00,1.3949999809265137,1.399999976158142,1.3947999477386475,1.3949999809265137,28162,0.0,0.0
2025-04-30 15:53:00-04:00,1.3901000022888184,1.3911000490188599,1.3700000047683716,1.3799999952316284,42005,0.0,0.0
2025-04-30 15:54:00-04:00,1.3809000253677368,1.3895000219345093,1.3700000047683716,1.375,34395,0.0,0.0
2025-04-30 15:55:00-04:00,1.375,1.3799999952316284,1.3701000213623047,1.375,9427,0.0,0.0
2025-04-30 15:56:00-04:00,1.375,1.3799999952316284,1.3701000213623047,1.375,11935,0.0,0.0
2025-04-30 15:57:00-04:00,1.375,1.3849999904632568,1.3700000047683716,1.375,17345,0.0,0.0
2025-04-30 15:58:00-04:00,1.3799999952316284,1.3899999856948853,1.3700000047683716,1.375,36114,0.0,0.0
2025-04-30 15:59:00-04:00,1.375,1.3849999904632568,1.3600000143051147,1.3798999786376953,33917,0.0,0.0
2025-05-01 09:30:00-04:00,1.3450000286102295,1.3700000047683716,1.3450000286102295,1.350000023841858,563425,0.0,0.0
2025-05-01 09:31:00-04:00,1.350100040435791,1.3565000295639038,1.3200000524520874,1.3200000524520874,24088,0.0,0.0
2025-05-01 09:32:00-04:00,1.3348000049591064,1.339900016784668,1.309999942779541,1.315000057220459,35081,0.0,0.0
2025-05-01 09:33:00-04:00,1.312999963760376,1.3198000192642212,1.3000999689102173,1.3049999475479126,36749,0.0,0.0
2025-05-01 09:34:00-04:00,1.3000999689102173,1.340000033378601,1.2999999523162842,1.3102999925613403,63106,0.0,0.0
2025-05-01 09:35:00-04:00,1.3107999563217163,1.3200000524520874,1.3102999925613403,1.3151999711990356,7955,0.0,0.0
2025-05-01 09:36:00-04:00,1.315000057220459,1.3194999694824219,1.309999942779541,1.315000057220459,18245,0.0,0.0
2025-05-01 09:37:00-04:00,1.309999942779541,1.315000057220459,1.2999999523162842,1.3049999475479126,16431,0.0,0.0
2025-05-01 09:38:00-04:00,1.3006999492645264,1.309999942779541,1.2999999523162842,1.3049999475479126,13721,0.0,0.0
2025-05-01 09:39:00-04:00,1.2999999523162842,1.3049999475479126,1.2999999523162842,1.3011000156402588,4565,0.0,0.0
2025-05-01 09:40:00-04:00,1.3000999689102173,1.3091000318527222,1.25,1.2594000101089478,226522,0.0,0.0
2025-05-01 09:41:00-04:00,1.2594000101089478,1.2599999904632568,1.2300000190734863,1.25,199569,0.0,0.0
2025-05-01 09:42:00-04:00,1.2549999952316284,1.2549999952316284,1.2300000190734863,1.2350000143051147,187931,0.0,0.0
2025-05-01 09:43:00-04:00,1.2350000143051147,1.2400000095367432,1.2300000190734863,1.2350000143051147,34692,0.0,0.0
2025-05-01 09:44:00-04:00,1.2400000095367432,1.2400000095367432,1.2300000190734863,1.2400000095367432,86819,0.0,0.0
2025-05-01 09:45:00-04:00,1.2337000370025635,1.2899999618530273,1.2311999797821045,1.2649999856948853,52621,0.0,0.0
2025-05-01 09:46:00-04:00,1.2699999809265137,1.276900053024292,1.26010000705719,1.2690000534057617,19951,0.0,0.0
2025-05-01 09:47:00-04:00,1.260699987411499,1.2699999809265137,1.25,1.2694000005722046,36014,0.0,0.0
2025-05-01 09:48:00-04:00,1.2599999904632568,1.2795000076293945,1.2599999904632568,1.2745000123977661,15820,0.0,0.0
2025-05-01 09:49:00-04:00,1.2705999612808228,1.274999976158142,1.2704999446868896,1.270799994468689,7795,0.0,0.0
2025-05-01 09:50:00-04:00,1.2700999975204468,1.2793999910354614,1.2649999856948853,1.2699999809265137,34876,0.0,0.0
2025-05-01 09:51:00-04:00,1.2793999910354614,1.2798999547958374,1.2649999856948853,1.2755000591278076,15163,0.0,0.0
2025-05-01 09:52:00-04:00,1.2793999910354614,1.2899999618530273,1.2747999429702759,1.284999966621399,29169,0.0,0.0
2025-05-01 09:53:00-04:00,1.2847000360488892,1.309999942779541,1.2847000360488892,1.3099000453948975,106330,0.0,0.0
2025-05-01 09:54:00-04:00,1.309499979019165,1.3099000453948975,1.2994999885559082,1.2994999885559082,47195,0.0,0.0
2025-05-01 09:55:00-04:00,1.2899999618530273,1.2999999523162842,1.2899999618530273,1.2999999523162842,35290,0.0,0.0
2025-05-01 09:56:00-04:00,1.2949999570846558,1.2999999523162842,1.2900999784469604,1.2900999784469604,7930,0.0,0.0
2025-05-01 09:57:00-04:00,1.2949999570846558,1.2998000383377075,1.2867000102996826,1.2893999814987183,7744,0.0,0.0
2025-05-01 09:58:00-04:00,1.2799999713897705,1.2799999713897705,1.2699999809265137,1.270799994468689,40493,0.0,0.0
2025-05-01 09:59:00-04:00,1.2706999778747559,1.2799999713897705,1.2699999809265137,1.2799999713897705,15644,0.0,0.0
2025-05-01 10:00:00-04:00,1.2700999975204468,1.2798999547958374,1.2699999809265137,1.274999976158142,15502,0.0,0.0
2025-05-01 10:01:00-04:00,1.2711000442504883,1.2799999713897705,1.2699999809265137,1.2734999656677246,13413,0.0,0.0
2025-05-01 10:02:00-04:00,1.2899999618530273,1.2899999618530273,1.2800999879837036,1.2894999980926514,15711,0.0,0.0
2025-05-01 10:03:00-04:00,1.2899999618530273,1.2949999570846558,1.2899999618530273,1.2949999570846558,8100,0.0,0.0
2025-05-01 10:04:00-04:00,1.2994999885559082,1.2999999523162842,1.2899999618530273,1.2949999570846558,11344,0.0,0.0
2025-05-01 10:05:00-04:00,1.2949999570846558,1.2949999570846558,1.2949999570846558,1.2949999570846558,354,0.0,0.0
2025-05-01 10:06:00-04:00,1.2900999784469604,1.2906999588012695,1.2799999713897705,1.2898999452590942,42035,0.0,0.0
2025-05-01 10:07:00-04:00,1.284999966621399,1.2999999523162842,1.2699999809265137,1.274999976158142,143118,0.0,0.0
2025-05-01 10:08:00-04:00,1.274999976158142,1.2791999578475952,1.2699999809265137,1.2755000591278076,13501,0.0,0.0
2025-05-01 10:09:00-04:00,1.2706999778747559,1.2799999713897705,1.2706999778747559,1.274999976158142,12835,0.0,0.0
2025-05-01 10:10:00-04:00,1.2745000123977661,1.2799999713897705,1.2745000123977661,1.2799999713897705,60202,0.0,0.0
2025-05-01 10:11:00-04:00,1.2799999713897705,1.2799999713897705,1.2699999809265137,1.2745000123977661,10050,0.0,0.0
2025-05-01 10:12:00-04:00,1.2799999713897705,1.2799999713897705,1.2699999809265137,1.2799999713897705,11986,0.0,0.0
2025-05-01 10:13:00-04:00,1.2745000123977661,1.2799999713897705,1.2699999809265137,1.2699999809265137,37598,0.0,0.0
2025-05-01 10:14:00-04:00,1.2699999809265137,1.2700999975204468,1.25,1.2698999643325806,61609,0.0,0.0
2025-05-01 10:15:00-04:00,1.2649999856948853,1.2699999809265137,1.26010000705719,1.2697999477386475,23300,0.0,0.0
2025-05-01 10:16:00-04:00,1.2649999856948853,1.2699999809265137,1.25,1.2610000371932983,45919,0.0,0.0
2025-05-01 10:17:00-04:00,1.260699987411499,1.2699999809265137,1.26010000705719,1.2699999809265137,29160,0.0,0.0
2025-05-01 10:18:00-04:00,1.274999976158142,1.2799999713897705,1.2700999975204468,1.279099941253662,9026,0.0,0.0
2025-05-01 10:19:00-04:00,1.2799999713897705,1.2799999713897705,1.260200023651123,1.2799999713897705,67712,0.0,0.0
2025-05-01 10:20:00-04:00,1.2799999713897705,1.2899999618530273,1.2799999713897705,1.2899999618530273,18002,0.0,0.0
2025-05-01 10:21:00-04:00,1.2893999814987183,1.2893999814987183,1.2799999713897705,1.2799999713897705,13072,0.0,0.0
2025-05-01 10:22:00-04:00,1.284999966621399,1.2899999618530273,1.284999966621399,1.2899999618530273,4103,0.0,0.0
2025-05-01 10:23:00-04:00,1.284999966621399,1.2899999618530273,1.2799999713897705,1.284999966621399,16009,0.0,0.0
2025-05-01 10:24:00-04:00,1.2800999879837036,1.2899999618530273,1.274999976158142,1.284999966621399,19934,0.0,0.0
2025-05-01 10:25:00-04:00,1.284999966621399,1.284999966621399,1.284999966621399,1.284999966621399,6283,0.0,0.0
2025-05-01 10:26:00-04:00,1.284999966621399,1.2899999618530273,1.2802000045776367,1.2899999618530273,38541,0.0,0.0
2025-05-01 10:27:00-04:00,1.2898000478744507,1.2999999523162842,1.2898000478744507,1.2899999618530273,43922,0.0,0.0
2025-05-01 10:28:00-04:00,1.2949999570846558,1.2999000549316406,1.2899999618530273,1.2991000413894653,20663,0.0,0.0
2025-05-01 10:29:00-04:00,1.2949999570846558,1.2999999523162842,1.2932000160217285,1.2932000160217285,12688,0.0,0.0
2025-05-01 10:30:00-04:00,1.2999999523162842,1.3200000524520874,1.291100025177002,1.3200000524520874,54630,0.0,0.0
2025-05-01 10:31:00-04:00,1.3200000524520874,1.3200000524520874,1.309999942779541,1.3199000358581543,8953,0.0,0.0
2025-05-01 10:32:00-04:00,1.309999942779541,1.3200000524520874,1.3011000156402588,1.309999942779541,2258,0.0,0.0
2025-05-01 10:33:00-04:00,1.309999942779541,1.3200000524520874,1.3099000453948975,1.3099000453948975,11691,0.0,0.0
2025-05-01 10:34:00-04:00,1.309999942779541,1.309999942779541,1.2999999523162842,1.2999999523162842,5339,0.0,0.0
2025-05-01 10:35:00-04:00,1.309999942779541,1.309999942779541,1.2999999523162842,1.3087999820709229,6541,0.0,0.0
2025-05-01 10:36:00-04:00,1.3049999475479126,1.3049999475479126,1.2999999523162842,1.2999999523162842,1173,0.0,0.0
2025-05-01 10:37:00-04:00,1.3049999475479126,1.309999942779541,1.3049999475479126,1.309000015258789,4306,0.0,0.0
2025-05-01 10:38:00-04:00,1.309999942779541,1.309999942779541,1.3049999475479126,1.3049999475479126,358,0.0,0.0
2025-05-01 10:39:00-04:00,1.309999942779541,1.3200000524520874,1.309999942779541,1.3200000524520874,21456,0.0,0.0
2025-05-01 10:40:00-04:00,1.315000057220459,1.3200000524520874,1.3102999925613403,1.3193000555038452,2675,0.0,0.0
2025-05-01 10:41:00-04:00,1.3200000524520874,1.3200000524520874,1.309999942779541,1.309999942779541,3693,0.0,0.0
2025-05-01 10:42:00-04:00,1.3200000524520874,1.3200000524520874,1.3055000305175781,1.309999942779541,14137,0.0,0.0
2025-05-01 10:43:00-04:00,1.302299976348877,1.309999942779541,1.3021999597549438,1.309999942779541,5324,0.0,0.0
2025-05-01 10:44:00-04:00,1.3049999475479126,1.3049999475479126,1.3049999475479126,1.3049999475479126,2327,0.0,0.0
2025-05-01 10:46:00-04:00,1.3049999475479126,1.3049999475479126,1.3049999475479126,1.3049999475479126,1073,0.0,0.0
2025-05-01 10:47:00-04:00,1.3049999475479126,1.3049999475479126,1.2999999523162842,1.2999999523162842,17355,0.0,0.0
2025-05-01 10:48:00-04:00,1.2907999753952026,1.2999999523162842,1.2900999784469604,1.2949999570846558,30086,0.0,0.0
2025-05-01 10:49:00-04:00,1.2899999618530273,1.2913999557495117,1.2802000045776367,1.284999966621399,16378,0.0,0.0
2025-05-01 10:50:00-04:00,1.2888000011444092,1.2899999618530273,1.2799999713897705,1.2899999618530273,6760,0.0,0.0
2025-05-01 10:51:00-04:00,1.2807999849319458,1.284999966621399,1.2799999713897705,1.284999966621399,5196,0.0,0.0
2025-05-01 10:52:00-04:00,1.2891000509262085,1.2899999618530273,1.280900001525879,1.280900001525879,10193,0.0,0.0
2025-05-01 10:53:00-04:00,1.280900001525879,1.285099983215332,1.2799999713897705,1.281000018119812,22282,0.0,0.0
2025-05-01 10:54:00-04:00,1.284999966621399,1.284999966621399,1.2799999713897705,1.2800999879837036,14237,0.0,0.0
2025-05-01 10:55:00-04:00,1.2898999452590942,1.2898999452590942,1.2800999879837036,1.284500002861023,237,0.0,0.0
2025-05-01 10:56:00-04:00,1.2800999879837036,1.2800999879837036,1.2800999879837036,1.2800999879837036,1091,0.0,0.0
2025-05-01 10:57:00-04:00,1.2892999649047852,1.3200000524520874,1.2806999683380127,1.3025000095367432,113367,0.0,0.0
2025-05-01 10:58:00-04:00,1.309000015258789,1.315000057220459,1.309000015258789,1.3101999759674072,4106,0.0,0.0
2025-05-01 10:59:00-04:00,1.3180999755859375,1.3180999755859375,1.3100999593734741,1.3131999969482422,1938,0.0,0.0
2025-05-01 11:00:00-04:00,1.3000999689102173,1.309999942779541,1.2999999523162842,1.3055000305175781,9858,0.0,0.0
2025-05-01 11:01:00-04:00,1.3003000020980835,1.3049999475479126,1.3003000020980835,1.3044999837875366,2189,0.0,0.0
2025-05-01 11:02:00-04:00,1.3049999475479126,1.3092999458312988,1.2999999523162842,1.3049999475479126,5058,0.0,0.0
2025-05-01 11:03:00-04:00,1.309999942779541,1.309999942779541,1.3005000352859497,1.3005000352859497,1455,0.0,0.0
2025-05-01 11:04:00-04:00,1.309999942779541,1.309999942779541,1.3013999462127686,1.3013999462127686,2031,0.0,0.0
2025-05-01 11:05:00-04:00,1.308899998664856,1.308899998664856,1.308899998664856,1.308899998664856,432,0.0,0.0
2025-05-01 11:06:00-04:00,1.3055000305175781,1.3055000305175781,1.2949999570846558,1.3000999689102173,32834,0.0,0.0
2025-05-01 11:07:00-04:00,1.309999942779541,1.3300000429153442,1.3049999475479126,1.320099949836731,82074,0.0,0.0
2025-05-01 11:08:00-04:00,1.315000057220459,1.315000057220459,1.3100999593734741,1.3100999593734741,1108,0.0,0.0
2025-05-01 11:09:00-04:00,1.3100999593734741,1.3100999593734741,1.2599999904632568,1.2900999784469604,79907,0.0,0.0
2025-05-01 11:10:00-04:00,1.2990000247955322,1.299399971961975,1.291100025177002,1.2949999570846558,1503,0.0,0.0
2025-05-01 11:11:00-04:00,1.2949999570846558,1.2998000383377075,1.2891000509262085,1.2891000509262085,17440,0.0,0.0
2025-05-01 11:12:00-04:00,1.284999966621399,1.309999942779541,1.284999966621399,1.2920000553131104,5587,0.0,0.0
2025-05-01 11:13:00-04:00,1.3009999990463257,1.3009999990463257,1.2899999618530273,1.2999999523162842,9407,0.0,0.0
2025-05-01 11:14:00-04:00,1.2999999523162842,1.309999942779541,1.2999999523162842,1.309999942779541,7813,0.0,0.0
2025-05-01 11:15:00-04:00,1.305299997329712,1.3200000524520874,1.3049999475479126,1.3193999528884888,64586,0.0,0.0
2025-05-01 11:16:00-04:00,1.315000057220459,1.315000057220459,1.309999942779541,1.3148000240325928,4653,0.0,0.0
2025-05-01 11:17:00-04:00,1.3105000257492065,1.3105000257492065,1.3049999475479126,1.3049999475479126,26732,0.0,0.0
2025-05-01 11:18:00-04:00,1.304800033569336,1.304800033569336,1.2999999523162842,1.2999999523162842,7047,0.0,0.0
2025-05-01 11:19:00-04:00,1.2999999523162842,1.3099000453948975,1.2999999523162842,1.2999999523162842,6523,0.0,0.0
2025-05-01 11:20:00-04:00,1.2999999523162842,1.3049999475479126,1.2999999523162842,1.3049999475479126,3457,0.0,0.0
2025-05-01 11:21:00-04:00,1.3085999488830566,1.3085999488830566,1.2999999523162842,1.3049999475479126,2114,0.0,0.0
2025-05-01 11:22:00-04:00,1.2999999523162842,1.3007999658584595,1.2999999523162842,1.3007999658584595,871,0.0,0.0
2025-05-01 11:23:00-04:00,1.3000999689102173,1.3006999492645264,1.2999999523162842,1.3006000518798828,3661,0.0,0.0
2025-05-01 11:24:00-04:00,1.3049999475479126,1.3049999475479126,1.2999999523162842,1.2999999523162842,4172,0.0,0.0
2025-05-01 11:25:00-04:00,1.2908999919891357,1.2999999523162842,1.2908999919891357,1.2999999523162842,3453,0.0,0.0
2025-05-01 11:26:00-04:00,1.2994999885559082,1.2994999885559082,1.2900999784469604,1.2949999570846558,4458,0.0,0.0
2025-05-01 11:27:00-04:00,1.2990000247955322,1.2992000579833984,1.2990000247955322,1.2992000579833984,1493,0.0,0.0
2025-05-01 11:28:00-04:00,1.2907999753952026,1.2949999570846558,1.2907999753952026,1.2910000085830688,1690,0.0,0.0
2025-05-01 11:29:00-04:00,1.2910000085830688,1.2949999570846558,1.2906999588012695,1.2949999570846558,941,0.0,0.0
2025-05-01 11:30:00-04:00,1.2949999570846558,1.2949999570846558,1.2949999570846558,1.2949999570846558,773,0.0,0.0
2025-05-01 11:31:00-04:00,1.2991000413894653,1.2991000413894653,1.2905999422073364,1.2949999570846558,11904,0.0,0.0
2025-05-01 11:32:00-04:00,1.2949999570846558,1.2950999736785889,1.2929999828338623,1.2949999570846558,3386,0.0,0.0
2025-05-01 11:34:00-04:00,1.2899999618530273,1.2930999994277954,1.2899999618530273,1.2900999784469604,4509,0.0,0.0
2025-05-01 11:35:00-04:00,1.2901999950408936,1.2901999950408936,1.2899999618530273,1.2899999618530273,8916,0.0,0.0
2025-05-01 11:36:00-04:00,1.284999966621399,1.295199990272522,1.284999966621399,1.2907999753952026,9009,0.0,0.0
2025-05-01 11:37:00-04:00,1.2900999784469604,1.2900999784469604,1.2900999784469604,1.2900999784469604,342,0.0,0.0
2025-05-01 11:38:00-04:00,1.2999000549316406,1.2999000549316406,1.2899999618530273,1.2900999784469604,15486,0.0,0.0
2025-05-01 11:39:00-04:00,1.2899999618530273,1.2949999570846558,1.2899999618530273,1.2900999784469604,6504,0.0,0.0
2025-05-01 11:40:00-04:00,1.2899999618530273,1.2989000082015991,1.2899999618530273,1.2944999933242798,6683,0.0,0.0
2025-05-01 11:41:00-04:00,1.284999966621399,1.2949999570846558,1.2800999879837036,1.284999966621399,12884,0.0,0.0
2025-05-01 11:42:00-04:00,1.284999966621399,1.2899999618530273,1.2799999713897705,1.284999966621399,13649,0.0,0.0
2025-05-01 11:43:00-04:00,1.281999945640564,1.2899999618530273,1.2649999856948853,1.274999976158142,36833,0.0,0.0
2025-05-01 11:44:00-04:00,1.284999966621399,1.2899999618530273,1.2800999879837036,1.2800999879837036,12779,0.0,0.0
2025-05-01 11:45:00-04:00,1.2899999618530273,1.295300006866455,1.281599998474121,1.2899999618530273,7832,0.0,0.0
2025-05-01 11:46:00-04:00,1.2899999618530273,1.2999000549316406,1.2699999809265137,1.2799999713897705,41982,0.0,0.0
2025-05-01 11:47:00-04:00,1.2899999618530273,1.2899999618530273,1.2800999879837036,1.2899999618530273,11927,0.0,0.0
2025-05-01 11:48:00-04:00,1.2802000045776367,1.2900999784469604,1.2802000045776367,1.2900999784469604,11482,0.0,0.0
2025-05-01 11:49:00-04:00,1.2989000082015991,1.2999000549316406,1.2599999904632568,1.284999966621399,30490,0.0,0.0
2025-05-01 11:50:00-04:00,1.2800999879837036,1.2899999618530273,1.2699999809265137,1.2899999618530273,53023,0.0,0.0
2025-05-01 11:51:00-04:00,1.2899999618530273,1.2899999618530273,1.2899999618530273,1.2899999618530273,3918,0.0,0.0
2025-05-01 11:52:00-04:00,1.2899999618530273,1.2899999618530273,1.2899999618530273,1.2899999618530273,6657,0.0,0.0
2025-05-01 11:53:00-04:00,1.2833000421524048,1.2998000383377075,1.2833000421524048,1.2998000383377075,6086,0.0,0.0
2025-05-01 11:54:00-04:00,1.2899999618530273,1.2899999618530273,1.2800999879837036,1.2899999618530273,6597,0.0,0.0
2025-05-01 11:55:00-04:00,1.2899999618530273,1.2949999570846558,1.2899999618530273,1.2905000448226929,2847,0.0,0.0
2025-05-01 11:56:00-04:00,1.2944999933242798,1.2944999933242798,1.2944999933242798,1.2944999933242798,200,0.0,0.0
2025-05-01 11:57:00-04:00,1.2900999784469604,1.2999999523162842,1.2900999784469604,1.2999999523162842,5516,0.0,0.0
2025-05-01 11:58:00-04:00,1.2900999784469604,1.309399962425232,1.2900999784469604,1.3049999475479126,25980,0.0,0.0
2025-05-01 11:59:00-04:00,1.3000999689102173,1.3049999475479126,1.2999999523162842,1.3005000352859497,14283,0.0,0.0
2025-05-01 12:00:00-04:00,1.3000999689102173,1.3000999689102173,1.2949999570846558,1.2999999523162842,8921,0.0,0.0
2025-05-01 12:01:00-04:00,1.2949999570846558,1.2999999523162842,1.2949999570846558,1.2999999523162842,1158,0.0,0.0
2025-05-01 12:02:00-04:00,1.2949999570846558,1.3049999475479126,1.2949999570846558,1.3049999475479126,10804,0.0,0.0
2025-05-01 12:03:00-04:00,1.3000999689102173,1.3000999689102173,1.3000999689102173,1.3000999689102173,2141,0.0,0.0
2025-05-01 12:04:00-04:00,1.2999999523162842,1.309999942779541,1.2999999523162842,1.3099000453948975,6193,0.0,0.0
2025-05-01 12:05:00-04:00,1.3049999475479126,1.3049999475479126,1.2999999523162842,1.3049999475479126,3576,0.0,0.0
2025-05-01 12:06:00-04:00,1.2999999523162842,1.3049999475479126,1.2999999523162842,1.3049999475479126,291,0.0,0.0
2025-05-01 12:07:00-04:00,1.2999999523162842,1.2999999523162842,1.2991000413894653,1.2999999523162842,3428,0.0,0.0
2025-05-01 12:08:00-04:00,1.2900999784469604,1.2949999570846558,1.2899999618530273,1.2899999618530273,13695,0.0,0.0
2025-05-01 12:09:00-04:00,1.2949999570846558,1.2949999570846558,1.2900999784469604,1.2900999784469604,6554,0.0,0.0
2025-05-01 12:10:00-04:00,1.2901999950408936,1.2955000400543213,1.2901999950408936,1.2949999570846558,6217,0.0,0.0
2025-05-01 12:11:00-04:00,1.2901999950408936,1.2901999950408936,1.2899999618530273,1.2899999618530273,1666,0.0,0.0
2025-05-01 12:12:00-04:00,1.2899999618530273,1.2999999523162842,1.2899999618530273,1.2913999557495117,14228,0.0,0.0
2025-05-01 12:13:00-04:00,1.2949999570846558,1.2949999570846558,1.2949999570846558,1.2949999570846558,1861,0.0,0.0
2025-05-01 12:14:00-04:00,1.2899999618530273,1.2899999618530273,1.2899999618530273,1.2899999618530273,8121,0.0,0.0
2025-05-01 12:15:00-04:00,1.2899999618530273,1.2908999919891357,1.2799999713897705,1.2908999919891357,11284,0.0,0.0
2025-05-01 12:16:00-04:00,1.2899999618530273,1.2999999523162842,1.2899999618530273,1.2999999523162842,3460,0.0,0.0
2025-05-01 12:17:00-04:00,1.2899999618530273,1.2899999618530273,1.2899999618530273,1.2899999618530273,517,0.0,0.0
2025-05-01 12:18:00-04:00,1.2903000116348267,1.2903000116348267,1.2900999784469604,1.2900999784469604,1965,0.0,0.0
2025-05-01 12:19:00-04:00,1.2906999588012695,1.2906999588012695,1.2905999422073364,1.2905999422073364,273,0.0,0.0
2025-05-01 12:20:00-04:00,1.2949999570846558,1.2949999570846558,1.2949999570846558,1.2949999570846558,313,0.0,0.0
2025-05-01 12:21:00-04:00,1.2903000116348267,1.2999999523162842,1.2899999618530273,1.2907999753952026,3066,0.0,0.0
2025-05-01 12:22:00-04:00,1.2949999570846558,1.2949999570846558,1.284999966621399,1.2899999618530273,6050,0.0,0.0
2025-05-01 12:23:00-04:00,1.2899999618530273,1.2899999618530273,1.280900001525879,1.2899999618530273,3589,0.0,0.0
2025-05-01 12:24:00-04:00,1.2900999784469604,1.2900999784469604,1.2900999784469604,1.2900999784469604,401,0.0,0.0
2025-05-01 12:25:00-04:00,1.2899999618530273,1.2899999618530273,1.284999966621399,1.2898999452590942,8504,0.0,0.0
2025-05-01 12:26:00-04:00,1.2893999814987183,1.2949999570846558,1.2893999814987183,1.2899999618530273,6747,0.0,0.0
2025-05-01 12:27:00-04:00,1.2999999523162842,1.2999999523162842,1.2899999618530273,1.2899999618530273,25254,0.0,0.0
2025-05-01 12:28:00-04:00,1.2900999784469604,1.2900999784469604,1.2900999784469604,1.2900999784469604,343,0.0,0.0
2025-05-01 12:29:00-04:00,1.2905999422073364,1.2905999422073364,1.2900999784469604,1.2900999784469604,12712,0.0,0.0
2025-05-01 12:30:00-04:00,1.2990000247955322,1.2999999523162842,1.2949999570846558,1.2949999570846558,44785,0.0,0.0
2025-05-01 12:32:00-04:00,1.294100046157837,1.294100046157837,1.294100046157837,1.294100046157837,167,0.0,0.0
2025-05-01 12:33:00-04:00,1.2906999588012695,1.2906999588012695,1.2899999618530273,1.2899999618530273,2020,0.0,0.0
2025-05-01 12:34:00-04:00,1.2899999618530273,1.2999999523162842,1.2899999618530273,1.2900999784469604,11156,0.0,0.0
2025-05-01 12:35:00-04:00,1.2949999570846558,1.2949999570846558,1.2894999980926514,1.2894999980926514,6861,0.0,0.0
2025-05-01 12:36:00-04:00,1.2799999713897705,1.2800999879837036,1.2799999713897705,1.2800999879837036,841,0.0,0.0
2025-05-01 12:37:00-04:00,1.2899999618530273,1.2899999618530273,1.2799999713897705,1.2899999618530273,3652,0.0,0.0
2025-05-01 12:38:00-04:00,1.2799999713897705,1.2899999618530273,1.2799999713897705,1.2899999618530273,21702,0.0,0.0
2025-05-01 12:39:00-04:00,1.284999966621399,1.284999966621399,1.284999966621399,1.284999966621399,233,0.0,0.0
2025-05-01 12:40:00-04:00,1.2802000045776367,1.2806999683380127,1.2800999879837036,1.2806999683380127,3578,0.0,0.0
2025-05-01 12:41:00-04:00,1.2802000045776367,1.284500002861023,1.2799999713897705,1.284500002861023,1960,0.0,0.0
2025-05-01 12:42:00-04:00,1.2800999879837036,1.2898999452590942,1.2799999713897705,1.2898999452590942,24428,0.0,0.0
2025-05-01 12:43:00-04:00,1.2799999713897705,1.284999966621399,1.2799999713897705,1.2803000211715698,4106,0.0,0.0
2025-05-01 12:44:00-04:00,1.284999966621399,1.284999966621399,1.2799999713897705,1.2799999713897705,2962,0.0,0.0
2025-05-01 12:45:00-04:00,1.284999966621399,1.289199948310852,1.2800999879837036,1.284999966621399,3982,0.0,0.0
2025-05-01 12:46:00-04:00,1.281000018119812,1.281000018119812,1.2799999713897705,1.281000018119812,2261,0.0,0.0
2025-05-01 12:47:00-04:00,1.2800999879837036,1.2899999618530273,1.2799999713897705,1.2899999618530273,8187,0.0,0.0
2025-05-01 12:48:00-04:00,1.2900999784469604,1.2949999570846558,1.2900999784469604,1.2949999570846558,1331,0.0,0.0
2025-05-01 12:49:00-04:00,1.2989000082015991,1.2989000082015991,1.2900999784469604,1.2900999784469604,2530,0.0,0.0
2025-05-01 12:50:00-04:00,1.2955000400543213,1.2955000400543213,1.2899999618530273,1.2899999618530273,1691,0.0,0.0
2025-05-01 12:51:00-04:00,1.2899999618530273,1.2899999618530273,1.2899999618530273,1.2899999618530273,2136,0.0,0.0
2025-05-01 12:53:00-04:00,1.2899999618530273,1.2899999618530273,1.281000018119812,1.2832000255584717,6925,0.0,0.0
2025-05-01 12:54:00-04:00,1.2799999713897705,1.2898999452590942,1.2799999713897705,1.2800999879837036,1400,0.0,0.0
2025-05-01 12:55:00-04:00,1.284999966621399,1.284999966621399,1.284999966621399,1.284999966621399,4165,0.0,0.0
2025-05-01 12:56:00-04:00,1.2898000478744507,1.2898000478744507,1.284999966621399,1.284999966621399,1687,0.0,0.0
2025-05-01 12:57:00-04:00,1.2949999570846558,1.2999000549316406,1.291200041770935,1.291200041770935,3039,0.0,0.0
2025-05-01 12:58:00-04:00,1.2999999523162842,1.2999999523162842,1.2900999784469604,1.2900999784469604,693,0.0,0.0
2025-05-01 13:00:00-04:00,1.2999000549316406,1.2999000549316406,1.2799999713897705,1.2799999713897705,11992,0.0,0.0
2025-05-01 13:01:00-04:00,1.284999966621399,1.284999966621399,1.2799999713897705,1.2800999879837036,18774,0.0,0.0
2025-05-01 13:04:00-04:00,1.284999966621399,1.2899999618530273,1.284999966621399,1.2899999618530273,2928,0.0,0.0
2025-05-01 13:05:00-04:00,1.2899999618530273,1.2944999933242798,1.2898999452590942,1.2898999452590942,2263,0.0,0.0
2025-05-01 13:06:00-04:00,1.2805999517440796,1.2805999517440796,1.2805999517440796,1.2805999517440796,587,0.0,0.0
2025-05-01 13:08:00-04:00,1.284999966621399,1.2899999618530273,1.2807999849319458,1.2807999849319458,6237,0.0,0.0
2025-05-01 13:09:00-04:00,1.2802000045776367,1.2802000045776367,1.2802000045776367,1.2802000045776367,360,0.0,0.0
2025-05-01 13:10:00-04:00,1.2806999683380127,1.2949999570846558,1.2806999683380127,1.2949999570846558,1910,0.0,0.0
2025-05-01 13:11:00-04:00,1.2924000024795532,1.2924000024795532,1.2924000024795532,1.2924000024795532,204,0.0,0.0
2025-05-01 13:12:00-04:00,1.2900999784469604,1.2949999570846558,1.2899999618530273,1.2949999570846558,1109,0.0,0.0
2025-05-01 13:13:00-04:00,1.2900999784469604,1.2999999523162842,1.2899999618530273,1.2999999523162842,1111,0.0,0.0
2025-05-01 13:14:00-04:00,1.2949999570846558,1.298799991607666,1.2949999570846558,1.298799991607666,620,0.0,0.0
2025-05-01 13:15:00-04:00,1.2999999523162842,1.2999999523162842,1.2899999618530273,1.2900999784469604,17052,0.0,0.0
2025-05-01 13:16:00-04:00,1.2899999618530273,1.2899999618530273,1.284999966621399,1.284999966621399,124,0.0,0.0
2025-05-01 13:17:00-04:00,1.284999966621399,1.284999966621399,1.284999966621399,1.284999966621399,1646,0.0,0.0
2025-05-01 13:18:00-04:00,1.284999966621399,1.284999966621399,1.284999966621399,1.284999966621399,200,0.0,0.0
2025-05-01 13:19:00-04:00,1.284999966621399,1.284999966621399,1.2799999713897705,1.2799999713897705,3541,0.0,0.0
2025-05-01 13:20:00-04:00,1.2806999683380127,1.2899999618530273,1.2806999683380127,1.2899999618530273,1178,0.0,0.0
2025-05-01 13:21:00-04:00,1.2949999570846558,1.2949999570846558,1.2800999879837036,1.2899999618530273,6117,0.0,0.0
2025-05-01 13:22:00-04:00,1.2991000413894653,1.2999999523162842,1.2899999618530273,1.2927000522613525,114597,0.0,0.0
2025-05-01 13:23:00-04:00,1.2991000413894653,1.2991000413894653,1.2900999784469604,1.2900999784469604,678,0.0,0.0
2025-05-01 13:24:00-04:00,1.2949999570846558,1.2949999570846558,1.2914999723434448,1.2914999723434448,1245,0.0,0.0
2025-05-01 13:25:00-04:00,1.2899999618530273,1.2999999523162842,1.2799999713897705,1.284999966621399,13051,0.0,0.0
2025-05-01 13:26:00-04:00,1.284999966621399,1.284999966621399,1.2799999713897705,1.2799999713897705,2233,0.0,0.0
2025-05-01 13:27:00-04:00,1.284999966621399,1.2899999618530273,1.2841999530792236,1.284999966621399,3546,0.0,0.0
2025-05-01 13:28:00-04:00,1.2898999452590942,1.2949999570846558,1.2799999713897705,1.284999966621399,11931,0.0,0.0
2025-05-01 13:29:00-04:00,1.2892999649047852,1.2892999649047852,1.2848000526428223,1.284999966621399,1903,0.0,0.0
2025-05-01 13:30:00-04:00,1.281000018119812,1.2898999452590942,1.281000018119812,1.284999966621399,5698,0.0,0.0
2025-05-01 13:31:00-04:00,1.284999966621399,1.284999966621399,1.284999966621399,1.284999966621399,383,0.0,0.0
2025-05-01 13:32:00-04:00,1.2893999814987183,1.2989000082015991,1.2893999814987183,1.2949999570846558,2872,0.0,0.0
2025-05-01 13:33:00-04:00,1.2990000247955322,1.2990000247955322,1.2899999618530273,1.2899999618530273,8246,0.0,0.0
2025-05-01 13:34:00-04:00,1.284500002861023,1.284999966621399,1.284500002861023,1.284999966621399,3301,0.0,0.0
2025-05-01 13:35:00-04:00,1.284999966621399,1.284999966621399,1.284000039100647,1.284999966621399,832,0.0,0.0
2025-05-01 13:36:00-04:00,1.284500002861023,1.284500002861023,1.284500002861023,1.284500002861023,261,0.0,0.0
2025-05-01 13:37:00-04:00,1.284999966621399,1.284999966621399,1.2800999879837036,1.2800999879837036,4515,0.0,0.0
2025-05-01 13:38:00-04:00,1.2799999713897705,1.2799999713897705,1.2699999809265137,1.2799999713897705,34295,0.0,0.0
2025-05-01 13:39:00-04:00,1.274999976158142,1.274999976158142,1.274999976158142,1.274999976158142,3567,0.0,0.0
2025-05-01 13:40:00-04:00,1.2799999713897705,1.2799999713897705,1.2799999713897705,1.2799999713897705,970,0.0,0.0
2025-05-01 13:41:00-04:00,1.2800999879837036,1.2899999618530273,1.2716000080108643,1.2716000080108643,11626,0.0,0.0
2025-05-01 13:42:00-04:00,1.2799999713897705,1.2899999618530273,1.2799999713897705,1.284999966621399,2392,0.0,0.0
2025-05-01 13:43:00-04:00,1.2891000509262085,1.2891000509262085,1.284999966621399,1.284999966621399,712,0.0,0.0
2025-05-01 13:44:00-04:00,1.2800999879837036,1.284999966621399,1.2799999713897705,1.284999966621399,1314,0.0,0.0
2025-05-01 13:45:00-04:00,1.2799999713897705,1.2799999713897705,1.2799999713897705,1.2799999713897705,415,0.0,0.0
2025-05-01 13:46:00-04:00,1.2799999713897705,1.2799999713897705,1.2799999713897705,1.2799999713897705,200,0.0,0.0
2025-05-01 13:47:00-04:00,1.2800999879837036,1.2800999879837036,1.2000000476837158,1.23580002784729,431717,0.0,0.0
2025-05-01 13:48:00-04:00,1.2408000230789185,1.2599999904632568,1.2371000051498413,1.2371000051498413,23990,0.0,0.0
2025-05-01 13:49:00-04:00,1.243499994277954,1.2699999809265137,1.2400000095367432,1.26010000705719,34097,0.0,0.0
2025-05-01 13:50:00-04:00,1.2692999839782715,1.2999999523162842,1.25,1.2818000316619873,225141,0.0,0.0
2025-05-01 13:51:00-04:00,1.2898000478744507,1.2898000478744507,1.2799999713897705,1.2799999713897705,217,0.0,0.0
2025-05-01 13:52:00-04:00,1.2800999879837036,1.2800999879837036,1.2689000368118286,1.2699999809265137,10533,0.0,0.0
2025-05-01 13:53:00-04:00,1.2700999975204468,1.2700999975204468,1.2699999809265137,1.2699999809265137,2403,0.0,0.0
2025-05-01 13:54:00-04:00,1.274999976158142,1.274999976158142,1.274999976158142,1.274999976158142,478,0.0,0.0
2025-05-01 13:55:00-04:00,1.2699999809265137,1.2796000242233276,1.2699999809265137,1.2740000486373901,2559,0.0,0.0
2025-05-01 13:57:00-04:00,1.274999976158142,1.2793999910354614,1.2700999975204468,1.2700999975204468,7368,0.0,0.0
2025-05-01 13:58:00-04:00,1.2699999809265137,1.2699999809265137,1.2699999809265137,1.2699999809265137,8525,0.0,0.0
2025-05-01 13:59:00-04:00,1.2699999809265137,1.2699999809265137,1.2695000171661377,1.2695000171661377,21854,0.0,0.0
2025-05-01 14:00:00-04:00,1.2699999809265137,1.2699999809265137,1.26010000705719,1.26010000705719,6640,0.0,0.0
2025-05-01 14:01:00-04:00,1.2699999809265137,1.2699999809265137,1.2694000005722046,1.2699999809265137,1157,0.0,0.0
2025-05-01 14:02:00-04:00,1.2700999975204468,1.2700999975204468,1.2700999975204468,1.2700999975204468,2801,0.0,0.0
2025-05-01 14:05:00-04:00,1.2699999809265137,1.2699999809265137,1.2699999809265137,1.2699999809265137,4229,0.0,0.0
2025-05-01 14:07:00-04:00,1.26010000705719,1.2649999856948853,1.2599999904632568,1.2599999904632568,23050,0.0,0.0
2025-05-01 14:08:00-04:00,1.2649999856948853,1.2654999494552612,1.2604999542236328,1.2654999494552612,609,0.0,0.0
2025-05-01 14:09:00-04:00,1.2699999809265137,1.2699999809265137,1.25,1.2699999809265137,12270,0.0,0.0
2025-05-01 14:10:00-04:00,1.2699999809265137,1.2699999809265137,1.2699999809265137,1.2699999809265137,2620,0.0,0.0
2025-05-01 14:11:00-04:00,1.2699999809265137,1.2699999809265137,1.2599999904632568,1.2599999904632568,2705,0.0,0.0
2025-05-01 14:12:00-04:00,1.2649999856948853,1.2699999809265137,1.2592999935150146,1.2699999809265137,11800,0.0,0.0
2025-05-01 14:14:00-04:00,1.2599999904632568,1.2599999904632568,1.2599999904632568,1.2599999904632568,2446,0.0,0.0
2025-05-01 14:15:00-04:00,1.2599999904632568,1.2599999904632568,1.25,1.25,20542,0.0,0.0
2025-05-01 14:16:00-04:00,1.25,1.267699956893921,1.25,1.267699956893921,5365,0.0,0.0
2025-05-01 14:17:00-04:00,1.267799973487854,1.2699999809265137,1.25,1.2699999809265137,34574,0.0,0.0
2025-05-01 14:19:00-04:00,1.2699999809265137,1.2899999618530273,1.2628999948501587,1.2899999618530273,1834,0.0,0.0
2025-05-01 14:20:00-04:00,1.2899999618530273,1.2899999618530273,1.2853000164031982,1.2853000164031982,956,0.0,0.0
2025-05-01 14:22:00-04:00,1.2674000263214111,1.2674000263214111,1.2674000263214111,1.2674000263214111,300,0.0,0.0
2025-05-01 14:24:00-04:00,1.2799999713897705,1.2799999713897705,1.2599999904632568,1.2690999507904053,8050,0.0,0.0
2025-05-01 14:25:00-04:00,1.2599999904632568,1.2599999904632568,1.25,1.2599999904632568,9890,0.0,0.0
2025-05-01 14:26:00-04:00,1.2599999904632568,1.2699999809265137,1.25,1.2699999809265137,17131,0.0,0.0
2025-05-01 14:27:00-04:00,1.25,1.2599999904632568,1.25,1.2599999904632568,3275,0.0,0.0
2025-05-01 14:28:00-04:00,1.250100016593933,1.250100016593933,1.250100016593933,1.250100016593933,165,0.0,0.0
2025-05-01 14:29:00-04:00,1.2610000371932983,1.2610000371932983,1.2610000371932983,1.2610000371932983,2503,0.0,0.0
2025-05-01 14:30:00-04:00,1.2699999809265137,1.2699999809265137,1.2599999904632568,1.2599999904632568,2030,0.0,0.0
2025-05-01 14:32:00-04:00,1.2599999904632568,1.2649999856948853,1.2599999904632568,1.2649999856948853,7770,0.0,0.0
2025-05-01 14:33:00-04:00,1.2630000114440918,1.2630000114440918,1.2630000114440918,1.2630000114440918,600,0.0,0.0
2025-05-01 14:34:00-04:00,1.2649999856948853,1.2652000188827515,1.2599999904632568,1.2652000188827515,7263,0.0,0.0
2025-05-01 14:35:00-04:00,1.2649999856948853,1.2692999839782715,1.2649999856948853,1.2692999839782715,1171,0.0,0.0
2025-05-01 14:36:00-04:00,1.2676000595092773,1.2799999713897705,1.2676000595092773,1.2699999809265137,19598,0.0,0.0
2025-05-01 14:37:00-04:00,1.2649999856948853,1.2792999744415283,1.2649999856948853,1.2792999744415283,4211,0.0,0.0
2025-05-01 14:38:00-04:00,1.2699999809265137,1.2699999809265137,1.2604999542236328,1.2604999542236328,568,0.0,0.0
2025-05-01 14:39:00-04:00,1.2699999809265137,1.2699999809265137,1.2699999809265137,1.2699999809265137,1683,0.0,0.0
2025-05-01 14:40:00-04:00,1.270300030708313,1.270300030708313,1.270300030708313,1.270300030708313,318,0.0,0.0
2025-05-01 14:42:00-04:00,1.2699999809265137,1.274999976158142,1.2649999856948853,1.2699999809265137,2896,0.0,0.0
2025-05-01 14:43:00-04:00,1.274999976158142,1.274999976158142,1.274999976158142,1.274999976158142,903,0.0,0.0
2025-05-01 14:45:00-04:00,1.274999976158142,1.2899999618530273,1.274999976158142,1.284999966621399,26985,0.0,0.0
2025-05-01 14:46:00-04:00,1.2799999713897705,1.2799999713897705,1.2799999713897705,1.2799999713897705,2010,0.0,0.0
2025-05-01 14:47:00-04:00,1.284999966621399,1.2899999618530273,1.2802000045776367,1.2899999618530273,14508,0.0,0.0
2025-05-01 14:48:00-04:00,1.2894999980926514,1.2899999618530273,1.284999966621399,1.2899999618530273,14947,0.0,0.0
2025-05-01 14:49:00-04:00,1.2899999618530273,1.2899999618530273,1.2899999618530273,1.2899999618530273,1113,0.0,0.0
2025-05-01 14:50:00-04:00,1.2976000308990479,1.2976000308990479,1.2899999618530273,1.2899999618530273,342,0.0,0.0
2025-05-01 14:51:00-04:00,1.2860000133514404,1.2860000133514404,1.2860000133514404,1.2860000133514404,275,0.0,0.0
2025-05-01 14:52:00-04:00,1.2899999618530273,1.2899999618530273,1.2899999618530273,1.2899999618530273,5737,0.0,0.0
2025-05-01 14:53:00-04:00,1.2899999618530273,1.309999942779541,1.2899999618530273,1.3099000453948975,222445,0.0,0.0
2025-05-01 14:54:00-04:00,1.3092999458312988,1.3092999458312988,1.2999999523162842,1.2999999523162842,6380,0.0,0.0
2025-05-01 14:55:00-04:00,1.3098000288009644,1.3098000288009644,1.2899999618530273,1.2999999523162842,20815,0.0,0.0
2025-05-01 14:56:00-04:00,1.2999999523162842,1.3042000532150269,1.2999999523162842,1.3042000532150269,4265,0.0,0.0
2025-05-01 14:57:00-04:00,1.3049999475479126,1.3099000453948975,1.3049999475479126,1.3049999475479126,50238,0.0,0.0
2025-05-01 14:58:00-04:00,1.3049999475479126,1.3049999475479126,1.2999999523162842,1.2999999523162842,563,0.0,0.0
2025-05-01 14:59:00-04:00,1.3049999475479126,1.309999942779541,1.2999999523162842,1.309999942779541,3185,0.0,0.0
2025-05-01 15:00:00-04:00,1.2999999523162842,1.3049999475479126,1.2999999523162842,1.3049999475479126,11236,0.0,0.0
2025-05-01 15:01:00-04:00,1.3049999475479126,1.309999942779541,1.3003000020980835,1.3003000020980835,4589,0.0,0.0
2025-05-01 15:02:00-04:00,1.2999999523162842,1.309999942779541,1.2999999523162842,1.2999999523162842,7664,0.0,0.0
2025-05-01 15:03:00-04:00,1.292099952697754,1.2949999570846558,1.2899999618530273,1.2899999618530273,8103,0.0,0.0
2025-05-01 15:04:00-04:00,1.2949999570846558,1.309999942779541,1.2899999618530273,1.309999942779541,6464,0.0,0.0
2025-05-01 15:05:00-04:00,1.3049999475479126,1.3049999475479126,1.3049999475479126,1.3049999475479126,816,0.0,0.0
2025-05-01 15:06:00-04:00,1.2999999523162842,1.2999999523162842,1.2999999523162842,1.2999999523162842,674,0.0,0.0
2025-05-01 15:07:00-04:00,1.3000999689102173,1.309999942779541,1.3000999689102173,1.309999942779541,4660,0.0,0.0
2025-05-01 15:08:00-04:00,1.3049999475479126,1.3099000453948975,1.3049999475479126,1.3099000453948975,28912,0.0,0.0
2025-05-01 15:10:00-04:00,1.2999999523162842,1.309999942779541,1.2899999618530273,1.3049999475479126,86821,0.0,0.0
2025-05-01 15:11:00-04:00,1.3011000156402588,1.3011000156402588,1.3000999689102173,1.3000999689102173,2177,0.0,0.0
2025-05-01 15:12:00-04:00,1.3049999475479126,1.3049999475479126,1.3049999475479126,1.3049999475479126,516,0.0,0.0
2025-05-01 15:13:00-04:00,1.309399962425232,1.309399962425232,1.309399962425232,1.309399962425232,2014,0.0,0.0
2025-05-01 15:14:00-04:00,1.3000999689102173,1.3000999689102173,1.3000999689102173,1.3000999689102173,2122,0.0,0.0
2025-05-01 15:15:00-04:00,1.2999999523162842,1.2999999523162842,1.2999999523162842,1.2999999523162842,3810,0.0,0.0
2025-05-01 15:16:00-04:00,1.2999999523162842,1.3049999475479126,1.2899999618530273,1.2930999994277954,9279,0.0,0.0
2025-05-01 15:18:00-04:00,1.2900999784469604,1.2900999784469604,1.2899999618530273,1.2899999618530273,19526,0.0,0.0
2025-05-01 15:19:00-04:00,1.2949999570846558,1.2999999523162842,1.2944999933242798,1.2944999933242798,2226,0.0,0.0
2025-05-01 15:20:00-04:00,1.2907999753952026,1.2907999753952026,1.2905000448226929,1.2905000448226929,2259,0.0,0.0
2025-05-01 15:21:00-04:00,1.2949999570846558,1.2949999570846558,1.2903000116348267,1.2949999570846558,815,0.0,0.0
2025-05-01 15:22:00-04:00,1.2999999523162842,1.2999999523162842,1.2899999618530273,1.2999999523162842,20230,0.0,0.0
2025-05-01 15:23:00-04:00,1.2999999523162842,1.2999999523162842,1.2998000383377075,1.2998000383377075,748,0.0,0.0
2025-05-01 15:25:00-04:00,1.2950999736785889,1.2999999523162842,1.2899999618530273,1.2999999523162842,7830,0.0,0.0
2025-05-01 15:26:00-04:00,1.2900999784469604,1.2949999570846558,1.2899999618530273,1.2899999618530273,6882,0.0,0.0
2025-05-01 15:27:00-04:00,1.2999999523162842,1.2999999523162842,1.2999999523162842,1.2999999523162842,4000,0.0,0.0
2025-05-01 15:28:00-04:00,1.2999999523162842,1.2999999523162842,1.2899999618530273,1.295199990272522,65314,0.0,0.0
2025-05-01 15:29:00-04:00,1.2949999570846558,1.2949999570846558,1.2900999784469604,1.2900999784469604,2105,0.0,0.0
2025-05-01 15:30:00-04:00,1.2949999570846558,1.2949999570846558,1.2899999618530273,1.2900999784469604,3187,0.0,0.0
2025-05-01 15:31:00-04:00,1.2984999418258667,1.2999999523162842,1.2900999784469604,1.2907999753952026,5527,0.0,0.0
2025-05-01 15:32:00-04:00,1.2949999570846558,1.2999999523162842,1.2900999784469604,1.2900999784469604,6966,0.0,0.0
2025-05-01 15:33:00-04:00,1.2999999523162842,1.2999999523162842,1.2999999523162842,1.2999999523162842,430,0.0,0.0
2025-05-01 15:34:00-04:00,1.2989000082015991,1.2999999523162842,1.2944999933242798,1.2944999933242798,5440,0.0,0.0
2025-05-01 15:35:00-04:00,1.2949999570846558,1.2999999523162842,1.2900999784469604,1.2991000413894653,3235,0.0,0.0
2025-05-01 15:36:00-04:00,1.2949999570846558,1.3049999475479126,1.2949999570846558,1.3049999475479126,9014,0.0,0.0
2025-05-01 15:37:00-04:00,1.3049999475479126,1.3049999475479126,1.2999999523162842,1.2999999523162842,1052,0.0,0.0
2025-05-01 15:38:00-04:00,1.2999999523162842,1.305400013923645,1.284999966621399,1.2899999618530273,31186,0.0,0.0
2025-05-01 15:39:00-04:00,1.2799999713897705,1.2851999998092651,1.2799999713897705,1.2800999879837036,23384,0.0,0.0
2025-05-01 15:40:00-04:00,1.284999966621399,1.284999966621399,1.284999966621399,1.284999966621399,2145,0.0,0.0
2025-05-01 15:41:00-04:00,1.2899999618530273,1.2967000007629395,1.2699999809265137,1.2967000007629395,30042,0.0,0.0
2025-05-01 15:42:00-04:00,1.2899999618530273,1.2900999784469604,1.2802000045776367,1.2899999618530273,21482,0.0,0.0
2025-05-01 15:43:00-04:00,1.2899999618530273,1.2899999618530273,1.2899999618530273,1.2899999618530273,980,0.0,0.0
2025-05-01 15:44:00-04:00,1.2899999618530273,1.297700047492981,1.2899999618530273,1.297700047492981,1244,0.0,0.0
2025-05-01 15:45:00-04:00,1.2990000247955322,1.2999000549316406,1.2900999784469604,1.2999000549316406,7051,0.0,0.0
2025-05-01 15:46:00-04:00,1.2949999570846558,1.2949999570846558,1.2900999784469604,1.2900999784469604,1700,0.0,0.0
2025-05-01 15:47:00-04:00,1.2899999618530273,1.2998000383377075,1.2899999618530273,1.2899999618530273,18020,0.0,0.0
2025-05-01 15:48:00-04:00,1.2800999879837036,1.2899999618530273,1.2799999713897705,1.2899999618530273,4956,0.0,0.0
2025-05-01 15:49:00-04:00,1.284999966621399,1.284999966621399,1.2799999713897705,1.2799999713897705,476,0.0,0.0
2025-05-01 15:50:00-04:00,1.284999966621399,1.2899999618530273,1.2826999425888062,1.2899999618530273,3231,0.0,0.0
2025-05-01 15:51:00-04:00,1.2803000211715698,1.2869000434875488,1.2799999713897705,1.2869000434875488,6618,0.0,0.0
2025-05-01 15:52:00-04:00,1.2799999713897705,1.2891000509262085,1.2799999713897705,1.2891000509262085,3474,0.0,0.0
2025-05-01 15:53:00-04:00,1.2802000045776367,1.2899999618530273,1.2800999879837036,1.2899999618530273,10185,0.0,0.0
2025-05-01 15:54:00-04:00,1.284999966621399,1.2899999618530273,1.274999976158142,1.2899999618530273,17458,0.0,0.0
2025-05-01 15:55:00-04:00,1.2864999771118164,1.2899999618530273,1.2803000211715698,1.2889000177383423,12648,0.0,0.0
2025-05-01 15:56:00-04:00,1.284999966621399,1.2899999618530273,1.274999976158142,1.2899999618530273,20892,0.0,0.0
2025-05-01 15:57:00-04:00,1.2898999452590942,1.2999999523162842,1.284999966621399,1.284999966621399,33318,0.0,0.0
2025-05-01 15:58:00-04:00,1.2899999618530273,1.2999999523162842,1.284999966621399,1.2896000146865845,20084,0.0,0.0
2025-05-01 15:59:00-04:00,1.2899999618530273,1.2999999523162842,1.2812999486923218,1.2949999570846558,44781,0.0,0.0
2025-05-02 09:30:00-04:00,1.2000000476837158,1.2300000190734863,1.2000000476837158,1.2050000429153442,813219,0.0,0.0
2025-05-02 09:31:00-04:00,1.2050000429153442,1.2299000024795532,1.2000000476837158,1.2299000024795532,49297,0.0,0.0
2025-05-02 09:32:00-04:00,1.225000023841858,1.225000023841858,1.2100000381469727,1.215000033378601,38074,0.0,0.0
2025-05-02 09:33:00-04:00,1.225000023841858,1.2300000190734863,1.2200000286102295,1.2288999557495117,74585,0.0,0.0
2025-05-02 09:34:00-04:00,1.2209999561309814,1.225100040435791,1.1799999475479126,1.1900999546051025,118694,0.0,0.0
2025-05-02 09:35:00-04:00,1.1799999475479126,1.190000057220459,1.1799999475479126,1.1799999475479126,48037,0.0,0.0
2025-05-02 09:36:00-04:00,1.1799999475479126,1.190000057220459,1.159999966621399,1.159999966621399,61877,0.0,0.0
2025-05-02 09:37:00-04:00,1.1601999998092651,1.1699999570846558,1.159999966621399,1.1692999601364136,116200,0.0,0.0
2025-05-02 09:38:00-04:00,1.1699999570846558,1.190000057220459,1.1699999570846558,1.190000057220459,35247,0.0,0.0
2025-05-02 09:39:00-04:00,1.184999942779541,1.190000057220459,1.149999976158142,1.1749999523162842,45463,0.0,0.0
2025-05-02 09:40:00-04:00,1.162500023841858,1.190000057220459,1.162500023841858,1.190000057220459,22699,0.0,0.0
2025-05-02 09:41:00-04:00,1.1799999475479126,1.1864999532699585,1.1610000133514404,1.1610000133514404,15076,0.0,0.0
2025-05-02 09:42:00-04:00,1.170699954032898,1.1778000593185425,1.160599946975708,1.1749999523162842,11653,0.0,0.0
2025-05-02 09:43:00-04:00,1.1749999523162842,1.1749999523162842,1.1644999980926514,1.1644999980926514,68498,0.0,0.0
2025-05-02 09:44:00-04:00,1.1649999618530273,1.1649999618530273,1.1399999856948853,1.1593999862670898,116257,0.0,0.0
2025-05-02 09:45:00-04:00,1.1549999713897705,1.159999966621399,1.1410000324249268,1.1549999713897705,33986,0.0,0.0
2025-05-02 09:46:00-04:00,1.1411999464035034,1.1699999570846558,1.1399999856948853,1.1449999809265137,83556,0.0,0.0
2025-05-02 09:47:00-04:00,1.1401000022888184,1.149999976158142,1.1302000284194946,1.1302000284194946,98556,0.0,0.0
2025-05-02 09:48:00-04:00,1.1349999904632568,1.1399999856948853,1.125,1.1394000053405762,43830,0.0,0.0
2025-05-02 09:49:00-04:00,1.1354999542236328,1.1399999856948853,1.1299999952316284,1.1309000253677368,41161,0.0,0.0
2025-05-02 09:50:00-04:00,1.138800024986267,1.1399999856948853,1.1200000047683716,1.1210999488830566,101071,0.0,0.0
2025-05-02 09:51:00-04:00,1.1299999952316284,1.1399999856948853,1.1212999820709229,1.1349999904632568,43917,0.0,0.0
2025-05-02 09:52:00-04:00,1.1308000087738037,1.1468000411987305,1.1299999952316284,1.1468000411987305,49642,0.0,0.0
2025-05-02 09:53:00-04:00,1.1299999952316284,1.149999976158142,1.1299999952316284,1.1407999992370605,25502,0.0,0.0
2025-05-02 09:54:00-04:00,1.149999976158142,1.1584999561309814,1.1401000022888184,1.1449999809265137,6055,0.0,0.0
2025-05-02 09:55:00-04:00,1.1449999809265137,1.1588000059127808,1.1399999856948853,1.1588000059127808,23072,0.0,0.0
2025-05-02 09:56:00-04:00,1.149999976158142,1.149999976158142,1.1407999992370605,1.1407999992370605,15055,0.0,0.0
2025-05-02 09:57:00-04:00,1.1449999809265137,1.1598999500274658,1.1399999856948853,1.149999976158142,11137,0.0,0.0
2025-05-02 09:58:00-04:00,1.149999976158142,1.179900050163269,1.149999976158142,1.1687999963760376,61348,0.0,0.0
2025-05-02 09:59:00-04:00,1.1649999618530273,1.1699999570846558,1.1500999927520752,1.1649999618530273,18177,0.0,0.0
2025-05-02 10:00:00-04:00,1.1680999994277954,1.1699999570846558,1.1510000228881836,1.159999966621399,19387,0.0,0.0
2025-05-02 10:01:00-04:00,1.159999966621399,1.1693999767303467,1.1518000364303589,1.1693999767303467,19123,0.0,0.0
2025-05-02 10:02:00-04:00,1.1699999570846558,1.1699999570846558,1.159999966621399,1.1649999618530273,30050,0.0,0.0
2025-05-02 10:03:00-04:00,1.1655000448226929,1.1655000448226929,1.1399999856948853,1.149999976158142,45176,0.0,0.0
2025-05-02 10:04:00-04:00,1.1592999696731567,1.1592999696731567,1.1500999927520752,1.1545000076293945,2920,0.0,0.0
2025-05-02 10:05:00-04:00,1.1549999713897705,1.1591999530792236,1.149999976158142,1.1500999927520752,4322,0.0,0.0
2025-05-02 10:06:00-04:00,1.149999976158142,1.149999976158142,1.1426000595092773,1.1490000486373901,5885,0.0,0.0
2025-05-02 10:07:00-04:00,1.1401000022888184,1.148900032043457,1.1399999856948853,1.1399999856948853,7161,0.0,0.0
2025-05-02 10:08:00-04:00,1.1399999856948853,1.1399999856948853,1.1299999952316284,1.1349999904632568,25645,0.0,0.0
2025-05-02 10:09:00-04:00,1.1349999904632568,1.1490000486373901,1.1301000118255615,1.1449999809265137,9436,0.0,0.0
2025-05-02 10:10:00-04:00,1.149999976158142,1.159999966621399,1.149999976158142,1.1593999862670898,32040,0.0,0.0
2025-05-02 10:11:00-04:00,1.1598999500274658,1.159999966621399,1.1502000093460083,1.1507999897003174,3246,0.0,0.0
2025-05-02 10:12:00-04:00,1.159999966621399,1.159999966621399,1.1500999927520752,1.1500999927520752,2249,0.0,0.0
2025-05-02 10:13:00-04:00,1.1507999897003174,1.159999966621399,1.149999976158142,1.1598999500274658,12732,0.0,0.0
2025-05-02 10:14:00-04:00,1.1506999731063843,1.159999966621399,1.1449999809265137,1.149999976158142,13862,0.0,0.0
2025-05-02 10:15:00-04:00,1.1404000520706177,1.149999976158142,1.1399999856948853,1.149999976158142,1947,0.0,0.0
2025-05-02 10:16:00-04:00,1.149999976158142,1.1549999713897705,1.1399999856948853,1.1549999713897705,22471,0.0,0.0
2025-05-02 10:17:00-04:00,1.1549999713897705,1.1550999879837036,1.1500999927520752,1.1550999879837036,9813,0.0,0.0
2025-05-02 10:18:00-04:00,1.1549999713897705,1.1549999713897705,1.1399999856948853,1.1449999809265137,17311,0.0,0.0
2025-05-02 10:19:00-04:00,1.1406999826431274,1.155500054359436,1.1399999856948853,1.155500054359436,42046,0.0,0.0
2025-05-02 10:20:00-04:00,1.1589000225067139,1.1589000225067139,1.1399999856948853,1.149999976158142,4548,0.0,0.0
2025-05-02 10:21:00-04:00,1.1549999713897705,1.1597000360488892,1.1399999856948853,1.1549999713897705,10056,0.0,0.0
2025-05-02 10:22:00-04:00,1.1549999713897705,1.1598000526428223,1.1549999713897705,1.1549999713897705,5747,0.0,0.0
2025-05-02 10:23:00-04:00,1.1549999713897705,1.159999966621399,1.1500999927520752,1.1562000513076782,72361,0.0,0.0
2025-05-02 10:24:00-04:00,1.1549999713897705,1.1598999500274658,1.1549999713897705,1.1598999500274658,1354,0.0,0.0
2025-05-02 10:25:00-04:00,1.1589000225067139,1.159999966621399,1.1549999713897705,1.159999966621399,8036,0.0,0.0
2025-05-02 10:26:00-04:00,1.1597000360488892,1.159999966621399,1.1503000259399414,1.1503000259399414,19410,0.0,0.0
2025-05-02 10:27:00-04:00,1.1511000394821167,1.1549999713897705,1.1500999927520752,1.1549999713897705,8988,0.0,0.0
2025-05-02 10:28:00-04:00,1.1549999713897705,1.1549999713897705,1.1505999565124512,1.1549999713897705,11688,0.0,0.0
2025-05-02 10:29:00-04:00,1.1518000364303589,1.159999966621399,1.1500999927520752,1.1504000425338745,8884,0.0,0.0
2025-05-02 10:30:00-04:00,1.1597000360488892,1.159999966621399,1.1518000364303589,1.1518000364303589,6008,0.0,0.0
2025-05-02 10:31:00-04:00,1.1512000560760498,1.1699999570846558,1.1512000560760498,1.1699999570846558,89283,0.0,0.0
2025-05-02 10:32:00-04:00,1.1699999570846558,1.1699999570846558,1.160099983215332,1.1699999570846558,35391,0.0,0.0
2025-05-02 10:33:00-04:00,1.1770999431610107,1.1799999475479126,1.1700999736785889,1.1749999523162842,22497,0.0,0.0
2025-05-02 10:34:00-04:00,1.1749999523162842,1.190000057220459,1.1700999736785889,1.190000057220459,16599,0.0,0.0
2025-05-02 10:35:00-04:00,1.1891000270843506,1.190000057220459,1.1800999641418457,1.190000057220459,24444,0.0,0.0
2025-05-02 10:36:00-04:00,1.1993000507354736,1.1998000144958496,1.190000057220459,1.1950000524520874,15965,0.0,0.0
2025-05-02 10:37:00-04:00,1.1950000524520874,1.1994999647140503,1.190000057220459,1.190000057220459,7071,0.0,0.0
2025-05-02 10:38:00-04:00,1.187000036239624,1.190600037574768,1.1800999641418457,1.1871999502182007,11427,0.0,0.0
2025-05-02 10:39:00-04:00,1.190000057220459,1.2000000476837158,1.190000057220459,1.1950000524520874,30270,0.0,0.0
2025-05-02 10:40:00-04:00,1.1993999481201172,1.1993999481201172,1.1991000175476074,1.1991000175476074,22669,0.0,0.0
2025-05-02 10:41:00-04:00,1.1999000310897827,1.1999000310897827,1.1904000043869019,1.190999984741211,0,0.0,0.0
2025-05-02 10:42:00-04:00,1.1900999546051025,1.2000000476837158,1.1900999546051025,1.2000000476837158,5792,0.0,0.0
2025-05-02 10:43:00-04:00,1.1996999979019165,1.1996999979019165,1.1699999570846558,1.1700999736785889,100585,0.0,0.0
2025-05-02 10:44:00-04:00,1.1700999736785889,1.176800012588501,1.1700999736785889,1.176800012588501,16487,0.0,0.0
2025-05-02 10:45:00-04:00,1.174399971961975,1.1764999628067017,1.159999966621399,1.1764999628067017,49761,0.0,0.0
2025-05-02 10:46:00-04:00,1.1749999523162842,1.190000057220459,1.1699999570846558,1.190000057220459,21387,0.0,0.0
2025-05-02 10:47:00-04:00,1.1841000318527222,1.184999942779541,1.1799999475479126,1.1799999475479126,10290,0.0,0.0
2025-05-02 10:48:00-04:00,1.184999942779541,1.190000057220459,1.1800999641418457,1.184999942779541,8825,0.0,0.0
2025-05-02 10:49:00-04:00,1.1892999410629272,1.190000057220459,1.1799999475479126,1.1799999475479126,15002,0.0,0.0
2025-05-02 10:50:00-04:00,1.1816999912261963,1.1892000436782837,1.180299997329712,1.184999942779541,6153,0.0,0.0
2025-05-02 10:51:00-04:00,1.184999942779541,1.190000057220459,1.184999942779541,1.1899000406265259,1641,0.0,0.0
2025-05-02 10:52:00-04:00,1.1801999807357788,1.184999942779541,1.1801999807357788,1.184999942779541,756,0.0,0.0
2025-05-02 10:53:00-04:00,1.1811000108718872,1.1891000270843506,1.1805000305175781,1.1891000270843506,9024,0.0,0.0
2025-05-02 10:54:00-04:00,1.187000036239624,1.190000057220459,1.1800999641418457,1.190000057220459,7047,0.0,0.0
2025-05-02 10:55:00-04:00,1.1826000213623047,1.190000057220459,1.1826000213623047,1.184999942779541,9608,0.0,0.0
2025-05-02 10:56:00-04:00,1.184999942779541,1.190000057220459,1.184999942779541,1.184999942779541,66708,0.0,0.0
2025-05-02 10:57:00-04:00,1.190000057220459,1.190000057220459,1.184999942779541,1.184999942779541,8566,0.0,0.0
2025-05-02 10:58:00-04:00,1.1899000406265259,1.1899000406265259,1.1899000406265259,1.1899000406265259,780,0.0,0.0
2025-05-02 10:59:00-04:00,1.1816999912261963,1.1816999912261963,1.170799970626831,1.170799970626831,4849,0.0,0.0
2025-05-02 11:00:00-04:00,1.1750999689102173,1.1799999475479126,1.1718000173568726,1.1749999523162842,7675,0.0,0.0
2025-05-02 11:01:00-04:00,1.1715999841690063,1.1799999475479126,1.1715999841690063,1.1799999475479126,2960,0.0,0.0
2025-05-02 11:02:00-04:00,1.1699999570846558,1.1699999570846558,1.1699999570846558,1.1699999570846558,936,0.0,0.0
2025-05-02 11:03:00-04:00,1.1699999570846558,1.1799999475479126,1.159999966621399,1.1699999570846558,50094,0.0,0.0
2025-05-02 11:04:00-04:00,1.1726000308990479,1.1726000308990479,1.1699999570846558,1.1699999570846558,1151,0.0,0.0
2025-05-02 11:05:00-04:00,1.1749999523162842,1.1749999523162842,1.1713000535964966,1.1713000535964966,2381,0.0,0.0
2025-05-02 11:06:00-04:00,1.1749999523162842,1.1796000003814697,1.1699999570846558,1.1796000003814697,1294,0.0,0.0
2025-05-02 11:07:00-04:00,1.1700999736785889,1.1700999736785889,1.1700999736785889,1.1700999736785889,1038,0.0,0.0
2025-05-02 11:08:00-04:00,1.1749999523162842,1.1753000020980835,1.1699999570846558,1.1750999689102173,65240,0.0,0.0
2025-05-02 11:09:00-04:00,1.1700999736785889,1.1700999736785889,1.159999966621399,1.1649999618530273,63112,0.0,0.0
2025-05-02 11:10:00-04:00,1.169700026512146,1.1749999523162842,1.159999966621399,1.160099983215332,32921,0.0,0.0
2025-05-02 11:11:00-04:00,1.159999966621399,1.160099983215332,1.1500999927520752,1.1500999927520752,13918,0.0,0.0
2025-05-02 11:12:00-04:00,1.1549999713897705,1.159999966621399,1.149999976158142,1.1502000093460083,43172,0.0,0.0
2025-05-02 11:13:00-04:00,1.1549999713897705,1.159999966621399,1.1545000076293945,1.15910005569458,5918,0.0,0.0
2025-05-02 11:14:00-04:00,1.1509000062942505,1.1549999713897705,1.1506999731063843,1.1549999713897705,5870,0.0,0.0
2025-05-02 11:15:00-04:00,1.159999966621399,1.159999966621399,1.149999976158142,1.1505999565124512,9847,0.0,0.0
2025-05-02 11:16:00-04:00,1.1511000394821167,1.155500054359436,1.1509000062942505,1.155500054359436,1146,0.0,0.0
2025-05-02 11:17:00-04:00,1.149999976158142,1.159999966621399,1.149999976158142,1.1549999713897705,40630,0.0,0.0
2025-05-02 11:18:00-04:00,1.159999966621399,1.1699999570846558,1.159999966621399,1.169800043106079,4852,0.0,0.0
2025-05-02 11:19:00-04:00,1.159999966621399,1.160099983215332,1.1549999713897705,1.159999966621399,6997,0.0,0.0
2025-05-02 11:20:00-04:00,1.159500002861023,1.159999966621399,1.1506999731063843,1.1506999731063843,15566,0.0,0.0
2025-05-02 11:21:00-04:00,1.1549999713897705,1.159999966621399,1.1512000560760498,1.1547000408172607,0,0.0,0.0
2025-05-02 11:22:00-04:00,1.149999976158142,1.1549999713897705,1.149999976158142,1.1510000228881836,1955,0.0,0.0
2025-05-02 11:24:00-04:00,1.1549999713897705,1.159999966621399,1.149999976158142,1.149999976158142,1544,0.0,0.0
2025-05-02 11:25:00-04:00,1.1549999713897705,1.1592999696731567,1.1549999713897705,1.1592999696731567,3930,0.0,0.0
2025-05-02 11:26:00-04:00,1.155500054359436,1.1598999500274658,1.1511000394821167,1.1591999530792236,1340,0.0,0.0
2025-05-02 11:27:00-04:00,1.159500002861023,1.159500002861023,1.1549999713897705,1.1549999713897705,4058,0.0,0.0
2025-05-02 11:28:00-04:00,1.1588000059127808,1.1588000059127808,1.149999976158142,1.1510000228881836,12542,0.0,0.0
2025-05-02 11:29:00-04:00,1.1504000425338745,1.156499981880188,1.149999976158142,1.1520999670028687,9992,0.0,0.0
2025-05-02 11:30:00-04:00,1.149999976158142,1.149999976158142,1.1349999904632568,1.1349999904632568,78940,0.0,0.0
2025-05-02 11:31:00-04:00,1.1349999904632568,1.1374000310897827,1.1200000047683716,1.1374000310897827,132750,0.0,0.0
2025-05-02 11:32:00-04:00,1.1349999904632568,1.1349999904632568,1.1299999952316284,1.1349999904632568,13947,0.0,0.0
2025-05-02 11:33:00-04:00,1.1301000118255615,1.1399999856948853,1.1299999952316284,1.1399999856948853,20111,0.0,0.0
2025-05-02 11:34:00-04:00,1.1318000555038452,1.1398999691009521,1.1318000555038452,1.1349999904632568,11170,0.0,0.0
2025-05-02 11:35:00-04:00,1.1399999856948853,1.1399999856948853,1.1299999952316284,1.1349999904632568,7837,0.0,0.0
2025-05-02 11:36:00-04:00,1.1399999856948853,1.1399999856948853,1.1299999952316284,1.1299999952316284,12957,0.0,0.0
2025-05-02 11:37:00-04:00,1.1349999904632568,1.1349999904632568,1.1299999952316284,1.1349999904632568,10852,0.0,0.0
2025-05-02 11:38:00-04:00,1.1349999904632568,1.1363999843597412,1.1301000118255615,1.1301000118255615,23415,0.0,0.0
2025-05-02 11:39:00-04:00,1.1398999691009521,1.1398999691009521,1.1299999952316284,1.13919997215271,18901,0.0,0.0
2025-05-02 11:40:00-04:00,1.1399999856948853,1.1399999856948853,1.1349999904632568,1.13919997215271,1892,0.0,0.0
2025-05-02 11:41:00-04:00,1.1349999904632568,1.1349999904632568,1.1299999952316284,1.1349999904632568,11562,0.0,0.0
2025-05-02 11:42:00-04:00,1.1302000284194946,1.139799952507019,1.1302000284194946,1.139799952507019,2813,0.0,0.0
2025-05-02 11:43:00-04:00,1.1349999904632568,1.1349999904632568,1.1349999904632568,1.1349999904632568,210,0.0,0.0
2025-05-02 11:44:00-04:00,1.1349999904632568,1.1399999856948853,1.1301000118255615,1.1399999856948853,6800,0.0,0.0
2025-05-02 11:45:00-04:00,1.1399999856948853,1.1399999856948853,1.1299999952316284,1.1299999952316284,9941,0.0,0.0
2025-05-02 11:46:00-04:00,1.1389000415802002,1.1389000415802002,1.131100058555603,1.1349999904632568,4680,0.0,0.0
2025-05-02 11:47:00-04:00,1.1324000358581543,1.1354999542236328,1.1311999559402466,1.1311999559402466,1281,0.0,0.0
2025-05-02 11:48:00-04:00,1.1389000415802002,1.1399999856948853,1.1301000118255615,1.1349999904632568,3065,0.0,0.0
2025-05-02 11:49:00-04:00,1.1399999856948853,1.1449999809265137,1.1349999904632568,1.1399999856948853,61424,0.0,0.0
2025-05-02 11:50:00-04:00,1.1448999643325806,1.149399995803833,1.1448999643325806,1.1449999809265137,1426,0.0,0.0
2025-05-02 11:51:00-04:00,1.1449999809265137,1.1449999809265137,1.1399999856948853,1.1399999856948853,4812,0.0,0.0
2025-05-02 11:52:00-04:00,1.1490999460220337,1.1497999429702759,1.1490999460220337,1.1497999429702759,11555,0.0,0.0
2025-05-02 11:53:00-04:00,1.1403000354766846,1.1411000490188599,1.1403000354766846,1.1411000490188599,0,0.0,0.0
2025-05-02 11:54:00-04:00,1.1449999809265137,1.1449999809265137,1.1401000022888184,1.1401000022888184,898,0.0,0.0
2025-05-02 11:55:00-04:00,1.1403000354766846,1.1449999809265137,1.1399999856948853,1.1403000354766846,2372,0.0,0.0
2025-05-02 11:56:00-04:00,1.1491999626159668,1.1491999626159668,1.1491999626159668,1.1491999626159668,1010,0.0,0.0
2025-05-02 11:57:00-04:00,1.1491999626159668,1.1491999626159668,1.1399999856948853,1.1399999856948853,7143,0.0,0.0
2025-05-02 11:58:00-04:00,1.1449999809265137,1.1449999809265137,1.1449999809265137,1.1449999809265137,1253,0.0,0.0
2025-05-02 11:59:00-04:00,1.1410000324249268,1.1449999809265137,1.1399999856948853,1.1411999464035034,2755,0.0,0.0
2025-05-02 12:00:00-04:00,1.1492999792099,1.149999976158142,1.1449999809265137,1.1480000019073486,15359,0.0,0.0
2025-05-02 12:01:00-04:00,1.1449999809265137,1.149899959564209,1.1399999856948853,1.1409000158309937,17092,0.0,0.0
2025-05-02 12:02:00-04:00,1.1399999856948853,1.1399999856948853,1.1399999856948853,1.1399999856948853,1471,0.0,0.0
2025-05-02 12:03:00-04:00,1.1399999856948853,1.1491999626159668,1.1399999856948853,1.1491999626159668,5436,0.0,0.0
2025-05-02 12:04:00-04:00,1.149999976158142,1.149999976158142,1.1399999856948853,1.1399999856948853,5852,0.0,0.0
2025-05-02 12:05:00-04:00,1.1449999809265137,1.1449999809265137,1.1449999809265137,1.1449999809265137,300,0.0,0.0
2025-05-02 12:06:00-04:00,1.1411999464035034,1.149999976158142,1.1411999464035034,1.1497000455856323,16360,0.0,0.0
2025-05-02 12:07:00-04:00,1.1406999826431274,1.1490999460220337,1.1406999826431274,1.1449999809265137,18282,0.0,0.0
2025-05-02 12:08:00-04:00,1.1450999975204468,1.149899959564209,1.1399999856948853,1.149899959564209,26101,0.0,0.0
2025-05-02 12:09:00-04:00,1.1449999809265137,1.148900032043457,1.1399999856948853,1.1449999809265137,2456,0.0,0.0
2025-05-02 12:10:00-04:00,1.1449999809265137,1.1497000455856323,1.1449999809265137,1.1449999809265137,2275,0.0,0.0
2025-05-02 12:11:00-04:00,1.1497000455856323,1.1699999570846558,1.1449999809265137,1.1535999774932861,126009,0.0,0.0
2025-05-02 12:12:00-04:00,1.1549999713897705,1.159500002861023,1.1500999927520752,1.159500002861023,2769,0.0,0.0
2025-05-02 12:13:00-04:00,1.149999976158142,1.159999966621399,1.1449999809265137,1.159999966621399,15907,0.0,0.0
2025-05-02 12:14:00-04:00,1.1589000225067139,1.1589000225067139,1.1589000225067139,1.1589000225067139,352,0.0,0.0
2025-05-02 12:15:00-04:00,1.1549999713897705,1.1549999713897705,1.1500999927520752,1.1549999713897705,3083,0.0,0.0
2025-05-02 12:16:00-04:00,1.1549999713897705,1.1598999500274658,1.1500999927520752,1.1598999500274658,4750,0.0,0.0
2025-05-02 12:17:00-04:00,1.159999966621399,1.159999966621399,1.149999976158142,1.149999976158142,8740,0.0,0.0
2025-05-02 12:18:00-04:00,1.159999966621399,1.159999966621399,1.159999966621399,1.159999966621399,8649,0.0,0.0
2025-05-02 12:19:00-04:00,1.1549999713897705,1.1549999713897705,1.1549999713897705,1.1549999713897705,311,0.0,0.0
2025-05-02 12:20:00-04:00,1.1545000076293945,1.155500054359436,1.1500999927520752,1.155500054359436,21968,0.0,0.0
2025-05-02 12:21:00-04:00,1.1520999670028687,1.1592999696731567,1.1503000259399414,1.1548999547958374,0,0.0,0.0
2025-05-02 12:22:00-04:00,1.149999976158142,1.149999976158142,1.1399999856948853,1.149899959564209,8929,0.0,0.0
2025-05-02 12:23:00-04:00,1.146399974822998,1.149999976158142,1.1399999856948853,1.1403000354766846,31363,0.0,0.0
2025-05-02 12:24:00-04:00,1.1399999856948853,1.1399999856948853,1.1349999904632568,1.1349999904632568,4423,0.0,0.0
2025-05-02 12:25:00-04:00,1.1303999423980713,1.1398999691009521,1.1299999952316284,1.1398999691009521,31245,0.0,0.0
2025-05-02 12:26:00-04:00,1.1349999904632568,1.1349999904632568,1.1301000118255615,1.1303999423980713,0,0.0,0.0
2025-05-02 12:27:00-04:00,1.1349999904632568,1.1394000053405762,1.1301000118255615,1.1354999542236328,6461,0.0,0.0
2025-05-02 12:28:00-04:00,1.1301000118255615,1.1349999904632568,1.1299999952316284,1.1299999952316284,9007,0.0,0.0
2025-05-02 12:29:00-04:00,1.1349999904632568,1.1394000053405762,1.1349999904632568,1.1394000053405762,1716,0.0,0.0
2025-05-02 12:30:00-04:00,1.135200023651123,1.135200023651123,1.1301000118255615,1.1349999904632568,2592,0.0,0.0
2025-05-02 12:31:00-04:00,1.13919997215271,1.13919997215271,1.1345000267028809,1.1349999904632568,1032,0.0,0.0
2025-05-02 12:32:00-04:00,1.1349999904632568,1.1394000053405762,1.1349999904632568,1.1349999904632568,2551,0.0,0.0
2025-05-02 12:33:00-04:00,1.1301000118255615,1.13510000705719,1.1299999952316284,1.1299999952316284,27691,0.0,0.0
2025-05-02 12:34:00-04:00,1.135200023651123,1.1399999856948853,1.1349999904632568,1.1349999904632568,1409,0.0,0.0
2025-05-02 12:35:00-04:00,1.1349999904632568,1.1449999809265137,1.1349999904632568,1.1449999809265137,6881,0.0,0.0
2025-05-02 12:38:00-04:00,1.1449999809265137,1.149899959564209,1.1449999809265137,1.149899959564209,13261,0.0,0.0
2025-05-02 12:39:00-04:00,1.1492999792099,1.149999976158142,1.1449999809265137,1.149999976158142,0,0.0,0.0
2025-05-02 12:40:00-04:00,1.149999976158142,1.149999976158142,1.1449999809265137,1.1449999809265137,1664,0.0,0.0
2025-05-02 12:41:00-04:00,1.1497000455856323,1.1497000455856323,1.1409000158309937,1.1409000158309937,1399,0.0,0.0
2025-05-02 12:42:00-04:00,1.1449999809265137,1.1480000019073486,1.1449999809265137,1.1480000019073486,3149,0.0,0.0
2025-05-02 12:43:00-04:00,1.1449999809265137,1.1449999809265137,1.1299999952316284,1.1349999904632568,5144,0.0,0.0
2025-05-02 12:44:00-04:00,1.1349999904632568,1.1399999856948853,1.1299999952316284,1.1301000118255615,4092,0.0,0.0
2025-05-02 12:45:00-04:00,1.1349999904632568,1.1349999904632568,1.1301000118255615,1.1349999904632568,1027,0.0,0.0
2025-05-02 12:46:00-04:00,1.1349999904632568,1.1349999904632568,1.1323000192642212,1.1323000192642212,871,0.0,0.0
2025-05-02 12:47:00-04:00,1.1349999904632568,1.1349999904632568,1.131100058555603,1.1349999904632568,1024,0.0,0.0
2025-05-02 12:48:00-04:00,1.1349999904632568,1.1398999691009521,1.1349999904632568,1.1349999904632568,13144,0.0,0.0
2025-05-02 12:49:00-04:00,1.1349999904632568,1.1349999904632568,1.131100058555603,1.1349999904632568,3614,0.0,0.0
2025-05-02 12:50:00-04:00,1.131100058555603,1.131100058555603,1.1304999589920044,1.1304999589920044,908,0.0,0.0
2025-05-02 12:51:00-04:00,1.1349999904632568,1.1349999904632568,1.1349999904632568,1.1349999904632568,1834,0.0,0.0
2025-05-02 12:52:00-04:00,1.1380000114440918,1.1399999856948853,1.1380000114440918,1.1399999856948853,21130,0.0,0.0
2025-05-02 12:53:00-04:00,1.138800024986267,1.1390000581741333,1.1349999904632568,1.1390000581741333,0,0.0,0.0
2025-05-02 12:54:00-04:00,1.1349999904632568,1.1349999904632568,1.1349999904632568,1.1349999904632568,510,0.0,0.0
2025-05-02 12:55:00-04:00,1.1319999694824219,1.1349999904632568,1.1299999952316284,1.1306999921798706,1742,0.0,0.0
2025-05-02 12:56:00-04:00,1.1349999904632568,1.1349999904632568,1.1349999904632568,1.1349999904632568,1901,0.0,0.0
2025-05-02 12:57:00-04:00,1.1399999856948853,1.1399999856948853,1.1399999856948853,1.1399999856948853,758,0.0,0.0
2025-05-02 12:59:00-04:00,1.1349999904632568,1.1349999904632568,1.1200000047683716,1.1265000104904175,53579,0.0,0.0
2025-05-02 13:00:00-04:00,1.1299999952316284,1.1299999952316284,1.125,1.125,2297,0.0,0.0
2025-05-02 13:01:00-04:00,1.1299999952316284,1.1299999952316284,1.125,1.125100016593933,6080,0.0,0.0
2025-05-02 13:02:00-04:00,1.1200000047683716,1.125,1.1200000047683716,1.1200000047683716,120225,0.0,0.0
2025-05-02 13:03:00-04:00,1.125,1.1262999773025513,1.1201000213623047,1.1201000213623047,1651,0.0,0.0
2025-05-02 13:04:00-04:00,1.1200000047683716,1.1299999952316284,1.1200000047683716,1.125,23925,0.0,0.0
2025-05-02 13:05:00-04:00,1.1299999952316284,1.1299999952316284,1.1200000047683716,1.1201000213623047,20415,0.0,0.0
2025-05-02 13:06:00-04:00,1.124899983406067,1.1299999952316284,1.1200000047683716,1.1201000213623047,14204,0.0,0.0
2025-05-02 13:07:00-04:00,1.1276999711990356,1.1299999952316284,1.1201000213623047,1.1299999952316284,7294,0.0,0.0
2025-05-02 13:08:00-04:00,1.1200000047683716,1.1204999685287476,1.1200000047683716,1.1204999685287476,1508,0.0,0.0
2025-05-02 13:09:00-04:00,1.1212999820709229,1.1212999820709229,1.1212999820709229,1.1212999820709229,9752,0.0,0.0
2025-05-02 13:10:00-04:00,1.124500036239624,1.1288000345230103,1.1200000047683716,1.1200000047683716,3801,0.0,0.0
2025-05-02 13:11:00-04:00,1.1200000047683716,1.1200000047683716,1.090000033378601,1.090000033378601,145651,0.0,0.0
2025-05-02 13:12:00-04:00,1.090000033378601,1.0999000072479248,1.090000033378601,1.0989999771118164,18455,0.0,0.0
2025-05-02 13:13:00-04:00,1.0950000286102295,1.0997999906539917,1.0700000524520874,1.089400053024292,81286,0.0,0.0
2025-05-02 13:14:00-04:00,1.0850000381469727,1.090000033378601,1.0801000595092773,1.0850000381469727,46145,0.0,0.0
2025-05-02 13:15:00-04:00,1.0850000381469727,1.0850000381469727,1.0850000381469727,1.0850000381469727,1280,0.0,0.0
2025-05-02 13:16:00-04:00,1.089900016784668,1.090000033378601,1.0800000429153442,1.089400053024292,33940,0.0,0.0
2025-05-02 13:17:00-04:00,1.080299973487854,1.0855000019073486,1.0600999593734741,1.0700000524520874,49235,0.0,0.0
2025-05-02 13:18:00-04:00,1.0750000476837158,1.0800000429153442,1.0700000524520874,1.0799000263214111,24753,0.0,0.0
2025-05-02 13:19:00-04:00,1.0793999433517456,1.090000033378601,1.0705000162124634,1.0850000381469727,45846,0.0,0.0
2025-05-02 13:20:00-04:00,1.0801000595092773,1.090000033378601,1.0801000595092773,1.0850000381469727,25348,0.0,0.0
2025-05-02 13:21:00-04:00,1.0898000001907349,1.100000023841858,1.0850000381469727,1.0950000286102295,9984,0.0,0.0
2025-05-02 13:22:00-04:00,1.0989999771118164,1.100000023841858,1.0901000499725342,1.0950000286102295,12482,0.0,0.0
2025-05-02 13:23:00-04:00,1.0901000499725342,1.0923999547958374,1.0901000499725342,1.0907000303268433,5227,0.0,0.0
2025-05-02 13:24:00-04:00,1.0950000286102295,1.0950000286102295,1.0901999473571777,1.0901999473571777,10478,0.0,0.0
2025-05-02 13:25:00-04:00,1.100000023841858,1.100000023841858,1.090000033378601,1.0950000286102295,19915,0.0,0.0
2025-05-02 13:26:00-04:00,1.090000033378601,1.090000033378601,1.090000033378601,1.090000033378601,3084,0.0,0.0
2025-05-02 13:27:00-04:00,1.090499997138977,1.100000023841858,1.0901000499725342,1.0901000499725342,5488,0.0,0.0
2025-05-02 13:29:00-04:00,1.0850000381469727,1.0896999835968018,1.0850000381469727,1.0896999835968018,2408,0.0,0.0
2025-05-02 13:30:00-04:00,1.080299973487854,1.090000033378601,1.080299973487854,1.0850000381469727,22923,0.0,0.0
2025-05-02 13:31:00-04:00,1.0851000547409058,1.090000033378601,1.0713000297546387,1.090000033378601,60847,0.0,0.0
2025-05-02 13:32:00-04:00,1.0805000066757202,1.090000033378601,1.0805000066757202,1.0895999670028687,5260,0.0,0.0
2025-05-02 13:33:00-04:00,1.0850000381469727,1.090000033378601,1.0850000381469727,1.0850000381469727,25226,0.0,0.0
2025-05-02 13:34:00-04:00,1.0850000381469727,1.100000023841858,1.0800000429153442,1.0950000286102295,47096,0.0,0.0
2025-05-02 13:35:00-04:00,1.0901000499725342,1.0950000286102295,1.0800000429153442,1.0800000429153442,23744,0.0,0.0
2025-05-02 13:36:00-04:00,1.0894999504089355,1.0894999504089355,1.0800000429153442,1.0800000429153442,7534,0.0,0.0
2025-05-02 13:37:00-04:00,1.0855000019073486,1.0855000019073486,1.0855000019073486,1.0855000019073486,1103,0.0,0.0
2025-05-02 13:38:00-04:00,1.0894999504089355,1.0894999504089355,1.0894999504089355,1.0894999504089355,2600,0.0,0.0
2025-05-02 13:39:00-04:00,1.0809999704360962,1.0850000381469727,1.0809999704360962,1.0849000215530396,1736,0.0,0.0
2025-05-02 13:40:00-04:00,1.089900016784668,1.089900016784668,1.0800000429153442,1.0800000429153442,9630,0.0,0.0
2025-05-02 13:41:00-04:00,1.0801000595092773,1.0801000595092773,1.0750000476837158,1.0800000429153442,13040,0.0,0.0
2025-05-02 13:42:00-04:00,1.0800000429153442,1.090000033378601,1.0750000476837158,1.0893000364303589,19715,0.0,0.0
2025-05-02 13:43:00-04:00,1.0850000381469727,1.0875999927520752,1.0807000398635864,1.080899953842163,4955,0.0,0.0
2025-05-02 13:44:00-04:00,1.0850000381469727,1.0906000137329102,1.0850000381469727,1.0906000137329102,4163,0.0,0.0
2025-05-02 13:45:00-04:00,1.0950000286102295,1.0950000286102295,1.0902999639511108,1.0902999639511108,1994,0.0,0.0
2025-05-02 13:46:00-04:00,1.0950000286102295,1.100000023841858,1.0950000286102295,1.100000023841858,1761,0.0,0.0
2025-05-02 13:47:00-04:00,1.0950000286102295,1.0950000286102295,1.0950000286102295,1.0950000286102295,0,0.0,0.0
2025-05-02 13:48:00-04:00,1.0950000286102295,1.0950000286102295,1.0850000381469727,1.0850000381469727,8029,0.0,0.0
2025-05-02 13:49:00-04:00,1.0850000381469727,1.0850000381469727,1.0700000524520874,1.0750000476837158,75654,0.0,0.0
2025-05-02 13:50:00-04:00,1.0707999467849731,1.0800000429153442,1.0707999467849731,1.0800000429153442,2077,0.0,0.0
2025-05-02 13:51:00-04:00,1.0750000476837158,1.0750000476837158,1.0750000476837158,1.0750000476837158,1630,0.0,0.0
2025-05-02 13:52:00-04:00,1.0714999437332153,1.0714999437332153,1.070099949836731,1.070099949836731,4603,0.0,0.0
2025-05-02 13:53:00-04:00,1.0700000524520874,1.079800009727478,1.0700000524520874,1.0750000476837158,22738,0.0,0.0
2025-05-02 13:54:00-04:00,1.079800009727478,1.0800000429153442,1.0700000524520874,1.0750000476837158,28778,0.0,0.0
2025-05-02 13:55:00-04:00,1.0750000476837158,1.0800000429153442,1.0750000476837158,1.0750000476837158,22151,0.0,0.0
2025-05-02 13:56:00-04:00,1.079800009727478,1.0850000381469727,1.0750000476837158,1.0850000381469727,25998,0.0,0.0
2025-05-02 13:57:00-04:00,1.0855000019073486,1.100000023841858,1.0850000381469727,1.0851999521255493,17796,0.0,0.0
2025-05-02 13:58:00-04:00,1.090000033378601,1.100000023841858,1.0850000381469727,1.0949000120162964,22446,0.0,0.0
2025-05-02 13:59:00-04:00,1.0992000102996826,1.100000023841858,1.090000033378601,1.0952999591827393,8793,0.0,0.0
2025-05-02 14:00:00-04:00,1.0961999893188477,1.0961999893188477,1.0700000524520874,1.0850000381469727,86971,0.0,0.0
2025-05-02 14:01:00-04:00,1.0894999504089355,1.0894999504089355,1.089400053024292,1.089400053024292,1416,0.0,0.0
2025-05-02 14:02:00-04:00,1.0893000364303589,1.090000033378601,1.0849000215530396,1.090000033378601,3022,0.0,0.0
2025-05-02 14:04:00-04:00,1.0850000381469727,1.0850000381469727,1.0800000429153442,1.0850000381469727,1719,0.0,0.0
2025-05-02 14:05:00-04:00,1.0816999673843384,1.0816999673843384,1.0800000429153442,1.0805000066757202,2022,0.0,0.0
2025-05-02 14:06:00-04:00,1.0800000429153442,1.0850000381469727,1.0800000429153442,1.0800000429153442,6904,0.0,0.0
2025-05-02 14:07:00-04:00,1.0850000381469727,1.0850000381469727,1.0815000534057617,1.0844999551773071,2010,0.0,0.0
2025-05-02 14:08:00-04:00,1.0800000429153442,1.0800000429153442,1.0700000524520874,1.0750000476837158,19392,0.0,0.0
2025-05-02 14:09:00-04:00,1.0750000476837158,1.0750000476837158,1.0750000476837158,1.0750000476837158,536,0.0,0.0
2025-05-02 14:10:00-04:00,1.0788999795913696,1.0799000263214111,1.0750000476837158,1.0750000476837158,5713,0.0,0.0
2025-05-02 14:11:00-04:00,1.0750000476837158,1.0787999629974365,1.059999942779541,1.0693000555038452,37892,0.0,0.0
2025-05-02 14:12:00-04:00,1.0693000555038452,1.069700002670288,1.0601999759674072,1.0602999925613403,4818,0.0,0.0
2025-05-02 14:13:00-04:00,1.063099980354309,1.069700002670288,1.059999942779541,1.0600999593734741,40172,0.0,0.0
2025-05-02 14:14:00-04:00,1.0700000524520874,1.0700000524520874,1.059999942779541,1.0607000589370728,16875,0.0,0.0
2025-05-02 14:15:00-04:00,1.0627000331878662,1.0700000524520874,1.059999942779541,1.0699000358581543,28127,0.0,0.0
2025-05-02 14:16:00-04:00,1.065000057220459,1.0699000358581543,1.0607999563217163,1.0699000358581543,9543,0.0,0.0
2025-05-02 14:17:00-04:00,1.0600999593734741,1.065000057220459,1.0600999593734741,1.065000057220459,21150,0.0,0.0
2025-05-02 14:18:00-04:00,1.0699000358581543,1.0699000358581543,1.065000057220459,1.065000057220459,8632,0.0,0.0
2025-05-02 14:19:00-04:00,1.0693999528884888,1.0700000524520874,1.065000057220459,1.0700000524520874,5540,0.0,0.0
2025-05-02 14:20:00-04:00,1.0608999729156494,1.0700000524520874,1.059999942779541,1.059999942779541,8467,0.0,0.0
2025-05-02 14:21:00-04:00,1.0700000524520874,1.0750000476837158,1.059999942779541,1.0649000406265259,29061,0.0,0.0
2025-05-02 14:22:00-04:00,1.065000057220459,1.0700000524520874,1.065000057220459,1.0700000524520874,6306,0.0,0.0
2025-05-02 14:23:00-04:00,1.0800000429153442,1.0800000429153442,1.0749000310897827,1.0800000429153442,45540,0.0,0.0
2025-05-02 14:24:00-04:00,1.0709999799728394,1.0709999799728394,1.0700000524520874,1.0700000524520874,398,0.0,0.0
2025-05-02 14:25:00-04:00,1.0751999616622925,1.0751999616622925,1.065000057220459,1.0700000524520874,10767,0.0,0.0
2025-05-02 14:26:00-04:00,1.0611000061035156,1.0700000524520874,1.0611000061035156,1.065000057220459,15334,0.0,0.0
2025-05-02 14:27:00-04:00,1.0700000524520874,1.0700000524520874,1.0608999729156494,1.0644999742507935,3043,0.0,0.0
2025-05-02 14:28:00-04:00,1.065000057220459,1.0699000358581543,1.0607999563217163,1.0670000314712524,3118,0.0,0.0
2025-05-02 14:29:00-04:00,1.0649000406265259,1.0699000358581543,1.0618000030517578,1.065000057220459,15271,0.0,0.0
2025-05-02 14:30:00-04:00,1.0607000589370728,1.0693999528884888,1.0607000589370728,1.065000057220459,7238,0.0,0.0
2025-05-02 14:31:00-04:00,1.065000057220459,1.0700000524520874,1.059999942779541,1.0700000524520874,9776,0.0,0.0
2025-05-02 14:32:00-04:00,1.0700000524520874,1.0793999433517456,1.059999942779541,1.0793999433517456,10957,0.0,0.0
2025-05-02 14:33:00-04:00,1.0700000524520874,1.0700000524520874,1.0700000524520874,1.0700000524520874,1360,0.0,0.0
2025-05-02 14:34:00-04:00,1.0672999620437622,1.0700000524520874,1.0635000467300415,1.0635000467300415,1763,0.0,0.0
2025-05-02 14:35:00-04:00,1.065000057220459,1.0750000476837158,1.065000057220459,1.0750000476837158,2587,0.0,0.0
2025-05-02 14:36:00-04:00,1.0750000476837158,1.0750000476837158,1.0750000476837158,1.0750000476837158,4465,0.0,0.0
2025-05-02 14:37:00-04:00,1.0771000385284424,1.0800000429153442,1.0750000476837158,1.0800000429153442,7180,0.0,0.0
2025-05-02 14:38:00-04:00,1.0789999961853027,1.0794999599456787,1.0789999961853027,1.0794999599456787,6932,0.0,0.0
2025-05-02 14:39:00-04:00,1.070099949836731,1.070099949836731,1.070099949836731,1.070099949836731,2452,0.0,0.0
2025-05-02 14:40:00-04:00,1.0800000429153442,1.0850000381469727,1.0749000310897827,1.0751999616622925,19424,0.0,0.0
2025-05-02 14:41:00-04:00,1.070099949836731,1.0799000263214111,1.070099949836731,1.070099949836731,12004,0.0,0.0
2025-05-02 14:42:00-04:00,1.0750000476837158,1.0800000429153442,1.0700000524520874,1.0700000524520874,8301,0.0,0.0
2025-05-02 14:43:00-04:00,1.0752999782562256,1.0800000429153442,1.0710999965667725,1.0800000429153442,605,0.0,0.0
2025-05-02 14:44:00-04:00,1.0750000476837158,1.0794999599456787,1.070199966430664,1.070199966430664,5502,0.0,0.0
2025-05-02 14:45:00-04:00,1.0750000476837158,1.0750000476837158,1.070199966430664,1.0750000476837158,5042,0.0,0.0
2025-05-02 14:46:00-04:00,1.0750000476837158,1.0750000476837158,1.0700000524520874,1.0750000476837158,2485,0.0,0.0
2025-05-02 14:47:00-04:00,1.0750000476837158,1.0750000476837158,1.070199966430664,1.070199966430664,9418,0.0,0.0
2025-05-02 14:48:00-04:00,1.0750000476837158,1.0800000429153442,1.0750000476837158,1.0800000429153442,0,0.0,0.0
2025-05-02 14:49:00-04:00,1.079200029373169,1.079200029373169,1.0750000476837158,1.0750000476837158,5148,0.0,0.0
2025-05-02 14:50:00-04:00,1.070099949836731,1.0791000127792358,1.070099949836731,1.0750000476837158,1630,0.0,0.0
2025-05-02 14:51:00-04:00,1.0710999965667725,1.0710999965667725,1.070099949836731,1.070099949836731,2153,0.0,0.0
2025-05-02 14:52:00-04:00,1.0793999433517456,1.0793999433517456,1.070099949836731,1.070099949836731,10380,0.0,0.0
2025-05-02 14:53:00-04:00,1.0702999830245972,1.0750000476837158,1.0702999830245972,1.0750000476837158,4812,0.0,0.0
2025-05-02 14:55:00-04:00,1.0700000524520874,1.0787999629974365,1.0700000524520874,1.070099949836731,10493,0.0,0.0
2025-05-02 14:56:00-04:00,1.0700000524520874,1.0789999961853027,1.0700000524520874,1.0789999961853027,10778,0.0,0.0
2025-05-02 14:57:00-04:00,1.070099949836731,1.070099949836731,1.0700000524520874,1.0700000524520874,1276,0.0,0.0
2025-05-02 14:58:00-04:00,1.0707999467849731,1.0750000476837158,1.0700000524520874,1.0750000476837158,2395,0.0,0.0
2025-05-02 14:59:00-04:00,1.075700044631958,1.0800000429153442,1.070099949836731,1.0787999629974365,3698,0.0,0.0
2025-05-02 15:00:00-04:00,1.0789999961853027,1.0789999961853027,1.0702999830245972,1.0702999830245972,776,0.0,0.0
2025-05-02 15:01:00-04:00,1.0800000429153442,1.0885000228881836,1.0800000429153442,1.0808000564575195,20807,0.0,0.0
2025-05-02 15:02:00-04:00,1.0850000381469727,1.0889999866485596,1.080199956893921,1.080199956893921,1236,0.0,0.0
2025-05-02 15:03:00-04:00,1.080199956893921,1.090000033378601,1.0800000429153442,1.090000033378601,15097,0.0,0.0
2025-05-02 15:04:00-04:00,1.089900016784668,1.089900016784668,1.0800000429153442,1.0800000429153442,1489,0.0,0.0
2025-05-02 15:06:00-04:00,1.0855000019073486,1.090000033378601,1.0801000595092773,1.0801000595092773,7052,0.0,0.0
2025-05-02 15:07:00-04:00,1.089900016784668,1.089900016784668,1.0850000381469727,1.0850000381469727,4880,0.0,0.0
2025-05-02 15:08:00-04:00,1.0806000232696533,1.0891000032424927,1.0801000595092773,1.0891000032424927,1643,0.0,0.0
2025-05-02 15:09:00-04:00,1.0850000381469727,1.0850000381469727,1.0850000381469727,1.0850000381469727,3205,0.0,0.0
2025-05-02 15:10:00-04:00,1.0892000198364258,1.0892000198364258,1.0809999704360962,1.0888999700546265,3435,0.0,0.0
2025-05-02 15:11:00-04:00,1.0800000429153442,1.0800000429153442,1.0800000429153442,1.0800000429153442,282,0.0,0.0
2025-05-02 15:12:00-04:00,1.0801000595092773,1.0801000595092773,1.0801000595092773,1.0801000595092773,1566,0.0,0.0
2025-05-02 15:13:00-04:00,1.0891000032424927,1.0893000364303589,1.0891000032424927,1.0893000364303589,4117,0.0,0.0
2025-05-02 15:14:00-04:00,1.090000033378601,1.090000033378601,1.0850000381469727,1.0850000381469727,11321,0.0,0.0
2025-05-02 15:15:00-04:00,1.0850000381469727,1.0881999731063843,1.0850000381469727,1.0881999731063843,1307,0.0,0.0
2025-05-02 15:16:00-04:00,1.0851999521255493,1.0950000286102295,1.0801000595092773,1.0850000381469727,36045,0.0,0.0
2025-05-02 15:17:00-04:00,1.0906000137329102,1.0906000137329102,1.0800000429153442,1.0850000381469727,7207,0.0,0.0
2025-05-02 15:18:00-04:00,1.0893000364303589,1.0950000286102295,1.0850000381469727,1.0950000286102295,24623,0.0,0.0
2025-05-02 15:19:00-04:00,1.0931999683380127,1.100000023841858,1.0901000499725342,1.100000023841858,16825,0.0,0.0
2025-05-02 15:20:00-04:00,1.0999000072479248,1.0999000072479248,1.090499997138977,1.0949000120162964,7240,0.0,0.0
2025-05-02 15:21:00-04:00,1.0950000286102295,1.100000023841858,1.0901000499725342,1.098099946975708,113214,0.0,0.0
2025-05-02 15:22:00-04:00,1.100000023841858,1.100000023841858,1.0950000286102295,1.0950000286102295,55782,0.0,0.0
2025-05-02 15:23:00-04:00,1.0987999439239502,1.0999000072479248,1.0950000286102295,1.0999000072479248,1430,0.0,0.0
2025-05-02 15:24:00-04:00,1.0997999906539917,1.0997999906539917,1.0950000286102295,1.0950000286102295,5368,0.0,0.0
2025-05-02 15:25:00-04:00,1.0950000286102295,1.100000023841858,1.0950000286102295,1.0993000268936157,2110,0.0,0.0
2025-05-02 15:26:00-04:00,1.0950000286102295,1.0950000286102295,1.0950000286102295,1.0950000286102295,1013,0.0,0.0
2025-05-02 15:27:00-04:00,1.0930999517440796,1.100000023841858,1.0930999517440796,1.100000023841858,1189,0.0,0.0
2025-05-02 15:28:00-04:00,1.0950000286102295,1.100000023841858,1.0950000286102295,1.0950000286102295,7665,0.0,0.0
2025-05-02 15:29:00-04:00,1.0989999771118164,1.100000023841858,1.0950000286102295,1.100000023841858,1317,0.0,0.0
2025-05-02 15:31:00-04:00,1.0999000072479248,1.0999000072479248,1.0950000286102295,1.0987999439239502,2838,0.0,0.0
2025-05-02 15:33:00-04:00,1.0950000286102295,1.0950000286102295,1.0950000286102295,1.0950000286102295,400,0.0,0.0
2025-05-02 15:34:00-04:00,1.0913000106811523,1.100000023841858,1.0913000106811523,1.0954999923706055,12864,0.0,0.0
2025-05-02 15:35:00-04:00,1.0950000286102295,1.0988999605178833,1.090000033378601,1.090000033378601,12407,0.0,0.0
2025-05-02 15:36:00-04:00,1.0990999937057495,1.0990999937057495,1.0901000499725342,1.0988999605178833,4964,0.0,0.0
2025-05-02 15:37:00-04:00,1.0950000286102295,1.100000023841858,1.0950000286102295,1.0954999923706055,22351,0.0,0.0
2025-05-02 15:38:00-04:00,1.0950000286102295,1.100000023841858,1.09089994430542,1.100000023841858,4445,0.0,0.0
2025-05-02 15:39:00-04:00,1.100000023841858,1.100000023841858,1.0950000286102295,1.0950000286102295,4898,0.0,0.0
2025-05-02 15:40:00-04:00,1.090999960899353,1.0950000286102295,1.0901000499725342,1.0901000499725342,8934,0.0,0.0
2025-05-02 15:41:00-04:00,1.0902999639511108,1.0951999425888062,1.0902999639511108,1.0950000286102295,4758,0.0,0.0
2025-05-02 15:42:00-04:00,1.0990999937057495,1.100000023841858,1.0990999937057495,1.100000023841858,2087,0.0,0.0
2025-05-02 15:43:00-04:00,1.0997999906539917,1.100000023841858,1.0986000299453735,1.0987999439239502,6547,0.0,0.0
2025-05-02 15:44:00-04:00,1.0954999923706055,1.100000023841858,1.0954999923706055,1.100000023841858,3895,0.0,0.0
2025-05-02 15:45:00-04:00,1.100000023841858,1.100000023841858,1.0901999473571777,1.0901999473571777,17171,0.0,0.0
2025-05-02 15:46:00-04:00,1.0950000286102295,1.0999000072479248,1.093000054359436,1.093000054359436,4810,0.0,0.0
2025-05-02 15:47:00-04:00,1.0950000286102295,1.100000023841858,1.090000033378601,1.090000033378601,7383,0.0,0.0
2025-05-02 15:48:00-04:00,1.0950000286102295,1.0950000286102295,1.090000033378601,1.090000033378601,39919,0.0,0.0
2025-05-02 15:49:00-04:00,1.0986000299453735,1.100000023841858,1.0950000286102295,1.100000023841858,4237,0.0,0.0
2025-05-02 15:50:00-04:00,1.0950000286102295,1.100000023841858,1.0902999639511108,1.100000023841858,2895,0.0,0.0
2025-05-02 15:51:00-04:00,1.0901999473571777,1.0964000225067139,1.0901999473571777,1.0902999639511108,4952,0.0,0.0
2025-05-02 15:52:00-04:00,1.0954999923706055,1.0988999605178833,1.0906000137329102,1.0906000137329102,6607,0.0,0.0
2025-05-02 15:53:00-04:00,1.0901000499725342,1.100000023841858,1.090000033378601,1.0968999862670898,15203,0.0,0.0
2025-05-02 15:54:00-04:00,1.0901000499725342,1.0950000286102295,1.090000033378601,1.090000033378601,7263,0.0,0.0
2025-05-02 15:55:00-04:00,1.090000033378601,1.0949000120162964,1.090000033378601,1.0949000120162964,6420,0.0,0.0
2025-05-02 15:56:00-04:00,1.100000023841858,1.100000023841858,1.0976999998092651,1.0976999998092651,3289,0.0,0.0
2025-05-02 15:57:00-04:00,1.090000033378601,1.100000023841858,1.0801000595092773,1.0950000286102295,104678,0.0,0.0
2025-05-02 15:58:00-04:00,1.090000033378601,1.0980000495910645,1.0806000232696533,1.0893000364303589,50333,0.0,0.0
2025-05-02 15:59:00-04:00,1.0850000381469727,1.100000023841858,1.0800000429153442,1.0850000381469727,94765,0.0,0.0
