Datetime,Open,High,Low,Close,Volume,Dividends,Stock Splits
2024-06-24 09:00:00+09:00,1840.0,1840.0,1840.0,1840.0,0,0.0,0.0
2024-06-24 09:05:00+09:00,1846.0,1846.0,1846.0,1846.0,140,0.0,0.0
2024-06-24 09:06:00+09:00,1868.0,1868.0,1868.0,1868.0,0,0.0,0.0
2024-06-24 09:07:00+09:00,1841.0,1841.0,1841.0,1841.0,2,0.0,0.0
2024-06-24 09:12:00+09:00,1853.0,1853.0,1853.0,1853.0,7,0.0,0.0
2024-06-24 09:17:00+09:00,1851.0,1851.0,1842.0,1842.0,2,0.0,0.0
2024-06-24 09:18:00+09:00,1848.0,1848.0,1848.0,1848.0,49,0.0,0.0
2024-06-24 09:20:00+09:00,1847.0,1847.0,1847.0,1847.0,59,0.0,0.0
2024-06-24 09:29:00+09:00,1842.0,1846.0,1841.0,1842.0,2043,0.0,0.0
2024-06-24 09:30:00+09:00,1841.0,1841.0,1840.0,1840.0,640,0.0,0.0
2024-06-24 09:31:00+09:00,1835.0,1840.0,1835.0,1840.0,8,0.0,0.0
2024-06-24 09:32:00+09:00,1835.0,1867.0,1835.0,1867.0,6718,0.0,0.0
2024-06-24 09:34:00+09:00,1835.0,1835.0,1834.0,1834.0,3,0.0,0.0
2024-06-24 09:35:00+09:00,1855.0,1900.0,1855.0,1900.0,6386,0.0,0.0
2024-06-24 09:36:00+09:00,1886.0,1886.0,1886.0,1886.0,0,0.0,0.0
2024-06-24 09:38:00+09:00,1845.0,1845.0,1845.0,1845.0,46,0.0,0.0
2024-06-24 09:43:00+09:00,1865.0,1865.0,1865.0,1865.0,145,0.0,0.0
2024-06-24 09:44:00+09:00,1855.0,1855.0,1854.0,1854.0,0,0.0,0.0
2024-06-24 09:46:00+09:00,1848.0,1880.0,1848.0,1878.0,2781,0.0,0.0
2024-06-24 09:47:00+09:00,1878.0,1878.0,1878.0,1878.0,5,0.0,0.0
2024-06-24 09:51:00+09:00,1876.0,1876.0,1858.0,1869.0,4,0.0,0.0
2024-06-24 09:52:00+09:00,1858.0,1858.0,1839.0,1839.0,2328,0.0,0.0
2024-06-24 09:53:00+09:00,1854.0,1854.0,1854.0,1854.0,0,0.0,0.0
2024-06-24 09:57:00+09:00,1856.0,1856.0,1856.0,1856.0,0,0.0,0.0
2024-06-24 10:01:00+09:00,1856.0,1856.0,1856.0,1856.0,19712,0.0,0.0
2024-06-24 10:02:00+09:00,1856.0,1856.0,1856.0,1856.0,0,0.0,0.0
2024-06-24 10:04:00+09:00,1856.0,1856.0,1856.0,1856.0,2,0.0,0.0
2024-06-24 10:05:00+09:00,1856.0,1857.0,1856.0,1857.0,184,0.0,0.0
2024-06-24 10:06:00+09:00,1857.0,1857.0,1857.0,1857.0,0,0.0,0.0
2024-06-24 10:08:00+09:00,1857.0,1876.0,1857.0,1876.0,9,0.0,0.0
2024-06-24 10:09:00+09:00,1876.0,1876.0,1876.0,1876.0,1,0.0,0.0
2024-06-24 10:14:00+09:00,1846.0,1846.0,1846.0,1846.0,1,0.0,0.0
2024-06-24 10:15:00+09:00,1870.0,1870.0,1870.0,1870.0,1,0.0,0.0
2024-06-24 10:24:00+09:00,1858.0,1860.0,1858.0,1860.0,468,0.0,0.0
2024-06-24 10:26:00+09:00,1842.0,1858.0,1842.0,1858.0,0,0.0,0.0
2024-06-24 10:29:00+09:00,1842.0,1842.0,1842.0,1842.0,488,0.0,0.0
2024-06-24 10:30:00+09:00,1841.0,1842.0,1841.0,1841.0,0,0.0,0.0
2024-06-24 10:32:00+09:00,1842.0,1842.0,1842.0,1842.0,28,0.0,0.0
2024-06-24 10:34:00+09:00,1841.0,1841.0,1840.0,1840.0,103,0.0,0.0
2024-06-24 10:35:00+09:00,1840.0,1840.0,1837.0,1840.0,249,0.0,0.0
2024-06-24 10:38:00+09:00,1837.0,1837.0,1836.0,1836.0,2234,0.0,0.0
2024-06-24 10:39:00+09:00,1835.0,1835.0,1835.0,1835.0,214,0.0,0.0
2024-06-24 10:41:00+09:00,1834.0,1834.0,1834.0,1834.0,4373,0.0,0.0
2024-06-24 10:43:00+09:00,1834.0,1834.0,1834.0,1834.0,25,0.0,0.0
2024-06-24 10:45:00+09:00,1832.0,1832.0,1827.0,1827.0,1132,0.0,0.0
2024-06-24 10:46:00+09:00,1827.0,1827.0,1825.0,1825.0,23,0.0,0.0
2024-06-24 10:47:00+09:00,1830.0,1830.0,1827.0,1827.0,34,0.0,0.0
2024-06-24 10:48:00+09:00,1829.0,1884.0,1829.0,1883.0,4925,0.0,0.0
2024-06-24 10:49:00+09:00,1842.0,1843.0,1842.0,1843.0,53,0.0,0.0
2024-06-24 10:50:00+09:00,1869.0,1869.0,1864.0,1864.0,0,0.0,0.0
2024-06-24 10:53:00+09:00,1838.0,1838.0,1838.0,1838.0,2,0.0,0.0
2024-06-24 11:02:00+09:00,1863.0,1863.0,1863.0,1863.0,0,0.0,0.0
2024-06-24 11:03:00+09:00,1863.0,1863.0,1863.0,1863.0,9,0.0,0.0
2024-06-24 11:12:00+09:00,1863.0,1863.0,1863.0,1863.0,4,0.0,0.0
2024-06-24 11:13:00+09:00,1862.0,1863.0,1862.0,1863.0,44,0.0,0.0
2024-06-24 11:14:00+09:00,1862.0,1862.0,1862.0,1862.0,9,0.0,0.0
2024-06-24 11:18:00+09:00,1861.0,1863.0,1861.0,1862.0,53,0.0,0.0
2024-06-24 11:22:00+09:00,1862.0,1862.0,1862.0,1862.0,16,0.0,0.0
2024-06-24 11:23:00+09:00,1862.0,1862.0,1862.0,1862.0,22,0.0,0.0
2024-06-24 11:31:00+09:00,1861.0,1861.0,1861.0,1861.0,0,0.0,0.0
2024-06-24 11:33:00+09:00,1845.0,1845.0,1844.0,1844.0,205,0.0,0.0
2024-06-24 11:34:00+09:00,1844.0,1845.0,1838.0,1838.0,1428,0.0,0.0
2024-06-24 11:35:00+09:00,1838.0,1838.0,1829.0,1829.0,218,0.0,0.0
2024-06-24 11:36:00+09:00,1844.0,1844.0,1844.0,1844.0,9,0.0,0.0
2024-06-24 11:37:00+09:00,1844.0,1845.0,1844.0,1845.0,6555,0.0,0.0
2024-06-24 11:38:00+09:00,1845.0,1845.0,1828.0,1828.0,0,0.0,0.0
2024-06-24 11:39:00+09:00,1837.0,1837.0,1834.0,1834.0,0,0.0,0.0
2024-06-24 11:40:00+09:00,1834.0,1834.0,1834.0,1834.0,2,0.0,0.0
2024-06-24 11:42:00+09:00,1829.0,1829.0,1829.0,1829.0,22,0.0,0.0
2024-06-24 11:44:00+09:00,1831.0,1831.0,1829.0,1829.0,261,0.0,0.0
2024-06-24 11:49:00+09:00,1832.0,1832.0,1832.0,1832.0,12,0.0,0.0
2024-06-24 11:50:00+09:00,1832.0,1832.0,1832.0,1832.0,0,0.0,0.0
2024-06-24 11:55:00+09:00,1830.0,1830.0,1830.0,1830.0,208,0.0,0.0
2024-06-24 12:01:00+09:00,1830.0,1830.0,1830.0,1830.0,0,0.0,0.0
2024-06-24 12:10:00+09:00,1831.0,1831.0,1831.0,1831.0,35,0.0,0.0
2024-06-24 12:11:00+09:00,1831.0,1832.0,1831.0,1832.0,4,0.0,0.0
2024-06-24 12:17:00+09:00,1832.0,1832.0,1830.0,1830.0,603,0.0,0.0
2024-06-24 12:26:00+09:00,1830.0,1830.0,1829.0,1829.0,3909,0.0,0.0
2024-06-24 12:28:00+09:00,1833.0,1833.0,1832.0,1832.0,0,0.0,0.0
2024-06-24 12:29:00+09:00,1832.0,1832.0,1832.0,1832.0,36,0.0,0.0
2024-06-24 12:30:00+09:00,1832.0,1832.0,1832.0,1832.0,60,0.0,0.0
2024-06-24 12:41:00+09:00,1833.0,1833.0,1833.0,1833.0,0,0.0,0.0
2024-06-24 12:42:00+09:00,1832.0,1834.0,1832.0,1834.0,2443,0.0,0.0
2024-06-24 12:44:00+09:00,1834.0,1834.0,1834.0,1834.0,0,0.0,0.0
2024-06-24 12:45:00+09:00,1834.0,1835.0,1834.0,1835.0,127,0.0,0.0
2024-06-24 12:46:00+09:00,1831.0,1831.0,1828.0,1828.0,0,0.0,0.0
2024-06-24 12:52:00+09:00,1835.0,1835.0,1835.0,1835.0,3,0.0,0.0
2024-06-24 13:01:00+09:00,1829.0,1829.0,1829.0,1829.0,0,0.0,0.0
2024-06-24 13:07:00+09:00,1830.0,1830.0,1826.0,1826.0,5941,0.0,0.0
2024-06-24 13:08:00+09:00,1826.0,1826.0,1826.0,1826.0,0,0.0,0.0
2024-06-24 13:09:00+09:00,1828.0,1828.0,1826.0,1828.0,4,0.0,0.0
2024-06-24 13:10:00+09:00,1826.0,1828.0,1826.0,1828.0,2,0.0,0.0
2024-06-24 13:12:00+09:00,1828.0,1829.0,1828.0,1828.0,1426,0.0,0.0
2024-06-24 13:13:00+09:00,1829.0,1829.0,1826.0,1829.0,92,0.0,0.0
2024-06-24 13:15:00+09:00,1828.0,1829.0,1828.0,1829.0,3304,0.0,0.0
2024-06-24 13:16:00+09:00,1829.0,1829.0,1829.0,1829.0,6685,0.0,0.0
2024-06-24 13:22:00+09:00,1829.0,1829.0,1829.0,1829.0,281,0.0,0.0
2024-06-24 13:23:00+09:00,1829.0,1829.0,1829.0,1829.0,304,0.0,0.0
2024-06-24 13:24:00+09:00,1829.0,1829.0,1829.0,1829.0,0,0.0,0.0
2024-06-24 13:25:00+09:00,1828.0,1828.0,1825.0,1826.0,88,0.0,0.0
2024-06-24 13:26:00+09:00,1825.0,1826.0,1825.0,1826.0,126,0.0,0.0
2024-06-24 13:27:00+09:00,1826.0,1826.0,1826.0,1826.0,198,0.0,0.0
2024-06-24 13:28:00+09:00,1826.0,1827.0,1826.0,1827.0,0,0.0,0.0
2024-06-24 13:29:00+09:00,1827.0,1827.0,1827.0,1827.0,38,0.0,0.0
2024-06-24 13:30:00+09:00,1827.0,1827.0,1827.0,1827.0,2407,0.0,0.0
2024-06-24 13:32:00+09:00,1829.0,1829.0,1828.0,1828.0,0,0.0,0.0
2024-06-24 13:35:00+09:00,1828.0,1828.0,1828.0,1828.0,6,0.0,0.0
2024-06-24 13:36:00+09:00,1828.0,1828.0,1828.0,1828.0,154,0.0,0.0
2024-06-24 13:38:00+09:00,1827.0,1827.0,1827.0,1827.0,26,0.0,0.0
2024-06-24 13:44:00+09:00,1828.0,1828.0,1828.0,1828.0,187,0.0,0.0
2024-06-24 13:45:00+09:00,1828.0,1828.0,1828.0,1828.0,0,0.0,0.0
2024-06-24 13:50:00+09:00,1828.0,1829.0,1822.0,1822.0,3038,0.0,0.0
2024-06-24 13:53:00+09:00,1828.0,1828.0,1828.0,1828.0,17,0.0,0.0
2024-06-24 13:57:00+09:00,1823.0,1823.0,1823.0,1823.0,0,0.0,0.0
2024-06-24 13:58:00+09:00,1824.0,1828.0,1823.0,1825.0,5,0.0,0.0
2024-06-24 13:59:00+09:00,1824.0,1824.0,1823.0,1824.0,20,0.0,0.0
2024-06-24 14:01:00+09:00,1824.0,1824.0,1824.0,1824.0,997,0.0,0.0
2024-06-24 14:02:00+09:00,1828.0,1828.0,1828.0,1828.0,0,0.0,0.0
2024-06-24 14:04:00+09:00,1828.0,1828.0,1828.0,1828.0,2234,0.0,0.0
2024-06-24 14:05:00+09:00,1828.0,1828.0,1822.0,1822.0,51,0.0,0.0
2024-06-24 14:06:00+09:00,1822.0,1822.0,1822.0,1822.0,69,0.0,0.0
2024-06-24 14:07:00+09:00,1827.0,1827.0,1822.0,1822.0,64,0.0,0.0
2024-06-24 14:11:00+09:00,1827.0,1827.0,1823.0,1823.0,2213,0.0,0.0
2024-06-24 14:12:00+09:00,1822.0,1822.0,1822.0,1822.0,0,0.0,0.0
2024-06-24 14:13:00+09:00,1825.0,1825.0,1825.0,1825.0,9,0.0,0.0
2024-06-24 14:14:00+09:00,1825.0,1825.0,1825.0,1825.0,75,0.0,0.0
2024-06-24 14:16:00+09:00,1823.0,1823.0,1822.0,1822.0,7,0.0,0.0
2024-06-24 14:19:00+09:00,1823.0,1823.0,1823.0,1823.0,1,0.0,0.0
2024-06-24 14:21:00+09:00,1823.0,1823.0,1823.0,1823.0,10,0.0,0.0
2024-06-24 14:22:00+09:00,1822.0,1822.0,1822.0,1822.0,0,0.0,0.0
2024-06-24 14:27:00+09:00,1822.0,1822.0,1821.0,1821.0,815,0.0,0.0
2024-06-24 14:30:00+09:00,1822.0,1822.0,1821.0,1821.0,11,0.0,0.0
2024-06-24 14:32:00+09:00,1822.0,1823.0,1821.0,1823.0,1094,0.0,0.0
2024-06-24 14:33:00+09:00,1821.0,1821.0,1821.0,1821.0,2,0.0,0.0
2024-06-24 14:35:00+09:00,1821.0,1821.0,1815.0,1815.0,4147,0.0,0.0
2024-06-24 14:36:00+09:00,1818.0,1818.0,1815.0,1815.0,8,0.0,0.0
2024-06-24 14:37:00+09:00,1818.0,1818.0,1815.0,1818.0,480,0.0,0.0
2024-06-24 14:38:00+09:00,1815.0,1818.0,1815.0,1818.0,326,0.0,0.0
2024-06-24 14:39:00+09:00,1815.0,1818.0,1815.0,1816.0,168,0.0,0.0
2024-06-24 14:40:00+09:00,1819.0,1819.0,1819.0,1819.0,17,0.0,0.0
2024-06-24 14:45:00+09:00,1819.0,1819.0,1819.0,1819.0,0,0.0,0.0
2024-06-24 14:46:00+09:00,1819.0,1819.0,1819.0,1819.0,4430,0.0,0.0
2024-06-24 14:47:00+09:00,1823.0,1823.0,1823.0,1823.0,0,0.0,0.0
2024-06-24 14:54:00+09:00,1819.0,1819.0,1819.0,1819.0,49,0.0,0.0
2024-06-24 14:56:00+09:00,1823.0,1823.0,1823.0,1823.0,0,0.0,0.0
2024-06-25 09:00:00+09:00,1850.0,1850.0,1849.0,1850.0,269,0.0,0.0
2024-06-25 09:09:00+09:00,1829.0,1829.0,1829.0,1829.0,0,0.0,0.0
2024-06-25 09:12:00+09:00,1827.0,1828.0,1827.0,1828.0,87,0.0,0.0
2024-06-25 09:14:00+09:00,1828.0,1828.0,1828.0,1828.0,39,0.0,0.0
2024-06-25 09:16:00+09:00,1828.0,1828.0,1828.0,1828.0,52,0.0,0.0
2024-06-25 09:18:00+09:00,1828.0,1828.0,1828.0,1828.0,174,0.0,0.0
2024-06-25 09:21:00+09:00,1822.0,1822.0,1818.0,1818.0,1689,0.0,0.0
2024-06-25 09:22:00+09:00,1818.0,1818.0,1818.0,1818.0,100,0.0,0.0
2024-06-25 09:23:00+09:00,1814.0,1814.0,1813.0,1813.0,1709,0.0,0.0
2024-06-25 09:24:00+09:00,1813.0,1813.0,1813.0,1813.0,349,0.0,0.0
2024-06-25 09:25:00+09:00,1813.0,1813.0,1813.0,1813.0,0,0.0,0.0
2024-06-25 09:27:00+09:00,1813.0,1813.0,1813.0,1813.0,190,0.0,0.0
2024-06-25 09:29:00+09:00,1813.0,1813.0,1813.0,1813.0,100,0.0,0.0
2024-06-25 09:30:00+09:00,1813.0,1813.0,1813.0,1813.0,160,0.0,0.0
2024-06-25 09:31:00+09:00,1813.0,1813.0,1813.0,1813.0,274,0.0,0.0
2024-06-25 09:32:00+09:00,1817.0,1818.0,1817.0,1818.0,102,0.0,0.0
2024-06-25 09:37:00+09:00,1816.0,1816.0,1816.0,1816.0,0,0.0,0.0
2024-06-25 09:38:00+09:00,1815.0,1815.0,1815.0,1815.0,17,0.0,0.0
2024-06-25 09:39:00+09:00,1815.0,1816.0,1815.0,1816.0,115,0.0,0.0
2024-06-25 09:44:00+09:00,1816.0,1816.0,1816.0,1816.0,167,0.0,0.0
2024-06-25 09:45:00+09:00,1816.0,1818.0,1816.0,1818.0,1349,0.0,0.0
2024-06-25 09:46:00+09:00,1818.0,1825.0,1818.0,1822.0,2325,0.0,0.0
2024-06-25 09:47:00+09:00,1819.0,1819.0,1818.0,1818.0,0,0.0,0.0
2024-06-25 09:48:00+09:00,1821.0,1821.0,1821.0,1821.0,13,0.0,0.0
2024-06-25 09:55:00+09:00,1820.0,1820.0,1820.0,1820.0,2,0.0,0.0
2024-06-25 09:56:00+09:00,1820.0,1820.0,1820.0,1820.0,20,0.0,0.0
2024-06-25 10:00:00+09:00,1820.0,1820.0,1820.0,1820.0,0,0.0,0.0
2024-06-25 10:01:00+09:00,1820.0,1820.0,1820.0,1820.0,10,0.0,0.0
2024-06-25 10:02:00+09:00,1820.0,1820.0,1820.0,1820.0,0,0.0,0.0
2024-06-25 10:03:00+09:00,1818.0,1818.0,1818.0,1818.0,69,0.0,0.0
2024-06-25 10:04:00+09:00,1820.0,1820.0,1820.0,1820.0,70,0.0,0.0
2024-06-25 10:06:00+09:00,1820.0,1820.0,1820.0,1820.0,10,0.0,0.0
2024-06-25 10:18:00+09:00,1820.0,1821.0,1820.0,1821.0,131,0.0,0.0
2024-06-25 10:19:00+09:00,1818.0,1818.0,1817.0,1817.0,4916,0.0,0.0
2024-06-25 10:20:00+09:00,1816.0,1816.0,1816.0,1816.0,0,0.0,0.0
2024-06-25 10:21:00+09:00,1817.0,1817.0,1817.0,1817.0,2428,0.0,0.0
2024-06-25 10:22:00+09:00,1817.0,1817.0,1817.0,1817.0,0,0.0,0.0
2024-06-25 10:37:00+09:00,1817.0,1817.0,1817.0,1817.0,2156,0.0,0.0
2024-06-25 10:38:00+09:00,1817.0,1817.0,1817.0,1817.0,1991,0.0,0.0
2024-06-25 10:39:00+09:00,1817.0,1817.0,1816.0,1816.0,5850,0.0,0.0
2024-06-25 10:42:00+09:00,1815.0,1815.0,1815.0,1815.0,0,0.0,0.0
2024-06-25 10:44:00+09:00,1815.0,1815.0,1815.0,1815.0,27,0.0,0.0
2024-06-25 10:53:00+09:00,1815.0,1815.0,1815.0,1815.0,0,0.0,0.0
2024-06-25 10:55:00+09:00,1815.0,1816.0,1815.0,1816.0,76,0.0,0.0
2024-06-25 10:56:00+09:00,1816.0,1816.0,1816.0,1816.0,42,0.0,0.0
2024-06-25 11:01:00+09:00,1816.0,1816.0,1816.0,1816.0,978,0.0,0.0
2024-06-25 11:04:00+09:00,1817.0,1817.0,1817.0,1817.0,3,0.0,0.0
2024-06-25 11:07:00+09:00,1817.0,1817.0,1817.0,1817.0,32,0.0,0.0
2024-06-25 11:14:00+09:00,1817.0,1817.0,1817.0,1817.0,1952,0.0,0.0
2024-06-25 11:15:00+09:00,1818.0,1818.0,1818.0,1818.0,0,0.0,0.0
2024-06-25 11:17:00+09:00,1815.0,1815.0,1815.0,1815.0,0,0.0,0.0
2024-06-25 11:21:00+09:00,1818.0,1818.0,1818.0,1818.0,2526,0.0,0.0
2024-06-25 11:23:00+09:00,1818.0,1818.0,1818.0,1818.0,0,0.0,0.0
2024-06-25 11:27:00+09:00,1816.0,1818.0,1816.0,1818.0,21,0.0,0.0
2024-06-25 11:42:00+09:00,1818.0,1818.0,1818.0,1818.0,1057,0.0,0.0
2024-06-25 11:43:00+09:00,1818.0,1818.0,1818.0,1818.0,0,0.0,0.0
2024-06-25 12:12:00+09:00,1818.0,1818.0,1818.0,1818.0,0,0.0,0.0
2024-06-25 12:15:00+09:00,1816.0,1816.0,1815.0,1815.0,4584,0.0,0.0
2024-06-25 12:16:00+09:00,1817.0,1817.0,1817.0,1817.0,0,0.0,0.0
2024-06-25 12:17:00+09:00,1817.0,1817.0,1817.0,1817.0,3,0.0,0.0
2024-06-25 12:32:00+09:00,1814.0,1814.0,1814.0,1814.0,90,0.0,0.0
2024-06-25 12:36:00+09:00,1814.0,1814.0,1814.0,1814.0,1396,0.0,0.0
2024-06-25 12:39:00+09:00,1813.0,1813.0,1812.0,1812.0,8950,0.0,0.0
2024-06-25 12:40:00+09:00,1812.0,1812.0,1812.0,1812.0,0,0.0,0.0
2024-06-25 12:42:00+09:00,1811.0,1811.0,1811.0,1811.0,0,0.0,0.0
2024-06-25 12:43:00+09:00,1811.0,1811.0,1811.0,1811.0,1,0.0,0.0
2024-06-25 12:46:00+09:00,1812.0,1812.0,1812.0,1812.0,1,0.0,0.0
2024-06-25 12:48:00+09:00,1811.0,1811.0,1811.0,1811.0,0,0.0,0.0
2024-06-25 12:49:00+09:00,1812.0,1812.0,1811.0,1811.0,419,0.0,0.0
2024-06-25 12:51:00+09:00,1814.0,1815.0,1814.0,1815.0,474,0.0,0.0
2024-06-25 12:58:00+09:00,1815.0,1815.0,1815.0,1815.0,6,0.0,0.0
2024-06-25 13:02:00+09:00,1815.0,1815.0,1815.0,1815.0,816,0.0,0.0
2024-06-25 13:05:00+09:00,1815.0,1815.0,1815.0,1815.0,5,0.0,0.0
2024-06-25 13:09:00+09:00,1815.0,1815.0,1815.0,1815.0,30,0.0,0.0
2024-06-25 13:12:00+09:00,1812.0,1812.0,1811.0,1811.0,662,0.0,0.0
2024-06-25 13:13:00+09:00,1811.0,1811.0,1811.0,1811.0,0,0.0,0.0
2024-06-25 13:23:00+09:00,1814.0,1815.0,1814.0,1815.0,2457,0.0,0.0
2024-06-25 13:26:00+09:00,1818.0,1818.0,1818.0,1818.0,0,0.0,0.0
2024-06-25 13:27:00+09:00,1818.0,1824.0,1818.0,1824.0,175,0.0,0.0
2024-06-25 13:28:00+09:00,1826.0,1828.0,1826.0,1828.0,8,0.0,0.0
2024-06-25 13:43:00+09:00,1824.0,1824.0,1822.0,1822.0,3116,0.0,0.0
2024-06-25 13:44:00+09:00,1819.0,1819.0,1819.0,1819.0,0,0.0,0.0
2024-06-25 13:45:00+09:00,1819.0,1819.0,1819.0,1819.0,0,0.0,0.0
2024-06-25 14:05:00+09:00,1818.0,1819.0,1818.0,1819.0,3,0.0,0.0
2024-06-25 14:24:00+09:00,1819.0,1819.0,1819.0,1819.0,8,0.0,0.0
2024-06-25 14:33:00+09:00,1819.0,1819.0,1819.0,1819.0,4,0.0,0.0
2024-06-25 14:36:00+09:00,1819.0,1819.0,1819.0,1819.0,28,0.0,0.0
2024-06-25 14:45:00+09:00,1819.0,1819.0,1819.0,1819.0,0,0.0,0.0
2024-06-25 14:46:00+09:00,1819.0,1820.0,1819.0,1820.0,140,0.0,0.0
2024-06-25 14:47:00+09:00,1820.0,1823.0,1820.0,1823.0,89,0.0,0.0
2024-06-25 14:48:00+09:00,1818.0,1818.0,1818.0,1818.0,34,0.0,0.0
2024-06-25 14:49:00+09:00,1821.0,1821.0,1821.0,1821.0,21,0.0,0.0
2024-06-26 09:00:00+09:00,1815.0,1815.0,1815.0,1815.0,160,0.0,0.0
2024-06-26 09:02:00+09:00,1835.0,1835.0,1815.0,1815.0,3539,0.0,0.0
2024-06-26 09:03:00+09:00,1815.0,1844.0,1815.0,1844.0,0,0.0,0.0
2024-06-26 09:11:00+09:00,1839.0,1839.0,1839.0,1839.0,1,0.0,0.0
2024-06-26 09:12:00+09:00,1838.0,1839.0,1838.0,1839.0,1088,0.0,0.0
2024-06-26 09:14:00+09:00,1815.0,1815.0,1810.0,1810.0,1821,0.0,0.0
2024-06-26 09:15:00+09:00,1814.0,1814.0,1814.0,1814.0,2,0.0,0.0
2024-06-26 09:17:00+09:00,1814.0,1814.0,1809.0,1809.0,381,0.0,0.0
2024-06-26 09:18:00+09:00,1809.0,1810.0,1809.0,1810.0,363,0.0,0.0
2024-06-26 09:19:00+09:00,1810.0,1810.0,1809.0,1809.0,218,0.0,0.0
2024-06-26 09:20:00+09:00,1809.0,1809.0,1808.0,1808.0,243,0.0,0.0
2024-06-26 09:21:00+09:00,1808.0,1810.0,1808.0,1810.0,92,0.0,0.0
2024-06-26 09:22:00+09:00,1810.0,1810.0,1810.0,1810.0,31,0.0,0.0
2024-06-26 09:23:00+09:00,1810.0,1810.0,1808.0,1808.0,14,0.0,0.0
2024-06-26 09:24:00+09:00,1810.0,1810.0,1806.0,1810.0,499,0.0,0.0
2024-06-26 09:25:00+09:00,1810.0,1810.0,1810.0,1810.0,6,0.0,0.0
2024-06-26 09:27:00+09:00,1809.0,1809.0,1809.0,1809.0,17,0.0,0.0
2024-06-26 09:28:00+09:00,1807.0,1807.0,1807.0,1807.0,1990,0.0,0.0
2024-06-26 09:29:00+09:00,1809.0,1809.0,1809.0,1809.0,0,0.0,0.0
2024-06-26 09:30:00+09:00,1809.0,1809.0,1809.0,1809.0,12,0.0,0.0
2024-06-26 09:31:00+09:00,1807.0,1807.0,1806.0,1806.0,4380,0.0,0.0
2024-06-26 09:32:00+09:00,1806.0,1806.0,1803.0,1803.0,0,0.0,0.0
2024-06-26 09:33:00+09:00,1804.0,1804.0,1804.0,1804.0,140,0.0,0.0
2024-06-26 09:35:00+09:00,1802.0,1802.0,1802.0,1802.0,2,0.0,0.0
2024-06-26 09:36:00+09:00,1804.0,1805.0,1804.0,1804.0,13,0.0,0.0
2024-06-26 09:37:00+09:00,1804.0,1804.0,1804.0,1804.0,63,0.0,0.0
2024-06-26 09:38:00+09:00,1804.0,1804.0,1804.0,1804.0,18,0.0,0.0
2024-06-26 09:43:00+09:00,1804.0,1804.0,1804.0,1804.0,291,0.0,0.0
2024-06-26 09:44:00+09:00,1804.0,1804.0,1804.0,1804.0,32,0.0,0.0
2024-06-26 09:45:00+09:00,1804.0,1804.0,1804.0,1804.0,3,0.0,0.0
2024-06-26 09:46:00+09:00,1804.0,1804.0,1804.0,1804.0,15,0.0,0.0
2024-06-26 09:47:00+09:00,1802.0,1802.0,1801.0,1801.0,159,0.0,0.0
2024-06-26 09:51:00+09:00,1804.0,1804.0,1803.0,1803.0,20,0.0,0.0
2024-06-26 09:56:00+09:00,1803.0,1803.0,1801.0,1801.0,5332,0.0,0.0
2024-06-26 09:57:00+09:00,1803.0,1803.0,1803.0,1803.0,0,0.0,0.0
2024-06-26 09:58:00+09:00,1803.0,1803.0,1803.0,1803.0,1,0.0,0.0
2024-06-26 09:59:00+09:00,1803.0,1803.0,1803.0,1803.0,20,0.0,0.0
2024-06-26 10:01:00+09:00,1803.0,1803.0,1803.0,1803.0,0,0.0,0.0
2024-06-26 10:03:00+09:00,1803.0,1803.0,1803.0,1803.0,4,0.0,0.0
2024-06-26 10:04:00+09:00,1803.0,1803.0,1803.0,1803.0,16,0.0,0.0
2024-06-26 10:05:00+09:00,1803.0,1803.0,1803.0,1803.0,9,0.0,0.0
2024-06-26 10:10:00+09:00,1803.0,1803.0,1803.0,1803.0,22,0.0,0.0
2024-06-26 10:11:00+09:00,1803.0,1803.0,1803.0,1803.0,55,0.0,0.0
2024-06-26 10:12:00+09:00,1802.0,1802.0,1801.0,1801.0,1979,0.0,0.0
2024-06-26 10:13:00+09:00,1800.0,1800.0,1800.0,1800.0,0,0.0,0.0
2024-06-26 10:14:00+09:00,1802.0,1802.0,1802.0,1802.0,0,0.0,0.0
2024-06-26 10:17:00+09:00,1802.0,1802.0,1802.0,1802.0,53,0.0,0.0
2024-06-26 10:18:00+09:00,1802.0,1802.0,1802.0,1802.0,61,0.0,0.0
2024-06-26 10:19:00+09:00,1802.0,1802.0,1802.0,1802.0,25,0.0,0.0
2024-06-26 10:20:00+09:00,1802.0,1802.0,1802.0,1802.0,3,0.0,0.0
2024-06-26 10:21:00+09:00,1802.0,1803.0,1802.0,1803.0,1911,0.0,0.0
2024-06-26 10:22:00+09:00,1803.0,1803.0,1803.0,1803.0,301,0.0,0.0
2024-06-26 10:24:00+09:00,1801.0,1802.0,1800.0,1800.0,0,0.0,0.0
2024-06-26 10:25:00+09:00,1801.0,1802.0,1801.0,1802.0,4,0.0,0.0
2024-06-26 10:26:00+09:00,1802.0,1802.0,1802.0,1802.0,42,0.0,0.0
2024-06-26 10:28:00+09:00,1802.0,1802.0,1802.0,1802.0,69,0.0,0.0
2024-06-26 10:29:00+09:00,1803.0,1804.0,1803.0,1804.0,115,0.0,0.0
2024-06-26 10:31:00+09:00,1805.0,1805.0,1805.0,1805.0,0,0.0,0.0
2024-06-26 10:34:00+09:00,1804.0,1804.0,1804.0,1804.0,33,0.0,0.0
2024-06-26 10:36:00+09:00,1802.0,1802.0,1801.0,1801.0,9,0.0,0.0
2024-06-26 10:38:00+09:00,1803.0,1804.0,1803.0,1804.0,36,0.0,0.0
2024-06-26 10:44:00+09:00,1804.0,1804.0,1804.0,1804.0,197,0.0,0.0
2024-06-26 10:45:00+09:00,1804.0,1804.0,1804.0,1804.0,2014,0.0,0.0
2024-06-26 10:46:00+09:00,1805.0,1805.0,1805.0,1805.0,0,0.0,0.0
2024-06-26 10:47:00+09:00,1805.0,1805.0,1805.0,1805.0,178,0.0,0.0
2024-06-26 10:51:00+09:00,1806.0,1806.0,1804.0,1804.0,1089,0.0,0.0
2024-06-26 10:54:00+09:00,1804.0,1804.0,1804.0,1804.0,2,0.0,0.0
2024-06-26 10:58:00+09:00,1807.0,1810.0,1805.0,1810.0,220,0.0,0.0
2024-06-26 10:59:00+09:00,1807.0,1807.0,1807.0,1807.0,13,0.0,0.0
2024-06-26 11:08:00+09:00,1807.0,1807.0,1807.0,1807.0,0,0.0,0.0
2024-06-26 11:10:00+09:00,1807.0,1807.0,1805.0,1805.0,3958,0.0,0.0
2024-06-26 11:12:00+09:00,1807.0,1807.0,1807.0,1807.0,0,0.0,0.0
2024-06-26 11:13:00+09:00,1807.0,1807.0,1807.0,1807.0,43,0.0,0.0
2024-06-26 11:17:00+09:00,1807.0,1807.0,1807.0,1807.0,76,0.0,0.0
2024-06-26 11:26:00+09:00,1807.0,1808.0,1807.0,1808.0,51,0.0,0.0
2024-06-26 11:37:00+09:00,1808.0,1808.0,1808.0,1808.0,34,0.0,0.0
2024-06-26 11:47:00+09:00,1809.0,1809.0,1809.0,1809.0,256,0.0,0.0
2024-06-26 11:48:00+09:00,1809.0,1809.0,1809.0,1809.0,14,0.0,0.0
2024-06-26 12:07:00+09:00,1809.0,1809.0,1809.0,1809.0,1878,0.0,0.0
2024-06-26 12:10:00+09:00,1811.0,1813.0,1811.0,1813.0,0,0.0,0.0
2024-06-26 12:14:00+09:00,1809.0,1809.0,1806.0,1806.0,2028,0.0,0.0
2024-06-26 12:16:00+09:00,1806.0,1808.0,1806.0,1807.0,22,0.0,0.0
2024-06-26 12:17:00+09:00,1807.0,1807.0,1807.0,1807.0,24,0.0,0.0
2024-06-26 12:19:00+09:00,1807.0,1807.0,1807.0,1807.0,10,0.0,0.0
2024-06-26 12:21:00+09:00,1807.0,1808.0,1807.0,1808.0,2871,0.0,0.0
2024-06-26 12:28:00+09:00,1808.0,1808.0,1808.0,1808.0,0,0.0,0.0
2024-06-26 12:34:00+09:00,1809.0,1809.0,1809.0,1809.0,11,0.0,0.0
2024-06-26 13:09:00+09:00,1807.0,1807.0,1806.0,1806.0,879,0.0,0.0
2024-06-26 13:10:00+09:00,1805.0,1805.0,1805.0,1805.0,1280,0.0,0.0
2024-06-26 13:11:00+09:00,1804.0,1804.0,1804.0,1804.0,0,0.0,0.0
2024-06-26 13:25:00+09:00,1805.0,1805.0,1805.0,1805.0,28,0.0,0.0
2024-06-26 13:35:00+09:00,1805.0,1805.0,1805.0,1805.0,22,0.0,0.0
2024-06-26 13:40:00+09:00,1805.0,1805.0,1805.0,1805.0,26,0.0,0.0
2024-06-26 13:46:00+09:00,1804.0,1804.0,1800.0,1800.0,5410,0.0,0.0
2024-06-26 13:51:00+09:00,1802.0,1802.0,1802.0,1802.0,38,0.0,0.0
2024-06-26 13:53:00+09:00,1802.0,1802.0,1802.0,1802.0,1106,0.0,0.0
2024-06-26 13:54:00+09:00,1803.0,1803.0,1800.0,1800.0,0,0.0,0.0
2024-06-26 13:58:00+09:00,1802.0,1802.0,1802.0,1802.0,13,0.0,0.0
2024-06-26 13:59:00+09:00,1800.0,1800.0,1800.0,1800.0,1,0.0,0.0
2024-06-26 14:03:00+09:00,1802.0,1802.0,1802.0,1802.0,2,0.0,0.0
2024-06-26 14:05:00+09:00,1802.0,1803.0,1802.0,1803.0,1433,0.0,0.0
2024-06-26 14:12:00+09:00,1806.0,1806.0,1806.0,1806.0,27,0.0,0.0
2024-06-26 14:17:00+09:00,1806.0,1813.0,1806.0,1812.0,7981,0.0,0.0
2024-06-26 14:18:00+09:00,1801.0,1801.0,1799.0,1799.0,4566,0.0,0.0
2024-06-26 14:19:00+09:00,1799.0,1799.0,1798.0,1798.0,4062,0.0,0.0
2024-06-26 14:20:00+09:00,1797.0,1797.0,1795.0,1795.0,7,0.0,0.0
2024-06-26 14:21:00+09:00,1797.0,1797.0,1797.0,1797.0,443,0.0,0.0
2024-06-26 14:22:00+09:00,1800.0,1800.0,1797.0,1799.0,65,0.0,0.0
2024-06-26 14:23:00+09:00,1799.0,1799.0,1799.0,1799.0,32,0.0,0.0
2024-06-26 14:24:00+09:00,1799.0,1799.0,1799.0,1799.0,29,0.0,0.0
2024-06-26 14:28:00+09:00,1797.0,1797.0,1797.0,1797.0,0,0.0,0.0
2024-06-26 14:32:00+09:00,1799.0,1799.0,1799.0,1799.0,30,0.0,0.0
2024-06-26 14:35:00+09:00,1799.0,1802.0,1799.0,1802.0,549,0.0,0.0
2024-06-26 14:36:00+09:00,1801.0,1802.0,1801.0,1802.0,0,0.0,0.0
2024-06-26 14:37:00+09:00,1802.0,1802.0,1802.0,1802.0,1114,0.0,0.0
2024-06-26 14:40:00+09:00,1802.0,1802.0,1802.0,1802.0,193,0.0,0.0
2024-06-26 14:43:00+09:00,1802.0,1802.0,1802.0,1802.0,0,0.0,0.0
2024-06-26 14:44:00+09:00,1800.0,1800.0,1799.0,1799.0,2774,0.0,0.0
2024-06-26 14:45:00+09:00,1797.0,1797.0,1794.0,1796.0,9642,0.0,0.0
2024-06-26 14:46:00+09:00,1794.0,1796.0,1794.0,1794.0,66,0.0,0.0
2024-06-26 14:47:00+09:00,1796.0,1796.0,1794.0,1795.0,35,0.0,0.0
2024-06-26 14:48:00+09:00,1794.0,1795.0,1793.0,1794.0,70,0.0,0.0
2024-06-26 14:49:00+09:00,1793.0,1794.0,1790.0,1790.0,2546,0.0,0.0
2024-06-26 14:50:00+09:00,1792.0,1792.0,1790.0,1790.0,625,0.0,0.0
2024-06-26 14:51:00+09:00,1790.0,1790.0,1784.0,1784.0,25,0.0,0.0
2024-06-26 14:52:00+09:00,1787.0,1787.0,1782.0,1782.0,3062,0.0,0.0
2024-06-26 14:53:00+09:00,1782.0,1784.0,1781.0,1783.0,1572,0.0,0.0
2024-06-26 14:54:00+09:00,1783.0,1784.0,1780.0,1780.0,1821,0.0,0.0
2024-06-26 14:55:00+09:00,1776.0,1776.0,1776.0,1776.0,0,0.0,0.0
2024-06-26 14:56:00+09:00,1778.0,1778.0,1778.0,1778.0,431,0.0,0.0
2024-06-26 14:57:00+09:00,1779.0,1779.0,1776.0,1778.0,112,0.0,0.0
2024-06-26 14:58:00+09:00,1778.0,1778.0,1778.0,1778.0,0,0.0,0.0
2024-06-26 14:59:00+09:00,1777.0,1777.0,1770.0,1770.0,2862,0.0,0.0
2024-06-27 09:00:00+09:00,1749.0,1749.0,1749.0,1749.0,122,0.0,0.0
2024-06-27 09:01:00+09:00,1748.0,1749.0,1748.0,1749.0,43,0.0,0.0
2024-06-27 09:03:00+09:00,1749.0,1750.0,1749.0,1750.0,184,0.0,0.0
2024-06-27 09:04:00+09:00,1746.0,1746.0,1746.0,1746.0,45,0.0,0.0
2024-06-27 09:05:00+09:00,1746.0,1746.0,1746.0,1746.0,500,0.0,0.0
2024-06-27 09:10:00+09:00,1732.0,1732.0,1732.0,1732.0,132,0.0,0.0
2024-06-27 09:13:00+09:00,1733.0,1733.0,1732.0,1732.0,1724,0.0,0.0
2024-06-27 09:16:00+09:00,1741.0,1742.0,1741.0,1742.0,0,0.0,0.0
2024-06-27 09:17:00+09:00,1742.0,1746.0,1742.0,1746.0,145,0.0,0.0
2024-06-27 09:23:00+09:00,1745.0,1747.0,1745.0,1747.0,2641,0.0,0.0
2024-06-27 09:24:00+09:00,1746.0,1749.0,1746.0,1749.0,1384,0.0,0.0
2024-06-27 09:26:00+09:00,1748.0,1748.0,1748.0,1748.0,574,0.0,0.0
2024-06-27 09:27:00+09:00,1748.0,1748.0,1748.0,1748.0,103,0.0,0.0
2024-06-27 09:28:00+09:00,1748.0,1748.0,1747.0,1748.0,74,0.0,0.0
2024-06-27 09:29:00+09:00,1748.0,1748.0,1746.0,1747.0,433,0.0,0.0
2024-06-27 09:30:00+09:00,1746.0,1746.0,1746.0,1746.0,199,0.0,0.0
2024-06-27 09:31:00+09:00,1746.0,1746.0,1746.0,1746.0,0,0.0,0.0
2024-06-27 09:32:00+09:00,1745.0,1748.0,1736.0,1748.0,3366,0.0,0.0
2024-06-27 09:33:00+09:00,1748.0,1749.0,1748.0,1749.0,76,0.0,0.0
2024-06-27 09:34:00+09:00,1749.0,1749.0,1749.0,1749.0,0,0.0,0.0
2024-06-27 09:36:00+09:00,1740.0,1740.0,1740.0,1740.0,1949,0.0,0.0
2024-06-27 09:37:00+09:00,1744.0,1744.0,1744.0,1744.0,0,0.0,0.0
2024-06-27 09:38:00+09:00,1743.0,1744.0,1743.0,1744.0,178,0.0,0.0
2024-06-27 09:41:00+09:00,1744.0,1744.0,1744.0,1744.0,108,0.0,0.0
2024-06-27 09:46:00+09:00,1741.0,1744.0,1741.0,1744.0,231,0.0,0.0
2024-06-27 09:47:00+09:00,1744.0,1749.0,1742.0,1745.0,99,0.0,0.0
2024-06-27 09:48:00+09:00,1747.0,1748.0,1744.0,1744.0,1847,0.0,0.0
2024-06-27 09:51:00+09:00,1744.0,1744.0,1744.0,1744.0,30,0.0,0.0
2024-06-27 09:56:00+09:00,1738.0,1738.0,1738.0,1738.0,741,0.0,0.0
2024-06-27 09:58:00+09:00,1743.0,1743.0,1743.0,1743.0,0,0.0,0.0
2024-06-27 09:59:00+09:00,1743.0,1743.0,1743.0,1743.0,173,0.0,0.0
2024-06-27 10:01:00+09:00,1744.0,1744.0,1744.0,1744.0,0,0.0,0.0
2024-06-27 10:06:00+09:00,1738.0,1738.0,1738.0,1738.0,2,0.0,0.0
2024-06-27 10:07:00+09:00,1744.0,1744.0,1744.0,1744.0,0,0.0,0.0
2024-06-27 10:10:00+09:00,1741.0,1741.0,1740.0,1740.0,102,0.0,0.0
2024-06-27 10:11:00+09:00,1740.0,1740.0,1740.0,1740.0,24,0.0,0.0
2024-06-27 10:15:00+09:00,1738.0,1738.0,1737.0,1737.0,3593,0.0,0.0
2024-06-27 10:16:00+09:00,1737.0,1737.0,1735.0,1735.0,0,0.0,0.0
2024-06-27 10:19:00+09:00,1737.0,1744.0,1737.0,1744.0,2444,0.0,0.0
2024-06-27 10:20:00+09:00,1747.0,1748.0,1747.0,1748.0,691,0.0,0.0
2024-06-27 10:22:00+09:00,1748.0,1748.0,1748.0,1748.0,0,0.0,0.0
2024-06-27 10:23:00+09:00,1748.0,1748.0,1748.0,1748.0,206,0.0,0.0
2024-06-27 10:24:00+09:00,1748.0,1748.0,1748.0,1748.0,0,0.0,0.0
2024-06-27 10:27:00+09:00,1748.0,1750.0,1748.0,1750.0,3423,0.0,0.0
2024-06-27 10:28:00+09:00,1749.0,1758.0,1749.0,1758.0,519,0.0,0.0
2024-06-27 10:30:00+09:00,1757.0,1759.0,1757.0,1758.0,471,0.0,0.0
2024-06-27 10:31:00+09:00,1759.0,1786.0,1759.0,1786.0,4139,0.0,0.0
2024-06-27 10:32:00+09:00,1784.0,1784.0,1762.0,1781.0,2588,0.0,0.0
2024-06-27 10:34:00+09:00,1766.0,1776.0,1765.0,1765.0,14,0.0,0.0
2024-06-27 10:35:00+09:00,1764.0,1764.0,1758.0,1759.0,1078,0.0,0.0
2024-06-27 10:36:00+09:00,1760.0,1760.0,1760.0,1760.0,282,0.0,0.0
2024-06-27 10:37:00+09:00,1762.0,1762.0,1760.0,1760.0,123,0.0,0.0
2024-06-27 10:39:00+09:00,1761.0,1768.0,1761.0,1768.0,501,0.0,0.0
2024-06-27 10:40:00+09:00,1768.0,1781.0,1768.0,1781.0,425,0.0,0.0
2024-06-27 10:41:00+09:00,1784.0,1787.0,1784.0,1787.0,199,0.0,0.0
2024-06-27 10:42:00+09:00,1787.0,1790.0,1787.0,1790.0,732,0.0,0.0
2024-06-27 10:43:00+09:00,1790.0,1790.0,1790.0,1790.0,157,0.0,0.0
2024-06-27 10:44:00+09:00,1793.0,1799.0,1787.0,1787.0,4028,0.0,0.0
2024-06-27 10:45:00+09:00,1787.0,1798.0,1787.0,1798.0,1597,0.0,0.0
2024-06-27 10:46:00+09:00,1798.0,1798.0,1798.0,1798.0,167,0.0,0.0
2024-06-27 10:47:00+09:00,1798.0,1798.0,1784.0,1784.0,1483,0.0,0.0
2024-06-27 10:48:00+09:00,1795.0,1795.0,1795.0,1795.0,0,0.0,0.0
2024-06-27 10:49:00+09:00,1784.0,1784.0,1783.0,1783.0,105,0.0,0.0
2024-06-27 10:50:00+09:00,1783.0,1783.0,1780.0,1780.0,42,0.0,0.0
2024-06-27 10:51:00+09:00,1780.0,1792.0,1780.0,1792.0,0,0.0,0.0
2024-06-27 10:52:00+09:00,1780.0,1780.0,1775.0,1775.0,3,0.0,0.0
2024-06-27 10:55:00+09:00,1775.0,1775.0,1775.0,1775.0,90,0.0,0.0
2024-06-27 11:02:00+09:00,1775.0,1775.0,1770.0,1770.0,0,0.0,0.0
2024-06-27 11:04:00+09:00,1783.0,1783.0,1783.0,1783.0,97,0.0,0.0
2024-06-27 11:29:00+09:00,1770.0,1770.0,1770.0,1770.0,42,0.0,0.0
2024-06-27 11:32:00+09:00,1771.0,1771.0,1771.0,1771.0,92,0.0,0.0
2024-06-27 11:39:00+09:00,1779.0,1780.0,1779.0,1780.0,0,0.0,0.0
2024-06-27 11:47:00+09:00,1779.0,1779.0,1771.0,1771.0,1027,0.0,0.0
2024-06-27 11:59:00+09:00,1771.0,1771.0,1771.0,1771.0,0,0.0,0.0
2024-06-27 12:07:00+09:00,1772.0,1772.0,1772.0,1772.0,3,0.0,0.0
2024-06-27 12:13:00+09:00,1776.0,1776.0,1776.0,1776.0,2,0.0,0.0
2024-06-27 12:18:00+09:00,1772.0,1772.0,1772.0,1772.0,3239,0.0,0.0
2024-06-27 12:24:00+09:00,1770.0,1770.0,1745.0,1750.0,0,0.0,0.0
2024-06-27 12:26:00+09:00,1763.0,1763.0,1763.0,1763.0,50,0.0,0.0
2024-06-27 12:40:00+09:00,1765.0,1765.0,1765.0,1765.0,0,0.0,0.0
2024-06-27 12:50:00+09:00,1746.0,1746.0,1746.0,1746.0,2,0.0,0.0
2024-06-27 12:52:00+09:00,1762.0,1762.0,1762.0,1762.0,0,0.0,0.0
2024-06-27 12:58:00+09:00,1761.0,1761.0,1761.0,1761.0,8,0.0,0.0
2024-06-27 13:07:00+09:00,1759.0,1759.0,1759.0,1759.0,32,0.0,0.0
2024-06-27 13:11:00+09:00,1761.0,1761.0,1761.0,1761.0,1,0.0,0.0
2024-06-27 13:22:00+09:00,1760.0,1776.0,1760.0,1776.0,200,0.0,0.0
2024-06-27 13:33:00+09:00,1756.0,1756.0,1756.0,1756.0,1,0.0,0.0
2024-06-27 13:36:00+09:00,1758.0,1758.0,1757.0,1757.0,30,0.0,0.0
2024-06-27 14:19:00+09:00,1757.0,1757.0,1757.0,1757.0,112,0.0,0.0
2024-06-27 14:29:00+09:00,1766.0,1766.0,1766.0,1766.0,0,0.0,0.0
2024-06-27 14:30:00+09:00,1766.0,1766.0,1766.0,1766.0,11,0.0,0.0
2024-06-27 14:45:00+09:00,1766.0,1766.0,1766.0,1766.0,18,0.0,0.0
2024-06-27 14:59:00+09:00,1766.0,1766.0,1766.0,1766.0,35,0.0,0.0
2024-06-28 09:00:00+09:00,1749.0,1749.0,1749.0,1749.0,34,0.0,0.0
2024-06-28 09:02:00+09:00,1751.0,1751.0,1751.0,1751.0,123,0.0,0.0
2024-06-28 09:04:00+09:00,1767.0,1767.0,1767.0,1767.0,0,0.0,0.0
2024-06-28 09:07:00+09:00,1762.0,1762.0,1762.0,1762.0,1,0.0,0.0
2024-06-28 09:08:00+09:00,1761.0,1761.0,1761.0,1761.0,4,0.0,0.0
2024-06-28 09:09:00+09:00,1761.0,1761.0,1761.0,1761.0,4,0.0,0.0
2024-06-28 09:10:00+09:00,1757.0,1757.0,1757.0,1757.0,1997,0.0,0.0
2024-06-28 09:14:00+09:00,1755.0,1760.0,1755.0,1760.0,0,0.0,0.0
2024-06-28 09:18:00+09:00,1752.0,1752.0,1752.0,1752.0,16,0.0,0.0
2024-06-28 09:19:00+09:00,1760.0,1760.0,1760.0,1760.0,0,0.0,0.0
2024-06-28 09:20:00+09:00,1752.0,1752.0,1750.0,1750.0,999,0.0,0.0
2024-06-28 09:22:00+09:00,1750.0,1750.0,1748.0,1748.0,4038,0.0,0.0
2024-06-28 09:24:00+09:00,1749.0,1750.0,1749.0,1750.0,3648,0.0,0.0
2024-06-28 09:25:00+09:00,1732.0,1732.0,1732.0,1732.0,0,0.0,0.0
2024-06-28 09:33:00+09:00,1750.0,1750.0,1750.0,1750.0,1,0.0,0.0
2024-06-28 09:38:00+09:00,1750.0,1750.0,1750.0,1750.0,17,0.0,0.0
2024-06-28 09:48:00+09:00,1750.0,1750.0,1750.0,1750.0,2005,0.0,0.0
2024-06-28 09:49:00+09:00,1750.0,1750.0,1750.0,1750.0,3,0.0,0.0
2024-06-28 09:51:00+09:00,1748.0,1748.0,1748.0,1748.0,6,0.0,0.0
2024-06-28 09:54:00+09:00,1748.0,1748.0,1748.0,1748.0,2290,0.0,0.0
2024-06-28 09:56:00+09:00,1748.0,1748.0,1748.0,1748.0,0,0.0,0.0
2024-06-28 09:58:00+09:00,1747.0,1747.0,1747.0,1747.0,21,0.0,0.0
2024-06-28 10:00:00+09:00,1747.0,1747.0,1745.0,1745.0,0,0.0,0.0
2024-06-28 10:01:00+09:00,1747.0,1747.0,1747.0,1747.0,7,0.0,0.0
2024-06-28 10:02:00+09:00,1747.0,1747.0,1747.0,1747.0,0,0.0,0.0
2024-06-28 10:03:00+09:00,1747.0,1747.0,1747.0,1747.0,0,0.0,0.0
2024-06-28 10:32:00+09:00,1740.0,1740.0,1740.0,1740.0,10,0.0,0.0
2024-06-28 10:33:00+09:00,1740.0,1740.0,1740.0,1740.0,5,0.0,0.0
2024-06-28 10:34:00+09:00,1747.0,1747.0,1740.0,1740.0,8,0.0,0.0
2024-06-28 10:37:00+09:00,1747.0,1747.0,1747.0,1747.0,2,0.0,0.0
2024-06-28 10:38:00+09:00,1747.0,1747.0,1747.0,1747.0,129,0.0,0.0
2024-06-28 10:41:00+09:00,1736.0,1736.0,1736.0,1736.0,0,0.0,0.0
2024-06-28 10:55:00+09:00,1748.0,1748.0,1748.0,1748.0,0,0.0,0.0
2024-06-28 11:06:00+09:00,1748.0,1748.0,1748.0,1748.0,4,0.0,0.0
2024-06-28 11:10:00+09:00,1748.0,1748.0,1748.0,1748.0,6,0.0,0.0
2024-06-28 11:11:00+09:00,1736.0,1736.0,1736.0,1736.0,7,0.0,0.0
2024-06-28 11:12:00+09:00,1736.0,1736.0,1736.0,1736.0,500,0.0,0.0
2024-06-28 11:13:00+09:00,1735.0,1735.0,1735.0,1735.0,0,0.0,0.0
2024-06-28 11:14:00+09:00,1736.0,1736.0,1736.0,1736.0,5,0.0,0.0
2024-06-28 11:15:00+09:00,1735.0,1735.0,1734.0,1735.0,214,0.0,0.0
2024-06-28 11:18:00+09:00,1735.0,1735.0,1735.0,1735.0,1,0.0,0.0
2024-06-28 11:19:00+09:00,1734.0,1734.0,1734.0,1734.0,910,0.0,0.0
2024-06-28 11:20:00+09:00,1733.0,1734.0,1733.0,1734.0,0,0.0,0.0
2024-06-28 11:21:00+09:00,1734.0,1734.0,1734.0,1734.0,19,0.0,0.0
2024-06-28 11:22:00+09:00,1733.0,1733.0,1733.0,1733.0,91,0.0,0.0
2024-06-28 11:26:00+09:00,1735.0,1747.0,1735.0,1747.0,0,0.0,0.0
2024-06-28 11:29:00+09:00,1734.0,1734.0,1734.0,1734.0,1983,0.0,0.0
2024-06-28 11:31:00+09:00,1733.0,1733.0,1733.0,1733.0,0,0.0,0.0
2024-06-28 11:32:00+09:00,1743.0,1743.0,1743.0,1743.0,1,0.0,0.0
2024-06-28 11:33:00+09:00,1743.0,1743.0,1743.0,1743.0,9,0.0,0.0
2024-06-28 11:35:00+09:00,1734.0,1734.0,1734.0,1734.0,2,0.0,0.0
2024-06-28 11:38:00+09:00,1734.0,1734.0,1734.0,1734.0,75,0.0,0.0
2024-06-28 12:16:00+09:00,1736.0,1736.0,1736.0,1736.0,0,0.0,0.0
2024-06-28 12:28:00+09:00,1736.0,1736.0,1736.0,1736.0,0,0.0,0.0
2024-06-28 12:32:00+09:00,1736.0,1736.0,1736.0,1736.0,3017,0.0,0.0
2024-06-28 12:40:00+09:00,1735.0,1735.0,1735.0,1735.0,3407,0.0,0.0
2024-06-28 12:41:00+09:00,1735.0,1743.0,1735.0,1743.0,0,0.0,0.0
2024-06-28 12:45:00+09:00,1743.0,1743.0,1743.0,1743.0,59,0.0,0.0
2024-06-28 12:52:00+09:00,1743.0,1743.0,1743.0,1743.0,10,0.0,0.0
2024-06-28 13:36:00+09:00,1743.0,1743.0,1743.0,1743.0,158,0.0,0.0
2024-06-28 13:43:00+09:00,1746.0,1746.0,1746.0,1746.0,2,0.0,0.0
2024-06-28 13:47:00+09:00,1745.0,1746.0,1745.0,1746.0,494,0.0,0.0
2024-06-28 13:48:00+09:00,1746.0,1747.0,1746.0,1747.0,217,0.0,0.0
2024-06-28 13:49:00+09:00,1758.0,1758.0,1758.0,1758.0,0,0.0,0.0
2024-06-28 13:55:00+09:00,1758.0,1758.0,1758.0,1758.0,1886,0.0,0.0
2024-06-28 13:56:00+09:00,1758.0,1758.0,1756.0,1756.0,0,0.0,0.0
2024-06-28 14:00:00+09:00,1756.0,1756.0,1747.0,1747.0,23,0.0,0.0
2024-06-28 14:01:00+09:00,1758.0,1758.0,1758.0,1758.0,0,0.0,0.0
2024-06-28 14:02:00+09:00,1747.0,1747.0,1747.0,1747.0,4,0.0,0.0
2024-06-28 14:04:00+09:00,1758.0,1758.0,1758.0,1758.0,2,0.0,0.0
2024-06-28 14:06:00+09:00,1749.0,1749.0,1747.0,1747.0,8,0.0,0.0
2024-06-28 14:08:00+09:00,1758.0,1758.0,1758.0,1758.0,0,0.0,0.0
2024-06-28 14:13:00+09:00,1757.0,1757.0,1757.0,1757.0,505,0.0,0.0
2024-06-28 14:14:00+09:00,1758.0,1758.0,1758.0,1758.0,0,0.0,0.0
2024-06-28 14:20:00+09:00,1758.0,1758.0,1758.0,1758.0,30,0.0,0.0
2024-06-28 14:23:00+09:00,1758.0,1758.0,1748.0,1748.0,8,0.0,0.0
2024-06-28 14:24:00+09:00,1758.0,1758.0,1758.0,1758.0,1,0.0,0.0
2024-06-28 14:25:00+09:00,1757.0,1757.0,1757.0,1757.0,3,0.0,0.0
2024-06-28 14:31:00+09:00,1757.0,1757.0,1757.0,1757.0,1,0.0,0.0
2024-06-28 14:32:00+09:00,1757.0,1757.0,1755.0,1755.0,640,0.0,0.0
2024-06-28 14:33:00+09:00,1755.0,1755.0,1755.0,1755.0,0,0.0,0.0
2024-06-28 14:38:00+09:00,1755.0,1755.0,1755.0,1755.0,69,0.0,0.0
2024-06-28 14:42:00+09:00,1755.0,1755.0,1755.0,1755.0,0,0.0,0.0
2024-06-28 14:51:00+09:00,1755.0,1755.0,1753.0,1753.0,1852,0.0,0.0
2024-06-28 14:52:00+09:00,1753.0,1753.0,1753.0,1753.0,953,0.0,0.0
2024-06-28 14:54:00+09:00,1757.0,1757.0,1757.0,1757.0,0,0.0,0.0
2024-06-28 14:55:00+09:00,1757.0,1757.0,1757.0,1757.0,59,0.0,0.0
2024-06-28 14:56:00+09:00,1757.0,1757.0,1757.0,1757.0,0,0.0,0.0
