Datetime,Open,High,Low,Close,Volume,Dividends,Stock Splits
2024-09-20 09:00:00+09:00,673.0,676.0,671.0,674.0,21800,0.0,0.0
2024-09-20 09:05:00+09:00,674.0,674.0,668.0,674.0,14600,0.0,0.0
2024-09-20 09:10:00+09:00,673.0,673.0,666.0,668.0,5200,0.0,0.0
2024-09-20 09:15:00+09:00,668.0,669.0,667.0,667.0,900,0.0,0.0
2024-09-20 09:20:00+09:00,668.0,668.0,668.0,668.0,200,0.0,0.0
2024-09-20 09:25:00+09:00,668.0,670.0,668.0,670.0,9700,0.0,0.0
2024-09-20 09:30:00+09:00,671.0,672.0,671.0,672.0,1600,0.0,0.0
2024-09-20 09:35:00+09:00,673.0,678.0,673.0,676.0,9900,0.0,0.0
2024-09-20 09:40:00+09:00,676.0,676.0,673.0,673.0,900,0.0,0.0
2024-09-20 09:45:00+09:00,673.0,673.0,673.0,673.0,100,0.0,0.0
2024-09-20 09:50:00+09:00,673.0,673.0,673.0,673.0,200,0.0,0.0
2024-09-20 09:55:00+09:00,673.0,673.0,672.0,672.0,1600,0.0,0.0
2024-09-20 10:00:00+09:00,671.0,673.0,671.0,673.0,800,0.0,0.0
2024-09-20 10:10:00+09:00,671.0,671.0,670.0,670.0,1500,0.0,0.0
2024-09-20 10:15:00+09:00,670.0,671.0,670.0,671.0,3100,0.0,0.0
2024-09-20 10:20:00+09:00,671.0,674.0,671.0,674.0,8000,0.0,0.0
2024-09-20 10:25:00+09:00,674.0,674.0,670.0,670.0,3100,0.0,0.0
2024-09-20 10:30:00+09:00,670.0,670.0,669.0,670.0,800,0.0,0.0
2024-09-20 10:35:00+09:00,670.0,670.0,670.0,670.0,100,0.0,0.0
2024-09-20 10:40:00+09:00,669.0,669.0,669.0,669.0,100,0.0,0.0
2024-09-20 10:45:00+09:00,669.0,669.0,669.0,669.0,800,0.0,0.0
2024-09-20 11:00:00+09:00,669.0,669.0,669.0,669.0,500,0.0,0.0
2024-09-20 11:05:00+09:00,671.0,671.0,671.0,671.0,100,0.0,0.0
2024-09-20 11:10:00+09:00,671.0,671.0,671.0,671.0,400,0.0,0.0
2024-09-20 11:15:00+09:00,671.0,672.0,671.0,672.0,1100,0.0,0.0
2024-09-20 11:20:00+09:00,671.0,671.0,671.0,671.0,900,0.0,0.0
2024-09-20 11:25:00+09:00,672.0,672.0,672.0,672.0,400,0.0,0.0
2024-09-20 11:30:00+09:00,670.0,670.0,670.0,670.0,1400,0.0,0.0
2024-09-20 11:35:00+09:00,670.0,670.0,670.0,670.0,0,0.0,0.0
2024-09-20 12:30:00+09:00,669.0,672.0,669.0,670.0,93800,0.0,0.0
2024-09-20 12:35:00+09:00,670.0,672.0,670.0,671.0,1700,0.0,0.0
2024-09-20 12:40:00+09:00,673.0,673.0,671.0,673.0,1200,0.0,0.0
2024-09-20 12:45:00+09:00,672.0,673.0,672.0,672.0,2000,0.0,0.0
2024-09-20 12:55:00+09:00,671.0,677.0,671.0,677.0,10600,0.0,0.0
2024-09-20 13:00:00+09:00,675.0,678.0,675.0,678.0,26400,0.0,0.0
2024-09-20 13:05:00+09:00,677.0,677.0,675.0,676.0,5100,0.0,0.0
2024-09-20 13:10:00+09:00,674.0,674.0,673.0,673.0,900,0.0,0.0
2024-09-20 13:15:00+09:00,673.0,673.0,673.0,673.0,200,0.0,0.0
2024-09-20 13:20:00+09:00,673.0,673.0,672.0,672.0,1300,0.0,0.0
2024-09-20 13:25:00+09:00,672.0,672.0,671.0,671.0,2700,0.0,0.0
2024-09-20 13:30:00+09:00,671.0,672.0,671.0,671.0,1200,0.0,0.0
2024-09-20 13:35:00+09:00,671.0,672.0,671.0,672.0,200,0.0,0.0
2024-09-20 13:40:00+09:00,671.0,671.0,669.0,670.0,2600,0.0,0.0
2024-09-20 13:50:00+09:00,670.0,670.0,670.0,670.0,700,0.0,0.0
2024-09-20 13:55:00+09:00,669.0,670.0,669.0,670.0,200,0.0,0.0
2024-09-20 14:05:00+09:00,669.0,669.0,667.0,667.0,16100,0.0,0.0
2024-09-20 14:15:00+09:00,666.0,666.0,665.0,665.0,1500,0.0,0.0
2024-09-20 14:20:00+09:00,666.0,666.0,666.0,666.0,500,0.0,0.0
2024-09-20 14:25:00+09:00,665.0,666.0,664.0,666.0,6600,0.0,0.0
2024-09-20 14:30:00+09:00,666.0,667.0,666.0,667.0,2300,0.0,0.0
2024-09-20 14:35:00+09:00,668.0,670.0,668.0,669.0,2500,0.0,0.0
2024-09-20 14:40:00+09:00,668.0,669.0,668.0,669.0,400,0.0,0.0
2024-09-20 14:45:00+09:00,668.0,670.0,668.0,670.0,1700,0.0,0.0
2024-09-20 14:50:00+09:00,671.0,672.0,670.0,672.0,2800,0.0,0.0
2024-09-20 14:55:00+09:00,672.0,675.0,672.0,675.0,6800,0.0,0.0
2024-09-24 09:00:00+09:00,681.0,686.0,679.0,680.0,37000,0.0,0.0
2024-09-24 09:05:00+09:00,680.0,680.0,674.0,678.0,12000,0.0,0.0
2024-09-24 09:10:00+09:00,681.0,686.0,681.0,686.0,3700,0.0,0.0
2024-09-24 09:15:00+09:00,686.0,695.0,686.0,690.0,32000,0.0,0.0
2024-09-24 09:20:00+09:00,691.0,697.0,691.0,692.0,9300,0.0,0.0
2024-09-24 09:25:00+09:00,695.0,698.0,695.0,695.0,2300,0.0,0.0
2024-09-24 09:30:00+09:00,696.0,697.0,690.0,692.0,7000,0.0,0.0
2024-09-24 09:35:00+09:00,691.0,691.0,688.0,689.0,2300,0.0,0.0
2024-09-24 09:40:00+09:00,690.0,693.0,690.0,693.0,1200,0.0,0.0
2024-09-24 09:45:00+09:00,693.0,693.0,692.0,692.0,900,0.0,0.0
2024-09-24 09:50:00+09:00,692.0,692.0,691.0,691.0,1400,0.0,0.0
2024-09-24 09:55:00+09:00,690.0,690.0,688.0,688.0,5400,0.0,0.0
2024-09-24 10:00:00+09:00,688.0,689.0,688.0,689.0,700,0.0,0.0
2024-09-24 10:05:00+09:00,689.0,690.0,689.0,690.0,1500,0.0,0.0
2024-09-24 10:10:00+09:00,690.0,691.0,690.0,691.0,1300,0.0,0.0
2024-09-24 10:15:00+09:00,691.0,694.0,691.0,693.0,4400,0.0,0.0
2024-09-24 10:20:00+09:00,693.0,694.0,693.0,694.0,900,0.0,0.0
2024-09-24 10:25:00+09:00,693.0,694.0,693.0,694.0,700,0.0,0.0
2024-09-24 10:30:00+09:00,693.0,694.0,693.0,693.0,2600,0.0,0.0
2024-09-24 10:35:00+09:00,694.0,694.0,693.0,693.0,1000,0.0,0.0
2024-09-24 10:40:00+09:00,693.0,693.0,692.0,692.0,2400,0.0,0.0
2024-09-24 10:45:00+09:00,692.0,692.0,691.0,691.0,700,0.0,0.0
2024-09-24 10:50:00+09:00,691.0,693.0,691.0,691.0,1200,0.0,0.0
2024-09-24 11:00:00+09:00,692.0,693.0,692.0,693.0,700,0.0,0.0
2024-09-24 11:05:00+09:00,692.0,692.0,692.0,692.0,400,0.0,0.0
2024-09-24 11:10:00+09:00,692.0,692.0,692.0,692.0,300,0.0,0.0
2024-09-24 11:15:00+09:00,692.0,692.0,692.0,692.0,200,0.0,0.0
2024-09-24 11:20:00+09:00,692.0,692.0,691.0,692.0,2700,0.0,0.0
2024-09-24 11:25:00+09:00,691.0,691.0,687.0,687.0,12000,0.0,0.0
2024-09-24 11:30:00+09:00,690.0,690.0,690.0,690.0,4100,0.0,0.0
2024-09-24 11:35:00+09:00,690.0,690.0,690.0,690.0,0,0.0,0.0
2024-09-24 12:30:00+09:00,685.0,689.0,682.0,682.0,164800,0.0,0.0
2024-09-24 12:35:00+09:00,683.0,683.0,682.0,683.0,1000,0.0,0.0
2024-09-24 12:40:00+09:00,684.0,685.0,684.0,684.0,1500,0.0,0.0
2024-09-24 12:45:00+09:00,684.0,688.0,684.0,688.0,2300,0.0,0.0
2024-09-24 12:50:00+09:00,687.0,687.0,686.0,686.0,2700,0.0,0.0
2024-09-24 13:00:00+09:00,686.0,686.0,683.0,684.0,1900,0.0,0.0
2024-09-24 13:05:00+09:00,683.0,683.0,682.0,682.0,600,0.0,0.0
2024-09-24 13:20:00+09:00,684.0,684.0,678.0,678.0,7000,0.0,0.0
2024-09-24 13:25:00+09:00,679.0,680.0,678.0,680.0,4000,0.0,0.0
2024-09-24 13:30:00+09:00,681.0,681.0,679.0,679.0,1300,0.0,0.0
2024-09-24 13:35:00+09:00,679.0,679.0,679.0,679.0,1100,0.0,0.0
2024-09-24 13:45:00+09:00,678.0,678.0,678.0,678.0,100,0.0,0.0
2024-09-24 13:50:00+09:00,678.0,678.0,678.0,678.0,100,0.0,0.0
2024-09-24 13:55:00+09:00,679.0,679.0,679.0,679.0,900,0.0,0.0
2024-09-24 14:00:00+09:00,680.0,680.0,680.0,680.0,700,0.0,0.0
2024-09-24 14:10:00+09:00,680.0,681.0,680.0,680.0,2700,0.0,0.0
2024-09-24 14:15:00+09:00,680.0,680.0,680.0,680.0,500,0.0,0.0
2024-09-24 14:20:00+09:00,680.0,680.0,679.0,679.0,1100,0.0,0.0
2024-09-24 14:25:00+09:00,679.0,679.0,679.0,679.0,1000,0.0,0.0
2024-09-24 14:35:00+09:00,680.0,680.0,679.0,679.0,2000,0.0,0.0
2024-09-24 14:40:00+09:00,679.0,679.0,679.0,679.0,600,0.0,0.0
2024-09-24 14:45:00+09:00,677.0,678.0,676.0,678.0,9300,0.0,0.0
2024-09-24 14:50:00+09:00,678.0,679.0,678.0,679.0,400,0.0,0.0
2024-09-24 14:55:00+09:00,678.0,678.0,677.0,678.0,1800,0.0,0.0
2024-09-25 09:00:00+09:00,675.0,676.0,673.0,676.0,19500,0.0,0.0
2024-09-25 09:05:00+09:00,677.0,683.0,677.0,683.0,2800,0.0,0.0
2024-09-25 09:10:00+09:00,683.0,686.0,683.0,686.0,1400,0.0,0.0
2024-09-25 09:15:00+09:00,684.0,686.0,683.0,683.0,1900,0.0,0.0
2024-09-25 09:20:00+09:00,683.0,683.0,682.0,683.0,3400,0.0,0.0
2024-09-25 09:25:00+09:00,679.0,679.0,677.0,677.0,2000,0.0,0.0
2024-09-25 09:30:00+09:00,678.0,681.0,676.0,679.0,3200,0.0,0.0
2024-09-25 09:35:00+09:00,679.0,679.0,679.0,679.0,400,0.0,0.0
2024-09-25 09:40:00+09:00,679.0,680.0,676.0,677.0,7700,0.0,0.0
2024-09-25 09:45:00+09:00,677.0,681.0,675.0,680.0,6300,0.0,0.0
2024-09-25 09:50:00+09:00,680.0,681.0,680.0,681.0,800,0.0,0.0
2024-09-25 09:55:00+09:00,682.0,682.0,681.0,681.0,500,0.0,0.0
2024-09-25 10:10:00+09:00,682.0,682.0,682.0,682.0,100,0.0,0.0
2024-09-25 10:15:00+09:00,681.0,681.0,681.0,681.0,100,0.0,0.0
2024-09-25 10:20:00+09:00,679.0,679.0,679.0,679.0,300,0.0,0.0
2024-09-25 10:30:00+09:00,679.0,679.0,679.0,679.0,100,0.0,0.0
2024-09-25 10:45:00+09:00,678.0,680.0,678.0,680.0,500,0.0,0.0
2024-09-25 10:55:00+09:00,680.0,680.0,680.0,680.0,200,0.0,0.0
2024-09-25 11:05:00+09:00,681.0,681.0,681.0,681.0,1000,0.0,0.0
2024-09-25 11:15:00+09:00,682.0,683.0,682.0,683.0,3700,0.0,0.0
2024-09-25 11:20:00+09:00,683.0,686.0,683.0,686.0,1900,0.0,0.0
2024-09-25 11:25:00+09:00,686.0,687.0,686.0,687.0,2400,0.0,0.0
2024-09-25 11:30:00+09:00,687.0,687.0,687.0,687.0,200,0.0,0.0
2024-09-25 11:35:00+09:00,687.0,687.0,687.0,687.0,0,0.0,0.0
2024-09-25 12:30:00+09:00,687.0,687.0,681.0,681.0,64800,0.0,0.0
2024-09-25 12:35:00+09:00,681.0,681.0,680.0,681.0,500,0.0,0.0
2024-09-25 12:40:00+09:00,681.0,681.0,679.0,679.0,5300,0.0,0.0
2024-09-25 12:45:00+09:00,679.0,679.0,679.0,679.0,100,0.0,0.0
2024-09-25 12:50:00+09:00,678.0,680.0,678.0,680.0,500,0.0,0.0
2024-09-25 13:00:00+09:00,680.0,680.0,680.0,680.0,200,0.0,0.0
2024-09-25 13:05:00+09:00,680.0,680.0,679.0,679.0,200,0.0,0.0
2024-09-25 13:10:00+09:00,679.0,679.0,679.0,679.0,200,0.0,0.0
2024-09-25 13:15:00+09:00,680.0,680.0,679.0,679.0,800,0.0,0.0
2024-09-25 13:20:00+09:00,678.0,678.0,678.0,678.0,100,0.0,0.0
2024-09-25 13:25:00+09:00,678.0,679.0,678.0,679.0,200,0.0,0.0
2024-09-25 13:30:00+09:00,678.0,678.0,678.0,678.0,200,0.0,0.0
2024-09-25 13:35:00+09:00,678.0,678.0,678.0,678.0,200,0.0,0.0
2024-09-25 13:40:00+09:00,678.0,679.0,677.0,677.0,5900,0.0,0.0
2024-09-25 13:45:00+09:00,678.0,678.0,677.0,677.0,300,0.0,0.0
2024-09-25 13:50:00+09:00,677.0,678.0,677.0,677.0,3100,0.0,0.0
2024-09-25 13:55:00+09:00,677.0,677.0,677.0,677.0,100,0.0,0.0
2024-09-25 14:05:00+09:00,677.0,677.0,677.0,677.0,100,0.0,0.0
2024-09-25 14:10:00+09:00,678.0,678.0,677.0,677.0,200,0.0,0.0
2024-09-25 14:15:00+09:00,677.0,677.0,677.0,677.0,1200,0.0,0.0
2024-09-25 14:20:00+09:00,676.0,676.0,675.0,676.0,3700,0.0,0.0
2024-09-25 14:25:00+09:00,675.0,676.0,675.0,676.0,500,0.0,0.0
2024-09-25 14:30:00+09:00,675.0,675.0,675.0,675.0,1800,0.0,0.0
2024-09-25 14:35:00+09:00,675.0,675.0,675.0,675.0,500,0.0,0.0
2024-09-25 14:40:00+09:00,674.0,675.0,674.0,675.0,700,0.0,0.0
2024-09-25 14:45:00+09:00,675.0,675.0,674.0,674.0,1800,0.0,0.0
2024-09-25 14:50:00+09:00,674.0,676.0,674.0,675.0,2800,0.0,0.0
2024-09-25 14:55:00+09:00,675.0,676.0,673.0,673.0,5200,0.0,0.0
2024-09-26 09:00:00+09:00,682.0,684.0,680.0,684.0,5400,0.0,0.0
2024-09-26 09:05:00+09:00,685.0,686.0,684.0,686.0,1600,0.0,0.0
2024-09-26 09:10:00+09:00,685.0,688.0,685.0,688.0,2000,0.0,0.0
2024-09-26 09:15:00+09:00,689.0,691.0,689.0,690.0,12700,0.0,0.0
2024-09-26 09:20:00+09:00,689.0,689.0,685.0,685.0,1300,0.0,0.0
2024-09-26 09:25:00+09:00,685.0,685.0,684.0,685.0,500,0.0,0.0
2024-09-26 09:35:00+09:00,686.0,686.0,686.0,686.0,1000,0.0,0.0
2024-09-26 09:40:00+09:00,685.0,685.0,685.0,685.0,200,0.0,0.0
2024-09-26 09:45:00+09:00,686.0,686.0,685.0,685.0,500,0.0,0.0
2024-09-26 09:50:00+09:00,687.0,687.0,687.0,687.0,1100,0.0,0.0
2024-09-26 09:55:00+09:00,688.0,689.0,688.0,689.0,1700,0.0,0.0
2024-09-26 10:00:00+09:00,689.0,690.0,686.0,690.0,5500,0.0,0.0
2024-09-26 10:05:00+09:00,688.0,688.0,687.0,688.0,3200,0.0,0.0
2024-09-26 10:10:00+09:00,689.0,689.0,688.0,689.0,4200,0.0,0.0
2024-09-26 10:15:00+09:00,690.0,690.0,689.0,690.0,800,0.0,0.0
2024-09-26 10:20:00+09:00,690.0,690.0,690.0,690.0,100,0.0,0.0
2024-09-26 10:25:00+09:00,691.0,691.0,691.0,691.0,900,0.0,0.0
2024-09-26 10:30:00+09:00,691.0,691.0,691.0,691.0,100,0.0,0.0
2024-09-26 10:35:00+09:00,691.0,691.0,691.0,691.0,100,0.0,0.0
2024-09-26 10:40:00+09:00,692.0,692.0,691.0,691.0,1500,0.0,0.0
2024-09-26 10:50:00+09:00,691.0,693.0,690.0,693.0,1600,0.0,0.0
2024-09-26 10:55:00+09:00,693.0,693.0,693.0,693.0,100,0.0,0.0
2024-09-26 11:05:00+09:00,691.0,691.0,691.0,691.0,100,0.0,0.0
2024-09-26 11:10:00+09:00,693.0,697.0,693.0,697.0,18500,0.0,0.0
2024-09-26 11:15:00+09:00,696.0,696.0,696.0,696.0,4600,0.0,0.0
2024-09-26 11:20:00+09:00,696.0,696.0,695.0,696.0,2600,0.0,0.0
2024-09-26 11:25:00+09:00,696.0,696.0,695.0,695.0,1100,0.0,0.0
2024-09-26 11:30:00+09:00,695.0,695.0,695.0,695.0,200,0.0,0.0
2024-09-26 11:35:00+09:00,695.0,695.0,695.0,695.0,0,0.0,0.0
2024-09-26 12:30:00+09:00,694.0,694.0,693.0,694.0,76300,0.0,0.0
2024-09-26 12:35:00+09:00,695.0,696.0,695.0,696.0,3800,0.0,0.0
2024-09-26 12:40:00+09:00,695.0,700.0,695.0,699.0,16600,0.0,0.0
2024-09-26 12:45:00+09:00,699.0,700.0,699.0,699.0,4300,0.0,0.0
2024-09-26 12:50:00+09:00,699.0,701.0,699.0,700.0,42400,0.0,0.0
2024-09-26 12:55:00+09:00,701.0,702.0,699.0,699.0,3400,0.0,0.0
2024-09-26 13:00:00+09:00,699.0,699.0,698.0,698.0,2000,0.0,0.0
2024-09-26 13:05:00+09:00,697.0,697.0,695.0,697.0,3200,0.0,0.0
2024-09-26 13:10:00+09:00,699.0,700.0,699.0,700.0,1100,0.0,0.0
2024-09-26 13:15:00+09:00,701.0,701.0,699.0,699.0,1400,0.0,0.0
2024-09-26 13:20:00+09:00,700.0,701.0,698.0,698.0,4300,0.0,0.0
2024-09-26 13:25:00+09:00,698.0,698.0,694.0,698.0,9600,0.0,0.0
2024-09-26 13:30:00+09:00,698.0,699.0,697.0,698.0,2800,0.0,0.0
2024-09-26 13:35:00+09:00,697.0,697.0,694.0,696.0,10500,0.0,0.0
2024-09-26 13:40:00+09:00,696.0,696.0,696.0,696.0,200,0.0,0.0
2024-09-26 13:45:00+09:00,698.0,699.0,698.0,699.0,6600,0.0,0.0
2024-09-26 13:50:00+09:00,700.0,700.0,699.0,699.0,500,0.0,0.0
2024-09-26 13:55:00+09:00,698.0,700.0,698.0,700.0,800,0.0,0.0
2024-09-26 14:00:00+09:00,698.0,698.0,697.0,697.0,2100,0.0,0.0
2024-09-26 14:05:00+09:00,697.0,699.0,697.0,699.0,800,0.0,0.0
2024-09-26 14:10:00+09:00,700.0,704.0,700.0,702.0,11500,0.0,0.0
2024-09-26 14:15:00+09:00,702.0,709.0,702.0,707.0,15700,0.0,0.0
2024-09-26 14:20:00+09:00,707.0,708.0,706.0,707.0,4100,0.0,0.0
2024-09-26 14:25:00+09:00,707.0,707.0,706.0,707.0,1000,0.0,0.0
2024-09-26 14:30:00+09:00,708.0,711.0,707.0,711.0,18500,0.0,0.0
2024-09-26 14:35:00+09:00,711.0,712.0,707.0,708.0,7300,0.0,0.0
2024-09-26 14:40:00+09:00,708.0,708.0,706.0,708.0,2800,0.0,0.0
2024-09-26 14:45:00+09:00,707.0,708.0,704.0,704.0,9500,0.0,0.0
2024-09-26 14:50:00+09:00,706.0,707.0,705.0,707.0,3500,0.0,0.0
2024-09-26 14:55:00+09:00,705.0,711.0,705.0,710.0,15700,0.0,0.0
2024-09-27 09:00:00+09:00,717.0,717.0,703.0,707.0,33200,0.0,0.0
2024-09-27 09:05:00+09:00,707.0,710.0,707.0,710.0,1800,0.0,0.0
2024-09-27 09:10:00+09:00,708.0,708.0,697.0,698.0,10000,0.0,0.0
2024-09-27 09:15:00+09:00,698.0,702.0,697.0,698.0,4800,0.0,0.0
2024-09-27 09:20:00+09:00,698.0,699.0,698.0,698.0,600,0.0,0.0
2024-09-27 09:25:00+09:00,698.0,698.0,692.0,695.0,10900,0.0,0.0
2024-09-27 09:30:00+09:00,696.0,698.0,695.0,696.0,4500,0.0,0.0
2024-09-27 09:35:00+09:00,695.0,695.0,695.0,695.0,1100,0.0,0.0
2024-09-27 09:40:00+09:00,694.0,694.0,693.0,693.0,500,0.0,0.0
2024-09-27 09:45:00+09:00,693.0,694.0,693.0,693.0,2400,0.0,0.0
2024-09-27 09:50:00+09:00,692.0,692.0,690.0,691.0,4700,0.0,0.0
2024-09-27 09:55:00+09:00,690.0,690.0,686.0,688.0,9700,0.0,0.0
2024-09-27 10:00:00+09:00,689.0,689.0,689.0,689.0,1100,0.0,0.0
2024-09-27 10:05:00+09:00,690.0,690.0,689.0,689.0,2600,0.0,0.0
2024-09-27 10:10:00+09:00,690.0,690.0,690.0,690.0,1100,0.0,0.0
2024-09-27 10:15:00+09:00,691.0,691.0,691.0,691.0,1600,0.0,0.0
2024-09-27 10:20:00+09:00,690.0,691.0,688.0,691.0,4700,0.0,0.0
2024-09-27 10:25:00+09:00,692.0,696.0,692.0,692.0,9300,0.0,0.0
2024-09-27 10:30:00+09:00,693.0,693.0,690.0,690.0,3100,0.0,0.0
2024-09-27 10:35:00+09:00,690.0,691.0,690.0,691.0,2400,0.0,0.0
2024-09-27 10:40:00+09:00,691.0,691.0,690.0,690.0,1400,0.0,0.0
2024-09-27 10:45:00+09:00,689.0,692.0,688.0,692.0,3700,0.0,0.0
2024-09-27 10:50:00+09:00,690.0,690.0,689.0,689.0,300,0.0,0.0
2024-09-27 10:55:00+09:00,691.0,691.0,690.0,690.0,1300,0.0,0.0
2024-09-27 11:00:00+09:00,691.0,693.0,691.0,692.0,1900,0.0,0.0
2024-09-27 11:15:00+09:00,692.0,692.0,691.0,691.0,600,0.0,0.0
2024-09-27 11:20:00+09:00,691.0,694.0,691.0,694.0,2000,0.0,0.0
2024-09-27 11:25:00+09:00,693.0,693.0,692.0,693.0,600,0.0,0.0
2024-09-27 11:30:00+09:00,693.0,693.0,693.0,693.0,300,0.0,0.0
2024-09-27 11:35:00+09:00,693.0,693.0,693.0,693.0,0,0.0,0.0
2024-09-27 12:30:00+09:00,693.0,696.0,692.0,696.0,124900,0.0,0.0
2024-09-27 12:35:00+09:00,695.0,695.0,694.0,694.0,1000,0.0,0.0
2024-09-27 12:40:00+09:00,694.0,695.0,694.0,695.0,800,0.0,0.0
2024-09-27 12:45:00+09:00,695.0,695.0,693.0,693.0,3200,0.0,0.0
2024-09-27 12:50:00+09:00,693.0,693.0,693.0,693.0,1100,0.0,0.0
2024-09-27 12:55:00+09:00,693.0,693.0,690.0,691.0,10100,0.0,0.0
2024-09-27 13:00:00+09:00,692.0,692.0,691.0,691.0,2000,0.0,0.0
2024-09-27 13:05:00+09:00,692.0,692.0,683.0,684.0,38300,0.0,0.0
2024-09-27 13:10:00+09:00,684.0,684.0,683.0,684.0,1100,0.0,0.0
2024-09-27 13:15:00+09:00,685.0,685.0,683.0,683.0,2800,0.0,0.0
2024-09-27 13:20:00+09:00,684.0,685.0,684.0,685.0,800,0.0,0.0
2024-09-27 13:25:00+09:00,685.0,685.0,685.0,685.0,300,0.0,0.0
2024-09-27 13:30:00+09:00,685.0,685.0,684.0,685.0,1300,0.0,0.0
2024-09-27 13:35:00+09:00,686.0,686.0,684.0,684.0,12500,0.0,0.0
2024-09-27 13:40:00+09:00,684.0,686.0,684.0,684.0,1600,0.0,0.0
2024-09-27 13:45:00+09:00,684.0,685.0,684.0,684.0,1000,0.0,0.0
2024-09-27 13:50:00+09:00,686.0,686.0,686.0,686.0,300,0.0,0.0
2024-09-27 13:55:00+09:00,685.0,685.0,683.0,685.0,8900,0.0,0.0
2024-09-27 14:00:00+09:00,686.0,688.0,686.0,688.0,3100,0.0,0.0
2024-09-27 14:05:00+09:00,688.0,689.0,688.0,688.0,1300,0.0,0.0
2024-09-27 14:10:00+09:00,687.0,688.0,686.0,687.0,1800,0.0,0.0
2024-09-27 14:15:00+09:00,688.0,689.0,687.0,689.0,6700,0.0,0.0
2024-09-27 14:20:00+09:00,688.0,690.0,685.0,690.0,4800,0.0,0.0
2024-09-27 14:25:00+09:00,692.0,696.0,688.0,696.0,10800,0.0,0.0
2024-09-27 14:30:00+09:00,695.0,698.0,694.0,694.0,10000,0.0,0.0
2024-09-27 14:35:00+09:00,694.0,696.0,694.0,696.0,900,0.0,0.0
2024-09-27 14:40:00+09:00,696.0,696.0,696.0,696.0,1500,0.0,0.0
2024-09-27 14:45:00+09:00,696.0,696.0,695.0,695.0,4700,0.0,0.0
2024-09-27 14:50:00+09:00,695.0,695.0,692.0,693.0,3700,0.0,0.0
2024-09-27 14:55:00+09:00,694.0,694.0,689.0,691.0,22500,0.0,0.0
2024-09-30 09:05:00+09:00,668.0,677.0,667.0,671.0,56700,0.0,0.0
2024-09-30 09:10:00+09:00,670.0,672.0,669.0,671.0,8800,0.0,0.0
2024-09-30 09:15:00+09:00,672.0,672.0,670.0,671.0,2400,0.0,0.0
2024-09-30 09:20:00+09:00,672.0,673.0,669.0,670.0,5700,0.0,0.0
2024-09-30 09:25:00+09:00,669.0,671.0,665.0,667.0,16400,0.0,0.0
2024-09-30 09:30:00+09:00,667.0,671.0,667.0,669.0,3000,0.0,0.0
2024-09-30 09:35:00+09:00,671.0,671.0,668.0,668.0,1200,0.0,0.0
2024-09-30 09:40:00+09:00,668.0,670.0,667.0,669.0,4200,0.0,0.0
2024-09-30 09:45:00+09:00,668.0,669.0,667.0,668.0,2000,0.0,0.0
2024-09-30 09:50:00+09:00,668.0,670.0,668.0,670.0,1600,0.0,0.0
2024-09-30 09:55:00+09:00,671.0,671.0,671.0,671.0,600,0.0,0.0
2024-09-30 10:00:00+09:00,670.0,672.0,670.0,672.0,1800,0.0,0.0
2024-09-30 10:05:00+09:00,673.0,677.0,673.0,677.0,8200,0.0,0.0
2024-09-30 10:10:00+09:00,677.0,677.0,676.0,676.0,500,0.0,0.0
2024-09-30 10:15:00+09:00,676.0,677.0,674.0,674.0,2700,0.0,0.0
2024-09-30 10:20:00+09:00,676.0,676.0,674.0,674.0,400,0.0,0.0
2024-09-30 10:25:00+09:00,673.0,673.0,672.0,672.0,300,0.0,0.0
2024-09-30 10:30:00+09:00,673.0,673.0,673.0,673.0,1300,0.0,0.0
2024-09-30 10:35:00+09:00,673.0,673.0,673.0,673.0,1000,0.0,0.0
2024-09-30 10:40:00+09:00,674.0,675.0,674.0,674.0,1900,0.0,0.0
2024-09-30 10:50:00+09:00,673.0,673.0,671.0,673.0,11800,0.0,0.0
2024-09-30 10:55:00+09:00,673.0,673.0,673.0,673.0,300,0.0,0.0
2024-09-30 11:00:00+09:00,673.0,673.0,670.0,670.0,2000,0.0,0.0
2024-09-30 11:05:00+09:00,670.0,671.0,668.0,668.0,2700,0.0,0.0
2024-09-30 11:10:00+09:00,668.0,669.0,668.0,669.0,200,0.0,0.0
2024-09-30 11:15:00+09:00,668.0,668.0,667.0,667.0,4200,0.0,0.0
2024-09-30 11:20:00+09:00,666.0,666.0,666.0,666.0,4700,0.0,0.0
2024-09-30 11:25:00+09:00,665.0,665.0,665.0,665.0,2100,0.0,0.0
2024-09-30 11:35:00+09:00,665.0,665.0,665.0,665.0,0,0.0,0.0
2024-09-30 12:30:00+09:00,666.0,667.0,664.0,665.0,156200,0.0,0.0
2024-09-30 12:35:00+09:00,666.0,666.0,666.0,666.0,200,0.0,0.0
2024-09-30 12:40:00+09:00,666.0,669.0,666.0,669.0,6600,0.0,0.0
2024-09-30 12:45:00+09:00,668.0,668.0,668.0,668.0,700,0.0,0.0
2024-09-30 12:50:00+09:00,668.0,668.0,668.0,668.0,200,0.0,0.0
2024-09-30 12:55:00+09:00,669.0,670.0,669.0,670.0,1300,0.0,0.0
2024-09-30 13:00:00+09:00,669.0,669.0,669.0,669.0,600,0.0,0.0
2024-09-30 13:05:00+09:00,669.0,669.0,668.0,668.0,1400,0.0,0.0
2024-09-30 13:10:00+09:00,668.0,668.0,667.0,667.0,2300,0.0,0.0
2024-09-30 13:15:00+09:00,668.0,669.0,668.0,669.0,800,0.0,0.0
2024-09-30 13:20:00+09:00,669.0,669.0,669.0,669.0,2800,0.0,0.0
2024-09-30 13:25:00+09:00,669.0,670.0,668.0,668.0,1100,0.0,0.0
2024-09-30 13:30:00+09:00,668.0,669.0,668.0,669.0,700,0.0,0.0
2024-09-30 13:35:00+09:00,668.0,668.0,668.0,668.0,100,0.0,0.0
2024-09-30 13:40:00+09:00,669.0,669.0,668.0,668.0,1100,0.0,0.0
2024-09-30 13:45:00+09:00,669.0,669.0,669.0,669.0,700,0.0,0.0
2024-09-30 13:50:00+09:00,669.0,669.0,669.0,669.0,300,0.0,0.0
2024-09-30 13:55:00+09:00,668.0,668.0,667.0,667.0,1900,0.0,0.0
2024-09-30 14:00:00+09:00,667.0,667.0,666.0,666.0,1200,0.0,0.0
2024-09-30 14:10:00+09:00,665.0,665.0,663.0,663.0,7000,0.0,0.0
2024-09-30 14:15:00+09:00,663.0,663.0,663.0,663.0,200,0.0,0.0
2024-09-30 14:20:00+09:00,663.0,663.0,662.0,663.0,3300,0.0,0.0
2024-09-30 14:25:00+09:00,663.0,663.0,662.0,662.0,1200,0.0,0.0
2024-09-30 14:30:00+09:00,662.0,662.0,662.0,662.0,1000,0.0,0.0
2024-09-30 14:35:00+09:00,662.0,662.0,659.0,661.0,6400,0.0,0.0
2024-09-30 14:40:00+09:00,662.0,663.0,660.0,661.0,2500,0.0,0.0
2024-09-30 14:45:00+09:00,661.0,663.0,661.0,662.0,1000,0.0,0.0
2024-09-30 14:50:00+09:00,662.0,663.0,662.0,663.0,700,0.0,0.0
2024-09-30 14:55:00+09:00,662.0,663.0,662.0,662.0,2800,0.0,0.0
2024-10-01 09:00:00+09:00,679.0,683.0,676.0,683.0,19200,0.0,0.0
2024-10-01 09:05:00+09:00,681.0,685.0,680.0,685.0,6500,0.0,0.0
2024-10-01 09:10:00+09:00,685.0,688.0,683.0,683.0,2400,0.0,0.0
2024-10-01 09:15:00+09:00,681.0,681.0,678.0,678.0,2000,0.0,0.0
2024-10-01 09:20:00+09:00,677.0,679.0,677.0,678.0,1000,0.0,0.0
2024-10-01 09:25:00+09:00,678.0,678.0,676.0,676.0,1600,0.0,0.0
2024-10-01 09:30:00+09:00,676.0,680.0,676.0,679.0,2800,0.0,0.0
2024-10-01 09:35:00+09:00,681.0,681.0,681.0,681.0,300,0.0,0.0
2024-10-01 09:40:00+09:00,682.0,684.0,682.0,682.0,2100,0.0,0.0
2024-10-01 09:45:00+09:00,683.0,684.0,681.0,684.0,1700,0.0,0.0
2024-10-01 09:50:00+09:00,683.0,683.0,683.0,683.0,300,0.0,0.0
2024-10-01 09:55:00+09:00,682.0,683.0,682.0,683.0,1000,0.0,0.0
2024-10-01 10:00:00+09:00,682.0,682.0,681.0,682.0,1200,0.0,0.0
2024-10-01 10:05:00+09:00,682.0,682.0,682.0,682.0,600,0.0,0.0
2024-10-01 10:10:00+09:00,682.0,683.0,682.0,683.0,1000,0.0,0.0
2024-10-01 10:15:00+09:00,684.0,685.0,683.0,685.0,1500,0.0,0.0
2024-10-01 10:20:00+09:00,684.0,684.0,684.0,684.0,100,0.0,0.0
2024-10-01 10:25:00+09:00,684.0,686.0,684.0,685.0,1300,0.0,0.0
2024-10-01 10:30:00+09:00,685.0,686.0,685.0,686.0,2000,0.0,0.0
2024-10-01 10:35:00+09:00,685.0,685.0,685.0,685.0,300,0.0,0.0
2024-10-01 10:40:00+09:00,685.0,685.0,685.0,685.0,100,0.0,0.0
2024-10-01 10:45:00+09:00,685.0,686.0,685.0,686.0,1100,0.0,0.0
2024-10-01 10:50:00+09:00,685.0,686.0,685.0,686.0,800,0.0,0.0
2024-10-01 10:55:00+09:00,685.0,686.0,685.0,686.0,400,0.0,0.0
2024-10-01 11:00:00+09:00,686.0,687.0,686.0,687.0,600,0.0,0.0
2024-10-01 11:05:00+09:00,687.0,687.0,686.0,686.0,1400,0.0,0.0
2024-10-01 11:15:00+09:00,686.0,686.0,686.0,686.0,200,0.0,0.0
2024-10-01 11:20:00+09:00,686.0,686.0,686.0,686.0,500,0.0,0.0
2024-10-01 11:25:00+09:00,686.0,686.0,686.0,686.0,200,0.0,0.0
2024-10-01 11:35:00+09:00,686.0,686.0,686.0,686.0,0,0.0,0.0
2024-10-01 12:30:00+09:00,686.0,689.0,686.0,687.0,57400,0.0,0.0
2024-10-01 12:35:00+09:00,687.0,689.0,686.0,689.0,5600,0.0,0.0
2024-10-01 12:45:00+09:00,687.0,688.0,686.0,687.0,800,0.0,0.0
2024-10-01 12:50:00+09:00,685.0,685.0,685.0,685.0,400,0.0,0.0
2024-10-01 12:55:00+09:00,685.0,686.0,685.0,686.0,500,0.0,0.0
2024-10-01 13:05:00+09:00,685.0,687.0,685.0,687.0,800,0.0,0.0
2024-10-01 13:10:00+09:00,686.0,686.0,684.0,684.0,1600,0.0,0.0
2024-10-01 13:15:00+09:00,684.0,684.0,684.0,684.0,200,0.0,0.0
2024-10-01 13:30:00+09:00,684.0,684.0,683.0,684.0,2400,0.0,0.0
2024-10-01 13:35:00+09:00,684.0,684.0,684.0,684.0,200,0.0,0.0
2024-10-01 13:40:00+09:00,684.0,684.0,684.0,684.0,200,0.0,0.0
2024-10-01 13:45:00+09:00,684.0,684.0,684.0,684.0,1500,0.0,0.0
2024-10-01 13:50:00+09:00,684.0,684.0,684.0,684.0,500,0.0,0.0
2024-10-01 13:55:00+09:00,684.0,684.0,684.0,684.0,300,0.0,0.0
2024-10-01 14:05:00+09:00,685.0,685.0,685.0,685.0,100,0.0,0.0
2024-10-01 14:10:00+09:00,685.0,685.0,685.0,685.0,300,0.0,0.0
2024-10-01 14:15:00+09:00,685.0,685.0,685.0,685.0,100,0.0,0.0
2024-10-01 14:20:00+09:00,684.0,684.0,684.0,684.0,400,0.0,0.0
2024-10-01 14:25:00+09:00,684.0,684.0,684.0,684.0,500,0.0,0.0
2024-10-01 14:30:00+09:00,684.0,686.0,684.0,686.0,2000,0.0,0.0
2024-10-01 14:35:00+09:00,687.0,687.0,687.0,687.0,300,0.0,0.0
2024-10-01 14:40:00+09:00,686.0,686.0,686.0,686.0,3200,0.0,0.0
2024-10-01 14:45:00+09:00,685.0,685.0,685.0,685.0,500,0.0,0.0
2024-10-01 14:50:00+09:00,686.0,687.0,686.0,687.0,2100,0.0,0.0
2024-10-01 14:55:00+09:00,686.0,686.0,684.0,684.0,4400,0.0,0.0
2024-10-02 09:00:00+09:00,674.0,676.0,672.0,676.0,4100,0.0,0.0
2024-10-02 09:05:00+09:00,677.0,678.0,677.0,677.0,1800,0.0,0.0
2024-10-02 09:10:00+09:00,677.0,677.0,675.0,675.0,400,0.0,0.0
2024-10-02 09:15:00+09:00,673.0,675.0,672.0,672.0,3400,0.0,0.0
2024-10-02 09:20:00+09:00,671.0,672.0,671.0,672.0,800,0.0,0.0
2024-10-02 09:25:00+09:00,673.0,673.0,673.0,673.0,800,0.0,0.0
2024-10-02 09:30:00+09:00,672.0,672.0,671.0,671.0,1400,0.0,0.0
2024-10-02 09:35:00+09:00,672.0,672.0,672.0,672.0,200,0.0,0.0
2024-10-02 09:40:00+09:00,672.0,672.0,671.0,671.0,1000,0.0,0.0
2024-10-02 09:50:00+09:00,673.0,673.0,672.0,672.0,600,0.0,0.0
2024-10-02 09:55:00+09:00,672.0,672.0,672.0,672.0,200,0.0,0.0
2024-10-02 10:00:00+09:00,671.0,671.0,666.0,667.0,3300,0.0,0.0
2024-10-02 10:05:00+09:00,667.0,667.0,664.0,664.0,5000,0.0,0.0
2024-10-02 10:10:00+09:00,665.0,665.0,664.0,665.0,900,0.0,0.0
2024-10-02 10:15:00+09:00,665.0,666.0,665.0,666.0,2000,0.0,0.0
2024-10-02 10:20:00+09:00,666.0,667.0,666.0,667.0,700,0.0,0.0
2024-10-02 10:25:00+09:00,667.0,667.0,665.0,665.0,2500,0.0,0.0
2024-10-02 10:30:00+09:00,667.0,669.0,667.0,669.0,2200,0.0,0.0
2024-10-02 10:35:00+09:00,669.0,669.0,668.0,668.0,1200,0.0,0.0
2024-10-02 10:40:00+09:00,667.0,667.0,667.0,667.0,100,0.0,0.0
2024-10-02 10:50:00+09:00,667.0,667.0,667.0,667.0,100,0.0,0.0
2024-10-02 10:55:00+09:00,667.0,667.0,667.0,667.0,200,0.0,0.0
2024-10-02 11:00:00+09:00,667.0,667.0,667.0,667.0,100,0.0,0.0
2024-10-02 11:05:00+09:00,667.0,667.0,667.0,667.0,100,0.0,0.0
2024-10-02 11:15:00+09:00,666.0,666.0,666.0,666.0,1200,0.0,0.0
2024-10-02 11:20:00+09:00,666.0,666.0,666.0,666.0,400,0.0,0.0
2024-10-02 11:25:00+09:00,667.0,669.0,667.0,669.0,1100,0.0,0.0
2024-10-02 11:30:00+09:00,668.0,668.0,668.0,668.0,5600,0.0,0.0
2024-10-02 11:35:00+09:00,668.0,668.0,668.0,668.0,0,0.0,0.0
2024-10-02 12:30:00+09:00,668.0,672.0,667.0,667.0,51800,0.0,0.0
2024-10-02 12:35:00+09:00,668.0,668.0,666.0,667.0,600,0.0,0.0
2024-10-02 12:40:00+09:00,666.0,666.0,666.0,666.0,3200,0.0,0.0
2024-10-02 12:45:00+09:00,666.0,666.0,665.0,665.0,5100,0.0,0.0
2024-10-02 12:50:00+09:00,665.0,665.0,664.0,664.0,900,0.0,0.0
2024-10-02 12:55:00+09:00,664.0,664.0,663.0,663.0,4900,0.0,0.0
2024-10-02 13:00:00+09:00,663.0,664.0,663.0,664.0,1200,0.0,0.0
2024-10-02 13:05:00+09:00,664.0,664.0,664.0,664.0,400,0.0,0.0
2024-10-02 13:15:00+09:00,664.0,665.0,664.0,665.0,200,0.0,0.0
2024-10-02 13:25:00+09:00,664.0,664.0,664.0,664.0,500,0.0,0.0
2024-10-02 13:30:00+09:00,663.0,663.0,661.0,661.0,5200,0.0,0.0
2024-10-02 13:35:00+09:00,662.0,662.0,662.0,662.0,100,0.0,0.0
2024-10-02 13:40:00+09:00,662.0,663.0,662.0,663.0,1900,0.0,0.0
2024-10-02 13:45:00+09:00,663.0,663.0,663.0,663.0,100,0.0,0.0
2024-10-02 13:50:00+09:00,663.0,663.0,663.0,663.0,0,0.0,0.0
2024-10-02 13:55:00+09:00,663.0,663.0,661.0,661.0,78500,0.0,0.0
2024-10-02 14:00:00+09:00,662.0,662.0,662.0,662.0,200,0.0,0.0
2024-10-02 14:05:00+09:00,662.0,662.0,662.0,662.0,400,0.0,0.0
2024-10-02 14:15:00+09:00,662.0,662.0,662.0,662.0,1500,0.0,0.0
2024-10-02 14:20:00+09:00,662.0,662.0,660.0,660.0,6700,0.0,0.0
2024-10-02 14:25:00+09:00,660.0,660.0,659.0,660.0,2500,0.0,0.0
2024-10-02 14:30:00+09:00,659.0,660.0,659.0,659.0,2100,0.0,0.0
2024-10-02 14:35:00+09:00,660.0,661.0,660.0,660.0,1300,0.0,0.0
2024-10-02 14:40:00+09:00,660.0,660.0,660.0,660.0,200,0.0,0.0
2024-10-02 14:45:00+09:00,660.0,660.0,659.0,659.0,4600,0.0,0.0
2024-10-02 14:50:00+09:00,660.0,660.0,659.0,659.0,900,0.0,0.0
2024-10-02 14:55:00+09:00,658.0,660.0,658.0,659.0,1300,0.0,0.0
2024-10-03 09:00:00+09:00,673.0,673.0,670.0,670.0,7000,0.0,0.0
2024-10-03 09:05:00+09:00,669.0,670.0,668.0,668.0,1900,0.0,0.0
2024-10-03 09:10:00+09:00,668.0,669.0,659.0,659.0,28600,0.0,0.0
2024-10-03 09:15:00+09:00,659.0,659.0,656.0,657.0,10600,0.0,0.0
2024-10-03 09:20:00+09:00,658.0,663.0,658.0,663.0,5000,0.0,0.0
2024-10-03 09:25:00+09:00,661.0,661.0,661.0,661.0,400,0.0,0.0
2024-10-03 09:30:00+09:00,663.0,665.0,661.0,661.0,3900,0.0,0.0
2024-10-03 09:35:00+09:00,660.0,660.0,657.0,657.0,2800,0.0,0.0
2024-10-03 09:40:00+09:00,657.0,657.0,656.0,656.0,4700,0.0,0.0
2024-10-03 09:45:00+09:00,655.0,656.0,654.0,654.0,5700,0.0,0.0
2024-10-03 09:50:00+09:00,656.0,656.0,655.0,655.0,500,0.0,0.0
2024-10-03 09:55:00+09:00,656.0,658.0,656.0,658.0,2200,0.0,0.0
2024-10-03 10:00:00+09:00,658.0,658.0,656.0,657.0,500,0.0,0.0
2024-10-03 10:05:00+09:00,658.0,659.0,657.0,657.0,4500,0.0,0.0
2024-10-03 10:10:00+09:00,657.0,659.0,657.0,657.0,3100,0.0,0.0
2024-10-03 10:15:00+09:00,656.0,656.0,654.0,654.0,4000,0.0,0.0
2024-10-03 10:20:00+09:00,654.0,654.0,654.0,654.0,400,0.0,0.0
2024-10-03 10:25:00+09:00,656.0,657.0,656.0,656.0,800,0.0,0.0
2024-10-03 10:30:00+09:00,656.0,656.0,656.0,656.0,1200,0.0,0.0
2024-10-03 10:35:00+09:00,656.0,656.0,656.0,656.0,1400,0.0,0.0
2024-10-03 10:40:00+09:00,657.0,657.0,657.0,657.0,1000,0.0,0.0
2024-10-03 10:45:00+09:00,657.0,657.0,656.0,656.0,1100,0.0,0.0
2024-10-03 10:50:00+09:00,656.0,657.0,656.0,657.0,400,0.0,0.0
2024-10-03 10:55:00+09:00,657.0,657.0,657.0,657.0,900,0.0,0.0
2024-10-03 11:00:00+09:00,656.0,656.0,654.0,654.0,5900,0.0,0.0
2024-10-03 11:05:00+09:00,654.0,654.0,654.0,654.0,600,0.0,0.0
2024-10-03 11:10:00+09:00,653.0,653.0,653.0,653.0,100,0.0,0.0
2024-10-03 11:15:00+09:00,654.0,655.0,654.0,655.0,400,0.0,0.0
2024-10-03 11:20:00+09:00,655.0,655.0,655.0,655.0,100,0.0,0.0
2024-10-03 11:25:00+09:00,656.0,656.0,656.0,656.0,100,0.0,0.0
2024-10-03 11:30:00+09:00,655.0,655.0,655.0,655.0,10400,0.0,0.0
2024-10-03 11:35:00+09:00,655.0,655.0,655.0,655.0,0,0.0,0.0
2024-10-03 12:30:00+09:00,656.0,657.0,656.0,657.0,111900,0.0,0.0
2024-10-03 12:35:00+09:00,656.0,656.0,654.0,654.0,1200,0.0,0.0
2024-10-03 12:40:00+09:00,654.0,654.0,649.0,649.0,26800,0.0,0.0
2024-10-03 12:45:00+09:00,650.0,651.0,650.0,650.0,1200,0.0,0.0
2024-10-03 12:50:00+09:00,650.0,650.0,649.0,649.0,900,0.0,0.0
2024-10-03 12:55:00+09:00,650.0,651.0,650.0,651.0,1800,0.0,0.0
2024-10-03 13:00:00+09:00,650.0,651.0,650.0,651.0,900,0.0,0.0
2024-10-03 13:10:00+09:00,651.0,651.0,650.0,650.0,1400,0.0,0.0
2024-10-03 13:15:00+09:00,649.0,650.0,649.0,650.0,3500,0.0,0.0
2024-10-03 13:20:00+09:00,650.0,651.0,650.0,651.0,2100,0.0,0.0
2024-10-03 13:25:00+09:00,650.0,650.0,650.0,650.0,600,0.0,0.0
2024-10-03 13:30:00+09:00,650.0,651.0,650.0,651.0,500,0.0,0.0
2024-10-03 13:35:00+09:00,650.0,651.0,650.0,651.0,1000,0.0,0.0
2024-10-03 13:40:00+09:00,651.0,651.0,651.0,651.0,800,0.0,0.0
2024-10-03 13:45:00+09:00,651.0,651.0,651.0,651.0,300,0.0,0.0
2024-10-03 13:50:00+09:00,650.0,650.0,648.0,648.0,3400,0.0,0.0
2024-10-03 13:55:00+09:00,649.0,650.0,649.0,650.0,500,0.0,0.0
2024-10-03 14:00:00+09:00,649.0,649.0,649.0,649.0,800,0.0,0.0
2024-10-03 14:05:00+09:00,649.0,649.0,648.0,649.0,1200,0.0,0.0
2024-10-03 14:10:00+09:00,648.0,648.0,648.0,648.0,1500,0.0,0.0
2024-10-03 14:20:00+09:00,649.0,649.0,648.0,648.0,2300,0.0,0.0
2024-10-03 14:25:00+09:00,648.0,648.0,648.0,648.0,600,0.0,0.0
2024-10-03 14:30:00+09:00,648.0,649.0,648.0,649.0,1400,0.0,0.0
2024-10-03 14:35:00+09:00,649.0,650.0,648.0,650.0,3900,0.0,0.0
2024-10-03 14:40:00+09:00,649.0,651.0,649.0,650.0,2500,0.0,0.0
2024-10-03 14:45:00+09:00,649.0,649.0,647.0,647.0,4100,0.0,0.0
2024-10-03 14:50:00+09:00,648.0,648.0,647.0,647.0,1300,0.0,0.0
2024-10-03 14:55:00+09:00,647.0,648.0,647.0,647.0,5700,0.0,0.0
2024-10-04 09:00:00+09:00,644.0,645.0,640.0,644.0,9600,0.0,0.0
2024-10-04 09:05:00+09:00,645.0,646.0,644.0,644.0,3400,0.0,0.0
2024-10-04 09:10:00+09:00,642.0,646.0,642.0,646.0,1900,0.0,0.0
2024-10-04 09:15:00+09:00,646.0,647.0,645.0,647.0,400,0.0,0.0
2024-10-04 09:20:00+09:00,647.0,647.0,646.0,646.0,700,0.0,0.0
2024-10-04 09:25:00+09:00,646.0,646.0,643.0,644.0,4500,0.0,0.0
2024-10-04 09:35:00+09:00,644.0,644.0,644.0,644.0,200,0.0,0.0
2024-10-04 09:40:00+09:00,643.0,643.0,642.0,642.0,1300,0.0,0.0
2024-10-04 09:45:00+09:00,643.0,643.0,642.0,642.0,1000,0.0,0.0
2024-10-04 09:50:00+09:00,642.0,642.0,638.0,638.0,6800,0.0,0.0
2024-10-04 09:55:00+09:00,637.0,640.0,636.0,639.0,9500,0.0,0.0
2024-10-04 10:00:00+09:00,637.0,637.0,636.0,637.0,2300,0.0,0.0
2024-10-04 10:05:00+09:00,637.0,637.0,636.0,637.0,2600,0.0,0.0
2024-10-04 10:10:00+09:00,636.0,637.0,636.0,637.0,2400,0.0,0.0
2024-10-04 10:15:00+09:00,637.0,638.0,637.0,638.0,1900,0.0,0.0
2024-10-04 10:20:00+09:00,639.0,639.0,637.0,637.0,1500,0.0,0.0
2024-10-04 10:25:00+09:00,639.0,641.0,639.0,640.0,5300,0.0,0.0
2024-10-04 10:30:00+09:00,641.0,643.0,640.0,640.0,3700,0.0,0.0
2024-10-04 10:40:00+09:00,640.0,640.0,640.0,640.0,2100,0.0,0.0
2024-10-04 10:45:00+09:00,640.0,641.0,640.0,641.0,12600,0.0,0.0
2024-10-04 10:55:00+09:00,640.0,640.0,639.0,639.0,1900,0.0,0.0
2024-10-04 11:00:00+09:00,638.0,639.0,638.0,639.0,1300,0.0,0.0
2024-10-04 11:10:00+09:00,640.0,640.0,640.0,640.0,200,0.0,0.0
2024-10-04 11:15:00+09:00,641.0,641.0,640.0,640.0,400,0.0,0.0
2024-10-04 11:20:00+09:00,640.0,640.0,640.0,640.0,200,0.0,0.0
2024-10-04 11:25:00+09:00,640.0,643.0,639.0,643.0,4300,0.0,0.0
2024-10-04 11:30:00+09:00,639.0,639.0,639.0,639.0,11300,0.0,0.0
2024-10-04 11:35:00+09:00,639.0,639.0,639.0,639.0,0,0.0,0.0
2024-10-04 12:30:00+09:00,642.0,642.0,640.0,640.0,97500,0.0,0.0
2024-10-04 12:35:00+09:00,639.0,639.0,639.0,639.0,600,0.0,0.0
2024-10-04 12:40:00+09:00,640.0,640.0,639.0,639.0,500,0.0,0.0
2024-10-04 12:45:00+09:00,640.0,640.0,639.0,639.0,300,0.0,0.0
2024-10-04 12:55:00+09:00,639.0,639.0,638.0,638.0,1700,0.0,0.0
2024-10-04 13:00:00+09:00,637.0,637.0,637.0,637.0,400,0.0,0.0
2024-10-04 13:05:00+09:00,637.0,637.0,637.0,637.0,100,0.0,0.0
2024-10-04 13:10:00+09:00,638.0,638.0,637.0,638.0,2400,0.0,0.0
2024-10-04 13:15:00+09:00,638.0,638.0,637.0,638.0,800,0.0,0.0
2024-10-04 13:20:00+09:00,638.0,638.0,638.0,638.0,300,0.0,0.0
2024-10-04 13:25:00+09:00,638.0,638.0,638.0,638.0,200,0.0,0.0
2024-10-04 13:35:00+09:00,639.0,639.0,635.0,635.0,7600,0.0,0.0
2024-10-04 13:40:00+09:00,636.0,636.0,636.0,636.0,1200,0.0,0.0
2024-10-04 13:45:00+09:00,635.0,635.0,633.0,634.0,7300,0.0,0.0
2024-10-04 13:50:00+09:00,634.0,634.0,634.0,634.0,1000,0.0,0.0
2024-10-04 13:55:00+09:00,635.0,636.0,635.0,636.0,3100,0.0,0.0
2024-10-04 14:00:00+09:00,636.0,636.0,636.0,636.0,500,0.0,0.0
2024-10-04 14:05:00+09:00,636.0,636.0,636.0,636.0,300,0.0,0.0
2024-10-04 14:15:00+09:00,636.0,636.0,636.0,636.0,500,0.0,0.0
2024-10-04 14:20:00+09:00,635.0,635.0,635.0,635.0,2400,0.0,0.0
2024-10-04 14:25:00+09:00,635.0,635.0,635.0,635.0,200,0.0,0.0
2024-10-04 14:30:00+09:00,635.0,636.0,635.0,635.0,2200,0.0,0.0
2024-10-04 14:35:00+09:00,635.0,635.0,634.0,635.0,1900,0.0,0.0
2024-10-04 14:40:00+09:00,636.0,640.0,636.0,637.0,11900,0.0,0.0
2024-10-04 14:45:00+09:00,636.0,638.0,636.0,637.0,3600,0.0,0.0
2024-10-04 14:50:00+09:00,637.0,638.0,637.0,638.0,3400,0.0,0.0
2024-10-04 14:55:00+09:00,638.0,638.0,636.0,636.0,4100,0.0,0.0
2024-10-07 09:00:00+09:00,656.0,674.0,656.0,671.0,48400,0.0,0.0
2024-10-07 09:05:00+09:00,671.0,671.0,665.0,667.0,20000,0.0,0.0
2024-10-07 09:10:00+09:00,667.0,667.0,660.0,664.0,20500,0.0,0.0
2024-10-07 09:15:00+09:00,663.0,665.0,662.0,662.0,3900,0.0,0.0
2024-10-07 09:20:00+09:00,661.0,662.0,661.0,662.0,2400,0.0,0.0
2024-10-07 09:25:00+09:00,663.0,663.0,660.0,660.0,3300,0.0,0.0
2024-10-07 09:30:00+09:00,660.0,663.0,660.0,662.0,3100,0.0,0.0
2024-10-07 09:35:00+09:00,661.0,661.0,659.0,659.0,5500,0.0,0.0
2024-10-07 09:40:00+09:00,660.0,662.0,660.0,662.0,1000,0.0,0.0
2024-10-07 09:50:00+09:00,659.0,660.0,659.0,660.0,2300,0.0,0.0
2024-10-07 09:55:00+09:00,659.0,660.0,658.0,660.0,1000,0.0,0.0
2024-10-07 10:00:00+09:00,660.0,660.0,660.0,660.0,500,0.0,0.0
2024-10-07 10:05:00+09:00,661.0,662.0,661.0,662.0,1800,0.0,0.0
2024-10-07 10:10:00+09:00,663.0,663.0,663.0,663.0,1700,0.0,0.0
2024-10-07 10:15:00+09:00,664.0,665.0,664.0,665.0,2100,0.0,0.0
2024-10-07 10:20:00+09:00,665.0,665.0,665.0,665.0,100,0.0,0.0
2024-10-07 10:25:00+09:00,664.0,664.0,662.0,664.0,5800,0.0,0.0
2024-10-07 10:30:00+09:00,665.0,665.0,664.0,664.0,1600,0.0,0.0
2024-10-07 10:35:00+09:00,666.0,666.0,665.0,665.0,200,0.0,0.0
2024-10-07 10:45:00+09:00,665.0,665.0,665.0,665.0,300,0.0,0.0
2024-10-07 10:50:00+09:00,665.0,665.0,664.0,664.0,300,0.0,0.0
2024-10-07 10:55:00+09:00,665.0,666.0,665.0,666.0,1700,0.0,0.0
2024-10-07 11:00:00+09:00,666.0,666.0,666.0,666.0,300,0.0,0.0
2024-10-07 11:05:00+09:00,666.0,667.0,665.0,667.0,3000,0.0,0.0
2024-10-07 11:10:00+09:00,666.0,666.0,666.0,666.0,100,0.0,0.0
2024-10-07 11:15:00+09:00,665.0,665.0,663.0,663.0,3900,0.0,0.0
2024-10-07 11:20:00+09:00,664.0,664.0,664.0,664.0,100,0.0,0.0
2024-10-07 11:25:00+09:00,663.0,663.0,663.0,663.0,400,0.0,0.0
2024-10-07 11:30:00+09:00,663.0,663.0,663.0,663.0,200,0.0,0.0
2024-10-07 11:35:00+09:00,663.0,663.0,663.0,663.0,0,0.0,0.0
2024-10-07 12:30:00+09:00,664.0,669.0,664.0,669.0,0,0.0,0.0
2024-10-07 12:35:00+09:00,668.0,668.0,668.0,668.0,153800,0.0,0.0
2024-10-07 12:40:00+09:00,669.0,672.0,668.0,669.0,30800,0.0,0.0
2024-10-07 12:45:00+09:00,668.0,668.0,668.0,668.0,100,0.0,0.0
2024-10-07 12:50:00+09:00,668.0,669.0,668.0,669.0,2700,0.0,0.0
2024-10-07 12:55:00+09:00,669.0,669.0,667.0,667.0,1300,0.0,0.0
2024-10-07 13:00:00+09:00,668.0,668.0,667.0,668.0,1400,0.0,0.0
2024-10-07 13:05:00+09:00,667.0,667.0,667.0,667.0,900,0.0,0.0
2024-10-07 13:10:00+09:00,666.0,668.0,666.0,668.0,1400,0.0,0.0
2024-10-07 13:15:00+09:00,668.0,669.0,668.0,669.0,1800,0.0,0.0
2024-10-07 13:20:00+09:00,668.0,671.0,668.0,671.0,25900,0.0,0.0
2024-10-07 13:25:00+09:00,670.0,674.0,670.0,674.0,7800,0.0,0.0
2024-10-07 13:30:00+09:00,674.0,674.0,673.0,674.0,1700,0.0,0.0
2024-10-07 13:35:00+09:00,674.0,674.0,672.0,672.0,20200,0.0,0.0
2024-10-07 13:40:00+09:00,672.0,672.0,672.0,672.0,0,0.0,0.0
2024-10-07 13:50:00+09:00,672.0,672.0,672.0,672.0,250100,0.0,0.0
2024-10-07 13:55:00+09:00,673.0,673.0,673.0,673.0,1200,0.0,0.0
2024-10-07 14:00:00+09:00,672.0,672.0,672.0,672.0,700,0.0,0.0
2024-10-07 14:05:00+09:00,672.0,672.0,672.0,672.0,100,0.0,0.0
2024-10-07 14:10:00+09:00,672.0,672.0,672.0,672.0,100,0.0,0.0
2024-10-07 14:15:00+09:00,673.0,673.0,673.0,673.0,1200,0.0,0.0
2024-10-07 14:20:00+09:00,672.0,672.0,672.0,672.0,500,0.0,0.0
2024-10-07 14:25:00+09:00,673.0,674.0,673.0,674.0,600,0.0,0.0
2024-10-07 14:30:00+09:00,672.0,672.0,672.0,672.0,2300,0.0,0.0
2024-10-07 14:35:00+09:00,672.0,672.0,671.0,672.0,1100,0.0,0.0
2024-10-07 14:40:00+09:00,672.0,672.0,672.0,672.0,2600,0.0,0.0
2024-10-07 14:45:00+09:00,672.0,672.0,671.0,671.0,5100,0.0,0.0
2024-10-07 14:50:00+09:00,671.0,672.0,671.0,671.0,2200,0.0,0.0
2024-10-07 14:55:00+09:00,671.0,672.0,668.0,670.0,8800,0.0,0.0
2024-10-08 09:00:00+09:00,672.0,677.0,669.0,673.0,19300,0.0,0.0
2024-10-08 09:05:00+09:00,673.0,673.0,671.0,671.0,2100,0.0,0.0
2024-10-08 09:10:00+09:00,670.0,673.0,669.0,673.0,1100,0.0,0.0
2024-10-08 09:15:00+09:00,674.0,679.0,674.0,676.0,11100,0.0,0.0
2024-10-08 09:20:00+09:00,677.0,677.0,677.0,677.0,600,0.0,0.0
2024-10-08 09:30:00+09:00,677.0,678.0,676.0,678.0,3000,0.0,0.0
2024-10-08 09:35:00+09:00,678.0,678.0,677.0,677.0,2700,0.0,0.0
2024-10-08 09:40:00+09:00,677.0,678.0,677.0,678.0,2200,0.0,0.0
2024-10-08 09:45:00+09:00,678.0,678.0,678.0,678.0,100,0.0,0.0
2024-10-08 09:50:00+09:00,677.0,677.0,676.0,676.0,700,0.0,0.0
2024-10-08 09:55:00+09:00,676.0,679.0,675.0,678.0,9800,0.0,0.0
2024-10-08 10:00:00+09:00,679.0,679.0,676.0,676.0,2300,0.0,0.0
2024-10-08 10:05:00+09:00,676.0,677.0,676.0,676.0,600,0.0,0.0
2024-10-08 10:10:00+09:00,678.0,678.0,678.0,678.0,1800,0.0,0.0
2024-10-08 10:15:00+09:00,677.0,677.0,677.0,677.0,100,0.0,0.0
2024-10-08 10:20:00+09:00,678.0,679.0,678.0,679.0,200,0.0,0.0
2024-10-08 10:30:00+09:00,677.0,677.0,672.0,672.0,8000,0.0,0.0
2024-10-08 10:35:00+09:00,672.0,672.0,672.0,672.0,1100,0.0,0.0
2024-10-08 10:40:00+09:00,672.0,672.0,672.0,672.0,2200,0.0,0.0
2024-10-08 10:45:00+09:00,671.0,671.0,671.0,671.0,400,0.0,0.0
2024-10-08 10:50:00+09:00,672.0,672.0,671.0,671.0,200,0.0,0.0
2024-10-08 10:55:00+09:00,672.0,672.0,672.0,672.0,1000,0.0,0.0
2024-10-08 11:00:00+09:00,673.0,674.0,673.0,674.0,1300,0.0,0.0
2024-10-08 11:05:00+09:00,674.0,674.0,674.0,674.0,400,0.0,0.0
2024-10-08 11:15:00+09:00,674.0,674.0,673.0,673.0,2300,0.0,0.0
2024-10-08 11:20:00+09:00,674.0,674.0,673.0,673.0,500,0.0,0.0
2024-10-08 11:25:00+09:00,671.0,671.0,671.0,671.0,700,0.0,0.0
2024-10-08 11:30:00+09:00,672.0,672.0,672.0,672.0,200,0.0,0.0
2024-10-08 11:35:00+09:00,672.0,672.0,672.0,672.0,0,0.0,0.0
2024-10-08 12:30:00+09:00,670.0,672.0,667.0,667.0,123900,0.0,0.0
2024-10-08 12:35:00+09:00,667.0,668.0,665.0,666.0,1600,0.0,0.0
2024-10-08 12:40:00+09:00,667.0,671.0,666.0,669.0,6100,0.0,0.0
2024-10-08 12:45:00+09:00,669.0,672.0,669.0,671.0,2300,0.0,0.0
2024-10-08 12:50:00+09:00,670.0,670.0,669.0,669.0,2000,0.0,0.0
2024-10-08 12:55:00+09:00,668.0,668.0,668.0,668.0,200,0.0,0.0
2024-10-08 13:00:00+09:00,668.0,669.0,668.0,669.0,400,0.0,0.0
2024-10-08 13:05:00+09:00,668.0,668.0,667.0,667.0,1100,0.0,0.0
2024-10-08 13:10:00+09:00,667.0,667.0,666.0,666.0,4400,0.0,0.0
2024-10-08 13:15:00+09:00,666.0,666.0,664.0,664.0,3000,0.0,0.0
2024-10-08 13:20:00+09:00,664.0,665.0,664.0,665.0,500,0.0,0.0
2024-10-08 13:25:00+09:00,665.0,669.0,665.0,666.0,5500,0.0,0.0
2024-10-08 13:30:00+09:00,665.0,665.0,663.0,663.0,3500,0.0,0.0
2024-10-08 13:35:00+09:00,665.0,665.0,664.0,665.0,800,0.0,0.0
2024-10-08 13:40:00+09:00,665.0,665.0,664.0,665.0,500,0.0,0.0
2024-10-08 13:45:00+09:00,665.0,666.0,665.0,665.0,800,0.0,0.0
2024-10-08 13:50:00+09:00,666.0,666.0,666.0,666.0,500,0.0,0.0
2024-10-08 13:55:00+09:00,666.0,666.0,665.0,665.0,600,0.0,0.0
2024-10-08 14:00:00+09:00,666.0,668.0,666.0,667.0,4400,0.0,0.0
2024-10-08 14:05:00+09:00,667.0,667.0,665.0,665.0,3600,0.0,0.0
2024-10-08 14:10:00+09:00,665.0,665.0,665.0,665.0,100,0.0,0.0
2024-10-08 14:15:00+09:00,665.0,665.0,664.0,665.0,800,0.0,0.0
2024-10-08 14:20:00+09:00,664.0,664.0,664.0,664.0,1900,0.0,0.0
2024-10-08 14:25:00+09:00,662.0,662.0,662.0,662.0,600,0.0,0.0
2024-10-08 14:30:00+09:00,662.0,663.0,662.0,663.0,1600,0.0,0.0
2024-10-08 14:35:00+09:00,662.0,663.0,662.0,662.0,1100,0.0,0.0
2024-10-08 14:40:00+09:00,663.0,663.0,663.0,663.0,800,0.0,0.0
2024-10-08 14:45:00+09:00,663.0,663.0,662.0,663.0,2000,0.0,0.0
2024-10-08 14:50:00+09:00,663.0,663.0,662.0,662.0,4200,0.0,0.0
2024-10-08 14:55:00+09:00,662.0,665.0,662.0,665.0,4700,0.0,0.0
2024-10-09 09:00:00+09:00,666.0,668.0,661.0,661.0,8000,0.0,0.0
2024-10-09 09:05:00+09:00,663.0,667.0,661.0,661.0,10700,0.0,0.0
2024-10-09 09:10:00+09:00,660.0,662.0,659.0,662.0,5800,0.0,0.0
2024-10-09 09:15:00+09:00,662.0,663.0,661.0,663.0,500,0.0,0.0
2024-10-09 09:20:00+09:00,661.0,661.0,659.0,661.0,2500,0.0,0.0
2024-10-09 09:25:00+09:00,661.0,661.0,659.0,659.0,3400,0.0,0.0
2024-10-09 09:30:00+09:00,658.0,658.0,653.0,653.0,6400,0.0,0.0
2024-10-09 09:35:00+09:00,655.0,657.0,653.0,653.0,17300,0.0,0.0
2024-10-09 09:40:00+09:00,652.0,652.0,650.0,650.0,4300,0.0,0.0
2024-10-09 09:45:00+09:00,650.0,650.0,650.0,650.0,400,0.0,0.0
2024-10-09 09:50:00+09:00,650.0,652.0,650.0,652.0,5000,0.0,0.0
2024-10-09 09:55:00+09:00,651.0,654.0,651.0,654.0,2300,0.0,0.0
2024-10-09 10:05:00+09:00,655.0,656.0,655.0,656.0,4900,0.0,0.0
2024-10-09 10:15:00+09:00,656.0,656.0,653.0,655.0,4800,0.0,0.0
2024-10-09 10:20:00+09:00,655.0,655.0,655.0,655.0,500,0.0,0.0
2024-10-09 10:25:00+09:00,656.0,657.0,656.0,657.0,400,0.0,0.0
2024-10-09 10:35:00+09:00,658.0,658.0,658.0,658.0,200,0.0,0.0
2024-10-09 10:40:00+09:00,658.0,658.0,657.0,657.0,200,0.0,0.0
2024-10-09 10:45:00+09:00,656.0,656.0,655.0,655.0,300,0.0,0.0
2024-10-09 10:50:00+09:00,655.0,655.0,655.0,655.0,0,0.0,0.0
2024-10-09 11:00:00+09:00,654.0,654.0,653.0,653.0,81200,0.0,0.0
2024-10-09 11:05:00+09:00,653.0,654.0,653.0,653.0,1300,0.0,0.0
2024-10-09 11:10:00+09:00,653.0,653.0,651.0,653.0,16100,0.0,0.0
2024-10-09 11:15:00+09:00,653.0,653.0,653.0,653.0,200,0.0,0.0
2024-10-09 11:20:00+09:00,653.0,654.0,653.0,654.0,700,0.0,0.0
2024-10-09 11:25:00+09:00,654.0,655.0,654.0,655.0,600,0.0,0.0
2024-10-09 11:30:00+09:00,656.0,656.0,656.0,656.0,100,0.0,0.0
2024-10-09 11:35:00+09:00,656.0,656.0,656.0,656.0,0,0.0,0.0
2024-10-09 12:30:00+09:00,659.0,659.0,657.0,657.0,112100,0.0,0.0
2024-10-09 12:35:00+09:00,657.0,657.0,656.0,656.0,200,0.0,0.0
2024-10-09 12:40:00+09:00,656.0,656.0,656.0,656.0,200,0.0,0.0
2024-10-09 12:45:00+09:00,655.0,655.0,655.0,655.0,400,0.0,0.0
2024-10-09 12:50:00+09:00,655.0,658.0,655.0,658.0,1900,0.0,0.0
2024-10-09 12:55:00+09:00,658.0,659.0,658.0,659.0,300,0.0,0.0
2024-10-09 13:05:00+09:00,657.0,657.0,657.0,657.0,100,0.0,0.0
2024-10-09 13:10:00+09:00,657.0,660.0,657.0,659.0,3900,0.0,0.0
2024-10-09 13:15:00+09:00,658.0,658.0,658.0,658.0,100,0.0,0.0
2024-10-09 13:25:00+09:00,658.0,659.0,658.0,659.0,1600,0.0,0.0
2024-10-09 13:35:00+09:00,658.0,659.0,658.0,658.0,1500,0.0,0.0
2024-10-09 13:40:00+09:00,658.0,658.0,658.0,658.0,300,0.0,0.0
2024-10-09 13:45:00+09:00,658.0,658.0,658.0,658.0,100,0.0,0.0
2024-10-09 13:50:00+09:00,658.0,659.0,658.0,659.0,400,0.0,0.0
2024-10-09 13:55:00+09:00,658.0,660.0,658.0,660.0,2700,0.0,0.0
2024-10-09 14:00:00+09:00,661.0,661.0,661.0,661.0,200,0.0,0.0
2024-10-09 14:05:00+09:00,661.0,664.0,661.0,663.0,6500,0.0,0.0
2024-10-09 14:10:00+09:00,662.0,662.0,659.0,660.0,12300,0.0,0.0
2024-10-09 14:15:00+09:00,660.0,660.0,659.0,659.0,1100,0.0,0.0
2024-10-09 14:20:00+09:00,658.0,658.0,657.0,657.0,2700,0.0,0.0
2024-10-09 14:25:00+09:00,656.0,657.0,656.0,657.0,1800,0.0,0.0
2024-10-09 14:30:00+09:00,656.0,657.0,655.0,657.0,1700,0.0,0.0
2024-10-09 14:35:00+09:00,657.0,658.0,657.0,658.0,1200,0.0,0.0
2024-10-09 14:40:00+09:00,658.0,658.0,656.0,656.0,1600,0.0,0.0
2024-10-09 14:45:00+09:00,656.0,658.0,656.0,658.0,2500,0.0,0.0
2024-10-09 14:50:00+09:00,658.0,660.0,658.0,659.0,3800,0.0,0.0
2024-10-09 14:55:00+09:00,660.0,661.0,659.0,661.0,1300,0.0,0.0
2024-10-10 09:00:00+09:00,657.0,663.0,656.0,656.0,14500,0.0,0.0
2024-10-10 09:05:00+09:00,655.0,656.0,653.0,653.0,2100,0.0,0.0
2024-10-10 09:10:00+09:00,652.0,652.0,648.0,651.0,5800,0.0,0.0
2024-10-10 09:15:00+09:00,653.0,653.0,653.0,653.0,100,0.0,0.0
2024-10-10 09:20:00+09:00,651.0,651.0,651.0,651.0,300,0.0,0.0
2024-10-10 09:35:00+09:00,648.0,648.0,646.0,647.0,2600,0.0,0.0
2024-10-10 09:40:00+09:00,647.0,648.0,647.0,648.0,1300,0.0,0.0
2024-10-10 09:45:00+09:00,648.0,648.0,648.0,648.0,300,0.0,0.0
2024-10-10 09:55:00+09:00,648.0,648.0,648.0,648.0,0,0.0,0.0
2024-10-10 10:00:00+09:00,649.0,649.0,649.0,649.0,27800,0.0,0.0
2024-10-10 10:10:00+09:00,648.0,648.0,648.0,648.0,1200,0.0,0.0
2024-10-10 10:25:00+09:00,647.0,647.0,646.0,646.0,1600,0.0,0.0
2024-10-10 10:30:00+09:00,647.0,648.0,647.0,648.0,800,0.0,0.0
2024-10-10 10:35:00+09:00,647.0,647.0,646.0,647.0,900,0.0,0.0
2024-10-10 10:45:00+09:00,646.0,646.0,646.0,646.0,100,0.0,0.0
2024-10-10 10:50:00+09:00,646.0,646.0,646.0,646.0,100,0.0,0.0
2024-10-10 10:55:00+09:00,647.0,647.0,647.0,647.0,100,0.0,0.0
2024-10-10 11:00:00+09:00,646.0,646.0,644.0,645.0,3600,0.0,0.0
2024-10-10 11:05:00+09:00,645.0,645.0,645.0,645.0,1200,0.0,0.0
2024-10-10 11:10:00+09:00,645.0,645.0,644.0,644.0,600,0.0,0.0
2024-10-10 11:25:00+09:00,644.0,644.0,644.0,644.0,100,0.0,0.0
2024-10-10 11:30:00+09:00,644.0,644.0,644.0,644.0,600,0.0,0.0
2024-10-10 11:35:00+09:00,644.0,644.0,644.0,644.0,0,0.0,0.0
2024-10-10 12:30:00+09:00,644.0,645.0,642.0,642.0,49600,0.0,0.0
2024-10-10 12:35:00+09:00,642.0,645.0,642.0,645.0,1500,0.0,0.0
2024-10-10 12:40:00+09:00,646.0,646.0,646.0,646.0,100,0.0,0.0
2024-10-10 12:45:00+09:00,645.0,646.0,645.0,646.0,300,0.0,0.0
2024-10-10 12:55:00+09:00,645.0,645.0,644.0,645.0,800,0.0,0.0
2024-10-10 13:00:00+09:00,646.0,646.0,646.0,646.0,500,0.0,0.0
2024-10-10 13:10:00+09:00,646.0,646.0,646.0,646.0,500,0.0,0.0
2024-10-10 13:20:00+09:00,647.0,647.0,645.0,646.0,400,0.0,0.0
2024-10-10 13:25:00+09:00,645.0,646.0,643.0,645.0,1500,0.0,0.0
2024-10-10 13:45:00+09:00,645.0,645.0,645.0,645.0,1100,0.0,0.0
2024-10-10 14:00:00+09:00,645.0,647.0,645.0,647.0,3300,0.0,0.0
2024-10-10 14:05:00+09:00,647.0,647.0,647.0,647.0,200,0.0,0.0
2024-10-10 14:15:00+09:00,646.0,646.0,646.0,646.0,600,0.0,0.0
2024-10-10 14:25:00+09:00,646.0,646.0,646.0,646.0,1400,0.0,0.0
2024-10-10 14:30:00+09:00,646.0,646.0,646.0,646.0,400,0.0,0.0
2024-10-10 14:35:00+09:00,646.0,646.0,646.0,646.0,900,0.0,0.0
2024-10-10 14:45:00+09:00,646.0,646.0,646.0,646.0,900,0.0,0.0
2024-10-10 14:50:00+09:00,645.0,645.0,644.0,644.0,2400,0.0,0.0
2024-10-10 14:55:00+09:00,645.0,646.0,643.0,646.0,3100,0.0,0.0
2024-10-11 09:00:00+09:00,644.0,647.0,644.0,647.0,13800,0.0,0.0
2024-10-11 09:10:00+09:00,646.0,646.0,646.0,646.0,200,0.0,0.0
2024-10-11 09:15:00+09:00,645.0,645.0,645.0,645.0,300,0.0,0.0
2024-10-11 09:35:00+09:00,644.0,644.0,644.0,644.0,300,0.0,0.0
2024-10-11 09:40:00+09:00,643.0,643.0,643.0,643.0,100,0.0,0.0
2024-10-11 09:45:00+09:00,643.0,644.0,643.0,644.0,300,0.0,0.0
2024-10-11 09:50:00+09:00,645.0,645.0,644.0,644.0,700,0.0,0.0
2024-10-11 09:55:00+09:00,644.0,644.0,643.0,644.0,1600,0.0,0.0
2024-10-11 10:05:00+09:00,644.0,644.0,644.0,644.0,200,0.0,0.0
2024-10-11 10:10:00+09:00,644.0,646.0,644.0,646.0,1600,0.0,0.0
2024-10-11 10:15:00+09:00,646.0,647.0,646.0,647.0,500,0.0,0.0
2024-10-11 10:25:00+09:00,648.0,649.0,648.0,648.0,900,0.0,0.0
2024-10-11 10:35:00+09:00,647.0,647.0,646.0,646.0,500,0.0,0.0
2024-10-11 11:10:00+09:00,645.0,645.0,645.0,645.0,600,0.0,0.0
2024-10-11 11:15:00+09:00,645.0,645.0,645.0,645.0,100,0.0,0.0
2024-10-11 11:25:00+09:00,645.0,645.0,645.0,645.0,100,0.0,0.0
2024-10-11 11:30:00+09:00,646.0,646.0,646.0,646.0,100,0.0,0.0
2024-10-11 11:35:00+09:00,646.0,646.0,646.0,646.0,0,0.0,0.0
2024-10-11 12:30:00+09:00,645.0,645.0,642.0,643.0,30800,0.0,0.0
2024-10-11 12:35:00+09:00,644.0,644.0,641.0,643.0,5600,0.0,0.0
2024-10-11 12:40:00+09:00,644.0,644.0,644.0,644.0,200,0.0,0.0
2024-10-11 12:45:00+09:00,643.0,643.0,643.0,643.0,300,0.0,0.0
2024-10-11 12:50:00+09:00,642.0,642.0,642.0,642.0,200,0.0,0.0
2024-10-11 12:55:00+09:00,642.0,642.0,642.0,642.0,900,0.0,0.0
2024-10-11 13:10:00+09:00,642.0,642.0,642.0,642.0,300,0.0,0.0
2024-10-11 13:15:00+09:00,641.0,641.0,640.0,640.0,2900,0.0,0.0
2024-10-11 13:20:00+09:00,640.0,640.0,639.0,639.0,4000,0.0,0.0
2024-10-11 13:30:00+09:00,639.0,639.0,639.0,639.0,200,0.0,0.0
2024-10-11 13:35:00+09:00,639.0,640.0,639.0,640.0,1300,0.0,0.0
2024-10-11 13:40:00+09:00,640.0,640.0,640.0,640.0,100,0.0,0.0
2024-10-11 13:45:00+09:00,640.0,640.0,639.0,640.0,1000,0.0,0.0
2024-10-11 13:50:00+09:00,640.0,641.0,639.0,640.0,1800,0.0,0.0
2024-10-11 13:55:00+09:00,640.0,640.0,639.0,640.0,1000,0.0,0.0
2024-10-11 14:00:00+09:00,641.0,641.0,640.0,640.0,500,0.0,0.0
2024-10-11 14:05:00+09:00,640.0,640.0,637.0,639.0,3500,0.0,0.0
2024-10-11 14:10:00+09:00,639.0,639.0,638.0,639.0,500,0.0,0.0
2024-10-11 14:15:00+09:00,639.0,639.0,639.0,639.0,600,0.0,0.0
2024-10-11 14:20:00+09:00,639.0,639.0,637.0,639.0,3100,0.0,0.0
2024-10-11 14:25:00+09:00,639.0,639.0,639.0,639.0,300,0.0,0.0
2024-10-11 14:35:00+09:00,638.0,638.0,638.0,638.0,100,0.0,0.0
2024-10-11 14:40:00+09:00,639.0,639.0,639.0,639.0,1100,0.0,0.0
2024-10-11 14:45:00+09:00,639.0,639.0,639.0,639.0,200,0.0,0.0
2024-10-11 14:50:00+09:00,639.0,640.0,639.0,639.0,4500,0.0,0.0
2024-10-11 14:55:00+09:00,640.0,641.0,639.0,640.0,4300,0.0,0.0
2024-10-15 09:00:00+09:00,644.0,645.0,638.0,638.0,34400,0.0,0.0
2024-10-15 09:05:00+09:00,637.0,638.0,634.0,636.0,9800,0.0,0.0
2024-10-15 09:10:00+09:00,635.0,635.0,630.0,632.0,8000,0.0,0.0
2024-10-15 09:15:00+09:00,633.0,636.0,633.0,635.0,2500,0.0,0.0
2024-10-15 09:20:00+09:00,635.0,635.0,633.0,633.0,2900,0.0,0.0
2024-10-15 09:25:00+09:00,633.0,633.0,632.0,632.0,2100,0.0,0.0
2024-10-15 09:30:00+09:00,632.0,633.0,632.0,633.0,2800,0.0,0.0
2024-10-15 09:35:00+09:00,633.0,634.0,631.0,633.0,6200,0.0,0.0
2024-10-15 09:40:00+09:00,634.0,635.0,634.0,635.0,700,0.0,0.0
2024-10-15 09:45:00+09:00,634.0,635.0,633.0,634.0,1300,0.0,0.0
2024-10-15 09:50:00+09:00,633.0,633.0,633.0,633.0,100,0.0,0.0
2024-10-15 09:55:00+09:00,635.0,637.0,635.0,636.0,1700,0.0,0.0
2024-10-15 10:00:00+09:00,636.0,637.0,636.0,637.0,300,0.0,0.0
2024-10-15 10:05:00+09:00,636.0,636.0,636.0,636.0,100,0.0,0.0
2024-10-15 10:10:00+09:00,636.0,638.0,636.0,638.0,500,0.0,0.0
2024-10-15 10:15:00+09:00,636.0,638.0,636.0,637.0,700,0.0,0.0
2024-10-15 10:20:00+09:00,636.0,636.0,635.0,635.0,600,0.0,0.0
2024-10-15 10:25:00+09:00,637.0,637.0,637.0,637.0,100,0.0,0.0
2024-10-15 10:35:00+09:00,637.0,637.0,637.0,637.0,700,0.0,0.0
2024-10-15 10:40:00+09:00,637.0,637.0,637.0,637.0,800,0.0,0.0
2024-10-15 10:45:00+09:00,638.0,638.0,638.0,638.0,700,0.0,0.0
2024-10-15 10:50:00+09:00,638.0,638.0,638.0,638.0,200,0.0,0.0
2024-10-15 10:55:00+09:00,638.0,638.0,638.0,638.0,100,0.0,0.0
2024-10-15 11:00:00+09:00,638.0,638.0,638.0,638.0,100,0.0,0.0
2024-10-15 11:05:00+09:00,638.0,638.0,637.0,637.0,500,0.0,0.0
2024-10-15 11:15:00+09:00,637.0,637.0,637.0,637.0,100,0.0,0.0
2024-10-15 11:25:00+09:00,637.0,637.0,637.0,637.0,100,0.0,0.0
2024-10-15 11:30:00+09:00,637.0,637.0,637.0,637.0,300,0.0,0.0
2024-10-15 11:35:00+09:00,637.0,637.0,637.0,637.0,0,0.0,0.0
2024-10-15 12:30:00+09:00,639.0,639.0,637.0,638.0,80900,0.0,0.0
2024-10-15 12:35:00+09:00,637.0,637.0,634.0,637.0,2100,0.0,0.0
2024-10-15 12:40:00+09:00,637.0,637.0,637.0,637.0,600,0.0,0.0
2024-10-15 12:45:00+09:00,637.0,637.0,637.0,637.0,100,0.0,0.0
2024-10-15 12:55:00+09:00,635.0,637.0,635.0,636.0,1200,0.0,0.0
2024-10-15 13:00:00+09:00,636.0,636.0,636.0,636.0,500,0.0,0.0
2024-10-15 13:05:00+09:00,636.0,636.0,636.0,636.0,100,0.0,0.0
2024-10-15 13:15:00+09:00,635.0,635.0,635.0,635.0,100,0.0,0.0
2024-10-15 13:20:00+09:00,636.0,641.0,636.0,639.0,10600,0.0,0.0
2024-10-15 13:25:00+09:00,640.0,640.0,639.0,639.0,400,0.0,0.0
2024-10-15 13:35:00+09:00,640.0,640.0,640.0,640.0,100,0.0,0.0
2024-10-15 13:45:00+09:00,639.0,639.0,639.0,639.0,800,0.0,0.0
2024-10-15 13:50:00+09:00,640.0,640.0,638.0,638.0,500,0.0,0.0
2024-10-15 13:55:00+09:00,639.0,639.0,639.0,639.0,400,0.0,0.0
2024-10-15 14:00:00+09:00,639.0,640.0,639.0,640.0,200,0.0,0.0
2024-10-15 14:05:00+09:00,640.0,640.0,640.0,640.0,400,0.0,0.0
2024-10-15 14:10:00+09:00,640.0,641.0,640.0,641.0,800,0.0,0.0
2024-10-15 14:15:00+09:00,640.0,641.0,640.0,641.0,300,0.0,0.0
2024-10-15 14:20:00+09:00,641.0,641.0,641.0,641.0,100,0.0,0.0
2024-10-15 14:25:00+09:00,640.0,640.0,640.0,640.0,600,0.0,0.0
2024-10-15 14:30:00+09:00,640.0,640.0,639.0,640.0,3500,0.0,0.0
2024-10-15 14:35:00+09:00,640.0,641.0,640.0,641.0,900,0.0,0.0
2024-10-15 14:40:00+09:00,640.0,640.0,640.0,640.0,400,0.0,0.0
2024-10-15 14:45:00+09:00,641.0,642.0,641.0,642.0,2300,0.0,0.0
2024-10-15 14:50:00+09:00,642.0,643.0,642.0,642.0,3600,0.0,0.0
2024-10-15 14:55:00+09:00,642.0,642.0,642.0,642.0,1300,0.0,0.0
2024-10-16 09:00:00+09:00,631.0,636.0,628.0,630.0,19800,0.0,0.0
2024-10-16 09:05:00+09:00,633.0,636.0,633.0,636.0,1300,0.0,0.0
2024-10-16 09:10:00+09:00,637.0,638.0,636.0,637.0,1200,0.0,0.0
2024-10-16 09:15:00+09:00,637.0,639.0,637.0,639.0,800,0.0,0.0
2024-10-16 09:20:00+09:00,640.0,641.0,640.0,641.0,1500,0.0,0.0
2024-10-16 09:25:00+09:00,640.0,641.0,640.0,641.0,300,0.0,0.0
2024-10-16 09:30:00+09:00,642.0,642.0,641.0,641.0,400,0.0,0.0
2024-10-16 09:35:00+09:00,640.0,642.0,639.0,642.0,2300,0.0,0.0
2024-10-16 09:45:00+09:00,642.0,642.0,641.0,642.0,1100,0.0,0.0
2024-10-16 09:50:00+09:00,640.0,640.0,637.0,637.0,1300,0.0,0.0
2024-10-16 09:55:00+09:00,637.0,638.0,636.0,637.0,1500,0.0,0.0
2024-10-16 10:00:00+09:00,637.0,637.0,635.0,635.0,2900,0.0,0.0
2024-10-16 10:05:00+09:00,634.0,634.0,634.0,634.0,200,0.0,0.0
2024-10-16 10:10:00+09:00,635.0,636.0,635.0,636.0,2600,0.0,0.0
2024-10-16 10:15:00+09:00,634.0,635.0,634.0,635.0,2300,0.0,0.0
2024-10-16 10:20:00+09:00,635.0,635.0,635.0,635.0,100,0.0,0.0
2024-10-16 10:25:00+09:00,634.0,634.0,634.0,634.0,300,0.0,0.0
2024-10-16 10:30:00+09:00,633.0,633.0,632.0,632.0,600,0.0,0.0
2024-10-16 10:35:00+09:00,632.0,633.0,632.0,633.0,1700,0.0,0.0
2024-10-16 10:55:00+09:00,634.0,634.0,634.0,634.0,400,0.0,0.0
2024-10-16 11:05:00+09:00,633.0,633.0,633.0,633.0,300,0.0,0.0
2024-10-16 11:10:00+09:00,633.0,635.0,633.0,635.0,3400,0.0,0.0
2024-10-16 11:15:00+09:00,636.0,636.0,636.0,636.0,100,0.0,0.0
2024-10-16 11:20:00+09:00,634.0,635.0,634.0,635.0,900,0.0,0.0
2024-10-16 11:25:00+09:00,635.0,635.0,635.0,635.0,300,0.0,0.0
2024-10-16 11:30:00+09:00,635.0,635.0,635.0,635.0,100,0.0,0.0
2024-10-16 11:35:00+09:00,635.0,635.0,635.0,635.0,0,0.0,0.0
2024-10-16 12:30:00+09:00,635.0,636.0,632.0,632.0,62000,0.0,0.0
2024-10-16 12:35:00+09:00,633.0,633.0,632.0,632.0,200,0.0,0.0
2024-10-16 12:40:00+09:00,632.0,632.0,632.0,632.0,2000,0.0,0.0
2024-10-16 12:45:00+09:00,632.0,632.0,632.0,632.0,600,0.0,0.0
2024-10-16 12:50:00+09:00,632.0,633.0,632.0,633.0,200,0.0,0.0
2024-10-16 12:55:00+09:00,632.0,632.0,632.0,632.0,300,0.0,0.0
2024-10-16 13:00:00+09:00,631.0,632.0,631.0,632.0,1700,0.0,0.0
2024-10-16 13:05:00+09:00,633.0,633.0,633.0,633.0,300,0.0,0.0
2024-10-16 13:10:00+09:00,633.0,635.0,633.0,635.0,2000,0.0,0.0
2024-10-16 13:20:00+09:00,632.0,632.0,632.0,632.0,100,0.0,0.0
2024-10-16 13:30:00+09:00,632.0,632.0,632.0,632.0,2100,0.0,0.0
2024-10-16 13:35:00+09:00,632.0,632.0,631.0,631.0,200,0.0,0.0
2024-10-16 13:40:00+09:00,632.0,632.0,632.0,632.0,500,0.0,0.0
2024-10-16 13:45:00+09:00,632.0,632.0,632.0,632.0,2000,0.0,0.0
2024-10-16 13:50:00+09:00,632.0,632.0,632.0,632.0,500,0.0,0.0
2024-10-16 13:55:00+09:00,631.0,632.0,631.0,632.0,1200,0.0,0.0
2024-10-16 14:00:00+09:00,632.0,632.0,632.0,632.0,400,0.0,0.0
2024-10-16 14:05:00+09:00,632.0,632.0,632.0,632.0,800,0.0,0.0
2024-10-16 14:10:00+09:00,632.0,632.0,632.0,632.0,100,0.0,0.0
2024-10-16 14:15:00+09:00,631.0,633.0,631.0,633.0,5500,0.0,0.0
2024-10-16 14:20:00+09:00,633.0,633.0,633.0,633.0,2800,0.0,0.0
2024-10-16 14:25:00+09:00,634.0,634.0,634.0,634.0,2600,0.0,0.0
2024-10-16 14:30:00+09:00,634.0,634.0,634.0,634.0,300,0.0,0.0
2024-10-16 14:40:00+09:00,635.0,635.0,635.0,635.0,2400,0.0,0.0
2024-10-16 14:45:00+09:00,634.0,636.0,634.0,636.0,2900,0.0,0.0
2024-10-16 14:50:00+09:00,636.0,637.0,636.0,636.0,3100,0.0,0.0
2024-10-16 14:55:00+09:00,636.0,636.0,635.0,635.0,500,0.0,0.0
2024-10-17 09:00:00+09:00,634.0,634.0,630.0,631.0,2700,0.0,0.0
2024-10-17 09:05:00+09:00,633.0,634.0,633.0,634.0,600,0.0,0.0
2024-10-17 09:10:00+09:00,632.0,632.0,631.0,631.0,400,0.0,0.0
2024-10-17 09:15:00+09:00,632.0,634.0,631.0,634.0,1300,0.0,0.0
2024-10-17 09:25:00+09:00,634.0,634.0,634.0,634.0,600,0.0,0.0
2024-10-17 09:30:00+09:00,634.0,635.0,634.0,634.0,700,0.0,0.0
2024-10-17 09:35:00+09:00,633.0,633.0,632.0,632.0,300,0.0,0.0
2024-10-17 09:45:00+09:00,632.0,632.0,632.0,632.0,400,0.0,0.0
2024-10-17 10:05:00+09:00,632.0,632.0,631.0,632.0,6300,0.0,0.0
2024-10-17 10:15:00+09:00,632.0,632.0,629.0,629.0,7000,0.0,0.0
2024-10-17 10:20:00+09:00,629.0,629.0,627.0,629.0,1500,0.0,0.0
2024-10-17 10:35:00+09:00,631.0,632.0,630.0,632.0,1000,0.0,0.0
2024-10-17 10:40:00+09:00,632.0,632.0,632.0,632.0,200,0.0,0.0
2024-10-17 10:45:00+09:00,631.0,631.0,630.0,630.0,300,0.0,0.0
2024-10-17 10:55:00+09:00,630.0,630.0,630.0,630.0,100,0.0,0.0
2024-10-17 11:00:00+09:00,630.0,630.0,630.0,630.0,100,0.0,0.0
2024-10-17 11:05:00+09:00,631.0,631.0,631.0,631.0,600,0.0,0.0
2024-10-17 11:10:00+09:00,631.0,631.0,631.0,631.0,400,0.0,0.0
2024-10-17 11:15:00+09:00,631.0,631.0,631.0,631.0,200,0.0,0.0
2024-10-17 11:25:00+09:00,630.0,630.0,630.0,630.0,1700,0.0,0.0
2024-10-17 11:30:00+09:00,631.0,631.0,631.0,631.0,900,0.0,0.0
2024-10-17 11:35:00+09:00,631.0,631.0,631.0,631.0,0,0.0,0.0
2024-10-17 12:30:00+09:00,631.0,631.0,629.0,631.0,29500,0.0,0.0
2024-10-17 12:35:00+09:00,631.0,631.0,631.0,631.0,400,0.0,0.0
2024-10-17 12:40:00+09:00,630.0,630.0,630.0,630.0,400,0.0,0.0
2024-10-17 12:45:00+09:00,630.0,631.0,630.0,631.0,400,0.0,0.0
2024-10-17 13:05:00+09:00,630.0,630.0,630.0,630.0,3800,0.0,0.0
2024-10-17 13:10:00+09:00,630.0,630.0,630.0,630.0,300,0.0,0.0
2024-10-17 13:20:00+09:00,630.0,630.0,630.0,630.0,200,0.0,0.0
2024-10-17 13:25:00+09:00,630.0,630.0,630.0,630.0,500,0.0,0.0
2024-10-17 13:30:00+09:00,630.0,630.0,630.0,630.0,100,0.0,0.0
2024-10-17 13:45:00+09:00,631.0,632.0,629.0,629.0,4400,0.0,0.0
2024-10-17 13:50:00+09:00,630.0,630.0,630.0,630.0,1100,0.0,0.0
2024-10-17 14:00:00+09:00,630.0,630.0,630.0,630.0,900,0.0,0.0
2024-10-17 14:10:00+09:00,630.0,630.0,630.0,630.0,100,0.0,0.0
2024-10-17 14:15:00+09:00,631.0,631.0,631.0,631.0,900,0.0,0.0
2024-10-17 14:20:00+09:00,630.0,630.0,630.0,630.0,200,0.0,0.0
2024-10-17 14:35:00+09:00,631.0,631.0,631.0,631.0,1000,0.0,0.0
2024-10-17 14:40:00+09:00,630.0,630.0,630.0,630.0,400,0.0,0.0
2024-10-17 14:45:00+09:00,629.0,629.0,629.0,629.0,1000,0.0,0.0
2024-10-17 14:50:00+09:00,629.0,630.0,629.0,629.0,1000,0.0,0.0
2024-10-17 14:55:00+09:00,629.0,630.0,628.0,629.0,3900,0.0,0.0
2024-10-18 09:00:00+09:00,634.0,634.0,632.0,632.0,4500,0.0,0.0
2024-10-18 09:05:00+09:00,632.0,633.0,632.0,633.0,800,0.0,0.0
2024-10-18 09:10:00+09:00,632.0,634.0,632.0,634.0,600,0.0,0.0
2024-10-18 09:15:00+09:00,634.0,639.0,634.0,639.0,4200,0.0,0.0
2024-10-18 09:20:00+09:00,636.0,637.0,635.0,637.0,1300,0.0,0.0
2024-10-18 09:25:00+09:00,636.0,636.0,633.0,633.0,3200,0.0,0.0
2024-10-18 09:30:00+09:00,634.0,636.0,634.0,636.0,800,0.0,0.0
2024-10-18 09:35:00+09:00,637.0,637.0,636.0,636.0,800,0.0,0.0
2024-10-18 09:40:00+09:00,638.0,641.0,638.0,640.0,7400,0.0,0.0
2024-10-18 09:45:00+09:00,640.0,641.0,640.0,641.0,2000,0.0,0.0
2024-10-18 09:50:00+09:00,642.0,642.0,642.0,642.0,7800,0.0,0.0
2024-10-18 09:55:00+09:00,641.0,641.0,639.0,639.0,1900,0.0,0.0
2024-10-18 10:00:00+09:00,639.0,641.0,639.0,641.0,400,0.0,0.0
2024-10-18 10:05:00+09:00,640.0,640.0,640.0,640.0,100,0.0,0.0
2024-10-18 10:10:00+09:00,640.0,640.0,639.0,639.0,800,0.0,0.0
2024-10-18 10:15:00+09:00,638.0,638.0,638.0,638.0,200,0.0,0.0
2024-10-18 10:20:00+09:00,639.0,642.0,639.0,642.0,4800,0.0,0.0
2024-10-18 10:30:00+09:00,642.0,643.0,641.0,643.0,1800,0.0,0.0
2024-10-18 10:35:00+09:00,643.0,644.0,643.0,644.0,1300,0.0,0.0
2024-10-18 10:40:00+09:00,644.0,644.0,644.0,644.0,500,0.0,0.0
2024-10-18 10:45:00+09:00,644.0,645.0,644.0,644.0,500,0.0,0.0
2024-10-18 10:55:00+09:00,644.0,644.0,644.0,644.0,700,0.0,0.0
2024-10-18 11:00:00+09:00,643.0,644.0,643.0,643.0,900,0.0,0.0
2024-10-18 11:05:00+09:00,642.0,642.0,641.0,641.0,1300,0.0,0.0
2024-10-18 11:10:00+09:00,641.0,642.0,641.0,641.0,5400,0.0,0.0
2024-10-18 11:15:00+09:00,642.0,642.0,642.0,642.0,100,0.0,0.0
2024-10-18 11:20:00+09:00,642.0,642.0,642.0,642.0,300,0.0,0.0
2024-10-18 11:25:00+09:00,642.0,642.0,642.0,642.0,100,0.0,0.0
2024-10-18 11:30:00+09:00,642.0,642.0,642.0,642.0,100,0.0,0.0
2024-10-18 11:35:00+09:00,642.0,642.0,642.0,642.0,0,0.0,0.0
2024-10-18 12:30:00+09:00,643.0,645.0,641.0,641.0,56900,0.0,0.0
2024-10-18 12:35:00+09:00,641.0,643.0,641.0,643.0,2700,0.0,0.0
2024-10-18 12:40:00+09:00,642.0,642.0,642.0,642.0,100,0.0,0.0
2024-10-18 12:45:00+09:00,641.0,641.0,639.0,639.0,4900,0.0,0.0
2024-10-18 12:50:00+09:00,640.0,640.0,638.0,639.0,500,0.0,0.0
2024-10-18 12:55:00+09:00,637.0,637.0,637.0,637.0,100,0.0,0.0
2024-10-18 13:00:00+09:00,637.0,640.0,636.0,640.0,2400,0.0,0.0
2024-10-18 13:05:00+09:00,638.0,638.0,638.0,638.0,100,0.0,0.0
2024-10-18 13:10:00+09:00,639.0,639.0,639.0,639.0,700,0.0,0.0
2024-10-18 13:20:00+09:00,637.0,637.0,637.0,637.0,900,0.0,0.0
2024-10-18 13:30:00+09:00,635.0,636.0,634.0,634.0,6200,0.0,0.0
2024-10-18 13:35:00+09:00,634.0,634.0,634.0,634.0,200,0.0,0.0
2024-10-18 13:45:00+09:00,634.0,634.0,634.0,634.0,100,0.0,0.0
2024-10-18 13:50:00+09:00,635.0,635.0,635.0,635.0,900,0.0,0.0
2024-10-18 13:55:00+09:00,634.0,635.0,633.0,635.0,1700,0.0,0.0
2024-10-18 14:00:00+09:00,635.0,635.0,635.0,635.0,300,0.0,0.0
2024-10-18 14:10:00+09:00,635.0,635.0,635.0,635.0,200,0.0,0.0
2024-10-18 14:15:00+09:00,635.0,635.0,635.0,635.0,100,0.0,0.0
2024-10-18 14:25:00+09:00,636.0,636.0,635.0,635.0,1600,0.0,0.0
2024-10-18 14:35:00+09:00,636.0,637.0,636.0,637.0,800,0.0,0.0
2024-10-18 14:40:00+09:00,637.0,637.0,637.0,637.0,200,0.0,0.0
2024-10-18 14:45:00+09:00,636.0,636.0,636.0,636.0,200,0.0,0.0
2024-10-18 14:50:00+09:00,636.0,638.0,636.0,638.0,0,0.0,0.0
2024-10-18 14:55:00+09:00,638.0,639.0,635.0,635.0,85800,0.0,0.0
