Datetime,Open,High,Low,Close,Volume,Dividends,Stock Splits
2024-09-20 09:00:00+09:00,1216.0,1216.0,1197.0,1205.0,778500,0.0,0.0
2024-09-20 09:05:00+09:00,1205.0,1211.0,1202.0,1205.0,330500,0.0,0.0
2024-09-20 09:10:00+09:00,1204.0,1206.0,1197.0,1199.0,184400,0.0,0.0
2024-09-20 09:15:00+09:00,1199.0,1203.0,1197.0,1197.0,169700,0.0,0.0
2024-09-20 09:20:00+09:00,1198.0,1206.0,1198.0,1205.0,176700,0.0,0.0
2024-09-20 09:25:00+09:00,1205.0,1207.0,1203.0,1205.0,125400,0.0,0.0
2024-09-20 09:30:00+09:00,1205.0,1208.0,1202.0,1205.0,111700,0.0,0.0
2024-09-20 09:35:00+09:00,1205.0,1207.0,1202.0,1207.0,123000,0.0,0.0
2024-09-20 09:40:00+09:00,1207.0,1208.0,1204.0,1207.0,96800,0.0,0.0
2024-09-20 09:45:00+09:00,1207.0,1209.0,1206.0,1209.0,75100,0.0,0.0
2024-09-20 09:50:00+09:00,1210.0,1213.0,1209.0,1211.0,175000,0.0,0.0
2024-09-20 09:55:00+09:00,1210.0,1210.0,1206.0,1207.0,72800,0.0,0.0
2024-09-20 10:00:00+09:00,1207.0,1207.0,1204.0,1206.0,90000,0.0,0.0
2024-09-20 10:05:00+09:00,1206.0,1207.0,1203.0,1206.0,88600,0.0,0.0
2024-09-20 10:10:00+09:00,1205.0,1206.0,1203.0,1206.0,54600,0.0,0.0
2024-09-20 10:15:00+09:00,1206.0,1208.0,1205.0,1208.0,64900,0.0,0.0
2024-09-20 10:20:00+09:00,1208.0,1211.0,1208.0,1210.0,138200,0.0,0.0
2024-09-20 10:25:00+09:00,1210.0,1210.0,1207.0,1208.0,67100,0.0,0.0
2024-09-20 10:30:00+09:00,1208.0,1209.0,1207.0,1208.0,26900,0.0,0.0
2024-09-20 10:35:00+09:00,1208.0,1210.0,1205.0,1207.0,128500,0.0,0.0
2024-09-20 10:40:00+09:00,1207.0,1215.0,1207.0,1213.0,186500,0.0,0.0
2024-09-20 10:45:00+09:00,1214.0,1224.0,1213.0,1222.0,317300,0.0,0.0
2024-09-20 10:50:00+09:00,1222.0,1223.0,1218.0,1219.0,111500,0.0,0.0
2024-09-20 10:55:00+09:00,1219.0,1223.0,1219.0,1223.0,126300,0.0,0.0
2024-09-20 11:00:00+09:00,1222.0,1226.0,1221.0,1222.0,104100,0.0,0.0
2024-09-20 11:05:00+09:00,1221.0,1222.0,1218.0,1219.0,76700,0.0,0.0
2024-09-20 11:10:00+09:00,1218.0,1225.0,1218.0,1224.0,84000,0.0,0.0
2024-09-20 11:15:00+09:00,1223.0,1225.0,1222.0,1222.0,102500,0.0,0.0
2024-09-20 11:20:00+09:00,1221.0,1222.0,1216.0,1218.0,83700,0.0,0.0
2024-09-20 11:25:00+09:00,1218.0,1221.0,1217.0,1219.0,61100,0.0,0.0
2024-09-20 11:30:00+09:00,1221.0,1221.0,1221.0,1221.0,8400,0.0,0.0
2024-09-20 11:35:00+09:00,1221.0,1221.0,1221.0,1221.0,0,0.0,0.0
2024-09-20 12:30:00+09:00,1215.0,1217.0,1207.0,1207.0,4577600,0.0,0.0
2024-09-20 12:35:00+09:00,1207.0,1217.0,1207.0,1216.0,110000,0.0,0.0
2024-09-20 12:40:00+09:00,1217.0,1223.0,1217.0,1222.0,114100,0.0,0.0
2024-09-20 12:45:00+09:00,1222.0,1225.0,1221.0,1223.0,52200,0.0,0.0
2024-09-20 12:50:00+09:00,1222.0,1223.0,1219.0,1220.0,119900,0.0,0.0
2024-09-20 12:55:00+09:00,1221.0,1227.0,1221.0,1227.0,136600,0.0,0.0
2024-09-20 13:00:00+09:00,1226.0,1227.0,1223.0,1225.0,60900,0.0,0.0
2024-09-20 13:05:00+09:00,1224.0,1224.0,1221.0,1224.0,37800,0.0,0.0
2024-09-20 13:10:00+09:00,1224.0,1226.0,1224.0,1225.0,71400,0.0,0.0
2024-09-20 13:15:00+09:00,1224.0,1225.0,1223.0,1224.0,36100,0.0,0.0
2024-09-20 13:20:00+09:00,1224.0,1226.0,1224.0,1226.0,68200,0.0,0.0
2024-09-20 13:25:00+09:00,1226.0,1228.0,1225.0,1226.0,64600,0.0,0.0
2024-09-20 13:30:00+09:00,1226.0,1231.0,1226.0,1229.0,195300,0.0,0.0
2024-09-20 13:35:00+09:00,1230.0,1232.0,1229.0,1230.0,95700,0.0,0.0
2024-09-20 13:40:00+09:00,1230.0,1231.0,1229.0,1230.0,41000,0.0,0.0
2024-09-20 13:45:00+09:00,1230.0,1230.0,1227.0,1229.0,35900,0.0,0.0
2024-09-20 13:50:00+09:00,1230.0,1232.0,1229.0,1231.0,37800,0.0,0.0
2024-09-20 13:55:00+09:00,1232.0,1232.0,1230.0,1232.0,60800,0.0,0.0
2024-09-20 14:00:00+09:00,1231.0,1232.0,1230.0,1231.0,53900,0.0,0.0
2024-09-20 14:05:00+09:00,1231.0,1231.0,1228.0,1228.0,64800,0.0,0.0
2024-09-20 14:10:00+09:00,1228.0,1231.0,1228.0,1229.0,35700,0.0,0.0
2024-09-20 14:15:00+09:00,1228.0,1229.0,1226.0,1227.0,61000,0.0,0.0
2024-09-20 14:20:00+09:00,1227.0,1228.0,1225.0,1227.0,63200,0.0,0.0
2024-09-20 14:25:00+09:00,1226.0,1229.0,1226.0,1226.0,62300,0.0,0.0
2024-09-20 14:30:00+09:00,1226.0,1226.0,1223.0,1226.0,132300,0.0,0.0
2024-09-20 14:35:00+09:00,1225.0,1226.0,1223.0,1224.0,56800,0.0,0.0
2024-09-20 14:40:00+09:00,1224.0,1226.0,1223.0,1225.0,107100,0.0,0.0
2024-09-20 14:45:00+09:00,1224.0,1226.0,1220.0,1223.0,162700,0.0,0.0
2024-09-20 14:50:00+09:00,1224.0,1227.0,1224.0,1226.0,73000,0.0,0.0
2024-09-20 14:55:00+09:00,1225.0,1228.0,1224.0,1227.0,135400,0.0,0.0
2024-09-24 09:00:00+09:00,1254.0,1254.0,1234.0,1242.0,795900,0.0,0.0
2024-09-24 09:05:00+09:00,1242.0,1248.0,1240.0,1246.0,297800,0.0,0.0
2024-09-24 09:10:00+09:00,1246.0,1246.0,1238.0,1238.0,170100,0.0,0.0
2024-09-24 09:15:00+09:00,1238.0,1238.0,1230.0,1230.0,161300,0.0,0.0
2024-09-24 09:20:00+09:00,1231.0,1233.0,1228.0,1232.0,142800,0.0,0.0
2024-09-24 09:25:00+09:00,1233.0,1234.0,1232.0,1232.0,95000,0.0,0.0
2024-09-24 09:30:00+09:00,1232.0,1232.0,1225.0,1227.0,114700,0.0,0.0
2024-09-24 09:35:00+09:00,1227.0,1228.0,1223.0,1223.0,127800,0.0,0.0
2024-09-24 09:40:00+09:00,1223.0,1225.0,1217.0,1221.0,215400,0.0,0.0
2024-09-24 09:45:00+09:00,1222.0,1225.0,1220.0,1220.0,92900,0.0,0.0
2024-09-24 09:50:00+09:00,1220.0,1220.0,1216.0,1219.0,131800,0.0,0.0
2024-09-24 09:55:00+09:00,1219.0,1223.0,1219.0,1220.0,60000,0.0,0.0
2024-09-24 10:00:00+09:00,1220.0,1222.0,1219.0,1222.0,53800,0.0,0.0
2024-09-24 10:05:00+09:00,1223.0,1224.0,1222.0,1223.0,49800,0.0,0.0
2024-09-24 10:10:00+09:00,1224.0,1225.0,1222.0,1225.0,52200,0.0,0.0
2024-09-24 10:15:00+09:00,1224.0,1224.0,1220.0,1222.0,59000,0.0,0.0
2024-09-24 10:20:00+09:00,1222.0,1225.0,1222.0,1224.0,82600,0.0,0.0
2024-09-24 10:25:00+09:00,1224.0,1224.0,1221.0,1223.0,37900,0.0,0.0
2024-09-24 10:30:00+09:00,1223.0,1223.0,1220.0,1223.0,97000,0.0,0.0
2024-09-24 10:35:00+09:00,1224.0,1224.0,1221.0,1222.0,33100,0.0,0.0
2024-09-24 10:40:00+09:00,1222.0,1223.0,1220.0,1221.0,28800,0.0,0.0
2024-09-24 10:45:00+09:00,1220.0,1221.0,1216.0,1217.0,96800,0.0,0.0
2024-09-24 10:50:00+09:00,1216.0,1219.0,1216.0,1218.0,53900,0.0,0.0
2024-09-24 10:55:00+09:00,1218.0,1218.0,1214.0,1214.0,82700,0.0,0.0
2024-09-24 11:00:00+09:00,1214.0,1214.0,1211.0,1213.0,136600,0.0,0.0
2024-09-24 11:05:00+09:00,1213.0,1214.0,1208.0,1209.0,92500,0.0,0.0
2024-09-24 11:10:00+09:00,1209.0,1215.0,1208.0,1211.0,117600,0.0,0.0
2024-09-24 11:15:00+09:00,1212.0,1212.0,1211.0,1211.0,22300,0.0,0.0
2024-09-24 11:20:00+09:00,1211.0,1212.0,1209.0,1210.0,46600,0.0,0.0
2024-09-24 11:25:00+09:00,1210.0,1212.0,1208.0,1209.0,47300,0.0,0.0
2024-09-24 11:30:00+09:00,1209.0,1209.0,1209.0,1209.0,6400,0.0,0.0
2024-09-24 11:35:00+09:00,1209.0,1209.0,1209.0,1209.0,0,0.0,0.0
2024-09-24 12:30:00+09:00,1209.0,1211.0,1205.0,1206.0,3790900,0.0,0.0
2024-09-24 12:35:00+09:00,1205.0,1209.0,1205.0,1209.0,36000,0.0,0.0
2024-09-24 12:40:00+09:00,1210.0,1213.0,1209.0,1212.0,84100,0.0,0.0
2024-09-24 12:45:00+09:00,1213.0,1214.0,1212.0,1213.0,82400,0.0,0.0
2024-09-24 12:50:00+09:00,1213.0,1214.0,1210.0,1211.0,37000,0.0,0.0
2024-09-24 12:55:00+09:00,1211.0,1212.0,1210.0,1211.0,28900,0.0,0.0
2024-09-24 13:00:00+09:00,1211.0,1211.0,1208.0,1208.0,54600,0.0,0.0
2024-09-24 13:05:00+09:00,1208.0,1211.0,1208.0,1211.0,32000,0.0,0.0
2024-09-24 13:10:00+09:00,1210.0,1211.0,1207.0,1208.0,61100,0.0,0.0
2024-09-24 13:15:00+09:00,1208.0,1208.0,1206.0,1206.0,31300,0.0,0.0
2024-09-24 13:20:00+09:00,1206.0,1207.0,1205.0,1207.0,57300,0.0,0.0
2024-09-24 13:25:00+09:00,1207.0,1209.0,1207.0,1208.0,36000,0.0,0.0
2024-09-24 13:30:00+09:00,1209.0,1212.0,1209.0,1212.0,60900,0.0,0.0
2024-09-24 13:35:00+09:00,1211.0,1211.0,1209.0,1211.0,28800,0.0,0.0
2024-09-24 13:40:00+09:00,1211.0,1212.0,1211.0,1212.0,33200,0.0,0.0
2024-09-24 13:45:00+09:00,1212.0,1212.0,1210.0,1211.0,10200,0.0,0.0
2024-09-24 13:50:00+09:00,1210.0,1211.0,1209.0,1209.0,16000,0.0,0.0
2024-09-24 13:55:00+09:00,1210.0,1212.0,1209.0,1211.0,28500,0.0,0.0
2024-09-24 14:00:00+09:00,1211.0,1213.0,1211.0,1213.0,47700,0.0,0.0
2024-09-24 14:05:00+09:00,1213.0,1213.0,1211.0,1213.0,36800,0.0,0.0
2024-09-24 14:10:00+09:00,1213.0,1215.0,1212.0,1212.0,54100,0.0,0.0
2024-09-24 14:15:00+09:00,1212.0,1214.0,1212.0,1212.0,26700,0.0,0.0
2024-09-24 14:20:00+09:00,1212.0,1213.0,1211.0,1212.0,40200,0.0,0.0
2024-09-24 14:25:00+09:00,1211.0,1213.0,1211.0,1212.0,14800,0.0,0.0
2024-09-24 14:30:00+09:00,1212.0,1213.0,1212.0,1212.0,43300,0.0,0.0
2024-09-24 14:35:00+09:00,1213.0,1213.0,1208.0,1209.0,109600,0.0,0.0
2024-09-24 14:40:00+09:00,1209.0,1209.0,1205.0,1206.0,99600,0.0,0.0
2024-09-24 14:45:00+09:00,1205.0,1206.0,1199.0,1200.0,201500,0.0,0.0
2024-09-24 14:50:00+09:00,1200.0,1201.0,1198.0,1200.0,119100,0.0,0.0
2024-09-24 14:55:00+09:00,1200.0,1203.0,1194.0,1198.0,363200,0.0,0.0
2024-09-25 09:00:00+09:00,1181.0,1200.0,1179.0,1183.0,578000,0.0,0.0
2024-09-25 09:05:00+09:00,1184.0,1187.0,1179.0,1185.0,137000,0.0,0.0
2024-09-25 09:10:00+09:00,1186.0,1194.0,1184.0,1188.0,94000,0.0,0.0
2024-09-25 09:15:00+09:00,1188.0,1190.0,1184.0,1184.0,105700,0.0,0.0
2024-09-25 09:20:00+09:00,1185.0,1191.0,1185.0,1188.0,85400,0.0,0.0
2024-09-25 09:25:00+09:00,1188.0,1190.0,1185.0,1189.0,73400,0.0,0.0
2024-09-25 09:30:00+09:00,1190.0,1194.0,1189.0,1193.0,76400,0.0,0.0
2024-09-25 09:35:00+09:00,1193.0,1193.0,1189.0,1190.0,90500,0.0,0.0
2024-09-25 09:40:00+09:00,1190.0,1193.0,1190.0,1191.0,49100,0.0,0.0
2024-09-25 09:45:00+09:00,1190.0,1190.0,1186.0,1190.0,77400,0.0,0.0
2024-09-25 09:50:00+09:00,1190.0,1199.0,1189.0,1197.0,107700,0.0,0.0
2024-09-25 09:55:00+09:00,1197.0,1199.0,1194.0,1194.0,70900,0.0,0.0
2024-09-25 10:00:00+09:00,1194.0,1199.0,1194.0,1196.0,48400,0.0,0.0
2024-09-25 10:05:00+09:00,1196.0,1204.0,1196.0,1202.0,110700,0.0,0.0
2024-09-25 10:10:00+09:00,1201.0,1206.0,1201.0,1204.0,86000,0.0,0.0
2024-09-25 10:15:00+09:00,1203.0,1204.0,1200.0,1201.0,45900,0.0,0.0
2024-09-25 10:20:00+09:00,1200.0,1206.0,1200.0,1206.0,34200,0.0,0.0
2024-09-25 10:25:00+09:00,1205.0,1207.0,1204.0,1205.0,35600,0.0,0.0
2024-09-25 10:30:00+09:00,1206.0,1208.0,1205.0,1206.0,37200,0.0,0.0
2024-09-25 10:35:00+09:00,1207.0,1208.0,1205.0,1207.0,43000,0.0,0.0
2024-09-25 10:40:00+09:00,1206.0,1210.0,1205.0,1209.0,49800,0.0,0.0
2024-09-25 10:45:00+09:00,1209.0,1209.0,1206.0,1207.0,26700,0.0,0.0
2024-09-25 10:50:00+09:00,1207.0,1208.0,1206.0,1207.0,13100,0.0,0.0
2024-09-25 10:55:00+09:00,1207.0,1208.0,1203.0,1206.0,72000,0.0,0.0
2024-09-25 11:00:00+09:00,1206.0,1207.0,1205.0,1207.0,10700,0.0,0.0
2024-09-25 11:05:00+09:00,1207.0,1207.0,1205.0,1206.0,34300,0.0,0.0
2024-09-25 11:10:00+09:00,1206.0,1208.0,1206.0,1207.0,26800,0.0,0.0
2024-09-25 11:15:00+09:00,1207.0,1208.0,1206.0,1208.0,9300,0.0,0.0
2024-09-25 11:20:00+09:00,1208.0,1208.0,1202.0,1202.0,32300,0.0,0.0
2024-09-25 11:25:00+09:00,1203.0,1203.0,1200.0,1201.0,47300,0.0,0.0
2024-09-25 11:30:00+09:00,1200.0,1200.0,1200.0,1200.0,6100,0.0,0.0
2024-09-25 11:35:00+09:00,1200.0,1200.0,1200.0,1200.0,0,0.0,0.0
2024-09-25 12:30:00+09:00,1200.0,1200.0,1191.0,1192.0,2478100,0.0,0.0
2024-09-25 12:35:00+09:00,1192.0,1196.0,1191.0,1196.0,79000,0.0,0.0
2024-09-25 12:40:00+09:00,1196.0,1196.0,1191.0,1191.0,42400,0.0,0.0
2024-09-25 12:45:00+09:00,1192.0,1195.0,1192.0,1195.0,42800,0.0,0.0
2024-09-25 12:50:00+09:00,1195.0,1195.0,1192.0,1193.0,54200,0.0,0.0
2024-09-25 12:55:00+09:00,1194.0,1195.0,1192.0,1195.0,23000,0.0,0.0
2024-09-25 13:00:00+09:00,1195.0,1197.0,1195.0,1196.0,24700,0.0,0.0
2024-09-25 13:05:00+09:00,1196.0,1196.0,1194.0,1194.0,75600,0.0,0.0
2024-09-25 13:10:00+09:00,1195.0,1196.0,1195.0,1196.0,18800,0.0,0.0
2024-09-25 13:15:00+09:00,1195.0,1197.0,1191.0,1191.0,74000,0.0,0.0
2024-09-25 13:20:00+09:00,1191.0,1192.0,1189.0,1190.0,106400,0.0,0.0
2024-09-25 13:25:00+09:00,1189.0,1191.0,1189.0,1190.0,38100,0.0,0.0
2024-09-25 13:30:00+09:00,1190.0,1192.0,1190.0,1192.0,16500,0.0,0.0
2024-09-25 13:35:00+09:00,1191.0,1192.0,1189.0,1190.0,28400,0.0,0.0
2024-09-25 13:40:00+09:00,1190.0,1196.0,1190.0,1196.0,88800,0.0,0.0
2024-09-25 13:45:00+09:00,1196.0,1196.0,1191.0,1195.0,95900,0.0,0.0
2024-09-25 13:50:00+09:00,1195.0,1195.0,1192.0,1193.0,71000,0.0,0.0
2024-09-25 13:55:00+09:00,1193.0,1195.0,1193.0,1193.0,21800,0.0,0.0
2024-09-25 14:00:00+09:00,1193.0,1195.0,1193.0,1193.0,15500,0.0,0.0
2024-09-25 14:05:00+09:00,1194.0,1195.0,1194.0,1195.0,19100,0.0,0.0
2024-09-25 14:10:00+09:00,1195.0,1195.0,1193.0,1194.0,44500,0.0,0.0
2024-09-25 14:15:00+09:00,1193.0,1193.0,1191.0,1192.0,27300,0.0,0.0
2024-09-25 14:20:00+09:00,1191.0,1194.0,1189.0,1190.0,106300,0.0,0.0
2024-09-25 14:25:00+09:00,1189.0,1192.0,1188.0,1192.0,60800,0.0,0.0
2024-09-25 14:30:00+09:00,1192.0,1192.0,1190.0,1190.0,40800,0.0,0.0
2024-09-25 14:35:00+09:00,1190.0,1191.0,1184.0,1185.0,95500,0.0,0.0
2024-09-25 14:40:00+09:00,1185.0,1186.0,1183.0,1184.0,96400,0.0,0.0
2024-09-25 14:45:00+09:00,1183.0,1183.0,1176.0,1177.0,146700,0.0,0.0
2024-09-25 14:50:00+09:00,1177.0,1180.0,1177.0,1179.0,111900,0.0,0.0
2024-09-25 14:55:00+09:00,1179.0,1179.0,1171.0,1171.0,491900,0.0,0.0
2024-09-26 09:00:00+09:00,1188.0,1192.0,1184.0,1188.0,380200,0.0,0.0
2024-09-26 09:05:00+09:00,1187.0,1191.0,1185.0,1190.0,148600,0.0,0.0
2024-09-26 09:10:00+09:00,1191.0,1198.0,1191.0,1197.0,158000,0.0,0.0
2024-09-26 09:15:00+09:00,1197.0,1199.0,1195.0,1196.0,100100,0.0,0.0
2024-09-26 09:20:00+09:00,1196.0,1199.0,1190.0,1190.0,191200,0.0,0.0
2024-09-26 09:25:00+09:00,1190.0,1191.0,1186.0,1189.0,164800,0.0,0.0
2024-09-26 09:30:00+09:00,1189.0,1190.0,1181.0,1181.0,127500,0.0,0.0
2024-09-26 09:35:00+09:00,1181.0,1184.0,1178.0,1179.0,87500,0.0,0.0
2024-09-26 09:40:00+09:00,1179.0,1183.0,1179.0,1180.0,85100,0.0,0.0
2024-09-26 09:45:00+09:00,1181.0,1184.0,1180.0,1182.0,94700,0.0,0.0
2024-09-26 09:50:00+09:00,1182.0,1184.0,1181.0,1181.0,51800,0.0,0.0
2024-09-26 09:55:00+09:00,1181.0,1183.0,1181.0,1182.0,30700,0.0,0.0
2024-09-26 10:00:00+09:00,1182.0,1186.0,1180.0,1184.0,55400,0.0,0.0
2024-09-26 10:05:00+09:00,1185.0,1185.0,1183.0,1183.0,23900,0.0,0.0
2024-09-26 10:10:00+09:00,1184.0,1188.0,1184.0,1188.0,41900,0.0,0.0
2024-09-26 10:15:00+09:00,1188.0,1188.0,1185.0,1186.0,50200,0.0,0.0
2024-09-26 10:20:00+09:00,1186.0,1190.0,1186.0,1189.0,56500,0.0,0.0
2024-09-26 10:25:00+09:00,1189.0,1193.0,1189.0,1190.0,69700,0.0,0.0
2024-09-26 10:30:00+09:00,1190.0,1192.0,1189.0,1192.0,44300,0.0,0.0
2024-09-26 10:35:00+09:00,1191.0,1194.0,1191.0,1194.0,78100,0.0,0.0
2024-09-26 10:40:00+09:00,1193.0,1195.0,1191.0,1191.0,25200,0.0,0.0
2024-09-26 10:45:00+09:00,1192.0,1192.0,1190.0,1192.0,47900,0.0,0.0
2024-09-26 10:50:00+09:00,1192.0,1192.0,1189.0,1190.0,37700,0.0,0.0
2024-09-26 10:55:00+09:00,1190.0,1192.0,1190.0,1190.0,36500,0.0,0.0
2024-09-26 11:00:00+09:00,1191.0,1193.0,1190.0,1193.0,33300,0.0,0.0
2024-09-26 11:05:00+09:00,1194.0,1194.0,1190.0,1191.0,17000,0.0,0.0
2024-09-26 11:10:00+09:00,1191.0,1192.0,1191.0,1191.0,9200,0.0,0.0
2024-09-26 11:15:00+09:00,1191.0,1191.0,1187.0,1189.0,61200,0.0,0.0
2024-09-26 11:20:00+09:00,1189.0,1190.0,1189.0,1190.0,33800,0.0,0.0
2024-09-26 11:25:00+09:00,1191.0,1193.0,1190.0,1192.0,21800,0.0,0.0
2024-09-26 11:30:00+09:00,1191.0,1191.0,1191.0,1191.0,18800,0.0,0.0
2024-09-26 11:35:00+09:00,1191.0,1191.0,1191.0,1191.0,0,0.0,0.0
2024-09-26 12:30:00+09:00,1190.0,1191.0,1182.0,1183.0,2533600,0.0,0.0
2024-09-26 12:35:00+09:00,1183.0,1186.0,1183.0,1186.0,52000,0.0,0.0
2024-09-26 12:40:00+09:00,1187.0,1189.0,1185.0,1187.0,77400,0.0,0.0
2024-09-26 12:45:00+09:00,1186.0,1187.0,1185.0,1186.0,47500,0.0,0.0
2024-09-26 12:50:00+09:00,1187.0,1187.0,1184.0,1186.0,23900,0.0,0.0
2024-09-26 12:55:00+09:00,1185.0,1186.0,1183.0,1184.0,37200,0.0,0.0
2024-09-26 13:00:00+09:00,1184.0,1184.0,1178.0,1179.0,100700,0.0,0.0
2024-09-26 13:05:00+09:00,1179.0,1182.0,1176.0,1181.0,80200,0.0,0.0
2024-09-26 13:10:00+09:00,1181.0,1183.0,1179.0,1179.0,70000,0.0,0.0
2024-09-26 13:15:00+09:00,1179.0,1179.0,1177.0,1179.0,51500,0.0,0.0
2024-09-26 13:20:00+09:00,1179.0,1182.0,1178.0,1182.0,35200,0.0,0.0
2024-09-26 13:25:00+09:00,1182.0,1182.0,1181.0,1182.0,28900,0.0,0.0
2024-09-26 13:30:00+09:00,1183.0,1183.0,1182.0,1182.0,38700,0.0,0.0
2024-09-26 13:35:00+09:00,1181.0,1181.0,1178.0,1178.0,36400,0.0,0.0
2024-09-26 13:40:00+09:00,1179.0,1179.0,1178.0,1179.0,43000,0.0,0.0
2024-09-26 13:45:00+09:00,1178.0,1178.0,1177.0,1177.0,32300,0.0,0.0
2024-09-26 13:50:00+09:00,1177.0,1177.0,1173.0,1174.0,65500,0.0,0.0
2024-09-26 13:55:00+09:00,1174.0,1177.0,1174.0,1176.0,37000,0.0,0.0
2024-09-26 14:00:00+09:00,1177.0,1177.0,1175.0,1176.0,49700,0.0,0.0
2024-09-26 14:05:00+09:00,1176.0,1177.0,1174.0,1177.0,41700,0.0,0.0
2024-09-26 14:10:00+09:00,1177.0,1177.0,1176.0,1177.0,12100,0.0,0.0
2024-09-26 14:15:00+09:00,1176.0,1178.0,1176.0,1177.0,38800,0.0,0.0
2024-09-26 14:20:00+09:00,1178.0,1180.0,1178.0,1178.0,33300,0.0,0.0
2024-09-26 14:25:00+09:00,1178.0,1179.0,1177.0,1177.0,41900,0.0,0.0
2024-09-26 14:30:00+09:00,1177.0,1178.0,1175.0,1176.0,33400,0.0,0.0
2024-09-26 14:35:00+09:00,1175.0,1177.0,1173.0,1175.0,76600,0.0,0.0
2024-09-26 14:40:00+09:00,1175.0,1177.0,1175.0,1176.0,48300,0.0,0.0
2024-09-26 14:45:00+09:00,1176.0,1177.0,1173.0,1175.0,89800,0.0,0.0
2024-09-26 14:50:00+09:00,1174.0,1177.0,1174.0,1176.0,64800,0.0,0.0
2024-09-26 14:55:00+09:00,1177.0,1181.0,1177.0,1181.0,143900,0.0,0.0
2024-09-27 09:00:00+09:00,1199.0,1202.0,1179.0,1180.0,663300,0.0,0.0
2024-09-27 09:05:00+09:00,1179.0,1188.0,1177.0,1184.0,189300,0.0,0.0
2024-09-27 09:10:00+09:00,1185.0,1185.0,1174.0,1181.0,270500,0.0,0.0
2024-09-27 09:15:00+09:00,1181.0,1192.0,1180.0,1188.0,311700,0.0,0.0
2024-09-27 09:20:00+09:00,1188.0,1188.0,1183.0,1187.0,75100,0.0,0.0
2024-09-27 09:25:00+09:00,1187.0,1187.0,1181.0,1181.0,74400,0.0,0.0
2024-09-27 09:30:00+09:00,1182.0,1184.0,1181.0,1183.0,58400,0.0,0.0
2024-09-27 09:35:00+09:00,1183.0,1185.0,1179.0,1185.0,216100,0.0,0.0
2024-09-27 09:40:00+09:00,1185.0,1186.0,1183.0,1185.0,97500,0.0,0.0
2024-09-27 09:45:00+09:00,1185.0,1190.0,1185.0,1188.0,91600,0.0,0.0
2024-09-27 09:50:00+09:00,1188.0,1192.0,1188.0,1191.0,70500,0.0,0.0
2024-09-27 09:55:00+09:00,1191.0,1191.0,1186.0,1189.0,84800,0.0,0.0
2024-09-27 10:00:00+09:00,1189.0,1196.0,1189.0,1195.0,147200,0.0,0.0
2024-09-27 10:05:00+09:00,1194.0,1196.0,1192.0,1196.0,94300,0.0,0.0
2024-09-27 10:10:00+09:00,1196.0,1199.0,1196.0,1197.0,52400,0.0,0.0
2024-09-27 10:15:00+09:00,1197.0,1199.0,1196.0,1197.0,39800,0.0,0.0
2024-09-27 10:20:00+09:00,1197.0,1201.0,1195.0,1200.0,112300,0.0,0.0
2024-09-27 10:25:00+09:00,1200.0,1207.0,1198.0,1203.0,213900,0.0,0.0
2024-09-27 10:30:00+09:00,1204.0,1205.0,1199.0,1202.0,77300,0.0,0.0
2024-09-27 10:35:00+09:00,1203.0,1203.0,1197.0,1199.0,137100,0.0,0.0
2024-09-27 10:40:00+09:00,1198.0,1199.0,1192.0,1193.0,201700,0.0,0.0
2024-09-27 10:45:00+09:00,1194.0,1195.0,1190.0,1191.0,70000,0.0,0.0
2024-09-27 10:50:00+09:00,1191.0,1194.0,1188.0,1193.0,127400,0.0,0.0
2024-09-27 10:55:00+09:00,1193.0,1196.0,1188.0,1188.0,73600,0.0,0.0
2024-09-27 11:00:00+09:00,1188.0,1191.0,1188.0,1190.0,49700,0.0,0.0
2024-09-27 11:05:00+09:00,1190.0,1192.0,1189.0,1190.0,30700,0.0,0.0
2024-09-27 11:10:00+09:00,1190.0,1190.0,1186.0,1186.0,56800,0.0,0.0
2024-09-27 11:15:00+09:00,1186.0,1187.0,1183.0,1183.0,60900,0.0,0.0
2024-09-27 11:20:00+09:00,1182.0,1184.0,1181.0,1182.0,69500,0.0,0.0
2024-09-27 11:25:00+09:00,1183.0,1183.0,1178.0,1182.0,77400,0.0,0.0
2024-09-27 11:30:00+09:00,1184.0,1184.0,1184.0,1184.0,14100,0.0,0.0
2024-09-27 11:35:00+09:00,1184.0,1184.0,1184.0,1184.0,0,0.0,0.0
2024-09-27 12:30:00+09:00,1183.0,1190.0,1177.0,1189.0,4315900,0.0,0.0
2024-09-27 12:35:00+09:00,1189.0,1190.0,1186.0,1188.0,195000,0.0,0.0
2024-09-27 12:40:00+09:00,1188.0,1189.0,1183.0,1183.0,123300,0.0,0.0
2024-09-27 12:45:00+09:00,1183.0,1185.0,1182.0,1184.0,64700,0.0,0.0
2024-09-27 12:50:00+09:00,1184.0,1185.0,1184.0,1184.0,47400,0.0,0.0
2024-09-27 12:55:00+09:00,1185.0,1189.0,1185.0,1188.0,123500,0.0,0.0
2024-09-27 13:00:00+09:00,1189.0,1198.0,1188.0,1192.0,201200,0.0,0.0
2024-09-27 13:05:00+09:00,1192.0,1195.0,1192.0,1195.0,88700,0.0,0.0
2024-09-27 13:10:00+09:00,1196.0,1197.0,1193.0,1193.0,43000,0.0,0.0
2024-09-27 13:15:00+09:00,1193.0,1194.0,1188.0,1189.0,77600,0.0,0.0
2024-09-27 13:20:00+09:00,1189.0,1193.0,1188.0,1192.0,37800,0.0,0.0
2024-09-27 13:25:00+09:00,1193.0,1195.0,1192.0,1193.0,24900,0.0,0.0
2024-09-27 13:30:00+09:00,1194.0,1194.0,1190.0,1191.0,44100,0.0,0.0
2024-09-27 13:35:00+09:00,1192.0,1195.0,1192.0,1195.0,56100,0.0,0.0
2024-09-27 13:40:00+09:00,1195.0,1199.0,1195.0,1199.0,123300,0.0,0.0
2024-09-27 13:45:00+09:00,1199.0,1202.0,1199.0,1199.0,167200,0.0,0.0
2024-09-27 13:50:00+09:00,1199.0,1203.0,1199.0,1203.0,118400,0.0,0.0
2024-09-27 13:55:00+09:00,1202.0,1202.0,1199.0,1200.0,62100,0.0,0.0
2024-09-27 14:00:00+09:00,1199.0,1200.0,1196.0,1197.0,68700,0.0,0.0
2024-09-27 14:05:00+09:00,1197.0,1202.0,1195.0,1200.0,191400,0.0,0.0
2024-09-27 14:10:00+09:00,1199.0,1202.0,1192.0,1201.0,236500,0.0,0.0
2024-09-27 14:15:00+09:00,1201.0,1206.0,1199.0,1205.0,164300,0.0,0.0
2024-09-27 14:20:00+09:00,1204.0,1216.0,1204.0,1216.0,224700,0.0,0.0
2024-09-27 14:25:00+09:00,1216.0,1217.0,1207.0,1211.0,197200,0.0,0.0
2024-09-27 14:30:00+09:00,1212.0,1212.0,1203.0,1205.0,134800,0.0,0.0
2024-09-27 14:35:00+09:00,1205.0,1212.0,1205.0,1208.0,109100,0.0,0.0
2024-09-27 14:40:00+09:00,1209.0,1210.0,1207.0,1209.0,105500,0.0,0.0
2024-09-27 14:45:00+09:00,1209.0,1209.0,1202.0,1204.0,132300,0.0,0.0
2024-09-27 14:50:00+09:00,1204.0,1206.0,1199.0,1203.0,153800,0.0,0.0
2024-09-27 14:55:00+09:00,1203.0,1208.0,1201.0,1201.0,309200,0.0,0.0
2024-09-30 09:00:00+09:00,1155.0,1178.0,1151.0,1174.0,652000,0.0,0.0
2024-09-30 09:05:00+09:00,1176.0,1176.0,1156.0,1165.0,321100,0.0,0.0
2024-09-30 09:10:00+09:00,1164.0,1168.0,1158.0,1167.0,283700,0.0,0.0
2024-09-30 09:15:00+09:00,1166.0,1174.0,1163.0,1168.0,346600,0.0,0.0
2024-09-30 09:20:00+09:00,1169.0,1172.0,1161.0,1164.0,263100,0.0,0.0
2024-09-30 09:25:00+09:00,1164.0,1169.0,1159.0,1164.0,212500,0.0,0.0
2024-09-30 09:30:00+09:00,1164.0,1168.0,1162.0,1164.0,107700,0.0,0.0
2024-09-30 09:35:00+09:00,1164.0,1167.0,1160.0,1163.0,110400,0.0,0.0
2024-09-30 09:40:00+09:00,1163.0,1163.0,1153.0,1154.0,243700,0.0,0.0
2024-09-30 09:45:00+09:00,1153.0,1153.0,1143.0,1146.0,208000,0.0,0.0
2024-09-30 09:50:00+09:00,1146.0,1146.0,1137.0,1145.0,200300,0.0,0.0
2024-09-30 09:55:00+09:00,1145.0,1148.0,1142.0,1147.0,90400,0.0,0.0
2024-09-30 10:00:00+09:00,1147.0,1148.0,1142.0,1146.0,136200,0.0,0.0
2024-09-30 10:05:00+09:00,1146.0,1154.0,1146.0,1152.0,68500,0.0,0.0
2024-09-30 10:10:00+09:00,1152.0,1152.0,1149.0,1151.0,78100,0.0,0.0
2024-09-30 10:15:00+09:00,1152.0,1152.0,1148.0,1150.0,62800,0.0,0.0
2024-09-30 10:20:00+09:00,1150.0,1151.0,1148.0,1149.0,36800,0.0,0.0
2024-09-30 10:25:00+09:00,1148.0,1151.0,1147.0,1150.0,29900,0.0,0.0
2024-09-30 10:30:00+09:00,1151.0,1152.0,1149.0,1152.0,55300,0.0,0.0
2024-09-30 10:35:00+09:00,1152.0,1153.0,1148.0,1151.0,68400,0.0,0.0
2024-09-30 10:40:00+09:00,1151.0,1153.0,1149.0,1149.0,34100,0.0,0.0
2024-09-30 10:45:00+09:00,1151.0,1151.0,1146.0,1148.0,52600,0.0,0.0
2024-09-30 10:50:00+09:00,1148.0,1150.0,1146.0,1150.0,57800,0.0,0.0
2024-09-30 10:55:00+09:00,1150.0,1150.0,1146.0,1146.0,44200,0.0,0.0
2024-09-30 11:00:00+09:00,1146.0,1147.0,1143.0,1145.0,55000,0.0,0.0
2024-09-30 11:05:00+09:00,1146.0,1147.0,1144.0,1146.0,46600,0.0,0.0
2024-09-30 11:10:00+09:00,1146.0,1146.0,1140.0,1144.0,92900,0.0,0.0
2024-09-30 11:15:00+09:00,1144.0,1144.0,1140.0,1142.0,125400,0.0,0.0
2024-09-30 11:20:00+09:00,1142.0,1143.0,1140.0,1141.0,52300,0.0,0.0
2024-09-30 11:25:00+09:00,1140.0,1141.0,1138.0,1141.0,78900,0.0,0.0
2024-09-30 11:30:00+09:00,1141.0,1141.0,1141.0,1141.0,5400,0.0,0.0
2024-09-30 11:35:00+09:00,1141.0,1141.0,1141.0,1141.0,0,0.0,0.0
2024-09-30 12:30:00+09:00,1141.0,1141.0,1132.0,1137.0,4507900,0.0,0.0
2024-09-30 12:35:00+09:00,1137.0,1140.0,1135.0,1139.0,67600,0.0,0.0
2024-09-30 12:40:00+09:00,1139.0,1141.0,1138.0,1139.0,83200,0.0,0.0
2024-09-30 12:45:00+09:00,1139.0,1141.0,1137.0,1141.0,44600,0.0,0.0
2024-09-30 12:50:00+09:00,1140.0,1141.0,1137.0,1137.0,49900,0.0,0.0
2024-09-30 12:55:00+09:00,1137.0,1141.0,1136.0,1141.0,28200,0.0,0.0
2024-09-30 13:00:00+09:00,1140.0,1142.0,1139.0,1140.0,58500,0.0,0.0
2024-09-30 13:05:00+09:00,1140.0,1140.0,1138.0,1139.0,35000,0.0,0.0
2024-09-30 13:10:00+09:00,1139.0,1139.0,1135.0,1135.0,53700,0.0,0.0
2024-09-30 13:15:00+09:00,1135.0,1138.0,1134.0,1137.0,50200,0.0,0.0
2024-09-30 13:20:00+09:00,1137.0,1138.0,1135.0,1136.0,60200,0.0,0.0
2024-09-30 13:25:00+09:00,1136.0,1136.0,1134.0,1136.0,43700,0.0,0.0
2024-09-30 13:30:00+09:00,1137.0,1137.0,1135.0,1135.0,59400,0.0,0.0
2024-09-30 13:35:00+09:00,1135.0,1136.0,1133.0,1135.0,63500,0.0,0.0
2024-09-30 13:40:00+09:00,1136.0,1136.0,1135.0,1135.0,44900,0.0,0.0
2024-09-30 13:45:00+09:00,1135.0,1136.0,1134.0,1134.0,34900,0.0,0.0
2024-09-30 13:50:00+09:00,1134.0,1136.0,1132.0,1135.0,61600,0.0,0.0
2024-09-30 13:55:00+09:00,1135.0,1135.0,1129.0,1132.0,157800,0.0,0.0
2024-09-30 14:00:00+09:00,1132.0,1133.0,1132.0,1132.0,19800,0.0,0.0
2024-09-30 14:05:00+09:00,1132.0,1132.0,1129.0,1131.0,45200,0.0,0.0
2024-09-30 14:10:00+09:00,1131.0,1131.0,1127.0,1128.0,122900,0.0,0.0
2024-09-30 14:15:00+09:00,1128.0,1130.0,1128.0,1129.0,63700,0.0,0.0
2024-09-30 14:20:00+09:00,1129.0,1130.0,1126.0,1129.0,81800,0.0,0.0
2024-09-30 14:25:00+09:00,1130.0,1133.0,1129.0,1131.0,123600,0.0,0.0
2024-09-30 14:30:00+09:00,1131.0,1133.0,1129.0,1129.0,75200,0.0,0.0
2024-09-30 14:35:00+09:00,1129.0,1129.0,1125.0,1127.0,136500,0.0,0.0
2024-09-30 14:40:00+09:00,1126.0,1128.0,1125.0,1126.0,86000,0.0,0.0
2024-09-30 14:45:00+09:00,1126.0,1128.0,1126.0,1126.0,55700,0.0,0.0
2024-09-30 14:50:00+09:00,1127.0,1128.0,1125.0,1127.0,86100,0.0,0.0
2024-09-30 14:55:00+09:00,1126.0,1132.0,1126.0,1129.0,331600,0.0,0.0
2024-10-01 09:00:00+09:00,1137.0,1150.0,1135.0,1146.0,462300,0.0,0.0
2024-10-01 09:05:00+09:00,1146.0,1153.0,1140.0,1152.0,236500,0.0,0.0
2024-10-01 09:10:00+09:00,1151.0,1169.0,1151.0,1167.0,364200,0.0,0.0
2024-10-01 09:15:00+09:00,1167.0,1180.0,1161.0,1180.0,412400,0.0,0.0
2024-10-01 09:20:00+09:00,1180.0,1186.0,1177.0,1180.0,556000,0.0,0.0
2024-10-01 09:25:00+09:00,1181.0,1185.0,1178.0,1183.0,269400,0.0,0.0
2024-10-01 09:30:00+09:00,1183.0,1186.0,1180.0,1186.0,161600,0.0,0.0
2024-10-01 09:35:00+09:00,1186.0,1199.0,1185.0,1198.0,388400,0.0,0.0
2024-10-01 09:40:00+09:00,1199.0,1222.0,1199.0,1221.0,857300,0.0,0.0
2024-10-01 09:45:00+09:00,1221.0,1240.0,1218.0,1237.0,736700,0.0,0.0
2024-10-01 09:50:00+09:00,1237.0,1239.0,1228.0,1230.0,435000,0.0,0.0
2024-10-01 09:55:00+09:00,1230.0,1230.0,1219.0,1222.0,413300,0.0,0.0
2024-10-01 10:00:00+09:00,1221.0,1238.0,1217.0,1234.0,731900,0.0,0.0
2024-10-01 10:05:00+09:00,1233.0,1239.0,1232.0,1237.0,254000,0.0,0.0
2024-10-01 10:10:00+09:00,1237.0,1248.0,1235.0,1248.0,449500,0.0,0.0
2024-10-01 10:15:00+09:00,1247.0,1248.0,1243.0,1248.0,167000,0.0,0.0
2024-10-01 10:20:00+09:00,1248.0,1259.0,1248.0,1252.0,573600,0.0,0.0
2024-10-01 10:25:00+09:00,1252.0,1258.0,1252.0,1256.0,190800,0.0,0.0
2024-10-01 10:30:00+09:00,1256.0,1268.0,1256.0,1259.0,523100,0.0,0.0
2024-10-01 10:35:00+09:00,1258.0,1262.0,1252.0,1255.0,330600,0.0,0.0
2024-10-01 10:40:00+09:00,1256.0,1259.0,1253.0,1257.0,112500,0.0,0.0
2024-10-01 10:45:00+09:00,1257.0,1259.0,1251.0,1251.0,180900,0.0,0.0
2024-10-01 10:50:00+09:00,1251.0,1253.0,1244.0,1250.0,397100,0.0,0.0
2024-10-01 10:55:00+09:00,1251.0,1251.0,1245.0,1248.0,160400,0.0,0.0
2024-10-01 11:00:00+09:00,1247.0,1247.0,1240.0,1243.0,229700,0.0,0.0
2024-10-01 11:05:00+09:00,1243.0,1243.0,1234.0,1238.0,220600,0.0,0.0
2024-10-01 11:10:00+09:00,1239.0,1244.0,1238.0,1243.0,195600,0.0,0.0
2024-10-01 11:15:00+09:00,1244.0,1252.0,1243.0,1249.0,235900,0.0,0.0
2024-10-01 11:20:00+09:00,1248.0,1250.0,1245.0,1248.0,100700,0.0,0.0
2024-10-01 11:25:00+09:00,1248.0,1250.0,1243.0,1244.0,119900,0.0,0.0
2024-10-01 11:30:00+09:00,1245.0,1245.0,1245.0,1245.0,11200,0.0,0.0
2024-10-01 11:35:00+09:00,1245.0,1245.0,1245.0,1245.0,0,0.0,0.0
2024-10-01 12:30:00+09:00,1245.0,1258.0,1239.0,1255.0,10980700,0.0,0.0
2024-10-01 12:35:00+09:00,1255.0,1264.0,1254.0,1263.0,237800,0.0,0.0
2024-10-01 12:40:00+09:00,1262.0,1264.0,1252.0,1253.0,223300,0.0,0.0
2024-10-01 12:45:00+09:00,1253.0,1259.0,1252.0,1256.0,116400,0.0,0.0
2024-10-01 12:50:00+09:00,1255.0,1258.0,1254.0,1258.0,94600,0.0,0.0
2024-10-01 12:55:00+09:00,1257.0,1259.0,1255.0,1257.0,79900,0.0,0.0
2024-10-01 13:00:00+09:00,1258.0,1259.0,1253.0,1254.0,110500,0.0,0.0
2024-10-01 13:05:00+09:00,1254.0,1257.0,1254.0,1255.0,36800,0.0,0.0
2024-10-01 13:10:00+09:00,1255.0,1261.0,1255.0,1259.0,170500,0.0,0.0
2024-10-01 13:15:00+09:00,1258.0,1260.0,1257.0,1259.0,76100,0.0,0.0
2024-10-01 13:20:00+09:00,1258.0,1258.0,1254.0,1254.0,65200,0.0,0.0
2024-10-01 13:25:00+09:00,1255.0,1263.0,1254.0,1260.0,130700,0.0,0.0
2024-10-01 13:30:00+09:00,1260.0,1260.0,1256.0,1258.0,67700,0.0,0.0
2024-10-01 13:35:00+09:00,1258.0,1258.0,1256.0,1257.0,44500,0.0,0.0
2024-10-01 13:40:00+09:00,1257.0,1257.0,1254.0,1257.0,54900,0.0,0.0
2024-10-01 13:45:00+09:00,1257.0,1260.0,1256.0,1260.0,67200,0.0,0.0
2024-10-01 13:50:00+09:00,1259.0,1265.0,1259.0,1259.0,257100,0.0,0.0
2024-10-01 13:55:00+09:00,1258.0,1259.0,1256.0,1256.0,87500,0.0,0.0
2024-10-01 14:00:00+09:00,1255.0,1259.0,1254.0,1259.0,74500,0.0,0.0
2024-10-01 14:05:00+09:00,1259.0,1260.0,1256.0,1258.0,96000,0.0,0.0
2024-10-01 14:10:00+09:00,1258.0,1260.0,1256.0,1259.0,53000,0.0,0.0
2024-10-01 14:15:00+09:00,1258.0,1260.0,1257.0,1259.0,45300,0.0,0.0
2024-10-01 14:20:00+09:00,1259.0,1259.0,1250.0,1253.0,144200,0.0,0.0
2024-10-01 14:25:00+09:00,1253.0,1256.0,1251.0,1255.0,117800,0.0,0.0
2024-10-01 14:30:00+09:00,1254.0,1258.0,1253.0,1258.0,109300,0.0,0.0
2024-10-01 14:35:00+09:00,1258.0,1258.0,1256.0,1256.0,43600,0.0,0.0
2024-10-01 14:40:00+09:00,1256.0,1256.0,1253.0,1255.0,91700,0.0,0.0
2024-10-01 14:45:00+09:00,1255.0,1255.0,1250.0,1252.0,186600,0.0,0.0
2024-10-01 14:50:00+09:00,1253.0,1256.0,1252.0,1256.0,125400,0.0,0.0
2024-10-01 14:55:00+09:00,1255.0,1255.0,1251.0,1253.0,195400,0.0,0.0
2024-10-02 09:00:00+09:00,1219.0,1238.0,1209.0,1234.0,1003500,0.0,0.0
2024-10-02 09:05:00+09:00,1234.0,1258.0,1234.0,1247.0,576500,0.0,0.0
2024-10-02 09:10:00+09:00,1248.0,1260.0,1247.0,1258.0,377600,0.0,0.0
2024-10-02 09:15:00+09:00,1257.0,1268.0,1257.0,1260.0,411300,0.0,0.0
2024-10-02 09:20:00+09:00,1260.0,1263.0,1253.0,1257.0,332500,0.0,0.0
2024-10-02 09:25:00+09:00,1257.0,1257.0,1236.0,1241.0,723600,0.0,0.0
2024-10-02 09:30:00+09:00,1241.0,1247.0,1238.0,1246.0,262400,0.0,0.0
2024-10-02 09:35:00+09:00,1246.0,1250.0,1242.0,1243.0,165400,0.0,0.0
2024-10-02 09:40:00+09:00,1243.0,1246.0,1238.0,1239.0,132400,0.0,0.0
2024-10-02 09:45:00+09:00,1239.0,1245.0,1236.0,1237.0,174200,0.0,0.0
2024-10-02 09:50:00+09:00,1237.0,1237.0,1231.0,1234.0,201500,0.0,0.0
2024-10-02 09:55:00+09:00,1233.0,1233.0,1226.0,1227.0,238800,0.0,0.0
2024-10-02 10:00:00+09:00,1227.0,1229.0,1223.0,1223.0,136000,0.0,0.0
2024-10-02 10:05:00+09:00,1223.0,1226.0,1215.0,1216.0,213400,0.0,0.0
2024-10-02 10:10:00+09:00,1215.0,1217.0,1211.0,1212.0,195000,0.0,0.0
2024-10-02 10:15:00+09:00,1212.0,1222.0,1211.0,1220.0,148400,0.0,0.0
2024-10-02 10:20:00+09:00,1219.0,1221.0,1215.0,1218.0,173900,0.0,0.0
2024-10-02 10:25:00+09:00,1219.0,1227.0,1218.0,1226.0,177600,0.0,0.0
2024-10-02 10:30:00+09:00,1226.0,1230.0,1223.0,1230.0,122800,0.0,0.0
2024-10-02 10:35:00+09:00,1230.0,1231.0,1224.0,1227.0,125800,0.0,0.0
2024-10-02 10:40:00+09:00,1227.0,1229.0,1223.0,1227.0,96800,0.0,0.0
2024-10-02 10:45:00+09:00,1227.0,1231.0,1225.0,1231.0,69700,0.0,0.0
2024-10-02 10:50:00+09:00,1228.0,1231.0,1226.0,1226.0,68800,0.0,0.0
2024-10-02 10:55:00+09:00,1226.0,1228.0,1225.0,1227.0,69800,0.0,0.0
2024-10-02 11:00:00+09:00,1227.0,1232.0,1223.0,1228.0,180000,0.0,0.0
2024-10-02 11:05:00+09:00,1228.0,1230.0,1227.0,1228.0,34500,0.0,0.0
2024-10-02 11:10:00+09:00,1228.0,1228.0,1224.0,1225.0,57400,0.0,0.0
2024-10-02 11:15:00+09:00,1225.0,1229.0,1225.0,1227.0,55700,0.0,0.0
2024-10-02 11:20:00+09:00,1226.0,1228.0,1226.0,1228.0,32500,0.0,0.0
2024-10-02 11:25:00+09:00,1228.0,1228.0,1224.0,1227.0,52700,0.0,0.0
2024-10-02 11:30:00+09:00,1228.0,1228.0,1228.0,1228.0,5000,0.0,0.0
2024-10-02 11:35:00+09:00,1228.0,1228.0,1228.0,1228.0,0,0.0,0.0
2024-10-02 12:30:00+09:00,1226.0,1230.0,1220.0,1222.0,6770500,0.0,0.0
2024-10-02 12:35:00+09:00,1221.0,1227.0,1218.0,1226.0,96100,0.0,0.0
2024-10-02 12:40:00+09:00,1226.0,1229.0,1223.0,1227.0,77900,0.0,0.0
2024-10-02 12:45:00+09:00,1228.0,1228.0,1225.0,1226.0,35000,0.0,0.0
2024-10-02 12:50:00+09:00,1227.0,1230.0,1226.0,1229.0,58800,0.0,0.0
2024-10-02 12:55:00+09:00,1229.0,1230.0,1224.0,1225.0,100700,0.0,0.0
2024-10-02 13:00:00+09:00,1225.0,1225.0,1221.0,1224.0,66200,0.0,0.0
2024-10-02 13:05:00+09:00,1224.0,1224.0,1221.0,1222.0,80100,0.0,0.0
2024-10-02 13:10:00+09:00,1222.0,1222.0,1221.0,1222.0,24400,0.0,0.0
2024-10-02 13:15:00+09:00,1222.0,1223.0,1221.0,1222.0,20000,0.0,0.0
2024-10-02 13:20:00+09:00,1222.0,1223.0,1219.0,1220.0,75700,0.0,0.0
2024-10-02 13:25:00+09:00,1220.0,1220.0,1216.0,1216.0,91900,0.0,0.0
2024-10-02 13:30:00+09:00,1216.0,1216.0,1212.0,1212.0,149800,0.0,0.0
2024-10-02 13:35:00+09:00,1213.0,1215.0,1212.0,1213.0,65000,0.0,0.0
2024-10-02 13:40:00+09:00,1213.0,1216.0,1213.0,1216.0,80500,0.0,0.0
2024-10-02 13:45:00+09:00,1215.0,1217.0,1214.0,1217.0,64100,0.0,0.0
2024-10-02 13:50:00+09:00,1217.0,1218.0,1215.0,1216.0,55800,0.0,0.0
2024-10-02 13:55:00+09:00,1216.0,1216.0,1210.0,1212.0,185700,0.0,0.0
2024-10-02 14:00:00+09:00,1212.0,1215.0,1212.0,1213.0,34300,0.0,0.0
2024-10-02 14:05:00+09:00,1213.0,1213.0,1208.0,1209.0,120100,0.0,0.0
2024-10-02 14:10:00+09:00,1209.0,1210.0,1206.0,1208.0,90800,0.0,0.0
2024-10-02 14:15:00+09:00,1208.0,1210.0,1207.0,1209.0,72300,0.0,0.0
2024-10-02 14:20:00+09:00,1208.0,1208.0,1203.0,1203.0,154300,0.0,0.0
2024-10-02 14:25:00+09:00,1203.0,1204.0,1200.0,1201.0,191400,0.0,0.0
2024-10-02 14:30:00+09:00,1201.0,1202.0,1198.0,1200.0,204200,0.0,0.0
2024-10-02 14:35:00+09:00,1200.0,1200.0,1196.0,1198.0,232700,0.0,0.0
2024-10-02 14:40:00+09:00,1198.0,1199.0,1195.0,1199.0,121400,0.0,0.0
2024-10-02 14:45:00+09:00,1198.0,1200.0,1195.0,1196.0,95900,0.0,0.0
2024-10-02 14:50:00+09:00,1197.0,1197.0,1192.0,1193.0,120700,0.0,0.0
2024-10-02 14:55:00+09:00,1193.0,1199.0,1192.0,1196.0,180800,0.0,0.0
2024-10-03 09:00:00+09:00,1245.0,1257.0,1237.0,1241.0,775100,0.0,0.0
2024-10-03 09:05:00+09:00,1242.0,1250.0,1228.0,1248.0,704100,0.0,0.0
2024-10-03 09:10:00+09:00,1249.0,1249.0,1230.0,1231.0,561200,0.0,0.0
2024-10-03 09:15:00+09:00,1230.0,1232.0,1196.0,1211.0,1349600,0.0,0.0
2024-10-03 09:20:00+09:00,1211.0,1221.0,1210.0,1219.0,384800,0.0,0.0
2024-10-03 09:25:00+09:00,1220.0,1220.0,1214.0,1216.0,165100,0.0,0.0
2024-10-03 09:30:00+09:00,1215.0,1215.0,1205.0,1206.0,182000,0.0,0.0
2024-10-03 09:35:00+09:00,1206.0,1210.0,1201.0,1202.0,225000,0.0,0.0
2024-10-03 09:40:00+09:00,1201.0,1208.0,1198.0,1205.0,286200,0.0,0.0
2024-10-03 09:45:00+09:00,1206.0,1211.0,1203.0,1211.0,136000,0.0,0.0
2024-10-03 09:50:00+09:00,1211.0,1214.0,1204.0,1208.0,157900,0.0,0.0
2024-10-03 09:55:00+09:00,1208.0,1209.0,1205.0,1206.0,75300,0.0,0.0
2024-10-03 10:00:00+09:00,1207.0,1216.0,1207.0,1216.0,101000,0.0,0.0
2024-10-03 10:05:00+09:00,1215.0,1218.0,1214.0,1214.0,128500,0.0,0.0
2024-10-03 10:10:00+09:00,1214.0,1217.0,1212.0,1214.0,87900,0.0,0.0
2024-10-03 10:15:00+09:00,1214.0,1216.0,1213.0,1214.0,100400,0.0,0.0
2024-10-03 10:20:00+09:00,1214.0,1216.0,1213.0,1214.0,49000,0.0,0.0
2024-10-03 10:25:00+09:00,1214.0,1214.0,1209.0,1209.0,57800,0.0,0.0
2024-10-03 10:30:00+09:00,1209.0,1212.0,1207.0,1210.0,55300,0.0,0.0
2024-10-03 10:35:00+09:00,1210.0,1212.0,1209.0,1211.0,66700,0.0,0.0
2024-10-03 10:40:00+09:00,1212.0,1214.0,1210.0,1212.0,59900,0.0,0.0
2024-10-03 10:45:00+09:00,1213.0,1214.0,1210.0,1212.0,42000,0.0,0.0
2024-10-03 10:50:00+09:00,1212.0,1216.0,1211.0,1216.0,36100,0.0,0.0
2024-10-03 10:55:00+09:00,1215.0,1216.0,1212.0,1214.0,59200,0.0,0.0
2024-10-03 11:00:00+09:00,1213.0,1213.0,1209.0,1209.0,53700,0.0,0.0
2024-10-03 11:05:00+09:00,1209.0,1213.0,1209.0,1210.0,24800,0.0,0.0
2024-10-03 11:10:00+09:00,1210.0,1212.0,1210.0,1211.0,33300,0.0,0.0
2024-10-03 11:15:00+09:00,1210.0,1214.0,1206.0,1213.0,199000,0.0,0.0
2024-10-03 11:20:00+09:00,1213.0,1215.0,1212.0,1213.0,25600,0.0,0.0
2024-10-03 11:25:00+09:00,1213.0,1217.0,1213.0,1216.0,84000,0.0,0.0
2024-10-03 11:30:00+09:00,1215.0,1215.0,1215.0,1215.0,4500,0.0,0.0
2024-10-03 11:35:00+09:00,1215.0,1215.0,1215.0,1215.0,0,0.0,0.0
2024-10-03 12:30:00+09:00,1214.0,1216.0,1207.0,1210.0,6440600,0.0,0.0
2024-10-03 12:35:00+09:00,1209.0,1210.0,1203.0,1203.0,158200,0.0,0.0
2024-10-03 12:40:00+09:00,1203.0,1203.0,1196.0,1197.0,242900,0.0,0.0
2024-10-03 12:45:00+09:00,1196.0,1203.0,1196.0,1202.0,108700,0.0,0.0
2024-10-03 12:50:00+09:00,1203.0,1203.0,1200.0,1201.0,51400,0.0,0.0
2024-10-03 12:55:00+09:00,1201.0,1203.0,1201.0,1202.0,33500,0.0,0.0
2024-10-03 13:00:00+09:00,1202.0,1202.0,1199.0,1200.0,84100,0.0,0.0
2024-10-03 13:05:00+09:00,1200.0,1201.0,1197.0,1199.0,66100,0.0,0.0
2024-10-03 13:10:00+09:00,1199.0,1200.0,1198.0,1199.0,30600,0.0,0.0
2024-10-03 13:15:00+09:00,1199.0,1199.0,1197.0,1197.0,80400,0.0,0.0
2024-10-03 13:20:00+09:00,1197.0,1200.0,1197.0,1199.0,55200,0.0,0.0
2024-10-03 13:25:00+09:00,1199.0,1200.0,1198.0,1199.0,45400,0.0,0.0
2024-10-03 13:30:00+09:00,1199.0,1201.0,1199.0,1199.0,41100,0.0,0.0
2024-10-03 13:35:00+09:00,1199.0,1199.0,1194.0,1196.0,128700,0.0,0.0
2024-10-03 13:40:00+09:00,1196.0,1197.0,1195.0,1196.0,26500,0.0,0.0
2024-10-03 13:45:00+09:00,1196.0,1197.0,1190.0,1191.0,195400,0.0,0.0
2024-10-03 13:50:00+09:00,1192.0,1192.0,1189.0,1192.0,124100,0.0,0.0
2024-10-03 13:55:00+09:00,1192.0,1194.0,1191.0,1193.0,92900,0.0,0.0
2024-10-03 14:00:00+09:00,1193.0,1195.0,1190.0,1192.0,48700,0.0,0.0
2024-10-03 14:05:00+09:00,1191.0,1194.0,1191.0,1192.0,102600,0.0,0.0
2024-10-03 14:10:00+09:00,1191.0,1192.0,1189.0,1191.0,121500,0.0,0.0
2024-10-03 14:15:00+09:00,1191.0,1191.0,1188.0,1190.0,73500,0.0,0.0
2024-10-03 14:20:00+09:00,1189.0,1191.0,1188.0,1189.0,75200,0.0,0.0
2024-10-03 14:25:00+09:00,1189.0,1190.0,1187.0,1189.0,122900,0.0,0.0
2024-10-03 14:30:00+09:00,1190.0,1190.0,1188.0,1189.0,91900,0.0,0.0
2024-10-03 14:35:00+09:00,1189.0,1190.0,1187.0,1188.0,68100,0.0,0.0
2024-10-03 14:40:00+09:00,1188.0,1191.0,1188.0,1189.0,143500,0.0,0.0
2024-10-03 14:45:00+09:00,1190.0,1190.0,1184.0,1186.0,227800,0.0,0.0
2024-10-03 14:50:00+09:00,1186.0,1187.0,1184.0,1185.0,153200,0.0,0.0
2024-10-03 14:55:00+09:00,1184.0,1185.0,1179.0,1180.0,398900,0.0,0.0
2024-10-04 09:00:00+09:00,1191.0,1194.0,1174.0,1182.0,606100,0.0,0.0
2024-10-04 09:05:00+09:00,1181.0,1181.0,1166.0,1169.0,260900,0.0,0.0
2024-10-04 09:10:00+09:00,1168.0,1174.0,1168.0,1174.0,199200,0.0,0.0
2024-10-04 09:15:00+09:00,1173.0,1177.0,1171.0,1175.0,107400,0.0,0.0
2024-10-04 09:20:00+09:00,1175.0,1178.0,1171.0,1173.0,132600,0.0,0.0
2024-10-04 09:25:00+09:00,1173.0,1175.0,1171.0,1174.0,61400,0.0,0.0
2024-10-04 09:30:00+09:00,1175.0,1177.0,1172.0,1172.0,95800,0.0,0.0
2024-10-04 09:35:00+09:00,1172.0,1173.0,1169.0,1171.0,141100,0.0,0.0
2024-10-04 09:40:00+09:00,1171.0,1171.0,1169.0,1170.0,59300,0.0,0.0
2024-10-04 09:45:00+09:00,1170.0,1173.0,1170.0,1171.0,51000,0.0,0.0
2024-10-04 09:50:00+09:00,1170.0,1171.0,1166.0,1168.0,140600,0.0,0.0
2024-10-04 09:55:00+09:00,1168.0,1169.0,1167.0,1168.0,70400,0.0,0.0
2024-10-04 10:00:00+09:00,1167.0,1168.0,1165.0,1167.0,136000,0.0,0.0
2024-10-04 10:05:00+09:00,1167.0,1167.0,1163.0,1166.0,160300,0.0,0.0
2024-10-04 10:10:00+09:00,1166.0,1166.0,1158.0,1161.0,263100,0.0,0.0
2024-10-04 10:15:00+09:00,1161.0,1164.0,1160.0,1163.0,87800,0.0,0.0
2024-10-04 10:20:00+09:00,1163.0,1166.0,1162.0,1166.0,69200,0.0,0.0
2024-10-04 10:25:00+09:00,1166.0,1170.0,1166.0,1168.0,79000,0.0,0.0
2024-10-04 10:30:00+09:00,1168.0,1169.0,1164.0,1165.0,61100,0.0,0.0
2024-10-04 10:35:00+09:00,1165.0,1168.0,1164.0,1166.0,51400,0.0,0.0
2024-10-04 10:40:00+09:00,1166.0,1171.0,1166.0,1170.0,84700,0.0,0.0
2024-10-04 10:45:00+09:00,1171.0,1175.0,1170.0,1173.0,88000,0.0,0.0
2024-10-04 10:50:00+09:00,1173.0,1176.0,1172.0,1172.0,74900,0.0,0.0
2024-10-04 10:55:00+09:00,1172.0,1173.0,1169.0,1169.0,46400,0.0,0.0
2024-10-04 11:00:00+09:00,1169.0,1172.0,1168.0,1171.0,64700,0.0,0.0
2024-10-04 11:05:00+09:00,1172.0,1173.0,1170.0,1173.0,38000,0.0,0.0
2024-10-04 11:10:00+09:00,1173.0,1177.0,1173.0,1175.0,72500,0.0,0.0
2024-10-04 11:15:00+09:00,1176.0,1180.0,1176.0,1179.0,88100,0.0,0.0
2024-10-04 11:20:00+09:00,1179.0,1180.0,1177.0,1178.0,57000,0.0,0.0
2024-10-04 11:25:00+09:00,1178.0,1182.0,1178.0,1182.0,47000,0.0,0.0
2024-10-04 11:30:00+09:00,1179.0,1179.0,1179.0,1179.0,6500,0.0,0.0
2024-10-04 11:35:00+09:00,1179.0,1179.0,1179.0,1179.0,0,0.0,0.0
2024-10-04 12:30:00+09:00,1180.0,1180.0,1174.0,1174.0,3654400,0.0,0.0
2024-10-04 12:35:00+09:00,1174.0,1181.0,1174.0,1177.0,94000,0.0,0.0
2024-10-04 12:40:00+09:00,1176.0,1182.0,1176.0,1180.0,277200,0.0,0.0
2024-10-04 12:45:00+09:00,1180.0,1182.0,1179.0,1181.0,69100,0.0,0.0
2024-10-04 12:50:00+09:00,1181.0,1184.0,1180.0,1180.0,62700,0.0,0.0
2024-10-04 12:55:00+09:00,1180.0,1182.0,1178.0,1179.0,126300,0.0,0.0
2024-10-04 13:00:00+09:00,1179.0,1179.0,1178.0,1179.0,24000,0.0,0.0
2024-10-04 13:05:00+09:00,1179.0,1180.0,1178.0,1179.0,22100,0.0,0.0
2024-10-04 13:10:00+09:00,1179.0,1180.0,1179.0,1180.0,26900,0.0,0.0
2024-10-04 13:15:00+09:00,1179.0,1181.0,1176.0,1176.0,60700,0.0,0.0
2024-10-04 13:20:00+09:00,1176.0,1176.0,1174.0,1174.0,50100,0.0,0.0
2024-10-04 13:25:00+09:00,1174.0,1176.0,1173.0,1176.0,61900,0.0,0.0
2024-10-04 13:30:00+09:00,1176.0,1176.0,1174.0,1176.0,27800,0.0,0.0
2024-10-04 13:35:00+09:00,1176.0,1178.0,1176.0,1178.0,38200,0.0,0.0
2024-10-04 13:40:00+09:00,1178.0,1178.0,1176.0,1177.0,28800,0.0,0.0
2024-10-04 13:45:00+09:00,1176.0,1176.0,1174.0,1175.0,55000,0.0,0.0
2024-10-04 13:50:00+09:00,1174.0,1176.0,1172.0,1176.0,78400,0.0,0.0
2024-10-04 13:55:00+09:00,1176.0,1176.0,1171.0,1171.0,64200,0.0,0.0
2024-10-04 14:00:00+09:00,1171.0,1173.0,1169.0,1173.0,46900,0.0,0.0
2024-10-04 14:05:00+09:00,1173.0,1176.0,1173.0,1175.0,48300,0.0,0.0
2024-10-04 14:10:00+09:00,1175.0,1175.0,1174.0,1174.0,22000,0.0,0.0
2024-10-04 14:15:00+09:00,1175.0,1175.0,1173.0,1174.0,50100,0.0,0.0
2024-10-04 14:20:00+09:00,1174.0,1176.0,1174.0,1174.0,37300,0.0,0.0
2024-10-04 14:25:00+09:00,1173.0,1174.0,1172.0,1173.0,51100,0.0,0.0
2024-10-04 14:30:00+09:00,1174.0,1177.0,1173.0,1174.0,82900,0.0,0.0
2024-10-04 14:35:00+09:00,1173.0,1176.0,1173.0,1174.0,68600,0.0,0.0
2024-10-04 14:40:00+09:00,1174.0,1178.0,1173.0,1176.0,89300,0.0,0.0
2024-10-04 14:45:00+09:00,1176.0,1178.0,1175.0,1176.0,96200,0.0,0.0
2024-10-04 14:50:00+09:00,1176.0,1179.0,1175.0,1178.0,62000,0.0,0.0
2024-10-04 14:55:00+09:00,1178.0,1181.0,1177.0,1181.0,198000,0.0,0.0
2024-10-07 09:00:00+09:00,1211.0,1235.0,1205.0,1222.0,1225100,0.0,0.0
2024-10-07 09:05:00+09:00,1222.0,1222.0,1208.0,1214.0,514400,0.0,0.0
2024-10-07 09:10:00+09:00,1214.0,1220.0,1211.0,1214.0,249400,0.0,0.0
2024-10-07 09:15:00+09:00,1213.0,1215.0,1207.0,1211.0,277500,0.0,0.0
2024-10-07 09:20:00+09:00,1210.0,1210.0,1195.0,1197.0,364500,0.0,0.0
2024-10-07 09:25:00+09:00,1197.0,1208.0,1196.0,1204.0,248600,0.0,0.0
2024-10-07 09:30:00+09:00,1204.0,1212.0,1204.0,1207.0,177200,0.0,0.0
2024-10-07 09:35:00+09:00,1207.0,1208.0,1202.0,1207.0,109800,0.0,0.0
2024-10-07 09:40:00+09:00,1207.0,1211.0,1207.0,1210.0,99700,0.0,0.0
2024-10-07 09:45:00+09:00,1210.0,1212.0,1207.0,1210.0,87200,0.0,0.0
2024-10-07 09:50:00+09:00,1210.0,1211.0,1205.0,1205.0,77900,0.0,0.0
2024-10-07 09:55:00+09:00,1204.0,1206.0,1203.0,1204.0,91800,0.0,0.0
2024-10-07 10:00:00+09:00,1204.0,1204.0,1200.0,1201.0,105600,0.0,0.0
2024-10-07 10:05:00+09:00,1202.0,1205.0,1202.0,1204.0,52300,0.0,0.0
2024-10-07 10:10:00+09:00,1203.0,1206.0,1202.0,1206.0,82400,0.0,0.0
2024-10-07 10:15:00+09:00,1206.0,1208.0,1205.0,1205.0,49000,0.0,0.0
2024-10-07 10:20:00+09:00,1206.0,1206.0,1204.0,1204.0,35000,0.0,0.0
2024-10-07 10:25:00+09:00,1204.0,1204.0,1200.0,1201.0,92500,0.0,0.0
2024-10-07 10:30:00+09:00,1200.0,1204.0,1200.0,1200.0,88500,0.0,0.0
2024-10-07 10:35:00+09:00,1200.0,1200.0,1195.0,1195.0,176700,0.0,0.0
2024-10-07 10:40:00+09:00,1195.0,1198.0,1194.0,1194.0,57700,0.0,0.0
2024-10-07 10:45:00+09:00,1194.0,1197.0,1193.0,1194.0,72200,0.0,0.0
2024-10-07 10:50:00+09:00,1193.0,1197.0,1191.0,1197.0,66100,0.0,0.0
2024-10-07 10:55:00+09:00,1196.0,1199.0,1195.0,1196.0,68800,0.0,0.0
2024-10-07 11:00:00+09:00,1196.0,1198.0,1196.0,1196.0,34500,0.0,0.0
2024-10-07 11:05:00+09:00,1197.0,1197.0,1195.0,1196.0,19200,0.0,0.0
2024-10-07 11:10:00+09:00,1196.0,1197.0,1195.0,1196.0,45900,0.0,0.0
2024-10-07 11:15:00+09:00,1195.0,1195.0,1193.0,1195.0,42000,0.0,0.0
2024-10-07 11:20:00+09:00,1195.0,1195.0,1192.0,1193.0,74500,0.0,0.0
2024-10-07 11:25:00+09:00,1193.0,1193.0,1191.0,1191.0,59900,0.0,0.0
2024-10-07 11:30:00+09:00,1192.0,1192.0,1192.0,1192.0,8800,0.0,0.0
2024-10-07 11:35:00+09:00,1192.0,1192.0,1192.0,1192.0,0,0.0,0.0
2024-10-07 12:30:00+09:00,1194.0,1204.0,1194.0,1200.0,5106800,0.0,0.0
2024-10-07 12:35:00+09:00,1201.0,1207.0,1198.0,1206.0,152000,0.0,0.0
2024-10-07 12:40:00+09:00,1207.0,1207.0,1204.0,1207.0,78900,0.0,0.0
2024-10-07 12:45:00+09:00,1207.0,1207.0,1202.0,1203.0,58800,0.0,0.0
2024-10-07 12:50:00+09:00,1202.0,1206.0,1202.0,1206.0,46400,0.0,0.0
2024-10-07 12:55:00+09:00,1206.0,1207.0,1203.0,1205.0,77500,0.0,0.0
2024-10-07 13:00:00+09:00,1204.0,1205.0,1200.0,1202.0,49000,0.0,0.0
2024-10-07 13:05:00+09:00,1202.0,1203.0,1201.0,1203.0,47000,0.0,0.0
2024-10-07 13:10:00+09:00,1202.0,1202.0,1200.0,1202.0,38200,0.0,0.0
2024-10-07 13:15:00+09:00,1202.0,1203.0,1201.0,1203.0,43500,0.0,0.0
2024-10-07 13:20:00+09:00,1204.0,1208.0,1203.0,1207.0,74100,0.0,0.0
2024-10-07 13:25:00+09:00,1206.0,1211.0,1206.0,1209.0,159500,0.0,0.0
2024-10-07 13:30:00+09:00,1209.0,1213.0,1209.0,1211.0,56900,0.0,0.0
2024-10-07 13:35:00+09:00,1212.0,1212.0,1210.0,1210.0,40300,0.0,0.0
2024-10-07 13:40:00+09:00,1209.0,1211.0,1209.0,1211.0,37500,0.0,0.0
2024-10-07 13:45:00+09:00,1211.0,1212.0,1210.0,1210.0,32100,0.0,0.0
2024-10-07 13:50:00+09:00,1210.0,1213.0,1209.0,1212.0,61600,0.0,0.0
2024-10-07 13:55:00+09:00,1213.0,1213.0,1211.0,1212.0,36000,0.0,0.0
2024-10-07 14:00:00+09:00,1212.0,1216.0,1211.0,1215.0,110400,0.0,0.0
2024-10-07 14:05:00+09:00,1214.0,1216.0,1213.0,1216.0,37200,0.0,0.0
2024-10-07 14:10:00+09:00,1217.0,1218.0,1216.0,1216.0,47500,0.0,0.0
2024-10-07 14:15:00+09:00,1216.0,1217.0,1214.0,1217.0,48700,0.0,0.0
2024-10-07 14:20:00+09:00,1217.0,1221.0,1216.0,1220.0,154700,0.0,0.0
2024-10-07 14:25:00+09:00,1220.0,1222.0,1220.0,1221.0,52600,0.0,0.0
2024-10-07 14:30:00+09:00,1220.0,1222.0,1219.0,1219.0,93900,0.0,0.0
2024-10-07 14:35:00+09:00,1220.0,1220.0,1218.0,1219.0,54700,0.0,0.0
2024-10-07 14:40:00+09:00,1219.0,1221.0,1216.0,1216.0,84100,0.0,0.0
2024-10-07 14:45:00+09:00,1216.0,1216.0,1212.0,1213.0,128600,0.0,0.0
2024-10-07 14:50:00+09:00,1212.0,1217.0,1212.0,1214.0,114000,0.0,0.0
2024-10-07 14:55:00+09:00,1213.0,1215.0,1209.0,1211.0,173300,0.0,0.0
2024-10-08 09:00:00+09:00,1200.0,1201.0,1188.0,1194.0,605800,0.0,0.0
2024-10-08 09:05:00+09:00,1194.0,1197.0,1190.0,1190.0,142600,0.0,0.0
2024-10-08 09:10:00+09:00,1190.0,1191.0,1185.0,1186.0,186600,0.0,0.0
2024-10-08 09:15:00+09:00,1186.0,1191.0,1186.0,1191.0,101900,0.0,0.0
2024-10-08 09:20:00+09:00,1190.0,1190.0,1183.0,1185.0,158700,0.0,0.0
2024-10-08 09:25:00+09:00,1185.0,1185.0,1179.0,1180.0,182600,0.0,0.0
2024-10-08 09:30:00+09:00,1180.0,1184.0,1179.0,1182.0,90300,0.0,0.0
2024-10-08 09:35:00+09:00,1181.0,1182.0,1175.0,1178.0,233700,0.0,0.0
2024-10-08 09:40:00+09:00,1178.0,1180.0,1176.0,1177.0,126800,0.0,0.0
2024-10-08 09:45:00+09:00,1177.0,1178.0,1175.0,1176.0,63000,0.0,0.0
2024-10-08 09:50:00+09:00,1177.0,1179.0,1173.0,1175.0,164400,0.0,0.0
2024-10-08 09:55:00+09:00,1176.0,1178.0,1174.0,1177.0,188300,0.0,0.0
2024-10-08 10:00:00+09:00,1177.0,1178.0,1174.0,1178.0,67200,0.0,0.0
2024-10-08 10:05:00+09:00,1178.0,1179.0,1176.0,1178.0,62300,0.0,0.0
2024-10-08 10:10:00+09:00,1179.0,1182.0,1177.0,1177.0,173100,0.0,0.0
2024-10-08 10:15:00+09:00,1177.0,1177.0,1174.0,1175.0,111200,0.0,0.0
2024-10-08 10:20:00+09:00,1176.0,1177.0,1175.0,1177.0,61000,0.0,0.0
2024-10-08 10:25:00+09:00,1177.0,1179.0,1176.0,1178.0,28000,0.0,0.0
2024-10-08 10:30:00+09:00,1178.0,1178.0,1171.0,1172.0,236400,0.0,0.0
2024-10-08 10:35:00+09:00,1171.0,1174.0,1170.0,1171.0,62800,0.0,0.0
2024-10-08 10:40:00+09:00,1171.0,1171.0,1168.0,1168.0,147100,0.0,0.0
2024-10-08 10:45:00+09:00,1168.0,1168.0,1166.0,1167.0,97500,0.0,0.0
2024-10-08 10:50:00+09:00,1167.0,1168.0,1165.0,1167.0,69200,0.0,0.0
2024-10-08 10:55:00+09:00,1166.0,1169.0,1166.0,1166.0,26000,0.0,0.0
2024-10-08 11:00:00+09:00,1166.0,1167.0,1166.0,1166.0,35300,0.0,0.0
2024-10-08 11:05:00+09:00,1165.0,1166.0,1164.0,1166.0,84400,0.0,0.0
2024-10-08 11:10:00+09:00,1166.0,1168.0,1166.0,1167.0,32600,0.0,0.0
2024-10-08 11:15:00+09:00,1167.0,1168.0,1166.0,1168.0,96900,0.0,0.0
2024-10-08 11:20:00+09:00,1168.0,1168.0,1166.0,1166.0,85500,0.0,0.0
2024-10-08 11:25:00+09:00,1165.0,1169.0,1165.0,1167.0,54800,0.0,0.0
2024-10-08 11:30:00+09:00,1167.0,1167.0,1167.0,1167.0,9300,0.0,0.0
2024-10-08 11:35:00+09:00,1167.0,1167.0,1167.0,1167.0,0,0.0,0.0
2024-10-08 12:30:00+09:00,1168.0,1168.0,1164.0,1165.0,3923400,0.0,0.0
2024-10-08 12:35:00+09:00,1165.0,1165.0,1161.0,1162.0,128500,0.0,0.0
2024-10-08 12:40:00+09:00,1163.0,1167.0,1163.0,1165.0,62400,0.0,0.0
2024-10-08 12:45:00+09:00,1165.0,1166.0,1163.0,1164.0,55600,0.0,0.0
2024-10-08 12:50:00+09:00,1164.0,1164.0,1162.0,1163.0,21500,0.0,0.0
2024-10-08 12:55:00+09:00,1163.0,1164.0,1162.0,1164.0,60100,0.0,0.0
2024-10-08 13:00:00+09:00,1163.0,1164.0,1163.0,1164.0,41900,0.0,0.0
2024-10-08 13:05:00+09:00,1163.0,1164.0,1162.0,1162.0,36100,0.0,0.0
2024-10-08 13:10:00+09:00,1162.0,1163.0,1161.0,1162.0,62400,0.0,0.0
2024-10-08 13:15:00+09:00,1162.0,1165.0,1162.0,1164.0,51000,0.0,0.0
2024-10-08 13:20:00+09:00,1164.0,1164.0,1162.0,1164.0,110100,0.0,0.0
2024-10-08 13:25:00+09:00,1164.0,1166.0,1163.0,1164.0,52700,0.0,0.0
2024-10-08 13:30:00+09:00,1164.0,1164.0,1162.0,1164.0,60500,0.0,0.0
2024-10-08 13:35:00+09:00,1164.0,1165.0,1163.0,1164.0,38700,0.0,0.0
2024-10-08 13:40:00+09:00,1164.0,1165.0,1163.0,1164.0,43200,0.0,0.0
2024-10-08 13:45:00+09:00,1165.0,1165.0,1164.0,1165.0,54400,0.0,0.0
2024-10-08 13:50:00+09:00,1165.0,1165.0,1163.0,1164.0,33400,0.0,0.0
2024-10-08 13:55:00+09:00,1164.0,1166.0,1162.0,1166.0,111200,0.0,0.0
2024-10-08 14:00:00+09:00,1166.0,1170.0,1164.0,1169.0,87500,0.0,0.0
2024-10-08 14:05:00+09:00,1168.0,1169.0,1166.0,1166.0,68600,0.0,0.0
2024-10-08 14:10:00+09:00,1166.0,1167.0,1166.0,1166.0,26800,0.0,0.0
2024-10-08 14:15:00+09:00,1166.0,1167.0,1166.0,1166.0,33700,0.0,0.0
2024-10-08 14:20:00+09:00,1166.0,1166.0,1164.0,1164.0,46000,0.0,0.0
2024-10-08 14:25:00+09:00,1163.0,1164.0,1161.0,1163.0,89100,0.0,0.0
2024-10-08 14:30:00+09:00,1163.0,1165.0,1163.0,1165.0,46500,0.0,0.0
2024-10-08 14:35:00+09:00,1165.0,1166.0,1163.0,1164.0,41800,0.0,0.0
2024-10-08 14:40:00+09:00,1164.0,1168.0,1164.0,1168.0,64500,0.0,0.0
2024-10-08 14:45:00+09:00,1167.0,1167.0,1165.0,1166.0,88900,0.0,0.0
2024-10-08 14:50:00+09:00,1165.0,1166.0,1162.0,1163.0,115300,0.0,0.0
2024-10-08 14:55:00+09:00,1163.0,1168.0,1162.0,1167.0,176200,0.0,0.0
2024-10-09 09:00:00+09:00,1168.0,1175.0,1156.0,1166.0,659000,0.0,0.0
2024-10-09 09:05:00+09:00,1166.0,1166.0,1158.0,1159.0,158800,0.0,0.0
2024-10-09 09:10:00+09:00,1158.0,1162.0,1155.0,1160.0,155300,0.0,0.0
2024-10-09 09:15:00+09:00,1161.0,1162.0,1156.0,1156.0,89000,0.0,0.0
2024-10-09 09:20:00+09:00,1156.0,1156.0,1149.0,1154.0,223100,0.0,0.0
2024-10-09 09:25:00+09:00,1154.0,1156.0,1152.0,1154.0,92700,0.0,0.0
2024-10-09 09:30:00+09:00,1154.0,1155.0,1152.0,1153.0,60700,0.0,0.0
2024-10-09 09:35:00+09:00,1152.0,1154.0,1151.0,1151.0,56600,0.0,0.0
2024-10-09 09:40:00+09:00,1152.0,1153.0,1151.0,1152.0,40500,0.0,0.0
2024-10-09 09:45:00+09:00,1152.0,1156.0,1151.0,1155.0,55500,0.0,0.0
2024-10-09 09:50:00+09:00,1154.0,1155.0,1152.0,1153.0,58800,0.0,0.0
2024-10-09 09:55:00+09:00,1153.0,1155.0,1153.0,1154.0,41000,0.0,0.0
2024-10-09 10:00:00+09:00,1154.0,1159.0,1154.0,1159.0,79600,0.0,0.0
2024-10-09 10:05:00+09:00,1160.0,1161.0,1157.0,1157.0,62300,0.0,0.0
2024-10-09 10:10:00+09:00,1157.0,1159.0,1156.0,1157.0,33000,0.0,0.0
2024-10-09 10:15:00+09:00,1157.0,1157.0,1154.0,1154.0,43400,0.0,0.0
2024-10-09 10:20:00+09:00,1154.0,1156.0,1153.0,1154.0,22500,0.0,0.0
2024-10-09 10:25:00+09:00,1154.0,1156.0,1154.0,1156.0,29200,0.0,0.0
2024-10-09 10:30:00+09:00,1156.0,1159.0,1155.0,1156.0,85200,0.0,0.0
2024-10-09 10:35:00+09:00,1156.0,1158.0,1156.0,1158.0,22700,0.0,0.0
2024-10-09 10:40:00+09:00,1158.0,1164.0,1158.0,1163.0,116700,0.0,0.0
2024-10-09 10:45:00+09:00,1163.0,1164.0,1159.0,1162.0,40000,0.0,0.0
2024-10-09 10:50:00+09:00,1162.0,1162.0,1156.0,1157.0,83100,0.0,0.0
2024-10-09 10:55:00+09:00,1156.0,1159.0,1156.0,1157.0,23900,0.0,0.0
2024-10-09 11:00:00+09:00,1157.0,1157.0,1153.0,1153.0,62500,0.0,0.0
2024-10-09 11:05:00+09:00,1153.0,1153.0,1151.0,1151.0,58100,0.0,0.0
2024-10-09 11:10:00+09:00,1151.0,1153.0,1150.0,1152.0,41900,0.0,0.0
2024-10-09 11:15:00+09:00,1153.0,1153.0,1152.0,1153.0,24000,0.0,0.0
2024-10-09 11:20:00+09:00,1153.0,1154.0,1152.0,1153.0,27100,0.0,0.0
2024-10-09 11:25:00+09:00,1153.0,1155.0,1152.0,1153.0,38400,0.0,0.0
2024-10-09 11:30:00+09:00,1153.0,1153.0,1153.0,1153.0,16900,0.0,0.0
2024-10-09 11:35:00+09:00,1153.0,1153.0,1153.0,1153.0,0,0.0,0.0
2024-10-09 12:30:00+09:00,1153.0,1153.0,1148.0,1150.0,2808900,0.0,0.0
2024-10-09 12:35:00+09:00,1149.0,1151.0,1149.0,1149.0,59500,0.0,0.0
2024-10-09 12:40:00+09:00,1149.0,1150.0,1148.0,1149.0,24100,0.0,0.0
2024-10-09 12:45:00+09:00,1149.0,1150.0,1148.0,1149.0,26700,0.0,0.0
2024-10-09 12:50:00+09:00,1149.0,1150.0,1147.0,1150.0,54200,0.0,0.0
2024-10-09 12:55:00+09:00,1150.0,1150.0,1148.0,1148.0,33000,0.0,0.0
2024-10-09 13:00:00+09:00,1148.0,1148.0,1147.0,1148.0,16600,0.0,0.0
2024-10-09 13:05:00+09:00,1148.0,1148.0,1145.0,1146.0,54500,0.0,0.0
2024-10-09 13:10:00+09:00,1147.0,1147.0,1143.0,1144.0,63500,0.0,0.0
2024-10-09 13:15:00+09:00,1144.0,1145.0,1143.0,1144.0,22800,0.0,0.0
2024-10-09 13:20:00+09:00,1144.0,1146.0,1144.0,1146.0,19000,0.0,0.0
2024-10-09 13:25:00+09:00,1145.0,1147.0,1145.0,1146.0,26200,0.0,0.0
2024-10-09 13:30:00+09:00,1146.0,1148.0,1146.0,1148.0,56200,0.0,0.0
2024-10-09 13:35:00+09:00,1148.0,1148.0,1144.0,1146.0,32600,0.0,0.0
2024-10-09 13:40:00+09:00,1146.0,1146.0,1143.0,1146.0,44300,0.0,0.0
2024-10-09 13:45:00+09:00,1145.0,1145.0,1144.0,1144.0,18600,0.0,0.0
2024-10-09 13:50:00+09:00,1144.0,1144.0,1142.0,1144.0,69100,0.0,0.0
2024-10-09 13:55:00+09:00,1145.0,1146.0,1143.0,1145.0,16900,0.0,0.0
2024-10-09 14:00:00+09:00,1146.0,1148.0,1144.0,1148.0,77300,0.0,0.0
2024-10-09 14:05:00+09:00,1148.0,1149.0,1147.0,1147.0,54100,0.0,0.0
2024-10-09 14:10:00+09:00,1147.0,1148.0,1146.0,1146.0,28500,0.0,0.0
2024-10-09 14:15:00+09:00,1145.0,1147.0,1145.0,1146.0,55500,0.0,0.0
2024-10-09 14:20:00+09:00,1146.0,1147.0,1146.0,1146.0,28400,0.0,0.0
2024-10-09 14:25:00+09:00,1147.0,1147.0,1146.0,1146.0,37200,0.0,0.0
2024-10-09 14:30:00+09:00,1146.0,1147.0,1146.0,1146.0,29500,0.0,0.0
2024-10-09 14:35:00+09:00,1147.0,1149.0,1147.0,1148.0,61300,0.0,0.0
2024-10-09 14:40:00+09:00,1148.0,1149.0,1147.0,1149.0,32000,0.0,0.0
2024-10-09 14:45:00+09:00,1149.0,1150.0,1148.0,1149.0,81300,0.0,0.0
2024-10-09 14:50:00+09:00,1149.0,1149.0,1146.0,1147.0,93100,0.0,0.0
2024-10-09 14:55:00+09:00,1148.0,1152.0,1147.0,1150.0,189700,0.0,0.0
2024-10-10 09:00:00+09:00,1136.0,1152.0,1131.0,1148.0,517800,0.0,0.0
2024-10-10 09:05:00+09:00,1148.0,1150.0,1136.0,1137.0,191200,0.0,0.0
2024-10-10 09:10:00+09:00,1137.0,1142.0,1133.0,1134.0,162200,0.0,0.0
2024-10-10 09:15:00+09:00,1135.0,1138.0,1133.0,1133.0,102800,0.0,0.0
2024-10-10 09:20:00+09:00,1133.0,1133.0,1126.0,1129.0,188000,0.0,0.0
2024-10-10 09:25:00+09:00,1129.0,1131.0,1125.0,1127.0,166200,0.0,0.0
2024-10-10 09:30:00+09:00,1128.0,1130.0,1126.0,1128.0,142700,0.0,0.0
2024-10-10 09:35:00+09:00,1128.0,1134.0,1128.0,1133.0,223500,0.0,0.0
2024-10-10 09:40:00+09:00,1134.0,1142.0,1133.0,1141.0,155800,0.0,0.0
2024-10-10 09:45:00+09:00,1141.0,1146.0,1141.0,1145.0,116600,0.0,0.0
2024-10-10 09:50:00+09:00,1144.0,1146.0,1141.0,1142.0,161300,0.0,0.0
2024-10-10 09:55:00+09:00,1143.0,1143.0,1138.0,1139.0,73900,0.0,0.0
2024-10-10 10:00:00+09:00,1139.0,1141.0,1137.0,1140.0,83200,0.0,0.0
2024-10-10 10:05:00+09:00,1140.0,1141.0,1138.0,1140.0,51000,0.0,0.0
2024-10-10 10:10:00+09:00,1140.0,1141.0,1138.0,1139.0,29500,0.0,0.0
2024-10-10 10:15:00+09:00,1139.0,1139.0,1136.0,1137.0,52800,0.0,0.0
2024-10-10 10:20:00+09:00,1137.0,1138.0,1135.0,1138.0,39600,0.0,0.0
2024-10-10 10:25:00+09:00,1138.0,1138.0,1136.0,1137.0,13100,0.0,0.0
2024-10-10 10:30:00+09:00,1137.0,1138.0,1135.0,1136.0,44000,0.0,0.0
2024-10-10 10:35:00+09:00,1136.0,1136.0,1133.0,1135.0,41000,0.0,0.0
2024-10-10 10:40:00+09:00,1135.0,1136.0,1133.0,1133.0,31700,0.0,0.0
2024-10-10 10:45:00+09:00,1133.0,1133.0,1131.0,1132.0,60100,0.0,0.0
2024-10-10 10:50:00+09:00,1131.0,1135.0,1131.0,1135.0,45300,0.0,0.0
2024-10-10 10:55:00+09:00,1135.0,1136.0,1135.0,1135.0,12500,0.0,0.0
2024-10-10 11:00:00+09:00,1135.0,1135.0,1133.0,1134.0,23500,0.0,0.0
2024-10-10 11:05:00+09:00,1135.0,1136.0,1132.0,1132.0,64400,0.0,0.0
2024-10-10 11:10:00+09:00,1132.0,1137.0,1132.0,1136.0,82200,0.0,0.0
2024-10-10 11:15:00+09:00,1136.0,1136.0,1133.0,1135.0,31300,0.0,0.0
2024-10-10 11:20:00+09:00,1136.0,1136.0,1133.0,1134.0,32700,0.0,0.0
2024-10-10 11:25:00+09:00,1134.0,1135.0,1132.0,1135.0,43800,0.0,0.0
2024-10-10 11:30:00+09:00,1134.0,1134.0,1134.0,1134.0,15800,0.0,0.0
2024-10-10 11:35:00+09:00,1134.0,1134.0,1134.0,1134.0,0,0.0,0.0
2024-10-10 12:30:00+09:00,1135.0,1135.0,1131.0,1134.0,3091900,0.0,0.0
2024-10-10 12:35:00+09:00,1134.0,1137.0,1134.0,1135.0,58500,0.0,0.0
2024-10-10 12:40:00+09:00,1135.0,1136.0,1134.0,1135.0,30600,0.0,0.0
2024-10-10 12:45:00+09:00,1135.0,1137.0,1135.0,1137.0,41400,0.0,0.0
2024-10-10 12:50:00+09:00,1137.0,1140.0,1137.0,1139.0,81900,0.0,0.0
2024-10-10 12:55:00+09:00,1139.0,1141.0,1139.0,1139.0,96400,0.0,0.0
2024-10-10 13:00:00+09:00,1139.0,1141.0,1138.0,1141.0,39900,0.0,0.0
2024-10-10 13:05:00+09:00,1141.0,1141.0,1137.0,1138.0,39400,0.0,0.0
2024-10-10 13:10:00+09:00,1137.0,1139.0,1137.0,1139.0,7800,0.0,0.0
2024-10-10 13:15:00+09:00,1139.0,1140.0,1139.0,1139.0,30000,0.0,0.0
2024-10-10 13:20:00+09:00,1139.0,1141.0,1139.0,1139.0,28200,0.0,0.0
2024-10-10 13:25:00+09:00,1140.0,1140.0,1137.0,1139.0,33300,0.0,0.0
2024-10-10 13:30:00+09:00,1140.0,1141.0,1140.0,1141.0,36400,0.0,0.0
2024-10-10 13:35:00+09:00,1141.0,1142.0,1139.0,1139.0,30500,0.0,0.0
2024-10-10 13:40:00+09:00,1139.0,1140.0,1139.0,1140.0,18100,0.0,0.0
2024-10-10 13:45:00+09:00,1139.0,1139.0,1138.0,1139.0,11800,0.0,0.0
2024-10-10 13:50:00+09:00,1139.0,1139.0,1138.0,1139.0,10600,0.0,0.0
2024-10-10 13:55:00+09:00,1139.0,1140.0,1139.0,1140.0,24200,0.0,0.0
2024-10-10 14:00:00+09:00,1140.0,1140.0,1138.0,1138.0,40800,0.0,0.0
2024-10-10 14:05:00+09:00,1139.0,1139.0,1137.0,1137.0,60700,0.0,0.0
2024-10-10 14:10:00+09:00,1137.0,1138.0,1136.0,1137.0,11000,0.0,0.0
2024-10-10 14:15:00+09:00,1138.0,1138.0,1136.0,1137.0,37000,0.0,0.0
2024-10-10 14:20:00+09:00,1137.0,1137.0,1135.0,1135.0,29300,0.0,0.0
2024-10-10 14:25:00+09:00,1136.0,1136.0,1132.0,1134.0,65000,0.0,0.0
2024-10-10 14:30:00+09:00,1133.0,1135.0,1133.0,1134.0,37100,0.0,0.0
2024-10-10 14:35:00+09:00,1135.0,1135.0,1133.0,1133.0,32600,0.0,0.0
2024-10-10 14:40:00+09:00,1132.0,1133.0,1127.0,1129.0,186400,0.0,0.0
2024-10-10 14:45:00+09:00,1129.0,1132.0,1129.0,1130.0,148400,0.0,0.0
2024-10-10 14:50:00+09:00,1130.0,1131.0,1129.0,1130.0,92200,0.0,0.0
2024-10-10 14:55:00+09:00,1129.0,1130.0,1127.0,1129.0,179100,0.0,0.0
2024-10-11 09:00:00+09:00,1138.0,1144.0,1128.0,1131.0,459200,0.0,0.0
2024-10-11 09:05:00+09:00,1132.0,1137.0,1130.0,1135.0,126800,0.0,0.0
2024-10-11 09:10:00+09:00,1136.0,1140.0,1134.0,1136.0,121400,0.0,0.0
2024-10-11 09:15:00+09:00,1135.0,1139.0,1133.0,1137.0,68600,0.0,0.0
2024-10-11 09:20:00+09:00,1137.0,1138.0,1135.0,1137.0,33800,0.0,0.0
2024-10-11 09:25:00+09:00,1137.0,1137.0,1132.0,1132.0,87800,0.0,0.0
2024-10-11 09:30:00+09:00,1132.0,1132.0,1130.0,1131.0,29500,0.0,0.0
2024-10-11 09:35:00+09:00,1131.0,1133.0,1129.0,1132.0,37000,0.0,0.0
2024-10-11 09:40:00+09:00,1132.0,1134.0,1132.0,1132.0,23500,0.0,0.0
2024-10-11 09:45:00+09:00,1133.0,1134.0,1132.0,1132.0,20900,0.0,0.0
2024-10-11 09:50:00+09:00,1132.0,1134.0,1131.0,1133.0,21700,0.0,0.0
2024-10-11 09:55:00+09:00,1133.0,1134.0,1132.0,1133.0,26300,0.0,0.0
2024-10-11 10:00:00+09:00,1133.0,1134.0,1133.0,1133.0,16900,0.0,0.0
2024-10-11 10:05:00+09:00,1133.0,1134.0,1132.0,1133.0,9700,0.0,0.0
2024-10-11 10:10:00+09:00,1133.0,1139.0,1133.0,1138.0,71800,0.0,0.0
2024-10-11 10:15:00+09:00,1138.0,1141.0,1138.0,1139.0,55300,0.0,0.0
2024-10-11 10:20:00+09:00,1139.0,1144.0,1138.0,1144.0,85500,0.0,0.0
2024-10-11 10:25:00+09:00,1144.0,1151.0,1143.0,1149.0,148500,0.0,0.0
2024-10-11 10:30:00+09:00,1148.0,1149.0,1144.0,1146.0,132000,0.0,0.0
2024-10-11 10:35:00+09:00,1147.0,1148.0,1143.0,1143.0,54700,0.0,0.0
2024-10-11 10:40:00+09:00,1143.0,1146.0,1143.0,1146.0,28600,0.0,0.0
2024-10-11 10:45:00+09:00,1145.0,1146.0,1141.0,1142.0,106700,0.0,0.0
2024-10-11 10:50:00+09:00,1142.0,1143.0,1139.0,1143.0,36000,0.0,0.0
2024-10-11 10:55:00+09:00,1143.0,1145.0,1143.0,1144.0,43500,0.0,0.0
2024-10-11 11:00:00+09:00,1143.0,1147.0,1140.0,1145.0,101800,0.0,0.0
2024-10-11 11:05:00+09:00,1145.0,1145.0,1143.0,1144.0,63100,0.0,0.0
2024-10-11 11:10:00+09:00,1145.0,1145.0,1142.0,1143.0,21600,0.0,0.0
2024-10-11 11:15:00+09:00,1143.0,1144.0,1143.0,1144.0,27300,0.0,0.0
2024-10-11 11:20:00+09:00,1145.0,1145.0,1144.0,1145.0,32600,0.0,0.0
2024-10-11 11:25:00+09:00,1146.0,1150.0,1146.0,1146.0,105900,0.0,0.0
2024-10-11 11:30:00+09:00,1147.0,1147.0,1147.0,1147.0,1300,0.0,0.0
2024-10-11 11:35:00+09:00,1147.0,1147.0,1147.0,1147.0,0,0.0,0.0
2024-10-11 12:30:00+09:00,1147.0,1147.0,1139.0,1141.0,2403100,0.0,0.0
2024-10-11 12:35:00+09:00,1141.0,1142.0,1140.0,1141.0,45900,0.0,0.0
2024-10-11 12:40:00+09:00,1141.0,1143.0,1140.0,1141.0,16000,0.0,0.0
2024-10-11 12:45:00+09:00,1141.0,1142.0,1139.0,1140.0,63500,0.0,0.0
2024-10-11 12:50:00+09:00,1140.0,1140.0,1138.0,1138.0,24000,0.0,0.0
2024-10-11 12:55:00+09:00,1138.0,1139.0,1138.0,1138.0,48600,0.0,0.0
2024-10-11 13:00:00+09:00,1138.0,1138.0,1136.0,1136.0,49100,0.0,0.0
2024-10-11 13:05:00+09:00,1136.0,1140.0,1135.0,1140.0,48400,0.0,0.0
2024-10-11 13:10:00+09:00,1139.0,1140.0,1138.0,1139.0,3300,0.0,0.0
2024-10-11 13:15:00+09:00,1139.0,1140.0,1137.0,1137.0,33400,0.0,0.0
2024-10-11 13:20:00+09:00,1137.0,1138.0,1137.0,1137.0,26200,0.0,0.0
2024-10-11 13:25:00+09:00,1137.0,1139.0,1137.0,1139.0,23600,0.0,0.0
2024-10-11 13:30:00+09:00,1139.0,1139.0,1138.0,1138.0,14200,0.0,0.0
2024-10-11 13:35:00+09:00,1138.0,1139.0,1137.0,1139.0,14200,0.0,0.0
2024-10-11 13:40:00+09:00,1139.0,1140.0,1137.0,1137.0,49200,0.0,0.0
2024-10-11 13:45:00+09:00,1138.0,1140.0,1137.0,1138.0,22300,0.0,0.0
2024-10-11 13:50:00+09:00,1138.0,1139.0,1138.0,1139.0,18600,0.0,0.0
2024-10-11 13:55:00+09:00,1139.0,1139.0,1138.0,1139.0,14600,0.0,0.0
2024-10-11 14:00:00+09:00,1139.0,1139.0,1138.0,1138.0,40300,0.0,0.0
2024-10-11 14:05:00+09:00,1138.0,1138.0,1134.0,1135.0,75600,0.0,0.0
2024-10-11 14:10:00+09:00,1135.0,1136.0,1134.0,1135.0,30100,0.0,0.0
2024-10-11 14:15:00+09:00,1135.0,1136.0,1134.0,1135.0,43900,0.0,0.0
2024-10-11 14:20:00+09:00,1136.0,1136.0,1134.0,1134.0,16900,0.0,0.0
2024-10-11 14:25:00+09:00,1133.0,1134.0,1132.0,1134.0,42300,0.0,0.0
2024-10-11 14:30:00+09:00,1133.0,1133.0,1131.0,1132.0,66100,0.0,0.0
2024-10-11 14:35:00+09:00,1133.0,1134.0,1132.0,1133.0,25200,0.0,0.0
2024-10-11 14:40:00+09:00,1134.0,1134.0,1131.0,1131.0,43500,0.0,0.0
2024-10-11 14:45:00+09:00,1132.0,1132.0,1130.0,1130.0,42300,0.0,0.0
2024-10-11 14:50:00+09:00,1130.0,1131.0,1128.0,1128.0,96600,0.0,0.0
2024-10-11 14:55:00+09:00,1128.0,1130.0,1127.0,1129.0,205600,0.0,0.0
2024-10-15 09:00:00+09:00,1147.0,1149.0,1134.0,1138.0,340500,0.0,0.0
2024-10-15 09:05:00+09:00,1138.0,1142.0,1132.0,1133.0,145300,0.0,0.0
2024-10-15 09:10:00+09:00,1133.0,1135.0,1126.0,1129.0,161700,0.0,0.0
2024-10-15 09:15:00+09:00,1129.0,1133.0,1129.0,1130.0,102900,0.0,0.0
2024-10-15 09:20:00+09:00,1129.0,1130.0,1125.0,1129.0,73700,0.0,0.0
2024-10-15 09:25:00+09:00,1128.0,1130.0,1125.0,1129.0,91500,0.0,0.0
2024-10-15 09:30:00+09:00,1130.0,1130.0,1123.0,1123.0,151600,0.0,0.0
2024-10-15 09:35:00+09:00,1123.0,1124.0,1120.0,1124.0,85700,0.0,0.0
2024-10-15 09:40:00+09:00,1124.0,1125.0,1121.0,1122.0,42500,0.0,0.0
2024-10-15 09:45:00+09:00,1121.0,1121.0,1117.0,1119.0,143900,0.0,0.0
2024-10-15 09:50:00+09:00,1119.0,1119.0,1112.0,1118.0,278200,0.0,0.0
2024-10-15 09:55:00+09:00,1118.0,1122.0,1118.0,1121.0,61200,0.0,0.0
2024-10-15 10:00:00+09:00,1121.0,1122.0,1120.0,1121.0,35700,0.0,0.0
2024-10-15 10:05:00+09:00,1121.0,1128.0,1121.0,1127.0,122300,0.0,0.0
2024-10-15 10:10:00+09:00,1126.0,1131.0,1126.0,1128.0,85100,0.0,0.0
2024-10-15 10:15:00+09:00,1128.0,1130.0,1126.0,1129.0,63000,0.0,0.0
2024-10-15 10:20:00+09:00,1129.0,1129.0,1127.0,1128.0,20800,0.0,0.0
2024-10-15 10:25:00+09:00,1128.0,1133.0,1128.0,1132.0,66200,0.0,0.0
2024-10-15 10:30:00+09:00,1132.0,1136.0,1132.0,1136.0,85000,0.0,0.0
2024-10-15 10:35:00+09:00,1136.0,1143.0,1135.0,1142.0,115000,0.0,0.0
2024-10-15 10:40:00+09:00,1142.0,1144.0,1140.0,1140.0,83800,0.0,0.0
2024-10-15 10:45:00+09:00,1140.0,1141.0,1136.0,1139.0,110400,0.0,0.0
2024-10-15 10:50:00+09:00,1139.0,1142.0,1139.0,1141.0,47900,0.0,0.0
2024-10-15 10:55:00+09:00,1140.0,1141.0,1137.0,1137.0,75500,0.0,0.0
2024-10-15 11:00:00+09:00,1137.0,1140.0,1137.0,1138.0,34000,0.0,0.0
2024-10-15 11:05:00+09:00,1139.0,1139.0,1136.0,1137.0,44000,0.0,0.0
2024-10-15 11:10:00+09:00,1137.0,1141.0,1136.0,1141.0,0,0.0,0.0
2024-10-15 11:15:00+09:00,1141.0,1144.0,1140.0,1143.0,2796800,0.0,0.0
2024-10-15 11:20:00+09:00,1144.0,1145.0,1143.0,1143.0,32700,0.0,0.0
2024-10-15 11:25:00+09:00,1143.0,1146.0,1143.0,1146.0,95700,0.0,0.0
2024-10-15 11:30:00+09:00,1144.0,1144.0,1144.0,1144.0,6000,0.0,0.0
2024-10-15 11:35:00+09:00,1144.0,1144.0,1144.0,1144.0,0,0.0,0.0
2024-10-15 12:30:00+09:00,1146.0,1146.0,1141.0,1141.0,3086200,0.0,0.0
2024-10-15 12:35:00+09:00,1140.0,1143.0,1139.0,1143.0,69300,0.0,0.0
2024-10-15 12:40:00+09:00,1143.0,1144.0,1142.0,1142.0,45200,0.0,0.0
2024-10-15 12:45:00+09:00,1143.0,1143.0,1141.0,1142.0,32100,0.0,0.0
2024-10-15 12:50:00+09:00,1142.0,1142.0,1140.0,1140.0,16000,0.0,0.0
2024-10-15 12:55:00+09:00,1141.0,1142.0,1140.0,1142.0,22700,0.0,0.0
2024-10-15 13:00:00+09:00,1143.0,1145.0,1142.0,1144.0,70300,0.0,0.0
2024-10-15 13:05:00+09:00,1144.0,1145.0,1141.0,1141.0,31100,0.0,0.0
2024-10-15 13:10:00+09:00,1142.0,1143.0,1142.0,1142.0,6100,0.0,0.0
2024-10-15 13:15:00+09:00,1143.0,1143.0,1142.0,1142.0,11300,0.0,0.0
2024-10-15 13:20:00+09:00,1142.0,1144.0,1142.0,1143.0,22400,0.0,0.0
2024-10-15 13:25:00+09:00,1144.0,1144.0,1143.0,1144.0,13500,0.0,0.0
2024-10-15 13:30:00+09:00,1143.0,1146.0,1143.0,1146.0,57600,0.0,0.0
2024-10-15 13:35:00+09:00,1146.0,1146.0,1144.0,1144.0,49400,0.0,0.0
2024-10-15 13:40:00+09:00,1144.0,1145.0,1143.0,1144.0,49700,0.0,0.0
2024-10-15 13:45:00+09:00,1145.0,1149.0,1145.0,1148.0,118500,0.0,0.0
2024-10-15 13:50:00+09:00,1148.0,1148.0,1144.0,1145.0,57800,0.0,0.0
2024-10-15 13:55:00+09:00,1145.0,1145.0,1143.0,1144.0,29300,0.0,0.0
2024-10-15 14:00:00+09:00,1145.0,1145.0,1143.0,1143.0,44000,0.0,0.0
2024-10-15 14:05:00+09:00,1143.0,1143.0,1140.0,1143.0,52200,0.0,0.0
2024-10-15 14:10:00+09:00,1143.0,1143.0,1140.0,1140.0,60400,0.0,0.0
2024-10-15 14:15:00+09:00,1140.0,1140.0,1137.0,1137.0,81600,0.0,0.0
2024-10-15 14:20:00+09:00,1138.0,1140.0,1137.0,1139.0,40100,0.0,0.0
2024-10-15 14:25:00+09:00,1139.0,1139.0,1136.0,1137.0,39500,0.0,0.0
2024-10-15 14:30:00+09:00,1136.0,1136.0,1132.0,1133.0,78800,0.0,0.0
2024-10-15 14:35:00+09:00,1132.0,1135.0,1132.0,1135.0,44900,0.0,0.0
2024-10-15 14:40:00+09:00,1134.0,1134.0,1133.0,1134.0,37700,0.0,0.0
2024-10-15 14:45:00+09:00,1135.0,1135.0,1133.0,1134.0,82500,0.0,0.0
2024-10-15 14:50:00+09:00,1134.0,1135.0,1131.0,1131.0,76100,0.0,0.0
2024-10-15 14:55:00+09:00,1131.0,1131.0,1127.0,1128.0,186900,0.0,0.0
2024-10-16 09:00:00+09:00,1114.0,1114.0,1092.0,1106.0,744700,0.0,0.0
2024-10-16 09:05:00+09:00,1106.0,1120.0,1106.0,1118.0,207300,0.0,0.0
2024-10-16 09:10:00+09:00,1119.0,1122.0,1113.0,1116.0,148400,0.0,0.0
2024-10-16 09:15:00+09:00,1115.0,1122.0,1113.0,1121.0,85500,0.0,0.0
2024-10-16 09:20:00+09:00,1121.0,1125.0,1120.0,1121.0,115200,0.0,0.0
2024-10-16 09:25:00+09:00,1122.0,1122.0,1119.0,1121.0,59100,0.0,0.0
2024-10-16 09:30:00+09:00,1122.0,1123.0,1118.0,1119.0,62800,0.0,0.0
2024-10-16 09:35:00+09:00,1119.0,1127.0,1119.0,1127.0,92100,0.0,0.0
2024-10-16 09:40:00+09:00,1127.0,1129.0,1124.0,1128.0,111500,0.0,0.0
2024-10-16 09:45:00+09:00,1127.0,1133.0,1126.0,1132.0,228800,0.0,0.0
2024-10-16 09:50:00+09:00,1133.0,1134.0,1130.0,1131.0,66300,0.0,0.0
2024-10-16 09:55:00+09:00,1132.0,1136.0,1132.0,1135.0,65200,0.0,0.0
2024-10-16 10:00:00+09:00,1135.0,1138.0,1132.0,1133.0,100300,0.0,0.0
2024-10-16 10:05:00+09:00,1133.0,1133.0,1128.0,1132.0,105200,0.0,0.0
2024-10-16 10:10:00+09:00,1131.0,1133.0,1130.0,1130.0,54600,0.0,0.0
2024-10-16 10:15:00+09:00,1130.0,1131.0,1127.0,1130.0,57900,0.0,0.0
2024-10-16 10:20:00+09:00,1129.0,1132.0,1129.0,1131.0,33100,0.0,0.0
2024-10-16 10:25:00+09:00,1131.0,1133.0,1131.0,1132.0,56500,0.0,0.0
2024-10-16 10:30:00+09:00,1132.0,1134.0,1129.0,1134.0,59300,0.0,0.0
2024-10-16 10:35:00+09:00,1134.0,1136.0,1133.0,1135.0,52400,0.0,0.0
2024-10-16 10:40:00+09:00,1134.0,1135.0,1133.0,1134.0,60400,0.0,0.0
2024-10-16 10:45:00+09:00,1134.0,1135.0,1133.0,1134.0,12400,0.0,0.0
2024-10-16 10:50:00+09:00,1134.0,1136.0,1134.0,1136.0,26800,0.0,0.0
2024-10-16 10:55:00+09:00,1136.0,1142.0,1136.0,1140.0,94500,0.0,0.0
2024-10-16 11:00:00+09:00,1140.0,1140.0,1136.0,1138.0,67400,0.0,0.0
2024-10-16 11:05:00+09:00,1138.0,1141.0,1138.0,1140.0,58100,0.0,0.0
2024-10-16 11:10:00+09:00,1140.0,1141.0,1139.0,1141.0,44300,0.0,0.0
2024-10-16 11:15:00+09:00,1140.0,1140.0,1137.0,1137.0,50100,0.0,0.0
2024-10-16 11:20:00+09:00,1137.0,1137.0,1134.0,1136.0,23500,0.0,0.0
2024-10-16 11:25:00+09:00,1136.0,1138.0,1135.0,1135.0,69700,0.0,0.0
2024-10-16 11:30:00+09:00,1135.0,1135.0,1135.0,1135.0,6600,0.0,0.0
2024-10-16 11:35:00+09:00,1135.0,1135.0,1135.0,1135.0,0,0.0,0.0
2024-10-16 12:30:00+09:00,1136.0,1136.0,1128.0,1128.0,3180000,0.0,0.0
2024-10-16 12:35:00+09:00,1128.0,1129.0,1126.0,1126.0,38300,0.0,0.0
2024-10-16 12:40:00+09:00,1127.0,1133.0,1127.0,1132.0,59200,0.0,0.0
2024-10-16 12:45:00+09:00,1131.0,1133.0,1131.0,1133.0,22800,0.0,0.0
2024-10-16 12:50:00+09:00,1133.0,1138.0,1133.0,1134.0,130800,0.0,0.0
2024-10-16 12:55:00+09:00,1134.0,1136.0,1132.0,1134.0,43100,0.0,0.0
2024-10-16 13:00:00+09:00,1134.0,1135.0,1133.0,1135.0,41200,0.0,0.0
2024-10-16 13:05:00+09:00,1135.0,1135.0,1133.0,1135.0,20000,0.0,0.0
2024-10-16 13:10:00+09:00,1134.0,1134.0,1132.0,1132.0,31800,0.0,0.0
2024-10-16 13:15:00+09:00,1131.0,1131.0,1130.0,1131.0,16500,0.0,0.0
2024-10-16 13:20:00+09:00,1132.0,1132.0,1130.0,1130.0,31000,0.0,0.0
2024-10-16 13:25:00+09:00,1129.0,1132.0,1129.0,1132.0,25800,0.0,0.0
2024-10-16 13:30:00+09:00,1131.0,1131.0,1130.0,1130.0,25700,0.0,0.0
2024-10-16 13:35:00+09:00,1129.0,1130.0,1129.0,1130.0,13000,0.0,0.0
2024-10-16 13:40:00+09:00,1130.0,1130.0,1129.0,1129.0,23000,0.0,0.0
2024-10-16 13:45:00+09:00,1129.0,1129.0,1125.0,1126.0,86500,0.0,0.0
2024-10-16 13:50:00+09:00,1127.0,1128.0,1126.0,1128.0,11900,0.0,0.0
2024-10-16 13:55:00+09:00,1127.0,1129.0,1127.0,1128.0,14300,0.0,0.0
2024-10-16 14:00:00+09:00,1128.0,1128.0,1126.0,1126.0,32000,0.0,0.0
2024-10-16 14:05:00+09:00,1126.0,1126.0,1124.0,1125.0,53100,0.0,0.0
2024-10-16 14:10:00+09:00,1125.0,1127.0,1125.0,1126.0,32900,0.0,0.0
2024-10-16 14:15:00+09:00,1126.0,1126.0,1124.0,1125.0,18500,0.0,0.0
2024-10-16 14:20:00+09:00,1125.0,1126.0,1122.0,1125.0,86300,0.0,0.0
2024-10-16 14:25:00+09:00,1125.0,1126.0,1124.0,1126.0,50900,0.0,0.0
2024-10-16 14:30:00+09:00,1127.0,1129.0,1127.0,1129.0,66900,0.0,0.0
2024-10-16 14:35:00+09:00,1129.0,1130.0,1126.0,1128.0,47200,0.0,0.0
2024-10-16 14:40:00+09:00,1128.0,1128.0,1127.0,1127.0,49300,0.0,0.0
2024-10-16 14:45:00+09:00,1127.0,1129.0,1127.0,1128.0,34000,0.0,0.0
2024-10-16 14:50:00+09:00,1127.0,1129.0,1127.0,1128.0,47600,0.0,0.0
2024-10-16 14:55:00+09:00,1128.0,1128.0,1126.0,1128.0,34400,0.0,0.0
2024-10-17 09:00:00+09:00,1125.0,1136.0,1122.0,1128.0,501100,0.0,0.0
2024-10-17 09:05:00+09:00,1129.0,1137.0,1128.0,1133.0,112200,0.0,0.0
2024-10-17 09:10:00+09:00,1132.0,1134.0,1130.0,1130.0,49700,0.0,0.0
2024-10-17 09:15:00+09:00,1130.0,1132.0,1127.0,1129.0,102800,0.0,0.0
2024-10-17 09:20:00+09:00,1129.0,1133.0,1129.0,1132.0,78300,0.0,0.0
2024-10-17 09:25:00+09:00,1132.0,1135.0,1132.0,1133.0,57900,0.0,0.0
2024-10-17 09:30:00+09:00,1134.0,1134.0,1131.0,1131.0,46700,0.0,0.0
2024-10-17 09:35:00+09:00,1131.0,1133.0,1129.0,1131.0,101800,0.0,0.0
2024-10-17 09:40:00+09:00,1131.0,1131.0,1125.0,1125.0,83500,0.0,0.0
2024-10-17 09:45:00+09:00,1125.0,1125.0,1123.0,1123.0,63000,0.0,0.0
2024-10-17 09:50:00+09:00,1123.0,1123.0,1119.0,1122.0,82500,0.0,0.0
2024-10-17 09:55:00+09:00,1122.0,1125.0,1122.0,1123.0,44000,0.0,0.0
2024-10-17 10:00:00+09:00,1122.0,1124.0,1122.0,1123.0,32900,0.0,0.0
2024-10-17 10:05:00+09:00,1123.0,1123.0,1122.0,1122.0,29600,0.0,0.0
2024-10-17 10:10:00+09:00,1122.0,1122.0,1120.0,1120.0,27700,0.0,0.0
2024-10-17 10:15:00+09:00,1121.0,1121.0,1115.0,1115.0,105700,0.0,0.0
2024-10-17 10:20:00+09:00,1115.0,1119.0,1115.0,1117.0,56600,0.0,0.0
2024-10-17 10:25:00+09:00,1118.0,1119.0,1117.0,1117.0,28900,0.0,0.0
2024-10-17 10:30:00+09:00,1117.0,1120.0,1117.0,1119.0,47400,0.0,0.0
2024-10-17 10:35:00+09:00,1119.0,1122.0,1119.0,1121.0,28900,0.0,0.0
2024-10-17 10:40:00+09:00,1121.0,1122.0,1120.0,1122.0,21100,0.0,0.0
2024-10-17 10:45:00+09:00,1122.0,1123.0,1122.0,1123.0,19500,0.0,0.0
2024-10-17 10:50:00+09:00,1124.0,1127.0,1121.0,1121.0,102900,0.0,0.0
2024-10-17 10:55:00+09:00,1121.0,1123.0,1121.0,1121.0,20300,0.0,0.0
2024-10-17 11:00:00+09:00,1121.0,1122.0,1119.0,1121.0,41600,0.0,0.0
2024-10-17 11:05:00+09:00,1121.0,1124.0,1121.0,1124.0,32500,0.0,0.0
2024-10-17 11:10:00+09:00,1124.0,1125.0,1122.0,1125.0,17100,0.0,0.0
2024-10-17 11:15:00+09:00,1125.0,1125.0,1124.0,1124.0,12000,0.0,0.0
2024-10-17 11:20:00+09:00,1125.0,1126.0,1125.0,1125.0,26000,0.0,0.0
2024-10-17 11:25:00+09:00,1125.0,1125.0,1123.0,1125.0,17500,0.0,0.0
2024-10-17 11:30:00+09:00,1125.0,1125.0,1125.0,1125.0,43400,0.0,0.0
2024-10-17 11:35:00+09:00,1125.0,1125.0,1125.0,1125.0,0,0.0,0.0
2024-10-17 12:30:00+09:00,1123.0,1127.0,1123.0,1124.0,2103400,0.0,0.0
2024-10-17 12:35:00+09:00,1124.0,1124.0,1122.0,1124.0,20500,0.0,0.0
2024-10-17 12:40:00+09:00,1124.0,1125.0,1121.0,1122.0,45700,0.0,0.0
2024-10-17 12:45:00+09:00,1122.0,1124.0,1121.0,1121.0,23400,0.0,0.0
2024-10-17 12:50:00+09:00,1121.0,1122.0,1120.0,1122.0,41400,0.0,0.0
2024-10-17 12:55:00+09:00,1121.0,1121.0,1120.0,1120.0,5700,0.0,0.0
2024-10-17 13:00:00+09:00,1121.0,1121.0,1118.0,1119.0,27900,0.0,0.0
2024-10-17 13:05:00+09:00,1118.0,1120.0,1118.0,1120.0,20500,0.0,0.0
2024-10-17 13:10:00+09:00,1120.0,1120.0,1118.0,1119.0,47300,0.0,0.0
2024-10-17 13:15:00+09:00,1119.0,1119.0,1117.0,1117.0,12800,0.0,0.0
2024-10-17 13:20:00+09:00,1118.0,1119.0,1117.0,1117.0,33600,0.0,0.0
2024-10-17 13:25:00+09:00,1118.0,1118.0,1117.0,1118.0,8400,0.0,0.0
2024-10-17 13:30:00+09:00,1118.0,1118.0,1116.0,1117.0,53200,0.0,0.0
2024-10-17 13:35:00+09:00,1117.0,1118.0,1117.0,1118.0,13600,0.0,0.0
2024-10-17 13:40:00+09:00,1118.0,1119.0,1118.0,1119.0,9500,0.0,0.0
2024-10-17 13:45:00+09:00,1118.0,1120.0,1118.0,1118.0,30000,0.0,0.0
2024-10-17 13:50:00+09:00,1118.0,1118.0,1117.0,1118.0,25300,0.0,0.0
2024-10-17 13:55:00+09:00,1118.0,1118.0,1116.0,1116.0,13300,0.0,0.0
2024-10-17 14:00:00+09:00,1116.0,1117.0,1116.0,1116.0,38400,0.0,0.0
2024-10-17 14:05:00+09:00,1117.0,1117.0,1116.0,1117.0,26400,0.0,0.0
2024-10-17 14:10:00+09:00,1116.0,1116.0,1113.0,1114.0,63000,0.0,0.0
2024-10-17 14:15:00+09:00,1114.0,1116.0,1114.0,1116.0,9800,0.0,0.0
2024-10-17 14:20:00+09:00,1116.0,1117.0,1116.0,1116.0,18200,0.0,0.0
2024-10-17 14:25:00+09:00,1116.0,1116.0,1115.0,1116.0,28100,0.0,0.0
2024-10-17 14:30:00+09:00,1116.0,1118.0,1116.0,1118.0,34800,0.0,0.0
2024-10-17 14:35:00+09:00,1118.0,1122.0,1118.0,1121.0,63700,0.0,0.0
2024-10-17 14:40:00+09:00,1121.0,1121.0,1119.0,1119.0,71100,0.0,0.0
2024-10-17 14:45:00+09:00,1119.0,1120.0,1118.0,1119.0,32500,0.0,0.0
2024-10-17 14:50:00+09:00,1118.0,1119.0,1117.0,1117.0,43400,0.0,0.0
2024-10-17 14:55:00+09:00,1118.0,1119.0,1116.0,1118.0,68900,0.0,0.0
2024-10-18 09:00:00+09:00,1113.0,1116.0,1106.0,1112.0,356200,0.0,0.0
2024-10-18 09:05:00+09:00,1112.0,1123.0,1112.0,1121.0,175800,0.0,0.0
2024-10-18 09:10:00+09:00,1122.0,1125.0,1118.0,1125.0,82300,0.0,0.0
2024-10-18 09:15:00+09:00,1125.0,1126.0,1121.0,1122.0,94800,0.0,0.0
2024-10-18 09:20:00+09:00,1123.0,1123.0,1117.0,1117.0,64900,0.0,0.0
2024-10-18 09:25:00+09:00,1117.0,1118.0,1112.0,1115.0,123600,0.0,0.0
2024-10-18 09:30:00+09:00,1115.0,1118.0,1114.0,1117.0,94100,0.0,0.0
2024-10-18 09:35:00+09:00,1117.0,1118.0,1116.0,1118.0,22100,0.0,0.0
2024-10-18 09:40:00+09:00,1118.0,1121.0,1118.0,1119.0,29600,0.0,0.0
2024-10-18 09:45:00+09:00,1118.0,1118.0,1116.0,1116.0,25500,0.0,0.0
2024-10-18 09:50:00+09:00,1116.0,1120.0,1116.0,1118.0,44000,0.0,0.0
2024-10-18 09:55:00+09:00,1118.0,1122.0,1117.0,1121.0,36100,0.0,0.0
2024-10-18 10:00:00+09:00,1121.0,1121.0,1119.0,1121.0,43800,0.0,0.0
2024-10-18 10:05:00+09:00,1120.0,1120.0,1117.0,1119.0,36700,0.0,0.0
2024-10-18 10:10:00+09:00,1119.0,1120.0,1117.0,1118.0,22600,0.0,0.0
2024-10-18 10:15:00+09:00,1119.0,1121.0,1119.0,1119.0,34900,0.0,0.0
2024-10-18 10:20:00+09:00,1119.0,1120.0,1118.0,1119.0,13300,0.0,0.0
2024-10-18 10:25:00+09:00,1119.0,1120.0,1117.0,1117.0,20000,0.0,0.0
2024-10-18 10:30:00+09:00,1118.0,1123.0,1118.0,1123.0,64800,0.0,0.0
2024-10-18 10:35:00+09:00,1123.0,1127.0,1122.0,1126.0,72000,0.0,0.0
2024-10-18 10:40:00+09:00,1127.0,1129.0,1124.0,1129.0,78300,0.0,0.0
2024-10-18 10:45:00+09:00,1129.0,1129.0,1126.0,1128.0,59200,0.0,0.0
2024-10-18 10:50:00+09:00,1128.0,1129.0,1125.0,1125.0,31600,0.0,0.0
2024-10-18 10:55:00+09:00,1125.0,1128.0,1124.0,1128.0,22800,0.0,0.0
2024-10-18 11:00:00+09:00,1126.0,1127.0,1125.0,1126.0,47700,0.0,0.0
2024-10-18 11:05:00+09:00,1126.0,1127.0,1125.0,1127.0,24300,0.0,0.0
2024-10-18 11:10:00+09:00,1127.0,1128.0,1126.0,1128.0,15100,0.0,0.0
2024-10-18 11:15:00+09:00,1128.0,1128.0,1126.0,1127.0,12800,0.0,0.0
2024-10-18 11:20:00+09:00,1127.0,1130.0,1127.0,1130.0,103400,0.0,0.0
2024-10-18 11:25:00+09:00,1130.0,1130.0,1127.0,1127.0,22500,0.0,0.0
2024-10-18 11:30:00+09:00,1128.0,1128.0,1128.0,1128.0,1800,0.0,0.0
2024-10-18 11:35:00+09:00,1128.0,1128.0,1128.0,1128.0,0,0.0,0.0
2024-10-18 12:30:00+09:00,1128.0,1128.0,1122.0,1127.0,1951000,0.0,0.0
2024-10-18 12:35:00+09:00,1126.0,1127.0,1122.0,1123.0,41200,0.0,0.0
2024-10-18 12:40:00+09:00,1124.0,1125.0,1121.0,1122.0,30800,0.0,0.0
2024-10-18 12:45:00+09:00,1122.0,1122.0,1121.0,1121.0,18100,0.0,0.0
2024-10-18 12:50:00+09:00,1121.0,1122.0,1120.0,1121.0,146500,0.0,0.0
2024-10-18 12:55:00+09:00,1121.0,1123.0,1120.0,1122.0,17500,0.0,0.0
2024-10-18 13:00:00+09:00,1121.0,1122.0,1120.0,1121.0,11200,0.0,0.0
2024-10-18 13:05:00+09:00,1120.0,1123.0,1120.0,1122.0,18400,0.0,0.0
2024-10-18 13:10:00+09:00,1123.0,1123.0,1121.0,1122.0,15400,0.0,0.0
2024-10-18 13:15:00+09:00,1122.0,1122.0,1120.0,1121.0,31600,0.0,0.0
2024-10-18 13:20:00+09:00,1120.0,1121.0,1120.0,1120.0,18700,0.0,0.0
2024-10-18 13:25:00+09:00,1120.0,1120.0,1117.0,1118.0,40700,0.0,0.0
2024-10-18 13:30:00+09:00,1118.0,1119.0,1117.0,1117.0,22400,0.0,0.0
2024-10-18 13:35:00+09:00,1117.0,1118.0,1117.0,1117.0,21500,0.0,0.0
2024-10-18 13:40:00+09:00,1117.0,1117.0,1117.0,1117.0,35500,0.0,0.0
2024-10-18 13:45:00+09:00,1118.0,1118.0,1113.0,1115.0,70400,0.0,0.0
2024-10-18 13:50:00+09:00,1115.0,1116.0,1114.0,1115.0,26300,0.0,0.0
2024-10-18 13:55:00+09:00,1115.0,1116.0,1114.0,1116.0,17700,0.0,0.0
2024-10-18 14:00:00+09:00,1116.0,1116.0,1115.0,1115.0,28800,0.0,0.0
2024-10-18 14:05:00+09:00,1116.0,1116.0,1116.0,1116.0,19600,0.0,0.0
2024-10-18 14:10:00+09:00,1116.0,1116.0,1116.0,1116.0,14400,0.0,0.0
2024-10-18 14:15:00+09:00,1117.0,1117.0,1116.0,1117.0,35100,0.0,0.0
2024-10-18 14:20:00+09:00,1116.0,1116.0,1115.0,1115.0,48500,0.0,0.0
2024-10-18 14:25:00+09:00,1115.0,1116.0,1114.0,1114.0,18000,0.0,0.0
2024-10-18 14:30:00+09:00,1113.0,1116.0,1113.0,1116.0,32800,0.0,0.0
2024-10-18 14:35:00+09:00,1117.0,1117.0,1115.0,1116.0,12100,0.0,0.0
2024-10-18 14:40:00+09:00,1116.0,1116.0,1112.0,1114.0,108800,0.0,0.0
2024-10-18 14:45:00+09:00,1114.0,1115.0,1112.0,1113.0,47000,0.0,0.0
2024-10-18 14:50:00+09:00,1112.0,1114.0,1112.0,1112.0,71000,0.0,0.0
2024-10-18 14:55:00+09:00,1111.0,1113.0,1110.0,1111.0,117500,0.0,0.0
