Datetime,Open,High,Low,Close,Volume,Dividends,Stock Splits
2022-09-01 09:00:00+08:00,27.0,27.450000762939453,27.0,27.450000762939453,0,0.0,0.0
2022-09-01 10:00:00+08:00,27.200000762939453,27.200000762939453,27.200000762939453,27.200000762939453,2652,0.0,0.0
2022-09-01 11:00:00+08:00,27.200000762939453,27.200000762939453,27.100000381469727,27.100000381469727,21000,0.0,0.0
2022-09-01 12:00:00+08:00,27.200000762939453,27.200000762939453,27.200000762939453,27.200000762939453,1000,0.0,0.0
2022-09-02 09:00:00+08:00,27.049999237060547,27.200000762939453,27.049999237060547,27.200000762939453,0,0.0,0.0
2022-09-02 10:00:00+08:00,27.100000381469727,27.100000381469727,27.049999237060547,27.049999237060547,6028,0.0,0.0
2022-09-02 11:00:00+08:00,27.049999237060547,27.049999237060547,27.049999237060547,27.049999237060547,3000,0.0,0.0
2022-09-02 13:00:00+08:00,27.049999237060547,27.049999237060547,27.049999237060547,27.049999237060547,5001,0.0,0.0
2022-09-05 09:00:00+08:00,27.049999237060547,27.049999237060547,27.049999237060547,27.049999237060547,0,0.0,0.0
2022-09-05 10:00:00+08:00,27.0,27.0,26.899999618530273,26.899999618530273,10177,0.0,0.0
2022-09-05 11:00:00+08:00,27.0,27.049999237060547,27.0,27.049999237060547,22020,0.0,0.0
2022-09-05 13:00:00+08:00,27.100000381469727,27.100000381469727,27.049999237060547,27.049999237060547,4000,0.0,0.0
2022-09-06 10:00:00+08:00,27.0,27.0,26.899999618530273,26.899999618530273,9000,0.0,0.0
2022-09-06 11:00:00+08:00,26.899999618530273,27.049999237060547,26.899999618530273,27.049999237060547,40000,0.0,0.0
2022-09-06 12:00:00+08:00,27.0,27.0,27.0,27.0,8000,0.0,0.0
2022-09-06 13:00:00+08:00,27.0,27.100000381469727,27.0,27.100000381469727,14000,0.0,0.0
2022-09-07 09:00:00+08:00,26.799999237060547,26.799999237060547,26.299999237060547,26.299999237060547,0,0.0,0.0
2022-09-07 10:00:00+08:00,26.399999618530273,26.5,26.399999618530273,26.5,7000,0.0,0.0
2022-09-07 11:00:00+08:00,26.5,26.5,26.5,26.5,10001,0.0,0.0
2022-09-07 12:00:00+08:00,26.549999237060547,26.649999618530273,26.549999237060547,26.649999618530273,2000,0.0,0.0
2022-09-07 13:00:00+08:00,26.700000762939453,26.700000762939453,26.549999237060547,26.549999237060547,6000,0.0,0.0
2022-09-08 09:00:00+08:00,26.600000381469727,26.600000381469727,26.600000381469727,26.600000381469727,0,0.0,0.0
2022-09-08 10:00:00+08:00,26.600000381469727,26.600000381469727,26.600000381469727,26.600000381469727,2001,0.0,0.0
2022-09-08 12:00:00+08:00,26.600000381469727,26.649999618530273,26.600000381469727,26.600000381469727,7000,0.0,0.0
2022-09-12 09:00:00+08:00,26.299999237060547,26.299999237060547,26.299999237060547,26.299999237060547,0,0.0,0.0
2022-09-12 10:00:00+08:00,26.549999237060547,26.75,26.549999237060547,26.75,5000,0.0,0.0
2022-09-12 11:00:00+08:00,26.75,26.75,26.600000381469727,26.600000381469727,2000,0.0,0.0
2022-09-12 12:00:00+08:00,26.600000381469727,26.600000381469727,26.549999237060547,26.549999237060547,4000,0.0,0.0
2022-09-12 13:00:00+08:00,26.549999237060547,26.549999237060547,26.549999237060547,26.549999237060547,3071,0.0,0.0
2022-09-13 09:00:00+08:00,26.700000762939453,26.700000762939453,26.649999618530273,26.649999618530273,0,0.0,0.0
2022-09-13 11:00:00+08:00,26.700000762939453,26.799999237060547,26.700000762939453,26.799999237060547,3102,0.0,0.0
2022-09-13 12:00:00+08:00,26.799999237060547,26.799999237060547,26.799999237060547,26.799999237060547,3100,0.0,0.0
2022-09-13 13:00:00+08:00,26.799999237060547,26.799999237060547,26.799999237060547,26.799999237060547,1000,0.0,0.0
2022-09-14 10:00:00+08:00,26.700000762939453,26.899999618530273,26.700000762939453,26.899999618530273,3003,0.0,0.0
2022-09-14 11:00:00+08:00,26.899999618530273,26.950000762939453,26.899999618530273,26.950000762939453,2000,0.0,0.0
2022-09-14 12:00:00+08:00,26.899999618530273,26.899999618530273,26.850000381469727,26.850000381469727,2001,0.0,0.0
2022-09-14 13:00:00+08:00,26.850000381469727,26.850000381469727,26.850000381469727,26.850000381469727,3000,0.0,0.0
2022-09-15 10:00:00+08:00,27.049999237060547,27.049999237060547,27.049999237060547,27.049999237060547,1000,0.0,0.0
2022-09-15 11:00:00+08:00,27.100000381469727,27.100000381469727,27.100000381469727,27.100000381469727,5000,0.0,0.0
2022-09-15 12:00:00+08:00,27.0,27.0,27.0,27.0,2000,0.0,0.0
2022-09-15 13:00:00+08:00,27.0,27.0,27.0,27.0,2001,0.0,0.0
2022-09-16 09:00:00+08:00,27.700000762939453,27.700000762939453,27.549999237060547,27.549999237060547,12998,0.0,0.0
2022-09-16 10:00:00+08:00,27.549999237060547,27.549999237060547,27.5,27.5,5000,0.0,0.0
2022-09-16 11:00:00+08:00,27.350000381469727,27.450000762939453,27.299999237060547,27.299999237060547,3008,0.0,0.0
2022-09-16 12:00:00+08:00,27.25,27.25,27.049999237060547,27.049999237060547,14001,0.0,0.0
2022-09-16 13:00:00+08:00,27.299999237060547,27.299999237060547,27.299999237060547,27.299999237060547,1000,0.0,0.0
2022-09-19 09:00:00+08:00,27.200000762939453,27.25,27.200000762939453,27.25,0,0.0,0.0
2022-09-19 10:00:00+08:00,27.200000762939453,27.200000762939453,27.049999237060547,27.049999237060547,8070,0.0,0.0
2022-09-19 12:00:00+08:00,27.100000381469727,27.149999618530273,27.100000381469727,27.149999618530273,3000,0.0,0.0
2022-09-19 13:00:00+08:00,27.149999618530273,27.149999618530273,27.149999618530273,27.149999618530273,1002,0.0,0.0
2022-09-20 09:00:00+08:00,27.200000762939453,27.200000762939453,27.200000762939453,27.200000762939453,0,0.0,0.0
2022-09-20 10:00:00+08:00,27.25,27.25,27.200000762939453,27.25,4000,0.0,0.0
2022-09-20 11:00:00+08:00,27.200000762939453,27.200000762939453,27.200000762939453,27.200000762939453,1001,0.0,0.0
2022-09-20 12:00:00+08:00,27.200000762939453,27.25,27.200000762939453,27.200000762939453,10000,0.0,0.0
2022-09-20 13:00:00+08:00,27.200000762939453,27.25,27.149999618530273,27.25,5000,0.0,0.0
2022-09-21 10:00:00+08:00,27.25,27.25,27.25,27.25,1000,0.0,0.0
2022-09-21 12:00:00+08:00,27.149999618530273,27.25,27.149999618530273,27.25,5001,0.0,0.0
2022-09-21 13:00:00+08:00,27.200000762939453,27.25,27.200000762939453,27.25,2000,0.0,0.0
2022-09-22 09:00:00+08:00,26.799999237060547,27.200000762939453,26.75,27.200000762939453,4998,0.0,0.0
2022-09-22 10:00:00+08:00,26.75,27.100000381469727,26.700000762939453,27.100000381469727,17000,0.0,0.0
2022-09-22 11:00:00+08:00,27.149999618530273,27.149999618530273,27.149999618530273,27.149999618530273,1000,0.0,0.0
2022-09-22 13:00:00+08:00,27.100000381469727,27.149999618530273,27.100000381469727,27.149999618530273,8001,0.0,0.0
2022-09-23 11:00:00+08:00,27.0,27.0,27.0,27.0,1,0.0,0.0
2022-09-23 13:00:00+08:00,27.100000381469727,27.100000381469727,27.100000381469727,27.100000381469727,2000,0.0,0.0
2022-09-26 09:00:00+08:00,26.600000381469727,26.649999618530273,26.600000381469727,26.649999618530273,13948,0.0,0.0
2022-09-26 10:00:00+08:00,26.649999618530273,26.700000762939453,26.649999618530273,26.649999618530273,12056,0.0,0.0
2022-09-26 11:00:00+08:00,26.649999618530273,26.649999618530273,26.600000381469727,26.600000381469727,11000,0.0,0.0
2022-09-26 12:00:00+08:00,26.600000381469727,26.600000381469727,26.5,26.5,7002,0.0,0.0
2022-09-26 13:00:00+08:00,26.549999237060547,26.600000381469727,26.399999618530273,26.399999618530273,22000,0.0,0.0
2022-09-27 09:00:00+08:00,26.399999618530273,26.399999618530273,26.350000381469727,26.399999618530273,0,0.0,0.0
2022-09-27 10:00:00+08:00,26.350000381469727,26.350000381469727,26.049999237060547,26.049999237060547,24205,0.0,0.0
2022-09-27 11:00:00+08:00,26.049999237060547,26.25,26.049999237060547,26.25,47125,0.0,0.0
2022-09-27 12:00:00+08:00,26.25,26.299999237060547,26.25,26.299999237060547,5000,0.0,0.0
2022-09-27 13:00:00+08:00,26.299999237060547,26.350000381469727,26.25,26.25,4000,0.0,0.0
2022-09-28 09:00:00+08:00,26.049999237060547,26.049999237060547,25.950000762939453,25.950000762939453,0,0.0,0.0
2022-09-28 10:00:00+08:00,26.100000381469727,26.100000381469727,25.799999237060547,25.799999237060547,16000,0.0,0.0
2022-09-28 11:00:00+08:00,25.799999237060547,26.0,25.799999237060547,26.0,10001,0.0,0.0
2022-09-28 12:00:00+08:00,25.850000381469727,25.850000381469727,25.75,25.799999237060547,23001,0.0,0.0
2022-09-28 13:00:00+08:00,25.799999237060547,25.899999618530273,25.799999237060547,25.899999618530273,15001,0.0,0.0
2022-09-29 11:00:00+08:00,25.799999237060547,25.850000381469727,25.600000381469727,25.850000381469727,11000,0.0,0.0
2022-09-29 12:00:00+08:00,25.850000381469727,25.950000762939453,25.600000381469727,25.600000381469727,9000,0.0,0.0
2022-09-29 13:00:00+08:00,25.899999618530273,25.899999618530273,25.899999618530273,25.899999618530273,1000,0.0,0.0
2022-09-30 13:00:00+08:00,25.350000381469727,25.350000381469727,25.350000381469727,25.350000381469727,0,0.0,0.0
2022-10-03 09:00:00+08:00,25.5,25.600000381469727,25.5,25.600000381469727,0,0.0,0.0
2022-10-03 10:00:00+08:00,25.600000381469727,25.799999237060547,25.600000381469727,25.799999237060547,15001,0.0,0.0
2022-10-03 12:00:00+08:00,25.799999237060547,25.850000381469727,25.799999237060547,25.799999237060547,13000,0.0,0.0
2022-10-04 09:00:00+08:00,26.0,26.0,26.0,26.0,0,0.0,0.0
2022-10-04 10:00:00+08:00,25.950000762939453,25.950000762939453,25.950000762939453,25.950000762939453,1128,0.0,0.0
2022-10-04 11:00:00+08:00,25.899999618530273,25.899999618530273,25.799999237060547,25.850000381469727,8000,0.0,0.0
2022-10-04 12:00:00+08:00,25.799999237060547,25.799999237060547,25.799999237060547,25.799999237060547,9000,0.0,0.0
2022-10-04 13:00:00+08:00,25.799999237060547,25.799999237060547,25.799999237060547,25.799999237060547,1000,0.0,0.0
2022-10-05 09:00:00+08:00,26.0,26.200000762939453,26.0,26.200000762939453,0,0.0,0.0
2022-10-05 10:00:00+08:00,26.200000762939453,26.350000381469727,26.200000762939453,26.350000381469727,14000,0.0,0.0
2022-10-05 11:00:00+08:00,26.149999618530273,26.149999618530273,26.149999618530273,26.149999618530273,10000,0.0,0.0
2022-10-05 13:00:00+08:00,26.25,26.25,26.25,26.25,1000,0.0,0.0
2022-10-06 09:00:00+08:00,26.100000381469727,26.100000381469727,26.0,26.0,0,0.0,0.0
2022-10-06 10:00:00+08:00,26.049999237060547,26.200000762939453,26.049999237060547,26.100000381469727,10000,0.0,0.0
2022-10-06 11:00:00+08:00,26.049999237060547,26.049999237060547,26.049999237060547,26.049999237060547,2000,0.0,0.0
2022-10-06 12:00:00+08:00,26.100000381469727,26.200000762939453,26.100000381469727,26.200000762939453,7002,0.0,0.0
2022-10-06 13:00:00+08:00,26.049999237060547,26.149999618530273,26.049999237060547,26.149999618530273,14199,0.0,0.0
2022-10-07 09:00:00+08:00,26.0,26.0,26.0,26.0,0,0.0,0.0
2022-10-07 10:00:00+08:00,26.049999237060547,26.149999618530273,26.049999237060547,26.149999618530273,8000,0.0,0.0
2022-10-07 11:00:00+08:00,26.100000381469727,26.100000381469727,26.100000381469727,26.100000381469727,14000,0.0,0.0
2022-10-07 12:00:00+08:00,26.049999237060547,26.049999237060547,26.049999237060547,26.049999237060547,4000,0.0,0.0
2022-10-07 13:00:00+08:00,26.0,26.100000381469727,26.0,26.100000381469727,6000,0.0,0.0
2022-10-11 10:00:00+08:00,25.75,25.75,25.75,25.75,0,0.0,0.0
2022-10-11 11:00:00+08:00,25.799999237060547,25.799999237060547,25.700000762939453,25.75,13000,0.0,0.0
2022-10-11 12:00:00+08:00,25.700000762939453,25.700000762939453,25.549999237060547,25.549999237060547,28001,0.0,0.0
2022-10-11 13:00:00+08:00,25.549999237060547,25.600000381469727,25.549999237060547,25.600000381469727,4000,0.0,0.0
2022-10-12 09:00:00+08:00,25.5,25.5,25.5,25.5,0,0.0,0.0
2022-10-12 10:00:00+08:00,25.5,25.549999237060547,25.5,25.549999237060547,15000,0.0,0.0
2022-10-12 11:00:00+08:00,25.600000381469727,25.899999618530273,25.600000381469727,25.899999618530273,27000,0.0,0.0
2022-10-12 12:00:00+08:00,25.850000381469727,25.950000762939453,25.850000381469727,25.950000762939453,7000,0.0,0.0
2022-10-12 13:00:00+08:00,25.850000381469727,26.0,25.850000381469727,26.0,8000,0.0,0.0
2022-10-13 10:00:00+08:00,25.700000762939453,25.700000762939453,25.700000762939453,25.700000762939453,1000,0.0,0.0
2022-10-13 11:00:00+08:00,25.75,25.75,25.600000381469727,25.600000381469727,25000,0.0,0.0
2022-10-13 12:00:00+08:00,25.549999237060547,25.549999237060547,25.450000762939453,25.450000762939453,6000,0.0,0.0
2022-10-13 13:00:00+08:00,25.399999618530273,25.399999618530273,25.25,25.399999618530273,16000,0.0,0.0
2022-10-14 10:00:00+08:00,25.600000381469727,25.600000381469727,25.450000762939453,25.450000762939453,11000,0.0,0.0
2022-10-14 11:00:00+08:00,25.399999618530273,25.399999618530273,25.350000381469727,25.350000381469727,4001,0.0,0.0
2022-10-14 12:00:00+08:00,25.350000381469727,25.399999618530273,25.350000381469727,25.399999618530273,3000,0.0,0.0
2022-10-14 13:00:00+08:00,25.350000381469727,25.399999618530273,25.350000381469727,25.399999618530273,6002,0.0,0.0
2022-10-17 12:00:00+08:00,24.850000381469727,24.850000381469727,24.850000381469727,24.850000381469727,0,0.0,0.0
2022-10-17 13:00:00+08:00,24.899999618530273,25.25,24.850000381469727,25.25,15000,0.0,0.0
2022-10-18 09:00:00+08:00,25.25,25.25,25.149999618530273,25.200000762939453,0,0.0,0.0
2022-10-18 10:00:00+08:00,25.200000762939453,25.299999237060547,25.200000762939453,25.299999237060547,11000,0.0,0.0
2022-10-18 11:00:00+08:00,25.200000762939453,25.299999237060547,25.200000762939453,25.299999237060547,2000,0.0,0.0
2022-10-18 12:00:00+08:00,25.299999237060547,25.299999237060547,25.299999237060547,25.299999237060547,1000,0.0,0.0
2022-10-18 13:00:00+08:00,25.100000381469727,25.299999237060547,25.100000381469727,25.299999237060547,2000,0.0,0.0
2022-10-19 09:00:00+08:00,25.350000381469727,25.350000381469727,24.899999618530273,25.350000381469727,0,0.0,0.0
2022-10-19 11:00:00+08:00,25.0,25.0,25.0,25.0,11000,0.0,0.0
2022-10-19 12:00:00+08:00,25.0,25.0,24.600000381469727,24.950000762939453,27000,0.0,0.0
2022-10-20 09:00:00+08:00,24.100000381469727,24.149999618530273,23.899999618530273,24.049999237060547,0,0.0,0.0
2022-10-20 10:00:00+08:00,24.0,24.049999237060547,24.0,24.049999237060547,14000,0.0,0.0
2022-10-20 11:00:00+08:00,24.049999237060547,24.049999237060547,24.049999237060547,24.049999237060547,3941,0.0,0.0
2022-10-20 12:00:00+08:00,24.0,24.0,24.0,24.0,16000,0.0,0.0
2022-10-20 13:00:00+08:00,24.0,24.100000381469727,24.0,24.100000381469727,12000,0.0,0.0
2022-10-21 09:00:00+08:00,24.649999618530273,24.649999618530273,23.899999618530273,23.899999618530273,0,0.0,0.0
2022-10-21 10:00:00+08:00,24.0,24.049999237060547,24.0,24.049999237060547,20003,0.0,0.0
2022-10-21 11:00:00+08:00,24.0,24.049999237060547,24.0,24.049999237060547,2008,0.0,0.0
2022-10-21 13:00:00+08:00,23.899999618530273,24.0,23.899999618530273,24.0,2001,0.0,0.0
2022-10-24 09:00:00+08:00,23.799999237060547,23.799999237060547,23.799999237060547,23.799999237060547,0,0.0,0.0
2022-10-24 10:00:00+08:00,23.75,23.799999237060547,23.649999618530273,23.649999618530273,15111,0.0,0.0
2022-10-24 11:00:00+08:00,23.649999618530273,23.649999618530273,23.5,23.5,20001,0.0,0.0
2022-10-24 12:00:00+08:00,23.450000762939453,23.450000762939453,23.450000762939453,23.450000762939453,2000,0.0,0.0
2022-10-24 13:00:00+08:00,23.5,23.5,23.450000762939453,23.5,3000,0.0,0.0
2022-10-25 09:00:00+08:00,23.450000762939453,23.450000762939453,23.049999237060547,23.100000381469727,0,0.0,0.0
2022-10-25 10:00:00+08:00,23.100000381469727,23.100000381469727,23.0,23.0,10001,0.0,0.0
2022-10-25 11:00:00+08:00,23.0,23.049999237060547,22.649999618530273,22.649999618530273,20001,0.0,0.0
2022-10-25 12:00:00+08:00,22.700000762939453,23.0,22.700000762939453,23.0,3000,0.0,0.0
2022-10-25 13:00:00+08:00,22.899999618530273,23.0,22.899999618530273,23.0,3000,0.0,0.0
2022-10-26 09:00:00+08:00,22.799999237060547,22.799999237060547,22.700000762939453,22.75,0,0.0,0.0
2022-10-26 11:00:00+08:00,22.75,22.75,22.75,22.75,2000,0.0,0.0
2022-10-26 12:00:00+08:00,22.75,22.799999237060547,22.75,22.799999237060547,12000,0.0,0.0
2022-10-26 13:00:00+08:00,22.899999618530273,22.899999618530273,22.899999618530273,22.899999618530273,0,0.0,0.0
2022-10-27 09:00:00+08:00,23.0,23.0,22.850000381469727,22.950000762939453,17000,0.0,0.0
2022-10-27 10:00:00+08:00,23.0,23.0,23.0,23.0,6000,0.0,0.0
2022-10-27 11:00:00+08:00,22.950000762939453,22.950000762939453,22.950000762939453,22.950000762939453,1000,0.0,0.0
2022-10-27 12:00:00+08:00,22.950000762939453,23.100000381469727,22.950000762939453,23.100000381469727,25000,0.0,0.0
2022-10-27 13:00:00+08:00,23.049999237060547,23.149999618530273,23.049999237060547,23.149999618530273,7000,0.0,0.0
2022-10-28 10:00:00+08:00,23.100000381469727,23.100000381469727,23.049999237060547,23.049999237060547,4350,0.0,0.0
2022-10-28 11:00:00+08:00,23.0,23.0,23.0,23.0,3000,0.0,0.0
2022-10-28 12:00:00+08:00,23.0,23.0,23.0,23.0,1000,0.0,0.0
2022-10-28 13:00:00+08:00,22.799999237060547,22.950000762939453,22.799999237060547,22.950000762939453,4000,0.0,0.0
2022-10-31 09:00:00+08:00,22.950000762939453,22.950000762939453,22.899999618530273,22.950000762939453,0,0.0,0.0
2022-10-31 10:00:00+08:00,22.850000381469727,22.950000762939453,22.850000381469727,22.950000762939453,4300,0.0,0.0
2022-11-01 09:00:00+08:00,22.950000762939453,23.0,22.899999618530273,23.0,3589,0.0,0.0
2022-11-01 10:00:00+08:00,23.0,23.100000381469727,23.0,23.100000381469727,9000,0.0,0.0
2022-11-01 11:00:00+08:00,23.100000381469727,23.100000381469727,23.100000381469727,23.100000381469727,1000,0.0,0.0
2022-11-01 12:00:00+08:00,22.950000762939453,22.950000762939453,22.899999618530273,22.899999618530273,7004,0.0,0.0
2022-11-01 13:00:00+08:00,22.899999618530273,22.899999618530273,22.899999618530273,22.899999618530273,10000,0.0,0.0
2022-11-02 10:00:00+08:00,23.049999237060547,23.100000381469727,22.950000762939453,23.100000381469727,26000,0.0,0.0
2022-11-02 11:00:00+08:00,23.149999618530273,23.600000381469727,23.149999618530273,23.600000381469727,16000,0.0,0.0
2022-11-03 11:00:00+08:00,23.149999618530273,23.149999618530273,23.149999618530273,23.149999618530273,0,0.0,0.0
2022-11-03 12:00:00+08:00,23.450000762939453,23.450000762939453,23.450000762939453,23.450000762939453,1000,0.0,0.0
2022-11-04 09:00:00+08:00,23.350000381469727,23.399999618530273,23.350000381469727,23.399999618530273,873,0.0,0.0
2022-11-04 10:00:00+08:00,23.399999618530273,23.600000381469727,23.399999618530273,23.600000381469727,6001,0.0,0.0
2022-11-04 13:00:00+08:00,23.5,23.5,23.5,23.5,2000,0.0,0.0
2022-11-07 09:00:00+08:00,23.600000381469727,23.75,23.600000381469727,23.600000381469727,0,0.0,0.0
2022-11-07 10:00:00+08:00,23.700000762939453,23.799999237060547,23.549999237060547,23.549999237060547,4001,0.0,0.0
2022-11-07 11:00:00+08:00,23.75,23.75,23.75,23.75,3000,0.0,0.0
2022-11-07 12:00:00+08:00,23.75,23.799999237060547,23.75,23.75,5000,0.0,0.0
2022-11-07 13:00:00+08:00,23.75,23.899999618530273,23.75,23.899999618530273,13000,0.0,0.0
2022-11-08 09:00:00+08:00,24.200000762939453,24.450000762939453,24.200000762939453,24.450000762939453,2609,0.0,0.0
2022-11-08 10:00:00+08:00,24.399999618530273,24.450000762939453,24.049999237060547,24.399999618530273,4004,0.0,0.0
2022-11-08 12:00:00+08:00,24.049999237060547,24.049999237060547,24.049999237060547,24.049999237060547,1000,0.0,0.0
2022-11-08 13:00:00+08:00,24.25,24.25,24.25,24.25,1000,0.0,0.0
2022-11-09 10:00:00+08:00,24.25,24.25,23.850000381469727,24.200000762939453,17189,0.0,0.0
2022-11-09 12:00:00+08:00,24.200000762939453,24.200000762939453,24.0,24.0,3000,0.0,0.0
2022-11-09 13:00:00+08:00,24.200000762939453,24.299999237060547,24.200000762939453,24.299999237060547,6000,0.0,0.0
2022-11-10 10:00:00+08:00,24.0,24.0,24.0,24.0,0,0.0,0.0
2022-11-10 11:00:00+08:00,24.0,24.0,24.0,24.0,3000,0.0,0.0
2022-11-11 09:00:00+08:00,24.5,24.5,24.5,24.5,0,0.0,0.0
2022-11-11 10:00:00+08:00,24.299999237060547,24.399999618530273,24.299999237060547,24.399999618530273,5050,0.0,0.0
2022-11-11 11:00:00+08:00,24.100000381469727,24.299999237060547,24.0,24.299999237060547,8200,0.0,0.0
2022-11-14 09:00:00+08:00,24.049999237060547,24.049999237060547,24.0,24.0,0,0.0,0.0
2022-11-14 10:00:00+08:00,24.0,24.0,24.0,24.0,4101,0.0,0.0
2022-11-14 11:00:00+08:00,24.0,24.0,24.0,24.0,2025,0.0,0.0
2022-11-14 12:00:00+08:00,24.0,24.0,24.0,24.0,3298,0.0,0.0
2022-11-15 09:00:00+08:00,24.049999237060547,24.049999237060547,24.0,24.0,0,0.0,0.0
2022-11-15 10:00:00+08:00,24.0,24.049999237060547,23.899999618530273,23.899999618530273,7246,0.0,0.0
2022-11-15 11:00:00+08:00,23.899999618530273,24.0,23.899999618530273,24.0,5000,0.0,0.0
2022-11-15 12:00:00+08:00,24.049999237060547,24.100000381469727,24.049999237060547,24.100000381469727,2000,0.0,0.0
2022-11-15 13:00:00+08:00,24.350000381469727,24.350000381469727,24.350000381469727,24.350000381469727,3074,0.0,0.0
2022-11-16 12:00:00+08:00,24.299999237060547,24.350000381469727,24.299999237060547,24.350000381469727,0,0.0,0.0
2022-11-16 13:00:00+08:00,24.350000381469727,24.399999618530273,24.350000381469727,24.399999618530273,3000,0.0,0.0
2022-11-17 11:00:00+08:00,24.399999618530273,24.450000762939453,24.350000381469727,24.450000762939453,3000,0.0,0.0
2022-11-17 13:00:00+08:00,24.200000762939453,24.450000762939453,24.200000762939453,24.450000762939453,5000,0.0,0.0
2022-11-18 11:00:00+08:00,24.350000381469727,24.450000762939453,24.350000381469727,24.450000762939453,1000,0.0,0.0
2022-11-18 12:00:00+08:00,24.450000762939453,24.549999237060547,24.450000762939453,24.549999237060547,8000,0.0,0.0
2022-11-21 09:00:00+08:00,24.350000381469727,24.600000381469727,24.299999237060547,24.600000381469727,0,0.0,0.0
2022-11-21 12:00:00+08:00,24.299999237060547,24.299999237060547,24.299999237060547,24.299999237060547,4000,0.0,0.0
2022-11-21 13:00:00+08:00,24.299999237060547,24.299999237060547,24.299999237060547,24.299999237060547,2000,0.0,0.0
2022-11-22 11:00:00+08:00,24.450000762939453,24.450000762939453,24.450000762939453,24.450000762939453,3000,0.0,0.0
2022-11-23 09:00:00+08:00,24.149999618530273,24.350000381469727,24.149999618530273,24.350000381469727,0,0.0,0.0
2022-11-23 10:00:00+08:00,24.200000762939453,24.399999618530273,24.200000762939453,24.399999618530273,6001,0.0,0.0
2022-11-23 12:00:00+08:00,24.299999237060547,24.299999237060547,24.299999237060547,24.299999237060547,1000,0.0,0.0
2022-11-23 13:00:00+08:00,24.5,24.600000381469727,24.5,24.600000381469727,2001,0.0,0.0
2022-11-24 09:00:00+08:00,24.399999618530273,24.399999618530273,24.200000762939453,24.350000381469727,5996,0.0,0.0
2022-11-24 11:00:00+08:00,24.200000762939453,24.25,24.149999618530273,24.25,11012,0.0,0.0
2022-11-24 13:00:00+08:00,24.25,24.25,24.25,24.25,3000,0.0,0.0
2022-11-25 09:00:00+08:00,24.549999237060547,24.549999237060547,24.549999237060547,24.549999237060547,0,0.0,0.0
2022-11-25 10:00:00+08:00,24.450000762939453,24.450000762939453,24.450000762939453,24.450000762939453,6001,0.0,0.0
2022-11-25 11:00:00+08:00,24.25,24.25,24.25,24.25,5000,0.0,0.0
2022-11-25 12:00:00+08:00,24.25,24.299999237060547,24.25,24.25,7000,0.0,0.0
2022-11-25 13:00:00+08:00,24.200000762939453,24.200000762939453,24.200000762939453,24.200000762939453,5000,0.0,0.0
2022-11-28 09:00:00+08:00,24.25,24.25,24.25,24.25,0,0.0,0.0
2022-11-28 10:00:00+08:00,24.25,24.25,24.25,24.25,1001,0.0,0.0
2022-11-28 12:00:00+08:00,24.25,24.25,24.25,24.25,1000,0.0,0.0
2022-11-28 13:00:00+08:00,24.200000762939453,24.200000762939453,24.200000762939453,24.200000762939453,1000,0.0,0.0
2022-11-29 09:00:00+08:00,24.25,24.25,24.25,24.25,0,0.0,0.0
2022-11-29 11:00:00+08:00,24.25,24.25,24.200000762939453,24.200000762939453,7000,0.0,0.0
2022-11-29 12:00:00+08:00,24.25,24.25,24.25,24.25,1000,0.0,0.0
2022-11-30 09:00:00+08:00,24.299999237060547,24.299999237060547,24.299999237060547,24.299999237060547,0,0.0,0.0
2022-11-30 11:00:00+08:00,24.299999237060547,24.350000381469727,24.25,24.25,15000,0.0,0.0
2022-11-30 12:00:00+08:00,24.25,24.25,24.25,24.25,1165,0.0,0.0
2022-11-30 13:00:00+08:00,24.25,24.450000762939453,24.25,24.450000762939453,4346,0.0,0.0
2022-12-01 09:00:00+08:00,24.649999618530273,24.649999618530273,24.549999237060547,24.549999237060547,0,0.0,0.0
2022-12-01 10:00:00+08:00,24.600000381469727,24.649999618530273,24.600000381469727,24.649999618530273,5000,0.0,0.0
2022-12-01 11:00:00+08:00,24.799999237060547,24.799999237060547,24.700000762939453,24.700000762939453,2000,0.0,0.0
2022-12-01 12:00:00+08:00,24.649999618530273,24.649999618530273,24.549999237060547,24.600000381469727,6100,0.0,0.0
2022-12-01 13:00:00+08:00,24.399999618530273,24.399999618530273,24.399999618530273,24.399999618530273,2000,0.0,0.0
2022-12-02 09:00:00+08:00,24.600000381469727,24.600000381469727,24.600000381469727,24.600000381469727,0,0.0,0.0
2022-12-02 10:00:00+08:00,24.5,24.700000762939453,24.5,24.700000762939453,8000,0.0,0.0
2022-12-02 11:00:00+08:00,24.649999618530273,24.700000762939453,24.600000381469727,24.700000762939453,5000,0.0,0.0
2022-12-02 12:00:00+08:00,24.600000381469727,24.649999618530273,24.5,24.649999618530273,5000,0.0,0.0
2022-12-02 13:00:00+08:00,24.649999618530273,24.700000762939453,24.649999618530273,24.700000762939453,4000,0.0,0.0
2022-12-05 09:00:00+08:00,24.799999237060547,25.200000762939453,24.799999237060547,25.200000762939453,0,0.0,0.0
2022-12-05 10:00:00+08:00,25.149999618530273,25.200000762939453,25.0,25.100000381469727,17000,0.0,0.0
2022-12-05 11:00:00+08:00,25.100000381469727,25.200000762939453,25.100000381469727,25.200000762939453,9000,0.0,0.0
2022-12-05 12:00:00+08:00,25.200000762939453,25.649999618530273,25.200000762939453,25.350000381469727,28000,0.0,0.0
2022-12-05 13:00:00+08:00,25.350000381469727,25.399999618530273,25.350000381469727,25.399999618530273,7000,0.0,0.0
2022-12-06 09:00:00+08:00,25.100000381469727,25.600000381469727,25.100000381469727,25.450000762939453,0,0.0,0.0
2022-12-06 10:00:00+08:00,25.350000381469727,25.399999618530273,25.350000381469727,25.399999618530273,23000,0.0,0.0
2022-12-06 11:00:00+08:00,25.350000381469727,25.350000381469727,25.100000381469727,25.100000381469727,19012,0.0,0.0
2022-12-06 12:00:00+08:00,25.100000381469727,25.100000381469727,25.0,25.0,11000,0.0,0.0
2022-12-06 13:00:00+08:00,25.049999237060547,25.100000381469727,25.0,25.100000381469727,6018,0.0,0.0
2022-12-07 09:00:00+08:00,25.100000381469727,25.100000381469727,25.100000381469727,25.100000381469727,0,0.0,0.0
2022-12-07 10:00:00+08:00,25.100000381469727,25.100000381469727,24.950000762939453,25.0,7000,0.0,0.0
2022-12-07 11:00:00+08:00,25.0,25.0,25.0,25.0,2000,0.0,0.0
2022-12-07 12:00:00+08:00,24.950000762939453,25.100000381469727,24.899999618530273,25.100000381469727,12000,0.0,0.0
2022-12-07 13:00:00+08:00,25.149999618530273,25.200000762939453,25.149999618530273,25.200000762939453,4000,0.0,0.0
2022-12-08 09:00:00+08:00,24.950000762939453,25.200000762939453,24.950000762939453,25.200000762939453,0,0.0,0.0
2022-12-08 10:00:00+08:00,25.0,25.399999618530273,24.950000762939453,25.399999618530273,6000,0.0,0.0
2022-12-08 11:00:00+08:00,25.450000762939453,25.450000762939453,25.399999618530273,25.450000762939453,3000,0.0,0.0
2022-12-08 12:00:00+08:00,25.399999618530273,25.399999618530273,25.399999618530273,25.399999618530273,3001,0.0,0.0
2022-12-09 09:00:00+08:00,25.350000381469727,25.549999237060547,25.350000381469727,25.549999237060547,0,0.0,0.0
2022-12-09 10:00:00+08:00,25.399999618530273,25.450000762939453,25.350000381469727,25.450000762939453,6000,0.0,0.0
2022-12-09 12:00:00+08:00,25.350000381469727,25.399999618530273,25.350000381469727,25.399999618530273,4002,0.0,0.0
2022-12-09 13:00:00+08:00,25.399999618530273,25.5,25.399999618530273,25.5,3000,0.0,0.0
2022-12-12 09:00:00+08:00,25.600000381469727,25.600000381469727,25.200000762939453,25.600000381469727,1001,0.0,0.0
2022-12-12 13:00:00+08:00,25.549999237060547,25.549999237060547,25.399999618530273,25.399999618530273,2000,0.0,0.0
2022-12-13 10:00:00+08:00,25.549999237060547,25.549999237060547,25.5,25.549999237060547,9000,0.0,0.0
2022-12-13 13:00:00+08:00,25.399999618530273,25.5,25.399999618530273,25.5,6000,0.0,0.0
2022-12-14 09:00:00+08:00,25.75,25.75,25.75,25.75,0,0.0,0.0
2022-12-14 10:00:00+08:00,25.5,25.600000381469727,25.5,25.600000381469727,2055,0.0,0.0
2022-12-14 11:00:00+08:00,25.5,25.5,25.5,25.5,1032,0.0,0.0
2022-12-14 12:00:00+08:00,25.5,25.5,25.399999618530273,25.5,7000,0.0,0.0
2022-12-15 09:00:00+08:00,25.5,25.600000381469727,25.399999618530273,25.600000381469727,1907,0.0,0.0
2022-12-15 11:00:00+08:00,25.5,25.5,25.5,25.5,1000,0.0,0.0
2022-12-15 12:00:00+08:00,25.5,25.5,25.299999237060547,25.5,10000,0.0,0.0
2022-12-15 13:00:00+08:00,25.399999618530273,25.5,25.399999618530273,25.5,2000,0.0,0.0
2022-12-16 09:00:00+08:00,25.5,25.799999237060547,25.350000381469727,25.799999237060547,0,0.0,0.0
2022-12-16 10:00:00+08:00,25.649999618530273,25.700000762939453,25.5,25.5,7000,0.0,0.0
2022-12-16 11:00:00+08:00,25.700000762939453,25.700000762939453,25.350000381469727,25.649999618530273,9000,0.0,0.0
2022-12-16 12:00:00+08:00,25.649999618530273,25.75,25.600000381469727,25.600000381469727,13002,0.0,0.0
2022-12-16 13:00:00+08:00,25.600000381469727,25.75,25.600000381469727,25.75,5000,0.0,0.0
2022-12-19 09:00:00+08:00,25.75,25.950000762939453,25.75,25.950000762939453,0,0.0,0.0
2022-12-19 10:00:00+08:00,25.899999618530273,25.899999618530273,25.899999618530273,25.899999618530273,1000,0.0,0.0
2022-12-19 11:00:00+08:00,25.899999618530273,25.950000762939453,25.899999618530273,25.950000762939453,2660,0.0,0.0
2022-12-19 12:00:00+08:00,25.899999618530273,25.950000762939453,25.899999618530273,25.950000762939453,10000,0.0,0.0
2022-12-19 13:00:00+08:00,26.149999618530273,26.149999618530273,26.149999618530273,26.149999618530273,13000,0.0,0.0
2022-12-20 09:00:00+08:00,26.149999618530273,26.299999237060547,25.850000381469727,26.299999237060547,0,0.0,0.0
2022-12-20 10:00:00+08:00,26.0,26.149999618530273,26.0,26.149999618530273,6652,0.0,0.0
2022-12-20 11:00:00+08:00,25.850000381469727,25.850000381469727,25.5,25.5,35000,0.0,0.0
2022-12-20 12:00:00+08:00,25.450000762939453,25.450000762939453,25.399999618530273,25.399999618530273,4011,0.0,0.0
2022-12-20 13:00:00+08:00,25.5,25.5,25.5,25.5,1001,0.0,0.0
2022-12-21 09:00:00+08:00,27.399999618530273,27.399999618530273,26.299999237060547,26.299999237060547,0,0.0,0.0
2022-12-21 10:00:00+08:00,26.299999237060547,26.299999237060547,25.600000381469727,25.950000762939453,27501,0.0,0.0
2022-12-21 11:00:00+08:00,26.350000381469727,26.450000762939453,26.299999237060547,26.450000762939453,6000,0.0,0.0
2022-12-21 12:00:00+08:00,26.0,26.399999618530273,26.0,26.399999618530273,7145,0.0,0.0
2022-12-22 09:00:00+08:00,26.299999237060547,26.649999618530273,26.299999237060547,26.5,0,0.0,0.0
2022-12-22 10:00:00+08:00,26.649999618530273,26.649999618530273,26.649999618530273,26.649999618530273,4000,0.0,0.0
2022-12-22 11:00:00+08:00,26.600000381469727,26.700000762939453,26.600000381469727,26.700000762939453,5589,0.0,0.0
2022-12-22 12:00:00+08:00,26.5,26.549999237060547,26.5,26.549999237060547,16000,0.0,0.0
2022-12-22 13:00:00+08:00,26.649999618530273,26.649999618530273,26.649999618530273,26.649999618530273,2000,0.0,0.0
2022-12-23 10:00:00+08:00,26.600000381469727,26.649999618530273,26.5,26.5,1000,0.0,0.0
2022-12-23 11:00:00+08:00,26.649999618530273,26.649999618530273,26.649999618530273,26.649999618530273,2000,0.0,0.0
2022-12-23 12:00:00+08:00,26.649999618530273,26.649999618530273,26.649999618530273,26.649999618530273,4000,0.0,0.0
2022-12-23 13:00:00+08:00,26.600000381469727,26.649999618530273,26.600000381469727,26.649999618530273,5000,0.0,0.0
2022-12-26 10:00:00+08:00,26.700000762939453,26.75,26.700000762939453,26.700000762939453,6000,0.0,0.0
2022-12-26 11:00:00+08:00,26.700000762939453,26.799999237060547,26.649999618530273,26.799999237060547,14000,0.0,0.0
2022-12-26 12:00:00+08:00,26.950000762939453,26.950000762939453,26.899999618530273,26.899999618530273,2000,0.0,0.0
2022-12-27 09:00:00+08:00,27.0,27.149999618530273,27.0,27.149999618530273,0,0.0,0.0
2022-12-27 10:00:00+08:00,27.100000381469727,27.100000381469727,26.899999618530273,27.049999237060547,5131,0.0,0.0
2022-12-27 11:00:00+08:00,27.049999237060547,27.100000381469727,27.0,27.0,6026,0.0,0.0
2022-12-27 12:00:00+08:00,27.100000381469727,27.149999618530273,27.0,27.0,18051,0.0,0.0
2022-12-27 13:00:00+08:00,27.0,27.100000381469727,26.950000762939453,27.100000381469727,3000,0.0,0.0
2022-12-28 09:00:00+08:00,26.799999237060547,26.899999618530273,26.799999237060547,26.899999618530273,0,0.0,0.0
2022-12-28 10:00:00+08:00,27.0,27.0,27.0,27.0,1000,0.0,0.0
2022-12-28 11:00:00+08:00,26.899999618530273,26.950000762939453,26.899999618530273,26.950000762939453,17202,0.0,0.0
2022-12-28 12:00:00+08:00,26.899999618530273,26.950000762939453,26.899999618530273,26.899999618530273,6000,0.0,0.0
2022-12-28 13:00:00+08:00,27.0,27.0,27.0,27.0,4000,0.0,0.0
2022-12-29 09:00:00+08:00,27.0,27.0,26.5,26.5,0,0.0,0.0
2022-12-29 10:00:00+08:00,26.75,26.75,26.75,26.75,1000,0.0,0.0
2022-12-29 11:00:00+08:00,26.75,26.75,26.75,26.75,2000,0.0,0.0
2022-12-29 12:00:00+08:00,26.649999618530273,26.700000762939453,26.549999237060547,26.700000762939453,12018,0.0,0.0
2022-12-30 09:00:00+08:00,26.649999618530273,26.700000762939453,26.649999618530273,26.700000762939453,0,0.0,0.0
2022-12-30 10:00:00+08:00,26.649999618530273,26.649999618530273,26.5,26.5,9000,0.0,0.0
2022-12-30 11:00:00+08:00,26.5,26.649999618530273,26.450000762939453,26.450000762939453,7000,0.0,0.0
2022-12-30 12:00:00+08:00,26.450000762939453,26.450000762939453,26.200000762939453,26.200000762939453,11000,0.0,0.0
2022-12-30 13:00:00+08:00,26.200000762939453,26.200000762939453,26.200000762939453,26.200000762939453,7000,0.0,0.0
2023-01-03 09:00:00+08:00,26.350000381469727,26.5,26.299999237060547,26.5,0,0.0,0.0
2023-01-03 13:00:00+08:00,26.450000762939453,26.5,26.450000762939453,26.5,4000,0.0,0.0
2023-01-04 09:00:00+08:00,26.25,26.25,26.200000762939453,26.25,0,0.0,0.0
2023-01-04 11:00:00+08:00,26.25,26.25,26.149999618530273,26.149999618530273,9002,0.0,0.0
2023-01-04 13:00:00+08:00,26.149999618530273,26.149999618530273,26.149999618530273,26.149999618530273,2000,0.0,0.0
2023-01-05 09:00:00+08:00,26.049999237060547,26.149999618530273,26.049999237060547,26.149999618530273,0,0.0,0.0
2023-01-05 11:00:00+08:00,26.5,26.649999618530273,26.5,26.649999618530273,9000,0.0,0.0
2023-01-05 12:00:00+08:00,26.649999618530273,26.75,26.350000381469727,26.75,10000,0.0,0.0
2023-01-05 13:00:00+08:00,26.75,26.799999237060547,26.75,26.799999237060547,7000,0.0,0.0
2023-01-06 10:00:00+08:00,26.75,26.799999237060547,26.75,26.799999237060547,0,0.0,0.0
2023-01-06 11:00:00+08:00,26.75,26.799999237060547,26.75,26.799999237060547,4000,0.0,0.0
2023-01-06 12:00:00+08:00,26.5,26.700000762939453,26.5,26.700000762939453,0,0.0,0.0
2023-01-06 13:00:00+08:00,26.549999237060547,26.75,26.549999237060547,26.75,14001,0.0,0.0
2023-01-09 09:00:00+08:00,26.850000381469727,26.899999618530273,26.850000381469727,26.899999618530273,0,0.0,0.0
2023-01-09 11:00:00+08:00,26.5,26.799999237060547,26.399999618530273,26.799999237060547,10200,0.0,0.0
2023-01-09 12:00:00+08:00,26.799999237060547,26.799999237060547,26.799999237060547,26.799999237060547,9174,0.0,0.0
2023-01-09 13:00:00+08:00,26.799999237060547,26.899999618530273,26.799999237060547,26.899999618530273,7000,0.0,0.0
2023-01-10 10:00:00+08:00,26.950000762939453,27.0,26.950000762939453,27.0,9052,0.0,0.0
2023-01-10 12:00:00+08:00,26.75,26.950000762939453,26.700000762939453,26.950000762939453,7000,0.0,0.0
2023-01-10 13:00:00+08:00,26.700000762939453,26.899999618530273,26.700000762939453,26.899999618530273,3000,0.0,0.0
2023-01-11 09:00:00+08:00,26.600000381469727,27.0,26.600000381469727,27.0,0,0.0,0.0
2023-01-11 12:00:00+08:00,26.649999618530273,26.899999618530273,26.649999618530273,26.899999618530273,6242,0.0,0.0
2023-01-11 13:00:00+08:00,26.950000762939453,26.950000762939453,26.950000762939453,26.950000762939453,1000,0.0,0.0
2023-01-12 09:00:00+08:00,26.950000762939453,26.950000762939453,26.950000762939453,26.950000762939453,0,0.0,0.0
2023-01-12 12:00:00+08:00,26.799999237060547,26.799999237060547,26.799999237060547,26.799999237060547,5003,0.0,0.0
2023-01-13 09:00:00+08:00,26.600000381469727,26.799999237060547,26.600000381469727,26.799999237060547,0,0.0,0.0
2023-01-13 10:00:00+08:00,26.899999618530273,26.950000762939453,26.899999618530273,26.950000762939453,3000,0.0,0.0
2023-01-13 11:00:00+08:00,26.649999618530273,26.899999618530273,26.649999618530273,26.899999618530273,3000,0.0,0.0
2023-01-13 13:00:00+08:00,26.850000381469727,26.899999618530273,26.850000381469727,26.899999618530273,4030,0.0,0.0
2023-01-16 09:00:00+08:00,26.799999237060547,26.799999237060547,26.399999618530273,26.450000762939453,14970,0.0,0.0
2023-01-16 10:00:00+08:00,26.399999618530273,26.399999618530273,26.350000381469727,26.350000381469727,19001,0.0,0.0
2023-01-16 11:00:00+08:00,26.399999618530273,26.399999618530273,26.350000381469727,26.350000381469727,5001,0.0,0.0
2023-01-16 12:00:00+08:00,26.399999618530273,26.549999237060547,26.399999618530273,26.549999237060547,2000,0.0,0.0
2023-01-17 09:00:00+08:00,26.350000381469727,26.399999618530273,26.350000381469727,26.399999618530273,0,0.0,0.0
2023-01-17 10:00:00+08:00,26.450000762939453,26.450000762939453,26.450000762939453,26.450000762939453,2003,0.0,0.0
2023-01-17 11:00:00+08:00,26.450000762939453,26.450000762939453,26.350000381469727,26.350000381469727,13001,0.0,0.0
2023-01-17 12:00:00+08:00,26.350000381469727,26.350000381469727,26.350000381469727,26.350000381469727,5000,0.0,0.0
2023-01-17 13:00:00+08:00,26.350000381469727,26.350000381469727,26.350000381469727,26.350000381469727,1000,0.0,0.0
2023-01-30 09:00:00+08:00,26.649999618530273,26.649999618530273,26.350000381469727,26.350000381469727,0,0.0,0.0
2023-01-30 10:00:00+08:00,26.5,26.649999618530273,26.5,26.649999618530273,3000,0.0,0.0
2023-01-30 11:00:00+08:00,26.5,26.549999237060547,26.350000381469727,26.5,27000,0.0,0.0
2023-01-31 09:00:00+08:00,26.399999618530273,26.399999618530273,26.399999618530273,26.399999618530273,0,0.0,0.0
2023-01-31 10:00:00+08:00,26.399999618530273,26.399999618530273,26.399999618530273,26.399999618530273,1004,0.0,0.0
2023-01-31 12:00:00+08:00,26.399999618530273,26.399999618530273,26.399999618530273,26.399999618530273,10001,0.0,0.0
2023-02-01 09:00:00+08:00,26.399999618530273,26.549999237060547,26.299999237060547,26.549999237060547,1991,0.0,0.0
2023-02-01 10:00:00+08:00,26.450000762939453,26.450000762939453,26.399999618530273,26.399999618530273,4000,0.0,0.0
2023-02-01 11:00:00+08:00,26.399999618530273,26.399999618530273,26.399999618530273,26.399999618530273,2000,0.0,0.0
2023-02-01 13:00:00+08:00,26.450000762939453,26.649999618530273,26.450000762939453,26.649999618530273,3000,0.0,0.0
2023-02-02 09:00:00+08:00,26.25,26.350000381469727,26.25,26.299999237060547,0,0.0,0.0
2023-02-02 10:00:00+08:00,26.549999237060547,26.649999618530273,26.549999237060547,26.649999618530273,3001,0.0,0.0
2023-02-02 11:00:00+08:00,26.649999618530273,26.649999618530273,26.649999618530273,26.649999618530273,1004,0.0,0.0
2023-02-02 13:00:00+08:00,26.399999618530273,26.399999618530273,26.399999618530273,26.399999618530273,1225,0.0,0.0
2023-02-03 10:00:00+08:00,26.399999618530273,26.399999618530273,26.399999618530273,26.399999618530273,5000,0.0,0.0
2023-02-03 11:00:00+08:00,26.399999618530273,26.450000762939453,26.399999618530273,26.450000762939453,8001,0.0,0.0
2023-02-06 09:00:00+08:00,26.350000381469727,26.799999237060547,26.350000381469727,26.799999237060547,10373,0.0,0.0
2023-02-06 11:00:00+08:00,26.75,26.799999237060547,26.5,26.5,13000,0.0,0.0
2023-02-06 12:00:00+08:00,26.649999618530273,26.799999237060547,26.649999618530273,26.799999237060547,25100,0.0,0.0
2023-02-06 13:00:00+08:00,26.799999237060547,26.799999237060547,26.799999237060547,26.799999237060547,1000,0.0,0.0
2023-02-07 09:00:00+08:00,26.799999237060547,26.899999618530273,26.799999237060547,26.899999618530273,0,0.0,0.0
2023-02-07 10:00:00+08:00,26.899999618530273,27.049999237060547,26.899999618530273,27.049999237060547,21001,0.0,0.0
2023-02-07 11:00:00+08:00,27.0,27.0,27.0,27.0,10110,0.0,0.0
2023-02-07 12:00:00+08:00,27.0,27.0,27.0,27.0,6000,0.0,0.0
2023-02-07 13:00:00+08:00,27.0,27.0,27.0,27.0,4000,0.0,0.0
2023-02-08 09:00:00+08:00,27.0,27.200000762939453,27.0,27.200000762939453,0,0.0,0.0
2023-02-08 10:00:00+08:00,27.100000381469727,27.149999618530273,27.100000381469727,27.149999618530273,2001,0.0,0.0
2023-02-08 11:00:00+08:00,27.149999618530273,27.149999618530273,27.149999618530273,27.149999618530273,12100,0.0,0.0
2023-02-08 12:00:00+08:00,27.149999618530273,27.200000762939453,27.149999618530273,27.200000762939453,15000,0.0,0.0
2023-02-08 13:00:00+08:00,27.200000762939453,27.200000762939453,27.200000762939453,27.200000762939453,4000,0.0,0.0
2023-02-09 09:00:00+08:00,27.200000762939453,27.200000762939453,27.049999237060547,27.049999237060547,0,0.0,0.0
2023-02-09 10:00:00+08:00,27.049999237060547,27.049999237060547,27.0,27.0,27000,0.0,0.0
2023-02-09 11:00:00+08:00,27.049999237060547,27.100000381469727,27.049999237060547,27.049999237060547,9000,0.0,0.0
2023-02-09 12:00:00+08:00,27.049999237060547,27.049999237060547,27.049999237060547,27.049999237060547,7000,0.0,0.0
2023-02-09 13:00:00+08:00,27.0,27.0,27.0,27.0,8002,0.0,0.0
2023-02-10 09:00:00+08:00,27.100000381469727,27.299999237060547,27.100000381469727,27.200000762939453,0,0.0,0.0
2023-02-10 10:00:00+08:00,27.200000762939453,27.200000762939453,27.149999618530273,27.149999618530273,3003,0.0,0.0
2023-02-10 12:00:00+08:00,27.049999237060547,27.149999618530273,27.049999237060547,27.149999618530273,2100,0.0,0.0
2023-02-10 13:00:00+08:00,27.149999618530273,27.149999618530273,27.149999618530273,27.149999618530273,1000,0.0,0.0
2023-02-13 09:00:00+08:00,27.049999237060547,27.049999237060547,26.850000381469727,26.850000381469727,932,0.0,0.0
2023-02-13 10:00:00+08:00,26.899999618530273,26.899999618530273,26.850000381469727,26.850000381469727,4028,0.0,0.0
2023-02-13 11:00:00+08:00,26.850000381469727,26.850000381469727,26.850000381469727,26.850000381469727,8426,0.0,0.0
2023-02-13 12:00:00+08:00,26.850000381469727,26.850000381469727,26.850000381469727,26.850000381469727,2000,0.0,0.0
2023-02-14 10:00:00+08:00,27.0,27.0,26.799999237060547,26.799999237060547,15016,0.0,0.0
2023-02-14 13:00:00+08:00,26.899999618530273,27.100000381469727,26.899999618530273,27.100000381469727,24050,0.0,0.0
2023-02-15 09:00:00+08:00,27.100000381469727,27.100000381469727,27.100000381469727,27.100000381469727,0,0.0,0.0
2023-02-15 10:00:00+08:00,27.100000381469727,27.100000381469727,27.100000381469727,27.100000381469727,2000,0.0,0.0
2023-02-15 11:00:00+08:00,27.049999237060547,27.049999237060547,27.0,27.0,3001,0.0,0.0
2023-02-15 12:00:00+08:00,27.0,27.0,26.899999618530273,26.950000762939453,12001,0.0,0.0
2023-02-15 13:00:00+08:00,27.0,27.0,26.950000762939453,27.0,3000,0.0,0.0
2023-02-16 09:00:00+08:00,27.549999237060547,27.549999237060547,27.549999237060547,27.549999237060547,0,0.0,0.0
2023-02-16 10:00:00+08:00,27.049999237060547,27.049999237060547,27.049999237060547,27.049999237060547,1000,0.0,0.0
2023-02-16 11:00:00+08:00,27.049999237060547,27.049999237060547,27.0,27.0,3001,0.0,0.0
2023-02-16 13:00:00+08:00,27.0,27.0,27.0,27.0,3000,0.0,0.0
2023-02-17 09:00:00+08:00,27.049999237060547,27.049999237060547,27.049999237060547,27.049999237060547,0,0.0,0.0
2023-02-17 10:00:00+08:00,27.049999237060547,27.100000381469727,27.049999237060547,27.100000381469727,14000,0.0,0.0
2023-02-17 11:00:00+08:00,27.100000381469727,27.100000381469727,27.049999237060547,27.049999237060547,2022,0.0,0.0
2023-02-20 09:00:00+08:00,27.049999237060547,27.049999237060547,27.049999237060547,27.049999237060547,0,0.0,0.0
2023-02-20 10:00:00+08:00,27.100000381469727,27.149999618530273,27.100000381469727,27.149999618530273,3007,0.0,0.0
2023-02-20 11:00:00+08:00,27.149999618530273,27.149999618530273,27.149999618530273,27.149999618530273,6204,0.0,0.0
2023-02-20 12:00:00+08:00,27.100000381469727,27.100000381469727,27.049999237060547,27.100000381469727,12103,0.0,0.0
2023-02-20 13:00:00+08:00,27.049999237060547,27.049999237060547,27.049999237060547,27.049999237060547,1000,0.0,0.0
2023-02-21 09:00:00+08:00,27.149999618530273,27.200000762939453,27.149999618530273,27.200000762939453,0,0.0,0.0
2023-02-21 10:00:00+08:00,27.200000762939453,27.200000762939453,27.200000762939453,27.200000762939453,1001,0.0,0.0
2023-02-21 11:00:00+08:00,27.149999618530273,27.200000762939453,27.149999618530273,27.200000762939453,12000,0.0,0.0
2023-02-21 12:00:00+08:00,27.149999618530273,27.200000762939453,27.149999618530273,27.200000762939453,4052,0.0,0.0
2023-02-21 13:00:00+08:00,27.200000762939453,27.200000762939453,27.200000762939453,27.200000762939453,2000,0.0,0.0
2023-02-22 09:00:00+08:00,27.0,27.0,27.0,27.0,0,0.0,0.0
2023-02-22 10:00:00+08:00,27.149999618530273,27.149999618530273,27.149999618530273,27.149999618530273,4010,0.0,0.0
2023-02-22 12:00:00+08:00,27.149999618530273,27.149999618530273,27.049999237060547,27.049999237060547,3000,0.0,0.0
2023-02-22 13:00:00+08:00,27.149999618530273,27.149999618530273,27.149999618530273,27.149999618530273,18001,0.0,0.0
2023-02-23 09:00:00+08:00,27.200000762939453,27.200000762939453,27.200000762939453,27.200000762939453,0,0.0,0.0
2023-02-23 10:00:00+08:00,27.200000762939453,27.200000762939453,27.200000762939453,27.200000762939453,9028,0.0,0.0
2023-02-23 12:00:00+08:00,27.149999618530273,27.149999618530273,27.149999618530273,27.149999618530273,1000,0.0,0.0
2023-02-23 13:00:00+08:00,27.200000762939453,27.200000762939453,27.200000762939453,27.200000762939453,6000,0.0,0.0
2023-02-24 10:00:00+08:00,27.200000762939453,27.200000762939453,27.100000381469727,27.100000381469727,1030,0.0,0.0
2023-02-24 11:00:00+08:00,27.200000762939453,27.200000762939453,27.200000762939453,27.200000762939453,2138,0.0,0.0
2023-02-24 12:00:00+08:00,27.200000762939453,27.299999237060547,27.200000762939453,27.299999237060547,16190,0.0,0.0
2023-02-24 13:00:00+08:00,27.299999237060547,27.350000381469727,27.299999237060547,27.350000381469727,8000,0.0,0.0
2023-03-01 09:00:00+08:00,27.350000381469727,27.350000381469727,27.299999237060547,27.299999237060547,0,0.0,0.0
2023-03-01 11:00:00+08:00,27.25,27.549999237060547,27.25,27.399999618530273,26000,0.0,0.0
2023-03-01 12:00:00+08:00,27.549999237060547,27.799999237060547,27.549999237060547,27.75,12030,0.0,0.0
2023-03-01 13:00:00+08:00,27.5,27.700000762939453,27.5,27.700000762939453,2000,0.0,0.0
2023-03-02 09:00:00+08:00,27.75,27.75,27.5,27.5,0,0.0,0.0
2023-03-02 10:00:00+08:00,27.700000762939453,27.700000762939453,27.649999618530273,27.700000762939453,10000,0.0,0.0
2023-03-02 11:00:00+08:00,27.649999618530273,27.75,27.5,27.75,12000,0.0,0.0
2023-03-02 12:00:00+08:00,27.75,27.799999237060547,27.75,27.799999237060547,4000,0.0,0.0
2023-03-02 13:00:00+08:00,27.799999237060547,27.850000381469727,27.799999237060547,27.850000381469727,11000,0.0,0.0
2023-03-03 09:00:00+08:00,27.850000381469727,27.899999618530273,27.850000381469727,27.899999618530273,0,0.0,0.0
2023-03-03 10:00:00+08:00,27.899999618530273,28.0,27.899999618530273,28.0,4000,0.0,0.0
2023-03-03 11:00:00+08:00,27.899999618530273,28.0,27.899999618530273,28.0,4071,0.0,0.0
2023-03-03 12:00:00+08:00,27.850000381469727,28.0,27.850000381469727,28.0,0,0.0,0.0
2023-03-03 13:00:00+08:00,28.0,28.0,28.0,28.0,23078,0.0,0.0
2023-03-06 09:00:00+08:00,28.200000762939453,28.299999237060547,28.200000762939453,28.299999237060547,0,0.0,0.0
2023-03-06 10:00:00+08:00,28.299999237060547,28.5,28.299999237060547,28.5,14000,0.0,0.0
2023-03-06 11:00:00+08:00,28.5,28.700000762939453,28.299999237060547,28.700000762939453,6000,0.0,0.0
2023-03-06 12:00:00+08:00,28.700000762939453,28.700000762939453,28.600000381469727,28.600000381469727,8000,0.0,0.0
2023-03-06 13:00:00+08:00,28.700000762939453,28.850000381469727,28.700000762939453,28.850000381469727,20563,0.0,0.0
2023-03-07 09:00:00+08:00,28.5,28.950000762939453,28.350000381469727,28.899999618530273,40314,0.0,0.0
2023-03-07 10:00:00+08:00,28.899999618530273,29.0,28.899999618530273,29.0,13001,0.0,0.0
2023-03-07 11:00:00+08:00,29.0,29.100000381469727,28.850000381469727,28.850000381469727,7001,0.0,0.0
2023-03-07 12:00:00+08:00,28.899999618530273,29.049999237060547,28.850000381469727,28.850000381469727,8111,0.0,0.0
2023-03-07 13:00:00+08:00,29.0,29.0,29.0,29.0,1001,0.0,0.0
2023-03-08 09:00:00+08:00,29.0,29.0,28.549999237060547,28.899999618530273,0,0.0,0.0
2023-03-08 10:00:00+08:00,28.899999618530273,29.100000381469727,28.75,28.75,26113,0.0,0.0
2023-03-08 11:00:00+08:00,28.799999237060547,28.899999618530273,28.75,28.899999618530273,4001,0.0,0.0
2023-03-08 12:00:00+08:00,28.75,28.75,28.75,28.75,1100,0.0,0.0
2023-03-09 09:00:00+08:00,28.950000762939453,28.950000762939453,28.899999618530273,28.899999618530273,0,0.0,0.0
2023-03-09 10:00:00+08:00,28.700000762939453,28.700000762939453,28.600000381469727,28.600000381469727,0,0.0,0.0
2023-03-09 11:00:00+08:00,28.549999237060547,28.549999237060547,28.549999237060547,28.549999237060547,25258,0.0,0.0
2023-03-09 12:00:00+08:00,28.549999237060547,28.549999237060547,28.399999618530273,28.549999237060547,18176,0.0,0.0
2023-03-09 13:00:00+08:00,28.350000381469727,28.549999237060547,28.299999237060547,28.549999237060547,9040,0.0,0.0
2023-03-10 09:00:00+08:00,28.299999237060547,28.299999237060547,28.299999237060547,28.299999237060547,0,0.0,0.0
2023-03-10 10:00:00+08:00,28.299999237060547,28.399999618530273,28.049999237060547,28.399999618530273,6002,0.0,0.0
2023-03-10 12:00:00+08:00,28.5,28.5,28.5,28.5,6002,0.0,0.0
2023-03-10 13:00:00+08:00,28.549999237060547,28.549999237060547,28.549999237060547,28.549999237060547,0,0.0,0.0
2023-03-13 09:00:00+08:00,28.450000762939453,28.5,27.899999618530273,28.5,14100,0.0,0.0
2023-03-13 10:00:00+08:00,28.0,28.5,28.0,28.5,2000,0.0,0.0
2023-03-13 11:00:00+08:00,28.5,28.549999237060547,28.5,28.549999237060547,0,0.0,0.0
2023-03-13 12:00:00+08:00,28.5,28.5,28.149999618530273,28.149999618530273,24167,0.0,0.0
2023-03-13 13:00:00+08:00,28.5,28.5,28.5,28.5,1015,0.0,0.0
2023-03-14 09:00:00+08:00,28.549999237060547,28.549999237060547,28.549999237060547,28.549999237060547,0,0.0,0.0
2023-03-14 10:00:00+08:00,28.549999237060547,28.549999237060547,28.549999237060547,28.549999237060547,7112,0.0,0.0
2023-03-14 11:00:00+08:00,28.549999237060547,28.799999237060547,28.5,28.549999237060547,32000,0.0,0.0
2023-03-14 12:00:00+08:00,28.549999237060547,28.549999237060547,28.5,28.5,8022,0.0,0.0
2023-03-14 13:00:00+08:00,28.600000381469727,28.649999618530273,28.25,28.649999618530273,15001,0.0,0.0
2023-03-15 09:00:00+08:00,28.950000762939453,28.950000762939453,28.950000762939453,28.950000762939453,0,0.0,0.0
2023-03-15 10:00:00+08:00,28.850000381469727,28.850000381469727,28.399999618530273,28.399999618530273,7001,0.0,0.0
2023-03-15 11:00:00+08:00,28.850000381469727,28.899999618530273,28.850000381469727,28.899999618530273,5000,0.0,0.0
2023-03-15 12:00:00+08:00,28.850000381469727,28.850000381469727,28.5,28.5,3000,0.0,0.0
2023-03-15 13:00:00+08:00,28.700000762939453,28.700000762939453,28.450000762939453,28.700000762939453,5029,0.0,0.0
2023-03-16 10:00:00+08:00,28.549999237060547,28.700000762939453,28.549999237060547,28.700000762939453,5000,0.0,0.0
2023-03-16 11:00:00+08:00,28.75,28.75,28.450000762939453,28.700000762939453,19051,0.0,0.0
2023-03-16 12:00:00+08:00,28.399999618530273,28.649999618530273,28.350000381469727,28.649999618530273,7000,0.0,0.0
2023-03-16 13:00:00+08:00,28.350000381469727,28.649999618530273,28.350000381469727,28.649999618530273,8000,0.0,0.0
2023-03-17 09:00:00+08:00,29.25,29.25,28.850000381469727,28.850000381469727,0,0.0,0.0
2023-03-17 11:00:00+08:00,28.799999237060547,28.850000381469727,28.799999237060547,28.850000381469727,5000,0.0,0.0
2023-03-17 12:00:00+08:00,28.850000381469727,28.850000381469727,28.850000381469727,28.850000381469727,2002,0.0,0.0
2023-03-17 13:00:00+08:00,28.850000381469727,28.850000381469727,28.850000381469727,28.850000381469727,2000,0.0,0.0
2023-03-20 09:00:00+08:00,29.049999237060547,29.049999237060547,28.649999618530273,29.0,1237,0.0,0.0
2023-03-20 10:00:00+08:00,28.950000762939453,29.0,28.799999237060547,28.799999237060547,7000,0.0,0.0
2023-03-20 11:00:00+08:00,28.950000762939453,28.950000762939453,28.950000762939453,28.950000762939453,1007,0.0,0.0
2023-03-20 12:00:00+08:00,28.799999237060547,28.950000762939453,28.75,28.950000762939453,9407,0.0,0.0
2023-03-20 13:00:00+08:00,28.899999618530273,28.950000762939453,28.899999618530273,28.950000762939453,3001,0.0,0.0
2023-03-21 09:00:00+08:00,29.0,29.0,28.75,28.799999237060547,0,0.0,0.0
2023-03-21 10:00:00+08:00,28.850000381469727,28.899999618530273,28.799999237060547,28.850000381469727,8003,0.0,0.0
2023-03-21 11:00:00+08:00,28.850000381469727,28.899999618530273,28.850000381469727,28.899999618530273,15073,0.0,0.0
2023-03-21 12:00:00+08:00,28.850000381469727,28.850000381469727,28.850000381469727,28.850000381469727,2001,0.0,0.0
2023-03-21 13:00:00+08:00,28.799999237060547,28.899999618530273,28.799999237060547,28.899999618530273,8000,0.0,0.0
2023-03-22 09:00:00+08:00,29.049999237060547,29.049999237060547,29.0,29.0,0,0.0,0.0
2023-03-22 10:00:00+08:00,28.850000381469727,28.850000381469727,28.799999237060547,28.799999237060547,11126,0.0,0.0
2023-03-22 11:00:00+08:00,28.950000762939453,28.950000762939453,28.950000762939453,28.950000762939453,4015,0.0,0.0
2023-03-22 12:00:00+08:00,28.950000762939453,28.950000762939453,28.899999618530273,28.950000762939453,7000,0.0,0.0
2023-03-22 13:00:00+08:00,28.899999618530273,28.950000762939453,28.899999618530273,28.899999618530273,3000,0.0,0.0
2023-03-23 09:00:00+08:00,28.700000762939453,28.950000762939453,28.700000762939453,28.950000762939453,0,0.0,0.0
2023-03-23 10:00:00+08:00,28.899999618530273,28.899999618530273,28.899999618530273,28.899999618530273,3001,0.0,0.0
2023-03-23 11:00:00+08:00,28.850000381469727,28.850000381469727,28.799999237060547,28.799999237060547,3024,0.0,0.0
2023-03-23 12:00:00+08:00,28.799999237060547,28.799999237060547,28.799999237060547,28.799999237060547,2000,0.0,0.0
2023-03-23 13:00:00+08:00,28.799999237060547,28.799999237060547,28.799999237060547,28.799999237060547,6000,0.0,0.0
2023-03-24 09:00:00+08:00,29.049999237060547,29.049999237060547,29.0,29.0,0,0.0,0.0
2023-03-24 10:00:00+08:00,28.899999618530273,28.899999618530273,28.899999618530273,28.899999618530273,2156,0.0,0.0
2023-03-24 11:00:00+08:00,28.950000762939453,28.950000762939453,28.899999618530273,28.899999618530273,3100,0.0,0.0
2023-03-24 12:00:00+08:00,28.899999618530273,28.899999618530273,28.850000381469727,28.850000381469727,7012,0.0,0.0
2023-03-24 13:00:00+08:00,28.850000381469727,28.899999618530273,28.850000381469727,28.899999618530273,5000,0.0,0.0
2023-03-27 09:00:00+08:00,28.850000381469727,28.899999618530273,28.850000381469727,28.899999618530273,0,0.0,0.0
2023-03-27 10:00:00+08:00,28.899999618530273,29.049999237060547,28.899999618530273,29.049999237060547,10001,0.0,0.0
2023-03-27 11:00:00+08:00,28.899999618530273,28.899999618530273,28.700000762939453,28.700000762939453,13000,0.0,0.0
2023-03-27 12:00:00+08:00,28.950000762939453,29.0,28.950000762939453,29.0,2000,0.0,0.0
2023-03-27 13:00:00+08:00,28.899999618530273,28.899999618530273,28.899999618530273,28.899999618530273,2000,0.0,0.0
2023-03-28 10:00:00+08:00,28.850000381469727,28.850000381469727,28.850000381469727,28.850000381469727,1025,0.0,0.0
2023-03-28 12:00:00+08:00,28.75,28.75,28.75,28.75,2000,0.0,0.0
2023-03-28 13:00:00+08:00,28.75,28.899999618530273,28.75,28.899999618530273,6002,0.0,0.0
2023-03-29 10:00:00+08:00,28.899999618530273,28.899999618530273,28.899999618530273,28.899999618530273,1001,0.0,0.0
2023-03-29 12:00:00+08:00,28.899999618530273,28.899999618530273,28.850000381469727,28.899999618530273,3025,0.0,0.0
2023-03-29 13:00:00+08:00,28.899999618530273,28.899999618530273,28.899999618530273,28.899999618530273,4000,0.0,0.0
2023-03-30 09:00:00+08:00,28.899999618530273,28.899999618530273,28.649999618530273,28.649999618530273,0,0.0,0.0
2023-03-30 11:00:00+08:00,28.799999237060547,28.799999237060547,28.799999237060547,28.799999237060547,4000,0.0,0.0
2023-03-30 12:00:00+08:00,28.899999618530273,28.899999618530273,28.899999618530273,28.899999618530273,2020,0.0,0.0
2023-03-30 13:00:00+08:00,28.799999237060547,28.899999618530273,28.799999237060547,28.899999618530273,5046,0.0,0.0
2023-03-31 09:00:00+08:00,28.649999618530273,28.649999618530273,28.649999618530273,28.649999618530273,0,0.0,0.0
2023-03-31 11:00:00+08:00,28.799999237060547,28.799999237060547,28.799999237060547,28.799999237060547,2000,0.0,0.0
2023-03-31 12:00:00+08:00,28.799999237060547,28.850000381469727,28.799999237060547,28.850000381469727,9001,0.0,0.0
2023-03-31 13:00:00+08:00,28.899999618530273,28.899999618530273,28.850000381469727,28.899999618530273,14000,0.0,0.0
2023-04-06 10:00:00+08:00,28.899999618530273,28.899999618530273,28.899999618530273,28.899999618530273,8024,0.0,0.0
2023-04-06 11:00:00+08:00,28.700000762939453,28.799999237060547,28.649999618530273,28.799999237060547,16001,0.0,0.0
2023-04-06 12:00:00+08:00,28.850000381469727,28.850000381469727,28.850000381469727,28.850000381469727,4427,0.0,0.0
2023-04-07 09:00:00+08:00,28.700000762939453,28.700000762939453,28.700000762939453,28.700000762939453,0,0.0,0.0
2023-04-07 10:00:00+08:00,28.649999618530273,28.649999618530273,28.600000381469727,28.600000381469727,8000,0.0,0.0
2023-04-07 11:00:00+08:00,28.600000381469727,28.600000381469727,28.600000381469727,28.600000381469727,5040,0.0,0.0
2023-04-07 12:00:00+08:00,28.600000381469727,28.649999618530273,28.549999237060547,28.649999618530273,11006,0.0,0.0
2023-04-07 13:00:00+08:00,28.549999237060547,28.600000381469727,28.549999237060547,28.549999237060547,8000,0.0,0.0
2023-04-10 09:00:00+08:00,28.5,28.5,28.5,28.5,0,0.0,0.0
2023-04-10 10:00:00+08:00,28.5,28.549999237060547,28.5,28.549999237060547,14003,0.0,0.0
2023-04-10 11:00:00+08:00,28.549999237060547,28.549999237060547,28.549999237060547,28.549999237060547,6000,0.0,0.0
2023-04-10 12:00:00+08:00,28.549999237060547,28.600000381469727,28.549999237060547,28.600000381469727,3000,0.0,0.0
2023-04-10 13:00:00+08:00,28.600000381469727,28.600000381469727,28.600000381469727,28.600000381469727,1000,0.0,0.0
2023-04-11 09:00:00+08:00,28.950000762939453,28.950000762939453,28.75,28.75,0,0.0,0.0
2023-04-11 11:00:00+08:00,28.700000762939453,28.700000762939453,28.700000762939453,28.700000762939453,2000,0.0,0.0
2023-04-11 12:00:00+08:00,28.700000762939453,28.700000762939453,28.700000762939453,28.700000762939453,9000,0.0,0.0
2023-04-11 13:00:00+08:00,28.5,28.600000381469727,28.5,28.600000381469727,4000,0.0,0.0
2023-04-12 09:00:00+08:00,28.600000381469727,28.600000381469727,28.549999237060547,28.549999237060547,0,0.0,0.0
2023-04-12 10:00:00+08:00,28.600000381469727,28.600000381469727,28.5,28.5,8002,0.0,0.0
2023-04-12 11:00:00+08:00,28.5,28.600000381469727,28.5,28.600000381469727,3246,0.0,0.0
2023-04-12 12:00:00+08:00,28.5,28.5,28.299999237060547,28.299999237060547,48063,0.0,0.0
2023-04-12 13:00:00+08:00,28.299999237060547,28.549999237060547,28.299999237060547,28.549999237060547,5000,0.0,0.0
2023-04-13 09:00:00+08:00,28.450000762939453,28.450000762939453,28.450000762939453,28.450000762939453,0,0.0,0.0
2023-04-13 10:00:00+08:00,28.399999618530273,28.399999618530273,28.350000381469727,28.350000381469727,2000,0.0,0.0
2023-04-13 11:00:00+08:00,28.350000381469727,28.350000381469727,28.299999237060547,28.299999237060547,16000,0.0,0.0
2023-04-13 12:00:00+08:00,28.5,28.799999237060547,28.5,28.799999237060547,5000,0.0,0.0
2023-04-13 13:00:00+08:00,28.350000381469727,28.350000381469727,28.350000381469727,28.350000381469727,5000,0.0,0.0
2023-04-14 09:00:00+08:00,28.5,28.600000381469727,28.450000762939453,28.600000381469727,0,0.0,0.0
2023-04-14 10:00:00+08:00,28.600000381469727,28.649999618530273,28.600000381469727,28.649999618530273,3000,0.0,0.0
2023-04-14 11:00:00+08:00,28.600000381469727,28.75,28.600000381469727,28.649999618530273,20000,0.0,0.0
2023-04-14 12:00:00+08:00,28.75,28.75,28.649999618530273,28.649999618530273,26001,0.0,0.0
2023-04-14 13:00:00+08:00,28.700000762939453,28.700000762939453,28.649999618530273,28.649999618530273,2000,0.0,0.0
2023-04-17 09:00:00+08:00,28.700000762939453,28.75,28.5,28.75,0,0.0,0.0
2023-04-17 11:00:00+08:00,28.75,28.75,28.75,28.75,6126,0.0,0.0
2023-04-17 12:00:00+08:00,28.799999237060547,28.850000381469727,28.799999237060547,28.850000381469727,2561,0.0,0.0
2023-04-18 09:00:00+08:00,28.850000381469727,28.850000381469727,28.700000762939453,28.700000762939453,0,0.0,0.0
2023-04-18 10:00:00+08:00,28.75,28.850000381469727,28.75,28.850000381469727,6060,0.0,0.0
2023-04-18 11:00:00+08:00,28.799999237060547,28.799999237060547,28.75,28.75,6100,0.0,0.0
2023-04-18 12:00:00+08:00,28.799999237060547,28.799999237060547,28.75,28.799999237060547,19085,0.0,0.0
2023-04-18 13:00:00+08:00,28.799999237060547,28.899999618530273,28.799999237060547,28.899999618530273,7000,0.0,0.0
2023-04-19 09:00:00+08:00,28.899999618530273,28.950000762939453,28.899999618530273,28.950000762939453,0,0.0,0.0
2023-04-19 10:00:00+08:00,28.899999618530273,28.899999618530273,28.850000381469727,28.899999618530273,13000,0.0,0.0
2023-04-19 11:00:00+08:00,28.850000381469727,28.950000762939453,28.850000381469727,28.950000762939453,6000,0.0,0.0
2023-04-19 12:00:00+08:00,28.899999618530273,28.899999618530273,28.899999618530273,28.899999618530273,8000,0.0,0.0
2023-04-19 13:00:00+08:00,28.899999618530273,28.899999618530273,28.899999618530273,28.899999618530273,2010,0.0,0.0
2023-04-20 09:00:00+08:00,29.0,29.0,28.950000762939453,28.950000762939453,0,0.0,0.0
2023-04-20 10:00:00+08:00,28.950000762939453,28.950000762939453,28.950000762939453,28.950000762939453,11001,0.0,0.0
2023-04-20 11:00:00+08:00,28.899999618530273,28.899999618530273,28.899999618530273,28.899999618530273,1000,0.0,0.0
2023-04-20 12:00:00+08:00,28.899999618530273,28.950000762939453,28.899999618530273,28.950000762939453,17259,0.0,0.0
2023-04-20 13:00:00+08:00,28.899999618530273,28.899999618530273,28.899999618530273,28.899999618530273,15000,0.0,0.0
2023-04-21 09:00:00+08:00,28.950000762939453,28.950000762939453,28.899999618530273,28.899999618530273,0,0.0,0.0
2023-04-21 10:00:00+08:00,28.850000381469727,28.850000381469727,28.649999618530273,28.75,48027,0.0,0.0
2023-04-21 11:00:00+08:00,28.850000381469727,28.850000381469727,28.850000381469727,28.850000381469727,3000,0.0,0.0
2023-04-21 12:00:00+08:00,28.850000381469727,28.850000381469727,28.850000381469727,28.850000381469727,2000,0.0,0.0
2023-04-21 13:00:00+08:00,28.799999237060547,28.850000381469727,28.799999237060547,28.850000381469727,4010,0.0,0.0
2023-04-24 09:00:00+08:00,28.850000381469727,28.850000381469727,28.850000381469727,28.850000381469727,0,0.0,0.0
2023-04-24 10:00:00+08:00,28.75,28.850000381469727,28.700000762939453,28.850000381469727,6005,0.0,0.0
2023-04-24 11:00:00+08:00,28.75,28.75,28.700000762939453,28.700000762939453,6000,0.0,0.0
2023-04-24 13:00:00+08:00,28.700000762939453,28.700000762939453,28.649999618530273,28.700000762939453,6004,0.0,0.0
2023-04-25 11:00:00+08:00,28.600000381469727,28.649999618530273,28.600000381469727,28.649999618530273,5000,0.0,0.0
2023-04-25 12:00:00+08:00,28.600000381469727,28.600000381469727,28.600000381469727,28.600000381469727,2000,0.0,0.0
2023-04-26 11:00:00+08:00,28.5,28.5,28.5,28.5,0,0.0,0.0
2023-04-26 12:00:00+08:00,28.600000381469727,28.600000381469727,28.5,28.5,8001,0.0,0.0
2023-04-26 13:00:00+08:00,28.600000381469727,28.600000381469727,28.5,28.600000381469727,5010,0.0,0.0
2023-04-27 09:00:00+08:00,28.75,28.75,28.75,28.75,0,0.0,0.0
2023-04-27 10:00:00+08:00,28.600000381469727,28.600000381469727,28.600000381469727,28.600000381469727,2324,0.0,0.0
2023-04-27 12:00:00+08:00,28.649999618530273,28.649999618530273,28.649999618530273,28.649999618530273,2000,0.0,0.0
2023-04-28 09:00:00+08:00,28.850000381469727,28.850000381469727,28.850000381469727,28.850000381469727,0,0.0,0.0
2023-04-28 10:00:00+08:00,28.700000762939453,28.700000762939453,28.700000762939453,28.700000762939453,3000,0.0,0.0
2023-04-28 11:00:00+08:00,28.700000762939453,28.700000762939453,28.700000762939453,28.700000762939453,2379,0.0,0.0
2023-04-28 12:00:00+08:00,28.700000762939453,28.700000762939453,28.649999618530273,28.649999618530273,4137,0.0,0.0
2023-04-28 13:00:00+08:00,28.700000762939453,28.700000762939453,28.700000762939453,28.700000762939453,2063,0.0,0.0
2023-05-02 09:00:00+08:00,28.600000381469727,28.649999618530273,28.600000381469727,28.649999618530273,7444,0.0,0.0
2023-05-02 10:00:00+08:00,28.649999618530273,28.700000762939453,28.649999618530273,28.700000762939453,4001,0.0,0.0
2023-05-02 11:00:00+08:00,28.75,28.799999237060547,28.75,28.799999237060547,4000,0.0,0.0
2023-05-02 12:00:00+08:00,28.75,28.799999237060547,28.700000762939453,28.700000762939453,11050,0.0,0.0
2023-05-02 13:00:00+08:00,28.799999237060547,28.799999237060547,28.799999237060547,28.799999237060547,1003,0.0,0.0
2023-05-03 10:00:00+08:00,28.799999237060547,28.799999237060547,28.799999237060547,28.799999237060547,1001,0.0,0.0
2023-05-03 12:00:00+08:00,28.75,28.75,28.75,28.75,3002,0.0,0.0
2023-05-03 13:00:00+08:00,28.799999237060547,28.799999237060547,28.799999237060547,28.799999237060547,1000,0.0,0.0
2023-05-04 09:00:00+08:00,28.75,28.75,28.700000762939453,28.700000762939453,0,0.0,0.0
2023-05-04 10:00:00+08:00,28.700000762939453,28.700000762939453,28.700000762939453,28.700000762939453,1045,0.0,0.0
2023-05-04 11:00:00+08:00,28.75,28.75,28.75,28.75,3000,0.0,0.0
2023-05-04 12:00:00+08:00,28.700000762939453,28.75,28.700000762939453,28.75,13027,0.0,0.0
2023-05-04 13:00:00+08:00,28.700000762939453,28.700000762939453,28.700000762939453,28.700000762939453,12000,0.0,0.0
2023-05-05 10:00:00+08:00,28.75,28.75,28.75,28.75,0,0.0,0.0
2023-05-05 11:00:00+08:00,28.799999237060547,30.299999237060547,28.799999237060547,29.799999237060547,179508,0.0,0.0
2023-05-05 12:00:00+08:00,29.799999237060547,30.100000381469727,29.649999618530273,30.0,96556,0.0,0.0
2023-05-05 13:00:00+08:00,30.0,30.350000381469727,30.0,30.350000381469727,54021,0.0,0.0
2023-05-08 09:00:00+08:00,31.899999618530273,32.900001525878906,31.299999237060547,31.549999237060547,0,0.0,0.0
2023-05-08 10:00:00+08:00,31.700000762939453,31.850000381469727,31.5,31.5,67916,0.0,0.0
2023-05-08 11:00:00+08:00,31.5,31.75,31.5,31.5,55189,0.0,0.0
2023-05-08 12:00:00+08:00,31.549999237060547,31.600000381469727,31.399999618530273,31.600000381469727,32239,0.0,0.0
2023-05-08 13:00:00+08:00,31.600000381469727,31.600000381469727,31.399999618530273,31.600000381469727,19150,0.0,0.0
2023-05-09 09:00:00+08:00,31.350000381469727,31.350000381469727,30.399999618530273,30.399999618530273,0,0.0,0.0
2023-05-09 10:00:00+08:00,30.450000762939453,30.5,30.450000762939453,30.5,0,0.0,0.0
2023-05-09 11:00:00+08:00,30.5,30.850000381469727,30.5,30.799999237060547,114115,0.0,0.0
2023-05-09 12:00:00+08:00,30.799999237060547,31.0,30.700000762939453,31.0,21003,0.0,0.0
2023-05-09 13:00:00+08:00,30.700000762939453,30.950000762939453,30.700000762939453,30.700000762939453,7000,0.0,0.0
2023-05-10 09:00:00+08:00,29.850000381469727,30.450000762939453,29.850000381469727,30.0,0,0.0,0.0
2023-05-10 10:00:00+08:00,30.0,30.0,30.0,30.0,19290,0.0,0.0
2023-05-10 11:00:00+08:00,30.0,30.049999237060547,29.799999237060547,29.950000762939453,46000,0.0,0.0
2023-05-10 12:00:00+08:00,30.0,30.100000381469727,30.0,30.100000381469727,7067,0.0,0.0
2023-05-10 13:00:00+08:00,30.0,30.200000762939453,29.850000381469727,30.149999618530273,18055,0.0,0.0
2023-05-11 09:00:00+08:00,29.850000381469727,29.899999618530273,29.799999237060547,29.899999618530273,0,0.0,0.0
2023-05-11 10:00:00+08:00,29.899999618530273,29.899999618530273,29.799999237060547,29.799999237060547,37000,0.0,0.0
2023-05-11 11:00:00+08:00,29.799999237060547,29.799999237060547,29.799999237060547,29.799999237060547,1142,0.0,0.0
2023-05-11 12:00:00+08:00,29.799999237060547,29.799999237060547,29.549999237060547,29.549999237060547,39135,0.0,0.0
2023-05-11 13:00:00+08:00,29.549999237060547,29.549999237060547,29.5,29.549999237060547,10000,0.0,0.0
2023-05-12 09:00:00+08:00,29.5,29.5,29.149999618530273,29.200000762939453,0,0.0,0.0
2023-05-12 10:00:00+08:00,29.200000762939453,29.700000762939453,29.200000762939453,29.700000762939453,11001,0.0,0.0
2023-05-12 11:00:00+08:00,29.299999237060547,29.549999237060547,29.149999618530273,29.549999237060547,37002,0.0,0.0
2023-05-12 12:00:00+08:00,29.399999618530273,29.5,29.350000381469727,29.399999618530273,5155,0.0,0.0
2023-05-12 13:00:00+08:00,29.399999618530273,29.399999618530273,29.299999237060547,29.299999237060547,4000,0.0,0.0
2023-05-15 09:00:00+08:00,29.200000762939453,29.25,29.149999618530273,29.200000762939453,0,0.0,0.0
2023-05-15 10:00:00+08:00,29.200000762939453,29.200000762939453,29.149999618530273,29.149999618530273,21000,0.0,0.0
2023-05-15 11:00:00+08:00,29.200000762939453,29.200000762939453,29.200000762939453,29.200000762939453,6000,0.0,0.0
2023-05-15 12:00:00+08:00,29.200000762939453,29.200000762939453,29.100000381469727,29.100000381469727,9000,0.0,0.0
2023-05-15 13:00:00+08:00,29.100000381469727,29.200000762939453,29.100000381469727,29.200000762939453,9000,0.0,0.0
2023-05-16 09:00:00+08:00,29.200000762939453,29.200000762939453,29.0,29.200000762939453,0,0.0,0.0
2023-05-16 11:00:00+08:00,29.200000762939453,29.200000762939453,29.100000381469727,29.100000381469727,9100,0.0,0.0
2023-05-16 12:00:00+08:00,29.049999237060547,29.200000762939453,29.049999237060547,29.200000762939453,3064,0.0,0.0
2023-05-16 13:00:00+08:00,29.149999618530273,29.149999618530273,29.049999237060547,29.049999237060547,12034,0.0,0.0
2023-05-17 09:00:00+08:00,29.5,29.5,29.049999237060547,29.049999237060547,0,0.0,0.0
2023-05-17 10:00:00+08:00,29.100000381469727,29.200000762939453,29.049999237060547,29.200000762939453,16243,0.0,0.0
2023-05-17 11:00:00+08:00,29.200000762939453,29.200000762939453,29.200000762939453,29.200000762939453,5300,0.0,0.0
2023-05-17 12:00:00+08:00,29.200000762939453,29.399999618530273,29.200000762939453,29.399999618530273,36211,0.0,0.0
2023-05-17 13:00:00+08:00,29.350000381469727,29.350000381469727,29.350000381469727,29.350000381469727,1000,0.0,0.0
2023-05-18 09:00:00+08:00,29.350000381469727,29.399999618530273,29.299999237060547,29.299999237060547,64100,0.0,0.0
2023-05-18 10:00:00+08:00,29.299999237060547,29.299999237060547,29.299999237060547,29.299999237060547,14200,0.0,0.0
2023-05-18 11:00:00+08:00,29.299999237060547,29.350000381469727,29.25,29.350000381469727,0,0.0,0.0
2023-05-18 12:00:00+08:00,29.350000381469727,29.5,29.350000381469727,29.5,130552,0.0,0.0
2023-05-18 13:00:00+08:00,29.5,29.5,29.399999618530273,29.399999618530273,3012,0.0,0.0
2023-05-19 09:00:00+08:00,29.549999237060547,29.549999237060547,29.299999237060547,29.299999237060547,0,0.0,0.0
2023-05-19 10:00:00+08:00,29.350000381469727,29.350000381469727,29.350000381469727,29.350000381469727,2000,0.0,0.0
2023-05-19 11:00:00+08:00,29.350000381469727,29.350000381469727,29.299999237060547,29.299999237060547,18000,0.0,0.0
2023-05-19 12:00:00+08:00,29.299999237060547,29.350000381469727,29.299999237060547,29.299999237060547,17095,0.0,0.0
2023-05-19 13:00:00+08:00,29.350000381469727,29.350000381469727,29.299999237060547,29.299999237060547,2000,0.0,0.0
2023-05-22 09:00:00+08:00,29.299999237060547,29.299999237060547,29.299999237060547,29.299999237060547,0,0.0,0.0
2023-05-22 10:00:00+08:00,29.299999237060547,29.299999237060547,29.25,29.25,4000,0.0,0.0
2023-05-22 11:00:00+08:00,29.25,29.299999237060547,29.149999618530273,29.299999237060547,42000,0.0,0.0
2023-05-22 12:00:00+08:00,29.200000762939453,29.200000762939453,29.200000762939453,29.200000762939453,16000,0.0,0.0
2023-05-22 13:00:00+08:00,29.25,29.25,29.25,29.25,1000,0.0,0.0
2023-05-23 09:00:00+08:00,29.25,29.25,29.25,29.25,0,0.0,0.0
2023-05-23 10:00:00+08:00,29.299999237060547,29.299999237060547,29.200000762939453,29.299999237060547,32053,0.0,0.0
2023-05-23 11:00:00+08:00,29.299999237060547,29.299999237060547,29.25,29.25,19428,0.0,0.0
2023-05-23 12:00:00+08:00,29.299999237060547,29.299999237060547,29.299999237060547,29.299999237060547,10042,0.0,0.0
2023-05-24 09:00:00+08:00,29.299999237060547,29.299999237060547,29.25,29.299999237060547,0,0.0,0.0
2023-05-24 10:00:00+08:00,29.299999237060547,29.299999237060547,29.299999237060547,29.299999237060547,2000,0.0,0.0
2023-05-24 11:00:00+08:00,29.299999237060547,29.299999237060547,29.299999237060547,29.299999237060547,1000,0.0,0.0
2023-05-24 12:00:00+08:00,29.299999237060547,29.350000381469727,29.299999237060547,29.350000381469727,4000,0.0,0.0
2023-05-24 13:00:00+08:00,29.350000381469727,29.350000381469727,29.350000381469727,29.350000381469727,1000,0.0,0.0
2023-05-25 09:00:00+08:00,29.299999237060547,29.299999237060547,29.25,29.25,0,0.0,0.0
2023-05-25 10:00:00+08:00,29.299999237060547,29.299999237060547,29.25,29.25,4000,0.0,0.0
2023-05-25 11:00:00+08:00,29.299999237060547,29.299999237060547,29.299999237060547,29.299999237060547,12000,0.0,0.0
2023-05-25 12:00:00+08:00,29.299999237060547,29.350000381469727,29.299999237060547,29.350000381469727,12000,0.0,0.0
2023-05-25 13:00:00+08:00,29.350000381469727,29.450000762939453,29.350000381469727,29.450000762939453,9000,0.0,0.0
2023-05-26 09:00:00+08:00,29.450000762939453,29.450000762939453,29.450000762939453,29.450000762939453,0,0.0,0.0
2023-05-26 10:00:00+08:00,29.399999618530273,29.399999618530273,29.299999237060547,29.299999237060547,9000,0.0,0.0
2023-05-26 11:00:00+08:00,29.299999237060547,29.350000381469727,29.299999237060547,29.350000381469727,7000,0.0,0.0
2023-05-26 12:00:00+08:00,29.450000762939453,29.450000762939453,29.450000762939453,29.450000762939453,5001,0.0,0.0
2023-05-26 13:00:00+08:00,29.399999618530273,29.399999618530273,29.350000381469727,29.350000381469727,4000,0.0,0.0
2023-05-29 09:00:00+08:00,30.25,30.25,29.25,29.299999237060547,0,0.0,0.0
2023-05-29 10:00:00+08:00,29.299999237060547,29.350000381469727,29.299999237060547,29.350000381469727,12051,0.0,0.0
2023-05-29 11:00:00+08:00,29.350000381469727,29.399999618530273,29.25,29.25,36100,0.0,0.0
2023-05-29 13:00:00+08:00,29.299999237060547,29.299999237060547,29.299999237060547,29.299999237060547,1000,0.0,0.0
2023-05-30 09:00:00+08:00,29.799999237060547,29.799999237060547,29.299999237060547,29.299999237060547,0,0.0,0.0
2023-05-30 10:00:00+08:00,29.299999237060547,29.399999618530273,29.299999237060547,29.299999237060547,9100,0.0,0.0
2023-05-30 11:00:00+08:00,29.25,29.25,29.200000762939453,29.200000762939453,38000,0.0,0.0
2023-05-30 12:00:00+08:00,29.25,29.25,29.25,29.25,2000,0.0,0.0
2023-05-30 13:00:00+08:00,29.299999237060547,29.299999237060547,29.25,29.25,6000,0.0,0.0
2023-05-31 09:00:00+08:00,29.399999618530273,29.399999618530273,29.399999618530273,29.399999618530273,0,0.0,0.0
2023-05-31 10:00:00+08:00,29.299999237060547,29.350000381469727,29.299999237060547,29.350000381469727,6100,0.0,0.0
2023-05-31 11:00:00+08:00,29.399999618530273,29.399999618530273,29.350000381469727,29.350000381469727,5000,0.0,0.0
2023-05-31 12:00:00+08:00,29.299999237060547,29.399999618530273,29.299999237060547,29.350000381469727,6000,0.0,0.0
2023-06-01 09:00:00+08:00,29.299999237060547,29.549999237060547,29.299999237060547,29.549999237060547,0,0.0,0.0
2023-06-01 10:00:00+08:00,29.450000762939453,29.5,29.350000381469727,29.350000381469727,30001,0.0,0.0
2023-06-01 11:00:00+08:00,29.399999618530273,29.399999618530273,29.350000381469727,29.350000381469727,12001,0.0,0.0
2023-06-01 12:00:00+08:00,29.350000381469727,29.450000762939453,29.299999237060547,29.450000762939453,13032,0.0,0.0
2023-06-01 13:00:00+08:00,29.350000381469727,29.350000381469727,29.350000381469727,29.350000381469727,5006,0.0,0.0
2023-06-02 09:00:00+08:00,29.5,29.75,29.350000381469727,29.350000381469727,0,0.0,0.0
2023-06-02 10:00:00+08:00,29.399999618530273,29.399999618530273,29.299999237060547,29.399999618530273,43001,0.0,0.0
2023-06-02 11:00:00+08:00,29.399999618530273,29.399999618530273,29.350000381469727,29.399999618530273,16001,0.0,0.0
2023-06-02 12:00:00+08:00,29.350000381469727,29.549999237060547,29.350000381469727,29.549999237060547,17001,0.0,0.0
2023-06-02 13:00:00+08:00,29.5,29.649999618530273,29.5,29.649999618530273,34000,0.0,0.0
2023-06-05 09:00:00+08:00,29.649999618530273,29.950000762939453,29.649999618530273,29.799999237060547,0,0.0,0.0
2023-06-05 10:00:00+08:00,29.899999618530273,29.899999618530273,29.799999237060547,29.799999237060547,15001,0.0,0.0
2023-06-05 11:00:00+08:00,29.75,29.899999618530273,29.75,29.850000381469727,10001,0.0,0.0
2023-06-05 12:00:00+08:00,29.850000381469727,29.950000762939453,29.850000381469727,29.950000762939453,8000,0.0,0.0
2023-06-05 13:00:00+08:00,29.950000762939453,29.950000762939453,29.850000381469727,29.850000381469727,7100,0.0,0.0
2023-06-06 09:00:00+08:00,29.649999618530273,30.0,29.649999618530273,29.75,0,0.0,0.0
2023-06-06 10:00:00+08:00,29.75,29.75,29.649999618530273,29.649999618530273,8000,0.0,0.0
2023-06-06 11:00:00+08:00,29.75,29.799999237060547,29.700000762939453,29.799999237060547,8010,0.0,0.0
2023-06-06 12:00:00+08:00,29.899999618530273,29.899999618530273,29.700000762939453,29.700000762939453,35404,0.0,0.0
2023-06-06 13:00:00+08:00,29.700000762939453,29.850000381469727,29.700000762939453,29.700000762939453,25000,0.0,0.0
2023-06-07 09:00:00+08:00,29.700000762939453,29.75,29.700000762939453,29.700000762939453,0,0.0,0.0
2023-06-07 10:00:00+08:00,29.700000762939453,29.700000762939453,29.649999618530273,29.649999618530273,15000,0.0,0.0
2023-06-07 11:00:00+08:00,29.700000762939453,29.700000762939453,29.700000762939453,29.700000762939453,16545,0.0,0.0
2023-06-07 12:00:00+08:00,29.700000762939453,29.700000762939453,29.600000381469727,29.649999618530273,24000,0.0,0.0
2023-06-07 13:00:00+08:00,29.700000762939453,29.700000762939453,29.700000762939453,29.700000762939453,3000,0.0,0.0
2023-06-08 09:00:00+08:00,29.75,29.75,29.700000762939453,29.700000762939453,0,0.0,0.0
2023-06-08 10:00:00+08:00,29.649999618530273,29.649999618530273,29.649999618530273,29.649999618530273,20002,0.0,0.0
2023-06-08 11:00:00+08:00,29.649999618530273,29.649999618530273,29.649999618530273,29.649999618530273,2000,0.0,0.0
2023-06-08 12:00:00+08:00,29.700000762939453,29.700000762939453,29.700000762939453,29.700000762939453,15000,0.0,0.0
2023-06-08 13:00:00+08:00,29.700000762939453,29.75,29.700000762939453,29.75,9000,0.0,0.0
2023-06-09 09:00:00+08:00,29.75,29.75,29.649999618530273,29.649999618530273,0,0.0,0.0
2023-06-09 10:00:00+08:00,29.649999618530273,29.75,29.600000381469727,29.649999618530273,60111,0.0,0.0
2023-06-09 11:00:00+08:00,29.649999618530273,29.700000762939453,29.600000381469727,29.600000381469727,39000,0.0,0.0
2023-06-09 12:00:00+08:00,29.649999618530273,29.700000762939453,29.649999618530273,29.649999618530273,21186,0.0,0.0
2023-06-09 13:00:00+08:00,29.649999618530273,29.649999618530273,29.649999618530273,29.649999618530273,11224,0.0,0.0
2023-06-12 09:00:00+08:00,29.850000381469727,29.850000381469727,29.700000762939453,29.700000762939453,0,0.0,0.0
2023-06-12 10:00:00+08:00,29.700000762939453,29.75,29.700000762939453,29.700000762939453,16403,0.0,0.0
2023-06-12 11:00:00+08:00,29.700000762939453,29.75,29.700000762939453,29.700000762939453,22002,0.0,0.0
2023-06-12 12:00:00+08:00,29.700000762939453,29.75,29.700000762939453,29.75,2088,0.0,0.0
2023-06-12 13:00:00+08:00,29.700000762939453,29.75,29.700000762939453,29.75,2000,0.0,0.0
2023-06-13 09:00:00+08:00,29.700000762939453,29.700000762939453,29.450000762939453,29.600000381469727,0,0.0,0.0
2023-06-13 10:00:00+08:00,29.600000381469727,29.600000381469727,29.450000762939453,29.5,40000,0.0,0.0
2023-06-13 11:00:00+08:00,29.5,29.700000762939453,29.5,29.649999618530273,15000,0.0,0.0
2023-06-13 12:00:00+08:00,29.649999618530273,29.649999618530273,29.649999618530273,29.649999618530273,4050,0.0,0.0
2023-06-13 13:00:00+08:00,29.649999618530273,29.700000762939453,29.600000381469727,29.649999618530273,13001,0.0,0.0
2023-06-14 09:00:00+08:00,29.549999237060547,29.649999618530273,29.549999237060547,29.600000381469727,0,0.0,0.0
2023-06-14 10:00:00+08:00,29.649999618530273,29.649999618530273,29.600000381469727,29.649999618530273,10008,0.0,0.0
2023-06-14 11:00:00+08:00,29.600000381469727,29.649999618530273,29.600000381469727,29.649999618530273,35186,0.0,0.0
2023-06-14 12:00:00+08:00,29.700000762939453,29.899999618530273,29.700000762939453,29.799999237060547,51171,0.0,0.0
2023-06-14 13:00:00+08:00,29.850000381469727,29.850000381469727,29.850000381469727,29.850000381469727,23000,0.0,0.0
2023-06-15 09:00:00+08:00,29.799999237060547,29.899999618530273,29.799999237060547,29.899999618530273,0,0.0,0.0
2023-06-15 10:00:00+08:00,29.850000381469727,29.899999618530273,29.799999237060547,29.850000381469727,30601,0.0,0.0
2023-06-15 11:00:00+08:00,29.899999618530273,29.899999618530273,29.799999237060547,29.799999237060547,74378,0.0,0.0
2023-06-15 12:00:00+08:00,29.799999237060547,29.850000381469727,29.799999237060547,29.799999237060547,53103,0.0,0.0
2023-06-15 13:00:00+08:00,29.799999237060547,29.850000381469727,29.799999237060547,29.850000381469727,52007,0.0,0.0
2023-06-16 09:00:00+08:00,27.75,27.799999237060547,27.649999618530273,27.75,0,0.0,0.0
2023-06-16 10:00:00+08:00,27.75,27.75,27.75,27.75,12011,0.0,0.0
2023-06-16 11:00:00+08:00,27.75,27.899999618530273,27.75,27.899999618530273,43924,0.0,0.0
2023-06-16 12:00:00+08:00,27.899999618530273,27.899999618530273,27.899999618530273,27.899999618530273,5100,0.0,0.0
2023-06-16 13:00:00+08:00,27.850000381469727,27.850000381469727,27.799999237060547,27.799999237060547,8030,0.0,0.0
2023-06-19 09:00:00+08:00,27.799999237060547,27.799999237060547,27.649999618530273,27.75,0,0.0,0.0
2023-06-19 10:00:00+08:00,27.75,27.799999237060547,27.75,27.75,10248,0.0,0.0
2023-06-19 11:00:00+08:00,27.700000762939453,27.700000762939453,27.700000762939453,27.700000762939453,1340,0.0,0.0
2023-06-19 12:00:00+08:00,27.700000762939453,27.75,27.700000762939453,27.700000762939453,4000,0.0,0.0
2023-06-19 13:00:00+08:00,27.700000762939453,27.700000762939453,27.700000762939453,27.700000762939453,1020,0.0,0.0
2023-06-20 09:00:00+08:00,28.0,28.0,27.799999237060547,27.799999237060547,0,0.0,0.0
2023-06-20 10:00:00+08:00,27.75,27.75,27.700000762939453,27.700000762939453,6127,0.0,0.0
2023-06-20 11:00:00+08:00,27.700000762939453,27.700000762939453,27.649999618530273,27.700000762939453,7935,0.0,0.0
2023-06-20 12:00:00+08:00,27.700000762939453,27.75,27.700000762939453,27.75,20000,0.0,0.0
2023-06-20 13:00:00+08:00,27.649999618530273,27.700000762939453,27.649999618530273,27.700000762939453,9322,0.0,0.0
2023-06-21 09:00:00+08:00,27.700000762939453,27.700000762939453,27.399999618530273,27.399999618530273,0,0.0,0.0
2023-06-21 10:00:00+08:00,27.5,27.5,27.350000381469727,27.350000381469727,19195,0.0,0.0
2023-06-21 11:00:00+08:00,27.399999618530273,27.399999618530273,27.299999237060547,27.299999237060547,30120,0.0,0.0
2023-06-21 12:00:00+08:00,27.350000381469727,27.350000381469727,27.350000381469727,27.350000381469727,5020,0.0,0.0
2023-06-21 13:00:00+08:00,27.350000381469727,27.350000381469727,27.350000381469727,27.350000381469727,2000,0.0,0.0
2023-06-26 09:00:00+08:00,27.399999618530273,27.399999618530273,27.399999618530273,27.399999618530273,0,0.0,0.0
2023-06-26 10:00:00+08:00,27.399999618530273,27.399999618530273,27.200000762939453,27.200000762939453,13002,0.0,0.0
2023-06-26 11:00:00+08:00,27.25,27.25,27.200000762939453,27.200000762939453,5000,0.0,0.0
2023-06-26 12:00:00+08:00,27.25,27.299999237060547,27.25,27.299999237060547,7123,0.0,0.0
2023-06-26 13:00:00+08:00,27.299999237060547,27.299999237060547,27.299999237060547,27.299999237060547,1000,0.0,0.0
2023-06-27 09:00:00+08:00,27.549999237060547,27.549999237060547,27.299999237060547,27.299999237060547,0,0.0,0.0
2023-06-27 10:00:00+08:00,27.450000762939453,27.450000762939453,27.450000762939453,27.450000762939453,2148,0.0,0.0
2023-06-27 12:00:00+08:00,27.450000762939453,27.450000762939453,27.299999237060547,27.299999237060547,6000,0.0,0.0
2023-06-27 13:00:00+08:00,27.299999237060547,27.450000762939453,27.299999237060547,27.450000762939453,3284,0.0,0.0
2023-06-28 09:00:00+08:00,27.75,27.75,27.350000381469727,27.350000381469727,0,0.0,0.0
2023-06-28 10:00:00+08:00,27.350000381469727,27.399999618530273,27.350000381469727,27.350000381469727,5000,0.0,0.0
2023-06-28 11:00:00+08:00,27.350000381469727,27.350000381469727,27.350000381469727,27.350000381469727,8002,0.0,0.0
2023-06-28 12:00:00+08:00,27.350000381469727,27.350000381469727,27.350000381469727,27.350000381469727,5000,0.0,0.0
2023-06-28 13:00:00+08:00,27.299999237060547,27.450000762939453,27.299999237060547,27.450000762939453,3000,0.0,0.0
2023-06-29 11:00:00+08:00,27.299999237060547,27.299999237060547,27.299999237060547,27.299999237060547,4040,0.0,0.0
2023-06-29 13:00:00+08:00,27.399999618530273,27.399999618530273,27.399999618530273,27.399999618530273,2000,0.0,0.0
2023-06-30 09:00:00+08:00,27.399999618530273,27.399999618530273,27.299999237060547,27.299999237060547,0,0.0,0.0
2023-06-30 10:00:00+08:00,27.299999237060547,27.299999237060547,27.200000762939453,27.200000762939453,31000,0.0,0.0
2023-06-30 11:00:00+08:00,27.25,27.25,27.200000762939453,27.200000762939453,2000,0.0,0.0
2023-06-30 12:00:00+08:00,27.25,27.25,27.25,27.25,5000,0.0,0.0
2023-06-30 13:00:00+08:00,27.25,27.299999237060547,27.25,27.299999237060547,2000,0.0,0.0
2023-07-03 09:00:00+08:00,27.450000762939453,27.450000762939453,27.450000762939453,27.450000762939453,0,0.0,0.0
2023-07-03 10:00:00+08:00,27.25,27.25,27.100000381469727,27.25,11317,0.0,0.0
2023-07-03 11:00:00+08:00,27.25,27.25,27.25,27.25,4008,0.0,0.0
2023-07-03 12:00:00+08:00,27.25,27.25,27.200000762939453,27.200000762939453,4004,0.0,0.0
2023-07-03 13:00:00+08:00,27.200000762939453,27.200000762939453,27.149999618530273,27.149999618530273,3108,0.0,0.0
2023-07-04 09:00:00+08:00,27.549999237060547,27.549999237060547,27.100000381469727,27.100000381469727,0,0.0,0.0
2023-07-04 10:00:00+08:00,27.200000762939453,27.200000762939453,27.200000762939453,27.200000762939453,0,0.0,0.0
2023-07-04 11:00:00+08:00,27.200000762939453,27.200000762939453,27.149999618530273,27.149999618530273,26186,0.0,0.0
2023-07-04 12:00:00+08:00,27.25,27.299999237060547,27.25,27.25,11000,0.0,0.0
2023-07-04 13:00:00+08:00,27.200000762939453,27.200000762939453,27.200000762939453,27.200000762939453,1000,0.0,0.0
2023-07-05 09:00:00+08:00,27.100000381469727,27.200000762939453,27.100000381469727,27.200000762939453,0,0.0,0.0
2023-07-05 10:00:00+08:00,27.200000762939453,27.200000762939453,27.200000762939453,27.200000762939453,1066,0.0,0.0
2023-07-05 11:00:00+08:00,27.149999618530273,27.149999618530273,27.149999618530273,27.149999618530273,1000,0.0,0.0
2023-07-05 12:00:00+08:00,27.149999618530273,27.200000762939453,27.149999618530273,27.149999618530273,8522,0.0,0.0
2023-07-05 13:00:00+08:00,27.149999618530273,27.149999618530273,27.149999618530273,27.149999618530273,8000,0.0,0.0
2023-07-06 09:00:00+08:00,27.200000762939453,27.200000762939453,27.200000762939453,27.200000762939453,0,0.0,0.0
2023-07-06 10:00:00+08:00,27.200000762939453,27.200000762939453,27.100000381469727,27.100000381469727,18000,0.0,0.0
2023-07-06 11:00:00+08:00,27.100000381469727,27.100000381469727,26.950000762939453,27.049999237060547,41013,0.0,0.0
2023-07-06 12:00:00+08:00,27.049999237060547,27.149999618530273,27.0,27.100000381469727,8200,0.0,0.0
2023-07-06 13:00:00+08:00,27.049999237060547,27.049999237060547,27.0,27.049999237060547,6000,0.0,0.0
2023-07-07 09:00:00+08:00,27.0,27.399999618530273,26.899999618530273,27.0,0,0.0,0.0
2023-07-07 10:00:00+08:00,26.899999618530273,26.899999618530273,26.850000381469727,26.899999618530273,8000,0.0,0.0
2023-07-07 11:00:00+08:00,26.850000381469727,26.950000762939453,26.850000381469727,26.950000762939453,0,0.0,0.0
2023-07-07 12:00:00+08:00,26.850000381469727,26.850000381469727,26.799999237060547,26.799999237060547,81000,0.0,0.0
2023-07-07 13:00:00+08:00,26.799999237060547,26.850000381469727,26.75,26.75,7000,0.0,0.0
2023-07-10 09:00:00+08:00,26.799999237060547,26.850000381469727,26.799999237060547,26.850000381469727,0,0.0,0.0
2023-07-10 10:00:00+08:00,26.850000381469727,26.850000381469727,26.799999237060547,26.850000381469727,21000,0.0,0.0
2023-07-10 11:00:00+08:00,26.850000381469727,26.850000381469727,26.799999237060547,26.799999237060547,33000,0.0,0.0
2023-07-10 12:00:00+08:00,26.75,26.799999237060547,26.75,26.799999237060547,17000,0.0,0.0
2023-07-10 13:00:00+08:00,26.799999237060547,26.799999237060547,26.799999237060547,26.799999237060547,1000,0.0,0.0
2023-07-11 09:00:00+08:00,26.75,26.799999237060547,26.75,26.799999237060547,0,0.0,0.0
2023-07-11 10:00:00+08:00,26.899999618530273,26.899999618530273,26.899999618530273,26.899999618530273,1000,0.0,0.0
2023-07-11 11:00:00+08:00,26.899999618530273,26.899999618530273,26.899999618530273,26.899999618530273,5000,0.0,0.0
2023-07-11 12:00:00+08:00,26.899999618530273,26.899999618530273,26.799999237060547,26.799999237060547,2000,0.0,0.0
2023-07-11 13:00:00+08:00,26.799999237060547,26.799999237060547,26.799999237060547,26.799999237060547,2000,0.0,0.0
2023-07-12 09:00:00+08:00,26.850000381469727,27.0,26.75,26.850000381469727,3000,0.0,0.0
2023-07-12 10:00:00+08:00,26.850000381469727,26.850000381469727,26.850000381469727,26.850000381469727,7001,0.0,0.0
2023-07-12 11:00:00+08:00,26.850000381469727,26.850000381469727,26.850000381469727,26.850000381469727,14000,0.0,0.0
2023-07-12 12:00:00+08:00,26.850000381469727,26.850000381469727,26.75,26.75,10100,0.0,0.0
2023-07-12 13:00:00+08:00,26.75,26.799999237060547,26.75,26.799999237060547,7000,0.0,0.0
2023-07-13 09:00:00+08:00,26.799999237060547,26.799999237060547,26.649999618530273,26.799999237060547,0,0.0,0.0
2023-07-13 10:00:00+08:00,26.799999237060547,26.850000381469727,26.799999237060547,26.799999237060547,7001,0.0,0.0
2023-07-13 11:00:00+08:00,26.799999237060547,26.799999237060547,26.75,26.75,9001,0.0,0.0
2023-07-13 12:00:00+08:00,26.799999237060547,26.799999237060547,26.799999237060547,26.799999237060547,20001,0.0,0.0
2023-07-13 13:00:00+08:00,26.799999237060547,26.799999237060547,26.75,26.75,13000,0.0,0.0
2023-07-14 11:00:00+08:00,26.799999237060547,26.799999237060547,26.799999237060547,26.799999237060547,4000,0.0,0.0
2023-07-14 12:00:00+08:00,26.799999237060547,26.799999237060547,26.799999237060547,26.799999237060547,4051,0.0,0.0
2023-07-14 13:00:00+08:00,26.899999618530273,26.899999618530273,26.850000381469727,26.850000381469727,6004,0.0,0.0
2023-07-17 09:00:00+08:00,26.850000381469727,26.850000381469727,26.850000381469727,26.850000381469727,0,0.0,0.0
2023-07-17 10:00:00+08:00,26.899999618530273,26.899999618530273,26.799999237060547,26.850000381469727,29063,0.0,0.0
2023-07-17 11:00:00+08:00,26.850000381469727,26.850000381469727,26.799999237060547,26.799999237060547,12358,0.0,0.0
2023-07-17 12:00:00+08:00,26.850000381469727,26.850000381469727,26.799999237060547,26.850000381469727,8203,0.0,0.0
2023-07-18 09:00:00+08:00,26.700000762939453,26.75,26.700000762939453,26.700000762939453,5001,0.0,0.0
2023-07-18 10:00:00+08:00,26.75,26.75,26.700000762939453,26.700000762939453,15462,0.0,0.0
2023-07-18 11:00:00+08:00,26.700000762939453,26.75,26.700000762939453,26.75,31164,0.0,0.0
2023-07-18 12:00:00+08:00,26.700000762939453,26.75,26.700000762939453,26.75,6359,0.0,0.0
2023-07-19 10:00:00+08:00,26.75,26.75,26.700000762939453,26.75,4000,0.0,0.0
2023-07-19 11:00:00+08:00,26.75,26.75,26.700000762939453,26.700000762939453,26002,0.0,0.0
2023-07-19 12:00:00+08:00,26.700000762939453,26.700000762939453,26.600000381469727,26.600000381469727,17101,0.0,0.0
2023-07-19 13:00:00+08:00,26.600000381469727,26.600000381469727,26.600000381469727,26.600000381469727,2391,0.0,0.0
2023-07-20 09:00:00+08:00,27.049999237060547,27.049999237060547,26.850000381469727,26.850000381469727,45100,0.0,0.0
2023-07-20 10:00:00+08:00,26.850000381469727,26.850000381469727,26.75,26.75,3141,0.0,0.0
2023-07-20 11:00:00+08:00,26.850000381469727,26.850000381469727,26.850000381469727,26.850000381469727,15100,0.0,0.0
2023-07-20 12:00:00+08:00,26.850000381469727,26.850000381469727,26.799999237060547,26.850000381469727,15001,0.0,0.0
2023-07-20 13:00:00+08:00,26.850000381469727,26.850000381469727,26.850000381469727,26.850000381469727,3000,0.0,0.0
2023-07-21 09:00:00+08:00,27.149999618530273,27.149999618530273,27.0,27.0,4000,0.0,0.0
2023-07-21 10:00:00+08:00,27.0,27.0,26.899999618530273,26.899999618530273,5001,0.0,0.0
2023-07-21 11:00:00+08:00,26.899999618530273,27.0,26.850000381469727,26.850000381469727,24060,0.0,0.0
2023-07-21 12:00:00+08:00,26.850000381469727,26.850000381469727,26.850000381469727,26.850000381469727,1000,0.0,0.0
2023-07-21 13:00:00+08:00,26.899999618530273,26.899999618530273,26.799999237060547,26.799999237060547,7000,0.0,0.0
2023-07-24 09:00:00+08:00,26.799999237060547,26.799999237060547,26.649999618530273,26.649999618530273,0,0.0,0.0
2023-07-24 10:00:00+08:00,26.649999618530273,26.649999618530273,26.649999618530273,26.649999618530273,2000,0.0,0.0
2023-07-24 11:00:00+08:00,26.649999618530273,26.649999618530273,26.649999618530273,26.649999618530273,5000,0.0,0.0
2023-07-24 12:00:00+08:00,26.799999237060547,26.899999618530273,26.700000762939453,26.850000381469727,5001,0.0,0.0
2023-07-24 13:00:00+08:00,26.850000381469727,26.850000381469727,26.700000762939453,26.850000381469727,4000,0.0,0.0
2023-07-25 10:00:00+08:00,26.700000762939453,26.700000762939453,26.700000762939453,26.700000762939453,11000,0.0,0.0
2023-07-25 11:00:00+08:00,26.700000762939453,26.700000762939453,26.700000762939453,26.700000762939453,3000,0.0,0.0
2023-07-25 12:00:00+08:00,26.700000762939453,26.700000762939453,26.649999618530273,26.700000762939453,5657,0.0,0.0
2023-07-25 13:00:00+08:00,26.700000762939453,26.700000762939453,26.700000762939453,26.700000762939453,5000,0.0,0.0
2023-07-26 11:00:00+08:00,26.799999237060547,26.799999237060547,26.75,26.75,5101,0.0,0.0
2023-07-26 12:00:00+08:00,26.700000762939453,26.700000762939453,26.700000762939453,26.700000762939453,1228,0.0,0.0
2023-07-26 13:00:00+08:00,26.700000762939453,26.700000762939453,26.649999618530273,26.649999618530273,6000,0.0,0.0
2023-07-27 09:00:00+08:00,27.350000381469727,27.350000381469727,26.850000381469727,27.0,9003,0.0,0.0
2023-07-27 10:00:00+08:00,26.899999618530273,27.0,26.799999237060547,26.799999237060547,10010,0.0,0.0
2023-07-27 11:00:00+08:00,26.799999237060547,26.899999618530273,26.799999237060547,26.899999618530273,8071,0.0,0.0
2023-07-27 12:00:00+08:00,26.899999618530273,26.899999618530273,26.899999618530273,26.899999618530273,1000,0.0,0.0
2023-07-27 13:00:00+08:00,26.850000381469727,26.950000762939453,26.700000762939453,26.899999618530273,25100,0.0,0.0
2023-07-28 09:00:00+08:00,27.100000381469727,27.100000381469727,26.799999237060547,26.799999237060547,8230,0.0,0.0
2023-07-28 10:00:00+08:00,26.799999237060547,26.799999237060547,26.799999237060547,26.799999237060547,1000,0.0,0.0
2023-07-28 11:00:00+08:00,26.850000381469727,26.850000381469727,26.799999237060547,26.799999237060547,2000,0.0,0.0
2023-07-28 12:00:00+08:00,26.799999237060547,26.799999237060547,26.5,26.600000381469727,65052,0.0,0.0
2023-07-31 09:00:00+08:00,26.799999237060547,26.799999237060547,26.75,26.75,0,0.0,0.0
2023-07-31 10:00:00+08:00,26.75,26.799999237060547,26.75,26.799999237060547,3000,0.0,0.0
2023-07-31 11:00:00+08:00,26.799999237060547,26.799999237060547,26.799999237060547,26.799999237060547,3000,0.0,0.0
2023-07-31 12:00:00+08:00,26.799999237060547,26.799999237060547,26.75,26.75,4000,0.0,0.0
2023-07-31 13:00:00+08:00,26.799999237060547,26.799999237060547,26.799999237060547,26.799999237060547,0,0.0,0.0
2023-08-01 09:00:00+08:00,26.799999237060547,26.799999237060547,26.649999618530273,26.649999618530273,10201,0.0,0.0
2023-08-01 10:00:00+08:00,26.700000762939453,26.700000762939453,26.700000762939453,26.700000762939453,1281,0.0,0.0
2023-08-01 11:00:00+08:00,26.700000762939453,26.700000762939453,26.700000762939453,26.700000762939453,2002,0.0,0.0
2023-08-01 12:00:00+08:00,26.700000762939453,26.700000762939453,26.700000762939453,26.700000762939453,4000,0.0,0.0
2023-08-01 13:00:00+08:00,26.700000762939453,26.700000762939453,26.700000762939453,26.700000762939453,3000,0.0,0.0
2023-08-02 09:00:00+08:00,26.75,26.75,26.649999618530273,26.700000762939453,5091,0.0,0.0
2023-08-02 10:00:00+08:00,26.700000762939453,26.700000762939453,26.649999618530273,26.649999618530273,11006,0.0,0.0
2023-08-02 11:00:00+08:00,26.649999618530273,26.649999618530273,26.600000381469727,26.600000381469727,24578,0.0,0.0
2023-08-02 12:00:00+08:00,26.600000381469727,26.600000381469727,26.600000381469727,26.600000381469727,7002,0.0,0.0
2023-08-02 13:00:00+08:00,26.700000762939453,26.700000762939453,26.700000762939453,26.700000762939453,10000,0.0,0.0
2023-08-04 09:00:00+08:00,26.649999618530273,26.649999618530273,26.649999618530273,26.649999618530273,0,0.0,0.0
2023-08-04 10:00:00+08:00,26.649999618530273,26.649999618530273,26.600000381469727,26.649999618530273,20000,0.0,0.0
2023-08-04 11:00:00+08:00,26.649999618530273,26.649999618530273,26.600000381469727,26.600000381469727,10091,0.0,0.0
2023-08-04 12:00:00+08:00,26.649999618530273,26.649999618530273,26.649999618530273,26.649999618530273,1000,0.0,0.0
2023-08-04 13:00:00+08:00,26.600000381469727,26.600000381469727,26.600000381469727,26.600000381469727,5000,0.0,0.0
2023-08-07 09:00:00+08:00,26.700000762939453,26.700000762939453,26.600000381469727,26.600000381469727,0,0.0,0.0
2023-08-07 10:00:00+08:00,26.600000381469727,26.649999618530273,26.549999237060547,26.649999618530273,19000,0.0,0.0
2023-08-07 11:00:00+08:00,26.649999618530273,26.649999618530273,26.649999618530273,26.649999618530273,5000,0.0,0.0
2023-08-07 12:00:00+08:00,26.649999618530273,26.649999618530273,26.649999618530273,26.649999618530273,4000,0.0,0.0
2023-08-07 13:00:00+08:00,26.649999618530273,26.649999618530273,26.649999618530273,26.649999618530273,4000,0.0,0.0
2023-08-08 09:00:00+08:00,26.700000762939453,26.700000762939453,26.700000762939453,26.700000762939453,5000,0.0,0.0
2023-08-08 10:00:00+08:00,26.649999618530273,26.649999618530273,26.649999618530273,26.649999618530273,6000,0.0,0.0
2023-08-08 11:00:00+08:00,26.649999618530273,26.649999618530273,26.649999618530273,26.649999618530273,11000,0.0,0.0
2023-08-08 12:00:00+08:00,26.649999618530273,26.649999618530273,26.600000381469727,26.600000381469727,9000,0.0,0.0
2023-08-09 09:00:00+08:00,26.700000762939453,26.799999237060547,26.700000762939453,26.799999237060547,20000,0.0,0.0
2023-08-09 10:00:00+08:00,26.799999237060547,26.799999237060547,26.700000762939453,26.700000762939453,11000,0.0,0.0
2023-08-09 11:00:00+08:00,26.649999618530273,26.649999618530273,26.649999618530273,26.649999618530273,7000,0.0,0.0
2023-08-09 12:00:00+08:00,26.649999618530273,26.649999618530273,26.649999618530273,26.649999618530273,1000,0.0,0.0
2023-08-09 13:00:00+08:00,26.649999618530273,26.649999618530273,26.649999618530273,26.649999618530273,9200,0.0,0.0
2023-08-10 09:00:00+08:00,26.75,26.75,26.649999618530273,26.700000762939453,22000,0.0,0.0
2023-08-10 10:00:00+08:00,26.700000762939453,26.700000762939453,26.700000762939453,26.700000762939453,6000,0.0,0.0
2023-08-10 11:00:00+08:00,26.649999618530273,26.649999618530273,26.649999618530273,26.649999618530273,5000,0.0,0.0
2023-08-10 12:00:00+08:00,26.649999618530273,26.700000762939453,26.649999618530273,26.700000762939453,16048,0.0,0.0
2023-08-10 13:00:00+08:00,26.649999618530273,26.649999618530273,26.649999618530273,26.649999618530273,5000,0.0,0.0
2023-08-11 09:00:00+08:00,26.75,26.75,26.700000762939453,26.700000762939453,6000,0.0,0.0
2023-08-11 10:00:00+08:00,26.700000762939453,26.700000762939453,26.700000762939453,26.700000762939453,7000,0.0,0.0
2023-08-11 11:00:00+08:00,26.649999618530273,26.700000762939453,26.649999618530273,26.700000762939453,4000,0.0,0.0
2023-08-11 12:00:00+08:00,26.649999618530273,26.649999618530273,26.5,26.5,25238,0.0,0.0
2023-08-11 13:00:00+08:00,26.600000381469727,26.649999618530273,26.549999237060547,26.649999618530273,3001,0.0,0.0
2023-08-14 09:00:00+08:00,26.600000381469727,26.600000381469727,26.600000381469727,26.600000381469727,0,0.0,0.0
2023-08-14 10:00:00+08:00,26.5,26.5,26.5,26.5,28000,0.0,0.0
2023-08-14 11:00:00+08:00,26.5,26.600000381469727,26.399999618530273,26.399999618530273,16001,0.0,0.0
2023-08-14 12:00:00+08:00,26.399999618530273,26.399999618530273,26.299999237060547,26.299999237060547,16000,0.0,0.0
2023-08-14 13:00:00+08:00,26.350000381469727,26.350000381469727,26.299999237060547,26.350000381469727,6777,0.0,0.0
2023-08-15 09:00:00+08:00,26.450000762939453,26.450000762939453,26.200000762939453,26.25,6000,0.0,0.0
2023-08-15 10:00:00+08:00,26.350000381469727,26.350000381469727,26.299999237060547,26.299999237060547,8000,0.0,0.0
2023-08-15 11:00:00+08:00,26.299999237060547,26.299999237060547,26.200000762939453,26.200000762939453,8000,0.0,0.0
2023-08-15 12:00:00+08:00,26.25,26.299999237060547,26.25,26.299999237060547,10000,0.0,0.0
2023-08-15 13:00:00+08:00,26.299999237060547,26.350000381469727,26.25,26.25,0,0.0,0.0
2023-08-16 09:00:00+08:00,26.799999237060547,26.799999237060547,26.200000762939453,26.25,16000,0.0,0.0
2023-08-16 10:00:00+08:00,26.049999237060547,26.049999237060547,26.0,26.0,16000,0.0,0.0
2023-08-16 11:00:00+08:00,26.0,26.049999237060547,26.0,26.0,24000,0.0,0.0
2023-08-16 13:00:00+08:00,26.0,26.0,26.0,26.0,0,0.0,0.0
2023-08-17 09:00:00+08:00,26.0,26.0,26.0,26.0,1000,0.0,0.0
2023-08-17 11:00:00+08:00,26.049999237060547,26.100000381469727,26.0,26.0,7000,0.0,0.0
2023-08-17 12:00:00+08:00,26.0,26.25,26.0,26.25,0,0.0,0.0
2023-08-18 10:00:00+08:00,26.100000381469727,26.149999618530273,26.100000381469727,26.100000381469727,9006,0.0,0.0
2023-08-18 12:00:00+08:00,26.049999237060547,26.049999237060547,26.049999237060547,26.049999237060547,2000,0.0,0.0
2023-08-18 13:00:00+08:00,26.049999237060547,26.049999237060547,26.049999237060547,26.049999237060547,5000,0.0,0.0
2023-08-21 10:00:00+08:00,26.149999618530273,26.149999618530273,26.149999618530273,26.149999618530273,0,0.0,0.0
2023-08-21 11:00:00+08:00,26.149999618530273,26.149999618530273,26.149999618530273,26.149999618530273,1000,0.0,0.0
2023-08-21 13:00:00+08:00,26.0,26.0,26.0,26.0,5000,0.0,0.0
2023-08-22 09:00:00+08:00,26.700000762939453,26.700000762939453,26.0,26.399999618530273,7000,0.0,0.0
2023-08-22 10:00:00+08:00,26.200000762939453,26.200000762939453,26.200000762939453,26.200000762939453,2002,0.0,0.0
2023-08-22 11:00:00+08:00,26.200000762939453,26.200000762939453,26.100000381469727,26.100000381469727,2200,0.0,0.0
2023-08-22 12:00:00+08:00,26.049999237060547,26.049999237060547,26.049999237060547,26.049999237060547,2001,0.0,0.0
2023-08-22 13:00:00+08:00,26.049999237060547,26.149999618530273,26.049999237060547,26.149999618530273,6000,0.0,0.0
2023-08-23 09:00:00+08:00,26.600000381469727,26.600000381469727,26.450000762939453,26.450000762939453,0,0.0,0.0
2023-08-23 11:00:00+08:00,26.0,26.049999237060547,26.0,26.0,5000,0.0,0.0
2023-08-23 13:00:00+08:00,26.049999237060547,26.049999237060547,26.0,26.049999237060547,8000,0.0,0.0
2023-08-24 09:00:00+08:00,26.049999237060547,26.049999237060547,26.049999237060547,26.049999237060547,2000,0.0,0.0
2023-08-24 11:00:00+08:00,26.149999618530273,26.149999618530273,26.0,26.049999237060547,11354,0.0,0.0
2023-08-24 12:00:00+08:00,26.049999237060547,26.049999237060547,26.049999237060547,26.049999237060547,1200,0.0,0.0
2023-08-24 13:00:00+08:00,26.100000381469727,26.100000381469727,26.049999237060547,26.049999237060547,4000,0.0,0.0
2023-08-25 10:00:00+08:00,26.149999618530273,26.149999618530273,26.149999618530273,26.149999618530273,7001,0.0,0.0
2023-08-25 11:00:00+08:00,26.200000762939453,26.200000762939453,26.200000762939453,26.200000762939453,5103,0.0,0.0
2023-08-25 13:00:00+08:00,26.200000762939453,26.200000762939453,26.200000762939453,26.200000762939453,4024,0.0,0.0
2023-08-29 09:00:00+08:00,26.049999237060547,26.299999237060547,26.0,26.299999237060547,0,0.0,0.0
2023-08-29 10:00:00+08:00,26.0,26.100000381469727,26.0,26.0,7001,0.0,0.0
2023-08-29 11:00:00+08:00,26.0,26.0,26.0,26.0,0,0.0,0.0
2023-08-29 12:00:00+08:00,26.0,26.0,25.950000762939453,25.950000762939453,26001,0.0,0.0
2023-08-29 13:00:00+08:00,26.100000381469727,26.100000381469727,26.0,26.0,2000,0.0,0.0
2023-08-30 10:00:00+08:00,26.100000381469727,26.100000381469727,26.100000381469727,26.100000381469727,3004,0.0,0.0
2023-08-30 11:00:00+08:00,26.049999237060547,26.049999237060547,26.0,26.0,6000,0.0,0.0
2023-08-30 12:00:00+08:00,26.049999237060547,26.049999237060547,26.049999237060547,26.049999237060547,4000,0.0,0.0
2023-08-31 09:00:00+08:00,26.100000381469727,26.100000381469727,26.100000381469727,26.100000381469727,0,0.0,0.0
2023-08-31 11:00:00+08:00,26.100000381469727,26.100000381469727,26.100000381469727,26.100000381469727,1000,0.0,0.0
2023-08-31 13:00:00+08:00,26.049999237060547,26.049999237060547,26.0,26.0,7000,0.0,0.0
2023-09-01 09:00:00+08:00,26.450000762939453,26.450000762939453,26.049999237060547,26.049999237060547,11000,0.0,0.0
2023-09-01 10:00:00+08:00,26.100000381469727,26.100000381469727,26.100000381469727,26.100000381469727,4041,0.0,0.0
2023-09-01 12:00:00+08:00,26.200000762939453,26.200000762939453,26.200000762939453,26.200000762939453,6000,0.0,0.0
2023-09-01 13:00:00+08:00,26.100000381469727,26.149999618530273,26.100000381469727,26.149999618530273,17000,0.0,0.0
2023-09-04 10:00:00+08:00,26.25,26.25,26.149999618530273,26.200000762939453,8000,0.0,0.0
2023-09-04 11:00:00+08:00,26.200000762939453,26.25,26.200000762939453,26.25,7020,0.0,0.0
2023-09-04 12:00:00+08:00,26.200000762939453,26.200000762939453,26.200000762939453,26.200000762939453,4020,0.0,0.0
2023-09-04 13:00:00+08:00,26.200000762939453,26.200000762939453,26.200000762939453,26.200000762939453,1000,0.0,0.0
2023-09-05 09:00:00+08:00,26.5,26.5,26.200000762939453,26.200000762939453,0,0.0,0.0
2023-09-05 11:00:00+08:00,26.200000762939453,26.25,26.200000762939453,26.25,2101,0.0,0.0
2023-09-05 12:00:00+08:00,26.200000762939453,26.299999237060547,26.200000762939453,26.299999237060547,10001,0.0,0.0
2023-09-06 09:00:00+08:00,26.399999618530273,26.450000762939453,26.399999618530273,26.450000762939453,6089,0.0,0.0
2023-09-06 10:00:00+08:00,26.350000381469727,26.350000381469727,26.299999237060547,26.299999237060547,4001,0.0,0.0
2023-09-06 11:00:00+08:00,26.399999618530273,26.450000762939453,26.399999618530273,26.450000762939453,13000,0.0,0.0
2023-09-06 12:00:00+08:00,26.450000762939453,26.600000381469727,26.399999618530273,26.600000381469727,36000,0.0,0.0
2023-09-06 13:00:00+08:00,26.600000381469727,26.700000762939453,26.5,26.600000381469727,31000,0.0,0.0
2023-09-07 09:00:00+08:00,26.600000381469727,27.0,26.600000381469727,26.700000762939453,0,0.0,0.0
2023-09-07 10:00:00+08:00,26.700000762939453,26.75,26.700000762939453,26.700000762939453,7000,0.0,0.0
2023-09-07 11:00:00+08:00,26.649999618530273,26.75,26.549999237060547,26.549999237060547,12000,0.0,0.0
2023-09-07 12:00:00+08:00,26.700000762939453,26.700000762939453,26.549999237060547,26.549999237060547,9000,0.0,0.0
2023-09-07 13:00:00+08:00,26.549999237060547,26.549999237060547,26.549999237060547,26.549999237060547,1000,0.0,0.0
2023-09-08 09:00:00+08:00,26.5,26.5,26.200000762939453,26.200000762939453,5383,0.0,0.0
2023-09-08 11:00:00+08:00,26.299999237060547,26.299999237060547,26.25,26.25,2000,0.0,0.0
2023-09-08 12:00:00+08:00,26.5,26.549999237060547,26.5,26.549999237060547,3004,0.0,0.0
2023-09-11 09:00:00+08:00,26.950000762939453,26.950000762939453,26.5,26.5,0,0.0,0.0
2023-09-11 10:00:00+08:00,26.5,26.5,26.5,26.5,1076,0.0,0.0
2023-09-11 11:00:00+08:00,26.450000762939453,26.450000762939453,26.399999618530273,26.399999618530273,4220,0.0,0.0
2023-09-11 12:00:00+08:00,26.399999618530273,26.549999237060547,26.399999618530273,26.549999237060547,4076,0.0,0.0
2023-09-11 13:00:00+08:00,26.549999237060547,26.549999237060547,26.350000381469727,26.350000381469727,9001,0.0,0.0
2023-09-12 11:00:00+08:00,26.350000381469727,26.350000381469727,26.350000381469727,26.350000381469727,1000,0.0,0.0
2023-09-12 12:00:00+08:00,26.399999618530273,26.399999618530273,26.399999618530273,26.399999618530273,2010,0.0,0.0
2023-09-12 13:00:00+08:00,26.399999618530273,26.399999618530273,26.399999618530273,26.399999618530273,1000,0.0,0.0
2023-09-13 09:00:00+08:00,26.649999618530273,26.649999618530273,26.299999237060547,26.299999237060547,0,0.0,0.0
2023-09-13 10:00:00+08:00,26.299999237060547,26.299999237060547,26.25,26.25,14001,0.0,0.0
2023-09-13 12:00:00+08:00,26.299999237060547,26.399999618530273,26.299999237060547,26.399999618530273,7000,0.0,0.0
2023-09-13 13:00:00+08:00,26.299999237060547,26.299999237060547,26.299999237060547,26.299999237060547,4000,0.0,0.0
2023-09-14 09:00:00+08:00,26.299999237060547,26.700000762939453,26.299999237060547,26.649999618530273,0,0.0,0.0
2023-09-14 10:00:00+08:00,26.649999618530273,26.649999618530273,26.649999618530273,26.649999618530273,3000,0.0,0.0
2023-09-14 11:00:00+08:00,26.649999618530273,26.649999618530273,26.649999618530273,26.649999618530273,1001,0.0,0.0
2023-09-14 12:00:00+08:00,26.649999618530273,26.649999618530273,26.600000381469727,26.600000381469727,6000,0.0,0.0
2023-09-14 13:00:00+08:00,26.600000381469727,26.649999618530273,26.600000381469727,26.649999618530273,3000,0.0,0.0
2023-09-15 09:00:00+08:00,26.75,26.75,26.700000762939453,26.700000762939453,0,0.0,0.0
2023-09-15 10:00:00+08:00,26.649999618530273,26.700000762939453,26.649999618530273,26.649999618530273,5000,0.0,0.0
2023-09-15 11:00:00+08:00,26.700000762939453,26.700000762939453,26.700000762939453,26.700000762939453,2000,0.0,0.0
2023-09-15 12:00:00+08:00,26.700000762939453,26.700000762939453,26.700000762939453,26.700000762939453,1080,0.0,0.0
2023-09-15 13:00:00+08:00,26.700000762939453,26.700000762939453,26.649999618530273,26.700000762939453,14000,0.0,0.0
2023-09-18 09:00:00+08:00,26.700000762939453,26.700000762939453,26.700000762939453,26.700000762939453,0,0.0,0.0
2023-09-18 10:00:00+08:00,26.700000762939453,26.700000762939453,26.700000762939453,26.700000762939453,4000,0.0,0.0
2023-09-18 11:00:00+08:00,26.75,26.75,26.700000762939453,26.700000762939453,4000,0.0,0.0
2023-09-18 12:00:00+08:00,26.700000762939453,26.700000762939453,26.700000762939453,26.700000762939453,6586,0.0,0.0
2023-09-18 13:00:00+08:00,26.549999237060547,26.549999237060547,26.549999237060547,26.549999237060547,2000,0.0,0.0
2023-09-19 09:00:00+08:00,26.700000762939453,26.799999237060547,26.700000762939453,26.700000762939453,12001,0.0,0.0
2023-09-19 10:00:00+08:00,26.700000762939453,26.700000762939453,26.700000762939453,26.700000762939453,2000,0.0,0.0
2023-09-19 11:00:00+08:00,26.700000762939453,26.700000762939453,26.700000762939453,26.700000762939453,1000,0.0,0.0
2023-09-19 12:00:00+08:00,26.600000381469727,26.600000381469727,26.600000381469727,26.600000381469727,5000,0.0,0.0
2023-09-20 09:00:00+08:00,26.700000762939453,26.700000762939453,26.5,26.5,0,0.0,0.0
2023-09-20 10:00:00+08:00,26.649999618530273,26.649999618530273,26.5,26.5,6002,0.0,0.0
2023-09-20 11:00:00+08:00,26.5,26.5,26.5,26.5,2003,0.0,0.0
2023-09-20 12:00:00+08:00,26.5,26.5,26.5,26.5,2000,0.0,0.0
2023-09-20 13:00:00+08:00,26.450000762939453,26.600000381469727,26.450000762939453,26.600000381469727,5000,0.0,0.0
2023-09-21 09:00:00+08:00,26.649999618530273,26.700000762939453,26.5,26.5,0,0.0,0.0
2023-09-21 10:00:00+08:00,26.600000381469727,26.649999618530273,26.5,26.649999618530273,13000,0.0,0.0
2023-09-21 11:00:00+08:00,26.5,26.649999618530273,26.5,26.649999618530273,17000,0.0,0.0
2023-09-21 12:00:00+08:00,26.549999237060547,26.600000381469727,26.549999237060547,26.600000381469727,9128,0.0,0.0
2023-09-21 13:00:00+08:00,26.600000381469727,26.600000381469727,26.600000381469727,26.600000381469727,1000,0.0,0.0
2023-09-22 09:00:00+08:00,26.950000762939453,26.950000762939453,26.600000381469727,26.600000381469727,0,0.0,0.0
2023-09-22 10:00:00+08:00,26.700000762939453,26.700000762939453,26.600000381469727,26.600000381469727,2010,0.0,0.0
2023-09-22 11:00:00+08:00,26.649999618530273,26.649999618530273,26.649999618530273,26.649999618530273,6000,0.0,0.0
2023-09-22 12:00:00+08:00,26.649999618530273,26.700000762939453,26.649999618530273,26.700000762939453,3104,0.0,0.0
2023-09-22 13:00:00+08:00,26.600000381469727,26.600000381469727,26.600000381469727,26.600000381469727,1000,0.0,0.0
2023-09-25 09:00:00+08:00,27.149999618530273,27.200000762939453,26.600000381469727,26.600000381469727,0,0.0,0.0
2023-09-25 10:00:00+08:00,26.600000381469727,26.600000381469727,26.600000381469727,26.600000381469727,1106,0.0,0.0
2023-09-25 11:00:00+08:00,26.600000381469727,26.649999618530273,26.600000381469727,26.649999618530273,3000,0.0,0.0
2023-09-25 12:00:00+08:00,26.600000381469727,26.600000381469727,26.600000381469727,26.600000381469727,7151,0.0,0.0
2023-09-25 13:00:00+08:00,26.600000381469727,26.649999618530273,26.600000381469727,26.649999618530273,9035,0.0,0.0
2023-09-26 09:00:00+08:00,26.700000762939453,26.75,26.700000762939453,26.75,2000,0.0,0.0
2023-09-26 10:00:00+08:00,26.450000762939453,26.75,26.25,26.75,20080,0.0,0.0
2023-09-26 12:00:00+08:00,26.350000381469727,26.399999618530273,26.350000381469727,26.399999618530273,2030,0.0,0.0
2023-09-27 09:00:00+08:00,26.450000762939453,26.450000762939453,26.299999237060547,26.299999237060547,2000,0.0,0.0
2023-09-27 10:00:00+08:00,26.350000381469727,26.350000381469727,26.350000381469727,26.350000381469727,6007,0.0,0.0
2023-09-27 11:00:00+08:00,26.350000381469727,26.350000381469727,26.299999237060547,26.299999237060547,14154,0.0,0.0
2023-09-27 12:00:00+08:00,26.350000381469727,26.350000381469727,26.350000381469727,26.350000381469727,2144,0.0,0.0
2023-09-28 09:00:00+08:00,26.450000762939453,26.450000762939453,26.350000381469727,26.450000762939453,0,0.0,0.0
2023-09-28 10:00:00+08:00,26.399999618530273,26.399999618530273,26.399999618530273,26.399999618530273,4000,0.0,0.0
2023-09-28 11:00:00+08:00,26.399999618530273,26.450000762939453,26.399999618530273,26.399999618530273,6186,0.0,0.0
2023-09-28 12:00:00+08:00,26.399999618530273,26.399999618530273,26.399999618530273,26.399999618530273,3000,0.0,0.0
2023-09-28 13:00:00+08:00,26.399999618530273,26.399999618530273,26.350000381469727,26.350000381469727,4000,0.0,0.0
2023-10-02 09:00:00+08:00,26.799999237060547,26.799999237060547,26.350000381469727,26.350000381469727,0,0.0,0.0
2023-10-02 11:00:00+08:00,26.399999618530273,26.399999618530273,26.350000381469727,26.350000381469727,5283,0.0,0.0
2023-10-02 12:00:00+08:00,26.450000762939453,26.450000762939453,26.399999618530273,26.399999618530273,5000,0.0,0.0
2023-10-02 13:00:00+08:00,26.450000762939453,26.450000762939453,26.450000762939453,26.450000762939453,2020,0.0,0.0
2023-10-03 09:00:00+08:00,26.5,26.5,26.399999618530273,26.399999618530273,0,0.0,0.0
2023-10-03 10:00:00+08:00,26.350000381469727,26.350000381469727,26.350000381469727,26.350000381469727,2078,0.0,0.0
2023-10-03 11:00:00+08:00,26.350000381469727,26.399999618530273,26.350000381469727,26.399999618530273,2000,0.0,0.0
2023-10-03 12:00:00+08:00,26.399999618530273,26.399999618530273,26.399999618530273,26.399999618530273,2114,0.0,0.0
2023-10-04 09:00:00+08:00,26.299999237060547,26.299999237060547,26.25,26.299999237060547,8032,0.0,0.0
2023-10-04 10:00:00+08:00,26.25,26.25,26.25,26.25,11683,0.0,0.0
2023-10-04 12:00:00+08:00,26.25,26.25,26.25,26.25,2000,0.0,0.0
2023-10-05 09:00:00+08:00,26.649999618530273,26.649999618530273,26.200000762939453,26.200000762939453,0,0.0,0.0
2023-10-05 10:00:00+08:00,26.299999237060547,26.299999237060547,26.299999237060547,26.299999237060547,6000,0.0,0.0
2023-10-05 11:00:00+08:00,26.299999237060547,26.299999237060547,26.200000762939453,26.200000762939453,16000,0.0,0.0
2023-10-05 12:00:00+08:00,26.25,26.25,26.25,26.25,7000,0.0,0.0
2023-10-05 13:00:00+08:00,26.299999237060547,26.299999237060547,26.25,26.25,5000,0.0,0.0
2023-10-06 09:00:00+08:00,26.299999237060547,26.299999237060547,26.299999237060547,26.299999237060547,0,0.0,0.0
2023-10-06 10:00:00+08:00,26.299999237060547,26.299999237060547,26.299999237060547,26.299999237060547,5000,0.0,0.0
2023-10-06 11:00:00+08:00,26.399999618530273,26.399999618530273,26.399999618530273,26.399999618530273,5267,0.0,0.0
2023-10-06 12:00:00+08:00,26.350000381469727,26.350000381469727,26.350000381469727,26.350000381469727,2052,0.0,0.0
2023-10-06 13:00:00+08:00,26.350000381469727,26.350000381469727,26.350000381469727,26.350000381469727,3000,0.0,0.0
2023-10-11 09:00:00+08:00,26.5,26.5,26.25,26.299999237060547,0,0.0,0.0
2023-10-11 10:00:00+08:00,26.299999237060547,26.350000381469727,26.299999237060547,26.350000381469727,7282,0.0,0.0
2023-10-11 12:00:00+08:00,26.299999237060547,26.299999237060547,26.25,26.25,10234,0.0,0.0
2023-10-12 10:00:00+08:00,26.299999237060547,26.299999237060547,26.299999237060547,26.299999237060547,5010,0.0,0.0
2023-10-12 11:00:00+08:00,26.350000381469727,26.350000381469727,26.299999237060547,26.299999237060547,5000,0.0,0.0
2023-10-12 12:00:00+08:00,26.25,26.25,26.25,26.25,10066,0.0,0.0
2023-10-12 13:00:00+08:00,26.350000381469727,26.350000381469727,26.350000381469727,26.350000381469727,1000,0.0,0.0
2023-10-13 09:00:00+08:00,26.399999618530273,26.399999618530273,26.399999618530273,26.399999618530273,0,0.0,0.0
2023-10-13 10:00:00+08:00,26.299999237060547,26.299999237060547,26.299999237060547,26.299999237060547,1001,0.0,0.0
2023-10-13 11:00:00+08:00,26.299999237060547,26.299999237060547,26.299999237060547,26.299999237060547,4002,0.0,0.0
2023-10-13 12:00:00+08:00,26.25,26.25,26.25,26.25,1100,0.0,0.0
2023-10-13 13:00:00+08:00,26.350000381469727,26.350000381469727,26.25,26.25,2000,0.0,0.0
2023-10-16 09:00:00+08:00,26.149999618530273,26.149999618530273,26.149999618530273,26.149999618530273,0,0.0,0.0
2023-10-16 10:00:00+08:00,26.100000381469727,26.100000381469727,26.100000381469727,26.100000381469727,10097,0.0,0.0
2023-10-16 11:00:00+08:00,26.149999618530273,26.200000762939453,26.149999618530273,26.200000762939453,2000,0.0,0.0
2023-10-16 12:00:00+08:00,26.200000762939453,26.200000762939453,26.149999618530273,26.149999618530273,3000,0.0,0.0
2023-10-16 13:00:00+08:00,26.149999618530273,26.25,26.149999618530273,26.25,7100,0.0,0.0
2023-10-17 09:00:00+08:00,26.25,26.25,26.25,26.25,0,0.0,0.0
2023-10-17 10:00:00+08:00,26.200000762939453,26.200000762939453,26.100000381469727,26.100000381469727,10000,0.0,0.0
2023-10-17 11:00:00+08:00,26.149999618530273,26.149999618530273,26.100000381469727,26.100000381469727,6000,0.0,0.0
2023-10-17 12:00:00+08:00,26.149999618530273,26.149999618530273,26.100000381469727,26.100000381469727,19019,0.0,0.0
2023-10-17 13:00:00+08:00,26.25,26.25,26.25,26.25,1001,0.0,0.0
2023-10-18 09:00:00+08:00,26.049999237060547,26.049999237060547,26.049999237060547,26.049999237060547,7000,0.0,0.0
2023-10-18 10:00:00+08:00,26.0,26.0,26.0,26.0,2000,0.0,0.0
2023-10-18 11:00:00+08:00,26.0,26.0,26.0,26.0,5000,0.0,0.0
2023-10-18 12:00:00+08:00,26.049999237060547,26.049999237060547,26.0,26.0,4000,0.0,0.0
2023-10-18 13:00:00+08:00,26.0,26.0,26.0,26.0,10000,0.0,0.0
2023-10-19 09:00:00+08:00,26.100000381469727,26.799999237060547,26.100000381469727,26.5,0,0.0,0.0
2023-10-19 10:00:00+08:00,26.100000381469727,26.350000381469727,26.049999237060547,26.350000381469727,13352,0.0,0.0
2023-10-19 12:00:00+08:00,26.299999237060547,26.299999237060547,26.299999237060547,26.299999237060547,1123,0.0,0.0
2023-10-20 09:00:00+08:00,26.149999618530273,26.149999618530273,25.950000762939453,25.950000762939453,765,0.0,0.0
2023-10-20 10:00:00+08:00,26.0,26.0,25.950000762939453,26.0,6135,0.0,0.0
2023-10-20 11:00:00+08:00,26.200000762939453,26.25,26.200000762939453,26.25,2000,0.0,0.0
2023-10-20 12:00:00+08:00,26.25,26.25,26.25,26.25,4629,0.0,0.0
2023-10-20 13:00:00+08:00,26.100000381469727,26.25,26.100000381469727,26.25,8000,0.0,0.0
2023-10-23 09:00:00+08:00,26.049999237060547,26.049999237060547,25.899999618530273,25.899999618530273,0,0.0,0.0
2023-10-23 11:00:00+08:00,26.0,26.0,26.0,26.0,1000,0.0,0.0
2023-10-23 13:00:00+08:00,26.0,26.0,26.0,26.0,1000,0.0,0.0
2023-10-24 10:00:00+08:00,25.950000762939453,25.950000762939453,25.899999618530273,25.899999618530273,5001,0.0,0.0
2023-10-24 11:00:00+08:00,25.950000762939453,25.950000762939453,25.899999618530273,25.899999618530273,5020,0.0,0.0
2023-10-24 13:00:00+08:00,25.950000762939453,25.950000762939453,25.950000762939453,25.950000762939453,5000,0.0,0.0
2023-10-25 09:00:00+08:00,26.0,26.049999237060547,26.0,26.049999237060547,0,0.0,0.0
2023-10-25 10:00:00+08:00,26.049999237060547,26.149999618530273,26.049999237060547,26.149999618530273,16001,0.0,0.0
2023-10-25 11:00:00+08:00,26.149999618530273,26.149999618530273,26.149999618530273,26.149999618530273,1000,0.0,0.0
2023-10-25 13:00:00+08:00,26.100000381469727,26.100000381469727,26.100000381469727,26.100000381469727,3040,0.0,0.0
2023-10-26 09:00:00+08:00,25.950000762939453,26.049999237060547,25.850000381469727,26.049999237060547,0,0.0,0.0
2023-10-26 10:00:00+08:00,26.0,26.0,25.899999618530273,25.899999618530273,2000,0.0,0.0
2023-10-26 11:00:00+08:00,25.899999618530273,26.0,25.899999618530273,26.0,6000,0.0,0.0
2023-10-26 12:00:00+08:00,26.0,26.0,25.950000762939453,25.950000762939453,2000,0.0,0.0
2023-10-26 13:00:00+08:00,25.950000762939453,26.049999237060547,25.899999618530273,25.899999618530273,7000,0.0,0.0
2023-10-27 09:00:00+08:00,26.149999618530273,26.149999618530273,26.149999618530273,26.149999618530273,0,0.0,0.0
2023-10-27 10:00:00+08:00,25.899999618530273,25.899999618530273,25.799999237060547,25.799999237060547,32000,0.0,0.0
2023-10-27 11:00:00+08:00,25.850000381469727,25.850000381469727,25.850000381469727,25.850000381469727,3000,0.0,0.0
2023-10-27 12:00:00+08:00,25.950000762939453,25.950000762939453,25.950000762939453,25.950000762939453,6239,0.0,0.0
2023-10-30 10:00:00+08:00,25.850000381469727,25.850000381469727,25.799999237060547,25.799999237060547,5000,0.0,0.0
2023-10-30 11:00:00+08:00,25.799999237060547,25.799999237060547,25.75,25.75,30050,0.0,0.0
2023-10-30 12:00:00+08:00,25.75,25.850000381469727,25.700000762939453,25.799999237060547,33518,0.0,0.0
2023-10-31 09:00:00+08:00,25.799999237060547,25.899999618530273,25.799999237060547,25.899999618530273,0,0.0,0.0
2023-10-31 10:00:00+08:00,25.799999237060547,25.799999237060547,25.75,25.75,9000,0.0,0.0
2023-10-31 11:00:00+08:00,25.75,25.75,25.700000762939453,25.700000762939453,20030,0.0,0.0
2023-10-31 12:00:00+08:00,25.75,25.75,25.549999237060547,25.549999237060547,38098,0.0,0.0
2023-10-31 13:00:00+08:00,25.5,25.799999237060547,25.399999618530273,25.799999237060547,0,0.0,0.0
2023-11-01 11:00:00+08:00,25.549999237060547,25.549999237060547,25.399999618530273,25.399999618530273,3000,0.0,0.0
2023-11-01 12:00:00+08:00,25.5,25.5,25.5,25.5,2460,0.0,0.0
2023-11-01 13:00:00+08:00,25.549999237060547,25.549999237060547,25.5,25.5,5276,0.0,0.0
2023-11-02 09:00:00+08:00,25.700000762939453,25.700000762939453,25.649999618530273,25.649999618530273,7072,0.0,0.0
2023-11-02 10:00:00+08:00,25.600000381469727,25.600000381469727,25.600000381469727,25.600000381469727,2000,0.0,0.0
2023-11-02 11:00:00+08:00,25.649999618530273,25.649999618530273,25.600000381469727,25.649999618530273,6000,0.0,0.0
2023-11-02 12:00:00+08:00,25.649999618530273,25.700000762939453,25.600000381469727,25.700000762939453,13000,0.0,0.0
2023-11-02 13:00:00+08:00,25.600000381469727,25.600000381469727,25.600000381469727,25.600000381469727,8140,0.0,0.0
2023-11-03 09:00:00+08:00,25.850000381469727,25.850000381469727,25.450000762939453,25.549999237060547,0,0.0,0.0
2023-11-03 10:00:00+08:00,25.549999237060547,25.600000381469727,25.549999237060547,25.600000381469727,6070,0.0,0.0
2023-11-03 11:00:00+08:00,25.600000381469727,25.600000381469727,25.600000381469727,25.600000381469727,4100,0.0,0.0
2023-11-03 13:00:00+08:00,25.649999618530273,25.649999618530273,25.600000381469727,25.600000381469727,2200,0.0,0.0
2023-11-06 09:00:00+08:00,25.899999618530273,25.899999618530273,25.899999618530273,25.899999618530273,0,0.0,0.0
2023-11-06 10:00:00+08:00,25.850000381469727,25.950000762939453,25.850000381469727,25.850000381469727,4000,0.0,0.0
2023-11-06 11:00:00+08:00,25.799999237060547,25.799999237060547,25.75,25.75,9100,0.0,0.0
2023-11-06 12:00:00+08:00,25.75,25.799999237060547,25.75,25.799999237060547,2000,0.0,0.0
2023-11-07 11:00:00+08:00,25.799999237060547,25.799999237060547,25.75,25.75,4000,0.0,0.0
2023-11-07 12:00:00+08:00,25.75,25.75,25.75,25.75,4000,0.0,0.0
2023-11-08 09:00:00+08:00,26.149999618530273,26.149999618530273,26.0,26.0,0,0.0,0.0
2023-11-08 10:00:00+08:00,26.0,26.0,26.0,26.0,3002,0.0,0.0
2023-11-08 12:00:00+08:00,26.0,26.0,26.0,26.0,6003,0.0,0.0
2023-11-08 13:00:00+08:00,25.799999237060547,25.799999237060547,25.75,25.75,7300,0.0,0.0
2023-11-09 09:00:00+08:00,25.799999237060547,26.149999618530273,25.799999237060547,26.100000381469727,0,0.0,0.0
2023-11-09 10:00:00+08:00,25.75,25.950000762939453,25.75,25.950000762939453,6055,0.0,0.0
2023-11-09 11:00:00+08:00,25.899999618530273,25.899999618530273,25.899999618530273,25.899999618530273,1050,0.0,0.0
2023-11-09 12:00:00+08:00,25.799999237060547,25.799999237060547,25.799999237060547,25.799999237060547,2088,0.0,0.0
2023-11-09 13:00:00+08:00,25.799999237060547,25.799999237060547,25.75,25.75,7100,0.0,0.0
2023-11-10 10:00:00+08:00,25.75,25.75,25.75,25.75,1001,0.0,0.0
2023-11-10 12:00:00+08:00,25.649999618530273,25.649999618530273,25.649999618530273,25.649999618530273,2000,0.0,0.0
2023-11-10 13:00:00+08:00,25.649999618530273,25.700000762939453,25.600000381469727,25.700000762939453,4001,0.0,0.0
2023-11-13 09:00:00+08:00,25.600000381469727,25.700000762939453,25.600000381469727,25.700000762939453,0,0.0,0.0
2023-11-13 10:00:00+08:00,25.649999618530273,25.649999618530273,25.600000381469727,25.600000381469727,12100,0.0,0.0
2023-11-13 11:00:00+08:00,25.600000381469727,25.75,25.600000381469727,25.75,10001,0.0,0.0
2023-11-13 12:00:00+08:00,25.649999618530273,25.649999618530273,25.649999618530273,25.649999618530273,2301,0.0,0.0
2023-11-13 13:00:00+08:00,25.649999618530273,25.649999618530273,25.600000381469727,25.600000381469727,5000,0.0,0.0
2023-11-14 09:00:00+08:00,25.649999618530273,25.700000762939453,25.649999618530273,25.700000762939453,0,0.0,0.0
2023-11-14 10:00:00+08:00,25.700000762939453,25.700000762939453,25.700000762939453,25.700000762939453,1100,0.0,0.0
2023-11-14 11:00:00+08:00,25.700000762939453,25.75,25.700000762939453,25.75,4285,0.0,0.0
2023-11-14 12:00:00+08:00,25.700000762939453,25.700000762939453,25.649999618530273,25.649999618530273,4000,0.0,0.0
2023-11-14 13:00:00+08:00,25.700000762939453,25.700000762939453,25.700000762939453,25.700000762939453,6000,0.0,0.0
2023-11-15 09:00:00+08:00,25.799999237060547,25.799999237060547,25.700000762939453,25.700000762939453,0,0.0,0.0
2023-11-15 10:00:00+08:00,25.75,25.799999237060547,25.75,25.799999237060547,7000,0.0,0.0
2023-11-15 11:00:00+08:00,25.700000762939453,25.700000762939453,25.700000762939453,25.700000762939453,3571,0.0,0.0
2023-11-15 13:00:00+08:00,25.75,25.75,25.75,25.75,4000,0.0,0.0
2023-11-16 09:00:00+08:00,25.799999237060547,25.899999618530273,25.799999237060547,25.899999618530273,0,0.0,0.0
2023-11-16 10:00:00+08:00,25.899999618530273,25.899999618530273,25.899999618530273,25.899999618530273,1000,0.0,0.0
2023-11-16 11:00:00+08:00,25.899999618530273,25.899999618530273,25.799999237060547,25.799999237060547,3050,0.0,0.0
2023-11-16 13:00:00+08:00,25.799999237060547,25.799999237060547,25.799999237060547,25.799999237060547,3101,0.0,0.0
2023-11-17 09:00:00+08:00,25.700000762939453,25.700000762939453,25.700000762939453,25.700000762939453,20256,0.0,0.0
2023-11-17 10:00:00+08:00,25.799999237060547,25.899999618530273,25.799999237060547,25.899999618530273,15001,0.0,0.0
2023-11-17 11:00:00+08:00,25.899999618530273,25.899999618530273,25.850000381469727,25.850000381469727,14131,0.0,0.0
2023-11-17 12:00:00+08:00,25.899999618530273,25.899999618530273,25.850000381469727,25.850000381469727,3000,0.0,0.0
2023-11-17 13:00:00+08:00,25.850000381469727,25.850000381469727,25.850000381469727,25.850000381469727,10000,0.0,0.0
2023-11-20 09:00:00+08:00,25.899999618530273,25.899999618530273,25.899999618530273,25.899999618530273,0,0.0,0.0
2023-11-20 10:00:00+08:00,25.899999618530273,25.899999618530273,25.850000381469727,25.850000381469727,7010,0.0,0.0
2023-11-20 11:00:00+08:00,25.850000381469727,25.899999618530273,25.850000381469727,25.899999618530273,9000,0.0,0.0
2023-11-20 12:00:00+08:00,25.899999618530273,25.899999618530273,25.899999618530273,25.899999618530273,2000,0.0,0.0
2023-11-20 13:00:00+08:00,25.899999618530273,25.899999618530273,25.899999618530273,25.899999618530273,1099,0.0,0.0
2023-11-21 09:00:00+08:00,25.950000762939453,26.0,25.950000762939453,26.0,0,0.0,0.0
2023-11-21 10:00:00+08:00,26.0,26.0,25.850000381469727,26.0,16251,0.0,0.0
2023-11-21 11:00:00+08:00,25.950000762939453,26.049999237060547,25.950000762939453,26.049999237060547,6081,0.0,0.0
2023-11-21 12:00:00+08:00,26.049999237060547,26.049999237060547,26.049999237060547,26.049999237060547,1641,0.0,0.0
2023-11-22 09:00:00+08:00,26.100000381469727,26.100000381469727,26.100000381469727,26.100000381469727,0,0.0,0.0
2023-11-22 11:00:00+08:00,26.049999237060547,26.049999237060547,26.049999237060547,26.049999237060547,10002,0.0,0.0
2023-11-22 12:00:00+08:00,26.100000381469727,26.100000381469727,26.100000381469727,26.100000381469727,2000,0.0,0.0
2023-11-22 13:00:00+08:00,26.049999237060547,26.049999237060547,26.049999237060547,26.049999237060547,1000,0.0,0.0
2023-11-23 09:00:00+08:00,26.049999237060547,26.100000381469727,26.049999237060547,26.100000381469727,0,0.0,0.0
2023-11-23 10:00:00+08:00,26.049999237060547,26.100000381469727,26.049999237060547,26.100000381469727,13081,0.0,0.0
2023-11-23 11:00:00+08:00,26.049999237060547,26.049999237060547,26.049999237060547,26.049999237060547,2037,0.0,0.0
2023-11-23 12:00:00+08:00,26.049999237060547,26.100000381469727,26.049999237060547,26.100000381469727,6152,0.0,0.0
2023-11-23 13:00:00+08:00,26.100000381469727,26.100000381469727,26.100000381469727,26.100000381469727,1000,0.0,0.0
2023-11-24 09:00:00+08:00,26.149999618530273,26.200000762939453,26.149999618530273,26.200000762939453,0,0.0,0.0
2023-11-24 10:00:00+08:00,26.100000381469727,26.100000381469727,26.100000381469727,26.100000381469727,8000,0.0,0.0
2023-11-24 11:00:00+08:00,26.100000381469727,26.100000381469727,26.100000381469727,26.100000381469727,1080,0.0,0.0
2023-11-24 12:00:00+08:00,26.100000381469727,26.100000381469727,26.049999237060547,26.100000381469727,16100,0.0,0.0
2023-11-24 13:00:00+08:00,26.100000381469727,26.100000381469727,26.049999237060547,26.049999237060547,3000,0.0,0.0
2023-11-27 09:00:00+08:00,26.25,26.299999237060547,26.25,26.299999237060547,0,0.0,0.0
2023-11-27 10:00:00+08:00,26.25,26.25,26.25,26.25,5080,0.0,0.0
2023-11-27 13:00:00+08:00,26.25,26.25,26.25,26.25,1050,0.0,0.0
2023-11-28 09:00:00+08:00,26.200000762939453,26.25,26.200000762939453,26.25,0,0.0,0.0
2023-11-28 10:00:00+08:00,26.299999237060547,26.299999237060547,26.299999237060547,26.299999237060547,5000,0.0,0.0
2023-11-28 11:00:00+08:00,26.299999237060547,26.350000381469727,26.299999237060547,26.350000381469727,12000,0.0,0.0
2023-11-28 12:00:00+08:00,26.25,26.25,26.25,26.25,2001,0.0,0.0
2023-11-28 13:00:00+08:00,26.25,26.299999237060547,26.25,26.25,5001,0.0,0.0
2023-11-29 09:00:00+08:00,26.350000381469727,26.350000381469727,26.25,26.25,9001,0.0,0.0
2023-11-29 10:00:00+08:00,26.25,26.25,26.25,26.25,2080,0.0,0.0
2023-11-29 11:00:00+08:00,26.299999237060547,26.299999237060547,26.299999237060547,26.299999237060547,2111,0.0,0.0
2023-11-29 12:00:00+08:00,26.299999237060547,26.299999237060547,26.25,26.25,6000,0.0,0.0
2023-11-30 09:00:00+08:00,26.350000381469727,26.399999618530273,26.350000381469727,26.350000381469727,14142,0.0,0.0
2023-11-30 10:00:00+08:00,26.350000381469727,26.399999618530273,26.350000381469727,26.399999618530273,4100,0.0,0.0
2023-11-30 11:00:00+08:00,26.399999618530273,26.399999618530273,26.350000381469727,26.350000381469727,8055,0.0,0.0
2023-11-30 12:00:00+08:00,26.299999237060547,26.299999237060547,26.299999237060547,26.299999237060547,4000,0.0,0.0
2023-11-30 13:00:00+08:00,26.299999237060547,26.299999237060547,26.299999237060547,26.299999237060547,5000,0.0,0.0
2023-12-01 09:00:00+08:00,26.350000381469727,26.450000762939453,26.350000381469727,26.450000762939453,18000,0.0,0.0
2023-12-01 10:00:00+08:00,26.450000762939453,26.450000762939453,26.350000381469727,26.350000381469727,9001,0.0,0.0
2023-12-01 11:00:00+08:00,26.299999237060547,26.350000381469727,26.25,26.350000381469727,10000,0.0,0.0
2023-12-01 12:00:00+08:00,26.350000381469727,26.549999237060547,26.350000381469727,26.5,39250,0.0,0.0
2023-12-01 13:00:00+08:00,26.450000762939453,26.450000762939453,26.450000762939453,26.450000762939453,7000,0.0,0.0
2023-12-04 09:00:00+08:00,26.450000762939453,26.649999618530273,26.450000762939453,26.600000381469727,0,0.0,0.0
2023-12-04 10:00:00+08:00,26.600000381469727,26.700000762939453,26.549999237060547,26.700000762939453,32000,0.0,0.0
2023-12-04 11:00:00+08:00,26.700000762939453,26.75,26.700000762939453,26.75,8100,0.0,0.0
2023-12-04 12:00:00+08:00,26.75,26.75,26.700000762939453,26.75,12000,0.0,0.0
2023-12-04 13:00:00+08:00,26.75,26.799999237060547,26.75,26.75,9188,0.0,0.0
2023-12-05 09:00:00+08:00,26.700000762939453,26.950000762939453,26.700000762939453,26.850000381469727,0,0.0,0.0
2023-12-05 10:00:00+08:00,26.799999237060547,26.850000381469727,26.75,26.850000381469727,11606,0.0,0.0
2023-12-05 11:00:00+08:00,26.75,26.75,26.75,26.75,22037,0.0,0.0
2023-12-05 12:00:00+08:00,26.799999237060547,26.799999237060547,26.799999237060547,26.799999237060547,2000,0.0,0.0
2023-12-05 13:00:00+08:00,26.799999237060547,26.799999237060547,26.799999237060547,26.799999237060547,2011,0.0,0.0
2023-12-06 09:00:00+08:00,26.950000762939453,27.049999237060547,26.950000762939453,27.0,0,0.0,0.0
2023-12-06 10:00:00+08:00,27.0,27.0,27.0,27.0,2100,0.0,0.0
2023-12-06 11:00:00+08:00,27.0,27.0,27.0,27.0,8209,0.0,0.0
2023-12-06 12:00:00+08:00,27.0,27.0,27.0,27.0,2002,0.0,0.0
2023-12-06 13:00:00+08:00,26.950000762939453,27.0,26.950000762939453,27.0,6000,0.0,0.0
2023-12-07 09:00:00+08:00,27.149999618530273,27.149999618530273,27.100000381469727,27.149999618530273,0,0.0,0.0
2023-12-07 10:00:00+08:00,27.100000381469727,27.149999618530273,27.100000381469727,27.100000381469727,10000,0.0,0.0
2023-12-07 11:00:00+08:00,27.100000381469727,27.100000381469727,27.0,27.0,29204,0.0,0.0
2023-12-07 12:00:00+08:00,27.0,27.100000381469727,27.0,27.100000381469727,5000,0.0,0.0
2023-12-07 13:00:00+08:00,27.0,27.0,26.899999618530273,26.950000762939453,8050,0.0,0.0
2023-12-08 09:00:00+08:00,27.0,27.100000381469727,26.799999237060547,26.850000381469727,0,0.0,0.0
2023-12-08 10:00:00+08:00,26.799999237060547,26.899999618530273,26.799999237060547,26.899999618530273,18002,0.0,0.0
2023-12-08 11:00:00+08:00,26.950000762939453,26.950000762939453,26.850000381469727,26.850000381469727,3070,0.0,0.0
2023-12-08 12:00:00+08:00,26.850000381469727,26.950000762939453,26.850000381469727,26.850000381469727,23025,0.0,0.0
2023-12-08 13:00:00+08:00,26.950000762939453,26.950000762939453,26.950000762939453,26.950000762939453,1005,0.0,0.0
2023-12-11 09:00:00+08:00,27.049999237060547,27.049999237060547,27.0,27.0,0,0.0,0.0
2023-12-11 10:00:00+08:00,27.0,27.0,26.950000762939453,27.0,15002,0.0,0.0
2023-12-11 11:00:00+08:00,27.0,27.0,26.850000381469727,26.850000381469727,7450,0.0,0.0
2023-12-11 12:00:00+08:00,26.899999618530273,27.0,26.799999237060547,27.0,12000,0.0,0.0
2023-12-11 13:00:00+08:00,27.0,27.0,27.0,27.0,9100,0.0,0.0
2023-12-12 10:00:00+08:00,27.0,27.0,27.0,27.0,0,0.0,0.0
2023-12-12 11:00:00+08:00,26.799999237060547,26.799999237060547,26.799999237060547,26.799999237060547,22000,0.0,0.0
2023-12-12 12:00:00+08:00,26.850000381469727,26.850000381469727,26.799999237060547,26.799999237060547,4000,0.0,0.0
2023-12-12 13:00:00+08:00,26.799999237060547,26.850000381469727,26.799999237060547,26.850000381469727,2064,0.0,0.0
2023-12-13 09:00:00+08:00,26.75,26.75,26.700000762939453,26.700000762939453,8000,0.0,0.0
2023-12-13 10:00:00+08:00,26.799999237060547,26.799999237060547,26.700000762939453,26.700000762939453,21000,0.0,0.0
2023-12-13 11:00:00+08:00,26.700000762939453,26.700000762939453,26.700000762939453,26.700000762939453,2050,0.0,0.0
2023-12-13 12:00:00+08:00,26.75,26.75,26.75,26.75,3250,0.0,0.0
2023-12-13 13:00:00+08:00,26.75,26.799999237060547,26.75,26.799999237060547,4002,0.0,0.0
2023-12-14 10:00:00+08:00,26.799999237060547,26.799999237060547,26.799999237060547,26.799999237060547,2000,0.0,0.0
2023-12-14 11:00:00+08:00,26.799999237060547,26.799999237060547,26.799999237060547,26.799999237060547,7069,0.0,0.0
2023-12-14 12:00:00+08:00,26.850000381469727,26.850000381469727,26.850000381469727,26.850000381469727,2002,0.0,0.0
2023-12-14 13:00:00+08:00,26.850000381469727,26.850000381469727,26.850000381469727,26.850000381469727,2000,0.0,0.0
2023-12-15 09:00:00+08:00,26.850000381469727,26.899999618530273,26.799999237060547,26.899999618530273,6000,0.0,0.0
2023-12-15 10:00:00+08:00,26.899999618530273,26.899999618530273,26.899999618530273,26.899999618530273,4000,0.0,0.0
2023-12-15 11:00:00+08:00,26.899999618530273,26.899999618530273,26.850000381469727,26.850000381469727,4006,0.0,0.0
2023-12-15 13:00:00+08:00,26.899999618530273,26.950000762939453,26.899999618530273,26.899999618530273,5000,0.0,0.0
2023-12-18 09:00:00+08:00,26.950000762939453,27.0,26.950000762939453,27.0,0,0.0,0.0
2023-12-18 10:00:00+08:00,27.0,27.0,27.0,27.0,2002,0.0,0.0
2023-12-18 11:00:00+08:00,26.899999618530273,26.899999618530273,26.899999618530273,26.899999618530273,2069,0.0,0.0
2023-12-18 12:00:00+08:00,26.899999618530273,26.899999618530273,26.850000381469727,26.850000381469727,22280,0.0,0.0
2023-12-19 09:00:00+08:00,26.799999237060547,26.850000381469727,26.799999237060547,26.799999237060547,4000,0.0,0.0
2023-12-19 10:00:00+08:00,26.799999237060547,26.850000381469727,26.75,26.75,8214,0.0,0.0
2023-12-19 11:00:00+08:00,26.75,26.75,26.700000762939453,26.700000762939453,19047,0.0,0.0
2023-12-19 12:00:00+08:00,26.700000762939453,26.799999237060547,26.600000381469727,26.600000381469727,23042,0.0,0.0
2023-12-20 09:00:00+08:00,26.799999237060547,26.799999237060547,26.799999237060547,26.799999237060547,0,0.0,0.0
2023-12-20 10:00:00+08:00,26.75,26.75,26.75,26.75,14001,0.0,0.0
2023-12-20 12:00:00+08:00,26.799999237060547,26.799999237060547,26.799999237060547,26.799999237060547,1070,0.0,0.0
2023-12-20 13:00:00+08:00,26.75,26.799999237060547,26.75,26.799999237060547,4000,0.0,0.0
2023-12-21 09:00:00+08:00,26.799999237060547,26.799999237060547,26.799999237060547,26.799999237060547,0,0.0,0.0
2023-12-21 10:00:00+08:00,26.799999237060547,26.799999237060547,26.700000762939453,26.700000762939453,8002,0.0,0.0
2023-12-21 12:00:00+08:00,26.75,26.75,26.75,26.75,1000,0.0,0.0
2023-12-21 13:00:00+08:00,26.75,26.75,26.700000762939453,26.700000762939453,2000,0.0,0.0
2023-12-22 09:00:00+08:00,26.799999237060547,26.899999618530273,26.799999237060547,26.799999237060547,4001,0.0,0.0
2023-12-22 11:00:00+08:00,26.799999237060547,26.799999237060547,26.700000762939453,26.700000762939453,4000,0.0,0.0
2023-12-22 12:00:00+08:00,26.75,26.75,26.75,26.75,3000,0.0,0.0
2023-12-22 13:00:00+08:00,26.75,26.799999237060547,26.700000762939453,26.700000762939453,13023,0.0,0.0
2023-12-25 10:00:00+08:00,26.700000762939453,26.700000762939453,26.700000762939453,26.700000762939453,1000,0.0,0.0
2023-12-25 11:00:00+08:00,26.75,26.75,26.700000762939453,26.700000762939453,8001,0.0,0.0
2023-12-25 12:00:00+08:00,26.700000762939453,26.700000762939453,26.700000762939453,26.700000762939453,5000,0.0,0.0
2023-12-25 13:00:00+08:00,26.700000762939453,26.700000762939453,26.700000762939453,26.700000762939453,4050,0.0,0.0
2023-12-26 09:00:00+08:00,26.799999237060547,26.799999237060547,26.799999237060547,26.799999237060547,0,0.0,0.0
2023-12-26 10:00:00+08:00,26.799999237060547,26.799999237060547,26.799999237060547,26.799999237060547,4000,0.0,0.0
2023-12-26 11:00:00+08:00,26.75,26.799999237060547,26.75,26.799999237060547,6000,0.0,0.0
2023-12-26 12:00:00+08:00,26.799999237060547,26.799999237060547,26.799999237060547,26.799999237060547,1001,0.0,0.0
2023-12-26 13:00:00+08:00,26.799999237060547,26.799999237060547,26.799999237060547,26.799999237060547,2004,0.0,0.0
2023-12-27 09:00:00+08:00,26.799999237060547,26.799999237060547,26.799999237060547,26.799999237060547,8000,0.0,0.0
2023-12-27 10:00:00+08:00,26.75,26.799999237060547,26.75,26.799999237060547,3087,0.0,0.0
2023-12-27 11:00:00+08:00,26.799999237060547,26.850000381469727,26.799999237060547,26.850000381469727,9000,0.0,0.0
2023-12-27 12:00:00+08:00,26.799999237060547,26.850000381469727,26.799999237060547,26.850000381469727,0,0.0,0.0
2023-12-28 10:00:00+08:00,26.700000762939453,26.700000762939453,26.700000762939453,26.700000762939453,2000,0.0,0.0
2023-12-28 11:00:00+08:00,26.700000762939453,26.700000762939453,26.700000762939453,26.700000762939453,1001,0.0,0.0
2023-12-28 12:00:00+08:00,26.75,26.75,26.700000762939453,26.700000762939453,7000,0.0,0.0
2023-12-28 13:00:00+08:00,26.75,26.799999237060547,26.700000762939453,26.799999237060547,12053,0.0,0.0
2023-12-29 09:00:00+08:00,26.799999237060547,26.850000381469727,26.799999237060547,26.799999237060547,0,0.0,0.0
2023-12-29 10:00:00+08:00,26.799999237060547,26.799999237060547,26.799999237060547,26.799999237060547,3360,0.0,0.0
2023-12-29 12:00:00+08:00,26.850000381469727,26.850000381469727,26.850000381469727,26.850000381469727,1000,0.0,0.0
2023-12-29 13:00:00+08:00,26.850000381469727,26.850000381469727,26.799999237060547,26.799999237060547,7000,0.0,0.0
2024-01-02 09:00:00+08:00,26.799999237060547,26.799999237060547,26.799999237060547,26.799999237060547,0,0.0,0.0
2024-01-02 10:00:00+08:00,26.799999237060547,26.799999237060547,26.799999237060547,26.799999237060547,19156,0.0,0.0
2024-01-02 11:00:00+08:00,26.799999237060547,26.799999237060547,26.799999237060547,26.799999237060547,4000,0.0,0.0
2024-01-02 12:00:00+08:00,26.850000381469727,26.850000381469727,26.850000381469727,26.850000381469727,11010,0.0,0.0
2024-01-02 13:00:00+08:00,26.899999618530273,26.899999618530273,26.899999618530273,26.899999618530273,8000,0.0,0.0
2024-01-03 09:00:00+08:00,26.850000381469727,26.899999618530273,26.850000381469727,26.850000381469727,0,0.0,0.0
2024-01-03 10:00:00+08:00,26.850000381469727,26.899999618530273,26.850000381469727,26.850000381469727,6001,0.0,0.0
2024-01-03 11:00:00+08:00,26.850000381469727,26.850000381469727,26.799999237060547,26.799999237060547,2599,0.0,0.0
2024-01-03 12:00:00+08:00,26.850000381469727,26.850000381469727,26.799999237060547,26.799999237060547,5050,0.0,0.0
2024-01-03 13:00:00+08:00,26.850000381469727,26.850000381469727,26.850000381469727,26.850000381469727,2020,0.0,0.0
2024-01-04 09:00:00+08:00,26.799999237060547,26.799999237060547,26.799999237060547,26.799999237060547,4000,0.0,0.0
2024-01-04 10:00:00+08:00,26.799999237060547,26.799999237060547,26.799999237060547,26.799999237060547,4000,0.0,0.0
2024-01-04 11:00:00+08:00,26.799999237060547,26.799999237060547,26.799999237060547,26.799999237060547,2101,0.0,0.0
2024-01-04 13:00:00+08:00,26.799999237060547,26.850000381469727,26.799999237060547,26.799999237060547,7070,0.0,0.0
2024-01-05 09:00:00+08:00,26.75,26.75,26.75,26.75,12002,0.0,0.0
2024-01-05 10:00:00+08:00,26.799999237060547,26.799999237060547,26.75,26.75,5000,0.0,0.0
2024-01-05 11:00:00+08:00,26.75,26.799999237060547,26.75,26.75,4052,0.0,0.0
2024-01-05 12:00:00+08:00,26.75,26.75,26.75,26.75,2000,0.0,0.0
2024-01-05 13:00:00+08:00,26.75,26.75,26.75,26.75,1000,0.0,0.0
2024-01-08 09:00:00+08:00,26.799999237060547,26.799999237060547,26.799999237060547,26.799999237060547,0,0.0,0.0
2024-01-08 10:00:00+08:00,26.799999237060547,26.799999237060547,26.799999237060547,26.799999237060547,5001,0.0,0.0
2024-01-08 11:00:00+08:00,26.75,26.850000381469727,26.700000762939453,26.799999237060547,45200,0.0,0.0
2024-01-09 09:00:00+08:00,26.75,26.75,26.75,26.75,0,0.0,0.0
2024-01-09 10:00:00+08:00,26.75,26.75,26.75,26.75,4001,0.0,0.0
2024-01-09 11:00:00+08:00,26.700000762939453,26.700000762939453,26.700000762939453,26.700000762939453,1000,0.0,0.0
2024-01-09 12:00:00+08:00,26.700000762939453,26.700000762939453,26.700000762939453,26.700000762939453,3000,0.0,0.0
2024-01-09 13:00:00+08:00,26.700000762939453,26.75,26.700000762939453,26.75,2000,0.0,0.0
2024-01-10 11:00:00+08:00,26.600000381469727,26.600000381469727,26.399999618530273,26.399999618530273,26975,0.0,0.0
2024-01-10 12:00:00+08:00,26.399999618530273,26.5,26.399999618530273,26.5,9083,0.0,0.0
2024-01-10 13:00:00+08:00,26.549999237060547,26.549999237060547,26.549999237060547,26.549999237060547,4000,0.0,0.0
2024-01-11 09:00:00+08:00,26.549999237060547,26.549999237060547,26.399999618530273,26.399999618530273,0,0.0,0.0
2024-01-11 10:00:00+08:00,26.450000762939453,26.549999237060547,26.450000762939453,26.549999237060547,2100,0.0,0.0
2024-01-11 11:00:00+08:00,26.549999237060547,26.549999237060547,26.549999237060547,26.549999237060547,1101,0.0,0.0
2024-01-11 13:00:00+08:00,26.549999237060547,26.549999237060547,26.549999237060547,26.549999237060547,3000,0.0,0.0
2024-01-12 09:00:00+08:00,26.549999237060547,26.549999237060547,26.549999237060547,26.549999237060547,1000,0.0,0.0
2024-01-12 10:00:00+08:00,26.549999237060547,26.549999237060547,26.5,26.5,3000,0.0,0.0
2024-01-12 11:00:00+08:00,26.549999237060547,26.549999237060547,26.549999237060547,26.549999237060547,3002,0.0,0.0
2024-01-12 12:00:00+08:00,26.549999237060547,26.549999237060547,26.549999237060547,26.549999237060547,2000,0.0,0.0
2024-01-12 13:00:00+08:00,26.5,26.600000381469727,26.5,26.600000381469727,8000,0.0,0.0
2024-01-15 09:00:00+08:00,26.549999237060547,26.549999237060547,26.549999237060547,26.549999237060547,0,0.0,0.0
2024-01-15 10:00:00+08:00,26.549999237060547,26.549999237060547,26.549999237060547,26.549999237060547,2001,0.0,0.0
2024-01-15 11:00:00+08:00,26.549999237060547,26.549999237060547,26.549999237060547,26.549999237060547,2097,0.0,0.0
2024-01-15 12:00:00+08:00,26.549999237060547,26.549999237060547,26.450000762939453,26.450000762939453,16053,0.0,0.0
2024-01-15 13:00:00+08:00,26.450000762939453,26.450000762939453,26.450000762939453,26.450000762939453,11002,0.0,0.0
2024-01-16 10:00:00+08:00,26.350000381469727,26.350000381469727,26.299999237060547,26.299999237060547,3001,0.0,0.0
2024-01-16 11:00:00+08:00,26.299999237060547,26.299999237060547,26.149999618530273,26.25,41303,0.0,0.0
2024-01-16 12:00:00+08:00,26.25,26.25,26.200000762939453,26.200000762939453,8328,0.0,0.0
2024-01-16 13:00:00+08:00,26.149999618530273,26.25,26.149999618530273,26.25,6134,0.0,0.0
2024-01-17 09:00:00+08:00,26.649999618530273,26.649999618530273,26.200000762939453,26.25,0,0.0,0.0
2024-01-17 10:00:00+08:00,26.25,26.25,26.149999618530273,26.149999618530273,15001,0.0,0.0
2024-01-17 11:00:00+08:00,26.149999618530273,26.149999618530273,26.149999618530273,26.149999618530273,14635,0.0,0.0
2024-01-17 12:00:00+08:00,26.149999618530273,26.200000762939453,26.149999618530273,26.200000762939453,3001,0.0,0.0
2024-01-17 13:00:00+08:00,26.100000381469727,26.100000381469727,26.100000381469727,26.100000381469727,2003,0.0,0.0
2024-01-18 09:00:00+08:00,26.200000762939453,26.200000762939453,26.200000762939453,26.200000762939453,24000,0.0,0.0
2024-01-18 10:00:00+08:00,26.200000762939453,26.200000762939453,26.200000762939453,26.200000762939453,6161,0.0,0.0
2024-01-18 11:00:00+08:00,26.149999618530273,26.149999618530273,26.149999618530273,26.149999618530273,6000,0.0,0.0
2024-01-18 12:00:00+08:00,26.100000381469727,26.149999618530273,26.100000381469727,26.149999618530273,12172,0.0,0.0
2024-01-19 09:00:00+08:00,26.200000762939453,26.75,26.200000762939453,26.200000762939453,0,0.0,0.0
2024-01-19 10:00:00+08:00,26.25,26.25,26.200000762939453,26.25,8128,0.0,0.0
2024-01-19 11:00:00+08:00,26.200000762939453,26.25,26.200000762939453,26.200000762939453,16675,0.0,0.0
2024-01-19 12:00:00+08:00,26.200000762939453,26.200000762939453,26.149999618530273,26.149999618530273,8047,0.0,0.0
2024-01-22 09:00:00+08:00,26.799999237060547,26.799999237060547,26.350000381469727,26.399999618530273,0,0.0,0.0
2024-01-22 12:00:00+08:00,26.25,26.25,26.200000762939453,26.200000762939453,8000,0.0,0.0
2024-01-22 13:00:00+08:00,26.200000762939453,26.299999237060547,26.200000762939453,26.299999237060547,3000,0.0,0.0
2024-01-23 09:00:00+08:00,26.299999237060547,26.299999237060547,26.200000762939453,26.299999237060547,20000,0.0,0.0
2024-01-23 10:00:00+08:00,26.299999237060547,26.299999237060547,26.299999237060547,26.299999237060547,0,0.0,0.0
2024-01-23 11:00:00+08:00,26.25,26.25,26.100000381469727,26.100000381469727,58467,0.0,0.0
2024-01-23 12:00:00+08:00,26.149999618530273,26.25,26.149999618530273,26.25,8000,0.0,0.0
2024-01-23 13:00:00+08:00,26.25,26.299999237060547,26.25,26.299999237060547,6000,0.0,0.0
2024-01-24 09:00:00+08:00,26.399999618530273,26.399999618530273,26.299999237060547,26.350000381469727,21001,0.0,0.0
2024-01-24 10:00:00+08:00,26.299999237060547,26.299999237060547,26.299999237060547,26.299999237060547,8000,0.0,0.0
2024-01-24 11:00:00+08:00,26.299999237060547,26.399999618530273,26.299999237060547,26.399999618530273,23000,0.0,0.0
2024-01-24 12:00:00+08:00,26.399999618530273,26.5,26.399999618530273,26.5,27008,0.0,0.0
2024-01-24 13:00:00+08:00,26.5,26.5,26.5,26.5,1000,0.0,0.0
2024-01-25 09:00:00+08:00,26.850000381469727,26.850000381469727,26.549999237060547,26.700000762939453,0,0.0,0.0
2024-01-25 10:00:00+08:00,26.700000762939453,26.799999237060547,26.649999618530273,26.75,41001,0.0,0.0
2024-01-25 11:00:00+08:00,26.799999237060547,26.850000381469727,26.75,26.799999237060547,42006,0.0,0.0
2024-01-25 12:00:00+08:00,26.799999237060547,26.799999237060547,26.75,26.75,16000,0.0,0.0
2024-01-25 13:00:00+08:00,26.75,26.799999237060547,26.75,26.799999237060547,5000,0.0,0.0
2024-01-26 09:00:00+08:00,26.899999618530273,27.450000762939453,26.899999618530273,27.399999618530273,0,0.0,0.0
2024-01-26 10:00:00+08:00,27.399999618530273,27.399999618530273,27.200000762939453,27.200000762939453,44099,0.0,0.0
2024-01-26 11:00:00+08:00,27.200000762939453,27.200000762939453,27.049999237060547,27.200000762939453,40000,0.0,0.0
2024-01-26 12:00:00+08:00,27.200000762939453,27.200000762939453,27.049999237060547,27.049999237060547,13010,0.0,0.0
2024-01-26 13:00:00+08:00,27.049999237060547,27.049999237060547,27.049999237060547,27.049999237060547,18010,0.0,0.0
2024-01-29 09:00:00+08:00,27.0,27.350000381469727,27.0,27.350000381469727,0,0.0,0.0
2024-01-29 10:00:00+08:00,27.100000381469727,27.25,27.100000381469727,27.200000762939453,7663,0.0,0.0
2024-01-29 11:00:00+08:00,27.149999618530273,27.149999618530273,27.100000381469727,27.100000381469727,3000,0.0,0.0
2024-01-29 12:00:00+08:00,27.149999618530273,27.149999618530273,27.100000381469727,27.149999618530273,10000,0.0,0.0
2024-01-29 13:00:00+08:00,27.149999618530273,27.200000762939453,26.950000762939453,27.200000762939453,17019,0.0,0.0
2024-01-30 09:00:00+08:00,27.350000381469727,27.450000762939453,27.149999618530273,27.299999237060547,0,0.0,0.0
2024-01-30 10:00:00+08:00,27.299999237060547,27.350000381469727,27.299999237060547,27.299999237060547,4000,0.0,0.0
2024-01-30 11:00:00+08:00,27.25,27.299999237060547,27.200000762939453,27.299999237060547,8000,0.0,0.0
2024-01-30 12:00:00+08:00,27.200000762939453,27.299999237060547,27.100000381469727,27.25,29161,0.0,0.0
2024-01-30 13:00:00+08:00,27.200000762939453,27.200000762939453,27.200000762939453,27.200000762939453,0,0.0,0.0
2024-01-31 09:00:00+08:00,27.200000762939453,27.299999237060547,27.200000762939453,27.200000762939453,16001,0.0,0.0
2024-01-31 10:00:00+08:00,27.200000762939453,27.25,27.200000762939453,27.200000762939453,5000,0.0,0.0
2024-01-31 11:00:00+08:00,27.200000762939453,27.200000762939453,27.149999618530273,27.200000762939453,7148,0.0,0.0
2024-01-31 12:00:00+08:00,27.200000762939453,27.200000762939453,27.200000762939453,27.200000762939453,10000,0.0,0.0
2024-01-31 13:00:00+08:00,27.25,27.25,27.25,27.25,9050,0.0,0.0
2024-02-01 09:00:00+08:00,27.299999237060547,27.399999618530273,27.299999237060547,27.399999618530273,0,0.0,0.0
2024-02-01 10:00:00+08:00,27.399999618530273,27.399999618530273,27.299999237060547,27.299999237060547,23188,0.0,0.0
2024-02-01 11:00:00+08:00,27.350000381469727,27.399999618530273,27.350000381469727,27.399999618530273,4791,0.0,0.0
2024-02-01 12:00:00+08:00,27.399999618530273,27.399999618530273,27.299999237060547,27.350000381469727,11605,0.0,0.0
2024-02-01 13:00:00+08:00,27.350000381469727,27.399999618530273,27.299999237060547,27.299999237060547,15307,0.0,0.0
2024-02-02 09:00:00+08:00,27.399999618530273,27.549999237060547,27.399999618530273,27.5,67180,0.0,0.0
2024-02-02 10:00:00+08:00,27.549999237060547,27.600000381469727,27.399999618530273,27.5,30194,0.0,0.0
2024-02-02 11:00:00+08:00,27.399999618530273,27.600000381469727,27.399999618530273,27.600000381469727,22031,0.0,0.0
2024-02-02 12:00:00+08:00,27.549999237060547,27.549999237060547,27.549999237060547,27.549999237060547,2000,0.0,0.0
2024-02-02 13:00:00+08:00,27.549999237060547,27.549999237060547,27.5,27.5,4201,0.0,0.0
2024-02-05 09:00:00+08:00,27.5,27.549999237060547,27.350000381469727,27.450000762939453,0,0.0,0.0
2024-02-05 10:00:00+08:00,27.450000762939453,27.450000762939453,27.350000381469727,27.350000381469727,14001,0.0,0.0
2024-02-05 11:00:00+08:00,27.399999618530273,27.5,27.399999618530273,27.399999618530273,11126,0.0,0.0
2024-02-05 12:00:00+08:00,27.350000381469727,27.399999618530273,27.350000381469727,27.350000381469727,12036,0.0,0.0
2024-02-05 13:00:00+08:00,27.350000381469727,27.350000381469727,27.299999237060547,27.299999237060547,14050,0.0,0.0
2024-02-15 09:00:00+08:00,27.350000381469727,27.5,27.350000381469727,27.350000381469727,0,0.0,0.0
2024-02-15 10:00:00+08:00,27.350000381469727,27.450000762939453,27.299999237060547,27.299999237060547,12000,0.0,0.0
2024-02-15 11:00:00+08:00,27.299999237060547,27.299999237060547,27.149999618530273,27.149999618530273,10000,0.0,0.0
2024-02-15 12:00:00+08:00,27.200000762939453,27.299999237060547,27.200000762939453,27.299999237060547,7350,0.0,0.0
2024-02-15 13:00:00+08:00,27.299999237060547,27.299999237060547,27.299999237060547,27.299999237060547,1000,0.0,0.0
2024-02-16 09:00:00+08:00,27.299999237060547,27.450000762939453,27.299999237060547,27.450000762939453,20877,0.0,0.0
2024-02-16 10:00:00+08:00,27.450000762939453,27.450000762939453,27.450000762939453,27.450000762939453,8382,0.0,0.0
2024-02-16 11:00:00+08:00,27.450000762939453,27.5,27.399999618530273,27.399999618530273,14396,0.0,0.0
2024-02-16 12:00:00+08:00,27.5,27.5,27.399999618530273,27.399999618530273,10004,0.0,0.0
2024-02-16 13:00:00+08:00,27.350000381469727,27.399999618530273,27.350000381469727,27.399999618530273,9001,0.0,0.0
2024-02-19 09:00:00+08:00,27.399999618530273,27.450000762939453,27.399999618530273,27.450000762939453,0,0.0,0.0
2024-02-19 10:00:00+08:00,27.399999618530273,27.399999618530273,27.399999618530273,27.399999618530273,11042,0.0,0.0
2024-02-19 11:00:00+08:00,27.399999618530273,27.450000762939453,27.399999618530273,27.450000762939453,5049,0.0,0.0
2024-02-19 12:00:00+08:00,27.450000762939453,27.450000762939453,27.450000762939453,27.450000762939453,1050,0.0,0.0
2024-02-19 13:00:00+08:00,27.399999618530273,27.399999618530273,27.399999618530273,27.399999618530273,2000,0.0,0.0
2024-02-20 09:00:00+08:00,27.399999618530273,27.399999618530273,27.299999237060547,27.299999237060547,0,0.0,0.0
2024-02-20 10:00:00+08:00,27.25,27.25,27.049999237060547,27.100000381469727,22030,0.0,0.0
2024-02-20 11:00:00+08:00,27.149999618530273,27.200000762939453,27.149999618530273,27.200000762939453,6001,0.0,0.0
2024-02-20 12:00:00+08:00,27.200000762939453,27.200000762939453,27.200000762939453,27.200000762939453,2170,0.0,0.0
2024-02-20 13:00:00+08:00,27.149999618530273,27.149999618530273,27.149999618530273,27.149999618530273,4181,0.0,0.0
2024-02-21 09:00:00+08:00,27.200000762939453,27.200000762939453,27.0,27.0,0,0.0,0.0
2024-02-21 10:00:00+08:00,27.100000381469727,27.100000381469727,27.049999237060547,27.049999237060547,8009,0.0,0.0
2024-02-21 11:00:00+08:00,27.049999237060547,27.100000381469727,27.049999237060547,27.100000381469727,3000,0.0,0.0
2024-02-21 12:00:00+08:00,27.049999237060547,27.100000381469727,27.049999237060547,27.100000381469727,20207,0.0,0.0
2024-02-21 13:00:00+08:00,27.100000381469727,27.25,27.100000381469727,27.25,18100,0.0,0.0
2024-02-22 09:00:00+08:00,27.25,27.399999618530273,27.25,27.299999237060547,0,0.0,0.0
2024-02-22 10:00:00+08:00,27.299999237060547,27.350000381469727,27.299999237060547,27.299999237060547,11000,0.0,0.0
2024-02-22 11:00:00+08:00,27.25,27.299999237060547,27.25,27.25,27000,0.0,0.0
2024-02-22 12:00:00+08:00,27.299999237060547,27.299999237060547,27.299999237060547,27.299999237060547,5300,0.0,0.0
2024-02-22 13:00:00+08:00,27.25,27.299999237060547,27.25,27.299999237060547,5001,0.0,0.0
2024-02-23 09:00:00+08:00,27.299999237060547,27.299999237060547,27.299999237060547,27.299999237060547,5000,0.0,0.0
2024-02-23 10:00:00+08:00,27.299999237060547,27.299999237060547,27.25,27.299999237060547,29514,0.0,0.0
2024-02-23 11:00:00+08:00,27.299999237060547,27.399999618530273,27.299999237060547,27.399999618530273,14154,0.0,0.0
2024-02-23 12:00:00+08:00,27.350000381469727,27.399999618530273,27.350000381469727,27.350000381469727,6250,0.0,0.0
2024-02-23 13:00:00+08:00,27.299999237060547,27.299999237060547,27.299999237060547,27.299999237060547,5000,0.0,0.0
2024-02-26 09:00:00+08:00,27.25,27.25,27.100000381469727,27.100000381469727,0,0.0,0.0
2024-02-26 10:00:00+08:00,27.100000381469727,27.299999237060547,27.100000381469727,27.299999237060547,23111,0.0,0.0
2024-02-26 11:00:00+08:00,27.350000381469727,27.350000381469727,27.200000762939453,27.200000762939453,8101,0.0,0.0
2024-02-26 12:00:00+08:00,27.200000762939453,27.25,27.200000762939453,27.25,10670,0.0,0.0
2024-02-26 13:00:00+08:00,27.25,27.299999237060547,27.200000762939453,27.200000762939453,9467,0.0,0.0
2024-02-27 09:00:00+08:00,27.399999618530273,27.399999618530273,27.25,27.350000381469727,0,0.0,0.0
2024-02-27 10:00:00+08:00,27.350000381469727,27.350000381469727,27.299999237060547,27.350000381469727,38026,0.0,0.0
2024-02-27 11:00:00+08:00,27.399999618530273,27.5,27.350000381469727,27.5,39055,0.0,0.0
2024-02-27 12:00:00+08:00,27.399999618530273,27.399999618530273,27.399999618530273,27.399999618530273,11000,0.0,0.0
2024-02-27 13:00:00+08:00,27.450000762939453,27.5,27.399999618530273,27.5,20239,0.0,0.0
2024-02-29 09:00:00+08:00,27.5,27.5,27.149999618530273,27.200000762939453,0,0.0,0.0
2024-02-29 10:00:00+08:00,27.399999618530273,27.399999618530273,27.299999237060547,27.299999237060547,0,0.0,0.0
2024-02-29 11:00:00+08:00,27.299999237060547,27.299999237060547,27.299999237060547,27.299999237060547,75399,0.0,0.0
2024-02-29 12:00:00+08:00,27.299999237060547,27.350000381469727,27.299999237060547,27.350000381469727,2000,0.0,0.0
2024-02-29 13:00:00+08:00,27.399999618530273,27.450000762939453,27.399999618530273,27.450000762939453,3100,0.0,0.0
2024-03-01 09:00:00+08:00,27.350000381469727,27.350000381469727,27.350000381469727,27.350000381469727,0,0.0,0.0
2024-03-01 10:00:00+08:00,27.350000381469727,27.399999618530273,27.299999237060547,27.399999618530273,22536,0.0,0.0
2024-03-01 11:00:00+08:00,27.399999618530273,27.399999618530273,27.350000381469727,27.350000381469727,5728,0.0,0.0
2024-03-01 12:00:00+08:00,27.399999618530273,27.399999618530273,27.350000381469727,27.350000381469727,4000,0.0,0.0
2024-03-01 13:00:00+08:00,27.299999237060547,27.350000381469727,27.299999237060547,27.350000381469727,7000,0.0,0.0
2024-03-04 09:00:00+08:00,27.299999237060547,27.299999237060547,27.100000381469727,27.149999618530273,384,0.0,0.0
2024-03-04 10:00:00+08:00,27.149999618530273,27.149999618530273,27.100000381469727,27.149999618530273,19060,0.0,0.0
2024-03-04 11:00:00+08:00,27.149999618530273,27.149999618530273,27.149999618530273,27.149999618530273,1000,0.0,0.0
2024-03-04 12:00:00+08:00,27.25,27.25,27.25,27.25,2864,0.0,0.0
2024-03-04 13:00:00+08:00,27.25,27.25,27.200000762939453,27.200000762939453,3525,0.0,0.0
2024-03-05 09:00:00+08:00,27.350000381469727,27.5,27.200000762939453,27.450000762939453,0,0.0,0.0
2024-03-05 10:00:00+08:00,27.399999618530273,27.450000762939453,27.399999618530273,27.399999618530273,12251,0.0,0.0
2024-03-05 11:00:00+08:00,27.399999618530273,27.450000762939453,27.350000381469727,27.450000762939453,5225,0.0,0.0
2024-03-05 12:00:00+08:00,27.450000762939453,27.450000762939453,27.450000762939453,27.450000762939453,9350,0.0,0.0
2024-03-05 13:00:00+08:00,27.450000762939453,27.5,27.450000762939453,27.450000762939453,17244,0.0,0.0
2024-03-06 09:00:00+08:00,27.5,27.700000762939453,27.5,27.700000762939453,0,0.0,0.0
2024-03-06 10:00:00+08:00,27.649999618530273,27.649999618530273,27.649999618530273,27.649999618530273,2000,0.0,0.0
2024-03-06 11:00:00+08:00,27.649999618530273,27.649999618530273,27.5,27.600000381469727,26456,0.0,0.0
2024-03-06 12:00:00+08:00,27.549999237060547,27.549999237060547,27.399999618530273,27.399999618530273,23065,0.0,0.0
2024-03-06 13:00:00+08:00,27.5,27.5,27.5,27.5,2001,0.0,0.0
2024-03-07 09:00:00+08:00,27.399999618530273,27.549999237060547,27.350000381469727,27.549999237060547,0,0.0,0.0
2024-03-07 10:00:00+08:00,27.549999237060547,27.549999237060547,27.399999618530273,27.399999618530273,11300,0.0,0.0
2024-03-07 11:00:00+08:00,27.350000381469727,27.399999618530273,27.350000381469727,27.399999618530273,9056,0.0,0.0
2024-03-07 12:00:00+08:00,27.399999618530273,27.549999237060547,27.399999618530273,27.549999237060547,5362,0.0,0.0
2024-03-07 13:00:00+08:00,27.549999237060547,27.600000381469727,27.549999237060547,27.549999237060547,6425,0.0,0.0
2024-03-08 09:00:00+08:00,27.5,27.5,27.399999618530273,27.399999618530273,46002,0.0,0.0
2024-03-08 10:00:00+08:00,27.399999618530273,27.700000762939453,27.399999618530273,27.700000762939453,41237,0.0,0.0
2024-03-08 11:00:00+08:00,27.649999618530273,27.700000762939453,27.5,27.549999237060547,33031,0.0,0.0
2024-03-08 12:00:00+08:00,27.549999237060547,27.649999618530273,27.549999237060547,27.649999618530273,15100,0.0,0.0
2024-03-08 13:00:00+08:00,27.649999618530273,27.649999618530273,27.600000381469727,27.649999618530273,9096,0.0,0.0
2024-03-11 09:00:00+08:00,27.5,27.649999618530273,27.450000762939453,27.450000762939453,0,0.0,0.0
2024-03-11 10:00:00+08:00,27.450000762939453,27.450000762939453,27.299999237060547,27.299999237060547,37685,0.0,0.0
2024-03-11 11:00:00+08:00,27.350000381469727,27.350000381469727,27.350000381469727,27.350000381469727,1139,0.0,0.0
2024-03-11 12:00:00+08:00,27.350000381469727,27.350000381469727,27.350000381469727,27.350000381469727,7000,0.0,0.0
2024-03-11 13:00:00+08:00,27.350000381469727,27.399999618530273,27.350000381469727,27.399999618530273,5210,0.0,0.0
2024-03-12 09:00:00+08:00,27.299999237060547,27.600000381469727,27.299999237060547,27.5,0,0.0,0.0
2024-03-12 10:00:00+08:00,27.5,27.5,27.450000762939453,27.450000762939453,2020,0.0,0.0
2024-03-12 11:00:00+08:00,27.450000762939453,27.5,27.450000762939453,27.5,12051,0.0,0.0
2024-03-12 12:00:00+08:00,27.5,27.5,27.350000381469727,27.350000381469727,28509,0.0,0.0
2024-03-12 13:00:00+08:00,27.350000381469727,27.450000762939453,27.299999237060547,27.450000762939453,5657,0.0,0.0
2024-03-13 09:00:00+08:00,27.600000381469727,27.649999618530273,27.549999237060547,27.549999237060547,0,0.0,0.0
2024-03-13 10:00:00+08:00,27.549999237060547,27.600000381469727,27.549999237060547,27.600000381469727,10279,0.0,0.0
2024-03-13 11:00:00+08:00,27.600000381469727,27.649999618530273,27.549999237060547,27.649999618530273,30281,0.0,0.0
2024-03-13 12:00:00+08:00,27.600000381469727,27.75,27.600000381469727,27.75,49124,0.0,0.0
2024-03-13 13:00:00+08:00,27.700000762939453,27.799999237060547,27.700000762939453,27.799999237060547,34338,0.0,0.0
2024-03-14 09:00:00+08:00,28.149999618530273,28.149999618530273,27.899999618530273,28.0,0,0.0,0.0
2024-03-14 10:00:00+08:00,28.0,28.049999237060547,27.950000762939453,27.950000762939453,35153,0.0,0.0
2024-03-14 11:00:00+08:00,27.950000762939453,27.950000762939453,27.950000762939453,27.950000762939453,6100,0.0,0.0
2024-03-14 12:00:00+08:00,28.0,28.049999237060547,28.0,28.049999237060547,13222,0.0,0.0
2024-03-14 13:00:00+08:00,28.100000381469727,28.200000762939453,28.100000381469727,28.200000762939453,52000,0.0,0.0
2024-03-15 09:00:00+08:00,28.25,28.350000381469727,28.0,28.049999237060547,0,0.0,0.0
2024-03-15 10:00:00+08:00,28.049999237060547,28.049999237060547,28.0,28.0,21354,0.0,0.0
2024-03-15 11:00:00+08:00,27.950000762939453,28.049999237060547,27.950000762939453,28.049999237060547,9499,0.0,0.0
2024-03-15 12:00:00+08:00,28.0,28.0,27.950000762939453,27.950000762939453,21622,0.0,0.0
2024-03-15 13:00:00+08:00,27.950000762939453,28.049999237060547,27.950000762939453,28.049999237060547,9213,0.0,0.0
2024-03-18 09:00:00+08:00,28.200000762939453,28.25,27.850000381469727,27.899999618530273,0,0.0,0.0
2024-03-18 10:00:00+08:00,27.899999618530273,27.950000762939453,27.799999237060547,27.950000762939453,42000,0.0,0.0
2024-03-18 11:00:00+08:00,27.950000762939453,27.950000762939453,27.899999618530273,27.899999618530273,4517,0.0,0.0
2024-03-18 12:00:00+08:00,27.850000381469727,27.899999618530273,27.799999237060547,27.799999237060547,31264,0.0,0.0
2024-03-18 13:00:00+08:00,27.850000381469727,27.850000381469727,27.799999237060547,27.799999237060547,26085,0.0,0.0
2024-03-19 09:00:00+08:00,27.850000381469727,27.850000381469727,27.649999618530273,27.700000762939453,0,0.0,0.0
2024-03-19 10:00:00+08:00,27.75,27.850000381469727,27.700000762939453,27.75,8065,0.0,0.0
2024-03-19 11:00:00+08:00,27.799999237060547,27.799999237060547,27.799999237060547,27.799999237060547,8040,0.0,0.0
2024-03-19 12:00:00+08:00,27.799999237060547,27.799999237060547,27.75,27.75,11203,0.0,0.0
2024-03-19 13:00:00+08:00,27.700000762939453,27.700000762939453,27.700000762939453,27.700000762939453,10100,0.0,0.0
2024-03-20 09:00:00+08:00,27.75,27.75,27.649999618530273,27.700000762939453,24365,0.0,0.0
2024-03-20 10:00:00+08:00,27.700000762939453,27.700000762939453,27.700000762939453,27.700000762939453,10438,0.0,0.0
2024-03-20 11:00:00+08:00,27.75,27.899999618530273,27.75,27.799999237060547,18002,0.0,0.0
2024-03-20 12:00:00+08:00,27.799999237060547,27.799999237060547,27.700000762939453,27.700000762939453,22061,0.0,0.0
2024-03-20 13:00:00+08:00,27.799999237060547,27.799999237060547,27.700000762939453,27.700000762939453,4325,0.0,0.0
2024-03-21 09:00:00+08:00,27.950000762939453,27.950000762939453,27.799999237060547,27.799999237060547,0,0.0,0.0
2024-03-21 10:00:00+08:00,27.799999237060547,27.899999618530273,27.799999237060547,27.899999618530273,20173,0.0,0.0
2024-03-21 11:00:00+08:00,27.899999618530273,28.899999618530273,27.850000381469727,27.850000381469727,296536,0.0,0.0
2024-03-21 12:00:00+08:00,27.799999237060547,28.200000762939453,27.799999237060547,28.0,60012,0.0,0.0
2024-03-21 13:00:00+08:00,28.0,28.100000381469727,28.0,28.100000381469727,12004,0.0,0.0
2024-03-22 09:00:00+08:00,28.299999237060547,28.399999618530273,28.100000381469727,28.100000381469727,0,0.0,0.0
2024-03-22 10:00:00+08:00,28.149999618530273,28.200000762939453,28.100000381469727,28.149999618530273,12101,0.0,0.0
2024-03-22 11:00:00+08:00,28.149999618530273,28.200000762939453,28.049999237060547,28.149999618530273,35747,0.0,0.0
2024-03-22 12:00:00+08:00,28.149999618530273,28.149999618530273,28.100000381469727,28.100000381469727,22740,0.0,0.0
2024-03-22 13:00:00+08:00,28.149999618530273,28.149999618530273,28.149999618530273,28.149999618530273,7259,0.0,0.0
2024-03-25 09:00:00+08:00,28.200000762939453,28.350000381469727,28.200000762939453,28.25,0,0.0,0.0
2024-03-25 10:00:00+08:00,28.200000762939453,28.350000381469727,28.200000762939453,28.299999237060547,26199,0.0,0.0
2024-03-25 11:00:00+08:00,28.350000381469727,28.350000381469727,28.299999237060547,28.299999237060547,27250,0.0,0.0
2024-03-25 12:00:00+08:00,28.350000381469727,28.399999618530273,28.299999237060547,28.399999618530273,43057,0.0,0.0
2024-03-25 13:00:00+08:00,28.350000381469727,28.399999618530273,28.25,28.399999618530273,30703,0.0,0.0
2024-03-26 09:00:00+08:00,28.299999237060547,28.5,28.25,28.399999618530273,0,0.0,0.0
2024-03-26 10:00:00+08:00,28.399999618530273,28.5,28.399999618530273,28.450000762939453,77313,0.0,0.0
2024-03-26 11:00:00+08:00,28.399999618530273,28.399999618530273,28.350000381469727,28.350000381469727,54151,0.0,0.0
2024-03-26 12:00:00+08:00,28.350000381469727,29.0,28.350000381469727,28.549999237060547,209198,0.0,0.0
2024-03-26 13:00:00+08:00,28.549999237060547,28.600000381469727,28.399999618530273,28.450000762939453,92032,0.0,0.0
2024-03-27 09:00:00+08:00,26.850000381469727,27.100000381469727,26.700000762939453,26.950000762939453,0,0.0,0.0
2024-03-27 10:00:00+08:00,26.899999618530273,27.049999237060547,26.75,27.0,19638,0.0,0.0
2024-03-27 11:00:00+08:00,27.0,27.0,26.899999618530273,27.0,15616,0.0,0.0
2024-03-27 12:00:00+08:00,26.950000762939453,26.950000762939453,26.200000762939453,26.600000381469727,188584,0.0,0.0
2024-03-27 13:00:00+08:00,26.600000381469727,26.600000381469727,26.299999237060547,26.399999618530273,55392,0.0,0.0
2024-03-28 09:00:00+08:00,26.850000381469727,26.850000381469727,26.649999618530273,26.75,0,0.0,0.0
2024-03-28 10:00:00+08:00,26.649999618530273,26.700000762939453,26.600000381469727,26.600000381469727,15734,0.0,0.0
2024-03-28 11:00:00+08:00,26.600000381469727,26.600000381469727,26.5,26.600000381469727,12049,0.0,0.0
2024-03-28 12:00:00+08:00,26.600000381469727,26.600000381469727,26.450000762939453,26.450000762939453,20283,0.0,0.0
2024-03-28 13:00:00+08:00,26.549999237060547,26.600000381469727,26.549999237060547,26.600000381469727,11100,0.0,0.0
2024-03-29 09:00:00+08:00,26.5,26.649999618530273,26.5,26.649999618530273,26040,0.0,0.0
2024-03-29 10:00:00+08:00,26.649999618530273,26.700000762939453,26.649999618530273,26.649999618530273,15003,0.0,0.0
2024-03-29 11:00:00+08:00,26.700000762939453,26.850000381469727,26.700000762939453,26.850000381469727,23186,0.0,0.0
2024-03-29 12:00:00+08:00,26.700000762939453,26.700000762939453,26.649999618530273,26.649999618530273,5025,0.0,0.0
2024-04-01 09:00:00+08:00,26.799999237060547,26.799999237060547,26.700000762939453,26.700000762939453,0,0.0,0.0
2024-04-01 10:00:00+08:00,26.700000762939453,26.700000762939453,26.600000381469727,26.649999618530273,10101,0.0,0.0
2024-04-01 11:00:00+08:00,26.700000762939453,26.700000762939453,26.649999618530273,26.649999618530273,6000,0.0,0.0
2024-04-01 12:00:00+08:00,26.75,26.75,26.600000381469727,26.649999618530273,17273,0.0,0.0
2024-04-01 13:00:00+08:00,26.649999618530273,26.649999618530273,26.649999618530273,26.649999618530273,1672,0.0,0.0
2024-04-02 09:00:00+08:00,26.649999618530273,26.850000381469727,26.649999618530273,26.850000381469727,5454,0.0,0.0
2024-04-02 10:00:00+08:00,26.75,26.75,26.649999618530273,26.700000762939453,30100,0.0,0.0
2024-04-02 11:00:00+08:00,26.700000762939453,26.700000762939453,26.700000762939453,26.700000762939453,5000,0.0,0.0
2024-04-02 12:00:00+08:00,26.700000762939453,26.75,26.649999618530273,26.75,18201,0.0,0.0
2024-04-03 09:00:00+08:00,26.899999618530273,26.899999618530273,26.5,26.549999237060547,0,0.0,0.0
2024-04-03 10:00:00+08:00,26.5,26.5,26.25,26.350000381469727,28647,0.0,0.0
2024-04-03 11:00:00+08:00,26.450000762939453,26.700000762939453,26.450000762939453,26.700000762939453,15311,0.0,0.0
2024-04-03 12:00:00+08:00,26.649999618530273,26.649999618530273,26.649999618530273,26.649999618530273,2031,0.0,0.0
2024-04-03 13:00:00+08:00,26.549999237060547,26.549999237060547,26.5,26.5,4050,0.0,0.0
2024-04-08 09:00:00+08:00,26.450000762939453,26.450000762939453,26.200000762939453,26.200000762939453,0,0.0,0.0
2024-04-08 10:00:00+08:00,26.350000381469727,26.399999618530273,26.350000381469727,26.399999618530273,4813,0.0,0.0
2024-04-08 11:00:00+08:00,26.299999237060547,26.299999237060547,26.299999237060547,26.299999237060547,1060,0.0,0.0
2024-04-08 12:00:00+08:00,26.299999237060547,26.5,26.299999237060547,26.350000381469727,3200,0.0,0.0
2024-04-08 13:00:00+08:00,26.5,26.5,26.299999237060547,26.299999237060547,12001,0.0,0.0
2024-04-09 09:00:00+08:00,26.299999237060547,26.399999618530273,26.299999237060547,26.299999237060547,0,0.0,0.0
2024-04-09 10:00:00+08:00,26.399999618530273,26.450000762939453,26.299999237060547,26.299999237060547,30150,0.0,0.0
2024-04-09 11:00:00+08:00,26.350000381469727,26.350000381469727,26.299999237060547,26.299999237060547,2002,0.0,0.0
2024-04-09 12:00:00+08:00,26.399999618530273,26.5,26.399999618530273,26.5,17170,0.0,0.0
2024-04-09 13:00:00+08:00,26.5,26.5,26.399999618530273,26.399999618530273,4000,0.0,0.0
2024-04-10 09:00:00+08:00,26.450000762939453,26.549999237060547,26.399999618530273,26.549999237060547,12350,0.0,0.0
2024-04-10 10:00:00+08:00,26.549999237060547,26.549999237060547,26.399999618530273,26.399999618530273,12050,0.0,0.0
2024-04-10 11:00:00+08:00,26.5,26.549999237060547,26.5,26.5,9451,0.0,0.0
2024-04-10 12:00:00+08:00,26.549999237060547,26.549999237060547,26.549999237060547,26.549999237060547,2401,0.0,0.0
2024-04-11 09:00:00+08:00,26.549999237060547,26.549999237060547,26.549999237060547,26.549999237060547,11001,0.0,0.0
2024-04-11 10:00:00+08:00,26.549999237060547,26.549999237060547,26.549999237060547,26.549999237060547,5120,0.0,0.0
2024-04-11 11:00:00+08:00,26.549999237060547,26.549999237060547,26.5,26.5,11000,0.0,0.0
2024-04-11 12:00:00+08:00,26.5,26.5,26.5,26.5,1234,0.0,0.0
2024-04-11 13:00:00+08:00,26.5,26.549999237060547,26.5,26.5,0,0.0,0.0
2024-04-12 09:00:00+08:00,26.450000762939453,26.450000762939453,26.399999618530273,26.399999618530273,3089,0.0,0.0
2024-04-12 10:00:00+08:00,26.399999618530273,26.399999618530273,26.399999618530273,26.399999618530273,6500,0.0,0.0
2024-04-12 11:00:00+08:00,26.5,26.5,26.5,26.5,3051,0.0,0.0
2024-04-12 12:00:00+08:00,26.450000762939453,26.450000762939453,26.350000381469727,26.399999618530273,13200,0.0,0.0
2024-04-12 13:00:00+08:00,26.399999618530273,26.399999618530273,26.399999618530273,26.399999618530273,3001,0.0,0.0
2024-04-15 09:00:00+08:00,26.399999618530273,26.399999618530273,26.049999237060547,26.100000381469727,1835,0.0,0.0
2024-04-15 10:00:00+08:00,26.149999618530273,26.149999618530273,26.149999618530273,26.149999618530273,1038,0.0,0.0
2024-04-15 11:00:00+08:00,26.149999618530273,26.149999618530273,26.149999618530273,26.149999618530273,1320,0.0,0.0
2024-04-15 12:00:00+08:00,26.149999618530273,26.149999618530273,26.049999237060547,26.100000381469727,23230,0.0,0.0
2024-04-15 13:00:00+08:00,26.100000381469727,26.100000381469727,26.049999237060547,26.049999237060547,8070,0.0,0.0
2024-04-16 09:00:00+08:00,26.049999237060547,26.049999237060547,25.75,25.799999237060547,0,0.0,0.0
2024-04-16 10:00:00+08:00,25.75,25.799999237060547,25.700000762939453,25.799999237060547,28060,0.0,0.0
2024-04-16 11:00:00+08:00,25.75,25.75,25.649999618530273,25.649999618530273,35358,0.0,0.0
2024-04-16 12:00:00+08:00,25.649999618530273,25.700000762939453,25.600000381469727,25.600000381469727,30746,0.0,0.0
2024-04-16 13:00:00+08:00,25.600000381469727,25.600000381469727,25.5,25.5,23000,0.0,0.0
2024-04-17 09:00:00+08:00,25.549999237060547,25.700000762939453,25.549999237060547,25.649999618530273,0,0.0,0.0
2024-04-17 10:00:00+08:00,25.700000762939453,25.700000762939453,25.700000762939453,25.700000762939453,1000,0.0,0.0
2024-04-17 11:00:00+08:00,25.75,25.75,25.700000762939453,25.700000762939453,7080,0.0,0.0
2024-04-17 12:00:00+08:00,25.700000762939453,25.700000762939453,25.649999618530273,25.649999618530273,6001,0.0,0.0
2024-04-17 13:00:00+08:00,25.649999618530273,25.649999618530273,25.600000381469727,25.600000381469727,15071,0.0,0.0
2024-04-18 09:00:00+08:00,25.700000762939453,25.700000762939453,25.700000762939453,25.700000762939453,1000,0.0,0.0
2024-04-18 10:00:00+08:00,25.700000762939453,25.850000381469727,25.700000762939453,25.850000381469727,19660,0.0,0.0
2024-04-18 11:00:00+08:00,25.850000381469727,25.850000381469727,25.799999237060547,25.799999237060547,3010,0.0,0.0
2024-04-18 12:00:00+08:00,25.799999237060547,25.850000381469727,25.799999237060547,25.799999237060547,11324,0.0,0.0
2024-04-18 13:00:00+08:00,25.799999237060547,25.799999237060547,25.700000762939453,25.700000762939453,3000,0.0,0.0
2024-04-19 09:00:00+08:00,26.350000381469727,26.350000381469727,25.799999237060547,26.049999237060547,41915,0.0,0.0
2024-04-19 10:00:00+08:00,26.100000381469727,26.25,25.950000762939453,25.950000762939453,31413,0.0,0.0
2024-04-19 11:00:00+08:00,25.899999618530273,25.899999618530273,25.850000381469727,25.899999618530273,15086,0.0,0.0
2024-04-19 12:00:00+08:00,25.899999618530273,25.899999618530273,25.850000381469727,25.850000381469727,6160,0.0,0.0
2024-04-19 13:00:00+08:00,25.899999618530273,25.899999618530273,25.850000381469727,25.850000381469727,6020,0.0,0.0
2024-04-22 09:00:00+08:00,26.100000381469727,26.600000381469727,26.100000381469727,26.350000381469727,0,0.0,0.0
2024-04-22 10:00:00+08:00,26.25,26.25,26.149999618530273,26.149999618530273,8156,0.0,0.0
2024-04-22 11:00:00+08:00,26.100000381469727,26.100000381469727,26.0,26.049999237060547,13077,0.0,0.0
2024-04-22 12:00:00+08:00,26.049999237060547,26.100000381469727,26.0,26.100000381469727,8140,0.0,0.0
2024-04-22 13:00:00+08:00,26.100000381469727,26.100000381469727,26.100000381469727,26.100000381469727,1000,0.0,0.0
2024-04-23 09:00:00+08:00,26.200000762939453,26.25,26.100000381469727,26.100000381469727,0,0.0,0.0
2024-04-23 10:00:00+08:00,26.049999237060547,26.100000381469727,26.049999237060547,26.100000381469727,12000,0.0,0.0
2024-04-23 11:00:00+08:00,26.100000381469727,26.149999618530273,26.100000381469727,26.149999618530273,23001,0.0,0.0
2024-04-23 12:00:00+08:00,26.149999618530273,26.149999618530273,26.149999618530273,26.149999618530273,3163,0.0,0.0
2024-04-23 13:00:00+08:00,26.100000381469727,26.149999618530273,26.100000381469727,26.149999618530273,9100,0.0,0.0
2024-04-24 09:00:00+08:00,26.0,26.049999237060547,26.0,26.049999237060547,0,0.0,0.0
2024-04-24 10:00:00+08:00,26.049999237060547,26.049999237060547,26.049999237060547,26.049999237060547,10321,0.0,0.0
2024-04-24 11:00:00+08:00,26.049999237060547,26.049999237060547,26.049999237060547,26.049999237060547,2000,0.0,0.0
2024-04-24 12:00:00+08:00,26.049999237060547,26.100000381469727,26.049999237060547,26.049999237060547,4000,0.0,0.0
2024-04-24 13:00:00+08:00,26.100000381469727,26.399999618530273,26.100000381469727,26.149999618530273,0,0.0,0.0
2024-04-25 09:00:00+08:00,26.149999618530273,26.149999618530273,26.149999618530273,26.149999618530273,1000,0.0,0.0
2024-04-25 10:00:00+08:00,26.200000762939453,26.200000762939453,26.149999618530273,26.149999618530273,3000,0.0,0.0
2024-04-25 11:00:00+08:00,26.149999618530273,26.149999618530273,26.149999618530273,26.149999618530273,2014,0.0,0.0
2024-04-25 12:00:00+08:00,26.149999618530273,26.149999618530273,26.149999618530273,26.149999618530273,2095,0.0,0.0
2024-04-26 09:00:00+08:00,26.149999618530273,26.25,26.100000381469727,26.100000381469727,0,0.0,0.0
2024-04-26 10:00:00+08:00,26.149999618530273,26.149999618530273,26.149999618530273,26.149999618530273,9141,0.0,0.0
2024-04-26 11:00:00+08:00,26.149999618530273,26.149999618530273,26.149999618530273,26.149999618530273,5297,0.0,0.0
2024-04-26 12:00:00+08:00,26.149999618530273,26.200000762939453,26.149999618530273,26.200000762939453,12000,0.0,0.0
2024-04-29 09:00:00+08:00,26.200000762939453,26.200000762939453,26.200000762939453,26.200000762939453,0,0.0,0.0
2024-04-29 10:00:00+08:00,26.299999237060547,26.299999237060547,26.200000762939453,26.200000762939453,12036,0.0,0.0
2024-04-29 11:00:00+08:00,26.200000762939453,26.25,26.200000762939453,26.200000762939453,8191,0.0,0.0
2024-04-29 12:00:00+08:00,26.200000762939453,26.200000762939453,26.200000762939453,26.200000762939453,21039,0.0,0.0
2024-04-29 13:00:00+08:00,26.200000762939453,26.200000762939453,26.149999618530273,26.149999618530273,9062,0.0,0.0
2024-04-30 09:00:00+08:00,26.200000762939453,26.600000381469727,26.200000762939453,26.350000381469727,0,0.0,0.0
2024-04-30 10:00:00+08:00,26.299999237060547,26.649999618530273,26.299999237060547,26.549999237060547,52088,0.0,0.0
2024-04-30 11:00:00+08:00,26.350000381469727,26.350000381469727,26.350000381469727,26.350000381469727,1000,0.0,0.0
2024-04-30 12:00:00+08:00,26.450000762939453,26.649999618530273,26.450000762939453,26.450000762939453,14445,0.0,0.0
2024-04-30 13:00:00+08:00,26.399999618530273,26.450000762939453,26.399999618530273,26.450000762939453,15000,0.0,0.0
2024-05-02 09:00:00+08:00,26.350000381469727,26.700000762939453,26.25,26.649999618530273,6555,0.0,0.0
2024-05-02 10:00:00+08:00,26.649999618530273,26.649999618530273,26.399999618530273,26.399999618530273,4001,0.0,0.0
2024-05-02 11:00:00+08:00,26.5,26.649999618530273,26.450000762939453,26.649999618530273,8000,0.0,0.0
2024-05-02 12:00:00+08:00,26.549999237060547,26.549999237060547,26.5,26.5,3000,0.0,0.0
2024-05-02 13:00:00+08:00,26.450000762939453,26.5,26.450000762939453,26.5,9000,0.0,0.0
2024-05-03 09:00:00+08:00,26.450000762939453,26.450000762939453,26.450000762939453,26.450000762939453,0,0.0,0.0
2024-05-03 10:00:00+08:00,26.549999237060547,26.549999237060547,26.549999237060547,26.549999237060547,1000,0.0,0.0
2024-05-03 11:00:00+08:00,26.5,26.5,26.5,26.5,2478,0.0,0.0
2024-05-03 12:00:00+08:00,26.549999237060547,26.600000381469727,26.549999237060547,26.600000381469727,4001,0.0,0.0
2024-05-03 13:00:00+08:00,26.600000381469727,26.600000381469727,26.5,26.5,5000,0.0,0.0
2024-05-06 09:00:00+08:00,26.649999618530273,26.649999618530273,26.450000762939453,26.450000762939453,611,0.0,0.0
2024-05-06 10:00:00+08:00,26.5,26.649999618530273,26.5,26.649999618530273,4107,0.0,0.0
2024-05-06 11:00:00+08:00,26.649999618530273,26.649999618530273,26.450000762939453,26.450000762939453,8052,0.0,0.0
2024-05-06 12:00:00+08:00,26.5,26.5,26.5,26.5,5331,0.0,0.0
2024-05-06 13:00:00+08:00,26.5,26.5,26.5,26.5,1400,0.0,0.0
2024-05-07 09:00:00+08:00,26.5,26.549999237060547,26.5,26.549999237060547,3051,0.0,0.0
2024-05-07 10:00:00+08:00,26.450000762939453,26.5,26.450000762939453,26.5,2000,0.0,0.0
2024-05-07 11:00:00+08:00,26.5,26.5,26.450000762939453,26.450000762939453,7050,0.0,0.0
2024-05-07 12:00:00+08:00,26.450000762939453,26.5,26.450000762939453,26.5,2000,0.0,0.0
2024-05-08 09:00:00+08:00,26.549999237060547,26.549999237060547,26.25,26.25,0,0.0,0.0
2024-05-08 10:00:00+08:00,26.299999237060547,26.299999237060547,26.299999237060547,26.299999237060547,1000,0.0,0.0
2024-05-08 11:00:00+08:00,26.450000762939453,26.450000762939453,26.450000762939453,26.450000762939453,1000,0.0,0.0
2024-05-09 09:00:00+08:00,27.100000381469727,27.950000762939453,26.850000381469727,27.149999618530273,189858,0.0,0.0
2024-05-09 10:00:00+08:00,27.149999618530273,27.350000381469727,27.149999618530273,27.200000762939453,27000,0.0,0.0
2024-05-09 11:00:00+08:00,27.200000762939453,27.25,27.100000381469727,27.200000762939453,23030,0.0,0.0
2024-05-09 12:00:00+08:00,27.200000762939453,27.25,27.200000762939453,27.200000762939453,24260,0.0,0.0
2024-05-09 13:00:00+08:00,27.25,27.25,27.100000381469727,27.149999618530273,17311,0.0,0.0
2024-05-10 09:00:00+08:00,27.350000381469727,27.350000381469727,26.899999618530273,26.899999618530273,0,0.0,0.0
2024-05-10 10:00:00+08:00,27.100000381469727,27.5,27.049999237060547,27.200000762939453,25000,0.0,0.0
2024-05-10 11:00:00+08:00,27.149999618530273,27.149999618530273,27.149999618530273,27.149999618530273,5027,0.0,0.0
2024-05-10 12:00:00+08:00,27.200000762939453,27.25,27.0,27.25,11060,0.0,0.0
2024-05-10 13:00:00+08:00,27.200000762939453,27.25,27.200000762939453,27.25,3030,0.0,0.0
2024-05-13 09:00:00+08:00,27.450000762939453,27.450000762939453,26.600000381469727,26.799999237060547,27382,0.0,0.0
2024-05-13 10:00:00+08:00,26.899999618530273,26.899999618530273,26.899999618530273,26.899999618530273,3002,0.0,0.0
2024-05-13 11:00:00+08:00,26.799999237060547,26.799999237060547,26.799999237060547,26.799999237060547,4007,0.0,0.0
2024-05-13 12:00:00+08:00,26.799999237060547,26.799999237060547,26.799999237060547,26.799999237060547,2004,0.0,0.0
2024-05-13 13:00:00+08:00,26.799999237060547,26.799999237060547,26.799999237060547,26.799999237060547,5311,0.0,0.0
2024-05-14 09:00:00+08:00,27.399999618530273,27.399999618530273,26.450000762939453,26.600000381469727,0,0.0,0.0
2024-05-14 10:00:00+08:00,26.600000381469727,26.649999618530273,26.600000381469727,26.600000381469727,7010,0.0,0.0
2024-05-14 11:00:00+08:00,26.649999618530273,26.75,26.649999618530273,26.700000762939453,10023,0.0,0.0
2024-05-14 12:00:00+08:00,26.700000762939453,26.700000762939453,26.700000762939453,26.700000762939453,3003,0.0,0.0
2024-05-14 13:00:00+08:00,26.700000762939453,26.700000762939453,26.700000762939453,26.700000762939453,1000,0.0,0.0
2024-05-15 09:00:00+08:00,26.600000381469727,26.600000381469727,26.5,26.600000381469727,0,0.0,0.0
2024-05-15 10:00:00+08:00,26.600000381469727,26.600000381469727,26.549999237060547,26.549999237060547,17520,0.0,0.0
2024-05-15 11:00:00+08:00,26.549999237060547,26.549999237060547,26.450000762939453,26.5,35189,0.0,0.0
2024-05-15 12:00:00+08:00,26.549999237060547,26.700000762939453,26.549999237060547,26.700000762939453,4000,0.0,0.0
2024-05-15 13:00:00+08:00,26.549999237060547,26.549999237060547,26.549999237060547,26.549999237060547,2000,0.0,0.0
2024-05-16 09:00:00+08:00,26.549999237060547,26.600000381469727,26.5,26.600000381469727,6000,0.0,0.0
2024-05-16 10:00:00+08:00,26.549999237060547,26.649999618530273,26.549999237060547,26.649999618530273,10000,0.0,0.0
2024-05-16 11:00:00+08:00,26.700000762939453,26.799999237060547,26.700000762939453,26.799999237060547,19002,0.0,0.0
2024-05-16 12:00:00+08:00,26.799999237060547,26.799999237060547,26.75,26.799999237060547,7102,0.0,0.0
2024-05-16 13:00:00+08:00,26.75,26.799999237060547,26.75,26.799999237060547,2000,0.0,0.0
2024-05-17 09:00:00+08:00,26.799999237060547,26.950000762939453,26.799999237060547,26.950000762939453,0,0.0,0.0
2024-05-17 10:00:00+08:00,27.0,27.0,27.0,27.0,19001,0.0,0.0
2024-05-17 11:00:00+08:00,27.0,27.049999237060547,26.950000762939453,27.0,27003,0.0,0.0
2024-05-17 12:00:00+08:00,27.0,27.049999237060547,27.0,27.049999237060547,8702,0.0,0.0
2024-05-17 13:00:00+08:00,27.100000381469727,27.100000381469727,27.049999237060547,27.100000381469727,19100,0.0,0.0
2024-05-20 09:00:00+08:00,27.100000381469727,27.100000381469727,27.049999237060547,27.049999237060547,0,0.0,0.0
2024-05-20 10:00:00+08:00,27.049999237060547,27.100000381469727,27.049999237060547,27.100000381469727,2000,0.0,0.0
2024-05-20 11:00:00+08:00,27.0,27.049999237060547,26.700000762939453,26.700000762939453,36266,0.0,0.0
2024-05-20 12:00:00+08:00,26.799999237060547,27.0,26.799999237060547,27.0,2252,0.0,0.0
2024-05-20 13:00:00+08:00,27.049999237060547,27.049999237060547,27.049999237060547,27.049999237060547,3000,0.0,0.0
2024-05-21 09:00:00+08:00,27.100000381469727,27.100000381469727,26.899999618530273,26.899999618530273,0,0.0,0.0
2024-05-21 10:00:00+08:00,26.899999618530273,27.049999237060547,26.899999618530273,27.049999237060547,4376,0.0,0.0
2024-05-21 11:00:00+08:00,27.049999237060547,27.049999237060547,26.950000762939453,26.950000762939453,3582,0.0,0.0
2024-05-21 12:00:00+08:00,26.950000762939453,27.0,26.899999618530273,26.950000762939453,12020,0.0,0.0
2024-05-21 13:00:00+08:00,27.049999237060547,27.049999237060547,27.049999237060547,27.049999237060547,1030,0.0,0.0
2024-05-22 09:00:00+08:00,27.0,27.0,26.850000381469727,26.950000762939453,0,0.0,0.0
2024-05-22 10:00:00+08:00,27.0,27.049999237060547,27.0,27.049999237060547,15200,0.0,0.0
2024-05-22 11:00:00+08:00,27.0,27.0,27.0,27.0,6394,0.0,0.0
2024-05-22 12:00:00+08:00,27.0,27.0,27.0,27.0,3000,0.0,0.0
2024-05-22 13:00:00+08:00,27.0,27.049999237060547,27.0,27.049999237060547,13000,0.0,0.0
2024-05-23 09:00:00+08:00,27.049999237060547,27.049999237060547,27.0,27.0,0,0.0,0.0
2024-05-23 10:00:00+08:00,26.950000762939453,26.950000762939453,26.899999618530273,26.899999618530273,14163,0.0,0.0
2024-05-23 11:00:00+08:00,26.850000381469727,26.899999618530273,26.799999237060547,26.799999237060547,15000,0.0,0.0
2024-05-23 12:00:00+08:00,26.75,26.899999618530273,26.700000762939453,26.75,37457,0.0,0.0
2024-05-23 13:00:00+08:00,26.75,26.850000381469727,26.700000762939453,26.850000381469727,6051,0.0,0.0
2024-05-24 09:00:00+08:00,26.600000381469727,26.700000762939453,26.600000381469727,26.600000381469727,8003,0.0,0.0
2024-05-24 10:00:00+08:00,26.649999618530273,26.700000762939453,26.600000381469727,26.600000381469727,26001,0.0,0.0
2024-05-24 11:00:00+08:00,26.75,26.75,26.700000762939453,26.700000762939453,5001,0.0,0.0
2024-05-24 12:00:00+08:00,26.700000762939453,26.700000762939453,26.649999618530273,26.649999618530273,2300,0.0,0.0
2024-05-24 13:00:00+08:00,26.75,26.799999237060547,26.700000762939453,26.799999237060547,5017,0.0,0.0
2024-05-27 10:00:00+08:00,26.850000381469727,26.899999618530273,26.799999237060547,26.799999237060547,9000,0.0,0.0
2024-05-27 11:00:00+08:00,26.799999237060547,26.799999237060547,26.799999237060547,26.799999237060547,10579,0.0,0.0
2024-05-27 12:00:00+08:00,26.799999237060547,26.850000381469727,26.799999237060547,26.850000381469727,4003,0.0,0.0
2024-05-27 13:00:00+08:00,26.799999237060547,26.799999237060547,26.799999237060547,26.799999237060547,3000,0.0,0.0
2024-05-28 09:00:00+08:00,26.899999618530273,27.049999237060547,26.899999618530273,26.899999618530273,0,0.0,0.0
2024-05-28 10:00:00+08:00,26.899999618530273,26.950000762939453,26.899999618530273,26.950000762939453,8001,0.0,0.0
2024-05-28 11:00:00+08:00,26.899999618530273,26.899999618530273,26.899999618530273,26.899999618530273,5071,0.0,0.0
2024-05-28 12:00:00+08:00,26.950000762939453,27.049999237060547,26.950000762939453,26.950000762939453,26020,0.0,0.0
2024-05-28 13:00:00+08:00,26.950000762939453,26.950000762939453,26.950000762939453,26.950000762939453,2000,0.0,0.0
2024-05-29 09:00:00+08:00,27.049999237060547,27.149999618530273,26.899999618530273,26.950000762939453,0,0.0,0.0
2024-05-29 10:00:00+08:00,26.899999618530273,26.950000762939453,26.899999618530273,26.950000762939453,15000,0.0,0.0
2024-05-29 11:00:00+08:00,26.950000762939453,26.950000762939453,26.899999618530273,26.950000762939453,0,0.0,0.0
2024-05-29 12:00:00+08:00,26.950000762939453,27.100000381469727,26.950000762939453,27.100000381469727,69035,0.0,0.0
2024-05-29 13:00:00+08:00,27.0,27.0,27.0,27.0,3148,0.0,0.0
2024-05-30 09:00:00+08:00,27.0,27.0,26.850000381469727,26.850000381469727,0,0.0,0.0
2024-05-30 10:00:00+08:00,26.899999618530273,26.899999618530273,26.850000381469727,26.850000381469727,16000,0.0,0.0
2024-05-30 11:00:00+08:00,26.850000381469727,26.850000381469727,26.850000381469727,26.850000381469727,6244,0.0,0.0
2024-05-30 12:00:00+08:00,26.850000381469727,27.0,26.850000381469727,27.0,3049,0.0,0.0
2024-05-30 13:00:00+08:00,27.0,27.0,27.0,27.0,3000,0.0,0.0
2024-05-31 09:00:00+08:00,26.850000381469727,26.899999618530273,26.850000381469727,26.899999618530273,0,0.0,0.0
2024-05-31 10:00:00+08:00,26.899999618530273,26.899999618530273,26.899999618530273,26.899999618530273,10001,0.0,0.0
2024-05-31 11:00:00+08:00,26.850000381469727,26.850000381469727,26.850000381469727,26.850000381469727,13000,0.0,0.0
2024-05-31 12:00:00+08:00,26.899999618530273,26.950000762939453,26.799999237060547,26.799999237060547,29530,0.0,0.0
2024-05-31 13:00:00+08:00,26.799999237060547,26.799999237060547,26.75,26.75,11000,0.0,0.0
2024-06-03 09:00:00+08:00,26.850000381469727,26.899999618530273,26.799999237060547,26.899999618530273,0,0.0,0.0
2024-06-03 10:00:00+08:00,26.850000381469727,26.850000381469727,26.799999237060547,26.799999237060547,12110,0.0,0.0
2024-06-03 11:00:00+08:00,26.799999237060547,26.799999237060547,26.75,26.75,19004,0.0,0.0
2024-06-03 12:00:00+08:00,26.75,26.799999237060547,26.75,26.799999237060547,8152,0.0,0.0
2024-06-03 13:00:00+08:00,26.850000381469727,26.850000381469727,26.850000381469727,26.850000381469727,5856,0.0,0.0
2024-06-04 09:00:00+08:00,26.700000762939453,26.75,26.700000762939453,26.75,0,0.0,0.0
2024-06-04 10:00:00+08:00,26.799999237060547,26.799999237060547,26.649999618530273,26.649999618530273,9002,0.0,0.0
2024-06-04 11:00:00+08:00,26.649999618530273,26.649999618530273,26.649999618530273,26.649999618530273,4001,0.0,0.0
2024-06-04 12:00:00+08:00,26.700000762939453,26.700000762939453,26.700000762939453,26.700000762939453,1013,0.0,0.0
2024-06-04 13:00:00+08:00,26.700000762939453,26.700000762939453,26.649999618530273,26.649999618530273,7000,0.0,0.0
2024-06-05 11:00:00+08:00,26.649999618530273,26.700000762939453,26.649999618530273,26.700000762939453,1001,0.0,0.0
2024-06-05 12:00:00+08:00,26.899999618530273,26.899999618530273,26.799999237060547,26.799999237060547,2006,0.0,0.0
2024-06-05 13:00:00+08:00,26.799999237060547,26.799999237060547,26.799999237060547,26.799999237060547,0,0.0,0.0
2024-06-06 09:00:00+08:00,26.75,26.799999237060547,26.75,26.799999237060547,6008,0.0,0.0
2024-06-06 10:00:00+08:00,26.75,26.799999237060547,26.700000762939453,26.799999237060547,7001,0.0,0.0
2024-06-06 11:00:00+08:00,26.75,26.75,26.75,26.75,3001,0.0,0.0
2024-06-06 12:00:00+08:00,26.75,26.799999237060547,26.700000762939453,26.75,8000,0.0,0.0
2024-06-07 09:00:00+08:00,26.75,26.75,26.600000381469727,26.649999618530273,0,0.0,0.0
2024-06-07 10:00:00+08:00,26.649999618530273,26.649999618530273,26.649999618530273,26.649999618530273,1098,0.0,0.0
2024-06-07 11:00:00+08:00,26.600000381469727,26.600000381469727,26.600000381469727,26.600000381469727,9013,0.0,0.0
2024-06-07 12:00:00+08:00,26.700000762939453,26.700000762939453,26.700000762939453,26.700000762939453,1210,0.0,0.0
2024-06-11 09:00:00+08:00,26.700000762939453,26.850000381469727,26.600000381469727,26.799999237060547,0,0.0,0.0
2024-06-11 10:00:00+08:00,26.75,26.899999618530273,26.75,26.899999618530273,17000,0.0,0.0
2024-06-11 11:00:00+08:00,26.75,26.75,26.75,26.75,1000,0.0,0.0
2024-06-11 12:00:00+08:00,26.799999237060547,26.799999237060547,26.700000762939453,26.700000762939453,3100,0.0,0.0
2024-06-11 13:00:00+08:00,26.799999237060547,26.799999237060547,26.799999237060547,26.799999237060547,4000,0.0,0.0
2024-06-12 09:00:00+08:00,26.950000762939453,27.149999618530273,26.950000762939453,27.0,0,0.0,0.0
2024-06-12 10:00:00+08:00,27.049999237060547,27.049999237060547,27.0,27.0,7377,0.0,0.0
2024-06-12 11:00:00+08:00,27.049999237060547,27.049999237060547,27.0,27.0,15234,0.0,0.0
2024-06-12 12:00:00+08:00,27.0,27.100000381469727,27.0,27.100000381469727,37031,0.0,0.0
2024-06-12 13:00:00+08:00,27.049999237060547,27.049999237060547,27.049999237060547,27.049999237060547,10001,0.0,0.0
2024-06-13 09:00:00+08:00,27.600000381469727,27.700000762939453,27.100000381469727,27.100000381469727,0,0.0,0.0
2024-06-13 10:00:00+08:00,27.100000381469727,27.25,27.100000381469727,27.25,11518,0.0,0.0
2024-06-13 11:00:00+08:00,27.25,27.299999237060547,27.25,27.299999237060547,8002,0.0,0.0
2024-06-13 12:00:00+08:00,27.299999237060547,27.399999618530273,27.25,27.299999237060547,18036,0.0,0.0
2024-06-13 13:00:00+08:00,27.299999237060547,27.299999237060547,27.299999237060547,27.299999237060547,12000,0.0,0.0
2024-06-14 09:00:00+08:00,27.549999237060547,27.899999618530273,27.5,27.850000381469727,0,0.0,0.0
2024-06-14 10:00:00+08:00,27.75,27.75,27.700000762939453,27.700000762939453,12200,0.0,0.0
2024-06-14 11:00:00+08:00,27.649999618530273,27.700000762939453,27.649999618530273,27.700000762939453,10428,0.0,0.0
2024-06-14 12:00:00+08:00,27.700000762939453,27.75,27.649999618530273,27.75,10427,0.0,0.0
2024-06-14 13:00:00+08:00,27.75,27.75,27.700000762939453,27.700000762939453,6000,0.0,0.0
2024-06-17 09:00:00+08:00,27.700000762939453,27.700000762939453,27.649999618530273,27.649999618530273,0,0.0,0.0
2024-06-17 10:00:00+08:00,27.649999618530273,27.649999618530273,27.350000381469727,27.450000762939453,36199,0.0,0.0
2024-06-17 11:00:00+08:00,27.399999618530273,27.649999618530273,27.399999618530273,27.649999618530273,24130,0.0,0.0
2024-06-17 12:00:00+08:00,27.649999618530273,27.75,27.649999618530273,27.75,18030,0.0,0.0
2024-06-17 13:00:00+08:00,27.75,27.75,27.600000381469727,27.700000762939453,18001,0.0,0.0
2024-06-18 09:00:00+08:00,27.5,27.5,27.299999237060547,27.350000381469727,0,0.0,0.0
2024-06-18 10:00:00+08:00,27.399999618530273,27.450000762939453,27.399999618530273,27.450000762939453,10001,0.0,0.0
2024-06-18 11:00:00+08:00,27.450000762939453,27.450000762939453,27.350000381469727,27.350000381469727,4002,0.0,0.0
2024-06-18 12:00:00+08:00,27.350000381469727,27.350000381469727,27.350000381469727,27.350000381469727,8513,0.0,0.0
2024-06-18 13:00:00+08:00,27.299999237060547,27.350000381469727,27.299999237060547,27.299999237060547,5269,0.0,0.0
2024-06-19 09:00:00+08:00,27.350000381469727,27.450000762939453,27.299999237060547,27.399999618530273,0,0.0,0.0
2024-06-19 10:00:00+08:00,27.399999618530273,27.399999618530273,27.350000381469727,27.350000381469727,12727,0.0,0.0
2024-06-19 11:00:00+08:00,27.299999237060547,27.299999237060547,27.25,27.25,17000,0.0,0.0
2024-06-19 12:00:00+08:00,27.350000381469727,27.350000381469727,27.25,27.25,4001,0.0,0.0
2024-06-19 13:00:00+08:00,27.25,27.25,27.149999618530273,27.149999618530273,8175,0.0,0.0
2024-06-20 10:00:00+08:00,27.049999237060547,27.049999237060547,26.899999618530273,26.899999618530273,26001,0.0,0.0
2024-06-20 11:00:00+08:00,27.0,27.049999237060547,27.0,27.0,12100,0.0,0.0
2024-06-20 12:00:00+08:00,27.0,27.100000381469727,27.0,27.100000381469727,5001,0.0,0.0
2024-06-20 13:00:00+08:00,27.049999237060547,27.049999237060547,27.049999237060547,27.049999237060547,5000,0.0,0.0
2024-06-21 09:00:00+08:00,27.0,27.049999237060547,27.0,27.049999237060547,4002,0.0,0.0
2024-06-21 10:00:00+08:00,27.049999237060547,27.049999237060547,27.049999237060547,27.049999237060547,6001,0.0,0.0
2024-06-21 11:00:00+08:00,27.049999237060547,27.049999237060547,27.0,27.0,5001,0.0,0.0
2024-06-21 12:00:00+08:00,27.0,27.049999237060547,27.0,27.049999237060547,8000,0.0,0.0
2024-06-21 13:00:00+08:00,27.0,27.0,27.0,27.0,4000,0.0,0.0
2024-06-24 09:00:00+08:00,27.100000381469727,27.100000381469727,26.950000762939453,26.950000762939453,0,0.0,0.0
2024-06-24 10:00:00+08:00,27.0,27.0,27.0,27.0,4014,0.0,0.0
2024-06-24 11:00:00+08:00,27.049999237060547,27.049999237060547,27.049999237060547,27.049999237060547,2000,0.0,0.0
2024-06-24 12:00:00+08:00,27.049999237060547,27.100000381469727,27.049999237060547,27.100000381469727,5200,0.0,0.0
2024-06-24 13:00:00+08:00,27.049999237060547,27.049999237060547,27.0,27.0,4051,0.0,0.0
2024-06-25 09:00:00+08:00,27.549999237060547,27.600000381469727,27.049999237060547,27.049999237060547,0,0.0,0.0
2024-06-25 10:00:00+08:00,27.25,27.299999237060547,27.25,27.299999237060547,12010,0.0,0.0
2024-06-25 12:00:00+08:00,27.149999618530273,27.149999618530273,27.149999618530273,27.149999618530273,1200,0.0,0.0
2024-06-26 09:00:00+08:00,27.149999618530273,27.200000762939453,27.149999618530273,27.149999618530273,0,0.0,0.0
2024-06-26 10:00:00+08:00,27.200000762939453,27.200000762939453,27.200000762939453,27.200000762939453,5000,0.0,0.0
2024-06-26 11:00:00+08:00,27.200000762939453,27.200000762939453,27.200000762939453,27.200000762939453,1030,0.0,0.0
2024-06-26 12:00:00+08:00,27.200000762939453,27.200000762939453,27.200000762939453,27.200000762939453,9036,0.0,0.0
2024-06-26 13:00:00+08:00,27.149999618530273,27.25,27.149999618530273,27.25,20000,0.0,0.0
2024-06-27 09:00:00+08:00,27.25,27.25,27.100000381469727,27.149999618530273,0,0.0,0.0
2024-06-27 10:00:00+08:00,27.149999618530273,27.149999618530273,27.100000381469727,27.100000381469727,7001,0.0,0.0
2024-06-27 11:00:00+08:00,27.149999618530273,27.149999618530273,27.149999618530273,27.149999618530273,5040,0.0,0.0
2024-06-27 13:00:00+08:00,27.100000381469727,27.100000381469727,27.100000381469727,27.100000381469727,6066,0.0,0.0
2024-06-28 09:00:00+08:00,27.049999237060547,27.350000381469727,27.049999237060547,27.25,6000,0.0,0.0
2024-06-28 10:00:00+08:00,27.25,27.25,27.200000762939453,27.200000762939453,4000,0.0,0.0
2024-06-28 11:00:00+08:00,27.100000381469727,27.100000381469727,27.100000381469727,27.100000381469727,3000,0.0,0.0
2024-06-28 12:00:00+08:00,27.100000381469727,27.100000381469727,27.100000381469727,27.100000381469727,5000,0.0,0.0
2024-06-28 13:00:00+08:00,27.200000762939453,27.200000762939453,27.100000381469727,27.100000381469727,5005,0.0,0.0
2024-07-01 09:00:00+08:00,27.399999618530273,27.399999618530273,27.25,27.350000381469727,12193,0.0,0.0
2024-07-01 10:00:00+08:00,27.200000762939453,27.299999237060547,27.100000381469727,27.299999237060547,21000,0.0,0.0
2024-07-01 11:00:00+08:00,27.25,27.25,27.25,27.25,12000,0.0,0.0
2024-07-01 12:00:00+08:00,27.200000762939453,27.350000381469727,27.200000762939453,27.350000381469727,9000,0.0,0.0
2024-07-01 13:00:00+08:00,27.299999237060547,27.299999237060547,27.200000762939453,27.200000762939453,4000,0.0,0.0
2024-07-02 09:00:00+08:00,27.200000762939453,27.350000381469727,27.200000762939453,27.200000762939453,0,0.0,0.0
2024-07-02 10:00:00+08:00,27.200000762939453,27.200000762939453,27.200000762939453,27.200000762939453,12001,0.0,0.0
2024-07-02 11:00:00+08:00,27.200000762939453,27.200000762939453,27.100000381469727,27.100000381469727,14000,0.0,0.0
2024-07-02 12:00:00+08:00,27.100000381469727,27.149999618530273,27.100000381469727,27.149999618530273,9109,0.0,0.0
2024-07-02 13:00:00+08:00,27.200000762939453,27.25,27.200000762939453,27.25,7084,0.0,0.0
2024-07-03 09:00:00+08:00,27.299999237060547,27.350000381469727,27.25,27.25,0,0.0,0.0
2024-07-03 10:00:00+08:00,27.299999237060547,27.350000381469727,27.299999237060547,27.299999237060547,21852,0.0,0.0
2024-07-03 11:00:00+08:00,27.350000381469727,27.399999618530273,27.299999237060547,27.299999237060547,15714,0.0,0.0
2024-07-03 12:00:00+08:00,27.299999237060547,27.299999237060547,27.299999237060547,27.299999237060547,1000,0.0,0.0
2024-07-03 13:00:00+08:00,27.350000381469727,27.399999618530273,27.350000381469727,27.399999618530273,25011,0.0,0.0
2024-07-04 09:00:00+08:00,27.299999237060547,27.450000762939453,27.25,27.450000762939453,0,0.0,0.0
2024-07-04 10:00:00+08:00,27.450000762939453,27.5,27.350000381469727,27.450000762939453,20000,0.0,0.0
2024-07-04 11:00:00+08:00,27.450000762939453,27.600000381469727,27.450000762939453,27.5,24230,0.0,0.0
2024-07-04 12:00:00+08:00,27.5,28.0,27.5,27.600000381469727,77326,0.0,0.0
2024-07-04 13:00:00+08:00,27.700000762939453,27.700000762939453,27.700000762939453,27.700000762939453,2000,0.0,0.0
2024-07-05 09:00:00+08:00,27.899999618530273,28.149999618530273,27.799999237060547,27.899999618530273,0,0.0,0.0
2024-07-05 10:00:00+08:00,27.899999618530273,27.899999618530273,27.799999237060547,27.850000381469727,26180,0.0,0.0
2024-07-05 11:00:00+08:00,27.850000381469727,27.950000762939453,27.850000381469727,27.950000762939453,6000,0.0,0.0
2024-07-05 12:00:00+08:00,27.950000762939453,28.0,27.799999237060547,27.799999237060547,23270,0.0,0.0
2024-07-05 13:00:00+08:00,27.799999237060547,27.899999618530273,27.799999237060547,27.899999618530273,10000,0.0,0.0
2024-07-08 09:00:00+08:00,28.299999237060547,28.399999618530273,28.0,28.0,0,0.0,0.0
2024-07-08 10:00:00+08:00,28.100000381469727,28.299999237060547,28.100000381469727,28.100000381469727,43000,0.0,0.0
2024-07-08 11:00:00+08:00,28.0,28.25,28.0,28.149999618530273,8000,0.0,0.0
2024-07-08 12:00:00+08:00,28.100000381469727,28.25,28.0,28.100000381469727,30059,0.0,0.0
2024-07-08 13:00:00+08:00,28.100000381469727,28.100000381469727,28.100000381469727,28.100000381469727,1110,0.0,0.0
2024-07-09 09:00:00+08:00,28.200000762939453,28.200000762939453,27.799999237060547,28.100000381469727,33002,0.0,0.0
2024-07-09 10:00:00+08:00,27.950000762939453,28.0,27.5,27.700000762939453,55010,0.0,0.0
2024-07-09 11:00:00+08:00,27.600000381469727,27.799999237060547,27.5,27.5,60000,0.0,0.0
2024-07-09 12:00:00+08:00,27.700000762939453,27.700000762939453,27.700000762939453,27.700000762939453,5000,0.0,0.0
2024-07-09 13:00:00+08:00,27.75,27.75,27.600000381469727,27.700000762939453,9018,0.0,0.0
2024-07-10 09:00:00+08:00,27.700000762939453,27.700000762939453,27.600000381469727,27.600000381469727,0,0.0,0.0
2024-07-10 10:00:00+08:00,27.600000381469727,27.700000762939453,27.5,27.549999237060547,26000,0.0,0.0
2024-07-10 11:00:00+08:00,27.600000381469727,27.75,27.600000381469727,27.700000762939453,4000,0.0,0.0
2024-07-10 12:00:00+08:00,27.700000762939453,27.700000762939453,27.700000762939453,27.700000762939453,7284,0.0,0.0
2024-07-10 13:00:00+08:00,27.75,27.75,27.700000762939453,27.75,4000,0.0,0.0
2024-07-11 09:00:00+08:00,28.100000381469727,30.450000762939453,28.049999237060547,30.450000762939453,787474,0.0,0.0
2024-07-11 10:00:00+08:00,30.450000762939453,30.450000762939453,30.450000762939453,30.450000762939453,75513,0.0,0.0
2024-07-11 11:00:00+08:00,30.450000762939453,30.450000762939453,30.200000762939453,30.450000762939453,675849,0.0,0.0
2024-07-11 12:00:00+08:00,30.450000762939453,30.450000762939453,30.450000762939453,30.450000762939453,53407,0.0,0.0
2024-07-11 13:00:00+08:00,30.450000762939453,30.450000762939453,30.450000762939453,30.450000762939453,13517,0.0,0.0
2024-07-12 09:00:00+08:00,30.450000762939453,32.849998474121094,30.299999237060547,32.849998474121094,198655,0.0,0.0
2024-07-12 10:00:00+08:00,32.849998474121094,33.45000076293945,32.150001525878906,32.400001525878906,1256513,0.0,0.0
2024-07-12 11:00:00+08:00,32.400001525878906,33.45000076293945,32.400001525878906,33.45000076293945,569832,0.0,0.0
2024-07-12 12:00:00+08:00,33.400001525878906,33.45000076293945,33.0,33.400001525878906,702032,0.0,0.0
2024-07-12 13:00:00+08:00,33.45000076293945,33.45000076293945,33.25,33.45000076293945,197403,0.0,0.0
2024-07-15 09:00:00+08:00,33.650001525878906,36.400001525878906,32.20000076293945,34.70000076293945,0,0.0,0.0
2024-07-15 10:00:00+08:00,34.70000076293945,35.0,34.29999923706055,34.54999923706055,316165,0.0,0.0
2024-07-15 11:00:00+08:00,34.599998474121094,35.5,34.599998474121094,34.70000076293945,340257,0.0,0.0
2024-07-15 12:00:00+08:00,34.900001525878906,34.900001525878906,33.0,33.45000076293945,590780,0.0,0.0
2024-07-15 13:00:00+08:00,33.45000076293945,33.849998474121094,33.099998474121094,33.20000076293945,239167,0.0,0.0
2024-07-16 09:00:00+08:00,32.70000076293945,34.650001525878906,32.5,33.400001525878906,0,0.0,0.0
2024-07-16 10:00:00+08:00,33.400001525878906,36.45000076293945,33.400001525878906,36.45000076293945,2175657,0.0,0.0
2024-07-16 11:00:00+08:00,36.45000076293945,36.45000076293945,35.75,36.0,1713254,0.0,0.0
2024-07-16 12:00:00+08:00,36.099998474121094,36.45000076293945,36.099998474121094,36.45000076293945,560652,0.0,0.0
2024-07-16 13:00:00+08:00,36.45000076293945,36.45000076293945,36.400001525878906,36.45000076293945,489100,0.0,0.0
2024-07-17 09:00:00+08:00,36.150001525878906,37.349998474121094,35.20000076293945,36.20000076293945,2013695,0.0,0.0
2024-07-17 10:00:00+08:00,36.20000076293945,36.5,35.650001525878906,36.099998474121094,366731,0.0,0.0
2024-07-17 11:00:00+08:00,36.20000076293945,36.25,35.349998474121094,35.599998474121094,390438,0.0,0.0
2024-07-17 12:00:00+08:00,35.70000076293945,36.150001525878906,35.5,35.599998474121094,234355,0.0,0.0
2024-07-17 13:00:00+08:00,35.5,35.70000076293945,35.20000076293945,35.70000076293945,404794,0.0,0.0
2024-07-18 09:00:00+08:00,35.099998474121094,35.900001525878906,34.599998474121094,35.5,0,0.0,0.0
2024-07-18 10:00:00+08:00,35.400001525878906,35.45000076293945,34.099998474121094,34.20000076293945,349297,0.0,0.0
2024-07-18 11:00:00+08:00,34.20000076293945,34.29999923706055,34.0,34.04999923706055,200545,0.0,0.0
2024-07-18 12:00:00+08:00,34.04999923706055,35.150001525878906,34.04999923706055,35.0,155691,0.0,0.0
2024-07-18 13:00:00+08:00,35.0,35.04999923706055,34.599998474121094,35.04999923706055,96210,0.0,0.0
2024-07-19 09:00:00+08:00,34.70000076293945,35.599998474121094,34.150001525878906,34.400001525878906,0,0.0,0.0
2024-07-19 10:00:00+08:00,34.400001525878906,34.79999923706055,33.150001525878906,33.650001525878906,357187,0.0,0.0
2024-07-19 11:00:00+08:00,33.650001525878906,35.79999923706055,33.650001525878906,35.5,615864,0.0,0.0
2024-07-19 12:00:00+08:00,35.45000076293945,37.900001525878906,35.04999923706055,37.04999923706055,1392440,0.0,0.0
2024-07-19 13:00:00+08:00,37.04999923706055,37.25,35.70000076293945,36.0,399183,0.0,0.0
2024-07-22 09:00:00+08:00,36.20000076293945,38.29999923706055,35.29999923706055,36.20000076293945,0,0.0,0.0
2024-07-22 10:00:00+08:00,36.150001525878906,36.20000076293945,34.29999923706055,35.70000076293945,677822,0.0,0.0
2024-07-22 11:00:00+08:00,35.75,36.5,35.0,35.20000076293945,297321,0.0,0.0
2024-07-22 12:00:00+08:00,35.20000076293945,35.349998474121094,34.79999923706055,35.29999923706055,153253,0.0,0.0
2024-07-22 13:00:00+08:00,35.29999923706055,35.29999923706055,34.45000076293945,34.79999923706055,271575,0.0,0.0
2024-07-23 09:00:00+08:00,35.0,37.5,35.0,35.79999923706055,0,0.0,0.0
2024-07-23 10:00:00+08:00,35.79999923706055,35.79999923706055,34.849998474121094,34.900001525878906,292787,0.0,0.0
2024-07-23 11:00:00+08:00,34.95000076293945,35.099998474121094,34.79999923706055,35.099998474121094,140175,0.0,0.0
2024-07-23 12:00:00+08:00,35.04999923706055,35.099998474121094,34.20000076293945,34.400001525878906,318670,0.0,0.0
2024-07-23 13:00:00+08:00,34.400001525878906,34.5,34.20000076293945,34.349998474121094,152019,0.0,0.0
2024-07-26 09:00:00+08:00,32.79999923706055,33.5,31.600000381469727,31.700000762939453,0,0.0,0.0
2024-07-26 10:00:00+08:00,31.700000762939453,32.20000076293945,31.649999618530273,32.0,211797,0.0,0.0
2024-07-26 11:00:00+08:00,32.150001525878906,32.150001525878906,31.899999618530273,32.04999923706055,103139,0.0,0.0
2024-07-26 12:00:00+08:00,32.04999923706055,32.150001525878906,31.799999237060547,31.850000381469727,137288,0.0,0.0
2024-07-26 13:00:00+08:00,31.850000381469727,31.899999618530273,31.299999237060547,31.5,210751,0.0,0.0
2024-07-29 09:00:00+08:00,31.5,32.849998474121094,31.5,31.549999237060547,0,0.0,0.0
2024-07-29 10:00:00+08:00,31.549999237060547,31.549999237060547,30.200000762939453,30.200000762939453,368180,0.0,0.0
2024-07-29 11:00:00+08:00,30.299999237060547,30.549999237060547,29.899999618530273,29.899999618530273,198875,0.0,0.0
2024-07-29 12:00:00+08:00,29.899999618530273,30.600000381469727,29.899999618530273,30.450000762939453,185517,0.0,0.0
2024-07-29 13:00:00+08:00,30.299999237060547,31.0,30.299999237060547,31.0,133384,0.0,0.0
2024-07-30 09:00:00+08:00,30.850000381469727,30.850000381469727,30.100000381469727,30.5,0,0.0,0.0
2024-07-30 10:00:00+08:00,30.549999237060547,30.549999237060547,30.25,30.25,98539,0.0,0.0
2024-07-30 11:00:00+08:00,30.25,30.600000381469727,30.25,30.600000381469727,83100,0.0,0.0
2024-07-30 12:00:00+08:00,30.600000381469727,31.75,30.600000381469727,31.399999618530273,222124,0.0,0.0
2024-07-30 13:00:00+08:00,31.450000762939453,31.799999237060547,31.450000762939453,31.649999618530273,95176,0.0,0.0
2024-07-31 09:00:00+08:00,31.0,32.0,31.0,31.700000762939453,0,0.0,0.0
2024-07-31 10:00:00+08:00,31.700000762939453,32.29999923706055,31.700000762939453,32.20000076293945,114053,0.0,0.0
2024-07-31 11:00:00+08:00,32.0,32.099998474121094,31.899999618530273,31.899999618530273,23501,0.0,0.0
2024-07-31 12:00:00+08:00,31.899999618530273,31.899999618530273,31.600000381469727,31.649999618530273,62216,0.0,0.0
2024-07-31 13:00:00+08:00,31.600000381469727,31.600000381469727,31.299999237060547,31.5,68159,0.0,0.0
2024-08-01 09:00:00+08:00,31.649999618530273,32.5,31.5,31.700000762939453,0,0.0,0.0
2024-08-01 10:00:00+08:00,31.700000762939453,32.0,31.5,31.700000762939453,152262,0.0,0.0
2024-08-01 11:00:00+08:00,31.75,32.04999923706055,31.700000762939453,32.04999923706055,46118,0.0,0.0
2024-08-01 12:00:00+08:00,32.04999923706055,32.099998474121094,31.649999618530273,31.649999618530273,59060,0.0,0.0
2024-08-01 13:00:00+08:00,31.649999618530273,31.799999237060547,31.649999618530273,31.649999618530273,34000,0.0,0.0
2024-08-02 09:00:00+08:00,31.100000381469727,32.849998474121094,30.299999237060547,32.79999923706055,0,0.0,0.0
2024-08-02 10:00:00+08:00,32.849998474121094,32.95000076293945,31.649999618530273,32.150001525878906,236838,0.0,0.0
2024-08-02 11:00:00+08:00,32.20000076293945,32.5,32.099998474121094,32.099998474121094,66063,0.0,0.0
2024-08-02 12:00:00+08:00,32.099998474121094,32.099998474121094,31.399999618530273,31.450000762939453,119205,0.0,0.0
2024-08-02 13:00:00+08:00,31.5,31.799999237060547,31.350000381469727,31.649999618530273,60027,0.0,0.0
2024-08-05 09:00:00+08:00,31.350000381469727,32.150001525878906,29.100000381469727,29.450000762939453,0,0.0,0.0
2024-08-05 10:00:00+08:00,29.75,30.200000762939453,29.75,30.0,205604,0.0,0.0
2024-08-05 11:00:00+08:00,29.950000762939453,30.299999237060547,29.600000381469727,29.600000381469727,120226,0.0,0.0
2024-08-05 12:00:00+08:00,29.600000381469727,29.600000381469727,28.950000762939453,29.0,197465,0.0,0.0
2024-08-05 13:00:00+08:00,29.0,29.149999618530273,28.850000381469727,28.899999618530273,68062,0.0,0.0
2024-08-06 09:00:00+08:00,30.0,30.600000381469727,28.5,28.899999618530273,0,0.0,0.0
2024-08-06 10:00:00+08:00,29.299999237060547,30.450000762939453,29.299999237060547,30.049999237060547,208658,0.0,0.0
2024-08-06 11:00:00+08:00,30.0,30.399999618530273,30.0,30.299999237060547,63558,0.0,0.0
2024-08-06 12:00:00+08:00,30.149999618530273,30.950000762939453,29.850000381469727,30.75,181167,0.0,0.0
2024-08-06 13:00:00+08:00,30.799999237060547,30.799999237060547,30.100000381469727,30.350000381469727,62045,0.0,0.0
2024-08-07 09:00:00+08:00,30.299999237060547,32.25,30.299999237060547,32.20000076293945,0,0.0,0.0
2024-08-07 10:00:00+08:00,32.20000076293945,32.29999923706055,31.200000762939453,31.549999237060547,220782,0.0,0.0
2024-08-07 11:00:00+08:00,31.600000381469727,32.29999923706055,31.600000381469727,31.850000381469727,188003,0.0,0.0
2024-08-07 12:00:00+08:00,31.899999618530273,32.04999923706055,31.649999618530273,31.649999618530273,84301,0.0,0.0
2024-08-07 13:00:00+08:00,31.649999618530273,32.20000076293945,31.649999618530273,32.20000076293945,83097,0.0,0.0
2024-08-08 09:00:00+08:00,31.649999618530273,32.29999923706055,31.149999618530273,32.0,0,0.0,0.0
2024-08-08 10:00:00+08:00,32.099998474121094,34.0,32.099998474121094,33.0,500530,0.0,0.0
2024-08-08 11:00:00+08:00,33.0,33.79999923706055,32.849998474121094,33.0,213170,0.0,0.0
2024-08-08 12:00:00+08:00,32.95000076293945,33.349998474121094,32.849998474121094,32.849998474121094,182474,0.0,0.0
2024-08-08 13:00:00+08:00,32.849998474121094,33.349998474121094,32.849998474121094,33.20000076293945,171405,0.0,0.0
2024-08-09 09:00:00+08:00,34.099998474121094,34.75,32.599998474121094,32.900001525878906,0,0.0,0.0
2024-08-09 10:00:00+08:00,33.099998474121094,33.599998474121094,32.900001525878906,33.0,237160,0.0,0.0
2024-08-09 11:00:00+08:00,33.0,33.0,32.650001525878906,32.849998474121094,144366,0.0,0.0
2024-08-09 12:00:00+08:00,32.849998474121094,32.95000076293945,32.75,32.79999923706055,102772,0.0,0.0
2024-08-09 13:00:00+08:00,32.75,32.849998474121094,32.650001525878906,32.70000076293945,158076,0.0,0.0
2024-08-12 09:00:00+08:00,32.54999923706055,33.20000076293945,32.349998474121094,32.45000076293945,0,0.0,0.0
2024-08-12 10:00:00+08:00,32.45000076293945,32.45000076293945,32.150001525878906,32.349998474121094,77301,0.0,0.0
2024-08-12 11:00:00+08:00,32.349998474121094,32.599998474121094,32.349998474121094,32.45000076293945,37000,0.0,0.0
2024-08-12 12:00:00+08:00,32.54999923706055,32.599998474121094,32.400001525878906,32.400001525878906,52288,0.0,0.0
2024-08-12 13:00:00+08:00,32.400001525878906,32.400001525878906,32.150001525878906,32.20000076293945,79500,0.0,0.0
2024-08-13 09:00:00+08:00,32.150001525878906,32.95000076293945,31.600000381469727,32.650001525878906,0,0.0,0.0
2024-08-13 10:00:00+08:00,32.599998474121094,32.75,32.5,32.650001525878906,83306,0.0,0.0
2024-08-13 11:00:00+08:00,32.599998474121094,32.650001525878906,32.25,32.650001525878906,73141,0.0,0.0
2024-08-13 12:00:00+08:00,32.650001525878906,32.75,32.45000076293945,32.70000076293945,61201,0.0,0.0
2024-08-13 13:00:00+08:00,32.650001525878906,32.70000076293945,32.54999923706055,32.599998474121094,41330,0.0,0.0
2024-08-14 09:00:00+08:00,33.20000076293945,33.20000076293945,32.70000076293945,32.849998474121094,0,0.0,0.0
2024-08-14 10:00:00+08:00,32.849998474121094,33.849998474121094,32.75,33.849998474121094,270426,0.0,0.0
2024-08-14 11:00:00+08:00,33.900001525878906,34.45000076293945,33.79999923706055,34.0,294916,0.0,0.0
2024-08-14 12:00:00+08:00,34.0,34.04999923706055,33.400001525878906,33.400001525878906,189465,0.0,0.0
2024-08-14 13:00:00+08:00,33.45000076293945,33.79999923706055,33.400001525878906,33.75,65352,0.0,0.0
2024-08-15 09:00:00+08:00,34.29999923706055,34.95000076293945,33.29999923706055,33.650001525878906,0,0.0,0.0
2024-08-15 10:00:00+08:00,33.650001525878906,34.0,33.349998474121094,33.70000076293945,68330,0.0,0.0
2024-08-15 11:00:00+08:00,33.650001525878906,33.849998474121094,33.54999923706055,33.75,63003,0.0,0.0
2024-08-15 12:00:00+08:00,33.75,34.0,33.650001525878906,33.849998474121094,75708,0.0,0.0
2024-08-15 13:00:00+08:00,33.79999923706055,33.900001525878906,33.599998474121094,33.79999923706055,55600,0.0,0.0
2024-08-16 09:00:00+08:00,34.349998474121094,34.900001525878906,33.5,33.650001525878906,0,0.0,0.0
2024-08-16 10:00:00+08:00,33.650001525878906,33.849998474121094,33.650001525878906,33.79999923706055,41113,0.0,0.0
2024-08-16 11:00:00+08:00,33.79999923706055,34.150001525878906,33.54999923706055,33.849998474121094,146124,0.0,0.0
2024-08-16 12:00:00+08:00,33.849998474121094,34.349998474121094,33.849998474121094,34.0,124687,0.0,0.0
2024-08-16 13:00:00+08:00,34.0,34.099998474121094,33.79999923706055,34.0,70114,0.0,0.0
2024-08-19 09:00:00+08:00,34.29999923706055,34.29999923706055,33.45000076293945,33.650001525878906,0,0.0,0.0
2024-08-19 10:00:00+08:00,33.75,33.849998474121094,33.5,33.599998474121094,101197,0.0,0.0
2024-08-19 11:00:00+08:00,33.54999923706055,33.54999923706055,33.29999923706055,33.349998474121094,114208,0.0,0.0
2024-08-19 12:00:00+08:00,33.349998474121094,33.349998474121094,33.20000076293945,33.29999923706055,62465,0.0,0.0
2024-08-19 13:00:00+08:00,33.29999923706055,33.5,33.25,33.29999923706055,71075,0.0,0.0
2024-08-20 09:00:00+08:00,33.54999923706055,34.599998474121094,33.54999923706055,33.75,0,0.0,0.0
2024-08-20 10:00:00+08:00,33.79999923706055,33.79999923706055,33.45000076293945,33.45000076293945,65390,0.0,0.0
2024-08-20 11:00:00+08:00,33.45000076293945,33.5,33.20000076293945,33.20000076293945,76778,0.0,0.0
2024-08-20 12:00:00+08:00,33.20000076293945,33.45000076293945,33.150001525878906,33.25,74433,0.0,0.0
2024-08-20 13:00:00+08:00,33.20000076293945,33.349998474121094,33.20000076293945,33.25,38250,0.0,0.0
2024-08-21 09:00:00+08:00,33.0,33.5,32.5,33.20000076293945,0,0.0,0.0
2024-08-21 10:00:00+08:00,33.20000076293945,33.29999923706055,33.20000076293945,33.20000076293945,32461,0.0,0.0
2024-08-21 11:00:00+08:00,33.20000076293945,33.29999923706055,33.04999923706055,33.25,23003,0.0,0.0
2024-08-21 12:00:00+08:00,33.20000076293945,33.70000076293945,33.20000076293945,33.45000076293945,93100,0.0,0.0
2024-08-21 13:00:00+08:00,33.45000076293945,33.5,33.349998474121094,33.349998474121094,19591,0.0,0.0
2024-08-22 09:00:00+08:00,33.45000076293945,36.75,33.400001525878906,36.75,2516737,0.0,0.0
2024-08-22 10:00:00+08:00,36.75,36.75,36.25,36.75,1157374,0.0,0.0
2024-08-22 11:00:00+08:00,36.75,36.75,36.75,36.75,96646,0.0,0.0
2024-08-22 12:00:00+08:00,36.75,36.75,36.75,36.75,29170,0.0,0.0
2024-08-22 13:00:00+08:00,36.75,36.75,36.75,36.75,16230,0.0,0.0
2024-08-23 09:00:00+08:00,36.75,38.5,35.650001525878906,36.29999923706055,0,0.0,0.0
2024-08-23 10:00:00+08:00,36.150001525878906,36.650001525878906,35.45000076293945,35.79999923706055,695139,0.0,0.0
2024-08-23 11:00:00+08:00,35.79999923706055,36.599998474121094,35.79999923706055,36.45000076293945,303073,0.0,0.0
2024-08-23 12:00:00+08:00,36.45000076293945,36.45000076293945,35.79999923706055,36.349998474121094,327380,0.0,0.0
2024-08-23 13:00:00+08:00,36.349998474121094,36.400001525878906,35.54999923706055,35.54999923706055,514829,0.0,0.0
2024-08-26 09:00:00+08:00,35.599998474121094,39.099998474121094,35.099998474121094,39.099998474121094,0,0.0,0.0
2024-08-26 10:00:00+08:00,39.099998474121094,39.099998474121094,39.099998474121094,39.099998474121094,485269,0.0,0.0
2024-08-26 11:00:00+08:00,39.099998474121094,39.099998474121094,39.099998474121094,39.099998474121094,50611,0.0,0.0
2024-08-26 12:00:00+08:00,39.099998474121094,39.099998474121094,39.099998474121094,39.099998474121094,88543,0.0,0.0
2024-08-26 13:00:00+08:00,39.099998474121094,39.099998474121094,39.099998474121094,39.099998474121094,12202,0.0,0.0
2024-08-27 09:00:00+08:00,40.099998474121094,40.900001525878906,38.29999923706055,39.29999923706055,3329717,0.0,0.0
2024-08-27 10:00:00+08:00,39.349998474121094,42.54999923706055,39.099998474121094,41.599998474121094,2965094,0.0,0.0
2024-08-27 11:00:00+08:00,41.54999923706055,42.099998474121094,40.5,41.150001525878906,2163346,0.0,0.0
2024-08-27 12:00:00+08:00,41.150001525878906,41.70000076293945,40.400001525878906,41.650001525878906,1086689,0.0,0.0
2024-08-27 13:00:00+08:00,41.70000076293945,43.0,41.599998474121094,43.0,2421152,0.0,0.0
2024-08-28 09:00:00+08:00,45.349998474121094,46.29999923706055,43.20000076293945,45.20000076293945,0,0.0,0.0
2024-08-28 10:00:00+08:00,45.150001525878906,47.29999923706055,45.0,47.29999923706055,6934323,0.0,0.0
2024-08-28 11:00:00+08:00,47.29999923706055,47.29999923706055,47.29999923706055,47.29999923706055,314529,0.0,0.0
2024-08-28 12:00:00+08:00,47.29999923706055,47.29999923706055,47.29999923706055,47.29999923706055,195790,0.0,0.0
2024-08-28 13:00:00+08:00,47.29999923706055,47.29999923706055,47.29999923706055,47.29999923706055,76382,0.0,0.0
2024-08-29 09:00:00+08:00,48.79999923706055,50.29999923706055,47.29999923706055,47.650001525878906,0,0.0,0.0
2024-08-29 10:00:00+08:00,47.599998474121094,49.79999923706055,47.0,48.400001525878906,4207091,0.0,0.0
2024-08-29 11:00:00+08:00,48.400001525878906,48.900001525878906,47.400001525878906,47.599998474121094,1587321,0.0,0.0
2024-08-29 12:00:00+08:00,47.650001525878906,48.29999923706055,47.349998474121094,48.04999923706055,1446087,0.0,0.0
2024-08-29 13:00:00+08:00,48.04999923706055,48.04999923706055,46.650001525878906,46.70000076293945,2017774,0.0,0.0
2024-08-30 09:00:00+08:00,47.54999923706055,49.099998474121094,46.95000076293945,48.650001525878906,0,0.0,0.0
2024-08-30 10:00:00+08:00,48.650001525878906,48.650001525878906,47.20000076293945,47.79999923706055,1162107,0.0,0.0
2024-08-30 11:00:00+08:00,47.849998474121094,49.20000076293945,47.5,48.79999923706055,1717843,0.0,0.0
2024-08-30 12:00:00+08:00,48.75,48.79999923706055,47.900001525878906,48.099998474121094,604582,0.0,0.0
2024-08-30 13:00:00+08:00,48.04999923706055,48.04999923706055,47.45000076293945,47.900001525878906,869195,0.0,0.0
