Datetime,Open,High,Low,Close,Volume,Dividends,Stock Splits
2024-09-26 09:30:00-04:00,64.66999816894531,64.97000122070312,63.790000915527344,63.95000076293945,11964,0.0,0.0
2024-09-26 09:35:00-04:00,64.0,64.69999694824219,63.999000549316406,64.30999755859375,6633,0.0,0.0
2024-09-26 09:40:00-04:00,64.29060363769531,64.5,64.25,64.48999786376953,2704,0.0,0.0
2024-09-26 09:45:00-04:00,64.53500366210938,64.68240356445312,64.53500366210938,64.59500122070312,795,0.0,0.0
2024-09-26 09:50:00-04:00,64.51000213623047,64.51000213623047,64.2699966430664,64.2699966430664,4847,0.0,0.0
2024-09-26 09:55:00-04:00,64.22000122070312,64.22000122070312,64.05000305175781,64.05000305175781,1218,0.0,0.0
2024-09-26 10:00:00-04:00,64.23999786376953,64.80000305175781,64.23999786376953,64.37000274658203,5772,0.0,0.0
2024-09-26 10:05:00-04:00,64.46499633789062,64.46499633789062,64.16000366210938,64.18000030517578,1035,0.0,0.0
2024-09-26 10:10:00-04:00,64.33999633789062,64.47000122070312,64.33999633789062,64.3499984741211,6532,0.0,0.0
2024-09-26 10:15:00-04:00,64.3499984741211,64.59500122070312,64.3499984741211,64.58999633789062,2182,0.0,0.0
2024-09-26 10:20:00-04:00,64.50499725341797,64.56999969482422,64.41999816894531,64.48999786376953,2541,0.0,0.0
2024-09-26 10:25:00-04:00,64.48999786376953,64.5199966430664,64.44000244140625,64.51000213623047,4145,0.0,0.0
2024-09-26 10:30:00-04:00,64.5199966430664,64.66500091552734,64.43000030517578,64.66500091552734,6396,0.0,0.0
2024-09-26 10:35:00-04:00,64.79000091552734,64.83499908447266,64.7500991821289,64.79499816894531,2184,0.0,0.0
2024-09-26 10:40:00-04:00,64.80000305175781,64.80000305175781,64.69999694824219,64.76499938964844,1498,0.0,0.0
2024-09-26 10:45:00-04:00,64.69999694824219,64.72000122070312,64.5999984741211,64.67500305175781,3627,0.0,0.0
2024-09-26 10:50:00-04:00,64.63999938964844,64.69499969482422,64.58000183105469,64.5999984741211,2226,0.0,0.0
2024-09-26 10:55:00-04:00,64.61499786376953,64.61499786376953,64.5199966430664,64.58000183105469,1152,0.0,0.0
2024-09-26 11:00:00-04:00,64.57499694824219,64.5999984741211,64.46499633789062,64.56999969482422,4178,0.0,0.0
2024-09-26 11:05:00-04:00,64.55000305175781,64.69999694824219,64.55000305175781,64.69999694824219,1205,0.0,0.0
2024-09-26 11:10:00-04:00,64.66500091552734,64.69499969482422,64.66419982910156,64.69000244140625,1972,0.0,0.0
2024-09-26 11:15:00-04:00,64.70500183105469,64.8499984741211,64.65360260009766,64.8499984741211,3757,0.0,0.0
2024-09-26 11:20:00-04:00,64.7699966430664,64.7699966430664,64.72200012207031,64.72200012207031,1554,0.0,0.0
2024-09-26 11:25:00-04:00,64.77999877929688,64.88990020751953,64.73509979248047,64.75,1264,0.0,0.0
2024-09-26 11:30:00-04:00,64.7699966430664,64.7699966430664,64.69000244140625,64.75,992,0.0,0.0
2024-09-26 11:35:00-04:00,64.75,64.86000061035156,64.75,64.86000061035156,2129,0.0,0.0
2024-09-26 11:40:00-04:00,64.87000274658203,64.87000274658203,64.70010375976562,64.70010375976562,3094,0.0,0.0
2024-09-26 11:45:00-04:00,64.7750015258789,64.79499816894531,64.73999786376953,64.75,1116,0.0,0.0
2024-09-26 11:50:00-04:00,64.75,64.7699966430664,64.75,64.7699966430664,9100,0.0,0.0
2024-09-26 11:55:00-04:00,64.7699966430664,64.84839630126953,64.75,64.75,1371,0.0,0.0
2024-09-26 12:00:00-04:00,64.75,64.76499938964844,64.75,64.75,874,0.0,0.0
2024-09-26 12:05:00-04:00,64.75,64.75499725341797,64.7300033569336,64.75,1531,0.0,0.0
2024-09-26 12:10:00-04:00,64.74500274658203,64.81999969482422,64.74500274658203,64.80999755859375,2378,0.0,0.0
2024-09-26 12:15:00-04:00,64.74400329589844,64.83499908447266,64.74400329589844,64.80999755859375,1877,0.0,0.0
2024-09-26 12:20:00-04:00,64.75,64.80000305175781,64.70999908447266,64.80000305175781,4633,0.0,0.0
2024-09-26 12:25:00-04:00,64.7699966430664,64.80999755859375,64.62000274658203,64.62000274658203,6336,0.0,0.0
2024-09-26 12:30:00-04:00,64.62000274658203,64.62000274658203,64.44000244140625,64.45500183105469,2387,0.0,0.0
2024-09-26 12:35:00-04:00,64.44999694824219,64.47000122070312,64.37000274658203,64.47000122070312,1445,0.0,0.0
2024-09-26 12:40:00-04:00,64.48999786376953,64.48999786376953,64.2699966430664,64.44000244140625,5218,0.0,0.0
2024-09-26 12:45:00-04:00,64.45999908447266,64.58499908447266,64.41000366210938,64.56999969482422,4616,0.0,0.0
2024-09-26 12:50:00-04:00,64.58499908447266,64.63999938964844,64.58499908447266,64.62000274658203,2526,0.0,0.0
2024-09-26 12:55:00-04:00,64.61499786376953,64.61499786376953,64.55000305175781,64.5999984741211,9778,0.0,0.0
2024-09-26 13:00:00-04:00,64.5999984741211,64.69499969482422,64.5999984741211,64.61000061035156,2361,0.0,0.0
2024-09-26 13:05:00-04:00,64.5999984741211,64.75,64.5999984741211,64.66500091552734,1300,0.0,0.0
2024-09-26 13:10:00-04:00,64.66000366210938,64.66999816894531,64.66000366210938,64.66500091552734,1243,0.0,0.0
2024-09-26 13:15:00-04:00,64.65499877929688,64.66000366210938,64.48999786376953,64.48999786376953,5275,0.0,0.0
2024-09-26 13:20:00-04:00,64.5199966430664,64.6050033569336,64.5199966430664,64.6050033569336,2246,0.0,0.0
2024-09-26 13:25:00-04:00,64.6050033569336,64.69499969482422,64.6050033569336,64.6500015258789,2436,0.0,0.0
2024-09-26 13:30:00-04:00,64.63999938964844,64.69999694824219,64.63999938964844,64.69499969482422,1529,0.0,0.0
2024-09-26 13:35:00-04:00,64.68499755859375,64.69999694824219,64.68499755859375,64.69999694824219,827,0.0,0.0
2024-09-26 13:40:00-04:00,64.69999694824219,64.69999694824219,64.62999725341797,64.63999938964844,4499,0.0,0.0
2024-09-26 13:45:00-04:00,64.63999938964844,64.6500015258789,64.62999725341797,64.63999938964844,3658,0.0,0.0
2024-09-26 13:50:00-04:00,64.62999725341797,64.62999725341797,64.51000213623047,64.51499938964844,9428,0.0,0.0
2024-09-26 13:55:00-04:00,64.51499938964844,64.56500244140625,64.51499938964844,64.56500244140625,1691,0.0,0.0
2024-09-26 14:00:00-04:00,64.57499694824219,64.66000366210938,64.57499694824219,64.63500213623047,7851,0.0,0.0
2024-09-26 14:05:00-04:00,64.63500213623047,64.6500015258789,64.61000061035156,64.6500015258789,3273,0.0,0.0
2024-09-26 14:10:00-04:00,64.61000061035156,64.61000061035156,64.497802734375,64.52999877929688,3213,0.0,0.0
2024-09-26 14:15:00-04:00,64.52999877929688,64.53500366210938,64.38999938964844,64.38999938964844,3312,0.0,0.0
2024-09-26 14:20:00-04:00,64.37999725341797,64.37999725341797,64.31999969482422,64.31999969482422,2311,0.0,0.0
2024-09-26 14:25:00-04:00,64.22000122070312,64.22000122070312,64.11000061035156,64.11000061035156,1139,0.0,0.0
2024-09-26 14:30:00-04:00,64.11000061035156,64.11000061035156,64.0199966430664,64.0199966430664,2941,0.0,0.0
2024-09-26 14:35:00-04:00,64.0,64.11000061035156,64.0,64.08000183105469,3445,0.0,0.0
2024-09-26 14:40:00-04:00,64.08000183105469,64.08000183105469,64.04000091552734,64.04000091552734,2497,0.0,0.0
2024-09-26 14:45:00-04:00,64.04000091552734,64.2300033569336,63.9900016784668,64.2300033569336,4089,0.0,0.0
2024-09-26 14:50:00-04:00,64.2300033569336,64.30999755859375,64.22000122070312,64.30999755859375,1930,0.0,0.0
2024-09-26 14:55:00-04:00,64.27999877929688,64.30999755859375,64.20999908447266,64.20999908447266,4142,0.0,0.0
2024-09-26 15:00:00-04:00,64.19999694824219,64.20829772949219,64.12000274658203,64.13999938964844,2560,0.0,0.0
2024-09-26 15:05:00-04:00,64.13999938964844,64.1449966430664,64.11000061035156,64.13999938964844,2822,0.0,0.0
2024-09-26 15:10:00-04:00,64.16500091552734,64.18000030517578,64.08999633789062,64.1500015258789,7600,0.0,0.0
2024-09-26 15:15:00-04:00,64.12000274658203,64.1500015258789,64.06999969482422,64.06999969482422,5716,0.0,0.0
2024-09-26 15:20:00-04:00,64.07510375976562,64.08999633789062,63.95000076293945,63.959999084472656,5286,0.0,0.0
2024-09-26 15:25:00-04:00,63.95000076293945,63.95000076293945,63.79499816894531,63.900001525878906,5504,0.0,0.0
2024-09-26 15:30:00-04:00,63.90999984741211,63.90999984741211,63.709999084472656,63.7400016784668,3354,0.0,0.0
2024-09-26 15:35:00-04:00,63.78499984741211,63.91999816894531,63.779998779296875,63.90999984741211,23926,0.0,0.0
2024-09-26 15:40:00-04:00,63.90999984741211,63.939998626708984,63.84000015258789,63.86000061035156,7468,0.0,0.0
2024-09-26 15:45:00-04:00,63.849998474121094,63.939998626708984,63.83000183105469,63.83250045776367,9108,0.0,0.0
2024-09-26 15:50:00-04:00,63.79999923706055,63.939998626708984,63.79999923706055,63.939998626708984,20029,0.0,0.0
2024-09-26 15:55:00-04:00,63.96500015258789,64.02999877929688,63.779998779296875,63.790000915527344,61896,0.0,0.0
2024-09-27 09:30:00-04:00,64.04000091552734,64.1156005859375,64.04000091552734,64.1156005859375,8035,0.0,0.0
2024-09-27 09:40:00-04:00,64.16239929199219,64.1990966796875,64.16239929199219,64.1990966796875,406,0.0,0.0
2024-09-27 09:45:00-04:00,64.3499984741211,64.61000061035156,64.33000183105469,64.61000061035156,7653,0.0,0.0
2024-09-27 09:50:00-04:00,64.55999755859375,64.55999755859375,64.55999755859375,64.55999755859375,618,0.0,0.0
2024-09-27 09:55:00-04:00,64.75460052490234,64.75460052490234,64.75460052490234,64.75460052490234,975,0.0,0.0
2024-09-27 10:00:00-04:00,64.8499984741211,64.98500061035156,64.62000274658203,64.95999908447266,7111,0.0,0.0
2024-09-27 10:05:00-04:00,64.88099670410156,65.07499694824219,64.88099670410156,65.01000213623047,15360,0.0,0.0
2024-09-27 10:10:00-04:00,65.03009796142578,65.1500015258789,64.93000030517578,65.11000061035156,18367,0.0,0.0
2024-09-27 10:15:00-04:00,65.02999877929688,65.26280212402344,65.02999877929688,65.26280212402344,3456,0.0,0.0
2024-09-27 10:20:00-04:00,65.3550033569336,65.3550033569336,65.19000244140625,65.2750015258789,2089,0.0,0.0
2024-09-27 10:25:00-04:00,65.4000015258789,65.44499969482422,65.3499984741211,65.36009979248047,3399,0.0,0.0
2024-09-27 10:30:00-04:00,65.33000183105469,65.36000061035156,65.33000183105469,65.36000061035156,470,0.0,0.0
2024-09-27 10:35:00-04:00,65.33000183105469,65.43000030517578,65.30999755859375,65.30999755859375,2410,0.0,0.0
2024-09-27 10:40:00-04:00,65.26000213623047,65.26000213623047,65.25,65.25,1310,0.0,0.0
2024-09-27 10:45:00-04:00,65.26119995117188,65.38999938964844,65.26119995117188,65.38999938964844,2047,0.0,0.0
2024-09-27 10:50:00-04:00,65.4000015258789,65.4000015258789,65.3949966430664,65.3949966430664,991,0.0,0.0
2024-09-27 10:55:00-04:00,65.42500305175781,65.42500305175781,65.33000183105469,65.33999633789062,3965,0.0,0.0
2024-09-27 11:00:00-04:00,65.31999969482422,65.31999969482422,65.31999969482422,65.31999969482422,442,0.0,0.0
2024-09-27 11:05:00-04:00,65.36000061035156,65.36000061035156,65.3010025024414,65.31999969482422,2770,0.0,0.0
2024-09-27 11:10:00-04:00,65.31999969482422,65.31999969482422,65.25,65.25,2262,0.0,0.0
2024-09-27 11:15:00-04:00,65.18000030517578,65.18000030517578,65.11499786376953,65.11499786376953,1289,0.0,0.0
2024-09-27 11:20:00-04:00,65.23999786376953,65.2699966430664,65.16000366210938,65.17500305175781,3851,0.0,0.0
2024-09-27 11:30:00-04:00,65.12030029296875,65.25,65.0199966430664,65.20999908447266,7429,0.0,0.0
2024-09-27 11:35:00-04:00,65.1500015258789,65.1500015258789,65.08499908447266,65.08499908447266,1087,0.0,0.0
2024-09-27 11:40:00-04:00,65.08000183105469,65.08000183105469,65.01000213623047,65.01000213623047,1435,0.0,0.0
2024-09-27 11:45:00-04:00,65.08589935302734,65.16999816894531,65.04000091552734,65.08999633789062,1863,0.0,0.0
2024-09-27 11:50:00-04:00,65.01000213623047,65.01000213623047,65.01000213623047,65.01000213623047,350,0.0,0.0
2024-09-27 11:55:00-04:00,65.04499816894531,65.04499816894531,65.04499816894531,65.04499816894531,654,0.0,0.0
2024-09-27 12:00:00-04:00,64.9800033569336,64.9800033569336,64.9000015258789,64.9000015258789,1586,0.0,0.0
2024-09-27 12:05:00-04:00,64.80000305175781,64.80000305175781,64.68000030517578,64.68000030517578,1394,0.0,0.0
2024-09-27 12:10:00-04:00,64.55000305175781,64.55000305175781,64.55000305175781,64.55000305175781,364,0.0,0.0
2024-09-27 12:15:00-04:00,64.58999633789062,64.58999633789062,64.58999633789062,64.58999633789062,764,0.0,0.0
2024-09-27 12:25:00-04:00,64.54499816894531,64.6500015258789,64.5,64.61000061035156,4342,0.0,0.0
2024-09-27 12:30:00-04:00,64.61000061035156,64.61000061035156,64.56999969482422,64.56999969482422,468,0.0,0.0
2024-09-27 12:35:00-04:00,64.56999969482422,64.58499908447266,64.56999969482422,64.58499908447266,1097,0.0,0.0
2024-09-27 12:40:00-04:00,64.52999877929688,64.52999877929688,64.38999938964844,64.43000030517578,3106,0.0,0.0
2024-09-27 12:45:00-04:00,64.45999908447266,64.4800033569336,64.43000030517578,64.43000030517578,1483,0.0,0.0
2024-09-27 12:50:00-04:00,64.51000213623047,64.5199966430664,64.51000213623047,64.51000213623047,993,0.0,0.0
2024-09-27 12:55:00-04:00,64.61000061035156,64.61000061035156,64.61000061035156,64.61000061035156,457,0.0,0.0
2024-09-27 13:00:00-04:00,64.47000122070312,64.51000213623047,64.47000122070312,64.50499725341797,983,0.0,0.0
2024-09-27 13:05:00-04:00,64.45999908447266,64.47000122070312,64.3499984741211,64.3499984741211,3262,0.0,0.0
2024-09-27 13:20:00-04:00,64.2699966430664,64.2699966430664,64.19000244140625,64.23500061035156,1378,0.0,0.0
2024-09-27 13:25:00-04:00,64.23500061035156,64.33999633789062,64.17500305175781,64.33999633789062,4819,0.0,0.0
2024-09-27 13:40:00-04:00,64.35600280761719,64.37000274658203,64.28009796142578,64.28009796142578,1838,0.0,0.0
2024-09-27 13:45:00-04:00,64.30999755859375,64.37999725341797,64.23999786376953,64.27999877929688,3525,0.0,0.0
2024-09-27 13:50:00-04:00,64.25,64.39874267578125,64.25,64.39874267578125,1049,0.0,0.0
2024-09-27 13:55:00-04:00,64.34500122070312,64.34500122070312,64.34500122070312,64.34500122070312,525,0.0,0.0
2024-09-27 14:00:00-04:00,64.34500122070312,64.34500122070312,64.19999694824219,64.19999694824219,2518,0.0,0.0
2024-09-27 14:10:00-04:00,64.1050033569336,64.1050033569336,64.07250213623047,64.07250213623047,978,0.0,0.0
2024-09-27 14:15:00-04:00,64.16500091552734,64.2699966430664,64.16500091552734,64.2699966430664,3073,0.0,0.0
2024-09-27 14:20:00-04:00,64.20999908447266,64.20999908447266,64.20999908447266,64.20999908447266,652,0.0,0.0
2024-09-27 14:25:00-04:00,64.13999938964844,64.16000366210938,64.02999877929688,64.02999877929688,7904,0.0,0.0
2024-09-27 14:30:00-04:00,64.01499938964844,64.01499938964844,64.01499938964844,64.01499938964844,770,0.0,0.0
2024-09-27 14:40:00-04:00,64.04000091552734,64.16999816894531,64.04000091552734,64.16999816894531,2318,0.0,0.0
2024-09-27 14:45:00-04:00,64.22000122070312,64.2249984741211,64.21499633789062,64.2249984741211,782,0.0,0.0
2024-09-27 14:50:00-04:00,64.2699966430664,64.2699966430664,64.2300033569336,64.2300033569336,755,0.0,0.0
2024-09-27 14:55:00-04:00,64.27999877929688,64.30999755859375,64.22000122070312,64.25,4201,0.0,0.0
2024-09-27 15:00:00-04:00,64.23500061035156,64.29499816894531,64.19000244140625,64.19000244140625,3759,0.0,0.0
2024-09-27 15:05:00-04:00,64.13999938964844,64.13999938964844,64.13999938964844,64.13999938964844,588,0.0,0.0
2024-09-27 15:10:00-04:00,64.12000274658203,64.12000274658203,64.12000274658203,64.12000274658203,627,0.0,0.0
2024-09-27 15:15:00-04:00,64.05000305175781,64.05000305175781,63.90999984741211,63.915000915527344,3296,0.0,0.0
2024-09-27 15:20:00-04:00,63.9900016784668,64.0,63.90999984741211,63.97999954223633,7302,0.0,0.0
2024-09-27 15:25:00-04:00,63.97999954223633,64.05500030517578,63.97999954223633,64.05500030517578,3646,0.0,0.0
2024-09-27 15:35:00-04:00,64.02999877929688,64.12000274658203,64.01000213623047,64.11000061035156,13062,0.0,0.0
2024-09-27 15:40:00-04:00,64.08999633789062,64.12000274658203,64.07460021972656,64.07460021972656,2243,0.0,0.0
2024-09-27 15:45:00-04:00,64.12000274658203,64.12000274658203,63.93000030517578,63.93000030517578,6140,0.0,0.0
2024-09-27 15:50:00-04:00,64.0999984741211,64.36000061035156,64.05999755859375,64.18000030517578,26573,0.0,0.0
2024-09-27 15:55:00-04:00,64.22000122070312,64.69999694824219,64.22000122070312,64.68000030517578,44046,0.0,0.0
2024-09-30 09:30:00-04:00,64.52999877929688,64.77999877929688,64.34480285644531,64.77999877929688,3435,0.0,0.0
2024-09-30 09:35:00-04:00,64.49500274658203,64.80999755859375,64.49500274658203,64.78500366210938,2969,0.0,0.0
2024-09-30 09:40:00-04:00,64.75,64.80000305175781,64.75,64.80000305175781,715,0.0,0.0
2024-09-30 09:45:00-04:00,64.98999786376953,65.23999786376953,64.98999786376953,65.12429809570312,2970,0.0,0.0
2024-09-30 09:50:00-04:00,65.18000030517578,65.38500213623047,65.18000030517578,65.38500213623047,9383,0.0,0.0
2024-09-30 09:55:00-04:00,65.33999633789062,65.5199966430664,65.27999877929688,65.51000213623047,2744,0.0,0.0
2024-09-30 10:00:00-04:00,65.44000244140625,65.4800033569336,65.22000122070312,65.22000122070312,4415,0.0,0.0
2024-09-30 10:05:00-04:00,65.15499877929688,65.25,65.08000183105469,65.08999633789062,2129,0.0,0.0
2024-09-30 10:10:00-04:00,64.98500061035156,64.98500061035156,64.62999725341797,64.62999725341797,1492,0.0,0.0
2024-09-30 10:15:00-04:00,64.79499816894531,64.79499816894531,64.79499816894531,64.79499816894531,341,0.0,0.0
2024-09-30 10:20:00-04:00,64.68000030517578,64.68000030517578,64.68000030517578,64.68000030517578,675,0.0,0.0
2024-09-30 10:25:00-04:00,64.62999725341797,64.72000122070312,64.58999633789062,64.6500015258789,2362,0.0,0.0
2024-09-30 10:30:00-04:00,64.69000244140625,64.7300033569336,64.58999633789062,64.69999694824219,3543,0.0,0.0
2024-09-30 10:35:00-04:00,64.79389953613281,64.81999969482422,64.74500274658203,64.81999969482422,905,0.0,0.0
2024-09-30 10:40:00-04:00,64.87999725341797,64.93000030517578,64.7699966430664,64.93000030517578,1378,0.0,0.0
2024-09-30 10:45:00-04:00,64.95999908447266,65.0199966430664,64.95999908447266,64.99500274658203,1411,0.0,0.0
2024-09-30 10:50:00-04:00,64.93489837646484,65.02999877929688,64.93000030517578,65.0,2354,0.0,0.0
2024-09-30 10:55:00-04:00,64.91000366210938,64.91000366210938,64.83999633789062,64.86499786376953,2295,0.0,0.0
2024-09-30 11:00:00-04:00,64.91600036621094,65.08000183105469,64.91600036621094,65.08000183105469,5369,0.0,0.0
2024-09-30 11:05:00-04:00,65.08000183105469,65.1500015258789,65.0250015258789,65.12999725341797,1832,0.0,0.0
2024-09-30 11:10:00-04:00,65.12999725341797,65.12999725341797,65.12999725341797,65.12999725341797,699,0.0,0.0
2024-09-30 11:15:00-04:00,65.125,65.125,65.04000091552734,65.04000091552734,1145,0.0,0.0
2024-09-30 11:20:00-04:00,65.11000061035156,65.16500091552734,65.04000091552734,65.12999725341797,7724,0.0,0.0
2024-09-30 11:25:00-04:00,65.08000183105469,65.08000183105469,65.06500244140625,65.06500244140625,5560,0.0,0.0
2024-09-30 11:30:00-04:00,65.12000274658203,65.12000274658203,65.12000274658203,65.12000274658203,629,0.0,0.0
2024-09-30 11:35:00-04:00,65.12000274658203,65.16999816894531,65.07499694824219,65.12000274658203,5951,0.0,0.0
2024-09-30 11:40:00-04:00,65.18000030517578,65.19999694824219,65.12000274658203,65.1500015258789,7380,0.0,0.0
2024-09-30 11:45:00-04:00,65.125,65.16000366210938,65.125,65.16000366210938,8514,0.0,0.0
2024-09-30 11:50:00-04:00,65.12999725341797,65.1500015258789,65.12999725341797,65.1500015258789,1171,0.0,0.0
2024-09-30 11:55:00-04:00,65.13999938964844,65.23999786376953,65.13999938964844,65.2249984741211,5617,0.0,0.0
2024-09-30 12:00:00-04:00,65.25,65.33000183105469,65.25,65.32499694824219,3778,0.0,0.0
2024-09-30 12:05:00-04:00,65.27999877929688,65.29000091552734,65.19280242919922,65.27999877929688,7861,0.0,0.0
2024-09-30 12:10:00-04:00,65.20500183105469,65.2699966430664,65.18499755859375,65.2699966430664,1083,0.0,0.0
2024-09-30 12:15:00-04:00,65.27999877929688,65.27999877929688,65.24500274658203,65.24500274658203,606,0.0,0.0
2024-09-30 12:20:00-04:00,65.30000305175781,65.41999816894531,65.30000305175781,65.41999816894531,3509,0.0,0.0
2024-09-30 12:25:00-04:00,65.52999877929688,65.52999877929688,65.44999694824219,65.45999908447266,779,0.0,0.0
2024-09-30 12:30:00-04:00,65.51000213623047,65.51000213623047,65.27999877929688,65.33599853515625,1763,0.0,0.0
2024-09-30 12:35:00-04:00,65.37000274658203,65.375,65.37000274658203,65.375,7255,0.0,0.0
2024-09-30 12:40:00-04:00,65.37670135498047,65.37670135498047,65.37670135498047,65.37670135498047,428,0.0,0.0
2024-09-30 12:45:00-04:00,65.37999725341797,65.41999816894531,65.29499816894531,65.29499816894531,6960,0.0,0.0
2024-09-30 12:50:00-04:00,65.31999969482422,65.37999725341797,65.29000091552734,65.33999633789062,1638,0.0,0.0
2024-09-30 12:55:00-04:00,65.375,65.37999725341797,65.375,65.37999725341797,588,0.0,0.0
2024-09-30 13:00:00-04:00,65.3499984741211,65.3499984741211,65.18499755859375,65.18499755859375,1588,0.0,0.0
2024-09-30 13:05:00-04:00,65.2249984741211,65.2249984741211,65.22000122070312,65.22000122070312,706,0.0,0.0
2024-09-30 13:10:00-04:00,65.26000213623047,65.37000274658203,65.22000122070312,65.37000274658203,5353,0.0,0.0
2024-09-30 13:15:00-04:00,65.33999633789062,65.36000061035156,65.1500015258789,65.25,4108,0.0,0.0
2024-09-30 13:20:00-04:00,65.22000122070312,65.22000122070312,65.13999938964844,65.13999938964844,491,0.0,0.0
2024-09-30 13:25:00-04:00,65.16000366210938,65.16000366210938,64.95500183105469,64.95500183105469,1599,0.0,0.0
2024-09-30 13:30:00-04:00,64.91000366210938,64.95500183105469,64.9000015258789,64.95500183105469,489,0.0,0.0
2024-09-30 13:35:00-04:00,64.94000244140625,64.94000244140625,64.94000244140625,64.94000244140625,269,0.0,0.0
2024-09-30 13:40:00-04:00,64.88200378417969,64.92500305175781,64.87999725341797,64.88999938964844,2310,0.0,0.0
2024-09-30 13:45:00-04:00,64.88999938964844,64.97000122070312,64.8499984741211,64.95500183105469,5112,0.0,0.0
2024-09-30 13:55:00-04:00,64.98999786376953,65.00499725341797,64.9729995727539,65.00499725341797,2515,0.0,0.0
2024-09-30 14:00:00-04:00,64.9800033569336,65.08999633789062,64.9800033569336,65.08999633789062,3103,0.0,0.0
2024-09-30 14:05:00-04:00,65.0,65.01000213623047,64.95999908447266,64.98999786376953,1156,0.0,0.0
2024-09-30 14:10:00-04:00,64.94000244140625,64.94000244140625,64.7699966430664,64.7699966430664,2418,0.0,0.0
2024-09-30 14:15:00-04:00,64.75499725341797,64.7699966430664,64.66000366210938,64.66000366210938,2233,0.0,0.0
2024-09-30 14:20:00-04:00,64.63999938964844,64.68000030517578,64.56999969482422,64.63999938964844,3974,0.0,0.0
2024-09-30 14:25:00-04:00,64.69999694824219,64.8499984741211,64.69999694824219,64.8499984741211,2086,0.0,0.0
2024-09-30 14:30:00-04:00,64.82499694824219,64.94999694824219,64.82499694824219,64.83999633789062,3048,0.0,0.0
2024-09-30 14:35:00-04:00,64.91999816894531,64.91999816894531,64.80999755859375,64.84500122070312,1973,0.0,0.0
2024-09-30 14:40:00-04:00,64.9000015258789,64.91000366210938,64.8656997680664,64.91000366210938,1285,0.0,0.0
2024-09-30 14:45:00-04:00,65.0,65.0,64.95999908447266,65.0,743,0.0,0.0
2024-09-30 14:50:00-04:00,65.0,65.0,64.91000366210938,64.91000366210938,2267,0.0,0.0
2024-09-30 14:55:00-04:00,64.93000030517578,64.97740173339844,64.87999725341797,64.87999725341797,4195,0.0,0.0
2024-09-30 15:00:00-04:00,64.87999725341797,64.95999908447266,64.82499694824219,64.95999908447266,3748,0.0,0.0
2024-09-30 15:05:00-04:00,65.0,65.13999938964844,65.0,65.04000091552734,17326,0.0,0.0
2024-09-30 15:10:00-04:00,65.04000091552734,65.04000091552734,64.98500061035156,64.98500061035156,905,0.0,0.0
2024-09-30 15:15:00-04:00,64.97000122070312,65.05999755859375,64.97000122070312,65.05999755859375,2773,0.0,0.0
2024-09-30 15:20:00-04:00,65.08000183105469,65.08000183105469,65.03500366210938,65.08000183105469,1520,0.0,0.0
2024-09-30 15:25:00-04:00,65.08000183105469,65.08000183105469,64.94000244140625,64.94000244140625,2223,0.0,0.0
2024-09-30 15:30:00-04:00,64.99500274658203,65.12999725341797,64.98999786376953,65.12999725341797,4080,0.0,0.0
2024-09-30 15:35:00-04:00,65.05999755859375,65.37000274658203,65.05999755859375,65.37000274658203,11534,0.0,0.0
2024-09-30 15:40:00-04:00,65.4000015258789,65.54000091552734,65.27999877929688,65.30500030517578,16222,0.0,0.0
2024-09-30 15:45:00-04:00,65.27999877929688,65.27999877929688,65.14009857177734,65.1500015258789,7135,0.0,0.0
2024-09-30 15:50:00-04:00,65.16000366210938,65.31999969482422,65.12000274658203,65.25430297851562,13382,0.0,0.0
2024-09-30 15:55:00-04:00,65.26000213623047,65.44000244140625,65.23030090332031,65.36000061035156,28057,0.0,0.0
2024-10-01 09:30:00-04:00,65.01000213623047,65.5,64.875,64.875,4049,0.0,0.0
2024-10-01 09:35:00-04:00,64.86499786376953,65.36000061035156,64.86000061035156,65.36000061035156,2396,0.0,0.0
2024-10-01 09:40:00-04:00,65.29000091552734,65.44999694824219,65.2300033569336,65.37000274658203,1558,0.0,0.0
2024-10-01 09:45:00-04:00,65.18000030517578,65.2699966430664,65.01000213623047,65.2699966430664,1105,0.0,0.0
2024-10-01 09:50:00-04:00,65.21499633789062,65.56999969482422,65.21499633789062,65.56999969482422,1360,0.0,0.0
2024-10-01 09:55:00-04:00,65.44999694824219,65.75,65.44999694824219,65.75,584,0.0,0.0
2024-10-01 10:00:00-04:00,65.44000244140625,65.6500015258789,65.0,65.38999938964844,6824,0.0,0.0
2024-10-01 10:05:00-04:00,65.5999984741211,65.5999984741211,65.29000091552734,65.29000091552734,1884,0.0,0.0
2024-10-01 10:10:00-04:00,65.22000122070312,65.47000122070312,65.11499786376953,65.25499725341797,4208,0.0,0.0
2024-10-01 10:15:00-04:00,65.2249984741211,65.3499984741211,65.16999816894531,65.19499969482422,3533,0.0,0.0
2024-10-01 10:20:00-04:00,65.44999694824219,65.8499984741211,65.41000366210938,65.8499984741211,5823,0.0,0.0
2024-10-01 10:25:00-04:00,65.70999908447266,65.72000122070312,65.5,65.68000030517578,3266,0.0,0.0
2024-10-01 10:30:00-04:00,65.55999755859375,65.87000274658203,65.55999755859375,65.87000274658203,1708,0.0,0.0
2024-10-01 10:35:00-04:00,65.69000244140625,65.88999938964844,65.68000030517578,65.78900146484375,7101,0.0,0.0
2024-10-01 10:40:00-04:00,65.87000274658203,65.87000274658203,65.70050048828125,65.70050048828125,1057,0.0,0.0
2024-10-01 10:45:00-04:00,65.70999908447266,65.91000366210938,65.66500091552734,65.66500091552734,1972,0.0,0.0
2024-10-01 10:50:00-04:00,65.66999816894531,65.68000030517578,65.66999816894531,65.68000030517578,768,0.0,0.0
2024-10-01 10:55:00-04:00,65.77999877929688,65.77999877929688,65.77999877929688,65.77999877929688,230,0.0,0.0
2024-10-01 11:00:00-04:00,65.79499816894531,65.79499816894531,65.72000122070312,65.79000091552734,2034,0.0,0.0
2024-10-01 11:05:00-04:00,65.68000030517578,65.68000030517578,65.55000305175781,65.55000305175781,2223,0.0,0.0
2024-10-01 11:10:00-04:00,65.66999816894531,65.66999816894531,65.66999816894531,65.66999816894531,110,0.0,0.0
2024-10-01 11:15:00-04:00,65.56999969482422,65.58000183105469,65.5,65.58000183105469,1615,0.0,0.0
2024-10-01 11:20:00-04:00,65.54000091552734,65.58999633789062,65.52999877929688,65.54000091552734,3557,0.0,0.0
2024-10-01 11:25:00-04:00,65.54000091552734,65.66000366210938,65.54000091552734,65.63999938964844,2604,0.0,0.0
2024-10-01 11:30:00-04:00,65.63999938964844,65.8499984741211,65.63999938964844,65.8499984741211,1378,0.0,0.0
2024-10-01 11:35:00-04:00,65.76000213623047,65.91999816894531,65.76000213623047,65.9000015258789,2703,0.0,0.0
2024-10-01 11:40:00-04:00,65.91000366210938,65.91000366210938,65.86000061035156,65.87200164794922,1499,0.0,0.0
2024-10-01 11:45:00-04:00,65.83999633789062,65.97000122070312,65.82499694824219,65.97000122070312,4797,0.0,0.0
2024-10-01 11:50:00-04:00,65.91000366210938,65.9749984741211,65.8499984741211,65.8499984741211,3771,0.0,0.0
2024-10-01 11:55:00-04:00,65.83499908447266,66.04000091552734,65.83499908447266,65.98999786376953,5671,0.0,0.0
2024-10-01 12:00:00-04:00,65.98999786376953,66.0999984741211,65.87000274658203,66.0999984741211,8328,0.0,0.0
2024-10-01 12:05:00-04:00,66.06009674072266,66.16000366210938,66.06009674072266,66.16000366210938,736,0.0,0.0
2024-10-01 12:10:00-04:00,66.16000366210938,66.23999786376953,66.12999725341797,66.12999725341797,1496,0.0,0.0
2024-10-01 12:20:00-04:00,66.19000244140625,66.19000244140625,66.02999877929688,66.09500122070312,781,0.0,0.0
2024-10-01 12:25:00-04:00,66.13999938964844,66.2300033569336,66.11000061035156,66.2300033569336,1746,0.0,0.0
2024-10-01 12:30:00-04:00,66.13999938964844,66.19999694824219,65.9800033569336,66.19999694824219,3575,0.0,0.0
2024-10-01 12:35:00-04:00,66.19999694824219,66.19999694824219,66.19999694824219,66.19999694824219,976,0.0,0.0
2024-10-01 12:40:00-04:00,66.05999755859375,66.05999755859375,66.04000091552734,66.05999755859375,1150,0.0,0.0
2024-10-01 12:45:00-04:00,66.13999938964844,66.13999938964844,66.01000213623047,66.01000213623047,625,0.0,0.0
2024-10-01 12:50:00-04:00,66.12000274658203,66.26000213623047,66.12000274658203,66.26000213623047,2160,0.0,0.0
2024-10-01 12:55:00-04:00,66.2750015258789,66.33000183105469,66.17500305175781,66.30000305175781,8056,0.0,0.0
2024-10-01 13:00:00-04:00,66.25,66.30999755859375,66.22000122070312,66.22000122070312,4379,0.0,0.0
2024-10-01 13:05:00-04:00,66.12999725341797,66.18000030517578,66.06999969482422,66.12999725341797,3267,0.0,0.0
2024-10-01 13:15:00-04:00,66.01000213623047,66.0999984741211,66.01000213623047,66.0999984741211,1955,0.0,0.0
2024-10-01 13:20:00-04:00,66.05039978027344,66.0999984741211,65.94000244140625,65.94000244140625,1733,0.0,0.0
2024-10-01 13:25:00-04:00,65.94999694824219,66.0,65.94999694824219,65.98999786376953,1021,0.0,0.0
2024-10-01 13:30:00-04:00,66.01000213623047,66.125,66.01000213623047,66.11499786376953,4693,0.0,0.0
2024-10-01 13:35:00-04:00,66.06999969482422,66.08499908447266,66.0,66.01000213623047,2640,0.0,0.0
2024-10-01 13:40:00-04:00,66.05000305175781,66.05000305175781,66.01000213623047,66.02510070800781,1225,0.0,0.0
2024-10-01 13:45:00-04:00,65.97000122070312,66.01499938964844,65.97000122070312,66.01499938964844,586,0.0,0.0
2024-10-01 13:50:00-04:00,66.01499938964844,66.04000091552734,66.01499938964844,66.0199966430664,871,0.0,0.0
2024-10-01 13:55:00-04:00,66.05999755859375,66.1500015258789,66.05999755859375,66.1500015258789,1738,0.0,0.0
2024-10-01 14:00:00-04:00,66.2300033569336,66.44000244140625,66.2300033569336,66.44000244140625,3968,0.0,0.0
2024-10-01 14:05:00-04:00,66.39009857177734,66.45999908447266,66.39009857177734,66.45999908447266,4051,0.0,0.0
2024-10-01 14:10:00-04:00,66.45999908447266,66.45999908447266,66.38500213623047,66.38500213623047,4770,0.0,0.0
2024-10-01 14:15:00-04:00,66.375,66.44999694824219,66.375,66.43499755859375,1597,0.0,0.0
2024-10-01 14:20:00-04:00,66.44000244140625,66.44999694824219,66.44000244140625,66.44999694824219,884,0.0,0.0
2024-10-01 14:25:00-04:00,66.44499969482422,66.56999969482422,66.44499969482422,66.54499816894531,3589,0.0,0.0
2024-10-01 14:30:00-04:00,66.5999984741211,66.61000061035156,66.56999969482422,66.56999969482422,2701,0.0,0.0
2024-10-01 14:35:00-04:00,66.56999969482422,66.57499694824219,66.41000366210938,66.41000366210938,15381,0.0,0.0
2024-10-01 14:40:00-04:00,66.44999694824219,66.44999694824219,65.95999908447266,66.11000061035156,34710,0.0,0.0
2024-10-01 14:45:00-04:00,66.11000061035156,66.21499633789062,66.11000061035156,66.16999816894531,2188,0.0,0.0
2024-10-01 14:50:00-04:00,66.12999725341797,66.12999725341797,66.06999969482422,66.06999969482422,1232,0.0,0.0
2024-10-01 14:55:00-04:00,66.06999969482422,66.06999969482422,65.97000122070312,65.97000122070312,636,0.0,0.0
2024-10-01 15:00:00-04:00,66.04499816894531,66.04499816894531,66.04499816894531,66.04499816894531,1116,0.0,0.0
2024-10-01 15:05:00-04:00,66.08000183105469,66.08999633789062,65.98999786376953,66.0,4610,0.0,0.0
2024-10-01 15:10:00-04:00,66.04000091552734,66.0999984741211,66.04000091552734,66.08000183105469,1883,0.0,0.0
2024-10-01 15:15:00-04:00,66.11000061035156,66.11000061035156,66.04000091552734,66.0999984741211,2467,0.0,0.0
2024-10-01 15:20:00-04:00,66.11000061035156,66.12999725341797,66.11000061035156,66.12999725341797,1552,0.0,0.0
2024-10-01 15:25:00-04:00,66.16999816894531,66.25,66.11000061035156,66.25,4056,0.0,0.0
2024-10-01 15:30:00-04:00,66.19000244140625,66.19000244140625,65.62000274658203,65.83999633789062,5513,0.0,0.0
2024-10-01 15:35:00-04:00,65.69499969482422,65.76000213623047,65.56999969482422,65.63999938964844,3469,0.0,0.0
2024-10-01 15:40:00-04:00,65.66999816894531,65.70999908447266,65.58499908447266,65.58499908447266,3853,0.0,0.0
2024-10-01 15:45:00-04:00,65.58499908447266,65.63999938964844,65.58100128173828,65.625,4673,0.0,0.0
2024-10-01 15:50:00-04:00,65.63999938964844,65.70999908447266,65.62000274658203,65.64800262451172,13647,0.0,0.0
2024-10-01 15:55:00-04:00,65.63999938964844,65.6500015258789,65.44000244140625,65.52999877929688,37613,0.0,0.0
2024-10-02 09:30:00-04:00,65.30000305175781,65.30000305175781,65.30000305175781,65.30000305175781,2656,0.0,0.0
2024-10-02 09:45:00-04:00,65.18000030517578,65.58999633789062,65.18000030517578,65.54499816894531,931,0.0,0.0
2024-10-02 09:50:00-04:00,65.77999877929688,65.77999877929688,65.55000305175781,65.55000305175781,376,0.0,0.0
2024-10-02 09:55:00-04:00,65.2699966430664,65.2699966430664,65.2699966430664,65.2699966430664,262,0.0,0.0
2024-10-02 10:00:00-04:00,65.45500183105469,65.45500183105469,65.16999816894531,65.25,3138,0.0,0.0
2024-10-02 10:05:00-04:00,65.13289642333984,65.13289642333984,65.13289642333984,65.13289642333984,482,0.0,0.0
2024-10-02 10:15:00-04:00,65.32499694824219,65.32499694824219,65.30400085449219,65.30400085449219,346,0.0,0.0
2024-10-02 10:20:00-04:00,65.4000015258789,65.4000015258789,65.12999725341797,65.12999725341797,1362,0.0,0.0
2024-10-02 10:25:00-04:00,65.16999816894531,65.20999908447266,65.12010192871094,65.12010192871094,1290,0.0,0.0
2024-10-02 10:35:00-04:00,65.16500091552734,65.16500091552734,65.0,65.0,571,0.0,0.0
2024-10-02 10:40:00-04:00,64.9749984741211,64.9749984741211,64.76010131835938,64.76010131835938,2448,0.0,0.0
2024-10-02 10:45:00-04:00,64.88999938964844,64.94000244140625,64.88999938964844,64.94000244140625,1461,0.0,0.0
2024-10-02 10:50:00-04:00,64.93499755859375,65.1500015258789,64.93499755859375,65.08999633789062,5904,0.0,0.0
2024-10-02 10:55:00-04:00,65.17500305175781,65.17500305175781,64.95999908447266,64.95999908447266,3041,0.0,0.0
2024-10-02 11:00:00-04:00,64.95999908447266,65.08000183105469,64.95999908447266,65.06999969482422,1607,0.0,0.0
2024-10-02 11:05:00-04:00,65.08000183105469,65.1500015258789,65.08000183105469,65.1500015258789,2023,0.0,0.0
2024-10-02 11:10:00-04:00,65.1500015258789,65.1500015258789,65.02999877929688,65.02999877929688,1509,0.0,0.0
2024-10-02 11:15:00-04:00,65.08499908447266,65.22000122070312,65.08499908447266,65.22000122070312,2323,0.0,0.0
2024-10-02 11:20:00-04:00,65.13500213623047,65.1500015258789,65.13500213623047,65.1500015258789,680,0.0,0.0
2024-10-02 11:25:00-04:00,65.15350341796875,65.15350341796875,65.15350341796875,65.15350341796875,520,0.0,0.0
2024-10-02 11:30:00-04:00,65.20999908447266,65.26000213623047,65.20999908447266,65.20999908447266,1958,0.0,0.0
2024-10-02 11:35:00-04:00,65.2300033569336,65.2699966430664,65.2300033569336,65.2699966430664,258,0.0,0.0
2024-10-02 11:40:00-04:00,65.2699966430664,65.33000183105469,65.2699966430664,65.33000183105469,583,0.0,0.0
2024-10-02 11:45:00-04:00,65.30000305175781,65.30000305175781,65.16999816894531,65.16999816894531,558,0.0,0.0
2024-10-02 11:50:00-04:00,65.2699966430664,65.2699966430664,65.2699966430664,65.2699966430664,550,0.0,0.0
2024-10-02 11:55:00-04:00,65.26000213623047,65.29000091552734,65.26000213623047,65.29000091552734,427,0.0,0.0
2024-10-02 12:00:00-04:00,65.19999694824219,65.19999694824219,65.19999694824219,65.19999694824219,227,0.0,0.0
2024-10-02 12:05:00-04:00,65.16999816894531,65.23500061035156,65.16999816894531,65.23500061035156,297,0.0,0.0
2024-10-02 12:10:00-04:00,65.27999877929688,65.4093017578125,65.27999877929688,65.4093017578125,1539,0.0,0.0
2024-10-02 12:15:00-04:00,65.33999633789062,65.33999633789062,65.1500015258789,65.1500015258789,1078,0.0,0.0
2024-10-02 12:25:00-04:00,65.16000366210938,65.16000366210938,65.16000366210938,65.16000366210938,127,0.0,0.0
2024-10-02 12:30:00-04:00,65.16999816894531,65.16999816894531,65.13999938964844,65.13999938964844,766,0.0,0.0
2024-10-02 12:35:00-04:00,65.02999877929688,65.11000061035156,64.88999938964844,64.88999938964844,1031,0.0,0.0
2024-10-02 12:40:00-04:00,64.9800033569336,64.9800033569336,64.88970184326172,64.88970184326172,567,0.0,0.0
2024-10-02 12:45:00-04:00,64.83000183105469,65.04000091552734,64.81500244140625,64.99500274658203,3677,0.0,0.0
2024-10-02 12:50:00-04:00,64.99500274658203,65.04000091552734,64.99500274658203,65.04000091552734,260,0.0,0.0
2024-10-02 12:55:00-04:00,65.02999877929688,65.16999816894531,65.02999877929688,65.16000366210938,6268,0.0,0.0
2024-10-02 13:00:00-04:00,65.16999816894531,65.29000091552734,65.16000366210938,65.29000091552734,2773,0.0,0.0
2024-10-02 13:05:00-04:00,65.27999877929688,65.29900360107422,65.24500274658203,65.25,1279,0.0,0.0
2024-10-02 13:10:00-04:00,65.2750015258789,65.2750015258789,65.25509643554688,65.25509643554688,529,0.0,0.0
2024-10-02 13:15:00-04:00,65.30999755859375,65.30999755859375,65.25,65.25,1113,0.0,0.0
2024-10-02 13:20:00-04:00,65.33999633789062,65.33999633789062,65.33999633789062,65.33999633789062,568,0.0,0.0
2024-10-02 13:25:00-04:00,65.33999633789062,65.37000274658203,65.33999633789062,65.3499984741211,1054,0.0,0.0
2024-10-02 13:30:00-04:00,65.30999755859375,65.30999755859375,65.20500183105469,65.20500183105469,1226,0.0,0.0
2024-10-02 13:35:00-04:00,65.26000213623047,65.38999938964844,65.26000213623047,65.38999938964844,1036,0.0,0.0
2024-10-02 13:40:00-04:00,65.37090301513672,65.43399810791016,65.37090301513672,65.38999938964844,632,0.0,0.0
2024-10-02 13:45:00-04:00,65.37999725341797,65.37999725341797,65.37999725341797,65.37999725341797,499,0.0,0.0
2024-10-02 13:50:00-04:00,65.47000122070312,65.54989624023438,65.47000122070312,65.51000213623047,1547,0.0,0.0
2024-10-02 13:55:00-04:00,65.5199966430664,65.5199966430664,65.5199966430664,65.5199966430664,222,0.0,0.0
2024-10-02 14:00:00-04:00,65.51499938964844,65.69999694824219,65.5,65.68000030517578,3454,0.0,0.0
2024-10-02 14:05:00-04:00,65.69999694824219,65.69999694824219,65.55999755859375,65.55999755859375,2652,0.0,0.0
2024-10-02 14:15:00-04:00,65.52999877929688,65.54000091552734,65.42900085449219,65.43499755859375,1526,0.0,0.0
2024-10-02 14:25:00-04:00,65.26000213623047,65.29499816894531,65.26000213623047,65.2699966430664,1081,0.0,0.0
2024-10-02 14:30:00-04:00,65.2750015258789,65.35399627685547,65.2750015258789,65.28500366210938,782,0.0,0.0
2024-10-02 14:35:00-04:00,65.31999969482422,65.32499694824219,65.31999969482422,65.32499694824219,669,0.0,0.0
2024-10-02 14:40:00-04:00,65.36000061035156,65.55000305175781,65.34500122070312,65.55000305175781,3577,0.0,0.0
2024-10-02 14:45:00-04:00,65.5250015258789,65.55999755859375,65.5250015258789,65.52999877929688,764,0.0,0.0
2024-10-02 14:50:00-04:00,65.55999755859375,65.56999969482422,65.54000091552734,65.56999969482422,1370,0.0,0.0
2024-10-02 14:55:00-04:00,65.56999969482422,65.62000274658203,65.56999969482422,65.62000274658203,2771,0.0,0.0
2024-10-02 15:05:00-04:00,65.54499816894531,65.80999755859375,65.54499816894531,65.77999877929688,14177,0.0,0.0
2024-10-02 15:10:00-04:00,65.80999755859375,65.83000183105469,65.77999877929688,65.79499816894531,3493,0.0,0.0
2024-10-02 15:15:00-04:00,65.77999877929688,65.79499816894531,65.7699966430664,65.79000091552734,2261,0.0,0.0
2024-10-02 15:20:00-04:00,65.79000091552734,65.80000305175781,65.7699966430664,65.77999877929688,8692,0.0,0.0
2024-10-02 15:25:00-04:00,65.77999877929688,65.80999755859375,65.76000213623047,65.77999877929688,3974,0.0,0.0
2024-10-02 15:30:00-04:00,65.77999877929688,65.77999877929688,65.44999694824219,65.5199966430664,3640,0.0,0.0
2024-10-02 15:35:00-04:00,65.58000183105469,65.66000366210938,65.56999969482422,65.66000366210938,3046,0.0,0.0
2024-10-02 15:40:00-04:00,65.63999938964844,65.63999938964844,65.48999786376953,65.52999877929688,3497,0.0,0.0
2024-10-02 15:45:00-04:00,65.625,65.69999694824219,65.48999786376953,65.53500366210938,9583,0.0,0.0
2024-10-02 15:50:00-04:00,65.54000091552734,65.62000274658203,65.45999908447266,65.56999969482422,11223,0.0,0.0
2024-10-02 15:55:00-04:00,65.55999755859375,65.62999725341797,65.37999725341797,65.38999938964844,32374,0.0,0.0
2024-10-03 09:30:00-04:00,65.20999908447266,65.27999877929688,65.0,65.13500213623047,3883,0.0,0.0
2024-10-03 09:40:00-04:00,65.23500061035156,65.26000213623047,65.23500061035156,65.26000213623047,339,0.0,0.0
2024-10-03 09:50:00-04:00,65.0199966430664,65.04000091552734,64.80999755859375,65.04000091552734,3970,0.0,0.0
2024-10-03 09:55:00-04:00,65.19999694824219,65.2699966430664,65.16000366210938,65.16000366210938,590,0.0,0.0
2024-10-03 10:00:00-04:00,65.31999969482422,65.36000061035156,65.31999969482422,65.36000061035156,616,0.0,0.0
2024-10-03 10:05:00-04:00,65.44999694824219,65.54119873046875,65.44999694824219,65.54119873046875,539,0.0,0.0
2024-10-03 10:10:00-04:00,65.45999908447266,65.45999908447266,65.22000122070312,65.29000091552734,2068,0.0,0.0
2024-10-03 10:15:00-04:00,65.36000061035156,65.56999969482422,65.34500122070312,65.4800033569336,1688,0.0,0.0
2024-10-03 10:20:00-04:00,65.44999694824219,65.4800033569336,65.2750015258789,65.2750015258789,2099,0.0,0.0
2024-10-03 10:25:00-04:00,65.31500244140625,65.38999938964844,65.31500244140625,65.37000274658203,722,0.0,0.0
2024-10-03 10:30:00-04:00,65.29000091552734,65.4000015258789,65.2699966430664,65.4000015258789,1129,0.0,0.0
2024-10-03 10:35:00-04:00,65.36000061035156,65.36000061035156,65.30000305175781,65.31999969482422,1109,0.0,0.0
2024-10-03 10:40:00-04:00,65.26499938964844,65.26499938964844,65.0999984741211,65.19999694824219,2529,0.0,0.0
2024-10-03 10:45:00-04:00,65.25,65.31500244140625,65.21499633789062,65.30999755859375,1063,0.0,0.0
2024-10-03 10:50:00-04:00,65.28760528564453,65.31999969482422,65.23999786376953,65.31999969482422,1442,0.0,0.0
2024-10-03 10:55:00-04:00,65.22000122070312,65.25,65.20999908447266,65.25,654,0.0,0.0
2024-10-03 11:05:00-04:00,64.94000244140625,64.94000244140625,64.93000030517578,64.93000030517578,310,0.0,0.0
2024-10-03 11:10:00-04:00,64.94000244140625,64.94000244140625,64.8949966430664,64.8949966430664,968,0.0,0.0
2024-10-03 11:15:00-04:00,65.0,65.02999877929688,65.0,65.02999877929688,941,0.0,0.0
2024-10-03 11:20:00-04:00,64.91999816894531,65.0199966430664,64.91999816894531,64.91999816894531,457,0.0,0.0
2024-10-03 11:25:00-04:00,64.91000366210938,64.91000366210938,64.81999969482422,64.81999969482422,683,0.0,0.0
2024-10-03 11:30:00-04:00,64.77310180664062,64.83999633789062,64.77310180664062,64.83999633789062,975,0.0,0.0
2024-10-03 11:35:00-04:00,64.83000183105469,64.87999725341797,64.83000183105469,64.83999633789062,531,0.0,0.0
2024-10-03 11:40:00-04:00,64.875,65.05999755859375,64.875,65.05999755859375,1861,0.0,0.0
2024-10-03 11:45:00-04:00,65.0999984741211,65.1500015258789,65.0999984741211,65.1500015258789,307,0.0,0.0
2024-10-03 11:50:00-04:00,65.16999816894531,65.18000030517578,65.12000274658203,65.17500305175781,1413,0.0,0.0
2024-10-03 11:55:00-04:00,65.19999694824219,65.19999694824219,65.06999969482422,65.0999984741211,2090,0.0,0.0
2024-10-03 12:00:00-04:00,65.10749816894531,65.10749816894531,65.10749816894531,65.10749816894531,132,0.0,0.0
2024-10-03 12:05:00-04:00,65.1240005493164,65.1240005493164,65.12000274658203,65.12000274658203,468,0.0,0.0
2024-10-03 12:10:00-04:00,65.15499877929688,65.19999694824219,65.15499877929688,65.19999694824219,970,0.0,0.0
2024-10-03 12:15:00-04:00,65.18499755859375,65.18499755859375,65.18499755859375,65.18499755859375,678,0.0,0.0
2024-10-03 12:20:00-04:00,65.20999908447266,65.20999908447266,65.12999725341797,65.12999725341797,1273,0.0,0.0
2024-10-03 12:25:00-04:00,65.0199966430664,65.06500244140625,64.96499633789062,64.96499633789062,1054,0.0,0.0
2024-10-03 12:30:00-04:00,64.95999908447266,64.97000122070312,64.95999908447266,64.97000122070312,561,0.0,0.0
2024-10-03 12:35:00-04:00,64.95500183105469,64.95500183105469,64.91000366210938,64.91000366210938,771,0.0,0.0
2024-10-03 12:40:00-04:00,64.83000183105469,64.88999938964844,64.76000213623047,64.88999938964844,2388,0.0,0.0
2024-10-03 12:45:00-04:00,64.88999938964844,64.9000015258789,64.83999633789062,64.84500122070312,1536,0.0,0.0
2024-10-03 12:50:00-04:00,64.80999755859375,64.80999755859375,64.75,64.75,882,0.0,0.0
2024-10-03 12:55:00-04:00,64.77999877929688,64.97000122070312,64.77999877929688,64.83000183105469,4172,0.0,0.0
2024-10-03 13:00:00-04:00,64.83999633789062,64.91999816894531,64.7699966430664,64.87000274658203,4056,0.0,0.0
2024-10-03 13:05:00-04:00,64.91000366210938,64.91999816894531,64.87000274658203,64.91999816894531,781,0.0,0.0
2024-10-03 13:10:00-04:00,64.88999938964844,64.91999816894531,64.87999725341797,64.87999725341797,2103,0.0,0.0
2024-10-03 13:15:00-04:00,64.87999725341797,64.94999694824219,64.87999725341797,64.94999694824219,2502,0.0,0.0
2024-10-03 13:20:00-04:00,64.9800033569336,65.08999633789062,64.9800033569336,65.02999877929688,2475,0.0,0.0
2024-10-03 13:25:00-04:00,65.02999877929688,65.12999725341797,64.9520034790039,64.9520034790039,4296,0.0,0.0
2024-10-03 13:30:00-04:00,64.96499633789062,65.05999755859375,64.96499633789062,65.02999877929688,1203,0.0,0.0
2024-10-03 13:35:00-04:00,65.12000274658203,65.12999725341797,65.0199966430664,65.0199966430664,2156,0.0,0.0
2024-10-03 13:40:00-04:00,64.91999816894531,64.97000122070312,64.91999816894531,64.97000122070312,427,0.0,0.0
2024-10-03 13:45:00-04:00,65.0,65.0,65.0,65.0,610,0.0,0.0
2024-10-03 13:50:00-04:00,64.94000244140625,65.01000213623047,64.94000244140625,64.99500274658203,1626,0.0,0.0
2024-10-03 13:55:00-04:00,65.04000091552734,65.125,65.0,65.06999969482422,3360,0.0,0.0
2024-10-03 14:00:00-04:00,65.05999755859375,65.06999969482422,65.01499938964844,65.02999877929688,1917,0.0,0.0
2024-10-03 14:05:00-04:00,65.08999633789062,65.1449966430664,65.08000183105469,65.12000274658203,1090,0.0,0.0
2024-10-03 14:10:00-04:00,65.1500015258789,65.19499969482422,65.1500015258789,65.19499969482422,1735,0.0,0.0
2024-10-03 14:15:00-04:00,65.2699966430664,65.33000183105469,65.2699966430664,65.33000183105469,1037,0.0,0.0
2024-10-03 14:20:00-04:00,65.30999755859375,65.33000183105469,65.26000213623047,65.30000305175781,2461,0.0,0.0
2024-10-03 14:25:00-04:00,65.33000183105469,65.33000183105469,65.33000183105469,65.33000183105469,350,0.0,0.0
2024-10-03 14:30:00-04:00,65.30999755859375,65.31999969482422,65.30999755859375,65.30999755859375,972,0.0,0.0
2024-10-03 14:35:00-04:00,65.33999633789062,65.47000122070312,65.30999755859375,65.47000122070312,3298,0.0,0.0
2024-10-03 14:40:00-04:00,65.41500091552734,65.47000122070312,65.40499877929688,65.47000122070312,1199,0.0,0.0
2024-10-03 14:45:00-04:00,65.43000030517578,65.43000030517578,65.38999938964844,65.41999816894531,1164,0.0,0.0
2024-10-03 14:50:00-04:00,65.43000030517578,65.43000030517578,65.43000030517578,65.43000030517578,531,0.0,0.0
2024-10-03 14:55:00-04:00,65.47000122070312,65.5199966430664,65.33000183105469,65.3499984741211,3830,0.0,0.0
2024-10-03 15:00:00-04:00,65.33999633789062,65.33999633789062,65.33999633789062,65.33999633789062,501,0.0,0.0
2024-10-03 15:05:00-04:00,65.33000183105469,65.33000183105469,65.31999969482422,65.31999969482422,413,0.0,0.0
2024-10-03 15:10:00-04:00,65.33000183105469,65.33000183105469,65.30000305175781,65.32499694824219,1109,0.0,0.0
2024-10-03 15:15:00-04:00,65.33999633789062,65.33999633789062,65.29000091552734,65.30999755859375,2009,0.0,0.0
2024-10-03 15:20:00-04:00,65.30999755859375,65.3499984741211,65.302001953125,65.3499984741211,1089,0.0,0.0
2024-10-03 15:25:00-04:00,65.33999633789062,65.37999725341797,65.29499816894531,65.29499816894531,2879,0.0,0.0
2024-10-03 15:30:00-04:00,65.30999755859375,65.30999755859375,65.22000122070312,65.22000122070312,2267,0.0,0.0
2024-10-03 15:35:00-04:00,65.2249984741211,65.2249984741211,65.09500122070312,65.17500305175781,4330,0.0,0.0
2024-10-03 15:40:00-04:00,65.12999725341797,65.16500091552734,65.00499725341797,65.00499725341797,2074,0.0,0.0
2024-10-03 15:45:00-04:00,64.98999786376953,65.04499816894531,64.9749984741211,65.04499816894531,5078,0.0,0.0
2024-10-03 15:50:00-04:00,65.0199966430664,65.31999969482422,65.01000213623047,65.31999969482422,16937,0.0,0.0
2024-10-03 15:55:00-04:00,65.32499694824219,65.3499984741211,65.25,65.2699966430664,34850,0.0,0.0
2024-10-04 09:30:00-04:00,66.31999969482422,66.86499786376953,66.30500030517578,66.40499877929688,4322,0.0,0.0
2024-10-04 09:35:00-04:00,66.86499786376953,67.0999984741211,66.28479766845703,66.87989807128906,4573,0.0,0.0
2024-10-04 09:40:00-04:00,66.27010345458984,66.63999938964844,66.27010345458984,66.63999938964844,479,0.0,0.0
2024-10-04 09:45:00-04:00,66.63999938964844,66.6500015258789,66.47560119628906,66.60199737548828,962,0.0,0.0
2024-10-04 09:50:00-04:00,66.6449966430664,66.6449966430664,66.6449966430664,66.6449966430664,285,0.0,0.0
2024-10-04 09:55:00-04:00,66.63999938964844,66.63999938964844,66.44999694824219,66.44999694824219,2557,0.0,0.0
2024-10-04 10:00:00-04:00,66.44499969482422,66.44499969482422,66.44499969482422,66.44499969482422,636,0.0,0.0
2024-10-04 10:05:00-04:00,66.5,66.5199966430664,66.31999969482422,66.5,7445,0.0,0.0
2024-10-04 10:10:00-04:00,66.51249694824219,66.51499938964844,66.4000015258789,66.43000030517578,6960,0.0,0.0
2024-10-04 10:15:00-04:00,66.52999877929688,66.58999633789062,66.5,66.5,2510,0.0,0.0
2024-10-04 10:20:00-04:00,66.01499938964844,66.01499938964844,66.01499938964844,66.01499938964844,315,0.0,0.0
2024-10-04 10:25:00-04:00,65.94000244140625,65.95999908447266,65.87000274658203,65.95999908447266,2058,0.0,0.0
2024-10-04 10:30:00-04:00,65.79000091552734,65.94499969482422,65.79000091552734,65.8550033569336,1881,0.0,0.0
2024-10-04 10:35:00-04:00,65.71299743652344,65.71299743652344,65.51000213623047,65.51000213623047,1333,0.0,0.0
2024-10-04 10:40:00-04:00,65.41000366210938,65.41000366210938,65.3550033569336,65.3550033569336,445,0.0,0.0
2024-10-04 10:45:00-04:00,65.36000061035156,65.48999786376953,65.3499984741211,65.48999786376953,1538,0.0,0.0
2024-10-04 10:50:00-04:00,65.51000213623047,65.55999755859375,65.48500061035156,65.48500061035156,990,0.0,0.0
2024-10-04 10:55:00-04:00,65.61000061035156,65.66000366210938,65.58000183105469,65.66000366210938,732,0.0,0.0
2024-10-04 11:00:00-04:00,65.68000030517578,65.72000122070312,65.62000274658203,65.72000122070312,2746,0.0,0.0
2024-10-04 11:05:00-04:00,65.70999908447266,65.70999908447266,65.69000244140625,65.69000244140625,600,0.0,0.0
2024-10-04 11:10:00-04:00,65.63500213623047,65.6500015258789,65.55000305175781,65.55000305175781,862,0.0,0.0
2024-10-04 11:15:00-04:00,65.45999908447266,65.45999908447266,65.44000244140625,65.44000244140625,437,0.0,0.0
2024-10-04 11:20:00-04:00,65.33000183105469,65.44000244140625,65.33000183105469,65.42500305175781,3625,0.0,0.0
2024-10-04 11:25:00-04:00,65.37000274658203,65.37000274658203,65.37000274658203,65.37000274658203,270,0.0,0.0
2024-10-04 11:30:00-04:00,65.3949966430664,65.49500274658203,65.3949966430664,65.47000122070312,1979,0.0,0.0
2024-10-04 11:35:00-04:00,65.46499633789062,65.5199966430664,65.46499633789062,65.5199966430664,974,0.0,0.0
2024-10-04 11:40:00-04:00,65.59500122070312,65.59500122070312,65.58999633789062,65.58999633789062,279,0.0,0.0
2024-10-04 11:45:00-04:00,65.55000305175781,65.55000305175781,65.55000305175781,65.55000305175781,655,0.0,0.0
2024-10-04 11:50:00-04:00,65.52999877929688,65.63999938964844,65.52999877929688,65.62999725341797,1501,0.0,0.0
2024-10-04 11:55:00-04:00,65.63999938964844,65.63999938964844,65.63999938964844,65.63999938964844,606,0.0,0.0
2024-10-04 12:00:00-04:00,65.70999908447266,65.77999877929688,65.63999938964844,65.68000030517578,2240,0.0,0.0
2024-10-04 12:05:00-04:00,65.66000366210938,65.69000244140625,65.6500015258789,65.66000366210938,1964,0.0,0.0
2024-10-04 12:15:00-04:00,65.75,65.81999969482422,65.59500122070312,65.59500122070312,5040,0.0,0.0
2024-10-04 12:20:00-04:00,65.66000366210938,65.71499633789062,65.66000366210938,65.68000030517578,888,0.0,0.0
2024-10-04 12:25:00-04:00,65.5999984741211,65.5999984741211,65.5999984741211,65.5999984741211,674,0.0,0.0
2024-10-04 12:30:00-04:00,65.55500030517578,65.55500030517578,65.55500030517578,65.55500030517578,227,0.0,0.0
2024-10-04 12:35:00-04:00,65.56500244140625,65.75499725341797,65.56500244140625,65.75499725341797,1775,0.0,0.0
2024-10-04 12:40:00-04:00,65.76000213623047,65.7699966430664,65.7300033569336,65.7300033569336,1389,0.0,0.0
2024-10-04 12:45:00-04:00,65.72000122070312,65.72000122070312,65.69000244140625,65.69000244140625,893,0.0,0.0
2024-10-04 12:50:00-04:00,65.6500015258789,65.68499755859375,65.6500015258789,65.68499755859375,825,0.0,0.0
2024-10-04 12:55:00-04:00,65.7300033569336,65.75499725341797,65.72000122070312,65.72000122070312,2588,0.0,0.0
2024-10-04 13:05:00-04:00,65.69499969482422,65.69499969482422,65.59500122070312,65.59500122070312,1201,0.0,0.0
2024-10-04 13:10:00-04:00,65.61499786376953,65.61499786376953,65.61499786376953,65.61499786376953,813,0.0,0.0
2024-10-04 13:20:00-04:00,65.62000274658203,65.62000274658203,65.6050033569336,65.6050033569336,536,0.0,0.0
2024-10-04 13:25:00-04:00,65.55999755859375,65.55999755859375,65.55999755859375,65.55999755859375,669,0.0,0.0
2024-10-04 13:30:00-04:00,65.4749984741211,65.49500274658203,65.4749984741211,65.49500274658203,440,0.0,0.0
2024-10-04 13:35:00-04:00,65.41999816894531,65.5199966430664,65.33000183105469,65.4749984741211,3706,0.0,0.0
2024-10-04 13:40:00-04:00,65.46499633789062,65.54000091552734,65.46499633789062,65.52999877929688,1362,0.0,0.0
2024-10-04 13:45:00-04:00,65.59500122070312,65.6050033569336,65.59500122070312,65.6050033569336,673,0.0,0.0
2024-10-04 13:50:00-04:00,65.6050033569336,65.6050033569336,65.54000091552734,65.54000091552734,1695,0.0,0.0
2024-10-04 13:55:00-04:00,65.50499725341797,65.50499725341797,65.50499725341797,65.50499725341797,410,0.0,0.0
2024-10-04 14:05:00-04:00,65.5,65.5,65.44999694824219,65.44999694824219,1340,0.0,0.0
2024-10-04 14:10:00-04:00,65.41999816894531,65.41999816894531,65.41999816894531,65.41999816894531,248,0.0,0.0
2024-10-04 14:15:00-04:00,65.42500305175781,65.48999786376953,65.42500305175781,65.48999786376953,1147,0.0,0.0
2024-10-04 14:20:00-04:00,65.50499725341797,65.50499725341797,65.4800033569336,65.4800033569336,1215,0.0,0.0
2024-10-04 14:25:00-04:00,65.4800033569336,65.4800033569336,65.44000244140625,65.44000244140625,1569,0.0,0.0
2024-10-04 14:30:00-04:00,65.45500183105469,65.5,65.45500183105469,65.5,477,0.0,0.0
2024-10-04 14:35:00-04:00,65.4800033569336,65.55999755859375,65.4800033569336,65.55999755859375,1029,0.0,0.0
2024-10-04 14:40:00-04:00,65.56500244140625,65.56500244140625,65.5199966430664,65.54000091552734,1834,0.0,0.0
2024-10-04 14:45:00-04:00,65.52999877929688,65.56500244140625,65.48880004882812,65.56500244140625,2296,0.0,0.0
2024-10-04 14:50:00-04:00,65.55999755859375,65.55999755859375,65.5,65.51000213623047,1597,0.0,0.0
2024-10-04 14:55:00-04:00,65.58999633789062,65.5999984741211,65.55000305175781,65.55000305175781,3758,0.0,0.0
2024-10-04 15:00:00-04:00,65.54000091552734,65.55000305175781,65.51000213623047,65.5199966430664,1187,0.0,0.0
2024-10-04 15:05:00-04:00,65.50250244140625,65.55999755859375,65.5,65.50499725341797,2695,0.0,0.0
2024-10-04 15:10:00-04:00,65.47000122070312,65.5,65.44499969482422,65.44499969482422,3309,0.0,0.0
2024-10-04 15:15:00-04:00,65.44999694824219,65.44999694824219,65.40270233154297,65.44499969482422,983,0.0,0.0
2024-10-04 15:20:00-04:00,65.4800033569336,65.4800033569336,65.43000030517578,65.43000030517578,914,0.0,0.0
2024-10-04 15:25:00-04:00,65.46499633789062,65.4800033569336,65.4000015258789,65.43000030517578,3387,0.0,0.0
2024-10-04 15:30:00-04:00,65.43499755859375,65.52999877929688,65.41999816894531,65.5250015258789,13033,0.0,0.0
2024-10-04 15:35:00-04:00,65.4800033569336,65.48999786376953,65.44100189208984,65.44100189208984,2532,0.0,0.0
2024-10-04 15:40:00-04:00,65.4260025024414,65.45500183105469,65.38999938964844,65.38999938964844,2365,0.0,0.0
2024-10-04 15:45:00-04:00,65.38999938964844,65.4000015258789,65.34100341796875,65.34100341796875,4116,0.0,0.0
2024-10-04 15:50:00-04:00,65.44000244140625,65.44499969482422,65.41000366210938,65.44000244140625,3179,0.0,0.0
2024-10-04 15:55:00-04:00,65.44499969482422,65.47000122070312,65.375,65.3949966430664,16658,0.0,0.0
2024-10-07 09:30:00-04:00,65.01000213623047,65.08000183105469,64.6500015258789,64.6500015258789,7300,0.0,0.0
2024-10-07 09:35:00-04:00,64.31430053710938,64.31430053710938,64.31430053710938,64.31430053710938,451,0.0,0.0
2024-10-07 09:40:00-04:00,64.5,65.0199966430664,64.5,64.62680053710938,3850,0.0,0.0
2024-10-07 09:45:00-04:00,64.80999755859375,64.80999755859375,64.80999755859375,64.80999755859375,154,0.0,0.0
2024-10-07 09:50:00-04:00,64.80500030517578,64.97000122070312,64.78500366210938,64.78500366210938,1897,0.0,0.0
2024-10-07 10:00:00-04:00,64.9000015258789,64.9000015258789,64.9000015258789,64.9000015258789,537,0.0,0.0
2024-10-07 10:05:00-04:00,65.00499725341797,65.00499725341797,64.87000274658203,64.87000274658203,1001,0.0,0.0
2024-10-07 10:10:00-04:00,64.95999908447266,64.95999908447266,64.95500183105469,64.95500183105469,1036,0.0,0.0
2024-10-07 10:15:00-04:00,64.94999694824219,65.06999969482422,64.94999694824219,65.06500244140625,4715,0.0,0.0
2024-10-07 10:25:00-04:00,64.97000122070312,65.07499694824219,64.86000061035156,64.86000061035156,6410,0.0,0.0
2024-10-07 10:30:00-04:00,64.69000244140625,64.69999694824219,64.69000244140625,64.69999694824219,509,0.0,0.0
2024-10-07 10:35:00-04:00,64.68370056152344,64.68370056152344,64.68370056152344,64.68370056152344,410,0.0,0.0
2024-10-07 10:40:00-04:00,64.6500015258789,64.6500015258789,64.51000213623047,64.51000213623047,1449,0.0,0.0
2024-10-07 10:45:00-04:00,64.51000213623047,64.66000366210938,64.44920349121094,64.65499877929688,2329,0.0,0.0
2024-10-07 10:50:00-04:00,64.72000122070312,64.88500213623047,64.72000122070312,64.88500213623047,1017,0.0,0.0
2024-10-07 10:55:00-04:00,65.13999938964844,65.13999938964844,64.8949966430664,64.8949966430664,527,0.0,0.0
2024-10-07 11:00:00-04:00,64.77999877929688,64.91000366210938,64.77999877929688,64.9000015258789,3898,0.0,0.0
2024-10-07 11:05:00-04:00,64.90499877929688,64.91000366210938,64.9000015258789,64.91000366210938,813,0.0,0.0
2024-10-07 11:10:00-04:00,64.92500305175781,65.02149963378906,64.92500305175781,65.02149963378906,1738,0.0,0.0
2024-10-07 11:15:00-04:00,64.94499969482422,65.0,64.94499969482422,65.0,756,0.0,0.0
2024-10-07 11:20:00-04:00,65.0,65.12000274658203,64.89189910888672,64.89189910888672,18043,0.0,0.0
2024-10-07 11:25:00-04:00,64.8499984741211,64.8499984741211,64.79000091552734,64.83000183105469,911,0.0,0.0
2024-10-07 11:30:00-04:00,64.8499984741211,64.8499984741211,64.8499984741211,64.8499984741211,1070,0.0,0.0
2024-10-07 11:40:00-04:00,64.62999725341797,64.73999786376953,64.62999725341797,64.73999786376953,236,0.0,0.0
2024-10-07 11:45:00-04:00,64.76000213623047,64.7699966430664,64.69499969482422,64.76000213623047,2798,0.0,0.0
2024-10-07 11:50:00-04:00,64.75,64.75,64.75,64.75,581,0.0,0.0
2024-10-07 11:55:00-04:00,64.75,64.75,64.75,64.75,421,0.0,0.0
2024-10-07 12:00:00-04:00,64.68009948730469,64.68009948730469,64.68009948730469,64.68009948730469,460,0.0,0.0
2024-10-07 12:05:00-04:00,64.75,64.75,64.68000030517578,64.68000030517578,746,0.0,0.0
2024-10-07 12:10:00-04:00,64.5199966430664,64.58000183105469,64.5199966430664,64.58000183105469,714,0.0,0.0
2024-10-07 12:15:00-04:00,64.5999984741211,64.66999816894531,64.5999984741211,64.66999816894531,843,0.0,0.0
2024-10-07 12:25:00-04:00,64.69000244140625,64.69000244140625,64.69000244140625,64.69000244140625,360,0.0,0.0
2024-10-07 12:30:00-04:00,64.62999725341797,64.63500213623047,64.62999725341797,64.63500213623047,901,0.0,0.0
2024-10-07 12:40:00-04:00,64.6261978149414,64.6261978149414,64.55000305175781,64.55000305175781,671,0.0,0.0
2024-10-07 12:45:00-04:00,64.44999694824219,64.44999694824219,64.44999694824219,64.44999694824219,927,0.0,0.0
2024-10-07 12:50:00-04:00,64.63999938964844,64.63999938964844,64.62999725341797,64.62999725341797,822,0.0,0.0
2024-10-07 13:05:00-04:00,64.58999633789062,64.58999633789062,64.52999877929688,64.55000305175781,1004,0.0,0.0
2024-10-07 13:15:00-04:00,64.51170349121094,64.51170349121094,64.4000015258789,64.4000015258789,1673,0.0,0.0
2024-10-07 13:20:00-04:00,64.3499984741211,64.35250091552734,64.33999633789062,64.35250091552734,590,0.0,0.0
2024-10-07 13:25:00-04:00,64.37000274658203,64.4000015258789,64.37000274658203,64.4000015258789,952,0.0,0.0
2024-10-07 13:30:00-04:00,64.3499984741211,64.3499984741211,64.30999755859375,64.30999755859375,542,0.0,0.0
2024-10-07 13:35:00-04:00,64.37999725341797,64.43000030517578,64.37999725341797,64.43000030517578,1140,0.0,0.0
2024-10-07 13:40:00-04:00,64.4000015258789,64.43000030517578,64.4000015258789,64.43000030517578,996,0.0,0.0
2024-10-07 13:50:00-04:00,64.3499984741211,64.3499984741211,64.33000183105469,64.33000183105469,686,0.0,0.0
2024-10-07 13:55:00-04:00,64.3499984741211,64.3499984741211,64.2699966430664,64.2699966430664,1163,0.0,0.0
2024-10-07 14:00:00-04:00,64.22000122070312,64.22000122070312,64.22000122070312,64.22000122070312,155,0.0,0.0
2024-10-07 14:10:00-04:00,64.2699966430664,64.29000091552734,64.26000213623047,64.29000091552734,1135,0.0,0.0
2024-10-07 14:15:00-04:00,64.18000030517578,64.18000030517578,64.16000366210938,64.18000030517578,641,0.0,0.0
2024-10-07 14:25:00-04:00,64.12000274658203,64.12000274658203,64.08999633789062,64.08999633789062,1000,0.0,0.0
2024-10-07 14:30:00-04:00,64.02999877929688,64.18000030517578,63.97999954223633,64.1050033569336,7039,0.0,0.0
2024-10-07 14:35:00-04:00,64.05999755859375,64.05999755859375,64.05999755859375,64.05999755859375,386,0.0,0.0
2024-10-07 14:40:00-04:00,64.12999725341797,64.12999725341797,64.02999877929688,64.02999877929688,1083,0.0,0.0
2024-10-07 14:45:00-04:00,63.9900016784668,63.994998931884766,63.81999969482422,63.81999969482422,2084,0.0,0.0
2024-10-07 14:50:00-04:00,63.98500061035156,63.98500061035156,63.98500061035156,63.98500061035156,423,0.0,0.0
2024-10-07 14:55:00-04:00,64.05999755859375,64.05999755859375,64.0199966430664,64.0199966430664,675,0.0,0.0
2024-10-07 15:00:00-04:00,63.963199615478516,63.963199615478516,63.963199615478516,63.963199615478516,279,0.0,0.0
2024-10-07 15:05:00-04:00,64.06999969482422,64.1500015258789,64.06999969482422,64.1500015258789,1470,0.0,0.0
2024-10-07 15:10:00-04:00,64.16999816894531,64.16999816894531,64.16999816894531,64.16999816894531,752,0.0,0.0
2024-10-07 15:15:00-04:00,64.1500015258789,64.1500015258789,64.08999633789062,64.08999633789062,1308,0.0,0.0
2024-10-07 15:25:00-04:00,64.16999816894531,64.16999816894531,64.16000366210938,64.16000366210938,399,0.0,0.0
2024-10-07 15:30:00-04:00,64.12000274658203,64.16999816894531,64.05999755859375,64.1449966430664,4025,0.0,0.0
2024-10-07 15:35:00-04:00,64.19999694824219,64.26000213623047,64.17500305175781,64.17500305175781,3861,0.0,0.0
2024-10-07 15:40:00-04:00,64.18000030517578,64.2300033569336,64.13999938964844,64.20999908447266,2623,0.0,0.0
2024-10-07 15:45:00-04:00,64.19999694824219,64.3499984741211,64.19999694824219,64.3499984741211,2487,0.0,0.0
2024-10-07 15:50:00-04:00,64.38420104980469,64.58000183105469,64.36499786376953,64.57990264892578,8685,0.0,0.0
2024-10-07 15:55:00-04:00,64.57990264892578,64.57990264892578,64.16999816894531,64.30999755859375,24619,0.0,0.0
2024-10-08 09:30:00-04:00,64.79000091552734,64.91000366210938,64.79000091552734,64.91000366210938,1482,0.0,0.0
2024-10-08 09:35:00-04:00,64.6050033569336,64.89689636230469,64.6050033569336,64.89689636230469,426,0.0,0.0
2024-10-08 09:40:00-04:00,64.53500366210938,64.53500366210938,64.53500366210938,64.53500366210938,221,0.0,0.0
2024-10-08 09:45:00-04:00,64.44000244140625,64.44000244140625,64.44000244140625,64.44000244140625,340,0.0,0.0
2024-10-08 09:50:00-04:00,64.16000366210938,64.30000305175781,64.14939880371094,64.30000305175781,2522,0.0,0.0
2024-10-08 09:55:00-04:00,64.19999694824219,64.19999694824219,64.19999694824219,64.19999694824219,170,0.0,0.0
2024-10-08 10:00:00-04:00,64.3499984741211,64.43000030517578,64.3499984741211,64.43000030517578,1043,0.0,0.0
2024-10-08 10:05:00-04:00,64.36000061035156,64.43000030517578,64.0999984741211,64.11000061035156,786,0.0,0.0
2024-10-08 10:10:00-04:00,64.02999877929688,64.02999877929688,63.890098571777344,63.890098571777344,2735,0.0,0.0
2024-10-08 10:15:00-04:00,63.900001525878906,64.06500244140625,63.83000183105469,63.94499969482422,18842,0.0,0.0
2024-10-08 10:20:00-04:00,63.97999954223633,63.97999954223633,63.97999954223633,63.97999954223633,1092,0.0,0.0
2024-10-08 10:25:00-04:00,63.9900016784668,63.9900016784668,63.83000183105469,63.83000183105469,240,0.0,0.0
2024-10-08 10:30:00-04:00,63.83000183105469,63.880001068115234,63.79499816894531,63.880001068115234,4181,0.0,0.0
2024-10-08 10:35:00-04:00,63.79999923706055,63.90999984741211,63.79999923706055,63.90999984741211,333,0.0,0.0
2024-10-08 10:40:00-04:00,63.915000915527344,64.05999755859375,63.689998626708984,63.849998474121094,4377,0.0,0.0
2024-10-08 10:45:00-04:00,63.90890121459961,63.90999984741211,63.90890121459961,63.90999984741211,730,0.0,0.0
2024-10-08 10:50:00-04:00,63.959999084472656,63.959999084472656,63.93000030517578,63.93000030517578,311,0.0,0.0
2024-10-08 10:55:00-04:00,63.86000061035156,63.8849983215332,63.84000015258789,63.84000015258789,1013,0.0,0.0
2024-10-08 11:00:00-04:00,63.790000915527344,63.90999984741211,63.790000915527344,63.90999984741211,1093,0.0,0.0
2024-10-08 11:05:00-04:00,63.904998779296875,63.904998779296875,63.84000015258789,63.84000015258789,293,0.0,0.0
2024-10-08 11:10:00-04:00,63.81999969482422,63.8650016784668,63.81999969482422,63.8650016784668,463,0.0,0.0
2024-10-08 11:15:00-04:00,63.82500076293945,63.904998779296875,63.790000915527344,63.790000915527344,893,0.0,0.0
2024-10-08 11:20:00-04:00,63.779998779296875,63.779998779296875,63.630001068115234,63.630001068115234,1037,0.0,0.0
2024-10-08 11:30:00-04:00,63.7599983215332,63.7599983215332,63.65999984741211,63.71500015258789,799,0.0,0.0
2024-10-08 11:35:00-04:00,63.630001068115234,63.654998779296875,63.61199951171875,63.654998779296875,1902,0.0,0.0
2024-10-08 11:40:00-04:00,63.654998779296875,63.654998779296875,63.654998779296875,63.654998779296875,424,0.0,0.0
2024-10-08 11:45:00-04:00,63.63399887084961,63.63399887084961,63.63399887084961,63.63399887084961,377,0.0,0.0
2024-10-08 11:50:00-04:00,63.720001220703125,63.720001220703125,63.650001525878906,63.70000076293945,2683,0.0,0.0
2024-10-08 12:00:00-04:00,63.66999816894531,63.7140007019043,63.66999816894531,63.66999816894531,1242,0.0,0.0
2024-10-08 12:05:00-04:00,63.7599983215332,63.779998779296875,63.65010070800781,63.694000244140625,3264,0.0,0.0
2024-10-08 12:10:00-04:00,63.650001525878906,63.650001525878906,63.650001525878906,63.650001525878906,291,0.0,0.0
2024-10-08 12:15:00-04:00,63.63999938964844,63.720001220703125,63.63999938964844,63.68479919433594,56255,0.0,0.0
2024-10-08 12:20:00-04:00,63.61000061035156,63.61000061035156,63.61000061035156,63.61000061035156,152,0.0,0.0
2024-10-08 12:25:00-04:00,63.66999816894531,63.68000030517578,63.66999816894531,63.68000030517578,1068,0.0,0.0
2024-10-08 12:30:00-04:00,63.685001373291016,63.72999954223633,63.685001373291016,63.72999954223633,1283,0.0,0.0
2024-10-08 12:35:00-04:00,63.70000076293945,63.915000915527344,63.70000076293945,63.915000915527344,2419,0.0,0.0
2024-10-08 12:40:00-04:00,63.90999984741211,63.90999984741211,63.810001373291016,63.89500045776367,7542,0.0,0.0
2024-10-08 12:45:00-04:00,63.95000076293945,64.05999755859375,63.95000076293945,63.970001220703125,3618,0.0,0.0
2024-10-08 12:50:00-04:00,63.90999984741211,63.90999984741211,63.904998779296875,63.90999984741211,839,0.0,0.0
2024-10-08 12:55:00-04:00,63.91999816894531,63.91999816894531,63.91999816894531,63.91999816894531,123,0.0,0.0
2024-10-08 13:00:00-04:00,63.91999816894531,63.91999816894531,63.83000183105469,63.83000183105469,2038,0.0,0.0
2024-10-08 13:05:00-04:00,63.779998779296875,63.90999984741211,63.72999954223633,63.90999984741211,8551,0.0,0.0
2024-10-08 13:10:00-04:00,63.95500183105469,63.95500183105469,63.94499969482422,63.94499969482422,1426,0.0,0.0
2024-10-08 13:15:00-04:00,63.88999938964844,63.959999084472656,63.83000183105469,63.959999084472656,2664,0.0,0.0
2024-10-08 13:20:00-04:00,63.939998626708984,63.94499969482422,63.85499954223633,63.91999816894531,4718,0.0,0.0
2024-10-08 13:25:00-04:00,63.849998474121094,63.86000061035156,63.810001373291016,63.86000061035156,622,0.0,0.0
2024-10-08 13:35:00-04:00,63.727500915527344,63.727500915527344,63.68000030517578,63.689998626708984,1267,0.0,0.0
2024-10-08 13:40:00-04:00,63.64500045776367,63.685001373291016,63.6349983215332,63.685001373291016,656,0.0,0.0
2024-10-08 13:45:00-04:00,63.64580154418945,63.64580154418945,63.64580154418945,63.64580154418945,352,0.0,0.0
2024-10-08 13:50:00-04:00,63.665000915527344,63.665000915527344,63.665000915527344,63.665000915527344,329,0.0,0.0
2024-10-08 13:55:00-04:00,63.665000915527344,63.665000915527344,63.65999984741211,63.65999984741211,3197,0.0,0.0
2024-10-08 14:00:00-04:00,63.59000015258789,63.67499923706055,63.584999084472656,63.67499923706055,5288,0.0,0.0
2024-10-08 14:05:00-04:00,63.68000030517578,63.68000030517578,63.68000030517578,63.68000030517578,718,0.0,0.0
2024-10-08 14:15:00-04:00,63.63999938964844,63.79999923706055,63.63999938964844,63.755001068115234,49148,0.0,0.0
2024-10-08 14:20:00-04:00,63.709999084472656,63.709999084472656,63.689998626708984,63.689998626708984,1114,0.0,0.0
2024-10-08 14:25:00-04:00,63.65999984741211,63.71989822387695,63.63999938964844,63.71989822387695,1368,0.0,0.0
2024-10-08 14:30:00-04:00,63.68000030517578,63.72999954223633,63.68000030517578,63.69499969482422,3021,0.0,0.0
2024-10-08 14:35:00-04:00,63.65999984741211,63.7599983215332,63.65999984741211,63.75,3489,0.0,0.0
2024-10-08 14:40:00-04:00,63.7400016784668,63.79999923706055,63.72999954223633,63.7599983215332,3283,0.0,0.0
2024-10-08 14:45:00-04:00,63.7599983215332,63.92499923706055,63.7599983215332,63.92499923706055,3386,0.0,0.0
2024-10-08 14:50:00-04:00,63.96500015258789,64.08499908447266,63.96500015258789,63.97999954223633,2818,0.0,0.0
2024-10-08 14:55:00-04:00,64.05999755859375,64.1449966430664,64.05000305175781,64.06500244140625,2323,0.0,0.0
2024-10-08 15:00:00-04:00,64.0,64.0199966430664,63.974998474121094,64.0199966430664,1671,0.0,0.0
2024-10-08 15:05:00-04:00,63.97999954223633,63.97999954223633,63.900001525878906,63.900001525878906,1538,0.0,0.0
2024-10-08 15:10:00-04:00,63.875,63.90999984741211,63.86000061035156,63.90999984741211,3437,0.0,0.0
2024-10-08 15:15:00-04:00,63.9474983215332,63.959999084472656,63.91999816894531,63.959999084472656,3092,0.0,0.0
2024-10-08 15:20:00-04:00,63.970001220703125,64.01499938964844,63.970001220703125,64.01499938964844,1781,0.0,0.0
2024-10-08 15:25:00-04:00,63.97999954223633,63.97999954223633,63.86000061035156,63.88999938964844,3274,0.0,0.0
2024-10-08 15:30:00-04:00,63.880001068115234,63.900001525878906,63.845001220703125,63.845001220703125,3820,0.0,0.0
2024-10-08 15:35:00-04:00,63.849998474121094,63.849998474121094,63.849998474121094,63.849998474121094,727,0.0,0.0
2024-10-08 15:40:00-04:00,63.83000183105469,63.85499954223633,63.71009826660156,63.7599983215332,10682,0.0,0.0
2024-10-08 15:45:00-04:00,63.75,63.84000015258789,63.75,63.83000183105469,3132,0.0,0.0
2024-10-08 15:50:00-04:00,63.83000183105469,63.86000061035156,63.709999084472656,63.74380111694336,14954,0.0,0.0
2024-10-08 15:55:00-04:00,63.71500015258789,63.7599983215332,63.619998931884766,63.65999984741211,18780,0.0,0.0
2024-10-09 09:30:00-04:00,63.459999084472656,63.630001068115234,63.459999084472656,63.630001068115234,1661,0.0,0.0
2024-10-09 09:35:00-04:00,63.2400016784668,63.2400016784668,63.2400016784668,63.2400016784668,320,0.0,0.0
2024-10-09 09:40:00-04:00,63.2400016784668,63.41999816894531,63.2400016784668,63.41999816894531,1423,0.0,0.0
2024-10-09 09:45:00-04:00,63.25,63.25,63.25,63.25,340,0.0,0.0
2024-10-09 09:50:00-04:00,63.2599983215332,63.2599983215332,62.93000030517578,63.064998626708984,3966,0.0,0.0
2024-10-09 09:55:00-04:00,63.064998626708984,63.22999954223633,63.064998626708984,63.220001220703125,4145,0.0,0.0
2024-10-09 10:00:00-04:00,63.14500045776367,63.19309997558594,63.040000915527344,63.08000183105469,3334,0.0,0.0
2024-10-09 10:05:00-04:00,63.1150016784668,63.1150016784668,63.040000915527344,63.040000915527344,1792,0.0,0.0
2024-10-09 10:10:00-04:00,63.084999084472656,63.290000915527344,63.084999084472656,63.290000915527344,1316,0.0,0.0
2024-10-09 10:15:00-04:00,63.220001220703125,63.220001220703125,63.09000015258789,63.09000015258789,1395,0.0,0.0
2024-10-09 10:20:00-04:00,63.08000183105469,63.19499969482422,63.029998779296875,63.03499984741211,2502,0.0,0.0
2024-10-09 10:25:00-04:00,62.9900016784668,62.9900016784668,62.869998931884766,62.959999084472656,1926,0.0,0.0
2024-10-09 10:30:00-04:00,62.959999084472656,62.959999084472656,62.779998779296875,62.779998779296875,1780,0.0,0.0
2024-10-09 10:35:00-04:00,62.7599983215332,62.79499816894531,62.619998931884766,62.70000076293945,31940,0.0,0.0
2024-10-09 10:40:00-04:00,62.88999938964844,62.90999984741211,62.80500030517578,62.90999984741211,2471,0.0,0.0
2024-10-09 10:45:00-04:00,62.939998626708984,62.959999084472656,62.82500076293945,62.88999938964844,9851,0.0,0.0
2024-10-09 10:50:00-04:00,62.970001220703125,62.98500061035156,62.904998779296875,62.98500061035156,857,0.0,0.0
2024-10-09 10:55:00-04:00,62.959999084472656,62.959999084472656,62.959999084472656,62.959999084472656,487,0.0,0.0
2024-10-09 11:00:00-04:00,62.939998626708984,62.970001220703125,62.75,62.814998626708984,2564,0.0,0.0
2024-10-09 11:05:00-04:00,62.814998626708984,63.17499923706055,62.814998626708984,63.17499923706055,13758,0.0,0.0
2024-10-09 11:10:00-04:00,63.150001525878906,63.310001373291016,63.150001525878906,63.310001373291016,1937,0.0,0.0
2024-10-09 11:15:00-04:00,63.310001373291016,63.35499954223633,63.310001373291016,63.35499954223633,1455,0.0,0.0
2024-10-09 11:20:00-04:00,63.41999816894531,63.529998779296875,63.41999816894531,63.529998779296875,1432,0.0,0.0
2024-10-09 11:25:00-04:00,63.52000045776367,63.52000045776367,63.41999816894531,63.4900016784668,1026,0.0,0.0
2024-10-09 11:30:00-04:00,63.494998931884766,63.494998931884766,63.494998931884766,63.494998931884766,460,0.0,0.0
2024-10-09 11:35:00-04:00,63.43000030517578,63.43000030517578,63.43000030517578,63.43000030517578,577,0.0,0.0
2024-10-09 11:40:00-04:00,63.52000045776367,63.56999969482422,63.505001068115234,63.54999923706055,1474,0.0,0.0
2024-10-09 11:45:00-04:00,63.5099983215332,63.55500030517578,63.5099983215332,63.55500030517578,1252,0.0,0.0
2024-10-09 11:50:00-04:00,63.540000915527344,63.57500076293945,63.540000915527344,63.540000915527344,990,0.0,0.0
2024-10-09 11:55:00-04:00,63.54999923706055,63.58000183105469,63.54999923706055,63.58000183105469,771,0.0,0.0
2024-10-09 12:00:00-04:00,63.540000915527344,63.540000915527344,63.43000030517578,63.43000030517578,2779,0.0,0.0
2024-10-09 12:05:00-04:00,63.47999954223633,63.56119918823242,63.47999954223633,63.505001068115234,1787,0.0,0.0
2024-10-09 12:10:00-04:00,63.52000045776367,63.52000045776367,63.459999084472656,63.52000045776367,912,0.0,0.0
2024-10-09 12:15:00-04:00,63.45000076293945,63.459999084472656,63.290000915527344,63.290000915527344,2514,0.0,0.0
2024-10-09 12:20:00-04:00,63.2400016784668,63.29499816894531,63.23500061035156,63.23500061035156,1369,0.0,0.0
2024-10-09 12:25:00-04:00,63.220001220703125,63.220001220703125,63.189998626708984,63.189998626708984,365,0.0,0.0
2024-10-09 12:30:00-04:00,63.18000030517578,63.18000030517578,63.11000061035156,63.11000061035156,1735,0.0,0.0
2024-10-09 12:35:00-04:00,63.19990158081055,63.19990158081055,63.09000015258789,63.11000061035156,950,0.0,0.0
2024-10-09 12:40:00-04:00,63.11000061035156,63.18000030517578,63.099998474121094,63.1349983215332,8993,0.0,0.0
2024-10-09 12:45:00-04:00,63.150001525878906,63.150001525878906,63.11000061035156,63.11000061035156,936,0.0,0.0
2024-10-09 12:50:00-04:00,63.06999969482422,63.06999969482422,62.810001373291016,62.88999938964844,2702,0.0,0.0
2024-10-09 13:00:00-04:00,62.83000183105469,62.93000030517578,62.83000183105469,62.93000030517578,2569,0.0,0.0
2024-10-09 13:05:00-04:00,62.939998626708984,62.939998626708984,62.869998931884766,62.869998931884766,1345,0.0,0.0
2024-10-09 13:10:00-04:00,62.900001525878906,62.959999084472656,62.83000183105469,62.959999084472656,5863,0.0,0.0
2024-10-09 13:15:00-04:00,63.0,63.0099983215332,62.95000076293945,62.970001220703125,2012,0.0,0.0
2024-10-09 13:20:00-04:00,62.90999984741211,62.93000030517578,62.904998779296875,62.904998779296875,1309,0.0,0.0
2024-10-09 13:25:00-04:00,62.915000915527344,62.93000030517578,62.790000915527344,62.790000915527344,2538,0.0,0.0
2024-10-09 13:30:00-04:00,62.869998931884766,62.939998626708984,62.869998931884766,62.880001068115234,1967,0.0,0.0
2024-10-09 13:35:00-04:00,62.93000030517578,62.93000030517578,62.83000183105469,62.89500045776367,3307,0.0,0.0
2024-10-09 13:40:00-04:00,62.959999084472656,63.029998779296875,62.959999084472656,63.01499938964844,3018,0.0,0.0
2024-10-09 13:45:00-04:00,63.0099983215332,63.0099983215332,62.91999816894531,62.91999816894531,1178,0.0,0.0
2024-10-09 13:50:00-04:00,62.90999984741211,62.90999984741211,62.7599983215332,62.834999084472656,3041,0.0,0.0
2024-10-09 13:55:00-04:00,62.810001373291016,62.8650016784668,62.810001373291016,62.8650016784668,1439,0.0,0.0
2024-10-09 14:00:00-04:00,62.83000183105469,62.83000183105469,62.83000183105469,62.83000183105469,688,0.0,0.0
2024-10-09 14:05:00-04:00,62.849998474121094,62.849998474121094,62.810001373291016,62.810001373291016,1101,0.0,0.0
2024-10-09 14:10:00-04:00,62.81999969482422,62.81999969482422,62.79999923706055,62.79999923706055,1326,0.0,0.0
2024-10-09 14:15:00-04:00,62.82749938964844,62.82749938964844,62.529998779296875,62.529998779296875,3266,0.0,0.0
2024-10-09 14:20:00-04:00,62.529998779296875,62.6349983215332,62.529998779296875,62.6349983215332,2675,0.0,0.0
2024-10-09 14:25:00-04:00,62.65999984741211,62.65999984741211,62.6349983215332,62.6349983215332,1536,0.0,0.0
2024-10-09 14:30:00-04:00,62.654998779296875,62.70500183105469,62.654998779296875,62.66999816894531,1971,0.0,0.0
2024-10-09 14:35:00-04:00,62.63999938964844,62.70500183105469,62.630001068115234,62.70500183105469,1731,0.0,0.0
2024-10-09 14:40:00-04:00,62.66999816894531,62.66999816894531,62.630001068115234,62.630001068115234,1174,0.0,0.0
2024-10-09 14:45:00-04:00,62.654998779296875,62.654998779296875,62.58000183105469,62.61000061035156,1398,0.0,0.0
2024-10-09 14:50:00-04:00,62.66999816894531,62.685001373291016,62.60499954223633,62.685001373291016,2922,0.0,0.0
2024-10-09 14:55:00-04:00,62.685001373291016,62.685001373291016,62.560001373291016,62.560001373291016,1726,0.0,0.0
2024-10-09 15:00:00-04:00,62.474998474121094,62.51499938964844,62.459999084472656,62.51499938964844,2336,0.0,0.0
2024-10-09 15:05:00-04:00,62.59000015258789,62.60499954223633,62.540000915527344,62.540000915527344,1586,0.0,0.0
2024-10-09 15:10:00-04:00,62.53499984741211,62.53499984741211,62.45000076293945,62.45000076293945,2192,0.0,0.0
2024-10-09 15:15:00-04:00,62.470001220703125,62.540000915527344,62.40999984741211,62.540000915527344,2062,0.0,0.0
2024-10-09 15:20:00-04:00,62.55500030517578,62.56999969482422,62.5099983215332,62.51499938964844,2249,0.0,0.0
2024-10-09 15:25:00-04:00,62.47999954223633,62.630001068115234,62.47999954223633,62.525001525878906,5105,0.0,0.0
2024-10-09 15:30:00-04:00,62.5,62.54499816894531,62.47999954223633,62.53499984741211,2908,0.0,0.0
2024-10-09 15:35:00-04:00,62.540000915527344,62.599998474121094,62.470001220703125,62.599998474121094,5220,0.0,0.0
2024-10-09 15:40:00-04:00,62.6150016784668,62.6150016784668,62.58000183105469,62.6150016784668,2329,0.0,0.0
2024-10-09 15:45:00-04:00,62.599998474121094,62.615699768066406,62.4900016784668,62.6150016784668,12178,0.0,0.0
2024-10-09 15:50:00-04:00,62.63999938964844,62.709999084472656,62.599998474121094,62.630001068115234,26214,0.0,0.0
2024-10-09 15:55:00-04:00,62.649898529052734,62.649898529052734,62.52000045776367,62.54999923706055,41394,0.0,0.0
2024-10-10 09:30:00-04:00,61.91999816894531,62.005001068115234,61.5,61.59000015258789,6109,0.0,0.0
2024-10-10 09:35:00-04:00,61.59000015258789,61.59000015258789,61.34000015258789,61.34000015258789,2367,0.0,0.0
2024-10-10 09:40:00-04:00,61.48500061035156,61.679901123046875,61.290000915527344,61.679901123046875,1634,0.0,0.0
2024-10-10 09:45:00-04:00,61.29999923706055,61.29999923706055,60.959999084472656,61.029998779296875,4063,0.0,0.0
2024-10-10 09:50:00-04:00,61.03499984741211,61.22999954223633,60.959999084472656,61.22999954223633,2924,0.0,0.0
2024-10-10 09:55:00-04:00,61.25,61.31999969482422,61.22999954223633,61.30500030517578,8293,0.0,0.0
2024-10-10 10:00:00-04:00,61.13999938964844,61.34000015258789,61.13999938964844,61.255001068115234,3574,0.0,0.0
2024-10-10 10:05:00-04:00,61.349998474121094,61.349998474121094,61.349998474121094,61.349998474121094,696,0.0,0.0
2024-10-10 10:10:00-04:00,61.23500061035156,61.23500061035156,61.23500061035156,61.23500061035156,1362,0.0,0.0
2024-10-10 10:20:00-04:00,61.22999954223633,61.369998931884766,61.22999954223633,61.310001373291016,2219,0.0,0.0
2024-10-10 10:25:00-04:00,61.369998931884766,61.40999984741211,61.17499923706055,61.17499923706055,2778,0.0,0.0
2024-10-10 10:30:00-04:00,61.16600036621094,61.185001373291016,60.959999084472656,60.959999084472656,10238,0.0,0.0
2024-10-10 10:35:00-04:00,60.91999816894531,60.91999816894531,60.84000015258789,60.84000015258789,3225,0.0,0.0
2024-10-10 10:40:00-04:00,60.849998474121094,60.849998474121094,60.69499969482422,60.69499969482422,5705,0.0,0.0
2024-10-10 10:45:00-04:00,60.619998931884766,60.78799819946289,60.619998931884766,60.69499969482422,2610,0.0,0.0
2024-10-10 10:50:00-04:00,60.689998626708984,60.689998626708984,60.66999816894531,60.66999816894531,1180,0.0,0.0
2024-10-10 10:55:00-04:00,60.7599983215332,60.98749923706055,60.7599983215332,60.95000076293945,5755,0.0,0.0
2024-10-10 11:00:00-04:00,60.869998931884766,60.96500015258789,60.849998474121094,60.96500015258789,5746,0.0,0.0
2024-10-10 11:05:00-04:00,60.970001220703125,60.970001220703125,60.90999984741211,60.90999984741211,1530,0.0,0.0
2024-10-10 11:10:00-04:00,60.97999954223633,61.0,60.95000076293945,61.0,2447,0.0,0.0
2024-10-10 11:15:00-04:00,61.06050109863281,61.06050109863281,61.0,61.0,3475,0.0,0.0
2024-10-10 11:25:00-04:00,60.959999084472656,61.0099983215332,60.935001373291016,60.9900016784668,4453,0.0,0.0
2024-10-10 11:30:00-04:00,60.939998626708984,60.94499969482422,60.939998626708984,60.94499969482422,1572,0.0,0.0
2024-10-10 11:35:00-04:00,60.939998626708984,60.939998626708984,60.869998931884766,60.869998931884766,1827,0.0,0.0
2024-10-10 11:40:00-04:00,60.814998626708984,60.814998626708984,60.814998626708984,60.814998626708984,583,0.0,0.0
2024-10-10 11:45:00-04:00,60.7599983215332,60.7599983215332,60.65999984741211,60.689998626708984,1261,0.0,0.0
2024-10-10 11:50:00-04:00,60.61000061035156,60.6349983215332,60.470001220703125,60.540000915527344,2001,0.0,0.0
2024-10-10 11:55:00-04:00,60.540000915527344,60.540000915527344,60.540000915527344,60.540000915527344,1463,0.0,0.0
2024-10-10 12:00:00-04:00,60.58000183105469,60.59000015258789,60.34000015258789,60.34000015258789,8311,0.0,0.0
2024-10-10 12:05:00-04:00,60.34000015258789,60.375,60.2599983215332,60.2599983215332,8304,0.0,0.0
2024-10-10 12:10:00-04:00,60.309898376464844,60.309898376464844,60.2599983215332,60.2599983215332,935,0.0,0.0
2024-10-10 12:15:00-04:00,60.220001220703125,60.220001220703125,60.11000061035156,60.11000061035156,2287,0.0,0.0
2024-10-10 12:20:00-04:00,60.15999984741211,60.15999984741211,60.14500045776367,60.14500045776367,1414,0.0,0.0
2024-10-10 12:25:00-04:00,60.119998931884766,60.1609992980957,60.099998474121094,60.130001068115234,3009,0.0,0.0
2024-10-10 12:30:00-04:00,60.1349983215332,60.18000030517578,60.099998474121094,60.13999938964844,10761,0.0,0.0
2024-10-10 12:35:00-04:00,60.08000183105469,60.08000183105469,60.08000183105469,60.08000183105469,1050,0.0,0.0
2024-10-10 12:40:00-04:00,60.0099983215332,60.067501068115234,59.959999084472656,59.959999084472656,2895,0.0,0.0
2024-10-10 12:45:00-04:00,59.91999816894531,59.96649932861328,59.869998931884766,59.902801513671875,2044,0.0,0.0
2024-10-10 12:50:00-04:00,59.92499923706055,59.939998626708984,59.900001525878906,59.90999984741211,1392,0.0,0.0
2024-10-10 12:55:00-04:00,59.915000915527344,60.0,59.915000915527344,59.95000076293945,11643,0.0,0.0
2024-10-10 13:00:00-04:00,59.974998474121094,59.974998474121094,59.974998474121094,59.974998474121094,765,0.0,0.0
2024-10-10 13:05:00-04:00,59.959999084472656,60.084999084472656,59.95000076293945,59.97999954223633,4380,0.0,0.0
2024-10-10 13:10:00-04:00,59.970001220703125,60.01499938964844,59.970001220703125,59.974998474121094,731,0.0,0.0
2024-10-10 13:15:00-04:00,60.029998779296875,60.08000183105469,59.977500915527344,60.03499984741211,2516,0.0,0.0
2024-10-10 13:20:00-04:00,60.060001373291016,60.08000183105469,60.03499984741211,60.04999923706055,2988,0.0,0.0
2024-10-10 13:25:00-04:00,60.09000015258789,60.11989974975586,60.06999969482422,60.06999969482422,2060,0.0,0.0
2024-10-10 13:30:00-04:00,60.029998779296875,60.04499816894531,60.0,60.02000045776367,5036,0.0,0.0
2024-10-10 13:35:00-04:00,59.98500061035156,60.01499938964844,59.98500061035156,60.01499938964844,1254,0.0,0.0
2024-10-10 13:40:00-04:00,60.06999969482422,60.06999969482422,60.02000045776367,60.06999969482422,1412,0.0,0.0
2024-10-10 13:45:00-04:00,60.09000015258789,60.09000015258789,59.90999984741211,59.90999984741211,2770,0.0,0.0
2024-10-10 13:50:00-04:00,59.90999984741211,60.029998779296875,59.83000183105469,60.029998779296875,3523,0.0,0.0
2024-10-10 13:55:00-04:00,60.02009963989258,60.217498779296875,60.02009963989258,60.217498779296875,2064,0.0,0.0
2024-10-10 14:00:00-04:00,60.18000030517578,60.18000030517578,60.18000030517578,60.18000030517578,358,0.0,0.0
2024-10-10 14:05:00-04:00,60.17499923706055,60.17499923706055,60.17499923706055,60.17499923706055,1262,0.0,0.0
2024-10-10 14:10:00-04:00,60.14670181274414,60.14670181274414,60.08000183105469,60.08000183105469,1099,0.0,0.0
2024-10-10 14:15:00-04:00,60.133201599121094,60.13999938964844,60.133201599121094,60.13999938964844,1648,0.0,0.0
2024-10-10 14:20:00-04:00,60.040000915527344,60.040000915527344,59.994998931884766,59.994998931884766,610,0.0,0.0
2024-10-10 14:25:00-04:00,59.994998931884766,60.06760025024414,59.994998931884766,60.06760025024414,1452,0.0,0.0
2024-10-10 14:30:00-04:00,60.0,60.0,59.95000076293945,59.97999954223633,1963,0.0,0.0
2024-10-10 14:40:00-04:00,59.880001068115234,59.90999984741211,59.7400016784668,59.78099822998047,4447,0.0,0.0
2024-10-10 14:45:00-04:00,59.849998474121094,59.9900016784668,59.849998474121094,59.96659851074219,3014,0.0,0.0
2024-10-10 14:55:00-04:00,59.94499969482422,60.0,59.94499969482422,60.0,621,0.0,0.0
2024-10-10 15:00:00-04:00,60.02000045776367,60.025001525878906,59.939998626708984,59.974998474121094,1825,0.0,0.0
2024-10-10 15:05:00-04:00,59.970001220703125,59.970001220703125,59.970001220703125,59.970001220703125,1374,0.0,0.0
2024-10-10 15:10:00-04:00,59.97999954223633,59.9900016784668,59.959999084472656,59.97999954223633,1086,0.0,0.0
2024-10-10 15:15:00-04:00,59.93000030517578,59.96220016479492,59.91600036621094,59.939998626708984,1634,0.0,0.0
2024-10-10 15:20:00-04:00,59.93000030517578,59.93000030517578,59.85499954223633,59.86000061035156,2146,0.0,0.0
2024-10-10 15:25:00-04:00,59.86000061035156,59.88249969482422,59.814998626708984,59.814998626708984,1997,0.0,0.0
2024-10-10 15:30:00-04:00,59.834999084472656,59.900001525878906,59.784000396728516,59.790000915527344,7829,0.0,0.0
2024-10-10 15:35:00-04:00,59.810001373291016,59.849998474121094,59.80500030517578,59.849998474121094,2797,0.0,0.0
2024-10-10 15:40:00-04:00,59.849998474121094,59.849998474121094,59.654998779296875,59.654998779296875,9510,0.0,0.0
2024-10-10 15:45:00-04:00,59.650001525878906,59.71500015258789,59.611000061035156,59.63999938964844,11230,0.0,0.0
2024-10-10 15:50:00-04:00,59.642398834228516,59.749900817871094,59.625,59.625,30205,0.0,0.0
2024-10-10 15:55:00-04:00,59.6150016784668,59.634300231933594,59.369998931884766,59.43000030517578,73933,0.0,0.0
2024-10-11 09:30:00-04:00,59.36000061035156,59.7859992980957,59.36000061035156,59.7859992980957,3416,0.0,0.0
2024-10-11 09:35:00-04:00,59.86000061035156,59.97999954223633,59.5,59.720001220703125,990,0.0,0.0
2024-10-11 09:40:00-04:00,59.755001068115234,60.04999923706055,59.755001068115234,60.03499984741211,4103,0.0,0.0
2024-10-11 09:45:00-04:00,60.03499984741211,60.03499984741211,59.849998474121094,59.88999938964844,4044,0.0,0.0
2024-10-11 09:55:00-04:00,59.88999938964844,59.9900016784668,59.88999938964844,59.91999816894531,3064,0.0,0.0
2024-10-11 10:00:00-04:00,59.849998474121094,60.317501068115234,59.80500030517578,60.29499816894531,14686,0.0,0.0
2024-10-11 10:05:00-04:00,60.22999954223633,60.400001525878906,60.220001220703125,60.34000015258789,4895,0.0,0.0
2024-10-11 10:10:00-04:00,60.34000015258789,60.757999420166016,60.34000015258789,60.7400016784668,13561,0.0,0.0
2024-10-11 10:15:00-04:00,60.65999984741211,60.818599700927734,60.65999984741211,60.79999923706055,3512,0.0,0.0
2024-10-11 10:20:00-04:00,60.84370040893555,60.84370040893555,60.57749938964844,60.57749938964844,4622,0.0,0.0
2024-10-11 10:25:00-04:00,60.554500579833984,60.650001525878906,60.494998931884766,60.650001525878906,4781,0.0,0.0
2024-10-11 10:30:00-04:00,60.59000015258789,60.657501220703125,60.58000183105469,60.657501220703125,1978,0.0,0.0
2024-10-11 10:35:00-04:00,60.650001525878906,60.650001525878906,60.560001373291016,60.58000183105469,1791,0.0,0.0
2024-10-11 10:40:00-04:00,60.61000061035156,60.61000061035156,60.58000183105469,60.584999084472656,1234,0.0,0.0
2024-10-11 10:45:00-04:00,60.560001373291016,60.67499923706055,60.560001373291016,60.67499923706055,3054,0.0,0.0
2024-10-11 10:50:00-04:00,60.685001373291016,60.79999923706055,60.650001525878906,60.744998931884766,6137,0.0,0.0
2024-10-11 10:55:00-04:00,60.84000015258789,60.86000061035156,60.779998779296875,60.83000183105469,1844,0.0,0.0
2024-10-11 11:00:00-04:00,60.814998626708984,60.875,60.709999084472656,60.709999084472656,4977,0.0,0.0
2024-10-11 11:05:00-04:00,60.82500076293945,60.869998931884766,60.81999969482422,60.869998931884766,861,0.0,0.0
2024-10-11 11:15:00-04:00,60.939998626708984,60.939998626708984,60.900001525878906,60.900001525878906,1361,0.0,0.0
2024-10-11 11:20:00-04:00,60.84000015258789,60.84000015258789,60.685001373291016,60.685001373291016,8506,0.0,0.0
2024-10-11 11:25:00-04:00,60.689998626708984,60.689998626708984,60.599998474121094,60.599998474121094,1532,0.0,0.0
2024-10-11 11:30:00-04:00,60.689998626708984,60.70180130004883,60.560001373291016,60.6349983215332,3797,0.0,0.0
2024-10-11 11:35:00-04:00,60.66999816894531,60.75870132446289,60.66999816894531,60.75870132446289,1070,0.0,0.0
2024-10-11 11:40:00-04:00,60.69499969482422,60.69499969482422,60.63999938964844,60.63999938964844,1049,0.0,0.0
2024-10-11 11:45:00-04:00,60.630001068115234,60.665000915527344,60.43000030517578,60.4900016784668,2204,0.0,0.0
2024-10-11 11:50:00-04:00,60.5,60.5,60.41999816894531,60.5,1700,0.0,0.0
2024-10-11 11:55:00-04:00,60.51499938964844,60.589900970458984,60.51499938964844,60.52000045776367,1398,0.0,0.0
2024-10-11 12:00:00-04:00,60.52000045776367,60.52000045776367,60.45000076293945,60.505001068115234,620,0.0,0.0
2024-10-11 12:05:00-04:00,60.525001525878906,60.525001525878906,60.345001220703125,60.40999984741211,2461,0.0,0.0
2024-10-11 12:10:00-04:00,60.38999938964844,60.46139907836914,60.38999938964844,60.46139907836914,556,0.0,0.0
2024-10-11 12:15:00-04:00,60.41999816894531,60.599998474121094,60.415000915527344,60.584999084472656,17603,0.0,0.0
2024-10-11 12:20:00-04:00,60.584999084472656,60.599998474121094,60.584999084472656,60.59000015258789,1238,0.0,0.0
2024-10-11 12:25:00-04:00,60.56999969482422,60.619998931884766,60.56999969482422,60.619998931884766,1807,0.0,0.0
2024-10-11 12:30:00-04:00,60.59000015258789,60.6150016784668,60.59000015258789,60.6150016784668,1164,0.0,0.0
2024-10-11 12:40:00-04:00,60.599998474121094,60.60499954223633,60.560001373291016,60.560001373291016,1661,0.0,0.0
2024-10-11 12:45:00-04:00,60.58000183105469,60.58000183105469,60.529998779296875,60.540000915527344,2471,0.0,0.0
2024-10-11 12:50:00-04:00,60.540000915527344,60.540000915527344,60.529998779296875,60.529998779296875,832,0.0,0.0
2024-10-11 12:55:00-04:00,60.540000915527344,60.540000915527344,60.4900016784668,60.53499984741211,1061,0.0,0.0
2024-10-11 13:05:00-04:00,60.529998779296875,60.70500183105469,60.52000045776367,60.63999938964844,8300,0.0,0.0
2024-10-11 13:10:00-04:00,60.63999938964844,60.64500045776367,60.63999938964844,60.64500045776367,1298,0.0,0.0
2024-10-11 13:15:00-04:00,60.61000061035156,60.64250183105469,60.599998474121094,60.64250183105469,647,0.0,0.0
2024-10-11 13:20:00-04:00,60.619998931884766,60.63999938964844,60.59000015258789,60.6349983215332,1951,0.0,0.0
2024-10-11 13:25:00-04:00,60.6349983215332,60.6349983215332,60.6349983215332,60.6349983215332,120,0.0,0.0
2024-10-11 13:30:00-04:00,60.63999938964844,60.63999938964844,60.599998474121094,60.63999938964844,1842,0.0,0.0
2024-10-11 13:35:00-04:00,60.630001068115234,60.689998626708984,60.630001068115234,60.650001525878906,6035,0.0,0.0
2024-10-11 13:40:00-04:00,60.685001373291016,60.685001373291016,60.650001525878906,60.685001373291016,629,0.0,0.0
2024-10-11 13:45:00-04:00,60.69499969482422,61.08000183105469,60.68000030517578,60.88999938964844,29553,0.0,0.0
2024-10-11 13:50:00-04:00,60.93000030517578,60.93000030517578,60.93000030517578,60.93000030517578,571,0.0,0.0
2024-10-11 13:55:00-04:00,60.93000030517578,60.93000030517578,60.86000061035156,60.88010025024414,1806,0.0,0.0
2024-10-11 14:00:00-04:00,60.88999938964844,60.900001525878906,60.880001068115234,60.8849983215332,2036,0.0,0.0
2024-10-11 14:05:00-04:00,60.95000076293945,61.09000015258789,60.90999984741211,61.04999923706055,7282,0.0,0.0
2024-10-11 14:10:00-04:00,61.08000183105469,61.095001220703125,60.970001220703125,60.970001220703125,4336,0.0,0.0
2024-10-11 14:15:00-04:00,61.04999923706055,61.04999923706055,61.029998779296875,61.040000915527344,2218,0.0,0.0
2024-10-11 14:20:00-04:00,61.0,61.04999923706055,60.939998626708984,60.939998626708984,2590,0.0,0.0
2024-10-11 14:25:00-04:00,60.959999084472656,60.959999084472656,60.959999084472656,60.959999084472656,413,0.0,0.0
2024-10-11 14:30:00-04:00,61.0,61.040000915527344,61.0,61.040000915527344,507,0.0,0.0
2024-10-11 14:35:00-04:00,61.0,61.04990005493164,60.90999984741211,60.9109992980957,3052,0.0,0.0
2024-10-11 14:40:00-04:00,60.95000076293945,60.95000076293945,60.88999938964844,60.935001373291016,2054,0.0,0.0
2024-10-11 14:45:00-04:00,60.935001373291016,60.935001373291016,60.935001373291016,60.935001373291016,253,0.0,0.0
2024-10-11 14:50:00-04:00,60.935001373291016,60.935001373291016,60.935001373291016,60.935001373291016,123,0.0,0.0
2024-10-11 14:55:00-04:00,60.935001373291016,60.939998626708984,60.880001068115234,60.93000030517578,2399,0.0,0.0
2024-10-11 15:00:00-04:00,60.935001373291016,60.95000076293945,60.85499954223633,60.869998931884766,9811,0.0,0.0
2024-10-11 15:05:00-04:00,60.84000015258789,61.119998931884766,60.7400016784668,61.11000061035156,95723,0.0,0.0
2024-10-11 15:10:00-04:00,61.189998626708984,61.310001373291016,61.15999984741211,61.310001373291016,12077,0.0,0.0
2024-10-11 15:15:00-04:00,61.31999969482422,61.529998779296875,61.29999923706055,61.470001220703125,59053,0.0,0.0
2024-10-11 15:20:00-04:00,61.439998626708984,61.47999954223633,61.375,61.41999816894531,7476,0.0,0.0
2024-10-11 15:25:00-04:00,61.380001068115234,61.43000030517578,61.29999923706055,61.31999969482422,6372,0.0,0.0
2024-10-11 15:30:00-04:00,61.380001068115234,61.439998626708984,61.29999923706055,61.39500045776367,9824,0.0,0.0
2024-10-11 15:35:00-04:00,61.38999938964844,61.470001220703125,61.380001068115234,61.439998626708984,15360,0.0,0.0
2024-10-11 15:40:00-04:00,61.45000076293945,61.51499938964844,61.44499969482422,61.505001068115234,14142,0.0,0.0
2024-10-11 15:45:00-04:00,61.47999954223633,61.47999954223633,61.3650016784668,61.474998474121094,17937,0.0,0.0
2024-10-11 15:50:00-04:00,61.474998474121094,61.5,61.400001525878906,61.459999084472656,14908,0.0,0.0
2024-10-11 15:55:00-04:00,61.48500061035156,61.540000915527344,61.279998779296875,61.52000045776367,60823,0.0,0.0
2024-10-14 09:30:00-04:00,61.349998474121094,61.665000915527344,61.099998474121094,61.099998474121094,3720,0.0,0.0
2024-10-14 09:35:00-04:00,61.14739990234375,61.58000183105469,61.14739990234375,61.58000183105469,1083,0.0,0.0
2024-10-14 09:50:00-04:00,61.630001068115234,61.630001068115234,61.404998779296875,61.404998779296875,912,0.0,0.0
2024-10-14 09:55:00-04:00,61.18009948730469,61.18009948730469,61.18009948730469,61.18009948730469,418,0.0,0.0
2024-10-14 10:00:00-04:00,61.529998779296875,61.529998779296875,61.439998626708984,61.439998626708984,704,0.0,0.0
2024-10-14 10:05:00-04:00,61.439998626708984,61.47999954223633,61.38999938964844,61.38999938964844,1685,0.0,0.0
2024-10-14 10:10:00-04:00,61.5,61.630001068115234,61.400001525878906,61.470001220703125,2886,0.0,0.0
2024-10-14 10:15:00-04:00,61.470001220703125,61.470001220703125,61.45000076293945,61.45500183105469,943,0.0,0.0
2024-10-14 10:20:00-04:00,61.4900016784668,61.56999969482422,61.4900016784668,61.56999969482422,617,0.0,0.0
2024-10-14 10:25:00-04:00,61.595001220703125,61.599998474121094,61.595001220703125,61.599998474121094,826,0.0,0.0
2024-10-14 10:30:00-04:00,61.5,61.630001068115234,61.4900016784668,61.59000015258789,8022,0.0,0.0
2024-10-14 10:35:00-04:00,61.59000015258789,61.599998474121094,61.470001220703125,61.5,3641,0.0,0.0
2024-10-14 10:40:00-04:00,61.58000183105469,61.58000183105469,61.58000183105469,61.58000183105469,362,0.0,0.0
2024-10-14 10:45:00-04:00,61.58000183105469,61.58000183105469,61.58000183105469,61.58000183105469,941,0.0,0.0
2024-10-14 10:50:00-04:00,61.47999954223633,61.53499984741211,61.47999954223633,61.525001525878906,870,0.0,0.0
2024-10-14 10:55:00-04:00,61.55500030517578,61.63999938964844,61.54999923706055,61.61000061035156,2159,0.0,0.0
2024-10-14 11:00:00-04:00,61.69990158081055,61.69990158081055,61.540000915527344,61.630001068115234,945,0.0,0.0
2024-10-14 11:05:00-04:00,61.529998779296875,61.67829895019531,61.52000045776367,61.67829895019531,3319,0.0,0.0
2024-10-14 11:10:00-04:00,61.627498626708984,61.70000076293945,61.43000030517578,61.529998779296875,3525,0.0,0.0
2024-10-14 11:15:00-04:00,61.560001373291016,61.58000183105469,61.560001373291016,61.58000183105469,432,0.0,0.0
2024-10-14 11:20:00-04:00,61.540000915527344,61.55500030517578,61.48500061035156,61.48500061035156,2512,0.0,0.0
2024-10-14 11:25:00-04:00,61.5099983215332,61.5099983215332,61.5099983215332,61.5099983215332,256,0.0,0.0
2024-10-14 11:30:00-04:00,61.459999084472656,61.459999084472656,61.40999984741211,61.40999984741211,656,0.0,0.0
2024-10-14 11:35:00-04:00,61.43000030517578,61.47999954223633,61.43000030517578,61.47999954223633,993,0.0,0.0
2024-10-14 11:40:00-04:00,61.52000045776367,61.630001068115234,61.52000045776367,61.630001068115234,1718,0.0,0.0
2024-10-14 11:45:00-04:00,61.560001373291016,61.560001373291016,61.43000030517578,61.5,2104,0.0,0.0
2024-10-14 11:50:00-04:00,61.5099983215332,61.5099983215332,61.439998626708984,61.5099983215332,952,0.0,0.0
2024-10-14 11:55:00-04:00,61.470001220703125,61.529998779296875,61.439998626708984,61.439998626708984,1359,0.0,0.0
2024-10-14 12:00:00-04:00,61.400001525878906,61.400001525878906,61.400001525878906,61.400001525878906,573,0.0,0.0
2024-10-14 12:05:00-04:00,61.43000030517578,61.48500061035156,61.41999816894531,61.474998474121094,1129,0.0,0.0
2024-10-14 12:10:00-04:00,61.540000915527344,61.57500076293945,61.4900016784668,61.4900016784668,783,0.0,0.0
2024-10-14 12:15:00-04:00,61.4900016784668,61.4900016784668,61.43000030517578,61.47999954223633,2059,0.0,0.0
2024-10-14 12:20:00-04:00,61.41999816894531,61.45500183105469,61.41999816894531,61.42499923706055,1057,0.0,0.0
2024-10-14 12:25:00-04:00,61.470001220703125,61.53499984741211,61.43000030517578,61.43000030517578,3652,0.0,0.0
2024-10-14 12:30:00-04:00,61.38999938964844,61.45000076293945,61.38999938964844,61.38999938964844,1131,0.0,0.0
2024-10-14 12:35:00-04:00,61.43000030517578,61.45000076293945,61.38999938964844,61.38999938964844,914,0.0,0.0
2024-10-14 12:40:00-04:00,61.400001525878906,61.43000030517578,61.400001525878906,61.43000030517578,1209,0.0,0.0
2024-10-14 12:45:00-04:00,61.40999984741211,61.459999084472656,61.40999984741211,61.459999084472656,1261,0.0,0.0
2024-10-14 12:50:00-04:00,61.46500015258789,61.46500015258789,61.36000061035156,61.41999816894531,1777,0.0,0.0
2024-10-14 12:55:00-04:00,61.41999816894531,61.470001220703125,61.349998474121094,61.46500015258789,1665,0.0,0.0
2024-10-14 13:00:00-04:00,61.40999984741211,61.41999816894531,61.40999984741211,61.40999984741211,977,0.0,0.0
2024-10-14 13:05:00-04:00,61.44499969482422,61.45000076293945,61.40999984741211,61.41999816894531,1641,0.0,0.0
2024-10-14 13:10:00-04:00,61.380001068115234,61.380001068115234,61.31999969482422,61.33000183105469,922,0.0,0.0
2024-10-14 13:15:00-04:00,61.36000061035156,61.36000061035156,61.29999923706055,61.29999923706055,893,0.0,0.0
2024-10-14 13:20:00-04:00,61.290000915527344,61.290000915527344,61.27000045776367,61.27000045776367,467,0.0,0.0
2024-10-14 13:25:00-04:00,61.279998779296875,61.29999923706055,61.189998626708984,61.29999923706055,1392,0.0,0.0
2024-10-14 13:30:00-04:00,61.2599983215332,61.2599983215332,61.209999084472656,61.209999084472656,1291,0.0,0.0
2024-10-14 13:35:00-04:00,61.26499938964844,61.26499938964844,61.220001220703125,61.220001220703125,1326,0.0,0.0
2024-10-14 13:40:00-04:00,61.290000915527344,61.314998626708984,61.209999084472656,61.314998626708984,1551,0.0,0.0
2024-10-14 13:45:00-04:00,61.31999969482422,61.31999969482422,61.22999954223633,61.22999954223633,2274,0.0,0.0
2024-10-14 13:50:00-04:00,61.28499984741211,61.464298248291016,61.220001220703125,61.380001068115234,3352,0.0,0.0
2024-10-14 13:55:00-04:00,61.380001068115234,61.52000045776367,61.380001068115234,61.459999084472656,1331,0.0,0.0
2024-10-14 14:00:00-04:00,61.38999938964844,61.443599700927734,61.279998779296875,61.443599700927734,2233,0.0,0.0
2024-10-14 14:05:00-04:00,61.29999923706055,61.380001068115234,61.29999923706055,61.34000015258789,1509,0.0,0.0
2024-10-14 14:10:00-04:00,61.34000015258789,61.400001525878906,61.31999969482422,61.38999938964844,1146,0.0,0.0
2024-10-14 14:15:00-04:00,61.38999938964844,61.38999938964844,61.38999938964844,61.38999938964844,706,0.0,0.0
2024-10-14 14:20:00-04:00,61.36000061035156,61.415000915527344,61.349998474121094,61.349998474121094,402,0.0,0.0
2024-10-14 14:25:00-04:00,61.380001068115234,61.43000030517578,61.380001068115234,61.43000030517578,3056,0.0,0.0
2024-10-14 14:30:00-04:00,61.41999816894531,61.5,61.41999816894531,61.5,1021,0.0,0.0
2024-10-14 14:35:00-04:00,61.52000045776367,61.52000045776367,61.470001220703125,61.470001220703125,667,0.0,0.0
2024-10-14 14:40:00-04:00,61.5,61.505001068115234,61.45000076293945,61.45000076293945,1432,0.0,0.0
2024-10-14 14:45:00-04:00,61.5,61.6150016784668,61.5,61.54999923706055,4536,0.0,0.0
2024-10-14 14:50:00-04:00,61.6150016784668,61.619998931884766,61.54999923706055,61.592498779296875,2957,0.0,0.0
2024-10-14 14:55:00-04:00,61.560001373291016,61.560001373291016,61.459999084472656,61.4900016784668,1298,0.0,0.0
2024-10-14 15:00:00-04:00,61.53499984741211,61.58000183105469,61.5,61.58000183105469,1805,0.0,0.0
2024-10-14 15:05:00-04:00,61.57500076293945,61.599998474121094,61.54999923706055,61.595001220703125,2000,0.0,0.0
2024-10-14 15:10:00-04:00,61.560001373291016,61.595001220703125,61.560001373291016,61.595001220703125,1088,0.0,0.0
2024-10-14 15:15:00-04:00,61.599998474121094,61.6349983215332,61.58000183105469,61.6349983215332,4708,0.0,0.0
2024-10-14 15:20:00-04:00,61.63999938964844,61.63999938964844,61.564998626708984,61.59000015258789,2836,0.0,0.0
2024-10-14 15:25:00-04:00,61.58000183105469,61.59000015258789,61.47999954223633,61.5,2743,0.0,0.0
2024-10-14 15:30:00-04:00,61.529998779296875,61.60499954223633,61.5099983215332,61.60499954223633,4321,0.0,0.0
2024-10-14 15:35:00-04:00,61.59000015258789,61.650001525878906,61.54249954223633,61.54249954223633,7533,0.0,0.0
2024-10-14 15:40:00-04:00,61.529998779296875,61.560001373291016,61.4900016784668,61.4900016784668,2162,0.0,0.0
2024-10-14 15:45:00-04:00,61.4900016784668,61.52000045776367,61.41999816894531,61.52000045776367,6444,0.0,0.0
2024-10-14 15:50:00-04:00,61.540000915527344,61.540000915527344,61.2599983215332,61.459999084472656,11210,0.0,0.0
2024-10-14 15:55:00-04:00,61.459999084472656,61.540000915527344,61.36000061035156,61.47999954223633,34741,0.0,0.0
2024-10-15 09:30:00-04:00,61.31999969482422,61.31999969482422,61.31999969482422,61.31999969482422,7776,0.0,0.0
2024-10-15 09:35:00-04:00,61.33000183105469,61.3650016784668,61.21500015258789,61.21500015258789,1260,0.0,0.0
2024-10-15 09:40:00-04:00,61.22999954223633,61.314998626708984,61.22999954223633,61.2400016784668,609,0.0,0.0
2024-10-15 09:45:00-04:00,61.2599983215332,61.2599983215332,61.125,61.125,998,0.0,0.0
2024-10-15 09:55:00-04:00,61.189998626708984,61.209999084472656,60.84000015258789,60.935001373291016,3927,0.0,0.0
2024-10-15 10:00:00-04:00,61.029998779296875,61.15999984741211,61.029998779296875,61.07609939575195,1953,0.0,0.0
2024-10-15 10:05:00-04:00,61.130001068115234,61.220001220703125,61.130001068115234,61.154998779296875,1890,0.0,0.0
2024-10-15 10:10:00-04:00,61.01499938964844,61.275001525878906,60.98500061035156,61.165000915527344,7097,0.0,0.0
2024-10-15 10:15:00-04:00,61.290000915527344,61.310001373291016,61.290000915527344,61.310001373291016,666,0.0,0.0
2024-10-15 10:20:00-04:00,61.22999954223633,61.22999954223633,61.22999954223633,61.22999954223633,289,0.0,0.0
2024-10-15 10:25:00-04:00,61.2400016784668,61.2400016784668,61.040000915527344,61.040000915527344,653,0.0,0.0
2024-10-15 10:30:00-04:00,61.239898681640625,61.239898681640625,61.04999923706055,61.09000015258789,919,0.0,0.0
2024-10-15 10:35:00-04:00,61.05500030517578,61.05500030517578,61.05500030517578,61.05500030517578,429,0.0,0.0
2024-10-15 10:40:00-04:00,60.939998626708984,60.95399856567383,60.939998626708984,60.95399856567383,793,0.0,0.0
2024-10-15 10:45:00-04:00,60.98249816894531,61.029998779296875,60.98249816894531,61.029998779296875,2316,0.0,0.0
2024-10-15 10:50:00-04:00,61.189998626708984,61.220001220703125,61.189998626708984,61.220001220703125,407,0.0,0.0
2024-10-15 10:55:00-04:00,61.150001525878906,61.150001525878906,61.05500030517578,61.05500030517578,459,0.0,0.0
2024-10-15 11:00:00-04:00,61.185001373291016,61.185001373291016,61.185001373291016,61.185001373291016,183,0.0,0.0
2024-10-15 11:10:00-04:00,61.23500061035156,61.23500061035156,61.1349983215332,61.1349983215332,1007,0.0,0.0
2024-10-15 11:15:00-04:00,61.09000015258789,61.09000015258789,61.08000183105469,61.080101013183594,937,0.0,0.0
2024-10-15 11:20:00-04:00,61.1421012878418,61.1421012878418,61.1421012878418,61.1421012878418,227,0.0,0.0
2024-10-15 11:25:00-04:00,61.08000183105469,61.11000061035156,61.02000045776367,61.02000045776367,1970,0.0,0.0
2024-10-15 11:35:00-04:00,61.029998779296875,61.029998779296875,60.79999923706055,60.79999923706055,2876,0.0,0.0
2024-10-15 11:40:00-04:00,60.810001373291016,60.810001373291016,60.7400016784668,60.7599983215332,1602,0.0,0.0
2024-10-15 11:45:00-04:00,60.7400016784668,60.869998931884766,60.7400016784668,60.869998931884766,2605,0.0,0.0
2024-10-15 11:50:00-04:00,60.935001373291016,60.96989822387695,60.83000183105469,60.83000183105469,2566,0.0,0.0
2024-10-15 11:55:00-04:00,60.849998474121094,60.849998474121094,60.75,60.75,889,0.0,0.0
2024-10-15 12:00:00-04:00,60.810001373291016,60.810001373291016,60.810001373291016,60.810001373291016,192,0.0,0.0
2024-10-15 12:05:00-04:00,60.837100982666016,60.93000030517578,60.837100982666016,60.93000030517578,2048,0.0,0.0
2024-10-15 12:15:00-04:00,60.95000076293945,60.96500015258789,60.95000076293945,60.959999084472656,1676,0.0,0.0
2024-10-15 12:20:00-04:00,60.970001220703125,60.970001220703125,60.970001220703125,60.970001220703125,626,0.0,0.0
2024-10-15 12:25:00-04:00,61.01499938964844,61.08000183105469,60.959999084472656,61.08000183105469,1397,0.0,0.0
2024-10-15 12:30:00-04:00,61.09000015258789,61.189998626708984,61.07500076293945,61.189998626708984,583,0.0,0.0
2024-10-15 12:35:00-04:00,61.189998626708984,61.189998626708984,61.11000061035156,61.11000061035156,658,0.0,0.0
2024-10-15 12:40:00-04:00,61.11000061035156,61.11000061035156,61.029998779296875,61.095001220703125,1940,0.0,0.0
2024-10-15 12:45:00-04:00,61.04999923706055,61.04999923706055,61.04999923706055,61.04999923706055,938,0.0,0.0
2024-10-15 12:50:00-04:00,61.060001373291016,61.084999084472656,61.04999923706055,61.04999923706055,924,0.0,0.0
2024-10-15 12:55:00-04:00,61.03499984741211,61.09000015258789,61.0,61.09000015258789,1298,0.0,0.0
2024-10-15 13:00:00-04:00,61.09000015258789,61.09000015258789,61.02000045776367,61.03499984741211,1022,0.0,0.0
2024-10-15 13:05:00-04:00,61.02000045776367,61.02000045776367,60.95000076293945,60.95000076293945,987,0.0,0.0
2024-10-15 13:10:00-04:00,60.93000030517578,60.959999084472656,60.86000061035156,60.93000030517578,1464,0.0,0.0
2024-10-15 13:15:00-04:00,60.970001220703125,60.970001220703125,60.900001525878906,60.900001525878906,553,0.0,0.0
2024-10-15 13:20:00-04:00,60.88999938964844,60.88999938964844,60.88999938964844,60.88999938964844,658,0.0,0.0
2024-10-15 13:25:00-04:00,60.900001525878906,60.970001220703125,60.900001525878906,60.970001220703125,770,0.0,0.0
2024-10-15 13:30:00-04:00,60.88999938964844,60.97999954223633,60.88999938964844,60.97999954223633,1153,0.0,0.0
2024-10-15 13:35:00-04:00,61.0099983215332,61.0099983215332,60.90999984741211,60.90999984741211,1196,0.0,0.0
2024-10-15 13:40:00-04:00,60.939998626708984,60.939998626708984,60.93000030517578,60.93000030517578,322,0.0,0.0
2024-10-15 13:45:00-04:00,60.93000030517578,60.97999954223633,60.90999984741211,60.90999984741211,1218,0.0,0.0
2024-10-15 13:50:00-04:00,60.91999816894531,60.91999816894531,60.900001525878906,60.900001525878906,450,0.0,0.0
2024-10-15 13:55:00-04:00,60.900001525878906,60.92499923706055,60.86000061035156,60.92499923706055,693,0.0,0.0
2024-10-15 14:00:00-04:00,60.88999938964844,61.04499816894531,60.88999938964844,60.95000076293945,1642,0.0,0.0
2024-10-15 14:05:00-04:00,60.959999084472656,60.959999084472656,60.880001068115234,60.880001068115234,1040,0.0,0.0
2024-10-15 14:10:00-04:00,60.900001525878906,60.900001525878906,60.86000061035156,60.86000061035156,981,0.0,0.0
2024-10-15 14:15:00-04:00,60.7599983215332,60.7599983215332,60.7599983215332,60.7599983215332,295,0.0,0.0
2024-10-15 14:20:00-04:00,60.75,60.880001068115234,60.75,60.880001068115234,1206,0.0,0.0
2024-10-15 14:25:00-04:00,60.790000915527344,60.790000915527344,60.650001525878906,60.650001525878906,1155,0.0,0.0
2024-10-15 14:30:00-04:00,60.70000076293945,60.7400016784668,60.689998626708984,60.689998626708984,1743,0.0,0.0
2024-10-15 14:35:00-04:00,60.630001068115234,60.654998779296875,60.619998931884766,60.619998931884766,945,0.0,0.0
2024-10-15 14:40:00-04:00,60.59000015258789,60.59000015258789,60.59000015258789,60.59000015258789,343,0.0,0.0
2024-10-15 14:45:00-04:00,60.65999984741211,60.65999984741211,60.56999969482422,60.56999969482422,1521,0.0,0.0
2024-10-15 14:50:00-04:00,60.560001373291016,60.709999084472656,60.560001373291016,60.709999084472656,1967,0.0,0.0
2024-10-15 14:55:00-04:00,60.709999084472656,60.709999084472656,60.59000015258789,60.59000015258789,1396,0.0,0.0
2024-10-15 15:00:00-04:00,60.63999938964844,60.654998779296875,60.63999938964844,60.654998779296875,1208,0.0,0.0
2024-10-15 15:05:00-04:00,60.55500030517578,60.55500030517578,60.505001068115234,60.51250076293945,2036,0.0,0.0
2024-10-15 15:10:00-04:00,60.47999954223633,60.5099983215332,60.43000030517578,60.43000030517578,478,0.0,0.0
2024-10-15 15:15:00-04:00,60.43000030517578,60.54999923706055,60.43000030517578,60.47999954223633,2587,0.0,0.0
2024-10-15 15:20:00-04:00,60.56999969482422,60.58000183105469,60.56999969482422,60.56999969482422,2213,0.0,0.0
2024-10-15 15:25:00-04:00,60.56999969482422,60.56999969482422,60.439998626708984,60.439998626708984,2521,0.0,0.0
2024-10-15 15:30:00-04:00,60.40999984741211,60.40999984741211,60.290000915527344,60.290000915527344,2260,0.0,0.0
2024-10-15 15:35:00-04:00,60.290000915527344,60.38990020751953,60.27000045776367,60.38990020751953,2485,0.0,0.0
2024-10-15 15:40:00-04:00,60.33000183105469,60.38999938964844,60.290000915527344,60.36000061035156,4408,0.0,0.0
2024-10-15 15:45:00-04:00,60.31999969482422,60.5099983215332,60.279998779296875,60.5099983215332,10883,0.0,0.0
2024-10-15 15:50:00-04:00,60.47999954223633,60.720001220703125,60.47999954223633,60.709999084472656,12935,0.0,0.0
2024-10-15 15:55:00-04:00,60.720001220703125,60.720001220703125,60.43000030517578,60.439998626708984,36645,0.0,0.0
2024-10-16 09:30:00-04:00,60.7400016784668,60.7400016784668,60.67499923706055,60.67499923706055,1580,0.0,0.0
2024-10-16 09:35:00-04:00,60.93000030517578,62.060001373291016,60.81999969482422,62.060001373291016,20980,0.0,0.0
2024-10-16 09:40:00-04:00,62.224998474121094,62.790000915527344,61.755001068115234,62.72999954223633,18432,0.0,0.0
2024-10-16 09:45:00-04:00,62.244998931884766,62.55500030517578,61.980098724365234,62.380001068115234,11697,0.0,0.0
2024-10-16 09:50:00-04:00,62.27000045776367,62.70000076293945,62.27000045776367,62.589500427246094,6960,0.0,0.0
2024-10-16 09:55:00-04:00,62.59000015258789,62.59000015258789,62.59000015258789,62.59000015258789,760,0.0,0.0
2024-10-16 10:00:00-04:00,62.6349983215332,62.9900016784668,62.540000915527344,62.540000915527344,6671,0.0,0.0
2024-10-16 10:05:00-04:00,62.470001220703125,62.59000015258789,62.415000915527344,62.5,17600,0.0,0.0
2024-10-16 10:10:00-04:00,62.43000030517578,62.43000030517578,62.13999938964844,62.209999084472656,5637,0.0,0.0
2024-10-16 10:15:00-04:00,62.20000076293945,62.20500183105469,62.20000076293945,62.20500183105469,1047,0.0,0.0
2024-10-16 10:25:00-04:00,62.0,62.119998931884766,62.0,62.04999923706055,1326,0.0,0.0
2024-10-16 10:30:00-04:00,62.067501068115234,62.32500076293945,62.067501068115234,62.279998779296875,2698,0.0,0.0
2024-10-16 10:35:00-04:00,62.40999984741211,62.40999984741211,62.314998626708984,62.40999984741211,1908,0.0,0.0
2024-10-16 10:45:00-04:00,62.185001373291016,62.25,62.185001373291016,62.25,388,0.0,0.0
2024-10-16 10:50:00-04:00,62.2599983215332,62.400001525878906,62.18000030517578,62.20000076293945,7575,0.0,0.0
2024-10-16 10:55:00-04:00,62.040000915527344,62.130001068115234,62.040000915527344,62.130001068115234,720,0.0,0.0
2024-10-16 11:00:00-04:00,62.2400016784668,62.2400016784668,62.040000915527344,62.1150016784668,1945,0.0,0.0
2024-10-16 11:05:00-04:00,62.0,62.06999969482422,61.92499923706055,62.040000915527344,1787,0.0,0.0
2024-10-16 11:10:00-04:00,62.040000915527344,62.040000915527344,61.95000076293945,62.01499938964844,1356,0.0,0.0
2024-10-16 11:25:00-04:00,62.029998779296875,62.09000015258789,61.849998474121094,61.849998474121094,1424,0.0,0.0
2024-10-16 11:30:00-04:00,61.880001068115234,62.060001373291016,61.880001068115234,62.060001373291016,1590,0.0,0.0
2024-10-16 11:35:00-04:00,61.97999954223633,61.97999954223633,61.97999954223633,61.97999954223633,702,0.0,0.0
2024-10-16 11:40:00-04:00,61.974998474121094,62.03120040893555,61.880001068115234,61.939998626708984,610,0.0,0.0
2024-10-16 11:45:00-04:00,61.900001525878906,61.900001525878906,61.900001525878906,61.900001525878906,514,0.0,0.0
2024-10-16 11:50:00-04:00,61.90999984741211,61.90999984741211,61.79999923706055,61.79999923706055,727,0.0,0.0
2024-10-16 11:55:00-04:00,61.790000915527344,61.849998474121094,61.77000045776367,61.77000045776367,1106,0.0,0.0
2024-10-16 12:00:00-04:00,61.744998931884766,61.744998931884766,61.744998931884766,61.744998931884766,1835,0.0,0.0
2024-10-16 12:05:00-04:00,61.7400016784668,61.84000015258789,61.7400016784668,61.84000015258789,692,0.0,0.0
2024-10-16 12:10:00-04:00,61.79169845581055,61.86289978027344,61.79169845581055,61.85499954223633,1219,0.0,0.0
2024-10-16 12:15:00-04:00,62.0,62.029998779296875,61.970001220703125,62.029998779296875,650,0.0,0.0
2024-10-16 12:20:00-04:00,62.029998779296875,62.10499954223633,62.029998779296875,62.10499954223633,494,0.0,0.0
2024-10-16 12:25:00-04:00,62.10499954223633,62.10499954223633,62.040000915527344,62.040000915527344,518,0.0,0.0
2024-10-16 12:30:00-04:00,61.970001220703125,61.970001220703125,61.94499969482422,61.94499969482422,1428,0.0,0.0
2024-10-16 12:35:00-04:00,62.040000915527344,62.060001373291016,62.03499984741211,62.040000915527344,1067,0.0,0.0
2024-10-16 12:40:00-04:00,62.099998474121094,62.099998474121094,62.040000915527344,62.060001373291016,2256,0.0,0.0
2024-10-16 12:45:00-04:00,62.060001373291016,62.060001373291016,62.060001373291016,62.060001373291016,386,0.0,0.0
2024-10-16 12:50:00-04:00,61.9900016784668,62.0099983215332,61.9900016784668,62.0099983215332,2554,0.0,0.0
2024-10-16 13:00:00-04:00,61.90999984741211,61.93000030517578,61.90999984741211,61.90999984741211,1678,0.0,0.0
2024-10-16 13:10:00-04:00,61.935001373291016,61.97999954223633,61.91999816894531,61.95800018310547,1658,0.0,0.0
2024-10-16 13:20:00-04:00,61.9900016784668,61.9900016784668,61.9900016784668,61.9900016784668,340,0.0,0.0
2024-10-16 13:25:00-04:00,62.06999969482422,62.209999084472656,62.029998779296875,62.09000015258789,4038,0.0,0.0
2024-10-16 13:35:00-04:00,62.04499816894531,62.04499816894531,62.04499816894531,62.04499816894531,181,0.0,0.0
2024-10-16 13:40:00-04:00,62.099998474121094,62.119998931884766,62.04999923706055,62.04999923706055,1612,0.0,0.0
2024-10-16 13:45:00-04:00,62.13999938964844,62.15999984741211,62.0099983215332,62.0099983215332,4684,0.0,0.0
2024-10-16 13:50:00-04:00,62.06999969482422,62.06999969482422,62.06999969482422,62.06999969482422,513,0.0,0.0
2024-10-16 14:00:00-04:00,62.05500030517578,62.11000061035156,62.05500030517578,62.11000061035156,736,0.0,0.0
2024-10-16 14:05:00-04:00,62.099998474121094,62.150001525878906,62.09000015258789,62.10499954223633,6156,0.0,0.0
2024-10-16 14:10:00-04:00,62.119998931884766,62.15999984741211,62.10499954223633,62.15999984741211,2746,0.0,0.0
2024-10-16 14:15:00-04:00,62.22999954223633,62.29499816894531,62.22999954223633,62.29499816894531,943,0.0,0.0
2024-10-16 14:20:00-04:00,62.27000045776367,62.345001220703125,62.237701416015625,62.33089828491211,1601,0.0,0.0
2024-10-16 14:25:00-04:00,62.25,62.27000045776367,62.189998626708984,62.189998626708984,2136,0.0,0.0
2024-10-16 14:35:00-04:00,62.130001068115234,62.130001068115234,62.130001068115234,62.130001068115234,425,0.0,0.0
2024-10-16 14:40:00-04:00,62.099998474121094,62.099998474121094,62.06639862060547,62.06639862060547,752,0.0,0.0
2024-10-16 14:50:00-04:00,62.07500076293945,62.07500076293945,62.060001373291016,62.060001373291016,237,0.0,0.0
2024-10-16 14:55:00-04:00,61.970001220703125,62.029998779296875,61.970001220703125,62.029998779296875,1071,0.0,0.0
2024-10-16 15:00:00-04:00,62.0099983215332,62.06999969482422,61.970001220703125,62.06999969482422,1512,0.0,0.0
2024-10-16 15:05:00-04:00,62.04999923706055,62.099998474121094,62.04999923706055,62.06999969482422,4458,0.0,0.0
2024-10-16 15:10:00-04:00,61.959999084472656,62.060001373291016,61.959999084472656,62.060001373291016,784,0.0,0.0
2024-10-16 15:20:00-04:00,61.9900016784668,61.9900016784668,61.9900016784668,61.9900016784668,428,0.0,0.0
2024-10-16 15:25:00-04:00,61.93949890136719,62.0,61.93949890136719,61.95000076293945,3130,0.0,0.0
2024-10-16 15:30:00-04:00,61.959999084472656,62.04999923706055,61.959999084472656,62.03379821777344,3447,0.0,0.0
2024-10-16 15:35:00-04:00,62.040000915527344,62.099998474121094,62.040000915527344,62.099998474121094,2411,0.0,0.0
2024-10-16 15:40:00-04:00,62.18000030517578,62.220001220703125,62.125,62.20000076293945,7755,0.0,0.0
2024-10-16 15:45:00-04:00,62.189998626708984,62.25,62.08000183105469,62.08000183105469,9237,0.0,0.0
2024-10-16 15:50:00-04:00,62.11750030517578,62.119998931884766,61.88010025024414,61.939998626708984,19285,0.0,0.0
2024-10-16 15:55:00-04:00,61.95000076293945,62.02000045776367,61.849998474121094,61.939998626708984,22750,0.0,0.0
2024-10-17 09:30:00-04:00,62.2599983215332,62.2599983215332,62.2599983215332,62.2599983215332,1429,0.0,0.0
2024-10-17 09:35:00-04:00,62.31999969482422,62.810001373291016,62.28499984741211,62.810001373291016,3012,0.0,0.0
2024-10-17 09:40:00-04:00,62.584999084472656,62.584999084472656,62.51499938964844,62.51499938964844,4477,0.0,0.0
2024-10-17 09:45:00-04:00,62.540000915527344,62.540000915527344,62.525001525878906,62.525001525878906,685,0.0,0.0
2024-10-17 09:50:00-04:00,62.52000045776367,62.66999816894531,62.52000045776367,62.66999816894531,2485,0.0,0.0
2024-10-17 09:55:00-04:00,62.64500045776367,62.689998626708984,62.63999938964844,62.689998626708984,1794,0.0,0.0
2024-10-17 10:00:00-04:00,62.66999816894531,62.709999084472656,62.5099983215332,62.5099983215332,7780,0.0,0.0
2024-10-17 10:05:00-04:00,62.52000045776367,62.54999923706055,62.45000076293945,62.5,4253,0.0,0.0
2024-10-17 10:10:00-04:00,62.599998474121094,62.63999938964844,62.52000045776367,62.59000015258789,5230,0.0,0.0
2024-10-17 10:15:00-04:00,62.56999969482422,62.56999969482422,62.56999969482422,62.56999969482422,896,0.0,0.0
2024-10-17 10:20:00-04:00,62.470001220703125,62.470001220703125,62.470001220703125,62.470001220703125,266,0.0,0.0
2024-10-17 10:25:00-04:00,62.470001220703125,62.4900016784668,62.349998474121094,62.470001220703125,4328,0.0,0.0
2024-10-17 10:35:00-04:00,62.310001373291016,62.439998626708984,62.310001373291016,62.439998626708984,1713,0.0,0.0
2024-10-17 10:40:00-04:00,62.41999816894531,62.45000076293945,62.38999938964844,62.400001525878906,2702,0.0,0.0
2024-10-17 10:45:00-04:00,62.43000030517578,62.470001220703125,62.43000030517578,62.470001220703125,437,0.0,0.0
2024-10-17 10:50:00-04:00,62.4900016784668,62.54999923706055,62.4900016784668,62.54999923706055,923,0.0,0.0
2024-10-17 10:55:00-04:00,62.564998626708984,62.58000183105469,62.45500183105469,62.45500183105469,1708,0.0,0.0
2024-10-17 11:00:00-04:00,62.45000076293945,62.45000076293945,62.40250015258789,62.40250015258789,1108,0.0,0.0
2024-10-17 11:05:00-04:00,62.36000061035156,62.36000061035156,62.36000061035156,62.36000061035156,216,0.0,0.0
2024-10-17 11:10:00-04:00,62.33000183105469,62.33000183105469,62.20500183105469,62.279998779296875,2289,0.0,0.0
2024-10-17 11:15:00-04:00,62.290000915527344,62.290000915527344,62.290000915527344,62.290000915527344,297,0.0,0.0
2024-10-17 11:20:00-04:00,62.2400016784668,62.2400016784668,62.20000076293945,62.22999954223633,311,0.0,0.0
2024-10-17 11:25:00-04:00,62.23500061035156,62.27000045776367,62.23500061035156,62.2400016784668,1361,0.0,0.0
2024-10-17 11:45:00-04:00,62.290000915527344,62.290000915527344,62.209999084472656,62.220001220703125,1000,0.0,0.0
2024-10-17 11:50:00-04:00,62.20000076293945,62.380001068115234,62.20000076293945,62.35240173339844,6599,0.0,0.0
2024-10-17 12:00:00-04:00,62.415000915527344,62.415000915527344,62.415000915527344,62.415000915527344,350,0.0,0.0
2024-10-17 12:05:00-04:00,62.43000030517578,62.43000030517578,62.43000030517578,62.43000030517578,1600,0.0,0.0
2024-10-17 12:10:00-04:00,62.41999816894531,62.45500183105469,62.369998931884766,62.369998931884766,3515,0.0,0.0
2024-10-17 12:20:00-04:00,62.3849983215332,62.3849983215332,62.3849983215332,62.3849983215332,569,0.0,0.0
2024-10-17 12:25:00-04:00,62.400001525878906,62.400001525878906,62.34000015258789,62.38999938964844,4283,0.0,0.0
2024-10-17 12:30:00-04:00,62.310001373291016,62.310001373291016,62.29999923706055,62.310001373291016,672,0.0,0.0
2024-10-17 12:35:00-04:00,62.349998474121094,62.349998474121094,62.349998474121094,62.349998474121094,442,0.0,0.0
2024-10-17 12:45:00-04:00,62.345001220703125,62.345001220703125,62.345001220703125,62.345001220703125,401,0.0,0.0
2024-10-17 12:50:00-04:00,62.32500076293945,62.5099983215332,62.32500076293945,62.5,9256,0.0,0.0
2024-10-17 12:55:00-04:00,62.5099983215332,62.595001220703125,62.5099983215332,62.53120040893555,1075,0.0,0.0
2024-10-17 13:00:00-04:00,62.595001220703125,62.625,62.595001220703125,62.599998474121094,682,0.0,0.0
2024-10-17 13:05:00-04:00,62.58000183105469,62.58000183105469,62.58000183105469,62.58000183105469,330,0.0,0.0
2024-10-17 13:15:00-04:00,62.525001525878906,62.525001525878906,62.525001525878906,62.525001525878906,335,0.0,0.0
2024-10-17 13:20:00-04:00,62.5,62.5,62.45000076293945,62.45000076293945,1638,0.0,0.0
2024-10-17 13:30:00-04:00,62.45000076293945,62.45000076293945,62.45000076293945,62.45000076293945,379,0.0,0.0
2024-10-17 13:40:00-04:00,62.45000076293945,62.45000076293945,62.45000076293945,62.45000076293945,320,0.0,0.0
2024-10-17 13:45:00-04:00,62.45000076293945,62.45000076293945,62.36000061035156,62.369998931884766,2076,0.0,0.0
2024-10-17 13:50:00-04:00,62.40999984741211,62.43000030517578,62.3849983215332,62.3849983215332,2080,0.0,0.0
2024-10-17 13:55:00-04:00,62.3849983215332,62.400001525878906,62.34000015258789,62.34000015258789,842,0.0,0.0
2024-10-17 14:00:00-04:00,62.34000015258789,62.34000015258789,62.34000015258789,62.34000015258789,294,0.0,0.0
2024-10-17 14:05:00-04:00,62.20500183105469,62.20500183105469,62.20500183105469,62.20500183105469,436,0.0,0.0
2024-10-17 14:10:00-04:00,62.10499954223633,62.10499954223633,61.9900016784668,62.099998474121094,5050,0.0,0.0
2024-10-17 14:15:00-04:00,62.07500076293945,62.07500076293945,62.07500076293945,62.07500076293945,966,0.0,0.0
2024-10-17 14:25:00-04:00,62.09000015258789,62.09000015258789,62.084999084472656,62.084999084472656,1354,0.0,0.0
2024-10-17 14:35:00-04:00,62.04999923706055,62.060001373291016,62.04999923706055,62.060001373291016,304,0.0,0.0
2024-10-17 14:40:00-04:00,62.060001373291016,62.060001373291016,62.005001068115234,62.04999923706055,2490,0.0,0.0
2024-10-17 14:45:00-04:00,62.084999084472656,62.099998474121094,62.07500076293945,62.099998474121094,794,0.0,0.0
2024-10-17 14:50:00-04:00,62.060001373291016,62.060001373291016,62.02000045776367,62.04999923706055,852,0.0,0.0
2024-10-17 14:55:00-04:00,62.0099983215332,62.04999923706055,62.0099983215332,62.04999923706055,554,0.0,0.0
2024-10-17 15:00:00-04:00,62.09000015258789,62.20000076293945,62.08000183105469,62.20000076293945,2601,0.0,0.0
2024-10-17 15:05:00-04:00,62.154998779296875,62.2400016784668,62.154998779296875,62.2400016784668,1781,0.0,0.0
2024-10-17 15:10:00-04:00,62.220001220703125,62.224998474121094,62.220001220703125,62.224998474121094,899,0.0,0.0
2024-10-17 15:15:00-04:00,62.224998474121094,62.224998474121094,62.224998474121094,62.224998474121094,1012,0.0,0.0
2024-10-17 15:20:00-04:00,62.224998474121094,62.2400016784668,62.224998474121094,62.2400016784668,2116,0.0,0.0
2024-10-17 15:25:00-04:00,62.36000061035156,62.40999984741211,62.36000061035156,62.40999984741211,4325,0.0,0.0
2024-10-17 15:30:00-04:00,62.474998474121094,62.529998779296875,62.43000030517578,62.529998779296875,5445,0.0,0.0
2024-10-17 15:35:00-04:00,62.529998779296875,62.540000915527344,62.36000061035156,62.375,10170,0.0,0.0
2024-10-17 15:40:00-04:00,62.36000061035156,62.36000061035156,62.29999923706055,62.29999923706055,2859,0.0,0.0
2024-10-17 15:45:00-04:00,62.33000183105469,62.33000183105469,62.189998626708984,62.26499938964844,6629,0.0,0.0
2024-10-17 15:50:00-04:00,62.2599983215332,62.35900115966797,62.22010040283203,62.35900115966797,8265,0.0,0.0
2024-10-17 15:55:00-04:00,62.33000183105469,62.41999816894531,62.279998779296875,62.3849983215332,23596,0.0,0.0
2024-10-18 09:30:00-04:00,62.619998931884766,62.619998931884766,62.209999084472656,62.279998779296875,7823,0.0,0.0
2024-10-18 09:40:00-04:00,62.34000015258789,62.369998931884766,62.34000015258789,62.369998931884766,631,0.0,0.0
2024-10-18 09:45:00-04:00,62.45199966430664,62.529998779296875,62.45199966430664,62.529998779296875,659,0.0,0.0
2024-10-18 09:50:00-04:00,62.66999816894531,62.66999816894531,62.66999816894531,62.66999816894531,885,0.0,0.0
2024-10-18 09:55:00-04:00,62.58000183105469,62.58000183105469,62.58000183105469,62.58000183105469,361,0.0,0.0
2024-10-18 10:00:00-04:00,62.58000183105469,62.720001220703125,62.442298889160156,62.442298889160156,2683,0.0,0.0
2024-10-18 10:05:00-04:00,62.650001525878906,62.65999984741211,62.5099983215332,62.5099983215332,1603,0.0,0.0
2024-10-18 10:10:00-04:00,62.60499954223633,62.60499954223633,62.45500183105469,62.45500183105469,5041,0.0,0.0
2024-10-18 10:15:00-04:00,62.5,62.58000183105469,62.5,62.52000045776367,2214,0.0,0.0
2024-10-18 10:20:00-04:00,62.5099983215332,62.529998779296875,62.36000061035156,62.36000061035156,1570,0.0,0.0
2024-10-18 10:25:00-04:00,62.36000061035156,62.36000061035156,62.36000061035156,62.36000061035156,302,0.0,0.0
2024-10-18 10:30:00-04:00,62.375,62.375,62.375,62.375,1628,0.0,0.0
2024-10-18 10:45:00-04:00,62.39500045776367,62.39500045776367,62.380001068115234,62.380001068115234,1080,0.0,0.0
2024-10-18 10:50:00-04:00,62.40999984741211,62.42679977416992,62.40999984741211,62.42679977416992,358,0.0,0.0
2024-10-18 10:55:00-04:00,62.439998626708984,62.439998626708984,62.400001525878906,62.400001525878906,383,0.0,0.0
2024-10-18 11:00:00-04:00,62.400001525878906,62.400001525878906,62.244998931884766,62.25,2989,0.0,0.0
2024-10-18 11:15:00-04:00,62.20000076293945,62.20000076293945,62.125,62.125,1639,0.0,0.0
2024-10-18 11:30:00-04:00,62.04499816894531,62.04499816894531,62.04499816894531,62.04499816894531,130,0.0,0.0
2024-10-18 11:35:00-04:00,62.029998779296875,62.029998779296875,62.029998779296875,62.029998779296875,249,0.0,0.0
2024-10-18 11:40:00-04:00,62.099998474121094,62.16999816894531,62.099998474121094,62.16999816894531,1585,0.0,0.0
2024-10-18 11:45:00-04:00,62.17499923706055,62.17499923706055,62.17499923706055,62.17499923706055,292,0.0,0.0
2024-10-18 11:50:00-04:00,62.1349983215332,62.18000030517578,62.119998931884766,62.119998931884766,621,0.0,0.0
2024-10-18 11:55:00-04:00,62.099998474121094,62.125,62.099998474121094,62.125,5527,0.0,0.0
2024-10-18 12:00:00-04:00,62.12879943847656,62.34000015258789,62.12879943847656,62.34000015258789,1477,0.0,0.0
2024-10-18 12:05:00-04:00,62.3650016784668,62.375,62.3650016784668,62.375,917,0.0,0.0
2024-10-18 12:10:00-04:00,62.400001525878906,62.400001525878906,62.400001525878906,62.400001525878906,818,0.0,0.0
2024-10-18 12:20:00-04:00,62.40999984741211,62.470001220703125,62.40999984741211,62.470001220703125,315,0.0,0.0
2024-10-18 12:25:00-04:00,62.40999984741211,62.43000030517578,62.40999984741211,62.41999816894531,841,0.0,0.0
2024-10-18 12:30:00-04:00,62.380001068115234,62.380001068115234,62.34000015258789,62.34000015258789,1380,0.0,0.0
2024-10-18 12:35:00-04:00,62.29909896850586,62.29909896850586,62.29909896850586,62.29909896850586,657,0.0,0.0
2024-10-18 12:45:00-04:00,62.20000076293945,62.2588005065918,62.099998474121094,62.10499954223633,1631,0.0,0.0
2024-10-18 12:50:00-04:00,62.09000015258789,62.099998474121094,62.09000015258789,62.099998474121094,1252,0.0,0.0
2024-10-18 12:55:00-04:00,62.16999816894531,62.21500015258789,62.13999938964844,62.189998626708984,1792,0.0,0.0
2024-10-18 13:00:00-04:00,62.099998474121094,62.1150016784668,62.04999923706055,62.1150016784668,8091,0.0,0.0
2024-10-18 13:05:00-04:00,62.08000183105469,62.08000183105469,62.060001373291016,62.060001373291016,397,0.0,0.0
2024-10-18 13:10:00-04:00,62.189998626708984,62.310001373291016,62.18000030517578,62.310001373291016,1575,0.0,0.0
2024-10-18 13:15:00-04:00,62.2400016784668,62.2400016784668,62.185001373291016,62.185001373291016,1078,0.0,0.0
2024-10-18 13:30:00-04:00,62.220001220703125,62.349998474121094,62.220001220703125,62.29999923706055,3190,0.0,0.0
2024-10-18 13:40:00-04:00,62.400001525878906,62.41999816894531,62.369998931884766,62.38999938964844,2647,0.0,0.0
2024-10-18 13:45:00-04:00,62.380001068115234,62.380001068115234,62.29999923706055,62.36000061035156,2980,0.0,0.0
2024-10-18 13:55:00-04:00,62.345001220703125,62.345001220703125,62.345001220703125,62.345001220703125,457,0.0,0.0
2024-10-18 14:00:00-04:00,62.345001220703125,62.36000061035156,62.25,62.36000061035156,2477,0.0,0.0
2024-10-18 14:05:00-04:00,62.35499954223633,62.35499954223633,62.334999084472656,62.334999084472656,1217,0.0,0.0
2024-10-18 14:15:00-04:00,62.33000183105469,62.33000183105469,62.33000183105469,62.33000183105469,730,0.0,0.0
2024-10-18 14:20:00-04:00,62.369998931884766,62.369998931884766,62.2400016784668,62.2400016784668,2097,0.0,0.0
2024-10-18 14:30:00-04:00,62.16999816894531,62.189998626708984,62.16999816894531,62.189998626708984,556,0.0,0.0
2024-10-18 14:35:00-04:00,62.099998474121094,62.209999084472656,62.099998474121094,62.1781005859375,6007,0.0,0.0
2024-10-18 14:40:00-04:00,62.209999084472656,62.22999954223633,62.16999816894531,62.18000030517578,3278,0.0,0.0
2024-10-18 14:45:00-04:00,62.17499923706055,62.17499923706055,62.13999938964844,62.13999938964844,761,0.0,0.0
2024-10-18 14:50:00-04:00,62.16999816894531,62.16999816894531,62.16999816894531,62.16999816894531,283,0.0,0.0
2024-10-18 14:55:00-04:00,62.150001525878906,62.15999984741211,62.150001525878906,62.15999984741211,693,0.0,0.0
2024-10-18 15:00:00-04:00,62.119998931884766,62.18000030517578,62.099998474121094,62.18000030517578,4233,0.0,0.0
2024-10-18 15:05:00-04:00,62.189998626708984,62.209999084472656,62.18000030517578,62.209999084472656,1729,0.0,0.0
2024-10-18 15:10:00-04:00,62.15999984741211,62.16999816894531,62.15999984741211,62.16999816894531,1469,0.0,0.0
2024-10-18 15:15:00-04:00,62.16999816894531,62.18000030517578,62.16999816894531,62.18000030517578,1987,0.0,0.0
2024-10-18 15:20:00-04:00,62.185001373291016,62.196998596191406,62.13999938964844,62.16999816894531,2602,0.0,0.0
2024-10-18 15:30:00-04:00,62.18000030517578,62.18000030517578,62.18000030517578,62.18000030517578,958,0.0,0.0
2024-10-18 15:35:00-04:00,62.189998626708984,62.20000076293945,62.189998626708984,62.20000076293945,792,0.0,0.0
2024-10-18 15:40:00-04:00,62.15999984741211,62.16999816894531,62.099998474121094,62.13999938964844,4688,0.0,0.0
2024-10-18 15:45:00-04:00,62.1349983215332,62.15999984741211,62.1349983215332,62.150001525878906,2696,0.0,0.0
2024-10-18 15:50:00-04:00,62.15700149536133,62.220001220703125,62.11000061035156,62.11000061035156,9579,0.0,0.0
2024-10-18 15:55:00-04:00,62.125,62.125,61.900001525878906,61.97999954223633,17885,0.0,0.0
2024-10-21 09:30:00-04:00,62.279998779296875,63.18130111694336,62.21500015258789,63.18130111694336,5411,0.0,0.0
2024-10-21 09:35:00-04:00,62.80270004272461,62.91999816894531,62.56010055541992,62.849998474121094,1089,0.0,0.0
2024-10-21 09:45:00-04:00,62.86000061035156,62.86000061035156,62.618900299072266,62.86000061035156,1446,0.0,0.0
2024-10-21 09:50:00-04:00,62.86000061035156,62.939998626708984,62.86000061035156,62.939998626708984,11900,0.0,0.0
2024-10-21 09:55:00-04:00,62.91999816894531,62.91999816894531,62.7599983215332,62.849998474121094,3432,0.0,0.0
2024-10-21 10:00:00-04:00,62.7599983215332,62.99700164794922,62.620201110839844,62.900001525878906,3419,0.0,0.0
2024-10-21 10:05:00-04:00,62.86000061035156,62.93000030517578,62.86000061035156,62.904998779296875,1102,0.0,0.0
2024-10-21 10:10:00-04:00,62.88999938964844,62.88999938964844,62.869998931884766,62.869998931884766,810,0.0,0.0
2024-10-21 10:15:00-04:00,62.869998931884766,62.89500045776367,62.70000076293945,62.70000076293945,2785,0.0,0.0
2024-10-21 10:20:00-04:00,62.6349983215332,62.709999084472656,62.6349983215332,62.709999084472656,1027,0.0,0.0
2024-10-21 10:25:00-04:00,62.61000061035156,62.61000061035156,62.61000061035156,62.61000061035156,441,0.0,0.0
2024-10-21 10:30:00-04:00,62.41999816894531,62.41999816894531,62.314998626708984,62.314998626708984,992,0.0,0.0
2024-10-21 10:35:00-04:00,62.349998474121094,62.395599365234375,62.34590148925781,62.380001068115234,1491,0.0,0.0
2024-10-21 10:40:00-04:00,62.3849983215332,62.3849983215332,62.29999923706055,62.29999923706055,738,0.0,0.0
2024-10-21 10:45:00-04:00,61.9900016784668,61.9900016784668,61.9900016784668,61.9900016784668,199,0.0,0.0
2024-10-21 10:50:00-04:00,61.900001525878906,61.900001525878906,61.81999969482422,61.89500045776367,1228,0.0,0.0
2024-10-21 10:55:00-04:00,61.90999984741211,61.90999984741211,61.90999984741211,61.90999984741211,351,0.0,0.0
2024-10-21 11:00:00-04:00,61.89500045776367,61.95000076293945,61.89500045776367,61.939998626708984,916,0.0,0.0
2024-10-21 11:05:00-04:00,61.849998474121094,61.849998474121094,61.790000915527344,61.79249954223633,2627,0.0,0.0
2024-10-21 11:10:00-04:00,61.834999084472656,61.88999938964844,61.834999084472656,61.88999938964844,2019,0.0,0.0
2024-10-21 11:15:00-04:00,61.900001525878906,61.959999084472656,61.900001525878906,61.959999084472656,943,0.0,0.0
2024-10-21 11:20:00-04:00,61.91999816894531,61.91999816894531,61.77000045776367,61.869998931884766,12123,0.0,0.0
2024-10-21 11:25:00-04:00,61.85499954223633,61.85499954223633,61.85499954223633,61.85499954223633,324,0.0,0.0
2024-10-21 11:30:00-04:00,61.849098205566406,61.96500015258789,61.849098205566406,61.95000076293945,2055,0.0,0.0
2024-10-21 11:35:00-04:00,61.915000915527344,61.93000030517578,61.915000915527344,61.93000030517578,482,0.0,0.0
2024-10-21 11:40:00-04:00,61.98500061035156,62.040000915527344,61.98500061035156,62.040000915527344,1263,0.0,0.0
2024-10-21 11:45:00-04:00,62.08000183105469,62.08000183105469,62.04499816894531,62.04499816894531,678,0.0,0.0
2024-10-21 11:50:00-04:00,62.08000183105469,62.09000015258789,62.060001373291016,62.09000015258789,843,0.0,0.0
2024-10-21 11:55:00-04:00,62.11000061035156,62.2400016784668,62.11000061035156,62.2400016784668,1801,0.0,0.0
2024-10-21 12:00:00-04:00,62.2599983215332,62.26499938964844,62.12519836425781,62.17499923706055,4574,0.0,0.0
2024-10-21 12:05:00-04:00,62.15999984741211,62.244998931884766,62.1349983215332,62.244998931884766,3603,0.0,0.0
2024-10-21 12:10:00-04:00,62.22999954223633,62.22999954223633,62.209999084472656,62.22999954223633,2347,0.0,0.0
2024-10-21 12:15:00-04:00,62.25,62.25,62.244998931884766,62.244998931884766,331,0.0,0.0
2024-10-21 12:20:00-04:00,62.244998931884766,62.244998931884766,62.1150016784668,62.130001068115234,6940,0.0,0.0
2024-10-21 12:25:00-04:00,62.11000061035156,62.11000061035156,62.11000061035156,62.11000061035156,241,0.0,0.0
2024-10-21 12:30:00-04:00,62.099998474121094,62.165000915527344,62.099998474121094,62.130001068115234,2049,0.0,0.0
2024-10-21 12:35:00-04:00,62.08000183105469,62.15999984741211,62.06999969482422,62.11000061035156,2688,0.0,0.0
2024-10-21 12:40:00-04:00,62.18360137939453,62.18360137939453,62.119998931884766,62.119998931884766,421,0.0,0.0
2024-10-21 12:45:00-04:00,62.130001068115234,62.130001068115234,62.130001068115234,62.130001068115234,1003,0.0,0.0
2024-10-21 12:50:00-04:00,62.165000915527344,62.165000915527344,62.165000915527344,62.165000915527344,429,0.0,0.0
2024-10-21 12:55:00-04:00,62.27000045776367,62.27000045776367,62.27000045776367,62.27000045776367,325,0.0,0.0
2024-10-21 13:00:00-04:00,62.28499984741211,62.31999969482422,62.13999938964844,62.14500045776367,23110,0.0,0.0
2024-10-21 13:05:00-04:00,62.11000061035156,62.279998779296875,62.11000061035156,62.23500061035156,1213,0.0,0.0
2024-10-21 13:10:00-04:00,62.45000076293945,62.45000076293945,62.45000076293945,62.45000076293945,245,0.0,0.0
2024-10-21 13:15:00-04:00,62.45000076293945,62.599998474121094,62.350101470947266,62.564998626708984,3787,0.0,0.0
2024-10-21 13:20:00-04:00,62.540000915527344,62.540000915527344,62.540000915527344,62.540000915527344,245,0.0,0.0
2024-10-21 13:25:00-04:00,62.529998779296875,62.64500045776367,62.529998779296875,62.60499954223633,1883,0.0,0.0
2024-10-21 13:30:00-04:00,62.58000183105469,62.64500045776367,62.529998779296875,62.58000183105469,5291,0.0,0.0
2024-10-21 13:35:00-04:00,62.56999969482422,62.614898681640625,62.56999969482422,62.614898681640625,713,0.0,0.0
2024-10-21 13:40:00-04:00,62.54499816894531,62.54499816894531,62.54499816894531,62.54499816894531,234,0.0,0.0
2024-10-21 13:45:00-04:00,62.53630065917969,62.619998931884766,62.52009963989258,62.59000015258789,2640,0.0,0.0
2024-10-21 13:50:00-04:00,62.61000061035156,62.61000061035156,62.59000015258789,62.61000061035156,918,0.0,0.0
2024-10-21 13:55:00-04:00,62.61000061035156,62.61000061035156,62.56999969482422,62.56999969482422,4216,0.0,0.0
2024-10-21 14:00:00-04:00,62.57500076293945,62.57500076293945,62.52000045776367,62.54999923706055,3119,0.0,0.0
2024-10-21 14:05:00-04:00,62.540000915527344,62.584999084472656,62.540000915527344,62.584999084472656,2089,0.0,0.0
2024-10-21 14:15:00-04:00,62.64500045776367,62.73500061035156,62.64500045776367,62.73500061035156,1325,0.0,0.0
2024-10-21 14:20:00-04:00,62.7400016784668,62.7400016784668,62.72999954223633,62.72999954223633,640,0.0,0.0
2024-10-21 14:25:00-04:00,62.7400016784668,62.755001068115234,62.7400016784668,62.755001068115234,1701,0.0,0.0
2024-10-21 14:30:00-04:00,62.75,62.77000045776367,62.698001861572266,62.76499938964844,1982,0.0,0.0
2024-10-21 14:35:00-04:00,62.81999969482422,62.81999969482422,62.81999969482422,62.81999969482422,925,0.0,0.0
2024-10-21 14:40:00-04:00,62.880001068115234,62.880001068115234,62.79010009765625,62.83000183105469,1987,0.0,0.0
2024-10-21 14:45:00-04:00,62.83000183105469,62.929901123046875,62.83000183105469,62.84000015258789,2189,0.0,0.0
2024-10-21 14:50:00-04:00,62.90999984741211,62.93000030517578,62.900001525878906,62.900001525878906,2678,0.0,0.0
2024-10-21 14:55:00-04:00,62.900001525878906,63.060001373291016,62.89500045776367,63.05500030517578,29553,0.0,0.0
2024-10-21 15:00:00-04:00,63.02000045776367,63.220001220703125,63.0,63.16939926147461,7696,0.0,0.0
2024-10-21 15:05:00-04:00,63.18000030517578,63.279998779296875,63.18000030517578,63.25,2956,0.0,0.0
2024-10-21 15:10:00-04:00,63.20009994506836,63.40999984741211,63.20009994506836,63.38999938964844,2888,0.0,0.0
2024-10-21 15:15:00-04:00,63.34000015258789,63.41999816894531,63.209999084472656,63.415000915527344,8345,0.0,0.0
2024-10-21 15:20:00-04:00,63.2599983215332,63.2599983215332,62.89500045776367,62.939998626708984,8200,0.0,0.0
2024-10-21 15:25:00-04:00,62.90999984741211,62.939998626708984,62.900001525878906,62.939998626708984,1989,0.0,0.0
2024-10-21 15:30:00-04:00,62.869998931884766,62.869998931884766,62.529998779296875,62.529998779296875,6584,0.0,0.0
2024-10-21 15:35:00-04:00,62.564998626708984,62.564998626708984,62.439998626708984,62.439998626708984,2972,0.0,0.0
2024-10-21 15:40:00-04:00,62.474998474121094,62.56999969482422,62.474998474121094,62.56999969482422,1682,0.0,0.0
2024-10-21 15:45:00-04:00,62.540000915527344,62.72999954223633,62.529998779296875,62.72999954223633,6633,0.0,0.0
2024-10-21 15:50:00-04:00,62.70000076293945,62.72999954223633,62.48500061035156,62.529998779296875,14882,0.0,0.0
2024-10-21 15:55:00-04:00,62.4900016784668,62.83000183105469,62.369998931884766,62.79999923706055,55394,0.0,0.0
2024-10-22 09:30:00-04:00,62.779998779296875,62.79999923706055,62.39690017700195,62.39690017700195,1996,0.0,0.0
2024-10-22 09:40:00-04:00,62.54999923706055,62.735801696777344,62.123600006103516,62.44990158081055,3418,0.0,0.0
2024-10-22 09:45:00-04:00,62.220001220703125,62.220001220703125,62.220001220703125,62.220001220703125,227,0.0,0.0
2024-10-22 09:50:00-04:00,62.08000183105469,62.08000183105469,62.08000183105469,62.08000183105469,785,0.0,0.0
2024-10-22 09:55:00-04:00,61.83000183105469,61.924800872802734,61.822601318359375,61.83000183105469,3148,0.0,0.0
2024-10-22 10:00:00-04:00,61.970001220703125,62.0099983215332,61.779998779296875,61.779998779296875,1963,0.0,0.0
2024-10-22 10:05:00-04:00,61.85710144042969,61.85710144042969,61.85710144042969,61.85710144042969,822,0.0,0.0
2024-10-22 10:10:00-04:00,61.80500030517578,61.86000061035156,61.72999954223633,61.72999954223633,1356,0.0,0.0
2024-10-22 10:15:00-04:00,61.75,61.84000015258789,61.72999954223633,61.84000015258789,1618,0.0,0.0
2024-10-22 10:20:00-04:00,61.71500015258789,61.720001220703125,61.71500015258789,61.720001220703125,1581,0.0,0.0
2024-10-22 10:25:00-04:00,61.70500183105469,61.709999084472656,61.70500183105469,61.709999084472656,943,0.0,0.0
2024-10-22 10:30:00-04:00,61.7599983215332,61.79600143432617,61.75,61.77399826049805,2009,0.0,0.0
2024-10-22 10:35:00-04:00,61.78089904785156,61.79999923706055,61.78089904785156,61.790000915527344,667,0.0,0.0
2024-10-22 10:40:00-04:00,61.720001220703125,61.947601318359375,61.720001220703125,61.85499954223633,1711,0.0,0.0
2024-10-22 10:45:00-04:00,61.83000183105469,61.900001525878906,61.83000183105469,61.900001525878906,2018,0.0,0.0
2024-10-22 10:55:00-04:00,62.029998779296875,62.249900817871094,62.029998779296875,62.154998779296875,1249,0.0,0.0
2024-10-22 11:00:00-04:00,62.17499923706055,62.20000076293945,62.17499923706055,62.20000076293945,665,0.0,0.0
2024-10-22 11:05:00-04:00,62.150001525878906,62.150001525878906,62.09000015258789,62.09000015258789,1614,0.0,0.0
2024-10-22 11:15:00-04:00,62.22999954223633,62.349998474121094,62.22999954223633,62.345001220703125,3035,0.0,0.0
2024-10-22 11:20:00-04:00,62.38999938964844,62.43000030517578,62.38999938964844,62.404998779296875,1757,0.0,0.0
2024-10-22 11:25:00-04:00,62.334999084472656,62.36000061035156,62.334999084472656,62.36000061035156,665,0.0,0.0
2024-10-22 11:30:00-04:00,62.2599983215332,62.2599983215332,62.06999969482422,62.220001220703125,1740,0.0,0.0
2024-10-22 11:35:00-04:00,62.224998474121094,62.224998474121094,62.20000076293945,62.20000076293945,478,0.0,0.0
2024-10-22 11:40:00-04:00,62.20000076293945,62.20000076293945,62.18000030517578,62.18000030517578,1113,0.0,0.0
2024-10-22 11:45:00-04:00,62.1150016784668,62.1150016784668,62.02000045776367,62.064998626708984,3148,0.0,0.0
2024-10-22 12:00:00-04:00,62.150001525878906,62.150001525878906,62.060001373291016,62.060001373291016,985,0.0,0.0
2024-10-22 12:05:00-04:00,61.95000076293945,61.97999954223633,61.95000076293945,61.97999954223633,803,0.0,0.0
2024-10-22 12:10:00-04:00,61.959598541259766,62.09000015258789,61.959598541259766,62.09000015258789,1195,0.0,0.0
2024-10-22 12:15:00-04:00,62.03499984741211,62.09000015258789,62.03499984741211,62.09000015258789,1307,0.0,0.0
2024-10-22 12:20:00-04:00,62.060001373291016,62.060001373291016,62.060001373291016,62.060001373291016,878,0.0,0.0
2024-10-22 12:25:00-04:00,62.119998931884766,62.119998931884766,62.1150016784668,62.1150016784668,697,0.0,0.0
2024-10-22 12:30:00-04:00,62.11629867553711,62.189998626708984,62.11629867553711,62.189998626708984,737,0.0,0.0
2024-10-22 12:35:00-04:00,62.11000061035156,62.11000061035156,62.060001373291016,62.060001373291016,673,0.0,0.0
2024-10-22 12:40:00-04:00,62.060001373291016,62.060001373291016,62.060001373291016,62.060001373291016,696,0.0,0.0
2024-10-22 12:45:00-04:00,62.04499816894531,62.130001068115234,62.04499816894531,62.119998931884766,1262,0.0,0.0
2024-10-22 12:50:00-04:00,62.099998474121094,62.11000061035156,62.09000015258789,62.11000061035156,576,0.0,0.0
2024-10-22 12:55:00-04:00,62.029998779296875,62.04999923706055,61.980201721191406,61.980201721191406,2058,0.0,0.0
2024-10-22 13:00:00-04:00,62.08000183105469,62.08000183105469,62.08000183105469,62.08000183105469,705,0.0,0.0
2024-10-22 13:05:00-04:00,62.064998626708984,62.064998626708984,62.064998626708984,62.064998626708984,311,0.0,0.0
2024-10-22 13:10:00-04:00,62.04999923706055,62.05500030517578,62.04999923706055,62.05500030517578,696,0.0,0.0
2024-10-22 13:15:00-04:00,62.0099983215332,62.03499984741211,62.0,62.0,1985,0.0,0.0
2024-10-22 13:25:00-04:00,61.970001220703125,62.0,61.970001220703125,61.98500061035156,2240,0.0,0.0
2024-10-22 13:30:00-04:00,61.98500061035156,62.05500030517578,61.91999816894531,61.91999816894531,2443,0.0,0.0
2024-10-22 13:35:00-04:00,61.880001068115234,61.880001068115234,61.880001068115234,61.880001068115234,1424,0.0,0.0
2024-10-22 13:40:00-04:00,61.88999938964844,61.88999938964844,61.779998779296875,61.779998779296875,1460,0.0,0.0
2024-10-22 13:45:00-04:00,61.812599182128906,61.812599182128906,61.812599182128906,61.812599182128906,953,0.0,0.0
2024-10-22 13:50:00-04:00,61.810001373291016,61.810001373291016,61.79499816894531,61.79999923706055,1132,0.0,0.0
2024-10-22 13:55:00-04:00,61.814998626708984,61.84000015258789,61.814998626708984,61.834999084472656,1268,0.0,0.0
2024-10-22 14:00:00-04:00,61.880001068115234,61.880001068115234,61.880001068115234,61.880001068115234,537,0.0,0.0
2024-10-22 14:05:00-04:00,61.84000015258789,61.84000015258789,61.84000015258789,61.84000015258789,263,0.0,0.0
2024-10-22 14:10:00-04:00,61.845001220703125,61.845001220703125,61.845001220703125,61.845001220703125,308,0.0,0.0
2024-10-22 14:15:00-04:00,61.81010055541992,61.92499923706055,61.81010055541992,61.92499923706055,1309,0.0,0.0
2024-10-22 14:20:00-04:00,61.880001068115234,61.880001068115234,61.880001068115234,61.880001068115234,753,0.0,0.0
2024-10-22 14:25:00-04:00,61.85499954223633,61.85499954223633,61.85499954223633,61.85499954223633,1243,0.0,0.0
2024-10-22 14:30:00-04:00,61.8650016784668,61.900001525878906,61.8650016784668,61.900001525878906,986,0.0,0.0
2024-10-22 14:35:00-04:00,62.02000045776367,62.02000045776367,62.0,62.0,705,0.0,0.0
2024-10-22 14:40:00-04:00,61.9900016784668,61.994998931884766,61.97999954223633,61.994998931884766,1059,0.0,0.0
2024-10-22 14:45:00-04:00,62.0,62.02000045776367,61.970001220703125,61.970001220703125,1404,0.0,0.0
2024-10-22 14:55:00-04:00,61.959999084472656,62.0099983215332,61.959999084472656,62.0099983215332,1744,0.0,0.0
2024-10-22 15:00:00-04:00,61.95000076293945,61.95000076293945,61.880001068115234,61.880001068115234,1071,0.0,0.0
2024-10-22 15:05:00-04:00,61.869998931884766,61.959999084472656,61.79999923706055,61.79999923706055,3926,0.0,0.0
2024-10-22 15:10:00-04:00,61.744998931884766,61.744998931884766,61.744998931884766,61.744998931884766,627,0.0,0.0
2024-10-22 15:15:00-04:00,61.790000915527344,61.790000915527344,61.75,61.790000915527344,1715,0.0,0.0
2024-10-22 15:20:00-04:00,61.779998779296875,61.779998779296875,61.775001525878906,61.775001525878906,780,0.0,0.0
2024-10-22 15:25:00-04:00,61.790000915527344,61.790000915527344,61.650001525878906,61.689998626708984,2978,0.0,0.0
2024-10-22 15:30:00-04:00,61.63999938964844,61.63999938964844,61.60969924926758,61.60969924926758,1541,0.0,0.0
2024-10-22 15:35:00-04:00,61.54999923706055,61.57500076293945,61.49599838256836,61.5,3135,0.0,0.0
2024-10-22 15:40:00-04:00,61.540000915527344,61.61000061035156,61.540000915527344,61.60300064086914,3068,0.0,0.0
2024-10-22 15:45:00-04:00,61.58000183105469,61.65620040893555,61.58000183105469,61.63999938964844,5506,0.0,0.0
2024-10-22 15:50:00-04:00,61.790000915527344,61.829898834228516,61.66999816894531,61.73500061035156,8109,0.0,0.0
2024-10-22 15:55:00-04:00,61.7599983215332,61.81999969482422,61.61000061035156,61.61000061035156,30943,0.0,0.0
2024-10-23 09:30:00-04:00,61.529998779296875,61.66999816894531,61.529998779296875,61.66999816894531,3017,0.0,0.0
2024-10-23 09:40:00-04:00,61.53150177001953,61.650001525878906,61.53150177001953,61.650001525878906,902,0.0,0.0
2024-10-23 09:50:00-04:00,61.76499938964844,61.76499938964844,61.76499938964844,61.76499938964844,781,0.0,0.0
2024-10-23 09:55:00-04:00,61.970001220703125,61.970001220703125,61.970001220703125,61.970001220703125,1101,0.0,0.0
2024-10-23 10:00:00-04:00,61.98500061035156,61.98500061035156,61.79999923706055,61.95500183105469,4430,0.0,0.0
2024-10-23 10:05:00-04:00,62.0099983215332,62.095001220703125,62.0099983215332,62.095001220703125,1253,0.0,0.0
2024-10-23 10:10:00-04:00,62.0099983215332,62.0099983215332,62.005001068115234,62.005001068115234,876,0.0,0.0
2024-10-23 10:15:00-04:00,61.900001525878906,61.95500183105469,61.900001525878906,61.95500183105469,749,0.0,0.0
2024-10-23 10:20:00-04:00,61.880001068115234,61.880001068115234,61.77000045776367,61.77000045776367,612,0.0,0.0
2024-10-23 10:25:00-04:00,61.790000915527344,61.900001525878906,61.7400016784668,61.900001525878906,858,0.0,0.0
2024-10-23 10:30:00-04:00,61.939998626708984,61.939998626708984,61.939998626708984,61.939998626708984,237,0.0,0.0
2024-10-23 10:35:00-04:00,61.83000183105469,61.842498779296875,61.83000183105469,61.842498779296875,674,0.0,0.0
2024-10-23 10:40:00-04:00,61.95000076293945,61.95000076293945,61.88999938964844,61.900001525878906,901,0.0,0.0
2024-10-23 10:50:00-04:00,61.86000061035156,61.86000061035156,61.709999084472656,61.7400016784668,1241,0.0,0.0
2024-10-23 10:55:00-04:00,61.779998779296875,61.84000015258789,61.779998779296875,61.83000183105469,1324,0.0,0.0
2024-10-23 11:00:00-04:00,61.83000183105469,61.84000015258789,61.78799819946289,61.834999084472656,675,0.0,0.0
2024-10-23 11:05:00-04:00,61.834999084472656,61.84000015258789,61.77000045776367,61.785701751708984,4811,0.0,0.0
2024-10-23 11:10:00-04:00,61.849998474121094,61.849998474121094,61.6150016784668,61.720001220703125,2985,0.0,0.0
2024-10-23 11:15:00-04:00,61.5099983215332,61.5099983215332,61.47140121459961,61.47140121459961,1362,0.0,0.0
2024-10-23 11:25:00-04:00,61.60499954223633,61.67499923706055,61.59000015258789,61.67499923706055,591,0.0,0.0
2024-10-23 11:30:00-04:00,61.689998626708984,61.70000076293945,61.621700286865234,61.621700286865234,847,0.0,0.0
2024-10-23 11:35:00-04:00,61.77000045776367,61.810001373291016,61.75,61.79499816894531,1837,0.0,0.0
2024-10-23 11:40:00-04:00,61.83000183105469,61.869998931884766,61.772499084472656,61.790000915527344,4968,0.0,0.0
2024-10-23 11:45:00-04:00,61.84000015258789,61.85499954223633,61.834999084472656,61.84000015258789,1685,0.0,0.0
2024-10-23 11:50:00-04:00,61.814998626708984,61.900001525878906,61.7599983215332,61.810001373291016,10547,0.0,0.0
2024-10-23 11:55:00-04:00,61.790000915527344,61.790000915527344,61.709999084472656,61.709999084472656,2785,0.0,0.0
2024-10-23 12:00:00-04:00,61.790000915527344,61.79999923706055,61.744998931884766,61.744998931884766,2649,0.0,0.0
2024-10-23 12:05:00-04:00,61.744998931884766,61.744998931884766,61.689998626708984,61.689998626708984,1019,0.0,0.0
2024-10-23 12:10:00-04:00,61.68000030517578,61.68000030517578,61.584999084472656,61.584999084472656,1553,0.0,0.0
2024-10-23 12:20:00-04:00,61.63999938964844,61.654998779296875,61.619998931884766,61.654998779296875,1359,0.0,0.0
2024-10-23 12:25:00-04:00,61.599998474121094,61.6349983215332,61.58000183105469,61.619998931884766,3157,0.0,0.0
2024-10-23 12:30:00-04:00,61.61000061035156,61.630001068115234,61.59170150756836,61.59170150756836,1328,0.0,0.0
2024-10-23 12:35:00-04:00,61.75,61.81999969482422,61.75,61.77000045776367,1865,0.0,0.0
2024-10-23 12:40:00-04:00,61.79999923706055,61.79999923706055,61.630001068115234,61.650001525878906,3551,0.0,0.0
2024-10-23 12:45:00-04:00,61.7599983215332,61.779998779296875,61.7599983215332,61.779998779296875,1190,0.0,0.0
2024-10-23 12:50:00-04:00,61.81999969482422,61.81999969482422,61.7400016784668,61.79499816894531,1598,0.0,0.0
2024-10-23 12:55:00-04:00,61.779998779296875,61.779998779296875,61.779998779296875,61.779998779296875,453,0.0,0.0
2024-10-23 13:00:00-04:00,61.76499938964844,61.76499938964844,61.709999084472656,61.709999084472656,1211,0.0,0.0
2024-10-23 13:05:00-04:00,61.66999816894531,61.66999816894531,61.66999816894531,61.66999816894531,630,0.0,0.0
2024-10-23 13:10:00-04:00,61.65999984741211,61.65999984741211,61.65999984741211,61.65999984741211,202,0.0,0.0
2024-10-23 13:15:00-04:00,61.709999084472656,61.72999954223633,61.689998626708984,61.72999954223633,578,0.0,0.0
2024-10-23 13:20:00-04:00,61.72999954223633,61.75,61.72999954223633,61.75,1310,0.0,0.0
2024-10-23 13:25:00-04:00,61.775001525878906,61.775001525878906,61.775001525878906,61.775001525878906,157,0.0,0.0
2024-10-23 13:30:00-04:00,61.779998779296875,61.790000915527344,61.7400016784668,61.76499938964844,2595,0.0,0.0
2024-10-23 13:35:00-04:00,61.76499938964844,61.76499938964844,61.70000076293945,61.75,2806,0.0,0.0
2024-10-23 13:45:00-04:00,61.7400016784668,61.7400016784668,61.7400016784668,61.7400016784668,189,0.0,0.0
2024-10-23 13:50:00-04:00,61.7400016784668,61.77000045776367,61.71500015258789,61.720001220703125,2104,0.0,0.0
2024-10-23 13:55:00-04:00,61.65999984741211,61.65999984741211,61.474998474121094,61.54999923706055,7125,0.0,0.0
2024-10-23 14:00:00-04:00,61.48500061035156,61.48500061035156,61.31999969482422,61.369998931884766,4624,0.0,0.0
2024-10-23 14:05:00-04:00,61.32500076293945,61.349998474121094,61.32500076293945,61.33000183105469,721,0.0,0.0
2024-10-23 14:10:00-04:00,61.310001373291016,61.310001373291016,61.310001373291016,61.310001373291016,363,0.0,0.0
2024-10-23 14:15:00-04:00,61.314998626708984,61.314998626708984,61.220001220703125,61.220001220703125,1382,0.0,0.0
2024-10-23 14:20:00-04:00,61.2400016784668,61.29999923706055,61.23500061035156,61.29999923706055,596,0.0,0.0
2024-10-23 14:25:00-04:00,61.31999969482422,61.38999938964844,61.279998779296875,61.279998779296875,2071,0.0,0.0
2024-10-23 14:30:00-04:00,61.2599983215332,61.279998779296875,61.2599983215332,61.279998779296875,845,0.0,0.0
2024-10-23 14:35:00-04:00,61.3650016784668,61.459999084472656,61.3650016784668,61.459999084472656,872,0.0,0.0
2024-10-23 14:40:00-04:00,61.46500015258789,61.5099983215332,61.46500015258789,61.5099983215332,587,0.0,0.0
2024-10-23 14:45:00-04:00,61.5099983215332,61.54999923706055,61.48827362060547,61.48827362060547,2393,0.0,0.0
2024-10-23 14:50:00-04:00,61.48500061035156,61.48500061035156,61.46500015258789,61.46500015258789,1325,0.0,0.0
2024-10-23 14:55:00-04:00,61.540000915527344,61.540000915527344,61.5099983215332,61.5099983215332,1322,0.0,0.0
2024-10-23 15:00:00-04:00,61.505001068115234,61.52000045776367,61.505001068115234,61.52000045776367,462,0.0,0.0
2024-10-23 15:05:00-04:00,61.505001068115234,61.58000183105469,61.505001068115234,61.56999969482422,1886,0.0,0.0
2024-10-23 15:10:00-04:00,61.630001068115234,61.75,61.630001068115234,61.75,1031,0.0,0.0
2024-10-23 15:15:00-04:00,61.720001220703125,61.75,61.689998626708984,61.75,2408,0.0,0.0
2024-10-23 15:20:00-04:00,61.75,61.75,61.70000076293945,61.70000076293945,2720,0.0,0.0
2024-10-23 15:25:00-04:00,61.66999816894531,61.75,61.66189956665039,61.75,2093,0.0,0.0
2024-10-23 15:30:00-04:00,61.689998626708984,61.75,61.68000030517578,61.744998931884766,4180,0.0,0.0
2024-10-23 15:35:00-04:00,61.65999984741211,61.70000076293945,61.63999938964844,61.70000076293945,4493,0.0,0.0
2024-10-23 15:40:00-04:00,61.70000076293945,61.77000045776367,61.70000076293945,61.7400016784668,2961,0.0,0.0
2024-10-23 15:45:00-04:00,61.7400016784668,61.7400016784668,61.54999923706055,61.58000183105469,8005,0.0,0.0
2024-10-23 15:50:00-04:00,61.61000061035156,61.75,61.54999923706055,61.75,13194,0.0,0.0
2024-10-23 15:55:00-04:00,61.75,61.75,61.34000015258789,61.45000076293945,67247,0.0,0.0
2024-10-24 09:30:00-04:00,61.189998626708984,61.189998626708984,61.01499938964844,61.130001068115234,3580,0.0,0.0
2024-10-24 09:45:00-04:00,61.16999816894531,61.290000915527344,61.16999816894531,61.279998779296875,2077,0.0,0.0
2024-10-24 09:50:00-04:00,61.33000183105469,61.33000183105469,61.33000183105469,61.33000183105469,430,0.0,0.0
2024-10-24 09:55:00-04:00,61.474998474121094,61.474998474121094,61.474998474121094,61.474998474121094,762,0.0,0.0
2024-10-24 10:00:00-04:00,61.54999923706055,61.81999969482422,61.54999923706055,61.71500015258789,1639,0.0,0.0
2024-10-24 10:05:00-04:00,61.79999923706055,61.79999923706055,61.79999923706055,61.79999923706055,1252,0.0,0.0
2024-10-24 10:10:00-04:00,61.73500061035156,61.779998779296875,61.560001373291016,61.560001373291016,3039,0.0,0.0
2024-10-24 10:15:00-04:00,61.41999816894531,61.41999816894531,61.38999938964844,61.41999816894531,2016,0.0,0.0
2024-10-24 10:20:00-04:00,61.38999938964844,61.38999938964844,61.38999938964844,61.38999938964844,443,0.0,0.0
2024-10-24 10:25:00-04:00,61.52000045776367,61.560001373291016,61.52000045776367,61.54499816894531,1255,0.0,0.0
2024-10-24 10:30:00-04:00,61.540000915527344,61.70000076293945,61.540000915527344,61.595001220703125,2210,0.0,0.0
2024-10-24 10:40:00-04:00,61.630001068115234,61.630001068115234,61.630001068115234,61.630001068115234,256,0.0,0.0
2024-10-24 10:45:00-04:00,61.630001068115234,61.630001068115234,61.630001068115234,61.630001068115234,1077,0.0,0.0
2024-10-24 10:50:00-04:00,61.619998931884766,61.619998931884766,61.619998931884766,61.619998931884766,1021,0.0,0.0
2024-10-24 10:55:00-04:00,61.68000030517578,61.709999084472656,61.68000030517578,61.68000030517578,1627,0.0,0.0
2024-10-24 11:00:00-04:00,61.65999984741211,61.689998626708984,61.525001525878906,61.525001525878906,2204,0.0,0.0
2024-10-24 11:05:00-04:00,61.40999984741211,61.40999984741211,61.40999984741211,61.40999984741211,140,0.0,0.0
2024-10-24 11:10:00-04:00,61.34000015258789,61.43000030517578,61.34000015258789,61.43000030517578,1379,0.0,0.0
2024-10-24 11:20:00-04:00,61.34000015258789,61.34000015258789,61.31999969482422,61.31999969482422,908,0.0,0.0
2024-10-24 11:30:00-04:00,61.2599983215332,61.29999923706055,61.18000030517578,61.18000030517578,949,0.0,0.0
2024-10-24 11:35:00-04:00,61.16999816894531,61.16999816894531,61.16999816894531,61.16999816894531,362,0.0,0.0
2024-10-24 11:45:00-04:00,61.099998474121094,61.099998474121094,60.779998779296875,60.779998779296875,4108,0.0,0.0
2024-10-24 11:50:00-04:00,60.79999923706055,60.845001220703125,60.79999923706055,60.845001220703125,802,0.0,0.0
2024-10-24 11:55:00-04:00,60.8650016784668,60.904998779296875,60.8650016784668,60.904998779296875,681,0.0,0.0
2024-10-24 12:00:00-04:00,60.904998779296875,60.904998779296875,60.6609992980957,60.75,1555,0.0,0.0
2024-10-24 12:05:00-04:00,60.775001525878906,60.775001525878906,60.775001525878906,60.775001525878906,674,0.0,0.0
2024-10-24 12:15:00-04:00,60.70500183105469,60.709999084472656,60.5,60.63999938964844,12108,0.0,0.0
2024-10-24 12:20:00-04:00,60.689998626708984,60.720001220703125,60.689998626708984,60.720001220703125,652,0.0,0.0
2024-10-24 12:25:00-04:00,60.724998474121094,60.79999923706055,60.724998474121094,60.775001525878906,1401,0.0,0.0
2024-10-24 12:30:00-04:00,60.790000915527344,61.0099983215332,60.790000915527344,61.0099983215332,1384,0.0,0.0
2024-10-24 12:35:00-04:00,61.02000045776367,61.025001525878906,61.0099983215332,61.025001525878906,982,0.0,0.0
2024-10-24 12:40:00-04:00,61.02000045776367,61.02000045776367,61.02000045776367,61.02000045776367,627,0.0,0.0
2024-10-24 12:45:00-04:00,61.06999969482422,61.06999969482422,61.06999969482422,61.06999969482422,804,0.0,0.0
2024-10-24 12:50:00-04:00,61.06999969482422,61.119998931884766,61.040000915527344,61.099998474121094,1846,0.0,0.0
2024-10-24 13:05:00-04:00,60.9900016784668,60.9900016784668,60.9900016784668,60.9900016784668,204,0.0,0.0
2024-10-24 13:10:00-04:00,61.0,61.09000015258789,61.0,61.09000015258789,376,0.0,0.0
2024-10-24 13:15:00-04:00,60.97999954223633,61.040000915527344,60.97999954223633,61.0099983215332,1671,0.0,0.0
2024-10-24 13:20:00-04:00,61.029998779296875,61.029998779296875,61.029998779296875,61.029998779296875,326,0.0,0.0
2024-10-24 13:30:00-04:00,61.03499984741211,61.04999923706055,61.0099983215332,61.0099983215332,887,0.0,0.0
2024-10-24 13:35:00-04:00,61.03499984741211,61.099998474121094,61.03499984741211,61.064998626708984,1215,0.0,0.0
2024-10-24 13:40:00-04:00,61.0,61.0,61.0,61.0,1373,0.0,0.0
2024-10-24 13:45:00-04:00,60.88999938964844,60.88999938964844,60.790000915527344,60.790000915527344,686,0.0,0.0
2024-10-24 13:50:00-04:00,60.77090072631836,60.77090072631836,60.77090072631836,60.77090072631836,385,0.0,0.0
2024-10-24 13:55:00-04:00,60.79999923706055,60.79999923706055,60.790000915527344,60.790000915527344,365,0.0,0.0
2024-10-24 14:00:00-04:00,60.75,60.84000015258789,60.75,60.84000015258789,1540,0.0,0.0
2024-10-24 14:10:00-04:00,60.814998626708984,60.90999984741211,60.814998626708984,60.90999984741211,2135,0.0,0.0
2024-10-24 14:20:00-04:00,60.95000076293945,60.95000076293945,60.95000076293945,60.95000076293945,1436,0.0,0.0
2024-10-24 14:25:00-04:00,60.89500045776367,60.89500045776367,60.880001068115234,60.880001068115234,627,0.0,0.0
2024-10-24 14:30:00-04:00,60.8650016784668,60.91999816894531,60.85499954223633,60.86000061035156,6331,0.0,0.0
2024-10-24 14:35:00-04:00,60.86000061035156,60.86000061035156,60.86000061035156,60.86000061035156,192,0.0,0.0
2024-10-24 14:40:00-04:00,60.85499954223633,60.85499954223633,60.849998474121094,60.849998474121094,461,0.0,0.0
2024-10-24 14:45:00-04:00,60.85499954223633,60.85499954223633,60.81999969482422,60.834999084472656,3033,0.0,0.0
2024-10-24 14:55:00-04:00,60.880001068115234,60.880001068115234,60.880001068115234,60.880001068115234,217,0.0,0.0
2024-10-24 15:00:00-04:00,60.84000015258789,60.84000015258789,60.77000045776367,60.77000045776367,2188,0.0,0.0
2024-10-24 15:05:00-04:00,60.709999084472656,60.709999084472656,60.689998626708984,60.689998626708984,959,0.0,0.0
2024-10-24 15:10:00-04:00,60.630001068115234,60.630001068115234,60.630001068115234,60.630001068115234,1029,0.0,0.0
2024-10-24 15:15:00-04:00,60.61000061035156,60.689998626708984,60.61000061035156,60.689998626708984,788,0.0,0.0
2024-10-24 15:20:00-04:00,60.7400016784668,60.76499938964844,60.7400016784668,60.76499938964844,2037,0.0,0.0
2024-10-24 15:25:00-04:00,60.79999923706055,60.79999923706055,60.7599983215332,60.77000045776367,1194,0.0,0.0
2024-10-24 15:30:00-04:00,60.75,60.75,60.75,60.75,464,0.0,0.0
2024-10-24 15:35:00-04:00,60.76499938964844,60.81999969482422,60.76499938964844,60.79999923706055,3073,0.0,0.0
2024-10-24 15:40:00-04:00,60.79999923706055,60.845001220703125,60.79999923706055,60.82500076293945,4960,0.0,0.0
2024-10-24 15:45:00-04:00,60.82500076293945,60.95000076293945,60.81999969482422,60.939998626708984,5620,0.0,0.0
2024-10-24 15:50:00-04:00,60.959999084472656,61.150001525878906,60.959999084472656,61.1150016784668,13729,0.0,0.0
2024-10-24 15:55:00-04:00,61.13999938964844,61.25,61.060001373291016,61.209999084472656,45142,0.0,0.0
2024-10-25 09:30:00-04:00,61.68000030517578,61.68000030517578,61.68000030517578,61.68000030517578,1389,0.0,0.0
2024-10-25 09:35:00-04:00,61.619998931884766,61.810001373291016,61.619998931884766,61.810001373291016,1469,0.0,0.0
2024-10-25 09:40:00-04:00,61.81999969482422,61.81999969482422,61.38999938964844,61.38999938964844,428,0.0,0.0
2024-10-25 09:50:00-04:00,61.72999954223633,61.72999954223633,61.54999923706055,61.54999923706055,922,0.0,0.0
2024-10-25 09:55:00-04:00,61.54999923706055,61.54999923706055,61.54999923706055,61.54999923706055,118,0.0,0.0
2024-10-25 10:00:00-04:00,61.63999938964844,61.736000061035156,61.63999938964844,61.736000061035156,599,0.0,0.0
2024-10-25 10:05:00-04:00,61.55500030517578,61.59000015258789,61.54999923706055,61.57500076293945,1497,0.0,0.0
2024-10-25 10:10:00-04:00,61.41999816894531,61.439998626708984,61.33000183105469,61.38999938964844,3199,0.0,0.0
2024-10-25 10:15:00-04:00,61.400001525878906,61.459999084472656,61.314998626708984,61.314998626708984,1776,0.0,0.0
2024-10-25 10:20:00-04:00,61.29999923706055,61.29999923706055,61.29999923706055,61.29999923706055,476,0.0,0.0
2024-10-25 10:25:00-04:00,61.29999923706055,61.29999923706055,61.29999923706055,61.29999923706055,1647,0.0,0.0
2024-10-25 10:30:00-04:00,61.25,61.43000030517578,61.25,61.43000030517578,967,0.0,0.0
2024-10-25 10:35:00-04:00,61.22999954223633,61.22999954223633,61.22999954223633,61.22999954223633,868,0.0,0.0
2024-10-25 10:40:00-04:00,61.2400016784668,61.4900016784668,61.2400016784668,61.4900016784668,3529,0.0,0.0
2024-10-25 10:45:00-04:00,61.45000076293945,61.45000076293945,61.3650016784668,61.3650016784668,1128,0.0,0.0
2024-10-25 10:50:00-04:00,61.380001068115234,61.38750076293945,61.279998779296875,61.380001068115234,1712,0.0,0.0
2024-10-25 10:55:00-04:00,61.310001373291016,61.310001373291016,61.310001373291016,61.310001373291016,302,0.0,0.0
2024-10-25 11:00:00-04:00,61.314998626708984,61.314998626708984,61.314998626708984,61.314998626708984,200,0.0,0.0
2024-10-25 11:05:00-04:00,61.209999084472656,61.209999084472656,61.16999816894531,61.16999816894531,0,0.0,0.0
2024-10-25 11:15:00-04:00,60.9900016784668,60.9900016784668,60.9900016784668,60.9900016784668,24369,0.0,0.0
2024-10-25 11:25:00-04:00,60.875999450683594,60.875999450683594,60.875999450683594,60.875999450683594,1435,0.0,0.0
2024-10-25 11:30:00-04:00,60.810001373291016,60.810001373291016,60.810001373291016,60.810001373291016,364,0.0,0.0
2024-10-25 11:35:00-04:00,60.779998779296875,60.779998779296875,60.709999084472656,60.709999084472656,871,0.0,0.0
2024-10-25 11:40:00-04:00,60.59000015258789,60.59000015258789,60.59000015258789,60.59000015258789,276,0.0,0.0
2024-10-25 11:45:00-04:00,60.83000183105469,60.849998474121094,60.83000183105469,60.849998474121094,1714,0.0,0.0
2024-10-25 11:50:00-04:00,60.95000076293945,60.97999954223633,60.93000030517578,60.97999954223633,541,0.0,0.0
2024-10-25 11:55:00-04:00,60.959999084472656,60.959999084472656,60.959999084472656,60.959999084472656,438,0.0,0.0
2024-10-25 12:00:00-04:00,60.95500183105469,61.029998779296875,60.95500183105469,61.029998779296875,679,0.0,0.0
2024-10-25 12:05:00-04:00,60.959999084472656,61.02000045776367,60.90999984741211,60.97999954223633,1379,0.0,0.0
2024-10-25 12:10:00-04:00,60.95000076293945,60.95000076293945,60.93000030517578,60.93000030517578,1443,0.0,0.0
2024-10-25 12:15:00-04:00,60.84000015258789,60.84000015258789,60.81999969482422,60.81999969482422,964,0.0,0.0
2024-10-25 12:20:00-04:00,60.904998779296875,60.98500061035156,60.904998779296875,60.98500061035156,743,0.0,0.0
2024-10-25 12:25:00-04:00,60.9900016784668,61.02000045776367,60.9900016784668,61.02000045776367,436,0.0,0.0
2024-10-25 12:30:00-04:00,60.939998626708984,60.939998626708984,60.84000015258789,60.84000015258789,785,0.0,0.0
2024-10-25 12:35:00-04:00,60.7400016784668,60.7400016784668,60.7400016784668,60.7400016784668,232,0.0,0.0
2024-10-25 12:40:00-04:00,60.75,60.90999984741211,60.75,60.83000183105469,1551,0.0,0.0
2024-10-25 12:45:00-04:00,60.75,60.75,60.75,60.75,220,0.0,0.0
2024-10-25 12:50:00-04:00,60.75,60.84000015258789,60.75,60.77000045776367,928,0.0,0.0
2024-10-25 12:55:00-04:00,60.779998779296875,60.790000915527344,60.75,60.75,1079,0.0,0.0
2024-10-25 13:00:00-04:00,60.75,60.75,60.640098571777344,60.640098571777344,916,0.0,0.0
2024-10-25 13:05:00-04:00,60.650001525878906,60.685001373291016,60.650001525878906,60.66999816894531,782,0.0,0.0
2024-10-25 13:10:00-04:00,60.650001525878906,60.650001525878906,60.584999084472656,60.60499954223633,1578,0.0,0.0
2024-10-25 13:15:00-04:00,60.58000183105469,60.58000183105469,60.52000045776367,60.52000045776367,470,0.0,0.0
2024-10-25 13:20:00-04:00,60.58000183105469,60.650001525878906,60.57500076293945,60.630001068115234,1496,0.0,0.0
2024-10-25 13:25:00-04:00,60.630001068115234,60.689998626708984,60.630001068115234,60.665000915527344,1904,0.0,0.0
2024-10-25 13:30:00-04:00,60.619998931884766,60.619998931884766,60.619998931884766,60.619998931884766,458,0.0,0.0
2024-10-25 13:35:00-04:00,60.645999908447266,60.645999908447266,60.560001373291016,60.560001373291016,861,0.0,0.0
2024-10-25 13:40:00-04:00,60.53499984741211,60.53499984741211,60.529998779296875,60.529998779296875,253,0.0,0.0
2024-10-25 13:45:00-04:00,60.529998779296875,60.59000015258789,60.529998779296875,60.59000015258789,2607,0.0,0.0
2024-10-25 13:50:00-04:00,60.595001220703125,60.599998474121094,60.595001220703125,60.599998474121094,350,0.0,0.0
2024-10-25 13:55:00-04:00,60.619998931884766,60.619998931884766,60.564998626708984,60.564998626708984,12047,0.0,0.0
2024-10-25 14:00:00-04:00,60.56999969482422,60.6349983215332,60.47999954223633,60.630001068115234,4350,0.0,0.0
2024-10-25 14:05:00-04:00,60.619998931884766,60.650001525878906,60.619998931884766,60.650001525878906,936,0.0,0.0
2024-10-25 14:10:00-04:00,60.56999969482422,60.619998931884766,60.564998626708984,60.6150016784668,1628,0.0,0.0
2024-10-25 14:15:00-04:00,60.6150016784668,60.654998779296875,60.6150016784668,60.650001525878906,1629,0.0,0.0
2024-10-25 14:20:00-04:00,60.709999084472656,60.88999938964844,60.70000076293945,60.875,3670,0.0,0.0
2024-10-25 14:25:00-04:00,60.93000030517578,61.0099983215332,60.93000030517578,60.95000076293945,750,0.0,0.0
2024-10-25 14:30:00-04:00,61.029998779296875,61.06999969482422,61.029998779296875,61.06999969482422,1048,0.0,0.0
2024-10-25 14:35:00-04:00,61.06999969482422,61.150001525878906,61.06999969482422,61.11000061035156,4680,0.0,0.0
2024-10-25 14:40:00-04:00,61.08000183105469,61.10499954223633,61.04999923706055,61.07500076293945,1223,0.0,0.0
2024-10-25 14:45:00-04:00,61.09000015258789,61.165000915527344,61.09000015258789,61.165000915527344,2515,0.0,0.0
2024-10-25 14:50:00-04:00,61.130001068115234,61.130001068115234,61.095001220703125,61.095001220703125,1114,0.0,0.0
2024-10-25 14:55:00-04:00,61.10499954223633,61.16999816894531,61.10499954223633,61.150001525878906,1298,0.0,0.0
2024-10-25 15:00:00-04:00,61.189998626708984,61.189998626708984,61.16999816894531,61.16999816894531,600,0.0,0.0
2024-10-25 15:05:00-04:00,61.130001068115234,61.130001068115234,61.029998779296875,61.029998779296875,1699,0.0,0.0
2024-10-25 15:10:00-04:00,61.03499984741211,61.03499984741211,60.91999816894531,61.0,1920,0.0,0.0
2024-10-25 15:15:00-04:00,61.0099983215332,61.07749938964844,61.0,61.06999969482422,5318,0.0,0.0
2024-10-25 15:20:00-04:00,61.060001373291016,61.08000183105469,61.029998779296875,61.029998779296875,1029,0.0,0.0
2024-10-25 15:25:00-04:00,61.06999969482422,61.20000076293945,61.06999969482422,61.189998626708984,3461,0.0,0.0
2024-10-25 15:30:00-04:00,61.16999816894531,61.16999816894531,61.130001068115234,61.15999984741211,3158,0.0,0.0
2024-10-25 15:35:00-04:00,61.189998626708984,61.209999084472656,61.189998626708984,61.189998626708984,621,0.0,0.0
2024-10-25 15:40:00-04:00,61.15999984741211,61.15999984741211,61.14500045776367,61.14500045776367,1212,0.0,0.0
2024-10-25 15:45:00-04:00,61.13999938964844,61.15999984741211,61.099998474121094,61.099998474121094,8572,0.0,0.0
2024-10-25 15:50:00-04:00,61.119998931884766,61.15999984741211,61.02000045776367,61.07500076293945,12522,0.0,0.0
2024-10-25 15:55:00-04:00,61.040000915527344,61.130001068115234,60.97999954223633,61.130001068115234,22633,0.0,0.0
