Datetime,Open,High,Low,Close,Volume,Dividends,Stock Splits
2024-09-27 09:30:00-04:00,14.710000038146973,14.9399995803833,14.704999923706055,14.9399995803833,24979,0.0,0.0
2024-09-27 09:35:00-04:00,14.989999771118164,15.069999694824219,14.925000190734863,14.925000190734863,18063,0.0,0.0
2024-09-27 09:40:00-04:00,14.925000190734863,14.949999809265137,14.84000015258789,14.845000267028809,8564,0.0,0.0
2024-09-27 09:45:00-04:00,14.84000015258789,14.850000381469727,14.791999816894531,14.835000038146973,9105,0.0,0.0
2024-09-27 09:50:00-04:00,14.835000038146973,14.890000343322754,14.819999694824219,14.890000343322754,16935,0.0,0.0
2024-09-27 09:55:00-04:00,14.899999618530273,14.9399995803833,14.850000381469727,14.9399995803833,6085,0.0,0.0
2024-09-27 10:00:00-04:00,14.960000038146973,15.0,14.960000038146973,15.0,16094,0.0,0.0
2024-09-27 10:05:00-04:00,14.994999885559082,14.994999885559082,14.890000343322754,14.90999984741211,20593,0.0,0.0
2024-09-27 10:10:00-04:00,14.90999984741211,14.90999984741211,14.829999923706055,14.880000114440918,14401,0.0,0.0
2024-09-27 10:15:00-04:00,14.880000114440918,14.880000114440918,14.829999923706055,14.84000015258789,14036,0.0,0.0
2024-09-27 10:20:00-04:00,14.84000015258789,14.859999656677246,14.800000190734863,14.8149995803833,9960,0.0,0.0
2024-09-27 10:25:00-04:00,14.8100004196167,14.8100004196167,14.739999771118164,14.755000114440918,9424,0.0,0.0
2024-09-27 10:30:00-04:00,14.75,14.75,14.670000076293945,14.6899995803833,10778,0.0,0.0
2024-09-27 10:35:00-04:00,14.65999984741211,14.670000076293945,14.649999618530273,14.649999618530273,9488,0.0,0.0
2024-09-27 10:40:00-04:00,14.65999984741211,14.729999542236328,14.65999984741211,14.720000267028809,9973,0.0,0.0
2024-09-27 10:45:00-04:00,14.729999542236328,14.734999656677246,14.710000038146973,14.710000038146973,6365,0.0,0.0
2024-09-27 10:50:00-04:00,14.710000038146973,14.710000038146973,14.670000076293945,14.680000305175781,5244,0.0,0.0
2024-09-27 10:55:00-04:00,14.6850004196167,14.6850004196167,14.609999656677246,14.619999885559082,9686,0.0,0.0
2024-09-27 11:00:00-04:00,14.619999885559082,14.649999618530273,14.5600004196167,14.5600004196167,6421,0.0,0.0
2024-09-27 11:05:00-04:00,14.556599617004395,14.649999618530273,14.556599617004395,14.619999885559082,7792,0.0,0.0
2024-09-27 11:10:00-04:00,14.619999885559082,14.670000076293945,14.619999885559082,14.670000076293945,7374,0.0,0.0
2024-09-27 11:15:00-04:00,14.670000076293945,14.675000190734863,14.59000015258789,14.600000381469727,9711,0.0,0.0
2024-09-27 11:20:00-04:00,14.600000381469727,14.619999885559082,14.574999809265137,14.574999809265137,4579,0.0,0.0
2024-09-27 11:25:00-04:00,14.579999923706055,14.619999885559082,14.579999923706055,14.619999885559082,3449,0.0,0.0
2024-09-27 11:30:00-04:00,14.630000114440918,14.760000228881836,14.630000114440918,14.710000038146973,21226,0.0,0.0
2024-09-27 11:35:00-04:00,14.6899995803833,14.6899995803833,14.630000114440918,14.630000114440918,4724,0.0,0.0
2024-09-27 11:40:00-04:00,14.630000114440918,14.65999984741211,14.630000114440918,14.649999618530273,5171,0.0,0.0
2024-09-27 11:45:00-04:00,14.649999618530273,14.699999809265137,14.640000343322754,14.699999809265137,4690,0.0,0.0
2024-09-27 11:50:00-04:00,14.699999809265137,14.699999809265137,14.670000076293945,14.6899995803833,6006,0.0,0.0
2024-09-27 11:55:00-04:00,14.6899995803833,14.699999809265137,14.670000076293945,14.670000076293945,7514,0.0,0.0
2024-09-27 12:00:00-04:00,14.680000305175781,14.680000305175781,14.649999618530273,14.649999618530273,6949,0.0,0.0
2024-09-27 12:05:00-04:00,14.649999618530273,14.670000076293945,14.635000228881836,14.635000228881836,6224,0.0,0.0
2024-09-27 12:10:00-04:00,14.635000228881836,14.640000343322754,14.625,14.625,4343,0.0,0.0
2024-09-27 12:15:00-04:00,14.630000114440918,14.65999984741211,14.625,14.65999984741211,3863,0.0,0.0
2024-09-27 12:20:00-04:00,14.65999984741211,14.680000305175781,14.65999984741211,14.664999961853027,3960,0.0,0.0
2024-09-27 12:25:00-04:00,14.664999961853027,14.664999961853027,14.630000114440918,14.630000114440918,7576,0.0,0.0
2024-09-27 12:30:00-04:00,14.619999885559082,14.630000114440918,14.619999885559082,14.619999885559082,2095,0.0,0.0
2024-09-27 12:35:00-04:00,14.609999656677246,14.619999885559082,14.604999542236328,14.609999656677246,3174,0.0,0.0
2024-09-27 12:40:00-04:00,14.609999656677246,14.640000343322754,14.609999656677246,14.640000343322754,5413,0.0,0.0
2024-09-27 12:45:00-04:00,14.634099960327148,14.634099960327148,14.625,14.625,1797,0.0,0.0
2024-09-27 12:50:00-04:00,14.625,14.654999732971191,14.619999885559082,14.645000457763672,4602,0.0,0.0
2024-09-27 12:55:00-04:00,14.645000457763672,14.645000457763672,14.619999885559082,14.635000228881836,4626,0.0,0.0
2024-09-27 13:00:00-04:00,14.635000228881836,14.640000343322754,14.619999885559082,14.630000114440918,5198,0.0,0.0
2024-09-27 13:05:00-04:00,14.619999885559082,14.619999885559082,14.569999694824219,14.569999694824219,4840,0.0,0.0
2024-09-27 13:10:00-04:00,14.569999694824219,14.579999923706055,14.510000228881836,14.510000228881836,31135,0.0,0.0
2024-09-27 13:15:00-04:00,14.489999771118164,14.505000114440918,14.460000038146973,14.489999771118164,5330,0.0,0.0
2024-09-27 13:20:00-04:00,14.5,14.5,14.5,14.5,918,0.0,0.0
2024-09-27 13:25:00-04:00,14.5,14.520000457763672,14.5,14.515000343322754,4883,0.0,0.0
2024-09-27 13:30:00-04:00,14.520000457763672,14.520000457763672,14.470000267028809,14.489999771118164,12218,0.0,0.0
2024-09-27 13:35:00-04:00,14.484999656677246,14.484999656677246,14.460000038146973,14.460000038146973,3202,0.0,0.0
2024-09-27 13:40:00-04:00,14.470000267028809,14.484999656677246,14.470000267028809,14.484999656677246,5715,0.0,0.0
2024-09-27 13:45:00-04:00,14.489999771118164,14.569999694824219,14.489999771118164,14.5649995803833,12413,0.0,0.0
2024-09-27 13:50:00-04:00,14.5600004196167,14.5649995803833,14.539999961853027,14.539999961853027,6845,0.0,0.0
2024-09-27 13:55:00-04:00,14.53499984741211,14.53499984741211,14.520000457763672,14.53499984741211,8598,0.0,0.0
2024-09-27 14:00:00-04:00,14.529999732971191,14.539999961853027,14.524999618530273,14.524999618530273,5994,0.0,0.0
2024-09-27 14:05:00-04:00,14.524999618530273,14.529999732971191,14.515000343322754,14.520000457763672,8045,0.0,0.0
2024-09-27 14:10:00-04:00,14.515000343322754,14.524999618530273,14.515000343322754,14.524999618530273,2686,0.0,0.0
2024-09-27 14:15:00-04:00,14.524999618530273,14.526000022888184,14.470000267028809,14.470000267028809,9432,0.0,0.0
2024-09-27 14:20:00-04:00,14.479999542236328,14.5,14.478899955749512,14.5,6593,0.0,0.0
2024-09-27 14:25:00-04:00,14.5,14.5,14.449999809265137,14.460000038146973,9647,0.0,0.0
2024-09-27 14:30:00-04:00,14.449999809265137,14.449999809265137,14.420000076293945,14.430000305175781,4313,0.0,0.0
2024-09-27 14:35:00-04:00,14.430000305175781,14.46500015258789,14.425000190734863,14.46500015258789,7963,0.0,0.0
2024-09-27 14:40:00-04:00,14.46500015258789,14.484999656677246,14.46500015258789,14.479999542236328,6277,0.0,0.0
2024-09-27 14:45:00-04:00,14.479999542236328,14.5,14.475000381469727,14.479999542236328,23655,0.0,0.0
2024-09-27 14:50:00-04:00,14.489999771118164,14.494999885559082,14.484999656677246,14.494999885559082,5361,0.0,0.0
2024-09-27 14:55:00-04:00,14.494999885559082,14.529999732971191,14.494999885559082,14.524999618530273,6517,0.0,0.0
2024-09-27 15:00:00-04:00,14.520000457763672,14.524999618530273,14.510000228881836,14.515000343322754,4593,0.0,0.0
2024-09-27 15:05:00-04:00,14.520000457763672,14.520000457763672,14.5,14.505000114440918,12519,0.0,0.0
2024-09-27 15:10:00-04:00,14.505000114440918,14.520000457763672,14.5,14.515000343322754,6351,0.0,0.0
2024-09-27 15:15:00-04:00,14.515000343322754,14.520000457763672,14.510000228881836,14.515000343322754,8841,0.0,0.0
2024-09-27 15:20:00-04:00,14.515000343322754,14.519000053405762,14.479999542236328,14.505000114440918,14522,0.0,0.0
2024-09-27 15:25:00-04:00,14.505000114440918,14.520000457763672,14.5,14.515000343322754,5905,0.0,0.0
2024-09-27 15:30:00-04:00,14.515000343322754,14.515000343322754,14.460000038146973,14.494999885559082,17610,0.0,0.0
2024-09-27 15:35:00-04:00,14.494999885559082,14.5,14.461000442504883,14.494999885559082,12307,0.0,0.0
2024-09-27 15:40:00-04:00,14.494999885559082,14.5,14.475000381469727,14.5,17925,0.0,0.0
2024-09-27 15:45:00-04:00,14.5,14.539999961853027,14.5,14.53499984741211,22029,0.0,0.0
2024-09-27 15:50:00-04:00,14.529999732971191,14.569999694824219,14.529999732971191,14.5649995803833,47477,0.0,0.0
2024-09-27 15:55:00-04:00,14.5649995803833,14.579999923706055,14.479999542236328,14.489999771118164,108619,0.0,0.0
2024-09-30 09:30:00-04:00,14.359999656677246,14.539999961853027,14.359999656677246,14.5,9561,0.0,0.0
2024-09-30 09:35:00-04:00,14.489999771118164,14.609999656677246,14.489999771118164,14.539999961853027,9839,0.0,0.0
2024-09-30 09:40:00-04:00,14.539999961853027,14.550000190734863,14.475000381469727,14.475000381469727,4647,0.0,0.0
2024-09-30 09:45:00-04:00,14.460000038146973,14.550000190734863,14.460000038146973,14.550000190734863,4138,0.0,0.0
2024-09-30 09:50:00-04:00,14.569999694824219,14.569999694824219,14.510000228881836,14.550000190734863,4559,0.0,0.0
2024-09-30 09:55:00-04:00,14.536999702453613,14.550000190734863,14.510000228881836,14.510000228881836,1954,0.0,0.0
2024-09-30 10:00:00-04:00,14.489999771118164,14.539999961853027,14.489999771118164,14.539999961853027,4841,0.0,0.0
2024-09-30 10:05:00-04:00,14.489999771118164,14.510000228881836,14.4399995803833,14.449999809265137,4444,0.0,0.0
2024-09-30 10:10:00-04:00,14.460000038146973,14.510000228881836,14.460000038146973,14.510000228881836,2493,0.0,0.0
2024-09-30 10:15:00-04:00,14.484999656677246,14.510000228881836,14.4399995803833,14.510000228881836,7447,0.0,0.0
2024-09-30 10:20:00-04:00,14.494999885559082,14.524999618530273,14.494999885559082,14.524999618530273,2071,0.0,0.0
2024-09-30 10:25:00-04:00,14.524999618530273,14.529999732971191,14.395000457763672,14.430000305175781,89584,0.0,0.0
2024-09-30 10:30:00-04:00,14.420000076293945,14.510000228881836,14.390000343322754,14.510000228881836,44352,0.0,0.0
2024-09-30 10:35:00-04:00,14.489999771118164,14.529999732971191,14.489999771118164,14.510000228881836,3047,0.0,0.0
2024-09-30 10:40:00-04:00,14.510000228881836,14.539999961853027,14.510000228881836,14.520000457763672,2961,0.0,0.0
2024-09-30 10:45:00-04:00,14.539999961853027,14.5600004196167,14.529999732971191,14.539999961853027,3880,0.0,0.0
2024-09-30 10:50:00-04:00,14.539999961853027,14.539999961853027,14.494999885559082,14.494999885559082,2874,0.0,0.0
2024-09-30 10:55:00-04:00,14.494999885559082,14.510000228881836,14.449999809265137,14.449999809265137,2581,0.0,0.0
2024-09-30 11:00:00-04:00,14.46500015258789,14.520000457763672,14.46500015258789,14.520000457763672,4860,0.0,0.0
2024-09-30 11:05:00-04:00,14.51449966430664,14.539999961853027,14.51449966430664,14.539999961853027,1997,0.0,0.0
2024-09-30 11:10:00-04:00,14.529999732971191,14.550000190734863,14.529999732971191,14.539999961853027,2141,0.0,0.0
2024-09-30 11:15:00-04:00,14.53499984741211,14.545000076293945,14.460000038146973,14.465999603271484,6862,0.0,0.0
2024-09-30 11:20:00-04:00,14.470000267028809,14.515000343322754,14.454999923706055,14.489999771118164,4599,0.0,0.0
2024-09-30 11:25:00-04:00,14.489999771118164,14.505000114440918,14.470000267028809,14.5,12392,0.0,0.0
2024-09-30 11:30:00-04:00,14.489999771118164,14.505000114440918,14.470000267028809,14.489999771118164,6814,0.0,0.0
2024-09-30 11:35:00-04:00,14.489999771118164,14.5,14.479999542236328,14.479999542236328,8931,0.0,0.0
2024-09-30 11:40:00-04:00,14.479999542236328,14.505000114440918,14.470000267028809,14.470000267028809,15037,0.0,0.0
2024-09-30 11:45:00-04:00,14.470000267028809,14.510000228881836,14.449999809265137,14.5,17248,0.0,0.0
2024-09-30 11:50:00-04:00,14.5,14.520000457763672,14.460000038146973,14.520000457763672,8499,0.0,0.0
2024-09-30 11:55:00-04:00,14.539999961853027,14.539999961853027,14.524999618530273,14.529999732971191,1444,0.0,0.0
2024-09-30 12:00:00-04:00,14.529999732971191,14.539999961853027,14.529999732971191,14.539999961853027,1871,0.0,0.0
2024-09-30 12:05:00-04:00,14.529999732971191,14.5600004196167,14.529999732971191,14.545700073242188,6143,0.0,0.0
2024-09-30 12:10:00-04:00,14.539999961853027,14.539999961853027,14.529999732971191,14.539999961853027,2353,0.0,0.0
2024-09-30 12:15:00-04:00,14.550000190734863,14.550000190734863,14.53499984741211,14.53499984741211,2370,0.0,0.0
2024-09-30 12:20:00-04:00,14.520000457763672,14.550000190734863,14.5,14.539999961853027,4835,0.0,0.0
2024-09-30 12:25:00-04:00,14.539999961853027,14.574999809265137,14.539999961853027,14.574999809265137,3337,0.0,0.0
2024-09-30 12:30:00-04:00,14.569999694824219,14.600000381469727,14.569999694824219,14.59000015258789,2586,0.0,0.0
2024-09-30 12:35:00-04:00,14.574999809265137,14.579999923706055,14.569999694824219,14.574999809265137,4495,0.0,0.0
2024-09-30 12:40:00-04:00,14.569999694824219,14.574999809265137,14.550000190734863,14.5600004196167,4424,0.0,0.0
2024-09-30 12:45:00-04:00,14.5600004196167,14.574999809265137,14.539999961853027,14.545000076293945,8025,0.0,0.0
2024-09-30 12:50:00-04:00,14.545000076293945,14.550000190734863,14.529999732971191,14.53499984741211,3813,0.0,0.0
2024-09-30 12:55:00-04:00,14.53499984741211,14.545000076293945,14.53499984741211,14.545000076293945,3792,0.0,0.0
2024-09-30 13:00:00-04:00,14.545000076293945,14.550000190734863,14.545000076293945,14.550000190734863,2932,0.0,0.0
2024-09-30 13:05:00-04:00,14.5600004196167,14.569999694824219,14.5600004196167,14.569999694824219,1901,0.0,0.0
2024-09-30 13:10:00-04:00,14.579999923706055,14.579999923706055,14.569999694824219,14.574999809265137,2710,0.0,0.0
2024-09-30 13:15:00-04:00,14.569999694824219,14.569999694824219,14.550000190734863,14.559499740600586,7702,0.0,0.0
2024-09-30 13:20:00-04:00,14.550000190734863,14.550000190734863,14.53499984741211,14.545000076293945,4418,0.0,0.0
2024-09-30 13:25:00-04:00,14.545000076293945,14.550000190734863,14.524999618530273,14.524999618530273,4819,0.0,0.0
2024-09-30 13:30:00-04:00,14.520000457763672,14.529999732971191,14.520000457763672,14.529999732971191,5201,0.0,0.0
2024-09-30 13:35:00-04:00,14.53499984741211,14.545000076293945,14.53499984741211,14.545000076293945,3248,0.0,0.0
2024-09-30 13:40:00-04:00,14.550000190734863,14.594499588012695,14.550000190734863,14.594499588012695,4995,0.0,0.0
2024-09-30 13:45:00-04:00,14.59000015258789,14.59000015258789,14.59000015258789,14.59000015258789,1480,0.0,0.0
2024-09-30 13:50:00-04:00,14.59000015258789,14.600000381469727,14.59000015258789,14.59000015258789,3489,0.0,0.0
2024-09-30 13:55:00-04:00,14.600000381469727,14.600000381469727,14.579999923706055,14.59000015258789,17923,0.0,0.0
2024-09-30 14:00:00-04:00,14.585000038146973,14.585000038146973,14.545000076293945,14.585000038146973,11568,0.0,0.0
2024-09-30 14:05:00-04:00,14.59000015258789,14.59000015258789,14.555000305175781,14.574999809265137,7183,0.0,0.0
2024-09-30 14:10:00-04:00,14.574999809265137,14.578800201416016,14.520000457763672,14.520000457763672,10459,0.0,0.0
2024-09-30 14:15:00-04:00,14.515000343322754,14.5600004196167,14.510000228881836,14.520000457763672,35949,0.0,0.0
2024-09-30 14:20:00-04:00,14.520000457763672,14.53499984741211,14.5,14.520000457763672,35385,0.0,0.0
2024-09-30 14:25:00-04:00,14.529999732971191,14.5600004196167,14.479999542236328,14.529999732971191,43747,0.0,0.0
2024-09-30 14:30:00-04:00,14.529999732971191,14.600000381469727,14.529999732971191,14.59000015258789,15099,0.0,0.0
2024-09-30 14:35:00-04:00,14.595000267028809,14.628000259399414,14.595000267028809,14.619999885559082,5546,0.0,0.0
2024-09-30 14:40:00-04:00,14.630000114440918,14.630000114440918,14.619999885559082,14.630000114440918,5810,0.0,0.0
2024-09-30 14:45:00-04:00,14.640000343322754,14.640000343322754,14.550000190734863,14.569999694824219,12045,0.0,0.0
2024-09-30 14:50:00-04:00,14.569999694824219,14.569999694824219,14.539999961853027,14.550000190734863,15355,0.0,0.0
2024-09-30 14:55:00-04:00,14.545000076293945,14.545000076293945,14.529999732971191,14.529999732971191,10120,0.0,0.0
2024-09-30 15:00:00-04:00,14.529999732971191,14.5600004196167,14.5,14.555000305175781,25810,0.0,0.0
2024-09-30 15:05:00-04:00,14.555000305175781,14.569999694824219,14.529999732971191,14.529999732971191,9492,0.0,0.0
2024-09-30 15:10:00-04:00,14.539999961853027,14.5600004196167,14.510000228881836,14.539999961853027,107167,0.0,0.0
2024-09-30 15:15:00-04:00,14.550000190734863,14.555000305175781,14.539999961853027,14.555000305175781,11517,0.0,0.0
2024-09-30 15:20:00-04:00,14.555000305175781,14.555000305175781,14.529999732971191,14.555000305175781,14994,0.0,0.0
2024-09-30 15:25:00-04:00,14.550000190734863,14.569999694824219,14.529999732971191,14.555000305175781,16881,0.0,0.0
2024-09-30 15:30:00-04:00,14.555000305175781,14.5649995803833,14.510000228881836,14.515000343322754,19233,0.0,0.0
2024-09-30 15:35:00-04:00,14.515000343322754,14.520000457763672,14.479999542236328,14.494999885559082,22347,0.0,0.0
2024-09-30 15:40:00-04:00,14.494999885559082,14.520000457763672,14.494999885559082,14.510000228881836,24352,0.0,0.0
2024-09-30 15:45:00-04:00,14.510000228881836,14.539999961853027,14.5,14.520000457763672,19160,0.0,0.0
2024-09-30 15:50:00-04:00,14.510000228881836,14.5600004196167,14.5,14.524999618530273,30826,0.0,0.0
2024-09-30 15:55:00-04:00,14.529999732971191,14.640000343322754,14.529999732971191,14.630000114440918,140022,0.0,0.0
2024-10-01 09:30:00-04:00,14.524999618530273,14.640000343322754,14.489999771118164,14.585000038146973,13775,0.0,0.0
2024-10-01 09:35:00-04:00,14.600000381469727,14.600000381469727,14.520000457763672,14.59000015258789,4054,0.0,0.0
2024-10-01 09:40:00-04:00,14.520000457763672,14.520000457763672,14.449999809265137,14.470000267028809,4398,0.0,0.0
2024-10-01 09:45:00-04:00,14.399999618530273,14.400400161743164,14.300000190734863,14.350000381469727,8292,0.0,0.0
2024-10-01 09:50:00-04:00,14.350000381469727,14.489999771118164,14.345000267028809,14.46619987487793,9288,0.0,0.0
2024-10-01 09:55:00-04:00,14.460000038146973,14.520000457763672,14.4399995803833,14.5,7490,0.0,0.0
2024-10-01 10:00:00-04:00,14.479999542236328,14.635000228881836,14.449999809265137,14.619999885559082,10016,0.0,0.0
2024-10-01 10:05:00-04:00,14.625,14.625,14.470000267028809,14.470000267028809,9920,0.0,0.0
2024-10-01 10:10:00-04:00,14.470000267028809,14.470000267028809,14.430000305175781,14.430000305175781,5171,0.0,0.0
2024-10-01 10:15:00-04:00,14.420000076293945,14.420000076293945,14.399999618530273,14.40999984741211,7975,0.0,0.0
2024-10-01 10:20:00-04:00,14.40999984741211,14.539999961853027,14.404999732971191,14.505000114440918,8676,0.0,0.0
2024-10-01 10:25:00-04:00,14.489999771118164,14.489999771118164,14.380000114440918,14.390000343322754,3748,0.0,0.0
2024-10-01 10:30:00-04:00,14.420000076293945,14.420000076293945,14.329999923706055,14.37600040435791,9550,0.0,0.0
2024-10-01 10:35:00-04:00,14.359999656677246,14.359999656677246,14.289999961853027,14.289999961853027,9010,0.0,0.0
2024-10-01 10:40:00-04:00,14.279999732971191,14.289999961853027,14.25,14.255000114440918,15082,0.0,0.0
2024-10-01 10:45:00-04:00,14.28499984741211,14.289999961853027,14.229900360107422,14.239999771118164,9611,0.0,0.0
2024-10-01 10:50:00-04:00,14.239999771118164,14.25,14.220000267028809,14.239999771118164,15858,0.0,0.0
2024-10-01 10:55:00-04:00,14.229999542236328,14.279999732971191,14.229999542236328,14.265000343322754,10063,0.0,0.0
2024-10-01 11:00:00-04:00,14.279999732971191,14.279999732971191,14.260000228881836,14.260000228881836,6935,0.0,0.0
2024-10-01 11:05:00-04:00,14.230799674987793,14.230799674987793,14.149999618530273,14.149999618530273,5962,0.0,0.0
2024-10-01 11:10:00-04:00,14.15999984741211,14.210000038146973,14.15999984741211,14.210000038146973,9870,0.0,0.0
2024-10-01 11:15:00-04:00,14.21500015258789,14.225000381469727,14.1899995803833,14.220000267028809,6509,0.0,0.0
2024-10-01 11:20:00-04:00,14.220000267028809,14.255000114440918,14.220000267028809,14.239999771118164,5626,0.0,0.0
2024-10-01 11:25:00-04:00,14.234999656677246,14.28499984741211,14.234999656677246,14.279999732971191,7230,0.0,0.0
2024-10-01 11:30:00-04:00,14.270000457763672,14.28499984741211,14.25,14.270000457763672,4432,0.0,0.0
2024-10-01 11:35:00-04:00,14.274999618530273,14.3149995803833,14.220000267028809,14.260000228881836,61695,0.0,0.0
2024-10-01 11:40:00-04:00,14.265000343322754,14.265000343322754,14.135000228881836,14.149999618530273,81559,0.0,0.0
2024-10-01 11:45:00-04:00,14.149999618530273,14.15999984741211,14.104999542236328,14.15999984741211,13574,0.0,0.0
2024-10-01 11:50:00-04:00,14.154999732971191,14.1899995803833,14.154999732971191,14.15999984741211,44753,0.0,0.0
2024-10-01 11:55:00-04:00,14.149999618530273,14.154999732971191,14.130000114440918,14.130000114440918,7430,0.0,0.0
2024-10-01 12:00:00-04:00,14.109999656677246,14.140000343322754,14.095000267028809,14.140000343322754,6305,0.0,0.0
2024-10-01 12:05:00-04:00,14.140000343322754,14.149999618530273,14.104999542236328,14.135000228881836,8614,0.0,0.0
2024-10-01 12:10:00-04:00,14.135000228881836,14.145000457763672,14.109999656677246,14.109999656677246,8800,0.0,0.0
2024-10-01 12:15:00-04:00,14.109999656677246,14.130000114440918,14.09000015258789,14.09000015258789,6914,0.0,0.0
2024-10-01 12:20:00-04:00,14.079999923706055,14.09000015258789,14.069999694824219,14.079999923706055,8736,0.0,0.0
2024-10-01 12:25:00-04:00,14.09000015258789,14.114999771118164,14.09000015258789,14.104999542236328,4387,0.0,0.0
2024-10-01 12:30:00-04:00,14.104999542236328,14.119999885559082,14.069999694824219,14.100000381469727,10906,0.0,0.0
2024-10-01 12:35:00-04:00,14.119999885559082,14.130000114440918,14.079999923706055,14.079999923706055,4938,0.0,0.0
2024-10-01 12:40:00-04:00,14.0600004196167,14.0600004196167,14.020000457763672,14.024999618530273,7673,0.0,0.0
2024-10-01 12:45:00-04:00,14.024999618530273,14.0600004196167,14.010000228881836,14.0600004196167,11352,0.0,0.0
2024-10-01 12:50:00-04:00,14.079999923706055,14.119999885559082,14.079999923706055,14.119999885559082,7528,0.0,0.0
2024-10-01 12:55:00-04:00,14.130000114440918,14.140000343322754,14.079999923706055,14.119999885559082,9353,0.0,0.0
2024-10-01 13:00:00-04:00,14.109999656677246,14.109999656677246,14.050000190734863,14.0600004196167,4336,0.0,0.0
2024-10-01 13:05:00-04:00,14.050000190734863,14.109999656677246,14.029999732971191,14.109999656677246,14400,0.0,0.0
2024-10-01 13:10:00-04:00,14.100000381469727,14.104999542236328,14.069999694824219,14.074999809265137,5572,0.0,0.0
2024-10-01 13:15:00-04:00,14.074999809265137,14.114999771118164,14.050000190734863,14.109999656677246,18181,0.0,0.0
2024-10-01 13:20:00-04:00,14.109999656677246,14.119999885559082,14.109999656677246,14.114999771118164,4372,0.0,0.0
2024-10-01 13:25:00-04:00,14.109999656677246,14.109999656677246,14.079999923706055,14.079999923706055,6225,0.0,0.0
2024-10-01 13:30:00-04:00,14.069999694824219,14.135000228881836,14.069999694824219,14.119999885559082,6464,0.0,0.0
2024-10-01 13:35:00-04:00,14.119999885559082,14.135000228881836,14.119999885559082,14.119999885559082,4874,0.0,0.0
2024-10-01 13:40:00-04:00,14.114999771118164,14.220000267028809,14.109999656677246,14.21500015258789,36733,0.0,0.0
2024-10-01 13:45:00-04:00,14.199999809265137,14.199999809265137,14.140000343322754,14.140000343322754,39726,0.0,0.0
2024-10-01 13:50:00-04:00,14.15999984741211,14.15999984741211,14.119999885559082,14.130000114440918,3362,0.0,0.0
2024-10-01 13:55:00-04:00,14.140000343322754,14.220000267028809,14.140000343322754,14.15999984741211,88561,0.0,0.0
2024-10-01 14:00:00-04:00,14.170000076293945,14.210000038146973,14.15999984741211,14.210000038146973,33661,0.0,0.0
2024-10-01 14:05:00-04:00,14.210000038146973,14.210000038146973,14.130000114440918,14.130000114440918,41290,0.0,0.0
2024-10-01 14:10:00-04:00,14.140000343322754,14.15999984741211,14.140000343322754,14.15999984741211,4769,0.0,0.0
2024-10-01 14:15:00-04:00,14.15999984741211,14.220000267028809,14.15999984741211,14.15999984741211,33490,0.0,0.0
2024-10-01 14:20:00-04:00,14.175000190734863,14.175000190734863,14.15999984741211,14.15999984741211,4177,0.0,0.0
2024-10-01 14:25:00-04:00,14.175000190734863,14.175000190734863,14.164999961853027,14.170000076293945,4587,0.0,0.0
2024-10-01 14:30:00-04:00,14.170000076293945,14.1899995803833,14.170000076293945,14.1850004196167,7579,0.0,0.0
2024-10-01 14:35:00-04:00,14.1850004196167,14.208200454711914,14.175000190734863,14.180000305175781,7757,0.0,0.0
2024-10-01 14:40:00-04:00,14.180000305175781,14.180000305175781,14.169899940490723,14.180000305175781,5147,0.0,0.0
2024-10-01 14:45:00-04:00,14.1850004196167,14.1899995803833,14.149999618530273,14.154999732971191,5370,0.0,0.0
2024-10-01 14:50:00-04:00,14.154999732971191,14.15999984741211,14.114999771118164,14.135000228881836,9199,0.0,0.0
2024-10-01 14:55:00-04:00,14.135000228881836,14.15999984741211,14.135000228881836,14.154999732971191,4146,0.0,0.0
2024-10-01 15:00:00-04:00,14.149999618530273,14.149999618530273,14.130000114440918,14.130000114440918,5083,0.0,0.0
2024-10-01 15:05:00-04:00,14.119999885559082,14.145000457763672,14.109999656677246,14.140000343322754,7785,0.0,0.0
2024-10-01 15:10:00-04:00,14.140000343322754,14.149999618530273,14.140000343322754,14.149999618530273,4210,0.0,0.0
2024-10-01 15:15:00-04:00,14.154999732971191,14.180000305175781,14.149999618530273,14.154999732971191,6617,0.0,0.0
2024-10-01 15:20:00-04:00,14.15999984741211,14.164999961853027,14.154999732971191,14.154999732971191,6053,0.0,0.0
2024-10-01 15:25:00-04:00,14.154999732971191,14.154999732971191,14.100000381469727,14.119999885559082,14490,0.0,0.0
2024-10-01 15:30:00-04:00,14.119999885559082,14.119999885559082,14.0600004196167,14.0600004196167,13579,0.0,0.0
2024-10-01 15:35:00-04:00,14.0600004196167,14.079999923706055,14.020000457763672,14.079999923706055,14764,0.0,0.0
2024-10-01 15:40:00-04:00,14.079999923706055,14.079999923706055,14.0600004196167,14.0600004196167,9206,0.0,0.0
2024-10-01 15:45:00-04:00,14.0600004196167,14.085000038146973,14.050000190734863,14.060999870300293,22839,0.0,0.0
2024-10-01 15:50:00-04:00,14.0649995803833,14.069999694824219,14.03499984741211,14.069999694824219,35217,0.0,0.0
2024-10-01 15:55:00-04:00,14.069999694824219,14.079999923706055,14.020000457763672,14.050000190734863,127929,0.0,0.0
2024-10-02 09:30:00-04:00,14.0600004196167,14.15999984741211,14.010000228881836,14.100000381469727,11396,0.0,0.0
2024-10-02 09:35:00-04:00,14.029999732971191,14.199999809265137,14.029999732971191,14.199999809265137,16508,0.0,0.0
2024-10-02 09:40:00-04:00,14.199999809265137,14.21500015258789,14.114999771118164,14.145000457763672,14055,0.0,0.0
2024-10-02 09:45:00-04:00,14.145000457763672,14.270000457763672,14.0600004196167,14.270000457763672,23239,0.0,0.0
2024-10-02 09:50:00-04:00,14.270000457763672,14.270000457763672,14.260000228881836,14.265000343322754,1577,0.0,0.0
2024-10-02 09:55:00-04:00,14.25,14.255000114440918,14.199999809265137,14.239999771118164,10677,0.0,0.0
2024-10-02 10:00:00-04:00,14.25,14.420000076293945,14.25,14.420000076293945,7194,0.0,0.0
2024-10-02 10:05:00-04:00,14.420000076293945,14.430000305175781,14.380000114440918,14.380000114440918,4774,0.0,0.0
2024-10-02 10:10:00-04:00,14.390000343322754,14.399999618530273,14.380000114440918,14.399999618530273,1303,0.0,0.0
2024-10-02 10:15:00-04:00,14.380000114440918,14.380000114440918,14.359999656677246,14.375,966,0.0,0.0
2024-10-02 10:20:00-04:00,14.390000343322754,14.399999618530273,14.229999542236328,14.255000114440918,3536,0.0,0.0
2024-10-02 10:25:00-04:00,14.239999771118164,14.324999809265137,14.239999771118164,14.324999809265137,3878,0.0,0.0
2024-10-02 10:30:00-04:00,14.300000190734863,14.359999656677246,14.300000190734863,14.359999656677246,2601,0.0,0.0
2024-10-02 10:35:00-04:00,14.329999923706055,14.34000015258789,14.289999961853027,14.319999694824219,8838,0.0,0.0
2024-10-02 10:40:00-04:00,14.329999923706055,14.364999771118164,14.329999923706055,14.364999771118164,1307,0.0,0.0
2024-10-02 10:45:00-04:00,14.369999885559082,14.380000114440918,14.34000015258789,14.380000114440918,3152,0.0,0.0
2024-10-02 10:50:00-04:00,14.369999885559082,14.369999885559082,14.335000038146973,14.335000038146973,1614,0.0,0.0
2024-10-02 10:55:00-04:00,14.319999694824219,14.34000015258789,14.279999732971191,14.279999732971191,3989,0.0,0.0
2024-10-02 11:00:00-04:00,14.270000457763672,14.329999923706055,14.270000457763672,14.329999923706055,3322,0.0,0.0
2024-10-02 11:05:00-04:00,14.34000015258789,14.359999656677246,14.319999694824219,14.350000381469727,4540,0.0,0.0
2024-10-02 11:10:00-04:00,14.329999923706055,14.329999923706055,14.3100004196167,14.3100004196167,394,0.0,0.0
2024-10-02 11:15:00-04:00,14.3100004196167,14.369999885559082,14.3100004196167,14.369999885559082,4007,0.0,0.0
2024-10-02 11:20:00-04:00,14.359999656677246,14.359999656677246,14.350000381469727,14.350000381469727,1943,0.0,0.0
2024-10-02 11:25:00-04:00,14.359999656677246,14.369999885559082,14.359999656677246,14.359999656677246,1620,0.0,0.0
2024-10-02 11:30:00-04:00,14.378700256347656,14.380000114440918,14.378700256347656,14.380000114440918,1589,0.0,0.0
2024-10-02 11:35:00-04:00,14.385000228881836,14.420000076293945,14.385000228881836,14.40999984741211,27625,0.0,0.0
2024-10-02 11:40:00-04:00,14.400799751281738,14.420000076293945,14.399999618530273,14.40999984741211,3682,0.0,0.0
2024-10-02 11:45:00-04:00,14.420000076293945,14.420000076293945,14.40999984741211,14.40999984741211,1175,0.0,0.0
2024-10-02 11:50:00-04:00,14.399999618530273,14.420000076293945,14.399999618530273,14.420000076293945,4199,0.0,0.0
2024-10-02 11:55:00-04:00,14.430000305175781,14.444999694824219,14.430000305175781,14.4399995803833,2840,0.0,0.0
2024-10-02 12:00:00-04:00,14.4399995803833,14.449999809265137,14.430000305175781,14.430800437927246,2270,0.0,0.0
2024-10-02 12:05:00-04:00,14.430000305175781,14.4399995803833,14.430000305175781,14.4399995803833,3196,0.0,0.0
2024-10-02 12:15:00-04:00,14.430000305175781,14.430000305175781,14.40999984741211,14.430000305175781,1967,0.0,0.0
2024-10-02 12:20:00-04:00,14.399999618530273,14.420000076293945,14.399999618530273,14.420000076293945,3252,0.0,0.0
2024-10-02 12:25:00-04:00,14.420000076293945,14.420000076293945,14.40999984741211,14.420000076293945,1002,0.0,0.0
2024-10-02 12:30:00-04:00,14.399999618530273,14.399999618530273,14.399999618530273,14.399999618530273,2117,0.0,0.0
2024-10-02 12:35:00-04:00,14.399999618530273,14.40999984741211,14.385000228881836,14.40999984741211,5857,0.0,0.0
2024-10-02 12:40:00-04:00,14.40999984741211,14.40999984741211,14.40999984741211,14.40999984741211,807,0.0,0.0
2024-10-02 12:45:00-04:00,14.40999984741211,14.40999984741211,14.399999618530273,14.40999984741211,7379,0.0,0.0
2024-10-02 12:50:00-04:00,14.40999984741211,14.420000076293945,14.40999984741211,14.420000076293945,2638,0.0,0.0
2024-10-02 12:55:00-04:00,14.420000076293945,14.430000305175781,14.390000343322754,14.399999618530273,9608,0.0,0.0
2024-10-02 13:00:00-04:00,14.395000457763672,14.40999984741211,14.395000457763672,14.40999984741211,2530,0.0,0.0
2024-10-02 13:05:00-04:00,14.40999984741211,14.40999984741211,14.399999618530273,14.399999618530273,5365,0.0,0.0
2024-10-02 13:10:00-04:00,14.40999984741211,14.420000076293945,14.399999618530273,14.40999984741211,4771,0.0,0.0
2024-10-02 13:20:00-04:00,14.40999984741211,14.414999961853027,14.404999732971191,14.404999732971191,1545,0.0,0.0
2024-10-02 13:25:00-04:00,14.399999618530273,14.449999809265137,14.399999618530273,14.449999809265137,5173,0.0,0.0
2024-10-02 13:30:00-04:00,14.444999694824219,14.449999809265137,14.4399995803833,14.449999809265137,11247,0.0,0.0
2024-10-02 13:35:00-04:00,14.449999809265137,14.470000267028809,14.449999809265137,14.46500015258789,5712,0.0,0.0
2024-10-02 13:40:00-04:00,14.470000267028809,14.494999885559082,14.404999732971191,14.484999656677246,44250,0.0,0.0
2024-10-02 13:45:00-04:00,14.489999771118164,14.489999771118164,14.449999809265137,14.470000267028809,107565,0.0,0.0
2024-10-02 13:50:00-04:00,14.460000038146973,14.489999771118164,14.460000038146973,14.489999771118164,21898,0.0,0.0
2024-10-02 13:55:00-04:00,14.489999771118164,14.510000228881836,14.489999771118164,14.510000228881836,4131,0.0,0.0
2024-10-02 14:00:00-04:00,14.5,14.5,14.5,14.5,9592,0.0,0.0
2024-10-02 14:05:00-04:00,14.5,14.5,14.399999618530273,14.420000076293945,21027,0.0,0.0
2024-10-02 14:10:00-04:00,14.40999984741211,14.494999885559082,14.390000343322754,14.390000343322754,277367,0.0,0.0
2024-10-02 14:15:00-04:00,14.375,14.390000343322754,14.300000190734863,14.329999923706055,6817,0.0,0.0
2024-10-02 14:20:00-04:00,14.319999694824219,14.329999923706055,14.319999694824219,14.329999923706055,1208,0.0,0.0
2024-10-02 14:25:00-04:00,14.329999923706055,14.34000015258789,14.270000457763672,14.300000190734863,4498,0.0,0.0
2024-10-02 14:30:00-04:00,14.300000190734863,14.324999809265137,14.300000190734863,14.300000190734863,3057,0.0,0.0
2024-10-02 14:35:00-04:00,14.3100004196167,14.319999694824219,14.300000190734863,14.3149995803833,3261,0.0,0.0
2024-10-02 14:40:00-04:00,14.319999694824219,14.329999923706055,14.319999694824219,14.329999923706055,1893,0.0,0.0
2024-10-02 14:45:00-04:00,14.329999923706055,14.329999923706055,14.3149995803833,14.3149995803833,1353,0.0,0.0
2024-10-02 14:50:00-04:00,14.305000305175781,14.305000305175781,14.289999961853027,14.300000190734863,2208,0.0,0.0
2024-10-02 14:55:00-04:00,14.300000190734863,14.300000190734863,14.300000190734863,14.300000190734863,2194,0.0,0.0
2024-10-02 15:00:00-04:00,14.3100004196167,14.329999923706055,14.300000190734863,14.329999923706055,3852,0.0,0.0
2024-10-02 15:05:00-04:00,14.329999923706055,14.34000015258789,14.319999694824219,14.319999694824219,2299,0.0,0.0
2024-10-02 15:10:00-04:00,14.3100004196167,14.329999923706055,14.3100004196167,14.319999694824219,2687,0.0,0.0
2024-10-02 15:15:00-04:00,14.319999694824219,14.329999923706055,14.289999961853027,14.329999923706055,13014,0.0,0.0
2024-10-02 15:20:00-04:00,14.329999923706055,14.34000015258789,14.329999923706055,14.34000015258789,5550,0.0,0.0
2024-10-02 15:25:00-04:00,14.350000381469727,14.380000114440918,14.350000381469727,14.375,6874,0.0,0.0
2024-10-02 15:30:00-04:00,14.369999885559082,14.380000114440918,14.359999656677246,14.369999885559082,7070,0.0,0.0
2024-10-02 15:35:00-04:00,14.369999885559082,14.449999809265137,14.369999885559082,14.444999694824219,15035,0.0,0.0
2024-10-02 15:40:00-04:00,14.444999694824219,14.539999961853027,14.4399995803833,14.5,99162,0.0,0.0
2024-10-02 15:45:00-04:00,14.489999771118164,14.529999732971191,14.479999542236328,14.5,17901,0.0,0.0
2024-10-02 15:50:00-04:00,14.494999885559082,14.510000228881836,14.460000038146973,14.460000038146973,31268,0.0,0.0
2024-10-02 15:55:00-04:00,14.470000267028809,14.520000457763672,14.470000267028809,14.510000228881836,86348,0.0,0.0
2024-10-03 09:30:00-04:00,14.239999771118164,14.295000076293945,14.180000305175781,14.260000228881836,23987,0.0,0.0
2024-10-03 09:35:00-04:00,14.279999732971191,14.289999961853027,14.255000114440918,14.255000114440918,1899,0.0,0.0
2024-10-03 09:40:00-04:00,14.204999923706055,14.204999923706055,14.130000114440918,14.130000114440918,627,0.0,0.0
2024-10-03 09:45:00-04:00,14.074999809265137,14.210000038146973,13.960000038146973,13.984999656677246,6981,0.0,0.0
2024-10-03 09:50:00-04:00,13.949999809265137,14.109999656677246,13.949999809265137,14.109999656677246,10907,0.0,0.0
2024-10-03 09:55:00-04:00,14.100000381469727,14.140000343322754,14.095000267028809,14.140000343322754,1739,0.0,0.0
2024-10-03 10:00:00-04:00,14.15999984741211,14.180000305175781,14.15999984741211,14.180000305175781,6459,0.0,0.0
2024-10-03 10:05:00-04:00,14.1850004196167,14.220000267028809,14.1850004196167,14.210000038146973,2911,0.0,0.0
2024-10-03 10:10:00-04:00,14.21500015258789,14.300000190734863,14.199999809265137,14.260000228881836,11876,0.0,0.0
2024-10-03 10:15:00-04:00,14.279999732971191,14.319999694824219,14.270000457763672,14.289999961853027,2835,0.0,0.0
2024-10-03 10:20:00-04:00,14.260000228881836,14.260000228881836,14.1899995803833,14.210000038146973,8606,0.0,0.0
2024-10-03 10:25:00-04:00,14.220000267028809,14.260000228881836,14.199999809265137,14.25,6700,0.0,0.0
2024-10-03 10:30:00-04:00,14.239999771118164,14.279999732971191,14.208999633789062,14.265000343322754,7578,0.0,0.0
2024-10-03 10:35:00-04:00,14.279999732971191,14.28499984741211,14.239999771118164,14.25,5230,0.0,0.0
2024-10-03 10:40:00-04:00,14.234999656677246,14.234999656677246,14.204999923706055,14.220000267028809,2770,0.0,0.0
2024-10-03 10:45:00-04:00,14.225000381469727,14.270000457763672,14.225000381469727,14.239999771118164,4658,0.0,0.0
2024-10-03 10:50:00-04:00,14.239999771118164,14.270000457763672,14.229999542236328,14.270000457763672,4501,0.0,0.0
2024-10-03 10:55:00-04:00,14.270000457763672,14.289999961853027,14.25,14.260000228881836,3315,0.0,0.0
2024-10-03 11:00:00-04:00,14.180000305175781,14.180000305175781,14.079999923706055,14.100000381469727,4652,0.0,0.0
2024-10-03 11:05:00-04:00,14.109999656677246,14.119999885559082,14.079999923706055,14.100000381469727,6173,0.0,0.0
2024-10-03 11:10:00-04:00,14.109999656677246,14.109999656677246,14.079999923706055,14.09000015258789,2938,0.0,0.0
2024-10-03 11:15:00-04:00,14.109999656677246,14.130000114440918,14.109999656677246,14.109999656677246,2139,0.0,0.0
2024-10-03 11:20:00-04:00,14.09000015258789,14.109999656677246,14.079999923706055,14.109999656677246,2362,0.0,0.0
2024-10-03 11:25:00-04:00,14.119999885559082,14.119999885559082,14.029999732971191,14.029999732971191,10782,0.0,0.0
2024-10-03 11:30:00-04:00,14.039999961853027,14.100000381469727,14.039999961853027,14.069999694824219,3751,0.0,0.0
2024-10-03 11:35:00-04:00,14.0600004196167,14.095000267028809,14.0600004196167,14.095000267028809,1620,0.0,0.0
2024-10-03 11:40:00-04:00,14.095000267028809,14.119999885559082,14.09000015258789,14.109999656677246,3027,0.0,0.0
2024-10-03 11:45:00-04:00,14.119999885559082,14.130000114440918,14.119999885559082,14.130000114440918,2140,0.0,0.0
2024-10-03 11:50:00-04:00,14.140000343322754,14.15999984741211,14.140000343322754,14.15999984741211,3180,0.0,0.0
2024-10-03 11:55:00-04:00,14.149999618530273,14.149999618530273,14.119999885559082,14.119999885559082,2265,0.0,0.0
2024-10-03 12:00:00-04:00,14.119999885559082,14.119999885559082,14.109999656677246,14.119999885559082,1148,0.0,0.0
2024-10-03 12:05:00-04:00,14.119999885559082,14.130000114440918,14.119999885559082,14.130000114440918,2983,0.0,0.0
2024-10-03 12:10:00-04:00,14.140000343322754,14.210000038146973,14.140000343322754,14.199999809265137,3215,0.0,0.0
2024-10-03 12:15:00-04:00,14.199999809265137,14.199999809265137,14.170000076293945,14.170000076293945,2214,0.0,0.0
2024-10-03 12:20:00-04:00,14.15999984741211,14.15999984741211,14.15999984741211,14.15999984741211,780,0.0,0.0
2024-10-03 12:25:00-04:00,14.149999618530273,14.180000305175781,14.130000114440918,14.149999618530273,5924,0.0,0.0
2024-10-03 12:30:00-04:00,14.130000114440918,14.140000343322754,14.104999542236328,14.135000228881836,2403,0.0,0.0
2024-10-03 12:35:00-04:00,14.140000343322754,14.149999618530273,14.130000114440918,14.140000343322754,2316,0.0,0.0
2024-10-03 12:40:00-04:00,14.130000114440918,14.130000114440918,14.09000015258789,14.104999542236328,3009,0.0,0.0
2024-10-03 12:45:00-04:00,14.079999923706055,14.09000015258789,14.069999694824219,14.069999694824219,2691,0.0,0.0
2024-10-03 12:50:00-04:00,14.0600004196167,14.069999694824219,14.050000190734863,14.0600004196167,4045,0.0,0.0
2024-10-03 12:55:00-04:00,14.069999694824219,14.100000381469727,14.069999694824219,14.079999923706055,3112,0.0,0.0
2024-10-03 13:00:00-04:00,14.050000190734863,14.0600004196167,14.039999961853027,14.050000190734863,1897,0.0,0.0
2024-10-03 13:05:00-04:00,14.050000190734863,14.069999694824219,14.039999961853027,14.069999694824219,3595,0.0,0.0
2024-10-03 13:10:00-04:00,14.050000190734863,14.069999694824219,14.050000190734863,14.050000190734863,2338,0.0,0.0
2024-10-03 13:15:00-04:00,14.050000190734863,14.050000190734863,14.029999732971191,14.039999961853027,2870,0.0,0.0
2024-10-03 13:20:00-04:00,14.050000190734863,14.09000015258789,14.050000190734863,14.09000015258789,3704,0.0,0.0
2024-10-03 13:25:00-04:00,14.100000381469727,14.119999885559082,14.0600004196167,14.069999694824219,3266,0.0,0.0
2024-10-03 13:30:00-04:00,14.050000190734863,14.079999923706055,14.050000190734863,14.069999694824219,4157,0.0,0.0
2024-10-03 13:35:00-04:00,14.069999694824219,14.069999694824219,14.039999961853027,14.050000190734863,2425,0.0,0.0
2024-10-03 13:40:00-04:00,14.050000190734863,14.069999694824219,14.039999961853027,14.069999694824219,2706,0.0,0.0
2024-10-03 13:45:00-04:00,14.074000358581543,14.109999656677246,14.055000305175781,14.055000305175781,4385,0.0,0.0
2024-10-03 13:50:00-04:00,14.050000190734863,14.0600004196167,14.050000190734863,14.0600004196167,2557,0.0,0.0
2024-10-03 13:55:00-04:00,14.0600004196167,14.0600004196167,14.046899795532227,14.046899795532227,4500,0.0,0.0
2024-10-03 14:00:00-04:00,14.039999961853027,14.039999961853027,14.029999732971191,14.039999961853027,3727,0.0,0.0
2024-10-03 14:05:00-04:00,14.050000190734863,14.0600004196167,14.050000190734863,14.0600004196167,1722,0.0,0.0
2024-10-03 14:10:00-04:00,14.069999694824219,14.079999923706055,14.0600004196167,14.079999923706055,3523,0.0,0.0
2024-10-03 14:15:00-04:00,14.074999809265137,14.104999542236328,14.074999809265137,14.104999542236328,3090,0.0,0.0
2024-10-03 14:20:00-04:00,14.100000381469727,14.100000381469727,14.069999694824219,14.095000267028809,4383,0.0,0.0
2024-10-03 14:25:00-04:00,14.095000267028809,14.104999542236328,14.09000015258789,14.09000015258789,2697,0.0,0.0
2024-10-03 14:30:00-04:00,14.074999809265137,14.079999923706055,14.069999694824219,14.069999694824219,2450,0.0,0.0
2024-10-03 14:35:00-04:00,14.079999923706055,14.079999923706055,14.079999923706055,14.079999923706055,1031,0.0,0.0
2024-10-03 14:40:00-04:00,14.079999923706055,14.09000015258789,14.074999809265137,14.085000038146973,2959,0.0,0.0
2024-10-03 14:45:00-04:00,14.079999923706055,14.079999923706055,14.0600004196167,14.0600004196167,3979,0.0,0.0
2024-10-03 14:50:00-04:00,14.0600004196167,14.069999694824219,14.0600004196167,14.069999694824219,2352,0.0,0.0
2024-10-03 14:55:00-04:00,14.069999694824219,14.079999923706055,14.055000305175781,14.055000305175781,5264,0.0,0.0
2024-10-03 15:00:00-04:00,14.050000190734863,14.079999923706055,14.039999961853027,14.079999923706055,6421,0.0,0.0
2024-10-03 15:05:00-04:00,14.085000038146973,14.09000015258789,14.069999694824219,14.069999694824219,3884,0.0,0.0
2024-10-03 15:10:00-04:00,14.0600004196167,14.069999694824219,14.045000076293945,14.069999694824219,3759,0.0,0.0
2024-10-03 15:15:00-04:00,14.074999809265137,14.074999809265137,14.060999870300293,14.069999694824219,3111,0.0,0.0
2024-10-03 15:20:00-04:00,14.069999694824219,14.09000015258789,14.0649995803833,14.079999923706055,6674,0.0,0.0
2024-10-03 15:25:00-04:00,14.074999809265137,14.074999809265137,14.060999870300293,14.0649995803833,4169,0.0,0.0
2024-10-03 15:30:00-04:00,14.0649995803833,14.069999694824219,14.050000190734863,14.0600004196167,7048,0.0,0.0
2024-10-03 15:35:00-04:00,14.050000190734863,14.055000305175781,14.020000457763672,14.024999618530273,6839,0.0,0.0
2024-10-03 15:40:00-04:00,14.024999618530273,14.03499984741211,14.015000343322754,14.024999618530273,9072,0.0,0.0
2024-10-03 15:45:00-04:00,14.024999618530273,14.029999732971191,14.015000343322754,14.019700050354004,5568,0.0,0.0
2024-10-03 15:50:00-04:00,14.020000457763672,14.039999961853027,14.015000343322754,14.03499984741211,19776,0.0,0.0
2024-10-03 15:55:00-04:00,14.039999961853027,14.100000381469727,14.03499984741211,14.095000267028809,54916,0.0,0.0
2024-10-04 09:30:00-04:00,14.489999771118164,14.489999771118164,14.380000114440918,14.460000038146973,11578,0.0,0.0
2024-10-04 09:35:00-04:00,14.479999542236328,14.59000015258789,14.369999885559082,14.380000114440918,6813,0.0,0.0
2024-10-04 09:40:00-04:00,14.470000267028809,14.510000228881836,14.385000228881836,14.505000114440918,2713,0.0,0.0
2024-10-04 09:45:00-04:00,14.479999542236328,14.479999542236328,14.369999885559082,14.369999885559082,4945,0.0,0.0
2024-10-04 09:50:00-04:00,14.390000343322754,14.390000343322754,14.350000381469727,14.350000381469727,1769,0.0,0.0
2024-10-04 09:55:00-04:00,14.300000190734863,14.300000190734863,14.239999771118164,14.25,1276,0.0,0.0
2024-10-04 10:00:00-04:00,14.300000190734863,14.329999923706055,14.279999732971191,14.300000190734863,1816,0.0,0.0
2024-10-04 10:05:00-04:00,14.34000015258789,14.359999656677246,14.25,14.25,2595,0.0,0.0
2024-10-04 10:10:00-04:00,14.229999542236328,14.34000015258789,14.229999542236328,14.34000015258789,2290,0.0,0.0
2024-10-04 10:15:00-04:00,14.300000190734863,14.369999885559082,14.300000190734863,14.350000381469727,1947,0.0,0.0
2024-10-04 10:20:00-04:00,14.34000015258789,14.34000015258789,14.260000228881836,14.270000457763672,2122,0.0,0.0
2024-10-04 10:25:00-04:00,14.279999732971191,14.300000190734863,14.220000267028809,14.25,3284,0.0,0.0
2024-10-04 10:30:00-04:00,14.229999542236328,14.279999732971191,14.220000267028809,14.229999542236328,4497,0.0,0.0
2024-10-04 10:35:00-04:00,14.260000228881836,14.260000228881836,14.1850004196167,14.1850004196167,1979,0.0,0.0
2024-10-04 10:40:00-04:00,14.1850004196167,14.210000038146973,14.170000076293945,14.210000038146973,2903,0.0,0.0
2024-10-04 10:45:00-04:00,14.220000267028809,14.229999542236328,14.199999809265137,14.210000038146973,2163,0.0,0.0
2024-10-04 10:50:00-04:00,14.199999809265137,14.239999771118164,14.199999809265137,14.220000267028809,3344,0.0,0.0
2024-10-04 10:55:00-04:00,14.199999809265137,14.279999732971191,14.199999809265137,14.273200035095215,4382,0.0,0.0
2024-10-04 11:00:00-04:00,14.289999961853027,14.289999961853027,14.270000457763672,14.279999732971191,2240,0.0,0.0
2024-10-04 11:05:00-04:00,14.279999732971191,14.295299530029297,14.279999732971191,14.279999732971191,1611,0.0,0.0
2024-10-04 11:10:00-04:00,14.279999732971191,14.289999961853027,14.260000228881836,14.260000228881836,4655,0.0,0.0
2024-10-04 11:15:00-04:00,14.25,14.270000457763672,14.25,14.25,1478,0.0,0.0
2024-10-04 11:20:00-04:00,14.229999542236328,14.229999542236328,14.170000076293945,14.170000076293945,1891,0.0,0.0
2024-10-04 11:25:00-04:00,14.180000305175781,14.180000305175781,14.180000305175781,14.180000305175781,1447,0.0,0.0
2024-10-04 11:30:00-04:00,14.1899995803833,14.1899995803833,14.145000457763672,14.1899995803833,4927,0.0,0.0
2024-10-04 11:35:00-04:00,14.210000038146973,14.210000038146973,14.199999809265137,14.199999809265137,944,0.0,0.0
2024-10-04 11:40:00-04:00,14.191900253295898,14.199999809265137,14.180000305175781,14.180000305175781,1548,0.0,0.0
2024-10-04 11:45:00-04:00,14.199999809265137,14.199999809265137,14.180000305175781,14.180000305175781,1491,0.0,0.0
2024-10-04 11:50:00-04:00,14.210000038146973,14.229999542236328,14.204999923706055,14.229999542236328,2024,0.0,0.0
2024-10-04 11:55:00-04:00,14.229999542236328,14.25,14.229999542236328,14.25,913,0.0,0.0
2024-10-04 12:00:00-04:00,14.260000228881836,14.260000228881836,14.25,14.25,1297,0.0,0.0
2024-10-04 12:05:00-04:00,14.239999771118164,14.239999771118164,14.210000038146973,14.210000038146973,1214,0.0,0.0
2024-10-04 12:10:00-04:00,14.220000267028809,14.25,14.220000267028809,14.25,1763,0.0,0.0
2024-10-04 12:15:00-04:00,14.260000228881836,14.260000228881836,14.25,14.25,421,0.0,0.0
2024-10-04 12:20:00-04:00,14.239999771118164,14.239999771118164,14.229999542236328,14.229999542236328,3131,0.0,0.0
2024-10-04 12:25:00-04:00,14.210000038146973,14.210000038146973,14.199999809265137,14.210000038146973,1258,0.0,0.0
2024-10-04 12:30:00-04:00,14.199999809265137,14.220000267028809,14.199999809265137,14.210000038146973,3005,0.0,0.0
2024-10-04 12:35:00-04:00,14.21500015258789,14.260000228881836,14.210000038146973,14.260000228881836,1956,0.0,0.0
2024-10-04 12:40:00-04:00,14.25,14.25,14.229999542236328,14.229999542236328,2701,0.0,0.0
2024-10-04 12:45:00-04:00,14.220000267028809,14.220000267028809,14.199999809265137,14.199999809265137,777,0.0,0.0
2024-10-04 12:50:00-04:00,14.199999809265137,14.220000267028809,14.199999809265137,14.204999923706055,2950,0.0,0.0
2024-10-04 12:55:00-04:00,14.1899995803833,14.210000038146973,14.170000076293945,14.1899995803833,2209,0.0,0.0
2024-10-04 13:00:00-04:00,14.180000305175781,14.180000305175781,14.140000343322754,14.149999618530273,2171,0.0,0.0
2024-10-04 13:05:00-04:00,14.149999618530273,14.15999984741211,14.149999618530273,14.15999984741211,2095,0.0,0.0
2024-10-04 13:10:00-04:00,14.149999618530273,14.154999732971191,14.140000343322754,14.149999618530273,2862,0.0,0.0
2024-10-04 13:15:00-04:00,14.15999984741211,14.170000076293945,14.15999984741211,14.15999984741211,1846,0.0,0.0
2024-10-04 13:20:00-04:00,14.15999984741211,14.170000076293945,14.125,14.140000343322754,3799,0.0,0.0
2024-10-04 13:25:00-04:00,14.140000343322754,14.140000343322754,14.119999885559082,14.119999885559082,2209,0.0,0.0
2024-10-04 13:30:00-04:00,14.140000343322754,14.149700164794922,14.119999885559082,14.140000343322754,3524,0.0,0.0
2024-10-04 13:35:00-04:00,14.140000343322754,14.140000343322754,14.09000015258789,14.125,4059,0.0,0.0
2024-10-04 13:40:00-04:00,14.119999885559082,14.130000114440918,14.109999656677246,14.125,3351,0.0,0.0
2024-10-04 13:45:00-04:00,14.125,14.130000114440918,14.109999656677246,14.109999656677246,3738,0.0,0.0
2024-10-04 13:50:00-04:00,14.109999656677246,14.130000114440918,14.079999923706055,14.079999923706055,6071,0.0,0.0
2024-10-04 13:55:00-04:00,14.100000381469727,14.100000381469727,14.069999694824219,14.069999694824219,1803,0.0,0.0
2024-10-04 14:00:00-04:00,14.079999923706055,14.100000381469727,14.079999923706055,14.100000381469727,2826,0.0,0.0
2024-10-04 14:05:00-04:00,14.100000381469727,14.140000343322754,14.100000381469727,14.109999656677246,5181,0.0,0.0
2024-10-04 14:10:00-04:00,14.109999656677246,14.109999656677246,14.095000267028809,14.095000267028809,1151,0.0,0.0
2024-10-04 14:15:00-04:00,14.100000381469727,14.130000114440918,14.09000015258789,14.130000114440918,4687,0.0,0.0
2024-10-04 14:20:00-04:00,14.140000343322754,14.149999618530273,14.109999656677246,14.119999885559082,3090,0.0,0.0
2024-10-04 14:25:00-04:00,14.130000114440918,14.149999618530273,14.130000114440918,14.149999618530273,3558,0.0,0.0
2024-10-04 14:30:00-04:00,14.140000343322754,14.140000343322754,14.109999656677246,14.130000114440918,3532,0.0,0.0
2024-10-04 14:35:00-04:00,14.130000114440918,14.133999824523926,14.130000114440918,14.130000114440918,1366,0.0,0.0
2024-10-04 14:40:00-04:00,14.119999885559082,14.149999618530273,14.119999885559082,14.145000457763672,2968,0.0,0.0
2024-10-04 14:45:00-04:00,14.149999618530273,14.15999984741211,14.149999618530273,14.155200004577637,2836,0.0,0.0
2024-10-04 14:50:00-04:00,14.154999732971191,14.170000076293945,14.140000343322754,14.149999618530273,4873,0.0,0.0
2024-10-04 14:55:00-04:00,14.149999618530273,14.15999984741211,14.149999618530273,14.154600143432617,2486,0.0,0.0
2024-10-04 15:00:00-04:00,14.149999618530273,14.15999984741211,14.145000457763672,14.15999984741211,5937,0.0,0.0
2024-10-04 15:05:00-04:00,14.170000076293945,14.180000305175781,14.170000076293945,14.175000190734863,2853,0.0,0.0
2024-10-04 15:10:00-04:00,14.180000305175781,14.180000305175781,14.176899909973145,14.176899909973145,1966,0.0,0.0
2024-10-04 15:15:00-04:00,14.175000190734863,14.180000305175781,14.170000076293945,14.180000305175781,4455,0.0,0.0
2024-10-04 15:20:00-04:00,14.175000190734863,14.199999809265137,14.175000190734863,14.1850004196167,5914,0.0,0.0
2024-10-04 15:25:00-04:00,14.180000305175781,14.210000038146973,14.180000305175781,14.204999923706055,5066,0.0,0.0
2024-10-04 15:30:00-04:00,14.204999923706055,14.25,14.199999809265137,14.25,7331,0.0,0.0
2024-10-04 15:35:00-04:00,14.25,14.25,14.229999542236328,14.229999542236328,5369,0.0,0.0
2024-10-04 15:40:00-04:00,14.210000038146973,14.229999542236328,14.204999923706055,14.210000038146973,7718,0.0,0.0
2024-10-04 15:45:00-04:00,14.210000038146973,14.210000038146973,14.175000190734863,14.180000305175781,7432,0.0,0.0
2024-10-04 15:50:00-04:00,14.194999694824219,14.225000381469727,14.1850004196167,14.225000381469727,24940,0.0,0.0
2024-10-04 15:55:00-04:00,14.225000381469727,14.229999542236328,14.175000190734863,14.180000305175781,58555,0.0,0.0
2024-10-07 09:30:00-04:00,14.0600004196167,14.149999618530273,14.0600004196167,14.149999618530273,10152,0.0,0.0
2024-10-07 09:35:00-04:00,14.0600004196167,14.149999618530273,14.0600004196167,14.149999618530273,2048,0.0,0.0
2024-10-07 09:40:00-04:00,14.109999656677246,14.149999618530273,14.109999656677246,14.109999656677246,1420,0.0,0.0
2024-10-07 09:45:00-04:00,14.050000190734863,14.050000190734863,14.050000190734863,14.050000190734863,172,0.0,0.0
2024-10-07 09:50:00-04:00,14.09000015258789,14.170000076293945,14.09000015258789,14.114700317382812,1530,0.0,0.0
2024-10-07 09:55:00-04:00,14.130000114440918,14.130000114440918,14.119999885559082,14.119999885559082,798,0.0,0.0
2024-10-07 10:00:00-04:00,14.109999656677246,14.180000305175781,14.109999656677246,14.180000305175781,4138,0.0,0.0
2024-10-07 10:05:00-04:00,14.210000038146973,14.279999732971191,14.210000038146973,14.279999732971191,1386,0.0,0.0
2024-10-07 10:10:00-04:00,14.244999885559082,14.289999961853027,14.244999885559082,14.289999961853027,2767,0.0,0.0
2024-10-07 10:15:00-04:00,14.270000457763672,14.300000190734863,14.260000228881836,14.260000228881836,4785,0.0,0.0
2024-10-07 10:20:00-04:00,14.239999771118164,14.239999771118164,14.204999923706055,14.225000381469727,1477,0.0,0.0
2024-10-07 10:25:00-04:00,14.210000038146973,14.210000038146973,14.1899995803833,14.210000038146973,2145,0.0,0.0
2024-10-07 10:30:00-04:00,14.180000305175781,14.180000305175781,14.147000312805176,14.15999984741211,2495,0.0,0.0
2024-10-07 10:35:00-04:00,14.15999984741211,14.170000076293945,14.15999984741211,14.15999984741211,1924,0.0,0.0
2024-10-07 10:40:00-04:00,14.170000076293945,14.21500015258789,14.170000076293945,14.1899995803833,3781,0.0,0.0
2024-10-07 10:45:00-04:00,14.210000038146973,14.210000038146973,14.1899995803833,14.1899995803833,3706,0.0,0.0
2024-10-07 10:50:00-04:00,14.199999809265137,14.239999771118164,14.199999809265137,14.220000267028809,3908,0.0,0.0
2024-10-07 10:55:00-04:00,14.220000267028809,14.220000267028809,14.199999809265137,14.204999923706055,1260,0.0,0.0
2024-10-07 11:00:00-04:00,14.1899995803833,14.1899995803833,14.149999618530273,14.175000190734863,2052,0.0,0.0
2024-10-07 11:05:00-04:00,14.15999984741211,14.180000305175781,14.15999984741211,14.180000305175781,1793,0.0,0.0
2024-10-07 11:10:00-04:00,14.170000076293945,14.1899995803833,14.170000076293945,14.1899995803833,840,0.0,0.0
2024-10-07 11:15:00-04:00,14.1899995803833,14.229999542236328,14.180000305175781,14.220000267028809,1969,0.0,0.0
2024-10-07 11:20:00-04:00,14.220000267028809,14.220000267028809,14.180000305175781,14.1899995803833,2427,0.0,0.0
2024-10-07 11:25:00-04:00,14.199999809265137,14.210000038146973,14.1899995803833,14.1899995803833,2601,0.0,0.0
2024-10-07 11:30:00-04:00,14.1899995803833,14.1899995803833,14.180000305175781,14.180000305175781,1347,0.0,0.0
2024-10-07 11:35:00-04:00,14.180000305175781,14.180000305175781,14.180000305175781,14.180000305175781,420,0.0,0.0
2024-10-07 11:40:00-04:00,14.180000305175781,14.180000305175781,14.170000076293945,14.170000076293945,1463,0.0,0.0
2024-10-07 11:45:00-04:00,14.170000076293945,14.170000076293945,14.15999984741211,14.170000076293945,1115,0.0,0.0
2024-10-07 11:50:00-04:00,14.170000076293945,14.170000076293945,14.149999618530273,14.15999984741211,2760,0.0,0.0
2024-10-07 11:55:00-04:00,14.1850004196167,14.239999771118164,14.180000305175781,14.239999771118164,3021,0.0,0.0
2024-10-07 12:00:00-04:00,14.239999771118164,14.239999771118164,14.15999984741211,14.1850004196167,3657,0.0,0.0
2024-10-07 12:05:00-04:00,14.1850004196167,14.1850004196167,14.170000076293945,14.1850004196167,2390,0.0,0.0
2024-10-07 12:10:00-04:00,14.170000076293945,14.180000305175781,14.140000343322754,14.145000457763672,3708,0.0,0.0
2024-10-07 12:15:00-04:00,14.149999618530273,14.15999984741211,14.149999618530273,14.15999984741211,1408,0.0,0.0
2024-10-07 12:20:00-04:00,14.15999984741211,14.1899995803833,14.15999984741211,14.1899995803833,2769,0.0,0.0
2024-10-07 12:25:00-04:00,14.1899995803833,14.194999694824219,14.180000305175781,14.1899995803833,1633,0.0,0.0
2024-10-07 12:30:00-04:00,14.1899995803833,14.1899995803833,14.180000305175781,14.1899995803833,2147,0.0,0.0
2024-10-07 12:35:00-04:00,14.180000305175781,14.1850004196167,14.15999984741211,14.15999984741211,2108,0.0,0.0
2024-10-07 12:40:00-04:00,14.15999984741211,14.175000190734863,14.152999877929688,14.175000190734863,2161,0.0,0.0
2024-10-07 12:45:00-04:00,14.170000076293945,14.1850004196167,14.170000076293945,14.1850004196167,2083,0.0,0.0
2024-10-07 12:50:00-04:00,14.1899995803833,14.220000267028809,14.1899995803833,14.220000267028809,3136,0.0,0.0
2024-10-07 12:55:00-04:00,14.220000267028809,14.239999771118164,14.210000038146973,14.229999542236328,2283,0.0,0.0
2024-10-07 13:00:00-04:00,14.225000381469727,14.229999542236328,14.210000038146973,14.229999542236328,1433,0.0,0.0
2024-10-07 13:05:00-04:00,14.234999656677246,14.234999656677246,14.210000038146973,14.210000038146973,3069,0.0,0.0
2024-10-07 13:10:00-04:00,14.220000267028809,14.234999656677246,14.220000267028809,14.234999656677246,2006,0.0,0.0
2024-10-07 13:15:00-04:00,14.234999656677246,14.234999656677246,14.220000267028809,14.225000381469727,1435,0.0,0.0
2024-10-07 13:20:00-04:00,14.225000381469727,14.225000381469727,14.199999809265137,14.210000038146973,1187,0.0,0.0
2024-10-07 13:25:00-04:00,14.210000038146973,14.239999771118164,14.210000038146973,14.239999771118164,3572,0.0,0.0
2024-10-07 13:30:00-04:00,14.239999771118164,14.239999771118164,14.220000267028809,14.229999542236328,3412,0.0,0.0
2024-10-07 13:35:00-04:00,14.229999542236328,14.229999542236328,14.229999542236328,14.229999542236328,1444,0.0,0.0
2024-10-07 13:40:00-04:00,14.229999542236328,14.229999542236328,14.194999694824219,14.220000267028809,5497,0.0,0.0
2024-10-07 13:45:00-04:00,14.21500015258789,14.220000267028809,14.210000038146973,14.210000038146973,790,0.0,0.0
2024-10-07 13:50:00-04:00,14.210000038146973,14.210000038146973,14.199999809265137,14.210000038146973,2266,0.0,0.0
2024-10-07 13:55:00-04:00,14.220000267028809,14.279999732971191,14.220000267028809,14.274999618530273,3665,0.0,0.0
2024-10-07 14:00:00-04:00,14.260000228881836,14.289999961853027,14.260000228881836,14.279999732971191,5589,0.0,0.0
2024-10-07 14:05:00-04:00,14.279999732971191,14.28499984741211,14.279999732971191,14.28499984741211,1601,0.0,0.0
2024-10-07 14:10:00-04:00,14.289999961853027,14.295000076293945,14.270000457763672,14.279999732971191,6646,0.0,0.0
2024-10-07 14:15:00-04:00,14.279999732971191,14.279999732971191,14.279999732971191,14.279999732971191,1771,0.0,0.0
2024-10-07 14:20:00-04:00,14.289999961853027,14.289999961853027,14.270000457763672,14.279999732971191,3915,0.0,0.0
2024-10-07 14:25:00-04:00,14.279999732971191,14.279999732971191,14.270000457763672,14.279999732971191,5159,0.0,0.0
2024-10-07 14:30:00-04:00,14.270000457763672,14.274999618530273,14.180000305175781,14.25,13078,0.0,0.0
2024-10-07 14:35:00-04:00,14.25,14.25,14.220000267028809,14.229999542236328,3873,0.0,0.0
2024-10-07 14:40:00-04:00,14.229999542236328,14.260000228881836,14.229999542236328,14.239999771118164,3548,0.0,0.0
2024-10-07 14:45:00-04:00,14.239999771118164,14.260000228881836,14.199999809265137,14.210000038146973,7734,0.0,0.0
2024-10-07 14:50:00-04:00,14.220000267028809,14.239999771118164,14.204999923706055,14.239999771118164,6200,0.0,0.0
2024-10-07 14:55:00-04:00,14.239999771118164,14.260000228881836,14.210000038146973,14.220000267028809,5060,0.0,0.0
2024-10-07 15:00:00-04:00,14.220000267028809,14.220000267028809,14.1899995803833,14.1899995803833,4541,0.0,0.0
2024-10-07 15:05:00-04:00,14.210000038146973,14.279999732971191,14.210000038146973,14.279999732971191,7700,0.0,0.0
2024-10-07 15:10:00-04:00,14.279999732971191,14.279999732971191,14.244999885559082,14.244999885559082,5330,0.0,0.0
2024-10-07 15:15:00-04:00,14.25,14.260000228881836,14.220000267028809,14.220000267028809,4887,0.0,0.0
2024-10-07 15:20:00-04:00,14.220000267028809,14.260000228881836,14.220000267028809,14.229999542236328,14635,0.0,0.0
2024-10-07 15:25:00-04:00,14.211000442504883,14.21500015258789,14.180000305175781,14.1850004196167,3808,0.0,0.0
2024-10-07 15:30:00-04:00,14.1850004196167,14.1899995803833,14.170000076293945,14.175000190734863,40969,0.0,0.0
2024-10-07 15:35:00-04:00,14.170000076293945,14.220000267028809,14.151000022888184,14.208999633789062,17196,0.0,0.0
2024-10-07 15:40:00-04:00,14.210000038146973,14.210000038146973,14.1899995803833,14.1899995803833,6542,0.0,0.0
2024-10-07 15:45:00-04:00,14.1899995803833,14.1899995803833,14.100000381469727,14.111000061035156,34675,0.0,0.0
2024-10-07 15:50:00-04:00,14.114999771118164,14.25,14.09000015258789,14.229999542236328,40269,0.0,0.0
2024-10-07 15:55:00-04:00,14.229999542236328,14.25,14.170000076293945,14.199999809265137,89283,0.0,0.0
2024-10-08 09:30:00-04:00,14.09000015258789,14.09000015258789,13.833999633789062,13.899999618530273,9250,0.0,0.0
2024-10-08 09:35:00-04:00,13.859999656677246,13.989999771118164,13.859999656677246,13.989999771118164,2913,0.0,0.0
2024-10-08 09:40:00-04:00,13.925000190734863,13.930000305175781,13.720000267028809,13.75,12715,0.0,0.0
2024-10-08 09:45:00-04:00,13.739999771118164,13.739999771118164,13.600000381469727,13.614999771118164,4200,0.0,0.0
2024-10-08 09:50:00-04:00,13.609999656677246,13.649999618530273,13.600000381469727,13.619999885559082,5089,0.0,0.0
2024-10-08 09:55:00-04:00,13.600000381469727,13.6899995803833,13.579999923706055,13.6899995803833,4288,0.0,0.0
2024-10-08 10:00:00-04:00,13.6899995803833,13.729999542236328,13.6899995803833,13.729999542236328,5983,0.0,0.0
2024-10-08 10:05:00-04:00,13.720000267028809,13.75,13.6899995803833,13.6899995803833,4088,0.0,0.0
2024-10-08 10:10:00-04:00,13.6899995803833,13.710000038146973,13.680000305175781,13.6850004196167,3546,0.0,0.0
2024-10-08 10:15:00-04:00,13.6899995803833,13.720000267028809,13.680000305175781,13.699999809265137,5572,0.0,0.0
2024-10-08 10:20:00-04:00,13.6899995803833,13.6899995803833,13.649999618530273,13.649999618530273,5390,0.0,0.0
2024-10-08 10:25:00-04:00,13.640000343322754,13.65999984741211,13.630000114440918,13.630000114440918,3173,0.0,0.0
2024-10-08 10:30:00-04:00,13.619999885559082,13.625,13.609999656677246,13.619999885559082,3149,0.0,0.0
2024-10-08 10:35:00-04:00,13.609999656677246,13.630000114440918,13.59000015258789,13.619999885559082,4213,0.0,0.0
2024-10-08 10:40:00-04:00,13.619999885559082,13.710000038146973,13.59000015258789,13.640000343322754,8378,0.0,0.0
2024-10-08 10:45:00-04:00,13.670000076293945,13.6899995803833,13.630000114440918,13.670000076293945,4182,0.0,0.0
2024-10-08 10:50:00-04:00,13.680000305175781,13.6850004196167,13.680000305175781,13.680000305175781,3087,0.0,0.0
2024-10-08 10:55:00-04:00,13.670000076293945,13.6899995803833,13.65999984741211,13.6899995803833,3861,0.0,0.0
2024-10-08 11:00:00-04:00,13.680000305175781,13.6899995803833,13.670000076293945,13.680000305175781,2574,0.0,0.0
2024-10-08 11:05:00-04:00,13.680000305175781,13.680000305175781,13.65999984741211,13.65999984741211,3324,0.0,0.0
2024-10-08 11:10:00-04:00,13.65999984741211,13.65999984741211,13.614999771118164,13.640000343322754,5180,0.0,0.0
2024-10-08 11:15:00-04:00,13.640000343322754,13.640000343322754,13.619999885559082,13.619999885559082,5096,0.0,0.0
2024-10-08 11:20:00-04:00,13.619999885559082,13.630000114440918,13.619999885559082,13.630000114440918,2957,0.0,0.0
2024-10-08 11:25:00-04:00,13.619999885559082,13.635000228881836,13.619999885559082,13.619999885559082,2946,0.0,0.0
2024-10-08 11:30:00-04:00,13.619999885559082,13.640000343322754,13.619999885559082,13.635000228881836,3673,0.0,0.0
2024-10-08 11:35:00-04:00,13.635000228881836,13.640000343322754,13.630000114440918,13.630000114440918,2723,0.0,0.0
2024-10-08 11:40:00-04:00,13.635000228881836,13.635000228881836,13.609999656677246,13.609999656677246,5783,0.0,0.0
2024-10-08 11:45:00-04:00,13.609999656677246,13.619999885559082,13.609999656677246,13.616900444030762,2849,0.0,0.0
2024-10-08 11:50:00-04:00,13.619999885559082,13.680000305175781,13.619999885559082,13.670000076293945,7071,0.0,0.0
2024-10-08 11:55:00-04:00,13.65999984741211,13.670000076293945,13.640000343322754,13.649999618530273,8440,0.0,0.0
2024-10-08 12:00:00-04:00,13.649999618530273,13.6899995803833,13.649999618530273,13.6899995803833,8562,0.0,0.0
2024-10-08 12:05:00-04:00,13.699999809265137,13.755000114440918,13.699999809265137,13.755000114440918,5881,0.0,0.0
2024-10-08 12:10:00-04:00,13.770000457763672,13.789999961853027,13.710000038146973,13.71500015258789,6838,0.0,0.0
2024-10-08 12:15:00-04:00,13.71500015258789,13.729999542236328,13.710000038146973,13.720000267028809,2700,0.0,0.0
2024-10-08 12:20:00-04:00,13.720000267028809,13.729999542236328,13.710000038146973,13.720000267028809,3762,0.0,0.0
2024-10-08 12:25:00-04:00,13.725000381469727,13.779999732971191,13.725000381469727,13.779999732971191,4310,0.0,0.0
2024-10-08 12:30:00-04:00,13.770000457763672,13.779999732971191,13.770000457763672,13.770000457763672,1302,0.0,0.0
2024-10-08 12:35:00-04:00,13.770000457763672,13.78499984741211,13.770000457763672,13.78499984741211,2965,0.0,0.0
2024-10-08 12:40:00-04:00,13.789999961853027,13.789999961853027,13.739999771118164,13.75,6529,0.0,0.0
2024-10-08 12:45:00-04:00,13.75,13.75,13.699999809265137,13.70300006866455,3610,0.0,0.0
2024-10-08 12:50:00-04:00,13.710000038146973,13.720000267028809,13.699999809265137,13.710000038146973,2163,0.0,0.0
2024-10-08 12:55:00-04:00,13.710000038146973,13.710000038146973,13.680000305175781,13.699999809265137,3867,0.0,0.0
2024-10-08 13:00:00-04:00,13.694999694824219,13.704999923706055,13.694999694824219,13.699999809265137,1951,0.0,0.0
2024-10-08 13:05:00-04:00,13.6899995803833,13.720000267028809,13.6899995803833,13.710000038146973,4396,0.0,0.0
2024-10-08 13:10:00-04:00,13.699999809265137,13.699999809265137,13.670000076293945,13.6899995803833,1456,0.0,0.0
2024-10-08 13:15:00-04:00,13.680000305175781,13.694999694824219,13.670000076293945,13.694999694824219,3699,0.0,0.0
2024-10-08 13:20:00-04:00,13.680000305175781,13.710000038146973,13.680000305175781,13.704999923706055,3276,0.0,0.0
2024-10-08 13:25:00-04:00,13.704999923706055,13.710000038146973,13.680000305175781,13.6850004196167,5054,0.0,0.0
2024-10-08 13:30:00-04:00,13.680000305175781,13.699999809265137,13.680000305175781,13.6899995803833,2904,0.0,0.0
2024-10-08 13:35:00-04:00,13.694999694824219,13.694999694824219,13.6899995803833,13.6899995803833,1666,0.0,0.0
2024-10-08 13:40:00-04:00,13.699899673461914,13.71500015258789,13.6899995803833,13.71500015258789,2973,0.0,0.0
2024-10-08 13:45:00-04:00,13.71500015258789,13.720000267028809,13.710000038146973,13.71500015258789,3195,0.0,0.0
2024-10-08 13:50:00-04:00,13.710000038146973,13.71500015258789,13.649999618530273,13.65999984741211,21267,0.0,0.0
2024-10-08 13:55:00-04:00,13.65999984741211,13.6899995803833,13.65999984741211,13.6899995803833,3372,0.0,0.0
2024-10-08 14:00:00-04:00,13.6850004196167,13.694999694824219,13.680000305175781,13.680000305175781,4004,0.0,0.0
2024-10-08 14:05:00-04:00,13.675000190734863,13.680000305175781,13.670000076293945,13.670000076293945,2444,0.0,0.0
2024-10-08 14:10:00-04:00,13.670000076293945,13.6899995803833,13.670000076293945,13.6850004196167,6663,0.0,0.0
2024-10-08 14:15:00-04:00,13.680000305175781,13.6850004196167,13.670000076293945,13.670000076293945,3204,0.0,0.0
2024-10-08 14:20:00-04:00,13.670000076293945,13.6899995803833,13.670000076293945,13.670000076293945,4052,0.0,0.0
2024-10-08 14:25:00-04:00,13.670000076293945,13.680000305175781,13.670000076293945,13.675000190734863,21916,0.0,0.0
2024-10-08 14:30:00-04:00,13.680000305175781,13.680000305175781,13.649999618530273,13.649999618530273,5703,0.0,0.0
2024-10-08 14:35:00-04:00,13.649999618530273,13.670000076293945,13.649999618530273,13.664999961853027,4393,0.0,0.0
2024-10-08 14:40:00-04:00,13.65999984741211,13.664999961853027,13.65999984741211,13.65999984741211,1909,0.0,0.0
2024-10-08 14:45:00-04:00,13.664999961853027,13.664999961853027,13.640000343322754,13.649999618530273,7265,0.0,0.0
2024-10-08 14:50:00-04:00,13.654999732971191,13.680000305175781,13.654999732971191,13.675000190734863,3851,0.0,0.0
2024-10-08 14:55:00-04:00,13.675000190734863,13.720000267028809,13.675000190734863,13.720000267028809,11442,0.0,0.0
2024-10-08 15:00:00-04:00,13.720000267028809,13.720000267028809,13.680000305175781,13.680000305175781,10357,0.0,0.0
2024-10-08 15:05:00-04:00,13.670000076293945,13.675000190734863,13.670000076293945,13.670000076293945,1928,0.0,0.0
2024-10-08 15:10:00-04:00,13.670000076293945,13.680000305175781,13.670000076293945,13.675000190734863,3744,0.0,0.0
2024-10-08 15:15:00-04:00,13.675000190734863,13.680000305175781,13.670000076293945,13.675000190734863,3356,0.0,0.0
2024-10-08 15:20:00-04:00,13.670000076293945,13.680000305175781,13.65999984741211,13.680000305175781,9933,0.0,0.0
2024-10-08 15:25:00-04:00,13.680000305175781,13.71500015258789,13.670000076293945,13.71500015258789,5262,0.0,0.0
2024-10-08 15:30:00-04:00,13.710000038146973,13.734999656677246,13.710000038146973,13.725000381469727,11396,0.0,0.0
2024-10-08 15:35:00-04:00,13.725000381469727,13.744999885559082,13.720000267028809,13.744999885559082,5822,0.0,0.0
2024-10-08 15:40:00-04:00,13.744999885559082,13.779999732971191,13.734999656677246,13.755000114440918,13747,0.0,0.0
2024-10-08 15:45:00-04:00,13.755000114440918,13.760000228881836,13.739999771118164,13.75,11370,0.0,0.0
2024-10-08 15:50:00-04:00,13.760000228881836,13.779999732971191,13.760000228881836,13.774999618530273,24571,0.0,0.0
2024-10-08 15:55:00-04:00,13.774999618530273,13.779999732971191,13.720000267028809,13.739999771118164,80607,0.0,0.0
2024-10-09 09:30:00-04:00,13.65999984741211,13.65999984741211,13.609999656677246,13.609999656677246,2208,0.0,0.0
2024-10-09 09:35:00-04:00,13.6850004196167,13.760000228881836,13.619999885559082,13.619999885559082,2938,0.0,0.0
2024-10-09 09:40:00-04:00,13.75,13.75,13.680000305175781,13.680000305175781,310,0.0,0.0
2024-10-09 09:45:00-04:00,13.75,13.75,13.75,13.75,105,0.0,0.0
2024-10-09 09:50:00-04:00,13.680000305175781,13.739999771118164,13.670000076293945,13.694999694824219,2548,0.0,0.0
2024-10-09 09:55:00-04:00,13.720000267028809,13.75,13.699999809265137,13.75,1098,0.0,0.0
2024-10-09 10:00:00-04:00,13.729999542236328,13.760000228881836,13.729999542236328,13.739999771118164,6253,0.0,0.0
2024-10-09 10:05:00-04:00,13.760000228881836,13.760000228881836,13.720000267028809,13.760000228881836,6085,0.0,0.0
2024-10-09 10:10:00-04:00,13.78499984741211,13.819999694824219,13.75,13.819999694824219,11994,0.0,0.0
2024-10-09 10:15:00-04:00,13.8100004196167,13.8100004196167,13.75,13.760000228881836,4859,0.0,0.0
2024-10-09 10:20:00-04:00,13.760000228881836,13.770000457763672,13.760000228881836,13.760000228881836,2860,0.0,0.0
2024-10-09 10:25:00-04:00,13.729999542236328,13.739999771118164,13.710000038146973,13.729999542236328,3093,0.0,0.0
2024-10-09 10:30:00-04:00,13.739999771118164,13.75,13.704999923706055,13.75,10674,0.0,0.0
2024-10-09 10:35:00-04:00,13.720000267028809,13.75,13.6899995803833,13.6899995803833,10610,0.0,0.0
2024-10-09 10:40:00-04:00,13.699999809265137,13.710000038146973,13.6899995803833,13.710000038146973,2485,0.0,0.0
2024-10-09 10:45:00-04:00,13.710000038146973,13.720000267028809,13.6899995803833,13.720000267028809,4752,0.0,0.0
2024-10-09 10:50:00-04:00,13.739999771118164,13.739999771118164,13.710000038146973,13.720000267028809,2322,0.0,0.0
2024-10-09 10:55:00-04:00,13.729999542236328,13.75,13.729999542236328,13.75,1430,0.0,0.0
2024-10-09 11:00:00-04:00,13.739999771118164,13.75,13.739999771118164,13.739999771118164,2296,0.0,0.0
2024-10-09 11:05:00-04:00,13.75,13.770000457763672,13.739999771118164,13.770000457763672,2598,0.0,0.0
2024-10-09 11:10:00-04:00,13.770000457763672,13.779999732971191,13.760000228881836,13.770000457763672,1166,0.0,0.0
2024-10-09 11:15:00-04:00,13.770000457763672,13.829999923706055,13.770000457763672,13.819999694824219,9485,0.0,0.0
2024-10-09 11:20:00-04:00,13.84000015258789,13.890000343322754,13.84000015258789,13.890000343322754,3823,0.0,0.0
2024-10-09 11:25:00-04:00,13.899999618530273,13.975000381469727,13.899999618530273,13.970000267028809,8953,0.0,0.0
2024-10-09 11:30:00-04:00,13.970000267028809,13.994999885559082,13.949999809265137,13.954999923706055,5473,0.0,0.0
2024-10-09 11:35:00-04:00,13.954999923706055,13.954999923706055,13.90999984741211,13.90999984741211,4270,0.0,0.0
2024-10-09 11:40:00-04:00,13.930000305175781,13.9399995803833,13.930000305175781,13.9399995803833,1596,0.0,0.0
2024-10-09 11:45:00-04:00,13.9399995803833,13.949999809265137,13.9399995803833,13.949999809265137,1302,0.0,0.0
2024-10-09 11:50:00-04:00,13.949999809265137,13.984999656677246,13.949999809265137,13.984999656677246,4927,0.0,0.0
2024-10-09 11:55:00-04:00,13.979999542236328,13.979999542236328,13.949999809265137,13.949999809265137,708,0.0,0.0
2024-10-09 12:00:00-04:00,13.949999809265137,13.960000038146973,13.949999809265137,13.960000038146973,1823,0.0,0.0
2024-10-09 12:05:00-04:00,13.960000038146973,13.970000267028809,13.960000038146973,13.970000267028809,1012,0.0,0.0
2024-10-09 12:10:00-04:00,13.979999542236328,13.979999542236328,13.979000091552734,13.979999542236328,1572,0.0,0.0
2024-10-09 12:15:00-04:00,13.970000267028809,13.970000267028809,13.949999809265137,13.949999809265137,2405,0.0,0.0
2024-10-09 12:20:00-04:00,13.960000038146973,13.979999542236328,13.960000038146973,13.975000381469727,1215,0.0,0.0
2024-10-09 12:25:00-04:00,13.980999946594238,13.989999771118164,13.979999542236328,13.989999771118164,1191,0.0,0.0
2024-10-09 12:30:00-04:00,13.970000267028809,13.970000267028809,13.930000305175781,13.930000305175781,1392,0.0,0.0
2024-10-09 12:35:00-04:00,13.930000305175781,13.9399995803833,13.930000305175781,13.9399995803833,724,0.0,0.0
2024-10-09 12:40:00-04:00,13.930000305175781,13.9399995803833,13.930000305175781,13.9399995803833,372,0.0,0.0
2024-10-09 12:45:00-04:00,13.9399995803833,13.949999809265137,13.930000305175781,13.9399995803833,2633,0.0,0.0
2024-10-09 12:50:00-04:00,13.9399995803833,13.9399995803833,13.850000381469727,13.869999885559082,3352,0.0,0.0
2024-10-09 12:55:00-04:00,13.869999885559082,13.880000114440918,13.869999885559082,13.880000114440918,1311,0.0,0.0
2024-10-09 13:00:00-04:00,13.890000343322754,13.890000343322754,13.859999656677246,13.859999656677246,1991,0.0,0.0
2024-10-09 13:05:00-04:00,13.869999885559082,13.880000114440918,13.859999656677246,13.880000114440918,2605,0.0,0.0
2024-10-09 13:10:00-04:00,13.890000343322754,13.890000343322754,13.878999710083008,13.880000114440918,2730,0.0,0.0
2024-10-09 13:15:00-04:00,13.869999885559082,13.869999885559082,13.829999923706055,13.84000015258789,5705,0.0,0.0
2024-10-09 13:20:00-04:00,13.84000015258789,13.850000381469727,13.84000015258789,13.84000015258789,777,0.0,0.0
2024-10-09 13:25:00-04:00,13.84000015258789,13.845000267028809,13.819999694824219,13.819999694824219,2082,0.0,0.0
2024-10-09 13:30:00-04:00,13.8149995803833,13.835000038146973,13.8149995803833,13.829999923706055,1686,0.0,0.0
2024-10-09 13:35:00-04:00,13.84000015258789,13.84000015258789,13.84000015258789,13.84000015258789,327,0.0,0.0
2024-10-09 13:40:00-04:00,13.829999923706055,13.84000015258789,13.829999923706055,13.84000015258789,1454,0.0,0.0
2024-10-09 13:45:00-04:00,13.84000015258789,13.84000015258789,13.84000015258789,13.84000015258789,1549,0.0,0.0
2024-10-09 13:50:00-04:00,13.84000015258789,13.84000015258789,13.8100004196167,13.819999694824219,3082,0.0,0.0
2024-10-09 13:55:00-04:00,13.824999809265137,13.829999923706055,13.8100004196167,13.8100004196167,2134,0.0,0.0
2024-10-09 14:00:00-04:00,13.8100004196167,13.8100004196167,13.795000076293945,13.8100004196167,4367,0.0,0.0
2024-10-09 14:05:00-04:00,13.8149995803833,13.850000381469727,13.8149995803833,13.849900245666504,2790,0.0,0.0
2024-10-09 14:10:00-04:00,13.845000267028809,13.845000267028809,13.845000267028809,13.845000267028809,753,0.0,0.0
2024-10-09 14:15:00-04:00,13.84000015258789,13.84000015258789,13.800000190734863,13.8100004196167,3225,0.0,0.0
2024-10-09 14:20:00-04:00,13.8100004196167,13.819999694824219,13.795000076293945,13.800000190734863,4496,0.0,0.0
2024-10-09 14:25:00-04:00,13.828200340270996,13.828200340270996,13.819999694824219,13.819999694824219,1057,0.0,0.0
2024-10-09 14:30:00-04:00,13.819999694824219,13.829999923706055,13.789999961853027,13.800000190734863,4325,0.0,0.0
2024-10-09 14:35:00-04:00,13.793999671936035,13.819999694824219,13.78499984741211,13.8149995803833,3218,0.0,0.0
2024-10-09 14:40:00-04:00,13.8100004196167,13.8100004196167,13.789999961853027,13.800000190734863,3076,0.0,0.0
2024-10-09 14:45:00-04:00,13.800000190734863,13.800000190734863,13.800000190734863,13.800000190734863,926,0.0,0.0
2024-10-09 14:50:00-04:00,13.800000190734863,13.835000038146973,13.800000190734863,13.8149995803833,5290,0.0,0.0
2024-10-09 14:55:00-04:00,13.8100004196167,13.8100004196167,13.800000190734863,13.800000190734863,2912,0.0,0.0
2024-10-09 15:00:00-04:00,13.800000190734863,13.8100004196167,13.800000190734863,13.800000190734863,2993,0.0,0.0
2024-10-09 15:05:00-04:00,13.789999961853027,13.800000190734863,13.779999732971191,13.795000076293945,4915,0.0,0.0
2024-10-09 15:10:00-04:00,13.795000076293945,13.800000190734863,13.789999961853027,13.800000190734863,2285,0.0,0.0
2024-10-09 15:15:00-04:00,13.800000190734863,13.8100004196167,13.789999961853027,13.797499656677246,7856,0.0,0.0
2024-10-09 15:20:00-04:00,13.789999961853027,13.800000190734863,13.729999542236328,13.739999771118164,18708,0.0,0.0
2024-10-09 15:25:00-04:00,13.741000175476074,13.741000175476074,13.704999923706055,13.729999542236328,10252,0.0,0.0
2024-10-09 15:30:00-04:00,13.729999542236328,13.729999542236328,13.6899995803833,13.704999923706055,13047,0.0,0.0
2024-10-09 15:35:00-04:00,13.704999923706055,13.71500015258789,13.6899995803833,13.704999923706055,13661,0.0,0.0
2024-10-09 15:40:00-04:00,13.710000038146973,13.71500015258789,13.6899995803833,13.6899995803833,9966,0.0,0.0
2024-10-09 15:45:00-04:00,13.6899995803833,13.6899995803833,13.670000076293945,13.6850004196167,16675,0.0,0.0
2024-10-09 15:50:00-04:00,13.680000305175781,13.699999809265137,13.664999961853027,13.6899995803833,26962,0.0,0.0
2024-10-09 15:55:00-04:00,13.694999694824219,13.699999809265137,13.640000343322754,13.640000343322754,79171,0.0,0.0
2024-10-10 09:30:00-04:00,14.420000076293945,14.630000114440918,14.020000457763672,14.199999809265137,145952,0.0,0.0
2024-10-10 09:35:00-04:00,14.180000305175781,14.210000038146973,13.960000038146973,14.005000114440918,15482,0.0,0.0
2024-10-10 09:40:00-04:00,14.029999732971191,14.130000114440918,13.960000038146973,14.0,16426,0.0,0.0
2024-10-10 09:45:00-04:00,14.0,14.079999923706055,13.975000381469727,14.069999694824219,14213,0.0,0.0
2024-10-10 09:50:00-04:00,14.074999809265137,14.1899995803833,14.050000190734863,14.1899995803833,12153,0.0,0.0
2024-10-10 09:55:00-04:00,14.1899995803833,14.300000190734863,14.15999984741211,14.25,13547,0.0,0.0
2024-10-10 10:00:00-04:00,14.289999961853027,14.369999885559082,14.289999961853027,14.34000015258789,11471,0.0,0.0
2024-10-10 10:05:00-04:00,14.350000381469727,14.380000114440918,14.345000267028809,14.380000114440918,8213,0.0,0.0
2024-10-10 10:10:00-04:00,14.399999618530273,14.454999923706055,14.369999885559082,14.380000114440918,9706,0.0,0.0
2024-10-10 10:15:00-04:00,14.390000343322754,14.539999961853027,14.390000343322754,14.515000343322754,47872,0.0,0.0
2024-10-10 10:20:00-04:00,14.510000228881836,14.529999732971191,14.470000267028809,14.529999732971191,10110,0.0,0.0
2024-10-10 10:25:00-04:00,14.520000457763672,14.520000457763672,14.4399995803833,14.4399995803833,7624,0.0,0.0
2024-10-10 10:30:00-04:00,14.460000038146973,14.5,14.4399995803833,14.489999771118164,12921,0.0,0.0
2024-10-10 10:35:00-04:00,14.5,14.5,14.430000305175781,14.460000038146973,7820,0.0,0.0
2024-10-10 10:40:00-04:00,14.449999809265137,14.479999542236328,14.430000305175781,14.470000267028809,7399,0.0,0.0
2024-10-10 10:45:00-04:00,14.460000038146973,14.460000038146973,14.4399995803833,14.4399995803833,5020,0.0,0.0
2024-10-10 10:50:00-04:00,14.449999809265137,14.460000038146973,14.399999618530273,14.399999618530273,7931,0.0,0.0
2024-10-10 10:55:00-04:00,14.390000343322754,14.420000076293945,14.380000114440918,14.40999984741211,3952,0.0,0.0
2024-10-10 11:00:00-04:00,14.40999984741211,14.414999961853027,14.390000343322754,14.414999961853027,4502,0.0,0.0
2024-10-10 11:05:00-04:00,14.414999961853027,14.430000305175781,14.414999961853027,14.420000076293945,4179,0.0,0.0
2024-10-10 11:10:00-04:00,14.420000076293945,14.4350004196167,14.40999984741211,14.4350004196167,6542,0.0,0.0
2024-10-10 11:15:00-04:00,14.4399995803833,14.449999809265137,14.420000076293945,14.420000076293945,3740,0.0,0.0
2024-10-10 11:20:00-04:00,14.40999984741211,14.40999984741211,14.369999885559082,14.369999885559082,3320,0.0,0.0
2024-10-10 11:25:00-04:00,14.380000114440918,14.380000114440918,14.3100004196167,14.319999694824219,10176,0.0,0.0
2024-10-10 11:30:00-04:00,14.3100004196167,14.369999885559082,14.289999961853027,14.352999687194824,8886,0.0,0.0
2024-10-10 11:35:00-04:00,14.350000381469727,14.369999885559082,14.328700065612793,14.369999885559082,5525,0.0,0.0
2024-10-10 11:40:00-04:00,14.359999656677246,14.359999656677246,14.34000015258789,14.350000381469727,4246,0.0,0.0
2024-10-10 11:45:00-04:00,14.354999542236328,14.369999885559082,14.329999923706055,14.329999923706055,3749,0.0,0.0
2024-10-10 11:50:00-04:00,14.324999809265137,14.34000015258789,14.3100004196167,14.34000015258789,5772,0.0,0.0
2024-10-10 11:55:00-04:00,14.350000381469727,14.369999885559082,14.350000381469727,14.369999885559082,4330,0.0,0.0
2024-10-10 12:00:00-04:00,14.369999885559082,14.395000457763672,14.345000267028809,14.369999885559082,6523,0.0,0.0
2024-10-10 12:05:00-04:00,14.350000381469727,14.414999961853027,14.350000381469727,14.40999984741211,4619,0.0,0.0
2024-10-10 12:10:00-04:00,14.420000076293945,14.449999809265137,14.40999984741211,14.449999809265137,7546,0.0,0.0
2024-10-10 12:15:00-04:00,14.4399995803833,14.449999809265137,14.430000305175781,14.4399995803833,2652,0.0,0.0
2024-10-10 12:20:00-04:00,14.449999809265137,14.449999809265137,14.399999618530273,14.399999618530273,6515,0.0,0.0
2024-10-10 12:25:00-04:00,14.40999984741211,14.40999984741211,14.369999885559082,14.380000114440918,4542,0.0,0.0
2024-10-10 12:30:00-04:00,14.390000343322754,14.390000343322754,14.359999656677246,14.369999885559082,1697,0.0,0.0
2024-10-10 12:35:00-04:00,14.369999885559082,14.380000114440918,14.359999656677246,14.380000114440918,5664,0.0,0.0
2024-10-10 12:40:00-04:00,14.369999885559082,14.375,14.34000015258789,14.34000015258789,4231,0.0,0.0
2024-10-10 12:45:00-04:00,14.34000015258789,14.350000381469727,14.329999923706055,14.350000381469727,5677,0.0,0.0
2024-10-10 12:50:00-04:00,14.350000381469727,14.364999771118164,14.329999923706055,14.329999923706055,18348,0.0,0.0
2024-10-10 12:55:00-04:00,14.34000015258789,14.350000381469727,14.319999694824219,14.319999694824219,2592,0.0,0.0
2024-10-10 13:00:00-04:00,14.3100004196167,14.310999870300293,14.305000305175781,14.3100004196167,2082,0.0,0.0
2024-10-10 13:05:00-04:00,14.3100004196167,14.3100004196167,14.239999771118164,14.239999771118164,5678,0.0,0.0
2024-10-10 13:10:00-04:00,14.239999771118164,14.263999938964844,14.239999771118164,14.25,3589,0.0,0.0
2024-10-10 13:15:00-04:00,14.25,14.289999961853027,14.25,14.289999961853027,5295,0.0,0.0
2024-10-10 13:20:00-04:00,14.3100004196167,14.3100004196167,14.300000190734863,14.3100004196167,1591,0.0,0.0
2024-10-10 13:25:00-04:00,14.300000190734863,14.300000190734863,14.265000343322754,14.274999618530273,6111,0.0,0.0
2024-10-10 13:30:00-04:00,14.279999732971191,14.3100004196167,14.279999732971191,14.3100004196167,3381,0.0,0.0
2024-10-10 13:35:00-04:00,14.3100004196167,14.3149995803833,14.3100004196167,14.3100004196167,7007,0.0,0.0
2024-10-10 13:40:00-04:00,14.3100004196167,14.3100004196167,14.279999732971191,14.295000076293945,6506,0.0,0.0
2024-10-10 13:45:00-04:00,14.295000076293945,14.295000076293945,14.28499984741211,14.289999961853027,3508,0.0,0.0
2024-10-10 13:50:00-04:00,14.28499984741211,14.3100004196167,14.260000228881836,14.3100004196167,8861,0.0,0.0
2024-10-10 13:55:00-04:00,14.34000015258789,14.380000114440918,14.34000015258789,14.380000114440918,2122,0.0,0.0
2024-10-10 14:00:00-04:00,14.380000114440918,14.380000114440918,14.369999885559082,14.380000114440918,4557,0.0,0.0
2024-10-10 14:05:00-04:00,14.380000114440918,14.380000114440918,14.369999885559082,14.380000114440918,1662,0.0,0.0
2024-10-10 14:10:00-04:00,14.380999565124512,14.380999565124512,14.354999542236328,14.359999656677246,7995,0.0,0.0
2024-10-10 14:15:00-04:00,14.354999542236328,14.359999656677246,14.354999542236328,14.359999656677246,2790,0.0,0.0
2024-10-10 14:20:00-04:00,14.364999771118164,14.369999885559082,14.364999771118164,14.369999885559082,2030,0.0,0.0
2024-10-10 14:25:00-04:00,14.380000114440918,14.399999618530273,14.380000114440918,14.385000228881836,5091,0.0,0.0
2024-10-10 14:30:00-04:00,14.385000228881836,14.385000228881836,14.375,14.380000114440918,3395,0.0,0.0
2024-10-10 14:35:00-04:00,14.380000114440918,14.380000114440918,14.359999656677246,14.366000175476074,6380,0.0,0.0
2024-10-10 14:40:00-04:00,14.369999885559082,14.40999984741211,14.364999771118164,14.40999984741211,8900,0.0,0.0
2024-10-10 14:45:00-04:00,14.40999984741211,14.430000305175781,14.40999984741211,14.430000305175781,2253,0.0,0.0
2024-10-10 14:50:00-04:00,14.420000076293945,14.420000076293945,14.369999885559082,14.380000114440918,5723,0.0,0.0
2024-10-10 14:55:00-04:00,14.380000114440918,14.390000343322754,14.359999656677246,14.385000228881836,9651,0.0,0.0
2024-10-10 15:00:00-04:00,14.380000114440918,14.390000343322754,14.369999885559082,14.369999885559082,5415,0.0,0.0
2024-10-10 15:05:00-04:00,14.375,14.390000343322754,14.375,14.390000343322754,4976,0.0,0.0
2024-10-10 15:10:00-04:00,14.390000343322754,14.395000457763672,14.380000114440918,14.380000114440918,3193,0.0,0.0
2024-10-10 15:15:00-04:00,14.380000114440918,14.395000457763672,14.369999885559082,14.395000457763672,8823,0.0,0.0
2024-10-10 15:20:00-04:00,14.395000457763672,14.425000190734863,14.380999565124512,14.390000343322754,18275,0.0,0.0
2024-10-10 15:25:00-04:00,14.390000343322754,14.390000343322754,14.380000114440918,14.380999565124512,4414,0.0,0.0
2024-10-10 15:30:00-04:00,14.380000114440918,14.380000114440918,14.369999885559082,14.369999885559082,5182,0.0,0.0
2024-10-10 15:35:00-04:00,14.380000114440918,14.395000457763672,14.380000114440918,14.390000343322754,8569,0.0,0.0
2024-10-10 15:40:00-04:00,14.395000457763672,14.399999618530273,14.380000114440918,14.399999618530273,10289,0.0,0.0
2024-10-10 15:45:00-04:00,14.395000457763672,14.449999809265137,14.395000457763672,14.449999809265137,19276,0.0,0.0
2024-10-10 15:50:00-04:00,14.449999809265137,14.449999809265137,14.430999755859375,14.4399995803833,30088,0.0,0.0
2024-10-10 15:55:00-04:00,14.430999755859375,14.4350004196167,14.34000015258789,14.350000381469727,128468,0.0,0.0
2024-10-11 09:30:00-04:00,14.350000381469727,14.4399995803833,14.350000381469727,14.354999542236328,6736,0.0,0.0
2024-10-11 09:35:00-04:00,14.41670036315918,14.41670036315918,14.329999923706055,14.354999542236328,2278,0.0,0.0
2024-10-11 09:40:00-04:00,14.34000015258789,14.34000015258789,14.239999771118164,14.25,3155,0.0,0.0
2024-10-11 09:45:00-04:00,14.239999771118164,14.279999732971191,14.180000305175781,14.260000228881836,9461,0.0,0.0
2024-10-11 09:50:00-04:00,14.270000457763672,14.34000015258789,14.239999771118164,14.34000015258789,4273,0.0,0.0
2024-10-11 09:55:00-04:00,14.345000267028809,14.350000381469727,14.345000267028809,14.350000381469727,1111,0.0,0.0
2024-10-11 10:00:00-04:00,14.329999923706055,14.385000228881836,14.289999961853027,14.380000114440918,7782,0.0,0.0
2024-10-11 10:05:00-04:00,14.380000114440918,14.489999771118164,14.380000114440918,14.479999542236328,16960,0.0,0.0
2024-10-11 10:10:00-04:00,14.5,14.520000457763672,14.489999771118164,14.5,5025,0.0,0.0
2024-10-11 10:15:00-04:00,14.5,14.550000190734863,14.5,14.520000457763672,6523,0.0,0.0
2024-10-11 10:20:00-04:00,14.510000228881836,14.520000457763672,14.475000381469727,14.489999771118164,6540,0.0,0.0
2024-10-11 10:25:00-04:00,14.489999771118164,14.510000228881836,14.475000381469727,14.475000381469727,7139,0.0,0.0
2024-10-11 10:30:00-04:00,14.460000038146973,14.479999542236328,14.4399995803833,14.449999809265137,7232,0.0,0.0
2024-10-11 10:35:00-04:00,14.454999923706055,14.470000267028809,14.449999809265137,14.449999809265137,3253,0.0,0.0
2024-10-11 10:40:00-04:00,14.454999923706055,14.479999542236328,14.454999923706055,14.479999542236328,3133,0.0,0.0
2024-10-11 10:45:00-04:00,14.470000267028809,14.470000267028809,14.460000038146973,14.470000267028809,3476,0.0,0.0
2024-10-11 10:50:00-04:00,14.470000267028809,14.479999542236328,14.4399995803833,14.4399995803833,8288,0.0,0.0
2024-10-11 10:55:00-04:00,14.430000305175781,14.484999656677246,14.430000305175781,14.460000038146973,5794,0.0,0.0
2024-10-11 11:00:00-04:00,14.460000038146973,14.470000267028809,14.460000038146973,14.470000267028809,4464,0.0,0.0
2024-10-11 11:05:00-04:00,14.470000267028809,14.494999885559082,14.470000267028809,14.494999885559082,3746,0.0,0.0
2024-10-11 11:10:00-04:00,14.494999885559082,14.520000457763672,14.489999771118164,14.520000457763672,8297,0.0,0.0
2024-10-11 11:15:00-04:00,14.520000457763672,14.529999732971191,14.484999656677246,14.489999771118164,8839,0.0,0.0
2024-10-11 11:20:00-04:00,14.494999885559082,14.5,14.475000381469727,14.475000381469727,4647,0.0,0.0
2024-10-11 11:25:00-04:00,14.470000267028809,14.505000114440918,14.460000038146973,14.5,6651,0.0,0.0
2024-10-11 11:30:00-04:00,14.494999885559082,14.5,14.494999885559082,14.494999885559082,2575,0.0,0.0
2024-10-11 11:35:00-04:00,14.494999885559082,14.520000457763672,14.494999885559082,14.520000457763672,4457,0.0,0.0
2024-10-11 11:40:00-04:00,14.515000343322754,14.529999732971191,14.505000114440918,14.508999824523926,6118,0.0,0.0
2024-10-11 11:45:00-04:00,14.5,14.520000457763672,14.494999885559082,14.520000457763672,5053,0.0,0.0
2024-10-11 11:50:00-04:00,14.510199546813965,14.545000076293945,14.510000228881836,14.539999961853027,6210,0.0,0.0
2024-10-11 11:55:00-04:00,14.539999961853027,14.5600004196167,14.539999961853027,14.555000305175781,4689,0.0,0.0
2024-10-11 12:00:00-04:00,14.555000305175781,14.579999923706055,14.550000190734863,14.574999809265137,4087,0.0,0.0
2024-10-11 12:05:00-04:00,14.574999809265137,14.579999923706055,14.510000228881836,14.545000076293945,10488,0.0,0.0
2024-10-11 12:10:00-04:00,14.550000190734863,14.569999694824219,14.520000457763672,14.569999694824219,5583,0.0,0.0
2024-10-11 12:15:00-04:00,14.569999694824219,14.59000015258789,14.569999694824219,14.569999694824219,4671,0.0,0.0
2024-10-11 12:20:00-04:00,14.569999694824219,14.609999656677246,14.569999694824219,14.609999656677246,5739,0.0,0.0
2024-10-11 12:25:00-04:00,14.600000381469727,14.640000343322754,14.59000015258789,14.600000381469727,8060,0.0,0.0
2024-10-11 12:30:00-04:00,14.579999923706055,14.59000015258789,14.579999923706055,14.585000038146973,2212,0.0,0.0
2024-10-11 12:35:00-04:00,14.585000038146973,14.585000038146973,14.569999694824219,14.574999809265137,2989,0.0,0.0
2024-10-11 12:40:00-04:00,14.574999809265137,14.585000038146973,14.574999809265137,14.579999923706055,2999,0.0,0.0
2024-10-11 12:45:00-04:00,14.579999923706055,14.59000015258789,14.569999694824219,14.579999923706055,2464,0.0,0.0
2024-10-11 12:50:00-04:00,14.579999923706055,14.59000015258789,14.569999694824219,14.585000038146973,2594,0.0,0.0
2024-10-11 12:55:00-04:00,14.579999923706055,14.604999542236328,14.579999923706055,14.59000015258789,10757,0.0,0.0
2024-10-11 13:00:00-04:00,14.585000038146973,14.59000015258789,14.585000038146973,14.585000038146973,2358,0.0,0.0
2024-10-11 13:05:00-04:00,14.585000038146973,14.59000015258789,14.579999923706055,14.579999923706055,2638,0.0,0.0
2024-10-11 13:10:00-04:00,14.585000038146973,14.59000015258789,14.579999923706055,14.579999923706055,5746,0.0,0.0
2024-10-11 13:15:00-04:00,14.585000038146973,14.585000038146973,14.579999923706055,14.585000038146973,1655,0.0,0.0
2024-10-11 13:20:00-04:00,14.59000015258789,14.600000381469727,14.59000015258789,14.595000267028809,3914,0.0,0.0
2024-10-11 13:25:00-04:00,14.595000267028809,14.640000343322754,14.595000267028809,14.640000343322754,3615,0.0,0.0
2024-10-11 13:30:00-04:00,14.635000228881836,14.670000076293945,14.630000114440918,14.654999732971191,8582,0.0,0.0
2024-10-11 13:35:00-04:00,14.654999732971191,14.670000076293945,14.651000022888184,14.670000076293945,9801,0.0,0.0
2024-10-11 13:40:00-04:00,14.664999961853027,14.680000305175781,14.65999984741211,14.680000305175781,3937,0.0,0.0
2024-10-11 13:45:00-04:00,14.675000190734863,14.6899995803833,14.675000190734863,14.6899995803833,4938,0.0,0.0
2024-10-11 13:50:00-04:00,14.6899995803833,14.720000267028809,14.678000450134277,14.71500015258789,11526,0.0,0.0
2024-10-11 13:55:00-04:00,14.71500015258789,14.71500015258789,14.675000190734863,14.675000190734863,6559,0.0,0.0
2024-10-11 14:00:00-04:00,14.675000190734863,14.737000465393066,14.675000190734863,14.720000267028809,7610,0.0,0.0
2024-10-11 14:05:00-04:00,14.720000267028809,14.720000267028809,14.680000305175781,14.680000305175781,6236,0.0,0.0
2024-10-11 14:10:00-04:00,14.680000305175781,14.680000305175781,14.65999984741211,14.670000076293945,5425,0.0,0.0
2024-10-11 14:15:00-04:00,14.675000190734863,14.720000267028809,14.675000190734863,14.704999923706055,9328,0.0,0.0
2024-10-11 14:20:00-04:00,14.699999809265137,14.75,14.699999809265137,14.744999885559082,9710,0.0,0.0
2024-10-11 14:25:00-04:00,14.744999885559082,14.75,14.744999885559082,14.75,5571,0.0,0.0
2024-10-11 14:30:00-04:00,14.744999885559082,14.760000228881836,14.744999885559082,14.755000114440918,7648,0.0,0.0
2024-10-11 14:35:00-04:00,14.755000114440918,14.760000228881836,14.75,14.755000114440918,6364,0.0,0.0
2024-10-11 14:40:00-04:00,14.755000114440918,14.770000457763672,14.75,14.765000343322754,8499,0.0,0.0
2024-10-11 14:45:00-04:00,14.765000343322754,14.774999618530273,14.720000267028809,14.739999771118164,16682,0.0,0.0
2024-10-11 14:50:00-04:00,14.729999542236328,14.729999542236328,14.6899995803833,14.725000381469727,10436,0.0,0.0
2024-10-11 14:55:00-04:00,14.725000381469727,14.725000381469727,14.680000305175781,14.6899995803833,7311,0.0,0.0
2024-10-11 15:00:00-04:00,14.6899995803833,14.710000038146973,14.6899995803833,14.699999809265137,4823,0.0,0.0
2024-10-11 15:05:00-04:00,14.704999923706055,14.755000114440918,14.699999809265137,14.731900215148926,11080,0.0,0.0
2024-10-11 15:10:00-04:00,14.734999656677246,14.75,14.734999656677246,14.744999885559082,6121,0.0,0.0
2024-10-11 15:15:00-04:00,14.744999885559082,14.760000228881836,14.739999771118164,14.760000228881836,9901,0.0,0.0
2024-10-11 15:20:00-04:00,14.755000114440918,14.755000114440918,14.739999771118164,14.739999771118164,5633,0.0,0.0
2024-10-11 15:25:00-04:00,14.744999885559082,14.75,14.739999771118164,14.744999885559082,9008,0.0,0.0
2024-10-11 15:30:00-04:00,14.744999885559082,14.744999885559082,14.729999542236328,14.734999656677246,9661,0.0,0.0
2024-10-11 15:35:00-04:00,14.734999656677246,14.734999656677246,14.670000076293945,14.680000305175781,13058,0.0,0.0
2024-10-11 15:40:00-04:00,14.680000305175781,14.6850004196167,14.619999885559082,14.619999885559082,13479,0.0,0.0
2024-10-11 15:45:00-04:00,14.619999885559082,14.65999984741211,14.619999885559082,14.654999732971191,21918,0.0,0.0
2024-10-11 15:50:00-04:00,14.654999732971191,14.680000305175781,14.649999618530273,14.670000076293945,26924,0.0,0.0
2024-10-11 15:55:00-04:00,14.675000190734863,14.75,14.654999732971191,14.744999885559082,129622,0.0,0.0
2024-10-14 09:30:00-04:00,14.5,14.65999984741211,14.5,14.529999732971191,16510,0.0,0.0
2024-10-14 09:35:00-04:00,14.449999809265137,14.460000038146973,14.4399995803833,14.460000038146973,1585,0.0,0.0
2024-10-14 09:40:00-04:00,14.470000267028809,14.510000228881836,14.430000305175781,14.510000228881836,5266,0.0,0.0
2024-10-14 09:45:00-04:00,14.529999732971191,14.600000381469727,14.529999732971191,14.600000381469727,1858,0.0,0.0
2024-10-14 09:50:00-04:00,14.619999885559082,14.619999885559082,14.5600004196167,14.5600004196167,4655,0.0,0.0
2024-10-14 09:55:00-04:00,14.569999694824219,14.569999694824219,14.550000190734863,14.550000190734863,2940,0.0,0.0
2024-10-14 10:00:00-04:00,14.569999694824219,14.59000015258789,14.555000305175781,14.555000305175781,3730,0.0,0.0
2024-10-14 10:05:00-04:00,14.569999694824219,14.569999694824219,14.520000457763672,14.5600004196167,4421,0.0,0.0
2024-10-14 10:10:00-04:00,14.5649995803833,14.579999923706055,14.5600004196167,14.569999694824219,3627,0.0,0.0
2024-10-14 10:15:00-04:00,14.550000190734863,14.550000190734863,14.4399995803833,14.470000267028809,3235,0.0,0.0
2024-10-14 10:20:00-04:00,14.4399995803833,14.475000381469727,14.40999984741211,14.444999694824219,17987,0.0,0.0
2024-10-14 10:25:00-04:00,14.460000038146973,14.470000267028809,14.369999885559082,14.4350004196167,14021,0.0,0.0
2024-10-14 10:30:00-04:00,14.430000305175781,14.449999809265137,14.40999984741211,14.4399995803833,7541,0.0,0.0
2024-10-14 10:35:00-04:00,14.4399995803833,14.489999771118164,14.4399995803833,14.489999771118164,2715,0.0,0.0
2024-10-14 10:40:00-04:00,14.449999809265137,14.460000038146973,14.4399995803833,14.460000038146973,2592,0.0,0.0
2024-10-14 10:45:00-04:00,14.470000267028809,14.470000267028809,14.460000038146973,14.460000038146973,1706,0.0,0.0
2024-10-14 10:50:00-04:00,14.460000038146973,14.460000038146973,14.444999694824219,14.460000038146973,2457,0.0,0.0
2024-10-14 10:55:00-04:00,14.460000038146973,14.479999542236328,14.449999809265137,14.479999542236328,3089,0.0,0.0
2024-10-14 11:00:00-04:00,14.489999771118164,14.489999771118164,14.460000038146973,14.470000267028809,1934,0.0,0.0
2024-10-14 11:05:00-04:00,14.449999809265137,14.449999809265137,14.420000076293945,14.420000076293945,1333,0.0,0.0
2024-10-14 11:10:00-04:00,14.430000305175781,14.470000267028809,14.430000305175781,14.46500015258789,3367,0.0,0.0
2024-10-14 11:15:00-04:00,14.479999542236328,14.484999656677246,14.470000267028809,14.470000267028809,2407,0.0,0.0
2024-10-14 11:20:00-04:00,14.470000267028809,14.479999542236328,14.399999618530273,14.40999984741211,10650,0.0,0.0
2024-10-14 11:25:00-04:00,14.380000114440918,14.399999618530273,14.380000114440918,14.390000343322754,1605,0.0,0.0
2024-10-14 11:30:00-04:00,14.375,14.390000343322754,14.375,14.375,605,0.0,0.0
2024-10-14 11:35:00-04:00,14.359999656677246,14.414999961853027,14.359999656677246,14.399999618530273,6807,0.0,0.0
2024-10-14 11:40:00-04:00,14.390000343322754,14.399999618530273,14.390000343322754,14.399999618530273,827,0.0,0.0
2024-10-14 11:45:00-04:00,14.399999618530273,14.399999618530273,14.375,14.375,1753,0.0,0.0
2024-10-14 11:50:00-04:00,14.359999656677246,14.420000076293945,14.359999656677246,14.420000076293945,3435,0.0,0.0
2024-10-14 11:55:00-04:00,14.404999732971191,14.449999809265137,14.404999732971191,14.449999809265137,4078,0.0,0.0
2024-10-14 12:00:00-04:00,14.449999809265137,14.454999923706055,14.430000305175781,14.4399995803833,3045,0.0,0.0
2024-10-14 12:05:00-04:00,14.4399995803833,14.4399995803833,14.4399995803833,14.4399995803833,1659,0.0,0.0
2024-10-14 12:10:00-04:00,14.449000358581543,14.449000358581543,14.4399995803833,14.4399995803833,1152,0.0,0.0
2024-10-14 12:15:00-04:00,14.430000305175781,14.430000305175781,14.40999984741211,14.40999984741211,2553,0.0,0.0
2024-10-14 12:20:00-04:00,14.420000076293945,14.420000076293945,14.40999984741211,14.414999961853027,2467,0.0,0.0
2024-10-14 12:25:00-04:00,14.40999984741211,14.40999984741211,14.390000343322754,14.390000343322754,4008,0.0,0.0
2024-10-14 12:30:00-04:00,14.390000343322754,14.395000457763672,14.319999694824219,14.34000015258789,14389,0.0,0.0
2024-10-14 12:35:00-04:00,14.34000015258789,14.34000015258789,14.289999961853027,14.289999961853027,6090,0.0,0.0
2024-10-14 12:40:00-04:00,14.279999732971191,14.295000076293945,14.260000228881836,14.295000076293945,4409,0.0,0.0
2024-10-14 12:45:00-04:00,14.279999732971191,14.279999732971191,14.270000457763672,14.279999732971191,1819,0.0,0.0
2024-10-14 12:50:00-04:00,14.279999732971191,14.289999961853027,14.270000457763672,14.279999732971191,2495,0.0,0.0
2024-10-14 12:55:00-04:00,14.279999732971191,14.295000076293945,14.279999732971191,14.289999961853027,2825,0.0,0.0
2024-10-14 13:00:00-04:00,14.289999961853027,14.289999961853027,14.260000228881836,14.279999732971191,3411,0.0,0.0
2024-10-14 13:05:00-04:00,14.279999732971191,14.279999732971191,14.270000457763672,14.270000457763672,602,0.0,0.0
2024-10-14 13:10:00-04:00,14.270000457763672,14.279999732971191,14.260000228881836,14.260000228881836,2980,0.0,0.0
2024-10-14 13:15:00-04:00,14.260000228881836,14.3100004196167,14.260000228881836,14.305000305175781,4269,0.0,0.0
2024-10-14 13:20:00-04:00,14.300000190734863,14.3100004196167,14.265000343322754,14.265000343322754,3993,0.0,0.0
2024-10-14 13:25:00-04:00,14.265000343322754,14.289999961853027,14.265000343322754,14.279999732971191,4154,0.0,0.0
2024-10-14 13:30:00-04:00,14.270000457763672,14.319999694824219,14.260000228881836,14.300000190734863,5503,0.0,0.0
2024-10-14 13:35:00-04:00,14.289999961853027,14.300000190734863,14.279999732971191,14.300000190734863,3895,0.0,0.0
2024-10-14 13:40:00-04:00,14.300000190734863,14.300000190734863,14.260000228881836,14.289999961853027,3846,0.0,0.0
2024-10-14 13:45:00-04:00,14.289999961853027,14.289999961853027,14.260000228881836,14.260000228881836,3793,0.0,0.0
2024-10-14 13:50:00-04:00,14.270000457763672,14.279999732971191,14.265000343322754,14.279999732971191,2650,0.0,0.0
2024-10-14 13:55:00-04:00,14.279999732971191,14.28499984741211,14.260000228881836,14.279999732971191,5070,0.0,0.0
2024-10-14 14:00:00-04:00,14.274999618530273,14.279999732971191,14.260000228881836,14.270000457763672,4805,0.0,0.0
2024-10-14 14:05:00-04:00,14.270000457763672,14.350000381469727,14.270000457763672,14.329999923706055,17147,0.0,0.0
2024-10-14 14:10:00-04:00,14.345000267028809,14.369999885559082,14.34000015258789,14.350000381469727,5043,0.0,0.0
2024-10-14 14:15:00-04:00,14.354999542236328,14.399999618530273,14.350000381469727,14.395000457763672,5118,0.0,0.0
2024-10-14 14:20:00-04:00,14.390000343322754,14.395000457763672,14.369999885559082,14.385000228881836,8300,0.0,0.0
2024-10-14 14:25:00-04:00,14.380000114440918,14.385000228881836,14.329999923706055,14.329999923706055,5531,0.0,0.0
2024-10-14 14:30:00-04:00,14.329999923706055,14.369999885559082,14.329999923706055,14.369999885559082,6157,0.0,0.0
2024-10-14 14:35:00-04:00,14.359999656677246,14.375,14.34000015258789,14.354999542236328,6598,0.0,0.0
2024-10-14 14:40:00-04:00,14.350000381469727,14.350000381469727,14.34000015258789,14.345000267028809,3257,0.0,0.0
2024-10-14 14:45:00-04:00,14.349200248718262,14.359999656677246,14.34000015258789,14.354999542236328,7373,0.0,0.0
2024-10-14 14:50:00-04:00,14.350000381469727,14.350000381469727,14.34000015258789,14.34000015258789,2952,0.0,0.0
2024-10-14 14:55:00-04:00,14.345000267028809,14.345000267028809,14.319999694824219,14.335000038146973,6761,0.0,0.0
2024-10-14 15:00:00-04:00,14.335000038146973,14.350000381469727,14.3100004196167,14.345000267028809,7608,0.0,0.0
2024-10-14 15:05:00-04:00,14.34000015258789,14.34000015258789,14.329999923706055,14.34000015258789,4154,0.0,0.0
2024-10-14 15:10:00-04:00,14.34000015258789,14.354999542236328,14.329999923706055,14.329999923706055,4867,0.0,0.0
2024-10-14 15:15:00-04:00,14.324999809265137,14.34000015258789,14.319999694824219,14.324999809265137,5105,0.0,0.0
2024-10-14 15:20:00-04:00,14.319999694824219,14.319999694824219,14.279999732971191,14.319999694824219,9705,0.0,0.0
2024-10-14 15:25:00-04:00,14.324999809265137,14.359999656677246,14.324999809265137,14.335000038146973,10382,0.0,0.0
2024-10-14 15:30:00-04:00,14.335000038146973,14.350000381469727,14.329999923706055,14.34000015258789,10986,0.0,0.0
2024-10-14 15:35:00-04:00,14.34000015258789,14.359999656677246,14.329999923706055,14.329999923706055,12813,0.0,0.0
2024-10-14 15:40:00-04:00,14.34000015258789,14.390000343322754,14.34000015258789,14.369999885559082,19634,0.0,0.0
2024-10-14 15:45:00-04:00,14.375,14.375,14.319999694824219,14.34000015258789,23110,0.0,0.0
2024-10-14 15:50:00-04:00,14.34000015258789,14.385000228881836,14.320799827575684,14.364999771118164,34189,0.0,0.0
2024-10-14 15:55:00-04:00,14.364999771118164,14.430000305175781,14.359999656677246,14.380000114440918,118906,0.0,0.0
2024-10-15 09:30:00-04:00,14.220000267028809,14.265000343322754,14.180000305175781,14.180000305175781,9262,0.0,0.0
2024-10-15 09:35:00-04:00,14.175000190734863,14.175000190734863,14.100000381469727,14.100000381469727,2534,0.0,0.0
2024-10-15 09:40:00-04:00,14.130000114440918,14.260000228881836,14.130000114440918,14.260000228881836,5763,0.0,0.0
2024-10-15 09:45:00-04:00,14.239999771118164,14.34000015258789,14.229999542236328,14.319999694824219,3016,0.0,0.0
2024-10-15 09:50:00-04:00,14.319999694824219,14.319999694824219,14.295000076293945,14.3100004196167,3148,0.0,0.0
2024-10-15 09:55:00-04:00,14.289999961853027,14.295000076293945,14.274999618530273,14.274999618530273,3139,0.0,0.0
2024-10-15 10:00:00-04:00,14.279999732971191,14.34000015258789,14.279999732971191,14.319999694824219,4756,0.0,0.0
2024-10-15 10:05:00-04:00,14.319999694824219,14.329999923706055,14.274999618530273,14.300000190734863,3842,0.0,0.0
2024-10-15 10:10:00-04:00,14.3100004196167,14.3100004196167,14.260000228881836,14.260000228881836,5633,0.0,0.0
2024-10-15 10:15:00-04:00,14.260000228881836,14.489999771118164,14.260000228881836,14.489999771118164,39648,0.0,0.0
2024-10-15 10:20:00-04:00,14.489999771118164,14.520000457763672,14.350000381469727,14.369999885559082,19633,0.0,0.0
2024-10-15 10:25:00-04:00,14.380000114440918,14.399999618530273,14.375,14.375,6027,0.0,0.0
2024-10-15 10:30:00-04:00,14.369999885559082,14.369999885559082,14.270000457763672,14.270000457763672,6463,0.0,0.0
2024-10-15 10:35:00-04:00,14.260000228881836,14.270000457763672,14.210000038146973,14.210000038146973,4618,0.0,0.0
2024-10-15 10:40:00-04:00,14.210000038146973,14.25,14.210000038146973,14.210000038146973,6864,0.0,0.0
2024-10-15 10:45:00-04:00,14.210000038146973,14.265000343322754,14.199999809265137,14.265000343322754,3451,0.0,0.0
2024-10-15 10:50:00-04:00,14.25,14.3100004196167,14.25,14.3100004196167,2996,0.0,0.0
2024-10-15 10:55:00-04:00,14.300000190734863,14.305000305175781,14.274999618530273,14.300000190734863,4943,0.0,0.0
2024-10-15 11:00:00-04:00,14.300000190734863,14.350000381469727,14.295000076293945,14.350000381469727,4258,0.0,0.0
2024-10-15 11:05:00-04:00,14.34000015258789,14.34000015258789,14.3100004196167,14.3100004196167,2396,0.0,0.0
2024-10-15 11:10:00-04:00,14.300000190734863,14.359999656677246,14.300000190734863,14.350000381469727,7427,0.0,0.0
2024-10-15 11:15:00-04:00,14.359999656677246,14.359999656677246,14.350000381469727,14.350000381469727,2048,0.0,0.0
2024-10-15 11:20:00-04:00,14.350000381469727,14.350000381469727,14.324999809265137,14.335000038146973,4558,0.0,0.0
2024-10-15 11:25:00-04:00,14.34000015258789,14.345000267028809,14.319999694824219,14.329999923706055,2616,0.0,0.0
2024-10-15 11:30:00-04:00,14.329999923706055,14.364999771118164,14.319999694824219,14.364999771118164,6227,0.0,0.0
2024-10-15 11:35:00-04:00,14.359999656677246,14.364999771118164,14.329999923706055,14.34000015258789,4772,0.0,0.0
2024-10-15 11:40:00-04:00,14.34000015258789,14.359999656677246,14.335000038146973,14.359999656677246,3914,0.0,0.0
2024-10-15 11:45:00-04:00,14.365900039672852,14.368499755859375,14.324999809265137,14.324999809265137,3266,0.0,0.0
2024-10-15 11:50:00-04:00,14.319999694824219,14.319999694824219,14.270000457763672,14.270000457763672,2595,0.0,0.0
2024-10-15 11:55:00-04:00,14.270000457763672,14.300000190734863,14.260000228881836,14.289999961853027,4487,0.0,0.0
2024-10-15 12:00:00-04:00,14.279999732971191,14.324999809265137,14.270000457763672,14.324999809265137,4367,0.0,0.0
2024-10-15 12:05:00-04:00,14.329999923706055,14.369999885559082,14.329999923706055,14.364999771118164,2964,0.0,0.0
2024-10-15 12:10:00-04:00,14.364999771118164,14.430000305175781,14.364999771118164,14.430000305175781,8402,0.0,0.0
2024-10-15 12:15:00-04:00,14.420000076293945,14.430000305175781,14.40999984741211,14.420000076293945,5363,0.0,0.0
2024-10-15 12:20:00-04:00,14.425000190734863,14.4399995803833,14.414999961853027,14.425000190734863,9014,0.0,0.0
2024-10-15 12:25:00-04:00,14.425000190734863,14.430000305175781,14.425000190734863,14.425000190734863,1868,0.0,0.0
2024-10-15 12:30:00-04:00,14.425000190734863,14.425000190734863,14.390000343322754,14.399999618530273,3651,0.0,0.0
2024-10-15 12:35:00-04:00,14.40999984741211,14.414999961853027,14.399999618530273,14.404999732971191,3543,0.0,0.0
2024-10-15 12:40:00-04:00,14.404999732971191,14.414999961853027,14.380000114440918,14.414999961853027,6193,0.0,0.0
2024-10-15 12:45:00-04:00,14.420000076293945,14.420000076293945,14.414999961853027,14.414999961853027,2897,0.0,0.0
2024-10-15 12:50:00-04:00,14.40999984741211,14.40999984741211,14.39900016784668,14.40999984741211,3099,0.0,0.0
2024-10-15 12:55:00-04:00,14.404999732971191,14.414999961853027,14.404999732971191,14.40999984741211,2774,0.0,0.0
2024-10-15 13:00:00-04:00,14.404999732971191,14.414999961853027,14.404999732971191,14.40999984741211,2828,0.0,0.0
2024-10-15 13:05:00-04:00,14.404999732971191,14.404999732971191,14.380000114440918,14.380000114440918,5645,0.0,0.0
2024-10-15 13:10:00-04:00,14.380000114440918,14.385000228881836,14.354999542236328,14.385000228881836,5529,0.0,0.0
2024-10-15 13:15:00-04:00,14.399999618530273,14.414999961853027,14.399999618530273,14.404999732971191,2241,0.0,0.0
2024-10-15 13:20:00-04:00,14.404999732971191,14.40999984741211,14.395000457763672,14.395000457763672,4778,0.0,0.0
2024-10-15 13:25:00-04:00,14.390000343322754,14.390000343322754,14.359999656677246,14.369999885559082,4256,0.0,0.0
2024-10-15 13:30:00-04:00,14.375,14.395000457763672,14.375,14.390000343322754,5108,0.0,0.0
2024-10-15 13:35:00-04:00,14.380000114440918,14.395000457763672,14.375,14.395000457763672,2417,0.0,0.0
2024-10-15 13:40:00-04:00,14.399999618530273,14.40999984741211,14.390000343322754,14.390000343322754,5192,0.0,0.0
2024-10-15 13:45:00-04:00,14.380000114440918,14.420000076293945,14.375,14.420000076293945,4347,0.0,0.0
2024-10-15 13:50:00-04:00,14.420000076293945,14.425000190734863,14.414999961853027,14.420000076293945,3262,0.0,0.0
2024-10-15 13:55:00-04:00,14.40999984741211,14.40999984741211,14.390000343322754,14.404999732971191,4026,0.0,0.0
2024-10-15 14:00:00-04:00,14.399999618530273,14.40999984741211,14.395000457763672,14.404999732971191,3017,0.0,0.0
2024-10-15 14:05:00-04:00,14.399999618530273,14.399999618530273,14.369999885559082,14.380000114440918,3443,0.0,0.0
2024-10-15 14:10:00-04:00,14.380000114440918,14.420000076293945,14.380000114440918,14.420000076293945,5356,0.0,0.0
2024-10-15 14:15:00-04:00,14.40999984741211,14.40999984741211,14.359999656677246,14.385000228881836,7639,0.0,0.0
2024-10-15 14:20:00-04:00,14.385000228881836,14.399999618530273,14.380000114440918,14.390000343322754,3354,0.0,0.0
2024-10-15 14:25:00-04:00,14.399999618530273,14.399999618530273,14.345000267028809,14.354999542236328,4555,0.0,0.0
2024-10-15 14:30:00-04:00,14.354999542236328,14.364999771118164,14.354999542236328,14.364999771118164,2660,0.0,0.0
2024-10-15 14:35:00-04:00,14.364999771118164,14.399999618530273,14.354999542236328,14.399999618530273,9134,0.0,0.0
2024-10-15 14:40:00-04:00,14.40999984741211,14.425000190734863,14.399999618530273,14.425000190734863,5842,0.0,0.0
2024-10-15 14:45:00-04:00,14.425000190734863,14.460000038146973,14.425000190734863,14.4350004196167,5580,0.0,0.0
2024-10-15 14:50:00-04:00,14.4350004196167,14.4399995803833,14.425000190734863,14.4399995803833,2560,0.0,0.0
2024-10-15 14:55:00-04:00,14.4350004196167,14.4399995803833,14.40999984741211,14.430000305175781,6369,0.0,0.0
2024-10-15 15:00:00-04:00,14.4399995803833,14.449999809265137,14.369999885559082,14.369999885559082,6597,0.0,0.0
2024-10-15 15:05:00-04:00,14.375,14.375,14.345000267028809,14.350000381469727,7538,0.0,0.0
2024-10-15 15:10:00-04:00,14.350000381469727,14.364999771118164,14.34000015258789,14.34000015258789,5188,0.0,0.0
2024-10-15 15:15:00-04:00,14.34000015258789,14.350000381469727,14.34000015258789,14.350000381469727,6438,0.0,0.0
2024-10-15 15:20:00-04:00,14.354999542236328,14.354999542236328,14.319999694824219,14.319999694824219,7281,0.0,0.0
2024-10-15 15:25:00-04:00,14.329999923706055,14.329999923706055,14.279999732971191,14.279999732971191,7130,0.0,0.0
2024-10-15 15:30:00-04:00,14.279999732971191,14.279999732971191,14.255000114440918,14.255000114440918,8433,0.0,0.0
2024-10-15 15:35:00-04:00,14.255000114440918,14.265000343322754,14.229999542236328,14.255000114440918,13541,0.0,0.0
2024-10-15 15:40:00-04:00,14.255000114440918,14.270000457763672,14.255000114440918,14.270000457763672,7614,0.0,0.0
2024-10-15 15:45:00-04:00,14.265000343322754,14.270000457763672,14.204999923706055,14.225000381469727,20203,0.0,0.0
2024-10-15 15:50:00-04:00,14.229999542236328,14.229999542236328,14.199999809265137,14.229999542236328,33190,0.0,0.0
2024-10-15 15:55:00-04:00,14.239999771118164,14.239999771118164,14.15999984741211,14.1899995803833,103525,0.0,0.0
2024-10-16 09:30:00-04:00,14.430000305175781,14.550000190734863,14.430000305175781,14.550000190734863,7093,0.0,0.0
2024-10-16 09:35:00-04:00,14.5600004196167,14.579999923706055,14.479999542236328,14.579999923706055,14948,0.0,0.0
2024-10-16 09:40:00-04:00,14.5693998336792,14.640000343322754,14.545000076293945,14.640000343322754,11175,0.0,0.0
2024-10-16 09:45:00-04:00,14.619999885559082,14.65999984741211,14.609999656677246,14.609999656677246,5579,0.0,0.0
2024-10-16 09:50:00-04:00,14.630000114440918,14.630000114440918,14.5,14.5,4251,0.0,0.0
2024-10-16 09:55:00-04:00,14.520000457763672,14.600000381469727,14.5,14.595000267028809,3972,0.0,0.0
2024-10-16 10:00:00-04:00,14.59000015258789,14.6899995803833,14.59000015258789,14.6899995803833,4941,0.0,0.0
2024-10-16 10:05:00-04:00,14.6899995803833,14.774999618530273,14.6899995803833,14.739999771118164,10125,0.0,0.0
2024-10-16 10:10:00-04:00,14.739999771118164,14.75,14.720000267028809,14.725899696350098,3285,0.0,0.0
2024-10-16 10:15:00-04:00,14.720000267028809,14.755000114440918,14.710000038146973,14.710000038146973,6759,0.0,0.0
2024-10-16 10:20:00-04:00,14.6899995803833,14.699000358581543,14.649999618530273,14.649999618530273,3012,0.0,0.0
2024-10-16 10:25:00-04:00,14.65999984741211,14.710000038146973,14.654500007629395,14.675000190734863,5634,0.0,0.0
2024-10-16 10:30:00-04:00,14.680000305175781,14.789899826049805,14.680000305175781,14.7677001953125,10080,0.0,0.0
2024-10-16 10:35:00-04:00,14.770000457763672,14.770000457763672,14.670000076293945,14.6899995803833,5651,0.0,0.0
2024-10-16 10:40:00-04:00,14.6899995803833,14.6899995803833,14.645000457763672,14.65999984741211,3284,0.0,0.0
2024-10-16 10:45:00-04:00,14.65999984741211,14.670000076293945,14.645000457763672,14.645000457763672,2770,0.0,0.0
2024-10-16 10:50:00-04:00,14.645000457763672,14.65999984741211,14.640000343322754,14.649999618530273,2950,0.0,0.0
2024-10-16 10:55:00-04:00,14.649999618530273,14.649999618530273,14.579999923706055,14.609999656677246,4864,0.0,0.0
2024-10-16 11:00:00-04:00,14.609999656677246,14.630000114440918,14.5649995803833,14.630000114440918,8801,0.0,0.0
2024-10-16 11:05:00-04:00,14.630000114440918,14.630000114440918,14.600000381469727,14.600000381469727,3893,0.0,0.0
2024-10-16 11:10:00-04:00,14.600000381469727,14.630000114440918,14.59000015258789,14.619999885559082,3373,0.0,0.0
2024-10-16 11:15:00-04:00,14.630000114440918,14.630000114440918,14.604999542236328,14.604999542236328,2076,0.0,0.0
2024-10-16 11:20:00-04:00,14.604999542236328,14.619999885559082,14.574999809265137,14.600000381469727,5775,0.0,0.0
2024-10-16 11:25:00-04:00,14.600000381469727,14.609999656677246,14.579999923706055,14.600000381469727,3829,0.0,0.0
2024-10-16 11:30:00-04:00,14.619999885559082,14.619999885559082,14.585000038146973,14.585000038146973,3856,0.0,0.0
2024-10-16 11:35:00-04:00,14.600000381469727,14.600000381469727,14.579999923706055,14.600000381469727,1697,0.0,0.0
2024-10-16 11:40:00-04:00,14.600000381469727,14.600000381469727,14.569999694824219,14.569999694824219,3748,0.0,0.0
2024-10-16 11:45:00-04:00,14.550000190734863,14.5649995803833,14.550000190734863,14.550000190734863,1951,0.0,0.0
2024-10-16 11:50:00-04:00,14.569999694824219,14.59000015258789,14.569999694824219,14.569999694824219,4216,0.0,0.0
2024-10-16 11:55:00-04:00,14.5649995803833,14.569999694824219,14.5600004196167,14.569999694824219,1787,0.0,0.0
2024-10-16 12:00:00-04:00,14.579999923706055,14.59000015258789,14.569999694824219,14.569999694824219,4345,0.0,0.0
2024-10-16 12:05:00-04:00,14.569999694824219,14.569999694824219,14.550000190734863,14.555000305175781,2535,0.0,0.0
2024-10-16 12:10:00-04:00,14.5600004196167,14.5600004196167,14.550000190734863,14.5600004196167,2115,0.0,0.0
2024-10-16 12:15:00-04:00,14.550000190734863,14.604999542236328,14.550000190734863,14.604999542236328,4254,0.0,0.0
2024-10-16 12:20:00-04:00,14.600000381469727,14.600000381469727,14.555000305175781,14.555000305175781,3992,0.0,0.0
2024-10-16 12:25:00-04:00,14.520000457763672,14.539999961853027,14.470000267028809,14.470000267028809,3776,0.0,0.0
2024-10-16 12:30:00-04:00,14.489999771118164,14.510000228881836,14.489999771118164,14.5,1585,0.0,0.0
2024-10-16 12:35:00-04:00,14.5,14.510000228881836,14.479999542236328,14.5,4788,0.0,0.0
2024-10-16 12:40:00-04:00,14.5,14.5,14.489999771118164,14.5,1724,0.0,0.0
2024-10-16 12:45:00-04:00,14.489999771118164,14.529999732971191,14.489999771118164,14.520000457763672,8730,0.0,0.0
2024-10-16 12:50:00-04:00,14.529999732971191,14.529999732971191,14.510000228881836,14.520000457763672,1925,0.0,0.0
2024-10-16 12:55:00-04:00,14.524999618530273,14.550000190734863,14.515000343322754,14.545000076293945,6280,0.0,0.0
2024-10-16 13:00:00-04:00,14.545000076293945,14.550000190734863,14.539999961853027,14.539999961853027,2590,0.0,0.0
2024-10-16 13:05:00-04:00,14.539999961853027,14.5600004196167,14.520000457763672,14.520000457763672,4478,0.0,0.0
2024-10-16 13:10:00-04:00,14.520000457763672,14.545000076293945,14.520000457763672,14.545000076293945,3641,0.0,0.0
2024-10-16 13:15:00-04:00,14.545000076293945,14.5600004196167,14.545000076293945,14.550000190734863,3821,0.0,0.0
2024-10-16 13:20:00-04:00,14.545000076293945,14.555000305175781,14.545000076293945,14.550000190734863,2163,0.0,0.0
2024-10-16 13:25:00-04:00,14.555000305175781,14.5600004196167,14.555000305175781,14.5600004196167,4288,0.0,0.0
2024-10-16 13:30:00-04:00,14.5600004196167,14.579999923706055,14.5600004196167,14.569999694824219,4929,0.0,0.0
2024-10-16 13:35:00-04:00,14.569999694824219,14.574999809265137,14.555000305175781,14.574999809265137,4602,0.0,0.0
2024-10-16 13:40:00-04:00,14.579999923706055,14.600000381469727,14.579999923706055,14.59000015258789,2615,0.0,0.0
2024-10-16 13:45:00-04:00,14.600000381469727,14.609999656677246,14.585000038146973,14.585000038146973,5012,0.0,0.0
2024-10-16 13:50:00-04:00,14.585000038146973,14.595000267028809,14.585000038146973,14.595000267028809,2052,0.0,0.0
2024-10-16 13:55:00-04:00,14.600000381469727,14.600000381469727,14.570199966430664,14.59000015258789,10119,0.0,0.0
2024-10-16 14:00:00-04:00,14.59000015258789,14.59000015258789,14.569999694824219,14.569999694824219,2041,0.0,0.0
2024-10-16 14:05:00-04:00,14.569999694824219,14.579999923706055,14.550000190734863,14.5649995803833,3298,0.0,0.0
2024-10-16 14:10:00-04:00,14.569999694824219,14.569999694824219,14.569999694824219,14.569999694824219,2497,0.0,0.0
2024-10-16 14:15:00-04:00,14.569999694824219,14.604999542236328,14.569999694824219,14.585000038146973,6057,0.0,0.0
2024-10-16 14:20:00-04:00,14.585000038146973,14.585000038146973,14.550000190734863,14.555000305175781,5368,0.0,0.0
2024-10-16 14:25:00-04:00,14.555000305175781,14.5600004196167,14.550000190734863,14.555000305175781,3218,0.0,0.0
2024-10-16 14:30:00-04:00,14.555000305175781,14.5600004196167,14.53499984741211,14.550000190734863,3878,0.0,0.0
2024-10-16 14:35:00-04:00,14.550000190734863,14.555000305175781,14.53499984741211,14.53499984741211,4605,0.0,0.0
2024-10-16 14:40:00-04:00,14.53499984741211,14.59000015258789,14.53499984741211,14.59000015258789,11748,0.0,0.0
2024-10-16 14:45:00-04:00,14.585000038146973,14.585000038146973,14.5649995803833,14.5649995803833,4911,0.0,0.0
2024-10-16 14:50:00-04:00,14.5649995803833,14.5649995803833,14.53499984741211,14.53499984741211,5094,0.0,0.0
2024-10-16 14:55:00-04:00,14.53499984741211,14.53499984741211,14.529999732971191,14.53499984741211,1637,0.0,0.0
2024-10-16 15:00:00-04:00,14.539999961853027,14.539999961853027,14.5,14.510000228881836,11085,0.0,0.0
2024-10-16 15:05:00-04:00,14.510100364685059,14.515000343322754,14.510100364685059,14.515000343322754,2225,0.0,0.0
2024-10-16 15:10:00-04:00,14.515000343322754,14.5600004196167,14.515000343322754,14.545000076293945,10673,0.0,0.0
2024-10-16 15:15:00-04:00,14.545000076293945,14.545000076293945,14.53499984741211,14.539999961853027,7148,0.0,0.0
2024-10-16 15:20:00-04:00,14.539999961853027,14.545000076293945,14.529999732971191,14.53499984741211,7117,0.0,0.0
2024-10-16 15:25:00-04:00,14.529999732971191,14.5600004196167,14.528800010681152,14.545000076293945,9629,0.0,0.0
2024-10-16 15:30:00-04:00,14.545000076293945,14.5600004196167,14.539999961853027,14.5600004196167,5858,0.0,0.0
2024-10-16 15:35:00-04:00,14.5600004196167,14.619999885559082,14.5600004196167,14.604999542236328,12074,0.0,0.0
2024-10-16 15:40:00-04:00,14.600099563598633,14.619000434875488,14.579999923706055,14.579999923706055,12951,0.0,0.0
2024-10-16 15:45:00-04:00,14.59000015258789,14.609999656677246,14.59000015258789,14.600000381469727,13144,0.0,0.0
2024-10-16 15:50:00-04:00,14.600000381469727,14.609999656677246,14.585000038146973,14.595000267028809,42108,0.0,0.0
2024-10-16 15:55:00-04:00,14.595000267028809,14.609999656677246,14.550000190734863,14.59000015258789,89652,0.0,0.0
2024-10-17 09:30:00-04:00,14.65999984741211,14.770000457763672,14.5649995803833,14.619999885559082,21160,0.0,0.0
2024-10-17 09:35:00-04:00,14.640000343322754,14.65999984741211,14.5600004196167,14.640000343322754,2697,0.0,0.0
2024-10-17 09:40:00-04:00,14.670000076293945,14.729999542236328,14.649999618530273,14.720000267028809,4686,0.0,0.0
2024-10-17 09:45:00-04:00,14.710000038146973,14.75,14.65999984741211,14.680000305175781,6345,0.0,0.0
2024-10-17 09:50:00-04:00,14.699999809265137,14.75,14.680000305175781,14.699999809265137,3766,0.0,0.0
2024-10-17 09:55:00-04:00,14.71500015258789,14.729999542236328,14.619999885559082,14.670000076293945,3549,0.0,0.0
2024-10-17 10:00:00-04:00,14.680000305175781,14.694999694824219,14.59000015258789,14.600000381469727,4710,0.0,0.0
2024-10-17 10:05:00-04:00,14.600000381469727,14.609999656677246,14.520000457763672,14.609999656677246,3277,0.0,0.0
2024-10-17 10:10:00-04:00,14.609999656677246,14.609999656677246,14.5600004196167,14.569999694824219,4409,0.0,0.0
2024-10-17 10:15:00-04:00,14.555000305175781,14.574999809265137,14.539999961853027,14.569999694824219,7896,0.0,0.0
2024-10-17 10:20:00-04:00,14.569999694824219,14.569999694824219,14.539999961853027,14.5600004196167,3555,0.0,0.0
2024-10-17 10:25:00-04:00,14.5600004196167,14.569999694824219,14.510000228881836,14.539999961853027,4420,0.0,0.0
2024-10-17 10:30:00-04:00,14.539999961853027,14.569999694824219,14.53499984741211,14.539999961853027,5526,0.0,0.0
2024-10-17 10:35:00-04:00,14.539999961853027,14.550000190734863,14.515000343322754,14.539999961853027,4782,0.0,0.0
2024-10-17 10:40:00-04:00,14.539999961853027,14.579999923706055,14.539999961853027,14.5600004196167,5917,0.0,0.0
2024-10-17 10:45:00-04:00,14.555000305175781,14.609999656677246,14.555000305175781,14.5600004196167,3632,0.0,0.0
2024-10-17 10:50:00-04:00,14.5600004196167,14.5649995803833,14.539999961853027,14.539999961853027,2766,0.0,0.0
2024-10-17 10:55:00-04:00,14.550000190734863,14.550000190734863,14.510000228881836,14.510000228881836,3900,0.0,0.0
2024-10-17 11:00:00-04:00,14.510000228881836,14.529999732971191,14.489999771118164,14.5,3161,0.0,0.0
2024-10-17 11:05:00-04:00,14.510000228881836,14.510000228881836,14.444999694824219,14.460000038146973,8888,0.0,0.0
2024-10-17 11:10:00-04:00,14.460000038146973,14.479999542236328,14.430000305175781,14.479999542236328,16249,0.0,0.0
2024-10-17 11:15:00-04:00,14.484999656677246,14.510000228881836,14.484999656677246,14.489999771118164,5830,0.0,0.0
2024-10-17 11:20:00-04:00,14.449999809265137,14.460000038146973,14.4399995803833,14.454999923706055,3941,0.0,0.0
2024-10-17 11:25:00-04:00,14.460000038146973,14.46500015258789,14.425000190734863,14.4399995803833,3517,0.0,0.0
2024-10-17 11:30:00-04:00,14.4399995803833,14.470000267028809,14.399999618530273,14.470000267028809,6859,0.0,0.0
2024-10-17 11:35:00-04:00,14.479999542236328,14.479999542236328,14.46500015258789,14.46500015258789,1717,0.0,0.0
2024-10-17 11:40:00-04:00,14.46500015258789,14.46500015258789,14.4350004196167,14.4350004196167,3086,0.0,0.0
2024-10-17 11:45:00-04:00,14.4350004196167,14.46500015258789,14.430000305175781,14.444999694824219,3888,0.0,0.0
2024-10-17 11:50:00-04:00,14.449999809265137,14.470000267028809,14.4399995803833,14.449999809265137,4830,0.0,0.0
2024-10-17 11:55:00-04:00,14.456399917602539,14.470000267028809,14.444999694824219,14.444999694824219,5462,0.0,0.0
2024-10-17 12:00:00-04:00,14.444999694824219,14.449999809265137,14.420000076293945,14.420000076293945,4156,0.0,0.0
2024-10-17 12:05:00-04:00,14.430000305175781,14.430000305175781,14.420000076293945,14.420000076293945,3489,0.0,0.0
2024-10-17 12:10:00-04:00,14.414999961853027,14.430000305175781,14.390000343322754,14.399999618530273,5352,0.0,0.0
2024-10-17 12:15:00-04:00,14.404999732971191,14.414999961853027,14.399999618530273,14.399999618530273,2734,0.0,0.0
2024-10-17 12:20:00-04:00,14.40999984741211,14.425000190734863,14.399999618530273,14.425000190734863,3730,0.0,0.0
2024-10-17 12:25:00-04:00,14.430000305175781,14.449999809265137,14.420000076293945,14.444999694824219,4267,0.0,0.0
2024-10-17 12:30:00-04:00,14.444999694824219,14.444999694824219,14.430000305175781,14.4399995803833,4120,0.0,0.0
2024-10-17 12:35:00-04:00,14.4350004196167,14.470000267028809,14.4350004196167,14.470000267028809,3307,0.0,0.0
2024-10-17 12:40:00-04:00,14.475000381469727,14.479999542236328,14.470000267028809,14.475000381469727,1763,0.0,0.0
2024-10-17 12:45:00-04:00,14.470000267028809,14.494999885559082,14.470000267028809,14.494999885559082,3921,0.0,0.0
2024-10-17 12:50:00-04:00,14.494999885559082,14.520000457763672,14.494999885559082,14.520000457763672,6963,0.0,0.0
2024-10-17 12:55:00-04:00,14.529999732971191,14.529999732971191,14.505000114440918,14.505000114440918,3095,0.0,0.0
2024-10-17 13:00:00-04:00,14.510000228881836,14.520000457763672,14.5,14.510000228881836,3851,0.0,0.0
2024-10-17 13:05:00-04:00,14.505000114440918,14.505000114440918,14.484999656677246,14.494999885559082,4482,0.0,0.0
2024-10-17 13:10:00-04:00,14.494999885559082,14.520000457763672,14.494999885559082,14.520000457763672,4168,0.0,0.0
2024-10-17 13:15:00-04:00,14.520000457763672,14.529999732971191,14.475000381469727,14.475000381469727,6030,0.0,0.0
2024-10-17 13:20:00-04:00,14.475000381469727,14.479999542236328,14.449999809265137,14.449999809265137,2332,0.0,0.0
2024-10-17 13:25:00-04:00,14.454999923706055,14.5,14.454999923706055,14.494999885559082,5362,0.0,0.0
2024-10-17 13:30:00-04:00,14.5,14.505000114440918,14.484999656677246,14.484999656677246,4775,0.0,0.0
2024-10-17 13:35:00-04:00,14.489999771118164,14.489999771118164,14.470000267028809,14.484999656677246,3452,0.0,0.0
2024-10-17 13:40:00-04:00,14.479999542236328,14.479999542236328,14.460000038146973,14.479999542236328,4713,0.0,0.0
2024-10-17 13:45:00-04:00,14.484999656677246,14.5,14.475000381469727,14.475000381469727,4289,0.0,0.0
2024-10-17 13:50:00-04:00,14.475000381469727,14.484999656677246,14.449999809265137,14.46500015258789,8784,0.0,0.0
2024-10-17 13:55:00-04:00,14.470000267028809,14.489999771118164,14.470000267028809,14.484999656677246,3883,0.0,0.0
2024-10-17 14:00:00-04:00,14.484999656677246,14.484999656677246,14.420000076293945,14.449999809265137,8072,0.0,0.0
2024-10-17 14:05:00-04:00,14.449999809265137,14.470000267028809,14.430000305175781,14.454999923706055,5036,0.0,0.0
2024-10-17 14:10:00-04:00,14.449999809265137,14.484999656677246,14.449999809265137,14.484999656677246,4026,0.0,0.0
2024-10-17 14:15:00-04:00,14.479999542236328,14.5,14.4399995803833,14.449999809265137,6093,0.0,0.0
2024-10-17 14:20:00-04:00,14.449999809265137,14.470000267028809,14.449999809265137,14.46500015258789,6188,0.0,0.0
2024-10-17 14:25:00-04:00,14.46500015258789,14.470000267028809,14.454999923706055,14.454999923706055,4478,0.0,0.0
2024-10-17 14:30:00-04:00,14.454999923706055,14.460000038146973,14.444999694824219,14.454999923706055,5114,0.0,0.0
2024-10-17 14:35:00-04:00,14.460000038146973,14.460000038146973,14.430000305175781,14.4399995803833,8903,0.0,0.0
2024-10-17 14:40:00-04:00,14.4399995803833,14.444999694824219,14.420000076293945,14.4350004196167,8593,0.0,0.0
2024-10-17 14:45:00-04:00,14.4399995803833,14.444999694824219,14.430000305175781,14.444999694824219,6644,0.0,0.0
2024-10-17 14:50:00-04:00,14.4399995803833,14.470000267028809,14.4399995803833,14.470000267028809,9586,0.0,0.0
2024-10-17 14:55:00-04:00,14.470000267028809,14.489999771118164,14.46500015258789,14.484999656677246,8431,0.0,0.0
2024-10-17 15:00:00-04:00,14.484999656677246,14.5,14.475000381469727,14.494999885559082,11580,0.0,0.0
2024-10-17 15:05:00-04:00,14.484999656677246,14.520000457763672,14.479999542236328,14.520000457763672,12446,0.0,0.0
2024-10-17 15:10:00-04:00,14.515000343322754,14.539999961853027,14.505000114440918,14.53499984741211,8887,0.0,0.0
2024-10-17 15:15:00-04:00,14.53499984741211,14.53499984741211,14.510000228881836,14.515000343322754,6812,0.0,0.0
2024-10-17 15:20:00-04:00,14.515000343322754,14.520000457763672,14.5,14.510000228881836,11189,0.0,0.0
2024-10-17 15:25:00-04:00,14.505000114440918,14.539999961853027,14.505000114440918,14.520000457763672,15389,0.0,0.0
2024-10-17 15:30:00-04:00,14.520000457763672,14.529999732971191,14.470000267028809,14.489999771118164,26890,0.0,0.0
2024-10-17 15:35:00-04:00,14.489999771118164,14.529999732971191,14.484999656677246,14.515000343322754,28853,0.0,0.0
2024-10-17 15:40:00-04:00,14.515000343322754,14.515000343322754,14.489999771118164,14.505000114440918,20506,0.0,0.0
2024-10-17 15:45:00-04:00,14.505000114440918,14.569999694824219,14.5,14.510000228881836,34580,0.0,0.0
2024-10-17 15:50:00-04:00,14.5,14.510000228881836,14.470000267028809,14.494999885559082,51907,0.0,0.0
2024-10-17 15:55:00-04:00,14.494999885559082,14.579999923706055,14.484999656677246,14.569999694824219,136245,0.0,0.0
2024-10-18 09:30:00-04:00,14.720000267028809,14.930000305175781,14.720000267028809,14.765000343322754,66261,0.0,0.0
2024-10-18 09:35:00-04:00,14.739999771118164,14.760000228881836,14.670000076293945,14.760000228881836,8698,0.0,0.0
2024-10-18 09:40:00-04:00,14.720000267028809,14.739999771118164,14.680000305175781,14.6850004196167,5253,0.0,0.0
2024-10-18 09:45:00-04:00,14.65999984741211,14.729999542236328,14.65999984741211,14.699999809265137,4415,0.0,0.0
2024-10-18 09:50:00-04:00,14.6850004196167,14.710000038146973,14.645000457763672,14.670000076293945,11319,0.0,0.0
2024-10-18 09:55:00-04:00,14.649999618530273,14.65999984741211,14.535200119018555,14.550000190734863,13475,0.0,0.0
2024-10-18 10:00:00-04:00,14.550000190734863,14.579999923706055,14.520000457763672,14.579999923706055,7954,0.0,0.0
2024-10-18 10:05:00-04:00,14.579999923706055,14.579999923706055,14.484999656677246,14.524999618530273,8148,0.0,0.0
2024-10-18 10:10:00-04:00,14.510000228881836,14.510000228881836,14.420000076293945,14.4350004196167,14089,0.0,0.0
2024-10-18 10:15:00-04:00,14.430000305175781,14.484999656677246,14.420000076293945,14.454999923706055,3644,0.0,0.0
2024-10-18 10:20:00-04:00,14.470000267028809,14.475000381469727,14.4399995803833,14.454999923706055,5907,0.0,0.0
2024-10-18 10:25:00-04:00,14.470000267028809,14.510000228881836,14.454999923706055,14.489999771118164,3603,0.0,0.0
2024-10-18 10:30:00-04:00,14.479999542236328,14.529999732971191,14.479999542236328,14.529999732971191,3427,0.0,0.0
2024-10-18 10:35:00-04:00,14.520000457763672,14.529999732971191,14.489999771118164,14.489999771118164,3564,0.0,0.0
2024-10-18 10:40:00-04:00,14.489999771118164,14.510000228881836,14.489999771118164,14.510000228881836,3455,0.0,0.0
2024-10-18 10:45:00-04:00,14.529999732971191,14.529999732971191,14.479999542236328,14.484999656677246,2890,0.0,0.0
2024-10-18 10:50:00-04:00,14.484999656677246,14.529999732971191,14.479999542236328,14.520000457763672,5233,0.0,0.0
2024-10-18 10:55:00-04:00,14.520000457763672,14.520000457763672,14.510000228881836,14.510000228881836,4286,0.0,0.0
2024-10-18 11:00:00-04:00,14.489999771118164,14.489999771118164,14.449999809265137,14.449999809265137,2034,0.0,0.0
2024-10-18 11:05:00-04:00,14.46500015258789,14.5,14.46500015258789,14.479999542236328,9406,0.0,0.0
2024-10-18 11:10:00-04:00,14.484999656677246,14.505000114440918,14.475000381469727,14.475000381469727,28272,0.0,0.0
2024-10-18 11:15:00-04:00,14.475000381469727,14.479999542236328,14.449999809265137,14.479999542236328,3066,0.0,0.0
2024-10-18 11:20:00-04:00,14.479999542236328,14.479999542236328,14.449999809265137,14.449999809265137,4142,0.0,0.0
2024-10-18 11:25:00-04:00,14.4399995803833,14.484999656677246,14.4399995803833,14.484999656677246,22924,0.0,0.0
2024-10-18 11:30:00-04:00,14.470000267028809,14.510000228881836,14.4399995803833,14.454999923706055,5250,0.0,0.0
2024-10-18 11:35:00-04:00,14.454999923706055,14.489999771118164,14.454999923706055,14.489999771118164,3746,0.0,0.0
2024-10-18 11:40:00-04:00,14.489999771118164,14.5,14.489999771118164,14.489999771118164,2781,0.0,0.0
2024-10-18 11:45:00-04:00,14.484999656677246,14.484999656677246,14.46500015258789,14.475000381469727,3315,0.0,0.0
2024-10-18 11:50:00-04:00,14.470000267028809,14.475000381469727,14.420000076293945,14.420000076293945,3020,0.0,0.0
2024-10-18 11:55:00-04:00,14.4399995803833,14.4399995803833,14.430000305175781,14.430000305175781,1216,0.0,0.0
2024-10-18 12:00:00-04:00,14.4399995803833,14.460000038146973,14.4350004196167,14.449999809265137,4338,0.0,0.0
2024-10-18 12:05:00-04:00,14.454999923706055,14.470000267028809,14.449999809265137,14.470000267028809,2572,0.0,0.0
2024-10-18 12:10:00-04:00,14.460000038146973,14.470000267028809,14.454999923706055,14.470000267028809,1969,0.0,0.0
2024-10-18 12:15:00-04:00,14.479999542236328,14.5,14.479999542236328,14.5,3180,0.0,0.0
2024-10-18 12:20:00-04:00,14.489999771118164,14.494999885559082,14.484999656677246,14.489999771118164,2623,0.0,0.0
2024-10-18 12:25:00-04:00,14.5,14.520000457763672,14.5,14.520000457763672,1591,0.0,0.0
2024-10-18 12:30:00-04:00,14.505000114440918,14.515000343322754,14.494999885559082,14.510000228881836,5106,0.0,0.0
2024-10-18 12:35:00-04:00,14.510000228881836,14.520000457763672,14.510000228881836,14.510000228881836,2220,0.0,0.0
2024-10-18 12:40:00-04:00,14.505000114440918,14.520000457763672,14.5,14.5,3631,0.0,0.0
2024-10-18 12:45:00-04:00,14.489999771118164,14.489999771118164,14.475000381469727,14.479999542236328,3077,0.0,0.0
2024-10-18 12:50:00-04:00,14.479999542236328,14.5,14.470000267028809,14.5,4832,0.0,0.0
2024-10-18 12:55:00-04:00,14.5,14.510000228881836,14.5,14.5,2356,0.0,0.0
2024-10-18 13:00:00-04:00,14.494999885559082,14.494999885559082,14.460000038146973,14.460000038146973,1577,0.0,0.0
2024-10-18 13:05:00-04:00,14.470000267028809,14.479999542236328,14.470000267028809,14.479999542236328,703,0.0,0.0
2024-10-18 13:10:00-04:00,14.479999542236328,14.520000457763672,14.479999542236328,14.520000457763672,3644,0.0,0.0
2024-10-18 13:15:00-04:00,14.510000228881836,14.510000228881836,14.460000038146973,14.460000038146973,3047,0.0,0.0
2024-10-18 13:20:00-04:00,14.460000038146973,14.470000267028809,14.460000038146973,14.470000267028809,1064,0.0,0.0
2024-10-18 13:25:00-04:00,14.470000267028809,14.475000381469727,14.4399995803833,14.470000267028809,4379,0.0,0.0
2024-10-18 13:30:00-04:00,14.470000267028809,14.489999771118164,14.470000267028809,14.489999771118164,3709,0.0,0.0
2024-10-18 13:35:00-04:00,14.489999771118164,14.5,14.489999771118164,14.5,1151,0.0,0.0
2024-10-18 13:40:00-04:00,14.489999771118164,14.489999771118164,14.481900215148926,14.481900215148926,1181,0.0,0.0
2024-10-18 13:45:00-04:00,14.479999542236328,14.479999542236328,14.470000267028809,14.470000267028809,4955,0.0,0.0
2024-10-18 13:50:00-04:00,14.470000267028809,14.470000267028809,14.470000267028809,14.470000267028809,409,0.0,0.0
2024-10-18 13:55:00-04:00,14.475000381469727,14.479999542236328,14.460000038146973,14.479999542236328,3762,0.0,0.0
2024-10-18 14:00:00-04:00,14.479999542236328,14.5,14.449999809265137,14.5,4170,0.0,0.0
2024-10-18 14:05:00-04:00,14.489999771118164,14.491800308227539,14.480899810791016,14.480899810791016,1103,0.0,0.0
2024-10-18 14:10:00-04:00,14.489999771118164,14.510000228881836,14.489999771118164,14.5,2909,0.0,0.0
2024-10-18 14:15:00-04:00,14.494999885559082,14.494999885559082,14.494999885559082,14.494999885559082,335,0.0,0.0
2024-10-18 14:20:00-04:00,14.5,14.505000114440918,14.479999542236328,14.505000114440918,5408,0.0,0.0
2024-10-18 14:25:00-04:00,14.510000228881836,14.510000228881836,14.489999771118164,14.489999771118164,2649,0.0,0.0
2024-10-18 14:30:00-04:00,14.479999542236328,14.479999542236328,14.460000038146973,14.460000038146973,1611,0.0,0.0
2024-10-18 14:35:00-04:00,14.460000038146973,14.460000038146973,14.4399995803833,14.449999809265137,6107,0.0,0.0
2024-10-18 14:40:00-04:00,14.460000038146973,14.484999656677246,14.460000038146973,14.479999542236328,4409,0.0,0.0
2024-10-18 14:45:00-04:00,14.479999542236328,14.479999542236328,14.460000038146973,14.479999542236328,4787,0.0,0.0
2024-10-18 14:50:00-04:00,14.479999542236328,14.479999542236328,14.454999923706055,14.454999923706055,2839,0.0,0.0
2024-10-18 14:55:00-04:00,14.45009994506836,14.450300216674805,14.449999809265137,14.449999809265137,3092,0.0,0.0
2024-10-18 15:00:00-04:00,14.449999809265137,14.460000038146973,14.430000305175781,14.430000305175781,20007,0.0,0.0
2024-10-18 15:05:00-04:00,14.420000076293945,14.4399995803833,14.414999961853027,14.4399995803833,5498,0.0,0.0
2024-10-18 15:10:00-04:00,14.4399995803833,14.4399995803833,14.420000076293945,14.420000076293945,3982,0.0,0.0
2024-10-18 15:15:00-04:00,14.430000305175781,14.4399995803833,14.430000305175781,14.430000305175781,3719,0.0,0.0
2024-10-18 15:20:00-04:00,14.420000076293945,14.420000076293945,14.399999618530273,14.399999618530273,5116,0.0,0.0
2024-10-18 15:25:00-04:00,14.40999984741211,14.425000190734863,14.40999984741211,14.425000190734863,3616,0.0,0.0
2024-10-18 15:30:00-04:00,14.430000305175781,14.430000305175781,14.390000343322754,14.390000343322754,5975,0.0,0.0
2024-10-18 15:35:00-04:00,14.390000343322754,14.399999618530273,14.380000114440918,14.390000343322754,5107,0.0,0.0
2024-10-18 15:40:00-04:00,14.391500473022461,14.430000305175781,14.385000228881836,14.414999961853027,12176,0.0,0.0
2024-10-18 15:45:00-04:00,14.414999961853027,14.420000076293945,14.380000114440918,14.388999938964844,69394,0.0,0.0
2024-10-18 15:50:00-04:00,14.380000114440918,14.430000305175781,14.369999885559082,14.430000305175781,27547,0.0,0.0
2024-10-18 15:55:00-04:00,14.4399995803833,14.449999809265137,14.369999885559082,14.380000114440918,67374,0.0,0.0
2024-10-21 09:30:00-04:00,14.34000015258789,14.350000381469727,14.109999656677246,14.25,24460,0.0,0.0
2024-10-21 09:35:00-04:00,14.289999961853027,14.289999961853027,14.260000228881836,14.270000457763672,2250,0.0,0.0
2024-10-21 09:40:00-04:00,14.210000038146973,14.239999771118164,14.1899995803833,14.1899995803833,2631,0.0,0.0
2024-10-21 09:45:00-04:00,14.1850004196167,14.260000228881836,14.1850004196167,14.260000228881836,2605,0.0,0.0
2024-10-21 09:50:00-04:00,14.260000228881836,14.265000343322754,14.170000076293945,14.170000076293945,4675,0.0,0.0
2024-10-21 09:55:00-04:00,14.199999809265137,14.199999809265137,14.170000076293945,14.175000190734863,2397,0.0,0.0
2024-10-21 10:00:00-04:00,14.15999984741211,14.15999984741211,14.109999656677246,14.119999885559082,4411,0.0,0.0
2024-10-21 10:05:00-04:00,14.119999885559082,14.130000114440918,14.069999694824219,14.09000015258789,7457,0.0,0.0
2024-10-21 10:10:00-04:00,14.085000038146973,14.109999656677246,14.0600004196167,14.0649995803833,5526,0.0,0.0
2024-10-21 10:15:00-04:00,14.052499771118164,14.052499771118164,14.020000457763672,14.029999732971191,6057,0.0,0.0
2024-10-21 10:20:00-04:00,14.029999732971191,14.050000190734863,13.994999885559082,14.050000190734863,9597,0.0,0.0
2024-10-21 10:25:00-04:00,14.039999961853027,14.039999961853027,13.989999771118164,13.989999771118164,4578,0.0,0.0
2024-10-21 10:30:00-04:00,13.970000267028809,13.984999656677246,13.9399995803833,13.954999923706055,3268,0.0,0.0
2024-10-21 10:35:00-04:00,13.970000267028809,13.970000267028809,13.9399995803833,13.960000038146973,4407,0.0,0.0
2024-10-21 10:40:00-04:00,13.960000038146973,13.967399597167969,13.930000305175781,13.954999923706055,5888,0.0,0.0
2024-10-21 10:45:00-04:00,13.930000305175781,13.944999694824219,13.899999618530273,13.899999618530273,2752,0.0,0.0
2024-10-21 10:50:00-04:00,13.890000343322754,13.90999984741211,13.875,13.90999984741211,6553,0.0,0.0
2024-10-21 10:55:00-04:00,13.90999984741211,13.920000076293945,13.90999984741211,13.90999984741211,4694,0.0,0.0
2024-10-21 11:00:00-04:00,13.90999984741211,13.90999984741211,13.850000381469727,13.864999771118164,3034,0.0,0.0
2024-10-21 11:05:00-04:00,13.859999656677246,13.890000343322754,13.859999656677246,13.859999656677246,29175,0.0,0.0
2024-10-21 11:10:00-04:00,13.85420036315918,13.9350004196167,13.85420036315918,13.890000343322754,8100,0.0,0.0
2024-10-21 11:15:00-04:00,13.895000457763672,13.895000457763672,13.850000381469727,13.864999771118164,2438,0.0,0.0
2024-10-21 11:20:00-04:00,13.859999656677246,13.875,13.8100004196167,13.819999694824219,8987,0.0,0.0
2024-10-21 11:25:00-04:00,13.8100004196167,13.819999694824219,13.78499984741211,13.78499984741211,4242,0.0,0.0
2024-10-21 11:30:00-04:00,13.779999732971191,13.789999961853027,13.779999732971191,13.789999961853027,2890,0.0,0.0
2024-10-21 11:35:00-04:00,13.800000190734863,13.805000305175781,13.789999961853027,13.789999961853027,2591,0.0,0.0
2024-10-21 11:40:00-04:00,13.8100004196167,13.84000015258789,13.8100004196167,13.829999923706055,5619,0.0,0.0
2024-10-21 11:45:00-04:00,13.84000015258789,13.850000381469727,13.829999923706055,13.84000015258789,8091,0.0,0.0
2024-10-21 11:50:00-04:00,13.84000015258789,13.84000015258789,13.829999923706055,13.84000015258789,3319,0.0,0.0
2024-10-21 11:55:00-04:00,13.829999923706055,13.84000015258789,13.829999923706055,13.84000015258789,1972,0.0,0.0
2024-10-21 12:00:00-04:00,13.84000015258789,13.84000015258789,13.8149995803833,13.8149995803833,4294,0.0,0.0
2024-10-21 12:05:00-04:00,13.8100004196167,13.845000267028809,13.8100004196167,13.845000267028809,4437,0.0,0.0
2024-10-21 12:10:00-04:00,13.850000381469727,13.850000381469727,13.779999732971191,13.779999732971191,7805,0.0,0.0
2024-10-21 12:15:00-04:00,13.789999961853027,13.819999694824219,13.779999732971191,13.819999694824219,6006,0.0,0.0
2024-10-21 12:20:00-04:00,13.823200225830078,13.824999809265137,13.800000190734863,13.8100004196167,3499,0.0,0.0
2024-10-21 12:25:00-04:00,13.8100004196167,13.8100004196167,13.779999732971191,13.789999961853027,4640,0.0,0.0
2024-10-21 12:30:00-04:00,13.78499984741211,13.78499984741211,13.720000267028809,13.760000228881836,12912,0.0,0.0
2024-10-21 12:35:00-04:00,13.760000228881836,13.774999618530273,13.760000228881836,13.770000457763672,5047,0.0,0.0
2024-10-21 12:40:00-04:00,13.770000457763672,13.779999732971191,13.770000457763672,13.779999732971191,1840,0.0,0.0
2024-10-21 12:45:00-04:00,13.770000457763672,13.779999732971191,13.75,13.779999732971191,7123,0.0,0.0
2024-10-21 12:50:00-04:00,13.789999961853027,13.84000015258789,13.789999961853027,13.84000015258789,5702,0.0,0.0
2024-10-21 12:55:00-04:00,13.84000015258789,13.850000381469727,13.819999694824219,13.819999694824219,3056,0.0,0.0
2024-10-21 13:00:00-04:00,13.819999694824219,13.819999694824219,13.800000190734863,13.8100004196167,1970,0.0,0.0
2024-10-21 13:05:00-04:00,13.8100004196167,13.850000381469727,13.8100004196167,13.850000381469727,2871,0.0,0.0
2024-10-21 13:10:00-04:00,13.850000381469727,13.850000381469727,13.84000015258789,13.845000267028809,1827,0.0,0.0
2024-10-21 13:15:00-04:00,13.843299865722656,13.845000267028809,13.829999923706055,13.829999923706055,3504,0.0,0.0
2024-10-21 13:20:00-04:00,13.84000015258789,13.880000114440918,13.84000015258789,13.875,5154,0.0,0.0
2024-10-21 13:25:00-04:00,13.869999885559082,13.869999885559082,13.819999694824219,13.829999923706055,14894,0.0,0.0
2024-10-21 13:30:00-04:00,13.829999923706055,13.850000381469727,13.819999694824219,13.84000015258789,6496,0.0,0.0
2024-10-21 13:35:00-04:00,13.859999656677246,13.859999656677246,13.800000190734863,13.8149995803833,5514,0.0,0.0
2024-10-21 13:40:00-04:00,13.8100004196167,13.8100004196167,13.8100004196167,13.8100004196167,899,0.0,0.0
2024-10-21 13:45:00-04:00,13.8100004196167,13.8100004196167,13.789999961853027,13.800000190734863,4945,0.0,0.0
2024-10-21 13:50:00-04:00,13.800000190734863,13.8100004196167,13.789999961853027,13.789999961853027,5618,0.0,0.0
2024-10-21 13:55:00-04:00,13.786399841308594,13.800000190734863,13.78499984741211,13.789999961853027,12567,0.0,0.0
2024-10-21 14:00:00-04:00,13.789999961853027,13.805000305175781,13.779999732971191,13.800000190734863,3901,0.0,0.0
2024-10-21 14:05:00-04:00,13.795000076293945,13.795000076293945,13.779999732971191,13.779999732971191,4833,0.0,0.0
2024-10-21 14:10:00-04:00,13.779999732971191,13.8100004196167,13.729999542236328,13.755000114440918,19458,0.0,0.0
2024-10-21 14:15:00-04:00,13.755000114440918,13.760000228881836,13.680000305175781,13.6899995803833,13587,0.0,0.0
2024-10-21 14:20:00-04:00,13.694999694824219,13.734999656677246,13.694999694824219,13.710000038146973,10119,0.0,0.0
2024-10-21 14:25:00-04:00,13.719900131225586,13.739999771118164,13.710000038146973,13.720000267028809,7378,0.0,0.0
2024-10-21 14:30:00-04:00,13.720000267028809,13.720000267028809,13.6899995803833,13.699999809265137,7382,0.0,0.0
2024-10-21 14:35:00-04:00,13.670000076293945,13.694999694824219,13.65999984741211,13.65999984741211,7500,0.0,0.0
2024-10-21 14:40:00-04:00,13.65999984741211,13.680000305175781,13.65999984741211,13.675000190734863,5258,0.0,0.0
2024-10-21 14:45:00-04:00,13.673999786376953,13.699999809265137,13.673999786376953,13.6899995803833,4846,0.0,0.0
2024-10-21 14:50:00-04:00,13.6899995803833,13.692700386047363,13.680000305175781,13.6850004196167,2995,0.0,0.0
2024-10-21 14:55:00-04:00,13.6850004196167,13.6850004196167,13.630000114440918,13.645000457763672,11811,0.0,0.0
2024-10-21 15:00:00-04:00,13.649999618530273,13.664999961853027,13.649999618530273,13.664999961853027,3391,0.0,0.0
2024-10-21 15:05:00-04:00,13.670000076293945,13.680000305175781,13.670000076293945,13.680000305175781,3938,0.0,0.0
2024-10-21 15:10:00-04:00,13.680000305175781,13.680000305175781,13.65999984741211,13.670000076293945,7404,0.0,0.0
2024-10-21 15:15:00-04:00,13.675000190734863,13.6899995803833,13.670000076293945,13.6850004196167,3903,0.0,0.0
2024-10-21 15:20:00-04:00,13.6850004196167,13.694999694824219,13.680000305175781,13.6850004196167,18394,0.0,0.0
2024-10-21 15:25:00-04:00,13.6850004196167,13.6899995803833,13.670000076293945,13.670000076293945,5295,0.0,0.0
2024-10-21 15:30:00-04:00,13.675000190734863,13.694999694824219,13.675000190734863,13.694999694824219,13023,0.0,0.0
2024-10-21 15:35:00-04:00,13.699999809265137,13.720000267028809,13.699999809265137,13.720000267028809,6847,0.0,0.0
2024-10-21 15:40:00-04:00,13.720000267028809,13.720000267028809,13.675000190734863,13.6850004196167,16346,0.0,0.0
2024-10-21 15:45:00-04:00,13.682100296020508,13.699999809265137,13.680000305175781,13.694999694824219,23049,0.0,0.0
2024-10-21 15:50:00-04:00,13.699999809265137,13.699999809265137,13.609999656677246,13.649999618530273,54594,0.0,0.0
2024-10-21 15:55:00-04:00,13.649999618530273,13.664999961853027,13.600000381469727,13.609999656677246,131696,0.0,0.0
2024-10-22 09:30:00-04:00,13.489999771118164,13.53499984741211,13.399999618530273,13.399999618530273,13032,0.0,0.0
2024-10-22 09:35:00-04:00,13.40999984741211,13.5,13.399999618530273,13.479999542236328,7525,0.0,0.0
2024-10-22 09:40:00-04:00,13.470000267028809,13.470000267028809,13.390000343322754,13.399999618530273,4457,0.0,0.0
2024-10-22 09:45:00-04:00,13.40999984741211,13.40999984741211,13.399999618530273,13.40999984741211,3273,0.0,0.0
2024-10-22 09:50:00-04:00,13.399999618530273,13.399999618530273,13.369999885559082,13.390000343322754,6787,0.0,0.0
2024-10-22 09:55:00-04:00,13.40999984741211,13.40999984741211,13.289999961853027,13.359999656677246,11667,0.0,0.0
2024-10-22 10:00:00-04:00,13.369999885559082,13.369999885559082,13.3149995803833,13.34000015258789,2578,0.0,0.0
2024-10-22 10:05:00-04:00,13.3100004196167,13.329999923706055,13.289999961853027,13.3100004196167,8706,0.0,0.0
2024-10-22 10:10:00-04:00,13.3100004196167,13.319999694824219,13.260000228881836,13.270000457763672,10351,0.0,0.0
2024-10-22 10:15:00-04:00,13.279999732971191,13.3100004196167,13.279999732971191,13.300000190734863,7218,0.0,0.0
2024-10-22 10:20:00-04:00,13.300000190734863,13.329999923706055,13.289999961853027,13.300000190734863,3663,0.0,0.0
2024-10-22 10:25:00-04:00,13.295000076293945,13.295000076293945,13.270000457763672,13.279999732971191,4905,0.0,0.0
2024-10-22 10:30:00-04:00,13.279999732971191,13.3100004196167,13.270000457763672,13.3100004196167,4247,0.0,0.0
2024-10-22 10:35:00-04:00,13.319999694824219,13.359999656677246,13.319999694824219,13.329999923706055,7118,0.0,0.0
2024-10-22 10:40:00-04:00,13.319999694824219,13.350000381469727,13.3100004196167,13.350000381469727,4821,0.0,0.0
2024-10-22 10:45:00-04:00,13.359999656677246,13.380000114440918,13.359999656677246,13.380000114440918,6059,0.0,0.0
2024-10-22 10:50:00-04:00,13.380000114440918,13.380000114440918,13.319999694824219,13.345000267028809,11389,0.0,0.0
2024-10-22 10:55:00-04:00,13.350000381469727,13.364999771118164,13.319999694824219,13.350000381469727,5175,0.0,0.0
2024-10-22 11:00:00-04:00,13.34000015258789,13.34000015258789,13.300000190734863,13.300000190734863,3703,0.0,0.0
2024-10-22 11:05:00-04:00,13.305000305175781,13.319999694824219,13.260000228881836,13.319999694824219,17200,0.0,0.0
2024-10-22 11:10:00-04:00,13.329999923706055,13.375,13.329999923706055,13.354999542236328,3834,0.0,0.0
2024-10-22 11:15:00-04:00,13.35200023651123,13.390000343322754,13.350000381469727,13.380000114440918,7447,0.0,0.0
2024-10-22 11:20:00-04:00,13.359999656677246,13.399999618530273,13.359999656677246,13.380000114440918,5233,0.0,0.0
2024-10-22 11:25:00-04:00,13.390000343322754,13.399999618530273,13.380000114440918,13.399999618530273,3384,0.0,0.0
2024-10-22 11:30:00-04:00,13.40999984741211,13.40999984741211,13.380000114440918,13.380000114440918,2309,0.0,0.0
2024-10-22 11:35:00-04:00,13.390000343322754,13.390000343322754,13.369999885559082,13.369999885559082,4113,0.0,0.0
2024-10-22 11:40:00-04:00,13.369999885559082,13.369999885559082,13.354999542236328,13.359999656677246,3912,0.0,0.0
2024-10-22 11:45:00-04:00,13.359999656677246,13.380000114440918,13.354999542236328,13.359999656677246,5684,0.0,0.0
2024-10-22 11:50:00-04:00,13.369999885559082,13.369999885559082,13.369999885559082,13.369999885559082,1406,0.0,0.0
2024-10-22 11:55:00-04:00,13.369999885559082,13.369999885559082,13.350000381469727,13.354999542236328,2843,0.0,0.0
2024-10-22 12:00:00-04:00,13.350000381469727,13.380000114440918,13.34000015258789,13.380000114440918,9493,0.0,0.0
2024-10-22 12:05:00-04:00,13.369999885559082,13.369999885559082,13.359999656677246,13.369999885559082,2716,0.0,0.0
2024-10-22 12:10:00-04:00,13.359999656677246,13.385000228881836,13.359999656677246,13.385000228881836,4962,0.0,0.0
2024-10-22 12:15:00-04:00,13.385000228881836,13.390000343322754,13.385000228881836,13.390000343322754,1851,0.0,0.0
2024-10-22 12:20:00-04:00,13.385000228881836,13.390000343322754,13.369999885559082,13.380000114440918,6652,0.0,0.0
2024-10-22 12:25:00-04:00,13.380000114440918,13.389800071716309,13.380000114440918,13.380000114440918,3726,0.0,0.0
2024-10-22 12:30:00-04:00,13.369999885559082,13.430000305175781,13.369999885559082,13.420000076293945,13044,0.0,0.0
2024-10-22 12:35:00-04:00,13.414999961853027,13.420000076293945,13.414999961853027,13.420000076293945,1065,0.0,0.0
2024-10-22 12:40:00-04:00,13.420000076293945,13.430000305175781,13.420000076293945,13.420000076293945,2685,0.0,0.0
2024-10-22 12:45:00-04:00,13.430000305175781,13.449999809265137,13.430000305175781,13.4350004196167,5590,0.0,0.0
2024-10-22 12:50:00-04:00,13.430000305175781,13.449999809265137,13.430000305175781,13.4399995803833,10040,0.0,0.0
2024-10-22 12:55:00-04:00,13.430000305175781,13.4399995803833,13.430000305175781,13.4350004196167,2754,0.0,0.0
2024-10-22 13:00:00-04:00,13.4399995803833,13.489999771118164,13.4350004196167,13.489999771118164,4629,0.0,0.0
2024-10-22 13:05:00-04:00,13.489999771118164,13.489999771118164,13.460000038146973,13.470000267028809,2054,0.0,0.0
2024-10-22 13:10:00-04:00,13.46500015258789,13.46500015258789,13.420000076293945,13.420000076293945,4837,0.0,0.0
2024-10-22 13:15:00-04:00,13.420000076293945,13.420000076293945,13.40999984741211,13.420000076293945,1114,0.0,0.0
2024-10-22 13:20:00-04:00,13.40999984741211,13.430000305175781,13.40999984741211,13.430000305175781,2991,0.0,0.0
2024-10-22 13:25:00-04:00,13.425000190734863,13.43529987335205,13.420000076293945,13.43529987335205,3605,0.0,0.0
2024-10-22 13:30:00-04:00,13.430000305175781,13.444999694824219,13.430000305175781,13.430000305175781,5985,0.0,0.0
2024-10-22 13:35:00-04:00,13.4399995803833,13.444999694824219,13.4350004196167,13.4399995803833,4416,0.0,0.0
2024-10-22 13:40:00-04:00,13.444999694824219,13.449999809265137,13.4399995803833,13.4399995803833,6242,0.0,0.0
2024-10-22 13:45:00-04:00,13.4399995803833,13.4399995803833,13.399999618530273,13.399999618530273,13179,0.0,0.0
2024-10-22 13:50:00-04:00,13.399999618530273,13.40999984741211,13.380000114440918,13.40999984741211,7792,0.0,0.0
2024-10-22 13:55:00-04:00,13.420000076293945,13.420000076293945,13.414999961853027,13.414999961853027,1900,0.0,0.0
2024-10-22 14:00:00-04:00,13.420000076293945,13.449999809265137,13.420000076293945,13.449999809265137,4492,0.0,0.0
2024-10-22 14:05:00-04:00,13.449999809265137,13.449999809265137,13.40999984741211,13.420000076293945,7374,0.0,0.0
2024-10-22 14:10:00-04:00,13.414999961853027,13.420000076293945,13.399999618530273,13.399999618530273,2357,0.0,0.0
2024-10-22 14:15:00-04:00,13.404999732971191,13.420000076293945,13.404999732971191,13.420000076293945,5866,0.0,0.0
2024-10-22 14:20:00-04:00,13.399999618530273,13.399999618530273,13.380000114440918,13.385000228881836,3095,0.0,0.0
2024-10-22 14:25:00-04:00,13.380000114440918,13.390000343322754,13.359999656677246,13.369999885559082,7922,0.0,0.0
2024-10-22 14:30:00-04:00,13.375,13.375,13.369999885559082,13.369999885559082,1995,0.0,0.0
2024-10-22 14:35:00-04:00,13.369999885559082,13.375,13.359999656677246,13.375,2901,0.0,0.0
2024-10-22 14:40:00-04:00,13.369999885559082,13.369999885559082,13.354999542236328,13.359999656677246,4087,0.0,0.0
2024-10-22 14:45:00-04:00,13.359999656677246,13.359999656677246,13.350000381469727,13.350000381469727,6337,0.0,0.0
2024-10-22 14:50:00-04:00,13.350000381469727,13.359999656677246,13.34000015258789,13.354999542236328,5217,0.0,0.0
2024-10-22 14:55:00-04:00,13.354999542236328,13.369999885559082,13.335000038146973,13.335000038146973,6051,0.0,0.0
2024-10-22 15:00:00-04:00,13.329999923706055,13.340100288391113,13.319999694824219,13.329999923706055,10312,0.0,0.0
2024-10-22 15:05:00-04:00,13.329999923706055,13.350000381469727,13.329999923706055,13.34000015258789,5953,0.0,0.0
2024-10-22 15:10:00-04:00,13.34000015258789,13.369999885559082,13.34000015258789,13.369999885559082,8014,0.0,0.0
2024-10-22 15:15:00-04:00,13.369999885559082,13.399999618530273,13.360799789428711,13.399999618530273,7433,0.0,0.0
2024-10-22 15:20:00-04:00,13.395099639892578,13.40999984741211,13.395000457763672,13.395000457763672,7243,0.0,0.0
2024-10-22 15:25:00-04:00,13.399999618530273,13.399999618530273,13.369999885559082,13.375,9320,0.0,0.0
2024-10-22 15:30:00-04:00,13.380000114440918,13.385000228881836,13.350000381469727,13.350000381469727,20946,0.0,0.0
2024-10-22 15:35:00-04:00,13.345000267028809,13.390000343322754,13.345000267028809,13.369999885559082,20296,0.0,0.0
2024-10-22 15:40:00-04:00,13.375,13.399999618530273,13.359999656677246,13.39900016784668,13630,0.0,0.0
2024-10-22 15:45:00-04:00,13.395000457763672,13.4350004196167,13.395000457763672,13.4350004196167,14721,0.0,0.0
2024-10-22 15:50:00-04:00,13.430000305175781,13.470000267028809,13.430000305175781,13.4399995803833,43653,0.0,0.0
2024-10-22 15:55:00-04:00,13.444999694824219,13.449999809265137,13.390000343322754,13.399999618530273,175063,0.0,0.0
2024-10-23 09:30:00-04:00,13.289999961853027,13.350000381469727,13.260000228881836,13.319999694824219,7265,0.0,0.0
2024-10-23 09:35:00-04:00,13.279999732971191,13.279999732971191,13.210000038146973,13.210000038146973,6808,0.0,0.0
2024-10-23 09:40:00-04:00,13.239999771118164,13.260000228881836,13.239999771118164,13.25,3438,0.0,0.0
2024-10-23 09:45:00-04:00,13.300000190734863,13.3100004196167,13.300000190734863,13.3100004196167,1238,0.0,0.0
2024-10-23 09:50:00-04:00,13.319999694824219,13.319999694824219,13.279999732971191,13.279999732971191,1682,0.0,0.0
2024-10-23 09:55:00-04:00,13.300000190734863,13.300000190734863,13.279999732971191,13.289999961853027,2530,0.0,0.0
2024-10-23 10:00:00-04:00,13.289999961853027,13.359999656677246,13.289999961853027,13.359999656677246,3525,0.0,0.0
2024-10-23 10:05:00-04:00,13.34000015258789,13.34000015258789,13.300000190734863,13.329999923706055,6860,0.0,0.0
2024-10-23 10:10:00-04:00,13.34000015258789,13.34000015258789,13.279999732971191,13.279999732971191,2418,0.0,0.0
2024-10-23 10:15:00-04:00,13.28499984741211,13.300000190734863,13.270000457763672,13.279999732971191,3472,0.0,0.0
2024-10-23 10:20:00-04:00,13.289999961853027,13.319999694824219,13.279999732971191,13.319999694824219,2919,0.0,0.0
2024-10-23 10:25:00-04:00,13.3149995803833,13.350000381469727,13.30109977722168,13.34000015258789,3370,0.0,0.0
2024-10-23 10:30:00-04:00,13.34000015258789,13.34000015258789,13.300000190734863,13.3100004196167,3685,0.0,0.0
2024-10-23 10:35:00-04:00,13.319999694824219,13.34000015258789,13.3100004196167,13.34000015258789,3180,0.0,0.0
2024-10-23 10:40:00-04:00,13.329999923706055,13.329999923706055,13.3100004196167,13.319999694824219,2959,0.0,0.0
2024-10-23 10:45:00-04:00,13.319999694824219,13.319999694824219,13.3100004196167,13.319999694824219,2966,0.0,0.0
2024-10-23 10:50:00-04:00,13.329999923706055,13.335000038146973,13.305000305175781,13.3100004196167,3511,0.0,0.0
2024-10-23 10:55:00-04:00,13.319999694824219,13.321599960327148,13.319999694824219,13.319999694824219,2588,0.0,0.0
2024-10-23 11:00:00-04:00,13.319999694824219,13.319999694824219,13.3100004196167,13.319999694824219,1931,0.0,0.0
2024-10-23 11:05:00-04:00,13.319999694824219,13.319999694824219,13.300000190734863,13.319999694824219,3765,0.0,0.0
2024-10-23 11:10:00-04:00,13.3100004196167,13.3100004196167,13.300000190734863,13.3100004196167,5275,0.0,0.0
2024-10-23 11:15:00-04:00,13.319999694824219,13.319999694824219,13.265000343322754,13.300000190734863,67740,0.0,0.0
2024-10-23 11:20:00-04:00,13.300000190734863,13.300000190734863,13.295000076293945,13.300000190734863,1207,0.0,0.0
2024-10-23 11:25:00-04:00,13.289999961853027,13.289999961853027,13.270000457763672,13.270000457763672,2241,0.0,0.0
2024-10-23 11:30:00-04:00,13.270000457763672,13.289999961853027,13.270000457763672,13.279999732971191,4206,0.0,0.0
2024-10-23 11:35:00-04:00,13.279999732971191,13.3100004196167,13.279999732971191,13.289999961853027,4576,0.0,0.0
2024-10-23 11:40:00-04:00,13.300000190734863,13.329999923706055,13.270000457763672,13.324999809265137,18998,0.0,0.0
2024-10-23 11:45:00-04:00,13.329999923706055,13.34000015258789,13.329999923706055,13.34000015258789,4018,0.0,0.0
2024-10-23 11:50:00-04:00,13.350000381469727,13.369999885559082,13.34000015258789,13.369999885559082,3223,0.0,0.0
2024-10-23 11:55:00-04:00,13.369999885559082,13.390000343322754,13.369999885559082,13.390000343322754,2732,0.0,0.0
2024-10-23 12:00:00-04:00,13.385000228881836,13.399999618530273,13.350000381469727,13.359999656677246,5336,0.0,0.0
2024-10-23 12:05:00-04:00,13.359999656677246,13.359999656677246,13.319999694824219,13.324999809265137,3052,0.0,0.0
2024-10-23 12:10:00-04:00,13.329999923706055,13.34000015258789,13.300000190734863,13.3100004196167,3650,0.0,0.0
2024-10-23 12:15:00-04:00,13.3100004196167,13.329999923706055,13.300000190734863,13.329999923706055,3701,0.0,0.0
2024-10-23 12:20:00-04:00,13.329999923706055,13.329999923706055,13.319999694824219,13.319999694824219,1948,0.0,0.0
2024-10-23 12:25:00-04:00,13.319999694824219,13.329999923706055,13.319999694824219,13.329999923706055,2942,0.0,0.0
2024-10-23 12:30:00-04:00,13.319999694824219,13.319999694824219,13.3100004196167,13.319999694824219,3748,0.0,0.0
2024-10-23 12:35:00-04:00,13.329999923706055,13.359999656677246,13.329999923706055,13.354999542236328,7472,0.0,0.0
2024-10-23 12:40:00-04:00,13.359999656677246,13.369999885559082,13.359999656677246,13.359999656677246,3319,0.0,0.0
2024-10-23 12:45:00-04:00,13.354999542236328,13.354999542236328,13.350000381469727,13.350000381469727,1565,0.0,0.0
2024-10-23 12:50:00-04:00,13.350000381469727,13.359999656677246,13.34000015258789,13.350000381469727,5576,0.0,0.0
2024-10-23 12:55:00-04:00,13.350000381469727,13.380000114440918,13.350000381469727,13.350000381469727,4132,0.0,0.0
2024-10-23 13:00:00-04:00,13.350000381469727,13.359999656677246,13.34000015258789,13.34000015258789,4883,0.0,0.0
2024-10-23 13:05:00-04:00,13.34000015258789,13.359999656677246,13.335000038146973,13.335000038146973,4808,0.0,0.0
2024-10-23 13:10:00-04:00,13.335000038146973,13.34000015258789,13.3100004196167,13.3100004196167,4121,0.0,0.0
2024-10-23 13:15:00-04:00,13.3149995803833,13.319999694824219,13.3100004196167,13.3100004196167,1813,0.0,0.0
2024-10-23 13:20:00-04:00,13.3100004196167,13.329999923706055,13.279999732971191,13.329999923706055,24601,0.0,0.0
2024-10-23 13:25:00-04:00,13.319999694824219,13.329999923706055,13.319999694824219,13.329999923706055,3253,0.0,0.0
2024-10-23 13:30:00-04:00,13.335000038146973,13.335000038146973,13.319999694824219,13.329999923706055,7378,0.0,0.0
2024-10-23 13:35:00-04:00,13.329999923706055,13.329999923706055,13.319999694824219,13.329999923706055,2009,0.0,0.0
2024-10-23 13:40:00-04:00,13.329999923706055,13.329999923706055,13.3100004196167,13.3100004196167,5419,0.0,0.0
2024-10-23 13:45:00-04:00,13.3100004196167,13.3100004196167,13.289999961853027,13.289999961853027,3962,0.0,0.0
2024-10-23 13:50:00-04:00,13.300000190734863,13.3100004196167,13.289999961853027,13.295000076293945,6760,0.0,0.0
2024-10-23 13:55:00-04:00,13.289999961853027,13.295000076293945,13.289999961853027,13.289999961853027,3983,0.0,0.0
2024-10-23 14:00:00-04:00,13.290900230407715,13.299099922180176,13.220000267028809,13.220000267028809,6308,0.0,0.0
2024-10-23 14:05:00-04:00,13.21500015258789,13.220000267028809,13.149999618530273,13.170000076293945,19075,0.0,0.0
2024-10-23 14:10:00-04:00,13.15999984741211,13.170000076293945,13.140000343322754,13.140000343322754,6017,0.0,0.0
2024-10-23 14:15:00-04:00,13.140000343322754,13.164999961853027,13.140000343322754,13.149999618530273,7498,0.0,0.0
2024-10-23 14:20:00-04:00,13.149999618530273,13.1850004196167,13.149999618530273,13.1850004196167,4787,0.0,0.0
2024-10-23 14:25:00-04:00,13.1850004196167,13.225000381469727,13.1850004196167,13.220000267028809,9767,0.0,0.0
2024-10-23 14:30:00-04:00,13.220000267028809,13.25,13.210000038146973,13.220000267028809,34831,0.0,0.0
2024-10-23 14:35:00-04:00,13.225000381469727,13.255000114440918,13.220000267028809,13.25,4682,0.0,0.0
2024-10-23 14:40:00-04:00,13.239999771118164,13.239999771118164,13.229999542236328,13.234999656677246,3001,0.0,0.0
2024-10-23 14:45:00-04:00,13.220000267028809,13.220000267028809,13.210000038146973,13.210000038146973,2993,0.0,0.0
2024-10-23 14:50:00-04:00,13.199999809265137,13.199999809265137,13.1899995803833,13.199999809265137,3350,0.0,0.0
2024-10-23 14:55:00-04:00,13.210000038146973,13.239999771118164,13.210000038146973,13.229999542236328,5543,0.0,0.0
2024-10-23 15:00:00-04:00,13.234999656677246,13.260000228881836,13.234999656677246,13.260000228881836,3888,0.0,0.0
2024-10-23 15:05:00-04:00,13.270000457763672,13.3100004196167,13.260000228881836,13.3100004196167,4652,0.0,0.0
2024-10-23 15:10:00-04:00,13.319999694824219,13.34000015258789,13.319999694824219,13.34000015258789,5433,0.0,0.0
2024-10-23 15:15:00-04:00,13.350000381469727,13.369999885559082,13.350000381469727,13.350000381469727,8266,0.0,0.0
2024-10-23 15:20:00-04:00,13.350000381469727,13.369999885559082,13.350000381469727,13.369999885559082,5777,0.0,0.0
2024-10-23 15:25:00-04:00,13.369999885559082,13.380000114440918,13.359999656677246,13.378999710083008,15281,0.0,0.0
2024-10-23 15:30:00-04:00,13.380000114440918,13.390000343322754,13.369999885559082,13.390000343322754,10622,0.0,0.0
2024-10-23 15:35:00-04:00,13.390000343322754,13.420000076293945,13.385000228881836,13.40999984741211,15023,0.0,0.0
2024-10-23 15:40:00-04:00,13.40999984741211,13.420000076293945,13.399999618530273,13.399999618530273,12425,0.0,0.0
2024-10-23 15:45:00-04:00,13.404999732971191,13.409000396728516,13.359999656677246,13.375,29571,0.0,0.0
2024-10-23 15:50:00-04:00,13.369999885559082,13.428999900817871,13.369999885559082,13.425000190734863,36120,0.0,0.0
2024-10-23 15:55:00-04:00,13.425000190734863,13.4399995803833,13.390000343322754,13.399999618530273,129526,0.0,0.0
2024-10-24 09:30:00-04:00,13.770000457763672,13.770000457763672,13.380000114440918,13.425000190734863,14438,0.0,0.0
2024-10-24 09:35:00-04:00,13.40999984741211,13.40999984741211,13.350000381469727,13.350000381469727,701,0.0,0.0
2024-10-24 09:40:00-04:00,13.350000381469727,13.4399995803833,13.279999732971191,13.279999732971191,5216,0.0,0.0
2024-10-24 09:45:00-04:00,13.279999732971191,13.300000190734863,13.140000343322754,13.274999618530273,7171,0.0,0.0
2024-10-24 09:50:00-04:00,13.25,13.289999961853027,13.170000076293945,13.289999961853027,6310,0.0,0.0
2024-10-24 09:55:00-04:00,13.3100004196167,13.3149995803833,13.260000228881836,13.274999618530273,3065,0.0,0.0
2024-10-24 10:00:00-04:00,13.260000228881836,13.279999732971191,13.199999809265137,13.270000457763672,9527,0.0,0.0
2024-10-24 10:05:00-04:00,13.265000343322754,13.289999961853027,13.25,13.28499984741211,3481,0.0,0.0
2024-10-24 10:10:00-04:00,13.289999961853027,13.289999961853027,13.199999809265137,13.220000267028809,7781,0.0,0.0
2024-10-24 10:15:00-04:00,13.199999809265137,13.375,13.1899995803833,13.375,89428,0.0,0.0
2024-10-24 10:20:00-04:00,13.375,13.375,13.335000038146973,13.364999771118164,6318,0.0,0.0
2024-10-24 10:25:00-04:00,13.364999771118164,13.380000114440918,13.329999923706055,13.345000267028809,4154,0.0,0.0
2024-10-24 10:30:00-04:00,13.34000015258789,13.404999732971191,13.329999923706055,13.399999618530273,24714,0.0,0.0
2024-10-24 10:35:00-04:00,13.399999618530273,13.40999984741211,13.359999656677246,13.369999885559082,6894,0.0,0.0
2024-10-24 10:40:00-04:00,13.359999656677246,13.37600040435791,13.350000381469727,13.350000381469727,15284,0.0,0.0
2024-10-24 10:45:00-04:00,13.350000381469727,13.359999656677246,13.260000228881836,13.279999732971191,81065,0.0,0.0
2024-10-24 10:50:00-04:00,13.279999732971191,13.319999694824219,13.260000228881836,13.3100004196167,39892,0.0,0.0
2024-10-24 10:55:00-04:00,13.289999961853027,13.329999923706055,13.260000228881836,13.3100004196167,38336,0.0,0.0
2024-10-24 11:00:00-04:00,13.3100004196167,13.3100004196167,13.260000228881836,13.260000228881836,4673,0.0,0.0
2024-10-24 11:05:00-04:00,13.25,13.34000015258789,13.25,13.34000015258789,14966,0.0,0.0
2024-10-24 11:10:00-04:00,13.359999656677246,13.369999885559082,13.350000381469727,13.359999656677246,3486,0.0,0.0
2024-10-24 11:15:00-04:00,13.350000381469727,13.367600440979004,13.350000381469727,13.350000381469727,3331,0.0,0.0
2024-10-24 11:20:00-04:00,13.350000381469727,13.359999656677246,13.34000015258789,13.34000015258789,2215,0.0,0.0
2024-10-24 11:25:00-04:00,13.350000381469727,13.350000381469727,13.319999694824219,13.319999694824219,3453,0.0,0.0
2024-10-24 11:30:00-04:00,13.319999694824219,13.34000015258789,13.319999694824219,13.335000038146973,13030,0.0,0.0
2024-10-24 11:35:00-04:00,13.319999694824219,13.329999923706055,13.25,13.28499984741211,101638,0.0,0.0
2024-10-24 11:40:00-04:00,13.28499984741211,13.329999923706055,13.270000457763672,13.270000457763672,3789,0.0,0.0
2024-10-24 11:45:00-04:00,13.270000457763672,13.329999923706055,13.25,13.279999732971191,64881,0.0,0.0
2024-10-24 11:50:00-04:00,13.279999732971191,13.3100004196167,13.279999732971191,13.3100004196167,3867,0.0,0.0
2024-10-24 11:55:00-04:00,13.3100004196167,13.316399574279785,13.279999732971191,13.289999961853027,1992,0.0,0.0
2024-10-24 12:00:00-04:00,13.279999732971191,13.289999961853027,13.229999542236328,13.25,4671,0.0,0.0
2024-10-24 12:10:00-04:00,13.199999809265137,13.220000267028809,13.170000076293945,13.220000267028809,5409,0.0,0.0
2024-10-24 12:15:00-04:00,13.229999542236328,13.229999542236328,13.15999984741211,13.199999809265137,5239,0.0,0.0
2024-10-24 12:20:00-04:00,13.210000038146973,13.229999542236328,13.197500228881836,13.229999542236328,3900,0.0,0.0
2024-10-24 12:25:00-04:00,13.225000381469727,13.289999961853027,13.220000267028809,13.289999961853027,8037,0.0,0.0
2024-10-24 12:30:00-04:00,13.3100004196167,13.34000015258789,13.3100004196167,13.319999694824219,8351,0.0,0.0
2024-10-24 12:35:00-04:00,13.329999923706055,13.329999923706055,13.279999732971191,13.279999732971191,5819,0.0,0.0
2024-10-24 12:40:00-04:00,13.260000228881836,13.260000228881836,13.260000228881836,13.260000228881836,1918,0.0,0.0
2024-10-24 12:45:00-04:00,13.260000228881836,13.274999618530273,13.260000228881836,13.260000228881836,2058,0.0,0.0
2024-10-24 12:50:00-04:00,13.260000228881836,13.3100004196167,13.25,13.300000190734863,10029,0.0,0.0
2024-10-24 12:55:00-04:00,13.300000190734863,13.300000190734863,13.279999732971191,13.279999732971191,2662,0.0,0.0
2024-10-24 13:00:00-04:00,13.300000190734863,13.329999923706055,13.300000190734863,13.319999694824219,3897,0.0,0.0
2024-10-24 13:05:00-04:00,13.329999923706055,13.350000381469727,13.329999923706055,13.335000038146973,3894,0.0,0.0
2024-10-24 13:10:00-04:00,13.329999923706055,13.335000038146973,13.329999923706055,13.335000038146973,870,0.0,0.0
2024-10-24 13:15:00-04:00,13.319999694824219,13.329999923706055,13.305000305175781,13.3100004196167,6699,0.0,0.0
2024-10-24 13:20:00-04:00,13.3149995803833,13.3149995803833,13.3100004196167,13.3100004196167,1826,0.0,0.0
2024-10-24 13:25:00-04:00,13.3149995803833,13.390000343322754,13.3149995803833,13.380000114440918,11315,0.0,0.0
2024-10-24 13:30:00-04:00,13.390000343322754,13.390000343322754,13.390000343322754,13.390000343322754,3321,0.0,0.0
2024-10-24 13:35:00-04:00,13.390000343322754,13.399999618530273,13.369999885559082,13.369999885559082,2395,0.0,0.0
2024-10-24 13:40:00-04:00,13.359999656677246,13.399999618530273,13.359999656677246,13.399999618530273,4946,0.0,0.0
2024-10-24 13:45:00-04:00,13.380000114440918,13.390000343322754,13.369999885559082,13.369999885559082,3693,0.0,0.0
2024-10-24 13:50:00-04:00,13.359999656677246,13.359999656677246,13.350000381469727,13.350000381469727,3716,0.0,0.0
2024-10-24 13:55:00-04:00,13.34000015258789,13.359999656677246,13.34000015258789,13.34000015258789,8148,0.0,0.0
2024-10-24 14:00:00-04:00,13.34000015258789,13.350000381469727,13.3100004196167,13.345000267028809,7628,0.0,0.0
2024-10-24 14:05:00-04:00,13.350000381469727,13.354999542236328,13.34000015258789,13.34000015258789,6751,0.0,0.0
2024-10-24 14:10:00-04:00,13.350000381469727,13.359999656677246,13.34000015258789,13.359999656677246,3120,0.0,0.0
2024-10-24 14:15:00-04:00,13.369999885559082,13.380000114440918,13.369999885559082,13.380000114440918,3950,0.0,0.0
2024-10-24 14:20:00-04:00,13.399999618530273,13.409899711608887,13.390000343322754,13.409899711608887,2193,0.0,0.0
2024-10-24 14:25:00-04:00,13.399999618530273,13.399999618530273,13.380000114440918,13.380000114440918,3436,0.0,0.0
2024-10-24 14:30:00-04:00,13.380000114440918,13.40999984741211,13.369999885559082,13.40999984741211,11444,0.0,0.0
2024-10-24 14:35:00-04:00,13.40999984741211,13.40999984741211,13.395000457763672,13.395000457763672,3915,0.0,0.0
2024-10-24 14:40:00-04:00,13.369999885559082,13.390000343322754,13.359999656677246,13.359999656677246,11048,0.0,0.0
2024-10-24 14:45:00-04:00,13.350000381469727,13.359999656677246,13.3100004196167,13.329999923706055,13488,0.0,0.0
2024-10-24 14:50:00-04:00,13.324999809265137,13.359999656677246,13.319999694824219,13.34000015258789,9766,0.0,0.0
2024-10-24 14:55:00-04:00,13.350000381469727,13.350000381469727,13.324999809265137,13.34000015258789,10448,0.0,0.0
2024-10-24 15:00:00-04:00,13.345000267028809,13.350000381469727,13.300000190734863,13.324999809265137,10672,0.0,0.0
2024-10-24 15:05:00-04:00,13.34000015258789,13.375,13.34000015258789,13.359999656677246,12074,0.0,0.0
2024-10-24 15:10:00-04:00,13.369999885559082,13.380000114440918,13.359999656677246,13.380000114440918,12429,0.0,0.0
2024-10-24 15:15:00-04:00,13.369999885559082,13.380000114440918,13.34000015258789,13.369999885559082,11604,0.0,0.0
2024-10-24 15:20:00-04:00,13.380000114440918,13.390000343322754,13.369999885559082,13.390000343322754,14426,0.0,0.0
2024-10-24 15:25:00-04:00,13.380000114440918,13.399999618530273,13.375,13.390000343322754,22015,0.0,0.0
2024-10-24 15:30:00-04:00,13.390000343322754,13.420000076293945,13.385000228881836,13.40999984741211,25318,0.0,0.0
2024-10-24 15:35:00-04:00,13.40999984741211,13.40999984741211,13.364999771118164,13.380000114440918,25556,0.0,0.0
2024-10-24 15:40:00-04:00,13.380000114440918,13.420000076293945,13.375,13.420000076293945,29568,0.0,0.0
2024-10-24 15:45:00-04:00,13.40999984741211,13.430000305175781,13.380000114440918,13.390000343322754,32911,0.0,0.0
2024-10-24 15:50:00-04:00,13.390000343322754,13.40999984741211,13.380000114440918,13.399999618530273,66756,0.0,0.0
2024-10-24 15:55:00-04:00,13.390000343322754,13.40999984741211,13.279999732971191,13.40999984741211,243813,0.0,0.0
2024-10-25 09:30:00-04:00,12.350000381469727,12.920000076293945,12.25,12.798500061035156,88653,0.0,0.0
2024-10-25 09:35:00-04:00,12.744999885559082,12.798999786376953,12.210000038146973,12.5,76629,0.0,0.0
2024-10-25 09:40:00-04:00,12.529999732971191,12.739999771118164,12.529999732971191,12.680000305175781,27466,0.0,0.0
2024-10-25 09:45:00-04:00,12.65999984741211,12.850000381469727,12.659000396728516,12.850000381469727,19562,0.0,0.0
2024-10-25 09:50:00-04:00,12.835000038146973,12.890000343322754,12.65999984741211,12.770000457763672,52317,0.0,0.0
2024-10-25 09:55:00-04:00,12.779999732971191,12.960000038146973,12.770000457763672,12.8149995803833,58213,0.0,0.0
2024-10-25 10:00:00-04:00,12.8149995803833,13.039999961853027,12.8149995803833,12.994999885559082,67572,0.0,0.0
2024-10-25 10:05:00-04:00,12.994999885559082,13.100000381469727,12.819999694824219,12.975000381469727,45205,0.0,0.0
2024-10-25 10:10:00-04:00,12.975000381469727,12.979999542236328,12.829999923706055,12.979999542236328,54888,0.0,0.0
2024-10-25 10:15:00-04:00,12.973199844360352,13.050000190734863,12.869999885559082,12.9399995803833,69514,0.0,0.0
2024-10-25 10:20:00-04:00,12.869999885559082,12.90999984741211,12.75,12.899999618530273,34927,0.0,0.0
2024-10-25 10:25:00-04:00,12.880000114440918,12.970000267028809,12.75,12.859999656677246,67559,0.0,0.0
2024-10-25 10:30:00-04:00,12.84000015258789,12.869999885559082,12.75,12.819999694824219,19446,0.0,0.0
2024-10-25 10:35:00-04:00,12.779999732971191,12.800000190734863,12.739999771118164,12.779999732971191,14751,0.0,0.0
2024-10-25 10:40:00-04:00,12.75,12.779999732971191,12.710000038146973,12.720000267028809,13284,0.0,0.0
2024-10-25 10:45:00-04:00,12.720000267028809,12.760000228881836,12.6899995803833,12.729999542236328,19179,0.0,0.0
2024-10-25 10:50:00-04:00,12.744999885559082,12.824899673461914,12.744999885559082,12.800000190734863,9961,0.0,0.0
2024-10-25 10:55:00-04:00,12.789999961853027,12.789999961853027,12.75,12.75,6035,0.0,0.0
2024-10-25 11:00:00-04:00,12.760000228881836,12.789999961853027,12.760000228881836,12.78499984741211,6012,0.0,0.0
2024-10-25 11:05:00-04:00,12.770000457763672,12.78499984741211,12.770000457763672,12.78499984741211,7662,0.0,0.0
2024-10-25 11:10:00-04:00,12.779999732971191,12.779999732971191,12.779999732971191,12.779999732971191,11402,0.0,0.0
2024-10-25 11:15:00-04:00,12.760000228881836,12.760000228881836,12.744999885559082,12.744999885559082,14639,0.0,0.0
2024-10-25 11:20:00-04:00,12.739999771118164,12.739999771118164,12.675000190734863,12.675000190734863,6135,0.0,0.0
2024-10-25 11:25:00-04:00,12.680000305175781,12.720000267028809,12.680000305175781,12.710000038146973,33233,0.0,0.0
2024-10-25 11:30:00-04:00,12.710000038146973,12.739999771118164,12.710000038146973,12.729999542236328,3230,0.0,0.0
2024-10-25 11:35:00-04:00,12.729999542236328,12.75,12.6899995803833,12.75,16980,0.0,0.0
2024-10-25 11:40:00-04:00,12.755000114440918,12.755000114440918,12.739999771118164,12.739999771118164,33981,0.0,0.0
2024-10-25 11:45:00-04:00,12.744999885559082,12.779999732971191,12.699999809265137,12.729999542236328,26107,0.0,0.0
2024-10-25 11:50:00-04:00,12.739999771118164,12.770000457763672,12.6899995803833,12.699999809265137,18693,0.0,0.0
2024-10-25 11:55:00-04:00,12.699999809265137,12.710000038146973,12.691800117492676,12.710000038146973,7854,0.0,0.0
2024-10-25 12:00:00-04:00,12.710000038146973,12.710000038146973,12.654999732971191,12.680000305175781,33247,0.0,0.0
2024-10-25 12:05:00-04:00,12.680000305175781,12.6899995803833,12.670000076293945,12.6899995803833,13240,0.0,0.0
2024-10-25 12:10:00-04:00,12.6899995803833,12.694999694824219,12.619999885559082,12.619999885559082,16432,0.0,0.0
2024-10-25 12:15:00-04:00,12.609999656677246,12.649999618530273,12.600000381469727,12.649999618530273,20189,0.0,0.0
2024-10-25 12:20:00-04:00,12.640000343322754,12.649999618530273,12.630000114440918,12.630000114440918,8854,0.0,0.0
2024-10-25 12:25:00-04:00,12.630000114440918,12.664999961853027,12.630000114440918,12.65999984741211,14633,0.0,0.0
2024-10-25 12:30:00-04:00,12.649999618530273,12.65999984741211,12.649999618530273,12.649999618530273,9288,0.0,0.0
2024-10-25 12:35:00-04:00,12.649999618530273,12.680000305175781,12.640000343322754,12.670000076293945,12593,0.0,0.0
2024-10-25 12:40:00-04:00,12.670000076293945,12.699999809265137,12.65999984741211,12.670000076293945,23106,0.0,0.0
2024-10-25 12:45:00-04:00,12.670000076293945,12.680000305175781,12.640000343322754,12.654999732971191,14198,0.0,0.0
2024-10-25 12:50:00-04:00,12.654999732971191,12.654999732971191,12.630000114440918,12.635000228881836,15811,0.0,0.0
2024-10-25 12:55:00-04:00,12.630000114440918,12.65999984741211,12.619999885559082,12.65999984741211,16740,0.0,0.0
2024-10-25 13:00:00-04:00,12.649999618530273,12.739999771118164,12.649999618530273,12.739999771118164,7752,0.0,0.0
2024-10-25 13:05:00-04:00,12.720000267028809,12.729999542236328,12.6899995803833,12.704999923706055,5080,0.0,0.0
2024-10-25 13:10:00-04:00,12.704999923706055,12.704999923706055,12.670000076293945,12.680000305175781,11110,0.0,0.0
2024-10-25 13:15:00-04:00,12.680000305175781,12.6899995803833,12.65999984741211,12.670000076293945,17896,0.0,0.0
2024-10-25 13:20:00-04:00,12.670000076293945,12.670000076293945,12.654999732971191,12.65999984741211,10581,0.0,0.0
2024-10-25 13:25:00-04:00,12.65999984741211,12.670000076293945,12.630000114440918,12.670000076293945,23363,0.0,0.0
2024-10-25 13:30:00-04:00,12.661999702453613,12.670000076293945,12.649999618530273,12.670000076293945,14531,0.0,0.0
2024-10-25 13:35:00-04:00,12.65999984741211,12.75,12.649999618530273,12.720000267028809,16617,0.0,0.0
2024-10-25 13:40:00-04:00,12.739999771118164,12.75,12.699999809265137,12.729999542236328,31295,0.0,0.0
2024-10-25 13:45:00-04:00,12.729999542236328,12.770000457763672,12.720000267028809,12.760000228881836,18044,0.0,0.0
2024-10-25 13:50:00-04:00,12.760000228881836,12.800000190734863,12.760000228881836,12.765000343322754,14429,0.0,0.0
2024-10-25 13:55:00-04:00,12.765000343322754,12.765000343322754,12.710000038146973,12.739999771118164,17574,0.0,0.0
2024-10-25 14:00:00-04:00,12.739999771118164,12.739999771118164,12.699999809265137,12.739999771118164,14074,0.0,0.0
2024-10-25 14:05:00-04:00,12.739999771118164,12.770000457763672,12.720000267028809,12.739999771118164,25514,0.0,0.0
2024-10-25 14:10:00-04:00,12.739999771118164,12.739999771118164,12.710000038146973,12.710000038146973,7788,0.0,0.0
2024-10-25 14:15:00-04:00,12.71500015258789,12.725000381469727,12.670000076293945,12.720000267028809,80768,0.0,0.0
2024-10-25 14:20:00-04:00,12.720000267028809,12.789999961853027,12.720000267028809,12.739999771118164,27915,0.0,0.0
2024-10-25 14:25:00-04:00,12.739999771118164,12.8100004196167,12.729999542236328,12.760000228881836,21668,0.0,0.0
2024-10-25 14:30:00-04:00,12.734999656677246,12.770000457763672,12.734999656677246,12.744999885559082,16104,0.0,0.0
2024-10-25 14:35:00-04:00,12.744999885559082,12.760000228881836,12.739999771118164,12.760000228881836,14369,0.0,0.0
2024-10-25 14:40:00-04:00,12.765000343322754,12.765000343322754,12.710000038146973,12.710000038146973,13141,0.0,0.0
2024-10-25 14:45:00-04:00,12.710000038146973,12.720000267028809,12.694999694824219,12.710000038146973,39474,0.0,0.0
2024-10-25 14:50:00-04:00,12.710000038146973,12.75,12.6899995803833,12.720000267028809,42171,0.0,0.0
2024-10-25 14:55:00-04:00,12.720000267028809,12.744999885559082,12.720000267028809,12.729999542236328,12753,0.0,0.0
2024-10-25 15:00:00-04:00,12.739999771118164,12.739999771118164,12.710000038146973,12.729999542236328,18744,0.0,0.0
2024-10-25 15:05:00-04:00,12.720000267028809,12.729999542236328,12.710000038146973,12.71500015258789,6662,0.0,0.0
2024-10-25 15:10:00-04:00,12.71500015258789,12.720000267028809,12.609999656677246,12.649999618530273,57011,0.0,0.0
2024-10-25 15:15:00-04:00,12.65999984741211,12.670000076293945,12.649999618530273,12.65999984741211,7563,0.0,0.0
2024-10-25 15:20:00-04:00,12.670000076293945,12.670000076293945,12.569999694824219,12.59000015258789,52311,0.0,0.0
2024-10-25 15:25:00-04:00,12.59000015258789,12.609999656677246,12.550000190734863,12.5600004196167,26868,0.0,0.0
2024-10-25 15:30:00-04:00,12.5600004196167,12.579999923706055,12.524999618530273,12.529999732971191,34293,0.0,0.0
2024-10-25 15:35:00-04:00,12.539999961853027,12.585000038146973,12.539999961853027,12.569999694824219,27597,0.0,0.0
2024-10-25 15:40:00-04:00,12.569999694824219,12.569999694824219,12.460000038146973,12.470000267028809,65339,0.0,0.0
2024-10-25 15:45:00-04:00,12.460000038146973,12.470000267028809,12.399999618530273,12.420000076293945,121613,0.0,0.0
2024-10-25 15:50:00-04:00,12.399999618530273,12.46500015258789,12.399999618530273,12.425000190734863,128253,0.0,0.0
2024-10-25 15:55:00-04:00,12.425000190734863,12.4399995803833,12.380000114440918,12.40999984741211,279082,0.0,0.0
