Datetime,Open,High,Low,Close,Volume,Dividends,Stock Splits
2024-07-01 09:00:00+09:00,3659.0,3670.0,3655.0,3656.0,0,0.0,0.0
2024-07-01 09:01:00+09:00,3658.0,3664.0,3642.0,3656.0,154000,0.0,0.0
2024-07-01 09:02:00+09:00,3660.0,3671.0,3654.0,3668.0,132100,0.0,0.0
2024-07-01 09:03:00+09:00,3670.0,3672.0,3662.0,3670.0,158400,0.0,0.0
2024-07-01 09:04:00+09:00,3669.0,3687.0,3668.0,3680.0,261100,0.0,0.0
2024-07-01 09:05:00+09:00,3682.0,3690.0,3670.0,3672.0,201600,0.0,0.0
2024-07-01 09:06:00+09:00,3673.0,3677.0,3652.0,3657.0,144700,0.0,0.0
2024-07-01 09:07:00+09:00,3658.0,3664.0,3651.0,3658.0,113600,0.0,0.0
2024-07-01 09:08:00+09:00,3658.0,3669.0,3654.0,3666.0,56800,0.0,0.0
2024-07-01 09:09:00+09:00,3665.0,3666.0,3658.0,3662.0,68700,0.0,0.0
2024-07-01 09:10:00+09:00,3661.0,3669.0,3660.0,3669.0,58800,0.0,0.0
2024-07-01 09:11:00+09:00,3669.0,3678.0,3665.0,3677.0,76700,0.0,0.0
2024-07-01 09:12:00+09:00,3678.0,3682.0,3677.0,3682.0,69500,0.0,0.0
2024-07-01 09:13:00+09:00,3682.0,3686.0,3677.0,3685.0,151800,0.0,0.0
2024-07-01 09:14:00+09:00,3684.0,3688.0,3681.0,3688.0,68400,0.0,0.0
2024-07-01 09:15:00+09:00,3688.0,3701.0,3688.0,3698.0,343000,0.0,0.0
2024-07-01 09:16:00+09:00,3698.0,3704.0,3695.0,3697.0,117500,0.0,0.0
2024-07-01 09:17:00+09:00,3698.0,3705.0,3692.0,3704.0,131200,0.0,0.0
2024-07-01 09:18:00+09:00,3704.0,3704.0,3700.0,3701.0,64600,0.0,0.0
2024-07-01 09:19:00+09:00,3701.0,3702.0,3693.0,3695.0,79900,0.0,0.0
2024-07-01 09:20:00+09:00,3695.0,3696.0,3687.0,3688.0,60300,0.0,0.0
2024-07-01 09:21:00+09:00,3687.0,3688.0,3678.0,3683.0,54500,0.0,0.0
2024-07-01 09:22:00+09:00,3683.0,3691.0,3682.0,3683.0,43200,0.0,0.0
2024-07-01 09:23:00+09:00,3684.0,3689.0,3683.0,3688.0,35100,0.0,0.0
2024-07-01 09:24:00+09:00,3687.0,3688.0,3675.0,3677.0,56200,0.0,0.0
2024-07-01 09:25:00+09:00,3677.0,3683.0,3677.0,3683.0,27700,0.0,0.0
2024-07-01 09:26:00+09:00,3683.0,3683.0,3675.0,3680.0,42200,0.0,0.0
2024-07-01 09:27:00+09:00,3679.0,3682.0,3674.0,3678.0,40700,0.0,0.0
2024-07-01 09:28:00+09:00,3678.0,3678.0,3672.0,3674.0,41400,0.0,0.0
2024-07-01 09:29:00+09:00,3675.0,3675.0,3668.0,3670.0,57900,0.0,0.0
2024-07-01 09:30:00+09:00,3669.0,3674.0,3665.0,3673.0,39000,0.0,0.0
2024-07-01 09:31:00+09:00,3673.0,3684.0,3671.0,3680.0,69000,0.0,0.0
2024-07-01 09:32:00+09:00,3681.0,3682.0,3675.0,3675.0,36300,0.0,0.0
2024-07-01 09:33:00+09:00,3677.0,3678.0,3672.0,3675.0,27400,0.0,0.0
2024-07-01 09:34:00+09:00,3674.0,3679.0,3673.0,3675.0,47600,0.0,0.0
2024-07-01 09:35:00+09:00,3675.0,3676.0,3670.0,3672.0,30800,0.0,0.0
2024-07-01 09:36:00+09:00,3671.0,3673.0,3669.0,3670.0,39300,0.0,0.0
2024-07-01 09:37:00+09:00,3671.0,3672.0,3667.0,3668.0,48800,0.0,0.0
2024-07-01 09:38:00+09:00,3667.0,3681.0,3664.0,3680.0,238400,0.0,0.0
2024-07-01 09:39:00+09:00,3680.0,3680.0,3674.0,3679.0,44200,0.0,0.0
2024-07-01 09:40:00+09:00,3679.0,3684.0,3678.0,3684.0,35600,0.0,0.0
2024-07-01 09:41:00+09:00,3684.0,3685.0,3680.0,3683.0,40600,0.0,0.0
2024-07-01 09:42:00+09:00,3681.0,3684.0,3679.0,3681.0,30600,0.0,0.0
2024-07-01 09:43:00+09:00,3681.0,3682.0,3675.0,3680.0,50900,0.0,0.0
2024-07-01 09:44:00+09:00,3680.0,3680.0,3676.0,3677.0,12900,0.0,0.0
2024-07-01 09:45:00+09:00,3678.0,3684.0,3676.0,3682.0,43100,0.0,0.0
2024-07-01 09:46:00+09:00,3682.0,3682.0,3678.0,3681.0,32100,0.0,0.0
2024-07-01 09:47:00+09:00,3681.0,3684.0,3678.0,3682.0,49100,0.0,0.0
2024-07-01 09:48:00+09:00,3682.0,3689.0,3680.0,3688.0,59200,0.0,0.0
2024-07-01 09:49:00+09:00,3689.0,3690.0,3685.0,3689.0,42000,0.0,0.0
2024-07-01 09:50:00+09:00,3690.0,3692.0,3687.0,3692.0,39300,0.0,0.0
2024-07-01 09:51:00+09:00,3692.0,3694.0,3689.0,3691.0,35500,0.0,0.0
2024-07-01 09:52:00+09:00,3692.0,3697.0,3691.0,3697.0,66900,0.0,0.0
2024-07-01 09:53:00+09:00,3695.0,3698.0,3693.0,3698.0,57000,0.0,0.0
2024-07-01 09:54:00+09:00,3698.0,3698.0,3694.0,3696.0,49500,0.0,0.0
2024-07-01 09:55:00+09:00,3697.0,3704.0,3697.0,3701.0,158900,0.0,0.0
2024-07-01 09:56:00+09:00,3701.0,3702.0,3698.0,3700.0,60600,0.0,0.0
2024-07-01 09:57:00+09:00,3700.0,3705.0,3698.0,3702.0,91300,0.0,0.0
2024-07-01 09:58:00+09:00,3702.0,3703.0,3697.0,3701.0,59900,0.0,0.0
2024-07-01 09:59:00+09:00,3700.0,3702.0,3699.0,3699.0,32000,0.0,0.0
2024-07-01 10:00:00+09:00,3699.0,3704.0,3699.0,3703.0,60700,0.0,0.0
2024-07-01 10:01:00+09:00,3703.0,3704.0,3700.0,3701.0,50800,0.0,0.0
2024-07-01 10:02:00+09:00,3702.0,3702.0,3700.0,3700.0,27300,0.0,0.0
2024-07-01 10:03:00+09:00,3700.0,3702.0,3700.0,3701.0,16400,0.0,0.0
2024-07-01 10:04:00+09:00,3700.0,3710.0,3698.0,3704.0,425500,0.0,0.0
2024-07-01 10:05:00+09:00,3703.0,3707.0,3701.0,3707.0,46200,0.0,0.0
2024-07-01 10:06:00+09:00,3706.0,3707.0,3696.0,3698.0,91200,0.0,0.0
2024-07-01 10:07:00+09:00,3697.0,3699.0,3693.0,3694.0,48700,0.0,0.0
2024-07-01 10:08:00+09:00,3693.0,3694.0,3684.0,3687.0,66500,0.0,0.0
2024-07-01 10:09:00+09:00,3687.0,3695.0,3687.0,3695.0,27000,0.0,0.0
2024-07-01 10:10:00+09:00,3694.0,3694.0,3689.0,3691.0,32800,0.0,0.0
2024-07-01 10:11:00+09:00,3690.0,3692.0,3690.0,3690.0,12600,0.0,0.0
2024-07-01 10:12:00+09:00,3690.0,3692.0,3687.0,3691.0,32500,0.0,0.0
2024-07-01 10:13:00+09:00,3690.0,3691.0,3688.0,3690.0,14400,0.0,0.0
2024-07-01 10:14:00+09:00,3690.0,3690.0,3685.0,3686.0,27600,0.0,0.0
2024-07-01 10:15:00+09:00,3686.0,3686.0,3681.0,3681.0,27900,0.0,0.0
2024-07-01 10:16:00+09:00,3681.0,3683.0,3681.0,3682.0,22400,0.0,0.0
2024-07-01 10:17:00+09:00,3682.0,3683.0,3680.0,3681.0,35700,0.0,0.0
2024-07-01 10:18:00+09:00,3681.0,3682.0,3679.0,3681.0,34800,0.0,0.0
2024-07-01 10:19:00+09:00,3680.0,3684.0,3680.0,3682.0,16600,0.0,0.0
2024-07-01 10:20:00+09:00,3683.0,3683.0,3681.0,3683.0,17000,0.0,0.0
2024-07-01 10:21:00+09:00,3683.0,3683.0,3677.0,3680.0,39800,0.0,0.0
2024-07-01 10:22:00+09:00,3680.0,3683.0,3678.0,3683.0,23200,0.0,0.0
2024-07-01 10:23:00+09:00,3683.0,3688.0,3680.0,3686.0,31700,0.0,0.0
2024-07-01 10:24:00+09:00,3687.0,3693.0,3686.0,3693.0,28000,0.0,0.0
2024-07-01 10:25:00+09:00,3693.0,3695.0,3692.0,3694.0,19100,0.0,0.0
2024-07-01 10:26:00+09:00,3694.0,3694.0,3691.0,3692.0,26600,0.0,0.0
2024-07-01 10:27:00+09:00,3691.0,3702.0,3691.0,3702.0,73400,0.0,0.0
2024-07-01 10:28:00+09:00,3702.0,3702.0,3696.0,3696.0,27800,0.0,0.0
2024-07-01 10:29:00+09:00,3696.0,3698.0,3693.0,3693.0,16200,0.0,0.0
2024-07-01 10:30:00+09:00,3693.0,3694.0,3691.0,3693.0,21000,0.0,0.0
2024-07-01 10:31:00+09:00,3693.0,3693.0,3690.0,3692.0,14600,0.0,0.0
2024-07-01 10:32:00+09:00,3692.0,3692.0,3687.0,3689.0,22000,0.0,0.0
2024-07-01 10:33:00+09:00,3690.0,3690.0,3686.0,3686.0,8200,0.0,0.0
2024-07-01 10:34:00+09:00,3687.0,3692.0,3686.0,3692.0,28500,0.0,0.0
2024-07-01 10:35:00+09:00,3691.0,3692.0,3689.0,3690.0,6900,0.0,0.0
2024-07-01 10:36:00+09:00,3690.0,3691.0,3688.0,3689.0,11800,0.0,0.0
2024-07-01 10:37:00+09:00,3689.0,3696.0,3689.0,3692.0,29800,0.0,0.0
2024-07-01 10:38:00+09:00,3692.0,3692.0,3691.0,3692.0,8300,0.0,0.0
2024-07-01 10:39:00+09:00,3692.0,3693.0,3690.0,3690.0,11100,0.0,0.0
2024-07-01 10:40:00+09:00,3690.0,3690.0,3687.0,3687.0,15000,0.0,0.0
2024-07-01 10:41:00+09:00,3688.0,3688.0,3685.0,3686.0,16200,0.0,0.0
2024-07-01 10:42:00+09:00,3685.0,3686.0,3682.0,3684.0,36700,0.0,0.0
2024-07-01 10:43:00+09:00,3685.0,3685.0,3683.0,3685.0,10100,0.0,0.0
2024-07-01 10:44:00+09:00,3685.0,3688.0,3684.0,3688.0,21700,0.0,0.0
2024-07-01 10:45:00+09:00,3688.0,3690.0,3685.0,3686.0,27500,0.0,0.0
2024-07-01 10:46:00+09:00,3686.0,3686.0,3681.0,3684.0,31900,0.0,0.0
2024-07-01 10:47:00+09:00,3684.0,3684.0,3678.0,3680.0,35300,0.0,0.0
2024-07-01 10:48:00+09:00,3681.0,3686.0,3681.0,3685.0,18400,0.0,0.0
2024-07-01 10:49:00+09:00,3684.0,3684.0,3682.0,3683.0,11100,0.0,0.0
2024-07-01 10:50:00+09:00,3683.0,3685.0,3683.0,3683.0,13400,0.0,0.0
2024-07-01 10:51:00+09:00,3684.0,3684.0,3681.0,3681.0,13800,0.0,0.0
2024-07-01 10:52:00+09:00,3682.0,3682.0,3680.0,3681.0,21400,0.0,0.0
2024-07-01 10:53:00+09:00,3681.0,3682.0,3680.0,3682.0,8600,0.0,0.0
2024-07-01 10:54:00+09:00,3682.0,3686.0,3681.0,3685.0,31600,0.0,0.0
2024-07-01 10:55:00+09:00,3685.0,3688.0,3685.0,3688.0,26700,0.0,0.0
2024-07-01 10:56:00+09:00,3688.0,3692.0,3687.0,3691.0,32900,0.0,0.0
2024-07-01 10:57:00+09:00,3690.0,3690.0,3685.0,3687.0,23200,0.0,0.0
2024-07-01 10:58:00+09:00,3688.0,3690.0,3686.0,3687.0,23400,0.0,0.0
2024-07-01 10:59:00+09:00,3686.0,3689.0,3686.0,3687.0,12100,0.0,0.0
2024-07-01 11:00:00+09:00,3688.0,3690.0,3686.0,3690.0,25700,0.0,0.0
2024-07-01 11:01:00+09:00,3690.0,3695.0,3690.0,3695.0,46400,0.0,0.0
2024-07-01 11:02:00+09:00,3695.0,3697.0,3695.0,3696.0,22500,0.0,0.0
2024-07-01 11:03:00+09:00,3695.0,3696.0,3694.0,3695.0,18400,0.0,0.0
2024-07-01 11:04:00+09:00,3695.0,3696.0,3693.0,3694.0,24300,0.0,0.0
2024-07-01 11:05:00+09:00,3695.0,3695.0,3693.0,3695.0,27400,0.0,0.0
2024-07-01 11:06:00+09:00,3694.0,3697.0,3694.0,3697.0,16700,0.0,0.0
2024-07-01 11:07:00+09:00,3697.0,3697.0,3696.0,3697.0,7700,0.0,0.0
2024-07-01 11:08:00+09:00,3697.0,3697.0,3693.0,3693.0,23500,0.0,0.0
2024-07-01 11:09:00+09:00,3694.0,3695.0,3693.0,3693.0,13700,0.0,0.0
2024-07-01 11:10:00+09:00,3693.0,3694.0,3691.0,3692.0,15700,0.0,0.0
2024-07-01 11:11:00+09:00,3691.0,3691.0,3681.0,3682.0,80600,0.0,0.0
2024-07-01 11:12:00+09:00,3682.0,3683.0,3680.0,3681.0,19100,0.0,0.0
2024-07-01 11:13:00+09:00,3681.0,3682.0,3677.0,3677.0,31400,0.0,0.0
2024-07-01 11:14:00+09:00,3677.0,3680.0,3677.0,3678.0,15500,0.0,0.0
2024-07-01 11:15:00+09:00,3679.0,3679.0,3676.0,3676.0,30700,0.0,0.0
2024-07-01 11:16:00+09:00,3676.0,3676.0,3672.0,3673.0,54500,0.0,0.0
2024-07-01 11:17:00+09:00,3673.0,3677.0,3673.0,3677.0,19900,0.0,0.0
2024-07-01 11:18:00+09:00,3677.0,3681.0,3675.0,3681.0,25100,0.0,0.0
2024-07-01 11:19:00+09:00,3680.0,3681.0,3678.0,3678.0,17100,0.0,0.0
2024-07-01 11:20:00+09:00,3678.0,3678.0,3676.0,3676.0,13500,0.0,0.0
2024-07-01 11:21:00+09:00,3676.0,3679.0,3675.0,3679.0,21100,0.0,0.0
2024-07-01 11:22:00+09:00,3680.0,3682.0,3678.0,3682.0,15600,0.0,0.0
2024-07-01 11:23:00+09:00,3682.0,3683.0,3682.0,3683.0,9600,0.0,0.0
2024-07-01 11:24:00+09:00,3683.0,3685.0,3683.0,3684.0,10100,0.0,0.0
2024-07-01 11:25:00+09:00,3685.0,3688.0,3685.0,3686.0,68000,0.0,0.0
2024-07-01 11:26:00+09:00,3686.0,3686.0,3683.0,3683.0,15200,0.0,0.0
2024-07-01 11:27:00+09:00,3684.0,3685.0,3683.0,3684.0,8700,0.0,0.0
2024-07-01 11:28:00+09:00,3683.0,3685.0,3683.0,3683.0,7000,0.0,0.0
2024-07-01 11:29:00+09:00,3684.0,3685.0,3683.0,3685.0,16200,0.0,0.0
2024-07-01 11:30:00+09:00,3685.0,3685.0,3685.0,3685.0,17200,0.0,0.0
2024-07-01 11:35:00+09:00,3685.0,3685.0,3685.0,3685.0,0,0.0,0.0
2024-07-01 12:30:00+09:00,3690.0,3703.0,3688.0,3701.0,8896400,0.0,0.0
2024-07-01 12:31:00+09:00,3702.0,3705.0,3701.0,3701.0,41700,0.0,0.0
2024-07-01 12:32:00+09:00,3701.0,3704.0,3700.0,3704.0,28300,0.0,0.0
2024-07-01 12:33:00+09:00,3704.0,3704.0,3702.0,3703.0,21100,0.0,0.0
2024-07-01 12:34:00+09:00,3703.0,3704.0,3700.0,3701.0,41300,0.0,0.0
2024-07-01 12:35:00+09:00,3700.0,3708.0,3698.0,3707.0,129500,0.0,0.0
2024-07-01 12:36:00+09:00,3708.0,3713.0,3707.0,3713.0,95700,0.0,0.0
2024-07-01 12:37:00+09:00,3713.0,3715.0,3705.0,3705.0,67600,0.0,0.0
2024-07-01 12:38:00+09:00,3705.0,3706.0,3703.0,3703.0,24000,0.0,0.0
2024-07-01 12:39:00+09:00,3703.0,3703.0,3696.0,3698.0,66200,0.0,0.0
2024-07-01 12:40:00+09:00,3697.0,3699.0,3694.0,3694.0,45300,0.0,0.0
2024-07-01 12:41:00+09:00,3694.0,3695.0,3685.0,3691.0,69200,0.0,0.0
2024-07-01 12:42:00+09:00,3690.0,3697.0,3690.0,3695.0,26700,0.0,0.0
2024-07-01 12:43:00+09:00,3694.0,3702.0,3694.0,3700.0,36300,0.0,0.0
2024-07-01 12:44:00+09:00,3701.0,3703.0,3697.0,3697.0,39300,0.0,0.0
2024-07-01 12:45:00+09:00,3696.0,3698.0,3696.0,3697.0,15800,0.0,0.0
2024-07-01 12:46:00+09:00,3698.0,3698.0,3696.0,3698.0,19800,0.0,0.0
2024-07-01 12:47:00+09:00,3698.0,3699.0,3698.0,3699.0,12900,0.0,0.0
2024-07-01 12:48:00+09:00,3698.0,3698.0,3695.0,3697.0,25100,0.0,0.0
2024-07-01 12:49:00+09:00,3696.0,3697.0,3695.0,3696.0,12500,0.0,0.0
2024-07-01 12:50:00+09:00,3697.0,3699.0,3695.0,3697.0,32500,0.0,0.0
2024-07-01 12:51:00+09:00,3697.0,3697.0,3695.0,3695.0,11800,0.0,0.0
2024-07-01 12:52:00+09:00,3696.0,3696.0,3691.0,3695.0,57700,0.0,0.0
2024-07-01 12:53:00+09:00,3695.0,3695.0,3690.0,3691.0,22900,0.0,0.0
2024-07-01 12:54:00+09:00,3692.0,3695.0,3690.0,3694.0,18400,0.0,0.0
2024-07-01 12:55:00+09:00,3695.0,3695.0,3690.0,3693.0,53700,0.0,0.0
2024-07-01 12:56:00+09:00,3693.0,3693.0,3691.0,3691.0,11900,0.0,0.0
2024-07-01 12:57:00+09:00,3691.0,3692.0,3689.0,3691.0,25900,0.0,0.0
2024-07-01 12:58:00+09:00,3690.0,3693.0,3690.0,3693.0,18400,0.0,0.0
2024-07-01 12:59:00+09:00,3692.0,3695.0,3691.0,3695.0,26500,0.0,0.0
2024-07-01 13:00:00+09:00,3695.0,3699.0,3694.0,3696.0,43000,0.0,0.0
2024-07-01 13:01:00+09:00,3697.0,3697.0,3695.0,3695.0,10100,0.0,0.0
2024-07-01 13:02:00+09:00,3694.0,3696.0,3694.0,3695.0,7600,0.0,0.0
2024-07-01 13:03:00+09:00,3694.0,3698.0,3694.0,3698.0,32800,0.0,0.0
2024-07-01 13:04:00+09:00,3698.0,3702.0,3698.0,3702.0,50400,0.0,0.0
2024-07-01 13:05:00+09:00,3701.0,3701.0,3698.0,3700.0,25800,0.0,0.0
2024-07-01 13:06:00+09:00,3700.0,3705.0,3700.0,3704.0,33200,0.0,0.0
2024-07-01 13:07:00+09:00,3704.0,3705.0,3703.0,3704.0,11900,0.0,0.0
2024-07-01 13:08:00+09:00,3704.0,3705.0,3704.0,3705.0,9200,0.0,0.0
2024-07-01 13:09:00+09:00,3704.0,3705.0,3703.0,3703.0,17000,0.0,0.0
2024-07-01 13:10:00+09:00,3704.0,3704.0,3701.0,3701.0,13600,0.0,0.0
2024-07-01 13:11:00+09:00,3701.0,3702.0,3700.0,3700.0,22300,0.0,0.0
2024-07-01 13:12:00+09:00,3700.0,3703.0,3700.0,3703.0,28300,0.0,0.0
2024-07-01 13:13:00+09:00,3702.0,3703.0,3702.0,3703.0,3300,0.0,0.0
2024-07-01 13:14:00+09:00,3703.0,3703.0,3702.0,3702.0,11900,0.0,0.0
2024-07-01 13:15:00+09:00,3703.0,3703.0,3700.0,3701.0,33700,0.0,0.0
2024-07-01 13:16:00+09:00,3701.0,3703.0,3701.0,3703.0,26300,0.0,0.0
2024-07-01 13:17:00+09:00,3703.0,3704.0,3702.0,3704.0,39200,0.0,0.0
2024-07-01 13:18:00+09:00,3705.0,3707.0,3705.0,3707.0,53300,0.0,0.0
2024-07-01 13:19:00+09:00,3706.0,3707.0,3705.0,3707.0,21200,0.0,0.0
2024-07-01 13:20:00+09:00,3706.0,3707.0,3705.0,3707.0,13600,0.0,0.0
2024-07-01 13:21:00+09:00,3707.0,3709.0,3706.0,3709.0,29600,0.0,0.0
2024-07-01 13:22:00+09:00,3708.0,3709.0,3708.0,3709.0,16200,0.0,0.0
2024-07-01 13:23:00+09:00,3708.0,3709.0,3707.0,3708.0,18800,0.0,0.0
2024-07-01 13:24:00+09:00,3708.0,3708.0,3706.0,3707.0,22300,0.0,0.0
2024-07-01 13:25:00+09:00,3707.0,3713.0,3706.0,3711.0,103900,0.0,0.0
2024-07-01 13:26:00+09:00,3711.0,3713.0,3711.0,3712.0,12400,0.0,0.0
2024-07-01 13:27:00+09:00,3712.0,3713.0,3711.0,3711.0,18900,0.0,0.0
2024-07-01 13:28:00+09:00,3710.0,3711.0,3709.0,3710.0,23800,0.0,0.0
2024-07-01 13:29:00+09:00,3709.0,3710.0,3707.0,3707.0,13000,0.0,0.0
2024-07-01 13:30:00+09:00,3708.0,3708.0,3703.0,3703.0,36700,0.0,0.0
2024-07-01 13:31:00+09:00,3703.0,3706.0,3703.0,3705.0,16100,0.0,0.0
2024-07-01 13:32:00+09:00,3705.0,3706.0,3705.0,3705.0,11500,0.0,0.0
2024-07-01 13:33:00+09:00,3705.0,3706.0,3704.0,3706.0,6900,0.0,0.0
2024-07-01 13:34:00+09:00,3706.0,3707.0,3705.0,3706.0,17900,0.0,0.0
2024-07-01 13:35:00+09:00,3706.0,3707.0,3705.0,3707.0,14100,0.0,0.0
2024-07-01 13:36:00+09:00,3707.0,3707.0,3706.0,3707.0,9100,0.0,0.0
2024-07-01 13:37:00+09:00,3707.0,3707.0,3704.0,3704.0,29900,0.0,0.0
2024-07-01 13:38:00+09:00,3704.0,3705.0,3703.0,3705.0,11700,0.0,0.0
2024-07-01 13:39:00+09:00,3704.0,3704.0,3702.0,3703.0,16000,0.0,0.0
2024-07-01 13:40:00+09:00,3702.0,3703.0,3701.0,3702.0,12800,0.0,0.0
2024-07-01 13:41:00+09:00,3702.0,3703.0,3700.0,3701.0,24200,0.0,0.0
2024-07-01 13:42:00+09:00,3701.0,3702.0,3700.0,3701.0,20200,0.0,0.0
2024-07-01 13:43:00+09:00,3701.0,3701.0,3699.0,3699.0,45500,0.0,0.0
2024-07-01 13:44:00+09:00,3699.0,3703.0,3699.0,3702.0,32700,0.0,0.0
2024-07-01 13:45:00+09:00,3701.0,3703.0,3701.0,3701.0,10300,0.0,0.0
2024-07-01 13:46:00+09:00,3701.0,3702.0,3701.0,3701.0,11600,0.0,0.0
2024-07-01 13:47:00+09:00,3701.0,3702.0,3700.0,3702.0,11700,0.0,0.0
2024-07-01 13:48:00+09:00,3702.0,3703.0,3700.0,3702.0,28600,0.0,0.0
2024-07-01 13:49:00+09:00,3702.0,3705.0,3702.0,3705.0,34200,0.0,0.0
2024-07-01 13:50:00+09:00,3705.0,3707.0,3704.0,3704.0,26600,0.0,0.0
2024-07-01 13:51:00+09:00,3704.0,3705.0,3703.0,3703.0,13800,0.0,0.0
2024-07-01 13:52:00+09:00,3702.0,3703.0,3700.0,3701.0,35500,0.0,0.0
2024-07-01 13:53:00+09:00,3700.0,3702.0,3697.0,3697.0,32400,0.0,0.0
2024-07-01 13:54:00+09:00,3698.0,3700.0,3697.0,3697.0,20100,0.0,0.0
2024-07-01 13:55:00+09:00,3697.0,3703.0,3697.0,3703.0,26500,0.0,0.0
2024-07-01 13:56:00+09:00,3703.0,3703.0,3702.0,3702.0,5400,0.0,0.0
2024-07-01 13:57:00+09:00,3702.0,3704.0,3702.0,3704.0,9900,0.0,0.0
2024-07-01 13:58:00+09:00,3704.0,3704.0,3703.0,3703.0,18800,0.0,0.0
2024-07-01 13:59:00+09:00,3702.0,3703.0,3700.0,3702.0,31900,0.0,0.0
2024-07-01 14:00:00+09:00,3701.0,3701.0,3696.0,3697.0,25300,0.0,0.0
2024-07-01 14:01:00+09:00,3697.0,3700.0,3697.0,3700.0,13300,0.0,0.0
2024-07-01 14:02:00+09:00,3698.0,3699.0,3695.0,3697.0,22900,0.0,0.0
2024-07-01 14:03:00+09:00,3697.0,3697.0,3695.0,3697.0,28200,0.0,0.0
2024-07-01 14:04:00+09:00,3696.0,3697.0,3693.0,3696.0,25100,0.0,0.0
2024-07-01 14:05:00+09:00,3696.0,3696.0,3693.0,3695.0,26600,0.0,0.0
2024-07-01 14:06:00+09:00,3696.0,3696.0,3693.0,3695.0,10800,0.0,0.0
2024-07-01 14:07:00+09:00,3693.0,3694.0,3693.0,3694.0,12600,0.0,0.0
2024-07-01 14:08:00+09:00,3695.0,3695.0,3694.0,3695.0,9500,0.0,0.0
2024-07-01 14:09:00+09:00,3695.0,3696.0,3694.0,3695.0,23000,0.0,0.0
2024-07-01 14:10:00+09:00,3694.0,3695.0,3693.0,3693.0,22300,0.0,0.0
2024-07-01 14:11:00+09:00,3694.0,3694.0,3691.0,3692.0,28900,0.0,0.0
2024-07-01 14:12:00+09:00,3692.0,3693.0,3691.0,3692.0,21700,0.0,0.0
2024-07-01 14:13:00+09:00,3692.0,3692.0,3690.0,3692.0,13700,0.0,0.0
2024-07-01 14:14:00+09:00,3691.0,3693.0,3691.0,3692.0,16400,0.0,0.0
2024-07-01 14:15:00+09:00,3691.0,3692.0,3690.0,3692.0,16300,0.0,0.0
2024-07-01 14:16:00+09:00,3692.0,3693.0,3690.0,3690.0,18300,0.0,0.0
2024-07-01 14:17:00+09:00,3691.0,3692.0,3690.0,3692.0,18200,0.0,0.0
2024-07-01 14:18:00+09:00,3691.0,3691.0,3688.0,3691.0,72400,0.0,0.0
2024-07-01 14:19:00+09:00,3691.0,3692.0,3690.0,3692.0,23000,0.0,0.0
2024-07-01 14:20:00+09:00,3691.0,3694.0,3691.0,3693.0,19800,0.0,0.0
2024-07-01 14:21:00+09:00,3693.0,3693.0,3691.0,3693.0,21200,0.0,0.0
2024-07-01 14:22:00+09:00,3693.0,3693.0,3690.0,3691.0,13100,0.0,0.0
2024-07-01 14:23:00+09:00,3690.0,3692.0,3690.0,3691.0,11800,0.0,0.0
2024-07-01 14:24:00+09:00,3692.0,3692.0,3690.0,3691.0,26900,0.0,0.0
2024-07-01 14:25:00+09:00,3691.0,3691.0,3687.0,3688.0,58000,0.0,0.0
2024-07-01 14:26:00+09:00,3687.0,3688.0,3686.0,3687.0,27000,0.0,0.0
2024-07-01 14:27:00+09:00,3687.0,3688.0,3686.0,3687.0,35200,0.0,0.0
2024-07-01 14:28:00+09:00,3687.0,3688.0,3685.0,3687.0,19300,0.0,0.0
2024-07-01 14:29:00+09:00,3686.0,3688.0,3685.0,3687.0,20100,0.0,0.0
2024-07-01 14:30:00+09:00,3688.0,3688.0,3685.0,3686.0,38800,0.0,0.0
2024-07-01 14:31:00+09:00,3686.0,3687.0,3681.0,3681.0,47700,0.0,0.0
2024-07-01 14:32:00+09:00,3682.0,3683.0,3681.0,3683.0,22900,0.0,0.0
2024-07-01 14:33:00+09:00,3684.0,3684.0,3681.0,3682.0,10900,0.0,0.0
2024-07-01 14:34:00+09:00,3682.0,3682.0,3677.0,3677.0,92200,0.0,0.0
2024-07-01 14:35:00+09:00,3678.0,3680.0,3673.0,3676.0,52700,0.0,0.0
2024-07-01 14:36:00+09:00,3676.0,3684.0,3674.0,3682.0,48600,0.0,0.0
2024-07-01 14:37:00+09:00,3681.0,3688.0,3680.0,3684.0,35800,0.0,0.0
2024-07-01 14:38:00+09:00,3684.0,3686.0,3683.0,3686.0,12100,0.0,0.0
2024-07-01 14:39:00+09:00,3686.0,3690.0,3685.0,3687.0,38900,0.0,0.0
2024-07-01 14:40:00+09:00,3687.0,3690.0,3687.0,3689.0,23400,0.0,0.0
2024-07-01 14:41:00+09:00,3690.0,3690.0,3685.0,3687.0,56000,0.0,0.0
2024-07-01 14:42:00+09:00,3687.0,3689.0,3686.0,3689.0,32400,0.0,0.0
2024-07-01 14:43:00+09:00,3688.0,3692.0,3687.0,3691.0,34300,0.0,0.0
2024-07-01 14:44:00+09:00,3692.0,3692.0,3689.0,3691.0,23300,0.0,0.0
2024-07-01 14:45:00+09:00,3692.0,3692.0,3690.0,3692.0,37700,0.0,0.0
2024-07-01 14:46:00+09:00,3692.0,3693.0,3692.0,3693.0,18600,0.0,0.0
2024-07-01 14:47:00+09:00,3693.0,3694.0,3692.0,3693.0,46900,0.0,0.0
2024-07-01 14:48:00+09:00,3693.0,3697.0,3693.0,3696.0,70200,0.0,0.0
2024-07-01 14:49:00+09:00,3696.0,3701.0,3696.0,3700.0,56500,0.0,0.0
2024-07-01 14:50:00+09:00,3700.0,3702.0,3699.0,3701.0,60300,0.0,0.0
2024-07-01 14:51:00+09:00,3701.0,3704.0,3698.0,3702.0,87400,0.0,0.0
2024-07-01 14:52:00+09:00,3702.0,3703.0,3701.0,3702.0,27400,0.0,0.0
2024-07-01 14:53:00+09:00,3703.0,3707.0,3702.0,3705.0,76700,0.0,0.0
2024-07-01 14:54:00+09:00,3705.0,3705.0,3702.0,3705.0,47100,0.0,0.0
2024-07-01 14:55:00+09:00,3705.0,3705.0,3700.0,3702.0,79700,0.0,0.0
2024-07-01 14:56:00+09:00,3701.0,3702.0,3699.0,3700.0,71100,0.0,0.0
2024-07-01 14:57:00+09:00,3700.0,3704.0,3699.0,3704.0,75800,0.0,0.0
2024-07-01 14:58:00+09:00,3704.0,3705.0,3702.0,3705.0,60500,0.0,0.0
2024-07-01 14:59:00+09:00,3704.0,3714.0,3695.0,3695.0,392300,0.0,0.0
2024-07-02 09:00:00+09:00,3730.0,3759.0,3728.0,3744.0,1145700,0.0,0.0
2024-07-02 09:01:00+09:00,3744.0,3756.0,3740.0,3744.0,161800,0.0,0.0
2024-07-02 09:02:00+09:00,3746.0,3753.0,3743.0,3747.0,131100,0.0,0.0
2024-07-02 09:03:00+09:00,3745.0,3746.0,3721.0,3731.0,246400,0.0,0.0
2024-07-02 09:04:00+09:00,3732.0,3738.0,3722.0,3724.0,111700,0.0,0.0
2024-07-02 09:05:00+09:00,3723.0,3724.0,3715.0,3717.0,198900,0.0,0.0
2024-07-02 09:06:00+09:00,3718.0,3718.0,3703.0,3713.0,176900,0.0,0.0
2024-07-02 09:07:00+09:00,3713.0,3714.0,3705.0,3706.0,129100,0.0,0.0
2024-07-02 09:08:00+09:00,3706.0,3710.0,3697.0,3697.0,196500,0.0,0.0
2024-07-02 09:09:00+09:00,3698.0,3708.0,3696.0,3702.0,95900,0.0,0.0
2024-07-02 09:10:00+09:00,3701.0,3703.0,3692.0,3693.0,116900,0.0,0.0
2024-07-02 09:11:00+09:00,3692.0,3704.0,3692.0,3701.0,89800,0.0,0.0
2024-07-02 09:12:00+09:00,3701.0,3707.0,3700.0,3706.0,104400,0.0,0.0
2024-07-02 09:13:00+09:00,3705.0,3709.0,3702.0,3703.0,100800,0.0,0.0
2024-07-02 09:14:00+09:00,3703.0,3710.0,3700.0,3709.0,82400,0.0,0.0
2024-07-02 09:15:00+09:00,3710.0,3715.0,3703.0,3707.0,105500,0.0,0.0
2024-07-02 09:16:00+09:00,3707.0,3708.0,3702.0,3705.0,62700,0.0,0.0
2024-07-02 09:17:00+09:00,3705.0,3710.0,3704.0,3708.0,43500,0.0,0.0
2024-07-02 09:18:00+09:00,3708.0,3713.0,3708.0,3709.0,77000,0.0,0.0
2024-07-02 09:19:00+09:00,3709.0,3711.0,3705.0,3707.0,65100,0.0,0.0
2024-07-02 09:20:00+09:00,3707.0,3712.0,3707.0,3708.0,51000,0.0,0.0
2024-07-02 09:21:00+09:00,3708.0,3722.0,3708.0,3722.0,99500,0.0,0.0
2024-07-02 09:22:00+09:00,3721.0,3727.0,3719.0,3723.0,62500,0.0,0.0
2024-07-02 09:23:00+09:00,3722.0,3723.0,3718.0,3720.0,51100,0.0,0.0
2024-07-02 09:24:00+09:00,3720.0,3723.0,3718.0,3721.0,39800,0.0,0.0
2024-07-02 09:25:00+09:00,3721.0,3724.0,3718.0,3720.0,54400,0.0,0.0
2024-07-02 09:26:00+09:00,3720.0,3725.0,3716.0,3723.0,62300,0.0,0.0
2024-07-02 09:27:00+09:00,3723.0,3725.0,3720.0,3722.0,56800,0.0,0.0
2024-07-02 09:28:00+09:00,3722.0,3722.0,3719.0,3721.0,32500,0.0,0.0
2024-07-02 09:29:00+09:00,3722.0,3727.0,3721.0,3724.0,60300,0.0,0.0
2024-07-02 09:30:00+09:00,3724.0,3736.0,3724.0,3733.0,100900,0.0,0.0
2024-07-02 09:31:00+09:00,3733.0,3737.0,3731.0,3736.0,68000,0.0,0.0
2024-07-02 09:32:00+09:00,3737.0,3742.0,3734.0,3737.0,81700,0.0,0.0
2024-07-02 09:33:00+09:00,3738.0,3742.0,3736.0,3739.0,67100,0.0,0.0
2024-07-02 09:34:00+09:00,3739.0,3741.0,3736.0,3738.0,48500,0.0,0.0
2024-07-02 09:35:00+09:00,3737.0,3738.0,3730.0,3733.0,65900,0.0,0.0
2024-07-02 09:36:00+09:00,3733.0,3735.0,3731.0,3733.0,42600,0.0,0.0
2024-07-02 09:37:00+09:00,3733.0,3736.0,3731.0,3734.0,47400,0.0,0.0
2024-07-02 09:38:00+09:00,3734.0,3737.0,3731.0,3734.0,41500,0.0,0.0
2024-07-02 09:39:00+09:00,3734.0,3735.0,3722.0,3724.0,80700,0.0,0.0
2024-07-02 09:40:00+09:00,3724.0,3731.0,3723.0,3726.0,43600,0.0,0.0
2024-07-02 09:41:00+09:00,3726.0,3726.0,3720.0,3721.0,51200,0.0,0.0
2024-07-02 09:42:00+09:00,3723.0,3729.0,3722.0,3723.0,31800,0.0,0.0
2024-07-02 09:43:00+09:00,3722.0,3724.0,3718.0,3718.0,246500,0.0,0.0
2024-07-02 09:44:00+09:00,3719.0,3722.0,3717.0,3717.0,33700,0.0,0.0
2024-07-02 09:45:00+09:00,3718.0,3719.0,3714.0,3715.0,63300,0.0,0.0
2024-07-02 09:46:00+09:00,3714.0,3718.0,3713.0,3718.0,27700,0.0,0.0
2024-07-02 09:47:00+09:00,3716.0,3716.0,3708.0,3709.0,53800,0.0,0.0
2024-07-02 09:48:00+09:00,3710.0,3717.0,3709.0,3714.0,57400,0.0,0.0
2024-07-02 09:49:00+09:00,3715.0,3717.0,3709.0,3711.0,44800,0.0,0.0
2024-07-02 09:50:00+09:00,3712.0,3713.0,3711.0,3712.0,16300,0.0,0.0
2024-07-02 09:51:00+09:00,3712.0,3713.0,3708.0,3710.0,36200,0.0,0.0
2024-07-02 09:52:00+09:00,3710.0,3713.0,3708.0,3710.0,33800,0.0,0.0
2024-07-02 09:53:00+09:00,3710.0,3713.0,3708.0,3711.0,25100,0.0,0.0
2024-07-02 09:54:00+09:00,3713.0,3716.0,3712.0,3713.0,36900,0.0,0.0
2024-07-02 09:55:00+09:00,3713.0,3713.0,3706.0,3709.0,58700,0.0,0.0
2024-07-02 09:56:00+09:00,3709.0,3709.0,3706.0,3709.0,24900,0.0,0.0
2024-07-02 09:57:00+09:00,3709.0,3710.0,3707.0,3707.0,21600,0.0,0.0
2024-07-02 09:58:00+09:00,3709.0,3711.0,3707.0,3710.0,20000,0.0,0.0
2024-07-02 09:59:00+09:00,3709.0,3712.0,3709.0,3712.0,18600,0.0,0.0
2024-07-02 10:00:00+09:00,3712.0,3717.0,3710.0,3712.0,41400,0.0,0.0
2024-07-02 10:01:00+09:00,3712.0,3716.0,3711.0,3715.0,31300,0.0,0.0
2024-07-02 10:02:00+09:00,3715.0,3718.0,3713.0,3718.0,24600,0.0,0.0
2024-07-02 10:03:00+09:00,3718.0,3722.0,3717.0,3722.0,43400,0.0,0.0
2024-07-02 10:04:00+09:00,3721.0,3722.0,3716.0,3719.0,67600,0.0,0.0
2024-07-02 10:05:00+09:00,3719.0,3721.0,3718.0,3721.0,14500,0.0,0.0
2024-07-02 10:06:00+09:00,3721.0,3727.0,3720.0,3721.0,61000,0.0,0.0
2024-07-02 10:07:00+09:00,3721.0,3723.0,3719.0,3721.0,41900,0.0,0.0
2024-07-02 10:08:00+09:00,3721.0,3722.0,3717.0,3718.0,22900,0.0,0.0
2024-07-02 10:09:00+09:00,3717.0,3721.0,3717.0,3719.0,26800,0.0,0.0
2024-07-02 10:10:00+09:00,3720.0,3723.0,3719.0,3722.0,26800,0.0,0.0
2024-07-02 10:11:00+09:00,3723.0,3727.0,3721.0,3726.0,41900,0.0,0.0
2024-07-02 10:12:00+09:00,3727.0,3730.0,3726.0,3728.0,42700,0.0,0.0
2024-07-02 10:13:00+09:00,3728.0,3734.0,3728.0,3733.0,57300,0.0,0.0
2024-07-02 10:14:00+09:00,3732.0,3733.0,3728.0,3732.0,34300,0.0,0.0
2024-07-02 10:15:00+09:00,3731.0,3734.0,3729.0,3733.0,40200,0.0,0.0
2024-07-02 10:16:00+09:00,3731.0,3732.0,3729.0,3729.0,26100,0.0,0.0
2024-07-02 10:17:00+09:00,3729.0,3732.0,3728.0,3732.0,37400,0.0,0.0
2024-07-02 10:18:00+09:00,3731.0,3736.0,3731.0,3733.0,42300,0.0,0.0
2024-07-02 10:19:00+09:00,3733.0,3733.0,3730.0,3731.0,19200,0.0,0.0
2024-07-02 10:20:00+09:00,3732.0,3734.0,3731.0,3731.0,18100,0.0,0.0
2024-07-02 10:21:00+09:00,3732.0,3732.0,3729.0,3730.0,28800,0.0,0.0
2024-07-02 10:22:00+09:00,3730.0,3732.0,3728.0,3730.0,21300,0.0,0.0
2024-07-02 10:23:00+09:00,3731.0,3732.0,3729.0,3732.0,23400,0.0,0.0
2024-07-02 10:24:00+09:00,3732.0,3732.0,3731.0,3732.0,15600,0.0,0.0
2024-07-02 10:25:00+09:00,3731.0,3733.0,3731.0,3732.0,18900,0.0,0.0
2024-07-02 10:26:00+09:00,3732.0,3736.0,3732.0,3736.0,48100,0.0,0.0
2024-07-02 10:27:00+09:00,3736.0,3741.0,3736.0,3741.0,76300,0.0,0.0
2024-07-02 10:28:00+09:00,3741.0,3744.0,3740.0,3744.0,30200,0.0,0.0
2024-07-02 10:29:00+09:00,3743.0,3752.0,3743.0,3752.0,213200,0.0,0.0
2024-07-02 10:30:00+09:00,3752.0,3753.0,3747.0,3750.0,59800,0.0,0.0
2024-07-02 10:31:00+09:00,3750.0,3752.0,3750.0,3751.0,25800,0.0,0.0
2024-07-02 10:32:00+09:00,3750.0,3756.0,3750.0,3756.0,73400,0.0,0.0
2024-07-02 10:33:00+09:00,3756.0,3756.0,3750.0,3753.0,37300,0.0,0.0
2024-07-02 10:34:00+09:00,3752.0,3754.0,3751.0,3754.0,22500,0.0,0.0
2024-07-02 10:35:00+09:00,3753.0,3754.0,3748.0,3749.0,24900,0.0,0.0
2024-07-02 10:36:00+09:00,3749.0,3752.0,3745.0,3750.0,48100,0.0,0.0
2024-07-02 10:37:00+09:00,3748.0,3754.0,3747.0,3751.0,33000,0.0,0.0
2024-07-02 10:38:00+09:00,3752.0,3753.0,3750.0,3752.0,13800,0.0,0.0
2024-07-02 10:39:00+09:00,3753.0,3755.0,3751.0,3753.0,37800,0.0,0.0
2024-07-02 10:40:00+09:00,3754.0,3759.0,3752.0,3757.0,109000,0.0,0.0
2024-07-02 10:41:00+09:00,3758.0,3758.0,3756.0,3756.0,19200,0.0,0.0
2024-07-02 10:42:00+09:00,3757.0,3757.0,3752.0,3753.0,37300,0.0,0.0
2024-07-02 10:43:00+09:00,3753.0,3756.0,3751.0,3754.0,38000,0.0,0.0
2024-07-02 10:44:00+09:00,3754.0,3755.0,3750.0,3751.0,29700,0.0,0.0
2024-07-02 10:45:00+09:00,3750.0,3754.0,3749.0,3752.0,46900,0.0,0.0
2024-07-02 10:46:00+09:00,3752.0,3754.0,3751.0,3751.0,20900,0.0,0.0
2024-07-02 10:47:00+09:00,3752.0,3754.0,3750.0,3752.0,23500,0.0,0.0
2024-07-02 10:48:00+09:00,3751.0,3754.0,3750.0,3753.0,34800,0.0,0.0
2024-07-02 10:49:00+09:00,3753.0,3754.0,3753.0,3754.0,2600,0.0,0.0
2024-07-02 10:50:00+09:00,3751.0,3751.0,3747.0,3748.0,31700,0.0,0.0
2024-07-02 10:51:00+09:00,3746.0,3748.0,3746.0,3748.0,19300,0.0,0.0
2024-07-02 10:54:00+09:00,3743.0,3743.0,3741.0,3742.0,102000,0.0,0.0
2024-07-02 10:55:00+09:00,3742.0,3752.0,3741.0,3748.0,66100,0.0,0.0
2024-07-02 10:56:00+09:00,3749.0,3749.0,3746.0,3748.0,22500,0.0,0.0
2024-07-02 10:57:00+09:00,3747.0,3748.0,3745.0,3745.0,18700,0.0,0.0
2024-07-02 10:58:00+09:00,3746.0,3746.0,3744.0,3745.0,7300,0.0,0.0
2024-07-02 10:59:00+09:00,3745.0,3747.0,3744.0,3746.0,27400,0.0,0.0
2024-07-02 11:00:00+09:00,3746.0,3749.0,3745.0,3748.0,49800,0.0,0.0
2024-07-02 11:01:00+09:00,3747.0,3749.0,3747.0,3749.0,21600,0.0,0.0
2024-07-02 11:02:00+09:00,3749.0,3755.0,3749.0,3755.0,60000,0.0,0.0
2024-07-02 11:03:00+09:00,3755.0,3757.0,3755.0,3756.0,18400,0.0,0.0
2024-07-02 11:04:00+09:00,3756.0,3757.0,3753.0,3754.0,19400,0.0,0.0
2024-07-02 11:05:00+09:00,3753.0,3754.0,3752.0,3752.0,9100,0.0,0.0
2024-07-02 11:06:00+09:00,3752.0,3755.0,3751.0,3754.0,23900,0.0,0.0
2024-07-02 11:07:00+09:00,3754.0,3755.0,3750.0,3753.0,30700,0.0,0.0
2024-07-02 11:08:00+09:00,3753.0,3754.0,3751.0,3753.0,24500,0.0,0.0
2024-07-02 11:09:00+09:00,3751.0,3751.0,3746.0,3747.0,34300,0.0,0.0
2024-07-02 11:10:00+09:00,3747.0,3747.0,3746.0,3747.0,1200,0.0,0.0
2024-07-02 11:11:00+09:00,3746.0,3749.0,3746.0,3748.0,48200,0.0,0.0
2024-07-02 11:12:00+09:00,3749.0,3749.0,3746.0,3747.0,17800,0.0,0.0
2024-07-02 11:13:00+09:00,3748.0,3749.0,3740.0,3745.0,41600,0.0,0.0
2024-07-02 11:14:00+09:00,3744.0,3745.0,3743.0,3743.0,10000,0.0,0.0
2024-07-02 11:15:00+09:00,3743.0,3743.0,3737.0,3738.0,47700,0.0,0.0
2024-07-02 11:16:00+09:00,3740.0,3742.0,3738.0,3741.0,15500,0.0,0.0
2024-07-02 11:17:00+09:00,3739.0,3739.0,3737.0,3738.0,13500,0.0,0.0
2024-07-02 11:18:00+09:00,3739.0,3740.0,3738.0,3740.0,22200,0.0,0.0
2024-07-02 11:19:00+09:00,3740.0,3743.0,3740.0,3742.0,21800,0.0,0.0
2024-07-02 11:20:00+09:00,3742.0,3742.0,3738.0,3740.0,19400,0.0,0.0
2024-07-02 11:21:00+09:00,3740.0,3741.0,3738.0,3738.0,24700,0.0,0.0
2024-07-02 11:22:00+09:00,3737.0,3738.0,3732.0,3732.0,48000,0.0,0.0
2024-07-02 11:23:00+09:00,3732.0,3733.0,3730.0,3731.0,46800,0.0,0.0
2024-07-02 11:24:00+09:00,3731.0,3732.0,3728.0,3729.0,47900,0.0,0.0
2024-07-02 11:25:00+09:00,3728.0,3729.0,3725.0,3725.0,51700,0.0,0.0
2024-07-02 11:26:00+09:00,3725.0,3726.0,3722.0,3724.0,22100,0.0,0.0
2024-07-02 11:27:00+09:00,3723.0,3725.0,3722.0,3724.0,22600,0.0,0.0
2024-07-02 11:28:00+09:00,3725.0,3726.0,3720.0,3722.0,46000,0.0,0.0
2024-07-02 11:29:00+09:00,3721.0,3723.0,3720.0,3723.0,37400,0.0,0.0
2024-07-02 11:30:00+09:00,3722.0,3722.0,3722.0,3722.0,16700,0.0,0.0
2024-07-02 11:35:00+09:00,3722.0,3722.0,3722.0,3722.0,0,0.0,0.0
2024-07-02 12:30:00+09:00,3720.0,3720.0,3705.0,3710.0,9192500,0.0,0.0
2024-07-02 12:31:00+09:00,3711.0,3713.0,3705.0,3711.0,50300,0.0,0.0
2024-07-02 12:32:00+09:00,3711.0,3711.0,3704.0,3706.0,44100,0.0,0.0
2024-07-02 12:33:00+09:00,3706.0,3712.0,3706.0,3711.0,54300,0.0,0.0
2024-07-02 12:34:00+09:00,3711.0,3718.0,3710.0,3717.0,68500,0.0,0.0
2024-07-02 12:35:00+09:00,3717.0,3718.0,3712.0,3713.0,49900,0.0,0.0
2024-07-02 12:36:00+09:00,3713.0,3718.0,3713.0,3715.0,28900,0.0,0.0
2024-07-02 12:37:00+09:00,3716.0,3716.0,3707.0,3708.0,41000,0.0,0.0
2024-07-02 12:38:00+09:00,3708.0,3710.0,3706.0,3709.0,36700,0.0,0.0
2024-07-02 12:39:00+09:00,3710.0,3712.0,3709.0,3712.0,18200,0.0,0.0
2024-07-02 12:40:00+09:00,3712.0,3718.0,3711.0,3712.0,55600,0.0,0.0
2024-07-02 12:41:00+09:00,3711.0,3715.0,3711.0,3714.0,17200,0.0,0.0
2024-07-02 12:42:00+09:00,3713.0,3714.0,3708.0,3710.0,33900,0.0,0.0
2024-07-02 12:43:00+09:00,3710.0,3713.0,3710.0,3712.0,36700,0.0,0.0
2024-07-02 12:44:00+09:00,3712.0,3712.0,3711.0,3711.0,13700,0.0,0.0
2024-07-02 12:45:00+09:00,3712.0,3712.0,3708.0,3709.0,30100,0.0,0.0
2024-07-02 12:46:00+09:00,3709.0,3710.0,3708.0,3709.0,25900,0.0,0.0
2024-07-02 12:47:00+09:00,3709.0,3710.0,3708.0,3708.0,11100,0.0,0.0
2024-07-02 12:48:00+09:00,3708.0,3708.0,3702.0,3703.0,68500,0.0,0.0
2024-07-02 12:49:00+09:00,3703.0,3706.0,3702.0,3704.0,30300,0.0,0.0
2024-07-02 12:50:00+09:00,3704.0,3708.0,3704.0,3708.0,30200,0.0,0.0
2024-07-02 12:51:00+09:00,3708.0,3716.0,3708.0,3714.0,48800,0.0,0.0
2024-07-02 12:52:00+09:00,3715.0,3720.0,3715.0,3720.0,28300,0.0,0.0
2024-07-02 12:53:00+09:00,3719.0,3721.0,3717.0,3717.0,29700,0.0,0.0
2024-07-02 12:54:00+09:00,3718.0,3722.0,3717.0,3722.0,18100,0.0,0.0
2024-07-02 12:55:00+09:00,3722.0,3724.0,3718.0,3718.0,39900,0.0,0.0
2024-07-02 12:56:00+09:00,3717.0,3723.0,3716.0,3721.0,22800,0.0,0.0
2024-07-02 12:57:00+09:00,3722.0,3722.0,3720.0,3722.0,11500,0.0,0.0
2024-07-02 12:58:00+09:00,3721.0,3722.0,3718.0,3718.0,29700,0.0,0.0
2024-07-02 12:59:00+09:00,3719.0,3720.0,3718.0,3718.0,8600,0.0,0.0
2024-07-02 13:00:00+09:00,3717.0,3719.0,3715.0,3717.0,31800,0.0,0.0
2024-07-02 13:01:00+09:00,3718.0,3723.0,3718.0,3720.0,33900,0.0,0.0
2024-07-02 13:02:00+09:00,3721.0,3723.0,3721.0,3723.0,12000,0.0,0.0
2024-07-02 13:03:00+09:00,3722.0,3725.0,3721.0,3722.0,36100,0.0,0.0
2024-07-02 13:04:00+09:00,3722.0,3727.0,3722.0,3725.0,26600,0.0,0.0
2024-07-02 13:05:00+09:00,3725.0,3726.0,3722.0,3724.0,20900,0.0,0.0
2024-07-02 13:06:00+09:00,3724.0,3728.0,3724.0,3728.0,31300,0.0,0.0
2024-07-02 13:07:00+09:00,3728.0,3730.0,3727.0,3728.0,32600,0.0,0.0
2024-07-02 13:08:00+09:00,3729.0,3730.0,3728.0,3729.0,14100,0.0,0.0
2024-07-02 13:09:00+09:00,3729.0,3733.0,3729.0,3733.0,57800,0.0,0.0
2024-07-02 13:10:00+09:00,3732.0,3734.0,3732.0,3733.0,37200,0.0,0.0
2024-07-02 13:11:00+09:00,3732.0,3732.0,3727.0,3728.0,37100,0.0,0.0
2024-07-02 13:12:00+09:00,3728.0,3729.0,3725.0,3727.0,23500,0.0,0.0
2024-07-02 13:13:00+09:00,3728.0,3729.0,3726.0,3727.0,11900,0.0,0.0
2024-07-02 13:14:00+09:00,3727.0,3728.0,3727.0,3728.0,10400,0.0,0.0
2024-07-02 13:15:00+09:00,3729.0,3733.0,3729.0,3732.0,32100,0.0,0.0
2024-07-02 13:16:00+09:00,3732.0,3735.0,3730.0,3735.0,78300,0.0,0.0
2024-07-02 13:17:00+09:00,3734.0,3735.0,3733.0,3734.0,18800,0.0,0.0
2024-07-02 13:18:00+09:00,3734.0,3739.0,3734.0,3738.0,23100,0.0,0.0
2024-07-02 13:19:00+09:00,3738.0,3743.0,3738.0,3740.0,48600,0.0,0.0
2024-07-02 13:20:00+09:00,3740.0,3741.0,3738.0,3739.0,34600,0.0,0.0
2024-07-02 13:21:00+09:00,3739.0,3741.0,3738.0,3738.0,20800,0.0,0.0
2024-07-02 13:22:00+09:00,3739.0,3740.0,3738.0,3739.0,20800,0.0,0.0
2024-07-02 13:23:00+09:00,3738.0,3739.0,3734.0,3736.0,29800,0.0,0.0
2024-07-02 13:24:00+09:00,3735.0,3738.0,3735.0,3738.0,20000,0.0,0.0
2024-07-02 13:25:00+09:00,3738.0,3738.0,3737.0,3738.0,15800,0.0,0.0
2024-07-02 13:26:00+09:00,3738.0,3738.0,3736.0,3737.0,9800,0.0,0.0
2024-07-02 13:27:00+09:00,3738.0,3740.0,3737.0,3738.0,24600,0.0,0.0
2024-07-02 13:28:00+09:00,3740.0,3741.0,3740.0,3741.0,21500,0.0,0.0
2024-07-02 13:29:00+09:00,3741.0,3744.0,3740.0,3743.0,38700,0.0,0.0
2024-07-02 13:30:00+09:00,3743.0,3746.0,3742.0,3744.0,59700,0.0,0.0
2024-07-02 13:31:00+09:00,3745.0,3745.0,3742.0,3744.0,25500,0.0,0.0
2024-07-02 13:32:00+09:00,3744.0,3746.0,3742.0,3742.0,29900,0.0,0.0
2024-07-02 13:33:00+09:00,3743.0,3747.0,3741.0,3747.0,39300,0.0,0.0
2024-07-02 13:34:00+09:00,3748.0,3748.0,3743.0,3743.0,24800,0.0,0.0
2024-07-02 13:35:00+09:00,3743.0,3743.0,3739.0,3742.0,41100,0.0,0.0
2024-07-02 13:36:00+09:00,3743.0,3743.0,3736.0,3736.0,29400,0.0,0.0
2024-07-02 13:37:00+09:00,3736.0,3738.0,3733.0,3734.0,27500,0.0,0.0
2024-07-02 13:38:00+09:00,3734.0,3740.0,3733.0,3737.0,45100,0.0,0.0
2024-07-02 13:39:00+09:00,3737.0,3740.0,3735.0,3738.0,19000,0.0,0.0
2024-07-02 13:40:00+09:00,3739.0,3739.0,3735.0,3736.0,12500,0.0,0.0
2024-07-02 13:41:00+09:00,3736.0,3737.0,3735.0,3737.0,12000,0.0,0.0
2024-07-02 13:42:00+09:00,3739.0,3742.0,3738.0,3741.0,53900,0.0,0.0
2024-07-02 13:43:00+09:00,3740.0,3740.0,3740.0,3740.0,100,0.0,0.0
2024-07-02 13:44:00+09:00,3739.0,3742.0,3738.0,3741.0,55900,0.0,0.0
2024-07-02 13:45:00+09:00,3740.0,3744.0,3740.0,3742.0,38800,0.0,0.0
2024-07-02 13:46:00+09:00,3743.0,3743.0,3741.0,3743.0,16500,0.0,0.0
2024-07-02 13:47:00+09:00,3743.0,3745.0,3741.0,3745.0,26400,0.0,0.0
2024-07-02 13:48:00+09:00,3744.0,3747.0,3744.0,3747.0,33200,0.0,0.0
2024-07-02 13:49:00+09:00,3747.0,3748.0,3746.0,3746.0,26800,0.0,0.0
2024-07-02 13:50:00+09:00,3746.0,3748.0,3746.0,3747.0,13200,0.0,0.0
2024-07-02 13:51:00+09:00,3747.0,3748.0,3746.0,3747.0,21600,0.0,0.0
2024-07-02 13:52:00+09:00,3746.0,3747.0,3745.0,3747.0,25300,0.0,0.0
2024-07-02 13:53:00+09:00,3747.0,3753.0,3746.0,3753.0,112100,0.0,0.0
2024-07-02 13:54:00+09:00,3752.0,3753.0,3750.0,3752.0,34400,0.0,0.0
2024-07-02 13:55:00+09:00,3752.0,3752.0,3749.0,3750.0,39700,0.0,0.0
2024-07-02 13:56:00+09:00,3750.0,3752.0,3748.0,3750.0,25400,0.0,0.0
2024-07-02 13:57:00+09:00,3749.0,3751.0,3749.0,3749.0,23900,0.0,0.0
2024-07-02 13:58:00+09:00,3749.0,3749.0,3745.0,3745.0,20900,0.0,0.0
2024-07-02 13:59:00+09:00,3745.0,3750.0,3745.0,3749.0,32000,0.0,0.0
2024-07-02 14:00:00+09:00,3749.0,3749.0,3744.0,3746.0,35300,0.0,0.0
2024-07-02 14:01:00+09:00,3747.0,3747.0,3744.0,3746.0,35900,0.0,0.0
2024-07-02 14:02:00+09:00,3746.0,3749.0,3745.0,3749.0,32600,0.0,0.0
2024-07-02 14:03:00+09:00,3749.0,3750.0,3748.0,3749.0,9400,0.0,0.0
2024-07-02 14:04:00+09:00,3750.0,3752.0,3749.0,3751.0,18700,0.0,0.0
2024-07-02 14:05:00+09:00,3751.0,3753.0,3750.0,3752.0,33200,0.0,0.0
2024-07-02 14:06:00+09:00,3752.0,3753.0,3749.0,3751.0,55400,0.0,0.0
2024-07-02 14:07:00+09:00,3751.0,3752.0,3750.0,3751.0,12200,0.0,0.0
2024-07-02 14:08:00+09:00,3750.0,3750.0,3747.0,3749.0,20800,0.0,0.0
2024-07-02 14:09:00+09:00,3748.0,3750.0,3748.0,3749.0,20500,0.0,0.0
2024-07-02 14:10:00+09:00,3748.0,3750.0,3746.0,3747.0,32400,0.0,0.0
2024-07-02 14:11:00+09:00,3747.0,3747.0,3744.0,3745.0,20300,0.0,0.0
2024-07-02 14:12:00+09:00,3746.0,3746.0,3744.0,3745.0,13500,0.0,0.0
2024-07-02 14:13:00+09:00,3744.0,3744.0,3741.0,3742.0,37000,0.0,0.0
2024-07-02 14:14:00+09:00,3742.0,3743.0,3740.0,3741.0,14500,0.0,0.0
2024-07-02 14:15:00+09:00,3740.0,3741.0,3739.0,3740.0,42800,0.0,0.0
2024-07-02 14:16:00+09:00,3740.0,3741.0,3738.0,3738.0,12700,0.0,0.0
2024-07-02 14:17:00+09:00,3738.0,3739.0,3734.0,3738.0,45600,0.0,0.0
2024-07-02 14:18:00+09:00,3737.0,3738.0,3735.0,3735.0,18700,0.0,0.0
2024-07-02 14:19:00+09:00,3735.0,3735.0,3730.0,3735.0,48800,0.0,0.0
2024-07-02 14:20:00+09:00,3733.0,3736.0,3732.0,3736.0,29900,0.0,0.0
2024-07-02 14:21:00+09:00,3735.0,3736.0,3735.0,3736.0,7800,0.0,0.0
2024-07-02 14:22:00+09:00,3738.0,3740.0,3738.0,3740.0,55600,0.0,0.0
2024-07-02 14:23:00+09:00,3739.0,3740.0,3739.0,3740.0,2100,0.0,0.0
2024-07-02 14:24:00+09:00,3740.0,3740.0,3737.0,3737.0,23800,0.0,0.0
2024-07-02 14:25:00+09:00,3738.0,3739.0,3736.0,3738.0,27500,0.0,0.0
2024-07-02 14:26:00+09:00,3737.0,3738.0,3736.0,3738.0,16600,0.0,0.0
2024-07-02 14:27:00+09:00,3737.0,3738.0,3736.0,3737.0,28600,0.0,0.0
2024-07-02 14:28:00+09:00,3738.0,3738.0,3736.0,3736.0,21100,0.0,0.0
2024-07-02 14:29:00+09:00,3737.0,3742.0,3737.0,3742.0,51300,0.0,0.0
2024-07-02 14:30:00+09:00,3742.0,3745.0,3741.0,3744.0,25700,0.0,0.0
2024-07-02 14:31:00+09:00,3745.0,3745.0,3743.0,3744.0,34900,0.0,0.0
2024-07-02 14:32:00+09:00,3742.0,3744.0,3742.0,3743.0,16600,0.0,0.0
2024-07-02 14:33:00+09:00,3744.0,3744.0,3742.0,3743.0,24100,0.0,0.0
2024-07-02 14:34:00+09:00,3743.0,3745.0,3742.0,3745.0,40900,0.0,0.0
2024-07-02 14:35:00+09:00,3746.0,3750.0,3746.0,3749.0,49400,0.0,0.0
2024-07-02 14:36:00+09:00,3749.0,3749.0,3746.0,3747.0,24800,0.0,0.0
2024-07-02 14:37:00+09:00,3747.0,3749.0,3747.0,3748.0,23900,0.0,0.0
2024-07-02 14:38:00+09:00,3748.0,3750.0,3747.0,3749.0,28800,0.0,0.0
2024-07-02 14:39:00+09:00,3749.0,3751.0,3749.0,3750.0,44400,0.0,0.0
2024-07-02 14:40:00+09:00,3749.0,3753.0,3749.0,3752.0,70500,0.0,0.0
2024-07-02 14:41:00+09:00,3751.0,3752.0,3750.0,3750.0,12200,0.0,0.0
2024-07-02 14:42:00+09:00,3751.0,3753.0,3751.0,3753.0,58500,0.0,0.0
2024-07-02 14:43:00+09:00,3752.0,3754.0,3751.0,3752.0,57400,0.0,0.0
2024-07-02 14:44:00+09:00,3753.0,3753.0,3751.0,3751.0,23600,0.0,0.0
2024-07-02 14:45:00+09:00,3751.0,3752.0,3748.0,3749.0,50400,0.0,0.0
2024-07-02 14:46:00+09:00,3748.0,3749.0,3746.0,3748.0,40200,0.0,0.0
2024-07-02 14:47:00+09:00,3749.0,3749.0,3744.0,3745.0,84800,0.0,0.0
2024-07-02 14:48:00+09:00,3745.0,3746.0,3743.0,3744.0,36200,0.0,0.0
2024-07-02 14:49:00+09:00,3744.0,3745.0,3743.0,3743.0,51900,0.0,0.0
2024-07-02 14:50:00+09:00,3742.0,3748.0,3739.0,3746.0,88500,0.0,0.0
2024-07-02 14:51:00+09:00,3747.0,3748.0,3745.0,3746.0,50500,0.0,0.0
2024-07-02 14:52:00+09:00,3747.0,3748.0,3743.0,3744.0,67400,0.0,0.0
2024-07-02 14:53:00+09:00,3743.0,3744.0,3742.0,3743.0,17300,0.0,0.0
2024-07-02 14:54:00+09:00,3739.0,3739.0,3737.0,3737.0,80000,0.0,0.0
2024-07-02 14:55:00+09:00,3734.0,3735.0,3731.0,3732.0,98300,0.0,0.0
2024-07-02 14:56:00+09:00,3732.0,3735.0,3731.0,3734.0,66700,0.0,0.0
2024-07-02 14:57:00+09:00,3733.0,3736.0,3732.0,3733.0,67000,0.0,0.0
2024-07-02 14:58:00+09:00,3733.0,3734.0,3730.0,3731.0,86100,0.0,0.0
2024-07-02 14:59:00+09:00,3731.0,3741.0,3730.0,3735.0,207000,0.0,0.0
2024-07-03 09:00:00+09:00,3700.0,3752.0,3698.0,3720.0,1719800,0.0,0.0
2024-07-03 09:01:00+09:00,3717.0,3719.0,3682.0,3686.0,308600,0.0,0.0
2024-07-03 09:02:00+09:00,3687.0,3709.0,3685.0,3707.0,171700,0.0,0.0
2024-07-03 09:03:00+09:00,3709.0,3733.0,3705.0,3715.0,214400,0.0,0.0
2024-07-03 09:04:00+09:00,3714.0,3715.0,3703.0,3711.0,115300,0.0,0.0
2024-07-03 09:05:00+09:00,3711.0,3714.0,3699.0,3707.0,210100,0.0,0.0
2024-07-03 09:06:00+09:00,3706.0,3707.0,3695.0,3698.0,152900,0.0,0.0
2024-07-03 09:07:00+09:00,3698.0,3707.0,3692.0,3707.0,131500,0.0,0.0
2024-07-03 09:08:00+09:00,3707.0,3708.0,3702.0,3708.0,56700,0.0,0.0
2024-07-03 09:09:00+09:00,3707.0,3708.0,3692.0,3700.0,165400,0.0,0.0
2024-07-03 09:10:00+09:00,3700.0,3701.0,3694.0,3695.0,96100,0.0,0.0
2024-07-03 09:11:00+09:00,3697.0,3697.0,3690.0,3695.0,115900,0.0,0.0
2024-07-03 09:12:00+09:00,3695.0,3695.0,3675.0,3679.0,383800,0.0,0.0
2024-07-03 09:13:00+09:00,3680.0,3683.0,3671.0,3675.0,164600,0.0,0.0
2024-07-03 09:14:00+09:00,3674.0,3684.0,3672.0,3681.0,112000,0.0,0.0
2024-07-03 09:15:00+09:00,3681.0,3692.0,3678.0,3692.0,121600,0.0,0.0
2024-07-03 09:16:00+09:00,3692.0,3693.0,3682.0,3685.0,81400,0.0,0.0
2024-07-03 09:17:00+09:00,3686.0,3688.0,3677.0,3681.0,158200,0.0,0.0
2024-07-03 09:18:00+09:00,3682.0,3682.0,3679.0,3682.0,48600,0.0,0.0
2024-07-03 09:19:00+09:00,3681.0,3684.0,3678.0,3681.0,94600,0.0,0.0
2024-07-03 09:20:00+09:00,3679.0,3683.0,3678.0,3682.0,63700,0.0,0.0
2024-07-03 09:21:00+09:00,3683.0,3688.0,3681.0,3686.0,110900,0.0,0.0
2024-07-03 09:22:00+09:00,3685.0,3686.0,3678.0,3680.0,115900,0.0,0.0
2024-07-03 09:23:00+09:00,3681.0,3683.0,3678.0,3678.0,80600,0.0,0.0
2024-07-03 09:24:00+09:00,3678.0,3682.0,3678.0,3682.0,51200,0.0,0.0
2024-07-03 09:25:00+09:00,3682.0,3683.0,3675.0,3675.0,95500,0.0,0.0
2024-07-03 09:26:00+09:00,3675.0,3676.0,3672.0,3673.0,103000,0.0,0.0
2024-07-03 09:27:00+09:00,3673.0,3675.0,3672.0,3674.0,35900,0.0,0.0
2024-07-03 09:28:00+09:00,3674.0,3677.0,3673.0,3675.0,51500,0.0,0.0
2024-07-03 09:29:00+09:00,3675.0,3681.0,3674.0,3681.0,47600,0.0,0.0
2024-07-03 09:30:00+09:00,3681.0,3681.0,3675.0,3678.0,48100,0.0,0.0
2024-07-03 09:31:00+09:00,3678.0,3681.0,3677.0,3679.0,54300,0.0,0.0
2024-07-03 09:32:00+09:00,3679.0,3685.0,3679.0,3684.0,81000,0.0,0.0
2024-07-03 09:33:00+09:00,3683.0,3683.0,3678.0,3678.0,58800,0.0,0.0
2024-07-03 09:34:00+09:00,3679.0,3681.0,3678.0,3679.0,44700,0.0,0.0
2024-07-03 09:35:00+09:00,3679.0,3680.0,3666.0,3673.0,346200,0.0,0.0
2024-07-03 09:36:00+09:00,3673.0,3673.0,3660.0,3668.0,175200,0.0,0.0
2024-07-03 09:37:00+09:00,3668.0,3673.0,3667.0,3672.0,42700,0.0,0.0
2024-07-03 09:38:00+09:00,3672.0,3678.0,3670.0,3677.0,60800,0.0,0.0
2024-07-03 09:39:00+09:00,3677.0,3683.0,3676.0,3680.0,66200,0.0,0.0
2024-07-03 09:40:00+09:00,3681.0,3682.0,3676.0,3677.0,45500,0.0,0.0
2024-07-03 09:41:00+09:00,3677.0,3678.0,3673.0,3675.0,50500,0.0,0.0
2024-07-03 09:42:00+09:00,3675.0,3678.0,3675.0,3678.0,13600,0.0,0.0
2024-07-03 09:43:00+09:00,3677.0,3680.0,3675.0,3677.0,59200,0.0,0.0
2024-07-03 09:44:00+09:00,3677.0,3682.0,3677.0,3678.0,63600,0.0,0.0
2024-07-03 09:45:00+09:00,3679.0,3681.0,3678.0,3680.0,85200,0.0,0.0
2024-07-03 09:46:00+09:00,3679.0,3681.0,3678.0,3679.0,40900,0.0,0.0
2024-07-03 09:47:00+09:00,3680.0,3681.0,3677.0,3678.0,34500,0.0,0.0
2024-07-03 09:48:00+09:00,3679.0,3680.0,3677.0,3680.0,34100,0.0,0.0
2024-07-03 09:49:00+09:00,3679.0,3680.0,3676.0,3676.0,30900,0.0,0.0
2024-07-03 09:50:00+09:00,3677.0,3678.0,3674.0,3675.0,62400,0.0,0.0
2024-07-03 09:51:00+09:00,3675.0,3678.0,3674.0,3676.0,29800,0.0,0.0
2024-07-03 09:52:00+09:00,3676.0,3677.0,3674.0,3674.0,31100,0.0,0.0
2024-07-03 09:53:00+09:00,3675.0,3675.0,3674.0,3675.0,7900,0.0,0.0
2024-07-03 09:54:00+09:00,3676.0,3678.0,3675.0,3676.0,41600,0.0,0.0
2024-07-03 09:55:00+09:00,3677.0,3678.0,3676.0,3677.0,24300,0.0,0.0
2024-07-03 09:56:00+09:00,3677.0,3678.0,3676.0,3677.0,18100,0.0,0.0
2024-07-03 09:57:00+09:00,3677.0,3678.0,3675.0,3677.0,6100,0.0,0.0
2024-07-03 09:58:00+09:00,3678.0,3681.0,3678.0,3679.0,79000,0.0,0.0
2024-07-03 09:59:00+09:00,3679.0,3681.0,3678.0,3680.0,45800,0.0,0.0
2024-07-03 10:00:00+09:00,3680.0,3681.0,3678.0,3679.0,28200,0.0,0.0
2024-07-03 10:01:00+09:00,3680.0,3681.0,3679.0,3679.0,32500,0.0,0.0
2024-07-03 10:02:00+09:00,3681.0,3681.0,3676.0,3678.0,60400,0.0,0.0
2024-07-03 10:03:00+09:00,3679.0,3679.0,3675.0,3676.0,42900,0.0,0.0
2024-07-03 10:04:00+09:00,3677.0,3677.0,3672.0,3674.0,118100,0.0,0.0
2024-07-03 10:05:00+09:00,3675.0,3678.0,3673.0,3677.0,42600,0.0,0.0
2024-07-03 10:06:00+09:00,3676.0,3676.0,3673.0,3676.0,21900,0.0,0.0
2024-07-03 10:07:00+09:00,3674.0,3677.0,3673.0,3677.0,43300,0.0,0.0
2024-07-03 10:08:00+09:00,3677.0,3680.0,3677.0,3678.0,39100,0.0,0.0
2024-07-03 10:11:00+09:00,3679.0,3679.0,3677.0,3678.0,68900,0.0,0.0
2024-07-03 10:12:00+09:00,3678.0,3679.0,3677.0,3679.0,29300,0.0,0.0
2024-07-03 10:13:00+09:00,3678.0,3681.0,3677.0,3678.0,29000,0.0,0.0
2024-07-03 10:14:00+09:00,3679.0,3680.0,3678.0,3679.0,19700,0.0,0.0
2024-07-03 10:15:00+09:00,3678.0,3680.0,3678.0,3678.0,27300,0.0,0.0
2024-07-03 10:16:00+09:00,3679.0,3681.0,3678.0,3680.0,22200,0.0,0.0
2024-07-03 10:17:00+09:00,3680.0,3680.0,3678.0,3679.0,22600,0.0,0.0
2024-07-03 10:18:00+09:00,3679.0,3680.0,3677.0,3678.0,37500,0.0,0.0
2024-07-03 10:19:00+09:00,3679.0,3680.0,3677.0,3678.0,20300,0.0,0.0
2024-07-03 10:20:00+09:00,3677.0,3677.0,3673.0,3676.0,75400,0.0,0.0
2024-07-03 10:21:00+09:00,3675.0,3677.0,3675.0,3677.0,9100,0.0,0.0
2024-07-03 10:22:00+09:00,3676.0,3677.0,3673.0,3675.0,30600,0.0,0.0
2024-07-03 10:23:00+09:00,3674.0,3676.0,3673.0,3674.0,15100,0.0,0.0
2024-07-03 10:24:00+09:00,3673.0,3674.0,3672.0,3673.0,13700,0.0,0.0
2024-07-03 10:25:00+09:00,3673.0,3674.0,3672.0,3673.0,15300,0.0,0.0
2024-07-03 10:26:00+09:00,3673.0,3674.0,3671.0,3673.0,29700,0.0,0.0
2024-07-03 10:27:00+09:00,3672.0,3675.0,3672.0,3675.0,26700,0.0,0.0
2024-07-03 10:28:00+09:00,3675.0,3677.0,3674.0,3676.0,29800,0.0,0.0
2024-07-03 10:29:00+09:00,3675.0,3676.0,3674.0,3674.0,26400,0.0,0.0
2024-07-03 10:30:00+09:00,3673.0,3675.0,3671.0,3674.0,55200,0.0,0.0
2024-07-03 10:31:00+09:00,3674.0,3677.0,3673.0,3676.0,44200,0.0,0.0
2024-07-03 10:32:00+09:00,3674.0,3675.0,3673.0,3674.0,46400,0.0,0.0
2024-07-03 10:33:00+09:00,3674.0,3674.0,3671.0,3672.0,16800,0.0,0.0
2024-07-03 10:34:00+09:00,3672.0,3673.0,3666.0,3666.0,184900,0.0,0.0
2024-07-03 10:35:00+09:00,3666.0,3669.0,3663.0,3664.0,54700,0.0,0.0
2024-07-03 10:36:00+09:00,3664.0,3668.0,3664.0,3667.0,47200,0.0,0.0
2024-07-03 10:37:00+09:00,3667.0,3669.0,3666.0,3669.0,32400,0.0,0.0
2024-07-03 10:38:00+09:00,3669.0,3669.0,3668.0,3669.0,8800,0.0,0.0
2024-07-03 10:39:00+09:00,3669.0,3672.0,3668.0,3671.0,61200,0.0,0.0
2024-07-03 10:40:00+09:00,3670.0,3673.0,3669.0,3673.0,40200,0.0,0.0
2024-07-03 10:41:00+09:00,3672.0,3675.0,3672.0,3674.0,25500,0.0,0.0
2024-07-03 10:42:00+09:00,3674.0,3678.0,3672.0,3676.0,64100,0.0,0.0
2024-07-03 10:43:00+09:00,3678.0,3678.0,3676.0,3677.0,14400,0.0,0.0
2024-07-03 10:44:00+09:00,3678.0,3679.0,3674.0,3677.0,52100,0.0,0.0
2024-07-03 10:45:00+09:00,3676.0,3677.0,3676.0,3676.0,20600,0.0,0.0
2024-07-03 10:46:00+09:00,3677.0,3679.0,3676.0,3677.0,38600,0.0,0.0
2024-07-03 10:47:00+09:00,3678.0,3679.0,3674.0,3675.0,44400,0.0,0.0
2024-07-03 10:48:00+09:00,3675.0,3675.0,3670.0,3670.0,39200,0.0,0.0
2024-07-03 10:49:00+09:00,3670.0,3671.0,3665.0,3666.0,44700,0.0,0.0
2024-07-03 10:50:00+09:00,3667.0,3671.0,3667.0,3671.0,44100,0.0,0.0
2024-07-03 10:51:00+09:00,3671.0,3671.0,3666.0,3667.0,40100,0.0,0.0
2024-07-03 10:52:00+09:00,3667.0,3670.0,3666.0,3669.0,23900,0.0,0.0
2024-07-03 10:53:00+09:00,3670.0,3671.0,3666.0,3668.0,45900,0.0,0.0
2024-07-03 10:54:00+09:00,3668.0,3670.0,3667.0,3668.0,33100,0.0,0.0
2024-07-03 10:55:00+09:00,3670.0,3670.0,3667.0,3668.0,10000,0.0,0.0
2024-07-03 10:56:00+09:00,3669.0,3670.0,3668.0,3669.0,16900,0.0,0.0
2024-07-03 10:57:00+09:00,3669.0,3670.0,3667.0,3669.0,46100,0.0,0.0
2024-07-03 10:58:00+09:00,3670.0,3670.0,3668.0,3669.0,11500,0.0,0.0
2024-07-03 10:59:00+09:00,3669.0,3670.0,3665.0,3666.0,34500,0.0,0.0
2024-07-03 11:00:00+09:00,3667.0,3667.0,3660.0,3667.0,170900,0.0,0.0
2024-07-03 11:01:00+09:00,3666.0,3667.0,3664.0,3666.0,14800,0.0,0.0
2024-07-03 11:02:00+09:00,3666.0,3666.0,3664.0,3666.0,12600,0.0,0.0
2024-07-03 11:03:00+09:00,3665.0,3667.0,3664.0,3665.0,30100,0.0,0.0
2024-07-03 11:04:00+09:00,3665.0,3669.0,3665.0,3669.0,45600,0.0,0.0
2024-07-03 11:05:00+09:00,3669.0,3670.0,3668.0,3669.0,32100,0.0,0.0
2024-07-03 11:06:00+09:00,3669.0,3670.0,3666.0,3667.0,25600,0.0,0.0
2024-07-03 11:07:00+09:00,3667.0,3667.0,3665.0,3665.0,30300,0.0,0.0
2024-07-03 11:08:00+09:00,3666.0,3670.0,3665.0,3669.0,135400,0.0,0.0
2024-07-03 11:09:00+09:00,3670.0,3678.0,3670.0,3677.0,77300,0.0,0.0
2024-07-03 11:10:00+09:00,3678.0,3683.0,3677.0,3682.0,135800,0.0,0.0
2024-07-03 11:11:00+09:00,3682.0,3682.0,3680.0,3681.0,25000,0.0,0.0
2024-07-03 11:12:00+09:00,3682.0,3682.0,3675.0,3676.0,58900,0.0,0.0
2024-07-03 11:13:00+09:00,3676.0,3679.0,3673.0,3674.0,66800,0.0,0.0
2024-07-03 11:14:00+09:00,3674.0,3674.0,3672.0,3674.0,18000,0.0,0.0
2024-07-03 11:15:00+09:00,3674.0,3675.0,3673.0,3675.0,43600,0.0,0.0
2024-07-03 11:16:00+09:00,3675.0,3678.0,3674.0,3678.0,19100,0.0,0.0
2024-07-03 11:17:00+09:00,3678.0,3680.0,3678.0,3678.0,17200,0.0,0.0
2024-07-03 11:18:00+09:00,3678.0,3678.0,3675.0,3676.0,26300,0.0,0.0
2024-07-03 11:19:00+09:00,3675.0,3676.0,3673.0,3674.0,28800,0.0,0.0
2024-07-03 11:20:00+09:00,3675.0,3676.0,3672.0,3673.0,37200,0.0,0.0
2024-07-03 11:21:00+09:00,3673.0,3674.0,3671.0,3673.0,12600,0.0,0.0
2024-07-03 11:22:00+09:00,3672.0,3674.0,3671.0,3673.0,29200,0.0,0.0
2024-07-03 11:23:00+09:00,3673.0,3678.0,3673.0,3678.0,53600,0.0,0.0
2024-07-03 11:24:00+09:00,3677.0,3678.0,3675.0,3676.0,18400,0.0,0.0
2024-07-03 11:25:00+09:00,3676.0,3677.0,3675.0,3677.0,14400,0.0,0.0
2024-07-03 11:26:00+09:00,3677.0,3677.0,3674.0,3674.0,23200,0.0,0.0
2024-07-03 11:27:00+09:00,3674.0,3675.0,3673.0,3674.0,40100,0.0,0.0
2024-07-03 11:28:00+09:00,3674.0,3675.0,3674.0,3675.0,11800,0.0,0.0
2024-07-03 11:29:00+09:00,3675.0,3675.0,3667.0,3669.0,79600,0.0,0.0
2024-07-03 11:30:00+09:00,3668.0,3668.0,3666.0,3666.0,315300,0.0,0.0
2024-07-03 11:35:00+09:00,3666.0,3666.0,3666.0,3666.0,0,0.0,0.0
2024-07-03 12:30:00+09:00,3660.0,3670.0,3655.0,3670.0,11624600,0.0,0.0
2024-07-03 12:31:00+09:00,3669.0,3677.0,3665.0,3667.0,65400,0.0,0.0
2024-07-03 12:32:00+09:00,3667.0,3668.0,3663.0,3667.0,50000,0.0,0.0
2024-07-03 12:33:00+09:00,3667.0,3667.0,3662.0,3664.0,35100,0.0,0.0
2024-07-03 12:34:00+09:00,3665.0,3665.0,3657.0,3657.0,72400,0.0,0.0
2024-07-03 12:35:00+09:00,3657.0,3658.0,3655.0,3656.0,46000,0.0,0.0
2024-07-03 12:36:00+09:00,3655.0,3660.0,3651.0,3653.0,151700,0.0,0.0
2024-07-03 12:37:00+09:00,3652.0,3654.0,3651.0,3652.0,51700,0.0,0.0
2024-07-03 12:38:00+09:00,3652.0,3653.0,3632.0,3639.0,572400,0.0,0.0
2024-07-03 12:39:00+09:00,3639.0,3651.0,3639.0,3650.0,80000,0.0,0.0
2024-07-03 12:40:00+09:00,3651.0,3652.0,3645.0,3652.0,61300,0.0,0.0
2024-07-03 12:41:00+09:00,3651.0,3657.0,3650.0,3656.0,58300,0.0,0.0
2024-07-03 12:42:00+09:00,3656.0,3657.0,3650.0,3653.0,59300,0.0,0.0
2024-07-03 12:43:00+09:00,3652.0,3655.0,3650.0,3654.0,93400,0.0,0.0
2024-07-03 12:44:00+09:00,3652.0,3655.0,3652.0,3654.0,34300,0.0,0.0
2024-07-03 12:45:00+09:00,3655.0,3658.0,3655.0,3657.0,58200,0.0,0.0
2024-07-03 12:46:00+09:00,3657.0,3659.0,3656.0,3658.0,40700,0.0,0.0
2024-07-03 12:47:00+09:00,3658.0,3666.0,3658.0,3662.0,73900,0.0,0.0
2024-07-03 12:48:00+09:00,3663.0,3664.0,3658.0,3659.0,55900,0.0,0.0
2024-07-03 12:49:00+09:00,3658.0,3661.0,3658.0,3661.0,34700,0.0,0.0
2024-07-03 12:50:00+09:00,3660.0,3661.0,3657.0,3657.0,37500,0.0,0.0
2024-07-03 12:51:00+09:00,3658.0,3658.0,3652.0,3656.0,70400,0.0,0.0
2024-07-03 12:52:00+09:00,3656.0,3657.0,3655.0,3656.0,19100,0.0,0.0
2024-07-03 12:53:00+09:00,3657.0,3661.0,3657.0,3661.0,31200,0.0,0.0
2024-07-03 12:54:00+09:00,3661.0,3663.0,3659.0,3660.0,44200,0.0,0.0
2024-07-03 12:55:00+09:00,3660.0,3661.0,3659.0,3661.0,36100,0.0,0.0
2024-07-03 12:56:00+09:00,3660.0,3662.0,3658.0,3662.0,34000,0.0,0.0
2024-07-03 12:57:00+09:00,3662.0,3664.0,3659.0,3661.0,69300,0.0,0.0
2024-07-03 12:58:00+09:00,3662.0,3663.0,3661.0,3663.0,15100,0.0,0.0
2024-07-03 12:59:00+09:00,3663.0,3663.0,3656.0,3657.0,76600,0.0,0.0
2024-07-03 13:00:00+09:00,3657.0,3659.0,3656.0,3656.0,30500,0.0,0.0
2024-07-03 13:01:00+09:00,3657.0,3657.0,3651.0,3653.0,43400,0.0,0.0
2024-07-03 13:02:00+09:00,3654.0,3655.0,3653.0,3654.0,15500,0.0,0.0
2024-07-03 13:03:00+09:00,3653.0,3654.0,3645.0,3647.0,106900,0.0,0.0
2024-07-03 13:04:00+09:00,3646.0,3647.0,3642.0,3644.0,47400,0.0,0.0
2024-07-03 13:05:00+09:00,3644.0,3648.0,3643.0,3647.0,51200,0.0,0.0
2024-07-03 13:06:00+09:00,3645.0,3648.0,3643.0,3644.0,43400,0.0,0.0
2024-07-03 13:07:00+09:00,3644.0,3646.0,3643.0,3643.0,38200,0.0,0.0
2024-07-03 13:08:00+09:00,3644.0,3644.0,3639.0,3639.0,112200,0.0,0.0
2024-07-03 13:09:00+09:00,3639.0,3644.0,3639.0,3642.0,37200,0.0,0.0
2024-07-03 13:10:00+09:00,3642.0,3646.0,3642.0,3645.0,29800,0.0,0.0
2024-07-03 13:11:00+09:00,3646.0,3648.0,3645.0,3648.0,16300,0.0,0.0
2024-07-03 13:12:00+09:00,3647.0,3648.0,3643.0,3643.0,46500,0.0,0.0
2024-07-03 13:13:00+09:00,3643.0,3645.0,3641.0,3643.0,32100,0.0,0.0
2024-07-03 13:14:00+09:00,3642.0,3643.0,3641.0,3643.0,12900,0.0,0.0
2024-07-03 13:15:00+09:00,3642.0,3644.0,3641.0,3643.0,32400,0.0,0.0
2024-07-03 13:16:00+09:00,3643.0,3646.0,3642.0,3646.0,34900,0.0,0.0
2024-07-03 13:17:00+09:00,3645.0,3646.0,3644.0,3646.0,43700,0.0,0.0
2024-07-03 13:18:00+09:00,3645.0,3647.0,3645.0,3647.0,32000,0.0,0.0
2024-07-03 13:19:00+09:00,3646.0,3648.0,3646.0,3648.0,18000,0.0,0.0
2024-07-03 13:20:00+09:00,3648.0,3648.0,3645.0,3646.0,30300,0.0,0.0
2024-07-03 13:21:00+09:00,3646.0,3647.0,3645.0,3645.0,31000,0.0,0.0
2024-07-03 13:22:00+09:00,3645.0,3646.0,3643.0,3644.0,22800,0.0,0.0
2024-07-03 13:23:00+09:00,3643.0,3645.0,3643.0,3643.0,17200,0.0,0.0
2024-07-03 13:24:00+09:00,3644.0,3646.0,3643.0,3646.0,27500,0.0,0.0
2024-07-03 13:25:00+09:00,3645.0,3646.0,3643.0,3643.0,34800,0.0,0.0
2024-07-03 13:26:00+09:00,3643.0,3644.0,3643.0,3644.0,14200,0.0,0.0
2024-07-03 13:27:00+09:00,3644.0,3645.0,3643.0,3643.0,14100,0.0,0.0
2024-07-03 13:28:00+09:00,3644.0,3645.0,3643.0,3644.0,35600,0.0,0.0
2024-07-03 13:29:00+09:00,3644.0,3644.0,3642.0,3644.0,33200,0.0,0.0
2024-07-03 13:30:00+09:00,3644.0,3645.0,3643.0,3644.0,15600,0.0,0.0
2024-07-03 13:31:00+09:00,3644.0,3645.0,3643.0,3644.0,14200,0.0,0.0
2024-07-03 13:32:00+09:00,3644.0,3644.0,3641.0,3643.0,48300,0.0,0.0
2024-07-03 13:33:00+09:00,3643.0,3644.0,3642.0,3644.0,12200,0.0,0.0
2024-07-03 13:34:00+09:00,3644.0,3646.0,3643.0,3645.0,36200,0.0,0.0
2024-07-03 13:35:00+09:00,3645.0,3647.0,3644.0,3646.0,22100,0.0,0.0
2024-07-03 13:36:00+09:00,3647.0,3647.0,3645.0,3647.0,19500,0.0,0.0
2024-07-03 13:37:00+09:00,3647.0,3649.0,3646.0,3648.0,34200,0.0,0.0
2024-07-03 13:38:00+09:00,3649.0,3649.0,3647.0,3648.0,17000,0.0,0.0
2024-07-03 13:39:00+09:00,3649.0,3649.0,3648.0,3649.0,4600,0.0,0.0
2024-07-03 13:40:00+09:00,3649.0,3650.0,3645.0,3648.0,113700,0.0,0.0
2024-07-03 13:41:00+09:00,3648.0,3649.0,3647.0,3649.0,27200,0.0,0.0
2024-07-03 13:42:00+09:00,3649.0,3654.0,3648.0,3653.0,21500,0.0,0.0
2024-07-03 13:43:00+09:00,3653.0,3663.0,3653.0,3661.0,79800,0.0,0.0
2024-07-03 13:44:00+09:00,3662.0,3662.0,3660.0,3661.0,24100,0.0,0.0
2024-07-03 13:45:00+09:00,3660.0,3662.0,3660.0,3662.0,9600,0.0,0.0
2024-07-03 13:46:00+09:00,3662.0,3663.0,3661.0,3662.0,13600,0.0,0.0
2024-07-03 13:47:00+09:00,3662.0,3668.0,3662.0,3667.0,52600,0.0,0.0
2024-07-03 13:48:00+09:00,3667.0,3668.0,3664.0,3668.0,35000,0.0,0.0
2024-07-03 13:49:00+09:00,3667.0,3668.0,3665.0,3667.0,18200,0.0,0.0
2024-07-03 13:50:00+09:00,3667.0,3668.0,3664.0,3666.0,56700,0.0,0.0
2024-07-03 13:51:00+09:00,3665.0,3667.0,3664.0,3664.0,42500,0.0,0.0
2024-07-03 13:52:00+09:00,3664.0,3666.0,3663.0,3664.0,19400,0.0,0.0
2024-07-03 13:53:00+09:00,3663.0,3666.0,3663.0,3665.0,24600,0.0,0.0
2024-07-03 13:54:00+09:00,3664.0,3665.0,3662.0,3663.0,24800,0.0,0.0
2024-07-03 13:55:00+09:00,3663.0,3664.0,3662.0,3662.0,12400,0.0,0.0
2024-07-03 13:56:00+09:00,3663.0,3667.0,3662.0,3667.0,46500,0.0,0.0
2024-07-03 13:57:00+09:00,3667.0,3669.0,3667.0,3669.0,30600,0.0,0.0
2024-07-03 13:58:00+09:00,3669.0,3672.0,3668.0,3671.0,53300,0.0,0.0
2024-07-03 13:59:00+09:00,3671.0,3673.0,3670.0,3672.0,16200,0.0,0.0
2024-07-03 14:00:00+09:00,3671.0,3673.0,3670.0,3672.0,33700,0.0,0.0
2024-07-03 14:01:00+09:00,3672.0,3673.0,3670.0,3670.0,25500,0.0,0.0
2024-07-03 14:02:00+09:00,3670.0,3671.0,3667.0,3669.0,41300,0.0,0.0
2024-07-03 14:03:00+09:00,3669.0,3670.0,3667.0,3668.0,18000,0.0,0.0
2024-07-03 14:04:00+09:00,3668.0,3669.0,3667.0,3668.0,6800,0.0,0.0
2024-07-03 14:05:00+09:00,3668.0,3668.0,3665.0,3666.0,24600,0.0,0.0
2024-07-03 14:06:00+09:00,3665.0,3666.0,3663.0,3665.0,29800,0.0,0.0
2024-07-03 14:07:00+09:00,3666.0,3667.0,3665.0,3667.0,15600,0.0,0.0
2024-07-03 14:08:00+09:00,3667.0,3669.0,3667.0,3667.0,14900,0.0,0.0
2024-07-03 14:09:00+09:00,3667.0,3669.0,3666.0,3669.0,30300,0.0,0.0
2024-07-03 14:10:00+09:00,3668.0,3670.0,3666.0,3667.0,34700,0.0,0.0
2024-07-03 14:11:00+09:00,3667.0,3669.0,3666.0,3668.0,13400,0.0,0.0
2024-07-03 14:12:00+09:00,3668.0,3669.0,3668.0,3668.0,15400,0.0,0.0
2024-07-03 14:13:00+09:00,3668.0,3669.0,3667.0,3669.0,23900,0.0,0.0
2024-07-03 14:14:00+09:00,3667.0,3670.0,3667.0,3668.0,40600,0.0,0.0
2024-07-03 14:15:00+09:00,3668.0,3670.0,3668.0,3670.0,17500,0.0,0.0
2024-07-03 14:16:00+09:00,3670.0,3671.0,3669.0,3671.0,23500,0.0,0.0
2024-07-03 14:17:00+09:00,3671.0,3672.0,3671.0,3672.0,29000,0.0,0.0
2024-07-03 14:18:00+09:00,3671.0,3673.0,3671.0,3673.0,18700,0.0,0.0
2024-07-03 14:19:00+09:00,3672.0,3673.0,3671.0,3671.0,28600,0.0,0.0
2024-07-03 14:20:00+09:00,3672.0,3673.0,3671.0,3673.0,9000,0.0,0.0
2024-07-03 14:21:00+09:00,3672.0,3673.0,3671.0,3672.0,49000,0.0,0.0
2024-07-03 14:22:00+09:00,3671.0,3674.0,3670.0,3673.0,33800,0.0,0.0
2024-07-03 14:23:00+09:00,3673.0,3674.0,3672.0,3673.0,19200,0.0,0.0
2024-07-03 14:24:00+09:00,3673.0,3674.0,3672.0,3674.0,20200,0.0,0.0
2024-07-03 14:25:00+09:00,3674.0,3676.0,3674.0,3675.0,30800,0.0,0.0
2024-07-03 14:26:00+09:00,3675.0,3676.0,3674.0,3675.0,14500,0.0,0.0
2024-07-03 14:27:00+09:00,3675.0,3675.0,3673.0,3674.0,23900,0.0,0.0
2024-07-03 14:28:00+09:00,3674.0,3676.0,3674.0,3675.0,30700,0.0,0.0
2024-07-03 14:29:00+09:00,3675.0,3676.0,3675.0,3675.0,30500,0.0,0.0
2024-07-03 14:30:00+09:00,3675.0,3676.0,3673.0,3674.0,36400,0.0,0.0
2024-07-03 14:31:00+09:00,3675.0,3675.0,3673.0,3674.0,21400,0.0,0.0
2024-07-03 14:32:00+09:00,3674.0,3674.0,3671.0,3671.0,38500,0.0,0.0
2024-07-03 14:33:00+09:00,3672.0,3674.0,3671.0,3672.0,52100,0.0,0.0
2024-07-03 14:34:00+09:00,3673.0,3676.0,3672.0,3675.0,78900,0.0,0.0
2024-07-03 14:35:00+09:00,3675.0,3679.0,3674.0,3678.0,40100,0.0,0.0
2024-07-03 14:36:00+09:00,3679.0,3681.0,3677.0,3680.0,73700,0.0,0.0
2024-07-03 14:37:00+09:00,3680.0,3683.0,3680.0,3682.0,61900,0.0,0.0
2024-07-03 14:38:00+09:00,3682.0,3688.0,3681.0,3687.0,122400,0.0,0.0
2024-07-03 14:39:00+09:00,3686.0,3687.0,3684.0,3685.0,64700,0.0,0.0
2024-07-03 14:40:00+09:00,3685.0,3689.0,3683.0,3688.0,64400,0.0,0.0
2024-07-03 14:41:00+09:00,3687.0,3690.0,3686.0,3688.0,39400,0.0,0.0
2024-07-03 14:42:00+09:00,3687.0,3687.0,3682.0,3682.0,52000,0.0,0.0
2024-07-03 14:43:00+09:00,3682.0,3684.0,3681.0,3682.0,51400,0.0,0.0
2024-07-03 14:44:00+09:00,3682.0,3684.0,3682.0,3684.0,19900,0.0,0.0
2024-07-03 14:45:00+09:00,3684.0,3684.0,3681.0,3682.0,63600,0.0,0.0
2024-07-03 14:46:00+09:00,3682.0,3683.0,3678.0,3679.0,73300,0.0,0.0
2024-07-03 14:47:00+09:00,3678.0,3679.0,3677.0,3678.0,30300,0.0,0.0
2024-07-03 14:48:00+09:00,3677.0,3679.0,3677.0,3679.0,16200,0.0,0.0
2024-07-03 14:49:00+09:00,3679.0,3685.0,3678.0,3685.0,85500,0.0,0.0
2024-07-03 14:50:00+09:00,3684.0,3686.0,3684.0,3686.0,19200,0.0,0.0
2024-07-03 14:51:00+09:00,3685.0,3688.0,3685.0,3688.0,111400,0.0,0.0
2024-07-03 14:52:00+09:00,3688.0,3688.0,3685.0,3686.0,41800,0.0,0.0
2024-07-03 14:53:00+09:00,3686.0,3686.0,3684.0,3685.0,47100,0.0,0.0
2024-07-03 14:54:00+09:00,3686.0,3686.0,3684.0,3685.0,33000,0.0,0.0
2024-07-03 14:55:00+09:00,3685.0,3686.0,3683.0,3686.0,54000,0.0,0.0
2024-07-03 14:56:00+09:00,3685.0,3686.0,3683.0,3683.0,61900,0.0,0.0
2024-07-03 14:57:00+09:00,3684.0,3685.0,3684.0,3684.0,59500,0.0,0.0
2024-07-03 14:58:00+09:00,3685.0,3686.0,3683.0,3684.0,96800,0.0,0.0
2024-07-03 14:59:00+09:00,3685.0,3686.0,3679.0,3685.0,168600,0.0,0.0
2024-07-04 09:00:00+09:00,3685.0,3687.0,3660.0,3661.0,905500,0.0,0.0
2024-07-04 09:01:00+09:00,3660.0,3669.0,3656.0,3668.0,129900,0.0,0.0
2024-07-04 09:02:00+09:00,3669.0,3675.0,3667.0,3675.0,51100,0.0,0.0
2024-07-04 09:03:00+09:00,3673.0,3681.0,3673.0,3679.0,47800,0.0,0.0
2024-07-04 09:04:00+09:00,3680.0,3682.0,3669.0,3672.0,64800,0.0,0.0
2024-07-04 09:05:00+09:00,3672.0,3679.0,3670.0,3671.0,62800,0.0,0.0
2024-07-04 09:06:00+09:00,3671.0,3685.0,3670.0,3683.0,66000,0.0,0.0
2024-07-04 09:07:00+09:00,3682.0,3687.0,3680.0,3681.0,61200,0.0,0.0
2024-07-04 09:08:00+09:00,3683.0,3685.0,3681.0,3684.0,44800,0.0,0.0
2024-07-04 09:09:00+09:00,3685.0,3691.0,3682.0,3683.0,225100,0.0,0.0
2024-07-04 09:10:00+09:00,3684.0,3687.0,3677.0,3680.0,84000,0.0,0.0
2024-07-04 09:11:00+09:00,3679.0,3687.0,3679.0,3684.0,68100,0.0,0.0
2024-07-04 09:12:00+09:00,3685.0,3687.0,3683.0,3686.0,42100,0.0,0.0
2024-07-04 09:13:00+09:00,3686.0,3686.0,3683.0,3685.0,26900,0.0,0.0
2024-07-04 09:14:00+09:00,3685.0,3687.0,3682.0,3686.0,65900,0.0,0.0
2024-07-04 09:15:00+09:00,3686.0,3690.0,3681.0,3685.0,78000,0.0,0.0
2024-07-04 09:16:00+09:00,3685.0,3687.0,3684.0,3686.0,23400,0.0,0.0
2024-07-04 09:17:00+09:00,3686.0,3687.0,3685.0,3686.0,31500,0.0,0.0
2024-07-04 09:18:00+09:00,3686.0,3689.0,3685.0,3687.0,78100,0.0,0.0
2024-07-04 09:19:00+09:00,3688.0,3693.0,3686.0,3688.0,91700,0.0,0.0
2024-07-04 09:20:00+09:00,3688.0,3689.0,3686.0,3688.0,30800,0.0,0.0
2024-07-04 09:21:00+09:00,3688.0,3689.0,3686.0,3688.0,90000,0.0,0.0
2024-07-04 09:22:00+09:00,3688.0,3688.0,3685.0,3685.0,30800,0.0,0.0
2024-07-04 09:23:00+09:00,3685.0,3687.0,3683.0,3683.0,38200,0.0,0.0
2024-07-04 09:24:00+09:00,3684.0,3687.0,3683.0,3685.0,28000,0.0,0.0
2024-07-04 09:25:00+09:00,3686.0,3688.0,3685.0,3687.0,38300,0.0,0.0
2024-07-04 09:26:00+09:00,3688.0,3688.0,3686.0,3686.0,22800,0.0,0.0
2024-07-04 09:27:00+09:00,3686.0,3686.0,3681.0,3681.0,26600,0.0,0.0
2024-07-04 09:28:00+09:00,3682.0,3682.0,3672.0,3673.0,74300,0.0,0.0
2024-07-04 09:29:00+09:00,3673.0,3684.0,3673.0,3682.0,66000,0.0,0.0
2024-07-04 09:30:00+09:00,3682.0,3683.0,3676.0,3682.0,57300,0.0,0.0
2024-07-04 09:31:00+09:00,3681.0,3683.0,3680.0,3683.0,16900,0.0,0.0
2024-07-04 09:32:00+09:00,3682.0,3683.0,3681.0,3681.0,16300,0.0,0.0
2024-07-04 09:33:00+09:00,3682.0,3685.0,3682.0,3685.0,34200,0.0,0.0
2024-07-04 09:34:00+09:00,3684.0,3684.0,3680.0,3682.0,43300,0.0,0.0
2024-07-04 09:35:00+09:00,3682.0,3682.0,3680.0,3680.0,8000,0.0,0.0
2024-07-04 09:36:00+09:00,3680.0,3680.0,3678.0,3678.0,16900,0.0,0.0
2024-07-04 09:37:00+09:00,3678.0,3681.0,3678.0,3679.0,48200,0.0,0.0
2024-07-04 09:38:00+09:00,3679.0,3682.0,3678.0,3682.0,30000,0.0,0.0
2024-07-04 09:39:00+09:00,3682.0,3686.0,3681.0,3685.0,70600,0.0,0.0
2024-07-04 09:40:00+09:00,3685.0,3687.0,3683.0,3683.0,19900,0.0,0.0
2024-07-04 09:41:00+09:00,3684.0,3687.0,3684.0,3686.0,38300,0.0,0.0
2024-07-04 09:42:00+09:00,3686.0,3688.0,3686.0,3687.0,16000,0.0,0.0
2024-07-04 09:43:00+09:00,3686.0,3688.0,3686.0,3687.0,20800,0.0,0.0
2024-07-04 09:44:00+09:00,3687.0,3688.0,3686.0,3686.0,16100,0.0,0.0
2024-07-04 09:45:00+09:00,3686.0,3690.0,3686.0,3689.0,56100,0.0,0.0
2024-07-04 09:46:00+09:00,3689.0,3694.0,3689.0,3694.0,76700,0.0,0.0
2024-07-04 09:47:00+09:00,3694.0,3694.0,3691.0,3691.0,27200,0.0,0.0
2024-07-04 09:48:00+09:00,3692.0,3693.0,3691.0,3691.0,17900,0.0,0.0
2024-07-04 09:49:00+09:00,3693.0,3693.0,3692.0,3693.0,9900,0.0,0.0
2024-07-04 09:50:00+09:00,3692.0,3693.0,3691.0,3691.0,30000,0.0,0.0
2024-07-04 09:51:00+09:00,3691.0,3692.0,3690.0,3690.0,24000,0.0,0.0
2024-07-04 09:52:00+09:00,3691.0,3691.0,3689.0,3689.0,30800,0.0,0.0
2024-07-04 09:53:00+09:00,3689.0,3690.0,3687.0,3687.0,26500,0.0,0.0
2024-07-04 09:54:00+09:00,3687.0,3688.0,3686.0,3688.0,28300,0.0,0.0
2024-07-04 09:55:00+09:00,3688.0,3688.0,3684.0,3685.0,36900,0.0,0.0
2024-07-04 09:56:00+09:00,3684.0,3685.0,3683.0,3683.0,16400,0.0,0.0
2024-07-04 09:57:00+09:00,3683.0,3686.0,3683.0,3686.0,20600,0.0,0.0
2024-07-04 09:58:00+09:00,3686.0,3688.0,3686.0,3688.0,16500,0.0,0.0
2024-07-04 09:59:00+09:00,3688.0,3690.0,3687.0,3690.0,11500,0.0,0.0
2024-07-04 10:00:00+09:00,3690.0,3698.0,3690.0,3697.0,119000,0.0,0.0
2024-07-04 10:01:00+09:00,3697.0,3698.0,3694.0,3696.0,48900,0.0,0.0
2024-07-04 10:02:00+09:00,3697.0,3698.0,3697.0,3697.0,4000,0.0,0.0
2024-07-04 10:03:00+09:00,3695.0,3697.0,3695.0,3695.0,28800,0.0,0.0
2024-07-04 10:04:00+09:00,3696.0,3698.0,3694.0,3696.0,39700,0.0,0.0
2024-07-04 10:05:00+09:00,3696.0,3698.0,3695.0,3697.0,21500,0.0,0.0
2024-07-04 10:06:00+09:00,3697.0,3706.0,3696.0,3703.0,159800,0.0,0.0
2024-07-04 10:07:00+09:00,3705.0,3705.0,3702.0,3703.0,25900,0.0,0.0
2024-07-04 10:08:00+09:00,3702.0,3703.0,3701.0,3702.0,18800,0.0,0.0
2024-07-04 10:09:00+09:00,3702.0,3703.0,3701.0,3703.0,22500,0.0,0.0
2024-07-04 10:10:00+09:00,3702.0,3706.0,3701.0,3706.0,37100,0.0,0.0
2024-07-04 10:11:00+09:00,3706.0,3708.0,3705.0,3705.0,44900,0.0,0.0
2024-07-04 10:12:00+09:00,3705.0,3707.0,3705.0,3706.0,15000,0.0,0.0
2024-07-04 10:13:00+09:00,3706.0,3708.0,3705.0,3706.0,25900,0.0,0.0
2024-07-04 10:14:00+09:00,3706.0,3708.0,3705.0,3707.0,24600,0.0,0.0
2024-07-04 10:15:00+09:00,3707.0,3712.0,3707.0,3712.0,72200,0.0,0.0
2024-07-04 10:16:00+09:00,3711.0,3712.0,3711.0,3711.0,11300,0.0,0.0
2024-07-04 10:17:00+09:00,3711.0,3714.0,3709.0,3712.0,47900,0.0,0.0
2024-07-04 10:18:00+09:00,3713.0,3714.0,3711.0,3713.0,28900,0.0,0.0
2024-07-04 10:19:00+09:00,3713.0,3714.0,3712.0,3713.0,17700,0.0,0.0
2024-07-04 10:20:00+09:00,3713.0,3713.0,3711.0,3712.0,17800,0.0,0.0
2024-07-04 10:21:00+09:00,3711.0,3712.0,3709.0,3710.0,65700,0.0,0.0
2024-07-04 10:22:00+09:00,3709.0,3709.0,3707.0,3708.0,24900,0.0,0.0
2024-07-04 10:23:00+09:00,3708.0,3709.0,3707.0,3707.0,14600,0.0,0.0
2024-07-04 10:24:00+09:00,3707.0,3708.0,3705.0,3706.0,15100,0.0,0.0
2024-07-04 10:25:00+09:00,3705.0,3706.0,3702.0,3706.0,62500,0.0,0.0
2024-07-04 10:26:00+09:00,3707.0,3708.0,3705.0,3706.0,17300,0.0,0.0
2024-07-04 10:27:00+09:00,3706.0,3707.0,3706.0,3706.0,9200,0.0,0.0
2024-07-04 10:28:00+09:00,3706.0,3707.0,3705.0,3705.0,18800,0.0,0.0
2024-07-04 10:29:00+09:00,3705.0,3706.0,3704.0,3705.0,16500,0.0,0.0
2024-07-04 10:30:00+09:00,3705.0,3706.0,3704.0,3705.0,16300,0.0,0.0
2024-07-04 10:31:00+09:00,3705.0,3706.0,3704.0,3705.0,12300,0.0,0.0
2024-07-04 10:32:00+09:00,3705.0,3705.0,3703.0,3704.0,25900,0.0,0.0
2024-07-04 10:33:00+09:00,3705.0,3705.0,3703.0,3703.0,9400,0.0,0.0
2024-07-04 10:34:00+09:00,3704.0,3704.0,3700.0,3702.0,29400,0.0,0.0
2024-07-04 10:35:00+09:00,3702.0,3702.0,3701.0,3702.0,13900,0.0,0.0
2024-07-04 10:36:00+09:00,3703.0,3704.0,3702.0,3703.0,12400,0.0,0.0
2024-07-04 10:37:00+09:00,3704.0,3705.0,3703.0,3705.0,19700,0.0,0.0
2024-07-04 10:38:00+09:00,3705.0,3706.0,3704.0,3706.0,28300,0.0,0.0
2024-07-04 10:39:00+09:00,3706.0,3711.0,3706.0,3711.0,57000,0.0,0.0
2024-07-04 10:40:00+09:00,3710.0,3712.0,3709.0,3712.0,67300,0.0,0.0
2024-07-04 10:41:00+09:00,3712.0,3715.0,3712.0,3714.0,42700,0.0,0.0
2024-07-04 10:42:00+09:00,3715.0,3717.0,3715.0,3716.0,59500,0.0,0.0
2024-07-04 10:43:00+09:00,3716.0,3717.0,3715.0,3717.0,28900,0.0,0.0
2024-07-04 10:44:00+09:00,3717.0,3718.0,3716.0,3717.0,17200,0.0,0.0
2024-07-04 10:45:00+09:00,3717.0,3718.0,3717.0,3717.0,9300,0.0,0.0
2024-07-04 10:46:00+09:00,3717.0,3718.0,3715.0,3718.0,47500,0.0,0.0
2024-07-04 10:47:00+09:00,3718.0,3720.0,3717.0,3719.0,32700,0.0,0.0
2024-07-04 10:48:00+09:00,3719.0,3722.0,3719.0,3722.0,67900,0.0,0.0
2024-07-04 10:49:00+09:00,3722.0,3724.0,3721.0,3724.0,25900,0.0,0.0
2024-07-04 10:50:00+09:00,3724.0,3724.0,3723.0,3723.0,11000,0.0,0.0
2024-07-04 10:51:00+09:00,3723.0,3724.0,3722.0,3722.0,9100,0.0,0.0
2024-07-04 10:52:00+09:00,3719.0,3719.0,3718.0,3719.0,54900,0.0,0.0
2024-07-04 10:53:00+09:00,3718.0,3719.0,3716.0,3716.0,21700,0.0,0.0
2024-07-04 10:54:00+09:00,3715.0,3717.0,3713.0,3715.0,29500,0.0,0.0
2024-07-04 10:55:00+09:00,3714.0,3715.0,3713.0,3714.0,20500,0.0,0.0
2024-07-04 10:56:00+09:00,3714.0,3715.0,3712.0,3712.0,15700,0.0,0.0
2024-07-04 10:57:00+09:00,3712.0,3713.0,3710.0,3710.0,19300,0.0,0.0
2024-07-04 10:58:00+09:00,3710.0,3711.0,3708.0,3708.0,32900,0.0,0.0
2024-07-04 10:59:00+09:00,3708.0,3708.0,3704.0,3704.0,36800,0.0,0.0
2024-07-04 11:00:00+09:00,3704.0,3706.0,3703.0,3704.0,28500,0.0,0.0
2024-07-04 11:01:00+09:00,3704.0,3704.0,3702.0,3703.0,19000,0.0,0.0
2024-07-04 11:02:00+09:00,3703.0,3704.0,3702.0,3703.0,17800,0.0,0.0
2024-07-04 11:03:00+09:00,3704.0,3708.0,3704.0,3707.0,41400,0.0,0.0
2024-07-04 11:04:00+09:00,3707.0,3708.0,3706.0,3707.0,20900,0.0,0.0
2024-07-04 11:05:00+09:00,3706.0,3709.0,3706.0,3709.0,27300,0.0,0.0
2024-07-04 11:06:00+09:00,3709.0,3710.0,3708.0,3708.0,23700,0.0,0.0
2024-07-04 11:07:00+09:00,3708.0,3710.0,3708.0,3710.0,17000,0.0,0.0
2024-07-04 11:08:00+09:00,3710.0,3710.0,3709.0,3709.0,14600,0.0,0.0
2024-07-04 11:09:00+09:00,3710.0,3712.0,3707.0,3710.0,50500,0.0,0.0
2024-07-04 11:10:00+09:00,3709.0,3710.0,3708.0,3709.0,17600,0.0,0.0
2024-07-04 11:11:00+09:00,3709.0,3709.0,3707.0,3708.0,21600,0.0,0.0
2024-07-04 11:12:00+09:00,3707.0,3708.0,3706.0,3708.0,13600,0.0,0.0
2024-07-04 11:13:00+09:00,3707.0,3708.0,3706.0,3707.0,6400,0.0,0.0
2024-07-04 11:14:00+09:00,3707.0,3707.0,3705.0,3705.0,17400,0.0,0.0
2024-07-04 11:15:00+09:00,3705.0,3706.0,3705.0,3705.0,15600,0.0,0.0
2024-07-04 11:16:00+09:00,3704.0,3706.0,3704.0,3705.0,11900,0.0,0.0
2024-07-04 11:17:00+09:00,3705.0,3705.0,3704.0,3705.0,6800,0.0,0.0
2024-07-04 11:18:00+09:00,3704.0,3705.0,3704.0,3704.0,23100,0.0,0.0
2024-07-04 11:19:00+09:00,3705.0,3705.0,3702.0,3702.0,16600,0.0,0.0
2024-07-04 11:20:00+09:00,3702.0,3707.0,3702.0,3707.0,33600,0.0,0.0
2024-07-04 11:21:00+09:00,3707.0,3711.0,3706.0,3711.0,26000,0.0,0.0
2024-07-04 11:22:00+09:00,3709.0,3710.0,3709.0,3709.0,13500,0.0,0.0
2024-07-04 11:23:00+09:00,3708.0,3710.0,3708.0,3710.0,14200,0.0,0.0
2024-07-04 11:24:00+09:00,3710.0,3710.0,3708.0,3708.0,7400,0.0,0.0
2024-07-04 11:25:00+09:00,3708.0,3709.0,3708.0,3708.0,8200,0.0,0.0
2024-07-04 11:26:00+09:00,3709.0,3709.0,3708.0,3708.0,7100,0.0,0.0
2024-07-04 11:27:00+09:00,3708.0,3709.0,3707.0,3708.0,19600,0.0,0.0
2024-07-04 11:28:00+09:00,3708.0,3710.0,3708.0,3710.0,25100,0.0,0.0
2024-07-04 11:29:00+09:00,3709.0,3711.0,3709.0,3709.0,18400,0.0,0.0
2024-07-04 11:30:00+09:00,3709.0,3709.0,3709.0,3709.0,17900,0.0,0.0
2024-07-04 11:35:00+09:00,3709.0,3709.0,3709.0,3709.0,0,0.0,0.0
2024-07-04 12:30:00+09:00,3720.0,3730.0,3710.0,3729.0,6521600,0.0,0.0
2024-07-04 12:31:00+09:00,3728.0,3732.0,3728.0,3732.0,88300,0.0,0.0
2024-07-04 12:32:00+09:00,3732.0,3732.0,3729.0,3730.0,54600,0.0,0.0
2024-07-04 12:33:00+09:00,3729.0,3730.0,3718.0,3719.0,67500,0.0,0.0
2024-07-04 12:34:00+09:00,3720.0,3721.0,3718.0,3719.0,26600,0.0,0.0
2024-07-04 12:35:00+09:00,3720.0,3721.0,3717.0,3718.0,22300,0.0,0.0
2024-07-04 12:36:00+09:00,3717.0,3719.0,3716.0,3716.0,39000,0.0,0.0
2024-07-04 12:37:00+09:00,3718.0,3719.0,3716.0,3716.0,31000,0.0,0.0
2024-07-04 12:38:00+09:00,3716.0,3716.0,3713.0,3714.0,29800,0.0,0.0
2024-07-04 12:39:00+09:00,3713.0,3714.0,3711.0,3712.0,19200,0.0,0.0
2024-07-04 12:40:00+09:00,3711.0,3720.0,3711.0,3720.0,62600,0.0,0.0
2024-07-04 12:41:00+09:00,3719.0,3719.0,3717.0,3718.0,23600,0.0,0.0
2024-07-04 12:42:00+09:00,3718.0,3719.0,3717.0,3718.0,17800,0.0,0.0
2024-07-04 12:43:00+09:00,3719.0,3719.0,3717.0,3719.0,16600,0.0,0.0
2024-07-04 12:44:00+09:00,3719.0,3720.0,3717.0,3719.0,27000,0.0,0.0
2024-07-04 12:45:00+09:00,3720.0,3722.0,3719.0,3722.0,33800,0.0,0.0
2024-07-04 12:46:00+09:00,3721.0,3722.0,3719.0,3720.0,26800,0.0,0.0
2024-07-04 12:47:00+09:00,3720.0,3721.0,3720.0,3721.0,3500,0.0,0.0
2024-07-04 12:48:00+09:00,3721.0,3722.0,3719.0,3720.0,32900,0.0,0.0
2024-07-04 12:49:00+09:00,3720.0,3721.0,3719.0,3720.0,11800,0.0,0.0
2024-07-04 12:50:00+09:00,3721.0,3721.0,3713.0,3714.0,41200,0.0,0.0
2024-07-04 12:51:00+09:00,3715.0,3717.0,3713.0,3717.0,36500,0.0,0.0
2024-07-04 12:52:00+09:00,3716.0,3718.0,3716.0,3716.0,17000,0.0,0.0
2024-07-04 12:53:00+09:00,3716.0,3716.0,3715.0,3716.0,24800,0.0,0.0
2024-07-04 12:54:00+09:00,3717.0,3717.0,3714.0,3715.0,24600,0.0,0.0
2024-07-04 12:55:00+09:00,3716.0,3716.0,3714.0,3716.0,22900,0.0,0.0
2024-07-04 12:56:00+09:00,3716.0,3716.0,3715.0,3715.0,8900,0.0,0.0
2024-07-04 12:57:00+09:00,3715.0,3716.0,3715.0,3715.0,8000,0.0,0.0
2024-07-04 12:58:00+09:00,3715.0,3718.0,3714.0,3718.0,68500,0.0,0.0
2024-07-04 12:59:00+09:00,3717.0,3718.0,3716.0,3717.0,11700,0.0,0.0
2024-07-04 13:00:00+09:00,3717.0,3717.0,3716.0,3716.0,22900,0.0,0.0
2024-07-04 13:01:00+09:00,3717.0,3718.0,3717.0,3717.0,17700,0.0,0.0
2024-07-04 13:02:00+09:00,3717.0,3718.0,3717.0,3717.0,17700,0.0,0.0
2024-07-04 13:03:00+09:00,3717.0,3720.0,3716.0,3719.0,44500,0.0,0.0
2024-07-04 13:04:00+09:00,3718.0,3720.0,3718.0,3720.0,10300,0.0,0.0
2024-07-04 13:05:00+09:00,3719.0,3720.0,3717.0,3717.0,10100,0.0,0.0
2024-07-04 13:06:00+09:00,3717.0,3718.0,3717.0,3717.0,13500,0.0,0.0
2024-07-04 13:07:00+09:00,3718.0,3718.0,3717.0,3718.0,6400,0.0,0.0
2024-07-04 13:08:00+09:00,3718.0,3718.0,3717.0,3718.0,35800,0.0,0.0
2024-07-04 13:09:00+09:00,3717.0,3719.0,3716.0,3718.0,22700,0.0,0.0
2024-07-04 13:10:00+09:00,3718.0,3722.0,3718.0,3721.0,62400,0.0,0.0
2024-07-04 13:11:00+09:00,3722.0,3724.0,3721.0,3724.0,29000,0.0,0.0
2024-07-04 13:12:00+09:00,3724.0,3725.0,3723.0,3725.0,53800,0.0,0.0
2024-07-04 13:13:00+09:00,3726.0,3727.0,3725.0,3725.0,25000,0.0,0.0
2024-07-04 13:14:00+09:00,3726.0,3730.0,3726.0,3727.0,106900,0.0,0.0
2024-07-04 13:15:00+09:00,3727.0,3730.0,3727.0,3730.0,62500,0.0,0.0
2024-07-04 13:16:00+09:00,3730.0,3731.0,3726.0,3730.0,80500,0.0,0.0
2024-07-04 13:17:00+09:00,3731.0,3732.0,3725.0,3730.0,68700,0.0,0.0
2024-07-04 13:18:00+09:00,3731.0,3733.0,3730.0,3731.0,45400,0.0,0.0
2024-07-04 13:19:00+09:00,3731.0,3733.0,3731.0,3732.0,21400,0.0,0.0
2024-07-04 13:20:00+09:00,3733.0,3733.0,3730.0,3730.0,19600,0.0,0.0
2024-07-04 13:21:00+09:00,3731.0,3733.0,3731.0,3733.0,26500,0.0,0.0
2024-07-04 13:22:00+09:00,3734.0,3735.0,3733.0,3734.0,37500,0.0,0.0
2024-07-04 13:23:00+09:00,3735.0,3735.0,3733.0,3734.0,13900,0.0,0.0
2024-07-04 13:24:00+09:00,3734.0,3734.0,3732.0,3733.0,15100,0.0,0.0
2024-07-04 13:25:00+09:00,3734.0,3734.0,3732.0,3734.0,21800,0.0,0.0
2024-07-04 13:26:00+09:00,3733.0,3735.0,3733.0,3734.0,24000,0.0,0.0
2024-07-04 13:27:00+09:00,3734.0,3736.0,3734.0,3735.0,41600,0.0,0.0
2024-07-04 13:28:00+09:00,3735.0,3736.0,3734.0,3734.0,12400,0.0,0.0
2024-07-04 13:29:00+09:00,3734.0,3736.0,3734.0,3735.0,24300,0.0,0.0
2024-07-04 13:30:00+09:00,3735.0,3736.0,3734.0,3735.0,14700,0.0,0.0
2024-07-04 13:31:00+09:00,3735.0,3736.0,3735.0,3736.0,7200,0.0,0.0
2024-07-04 13:32:00+09:00,3735.0,3736.0,3735.0,3735.0,17100,0.0,0.0
2024-07-04 13:33:00+09:00,3734.0,3739.0,3734.0,3736.0,65200,0.0,0.0
2024-07-04 13:34:00+09:00,3738.0,3738.0,3735.0,3737.0,19500,0.0,0.0
2024-07-04 13:35:00+09:00,3736.0,3736.0,3734.0,3734.0,31900,0.0,0.0
2024-07-04 13:36:00+09:00,3735.0,3736.0,3735.0,3735.0,13200,0.0,0.0
2024-07-04 13:37:00+09:00,3735.0,3735.0,3729.0,3729.0,67000,0.0,0.0
2024-07-04 13:38:00+09:00,3730.0,3730.0,3722.0,3727.0,79200,0.0,0.0
2024-07-04 13:39:00+09:00,3727.0,3729.0,3726.0,3727.0,20600,0.0,0.0
2024-07-04 13:40:00+09:00,3727.0,3728.0,3721.0,3724.0,75000,0.0,0.0
2024-07-04 13:41:00+09:00,3724.0,3726.0,3723.0,3725.0,11700,0.0,0.0
2024-07-04 13:42:00+09:00,3726.0,3727.0,3725.0,3727.0,13600,0.0,0.0
2024-07-04 13:43:00+09:00,3726.0,3727.0,3726.0,3726.0,4000,0.0,0.0
2024-07-04 13:44:00+09:00,3726.0,3730.0,3726.0,3730.0,31800,0.0,0.0
2024-07-04 13:45:00+09:00,3730.0,3731.0,3730.0,3731.0,16600,0.0,0.0
2024-07-04 13:46:00+09:00,3731.0,3731.0,3729.0,3729.0,23300,0.0,0.0
2024-07-04 13:47:00+09:00,3729.0,3730.0,3729.0,3729.0,11000,0.0,0.0
2024-07-04 13:48:00+09:00,3729.0,3729.0,3726.0,3728.0,18000,0.0,0.0
2024-07-04 13:49:00+09:00,3729.0,3729.0,3728.0,3728.0,5400,0.0,0.0
2024-07-04 13:50:00+09:00,3729.0,3730.0,3728.0,3730.0,14300,0.0,0.0
2024-07-04 13:51:00+09:00,3731.0,3732.0,3730.0,3731.0,32100,0.0,0.0
2024-07-04 13:53:00+09:00,3731.0,3732.0,3731.0,3731.0,15200,0.0,0.0
2024-07-04 13:54:00+09:00,3732.0,3732.0,3731.0,3731.0,5500,0.0,0.0
2024-07-04 13:55:00+09:00,3732.0,3734.0,3731.0,3733.0,39300,0.0,0.0
2024-07-04 13:56:00+09:00,3733.0,3735.0,3733.0,3734.0,20300,0.0,0.0
2024-07-04 13:57:00+09:00,3734.0,3735.0,3734.0,3734.0,12600,0.0,0.0
2024-07-04 13:58:00+09:00,3735.0,3736.0,3734.0,3734.0,38100,0.0,0.0
2024-07-04 13:59:00+09:00,3735.0,3736.0,3734.0,3735.0,5100,0.0,0.0
2024-07-04 14:00:00+09:00,3734.0,3737.0,3734.0,3737.0,22700,0.0,0.0
2024-07-04 14:01:00+09:00,3737.0,3739.0,3736.0,3737.0,35600,0.0,0.0
2024-07-04 14:02:00+09:00,3738.0,3739.0,3738.0,3738.0,13200,0.0,0.0
2024-07-04 14:03:00+09:00,3738.0,3739.0,3738.0,3738.0,12600,0.0,0.0
2024-07-04 14:04:00+09:00,3739.0,3739.0,3738.0,3739.0,10200,0.0,0.0
2024-07-04 14:05:00+09:00,3738.0,3739.0,3738.0,3738.0,8800,0.0,0.0
2024-07-04 14:06:00+09:00,3738.0,3739.0,3738.0,3738.0,14500,0.0,0.0
2024-07-04 14:07:00+09:00,3739.0,3739.0,3738.0,3738.0,56100,0.0,0.0
2024-07-04 14:08:00+09:00,3738.0,3739.0,3738.0,3738.0,9300,0.0,0.0
2024-07-04 14:09:00+09:00,3738.0,3739.0,3738.0,3738.0,11100,0.0,0.0
2024-07-04 14:10:00+09:00,3738.0,3739.0,3737.0,3737.0,17700,0.0,0.0
2024-07-04 14:11:00+09:00,3737.0,3738.0,3737.0,3738.0,10700,0.0,0.0
2024-07-04 14:12:00+09:00,3737.0,3738.0,3736.0,3736.0,24900,0.0,0.0
2024-07-04 14:13:00+09:00,3736.0,3736.0,3735.0,3736.0,15700,0.0,0.0
2024-07-04 14:14:00+09:00,3736.0,3738.0,3736.0,3736.0,24100,0.0,0.0
2024-07-04 14:15:00+09:00,3736.0,3736.0,3735.0,3735.0,7400,0.0,0.0
2024-07-04 14:16:00+09:00,3735.0,3736.0,3735.0,3735.0,15200,0.0,0.0
2024-07-04 14:17:00+09:00,3735.0,3736.0,3732.0,3732.0,22800,0.0,0.0
2024-07-04 14:18:00+09:00,3732.0,3733.0,3732.0,3732.0,14200,0.0,0.0
2024-07-04 14:19:00+09:00,3733.0,3733.0,3732.0,3732.0,22900,0.0,0.0
2024-07-04 14:20:00+09:00,3732.0,3734.0,3732.0,3733.0,13100,0.0,0.0
2024-07-04 14:21:00+09:00,3734.0,3734.0,3732.0,3734.0,17900,0.0,0.0
2024-07-04 14:22:00+09:00,3732.0,3733.0,3732.0,3732.0,11300,0.0,0.0
2024-07-04 14:23:00+09:00,3732.0,3732.0,3730.0,3730.0,38100,0.0,0.0
2024-07-04 14:24:00+09:00,3730.0,3731.0,3728.0,3729.0,21100,0.0,0.0
2024-07-04 14:25:00+09:00,3728.0,3729.0,3726.0,3727.0,10400,0.0,0.0
2024-07-04 14:26:00+09:00,3727.0,3731.0,3727.0,3731.0,38100,0.0,0.0
2024-07-04 14:27:00+09:00,3731.0,3731.0,3730.0,3730.0,8100,0.0,0.0
2024-07-04 14:28:00+09:00,3730.0,3731.0,3728.0,3728.0,30600,0.0,0.0
2024-07-04 14:29:00+09:00,3728.0,3729.0,3713.0,3716.0,164900,0.0,0.0
2024-07-04 14:30:00+09:00,3717.0,3720.0,3716.0,3719.0,29900,0.0,0.0
2024-07-04 14:31:00+09:00,3720.0,3721.0,3719.0,3720.0,30600,0.0,0.0
2024-07-04 14:32:00+09:00,3721.0,3721.0,3718.0,3719.0,24200,0.0,0.0
2024-07-04 14:33:00+09:00,3719.0,3720.0,3718.0,3719.0,16300,0.0,0.0
2024-07-04 14:34:00+09:00,3719.0,3721.0,3718.0,3720.0,22200,0.0,0.0
2024-07-04 14:35:00+09:00,3721.0,3721.0,3718.0,3718.0,40600,0.0,0.0
2024-07-04 14:36:00+09:00,3718.0,3720.0,3718.0,3720.0,29700,0.0,0.0
2024-07-04 14:37:00+09:00,3720.0,3720.0,3719.0,3719.0,13600,0.0,0.0
2024-07-04 14:38:00+09:00,3720.0,3721.0,3719.0,3721.0,41100,0.0,0.0
2024-07-04 14:39:00+09:00,3720.0,3721.0,3719.0,3720.0,26500,0.0,0.0
2024-07-04 14:40:00+09:00,3720.0,3723.0,3720.0,3722.0,31900,0.0,0.0
2024-07-04 14:41:00+09:00,3722.0,3723.0,3721.0,3722.0,15700,0.0,0.0
2024-07-04 14:42:00+09:00,3722.0,3723.0,3722.0,3722.0,47200,0.0,0.0
2024-07-04 14:43:00+09:00,3723.0,3723.0,3722.0,3722.0,22200,0.0,0.0
2024-07-04 14:44:00+09:00,3722.0,3724.0,3722.0,3723.0,32500,0.0,0.0
2024-07-04 14:45:00+09:00,3724.0,3725.0,3722.0,3722.0,38400,0.0,0.0
2024-07-04 14:46:00+09:00,3722.0,3723.0,3721.0,3721.0,15500,0.0,0.0
2024-07-04 14:47:00+09:00,3722.0,3722.0,3714.0,3715.0,134900,0.0,0.0
2024-07-04 14:48:00+09:00,3715.0,3720.0,3715.0,3718.0,63200,0.0,0.0
2024-07-04 14:49:00+09:00,3718.0,3719.0,3718.0,3718.0,20500,0.0,0.0
2024-07-04 14:50:00+09:00,3719.0,3720.0,3718.0,3719.0,47400,0.0,0.0
2024-07-04 14:51:00+09:00,3719.0,3721.0,3719.0,3719.0,53900,0.0,0.0
2024-07-04 14:52:00+09:00,3719.0,3719.0,3716.0,3719.0,48200,0.0,0.0
2024-07-04 14:53:00+09:00,3719.0,3719.0,3717.0,3717.0,23700,0.0,0.0
2024-07-04 14:54:00+09:00,3717.0,3717.0,3715.0,3716.0,61200,0.0,0.0
2024-07-04 14:55:00+09:00,3716.0,3717.0,3714.0,3714.0,68000,0.0,0.0
2024-07-04 14:56:00+09:00,3714.0,3717.0,3714.0,3715.0,58000,0.0,0.0
2024-07-04 14:57:00+09:00,3714.0,3715.0,3708.0,3709.0,150900,0.0,0.0
2024-07-04 14:58:00+09:00,3715.0,3717.0,3714.0,3716.0,98900,0.0,0.0
2024-07-04 14:59:00+09:00,3717.0,3721.0,3713.0,3721.0,158100,0.0,0.0
2024-07-05 09:00:00+09:00,3730.0,3734.0,3717.0,3724.0,725800,0.0,0.0
2024-07-05 09:01:00+09:00,3723.0,3731.0,3722.0,3728.0,42100,0.0,0.0
2024-07-05 09:02:00+09:00,3728.0,3734.0,3726.0,3730.0,72200,0.0,0.0
2024-07-05 09:03:00+09:00,3730.0,3736.0,3729.0,3735.0,57800,0.0,0.0
2024-07-05 09:04:00+09:00,3734.0,3736.0,3729.0,3731.0,79300,0.0,0.0
2024-07-05 09:05:00+09:00,3731.0,3731.0,3721.0,3727.0,91400,0.0,0.0
2024-07-05 09:06:00+09:00,3727.0,3737.0,3726.0,3733.0,78900,0.0,0.0
2024-07-05 09:07:00+09:00,3733.0,3734.0,3728.0,3732.0,44800,0.0,0.0
2024-07-05 09:08:00+09:00,3733.0,3734.0,3729.0,3729.0,45800,0.0,0.0
2024-07-05 09:09:00+09:00,3730.0,3736.0,3729.0,3733.0,95000,0.0,0.0
2024-07-05 09:10:00+09:00,3734.0,3734.0,3725.0,3725.0,69600,0.0,0.0
2024-07-05 09:11:00+09:00,3726.0,3730.0,3726.0,3729.0,39000,0.0,0.0
2024-07-05 09:12:00+09:00,3729.0,3737.0,3728.0,3736.0,91800,0.0,0.0
2024-07-05 09:13:00+09:00,3736.0,3742.0,3736.0,3742.0,88500,0.0,0.0
2024-07-05 09:14:00+09:00,3741.0,3743.0,3737.0,3741.0,46200,0.0,0.0
2024-07-05 09:15:00+09:00,3742.0,3745.0,3736.0,3737.0,95500,0.0,0.0
2024-07-05 09:16:00+09:00,3737.0,3740.0,3735.0,3739.0,39500,0.0,0.0
2024-07-05 09:17:00+09:00,3739.0,3739.0,3733.0,3735.0,23500,0.0,0.0
2024-07-05 09:18:00+09:00,3735.0,3736.0,3724.0,3724.0,106000,0.0,0.0
2024-07-05 09:19:00+09:00,3726.0,3727.0,3719.0,3721.0,68400,0.0,0.0
2024-07-05 09:20:00+09:00,3720.0,3722.0,3717.0,3718.0,27000,0.0,0.0
2024-07-05 09:21:00+09:00,3720.0,3720.0,3717.0,3720.0,26700,0.0,0.0
2024-07-05 09:22:00+09:00,3719.0,3722.0,3716.0,3718.0,49900,0.0,0.0
2024-07-05 09:23:00+09:00,3717.0,3718.0,3712.0,3713.0,65700,0.0,0.0
2024-07-05 09:24:00+09:00,3713.0,3715.0,3711.0,3711.0,24600,0.0,0.0
2024-07-05 09:25:00+09:00,3711.0,3715.0,3708.0,3708.0,60100,0.0,0.0
2024-07-05 09:26:00+09:00,3708.0,3709.0,3701.0,3702.0,53100,0.0,0.0
2024-07-05 09:27:00+09:00,3702.0,3707.0,3701.0,3707.0,47700,0.0,0.0
2024-07-05 09:28:00+09:00,3706.0,3706.0,3703.0,3705.0,15200,0.0,0.0
2024-07-05 09:29:00+09:00,3705.0,3706.0,3695.0,3697.0,215700,0.0,0.0
2024-07-05 09:30:00+09:00,3696.0,3701.0,3695.0,3695.0,45500,0.0,0.0
2024-07-05 09:31:00+09:00,3695.0,3697.0,3686.0,3692.0,116000,0.0,0.0
2024-07-05 09:32:00+09:00,3692.0,3694.0,3683.0,3683.0,45700,0.0,0.0
2024-07-05 09:33:00+09:00,3683.0,3687.0,3682.0,3683.0,48300,0.0,0.0
2024-07-05 09:34:00+09:00,3683.0,3685.0,3671.0,3672.0,106900,0.0,0.0
2024-07-05 09:35:00+09:00,3672.0,3678.0,3670.0,3678.0,67900,0.0,0.0
2024-07-05 09:36:00+09:00,3678.0,3683.0,3675.0,3678.0,68800,0.0,0.0
2024-07-05 09:37:00+09:00,3678.0,3680.0,3675.0,3676.0,66800,0.0,0.0
2024-07-05 09:38:00+09:00,3677.0,3681.0,3674.0,3679.0,50900,0.0,0.0
2024-07-05 09:39:00+09:00,3679.0,3689.0,3679.0,3689.0,67900,0.0,0.0
2024-07-05 09:40:00+09:00,3688.0,3692.0,3686.0,3687.0,43700,0.0,0.0
2024-07-05 09:41:00+09:00,3689.0,3691.0,3679.0,3683.0,122700,0.0,0.0
2024-07-05 09:42:00+09:00,3684.0,3691.0,3684.0,3691.0,35600,0.0,0.0
2024-07-05 09:43:00+09:00,3690.0,3698.0,3690.0,3697.0,44300,0.0,0.0
2024-07-05 09:44:00+09:00,3697.0,3702.0,3694.0,3702.0,76800,0.0,0.0
2024-07-05 09:45:00+09:00,3702.0,3705.0,3698.0,3702.0,47800,0.0,0.0
2024-07-05 09:46:00+09:00,3701.0,3707.0,3700.0,3707.0,32900,0.0,0.0
2024-07-05 09:47:00+09:00,3707.0,3710.0,3697.0,3698.0,67600,0.0,0.0
2024-07-05 09:48:00+09:00,3698.0,3706.0,3698.0,3701.0,25700,0.0,0.0
2024-07-05 09:49:00+09:00,3701.0,3704.0,3699.0,3702.0,20200,0.0,0.0
2024-07-05 09:50:00+09:00,3703.0,3705.0,3702.0,3703.0,24400,0.0,0.0
2024-07-05 09:51:00+09:00,3703.0,3713.0,3703.0,3712.0,38200,0.0,0.0
2024-07-05 09:52:00+09:00,3711.0,3713.0,3710.0,3713.0,16600,0.0,0.0
2024-07-05 09:53:00+09:00,3714.0,3714.0,3708.0,3708.0,40400,0.0,0.0
2024-07-05 09:54:00+09:00,3708.0,3708.0,3705.0,3708.0,18900,0.0,0.0
2024-07-05 09:55:00+09:00,3707.0,3707.0,3705.0,3705.0,24100,0.0,0.0
2024-07-05 09:56:00+09:00,3706.0,3706.0,3703.0,3705.0,11700,0.0,0.0
2024-07-05 09:57:00+09:00,3705.0,3706.0,3700.0,3702.0,30100,0.0,0.0
2024-07-05 09:58:00+09:00,3702.0,3703.0,3700.0,3702.0,13500,0.0,0.0
2024-07-05 09:59:00+09:00,3702.0,3706.0,3702.0,3706.0,25900,0.0,0.0
2024-07-05 10:00:00+09:00,3707.0,3712.0,3706.0,3711.0,21300,0.0,0.0
2024-07-05 10:01:00+09:00,3711.0,3711.0,3706.0,3708.0,24400,0.0,0.0
2024-07-05 10:02:00+09:00,3708.0,3714.0,3708.0,3714.0,21800,0.0,0.0
2024-07-05 10:03:00+09:00,3714.0,3714.0,3709.0,3711.0,21100,0.0,0.0
2024-07-05 10:04:00+09:00,3712.0,3716.0,3712.0,3714.0,19800,0.0,0.0
2024-07-05 10:05:00+09:00,3715.0,3716.0,3713.0,3713.0,25700,0.0,0.0
2024-07-05 10:06:00+09:00,3713.0,3713.0,3708.0,3708.0,29700,0.0,0.0
2024-07-05 10:07:00+09:00,3709.0,3714.0,3708.0,3714.0,15800,0.0,0.0
2024-07-05 10:08:00+09:00,3714.0,3714.0,3712.0,3714.0,11000,0.0,0.0
2024-07-05 10:09:00+09:00,3714.0,3714.0,3712.0,3712.0,29200,0.0,0.0
2024-07-05 10:10:00+09:00,3712.0,3714.0,3711.0,3713.0,17200,0.0,0.0
2024-07-05 10:11:00+09:00,3713.0,3715.0,3712.0,3715.0,16400,0.0,0.0
2024-07-05 10:12:00+09:00,3715.0,3715.0,3712.0,3714.0,14400,0.0,0.0
2024-07-05 10:13:00+09:00,3714.0,3714.0,3712.0,3714.0,12300,0.0,0.0
2024-07-05 10:14:00+09:00,3713.0,3714.0,3712.0,3713.0,7800,0.0,0.0
2024-07-05 10:15:00+09:00,3713.0,3718.0,3713.0,3717.0,31500,0.0,0.0
2024-07-05 10:16:00+09:00,3717.0,3718.0,3715.0,3717.0,14200,0.0,0.0
2024-07-05 10:17:00+09:00,3717.0,3717.0,3714.0,3717.0,15600,0.0,0.0
2024-07-05 10:18:00+09:00,3717.0,3723.0,3717.0,3722.0,41800,0.0,0.0
2024-07-05 10:19:00+09:00,3721.0,3723.0,3720.0,3723.0,12400,0.0,0.0
2024-07-05 10:20:00+09:00,3723.0,3727.0,3723.0,3726.0,44700,0.0,0.0
2024-07-05 10:21:00+09:00,3727.0,3728.0,3726.0,3728.0,16400,0.0,0.0
2024-07-05 10:22:00+09:00,3728.0,3730.0,3727.0,3729.0,26400,0.0,0.0
2024-07-05 10:23:00+09:00,3729.0,3734.0,3728.0,3734.0,52300,0.0,0.0
2024-07-05 10:24:00+09:00,3735.0,3738.0,3734.0,3737.0,29300,0.0,0.0
2024-07-05 10:25:00+09:00,3738.0,3741.0,3735.0,3740.0,121500,0.0,0.0
2024-07-05 10:26:00+09:00,3740.0,3742.0,3740.0,3742.0,10600,0.0,0.0
2024-07-05 10:27:00+09:00,3742.0,3749.0,3742.0,3749.0,121000,0.0,0.0
2024-07-05 10:28:00+09:00,3749.0,3754.0,3748.0,3752.0,197400,0.0,0.0
2024-07-05 10:29:00+09:00,3753.0,3758.0,3753.0,3758.0,49900,0.0,0.0
2024-07-05 10:30:00+09:00,3758.0,3759.0,3751.0,3751.0,69800,0.0,0.0
2024-07-05 10:31:00+09:00,3752.0,3753.0,3747.0,3748.0,82900,0.0,0.0
2024-07-05 10:32:00+09:00,3749.0,3753.0,3748.0,3752.0,39400,0.0,0.0
2024-07-05 10:33:00+09:00,3752.0,3752.0,3749.0,3752.0,23100,0.0,0.0
2024-07-05 10:34:00+09:00,3751.0,3751.0,3745.0,3747.0,25300,0.0,0.0
2024-07-05 10:35:00+09:00,3748.0,3750.0,3747.0,3748.0,34300,0.0,0.0
2024-07-05 10:36:00+09:00,3749.0,3750.0,3746.0,3748.0,25400,0.0,0.0
2024-07-05 10:37:00+09:00,3748.0,3754.0,3748.0,3753.0,122400,0.0,0.0
2024-07-05 10:38:00+09:00,3753.0,3754.0,3749.0,3749.0,67100,0.0,0.0
2024-07-05 10:39:00+09:00,3749.0,3752.0,3749.0,3750.0,11400,0.0,0.0
2024-07-05 10:40:00+09:00,3750.0,3751.0,3749.0,3750.0,12900,0.0,0.0
2024-07-05 10:41:00+09:00,3750.0,3754.0,3749.0,3754.0,34300,0.0,0.0
2024-07-05 10:42:00+09:00,3752.0,3755.0,3752.0,3753.0,16700,0.0,0.0
2024-07-05 10:43:00+09:00,3753.0,3755.0,3753.0,3754.0,15800,0.0,0.0
2024-07-05 10:44:00+09:00,3755.0,3755.0,3752.0,3753.0,20500,0.0,0.0
2024-07-05 10:45:00+09:00,3752.0,3754.0,3752.0,3753.0,8600,0.0,0.0
2024-07-05 10:46:00+09:00,3754.0,3754.0,3751.0,3752.0,12300,0.0,0.0
2024-07-05 10:47:00+09:00,3752.0,3752.0,3747.0,3749.0,21500,0.0,0.0
2024-07-05 10:48:00+09:00,3750.0,3750.0,3748.0,3749.0,11800,0.0,0.0
2024-07-05 10:49:00+09:00,3749.0,3750.0,3748.0,3750.0,11000,0.0,0.0
2024-07-05 10:50:00+09:00,3749.0,3749.0,3747.0,3747.0,15100,0.0,0.0
2024-07-05 10:51:00+09:00,3747.0,3747.0,3746.0,3746.0,19900,0.0,0.0
2024-07-05 10:52:00+09:00,3746.0,3748.0,3742.0,3742.0,48800,0.0,0.0
2024-07-05 10:53:00+09:00,3743.0,3744.0,3741.0,3741.0,21400,0.0,0.0
2024-07-05 10:54:00+09:00,3742.0,3747.0,3737.0,3747.0,44900,0.0,0.0
2024-07-05 10:55:00+09:00,3747.0,3747.0,3739.0,3741.0,69000,0.0,0.0
2024-07-05 10:56:00+09:00,3741.0,3741.0,3738.0,3738.0,15500,0.0,0.0
2024-07-05 10:57:00+09:00,3738.0,3741.0,3738.0,3739.0,24400,0.0,0.0
2024-07-05 10:58:00+09:00,3738.0,3739.0,3735.0,3738.0,24100,0.0,0.0
2024-07-05 10:59:00+09:00,3738.0,3740.0,3738.0,3740.0,8200,0.0,0.0
2024-07-05 11:00:00+09:00,3740.0,3740.0,3736.0,3736.0,18800,0.0,0.0
2024-07-05 11:01:00+09:00,3736.0,3737.0,3734.0,3734.0,7100,0.0,0.0
2024-07-05 11:02:00+09:00,3734.0,3735.0,3729.0,3729.0,70400,0.0,0.0
2024-07-05 11:03:00+09:00,3729.0,3732.0,3728.0,3729.0,26200,0.0,0.0
2024-07-05 11:04:00+09:00,3729.0,3730.0,3727.0,3728.0,14500,0.0,0.0
2024-07-05 11:05:00+09:00,3727.0,3740.0,3727.0,3739.0,34800,0.0,0.0
2024-07-05 11:06:00+09:00,3740.0,3742.0,3739.0,3740.0,13500,0.0,0.0
2024-07-05 11:07:00+09:00,3741.0,3744.0,3741.0,3742.0,18600,0.0,0.0
2024-07-05 11:08:00+09:00,3742.0,3747.0,3742.0,3744.0,23200,0.0,0.0
2024-07-05 11:09:00+09:00,3745.0,3745.0,3742.0,3742.0,5200,0.0,0.0
2024-07-05 11:10:00+09:00,3743.0,3743.0,3741.0,3741.0,22400,0.0,0.0
2024-07-05 11:11:00+09:00,3743.0,3744.0,3742.0,3743.0,5600,0.0,0.0
2024-07-05 11:12:00+09:00,3743.0,3744.0,3740.0,3740.0,25100,0.0,0.0
2024-07-05 11:13:00+09:00,3740.0,3742.0,3740.0,3740.0,6800,0.0,0.0
2024-07-05 11:14:00+09:00,3740.0,3741.0,3739.0,3741.0,10800,0.0,0.0
2024-07-05 11:15:00+09:00,3740.0,3744.0,3740.0,3744.0,21700,0.0,0.0
2024-07-05 11:16:00+09:00,3744.0,3744.0,3741.0,3742.0,15500,0.0,0.0
2024-07-05 11:17:00+09:00,3742.0,3743.0,3740.0,3741.0,8900,0.0,0.0
2024-07-05 11:18:00+09:00,3740.0,3741.0,3739.0,3739.0,9300,0.0,0.0
2024-07-05 11:19:00+09:00,3739.0,3740.0,3739.0,3739.0,4400,0.0,0.0
2024-07-05 11:20:00+09:00,3738.0,3741.0,3738.0,3741.0,17200,0.0,0.0
2024-07-05 11:21:00+09:00,3741.0,3742.0,3740.0,3741.0,10500,0.0,0.0
2024-07-05 11:22:00+09:00,3741.0,3741.0,3740.0,3741.0,14600,0.0,0.0
2024-07-05 11:23:00+09:00,3742.0,3743.0,3741.0,3741.0,9800,0.0,0.0
2024-07-05 11:24:00+09:00,3742.0,3742.0,3740.0,3741.0,14100,0.0,0.0
2024-07-05 11:25:00+09:00,3741.0,3742.0,3741.0,3742.0,4100,0.0,0.0
2024-07-05 11:26:00+09:00,3741.0,3747.0,3741.0,3746.0,45300,0.0,0.0
2024-07-05 11:27:00+09:00,3746.0,3747.0,3744.0,3746.0,11900,0.0,0.0
2024-07-05 11:28:00+09:00,3746.0,3749.0,3745.0,3747.0,24300,0.0,0.0
2024-07-05 11:29:00+09:00,3747.0,3749.0,3746.0,3748.0,10100,0.0,0.0
2024-07-05 11:30:00+09:00,3749.0,3749.0,3749.0,3749.0,31200,0.0,0.0
2024-07-05 11:35:00+09:00,3749.0,3749.0,3749.0,3749.0,0,0.0,0.0
2024-07-05 12:30:00+09:00,3740.0,3740.0,3729.0,3734.0,7092300,0.0,0.0
2024-07-05 12:31:00+09:00,3736.0,3736.0,3732.0,3733.0,17500,0.0,0.0
2024-07-05 12:32:00+09:00,3732.0,3735.0,3732.0,3733.0,23900,0.0,0.0
2024-07-05 12:33:00+09:00,3734.0,3734.0,3726.0,3726.0,40800,0.0,0.0
2024-07-05 12:34:00+09:00,3726.0,3726.0,3719.0,3722.0,119000,0.0,0.0
2024-07-05 12:35:00+09:00,3723.0,3726.0,3721.0,3721.0,21900,0.0,0.0
2024-07-05 12:36:00+09:00,3721.0,3722.0,3714.0,3714.0,56200,0.0,0.0
2024-07-05 12:37:00+09:00,3714.0,3718.0,3712.0,3716.0,25100,0.0,0.0
2024-07-05 12:38:00+09:00,3718.0,3721.0,3718.0,3720.0,18900,0.0,0.0
2024-07-05 12:39:00+09:00,3721.0,3722.0,3709.0,3710.0,55300,0.0,0.0
2024-07-05 12:40:00+09:00,3712.0,3717.0,3712.0,3716.0,30900,0.0,0.0
2024-07-05 12:41:00+09:00,3718.0,3718.0,3715.0,3715.0,24100,0.0,0.0
2024-07-05 12:42:00+09:00,3715.0,3715.0,3711.0,3713.0,20500,0.0,0.0
2024-07-05 12:43:00+09:00,3714.0,3715.0,3710.0,3711.0,19100,0.0,0.0
2024-07-05 12:44:00+09:00,3711.0,3713.0,3707.0,3707.0,30400,0.0,0.0
2024-07-05 12:45:00+09:00,3708.0,3718.0,3707.0,3716.0,30300,0.0,0.0
2024-07-05 12:46:00+09:00,3716.0,3720.0,3714.0,3720.0,20000,0.0,0.0
2024-07-05 12:47:00+09:00,3720.0,3720.0,3716.0,3718.0,15100,0.0,0.0
2024-07-05 12:48:00+09:00,3717.0,3718.0,3716.0,3716.0,12800,0.0,0.0
2024-07-05 12:49:00+09:00,3716.0,3716.0,3712.0,3713.0,9600,0.0,0.0
2024-07-05 12:50:00+09:00,3714.0,3716.0,3714.0,3715.0,19600,0.0,0.0
2024-07-05 12:51:00+09:00,3714.0,3714.0,3708.0,3708.0,24900,0.0,0.0
2024-07-05 12:52:00+09:00,3708.0,3712.0,3707.0,3712.0,22300,0.0,0.0
2024-07-05 12:53:00+09:00,3712.0,3717.0,3712.0,3715.0,35500,0.0,0.0
2024-07-05 12:54:00+09:00,3715.0,3715.0,3712.0,3714.0,11800,0.0,0.0
2024-07-05 12:55:00+09:00,3714.0,3718.0,3714.0,3718.0,15200,0.0,0.0
2024-07-05 12:56:00+09:00,3719.0,3720.0,3716.0,3717.0,19900,0.0,0.0
2024-07-05 12:57:00+09:00,3717.0,3718.0,3715.0,3716.0,10800,0.0,0.0
2024-07-05 12:58:00+09:00,3716.0,3717.0,3711.0,3712.0,12900,0.0,0.0
2024-07-05 12:59:00+09:00,3711.0,3714.0,3711.0,3713.0,15700,0.0,0.0
2024-07-05 13:00:00+09:00,3714.0,3717.0,3714.0,3717.0,13400,0.0,0.0
2024-07-05 13:01:00+09:00,3716.0,3717.0,3713.0,3715.0,24400,0.0,0.0
2024-07-05 13:02:00+09:00,3715.0,3715.0,3712.0,3713.0,16900,0.0,0.0
2024-07-05 13:03:00+09:00,3714.0,3715.0,3713.0,3713.0,12100,0.0,0.0
2024-07-05 13:04:00+09:00,3713.0,3714.0,3709.0,3709.0,38100,0.0,0.0
2024-07-05 13:05:00+09:00,3709.0,3712.0,3709.0,3711.0,16000,0.0,0.0
2024-07-05 13:06:00+09:00,3712.0,3712.0,3711.0,3711.0,5200,0.0,0.0
2024-07-05 13:07:00+09:00,3712.0,3713.0,3711.0,3713.0,11700,0.0,0.0
2024-07-05 13:08:00+09:00,3712.0,3713.0,3709.0,3710.0,33500,0.0,0.0
2024-07-05 13:09:00+09:00,3710.0,3710.0,3708.0,3709.0,17100,0.0,0.0
2024-07-05 13:10:00+09:00,3709.0,3711.0,3708.0,3710.0,25400,0.0,0.0
2024-07-05 13:11:00+09:00,3711.0,3713.0,3710.0,3713.0,13400,0.0,0.0
2024-07-05 13:12:00+09:00,3713.0,3714.0,3711.0,3711.0,29700,0.0,0.0
2024-07-05 13:13:00+09:00,3712.0,3712.0,3711.0,3712.0,12700,0.0,0.0
2024-07-05 13:14:00+09:00,3712.0,3714.0,3712.0,3713.0,16500,0.0,0.0
2024-07-05 13:15:00+09:00,3713.0,3716.0,3712.0,3715.0,34800,0.0,0.0
2024-07-05 13:16:00+09:00,3716.0,3717.0,3715.0,3716.0,14400,0.0,0.0
2024-07-05 13:17:00+09:00,3716.0,3717.0,3715.0,3715.0,7400,0.0,0.0
2024-07-05 13:18:00+09:00,3715.0,3717.0,3713.0,3714.0,26500,0.0,0.0
2024-07-05 13:19:00+09:00,3714.0,3716.0,3714.0,3716.0,9000,0.0,0.0
2024-07-05 13:20:00+09:00,3715.0,3717.0,3714.0,3714.0,25400,0.0,0.0
2024-07-05 13:21:00+09:00,3715.0,3716.0,3714.0,3715.0,16100,0.0,0.0
2024-07-05 13:22:00+09:00,3715.0,3717.0,3714.0,3715.0,28800,0.0,0.0
2024-07-05 13:23:00+09:00,3716.0,3716.0,3715.0,3715.0,3900,0.0,0.0
2024-07-05 13:24:00+09:00,3715.0,3717.0,3714.0,3716.0,32600,0.0,0.0
2024-07-05 13:25:00+09:00,3717.0,3718.0,3715.0,3718.0,19100,0.0,0.0
2024-07-05 13:26:00+09:00,3718.0,3719.0,3717.0,3717.0,25700,0.0,0.0
2024-07-05 13:27:00+09:00,3718.0,3718.0,3717.0,3718.0,3400,0.0,0.0
2024-07-05 13:28:00+09:00,3718.0,3718.0,3717.0,3717.0,3100,0.0,0.0
2024-07-05 13:29:00+09:00,3717.0,3720.0,3717.0,3720.0,24900,0.0,0.0
2024-07-05 13:30:00+09:00,3719.0,3720.0,3718.0,3719.0,24300,0.0,0.0
2024-07-05 13:31:00+09:00,3718.0,3719.0,3717.0,3719.0,12600,0.0,0.0
2024-07-05 13:32:00+09:00,3719.0,3719.0,3713.0,3714.0,47000,0.0,0.0
2024-07-05 13:33:00+09:00,3715.0,3716.0,3714.0,3714.0,13900,0.0,0.0
2024-07-05 13:34:00+09:00,3714.0,3714.0,3712.0,3713.0,15300,0.0,0.0
2024-07-05 13:35:00+09:00,3712.0,3713.0,3711.0,3713.0,19800,0.0,0.0
2024-07-05 13:36:00+09:00,3712.0,3713.0,3709.0,3711.0,26100,0.0,0.0
2024-07-05 13:37:00+09:00,3710.0,3711.0,3708.0,3710.0,13500,0.0,0.0
2024-07-05 13:38:00+09:00,3709.0,3710.0,3709.0,3709.0,9900,0.0,0.0
2024-07-05 13:39:00+09:00,3709.0,3710.0,3708.0,3710.0,28300,0.0,0.0
2024-07-05 13:40:00+09:00,3709.0,3709.0,3707.0,3707.0,9200,0.0,0.0
2024-07-05 13:41:00+09:00,3707.0,3707.0,3706.0,3707.0,23600,0.0,0.0
2024-07-05 13:42:00+09:00,3706.0,3706.0,3704.0,3705.0,30400,0.0,0.0
2024-07-05 13:43:00+09:00,3705.0,3706.0,3704.0,3705.0,19900,0.0,0.0
2024-07-05 13:44:00+09:00,3706.0,3706.0,3705.0,3706.0,6900,0.0,0.0
2024-07-05 13:45:00+09:00,3705.0,3707.0,3705.0,3706.0,11800,0.0,0.0
2024-07-05 13:46:00+09:00,3706.0,3708.0,3705.0,3708.0,27800,0.0,0.0
2024-07-05 13:47:00+09:00,3709.0,3710.0,3709.0,3709.0,14800,0.0,0.0
2024-07-05 13:48:00+09:00,3708.0,3710.0,3708.0,3709.0,16200,0.0,0.0
2024-07-05 13:49:00+09:00,3709.0,3709.0,3708.0,3708.0,5700,0.0,0.0
2024-07-05 13:50:00+09:00,3709.0,3711.0,3708.0,3711.0,31200,0.0,0.0
2024-07-05 13:51:00+09:00,3711.0,3712.0,3710.0,3711.0,8900,0.0,0.0
2024-07-05 13:52:00+09:00,3711.0,3713.0,3711.0,3712.0,10400,0.0,0.0
2024-07-05 13:53:00+09:00,3712.0,3713.0,3712.0,3713.0,7700,0.0,0.0
2024-07-05 13:54:00+09:00,3713.0,3714.0,3712.0,3714.0,22000,0.0,0.0
2024-07-05 13:55:00+09:00,3714.0,3714.0,3712.0,3712.0,7600,0.0,0.0
2024-07-05 13:56:00+09:00,3712.0,3713.0,3711.0,3711.0,17100,0.0,0.0
2024-07-05 13:57:00+09:00,3711.0,3713.0,3710.0,3711.0,20300,0.0,0.0
2024-07-05 13:58:00+09:00,3711.0,3711.0,3710.0,3710.0,8200,0.0,0.0
2024-07-05 13:59:00+09:00,3710.0,3711.0,3709.0,3710.0,16600,0.0,0.0
2024-07-05 14:00:00+09:00,3710.0,3713.0,3710.0,3713.0,18400,0.0,0.0
2024-07-05 14:01:00+09:00,3713.0,3714.0,3710.0,3710.0,21100,0.0,0.0
2024-07-05 14:02:00+09:00,3710.0,3711.0,3710.0,3711.0,5300,0.0,0.0
2024-07-05 14:03:00+09:00,3710.0,3713.0,3710.0,3712.0,12200,0.0,0.0
2024-07-05 14:04:00+09:00,3712.0,3712.0,3711.0,3711.0,14700,0.0,0.0
2024-07-05 14:05:00+09:00,3711.0,3712.0,3710.0,3711.0,21200,0.0,0.0
2024-07-05 14:06:00+09:00,3711.0,3712.0,3710.0,3712.0,13900,0.0,0.0
2024-07-05 14:07:00+09:00,3712.0,3712.0,3711.0,3711.0,6700,0.0,0.0
2024-07-05 14:08:00+09:00,3711.0,3711.0,3711.0,3711.0,3600,0.0,0.0
2024-07-05 14:09:00+09:00,3711.0,3712.0,3710.0,3710.0,30800,0.0,0.0
2024-07-05 14:10:00+09:00,3710.0,3710.0,3709.0,3709.0,10800,0.0,0.0
2024-07-05 14:11:00+09:00,3709.0,3710.0,3709.0,3710.0,33400,0.0,0.0
2024-07-05 14:12:00+09:00,3710.0,3710.0,3710.0,3710.0,4500,0.0,0.0
2024-07-05 14:13:00+09:00,3711.0,3712.0,3710.0,3710.0,13600,0.0,0.0
2024-07-05 14:14:00+09:00,3710.0,3711.0,3707.0,3707.0,22200,0.0,0.0
2024-07-05 14:15:00+09:00,3707.0,3709.0,3707.0,3709.0,16400,0.0,0.0
2024-07-05 14:16:00+09:00,3709.0,3711.0,3709.0,3711.0,13300,0.0,0.0
2024-07-05 14:17:00+09:00,3712.0,3713.0,3712.0,3713.0,13200,0.0,0.0
2024-07-05 14:18:00+09:00,3713.0,3714.0,3712.0,3712.0,11500,0.0,0.0
2024-07-05 14:19:00+09:00,3712.0,3713.0,3712.0,3712.0,7400,0.0,0.0
2024-07-05 14:20:00+09:00,3713.0,3713.0,3712.0,3712.0,12200,0.0,0.0
2024-07-05 14:21:00+09:00,3712.0,3714.0,3712.0,3712.0,19100,0.0,0.0
2024-07-05 14:22:00+09:00,3712.0,3712.0,3710.0,3710.0,20500,0.0,0.0
2024-07-05 14:23:00+09:00,3710.0,3711.0,3708.0,3708.0,18200,0.0,0.0
2024-07-05 14:24:00+09:00,3708.0,3709.0,3708.0,3708.0,19200,0.0,0.0
2024-07-05 14:25:00+09:00,3708.0,3709.0,3707.0,3708.0,10900,0.0,0.0
2024-07-05 14:26:00+09:00,3709.0,3709.0,3703.0,3703.0,110400,0.0,0.0
2024-07-05 14:27:00+09:00,3702.0,3704.0,3702.0,3703.0,13100,0.0,0.0
2024-07-05 14:28:00+09:00,3703.0,3703.0,3701.0,3702.0,43100,0.0,0.0
2024-07-05 14:29:00+09:00,3701.0,3702.0,3701.0,3702.0,29000,0.0,0.0
2024-07-05 14:30:00+09:00,3702.0,3704.0,3702.0,3703.0,28000,0.0,0.0
2024-07-05 14:31:00+09:00,3703.0,3706.0,3702.0,3703.0,43000,0.0,0.0
2024-07-05 14:32:00+09:00,3702.0,3703.0,3701.0,3702.0,18500,0.0,0.0
2024-07-05 14:33:00+09:00,3703.0,3704.0,3702.0,3703.0,15100,0.0,0.0
2024-07-05 14:34:00+09:00,3703.0,3704.0,3701.0,3701.0,11700,0.0,0.0
2024-07-05 14:35:00+09:00,3701.0,3703.0,3701.0,3703.0,22600,0.0,0.0
2024-07-05 14:36:00+09:00,3703.0,3703.0,3702.0,3703.0,6800,0.0,0.0
2024-07-05 14:37:00+09:00,3703.0,3704.0,3702.0,3703.0,40200,0.0,0.0
2024-07-05 14:38:00+09:00,3703.0,3705.0,3702.0,3703.0,15100,0.0,0.0
2024-07-05 14:39:00+09:00,3702.0,3703.0,3702.0,3702.0,7200,0.0,0.0
2024-07-05 14:40:00+09:00,3703.0,3704.0,3702.0,3703.0,19600,0.0,0.0
2024-07-05 14:41:00+09:00,3702.0,3703.0,3701.0,3701.0,35500,0.0,0.0
2024-07-05 14:42:00+09:00,3702.0,3703.0,3701.0,3702.0,18800,0.0,0.0
2024-07-05 14:43:00+09:00,3701.0,3702.0,3696.0,3696.0,167500,0.0,0.0
2024-07-05 14:44:00+09:00,3696.0,3698.0,3695.0,3698.0,31900,0.0,0.0
2024-07-05 14:45:00+09:00,3698.0,3704.0,3697.0,3703.0,54800,0.0,0.0
2024-07-05 14:46:00+09:00,3703.0,3703.0,3700.0,3701.0,27000,0.0,0.0
2024-07-05 14:47:00+09:00,3701.0,3701.0,3699.0,3699.0,16600,0.0,0.0
2024-07-05 14:48:00+09:00,3699.0,3700.0,3699.0,3700.0,6200,0.0,0.0
2024-07-05 14:49:00+09:00,3699.0,3700.0,3699.0,3700.0,29300,0.0,0.0
2024-07-05 14:50:00+09:00,3699.0,3702.0,3699.0,3702.0,57700,0.0,0.0
2024-07-05 14:51:00+09:00,3702.0,3703.0,3701.0,3703.0,27400,0.0,0.0
2024-07-05 14:52:00+09:00,3702.0,3704.0,3701.0,3701.0,35600,0.0,0.0
2024-07-05 14:53:00+09:00,3701.0,3703.0,3701.0,3703.0,39800,0.0,0.0
2024-07-05 14:54:00+09:00,3703.0,3706.0,3703.0,3706.0,43500,0.0,0.0
2024-07-05 14:55:00+09:00,3705.0,3705.0,3703.0,3704.0,25700,0.0,0.0
2024-07-05 14:56:00+09:00,3704.0,3704.0,3702.0,3702.0,31000,0.0,0.0
2024-07-05 14:57:00+09:00,3703.0,3704.0,3703.0,3703.0,37700,0.0,0.0
2024-07-05 14:58:00+09:00,3704.0,3705.0,3702.0,3702.0,72600,0.0,0.0
2024-07-05 14:59:00+09:00,3702.0,3707.0,3701.0,3703.0,146600,0.0,0.0
