Datetime,Open,High,Low,Close,Volume,Dividends,Stock Splits
2024-08-05 09:06:00+09:00,849.7999877929688,854.9000244140625,844.4000244140625,847.7999877929688,0,0.0,0.0
2024-08-05 09:07:00+09:00,848.5,848.7000122070312,839.2000122070312,842.5999755859375,96300,0.0,0.0
2024-08-05 09:08:00+09:00,843.0,848.5,843.0,846.0999755859375,33000,0.0,0.0
2024-08-05 09:09:00+09:00,846.5999755859375,846.5999755859375,836.2999877929688,839.2999877929688,57500,0.0,0.0
2024-08-05 09:10:00+09:00,839.4000244140625,840.2999877929688,832.0,832.0,29900,0.0,0.0
2024-08-05 09:11:00+09:00,832.2000122070312,833.7000122070312,829.2000122070312,831.9000244140625,131700,0.0,0.0
2024-08-05 09:12:00+09:00,832.0,833.0999755859375,830.0,830.0,35400,0.0,0.0
2024-08-05 09:13:00+09:00,830.0999755859375,830.0999755859375,824.0999755859375,824.5999755859375,48100,0.0,0.0
2024-08-05 09:14:00+09:00,824.7000122070312,826.5,823.0,823.7999877929688,22200,0.0,0.0
2024-08-05 09:15:00+09:00,823.7999877929688,823.7999877929688,818.0,818.0,38000,0.0,0.0
2024-08-05 09:16:00+09:00,818.0,818.4000244140625,811.4000244140625,813.5999755859375,32200,0.0,0.0
2024-08-05 09:17:00+09:00,814.0,824.4000244140625,814.0,823.2000122070312,72300,0.0,0.0
2024-08-05 09:18:00+09:00,822.5,822.5999755859375,818.2000122070312,818.2000122070312,10300,0.0,0.0
2024-08-05 09:19:00+09:00,817.7000122070312,817.9000244140625,814.2999877929688,816.7000122070312,32100,0.0,0.0
2024-08-05 09:20:00+09:00,816.7999877929688,816.7999877929688,812.9000244140625,814.2999877929688,20900,0.0,0.0
2024-08-05 09:21:00+09:00,814.5,821.0,813.5,820.9000244140625,24100,0.0,0.0
2024-08-05 09:22:00+09:00,820.2999877929688,822.4000244140625,820.0999755859375,821.2000122070312,17700,0.0,0.0
2024-08-05 09:23:00+09:00,821.0999755859375,821.7000122070312,820.2999877929688,821.7000122070312,13200,0.0,0.0
2024-08-05 09:24:00+09:00,821.0999755859375,821.0999755859375,817.5999755859375,820.4000244140625,23800,0.0,0.0
2024-08-05 09:25:00+09:00,821.0,821.2000122070312,818.7000122070312,820.0999755859375,11500,0.0,0.0
2024-08-05 09:26:00+09:00,820.4000244140625,822.7999877929688,819.2999877929688,820.4000244140625,20100,0.0,0.0
2024-08-05 09:27:00+09:00,820.7000122070312,822.5,820.0999755859375,821.9000244140625,23300,0.0,0.0
2024-08-05 09:28:00+09:00,821.9000244140625,826.5999755859375,820.9000244140625,826.4000244140625,20800,0.0,0.0
2024-08-05 09:29:00+09:00,826.7000122070312,829.5999755859375,826.0999755859375,828.7000122070312,22100,0.0,0.0
2024-08-05 09:30:00+09:00,829.2999877929688,829.2999877929688,823.5,825.5999755859375,29500,0.0,0.0
2024-08-05 09:31:00+09:00,825.2000122070312,827.2000122070312,823.9000244140625,825.7000122070312,10600,0.0,0.0
2024-08-05 09:32:00+09:00,825.5,829.5999755859375,825.0,828.2999877929688,14400,0.0,0.0
2024-08-05 09:33:00+09:00,828.2000122070312,829.4000244140625,826.0999755859375,828.0,11600,0.0,0.0
2024-08-05 09:34:00+09:00,828.0,831.0,827.0999755859375,831.0,17400,0.0,0.0
2024-08-05 09:35:00+09:00,830.5999755859375,832.5,829.7999877929688,830.7999877929688,15100,0.0,0.0
2024-08-05 09:36:00+09:00,831.2000122070312,831.2999877929688,827.0,828.7999877929688,16500,0.0,0.0
2024-08-05 09:37:00+09:00,828.0,828.7000122070312,826.4000244140625,826.4000244140625,17800,0.0,0.0
2024-08-05 09:38:00+09:00,826.9000244140625,827.0,823.9000244140625,826.0,18600,0.0,0.0
2024-08-05 09:39:00+09:00,825.7999877929688,826.0999755859375,823.5,825.0,9500,0.0,0.0
2024-08-05 09:40:00+09:00,825.2999877929688,827.0,824.5,826.0999755859375,12700,0.0,0.0
2024-08-05 09:41:00+09:00,825.9000244140625,831.2999877929688,825.5999755859375,829.5999755859375,36000,0.0,0.0
2024-08-05 09:42:00+09:00,829.9000244140625,830.2000122070312,827.4000244140625,827.9000244140625,6000,0.0,0.0
2024-08-05 09:43:00+09:00,827.4000244140625,829.9000244140625,826.7000122070312,829.5999755859375,13000,0.0,0.0
2024-08-05 09:44:00+09:00,829.5999755859375,830.2999877929688,827.5,828.0,12000,0.0,0.0
2024-08-05 09:45:00+09:00,828.0,828.0,826.2000122070312,826.9000244140625,8700,0.0,0.0
2024-08-05 09:46:00+09:00,826.9000244140625,827.0999755859375,824.0999755859375,825.4000244140625,12100,0.0,0.0
2024-08-05 09:47:00+09:00,825.4000244140625,829.4000244140625,824.4000244140625,828.2000122070312,14800,0.0,0.0
2024-08-05 09:48:00+09:00,828.5999755859375,829.5999755859375,827.0999755859375,827.0999755859375,10200,0.0,0.0
2024-08-05 09:49:00+09:00,827.0,829.0999755859375,826.2000122070312,826.2000122070312,14200,0.0,0.0
2024-08-05 09:50:00+09:00,826.5,827.5999755859375,825.2000122070312,827.5999755859375,11600,0.0,0.0
2024-08-05 09:51:00+09:00,827.2999877929688,829.2999877929688,826.5999755859375,828.9000244140625,11100,0.0,0.0
2024-08-05 09:52:00+09:00,829.0999755859375,830.0,827.7000122070312,829.5999755859375,22100,0.0,0.0
2024-08-05 09:53:00+09:00,829.7999877929688,830.5999755859375,827.5999755859375,828.9000244140625,12200,0.0,0.0
2024-08-05 09:54:00+09:00,829.2000122070312,830.2999877929688,829.0999755859375,829.0999755859375,8900,0.0,0.0
2024-08-05 09:55:00+09:00,829.7000122070312,832.7999877929688,829.2999877929688,832.5,23800,0.0,0.0
2024-08-05 09:56:00+09:00,832.5999755859375,834.7999877929688,832.5999755859375,834.4000244140625,8700,0.0,0.0
2024-08-05 09:57:00+09:00,834.5999755859375,835.2999877929688,834.0,835.2999877929688,18200,0.0,0.0
2024-08-05 09:58:00+09:00,835.7999877929688,838.5,835.5999755859375,837.9000244140625,19000,0.0,0.0
2024-08-05 09:59:00+09:00,838.2999877929688,840.5,838.2999877929688,838.5,20100,0.0,0.0
2024-08-05 10:00:00+09:00,839.0999755859375,841.5,839.0,841.0,6300,0.0,0.0
2024-08-05 10:01:00+09:00,841.9000244140625,844.0,841.5999755859375,844.0,10300,0.0,0.0
2024-08-05 10:02:00+09:00,844.5,846.7000122070312,843.0999755859375,843.2000122070312,11700,0.0,0.0
2024-08-05 10:03:00+09:00,843.5999755859375,845.2000122070312,842.2999877929688,842.5999755859375,9500,0.0,0.0
2024-08-05 10:04:00+09:00,843.2000122070312,844.0,842.0,843.4000244140625,19700,0.0,0.0
2024-08-05 10:05:00+09:00,843.2999877929688,843.2999877929688,838.7000122070312,841.0,28200,0.0,0.0
2024-08-05 10:06:00+09:00,841.2999877929688,841.7000122070312,838.9000244140625,839.2999877929688,13300,0.0,0.0
2024-08-05 10:07:00+09:00,839.2000122070312,840.0999755859375,836.7000122070312,836.7000122070312,16100,0.0,0.0
2024-08-05 10:08:00+09:00,836.5999755859375,837.2000122070312,835.0,836.4000244140625,18000,0.0,0.0
2024-08-05 10:09:00+09:00,836.7000122070312,838.5,836.7000122070312,838.0999755859375,24100,0.0,0.0
2024-08-05 10:10:00+09:00,838.5999755859375,839.5999755859375,837.2000122070312,839.0,27100,0.0,0.0
2024-08-05 10:11:00+09:00,839.0,841.0,837.2999877929688,840.4000244140625,26400,0.0,0.0
2024-08-05 10:12:00+09:00,840.9000244140625,843.0999755859375,840.5,842.7999877929688,13100,0.0,0.0
2024-08-05 10:13:00+09:00,843.2000122070312,843.5,840.5999755859375,841.7000122070312,16300,0.0,0.0
2024-08-05 10:14:00+09:00,841.5999755859375,842.7999877929688,841.0999755859375,842.7000122070312,11200,0.0,0.0
2024-08-05 10:15:00+09:00,842.5,843.4000244140625,842.2000122070312,843.4000244140625,9500,0.0,0.0
2024-08-05 10:16:00+09:00,843.4000244140625,845.0999755859375,843.0999755859375,844.7999877929688,16100,0.0,0.0
2024-08-05 10:17:00+09:00,844.5,845.0,843.4000244140625,844.7000122070312,12300,0.0,0.0
2024-08-05 10:18:00+09:00,844.9000244140625,846.7999877929688,844.9000244140625,846.2000122070312,15000,0.0,0.0
2024-08-05 10:19:00+09:00,846.2000122070312,848.7000122070312,845.7999877929688,848.2999877929688,14700,0.0,0.0
2024-08-05 10:20:00+09:00,848.2000122070312,849.2999877929688,847.7999877929688,847.7999877929688,13200,0.0,0.0
2024-08-05 10:21:00+09:00,845.0,845.5,844.2999877929688,844.2999877929688,19800,0.0,0.0
2024-08-05 10:22:00+09:00,844.5,844.7999877929688,842.0,842.2000122070312,11000,0.0,0.0
2024-08-05 10:23:00+09:00,841.7999877929688,842.5,841.2999877929688,841.7999877929688,14400,0.0,0.0
2024-08-05 10:24:00+09:00,842.0999755859375,843.9000244140625,842.0999755859375,843.2999877929688,14000,0.0,0.0
2024-08-05 10:25:00+09:00,843.5,843.7000122070312,839.7000122070312,839.9000244140625,21800,0.0,0.0
2024-08-05 10:26:00+09:00,840.0999755859375,840.5,838.9000244140625,839.5999755859375,15000,0.0,0.0
2024-08-05 10:27:00+09:00,839.5,839.9000244140625,837.7000122070312,838.7999877929688,14000,0.0,0.0
2024-08-05 10:28:00+09:00,837.9000244140625,841.2000122070312,837.9000244140625,840.7999877929688,19900,0.0,0.0
2024-08-05 10:29:00+09:00,840.7999877929688,842.4000244140625,840.7999877929688,842.2999877929688,18700,0.0,0.0
2024-08-05 10:30:00+09:00,842.0999755859375,844.5,841.2999877929688,844.5,14500,0.0,0.0
2024-08-05 10:31:00+09:00,844.7000122070312,846.7000122070312,844.4000244140625,846.7000122070312,17100,0.0,0.0
2024-08-05 10:32:00+09:00,847.0,847.2999877929688,846.5,847.0999755859375,13300,0.0,0.0
2024-08-05 10:33:00+09:00,847.0999755859375,848.2000122070312,846.5999755859375,848.0999755859375,12400,0.0,0.0
2024-08-05 10:34:00+09:00,848.0,851.0999755859375,847.5999755859375,850.7999877929688,24800,0.0,0.0
2024-08-05 10:35:00+09:00,850.7999877929688,850.7999877929688,848.7999877929688,849.7000122070312,14800,0.0,0.0
2024-08-05 10:36:00+09:00,849.9000244140625,850.5,848.7999877929688,849.0999755859375,17200,0.0,0.0
2024-08-05 10:37:00+09:00,849.2000122070312,849.7000122070312,848.9000244140625,849.7000122070312,9400,0.0,0.0
2024-08-05 10:38:00+09:00,849.5,849.5,846.7999877929688,846.7999877929688,20200,0.0,0.0
2024-08-05 10:39:00+09:00,847.0,848.7000122070312,846.2000122070312,848.2000122070312,9600,0.0,0.0
2024-08-05 10:40:00+09:00,848.5,848.7000122070312,847.2000122070312,848.7000122070312,14900,0.0,0.0
2024-08-05 10:41:00+09:00,848.7999877929688,849.5,847.5,847.9000244140625,10000,0.0,0.0
2024-08-05 10:42:00+09:00,848.2999877929688,848.4000244140625,846.0,846.0,11800,0.0,0.0
2024-08-05 10:43:00+09:00,845.7999877929688,846.4000244140625,845.0,845.0,11800,0.0,0.0
2024-08-05 10:44:00+09:00,845.2999877929688,846.0999755859375,843.7999877929688,844.2999877929688,17100,0.0,0.0
2024-08-05 10:45:00+09:00,844.4000244140625,846.0,843.5,844.7000122070312,13700,0.0,0.0
2024-08-05 10:46:00+09:00,844.5999755859375,846.0999755859375,843.5,845.7000122070312,15600,0.0,0.0
2024-08-05 10:47:00+09:00,845.9000244140625,847.5,845.5999755859375,845.7000122070312,15200,0.0,0.0
2024-08-05 10:48:00+09:00,845.7000122070312,846.4000244140625,845.0999755859375,845.5999755859375,6800,0.0,0.0
2024-08-05 10:49:00+09:00,845.0999755859375,846.0,844.9000244140625,846.0,5000,0.0,0.0
2024-08-05 10:50:00+09:00,845.5999755859375,845.5999755859375,842.7000122070312,842.7000122070312,15100,0.0,0.0
2024-08-05 10:51:00+09:00,842.9000244140625,843.2000122070312,840.2000122070312,840.2000122070312,9500,0.0,0.0
2024-08-05 10:52:00+09:00,840.5999755859375,841.7999877929688,840.2000122070312,840.5999755859375,9700,0.0,0.0
2024-08-05 10:53:00+09:00,841.0,841.0,838.2999877929688,840.7000122070312,12600,0.0,0.0
2024-08-05 10:54:00+09:00,840.7999877929688,841.5,840.0999755859375,841.0,13200,0.0,0.0
2024-08-05 10:55:00+09:00,840.7000122070312,843.5,840.5999755859375,843.2999877929688,14700,0.0,0.0
2024-08-05 10:56:00+09:00,843.7000122070312,845.4000244140625,843.5999755859375,845.4000244140625,21800,0.0,0.0
2024-08-05 10:57:00+09:00,845.2000122070312,846.5,844.7999877929688,845.9000244140625,15800,0.0,0.0
2024-08-05 10:58:00+09:00,846.2999877929688,847.5,846.2999877929688,846.9000244140625,16900,0.0,0.0
2024-08-05 10:59:00+09:00,847.2999877929688,848.7000122070312,847.2000122070312,847.4000244140625,13400,0.0,0.0
2024-08-05 11:00:00+09:00,847.5999755859375,848.5,844.5999755859375,844.5999755859375,11500,0.0,0.0
2024-08-05 11:01:00+09:00,844.4000244140625,845.0999755859375,843.0999755859375,844.2000122070312,12500,0.0,0.0
2024-08-05 11:02:00+09:00,844.5,847.9000244140625,844.5,847.5,13100,0.0,0.0
2024-08-05 11:03:00+09:00,847.5999755859375,847.7999877929688,846.7000122070312,847.4000244140625,9900,0.0,0.0
2024-08-05 11:04:00+09:00,847.2999877929688,847.9000244140625,846.0,846.0,7200,0.0,0.0
2024-08-05 11:05:00+09:00,845.7999877929688,846.0999755859375,844.9000244140625,845.2999877929688,7900,0.0,0.0
2024-08-05 11:06:00+09:00,845.4000244140625,846.0999755859375,844.9000244140625,845.9000244140625,7900,0.0,0.0
2024-08-05 11:07:00+09:00,846.0999755859375,846.9000244140625,845.4000244140625,846.9000244140625,11400,0.0,0.0
2024-08-05 11:08:00+09:00,847.0,848.4000244140625,846.5,847.0999755859375,23500,0.0,0.0
2024-08-05 11:09:00+09:00,847.7999877929688,848.4000244140625,847.0,848.0999755859375,10200,0.0,0.0
2024-08-05 11:10:00+09:00,848.5,850.2999877929688,848.2999877929688,848.9000244140625,31200,0.0,0.0
2024-08-05 11:11:00+09:00,849.2000122070312,849.2000122070312,847.9000244140625,848.0999755859375,8200,0.0,0.0
2024-08-05 11:12:00+09:00,848.2000122070312,851.0999755859375,848.0999755859375,850.2999877929688,13900,0.0,0.0
2024-08-05 11:13:00+09:00,850.7000122070312,851.0,849.9000244140625,850.5,8400,0.0,0.0
2024-08-05 11:14:00+09:00,850.5999755859375,851.2999877929688,849.7000122070312,850.4000244140625,15200,0.0,0.0
2024-08-05 11:15:00+09:00,850.4000244140625,851.2000122070312,849.5,851.0,15300,0.0,0.0
2024-08-05 11:16:00+09:00,851.2000122070312,851.5999755859375,850.7000122070312,851.2999877929688,6400,0.0,0.0
2024-08-05 11:17:00+09:00,851.5,852.7999877929688,850.9000244140625,851.0999755859375,14000,0.0,0.0
2024-08-05 11:18:00+09:00,851.4000244140625,852.0,851.0999755859375,851.5999755859375,9700,0.0,0.0
2024-08-05 11:19:00+09:00,851.5999755859375,852.2999877929688,850.7999877929688,851.0,13100,0.0,0.0
2024-08-05 11:20:00+09:00,851.4000244140625,853.5,851.2000122070312,853.2000122070312,11400,0.0,0.0
2024-08-05 11:21:00+09:00,853.5,854.5999755859375,853.4000244140625,854.5999755859375,72000,0.0,0.0
2024-08-05 11:22:00+09:00,854.4000244140625,855.0999755859375,853.9000244140625,854.5999755859375,31300,0.0,0.0
2024-08-05 11:23:00+09:00,854.5999755859375,855.4000244140625,854.5,855.2999877929688,13200,0.0,0.0
2024-08-05 11:24:00+09:00,855.2999877929688,856.7000122070312,855.2000122070312,856.5999755859375,10000,0.0,0.0
2024-08-05 11:25:00+09:00,856.9000244140625,857.4000244140625,856.0999755859375,856.5999755859375,19500,0.0,0.0
2024-08-05 11:26:00+09:00,856.7000122070312,858.7999877929688,856.7000122070312,858.4000244140625,10000,0.0,0.0
2024-08-05 11:27:00+09:00,858.5,859.0,857.4000244140625,857.9000244140625,13500,0.0,0.0
2024-08-05 11:28:00+09:00,858.4000244140625,859.0999755859375,856.9000244140625,857.7999877929688,11800,0.0,0.0
2024-08-05 11:29:00+09:00,857.5999755859375,858.7999877929688,857.2000122070312,857.7999877929688,7300,0.0,0.0
2024-08-05 11:30:00+09:00,858.5999755859375,858.5999755859375,858.5999755859375,858.5999755859375,900,0.0,0.0
2024-08-05 11:35:00+09:00,858.5999755859375,858.5999755859375,858.5999755859375,858.5999755859375,0,0.0,0.0
2024-08-05 12:30:00+09:00,858.5,859.0999755859375,853.9000244140625,858.5,3076700,0.0,0.0
2024-08-05 12:31:00+09:00,858.4000244140625,861.4000244140625,858.0999755859375,861.0999755859375,13300,0.0,0.0
2024-08-05 12:32:00+09:00,861.0999755859375,861.5999755859375,858.7000122070312,858.7000122070312,24600,0.0,0.0
2024-08-05 12:33:00+09:00,859.0,859.0,855.9000244140625,855.9000244140625,6900,0.0,0.0
2024-08-05 12:34:00+09:00,856.2000122070312,857.2999877929688,855.4000244140625,856.7000122070312,13100,0.0,0.0
2024-08-05 12:35:00+09:00,857.0,857.0,854.0,854.0999755859375,16300,0.0,0.0
2024-08-05 12:36:00+09:00,854.0999755859375,854.7000122070312,852.9000244140625,854.7000122070312,14300,0.0,0.0
2024-08-05 12:37:00+09:00,854.9000244140625,857.0,854.2999877929688,856.2999877929688,13600,0.0,0.0
2024-08-05 12:38:00+09:00,856.4000244140625,857.7999877929688,856.4000244140625,857.2999877929688,4200,0.0,0.0
2024-08-05 12:39:00+09:00,857.0,857.5999755859375,856.4000244140625,857.0999755859375,24100,0.0,0.0
2024-08-05 12:40:00+09:00,857.0,857.0,853.5999755859375,853.5999755859375,13300,0.0,0.0
2024-08-05 12:41:00+09:00,853.5999755859375,853.7999877929688,851.7000122070312,853.0999755859375,15000,0.0,0.0
2024-08-05 12:42:00+09:00,853.7000122070312,853.7000122070312,852.0999755859375,853.5,11900,0.0,0.0
2024-08-05 12:43:00+09:00,853.5999755859375,854.0999755859375,852.4000244140625,852.5,10500,0.0,0.0
2024-08-05 12:44:00+09:00,852.5,854.2000122070312,852.4000244140625,853.5999755859375,15200,0.0,0.0
2024-08-05 12:45:00+09:00,853.7000122070312,853.7000122070312,851.0,851.9000244140625,14900,0.0,0.0
2024-08-05 12:46:00+09:00,851.9000244140625,852.7999877929688,850.7999877929688,852.4000244140625,9100,0.0,0.0
2024-08-05 12:47:00+09:00,852.2999877929688,852.2999877929688,850.2999877929688,851.7000122070312,15200,0.0,0.0
2024-08-05 12:48:00+09:00,852.0999755859375,853.2999877929688,852.0,853.2999877929688,12300,0.0,0.0
2024-08-05 12:49:00+09:00,853.2000122070312,853.7000122070312,851.5999755859375,851.5999755859375,16000,0.0,0.0
2024-08-05 12:50:00+09:00,851.5999755859375,851.5999755859375,850.4000244140625,851.2000122070312,7500,0.0,0.0
2024-08-05 12:51:00+09:00,851.0,851.0,849.7000122070312,850.2000122070312,13900,0.0,0.0
2024-08-05 12:52:00+09:00,850.0,852.2999877929688,849.9000244140625,852.0999755859375,16300,0.0,0.0
2024-08-05 12:53:00+09:00,852.0,852.5999755859375,851.7999877929688,852.2000122070312,16500,0.0,0.0
2024-08-05 12:54:00+09:00,852.7999877929688,854.5999755859375,852.5,854.0,20100,0.0,0.0
2024-08-05 12:55:00+09:00,854.2000122070312,854.4000244140625,851.7999877929688,851.9000244140625,13200,0.0,0.0
2024-08-05 12:56:00+09:00,852.0999755859375,853.2999877929688,851.9000244140625,853.2999877929688,14000,0.0,0.0
2024-08-05 12:57:00+09:00,853.4000244140625,853.7000122070312,852.5,853.0999755859375,10800,0.0,0.0
2024-08-05 12:58:00+09:00,853.2000122070312,853.7999877929688,851.9000244140625,852.5,10700,0.0,0.0
2024-08-05 12:59:00+09:00,852.4000244140625,853.4000244140625,851.9000244140625,851.9000244140625,15800,0.0,0.0
2024-08-05 13:00:00+09:00,851.7999877929688,851.9000244140625,850.5,850.7000122070312,9300,0.0,0.0
2024-08-05 13:01:00+09:00,851.2000122070312,851.2999877929688,849.2000122070312,849.7999877929688,21400,0.0,0.0
2024-08-05 13:02:00+09:00,849.9000244140625,851.0999755859375,849.5999755859375,850.0,17100,0.0,0.0
2024-08-05 13:03:00+09:00,850.2000122070312,850.7000122070312,848.2000122070312,848.2000122070312,24400,0.0,0.0
2024-08-05 13:04:00+09:00,848.5,849.2000122070312,848.0999755859375,848.7000122070312,8600,0.0,0.0
2024-08-05 13:05:00+09:00,848.5999755859375,850.5999755859375,848.2999877929688,849.7000122070312,12100,0.0,0.0
2024-08-05 13:06:00+09:00,849.4000244140625,849.5999755859375,847.7999877929688,847.7999877929688,10900,0.0,0.0
2024-08-05 13:07:00+09:00,847.9000244140625,848.0999755859375,845.0,845.5,24900,0.0,0.0
2024-08-05 13:08:00+09:00,845.7999877929688,846.2999877929688,845.0,845.5999755859375,11600,0.0,0.0
2024-08-05 13:09:00+09:00,845.5999755859375,848.0,845.4000244140625,847.0,17300,0.0,0.0
2024-08-05 13:10:00+09:00,847.7000122070312,847.7999877929688,845.9000244140625,846.7000122070312,7600,0.0,0.0
2024-08-05 13:11:00+09:00,846.7000122070312,846.7000122070312,844.2000122070312,844.5999755859375,16700,0.0,0.0
2024-08-05 13:12:00+09:00,844.7000122070312,845.4000244140625,843.5999755859375,845.2999877929688,16800,0.0,0.0
2024-08-05 13:13:00+09:00,845.2999877929688,847.5999755859375,845.0999755859375,846.7000122070312,21800,0.0,0.0
2024-08-05 13:14:00+09:00,846.7000122070312,848.0,846.4000244140625,847.4000244140625,14800,0.0,0.0
2024-08-05 13:15:00+09:00,847.7999877929688,849.0999755859375,847.7999877929688,848.7000122070312,18900,0.0,0.0
2024-08-05 13:16:00+09:00,848.7999877929688,848.7999877929688,846.5999755859375,847.2000122070312,17700,0.0,0.0
2024-08-05 13:17:00+09:00,847.5,848.0,846.2000122070312,846.7000122070312,10200,0.0,0.0
2024-08-05 13:18:00+09:00,846.2000122070312,846.5,845.5999755859375,845.9000244140625,10400,0.0,0.0
2024-08-05 13:19:00+09:00,846.2000122070312,846.7000122070312,844.7999877929688,844.9000244140625,22800,0.0,0.0
2024-08-05 13:20:00+09:00,845.2000122070312,845.2999877929688,843.0999755859375,843.2999877929688,10100,0.0,0.0
2024-08-05 13:21:00+09:00,843.2999877929688,843.2999877929688,841.2000122070312,841.7000122070312,10300,0.0,0.0
2024-08-05 13:22:00+09:00,841.7999877929688,843.0,841.5,841.5,10500,0.0,0.0
2024-08-05 13:23:00+09:00,841.7000122070312,843.4000244140625,840.5,842.5999755859375,15200,0.0,0.0
2024-08-05 13:24:00+09:00,843.0,844.0999755859375,842.5999755859375,842.7999877929688,11300,0.0,0.0
2024-08-05 13:25:00+09:00,843.2999877929688,843.5,842.0,843.0,8800,0.0,0.0
2024-08-05 13:26:00+09:00,843.2999877929688,844.0,842.7999877929688,842.7999877929688,14900,0.0,0.0
2024-08-05 13:27:00+09:00,843.2999877929688,845.0999755859375,842.7999877929688,844.9000244140625,12600,0.0,0.0
2024-08-05 13:28:00+09:00,845.2000122070312,845.2000122070312,844.0,844.5999755859375,10300,0.0,0.0
2024-08-05 13:29:00+09:00,845.0999755859375,847.5,845.0999755859375,846.7000122070312,14600,0.0,0.0
2024-08-05 13:30:00+09:00,846.7000122070312,846.7000122070312,844.7999877929688,845.7000122070312,12800,0.0,0.0
2024-08-05 13:31:00+09:00,845.7000122070312,846.2999877929688,844.7999877929688,845.2999877929688,14400,0.0,0.0
2024-08-05 13:32:00+09:00,845.7000122070312,845.7999877929688,843.5999755859375,844.7000122070312,14900,0.0,0.0
2024-08-05 13:33:00+09:00,844.5999755859375,844.5999755859375,843.5,843.7000122070312,9900,0.0,0.0
2024-08-05 13:34:00+09:00,844.0,845.0999755859375,843.7000122070312,844.7000122070312,14800,0.0,0.0
2024-08-05 13:35:00+09:00,844.2999877929688,845.2999877929688,843.7000122070312,844.0,9800,0.0,0.0
2024-08-05 13:36:00+09:00,844.0,847.9000244140625,843.5,846.7999877929688,38400,0.0,0.0
2024-08-05 13:37:00+09:00,846.7999877929688,847.7000122070312,845.7999877929688,847.0,20400,0.0,0.0
2024-08-05 13:38:00+09:00,847.7999877929688,848.2000122070312,846.2000122070312,847.2000122070312,20400,0.0,0.0
2024-08-05 13:39:00+09:00,847.0999755859375,847.9000244140625,846.2999877929688,846.5,18800,0.0,0.0
2024-08-05 13:40:00+09:00,846.4000244140625,846.7999877929688,844.0,845.0,10800,0.0,0.0
2024-08-05 13:41:00+09:00,844.7000122070312,844.7000122070312,843.2999877929688,843.5999755859375,13500,0.0,0.0
2024-08-05 13:42:00+09:00,843.5999755859375,843.7000122070312,841.2999877929688,841.7000122070312,8100,0.0,0.0
2024-08-05 13:43:00+09:00,841.4000244140625,841.5,840.2000122070312,841.0999755859375,29000,0.0,0.0
2024-08-05 13:44:00+09:00,841.2000122070312,842.7000122070312,841.2000122070312,841.9000244140625,17400,0.0,0.0
2024-08-05 13:45:00+09:00,842.0,842.5999755859375,840.0,840.5999755859375,20400,0.0,0.0
2024-08-05 13:46:00+09:00,840.7999877929688,841.0,838.4000244140625,838.4000244140625,20200,0.0,0.0
2024-08-05 13:47:00+09:00,838.5999755859375,838.7000122070312,835.9000244140625,836.5,18000,0.0,0.0
2024-08-05 13:48:00+09:00,837.0,837.0,835.0,835.5999755859375,19000,0.0,0.0
2024-08-05 13:49:00+09:00,835.7000122070312,837.4000244140625,835.4000244140625,837.0,21600,0.0,0.0
2024-08-05 13:50:00+09:00,837.0,840.5,837.0,840.5,23400,0.0,0.0
2024-08-05 13:51:00+09:00,840.4000244140625,841.5,838.5,840.4000244140625,19700,0.0,0.0
2024-08-05 13:52:00+09:00,840.2999877929688,841.4000244140625,838.9000244140625,839.7999877929688,21400,0.0,0.0
2024-08-05 13:53:00+09:00,840.0,840.7999877929688,839.4000244140625,840.0999755859375,16600,0.0,0.0
2024-08-05 13:54:00+09:00,840.2999877929688,840.2999877929688,835.7000122070312,836.0,23600,0.0,0.0
2024-08-05 13:55:00+09:00,836.5,837.4000244140625,835.9000244140625,836.0999755859375,21900,0.0,0.0
2024-08-05 13:56:00+09:00,835.9000244140625,836.0999755859375,835.5,835.5999755859375,3100,0.0,0.0
2024-08-05 13:57:00+09:00,837.9000244140625,837.9000244140625,835.5,836.2999877929688,28300,0.0,0.0
2024-08-05 13:58:00+09:00,835.2000122070312,835.9000244140625,835.0999755859375,835.2999877929688,16400,0.0,0.0
2024-08-05 13:59:00+09:00,835.5999755859375,836.2999877929688,834.0,834.5999755859375,29400,0.0,0.0
2024-08-05 14:00:00+09:00,834.5,835.7000122070312,833.9000244140625,835.2999877929688,15600,0.0,0.0
2024-08-05 14:01:00+09:00,834.9000244140625,835.5,834.0,834.5,17800,0.0,0.0
2024-08-05 14:02:00+09:00,834.2000122070312,834.4000244140625,831.9000244140625,831.9000244140625,18900,0.0,0.0
2024-08-05 14:03:00+09:00,831.7999877929688,832.7000122070312,830.7999877929688,830.7999877929688,21900,0.0,0.0
2024-08-05 14:04:00+09:00,831.0999755859375,834.2000122070312,831.0999755859375,832.7000122070312,21800,0.0,0.0
2024-08-05 14:05:00+09:00,832.9000244140625,835.7000122070312,832.9000244140625,834.5,24600,0.0,0.0
2024-08-05 14:06:00+09:00,834.0999755859375,835.2000122070312,832.5999755859375,832.9000244140625,20300,0.0,0.0
2024-08-05 14:07:00+09:00,832.9000244140625,835.7999877929688,831.5,834.0999755859375,22800,0.0,0.0
2024-08-05 14:08:00+09:00,834.0,834.0,830.5999755859375,830.9000244140625,26900,0.0,0.0
2024-08-05 14:09:00+09:00,830.7999877929688,832.4000244140625,828.9000244140625,830.5999755859375,46200,0.0,0.0
2024-08-05 14:10:00+09:00,830.5999755859375,831.5999755859375,828.7999877929688,830.9000244140625,22200,0.0,0.0
2024-08-05 14:11:00+09:00,830.9000244140625,832.4000244140625,830.5999755859375,831.7000122070312,16600,0.0,0.0
2024-08-05 14:12:00+09:00,831.2999877929688,831.5999755859375,829.7999877929688,830.9000244140625,24100,0.0,0.0
2024-08-05 14:13:00+09:00,830.9000244140625,830.9000244140625,828.7000122070312,830.2999877929688,24900,0.0,0.0
2024-08-05 14:14:00+09:00,830.5,830.9000244140625,829.5999755859375,830.4000244140625,18100,0.0,0.0
2024-08-05 14:15:00+09:00,830.5,830.7999877929688,829.4000244140625,830.0,18100,0.0,0.0
2024-08-05 14:16:00+09:00,830.2999877929688,831.5,828.9000244140625,830.0999755859375,38300,0.0,0.0
2024-08-05 14:17:00+09:00,830.0,831.0999755859375,829.0,830.0,15900,0.0,0.0
2024-08-05 14:18:00+09:00,829.9000244140625,829.9000244140625,824.9000244140625,825.0,53600,0.0,0.0
2024-08-05 14:19:00+09:00,825.5,826.2999877929688,822.0,822.7000122070312,50200,0.0,0.0
2024-08-05 14:20:00+09:00,822.5999755859375,823.4000244140625,820.5,822.4000244140625,20500,0.0,0.0
2024-08-05 14:21:00+09:00,822.4000244140625,823.2000122070312,821.7000122070312,821.7999877929688,20700,0.0,0.0
2024-08-05 14:22:00+09:00,821.7999877929688,825.7999877929688,821.2999877929688,823.5,27400,0.0,0.0
2024-08-05 14:23:00+09:00,823.4000244140625,824.0999755859375,821.0999755859375,821.7999877929688,18900,0.0,0.0
2024-08-05 14:24:00+09:00,821.7999877929688,822.2999877929688,815.9000244140625,816.7000122070312,115300,0.0,0.0
2024-08-05 14:25:00+09:00,816.4000244140625,817.5999755859375,816.4000244140625,817.5999755859375,9100,0.0,0.0
2024-08-05 14:26:00+09:00,817.5,817.5,815.0999755859375,815.2000122070312,11300,0.0,0.0
2024-08-05 14:27:00+09:00,815.2000122070312,817.5999755859375,815.0999755859375,815.5,37700,0.0,0.0
2024-08-05 14:28:00+09:00,815.2000122070312,815.7000122070312,812.0,813.5,77800,0.0,0.0
2024-08-05 14:29:00+09:00,813.4000244140625,816.0999755859375,811.9000244140625,815.2000122070312,105800,0.0,0.0
2024-08-05 14:30:00+09:00,815.2999877929688,815.7999877929688,810.9000244140625,814.5999755859375,67700,0.0,0.0
2024-08-05 14:31:00+09:00,814.9000244140625,815.0,811.0,811.0,34400,0.0,0.0
2024-08-05 14:32:00+09:00,811.0,811.0999755859375,808.5,809.0,25000,0.0,0.0
2024-08-05 14:33:00+09:00,808.4000244140625,808.7999877929688,806.9000244140625,806.9000244140625,24500,0.0,0.0
2024-08-05 14:34:00+09:00,806.9000244140625,807.2000122070312,800.0,806.2000122070312,91200,0.0,0.0
2024-08-05 14:35:00+09:00,806.2000122070312,806.7000122070312,805.2000122070312,805.9000244140625,23300,0.0,0.0
2024-08-05 14:36:00+09:00,805.9000244140625,810.7999877929688,805.2999877929688,810.2000122070312,27700,0.0,0.0
2024-08-05 14:37:00+09:00,810.9000244140625,812.5999755859375,810.2000122070312,810.2000122070312,35600,0.0,0.0
2024-08-05 14:38:00+09:00,810.2000122070312,810.2000122070312,806.4000244140625,807.2000122070312,30800,0.0,0.0
2024-08-05 14:39:00+09:00,807.2999877929688,807.5,801.2999877929688,804.5,76500,0.0,0.0
2024-08-05 14:40:00+09:00,804.2999877929688,805.4000244140625,803.9000244140625,805.2999877929688,28900,0.0,0.0
2024-08-05 14:41:00+09:00,804.7000122070312,804.7999877929688,799.7000122070312,804.2999877929688,79200,0.0,0.0
2024-08-05 14:42:00+09:00,803.7999877929688,804.7000122070312,801.7999877929688,801.7999877929688,45800,0.0,0.0
2024-08-05 14:43:00+09:00,801.7999877929688,803.0999755859375,800.0,801.5999755859375,65200,0.0,0.0
2024-08-05 14:44:00+09:00,801.0999755859375,801.5,800.2999877929688,800.7999877929688,18700,0.0,0.0
2024-08-05 14:45:00+09:00,800.5,800.7999877929688,798.7000122070312,800.7000122070312,48600,0.0,0.0
2024-08-05 14:46:00+09:00,800.7000122070312,802.4000244140625,798.5,800.4000244140625,63000,0.0,0.0
2024-08-05 14:47:00+09:00,800.7000122070312,803.2000122070312,800.2999877929688,802.0,28600,0.0,0.0
2024-08-05 14:48:00+09:00,802.7999877929688,802.9000244140625,801.4000244140625,801.7999877929688,29900,0.0,0.0
2024-08-05 14:49:00+09:00,802.0999755859375,803.0,801.2000122070312,802.7999877929688,28500,0.0,0.0
2024-08-05 14:50:00+09:00,802.5999755859375,802.7000122070312,800.7999877929688,801.4000244140625,53400,0.0,0.0
2024-08-05 14:51:00+09:00,801.4000244140625,801.9000244140625,799.7999877929688,799.7999877929688,36900,0.0,0.0
2024-08-05 14:52:00+09:00,799.7999877929688,800.0,798.0,798.5999755859375,34200,0.0,0.0
2024-08-05 14:53:00+09:00,798.2999877929688,800.7000122070312,797.4000244140625,800.0999755859375,42400,0.0,0.0
2024-08-05 14:54:00+09:00,800.2000122070312,805.0999755859375,799.9000244140625,804.7000122070312,39400,0.0,0.0
2024-08-05 14:55:00+09:00,804.5999755859375,804.7999877929688,800.0999755859375,802.2000122070312,56700,0.0,0.0
2024-08-05 14:56:00+09:00,802.2000122070312,803.2000122070312,801.2999877929688,801.4000244140625,54400,0.0,0.0
2024-08-05 14:57:00+09:00,801.9000244140625,802.0,797.2999877929688,801.2000122070312,67100,0.0,0.0
2024-08-05 14:58:00+09:00,800.7000122070312,808.7999877929688,800.5,808.0,114400,0.0,0.0
2024-08-05 14:59:00+09:00,808.7000122070312,814.4000244140625,802.0999755859375,805.7000122070312,147900,0.0,0.0
2024-08-06 09:10:00+09:00,866.4000244140625,874.4000244140625,864.7999877929688,865.5999755859375,391600,0.0,0.0
2024-08-06 09:11:00+09:00,866.0,881.0999755859375,862.5,876.9000244140625,207600,0.0,0.0
2024-08-06 09:12:00+09:00,876.4000244140625,880.2000122070312,871.4000244140625,872.5999755859375,70300,0.0,0.0
2024-08-06 09:13:00+09:00,872.9000244140625,873.7000122070312,869.5999755859375,871.0,40300,0.0,0.0
2024-08-06 09:14:00+09:00,871.0999755859375,873.7000122070312,869.9000244140625,869.9000244140625,34600,0.0,0.0
2024-08-06 09:15:00+09:00,870.5999755859375,871.4000244140625,866.2999877929688,868.2999877929688,52000,0.0,0.0
2024-08-06 09:16:00+09:00,868.0999755859375,868.4000244140625,862.2999877929688,866.7000122070312,23300,0.0,0.0
2024-08-06 09:17:00+09:00,867.0999755859375,872.4000244140625,866.2000122070312,871.4000244140625,73800,0.0,0.0
2024-08-06 09:18:00+09:00,871.2999877929688,874.2999877929688,869.7999877929688,872.2000122070312,74500,0.0,0.0
2024-08-06 09:19:00+09:00,873.0999755859375,877.7000122070312,870.2999877929688,873.0999755859375,47300,0.0,0.0
2024-08-06 09:20:00+09:00,873.0999755859375,877.0,872.2999877929688,875.2999877929688,38800,0.0,0.0
2024-08-06 09:21:00+09:00,876.0999755859375,878.7000122070312,876.0999755859375,878.2000122070312,16000,0.0,0.0
2024-08-06 09:22:00+09:00,878.2000122070312,880.2000122070312,877.5,878.2999877929688,25700,0.0,0.0
2024-08-06 09:23:00+09:00,878.2999877929688,880.7999877929688,875.9000244140625,879.7000122070312,26200,0.0,0.0
2024-08-06 09:24:00+09:00,879.4000244140625,884.5999755859375,878.9000244140625,884.5,12900,0.0,0.0
2024-08-06 09:25:00+09:00,884.0999755859375,885.0,877.7999877929688,880.4000244140625,17000,0.0,0.0
2024-08-06 09:26:00+09:00,880.5,882.0,879.5,880.2999877929688,6400,0.0,0.0
2024-08-06 09:27:00+09:00,881.5,884.4000244140625,881.0,881.2999877929688,7900,0.0,0.0
2024-08-06 09:28:00+09:00,882.0999755859375,882.5999755859375,880.4000244140625,881.5999755859375,8200,0.0,0.0
2024-08-06 09:29:00+09:00,882.0,882.7000122070312,879.5999755859375,879.5999755859375,8900,0.0,0.0
2024-08-06 09:30:00+09:00,879.7999877929688,880.5,877.7999877929688,880.0999755859375,15400,0.0,0.0
2024-08-06 09:31:00+09:00,880.0,884.2000122070312,879.2999877929688,883.5999755859375,12900,0.0,0.0
2024-08-06 09:32:00+09:00,883.5999755859375,889.9000244140625,883.2999877929688,888.9000244140625,65600,0.0,0.0
2024-08-06 09:33:00+09:00,889.2000122070312,892.5999755859375,889.2000122070312,891.9000244140625,27300,0.0,0.0
2024-08-06 09:34:00+09:00,892.0999755859375,893.2999877929688,886.0,892.9000244140625,77800,0.0,0.0
2024-08-06 09:35:00+09:00,893.0,893.5,890.5999755859375,892.0999755859375,17400,0.0,0.0
2024-08-06 09:36:00+09:00,892.7999877929688,894.7999877929688,890.7999877929688,892.7000122070312,29100,0.0,0.0
2024-08-06 09:37:00+09:00,893.5,895.9000244140625,892.2000122070312,895.0999755859375,15100,0.0,0.0
2024-08-06 09:38:00+09:00,895.0999755859375,897.5,894.5999755859375,896.9000244140625,12100,0.0,0.0
2024-08-06 09:39:00+09:00,896.9000244140625,898.0,895.5999755859375,897.0,47300,0.0,0.0
2024-08-06 09:40:00+09:00,897.5999755859375,898.0,893.9000244140625,895.5,26300,0.0,0.0
2024-08-06 09:41:00+09:00,895.7000122070312,898.5999755859375,895.0999755859375,898.2000122070312,15200,0.0,0.0
2024-08-06 09:42:00+09:00,898.7000122070312,898.9000244140625,895.2999877929688,897.0,17400,0.0,0.0
2024-08-06 09:43:00+09:00,896.5,897.5,894.9000244140625,896.2999877929688,13000,0.0,0.0
2024-08-06 09:44:00+09:00,896.7999877929688,899.5999755859375,896.4000244140625,899.2999877929688,13800,0.0,0.0
2024-08-06 09:45:00+09:00,899.7000122070312,900.9000244140625,897.9000244140625,898.5999755859375,78600,0.0,0.0
2024-08-06 09:46:00+09:00,899.2000122070312,901.7000122070312,898.2999877929688,901.5999755859375,16200,0.0,0.0
2024-08-06 09:47:00+09:00,901.7000122070312,903.4000244140625,901.0999755859375,902.9000244140625,20800,0.0,0.0
2024-08-06 09:48:00+09:00,903.2999877929688,904.5999755859375,900.7999877929688,900.9000244140625,24600,0.0,0.0
2024-08-06 09:49:00+09:00,901.0,901.7000122070312,900.2000122070312,900.4000244140625,11600,0.0,0.0
2024-08-06 09:50:00+09:00,900.2999877929688,904.2000122070312,900.2000122070312,903.0,14500,0.0,0.0
2024-08-06 09:51:00+09:00,903.0,903.0,899.0999755859375,899.4000244140625,13500,0.0,0.0
2024-08-06 09:52:00+09:00,899.5,901.5999755859375,899.0,901.0999755859375,9700,0.0,0.0
2024-08-06 09:53:00+09:00,901.5999755859375,904.2000122070312,901.2999877929688,903.2999877929688,12000,0.0,0.0
2024-08-06 09:54:00+09:00,903.2999877929688,903.2999877929688,900.5999755859375,900.7999877929688,17500,0.0,0.0
2024-08-06 09:55:00+09:00,900.7000122070312,902.2000122070312,900.4000244140625,902.2000122070312,18200,0.0,0.0
2024-08-06 09:56:00+09:00,902.2000122070312,904.9000244140625,901.9000244140625,904.5,37300,0.0,0.0
2024-08-06 09:57:00+09:00,904.0,904.4000244140625,902.0,902.0,11600,0.0,0.0
2024-08-06 09:58:00+09:00,901.9000244140625,901.9000244140625,899.4000244140625,900.5,31900,0.0,0.0
2024-08-06 09:59:00+09:00,900.0999755859375,900.0999755859375,897.4000244140625,897.9000244140625,7800,0.0,0.0
2024-08-06 10:00:00+09:00,897.5,899.4000244140625,897.4000244140625,897.7000122070312,8200,0.0,0.0
2024-08-06 10:01:00+09:00,897.5999755859375,897.9000244140625,896.2999877929688,896.2999877929688,7300,0.0,0.0
2024-08-06 10:02:00+09:00,896.5999755859375,897.7999877929688,895.9000244140625,897.7999877929688,12200,0.0,0.0
2024-08-06 10:03:00+09:00,897.9000244140625,899.0,897.5999755859375,897.7000122070312,10000,0.0,0.0
2024-08-06 10:04:00+09:00,898.2000122070312,898.7999877929688,898.0,898.0,3700,0.0,0.0
2024-08-06 10:05:00+09:00,898.5,898.5,896.5,896.7000122070312,33100,0.0,0.0
2024-08-06 10:06:00+09:00,896.4000244140625,897.0999755859375,895.9000244140625,897.0999755859375,5000,0.0,0.0
2024-08-06 10:07:00+09:00,897.2000122070312,898.5,894.5999755859375,895.7999877929688,15200,0.0,0.0
2024-08-06 10:08:00+09:00,895.2000122070312,895.2000122070312,890.5999755859375,892.0,15900,0.0,0.0
2024-08-06 10:09:00+09:00,892.2999877929688,893.5,891.0,891.5999755859375,12200,0.0,0.0
2024-08-06 10:10:00+09:00,891.4000244140625,892.7999877929688,890.0,891.2999877929688,19500,0.0,0.0
2024-08-06 10:11:00+09:00,891.2999877929688,891.2999877929688,888.0999755859375,888.4000244140625,20000,0.0,0.0
2024-08-06 10:12:00+09:00,889.4000244140625,891.0,888.7999877929688,891.0,9100,0.0,0.0
2024-08-06 10:13:00+09:00,891.7000122070312,892.2000122070312,890.5,891.4000244140625,8200,0.0,0.0
2024-08-06 10:14:00+09:00,891.4000244140625,891.4000244140625,890.4000244140625,891.4000244140625,6400,0.0,0.0
2024-08-06 10:15:00+09:00,890.9000244140625,895.0999755859375,890.9000244140625,895.0999755859375,6700,0.0,0.0
2024-08-06 10:16:00+09:00,895.2000122070312,895.7999877929688,892.0999755859375,893.5,12100,0.0,0.0
2024-08-06 10:17:00+09:00,893.5,893.5999755859375,891.7999877929688,891.7999877929688,10000,0.0,0.0
2024-08-06 10:18:00+09:00,891.7000122070312,891.7000122070312,889.9000244140625,890.5,13000,0.0,0.0
2024-08-06 10:19:00+09:00,890.5,890.5,887.7999877929688,887.7999877929688,4900,0.0,0.0
2024-08-06 10:20:00+09:00,888.2000122070312,889.5999755859375,887.9000244140625,888.9000244140625,10500,0.0,0.0
2024-08-06 10:21:00+09:00,889.5,889.5999755859375,887.2000122070312,888.5999755859375,10300,0.0,0.0
2024-08-06 10:22:00+09:00,888.7000122070312,890.0,887.7999877929688,887.7999877929688,8200,0.0,0.0
2024-08-06 10:23:00+09:00,888.4000244140625,888.5,887.4000244140625,887.9000244140625,5100,0.0,0.0
2024-08-06 10:24:00+09:00,888.0999755859375,888.2000122070312,885.4000244140625,887.2999877929688,16200,0.0,0.0
2024-08-06 10:25:00+09:00,886.9000244140625,887.0,885.2999877929688,887.0,16100,0.0,0.0
2024-08-06 10:26:00+09:00,887.5,887.7000122070312,885.7999877929688,886.2000122070312,5100,0.0,0.0
2024-08-06 10:27:00+09:00,885.5,885.5,883.0,883.0,16700,0.0,0.0
2024-08-06 10:28:00+09:00,883.0999755859375,886.4000244140625,882.7000122070312,885.5999755859375,14300,0.0,0.0
2024-08-06 10:29:00+09:00,885.7000122070312,886.0,884.2999877929688,884.2999877929688,13700,0.0,0.0
2024-08-06 10:30:00+09:00,884.4000244140625,884.7000122070312,883.4000244140625,883.7000122070312,4000,0.0,0.0
2024-08-06 10:31:00+09:00,883.4000244140625,883.5999755859375,881.7000122070312,883.0999755859375,6200,0.0,0.0
2024-08-06 10:32:00+09:00,883.0999755859375,883.4000244140625,880.2000122070312,880.9000244140625,8300,0.0,0.0
2024-08-06 10:33:00+09:00,880.5999755859375,881.0,878.5,879.0999755859375,7500,0.0,0.0
2024-08-06 10:34:00+09:00,879.5999755859375,880.0,878.5999755859375,879.2000122070312,9200,0.0,0.0
2024-08-06 10:35:00+09:00,879.2999877929688,879.4000244140625,876.0,876.5,8200,0.0,0.0
2024-08-06 10:36:00+09:00,875.9000244140625,877.5,875.5,875.5,6900,0.0,0.0
2024-08-06 10:37:00+09:00,875.9000244140625,877.7999877929688,875.9000244140625,876.2999877929688,3700,0.0,0.0
2024-08-06 10:38:00+09:00,875.7999877929688,876.5,875.2999877929688,875.7999877929688,9900,0.0,0.0
2024-08-06 10:39:00+09:00,875.9000244140625,875.9000244140625,870.7999877929688,871.9000244140625,10600,0.0,0.0
2024-08-06 10:40:00+09:00,871.5999755859375,871.5999755859375,870.0,870.0,7700,0.0,0.0
2024-08-06 10:41:00+09:00,870.0,870.5999755859375,868.7000122070312,869.0999755859375,8300,0.0,0.0
2024-08-06 10:42:00+09:00,869.0999755859375,870.9000244140625,867.9000244140625,868.5,9100,0.0,0.0
2024-08-06 10:43:00+09:00,868.5,869.0999755859375,866.7000122070312,867.0999755859375,14100,0.0,0.0
2024-08-06 10:44:00+09:00,867.5,869.7999877929688,866.7000122070312,867.5999755859375,9200,0.0,0.0
2024-08-06 10:45:00+09:00,867.5999755859375,868.2000122070312,865.0999755859375,867.9000244140625,15800,0.0,0.0
2024-08-06 10:46:00+09:00,867.7999877929688,867.7999877929688,866.2999877929688,866.7000122070312,7100,0.0,0.0
2024-08-06 10:47:00+09:00,866.5999755859375,872.0,864.7000122070312,872.0,9900,0.0,0.0
2024-08-06 10:48:00+09:00,872.0999755859375,873.0999755859375,870.5,873.0999755859375,9300,0.0,0.0
2024-08-06 10:49:00+09:00,873.2000122070312,873.5999755859375,871.2999877929688,871.5,8000,0.0,0.0
2024-08-06 10:50:00+09:00,871.0,871.0999755859375,869.4000244140625,871.0999755859375,33600,0.0,0.0
2024-08-06 10:51:00+09:00,873.5,874.0,873.2000122070312,873.2000122070312,9200,0.0,0.0
2024-08-06 10:52:00+09:00,873.2000122070312,874.2000122070312,872.7999877929688,874.0,6400,0.0,0.0
2024-08-06 10:53:00+09:00,873.0999755859375,873.2000122070312,871.0999755859375,872.9000244140625,18000,0.0,0.0
2024-08-06 10:54:00+09:00,872.4000244140625,876.0,872.2999877929688,875.7000122070312,4500,0.0,0.0
2024-08-06 10:55:00+09:00,876.0,877.9000244140625,875.7999877929688,877.9000244140625,3600,0.0,0.0
2024-08-06 10:56:00+09:00,877.7000122070312,877.7000122070312,875.7000122070312,876.4000244140625,5300,0.0,0.0
2024-08-06 10:57:00+09:00,876.9000244140625,877.5,875.0999755859375,877.5,7400,0.0,0.0
2024-08-06 10:58:00+09:00,878.7999877929688,882.0,878.7999877929688,881.5999755859375,43000,0.0,0.0
2024-08-06 10:59:00+09:00,882.2000122070312,883.0999755859375,880.4000244140625,881.7000122070312,9500,0.0,0.0
2024-08-06 11:00:00+09:00,881.7999877929688,882.9000244140625,881.2000122070312,881.9000244140625,6600,0.0,0.0
2024-08-06 11:01:00+09:00,881.5,881.5,879.7999877929688,880.5,5000,0.0,0.0
2024-08-06 11:02:00+09:00,880.4000244140625,883.7000122070312,880.4000244140625,883.7000122070312,7600,0.0,0.0
2024-08-06 11:03:00+09:00,883.9000244140625,885.7999877929688,883.9000244140625,885.4000244140625,8100,0.0,0.0
2024-08-06 11:04:00+09:00,885.0999755859375,885.5999755859375,884.5,885.5999755859375,9400,0.0,0.0
2024-08-06 11:05:00+09:00,885.5999755859375,886.2999877929688,885.5,885.5,3800,0.0,0.0
2024-08-06 11:06:00+09:00,885.2000122070312,886.5,884.7000122070312,886.0,7900,0.0,0.0
2024-08-06 11:07:00+09:00,885.4000244140625,885.4000244140625,881.4000244140625,881.4000244140625,11100,0.0,0.0
2024-08-06 11:08:00+09:00,881.5,881.5,879.5,879.5,9500,0.0,0.0
2024-08-06 11:09:00+09:00,880.0,880.7999877929688,878.2000122070312,878.2999877929688,10000,0.0,0.0
2024-08-06 11:10:00+09:00,878.2999877929688,878.2999877929688,875.5999755859375,876.7000122070312,15700,0.0,0.0
2024-08-06 11:11:00+09:00,876.9000244140625,877.9000244140625,875.0999755859375,875.0999755859375,6800,0.0,0.0
2024-08-06 11:12:00+09:00,874.7999877929688,874.7999877929688,872.0999755859375,873.0,9800,0.0,0.0
2024-08-06 11:13:00+09:00,872.9000244140625,875.0999755859375,872.5999755859375,875.0999755859375,15800,0.0,0.0
2024-08-06 11:14:00+09:00,875.2999877929688,875.9000244140625,874.2000122070312,874.2999877929688,9700,0.0,0.0
2024-08-06 11:15:00+09:00,873.7999877929688,876.0,873.5999755859375,875.2999877929688,13400,0.0,0.0
2024-08-06 11:16:00+09:00,875.2000122070312,876.4000244140625,875.2000122070312,876.2999877929688,4800,0.0,0.0
2024-08-06 11:17:00+09:00,876.4000244140625,877.9000244140625,875.5999755859375,876.0,16300,0.0,0.0
2024-08-06 11:18:00+09:00,875.7999877929688,876.0,873.9000244140625,875.2000122070312,10000,0.0,0.0
2024-08-06 11:19:00+09:00,875.4000244140625,875.4000244140625,874.0,875.2999877929688,10000,0.0,0.0
2024-08-06 11:20:00+09:00,875.4000244140625,876.0,872.7000122070312,874.2999877929688,13300,0.0,0.0
2024-08-06 11:21:00+09:00,874.2999877929688,874.7999877929688,872.7000122070312,873.5999755859375,9900,0.0,0.0
2024-08-06 11:22:00+09:00,874.0999755859375,875.5999755859375,874.0999755859375,874.7999877929688,15600,0.0,0.0
2024-08-06 11:23:00+09:00,874.5999755859375,874.9000244140625,873.4000244140625,873.7000122070312,12200,0.0,0.0
2024-08-06 11:24:00+09:00,873.5999755859375,875.5,873.5999755859375,875.5,11000,0.0,0.0
2024-08-06 11:25:00+09:00,875.5,878.0,874.4000244140625,878.0,12300,0.0,0.0
2024-08-06 11:26:00+09:00,878.4000244140625,879.4000244140625,878.2000122070312,879.2000122070312,7000,0.0,0.0
2024-08-06 11:27:00+09:00,879.2999877929688,880.7000122070312,879.2999877929688,879.7999877929688,14600,0.0,0.0
2024-08-06 11:28:00+09:00,879.7000122070312,880.9000244140625,879.2000122070312,879.7000122070312,10800,0.0,0.0
2024-08-06 11:29:00+09:00,879.2000122070312,879.7999877929688,877.5,877.5999755859375,7900,0.0,0.0
2024-08-06 11:30:00+09:00,878.2999877929688,878.2999877929688,878.2999877929688,878.2999877929688,2300,0.0,0.0
2024-08-06 11:35:00+09:00,878.2999877929688,878.2999877929688,878.2999877929688,878.2999877929688,0,0.0,0.0
2024-08-06 12:30:00+09:00,879.5,880.2999877929688,872.2999877929688,876.2000122070312,2974300,0.0,0.0
2024-08-06 12:31:00+09:00,876.0999755859375,879.9000244140625,875.5,879.0,11100,0.0,0.0
2024-08-06 12:32:00+09:00,879.2999877929688,882.5999755859375,879.2999877929688,882.2000122070312,11100,0.0,0.0
2024-08-06 12:33:00+09:00,882.4000244140625,882.9000244140625,880.2999877929688,880.4000244140625,7000,0.0,0.0
2024-08-06 12:34:00+09:00,880.4000244140625,881.2999877929688,878.5999755859375,881.2999877929688,10900,0.0,0.0
2024-08-06 12:35:00+09:00,880.9000244140625,881.5,878.5999755859375,881.2999877929688,10800,0.0,0.0
2024-08-06 12:36:00+09:00,881.2999877929688,882.5999755859375,879.9000244140625,882.0,9600,0.0,0.0
2024-08-06 12:37:00+09:00,881.2999877929688,882.7000122070312,879.5,879.9000244140625,10000,0.0,0.0
2024-08-06 12:38:00+09:00,879.5999755859375,879.5999755859375,878.0,879.5999755859375,9900,0.0,0.0
2024-08-06 12:39:00+09:00,879.7000122070312,880.0999755859375,878.7999877929688,878.9000244140625,8300,0.0,0.0
2024-08-06 12:40:00+09:00,879.0,881.9000244140625,879.0,881.7000122070312,9400,0.0,0.0
2024-08-06 12:41:00+09:00,882.0,884.4000244140625,882.0,883.9000244140625,9700,0.0,0.0
2024-08-06 12:42:00+09:00,884.0999755859375,885.7000122070312,883.2000122070312,884.2999877929688,14800,0.0,0.0
2024-08-06 12:43:00+09:00,884.2999877929688,884.2999877929688,882.9000244140625,883.0999755859375,6900,0.0,0.0
2024-08-06 12:44:00+09:00,883.4000244140625,885.9000244140625,883.4000244140625,885.0999755859375,17300,0.0,0.0
2024-08-06 12:45:00+09:00,884.7000122070312,884.7000122070312,883.0,883.0999755859375,11700,0.0,0.0
2024-08-06 12:46:00+09:00,883.2999877929688,886.7999877929688,882.7000122070312,886.5,18500,0.0,0.0
2024-08-06 12:47:00+09:00,886.0999755859375,886.0999755859375,884.2000122070312,884.7999877929688,20400,0.0,0.0
2024-08-06 12:48:00+09:00,885.0,885.5,884.5999755859375,885.4000244140625,10500,0.0,0.0
2024-08-06 12:49:00+09:00,885.5,885.5,884.2000122070312,884.2000122070312,9600,0.0,0.0
2024-08-06 12:50:00+09:00,884.2000122070312,884.4000244140625,883.2999877929688,884.0,11200,0.0,0.0
2024-08-06 12:51:00+09:00,884.0999755859375,884.4000244140625,883.5999755859375,883.7000122070312,9300,0.0,0.0
2024-08-06 12:52:00+09:00,884.0,885.0999755859375,883.9000244140625,884.5999755859375,9200,0.0,0.0
2024-08-06 12:53:00+09:00,884.5999755859375,884.5999755859375,882.7999877929688,882.7999877929688,9800,0.0,0.0
2024-08-06 12:54:00+09:00,882.7999877929688,882.7999877929688,881.0999755859375,881.2000122070312,7400,0.0,0.0
2024-08-06 12:55:00+09:00,881.5,882.9000244140625,880.9000244140625,882.0,13800,0.0,0.0
2024-08-06 12:56:00+09:00,882.0999755859375,883.2999877929688,881.7999877929688,883.0999755859375,9200,0.0,0.0
2024-08-06 12:57:00+09:00,883.0999755859375,883.4000244140625,881.5999755859375,883.0,11300,0.0,0.0
2024-08-06 12:58:00+09:00,882.7000122070312,882.7999877929688,881.0,881.0999755859375,7200,0.0,0.0
2024-08-06 12:59:00+09:00,881.4000244140625,881.4000244140625,880.0,880.0,10700,0.0,0.0
2024-08-06 13:00:00+09:00,880.0999755859375,880.5,878.5,878.7000122070312,13300,0.0,0.0
2024-08-06 13:01:00+09:00,879.0,880.2999877929688,879.0,879.7999877929688,10300,0.0,0.0
2024-08-06 13:02:00+09:00,879.9000244140625,881.7000122070312,879.4000244140625,881.4000244140625,29300,0.0,0.0
2024-08-06 13:03:00+09:00,881.7999877929688,883.0999755859375,881.2000122070312,881.7999877929688,18700,0.0,0.0
2024-08-06 13:04:00+09:00,881.5,883.0999755859375,881.5,883.0999755859375,12500,0.0,0.0
2024-08-06 13:05:00+09:00,883.4000244140625,883.4000244140625,881.9000244140625,882.5999755859375,14500,0.0,0.0
2024-08-06 13:06:00+09:00,882.9000244140625,884.2999877929688,882.5,884.0,11100,0.0,0.0
2024-08-06 13:07:00+09:00,883.9000244140625,884.4000244140625,882.5,882.7000122070312,18400,0.0,0.0
2024-08-06 13:08:00+09:00,883.0,883.4000244140625,882.0999755859375,882.4000244140625,7900,0.0,0.0
2024-08-06 13:09:00+09:00,882.7000122070312,883.2000122070312,881.0999755859375,882.2999877929688,6800,0.0,0.0
2024-08-06 13:10:00+09:00,882.5,883.4000244140625,882.0999755859375,882.5,10000,0.0,0.0
2024-08-06 13:11:00+09:00,882.7999877929688,883.5999755859375,882.2000122070312,883.2000122070312,8800,0.0,0.0
2024-08-06 13:12:00+09:00,883.5999755859375,886.0999755859375,882.9000244140625,885.5999755859375,37900,0.0,0.0
2024-08-06 13:13:00+09:00,886.0,886.2999877929688,885.0999755859375,885.4000244140625,17100,0.0,0.0
2024-08-06 13:14:00+09:00,885.9000244140625,886.0999755859375,884.7000122070312,885.0,7600,0.0,0.0
2024-08-06 13:15:00+09:00,885.2000122070312,886.2000122070312,883.5999755859375,883.7999877929688,50400,0.0,0.0
2024-08-06 13:16:00+09:00,883.5999755859375,884.0,882.9000244140625,883.0999755859375,6600,0.0,0.0
2024-08-06 13:17:00+09:00,883.2999877929688,885.5,883.0999755859375,885.0,8700,0.0,0.0
2024-08-06 13:18:00+09:00,885.4000244140625,885.7000122070312,884.5,885.2999877929688,4400,0.0,0.0
2024-08-06 13:19:00+09:00,885.4000244140625,885.5999755859375,884.4000244140625,884.5,7600,0.0,0.0
2024-08-06 13:20:00+09:00,884.2999877929688,884.9000244140625,883.2999877929688,883.2999877929688,7000,0.0,0.0
2024-08-06 13:21:00+09:00,883.7000122070312,883.7999877929688,882.0,882.4000244140625,7800,0.0,0.0
2024-08-06 13:22:00+09:00,882.7000122070312,882.7000122070312,881.2999877929688,881.7000122070312,8100,0.0,0.0
2024-08-06 13:23:00+09:00,881.9000244140625,881.9000244140625,880.7999877929688,881.0,5500,0.0,0.0
2024-08-06 13:24:00+09:00,881.2999877929688,881.5,880.0999755859375,881.0999755859375,12400,0.0,0.0
2024-08-06 13:25:00+09:00,881.2999877929688,881.4000244140625,879.2000122070312,879.2000122070312,5200,0.0,0.0
2024-08-06 13:26:00+09:00,879.5,880.7999877929688,879.2999877929688,880.7999877929688,7400,0.0,0.0
2024-08-06 13:27:00+09:00,880.7000122070312,880.7000122070312,879.0,879.0,10400,0.0,0.0
2024-08-06 13:28:00+09:00,879.0999755859375,879.7999877929688,877.2999877929688,877.7999877929688,11400,0.0,0.0
2024-08-06 13:29:00+09:00,878.5,879.2999877929688,878.2000122070312,878.5999755859375,6800,0.0,0.0
2024-08-06 13:30:00+09:00,878.5999755859375,878.9000244140625,877.0999755859375,877.7000122070312,16100,0.0,0.0
2024-08-06 13:31:00+09:00,877.5,879.0,877.2000122070312,878.2000122070312,14200,0.0,0.0
2024-08-06 13:32:00+09:00,878.0,879.0,877.5999755859375,878.5999755859375,7200,0.0,0.0
2024-08-06 13:33:00+09:00,878.5,879.0999755859375,874.2999877929688,874.2999877929688,67200,0.0,0.0
2024-08-06 13:34:00+09:00,874.7000122070312,875.5,873.7999877929688,874.2999877929688,11700,0.0,0.0
2024-08-06 13:35:00+09:00,874.4000244140625,874.4000244140625,871.5,872.9000244140625,103900,0.0,0.0
2024-08-06 13:36:00+09:00,873.4000244140625,874.4000244140625,872.4000244140625,872.9000244140625,7000,0.0,0.0
2024-08-06 13:37:00+09:00,873.2999877929688,874.5,873.2999877929688,874.0999755859375,6200,0.0,0.0
2024-08-06 13:38:00+09:00,874.5999755859375,875.0999755859375,873.0999755859375,873.4000244140625,5900,0.0,0.0
2024-08-06 13:39:00+09:00,873.2000122070312,874.7000122070312,872.2999877929688,874.0999755859375,9500,0.0,0.0
2024-08-06 13:40:00+09:00,874.0,874.2999877929688,873.0,873.0,5200,0.0,0.0
2024-08-06 13:41:00+09:00,872.5999755859375,872.9000244140625,871.0,871.7999877929688,14100,0.0,0.0
2024-08-06 13:42:00+09:00,871.7999877929688,873.5999755859375,871.7999877929688,872.7000122070312,5700,0.0,0.0
2024-08-06 13:43:00+09:00,872.9000244140625,873.2000122070312,871.5,871.7999877929688,5200,0.0,0.0
2024-08-06 13:44:00+09:00,871.7999877929688,872.7000122070312,871.7999877929688,872.2000122070312,8100,0.0,0.0
2024-08-06 13:45:00+09:00,872.2000122070312,872.2999877929688,869.2999877929688,869.9000244140625,11300,0.0,0.0
2024-08-06 13:46:00+09:00,869.9000244140625,870.7999877929688,868.5999755859375,869.0,13300,0.0,0.0
2024-08-06 13:47:00+09:00,869.0,871.7999877929688,868.2000122070312,868.5,18100,0.0,0.0
2024-08-06 13:48:00+09:00,868.5,870.5999755859375,867.0999755859375,870.4000244140625,13000,0.0,0.0
2024-08-06 13:49:00+09:00,870.4000244140625,870.5,869.0,869.7999877929688,13500,0.0,0.0
2024-08-06 13:50:00+09:00,869.7000122070312,871.0,869.2999877929688,869.7000122070312,9700,0.0,0.0
2024-08-06 13:51:00+09:00,869.4000244140625,869.4000244140625,867.2000122070312,867.2000122070312,7900,0.0,0.0
2024-08-06 13:52:00+09:00,867.9000244140625,870.0,867.7000122070312,869.5999755859375,14500,0.0,0.0
2024-08-06 13:53:00+09:00,869.2000122070312,869.2999877929688,867.5,869.0999755859375,9000,0.0,0.0
2024-08-06 13:54:00+09:00,869.2999877929688,871.0,868.5999755859375,869.5,12300,0.0,0.0
2024-08-06 13:55:00+09:00,869.5999755859375,869.5999755859375,866.7999877929688,867.4000244140625,14200,0.0,0.0
2024-08-06 13:56:00+09:00,867.5999755859375,867.5999755859375,867.5999755859375,867.5999755859375,700,0.0,0.0
2024-08-06 13:57:00+09:00,866.5,866.5999755859375,864.2000122070312,865.4000244140625,143700,0.0,0.0
2024-08-06 13:58:00+09:00,863.5999755859375,865.7999877929688,863.0,864.4000244140625,74700,0.0,0.0
2024-08-06 13:59:00+09:00,865.0999755859375,865.0999755859375,865.0999755859375,865.0999755859375,13000,0.0,0.0
2024-08-06 14:00:00+09:00,864.9000244140625,866.9000244140625,864.0,864.7999877929688,21800,0.0,0.0
2024-08-06 14:01:00+09:00,864.7999877929688,866.5999755859375,864.2999877929688,866.5999755859375,6400,0.0,0.0
2024-08-06 14:02:00+09:00,866.4000244140625,866.5,862.7000122070312,863.4000244140625,16000,0.0,0.0
2024-08-06 14:03:00+09:00,863.5999755859375,863.5999755859375,860.9000244140625,862.2999877929688,18200,0.0,0.0
2024-08-06 14:04:00+09:00,862.2000122070312,862.4000244140625,859.2999877929688,861.0,21600,0.0,0.0
2024-08-06 14:05:00+09:00,860.9000244140625,862.0,859.5,861.0,7100,0.0,0.0
2024-08-06 14:06:00+09:00,860.9000244140625,861.2999877929688,856.0,857.9000244140625,25600,0.0,0.0
2024-08-06 14:07:00+09:00,858.5,861.9000244140625,857.5999755859375,860.5,12700,0.0,0.0
2024-08-06 14:08:00+09:00,860.5999755859375,865.7999877929688,860.0,863.5999755859375,15800,0.0,0.0
2024-08-06 14:09:00+09:00,863.2999877929688,864.7000122070312,861.2999877929688,864.5999755859375,67600,0.0,0.0
2024-08-06 14:10:00+09:00,864.9000244140625,865.2999877929688,862.0999755859375,862.7999877929688,12300,0.0,0.0
2024-08-06 14:11:00+09:00,862.7999877929688,864.0,861.5,862.2999877929688,13000,0.0,0.0
2024-08-06 14:12:00+09:00,862.2999877929688,865.0,862.2999877929688,863.0999755859375,10200,0.0,0.0
2024-08-06 14:13:00+09:00,863.0,865.9000244140625,862.9000244140625,865.9000244140625,8900,0.0,0.0
2024-08-06 14:14:00+09:00,866.0,870.2000122070312,865.5999755859375,870.0999755859375,14500,0.0,0.0
2024-08-06 14:15:00+09:00,869.5,872.7999877929688,869.5,872.4000244140625,12200,0.0,0.0
2024-08-06 14:16:00+09:00,872.5,872.7000122070312,868.7000122070312,872.7000122070312,71000,0.0,0.0
2024-08-06 14:17:00+09:00,872.0999755859375,872.5999755859375,870.2999877929688,870.7000122070312,21500,0.0,0.0
2024-08-06 14:18:00+09:00,870.5999755859375,870.5999755859375,868.5999755859375,869.4000244140625,31200,0.0,0.0
2024-08-06 14:19:00+09:00,869.4000244140625,870.9000244140625,869.0,870.7999877929688,52700,0.0,0.0
2024-08-06 14:20:00+09:00,871.4000244140625,872.0999755859375,870.0999755859375,872.0999755859375,10000,0.0,0.0
2024-08-06 14:21:00+09:00,872.4000244140625,875.0,871.5999755859375,874.5999755859375,15200,0.0,0.0
2024-08-06 14:22:00+09:00,875.2999877929688,877.0999755859375,874.5999755859375,876.5999755859375,11800,0.0,0.0
2024-08-06 14:23:00+09:00,877.0,877.5,875.9000244140625,877.4000244140625,18900,0.0,0.0
2024-08-06 14:24:00+09:00,877.2000122070312,878.0,875.7999877929688,877.4000244140625,17000,0.0,0.0
2024-08-06 14:25:00+09:00,877.2999877929688,880.0999755859375,877.2999877929688,879.7000122070312,16500,0.0,0.0
2024-08-06 14:26:00+09:00,879.7000122070312,880.5,878.0,880.5,16400,0.0,0.0
2024-08-06 14:27:00+09:00,880.2000122070312,880.5999755859375,878.7000122070312,879.4000244140625,10300,0.0,0.0
2024-08-06 14:28:00+09:00,879.4000244140625,880.7000122070312,879.0999755859375,880.2999877929688,15000,0.0,0.0
2024-08-06 14:29:00+09:00,880.5999755859375,880.7999877929688,878.7000122070312,879.5,14200,0.0,0.0
2024-08-06 14:30:00+09:00,879.7000122070312,881.9000244140625,879.7000122070312,881.2000122070312,15700,0.0,0.0
2024-08-06 14:31:00+09:00,881.5999755859375,882.7000122070312,880.4000244140625,882.5,16700,0.0,0.0
2024-08-06 14:32:00+09:00,882.2999877929688,883.0999755859375,881.2000122070312,883.0999755859375,11300,0.0,0.0
2024-08-06 14:33:00+09:00,883.0999755859375,884.4000244140625,882.5999755859375,884.4000244140625,19000,0.0,0.0
2024-08-06 14:34:00+09:00,884.0999755859375,885.2999877929688,884.0,884.7999877929688,21700,0.0,0.0
2024-08-06 14:35:00+09:00,884.4000244140625,885.2000122070312,882.9000244140625,883.2000122070312,19800,0.0,0.0
2024-08-06 14:36:00+09:00,883.0,883.0,881.4000244140625,882.2999877929688,16300,0.0,0.0
2024-08-06 14:37:00+09:00,882.4000244140625,883.7000122070312,880.7999877929688,882.0,30500,0.0,0.0
2024-08-06 14:38:00+09:00,882.0999755859375,883.0,881.4000244140625,881.9000244140625,14300,0.0,0.0
2024-08-06 14:39:00+09:00,881.7999877929688,884.0,880.2000122070312,884.0,52000,0.0,0.0
2024-08-06 14:40:00+09:00,883.5999755859375,886.2000122070312,883.5999755859375,885.0999755859375,25700,0.0,0.0
2024-08-06 14:41:00+09:00,885.4000244140625,885.9000244140625,884.7999877929688,885.5,15900,0.0,0.0
2024-08-06 14:42:00+09:00,885.9000244140625,886.0999755859375,883.2000122070312,884.4000244140625,28300,0.0,0.0
2024-08-06 14:43:00+09:00,884.7999877929688,885.4000244140625,883.7999877929688,885.0999755859375,27500,0.0,0.0
2024-08-06 14:44:00+09:00,885.0,886.7999877929688,884.4000244140625,885.9000244140625,18100,0.0,0.0
2024-08-06 14:45:00+09:00,886.0999755859375,886.2000122070312,883.9000244140625,884.0999755859375,20000,0.0,0.0
2024-08-06 14:46:00+09:00,884.2000122070312,884.4000244140625,881.7000122070312,882.2999877929688,22500,0.0,0.0
2024-08-06 14:47:00+09:00,882.0,882.2999877929688,880.0,881.0999755859375,35100,0.0,0.0
2024-08-06 14:48:00+09:00,881.2000122070312,883.5,880.2000122070312,881.5,34400,0.0,0.0
2024-08-06 14:49:00+09:00,881.5,882.0999755859375,880.2999877929688,881.2000122070312,25600,0.0,0.0
2024-08-06 14:50:00+09:00,881.0999755859375,881.5,878.2999877929688,880.5,39500,0.0,0.0
2024-08-06 14:51:00+09:00,880.4000244140625,881.0999755859375,879.0,881.0999755859375,29000,0.0,0.0
2024-08-06 14:52:00+09:00,881.2000122070312,882.2000122070312,879.9000244140625,881.9000244140625,31000,0.0,0.0
2024-08-06 14:53:00+09:00,882.0999755859375,882.9000244140625,878.4000244140625,879.7000122070312,36900,0.0,0.0
2024-08-06 14:54:00+09:00,879.2999877929688,881.0,878.5999755859375,879.0,25500,0.0,0.0
2024-08-06 14:55:00+09:00,879.0999755859375,879.0999755859375,876.7999877929688,877.7999877929688,32300,0.0,0.0
2024-08-06 14:56:00+09:00,877.7999877929688,881.7000122070312,876.7999877929688,881.2000122070312,44400,0.0,0.0
2024-08-06 14:57:00+09:00,881.7999877929688,882.7000122070312,880.4000244140625,881.9000244140625,67100,0.0,0.0
2024-08-06 14:58:00+09:00,881.9000244140625,882.9000244140625,880.0,881.4000244140625,75500,0.0,0.0
2024-08-06 14:59:00+09:00,881.4000244140625,883.7999877929688,876.5,883.7999877929688,118700,0.0,0.0
2024-08-07 09:00:00+09:00,871.4000244140625,894.0,871.4000244140625,874.7000122070312,85600,0.0,0.0
2024-08-07 09:01:00+09:00,875.5999755859375,876.7000122070312,868.0999755859375,874.0,38100,0.0,0.0
2024-08-07 09:02:00+09:00,876.0,876.5999755859375,868.0,871.0,43600,0.0,0.0
2024-08-07 09:03:00+09:00,869.7000122070312,870.2999877929688,866.7000122070312,867.9000244140625,18000,0.0,0.0
2024-08-07 09:04:00+09:00,867.9000244140625,869.4000244140625,865.5999755859375,865.7999877929688,7600,0.0,0.0
2024-08-07 09:05:00+09:00,865.7999877929688,877.4000244140625,865.0999755859375,877.2000122070312,38100,0.0,0.0
2024-08-07 09:06:00+09:00,876.2999877929688,878.5,872.0999755859375,872.0999755859375,39600,0.0,0.0
2024-08-07 09:07:00+09:00,872.0999755859375,873.2999877929688,867.9000244140625,869.9000244140625,32600,0.0,0.0
2024-08-07 09:08:00+09:00,868.5,873.7999877929688,868.0999755859375,873.4000244140625,20100,0.0,0.0
2024-08-07 09:09:00+09:00,874.4000244140625,876.5,873.9000244140625,876.5,9100,0.0,0.0
2024-08-07 09:10:00+09:00,877.0999755859375,878.0,873.0,873.4000244140625,24200,0.0,0.0
2024-08-07 09:11:00+09:00,873.2000122070312,876.9000244140625,873.2000122070312,876.9000244140625,4300,0.0,0.0
2024-08-07 09:12:00+09:00,876.5999755859375,878.2000122070312,875.0999755859375,875.0999755859375,10300,0.0,0.0
2024-08-07 09:13:00+09:00,875.2000122070312,875.2000122070312,867.7000122070312,867.7999877929688,54900,0.0,0.0
2024-08-07 09:14:00+09:00,868.7000122070312,870.7999877929688,867.7000122070312,869.2000122070312,11900,0.0,0.0
2024-08-07 09:15:00+09:00,869.0999755859375,870.0999755859375,868.0,869.4000244140625,9200,0.0,0.0
2024-08-07 09:16:00+09:00,869.0,870.2000122070312,866.2999877929688,867.2000122070312,9500,0.0,0.0
2024-08-07 09:17:00+09:00,867.2000122070312,869.9000244140625,866.5,869.0999755859375,4900,0.0,0.0
2024-08-07 09:18:00+09:00,868.4000244140625,871.5,867.0,871.5,12300,0.0,0.0
2024-08-07 09:19:00+09:00,870.5999755859375,870.5999755859375,866.9000244140625,867.0999755859375,19400,0.0,0.0
2024-08-07 09:20:00+09:00,867.7000122070312,870.7999877929688,867.0,870.0,9900,0.0,0.0
2024-08-07 09:21:00+09:00,870.7000122070312,874.0,870.7000122070312,874.0,6100,0.0,0.0
2024-08-07 09:22:00+09:00,873.5999755859375,874.0,872.2999877929688,873.2000122070312,5000,0.0,0.0
2024-08-07 09:23:00+09:00,873.2000122070312,874.2000122070312,872.0999755859375,872.5999755859375,5700,0.0,0.0
2024-08-07 09:24:00+09:00,873.0999755859375,874.2000122070312,871.0999755859375,873.4000244140625,19100,0.0,0.0
2024-08-07 09:25:00+09:00,873.5,875.2000122070312,872.5999755859375,874.9000244140625,6900,0.0,0.0
2024-08-07 09:26:00+09:00,874.0999755859375,876.0,873.2999877929688,875.2999877929688,6400,0.0,0.0
2024-08-07 09:27:00+09:00,875.5999755859375,877.4000244140625,873.9000244140625,875.2999877929688,17500,0.0,0.0
2024-08-07 09:28:00+09:00,874.7999877929688,875.7999877929688,873.0999755859375,875.7999877929688,6800,0.0,0.0
2024-08-07 09:29:00+09:00,875.9000244140625,878.2999877929688,875.5999755859375,877.4000244140625,5100,0.0,0.0
2024-08-07 09:30:00+09:00,877.0,878.7000122070312,872.2000122070312,872.2000122070312,37800,0.0,0.0
2024-08-07 09:31:00+09:00,872.2999877929688,873.9000244140625,868.0,869.4000244140625,25700,0.0,0.0
2024-08-07 09:32:00+09:00,869.5999755859375,871.7999877929688,869.2999877929688,871.0999755859375,12200,0.0,0.0
2024-08-07 09:33:00+09:00,871.4000244140625,873.0999755859375,869.7999877929688,871.9000244140625,15800,0.0,0.0
2024-08-07 09:34:00+09:00,872.0999755859375,874.0999755859375,872.0999755859375,874.0,5900,0.0,0.0
2024-08-07 09:35:00+09:00,873.9000244140625,874.0,869.2000122070312,871.7999877929688,10000,0.0,0.0
2024-08-07 09:36:00+09:00,871.2999877929688,873.7000122070312,871.2000122070312,872.7000122070312,4400,0.0,0.0
2024-08-07 09:37:00+09:00,873.0999755859375,873.0999755859375,868.7999877929688,868.7999877929688,5700,0.0,0.0
2024-08-07 09:38:00+09:00,868.5999755859375,870.7999877929688,868.2999877929688,870.5999755859375,9400,0.0,0.0
2024-08-07 09:39:00+09:00,870.7999877929688,872.0999755859375,870.5,872.0999755859375,5100,0.0,0.0
2024-08-07 09:40:00+09:00,871.5999755859375,871.5999755859375,869.0999755859375,870.4000244140625,6300,0.0,0.0
2024-08-07 09:41:00+09:00,870.0999755859375,873.0999755859375,869.0,873.0999755859375,6200,0.0,0.0
2024-08-07 09:42:00+09:00,873.5999755859375,874.7000122070312,873.4000244140625,873.5,3400,0.0,0.0
2024-08-07 09:43:00+09:00,873.7999877929688,875.5,873.7999877929688,875.5,6800,0.0,0.0
2024-08-07 09:44:00+09:00,875.0999755859375,875.9000244140625,872.4000244140625,875.9000244140625,8900,0.0,0.0
2024-08-07 09:45:00+09:00,876.2000122070312,877.7999877929688,875.0999755859375,877.7999877929688,4500,0.0,0.0
2024-08-07 09:46:00+09:00,877.7999877929688,878.9000244140625,876.0,878.2999877929688,16100,0.0,0.0
2024-08-07 09:47:00+09:00,878.4000244140625,880.2000122070312,878.0,879.7999877929688,6500,0.0,0.0
2024-08-07 09:48:00+09:00,879.2000122070312,881.0,877.0999755859375,881.0,7500,0.0,0.0
2024-08-07 09:49:00+09:00,881.0,883.2999877929688,880.7000122070312,882.7000122070312,8300,0.0,0.0
2024-08-07 09:50:00+09:00,881.5999755859375,883.0,878.0,879.7000122070312,8500,0.0,0.0
2024-08-07 09:51:00+09:00,879.0999755859375,881.2999877929688,877.9000244140625,880.4000244140625,7800,0.0,0.0
2024-08-07 09:52:00+09:00,881.0,881.5,878.2000122070312,878.2000122070312,3700,0.0,0.0
2024-08-07 09:53:00+09:00,878.0,878.2000122070312,875.7999877929688,875.7999877929688,5900,0.0,0.0
2024-08-07 09:54:00+09:00,876.0999755859375,878.7999877929688,876.0999755859375,878.0999755859375,3600,0.0,0.0
2024-08-07 09:55:00+09:00,877.7999877929688,877.7999877929688,876.0,876.4000244140625,3900,0.0,0.0
2024-08-07 09:56:00+09:00,876.0,876.0,873.4000244140625,874.4000244140625,5900,0.0,0.0
2024-08-07 09:57:00+09:00,874.4000244140625,874.7999877929688,871.9000244140625,871.9000244140625,12500,0.0,0.0
2024-08-07 09:58:00+09:00,872.7000122070312,874.2999877929688,872.2000122070312,872.7999877929688,4100,0.0,0.0
2024-08-07 09:59:00+09:00,873.2999877929688,874.0,871.9000244140625,871.9000244140625,4200,0.0,0.0
2024-08-07 10:00:00+09:00,871.9000244140625,873.0999755859375,871.2999877929688,871.9000244140625,7200,0.0,0.0
2024-08-07 10:01:00+09:00,871.5,871.9000244140625,869.5999755859375,869.5999755859375,15500,0.0,0.0
2024-08-07 10:02:00+09:00,870.2000122070312,871.0999755859375,869.5,870.4000244140625,3500,0.0,0.0
2024-08-07 10:03:00+09:00,870.2000122070312,871.5999755859375,869.7000122070312,871.5999755859375,5800,0.0,0.0
2024-08-07 10:04:00+09:00,872.2000122070312,874.2000122070312,871.5,871.5,4500,0.0,0.0
2024-08-07 10:05:00+09:00,871.4000244140625,872.4000244140625,869.0,869.2999877929688,7700,0.0,0.0
2024-08-07 10:06:00+09:00,869.7000122070312,870.4000244140625,867.5999755859375,867.7000122070312,11700,0.0,0.0
2024-08-07 10:07:00+09:00,867.7000122070312,868.2000122070312,866.0999755859375,867.4000244140625,5600,0.0,0.0
2024-08-07 10:08:00+09:00,867.5999755859375,868.7999877929688,866.0,866.5999755859375,3400,0.0,0.0
2024-08-07 10:09:00+09:00,866.9000244140625,869.0999755859375,866.9000244140625,868.2000122070312,6600,0.0,0.0
2024-08-07 10:10:00+09:00,868.0,868.0,865.0,865.5999755859375,5300,0.0,0.0
2024-08-07 10:11:00+09:00,866.0,866.0,863.5,863.5999755859375,11900,0.0,0.0
2024-08-07 10:12:00+09:00,863.7000122070312,866.2999877929688,863.5,866.2999877929688,5300,0.0,0.0
2024-08-07 10:13:00+09:00,866.4000244140625,868.2999877929688,866.4000244140625,868.2999877929688,4100,0.0,0.0
2024-08-07 10:14:00+09:00,867.9000244140625,869.7000122070312,867.5,869.2999877929688,4600,0.0,0.0
2024-08-07 10:15:00+09:00,870.0,870.9000244140625,869.2000122070312,869.7000122070312,2400,0.0,0.0
2024-08-07 10:16:00+09:00,869.7999877929688,871.5,869.0,871.5,4900,0.0,0.0
2024-08-07 10:17:00+09:00,871.5999755859375,872.0,870.2000122070312,870.9000244140625,2900,0.0,0.0
2024-08-07 10:18:00+09:00,870.2000122070312,871.2999877929688,869.0999755859375,871.2999877929688,4100,0.0,0.0
2024-08-07 10:19:00+09:00,871.5,872.7000122070312,871.5,872.7000122070312,2600,0.0,0.0
2024-08-07 10:20:00+09:00,872.7999877929688,874.7000122070312,872.2999877929688,872.5,12300,0.0,0.0
2024-08-07 10:21:00+09:00,872.5,872.7999877929688,870.5,871.2000122070312,11200,0.0,0.0
2024-08-07 10:22:00+09:00,871.0999755859375,872.9000244140625,871.0999755859375,872.9000244140625,10200,0.0,0.0
2024-08-07 10:23:00+09:00,872.9000244140625,873.4000244140625,871.7000122070312,872.9000244140625,4500,0.0,0.0
2024-08-07 10:24:00+09:00,872.9000244140625,873.5999755859375,871.4000244140625,871.7000122070312,4500,0.0,0.0
2024-08-07 10:25:00+09:00,871.5999755859375,872.9000244140625,871.5999755859375,872.0,3000,0.0,0.0
2024-08-07 10:26:00+09:00,872.0,874.0999755859375,872.0,874.0999755859375,4600,0.0,0.0
2024-08-07 10:27:00+09:00,874.5,876.2000122070312,874.5,876.0,6800,0.0,0.0
2024-08-07 10:28:00+09:00,875.5,875.5,872.7999877929688,872.7999877929688,2000,0.0,0.0
2024-08-07 10:29:00+09:00,872.7000122070312,874.0,872.0,873.0,5100,0.0,0.0
2024-08-07 10:30:00+09:00,873.0999755859375,873.0999755859375,870.2000122070312,871.0999755859375,7600,0.0,0.0
2024-08-07 10:31:00+09:00,871.0999755859375,873.4000244140625,870.7000122070312,873.4000244140625,12000,0.0,0.0
2024-08-07 10:32:00+09:00,873.9000244140625,874.7000122070312,873.5999755859375,874.2999877929688,6900,0.0,0.0
2024-08-07 10:33:00+09:00,874.5,875.4000244140625,872.7999877929688,875.4000244140625,7400,0.0,0.0
2024-08-07 10:34:00+09:00,875.5999755859375,878.0999755859375,875.5999755859375,877.9000244140625,10700,0.0,0.0
2024-08-07 10:35:00+09:00,877.5999755859375,880.5,876.2000122070312,880.5,13000,0.0,0.0
2024-08-07 10:36:00+09:00,880.0999755859375,880.2999877929688,876.7999877929688,879.0,10200,0.0,0.0
2024-08-07 10:37:00+09:00,878.9000244140625,879.7000122070312,877.7999877929688,878.0,8400,0.0,0.0
2024-08-07 10:38:00+09:00,878.5999755859375,879.4000244140625,878.0,878.5,7900,0.0,0.0
2024-08-07 10:39:00+09:00,878.2000122070312,879.7000122070312,876.4000244140625,876.5999755859375,9100,0.0,0.0
2024-08-07 10:40:00+09:00,877.2000122070312,878.4000244140625,875.9000244140625,876.0,8300,0.0,0.0
2024-08-07 10:41:00+09:00,876.5999755859375,878.7000122070312,875.7000122070312,878.0,5100,0.0,0.0
2024-08-07 10:42:00+09:00,878.7000122070312,885.7999877929688,878.7000122070312,883.5999755859375,25700,0.0,0.0
2024-08-07 10:43:00+09:00,882.9000244140625,883.7000122070312,881.0999755859375,882.4000244140625,9000,0.0,0.0
2024-08-07 10:44:00+09:00,882.0999755859375,884.5,882.0999755859375,883.9000244140625,8200,0.0,0.0
2024-08-07 10:45:00+09:00,883.9000244140625,888.4000244140625,883.9000244140625,888.4000244140625,12200,0.0,0.0
2024-08-07 10:46:00+09:00,888.7999877929688,892.2999877929688,888.5,891.0,27300,0.0,0.0
2024-08-07 10:47:00+09:00,891.0999755859375,893.7000122070312,890.7999877929688,891.5,7900,0.0,0.0
2024-08-07 10:48:00+09:00,891.5999755859375,892.5999755859375,887.7000122070312,889.0999755859375,7300,0.0,0.0
2024-08-07 10:49:00+09:00,888.4000244140625,890.7999877929688,887.7000122070312,890.7999877929688,4600,0.0,0.0
2024-08-07 10:50:00+09:00,890.5,891.4000244140625,889.2000122070312,889.5999755859375,6800,0.0,0.0
2024-08-07 10:51:00+09:00,889.7000122070312,892.0,889.7000122070312,890.0,1251800,0.0,0.0
2024-08-07 10:52:00+09:00,889.7000122070312,893.0,889.2999877929688,893.0,14800,0.0,0.0
2024-08-07 10:53:00+09:00,892.5999755859375,894.4000244140625,892.0,894.2000122070312,9700,0.0,0.0
2024-08-07 10:54:00+09:00,893.7999877929688,893.7999877929688,891.2000122070312,891.7000122070312,5500,0.0,0.0
2024-08-07 10:55:00+09:00,891.2999877929688,891.2999877929688,888.9000244140625,891.2999877929688,6000,0.0,0.0
2024-08-07 10:56:00+09:00,890.5,890.5999755859375,888.4000244140625,890.4000244140625,5400,0.0,0.0
2024-08-07 10:57:00+09:00,889.7999877929688,890.2000122070312,887.2000122070312,887.2000122070312,4500,0.0,0.0
2024-08-07 10:58:00+09:00,887.2000122070312,888.0,885.7999877929688,886.2000122070312,5800,0.0,0.0
2024-08-07 10:59:00+09:00,886.2999877929688,889.5999755859375,886.2999877929688,888.7000122070312,4900,0.0,0.0
2024-08-07 11:00:00+09:00,888.5,888.9000244140625,886.2999877929688,887.0999755859375,5900,0.0,0.0
2024-08-07 11:01:00+09:00,887.0999755859375,888.2000122070312,885.5999755859375,885.5999755859375,3200,0.0,0.0
2024-08-07 11:02:00+09:00,885.2999877929688,885.4000244140625,883.2999877929688,884.0,4200,0.0,0.0
2024-08-07 11:03:00+09:00,883.7999877929688,884.5,882.2000122070312,883.9000244140625,8800,0.0,0.0
2024-08-07 11:04:00+09:00,883.5,885.2000122070312,883.0,884.2000122070312,5700,0.0,0.0
2024-08-07 11:05:00+09:00,884.7000122070312,886.0,884.5,885.5,2500,0.0,0.0
2024-08-07 11:06:00+09:00,885.5,885.7000122070312,884.0999755859375,885.7000122070312,5000,0.0,0.0
2024-08-07 11:07:00+09:00,885.7000122070312,887.5999755859375,885.4000244140625,887.0,10400,0.0,0.0
2024-08-07 11:08:00+09:00,886.5999755859375,886.5999755859375,885.0,885.7999877929688,6800,0.0,0.0
2024-08-07 11:09:00+09:00,885.2999877929688,887.2000122070312,885.2000122070312,885.7999877929688,4100,0.0,0.0
2024-08-07 11:10:00+09:00,885.5,885.5,884.2999877929688,884.4000244140625,7000,0.0,0.0
2024-08-07 11:11:00+09:00,884.2000122070312,885.4000244140625,883.5999755859375,885.2999877929688,3900,0.0,0.0
2024-08-07 11:12:00+09:00,885.0,886.5,884.7999877929688,885.0999755859375,4400,0.0,0.0
2024-08-07 11:13:00+09:00,885.0,885.5999755859375,884.2000122070312,884.4000244140625,4000,0.0,0.0
2024-08-07 11:14:00+09:00,884.4000244140625,884.4000244140625,882.7000122070312,883.5999755859375,7600,0.0,0.0
2024-08-07 11:15:00+09:00,883.5999755859375,884.9000244140625,883.0,884.2999877929688,7900,0.0,0.0
2024-08-07 11:16:00+09:00,883.9000244140625,886.0999755859375,883.9000244140625,885.2999877929688,4000,0.0,0.0
2024-08-07 11:17:00+09:00,885.2000122070312,885.9000244140625,884.7999877929688,885.2000122070312,3900,0.0,0.0
2024-08-07 11:18:00+09:00,885.5,886.0,884.2000122070312,884.2999877929688,5500,0.0,0.0
2024-08-07 11:19:00+09:00,884.5999755859375,884.5999755859375,882.5,883.0,6600,0.0,0.0
2024-08-07 11:20:00+09:00,883.0999755859375,884.0,882.4000244140625,883.5,9100,0.0,0.0
2024-08-07 11:21:00+09:00,883.5,884.0,882.4000244140625,884.0,6900,0.0,0.0
2024-08-07 11:22:00+09:00,883.7000122070312,885.2999877929688,883.0999755859375,885.2999877929688,5200,0.0,0.0
2024-08-07 11:23:00+09:00,885.7000122070312,887.0,885.2999877929688,887.0,4700,0.0,0.0
2024-08-07 11:24:00+09:00,887.0999755859375,887.5,885.7000122070312,886.5999755859375,7600,0.0,0.0
2024-08-07 11:25:00+09:00,887.0,887.5,885.9000244140625,886.2000122070312,10500,0.0,0.0
2024-08-07 11:26:00+09:00,885.7999877929688,886.0,884.0,884.0,2800,0.0,0.0
2024-08-07 11:27:00+09:00,883.9000244140625,884.7000122070312,882.7999877929688,884.7000122070312,5700,0.0,0.0
2024-08-07 11:28:00+09:00,884.7999877929688,885.2000122070312,883.7999877929688,883.7999877929688,4300,0.0,0.0
2024-08-07 11:29:00+09:00,883.5999755859375,884.4000244140625,882.5,882.5,1600,0.0,0.0
2024-08-07 11:30:00+09:00,882.9000244140625,882.9000244140625,882.9000244140625,882.9000244140625,2600,0.0,0.0
2024-08-07 11:35:00+09:00,882.9000244140625,882.9000244140625,882.9000244140625,882.9000244140625,0,0.0,0.0
2024-08-07 12:30:00+09:00,880.0,881.2999877929688,878.9000244140625,880.5,1523700,0.0,0.0
2024-08-07 12:31:00+09:00,881.2000122070312,882.5,880.0999755859375,882.5,14200,0.0,0.0
2024-08-07 12:32:00+09:00,882.5999755859375,884.7000122070312,882.0,884.2999877929688,6800,0.0,0.0
2024-08-07 12:33:00+09:00,884.5999755859375,885.2999877929688,883.7000122070312,885.2999877929688,5700,0.0,0.0
2024-08-07 12:34:00+09:00,885.5,888.7000122070312,885.5,888.5999755859375,5300,0.0,0.0
2024-08-07 12:35:00+09:00,888.5999755859375,890.5999755859375,888.5,889.4000244140625,13500,0.0,0.0
2024-08-07 12:36:00+09:00,888.7000122070312,891.0999755859375,887.9000244140625,890.9000244140625,12900,0.0,0.0
2024-08-07 12:37:00+09:00,891.0,892.0,890.7000122070312,891.5,6200,0.0,0.0
2024-08-07 12:38:00+09:00,891.4000244140625,892.0,890.4000244140625,891.5999755859375,11000,0.0,0.0
2024-08-07 12:39:00+09:00,891.7000122070312,893.4000244140625,891.4000244140625,893.0999755859375,6500,0.0,0.0
2024-08-07 12:40:00+09:00,893.0999755859375,894.0,892.0999755859375,892.4000244140625,6000,0.0,0.0
2024-08-07 12:41:00+09:00,892.4000244140625,892.4000244140625,891.5,892.2999877929688,19600,0.0,0.0
2024-08-07 12:42:00+09:00,892.2000122070312,894.2999877929688,892.2000122070312,893.7000122070312,7000,0.0,0.0
2024-08-07 12:43:00+09:00,893.2999877929688,894.4000244140625,893.2999877929688,894.4000244140625,1700,0.0,0.0
2024-08-07 12:44:00+09:00,894.5,896.4000244140625,893.0999755859375,896.0,44200,0.0,0.0
2024-08-07 12:45:00+09:00,895.4000244140625,896.2000122070312,894.9000244140625,895.2000122070312,8600,0.0,0.0
2024-08-07 12:46:00+09:00,895.7000122070312,895.7999877929688,893.2999877929688,894.2999877929688,4600,0.0,0.0
2024-08-07 12:47:00+09:00,894.7000122070312,894.7000122070312,893.2000122070312,893.2000122070312,5500,0.0,0.0
2024-08-07 12:48:00+09:00,892.7999877929688,893.7000122070312,891.7999877929688,891.9000244140625,13500,0.0,0.0
2024-08-07 12:49:00+09:00,892.5999755859375,893.0999755859375,889.5999755859375,890.7000122070312,5700,0.0,0.0
2024-08-07 12:50:00+09:00,891.2000122070312,892.0999755859375,890.0999755859375,891.4000244140625,5000,0.0,0.0
2024-08-07 12:51:00+09:00,891.4000244140625,891.4000244140625,888.0,888.0,5000,0.0,0.0
2024-08-07 12:52:00+09:00,888.0,888.7999877929688,885.7999877929688,886.7999877929688,12200,0.0,0.0
2024-08-07 12:53:00+09:00,887.4000244140625,888.4000244140625,886.7999877929688,888.4000244140625,4000,0.0,0.0
2024-08-07 12:54:00+09:00,887.9000244140625,889.7000122070312,887.2999877929688,889.7000122070312,6200,0.0,0.0
2024-08-07 12:55:00+09:00,889.9000244140625,889.9000244140625,888.2000122070312,888.2000122070312,4500,0.0,0.0
2024-08-07 12:56:00+09:00,888.5999755859375,888.5999755859375,885.7000122070312,887.9000244140625,7300,0.0,0.0
2024-08-07 12:57:00+09:00,887.9000244140625,887.9000244140625,885.5999755859375,887.2999877929688,4400,0.0,0.0
2024-08-07 12:58:00+09:00,886.9000244140625,888.0999755859375,886.7999877929688,887.4000244140625,6700,0.0,0.0
2024-08-07 12:59:00+09:00,887.7999877929688,888.0,886.4000244140625,887.0,5500,0.0,0.0
2024-08-07 13:00:00+09:00,887.0999755859375,889.2999877929688,887.0999755859375,888.7000122070312,7600,0.0,0.0
2024-08-07 13:01:00+09:00,888.7000122070312,889.4000244140625,887.5999755859375,888.5,8100,0.0,0.0
2024-08-07 13:02:00+09:00,888.0,889.7999877929688,887.2000122070312,889.2000122070312,15600,0.0,0.0
2024-08-07 13:03:00+09:00,889.7000122070312,890.9000244140625,889.5999755859375,890.2000122070312,4400,0.0,0.0
2024-08-07 13:04:00+09:00,890.0,892.0,890.0,891.7999877929688,5000,0.0,0.0
2024-08-07 13:05:00+09:00,891.7999877929688,892.5,890.5999755859375,892.5,6900,0.0,0.0
2024-08-07 13:06:00+09:00,892.9000244140625,893.4000244140625,892.5,892.9000244140625,4400,0.0,0.0
2024-08-07 13:07:00+09:00,892.5,893.0999755859375,891.4000244140625,891.7000122070312,5400,0.0,0.0
2024-08-07 13:08:00+09:00,891.9000244140625,892.4000244140625,891.4000244140625,892.0999755859375,4400,0.0,0.0
2024-08-07 13:09:00+09:00,892.2999877929688,892.7999877929688,891.0,891.0,7000,0.0,0.0
2024-08-07 13:10:00+09:00,890.7000122070312,890.7000122070312,888.7999877929688,889.2000122070312,5000,0.0,0.0
2024-08-07 13:11:00+09:00,889.7000122070312,890.2000122070312,888.5999755859375,888.5999755859375,4300,0.0,0.0
2024-08-07 13:12:00+09:00,889.2999877929688,890.2000122070312,888.9000244140625,889.9000244140625,3900,0.0,0.0
2024-08-07 13:13:00+09:00,889.7999877929688,890.0999755859375,889.2000122070312,889.7000122070312,5700,0.0,0.0
2024-08-07 13:14:00+09:00,889.9000244140625,891.2000122070312,889.0999755859375,889.5,5800,0.0,0.0
2024-08-07 13:15:00+09:00,889.5,889.5999755859375,887.7000122070312,889.0,7100,0.0,0.0
2024-08-07 13:16:00+09:00,889.4000244140625,889.4000244140625,885.2000122070312,885.4000244140625,7600,0.0,0.0
2024-08-07 13:17:00+09:00,885.5,886.7000122070312,885.4000244140625,885.5,7300,0.0,0.0
2024-08-07 13:18:00+09:00,885.5999755859375,886.5,883.5,884.7999877929688,7900,0.0,0.0
2024-08-07 13:19:00+09:00,884.5,884.9000244140625,883.7000122070312,884.4000244140625,5800,0.0,0.0
2024-08-07 13:20:00+09:00,884.4000244140625,886.0,884.2000122070312,884.9000244140625,6400,0.0,0.0
2024-08-07 13:21:00+09:00,884.7999877929688,886.2000122070312,884.7999877929688,885.4000244140625,6700,0.0,0.0
2024-08-07 13:22:00+09:00,886.0,888.5999755859375,886.0,887.9000244140625,12900,0.0,0.0
2024-08-07 13:23:00+09:00,888.2000122070312,888.7000122070312,887.2999877929688,887.7000122070312,4600,0.0,0.0
2024-08-07 13:24:00+09:00,888.2000122070312,889.5999755859375,887.9000244140625,889.2000122070312,10800,0.0,0.0
2024-08-07 13:25:00+09:00,888.7999877929688,889.7000122070312,888.7999877929688,889.0999755859375,3400,0.0,0.0
2024-08-07 13:26:00+09:00,889.5,889.7999877929688,887.7999877929688,888.0999755859375,7600,0.0,0.0
2024-08-07 13:27:00+09:00,888.4000244140625,889.4000244140625,888.0,889.2999877929688,5000,0.0,0.0
2024-08-07 13:28:00+09:00,889.5,890.9000244140625,889.2999877929688,890.4000244140625,4600,0.0,0.0
2024-08-07 13:29:00+09:00,890.0,890.7999877929688,889.5999755859375,890.7000122070312,4400,0.0,0.0
2024-08-07 13:30:00+09:00,890.9000244140625,891.7999877929688,889.5999755859375,889.5999755859375,5200,0.0,0.0
2024-08-07 13:31:00+09:00,889.9000244140625,890.0999755859375,889.5,889.7999877929688,3800,0.0,0.0
2024-08-07 13:32:00+09:00,889.7999877929688,890.2000122070312,888.2000122070312,889.2000122070312,10900,0.0,0.0
2024-08-07 13:33:00+09:00,889.5999755859375,890.5,889.5999755859375,890.0,4200,0.0,0.0
2024-08-07 13:34:00+09:00,890.0999755859375,891.7999877929688,890.0999755859375,891.0999755859375,3800,0.0,0.0
2024-08-07 13:35:00+09:00,890.7000122070312,891.0999755859375,889.7999877929688,890.5999755859375,6800,0.0,0.0
2024-08-07 13:36:00+09:00,890.5,891.4000244140625,890.0999755859375,891.4000244140625,6600,0.0,0.0
2024-08-07 13:37:00+09:00,891.5,892.5999755859375,890.7999877929688,892.0999755859375,12500,0.0,0.0
2024-08-07 13:38:00+09:00,892.0999755859375,892.5999755859375,891.9000244140625,892.5999755859375,9400,0.0,0.0
2024-08-07 13:39:00+09:00,892.5999755859375,893.0,891.5,893.0,11400,0.0,0.0
2024-08-07 13:40:00+09:00,893.2999877929688,893.4000244140625,892.7999877929688,893.2000122070312,2700,0.0,0.0
2024-08-07 13:41:00+09:00,893.2999877929688,894.4000244140625,893.2999877929688,893.7999877929688,8300,0.0,0.0
2024-08-07 13:42:00+09:00,893.7000122070312,894.2000122070312,893.2000122070312,893.2000122070312,4900,0.0,0.0
2024-08-07 13:43:00+09:00,893.2999877929688,893.7999877929688,892.5999755859375,892.9000244140625,4300,0.0,0.0
2024-08-07 13:44:00+09:00,893.0999755859375,894.0999755859375,893.0999755859375,893.7999877929688,5800,0.0,0.0
2024-08-07 13:45:00+09:00,893.9000244140625,894.2999877929688,891.4000244140625,891.7999877929688,11000,0.0,0.0
2024-08-07 13:46:00+09:00,892.0,892.4000244140625,889.7000122070312,890.4000244140625,10700,0.0,0.0
2024-08-07 13:47:00+09:00,890.0,890.0,888.4000244140625,888.5,7500,0.0,0.0
2024-08-07 13:48:00+09:00,888.2000122070312,888.9000244140625,887.2000122070312,887.9000244140625,12100,0.0,0.0
2024-08-07 13:49:00+09:00,887.5999755859375,888.9000244140625,887.5999755859375,888.5999755859375,8800,0.0,0.0
2024-08-07 13:50:00+09:00,888.7000122070312,888.7999877929688,887.7000122070312,887.7999877929688,5300,0.0,0.0
2024-08-07 13:51:00+09:00,887.7999877929688,889.4000244140625,887.5,889.2000122070312,7400,0.0,0.0
2024-08-07 13:52:00+09:00,889.5,889.5,888.7999877929688,889.4000244140625,6100,0.0,0.0
2024-08-07 13:53:00+09:00,889.5,890.7000122070312,889.2999877929688,890.2000122070312,6700,0.0,0.0
2024-08-07 13:54:00+09:00,890.4000244140625,892.0,890.2999877929688,892.0,8100,0.0,0.0
2024-08-07 13:55:00+09:00,891.7000122070312,892.0,890.7999877929688,891.5,4600,0.0,0.0
2024-08-07 13:56:00+09:00,890.7999877929688,890.7999877929688,890.5,890.5,4000,0.0,0.0
2024-08-07 13:57:00+09:00,890.5,891.0,890.2000122070312,890.7000122070312,5200,0.0,0.0
2024-08-07 13:58:00+09:00,890.5999755859375,890.7000122070312,889.2000122070312,889.2000122070312,5800,0.0,0.0
2024-08-07 13:59:00+09:00,889.0999755859375,890.4000244140625,889.0999755859375,889.2999877929688,9100,0.0,0.0
2024-08-07 14:00:00+09:00,889.4000244140625,890.0,888.0,888.5,7500,0.0,0.0
2024-08-07 14:01:00+09:00,888.5,888.5999755859375,887.0,887.9000244140625,10400,0.0,0.0
2024-08-07 14:02:00+09:00,887.9000244140625,889.4000244140625,887.9000244140625,888.9000244140625,6700,0.0,0.0
2024-08-07 14:03:00+09:00,888.9000244140625,889.2000122070312,888.5,888.7999877929688,3700,0.0,0.0
2024-08-07 14:04:00+09:00,888.9000244140625,889.0999755859375,885.0999755859375,887.2000122070312,24000,0.0,0.0
2024-08-07 14:05:00+09:00,887.7000122070312,889.4000244140625,887.5999755859375,889.4000244140625,7800,0.0,0.0
2024-08-07 14:06:00+09:00,888.7999877929688,889.2999877929688,888.4000244140625,888.9000244140625,6200,0.0,0.0
2024-08-07 14:07:00+09:00,889.2000122070312,889.5,888.4000244140625,888.5999755859375,6200,0.0,0.0
2024-08-07 14:08:00+09:00,888.9000244140625,890.2000122070312,888.2999877929688,889.7999877929688,8300,0.0,0.0
2024-08-07 14:09:00+09:00,889.7000122070312,889.7999877929688,888.5,889.0999755859375,8000,0.0,0.0
2024-08-07 14:10:00+09:00,889.2999877929688,890.7999877929688,889.2999877929688,890.2999877929688,6500,0.0,0.0
2024-08-07 14:11:00+09:00,890.2999877929688,890.5999755859375,889.4000244140625,890.2000122070312,5000,0.0,0.0
2024-08-07 14:12:00+09:00,890.2000122070312,890.2000122070312,888.0,888.0,6900,0.0,0.0
2024-08-07 14:13:00+09:00,888.2999877929688,888.5999755859375,887.5999755859375,888.4000244140625,6400,0.0,0.0
2024-08-07 14:14:00+09:00,888.0999755859375,890.0,888.0999755859375,888.4000244140625,7400,0.0,0.0
2024-08-07 14:15:00+09:00,888.7000122070312,889.5999755859375,888.2999877929688,889.5,5900,0.0,0.0
2024-08-07 14:16:00+09:00,889.5,889.5999755859375,888.0999755859375,888.4000244140625,7500,0.0,0.0
2024-08-07 14:17:00+09:00,888.9000244140625,888.9000244140625,887.0999755859375,887.9000244140625,9100,0.0,0.0
2024-08-07 14:18:00+09:00,887.7000122070312,887.7000122070312,886.5,886.5999755859375,7400,0.0,0.0
2024-08-07 14:19:00+09:00,886.5999755859375,887.9000244140625,886.5999755859375,886.7999877929688,8700,0.0,0.0
2024-08-07 14:20:00+09:00,886.7000122070312,886.7999877929688,885.4000244140625,886.5999755859375,10100,0.0,0.0
2024-08-07 14:21:00+09:00,886.7000122070312,887.4000244140625,886.5,887.0999755859375,8000,0.0,0.0
2024-08-07 14:22:00+09:00,887.2000122070312,888.2000122070312,886.9000244140625,888.2000122070312,6900,0.0,0.0
2024-08-07 14:23:00+09:00,887.9000244140625,888.0999755859375,886.5,886.7000122070312,6800,0.0,0.0
2024-08-07 14:24:00+09:00,886.5999755859375,887.0,886.0,886.5,7000,0.0,0.0
2024-08-07 14:25:00+09:00,886.5999755859375,887.7000122070312,886.5999755859375,887.4000244140625,10200,0.0,0.0
2024-08-07 14:26:00+09:00,887.2000122070312,887.5,886.2000122070312,887.5,7600,0.0,0.0
2024-08-07 14:27:00+09:00,887.5,890.0,887.5,889.4000244140625,9400,0.0,0.0
2024-08-07 14:28:00+09:00,889.7999877929688,890.5999755859375,889.0999755859375,889.9000244140625,7800,0.0,0.0
2024-08-07 14:29:00+09:00,889.9000244140625,889.9000244140625,887.9000244140625,889.0,13600,0.0,0.0
2024-08-07 14:30:00+09:00,888.7999877929688,888.7999877929688,884.5999755859375,885.0999755859375,17900,0.0,0.0
2024-08-07 14:31:00+09:00,885.2000122070312,885.5,883.5999755859375,884.5999755859375,24800,0.0,0.0
2024-08-07 14:32:00+09:00,884.7999877929688,884.7999877929688,881.5999755859375,883.5,23800,0.0,0.0
2024-08-07 14:33:00+09:00,884.0,885.0999755859375,883.4000244140625,884.2000122070312,25600,0.0,0.0
2024-08-07 14:34:00+09:00,884.7000122070312,885.2000122070312,882.4000244140625,883.0,15900,0.0,0.0
2024-08-07 14:35:00+09:00,882.7999877929688,884.0,881.5999755859375,881.5999755859375,19200,0.0,0.0
2024-08-07 14:36:00+09:00,882.0,882.0999755859375,879.7999877929688,880.7000122070312,20800,0.0,0.0
2024-08-07 14:37:00+09:00,880.2000122070312,880.7000122070312,878.7999877929688,879.2000122070312,11100,0.0,0.0
2024-08-07 14:38:00+09:00,878.7999877929688,880.0999755859375,877.4000244140625,877.9000244140625,30400,0.0,0.0
2024-08-07 14:39:00+09:00,877.9000244140625,880.0999755859375,877.5999755859375,880.0,41300,0.0,0.0
2024-08-07 14:40:00+09:00,880.5,880.9000244140625,877.4000244140625,879.0,33500,0.0,0.0
2024-08-07 14:41:00+09:00,878.7000122070312,878.7000122070312,875.0999755859375,875.2000122070312,15800,0.0,0.0
2024-08-07 14:42:00+09:00,875.2000122070312,877.7000122070312,874.5999755859375,877.2000122070312,24100,0.0,0.0
2024-08-07 14:43:00+09:00,877.2000122070312,877.2999877929688,875.0,875.0,17000,0.0,0.0
2024-08-07 14:44:00+09:00,875.2000122070312,875.2999877929688,872.9000244140625,873.2999877929688,16900,0.0,0.0
2024-08-07 14:45:00+09:00,873.2999877929688,874.2999877929688,871.7999877929688,872.9000244140625,32000,0.0,0.0
2024-08-07 14:46:00+09:00,872.7999877929688,874.5999755859375,872.5,874.4000244140625,21400,0.0,0.0
2024-08-07 14:47:00+09:00,874.4000244140625,875.0,873.0,874.7999877929688,37400,0.0,0.0
2024-08-07 14:48:00+09:00,874.7000122070312,876.4000244140625,874.0,876.4000244140625,21700,0.0,0.0
2024-08-07 14:49:00+09:00,877.0,877.0,872.0999755859375,872.5999755859375,26800,0.0,0.0
2024-08-07 14:50:00+09:00,872.2000122070312,873.2000122070312,871.2000122070312,871.7999877929688,21700,0.0,0.0
2024-08-07 14:51:00+09:00,871.7999877929688,873.2000122070312,871.7000122070312,872.9000244140625,24400,0.0,0.0
2024-08-07 14:52:00+09:00,872.7000122070312,873.0999755859375,870.7999877929688,870.7999877929688,27100,0.0,0.0
2024-08-07 14:53:00+09:00,871.2999877929688,872.4000244140625,870.4000244140625,872.4000244140625,21600,0.0,0.0
2024-08-07 14:54:00+09:00,872.5,874.2999877929688,872.5,873.5999755859375,23100,0.0,0.0
2024-08-07 14:55:00+09:00,873.5999755859375,876.2000122070312,873.5999755859375,876.0,28900,0.0,0.0
2024-08-07 14:56:00+09:00,875.5999755859375,875.5999755859375,874.0999755859375,874.5999755859375,23200,0.0,0.0
2024-08-07 14:57:00+09:00,874.4000244140625,874.7000122070312,871.0,871.9000244140625,35900,0.0,0.0
2024-08-07 14:58:00+09:00,871.5,872.7000122070312,871.0999755859375,872.0999755859375,20100,0.0,0.0
2024-08-07 14:59:00+09:00,872.2999877929688,872.2999877929688,868.7000122070312,869.7000122070312,75200,0.0,0.0
2024-08-08 09:00:00+09:00,859.0999755859375,859.0999755859375,852.0,852.0,98400,0.0,0.0
2024-08-08 09:01:00+09:00,852.0,855.7000122070312,851.2000122070312,854.7999877929688,30700,0.0,0.0
2024-08-08 09:02:00+09:00,855.9000244140625,862.5,855.9000244140625,862.5,16700,0.0,0.0
2024-08-08 09:03:00+09:00,861.2999877929688,866.4000244140625,860.7000122070312,863.5999755859375,21700,0.0,0.0
2024-08-08 09:04:00+09:00,863.5999755859375,864.2999877929688,860.5999755859375,864.2999877929688,19200,0.0,0.0
2024-08-08 09:05:00+09:00,864.5999755859375,865.2000122070312,860.7000122070312,864.4000244140625,13700,0.0,0.0
2024-08-08 09:06:00+09:00,864.5999755859375,866.0999755859375,861.5,861.5,20300,0.0,0.0
2024-08-08 09:07:00+09:00,860.7999877929688,861.9000244140625,858.0999755859375,860.7000122070312,7000,0.0,0.0
2024-08-08 09:08:00+09:00,860.7999877929688,863.5999755859375,860.5999755859375,863.5999755859375,5400,0.0,0.0
2024-08-08 09:09:00+09:00,863.5999755859375,865.9000244140625,862.0,863.5,12400,0.0,0.0
2024-08-08 09:10:00+09:00,864.0,864.5999755859375,861.2999877929688,863.0999755859375,10700,0.0,0.0
2024-08-08 09:11:00+09:00,863.2999877929688,863.5,861.0999755859375,863.5,3700,0.0,0.0
2024-08-08 09:12:00+09:00,863.5999755859375,867.2000122070312,863.5999755859375,867.0999755859375,10800,0.0,0.0
2024-08-08 09:13:00+09:00,867.2999877929688,868.5999755859375,866.4000244140625,868.5,5100,0.0,0.0
2024-08-08 09:14:00+09:00,868.7000122070312,869.5,867.9000244140625,868.2000122070312,4100,0.0,0.0
2024-08-08 09:15:00+09:00,867.9000244140625,870.7999877929688,867.5999755859375,869.2999877929688,10100,0.0,0.0
2024-08-08 09:16:00+09:00,869.0999755859375,870.0,868.5999755859375,870.0,2100,0.0,0.0
2024-08-08 09:17:00+09:00,870.0999755859375,872.4000244140625,870.0999755859375,871.5,3800,0.0,0.0
2024-08-08 09:18:00+09:00,871.2999877929688,872.7999877929688,871.2999877929688,872.5,10300,0.0,0.0
2024-08-08 09:19:00+09:00,871.9000244140625,873.9000244140625,871.9000244140625,873.9000244140625,4200,0.0,0.0
2024-08-08 09:20:00+09:00,873.9000244140625,876.5999755859375,873.4000244140625,875.9000244140625,10500,0.0,0.0
2024-08-08 09:21:00+09:00,876.2000122070312,876.2000122070312,870.7999877929688,871.0999755859375,7400,0.0,0.0
2024-08-08 09:22:00+09:00,871.7999877929688,874.9000244140625,871.4000244140625,874.7999877929688,4800,0.0,0.0
2024-08-08 09:23:00+09:00,875.0999755859375,875.7000122070312,873.5,874.5,3200,0.0,0.0
2024-08-08 09:24:00+09:00,873.5999755859375,874.2000122070312,872.0,874.2000122070312,9000,0.0,0.0
2024-08-08 09:25:00+09:00,874.0999755859375,875.5,874.0999755859375,874.9000244140625,3200,0.0,0.0
2024-08-08 09:26:00+09:00,874.2999877929688,876.5,874.0,876.5,17500,0.0,0.0
2024-08-08 09:27:00+09:00,876.2000122070312,876.4000244140625,873.2999877929688,874.2999877929688,4900,0.0,0.0
2024-08-08 09:28:00+09:00,874.4000244140625,874.5,871.5999755859375,871.5999755859375,10300,0.0,0.0
2024-08-08 09:29:00+09:00,872.9000244140625,873.9000244140625,870.4000244140625,870.5999755859375,6700,0.0,0.0
2024-08-08 09:30:00+09:00,870.5,872.0999755859375,869.7999877929688,871.0,6500,0.0,0.0
2024-08-08 09:31:00+09:00,870.7000122070312,874.2000122070312,870.7000122070312,873.2000122070312,10100,0.0,0.0
2024-08-08 09:32:00+09:00,872.7000122070312,872.9000244140625,870.7000122070312,871.2000122070312,5100,0.0,0.0
2024-08-08 09:33:00+09:00,871.2000122070312,872.5,870.0,871.9000244140625,8100,0.0,0.0
2024-08-08 09:34:00+09:00,871.5,872.7999877929688,871.0999755859375,872.0999755859375,3500,0.0,0.0
2024-08-08 09:35:00+09:00,871.4000244140625,871.4000244140625,868.9000244140625,868.9000244140625,9800,0.0,0.0
2024-08-08 09:36:00+09:00,869.0,870.2999877929688,868.2999877929688,868.7999877929688,5000,0.0,0.0
2024-08-08 09:37:00+09:00,868.5,868.5,866.5999755859375,867.5999755859375,10100,0.0,0.0
2024-08-08 09:38:00+09:00,867.7999877929688,869.0999755859375,867.5999755859375,867.5999755859375,6600,0.0,0.0
2024-08-08 09:39:00+09:00,867.0,867.0999755859375,866.0,867.0999755859375,2900,0.0,0.0
2024-08-08 09:40:00+09:00,867.5999755859375,868.5,866.7999877929688,868.4000244140625,4200,0.0,0.0
2024-08-08 09:41:00+09:00,868.5999755859375,869.4000244140625,867.2999877929688,867.2999877929688,5300,0.0,0.0
2024-08-08 09:42:00+09:00,867.0999755859375,867.5,866.2999877929688,866.4000244140625,2800,0.0,0.0
2024-08-08 09:43:00+09:00,866.2999877929688,866.2999877929688,865.0999755859375,865.4000244140625,3900,0.0,0.0
2024-08-08 09:44:00+09:00,865.5,866.7000122070312,864.7999877929688,864.7999877929688,12100,0.0,0.0
2024-08-08 09:45:00+09:00,864.7000122070312,864.7999877929688,863.0,863.2999877929688,2400,0.0,0.0
2024-08-08 09:46:00+09:00,863.2000122070312,864.7000122070312,862.2000122070312,862.5,4100,0.0,0.0
2024-08-08 09:47:00+09:00,862.2999877929688,863.9000244140625,862.2999877929688,863.9000244140625,3100,0.0,0.0
2024-08-08 09:48:00+09:00,863.0,863.7999877929688,862.2999877929688,863.7999877929688,2800,0.0,0.0
2024-08-08 09:49:00+09:00,863.4000244140625,863.9000244140625,862.7000122070312,863.5,3200,0.0,0.0
2024-08-08 09:50:00+09:00,863.7000122070312,865.7999877929688,863.7000122070312,865.0999755859375,3200,0.0,0.0
2024-08-08 09:51:00+09:00,865.5,867.0,865.0,867.0,2700,0.0,0.0
2024-08-08 09:52:00+09:00,866.5999755859375,866.5999755859375,865.9000244140625,866.2000122070312,3800,0.0,0.0
2024-08-08 09:53:00+09:00,865.4000244140625,866.4000244140625,864.9000244140625,865.5,3700,0.0,0.0
2024-08-08 09:54:00+09:00,865.9000244140625,866.9000244140625,865.5,866.2000122070312,4100,0.0,0.0
2024-08-08 09:55:00+09:00,866.2000122070312,867.0,865.7999877929688,866.5999755859375,6700,0.0,0.0
2024-08-08 09:56:00+09:00,866.7999877929688,867.9000244140625,866.2000122070312,866.2000122070312,3100,0.0,0.0
2024-08-08 09:57:00+09:00,868.5999755859375,868.7999877929688,868.5999755859375,868.7999877929688,8200,0.0,0.0
2024-08-08 09:58:00+09:00,868.2000122070312,869.2999877929688,867.9000244140625,869.2000122070312,2700,0.0,0.0
2024-08-08 09:59:00+09:00,868.7000122070312,869.0,867.2999877929688,867.2999877929688,2600,0.0,0.0
2024-08-08 10:00:00+09:00,867.7000122070312,869.2999877929688,867.0,869.2000122070312,3400,0.0,0.0
2024-08-08 10:01:00+09:00,869.2000122070312,870.5,868.5,869.9000244140625,2700,0.0,0.0
2024-08-08 10:02:00+09:00,870.0999755859375,870.0999755859375,869.0,869.0,1500,0.0,0.0
2024-08-08 10:03:00+09:00,868.7999877929688,871.0,868.7999877929688,870.7999877929688,2500,0.0,0.0
2024-08-08 10:04:00+09:00,871.0999755859375,873.9000244140625,871.0999755859375,873.9000244140625,13300,0.0,0.0
2024-08-08 10:05:00+09:00,874.0,876.2999877929688,873.9000244140625,875.5,12100,0.0,0.0
2024-08-08 10:06:00+09:00,875.4000244140625,875.7999877929688,874.7000122070312,874.7000122070312,3500,0.0,0.0
2024-08-08 10:07:00+09:00,875.2999877929688,875.7999877929688,874.2999877929688,875.7000122070312,3900,0.0,0.0
2024-08-08 10:08:00+09:00,874.9000244140625,874.9000244140625,873.5999755859375,873.5999755859375,1200,0.0,0.0
2024-08-08 10:09:00+09:00,873.9000244140625,874.4000244140625,872.4000244140625,872.4000244140625,3500,0.0,0.0
2024-08-08 10:10:00+09:00,872.7999877929688,873.7000122070312,872.5,873.7000122070312,2400,0.0,0.0
2024-08-08 10:11:00+09:00,873.2999877929688,876.7999877929688,873.2999877929688,876.7999877929688,3900,0.0,0.0
2024-08-08 10:12:00+09:00,876.9000244140625,877.7000122070312,876.4000244140625,876.9000244140625,5100,0.0,0.0
2024-08-08 10:13:00+09:00,876.9000244140625,876.9000244140625,876.4000244140625,876.5999755859375,1100,0.0,0.0
2024-08-08 10:14:00+09:00,876.2999877929688,878.0,876.0999755859375,877.0999755859375,3000,0.0,0.0
2024-08-08 10:15:00+09:00,877.5,878.4000244140625,876.2999877929688,878.4000244140625,4700,0.0,0.0
2024-08-08 10:16:00+09:00,878.0999755859375,879.0,877.7000122070312,879.0,3300,0.0,0.0
2024-08-08 10:17:00+09:00,878.7000122070312,878.7000122070312,876.7999877929688,877.7000122070312,4400,0.0,0.0
2024-08-08 10:18:00+09:00,877.0999755859375,877.0999755859375,873.9000244140625,874.5999755859375,4600,0.0,0.0
2024-08-08 10:19:00+09:00,874.2999877929688,875.0999755859375,873.7999877929688,874.4000244140625,2500,0.0,0.0
2024-08-08 10:20:00+09:00,874.4000244140625,874.5999755859375,873.7000122070312,873.7000122070312,2600,0.0,0.0
2024-08-08 10:21:00+09:00,873.5999755859375,873.5999755859375,873.5999755859375,873.5999755859375,100,0.0,0.0
2024-08-08 10:22:00+09:00,872.2999877929688,872.2999877929688,871.7000122070312,871.7999877929688,5600,0.0,0.0
2024-08-08 10:23:00+09:00,872.0999755859375,873.0,871.7000122070312,873.0,6900,0.0,0.0
2024-08-08 10:24:00+09:00,873.5,874.7000122070312,873.0999755859375,874.7000122070312,6200,0.0,0.0
2024-08-08 10:25:00+09:00,874.7000122070312,876.0,874.5999755859375,876.0,1300,0.0,0.0
2024-08-08 10:26:00+09:00,876.4000244140625,877.4000244140625,876.4000244140625,876.7999877929688,2600,0.0,0.0
2024-08-08 10:27:00+09:00,876.4000244140625,876.5999755859375,875.2999877929688,875.5,1500,0.0,0.0
2024-08-08 10:28:00+09:00,875.2000122070312,875.5999755859375,875.0999755859375,875.2999877929688,1000,0.0,0.0
2024-08-08 10:29:00+09:00,875.7000122070312,875.7999877929688,875.0,875.7000122070312,2000,0.0,0.0
2024-08-08 10:30:00+09:00,876.0,876.0999755859375,875.0,876.0,2400,0.0,0.0
2024-08-08 10:31:00+09:00,876.2000122070312,878.2000122070312,876.2000122070312,877.4000244140625,3200,0.0,0.0
2024-08-08 10:32:00+09:00,877.4000244140625,878.5999755859375,877.2000122070312,877.5,7000,0.0,0.0
2024-08-08 10:33:00+09:00,878.0,878.4000244140625,876.7999877929688,876.7999877929688,2400,0.0,0.0
2024-08-08 10:34:00+09:00,876.7000122070312,876.7000122070312,875.2999877929688,876.4000244140625,2300,0.0,0.0
2024-08-08 10:35:00+09:00,876.2000122070312,876.4000244140625,875.2999877929688,875.2999877929688,2300,0.0,0.0
2024-08-08 10:36:00+09:00,875.7000122070312,877.4000244140625,875.7000122070312,877.0999755859375,1900,0.0,0.0
2024-08-08 10:37:00+09:00,877.5,878.2000122070312,877.5,878.2000122070312,800,0.0,0.0
2024-08-08 10:38:00+09:00,878.2000122070312,878.2999877929688,877.4000244140625,877.4000244140625,5400,0.0,0.0
2024-08-08 10:39:00+09:00,877.4000244140625,878.2000122070312,877.0,877.0,2800,0.0,0.0
2024-08-08 10:40:00+09:00,877.0999755859375,877.2000122070312,875.7000122070312,875.7000122070312,1900,0.0,0.0
2024-08-08 10:41:00+09:00,875.5,875.9000244140625,875.5,875.7999877929688,1900,0.0,0.0
2024-08-08 10:42:00+09:00,875.5,877.2000122070312,875.4000244140625,876.5,2400,0.0,0.0
2024-08-08 10:43:00+09:00,877.0,877.0,877.0,877.0,200,0.0,0.0
2024-08-08 10:44:00+09:00,876.7999877929688,876.7999877929688,875.5999755859375,875.5999755859375,2100,0.0,0.0
2024-08-08 10:45:00+09:00,875.5999755859375,875.5999755859375,872.9000244140625,872.9000244140625,8300,0.0,0.0
2024-08-08 10:46:00+09:00,872.7999877929688,873.2000122070312,872.5,872.5,4000,0.0,0.0
2024-08-08 10:47:00+09:00,872.7000122070312,872.7000122070312,870.7000122070312,871.5999755859375,6200,0.0,0.0
2024-08-08 10:48:00+09:00,871.2000122070312,871.4000244140625,870.9000244140625,871.4000244140625,1800,0.0,0.0
2024-08-08 10:49:00+09:00,871.0,872.0,870.4000244140625,872.0,3000,0.0,0.0
2024-08-08 10:50:00+09:00,871.5,871.5,869.7000122070312,869.7999877929688,11700,0.0,0.0
2024-08-08 10:51:00+09:00,870.0999755859375,871.9000244140625,870.0999755859375,871.5999755859375,3200,0.0,0.0
2024-08-08 10:52:00+09:00,871.9000244140625,872.0,871.7999877929688,871.9000244140625,1100,0.0,0.0
2024-08-08 10:53:00+09:00,871.7999877929688,873.2999877929688,871.7999877929688,873.2999877929688,3100,0.0,0.0
2024-08-08 10:54:00+09:00,872.7999877929688,873.0999755859375,872.4000244140625,872.9000244140625,3400,0.0,0.0
2024-08-08 10:55:00+09:00,872.5999755859375,872.9000244140625,871.9000244140625,872.9000244140625,1900,0.0,0.0
2024-08-08 10:56:00+09:00,873.0,874.2000122070312,873.0,873.7000122070312,1800,0.0,0.0
2024-08-08 10:57:00+09:00,873.7000122070312,874.5,873.7000122070312,874.5,1400,0.0,0.0
2024-08-08 10:58:00+09:00,874.0999755859375,875.0999755859375,873.9000244140625,875.0999755859375,1800,0.0,0.0
2024-08-08 10:59:00+09:00,875.4000244140625,875.5999755859375,874.7999877929688,874.7999877929688,1900,0.0,0.0
2024-08-08 11:00:00+09:00,874.0,874.7000122070312,873.5,874.0999755859375,2000,0.0,0.0
2024-08-08 11:01:00+09:00,873.9000244140625,873.9000244140625,873.5,873.5,900,0.0,0.0
2024-08-08 11:02:00+09:00,874.0,875.2999877929688,874.0,875.2999877929688,2000,0.0,0.0
2024-08-08 11:03:00+09:00,875.0999755859375,875.4000244140625,873.7000122070312,873.7000122070312,5700,0.0,0.0
2024-08-08 11:04:00+09:00,873.5,874.5,873.2999877929688,874.5,1600,0.0,0.0
2024-08-08 11:05:00+09:00,874.2999877929688,874.7000122070312,873.0999755859375,873.0999755859375,1700,0.0,0.0
2024-08-08 11:06:00+09:00,873.5999755859375,874.2999877929688,873.5999755859375,873.7000122070312,2100,0.0,0.0
2024-08-08 11:07:00+09:00,873.7999877929688,873.7999877929688,873.0,873.0,1100,0.0,0.0
2024-08-08 11:08:00+09:00,873.4000244140625,874.7000122070312,873.4000244140625,874.2999877929688,1700,0.0,0.0
2024-08-08 11:09:00+09:00,874.2999877929688,874.5,874.2999877929688,874.2999877929688,800,0.0,0.0
2024-08-08 11:10:00+09:00,874.0999755859375,874.7999877929688,873.7000122070312,874.0999755859375,2800,0.0,0.0
2024-08-08 11:11:00+09:00,874.5,875.4000244140625,874.2000122070312,875.4000244140625,2700,0.0,0.0
2024-08-08 11:12:00+09:00,875.0999755859375,876.0999755859375,875.0,875.7999877929688,3100,0.0,0.0
2024-08-08 11:13:00+09:00,876.0,876.2999877929688,874.5,876.2000122070312,20400,0.0,0.0
2024-08-08 11:14:00+09:00,876.4000244140625,877.0,875.2000122070312,875.7999877929688,3800,0.0,0.0
2024-08-08 11:15:00+09:00,875.2000122070312,875.4000244140625,874.5999755859375,874.5999755859375,3100,0.0,0.0
2024-08-08 11:16:00+09:00,874.7000122070312,875.0,873.2000122070312,873.7999877929688,4100,0.0,0.0
2024-08-08 11:17:00+09:00,874.0999755859375,876.0,873.7999877929688,876.0,5000,0.0,0.0
2024-08-08 11:18:00+09:00,875.4000244140625,876.7999877929688,875.0,876.4000244140625,15100,0.0,0.0
2024-08-08 11:19:00+09:00,876.4000244140625,876.7000122070312,874.7000122070312,874.7000122070312,8600,0.0,0.0
2024-08-08 11:20:00+09:00,874.7000122070312,877.0999755859375,874.7000122070312,876.7000122070312,7300,0.0,0.0
2024-08-08 11:21:00+09:00,876.9000244140625,877.2000122070312,875.9000244140625,877.2000122070312,2700,0.0,0.0
2024-08-08 11:22:00+09:00,876.7000122070312,877.2999877929688,876.0,876.4000244140625,9500,0.0,0.0
2024-08-08 11:23:00+09:00,876.2000122070312,877.7999877929688,876.2000122070312,877.0,6200,0.0,0.0
2024-08-08 11:24:00+09:00,877.0,877.4000244140625,875.7000122070312,875.7000122070312,7400,0.0,0.0
2024-08-08 11:25:00+09:00,876.2000122070312,877.2999877929688,875.9000244140625,877.2999877929688,3600,0.0,0.0
2024-08-08 11:26:00+09:00,876.5999755859375,876.9000244140625,875.9000244140625,876.0999755859375,2700,0.0,0.0
2024-08-08 11:27:00+09:00,876.5,876.7999877929688,874.5,874.5,2700,0.0,0.0
2024-08-08 11:28:00+09:00,873.9000244140625,874.2000122070312,872.0,872.0,3500,0.0,0.0
2024-08-08 11:29:00+09:00,872.5999755859375,872.7000122070312,870.2999877929688,870.2999877929688,7200,0.0,0.0
2024-08-08 11:30:00+09:00,870.4000244140625,870.4000244140625,870.4000244140625,870.4000244140625,1800,0.0,0.0
2024-08-08 11:35:00+09:00,870.4000244140625,870.4000244140625,870.4000244140625,870.4000244140625,0,0.0,0.0
2024-08-08 12:30:00+09:00,873.9000244140625,874.9000244140625,873.0999755859375,874.0999755859375,914000,0.0,0.0
2024-08-08 12:31:00+09:00,873.5999755859375,875.7000122070312,873.5999755859375,875.0999755859375,19200,0.0,0.0
2024-08-08 12:32:00+09:00,875.0,875.0999755859375,873.5,873.5,4200,0.0,0.0
2024-08-08 12:33:00+09:00,873.7999877929688,874.2000122070312,870.5,870.5,4700,0.0,0.0
2024-08-08 12:34:00+09:00,871.0,874.0,871.0,872.9000244140625,13900,0.0,0.0
2024-08-08 12:35:00+09:00,872.5999755859375,872.5999755859375,871.7999877929688,872.0999755859375,6000,0.0,0.0
2024-08-08 12:36:00+09:00,872.2000122070312,872.7999877929688,871.7000122070312,872.7000122070312,13300,0.0,0.0
2024-08-08 12:37:00+09:00,871.2000122070312,871.5999755859375,870.5999755859375,871.5999755859375,4100,0.0,0.0
2024-08-08 12:38:00+09:00,871.7000122070312,872.2000122070312,870.4000244140625,870.7000122070312,9900,0.0,0.0
2024-08-08 12:39:00+09:00,870.9000244140625,871.4000244140625,869.7999877929688,870.5,8100,0.0,0.0
2024-08-08 12:40:00+09:00,870.4000244140625,871.0999755859375,869.7000122070312,870.4000244140625,10500,0.0,0.0
2024-08-08 12:41:00+09:00,870.5,871.0,869.7999877929688,870.4000244140625,6300,0.0,0.0
2024-08-08 12:42:00+09:00,870.9000244140625,872.0999755859375,870.5999755859375,871.7999877929688,4200,0.0,0.0
2024-08-08 12:43:00+09:00,871.5,871.5,870.0,870.0999755859375,4100,0.0,0.0
2024-08-08 12:44:00+09:00,870.0,870.0,869.2999877929688,869.5999755859375,3400,0.0,0.0
2024-08-08 12:45:00+09:00,869.5999755859375,870.2999877929688,869.2000122070312,869.9000244140625,8200,0.0,0.0
2024-08-08 12:46:00+09:00,869.7000122070312,869.7000122070312,868.5999755859375,869.0999755859375,4300,0.0,0.0
2024-08-08 12:47:00+09:00,868.5999755859375,869.5,866.4000244140625,866.4000244140625,6800,0.0,0.0
2024-08-08 12:48:00+09:00,866.9000244140625,867.7999877929688,866.9000244140625,867.0,6600,0.0,0.0
2024-08-08 12:49:00+09:00,866.9000244140625,868.2000122070312,866.4000244140625,868.2000122070312,4000,0.0,0.0
2024-08-08 12:50:00+09:00,868.5999755859375,869.5,868.4000244140625,868.4000244140625,2200,0.0,0.0
2024-08-08 12:51:00+09:00,868.7999877929688,869.9000244140625,868.4000244140625,869.2999877929688,4800,0.0,0.0
2024-08-08 12:52:00+09:00,868.4000244140625,868.7000122070312,866.5,867.2999877929688,3200,0.0,0.0
2024-08-08 12:53:00+09:00,866.5999755859375,866.5999755859375,863.7999877929688,865.0999755859375,21200,0.0,0.0
2024-08-08 12:54:00+09:00,865.0999755859375,865.5,864.4000244140625,864.4000244140625,5600,0.0,0.0
2024-08-08 12:55:00+09:00,864.7999877929688,864.9000244140625,863.0,863.0,4400,0.0,0.0
2024-08-08 12:56:00+09:00,863.0999755859375,863.0999755859375,858.7000122070312,858.7000122070312,61000,0.0,0.0
2024-08-08 12:57:00+09:00,859.5,860.7999877929688,858.5,859.2000122070312,16800,0.0,0.0
2024-08-08 12:58:00+09:00,859.2999877929688,859.2999877929688,855.9000244140625,856.5999755859375,11800,0.0,0.0
2024-08-08 12:59:00+09:00,856.7000122070312,858.7999877929688,856.7000122070312,858.7999877929688,5400,0.0,0.0
2024-08-08 13:00:00+09:00,859.0,859.2000122070312,856.2000122070312,856.7000122070312,10300,0.0,0.0
2024-08-08 13:01:00+09:00,856.5999755859375,856.7999877929688,855.7000122070312,856.2000122070312,4000,0.0,0.0
2024-08-08 13:02:00+09:00,856.2999877929688,856.7999877929688,854.2999877929688,854.7999877929688,13100,0.0,0.0
2024-08-08 13:03:00+09:00,854.2000122070312,854.5999755859375,853.0999755859375,853.5,10700,0.0,0.0
2024-08-08 13:04:00+09:00,853.7999877929688,854.5,852.0,852.0,9800,0.0,0.0
2024-08-08 13:05:00+09:00,852.5,855.5,852.2999877929688,855.5,6700,0.0,0.0
2024-08-08 13:06:00+09:00,855.5,855.7000122070312,854.2999877929688,854.5999755859375,12200,0.0,0.0
2024-08-08 13:07:00+09:00,854.4000244140625,855.5,854.2000122070312,854.2000122070312,3700,0.0,0.0
2024-08-08 13:08:00+09:00,854.5,855.0999755859375,854.2000122070312,855.0999755859375,4700,0.0,0.0
2024-08-08 13:09:00+09:00,855.2000122070312,855.2000122070312,852.9000244140625,854.2999877929688,7100,0.0,0.0
2024-08-08 13:10:00+09:00,854.2999877929688,855.5999755859375,854.0999755859375,855.5999755859375,5900,0.0,0.0
2024-08-08 13:11:00+09:00,855.7000122070312,856.2999877929688,855.0,856.2999877929688,5000,0.0,0.0
2024-08-08 13:12:00+09:00,855.9000244140625,856.0,854.5999755859375,854.5999755859375,8000,0.0,0.0
2024-08-08 13:13:00+09:00,854.5,854.9000244140625,854.0999755859375,854.5,3600,0.0,0.0
2024-08-08 13:14:00+09:00,854.5,855.4000244140625,854.0999755859375,854.0999755859375,6100,0.0,0.0
2024-08-08 13:15:00+09:00,854.5,855.2999877929688,853.5999755859375,855.2999877929688,6100,0.0,0.0
2024-08-08 13:16:00+09:00,855.2999877929688,855.2999877929688,854.0,854.7000122070312,11700,0.0,0.0
2024-08-08 13:17:00+09:00,854.5,856.0999755859375,854.5,856.0999755859375,6000,0.0,0.0
2024-08-08 13:18:00+09:00,856.0999755859375,856.7999877929688,854.7000122070312,856.7999877929688,7600,0.0,0.0
2024-08-08 13:19:00+09:00,856.7999877929688,856.7999877929688,854.0999755859375,854.7999877929688,6700,0.0,0.0
2024-08-08 13:20:00+09:00,854.7000122070312,855.0999755859375,854.2999877929688,855.0999755859375,2300,0.0,0.0
2024-08-08 13:21:00+09:00,855.2000122070312,855.5999755859375,854.2000122070312,854.7999877929688,5200,0.0,0.0
2024-08-08 13:22:00+09:00,854.5999755859375,854.7999877929688,854.2999877929688,854.7000122070312,1300,0.0,0.0
2024-08-08 13:23:00+09:00,854.7000122070312,856.0999755859375,854.7000122070312,855.7000122070312,6800,0.0,0.0
2024-08-08 13:24:00+09:00,856.0999755859375,856.7000122070312,856.0999755859375,856.5,4100,0.0,0.0
2024-08-08 13:25:00+09:00,856.4000244140625,856.9000244140625,855.7000122070312,855.7000122070312,7800,0.0,0.0
2024-08-08 13:26:00+09:00,855.7000122070312,856.9000244140625,855.5,856.9000244140625,4900,0.0,0.0
2024-08-08 13:27:00+09:00,857.0,857.2000122070312,855.5,855.7999877929688,7400,0.0,0.0
2024-08-08 13:28:00+09:00,855.4000244140625,855.5,854.5,855.2000122070312,4900,0.0,0.0
2024-08-08 13:29:00+09:00,855.0999755859375,855.2999877929688,854.2999877929688,854.9000244140625,4200,0.0,0.0
2024-08-08 13:30:00+09:00,855.0,855.2999877929688,854.5999755859375,855.0999755859375,4000,0.0,0.0
2024-08-08 13:31:00+09:00,854.9000244140625,855.7000122070312,854.9000244140625,855.7000122070312,4100,0.0,0.0
2024-08-08 13:32:00+09:00,855.7000122070312,855.7000122070312,854.9000244140625,855.2000122070312,4600,0.0,0.0
2024-08-08 13:33:00+09:00,854.7999877929688,856.2000122070312,854.2999877929688,855.7000122070312,15700,0.0,0.0
2024-08-08 13:34:00+09:00,855.9000244140625,856.7000122070312,855.5999755859375,856.4000244140625,6400,0.0,0.0
2024-08-08 13:35:00+09:00,856.2999877929688,857.2999877929688,856.2000122070312,856.5999755859375,5100,0.0,0.0
2024-08-08 13:36:00+09:00,857.0,857.0999755859375,854.4000244140625,855.0,20700,0.0,0.0
2024-08-08 13:37:00+09:00,854.5999755859375,854.5999755859375,853.0999755859375,853.2999877929688,4100,0.0,0.0
2024-08-08 13:38:00+09:00,853.2000122070312,853.7000122070312,853.0,853.7000122070312,5500,0.0,0.0
2024-08-08 13:39:00+09:00,853.2999877929688,853.2999877929688,852.0,852.2999877929688,5800,0.0,0.0
2024-08-08 13:40:00+09:00,852.2000122070312,853.7000122070312,852.2000122070312,853.7000122070312,7700,0.0,0.0
2024-08-08 13:41:00+09:00,853.7000122070312,854.0999755859375,852.7999877929688,852.7999877929688,6100,0.0,0.0
2024-08-08 13:42:00+09:00,853.0,853.5,853.0,853.0,4600,0.0,0.0
2024-08-08 13:43:00+09:00,853.2000122070312,853.5,852.7999877929688,853.2999877929688,1800,0.0,0.0
2024-08-08 13:44:00+09:00,853.0999755859375,853.5,853.0999755859375,853.5,3100,0.0,0.0
2024-08-08 13:45:00+09:00,853.5999755859375,854.0,852.5,852.5,6800,0.0,0.0
2024-08-08 13:46:00+09:00,852.4000244140625,852.4000244140625,851.2999877929688,851.7000122070312,14200,0.0,0.0
2024-08-08 13:47:00+09:00,851.7999877929688,851.9000244140625,850.0999755859375,850.9000244140625,9500,0.0,0.0
2024-08-08 13:48:00+09:00,850.4000244140625,851.2999877929688,850.4000244140625,850.7000122070312,5000,0.0,0.0
2024-08-08 13:49:00+09:00,850.5,850.7999877929688,850.0999755859375,850.7999877929688,4100,0.0,0.0
2024-08-08 13:50:00+09:00,850.4000244140625,851.2000122070312,850.2000122070312,851.2000122070312,7200,0.0,0.0
2024-08-08 13:51:00+09:00,851.2000122070312,851.5,851.0,851.2000122070312,3500,0.0,0.0
2024-08-08 13:52:00+09:00,851.5999755859375,852.0999755859375,850.7000122070312,851.0999755859375,12500,0.0,0.0
2024-08-08 13:53:00+09:00,851.0999755859375,851.2999877929688,850.4000244140625,850.5,7200,0.0,0.0
2024-08-08 13:54:00+09:00,850.9000244140625,851.5,850.9000244140625,851.5,3000,0.0,0.0
2024-08-08 13:55:00+09:00,851.2999877929688,852.4000244140625,851.0,852.0999755859375,5500,0.0,0.0
2024-08-08 13:56:00+09:00,852.0999755859375,852.2000122070312,852.0999755859375,852.2000122070312,400,0.0,0.0
2024-08-08 13:57:00+09:00,851.9000244140625,852.2999877929688,851.9000244140625,852.2999877929688,5500,0.0,0.0
2024-08-08 13:58:00+09:00,852.2000122070312,852.2000122070312,851.5999755859375,852.0,1900,0.0,0.0
2024-08-08 13:59:00+09:00,852.0999755859375,853.5,852.0999755859375,853.5,4500,0.0,0.0
2024-08-08 14:00:00+09:00,853.9000244140625,855.0,853.0,853.0,11000,0.0,0.0
2024-08-08 14:01:00+09:00,853.4000244140625,855.7000122070312,853.4000244140625,855.4000244140625,5400,0.0,0.0
2024-08-08 14:02:00+09:00,855.2000122070312,855.7999877929688,855.0,855.5,3400,0.0,0.0
2024-08-08 14:03:00+09:00,855.9000244140625,856.0999755859375,855.2999877929688,855.9000244140625,8500,0.0,0.0
2024-08-08 14:04:00+09:00,855.5,855.5,854.7000122070312,854.9000244140625,7500,0.0,0.0
2024-08-08 14:05:00+09:00,855.5,856.0,855.2999877929688,855.4000244140625,3600,0.0,0.0
2024-08-08 14:06:00+09:00,855.2999877929688,855.2999877929688,853.0999755859375,853.7000122070312,4900,0.0,0.0
2024-08-08 14:07:00+09:00,853.7999877929688,854.9000244140625,853.7999877929688,854.7000122070312,4800,0.0,0.0
2024-08-08 14:08:00+09:00,855.0,855.7999877929688,854.5999755859375,855.7999877929688,16900,0.0,0.0
2024-08-08 14:09:00+09:00,855.9000244140625,856.5,854.9000244140625,855.5999755859375,7500,0.0,0.0
2024-08-08 14:10:00+09:00,855.4000244140625,856.7999877929688,855.4000244140625,856.4000244140625,4800,0.0,0.0
2024-08-08 14:11:00+09:00,856.2999877929688,856.7999877929688,856.0,856.5,4400,0.0,0.0
2024-08-08 14:12:00+09:00,856.2999877929688,856.5999755859375,856.0999755859375,856.0999755859375,2300,0.0,0.0
2024-08-08 14:13:00+09:00,856.5,856.5999755859375,854.2999877929688,854.5,3800,0.0,0.0
2024-08-08 14:14:00+09:00,854.5999755859375,855.0999755859375,854.5999755859375,855.0999755859375,3200,0.0,0.0
2024-08-08 14:15:00+09:00,855.4000244140625,855.7000122070312,855.2999877929688,855.7000122070312,2700,0.0,0.0
2024-08-08 14:16:00+09:00,855.7000122070312,855.9000244140625,854.2000122070312,854.5999755859375,13400,0.0,0.0
2024-08-08 14:17:00+09:00,854.9000244140625,855.0,854.4000244140625,855.0,5800,0.0,0.0
2024-08-08 14:18:00+09:00,854.7999877929688,854.7999877929688,854.4000244140625,854.5999755859375,1600,0.0,0.0
2024-08-08 14:19:00+09:00,854.4000244140625,854.4000244140625,852.5999755859375,853.5999755859375,10300,0.0,0.0
2024-08-08 14:20:00+09:00,853.5,853.5,852.2999877929688,852.9000244140625,6800,0.0,0.0
2024-08-08 14:21:00+09:00,853.0999755859375,853.2999877929688,852.0,852.7000122070312,5400,0.0,0.0
2024-08-08 14:22:00+09:00,852.5999755859375,853.0999755859375,852.0999755859375,852.2999877929688,8400,0.0,0.0
2024-08-08 14:23:00+09:00,852.4000244140625,853.2999877929688,852.4000244140625,852.9000244140625,6800,0.0,0.0
2024-08-08 14:24:00+09:00,853.2999877929688,853.2999877929688,851.0,851.0,13300,0.0,0.0
2024-08-08 14:25:00+09:00,851.4000244140625,852.9000244140625,851.4000244140625,852.7999877929688,6200,0.0,0.0
2024-08-08 14:26:00+09:00,852.9000244140625,853.5999755859375,851.9000244140625,851.9000244140625,7300,0.0,0.0
2024-08-08 14:27:00+09:00,851.9000244140625,851.9000244140625,850.5,850.5999755859375,7000,0.0,0.0
2024-08-08 14:28:00+09:00,851.0,851.5999755859375,850.5999755859375,851.5999755859375,4000,0.0,0.0
2024-08-08 14:29:00+09:00,851.5999755859375,852.2000122070312,851.5999755859375,852.2000122070312,3400,0.0,0.0
2024-08-08 14:30:00+09:00,852.2999877929688,854.2999877929688,852.2999877929688,854.2999877929688,7500,0.0,0.0
2024-08-08 14:31:00+09:00,854.5,854.7000122070312,854.0999755859375,854.2999877929688,5300,0.0,0.0
2024-08-08 14:32:00+09:00,854.2999877929688,854.4000244140625,853.4000244140625,854.2999877929688,7700,0.0,0.0
2024-08-08 14:33:00+09:00,853.9000244140625,854.2000122070312,853.2000122070312,853.7999877929688,6600,0.0,0.0
2024-08-08 14:34:00+09:00,853.5,853.5,851.0999755859375,851.9000244140625,7600,0.0,0.0
2024-08-08 14:35:00+09:00,851.9000244140625,852.2000122070312,851.0,852.2000122070312,7400,0.0,0.0
2024-08-08 14:36:00+09:00,851.9000244140625,851.9000244140625,850.4000244140625,850.9000244140625,57600,0.0,0.0
2024-08-08 14:37:00+09:00,850.9000244140625,851.5999755859375,850.9000244140625,851.0999755859375,9700,0.0,0.0
2024-08-08 14:38:00+09:00,851.4000244140625,851.4000244140625,850.4000244140625,850.7999877929688,7600,0.0,0.0
2024-08-08 14:39:00+09:00,850.7999877929688,850.9000244140625,848.5,848.5,90300,0.0,0.0
2024-08-08 14:40:00+09:00,848.9000244140625,849.0999755859375,847.2999877929688,847.5,21900,0.0,0.0
2024-08-08 14:41:00+09:00,847.9000244140625,849.0999755859375,847.4000244140625,848.5999755859375,12400,0.0,0.0
2024-08-08 14:42:00+09:00,848.2000122070312,849.0999755859375,847.0999755859375,848.5999755859375,37500,0.0,0.0
2024-08-08 14:43:00+09:00,849.0,849.2999877929688,847.5,847.5,12700,0.0,0.0
2024-08-08 14:44:00+09:00,847.9000244140625,847.9000244140625,846.2000122070312,846.2000122070312,15400,0.0,0.0
2024-08-08 14:45:00+09:00,846.5999755859375,847.5,846.0999755859375,846.7999877929688,22200,0.0,0.0
2024-08-08 14:46:00+09:00,846.9000244140625,846.9000244140625,845.4000244140625,846.2999877929688,13800,0.0,0.0
2024-08-08 14:47:00+09:00,846.2000122070312,847.0999755859375,846.0,846.5999755859375,12200,0.0,0.0
2024-08-08 14:48:00+09:00,846.4000244140625,847.4000244140625,846.0,847.4000244140625,12200,0.0,0.0
2024-08-08 14:49:00+09:00,847.5,848.2000122070312,846.7999877929688,847.2999877929688,16600,0.0,0.0
2024-08-08 14:50:00+09:00,847.2999877929688,847.2999877929688,845.2999877929688,845.4000244140625,33500,0.0,0.0
2024-08-08 14:51:00+09:00,845.2000122070312,845.4000244140625,844.0,844.5,23600,0.0,0.0
2024-08-08 14:52:00+09:00,844.0999755859375,846.0,844.0,846.0,20600,0.0,0.0
2024-08-08 14:53:00+09:00,846.0999755859375,847.0999755859375,845.7000122070312,847.0999755859375,15500,0.0,0.0
2024-08-08 14:54:00+09:00,846.9000244140625,847.7000122070312,845.7999877929688,846.7000122070312,16900,0.0,0.0
2024-08-08 14:55:00+09:00,846.7999877929688,847.4000244140625,846.5,847.2999877929688,22900,0.0,0.0
2024-08-08 14:56:00+09:00,847.4000244140625,848.5,847.2000122070312,848.2999877929688,25000,0.0,0.0
2024-08-08 14:57:00+09:00,848.2999877929688,848.5,847.2000122070312,848.2999877929688,28300,0.0,0.0
2024-08-08 14:58:00+09:00,848.4000244140625,848.9000244140625,848.0,848.5999755859375,13100,0.0,0.0
2024-08-08 14:59:00+09:00,848.5,848.7999877929688,843.7999877929688,845.5,66900,0.0,0.0
2024-08-09 09:06:00+09:00,879.0,891.0,875.5999755859375,891.0,1117700,0.0,0.0
2024-08-09 09:07:00+09:00,891.0999755859375,904.0,891.0,901.0,90900,0.0,0.0
2024-08-09 09:08:00+09:00,901.7999877929688,902.0999755859375,897.0999755859375,902.0999755859375,56800,0.0,0.0
2024-08-09 09:09:00+09:00,900.9000244140625,904.7999877929688,898.2999877929688,898.2999877929688,28400,0.0,0.0
2024-08-09 09:10:00+09:00,899.5999755859375,899.5999755859375,893.5,895.2999877929688,24400,0.0,0.0
2024-08-09 09:11:00+09:00,895.5,897.0999755859375,893.5,893.5999755859375,18900,0.0,0.0
2024-08-09 09:12:00+09:00,893.5999755859375,893.5999755859375,888.0999755859375,892.5999755859375,36000,0.0,0.0
2024-08-09 09:13:00+09:00,892.4000244140625,893.7000122070312,891.4000244140625,891.4000244140625,37100,0.0,0.0
2024-08-09 09:14:00+09:00,891.2999877929688,893.0,889.5999755859375,891.4000244140625,15700,0.0,0.0
2024-08-09 09:15:00+09:00,892.2999877929688,892.4000244140625,885.5,889.0999755859375,62200,0.0,0.0
2024-08-09 09:16:00+09:00,889.5999755859375,889.7999877929688,887.2000122070312,889.7999877929688,9300,0.0,0.0
2024-08-09 09:17:00+09:00,890.0,891.7999877929688,888.7000122070312,891.7999877929688,10700,0.0,0.0
2024-08-09 09:18:00+09:00,891.2000122070312,894.0999755859375,890.2999877929688,893.7000122070312,14900,0.0,0.0
2024-08-09 09:19:00+09:00,894.0,896.5999755859375,892.7999877929688,895.4000244140625,16100,0.0,0.0
2024-08-09 09:20:00+09:00,895.0999755859375,895.0999755859375,887.5999755859375,888.5,15400,0.0,0.0
2024-08-09 09:21:00+09:00,889.2000122070312,892.2000122070312,888.5,891.2999877929688,8900,0.0,0.0
2024-08-09 09:22:00+09:00,891.5999755859375,891.7999877929688,889.5,891.2000122070312,6600,0.0,0.0
2024-08-09 09:23:00+09:00,890.7000122070312,892.7999877929688,890.0,892.7999877929688,9000,0.0,0.0
2024-08-09 09:24:00+09:00,892.2999877929688,892.2999877929688,889.0,889.7000122070312,5500,0.0,0.0
2024-08-09 09:25:00+09:00,889.9000244140625,892.4000244140625,889.0,891.2000122070312,8500,0.0,0.0
2024-08-09 09:26:00+09:00,891.2000122070312,892.0999755859375,889.4000244140625,892.0999755859375,9000,0.0,0.0
2024-08-09 09:27:00+09:00,891.4000244140625,893.2999877929688,891.2000122070312,891.9000244140625,11200,0.0,0.0
2024-08-09 09:28:00+09:00,892.0999755859375,893.0,891.2000122070312,892.7000122070312,6800,0.0,0.0
2024-08-09 09:29:00+09:00,892.4000244140625,893.0,890.2999877929688,890.5999755859375,12000,0.0,0.0
2024-08-09 09:30:00+09:00,890.2000122070312,895.2999877929688,889.2000122070312,895.2999877929688,14100,0.0,0.0
2024-08-09 09:31:00+09:00,894.7000122070312,899.2999877929688,894.7000122070312,899.2999877929688,13000,0.0,0.0
2024-08-09 09:32:00+09:00,898.7999877929688,898.7999877929688,894.9000244140625,896.7000122070312,21400,0.0,0.0
2024-08-09 09:33:00+09:00,896.2999877929688,898.0999755859375,895.0,895.0,15300,0.0,0.0
2024-08-09 09:34:00+09:00,894.0999755859375,895.7999877929688,892.5999755859375,894.7999877929688,13800,0.0,0.0
2024-08-09 09:35:00+09:00,895.5,896.2000122070312,892.4000244140625,893.7000122070312,22600,0.0,0.0
2024-08-09 09:36:00+09:00,893.7999877929688,894.7999877929688,892.7999877929688,894.5,20800,0.0,0.0
2024-08-09 09:37:00+09:00,894.7000122070312,895.5999755859375,892.7000122070312,892.7999877929688,96900,0.0,0.0
2024-08-09 09:38:00+09:00,892.2999877929688,892.4000244140625,887.5999755859375,887.5999755859375,53800,0.0,0.0
2024-08-09 09:39:00+09:00,887.5999755859375,889.5999755859375,887.4000244140625,887.9000244140625,22900,0.0,0.0
2024-08-09 09:40:00+09:00,887.5,889.4000244140625,887.2000122070312,888.4000244140625,14600,0.0,0.0
2024-08-09 09:41:00+09:00,888.7000122070312,890.7000122070312,888.2000122070312,890.2000122070312,10300,0.0,0.0
2024-08-09 09:42:00+09:00,889.7999877929688,890.0,886.9000244140625,886.9000244140625,22000,0.0,0.0
2024-08-09 09:43:00+09:00,886.7000122070312,886.7000122070312,885.9000244140625,885.9000244140625,1900,0.0,0.0
2024-08-09 09:44:00+09:00,889.5,891.4000244140625,888.2000122070312,890.7000122070312,24800,0.0,0.0
2024-08-09 09:45:00+09:00,891.2000122070312,891.2000122070312,889.2999877929688,891.0,8700,0.0,0.0
2024-08-09 09:46:00+09:00,891.2000122070312,891.7999877929688,890.4000244140625,891.5999755859375,9500,0.0,0.0
2024-08-09 09:47:00+09:00,891.4000244140625,894.0999755859375,891.2999877929688,893.0,26000,0.0,0.0
2024-08-09 09:48:00+09:00,892.9000244140625,894.0999755859375,892.5999755859375,893.2000122070312,7100,0.0,0.0
2024-08-09 09:49:00+09:00,893.0999755859375,893.0999755859375,891.5,892.2999877929688,15300,0.0,0.0
2024-08-09 09:50:00+09:00,892.2999877929688,893.9000244140625,891.9000244140625,893.4000244140625,9900,0.0,0.0
2024-08-09 09:51:00+09:00,893.2000122070312,895.2999877929688,892.7000122070312,893.5999755859375,28400,0.0,0.0
2024-08-09 09:52:00+09:00,894.2999877929688,896.0,894.2999877929688,895.4000244140625,9000,0.0,0.0
2024-08-09 09:53:00+09:00,895.7999877929688,895.7999877929688,894.2999877929688,895.5999755859375,12500,0.0,0.0
2024-08-09 09:54:00+09:00,895.5999755859375,898.5,894.5999755859375,898.0,50100,0.0,0.0
2024-08-09 09:55:00+09:00,897.7000122070312,899.0,897.2999877929688,898.7000122070312,19000,0.0,0.0
2024-08-09 09:56:00+09:00,899.2000122070312,900.2000122070312,898.2999877929688,900.0,28300,0.0,0.0
2024-08-09 09:57:00+09:00,898.2999877929688,898.5,898.2999877929688,898.4000244140625,19900,0.0,0.0
2024-08-09 09:58:00+09:00,898.4000244140625,898.7999877929688,897.5,898.2999877929688,13900,0.0,0.0
2024-08-09 09:59:00+09:00,897.9000244140625,898.0999755859375,897.0,897.5,31500,0.0,0.0
2024-08-09 10:00:00+09:00,897.5,898.2000122070312,894.0999755859375,895.5999755859375,57900,0.0,0.0
2024-08-09 10:01:00+09:00,895.7000122070312,896.2000122070312,895.2000122070312,895.9000244140625,6600,0.0,0.0
2024-08-09 10:02:00+09:00,896.2999877929688,896.2999877929688,893.2000122070312,893.5,8100,0.0,0.0
2024-08-09 10:03:00+09:00,893.5,893.5,891.7000122070312,892.9000244140625,9000,0.0,0.0
2024-08-09 10:04:00+09:00,893.2999877929688,895.7000122070312,893.2999877929688,895.5999755859375,5800,0.0,0.0
2024-08-09 10:05:00+09:00,895.4000244140625,895.4000244140625,894.0999755859375,895.0999755859375,11800,0.0,0.0
2024-08-09 10:06:00+09:00,895.5,896.0,894.0,894.7999877929688,12200,0.0,0.0
2024-08-09 10:07:00+09:00,894.4000244140625,896.5,893.7000122070312,894.9000244140625,11300,0.0,0.0
2024-08-09 10:08:00+09:00,895.2000122070312,895.5999755859375,893.0,894.5999755859375,16500,0.0,0.0
2024-08-09 10:09:00+09:00,895.0999755859375,897.0999755859375,894.5,897.0999755859375,7200,0.0,0.0
2024-08-09 10:10:00+09:00,897.2999877929688,897.7000122070312,895.2999877929688,895.5999755859375,15200,0.0,0.0
2024-08-09 10:11:00+09:00,895.7999877929688,897.2999877929688,895.5999755859375,897.0,5700,0.0,0.0
2024-08-09 10:12:00+09:00,896.5999755859375,896.5999755859375,892.9000244140625,892.9000244140625,14800,0.0,0.0
2024-08-09 10:13:00+09:00,892.7999877929688,892.7999877929688,890.4000244140625,891.2999877929688,26100,0.0,0.0
2024-08-09 10:14:00+09:00,891.5999755859375,892.2000122070312,890.0,891.5,21100,0.0,0.0
2024-08-09 10:15:00+09:00,891.5,892.0999755859375,891.5,891.9000244140625,6500,0.0,0.0
2024-08-09 10:16:00+09:00,891.9000244140625,894.7999877929688,891.9000244140625,893.5999755859375,19300,0.0,0.0
2024-08-09 10:17:00+09:00,893.7999877929688,897.2000122070312,893.7999877929688,897.0,15700,0.0,0.0
2024-08-09 10:18:00+09:00,897.0999755859375,897.0999755859375,893.5999755859375,894.5999755859375,11100,0.0,0.0
2024-08-09 10:19:00+09:00,895.0,895.2999877929688,891.2999877929688,891.2999877929688,9200,0.0,0.0
2024-08-09 10:20:00+09:00,891.4000244140625,891.5999755859375,891.0,891.0999755859375,8700,0.0,0.0
2024-08-09 10:21:00+09:00,890.9000244140625,891.2000122070312,890.0,891.2000122070312,22000,0.0,0.0
2024-08-09 10:22:00+09:00,891.2000122070312,892.0,890.7000122070312,890.7000122070312,10900,0.0,0.0
2024-08-09 10:23:00+09:00,891.0,891.0,889.2000122070312,890.0,12900,0.0,0.0
2024-08-09 10:24:00+09:00,890.0,890.4000244140625,888.7000122070312,888.7000122070312,9900,0.0,0.0
2024-08-09 10:25:00+09:00,888.9000244140625,891.2999877929688,888.9000244140625,891.2999877929688,13200,0.0,0.0
2024-08-09 10:26:00+09:00,891.0,891.0,890.0,890.0999755859375,18800,0.0,0.0
2024-08-09 10:27:00+09:00,889.7000122070312,892.0999755859375,888.7000122070312,890.2999877929688,21000,0.0,0.0
2024-08-09 10:28:00+09:00,890.2000122070312,890.7000122070312,890.0,890.0999755859375,7300,0.0,0.0
2024-08-09 10:29:00+09:00,890.4000244140625,890.5,889.2999877929688,890.2000122070312,10300,0.0,0.0
2024-08-09 10:30:00+09:00,890.2999877929688,891.0,886.2999877929688,887.2000122070312,47800,0.0,0.0
2024-08-09 10:31:00+09:00,887.7999877929688,889.2000122070312,886.9000244140625,889.2000122070312,7000,0.0,0.0
2024-08-09 10:32:00+09:00,889.2000122070312,889.5,888.4000244140625,888.9000244140625,12000,0.0,0.0
2024-08-09 10:33:00+09:00,888.9000244140625,888.9000244140625,887.0,887.0,8100,0.0,0.0
2024-08-09 10:34:00+09:00,887.0,887.7000122070312,885.0999755859375,887.5,10700,0.0,0.0
2024-08-09 10:35:00+09:00,887.7000122070312,888.0999755859375,884.0,885.0,76800,0.0,0.0
2024-08-09 10:36:00+09:00,885.0,885.7999877929688,884.5,885.0,13100,0.0,0.0
2024-08-09 10:37:00+09:00,884.7000122070312,885.2999877929688,884.5999755859375,885.0,9400,0.0,0.0
2024-08-09 10:38:00+09:00,884.7000122070312,885.4000244140625,884.7000122070312,885.0999755859375,30600,0.0,0.0
2024-08-09 10:39:00+09:00,885.0,885.0999755859375,884.0999755859375,884.7999877929688,15500,0.0,0.0
2024-08-09 10:40:00+09:00,885.0,885.2000122070312,884.5,884.7000122070312,12200,0.0,0.0
2024-08-09 10:41:00+09:00,884.5,888.5,883.0999755859375,888.5,19100,0.0,0.0
2024-08-09 10:42:00+09:00,888.5999755859375,890.2999877929688,888.5,888.5,10400,0.0,0.0
2024-08-09 10:43:00+09:00,887.9000244140625,889.5999755859375,887.2999877929688,887.7000122070312,10100,0.0,0.0
2024-08-09 10:44:00+09:00,887.4000244140625,887.4000244140625,884.7999877929688,886.0,51100,0.0,0.0
2024-08-09 10:45:00+09:00,885.9000244140625,886.7999877929688,885.2000122070312,886.2999877929688,8700,0.0,0.0
2024-08-09 10:46:00+09:00,886.5,887.0999755859375,885.9000244140625,886.7000122070312,14700,0.0,0.0
2024-08-09 10:47:00+09:00,886.7000122070312,888.2000122070312,886.7000122070312,887.9000244140625,10100,0.0,0.0
2024-08-09 10:48:00+09:00,888.2000122070312,888.4000244140625,887.4000244140625,887.9000244140625,9600,0.0,0.0
2024-08-09 10:49:00+09:00,888.2999877929688,888.7000122070312,887.4000244140625,887.7999877929688,12300,0.0,0.0
2024-08-09 10:50:00+09:00,887.7000122070312,888.5,887.2000122070312,887.2999877929688,16500,0.0,0.0
2024-08-09 10:51:00+09:00,887.5,887.5,885.2000122070312,885.4000244140625,12400,0.0,0.0
2024-08-09 10:52:00+09:00,885.4000244140625,885.7999877929688,884.5,885.5999755859375,14100,0.0,0.0
2024-08-09 10:53:00+09:00,885.4000244140625,886.9000244140625,885.4000244140625,886.9000244140625,5100,0.0,0.0
2024-08-09 10:54:00+09:00,887.0,888.7999877929688,886.7000122070312,888.7000122070312,6900,0.0,0.0
2024-08-09 10:55:00+09:00,888.5999755859375,888.5999755859375,886.9000244140625,887.2999877929688,23200,0.0,0.0
2024-08-09 10:56:00+09:00,887.5999755859375,889.9000244140625,887.5999755859375,889.9000244140625,7900,0.0,0.0
2024-08-09 10:57:00+09:00,889.4000244140625,889.4000244140625,887.7999877929688,887.9000244140625,17900,0.0,0.0
2024-08-09 10:58:00+09:00,888.2999877929688,888.4000244140625,885.7000122070312,885.7999877929688,11400,0.0,0.0
2024-08-09 10:59:00+09:00,886.0999755859375,886.5,885.7000122070312,885.7000122070312,8100,0.0,0.0
2024-08-09 11:00:00+09:00,885.7000122070312,886.0999755859375,884.0,884.0,15100,0.0,0.0
2024-08-09 11:01:00+09:00,884.0999755859375,885.0999755859375,883.9000244140625,884.0999755859375,7400,0.0,0.0
2024-08-09 11:02:00+09:00,883.7999877929688,884.9000244140625,883.7999877929688,884.9000244140625,4600,0.0,0.0
2024-08-09 11:03:00+09:00,884.9000244140625,885.2999877929688,883.7999877929688,883.7999877929688,11400,0.0,0.0
2024-08-09 11:04:00+09:00,883.7000122070312,884.7999877929688,883.7000122070312,884.0999755859375,8100,0.0,0.0
2024-08-09 11:05:00+09:00,884.0,884.5999755859375,883.0,883.7999877929688,14100,0.0,0.0
2024-08-09 11:06:00+09:00,883.7999877929688,884.2000122070312,883.0,883.9000244140625,8900,0.0,0.0
2024-08-09 11:07:00+09:00,884.0999755859375,885.2999877929688,883.9000244140625,885.0,8200,0.0,0.0
2024-08-09 11:08:00+09:00,885.2000122070312,885.2000122070312,883.5999755859375,884.4000244140625,9300,0.0,0.0
2024-08-09 11:09:00+09:00,884.4000244140625,886.0999755859375,884.4000244140625,886.0,5000,0.0,0.0
2024-08-09 11:10:00+09:00,886.0,886.0,884.5999755859375,885.5,9100,0.0,0.0
2024-08-09 11:11:00+09:00,885.2999877929688,886.0999755859375,884.7999877929688,885.7000122070312,14200,0.0,0.0
2024-08-09 11:12:00+09:00,885.7999877929688,886.5,885.7000122070312,885.9000244140625,7500,0.0,0.0
2024-08-09 11:13:00+09:00,885.9000244140625,885.9000244140625,885.2999877929688,885.2999877929688,8300,0.0,0.0
2024-08-09 11:14:00+09:00,885.5,886.0999755859375,885.4000244140625,886.0999755859375,4200,0.0,0.0
2024-08-09 11:15:00+09:00,885.7999877929688,885.9000244140625,885.2999877929688,885.9000244140625,11600,0.0,0.0
2024-08-09 11:16:00+09:00,885.7000122070312,885.7000122070312,885.0,885.0,8000,0.0,0.0
2024-08-09 11:17:00+09:00,884.9000244140625,885.2000122070312,884.2000122070312,884.5,10100,0.0,0.0
2024-08-09 11:18:00+09:00,884.7000122070312,885.5999755859375,884.5,885.5999755859375,6600,0.0,0.0
2024-08-09 11:19:00+09:00,885.4000244140625,885.4000244140625,884.7000122070312,885.0999755859375,8500,0.0,0.0
2024-08-09 11:20:00+09:00,885.0,886.4000244140625,885.0,886.4000244140625,5400,0.0,0.0
2024-08-09 11:21:00+09:00,886.5,887.5999755859375,886.5,887.2000122070312,14100,0.0,0.0
2024-08-09 11:22:00+09:00,887.4000244140625,887.7000122070312,886.4000244140625,886.4000244140625,10200,0.0,0.0
2024-08-09 11:23:00+09:00,886.7000122070312,887.5999755859375,886.2999877929688,886.2999877929688,7900,0.0,0.0
2024-08-09 11:24:00+09:00,886.5999755859375,886.9000244140625,885.9000244140625,886.2999877929688,8000,0.0,0.0
2024-08-09 11:25:00+09:00,886.5,886.7999877929688,886.0999755859375,886.7000122070312,5900,0.0,0.0
2024-08-09 11:26:00+09:00,886.7999877929688,887.0,886.0,886.0999755859375,8200,0.0,0.0
2024-08-09 11:27:00+09:00,886.0,886.0,885.0,885.0,7800,0.0,0.0
2024-08-09 11:28:00+09:00,884.7999877929688,885.5999755859375,883.7999877929688,885.5999755859375,8100,0.0,0.0
2024-08-09 11:29:00+09:00,885.7000122070312,886.2000122070312,884.0999755859375,884.0999755859375,6600,0.0,0.0
2024-08-09 11:30:00+09:00,884.7000122070312,884.7000122070312,884.7000122070312,884.7000122070312,6900,0.0,0.0
2024-08-09 11:35:00+09:00,884.7000122070312,884.7000122070312,884.7000122070312,884.7000122070312,0,0.0,0.0
2024-08-09 12:30:00+09:00,890.5,891.0,885.0999755859375,891.0,3559200,0.0,0.0
2024-08-09 12:31:00+09:00,891.0,891.5,890.0,890.5999755859375,18000,0.0,0.0
2024-08-09 12:32:00+09:00,890.5999755859375,891.0999755859375,890.0999755859375,891.0999755859375,10800,0.0,0.0
2024-08-09 12:33:00+09:00,891.0999755859375,891.7000122070312,889.5999755859375,889.5999755859375,25600,0.0,0.0
2024-08-09 12:34:00+09:00,889.9000244140625,891.5,889.4000244140625,891.2999877929688,13600,0.0,0.0
2024-08-09 12:35:00+09:00,890.9000244140625,891.0999755859375,889.7000122070312,889.7999877929688,16900,0.0,0.0
2024-08-09 12:36:00+09:00,889.7000122070312,889.7000122070312,888.0,888.0,17300,0.0,0.0
2024-08-09 12:37:00+09:00,888.2000122070312,890.0,888.2000122070312,889.0999755859375,16200,0.0,0.0
2024-08-09 12:38:00+09:00,889.2000122070312,889.5,887.7000122070312,887.9000244140625,15200,0.0,0.0
2024-08-09 12:39:00+09:00,887.7000122070312,888.4000244140625,887.2999877929688,888.2000122070312,17500,0.0,0.0
2024-08-09 12:40:00+09:00,888.4000244140625,888.4000244140625,886.9000244140625,886.9000244140625,9700,0.0,0.0
2024-08-09 12:41:00+09:00,887.2000122070312,887.5999755859375,886.2000122070312,887.5999755859375,14500,0.0,0.0
2024-08-09 12:42:00+09:00,887.4000244140625,887.7000122070312,886.7999877929688,887.2999877929688,11200,0.0,0.0
2024-08-09 12:43:00+09:00,887.2000122070312,888.4000244140625,886.7999877929688,888.2999877929688,5300,0.0,0.0
2024-08-09 12:44:00+09:00,888.5,889.2999877929688,888.5,889.2999877929688,5600,0.0,0.0
2024-08-09 12:45:00+09:00,889.2999877929688,889.5,886.7999877929688,886.7999877929688,24800,0.0,0.0
2024-08-09 12:46:00+09:00,886.5,886.9000244140625,885.4000244140625,885.5999755859375,14200,0.0,0.0
2024-08-09 12:47:00+09:00,885.5999755859375,886.7000122070312,885.0,885.9000244140625,12500,0.0,0.0
2024-08-09 12:48:00+09:00,885.9000244140625,886.5,884.7999877929688,886.5,6800,0.0,0.0
2024-08-09 12:49:00+09:00,886.5999755859375,886.5999755859375,885.0999755859375,885.4000244140625,10500,0.0,0.0
2024-08-09 12:50:00+09:00,885.5999755859375,886.0999755859375,885.2999877929688,886.0999755859375,3800,0.0,0.0
2024-08-09 12:51:00+09:00,886.2999877929688,886.5999755859375,885.4000244140625,885.5999755859375,11200,0.0,0.0
2024-08-09 12:52:00+09:00,885.7000122070312,885.7000122070312,884.0999755859375,884.2000122070312,9200,0.0,0.0
2024-08-09 12:53:00+09:00,884.2000122070312,885.4000244140625,884.0,884.7999877929688,9300,0.0,0.0
2024-08-09 12:54:00+09:00,885.0,885.2999877929688,884.7999877929688,884.7999877929688,1900,0.0,0.0
2024-08-09 12:55:00+09:00,884.7999877929688,884.7999877929688,884.2000122070312,884.7999877929688,10100,0.0,0.0
2024-08-09 12:56:00+09:00,884.7999877929688,884.9000244140625,883.0999755859375,883.4000244140625,12900,0.0,0.0
2024-08-09 12:57:00+09:00,883.5,883.7999877929688,883.2000122070312,883.2000122070312,4500,0.0,0.0
2024-08-09 12:58:00+09:00,883.5,883.5999755859375,882.9000244140625,883.2999877929688,9700,0.0,0.0
2024-08-09 12:59:00+09:00,883.7000122070312,883.7000122070312,883.0,883.0,5800,0.0,0.0
2024-08-09 13:00:00+09:00,883.2000122070312,883.9000244140625,883.2000122070312,883.7999877929688,10200,0.0,0.0
2024-08-09 13:01:00+09:00,883.7999877929688,884.0,883.5,883.9000244140625,4900,0.0,0.0
2024-08-09 13:02:00+09:00,884.0,884.9000244140625,884.0,884.2999877929688,13300,0.0,0.0
2024-08-09 13:03:00+09:00,884.0999755859375,884.5,884.0,884.2000122070312,6300,0.0,0.0
2024-08-09 13:04:00+09:00,884.2999877929688,884.7000122070312,884.2999877929688,884.7000122070312,2300,0.0,0.0
2024-08-09 13:05:00+09:00,884.5999755859375,885.5999755859375,884.0999755859375,885.2000122070312,14900,0.0,0.0
2024-08-09 13:06:00+09:00,885.2999877929688,887.5,885.2999877929688,887.2000122070312,4900,0.0,0.0
2024-08-09 13:07:00+09:00,887.0999755859375,887.2999877929688,886.5,886.5,8900,0.0,0.0
2024-08-09 13:08:00+09:00,886.7999877929688,887.2999877929688,886.5999755859375,886.9000244140625,4500,0.0,0.0
2024-08-09 13:09:00+09:00,886.7999877929688,886.7999877929688,886.5,886.7999877929688,5700,0.0,0.0
2024-08-09 13:10:00+09:00,886.7000122070312,887.2000122070312,886.5999755859375,887.2000122070312,5900,0.0,0.0
2024-08-09 13:11:00+09:00,887.2000122070312,887.7000122070312,887.0,887.0,10300,0.0,0.0
2024-08-09 13:12:00+09:00,886.9000244140625,887.7999877929688,886.7000122070312,887.7999877929688,5100,0.0,0.0
2024-08-09 13:13:00+09:00,887.4000244140625,887.5999755859375,886.2999877929688,886.2999877929688,14700,0.0,0.0
2024-08-09 13:14:00+09:00,886.4000244140625,886.4000244140625,883.7999877929688,885.2000122070312,13100,0.0,0.0
2024-08-09 13:15:00+09:00,885.2999877929688,886.5999755859375,885.0999755859375,886.5999755859375,2300,0.0,0.0
2024-08-09 13:16:00+09:00,886.2999877929688,886.2999877929688,885.9000244140625,886.0,7200,0.0,0.0
2024-08-09 13:17:00+09:00,885.7999877929688,886.7000122070312,885.7999877929688,886.7000122070312,6600,0.0,0.0
2024-08-09 13:18:00+09:00,886.5,886.5999755859375,885.9000244140625,886.5,8900,0.0,0.0
2024-08-09 13:19:00+09:00,886.4000244140625,886.5,885.7999877929688,886.5,5600,0.0,0.0
2024-08-09 13:20:00+09:00,886.2999877929688,886.2999877929688,885.2000122070312,885.5999755859375,11900,0.0,0.0
2024-08-09 13:21:00+09:00,885.7999877929688,886.0,885.2999877929688,885.2999877929688,6200,0.0,0.0
2024-08-09 13:22:00+09:00,885.5999755859375,886.0999755859375,885.2999877929688,885.7999877929688,15300,0.0,0.0
2024-08-09 13:23:00+09:00,885.9000244140625,885.9000244140625,884.7000122070312,885.0999755859375,17300,0.0,0.0
2024-08-09 13:24:00+09:00,885.0,885.5,884.9000244140625,884.9000244140625,7600,0.0,0.0
2024-08-09 13:25:00+09:00,884.9000244140625,885.5999755859375,884.7000122070312,885.5,8000,0.0,0.0
2024-08-09 13:26:00+09:00,885.7000122070312,885.7000122070312,884.0999755859375,884.2000122070312,12700,0.0,0.0
2024-08-09 13:27:00+09:00,884.2000122070312,884.7000122070312,882.0999755859375,882.2999877929688,15500,0.0,0.0
2024-08-09 13:28:00+09:00,882.2000122070312,882.7999877929688,881.0999755859375,881.5999755859375,16400,0.0,0.0
2024-08-09 13:29:00+09:00,881.7000122070312,881.7999877929688,880.5,881.0,11000,0.0,0.0
2024-08-09 13:30:00+09:00,880.5,881.0999755859375,879.4000244140625,880.7999877929688,13200,0.0,0.0
2024-08-09 13:31:00+09:00,881.0999755859375,881.9000244140625,881.0,881.5,12900,0.0,0.0
2024-08-09 13:32:00+09:00,881.2000122070312,881.9000244140625,881.0999755859375,881.0999755859375,8000,0.0,0.0
2024-08-09 13:33:00+09:00,881.4000244140625,882.2000122070312,881.0,881.7999877929688,8800,0.0,0.0
2024-08-09 13:34:00+09:00,882.0999755859375,882.0999755859375,881.2999877929688,881.7000122070312,6500,0.0,0.0
2024-08-09 13:35:00+09:00,881.7999877929688,882.0999755859375,880.5,880.5,8600,0.0,0.0
2024-08-09 13:36:00+09:00,880.5,882.0,880.5,881.7999877929688,5900,0.0,0.0
2024-08-09 13:37:00+09:00,882.0,882.0,881.2999877929688,881.7999877929688,6800,0.0,0.0
2024-08-09 13:38:00+09:00,881.7999877929688,881.7999877929688,879.7000122070312,880.0999755859375,15400,0.0,0.0
2024-08-09 13:39:00+09:00,880.5,880.7999877929688,879.7000122070312,880.0,5600,0.0,0.0
2024-08-09 13:40:00+09:00,880.0,880.4000244140625,878.2999877929688,878.2999877929688,9900,0.0,0.0
2024-08-09 13:41:00+09:00,878.5,878.7000122070312,878.5,878.7000122070312,2100,0.0,0.0
2024-08-09 13:42:00+09:00,878.0,878.4000244140625,877.7000122070312,877.7999877929688,19500,0.0,0.0
2024-08-09 13:43:00+09:00,878.0999755859375,878.5,877.5999755859375,878.5,5600,0.0,0.0
2024-08-09 13:44:00+09:00,878.4000244140625,879.0,878.4000244140625,878.9000244140625,6000,0.0,0.0
2024-08-09 13:45:00+09:00,878.9000244140625,879.2999877929688,877.7999877929688,877.7999877929688,11800,0.0,0.0
2024-08-09 13:46:00+09:00,877.7000122070312,879.4000244140625,877.5,878.5,10900,0.0,0.0
2024-08-09 13:47:00+09:00,878.5,880.0999755859375,878.0,880.0999755859375,41000,0.0,0.0
2024-08-09 13:48:00+09:00,880.0,880.2000122070312,879.5999755859375,880.0,9300,0.0,0.0
2024-08-09 13:49:00+09:00,879.7000122070312,880.0,877.7000122070312,877.7000122070312,24700,0.0,0.0
2024-08-09 13:50:00+09:00,877.7999877929688,878.0,876.4000244140625,876.9000244140625,9800,0.0,0.0
2024-08-09 13:51:00+09:00,876.5999755859375,876.9000244140625,876.0999755859375,876.7999877929688,8900,0.0,0.0
2024-08-09 13:52:00+09:00,876.9000244140625,877.0999755859375,875.9000244140625,876.2000122070312,10800,0.0,0.0
2024-08-09 13:53:00+09:00,876.0,876.0,874.4000244140625,874.4000244140625,6700,0.0,0.0
2024-08-09 13:54:00+09:00,874.2999877929688,874.4000244140625,873.5999755859375,874.2999877929688,9300,0.0,0.0
2024-08-09 13:55:00+09:00,874.2999877929688,874.9000244140625,873.7000122070312,873.7000122070312,7800,0.0,0.0
2024-08-09 13:56:00+09:00,873.7000122070312,874.2000122070312,873.4000244140625,873.9000244140625,12000,0.0,0.0
2024-08-09 13:57:00+09:00,873.9000244140625,873.9000244140625,871.7000122070312,871.9000244140625,13000,0.0,0.0
2024-08-09 13:58:00+09:00,871.7999877929688,872.7000122070312,871.7999877929688,872.2000122070312,10100,0.0,0.0
2024-08-09 13:59:00+09:00,872.0,872.5999755859375,871.7999877929688,872.4000244140625,9500,0.0,0.0
2024-08-09 14:00:00+09:00,872.4000244140625,873.7000122070312,872.4000244140625,873.5,11500,0.0,0.0
2024-08-09 14:01:00+09:00,873.2999877929688,874.2999877929688,873.2999877929688,873.5999755859375,12700,0.0,0.0
2024-08-09 14:02:00+09:00,873.7999877929688,875.5,873.7999877929688,875.0,10200,0.0,0.0
2024-08-09 14:03:00+09:00,875.0,876.0999755859375,875.0,875.5999755859375,9800,0.0,0.0
2024-08-09 14:04:00+09:00,875.5,875.5,873.5999755859375,874.9000244140625,11800,0.0,0.0
2024-08-09 14:05:00+09:00,875.0,876.2000122070312,874.5999755859375,875.5,10100,0.0,0.0
2024-08-09 14:06:00+09:00,875.7999877929688,877.4000244140625,875.7000122070312,876.9000244140625,10100,0.0,0.0
2024-08-09 14:07:00+09:00,876.7999877929688,878.0,876.5,878.0,10600,0.0,0.0
2024-08-09 14:08:00+09:00,878.0999755859375,878.4000244140625,877.2000122070312,877.5999755859375,7500,0.0,0.0
2024-08-09 14:09:00+09:00,877.7999877929688,879.9000244140625,877.7999877929688,879.7999877929688,11300,0.0,0.0
2024-08-09 14:10:00+09:00,879.7999877929688,880.7999877929688,879.7999877929688,880.7999877929688,12100,0.0,0.0
2024-08-09 14:11:00+09:00,880.7999877929688,881.5999755859375,880.2999877929688,880.5,15000,0.0,0.0
2024-08-09 14:12:00+09:00,880.5999755859375,883.0,880.2000122070312,883.0,5100,0.0,0.0
2024-08-09 14:13:00+09:00,883.4000244140625,885.2000122070312,883.2999877929688,883.9000244140625,13900,0.0,0.0
2024-08-09 14:14:00+09:00,883.9000244140625,884.2999877929688,883.0,883.0999755859375,8400,0.0,0.0
2024-08-09 14:15:00+09:00,882.9000244140625,884.0999755859375,882.4000244140625,884.0999755859375,7600,0.0,0.0
2024-08-09 14:16:00+09:00,884.4000244140625,886.0999755859375,884.4000244140625,886.0999755859375,5900,0.0,0.0
2024-08-09 14:17:00+09:00,886.0999755859375,886.2000122070312,884.7000122070312,885.7000122070312,9800,0.0,0.0
2024-08-09 14:18:00+09:00,885.5,885.5,884.5,885.0,8800,0.0,0.0
2024-08-09 14:19:00+09:00,884.9000244140625,885.0999755859375,884.0999755859375,884.7000122070312,7800,0.0,0.0
2024-08-09 14:20:00+09:00,884.7000122070312,885.7999877929688,884.5999755859375,885.5999755859375,8500,0.0,0.0
2024-08-09 14:21:00+09:00,885.5999755859375,885.5999755859375,883.0999755859375,884.0,12400,0.0,0.0
2024-08-09 14:22:00+09:00,884.0,884.2999877929688,883.5999755859375,884.0999755859375,7100,0.0,0.0
2024-08-09 14:23:00+09:00,884.0999755859375,885.7999877929688,884.0999755859375,885.7999877929688,9500,0.0,0.0
2024-08-09 14:24:00+09:00,885.7000122070312,885.9000244140625,885.4000244140625,885.5999755859375,8100,0.0,0.0
2024-08-09 14:25:00+09:00,885.9000244140625,887.7999877929688,885.9000244140625,887.7000122070312,7600,0.0,0.0
2024-08-09 14:26:00+09:00,887.7000122070312,888.0,886.7000122070312,887.0999755859375,17000,0.0,0.0
2024-08-09 14:27:00+09:00,887.0,888.4000244140625,887.0,888.4000244140625,6300,0.0,0.0
2024-08-09 14:28:00+09:00,888.0999755859375,889.5,887.9000244140625,889.4000244140625,15700,0.0,0.0
2024-08-09 14:29:00+09:00,889.5,890.0999755859375,889.2000122070312,890.0999755859375,26800,0.0,0.0
2024-08-09 14:30:00+09:00,890.4000244140625,890.5,889.4000244140625,889.9000244140625,23600,0.0,0.0
2024-08-09 14:31:00+09:00,889.7999877929688,890.0999755859375,885.2999877929688,887.0999755859375,55000,0.0,0.0
2024-08-09 14:32:00+09:00,887.2999877929688,888.2000122070312,886.7999877929688,887.0999755859375,18800,0.0,0.0
2024-08-09 14:33:00+09:00,887.0999755859375,888.7000122070312,887.0999755859375,888.7000122070312,17100,0.0,0.0
2024-08-09 14:34:00+09:00,888.7000122070312,889.0999755859375,887.9000244140625,888.4000244140625,31200,0.0,0.0
2024-08-09 14:35:00+09:00,888.4000244140625,890.0,888.0999755859375,890.0,20000,0.0,0.0
2024-08-09 14:36:00+09:00,890.0999755859375,890.7000122070312,888.0,890.5999755859375,25200,0.0,0.0
2024-08-09 14:37:00+09:00,890.7000122070312,892.0,889.5,889.5,29900,0.0,0.0
2024-08-09 14:38:00+09:00,889.5999755859375,890.9000244140625,889.0999755859375,890.9000244140625,22500,0.0,0.0
2024-08-09 14:39:00+09:00,890.9000244140625,891.0999755859375,889.5999755859375,890.2999877929688,29700,0.0,0.0
2024-08-09 14:40:00+09:00,889.7000122070312,890.0999755859375,888.4000244140625,889.4000244140625,24000,0.0,0.0
2024-08-09 14:41:00+09:00,889.2000122070312,890.0999755859375,888.7999877929688,889.9000244140625,28500,0.0,0.0
2024-08-09 14:42:00+09:00,889.7000122070312,890.5999755859375,887.7000122070312,890.0999755859375,31900,0.0,0.0
2024-08-09 14:43:00+09:00,890.2000122070312,890.2000122070312,888.7000122070312,888.7000122070312,27200,0.0,0.0
2024-08-09 14:44:00+09:00,888.5999755859375,890.2999877929688,888.2000122070312,890.2999877929688,24800,0.0,0.0
2024-08-09 14:45:00+09:00,890.2999877929688,891.9000244140625,890.2000122070312,891.4000244140625,26300,0.0,0.0
2024-08-09 14:46:00+09:00,891.4000244140625,891.4000244140625,889.9000244140625,890.0999755859375,28600,0.0,0.0
2024-08-09 14:47:00+09:00,890.2999877929688,890.5,888.5,889.7000122070312,42200,0.0,0.0
2024-08-09 14:48:00+09:00,889.9000244140625,892.2000122070312,889.9000244140625,891.9000244140625,24900,0.0,0.0
2024-08-09 14:49:00+09:00,892.0,892.5,891.4000244140625,892.2000122070312,22700,0.0,0.0
2024-08-09 14:50:00+09:00,892.0,892.5,890.5,891.0,81400,0.0,0.0
2024-08-09 14:51:00+09:00,891.0,891.2999877929688,889.9000244140625,889.9000244140625,45900,0.0,0.0
2024-08-09 14:52:00+09:00,889.7999877929688,892.5,889.7999877929688,891.7000122070312,42600,0.0,0.0
2024-08-09 14:53:00+09:00,891.7000122070312,892.9000244140625,890.7000122070312,892.7000122070312,38000,0.0,0.0
2024-08-09 14:54:00+09:00,893.0,894.0,892.4000244140625,893.9000244140625,32000,0.0,0.0
2024-08-09 14:55:00+09:00,893.7999877929688,895.4000244140625,893.2000122070312,894.2999877929688,53700,0.0,0.0
2024-08-09 14:56:00+09:00,894.5,895.0,893.5,894.0,58800,0.0,0.0
2024-08-09 14:57:00+09:00,894.0,894.2999877929688,892.4000244140625,893.7999877929688,44800,0.0,0.0
2024-08-09 14:58:00+09:00,894.0,894.4000244140625,893.2999877929688,893.4000244140625,44100,0.0,0.0
2024-08-09 14:59:00+09:00,893.7000122070312,900.7000122070312,893.2999877929688,900.7000122070312,196600,0.0,0.0
