Datetime,Open,High,Low,Close,Volume,Dividends,Stock Splits
2024-10-03 09:30:00-04:00,12.5,12.5,12.5,12.5,3611,0.0,0.0
2024-10-03 09:40:00-04:00,12.470000267028809,12.470000267028809,12.423600196838379,12.444999694824219,3086,0.0,0.0
2024-10-03 09:45:00-04:00,12.449999809265137,12.475000381469727,12.449999809265137,12.475000381469727,1080,0.0,0.0
2024-10-03 09:50:00-04:00,12.430000305175781,12.479999542236328,12.430000305175781,12.460000038146973,2655,0.0,0.0
2024-10-03 09:55:00-04:00,12.46500015258789,12.494999885559082,12.46500015258789,12.489999771118164,1628,0.0,0.0
2024-10-03 10:00:00-04:00,12.520000457763672,12.550000190734863,12.520000457763672,12.550000190734863,868,0.0,0.0
2024-10-03 10:05:00-04:00,12.569999694824219,12.630000114440918,12.5600004196167,12.5600004196167,3868,0.0,0.0
2024-10-03 10:10:00-04:00,12.555000305175781,12.555000305175781,12.510000228881836,12.510000228881836,6129,0.0,0.0
2024-10-03 10:15:00-04:00,12.529999732971191,12.53499984741211,12.520000457763672,12.520000457763672,1082,0.0,0.0
2024-10-03 10:20:00-04:00,12.520000457763672,12.53499984741211,12.484999656677246,12.484999656677246,13765,0.0,0.0
2024-10-03 10:25:00-04:00,12.489999771118164,12.489999771118164,12.479999542236328,12.479999542236328,954,0.0,0.0
2024-10-03 10:30:00-04:00,12.489999771118164,12.515000343322754,12.489999771118164,12.515000343322754,1594,0.0,0.0
2024-10-03 10:35:00-04:00,12.510000228881836,12.510000228881836,12.489999771118164,12.489999771118164,1587,0.0,0.0
2024-10-03 10:40:00-04:00,12.479999542236328,12.479999542236328,12.460000038146973,12.470000267028809,2940,0.0,0.0
2024-10-03 10:45:00-04:00,12.489999771118164,12.520000457763672,12.489999771118164,12.494999885559082,3528,0.0,0.0
2024-10-03 10:50:00-04:00,12.484999656677246,12.484999656677246,12.479999542236328,12.479999542236328,591,0.0,0.0
2024-10-03 10:55:00-04:00,12.510000228881836,12.510000228881836,12.479999542236328,12.5,858,0.0,0.0
2024-10-03 11:00:00-04:00,12.479999542236328,12.479999542236328,12.479999542236328,12.479999542236328,776,0.0,0.0
2024-10-03 11:05:00-04:00,12.460000038146973,12.470000267028809,12.460000038146973,12.460000038146973,1093,0.0,0.0
2024-10-03 11:10:00-04:00,12.470000267028809,12.470000267028809,12.449999809265137,12.449999809265137,951,0.0,0.0
2024-10-03 11:15:00-04:00,12.479999542236328,12.479999542236328,12.470000267028809,12.470000267028809,510,0.0,0.0
2024-10-03 11:20:00-04:00,12.489999771118164,12.510000228881836,12.489999771118164,12.5,1555,0.0,0.0
2024-10-03 11:25:00-04:00,12.505000114440918,12.505000114440918,12.489999771118164,12.5,1713,0.0,0.0
2024-10-03 11:30:00-04:00,12.5,12.510000228881836,12.46500015258789,12.470000267028809,7794,0.0,0.0
2024-10-03 11:35:00-04:00,12.479999542236328,12.479999542236328,12.479999542236328,12.479999542236328,1034,0.0,0.0
2024-10-03 11:40:00-04:00,12.489999771118164,12.489999771118164,12.479999542236328,12.479999542236328,668,0.0,0.0
2024-10-03 11:45:00-04:00,12.5,12.5,12.489999771118164,12.489999771118164,584,0.0,0.0
2024-10-03 11:50:00-04:00,12.489999771118164,12.5,12.489999771118164,12.5,1605,0.0,0.0
2024-10-03 11:55:00-04:00,12.5,12.5,12.5,12.5,316,0.0,0.0
2024-10-03 12:00:00-04:00,12.5,12.510000228881836,12.489999771118164,12.510000228881836,1735,0.0,0.0
2024-10-03 12:05:00-04:00,12.5,12.510000228881836,12.5,12.5,5933,0.0,0.0
2024-10-03 12:10:00-04:00,12.5,12.510000228881836,12.5,12.5,6413,0.0,0.0
2024-10-03 12:15:00-04:00,12.5,12.5600004196167,12.494999885559082,12.539999961853027,21048,0.0,0.0
2024-10-03 12:20:00-04:00,12.550000190734863,12.550000190734863,12.550000190734863,12.550000190734863,448,0.0,0.0
2024-10-03 12:25:00-04:00,12.5600004196167,12.5600004196167,12.510000228881836,12.510000228881836,3498,0.0,0.0
2024-10-03 12:35:00-04:00,12.520000457763672,12.520000457763672,12.515000343322754,12.515000343322754,576,0.0,0.0
2024-10-03 12:40:00-04:00,12.510000228881836,12.510000228881836,12.5,12.5,1761,0.0,0.0
2024-10-03 12:45:00-04:00,12.479999542236328,12.479999542236328,12.470000267028809,12.470000267028809,1499,0.0,0.0
2024-10-03 12:50:00-04:00,12.460000038146973,12.460000038146973,12.449999809265137,12.460000038146973,1452,0.0,0.0
2024-10-03 12:55:00-04:00,12.470000267028809,12.479999542236328,12.460000038146973,12.460000038146973,1919,0.0,0.0
2024-10-03 13:00:00-04:00,12.460000038146973,12.460000038146973,12.460000038146973,12.460000038146973,649,0.0,0.0
2024-10-03 13:05:00-04:00,12.470000267028809,12.470000267028809,12.460000038146973,12.460000038146973,1545,0.0,0.0
2024-10-03 13:10:00-04:00,12.449999809265137,12.449999809265137,12.4399995803833,12.4399995803833,1954,0.0,0.0
2024-10-03 13:15:00-04:00,12.4399995803833,12.4399995803833,12.430000305175781,12.435999870300293,1037,0.0,0.0
2024-10-03 13:20:00-04:00,12.4399995803833,12.4399995803833,12.4399995803833,12.4399995803833,510,0.0,0.0
2024-10-03 13:25:00-04:00,12.449999809265137,12.449999809265137,12.40999984741211,12.40999984741211,4119,0.0,0.0
2024-10-03 13:35:00-04:00,12.420000076293945,12.420000076293945,12.40999984741211,12.40999984741211,1254,0.0,0.0
2024-10-03 13:40:00-04:00,12.40999984741211,12.40999984741211,12.40999984741211,12.40999984741211,140,0.0,0.0
2024-10-03 13:45:00-04:00,12.40999984741211,12.40999984741211,12.40999984741211,12.40999984741211,909,0.0,0.0
2024-10-03 13:50:00-04:00,12.40999984741211,12.40999984741211,12.40999984741211,12.40999984741211,733,0.0,0.0
2024-10-03 13:55:00-04:00,12.420000076293945,12.430000305175781,12.420000076293945,12.430000305175781,2007,0.0,0.0
2024-10-03 14:00:00-04:00,12.430000305175781,12.430000305175781,12.420000076293945,12.420000076293945,1738,0.0,0.0
2024-10-03 14:05:00-04:00,12.420000076293945,12.4399995803833,12.420000076293945,12.4399995803833,876,0.0,0.0
2024-10-03 14:10:00-04:00,12.449999809265137,12.449999809265137,12.449999809265137,12.449999809265137,395,0.0,0.0
2024-10-03 14:15:00-04:00,12.460000038146973,12.460000038146973,12.449999809265137,12.449999809265137,3925,0.0,0.0
2024-10-03 14:20:00-04:00,12.4399995803833,12.449999809265137,12.4399995803833,12.449999809265137,1206,0.0,0.0
2024-10-03 14:25:00-04:00,12.449999809265137,12.460000038146973,12.449999809265137,12.460000038146973,917,0.0,0.0
2024-10-03 14:30:00-04:00,12.460000038146973,12.460000038146973,12.449999809265137,12.460000038146973,1847,0.0,0.0
2024-10-03 14:35:00-04:00,12.449999809265137,12.460000038146973,12.449999809265137,12.460000038146973,756,0.0,0.0
2024-10-03 14:40:00-04:00,12.460000038146973,12.460000038146973,12.460000038146973,12.460000038146973,1490,0.0,0.0
2024-10-03 14:45:00-04:00,12.470000267028809,12.470000267028809,12.425000190734863,12.425000190734863,2785,0.0,0.0
2024-10-03 14:50:00-04:00,12.430000305175781,12.449999809265137,12.430000305175781,12.449999809265137,1417,0.0,0.0
2024-10-03 14:55:00-04:00,12.460000038146973,12.460000038146973,12.4399995803833,12.449999809265137,2510,0.0,0.0
2024-10-03 15:00:00-04:00,12.4350004196167,12.4399995803833,12.430000305175781,12.4399995803833,852,0.0,0.0
2024-10-03 15:05:00-04:00,12.4399995803833,12.449999809265137,12.4399995803833,12.449999809265137,1429,0.0,0.0
2024-10-03 15:10:00-04:00,12.449999809265137,12.458999633789062,12.449999809265137,12.449999809265137,2051,0.0,0.0
2024-10-03 15:15:00-04:00,12.449999809265137,12.449999809265137,12.449999809265137,12.449999809265137,932,0.0,0.0
2024-10-03 15:20:00-04:00,12.460000038146973,12.479999542236328,12.460000038146973,12.479999542236328,5512,0.0,0.0
2024-10-03 15:25:00-04:00,12.484999656677246,12.5,12.484999656677246,12.484999656677246,4486,0.0,0.0
2024-10-03 15:30:00-04:00,12.484999656677246,12.489999771118164,12.475000381469727,12.475000381469727,2774,0.0,0.0
2024-10-03 15:35:00-04:00,12.479999542236328,12.479999542236328,12.470000267028809,12.470000267028809,2444,0.0,0.0
2024-10-03 15:40:00-04:00,12.470000267028809,12.470000267028809,12.449999809265137,12.460000038146973,5153,0.0,0.0
2024-10-03 15:45:00-04:00,12.454999923706055,12.475000381469727,12.454999923706055,12.470000267028809,4195,0.0,0.0
2024-10-03 15:50:00-04:00,12.475000381469727,12.529999732971191,12.475000381469727,12.529999732971191,21345,0.0,0.0
2024-10-03 15:55:00-04:00,12.539999961853027,12.579999923706055,12.529999732971191,12.569999694824219,53833,0.0,0.0
2024-10-04 09:30:00-04:00,12.819999694824219,12.819999694824219,12.710000038146973,12.710000038146973,5651,0.0,0.0
2024-10-04 09:40:00-04:00,12.770000457763672,12.800000190734863,12.770000457763672,12.789999961853027,1246,0.0,0.0
2024-10-04 09:45:00-04:00,12.770000457763672,12.789999961853027,12.770000457763672,12.789999961853027,639,0.0,0.0
2024-10-04 09:50:00-04:00,12.789999961853027,12.789999961853027,12.75,12.75,2465,0.0,0.0
2024-10-04 09:55:00-04:00,12.729999542236328,12.729999542236328,12.729999542236328,12.729999542236328,995,0.0,0.0
2024-10-04 10:00:00-04:00,12.720000267028809,12.720000267028809,12.699999809265137,12.699999809265137,649,0.0,0.0
2024-10-04 10:05:00-04:00,12.739999771118164,12.75,12.729999542236328,12.729999542236328,2611,0.0,0.0
2024-10-04 10:10:00-04:00,12.720000267028809,12.765000343322754,12.710000038146973,12.765000343322754,1755,0.0,0.0
2024-10-04 10:15:00-04:00,12.770000457763672,12.824999809265137,12.770000457763672,12.800000190734863,2616,0.0,0.0
2024-10-04 10:20:00-04:00,12.789999961853027,12.789999961853027,12.755000114440918,12.755000114440918,2041,0.0,0.0
2024-10-04 10:25:00-04:00,12.770000457763672,12.789999961853027,12.75,12.75,2204,0.0,0.0
2024-10-04 10:30:00-04:00,12.75,12.789999961853027,12.739999771118164,12.755000114440918,4629,0.0,0.0
2024-10-04 10:35:00-04:00,12.739999771118164,12.739999771118164,12.720000267028809,12.720000267028809,2420,0.0,0.0
2024-10-04 10:40:00-04:00,12.720000267028809,12.760000228881836,12.710000038146973,12.760000228881836,2648,0.0,0.0
2024-10-04 10:45:00-04:00,12.760000228881836,12.770000457763672,12.752900123596191,12.752900123596191,2099,0.0,0.0
2024-10-04 10:50:00-04:00,12.779999732971191,12.800000190734863,12.779999732971191,12.800000190734863,2743,0.0,0.0
2024-10-04 10:55:00-04:00,12.819999694824219,12.819999694824219,12.8100004196167,12.819999694824219,2061,0.0,0.0
2024-10-04 11:00:00-04:00,12.819999694824219,12.819999694824219,12.819999694824219,12.819999694824219,780,0.0,0.0
2024-10-04 11:05:00-04:00,12.829999923706055,12.835000038146973,12.829999923706055,12.835000038146973,607,0.0,0.0
2024-10-04 11:10:00-04:00,12.850000381469727,12.850000381469727,12.819999694824219,12.819999694824219,2111,0.0,0.0
2024-10-04 11:15:00-04:00,12.819999694824219,12.819999694824219,12.819999694824219,12.819999694824219,1086,0.0,0.0
2024-10-04 11:20:00-04:00,12.8100004196167,12.8100004196167,12.770000457763672,12.779999732971191,2178,0.0,0.0
2024-10-04 11:25:00-04:00,12.770000457763672,12.779999732971191,12.770000457763672,12.779999732971191,1885,0.0,0.0
2024-10-04 11:30:00-04:00,12.779999732971191,12.789999961853027,12.779999732971191,12.789999961853027,1881,0.0,0.0
2024-10-04 11:35:00-04:00,12.789999961853027,12.829999923706055,12.789999961853027,12.829999923706055,4200,0.0,0.0
2024-10-04 11:45:00-04:00,12.84000015258789,12.84000015258789,12.84000015258789,12.84000015258789,1324,0.0,0.0
2024-10-04 11:55:00-04:00,12.84000015258789,12.850000381469727,12.84000015258789,12.850000381469727,1313,0.0,0.0
2024-10-04 12:00:00-04:00,12.859999656677246,12.869999885559082,12.859999656677246,12.859999656677246,1989,0.0,0.0
2024-10-04 12:05:00-04:00,12.859999656677246,12.869999885559082,12.850000381469727,12.850000381469727,1138,0.0,0.0
2024-10-04 12:10:00-04:00,12.850000381469727,12.8503999710083,12.850000381469727,12.8503999710083,610,0.0,0.0
2024-10-04 12:15:00-04:00,12.859999656677246,12.869999885559082,12.859999656677246,12.869999885559082,1365,0.0,0.0
2024-10-04 12:20:00-04:00,12.859999656677246,12.859999656677246,12.859999656677246,12.859999656677246,1288,0.0,0.0
2024-10-04 12:30:00-04:00,12.84000015258789,12.84000015258789,12.84000015258789,12.84000015258789,533,0.0,0.0
2024-10-04 12:35:00-04:00,12.850000381469727,12.880000114440918,12.850000381469727,12.880000114440918,2110,0.0,0.0
2024-10-04 12:40:00-04:00,12.880000114440918,12.890000343322754,12.880000114440918,12.880000114440918,1338,0.0,0.0
2024-10-04 12:45:00-04:00,12.890000343322754,12.890000343322754,12.859999656677246,12.859999656677246,905,0.0,0.0
2024-10-04 12:50:00-04:00,12.869999885559082,12.869999885559082,12.869999885559082,12.869999885559082,885,0.0,0.0
2024-10-04 12:55:00-04:00,12.880000114440918,12.890000343322754,12.880000114440918,12.890000343322754,1637,0.0,0.0
2024-10-04 13:00:00-04:00,12.885000228881836,12.885000228881836,12.885000228881836,12.885000228881836,353,0.0,0.0
2024-10-04 13:05:00-04:00,12.879799842834473,12.890000343322754,12.869999885559082,12.869999885559082,1342,0.0,0.0
2024-10-04 13:10:00-04:00,12.859999656677246,12.869999885559082,12.859999656677246,12.869999885559082,1616,0.0,0.0
2024-10-04 13:15:00-04:00,12.869999885559082,12.869999885559082,12.869999885559082,12.869999885559082,215,0.0,0.0
2024-10-04 13:20:00-04:00,12.869999885559082,12.875,12.869999885559082,12.869999885559082,1703,0.0,0.0
2024-10-04 13:25:00-04:00,12.859999656677246,12.859999656677246,12.859999656677246,12.859999656677246,540,0.0,0.0
2024-10-04 13:30:00-04:00,12.859999656677246,12.859999656677246,12.84000015258789,12.84000015258789,1906,0.0,0.0
2024-10-04 13:35:00-04:00,12.829999923706055,12.850000381469727,12.829999923706055,12.84000015258789,2505,0.0,0.0
2024-10-04 13:40:00-04:00,12.850000381469727,12.859999656677246,12.850000381469727,12.859999656677246,1128,0.0,0.0
2024-10-04 13:45:00-04:00,12.869999885559082,12.869999885559082,12.869999885559082,12.869999885559082,654,0.0,0.0
2024-10-04 13:50:00-04:00,12.850000381469727,12.850000381469727,12.829999923706055,12.84000015258789,2863,0.0,0.0
2024-10-04 13:55:00-04:00,12.850000381469727,12.850000381469727,12.8100004196167,12.8100004196167,1597,0.0,0.0
2024-10-04 14:00:00-04:00,12.8100004196167,12.819999694824219,12.8100004196167,12.819999694824219,882,0.0,0.0
2024-10-04 14:05:00-04:00,12.819999694824219,12.829999923706055,12.819999694824219,12.829999923706055,985,0.0,0.0
2024-10-04 14:10:00-04:00,12.829999923706055,12.829999923706055,12.819999694824219,12.819999694824219,1579,0.0,0.0
2024-10-04 14:15:00-04:00,12.819999694824219,12.829999923706055,12.819999694824219,12.829999923706055,1298,0.0,0.0
2024-10-04 14:20:00-04:00,12.84000015258789,12.84000015258789,12.829999923706055,12.829999923706055,1147,0.0,0.0
2024-10-04 14:25:00-04:00,12.829999923706055,12.84000015258789,12.829999923706055,12.84000015258789,1417,0.0,0.0
2024-10-04 14:30:00-04:00,12.84000015258789,12.84000015258789,12.829999923706055,12.829999923706055,2510,0.0,0.0
2024-10-04 14:35:00-04:00,12.850000381469727,12.850000381469727,12.829999923706055,12.829999923706055,2896,0.0,0.0
2024-10-04 14:45:00-04:00,12.84000015258789,12.84000015258789,12.84000015258789,12.84000015258789,442,0.0,0.0
2024-10-04 14:50:00-04:00,12.84000015258789,12.850000381469727,12.84000015258789,12.850000381469727,3246,0.0,0.0
2024-10-04 14:55:00-04:00,12.850000381469727,12.850000381469727,12.850000381469727,12.850000381469727,397,0.0,0.0
2024-10-04 15:00:00-04:00,12.84000015258789,12.84000015258789,12.819999694824219,12.819999694824219,2401,0.0,0.0
2024-10-04 15:05:00-04:00,12.819999694824219,12.850000381469727,12.819999694824219,12.850000381469727,1458,0.0,0.0
2024-10-04 15:10:00-04:00,12.84000015258789,12.84000015258789,12.835000038146973,12.835000038146973,1659,0.0,0.0
2024-10-04 15:15:00-04:00,12.84000015258789,12.84000015258789,12.84000015258789,12.84000015258789,1721,0.0,0.0
2024-10-04 15:20:00-04:00,12.84000015258789,12.84000015258789,12.824999809265137,12.824999809265137,2043,0.0,0.0
2024-10-04 15:25:00-04:00,12.829999923706055,12.84000015258789,12.829999923706055,12.84000015258789,1433,0.0,0.0
2024-10-04 15:30:00-04:00,12.84000015258789,12.854999542236328,12.835000038146973,12.854999542236328,5799,0.0,0.0
2024-10-04 15:35:00-04:00,12.850000381469727,12.859999656677246,12.850000381469727,12.854999542236328,2543,0.0,0.0
2024-10-04 15:40:00-04:00,12.850000381469727,12.859999656677246,12.84000015258789,12.850000381469727,9779,0.0,0.0
2024-10-04 15:45:00-04:00,12.829999923706055,12.829999923706055,12.789999961853027,12.795000076293945,6467,0.0,0.0
2024-10-04 15:50:00-04:00,12.800000190734863,12.8100004196167,12.795000076293945,12.805000305175781,12160,0.0,0.0
2024-10-04 15:55:00-04:00,12.805000305175781,12.899999618530273,12.789999961853027,12.890000343322754,77225,0.0,0.0
2024-10-07 09:30:00-04:00,12.779999732971191,12.779999732971191,12.710000038146973,12.710000038146973,6960,0.0,0.0
2024-10-07 09:35:00-04:00,12.760000228881836,12.760000228881836,12.760000228881836,12.760000228881836,2309,0.0,0.0
2024-10-07 09:40:00-04:00,12.739999771118164,12.781000137329102,12.739999771118164,12.781000137329102,1524,0.0,0.0
2024-10-07 09:45:00-04:00,12.770000457763672,12.770000457763672,12.75,12.765000343322754,2233,0.0,0.0
2024-10-07 09:50:00-04:00,12.770999908447266,12.770999908447266,12.729999542236328,12.729999542236328,1070,0.0,0.0
2024-10-07 09:55:00-04:00,12.729999542236328,12.729999542236328,12.720000267028809,12.720000267028809,1434,0.0,0.0
2024-10-07 10:00:00-04:00,12.729999542236328,12.770000457763672,12.729999542236328,12.770000457763672,2064,0.0,0.0
2024-10-07 10:05:00-04:00,12.770999908447266,12.770999908447266,12.760000228881836,12.760000228881836,1492,0.0,0.0
2024-10-07 10:10:00-04:00,12.770000457763672,12.770000457763672,12.770000457763672,12.770000457763672,474,0.0,0.0
2024-10-07 10:15:00-04:00,12.789999961853027,12.789999961853027,12.774999618530273,12.774999618530273,814,0.0,0.0
2024-10-07 10:20:00-04:00,12.789999961853027,12.800000190734863,12.779999732971191,12.789999961853027,2956,0.0,0.0
2024-10-07 10:25:00-04:00,12.770000457763672,12.770000457763672,12.729999542236328,12.739999771118164,2289,0.0,0.0
2024-10-07 10:30:00-04:00,12.739999771118164,12.739999771118164,12.720000267028809,12.720000267028809,1277,0.0,0.0
2024-10-07 10:35:00-04:00,12.718999862670898,12.734999656677246,12.718999862670898,12.729999542236328,2577,0.0,0.0
2024-10-07 10:40:00-04:00,12.739999771118164,12.75,12.729999542236328,12.739999771118164,2500,0.0,0.0
2024-10-07 10:45:00-04:00,12.739999771118164,12.75,12.720000267028809,12.744999885559082,3064,0.0,0.0
2024-10-07 10:50:00-04:00,12.760000228881836,12.779999732971191,12.75,12.770000457763672,2074,0.0,0.0
2024-10-07 10:55:00-04:00,12.779999732971191,12.789999961853027,12.779999732971191,12.789999961853027,337,0.0,0.0
2024-10-07 11:00:00-04:00,12.779999732971191,12.8100004196167,12.779999732971191,12.800000190734863,2000,0.0,0.0
2024-10-07 11:05:00-04:00,12.78499984741211,12.819999694824219,12.781000137329102,12.819999694824219,1713,0.0,0.0
2024-10-07 11:10:00-04:00,12.829999923706055,12.84000015258789,12.829999923706055,12.84000015258789,407,0.0,0.0
2024-10-07 11:15:00-04:00,12.829999923706055,12.829999923706055,12.829999923706055,12.829999923706055,1416,0.0,0.0
2024-10-07 11:20:00-04:00,12.850000381469727,12.850000381469727,12.850000381469727,12.850000381469727,782,0.0,0.0
2024-10-07 11:25:00-04:00,12.859999656677246,12.859999656677246,12.850000381469727,12.850000381469727,2003,0.0,0.0
2024-10-07 11:35:00-04:00,12.84000015258789,12.850000381469727,12.84000015258789,12.850000381469727,1156,0.0,0.0
2024-10-07 11:40:00-04:00,12.850000381469727,12.850000381469727,12.829999923706055,12.829999923706055,1591,0.0,0.0
2024-10-07 11:45:00-04:00,12.84000015258789,12.850000381469727,12.84000015258789,12.850000381469727,990,0.0,0.0
2024-10-07 11:50:00-04:00,12.850000381469727,12.850000381469727,12.845000267028809,12.845000267028809,1161,0.0,0.0
2024-10-07 11:55:00-04:00,12.850000381469727,12.859999656677246,12.850000381469727,12.859999656677246,501,0.0,0.0
2024-10-07 12:00:00-04:00,12.859999656677246,12.859999656677246,12.850000381469727,12.850000381469727,1109,0.0,0.0
2024-10-07 12:05:00-04:00,12.84000015258789,12.84000015258789,12.829999923706055,12.829999923706055,2418,0.0,0.0
2024-10-07 12:10:00-04:00,12.800000190734863,12.800000190734863,12.789999961853027,12.800000190734863,2194,0.0,0.0
2024-10-07 12:15:00-04:00,12.8100004196167,12.819999694824219,12.8100004196167,12.819999694824219,1376,0.0,0.0
2024-10-07 12:20:00-04:00,12.829999923706055,12.84000015258789,12.829999923706055,12.84000015258789,594,0.0,0.0
2024-10-07 12:25:00-04:00,12.84000015258789,12.84000015258789,12.84000015258789,12.84000015258789,767,0.0,0.0
2024-10-07 12:35:00-04:00,12.850000381469727,12.850000381469727,12.850000381469727,12.850000381469727,744,0.0,0.0
2024-10-07 12:40:00-04:00,12.84000015258789,12.84000015258789,12.8100004196167,12.8100004196167,2663,0.0,0.0
2024-10-07 12:45:00-04:00,12.819999694824219,12.829999923706055,12.819999694824219,12.829999923706055,1532,0.0,0.0
2024-10-07 12:50:00-04:00,12.84000015258789,12.84000015258789,12.829999923706055,12.84000015258789,4141,0.0,0.0
2024-10-07 13:00:00-04:00,12.84000015258789,12.84000015258789,12.84000015258789,12.84000015258789,395,0.0,0.0
2024-10-07 13:05:00-04:00,12.84000015258789,12.84000015258789,12.829999923706055,12.829999923706055,2189,0.0,0.0
2024-10-07 13:10:00-04:00,12.84000015258789,12.850000381469727,12.84000015258789,12.850000381469727,1687,0.0,0.0
2024-10-07 13:15:00-04:00,12.850000381469727,12.854999542236328,12.850000381469727,12.850000381469727,1489,0.0,0.0
2024-10-07 13:20:00-04:00,12.859999656677246,12.859999656677246,12.859999656677246,12.859999656677246,689,0.0,0.0
2024-10-07 13:30:00-04:00,12.850000381469727,12.850000381469727,12.850000381469727,12.850000381469727,557,0.0,0.0
2024-10-07 13:35:00-04:00,12.859999656677246,12.859999656677246,12.859999656677246,12.859999656677246,1576,0.0,0.0
2024-10-07 13:40:00-04:00,12.850000381469727,12.850000381469727,12.8100004196167,12.8100004196167,1419,0.0,0.0
2024-10-07 13:45:00-04:00,12.800000190734863,12.819999694824219,12.800000190734863,12.819999694824219,1016,0.0,0.0
2024-10-07 13:50:00-04:00,12.789999961853027,12.789999961853027,12.789999961853027,12.789999961853027,577,0.0,0.0
2024-10-07 13:55:00-04:00,12.789999961853027,12.789999961853027,12.789999961853027,12.789999961853027,415,0.0,0.0
2024-10-07 14:00:00-04:00,12.800000190734863,12.800000190734863,12.789999961853027,12.789999961853027,613,0.0,0.0
2024-10-07 14:05:00-04:00,12.779999732971191,12.779999732971191,12.779999732971191,12.779999732971191,376,0.0,0.0
2024-10-07 14:10:00-04:00,12.779999732971191,12.789999961853027,12.779999732971191,12.789999961853027,1727,0.0,0.0
2024-10-07 14:15:00-04:00,12.789999961853027,12.789999961853027,12.78499984741211,12.78499984741211,1695,0.0,0.0
2024-10-07 14:20:00-04:00,12.789999961853027,12.789999961853027,12.789999961853027,12.789999961853027,577,0.0,0.0
2024-10-07 14:25:00-04:00,12.800000190734863,12.800000190734863,12.779999732971191,12.779999732971191,2029,0.0,0.0
2024-10-07 14:30:00-04:00,12.770000457763672,12.779999732971191,12.739999771118164,12.770000457763672,5043,0.0,0.0
2024-10-07 14:35:00-04:00,12.760000228881836,12.760000228881836,12.760000228881836,12.760000228881836,987,0.0,0.0
2024-10-07 14:40:00-04:00,12.75,12.760000228881836,12.75,12.760000228881836,474,0.0,0.0
2024-10-07 14:45:00-04:00,12.75,12.75,12.720000267028809,12.720000267028809,2405,0.0,0.0
2024-10-07 14:50:00-04:00,12.720000267028809,12.720000267028809,12.710000038146973,12.720000267028809,2591,0.0,0.0
2024-10-07 14:55:00-04:00,12.739999771118164,12.75,12.739999771118164,12.739999771118164,1525,0.0,0.0
2024-10-07 15:00:00-04:00,12.720000267028809,12.749899864196777,12.720000267028809,12.739999771118164,1919,0.0,0.0
2024-10-07 15:05:00-04:00,12.739999771118164,12.770000457763672,12.739999771118164,12.770000457763672,979,0.0,0.0
2024-10-07 15:10:00-04:00,12.770000457763672,12.779999732971191,12.770000457763672,12.779999732971191,1404,0.0,0.0
2024-10-07 15:15:00-04:00,12.770000457763672,12.774999618530273,12.770000457763672,12.774999618530273,4165,0.0,0.0
2024-10-07 15:20:00-04:00,12.779999732971191,12.779999732971191,12.770000457763672,12.770000457763672,1230,0.0,0.0
2024-10-07 15:25:00-04:00,12.774999618530273,12.779999732971191,12.770000457763672,12.779999732971191,4171,0.0,0.0
2024-10-07 15:30:00-04:00,12.770000457763672,12.770000457763672,12.770000457763672,12.770000457763672,1091,0.0,0.0
2024-10-07 15:35:00-04:00,12.760000228881836,12.789999961853027,12.75,12.78499984741211,4447,0.0,0.0
2024-10-07 15:40:00-04:00,12.774999618530273,12.779999732971191,12.774999618530273,12.779999732971191,2724,0.0,0.0
2024-10-07 15:45:00-04:00,12.770000457763672,12.770000457763672,12.760000228881836,12.770000457763672,4808,0.0,0.0
2024-10-07 15:50:00-04:00,12.779999732971191,12.805000305175781,12.779999732971191,12.805000305175781,6780,0.0,0.0
2024-10-07 15:55:00-04:00,12.795000076293945,12.8100004196167,12.770000457763672,12.779999732971191,27161,0.0,0.0
2024-10-08 09:30:00-04:00,12.829999923706055,12.850000381469727,12.789999961853027,12.824999809265137,8353,0.0,0.0
2024-10-08 09:35:00-04:00,12.819999694824219,12.824600219726562,12.819999694824219,12.824600219726562,353,0.0,0.0
2024-10-08 09:40:00-04:00,12.819999694824219,12.829999923706055,12.789999961853027,12.800000190734863,6385,0.0,0.0
2024-10-08 09:45:00-04:00,12.736000061035156,12.760000228881836,12.732000350952148,12.755000114440918,2908,0.0,0.0
2024-10-08 09:50:00-04:00,12.779899597167969,12.779899597167969,12.710000038146973,12.710000038146973,2682,0.0,0.0
2024-10-08 10:00:00-04:00,12.739999771118164,12.75,12.729999542236328,12.739999771118164,1960,0.0,0.0
2024-10-08 10:05:00-04:00,12.734999656677246,12.734999656677246,12.729999542236328,12.729999542236328,638,0.0,0.0
2024-10-08 10:10:00-04:00,12.710000038146973,12.710000038146973,12.680000305175781,12.680000305175781,2339,0.0,0.0
2024-10-08 10:20:00-04:00,12.630000114440918,12.631999969482422,12.630000114440918,12.631999969482422,531,0.0,0.0
2024-10-08 10:25:00-04:00,12.640000343322754,12.640000343322754,12.640000343322754,12.640000343322754,725,0.0,0.0
2024-10-08 10:30:00-04:00,12.635000228881836,12.649999618530273,12.635000228881836,12.635000228881836,4349,0.0,0.0
2024-10-08 10:35:00-04:00,12.640000343322754,12.670000076293945,12.630000114440918,12.664999961853027,7438,0.0,0.0
2024-10-08 10:40:00-04:00,12.65999984741211,12.699999809265137,12.640000343322754,12.640000343322754,5025,0.0,0.0
2024-10-08 10:45:00-04:00,12.654999732971191,12.680000305175781,12.654999732971191,12.680000305175781,860,0.0,0.0
2024-10-08 10:50:00-04:00,12.670000076293945,12.670000076293945,12.649999618530273,12.649999618530273,1344,0.0,0.0
2024-10-08 10:55:00-04:00,12.664999961853027,12.664999961853027,12.65999984741211,12.65999984741211,635,0.0,0.0
2024-10-08 11:00:00-04:00,12.6850004196167,12.6850004196167,12.6850004196167,12.6850004196167,183,0.0,0.0
2024-10-08 11:05:00-04:00,12.670000076293945,12.670000076293945,12.670000076293945,12.670000076293945,1814,0.0,0.0
2024-10-08 11:10:00-04:00,12.670000076293945,12.670000076293945,12.65999984741211,12.65999984741211,1220,0.0,0.0
2024-10-08 11:15:00-04:00,12.649999618530273,12.65999984741211,12.649999618530273,12.65999984741211,593,0.0,0.0
2024-10-08 11:20:00-04:00,12.65999984741211,12.65999984741211,12.649999618530273,12.658100128173828,527,0.0,0.0
2024-10-08 11:25:00-04:00,12.670000076293945,12.670000076293945,12.65999984741211,12.65999984741211,500,0.0,0.0
2024-10-08 11:30:00-04:00,12.65999984741211,12.65999984741211,12.649999618530273,12.649999618530273,918,0.0,0.0
2024-10-08 11:35:00-04:00,12.630000114440918,12.65999984741211,12.630000114440918,12.65999984741211,2327,0.0,0.0
2024-10-08 11:40:00-04:00,12.65999984741211,12.65999984741211,12.65999984741211,12.65999984741211,415,0.0,0.0
2024-10-08 11:45:00-04:00,12.65999984741211,12.670000076293945,12.649999618530273,12.649999618530273,2893,0.0,0.0
2024-10-08 11:50:00-04:00,12.640000343322754,12.670000076293945,12.640000343322754,12.670000076293945,1874,0.0,0.0
2024-10-08 11:55:00-04:00,12.65999984741211,12.670000076293945,12.65999984741211,12.670000076293945,471,0.0,0.0
2024-10-08 12:00:00-04:00,12.670000076293945,12.6899995803833,12.670000076293945,12.670000076293945,1394,0.0,0.0
2024-10-08 12:05:00-04:00,12.65999984741211,12.66100025177002,12.65999984741211,12.65999984741211,493,0.0,0.0
2024-10-08 12:10:00-04:00,12.670000076293945,12.670000076293945,12.65999984741211,12.65999984741211,1342,0.0,0.0
2024-10-08 12:15:00-04:00,12.649999618530273,12.675000190734863,12.649999618530273,12.664999961853027,1669,0.0,0.0
2024-10-08 12:20:00-04:00,12.654999732971191,12.65999984741211,12.625,12.625,2835,0.0,0.0
2024-10-08 12:25:00-04:00,12.619999885559082,12.630000114440918,12.619999885559082,12.630000114440918,670,0.0,0.0
2024-10-08 12:30:00-04:00,12.609999656677246,12.609999656677246,12.609999656677246,12.609999656677246,413,0.0,0.0
2024-10-08 12:35:00-04:00,12.59000015258789,12.59000015258789,12.59000015258789,12.59000015258789,236,0.0,0.0
2024-10-08 12:40:00-04:00,12.59000015258789,12.609999656677246,12.585000038146973,12.600000381469727,1831,0.0,0.0
2024-10-08 12:45:00-04:00,12.600000381469727,12.600000381469727,12.600000381469727,12.600000381469727,644,0.0,0.0
2024-10-08 12:50:00-04:00,12.600000381469727,12.609999656677246,12.600000381469727,12.609999656677246,1014,0.0,0.0
2024-10-08 12:55:00-04:00,12.604999542236328,12.604999542236328,12.600000381469727,12.604999542236328,3715,0.0,0.0
2024-10-08 13:00:00-04:00,12.609999656677246,12.619999885559082,12.600000381469727,12.600000381469727,1520,0.0,0.0
2024-10-08 13:05:00-04:00,12.600000381469727,12.600000381469727,12.600000381469727,12.600000381469727,1385,0.0,0.0
2024-10-08 13:10:00-04:00,12.600000381469727,12.600000381469727,12.59000015258789,12.595000267028809,881,0.0,0.0
2024-10-08 13:15:00-04:00,12.579999923706055,12.579999923706055,12.5600004196167,12.579999923706055,2985,0.0,0.0
2024-10-08 13:20:00-04:00,12.59000015258789,12.59000015258789,12.59000015258789,12.59000015258789,738,0.0,0.0
2024-10-08 13:25:00-04:00,12.59000015258789,12.59000015258789,12.59000015258789,12.59000015258789,166,0.0,0.0
2024-10-08 13:30:00-04:00,12.59000015258789,12.59000015258789,12.579999923706055,12.579999923706055,321,0.0,0.0
2024-10-08 13:35:00-04:00,12.579999923706055,12.579999923706055,12.579999923706055,12.579999923706055,217,0.0,0.0
2024-10-08 13:40:00-04:00,12.579999923706055,12.59000015258789,12.574999809265137,12.59000015258789,2146,0.0,0.0
2024-10-08 13:50:00-04:00,12.579999923706055,12.600000381469727,12.579999923706055,12.600000381469727,749,0.0,0.0
2024-10-08 13:55:00-04:00,12.590100288391113,12.604999542236328,12.590100288391113,12.604999542236328,5277,0.0,0.0
2024-10-08 14:00:00-04:00,12.59000015258789,12.59000015258789,12.569999694824219,12.579999923706055,1893,0.0,0.0
2024-10-08 14:05:00-04:00,12.579999923706055,12.600000381469727,12.579999923706055,12.592679977416992,1432,0.0,0.0
2024-10-08 14:10:00-04:00,12.59000015258789,12.609999656677246,12.59000015258789,12.609999656677246,5508,0.0,0.0
2024-10-08 14:15:00-04:00,12.59000015258789,12.59000015258789,12.59000015258789,12.59000015258789,751,0.0,0.0
2024-10-08 14:20:00-04:00,12.59000015258789,12.609999656677246,12.59000015258789,12.609999656677246,2257,0.0,0.0
2024-10-08 14:25:00-04:00,12.600000381469727,12.600000381469727,12.59000015258789,12.600000381469727,2835,0.0,0.0
2024-10-08 14:30:00-04:00,12.600000381469727,12.614999771118164,12.600000381469727,12.614999771118164,2665,0.0,0.0
2024-10-08 14:35:00-04:00,12.619999885559082,12.640000343322754,12.619999885559082,12.640000343322754,1932,0.0,0.0
2024-10-08 14:40:00-04:00,12.649999618530273,12.649999618530273,12.640000343322754,12.645000457763672,1753,0.0,0.0
2024-10-08 14:45:00-04:00,12.649999618530273,12.649999618530273,12.647000312805176,12.649999618530273,3096,0.0,0.0
2024-10-08 14:50:00-04:00,12.649999618530273,12.649999618530273,12.649999618530273,12.649999618530273,1489,0.0,0.0
2024-10-08 14:55:00-04:00,12.649999618530273,12.65999984741211,12.649999618530273,12.65999984741211,2828,0.0,0.0
2024-10-08 15:00:00-04:00,12.649999618530273,12.649999618530273,12.609999656677246,12.609999656677246,1634,0.0,0.0
2024-10-08 15:05:00-04:00,12.609999656677246,12.609999656677246,12.600000381469727,12.600000381469727,1076,0.0,0.0
2024-10-08 15:10:00-04:00,12.590999603271484,12.590999603271484,12.59000015258789,12.59000015258789,357,0.0,0.0
2024-10-08 15:15:00-04:00,12.600000381469727,12.604999542236328,12.600000381469727,12.604999542236328,1079,0.0,0.0
2024-10-08 15:20:00-04:00,12.604999542236328,12.604999542236328,12.600000381469727,12.600000381469727,1098,0.0,0.0
2024-10-08 15:25:00-04:00,12.579999923706055,12.59000015258789,12.579999923706055,12.59000015258789,2272,0.0,0.0
2024-10-08 15:30:00-04:00,12.59000015258789,12.59000015258789,12.579999923706055,12.585000038146973,2170,0.0,0.0
2024-10-08 15:35:00-04:00,12.579999923706055,12.595000267028809,12.579999923706055,12.595000267028809,2116,0.0,0.0
2024-10-08 15:40:00-04:00,12.59000015258789,12.59000015258789,12.59000015258789,12.59000015258789,973,0.0,0.0
2024-10-08 15:45:00-04:00,12.59000015258789,12.595000267028809,12.579999923706055,12.59000015258789,5643,0.0,0.0
2024-10-08 15:50:00-04:00,12.579999923706055,12.614999771118164,12.579999923706055,12.609999656677246,5745,0.0,0.0
2024-10-08 15:55:00-04:00,12.600000381469727,12.614999771118164,12.569999694824219,12.569999694824219,18599,0.0,0.0
2024-10-09 09:30:00-04:00,12.529999732971191,12.59000015258789,12.529999732971191,12.59000015258789,2969,0.0,0.0
2024-10-09 09:35:00-04:00,12.555000305175781,12.555000305175781,12.555000305175781,12.555000305175781,615,0.0,0.0
2024-10-09 09:40:00-04:00,12.569999694824219,12.569999694824219,12.5600004196167,12.569999694824219,2872,0.0,0.0
2024-10-09 09:45:00-04:00,12.600000381469727,12.609999656677246,12.579999923706055,12.59000015258789,1425,0.0,0.0
2024-10-09 09:50:00-04:00,12.59000015258789,12.635000228881836,12.59000015258789,12.635000228881836,1590,0.0,0.0
2024-10-09 09:55:00-04:00,12.609999656677246,12.619999885559082,12.609999656677246,12.619999885559082,613,0.0,0.0
2024-10-09 10:00:00-04:00,12.640000343322754,12.6899995803833,12.640000343322754,12.680000305175781,1513,0.0,0.0
2024-10-09 10:05:00-04:00,12.680000305175781,12.6899995803833,12.649999618530273,12.65999984741211,10871,0.0,0.0
2024-10-09 10:10:00-04:00,12.654999732971191,12.699999809265137,12.654999732971191,12.699999809265137,1076,0.0,0.0
2024-10-09 10:15:00-04:00,12.710000038146973,12.710000038146973,12.65999984741211,12.65999984741211,5902,0.0,0.0
2024-10-09 10:20:00-04:00,12.600000381469727,12.600000381469727,12.600000381469727,12.600000381469727,355,0.0,0.0
2024-10-09 10:25:00-04:00,12.569999694824219,12.619999885559082,12.569999694824219,12.619999885559082,1859,0.0,0.0
2024-10-09 10:30:00-04:00,12.640000343322754,12.65999984741211,12.628000259399414,12.628000259399414,6911,0.0,0.0
2024-10-09 10:35:00-04:00,12.625,12.649999618530273,12.625,12.640000343322754,3214,0.0,0.0
2024-10-09 10:40:00-04:00,12.640000343322754,12.65999984741211,12.640000343322754,12.65999984741211,739,0.0,0.0
2024-10-09 10:45:00-04:00,12.640000343322754,12.664999961853027,12.640000343322754,12.65999984741211,1187,0.0,0.0
2024-10-09 10:55:00-04:00,12.680000305175781,12.71500015258789,12.680000305175781,12.699999809265137,5794,0.0,0.0
2024-10-09 11:00:00-04:00,12.670000076293945,12.670000076293945,12.670000076293945,12.670000076293945,500,0.0,0.0
2024-10-09 11:05:00-04:00,12.680000305175781,12.699999809265137,12.680000305175781,12.699999809265137,874,0.0,0.0
2024-10-09 11:10:00-04:00,12.699999809265137,12.710000038146973,12.6899995803833,12.710000038146973,2659,0.0,0.0
2024-10-09 11:15:00-04:00,12.699999809265137,12.720000267028809,12.699999809265137,12.720000267028809,860,0.0,0.0
2024-10-09 11:20:00-04:00,12.729999542236328,12.760000228881836,12.729999542236328,12.739999771118164,4359,0.0,0.0
2024-10-09 11:25:00-04:00,12.749600410461426,12.75,12.749600410461426,12.75,589,0.0,0.0
2024-10-09 11:30:00-04:00,12.739999771118164,12.739999771118164,12.729999542236328,12.739999771118164,791,0.0,0.0
2024-10-09 11:35:00-04:00,12.739999771118164,12.739999771118164,12.739999771118164,12.739999771118164,220,0.0,0.0
2024-10-09 11:40:00-04:00,12.729999542236328,12.739999771118164,12.729999542236328,12.739999771118164,1260,0.0,0.0
2024-10-09 11:45:00-04:00,12.739999771118164,12.75,12.739999771118164,12.75,979,0.0,0.0
2024-10-09 11:50:00-04:00,12.75,12.75,12.75,12.75,851,0.0,0.0
2024-10-09 11:55:00-04:00,12.729999542236328,12.729999542236328,12.729999542236328,12.729999542236328,2019,0.0,0.0
2024-10-09 12:00:00-04:00,12.71500015258789,12.71500015258789,12.710000038146973,12.710000038146973,432,0.0,0.0
2024-10-09 12:05:00-04:00,12.729999542236328,12.729999542236328,12.729999542236328,12.729999542236328,104,0.0,0.0
2024-10-09 12:10:00-04:00,12.729999542236328,12.729999542236328,12.729999542236328,12.729999542236328,607,0.0,0.0
2024-10-09 12:15:00-04:00,12.739999771118164,12.75,12.739999771118164,12.739999771118164,1621,0.0,0.0
2024-10-09 12:20:00-04:00,12.729999542236328,12.729999542236328,12.720000267028809,12.729999542236328,2077,0.0,0.0
2024-10-09 12:25:00-04:00,12.729999542236328,12.729999542236328,12.729999542236328,12.729999542236328,698,0.0,0.0
2024-10-09 12:30:00-04:00,12.710000038146973,12.720000267028809,12.704999923706055,12.720000267028809,798,0.0,0.0
2024-10-09 12:35:00-04:00,12.720000267028809,12.720000267028809,12.710000038146973,12.710000038146973,702,0.0,0.0
2024-10-09 12:40:00-04:00,12.699999809265137,12.699999809265137,12.699999809265137,12.699999809265137,157,0.0,0.0
2024-10-09 12:50:00-04:00,12.6899995803833,12.6899995803833,12.6899995803833,12.6899995803833,307,0.0,0.0
2024-10-09 12:55:00-04:00,12.65999984741211,12.670000076293945,12.65999984741211,12.670000076293945,808,0.0,0.0
2024-10-09 13:00:00-04:00,12.670000076293945,12.670000076293945,12.670000076293945,12.670000076293945,298,0.0,0.0
2024-10-09 13:05:00-04:00,12.670000076293945,12.670000076293945,12.670000076293945,12.670000076293945,485,0.0,0.0
2024-10-09 13:10:00-04:00,12.680000305175781,12.680000305175781,12.680000305175781,12.680000305175781,1177,0.0,0.0
2024-10-09 13:15:00-04:00,12.680000305175781,12.680000305175781,12.680000305175781,12.680000305175781,119,0.0,0.0
2024-10-09 13:20:00-04:00,12.670000076293945,12.680000305175781,12.670000076293945,12.680000305175781,598,0.0,0.0
2024-10-09 13:25:00-04:00,12.670000076293945,12.670000076293945,12.640000343322754,12.640000343322754,843,0.0,0.0
2024-10-09 13:30:00-04:00,12.630000114440918,12.630000114440918,12.630000114440918,12.630000114440918,303,0.0,0.0
2024-10-09 13:35:00-04:00,12.638400077819824,12.638400077819824,12.638400077819824,12.638400077819824,651,0.0,0.0
2024-10-09 13:40:00-04:00,12.649999618530273,12.649999618530273,12.649999618530273,12.649999618530273,781,0.0,0.0
2024-10-09 13:45:00-04:00,12.649999618530273,12.649999618530273,12.649999618530273,12.649999618530273,1924,0.0,0.0
2024-10-09 13:50:00-04:00,12.640000343322754,12.649999618530273,12.640000343322754,12.640000343322754,1391,0.0,0.0
2024-10-09 14:00:00-04:00,12.640000343322754,12.640000343322754,12.640000343322754,12.640000343322754,506,0.0,0.0
2024-10-09 14:05:00-04:00,12.649999618530273,12.680000305175781,12.649999618530273,12.680000305175781,1270,0.0,0.0
2024-10-09 14:15:00-04:00,12.65999984741211,12.664999961853027,12.630000114440918,12.630000114440918,1245,0.0,0.0
2024-10-09 14:20:00-04:00,12.619999885559082,12.619999885559082,12.619999885559082,12.619999885559082,381,0.0,0.0
2024-10-09 14:25:00-04:00,12.619999885559082,12.619999885559082,12.619999885559082,12.619999885559082,245,0.0,0.0
2024-10-09 14:30:00-04:00,12.619999885559082,12.619999885559082,12.619999885559082,12.619999885559082,202,0.0,0.0
2024-10-09 14:35:00-04:00,12.640000343322754,12.659899711608887,12.630000114440918,12.659899711608887,3547,0.0,0.0
2024-10-09 14:40:00-04:00,12.65999984741211,12.65999984741211,12.649999618530273,12.649999618530273,987,0.0,0.0
2024-10-09 14:45:00-04:00,12.649999618530273,12.649999618530273,12.649999618530273,12.649999618530273,978,0.0,0.0
2024-10-09 14:50:00-04:00,12.65999984741211,12.65999984741211,12.65999984741211,12.65999984741211,1197,0.0,0.0
2024-10-09 14:55:00-04:00,12.65999984741211,12.65999984741211,12.65999984741211,12.65999984741211,1499,0.0,0.0
2024-10-09 15:00:00-04:00,12.654999732971191,12.654999732971191,12.654999732971191,12.654999732971191,250,0.0,0.0
2024-10-09 15:05:00-04:00,12.649999618530273,12.659899711608887,12.609999656677246,12.609999656677246,8393,0.0,0.0
2024-10-09 15:10:00-04:00,12.609999656677246,12.609999656677246,12.600000381469727,12.609999656677246,3228,0.0,0.0
2024-10-09 15:15:00-04:00,12.619999885559082,12.630000114440918,12.609999656677246,12.630000114440918,1995,0.0,0.0
2024-10-09 15:20:00-04:00,12.624600410461426,12.630000114440918,12.614999771118164,12.630000114440918,2201,0.0,0.0
2024-10-09 15:25:00-04:00,12.630000114440918,12.630000114440918,12.630000114440918,12.630000114440918,1163,0.0,0.0
2024-10-09 15:30:00-04:00,12.640000343322754,12.640000343322754,12.619999885559082,12.640000343322754,4174,0.0,0.0
2024-10-09 15:35:00-04:00,12.630000114440918,12.654999732971191,12.630000114440918,12.654999732971191,3370,0.0,0.0
2024-10-09 15:40:00-04:00,12.649999618530273,12.649999618530273,12.649999618530273,12.649999618530273,1035,0.0,0.0
2024-10-09 15:45:00-04:00,12.649999618530273,12.65999984741211,12.645000457763672,12.649999618530273,3529,0.0,0.0
2024-10-09 15:50:00-04:00,12.65999984741211,12.6899995803833,12.65999984741211,12.675000190734863,4766,0.0,0.0
2024-10-09 15:55:00-04:00,12.675000190734863,12.710000038146973,12.675000190734863,12.710000038146973,26912,0.0,0.0
2024-10-10 09:30:00-04:00,12.510000228881836,12.595000267028809,12.510000228881836,12.595000267028809,3798,0.0,0.0
2024-10-10 09:35:00-04:00,12.529999732971191,12.529999732971191,12.479999542236328,12.489999771118164,1624,0.0,0.0
2024-10-10 09:40:00-04:00,12.470000267028809,12.470000267028809,12.470000267028809,12.470000267028809,244,0.0,0.0
2024-10-10 09:50:00-04:00,12.460000038146973,12.489999771118164,12.460000038146973,12.489999771118164,1935,0.0,0.0
2024-10-10 09:55:00-04:00,12.489999771118164,12.5,12.489999771118164,12.5,367,0.0,0.0
2024-10-10 10:00:00-04:00,12.505000114440918,12.520000457763672,12.5,12.520000457763672,576,0.0,0.0
2024-10-10 10:05:00-04:00,12.520000457763672,12.520000457763672,12.489999771118164,12.489999771118164,1139,0.0,0.0
2024-10-10 10:15:00-04:00,12.539999961853027,12.54990005493164,12.529999732971191,12.529999732971191,1778,0.0,0.0
2024-10-10 10:25:00-04:00,12.529999732971191,12.529999732971191,12.510000228881836,12.520000457763672,2483,0.0,0.0
2024-10-10 10:30:00-04:00,12.519000053405762,12.529999732971191,12.519000053405762,12.529999732971191,1645,0.0,0.0
2024-10-10 10:35:00-04:00,12.550000190734863,12.569899559020996,12.550000190734863,12.569899559020996,1580,0.0,0.0
2024-10-10 10:40:00-04:00,12.5600004196167,12.574999809265137,12.550000190734863,12.569999694824219,3851,0.0,0.0
2024-10-10 10:45:00-04:00,12.569999694824219,12.569999694824219,12.550000190734863,12.550000190734863,706,0.0,0.0
2024-10-10 10:50:00-04:00,12.541799545288086,12.5600004196167,12.539999961853027,12.539999961853027,1028,0.0,0.0
2024-10-10 11:00:00-04:00,12.510000228881836,12.520000457763672,12.5,12.520000457763672,2170,0.0,0.0
2024-10-10 11:05:00-04:00,12.550999641418457,12.550999641418457,12.550999641418457,12.550999641418457,250,0.0,0.0
2024-10-10 11:10:00-04:00,12.569999694824219,12.59000015258789,12.568699836730957,12.59000015258789,1620,0.0,0.0
2024-10-10 11:15:00-04:00,12.57800006866455,12.59000015258789,12.57800006866455,12.59000015258789,1876,0.0,0.0
2024-10-10 11:20:00-04:00,12.569999694824219,12.600000381469727,12.5600004196167,12.600000381469727,3322,0.0,0.0
2024-10-10 11:25:00-04:00,12.59000015258789,12.59000015258789,12.579999923706055,12.579999923706055,1189,0.0,0.0
2024-10-10 11:30:00-04:00,12.59000015258789,12.59000015258789,12.59000015258789,12.59000015258789,800,0.0,0.0
2024-10-10 11:35:00-04:00,12.600000381469727,12.600000381469727,12.600000381469727,12.600000381469727,125,0.0,0.0
2024-10-10 11:40:00-04:00,12.600000381469727,12.609999656677246,12.600000381469727,12.600000381469727,1527,0.0,0.0
2024-10-10 11:45:00-04:00,12.600000381469727,12.609999656677246,12.600000381469727,12.609999656677246,642,0.0,0.0
2024-10-10 11:50:00-04:00,12.600000381469727,12.600000381469727,12.59000015258789,12.59000015258789,1322,0.0,0.0
2024-10-10 11:55:00-04:00,12.609999656677246,12.609999656677246,12.609999656677246,12.609999656677246,320,0.0,0.0
2024-10-10 12:00:00-04:00,12.619999885559082,12.630000114440918,12.61989974975586,12.619999885559082,2335,0.0,0.0
2024-10-10 12:05:00-04:00,12.619999885559082,12.619999885559082,12.619999885559082,12.619999885559082,858,0.0,0.0
2024-10-10 12:10:00-04:00,12.630000114440918,12.649999618530273,12.630000114440918,12.649999618530273,2334,0.0,0.0
2024-10-10 12:15:00-04:00,12.630000114440918,12.630000114440918,12.630000114440918,12.630000114440918,1720,0.0,0.0
2024-10-10 12:20:00-04:00,12.630000114440918,12.630000114440918,12.630000114440918,12.630000114440918,494,0.0,0.0
2024-10-10 12:25:00-04:00,12.619999885559082,12.621000289916992,12.609999656677246,12.609999656677246,1754,0.0,0.0
2024-10-10 12:30:00-04:00,12.619999885559082,12.619999885559082,12.619999885559082,12.619999885559082,895,0.0,0.0
2024-10-10 12:35:00-04:00,12.630000114440918,12.630000114440918,12.630000114440918,12.630000114440918,990,0.0,0.0
2024-10-10 12:40:00-04:00,12.630000114440918,12.630000114440918,12.609999656677246,12.619999885559082,3372,0.0,0.0
2024-10-10 12:45:00-04:00,12.600099563598633,12.609999656677246,12.600000381469727,12.609999656677246,2964,0.0,0.0
2024-10-10 12:50:00-04:00,12.609000205993652,12.640000343322754,12.609000205993652,12.630000114440918,2269,0.0,0.0
2024-10-10 12:55:00-04:00,12.619999885559082,12.619999885559082,12.619999885559082,12.619999885559082,707,0.0,0.0
2024-10-10 13:05:00-04:00,12.619999885559082,12.619999885559082,12.609999656677246,12.609999656677246,2783,0.0,0.0
2024-10-10 13:15:00-04:00,12.603300094604492,12.640000343322754,12.603300094604492,12.640000343322754,1306,0.0,0.0
2024-10-10 13:20:00-04:00,12.640000343322754,12.65999984741211,12.640000343322754,12.65999984741211,1308,0.0,0.0
2024-10-10 13:25:00-04:00,12.640000343322754,12.640000343322754,12.619999885559082,12.619999885559082,1725,0.0,0.0
2024-10-10 13:30:00-04:00,12.630000114440918,12.630000114440918,12.630000114440918,12.630000114440918,596,0.0,0.0
2024-10-10 13:35:00-04:00,12.640000343322754,12.640000343322754,12.640000343322754,12.640000343322754,257,0.0,0.0
2024-10-10 13:40:00-04:00,12.640000343322754,12.640000343322754,12.630000114440918,12.640000343322754,688,0.0,0.0
2024-10-10 13:45:00-04:00,12.640000343322754,12.640000343322754,12.619999885559082,12.619999885559082,1883,0.0,0.0
2024-10-10 13:50:00-04:00,12.61400032043457,12.614999771118164,12.600000381469727,12.609999656677246,3432,0.0,0.0
2024-10-10 13:55:00-04:00,12.609999656677246,12.619999885559082,12.609999656677246,12.619999885559082,1638,0.0,0.0
2024-10-10 14:00:00-04:00,12.630000114440918,12.630000114440918,12.604999542236328,12.604999542236328,1545,0.0,0.0
2024-10-10 14:05:00-04:00,12.600000381469727,12.600000381469727,12.600000381469727,12.600000381469727,712,0.0,0.0
2024-10-10 14:10:00-04:00,12.59000015258789,12.59000015258789,12.59000015258789,12.59000015258789,438,0.0,0.0
2024-10-10 14:15:00-04:00,12.579999923706055,12.579999923706055,12.571000099182129,12.571000099182129,1347,0.0,0.0
2024-10-10 14:20:00-04:00,12.59000015258789,12.59000015258789,12.59000015258789,12.59000015258789,600,0.0,0.0
2024-10-10 14:25:00-04:00,12.600000381469727,12.609999656677246,12.600000381469727,12.609999656677246,917,0.0,0.0
2024-10-10 14:30:00-04:00,12.609999656677246,12.609999656677246,12.609999656677246,12.609999656677246,530,0.0,0.0
2024-10-10 14:35:00-04:00,12.609999656677246,12.609999656677246,12.590999603271484,12.609999656677246,709,0.0,0.0
2024-10-10 14:40:00-04:00,12.609999656677246,12.609999656677246,12.5600004196167,12.5600004196167,3018,0.0,0.0
2024-10-10 14:50:00-04:00,12.579999923706055,12.579999923706055,12.579999923706055,12.579999923706055,1001,0.0,0.0
2024-10-10 14:55:00-04:00,12.59000015258789,12.600000381469727,12.59000015258789,12.59000015258789,2381,0.0,0.0
2024-10-10 15:00:00-04:00,12.579999923706055,12.579999923706055,12.579999923706055,12.579999923706055,1406,0.0,0.0
2024-10-10 15:10:00-04:00,12.59000015258789,12.59000015258789,12.59000015258789,12.59000015258789,2289,0.0,0.0
2024-10-10 15:20:00-04:00,12.59000015258789,12.59000015258789,12.59000015258789,12.59000015258789,695,0.0,0.0
2024-10-10 15:25:00-04:00,12.600000381469727,12.619999885559082,12.600000381469727,12.60099983215332,1491,0.0,0.0
2024-10-10 15:30:00-04:00,12.609999656677246,12.619999885559082,12.59000015258789,12.59000015258789,2773,0.0,0.0
2024-10-10 15:35:00-04:00,12.600000381469727,12.630000114440918,12.600000381469727,12.630000114440918,3058,0.0,0.0
2024-10-10 15:40:00-04:00,12.630000114440918,12.649999618530273,12.630000114440918,12.630000114440918,4266,0.0,0.0
2024-10-10 15:45:00-04:00,12.630000114440918,12.635000228881836,12.630000114440918,12.630000114440918,1282,0.0,0.0
2024-10-10 15:50:00-04:00,12.635000228881836,12.670000076293945,12.635000228881836,12.670000076293945,10958,0.0,0.0
2024-10-10 15:55:00-04:00,12.670000076293945,12.710000038146973,12.670000076293945,12.710000038146973,34252,0.0,0.0
2024-10-11 09:30:00-04:00,12.75,12.829999923706055,12.75,12.829999923706055,2140,0.0,0.0
2024-10-11 09:45:00-04:00,12.854999542236328,12.854999542236328,12.854999542236328,12.854999542236328,327,0.0,0.0
2024-10-11 09:50:00-04:00,12.770000457763672,12.829999923706055,12.770000457763672,12.789999961853027,2091,0.0,0.0
2024-10-11 10:00:00-04:00,12.770000457763672,12.800000190734863,12.739999771118164,12.78499984741211,2891,0.0,0.0
2024-10-11 10:05:00-04:00,12.795000076293945,12.8100004196167,12.795000076293945,12.800000190734863,3449,0.0,0.0
2024-10-11 10:10:00-04:00,12.800000190734863,12.819999694824219,12.800000190734863,12.819999694824219,1427,0.0,0.0
2024-10-11 10:15:00-04:00,12.84000015258789,12.880000114440918,12.829999923706055,12.859999656677246,6977,0.0,0.0
2024-10-11 10:20:00-04:00,12.829999923706055,12.850000381469727,12.819999694824219,12.850000381469727,3430,0.0,0.0
2024-10-11 10:25:00-04:00,12.869999885559082,12.869999885559082,12.829999923706055,12.829999923706055,602,0.0,0.0
2024-10-11 10:30:00-04:00,12.82800006866455,12.82800006866455,12.8100004196167,12.824999809265137,1516,0.0,0.0
2024-10-11 10:35:00-04:00,12.829999923706055,12.830100059509277,12.829999923706055,12.830100059509277,1193,0.0,0.0
2024-10-11 10:40:00-04:00,12.84000015258789,12.84000015258789,12.829999923706055,12.829999923706055,1397,0.0,0.0
2024-10-11 10:45:00-04:00,12.819999694824219,12.819999694824219,12.819999694824219,12.819999694824219,1274,0.0,0.0
2024-10-11 10:50:00-04:00,12.829999923706055,12.84000015258789,12.829999923706055,12.829999923706055,2073,0.0,0.0
2024-10-11 10:55:00-04:00,12.829999923706055,12.829999923706055,12.829999923706055,12.829999923706055,553,0.0,0.0
2024-10-11 11:00:00-04:00,12.829999923706055,12.829999923706055,12.829999923706055,12.829999923706055,1371,0.0,0.0
2024-10-11 11:05:00-04:00,12.819999694824219,12.819999694824219,12.819999694824219,12.819999694824219,210,0.0,0.0
2024-10-11 11:10:00-04:00,12.819999694824219,12.829999923706055,12.819999694824219,12.829999923706055,531,0.0,0.0
2024-10-11 11:15:00-04:00,12.819999694824219,12.819999694824219,12.819999694824219,12.819999694824219,443,0.0,0.0
2024-10-11 11:20:00-04:00,12.819999694824219,12.819999694824219,12.8100004196167,12.8100004196167,722,0.0,0.0
2024-10-11 11:30:00-04:00,12.8100004196167,12.8100004196167,12.800000190734863,12.800000190734863,563,0.0,0.0
2024-10-11 11:35:00-04:00,12.807999610900879,12.829999923706055,12.807999610900879,12.829999923706055,1581,0.0,0.0
2024-10-11 11:40:00-04:00,12.829999923706055,12.829999923706055,12.824999809265137,12.824999809265137,922,0.0,0.0
2024-10-11 11:50:00-04:00,12.829999923706055,12.829999923706055,12.829999923706055,12.829999923706055,1551,0.0,0.0
2024-10-11 12:05:00-04:00,12.819000244140625,12.819000244140625,12.8100004196167,12.8100004196167,1725,0.0,0.0
2024-10-11 12:10:00-04:00,12.789999961853027,12.789999961853027,12.789999961853027,12.789999961853027,169,0.0,0.0
2024-10-11 12:15:00-04:00,12.8100004196167,12.8149995803833,12.8100004196167,12.8100004196167,1658,0.0,0.0
2024-10-11 12:20:00-04:00,12.800000190734863,12.800000190734863,12.789999961853027,12.789999961853027,2201,0.0,0.0
2024-10-11 12:25:00-04:00,12.779999732971191,12.8100004196167,12.770000457763672,12.800000190734863,2810,0.0,0.0
2024-10-11 12:35:00-04:00,12.789999961853027,12.800000190734863,12.789999961853027,12.789999961853027,735,0.0,0.0
2024-10-11 12:40:00-04:00,12.789999961853027,12.805000305175781,12.779999732971191,12.805000305175781,1383,0.0,0.0
2024-10-11 12:45:00-04:00,12.8100004196167,12.8100004196167,12.800000190734863,12.800000190734863,967,0.0,0.0
2024-10-11 12:55:00-04:00,12.800000190734863,12.8100004196167,12.800000190734863,12.8100004196167,543,0.0,0.0
2024-10-11 13:00:00-04:00,12.819999694824219,12.84000015258789,12.819999694824219,12.829999923706055,2187,0.0,0.0
2024-10-11 13:05:00-04:00,12.819999694824219,12.819999694824219,12.810099601745605,12.810099601745605,541,0.0,0.0
2024-10-11 13:10:00-04:00,12.8100004196167,12.8100004196167,12.8100004196167,12.8100004196167,608,0.0,0.0
2024-10-11 13:20:00-04:00,12.8100004196167,12.819999694824219,12.8100004196167,12.8100004196167,1430,0.0,0.0
2024-10-11 13:30:00-04:00,12.80090045928955,12.8100004196167,12.80090045928955,12.8100004196167,508,0.0,0.0
2024-10-11 13:35:00-04:00,12.8100004196167,12.818400382995605,12.8100004196167,12.818400382995605,326,0.0,0.0
2024-10-11 13:40:00-04:00,12.819999694824219,12.829999923706055,12.819999694824219,12.819999694824219,1975,0.0,0.0
2024-10-11 13:45:00-04:00,12.850000381469727,12.850000381469727,12.850000381469727,12.850000381469727,349,0.0,0.0
2024-10-11 13:55:00-04:00,12.845000267028809,12.845000267028809,12.845000267028809,12.845000267028809,518,0.0,0.0
2024-10-11 14:00:00-04:00,12.850000381469727,12.880000114440918,12.850000381469727,12.869999885559082,2124,0.0,0.0
2024-10-11 14:05:00-04:00,12.869999885559082,12.869999885559082,12.850000381469727,12.850000381469727,7667,0.0,0.0
2024-10-11 14:10:00-04:00,12.839900016784668,12.859999656677246,12.839900016784668,12.850000381469727,1907,0.0,0.0
2024-10-11 14:20:00-04:00,12.859999656677246,12.859999656677246,12.850000381469727,12.850000381469727,1329,0.0,0.0
2024-10-11 14:25:00-04:00,12.859999656677246,12.859999656677246,12.850000381469727,12.850000381469727,696,0.0,0.0
2024-10-11 14:30:00-04:00,12.869999885559082,12.869999885559082,12.850000381469727,12.850000381469727,954,0.0,0.0
2024-10-11 14:35:00-04:00,12.850000381469727,12.850000381469727,12.829999923706055,12.829999923706055,1377,0.0,0.0
2024-10-11 14:40:00-04:00,12.835000038146973,12.835000038146973,12.829999923706055,12.829999923706055,2152,0.0,0.0
2024-10-11 14:50:00-04:00,12.84000015258789,12.850000381469727,12.84000015258789,12.850000381469727,1183,0.0,0.0
2024-10-11 14:55:00-04:00,12.84000015258789,12.84000015258789,12.84000015258789,12.84000015258789,1440,0.0,0.0
2024-10-11 15:00:00-04:00,12.84000015258789,12.84000015258789,12.84000015258789,12.84000015258789,801,0.0,0.0
2024-10-11 15:05:00-04:00,12.829999923706055,12.829999923706055,12.829999923706055,12.829999923706055,237,0.0,0.0
2024-10-11 15:10:00-04:00,12.84000015258789,12.84000015258789,12.84000015258789,12.84000015258789,610,0.0,0.0
2024-10-11 15:15:00-04:00,12.84000015258789,12.859999656677246,12.84000015258789,12.859999656677246,4016,0.0,0.0
2024-10-11 15:20:00-04:00,12.850000381469727,12.850000381469727,12.850000381469727,12.850000381469727,3044,0.0,0.0
2024-10-11 15:25:00-04:00,12.850000381469727,12.859999656677246,12.850000381469727,12.859999656677246,1405,0.0,0.0
2024-10-11 15:30:00-04:00,12.84000015258789,12.84000015258789,12.829999923706055,12.829999923706055,1439,0.0,0.0
2024-10-11 15:35:00-04:00,12.84000015258789,12.880000114440918,12.84000015258789,12.880000114440918,3903,0.0,0.0
2024-10-11 15:40:00-04:00,12.880000114440918,12.880000114440918,12.869999885559082,12.869999885559082,2069,0.0,0.0
2024-10-11 15:45:00-04:00,12.880000114440918,12.890000343322754,12.869999885559082,12.890000343322754,4629,0.0,0.0
2024-10-11 15:50:00-04:00,12.890000343322754,12.899999618530273,12.880000114440918,12.890000343322754,8570,0.0,0.0
2024-10-11 15:55:00-04:00,12.885000228881836,12.920000076293945,12.880000114440918,12.90999984741211,29368,0.0,0.0
2024-10-14 09:30:00-04:00,12.829999923706055,12.829999923706055,12.779999732971191,12.779999732971191,3566,0.0,0.0
2024-10-14 09:40:00-04:00,12.75,12.760000228881836,12.75,12.760000228881836,3121,0.0,0.0
2024-10-14 09:45:00-04:00,12.75,12.789999961853027,12.75,12.789999961853027,1378,0.0,0.0
2024-10-14 09:50:00-04:00,12.739999771118164,12.739999771118164,12.718099594116211,12.718099594116211,1557,0.0,0.0
2024-10-14 09:55:00-04:00,12.720000267028809,12.720000267028809,12.720000267028809,12.720000267028809,286,0.0,0.0
2024-10-14 10:00:00-04:00,12.739999771118164,12.760000228881836,12.739999771118164,12.760000228881836,448,0.0,0.0
2024-10-14 10:05:00-04:00,12.75,12.770000457763672,12.739999771118164,12.770000457763672,1570,0.0,0.0
2024-10-14 10:10:00-04:00,12.770000457763672,12.770000457763672,12.770000457763672,12.770000457763672,736,0.0,0.0
2024-10-14 10:15:00-04:00,12.760000228881836,12.760000228881836,12.760000228881836,12.760000228881836,326,0.0,0.0
2024-10-14 10:20:00-04:00,12.710000038146973,12.710000038146973,12.710000038146973,12.710000038146973,135,0.0,0.0
2024-10-14 10:25:00-04:00,12.720000267028809,12.720000267028809,12.710000038146973,12.710000038146973,1532,0.0,0.0
2024-10-14 10:30:00-04:00,12.720000267028809,12.729999542236328,12.720000267028809,12.720000267028809,1869,0.0,0.0
2024-10-14 10:35:00-04:00,12.707500457763672,12.707500457763672,12.70300006866455,12.70300006866455,1546,0.0,0.0
2024-10-14 10:40:00-04:00,12.710000038146973,12.710000038146973,12.710000038146973,12.710000038146973,224,0.0,0.0
2024-10-14 10:45:00-04:00,12.720000267028809,12.729999542236328,12.720000267028809,12.720000267028809,1043,0.0,0.0
2024-10-14 10:50:00-04:00,12.699999809265137,12.699999809265137,12.699999809265137,12.699999809265137,12330,0.0,0.0
2024-10-14 10:55:00-04:00,12.729999542236328,12.729999542236328,12.729999542236328,12.729999542236328,191,0.0,0.0
2024-10-14 11:00:00-04:00,12.710000038146973,12.739999771118164,12.710000038146973,12.739999771118164,1489,0.0,0.0
2024-10-14 11:05:00-04:00,12.739999771118164,12.760000228881836,12.739999771118164,12.760000228881836,934,0.0,0.0
2024-10-14 11:10:00-04:00,12.779999732971191,12.789999961853027,12.765000343322754,12.770000457763672,3634,0.0,0.0
2024-10-14 11:15:00-04:00,12.779999732971191,12.800000190734863,12.776000022888184,12.776000022888184,2749,0.0,0.0
2024-10-14 11:20:00-04:00,12.779999732971191,12.779999732971191,12.729999542236328,12.729999542236328,1513,0.0,0.0
2024-10-14 11:25:00-04:00,12.739999771118164,12.739999771118164,12.734999656677246,12.734999656677246,1067,0.0,0.0
2024-10-14 11:35:00-04:00,12.75,12.764300346374512,12.75,12.760000228881836,1778,0.0,0.0
2024-10-14 11:50:00-04:00,12.770000457763672,12.779999732971191,12.770000457763672,12.779999732971191,694,0.0,0.0
2024-10-14 11:55:00-04:00,12.800000190734863,12.800000190734863,12.800000190734863,12.800000190734863,220,0.0,0.0
2024-10-14 12:00:00-04:00,12.779999732971191,12.784000396728516,12.779999732971191,12.784000396728516,1204,0.0,0.0
2024-10-14 12:05:00-04:00,12.779999732971191,12.779999732971191,12.779999732971191,12.779999732971191,1122,0.0,0.0
2024-10-14 12:10:00-04:00,12.779999732971191,12.8100004196167,12.779999732971191,12.8100004196167,1525,0.0,0.0
2024-10-14 12:15:00-04:00,12.800000190734863,12.800000190734863,12.800000190734863,12.800000190734863,134,0.0,0.0
2024-10-14 12:20:00-04:00,12.800000190734863,12.800000190734863,12.779999732971191,12.789999961853027,2153,0.0,0.0
2024-10-14 12:25:00-04:00,12.779999732971191,12.779999732971191,12.779999732971191,12.779999732971191,203,0.0,0.0
2024-10-14 12:30:00-04:00,12.779999732971191,12.779999732971191,12.770999908447266,12.770999908447266,1665,0.0,0.0
2024-10-14 12:35:00-04:00,12.774999618530273,12.774999618530273,12.770000457763672,12.770000457763672,530,0.0,0.0
2024-10-14 12:40:00-04:00,12.774999618530273,12.774999618530273,12.770000457763672,12.770000457763672,511,0.0,0.0
2024-10-14 12:50:00-04:00,12.770000457763672,12.770000457763672,12.770000457763672,12.770000457763672,451,0.0,0.0
2024-10-14 12:55:00-04:00,12.779999732971191,12.779999732971191,12.779999732971191,12.779999732971191,1296,0.0,0.0
2024-10-14 13:05:00-04:00,12.770000457763672,12.779999732971191,12.770000457763672,12.779999732971191,923,0.0,0.0
2024-10-14 13:15:00-04:00,12.770000457763672,12.770000457763672,12.770000457763672,12.770000457763672,1483,0.0,0.0
2024-10-14 13:20:00-04:00,12.760000228881836,12.760000228881836,12.760000228881836,12.760000228881836,393,0.0,0.0
2024-10-14 13:25:00-04:00,12.75,12.760000228881836,12.744999885559082,12.75,1950,0.0,0.0
2024-10-14 13:30:00-04:00,12.75,12.75,12.729999542236328,12.729999542236328,3679,0.0,0.0
2024-10-14 13:35:00-04:00,12.720000267028809,12.734999656677246,12.720000267028809,12.734999656677246,2932,0.0,0.0
2024-10-14 13:40:00-04:00,12.729999542236328,12.770000457763672,12.729999542236328,12.75,3439,0.0,0.0
2024-10-14 13:45:00-04:00,12.739999771118164,12.75,12.729999542236328,12.729999542236328,1158,0.0,0.0
2024-10-14 13:50:00-04:00,12.720000267028809,12.73080062866211,12.720000267028809,12.720000267028809,1123,0.0,0.0
2024-10-14 13:55:00-04:00,12.720000267028809,12.729999542236328,12.720000267028809,12.725000381469727,2392,0.0,0.0
2024-10-14 14:00:00-04:00,12.720000267028809,12.720000267028809,12.720000267028809,12.720000267028809,402,0.0,0.0
2024-10-14 14:05:00-04:00,12.720000267028809,12.720000267028809,12.720000267028809,12.720000267028809,1016,0.0,0.0
2024-10-14 14:10:00-04:00,12.720000267028809,12.720000267028809,12.720000267028809,12.720000267028809,872,0.0,0.0
2024-10-14 14:15:00-04:00,12.710000038146973,12.710000038146973,12.699999809265137,12.699999809265137,1085,0.0,0.0
2024-10-14 14:20:00-04:00,12.699999809265137,12.699999809265137,12.699999809265137,12.699999809265137,459,0.0,0.0
2024-10-14 14:25:00-04:00,12.699999809265137,12.710000038146973,12.699999809265137,12.710000038146973,368,0.0,0.0
2024-10-14 14:30:00-04:00,12.699999809265137,12.699999809265137,12.6899995803833,12.6899995803833,1722,0.0,0.0
2024-10-14 14:35:00-04:00,12.710000038146973,12.710000038146973,12.699999809265137,12.710000038146973,868,0.0,0.0
2024-10-14 14:40:00-04:00,12.699000358581543,12.699000358581543,12.699000358581543,12.699000358581543,1056,0.0,0.0
2024-10-14 14:45:00-04:00,12.699999809265137,12.699999809265137,12.6899995803833,12.699999809265137,1878,0.0,0.0
2024-10-14 14:55:00-04:00,12.680000305175781,12.680000305175781,12.680000305175781,12.680000305175781,418,0.0,0.0
2024-10-14 15:00:00-04:00,12.680000305175781,12.680000305175781,12.670000076293945,12.670000076293945,3613,0.0,0.0
2024-10-14 15:05:00-04:00,12.680000305175781,12.6850004196167,12.680000305175781,12.680000305175781,990,0.0,0.0
2024-10-14 15:10:00-04:00,12.670000076293945,12.680000305175781,12.670000076293945,12.680000305175781,3713,0.0,0.0
2024-10-14 15:15:00-04:00,12.680000305175781,12.680000305175781,12.680000305175781,12.680000305175781,263,0.0,0.0
2024-10-14 15:20:00-04:00,12.670000076293945,12.670000076293945,12.670000076293945,12.670000076293945,653,0.0,0.0
2024-10-14 15:25:00-04:00,12.670000076293945,12.680000305175781,12.670000076293945,12.680000305175781,1253,0.0,0.0
2024-10-14 15:30:00-04:00,12.675000190734863,12.6899995803833,12.670000076293945,12.680000305175781,4630,0.0,0.0
2024-10-14 15:35:00-04:00,12.6899995803833,12.6899995803833,12.675000190734863,12.6899995803833,4087,0.0,0.0
2024-10-14 15:40:00-04:00,12.6850004196167,12.694999694824219,12.6850004196167,12.6850004196167,3285,0.0,0.0
2024-10-14 15:45:00-04:00,12.680000305175781,12.725000381469727,12.680000305175781,12.710000038146973,6191,0.0,0.0
2024-10-14 15:50:00-04:00,12.710000038146973,12.720000267028809,12.699999809265137,12.699999809265137,6071,0.0,0.0
2024-10-14 15:55:00-04:00,12.699999809265137,12.710000038146973,12.649999618530273,12.649999618530273,30128,0.0,0.0
2024-10-15 09:30:00-04:00,12.550000190734863,12.550000190734863,12.550000190734863,12.550000190734863,4668,0.0,0.0
2024-10-15 09:35:00-04:00,12.585000038146973,12.585000038146973,12.529999732971191,12.579999923706055,4645,0.0,0.0
2024-10-15 09:45:00-04:00,12.5600004196167,12.579999923706055,12.510000228881836,12.5600004196167,5868,0.0,0.0
2024-10-15 09:50:00-04:00,12.59000015258789,12.59000015258789,12.539999961853027,12.569999694824219,4153,0.0,0.0
2024-10-15 09:55:00-04:00,12.569999694824219,12.59000015258789,12.550000190734863,12.5600004196167,8013,0.0,0.0
2024-10-15 10:00:00-04:00,12.569999694824219,12.585000038146973,12.550000190734863,12.569999694824219,4670,0.0,0.0
2024-10-15 10:05:00-04:00,12.5600004196167,12.614999771118164,12.550000190734863,12.604999542236328,12174,0.0,0.0
2024-10-15 10:10:00-04:00,12.609999656677246,12.630000114440918,12.59000015258789,12.609999656677246,5516,0.0,0.0
2024-10-15 10:15:00-04:00,12.630000114440918,12.654999732971191,12.609999656677246,12.654999732971191,6014,0.0,0.0
2024-10-15 10:20:00-04:00,12.670000076293945,12.710000038146973,12.670000076293945,12.710000038146973,2158,0.0,0.0
2024-10-15 10:25:00-04:00,12.699999809265137,12.699999809265137,12.65999984741211,12.65999984741211,10249,0.0,0.0
2024-10-15 10:30:00-04:00,12.65999984741211,12.670000076293945,12.630000114440918,12.640000343322754,16406,0.0,0.0
2024-10-15 10:35:00-04:00,12.649999618530273,12.670000076293945,12.640000343322754,12.649999618530273,4992,0.0,0.0
2024-10-15 10:40:00-04:00,12.649999618530273,12.670000076293945,12.609999656677246,12.649999618530273,10768,0.0,0.0
2024-10-15 10:45:00-04:00,12.645000457763672,12.680000305175781,12.619999885559082,12.675000190734863,3708,0.0,0.0
2024-10-15 10:50:00-04:00,12.675000190734863,12.6850004196167,12.640000343322754,12.670000076293945,4135,0.0,0.0
2024-10-15 10:55:00-04:00,12.670000076293945,12.680000305175781,12.609999656677246,12.65999984741211,11252,0.0,0.0
2024-10-15 11:00:00-04:00,12.654999732971191,12.6899995803833,12.630000114440918,12.670000076293945,4066,0.0,0.0
2024-10-15 11:05:00-04:00,12.670000076293945,12.680000305175781,12.640000343322754,12.649999618530273,5468,0.0,0.0
2024-10-15 11:10:00-04:00,12.630000114440918,12.670000076293945,12.59000015258789,12.65999984741211,13615,0.0,0.0
2024-10-15 11:15:00-04:00,12.65999984741211,12.699999809265137,12.649999618530273,12.664999961853027,5509,0.0,0.0
2024-10-15 11:20:00-04:00,12.664999961853027,12.6899995803833,12.640000343322754,12.654800415039062,5166,0.0,0.0
2024-10-15 11:25:00-04:00,12.65999984741211,12.680000305175781,12.619999885559082,12.649999618530273,16588,0.0,0.0
2024-10-15 11:30:00-04:00,12.649999618530273,12.670000076293945,12.649999618530273,12.649999618530273,5009,0.0,0.0
2024-10-15 11:35:00-04:00,12.649999618530273,12.65999984741211,12.619999885559082,12.645000457763672,5893,0.0,0.0
2024-10-15 11:40:00-04:00,12.640000343322754,12.654999732971191,12.640000343322754,12.654999732971191,1067,0.0,0.0
2024-10-15 11:45:00-04:00,12.65999984741211,12.680000305175781,12.619999885559082,12.670000076293945,23269,0.0,0.0
2024-10-15 11:50:00-04:00,12.649999618530273,12.65999984741211,12.609999656677246,12.609999656677246,7231,0.0,0.0
2024-10-15 11:55:00-04:00,12.609999656677246,12.640000343322754,12.609999656677246,12.630000114440918,3777,0.0,0.0
2024-10-15 12:00:00-04:00,12.619999885559082,12.630000114440918,12.600000381469727,12.619999885559082,3299,0.0,0.0
2024-10-15 12:05:00-04:00,12.619999885559082,12.630000114440918,12.609999656677246,12.619999885559082,2149,0.0,0.0
2024-10-15 12:10:00-04:00,12.619999885559082,12.630000114440918,12.609999656677246,12.630000114440918,2019,0.0,0.0
2024-10-15 12:15:00-04:00,12.619999885559082,12.625,12.619999885559082,12.625,1602,0.0,0.0
2024-10-15 12:20:00-04:00,12.619999885559082,12.630000114440918,12.619999885559082,12.619999885559082,2822,0.0,0.0
2024-10-15 12:25:00-04:00,12.619999885559082,12.630000114440918,12.619999885559082,12.619999885559082,1729,0.0,0.0
2024-10-15 12:30:00-04:00,12.630000114440918,12.640000343322754,12.619999885559082,12.619999885559082,6291,0.0,0.0
2024-10-15 12:35:00-04:00,12.625,12.680000305175781,12.619999885559082,12.664799690246582,7728,0.0,0.0
2024-10-15 12:40:00-04:00,12.65999984741211,12.65999984741211,12.640000343322754,12.649999618530273,5675,0.0,0.0
2024-10-15 12:45:00-04:00,12.654999732971191,12.658699989318848,12.640000343322754,12.645000457763672,3347,0.0,0.0
2024-10-15 12:50:00-04:00,12.640000343322754,12.649999618530273,12.640000343322754,12.645000457763672,2604,0.0,0.0
2024-10-15 12:55:00-04:00,12.640000343322754,12.640000343322754,12.640000343322754,12.640000343322754,718,0.0,0.0
2024-10-15 13:00:00-04:00,12.640000343322754,12.647100448608398,12.640000343322754,12.640000343322754,2922,0.0,0.0
2024-10-15 13:05:00-04:00,12.640000343322754,12.640000343322754,12.630000114440918,12.640000343322754,2806,0.0,0.0
2024-10-15 13:10:00-04:00,12.640000343322754,12.640000343322754,12.630000114440918,12.640000343322754,2037,0.0,0.0
2024-10-15 13:15:00-04:00,12.640000343322754,12.640000343322754,12.640000343322754,12.640000343322754,645,0.0,0.0
2024-10-15 13:20:00-04:00,12.649999618530273,12.670000076293945,12.640000343322754,12.670000076293945,1985,0.0,0.0
2024-10-15 13:30:00-04:00,12.664999961853027,12.670000076293945,12.654000282287598,12.654000282287598,2755,0.0,0.0
2024-10-15 13:40:00-04:00,12.680000305175781,12.680000305175781,12.664999961853027,12.664999961853027,1177,0.0,0.0
2024-10-15 13:45:00-04:00,12.670000076293945,12.729999542236328,12.670000076293945,12.729999542236328,2827,0.0,0.0
2024-10-15 13:50:00-04:00,12.729999542236328,12.770000457763672,12.729999542236328,12.760000228881836,1964,0.0,0.0
2024-10-15 13:55:00-04:00,12.770000457763672,12.829999923706055,12.770000457763672,12.819999694824219,4865,0.0,0.0
2024-10-15 14:00:00-04:00,12.819999694824219,12.859999656677246,12.800000190734863,12.84000015258789,8366,0.0,0.0
2024-10-15 14:05:00-04:00,12.845000267028809,12.880000114440918,12.845000267028809,12.880000114440918,3375,0.0,0.0
2024-10-15 14:10:00-04:00,12.869999885559082,12.890000343322754,12.850000381469727,12.850000381469727,9172,0.0,0.0
2024-10-15 14:15:00-04:00,12.850000381469727,12.890000343322754,12.850000381469727,12.890000343322754,7032,0.0,0.0
2024-10-15 14:20:00-04:00,12.890000343322754,12.899999618530273,12.890000343322754,12.899999618530273,2345,0.0,0.0
2024-10-15 14:25:00-04:00,12.899999618530273,12.899999618530273,12.880000114440918,12.890000343322754,2449,0.0,0.0
2024-10-15 14:30:00-04:00,12.899999618530273,12.970000267028809,12.899999618530273,12.9399995803833,9446,0.0,0.0
2024-10-15 14:35:00-04:00,12.930000305175781,12.9399995803833,12.90999984741211,12.9399995803833,2056,0.0,0.0
2024-10-15 14:40:00-04:00,12.9399995803833,12.9399995803833,12.920000076293945,12.930000305175781,1212,0.0,0.0
2024-10-15 14:45:00-04:00,12.9399995803833,12.9399995803833,12.930000305175781,12.930000305175781,1337,0.0,0.0
2024-10-15 14:50:00-04:00,12.920000076293945,12.9350004196167,12.920000076293945,12.930000305175781,1898,0.0,0.0
2024-10-15 14:55:00-04:00,12.920000076293945,12.925000190734863,12.920000076293945,12.920000076293945,1220,0.0,0.0
2024-10-15 15:00:00-04:00,12.90999984741211,12.9399995803833,12.90999984741211,12.930000305175781,4965,0.0,0.0
2024-10-15 15:05:00-04:00,12.920000076293945,12.930000305175781,12.920000076293945,12.930000305175781,3183,0.0,0.0
2024-10-15 15:10:00-04:00,12.9399995803833,12.9399995803833,12.9399995803833,12.9399995803833,2417,0.0,0.0
2024-10-15 15:15:00-04:00,12.930000305175781,12.949999809265137,12.930000305175781,12.949999809265137,3375,0.0,0.0
2024-10-15 15:20:00-04:00,12.954999923706055,12.960000038146973,12.944999694824219,12.944999694824219,2570,0.0,0.0
2024-10-15 15:25:00-04:00,12.949999809265137,12.949999809265137,12.920000076293945,12.920000076293945,3650,0.0,0.0
2024-10-15 15:30:00-04:00,12.92080020904541,12.92080020904541,12.850000381469727,12.850000381469727,10015,0.0,0.0
2024-10-15 15:35:00-04:00,12.84000015258789,12.84000015258789,12.819999694824219,12.824999809265137,4904,0.0,0.0
2024-10-15 15:40:00-04:00,12.824999809265137,12.850000381469727,12.824999809265137,12.829999923706055,9018,0.0,0.0
2024-10-15 15:45:00-04:00,12.829999923706055,12.829999923706055,12.779999732971191,12.789999961853027,21208,0.0,0.0
2024-10-15 15:50:00-04:00,12.789999961853027,12.80780029296875,12.770000457763672,12.795000076293945,21726,0.0,0.0
2024-10-15 15:55:00-04:00,12.789999961853027,12.789999961853027,12.720000267028809,12.720000267028809,50606,0.0,0.0
2024-10-16 09:30:00-04:00,12.399999618530273,12.859999656677246,12.359999656677246,12.359999656677246,30049,0.0,0.0
2024-10-16 09:35:00-04:00,12.350000381469727,12.479999542236328,12.25,12.25,6564,0.0,0.0
2024-10-16 09:40:00-04:00,12.25,12.420000076293945,12.25,12.399999618530273,11631,0.0,0.0
2024-10-16 09:45:00-04:00,12.385000228881836,12.399999618530273,12.319999694824219,12.390000343322754,4744,0.0,0.0
2024-10-16 09:50:00-04:00,12.359999656677246,12.4399995803833,12.335000038146973,12.420000076293945,7839,0.0,0.0
2024-10-16 09:55:00-04:00,12.420000076293945,12.4399995803833,12.390000343322754,12.401000022888184,5304,0.0,0.0
2024-10-16 10:00:00-04:00,12.420000076293945,12.425000190734863,12.359999656677246,12.359999656677246,7424,0.0,0.0
2024-10-16 10:05:00-04:00,12.364999771118164,12.430000305175781,12.350000381469727,12.420000076293945,9379,0.0,0.0
2024-10-16 10:10:00-04:00,12.420000076293945,12.470000267028809,12.40999984741211,12.449999809265137,5447,0.0,0.0
2024-10-16 10:15:00-04:00,12.449999809265137,12.520000457763672,12.449999809265137,12.460000038146973,5642,0.0,0.0
2024-10-16 10:20:00-04:00,12.4399995803833,12.4399995803833,12.350000381469727,12.350000381469727,3829,0.0,0.0
2024-10-16 10:25:00-04:00,12.3100004196167,12.34000015258789,12.300000190734863,12.329999923706055,7624,0.0,0.0
2024-10-16 10:30:00-04:00,12.359999656677246,12.380000114440918,12.34000015258789,12.380000114440918,5323,0.0,0.0
2024-10-16 10:35:00-04:00,12.380000114440918,12.390000343322754,12.350000381469727,12.371000289916992,8274,0.0,0.0
2024-10-16 10:40:00-04:00,12.369999885559082,12.385000228881836,12.329999923706055,12.385000228881836,4837,0.0,0.0
2024-10-16 10:45:00-04:00,12.399999618530273,12.430000305175781,12.380000114440918,12.395000457763672,5575,0.0,0.0
2024-10-16 10:50:00-04:00,12.399999618530273,12.425000190734863,12.369999885559082,12.425000190734863,11383,0.0,0.0
2024-10-16 10:55:00-04:00,12.4399995803833,12.4399995803833,12.399999618530273,12.399999618530273,4511,0.0,0.0
2024-10-16 11:00:00-04:00,12.399999618530273,12.399999618530273,12.350000381469727,12.359999656677246,3580,0.0,0.0
2024-10-16 11:05:00-04:00,12.359999656677246,12.399999618530273,12.350000381469727,12.390000343322754,5563,0.0,0.0
2024-10-16 11:10:00-04:00,12.390000343322754,12.390000343322754,12.350000381469727,12.350000381469727,4842,0.0,0.0
2024-10-16 11:15:00-04:00,12.359999656677246,12.369999885559082,12.34000015258789,12.369999885559082,3512,0.0,0.0
2024-10-16 11:20:00-04:00,12.361000061035156,12.361000061035156,12.310999870300293,12.310999870300293,2802,0.0,0.0
2024-10-16 11:25:00-04:00,12.3100004196167,12.3100004196167,12.25,12.255000114440918,7096,0.0,0.0
2024-10-16 11:30:00-04:00,12.255000114440918,12.3100004196167,12.255000114440918,12.305000305175781,2908,0.0,0.0
2024-10-16 11:35:00-04:00,12.289999961853027,12.289999961853027,12.255000114440918,12.260000228881836,2391,0.0,0.0
2024-10-16 11:40:00-04:00,12.25,12.300000190734863,12.25,12.279999732971191,4304,0.0,0.0
2024-10-16 11:45:00-04:00,12.260000228881836,12.260000228881836,12.239999771118164,12.260000228881836,4630,0.0,0.0
2024-10-16 11:50:00-04:00,12.270000457763672,12.279999732971191,12.260000228881836,12.260000228881836,1728,0.0,0.0
2024-10-16 11:55:00-04:00,12.270000457763672,12.270000457763672,12.260000228881836,12.260000228881836,2546,0.0,0.0
2024-10-16 12:00:00-04:00,12.279999732971191,12.279999732971191,12.260000228881836,12.268500328063965,3021,0.0,0.0
2024-10-16 12:05:00-04:00,12.260000228881836,12.260000228881836,12.239999771118164,12.25,2022,0.0,0.0
2024-10-16 12:10:00-04:00,12.239999771118164,12.265000343322754,12.229999542236328,12.265000343322754,5008,0.0,0.0
2024-10-16 12:15:00-04:00,12.26830005645752,12.300000190734863,12.26830005645752,12.29800033569336,4360,0.0,0.0
2024-10-16 12:20:00-04:00,12.289999961853027,12.300000190734863,12.288999557495117,12.300000190734863,2624,0.0,0.0
2024-10-16 12:25:00-04:00,12.300000190734863,12.34000015258789,12.300000190734863,12.319999694824219,7363,0.0,0.0
2024-10-16 12:30:00-04:00,12.300000190734863,12.300000190734863,12.270000457763672,12.270000457763672,721,0.0,0.0
2024-10-16 12:35:00-04:00,12.270000457763672,12.289999961853027,12.260000228881836,12.289999961853027,6674,0.0,0.0
2024-10-16 12:40:00-04:00,12.289999961853027,12.289999961853027,12.289999961853027,12.289999961853027,841,0.0,0.0
2024-10-16 12:45:00-04:00,12.295000076293945,12.350000381469727,12.289999961853027,12.335000038146973,3045,0.0,0.0
2024-10-16 12:50:00-04:00,12.34000015258789,12.34000015258789,12.300000190734863,12.3100004196167,2711,0.0,0.0
2024-10-16 12:55:00-04:00,12.300000190734863,12.34000015258789,12.295000076293945,12.34000015258789,5315,0.0,0.0
2024-10-16 13:00:00-04:00,12.324999809265137,12.34000015258789,12.3100004196167,12.324999809265137,1055,0.0,0.0
2024-10-16 13:05:00-04:00,12.324999809265137,12.324999809265137,12.25,12.255000114440918,3023,0.0,0.0
2024-10-16 13:10:00-04:00,12.255000114440918,12.289999961853027,12.25,12.260000228881836,3769,0.0,0.0
2024-10-16 13:15:00-04:00,12.279999732971191,12.300000190734863,12.270000457763672,12.281000137329102,4479,0.0,0.0
2024-10-16 13:20:00-04:00,12.289999961853027,12.300000190734863,12.279999732971191,12.300000190734863,3319,0.0,0.0
2024-10-16 13:25:00-04:00,12.289999961853027,12.3100004196167,12.289999961853027,12.3100004196167,2813,0.0,0.0
2024-10-16 13:35:00-04:00,12.300000190734863,12.300000190734863,12.270000457763672,12.270000457763672,2741,0.0,0.0
2024-10-16 13:40:00-04:00,12.260000228881836,12.270000457763672,12.255000114440918,12.270000457763672,3555,0.0,0.0
2024-10-16 13:45:00-04:00,12.25,12.255000114440918,12.229999542236328,12.229999542236328,2026,0.0,0.0
2024-10-16 13:50:00-04:00,12.229999542236328,12.25,12.229999542236328,12.25,3346,0.0,0.0
2024-10-16 13:55:00-04:00,12.239999771118164,12.279999732971191,12.239999771118164,12.279999732971191,5556,0.0,0.0
2024-10-16 14:00:00-04:00,12.270000457763672,12.279899597167969,12.270000457763672,12.270000457763672,3400,0.0,0.0
2024-10-16 14:05:00-04:00,12.270000457763672,12.274999618530273,12.270000457763672,12.274999618530273,2896,0.0,0.0
2024-10-16 14:10:00-04:00,12.279999732971191,12.279999732971191,12.260000228881836,12.260000228881836,2612,0.0,0.0
2024-10-16 14:15:00-04:00,12.265000343322754,12.274999618530273,12.265000343322754,12.270000457763672,3568,0.0,0.0
2024-10-16 14:20:00-04:00,12.260000228881836,12.265000343322754,12.239999771118164,12.244999885559082,2805,0.0,0.0
2024-10-16 14:25:00-04:00,12.239999771118164,12.260000228881836,12.234999656677246,12.260000228881836,6592,0.0,0.0
2024-10-16 14:30:00-04:00,12.255000114440918,12.329999923706055,12.255000114440918,12.3100004196167,12054,0.0,0.0
2024-10-16 14:35:00-04:00,12.300000190734863,12.329999923706055,12.295000076293945,12.319999694824219,6264,0.0,0.0
2024-10-16 14:40:00-04:00,12.319999694824219,12.329999923706055,12.319999694824219,12.324999809265137,1337,0.0,0.0
2024-10-16 14:45:00-04:00,12.319999694824219,12.335000038146973,12.319999694824219,12.335000038146973,3825,0.0,0.0
2024-10-16 14:50:00-04:00,12.335000038146973,12.34000015258789,12.329999923706055,12.329999923706055,3560,0.0,0.0
2024-10-16 14:55:00-04:00,12.329999923706055,12.329999923706055,12.3100004196167,12.3100004196167,3489,0.0,0.0
2024-10-16 15:00:00-04:00,12.3149995803833,12.324999809265137,12.300000190734863,12.319999694824219,12396,0.0,0.0
2024-10-16 15:05:00-04:00,12.34000015258789,12.350000381469727,12.335000038146973,12.350000381469727,2539,0.0,0.0
2024-10-16 15:10:00-04:00,12.345000267028809,12.349699974060059,12.329999923706055,12.329999923706055,5051,0.0,0.0
2024-10-16 15:15:00-04:00,12.335000038146973,12.335000038146973,12.319999694824219,12.324999809265137,5377,0.0,0.0
2024-10-16 15:20:00-04:00,12.319999694824219,12.324999809265137,12.319100379943848,12.319999694824219,3402,0.0,0.0
2024-10-16 15:25:00-04:00,12.319999694824219,12.329000473022461,12.300000190734863,12.3100004196167,7095,0.0,0.0
2024-10-16 15:30:00-04:00,12.305000305175781,12.319999694824219,12.305000305175781,12.3149995803833,5973,0.0,0.0
2024-10-16 15:35:00-04:00,12.319999694824219,12.329999923706055,12.319999694824219,12.324999809265137,10181,0.0,0.0
2024-10-16 15:40:00-04:00,12.324999809265137,12.350000381469727,12.324999809265137,12.349100112915039,7724,0.0,0.0
2024-10-16 15:45:00-04:00,12.350000381469727,12.380000114440918,12.350000381469727,12.375,11121,0.0,0.0
2024-10-16 15:50:00-04:00,12.375,12.375,12.359999656677246,12.369999885559082,17025,0.0,0.0
2024-10-16 15:55:00-04:00,12.359999656677246,12.40999984741211,12.345000267028809,12.40999984741211,61769,0.0,0.0
2024-10-17 09:30:00-04:00,12.4399995803833,12.494999885559082,12.359999656677246,12.40999984741211,21314,0.0,0.0
2024-10-17 09:35:00-04:00,12.380000114440918,12.449999809265137,12.380000114440918,12.449999809265137,2107,0.0,0.0
2024-10-17 09:40:00-04:00,12.449999809265137,12.489999771118164,12.449999809265137,12.489999771118164,2505,0.0,0.0
2024-10-17 09:45:00-04:00,12.479999542236328,12.479999542236328,12.460000038146973,12.479999542236328,1655,0.0,0.0
2024-10-17 09:50:00-04:00,12.460000038146973,12.470000267028809,12.430000305175781,12.4399995803833,3596,0.0,0.0
2024-10-17 09:55:00-04:00,12.4399995803833,12.449999809265137,12.430000305175781,12.430000305175781,2827,0.0,0.0
2024-10-17 10:00:00-04:00,12.430000305175781,12.430000305175781,12.399999618530273,12.399999618530273,2624,0.0,0.0
2024-10-17 10:05:00-04:00,12.399999618530273,12.420000076293945,12.380000114440918,12.40999984741211,5960,0.0,0.0
2024-10-17 10:10:00-04:00,12.399999618530273,12.40999984741211,12.390000343322754,12.390000343322754,1791,0.0,0.0
2024-10-17 10:15:00-04:00,12.380000114440918,12.380000114440918,12.359999656677246,12.369999885559082,5765,0.0,0.0
2024-10-17 10:20:00-04:00,12.359999656677246,12.404999732971191,12.359999656677246,12.404999732971191,2817,0.0,0.0
2024-10-17 10:25:00-04:00,12.399999618530273,12.399999618530273,12.359999656677246,12.369999885559082,5671,0.0,0.0
2024-10-17 10:30:00-04:00,12.369999885559082,12.380000114440918,12.354999542236328,12.354999542236328,4524,0.0,0.0
2024-10-17 10:35:00-04:00,12.359999656677246,12.369999885559082,12.350000381469727,12.369999885559082,1782,0.0,0.0
2024-10-17 10:40:00-04:00,12.359999656677246,12.359999656677246,12.34000015258789,12.34000015258789,4823,0.0,0.0
2024-10-17 10:45:00-04:00,12.34000015258789,12.350000381469727,12.329999923706055,12.329999923706055,3294,0.0,0.0
2024-10-17 10:50:00-04:00,12.329999923706055,12.329999923706055,12.289999961853027,12.289999961853027,7114,0.0,0.0
2024-10-17 10:55:00-04:00,12.289999961853027,12.300000190734863,12.279999732971191,12.289999961853027,4797,0.0,0.0
2024-10-17 11:00:00-04:00,12.295000076293945,12.300000190734863,12.279999732971191,12.300000190734863,8800,0.0,0.0
2024-10-17 11:05:00-04:00,12.289999961853027,12.3100004196167,12.289999961853027,12.295000076293945,3754,0.0,0.0
2024-10-17 11:10:00-04:00,12.279999732971191,12.279999732971191,12.260000228881836,12.260000228881836,3305,0.0,0.0
2024-10-17 11:15:00-04:00,12.270000457763672,12.274999618530273,12.255000114440918,12.255000114440918,3543,0.0,0.0
2024-10-17 11:20:00-04:00,12.255000114440918,12.255000114440918,12.229999542236328,12.255000114440918,4963,0.0,0.0
2024-10-17 11:25:00-04:00,12.25,12.25,12.239999771118164,12.25,817,0.0,0.0
2024-10-17 11:30:00-04:00,12.239999771118164,12.239999771118164,12.239999771118164,12.239999771118164,1773,0.0,0.0
2024-10-17 11:35:00-04:00,12.260000228881836,12.265000343322754,12.25,12.260000228881836,3661,0.0,0.0
2024-10-17 11:40:00-04:00,12.260000228881836,12.269000053405762,12.260000228881836,12.260000228881836,2262,0.0,0.0
2024-10-17 11:45:00-04:00,12.260000228881836,12.260000228881836,12.25,12.25,1722,0.0,0.0
2024-10-17 11:50:00-04:00,12.25,12.279999732971191,12.25,12.274999618530273,6128,0.0,0.0
2024-10-17 11:55:00-04:00,12.270000457763672,12.274999618530273,12.260000228881836,12.274999618530273,2172,0.0,0.0
2024-10-17 12:00:00-04:00,12.278200149536133,12.279999732971191,12.260000228881836,12.260000228881836,2211,0.0,0.0
2024-10-17 12:05:00-04:00,12.265000343322754,12.289999961853027,12.25,12.28499984741211,4682,0.0,0.0
2024-10-17 12:10:00-04:00,12.289999961853027,12.289999961853027,12.289999961853027,12.289999961853027,1385,0.0,0.0
2024-10-17 12:15:00-04:00,12.28499984741211,12.295000076293945,12.28499984741211,12.295000076293945,1874,0.0,0.0
2024-10-17 12:20:00-04:00,12.295000076293945,12.3100004196167,12.295000076293945,12.300000190734863,2004,0.0,0.0
2024-10-17 12:25:00-04:00,12.300000190734863,12.300000190734863,12.289999961853027,12.289999961853027,3535,0.0,0.0
2024-10-17 12:30:00-04:00,12.279999732971191,12.28499984741211,12.279999732971191,12.279999732971191,1001,0.0,0.0
2024-10-17 12:35:00-04:00,12.279999732971191,12.300000190734863,12.279999732971191,12.300000190734863,4062,0.0,0.0
2024-10-17 12:40:00-04:00,12.300000190734863,12.300000190734863,12.270000457763672,12.279999732971191,2647,0.0,0.0
2024-10-17 12:45:00-04:00,12.289999961853027,12.359999656677246,12.27299976348877,12.359999656677246,7833,0.0,0.0
2024-10-17 12:50:00-04:00,12.359999656677246,12.359999656677246,12.350000381469727,12.350000381469727,1566,0.0,0.0
2024-10-17 12:55:00-04:00,12.350000381469727,12.359999656677246,12.350000381469727,12.359999656677246,2372,0.0,0.0
2024-10-17 13:00:00-04:00,12.359999656677246,12.380000114440918,12.350000381469727,12.380000114440918,4075,0.0,0.0
2024-10-17 13:05:00-04:00,12.375,12.390000343322754,12.359999656677246,12.390000343322754,7984,0.0,0.0
2024-10-17 13:10:00-04:00,12.390000343322754,12.40999984741211,12.390000343322754,12.40999984741211,4592,0.0,0.0
2024-10-17 13:15:00-04:00,12.40999984741211,12.40999984741211,12.390000343322754,12.40999984741211,4100,0.0,0.0
2024-10-17 13:20:00-04:00,12.420000076293945,12.420000076293945,12.414999961853027,12.414999961853027,1830,0.0,0.0
2024-10-17 13:30:00-04:00,12.420000076293945,12.449999809265137,12.420000076293945,12.449999809265137,3690,0.0,0.0
2024-10-17 13:35:00-04:00,12.444999694824219,12.449999809265137,12.4399995803833,12.449999809265137,4123,0.0,0.0
2024-10-17 13:40:00-04:00,12.449999809265137,12.460000038146973,12.4399995803833,12.4399995803833,1889,0.0,0.0
2024-10-17 13:45:00-04:00,12.4399995803833,12.460000038146973,12.4399995803833,12.454999923706055,3727,0.0,0.0
2024-10-17 13:50:00-04:00,12.460000038146973,12.470000267028809,12.454999923706055,12.460000038146973,4877,0.0,0.0
2024-10-17 13:55:00-04:00,12.460000038146973,12.460000038146973,12.449999809265137,12.454999923706055,1081,0.0,0.0
2024-10-17 14:00:00-04:00,12.460000038146973,12.470000267028809,12.4399995803833,12.449999809265137,9020,0.0,0.0
2024-10-17 14:05:00-04:00,12.4399995803833,12.4399995803833,12.420000076293945,12.425000190734863,4792,0.0,0.0
2024-10-17 14:10:00-04:00,12.425000190734863,12.430000305175781,12.40999984741211,12.420000076293945,6842,0.0,0.0
2024-10-17 14:15:00-04:00,12.430000305175781,12.430000305175781,12.420000076293945,12.420000076293945,1326,0.0,0.0
2024-10-17 14:20:00-04:00,12.420000076293945,12.420000076293945,12.40999984741211,12.40999984741211,1251,0.0,0.0
2024-10-17 14:25:00-04:00,12.414999961853027,12.414999961853027,12.40999984741211,12.414999961853027,1795,0.0,0.0
2024-10-17 14:30:00-04:00,12.40999984741211,12.414999961853027,12.390000343322754,12.40999984741211,5271,0.0,0.0
2024-10-17 14:35:00-04:00,12.390000343322754,12.420000076293945,12.390000343322754,12.420000076293945,6309,0.0,0.0
2024-10-17 14:40:00-04:00,12.420000076293945,12.420000076293945,12.40999984741211,12.414999961853027,1866,0.0,0.0
2024-10-17 14:45:00-04:00,12.414999961853027,12.470000267028809,12.40999984741211,12.470000267028809,7877,0.0,0.0
2024-10-17 14:50:00-04:00,12.470000267028809,12.472000122070312,12.449999809265137,12.449999809265137,5916,0.0,0.0
2024-10-17 14:55:00-04:00,12.449999809265137,12.460000038146973,12.430000305175781,12.460000038146973,5476,0.0,0.0
2024-10-17 15:00:00-04:00,12.454999923706055,12.489999771118164,12.454999923706055,12.489999771118164,3898,0.0,0.0
2024-10-17 15:05:00-04:00,12.489999771118164,12.5,12.489999771118164,12.5,2341,0.0,0.0
2024-10-17 15:10:00-04:00,12.5,12.520000457763672,12.479999542236328,12.510000228881836,10903,0.0,0.0
2024-10-17 15:15:00-04:00,12.510000228881836,12.510000228881836,12.510000228881836,12.510000228881836,2608,0.0,0.0
2024-10-17 15:20:00-04:00,12.510000228881836,12.520000457763672,12.5,12.520000457763672,3744,0.0,0.0
2024-10-17 15:25:00-04:00,12.520000457763672,12.5600004196167,12.520000457763672,12.555000305175781,16156,0.0,0.0
2024-10-17 15:30:00-04:00,12.555000305175781,12.579999923706055,12.550000190734863,12.569999694824219,9481,0.0,0.0
2024-10-17 15:35:00-04:00,12.569999694824219,12.619999885559082,12.569999694824219,12.619999885559082,13868,0.0,0.0
2024-10-17 15:40:00-04:00,12.619999885559082,12.630000114440918,12.609999656677246,12.609999656677246,13581,0.0,0.0
2024-10-17 15:45:00-04:00,12.614999771118164,12.619999885559082,12.579999923706055,12.614999771118164,16777,0.0,0.0
2024-10-17 15:50:00-04:00,12.614999771118164,12.65999984741211,12.609999656677246,12.654999732971191,41797,0.0,0.0
2024-10-17 15:55:00-04:00,12.654999732971191,12.680000305175781,12.640000343322754,12.680000305175781,87512,0.0,0.0
2024-10-18 09:30:00-04:00,12.680000305175781,12.789999961853027,12.680000305175781,12.729999542236328,22110,0.0,0.0
2024-10-18 09:35:00-04:00,12.699999809265137,12.800000190734863,12.699999809265137,12.765000343322754,9351,0.0,0.0
2024-10-18 09:40:00-04:00,12.789999961853027,12.800000190734863,12.729999542236328,12.739999771118164,11752,0.0,0.0
2024-10-18 09:45:00-04:00,12.75,12.800000190734863,12.720000267028809,12.725000381469727,12666,0.0,0.0
2024-10-18 09:50:00-04:00,12.710000038146973,12.720000267028809,12.680000305175781,12.710000038146973,4210,0.0,0.0
2024-10-18 09:55:00-04:00,12.699999809265137,12.720000267028809,12.65999984741211,12.65999984741211,5753,0.0,0.0
2024-10-18 10:00:00-04:00,12.65999984741211,12.670000076293945,12.649999618530273,12.670000076293945,5165,0.0,0.0
2024-10-18 10:05:00-04:00,12.670000076293945,12.670000076293945,12.654999732971191,12.65999984741211,4786,0.0,0.0
2024-10-18 10:10:00-04:00,12.65999984741211,12.65999984741211,12.609999656677246,12.609999656677246,6180,0.0,0.0
2024-10-18 10:15:00-04:00,12.619999885559082,12.630000114440918,12.600000381469727,12.600000381469727,5678,0.0,0.0
2024-10-18 10:20:00-04:00,12.59000015258789,12.600000381469727,12.569999694824219,12.59000015258789,8827,0.0,0.0
2024-10-18 10:25:00-04:00,12.600000381469727,12.619999885559082,12.600000381469727,12.614999771118164,2857,0.0,0.0
2024-10-18 10:30:00-04:00,12.609999656677246,12.614999771118164,12.569999694824219,12.569999694824219,10197,0.0,0.0
2024-10-18 10:35:00-04:00,12.5649995803833,12.59000015258789,12.5600004196167,12.579999923706055,3525,0.0,0.0
2024-10-18 10:40:00-04:00,12.579999923706055,12.579999923706055,12.574999809265137,12.574999809265137,2635,0.0,0.0
2024-10-18 10:45:00-04:00,12.569999694824219,12.574999809265137,12.550000190734863,12.569999694824219,5907,0.0,0.0
2024-10-18 10:50:00-04:00,12.574999809265137,12.579999923706055,12.569999694824219,12.579999923706055,3452,0.0,0.0
2024-10-18 10:55:00-04:00,12.539999961853027,12.600000381469727,12.539999961853027,12.600000381469727,4404,0.0,0.0
2024-10-18 11:00:00-04:00,12.59000015258789,12.600000381469727,12.59000015258789,12.600000381469727,3219,0.0,0.0
2024-10-18 11:05:00-04:00,12.600000381469727,12.609999656677246,12.59000015258789,12.609999656677246,3581,0.0,0.0
2024-10-18 11:10:00-04:00,12.61400032043457,12.614999771118164,12.600000381469727,12.600000381469727,1986,0.0,0.0
2024-10-18 11:15:00-04:00,12.604999542236328,12.630000114440918,12.604999542236328,12.619999885559082,3497,0.0,0.0
2024-10-18 11:20:00-04:00,12.619999885559082,12.619999885559082,12.579999923706055,12.585000038146973,3183,0.0,0.0
2024-10-18 11:25:00-04:00,12.579999923706055,12.600000381469727,12.574999809265137,12.600000381469727,4109,0.0,0.0
2024-10-18 11:30:00-04:00,12.609999656677246,12.619999885559082,12.600000381469727,12.619999885559082,1414,0.0,0.0
2024-10-18 11:35:00-04:00,12.619999885559082,12.630000114440918,12.609999656677246,12.619999885559082,4014,0.0,0.0
2024-10-18 11:40:00-04:00,12.609999656677246,12.609999656677246,12.585000038146973,12.59000015258789,4957,0.0,0.0
2024-10-18 11:45:00-04:00,12.59000015258789,12.59000015258789,12.569999694824219,12.574999809265137,2371,0.0,0.0
2024-10-18 11:50:00-04:00,12.569999694824219,12.579999923706055,12.5600004196167,12.579999923706055,2988,0.0,0.0
2024-10-18 11:55:00-04:00,12.569999694824219,12.569999694824219,12.5649995803833,12.569999694824219,2384,0.0,0.0
2024-10-18 12:00:00-04:00,12.574999809265137,12.59000015258789,12.574999809265137,12.59000015258789,2355,0.0,0.0
2024-10-18 12:05:00-04:00,12.595000267028809,12.600000381469727,12.59000015258789,12.59000015258789,2586,0.0,0.0
2024-10-18 12:10:00-04:00,12.579999923706055,12.600000381469727,12.569999694824219,12.595000267028809,4819,0.0,0.0
2024-10-18 12:15:00-04:00,12.595000267028809,12.600000381469727,12.585000038146973,12.585000038146973,11272,0.0,0.0
2024-10-18 12:20:00-04:00,12.585000038146973,12.595000267028809,12.585000038146973,12.595000267028809,2018,0.0,0.0
2024-10-18 12:25:00-04:00,12.595000267028809,12.609999656677246,12.595000267028809,12.595000267028809,16112,0.0,0.0
2024-10-18 12:30:00-04:00,12.595000267028809,12.595000267028809,12.59000015258789,12.595000267028809,1860,0.0,0.0
2024-10-18 12:35:00-04:00,12.595000267028809,12.604999542236328,12.595000267028809,12.600000381469727,4706,0.0,0.0
2024-10-18 12:40:00-04:00,12.600000381469727,12.600000381469727,12.59000015258789,12.59000015258789,2691,0.0,0.0
2024-10-18 12:45:00-04:00,12.59000015258789,12.59000015258789,12.574999809265137,12.574999809265137,3045,0.0,0.0
2024-10-18 12:50:00-04:00,12.569999694824219,12.59000015258789,12.569999694824219,12.585000038146973,3262,0.0,0.0
2024-10-18 12:55:00-04:00,12.585000038146973,12.59000015258789,12.579999923706055,12.579999923706055,3180,0.0,0.0
2024-10-18 13:00:00-04:00,12.585000038146973,12.585000038146973,12.579999923706055,12.579999923706055,2258,0.0,0.0
2024-10-18 13:05:00-04:00,12.579999923706055,12.579999923706055,12.5649995803833,12.5649995803833,2277,0.0,0.0
2024-10-18 13:10:00-04:00,12.569999694824219,12.600000381469727,12.569999694824219,12.600000381469727,3711,0.0,0.0
2024-10-18 13:15:00-04:00,12.600000381469727,12.600000381469727,12.595000267028809,12.600000381469727,2390,0.0,0.0
2024-10-18 13:20:00-04:00,12.600000381469727,12.630000114440918,12.595000267028809,12.609999656677246,52353,0.0,0.0
2024-10-18 13:25:00-04:00,12.619999885559082,12.619999885559082,12.600000381469727,12.600000381469727,11492,0.0,0.0
2024-10-18 13:30:00-04:00,12.609999656677246,12.65999984741211,12.600000381469727,12.649999618530273,7525,0.0,0.0
2024-10-18 13:35:00-04:00,12.65999984741211,12.680000305175781,12.640000343322754,12.680000305175781,6724,0.0,0.0
2024-10-18 13:40:00-04:00,12.670000076293945,12.670000076293945,12.670000076293945,12.670000076293945,1915,0.0,0.0
2024-10-18 13:45:00-04:00,12.670000076293945,12.6899995803833,12.65999984741211,12.680000305175781,6757,0.0,0.0
2024-10-18 13:50:00-04:00,12.680000305175781,12.699999809265137,12.680000305175781,12.6899995803833,4928,0.0,0.0
2024-10-18 13:55:00-04:00,12.6899995803833,12.710000038146973,12.670000076293945,12.680000305175781,14262,0.0,0.0
2024-10-18 14:00:00-04:00,12.680000305175781,12.699999809265137,12.649999618530273,12.6899995803833,15579,0.0,0.0
2024-10-18 14:05:00-04:00,12.680000305175781,12.680000305175781,12.649999618530273,12.649999618530273,3504,0.0,0.0
2024-10-18 14:10:00-04:00,12.649999618530273,12.654999732971191,12.640000343322754,12.645000457763672,3430,0.0,0.0
2024-10-18 14:15:00-04:00,12.645000457763672,12.680000305175781,12.640000343322754,12.680000305175781,4076,0.0,0.0
2024-10-18 14:20:00-04:00,12.680000305175781,12.680000305175781,12.670000076293945,12.670000076293945,3884,0.0,0.0
2024-10-18 14:25:00-04:00,12.65999984741211,12.65999984741211,12.609999656677246,12.609999656677246,5697,0.0,0.0
2024-10-18 14:30:00-04:00,12.609999656677246,12.609999656677246,12.59000015258789,12.604999542236328,5659,0.0,0.0
2024-10-18 14:35:00-04:00,12.600000381469727,12.609999656677246,12.595000267028809,12.609999656677246,3692,0.0,0.0
2024-10-18 14:40:00-04:00,12.600799560546875,12.609999656677246,12.600799560546875,12.609999656677246,2757,0.0,0.0
2024-10-18 14:45:00-04:00,12.604999542236328,12.619999885559082,12.604999542236328,12.619999885559082,2790,0.0,0.0
2024-10-18 14:50:00-04:00,12.609999656677246,12.614999771118164,12.604999542236328,12.604999542236328,1994,0.0,0.0
2024-10-18 14:55:00-04:00,12.609999656677246,12.609999656677246,12.600000381469727,12.604999542236328,3228,0.0,0.0
2024-10-18 15:00:00-04:00,12.604999542236328,12.670000076293945,12.595000267028809,12.65999984741211,7685,0.0,0.0
2024-10-18 15:05:00-04:00,12.65999984741211,12.680000305175781,12.645000457763672,12.680000305175781,6462,0.0,0.0
2024-10-18 15:10:00-04:00,12.680000305175781,12.680000305175781,12.640000343322754,12.65999984741211,8500,0.0,0.0
2024-10-18 15:15:00-04:00,12.65999984741211,12.65999984741211,12.654999732971191,12.65999984741211,3224,0.0,0.0
2024-10-18 15:20:00-04:00,12.654999732971191,12.670000076293945,12.649999618530273,12.670000076293945,6677,0.0,0.0
2024-10-18 15:25:00-04:00,12.670000076293945,12.675000190734863,12.670000076293945,12.670000076293945,4544,0.0,0.0
2024-10-18 15:30:00-04:00,12.670000076293945,12.675000190734863,12.654999732971191,12.654999732971191,9403,0.0,0.0
2024-10-18 15:35:00-04:00,12.654999732971191,12.65999984741211,12.630000114440918,12.640000343322754,23232,0.0,0.0
2024-10-18 15:40:00-04:00,12.640000343322754,12.645000457763672,12.625,12.635000228881836,9138,0.0,0.0
2024-10-18 15:45:00-04:00,12.630000114440918,12.649999618530273,12.585000038146973,12.595000267028809,31265,0.0,0.0
2024-10-18 15:50:00-04:00,12.59000015258789,12.600000381469727,12.579999923706055,12.600000381469727,52766,0.0,0.0
2024-10-18 15:55:00-04:00,12.59000015258789,12.630000114440918,12.59000015258789,12.600000381469727,124178,0.0,0.0
2024-10-21 09:30:00-04:00,12.729999542236328,12.760000228881836,12.6899995803833,12.75,8421,0.0,0.0
2024-10-21 09:35:00-04:00,12.729999542236328,12.800000190734863,12.694999694824219,12.779999732971191,16865,0.0,0.0
2024-10-21 09:40:00-04:00,12.800000190734863,12.829999923706055,12.800000190734863,12.829999923706055,2037,0.0,0.0
2024-10-21 09:45:00-04:00,12.850000381469727,12.979999542236328,12.850000381469727,12.946000099182129,12795,0.0,0.0
2024-10-21 09:50:00-04:00,12.9399995803833,12.980500221252441,12.9399995803833,12.949999809265137,4290,0.0,0.0
2024-10-21 09:55:00-04:00,12.960000038146973,12.960000038146973,12.880000114440918,12.880000114440918,3976,0.0,0.0
2024-10-21 10:00:00-04:00,12.880000114440918,12.880000114440918,12.829999923706055,12.829999923706055,2854,0.0,0.0
2024-10-21 10:05:00-04:00,12.819999694824219,12.850000381469727,12.8149995803833,12.819999694824219,3669,0.0,0.0
2024-10-21 10:10:00-04:00,12.819999694824219,12.835000038146973,12.800000190734863,12.800000190734863,5383,0.0,0.0
2024-10-21 10:15:00-04:00,12.800000190734863,12.819999694824219,12.779999732971191,12.789999961853027,4767,0.0,0.0
2024-10-21 10:20:00-04:00,12.789999961853027,12.800000190734863,12.779999732971191,12.800000190734863,1732,0.0,0.0
2024-10-21 10:25:00-04:00,12.800000190734863,12.800000190734863,12.744999885559082,12.744999885559082,6113,0.0,0.0
2024-10-21 10:30:00-04:00,12.739999771118164,12.760000228881836,12.739999771118164,12.739999771118164,3370,0.0,0.0
2024-10-21 10:35:00-04:00,12.729999542236328,12.739999771118164,12.699999809265137,12.699999809265137,4356,0.0,0.0
2024-10-21 10:40:00-04:00,12.699999809265137,12.699999809265137,12.6899995803833,12.6899995803833,2215,0.0,0.0
2024-10-21 10:45:00-04:00,12.6899995803833,12.6899995803833,12.654999732971191,12.654999732971191,2811,0.0,0.0
2024-10-21 10:50:00-04:00,12.649999618530273,12.65999984741211,12.649999618530273,12.65999984741211,2144,0.0,0.0
2024-10-21 10:55:00-04:00,12.670000076293945,12.680000305175781,12.670000076293945,12.670000076293945,4325,0.0,0.0
2024-10-21 11:00:00-04:00,12.65999984741211,12.664999961853027,12.640000343322754,12.664999961853027,5421,0.0,0.0
2024-10-21 11:05:00-04:00,12.65999984741211,12.65999984741211,12.630000114440918,12.630000114440918,3672,0.0,0.0
2024-10-21 11:10:00-04:00,12.630000114440918,12.640000343322754,12.619999885559082,12.640000343322754,2361,0.0,0.0
2024-10-21 11:15:00-04:00,12.630000114440918,12.630000114440918,12.600000381469727,12.609999656677246,2835,0.0,0.0
2024-10-21 11:20:00-04:00,12.619999885559082,12.619999885559082,12.5649995803833,12.569999694824219,3566,0.0,0.0
2024-10-21 11:25:00-04:00,12.59000015258789,12.600000381469727,12.59000015258789,12.600000381469727,1315,0.0,0.0
2024-10-21 11:30:00-04:00,12.59000015258789,12.59000015258789,12.579999923706055,12.579999923706055,2230,0.0,0.0
2024-10-21 11:35:00-04:00,12.579999923706055,12.59000015258789,12.579999923706055,12.59000015258789,488,0.0,0.0
2024-10-21 11:40:00-04:00,12.59000015258789,12.600000381469727,12.59000015258789,12.595000267028809,3727,0.0,0.0
2024-10-21 11:45:00-04:00,12.604999542236328,12.604999542236328,12.595000267028809,12.595000267028809,1611,0.0,0.0
2024-10-21 11:50:00-04:00,12.59000015258789,12.600000381469727,12.59000015258789,12.600000381469727,683,0.0,0.0
2024-10-21 11:55:00-04:00,12.600000381469727,12.600000381469727,12.59000015258789,12.59000015258789,997,0.0,0.0
2024-10-21 12:00:00-04:00,12.59000015258789,12.59000015258789,12.579999923706055,12.579999923706055,1969,0.0,0.0
2024-10-21 12:05:00-04:00,12.579999923706055,12.579999923706055,12.569999694824219,12.569999694824219,839,0.0,0.0
2024-10-21 12:10:00-04:00,12.569999694824219,12.579999923706055,12.569999694824219,12.569999694824219,3460,0.0,0.0
2024-10-21 12:15:00-04:00,12.5649995803833,12.579999923706055,12.5649995803833,12.579999923706055,1273,0.0,0.0
2024-10-21 12:20:00-04:00,12.579999923706055,12.600000381469727,12.579999923706055,12.595000267028809,2284,0.0,0.0
2024-10-21 12:25:00-04:00,12.592499732971191,12.600000381469727,12.585000038146973,12.59000015258789,4013,0.0,0.0
2024-10-21 12:30:00-04:00,12.59000015258789,12.600000381469727,12.59000015258789,12.595000267028809,1182,0.0,0.0
2024-10-21 12:35:00-04:00,12.600000381469727,12.609999656677246,12.59000015258789,12.59000015258789,6409,0.0,0.0
2024-10-21 12:40:00-04:00,12.595000267028809,12.600000381469727,12.59000015258789,12.600000381469727,2832,0.0,0.0
2024-10-21 12:45:00-04:00,12.609999656677246,12.609999656677246,12.59000015258789,12.59000015258789,3335,0.0,0.0
2024-10-21 12:50:00-04:00,12.600000381469727,12.600000381469727,12.595000267028809,12.600000381469727,1754,0.0,0.0
2024-10-21 12:55:00-04:00,12.600000381469727,12.600000381469727,12.59000015258789,12.595999717712402,3267,0.0,0.0
2024-10-21 13:00:00-04:00,12.600000381469727,12.600000381469727,12.595000267028809,12.595000267028809,1148,0.0,0.0
2024-10-21 13:05:00-04:00,12.595000267028809,12.614999771118164,12.595000267028809,12.614999771118164,2616,0.0,0.0
2024-10-21 13:10:00-04:00,12.614999771118164,12.619999885559082,12.614999771118164,12.614999771118164,848,0.0,0.0
2024-10-21 13:15:00-04:00,12.614999771118164,12.614999771118164,12.614999771118164,12.614999771118164,610,0.0,0.0
2024-10-21 13:20:00-04:00,12.619999885559082,12.619999885559082,12.609999656677246,12.619999885559082,1162,0.0,0.0
2024-10-21 13:25:00-04:00,12.609999656677246,12.619999885559082,12.609999656677246,12.619999885559082,4298,0.0,0.0
2024-10-21 13:30:00-04:00,12.625,12.625,12.614999771118164,12.614999771118164,2056,0.0,0.0
2024-10-21 13:35:00-04:00,12.609999656677246,12.609999656677246,12.609999656677246,12.609999656677246,457,0.0,0.0
2024-10-21 13:40:00-04:00,12.609999656677246,12.609999656677246,12.600000381469727,12.609999656677246,3069,0.0,0.0
2024-10-21 13:45:00-04:00,12.604999542236328,12.619999885559082,12.604999542236328,12.619999885559082,2392,0.0,0.0
2024-10-21 13:50:00-04:00,12.628999710083008,12.649999618530273,12.625,12.649999618530273,6014,0.0,0.0
2024-10-21 13:55:00-04:00,12.645000457763672,12.65999984741211,12.645000457763672,12.654999732971191,2761,0.0,0.0
2024-10-21 14:00:00-04:00,12.649999618530273,12.654999732971191,12.640000343322754,12.640000343322754,3502,0.0,0.0
2024-10-21 14:05:00-04:00,12.630000114440918,12.630000114440918,12.614999771118164,12.614999771118164,2764,0.0,0.0
2024-10-21 14:10:00-04:00,12.619999885559082,12.630000114440918,12.614999771118164,12.630000114440918,4377,0.0,0.0
2024-10-21 14:15:00-04:00,12.630000114440918,12.649999618530273,12.625,12.649999618530273,2159,0.0,0.0
2024-10-21 14:20:00-04:00,12.649999618530273,12.649999618530273,12.640000343322754,12.640000343322754,2479,0.0,0.0
2024-10-21 14:25:00-04:00,12.640000343322754,12.649999618530273,12.640000343322754,12.640899658203125,2108,0.0,0.0
2024-10-21 14:30:00-04:00,12.645000457763672,12.645000457763672,12.645000457763672,12.645000457763672,476,0.0,0.0
2024-10-21 14:35:00-04:00,12.640000343322754,12.645000457763672,12.640000343322754,12.640000343322754,830,0.0,0.0
2024-10-21 14:40:00-04:00,12.649999618530273,12.649999618530273,12.630000114440918,12.630000114440918,3370,0.0,0.0
2024-10-21 14:45:00-04:00,12.635000228881836,12.640000343322754,12.630000114440918,12.640000343322754,2317,0.0,0.0
2024-10-21 14:50:00-04:00,12.639900207519531,12.639900207519531,12.630000114440918,12.630000114440918,2213,0.0,0.0
2024-10-21 14:55:00-04:00,12.630000114440918,12.630000114440918,12.625,12.630000114440918,2509,0.0,0.0
2024-10-21 15:00:00-04:00,12.630000114440918,12.645000457763672,12.630000114440918,12.645000457763672,2923,0.0,0.0
2024-10-21 15:05:00-04:00,12.649999618530273,12.649999618530273,12.640000343322754,12.640000343322754,1995,0.0,0.0
2024-10-21 15:10:00-04:00,12.645000457763672,12.645000457763672,12.630000114440918,12.630000114440918,2552,0.0,0.0
2024-10-21 15:15:00-04:00,12.630000114440918,12.640000343322754,12.600000381469727,12.609999656677246,10760,0.0,0.0
2024-10-21 15:20:00-04:00,12.614999771118164,12.614999771118164,12.595000267028809,12.609999656677246,4578,0.0,0.0
2024-10-21 15:25:00-04:00,12.614999771118164,12.614999771118164,12.609999656677246,12.614999771118164,1228,0.0,0.0
2024-10-21 15:30:00-04:00,12.609999656677246,12.614999771118164,12.595000267028809,12.600000381469727,5729,0.0,0.0
2024-10-21 15:35:00-04:00,12.609999656677246,12.630000114440918,12.609999656677246,12.619999885559082,7012,0.0,0.0
2024-10-21 15:40:00-04:00,12.630000114440918,12.630000114440918,12.625,12.630000114440918,3877,0.0,0.0
2024-10-21 15:45:00-04:00,12.625,12.630000114440918,12.614999771118164,12.614999771118164,7672,0.0,0.0
2024-10-21 15:50:00-04:00,12.614999771118164,12.619999885559082,12.604999542236328,12.609999656677246,12837,0.0,0.0
2024-10-21 15:55:00-04:00,12.604999542236328,12.609999656677246,12.5600004196167,12.5600004196167,75201,0.0,0.0
2024-10-22 09:30:00-04:00,12.520000457763672,12.520000457763672,12.520000457763672,12.520000457763672,3940,0.0,0.0
2024-10-22 09:35:00-04:00,12.5,12.5,12.449999809265137,12.449999809265137,286,0.0,0.0
2024-10-22 09:40:00-04:00,12.467399597167969,12.470000267028809,12.430000305175781,12.430000305175781,1259,0.0,0.0
2024-10-22 09:45:00-04:00,12.4399995803833,12.470000267028809,12.369999885559082,12.454999923706055,12866,0.0,0.0
2024-10-22 09:50:00-04:00,12.449999809265137,12.449999809265137,12.399999618530273,12.430000305175781,827,0.0,0.0
2024-10-22 09:55:00-04:00,12.420000076293945,12.430000305175781,12.399999618530273,12.430000305175781,5854,0.0,0.0
2024-10-22 10:00:00-04:00,12.4399995803833,12.489999771118164,12.4399995803833,12.484999656677246,6534,0.0,0.0
2024-10-22 10:05:00-04:00,12.470000267028809,12.470000267028809,12.449999809265137,12.449999809265137,1388,0.0,0.0
2024-10-22 10:10:00-04:00,12.4399995803833,12.449999809265137,12.430000305175781,12.4399995803833,2314,0.0,0.0
2024-10-22 10:15:00-04:00,12.430000305175781,12.430000305175781,12.40999984741211,12.40999984741211,1857,0.0,0.0
2024-10-22 10:20:00-04:00,12.40999984741211,12.414999961853027,12.40999984741211,12.40999984741211,2195,0.0,0.0
2024-10-22 10:25:00-04:00,12.399999618530273,12.399999618530273,12.390000343322754,12.390000343322754,3034,0.0,0.0
2024-10-22 10:30:00-04:00,12.380000114440918,12.390000343322754,12.369999885559082,12.390000343322754,5564,0.0,0.0
2024-10-22 10:35:00-04:00,12.40999984741211,12.420000076293945,12.40999984741211,12.420000076293945,2902,0.0,0.0
2024-10-22 10:40:00-04:00,12.420000076293945,12.420000076293945,12.420000076293945,12.420000076293945,538,0.0,0.0
2024-10-22 10:45:00-04:00,12.430000305175781,12.4399995803833,12.430000305175781,12.4399995803833,2051,0.0,0.0
2024-10-22 10:50:00-04:00,12.449999809265137,12.460000038146973,12.449999809265137,12.460000038146973,1381,0.0,0.0
2024-10-22 10:55:00-04:00,12.470000267028809,12.489999771118164,12.470000267028809,12.470000267028809,1785,0.0,0.0
2024-10-22 11:00:00-04:00,12.460000038146973,12.460000038146973,12.460000038146973,12.460000038146973,936,0.0,0.0
2024-10-22 11:05:00-04:00,12.4399995803833,12.449999809265137,12.4399995803833,12.449999809265137,1769,0.0,0.0
2024-10-22 11:10:00-04:00,12.449999809265137,12.449999809265137,12.449999809265137,12.449999809265137,2151,0.0,0.0
2024-10-22 11:15:00-04:00,12.470000267028809,12.479999542236328,12.470000267028809,12.479999542236328,621,0.0,0.0
2024-10-22 11:20:00-04:00,12.479999542236328,12.479999542236328,12.470000267028809,12.470000267028809,930,0.0,0.0
2024-10-22 11:25:00-04:00,12.470000267028809,12.470000267028809,12.470000267028809,12.470000267028809,857,0.0,0.0
2024-10-22 11:35:00-04:00,12.460000038146973,12.470000267028809,12.460000038146973,12.46500015258789,725,0.0,0.0
2024-10-22 11:40:00-04:00,12.46500015258789,12.46500015258789,12.460000038146973,12.460000038146973,615,0.0,0.0
2024-10-22 11:45:00-04:00,12.444999694824219,12.454999923706055,12.444999694824219,12.449999809265137,4025,0.0,0.0
2024-10-22 11:50:00-04:00,12.449999809265137,12.454999923706055,12.449999809265137,12.454999923706055,1430,0.0,0.0
2024-10-22 11:55:00-04:00,12.447999954223633,12.449999809265137,12.447999954223633,12.449999809265137,388,0.0,0.0
2024-10-22 12:00:00-04:00,12.454500198364258,12.460000038146973,12.454500198364258,12.454999923706055,782,0.0,0.0
2024-10-22 12:05:00-04:00,12.449999809265137,12.454999923706055,12.444999694824219,12.444999694824219,3805,0.0,0.0
2024-10-22 12:10:00-04:00,12.4399995803833,12.444999694824219,12.430000305175781,12.430000305175781,1429,0.0,0.0
2024-10-22 12:15:00-04:00,12.4399995803833,12.4399995803833,12.4350004196167,12.4350004196167,883,0.0,0.0
2024-10-22 12:20:00-04:00,12.4399995803833,12.460000038146973,12.4399995803833,12.460000038146973,2988,0.0,0.0
2024-10-22 12:25:00-04:00,12.460000038146973,12.460000038146973,12.454999923706055,12.454999923706055,1684,0.0,0.0
2024-10-22 12:30:00-04:00,12.475000381469727,12.475000381469727,12.460000038146973,12.460000038146973,959,0.0,0.0
2024-10-22 12:35:00-04:00,12.460000038146973,12.46500015258789,12.460000038146973,12.460000038146973,850,0.0,0.0
2024-10-22 12:40:00-04:00,12.460000038146973,12.460000038146973,12.454999923706055,12.454999923706055,636,0.0,0.0
2024-10-22 12:50:00-04:00,12.454999923706055,12.460000038146973,12.449999809265137,12.449999809265137,2010,0.0,0.0
2024-10-22 12:55:00-04:00,12.444999694824219,12.444999694824219,12.444999694824219,12.444999694824219,635,0.0,0.0
2024-10-22 13:00:00-04:00,12.444999694824219,12.46500015258789,12.444999694824219,12.46500015258789,2647,0.0,0.0
2024-10-22 13:05:00-04:00,12.46500015258789,12.46500015258789,12.460000038146973,12.460000038146973,803,0.0,0.0
2024-10-22 13:10:00-04:00,12.449999809265137,12.454999923706055,12.449999809265137,12.454999923706055,704,0.0,0.0
2024-10-22 13:15:00-04:00,12.449999809265137,12.454999923706055,12.444999694824219,12.444999694824219,1330,0.0,0.0
2024-10-22 13:20:00-04:00,12.444999694824219,12.444999694824219,12.444999694824219,12.444999694824219,573,0.0,0.0
2024-10-22 13:25:00-04:00,12.4399995803833,12.444999694824219,12.4350004196167,12.4350004196167,762,0.0,0.0
2024-10-22 13:30:00-04:00,12.4399995803833,12.4399995803833,12.430000305175781,12.4399995803833,1779,0.0,0.0
2024-10-22 13:35:00-04:00,12.449999809265137,12.454999923706055,12.449999809265137,12.454999923706055,1514,0.0,0.0
2024-10-22 13:40:00-04:00,12.454999923706055,12.454999923706055,12.454999923706055,12.454999923706055,903,0.0,0.0
2024-10-22 13:45:00-04:00,12.454999923706055,12.460000038146973,12.454999923706055,12.460000038146973,849,0.0,0.0
2024-10-22 13:50:00-04:00,12.454999923706055,12.460000038146973,12.454999923706055,12.460000038146973,845,0.0,0.0
2024-10-22 13:55:00-04:00,12.454999923706055,12.454999923706055,12.454999923706055,12.454999923706055,322,0.0,0.0
2024-10-22 14:00:00-04:00,12.454999923706055,12.475000381469727,12.454999923706055,12.475000381469727,1879,0.0,0.0
2024-10-22 14:05:00-04:00,12.470000267028809,12.479700088500977,12.470000267028809,12.479700088500977,1324,0.0,0.0
2024-10-22 14:10:00-04:00,12.470000267028809,12.470000267028809,12.460000038146973,12.470000267028809,2528,0.0,0.0
2024-10-22 14:15:00-04:00,12.460000038146973,12.475000381469727,12.460000038146973,12.475000381469727,1345,0.0,0.0
2024-10-22 14:20:00-04:00,12.472900390625,12.472900390625,12.472900390625,12.472900390625,209,0.0,0.0
2024-10-22 14:25:00-04:00,12.475000381469727,12.479999542236328,12.475000381469727,12.479999542236328,644,0.0,0.0
2024-10-22 14:30:00-04:00,12.470000267028809,12.484999656677246,12.470000267028809,12.470000267028809,5118,0.0,0.0
2024-10-22 14:35:00-04:00,12.46500015258789,12.46500015258789,12.460000038146973,12.46500015258789,674,0.0,0.0
2024-10-22 14:40:00-04:00,12.46500015258789,12.46500015258789,12.454999923706055,12.454999923706055,995,0.0,0.0
2024-10-22 14:45:00-04:00,12.454999923706055,12.460000038146973,12.454999923706055,12.454999923706055,3764,0.0,0.0
2024-10-22 14:50:00-04:00,12.460000038146973,12.470000267028809,12.460000038146973,12.470000267028809,1448,0.0,0.0
2024-10-22 14:55:00-04:00,12.46500015258789,12.46500015258789,12.460000038146973,12.460000038146973,1989,0.0,0.0
2024-10-22 15:00:00-04:00,12.460000038146973,12.46500015258789,12.460000038146973,12.46500015258789,2410,0.0,0.0
2024-10-22 15:05:00-04:00,12.460000038146973,12.460000038146973,12.454999923706055,12.454999923706055,978,0.0,0.0
2024-10-22 15:10:00-04:00,12.454999923706055,12.454999923706055,12.454999923706055,12.454999923706055,400,0.0,0.0
2024-10-22 15:15:00-04:00,12.460000038146973,12.46500015258789,12.449999809265137,12.454999923706055,2934,0.0,0.0
2024-10-22 15:20:00-04:00,12.454999923706055,12.460000038146973,12.454999923706055,12.454999923706055,6387,0.0,0.0
2024-10-22 15:25:00-04:00,12.449999809265137,12.460000038146973,12.449999809265137,12.454999923706055,2619,0.0,0.0
2024-10-22 15:30:00-04:00,12.449999809265137,12.449999809265137,12.430000305175781,12.4350004196167,5089,0.0,0.0
2024-10-22 15:35:00-04:00,12.4350004196167,12.470000267028809,12.4350004196167,12.470000267028809,8211,0.0,0.0
2024-10-22 15:40:00-04:00,12.470000267028809,12.479999542236328,12.460000038146973,12.470000267028809,12670,0.0,0.0
2024-10-22 15:45:00-04:00,12.470000267028809,12.470000267028809,12.460000038146973,12.470000267028809,6062,0.0,0.0
2024-10-22 15:50:00-04:00,12.460000038146973,12.46500015258789,12.444999694824219,12.46500015258789,26291,0.0,0.0
2024-10-22 15:55:00-04:00,12.470000267028809,12.479999542236328,12.449999809265137,12.460000038146973,34322,0.0,0.0
2024-10-23 09:30:00-04:00,12.40999984741211,12.40999984741211,12.40999984741211,12.40999984741211,1766,0.0,0.0
2024-10-23 09:35:00-04:00,12.399999618530273,12.399999618530273,12.399999618530273,12.399999618530273,633,0.0,0.0
2024-10-23 09:40:00-04:00,12.359999656677246,12.359999656677246,12.359999656677246,12.359999656677246,115,0.0,0.0
2024-10-23 09:45:00-04:00,12.350000381469727,12.399999618530273,12.350000381469727,12.399999618530273,3124,0.0,0.0
2024-10-23 09:50:00-04:00,12.399999618530273,12.404999732971191,12.390000343322754,12.390000343322754,1587,0.0,0.0
2024-10-23 09:55:00-04:00,12.390000343322754,12.399999618530273,12.390000343322754,12.399999618530273,456,0.0,0.0
2024-10-23 10:00:00-04:00,12.380000114440918,12.390000343322754,12.380000114440918,12.390000343322754,923,0.0,0.0
2024-10-23 10:05:00-04:00,12.385000228881836,12.390000343322754,12.369999885559082,12.380000114440918,1938,0.0,0.0
2024-10-23 10:10:00-04:00,12.369999885559082,12.371356010437012,12.350000381469727,12.350000381469727,1740,0.0,0.0
2024-10-23 10:15:00-04:00,12.350000381469727,12.350000381469727,12.34000015258789,12.34000015258789,738,0.0,0.0
2024-10-23 10:20:00-04:00,12.329999923706055,12.345000267028809,12.319999694824219,12.345000267028809,2615,0.0,0.0
2024-10-23 10:25:00-04:00,12.359999656677246,12.375,12.359999656677246,12.375,797,0.0,0.0
2024-10-23 10:30:00-04:00,12.369999885559082,12.369999885559082,12.319999694824219,12.34000015258789,3992,0.0,0.0
2024-10-23 10:35:00-04:00,12.329999923706055,12.34000015258789,12.329999923706055,12.34000015258789,442,0.0,0.0
2024-10-23 10:40:00-04:00,12.329999923706055,12.34000015258789,12.329999923706055,12.34000015258789,653,0.0,0.0
2024-10-23 10:45:00-04:00,12.329999923706055,12.329999923706055,12.329999923706055,12.329999923706055,237,0.0,0.0
2024-10-23 10:50:00-04:00,12.34000015258789,12.34000015258789,12.329999923706055,12.329999923706055,1005,0.0,0.0
2024-10-23 10:55:00-04:00,12.329999923706055,12.329999923706055,12.324999809265137,12.329999923706055,2327,0.0,0.0
2024-10-23 11:00:00-04:00,12.324999809265137,12.324999809265137,12.3149995803833,12.3149995803833,1895,0.0,0.0
2024-10-23 11:05:00-04:00,12.3100004196167,12.3100004196167,12.300000190734863,12.300000190734863,2152,0.0,0.0
2024-10-23 11:10:00-04:00,12.300000190734863,12.300000190734863,12.270000457763672,12.270000457763672,2328,0.0,0.0
2024-10-23 11:15:00-04:00,12.265000343322754,12.265000343322754,12.25,12.255000114440918,733,0.0,0.0
2024-10-23 11:20:00-04:00,12.255000114440918,12.265000343322754,12.239999771118164,12.255000114440918,5357,0.0,0.0
2024-10-23 11:25:00-04:00,12.255000114440918,12.255000114440918,12.255000114440918,12.255000114440918,204,0.0,0.0
2024-10-23 11:30:00-04:00,12.260000228881836,12.270000457763672,12.255000114440918,12.260000228881836,1940,0.0,0.0
2024-10-23 11:35:00-04:00,12.260000228881836,12.289999961853027,12.260000228881836,12.279999732971191,5064,0.0,0.0
2024-10-23 11:40:00-04:00,12.289999961853027,12.289999961853027,12.289999961853027,12.289999961853027,560,0.0,0.0
2024-10-23 11:45:00-04:00,12.279999732971191,12.28499984741211,12.279999732971191,12.28499984741211,1200,0.0,0.0
2024-10-23 11:50:00-04:00,12.270000457763672,12.28499984741211,12.270000457763672,12.28499984741211,1648,0.0,0.0
2024-10-23 11:55:00-04:00,12.279999732971191,12.279999732971191,12.279999732971191,12.279999732971191,261,0.0,0.0
2024-10-23 12:00:00-04:00,12.28499984741211,12.300000190734863,12.28499984741211,12.28499984741211,3194,0.0,0.0
2024-10-23 12:05:00-04:00,12.28499984741211,12.28499984741211,12.260000228881836,12.260000228881836,3022,0.0,0.0
2024-10-23 12:10:00-04:00,12.260000228881836,12.260000228881836,12.25,12.255000114440918,752,0.0,0.0
2024-10-23 12:15:00-04:00,12.260000228881836,12.270000457763672,12.255000114440918,12.265000343322754,2390,0.0,0.0
2024-10-23 12:20:00-04:00,12.265000343322754,12.265000343322754,12.25,12.25,3200,0.0,0.0
2024-10-23 12:25:00-04:00,12.239999771118164,12.244999885559082,12.239999771118164,12.244999885559082,1528,0.0,0.0
2024-10-23 12:30:00-04:00,12.239999771118164,12.25,12.220000267028809,12.25,3751,0.0,0.0
2024-10-23 12:35:00-04:00,12.265000343322754,12.265000343322754,12.260000228881836,12.260000228881836,960,0.0,0.0
2024-10-23 12:40:00-04:00,12.263400077819824,12.263400077819824,12.263400077819824,12.263400077819824,439,0.0,0.0
2024-10-23 12:45:00-04:00,12.260000228881836,12.265000343322754,12.260000228881836,12.265000343322754,574,0.0,0.0
2024-10-23 12:50:00-04:00,12.25,12.255000114440918,12.25,12.255000114440918,1671,0.0,0.0
2024-10-23 12:55:00-04:00,12.25,12.255000114440918,12.25,12.25,821,0.0,0.0
2024-10-23 13:00:00-04:00,12.244999885559082,12.244999885559082,12.220000267028809,12.220000267028809,1128,0.0,0.0
2024-10-23 13:05:00-04:00,12.220000267028809,12.225000381469727,12.220000267028809,12.225000381469727,1440,0.0,0.0
2024-10-23 13:10:00-04:00,12.220000267028809,12.225000381469727,12.220000267028809,12.225000381469727,608,0.0,0.0
2024-10-23 13:15:00-04:00,12.220000267028809,12.220000267028809,12.220000267028809,12.220000267028809,640,0.0,0.0
2024-10-23 13:20:00-04:00,12.220000267028809,12.220000267028809,12.220000267028809,12.220000267028809,281,0.0,0.0
2024-10-23 13:25:00-04:00,12.220000267028809,12.220000267028809,12.220000267028809,12.220000267028809,552,0.0,0.0
2024-10-23 13:30:00-04:00,12.225000381469727,12.225000381469727,12.220000267028809,12.225000381469727,837,0.0,0.0
2024-10-23 13:35:00-04:00,12.220000267028809,12.225000381469727,12.220000267028809,12.225000381469727,289,0.0,0.0
2024-10-23 13:40:00-04:00,12.220000267028809,12.225000381469727,12.220000267028809,12.220000267028809,1485,0.0,0.0
2024-10-23 13:45:00-04:00,12.225000381469727,12.225000381469727,12.225000381469727,12.225000381469727,378,0.0,0.0
2024-10-23 13:50:00-04:00,12.225000381469727,12.225000381469727,12.220000267028809,12.225000381469727,2888,0.0,0.0
2024-10-23 13:55:00-04:00,12.225000381469727,12.225000381469727,12.225000381469727,12.225000381469727,446,0.0,0.0
2024-10-23 14:00:00-04:00,12.220000267028809,12.220000267028809,12.210000038146973,12.210000038146973,1994,0.0,0.0
2024-10-23 14:05:00-04:00,12.210000038146973,12.210000038146973,12.199999809265137,12.204999923706055,3258,0.0,0.0
2024-10-23 14:10:00-04:00,12.204999923706055,12.204999923706055,12.199999809265137,12.204999923706055,5429,0.0,0.0
2024-10-23 14:15:00-04:00,12.210000038146973,12.220000267028809,12.210000038146973,12.21500015258789,3450,0.0,0.0
2024-10-23 14:20:00-04:00,12.21500015258789,12.25,12.21500015258789,12.239999771118164,3172,0.0,0.0
2024-10-23 14:25:00-04:00,12.239999771118164,12.244999885559082,12.239999771118164,12.239999771118164,1714,0.0,0.0
2024-10-23 14:30:00-04:00,12.239999771118164,12.260000228881836,12.239999771118164,12.260000228881836,3315,0.0,0.0
2024-10-23 14:35:00-04:00,12.270000457763672,12.270000457763672,12.259900093078613,12.265000343322754,2182,0.0,0.0
2024-10-23 14:40:00-04:00,12.270000457763672,12.28499984741211,12.270000457763672,12.28499984741211,2767,0.0,0.0
2024-10-23 14:45:00-04:00,12.289999961853027,12.289999961853027,12.274999618530273,12.274999618530273,2276,0.0,0.0
2024-10-23 14:50:00-04:00,12.270000457763672,12.274999618530273,12.270000457763672,12.274999618530273,1283,0.0,0.0
2024-10-23 14:55:00-04:00,12.274999618530273,12.279999732971191,12.260000228881836,12.270000457763672,4951,0.0,0.0
2024-10-23 15:00:00-04:00,12.279999732971191,12.279999732971191,12.270000457763672,12.270000457763672,1883,0.0,0.0
2024-10-23 15:05:00-04:00,12.270000457763672,12.289999961853027,12.270000457763672,12.289999961853027,2889,0.0,0.0
2024-10-23 15:10:00-04:00,12.289999961853027,12.3100004196167,12.289999961853027,12.3100004196167,2753,0.0,0.0
2024-10-23 15:15:00-04:00,12.3100004196167,12.3100004196167,12.289999961853027,12.305000305175781,5904,0.0,0.0
2024-10-23 15:20:00-04:00,12.305000305175781,12.3100004196167,12.305000305175781,12.305000305175781,2041,0.0,0.0
2024-10-23 15:25:00-04:00,12.305000305175781,12.319999694824219,12.305000305175781,12.319999694824219,2930,0.0,0.0
2024-10-23 15:30:00-04:00,12.3149995803833,12.319999694824219,12.300000190734863,12.3100004196167,5306,0.0,0.0
2024-10-23 15:35:00-04:00,12.3100004196167,12.3100004196167,12.3100004196167,12.3100004196167,2243,0.0,0.0
2024-10-23 15:40:00-04:00,12.305000305175781,12.324999809265137,12.300000190734863,12.3100004196167,8677,0.0,0.0
2024-10-23 15:45:00-04:00,12.3100004196167,12.3100004196167,12.305000305175781,12.3100004196167,5892,0.0,0.0
2024-10-23 15:50:00-04:00,12.3100004196167,12.3100004196167,12.28499984741211,12.3100004196167,16955,0.0,0.0
2024-10-23 15:55:00-04:00,12.305000305175781,12.329999923706055,12.300000190734863,12.3100004196167,43442,0.0,0.0
2024-10-24 09:30:00-04:00,12.350000381469727,12.350000381469727,12.350000381469727,12.350000381469727,1431,0.0,0.0
2024-10-24 09:35:00-04:00,12.319999694824219,12.319999694824219,12.270000457763672,12.270000457763672,656,0.0,0.0
2024-10-24 09:40:00-04:00,12.289999961853027,12.289999961853027,12.260000228881836,12.260000228881836,1434,0.0,0.0
2024-10-24 09:45:00-04:00,12.234999656677246,12.270000457763672,12.234999656677246,12.270000457763672,1026,0.0,0.0
2024-10-24 09:50:00-04:00,12.25,12.289999961853027,12.239999771118164,12.260000228881836,3520,0.0,0.0
2024-10-24 09:55:00-04:00,12.270000457763672,12.270000457763672,12.260000228881836,12.260000228881836,1778,0.0,0.0
2024-10-24 10:00:00-04:00,12.25,12.25,12.210000038146973,12.210000038146973,2474,0.0,0.0
2024-10-24 10:05:00-04:00,12.199999809265137,12.199999809265137,12.199999809265137,12.199999809265137,631,0.0,0.0
2024-10-24 10:10:00-04:00,12.180000305175781,12.180000305175781,12.15999984741211,12.15999984741211,2244,0.0,0.0
2024-10-24 10:15:00-04:00,12.149999618530273,12.175000190734863,12.149999618530273,12.15999984741211,4022,0.0,0.0
2024-10-24 10:20:00-04:00,12.149999618530273,12.170000076293945,12.149999618530273,12.170000076293945,2041,0.0,0.0
2024-10-24 10:25:00-04:00,12.180000305175781,12.199999809265137,12.170000076293945,12.170000076293945,1714,0.0,0.0
2024-10-24 10:30:00-04:00,12.170000076293945,12.1850004196167,12.170000076293945,12.1850004196167,755,0.0,0.0
2024-10-24 10:35:00-04:00,12.1850004196167,12.199999809265137,12.1850004196167,12.199999809265137,2168,0.0,0.0
2024-10-24 10:40:00-04:00,12.199999809265137,12.220000267028809,12.199299812316895,12.199299812316895,2203,0.0,0.0
2024-10-24 10:45:00-04:00,12.199999809265137,12.199999809265137,12.1899995803833,12.194999694824219,18073,0.0,0.0
2024-10-24 10:50:00-04:00,12.1899995803833,12.1899995803833,12.170000076293945,12.180000305175781,1153,0.0,0.0
2024-10-24 10:55:00-04:00,12.180000305175781,12.180000305175781,12.180000305175781,12.180000305175781,1344,0.0,0.0
2024-10-24 11:00:00-04:00,12.1899995803833,12.1899995803833,12.149999618530273,12.149999618530273,125324,0.0,0.0
2024-10-24 11:05:00-04:00,12.149999618530273,12.179800033569336,12.149999618530273,12.179800033569336,5765,0.0,0.0
2024-10-24 11:10:00-04:00,12.180000305175781,12.180000305175781,12.145000457763672,12.170000076293945,22685,0.0,0.0
2024-10-24 11:15:00-04:00,12.170000076293945,12.170000076293945,12.15999984741211,12.170000076293945,2733,0.0,0.0
2024-10-24 11:20:00-04:00,12.170000076293945,12.170000076293945,12.149999618530273,12.149999618530273,10338,0.0,0.0
2024-10-24 11:25:00-04:00,12.145000457763672,12.149999618530273,12.145000457763672,12.149999618530273,7775,0.0,0.0
2024-10-24 11:30:00-04:00,12.149999618530273,12.149999618530273,12.125,12.125,2647,0.0,0.0
2024-10-24 11:35:00-04:00,12.130000114440918,12.140000343322754,12.125,12.125,5354,0.0,0.0
2024-10-24 11:40:00-04:00,12.125,12.125,12.109999656677246,12.114999771118164,3810,0.0,0.0
2024-10-24 11:45:00-04:00,12.109999656677246,12.119999885559082,12.100000381469727,12.109999656677246,5366,0.0,0.0
2024-10-24 11:50:00-04:00,12.114999771118164,12.130000114440918,12.114999771118164,12.130000114440918,1212,0.0,0.0
2024-10-24 11:55:00-04:00,12.140000343322754,12.15999984741211,12.140000343322754,12.15999984741211,1408,0.0,0.0
2024-10-24 12:00:00-04:00,12.15999984741211,12.15999984741211,12.145000457763672,12.149999618530273,1467,0.0,0.0
2024-10-24 12:05:00-04:00,12.140000343322754,12.145000457763672,12.130000114440918,12.135000228881836,1453,0.0,0.0
2024-10-24 12:10:00-04:00,12.140000343322754,12.149999618530273,12.140000343322754,12.149999618530273,916,0.0,0.0
2024-10-24 12:15:00-04:00,12.149999618530273,12.149999618530273,12.149999618530273,12.149999618530273,284,0.0,0.0
2024-10-24 12:20:00-04:00,12.145000457763672,12.15999984741211,12.145000457763672,12.15999984741211,1411,0.0,0.0
2024-10-24 12:25:00-04:00,12.15999984741211,12.170000076293945,12.15999984741211,12.170000076293945,480,0.0,0.0
2024-10-24 12:30:00-04:00,12.170000076293945,12.170000076293945,12.170000076293945,12.170000076293945,489,0.0,0.0
2024-10-24 12:35:00-04:00,12.15999984741211,12.170000076293945,12.15999984741211,12.15999984741211,723,0.0,0.0
2024-10-24 12:40:00-04:00,12.164999961853027,12.164999961853027,12.149999618530273,12.154999732971191,1630,0.0,0.0
2024-10-24 12:45:00-04:00,12.145000457763672,12.145000457763672,12.140000343322754,12.145000457763672,559,0.0,0.0
2024-10-24 12:50:00-04:00,12.145000457763672,12.175000190734863,12.145000457763672,12.175000190734863,3686,0.0,0.0
2024-10-24 12:55:00-04:00,12.170000076293945,12.170000076293945,12.140000343322754,12.140000343322754,1847,0.0,0.0
2024-10-24 13:00:00-04:00,12.140000343322754,12.140000343322754,12.140000343322754,12.140000343322754,317,0.0,0.0
2024-10-24 13:05:00-04:00,12.149999618530273,12.149999618530273,12.145000457763672,12.145000457763672,821,0.0,0.0
2024-10-24 13:10:00-04:00,12.140000343322754,12.140000343322754,12.140000343322754,12.140000343322754,261,0.0,0.0
2024-10-24 13:15:00-04:00,12.140000343322754,12.149999618530273,12.140000343322754,12.149999618530273,789,0.0,0.0
2024-10-24 13:20:00-04:00,12.149999618530273,12.15999984741211,12.149999618530273,12.15999984741211,1580,0.0,0.0
2024-10-24 13:25:00-04:00,12.175000190734863,12.175000190734863,12.175000190734863,12.175000190734863,416,0.0,0.0
2024-10-24 13:30:00-04:00,12.180000305175781,12.1850004196167,12.180000305175781,12.1850004196167,654,0.0,0.0
2024-10-24 13:35:00-04:00,12.1850004196167,12.199999809265137,12.180000305175781,12.199999809265137,952,0.0,0.0
2024-10-24 13:40:00-04:00,12.199999809265137,12.220000267028809,12.199999809265137,12.220000267028809,817,0.0,0.0
2024-10-24 13:45:00-04:00,12.220000267028809,12.220000267028809,12.199999809265137,12.199999809265137,843,0.0,0.0
2024-10-24 13:50:00-04:00,12.199999809265137,12.204999923706055,12.199999809265137,12.204999923706055,427,0.0,0.0
2024-10-24 13:55:00-04:00,12.1899995803833,12.194999694824219,12.1899995803833,12.1899995803833,502,0.0,0.0
2024-10-24 14:00:00-04:00,12.1850004196167,12.1899995803833,12.180500030517578,12.1899995803833,597,0.0,0.0
2024-10-24 14:05:00-04:00,12.1899995803833,12.1899995803833,12.170000076293945,12.175000190734863,3003,0.0,0.0
2024-10-24 14:10:00-04:00,12.175000190734863,12.180000305175781,12.175000190734863,12.180000305175781,1969,0.0,0.0
2024-10-24 14:15:00-04:00,12.1899995803833,12.199999809265137,12.185999870300293,12.1899995803833,7907,0.0,0.0
2024-10-24 14:20:00-04:00,12.194999694824219,12.210000038146973,12.1899995803833,12.194999694824219,3844,0.0,0.0
2024-10-24 14:25:00-04:00,12.1899995803833,12.1899995803833,12.180000305175781,12.180000305175781,2364,0.0,0.0
2024-10-24 14:30:00-04:00,12.170000076293945,12.180000305175781,12.170000076293945,12.180000305175781,1364,0.0,0.0
2024-10-24 14:35:00-04:00,12.170000076293945,12.170000076293945,12.15999984741211,12.170000076293945,2025,0.0,0.0
2024-10-24 14:40:00-04:00,12.15999984741211,12.170000076293945,12.15999984741211,12.170000076293945,1824,0.0,0.0
2024-10-24 14:45:00-04:00,12.15999984741211,12.15999984741211,12.149999618530273,12.15999984741211,1146,0.0,0.0
2024-10-24 14:50:00-04:00,12.15999984741211,12.170000076293945,12.15999984741211,12.15999984741211,981,0.0,0.0
2024-10-24 14:55:00-04:00,12.170000076293945,12.170000076293945,12.164999961853027,12.170000076293945,1139,0.0,0.0
2024-10-24 15:00:00-04:00,12.164999961853027,12.164999961853027,12.15999984741211,12.15999984741211,1639,0.0,0.0
2024-10-24 15:05:00-04:00,12.15999984741211,12.179900169372559,12.15999984741211,12.179900169372559,2378,0.0,0.0
2024-10-24 15:10:00-04:00,12.1850004196167,12.199000358581543,12.1850004196167,12.194999694824219,1995,0.0,0.0
2024-10-24 15:15:00-04:00,12.194999694824219,12.194999694824219,12.1899995803833,12.1899995803833,2019,0.0,0.0
2024-10-24 15:20:00-04:00,12.199999809265137,12.199999809265137,12.194999694824219,12.199999809265137,1175,0.0,0.0
2024-10-24 15:25:00-04:00,12.199999809265137,12.199999809265137,12.199999809265137,12.199999809265137,2843,0.0,0.0
2024-10-24 15:30:00-04:00,12.194999694824219,12.194999694824219,12.180000305175781,12.1850004196167,2228,0.0,0.0
2024-10-24 15:35:00-04:00,12.1850004196167,12.1850004196167,12.1850004196167,12.1850004196167,891,0.0,0.0
2024-10-24 15:40:00-04:00,12.1899995803833,12.199999809265137,12.1899995803833,12.199999809265137,6604,0.0,0.0
2024-10-24 15:45:00-04:00,12.199999809265137,12.220000267028809,12.199999809265137,12.21500015258789,5776,0.0,0.0
2024-10-24 15:50:00-04:00,12.220000267028809,12.25,12.220000267028809,12.244999885559082,10987,0.0,0.0
2024-10-24 15:55:00-04:00,12.244999885559082,12.244999885559082,12.194999694824219,12.199999809265137,35057,0.0,0.0
2024-10-25 09:30:00-04:00,12.270000457763672,12.350000381469727,12.270000457763672,12.350000381469727,5052,0.0,0.0
2024-10-25 09:35:00-04:00,12.359999656677246,12.359999656677246,12.329999923706055,12.329999923706055,675,0.0,0.0
2024-10-25 09:40:00-04:00,12.329999923706055,12.329999923706055,12.25,12.25,540,0.0,0.0
2024-10-25 09:45:00-04:00,12.279999732971191,12.319999694824219,12.279999732971191,12.319999694824219,1102,0.0,0.0
2024-10-25 09:50:00-04:00,12.329999923706055,12.350000381469727,12.3100004196167,12.3100004196167,1292,0.0,0.0
2024-10-25 09:55:00-04:00,12.319999694824219,12.319999694824219,12.319999694824219,12.319999694824219,271,0.0,0.0
2024-10-25 10:00:00-04:00,12.3100004196167,12.319999694824219,12.3100004196167,12.319999694824219,816,0.0,0.0
2024-10-25 10:05:00-04:00,12.329999923706055,12.350000381469727,12.329999923706055,12.350000381469727,658,0.0,0.0
2024-10-25 10:10:00-04:00,12.355999946594238,12.355999946594238,12.34000015258789,12.345000267028809,2208,0.0,0.0
2024-10-25 10:15:00-04:00,12.35990047454834,12.369999885559082,12.34000015258789,12.369999885559082,6041,0.0,0.0
2024-10-25 10:20:00-04:00,12.369999885559082,12.390000343322754,12.369999885559082,12.380000114440918,1683,0.0,0.0
2024-10-25 10:25:00-04:00,12.390000343322754,12.399999618530273,12.380000114440918,12.399999618530273,2120,0.0,0.0
2024-10-25 10:30:00-04:00,12.390000343322754,12.390000343322754,12.38599967956543,12.38599967956543,870,0.0,0.0
2024-10-25 10:35:00-04:00,12.380000114440918,12.380000114440918,12.375,12.380000114440918,1329,0.0,0.0
2024-10-25 10:40:00-04:00,12.390000343322754,12.390000343322754,12.369999885559082,12.375,5326,0.0,0.0
2024-10-25 10:45:00-04:00,12.375,12.375,12.350000381469727,12.354999542236328,2758,0.0,0.0
2024-10-25 10:50:00-04:00,12.359999656677246,12.375,12.359999656677246,12.369999885559082,1762,0.0,0.0
2024-10-25 10:55:00-04:00,12.369999885559082,12.369999885559082,12.354999542236328,12.354999542236328,2171,0.0,0.0
2024-10-25 11:00:00-04:00,12.350000381469727,12.354999542236328,12.350000381469727,12.350000381469727,0,0.0,0.0
2024-10-25 11:10:00-04:00,12.354999542236328,12.354999542236328,12.354999542236328,12.354999542236328,45272,0.0,0.0
2024-10-25 11:15:00-04:00,12.343999862670898,12.343999862670898,12.343999862670898,12.343999862670898,359,0.0,0.0
2024-10-25 11:20:00-04:00,12.350000381469727,12.350000381469727,12.329999923706055,12.335000038146973,4970,0.0,0.0
2024-10-25 11:25:00-04:00,12.329999923706055,12.34000015258789,12.329999923706055,12.335000038146973,3562,0.0,0.0
2024-10-25 11:30:00-04:00,12.339799880981445,12.339799880981445,12.339799880981445,12.339799880981445,259,0.0,0.0
2024-10-25 11:35:00-04:00,12.335000038146973,12.335000038146973,12.319999694824219,12.319999694824219,1687,0.0,0.0
2024-10-25 11:40:00-04:00,12.324999809265137,12.329999923706055,12.319999694824219,12.329999923706055,2279,0.0,0.0
2024-10-25 11:45:00-04:00,12.329999923706055,12.350000381469727,12.329999923706055,12.350000381469727,1590,0.0,0.0
2024-10-25 11:50:00-04:00,12.354999542236328,12.354999542236328,12.345000267028809,12.350000381469727,2636,0.0,0.0
2024-10-25 11:55:00-04:00,12.345000267028809,12.354999542236328,12.345000267028809,12.354999542236328,831,0.0,0.0
2024-10-25 12:00:00-04:00,12.350000381469727,12.350000381469727,12.345000267028809,12.345000267028809,928,0.0,0.0
2024-10-25 12:05:00-04:00,12.345000267028809,12.359999656677246,12.34000015258789,12.359999656677246,4550,0.0,0.0
2024-10-25 12:10:00-04:00,12.359999656677246,12.369999885559082,12.359999656677246,12.364999771118164,3054,0.0,0.0
2024-10-25 12:15:00-04:00,12.364999771118164,12.364999771118164,12.364999771118164,12.364999771118164,782,0.0,0.0
2024-10-25 12:20:00-04:00,12.369999885559082,12.380000114440918,12.369999885559082,12.375,1584,0.0,0.0
2024-10-25 12:25:00-04:00,12.375,12.390000343322754,12.375,12.390000343322754,1237,0.0,0.0
2024-10-25 12:30:00-04:00,12.390000343322754,12.40999984741211,12.390000343322754,12.40999984741211,1766,0.0,0.0
2024-10-25 12:35:00-04:00,12.399999618530273,12.404999732971191,12.390000343322754,12.399999618530273,3580,0.0,0.0
2024-10-25 12:40:00-04:00,12.399999618530273,12.430000305175781,12.399999618530273,12.414999961853027,5239,0.0,0.0
2024-10-25 12:45:00-04:00,12.40999984741211,12.40999984741211,12.399999618530273,12.404999732971191,1612,0.0,0.0
2024-10-25 12:50:00-04:00,12.399999618530273,12.40999984741211,12.399999618530273,12.404999732971191,970,0.0,0.0
2024-10-25 12:55:00-04:00,12.404999732971191,12.404999732971191,12.390000343322754,12.399999618530273,2830,0.0,0.0
2024-10-25 13:00:00-04:00,12.404999732971191,12.404999732971191,12.395000457763672,12.404999732971191,1397,0.0,0.0
2024-10-25 13:05:00-04:00,12.399999618530273,12.40999984741211,12.399999618530273,12.399999618530273,1483,0.0,0.0
2024-10-25 13:10:00-04:00,12.395000457763672,12.404999732971191,12.390000343322754,12.390000343322754,2481,0.0,0.0
2024-10-25 13:15:00-04:00,12.390000343322754,12.390000343322754,12.380000114440918,12.385000228881836,1178,0.0,0.0
2024-10-25 13:20:00-04:00,12.385000228881836,12.385000228881836,12.369999885559082,12.369999885559082,3423,0.0,0.0
2024-10-25 13:25:00-04:00,12.375,12.375,12.375,12.375,434,0.0,0.0
2024-10-25 13:30:00-04:00,12.375,12.375,12.359999656677246,12.364999771118164,2363,0.0,0.0
2024-10-25 13:35:00-04:00,12.364999771118164,12.369999885559082,12.350000381469727,12.364999771118164,2696,0.0,0.0
2024-10-25 13:40:00-04:00,12.364999771118164,12.364999771118164,12.350000381469727,12.354999542236328,2652,0.0,0.0
2024-10-25 13:45:00-04:00,12.359999656677246,12.359999656677246,12.350000381469727,12.354999542236328,2771,0.0,0.0
2024-10-25 13:50:00-04:00,12.354999542236328,12.359999656677246,12.345000267028809,12.350000381469727,2954,0.0,0.0
2024-10-25 13:55:00-04:00,12.359999656677246,12.359999656677246,12.34000015258789,12.34000015258789,3323,0.0,0.0
2024-10-25 14:00:00-04:00,12.34000015258789,12.34000015258789,12.3149995803833,12.335000038146973,4133,0.0,0.0
2024-10-25 14:05:00-04:00,12.34000015258789,12.34000015258789,12.335000038146973,12.335000038146973,488,0.0,0.0
2024-10-25 14:10:00-04:00,12.335000038146973,12.34000015258789,12.335000038146973,12.34000015258789,1885,0.0,0.0
2024-10-25 14:15:00-04:00,12.350000381469727,12.350000381469727,12.34000015258789,12.345000267028809,3106,0.0,0.0
2024-10-25 14:20:00-04:00,12.359999656677246,12.364999771118164,12.359999656677246,12.364999771118164,1401,0.0,0.0
2024-10-25 14:25:00-04:00,12.364999771118164,12.395000457763672,12.364999771118164,12.395000457763672,2835,0.0,0.0
2024-10-25 14:30:00-04:00,12.390000343322754,12.390000343322754,12.375,12.380000114440918,2780,0.0,0.0
2024-10-25 14:35:00-04:00,12.385000228881836,12.399999618530273,12.385000228881836,12.395000457763672,1413,0.0,0.0
2024-10-25 14:40:00-04:00,12.395000457763672,12.395000457763672,12.380000114440918,12.380000114440918,2176,0.0,0.0
2024-10-25 14:45:00-04:00,12.385000228881836,12.385000228881836,12.380000114440918,12.380000114440918,998,0.0,0.0
2024-10-25 14:50:00-04:00,12.385000228881836,12.390000343322754,12.385000228881836,12.390000343322754,804,0.0,0.0
2024-10-25 14:55:00-04:00,12.390000343322754,12.395000457763672,12.385000228881836,12.385000228881836,3543,0.0,0.0
2024-10-25 15:00:00-04:00,12.380000114440918,12.40999984741211,12.380000114440918,12.40999984741211,5322,0.0,0.0
2024-10-25 15:05:00-04:00,12.40999984741211,12.420000076293945,12.399999618530273,12.399999618530273,4163,0.0,0.0
2024-10-25 15:10:00-04:00,12.404999732971191,12.404999732971191,12.390000343322754,12.390000343322754,5435,0.0,0.0
2024-10-25 15:15:00-04:00,12.395000457763672,12.420000076293945,12.395000457763672,12.420000076293945,1848,0.0,0.0
2024-10-25 15:20:00-04:00,12.420000076293945,12.430000305175781,12.40999984741211,12.40999984741211,6071,0.0,0.0
2024-10-25 15:25:00-04:00,12.414999961853027,12.420000076293945,12.414999961853027,12.420000076293945,3830,0.0,0.0
2024-10-25 15:30:00-04:00,12.425000190734863,12.425000190734863,12.40999984741211,12.420000076293945,4276,0.0,0.0
2024-10-25 15:35:00-04:00,12.414999961853027,12.430000305175781,12.414999961853027,12.430000305175781,4872,0.0,0.0
2024-10-25 15:40:00-04:00,12.425000190734863,12.430000305175781,12.425000190734863,12.430000305175781,1742,0.0,0.0
2024-10-25 15:45:00-04:00,12.425000190734863,12.430000305175781,12.420000076293945,12.425000190734863,14113,0.0,0.0
2024-10-25 15:50:00-04:00,12.430000305175781,12.430000305175781,12.390000343322754,12.40999984741211,28480,0.0,0.0
2024-10-25 15:55:00-04:00,12.404999732971191,12.430000305175781,12.395000457763672,12.420000076293945,45836,0.0,0.0
2024-10-28 09:30:00-04:00,12.300000190734863,12.300000190734863,12.25,12.25,22928,0.0,0.0
2024-10-28 09:35:00-04:00,12.229999542236328,12.239999771118164,12.199999809265137,12.199999809265137,2544,0.0,0.0
2024-10-28 09:40:00-04:00,12.210000038146973,12.220000267028809,12.199999809265137,12.220000267028809,5686,0.0,0.0
2024-10-28 09:45:00-04:00,12.210000038146973,12.225000381469727,12.199999809265137,12.220000267028809,4948,0.0,0.0
2024-10-28 09:50:00-04:00,12.220000267028809,12.239999771118164,12.220000267028809,12.229999542236328,4558,0.0,0.0
2024-10-28 09:55:00-04:00,12.229999542236328,12.229999542236328,12.1850004196167,12.1850004196167,10176,0.0,0.0
2024-10-28 10:00:00-04:00,12.1850004196167,12.1899995803833,12.149999618530273,12.149999618530273,5562,0.0,0.0
2024-10-28 10:05:00-04:00,12.180000305175781,12.199999809265137,12.180000305175781,12.194999694824219,3151,0.0,0.0
2024-10-28 10:10:00-04:00,12.1899995803833,12.1899995803833,12.149999618530273,12.149999618530273,2967,0.0,0.0
2024-10-28 10:15:00-04:00,12.15999984741211,12.15999984741211,12.15999984741211,12.15999984741211,595,0.0,0.0
2024-10-28 10:20:00-04:00,12.15999984741211,12.161999702453613,12.135000228881836,12.154999732971191,2233,0.0,0.0
2024-10-28 10:25:00-04:00,12.15999984741211,12.1899995803833,12.154999732971191,12.1899995803833,5500,0.0,0.0
2024-10-28 10:30:00-04:00,12.1899995803833,12.1899995803833,12.180000305175781,12.180000305175781,837,0.0,0.0
2024-10-28 10:35:00-04:00,12.180000305175781,12.1899995803833,12.154999732971191,12.15999984741211,2909,0.0,0.0
2024-10-28 10:40:00-04:00,12.15999984741211,12.1899995803833,12.15999984741211,12.1899995803833,3802,0.0,0.0
2024-10-28 10:45:00-04:00,12.194999694824219,12.210000038146973,12.194999694824219,12.210000038146973,1987,0.0,0.0
2024-10-28 10:50:00-04:00,12.220000267028809,12.229999542236328,12.220000267028809,12.220000267028809,4462,0.0,0.0
2024-10-28 10:55:00-04:00,12.229999542236328,12.260000228881836,12.229999542236328,12.260000228881836,3111,0.0,0.0
2024-10-28 11:00:00-04:00,12.260000228881836,12.260000228881836,12.25,12.25,1164,0.0,0.0
2024-10-28 11:05:00-04:00,12.260000228881836,12.260000228881836,12.260000228881836,12.260000228881836,870,0.0,0.0
2024-10-28 11:10:00-04:00,12.270000457763672,12.279999732971191,12.270000457763672,12.279999732971191,3036,0.0,0.0
2024-10-28 11:15:00-04:00,12.260000228881836,12.265000343322754,12.260000228881836,12.265000343322754,322,0.0,0.0
2024-10-28 11:20:00-04:00,12.260000228881836,12.260000228881836,12.229999542236328,12.229999542236328,5179,0.0,0.0
2024-10-28 11:25:00-04:00,12.210000038146973,12.210000038146973,12.199999809265137,12.199999809265137,814,0.0,0.0
2024-10-28 11:30:00-04:00,12.199999809265137,12.199999809265137,12.180000305175781,12.180000305175781,1462,0.0,0.0
2024-10-28 11:35:00-04:00,12.15999984741211,12.15999984741211,12.15999984741211,12.15999984741211,878,0.0,0.0
2024-10-28 11:40:00-04:00,12.149999618530273,12.149999618530273,12.149999618530273,12.149999618530273,3265,0.0,0.0
2024-10-28 11:45:00-04:00,12.149999618530273,12.15999984741211,12.149999618530273,12.149999618530273,1773,0.0,0.0
2024-10-28 11:50:00-04:00,12.149999618530273,12.149999618530273,12.140000343322754,12.140000343322754,1909,0.0,0.0
2024-10-28 11:55:00-04:00,12.119999885559082,12.130000114440918,12.119999885559082,12.125,1082,0.0,0.0
2024-10-28 12:00:00-04:00,12.119999885559082,12.119999885559082,12.104999542236328,12.104999542236328,1693,0.0,0.0
2024-10-28 12:05:00-04:00,12.109999656677246,12.140000343322754,12.109999656677246,12.140000343322754,3883,0.0,0.0
2024-10-28 12:10:00-04:00,12.149999618530273,12.170000076293945,12.149999618530273,12.170000076293945,1963,0.0,0.0
2024-10-28 12:15:00-04:00,12.179900169372559,12.1850004196167,12.179900169372559,12.1850004196167,1493,0.0,0.0
2024-10-28 12:20:00-04:00,12.180000305175781,12.194999694824219,12.180000305175781,12.1899995803833,3412,0.0,0.0
2024-10-28 12:25:00-04:00,12.1899995803833,12.199999809265137,12.1899995803833,12.199999809265137,1942,0.0,0.0
2024-10-28 12:30:00-04:00,12.20930004119873,12.20930004119873,12.1899995803833,12.204000473022461,6361,0.0,0.0
2024-10-28 12:35:00-04:00,12.1899995803833,12.220000267028809,12.1899995803833,12.220000267028809,8883,0.0,0.0
2024-10-28 12:40:00-04:00,12.220000267028809,12.220000267028809,12.220000267028809,12.220000267028809,533,0.0,0.0
2024-10-28 12:45:00-04:00,12.220000267028809,12.225000381469727,12.220000267028809,12.225000381469727,1423,0.0,0.0
2024-10-28 12:50:00-04:00,12.229999542236328,12.244999885559082,12.229999542236328,12.239999771118164,2079,0.0,0.0
2024-10-28 12:55:00-04:00,12.239999771118164,12.239999771118164,12.234999656677246,12.234999656677246,1002,0.0,0.0
2024-10-28 13:00:00-04:00,12.225000381469727,12.225000381469727,12.225000381469727,12.225000381469727,201,0.0,0.0
2024-10-28 13:05:00-04:00,12.229999542236328,12.25,12.229999542236328,12.25,2383,0.0,0.0
2024-10-28 13:10:00-04:00,12.25,12.25,12.25,12.25,711,0.0,0.0
2024-10-28 13:15:00-04:00,12.25,12.25,12.25,12.25,998,0.0,0.0
2024-10-28 13:20:00-04:00,12.260000228881836,12.270000457763672,12.260000228881836,12.265000343322754,2127,0.0,0.0
2024-10-28 13:25:00-04:00,12.260000228881836,12.260000228881836,12.260000228881836,12.260000228881836,211,0.0,0.0
2024-10-28 13:30:00-04:00,12.244999885559082,12.244999885559082,12.239999771118164,12.239999771118164,1782,0.0,0.0
2024-10-28 13:35:00-04:00,12.239999771118164,12.239999771118164,12.239999771118164,12.239999771118164,1018,0.0,0.0
2024-10-28 13:40:00-04:00,12.239999771118164,12.239999771118164,12.239999771118164,12.239999771118164,1589,0.0,0.0
2024-10-28 13:45:00-04:00,12.239999771118164,12.239999771118164,12.239999771118164,12.239999771118164,976,0.0,0.0
2024-10-28 13:50:00-04:00,12.244999885559082,12.244999885559082,12.244999885559082,12.244999885559082,221,0.0,0.0
2024-10-28 13:55:00-04:00,12.239999771118164,12.239999771118164,12.239999771118164,12.239999771118164,1491,0.0,0.0
2024-10-28 14:00:00-04:00,12.239999771118164,12.239999771118164,12.225000381469727,12.225000381469727,2138,0.0,0.0
2024-10-28 14:05:00-04:00,12.220000267028809,12.220000267028809,12.220000267028809,12.220000267028809,413,0.0,0.0
2024-10-28 14:10:00-04:00,12.210000038146973,12.210000038146973,12.210000038146973,12.210000038146973,261,0.0,0.0
2024-10-28 14:15:00-04:00,12.21500015258789,12.229999542236328,12.21500015258789,12.225000381469727,1787,0.0,0.0
2024-10-28 14:20:00-04:00,12.220000267028809,12.220000267028809,12.220000267028809,12.220000267028809,374,0.0,0.0
2024-10-28 14:30:00-04:00,12.220000267028809,12.220000267028809,12.210000038146973,12.210000038146973,904,0.0,0.0
2024-10-28 14:35:00-04:00,12.220000267028809,12.220000267028809,12.210000038146973,12.210000038146973,1847,0.0,0.0
2024-10-28 14:40:00-04:00,12.194999694824219,12.199999809265137,12.1899995803833,12.199999809265137,1937,0.0,0.0
2024-10-28 14:45:00-04:00,12.194999694824219,12.199999809265137,12.194999694824219,12.199999809265137,831,0.0,0.0
2024-10-28 14:50:00-04:00,12.204999923706055,12.219900131225586,12.204999923706055,12.210000038146973,1636,0.0,0.0
2024-10-28 14:55:00-04:00,12.210000038146973,12.210000038146973,12.210000038146973,12.210000038146973,204,0.0,0.0
2024-10-28 15:00:00-04:00,12.210000038146973,12.219900131225586,12.199999809265137,12.21500015258789,2714,0.0,0.0
2024-10-28 15:05:00-04:00,12.210000038146973,12.210000038146973,12.194999694824219,12.194999694824219,732,0.0,0.0
2024-10-28 15:10:00-04:00,12.194999694824219,12.194999694824219,12.185199737548828,12.1899995803833,1758,0.0,0.0
2024-10-28 15:15:00-04:00,12.1899995803833,12.194999694824219,12.1899995803833,12.194999694824219,497,0.0,0.0
2024-10-28 15:20:00-04:00,12.199999809265137,12.199999809265137,12.15999984741211,12.180000305175781,18743,0.0,0.0
2024-10-28 15:25:00-04:00,12.1850004196167,12.220000267028809,12.1850004196167,12.204999923706055,6752,0.0,0.0
2024-10-28 15:30:00-04:00,12.210000038146973,12.255000114440918,12.204999923706055,12.255000114440918,5437,0.0,0.0
2024-10-28 15:35:00-04:00,12.25,12.25,12.244999885559082,12.244999885559082,736,0.0,0.0
2024-10-28 15:40:00-04:00,12.239999771118164,12.260000228881836,12.234999656677246,12.260000228881836,7773,0.0,0.0
2024-10-28 15:45:00-04:00,12.265000343322754,12.274999618530273,12.265000343322754,12.274999618530273,7010,0.0,0.0
2024-10-28 15:50:00-04:00,12.274999618530273,12.3100004196167,12.274999618530273,12.305000305175781,20274,0.0,0.0
2024-10-28 15:55:00-04:00,12.300000190734863,12.3149995803833,12.270000457763672,12.270000457763672,98399,0.0,0.0
2024-10-29 09:30:00-04:00,12.15999984741211,12.15999984741211,12.140000343322754,12.15999984741211,2912,0.0,0.0
2024-10-29 09:35:00-04:00,12.140000343322754,12.140000343322754,12.140000343322754,12.140000343322754,584,0.0,0.0
2024-10-29 09:45:00-04:00,12.109999656677246,12.130000114440918,12.109999656677246,12.130000114440918,838,0.0,0.0
2024-10-29 09:50:00-04:00,12.15999984741211,12.170000076293945,12.15999984741211,12.170000076293945,720,0.0,0.0
2024-10-29 09:55:00-04:00,12.149999618530273,12.149999618530273,12.140000343322754,12.140000343322754,364,0.0,0.0
2024-10-29 10:00:00-04:00,12.149999618530273,12.1766996383667,12.149999618530273,12.1766996383667,1658,0.0,0.0
2024-10-29 10:05:00-04:00,12.170000076293945,12.1899995803833,12.15999984741211,12.1899995803833,1714,0.0,0.0
2024-10-29 10:10:00-04:00,12.1899995803833,12.210000038146973,12.1899995803833,12.199999809265137,993,0.0,0.0
2024-10-29 10:15:00-04:00,12.199999809265137,12.199999809265137,12.1899995803833,12.1899995803833,1150,0.0,0.0
2024-10-29 10:20:00-04:00,12.1899995803833,12.210000038146973,12.1899995803833,12.210000038146973,1045,0.0,0.0
2024-10-29 10:25:00-04:00,12.210000038146973,12.220000267028809,12.210000038146973,12.220000267028809,1639,0.0,0.0
2024-10-29 10:30:00-04:00,12.196000099182129,12.229999542236328,12.196000099182129,12.220000267028809,1242,0.0,0.0
2024-10-29 10:35:00-04:00,12.220000267028809,12.225000381469727,12.210000038146973,12.225000381469727,2185,0.0,0.0
2024-10-29 10:40:00-04:00,12.229999542236328,12.234999656677246,12.21500015258789,12.21500015258789,2926,0.0,0.0
2024-10-29 10:45:00-04:00,12.204999923706055,12.204999923706055,12.194999694824219,12.194999694824219,628,0.0,0.0
2024-10-29 10:50:00-04:00,12.1899995803833,12.1899995803833,12.170000076293945,12.170000076293945,1597,0.0,0.0
2024-10-29 10:55:00-04:00,12.180000305175781,12.180000305175781,12.170000076293945,12.170000076293945,741,0.0,0.0
2024-10-29 11:00:00-04:00,12.170000076293945,12.170000076293945,12.135000228881836,12.135000228881836,1371,0.0,0.0
2024-10-29 11:05:00-04:00,12.135000228881836,12.140000343322754,12.125,12.125,1968,0.0,0.0
2024-10-29 11:10:00-04:00,12.119999885559082,12.130000114440918,12.119999885559082,12.130000114440918,2054,0.0,0.0
2024-10-29 11:15:00-04:00,12.130000114440918,12.130000114440918,12.125,12.125,641,0.0,0.0
2024-10-29 11:20:00-04:00,12.129300117492676,12.129300117492676,12.119999885559082,12.119999885559082,1101,0.0,0.0
2024-10-29 11:25:00-04:00,12.100000381469727,12.149999618530273,12.100000381469727,12.149999618530273,4043,0.0,0.0
2024-10-29 11:30:00-04:00,12.154999732971191,12.154999732971191,12.149999618530273,12.149999618530273,332,0.0,0.0
2024-10-29 11:35:00-04:00,12.15999984741211,12.15999984741211,12.15999984741211,12.15999984741211,1265,0.0,0.0
2024-10-29 11:40:00-04:00,12.164999961853027,12.164999961853027,12.164999961853027,12.164999961853027,355,0.0,0.0
2024-10-29 11:45:00-04:00,12.164999961853027,12.175000190734863,12.164999961853027,12.170000076293945,2582,0.0,0.0
2024-10-29 11:50:00-04:00,12.175000190734863,12.175000190734863,12.175000190734863,12.175000190734863,417,0.0,0.0
2024-10-29 11:55:00-04:00,12.180000305175781,12.180000305175781,12.170000076293945,12.170000076293945,1824,0.0,0.0
2024-10-29 12:00:00-04:00,12.170000076293945,12.170000076293945,12.164999961853027,12.164999961853027,1266,0.0,0.0
2024-10-29 12:05:00-04:00,12.170000076293945,12.170000076293945,12.15999984741211,12.15999984741211,1726,0.0,0.0
2024-10-29 12:10:00-04:00,12.164999961853027,12.164999961853027,12.164999961853027,12.164999961853027,284,0.0,0.0
2024-10-29 12:15:00-04:00,12.15999984741211,12.15999984741211,12.135000228881836,12.140000343322754,4354,0.0,0.0
2024-10-29 12:20:00-04:00,12.140000343322754,12.140000343322754,12.135000228881836,12.135000228881836,1198,0.0,0.0
2024-10-29 12:25:00-04:00,12.135000228881836,12.135000228881836,12.135000228881836,12.135000228881836,187,0.0,0.0
2024-10-29 12:30:00-04:00,12.130000114440918,12.135000228881836,12.12600040435791,12.135000228881836,2934,0.0,0.0
2024-10-29 12:35:00-04:00,12.140000343322754,12.140000343322754,12.130000114440918,12.130000114440918,654,0.0,0.0
2024-10-29 12:40:00-04:00,12.130000114440918,12.130000114440918,12.130000114440918,12.130000114440918,2186,0.0,0.0
2024-10-29 12:45:00-04:00,12.125,12.125,12.125,12.125,1572,0.0,0.0
2024-10-29 12:50:00-04:00,12.130000114440918,12.135000228881836,12.130000114440918,12.135000228881836,1151,0.0,0.0
2024-10-29 12:55:00-04:00,12.135000228881836,12.15999984741211,12.135000228881836,12.15999984741211,2519,0.0,0.0
2024-10-29 13:00:00-04:00,12.15999984741211,12.15999984741211,12.140000343322754,12.149999618530273,4334,0.0,0.0
2024-10-29 13:05:00-04:00,12.139900207519531,12.139900207519531,12.130000114440918,12.130000114440918,714,0.0,0.0
2024-10-29 13:10:00-04:00,12.119999885559082,12.119999885559082,12.109999656677246,12.119999885559082,1275,0.0,0.0
2024-10-29 13:15:00-04:00,12.125,12.130000114440918,12.125,12.130000114440918,1457,0.0,0.0
2024-10-29 13:20:00-04:00,12.140000343322754,12.140000343322754,12.140000343322754,12.140000343322754,204,0.0,0.0
2024-10-29 13:25:00-04:00,12.145000457763672,12.145000457763672,12.145000457763672,12.145000457763672,515,0.0,0.0
2024-10-29 13:30:00-04:00,12.145000457763672,12.145000457763672,12.125,12.125,2001,0.0,0.0
2024-10-29 13:35:00-04:00,12.130000114440918,12.135000228881836,12.12399959564209,12.12399959564209,1341,0.0,0.0
2024-10-29 13:40:00-04:00,12.119999885559082,12.119999885559082,12.119999885559082,12.119999885559082,784,0.0,0.0
2024-10-29 13:45:00-04:00,12.114999771118164,12.114999771118164,12.109999656677246,12.114999771118164,1503,0.0,0.0
2024-10-29 13:50:00-04:00,12.119999885559082,12.119999885559082,12.119999885559082,12.119999885559082,1277,0.0,0.0
2024-10-29 13:55:00-04:00,12.130000114440918,12.145000457763672,12.130000114440918,12.145000457763672,844,0.0,0.0
2024-10-29 14:00:00-04:00,12.149999618530273,12.154999732971191,12.149999618530273,12.154999732971191,515,0.0,0.0
2024-10-29 14:05:00-04:00,12.149999618530273,12.154999732971191,12.149999618530273,12.154999732971191,1636,0.0,0.0
2024-10-29 14:10:00-04:00,12.154999732971191,12.164999961853027,12.154999732971191,12.164999961853027,1126,0.0,0.0
2024-10-29 14:15:00-04:00,12.164999961853027,12.164999961853027,12.164999961853027,12.164999961853027,352,0.0,0.0
2024-10-29 14:20:00-04:00,12.164999961853027,12.170000076293945,12.15999984741211,12.170000076293945,706,0.0,0.0
2024-10-29 14:25:00-04:00,12.166799545288086,12.166799545288086,12.149999618530273,12.149999618530273,4292,0.0,0.0
2024-10-29 14:30:00-04:00,12.149999618530273,12.149999618530273,12.149999618530273,12.149999618530273,582,0.0,0.0
2024-10-29 14:35:00-04:00,12.149999618530273,12.164999961853027,12.149999618530273,12.15999984741211,3790,0.0,0.0
2024-10-29 14:40:00-04:00,12.154999732971191,12.154999732971191,12.154999732971191,12.154999732971191,327,0.0,0.0
2024-10-29 14:45:00-04:00,12.149999618530273,12.154999732971191,12.149999618530273,12.154999732971191,528,0.0,0.0
2024-10-29 14:50:00-04:00,12.149999618530273,12.156999588012695,12.149999618530273,12.156999588012695,942,0.0,0.0
2024-10-29 14:55:00-04:00,12.150300025939941,12.154999732971191,12.145000457763672,12.145999908447266,2988,0.0,0.0
2024-10-29 15:00:00-04:00,12.149999618530273,12.154999732971191,12.140000343322754,12.149999618530273,2969,0.0,0.0
2024-10-29 15:05:00-04:00,12.140000343322754,12.140000343322754,12.135000228881836,12.135000228881836,3334,0.0,0.0
2024-10-29 15:10:00-04:00,12.130000114440918,12.130000114440918,12.130000114440918,12.130000114440918,1505,0.0,0.0
2024-10-29 15:15:00-04:00,12.119999885559082,12.119999885559082,12.114999771118164,12.114999771118164,2610,0.0,0.0
2024-10-29 15:20:00-04:00,12.109999656677246,12.119999885559082,12.109999656677246,12.114999771118164,1248,0.0,0.0
2024-10-29 15:25:00-04:00,12.114999771118164,12.119999885559082,12.114999771118164,12.114999771118164,3332,0.0,0.0
2024-10-29 15:30:00-04:00,12.119999885559082,12.119999885559082,12.109999656677246,12.109999656677246,2566,0.0,0.0
2024-10-29 15:35:00-04:00,12.104999542236328,12.109999656677246,12.100000381469727,12.109999656677246,2176,0.0,0.0
2024-10-29 15:40:00-04:00,12.100000381469727,12.140000343322754,12.100000381469727,12.135000228881836,15873,0.0,0.0
2024-10-29 15:45:00-04:00,12.135000228881836,12.170000076293945,12.135000228881836,12.170000076293945,8502,0.0,0.0
2024-10-29 15:50:00-04:00,12.15999984741211,12.180000305175781,12.149999618530273,12.154999732971191,11063,0.0,0.0
2024-10-29 15:55:00-04:00,12.154999732971191,12.1899995803833,12.154999732971191,12.1850004196167,38734,0.0,0.0
2024-10-30 09:30:00-04:00,12.140000343322754,12.140000343322754,12.140000343322754,12.140000343322754,2859,0.0,0.0
2024-10-30 09:35:00-04:00,12.220000267028809,12.244999885559082,12.220000267028809,12.244999885559082,661,0.0,0.0
2024-10-30 09:40:00-04:00,12.25,12.260000228881836,12.229999542236328,12.25,3155,0.0,0.0
2024-10-30 09:45:00-04:00,12.25,12.289999961853027,12.25,12.289999961853027,1597,0.0,0.0
2024-10-30 09:50:00-04:00,12.300000190734863,12.350000381469727,12.300000190734863,12.350000381469727,1260,0.0,0.0
2024-10-30 09:55:00-04:00,12.359999656677246,12.390000343322754,12.359999656677246,12.390000343322754,1301,0.0,0.0
2024-10-30 10:00:00-04:00,12.385000228881836,12.439000129699707,12.380000114440918,12.430000305175781,3425,0.0,0.0
2024-10-30 10:05:00-04:00,12.420000076293945,12.449999809265137,12.420000076293945,12.449999809265137,2214,0.0,0.0
2024-10-30 10:10:00-04:00,12.449999809265137,12.470000267028809,12.449999809265137,12.470000267028809,1036,0.0,0.0
2024-10-30 10:15:00-04:00,12.489999771118164,12.494999885559082,12.479999542236328,12.479999542236328,2689,0.0,0.0
2024-10-30 10:20:00-04:00,12.479999542236328,12.479999542236328,12.4399995803833,12.449999809265137,5906,0.0,0.0
2024-10-30 10:25:00-04:00,12.4399995803833,12.449999809265137,12.430000305175781,12.430000305175781,2709,0.0,0.0
2024-10-30 10:30:00-04:00,12.430000305175781,12.430000305175781,12.369999885559082,12.369999885559082,4031,0.0,0.0
2024-10-30 10:35:00-04:00,12.390000343322754,12.390000343322754,12.34000015258789,12.380000114440918,2747,0.0,0.0
2024-10-30 10:40:00-04:00,12.350000381469727,12.369999885559082,12.350000381469727,12.359999656677246,2175,0.0,0.0
2024-10-30 10:45:00-04:00,12.359999656677246,12.359999656677246,12.34000015258789,12.359999656677246,2865,0.0,0.0
2024-10-30 10:50:00-04:00,12.350000381469727,12.350000381469727,12.329999923706055,12.350000381469727,2197,0.0,0.0
2024-10-30 10:55:00-04:00,12.359999656677246,12.369999885559082,12.34000015258789,12.369999885559082,2742,0.0,0.0
2024-10-30 11:00:00-04:00,12.350000381469727,12.359999656677246,12.345000267028809,12.359999656677246,1747,0.0,0.0
2024-10-30 11:05:00-04:00,12.345000267028809,12.359999656677246,12.345000267028809,12.359999656677246,919,0.0,0.0
2024-10-30 11:10:00-04:00,12.359999656677246,12.369500160217285,12.350000381469727,12.350000381469727,877,0.0,0.0
2024-10-30 11:15:00-04:00,12.350000381469727,12.390000343322754,12.345000267028809,12.390000343322754,3008,0.0,0.0
2024-10-30 11:20:00-04:00,12.380000114440918,12.390000343322754,12.380000114440918,12.390000343322754,2343,0.0,0.0
2024-10-30 11:25:00-04:00,12.380000114440918,12.390000343322754,12.380000114440918,12.390000343322754,1434,0.0,0.0
2024-10-30 11:30:00-04:00,12.390000343322754,12.420000076293945,12.390000343322754,12.40999984741211,2283,0.0,0.0
2024-10-30 11:35:00-04:00,12.399999618530273,12.420000076293945,12.399999618530273,12.399999618530273,3400,0.0,0.0
2024-10-30 11:40:00-04:00,12.40999984741211,12.420000076293945,12.399999618530273,12.399999618530273,1437,0.0,0.0
2024-10-30 11:45:00-04:00,12.40999984741211,12.40999984741211,12.399999618530273,12.409500122070312,821,0.0,0.0
2024-10-30 11:50:00-04:00,12.404999732971191,12.404999732971191,12.395000457763672,12.399999618530273,1839,0.0,0.0
2024-10-30 11:55:00-04:00,12.409500122070312,12.409500122070312,12.395000457763672,12.399999618530273,1781,0.0,0.0
2024-10-30 12:00:00-04:00,12.399999618530273,12.40999984741211,12.380000114440918,12.40999984741211,4560,0.0,0.0
2024-10-30 12:05:00-04:00,12.40999984741211,12.420000076293945,12.40999984741211,12.416000366210938,3471,0.0,0.0
2024-10-30 12:10:00-04:00,12.40999984741211,12.40999984741211,12.399999618530273,12.399999618530273,1374,0.0,0.0
2024-10-30 12:15:00-04:00,12.399999618530273,12.399999618530273,12.369999885559082,12.369999885559082,2538,0.0,0.0
2024-10-30 12:20:00-04:00,12.371000289916992,12.375,12.371000289916992,12.375,475,0.0,0.0
2024-10-30 12:25:00-04:00,12.369999885559082,12.369999885559082,12.359999656677246,12.359999656677246,2590,0.0,0.0
2024-10-30 12:30:00-04:00,12.369999885559082,12.375,12.364999771118164,12.375,1794,0.0,0.0
2024-10-30 12:35:00-04:00,12.369999885559082,12.399999618530273,12.369999885559082,12.390000343322754,2086,0.0,0.0
2024-10-30 12:40:00-04:00,12.38949966430664,12.390000343322754,12.380000114440918,12.385000228881836,2266,0.0,0.0
2024-10-30 12:45:00-04:00,12.380000114440918,12.390000343322754,12.380000114440918,12.390000343322754,6541,0.0,0.0
2024-10-30 12:50:00-04:00,12.404999732971191,12.429499626159668,12.404999732971191,12.429499626159668,2678,0.0,0.0
2024-10-30 12:55:00-04:00,12.425000190734863,12.425000190734863,12.404999732971191,12.409500122070312,2436,0.0,0.0
2024-10-30 13:00:00-04:00,12.404999732971191,12.430000305175781,12.399999618530273,12.430000305175781,1757,0.0,0.0
2024-10-30 13:05:00-04:00,12.430000305175781,12.430000305175781,12.414999961853027,12.414999961853027,3293,0.0,0.0
2024-10-30 13:10:00-04:00,12.420000076293945,12.420000076293945,12.420000076293945,12.420000076293945,1648,0.0,0.0
2024-10-30 13:15:00-04:00,12.430000305175781,12.430000305175781,12.430000305175781,12.430000305175781,642,0.0,0.0
2024-10-30 13:20:00-04:00,12.425000190734863,12.430000305175781,12.420000076293945,12.430000305175781,2283,0.0,0.0
2024-10-30 13:25:00-04:00,12.430000305175781,12.4350004196167,12.40999984741211,12.40999984741211,3542,0.0,0.0
2024-10-30 13:30:00-04:00,12.420000076293945,12.430000305175781,12.399999618530273,12.399999618530273,4503,0.0,0.0
2024-10-30 13:35:00-04:00,12.395000457763672,12.40999984741211,12.390000343322754,12.40999984741211,3576,0.0,0.0
2024-10-30 13:40:00-04:00,12.404999732971191,12.40999984741211,12.399999618530273,12.40999984741211,1078,0.0,0.0
2024-10-30 13:45:00-04:00,12.404999732971191,12.40999984741211,12.404999732971191,12.404999732971191,1964,0.0,0.0
2024-10-30 13:50:00-04:00,12.40999984741211,12.40999984741211,12.390000343322754,12.390000343322754,3492,0.0,0.0
2024-10-30 13:55:00-04:00,12.380000114440918,12.399999618530273,12.380000114440918,12.395000457763672,2228,0.0,0.0
2024-10-30 14:00:00-04:00,12.390999794006348,12.40999984741211,12.390000343322754,12.40999984741211,2243,0.0,0.0
2024-10-30 14:05:00-04:00,12.40999984741211,12.430000305175781,12.40999984741211,12.40999984741211,5263,0.0,0.0
2024-10-30 14:10:00-04:00,12.406000137329102,12.406000137329102,12.399999618530273,12.404999732971191,936,0.0,0.0
2024-10-30 14:15:00-04:00,12.404999732971191,12.404999732971191,12.399999618530273,12.399999618530273,434,0.0,0.0
2024-10-30 14:20:00-04:00,12.399999618530273,12.399999618530273,12.359999656677246,12.359999656677246,3418,0.0,0.0
2024-10-30 14:25:00-04:00,12.350000381469727,12.359999656677246,12.329999923706055,12.329999923706055,1297,0.0,0.0
2024-10-30 14:30:00-04:00,12.329999923706055,12.345000267028809,12.329999923706055,12.345000267028809,2406,0.0,0.0
2024-10-30 14:35:00-04:00,12.345000267028809,12.345000267028809,12.34000015258789,12.34000015258789,925,0.0,0.0
2024-10-30 14:40:00-04:00,12.319999694824219,12.319999694824219,12.3100004196167,12.3100004196167,1131,0.0,0.0
2024-10-30 14:45:00-04:00,12.3100004196167,12.3100004196167,12.300000190734863,12.3100004196167,777,0.0,0.0
2024-10-30 14:50:00-04:00,12.305000305175781,12.324999809265137,12.305000305175781,12.324999809265137,3116,0.0,0.0
2024-10-30 14:55:00-04:00,12.329999923706055,12.335000038146973,12.329999923706055,12.335000038146973,984,0.0,0.0
2024-10-30 15:00:00-04:00,12.329999923706055,12.329999923706055,12.319999694824219,12.319999694824219,1738,0.0,0.0
2024-10-30 15:05:00-04:00,12.319999694824219,12.329999923706055,12.319999694824219,12.329999923706055,1918,0.0,0.0
2024-10-30 15:10:00-04:00,12.329999923706055,12.335000038146973,12.329999923706055,12.335000038146973,689,0.0,0.0
2024-10-30 15:15:00-04:00,12.335000038146973,12.345000267028809,12.324999809265137,12.329999923706055,3727,0.0,0.0
2024-10-30 15:20:00-04:00,12.34000015258789,12.354999542236328,12.34000015258789,12.354999542236328,1530,0.0,0.0
2024-10-30 15:25:00-04:00,12.350000381469727,12.350000381469727,12.345000267028809,12.345000267028809,1607,0.0,0.0
2024-10-30 15:30:00-04:00,12.34000015258789,12.359999656677246,12.34000015258789,12.354999542236328,4519,0.0,0.0
2024-10-30 15:35:00-04:00,12.350000381469727,12.359000205993652,12.329999923706055,12.329999923706055,5119,0.0,0.0
2024-10-30 15:40:00-04:00,12.329999923706055,12.369999885559082,12.329999923706055,12.354999542236328,9658,0.0,0.0
2024-10-30 15:45:00-04:00,12.350099563598633,12.395000457763672,12.350099563598633,12.378195762634277,22566,0.0,0.0
2024-10-30 15:50:00-04:00,12.375,12.385000228881836,12.359999656677246,12.375,50599,0.0,0.0
2024-10-30 15:55:00-04:00,12.369999885559082,12.369999885559082,12.270000457763672,12.279999732971191,74410,0.0,0.0
2024-10-31 09:30:00-04:00,12.34000015258789,12.34000015258789,12.279999732971191,12.279999732971191,3155,0.0,0.0
2024-10-31 09:35:00-04:00,12.279999732971191,12.329999923706055,12.279999732971191,12.329999923706055,1193,0.0,0.0
2024-10-31 09:40:00-04:00,12.324999809265137,12.34000015258789,12.324999809265137,12.34000015258789,428,0.0,0.0
2024-10-31 09:45:00-04:00,12.3100004196167,12.3100004196167,12.260000228881836,12.260000228881836,568,0.0,0.0
2024-10-31 09:50:00-04:00,12.210000038146973,12.210000038146973,12.210000038146973,12.210000038146973,478,0.0,0.0
2024-10-31 09:55:00-04:00,12.220000267028809,12.300000190734863,12.220000267028809,12.300000190734863,2487,0.0,0.0
2024-10-31 10:00:00-04:00,12.289999961853027,12.300999641418457,12.239999771118164,12.239999771118164,3202,0.0,0.0
2024-10-31 10:05:00-04:00,12.239999771118164,12.239999771118164,12.1899995803833,12.210000038146973,3403,0.0,0.0
2024-10-31 10:10:00-04:00,12.21500015258789,12.244999885559082,12.21500015258789,12.239999771118164,2715,0.0,0.0
2024-10-31 10:15:00-04:00,12.260000228881836,12.3100004196167,12.260000228881836,12.289999961853027,1933,0.0,0.0
2024-10-31 10:20:00-04:00,12.279999732971191,12.305000305175781,12.279999732971191,12.300000190734863,2024,0.0,0.0
2024-10-31 10:25:00-04:00,12.305000305175781,12.305000305175781,12.300000190734863,12.300000190734863,701,0.0,0.0
2024-10-31 10:30:00-04:00,12.295000076293945,12.335000038146973,12.270000457763672,12.335000038146973,8298,0.0,0.0
2024-10-31 10:35:00-04:00,12.34000015258789,12.34000015258789,12.300000190734863,12.300000190734863,3559,0.0,0.0
2024-10-31 10:40:00-04:00,12.300000190734863,12.300000190734863,12.295000076293945,12.300000190734863,1597,0.0,0.0
2024-10-31 10:45:00-04:00,12.300000190734863,12.3100004196167,12.295000076293945,12.3100004196167,6328,0.0,0.0
2024-10-31 10:50:00-04:00,12.3100004196167,12.3100004196167,12.3100004196167,12.3100004196167,437,0.0,0.0
2024-10-31 10:55:00-04:00,12.3100004196167,12.319999694824219,12.3100004196167,12.3100004196167,2947,0.0,0.0
2024-10-31 11:00:00-04:00,12.3100004196167,12.3100004196167,12.3100004196167,12.3100004196167,1061,0.0,0.0
2024-10-31 11:05:00-04:00,12.3149995803833,12.329999923706055,12.3100004196167,12.319999694824219,7410,0.0,0.0
2024-10-31 11:10:00-04:00,12.319999694824219,12.319999694824219,12.289999961853027,12.3100004196167,3253,0.0,0.0
2024-10-31 11:15:00-04:00,12.319999694824219,12.319999694824219,12.319999694824219,12.319999694824219,345,0.0,0.0
2024-10-31 11:20:00-04:00,12.324999809265137,12.354999542236328,12.324999809265137,12.354999542236328,2551,0.0,0.0
2024-10-31 11:25:00-04:00,12.350000381469727,12.350000381469727,12.34000015258789,12.34000015258789,1063,0.0,0.0
2024-10-31 11:30:00-04:00,12.350000381469727,12.354999542236328,12.350000381469727,12.350000381469727,1101,0.0,0.0
2024-10-31 11:35:00-04:00,12.359999656677246,12.359999656677246,12.359999656677246,12.359999656677246,1186,0.0,0.0
2024-10-31 11:40:00-04:00,12.359999656677246,12.375,12.359999656677246,12.369999885559082,1635,0.0,0.0
2024-10-31 11:45:00-04:00,12.380000114440918,12.385000228881836,12.369999885559082,12.369999885559082,2079,0.0,0.0
2024-10-31 11:50:00-04:00,12.369999885559082,12.369999885559082,12.359999656677246,12.359999656677246,1129,0.0,0.0
2024-10-31 11:55:00-04:00,12.350000381469727,12.369999885559082,12.350000381469727,12.359999656677246,3949,0.0,0.0
2024-10-31 12:00:00-04:00,12.369999885559082,12.369999885559082,12.369999885559082,12.369999885559082,1445,0.0,0.0
2024-10-31 12:05:00-04:00,12.359999656677246,12.359999656677246,12.335000038146973,12.34000015258789,5388,0.0,0.0
2024-10-31 12:10:00-04:00,12.345000267028809,12.359999656677246,12.345000267028809,12.359999656677246,1547,0.0,0.0
2024-10-31 12:15:00-04:00,12.369000434875488,12.369999885559082,12.354999542236328,12.354999542236328,3093,0.0,0.0
2024-10-31 12:20:00-04:00,12.354999542236328,12.380000114440918,12.34000015258789,12.34000015258789,6174,0.0,0.0
2024-10-31 12:25:00-04:00,12.34000015258789,12.34000015258789,12.34000015258789,12.34000015258789,1474,0.0,0.0
2024-10-31 12:30:00-04:00,12.335000038146973,12.354999542236328,12.335000038146973,12.335000038146973,2669,0.0,0.0
2024-10-31 12:35:00-04:00,12.335000038146973,12.335000038146973,12.319999694824219,12.319999694824219,1290,0.0,0.0
2024-10-31 12:40:00-04:00,12.319999694824219,12.329999923706055,12.319999694824219,12.324999809265137,792,0.0,0.0
2024-10-31 12:45:00-04:00,12.324999809265137,12.324999809265137,12.324999809265137,12.324999809265137,1622,0.0,0.0
2024-10-31 12:50:00-04:00,12.324999809265137,12.324999809265137,12.324999809265137,12.324999809265137,1499,0.0,0.0
2024-10-31 12:55:00-04:00,12.329999923706055,12.364999771118164,12.319999694824219,12.359999656677246,9661,0.0,0.0
2024-10-31 13:00:00-04:00,12.359999656677246,12.385000228881836,12.359999656677246,12.359999656677246,3761,0.0,0.0
2024-10-31 13:05:00-04:00,12.364999771118164,12.375,12.364999771118164,12.375,2949,0.0,0.0
2024-10-31 13:10:00-04:00,12.380000114440918,12.390000343322754,12.359999656677246,12.359999656677246,3266,0.0,0.0
2024-10-31 13:15:00-04:00,12.369999885559082,12.369999885559082,12.369999885559082,12.369999885559082,1086,0.0,0.0
2024-10-31 13:20:00-04:00,12.369999885559082,12.369999885559082,12.369999885559082,12.369999885559082,331,0.0,0.0
2024-10-31 13:25:00-04:00,12.375,12.380000114440918,12.364999771118164,12.364999771118164,2309,0.0,0.0
2024-10-31 13:30:00-04:00,12.364999771118164,12.369999885559082,12.359999656677246,12.369999885559082,4524,0.0,0.0
2024-10-31 13:35:00-04:00,12.369999885559082,12.369999885559082,12.359999656677246,12.359999656677246,2065,0.0,0.0
2024-10-31 13:40:00-04:00,12.364999771118164,12.364999771118164,12.364999771118164,12.364999771118164,731,0.0,0.0
2024-10-31 13:45:00-04:00,12.359999656677246,12.359999656677246,12.350000381469727,12.354999542236328,1573,0.0,0.0
2024-10-31 13:50:00-04:00,12.350000381469727,12.359999656677246,12.350000381469727,12.359999656677246,2007,0.0,0.0
2024-10-31 13:55:00-04:00,12.355999946594238,12.359299659729004,12.354999542236328,12.354999542236328,3213,0.0,0.0
2024-10-31 14:00:00-04:00,12.354999542236328,12.359999656677246,12.319999694824219,12.345000267028809,11740,0.0,0.0
2024-10-31 14:05:00-04:00,12.350000381469727,12.354999542236328,12.34000015258789,12.350000381469727,3730,0.0,0.0
2024-10-31 14:10:00-04:00,12.359999656677246,12.380000114440918,12.359999656677246,12.369999885559082,1641,0.0,0.0
2024-10-31 14:15:00-04:00,12.359999656677246,12.369999885559082,12.347599983215332,12.359999656677246,5677,0.0,0.0
2024-10-31 14:20:00-04:00,12.359999656677246,12.359999656677246,12.345000267028809,12.345000267028809,1115,0.0,0.0
2024-10-31 14:25:00-04:00,12.350000381469727,12.350000381469727,12.345000267028809,12.350000381469727,4393,0.0,0.0
2024-10-31 14:30:00-04:00,12.354999542236328,12.354999542236328,12.350000381469727,12.354999542236328,3341,0.0,0.0
2024-10-31 14:35:00-04:00,12.350000381469727,12.364999771118164,12.350000381469727,12.364999771118164,3662,0.0,0.0
2024-10-31 14:40:00-04:00,12.364999771118164,12.375,12.350000381469727,12.350000381469727,2617,0.0,0.0
2024-10-31 14:45:00-04:00,12.359999656677246,12.375,12.359999656677246,12.369999885559082,3528,0.0,0.0
2024-10-31 14:50:00-04:00,12.369999885559082,12.369999885559082,12.359999656677246,12.364999771118164,1452,0.0,0.0
2024-10-31 14:55:00-04:00,12.369999885559082,12.375,12.364999771118164,12.369999885559082,2683,0.0,0.0
2024-10-31 15:00:00-04:00,12.375,12.380000114440918,12.369999885559082,12.375,1801,0.0,0.0
2024-10-31 15:05:00-04:00,12.380000114440918,12.390000343322754,12.375,12.390000343322754,2276,0.0,0.0
2024-10-31 15:10:00-04:00,12.385000228881836,12.390000343322754,12.380000114440918,12.390000343322754,1326,0.0,0.0
2024-10-31 15:15:00-04:00,12.385000228881836,12.390000343322754,12.369999885559082,12.390000343322754,4527,0.0,0.0
2024-10-31 15:20:00-04:00,12.385000228881836,12.390000343322754,12.380999565124512,12.385000228881836,984,0.0,0.0
2024-10-31 15:25:00-04:00,12.385000228881836,12.390000343322754,12.359999656677246,12.359999656677246,3900,0.0,0.0
2024-10-31 15:30:00-04:00,12.369999885559082,12.380000114440918,12.359999656677246,12.375,8729,0.0,0.0
2024-10-31 15:35:00-04:00,12.380000114440918,12.390000343322754,12.359999656677246,12.364999771118164,11994,0.0,0.0
2024-10-31 15:40:00-04:00,12.364999771118164,12.380000114440918,12.345000267028809,12.345000267028809,8787,0.0,0.0
2024-10-31 15:45:00-04:00,12.34000015258789,12.350000381469727,12.324999809265137,12.329999923706055,13290,0.0,0.0
2024-10-31 15:50:00-04:00,12.324999809265137,12.324999809265137,12.274999618530273,12.279999732971191,20702,0.0,0.0
2024-10-31 15:55:00-04:00,12.279999732971191,12.28499984741211,12.25,12.260000228881836,45804,0.0,0.0
2024-11-01 09:30:00-04:00,12.350000381469727,12.4399995803833,12.329999923706055,12.4399995803833,5369,0.0,0.0
2024-11-01 09:35:00-04:00,12.4399995803833,12.4399995803833,12.40999984741211,12.420000076293945,1751,0.0,0.0
2024-11-01 09:40:00-04:00,12.420000076293945,12.420000076293945,12.390000343322754,12.390000343322754,2035,0.0,0.0
2024-11-01 09:45:00-04:00,12.380000114440918,12.40999984741211,12.369999885559082,12.40999984741211,2655,0.0,0.0
2024-11-01 09:50:00-04:00,12.414999961853027,12.414999961853027,12.390000343322754,12.399999618530273,2166,0.0,0.0
2024-11-01 09:55:00-04:00,12.390000343322754,12.390000343322754,12.359999656677246,12.359999656677246,768,0.0,0.0
2024-11-01 10:00:00-04:00,12.369999885559082,12.369999885559082,12.28499984741211,12.289999961853027,8222,0.0,0.0
2024-11-01 10:05:00-04:00,12.300000190734863,12.34000015258789,12.289999961853027,12.34000015258789,4849,0.0,0.0
2024-11-01 10:10:00-04:00,12.34000015258789,12.345000267028809,12.34000015258789,12.345000267028809,807,0.0,0.0
2024-11-01 10:15:00-04:00,12.350000381469727,12.385000228881836,12.345000267028809,12.380000114440918,3925,0.0,0.0
2024-11-01 10:20:00-04:00,12.385000228881836,12.390000343322754,12.380000114440918,12.390000343322754,1119,0.0,0.0
2024-11-01 10:25:00-04:00,12.395000457763672,12.420000076293945,12.390000343322754,12.414999961853027,2574,0.0,0.0
2024-11-01 10:30:00-04:00,12.420000076293945,12.420000076293945,12.385000228881836,12.385000228881836,1839,0.0,0.0
2024-11-01 10:35:00-04:00,12.385000228881836,12.390000343322754,12.364999771118164,12.366399765014648,3036,0.0,0.0
2024-11-01 10:40:00-04:00,12.350000381469727,12.354999542236328,12.329999923706055,12.329999923706055,2070,0.0,0.0
2024-11-01 10:45:00-04:00,12.329999923706055,12.335000038146973,12.319999694824219,12.319999694824219,1730,0.0,0.0
2024-11-01 10:50:00-04:00,12.319999694824219,12.319999694824219,12.279999732971191,12.279999732971191,2621,0.0,0.0
2024-11-01 10:55:00-04:00,12.279999732971191,12.279999732971191,12.274999618530273,12.274999618530273,942,0.0,0.0
2024-11-01 11:00:00-04:00,12.279999732971191,12.28499984741211,12.270000457763672,12.270000457763672,1967,0.0,0.0
2024-11-01 11:05:00-04:00,12.270000457763672,12.270000457763672,12.239999771118164,12.239999771118164,2542,0.0,0.0
2024-11-01 11:10:00-04:00,12.239999771118164,12.279999732971191,12.239999771118164,12.279999732971191,1867,0.0,0.0
2024-11-01 11:15:00-04:00,12.279999732971191,12.289999961853027,12.279999732971191,12.289999961853027,673,0.0,0.0
2024-11-01 11:20:00-04:00,12.289999961853027,12.289999961853027,12.289999961853027,12.289999961853027,366,0.0,0.0
2024-11-01 11:25:00-04:00,12.300000190734863,12.300000190734863,12.289999961853027,12.295000076293945,3312,0.0,0.0
2024-11-01 11:30:00-04:00,12.279999732971191,12.28499984741211,12.270000457763672,12.270000457763672,1847,0.0,0.0
2024-11-01 11:35:00-04:00,12.270000457763672,12.274999618530273,12.265000343322754,12.265000343322754,2174,0.0,0.0
2024-11-01 11:40:00-04:00,12.270000457763672,12.270000457763672,12.270000457763672,12.270000457763672,174,0.0,0.0
2024-11-01 11:45:00-04:00,12.270000457763672,12.270000457763672,12.239999771118164,12.239999771118164,3350,0.0,0.0
2024-11-01 11:50:00-04:00,12.229999542236328,12.244999885559082,12.21500015258789,12.244999885559082,3580,0.0,0.0
2024-11-01 11:55:00-04:00,12.239999771118164,12.239999771118164,12.239999771118164,12.239999771118164,1064,0.0,0.0
2024-11-01 12:00:00-04:00,12.239999771118164,12.239999771118164,12.239999771118164,12.239999771118164,548,0.0,0.0
2024-11-01 12:05:00-04:00,12.25,12.25,12.244999885559082,12.248000144958496,555,0.0,0.0
2024-11-01 12:10:00-04:00,12.25,12.25,12.244999885559082,12.244999885559082,1000,0.0,0.0
2024-11-01 12:15:00-04:00,12.210000038146973,12.210000038146973,12.194999694824219,12.194999694824219,5482,0.0,0.0
2024-11-01 12:20:00-04:00,12.1899995803833,12.1899995803833,12.1899995803833,12.1899995803833,380,0.0,0.0
2024-11-01 12:25:00-04:00,12.180000305175781,12.180000305175781,12.15999984741211,12.15999984741211,1102,0.0,0.0
2024-11-01 12:30:00-04:00,12.164999961853027,12.164999961853027,12.164999961853027,12.164999961853027,924,0.0,0.0
2024-11-01 12:35:00-04:00,12.170000076293945,12.170000076293945,12.140000343322754,12.140000343322754,3268,0.0,0.0
2024-11-01 12:40:00-04:00,12.140000343322754,12.140000343322754,12.0649995803833,12.074999809265137,17002,0.0,0.0
2024-11-01 12:45:00-04:00,12.074999809265137,12.080100059509277,12.0600004196167,12.079999923706055,6393,0.0,0.0
2024-11-01 12:50:00-04:00,12.0600004196167,12.079999923706055,12.0600004196167,12.079999923706055,2426,0.0,0.0
2024-11-01 12:55:00-04:00,12.069999694824219,12.079999923706055,12.069999694824219,12.074999809265137,1572,0.0,0.0
2024-11-01 13:00:00-04:00,12.074999809265137,12.079999923706055,12.069999694824219,12.079999923706055,855,0.0,0.0
2024-11-01 13:05:00-04:00,12.074999809265137,12.079999923706055,12.069999694824219,12.069999694824219,2494,0.0,0.0
2024-11-01 13:10:00-04:00,12.050000190734863,12.0600004196167,12.050000190734863,12.055000305175781,721,0.0,0.0
2024-11-01 13:15:00-04:00,12.0600004196167,12.0600004196167,12.0600004196167,12.0600004196167,2518,0.0,0.0
2024-11-01 13:20:00-04:00,12.055000305175781,12.079999923706055,12.050000190734863,12.079999923706055,12280,0.0,0.0
2024-11-01 13:25:00-04:00,12.074999809265137,12.074999809265137,12.069999694824219,12.069999694824219,1176,0.0,0.0
2024-11-01 13:30:00-04:00,12.069999694824219,12.069999694824219,12.0600004196167,12.0600004196167,3878,0.0,0.0
2024-11-01 13:35:00-04:00,12.055000305175781,12.055000305175781,12.050000190734863,12.050000190734863,2688,0.0,0.0
2024-11-01 13:40:00-04:00,12.050000190734863,12.050000190734863,12.045000076293945,12.050000190734863,5571,0.0,0.0
2024-11-01 13:45:00-04:00,12.055000305175781,12.055000305175781,12.055000305175781,12.055000305175781,912,0.0,0.0
2024-11-01 13:50:00-04:00,12.0600004196167,12.0649995803833,12.0600004196167,12.0649995803833,1876,0.0,0.0
2024-11-01 13:55:00-04:00,12.0649995803833,12.0649995803833,12.0600004196167,12.0600004196167,3634,0.0,0.0
2024-11-01 14:00:00-04:00,12.0600004196167,12.079999923706055,12.0600004196167,12.079999923706055,2264,0.0,0.0
2024-11-01 14:05:00-04:00,12.079999923706055,12.09000015258789,12.079999923706055,12.085000038146973,1516,0.0,0.0
2024-11-01 14:10:00-04:00,12.085000038146973,12.15999984741211,12.079999923706055,12.15999984741211,12008,0.0,0.0
2024-11-01 14:15:00-04:00,12.149999618530273,12.149999618530273,12.109999656677246,12.109999656677246,2764,0.0,0.0
2024-11-01 14:20:00-04:00,12.109999656677246,12.130000114440918,12.100000381469727,12.130000114440918,3528,0.0,0.0
2024-11-01 14:25:00-04:00,12.130000114440918,12.130000114440918,12.12600040435791,12.128899574279785,1424,0.0,0.0
2024-11-01 14:30:00-04:00,12.119999885559082,12.119999885559082,12.109999656677246,12.114999771118164,1589,0.0,0.0
2024-11-01 14:35:00-04:00,12.109999656677246,12.119999885559082,12.109999656677246,12.119999885559082,1747,0.0,0.0
2024-11-01 14:40:00-04:00,12.125,12.125,12.125,12.125,1029,0.0,0.0
2024-11-01 14:45:00-04:00,12.130000114440918,12.149999618530273,12.130000114440918,12.149999618530273,4600,0.0,0.0
2024-11-01 14:50:00-04:00,12.140000343322754,12.149999618530273,12.140000343322754,12.145000457763672,1794,0.0,0.0
2024-11-01 14:55:00-04:00,12.140000343322754,12.1899995803833,12.140000343322754,12.1899995803833,5606,0.0,0.0
2024-11-01 15:00:00-04:00,12.194999694824219,12.194999694824219,12.180000305175781,12.180000305175781,5686,0.0,0.0
2024-11-01 15:05:00-04:00,12.179800033569336,12.180000305175781,12.175000190734863,12.180000305175781,1384,0.0,0.0
2024-11-01 15:10:00-04:00,12.180000305175781,12.1850004196167,12.180000305175781,12.1850004196167,6956,0.0,0.0
2024-11-01 15:15:00-04:00,12.180000305175781,12.1899995803833,12.180000305175781,12.1899995803833,1429,0.0,0.0
2024-11-01 15:20:00-04:00,12.1850004196167,12.199999809265137,12.1850004196167,12.199999809265137,2939,0.0,0.0
2024-11-01 15:25:00-04:00,12.1899995803833,12.199999809265137,12.180000305175781,12.194999694824219,15104,0.0,0.0
2024-11-01 15:30:00-04:00,12.194999694824219,12.194999694824219,12.180000305175781,12.1850004196167,6197,0.0,0.0
2024-11-01 15:35:00-04:00,12.1850004196167,12.210000038146973,12.1850004196167,12.199999809265137,8330,0.0,0.0
2024-11-01 15:40:00-04:00,12.199999809265137,12.210000038146973,12.1899995803833,12.194999694824219,9391,0.0,0.0
2024-11-01 15:45:00-04:00,12.1899995803833,12.199999809265137,12.1899995803833,12.199999809265137,7071,0.0,0.0
2024-11-01 15:50:00-04:00,12.199999809265137,12.229999542236328,12.194999694824219,12.229999542236328,26898,0.0,0.0
2024-11-01 15:55:00-04:00,12.229999542236328,12.239999771118164,12.180000305175781,12.1850004196167,78803,0.0,0.0
