Datetime,Open,High,Low,Close,Volume,Dividends,Stock Splits,Capital Gains
2024-10-03 09:30:00-04:00,46.810001373291016,46.810001373291016,46.810001373291016,46.810001373291016,0,0.0,0.0,0.0
2024-10-03 09:35:00-04:00,46.779998779296875,46.779998779296875,46.779998779296875,46.779998779296875,838,0.0,0.0,0.0
2024-10-03 09:40:00-04:00,46.70000076293945,46.70000076293945,46.70000076293945,46.70000076293945,332,0.0,0.0,0.0
2024-10-03 09:45:00-04:00,46.779998779296875,46.779998779296875,46.77000045776367,46.77000045776367,302,0.0,0.0,0.0
2024-10-03 10:00:00-04:00,46.709999084472656,46.709999084472656,46.709999084472656,46.709999084472656,240,0.0,0.0,0.0
2024-10-03 10:05:00-04:00,46.74679946899414,46.74679946899414,46.74679946899414,46.74679946899414,166,0.0,0.0,0.0
2024-10-03 10:10:00-04:00,46.711700439453125,46.711700439453125,46.711700439453125,46.711700439453125,185,0.0,0.0,0.0
2024-10-03 10:15:00-04:00,46.720699310302734,46.720699310302734,46.720699310302734,46.720699310302734,411,0.0,0.0,0.0
2024-10-03 10:25:00-04:00,46.618900299072266,46.618900299072266,46.618900299072266,46.618900299072266,256,0.0,0.0,0.0
2024-10-03 10:40:00-04:00,46.630001068115234,46.630001068115234,46.556400299072266,46.556400299072266,599,0.0,0.0,0.0
2024-10-03 11:10:00-04:00,46.61360168457031,46.61360168457031,46.61360168457031,46.61360168457031,569,0.0,0.0,0.0
2024-10-03 11:35:00-04:00,46.600101470947266,46.600101470947266,46.600101470947266,46.600101470947266,245,0.0,0.0,0.0
2024-10-03 11:40:00-04:00,46.61000061035156,46.61000061035156,46.61000061035156,46.61000061035156,322,0.0,0.0,0.0
2024-10-03 12:05:00-04:00,46.630001068115234,46.630001068115234,46.630001068115234,46.630001068115234,355,0.0,0.0,0.0
2024-10-03 12:15:00-04:00,46.70000076293945,46.70000076293945,46.70000076293945,46.70000076293945,391,0.0,0.0,0.0
2024-10-03 12:45:00-04:00,46.58000183105469,46.58000183105469,46.58000183105469,46.58000183105469,166,0.0,0.0,0.0
2024-10-03 12:55:00-04:00,46.560001373291016,46.567298889160156,46.560001373291016,46.567298889160156,540,0.0,0.0,0.0
2024-10-03 13:00:00-04:00,46.57500076293945,46.709999084472656,46.57500076293945,46.619300842285156,6662,0.0,0.0,0.0
2024-10-03 13:05:00-04:00,46.56719970703125,46.584999084472656,46.56719970703125,46.584999084472656,877,0.0,0.0,0.0
2024-10-03 13:40:00-04:00,46.557701110839844,46.557701110839844,46.557701110839844,46.557701110839844,292,0.0,0.0,0.0
2024-10-03 13:45:00-04:00,46.599998474121094,46.599998474121094,46.599998474121094,46.599998474121094,145,0.0,0.0,0.0
2024-10-03 13:55:00-04:00,46.62990188598633,46.62990188598633,46.62990188598633,46.62990188598633,513,0.0,0.0,0.0
2024-10-03 14:05:00-04:00,46.584999084472656,46.584999084472656,46.584999084472656,46.584999084472656,208,0.0,0.0,0.0
2024-10-03 14:10:00-04:00,46.619998931884766,46.63999938964844,46.584800720214844,46.584800720214844,1902,0.0,0.0,0.0
2024-10-03 14:15:00-04:00,46.619998931884766,46.619998931884766,46.619998931884766,46.619998931884766,262,0.0,0.0,0.0
2024-10-03 14:35:00-04:00,46.63999938964844,46.63999938964844,46.63999938964844,46.63999938964844,466,0.0,0.0,0.0
2024-10-03 14:45:00-04:00,46.66310119628906,46.66999816894531,46.63999938964844,46.669898986816406,1055,0.0,0.0,0.0
2024-10-03 14:50:00-04:00,46.64830017089844,46.64830017089844,46.64830017089844,46.64830017089844,816,0.0,0.0,0.0
2024-10-03 15:05:00-04:00,46.61309814453125,46.61309814453125,46.599998474121094,46.599998474121094,1807,0.0,0.0,0.0
2024-10-03 15:15:00-04:00,46.608299255371094,46.608299255371094,46.59000015258789,46.59000015258789,464,0.0,0.0,0.0
2024-10-03 15:20:00-04:00,46.59629821777344,46.62950134277344,46.59629821777344,46.6150016784668,1776,0.0,0.0,0.0
2024-10-03 15:25:00-04:00,46.66999816894531,46.68000030517578,46.599998474121094,46.599998474121094,3276,0.0,0.0,0.0
2024-10-03 15:30:00-04:00,46.630001068115234,46.630001068115234,46.630001068115234,46.630001068115234,309,0.0,0.0,0.0
2024-10-03 15:50:00-04:00,46.6349983215332,46.6349983215332,46.61000061035156,46.61000061035156,648,0.0,0.0,0.0
2024-10-03 15:55:00-04:00,46.68000030517578,46.709999084472656,46.68000030517578,46.689998626708984,752,0.0,0.0,0.0
2024-10-04 09:30:00-04:00,46.58000183105469,46.58000183105469,46.58000183105469,46.58000183105469,485,0.0,0.0,0.0
2024-10-04 09:40:00-04:00,46.564998626708984,46.564998626708984,46.564998626708984,46.564998626708984,159,0.0,0.0,0.0
2024-10-04 09:45:00-04:00,46.540000915527344,46.58000183105469,46.540000915527344,46.58000183105469,4619,0.0,0.0,0.0
2024-10-04 09:50:00-04:00,46.52000045776367,46.52000045776367,46.474998474121094,46.474998474121094,369,0.0,0.0,0.0
2024-10-04 09:55:00-04:00,46.4900016784668,46.4900016784668,46.415000915527344,46.415000915527344,645,0.0,0.0,0.0
2024-10-04 10:00:00-04:00,46.43000030517578,46.43000030517578,46.43000030517578,46.43000030517578,270,0.0,0.0,0.0
2024-10-04 10:05:00-04:00,46.440399169921875,46.44682693481445,46.440399169921875,46.44682693481445,482,0.0,0.0,0.0
2024-10-04 10:10:00-04:00,46.400001525878906,46.400001525878906,46.400001525878906,46.400001525878906,253,0.0,0.0,0.0
2024-10-04 10:15:00-04:00,46.5,46.5,46.5,46.5,438,0.0,0.0,0.0
2024-10-04 10:20:00-04:00,46.457698822021484,46.457698822021484,46.369998931884766,46.369998931884766,1608,0.0,0.0,0.0
2024-10-04 10:30:00-04:00,46.346900939941406,46.36000061035156,46.32820129394531,46.32820129394531,985,0.0,0.0,0.0
2024-10-04 10:40:00-04:00,46.3385009765625,46.3385009765625,46.3385009765625,46.3385009765625,206,0.0,0.0,0.0
2024-10-04 10:45:00-04:00,46.3125,46.31999969482422,46.3125,46.31999969482422,792,0.0,0.0,0.0
2024-10-04 11:10:00-04:00,46.41999816894531,46.41999816894531,46.41999816894531,46.41999816894531,1034,0.0,0.0,0.0
2024-10-04 11:45:00-04:00,46.35770034790039,46.35770034790039,46.35770034790039,46.35770034790039,244,0.0,0.0,0.0
2024-10-04 11:55:00-04:00,46.3927001953125,46.3927001953125,46.3927001953125,46.3927001953125,790,0.0,0.0,0.0
2024-10-04 12:00:00-04:00,46.41999816894531,46.41999816894531,46.41999816894531,46.41999816894531,197,0.0,0.0,0.0
2024-10-04 12:20:00-04:00,46.37139892578125,46.37139892578125,46.37139892578125,46.37139892578125,355,0.0,0.0,0.0
2024-10-04 12:30:00-04:00,46.3650016784668,46.3650016784668,46.3650016784668,46.3650016784668,140,0.0,0.0,0.0
2024-10-04 12:40:00-04:00,46.40060043334961,46.40060043334961,46.40060043334961,46.40060043334961,335,0.0,0.0,0.0
2024-10-04 12:55:00-04:00,46.49140167236328,46.49140167236328,46.47819900512695,46.47819900512695,612,0.0,0.0,0.0
2024-10-04 13:15:00-04:00,46.523799896240234,46.523799896240234,46.523799896240234,46.523799896240234,280,0.0,0.0,0.0
2024-10-04 13:20:00-04:00,46.514854431152344,46.514854431152344,46.508201599121094,46.508201599121094,465,0.0,0.0,0.0
2024-10-04 13:35:00-04:00,46.48210144042969,46.48210144042969,46.48210144042969,46.48210144042969,346,0.0,0.0,0.0
2024-10-04 13:50:00-04:00,46.47710037231445,46.47710037231445,46.47710037231445,46.47710037231445,118,0.0,0.0,0.0
2024-10-04 13:55:00-04:00,46.48500061035156,46.48500061035156,46.48500061035156,46.48500061035156,166,0.0,0.0,0.0
2024-10-04 14:00:00-04:00,46.50149917602539,46.50149917602539,46.50149917602539,46.50149917602539,366,0.0,0.0,0.0
2024-10-04 14:20:00-04:00,46.459999084472656,46.463600158691406,46.459999084472656,46.463600158691406,385,0.0,0.0,0.0
2024-10-04 14:30:00-04:00,46.54999923706055,46.54999923706055,46.54999923706055,46.54999923706055,546,0.0,0.0,0.0
2024-10-04 14:35:00-04:00,46.525001525878906,46.525001525878906,46.525001525878906,46.525001525878906,1340,0.0,0.0,0.0
2024-10-04 14:45:00-04:00,46.55970001220703,46.55970001220703,46.50619888305664,46.50619888305664,333,0.0,0.0,0.0
2024-10-04 14:50:00-04:00,46.5005989074707,46.5005989074707,46.5005989074707,46.5005989074707,243,0.0,0.0,0.0
2024-10-04 15:00:00-04:00,46.52949905395508,46.52949905395508,46.52949905395508,46.52949905395508,441,0.0,0.0,0.0
2024-10-04 15:05:00-04:00,46.5099983215332,46.5099983215332,46.5099983215332,46.5099983215332,705,0.0,0.0,0.0
2024-10-04 15:35:00-04:00,46.560001373291016,46.560001373291016,46.560001373291016,46.560001373291016,261,0.0,0.0,0.0
2024-10-04 15:40:00-04:00,46.56999969482422,46.56999969482422,46.56999969482422,46.56999969482422,210,0.0,0.0,0.0
2024-10-04 15:45:00-04:00,46.55950164794922,46.55950164794922,46.55950164794922,46.55950164794922,322,0.0,0.0,0.0
2024-10-04 15:55:00-04:00,46.61000061035156,46.61000061035156,46.56999969482422,46.582401275634766,3553,0.0,0.0,0.0
2024-10-07 09:30:00-04:00,46.29999923706055,46.29999923706055,46.082401275634766,46.082401275634766,2317,0.0,0.0,0.0
2024-10-07 09:45:00-04:00,46.130001068115234,46.130001068115234,46.130001068115234,46.130001068115234,545,0.0,0.0,0.0
2024-10-07 09:50:00-04:00,46.09000015258789,46.09000015258789,46.09000015258789,46.09000015258789,160,0.0,0.0,0.0
2024-10-07 10:00:00-04:00,46.130001068115234,46.139198303222656,46.130001068115234,46.139198303222656,381,0.0,0.0,0.0
2024-10-07 10:05:00-04:00,46.079917907714844,46.079917907714844,46.079917907714844,46.079917907714844,509,0.0,0.0,0.0
2024-10-07 10:15:00-04:00,46.209999084472656,46.209999084472656,46.209999084472656,46.209999084472656,305,0.0,0.0,0.0
2024-10-07 10:30:00-04:00,46.119998931884766,46.119998931884766,46.119998931884766,46.119998931884766,331,0.0,0.0,0.0
2024-10-07 10:45:00-04:00,46.082000732421875,46.082000732421875,46.082000732421875,46.082000732421875,128,0.0,0.0,0.0
2024-10-07 11:05:00-04:00,46.16999816894531,46.16999816894531,46.11000061035156,46.11000061035156,1420,0.0,0.0,0.0
2024-10-07 11:15:00-04:00,46.11000061035156,46.12929916381836,46.11000061035156,46.12929916381836,2035,0.0,0.0,0.0
2024-10-07 11:35:00-04:00,46.069400787353516,46.08980178833008,46.069400787353516,46.08980178833008,357,0.0,0.0,0.0
2024-10-07 11:40:00-04:00,46.04999923706055,46.04999923706055,46.04999923706055,46.04999923706055,102,0.0,0.0,0.0
2024-10-07 11:45:00-04:00,46.06760025024414,46.06760025024414,46.06760025024414,46.06760025024414,381,0.0,0.0,0.0
2024-10-07 12:00:00-04:00,46.029998779296875,46.029998779296875,46.029998779296875,46.029998779296875,1108,0.0,0.0,0.0
2024-10-07 12:20:00-04:00,46.02119827270508,46.02119827270508,46.02119827270508,46.02119827270508,1130,0.0,0.0,0.0
2024-10-07 12:35:00-04:00,46.07440185546875,46.07440185546875,46.07440185546875,46.07440185546875,239,0.0,0.0,0.0
2024-10-07 12:50:00-04:00,46.010101318359375,46.08000183105469,46.010101318359375,46.05699920654297,3659,0.0,0.0,0.0
2024-10-07 13:00:00-04:00,46.09000015258789,46.09000015258789,46.09000015258789,46.09000015258789,118,0.0,0.0,0.0
2024-10-07 13:05:00-04:00,46.060001373291016,46.060001373291016,46.060001373291016,46.060001373291016,210,0.0,0.0,0.0
2024-10-07 13:10:00-04:00,46.099998474121094,46.099998474121094,46.099998474121094,46.099998474121094,167,0.0,0.0,0.0
2024-10-07 13:15:00-04:00,46.119998931884766,46.119998931884766,46.119998931884766,46.119998931884766,350,0.0,0.0,0.0
2024-10-07 13:30:00-04:00,46.07310104370117,46.130001068115234,46.07310104370117,46.130001068115234,610,0.0,0.0,0.0
2024-10-07 13:45:00-04:00,46.130001068115234,46.130001068115234,46.130001068115234,46.130001068115234,899,0.0,0.0,0.0
2024-10-07 14:00:00-04:00,46.060001373291016,46.060001373291016,46.060001373291016,46.060001373291016,2012,0.0,0.0,0.0
2024-10-07 14:05:00-04:00,46.05550003051758,46.05550003051758,46.05550003051758,46.05550003051758,587,0.0,0.0,0.0
2024-10-07 14:15:00-04:00,46.064998626708984,46.064998626708984,46.064998626708984,46.064998626708984,100,0.0,0.0,0.0
2024-10-07 14:20:00-04:00,46.08000183105469,46.08000183105469,46.08000183105469,46.08000183105469,450,0.0,0.0,0.0
2024-10-07 14:35:00-04:00,45.97930145263672,45.97930145263672,45.97930145263672,45.97930145263672,1321,0.0,0.0,0.0
2024-10-07 14:45:00-04:00,45.95000076293945,45.95000076293945,45.93000030517578,45.93000030517578,252,0.0,0.0,0.0
2024-10-07 14:50:00-04:00,45.88119888305664,45.88119888305664,45.88119888305664,45.88119888305664,611,0.0,0.0,0.0
2024-10-07 14:55:00-04:00,45.92649841308594,45.92649841308594,45.92649841308594,45.92649841308594,3084,0.0,0.0,0.0
2024-10-07 15:05:00-04:00,46.0099983215332,46.0099983215332,46.0099983215332,46.0099983215332,294,0.0,0.0,0.0
2024-10-07 15:25:00-04:00,46.040000915527344,46.040000915527344,46.040000915527344,46.040000915527344,994,0.0,0.0,0.0
2024-10-07 15:35:00-04:00,46.00279998779297,46.00279998779297,45.98889923095703,45.98889923095703,940,0.0,0.0,0.0
2024-10-07 15:40:00-04:00,46.01810073852539,46.01810073852539,46.01810073852539,46.01810073852539,189,0.0,0.0,0.0
2024-10-07 15:55:00-04:00,46.029598236083984,46.029598236083984,46.029598236083984,46.029598236083984,560,0.0,0.0,0.0
2024-10-08 09:30:00-04:00,46.13999938964844,46.150001525878906,46.13999938964844,46.150001525878906,5560,0.0,0.0,0.0
2024-10-08 09:35:00-04:00,46.04999923706055,46.04999923706055,46.04999923706055,46.04999923706055,143,0.0,0.0,0.0
2024-10-08 09:40:00-04:00,46.0,46.0,46.0,46.0,413,0.0,0.0,0.0
2024-10-08 09:50:00-04:00,45.920101165771484,45.95000076293945,45.920101165771484,45.95000076293945,318,0.0,0.0,0.0
2024-10-08 10:00:00-04:00,45.93000030517578,45.932701110839844,45.90999984741211,45.932701110839844,1999,0.0,0.0,0.0
2024-10-08 10:15:00-04:00,45.888301849365234,45.888301849365234,45.888301849365234,45.888301849365234,302,0.0,0.0,0.0
2024-10-08 10:20:00-04:00,45.88719940185547,45.88719940185547,45.88719940185547,45.88719940185547,529,0.0,0.0,0.0
2024-10-08 10:30:00-04:00,45.95159912109375,45.95159912109375,45.95159912109375,45.95159912109375,295,0.0,0.0,0.0
2024-10-08 10:35:00-04:00,45.900001525878906,45.900001525878906,45.900001525878906,45.900001525878906,215,0.0,0.0,0.0
2024-10-08 10:40:00-04:00,45.95000076293945,45.97999954223633,45.95000076293945,45.97999954223633,1177,0.0,0.0,0.0
2024-10-08 10:50:00-04:00,45.87649917602539,45.87649917602539,45.8400993347168,45.8400993347168,893,0.0,0.0,0.0
2024-10-08 11:30:00-04:00,45.87799835205078,45.91999816894531,45.87799835205078,45.91999816894531,765,0.0,0.0,0.0
2024-10-08 11:45:00-04:00,45.86000061035156,45.86000061035156,45.86000061035156,45.86000061035156,235,0.0,0.0,0.0
2024-10-08 12:10:00-04:00,45.939998626708984,45.939998626708984,45.939998626708984,45.939998626708984,128,0.0,0.0,0.0
2024-10-08 12:25:00-04:00,45.944400787353516,45.944400787353516,45.944400787353516,45.944400787353516,171,0.0,0.0,0.0
2024-10-08 12:35:00-04:00,46.02000045776367,46.02000045776367,46.02000045776367,46.02000045776367,109,0.0,0.0,0.0
2024-10-08 12:45:00-04:00,45.95759963989258,45.95759963989258,45.95759963989258,45.95759963989258,265,0.0,0.0,0.0
2024-10-08 12:50:00-04:00,45.9509391784668,45.9509391784668,45.9509391784668,45.9509391784668,433,0.0,0.0,0.0
2024-10-08 13:10:00-04:00,45.909400939941406,45.909400939941406,45.909400939941406,45.909400939941406,707,0.0,0.0,0.0
2024-10-08 13:30:00-04:00,45.91405487060547,45.91405487060547,45.91405487060547,45.91405487060547,487,0.0,0.0,0.0
2024-10-08 14:10:00-04:00,45.95000076293945,45.967899322509766,45.95000076293945,45.967899322509766,805,0.0,0.0,0.0
2024-10-08 14:15:00-04:00,45.959999084472656,45.959999084472656,45.95000076293945,45.95000076293945,219,0.0,0.0,0.0
2024-10-08 14:35:00-04:00,45.970001220703125,45.970001220703125,45.970001220703125,45.970001220703125,469,0.0,0.0,0.0
2024-10-08 14:40:00-04:00,45.97930145263672,45.97930145263672,45.97930145263672,45.97930145263672,314,0.0,0.0,0.0
2024-10-08 14:50:00-04:00,46.0,46.0,46.0,46.0,282,0.0,0.0,0.0
2024-10-08 14:55:00-04:00,45.999000549316406,45.999000549316406,45.999000549316406,45.999000549316406,285,0.0,0.0,0.0
2024-10-08 15:00:00-04:00,45.98189926147461,45.98189926147461,45.98189926147461,45.98189926147461,2168,0.0,0.0,0.0
2024-10-08 15:05:00-04:00,45.95000076293945,45.95000076293945,45.95000076293945,45.95000076293945,290,0.0,0.0,0.0
2024-10-08 15:10:00-04:00,45.959999084472656,45.959999084472656,45.939998626708984,45.939998626708984,218,0.0,0.0,0.0
2024-10-08 15:15:00-04:00,45.9468994140625,45.973201751708984,45.94169998168945,45.94169998168945,1103,0.0,0.0,0.0
2024-10-08 15:30:00-04:00,45.97999954223633,45.97999954223633,45.97999954223633,45.97999954223633,257,0.0,0.0,0.0
2024-10-08 15:35:00-04:00,45.98099899291992,45.98099899291992,45.98099899291992,45.98099899291992,413,0.0,0.0,0.0
2024-10-08 15:50:00-04:00,46.03020095825195,46.03020095825195,46.03020095825195,46.03020095825195,248,0.0,0.0,0.0
2024-10-08 15:55:00-04:00,46.01499938964844,46.01499938964844,46.0,46.0,435,0.0,0.0,0.0
2024-10-09 09:30:00-04:00,45.95000076293945,45.95000076293945,45.790000915527344,45.790000915527344,1580,0.0,0.0,0.0
2024-10-09 10:05:00-04:00,45.9900016784668,45.9900016784668,45.9900016784668,45.9900016784668,387,0.0,0.0,0.0
2024-10-09 10:20:00-04:00,45.94919967651367,45.94919967651367,45.94919967651367,45.94919967651367,459,0.0,0.0,0.0
2024-10-09 10:35:00-04:00,45.939998626708984,45.939998626708984,45.939998626708984,45.939998626708984,700,0.0,0.0,0.0
2024-10-09 10:40:00-04:00,45.83000183105469,45.83000183105469,45.83000183105469,45.83000183105469,614,0.0,0.0,0.0
2024-10-09 10:55:00-04:00,45.939998626708984,45.95000076293945,45.84980010986328,45.84980010986328,2673,0.0,0.0,0.0
2024-10-09 11:10:00-04:00,45.906898498535156,45.906898498535156,45.906898498535156,45.906898498535156,424,0.0,0.0,0.0
2024-10-09 11:30:00-04:00,45.980098724365234,45.980098724365234,45.93199920654297,45.93199920654297,1044,0.0,0.0,0.0
2024-10-09 12:15:00-04:00,45.9656982421875,45.9656982421875,45.9656982421875,45.9656982421875,396,0.0,0.0,0.0
2024-10-09 12:20:00-04:00,45.9838981628418,46.019901275634766,45.959999084472656,46.019901275634766,2103,0.0,0.0,0.0
2024-10-09 12:25:00-04:00,45.959999084472656,45.959999084472656,45.959999084472656,45.959999084472656,274,0.0,0.0,0.0
2024-10-09 12:35:00-04:00,45.94660186767578,45.94660186767578,45.94660186767578,45.94660186767578,340,0.0,0.0,0.0
2024-10-09 12:45:00-04:00,45.91999816894531,45.91999816894531,45.91999816894531,45.91999816894531,134,0.0,0.0,0.0
2024-10-09 12:50:00-04:00,45.897098541259766,45.897098541259766,45.897098541259766,45.897098541259766,308,0.0,0.0,0.0
2024-10-09 13:00:00-04:00,45.90999984741211,45.90999984741211,45.900001525878906,45.900001525878906,424,0.0,0.0,0.0
2024-10-09 13:15:00-04:00,45.90999984741211,45.90999984741211,45.90999984741211,45.90999984741211,273,0.0,0.0,0.0
2024-10-09 13:35:00-04:00,45.83000183105469,45.83000183105469,45.83000183105469,45.83000183105469,385,0.0,0.0,0.0
2024-10-09 13:40:00-04:00,45.83000183105469,45.83000183105469,45.83000183105469,45.83000183105469,131,0.0,0.0,0.0
2024-10-09 13:45:00-04:00,45.904998779296875,45.904998779296875,45.904998779296875,45.904998779296875,1056,0.0,0.0,0.0
2024-10-09 14:00:00-04:00,45.869998931884766,45.869998931884766,45.869998931884766,45.869998931884766,360,0.0,0.0,0.0
2024-10-09 14:20:00-04:00,45.85710144042969,45.85710144042969,45.85340118408203,45.85340118408203,471,0.0,0.0,0.0
2024-10-09 14:35:00-04:00,45.91999816894531,45.91999816894531,45.91999816894531,45.91999816894531,438,0.0,0.0,0.0
2024-10-09 14:40:00-04:00,45.85499954223633,45.85499954223633,45.849998474121094,45.849998474121094,315,0.0,0.0,0.0
2024-10-09 14:50:00-04:00,45.82740020751953,45.82740020751953,45.82740020751953,45.82740020751953,182,0.0,0.0,0.0
2024-10-09 15:00:00-04:00,45.83330154418945,45.94419860839844,45.83330154418945,45.94419860839844,590,0.0,0.0,0.0
2024-10-09 15:05:00-04:00,45.897499084472656,45.897499084472656,45.897499084472656,45.897499084472656,187,0.0,0.0,0.0
2024-10-09 15:15:00-04:00,45.8296012878418,45.970001220703125,45.8296012878418,45.970001220703125,1110,0.0,0.0,0.0
2024-10-09 15:25:00-04:00,45.8849983215332,45.95989990234375,45.8849983215332,45.95989990234375,1378,0.0,0.0,0.0
2024-10-09 15:40:00-04:00,46.029701232910156,46.029701232910156,45.959999084472656,45.959999084472656,550,0.0,0.0,0.0
2024-10-09 15:45:00-04:00,45.91999816894531,45.91999816894531,45.88999938964844,45.88999938964844,501,0.0,0.0,0.0
2024-10-09 15:55:00-04:00,45.959999084472656,45.97309875488281,45.959999084472656,45.97309875488281,0,0.0,0.0,0.0
2024-10-10 09:30:00-04:00,45.86000061035156,45.86000061035156,45.86000061035156,45.86000061035156,1693,0.0,0.0,0.0
2024-10-10 09:35:00-04:00,45.86000061035156,45.86000061035156,45.86000061035156,45.86000061035156,567,0.0,0.0,0.0
2024-10-10 09:40:00-04:00,45.81800079345703,45.81800079345703,45.81800079345703,45.81800079345703,328,0.0,0.0,0.0
2024-10-10 09:50:00-04:00,45.959999084472656,45.9994010925293,45.959999084472656,45.9994010925293,548,0.0,0.0,0.0
2024-10-10 10:00:00-04:00,45.9281005859375,45.9281005859375,45.9281005859375,45.9281005859375,926,0.0,0.0,0.0
2024-10-10 10:15:00-04:00,45.97999954223633,45.97999954223633,45.97999954223633,45.97999954223633,657,0.0,0.0,0.0
2024-10-10 11:00:00-04:00,45.70000076293945,45.70000076293945,45.70000076293945,45.70000076293945,140,0.0,0.0,0.0
2024-10-10 11:10:00-04:00,45.72050094604492,45.72050094604492,45.72050094604492,45.72050094604492,1066,0.0,0.0,0.0
2024-10-10 11:15:00-04:00,45.79460144042969,45.79460144042969,45.79460144042969,45.79460144042969,608,0.0,0.0,0.0
2024-10-10 11:35:00-04:00,45.760501861572266,45.760501861572266,45.760501861572266,45.760501861572266,721,0.0,0.0,0.0
2024-10-10 11:45:00-04:00,45.790000915527344,45.790000915527344,45.790000915527344,45.790000915527344,574,0.0,0.0,0.0
2024-10-10 11:50:00-04:00,45.779998779296875,45.779998779296875,45.779998779296875,45.779998779296875,497,0.0,0.0,0.0
2024-10-10 11:55:00-04:00,45.78850173950195,45.78850173950195,45.788299560546875,45.788299560546875,850,0.0,0.0,0.0
2024-10-10 12:05:00-04:00,45.78950119018555,45.78950119018555,45.78950119018555,45.78950119018555,329,0.0,0.0,0.0
2024-10-10 12:15:00-04:00,45.72999954223633,45.72999954223633,45.72999954223633,45.72999954223633,974,0.0,0.0,0.0
2024-10-10 12:45:00-04:00,45.68000030517578,45.68000030517578,45.64500045776367,45.64500045776367,731,0.0,0.0,0.0
2024-10-10 12:50:00-04:00,45.654300689697266,45.654300689697266,45.654300689697266,45.654300689697266,224,0.0,0.0,0.0
2024-10-10 13:05:00-04:00,45.650001525878906,45.650001525878906,45.650001525878906,45.650001525878906,241,0.0,0.0,0.0
2024-10-10 13:20:00-04:00,45.65549850463867,45.65999984741211,45.63999938964844,45.63999938964844,585,0.0,0.0,0.0
2024-10-10 13:30:00-04:00,45.68989944458008,45.68989944458008,45.660701751708984,45.660701751708984,451,0.0,0.0,0.0
2024-10-10 13:45:00-04:00,45.71179962158203,45.71179962158203,45.68000030517578,45.68000030517578,405,0.0,0.0,0.0
2024-10-10 13:50:00-04:00,45.68000030517578,45.68000030517578,45.68000030517578,45.68000030517578,264,0.0,0.0,0.0
2024-10-10 14:00:00-04:00,45.66999816894531,45.66999816894531,45.66999816894531,45.66999816894531,118,0.0,0.0,0.0
2024-10-10 14:05:00-04:00,45.650001525878906,45.650001525878906,45.650001525878906,45.650001525878906,103,0.0,0.0,0.0
2024-10-10 14:10:00-04:00,45.636600494384766,45.636600494384766,45.636600494384766,45.636600494384766,644,0.0,0.0,0.0
2024-10-10 14:25:00-04:00,45.645999908447266,45.68000030517578,45.645999908447266,45.68000030517578,497,0.0,0.0,0.0
2024-10-10 14:40:00-04:00,45.65999984741211,45.65999984741211,45.65999984741211,45.65999984741211,4721,0.0,0.0,0.0
2024-10-10 14:50:00-04:00,45.650001525878906,45.650001525878906,45.650001525878906,45.650001525878906,100,0.0,0.0,0.0
2024-10-10 14:55:00-04:00,45.630001068115234,45.630001068115234,45.630001068115234,45.630001068115234,788,0.0,0.0,0.0
2024-10-10 15:00:00-04:00,45.619998931884766,45.619998931884766,45.619998931884766,45.619998931884766,130,0.0,0.0,0.0
2024-10-10 15:05:00-04:00,45.624900817871094,45.650001525878906,45.6150016784668,45.64099884033203,5987,0.0,0.0,0.0
2024-10-10 15:15:00-04:00,45.649898529052734,45.649898529052734,45.645198822021484,45.645198822021484,1201,0.0,0.0,0.0
2024-10-10 15:20:00-04:00,45.650001525878906,45.650001525878906,45.650001525878906,45.650001525878906,263,0.0,0.0,0.0
2024-10-10 15:25:00-04:00,45.599998474121094,45.649898529052734,45.57350158691406,45.57350158691406,3662,0.0,0.0,0.0
2024-10-10 15:30:00-04:00,45.59659957885742,45.61000061035156,45.59659957885742,45.61000061035156,575,0.0,0.0,0.0
2024-10-10 15:35:00-04:00,45.650001525878906,45.650001525878906,45.61000061035156,45.61000061035156,706,0.0,0.0,0.0
2024-10-10 15:55:00-04:00,45.790000915527344,45.790000915527344,45.790000915527344,45.790000915527344,273,0.0,0.0,0.0
2024-10-11 09:30:00-04:00,45.79999923706055,46.040000915527344,45.79999923706055,46.040000915527344,749,0.0,0.0,0.0
2024-10-11 09:50:00-04:00,45.9208984375,45.9208984375,45.9208984375,45.9208984375,436,0.0,0.0,0.0
2024-10-11 10:05:00-04:00,46.217498779296875,46.217498779296875,46.217498779296875,46.217498779296875,117,0.0,0.0,0.0
2024-10-11 10:10:00-04:00,46.026798248291016,46.026798248291016,46.026798248291016,46.026798248291016,338,0.0,0.0,0.0
2024-10-11 10:15:00-04:00,46.069698333740234,46.069698333740234,46.069698333740234,46.069698333740234,358,0.0,0.0,0.0
2024-10-11 10:25:00-04:00,46.09000015258789,46.09000015258789,46.09000015258789,46.09000015258789,467,0.0,0.0,0.0
2024-10-11 10:35:00-04:00,46.05009841918945,46.05009841918945,45.988800048828125,45.988800048828125,2193,0.0,0.0,0.0
2024-10-11 10:50:00-04:00,46.027198791503906,46.027198791503906,46.027198791503906,46.027198791503906,504,0.0,0.0,0.0
2024-10-11 11:10:00-04:00,46.10900115966797,46.10900115966797,46.01100158691406,46.04999923706055,3019,0.0,0.0,0.0
2024-10-11 11:15:00-04:00,46.0989990234375,46.0989990234375,46.0989990234375,46.0989990234375,268,0.0,0.0,0.0
2024-10-11 11:20:00-04:00,46.040000915527344,46.040000915527344,46.040000915527344,46.040000915527344,211,0.0,0.0,0.0
2024-10-11 11:25:00-04:00,46.029998779296875,46.029998779296875,46.029998779296875,46.029998779296875,207,0.0,0.0,0.0
2024-10-11 11:30:00-04:00,46.07080078125,46.1692008972168,46.07080078125,46.1692008972168,310,0.0,0.0,0.0
2024-10-11 11:40:00-04:00,46.109100341796875,46.109100341796875,46.109100341796875,46.109100341796875,1535,0.0,0.0,0.0
2024-10-11 12:00:00-04:00,46.13209915161133,46.13209915161133,46.06999969482422,46.06999969482422,384,0.0,0.0,0.0
2024-10-11 12:10:00-04:00,46.01559829711914,46.01559829711914,46.01559829711914,46.01559829711914,439,0.0,0.0,0.0
2024-10-11 12:15:00-04:00,46.07889938354492,46.07889938354492,45.9900016784668,45.9900016784668,2030,0.0,0.0,0.0
2024-10-11 12:50:00-04:00,46.0181999206543,46.0181999206543,46.0181999206543,46.0181999206543,256,0.0,0.0,0.0
2024-10-11 13:20:00-04:00,46.07939910888672,46.07939910888672,46.07939910888672,46.07939910888672,1209,0.0,0.0,0.0
2024-10-11 13:25:00-04:00,46.04330062866211,46.04330062866211,46.04330062866211,46.04330062866211,210,0.0,0.0,0.0
2024-10-11 13:30:00-04:00,46.07500076293945,46.07500076293945,46.07500076293945,46.07500076293945,990,0.0,0.0,0.0
2024-10-11 13:45:00-04:00,46.10559844970703,46.10559844970703,46.10559844970703,46.10559844970703,393,0.0,0.0,0.0
2024-10-11 13:50:00-04:00,46.04999923706055,46.11989974975586,46.04999923706055,46.11989974975586,1308,0.0,0.0,0.0
2024-10-11 13:55:00-04:00,46.06959915161133,46.06959915161133,46.06959915161133,46.06959915161133,314,0.0,0.0,0.0
2024-10-11 14:00:00-04:00,46.060001373291016,46.060001373291016,46.060001373291016,46.060001373291016,200,0.0,0.0,0.0
2024-10-11 14:05:00-04:00,46.095401763916016,46.095401763916016,46.095401763916016,46.095401763916016,351,0.0,0.0,0.0
2024-10-11 14:15:00-04:00,46.02000045776367,46.02000045776367,46.02000045776367,46.02000045776367,594,0.0,0.0,0.0
2024-10-11 14:30:00-04:00,46.073001861572266,46.073001861572266,46.073001861572266,46.073001861572266,407,0.0,0.0,0.0
2024-10-11 14:35:00-04:00,46.060001373291016,46.11000061035156,46.060001373291016,46.11000061035156,798,0.0,0.0,0.0
2024-10-11 14:45:00-04:00,46.04999923706055,46.04999923706055,46.04999923706055,46.04999923706055,168,0.0,0.0,0.0
2024-10-11 14:55:00-04:00,46.06800079345703,46.094600677490234,46.06800079345703,46.094600677490234,947,0.0,0.0,0.0
2024-10-11 15:15:00-04:00,46.15999984741211,46.15999984741211,46.148101806640625,46.148101806640625,2431,0.0,0.0,0.0
2024-10-11 15:25:00-04:00,46.150001525878906,46.150001525878906,46.150001525878906,46.150001525878906,102,0.0,0.0,0.0
2024-10-11 15:30:00-04:00,46.119998931884766,46.18000030517578,46.119998931884766,46.128170013427734,1657,0.0,0.0,0.0
2024-10-11 15:35:00-04:00,46.125,46.15999984741211,46.125,46.150001525878906,584,0.0,0.0,0.0
2024-10-11 15:40:00-04:00,46.09000015258789,46.118099212646484,46.085899353027344,46.118099212646484,1115,0.0,0.0,0.0
2024-10-11 15:50:00-04:00,46.150001525878906,46.18000030517578,46.11000061035156,46.11000061035156,1414,0.0,0.0,0.0
2024-10-11 15:55:00-04:00,46.18000030517578,46.189998626708984,46.18000030517578,46.18000030517578,906,0.0,0.0,0.0
2024-10-14 09:30:00-04:00,46.02000045776367,46.039100646972656,45.970001220703125,46.039100646972656,725,0.0,0.0,0.0
2024-10-14 09:45:00-04:00,46.11000061035156,46.11000061035156,46.11000061035156,46.11000061035156,373,0.0,0.0,0.0
2024-10-14 10:00:00-04:00,46.04499816894531,46.09989929199219,46.04499816894531,46.09989929199219,1156,0.0,0.0,0.0
2024-10-14 10:30:00-04:00,46.220001220703125,46.2593994140625,46.220001220703125,46.2593994140625,392,0.0,0.0,0.0
2024-10-14 10:50:00-04:00,46.2400016784668,46.2400016784668,46.2400016784668,46.2400016784668,309,0.0,0.0,0.0
2024-10-14 11:05:00-04:00,46.2765998840332,46.2765998840332,46.2765998840332,46.2765998840332,209,0.0,0.0,0.0
2024-10-14 11:20:00-04:00,46.279598236083984,46.279598236083984,46.279598236083984,46.279598236083984,188,0.0,0.0,0.0
2024-10-14 11:45:00-04:00,46.349998474121094,46.369998931884766,46.349998474121094,46.369998931884766,268,0.0,0.0,0.0
2024-10-14 11:50:00-04:00,46.31050109863281,46.31050109863281,46.31050109863281,46.31050109863281,167,0.0,0.0,0.0
2024-10-14 12:15:00-04:00,46.26100158691406,46.26100158691406,46.26100158691406,46.26100158691406,511,0.0,0.0,0.0
2024-10-14 12:20:00-04:00,46.34989929199219,46.34989929199219,46.34989929199219,46.34989929199219,440,0.0,0.0,0.0
2024-10-14 13:15:00-04:00,46.29999923706055,46.29999923706055,46.29999923706055,46.29999923706055,5628,0.0,0.0,0.0
2024-10-14 13:20:00-04:00,46.29719924926758,46.29719924926758,46.29719924926758,46.29719924926758,330,0.0,0.0,0.0
2024-10-14 13:55:00-04:00,46.2400016784668,46.2400016784668,46.2400016784668,46.2400016784668,276,0.0,0.0,0.0
2024-10-14 14:00:00-04:00,46.22209930419922,46.22209930419922,46.22209930419922,46.22209930419922,234,0.0,0.0,0.0
2024-10-14 14:05:00-04:00,46.269500732421875,46.269500732421875,46.269500732421875,46.269500732421875,293,0.0,0.0,0.0
2024-10-14 14:15:00-04:00,46.269500732421875,46.269500732421875,46.269500732421875,46.269500732421875,362,0.0,0.0,0.0
2024-10-14 14:25:00-04:00,46.31999969482422,46.31999969482422,46.31999969482422,46.31999969482422,170,0.0,0.0,0.0
2024-10-14 14:45:00-04:00,46.36640167236328,46.36640167236328,46.36640167236328,46.36640167236328,972,0.0,0.0,0.0
2024-10-14 15:00:00-04:00,46.3406982421875,46.34989929199219,46.30500030517578,46.30500030517578,1026,0.0,0.0,0.0
2024-10-14 15:05:00-04:00,46.32500076293945,46.32500076293945,46.32500076293945,46.32500076293945,2837,0.0,0.0,0.0
2024-10-14 15:10:00-04:00,46.32500076293945,46.35350036621094,46.29999923706055,46.31999969482422,1332,0.0,0.0,0.0
2024-10-14 15:20:00-04:00,46.36000061035156,46.36000061035156,46.36000061035156,46.36000061035156,406,0.0,0.0,0.0
2024-10-14 15:40:00-04:00,46.33000183105469,46.34000015258789,46.33000183105469,46.34000015258789,201,0.0,0.0,0.0
2024-10-14 15:45:00-04:00,46.31999969482422,46.342498779296875,46.31999969482422,46.342498779296875,201,0.0,0.0,0.0
2024-10-14 15:50:00-04:00,46.34000015258789,46.34000015258789,46.31999969482422,46.31999969482422,224,0.0,0.0,0.0
2024-10-14 15:55:00-04:00,46.369998931884766,46.369998931884766,46.310001373291016,46.31999969482422,726,0.0,0.0,0.0
2024-10-15 09:30:00-04:00,46.369998931884766,46.369998931884766,46.369998931884766,46.369998931884766,949,0.0,0.0,0.0
2024-10-15 09:35:00-04:00,46.4900016784668,46.4900016784668,46.4900016784668,46.4900016784668,844,0.0,0.0,0.0
2024-10-15 09:45:00-04:00,46.52000045776367,46.52000045776367,46.52000045776367,46.52000045776367,446,0.0,0.0,0.0
2024-10-15 09:55:00-04:00,46.4900016784668,46.4900016784668,46.4900016784668,46.4900016784668,155,0.0,0.0,0.0
2024-10-15 10:00:00-04:00,46.52000045776367,46.52000045776367,46.52000045776367,46.52000045776367,294,0.0,0.0,0.0
2024-10-15 10:10:00-04:00,46.58000183105469,46.58000183105469,46.58000183105469,46.58000183105469,101,0.0,0.0,0.0
2024-10-15 10:15:00-04:00,46.61000061035156,46.677101135253906,46.61000061035156,46.677101135253906,1318,0.0,0.0,0.0
2024-10-15 10:20:00-04:00,46.68000030517578,46.70840072631836,46.68000030517578,46.70840072631836,1084,0.0,0.0,0.0
2024-10-15 10:45:00-04:00,46.72999954223633,46.72999954223633,46.709999084472656,46.709999084472656,734,0.0,0.0,0.0
2024-10-15 11:15:00-04:00,46.790000915527344,46.790000915527344,46.790000915527344,46.790000915527344,200,0.0,0.0,0.0
2024-10-15 11:20:00-04:00,46.82500076293945,46.82500076293945,46.82500076293945,46.82500076293945,524,0.0,0.0,0.0
2024-10-15 11:25:00-04:00,46.842498779296875,46.842498779296875,46.842498779296875,46.842498779296875,355,0.0,0.0,0.0
2024-10-15 11:35:00-04:00,46.828399658203125,46.828399658203125,46.828399658203125,46.828399658203125,385,0.0,0.0,0.0
2024-10-15 11:45:00-04:00,46.79999923706055,46.79999923706055,46.79999923706055,46.79999923706055,177,0.0,0.0,0.0
2024-10-15 11:55:00-04:00,46.779998779296875,46.79999923706055,46.779998779296875,46.79499816894531,1623,0.0,0.0,0.0
2024-10-15 12:10:00-04:00,46.790000915527344,46.790000915527344,46.790000915527344,46.790000915527344,838,0.0,0.0,0.0
2024-10-15 12:15:00-04:00,46.75659942626953,46.75659942626953,46.75659942626953,46.75659942626953,315,0.0,0.0,0.0
2024-10-15 12:20:00-04:00,46.79999923706055,46.810001373291016,46.790000915527344,46.810001373291016,1677,0.0,0.0,0.0
2024-10-15 12:30:00-04:00,46.840599060058594,46.840599060058594,46.840599060058594,46.840599060058594,188,0.0,0.0,0.0
2024-10-15 12:45:00-04:00,46.84000015258789,46.84000015258789,46.84000015258789,46.84000015258789,364,0.0,0.0,0.0
2024-10-15 13:05:00-04:00,46.89680099487305,46.89680099487305,46.89680099487305,46.89680099487305,500,0.0,0.0,0.0
2024-10-15 13:10:00-04:00,46.849998474121094,46.8650016784668,46.84000015258789,46.84000015258789,1508,0.0,0.0,0.0
2024-10-15 13:20:00-04:00,46.82640075683594,46.82640075683594,46.82640075683594,46.82640075683594,162,0.0,0.0,0.0
2024-10-15 13:25:00-04:00,46.84199905395508,46.84199905395508,46.84199905395508,46.84199905395508,324,0.0,0.0,0.0
2024-10-15 13:35:00-04:00,46.849300384521484,46.84989929199219,46.814998626708984,46.814998626708984,1555,0.0,0.0,0.0
2024-10-15 13:40:00-04:00,46.84000015258789,46.84000015258789,46.810001373291016,46.810001373291016,2339,0.0,0.0,0.0
2024-10-15 13:50:00-04:00,46.810001373291016,46.810001373291016,46.810001373291016,46.810001373291016,2141,0.0,0.0,0.0
2024-10-15 13:55:00-04:00,46.78450012207031,46.78450012207031,46.78450012207031,46.78450012207031,1638,0.0,0.0,0.0
2024-10-15 14:00:00-04:00,46.790000915527344,46.790000915527344,46.730098724365234,46.732601165771484,1517,0.0,0.0,0.0
2024-10-15 14:15:00-04:00,46.680999755859375,46.680999755859375,46.680999755859375,46.680999755859375,233,0.0,0.0,0.0
2024-10-15 14:20:00-04:00,46.727298736572266,46.727298736572266,46.727298736572266,46.727298736572266,540,0.0,0.0,0.0
2024-10-15 14:45:00-04:00,46.73680114746094,46.73680114746094,46.73680114746094,46.73680114746094,541,0.0,0.0,0.0
2024-10-15 15:10:00-04:00,46.657798767089844,46.657798767089844,46.657798767089844,46.657798767089844,523,0.0,0.0,0.0
2024-10-15 15:15:00-04:00,46.69490051269531,46.69490051269531,46.69490051269531,46.69490051269531,387,0.0,0.0,0.0
2024-10-15 15:20:00-04:00,46.709999084472656,46.71500015258789,46.709999084472656,46.712501525878906,1500,0.0,0.0,0.0
2024-10-15 15:35:00-04:00,46.66999816894531,46.66999816894531,46.66999816894531,46.66999816894531,296,0.0,0.0,0.0
2024-10-15 15:40:00-04:00,46.66999816894531,46.77000045776367,46.65999984741211,46.65999984741211,1593,0.0,0.0,0.0
2024-10-15 15:45:00-04:00,46.5984992980957,46.616573333740234,46.5984992980957,46.616573333740234,445,0.0,0.0,0.0
2024-10-15 15:55:00-04:00,46.62120056152344,46.62120056152344,46.59640121459961,46.59640121459961,0,0.0,0.0,0.0
2024-10-16 09:30:00-04:00,46.72999954223633,46.72999954223633,46.72999954223633,46.72999954223633,1228,0.0,0.0,0.0
2024-10-16 09:35:00-04:00,46.89630126953125,46.89630126953125,46.849998474121094,46.849998474121094,881,0.0,0.0,0.0
2024-10-16 09:40:00-04:00,46.869998931884766,46.869998931884766,46.869998931884766,46.869998931884766,385,0.0,0.0,0.0
2024-10-16 09:45:00-04:00,46.935699462890625,46.935699462890625,46.935699462890625,46.935699462890625,316,0.0,0.0,0.0
2024-10-16 09:50:00-04:00,46.96730041503906,46.96730041503906,46.96730041503906,46.96730041503906,571,0.0,0.0,0.0
2024-10-16 09:55:00-04:00,46.95249938964844,46.97999954223633,46.95249938964844,46.97999954223633,467,0.0,0.0,0.0
2024-10-16 10:00:00-04:00,47.025001525878906,47.025001525878906,47.025001525878906,47.025001525878906,162,0.0,0.0,0.0
2024-10-16 10:05:00-04:00,46.920101165771484,46.920101165771484,46.920101165771484,46.920101165771484,294,0.0,0.0,0.0
2024-10-16 10:25:00-04:00,46.900001525878906,46.900001525878906,46.869998931884766,46.869998931884766,700,0.0,0.0,0.0
2024-10-16 10:30:00-04:00,46.86000061035156,46.88999938964844,46.86000061035156,46.880001068115234,1671,0.0,0.0,0.0
2024-10-16 10:35:00-04:00,46.900001525878906,46.900001525878906,46.88999938964844,46.88999938964844,938,0.0,0.0,0.0
2024-10-16 10:40:00-04:00,46.88999938964844,46.91999816894531,46.88999938964844,46.91999816894531,2402,0.0,0.0,0.0
2024-10-16 10:45:00-04:00,46.91999816894531,46.91999816894531,46.879798889160156,46.879798889160156,2026,0.0,0.0,0.0
2024-10-16 10:50:00-04:00,46.880001068115234,46.959999084472656,46.869998931884766,46.95000076293945,1418,0.0,0.0,0.0
2024-10-16 10:55:00-04:00,46.970001220703125,46.9900016784668,46.95000076293945,46.97999954223633,916,0.0,0.0,0.0
2024-10-16 11:00:00-04:00,47.00320053100586,47.00320053100586,46.970001220703125,46.970001220703125,1757,0.0,0.0,0.0
2024-10-16 11:05:00-04:00,46.95000076293945,46.95000076293945,46.93000030517578,46.95000076293945,727,0.0,0.0,0.0
2024-10-16 11:10:00-04:00,46.97119903564453,46.97159957885742,46.97119903564453,46.97159957885742,232,0.0,0.0,0.0
2024-10-16 11:15:00-04:00,47.0,47.0099983215332,46.974998474121094,46.974998474121094,712,0.0,0.0,0.0
2024-10-16 11:20:00-04:00,47.0,47.0,47.0,47.0,524,0.0,0.0,0.0
2024-10-16 11:25:00-04:00,47.029998779296875,47.040000915527344,47.005001068115234,47.005001068115234,506,0.0,0.0,0.0
2024-10-16 11:30:00-04:00,47.029998779296875,47.060001373291016,47.029998779296875,47.060001373291016,802,0.0,0.0,0.0
2024-10-16 11:35:00-04:00,47.060001373291016,47.060001373291016,47.060001373291016,47.060001373291016,1031,0.0,0.0,0.0
2024-10-16 11:40:00-04:00,47.060001373291016,47.060001373291016,47.060001373291016,47.060001373291016,416,0.0,0.0,0.0
2024-10-16 11:45:00-04:00,47.082000732421875,47.082000732421875,47.08000183105469,47.08000183105469,419,0.0,0.0,0.0
2024-10-16 11:50:00-04:00,47.11000061035156,47.11000061035156,47.06999969482422,47.06999969482422,877,0.0,0.0,0.0
2024-10-16 11:55:00-04:00,47.07500076293945,47.099998474121094,47.06999969482422,47.099998474121094,601,0.0,0.0,0.0
2024-10-16 12:00:00-04:00,47.09000015258789,47.09000015258789,47.09000015258789,47.09000015258789,301,0.0,0.0,0.0
2024-10-16 12:05:00-04:00,47.084999084472656,47.09000015258789,47.08000183105469,47.08000183105469,835,0.0,0.0,0.0
2024-10-16 12:10:00-04:00,47.119998931884766,47.119998931884766,47.10499954223633,47.11000061035156,1189,0.0,0.0,0.0
2024-10-16 12:15:00-04:00,47.12990188598633,47.12990188598633,47.12990188598633,47.12990188598633,173,0.0,0.0,0.0
2024-10-16 12:25:00-04:00,47.09000015258789,47.09000015258789,47.08000183105469,47.08000183105469,827,0.0,0.0,0.0
2024-10-16 12:50:00-04:00,47.040000915527344,47.040000915527344,47.040000915527344,47.040000915527344,299,0.0,0.0,0.0
2024-10-16 13:05:00-04:00,47.040000915527344,47.04999923706055,47.000301361083984,47.000301361083984,561,0.0,0.0,0.0
2024-10-16 13:15:00-04:00,47.0099983215332,47.0099983215332,47.0099983215332,47.0099983215332,100,0.0,0.0,0.0
2024-10-16 13:20:00-04:00,47.040000915527344,47.040000915527344,47.040000915527344,47.040000915527344,251,0.0,0.0,0.0
2024-10-16 13:25:00-04:00,47.060001373291016,47.060001373291016,47.029998779296875,47.040000915527344,1799,0.0,0.0,0.0
2024-10-16 13:30:00-04:00,47.06999969482422,47.06999969482422,47.06999969482422,47.06999969482422,191,0.0,0.0,0.0
2024-10-16 13:40:00-04:00,47.04999923706055,47.04999923706055,47.04999923706055,47.04999923706055,203,0.0,0.0,0.0
2024-10-16 13:45:00-04:00,47.029998779296875,47.029998779296875,47.029998779296875,47.029998779296875,233,0.0,0.0,0.0
2024-10-16 13:50:00-04:00,47.0099983215332,47.0099983215332,47.0099983215332,47.0099983215332,101,0.0,0.0,0.0
2024-10-16 13:55:00-04:00,47.029998779296875,47.05500030517578,47.029998779296875,47.05500030517578,255,0.0,0.0,0.0
2024-10-16 14:00:00-04:00,47.08000183105469,47.08000183105469,47.060001373291016,47.060001373291016,5888,0.0,0.0,0.0
2024-10-16 14:05:00-04:00,47.070098876953125,47.070098876953125,47.06999969482422,47.06999969482422,379,0.0,0.0,0.0
2024-10-16 14:10:00-04:00,47.08000183105469,47.08000183105469,47.08000183105469,47.08000183105469,189,0.0,0.0,0.0
2024-10-16 14:15:00-04:00,47.08000183105469,47.099998474121094,47.08000183105469,47.099998474121094,315,0.0,0.0,0.0
2024-10-16 14:20:00-04:00,47.099998474121094,47.099998474121094,47.099998474121094,47.099998474121094,276,0.0,0.0,0.0
2024-10-16 14:25:00-04:00,47.15290069580078,47.15290069580078,47.11000061035156,47.11000061035156,686,0.0,0.0,0.0
2024-10-16 14:30:00-04:00,47.119998931884766,47.179298400878906,47.11000061035156,47.179298400878906,502,0.0,0.0,0.0
2024-10-16 14:35:00-04:00,47.11000061035156,47.11000061035156,47.099998474121094,47.099998474121094,266,0.0,0.0,0.0
2024-10-16 14:40:00-04:00,47.130001068115234,47.130001068115234,47.09000015258789,47.09000015258789,3866,0.0,0.0,0.0
2024-10-16 14:45:00-04:00,47.11539840698242,47.11539840698242,47.09000015258789,47.09000015258789,509,0.0,0.0,0.0
2024-10-16 14:50:00-04:00,47.11199951171875,47.11199951171875,47.060001373291016,47.060001373291016,365,0.0,0.0,0.0
2024-10-16 14:55:00-04:00,47.06930160522461,47.07640075683594,47.04999923706055,47.04999923706055,762,0.0,0.0,0.0
2024-10-16 15:00:00-04:00,47.060001373291016,47.060001373291016,47.060001373291016,47.060001373291016,250,0.0,0.0,0.0
2024-10-16 15:10:00-04:00,47.10499954223633,47.10499954223633,47.06999969482422,47.06999969482422,638,0.0,0.0,0.0
2024-10-16 15:15:00-04:00,47.09000015258789,47.09000015258789,47.09000015258789,47.09000015258789,369,0.0,0.0,0.0
2024-10-16 15:25:00-04:00,47.099998474121094,47.13029861450195,47.099998474121094,47.13029861450195,308,0.0,0.0,0.0
2024-10-16 15:30:00-04:00,47.125,47.125,47.099998474121094,47.099998474121094,511,0.0,0.0,0.0
2024-10-16 15:35:00-04:00,47.099998474121094,47.099998474121094,47.099998474121094,47.099998474121094,227,0.0,0.0,0.0
2024-10-16 15:40:00-04:00,47.125,47.150001525878906,47.125,47.150001525878906,380,0.0,0.0,0.0
2024-10-16 15:45:00-04:00,47.130001068115234,47.130001068115234,47.130001068115234,47.130001068115234,248,0.0,0.0,0.0
2024-10-16 15:50:00-04:00,47.16999816894531,47.16999816894531,47.119998931884766,47.13290023803711,6709,0.0,0.0,0.0
2024-10-16 15:55:00-04:00,47.099998474121094,47.150001525878906,47.099998474121094,47.099998474121094,1121,0.0,0.0,0.0
2024-10-17 09:30:00-04:00,47.040000915527344,47.169898986816406,47.040000915527344,47.169898986816406,773,0.0,0.0,0.0
2024-10-17 09:35:00-04:00,46.97119903564453,47.082000732421875,46.97119903564453,47.06999969482422,1404,0.0,0.0,0.0
2024-10-17 09:40:00-04:00,47.029998779296875,47.029998779296875,47.029998779296875,47.029998779296875,529,0.0,0.0,0.0
2024-10-17 09:45:00-04:00,46.970001220703125,46.970001220703125,46.88999938964844,46.959999084472656,1559,0.0,0.0,0.0
2024-10-17 09:55:00-04:00,46.900001525878906,46.90999984741211,46.900001525878906,46.90999984741211,1625,0.0,0.0,0.0
2024-10-17 10:15:00-04:00,46.779998779296875,46.779998779296875,46.779998779296875,46.779998779296875,107,0.0,0.0,0.0
2024-10-17 10:20:00-04:00,46.83000183105469,46.83000183105469,46.83000183105469,46.83000183105469,276,0.0,0.0,0.0
2024-10-17 10:30:00-04:00,46.77360153198242,46.77360153198242,46.77360153198242,46.77360153198242,403,0.0,0.0,0.0
2024-10-17 10:35:00-04:00,46.797698974609375,46.797698974609375,46.797698974609375,46.797698974609375,126,0.0,0.0,0.0
2024-10-17 10:40:00-04:00,46.77000045776367,46.77000045776367,46.77000045776367,46.77000045776367,160,0.0,0.0,0.0
2024-10-17 10:45:00-04:00,46.79970169067383,46.79970169067383,46.79970169067383,46.79970169067383,230,0.0,0.0,0.0
2024-10-17 10:55:00-04:00,46.835601806640625,46.835601806640625,46.835601806640625,46.835601806640625,206,0.0,0.0,0.0
2024-10-17 11:05:00-04:00,46.810001373291016,46.810001373291016,46.810001373291016,46.810001373291016,102,0.0,0.0,0.0
2024-10-17 11:10:00-04:00,46.84000015258789,46.85530090332031,46.84000015258789,46.85530090332031,788,0.0,0.0,0.0
2024-10-17 11:30:00-04:00,46.8661003112793,46.8661003112793,46.84000015258789,46.84000015258789,3208,0.0,0.0,0.0
2024-10-17 11:45:00-04:00,46.8849983215332,46.8849983215332,46.8849983215332,46.8849983215332,355,0.0,0.0,0.0
2024-10-17 12:00:00-04:00,46.938499450683594,46.94089889526367,46.869998931884766,46.869998931884766,982,0.0,0.0,0.0
2024-10-17 12:20:00-04:00,46.874000549316406,46.874000549316406,46.869998931884766,46.869998931884766,13719,0.0,0.0,0.0
2024-10-17 12:25:00-04:00,46.875,46.875,46.875,46.875,336,0.0,0.0,0.0
2024-10-17 12:30:00-04:00,46.86000061035156,46.86000061035156,46.86000061035156,46.86000061035156,1495,0.0,0.0,0.0
2024-10-17 12:40:00-04:00,46.91999816894531,46.91999816894531,46.91999816894531,46.91999816894531,527,0.0,0.0,0.0
2024-10-17 13:00:00-04:00,46.98659896850586,46.98659896850586,46.98659896850586,46.98659896850586,604,0.0,0.0,0.0
2024-10-17 13:10:00-04:00,46.94499969482422,46.94499969482422,46.94499969482422,46.94499969482422,192,0.0,0.0,0.0
2024-10-17 13:30:00-04:00,46.92499923706055,46.92499923706055,46.92499923706055,46.92499923706055,227,0.0,0.0,0.0
2024-10-17 13:45:00-04:00,46.869998931884766,46.869998931884766,46.869998931884766,46.869998931884766,105,0.0,0.0,0.0
2024-10-17 13:50:00-04:00,46.88792037963867,46.934200286865234,46.88792037963867,46.915000915527344,1614,0.0,0.0,0.0
2024-10-17 13:55:00-04:00,46.95909881591797,46.95909881591797,46.95909881591797,46.95909881591797,936,0.0,0.0,0.0
2024-10-17 14:10:00-04:00,46.894798278808594,46.894798278808594,46.84000015258789,46.84000015258789,805,0.0,0.0,0.0
2024-10-17 14:40:00-04:00,46.849998474121094,46.849998474121094,46.849998474121094,46.849998474121094,108,0.0,0.0,0.0
2024-10-17 14:50:00-04:00,46.885799407958984,46.885799407958984,46.872501373291016,46.872501373291016,521,0.0,0.0,0.0
2024-10-17 14:55:00-04:00,46.88079833984375,46.88079833984375,46.88079833984375,46.88079833984375,643,0.0,0.0,0.0
2024-10-17 15:25:00-04:00,46.887699127197266,46.887699127197266,46.84000015258789,46.84000015258789,387,0.0,0.0,0.0
2024-10-17 15:35:00-04:00,46.85540008544922,46.86980056762695,46.849998474121094,46.86980056762695,1012,0.0,0.0,0.0
2024-10-17 15:40:00-04:00,46.79999923706055,46.79999923706055,46.79999923706055,46.79999923706055,100,0.0,0.0,0.0
2024-10-17 15:45:00-04:00,46.79499816894531,46.79499816894531,46.79499816894531,46.79499816894531,2945,0.0,0.0,0.0
2024-10-17 15:50:00-04:00,46.77000045776367,46.77000045776367,46.77000045776367,46.77000045776367,451,0.0,0.0,0.0
2024-10-17 15:55:00-04:00,46.790000915527344,46.790000915527344,46.790000915527344,46.790000915527344,817,0.0,0.0,0.0
2024-10-18 09:30:00-04:00,46.81999969482422,46.81999969482422,46.81999969482422,46.81999969482422,1184,0.0,0.0,0.0
2024-10-18 09:35:00-04:00,46.82509994506836,46.82509994506836,46.82509994506836,46.82509994506836,286,0.0,0.0,0.0
2024-10-18 09:40:00-04:00,46.78010177612305,46.84519958496094,46.78010177612305,46.79180145263672,1469,0.0,0.0,0.0
2024-10-18 09:45:00-04:00,46.834999084472656,46.839900970458984,46.834999084472656,46.839900970458984,361,0.0,0.0,0.0
2024-10-18 09:55:00-04:00,46.810001373291016,46.869998931884766,46.810001373291016,46.869998931884766,413,0.0,0.0,0.0
2024-10-18 10:00:00-04:00,46.869998931884766,46.886600494384766,46.869998931884766,46.886600494384766,588,0.0,0.0,0.0
2024-10-18 10:10:00-04:00,46.86006164550781,46.86006164550781,46.86006164550781,46.86006164550781,219,0.0,0.0,0.0
2024-10-18 10:20:00-04:00,46.830101013183594,46.830101013183594,46.830101013183594,46.830101013183594,1093,0.0,0.0,0.0
2024-10-18 10:25:00-04:00,46.880001068115234,46.880001068115234,46.8577995300293,46.8577995300293,1197,0.0,0.0,0.0
2024-10-18 10:30:00-04:00,46.9390983581543,46.939701080322266,46.9390983581543,46.939701080322266,2776,0.0,0.0,0.0
2024-10-18 10:35:00-04:00,46.929298400878906,46.929298400878906,46.929298400878906,46.929298400878906,1048,0.0,0.0,0.0
2024-10-18 11:05:00-04:00,46.94499969482422,46.94499969482422,46.94499969482422,46.94499969482422,183,0.0,0.0,0.0
2024-10-18 11:10:00-04:00,46.950599670410156,46.950599670410156,46.950599670410156,46.950599670410156,924,0.0,0.0,0.0
2024-10-18 11:40:00-04:00,47.00979995727539,47.00979995727539,46.97978973388672,46.97978973388672,385,0.0,0.0,0.0
2024-10-18 12:15:00-04:00,46.96989822387695,46.96989822387695,46.96989822387695,46.96989822387695,345,0.0,0.0,0.0
2024-10-18 12:35:00-04:00,47.03030014038086,47.03030014038086,47.03030014038086,47.03030014038086,257,0.0,0.0,0.0
2024-10-18 12:50:00-04:00,46.96009826660156,46.96009826660156,46.96009826660156,46.96009826660156,632,0.0,0.0,0.0
2024-10-18 13:00:00-04:00,47.029998779296875,47.029998779296875,47.029998779296875,47.029998779296875,418,0.0,0.0,0.0
2024-10-18 13:15:00-04:00,46.994998931884766,46.994998931884766,46.994998931884766,46.994998931884766,433,0.0,0.0,0.0
2024-10-18 13:25:00-04:00,47.0010986328125,47.0010986328125,47.0010986328125,47.0010986328125,176,0.0,0.0,0.0
2024-10-18 13:30:00-04:00,47.010398864746094,47.010398864746094,46.97010040283203,46.97010040283203,1360,0.0,0.0,0.0
2024-10-18 13:50:00-04:00,47.02000045776367,47.02000045776367,47.02000045776367,47.02000045776367,172,0.0,0.0,0.0
2024-10-18 14:00:00-04:00,46.996299743652344,46.996299743652344,46.996299743652344,46.996299743652344,395,0.0,0.0,0.0
2024-10-18 14:10:00-04:00,46.97760009765625,46.97760009765625,46.97760009765625,46.97760009765625,480,0.0,0.0,0.0
2024-10-18 14:15:00-04:00,46.99869918823242,46.99869918823242,46.99869918823242,46.99869918823242,153,0.0,0.0,0.0
2024-10-18 14:25:00-04:00,47.029998779296875,47.07120132446289,46.9900016784668,47.07120132446289,2274,0.0,0.0,0.0
2024-10-18 14:45:00-04:00,47.02000045776367,47.089298248291016,47.02000045776367,47.089298248291016,542,0.0,0.0,0.0
2024-10-18 14:50:00-04:00,47.08689880371094,47.08689880371094,47.08689880371094,47.08689880371094,394,0.0,0.0,0.0
2024-10-18 14:55:00-04:00,47.029998779296875,47.029998779296875,47.029998779296875,47.029998779296875,378,0.0,0.0,0.0
2024-10-18 15:00:00-04:00,47.02000045776367,47.02000045776367,47.02000045776367,47.02000045776367,308,0.0,0.0,0.0
2024-10-18 15:10:00-04:00,47.03390121459961,47.03390121459961,47.03390121459961,47.03390121459961,308,0.0,0.0,0.0
2024-10-18 15:15:00-04:00,46.9900016784668,46.9900016784668,46.9900016784668,46.9900016784668,555,0.0,0.0,0.0
2024-10-18 15:20:00-04:00,46.984798431396484,47.005001068115234,46.984798431396484,46.99689865112305,529,0.0,0.0,0.0
2024-10-18 15:30:00-04:00,47.0,47.0,47.0,47.0,110,0.0,0.0,0.0
2024-10-18 15:35:00-04:00,46.97549819946289,46.97549819946289,46.97549819946289,46.97549819946289,297,0.0,0.0,0.0
2024-10-18 15:40:00-04:00,47.02000045776367,47.029998779296875,47.02000045776367,47.029998779296875,580,0.0,0.0,0.0
2024-10-18 15:45:00-04:00,47.034698486328125,47.060001373291016,47.029998779296875,47.060001373291016,1349,0.0,0.0,0.0
2024-10-18 15:50:00-04:00,47.04999923706055,47.04999923706055,47.04999923706055,47.04999923706055,438,0.0,0.0,0.0
2024-10-18 15:55:00-04:00,47.04999923706055,47.04999923706055,47.040000915527344,47.040000915527344,1331,0.0,0.0,0.0
2024-10-21 09:30:00-04:00,46.86000061035156,46.86000061035156,46.75,46.75,1988,0.0,0.0,0.0
2024-10-21 09:45:00-04:00,46.68000030517578,46.689998626708984,46.68000030517578,46.689998626708984,811,0.0,0.0,0.0
2024-10-21 10:15:00-04:00,46.56909942626953,46.56909942626953,46.56909942626953,46.56909942626953,704,0.0,0.0,0.0
2024-10-21 10:30:00-04:00,46.524173736572266,46.524173736572266,46.43000030517578,46.43000030517578,723,0.0,0.0,0.0
2024-10-21 10:45:00-04:00,46.41999816894531,46.41999816894531,46.369998931884766,46.369998931884766,580,0.0,0.0,0.0
2024-10-21 10:50:00-04:00,46.369998931884766,46.369998931884766,46.34000015258789,46.34000015258789,378,0.0,0.0,0.0
2024-10-21 11:00:00-04:00,46.2599983215332,46.29999923706055,46.2599983215332,46.29999923706055,408,0.0,0.0,0.0
2024-10-21 11:05:00-04:00,46.244998931884766,46.244998931884766,46.244998931884766,46.244998931884766,333,0.0,0.0,0.0
2024-10-21 11:10:00-04:00,46.209999084472656,46.209999084472656,46.209999084472656,46.209999084472656,107,0.0,0.0,0.0
2024-10-21 11:15:00-04:00,46.220001220703125,46.25920104980469,46.220001220703125,46.220001220703125,966,0.0,0.0,0.0
2024-10-21 11:20:00-04:00,46.19499969482422,46.19499969482422,46.19499969482422,46.19499969482422,247,0.0,0.0,0.0
2024-10-21 11:25:00-04:00,46.189998626708984,46.189998626708984,46.189998626708984,46.189998626708984,156,0.0,0.0,0.0
2024-10-21 11:30:00-04:00,46.22999954223633,46.22999954223633,46.221900939941406,46.221900939941406,930,0.0,0.0,0.0
2024-10-21 11:55:00-04:00,46.20000076293945,46.20000076293945,46.20000076293945,46.20000076293945,326,0.0,0.0,0.0
2024-10-21 12:25:00-04:00,46.27000045776367,46.27000045776367,46.27000045776367,46.27000045776367,204,0.0,0.0,0.0
2024-10-21 12:45:00-04:00,46.23640060424805,46.23640060424805,46.23640060424805,46.23640060424805,312,0.0,0.0,0.0
2024-10-21 12:50:00-04:00,46.20000076293945,46.20000076293945,46.20000076293945,46.20000076293945,521,0.0,0.0,0.0
2024-10-21 13:05:00-04:00,46.27000045776367,46.27000045776367,46.27000045776367,46.27000045776367,229,0.0,0.0,0.0
2024-10-21 13:15:00-04:00,46.31999969482422,46.31999969482422,46.31999969482422,46.31999969482422,127,0.0,0.0,0.0
2024-10-21 13:25:00-04:00,46.255001068115234,46.255001068115234,46.255001068115234,46.255001068115234,196,0.0,0.0,0.0
2024-10-21 13:35:00-04:00,46.2400016784668,46.2400016784668,46.2400016784668,46.2400016784668,421,0.0,0.0,0.0
2024-10-21 13:50:00-04:00,46.279998779296875,46.279998779296875,46.279998779296875,46.279998779296875,768,0.0,0.0,0.0
2024-10-21 14:00:00-04:00,46.30120086669922,46.30120086669922,46.30120086669922,46.30120086669922,224,0.0,0.0,0.0
2024-10-21 14:15:00-04:00,46.310001373291016,46.310001373291016,46.310001373291016,46.310001373291016,262,0.0,0.0,0.0
2024-10-21 14:35:00-04:00,46.19919967651367,46.19919967651367,46.19919967651367,46.19919967651367,168,0.0,0.0,0.0
2024-10-21 14:40:00-04:00,46.220001220703125,46.220001220703125,46.220001220703125,46.220001220703125,373,0.0,0.0,0.0
2024-10-21 14:45:00-04:00,46.220001220703125,46.220001220703125,46.220001220703125,46.220001220703125,410,0.0,0.0,0.0
2024-10-21 14:50:00-04:00,46.2400016784668,46.24959945678711,46.22439956665039,46.22439956665039,692,0.0,0.0,0.0
2024-10-21 15:05:00-04:00,46.25,46.279998779296875,46.25,46.279998779296875,518,0.0,0.0,0.0
2024-10-21 15:10:00-04:00,46.27989959716797,46.27989959716797,46.27989959716797,46.27989959716797,914,0.0,0.0,0.0
2024-10-21 15:35:00-04:00,46.18000030517578,46.18000030517578,46.18000030517578,46.18000030517578,250,0.0,0.0,0.0
2024-10-21 15:45:00-04:00,46.16999816894531,46.220001220703125,46.15999984741211,46.18000030517578,1861,0.0,0.0,0.0
2024-10-21 15:50:00-04:00,46.209999084472656,46.220001220703125,46.13999938964844,46.13999938964844,4989,0.0,0.0,0.0
2024-10-21 15:55:00-04:00,46.16999816894531,46.16999816894531,46.06999969482422,46.16999816894531,1512,0.0,0.0,0.0
2024-10-22 09:30:00-04:00,45.9900016784668,45.9900016784668,45.9900016784668,45.9900016784668,1555,0.0,0.0,0.0
2024-10-22 09:55:00-04:00,46.05009841918945,46.05009841918945,46.04999923706055,46.04999923706055,438,0.0,0.0,0.0
2024-10-22 10:10:00-04:00,46.150001525878906,46.154998779296875,46.150001525878906,46.154998779296875,591,0.0,0.0,0.0
2024-10-22 10:20:00-04:00,46.11000061035156,46.11000061035156,46.11000061035156,46.11000061035156,147,0.0,0.0,0.0
2024-10-22 10:30:00-04:00,46.13290023803711,46.13290023803711,46.13290023803711,46.13290023803711,423,0.0,0.0,0.0
2024-10-22 10:55:00-04:00,46.130001068115234,46.14820098876953,46.130001068115234,46.13999938964844,560,0.0,0.0,0.0
2024-10-22 11:05:00-04:00,46.13010025024414,46.13010025024414,46.099998474121094,46.099998474121094,754,0.0,0.0,0.0
2024-10-22 11:10:00-04:00,46.12480163574219,46.15999984741211,46.119998931884766,46.119998931884766,1612,0.0,0.0,0.0
2024-10-22 12:00:00-04:00,46.13990020751953,46.13990020751953,46.08000183105469,46.08000183105469,878,0.0,0.0,0.0
2024-10-22 12:10:00-04:00,46.060001373291016,46.060001373291016,46.060001373291016,46.060001373291016,204,0.0,0.0,0.0
2024-10-22 12:20:00-04:00,46.099998474121094,46.099998474121094,46.099998474121094,46.099998474121094,102,0.0,0.0,0.0
2024-10-22 12:25:00-04:00,46.09000015258789,46.09000015258789,46.09000015258789,46.09000015258789,100,0.0,0.0,0.0
2024-10-22 12:30:00-04:00,46.119998931884766,46.17639923095703,46.119998931884766,46.17639923095703,450,0.0,0.0,0.0
2024-10-22 12:35:00-04:00,46.040000915527344,46.040000915527344,46.040000915527344,46.040000915527344,102,0.0,0.0,0.0
2024-10-22 12:40:00-04:00,46.11000061035156,46.11000061035156,46.11000061035156,46.11000061035156,212,0.0,0.0,0.0
2024-10-22 12:45:00-04:00,46.099998474121094,46.099998474121094,46.099998474121094,46.099998474121094,117,0.0,0.0,0.0
2024-10-22 12:50:00-04:00,46.150001525878906,46.150001525878906,46.11000061035156,46.11000061035156,470,0.0,0.0,0.0
2024-10-22 12:55:00-04:00,46.13719940185547,46.1442985534668,46.11000061035156,46.11000061035156,570,0.0,0.0,0.0
2024-10-22 13:00:00-04:00,46.130001068115234,46.130001068115234,46.130001068115234,46.130001068115234,123,0.0,0.0,0.0
2024-10-22 13:05:00-04:00,46.130001068115234,46.130001068115234,46.130001068115234,46.130001068115234,102,0.0,0.0,0.0
2024-10-22 13:10:00-04:00,46.154998779296875,46.154998779296875,46.13999938964844,46.150001525878906,1775,0.0,0.0,0.0
2024-10-22 13:15:00-04:00,46.13999938964844,46.13999938964844,46.13999938964844,46.13999938964844,1040,0.0,0.0,0.0
2024-10-22 13:40:00-04:00,46.20389938354492,46.20389938354492,46.20389938354492,46.20389938354492,338,0.0,0.0,0.0
2024-10-22 14:10:00-04:00,46.125,46.189300537109375,46.125,46.17639923095703,922,0.0,0.0,0.0
2024-10-22 14:15:00-04:00,46.119998931884766,46.14970016479492,46.119998931884766,46.14970016479492,619,0.0,0.0,0.0
2024-10-22 14:25:00-04:00,46.1776008605957,46.1776008605957,46.1776008605957,46.1776008605957,484,0.0,0.0,0.0
2024-10-22 14:35:00-04:00,46.16999816894531,46.16999816894531,46.15999984741211,46.15999984741211,514,0.0,0.0,0.0
2024-10-22 14:45:00-04:00,46.16569900512695,46.16569900512695,46.16419982910156,46.16419982910156,611,0.0,0.0,0.0
2024-10-22 15:00:00-04:00,46.20000076293945,46.21179962158203,46.20000076293945,46.21179962158203,1024,0.0,0.0,0.0
2024-10-22 15:05:00-04:00,46.20000076293945,46.20000076293945,46.189998626708984,46.20000076293945,596,0.0,0.0,0.0
2024-10-22 15:15:00-04:00,46.220001220703125,46.24980163574219,46.220001220703125,46.24980163574219,581,0.0,0.0,0.0
2024-10-22 15:20:00-04:00,46.22999954223633,46.22999954223633,46.220001220703125,46.22999954223633,799,0.0,0.0,0.0
2024-10-22 15:25:00-04:00,46.20800018310547,46.20800018310547,46.20800018310547,46.20800018310547,126,0.0,0.0,0.0
2024-10-22 15:30:00-04:00,46.2400016784668,46.27009963989258,46.209999084472656,46.22999954223633,3661,0.0,0.0,0.0
2024-10-22 15:35:00-04:00,46.25,46.34000015258789,46.2400016784668,46.34000015258789,6513,0.0,0.0,0.0
2024-10-22 15:40:00-04:00,46.29090118408203,46.29499816894531,46.29090118408203,46.29499816894531,321,0.0,0.0,0.0
2024-10-22 15:50:00-04:00,46.27000045776367,46.27000045776367,46.27000045776367,46.27000045776367,103,0.0,0.0,0.0
2024-10-22 15:55:00-04:00,46.150001525878906,46.150001525878906,46.150001525878906,46.150001525878906,467,0.0,0.0,0.0
2024-10-23 09:30:00-04:00,46.040000915527344,46.040000915527344,46.040000915527344,46.040000915527344,0,0.0,0.0,0.0
2024-10-23 09:35:00-04:00,46.220001220703125,46.220001220703125,46.220001220703125,46.220001220703125,810,0.0,0.0,0.0
2024-10-23 10:10:00-04:00,46.345001220703125,46.345001220703125,46.345001220703125,46.345001220703125,1134,0.0,0.0,0.0
2024-10-23 10:40:00-04:00,46.25270080566406,46.25270080566406,46.22999954223633,46.22999954223633,600,0.0,0.0,0.0
2024-10-23 10:45:00-04:00,46.279998779296875,46.310001373291016,46.2599983215332,46.2599983215332,938,0.0,0.0,0.0
2024-10-23 10:50:00-04:00,46.25,46.25,46.209999084472656,46.209999084472656,903,0.0,0.0,0.0
2024-10-23 10:55:00-04:00,46.209999084472656,46.27000045776367,46.209999084472656,46.27000045776367,513,0.0,0.0,0.0
2024-10-23 11:00:00-04:00,46.27000045776367,46.27000045776367,46.25,46.25,424,0.0,0.0,0.0
2024-10-23 11:05:00-04:00,46.25,46.25,46.2400016784668,46.2400016784668,678,0.0,0.0,0.0
2024-10-23 11:25:00-04:00,46.2400016784668,46.2400016784668,46.2400016784668,46.2400016784668,7352,0.0,0.0,0.0
2024-10-23 11:40:00-04:00,46.22999954223633,46.22999954223633,46.22999954223633,46.22999954223633,217,0.0,0.0,0.0
2024-10-23 11:45:00-04:00,46.28499984741211,46.28499984741211,46.25,46.25,341,0.0,0.0,0.0
2024-10-23 11:50:00-04:00,46.25,46.25,46.25,46.25,252,0.0,0.0,0.0
2024-10-23 11:55:00-04:00,46.310001373291016,46.310001373291016,46.310001373291016,46.310001373291016,200,0.0,0.0,0.0
2024-10-23 12:00:00-04:00,46.33000183105469,46.33000183105469,46.320098876953125,46.320098876953125,369,0.0,0.0,0.0
2024-10-23 12:05:00-04:00,46.33000183105469,46.33000183105469,46.33000183105469,46.33000183105469,215,0.0,0.0,0.0
2024-10-23 12:10:00-04:00,46.33000183105469,46.35499954223633,46.33000183105469,46.34000015258789,716,0.0,0.0,0.0
2024-10-23 12:15:00-04:00,46.375,46.400001525878906,46.375,46.380001068115234,362,0.0,0.0,0.0
2024-10-23 12:20:00-04:00,46.400001525878906,46.400001525878906,46.395999908447266,46.395999908447266,758,0.0,0.0,0.0
2024-10-23 12:25:00-04:00,46.400001525878906,46.400001525878906,46.400001525878906,46.400001525878906,212,0.0,0.0,0.0
2024-10-23 12:30:00-04:00,46.400001525878906,46.400001525878906,46.38999938964844,46.38999938964844,1303,0.0,0.0,0.0
2024-10-23 12:35:00-04:00,46.380001068115234,46.45000076293945,46.380001068115234,46.40999984741211,1231,0.0,0.0,0.0
2024-10-23 12:40:00-04:00,46.380001068115234,46.40999984741211,46.369998931884766,46.369998931884766,585,0.0,0.0,0.0
2024-10-23 12:45:00-04:00,46.380001068115234,46.42110061645508,46.380001068115234,46.42110061645508,693,0.0,0.0,0.0
2024-10-23 12:50:00-04:00,46.400001525878906,46.400001525878906,46.400001525878906,46.400001525878906,200,0.0,0.0,0.0
2024-10-23 12:55:00-04:00,46.42380142211914,46.42380142211914,46.380001068115234,46.380001068115234,540,0.0,0.0,0.0
2024-10-23 13:00:00-04:00,46.380001068115234,46.380001068115234,46.369998931884766,46.369998931884766,544,0.0,0.0,0.0
2024-10-23 13:05:00-04:00,46.33000183105469,46.33000183105469,46.33000183105469,46.33000183105469,273,0.0,0.0,0.0
2024-10-23 13:10:00-04:00,46.310001373291016,46.310001373291016,46.310001373291016,46.310001373291016,221,0.0,0.0,0.0
2024-10-23 13:15:00-04:00,46.290000915527344,46.36000061035156,46.290000915527344,46.36000061035156,494,0.0,0.0,0.0
2024-10-23 13:20:00-04:00,46.279998779296875,46.279998779296875,46.279998779296875,46.279998779296875,200,0.0,0.0,0.0
2024-10-23 13:25:00-04:00,46.279998779296875,46.279998779296875,46.279998779296875,46.279998779296875,237,0.0,0.0,0.0
2024-10-23 13:30:00-04:00,46.25,46.2599983215332,46.25,46.25090026855469,570,0.0,0.0,0.0
2024-10-23 13:35:00-04:00,46.2599983215332,46.2599983215332,46.2599983215332,46.2599983215332,349,0.0,0.0,0.0
2024-10-23 13:40:00-04:00,46.2400016784668,46.2400016784668,46.2400016784668,46.2400016784668,101,0.0,0.0,0.0
2024-10-23 13:45:00-04:00,46.27000045776367,46.339900970458984,46.27000045776367,46.339900970458984,350,0.0,0.0,0.0
2024-10-23 13:50:00-04:00,46.290000915527344,46.290000915527344,46.290000915527344,46.290000915527344,200,0.0,0.0,0.0
2024-10-23 13:55:00-04:00,46.29999923706055,46.36000061035156,46.279998779296875,46.36000061035156,56588,0.0,0.0,0.0
2024-10-23 14:00:00-04:00,46.34000015258789,46.369300842285156,46.310001373291016,46.310001373291016,1366,0.0,0.0,0.0
2024-10-23 14:05:00-04:00,46.27000045776367,46.27000045776367,46.27000045776367,46.27000045776367,318,0.0,0.0,0.0
2024-10-23 14:10:00-04:00,46.279998779296875,46.279998779296875,46.279998779296875,46.279998779296875,1805,0.0,0.0,0.0
2024-10-23 14:15:00-04:00,46.27000045776367,46.27000045776367,46.22999954223633,46.22999954223633,351,0.0,0.0,0.0
2024-10-23 14:20:00-04:00,46.22999954223633,46.22999954223633,46.22999954223633,46.22999954223633,280,0.0,0.0,0.0
2024-10-23 14:25:00-04:00,46.2599983215332,46.290000915527344,46.2599983215332,46.290000915527344,861,0.0,0.0,0.0
2024-10-23 14:30:00-04:00,46.3474006652832,46.419498443603516,46.3474006652832,46.419498443603516,860,0.0,0.0,0.0
2024-10-23 14:35:00-04:00,46.380001068115234,46.380001068115234,46.380001068115234,46.380001068115234,202,0.0,0.0,0.0
2024-10-23 14:40:00-04:00,46.380001068115234,46.380001068115234,46.380001068115234,46.380001068115234,200,0.0,0.0,0.0
2024-10-23 14:45:00-04:00,46.40999984741211,46.45000076293945,46.380001068115234,46.400001525878906,2805,0.0,0.0,0.0
2024-10-23 14:50:00-04:00,46.380001068115234,46.41999816894531,46.380001068115234,46.41999816894531,534,0.0,0.0,0.0
2024-10-23 14:55:00-04:00,46.38999938964844,46.38999938964844,46.38999938964844,46.38999938964844,324,0.0,0.0,0.0
2024-10-23 15:00:00-04:00,46.40999984741211,46.459999084472656,46.40999984741211,46.459999084472656,1288,0.0,0.0,0.0
2024-10-23 15:05:00-04:00,46.400001525878906,46.415000915527344,46.38999938964844,46.38999938964844,1160,0.0,0.0,0.0
2024-10-23 15:10:00-04:00,46.45330047607422,46.45330047607422,46.45330047607422,46.45330047607422,800,0.0,0.0,0.0
2024-10-23 15:15:00-04:00,46.4473991394043,46.4473991394043,46.38359832763672,46.41999816894531,1754,0.0,0.0,0.0
2024-10-23 15:20:00-04:00,46.38999938964844,46.38999938964844,46.38999938964844,46.38999938964844,371,0.0,0.0,0.0
2024-10-23 15:25:00-04:00,46.38999938964844,46.38999938964844,46.38999938964844,46.38999938964844,215,0.0,0.0,0.0
2024-10-23 15:30:00-04:00,46.400001525878906,46.40999984741211,46.400001525878906,46.40999984741211,443,0.0,0.0,0.0
2024-10-23 15:35:00-04:00,46.40999984741211,46.40999984741211,46.40999984741211,46.40999984741211,300,0.0,0.0,0.0
2024-10-23 15:40:00-04:00,46.40999984741211,46.45000076293945,46.40999984741211,46.45000076293945,615,0.0,0.0,0.0
2024-10-23 15:45:00-04:00,46.41999816894531,46.41999816894531,46.41999816894531,46.41999816894531,544,0.0,0.0,0.0
2024-10-23 15:50:00-04:00,46.43000030517578,46.459999084472656,46.43000030517578,46.459999084472656,1323,0.0,0.0,0.0
2024-10-23 15:55:00-04:00,46.470001220703125,46.470001220703125,46.400001525878906,46.400001525878906,2969,0.0,0.0,0.0
2024-10-24 09:30:00-04:00,46.470001220703125,46.72629928588867,46.470001220703125,46.72629928588867,2496,0.0,0.0,0.0
2024-10-24 10:00:00-04:00,46.46739959716797,46.46739959716797,46.46739959716797,46.46739959716797,404,0.0,0.0,0.0
2024-10-24 10:05:00-04:00,46.72999954223633,46.72999954223633,46.470001220703125,46.470001220703125,1886,0.0,0.0,0.0
2024-10-24 10:15:00-04:00,46.400001525878906,46.459999084472656,46.400001525878906,46.459999084472656,1901,0.0,0.0,0.0
2024-10-24 10:25:00-04:00,46.470001220703125,46.470001220703125,46.470001220703125,46.470001220703125,229,0.0,0.0,0.0
2024-10-24 10:40:00-04:00,46.5,46.5,46.4900016784668,46.5,1187,0.0,0.0,0.0
2024-10-24 10:45:00-04:00,46.4900016784668,46.4900016784668,46.4900016784668,46.4900016784668,226,0.0,0.0,0.0
2024-10-24 10:50:00-04:00,46.470001220703125,46.470001220703125,46.470001220703125,46.470001220703125,451,0.0,0.0,0.0
2024-10-24 11:20:00-04:00,46.43000030517578,46.43000030517578,46.43000030517578,46.43000030517578,122,0.0,0.0,0.0
2024-10-24 11:25:00-04:00,46.41279983520508,46.41279983520508,46.41279983520508,46.41279983520508,590,0.0,0.0,0.0
2024-10-24 11:30:00-04:00,46.41999816894531,46.41999816894531,46.41999816894531,46.41999816894531,487,0.0,0.0,0.0
2024-10-24 11:35:00-04:00,46.39500045776367,46.39500045776367,46.39500045776367,46.39500045776367,138,0.0,0.0,0.0
2024-10-24 11:45:00-04:00,46.355499267578125,46.355499267578125,46.27000045776367,46.27000045776367,2592,0.0,0.0,0.0
2024-10-24 12:10:00-04:00,46.29999923706055,46.29999923706055,46.29999923706055,46.29999923706055,259,0.0,0.0,0.0
2024-10-24 12:15:00-04:00,46.2599983215332,46.31999969482422,46.2599983215332,46.31999969482422,591,0.0,0.0,0.0
2024-10-24 12:35:00-04:00,46.352970123291016,46.352970123291016,46.352970123291016,46.352970123291016,221,0.0,0.0,0.0
2024-10-24 12:45:00-04:00,46.33000183105469,46.33000183105469,46.33000183105469,46.33000183105469,101,0.0,0.0,0.0
2024-10-24 12:50:00-04:00,46.37200164794922,46.37200164794922,46.33000183105469,46.33000183105469,1062,0.0,0.0,0.0
2024-10-24 13:00:00-04:00,46.36000061035156,46.36000061035156,46.36000061035156,46.36000061035156,270,0.0,0.0,0.0
2024-10-24 13:05:00-04:00,46.400001525878906,46.439998626708984,46.36000061035156,46.36000061035156,7156,0.0,0.0,0.0
2024-10-24 13:10:00-04:00,46.380001068115234,46.380001068115234,46.380001068115234,46.380001068115234,247,0.0,0.0,0.0
2024-10-24 13:15:00-04:00,46.39910125732422,46.39910125732422,46.369998931884766,46.38999938964844,1025,0.0,0.0,0.0
2024-10-24 13:25:00-04:00,46.4005012512207,46.4005012512207,46.371700286865234,46.380001068115234,901,0.0,0.0,0.0
2024-10-24 13:40:00-04:00,46.369998931884766,46.43000030517578,46.369998931884766,46.41999816894531,1922,0.0,0.0,0.0
2024-10-24 14:00:00-04:00,46.372398376464844,46.372398376464844,46.310001373291016,46.310001373291016,4000,0.0,0.0,0.0
2024-10-24 14:05:00-04:00,46.34199905395508,46.34199905395508,46.34199905395508,46.34199905395508,717,0.0,0.0,0.0
2024-10-24 14:10:00-04:00,46.31999969482422,46.31999969482422,46.31999969482422,46.31999969482422,659,0.0,0.0,0.0
2024-10-24 14:15:00-04:00,46.36349868774414,46.36349868774414,46.35089874267578,46.36000061035156,1483,0.0,0.0,0.0
2024-10-24 14:30:00-04:00,46.30419921875,46.30419921875,46.30419921875,46.30419921875,260,0.0,0.0,0.0
2024-10-24 14:35:00-04:00,46.29999923706055,46.29999923706055,46.29999923706055,46.29999923706055,101,0.0,0.0,0.0
2024-10-24 14:40:00-04:00,46.316001892089844,46.34170150756836,46.316001892089844,46.34170150756836,475,0.0,0.0,0.0
2024-10-24 14:45:00-04:00,46.36989974975586,46.36989974975586,46.36989974975586,46.36989974975586,700,0.0,0.0,0.0
2024-10-24 14:50:00-04:00,46.310001373291016,46.310001373291016,46.310001373291016,46.310001373291016,169,0.0,0.0,0.0
2024-10-24 15:00:00-04:00,46.310001373291016,46.310001373291016,46.310001373291016,46.310001373291016,206,0.0,0.0,0.0
2024-10-24 15:15:00-04:00,46.37990188598633,46.37990188598633,46.36000061035156,46.36000061035156,1274,0.0,0.0,0.0
2024-10-24 15:55:00-04:00,46.36330032348633,46.36330032348633,46.31999969482422,46.31999969482422,0,0.0,0.0,0.0
2024-10-25 09:30:00-04:00,46.689998626708984,46.689998626708984,46.689998626708984,46.689998626708984,511,0.0,0.0,0.0
2024-10-25 09:35:00-04:00,46.75,46.75,46.75,46.75,837,0.0,0.0,0.0
2024-10-25 09:45:00-04:00,46.709999084472656,46.709999084472656,46.689998626708984,46.689998626708984,836,0.0,0.0,0.0
2024-10-25 10:00:00-04:00,46.56999969482422,46.58420181274414,46.56999969482422,46.58000183105469,360,0.0,0.0,0.0
2024-10-25 10:20:00-04:00,46.61000061035156,46.61240005493164,46.61000061035156,46.61240005493164,1036,0.0,0.0,0.0
2024-10-25 10:45:00-04:00,46.560001373291016,46.560001373291016,46.54140090942383,46.54140090942383,2641,0.0,0.0,0.0
2024-10-25 11:05:00-04:00,46.52000045776367,46.52000045776367,46.52000045776367,46.52000045776367,178,0.0,0.0,0.0
2024-10-25 11:20:00-04:00,46.439998626708984,46.439998626708984,46.40999984741211,46.40999984741211,1279,0.0,0.0,0.0
2024-10-25 11:30:00-04:00,46.41360092163086,46.41360092163086,46.380001068115234,46.380001068115234,1108,0.0,0.0,0.0
2024-10-25 11:40:00-04:00,46.349998474121094,46.349998474121094,46.349998474121094,46.349998474121094,102,0.0,0.0,0.0
2024-10-25 11:50:00-04:00,46.400001525878906,46.400001525878906,46.400001525878906,46.400001525878906,1614,0.0,0.0,0.0
2024-10-25 11:55:00-04:00,46.375,46.375,46.375,46.375,311,0.0,0.0,0.0
2024-10-25 12:10:00-04:00,46.290000915527344,46.290000915527344,46.290000915527344,46.290000915527344,337,0.0,0.0,0.0
2024-10-25 12:30:00-04:00,46.319400787353516,46.319400787353516,46.319400787353516,46.319400787353516,787,0.0,0.0,0.0
2024-10-25 12:40:00-04:00,46.2599983215332,46.2599983215332,46.2599983215332,46.2599983215332,476,0.0,0.0,0.0
2024-10-25 12:45:00-04:00,46.25,46.25,46.22999954223633,46.22999954223633,1627,0.0,0.0,0.0
2024-10-25 12:50:00-04:00,46.20000076293945,46.20000076293945,46.18000030517578,46.18000030517578,670,0.0,0.0,0.0
2024-10-25 12:55:00-04:00,46.19499969482422,46.19499969482422,46.19499969482422,46.19499969482422,156,0.0,0.0,0.0
2024-10-25 13:00:00-04:00,46.23500061035156,46.2599983215332,46.23500061035156,46.2599983215332,590,0.0,0.0,0.0
2024-10-25 13:10:00-04:00,46.220001220703125,46.220001220703125,46.220001220703125,46.220001220703125,716,0.0,0.0,0.0
2024-10-25 13:30:00-04:00,46.18000030517578,46.18000030517578,46.18000030517578,46.18000030517578,624,0.0,0.0,0.0
2024-10-25 13:35:00-04:00,46.15810012817383,46.15810012817383,46.15810012817383,46.15810012817383,268,0.0,0.0,0.0
2024-10-25 13:45:00-04:00,46.11750030517578,46.11750030517578,46.11750030517578,46.11750030517578,364,0.0,0.0,0.0
2024-10-25 13:55:00-04:00,46.16999816894531,46.16999816894531,46.16999816894531,46.16999816894531,100,0.0,0.0,0.0
2024-10-25 14:00:00-04:00,46.11000061035156,46.11000061035156,46.11000061035156,46.11000061035156,305,0.0,0.0,0.0
2024-10-25 14:35:00-04:00,46.10499954223633,46.10499954223633,46.10499954223633,46.10499954223633,756,0.0,0.0,0.0
2024-10-25 14:55:00-04:00,46.15999984741211,46.15999984741211,46.11000061035156,46.11000061035156,1402,0.0,0.0,0.0
2024-10-25 15:10:00-04:00,46.099998474121094,46.11109924316406,46.06010055541992,46.06010055541992,3578,0.0,0.0,0.0
2024-10-25 15:15:00-04:00,46.08399963378906,46.119998931884766,46.08399963378906,46.119998931884766,810,0.0,0.0,0.0
2024-10-25 15:20:00-04:00,46.05009841918945,46.05009841918945,46.05009841918945,46.05009841918945,480,0.0,0.0,0.0
2024-10-25 15:25:00-04:00,46.09000015258789,46.09000015258789,46.07500076293945,46.07500076293945,878,0.0,0.0,0.0
2024-10-25 15:50:00-04:00,45.97999954223633,45.97999954223633,45.95000076293945,45.95000076293945,480,0.0,0.0,0.0
2024-10-25 15:55:00-04:00,45.95000076293945,45.9900016784668,45.93109893798828,45.9900016784668,1028,0.0,0.0,0.0
2024-10-28 09:35:00-04:00,46.099998474121094,46.43000030517578,46.099998474121094,46.43000030517578,976,0.0,0.0,0.0
2024-10-28 09:45:00-04:00,46.40729904174805,46.45000076293945,46.40729904174805,46.45000076293945,410,0.0,0.0,0.0
2024-10-28 09:50:00-04:00,46.45000076293945,46.47999954223633,46.45000076293945,46.47999954223633,861,0.0,0.0,0.0
2024-10-28 10:00:00-04:00,46.34000015258789,46.34000015258789,46.34000015258789,46.34000015258789,270,0.0,0.0,0.0
2024-10-28 10:20:00-04:00,46.36000061035156,46.36000061035156,46.36000061035156,46.36000061035156,349,0.0,0.0,0.0
2024-10-28 10:25:00-04:00,46.36000061035156,46.36000061035156,46.36000061035156,46.36000061035156,215,0.0,0.0,0.0
2024-10-28 10:40:00-04:00,46.25,46.28350067138672,46.25,46.28350067138672,477,0.0,0.0,0.0
2024-10-28 10:50:00-04:00,46.31999969482422,46.31999969482422,46.29199981689453,46.29199981689453,284,0.0,0.0,0.0
2024-10-28 11:00:00-04:00,46.2400016784668,46.2400016784668,46.22999954223633,46.22999954223633,806,0.0,0.0,0.0
2024-10-28 11:05:00-04:00,46.30229949951172,46.30229949951172,46.27000045776367,46.27000045776367,1696,0.0,0.0,0.0
2024-10-28 11:55:00-04:00,46.222999572753906,46.222999572753906,46.222999572753906,46.222999572753906,350,0.0,0.0,0.0
2024-10-28 12:00:00-04:00,46.16999816894531,46.16999816894531,46.16999816894531,46.16999816894531,415,0.0,0.0,0.0
2024-10-28 12:25:00-04:00,46.20000076293945,46.20000076293945,46.189998626708984,46.189998626708984,668,0.0,0.0,0.0
2024-10-28 12:50:00-04:00,46.16999816894531,46.16999816894531,46.16999816894531,46.16999816894531,387,0.0,0.0,0.0
2024-10-28 12:55:00-04:00,46.189998626708984,46.189998626708984,46.189998626708984,46.189998626708984,303,0.0,0.0,0.0
2024-10-28 13:05:00-04:00,46.200401306152344,46.200401306152344,46.200401306152344,46.200401306152344,466,0.0,0.0,0.0
2024-10-28 13:35:00-04:00,46.12009811401367,46.12009811401367,46.12009811401367,46.12009811401367,148,0.0,0.0,0.0
2024-10-28 13:40:00-04:00,46.13999938964844,46.150001525878906,46.13999938964844,46.150001525878906,1205,0.0,0.0,0.0
2024-10-28 13:45:00-04:00,46.15999984741211,46.15999984741211,46.154998779296875,46.154998779296875,664,0.0,0.0,0.0
2024-10-28 13:50:00-04:00,46.12900161743164,46.12900161743164,46.12779998779297,46.12779998779297,571,0.0,0.0,0.0
2024-10-28 14:05:00-04:00,46.121299743652344,46.121299743652344,46.121299743652344,46.121299743652344,400,0.0,0.0,0.0
2024-10-28 14:35:00-04:00,46.080501556396484,46.080501556396484,46.080501556396484,46.080501556396484,234,0.0,0.0,0.0
2024-10-28 14:40:00-04:00,46.11009979248047,46.11009979248047,46.11009979248047,46.11009979248047,295,0.0,0.0,0.0
2024-10-28 14:50:00-04:00,46.20920181274414,46.20920181274414,46.20920181274414,46.20920181274414,234,0.0,0.0,0.0
2024-10-28 15:00:00-04:00,46.15999984741211,46.15999984741211,46.15999984741211,46.15999984741211,314,0.0,0.0,0.0
2024-10-28 15:05:00-04:00,46.18000030517578,46.18000030517578,46.119998931884766,46.12459945678711,1456,0.0,0.0,0.0
2024-10-28 15:25:00-04:00,46.165000915527344,46.165000915527344,46.165000915527344,46.165000915527344,402,0.0,0.0,0.0
2024-10-28 15:30:00-04:00,46.1859016418457,46.1859016418457,46.13999938964844,46.13999938964844,1199,0.0,0.0,0.0
2024-10-28 15:40:00-04:00,46.20000076293945,46.20000076293945,46.20000076293945,46.20000076293945,100,0.0,0.0,0.0
2024-10-28 15:45:00-04:00,46.217201232910156,46.217201232910156,46.217201232910156,46.217201232910156,159,0.0,0.0,0.0
2024-10-28 15:50:00-04:00,46.20000076293945,46.21989822387695,46.20000076293945,46.21989822387695,397,0.0,0.0,0.0
2024-10-28 15:55:00-04:00,46.16999816894531,46.20000076293945,46.16999816894531,46.189998626708984,1251,0.0,0.0,0.0
2024-10-29 09:30:00-04:00,46.09000015258789,46.09000015258789,46.0890007019043,46.0890007019043,576,0.0,0.0,0.0
2024-10-29 09:35:00-04:00,45.970001220703125,45.970001220703125,45.900001525878906,45.900001525878906,717,0.0,0.0,0.0
2024-10-29 09:45:00-04:00,46.000099182128906,46.000099182128906,46.000099182128906,46.000099182128906,245,0.0,0.0,0.0
2024-10-29 09:50:00-04:00,46.06999969482422,46.06999969482422,46.06999969482422,46.06999969482422,1710,0.0,0.0,0.0
2024-10-29 09:55:00-04:00,46.06570053100586,46.06570053100586,46.06570053100586,46.06570053100586,1227,0.0,0.0,0.0
2024-10-29 10:10:00-04:00,46.05500030517578,46.05500030517578,46.05500030517578,46.05500030517578,1165,0.0,0.0,0.0
2024-10-29 10:20:00-04:00,46.15999984741211,46.15999984741211,46.15999984741211,46.15999984741211,513,0.0,0.0,0.0
2024-10-29 10:30:00-04:00,46.06050109863281,46.06050109863281,46.013099670410156,46.013099670410156,844,0.0,0.0,0.0
2024-10-29 10:35:00-04:00,46.1599006652832,46.1599006652832,46.1599006652832,46.1599006652832,174,0.0,0.0,0.0
2024-10-29 10:40:00-04:00,46.18000030517578,46.18000030517578,46.18000030517578,46.18000030517578,184,0.0,0.0,0.0
2024-10-29 10:45:00-04:00,46.099998474121094,46.099998474121094,46.099998474121094,46.099998474121094,357,0.0,0.0,0.0
2024-10-29 11:05:00-04:00,46.11000061035156,46.11000061035156,46.11000061035156,46.11000061035156,837,0.0,0.0,0.0
2024-10-29 11:20:00-04:00,46.00600051879883,46.00600051879883,45.98500061035156,45.98500061035156,655,0.0,0.0,0.0
2024-10-29 11:45:00-04:00,46.00579833984375,46.00579833984375,46.00579833984375,46.00579833984375,231,0.0,0.0,0.0
2024-10-29 12:05:00-04:00,46.0,46.0,45.9900016784668,45.9900016784668,553,0.0,0.0,0.0
2024-10-29 12:15:00-04:00,46.0099983215332,46.0099983215332,46.0099983215332,46.0099983215332,117,0.0,0.0,0.0
2024-10-29 12:20:00-04:00,46.060001373291016,46.060001373291016,46.060001373291016,46.060001373291016,611,0.0,0.0,0.0
2024-10-29 12:30:00-04:00,45.99919891357422,46.02989959716797,45.9900016784668,46.02989959716797,1617,0.0,0.0,0.0
2024-10-29 12:35:00-04:00,45.974998474121094,45.98210144042969,45.974998474121094,45.98210144042969,398,0.0,0.0,0.0
2024-10-29 12:40:00-04:00,45.994998931884766,45.994998931884766,45.994998931884766,45.994998931884766,133,0.0,0.0,0.0
2024-10-29 12:50:00-04:00,45.98500061035156,45.98500061035156,45.98500061035156,45.98500061035156,506,0.0,0.0,0.0
2024-10-29 12:55:00-04:00,46.023799896240234,46.023799896240234,46.023799896240234,46.023799896240234,250,0.0,0.0,0.0
2024-10-29 13:10:00-04:00,46.00450134277344,46.00450134277344,46.00450134277344,46.00450134277344,155,0.0,0.0,0.0
2024-10-29 13:15:00-04:00,46.04710006713867,46.09989929199219,46.04710006713867,46.06439971923828,898,0.0,0.0,0.0
2024-10-29 13:25:00-04:00,46.00080108642578,46.05080032348633,46.00080108642578,46.05080032348633,1608,0.0,0.0,0.0
2024-10-29 13:30:00-04:00,46.06999969482422,46.06999969482422,46.06999969482422,46.06999969482422,971,0.0,0.0,0.0
2024-10-29 13:55:00-04:00,46.0,46.020999908447266,46.0,46.020999908447266,4401,0.0,0.0,0.0
2024-10-29 14:00:00-04:00,46.025001525878906,46.025001525878906,46.025001525878906,46.025001525878906,337,0.0,0.0,0.0
2024-10-29 14:15:00-04:00,46.00469970703125,46.00469970703125,46.00469970703125,46.00469970703125,360,0.0,0.0,0.0
2024-10-29 14:35:00-04:00,46.060001373291016,46.060001373291016,46.060001373291016,46.060001373291016,118,0.0,0.0,0.0
2024-10-29 14:40:00-04:00,46.03390121459961,46.03390121459961,46.01024627685547,46.01024627685547,1707,0.0,0.0,0.0
2024-10-29 15:05:00-04:00,45.9900016784668,46.02000045776367,45.9900016784668,46.02000045776367,1810,0.0,0.0,0.0
2024-10-29 15:15:00-04:00,46.03990173339844,46.03990173339844,45.97999954223633,45.97999954223633,718,0.0,0.0,0.0
2024-10-29 15:30:00-04:00,45.98649978637695,45.98649978637695,45.98649978637695,45.98649978637695,435,0.0,0.0,0.0
2024-10-29 15:35:00-04:00,45.9900016784668,45.9900016784668,45.97999954223633,45.98429870605469,2606,0.0,0.0,0.0
2024-10-29 15:40:00-04:00,45.98500061035156,45.98830032348633,45.98500061035156,45.98830032348633,757,0.0,0.0,0.0
2024-10-29 15:45:00-04:00,45.98659896850586,45.9900016784668,45.98659896850586,45.9900016784668,705,0.0,0.0,0.0
2024-10-29 15:50:00-04:00,46.0,46.005001068115234,45.9900016784668,46.005001068115234,1594,0.0,0.0,0.0
2024-10-29 15:55:00-04:00,45.91999816894531,45.91999816894531,45.910099029541016,45.910099029541016,686,0.0,0.0,0.0
2024-10-30 09:30:00-04:00,46.0,46.0,46.0,46.0,0,0.0,0.0,0.0
2024-10-30 09:45:00-04:00,46.119998931884766,46.18000030517578,46.119998931884766,46.17250061035156,4023,0.0,0.0,0.0
2024-10-30 09:50:00-04:00,46.119998931884766,46.119998931884766,46.119998931884766,46.119998931884766,452,0.0,0.0,0.0
2024-10-30 09:55:00-04:00,46.310001373291016,46.34000015258789,46.310001373291016,46.34000015258789,2886,0.0,0.0,0.0
2024-10-30 10:10:00-04:00,46.28499984741211,46.28499984741211,46.28499984741211,46.28499984741211,351,0.0,0.0,0.0
2024-10-30 10:40:00-04:00,46.2400016784668,46.2400016784668,46.2400016784668,46.2400016784668,2694,0.0,0.0,0.0
2024-10-30 11:30:00-04:00,46.06990051269531,46.09000015258789,46.06990051269531,46.09000015258789,691,0.0,0.0,0.0
2024-10-30 11:40:00-04:00,46.14939880371094,46.14939880371094,46.14939880371094,46.14939880371094,276,0.0,0.0,0.0
2024-10-30 11:45:00-04:00,46.15999984741211,46.15999984741211,46.15999984741211,46.15999984741211,861,0.0,0.0,0.0
2024-10-30 11:50:00-04:00,46.189998626708984,46.189998626708984,46.189998626708984,46.189998626708984,114,0.0,0.0,0.0
2024-10-30 12:00:00-04:00,46.150001525878906,46.220001220703125,46.150001525878906,46.220001220703125,576,0.0,0.0,0.0
2024-10-30 12:05:00-04:00,46.17850112915039,46.17850112915039,46.17850112915039,46.17850112915039,327,0.0,0.0,0.0
2024-10-30 12:30:00-04:00,46.189998626708984,46.189998626708984,46.189998626708984,46.189998626708984,103,0.0,0.0,0.0
2024-10-30 12:50:00-04:00,46.19929885864258,46.19929885864258,46.19929885864258,46.19929885864258,682,0.0,0.0,0.0
2024-10-30 13:00:00-04:00,46.20000076293945,46.20000076293945,46.189998626708984,46.19499969482422,1460,0.0,0.0,0.0
2024-10-30 13:10:00-04:00,46.20989990234375,46.20989990234375,46.17499923706055,46.17499923706055,4562,0.0,0.0,0.0
2024-10-30 13:20:00-04:00,46.191200256347656,46.191200256347656,46.191200256347656,46.191200256347656,352,0.0,0.0,0.0
2024-10-30 13:30:00-04:00,46.095298767089844,46.095298767089844,46.095298767089844,46.095298767089844,436,0.0,0.0,0.0
2024-10-30 14:05:00-04:00,46.099998474121094,46.099998474121094,46.095001220703125,46.095001220703125,1588,0.0,0.0,0.0
2024-10-30 14:15:00-04:00,46.099998474121094,46.099998474121094,46.099998474121094,46.099998474121094,203,0.0,0.0,0.0
2024-10-30 14:20:00-04:00,46.13977813720703,46.13977813720703,46.11000061035156,46.11000061035156,576,0.0,0.0,0.0
2024-10-30 14:30:00-04:00,46.11009979248047,46.149600982666016,46.11009979248047,46.149600982666016,487,0.0,0.0,0.0
2024-10-30 14:35:00-04:00,46.11000061035156,46.11000061035156,46.10350036621094,46.10350036621094,747,0.0,0.0,0.0
2024-10-30 14:50:00-04:00,46.112998962402344,46.119998931884766,46.112998962402344,46.119998931884766,678,0.0,0.0,0.0
2024-10-30 15:00:00-04:00,46.149898529052734,46.149898529052734,46.08000183105469,46.149898529052734,343,0.0,0.0,0.0
2024-10-30 15:05:00-04:00,46.11000061035156,46.13990020751953,46.06999969482422,46.13990020751953,844,0.0,0.0,0.0
2024-10-30 15:10:00-04:00,46.05390167236328,46.05390167236328,46.05390167236328,46.05390167236328,1540,0.0,0.0,0.0
2024-10-30 15:15:00-04:00,46.110599517822266,46.110599517822266,46.110599517822266,46.110599517822266,431,0.0,0.0,0.0
2024-10-30 15:20:00-04:00,46.06079864501953,46.06079864501953,46.06079864501953,46.06079864501953,946,0.0,0.0,0.0
2024-10-30 15:40:00-04:00,46.08769989013672,46.09000015258789,46.08769989013672,46.09000015258789,477,0.0,0.0,0.0
2024-10-30 15:50:00-04:00,46.130001068115234,46.13999938964844,46.130001068115234,46.130001068115234,567,0.0,0.0,0.0
2024-10-30 15:55:00-04:00,46.06999969482422,46.10430145263672,46.06999969482422,46.10430145263672,447,0.0,0.0,0.0
2024-10-31 09:30:00-04:00,45.79999923706055,45.79999923706055,45.64500045776367,45.64500045776367,5351,0.0,0.0,0.0
2024-10-31 09:40:00-04:00,45.790000915527344,45.790000915527344,45.790000915527344,45.790000915527344,208,0.0,0.0,0.0
2024-10-31 09:50:00-04:00,45.75,45.75,45.75,45.75,418,0.0,0.0,0.0
2024-10-31 09:55:00-04:00,45.68000030517578,45.709999084472656,45.68000030517578,45.709999084472656,607,0.0,0.0,0.0
2024-10-31 10:05:00-04:00,45.70000076293945,45.70000076293945,45.70000076293945,45.70000076293945,17924,0.0,0.0,0.0
2024-10-31 10:10:00-04:00,45.7599983215332,45.7599983215332,45.7599983215332,45.7599983215332,132,0.0,0.0,0.0
2024-10-31 10:15:00-04:00,45.81999969482422,45.81999969482422,45.81999969482422,45.81999969482422,318,0.0,0.0,0.0
2024-10-31 10:25:00-04:00,45.75899887084961,45.75899887084961,45.75899887084961,45.75899887084961,269,0.0,0.0,0.0
2024-10-31 10:40:00-04:00,45.650001525878906,45.650001525878906,45.650001525878906,45.650001525878906,329,0.0,0.0,0.0
2024-10-31 10:45:00-04:00,45.6531982421875,45.6531982421875,45.6531982421875,45.6531982421875,717,0.0,0.0,0.0
2024-10-31 10:55:00-04:00,45.63999938964844,45.63999938964844,45.63999938964844,45.63999938964844,198,0.0,0.0,0.0
2024-10-31 11:10:00-04:00,45.53499984741211,45.53499984741211,45.53499984741211,45.53499984741211,226,0.0,0.0,0.0
2024-10-31 11:15:00-04:00,45.56010055541992,45.66999816894531,45.56010055541992,45.66999816894531,1972,0.0,0.0,0.0
2024-10-31 11:25:00-04:00,45.64500045776367,45.64500045776367,45.64500045776367,45.64500045776367,321,0.0,0.0,0.0
2024-10-31 11:35:00-04:00,45.66999816894531,45.66999816894531,45.66999816894531,45.66999816894531,125,0.0,0.0,0.0
2024-10-31 11:40:00-04:00,45.720001220703125,45.720001220703125,45.720001220703125,45.720001220703125,487,0.0,0.0,0.0
2024-10-31 11:45:00-04:00,45.68330001831055,45.68330001831055,45.68330001831055,45.68330001831055,221,0.0,0.0,0.0
2024-10-31 11:50:00-04:00,45.720001220703125,45.720001220703125,45.720001220703125,45.720001220703125,400,0.0,0.0,0.0
2024-10-31 11:55:00-04:00,45.670101165771484,45.720001220703125,45.663299560546875,45.720001220703125,818,0.0,0.0,0.0
2024-10-31 12:00:00-04:00,45.72999954223633,45.7400016784668,45.72999954223633,45.73500061035156,1580,0.0,0.0,0.0
2024-10-31 12:15:00-04:00,45.790000915527344,45.790000915527344,45.75,45.75,8865,0.0,0.0,0.0
2024-10-31 12:25:00-04:00,45.76639938354492,45.76639938354492,45.76639938354492,45.76639938354492,150,0.0,0.0,0.0
2024-10-31 12:30:00-04:00,45.79999923706055,45.79999923706055,45.79999923706055,45.79999923706055,633,0.0,0.0,0.0
2024-10-31 12:45:00-04:00,45.77000045776367,45.77000045776367,45.77000045776367,45.77000045776367,589,0.0,0.0,0.0
2024-10-31 12:50:00-04:00,45.69049835205078,45.69049835205078,45.69049835205078,45.69049835205078,211,0.0,0.0,0.0
2024-10-31 12:55:00-04:00,45.713199615478516,45.713199615478516,45.713199615478516,45.713199615478516,320,0.0,0.0,0.0
2024-10-31 13:05:00-04:00,45.779998779296875,45.790000915527344,45.779998779296875,45.790000915527344,307,0.0,0.0,0.0
2024-10-31 13:10:00-04:00,45.791099548339844,45.791099548339844,45.791099548339844,45.791099548339844,206,0.0,0.0,0.0
2024-10-31 13:25:00-04:00,45.83000183105469,45.83000183105469,45.83000183105469,45.83000183105469,1004,0.0,0.0,0.0
2024-10-31 13:30:00-04:00,45.77939987182617,45.77939987182617,45.77939987182617,45.77939987182617,265,0.0,0.0,0.0
2024-10-31 13:35:00-04:00,45.74509811401367,45.77000045776367,45.73550033569336,45.73550033569336,962,0.0,0.0,0.0
2024-10-31 13:50:00-04:00,45.78519821166992,45.8119010925293,45.78519821166992,45.8119010925293,362,0.0,0.0,0.0
2024-10-31 13:55:00-04:00,45.775001525878906,45.775001525878906,45.775001525878906,45.775001525878906,231,0.0,0.0,0.0
2024-10-31 14:00:00-04:00,45.80080032348633,45.80080032348633,45.76499938964844,45.78990173339844,3109,0.0,0.0,0.0
2024-10-31 14:05:00-04:00,45.724300384521484,45.724300384521484,45.724300384521484,45.724300384521484,620,0.0,0.0,0.0
2024-10-31 14:10:00-04:00,45.74319839477539,45.750301361083984,45.74319839477539,45.750301361083984,6306,0.0,0.0,0.0
2024-10-31 14:15:00-04:00,45.709999084472656,45.709999084472656,45.68000030517578,45.68000030517578,1078,0.0,0.0,0.0
2024-10-31 14:25:00-04:00,45.68000030517578,45.68000030517578,45.68000030517578,45.68000030517578,703,0.0,0.0,0.0
2024-10-31 14:30:00-04:00,45.66999816894531,45.68669891357422,45.65999984741211,45.68669891357422,2096,0.0,0.0,0.0
2024-10-31 14:55:00-04:00,45.619998931884766,45.619998931884766,45.619998931884766,45.619998931884766,142,0.0,0.0,0.0
2024-10-31 15:05:00-04:00,45.632301330566406,45.632301330566406,45.632301330566406,45.632301330566406,385,0.0,0.0,0.0
2024-10-31 15:10:00-04:00,45.59000015258789,45.59000015258789,45.59000015258789,45.59000015258789,275,0.0,0.0,0.0
2024-10-31 15:20:00-04:00,45.55759811401367,45.55759811401367,45.55759811401367,45.55759811401367,738,0.0,0.0,0.0
2024-10-31 15:35:00-04:00,45.46989822387695,45.46989822387695,45.46989822387695,45.46989822387695,257,0.0,0.0,0.0
2024-10-31 15:45:00-04:00,45.45989990234375,45.45989990234375,45.45989990234375,45.45989990234375,700,0.0,0.0,0.0
2024-10-31 15:50:00-04:00,45.4900016784668,45.4900016784668,45.4900016784668,45.4900016784668,338,0.0,0.0,0.0
2024-10-31 15:55:00-04:00,45.380001068115234,45.38999938964844,45.380001068115234,45.38999938964844,536,0.0,0.0,0.0
2024-11-01 09:30:00-04:00,45.42259979248047,45.42259979248047,45.42259979248047,45.42259979248047,192,0.0,0.0,0.0
2024-11-01 09:35:00-04:00,45.45000076293945,45.45000076293945,45.45000076293945,45.45000076293945,548,0.0,0.0,0.0
2024-11-01 09:40:00-04:00,45.540000915527344,45.540000915527344,45.540000915527344,45.540000915527344,381,0.0,0.0,0.0
2024-11-01 09:50:00-04:00,45.560001373291016,45.560001373291016,45.560001373291016,45.560001373291016,299,0.0,0.0,0.0
2024-11-01 10:00:00-04:00,45.56999969482422,45.56999969482422,45.54909896850586,45.54909896850586,533,0.0,0.0,0.0
2024-11-01 10:05:00-04:00,45.5099983215332,45.5099983215332,45.5099983215332,45.5099983215332,231,0.0,0.0,0.0
2024-11-01 10:15:00-04:00,45.5,45.5,45.459999084472656,45.459999084472656,565,0.0,0.0,0.0
2024-11-01 10:35:00-04:00,45.53499984741211,45.56999969482422,45.53499984741211,45.56999969482422,892,0.0,0.0,0.0
2024-11-01 10:40:00-04:00,45.54710006713867,45.54710006713867,45.54710006713867,45.54710006713867,165,0.0,0.0,0.0
2024-11-01 10:45:00-04:00,45.5,45.54999923706055,45.4900016784668,45.4900016784668,1248186,0.0,0.0,0.0
2024-11-01 10:50:00-04:00,45.52000045776367,45.52000045776367,45.459999084472656,45.459999084472656,724,0.0,0.0,0.0
2024-11-01 10:55:00-04:00,45.45000076293945,45.45000076293945,45.45000076293945,45.45000076293945,179,0.0,0.0,0.0
2024-11-01 11:20:00-04:00,45.49150085449219,45.49150085449219,45.49150085449219,45.49150085449219,343,0.0,0.0,0.0
2024-11-01 11:40:00-04:00,45.435001373291016,45.435001373291016,45.435001373291016,45.435001373291016,119,0.0,0.0,0.0
2024-11-01 11:45:00-04:00,45.37649917602539,45.37649917602539,45.37649917602539,45.37649917602539,1054,0.0,0.0,0.0
2024-11-01 12:30:00-04:00,45.189998626708984,45.279998779296875,45.189998626708984,45.279998779296875,948,0.0,0.0,0.0
2024-11-01 12:35:00-04:00,45.2400016784668,45.2400016784668,45.2400016784668,45.2400016784668,11545,0.0,0.0,0.0
2024-11-01 12:50:00-04:00,45.189998626708984,45.189998626708984,45.189998626708984,45.189998626708984,216,0.0,0.0,0.0
2024-11-01 13:05:00-04:00,45.1150016784668,45.1150016784668,45.07500076293945,45.07500076293945,1033,0.0,0.0,0.0
2024-11-01 13:20:00-04:00,45.06380081176758,45.06380081176758,45.06380081176758,45.06380081176758,413,0.0,0.0,0.0
2024-11-01 13:40:00-04:00,44.95000076293945,44.95000076293945,44.95000076293945,44.95000076293945,279,0.0,0.0,0.0
2024-11-01 14:00:00-04:00,45.0525016784668,45.0525016784668,45.0525016784668,45.0525016784668,435,0.0,0.0,0.0
2024-11-01 14:05:00-04:00,45.04999923706055,45.04999923706055,45.01499938964844,45.01499938964844,966,0.0,0.0,0.0
2024-11-01 14:15:00-04:00,44.974098205566406,44.974098205566406,44.974098205566406,44.974098205566406,279,0.0,0.0,0.0
2024-11-01 14:30:00-04:00,45.05500030517578,45.05500030517578,45.05500030517578,45.05500030517578,421,0.0,0.0,0.0
2024-11-01 14:35:00-04:00,45.04999923706055,45.04999923706055,45.04999923706055,45.04999923706055,1922,0.0,0.0,0.0
2024-11-01 14:40:00-04:00,45.08829879760742,45.08829879760742,45.08829879760742,45.08829879760742,2306,0.0,0.0,0.0
2024-11-01 14:55:00-04:00,45.01499938964844,45.01499938964844,44.97999954223633,44.97999954223633,475,0.0,0.0,0.0
2024-11-01 15:05:00-04:00,44.970001220703125,44.970001220703125,44.95000076293945,44.959999084472656,92351,0.0,0.0,0.0
2024-11-01 15:10:00-04:00,45.029998779296875,45.029998779296875,45.02009963989258,45.02009963989258,2526,0.0,0.0,0.0
2024-11-01 15:15:00-04:00,45.040000915527344,45.060001373291016,45.040000915527344,45.04100036621094,752,0.0,0.0,0.0
2024-11-01 15:20:00-04:00,45.06999969482422,45.08000183105469,45.06999969482422,45.08000183105469,579,0.0,0.0,0.0
2024-11-01 15:30:00-04:00,45.0,45.0,44.97999954223633,44.97999954223633,407,0.0,0.0,0.0
2024-11-01 15:40:00-04:00,44.994998931884766,44.994998931884766,44.994998931884766,44.994998931884766,508,0.0,0.0,0.0
2024-11-01 15:45:00-04:00,44.95000076293945,44.95000076293945,44.939998626708984,44.939998626708984,642,0.0,0.0,0.0
2024-11-01 15:50:00-04:00,44.880001068115234,44.900001525878906,44.880001068115234,44.900001525878906,2557,0.0,0.0,0.0
2024-11-01 15:55:00-04:00,44.915000915527344,44.95000076293945,44.88999938964844,44.939998626708984,13776,0.0,0.0,0.0
