Datetime,Open,High,Low,Close,Volume,Dividends,Stock Splits
2024-06-03 09:00:00+09:00,2680.0,2720.0,2680.0,2720.0,0,0.0,0.0
2024-06-03 09:02:00+09:00,2690.0,2710.0,2690.0,2710.0,499,0.0,0.0
2024-06-03 09:03:00+09:00,2690.0,2690.0,2690.0,2690.0,400,0.0,0.0
2024-06-03 09:04:00+09:00,2705.0,2705.0,2705.0,2705.0,0,0.0,0.0
2024-06-03 09:05:00+09:00,2705.0,2720.0,2705.0,2720.0,1413,0.0,0.0
2024-06-03 09:06:00+09:00,2715.0,2720.0,2715.0,2720.0,467,0.0,0.0
2024-06-03 09:08:00+09:00,2720.0,2730.0,2720.0,2730.0,3217,0.0,0.0
2024-06-03 09:09:00+09:00,2730.0,2730.0,2725.0,2730.0,2296,0.0,0.0
2024-06-03 09:10:00+09:00,2725.0,2735.0,2725.0,2730.0,437,0.0,0.0
2024-06-03 09:11:00+09:00,2730.0,2735.0,2730.0,2730.0,0,0.0,0.0
2024-06-03 09:12:00+09:00,2730.0,2735.0,2730.0,2730.0,1037,0.0,0.0
2024-06-03 09:13:00+09:00,2725.0,2730.0,2725.0,2730.0,2357,0.0,0.0
2024-06-03 09:14:00+09:00,2725.0,2725.0,2720.0,2720.0,17,0.0,0.0
2024-06-03 09:15:00+09:00,2720.0,2730.0,2720.0,2730.0,6430,0.0,0.0
2024-06-03 09:16:00+09:00,2730.0,2730.0,2730.0,2730.0,432,0.0,0.0
2024-06-03 09:17:00+09:00,2730.0,2735.0,2730.0,2735.0,80,0.0,0.0
2024-06-03 09:19:00+09:00,2730.0,2730.0,2730.0,2730.0,175,0.0,0.0
2024-06-03 09:20:00+09:00,2730.0,2730.0,2730.0,2730.0,52,0.0,0.0
2024-06-03 09:21:00+09:00,2730.0,2735.0,2725.0,2725.0,2477,0.0,0.0
2024-06-03 09:22:00+09:00,2735.0,2735.0,2735.0,2735.0,505,0.0,0.0
2024-06-03 09:23:00+09:00,2735.0,2735.0,2735.0,2735.0,0,0.0,0.0
2024-06-03 09:24:00+09:00,2735.0,2735.0,2735.0,2735.0,365,0.0,0.0
2024-06-03 09:25:00+09:00,2735.0,2735.0,2735.0,2735.0,0,0.0,0.0
2024-06-03 09:30:00+09:00,2735.0,2735.0,2735.0,2735.0,726,0.0,0.0
2024-06-03 09:31:00+09:00,2730.0,2735.0,2730.0,2735.0,0,0.0,0.0
2024-06-03 09:32:00+09:00,2735.0,2735.0,2735.0,2735.0,4,0.0,0.0
2024-06-03 09:33:00+09:00,2730.0,2735.0,2730.0,2735.0,968,0.0,0.0
2024-06-03 09:34:00+09:00,2730.0,2735.0,2730.0,2735.0,651,0.0,0.0
2024-06-03 09:35:00+09:00,2730.0,2735.0,2730.0,2730.0,837,0.0,0.0
2024-06-03 09:36:00+09:00,2730.0,2730.0,2725.0,2725.0,1722,0.0,0.0
2024-06-03 09:37:00+09:00,2725.0,2730.0,2725.0,2730.0,5721,0.0,0.0
2024-06-03 09:38:00+09:00,2730.0,2735.0,2730.0,2735.0,713,0.0,0.0
2024-06-03 09:39:00+09:00,2735.0,2735.0,2735.0,2735.0,0,0.0,0.0
2024-06-03 09:42:00+09:00,2735.0,2735.0,2730.0,2735.0,985,0.0,0.0
2024-06-03 09:44:00+09:00,2730.0,2735.0,2730.0,2735.0,403,0.0,0.0
2024-06-03 09:45:00+09:00,2730.0,2730.0,2730.0,2730.0,1211,0.0,0.0
2024-06-03 09:46:00+09:00,2730.0,2730.0,2730.0,2730.0,0,0.0,0.0
2024-06-03 09:47:00+09:00,2725.0,2735.0,2720.0,2735.0,486,0.0,0.0
2024-06-03 09:49:00+09:00,2720.0,2730.0,2720.0,2730.0,3,0.0,0.0
2024-06-03 09:50:00+09:00,2730.0,2730.0,2730.0,2730.0,210,0.0,0.0
2024-06-03 09:52:00+09:00,2730.0,2730.0,2730.0,2730.0,146,0.0,0.0
2024-06-03 09:53:00+09:00,2730.0,2730.0,2730.0,2730.0,32,0.0,0.0
2024-06-03 09:57:00+09:00,2720.0,2730.0,2720.0,2720.0,2695,0.0,0.0
2024-06-03 09:58:00+09:00,2730.0,2730.0,2730.0,2730.0,0,0.0,0.0
2024-06-03 09:59:00+09:00,2730.0,2730.0,2730.0,2730.0,84,0.0,0.0
2024-06-03 10:02:00+09:00,2730.0,2730.0,2730.0,2730.0,101,0.0,0.0
2024-06-03 10:04:00+09:00,2730.0,2730.0,2730.0,2730.0,1,0.0,0.0
2024-06-03 10:07:00+09:00,2730.0,2730.0,2730.0,2730.0,2,0.0,0.0
2024-06-03 10:08:00+09:00,2730.0,2730.0,2730.0,2730.0,299,0.0,0.0
2024-06-03 10:10:00+09:00,2725.0,2725.0,2725.0,2725.0,104,0.0,0.0
2024-06-03 10:11:00+09:00,2720.0,2720.0,2720.0,2720.0,1,0.0,0.0
2024-06-03 10:12:00+09:00,2725.0,2725.0,2725.0,2725.0,2,0.0,0.0
2024-06-03 10:13:00+09:00,2725.0,2725.0,2725.0,2725.0,1,0.0,0.0
2024-06-03 10:15:00+09:00,2725.0,2725.0,2725.0,2725.0,2,0.0,0.0
2024-06-03 10:17:00+09:00,2720.0,2725.0,2720.0,2725.0,37,0.0,0.0
2024-06-03 10:18:00+09:00,2730.0,2730.0,2725.0,2725.0,771,0.0,0.0
2024-06-03 10:19:00+09:00,2725.0,2730.0,2725.0,2730.0,0,0.0,0.0
2024-06-03 10:20:00+09:00,2730.0,2730.0,2730.0,2730.0,24,0.0,0.0
2024-06-03 10:21:00+09:00,2730.0,2730.0,2725.0,2725.0,379,0.0,0.0
2024-06-03 10:22:00+09:00,2725.0,2725.0,2725.0,2725.0,0,0.0,0.0
2024-06-03 10:24:00+09:00,2720.0,2725.0,2720.0,2725.0,123,0.0,0.0
2024-06-03 10:25:00+09:00,2725.0,2725.0,2725.0,2725.0,9,0.0,0.0
2024-06-03 10:27:00+09:00,2720.0,2725.0,2720.0,2725.0,61,0.0,0.0
2024-06-03 10:28:00+09:00,2730.0,2730.0,2730.0,2730.0,1,0.0,0.0
2024-06-03 10:30:00+09:00,2730.0,2730.0,2730.0,2730.0,92,0.0,0.0
2024-06-03 10:32:00+09:00,2730.0,2730.0,2730.0,2730.0,2,0.0,0.0
2024-06-03 10:33:00+09:00,2725.0,2730.0,2725.0,2730.0,45,0.0,0.0
2024-06-03 10:34:00+09:00,2725.0,2730.0,2725.0,2730.0,531,0.0,0.0
2024-06-03 10:36:00+09:00,2725.0,2725.0,2720.0,2720.0,879,0.0,0.0
2024-06-03 10:37:00+09:00,2730.0,2730.0,2730.0,2730.0,0,0.0,0.0
2024-06-03 10:38:00+09:00,2720.0,2730.0,2720.0,2730.0,201,0.0,0.0
2024-06-03 10:39:00+09:00,2725.0,2725.0,2725.0,2725.0,1,0.0,0.0
2024-06-03 10:43:00+09:00,2720.0,2720.0,2720.0,2720.0,1999,0.0,0.0
2024-06-03 10:44:00+09:00,2725.0,2725.0,2725.0,2725.0,0,0.0,0.0
2024-06-03 10:50:00+09:00,2720.0,2720.0,2720.0,2720.0,218,0.0,0.0
2024-06-03 10:51:00+09:00,2725.0,2725.0,2725.0,2725.0,0,0.0,0.0
2024-06-03 10:54:00+09:00,2725.0,2725.0,2725.0,2725.0,1894,0.0,0.0
2024-06-03 10:55:00+09:00,2730.0,2730.0,2730.0,2730.0,0,0.0,0.0
2024-06-03 10:57:00+09:00,2725.0,2725.0,2725.0,2725.0,387,0.0,0.0
2024-06-03 10:58:00+09:00,2725.0,2725.0,2725.0,2725.0,0,0.0,0.0
2024-06-03 11:01:00+09:00,2720.0,2725.0,2720.0,2725.0,2000,0.0,0.0
2024-06-03 11:02:00+09:00,2720.0,2725.0,2720.0,2725.0,119,0.0,0.0
2024-06-03 11:04:00+09:00,2720.0,2720.0,2720.0,2720.0,43,0.0,0.0
2024-06-03 11:05:00+09:00,2720.0,2725.0,2720.0,2725.0,0,0.0,0.0
2024-06-03 11:07:00+09:00,2725.0,2725.0,2725.0,2725.0,1199,0.0,0.0
2024-06-03 11:08:00+09:00,2725.0,2725.0,2725.0,2725.0,0,0.0,0.0
2024-06-03 11:12:00+09:00,2720.0,2720.0,2715.0,2715.0,1405,0.0,0.0
2024-06-03 11:13:00+09:00,2715.0,2715.0,2715.0,2715.0,0,0.0,0.0
2024-06-03 11:14:00+09:00,2725.0,2725.0,2725.0,2725.0,0,0.0,0.0
2024-06-03 11:28:00+09:00,2720.0,2720.0,2720.0,2720.0,41,0.0,0.0
2024-06-03 11:31:00+09:00,2715.0,2720.0,2715.0,2720.0,1030,0.0,0.0
2024-06-03 11:32:00+09:00,2720.0,2720.0,2720.0,2720.0,0,0.0,0.0
2024-06-03 11:34:00+09:00,2715.0,2715.0,2715.0,2715.0,2,0.0,0.0
2024-06-03 11:35:00+09:00,2715.0,2720.0,2715.0,2720.0,24,0.0,0.0
2024-06-03 11:36:00+09:00,2720.0,2720.0,2720.0,2720.0,59,0.0,0.0
2024-06-03 11:37:00+09:00,2720.0,2720.0,2720.0,2720.0,2,0.0,0.0
2024-06-03 11:39:00+09:00,2715.0,2720.0,2710.0,2710.0,177,0.0,0.0
2024-06-03 11:40:00+09:00,2720.0,2720.0,2720.0,2720.0,0,0.0,0.0
2024-06-03 11:48:00+09:00,2720.0,2720.0,2720.0,2720.0,2,0.0,0.0
2024-06-03 11:49:00+09:00,2710.0,2710.0,2675.0,2705.0,9425,0.0,0.0
2024-06-03 11:52:00+09:00,2720.0,2720.0,2720.0,2720.0,2,0.0,0.0
2024-06-03 11:56:00+09:00,2720.0,2720.0,2720.0,2720.0,9,0.0,0.0
2024-06-03 11:58:00+09:00,2710.0,2710.0,2710.0,2710.0,595,0.0,0.0
2024-06-03 12:00:00+09:00,2720.0,2720.0,2720.0,2720.0,0,0.0,0.0
2024-06-03 12:06:00+09:00,2715.0,2715.0,2715.0,2715.0,1049,0.0,0.0
2024-06-03 12:07:00+09:00,2715.0,2715.0,2710.0,2710.0,554,0.0,0.0
2024-06-03 12:10:00+09:00,2725.0,2725.0,2725.0,2725.0,0,0.0,0.0
2024-06-03 12:19:00+09:00,2715.0,2715.0,2715.0,2715.0,108,0.0,0.0
2024-06-03 12:32:00+09:00,2710.0,2710.0,2710.0,2710.0,2,0.0,0.0
2024-06-03 12:37:00+09:00,2715.0,2715.0,2715.0,2715.0,1,0.0,0.0
2024-06-03 12:42:00+09:00,2715.0,2715.0,2715.0,2715.0,1,0.0,0.0
2024-06-03 12:45:00+09:00,2715.0,2715.0,2715.0,2715.0,323,0.0,0.0
2024-06-03 12:49:00+09:00,2710.0,2715.0,2710.0,2715.0,12,0.0,0.0
2024-06-03 12:51:00+09:00,2710.0,2710.0,2710.0,2710.0,55,0.0,0.0
2024-06-03 12:54:00+09:00,2710.0,2710.0,2710.0,2710.0,301,0.0,0.0
2024-06-03 12:55:00+09:00,2710.0,2710.0,2710.0,2710.0,0,0.0,0.0
2024-06-03 12:57:00+09:00,2710.0,2715.0,2710.0,2715.0,1167,0.0,0.0
2024-06-03 13:02:00+09:00,2710.0,2710.0,2710.0,2710.0,59,0.0,0.0
2024-06-03 13:03:00+09:00,2715.0,2715.0,2715.0,2715.0,2,0.0,0.0
2024-06-03 13:17:00+09:00,2715.0,2715.0,2715.0,2715.0,1,0.0,0.0
2024-06-03 13:18:00+09:00,2710.0,2710.0,2710.0,2710.0,27,0.0,0.0
2024-06-03 13:19:00+09:00,2715.0,2715.0,2715.0,2715.0,0,0.0,0.0
2024-06-03 13:24:00+09:00,2710.0,2710.0,2710.0,2710.0,202,0.0,0.0
2024-06-03 13:25:00+09:00,2715.0,2715.0,2715.0,2715.0,0,0.0,0.0
2024-06-03 13:34:00+09:00,2715.0,2715.0,2715.0,2715.0,100,0.0,0.0
2024-06-03 13:38:00+09:00,2710.0,2710.0,2710.0,2710.0,1125,0.0,0.0
2024-06-03 13:39:00+09:00,2715.0,2715.0,2715.0,2715.0,0,0.0,0.0
2024-06-03 13:41:00+09:00,2710.0,2710.0,2705.0,2705.0,37,0.0,0.0
2024-06-03 13:45:00+09:00,2705.0,2705.0,2705.0,2705.0,1636,0.0,0.0
2024-06-03 13:46:00+09:00,2715.0,2715.0,2715.0,2715.0,0,0.0,0.0
2024-06-03 13:49:00+09:00,2715.0,2715.0,2715.0,2715.0,20,0.0,0.0
2024-06-03 14:00:00+09:00,2715.0,2715.0,2715.0,2715.0,56,0.0,0.0
2024-06-03 14:15:00+09:00,2710.0,2710.0,2710.0,2710.0,3265,0.0,0.0
2024-06-03 14:17:00+09:00,2715.0,2715.0,2715.0,2715.0,0,0.0,0.0
2024-06-03 14:19:00+09:00,2715.0,2715.0,2715.0,2715.0,2,0.0,0.0
2024-06-03 14:20:00+09:00,2715.0,2715.0,2710.0,2715.0,4088,0.0,0.0
2024-06-03 14:21:00+09:00,2720.0,2720.0,2720.0,2720.0,0,0.0,0.0
2024-06-03 14:22:00+09:00,2720.0,2720.0,2715.0,2715.0,549,0.0,0.0
2024-06-03 14:25:00+09:00,2715.0,2720.0,2715.0,2720.0,0,0.0,0.0
2024-06-03 14:28:00+09:00,2720.0,2720.0,2720.0,2720.0,1849,0.0,0.0
2024-06-03 14:34:00+09:00,2720.0,2720.0,2720.0,2720.0,161,0.0,0.0
2024-06-03 14:36:00+09:00,2720.0,2720.0,2720.0,2720.0,96,0.0,0.0
2024-06-03 14:37:00+09:00,2725.0,2725.0,2725.0,2725.0,0,0.0,0.0
2024-06-03 14:40:00+09:00,2720.0,2720.0,2720.0,2720.0,1,0.0,0.0
2024-06-03 14:43:00+09:00,2720.0,2725.0,2720.0,2725.0,2,0.0,0.0
2024-06-03 14:46:00+09:00,2720.0,2725.0,2720.0,2725.0,61,0.0,0.0
2024-06-03 14:48:00+09:00,2725.0,2725.0,2725.0,2725.0,192,0.0,0.0
2024-06-03 14:49:00+09:00,2720.0,2720.0,2720.0,2720.0,0,0.0,0.0
2024-06-03 14:54:00+09:00,2720.0,2720.0,2720.0,2720.0,2,0.0,0.0
2024-06-03 14:57:00+09:00,2720.0,2720.0,2715.0,2715.0,630,0.0,0.0
2024-06-03 14:58:00+09:00,2720.0,2720.0,2720.0,2720.0,0,0.0,0.0
2024-06-03 14:59:00+09:00,2720.0,2720.0,2720.0,2720.0,291,0.0,0.0
2024-06-04 09:00:00+09:00,2695.0,2725.0,2695.0,2725.0,3949,0.0,0.0
2024-06-04 09:01:00+09:00,2720.0,2720.0,2720.0,2720.0,219,0.0,0.0
2024-06-04 09:03:00+09:00,2710.0,2715.0,2710.0,2715.0,32,0.0,0.0
2024-06-04 09:04:00+09:00,2710.0,2710.0,2710.0,2710.0,15,0.0,0.0
2024-06-04 09:05:00+09:00,2705.0,2710.0,2690.0,2710.0,1694,0.0,0.0
2024-06-04 09:06:00+09:00,2710.0,2710.0,2710.0,2710.0,333,0.0,0.0
2024-06-04 09:07:00+09:00,2705.0,2710.0,2700.0,2710.0,93,0.0,0.0
2024-06-04 09:08:00+09:00,2710.0,2715.0,2710.0,2715.0,17,0.0,0.0
2024-06-04 09:10:00+09:00,2715.0,2715.0,2710.0,2715.0,273,0.0,0.0
2024-06-04 09:11:00+09:00,2715.0,2715.0,2715.0,2715.0,189,0.0,0.0
2024-06-04 09:12:00+09:00,2715.0,2720.0,2715.0,2720.0,96,0.0,0.0
2024-06-04 09:13:00+09:00,2715.0,2715.0,2710.0,2715.0,477,0.0,0.0
2024-06-04 09:14:00+09:00,2715.0,2720.0,2715.0,2720.0,94,0.0,0.0
2024-06-04 09:15:00+09:00,2715.0,2715.0,2710.0,2715.0,41,0.0,0.0
2024-06-04 09:16:00+09:00,2710.0,2715.0,2710.0,2715.0,391,0.0,0.0
2024-06-04 09:17:00+09:00,2715.0,2715.0,2715.0,2715.0,100,0.0,0.0
2024-06-04 09:18:00+09:00,2715.0,2715.0,2715.0,2715.0,50,0.0,0.0
2024-06-04 09:19:00+09:00,2710.0,2715.0,2705.0,2710.0,946,0.0,0.0
2024-06-04 09:20:00+09:00,2710.0,2710.0,2700.0,2705.0,1801,0.0,0.0
2024-06-04 09:22:00+09:00,2700.0,2705.0,2700.0,2705.0,1201,0.0,0.0
2024-06-04 09:23:00+09:00,2705.0,2705.0,2705.0,2705.0,99,0.0,0.0
2024-06-04 09:25:00+09:00,2705.0,2720.0,2705.0,2720.0,172,0.0,0.0
2024-06-04 09:26:00+09:00,2710.0,2720.0,2710.0,2720.0,4,0.0,0.0
2024-06-04 09:27:00+09:00,2710.0,2710.0,2710.0,2710.0,31,0.0,0.0
2024-06-04 09:28:00+09:00,2705.0,2705.0,2705.0,2705.0,1381,0.0,0.0
2024-06-04 09:30:00+09:00,2705.0,2705.0,2705.0,2705.0,0,0.0,0.0
2024-06-04 09:32:00+09:00,2705.0,2720.0,2705.0,2720.0,190,0.0,0.0
2024-06-04 09:35:00+09:00,2720.0,2720.0,2720.0,2720.0,4761,0.0,0.0
2024-06-04 09:38:00+09:00,2710.0,2720.0,2710.0,2720.0,151,0.0,0.0
2024-06-04 09:39:00+09:00,2720.0,2720.0,2720.0,2720.0,0,0.0,0.0
2024-06-04 09:40:00+09:00,2710.0,2715.0,2710.0,2710.0,611,0.0,0.0
2024-06-04 09:41:00+09:00,2715.0,2720.0,2715.0,2720.0,0,0.0,0.0
2024-06-04 09:44:00+09:00,2720.0,2720.0,2720.0,2720.0,99,0.0,0.0
2024-06-04 09:48:00+09:00,2720.0,2720.0,2720.0,2720.0,37,0.0,0.0
2024-06-04 09:52:00+09:00,2715.0,2715.0,2715.0,2715.0,100,0.0,0.0
2024-06-04 09:53:00+09:00,2715.0,2720.0,2705.0,2720.0,406,0.0,0.0
2024-06-04 09:56:00+09:00,2720.0,2720.0,2720.0,2720.0,401,0.0,0.0
2024-06-04 09:58:00+09:00,2720.0,2720.0,2720.0,2720.0,919,0.0,0.0
2024-06-04 10:00:00+09:00,2720.0,2720.0,2720.0,2720.0,0,0.0,0.0
2024-06-04 10:02:00+09:00,2720.0,2720.0,2720.0,2720.0,0,0.0,0.0
2024-06-04 10:05:00+09:00,2720.0,2720.0,2720.0,2720.0,1,0.0,0.0
2024-06-04 10:08:00+09:00,2715.0,2720.0,2715.0,2720.0,5,0.0,0.0
2024-06-04 10:09:00+09:00,2720.0,2720.0,2720.0,2720.0,359,0.0,0.0
2024-06-04 10:10:00+09:00,2720.0,2720.0,2720.0,2720.0,291,0.0,0.0
2024-06-04 10:11:00+09:00,2715.0,2720.0,2710.0,2710.0,453,0.0,0.0
2024-06-04 10:12:00+09:00,2710.0,2710.0,2710.0,2710.0,1406,0.0,0.0
2024-06-04 10:13:00+09:00,2705.0,2710.0,2705.0,2710.0,554,0.0,0.0
2024-06-04 10:14:00+09:00,2720.0,2720.0,2710.0,2715.0,62,0.0,0.0
2024-06-04 10:15:00+09:00,2715.0,2715.0,2715.0,2715.0,105,0.0,0.0
2024-06-04 10:21:00+09:00,2710.0,2710.0,2710.0,2710.0,5,0.0,0.0
2024-06-04 10:22:00+09:00,2705.0,2705.0,2705.0,2705.0,160,0.0,0.0
2024-06-04 10:23:00+09:00,2710.0,2710.0,2710.0,2710.0,0,0.0,0.0
2024-06-04 10:25:00+09:00,2705.0,2710.0,2705.0,2710.0,608,0.0,0.0
2024-06-04 10:28:00+09:00,2710.0,2710.0,2710.0,2710.0,159,0.0,0.0
2024-06-04 10:29:00+09:00,2710.0,2710.0,2710.0,2710.0,0,0.0,0.0
2024-06-04 10:34:00+09:00,2710.0,2710.0,2710.0,2710.0,40,0.0,0.0
2024-06-04 10:39:00+09:00,2705.0,2705.0,2705.0,2705.0,656,0.0,0.0
2024-06-04 10:40:00+09:00,2705.0,2705.0,2705.0,2705.0,0,0.0,0.0
2024-06-04 10:42:00+09:00,2705.0,2705.0,2705.0,2705.0,185,0.0,0.0
2024-06-04 10:43:00+09:00,2710.0,2710.0,2710.0,2710.0,139,0.0,0.0
2024-06-04 10:44:00+09:00,2705.0,2705.0,2705.0,2705.0,2666,0.0,0.0
2024-06-04 10:45:00+09:00,2710.0,2710.0,2710.0,2710.0,0,0.0,0.0
2024-06-04 10:46:00+09:00,2710.0,2715.0,2710.0,2715.0,65,0.0,0.0
2024-06-04 10:51:00+09:00,2705.0,2705.0,2705.0,2705.0,39,0.0,0.0
2024-06-04 10:57:00+09:00,2715.0,2715.0,2715.0,2715.0,0,0.0,0.0
2024-06-04 11:00:00+09:00,2710.0,2710.0,2705.0,2705.0,2013,0.0,0.0
2024-06-04 11:01:00+09:00,2705.0,2705.0,2705.0,2705.0,0,0.0,0.0
2024-06-04 11:02:00+09:00,2700.0,2700.0,2700.0,2700.0,3173,0.0,0.0
2024-06-04 11:03:00+09:00,2695.0,2695.0,2690.0,2690.0,1650,0.0,0.0
2024-06-04 11:04:00+09:00,2690.0,2690.0,2690.0,2690.0,1181,0.0,0.0
2024-06-04 11:05:00+09:00,2700.0,2700.0,2700.0,2700.0,0,0.0,0.0
2024-06-04 11:06:00+09:00,2700.0,2700.0,2700.0,2700.0,1102,0.0,0.0
2024-06-04 11:07:00+09:00,2700.0,2700.0,2700.0,2700.0,0,0.0,0.0
2024-06-04 11:11:00+09:00,2700.0,2700.0,2700.0,2700.0,0,0.0,0.0
2024-06-04 11:14:00+09:00,2690.0,2700.0,2685.0,2700.0,2082,0.0,0.0
2024-06-04 11:15:00+09:00,2685.0,2725.0,2680.0,2725.0,22628,0.0,0.0
2024-06-04 11:16:00+09:00,2700.0,2700.0,2685.0,2700.0,2646,0.0,0.0
2024-06-04 11:21:00+09:00,2700.0,2700.0,2700.0,2700.0,0,0.0,0.0
2024-06-04 11:24:00+09:00,2695.0,2700.0,2695.0,2700.0,304,0.0,0.0
2024-06-04 11:25:00+09:00,2690.0,2690.0,2690.0,2690.0,19,0.0,0.0
2024-06-04 11:27:00+09:00,2700.0,2700.0,2700.0,2700.0,10,0.0,0.0
2024-06-04 11:28:00+09:00,2700.0,2700.0,2700.0,2700.0,0,0.0,0.0
2024-06-04 11:29:00+09:00,2700.0,2700.0,2700.0,2700.0,73,0.0,0.0
2024-06-04 11:30:00+09:00,2700.0,2700.0,2700.0,2700.0,0,0.0,0.0
2024-06-04 11:32:00+09:00,2695.0,2700.0,2695.0,2700.0,201,0.0,0.0
2024-06-04 11:41:00+09:00,2695.0,2700.0,2695.0,2700.0,101,0.0,0.0
2024-06-04 11:42:00+09:00,2700.0,2700.0,2700.0,2700.0,856,0.0,0.0
2024-06-04 11:45:00+09:00,2700.0,2720.0,2700.0,2720.0,2303,0.0,0.0
2024-06-04 11:47:00+09:00,2715.0,2715.0,2715.0,2715.0,103,0.0,0.0
2024-06-04 11:48:00+09:00,2715.0,2715.0,2715.0,2715.0,50,0.0,0.0
2024-06-04 11:49:00+09:00,2715.0,2715.0,2715.0,2715.0,0,0.0,0.0
2024-06-04 11:54:00+09:00,2715.0,2715.0,2715.0,2715.0,4,0.0,0.0
2024-06-04 11:56:00+09:00,2715.0,2715.0,2715.0,2715.0,0,0.0,0.0
2024-06-04 12:01:00+09:00,2715.0,2715.0,2715.0,2715.0,55,0.0,0.0
2024-06-04 12:04:00+09:00,2715.0,2715.0,2715.0,2715.0,1036,0.0,0.0
2024-06-04 12:05:00+09:00,2720.0,2720.0,2685.0,2705.0,3297,0.0,0.0
2024-06-04 12:06:00+09:00,2700.0,2700.0,2700.0,2700.0,20,0.0,0.0
2024-06-04 12:09:00+09:00,2700.0,2700.0,2700.0,2700.0,6,0.0,0.0
2024-06-04 12:10:00+09:00,2700.0,2700.0,2700.0,2700.0,696,0.0,0.0
2024-06-04 12:11:00+09:00,2715.0,2715.0,2715.0,2715.0,0,0.0,0.0
2024-06-04 12:19:00+09:00,2715.0,2715.0,2715.0,2715.0,3,0.0,0.0
2024-06-04 12:24:00+09:00,2715.0,2715.0,2715.0,2715.0,74,0.0,0.0
2024-06-04 12:25:00+09:00,2710.0,2715.0,2710.0,2715.0,55,0.0,0.0
2024-06-04 12:30:00+09:00,2715.0,2715.0,2715.0,2715.0,0,0.0,0.0
2024-06-04 12:36:00+09:00,2710.0,2710.0,2710.0,2710.0,98,0.0,0.0
2024-06-04 12:37:00+09:00,2705.0,2710.0,2705.0,2710.0,0,0.0,0.0
2024-06-04 12:40:00+09:00,2700.0,2710.0,2700.0,2700.0,428,0.0,0.0
2024-06-04 12:41:00+09:00,2710.0,2710.0,2710.0,2710.0,0,0.0,0.0
2024-06-04 12:43:00+09:00,2710.0,2710.0,2710.0,2710.0,0,0.0,0.0
2024-06-04 12:46:00+09:00,2700.0,2700.0,2700.0,2700.0,3,0.0,0.0
2024-06-04 12:47:00+09:00,2710.0,2710.0,2710.0,2710.0,597,0.0,0.0
2024-06-04 12:48:00+09:00,2715.0,2715.0,2710.0,2710.0,0,0.0,0.0
2024-06-04 12:49:00+09:00,2710.0,2715.0,2710.0,2715.0,152,0.0,0.0
2024-06-04 12:50:00+09:00,2715.0,2715.0,2715.0,2715.0,200,0.0,0.0
2024-06-04 12:53:00+09:00,2710.0,2710.0,2710.0,2710.0,200,0.0,0.0
2024-06-04 12:55:00+09:00,2715.0,2715.0,2715.0,2715.0,0,0.0,0.0
2024-06-04 12:56:00+09:00,2715.0,2715.0,2715.0,2715.0,19,0.0,0.0
2024-06-04 12:57:00+09:00,2715.0,2715.0,2715.0,2715.0,0,0.0,0.0
2024-06-04 12:59:00+09:00,2710.0,2710.0,2710.0,2710.0,151,0.0,0.0
2024-06-04 13:00:00+09:00,2715.0,2715.0,2715.0,2715.0,19,0.0,0.0
2024-06-04 13:01:00+09:00,2710.0,2715.0,2700.0,2715.0,546,0.0,0.0
2024-06-04 13:02:00+09:00,2710.0,2710.0,2710.0,2710.0,2,0.0,0.0
2024-06-04 13:03:00+09:00,2705.0,2705.0,2705.0,2705.0,684,0.0,0.0
2024-06-04 13:04:00+09:00,2715.0,2715.0,2705.0,2715.0,177,0.0,0.0
2024-06-04 13:05:00+09:00,2715.0,2715.0,2715.0,2715.0,1,0.0,0.0
2024-06-04 13:08:00+09:00,2715.0,2715.0,2715.0,2715.0,12,0.0,0.0
2024-06-04 13:10:00+09:00,2705.0,2705.0,2705.0,2705.0,34,0.0,0.0
2024-06-04 13:11:00+09:00,2715.0,2715.0,2715.0,2715.0,0,0.0,0.0
2024-06-04 13:14:00+09:00,2715.0,2715.0,2715.0,2715.0,1,0.0,0.0
2024-06-04 13:15:00+09:00,2715.0,2715.0,2715.0,2715.0,19,0.0,0.0
2024-06-04 13:19:00+09:00,2715.0,2715.0,2715.0,2715.0,6,0.0,0.0
2024-06-04 13:20:00+09:00,2715.0,2715.0,2715.0,2715.0,17,0.0,0.0
2024-06-04 13:22:00+09:00,2715.0,2715.0,2715.0,2715.0,100,0.0,0.0
2024-06-04 13:23:00+09:00,2705.0,2705.0,2705.0,2705.0,350,0.0,0.0
2024-06-04 13:25:00+09:00,2715.0,2715.0,2715.0,2715.0,0,0.0,0.0
2024-06-04 13:28:00+09:00,2710.0,2710.0,2710.0,2710.0,0,0.0,0.0
2024-06-04 13:30:00+09:00,2710.0,2710.0,2710.0,2710.0,18,0.0,0.0
2024-06-04 13:34:00+09:00,2705.0,2715.0,2700.0,2715.0,282,0.0,0.0
2024-06-04 13:35:00+09:00,2715.0,2715.0,2715.0,2715.0,18,0.0,0.0
2024-06-04 13:40:00+09:00,2715.0,2715.0,2715.0,2715.0,38,0.0,0.0
2024-06-04 13:44:00+09:00,2705.0,2705.0,2705.0,2705.0,1,0.0,0.0
2024-06-04 13:45:00+09:00,2700.0,2715.0,2700.0,2715.0,519,0.0,0.0
2024-06-04 13:46:00+09:00,2700.0,2700.0,2700.0,2700.0,237,0.0,0.0
2024-06-04 13:47:00+09:00,2710.0,2710.0,2700.0,2710.0,1022,0.0,0.0
2024-06-04 13:48:00+09:00,2715.0,2715.0,2715.0,2715.0,1,0.0,0.0
2024-06-04 13:50:00+09:00,2715.0,2715.0,2715.0,2715.0,18,0.0,0.0
2024-06-04 13:51:00+09:00,2715.0,2715.0,2715.0,2715.0,52,0.0,0.0
2024-06-04 13:55:00+09:00,2715.0,2715.0,2715.0,2715.0,12,0.0,0.0
2024-06-04 14:00:00+09:00,2715.0,2715.0,2715.0,2715.0,0,0.0,0.0
2024-06-04 14:02:00+09:00,2710.0,2710.0,2700.0,2700.0,507,0.0,0.0
2024-06-04 14:05:00+09:00,2715.0,2715.0,2715.0,2715.0,0,0.0,0.0
2024-06-04 14:10:00+09:00,2715.0,2715.0,2715.0,2715.0,38,0.0,0.0
2024-06-04 14:15:00+09:00,2710.0,2710.0,2710.0,2710.0,19,0.0,0.0
2024-06-04 14:16:00+09:00,2700.0,2710.0,2700.0,2710.0,270,0.0,0.0
2024-06-04 14:18:00+09:00,2710.0,2710.0,2710.0,2710.0,8,0.0,0.0
2024-06-04 14:20:00+09:00,2710.0,2715.0,2710.0,2715.0,65,0.0,0.0
2024-06-04 14:21:00+09:00,2715.0,2715.0,2715.0,2715.0,211,0.0,0.0
2024-06-04 14:22:00+09:00,2715.0,2715.0,2715.0,2715.0,1790,0.0,0.0
2024-06-04 14:25:00+09:00,2715.0,2715.0,2715.0,2715.0,0,0.0,0.0
2024-06-04 14:28:00+09:00,2710.0,2710.0,2710.0,2710.0,39,0.0,0.0
2024-06-04 14:30:00+09:00,2710.0,2710.0,2710.0,2710.0,9,0.0,0.0
2024-06-04 14:31:00+09:00,2705.0,2705.0,2705.0,2705.0,481,0.0,0.0
2024-06-04 14:34:00+09:00,2705.0,2705.0,2705.0,2705.0,2,0.0,0.0
2024-06-04 14:35:00+09:00,2705.0,2705.0,2705.0,2705.0,18,0.0,0.0
2024-06-04 14:37:00+09:00,2700.0,2705.0,2700.0,2705.0,166,0.0,0.0
2024-06-04 14:38:00+09:00,2700.0,2700.0,2700.0,2700.0,69,0.0,0.0
2024-06-04 14:40:00+09:00,2705.0,2705.0,2705.0,2705.0,3,0.0,0.0
2024-06-04 14:45:00+09:00,2705.0,2705.0,2705.0,2705.0,19,0.0,0.0
2024-06-04 14:46:00+09:00,2705.0,2710.0,2705.0,2710.0,264,0.0,0.0
2024-06-04 14:50:00+09:00,2710.0,2710.0,2710.0,2710.0,19,0.0,0.0
2024-06-04 14:51:00+09:00,2705.0,2710.0,2700.0,2710.0,2002,0.0,0.0
2024-06-04 14:55:00+09:00,2710.0,2710.0,2710.0,2710.0,2567,0.0,0.0
2024-06-04 14:58:00+09:00,2705.0,2705.0,2705.0,2705.0,0,0.0,0.0
2024-06-05 09:00:00+09:00,2700.0,2715.0,2700.0,2715.0,2235,0.0,0.0
2024-06-05 09:01:00+09:00,2710.0,2715.0,2710.0,2715.0,301,0.0,0.0
2024-06-05 09:03:00+09:00,2715.0,2715.0,2715.0,2715.0,365,0.0,0.0
2024-06-05 09:04:00+09:00,2705.0,2715.0,2695.0,2715.0,262,0.0,0.0
2024-06-05 09:05:00+09:00,2715.0,2715.0,2715.0,2715.0,199,0.0,0.0
2024-06-05 09:06:00+09:00,2715.0,2715.0,2715.0,2715.0,0,0.0,0.0
2024-06-05 09:09:00+09:00,2710.0,2715.0,2705.0,2715.0,12,0.0,0.0
2024-06-05 09:10:00+09:00,2715.0,2715.0,2715.0,2715.0,461,0.0,0.0
2024-06-05 09:11:00+09:00,2715.0,2735.0,2715.0,2735.0,5203,0.0,0.0
2024-06-05 09:12:00+09:00,2730.0,2750.0,2730.0,2745.0,5522,0.0,0.0
2024-06-05 09:13:00+09:00,2735.0,2740.0,2735.0,2740.0,1204,0.0,0.0
2024-06-05 09:14:00+09:00,2720.0,2735.0,2720.0,2735.0,102,0.0,0.0
2024-06-05 09:15:00+09:00,2720.0,2735.0,2720.0,2735.0,266,0.0,0.0
2024-06-05 09:16:00+09:00,2720.0,2735.0,2720.0,2735.0,1315,0.0,0.0
2024-06-05 09:17:00+09:00,2730.0,2730.0,2720.0,2730.0,244,0.0,0.0
2024-06-05 09:18:00+09:00,2725.0,2730.0,2720.0,2730.0,383,0.0,0.0
2024-06-05 09:19:00+09:00,2725.0,2735.0,2720.0,2735.0,530,0.0,0.0
2024-06-05 09:21:00+09:00,2730.0,2730.0,2710.0,2725.0,2738,0.0,0.0
2024-06-05 09:25:00+09:00,2725.0,2730.0,2700.0,2700.0,5032,0.0,0.0
2024-06-05 09:26:00+09:00,2720.0,2720.0,2715.0,2715.0,0,0.0,0.0
2024-06-05 09:27:00+09:00,2710.0,2715.0,2710.0,2715.0,12,0.0,0.0
2024-06-05 09:30:00+09:00,2715.0,2725.0,2715.0,2725.0,249,0.0,0.0
2024-06-05 09:34:00+09:00,2720.0,2720.0,2720.0,2720.0,502,0.0,0.0
2024-06-05 09:37:00+09:00,2720.0,2720.0,2720.0,2720.0,2,0.0,0.0
2024-06-05 09:40:00+09:00,2720.0,2725.0,2720.0,2725.0,1001,0.0,0.0
2024-06-05 09:41:00+09:00,2725.0,2725.0,2725.0,2725.0,1,0.0,0.0
2024-06-05 09:46:00+09:00,2725.0,2725.0,2725.0,2725.0,14,0.0,0.0
2024-06-05 09:49:00+09:00,2720.0,2725.0,2720.0,2725.0,24,0.0,0.0
2024-06-05 09:51:00+09:00,2720.0,2725.0,2720.0,2725.0,19,0.0,0.0
2024-06-05 09:53:00+09:00,2725.0,2725.0,2725.0,2725.0,10,0.0,0.0
2024-06-05 09:56:00+09:00,2715.0,2725.0,2705.0,2725.0,9246,0.0,0.0
2024-06-05 09:58:00+09:00,2725.0,2725.0,2725.0,2725.0,25,0.0,0.0
2024-06-05 09:59:00+09:00,2725.0,2725.0,2725.0,2725.0,0,0.0,0.0
2024-06-05 10:00:00+09:00,2725.0,2725.0,2725.0,2725.0,2,0.0,0.0
2024-06-05 10:02:00+09:00,2725.0,2725.0,2725.0,2725.0,0,0.0,0.0
2024-06-05 10:05:00+09:00,2725.0,2725.0,2725.0,2725.0,1,0.0,0.0
2024-06-05 10:07:00+09:00,2725.0,2725.0,2725.0,2725.0,510,0.0,0.0
2024-06-05 10:08:00+09:00,2725.0,2725.0,2725.0,2725.0,159,0.0,0.0
2024-06-05 10:12:00+09:00,2730.0,2730.0,2730.0,2730.0,2943,0.0,0.0
2024-06-05 10:13:00+09:00,2730.0,2730.0,2730.0,2730.0,10,0.0,0.0
2024-06-05 10:17:00+09:00,2725.0,2725.0,2725.0,2725.0,6,0.0,0.0
2024-06-05 10:18:00+09:00,2730.0,2730.0,2730.0,2730.0,7002,0.0,0.0
2024-06-05 10:19:00+09:00,2735.0,2735.0,2735.0,2735.0,8,0.0,0.0
2024-06-05 10:22:00+09:00,2725.0,2735.0,2710.0,2735.0,1002,0.0,0.0
2024-06-05 10:26:00+09:00,2725.0,2725.0,2720.0,2720.0,101,0.0,0.0
2024-06-05 10:28:00+09:00,2715.0,2715.0,2715.0,2715.0,304,0.0,0.0
2024-06-05 10:32:00+09:00,2715.0,2715.0,2715.0,2715.0,4,0.0,0.0
2024-06-05 10:36:00+09:00,2715.0,2715.0,2715.0,2715.0,200,0.0,0.0
2024-06-05 10:40:00+09:00,2710.0,2715.0,2710.0,2715.0,403,0.0,0.0
2024-06-05 10:41:00+09:00,2710.0,2720.0,2710.0,2720.0,114,0.0,0.0
2024-06-05 10:44:00+09:00,2710.0,2710.0,2710.0,2710.0,199,0.0,0.0
2024-06-05 10:45:00+09:00,2720.0,2720.0,2710.0,2720.0,0,0.0,0.0
2024-06-05 10:48:00+09:00,2720.0,2720.0,2720.0,2720.0,200,0.0,0.0
2024-06-05 10:50:00+09:00,2715.0,2715.0,2715.0,2715.0,232,0.0,0.0
2024-06-05 10:51:00+09:00,2715.0,2715.0,2710.0,2710.0,0,0.0,0.0
2024-06-05 10:52:00+09:00,2715.0,2715.0,2715.0,2715.0,0,0.0,0.0
2024-06-05 10:58:00+09:00,2715.0,2715.0,2715.0,2715.0,4,0.0,0.0
2024-06-05 11:09:00+09:00,2715.0,2715.0,2715.0,2715.0,647,0.0,0.0
2024-06-05 11:10:00+09:00,2715.0,2715.0,2715.0,2715.0,0,0.0,0.0
2024-06-05 11:11:00+09:00,2710.0,2710.0,2710.0,2710.0,1044,0.0,0.0
2024-06-05 11:13:00+09:00,2710.0,2710.0,2710.0,2710.0,328,0.0,0.0
2024-06-05 11:14:00+09:00,2715.0,2715.0,2715.0,2715.0,0,0.0,0.0
2024-06-05 11:16:00+09:00,2715.0,2715.0,2715.0,2715.0,0,0.0,0.0
2024-06-05 11:17:00+09:00,2715.0,2720.0,2715.0,2720.0,82,0.0,0.0
2024-06-05 11:18:00+09:00,2720.0,2720.0,2720.0,2720.0,0,0.0,0.0
2024-06-05 11:23:00+09:00,2720.0,2720.0,2720.0,2720.0,301,0.0,0.0
2024-06-05 11:24:00+09:00,2720.0,2720.0,2720.0,2720.0,82,0.0,0.0
2024-06-05 11:27:00+09:00,2715.0,2715.0,2715.0,2715.0,909,0.0,0.0
2024-06-05 11:28:00+09:00,2720.0,2720.0,2720.0,2720.0,0,0.0,0.0
2024-06-05 11:29:00+09:00,2720.0,2720.0,2720.0,2720.0,203,0.0,0.0
2024-06-05 11:30:00+09:00,2720.0,2720.0,2720.0,2720.0,1923,0.0,0.0
2024-06-05 11:31:00+09:00,2725.0,2725.0,2725.0,2725.0,0,0.0,0.0
2024-06-05 11:32:00+09:00,2725.0,2725.0,2720.0,2720.0,283,0.0,0.0
2024-06-05 11:34:00+09:00,2720.0,2720.0,2720.0,2720.0,544,0.0,0.0
2024-06-05 11:35:00+09:00,2720.0,2725.0,2720.0,2725.0,0,0.0,0.0
2024-06-05 11:37:00+09:00,2725.0,2730.0,2725.0,2730.0,13,0.0,0.0
2024-06-05 11:39:00+09:00,2730.0,2730.0,2730.0,2730.0,397,0.0,0.0
2024-06-05 11:41:00+09:00,2730.0,2730.0,2730.0,2730.0,973,0.0,0.0
2024-06-05 11:42:00+09:00,2735.0,2735.0,2730.0,2730.0,0,0.0,0.0
2024-06-05 11:44:00+09:00,2730.0,2730.0,2730.0,2730.0,31,0.0,0.0
2024-06-05 11:45:00+09:00,2730.0,2740.0,2730.0,2735.0,2400,0.0,0.0
2024-06-05 11:46:00+09:00,2735.0,2735.0,2735.0,2735.0,1,0.0,0.0
2024-06-05 11:48:00+09:00,2735.0,2740.0,2735.0,2740.0,102,0.0,0.0
2024-06-05 11:49:00+09:00,2740.0,2740.0,2740.0,2740.0,1798,0.0,0.0
2024-06-05 11:50:00+09:00,2735.0,2740.0,2735.0,2740.0,0,0.0,0.0
2024-06-05 11:51:00+09:00,2740.0,2740.0,2740.0,2740.0,0,0.0,0.0
2024-06-05 11:54:00+09:00,2735.0,2735.0,2735.0,2735.0,29,0.0,0.0
2024-06-05 11:57:00+09:00,2730.0,2730.0,2725.0,2725.0,1187,0.0,0.0
2024-06-05 12:00:00+09:00,2725.0,2725.0,2725.0,2725.0,0,0.0,0.0
2024-06-05 12:04:00+09:00,2720.0,2720.0,2720.0,2720.0,15,0.0,0.0
2024-06-05 12:06:00+09:00,2725.0,2725.0,2725.0,2725.0,8,0.0,0.0
2024-06-05 12:08:00+09:00,2720.0,2720.0,2720.0,2720.0,248,0.0,0.0
2024-06-05 12:09:00+09:00,2720.0,2720.0,2720.0,2720.0,0,0.0,0.0
2024-06-05 12:11:00+09:00,2715.0,2720.0,2715.0,2720.0,299,0.0,0.0
2024-06-05 12:15:00+09:00,2720.0,2720.0,2720.0,2720.0,499,0.0,0.0
2024-06-05 12:17:00+09:00,2715.0,2715.0,2715.0,2715.0,170,0.0,0.0
2024-06-05 12:18:00+09:00,2720.0,2720.0,2720.0,2720.0,183,0.0,0.0
2024-06-05 12:19:00+09:00,2720.0,2725.0,2720.0,2725.0,78,0.0,0.0
2024-06-05 12:21:00+09:00,2720.0,2720.0,2720.0,2720.0,56,0.0,0.0
2024-06-05 12:23:00+09:00,2720.0,2720.0,2720.0,2720.0,94,0.0,0.0
2024-06-05 12:26:00+09:00,2720.0,2720.0,2720.0,2720.0,0,0.0,0.0
2024-06-05 12:29:00+09:00,2720.0,2720.0,2720.0,2720.0,0,0.0,0.0
2024-06-05 12:30:00+09:00,2715.0,2720.0,2715.0,2720.0,22,0.0,0.0
2024-06-05 12:32:00+09:00,2715.0,2720.0,2715.0,2720.0,161,0.0,0.0
2024-06-05 12:43:00+09:00,2720.0,2720.0,2720.0,2720.0,59,0.0,0.0
2024-06-05 12:46:00+09:00,2720.0,2720.0,2720.0,2720.0,50,0.0,0.0
2024-06-05 12:51:00+09:00,2715.0,2715.0,2715.0,2715.0,548,0.0,0.0
2024-06-05 12:57:00+09:00,2715.0,2715.0,2715.0,2715.0,0,0.0,0.0
2024-06-05 13:01:00+09:00,2715.0,2715.0,2715.0,2715.0,2,0.0,0.0
2024-06-05 13:16:00+09:00,2715.0,2715.0,2710.0,2710.0,3258,0.0,0.0
2024-06-05 13:18:00+09:00,2715.0,2715.0,2715.0,2715.0,63,0.0,0.0
2024-06-05 13:19:00+09:00,2710.0,2710.0,2710.0,2710.0,19,0.0,0.0
2024-06-05 13:20:00+09:00,2715.0,2715.0,2715.0,2715.0,0,0.0,0.0
2024-06-05 13:21:00+09:00,2715.0,2715.0,2715.0,2715.0,60,0.0,0.0
2024-06-05 13:30:00+09:00,2715.0,2715.0,2715.0,2715.0,0,0.0,0.0
2024-06-05 13:33:00+09:00,2710.0,2710.0,2710.0,2710.0,2344,0.0,0.0
2024-06-05 13:34:00+09:00,2710.0,2710.0,2710.0,2710.0,0,0.0,0.0
2024-06-05 13:35:00+09:00,2715.0,2715.0,2715.0,2715.0,0,0.0,0.0
2024-06-05 13:45:00+09:00,2715.0,2715.0,2715.0,2715.0,3,0.0,0.0
2024-06-05 13:46:00+09:00,2710.0,2715.0,2710.0,2715.0,732,0.0,0.0
2024-06-05 13:47:00+09:00,2715.0,2715.0,2715.0,2715.0,116,0.0,0.0
2024-06-05 13:48:00+09:00,2715.0,2715.0,2715.0,2715.0,13,0.0,0.0
2024-06-05 13:50:00+09:00,2710.0,2715.0,2710.0,2715.0,0,0.0,0.0
2024-06-05 13:54:00+09:00,2715.0,2715.0,2710.0,2710.0,203,0.0,0.0
2024-06-05 13:55:00+09:00,2715.0,2715.0,2715.0,2715.0,594,0.0,0.0
2024-06-05 13:58:00+09:00,2715.0,2715.0,2715.0,2715.0,3,0.0,0.0
2024-06-05 13:59:00+09:00,2715.0,2720.0,2715.0,2720.0,0,0.0,0.0
2024-06-05 14:23:00+09:00,2715.0,2715.0,2715.0,2715.0,0,0.0,0.0
2024-06-05 14:29:00+09:00,2710.0,2715.0,2710.0,2715.0,2752,0.0,0.0
2024-06-05 14:30:00+09:00,2715.0,2715.0,2715.0,2715.0,0,0.0,0.0
2024-06-05 14:33:00+09:00,2715.0,2715.0,2715.0,2715.0,20,0.0,0.0
2024-06-05 14:35:00+09:00,2715.0,2715.0,2715.0,2715.0,30,0.0,0.0
2024-06-05 14:50:00+09:00,2715.0,2715.0,2715.0,2715.0,80,0.0,0.0
2024-06-05 14:53:00+09:00,2715.0,2715.0,2715.0,2715.0,162,0.0,0.0
2024-06-05 14:54:00+09:00,2715.0,2715.0,2715.0,2715.0,119,0.0,0.0
2024-06-05 14:56:00+09:00,2715.0,2715.0,2715.0,2715.0,100,0.0,0.0
2024-06-05 14:57:00+09:00,2715.0,2715.0,2715.0,2715.0,0,0.0,0.0
2024-06-05 14:58:00+09:00,2715.0,2715.0,2715.0,2715.0,146,0.0,0.0
2024-06-07 09:00:00+09:00,2705.0,2720.0,2705.0,2720.0,0,0.0,0.0
2024-06-07 09:01:00+09:00,2720.0,2725.0,2720.0,2725.0,2548,0.0,0.0
2024-06-07 09:02:00+09:00,2710.0,2720.0,2710.0,2720.0,500,0.0,0.0
2024-06-07 09:04:00+09:00,2715.0,2720.0,2715.0,2720.0,1664,0.0,0.0
2024-06-07 09:05:00+09:00,2720.0,2720.0,2720.0,2720.0,100,0.0,0.0
2024-06-07 09:06:00+09:00,2720.0,2720.0,2720.0,2720.0,0,0.0,0.0
2024-06-07 09:08:00+09:00,2715.0,2720.0,2715.0,2715.0,1347,0.0,0.0
2024-06-07 09:09:00+09:00,2710.0,2715.0,2710.0,2715.0,324,0.0,0.0
2024-06-07 09:10:00+09:00,2715.0,2715.0,2715.0,2715.0,1,0.0,0.0
2024-06-07 09:12:00+09:00,2715.0,2720.0,2715.0,2720.0,1188,0.0,0.0
2024-06-07 09:14:00+09:00,2710.0,2720.0,2710.0,2720.0,501,0.0,0.0
2024-06-07 09:16:00+09:00,2710.0,2720.0,2710.0,2720.0,501,0.0,0.0
2024-06-07 09:17:00+09:00,2720.0,2720.0,2720.0,2720.0,0,0.0,0.0
2024-06-07 09:22:00+09:00,2705.0,2705.0,2705.0,2705.0,715,0.0,0.0
2024-06-07 09:23:00+09:00,2720.0,2720.0,2720.0,2720.0,2,0.0,0.0
2024-06-07 09:28:00+09:00,2715.0,2715.0,2715.0,2715.0,0,0.0,0.0
2024-06-07 09:33:00+09:00,2710.0,2710.0,2710.0,2710.0,661,0.0,0.0
2024-06-07 09:34:00+09:00,2710.0,2710.0,2710.0,2710.0,9,0.0,0.0
2024-06-07 09:37:00+09:00,2710.0,2710.0,2710.0,2710.0,1080,0.0,0.0
2024-06-07 09:42:00+09:00,2710.0,2710.0,2710.0,2710.0,0,0.0,0.0
2024-06-07 09:43:00+09:00,2710.0,2710.0,2710.0,2710.0,26,0.0,0.0
2024-06-07 09:48:00+09:00,2710.0,2710.0,2710.0,2710.0,13,0.0,0.0
2024-06-07 09:57:00+09:00,2710.0,2710.0,2710.0,2710.0,3,0.0,0.0
2024-06-07 09:58:00+09:00,2710.0,2710.0,2710.0,2710.0,2,0.0,0.0
2024-06-07 09:59:00+09:00,2710.0,2710.0,2710.0,2710.0,23,0.0,0.0
2024-06-07 10:00:00+09:00,2710.0,2710.0,2710.0,2710.0,0,0.0,0.0
2024-06-07 10:01:00+09:00,2705.0,2705.0,2705.0,2705.0,2567,0.0,0.0
2024-06-07 10:02:00+09:00,2710.0,2710.0,2710.0,2710.0,0,0.0,0.0
2024-06-07 10:04:00+09:00,2705.0,2705.0,2705.0,2705.0,904,0.0,0.0
2024-06-07 10:05:00+09:00,2705.0,2710.0,2705.0,2710.0,0,0.0,0.0
2024-06-07 10:07:00+09:00,2710.0,2710.0,2705.0,2705.0,1676,0.0,0.0
2024-06-07 10:10:00+09:00,2700.0,2700.0,2700.0,2700.0,778,0.0,0.0
2024-06-07 10:11:00+09:00,2705.0,2705.0,2700.0,2700.0,0,0.0,0.0
2024-06-07 10:12:00+09:00,2705.0,2705.0,2705.0,2705.0,0,0.0,0.0
2024-06-07 10:18:00+09:00,2695.0,2695.0,2695.0,2695.0,200,0.0,0.0
2024-06-07 10:19:00+09:00,2695.0,2695.0,2695.0,2695.0,0,0.0,0.0
2024-06-07 10:20:00+09:00,2705.0,2705.0,2705.0,2705.0,0,0.0,0.0
2024-06-07 10:23:00+09:00,2695.0,2695.0,2695.0,2695.0,188,0.0,0.0
2024-06-07 10:24:00+09:00,2705.0,2705.0,2705.0,2705.0,0,0.0,0.0
2024-06-07 10:26:00+09:00,2700.0,2700.0,2700.0,2700.0,73,0.0,0.0
2024-06-07 10:27:00+09:00,2700.0,2700.0,2700.0,2700.0,0,0.0,0.0
2024-06-07 10:28:00+09:00,2695.0,2700.0,2695.0,2700.0,5,0.0,0.0
2024-06-07 10:29:00+09:00,2700.0,2700.0,2695.0,2695.0,390,0.0,0.0
2024-06-07 10:31:00+09:00,2695.0,2695.0,2690.0,2690.0,290,0.0,0.0
2024-06-07 10:32:00+09:00,2690.0,2700.0,2690.0,2700.0,1000,0.0,0.0
2024-06-07 10:33:00+09:00,2700.0,2700.0,2700.0,2700.0,10,0.0,0.0
2024-06-07 10:35:00+09:00,2700.0,2700.0,2700.0,2700.0,0,0.0,0.0
2024-06-07 10:37:00+09:00,2690.0,2690.0,2690.0,2690.0,464,0.0,0.0
2024-06-07 10:38:00+09:00,2700.0,2700.0,2700.0,2700.0,0,0.0,0.0
2024-06-07 10:40:00+09:00,2700.0,2700.0,2690.0,2690.0,2896,0.0,0.0
2024-06-07 10:41:00+09:00,2700.0,2700.0,2700.0,2700.0,0,0.0,0.0
2024-06-07 10:46:00+09:00,2690.0,2690.0,2690.0,2690.0,102,0.0,0.0
2024-06-07 10:47:00+09:00,2700.0,2700.0,2700.0,2700.0,0,0.0,0.0
2024-06-07 10:48:00+09:00,2700.0,2700.0,2695.0,2700.0,151,0.0,0.0
2024-06-07 11:01:00+09:00,2690.0,2690.0,2690.0,2690.0,738,0.0,0.0
2024-06-07 11:02:00+09:00,2685.0,2685.0,2685.0,2685.0,2752,0.0,0.0
2024-06-07 11:03:00+09:00,2700.0,2700.0,2700.0,2700.0,3,0.0,0.0
2024-06-07 11:07:00+09:00,2700.0,2700.0,2700.0,2700.0,3,0.0,0.0
2024-06-07 11:11:00+09:00,2695.0,2695.0,2695.0,2695.0,1,0.0,0.0
2024-06-07 11:13:00+09:00,2690.0,2690.0,2690.0,2690.0,198,0.0,0.0
2024-06-07 11:14:00+09:00,2695.0,2695.0,2695.0,2695.0,0,0.0,0.0
2024-06-07 11:16:00+09:00,2695.0,2695.0,2695.0,2695.0,39,0.0,0.0
2024-06-07 11:17:00+09:00,2695.0,2695.0,2695.0,2695.0,0,0.0,0.0
2024-06-07 11:18:00+09:00,2695.0,2695.0,2695.0,2695.0,20,0.0,0.0
2024-06-07 11:22:00+09:00,2695.0,2695.0,2695.0,2695.0,36,0.0,0.0
2024-06-07 11:24:00+09:00,2695.0,2695.0,2695.0,2695.0,0,0.0,0.0
2024-06-07 11:26:00+09:00,2695.0,2695.0,2695.0,2695.0,2,0.0,0.0
2024-06-07 11:27:00+09:00,2695.0,2695.0,2695.0,2695.0,0,0.0,0.0
2024-06-07 11:28:00+09:00,2695.0,2695.0,2695.0,2695.0,30,0.0,0.0
2024-06-07 11:29:00+09:00,2690.0,2695.0,2690.0,2695.0,396,0.0,0.0
2024-06-07 11:30:00+09:00,2695.0,2695.0,2695.0,2695.0,0,0.0,0.0
2024-06-07 11:33:00+09:00,2700.0,2700.0,2700.0,2700.0,2,0.0,0.0
2024-06-07 11:34:00+09:00,2700.0,2700.0,2700.0,2700.0,3,0.0,0.0
2024-06-07 11:36:00+09:00,2690.0,2690.0,2690.0,2690.0,10,0.0,0.0
2024-06-07 11:38:00+09:00,2690.0,2700.0,2690.0,2700.0,31,0.0,0.0
2024-06-07 11:42:00+09:00,2690.0,2690.0,2690.0,2690.0,419,0.0,0.0
2024-06-07 11:43:00+09:00,2690.0,2690.0,2690.0,2690.0,0,0.0,0.0
2024-06-07 11:45:00+09:00,2695.0,2695.0,2690.0,2690.0,30,0.0,0.0
2024-06-07 11:46:00+09:00,2695.0,2695.0,2695.0,2695.0,0,0.0,0.0
2024-06-07 11:59:00+09:00,2695.0,2695.0,2695.0,2695.0,99,0.0,0.0
2024-06-07 12:00:00+09:00,2690.0,2690.0,2690.0,2690.0,0,0.0,0.0
2024-06-07 12:01:00+09:00,2695.0,2695.0,2695.0,2695.0,0,0.0,0.0
2024-06-07 12:02:00+09:00,2690.0,2695.0,2685.0,2695.0,3031,0.0,0.0
2024-06-07 12:04:00+09:00,2690.0,2690.0,2690.0,2690.0,462,0.0,0.0
2024-06-07 12:05:00+09:00,2690.0,2690.0,2690.0,2690.0,0,0.0,0.0
2024-06-07 12:06:00+09:00,2695.0,2695.0,2695.0,2695.0,0,0.0,0.0
2024-06-07 12:17:00+09:00,2690.0,2690.0,2690.0,2690.0,1,0.0,0.0
2024-06-07 12:18:00+09:00,2695.0,2695.0,2695.0,2695.0,2,0.0,0.0
2024-06-07 12:19:00+09:00,2695.0,2695.0,2695.0,2695.0,199,0.0,0.0
2024-06-07 12:21:00+09:00,2690.0,2690.0,2690.0,2690.0,0,0.0,0.0
2024-06-07 12:22:00+09:00,2690.0,2690.0,2690.0,2690.0,200,0.0,0.0
2024-06-07 12:23:00+09:00,2690.0,2690.0,2690.0,2690.0,808,0.0,0.0
2024-06-07 12:24:00+09:00,2695.0,2695.0,2695.0,2695.0,0,0.0,0.0
2024-06-07 12:26:00+09:00,2690.0,2690.0,2690.0,2690.0,98,0.0,0.0
2024-06-07 12:29:00+09:00,2695.0,2695.0,2695.0,2695.0,0,0.0,0.0
2024-06-07 12:30:00+09:00,2695.0,2695.0,2690.0,2690.0,265,0.0,0.0
2024-06-07 12:32:00+09:00,2690.0,2695.0,2690.0,2695.0,75,0.0,0.0
2024-06-07 12:34:00+09:00,2695.0,2695.0,2695.0,2695.0,1182,0.0,0.0
2024-06-07 12:36:00+09:00,2700.0,2700.0,2700.0,2700.0,0,0.0,0.0
2024-06-07 12:38:00+09:00,2700.0,2700.0,2700.0,2700.0,40,0.0,0.0
2024-06-07 12:40:00+09:00,2700.0,2700.0,2700.0,2700.0,0,0.0,0.0
2024-06-07 12:43:00+09:00,2700.0,2700.0,2700.0,2700.0,2804,0.0,0.0
2024-06-07 12:47:00+09:00,2700.0,2705.0,2700.0,2705.0,400,0.0,0.0
2024-06-07 12:48:00+09:00,2705.0,2705.0,2705.0,2705.0,2,0.0,0.0
2024-06-07 12:51:00+09:00,2705.0,2705.0,2705.0,2705.0,1,0.0,0.0
2024-06-07 12:55:00+09:00,2705.0,2705.0,2705.0,2705.0,2,0.0,0.0
2024-06-07 12:56:00+09:00,2700.0,2700.0,2700.0,2700.0,9,0.0,0.0
2024-06-07 12:57:00+09:00,2700.0,2700.0,2700.0,2700.0,448,0.0,0.0
2024-06-07 13:06:00+09:00,2695.0,2700.0,2695.0,2700.0,1004,0.0,0.0
2024-06-07 13:07:00+09:00,2700.0,2700.0,2700.0,2700.0,2,0.0,0.0
2024-06-07 13:10:00+09:00,2700.0,2700.0,2700.0,2700.0,1,0.0,0.0
2024-06-07 13:15:00+09:00,2695.0,2695.0,2695.0,2695.0,1999,0.0,0.0
2024-06-07 13:17:00+09:00,2695.0,2705.0,2695.0,2705.0,0,0.0,0.0
2024-06-07 13:18:00+09:00,2705.0,2705.0,2705.0,2705.0,4,0.0,0.0
2024-06-07 13:19:00+09:00,2705.0,2705.0,2705.0,2705.0,17,0.0,0.0
2024-06-07 13:22:00+09:00,2705.0,2705.0,2695.0,2695.0,247,0.0,0.0
2024-06-07 13:23:00+09:00,2705.0,2705.0,2705.0,2705.0,0,0.0,0.0
2024-06-07 13:31:00+09:00,2700.0,2705.0,2695.0,2695.0,267,0.0,0.0
2024-06-07 13:32:00+09:00,2705.0,2705.0,2705.0,2705.0,1,0.0,0.0
2024-06-07 13:42:00+09:00,2700.0,2700.0,2700.0,2700.0,2,0.0,0.0
2024-06-07 13:43:00+09:00,2705.0,2705.0,2705.0,2705.0,0,0.0,0.0
2024-06-07 13:48:00+09:00,2705.0,2705.0,2705.0,2705.0,170,0.0,0.0
2024-06-07 13:53:00+09:00,2705.0,2705.0,2705.0,2705.0,1507,0.0,0.0
2024-06-07 13:54:00+09:00,2710.0,2720.0,2710.0,2720.0,3595,0.0,0.0
2024-06-07 13:55:00+09:00,2710.0,2710.0,2710.0,2710.0,0,0.0,0.0
2024-06-07 13:56:00+09:00,2720.0,2720.0,2720.0,2720.0,1,0.0,0.0
2024-06-07 14:01:00+09:00,2710.0,2710.0,2710.0,2710.0,19,0.0,0.0
2024-06-07 14:02:00+09:00,2715.0,2715.0,2715.0,2715.0,0,0.0,0.0
2024-06-07 14:03:00+09:00,2720.0,2720.0,2710.0,2720.0,413,0.0,0.0
2024-06-07 14:04:00+09:00,2720.0,2720.0,2715.0,2715.0,51,0.0,0.0
2024-06-07 14:07:00+09:00,2720.0,2720.0,2710.0,2710.0,191,0.0,0.0
2024-06-07 14:15:00+09:00,2700.0,2710.0,2695.0,2710.0,2371,0.0,0.0
2024-06-07 14:16:00+09:00,2710.0,2715.0,2710.0,2715.0,1078,0.0,0.0
2024-06-07 14:23:00+09:00,2710.0,2710.0,2710.0,2710.0,15,0.0,0.0
2024-06-07 14:32:00+09:00,2710.0,2710.0,2710.0,2710.0,0,0.0,0.0
2024-06-07 14:36:00+09:00,2705.0,2710.0,2705.0,2710.0,10,0.0,0.0
2024-06-07 14:38:00+09:00,2700.0,2700.0,2700.0,2700.0,320,0.0,0.0
2024-06-07 14:41:00+09:00,2695.0,2695.0,2690.0,2690.0,2393,0.0,0.0
2024-06-07 14:42:00+09:00,2710.0,2710.0,2710.0,2710.0,0,0.0,0.0
2024-06-07 14:44:00+09:00,2690.0,2705.0,2690.0,2690.0,2547,0.0,0.0
2024-06-07 14:45:00+09:00,2705.0,2705.0,2705.0,2705.0,0,0.0,0.0
2024-06-07 14:46:00+09:00,2700.0,2705.0,2700.0,2705.0,41,0.0,0.0
2024-06-07 14:52:00+09:00,2700.0,2700.0,2700.0,2700.0,63,0.0,0.0
2024-06-07 14:53:00+09:00,2705.0,2705.0,2705.0,2705.0,0,0.0,0.0
2024-06-07 14:57:00+09:00,2700.0,2705.0,2700.0,2700.0,68,0.0,0.0
2024-06-07 14:58:00+09:00,2700.0,2710.0,2700.0,2710.0,230,0.0,0.0
