Datetime,Open,High,Low,Close,Volume,Dividends,Stock Splits
2024-06-03 09:00:00+09:00,14000.0,14030.0,13860.0,13860.0,0,0.0,0.0
2024-06-03 09:01:00+09:00,13860.0,14030.0,13830.0,14030.0,1645,0.0,0.0
2024-06-03 09:02:00+09:00,14030.0,14140.0,14030.0,14100.0,1951,0.0,0.0
2024-06-03 09:03:00+09:00,14090.0,14090.0,13980.0,14000.0,3733,0.0,0.0
2024-06-03 09:04:00+09:00,14010.0,14040.0,13990.0,14040.0,734,0.0,0.0
2024-06-03 09:05:00+09:00,13990.0,13990.0,13910.0,13910.0,1386,0.0,0.0
2024-06-03 09:06:00+09:00,13910.0,13910.0,13860.0,13860.0,6039,0.0,0.0
2024-06-03 09:07:00+09:00,13860.0,13890.0,13830.0,13870.0,5696,0.0,0.0
2024-06-03 09:08:00+09:00,13840.0,13940.0,13840.0,13940.0,1167,0.0,0.0
2024-06-03 09:09:00+09:00,13940.0,13940.0,13910.0,13940.0,293,0.0,0.0
2024-06-03 09:10:00+09:00,13940.0,14000.0,13940.0,13970.0,258,0.0,0.0
2024-06-03 09:11:00+09:00,13970.0,14030.0,13930.0,13930.0,1412,0.0,0.0
2024-06-03 09:12:00+09:00,14010.0,14010.0,13920.0,13920.0,590,0.0,0.0
2024-06-03 09:13:00+09:00,13920.0,13970.0,13900.0,13960.0,829,0.0,0.0
2024-06-03 09:14:00+09:00,13950.0,13950.0,13910.0,13910.0,0,0.0,0.0
2024-06-03 09:15:00+09:00,13910.0,13910.0,13900.0,13900.0,1175,0.0,0.0
2024-06-03 09:16:00+09:00,13900.0,13900.0,13840.0,13850.0,2547,0.0,0.0
2024-06-03 09:17:00+09:00,13850.0,13870.0,13800.0,13870.0,2636,0.0,0.0
2024-06-03 09:18:00+09:00,13830.0,13870.0,13820.0,13830.0,1238,0.0,0.0
2024-06-03 09:19:00+09:00,13830.0,13870.0,13820.0,13820.0,997,0.0,0.0
2024-06-03 09:20:00+09:00,13830.0,13830.0,13800.0,13810.0,2699,0.0,0.0
2024-06-03 09:21:00+09:00,13810.0,13880.0,13810.0,13880.0,362,0.0,0.0
2024-06-03 09:22:00+09:00,13850.0,13880.0,13820.0,13820.0,52,0.0,0.0
2024-06-03 09:23:00+09:00,13820.0,13820.0,13790.0,13820.0,1093,0.0,0.0
2024-06-03 09:24:00+09:00,13800.0,13800.0,13790.0,13790.0,54,0.0,0.0
2024-06-03 09:25:00+09:00,13790.0,13790.0,13730.0,13740.0,5052,0.0,0.0
2024-06-03 09:26:00+09:00,13760.0,13780.0,13740.0,13740.0,745,0.0,0.0
2024-06-03 09:27:00+09:00,13740.0,13780.0,13740.0,13760.0,191,0.0,0.0
2024-06-03 09:28:00+09:00,13760.0,13800.0,13740.0,13800.0,910,0.0,0.0
2024-06-03 09:29:00+09:00,13780.0,13810.0,13770.0,13810.0,311,0.0,0.0
2024-06-03 09:30:00+09:00,13820.0,13850.0,13810.0,13850.0,303,0.0,0.0
2024-06-03 09:31:00+09:00,13830.0,13850.0,13780.0,13830.0,1231,0.0,0.0
2024-06-03 09:32:00+09:00,13790.0,13800.0,13790.0,13790.0,470,0.0,0.0
2024-06-03 09:33:00+09:00,13790.0,13790.0,13750.0,13780.0,960,0.0,0.0
2024-06-03 09:34:00+09:00,13770.0,13780.0,13720.0,13760.0,5186,0.0,0.0
2024-06-03 09:35:00+09:00,13760.0,13830.0,13730.0,13730.0,219,0.0,0.0
2024-06-03 09:36:00+09:00,13770.0,13820.0,13740.0,13810.0,75,0.0,0.0
2024-06-03 09:37:00+09:00,13800.0,13800.0,13730.0,13800.0,524,0.0,0.0
2024-06-03 09:38:00+09:00,13800.0,13800.0,13750.0,13790.0,47,0.0,0.0
2024-06-03 09:39:00+09:00,13790.0,13790.0,13750.0,13750.0,21,0.0,0.0
2024-06-03 09:40:00+09:00,13750.0,13750.0,13700.0,13700.0,4003,0.0,0.0
2024-06-03 09:41:00+09:00,13700.0,13700.0,13650.0,13700.0,3373,0.0,0.0
2024-06-03 09:42:00+09:00,13700.0,13730.0,13670.0,13730.0,1282,0.0,0.0
2024-06-03 09:43:00+09:00,13690.0,13690.0,13670.0,13680.0,836,0.0,0.0
2024-06-03 09:44:00+09:00,13680.0,13730.0,13680.0,13730.0,1191,0.0,0.0
2024-06-03 09:45:00+09:00,13700.0,13750.0,13700.0,13750.0,85,0.0,0.0
2024-06-03 09:46:00+09:00,13740.0,13830.0,13740.0,13830.0,3226,0.0,0.0
2024-06-03 09:47:00+09:00,13830.0,13850.0,13830.0,13850.0,1066,0.0,0.0
2024-06-03 09:48:00+09:00,13850.0,13900.0,13850.0,13900.0,1323,0.0,0.0
2024-06-03 09:49:00+09:00,13900.0,13900.0,13890.0,13900.0,3311,0.0,0.0
2024-06-03 09:50:00+09:00,13860.0,13860.0,13800.0,13800.0,0,0.0,0.0
2024-06-03 09:51:00+09:00,13810.0,13810.0,13800.0,13800.0,372,0.0,0.0
2024-06-03 09:52:00+09:00,13830.0,13840.0,13830.0,13840.0,0,0.0,0.0
2024-06-03 09:53:00+09:00,13830.0,13850.0,13800.0,13830.0,977,0.0,0.0
2024-06-03 09:54:00+09:00,13840.0,13840.0,13820.0,13820.0,68,0.0,0.0
2024-06-03 09:55:00+09:00,13820.0,13820.0,13800.0,13800.0,908,0.0,0.0
2024-06-03 09:56:00+09:00,13810.0,13810.0,13800.0,13800.0,0,0.0,0.0
2024-06-03 09:57:00+09:00,13800.0,13870.0,13800.0,13870.0,1153,0.0,0.0
2024-06-03 09:58:00+09:00,13880.0,13910.0,13800.0,13810.0,0,0.0,0.0
2024-06-03 09:59:00+09:00,13800.0,13900.0,13800.0,13900.0,129,0.0,0.0
2024-06-03 10:00:00+09:00,13800.0,13830.0,13800.0,13820.0,338,0.0,0.0
2024-06-03 10:01:00+09:00,13820.0,13900.0,13820.0,13900.0,14,0.0,0.0
2024-06-03 10:02:00+09:00,13900.0,13900.0,13820.0,13900.0,212,0.0,0.0
2024-06-03 10:03:00+09:00,13820.0,13820.0,13790.0,13790.0,552,0.0,0.0
2024-06-03 10:04:00+09:00,13790.0,13820.0,13790.0,13790.0,175,0.0,0.0
2024-06-03 10:05:00+09:00,13780.0,13780.0,13750.0,13760.0,4260,0.0,0.0
2024-06-03 10:06:00+09:00,13760.0,13760.0,13750.0,13750.0,205,0.0,0.0
2024-06-03 10:07:00+09:00,13760.0,13760.0,13750.0,13750.0,191,0.0,0.0
2024-06-03 10:08:00+09:00,13740.0,13740.0,13720.0,13720.0,672,0.0,0.0
2024-06-03 10:09:00+09:00,13750.0,13750.0,13740.0,13740.0,0,0.0,0.0
2024-06-03 10:10:00+09:00,13720.0,13760.0,13720.0,13720.0,461,0.0,0.0
2024-06-03 10:11:00+09:00,13730.0,13730.0,13710.0,13710.0,0,0.0,0.0
2024-06-03 10:12:00+09:00,13710.0,13710.0,13690.0,13690.0,1003,0.0,0.0
2024-06-03 10:13:00+09:00,13680.0,13680.0,13680.0,13680.0,786,0.0,0.0
2024-06-03 10:14:00+09:00,13680.0,13700.0,13680.0,13680.0,113,0.0,0.0
2024-06-03 10:15:00+09:00,13680.0,13680.0,13680.0,13680.0,84,0.0,0.0
2024-06-03 10:16:00+09:00,13680.0,13690.0,13670.0,13670.0,873,0.0,0.0
2024-06-03 10:17:00+09:00,13670.0,13700.0,13660.0,13700.0,740,0.0,0.0
2024-06-03 10:18:00+09:00,13660.0,13680.0,13660.0,13680.0,462,0.0,0.0
2024-06-03 10:19:00+09:00,13690.0,13690.0,13660.0,13690.0,25,0.0,0.0
2024-06-03 10:20:00+09:00,13700.0,13700.0,13660.0,13680.0,525,0.0,0.0
2024-06-03 10:21:00+09:00,13670.0,13670.0,13660.0,13660.0,722,0.0,0.0
2024-06-03 10:22:00+09:00,13660.0,13680.0,13640.0,13640.0,1696,0.0,0.0
2024-06-03 10:23:00+09:00,13640.0,13640.0,13630.0,13630.0,2711,0.0,0.0
2024-06-03 10:24:00+09:00,13640.0,13640.0,13640.0,13640.0,0,0.0,0.0
2024-06-03 10:25:00+09:00,13640.0,13640.0,13620.0,13620.0,573,0.0,0.0
2024-06-03 10:26:00+09:00,13620.0,13640.0,13620.0,13620.0,978,0.0,0.0
2024-06-03 10:27:00+09:00,13620.0,13630.0,13610.0,13610.0,763,0.0,0.0
2024-06-03 10:28:00+09:00,13610.0,13610.0,13600.0,13610.0,23,0.0,0.0
2024-06-03 10:29:00+09:00,13610.0,13610.0,13600.0,13600.0,365,0.0,0.0
2024-06-03 10:30:00+09:00,13600.0,13700.0,13600.0,13610.0,588,0.0,0.0
2024-06-03 10:31:00+09:00,13640.0,13640.0,13620.0,13620.0,0,0.0,0.0
2024-06-03 10:32:00+09:00,13620.0,13650.0,13620.0,13620.0,127,0.0,0.0
2024-06-03 10:33:00+09:00,13620.0,13620.0,13620.0,13620.0,103,0.0,0.0
2024-06-03 10:34:00+09:00,13650.0,13660.0,13610.0,13650.0,1643,0.0,0.0
2024-06-03 10:35:00+09:00,13610.0,13610.0,13610.0,13610.0,0,0.0,0.0
2024-06-03 10:36:00+09:00,13620.0,13630.0,13620.0,13630.0,34,0.0,0.0
2024-06-03 10:37:00+09:00,13630.0,13640.0,13630.0,13630.0,165,0.0,0.0
2024-06-03 10:38:00+09:00,13650.0,13650.0,13650.0,13650.0,0,0.0,0.0
2024-06-03 10:39:00+09:00,13630.0,13650.0,13620.0,13650.0,347,0.0,0.0
2024-06-03 10:40:00+09:00,13630.0,13640.0,13620.0,13640.0,220,0.0,0.0
2024-06-03 10:41:00+09:00,13630.0,13640.0,13630.0,13640.0,12,0.0,0.0
2024-06-03 10:42:00+09:00,13620.0,13620.0,13600.0,13600.0,3733,0.0,0.0
2024-06-03 10:43:00+09:00,13590.0,13610.0,13590.0,13600.0,24,0.0,0.0
2024-06-03 10:44:00+09:00,13600.0,13600.0,13590.0,13590.0,411,0.0,0.0
2024-06-03 10:45:00+09:00,13590.0,13590.0,13590.0,13590.0,0,0.0,0.0
2024-06-03 10:46:00+09:00,13590.0,13600.0,13580.0,13580.0,375,0.0,0.0
2024-06-03 10:47:00+09:00,13580.0,13580.0,13560.0,13560.0,1037,0.0,0.0
2024-06-03 10:48:00+09:00,13560.0,13560.0,13550.0,13550.0,79,0.0,0.0
2024-06-03 10:49:00+09:00,13550.0,13550.0,13540.0,13540.0,1114,0.0,0.0
2024-06-03 10:50:00+09:00,13540.0,13540.0,13540.0,13540.0,1547,0.0,0.0
2024-06-03 10:51:00+09:00,13560.0,13560.0,13530.0,13530.0,295,0.0,0.0
2024-06-03 10:52:00+09:00,13530.0,13600.0,13530.0,13600.0,85,0.0,0.0
2024-06-03 10:53:00+09:00,13590.0,13590.0,13590.0,13590.0,14,0.0,0.0
2024-06-03 10:54:00+09:00,13580.0,13580.0,13550.0,13550.0,196,0.0,0.0
2024-06-03 10:55:00+09:00,13570.0,13570.0,13550.0,13550.0,49,0.0,0.0
2024-06-03 10:56:00+09:00,13570.0,13570.0,13570.0,13570.0,0,0.0,0.0
2024-06-03 10:57:00+09:00,13550.0,13550.0,13550.0,13550.0,10,0.0,0.0
2024-06-03 10:58:00+09:00,13550.0,13550.0,13550.0,13550.0,83,0.0,0.0
2024-06-03 10:59:00+09:00,13570.0,13570.0,13530.0,13540.0,1634,0.0,0.0
2024-06-03 11:00:00+09:00,13550.0,13570.0,13540.0,13540.0,141,0.0,0.0
2024-06-03 11:01:00+09:00,13540.0,13540.0,13540.0,13540.0,99,0.0,0.0
2024-06-03 11:02:00+09:00,13570.0,13580.0,13550.0,13580.0,195,0.0,0.0
2024-06-03 11:03:00+09:00,13580.0,13580.0,13560.0,13560.0,68,0.0,0.0
2024-06-03 11:04:00+09:00,13560.0,13560.0,13560.0,13560.0,79,0.0,0.0
2024-06-03 11:05:00+09:00,13550.0,13550.0,13540.0,13550.0,85,0.0,0.0
2024-06-03 11:07:00+09:00,13550.0,13550.0,13510.0,13510.0,5720,0.0,0.0
2024-06-03 11:08:00+09:00,13510.0,13510.0,13500.0,13500.0,0,0.0,0.0
2024-06-03 11:11:00+09:00,13520.0,13520.0,13500.0,13500.0,2501,0.0,0.0
2024-06-03 11:12:00+09:00,13560.0,13560.0,13560.0,13560.0,0,0.0,0.0
2024-06-03 11:13:00+09:00,13560.0,13560.0,13510.0,13510.0,1,0.0,0.0
2024-06-03 11:14:00+09:00,13510.0,13530.0,13510.0,13530.0,25,0.0,0.0
2024-06-03 11:15:00+09:00,13520.0,13530.0,13520.0,13530.0,92,0.0,0.0
2024-06-03 11:16:00+09:00,13540.0,13570.0,13540.0,13550.0,143,0.0,0.0
2024-06-03 11:17:00+09:00,13520.0,13550.0,13520.0,13520.0,208,0.0,0.0
2024-06-03 11:18:00+09:00,13540.0,13540.0,13530.0,13530.0,0,0.0,0.0
2024-06-03 11:19:00+09:00,13540.0,13540.0,13500.0,13510.0,902,0.0,0.0
2024-06-03 11:20:00+09:00,13510.0,13510.0,13500.0,13510.0,0,0.0,0.0
2024-06-03 11:21:00+09:00,13510.0,13510.0,13480.0,13480.0,2092,0.0,0.0
2024-06-03 11:22:00+09:00,13520.0,13550.0,13520.0,13550.0,11,0.0,0.0
2024-06-03 11:23:00+09:00,13480.0,13520.0,13470.0,13520.0,106,0.0,0.0
2024-06-03 11:24:00+09:00,13490.0,13530.0,13490.0,13490.0,104,0.0,0.0
2024-06-03 11:25:00+09:00,13490.0,13490.0,13480.0,13480.0,231,0.0,0.0
2024-06-03 11:26:00+09:00,13490.0,13490.0,13490.0,13490.0,0,0.0,0.0
2024-06-03 11:27:00+09:00,13500.0,13500.0,13490.0,13490.0,117,0.0,0.0
2024-06-03 11:28:00+09:00,13490.0,13490.0,13490.0,13490.0,216,0.0,0.0
2024-06-03 11:29:00+09:00,13500.0,13500.0,13500.0,13500.0,259,0.0,0.0
2024-06-03 11:30:00+09:00,13510.0,13530.0,13510.0,13530.0,115,0.0,0.0
2024-06-03 11:32:00+09:00,13540.0,13550.0,13540.0,13550.0,213,0.0,0.0
2024-06-03 11:33:00+09:00,13560.0,13560.0,13560.0,13560.0,0,0.0,0.0
2024-06-03 11:34:00+09:00,13550.0,13570.0,13550.0,13570.0,50,0.0,0.0
2024-06-03 11:35:00+09:00,13580.0,13590.0,13570.0,13590.0,804,0.0,0.0
2024-06-03 11:37:00+09:00,13590.0,13590.0,13590.0,13590.0,0,0.0,0.0
2024-06-03 11:38:00+09:00,13600.0,13610.0,13590.0,13610.0,0,0.0,0.0
2024-06-03 11:39:00+09:00,13610.0,13610.0,13610.0,13610.0,287,0.0,0.0
2024-06-03 11:40:00+09:00,13600.0,13600.0,13600.0,13600.0,41,0.0,0.0
2024-06-03 11:41:00+09:00,13590.0,13620.0,13590.0,13620.0,51,0.0,0.0
2024-06-03 11:42:00+09:00,13590.0,13590.0,13590.0,13590.0,2,0.0,0.0
2024-06-03 11:44:00+09:00,13590.0,13610.0,13590.0,13610.0,13,0.0,0.0
2024-06-03 11:45:00+09:00,13610.0,13610.0,13610.0,13610.0,112,0.0,0.0
2024-06-03 11:46:00+09:00,13600.0,13600.0,13600.0,13600.0,138,0.0,0.0
2024-06-03 11:48:00+09:00,13600.0,13600.0,13580.0,13580.0,0,0.0,0.0
2024-06-03 11:49:00+09:00,13590.0,13600.0,13590.0,13600.0,88,0.0,0.0
2024-06-03 11:50:00+09:00,13610.0,13620.0,13610.0,13620.0,217,0.0,0.0
2024-06-03 11:51:00+09:00,13620.0,13620.0,13620.0,13620.0,14,0.0,0.0
2024-06-03 11:53:00+09:00,13600.0,13600.0,13600.0,13600.0,462,0.0,0.0
2024-06-03 11:54:00+09:00,13600.0,13600.0,13590.0,13590.0,41,0.0,0.0
2024-06-03 11:57:00+09:00,13600.0,13600.0,13590.0,13590.0,76,0.0,0.0
2024-06-03 11:59:00+09:00,13600.0,13610.0,13600.0,13610.0,0,0.0,0.0
2024-06-03 12:00:00+09:00,13600.0,13600.0,13590.0,13590.0,298,0.0,0.0
2024-06-03 12:01:00+09:00,13590.0,13590.0,13570.0,13570.0,96,0.0,0.0
2024-06-03 12:02:00+09:00,13570.0,13610.0,13570.0,13610.0,99,0.0,0.0
2024-06-03 12:03:00+09:00,13610.0,13610.0,13610.0,13610.0,131,0.0,0.0
2024-06-03 12:04:00+09:00,13610.0,13610.0,13610.0,13610.0,528,0.0,0.0
2024-06-03 12:06:00+09:00,13610.0,13610.0,13610.0,13610.0,0,0.0,0.0
2024-06-03 12:07:00+09:00,13620.0,13620.0,13620.0,13620.0,46,0.0,0.0
2024-06-03 12:08:00+09:00,13620.0,13620.0,13620.0,13620.0,4,0.0,0.0
2024-06-03 12:09:00+09:00,13620.0,13630.0,13620.0,13620.0,26,0.0,0.0
2024-06-03 12:10:00+09:00,13630.0,13630.0,13620.0,13630.0,96,0.0,0.0
2024-06-03 12:11:00+09:00,13630.0,13630.0,13630.0,13630.0,103,0.0,0.0
2024-06-03 12:12:00+09:00,13640.0,13640.0,13630.0,13630.0,0,0.0,0.0
2024-06-03 12:14:00+09:00,13650.0,13660.0,13650.0,13660.0,703,0.0,0.0
2024-06-03 12:15:00+09:00,13670.0,13680.0,13670.0,13680.0,0,0.0,0.0
2024-06-03 12:16:00+09:00,13690.0,13690.0,13680.0,13690.0,413,0.0,0.0
2024-06-03 12:17:00+09:00,13670.0,13670.0,13670.0,13670.0,0,0.0,0.0
2024-06-03 12:18:00+09:00,13690.0,13690.0,13690.0,13690.0,21,0.0,0.0
2024-06-03 12:19:00+09:00,13690.0,13690.0,13690.0,13690.0,131,0.0,0.0
2024-06-03 12:20:00+09:00,13690.0,13690.0,13690.0,13690.0,0,0.0,0.0
2024-06-03 12:21:00+09:00,13700.0,13710.0,13700.0,13700.0,353,0.0,0.0
2024-06-03 12:22:00+09:00,13690.0,13700.0,13690.0,13700.0,6,0.0,0.0
2024-06-03 12:23:00+09:00,13700.0,13700.0,13680.0,13680.0,276,0.0,0.0
2024-06-03 12:24:00+09:00,13700.0,13710.0,13700.0,13710.0,0,0.0,0.0
2024-06-03 12:25:00+09:00,13690.0,13710.0,13680.0,13710.0,113,0.0,0.0
2024-06-03 12:26:00+09:00,13710.0,13710.0,13710.0,13710.0,25,0.0,0.0
2024-06-03 12:27:00+09:00,13710.0,13710.0,13710.0,13710.0,202,0.0,0.0
2024-06-03 12:28:00+09:00,13710.0,13710.0,13710.0,13710.0,10,0.0,0.0
2024-06-03 12:29:00+09:00,13700.0,13710.0,13700.0,13710.0,63,0.0,0.0
2024-06-03 12:30:00+09:00,13690.0,13690.0,13690.0,13690.0,14,0.0,0.0
2024-06-03 12:32:00+09:00,13710.0,13740.0,13710.0,13740.0,327,0.0,0.0
2024-06-03 12:33:00+09:00,13740.0,13740.0,13740.0,13740.0,72,0.0,0.0
2024-06-03 12:35:00+09:00,13700.0,13700.0,13700.0,13700.0,229,0.0,0.0
2024-06-03 12:36:00+09:00,13700.0,13700.0,13700.0,13700.0,272,0.0,0.0
2024-06-03 12:38:00+09:00,13700.0,13700.0,13700.0,13700.0,0,0.0,0.0
2024-06-03 12:39:00+09:00,13700.0,13700.0,13700.0,13700.0,126,0.0,0.0
2024-06-03 12:40:00+09:00,13700.0,13700.0,13700.0,13700.0,0,0.0,0.0
2024-06-03 12:41:00+09:00,13700.0,13700.0,13700.0,13700.0,435,0.0,0.0
2024-06-03 12:42:00+09:00,13700.0,13700.0,13700.0,13700.0,269,0.0,0.0
2024-06-03 12:43:00+09:00,13700.0,13700.0,13700.0,13700.0,280,0.0,0.0
2024-06-03 12:44:00+09:00,13700.0,13700.0,13700.0,13700.0,0,0.0,0.0
2024-06-03 12:45:00+09:00,13720.0,13720.0,13700.0,13700.0,0,0.0,0.0
2024-06-03 12:46:00+09:00,13700.0,13700.0,13700.0,13700.0,2,0.0,0.0
2024-06-03 12:47:00+09:00,13700.0,13700.0,13700.0,13700.0,161,0.0,0.0
2024-06-03 12:48:00+09:00,13700.0,13700.0,13700.0,13700.0,0,0.0,0.0
2024-06-03 12:49:00+09:00,13720.0,13720.0,13720.0,13720.0,0,0.0,0.0
2024-06-03 12:50:00+09:00,13700.0,13700.0,13700.0,13700.0,962,0.0,0.0
2024-06-03 12:51:00+09:00,13700.0,13700.0,13700.0,13700.0,0,0.0,0.0
2024-06-03 12:52:00+09:00,13700.0,13700.0,13690.0,13690.0,0,0.0,0.0
2024-06-03 12:53:00+09:00,13690.0,13690.0,13670.0,13670.0,90,0.0,0.0
2024-06-03 12:54:00+09:00,13690.0,13690.0,13670.0,13670.0,79,0.0,0.0
2024-06-03 12:55:00+09:00,13670.0,13670.0,13670.0,13670.0,538,0.0,0.0
2024-06-03 12:56:00+09:00,13670.0,13710.0,13670.0,13710.0,113,0.0,0.0
2024-06-03 12:57:00+09:00,13710.0,13710.0,13710.0,13710.0,61,0.0,0.0
2024-06-03 12:58:00+09:00,13710.0,13710.0,13700.0,13710.0,627,0.0,0.0
2024-06-03 13:01:00+09:00,13710.0,13710.0,13710.0,13710.0,363,0.0,0.0
2024-06-03 13:04:00+09:00,13740.0,13740.0,13740.0,13740.0,37,0.0,0.0
2024-06-03 13:05:00+09:00,13740.0,13740.0,13740.0,13740.0,64,0.0,0.0
2024-06-03 13:06:00+09:00,13730.0,13730.0,13730.0,13730.0,0,0.0,0.0
2024-06-03 13:07:00+09:00,13740.0,13740.0,13730.0,13740.0,66,0.0,0.0
2024-06-03 13:08:00+09:00,13740.0,13740.0,13740.0,13740.0,84,0.0,0.0
2024-06-03 13:09:00+09:00,13730.0,13770.0,13730.0,13770.0,519,0.0,0.0
2024-06-03 13:10:00+09:00,13770.0,13770.0,13770.0,13770.0,0,0.0,0.0
2024-06-03 13:11:00+09:00,13770.0,13780.0,13740.0,13740.0,408,0.0,0.0
2024-06-03 13:12:00+09:00,13770.0,13800.0,13760.0,13800.0,202,0.0,0.0
2024-06-03 13:13:00+09:00,13790.0,13800.0,13790.0,13800.0,4,0.0,0.0
2024-06-03 13:14:00+09:00,13800.0,13850.0,13800.0,13850.0,1303,0.0,0.0
2024-06-03 13:15:00+09:00,13830.0,13850.0,13820.0,13850.0,358,0.0,0.0
2024-06-03 13:16:00+09:00,13850.0,13850.0,13850.0,13850.0,0,0.0,0.0
2024-06-03 13:17:00+09:00,13830.0,13830.0,13820.0,13820.0,1212,0.0,0.0
2024-06-03 13:18:00+09:00,13820.0,13820.0,13780.0,13780.0,379,0.0,0.0
2024-06-03 13:19:00+09:00,13770.0,13780.0,13770.0,13780.0,98,0.0,0.0
2024-06-03 13:20:00+09:00,13780.0,13780.0,13780.0,13780.0,0,0.0,0.0
2024-06-03 13:21:00+09:00,13780.0,13800.0,13770.0,13800.0,88,0.0,0.0
2024-06-03 13:22:00+09:00,13800.0,13800.0,13800.0,13800.0,180,0.0,0.0
2024-06-03 13:23:00+09:00,13800.0,13800.0,13800.0,13800.0,0,0.0,0.0
2024-06-03 13:24:00+09:00,13790.0,13790.0,13790.0,13790.0,267,0.0,0.0
2024-06-03 13:25:00+09:00,13800.0,13880.0,13800.0,13880.0,1444,0.0,0.0
2024-06-03 13:26:00+09:00,13870.0,13870.0,13870.0,13870.0,0,0.0,0.0
2024-06-03 13:28:00+09:00,13860.0,13860.0,13860.0,13860.0,20,0.0,0.0
2024-06-03 13:30:00+09:00,13860.0,13860.0,13810.0,13810.0,0,0.0,0.0
2024-06-03 13:31:00+09:00,13820.0,13820.0,13810.0,13810.0,297,0.0,0.0
2024-06-03 13:33:00+09:00,13810.0,13810.0,13810.0,13810.0,0,0.0,0.0
2024-06-03 13:34:00+09:00,13810.0,13860.0,13810.0,13860.0,72,0.0,0.0
2024-06-03 13:35:00+09:00,13860.0,13860.0,13800.0,13800.0,83,0.0,0.0
2024-06-03 13:36:00+09:00,13800.0,13800.0,13790.0,13790.0,451,0.0,0.0
2024-06-03 13:37:00+09:00,13800.0,13800.0,13790.0,13790.0,395,0.0,0.0
2024-06-03 13:38:00+09:00,13810.0,13810.0,13810.0,13810.0,127,0.0,0.0
2024-06-03 13:39:00+09:00,13810.0,13810.0,13810.0,13810.0,0,0.0,0.0
2024-06-03 13:41:00+09:00,13790.0,13790.0,13790.0,13790.0,219,0.0,0.0
2024-06-03 13:42:00+09:00,13790.0,13790.0,13720.0,13720.0,1036,0.0,0.0
2024-06-03 13:44:00+09:00,13750.0,13750.0,13750.0,13750.0,0,0.0,0.0
2024-06-03 13:45:00+09:00,13760.0,13790.0,13760.0,13790.0,164,0.0,0.0
2024-06-03 13:46:00+09:00,13780.0,13780.0,13780.0,13780.0,0,0.0,0.0
2024-06-03 13:47:00+09:00,13800.0,13800.0,13780.0,13780.0,189,0.0,0.0
2024-06-03 13:48:00+09:00,13770.0,13770.0,13760.0,13760.0,43,0.0,0.0
2024-06-03 13:52:00+09:00,13760.0,13760.0,13760.0,13760.0,142,0.0,0.0
2024-06-03 13:53:00+09:00,13760.0,13760.0,13760.0,13760.0,3,0.0,0.0
2024-06-03 13:55:00+09:00,13750.0,13790.0,13730.0,13740.0,780,0.0,0.0
2024-06-03 13:56:00+09:00,13750.0,13750.0,13750.0,13750.0,691,0.0,0.0
2024-06-03 13:58:00+09:00,13760.0,13760.0,13750.0,13750.0,0,0.0,0.0
2024-06-03 14:00:00+09:00,13740.0,13740.0,13740.0,13740.0,182,0.0,0.0
2024-06-03 14:02:00+09:00,13740.0,13740.0,13740.0,13740.0,1,0.0,0.0
2024-06-03 14:03:00+09:00,13740.0,13750.0,13740.0,13750.0,74,0.0,0.0
2024-06-03 14:04:00+09:00,13740.0,13800.0,13740.0,13800.0,186,0.0,0.0
2024-06-03 14:05:00+09:00,13800.0,13800.0,13800.0,13800.0,10,0.0,0.0
2024-06-03 14:06:00+09:00,13790.0,13800.0,13790.0,13800.0,1095,0.0,0.0
2024-06-03 14:07:00+09:00,13800.0,13800.0,13800.0,13800.0,0,0.0,0.0
2024-06-03 14:08:00+09:00,13770.0,13770.0,13770.0,13770.0,23,0.0,0.0
2024-06-03 14:09:00+09:00,13770.0,13770.0,13770.0,13770.0,0,0.0,0.0
2024-06-03 14:10:00+09:00,13770.0,13770.0,13770.0,13770.0,19,0.0,0.0
2024-06-03 14:11:00+09:00,13770.0,13770.0,13770.0,13770.0,12,0.0,0.0
2024-06-03 14:12:00+09:00,13780.0,13780.0,13770.0,13770.0,224,0.0,0.0
2024-06-03 14:13:00+09:00,13770.0,13770.0,13760.0,13760.0,67,0.0,0.0
2024-06-03 14:14:00+09:00,13770.0,13790.0,13770.0,13780.0,23,0.0,0.0
2024-06-03 14:17:00+09:00,13780.0,13780.0,13780.0,13780.0,5,0.0,0.0
2024-06-03 14:18:00+09:00,13790.0,13800.0,13790.0,13800.0,27,0.0,0.0
2024-06-03 14:19:00+09:00,13800.0,13800.0,13800.0,13800.0,21,0.0,0.0
2024-06-03 14:20:00+09:00,13770.0,13770.0,13770.0,13770.0,94,0.0,0.0
2024-06-03 14:22:00+09:00,13770.0,13770.0,13770.0,13770.0,173,0.0,0.0
2024-06-03 14:24:00+09:00,13800.0,13800.0,13800.0,13800.0,296,0.0,0.0
2024-06-03 14:25:00+09:00,13790.0,13790.0,13770.0,13770.0,58,0.0,0.0
2024-06-03 14:26:00+09:00,13770.0,13770.0,13750.0,13750.0,993,0.0,0.0
2024-06-03 14:27:00+09:00,13750.0,13750.0,13740.0,13740.0,223,0.0,0.0
2024-06-03 14:28:00+09:00,13740.0,13760.0,13740.0,13760.0,0,0.0,0.0
2024-06-03 14:29:00+09:00,13760.0,13760.0,13760.0,13760.0,17,0.0,0.0
2024-06-03 14:30:00+09:00,13750.0,13750.0,13750.0,13750.0,158,0.0,0.0
2024-06-03 14:32:00+09:00,13760.0,13770.0,13750.0,13770.0,166,0.0,0.0
2024-06-03 14:33:00+09:00,13770.0,13770.0,13770.0,13770.0,4,0.0,0.0
2024-06-03 14:34:00+09:00,13770.0,13770.0,13770.0,13770.0,210,0.0,0.0
2024-06-03 14:36:00+09:00,13760.0,13760.0,13740.0,13740.0,129,0.0,0.0
2024-06-03 14:37:00+09:00,13730.0,13730.0,13730.0,13730.0,214,0.0,0.0
2024-06-03 14:38:00+09:00,13720.0,13800.0,13720.0,13800.0,265,0.0,0.0
2024-06-03 14:41:00+09:00,13750.0,13750.0,13750.0,13750.0,1,0.0,0.0
2024-06-03 14:43:00+09:00,13750.0,13750.0,13710.0,13710.0,916,0.0,0.0
2024-06-03 14:44:00+09:00,13710.0,13710.0,13710.0,13710.0,0,0.0,0.0
2024-06-03 14:45:00+09:00,13720.0,13720.0,13710.0,13710.0,5,0.0,0.0
2024-06-03 14:46:00+09:00,13720.0,13720.0,13710.0,13710.0,75,0.0,0.0
2024-06-03 14:47:00+09:00,13700.0,13710.0,13700.0,13700.0,313,0.0,0.0
2024-06-03 14:48:00+09:00,13700.0,13700.0,13700.0,13700.0,134,0.0,0.0
2024-06-03 14:49:00+09:00,13700.0,13710.0,13690.0,13700.0,305,0.0,0.0
2024-06-03 14:50:00+09:00,13690.0,13690.0,13690.0,13690.0,335,0.0,0.0
2024-06-03 14:51:00+09:00,13690.0,13690.0,13690.0,13690.0,248,0.0,0.0
2024-06-03 14:52:00+09:00,13690.0,13690.0,13690.0,13690.0,0,0.0,0.0
2024-06-03 14:53:00+09:00,13690.0,13690.0,13670.0,13670.0,1038,0.0,0.0
2024-06-03 14:54:00+09:00,13670.0,13670.0,13650.0,13650.0,1289,0.0,0.0
2024-06-03 14:55:00+09:00,13660.0,13680.0,13660.0,13680.0,199,0.0,0.0
2024-06-03 14:56:00+09:00,13660.0,13680.0,13660.0,13660.0,561,0.0,0.0
2024-06-03 14:58:00+09:00,13670.0,13670.0,13670.0,13670.0,0,0.0,0.0
2024-06-03 14:59:00+09:00,13660.0,13660.0,13660.0,13660.0,12,0.0,0.0
2024-06-04 09:00:00+09:00,13640.0,13640.0,13600.0,13620.0,1448,0.0,0.0
2024-06-04 09:01:00+09:00,13610.0,13610.0,13530.0,13550.0,3380,0.0,0.0
2024-06-04 09:02:00+09:00,13520.0,13520.0,13490.0,13490.0,983,0.0,0.0
2024-06-04 09:03:00+09:00,13500.0,13500.0,13460.0,13460.0,1652,0.0,0.0
2024-06-04 09:04:00+09:00,13460.0,13460.0,13420.0,13450.0,3072,0.0,0.0
2024-06-04 09:05:00+09:00,13480.0,13480.0,13460.0,13460.0,195,0.0,0.0
2024-06-04 09:06:00+09:00,13460.0,13480.0,13450.0,13460.0,975,0.0,0.0
2024-06-04 09:07:00+09:00,13460.0,13480.0,13460.0,13480.0,136,0.0,0.0
2024-06-04 09:08:00+09:00,13480.0,13480.0,13470.0,13470.0,12,0.0,0.0
2024-06-04 09:09:00+09:00,13490.0,13550.0,13470.0,13520.0,243,0.0,0.0
2024-06-04 09:10:00+09:00,13550.0,13570.0,13490.0,13490.0,1996,0.0,0.0
2024-06-04 09:11:00+09:00,13550.0,13550.0,13470.0,13470.0,52,0.0,0.0
2024-06-04 09:12:00+09:00,13470.0,13480.0,13460.0,13460.0,576,0.0,0.0
2024-06-04 09:13:00+09:00,13470.0,13470.0,13420.0,13420.0,2204,0.0,0.0
2024-06-04 09:14:00+09:00,13420.0,13420.0,13380.0,13380.0,1718,0.0,0.0
2024-06-04 09:15:00+09:00,13380.0,13380.0,13310.0,13330.0,2777,0.0,0.0
2024-06-04 09:16:00+09:00,13330.0,13330.0,13320.0,13320.0,843,0.0,0.0
2024-06-04 09:17:00+09:00,13320.0,13330.0,13310.0,13330.0,686,0.0,0.0
2024-06-04 09:18:00+09:00,13330.0,13340.0,13330.0,13340.0,24,0.0,0.0
2024-06-04 09:19:00+09:00,13350.0,13370.0,13330.0,13330.0,1364,0.0,0.0
2024-06-04 09:20:00+09:00,13330.0,13330.0,13310.0,13320.0,1573,0.0,0.0
2024-06-04 09:21:00+09:00,13310.0,13370.0,13300.0,13370.0,186,0.0,0.0
2024-06-04 09:22:00+09:00,13370.0,13410.0,13370.0,13410.0,2831,0.0,0.0
2024-06-04 09:23:00+09:00,13410.0,13410.0,13380.0,13410.0,78,0.0,0.0
2024-06-04 09:24:00+09:00,13410.0,13410.0,13410.0,13410.0,44,0.0,0.0
2024-06-04 09:25:00+09:00,13410.0,13410.0,13400.0,13400.0,94,0.0,0.0
2024-06-04 09:26:00+09:00,13390.0,13410.0,13370.0,13410.0,412,0.0,0.0
2024-06-04 09:27:00+09:00,13410.0,13440.0,13410.0,13440.0,0,0.0,0.0
2024-06-04 09:28:00+09:00,13440.0,13440.0,13410.0,13420.0,91,0.0,0.0
2024-06-04 09:29:00+09:00,13420.0,13420.0,13400.0,13400.0,43,0.0,0.0
2024-06-04 09:30:00+09:00,13410.0,13440.0,13400.0,13400.0,1454,0.0,0.0
2024-06-04 09:31:00+09:00,13400.0,13440.0,13400.0,13440.0,0,0.0,0.0
2024-06-04 09:32:00+09:00,13440.0,13460.0,13430.0,13430.0,220,0.0,0.0
2024-06-04 09:33:00+09:00,13430.0,13430.0,13410.0,13410.0,277,0.0,0.0
2024-06-04 09:34:00+09:00,13430.0,13430.0,13430.0,13430.0,213,0.0,0.0
2024-06-04 09:35:00+09:00,13400.0,13500.0,13390.0,13410.0,193,0.0,0.0
2024-06-04 09:36:00+09:00,13410.0,13410.0,13380.0,13380.0,237,0.0,0.0
2024-06-04 09:37:00+09:00,13380.0,13380.0,13370.0,13370.0,205,0.0,0.0
2024-06-04 09:38:00+09:00,13380.0,13380.0,13360.0,13360.0,384,0.0,0.0
2024-06-04 09:39:00+09:00,13410.0,13470.0,13410.0,13470.0,72,0.0,0.0
2024-06-04 09:40:00+09:00,13480.0,13490.0,13390.0,13390.0,21,0.0,0.0
2024-06-04 09:41:00+09:00,13410.0,13470.0,13410.0,13470.0,9,0.0,0.0
2024-06-04 09:42:00+09:00,13430.0,13470.0,13430.0,13470.0,192,0.0,0.0
2024-06-04 09:43:00+09:00,13420.0,13430.0,13400.0,13400.0,971,0.0,0.0
2024-06-04 09:44:00+09:00,13400.0,13400.0,13380.0,13380.0,267,0.0,0.0
2024-06-04 09:45:00+09:00,13400.0,13440.0,13390.0,13400.0,0,0.0,0.0
2024-06-04 09:46:00+09:00,13390.0,13390.0,13390.0,13390.0,10,0.0,0.0
2024-06-04 09:47:00+09:00,13380.0,13380.0,13350.0,13360.0,510,0.0,0.0
2024-06-04 09:48:00+09:00,13370.0,13390.0,13370.0,13380.0,82,0.0,0.0
2024-06-04 09:49:00+09:00,13390.0,13400.0,13390.0,13400.0,180,0.0,0.0
2024-06-04 09:50:00+09:00,13400.0,13410.0,13400.0,13410.0,0,0.0,0.0
2024-06-04 09:51:00+09:00,13420.0,13420.0,13420.0,13420.0,2,0.0,0.0
2024-06-04 09:52:00+09:00,13420.0,13430.0,13420.0,13430.0,20,0.0,0.0
2024-06-04 09:53:00+09:00,13430.0,13430.0,13430.0,13430.0,16,0.0,0.0
2024-06-04 09:54:00+09:00,13430.0,13430.0,13360.0,13360.0,417,0.0,0.0
2024-06-04 09:56:00+09:00,13380.0,13410.0,13380.0,13410.0,55,0.0,0.0
2024-06-04 09:57:00+09:00,13410.0,13410.0,13410.0,13410.0,2,0.0,0.0
2024-06-04 09:58:00+09:00,13410.0,13410.0,13400.0,13410.0,295,0.0,0.0
2024-06-04 09:59:00+09:00,13410.0,13410.0,13410.0,13410.0,0,0.0,0.0
2024-06-04 10:00:00+09:00,13410.0,13410.0,13400.0,13400.0,37,0.0,0.0
2024-06-04 10:01:00+09:00,13400.0,13440.0,13400.0,13440.0,1342,0.0,0.0
2024-06-04 10:02:00+09:00,13440.0,13500.0,13440.0,13500.0,915,0.0,0.0
2024-06-04 10:03:00+09:00,13470.0,13480.0,13470.0,13480.0,0,0.0,0.0
2024-06-04 10:04:00+09:00,13490.0,13500.0,13490.0,13490.0,24,0.0,0.0
2024-06-04 10:05:00+09:00,13500.0,13500.0,13470.0,13470.0,107,0.0,0.0
2024-06-04 10:06:00+09:00,13470.0,13470.0,13470.0,13470.0,17,0.0,0.0
2024-06-04 10:07:00+09:00,13470.0,13470.0,13470.0,13470.0,206,0.0,0.0
2024-06-04 10:08:00+09:00,13460.0,13460.0,13460.0,13460.0,10,0.0,0.0
2024-06-04 10:09:00+09:00,13460.0,13480.0,13460.0,13480.0,28,0.0,0.0
2024-06-04 10:12:00+09:00,13450.0,13450.0,13450.0,13450.0,0,0.0,0.0
2024-06-04 10:13:00+09:00,13480.0,13480.0,13480.0,13480.0,38187,0.0,0.0
2024-06-04 10:14:00+09:00,13480.0,13490.0,13480.0,13490.0,108,0.0,0.0
2024-06-04 10:15:00+09:00,13490.0,13490.0,13460.0,13460.0,281,0.0,0.0
2024-06-04 10:16:00+09:00,13460.0,13460.0,13460.0,13460.0,0,0.0,0.0
2024-06-04 10:17:00+09:00,13450.0,13490.0,13450.0,13490.0,2719,0.0,0.0
2024-06-04 10:19:00+09:00,13450.0,13450.0,13440.0,13440.0,972,0.0,0.0
2024-06-04 10:20:00+09:00,13420.0,13420.0,13420.0,13420.0,0,0.0,0.0
2024-06-04 10:21:00+09:00,13420.0,13440.0,13420.0,13440.0,1368,0.0,0.0
2024-06-04 10:22:00+09:00,13440.0,13440.0,13410.0,13410.0,276,0.0,0.0
2024-06-04 10:23:00+09:00,13480.0,13480.0,13480.0,13480.0,0,0.0,0.0
2024-06-04 10:24:00+09:00,13480.0,13480.0,13480.0,13480.0,46,0.0,0.0
2024-06-04 10:25:00+09:00,13480.0,13480.0,13460.0,13460.0,6,0.0,0.0
2024-06-04 10:26:00+09:00,13480.0,13480.0,13480.0,13480.0,219,0.0,0.0
2024-06-04 10:27:00+09:00,13480.0,13480.0,13480.0,13480.0,0,0.0,0.0
2024-06-04 10:28:00+09:00,13480.0,13480.0,13480.0,13480.0,130,0.0,0.0
2024-06-04 10:29:00+09:00,13460.0,13460.0,13430.0,13430.0,439,0.0,0.0
2024-06-04 10:30:00+09:00,13430.0,13430.0,13420.0,13420.0,272,0.0,0.0
2024-06-04 10:31:00+09:00,13420.0,13420.0,13400.0,13400.0,3042,0.0,0.0
2024-06-04 10:32:00+09:00,13400.0,13400.0,13330.0,13370.0,5223,0.0,0.0
2024-06-04 10:33:00+09:00,13330.0,13360.0,13320.0,13320.0,259,0.0,0.0
2024-06-04 10:34:00+09:00,13320.0,13320.0,13310.0,13310.0,3192,0.0,0.0
2024-06-04 10:35:00+09:00,13300.0,13310.0,13280.0,13300.0,2808,0.0,0.0
2024-06-04 10:36:00+09:00,13320.0,13320.0,13300.0,13310.0,95,0.0,0.0
2024-06-04 10:37:00+09:00,13320.0,13330.0,13310.0,13330.0,594,0.0,0.0
2024-06-04 10:38:00+09:00,13330.0,13330.0,13330.0,13330.0,0,0.0,0.0
2024-06-04 10:39:00+09:00,13330.0,13330.0,13320.0,13320.0,214,0.0,0.0
2024-06-04 10:40:00+09:00,13340.0,13340.0,13340.0,13340.0,339,0.0,0.0
2024-06-04 10:41:00+09:00,13350.0,13350.0,13350.0,13350.0,0,0.0,0.0
2024-06-04 10:42:00+09:00,13360.0,13390.0,13360.0,13390.0,4,0.0,0.0
2024-06-04 10:43:00+09:00,13400.0,13400.0,13370.0,13370.0,159,0.0,0.0
2024-06-04 10:44:00+09:00,13380.0,13380.0,13340.0,13340.0,80,0.0,0.0
2024-06-04 10:45:00+09:00,13340.0,13340.0,13330.0,13340.0,68,0.0,0.0
2024-06-04 10:46:00+09:00,13340.0,13340.0,13320.0,13320.0,1223,0.0,0.0
2024-06-04 10:47:00+09:00,13330.0,13330.0,13330.0,13330.0,0,0.0,0.0
2024-06-04 10:48:00+09:00,13330.0,13340.0,13330.0,13340.0,7,0.0,0.0
2024-06-04 10:49:00+09:00,13340.0,13340.0,13340.0,13340.0,2,0.0,0.0
2024-06-04 10:50:00+09:00,13340.0,13360.0,13340.0,13360.0,2297,0.0,0.0
2024-06-04 10:51:00+09:00,13360.0,13360.0,13360.0,13360.0,0,0.0,0.0
2024-06-04 10:52:00+09:00,13350.0,13350.0,13330.0,13330.0,28,0.0,0.0
2024-06-04 10:53:00+09:00,13330.0,13340.0,13330.0,13340.0,155,0.0,0.0
2024-06-04 10:55:00+09:00,13350.0,13350.0,13350.0,13350.0,2,0.0,0.0
2024-06-04 10:56:00+09:00,13350.0,13350.0,13350.0,13350.0,1,0.0,0.0
2024-06-04 10:57:00+09:00,13360.0,13360.0,13360.0,13360.0,6,0.0,0.0
2024-06-04 10:58:00+09:00,13360.0,13360.0,13320.0,13320.0,459,0.0,0.0
2024-06-04 10:59:00+09:00,13330.0,13330.0,13330.0,13330.0,17,0.0,0.0
2024-06-04 11:00:00+09:00,13340.0,13340.0,13330.0,13330.0,12,0.0,0.0
2024-06-04 11:02:00+09:00,13330.0,13340.0,13330.0,13340.0,135,0.0,0.0
2024-06-04 11:03:00+09:00,13340.0,13350.0,13340.0,13350.0,84,0.0,0.0
2024-06-04 11:04:00+09:00,13350.0,13360.0,13350.0,13360.0,5,0.0,0.0
2024-06-04 11:05:00+09:00,13350.0,13360.0,13350.0,13360.0,39,0.0,0.0
2024-06-04 11:06:00+09:00,13350.0,13350.0,13350.0,13350.0,195,0.0,0.0
2024-06-04 11:07:00+09:00,13350.0,13350.0,13350.0,13350.0,53,0.0,0.0
2024-06-04 11:08:00+09:00,13340.0,13340.0,13340.0,13340.0,0,0.0,0.0
2024-06-04 11:09:00+09:00,13340.0,13340.0,13340.0,13340.0,617,0.0,0.0
2024-06-04 11:10:00+09:00,13340.0,13340.0,13340.0,13340.0,0,0.0,0.0
2024-06-04 11:11:00+09:00,13340.0,13340.0,13340.0,13340.0,72,0.0,0.0
2024-06-04 11:13:00+09:00,13340.0,13350.0,13340.0,13350.0,158,0.0,0.0
2024-06-04 11:14:00+09:00,13340.0,13340.0,13330.0,13330.0,44,0.0,0.0
2024-06-04 11:16:00+09:00,13350.0,13360.0,13350.0,13360.0,1081,0.0,0.0
2024-06-04 11:18:00+09:00,13390.0,13400.0,13390.0,13400.0,237,0.0,0.0
2024-06-04 11:19:00+09:00,13400.0,13400.0,13400.0,13400.0,24,0.0,0.0
2024-06-04 11:20:00+09:00,13390.0,13390.0,13380.0,13390.0,617,0.0,0.0
2024-06-04 11:21:00+09:00,13380.0,13380.0,13370.0,13370.0,177,0.0,0.0
2024-06-04 11:22:00+09:00,13360.0,13360.0,13350.0,13350.0,62,0.0,0.0
2024-06-04 11:23:00+09:00,13370.0,13370.0,13350.0,13350.0,293,0.0,0.0
2024-06-04 11:24:00+09:00,13350.0,13350.0,13350.0,13350.0,0,0.0,0.0
2024-06-04 11:25:00+09:00,13350.0,13350.0,13350.0,13350.0,0,0.0,0.0
2024-06-04 11:26:00+09:00,13350.0,13350.0,13350.0,13350.0,462,0.0,0.0
2024-06-04 11:27:00+09:00,13350.0,13350.0,13350.0,13350.0,0,0.0,0.0
2024-06-04 11:28:00+09:00,13350.0,13350.0,13350.0,13350.0,13,0.0,0.0
2024-06-04 11:31:00+09:00,13370.0,13380.0,13370.0,13380.0,221,0.0,0.0
2024-06-04 11:34:00+09:00,13390.0,13390.0,13390.0,13390.0,0,0.0,0.0
2024-06-04 11:35:00+09:00,13390.0,13390.0,13390.0,13390.0,1,0.0,0.0
2024-06-04 11:37:00+09:00,13370.0,13370.0,13370.0,13370.0,11,0.0,0.0
2024-06-04 11:38:00+09:00,13370.0,13370.0,13330.0,13330.0,1601,0.0,0.0
2024-06-04 11:39:00+09:00,13330.0,13330.0,13330.0,13330.0,0,0.0,0.0
2024-06-04 11:40:00+09:00,13340.0,13340.0,13340.0,13340.0,111,0.0,0.0
2024-06-04 11:42:00+09:00,13390.0,13420.0,13390.0,13420.0,3068,0.0,0.0
2024-06-04 11:43:00+09:00,13360.0,13360.0,13360.0,13360.0,0,0.0,0.0
2024-06-04 11:45:00+09:00,13350.0,13350.0,13350.0,13350.0,0,0.0,0.0
2024-06-04 11:46:00+09:00,13420.0,13420.0,13400.0,13420.0,401,0.0,0.0
2024-06-04 11:47:00+09:00,13420.0,13420.0,13420.0,13420.0,235,0.0,0.0
2024-06-04 11:48:00+09:00,13420.0,13420.0,13420.0,13420.0,592,0.0,0.0
2024-06-04 11:49:00+09:00,13350.0,13350.0,13350.0,13350.0,0,0.0,0.0
2024-06-04 11:51:00+09:00,13370.0,13420.0,13370.0,13420.0,3,0.0,0.0
2024-06-04 11:52:00+09:00,13360.0,13360.0,13360.0,13360.0,16,0.0,0.0
2024-06-04 11:53:00+09:00,13370.0,13370.0,13370.0,13370.0,92,0.0,0.0
2024-06-04 11:55:00+09:00,13370.0,13370.0,13370.0,13370.0,0,0.0,0.0
2024-06-04 11:56:00+09:00,13370.0,13370.0,13340.0,13340.0,3367,0.0,0.0
2024-06-04 11:57:00+09:00,13400.0,13400.0,13400.0,13400.0,0,0.0,0.0
2024-06-04 11:58:00+09:00,13400.0,13400.0,13400.0,13400.0,0,0.0,0.0
2024-06-04 11:59:00+09:00,13350.0,13350.0,13350.0,13350.0,98,0.0,0.0
2024-06-04 12:00:00+09:00,13350.0,13350.0,13350.0,13350.0,31,0.0,0.0
2024-06-04 12:01:00+09:00,13350.0,13350.0,13350.0,13350.0,14,0.0,0.0
2024-06-04 12:04:00+09:00,13360.0,13360.0,13350.0,13350.0,417,0.0,0.0
2024-06-04 12:05:00+09:00,13350.0,13360.0,13350.0,13360.0,59,0.0,0.0
2024-06-04 12:06:00+09:00,13350.0,13350.0,13350.0,13350.0,0,0.0,0.0
2024-06-04 12:07:00+09:00,13370.0,13390.0,13370.0,13390.0,101,0.0,0.0
2024-06-04 12:08:00+09:00,13390.0,13390.0,13390.0,13390.0,2,0.0,0.0
2024-06-04 12:10:00+09:00,13390.0,13390.0,13390.0,13390.0,5,0.0,0.0
2024-06-04 12:11:00+09:00,13400.0,13400.0,13400.0,13400.0,159,0.0,0.0
2024-06-04 12:12:00+09:00,13410.0,13410.0,13410.0,13410.0,20,0.0,0.0
2024-06-04 12:13:00+09:00,13410.0,13410.0,13410.0,13410.0,0,0.0,0.0
2024-06-04 12:15:00+09:00,13410.0,13410.0,13410.0,13410.0,170,0.0,0.0
2024-06-04 12:17:00+09:00,13420.0,13420.0,13420.0,13420.0,99,0.0,0.0
2024-06-04 12:19:00+09:00,13420.0,13420.0,13420.0,13420.0,0,0.0,0.0
2024-06-04 12:20:00+09:00,13420.0,13420.0,13420.0,13420.0,8,0.0,0.0
2024-06-04 12:21:00+09:00,13420.0,13420.0,13420.0,13420.0,1186,0.0,0.0
2024-06-04 12:22:00+09:00,13420.0,13420.0,13420.0,13420.0,0,0.0,0.0
2024-06-04 12:23:00+09:00,13430.0,13440.0,13420.0,13420.0,652,0.0,0.0
2024-06-04 12:24:00+09:00,13440.0,13440.0,13440.0,13440.0,0,0.0,0.0
2024-06-04 12:25:00+09:00,13450.0,13510.0,13450.0,13510.0,1969,0.0,0.0
2024-06-04 12:26:00+09:00,13500.0,13500.0,13500.0,13500.0,0,0.0,0.0
2024-06-04 12:27:00+09:00,13500.0,13520.0,13500.0,13520.0,182,0.0,0.0
2024-06-04 12:28:00+09:00,13530.0,13530.0,13530.0,13530.0,8,0.0,0.0
2024-06-04 12:29:00+09:00,13520.0,13520.0,13520.0,13520.0,39,0.0,0.0
2024-06-04 12:30:00+09:00,13520.0,13520.0,13520.0,13520.0,104,0.0,0.0
2024-06-04 12:31:00+09:00,13530.0,13530.0,13520.0,13520.0,337,0.0,0.0
2024-06-04 12:32:00+09:00,13510.0,13510.0,13500.0,13500.0,874,0.0,0.0
2024-06-04 12:33:00+09:00,13500.0,13500.0,13490.0,13490.0,24,0.0,0.0
2024-06-04 12:34:00+09:00,13460.0,13500.0,13460.0,13500.0,2,0.0,0.0
2024-06-04 12:35:00+09:00,13490.0,13490.0,13490.0,13490.0,1,0.0,0.0
2024-06-04 12:39:00+09:00,13460.0,13490.0,13460.0,13490.0,50,0.0,0.0
2024-06-04 12:40:00+09:00,13470.0,13470.0,13470.0,13470.0,0,0.0,0.0
2024-06-04 12:41:00+09:00,13470.0,13470.0,13470.0,13470.0,234,0.0,0.0
2024-06-04 12:43:00+09:00,13470.0,13480.0,13470.0,13480.0,0,0.0,0.0
2024-06-04 12:44:00+09:00,13470.0,13470.0,13470.0,13470.0,12,0.0,0.0
2024-06-04 12:45:00+09:00,13470.0,13470.0,13470.0,13470.0,0,0.0,0.0
2024-06-04 12:46:00+09:00,13480.0,13480.0,13460.0,13460.0,43,0.0,0.0
2024-06-04 12:48:00+09:00,13460.0,13460.0,13460.0,13460.0,15,0.0,0.0
2024-06-04 12:49:00+09:00,13460.0,13460.0,13460.0,13460.0,0,0.0,0.0
2024-06-04 12:50:00+09:00,13490.0,13490.0,13460.0,13460.0,444,0.0,0.0
2024-06-04 12:51:00+09:00,13500.0,13550.0,13500.0,13550.0,760,0.0,0.0
2024-06-04 12:52:00+09:00,13550.0,13550.0,13520.0,13520.0,0,0.0,0.0
2024-06-04 12:53:00+09:00,13510.0,13510.0,13500.0,13500.0,6,0.0,0.0
2024-06-04 12:54:00+09:00,13510.0,13510.0,13500.0,13500.0,1799,0.0,0.0
2024-06-04 12:55:00+09:00,13480.0,13500.0,13470.0,13500.0,0,0.0,0.0
2024-06-04 12:56:00+09:00,13500.0,13570.0,13460.0,13570.0,342,0.0,0.0
2024-06-04 12:57:00+09:00,13570.0,13580.0,13570.0,13570.0,205,0.0,0.0
2024-06-04 12:58:00+09:00,13570.0,13600.0,13570.0,13600.0,643,0.0,0.0
2024-06-04 12:59:00+09:00,13600.0,13600.0,13510.0,13590.0,357,0.0,0.0
2024-06-04 13:00:00+09:00,13580.0,13590.0,13500.0,13500.0,375,0.0,0.0
2024-06-04 13:01:00+09:00,13510.0,13520.0,13490.0,13490.0,93,0.0,0.0
2024-06-04 13:02:00+09:00,13490.0,13490.0,13480.0,13480.0,0,0.0,0.0
2024-06-04 13:03:00+09:00,13490.0,13490.0,13490.0,13490.0,4,0.0,0.0
2024-06-04 13:04:00+09:00,13480.0,13480.0,13470.0,13470.0,192,0.0,0.0
2024-06-04 13:05:00+09:00,13500.0,13500.0,13500.0,13500.0,0,0.0,0.0
2024-06-04 13:06:00+09:00,13480.0,13480.0,13480.0,13480.0,8,0.0,0.0
2024-06-04 13:07:00+09:00,13500.0,13500.0,13480.0,13480.0,112,0.0,0.0
2024-06-04 13:08:00+09:00,13510.0,13510.0,13480.0,13480.0,106,0.0,0.0
2024-06-04 13:10:00+09:00,13480.0,13480.0,13480.0,13480.0,0,0.0,0.0
2024-06-04 13:11:00+09:00,13480.0,13480.0,13480.0,13480.0,0,0.0,0.0
2024-06-04 13:12:00+09:00,13500.0,13500.0,13500.0,13500.0,19,0.0,0.0
2024-06-04 13:13:00+09:00,13500.0,13500.0,13500.0,13500.0,10,0.0,0.0
2024-06-04 13:14:00+09:00,13510.0,13510.0,13500.0,13500.0,40,0.0,0.0
2024-06-04 13:15:00+09:00,13500.0,13510.0,13500.0,13510.0,5,0.0,0.0
2024-06-04 13:16:00+09:00,13500.0,13500.0,13490.0,13490.0,164,0.0,0.0
2024-06-04 13:18:00+09:00,13480.0,13490.0,13480.0,13490.0,105,0.0,0.0
2024-06-04 13:19:00+09:00,13490.0,13490.0,13490.0,13490.0,28,0.0,0.0
2024-06-04 13:20:00+09:00,13490.0,13490.0,13480.0,13480.0,216,0.0,0.0
2024-06-04 13:21:00+09:00,13480.0,13480.0,13480.0,13480.0,106,0.0,0.0
2024-06-04 13:22:00+09:00,13470.0,13470.0,13470.0,13470.0,45,0.0,0.0
2024-06-04 13:23:00+09:00,13480.0,13480.0,13480.0,13480.0,31,0.0,0.0
2024-06-04 13:24:00+09:00,13480.0,13480.0,13480.0,13480.0,0,0.0,0.0
2024-06-04 13:25:00+09:00,13480.0,13480.0,13480.0,13480.0,119,0.0,0.0
2024-06-04 13:26:00+09:00,13490.0,13490.0,13490.0,13490.0,380,0.0,0.0
2024-06-04 13:27:00+09:00,13480.0,13480.0,13470.0,13470.0,0,0.0,0.0
2024-06-04 13:28:00+09:00,13470.0,13480.0,13470.0,13480.0,382,0.0,0.0
2024-06-04 13:29:00+09:00,13480.0,13480.0,13480.0,13480.0,0,0.0,0.0
2024-06-04 13:30:00+09:00,13480.0,13480.0,13470.0,13470.0,387,0.0,0.0
2024-06-04 13:31:00+09:00,13460.0,13470.0,13450.0,13450.0,200,0.0,0.0
2024-06-04 13:32:00+09:00,13450.0,13450.0,13440.0,13440.0,1195,0.0,0.0
2024-06-04 13:33:00+09:00,13440.0,13440.0,13430.0,13430.0,0,0.0,0.0
2024-06-04 13:37:00+09:00,13440.0,13440.0,13440.0,13440.0,0,0.0,0.0
2024-06-04 13:38:00+09:00,13430.0,13430.0,13390.0,13390.0,3765,0.0,0.0
2024-06-04 13:39:00+09:00,13380.0,13380.0,13350.0,13350.0,1070,0.0,0.0
2024-06-04 13:42:00+09:00,13360.0,13360.0,13360.0,13360.0,0,0.0,0.0
2024-06-04 13:43:00+09:00,13360.0,13380.0,13350.0,13380.0,116,0.0,0.0
2024-06-04 13:44:00+09:00,13360.0,13360.0,13350.0,13350.0,23,0.0,0.0
2024-06-04 13:45:00+09:00,13370.0,13380.0,13370.0,13380.0,0,0.0,0.0
2024-06-04 13:46:00+09:00,13390.0,13390.0,13370.0,13370.0,9,0.0,0.0
2024-06-04 13:47:00+09:00,13390.0,13390.0,13390.0,13390.0,15,0.0,0.0
2024-06-04 13:49:00+09:00,13380.0,13390.0,13380.0,13390.0,11,0.0,0.0
2024-06-04 13:50:00+09:00,13390.0,13390.0,13370.0,13370.0,214,0.0,0.0
2024-06-04 13:52:00+09:00,13370.0,13370.0,13370.0,13370.0,0,0.0,0.0
2024-06-04 13:53:00+09:00,13390.0,13390.0,13390.0,13390.0,0,0.0,0.0
2024-06-04 13:55:00+09:00,13340.0,13340.0,13340.0,13340.0,2324,0.0,0.0
2024-06-04 13:57:00+09:00,13340.0,13340.0,13340.0,13340.0,171,0.0,0.0
2024-06-04 13:58:00+09:00,13370.0,13370.0,13330.0,13330.0,582,0.0,0.0
2024-06-04 13:59:00+09:00,13340.0,13340.0,13340.0,13340.0,0,0.0,0.0
2024-06-04 14:00:00+09:00,13340.0,13350.0,13330.0,13350.0,127,0.0,0.0
2024-06-04 14:02:00+09:00,13360.0,13390.0,13360.0,13390.0,383,0.0,0.0
2024-06-04 14:03:00+09:00,13390.0,13390.0,13390.0,13390.0,0,0.0,0.0
2024-06-04 14:05:00+09:00,13390.0,13390.0,13370.0,13370.0,16,0.0,0.0
2024-06-04 14:06:00+09:00,13370.0,13390.0,13370.0,13370.0,95,0.0,0.0
2024-06-04 14:07:00+09:00,13390.0,13390.0,13370.0,13370.0,596,0.0,0.0
2024-06-04 14:08:00+09:00,13370.0,13390.0,13370.0,13390.0,90,0.0,0.0
2024-06-04 14:09:00+09:00,13400.0,13400.0,13390.0,13390.0,312,0.0,0.0
2024-06-04 14:10:00+09:00,13360.0,13360.0,13350.0,13350.0,692,0.0,0.0
2024-06-04 14:11:00+09:00,13350.0,13350.0,13340.0,13340.0,224,0.0,0.0
2024-06-04 14:12:00+09:00,13350.0,13350.0,13330.0,13330.0,294,0.0,0.0
2024-06-04 14:13:00+09:00,13330.0,13340.0,13330.0,13340.0,17,0.0,0.0
2024-06-04 14:14:00+09:00,13340.0,13340.0,13330.0,13330.0,79,0.0,0.0
2024-06-04 14:15:00+09:00,13350.0,13380.0,13350.0,13360.0,626,0.0,0.0
2024-06-04 14:16:00+09:00,13340.0,13350.0,13330.0,13350.0,32,0.0,0.0
2024-06-04 14:18:00+09:00,13360.0,13380.0,13360.0,13380.0,111,0.0,0.0
2024-06-04 14:19:00+09:00,13390.0,13390.0,13350.0,13350.0,454,0.0,0.0
2024-06-04 14:20:00+09:00,13340.0,13340.0,13340.0,13340.0,116,0.0,0.0
2024-06-04 14:21:00+09:00,13340.0,13350.0,13340.0,13350.0,19,0.0,0.0
2024-06-04 14:22:00+09:00,13350.0,13360.0,13350.0,13350.0,56,0.0,0.0
2024-06-04 14:23:00+09:00,13350.0,13350.0,13350.0,13350.0,0,0.0,0.0
2024-06-04 14:24:00+09:00,13340.0,13340.0,13340.0,13340.0,475,0.0,0.0
2024-06-04 14:25:00+09:00,13330.0,13340.0,13330.0,13340.0,318,0.0,0.0
2024-06-04 14:26:00+09:00,13330.0,13330.0,13320.0,13320.0,58,0.0,0.0
2024-06-04 14:27:00+09:00,13330.0,13330.0,13330.0,13330.0,61,0.0,0.0
2024-06-04 14:28:00+09:00,13330.0,13330.0,13320.0,13320.0,526,0.0,0.0
2024-06-04 14:29:00+09:00,13320.0,13320.0,13320.0,13320.0,2290,0.0,0.0
2024-06-04 14:30:00+09:00,13320.0,13320.0,13320.0,13320.0,0,0.0,0.0
2024-06-04 14:31:00+09:00,13320.0,13320.0,13310.0,13310.0,1836,0.0,0.0
2024-06-04 14:32:00+09:00,13310.0,13310.0,13310.0,13310.0,0,0.0,0.0
2024-06-04 14:33:00+09:00,13320.0,13320.0,13310.0,13310.0,65,0.0,0.0
2024-06-04 14:34:00+09:00,13310.0,13310.0,13310.0,13310.0,50,0.0,0.0
2024-06-04 14:35:00+09:00,13320.0,13320.0,13320.0,13320.0,0,0.0,0.0
2024-06-04 14:36:00+09:00,13330.0,13330.0,13330.0,13330.0,69,0.0,0.0
2024-06-04 14:37:00+09:00,13330.0,13330.0,13320.0,13320.0,115,0.0,0.0
2024-06-04 14:38:00+09:00,13330.0,13340.0,13330.0,13340.0,234,0.0,0.0
2024-06-04 14:39:00+09:00,13340.0,13340.0,13340.0,13340.0,0,0.0,0.0
2024-06-04 14:40:00+09:00,13340.0,13340.0,13340.0,13340.0,17,0.0,0.0
2024-06-04 14:42:00+09:00,13330.0,13330.0,13330.0,13330.0,5,0.0,0.0
2024-06-04 14:43:00+09:00,13320.0,13320.0,13310.0,13320.0,496,0.0,0.0
2024-06-04 14:44:00+09:00,13320.0,13320.0,13320.0,13320.0,60,0.0,0.0
2024-06-04 14:46:00+09:00,13320.0,13320.0,13320.0,13320.0,34,0.0,0.0
2024-06-04 14:47:00+09:00,13310.0,13310.0,13310.0,13310.0,940,0.0,0.0
2024-06-04 14:48:00+09:00,13310.0,13310.0,13310.0,13310.0,195,0.0,0.0
2024-06-04 14:49:00+09:00,13310.0,13310.0,13290.0,13290.0,2270,0.0,0.0
2024-06-04 14:50:00+09:00,13290.0,13290.0,13290.0,13290.0,536,0.0,0.0
2024-06-04 14:51:00+09:00,13290.0,13290.0,13260.0,13270.0,5540,0.0,0.0
2024-06-04 14:52:00+09:00,13260.0,13270.0,13250.0,13270.0,660,0.0,0.0
2024-06-04 14:53:00+09:00,13270.0,13290.0,13270.0,13290.0,220,0.0,0.0
2024-06-04 14:54:00+09:00,13290.0,13290.0,13270.0,13290.0,462,0.0,0.0
2024-06-04 14:55:00+09:00,13290.0,13290.0,13290.0,13290.0,215,0.0,0.0
2024-06-04 14:56:00+09:00,13290.0,13320.0,13290.0,13320.0,596,0.0,0.0
2024-06-04 14:57:00+09:00,13320.0,13320.0,13290.0,13300.0,0,0.0,0.0
2024-06-04 14:59:00+09:00,13300.0,13300.0,13300.0,13300.0,30,0.0,0.0
2024-06-05 09:00:00+09:00,13050.0,13170.0,13050.0,13170.0,2564,0.0,0.0
2024-06-05 09:01:00+09:00,13210.0,13310.0,13130.0,13130.0,332,0.0,0.0
2024-06-05 09:02:00+09:00,13130.0,13130.0,13100.0,13130.0,585,0.0,0.0
2024-06-05 09:03:00+09:00,13100.0,13100.0,13060.0,13060.0,790,0.0,0.0
2024-06-05 09:04:00+09:00,13060.0,13090.0,13050.0,13090.0,903,0.0,0.0
2024-06-05 09:05:00+09:00,13090.0,13090.0,13070.0,13070.0,684,0.0,0.0
2024-06-05 09:06:00+09:00,13100.0,13170.0,13090.0,13170.0,1559,0.0,0.0
2024-06-05 09:07:00+09:00,13160.0,13160.0,13130.0,13130.0,12,0.0,0.0
2024-06-05 09:08:00+09:00,13130.0,13180.0,13130.0,13170.0,549,0.0,0.0
2024-06-05 09:09:00+09:00,13120.0,13170.0,13110.0,13110.0,1181,0.0,0.0
2024-06-05 09:10:00+09:00,13110.0,13110.0,13050.0,13050.0,2549,0.0,0.0
2024-06-05 09:11:00+09:00,13040.0,13110.0,13040.0,13050.0,2478,0.0,0.0
2024-06-05 09:12:00+09:00,13050.0,13060.0,12980.0,13000.0,1106,0.0,0.0
2024-06-05 09:13:00+09:00,13000.0,13000.0,12850.0,12850.0,3447,0.0,0.0
2024-06-05 09:14:00+09:00,12880.0,12890.0,12830.0,12830.0,1845,0.0,0.0
2024-06-05 09:15:00+09:00,12840.0,12860.0,12800.0,12860.0,1857,0.0,0.0
2024-06-05 09:16:00+09:00,12860.0,12860.0,12810.0,12860.0,269,0.0,0.0
2024-06-05 09:17:00+09:00,12900.0,12900.0,12900.0,12900.0,0,0.0,0.0
2024-06-05 09:18:00+09:00,12900.0,12900.0,12860.0,12900.0,2844,0.0,0.0
2024-06-05 09:19:00+09:00,12870.0,12870.0,12860.0,12860.0,381,0.0,0.0
2024-06-05 09:20:00+09:00,12910.0,12920.0,12910.0,12920.0,4,0.0,0.0
2024-06-05 09:21:00+09:00,12920.0,12920.0,12920.0,12920.0,123,0.0,0.0
2024-06-05 09:22:00+09:00,12910.0,12910.0,12910.0,12910.0,290,0.0,0.0
2024-06-05 09:23:00+09:00,12920.0,12930.0,12920.0,12930.0,212,0.0,0.0
2024-06-05 09:24:00+09:00,12940.0,12960.0,12940.0,12960.0,194,0.0,0.0
2024-06-05 09:25:00+09:00,12960.0,12980.0,12930.0,12930.0,755,0.0,0.0
2024-06-05 09:26:00+09:00,12940.0,12940.0,12940.0,12940.0,0,0.0,0.0
2024-06-05 09:27:00+09:00,12930.0,12930.0,12900.0,12910.0,1131,0.0,0.0
2024-06-05 09:28:00+09:00,12890.0,12890.0,12880.0,12890.0,927,0.0,0.0
2024-06-05 09:29:00+09:00,12890.0,12890.0,12860.0,12860.0,1216,0.0,0.0
2024-06-05 09:30:00+09:00,12860.0,12890.0,12860.0,12860.0,580,0.0,0.0
2024-06-05 09:31:00+09:00,12850.0,12850.0,12830.0,12840.0,1813,0.0,0.0
2024-06-05 09:32:00+09:00,12840.0,12840.0,12800.0,12820.0,1232,0.0,0.0
2024-06-05 09:33:00+09:00,12830.0,12830.0,12820.0,12830.0,109,0.0,0.0
2024-06-05 09:34:00+09:00,12830.0,12830.0,12820.0,12820.0,194,0.0,0.0
2024-06-05 09:35:00+09:00,12830.0,12830.0,12820.0,12820.0,130,0.0,0.0
2024-06-05 09:36:00+09:00,12850.0,12850.0,12810.0,12810.0,918,0.0,0.0
2024-06-05 09:37:00+09:00,12810.0,12810.0,12810.0,12810.0,202,0.0,0.0
2024-06-05 09:38:00+09:00,12840.0,12840.0,12770.0,12770.0,3316,0.0,0.0
2024-06-05 09:39:00+09:00,12780.0,12820.0,12760.0,12820.0,2245,0.0,0.0
2024-06-05 09:40:00+09:00,12820.0,12820.0,12770.0,12780.0,1340,0.0,0.0
2024-06-05 09:41:00+09:00,12780.0,12780.0,12770.0,12770.0,224,0.0,0.0
2024-06-05 09:42:00+09:00,12780.0,12780.0,12780.0,12780.0,851,0.0,0.0
2024-06-05 09:43:00+09:00,12810.0,12810.0,12760.0,12760.0,1242,0.0,0.0
2024-06-05 09:44:00+09:00,12770.0,12820.0,12770.0,12800.0,0,0.0,0.0
2024-06-05 09:45:00+09:00,12790.0,12800.0,12770.0,12770.0,495,0.0,0.0
2024-06-05 09:46:00+09:00,12770.0,12770.0,12700.0,12700.0,5471,0.0,0.0
2024-06-05 09:47:00+09:00,12710.0,12750.0,12700.0,12740.0,39,0.0,0.0
2024-06-05 09:48:00+09:00,12740.0,12750.0,12720.0,12720.0,480,0.0,0.0
2024-06-05 09:49:00+09:00,12730.0,12740.0,12720.0,12730.0,1866,0.0,0.0
2024-06-05 09:50:00+09:00,12730.0,12730.0,12710.0,12730.0,2872,0.0,0.0
2024-06-05 09:51:00+09:00,12730.0,12740.0,12730.0,12740.0,284,0.0,0.0
2024-06-05 09:52:00+09:00,12740.0,12740.0,12730.0,12730.0,931,0.0,0.0
2024-06-05 09:54:00+09:00,12730.0,12730.0,12730.0,12730.0,100,0.0,0.0
2024-06-05 09:55:00+09:00,12740.0,12740.0,12720.0,12720.0,142,0.0,0.0
2024-06-05 09:56:00+09:00,12730.0,12740.0,12730.0,12730.0,697,0.0,0.0
2024-06-05 09:58:00+09:00,12750.0,12810.0,12750.0,12810.0,4674,0.0,0.0
2024-06-05 09:59:00+09:00,12760.0,12830.0,12760.0,12830.0,288,0.0,0.0
2024-06-05 10:00:00+09:00,12780.0,12790.0,12690.0,12690.0,13062,0.0,0.0
2024-06-05 10:01:00+09:00,12720.0,12720.0,12720.0,12720.0,2,0.0,0.0
2024-06-05 10:02:00+09:00,12730.0,12790.0,12690.0,12690.0,2403,0.0,0.0
2024-06-05 10:03:00+09:00,12720.0,12800.0,12700.0,12710.0,0,0.0,0.0
2024-06-05 10:04:00+09:00,12710.0,12730.0,12710.0,12730.0,58,0.0,0.0
2024-06-05 10:05:00+09:00,12730.0,12730.0,12720.0,12730.0,21,0.0,0.0
2024-06-05 10:06:00+09:00,12730.0,12740.0,12730.0,12740.0,24,0.0,0.0
2024-06-05 10:07:00+09:00,12740.0,12740.0,12700.0,12740.0,463,0.0,0.0
2024-06-05 10:08:00+09:00,12730.0,12730.0,12720.0,12730.0,28,0.0,0.0
2024-06-05 10:10:00+09:00,12760.0,12760.0,12760.0,12760.0,0,0.0,0.0
2024-06-05 10:12:00+09:00,12790.0,12790.0,12790.0,12790.0,79380,0.0,0.0
2024-06-05 10:13:00+09:00,12790.0,12810.0,12790.0,12810.0,76,0.0,0.0
2024-06-05 10:14:00+09:00,12820.0,12840.0,12820.0,12830.0,100,0.0,0.0
2024-06-05 10:15:00+09:00,12840.0,12870.0,12820.0,12830.0,428,0.0,0.0
2024-06-05 10:16:00+09:00,12820.0,12830.0,12820.0,12820.0,496,0.0,0.0
2024-06-05 10:17:00+09:00,12800.0,12810.0,12800.0,12800.0,347,0.0,0.0
2024-06-05 10:18:00+09:00,12800.0,12800.0,12770.0,12770.0,14,0.0,0.0
2024-06-05 10:19:00+09:00,12770.0,12800.0,12770.0,12770.0,17,0.0,0.0
2024-06-05 10:20:00+09:00,12780.0,12810.0,12780.0,12810.0,83,0.0,0.0
2024-06-05 10:21:00+09:00,12820.0,12830.0,12810.0,12810.0,14,0.0,0.0
2024-06-05 10:22:00+09:00,12800.0,12800.0,12800.0,12800.0,1,0.0,0.0
2024-06-05 10:23:00+09:00,12800.0,12800.0,12800.0,12800.0,5,0.0,0.0
2024-06-05 10:24:00+09:00,12800.0,12840.0,12800.0,12840.0,247,0.0,0.0
2024-06-05 10:25:00+09:00,12800.0,12800.0,12800.0,12800.0,1027,0.0,0.0
2024-06-05 10:26:00+09:00,12810.0,12820.0,12790.0,12820.0,0,0.0,0.0
2024-06-05 10:27:00+09:00,12790.0,12820.0,12790.0,12820.0,58,0.0,0.0
2024-06-05 10:28:00+09:00,12830.0,12830.0,12800.0,12810.0,0,0.0,0.0
2024-06-05 10:29:00+09:00,12810.0,12820.0,12800.0,12800.0,230,0.0,0.0
2024-06-05 10:30:00+09:00,12830.0,12830.0,12830.0,12830.0,0,0.0,0.0
2024-06-05 10:31:00+09:00,12830.0,12830.0,12830.0,12830.0,27,0.0,0.0
2024-06-05 10:32:00+09:00,12830.0,12830.0,12830.0,12830.0,196,0.0,0.0
2024-06-05 10:34:00+09:00,12840.0,12850.0,12840.0,12840.0,96,0.0,0.0
2024-06-05 10:35:00+09:00,12850.0,12850.0,12840.0,12850.0,367,0.0,0.0
2024-06-05 10:36:00+09:00,12850.0,12850.0,12850.0,12850.0,302,0.0,0.0
2024-06-05 10:37:00+09:00,12860.0,12870.0,12860.0,12870.0,148,0.0,0.0
2024-06-05 10:38:00+09:00,12870.0,12880.0,12870.0,12870.0,379,0.0,0.0
2024-06-05 10:39:00+09:00,12880.0,12890.0,12870.0,12890.0,765,0.0,0.0
2024-06-05 10:40:00+09:00,12880.0,12890.0,12880.0,12890.0,74,0.0,0.0
2024-06-05 10:41:00+09:00,12890.0,12900.0,12860.0,12900.0,757,0.0,0.0
2024-06-05 10:42:00+09:00,12910.0,12940.0,12910.0,12910.0,108,0.0,0.0
2024-06-05 10:43:00+09:00,12930.0,12950.0,12930.0,12940.0,901,0.0,0.0
2024-06-05 10:44:00+09:00,12940.0,12940.0,12920.0,12920.0,492,0.0,0.0
2024-06-05 10:45:00+09:00,12920.0,12920.0,12910.0,12910.0,1470,0.0,0.0
2024-06-05 10:46:00+09:00,12900.0,12920.0,12900.0,12920.0,0,0.0,0.0
2024-06-05 10:49:00+09:00,12890.0,12890.0,12890.0,12890.0,0,0.0,0.0
2024-06-05 10:50:00+09:00,12890.0,12890.0,12870.0,12870.0,546,0.0,0.0
2024-06-05 10:51:00+09:00,12890.0,12890.0,12890.0,12890.0,5,0.0,0.0
2024-06-05 10:52:00+09:00,12890.0,12890.0,12890.0,12890.0,0,0.0,0.0
2024-06-05 10:53:00+09:00,12890.0,12890.0,12880.0,12880.0,35,0.0,0.0
2024-06-05 10:54:00+09:00,12880.0,12880.0,12870.0,12880.0,266,0.0,0.0
2024-06-05 10:55:00+09:00,12860.0,12860.0,12840.0,12840.0,943,0.0,0.0
2024-06-05 10:56:00+09:00,12830.0,12830.0,12820.0,12820.0,320,0.0,0.0
2024-06-05 10:57:00+09:00,12830.0,12830.0,12830.0,12830.0,108,0.0,0.0
2024-06-05 10:58:00+09:00,12840.0,12840.0,12840.0,12840.0,86,0.0,0.0
2024-06-05 10:59:00+09:00,12840.0,12840.0,12840.0,12840.0,350,0.0,0.0
2024-06-05 11:00:00+09:00,12860.0,12890.0,12840.0,12890.0,0,0.0,0.0
2024-06-05 11:03:00+09:00,12890.0,12890.0,12890.0,12890.0,0,0.0,0.0
2024-06-05 11:05:00+09:00,12890.0,12890.0,12890.0,12890.0,153,0.0,0.0
2024-06-05 11:06:00+09:00,12900.0,12900.0,12900.0,12900.0,0,0.0,0.0
2024-06-05 11:07:00+09:00,12910.0,12910.0,12910.0,12910.0,12,0.0,0.0
2024-06-05 11:08:00+09:00,12920.0,12920.0,12920.0,12920.0,15,0.0,0.0
2024-06-05 11:10:00+09:00,12920.0,12920.0,12910.0,12910.0,0,0.0,0.0
2024-06-05 11:11:00+09:00,12900.0,12900.0,12900.0,12900.0,53,0.0,0.0
2024-06-05 11:12:00+09:00,12900.0,12900.0,12900.0,12900.0,1,0.0,0.0
2024-06-05 11:13:00+09:00,12900.0,12900.0,12900.0,12900.0,373,0.0,0.0
2024-06-05 11:15:00+09:00,12890.0,12890.0,12840.0,12840.0,902,0.0,0.0
2024-06-05 11:16:00+09:00,12870.0,12910.0,12870.0,12910.0,0,0.0,0.0
2024-06-05 11:17:00+09:00,12910.0,12910.0,12910.0,12910.0,1,0.0,0.0
2024-06-05 11:18:00+09:00,12910.0,12910.0,12910.0,12910.0,19,0.0,0.0
2024-06-05 11:20:00+09:00,12850.0,12850.0,12850.0,12850.0,0,0.0,0.0
2024-06-05 11:22:00+09:00,12900.0,12900.0,12900.0,12900.0,126,0.0,0.0
2024-06-05 11:23:00+09:00,12900.0,12900.0,12900.0,12900.0,2,0.0,0.0
2024-06-05 11:24:00+09:00,12900.0,12900.0,12900.0,12900.0,14,0.0,0.0
2024-06-05 11:25:00+09:00,12900.0,12900.0,12900.0,12900.0,0,0.0,0.0
2024-06-05 11:26:00+09:00,12900.0,12900.0,12900.0,12900.0,1,0.0,0.0
2024-06-05 11:27:00+09:00,12870.0,12870.0,12860.0,12860.0,16,0.0,0.0
2024-06-05 11:28:00+09:00,12860.0,12870.0,12860.0,12860.0,11,0.0,0.0
2024-06-05 11:29:00+09:00,12890.0,12890.0,12890.0,12890.0,1,0.0,0.0
2024-06-05 11:30:00+09:00,12890.0,12890.0,12890.0,12890.0,7,0.0,0.0
2024-06-05 11:31:00+09:00,12880.0,12880.0,12870.0,12870.0,27,0.0,0.0
2024-06-05 11:34:00+09:00,12870.0,12870.0,12860.0,12860.0,36,0.0,0.0
2024-06-05 11:35:00+09:00,12860.0,12860.0,12860.0,12860.0,155,0.0,0.0
2024-06-05 11:36:00+09:00,12860.0,12860.0,12860.0,12860.0,711,0.0,0.0
2024-06-05 11:37:00+09:00,12850.0,12850.0,12850.0,12850.0,0,0.0,0.0
2024-06-05 11:39:00+09:00,12850.0,12850.0,12830.0,12830.0,785,0.0,0.0
2024-06-05 11:40:00+09:00,12830.0,12830.0,12830.0,12830.0,530,0.0,0.0
2024-06-05 11:41:00+09:00,12830.0,12830.0,12830.0,12830.0,0,0.0,0.0
2024-06-05 11:42:00+09:00,12830.0,12830.0,12830.0,12830.0,125,0.0,0.0
2024-06-05 11:46:00+09:00,12840.0,12860.0,12840.0,12860.0,124,0.0,0.0
2024-06-05 11:47:00+09:00,12860.0,12860.0,12860.0,12860.0,0,0.0,0.0
2024-06-05 11:48:00+09:00,12860.0,12860.0,12860.0,12860.0,9,0.0,0.0
2024-06-05 11:49:00+09:00,12860.0,12860.0,12840.0,12840.0,224,0.0,0.0
2024-06-05 11:52:00+09:00,12840.0,12840.0,12840.0,12840.0,0,0.0,0.0
2024-06-05 11:57:00+09:00,12850.0,12860.0,12840.0,12860.0,72,0.0,0.0
2024-06-05 11:58:00+09:00,12860.0,12860.0,12860.0,12860.0,0,0.0,0.0
2024-06-05 11:59:00+09:00,12870.0,12870.0,12870.0,12870.0,95,0.0,0.0
2024-06-05 12:01:00+09:00,12880.0,12880.0,12880.0,12880.0,0,0.0,0.0
2024-06-05 12:03:00+09:00,12880.0,12880.0,12870.0,12870.0,414,0.0,0.0
2024-06-05 12:04:00+09:00,12870.0,12870.0,12870.0,12870.0,0,0.0,0.0
2024-06-05 12:05:00+09:00,12860.0,12870.0,12850.0,12850.0,2989,0.0,0.0
2024-06-05 12:06:00+09:00,12870.0,12870.0,12870.0,12870.0,0,0.0,0.0
2024-06-05 12:07:00+09:00,12870.0,12870.0,12860.0,12860.0,63,0.0,0.0
2024-06-05 12:08:00+09:00,12880.0,12880.0,12880.0,12880.0,126,0.0,0.0
2024-06-05 12:10:00+09:00,12860.0,12860.0,12860.0,12860.0,0,0.0,0.0
2024-06-05 12:11:00+09:00,12860.0,12880.0,12860.0,12880.0,141,0.0,0.0
2024-06-05 12:12:00+09:00,12890.0,12890.0,12880.0,12880.0,80,0.0,0.0
2024-06-05 12:13:00+09:00,12870.0,12870.0,12860.0,12860.0,48,0.0,0.0
2024-06-05 12:14:00+09:00,12880.0,12880.0,12880.0,12880.0,371,0.0,0.0
2024-06-05 12:15:00+09:00,12880.0,12880.0,12880.0,12880.0,0,0.0,0.0
2024-06-05 12:16:00+09:00,12880.0,12880.0,12880.0,12880.0,12,0.0,0.0
2024-06-05 12:18:00+09:00,12880.0,12880.0,12880.0,12880.0,13,0.0,0.0
2024-06-05 12:20:00+09:00,12880.0,12880.0,12880.0,12880.0,44,0.0,0.0
2024-06-05 12:21:00+09:00,12880.0,12880.0,12880.0,12880.0,36,0.0,0.0
2024-06-05 12:23:00+09:00,12880.0,12880.0,12880.0,12880.0,32,0.0,0.0
2024-06-05 12:24:00+09:00,12870.0,12870.0,12870.0,12870.0,3,0.0,0.0
2024-06-05 12:25:00+09:00,12870.0,12870.0,12870.0,12870.0,1386,0.0,0.0
2024-06-05 12:27:00+09:00,12880.0,12880.0,12880.0,12880.0,0,0.0,0.0
2024-06-05 12:28:00+09:00,12880.0,12880.0,12880.0,12880.0,17,0.0,0.0
2024-06-05 12:30:00+09:00,12880.0,12880.0,12880.0,12880.0,18,0.0,0.0
2024-06-05 12:31:00+09:00,12870.0,12870.0,12860.0,12860.0,286,0.0,0.0
2024-06-05 12:32:00+09:00,12860.0,12860.0,12860.0,12860.0,319,0.0,0.0
2024-06-05 12:33:00+09:00,12870.0,12870.0,12870.0,12870.0,0,0.0,0.0
2024-06-05 12:34:00+09:00,12860.0,12870.0,12860.0,12870.0,179,0.0,0.0
2024-06-05 12:35:00+09:00,12880.0,12880.0,12870.0,12870.0,131,0.0,0.0
2024-06-05 12:36:00+09:00,12890.0,12890.0,12890.0,12890.0,0,0.0,0.0
2024-06-05 12:37:00+09:00,12890.0,12890.0,12890.0,12890.0,190,0.0,0.0
2024-06-05 12:38:00+09:00,12890.0,12890.0,12890.0,12890.0,36,0.0,0.0
2024-06-05 12:42:00+09:00,12890.0,12890.0,12890.0,12890.0,0,0.0,0.0
2024-06-05 12:43:00+09:00,12900.0,12900.0,12900.0,12900.0,295,0.0,0.0
2024-06-05 12:45:00+09:00,12910.0,12910.0,12900.0,12900.0,355,0.0,0.0
2024-06-05 12:46:00+09:00,12880.0,12920.0,12880.0,12920.0,0,0.0,0.0
2024-06-05 12:47:00+09:00,12920.0,12920.0,12920.0,12920.0,7,0.0,0.0
2024-06-05 12:48:00+09:00,12920.0,12920.0,12920.0,12920.0,15,0.0,0.0
2024-06-05 12:49:00+09:00,12920.0,12920.0,12920.0,12920.0,0,0.0,0.0
2024-06-05 12:50:00+09:00,12920.0,12920.0,12920.0,12920.0,5,0.0,0.0
2024-06-05 12:52:00+09:00,12900.0,12920.0,12900.0,12920.0,50,0.0,0.0
2024-06-05 12:54:00+09:00,12920.0,12920.0,12920.0,12920.0,448,0.0,0.0
2024-06-05 12:57:00+09:00,12920.0,12920.0,12920.0,12920.0,0,0.0,0.0
2024-06-05 12:58:00+09:00,12920.0,12920.0,12900.0,12900.0,610,0.0,0.0
2024-06-05 12:59:00+09:00,12900.0,12900.0,12900.0,12900.0,0,0.0,0.0
2024-06-05 13:00:00+09:00,12930.0,12930.0,12930.0,12930.0,0,0.0,0.0
2024-06-05 13:01:00+09:00,12900.0,12900.0,12900.0,12900.0,2,0.0,0.0
2024-06-05 13:02:00+09:00,12930.0,12940.0,12930.0,12940.0,423,0.0,0.0
2024-06-05 13:03:00+09:00,12950.0,12980.0,12940.0,12980.0,101,0.0,0.0
2024-06-05 13:06:00+09:00,12960.0,12960.0,12940.0,12940.0,553,0.0,0.0
2024-06-05 13:07:00+09:00,12940.0,12980.0,12940.0,12980.0,0,0.0,0.0
2024-06-05 13:11:00+09:00,12980.0,12980.0,12930.0,12930.0,249,0.0,0.0
2024-06-05 13:12:00+09:00,12930.0,12990.0,12910.0,12990.0,352,0.0,0.0
2024-06-05 13:13:00+09:00,12980.0,12980.0,12980.0,12980.0,5,0.0,0.0
2024-06-05 13:14:00+09:00,12970.0,12980.0,12970.0,12980.0,107,0.0,0.0
2024-06-05 13:17:00+09:00,12970.0,12970.0,12970.0,12970.0,0,0.0,0.0
2024-06-05 13:21:00+09:00,12950.0,12950.0,12950.0,12950.0,5,0.0,0.0
2024-06-05 13:22:00+09:00,12930.0,12930.0,12920.0,12930.0,848,0.0,0.0
2024-06-05 13:23:00+09:00,12930.0,12960.0,12930.0,12950.0,567,0.0,0.0
2024-06-05 13:24:00+09:00,12960.0,12960.0,12960.0,12960.0,60,0.0,0.0
2024-06-05 13:27:00+09:00,12940.0,12940.0,12940.0,12940.0,10,0.0,0.0
2024-06-05 13:28:00+09:00,12930.0,12930.0,12920.0,12930.0,216,0.0,0.0
2024-06-05 13:29:00+09:00,12930.0,12930.0,12930.0,12930.0,198,0.0,0.0
2024-06-05 13:31:00+09:00,12910.0,12910.0,12910.0,12910.0,2100,0.0,0.0
2024-06-05 13:33:00+09:00,12910.0,12910.0,12900.0,12900.0,0,0.0,0.0
2024-06-05 13:34:00+09:00,12900.0,12900.0,12900.0,12900.0,0,0.0,0.0
2024-06-05 13:35:00+09:00,12900.0,12900.0,12900.0,12900.0,149,0.0,0.0
2024-06-05 13:36:00+09:00,12900.0,12900.0,12900.0,12900.0,100,0.0,0.0
2024-06-05 13:37:00+09:00,12890.0,12900.0,12890.0,12900.0,25,0.0,0.0
2024-06-05 13:38:00+09:00,12900.0,12900.0,12890.0,12890.0,92,0.0,0.0
2024-06-05 13:40:00+09:00,12890.0,12890.0,12880.0,12880.0,848,0.0,0.0
2024-06-05 13:41:00+09:00,12900.0,12900.0,12900.0,12900.0,0,0.0,0.0
2024-06-05 13:43:00+09:00,12900.0,12900.0,12900.0,12900.0,99,0.0,0.0
2024-06-05 13:44:00+09:00,12890.0,12890.0,12890.0,12890.0,562,0.0,0.0
2024-06-05 13:46:00+09:00,12890.0,12890.0,12890.0,12890.0,0,0.0,0.0
2024-06-05 13:48:00+09:00,12890.0,12890.0,12890.0,12890.0,12,0.0,0.0
2024-06-05 13:49:00+09:00,12890.0,12890.0,12890.0,12890.0,0,0.0,0.0
2024-06-05 13:51:00+09:00,12890.0,12890.0,12890.0,12890.0,203,0.0,0.0
2024-06-05 13:52:00+09:00,12890.0,12900.0,12890.0,12900.0,558,0.0,0.0
2024-06-05 13:53:00+09:00,12900.0,12900.0,12900.0,12900.0,62,0.0,0.0
2024-06-05 13:54:00+09:00,12910.0,12930.0,12910.0,12930.0,2,0.0,0.0
2024-06-05 13:55:00+09:00,12930.0,12930.0,12930.0,12930.0,59,0.0,0.0
2024-06-05 13:57:00+09:00,12910.0,12910.0,12910.0,12910.0,85,0.0,0.0
2024-06-05 13:58:00+09:00,12900.0,12900.0,12900.0,12900.0,247,0.0,0.0
2024-06-05 14:00:00+09:00,12900.0,12900.0,12900.0,12900.0,163,0.0,0.0
2024-06-05 14:03:00+09:00,12930.0,12930.0,12930.0,12930.0,0,0.0,0.0
2024-06-05 14:04:00+09:00,12940.0,12950.0,12940.0,12950.0,212,0.0,0.0
2024-06-05 14:05:00+09:00,12960.0,12960.0,12950.0,12960.0,0,0.0,0.0
2024-06-05 14:06:00+09:00,12960.0,12970.0,12960.0,12970.0,215,0.0,0.0
2024-06-05 14:07:00+09:00,12970.0,12970.0,12970.0,12970.0,0,0.0,0.0
2024-06-05 14:08:00+09:00,12970.0,12970.0,12970.0,12970.0,1,0.0,0.0
2024-06-05 14:09:00+09:00,12960.0,12970.0,12890.0,12890.0,1757,0.0,0.0
2024-06-05 14:10:00+09:00,12900.0,12900.0,12900.0,12900.0,0,0.0,0.0
2024-06-05 14:11:00+09:00,12900.0,12900.0,12900.0,12900.0,127,0.0,0.0
2024-06-05 14:13:00+09:00,12910.0,12910.0,12910.0,12910.0,0,0.0,0.0
2024-06-05 14:14:00+09:00,12920.0,12920.0,12910.0,12910.0,203,0.0,0.0
2024-06-05 14:16:00+09:00,12910.0,12910.0,12910.0,12910.0,0,0.0,0.0
2024-06-05 14:17:00+09:00,12910.0,12910.0,12910.0,12910.0,11,0.0,0.0
2024-06-05 14:19:00+09:00,12920.0,12920.0,12910.0,12910.0,0,0.0,0.0
2024-06-05 14:22:00+09:00,12910.0,12920.0,12910.0,12910.0,442,0.0,0.0
2024-06-05 14:23:00+09:00,12910.0,12920.0,12910.0,12920.0,0,0.0,0.0
2024-06-05 14:24:00+09:00,12920.0,12920.0,12920.0,12920.0,19,0.0,0.0
2024-06-05 14:25:00+09:00,12920.0,12920.0,12920.0,12920.0,155,0.0,0.0
2024-06-05 14:26:00+09:00,12910.0,12910.0,12910.0,12910.0,78,0.0,0.0
2024-06-05 14:27:00+09:00,12910.0,12910.0,12900.0,12900.0,79,0.0,0.0
2024-06-05 14:28:00+09:00,12900.0,12900.0,12900.0,12900.0,0,0.0,0.0
2024-06-05 14:29:00+09:00,12890.0,12920.0,12890.0,12920.0,202,0.0,0.0
2024-06-05 14:30:00+09:00,12910.0,12910.0,12910.0,12910.0,0,0.0,0.0
2024-06-05 14:35:00+09:00,12930.0,12940.0,12930.0,12940.0,50,0.0,0.0
2024-06-05 14:38:00+09:00,12930.0,12930.0,12930.0,12930.0,24,0.0,0.0
2024-06-05 14:39:00+09:00,12930.0,12930.0,12930.0,12930.0,16,0.0,0.0
2024-06-05 14:41:00+09:00,12940.0,12960.0,12940.0,12960.0,436,0.0,0.0
2024-06-05 14:43:00+09:00,12940.0,12940.0,12940.0,12940.0,0,0.0,0.0
2024-06-05 14:44:00+09:00,12950.0,12950.0,12950.0,12950.0,179,0.0,0.0
2024-06-05 14:47:00+09:00,12960.0,12960.0,12950.0,12950.0,0,0.0,0.0
2024-06-05 14:50:00+09:00,12960.0,12960.0,12950.0,12950.0,699,0.0,0.0
2024-06-05 14:53:00+09:00,12950.0,12950.0,12950.0,12950.0,0,0.0,0.0
2024-06-05 14:54:00+09:00,12940.0,12940.0,12920.0,12920.0,198,0.0,0.0
2024-06-05 14:55:00+09:00,12910.0,12910.0,12910.0,12910.0,399,0.0,0.0
2024-06-05 14:56:00+09:00,12910.0,12910.0,12900.0,12900.0,75,0.0,0.0
2024-06-05 14:57:00+09:00,12900.0,12900.0,12900.0,12900.0,0,0.0,0.0
2024-06-05 14:58:00+09:00,12890.0,12900.0,12890.0,12900.0,641,0.0,0.0
2024-06-05 14:59:00+09:00,12900.0,12900.0,12890.0,12890.0,446,0.0,0.0
2024-06-07 09:00:00+09:00,13020.0,13030.0,12970.0,12970.0,0,0.0,0.0
2024-06-07 09:01:00+09:00,13020.0,13020.0,12980.0,12980.0,383,0.0,0.0
2024-06-07 09:02:00+09:00,12980.0,12980.0,12960.0,12970.0,549,0.0,0.0
2024-06-07 09:03:00+09:00,12980.0,13050.0,12980.0,13050.0,333,0.0,0.0
2024-06-07 09:04:00+09:00,13050.0,13050.0,12990.0,13040.0,170,0.0,0.0
2024-06-07 09:05:00+09:00,13040.0,13050.0,13040.0,13050.0,572,0.0,0.0
2024-06-07 09:06:00+09:00,13050.0,13050.0,13000.0,13050.0,841,0.0,0.0
2024-06-07 09:07:00+09:00,13040.0,13050.0,13030.0,13040.0,799,0.0,0.0
2024-06-07 09:08:00+09:00,13050.0,13050.0,13010.0,13040.0,1434,0.0,0.0
2024-06-07 09:09:00+09:00,13010.0,13040.0,13010.0,13010.0,627,0.0,0.0
2024-06-07 09:10:00+09:00,13040.0,13050.0,13040.0,13040.0,138,0.0,0.0
2024-06-07 09:11:00+09:00,13040.0,13040.0,13040.0,13040.0,22,0.0,0.0
2024-06-07 09:12:00+09:00,13020.0,13040.0,13010.0,13040.0,423,0.0,0.0
2024-06-07 09:13:00+09:00,13040.0,13070.0,13040.0,13070.0,200,0.0,0.0
2024-06-07 09:14:00+09:00,13080.0,13080.0,13040.0,13050.0,48,0.0,0.0
2024-06-07 09:15:00+09:00,13080.0,13100.0,13050.0,13070.0,159,0.0,0.0
2024-06-07 09:16:00+09:00,13100.0,13140.0,13050.0,13050.0,304,0.0,0.0
2024-06-07 09:17:00+09:00,13070.0,13070.0,13070.0,13070.0,150,0.0,0.0
2024-06-07 09:18:00+09:00,13060.0,13060.0,13030.0,13040.0,85,0.0,0.0
2024-06-07 09:19:00+09:00,13050.0,13060.0,13050.0,13050.0,304,0.0,0.0
2024-06-07 09:20:00+09:00,13050.0,13050.0,13030.0,13030.0,1225,0.0,0.0
2024-06-07 09:21:00+09:00,13040.0,13050.0,13040.0,13040.0,457,0.0,0.0
2024-06-07 09:22:00+09:00,13040.0,13040.0,13020.0,13020.0,124,0.0,0.0
2024-06-07 09:23:00+09:00,13030.0,13030.0,13010.0,13010.0,96,0.0,0.0
2024-06-07 09:24:00+09:00,13020.0,13020.0,13010.0,13010.0,1162,0.0,0.0
2024-06-07 09:25:00+09:00,13010.0,13020.0,13010.0,13020.0,0,0.0,0.0
2024-06-07 09:26:00+09:00,13010.0,13010.0,12990.0,12990.0,1179,0.0,0.0
2024-06-07 09:27:00+09:00,13000.0,13000.0,12990.0,13000.0,744,0.0,0.0
2024-06-07 09:28:00+09:00,13000.0,13010.0,13000.0,13010.0,0,0.0,0.0
2024-06-07 09:29:00+09:00,13000.0,13010.0,12980.0,12980.0,205,0.0,0.0
2024-06-07 09:30:00+09:00,12980.0,12980.0,12970.0,12970.0,688,0.0,0.0
2024-06-07 09:31:00+09:00,12960.0,12970.0,12920.0,12920.0,1185,0.0,0.0
2024-06-07 09:32:00+09:00,12920.0,12920.0,12870.0,12870.0,1366,0.0,0.0
2024-06-07 09:33:00+09:00,12870.0,12870.0,12830.0,12840.0,540,0.0,0.0
2024-06-07 09:34:00+09:00,12850.0,12850.0,12810.0,12810.0,523,0.0,0.0
2024-06-07 09:35:00+09:00,12810.0,12830.0,12810.0,12810.0,786,0.0,0.0
2024-06-07 09:36:00+09:00,12810.0,12980.0,12800.0,12980.0,527,0.0,0.0
2024-06-07 09:37:00+09:00,12950.0,12950.0,12900.0,12900.0,189,0.0,0.0
2024-06-07 09:38:00+09:00,12850.0,12850.0,12850.0,12850.0,0,0.0,0.0
2024-06-07 09:39:00+09:00,12850.0,12870.0,12850.0,12870.0,65,0.0,0.0
2024-06-07 09:40:00+09:00,12860.0,12860.0,12850.0,12850.0,554,0.0,0.0
2024-06-07 09:41:00+09:00,12840.0,12900.0,12840.0,12900.0,0,0.0,0.0
2024-06-07 09:42:00+09:00,12900.0,12900.0,12890.0,12890.0,2,0.0,0.0
2024-06-07 09:44:00+09:00,12880.0,12880.0,12850.0,12850.0,564,0.0,0.0
2024-06-07 09:45:00+09:00,12850.0,12850.0,12830.0,12830.0,453,0.0,0.0
2024-06-07 09:46:00+09:00,12850.0,12850.0,12850.0,12850.0,152,0.0,0.0
2024-06-07 09:47:00+09:00,12850.0,12850.0,12850.0,12850.0,547,0.0,0.0
2024-06-07 09:48:00+09:00,12850.0,12850.0,12850.0,12850.0,0,0.0,0.0
2024-06-07 09:49:00+09:00,12850.0,12850.0,12850.0,12850.0,119,0.0,0.0
2024-06-07 09:50:00+09:00,12850.0,12900.0,12850.0,12900.0,23,0.0,0.0
2024-06-07 09:51:00+09:00,12900.0,12900.0,12850.0,12850.0,47,0.0,0.0
2024-06-07 09:52:00+09:00,12900.0,12900.0,12900.0,12900.0,0,0.0,0.0
2024-06-07 09:53:00+09:00,12850.0,12900.0,12850.0,12890.0,131,0.0,0.0
2024-06-07 09:54:00+09:00,12850.0,12890.0,12830.0,12890.0,895,0.0,0.0
2024-06-07 09:55:00+09:00,12830.0,12830.0,12830.0,12830.0,20,0.0,0.0
2024-06-07 09:56:00+09:00,12840.0,12850.0,12800.0,12800.0,1874,0.0,0.0
2024-06-07 09:57:00+09:00,12790.0,12800.0,12700.0,12800.0,2602,0.0,0.0
2024-06-07 09:58:00+09:00,12720.0,12750.0,12690.0,12730.0,497,0.0,0.0
2024-06-07 09:59:00+09:00,12740.0,12740.0,12690.0,12690.0,804,0.0,0.0
2024-06-07 10:00:00+09:00,12730.0,12730.0,12700.0,12700.0,146,0.0,0.0
2024-06-07 10:01:00+09:00,12710.0,12730.0,12710.0,12730.0,0,0.0,0.0
2024-06-07 10:02:00+09:00,12730.0,12750.0,12720.0,12750.0,243,0.0,0.0
2024-06-07 10:03:00+09:00,12750.0,12750.0,12730.0,12730.0,57,0.0,0.0
2024-06-07 10:04:00+09:00,12750.0,12750.0,12740.0,12740.0,27,0.0,0.0
2024-06-07 10:05:00+09:00,12740.0,12790.0,12740.0,12790.0,14,0.0,0.0
2024-06-07 10:06:00+09:00,12790.0,12800.0,12730.0,12790.0,270,0.0,0.0
2024-06-07 10:07:00+09:00,12730.0,12730.0,12710.0,12720.0,206,0.0,0.0
2024-06-07 10:08:00+09:00,12710.0,12710.0,12690.0,12700.0,1218,0.0,0.0
2024-06-07 10:09:00+09:00,12700.0,12700.0,12700.0,12700.0,393,0.0,0.0
2024-06-07 10:10:00+09:00,12690.0,12700.0,12650.0,12660.0,865,0.0,0.0
2024-06-07 10:11:00+09:00,12670.0,12670.0,12660.0,12670.0,134,0.0,0.0
2024-06-07 10:12:00+09:00,12670.0,12680.0,12670.0,12680.0,73,0.0,0.0
2024-06-07 10:13:00+09:00,12680.0,12680.0,12670.0,12680.0,0,0.0,0.0
2024-06-07 10:14:00+09:00,12690.0,12690.0,12680.0,12680.0,1031,0.0,0.0
2024-06-07 10:15:00+09:00,12670.0,12670.0,12610.0,12620.0,4467,0.0,0.0
2024-06-07 10:16:00+09:00,12620.0,12620.0,12590.0,12600.0,1645,0.0,0.0
2024-06-07 10:17:00+09:00,12610.0,12630.0,12600.0,12600.0,74,0.0,0.0
2024-06-07 10:18:00+09:00,12600.0,12630.0,12530.0,12560.0,829,0.0,0.0
2024-06-07 10:19:00+09:00,12560.0,12660.0,12560.0,12660.0,640,0.0,0.0
2024-06-07 10:21:00+09:00,12620.0,12630.0,12590.0,12590.0,20,0.0,0.0
2024-06-07 10:22:00+09:00,12570.0,12580.0,12560.0,12560.0,230,0.0,0.0
2024-06-07 10:23:00+09:00,12570.0,12610.0,12560.0,12610.0,271,0.0,0.0
2024-06-07 10:24:00+09:00,12610.0,12650.0,12600.0,12650.0,330,0.0,0.0
2024-06-07 10:25:00+09:00,12650.0,12680.0,12650.0,12680.0,22,0.0,0.0
2024-06-07 10:26:00+09:00,12660.0,12670.0,12650.0,12670.0,484,0.0,0.0
2024-06-07 10:27:00+09:00,12660.0,12680.0,12620.0,12620.0,1097,0.0,0.0
2024-06-07 10:28:00+09:00,12620.0,12620.0,12620.0,12620.0,326,0.0,0.0
2024-06-07 10:29:00+09:00,12620.0,12620.0,12620.0,12620.0,0,0.0,0.0
2024-06-07 10:30:00+09:00,12630.0,12630.0,12610.0,12610.0,1044,0.0,0.0
2024-06-07 10:31:00+09:00,12610.0,12610.0,12610.0,12610.0,369,0.0,0.0
2024-06-07 10:32:00+09:00,12610.0,12610.0,12610.0,12610.0,0,0.0,0.0
2024-06-07 10:33:00+09:00,12630.0,12630.0,12630.0,12630.0,77,0.0,0.0
2024-06-07 10:34:00+09:00,12640.0,12670.0,12640.0,12650.0,0,0.0,0.0
2024-06-07 10:35:00+09:00,12650.0,12660.0,12650.0,12660.0,3,0.0,0.0
2024-06-07 10:36:00+09:00,12660.0,12660.0,12640.0,12660.0,347,0.0,0.0
2024-06-07 10:38:00+09:00,12630.0,12660.0,12600.0,12600.0,1256,0.0,0.0
2024-06-07 10:39:00+09:00,12600.0,12600.0,12590.0,12590.0,472,0.0,0.0
2024-06-07 10:40:00+09:00,12600.0,12600.0,12560.0,12560.0,1562,0.0,0.0
2024-06-07 10:41:00+09:00,12550.0,12550.0,12500.0,12510.0,3377,0.0,0.0
2024-06-07 10:42:00+09:00,12560.0,12560.0,12540.0,12540.0,131,0.0,0.0
2024-06-07 10:43:00+09:00,12550.0,12570.0,12530.0,12570.0,300,0.0,0.0
2024-06-07 10:44:00+09:00,12570.0,12570.0,12540.0,12540.0,1442,0.0,0.0
2024-06-07 10:45:00+09:00,12570.0,12580.0,12530.0,12540.0,1117,0.0,0.0
2024-06-07 10:46:00+09:00,12540.0,12540.0,12530.0,12530.0,694,0.0,0.0
2024-06-07 10:47:00+09:00,12530.0,12580.0,12530.0,12580.0,897,0.0,0.0
2024-06-07 10:48:00+09:00,12610.0,12610.0,12610.0,12610.0,0,0.0,0.0
2024-06-07 10:49:00+09:00,12610.0,12610.0,12610.0,12610.0,14,0.0,0.0
2024-06-07 10:50:00+09:00,12610.0,12630.0,12610.0,12630.0,16,0.0,0.0
2024-06-07 10:51:00+09:00,12640.0,12650.0,12640.0,12650.0,15,0.0,0.0
2024-06-07 10:52:00+09:00,12640.0,12650.0,12640.0,12650.0,53,0.0,0.0
2024-06-07 10:55:00+09:00,12650.0,12660.0,12650.0,12660.0,589,0.0,0.0
2024-06-07 10:56:00+09:00,12660.0,12660.0,12660.0,12660.0,135,0.0,0.0
2024-06-07 10:57:00+09:00,12660.0,12660.0,12620.0,12620.0,204,0.0,0.0
2024-06-07 10:58:00+09:00,12630.0,12630.0,12630.0,12630.0,0,0.0,0.0
2024-06-07 11:00:00+09:00,12630.0,12630.0,12630.0,12630.0,3,0.0,0.0
2024-06-07 11:01:00+09:00,12630.0,12630.0,12630.0,12630.0,159,0.0,0.0
2024-06-07 11:02:00+09:00,12630.0,12630.0,12620.0,12620.0,385,0.0,0.0
2024-06-07 11:03:00+09:00,12620.0,12620.0,12600.0,12600.0,840,0.0,0.0
2024-06-07 11:05:00+09:00,12620.0,12620.0,12600.0,12600.0,957,0.0,0.0
2024-06-07 11:06:00+09:00,12600.0,12630.0,12600.0,12630.0,0,0.0,0.0
2024-06-07 11:07:00+09:00,12600.0,12600.0,12600.0,12600.0,8,0.0,0.0
2024-06-07 11:08:00+09:00,12600.0,12620.0,12600.0,12620.0,297,0.0,0.0
2024-06-07 11:09:00+09:00,12620.0,12630.0,12620.0,12630.0,540,0.0,0.0
2024-06-07 11:10:00+09:00,12630.0,12630.0,12600.0,12600.0,150,0.0,0.0
2024-06-07 11:11:00+09:00,12610.0,12610.0,12600.0,12600.0,50,0.0,0.0
2024-06-07 11:12:00+09:00,12610.0,12630.0,12600.0,12630.0,48,0.0,0.0
2024-06-07 11:15:00+09:00,12630.0,12630.0,12630.0,12630.0,59,0.0,0.0
2024-06-07 11:17:00+09:00,12620.0,12620.0,12620.0,12620.0,0,0.0,0.0
2024-06-07 11:18:00+09:00,12640.0,12640.0,12640.0,12640.0,1,0.0,0.0
2024-06-07 11:19:00+09:00,12640.0,12650.0,12640.0,12650.0,11,0.0,0.0
2024-06-07 11:20:00+09:00,12650.0,12660.0,12650.0,12660.0,78,0.0,0.0
2024-06-07 11:21:00+09:00,12660.0,12670.0,12660.0,12670.0,66,0.0,0.0
2024-06-07 11:22:00+09:00,12670.0,12670.0,12580.0,12640.0,1367,0.0,0.0
2024-06-07 11:23:00+09:00,12640.0,12670.0,12640.0,12670.0,43,0.0,0.0
2024-06-07 11:24:00+09:00,12680.0,12680.0,12680.0,12680.0,1,0.0,0.0
2024-06-07 11:28:00+09:00,12650.0,12650.0,12610.0,12610.0,74,0.0,0.0
2024-06-07 11:29:00+09:00,12610.0,12610.0,12610.0,12610.0,1,0.0,0.0
2024-06-07 11:30:00+09:00,12610.0,12610.0,12610.0,12610.0,5,0.0,0.0
2024-06-07 11:31:00+09:00,12620.0,12660.0,12620.0,12620.0,238,0.0,0.0
2024-06-07 11:32:00+09:00,12610.0,12610.0,12610.0,12610.0,0,0.0,0.0
2024-06-07 11:34:00+09:00,12620.0,12670.0,12620.0,12670.0,427,0.0,0.0
2024-06-07 11:37:00+09:00,12680.0,12680.0,12680.0,12680.0,28,0.0,0.0
2024-06-07 11:38:00+09:00,12680.0,12680.0,12610.0,12630.0,167,0.0,0.0
2024-06-07 11:40:00+09:00,12630.0,12630.0,12630.0,12630.0,17,0.0,0.0
2024-06-07 11:41:00+09:00,12640.0,12640.0,12640.0,12640.0,78,0.0,0.0
2024-06-07 11:43:00+09:00,12680.0,12680.0,12680.0,12680.0,4,0.0,0.0
2024-06-07 11:44:00+09:00,12640.0,12640.0,12640.0,12640.0,34,0.0,0.0
2024-06-07 11:45:00+09:00,12640.0,12640.0,12640.0,12640.0,34,0.0,0.0
2024-06-07 11:48:00+09:00,12640.0,12640.0,12640.0,12640.0,102,0.0,0.0
2024-06-07 11:49:00+09:00,12640.0,12690.0,12640.0,12690.0,0,0.0,0.0
2024-06-07 11:50:00+09:00,12690.0,12690.0,12690.0,12690.0,0,0.0,0.0
2024-06-07 11:51:00+09:00,12690.0,12690.0,12690.0,12690.0,25,0.0,0.0
2024-06-07 11:54:00+09:00,12690.0,12690.0,12650.0,12650.0,91,0.0,0.0
2024-06-07 11:55:00+09:00,12670.0,12670.0,12650.0,12650.0,73,0.0,0.0
2024-06-07 11:56:00+09:00,12640.0,12640.0,12640.0,12640.0,0,0.0,0.0
2024-06-07 11:57:00+09:00,12690.0,12690.0,12690.0,12690.0,0,0.0,0.0
2024-06-07 11:58:00+09:00,12650.0,12690.0,12640.0,12690.0,61,0.0,0.0
2024-06-07 11:59:00+09:00,12690.0,12690.0,12690.0,12690.0,19,0.0,0.0
2024-06-07 12:01:00+09:00,12690.0,12700.0,12690.0,12700.0,492,0.0,0.0
2024-06-07 12:02:00+09:00,12700.0,12700.0,12650.0,12650.0,30,0.0,0.0
2024-06-07 12:03:00+09:00,12640.0,12640.0,12640.0,12640.0,274,0.0,0.0
2024-06-07 12:05:00+09:00,12630.0,12630.0,12630.0,12630.0,0,0.0,0.0
2024-06-07 12:06:00+09:00,12640.0,12640.0,12630.0,12640.0,21,0.0,0.0
2024-06-07 12:07:00+09:00,12630.0,12630.0,12630.0,12630.0,354,0.0,0.0
2024-06-07 12:08:00+09:00,12630.0,12630.0,12630.0,12630.0,0,0.0,0.0
2024-06-07 12:09:00+09:00,12640.0,12640.0,12640.0,12640.0,20,0.0,0.0
2024-06-07 12:10:00+09:00,12640.0,12640.0,12640.0,12640.0,10,0.0,0.0
2024-06-07 12:11:00+09:00,12640.0,12650.0,12630.0,12650.0,38,0.0,0.0
2024-06-07 12:12:00+09:00,12650.0,12660.0,12650.0,12660.0,74,0.0,0.0
2024-06-07 12:13:00+09:00,12660.0,12660.0,12630.0,12630.0,1135,0.0,0.0
2024-06-07 12:14:00+09:00,12660.0,12660.0,12630.0,12630.0,0,0.0,0.0
2024-06-07 12:15:00+09:00,12630.0,12660.0,12630.0,12660.0,13,0.0,0.0
2024-06-07 12:16:00+09:00,12650.0,12650.0,12650.0,12650.0,6,0.0,0.0
2024-06-07 12:18:00+09:00,12640.0,12640.0,12640.0,12640.0,121,0.0,0.0
2024-06-07 12:21:00+09:00,12650.0,12650.0,12650.0,12650.0,0,0.0,0.0
2024-06-07 12:23:00+09:00,12650.0,12650.0,12650.0,12650.0,93,0.0,0.0
2024-06-07 12:24:00+09:00,12650.0,12650.0,12650.0,12650.0,19,0.0,0.0
2024-06-07 12:26:00+09:00,12660.0,12660.0,12660.0,12660.0,1,0.0,0.0
2024-06-07 12:27:00+09:00,12660.0,12690.0,12660.0,12690.0,212,0.0,0.0
2024-06-07 12:28:00+09:00,12690.0,12690.0,12660.0,12660.0,11,0.0,0.0
2024-06-07 12:29:00+09:00,12660.0,12690.0,12660.0,12690.0,10,0.0,0.0
2024-06-07 12:30:00+09:00,12690.0,12700.0,12690.0,12700.0,969,0.0,0.0
2024-06-07 12:31:00+09:00,12670.0,12670.0,12670.0,12670.0,0,0.0,0.0
2024-06-07 12:32:00+09:00,12670.0,12670.0,12670.0,12670.0,10,0.0,0.0
2024-06-07 12:33:00+09:00,12670.0,12670.0,12660.0,12660.0,39,0.0,0.0
2024-06-07 12:34:00+09:00,12660.0,12660.0,12660.0,12660.0,0,0.0,0.0
2024-06-07 12:35:00+09:00,12670.0,12670.0,12670.0,12670.0,24,0.0,0.0
2024-06-07 12:38:00+09:00,12670.0,12670.0,12670.0,12670.0,0,0.0,0.0
2024-06-07 12:40:00+09:00,12670.0,12680.0,12670.0,12680.0,105,0.0,0.0
2024-06-07 12:41:00+09:00,12680.0,12680.0,12680.0,12680.0,8,0.0,0.0
2024-06-07 12:42:00+09:00,12690.0,12720.0,12690.0,12720.0,513,0.0,0.0
2024-06-07 12:43:00+09:00,12720.0,12730.0,12720.0,12720.0,445,0.0,0.0
2024-06-07 12:44:00+09:00,12720.0,12750.0,12720.0,12750.0,1261,0.0,0.0
2024-06-07 12:46:00+09:00,12750.0,12750.0,12750.0,12750.0,0,0.0,0.0
2024-06-07 12:47:00+09:00,12750.0,12750.0,12750.0,12750.0,56,0.0,0.0
2024-06-07 12:48:00+09:00,12750.0,12760.0,12740.0,12760.0,0,0.0,0.0
2024-06-07 12:49:00+09:00,12760.0,12760.0,12760.0,12760.0,23,0.0,0.0
2024-06-07 12:50:00+09:00,12760.0,12760.0,12760.0,12760.0,307,0.0,0.0
2024-06-07 12:51:00+09:00,12760.0,12760.0,12760.0,12760.0,0,0.0,0.0
2024-06-07 12:52:00+09:00,12760.0,12760.0,12760.0,12760.0,3,0.0,0.0
2024-06-07 12:53:00+09:00,12760.0,12760.0,12760.0,12760.0,399,0.0,0.0
2024-06-07 12:54:00+09:00,12750.0,12760.0,12750.0,12760.0,0,0.0,0.0
2024-06-07 12:55:00+09:00,12760.0,12760.0,12760.0,12760.0,155,0.0,0.0
2024-06-07 12:58:00+09:00,12760.0,12760.0,12760.0,12760.0,0,0.0,0.0
2024-06-07 13:00:00+09:00,12730.0,12730.0,12730.0,12730.0,7,0.0,0.0
2024-06-07 13:01:00+09:00,12730.0,12730.0,12730.0,12730.0,10,0.0,0.0
2024-06-07 13:02:00+09:00,12730.0,12750.0,12730.0,12750.0,19,0.0,0.0
2024-06-07 13:03:00+09:00,12760.0,12770.0,12760.0,12770.0,341,0.0,0.0
2024-06-07 13:04:00+09:00,12780.0,12790.0,12780.0,12790.0,0,0.0,0.0
2024-06-07 13:05:00+09:00,12790.0,12790.0,12790.0,12790.0,128,0.0,0.0
2024-06-07 13:06:00+09:00,12800.0,12890.0,12780.0,12890.0,1636,0.0,0.0
2024-06-07 13:07:00+09:00,12870.0,12880.0,12800.0,12800.0,168,0.0,0.0
2024-06-07 13:08:00+09:00,12800.0,12800.0,12800.0,12800.0,155,0.0,0.0
2024-06-07 13:09:00+09:00,12800.0,12800.0,12800.0,12800.0,164,0.0,0.0
2024-06-07 13:10:00+09:00,12800.0,12800.0,12770.0,12770.0,959,0.0,0.0
2024-06-07 13:11:00+09:00,12770.0,12770.0,12770.0,12770.0,0,0.0,0.0
2024-06-07 13:12:00+09:00,12770.0,12770.0,12770.0,12770.0,27,0.0,0.0
2024-06-07 13:13:00+09:00,12770.0,12770.0,12770.0,12770.0,0,0.0,0.0
2024-06-07 13:14:00+09:00,12780.0,12780.0,12770.0,12770.0,16,0.0,0.0
2024-06-07 13:15:00+09:00,12830.0,12830.0,12830.0,12830.0,0,0.0,0.0
2024-06-07 13:16:00+09:00,12820.0,12830.0,12820.0,12830.0,163,0.0,0.0
2024-06-07 13:17:00+09:00,12830.0,12830.0,12830.0,12830.0,77,0.0,0.0
2024-06-07 13:18:00+09:00,12810.0,12810.0,12810.0,12810.0,0,0.0,0.0
2024-06-07 13:19:00+09:00,12810.0,12810.0,12810.0,12810.0,12,0.0,0.0
2024-06-07 13:20:00+09:00,12780.0,12780.0,12780.0,12780.0,66,0.0,0.0
2024-06-07 13:21:00+09:00,12800.0,12800.0,12800.0,12800.0,1,0.0,0.0
2024-06-07 13:22:00+09:00,12800.0,12800.0,12800.0,12800.0,4,0.0,0.0
2024-06-07 13:24:00+09:00,12800.0,12800.0,12800.0,12800.0,117,0.0,0.0
2024-06-07 13:25:00+09:00,12800.0,12800.0,12800.0,12800.0,0,0.0,0.0
2024-06-07 13:26:00+09:00,12810.0,12820.0,12810.0,12820.0,56,0.0,0.0
2024-06-07 13:27:00+09:00,12810.0,12830.0,12810.0,12830.0,53,0.0,0.0
2024-06-07 13:28:00+09:00,12830.0,12830.0,12800.0,12800.0,547,0.0,0.0
2024-06-07 13:29:00+09:00,12830.0,12830.0,12830.0,12830.0,60,0.0,0.0
2024-06-07 13:30:00+09:00,12830.0,12830.0,12830.0,12830.0,1,0.0,0.0
2024-06-07 13:33:00+09:00,12820.0,12830.0,12820.0,12820.0,53,0.0,0.0
2024-06-07 13:34:00+09:00,12820.0,12830.0,12820.0,12830.0,0,0.0,0.0
2024-06-07 13:35:00+09:00,12820.0,12820.0,12810.0,12810.0,43,0.0,0.0
2024-06-07 13:36:00+09:00,12800.0,12800.0,12800.0,12800.0,1,0.0,0.0
2024-06-07 13:37:00+09:00,12800.0,12810.0,12790.0,12810.0,223,0.0,0.0
2024-06-07 13:38:00+09:00,12810.0,12810.0,12790.0,12790.0,257,0.0,0.0
2024-06-07 13:39:00+09:00,12790.0,12790.0,12790.0,12790.0,89,0.0,0.0
2024-06-07 13:40:00+09:00,12790.0,12790.0,12790.0,12790.0,252,0.0,0.0
2024-06-07 13:42:00+09:00,12790.0,12790.0,12790.0,12790.0,0,0.0,0.0
2024-06-07 13:45:00+09:00,12800.0,12800.0,12800.0,12800.0,19,0.0,0.0
2024-06-07 13:46:00+09:00,12790.0,12790.0,12770.0,12770.0,666,0.0,0.0
2024-06-07 13:47:00+09:00,12770.0,12770.0,12770.0,12770.0,0,0.0,0.0
2024-06-07 13:48:00+09:00,12770.0,12770.0,12770.0,12770.0,5,0.0,0.0
2024-06-07 13:49:00+09:00,12770.0,12810.0,12770.0,12800.0,1023,0.0,0.0
2024-06-07 13:50:00+09:00,12810.0,12830.0,12810.0,12820.0,399,0.0,0.0
2024-06-07 13:51:00+09:00,12800.0,12800.0,12800.0,12800.0,1,0.0,0.0
2024-06-07 13:52:00+09:00,12810.0,12830.0,12810.0,12830.0,488,0.0,0.0
2024-06-07 13:53:00+09:00,12840.0,12840.0,12840.0,12840.0,53,0.0,0.0
2024-06-07 13:55:00+09:00,12840.0,12840.0,12840.0,12840.0,35,0.0,0.0
2024-06-07 13:56:00+09:00,12850.0,12850.0,12850.0,12850.0,0,0.0,0.0
2024-06-07 13:58:00+09:00,12860.0,12860.0,12860.0,12860.0,338,0.0,0.0
2024-06-07 13:59:00+09:00,12850.0,12860.0,12850.0,12860.0,76,0.0,0.0
2024-06-07 14:00:00+09:00,12870.0,12870.0,12870.0,12870.0,0,0.0,0.0
2024-06-07 14:01:00+09:00,12870.0,12870.0,12870.0,12870.0,66,0.0,0.0
2024-06-07 14:02:00+09:00,12880.0,12890.0,12880.0,12890.0,203,0.0,0.0
2024-06-07 14:03:00+09:00,12890.0,12890.0,12890.0,12890.0,160,0.0,0.0
2024-06-07 14:04:00+09:00,12890.0,12900.0,12890.0,12890.0,0,0.0,0.0
2024-06-07 14:05:00+09:00,12900.0,12900.0,12890.0,12900.0,150,0.0,0.0
2024-06-07 14:06:00+09:00,12880.0,12900.0,12870.0,12870.0,257,0.0,0.0
2024-06-07 14:07:00+09:00,12870.0,12870.0,12870.0,12870.0,120,0.0,0.0
2024-06-07 14:08:00+09:00,12870.0,12870.0,12870.0,12870.0,0,0.0,0.0
2024-06-07 14:09:00+09:00,12870.0,12880.0,12870.0,12880.0,109,0.0,0.0
2024-06-07 14:10:00+09:00,12880.0,12880.0,12880.0,12880.0,9,0.0,0.0
2024-06-07 14:11:00+09:00,12880.0,12880.0,12880.0,12880.0,164,0.0,0.0
2024-06-07 14:12:00+09:00,12870.0,12890.0,12870.0,12890.0,0,0.0,0.0
2024-06-07 14:14:00+09:00,12890.0,12910.0,12890.0,12910.0,427,0.0,0.0
2024-06-07 14:15:00+09:00,12890.0,12900.0,12890.0,12900.0,502,0.0,0.0
2024-06-07 14:16:00+09:00,12900.0,12900.0,12900.0,12900.0,20,0.0,0.0
2024-06-07 14:17:00+09:00,12900.0,12910.0,12900.0,12910.0,287,0.0,0.0
2024-06-07 14:18:00+09:00,12910.0,12910.0,12910.0,12910.0,0,0.0,0.0
2024-06-07 14:19:00+09:00,12910.0,12910.0,12910.0,12910.0,16,0.0,0.0
2024-06-07 14:20:00+09:00,12910.0,12910.0,12900.0,12900.0,0,0.0,0.0
2024-06-07 14:21:00+09:00,12910.0,12970.0,12910.0,12970.0,743,0.0,0.0
2024-06-07 14:22:00+09:00,12960.0,12960.0,12960.0,12960.0,30,0.0,0.0
2024-06-07 14:23:00+09:00,12950.0,12960.0,12950.0,12960.0,0,0.0,0.0
2024-06-07 14:24:00+09:00,12920.0,12920.0,12920.0,12920.0,100,0.0,0.0
2024-06-07 14:25:00+09:00,12930.0,12930.0,12930.0,12930.0,0,0.0,0.0
2024-06-07 14:26:00+09:00,12930.0,12930.0,12920.0,12930.0,109,0.0,0.0
2024-06-07 14:27:00+09:00,12930.0,12930.0,12930.0,12930.0,39,0.0,0.0
2024-06-07 14:28:00+09:00,12930.0,12930.0,12930.0,12930.0,8,0.0,0.0
2024-06-07 14:29:00+09:00,12940.0,12970.0,12940.0,12970.0,472,0.0,0.0
2024-06-07 14:30:00+09:00,12970.0,12970.0,12970.0,12970.0,195,0.0,0.0
2024-06-07 14:31:00+09:00,12930.0,12950.0,12930.0,12950.0,0,0.0,0.0
2024-06-07 14:32:00+09:00,12930.0,12930.0,12930.0,12930.0,84,0.0,0.0
2024-06-07 14:33:00+09:00,12930.0,12930.0,12930.0,12930.0,0,0.0,0.0
2024-06-07 14:34:00+09:00,12950.0,12960.0,12950.0,12960.0,435,0.0,0.0
2024-06-07 14:35:00+09:00,12960.0,12970.0,12960.0,12970.0,0,0.0,0.0
2024-06-07 14:36:00+09:00,12970.0,12970.0,12970.0,12970.0,5,0.0,0.0
2024-06-07 14:37:00+09:00,12970.0,12970.0,12970.0,12970.0,46,0.0,0.0
2024-06-07 14:38:00+09:00,12980.0,12980.0,12970.0,12970.0,0,0.0,0.0
2024-06-07 14:39:00+09:00,12970.0,13020.0,12970.0,13020.0,2234,0.0,0.0
2024-06-07 14:40:00+09:00,13020.0,13030.0,13020.0,13030.0,0,0.0,0.0
2024-06-07 14:41:00+09:00,13030.0,13050.0,13020.0,13050.0,739,0.0,0.0
2024-06-07 14:42:00+09:00,13060.0,13080.0,13060.0,13080.0,439,0.0,0.0
2024-06-07 14:43:00+09:00,13080.0,13080.0,13020.0,13020.0,275,0.0,0.0
2024-06-07 14:44:00+09:00,13040.0,13040.0,13030.0,13030.0,285,0.0,0.0
2024-06-07 14:45:00+09:00,13050.0,13050.0,13050.0,13050.0,254,0.0,0.0
2024-06-07 14:46:00+09:00,13070.0,13100.0,13050.0,13050.0,778,0.0,0.0
2024-06-07 14:47:00+09:00,13050.0,13100.0,13050.0,13100.0,0,0.0,0.0
2024-06-07 14:48:00+09:00,13090.0,13100.0,13090.0,13090.0,110,0.0,0.0
2024-06-07 14:49:00+09:00,13060.0,13060.0,13060.0,13060.0,196,0.0,0.0
2024-06-07 14:50:00+09:00,13060.0,13080.0,13050.0,13080.0,257,0.0,0.0
2024-06-07 14:51:00+09:00,13060.0,13060.0,13060.0,13060.0,1,0.0,0.0
2024-06-07 14:52:00+09:00,13060.0,13060.0,13050.0,13050.0,177,0.0,0.0
2024-06-07 14:53:00+09:00,13040.0,13040.0,13040.0,13040.0,190,0.0,0.0
2024-06-07 14:54:00+09:00,13040.0,13040.0,13030.0,13030.0,68,0.0,0.0
2024-06-07 14:55:00+09:00,13030.0,13030.0,13030.0,13030.0,97,0.0,0.0
2024-06-07 14:56:00+09:00,13040.0,13040.0,12930.0,12930.0,3841,0.0,0.0
2024-06-07 14:57:00+09:00,13050.0,13050.0,12940.0,13000.0,144,0.0,0.0
2024-06-07 14:58:00+09:00,13020.0,13020.0,13020.0,13020.0,60,0.0,0.0
2024-06-07 14:59:00+09:00,13020.0,13030.0,13020.0,13030.0,46,0.0,0.0
