Datetime,Open,High,Low,Close,Volume,Dividends,Stock Splits
2022-08-11 09:00:00+09:00,5660.0,5820.0,5650.0,5740.0,0,0.0,0.0
2022-08-11 10:00:00+09:00,5730.0,5810.0,5720.0,5760.0,21724,0.0,0.0
2022-08-11 11:00:00+09:00,5760.0,5770.0,5720.0,5720.0,7328,0.0,0.0
2022-08-11 12:00:00+09:00,5750.0,5760.0,5700.0,5730.0,19316,0.0,0.0
2022-08-11 13:00:00+09:00,5730.0,5750.0,5700.0,5740.0,954,0.0,0.0
2022-08-11 14:00:00+09:00,5740.0,5740.0,5670.0,5710.0,10428,0.0,0.0
2022-08-12 09:00:00+09:00,5750.0,5840.0,5680.0,5740.0,0,0.0,0.0
2022-08-12 10:00:00+09:00,5730.0,5740.0,5710.0,5740.0,2731,0.0,0.0
2022-08-12 11:00:00+09:00,5720.0,5750.0,5710.0,5750.0,2101,0.0,0.0
2022-08-12 12:00:00+09:00,5740.0,5790.0,5740.0,5740.0,11328,0.0,0.0
2022-08-12 13:00:00+09:00,5730.0,5740.0,5720.0,5740.0,2551,0.0,0.0
2022-08-12 14:00:00+09:00,5740.0,5780.0,5740.0,5750.0,2879,0.0,0.0
2022-08-16 09:00:00+09:00,5750.0,5780.0,5690.0,5720.0,0,0.0,0.0
2022-08-16 10:00:00+09:00,5700.0,5720.0,5600.0,5610.0,19354,0.0,0.0
2022-08-16 11:00:00+09:00,5630.0,5630.0,5550.0,5610.0,7814,0.0,0.0
2022-08-16 12:00:00+09:00,5600.0,5600.0,5570.0,5600.0,2097,0.0,0.0
2022-08-16 13:00:00+09:00,5590.0,5600.0,5560.0,5590.0,6549,0.0,0.0
2022-08-16 14:00:00+09:00,5580.0,5650.0,5580.0,5600.0,7691,0.0,0.0
2022-08-17 09:00:00+09:00,5590.0,5660.0,5550.0,5640.0,0,0.0,0.0
2022-08-17 10:00:00+09:00,5620.0,5620.0,5510.0,5560.0,5624,0.0,0.0
2022-08-17 11:00:00+09:00,5560.0,5560.0,5520.0,5540.0,429,0.0,0.0
2022-08-17 12:00:00+09:00,5520.0,5520.0,5450.0,5480.0,8836,0.0,0.0
2022-08-17 13:00:00+09:00,5480.0,5500.0,5450.0,5500.0,2187,0.0,0.0
2022-08-17 14:00:00+09:00,5500.0,5540.0,5450.0,5530.0,8790,0.0,0.0
2022-08-18 09:00:00+09:00,5560.0,5560.0,5470.0,5520.0,0,0.0,0.0
2022-08-18 10:00:00+09:00,5500.0,5560.0,5500.0,5530.0,9434,0.0,0.0
2022-08-18 11:00:00+09:00,5530.0,5610.0,5510.0,5530.0,30537,0.0,0.0
2022-08-18 12:00:00+09:00,5530.0,5850.0,5520.0,5530.0,113132,0.0,0.0
2022-08-18 13:00:00+09:00,5530.0,5550.0,5500.0,5520.0,29014,0.0,0.0
2022-08-18 14:00:00+09:00,5520.0,5540.0,5500.0,5510.0,27315,0.0,0.0
2022-08-19 09:00:00+09:00,5520.0,5630.0,5510.0,5560.0,0,0.0,0.0
2022-08-19 10:00:00+09:00,5560.0,5720.0,5550.0,5650.0,39344,0.0,0.0
2022-08-19 11:00:00+09:00,5640.0,5670.0,5600.0,5600.0,10544,0.0,0.0
2022-08-19 12:00:00+09:00,5600.0,5660.0,5600.0,5640.0,6916,0.0,0.0
2022-08-19 13:00:00+09:00,5640.0,5700.0,5640.0,5690.0,0,0.0,0.0
2022-08-19 14:00:00+09:00,5670.0,5670.0,5640.0,5670.0,199616,0.0,0.0
2022-08-22 09:00:00+09:00,5600.0,5740.0,5580.0,5680.0,0,0.0,0.0
2022-08-22 10:00:00+09:00,5700.0,5710.0,5650.0,5650.0,28597,0.0,0.0
2022-08-22 11:00:00+09:00,5640.0,5700.0,5640.0,5680.0,7760,0.0,0.0
2022-08-22 12:00:00+09:00,5680.0,5690.0,5670.0,5690.0,1097,0.0,0.0
2022-08-22 13:00:00+09:00,5680.0,5690.0,5560.0,5590.0,24222,0.0,0.0
2022-08-22 14:00:00+09:00,5580.0,5620.0,5560.0,5600.0,8350,0.0,0.0
2022-08-23 09:00:00+09:00,5670.0,5670.0,5510.0,5620.0,0,0.0,0.0
2022-08-23 10:00:00+09:00,5610.0,5660.0,5560.0,5610.0,21634,0.0,0.0
2022-08-23 11:00:00+09:00,5610.0,5690.0,5570.0,5680.0,15964,0.0,0.0
2022-08-23 12:00:00+09:00,5680.0,5790.0,5680.0,5740.0,31909,0.0,0.0
2022-08-23 13:00:00+09:00,5760.0,5900.0,5730.0,5890.0,69329,0.0,0.0
2022-08-23 14:00:00+09:00,5880.0,5950.0,5750.0,5870.0,106358,0.0,0.0
2022-08-24 09:00:00+09:00,5960.0,6020.0,5850.0,5910.0,0,0.0,0.0
2022-08-24 10:00:00+09:00,5910.0,5920.0,5810.0,5820.0,28837,0.0,0.0
2022-08-24 11:00:00+09:00,5850.0,5920.0,5840.0,5880.0,19505,0.0,0.0
2022-08-24 12:00:00+09:00,5890.0,5900.0,5830.0,5900.0,11326,0.0,0.0
2022-08-24 13:00:00+09:00,5900.0,5920.0,5870.0,5900.0,11546,0.0,0.0
2022-08-24 14:00:00+09:00,5900.0,6000.0,5890.0,5980.0,29609,0.0,0.0
2022-08-25 09:00:00+09:00,5980.0,6050.0,5880.0,5900.0,0,0.0,0.0
2022-08-25 10:00:00+09:00,5900.0,5980.0,5880.0,5930.0,12763,0.0,0.0
2022-08-25 11:00:00+09:00,5950.0,6130.0,5940.0,6110.0,91195,0.0,0.0
2022-08-25 12:00:00+09:00,6110.0,6230.0,6080.0,6100.0,267608,0.0,0.0
2022-08-25 13:00:00+09:00,6090.0,6100.0,6040.0,6060.0,42459,0.0,0.0
2022-08-25 14:00:00+09:00,6060.0,6080.0,6040.0,6050.0,18900,0.0,0.0
2022-08-26 09:00:00+09:00,6110.0,6110.0,5960.0,6020.0,0,0.0,0.0
2022-08-26 10:00:00+09:00,6020.0,6030.0,5980.0,6030.0,28681,0.0,0.0
2022-08-26 11:00:00+09:00,6030.0,6040.0,5990.0,6030.0,26658,0.0,0.0
2022-08-26 12:00:00+09:00,6040.0,6070.0,6020.0,6040.0,10129,0.0,0.0
2022-08-26 13:00:00+09:00,6040.0,6060.0,5990.0,6000.0,16380,0.0,0.0
2022-08-26 14:00:00+09:00,6000.0,6020.0,5970.0,6020.0,23229,0.0,0.0
2022-08-29 09:00:00+09:00,5710.0,5910.0,5660.0,5880.0,0,0.0,0.0
2022-08-29 10:00:00+09:00,5880.0,5900.0,5810.0,5890.0,13003,0.0,0.0
2022-08-29 11:00:00+09:00,5880.0,5900.0,5850.0,5900.0,3251,0.0,0.0
2022-08-29 12:00:00+09:00,5890.0,5890.0,5820.0,5860.0,9831,0.0,0.0
2022-08-29 13:00:00+09:00,5860.0,5860.0,5830.0,5860.0,8522,0.0,0.0
2022-08-29 14:00:00+09:00,5850.0,6100.0,5850.0,5960.0,79418,0.0,0.0
2022-08-30 09:00:00+09:00,5940.0,6080.0,5940.0,5990.0,0,0.0,0.0
2022-08-30 10:00:00+09:00,6000.0,6000.0,5890.0,5920.0,78537,0.0,0.0
2022-08-30 11:00:00+09:00,5920.0,5960.0,5890.0,5920.0,6075,0.0,0.0
2022-08-30 12:00:00+09:00,5910.0,5950.0,5900.0,5910.0,4792,0.0,0.0
2022-08-30 13:00:00+09:00,5910.0,5950.0,5880.0,5940.0,10569,0.0,0.0
2022-08-30 14:00:00+09:00,5910.0,5920.0,5890.0,5910.0,5417,0.0,0.0
2022-08-31 09:00:00+09:00,5840.0,5880.0,5710.0,5720.0,0,0.0,0.0
2022-08-31 10:00:00+09:00,5720.0,5790.0,5710.0,5790.0,6883,0.0,0.0
2022-08-31 11:00:00+09:00,5790.0,5800.0,5760.0,5800.0,2079,0.0,0.0
2022-08-31 12:00:00+09:00,5800.0,5800.0,5750.0,5780.0,7511,0.0,0.0
2022-08-31 13:00:00+09:00,5780.0,5820.0,5760.0,5820.0,3425,0.0,0.0
2022-08-31 14:00:00+09:00,5810.0,5910.0,5810.0,5850.0,15186,0.0,0.0
2022-09-01 09:00:00+09:00,5840.0,5880.0,5770.0,5790.0,0,0.0,0.0
2022-09-01 10:00:00+09:00,5830.0,5840.0,5730.0,5780.0,31904,0.0,0.0
2022-09-01 11:00:00+09:00,5780.0,5810.0,5720.0,5730.0,10426,0.0,0.0
2022-09-01 12:00:00+09:00,5740.0,5790.0,5720.0,5780.0,1936,0.0,0.0
2022-09-01 13:00:00+09:00,5770.0,5780.0,5710.0,5720.0,5328,0.0,0.0
2022-09-01 14:00:00+09:00,5710.0,5730.0,5640.0,5690.0,21575,0.0,0.0
2022-09-02 09:00:00+09:00,5650.0,5710.0,5580.0,5700.0,0,0.0,0.0
2022-09-02 10:00:00+09:00,5700.0,5710.0,5640.0,5650.0,2182,0.0,0.0
2022-09-02 11:00:00+09:00,5650.0,5690.0,5590.0,5590.0,7160,0.0,0.0
2022-09-02 12:00:00+09:00,5590.0,5660.0,5550.0,5580.0,17655,0.0,0.0
2022-09-02 13:00:00+09:00,5570.0,5600.0,5550.0,5600.0,3397,0.0,0.0
2022-09-02 14:00:00+09:00,5570.0,5600.0,5410.0,5500.0,31871,0.0,0.0
2022-09-05 09:00:00+09:00,5570.0,5610.0,5500.0,5570.0,0,0.0,0.0
2022-09-05 10:00:00+09:00,5570.0,5640.0,5540.0,5550.0,15994,0.0,0.0
2022-09-05 11:00:00+09:00,5550.0,5570.0,5540.0,5560.0,4786,0.0,0.0
2022-09-05 12:00:00+09:00,5570.0,5580.0,5530.0,5580.0,2200,0.0,0.0
2022-09-05 13:00:00+09:00,5570.0,5570.0,5530.0,5540.0,3961,0.0,0.0
2022-09-05 14:00:00+09:00,5540.0,5550.0,5470.0,5490.0,20464,0.0,0.0
2022-09-06 09:00:00+09:00,5390.0,5580.0,5390.0,5540.0,0,0.0,0.0
2022-09-06 10:00:00+09:00,5540.0,5550.0,5500.0,5500.0,3064,0.0,0.0
2022-09-06 11:00:00+09:00,5490.0,5510.0,5490.0,5510.0,3182,0.0,0.0
2022-09-06 12:00:00+09:00,5510.0,5520.0,5480.0,5500.0,4398,0.0,0.0
2022-09-06 13:00:00+09:00,5500.0,5500.0,5450.0,5480.0,15688,0.0,0.0
2022-09-06 14:00:00+09:00,5480.0,5480.0,5460.0,5470.0,3537,0.0,0.0
2022-09-07 09:00:00+09:00,5470.0,5510.0,5310.0,5350.0,0,0.0,0.0
2022-09-07 10:00:00+09:00,5350.0,5410.0,5290.0,5350.0,15594,0.0,0.0
2022-09-07 11:00:00+09:00,5350.0,5400.0,5320.0,5380.0,13505,0.0,0.0
2022-09-07 12:00:00+09:00,5370.0,5370.0,5330.0,5330.0,1387,0.0,0.0
2022-09-07 13:00:00+09:00,5320.0,5350.0,5270.0,5320.0,5088,0.0,0.0
2022-09-07 14:00:00+09:00,5320.0,5380.0,5320.0,5380.0,9459,0.0,0.0
2022-09-08 09:00:00+09:00,5390.0,5420.0,5240.0,5280.0,0,0.0,0.0
2022-09-08 10:00:00+09:00,5290.0,5330.0,5230.0,5320.0,16244,0.0,0.0
2022-09-08 11:00:00+09:00,5320.0,5330.0,5300.0,5330.0,812,0.0,0.0
2022-09-08 12:00:00+09:00,5320.0,5320.0,5300.0,5300.0,734,0.0,0.0
2022-09-08 13:00:00+09:00,5300.0,5320.0,5260.0,5290.0,11285,0.0,0.0
2022-09-08 14:00:00+09:00,5290.0,5350.0,5270.0,5310.0,5077,0.0,0.0
2022-09-13 09:00:00+09:00,5430.0,5430.0,5350.0,5390.0,0,0.0,0.0
2022-09-13 10:00:00+09:00,5380.0,5390.0,5330.0,5370.0,7879,0.0,0.0
2022-09-13 11:00:00+09:00,5370.0,5380.0,5350.0,5360.0,3049,0.0,0.0
2022-09-13 12:00:00+09:00,5370.0,5370.0,5340.0,5360.0,5257,0.0,0.0
2022-09-13 13:00:00+09:00,5360.0,5370.0,5260.0,5330.0,33559,0.0,0.0
2022-09-13 14:00:00+09:00,5330.0,5350.0,5310.0,5340.0,4087,0.0,0.0
2022-09-14 09:00:00+09:00,5210.0,5370.0,5200.0,5320.0,0,0.0,0.0
2022-09-14 10:00:00+09:00,5320.0,5350.0,5310.0,5330.0,899,0.0,0.0
2022-09-14 11:00:00+09:00,5330.0,5360.0,5310.0,5340.0,2584,0.0,0.0
2022-09-14 12:00:00+09:00,5340.0,5340.0,5300.0,5330.0,2414,0.0,0.0
2022-09-14 13:00:00+09:00,5330.0,5360.0,5320.0,5360.0,2261,0.0,0.0
2022-09-14 14:00:00+09:00,5330.0,5360.0,5310.0,5360.0,3256,0.0,0.0
2022-09-15 09:00:00+09:00,5320.0,5400.0,5320.0,5390.0,0,0.0,0.0
2022-09-15 10:00:00+09:00,5410.0,5460.0,5380.0,5450.0,11467,0.0,0.0
2022-09-15 11:00:00+09:00,5440.0,5450.0,5390.0,5410.0,1813,0.0,0.0
2022-09-15 12:00:00+09:00,5410.0,5430.0,5390.0,5410.0,2198,0.0,0.0
2022-09-15 13:00:00+09:00,5410.0,5420.0,5390.0,5390.0,2234,0.0,0.0
2022-09-15 14:00:00+09:00,5390.0,5440.0,5390.0,5420.0,11329,0.0,0.0
2022-09-16 09:00:00+09:00,5350.0,5400.0,5300.0,5320.0,0,0.0,0.0
2022-09-16 10:00:00+09:00,5310.0,5320.0,5280.0,5320.0,3591,0.0,0.0
2022-09-16 11:00:00+09:00,5320.0,5340.0,5280.0,5340.0,4897,0.0,0.0
2022-09-16 12:00:00+09:00,5300.0,5340.0,5280.0,5290.0,7893,0.0,0.0
2022-09-16 13:00:00+09:00,5290.0,5300.0,5260.0,5290.0,1419,0.0,0.0
2022-09-16 14:00:00+09:00,5290.0,5310.0,5260.0,5310.0,5548,0.0,0.0
2022-09-19 09:00:00+09:00,5230.0,5300.0,5170.0,5210.0,0,0.0,0.0
2022-09-19 10:00:00+09:00,5240.0,5240.0,5210.0,5220.0,1798,0.0,0.0
2022-09-19 11:00:00+09:00,5220.0,5230.0,5120.0,5130.0,14828,0.0,0.0
2022-09-19 12:00:00+09:00,5150.0,5150.0,5110.0,5110.0,6568,0.0,0.0
2022-09-19 13:00:00+09:00,5110.0,5140.0,5090.0,5130.0,7109,0.0,0.0
2022-09-19 14:00:00+09:00,5130.0,5130.0,5070.0,5090.0,7694,0.0,0.0
2022-09-20 09:00:00+09:00,5200.0,5240.0,5170.0,5210.0,0,0.0,0.0
2022-09-20 10:00:00+09:00,5190.0,5210.0,5160.0,5200.0,3623,0.0,0.0
2022-09-20 11:00:00+09:00,5170.0,5190.0,5170.0,5180.0,120,0.0,0.0
2022-09-20 12:00:00+09:00,5190.0,5190.0,5170.0,5190.0,392,0.0,0.0
2022-09-20 13:00:00+09:00,5170.0,5210.0,5150.0,5200.0,12199,0.0,0.0
2022-09-20 14:00:00+09:00,5200.0,5200.0,5150.0,5170.0,6682,0.0,0.0
2022-09-21 09:00:00+09:00,5110.0,5270.0,5110.0,5200.0,0,0.0,0.0
2022-09-21 10:00:00+09:00,5220.0,5230.0,5170.0,5200.0,7889,0.0,0.0
2022-09-21 11:00:00+09:00,5200.0,5210.0,5170.0,5210.0,5916,0.0,0.0
2022-09-21 12:00:00+09:00,5180.0,5220.0,5180.0,5210.0,3342,0.0,0.0
2022-09-21 13:00:00+09:00,5200.0,5210.0,5170.0,5190.0,5811,0.0,0.0
2022-09-21 14:00:00+09:00,5200.0,5210.0,5160.0,5210.0,10745,0.0,0.0
2022-09-22 09:00:00+09:00,5120.0,5210.0,5100.0,5210.0,0,0.0,0.0
2022-09-22 10:00:00+09:00,5190.0,5210.0,5090.0,5170.0,10541,0.0,0.0
2022-09-22 11:00:00+09:00,5130.0,5130.0,5100.0,5130.0,2549,0.0,0.0
2022-09-22 12:00:00+09:00,5130.0,5140.0,5120.0,5140.0,638,0.0,0.0
2022-09-22 13:00:00+09:00,5130.0,5190.0,5130.0,5190.0,1407,0.0,0.0
2022-09-22 14:00:00+09:00,5190.0,5230.0,5190.0,5230.0,2504,0.0,0.0
2022-09-23 09:00:00+09:00,5230.0,5260.0,5150.0,5150.0,0,0.0,0.0
2022-09-23 10:00:00+09:00,5140.0,5160.0,5100.0,5110.0,4662,0.0,0.0
2022-09-23 11:00:00+09:00,5110.0,5130.0,5080.0,5080.0,8125,0.0,0.0
2022-09-23 12:00:00+09:00,5080.0,5090.0,4970.0,5010.0,28422,0.0,0.0
2022-09-23 13:00:00+09:00,5020.0,5040.0,4970.0,5040.0,16808,0.0,0.0
2022-09-23 14:00:00+09:00,5030.0,5030.0,4995.0,5020.0,4539,0.0,0.0
2022-09-26 09:00:00+09:00,5000.0,5050.0,4935.0,4940.0,0,0.0,0.0
2022-09-26 10:00:00+09:00,4940.0,4980.0,4915.0,4925.0,16312,0.0,0.0
2022-09-26 11:00:00+09:00,4930.0,5010.0,4930.0,4950.0,14251,0.0,0.0
2022-09-26 12:00:00+09:00,4960.0,4970.0,4910.0,4930.0,13260,0.0,0.0
2022-09-26 13:00:00+09:00,4930.0,4970.0,4870.0,4910.0,27573,0.0,0.0
2022-09-26 14:00:00+09:00,4905.0,4905.0,4865.0,4875.0,10601,0.0,0.0
2022-09-27 09:00:00+09:00,4855.0,4910.0,4695.0,4765.0,0,0.0,0.0
2022-09-27 10:00:00+09:00,4775.0,4830.0,4700.0,4700.0,12506,0.0,0.0
2022-09-27 11:00:00+09:00,4695.0,4720.0,4675.0,4700.0,8674,0.0,0.0
2022-09-27 12:00:00+09:00,4700.0,4700.0,4520.0,4585.0,66897,0.0,0.0
2022-09-27 13:00:00+09:00,4575.0,4685.0,4560.0,4615.0,27664,0.0,0.0
2022-09-27 14:00:00+09:00,4580.0,4650.0,4560.0,4650.0,8204,0.0,0.0
2022-09-28 09:00:00+09:00,4755.0,4785.0,4670.0,4765.0,0,0.0,0.0
2022-09-28 10:00:00+09:00,4750.0,4750.0,4630.0,4670.0,9119,0.0,0.0
2022-09-28 11:00:00+09:00,4665.0,4695.0,4575.0,4600.0,7026,0.0,0.0
2022-09-28 12:00:00+09:00,4595.0,4640.0,4580.0,4615.0,368,0.0,0.0
2022-09-28 13:00:00+09:00,4615.0,4620.0,4565.0,4580.0,4486,0.0,0.0
2022-09-28 14:00:00+09:00,4575.0,4655.0,4555.0,4655.0,8179,0.0,0.0
2022-09-29 09:00:00+09:00,4800.0,4810.0,4725.0,4810.0,0,0.0,0.0
2022-09-29 10:00:00+09:00,4800.0,4815.0,4785.0,4795.0,4537,0.0,0.0
2022-09-29 11:00:00+09:00,4805.0,4805.0,4745.0,4745.0,7388,0.0,0.0
2022-09-29 12:00:00+09:00,4740.0,4765.0,4730.0,4765.0,3719,0.0,0.0
2022-09-29 13:00:00+09:00,4765.0,4765.0,4745.0,4755.0,7938,0.0,0.0
2022-09-29 14:00:00+09:00,4750.0,4750.0,4700.0,4715.0,6440,0.0,0.0
2022-09-30 09:00:00+09:00,4575.0,4660.0,4520.0,4575.0,0,0.0,0.0
2022-09-30 10:00:00+09:00,4600.0,4670.0,4555.0,4655.0,13005,0.0,0.0
2022-09-30 11:00:00+09:00,4655.0,4705.0,4605.0,4705.0,3308,0.0,0.0
2022-09-30 12:00:00+09:00,4695.0,4720.0,4655.0,4700.0,3575,0.0,0.0
2022-09-30 13:00:00+09:00,4655.0,4700.0,4650.0,4690.0,1559,0.0,0.0
2022-09-30 14:00:00+09:00,4690.0,4700.0,4645.0,4700.0,2102,0.0,0.0
2022-10-04 09:00:00+09:00,4820.0,4860.0,4670.0,4775.0,1617,0.0,0.0
2022-10-04 10:00:00+09:00,4755.0,4815.0,4745.0,4790.0,3437,0.0,0.0
2022-10-04 11:00:00+09:00,4785.0,4900.0,4770.0,4860.0,13634,0.0,0.0
2022-10-04 12:00:00+09:00,4860.0,4935.0,4860.0,4900.0,10252,0.0,0.0
2022-10-04 13:00:00+09:00,4885.0,4900.0,4875.0,4895.0,2307,0.0,0.0
2022-10-04 14:00:00+09:00,4895.0,4910.0,4875.0,4910.0,4069,0.0,0.0
2022-10-05 09:00:00+09:00,4940.0,5030.0,4880.0,4910.0,0,0.0,0.0
2022-10-05 10:00:00+09:00,4885.0,4910.0,4860.0,4900.0,2371,0.0,0.0
2022-10-05 11:00:00+09:00,4890.0,4905.0,4830.0,4850.0,8799,0.0,0.0
2022-10-05 12:00:00+09:00,4850.0,4850.0,4800.0,4845.0,4314,0.0,0.0
2022-10-05 13:00:00+09:00,4845.0,4860.0,4800.0,4815.0,3576,0.0,0.0
2022-10-05 14:00:00+09:00,4815.0,4860.0,4815.0,4860.0,1701,0.0,0.0
2022-10-06 09:00:00+09:00,4800.0,5040.0,4800.0,4995.0,0,0.0,0.0
2022-10-06 10:00:00+09:00,4990.0,4995.0,4915.0,4980.0,26620,0.0,0.0
2022-10-06 11:00:00+09:00,4960.0,4995.0,4900.0,4965.0,23006,0.0,0.0
2022-10-06 12:00:00+09:00,4955.0,4970.0,4940.0,4970.0,1907,0.0,0.0
2022-10-06 13:00:00+09:00,4970.0,4970.0,4940.0,4950.0,4417,0.0,0.0
2022-10-06 14:00:00+09:00,4950.0,4975.0,4950.0,4975.0,3724,0.0,0.0
2022-10-07 09:00:00+09:00,4980.0,4980.0,4925.0,4945.0,0,0.0,0.0
2022-10-07 10:00:00+09:00,4945.0,4980.0,4920.0,4930.0,6056,0.0,0.0
2022-10-07 11:00:00+09:00,4930.0,4955.0,4930.0,4955.0,2520,0.0,0.0
2022-10-07 12:00:00+09:00,4955.0,4960.0,4940.0,4955.0,869,0.0,0.0
2022-10-07 13:00:00+09:00,4935.0,4950.0,4920.0,4930.0,6890,0.0,0.0
2022-10-07 14:00:00+09:00,4925.0,4925.0,4900.0,4925.0,13809,0.0,0.0
2022-10-11 09:00:00+09:00,4885.0,4950.0,4830.0,4840.0,0,0.0,0.0
2022-10-11 10:00:00+09:00,4830.0,4830.0,4780.0,4780.0,12361,0.0,0.0
2022-10-11 11:00:00+09:00,4785.0,4795.0,4705.0,4745.0,4624,0.0,0.0
2022-10-11 12:00:00+09:00,4740.0,4745.0,4695.0,4745.0,5475,0.0,0.0
2022-10-11 13:00:00+09:00,4725.0,4740.0,4675.0,4740.0,1247,0.0,0.0
2022-10-11 14:00:00+09:00,4740.0,4740.0,4725.0,4740.0,379,0.0,0.0
2022-10-12 09:00:00+09:00,4760.0,4760.0,4690.0,4725.0,0,0.0,0.0
2022-10-12 10:00:00+09:00,4730.0,4740.0,4715.0,4720.0,2651,0.0,0.0
2022-10-12 11:00:00+09:00,4720.0,4725.0,4670.0,4690.0,9049,0.0,0.0
2022-10-12 12:00:00+09:00,4690.0,4695.0,4660.0,4695.0,11873,0.0,0.0
2022-10-12 13:00:00+09:00,4695.0,4745.0,4680.0,4720.0,15115,0.0,0.0
2022-10-12 14:00:00+09:00,4715.0,4715.0,4695.0,4695.0,507,0.0,0.0
2022-10-13 09:00:00+09:00,4720.0,4720.0,4605.0,4620.0,0,0.0,0.0
2022-10-13 10:00:00+09:00,4620.0,4620.0,4575.0,4610.0,10908,0.0,0.0
2022-10-13 11:00:00+09:00,4610.0,4615.0,4490.0,4565.0,12890,0.0,0.0
2022-10-13 12:00:00+09:00,4555.0,4565.0,4550.0,4555.0,1059,0.0,0.0
2022-10-13 13:00:00+09:00,4560.0,4565.0,4465.0,4520.0,15706,0.0,0.0
2022-10-13 14:00:00+09:00,4475.0,4550.0,4470.0,4525.0,3785,0.0,0.0
2022-10-14 09:00:00+09:00,4405.0,4650.0,4405.0,4570.0,0,0.0,0.0
2022-10-14 10:00:00+09:00,4575.0,4580.0,4540.0,4555.0,7886,0.0,0.0
2022-10-14 11:00:00+09:00,4555.0,4560.0,4510.0,4540.0,0,0.0,0.0
2022-10-14 12:00:00+09:00,4540.0,4575.0,4540.0,4575.0,82534,0.0,0.0
2022-10-14 13:00:00+09:00,4575.0,4580.0,4565.0,4580.0,5619,0.0,0.0
2022-10-14 14:00:00+09:00,4575.0,4590.0,4545.0,4585.0,8767,0.0,0.0
2022-10-17 09:00:00+09:00,4560.0,4650.0,4540.0,4625.0,0,0.0,0.0
2022-10-17 10:00:00+09:00,4645.0,4750.0,4645.0,4680.0,32788,0.0,0.0
2022-10-17 11:00:00+09:00,4695.0,4830.0,4695.0,4800.0,18336,0.0,0.0
2022-10-17 12:00:00+09:00,4805.0,4810.0,4760.0,4785.0,2122,0.0,0.0
2022-10-17 13:00:00+09:00,4790.0,4800.0,4780.0,4780.0,2085,0.0,0.0
2022-10-17 14:00:00+09:00,4785.0,4810.0,4785.0,4810.0,6067,0.0,0.0
2022-10-18 09:00:00+09:00,4820.0,4930.0,4820.0,4875.0,0,0.0,0.0
2022-10-18 10:00:00+09:00,4875.0,4890.0,4840.0,4860.0,1699,0.0,0.0
2022-10-18 11:00:00+09:00,4835.0,4860.0,4790.0,4850.0,7162,0.0,0.0
2022-10-18 12:00:00+09:00,4835.0,4835.0,4805.0,4835.0,977,0.0,0.0
2022-10-18 13:00:00+09:00,4835.0,4895.0,4830.0,4880.0,4398,0.0,0.0
2022-10-18 14:00:00+09:00,4880.0,4895.0,4875.0,4875.0,3933,0.0,0.0
2022-10-19 09:00:00+09:00,4870.0,4915.0,4830.0,4900.0,0,0.0,0.0
2022-10-19 10:00:00+09:00,4895.0,4910.0,4870.0,4890.0,8789,0.0,0.0
2022-10-19 11:00:00+09:00,4890.0,4985.0,4890.0,4935.0,8790,0.0,0.0
2022-10-19 12:00:00+09:00,4930.0,4935.0,4885.0,4885.0,4077,0.0,0.0
2022-10-19 13:00:00+09:00,4885.0,4900.0,4830.0,4865.0,7732,0.0,0.0
2022-10-19 14:00:00+09:00,4865.0,4885.0,4800.0,4825.0,6211,0.0,0.0
2022-10-20 09:00:00+09:00,4865.0,4905.0,4850.0,4895.0,0,0.0,0.0
2022-10-20 10:00:00+09:00,4890.0,4895.0,4850.0,4890.0,5468,0.0,0.0
2022-10-20 11:00:00+09:00,4855.0,4895.0,4845.0,4890.0,4013,0.0,0.0
2022-10-20 12:00:00+09:00,4890.0,4890.0,4820.0,4825.0,5427,0.0,0.0
2022-10-20 13:00:00+09:00,4825.0,4880.0,4820.0,4880.0,5080,0.0,0.0
2022-10-20 14:00:00+09:00,4880.0,4880.0,4875.0,4880.0,50,0.0,0.0
2022-10-21 09:00:00+09:00,4830.0,4855.0,4750.0,4835.0,0,0.0,0.0
2022-10-21 10:00:00+09:00,4830.0,4845.0,4770.0,4795.0,9262,0.0,0.0
2022-10-21 11:00:00+09:00,4795.0,4850.0,4790.0,4800.0,2176,0.0,0.0
2022-10-21 12:00:00+09:00,4800.0,4800.0,4780.0,4780.0,626,0.0,0.0
2022-10-21 13:00:00+09:00,4775.0,4805.0,4755.0,4790.0,6323,0.0,0.0
2022-10-21 14:00:00+09:00,4780.0,4785.0,4735.0,4785.0,6979,0.0,0.0
2022-10-24 09:00:00+09:00,4795.0,4945.0,4790.0,4930.0,0,0.0,0.0
2022-10-24 10:00:00+09:00,4930.0,4930.0,4890.0,4900.0,3157,0.0,0.0
2022-10-24 11:00:00+09:00,4900.0,4915.0,4885.0,4900.0,4278,0.0,0.0
2022-10-24 12:00:00+09:00,4900.0,4900.0,4860.0,4875.0,4173,0.0,0.0
2022-10-24 13:00:00+09:00,4875.0,4885.0,4875.0,4880.0,1754,0.0,0.0
2022-10-24 14:00:00+09:00,4880.0,4880.0,4815.0,4835.0,14153,0.0,0.0
2022-10-25 09:00:00+09:00,4890.0,4910.0,4845.0,4860.0,0,0.0,0.0
2022-10-25 10:00:00+09:00,4860.0,4895.0,4850.0,4855.0,1694,0.0,0.0
2022-10-25 11:00:00+09:00,4855.0,4860.0,4810.0,4830.0,8037,0.0,0.0
2022-10-25 12:00:00+09:00,4830.0,4865.0,4830.0,4850.0,4379,0.0,0.0
2022-10-25 13:00:00+09:00,4860.0,4880.0,4845.0,4865.0,9792,0.0,0.0
2022-10-25 14:00:00+09:00,4865.0,4895.0,4860.0,4890.0,2610,0.0,0.0
2022-10-26 09:00:00+09:00,4930.0,4945.0,4890.0,4915.0,0,0.0,0.0
2022-10-26 10:00:00+09:00,4905.0,4915.0,4890.0,4890.0,3357,0.0,0.0
2022-10-26 11:00:00+09:00,4900.0,4900.0,4860.0,4885.0,10051,0.0,0.0
2022-10-26 12:00:00+09:00,4875.0,4875.0,4860.0,4875.0,260,0.0,0.0
2022-10-26 13:00:00+09:00,4870.0,4875.0,4835.0,4860.0,11734,0.0,0.0
2022-10-26 14:00:00+09:00,4850.0,4850.0,4835.0,4840.0,1958,0.0,0.0
2022-10-27 09:00:00+09:00,4880.0,4935.0,4880.0,4910.0,0,0.0,0.0
2022-10-27 10:00:00+09:00,4910.0,4910.0,4895.0,4900.0,12014,0.0,0.0
2022-10-27 11:00:00+09:00,4890.0,4900.0,4880.0,4890.0,7587,0.0,0.0
2022-10-27 12:00:00+09:00,4880.0,4890.0,4880.0,4890.0,242,0.0,0.0
2022-10-27 13:00:00+09:00,4890.0,4895.0,4890.0,4895.0,3574,0.0,0.0
2022-10-27 14:00:00+09:00,4895.0,5000.0,4895.0,5000.0,10787,0.0,0.0
2022-10-28 09:00:00+09:00,4985.0,5000.0,4970.0,4980.0,3435,0.0,0.0
2022-10-28 10:00:00+09:00,4980.0,5000.0,4965.0,4995.0,8634,0.0,0.0
2022-10-28 11:00:00+09:00,4980.0,4995.0,4960.0,4975.0,6142,0.0,0.0
2022-10-28 12:00:00+09:00,4970.0,4975.0,4960.0,4975.0,404,0.0,0.0
2022-10-28 13:00:00+09:00,4975.0,4995.0,4965.0,4995.0,2100,0.0,0.0
2022-10-28 14:00:00+09:00,4995.0,4995.0,4975.0,4975.0,4756,0.0,0.0
2022-10-31 09:00:00+09:00,5010.0,5040.0,4960.0,5020.0,0,0.0,0.0
2022-10-31 10:00:00+09:00,5010.0,5010.0,4980.0,4990.0,1932,0.0,0.0
2022-10-31 11:00:00+09:00,4985.0,4990.0,4970.0,4975.0,3337,0.0,0.0
2022-10-31 12:00:00+09:00,4975.0,5000.0,4965.0,5000.0,1791,0.0,0.0
2022-10-31 13:00:00+09:00,4990.0,5000.0,4980.0,5000.0,934,0.0,0.0
2022-10-31 14:00:00+09:00,5000.0,5010.0,4965.0,4975.0,8429,0.0,0.0
2022-11-01 09:00:00+09:00,4975.0,5020.0,4975.0,5000.0,0,0.0,0.0
2022-11-01 10:00:00+09:00,5000.0,5000.0,4985.0,4985.0,1531,0.0,0.0
2022-11-01 11:00:00+09:00,4995.0,5010.0,4990.0,5000.0,2321,0.0,0.0
2022-11-01 12:00:00+09:00,5000.0,5050.0,4990.0,5050.0,12089,0.0,0.0
2022-11-01 13:00:00+09:00,5050.0,5140.0,5000.0,5120.0,20377,0.0,0.0
2022-11-01 14:00:00+09:00,5130.0,5150.0,5080.0,5150.0,6167,0.0,0.0
2022-11-02 09:00:00+09:00,5150.0,5150.0,5100.0,5100.0,0,0.0,0.0
2022-11-02 10:00:00+09:00,5100.0,5140.0,5090.0,5140.0,2549,0.0,0.0
2022-11-02 11:00:00+09:00,5110.0,5140.0,5090.0,5140.0,1662,0.0,0.0
2022-11-02 12:00:00+09:00,5130.0,5130.0,5080.0,5090.0,1447,0.0,0.0
2022-11-02 13:00:00+09:00,5080.0,5090.0,5060.0,5080.0,2028,0.0,0.0
2022-11-02 14:00:00+09:00,5080.0,5090.0,5050.0,5070.0,2221,0.0,0.0
2022-11-03 09:00:00+09:00,4935.0,4975.0,4900.0,4975.0,0,0.0,0.0
2022-11-03 10:00:00+09:00,4965.0,5030.0,4965.0,5020.0,2432,0.0,0.0
2022-11-03 11:00:00+09:00,5010.0,5020.0,4980.0,4995.0,1284,0.0,0.0
2022-11-03 12:00:00+09:00,4990.0,4995.0,4945.0,4970.0,6839,0.0,0.0
2022-11-03 13:00:00+09:00,5020.0,5020.0,4980.0,5000.0,5061,0.0,0.0
2022-11-03 14:00:00+09:00,5000.0,5060.0,5000.0,5060.0,2424,0.0,0.0
2022-11-04 09:00:00+09:00,5060.0,5120.0,5000.0,5050.0,0,0.0,0.0
2022-11-04 10:00:00+09:00,5040.0,5050.0,5010.0,5010.0,2840,0.0,0.0
2022-11-04 11:00:00+09:00,5050.0,5050.0,5010.0,5020.0,4166,0.0,0.0
2022-11-04 12:00:00+09:00,5020.0,5050.0,5010.0,5050.0,4211,0.0,0.0
2022-11-04 13:00:00+09:00,5050.0,5050.0,5010.0,5040.0,7640,0.0,0.0
2022-11-04 14:00:00+09:00,5040.0,5070.0,5020.0,5020.0,1389,0.0,0.0
2022-11-07 09:00:00+09:00,5050.0,5050.0,4990.0,5000.0,0,0.0,0.0
2022-11-07 10:00:00+09:00,4995.0,5000.0,4985.0,5000.0,3671,0.0,0.0
2022-11-07 11:00:00+09:00,4985.0,5000.0,4985.0,5000.0,481,0.0,0.0
2022-11-07 12:00:00+09:00,5000.0,5010.0,5000.0,5010.0,494,0.0,0.0
2022-11-07 13:00:00+09:00,5010.0,5010.0,5000.0,5000.0,577,0.0,0.0
2022-11-07 14:00:00+09:00,5000.0,5020.0,4995.0,5020.0,1107,0.0,0.0
2022-11-08 09:00:00+09:00,4985.0,5050.0,4985.0,4995.0,0,0.0,0.0
2022-11-08 10:00:00+09:00,4995.0,5010.0,4990.0,5010.0,667,0.0,0.0
2022-11-08 11:00:00+09:00,5000.0,5020.0,4990.0,5020.0,946,0.0,0.0
2022-11-08 12:00:00+09:00,5020.0,5020.0,5010.0,5020.0,565,0.0,0.0
2022-11-08 13:00:00+09:00,5020.0,5020.0,4995.0,5010.0,344,0.0,0.0
2022-11-08 14:00:00+09:00,5010.0,5010.0,5000.0,5010.0,250,0.0,0.0
2022-11-09 09:00:00+09:00,5050.0,5070.0,5040.0,5060.0,0,0.0,0.0
2022-11-09 10:00:00+09:00,5050.0,5060.0,5010.0,5040.0,2418,0.0,0.0
2022-11-09 11:00:00+09:00,5040.0,5070.0,5030.0,5050.0,2462,0.0,0.0
2022-11-09 12:00:00+09:00,5050.0,5050.0,4995.0,5020.0,8626,0.0,0.0
2022-11-09 13:00:00+09:00,5030.0,5030.0,5010.0,5030.0,1330,0.0,0.0
2022-11-09 14:00:00+09:00,5030.0,5040.0,5010.0,5030.0,1831,0.0,0.0
2022-11-10 09:00:00+09:00,5030.0,5050.0,4995.0,5010.0,0,0.0,0.0
2022-11-10 10:00:00+09:00,5020.0,5040.0,4980.0,5030.0,7024,0.0,0.0
2022-11-10 11:00:00+09:00,5010.0,5010.0,4950.0,4985.0,16597,0.0,0.0
2022-11-10 12:00:00+09:00,4985.0,4985.0,4900.0,4945.0,9310,0.0,0.0
2022-11-10 13:00:00+09:00,4945.0,4955.0,4940.0,4950.0,5144,0.0,0.0
2022-11-10 14:00:00+09:00,4950.0,4985.0,4950.0,4970.0,6794,0.0,0.0
2022-11-11 09:00:00+09:00,5080.0,5100.0,5030.0,5060.0,0,0.0,0.0
2022-11-11 10:00:00+09:00,5050.0,5090.0,4985.0,5050.0,27570,0.0,0.0
2022-11-11 11:00:00+09:00,5050.0,5080.0,5040.0,5080.0,3797,0.0,0.0
2022-11-11 12:00:00+09:00,5080.0,5090.0,5050.0,5060.0,3659,0.0,0.0
2022-11-11 13:00:00+09:00,5060.0,5100.0,5000.0,5020.0,32760,0.0,0.0
2022-11-11 14:00:00+09:00,5010.0,5020.0,4955.0,4960.0,54531,0.0,0.0
2022-11-14 09:00:00+09:00,5020.0,5050.0,4995.0,5050.0,0,0.0,0.0
2022-11-14 10:00:00+09:00,5050.0,5050.0,5010.0,5030.0,1874,0.0,0.0
2022-11-14 11:00:00+09:00,5020.0,5030.0,5000.0,5030.0,1570,0.0,0.0
2022-11-14 12:00:00+09:00,5000.0,5000.0,4975.0,4980.0,7855,0.0,0.0
2022-11-14 13:00:00+09:00,4980.0,4995.0,4975.0,4995.0,2542,0.0,0.0
2022-11-14 14:00:00+09:00,4995.0,4995.0,4980.0,4990.0,1769,0.0,0.0
2022-11-15 09:00:00+09:00,5060.0,5310.0,5060.0,5260.0,43837,0.0,0.0
2022-11-15 10:00:00+09:00,5260.0,5360.0,5200.0,5260.0,33579,0.0,0.0
2022-11-15 11:00:00+09:00,5230.0,5360.0,5200.0,5330.0,23803,0.0,0.0
2022-11-15 12:00:00+09:00,5310.0,5390.0,5310.0,5370.0,14635,0.0,0.0
2022-11-15 13:00:00+09:00,5370.0,5380.0,5270.0,5320.0,20207,0.0,0.0
2022-11-15 14:00:00+09:00,5300.0,5320.0,5280.0,5320.0,3058,0.0,0.0
2022-11-16 09:00:00+09:00,5420.0,5480.0,5280.0,5420.0,0,0.0,0.0
2022-11-16 10:00:00+09:00,5430.0,5450.0,5390.0,5450.0,14864,0.0,0.0
2022-11-16 11:00:00+09:00,5450.0,5460.0,5420.0,5460.0,19605,0.0,0.0
2022-11-16 12:00:00+09:00,5460.0,5540.0,5450.0,5530.0,21910,0.0,0.0
2022-11-16 13:00:00+09:00,5530.0,5570.0,5510.0,5560.0,12468,0.0,0.0
2022-11-16 14:00:00+09:00,5560.0,5720.0,5560.0,5620.0,49391,0.0,0.0
2022-11-17 10:00:00+09:00,5650.0,5660.0,5610.0,5630.0,13926,0.0,0.0
2022-11-17 11:00:00+09:00,5620.0,5630.0,5530.0,5630.0,14545,0.0,0.0
2022-11-17 12:00:00+09:00,5600.0,5650.0,5600.0,5650.0,3137,0.0,0.0
2022-11-17 13:00:00+09:00,5630.0,5700.0,5610.0,5620.0,15216,0.0,0.0
2022-11-17 14:00:00+09:00,5670.0,5760.0,5630.0,5750.0,17486,0.0,0.0
2022-11-18 09:00:00+09:00,5730.0,5810.0,5720.0,5760.0,0,0.0,0.0
2022-11-18 10:00:00+09:00,5760.0,5800.0,5730.0,5750.0,21539,0.0,0.0
2022-11-18 11:00:00+09:00,5740.0,5850.0,5730.0,5780.0,0,0.0,0.0
2022-11-18 12:00:00+09:00,5770.0,5780.0,5740.0,5750.0,39858,0.0,0.0
2022-11-18 13:00:00+09:00,5740.0,5750.0,5720.0,5730.0,9250,0.0,0.0
2022-11-18 14:00:00+09:00,5740.0,5770.0,5730.0,5750.0,6864,0.0,0.0
2022-11-21 09:00:00+09:00,5690.0,5750.0,5650.0,5650.0,0,0.0,0.0
2022-11-21 10:00:00+09:00,5660.0,5700.0,5640.0,5670.0,12232,0.0,0.0
2022-11-21 11:00:00+09:00,5680.0,5690.0,5620.0,5660.0,10399,0.0,0.0
2022-11-21 12:00:00+09:00,5640.0,5700.0,5630.0,5670.0,5399,0.0,0.0
2022-11-21 13:00:00+09:00,5670.0,5730.0,5660.0,5700.0,8982,0.0,0.0
2022-11-21 14:00:00+09:00,5670.0,5690.0,5640.0,5670.0,1357,0.0,0.0
2022-11-22 09:00:00+09:00,5600.0,5670.0,5530.0,5600.0,0,0.0,0.0
2022-11-22 10:00:00+09:00,5590.0,5610.0,5580.0,5610.0,3314,0.0,0.0
2022-11-22 11:00:00+09:00,5610.0,5640.0,5610.0,5610.0,441,0.0,0.0
2022-11-22 12:00:00+09:00,5600.0,5610.0,5570.0,5590.0,788,0.0,0.0
2022-11-22 13:00:00+09:00,5580.0,5590.0,5520.0,5590.0,7443,0.0,0.0
2022-11-22 14:00:00+09:00,5570.0,5580.0,5520.0,5560.0,5344,0.0,0.0
2022-11-23 09:00:00+09:00,5630.0,5690.0,5540.0,5560.0,0,0.0,0.0
2022-11-23 10:00:00+09:00,5570.0,5580.0,5540.0,5550.0,3007,0.0,0.0
2022-11-23 11:00:00+09:00,5550.0,5580.0,5540.0,5570.0,2345,0.0,0.0
2022-11-23 12:00:00+09:00,5570.0,5570.0,5550.0,5570.0,1370,0.0,0.0
2022-11-23 13:00:00+09:00,5570.0,5590.0,5540.0,5560.0,3136,0.0,0.0
2022-11-23 14:00:00+09:00,5560.0,5570.0,5540.0,5550.0,1180,0.0,0.0
2022-11-24 09:00:00+09:00,5580.0,5580.0,5460.0,5500.0,0,0.0,0.0
2022-11-24 10:00:00+09:00,5500.0,5600.0,5480.0,5580.0,6007,0.0,0.0
2022-11-24 11:00:00+09:00,5580.0,5600.0,5560.0,5570.0,914,0.0,0.0
2022-11-24 12:00:00+09:00,5570.0,5570.0,5520.0,5550.0,969,0.0,0.0
2022-11-24 13:00:00+09:00,5550.0,5550.0,5520.0,5550.0,1869,0.0,0.0
2022-11-24 14:00:00+09:00,5550.0,5550.0,5540.0,5540.0,43,0.0,0.0
2022-11-25 09:00:00+09:00,5540.0,5560.0,5470.0,5520.0,0,0.0,0.0
2022-11-25 10:00:00+09:00,5520.0,5600.0,5500.0,5590.0,2971,0.0,0.0
2022-11-25 11:00:00+09:00,5580.0,5620.0,5540.0,5580.0,6484,0.0,0.0
2022-11-25 12:00:00+09:00,5550.0,5580.0,5550.0,5560.0,3557,0.0,0.0
2022-11-25 13:00:00+09:00,5550.0,5680.0,5550.0,5670.0,6650,0.0,0.0
2022-11-25 14:00:00+09:00,5680.0,5700.0,5640.0,5660.0,13607,0.0,0.0
2022-11-28 09:00:00+09:00,5720.0,5720.0,5610.0,5620.0,0,0.0,0.0
2022-11-28 10:00:00+09:00,5620.0,5630.0,5590.0,5600.0,10644,0.0,0.0
2022-11-28 11:00:00+09:00,5590.0,5590.0,5580.0,5590.0,1022,0.0,0.0
2022-11-28 12:00:00+09:00,5570.0,5590.0,5520.0,5560.0,8273,0.0,0.0
2022-11-28 13:00:00+09:00,5560.0,5560.0,5510.0,5520.0,4930,0.0,0.0
2022-11-28 14:00:00+09:00,5530.0,5630.0,5530.0,5580.0,11146,0.0,0.0
2022-11-29 09:00:00+09:00,5450.0,5580.0,5450.0,5540.0,0,0.0,0.0
2022-11-29 10:00:00+09:00,5540.0,5570.0,5510.0,5570.0,5451,0.0,0.0
2022-11-29 11:00:00+09:00,5570.0,5580.0,5570.0,5570.0,229,0.0,0.0
2022-11-29 12:00:00+09:00,5560.0,5560.0,5530.0,5530.0,656,0.0,0.0
2022-11-29 13:00:00+09:00,5540.0,5550.0,5520.0,5550.0,175,0.0,0.0
2022-11-29 14:00:00+09:00,5540.0,5550.0,5530.0,5540.0,1357,0.0,0.0
2022-11-30 09:00:00+09:00,5620.0,5630.0,5500.0,5560.0,0,0.0,0.0
2022-11-30 10:00:00+09:00,5560.0,5600.0,5530.0,5600.0,6162,0.0,0.0
2022-11-30 11:00:00+09:00,5560.0,5560.0,5510.0,5550.0,1401,0.0,0.0
2022-11-30 12:00:00+09:00,5530.0,5550.0,5530.0,5550.0,18,0.0,0.0
2022-11-30 13:00:00+09:00,5540.0,5550.0,5510.0,5550.0,2015,0.0,0.0
2022-11-30 14:00:00+09:00,5550.0,5550.0,5540.0,5550.0,250,0.0,0.0
2022-12-01 09:00:00+09:00,5640.0,5640.0,5540.0,5570.0,7564,0.0,0.0
2022-12-01 10:00:00+09:00,5570.0,5660.0,5570.0,5620.0,17886,0.0,0.0
2022-12-01 11:00:00+09:00,5620.0,5620.0,5610.0,5610.0,55,0.0,0.0
2022-12-01 12:00:00+09:00,5610.0,5610.0,5590.0,5600.0,1390,0.0,0.0
2022-12-01 13:00:00+09:00,5600.0,5620.0,5590.0,5620.0,3760,0.0,0.0
2022-12-01 14:00:00+09:00,5620.0,5650.0,5500.0,5580.0,14971,0.0,0.0
2022-12-02 09:00:00+09:00,5600.0,5600.0,5540.0,5570.0,0,0.0,0.0
2022-12-02 10:00:00+09:00,5550.0,5550.0,5530.0,5540.0,3326,0.0,0.0
2022-12-02 11:00:00+09:00,5540.0,5540.0,5520.0,5540.0,1761,0.0,0.0
2022-12-02 12:00:00+09:00,5510.0,5530.0,5480.0,5530.0,6223,0.0,0.0
2022-12-02 13:00:00+09:00,5520.0,5560.0,5460.0,5540.0,7675,0.0,0.0
2022-12-02 14:00:00+09:00,5520.0,5550.0,5520.0,5550.0,598,0.0,0.0
2022-12-05 09:00:00+09:00,5530.0,5680.0,5490.0,5550.0,0,0.0,0.0
2022-12-05 10:00:00+09:00,5540.0,5570.0,5490.0,5550.0,8783,0.0,0.0
2022-12-05 11:00:00+09:00,5560.0,5580.0,5540.0,5580.0,1103,0.0,0.0
2022-12-05 12:00:00+09:00,5570.0,5580.0,5530.0,5540.0,4121,0.0,0.0
2022-12-05 13:00:00+09:00,5540.0,5560.0,5500.0,5540.0,6321,0.0,0.0
2022-12-05 14:00:00+09:00,5510.0,5590.0,5500.0,5590.0,6586,0.0,0.0
2022-12-06 09:00:00+09:00,5550.0,5550.0,5460.0,5500.0,0,0.0,0.0
2022-12-06 10:00:00+09:00,5490.0,5530.0,5470.0,5510.0,1633,0.0,0.0
2022-12-06 11:00:00+09:00,5520.0,5550.0,5520.0,5550.0,2053,0.0,0.0
2022-12-06 12:00:00+09:00,5550.0,5590.0,5510.0,5590.0,6535,0.0,0.0
2022-12-06 13:00:00+09:00,5570.0,5580.0,5560.0,5570.0,305,0.0,0.0
2022-12-06 14:00:00+09:00,5570.0,5570.0,5490.0,5520.0,3281,0.0,0.0
2022-12-07 09:00:00+09:00,5500.0,5500.0,5390.0,5440.0,12564,0.0,0.0
2022-12-07 10:00:00+09:00,5420.0,5460.0,5380.0,5440.0,3806,0.0,0.0
2022-12-07 11:00:00+09:00,5460.0,5490.0,5430.0,5440.0,661,0.0,0.0
2022-12-07 12:00:00+09:00,5480.0,5480.0,5390.0,5410.0,6058,0.0,0.0
2022-12-07 13:00:00+09:00,5410.0,5510.0,5400.0,5510.0,10819,0.0,0.0
2022-12-07 14:00:00+09:00,5510.0,5510.0,5470.0,5510.0,2743,0.0,0.0
2022-12-08 09:00:00+09:00,5470.0,5630.0,5420.0,5440.0,0,0.0,0.0
2022-12-08 10:00:00+09:00,5420.0,5480.0,5370.0,5430.0,12300,0.0,0.0
2022-12-08 11:00:00+09:00,5420.0,5470.0,5410.0,5470.0,114,0.0,0.0
2022-12-08 12:00:00+09:00,5460.0,5480.0,5450.0,5470.0,821,0.0,0.0
2022-12-08 13:00:00+09:00,5470.0,5500.0,5440.0,5480.0,1812,0.0,0.0
2022-12-08 14:00:00+09:00,5470.0,5490.0,5420.0,5490.0,2023,0.0,0.0
2022-12-09 09:00:00+09:00,5500.0,5500.0,5440.0,5490.0,0,0.0,0.0
2022-12-09 10:00:00+09:00,5490.0,5500.0,5430.0,5490.0,4802,0.0,0.0
2022-12-09 11:00:00+09:00,5490.0,5500.0,5460.0,5490.0,184,0.0,0.0
2022-12-09 12:00:00+09:00,5490.0,5500.0,5460.0,5500.0,3276,0.0,0.0
2022-12-09 13:00:00+09:00,5500.0,5500.0,5490.0,5500.0,3868,0.0,0.0
2022-12-09 14:00:00+09:00,5500.0,5510.0,5460.0,5490.0,2492,0.0,0.0
2022-12-12 09:00:00+09:00,5540.0,5540.0,5470.0,5490.0,0,0.0,0.0
2022-12-12 10:00:00+09:00,5480.0,5490.0,5460.0,5490.0,1322,0.0,0.0
2022-12-12 11:00:00+09:00,5490.0,5500.0,5480.0,5480.0,1957,0.0,0.0
2022-12-12 12:00:00+09:00,5480.0,5480.0,5460.0,5480.0,1226,0.0,0.0
2022-12-12 13:00:00+09:00,5460.0,5480.0,5460.0,5480.0,1233,0.0,0.0
2022-12-12 14:00:00+09:00,5460.0,5500.0,5450.0,5470.0,2629,0.0,0.0
2022-12-13 09:00:00+09:00,5540.0,5600.0,5450.0,5580.0,0,0.0,0.0
2022-12-13 10:00:00+09:00,5550.0,5720.0,5550.0,5680.0,17444,0.0,0.0
2022-12-13 11:00:00+09:00,5680.0,5710.0,5650.0,5660.0,14507,0.0,0.0
2022-12-13 12:00:00+09:00,5650.0,5660.0,5600.0,5600.0,6363,0.0,0.0
2022-12-13 13:00:00+09:00,5620.0,5630.0,5590.0,5620.0,3198,0.0,0.0
2022-12-13 14:00:00+09:00,5620.0,5620.0,5560.0,5560.0,6585,0.0,0.0
2022-12-14 09:00:00+09:00,5650.0,5730.0,5630.0,5680.0,0,0.0,0.0
2022-12-14 10:00:00+09:00,5670.0,5680.0,5660.0,5680.0,1904,0.0,0.0
2022-12-14 11:00:00+09:00,5680.0,5700.0,5670.0,5700.0,2918,0.0,0.0
2022-12-14 12:00:00+09:00,5700.0,5820.0,5700.0,5770.0,21293,0.0,0.0
2022-12-14 13:00:00+09:00,5760.0,5810.0,5760.0,5790.0,4052,0.0,0.0
2022-12-14 14:00:00+09:00,5790.0,5800.0,5740.0,5750.0,0,0.0,0.0
2022-12-15 09:00:00+09:00,5800.0,5840.0,5770.0,5810.0,0,0.0,0.0
2022-12-15 10:00:00+09:00,5790.0,5810.0,5740.0,5760.0,2536,0.0,0.0
2022-12-15 11:00:00+09:00,5750.0,5760.0,5720.0,5760.0,2834,0.0,0.0
2022-12-15 12:00:00+09:00,5730.0,5780.0,5720.0,5760.0,3942,0.0,0.0
2022-12-15 13:00:00+09:00,5760.0,5810.0,5740.0,5810.0,6518,0.0,0.0
2022-12-15 14:00:00+09:00,5800.0,5840.0,5800.0,5840.0,11492,0.0,0.0
2022-12-16 09:00:00+09:00,5640.0,5840.0,5640.0,5800.0,0,0.0,0.0
2022-12-16 10:00:00+09:00,5800.0,5960.0,5800.0,5890.0,23547,0.0,0.0
2022-12-16 11:00:00+09:00,5890.0,5900.0,5870.0,5890.0,2832,0.0,0.0
2022-12-16 12:00:00+09:00,5900.0,5940.0,5880.0,5930.0,8036,0.0,0.0
2022-12-16 13:00:00+09:00,5930.0,5930.0,5880.0,5900.0,10085,0.0,0.0
2022-12-16 14:00:00+09:00,5900.0,5910.0,5880.0,5890.0,10504,0.0,0.0
2022-12-19 09:00:00+09:00,5900.0,5910.0,5810.0,5910.0,10358,0.0,0.0
2022-12-19 10:00:00+09:00,5910.0,5940.0,5900.0,5900.0,8343,0.0,0.0
2022-12-19 11:00:00+09:00,5900.0,5910.0,5890.0,5900.0,4720,0.0,0.0
2022-12-19 12:00:00+09:00,5900.0,5900.0,5890.0,5900.0,2108,0.0,0.0
2022-12-19 13:00:00+09:00,5900.0,5910.0,5890.0,5890.0,1942,0.0,0.0
2022-12-19 14:00:00+09:00,5900.0,5910.0,5840.0,5860.0,14870,0.0,0.0
2022-12-20 09:00:00+09:00,5860.0,5960.0,5830.0,5860.0,0,0.0,0.0
2022-12-20 10:00:00+09:00,5830.0,5880.0,5830.0,5860.0,1931,0.0,0.0
2022-12-20 11:00:00+09:00,5860.0,5870.0,5830.0,5870.0,0,0.0,0.0
2022-12-20 12:00:00+09:00,5860.0,5860.0,5740.0,5750.0,24690,0.0,0.0
2022-12-20 13:00:00+09:00,5750.0,5850.0,5730.0,5850.0,12252,0.0,0.0
2022-12-20 14:00:00+09:00,5810.0,5850.0,5710.0,5760.0,5206,0.0,0.0
2022-12-21 09:00:00+09:00,5810.0,5830.0,5750.0,5820.0,0,0.0,0.0
2022-12-21 10:00:00+09:00,5810.0,5890.0,5810.0,5840.0,2836,0.0,0.0
2022-12-21 11:00:00+09:00,5830.0,5840.0,5780.0,5810.0,982,0.0,0.0
2022-12-21 12:00:00+09:00,5810.0,5810.0,5800.0,5810.0,336,0.0,0.0
2022-12-21 13:00:00+09:00,5800.0,5810.0,5800.0,5810.0,128,0.0,0.0
2022-12-21 14:00:00+09:00,5810.0,5830.0,5790.0,5830.0,341,0.0,0.0
2022-12-22 09:00:00+09:00,5790.0,5860.0,5790.0,5820.0,0,0.0,0.0
2022-12-22 10:00:00+09:00,5820.0,5830.0,5750.0,5770.0,7143,0.0,0.0
2022-12-22 11:00:00+09:00,5770.0,5820.0,5770.0,5820.0,1495,0.0,0.0
2022-12-22 12:00:00+09:00,5810.0,5820.0,5790.0,5820.0,1202,0.0,0.0
2022-12-22 13:00:00+09:00,5810.0,5820.0,5810.0,5820.0,283,0.0,0.0
2022-12-22 14:00:00+09:00,5810.0,5820.0,5800.0,5820.0,215,0.0,0.0
2022-12-23 09:00:00+09:00,5810.0,5810.0,5660.0,5670.0,0,0.0,0.0
2022-12-23 10:00:00+09:00,5690.0,5760.0,5640.0,5750.0,10958,0.0,0.0
2022-12-23 11:00:00+09:00,5740.0,5790.0,5710.0,5780.0,4672,0.0,0.0
2022-12-23 12:00:00+09:00,5760.0,5790.0,5720.0,5790.0,2381,0.0,0.0
2022-12-23 13:00:00+09:00,5760.0,5790.0,5700.0,5760.0,4201,0.0,0.0
2022-12-23 14:00:00+09:00,5760.0,5770.0,5730.0,5760.0,22474,0.0,0.0
2022-12-26 09:00:00+09:00,5690.0,5720.0,5640.0,5670.0,0,0.0,0.0
2022-12-26 10:00:00+09:00,5640.0,5690.0,5640.0,5690.0,1043,0.0,0.0
2022-12-26 11:00:00+09:00,5690.0,5690.0,5670.0,5680.0,86,0.0,0.0
2022-12-26 12:00:00+09:00,5680.0,5720.0,5670.0,5720.0,697,0.0,0.0
2022-12-26 13:00:00+09:00,5720.0,5730.0,5710.0,5730.0,6080,0.0,0.0
2022-12-26 14:00:00+09:00,5730.0,5730.0,5690.0,5730.0,10428,0.0,0.0
2022-12-27 09:00:00+09:00,5640.0,5780.0,5630.0,5780.0,0,0.0,0.0
2022-12-27 10:00:00+09:00,5730.0,5770.0,5730.0,5760.0,470,0.0,0.0
2022-12-27 11:00:00+09:00,5760.0,5780.0,5760.0,5780.0,302,0.0,0.0
2022-12-27 12:00:00+09:00,5780.0,5780.0,5740.0,5770.0,881,0.0,0.0
2022-12-27 13:00:00+09:00,5770.0,5790.0,5740.0,5780.0,5864,0.0,0.0
2022-12-27 14:00:00+09:00,5770.0,5800.0,5760.0,5790.0,10754,0.0,0.0
2022-12-28 09:00:00+09:00,5780.0,6080.0,5780.0,5950.0,39882,0.0,0.0
2022-12-28 10:00:00+09:00,5930.0,6060.0,5910.0,6020.0,26650,0.0,0.0
2022-12-28 11:00:00+09:00,6020.0,6030.0,5970.0,5970.0,2870,0.0,0.0
2022-12-28 12:00:00+09:00,5980.0,6020.0,5850.0,5990.0,39604,0.0,0.0
2022-12-28 13:00:00+09:00,5990.0,5990.0,5900.0,5990.0,7654,0.0,0.0
2022-12-28 14:00:00+09:00,5970.0,5990.0,5860.0,5920.0,17841,0.0,0.0
2022-12-29 09:00:00+09:00,5830.0,5860.0,5740.0,5750.0,0,0.0,0.0
2022-12-29 10:00:00+09:00,5750.0,5760.0,5610.0,5700.0,13072,0.0,0.0
2022-12-29 11:00:00+09:00,5720.0,5750.0,5660.0,5740.0,6563,0.0,0.0
2022-12-29 12:00:00+09:00,5740.0,5790.0,5690.0,5770.0,6323,0.0,0.0
2022-12-29 13:00:00+09:00,5760.0,5850.0,5760.0,5840.0,3396,0.0,0.0
2022-12-29 14:00:00+09:00,5790.0,5840.0,5790.0,5800.0,2868,0.0,0.0
2023-01-02 10:00:00+09:00,5770.0,5970.0,5760.0,5860.0,17112,0.0,0.0
2023-01-02 11:00:00+09:00,5870.0,5890.0,5770.0,5800.0,2905,0.0,0.0
2023-01-02 12:00:00+09:00,5790.0,5870.0,5670.0,5670.0,4245,0.0,0.0
2023-01-02 13:00:00+09:00,5670.0,5700.0,5650.0,5670.0,9514,0.0,0.0
2023-01-02 14:00:00+09:00,5670.0,5770.0,5660.0,5750.0,7759,0.0,0.0
2023-01-03 09:00:00+09:00,5700.0,5770.0,5660.0,5660.0,0,0.0,0.0
2023-01-03 10:00:00+09:00,5670.0,5670.0,5570.0,5610.0,11286,0.0,0.0
2023-01-03 11:00:00+09:00,5620.0,5710.0,5600.0,5670.0,3402,0.0,0.0
2023-01-03 12:00:00+09:00,5650.0,5710.0,5650.0,5710.0,836,0.0,0.0
2023-01-03 13:00:00+09:00,5700.0,5720.0,5700.0,5720.0,831,0.0,0.0
2023-01-03 14:00:00+09:00,5700.0,5760.0,5630.0,5750.0,9420,0.0,0.0
2023-01-04 09:00:00+09:00,5700.0,5700.0,5640.0,5660.0,0,0.0,0.0
2023-01-04 10:00:00+09:00,5660.0,5670.0,5610.0,5670.0,4314,0.0,0.0
2023-01-04 11:00:00+09:00,5670.0,5680.0,5600.0,5680.0,5600,0.0,0.0
2023-01-04 12:00:00+09:00,5680.0,5730.0,5670.0,5730.0,549,0.0,0.0
2023-01-04 13:00:00+09:00,5730.0,5830.0,5730.0,5790.0,8390,0.0,0.0
2023-01-04 14:00:00+09:00,5770.0,5770.0,5700.0,5700.0,3395,0.0,0.0
2023-01-05 09:00:00+09:00,5800.0,5800.0,5630.0,5660.0,0,0.0,0.0
2023-01-05 10:00:00+09:00,5650.0,5740.0,5640.0,5650.0,8139,0.0,0.0
2023-01-05 11:00:00+09:00,5660.0,5700.0,5620.0,5640.0,1973,0.0,0.0
2023-01-05 12:00:00+09:00,5640.0,5670.0,5610.0,5670.0,1133,0.0,0.0
2023-01-05 13:00:00+09:00,5630.0,5630.0,5530.0,5580.0,10111,0.0,0.0
2023-01-05 14:00:00+09:00,5570.0,5580.0,5410.0,5460.0,53114,0.0,0.0
2023-01-06 09:00:00+09:00,5490.0,5600.0,5450.0,5580.0,0,0.0,0.0
2023-01-06 10:00:00+09:00,5580.0,5580.0,5540.0,5550.0,12160,0.0,0.0
2023-01-06 11:00:00+09:00,5550.0,5550.0,5540.0,5540.0,1165,0.0,0.0
2023-01-06 12:00:00+09:00,5540.0,5560.0,5540.0,5540.0,1380,0.0,0.0
2023-01-06 13:00:00+09:00,5540.0,5560.0,5500.0,5560.0,24311,0.0,0.0
2023-01-06 14:00:00+09:00,5560.0,5560.0,5530.0,5550.0,745,0.0,0.0
2023-01-09 09:00:00+09:00,5560.0,5670.0,5560.0,5650.0,0,0.0,0.0
2023-01-09 10:00:00+09:00,5650.0,5670.0,5640.0,5670.0,2058,0.0,0.0
2023-01-09 11:00:00+09:00,5670.0,5690.0,5650.0,5690.0,2271,0.0,0.0
2023-01-09 12:00:00+09:00,5680.0,5690.0,5680.0,5690.0,50,0.0,0.0
2023-01-09 13:00:00+09:00,5680.0,5690.0,5670.0,5680.0,182,0.0,0.0
2023-01-09 14:00:00+09:00,5690.0,5690.0,5660.0,5690.0,9398,0.0,0.0
2023-01-10 09:00:00+09:00,5660.0,5720.0,5650.0,5690.0,0,0.0,0.0
2023-01-10 10:00:00+09:00,5690.0,5740.0,5690.0,5720.0,2188,0.0,0.0
2023-01-10 11:00:00+09:00,5720.0,5730.0,5710.0,5720.0,1043,0.0,0.0
2023-01-10 12:00:00+09:00,5720.0,5750.0,5720.0,5740.0,3335,0.0,0.0
2023-01-10 13:00:00+09:00,5740.0,5740.0,5730.0,5740.0,224,0.0,0.0
2023-01-10 14:00:00+09:00,5740.0,5740.0,5720.0,5720.0,554,0.0,0.0
2023-01-11 09:00:00+09:00,5770.0,5830.0,5740.0,5830.0,0,0.0,0.0
2023-01-11 10:00:00+09:00,5830.0,5830.0,5790.0,5800.0,3485,0.0,0.0
2023-01-11 11:00:00+09:00,5800.0,5810.0,5790.0,5810.0,1201,0.0,0.0
2023-01-11 12:00:00+09:00,5800.0,5810.0,5740.0,5780.0,1488,0.0,0.0
2023-01-11 13:00:00+09:00,5770.0,5780.0,5730.0,5770.0,3289,0.0,0.0
2023-01-11 14:00:00+09:00,5770.0,5780.0,5750.0,5770.0,518,0.0,0.0
2023-01-12 09:00:00+09:00,5780.0,5810.0,5770.0,5780.0,0,0.0,0.0
2023-01-12 10:00:00+09:00,5800.0,5800.0,5770.0,5790.0,6411,0.0,0.0
2023-01-12 11:00:00+09:00,5790.0,5790.0,5780.0,5790.0,412,0.0,0.0
2023-01-12 12:00:00+09:00,5780.0,5820.0,5770.0,5820.0,4059,0.0,0.0
2023-01-12 13:00:00+09:00,5810.0,5820.0,5810.0,5820.0,615,0.0,0.0
2023-01-12 14:00:00+09:00,5810.0,5820.0,5800.0,5810.0,2800,0.0,0.0
2023-01-13 09:00:00+09:00,5840.0,5900.0,5840.0,5860.0,0,0.0,0.0
2023-01-13 10:00:00+09:00,5870.0,5890.0,5860.0,5860.0,1576,0.0,0.0
2023-01-13 11:00:00+09:00,5860.0,5870.0,5850.0,5850.0,2130,0.0,0.0
2023-01-13 12:00:00+09:00,5850.0,5890.0,5840.0,5870.0,2970,0.0,0.0
2023-01-13 13:00:00+09:00,5870.0,5870.0,5850.0,5860.0,5579,0.0,0.0
2023-01-13 14:00:00+09:00,5870.0,5960.0,5870.0,5910.0,13349,0.0,0.0
2023-01-16 09:00:00+09:00,5980.0,6020.0,5950.0,5990.0,0,0.0,0.0
2023-01-16 10:00:00+09:00,5990.0,6030.0,5990.0,6010.0,15103,0.0,0.0
2023-01-16 11:00:00+09:00,5990.0,6010.0,5950.0,5960.0,1214,0.0,0.0
2023-01-16 12:00:00+09:00,5980.0,5990.0,5960.0,5970.0,2051,0.0,0.0
2023-01-16 13:00:00+09:00,5960.0,5970.0,5950.0,5950.0,2000,0.0,0.0
2023-01-16 14:00:00+09:00,5960.0,5990.0,5930.0,5990.0,4122,0.0,0.0
2023-01-17 09:00:00+09:00,5960.0,6010.0,5960.0,5990.0,0,0.0,0.0
2023-01-17 10:00:00+09:00,5980.0,5990.0,5950.0,5990.0,2658,0.0,0.0
2023-01-17 11:00:00+09:00,5950.0,6000.0,5940.0,5960.0,1988,0.0,0.0
2023-01-17 12:00:00+09:00,5960.0,5980.0,5920.0,5920.0,2175,0.0,0.0
2023-01-17 13:00:00+09:00,5920.0,5980.0,5900.0,5960.0,3773,0.0,0.0
2023-01-17 14:00:00+09:00,5910.0,5960.0,5900.0,5940.0,2893,0.0,0.0
2023-01-18 09:00:00+09:00,5930.0,5940.0,5830.0,5890.0,0,0.0,0.0
2023-01-18 10:00:00+09:00,5890.0,5890.0,5830.0,5880.0,3701,0.0,0.0
2023-01-18 11:00:00+09:00,5860.0,5930.0,5860.0,5920.0,408,0.0,0.0
2023-01-18 12:00:00+09:00,5860.0,5930.0,5860.0,5930.0,2567,0.0,0.0
2023-01-18 13:00:00+09:00,5860.0,5940.0,5860.0,5940.0,636,0.0,0.0
2023-01-18 14:00:00+09:00,5880.0,5940.0,5870.0,5940.0,1418,0.0,0.0
2023-01-19 09:00:00+09:00,5840.0,5920.0,5780.0,5830.0,1833,0.0,0.0
2023-01-19 10:00:00+09:00,5830.0,5880.0,5810.0,5880.0,11102,0.0,0.0
2023-01-19 11:00:00+09:00,5830.0,5890.0,5830.0,5870.0,2523,0.0,0.0
2023-01-19 12:00:00+09:00,5870.0,5870.0,5800.0,5820.0,5407,0.0,0.0
2023-01-19 13:00:00+09:00,5800.0,5820.0,5800.0,5820.0,1280,0.0,0.0
2023-01-19 14:00:00+09:00,5800.0,5820.0,5760.0,5810.0,10394,0.0,0.0
2023-01-20 09:00:00+09:00,5830.0,5840.0,5800.0,5840.0,0,0.0,0.0
2023-01-20 10:00:00+09:00,5820.0,5870.0,5820.0,5870.0,0,0.0,0.0
2023-01-20 11:00:00+09:00,5840.0,5950.0,5840.0,5910.0,8229,0.0,0.0
2023-01-20 12:00:00+09:00,5910.0,5930.0,5880.0,5900.0,3117,0.0,0.0
2023-01-20 13:00:00+09:00,5900.0,5930.0,5880.0,5900.0,2887,0.0,0.0
2023-01-20 14:00:00+09:00,5900.0,5920.0,5880.0,5920.0,947,0.0,0.0
2023-01-25 09:00:00+09:00,5900.0,5980.0,5830.0,5900.0,0,0.0,0.0
2023-01-25 10:00:00+09:00,5880.0,5960.0,5880.0,5910.0,5585,0.0,0.0
2023-01-25 11:00:00+09:00,5900.0,5910.0,5870.0,5910.0,2974,0.0,0.0
2023-01-25 12:00:00+09:00,5900.0,5910.0,5860.0,5910.0,525,0.0,0.0
2023-01-25 13:00:00+09:00,5900.0,5900.0,5860.0,5900.0,3158,0.0,0.0
2023-01-25 14:00:00+09:00,5890.0,5890.0,5870.0,5890.0,500,0.0,0.0
2023-01-26 09:00:00+09:00,5910.0,5910.0,5830.0,5900.0,3929,0.0,0.0
2023-01-26 10:00:00+09:00,5900.0,5930.0,5900.0,5920.0,3705,0.0,0.0
2023-01-26 11:00:00+09:00,5920.0,5950.0,5910.0,5940.0,7870,0.0,0.0
2023-01-26 12:00:00+09:00,5920.0,5930.0,5870.0,5900.0,8081,0.0,0.0
2023-01-26 13:00:00+09:00,5900.0,5910.0,5870.0,5900.0,4508,0.0,0.0
2023-01-26 14:00:00+09:00,5890.0,5900.0,5870.0,5900.0,1406,0.0,0.0
2023-01-27 09:00:00+09:00,5930.0,5950.0,5850.0,5950.0,1254,0.0,0.0
2023-01-27 10:00:00+09:00,5930.0,5950.0,5920.0,5950.0,3807,0.0,0.0
2023-01-27 11:00:00+09:00,5940.0,5960.0,5930.0,5940.0,2949,0.0,0.0
2023-01-27 12:00:00+09:00,5930.0,5960.0,5930.0,5950.0,882,0.0,0.0
2023-01-27 13:00:00+09:00,5930.0,5940.0,5930.0,5940.0,1093,0.0,0.0
2023-01-27 14:00:00+09:00,5940.0,5950.0,5930.0,5950.0,7454,0.0,0.0
2023-01-30 09:00:00+09:00,5940.0,6200.0,5940.0,6080.0,8193,0.0,0.0
2023-01-30 10:00:00+09:00,6070.0,6080.0,5960.0,6030.0,6987,0.0,0.0
2023-01-30 11:00:00+09:00,6000.0,6030.0,5990.0,6030.0,1967,0.0,0.0
2023-01-30 12:00:00+09:00,6020.0,6040.0,6010.0,6040.0,2722,0.0,0.0
2023-01-30 13:00:00+09:00,6040.0,6050.0,6000.0,6000.0,4108,0.0,0.0
2023-01-30 14:00:00+09:00,5990.0,6040.0,5970.0,6040.0,5769,0.0,0.0
2023-01-31 09:00:00+09:00,6090.0,6090.0,5930.0,6020.0,7373,0.0,0.0
2023-01-31 10:00:00+09:00,6010.0,6090.0,6010.0,6060.0,8061,0.0,0.0
2023-01-31 11:00:00+09:00,6090.0,6190.0,6060.0,6190.0,26545,0.0,0.0
2023-01-31 12:00:00+09:00,6190.0,6190.0,6090.0,6100.0,15241,0.0,0.0
2023-01-31 13:00:00+09:00,6100.0,6130.0,6080.0,6130.0,5811,0.0,0.0
2023-01-31 14:00:00+09:00,6130.0,6130.0,6100.0,6130.0,2103,0.0,0.0
2023-02-01 09:00:00+09:00,6230.0,6230.0,6090.0,6100.0,29118,0.0,0.0
2023-02-01 10:00:00+09:00,6100.0,6120.0,6070.0,6110.0,8429,0.0,0.0
2023-02-01 11:00:00+09:00,6100.0,6150.0,6100.0,6140.0,558,0.0,0.0
2023-02-01 12:00:00+09:00,6120.0,6140.0,6100.0,6120.0,1517,0.0,0.0
2023-02-01 13:00:00+09:00,6110.0,6150.0,6110.0,6150.0,0,0.0,0.0
2023-02-01 14:00:00+09:00,6140.0,6150.0,6120.0,6140.0,51124,0.0,0.0
2023-02-02 09:00:00+09:00,6090.0,6200.0,6080.0,6170.0,10924,0.0,0.0
2023-02-02 10:00:00+09:00,6170.0,6200.0,6100.0,6190.0,25726,0.0,0.0
2023-02-02 11:00:00+09:00,6180.0,6180.0,6070.0,6100.0,18827,0.0,0.0
2023-02-02 12:00:00+09:00,6110.0,6120.0,6080.0,6120.0,2490,0.0,0.0
2023-02-02 13:00:00+09:00,6110.0,6140.0,6100.0,6130.0,5207,0.0,0.0
2023-02-02 14:00:00+09:00,6110.0,6180.0,6100.0,6160.0,7652,0.0,0.0
2023-02-03 09:00:00+09:00,6140.0,6180.0,6120.0,6150.0,7417,0.0,0.0
2023-02-03 10:00:00+09:00,6140.0,6150.0,6090.0,6130.0,9676,0.0,0.0
2023-02-03 11:00:00+09:00,6090.0,6160.0,6090.0,6160.0,10740,0.0,0.0
2023-02-03 12:00:00+09:00,6160.0,6160.0,6120.0,6150.0,406,0.0,0.0
2023-02-03 13:00:00+09:00,6150.0,6150.0,6120.0,6150.0,104,0.0,0.0
2023-02-03 14:00:00+09:00,6120.0,6180.0,6120.0,6180.0,2948,0.0,0.0
2023-02-06 09:00:00+09:00,6190.0,6220.0,6090.0,6140.0,6131,0.0,0.0
2023-02-06 10:00:00+09:00,6130.0,6130.0,6020.0,6080.0,14893,0.0,0.0
2023-02-06 11:00:00+09:00,6080.0,6100.0,6030.0,6090.0,6923,0.0,0.0
2023-02-06 12:00:00+09:00,6080.0,6080.0,6080.0,6080.0,475,0.0,0.0
2023-02-06 13:00:00+09:00,6070.0,6070.0,6040.0,6040.0,2062,0.0,0.0
2023-02-06 14:00:00+09:00,6040.0,6050.0,5950.0,5970.0,19186,0.0,0.0
2023-02-07 09:00:00+09:00,5980.0,6000.0,5940.0,5970.0,3899,0.0,0.0
2023-02-07 10:00:00+09:00,5970.0,6030.0,5970.0,5980.0,5229,0.0,0.0
2023-02-07 11:00:00+09:00,5970.0,6000.0,5970.0,6000.0,828,0.0,0.0
2023-02-07 12:00:00+09:00,6000.0,6040.0,5970.0,5980.0,3190,0.0,0.0
2023-02-07 13:00:00+09:00,5980.0,6030.0,5980.0,6000.0,2394,0.0,0.0
2023-02-07 14:00:00+09:00,5990.0,6020.0,5990.0,6020.0,772,0.0,0.0
2023-02-08 09:00:00+09:00,5970.0,6070.0,5890.0,5950.0,11470,0.0,0.0
2023-02-08 10:00:00+09:00,5950.0,5960.0,5880.0,5940.0,20837,0.0,0.0
2023-02-08 11:00:00+09:00,5930.0,5990.0,5920.0,5950.0,3276,0.0,0.0
2023-02-08 12:00:00+09:00,5950.0,5970.0,5900.0,5940.0,3815,0.0,0.0
2023-02-08 13:00:00+09:00,5910.0,5940.0,5900.0,5940.0,2905,0.0,0.0
2023-02-08 14:00:00+09:00,5920.0,5930.0,5830.0,5850.0,24462,0.0,0.0
2023-02-09 09:00:00+09:00,5920.0,5920.0,5840.0,5890.0,5030,0.0,0.0
2023-02-09 10:00:00+09:00,5890.0,5920.0,5840.0,5910.0,5747,0.0,0.0
2023-02-09 11:00:00+09:00,5900.0,5920.0,5830.0,5860.0,7608,0.0,0.0
2023-02-09 12:00:00+09:00,5830.0,5900.0,5790.0,5800.0,18447,0.0,0.0
2023-02-09 13:00:00+09:00,5810.0,5820.0,5780.0,5820.0,9010,0.0,0.0
2023-02-09 14:00:00+09:00,5820.0,5850.0,5740.0,5840.0,11572,0.0,0.0
2023-02-10 09:00:00+09:00,5840.0,5840.0,5790.0,5830.0,2580,0.0,0.0
2023-02-10 10:00:00+09:00,5820.0,5850.0,5820.0,5850.0,2247,0.0,0.0
2023-02-10 11:00:00+09:00,5860.0,5890.0,5850.0,5870.0,3803,0.0,0.0
2023-02-10 12:00:00+09:00,5870.0,5890.0,5850.0,5860.0,12687,0.0,0.0
2023-02-10 13:00:00+09:00,5860.0,5890.0,5850.0,5870.0,1757,0.0,0.0
2023-02-10 14:00:00+09:00,5870.0,5930.0,5870.0,5930.0,2284,0.0,0.0
2023-02-13 09:00:00+09:00,5900.0,5920.0,5870.0,5920.0,0,0.0,0.0
2023-02-13 10:00:00+09:00,5920.0,5920.0,5830.0,5860.0,6057,0.0,0.0
2023-02-13 11:00:00+09:00,5830.0,5860.0,5820.0,5830.0,8059,0.0,0.0
2023-02-13 12:00:00+09:00,5830.0,5860.0,5810.0,5820.0,19607,0.0,0.0
2023-02-13 13:00:00+09:00,5820.0,5880.0,5810.0,5870.0,9912,0.0,0.0
2023-02-13 14:00:00+09:00,5850.0,5910.0,5850.0,5900.0,8405,0.0,0.0
2023-02-14 09:00:00+09:00,5880.0,5980.0,5870.0,5950.0,0,0.0,0.0
2023-02-14 10:00:00+09:00,5950.0,5980.0,5950.0,5980.0,2906,0.0,0.0
2023-02-14 11:00:00+09:00,5980.0,5980.0,5960.0,5970.0,3475,0.0,0.0
2023-02-14 12:00:00+09:00,5950.0,5970.0,5890.0,5930.0,14561,0.0,0.0
2023-02-14 13:00:00+09:00,5930.0,5970.0,5910.0,5960.0,4950,0.0,0.0
2023-02-14 14:00:00+09:00,5960.0,5960.0,5930.0,5940.0,1050,0.0,0.0
2023-02-15 09:00:00+09:00,5990.0,5990.0,5850.0,5890.0,9387,0.0,0.0
2023-02-15 10:00:00+09:00,5890.0,5910.0,5860.0,5860.0,1244,0.0,0.0
2023-02-15 11:00:00+09:00,5860.0,5870.0,5830.0,5850.0,7770,0.0,0.0
2023-02-15 12:00:00+09:00,5860.0,5860.0,5830.0,5850.0,3447,0.0,0.0
2023-02-15 13:00:00+09:00,5850.0,5980.0,5840.0,5900.0,4867,0.0,0.0
2023-02-15 14:00:00+09:00,5870.0,5910.0,5870.0,5880.0,426,0.0,0.0
2023-02-16 09:00:00+09:00,5860.0,5910.0,5840.0,5900.0,2087,0.0,0.0
2023-02-16 10:00:00+09:00,5900.0,5900.0,5830.0,5870.0,18344,0.0,0.0
2023-02-16 11:00:00+09:00,5880.0,5900.0,5850.0,5890.0,11375,0.0,0.0
2023-02-16 12:00:00+09:00,5890.0,5900.0,5890.0,5900.0,1203,0.0,0.0
2023-02-16 13:00:00+09:00,5890.0,5900.0,5890.0,5890.0,6751,0.0,0.0
2023-02-16 14:00:00+09:00,5890.0,5910.0,5880.0,5880.0,1679,0.0,0.0
2023-02-17 09:00:00+09:00,5900.0,5910.0,5810.0,5850.0,0,0.0,0.0
2023-02-17 10:00:00+09:00,5850.0,5870.0,5820.0,5830.0,1273,0.0,0.0
2023-02-17 11:00:00+09:00,5810.0,5840.0,5810.0,5840.0,644,0.0,0.0
2023-02-17 12:00:00+09:00,5840.0,5870.0,5810.0,5820.0,5335,0.0,0.0
2023-02-17 13:00:00+09:00,5820.0,5870.0,5810.0,5840.0,3489,0.0,0.0
2023-02-17 14:00:00+09:00,5830.0,5830.0,5830.0,5830.0,757,0.0,0.0
2023-02-20 09:00:00+09:00,5800.0,5840.0,5770.0,5770.0,0,0.0,0.0
2023-02-20 10:00:00+09:00,5780.0,5800.0,5720.0,5760.0,24296,0.0,0.0
2023-02-20 11:00:00+09:00,5750.0,5790.0,5690.0,5770.0,11012,0.0,0.0
2023-02-20 12:00:00+09:00,5770.0,5790.0,5750.0,5790.0,1358,0.0,0.0
2023-02-20 13:00:00+09:00,5780.0,5790.0,5770.0,5780.0,1248,0.0,0.0
2023-02-20 14:00:00+09:00,5770.0,5780.0,5690.0,5720.0,13863,0.0,0.0
2023-02-21 09:00:00+09:00,5660.0,5770.0,5660.0,5710.0,8286,0.0,0.0
2023-02-21 10:00:00+09:00,5700.0,5770.0,5680.0,5750.0,3679,0.0,0.0
2023-02-21 11:00:00+09:00,5740.0,5750.0,5710.0,5730.0,1081,0.0,0.0
2023-02-21 12:00:00+09:00,5720.0,5780.0,5670.0,5780.0,19436,0.0,0.0
2023-02-21 13:00:00+09:00,5780.0,5780.0,5740.0,5750.0,781,0.0,0.0
2023-02-21 14:00:00+09:00,5750.0,5760.0,5730.0,5750.0,380,0.0,0.0
2023-02-22 09:00:00+09:00,5680.0,5750.0,5660.0,5720.0,2269,0.0,0.0
2023-02-22 10:00:00+09:00,5720.0,5730.0,5710.0,5720.0,2152,0.0,0.0
2023-02-22 11:00:00+09:00,5710.0,5720.0,5690.0,5710.0,2081,0.0,0.0
2023-02-22 12:00:00+09:00,5710.0,5710.0,5710.0,5710.0,326,0.0,0.0
2023-02-22 13:00:00+09:00,5720.0,5740.0,5720.0,5730.0,1617,0.0,0.0
2023-02-22 14:00:00+09:00,5720.0,5750.0,5700.0,5740.0,3223,0.0,0.0
2023-02-23 09:00:00+09:00,5710.0,5790.0,5700.0,5700.0,7620,0.0,0.0
2023-02-23 10:00:00+09:00,5690.0,5720.0,5630.0,5650.0,18287,0.0,0.0
2023-02-23 11:00:00+09:00,5650.0,5710.0,5650.0,5690.0,7474,0.0,0.0
2023-02-23 12:00:00+09:00,5690.0,5710.0,5680.0,5700.0,694,0.0,0.0
2023-02-23 13:00:00+09:00,5690.0,5710.0,5670.0,5700.0,448,0.0,0.0
2023-02-23 14:00:00+09:00,5680.0,5710.0,5670.0,5710.0,1479,0.0,0.0
2023-02-24 09:00:00+09:00,5720.0,5720.0,5660.0,5700.0,4731,0.0,0.0
2023-02-24 10:00:00+09:00,5700.0,5700.0,5640.0,5670.0,6960,0.0,0.0
2023-02-24 11:00:00+09:00,5660.0,5670.0,5630.0,5660.0,2192,0.0,0.0
2023-02-24 12:00:00+09:00,5630.0,5650.0,5620.0,5650.0,7644,0.0,0.0
2023-02-24 13:00:00+09:00,5620.0,5650.0,5600.0,5650.0,5002,0.0,0.0
2023-02-24 14:00:00+09:00,5620.0,5640.0,5620.0,5640.0,1408,0.0,0.0
2023-02-27 09:00:00+09:00,5610.0,5630.0,5500.0,5560.0,0,0.0,0.0
2023-02-27 10:00:00+09:00,5520.0,5600.0,5520.0,5600.0,2451,0.0,0.0
2023-02-27 11:00:00+09:00,5600.0,5600.0,5590.0,5600.0,1916,0.0,0.0
2023-02-27 12:00:00+09:00,5600.0,5610.0,5600.0,5600.0,705,0.0,0.0
2023-02-27 13:00:00+09:00,5590.0,5590.0,5570.0,5590.0,2454,0.0,0.0
2023-02-27 14:00:00+09:00,5570.0,5610.0,5550.0,5570.0,1771,0.0,0.0
2023-02-28 09:00:00+09:00,5520.0,5650.0,5520.0,5650.0,0,0.0,0.0
2023-02-28 10:00:00+09:00,5640.0,5640.0,5570.0,5630.0,15335,0.0,0.0
2023-02-28 11:00:00+09:00,5610.0,5620.0,5550.0,5590.0,25617,0.0,0.0
2023-02-28 12:00:00+09:00,5570.0,5610.0,5570.0,5600.0,1593,0.0,0.0
2023-02-28 13:00:00+09:00,5590.0,5610.0,5570.0,5600.0,2581,0.0,0.0
2023-02-28 14:00:00+09:00,5590.0,5590.0,5540.0,5570.0,1493,0.0,0.0
2023-03-02 09:00:00+09:00,5580.0,5620.0,5550.0,5560.0,0,0.0,0.0
2023-03-02 10:00:00+09:00,5550.0,5610.0,5500.0,5540.0,6591,0.0,0.0
2023-03-02 11:00:00+09:00,5540.0,5540.0,5520.0,5540.0,1162,0.0,0.0
2023-03-02 12:00:00+09:00,5540.0,5580.0,5530.0,5550.0,2516,0.0,0.0
2023-03-02 13:00:00+09:00,5550.0,5570.0,5540.0,5560.0,2072,0.0,0.0
2023-03-02 14:00:00+09:00,5550.0,5570.0,5540.0,5550.0,1085,0.0,0.0
2023-03-03 09:00:00+09:00,5540.0,5650.0,5530.0,5560.0,3465,0.0,0.0
2023-03-03 10:00:00+09:00,5550.0,5550.0,5520.0,5540.0,4596,0.0,0.0
2023-03-03 11:00:00+09:00,5540.0,5540.0,5520.0,5540.0,908,0.0,0.0
2023-03-03 12:00:00+09:00,5540.0,5540.0,5530.0,5540.0,57,0.0,0.0
2023-03-03 13:00:00+09:00,5540.0,5560.0,5540.0,5550.0,2470,0.0,0.0
2023-03-03 14:00:00+09:00,5550.0,5550.0,5540.0,5550.0,1312,0.0,0.0
2023-03-06 09:00:00+09:00,5570.0,5630.0,5560.0,5590.0,0,0.0,0.0
2023-03-06 10:00:00+09:00,5570.0,5600.0,5560.0,5600.0,742,0.0,0.0
2023-03-06 11:00:00+09:00,5580.0,5600.0,5570.0,5600.0,2622,0.0,0.0
2023-03-06 12:00:00+09:00,5600.0,5620.0,5570.0,5590.0,4565,0.0,0.0
2023-03-06 13:00:00+09:00,5590.0,5620.0,5590.0,5620.0,794,0.0,0.0
2023-03-06 14:00:00+09:00,5610.0,5620.0,5610.0,5610.0,867,0.0,0.0
2023-03-07 09:00:00+09:00,5620.0,5650.0,5580.0,5600.0,1764,0.0,0.0
2023-03-07 10:00:00+09:00,5600.0,5620.0,5570.0,5610.0,2617,0.0,0.0
2023-03-07 11:00:00+09:00,5600.0,5710.0,5560.0,5680.0,4795,0.0,0.0
2023-03-07 12:00:00+09:00,5670.0,5670.0,5610.0,5620.0,2102,0.0,0.0
2023-03-07 13:00:00+09:00,5610.0,5690.0,5580.0,5680.0,8117,0.0,0.0
2023-03-07 14:00:00+09:00,5670.0,5700.0,5630.0,5660.0,2115,0.0,0.0
2023-03-08 09:00:00+09:00,5620.0,5640.0,5560.0,5610.0,2934,0.0,0.0
2023-03-08 10:00:00+09:00,5590.0,5630.0,5590.0,5610.0,7697,0.0,0.0
2023-03-08 11:00:00+09:00,5580.0,5610.0,5580.0,5610.0,103,0.0,0.0
2023-03-08 12:00:00+09:00,5590.0,5600.0,5590.0,5600.0,629,0.0,0.0
2023-03-08 13:00:00+09:00,5580.0,5600.0,5580.0,5600.0,2117,0.0,0.0
2023-03-08 14:00:00+09:00,5590.0,5600.0,5560.0,5600.0,2851,0.0,0.0
2023-03-09 09:00:00+09:00,5580.0,5680.0,5570.0,5610.0,8721,0.0,0.0
2023-03-09 10:00:00+09:00,5590.0,5610.0,5580.0,5590.0,855,0.0,0.0
2023-03-09 11:00:00+09:00,5570.0,5640.0,5570.0,5640.0,3006,0.0,0.0
2023-03-09 12:00:00+09:00,5630.0,5640.0,5590.0,5640.0,1825,0.0,0.0
2023-03-09 13:00:00+09:00,5620.0,5630.0,5580.0,5600.0,1173,0.0,0.0
2023-03-09 14:00:00+09:00,5600.0,5620.0,5600.0,5620.0,1301,0.0,0.0
2023-03-10 09:00:00+09:00,5620.0,5620.0,5540.0,5560.0,3490,0.0,0.0
2023-03-10 10:00:00+09:00,5560.0,5560.0,5540.0,5560.0,684,0.0,0.0
2023-03-10 11:00:00+09:00,5560.0,5560.0,5530.0,5560.0,1207,0.0,0.0
2023-03-10 12:00:00+09:00,5540.0,5560.0,5500.0,5520.0,6315,0.0,0.0
2023-03-10 13:00:00+09:00,5520.0,5530.0,5490.0,5520.0,4025,0.0,0.0
2023-03-10 14:00:00+09:00,5500.0,5520.0,5460.0,5480.0,7609,0.0,0.0
2023-03-13 09:00:00+09:00,5420.0,5450.0,5290.0,5440.0,0,0.0,0.0
2023-03-13 10:00:00+09:00,5390.0,5450.0,5300.0,5360.0,8601,0.0,0.0
2023-03-13 11:00:00+09:00,5340.0,5420.0,5340.0,5420.0,2381,0.0,0.0
2023-03-13 12:00:00+09:00,5420.0,5470.0,5420.0,5470.0,2300,0.0,0.0
2023-03-13 13:00:00+09:00,5430.0,5440.0,5410.0,5430.0,1623,0.0,0.0
2023-03-13 14:00:00+09:00,5410.0,5470.0,5390.0,5470.0,15258,0.0,0.0
2023-03-14 09:00:00+09:00,5410.0,5450.0,5260.0,5320.0,0,0.0,0.0
2023-03-14 10:00:00+09:00,5290.0,5370.0,5250.0,5270.0,13587,0.0,0.0
2023-03-14 11:00:00+09:00,5280.0,5290.0,5230.0,5270.0,7305,0.0,0.0
2023-03-14 12:00:00+09:00,5270.0,5270.0,5240.0,5260.0,2001,0.0,0.0
2023-03-14 13:00:00+09:00,5280.0,5280.0,5140.0,5240.0,22642,0.0,0.0
2023-03-14 14:00:00+09:00,5240.0,5250.0,5170.0,5240.0,3433,0.0,0.0
2023-03-15 09:00:00+09:00,5170.0,5310.0,5170.0,5290.0,0,0.0,0.0
2023-03-15 10:00:00+09:00,5290.0,5360.0,5270.0,5350.0,6673,0.0,0.0
2023-03-15 11:00:00+09:00,5350.0,5390.0,5350.0,5390.0,1832,0.0,0.0
2023-03-15 12:00:00+09:00,5380.0,5390.0,5370.0,5380.0,2454,0.0,0.0
2023-03-15 13:00:00+09:00,5380.0,5380.0,5340.0,5380.0,5875,0.0,0.0
2023-03-15 14:00:00+09:00,5370.0,5380.0,5320.0,5350.0,658,0.0,0.0
2023-03-16 09:00:00+09:00,5360.0,5380.0,5260.0,5330.0,0,0.0,0.0
2023-03-16 10:00:00+09:00,5330.0,5360.0,5310.0,5350.0,1315,0.0,0.0
2023-03-16 11:00:00+09:00,5340.0,5340.0,5330.0,5340.0,540,0.0,0.0
2023-03-16 12:00:00+09:00,5340.0,5370.0,5340.0,5360.0,3595,0.0,0.0
2023-03-16 13:00:00+09:00,5360.0,5370.0,5340.0,5360.0,855,0.0,0.0
2023-03-16 14:00:00+09:00,5360.0,5370.0,5350.0,5360.0,1062,0.0,0.0
2023-03-17 09:00:00+09:00,5360.0,5530.0,5330.0,5480.0,0,0.0,0.0
2023-03-17 10:00:00+09:00,5480.0,5530.0,5480.0,5530.0,1822,0.0,0.0
2023-03-17 11:00:00+09:00,5530.0,5530.0,5500.0,5530.0,1417,0.0,0.0
2023-03-17 12:00:00+09:00,5510.0,5540.0,5480.0,5540.0,6121,0.0,0.0
2023-03-17 13:00:00+09:00,5530.0,5560.0,5510.0,5550.0,0,0.0,0.0
2023-03-17 14:00:00+09:00,5550.0,5550.0,5510.0,5510.0,31417,0.0,0.0
2023-03-20 09:00:00+09:00,5530.0,5560.0,5490.0,5540.0,0,0.0,0.0
2023-03-20 10:00:00+09:00,5540.0,5550.0,5530.0,5530.0,217,0.0,0.0
2023-03-20 11:00:00+09:00,5540.0,5540.0,5520.0,5530.0,3946,0.0,0.0
2023-03-20 12:00:00+09:00,5530.0,5530.0,5530.0,5530.0,69,0.0,0.0
2023-03-20 13:00:00+09:00,5530.0,5530.0,5500.0,5530.0,1748,0.0,0.0
2023-03-20 14:00:00+09:00,5520.0,5530.0,5510.0,5530.0,36,0.0,0.0
2023-03-21 09:00:00+09:00,5510.0,5590.0,5510.0,5590.0,0,0.0,0.0
2023-03-21 10:00:00+09:00,5570.0,5590.0,5540.0,5570.0,421,0.0,0.0
2023-03-21 11:00:00+09:00,5570.0,5580.0,5550.0,5550.0,1965,0.0,0.0
2023-03-21 12:00:00+09:00,5550.0,5570.0,5530.0,5550.0,3179,0.0,0.0
2023-03-21 13:00:00+09:00,5550.0,5560.0,5540.0,5550.0,327,0.0,0.0
2023-03-21 14:00:00+09:00,5550.0,5560.0,5540.0,5550.0,760,0.0,0.0
2023-03-22 09:00:00+09:00,5570.0,5600.0,5500.0,5510.0,0,0.0,0.0
2023-03-22 10:00:00+09:00,5510.0,5530.0,5450.0,5520.0,5268,0.0,0.0
2023-03-22 11:00:00+09:00,5520.0,5530.0,5480.0,5500.0,5099,0.0,0.0
2023-03-22 12:00:00+09:00,5510.0,5530.0,5470.0,5510.0,4824,0.0,0.0
2023-03-22 13:00:00+09:00,5490.0,5500.0,5480.0,5500.0,243,0.0,0.0
2023-03-22 14:00:00+09:00,5500.0,5500.0,5480.0,5500.0,512,0.0,0.0
2023-03-23 09:00:00+09:00,5480.0,5570.0,5460.0,5520.0,0,0.0,0.0
2023-03-23 10:00:00+09:00,5520.0,5520.0,5500.0,5500.0,2409,0.0,0.0
2023-03-23 11:00:00+09:00,5520.0,5530.0,5520.0,5530.0,320,0.0,0.0
2023-03-23 12:00:00+09:00,5530.0,5530.0,5520.0,5530.0,642,0.0,0.0
2023-03-23 13:00:00+09:00,5530.0,5530.0,5500.0,5520.0,1227,0.0,0.0
2023-03-23 14:00:00+09:00,5510.0,5520.0,5480.0,5490.0,7877,0.0,0.0
2023-03-24 09:00:00+09:00,5470.0,5540.0,5470.0,5510.0,0,0.0,0.0
2023-03-24 10:00:00+09:00,5500.0,5510.0,5450.0,5470.0,10451,0.0,0.0
2023-03-24 11:00:00+09:00,5470.0,5510.0,5470.0,5510.0,2471,0.0,0.0
2023-03-24 13:00:00+09:00,5490.0,5490.0,5430.0,5450.0,5397,0.0,0.0
2023-03-24 14:00:00+09:00,5450.0,5460.0,5430.0,5450.0,1651,0.0,0.0
2023-03-27 09:00:00+09:00,5460.0,5520.0,5390.0,5410.0,0,0.0,0.0
2023-03-27 10:00:00+09:00,5390.0,5400.0,5350.0,5360.0,3653,0.0,0.0
2023-03-27 11:00:00+09:00,5360.0,5420.0,5360.0,5410.0,5621,0.0,0.0
2023-03-27 12:00:00+09:00,5410.0,5490.0,5370.0,5460.0,4340,0.0,0.0
2023-03-27 13:00:00+09:00,5460.0,5480.0,5410.0,5470.0,3607,0.0,0.0
2023-03-27 14:00:00+09:00,5430.0,5490.0,5430.0,5490.0,2879,0.0,0.0
2023-03-28 09:00:00+09:00,5490.0,5720.0,5490.0,5700.0,0,0.0,0.0
2023-03-28 10:00:00+09:00,5700.0,5720.0,5630.0,5670.0,4811,0.0,0.0
2023-03-28 11:00:00+09:00,5670.0,5670.0,5620.0,5640.0,3704,0.0,0.0
2023-03-28 12:00:00+09:00,5640.0,5710.0,5640.0,5700.0,3721,0.0,0.0
2023-03-28 13:00:00+09:00,5680.0,5700.0,5680.0,5700.0,1462,0.0,0.0
2023-03-28 14:00:00+09:00,5680.0,5780.0,5680.0,5770.0,12456,0.0,0.0
2023-03-29 09:00:00+09:00,5780.0,5920.0,5780.0,5890.0,0,0.0,0.0
2023-03-29 10:00:00+09:00,5890.0,5890.0,5850.0,5880.0,6078,0.0,0.0
2023-03-29 11:00:00+09:00,5870.0,5880.0,5850.0,5880.0,7839,0.0,0.0
2023-03-29 12:00:00+09:00,5870.0,5990.0,5850.0,5950.0,13110,0.0,0.0
2023-03-29 13:00:00+09:00,5950.0,5960.0,5920.0,5930.0,2468,0.0,0.0
2023-03-29 14:00:00+09:00,5930.0,6020.0,5900.0,5950.0,36649,0.0,0.0
2023-03-30 09:00:00+09:00,6040.0,6040.0,5940.0,6020.0,0,0.0,0.0
2023-03-30 10:00:00+09:00,6030.0,6100.0,6030.0,6060.0,10341,0.0,0.0
2023-03-30 11:00:00+09:00,6050.0,6130.0,6050.0,6120.0,15154,0.0,0.0
2023-03-30 12:00:00+09:00,6100.0,6100.0,6060.0,6080.0,4151,0.0,0.0
2023-03-30 13:00:00+09:00,6060.0,6070.0,6060.0,6070.0,4211,0.0,0.0
2023-03-30 14:00:00+09:00,6060.0,6080.0,6050.0,6080.0,9737,0.0,0.0
2023-03-31 09:00:00+09:00,6100.0,6110.0,6050.0,6050.0,0,0.0,0.0
2023-03-31 10:00:00+09:00,6070.0,6070.0,6020.0,6040.0,7568,0.0,0.0
2023-03-31 11:00:00+09:00,6040.0,6040.0,5980.0,6010.0,10310,0.0,0.0
2023-03-31 12:00:00+09:00,6040.0,6050.0,6030.0,6030.0,1468,0.0,0.0
2023-03-31 13:00:00+09:00,6040.0,6050.0,5960.0,5960.0,0,0.0,0.0
2023-03-31 14:00:00+09:00,5960.0,5980.0,5950.0,5960.0,0,0.0,0.0
2023-04-03 09:00:00+09:00,6100.0,6100.0,5970.0,6010.0,0,0.0,0.0
2023-04-03 10:00:00+09:00,6010.0,6030.0,5980.0,6010.0,7248,0.0,0.0
2023-04-03 11:00:00+09:00,6010.0,6010.0,5980.0,6000.0,693,0.0,0.0
2023-04-03 12:00:00+09:00,6000.0,6020.0,6000.0,6020.0,4480,0.0,0.0
2023-04-03 13:00:00+09:00,6020.0,6050.0,6000.0,6050.0,4310,0.0,0.0
2023-04-03 14:00:00+09:00,6040.0,6060.0,6030.0,6050.0,3202,0.0,0.0
2023-04-04 09:00:00+09:00,6120.0,6120.0,5970.0,6020.0,0,0.0,0.0
2023-04-04 10:00:00+09:00,6000.0,6020.0,5950.0,5980.0,7182,0.0,0.0
2023-04-04 11:00:00+09:00,5970.0,5990.0,5930.0,5980.0,3115,0.0,0.0
2023-04-04 12:00:00+09:00,5960.0,6010.0,5920.0,6010.0,967,0.0,0.0
2023-04-04 13:00:00+09:00,5950.0,6000.0,5920.0,5940.0,5085,0.0,0.0
2023-04-04 14:00:00+09:00,5930.0,5950.0,5900.0,5940.0,3202,0.0,0.0
2023-04-05 09:00:00+09:00,5990.0,5990.0,5870.0,5970.0,0,0.0,0.0
2023-04-05 10:00:00+09:00,5960.0,5980.0,5890.0,5930.0,5398,0.0,0.0
2023-04-05 11:00:00+09:00,5950.0,5960.0,5910.0,5950.0,0,0.0,0.0
2023-04-05 12:00:00+09:00,5950.0,5960.0,5930.0,5960.0,12939,0.0,0.0
2023-04-05 13:00:00+09:00,5960.0,5970.0,5950.0,5970.0,519,0.0,0.0
2023-04-05 14:00:00+09:00,5970.0,5970.0,5930.0,5960.0,1599,0.0,0.0
2023-04-06 09:00:00+09:00,5870.0,5960.0,5780.0,5820.0,10703,0.0,0.0
2023-04-06 10:00:00+09:00,5820.0,5930.0,5790.0,5880.0,5775,0.0,0.0
2023-04-06 11:00:00+09:00,5880.0,5880.0,5820.0,5870.0,1612,0.0,0.0
2023-04-06 12:00:00+09:00,5870.0,5880.0,5830.0,5860.0,667,0.0,0.0
2023-04-06 13:00:00+09:00,5830.0,5880.0,5800.0,5850.0,22769,0.0,0.0
2023-04-06 14:00:00+09:00,5820.0,5910.0,5800.0,5910.0,5401,0.0,0.0
2023-04-07 09:00:00+09:00,5860.0,5950.0,5860.0,5950.0,0,0.0,0.0
2023-04-07 10:00:00+09:00,5950.0,6140.0,5950.0,6100.0,18290,0.0,0.0
2023-04-07 11:00:00+09:00,6070.0,6100.0,6030.0,6050.0,7411,0.0,0.0
2023-04-07 12:00:00+09:00,6040.0,6050.0,6020.0,6050.0,3000,0.0,0.0
2023-04-07 13:00:00+09:00,6040.0,6040.0,6020.0,6040.0,1459,0.0,0.0
2023-04-07 14:00:00+09:00,6030.0,6040.0,6010.0,6030.0,1270,0.0,0.0
2023-04-10 09:00:00+09:00,5980.0,6020.0,5910.0,5940.0,0,0.0,0.0
2023-04-10 10:00:00+09:00,5920.0,5920.0,5850.0,5890.0,9825,0.0,0.0
2023-04-10 11:00:00+09:00,5890.0,5940.0,5880.0,5940.0,3978,0.0,0.0
2023-04-10 12:00:00+09:00,5940.0,6000.0,5940.0,6000.0,3525,0.0,0.0
2023-04-10 13:00:00+09:00,5990.0,5990.0,5920.0,5920.0,1082,0.0,0.0
2023-04-10 14:00:00+09:00,5950.0,6020.0,5930.0,6020.0,4966,0.0,0.0
2023-04-11 09:00:00+09:00,5970.0,6020.0,5930.0,5980.0,0,0.0,0.0
2023-04-11 10:00:00+09:00,5990.0,6090.0,5990.0,6060.0,4542,0.0,0.0
2023-04-11 11:00:00+09:00,6040.0,6040.0,5940.0,5970.0,9956,0.0,0.0
2023-04-11 12:00:00+09:00,5970.0,6010.0,5950.0,6000.0,817,0.0,0.0
2023-04-11 13:00:00+09:00,5980.0,6050.0,5980.0,6050.0,2047,0.0,0.0
2023-04-11 14:00:00+09:00,6040.0,6050.0,5930.0,6010.0,14335,0.0,0.0
2023-04-12 09:00:00+09:00,6030.0,6070.0,5970.0,6060.0,0,0.0,0.0
2023-04-12 10:00:00+09:00,6060.0,6180.0,6010.0,6030.0,27511,0.0,0.0
2023-04-12 11:00:00+09:00,6030.0,6060.0,6030.0,6060.0,1991,0.0,0.0
2023-04-12 12:00:00+09:00,6060.0,6100.0,6060.0,6080.0,2852,0.0,0.0
2023-04-12 13:00:00+09:00,6080.0,6100.0,6070.0,6100.0,1871,0.0,0.0
2023-04-12 14:00:00+09:00,6090.0,6100.0,6040.0,6050.0,3082,0.0,0.0
2023-04-13 09:00:00+09:00,6070.0,6230.0,6060.0,6140.0,0,0.0,0.0
2023-04-13 10:00:00+09:00,6140.0,6180.0,6100.0,6160.0,6651,0.0,0.0
2023-04-13 11:00:00+09:00,6140.0,6170.0,6070.0,6110.0,28719,0.0,0.0
2023-04-13 12:00:00+09:00,6130.0,6150.0,6100.0,6150.0,1649,0.0,0.0
2023-04-13 13:00:00+09:00,6120.0,6150.0,6090.0,6130.0,2966,0.0,0.0
2023-04-13 14:00:00+09:00,6110.0,6120.0,6080.0,6110.0,3837,0.0,0.0
2023-04-14 09:00:00+09:00,6150.0,6250.0,6150.0,6200.0,0,0.0,0.0
2023-04-14 10:00:00+09:00,6200.0,6250.0,6120.0,6240.0,46558,0.0,0.0
2023-04-14 11:00:00+09:00,6240.0,6250.0,6200.0,6230.0,7310,0.0,0.0
2023-04-14 12:00:00+09:00,6230.0,6240.0,6190.0,6240.0,7356,0.0,0.0
2023-04-14 13:00:00+09:00,6230.0,6250.0,6200.0,6240.0,6510,0.0,0.0
2023-04-14 14:00:00+09:00,6240.0,6260.0,6220.0,6260.0,15581,0.0,0.0
2023-04-17 09:00:00+09:00,6310.0,6650.0,6290.0,6550.0,34667,0.0,0.0
2023-04-17 10:00:00+09:00,6550.0,6630.0,6520.0,6520.0,46741,0.0,0.0
2023-04-17 11:00:00+09:00,6520.0,6570.0,6440.0,6480.0,26933,0.0,0.0
2023-04-17 12:00:00+09:00,6480.0,6510.0,6460.0,6470.0,11633,0.0,0.0
2023-04-17 13:00:00+09:00,6460.0,6490.0,6410.0,6440.0,8184,0.0,0.0
2023-04-17 14:00:00+09:00,6440.0,6540.0,6430.0,6470.0,27006,0.0,0.0
2023-04-18 09:00:00+09:00,6560.0,6560.0,6350.0,6370.0,0,0.0,0.0
2023-04-18 10:00:00+09:00,6400.0,6490.0,6320.0,6410.0,20933,0.0,0.0
2023-04-18 11:00:00+09:00,6410.0,6460.0,6390.0,6410.0,2730,0.0,0.0
2023-04-18 12:00:00+09:00,6410.0,6430.0,6370.0,6420.0,3575,0.0,0.0
2023-04-18 13:00:00+09:00,6380.0,6450.0,6380.0,6450.0,3204,0.0,0.0
2023-04-18 14:00:00+09:00,6430.0,6480.0,6410.0,6430.0,2710,0.0,0.0
2023-04-19 09:00:00+09:00,6480.0,6550.0,6260.0,6440.0,0,0.0,0.0
2023-04-19 10:00:00+09:00,6430.0,6480.0,6390.0,6470.0,7791,0.0,0.0
2023-04-19 11:00:00+09:00,6470.0,6520.0,6410.0,6510.0,16997,0.0,0.0
2023-04-19 12:00:00+09:00,6500.0,6620.0,6500.0,6570.0,22222,0.0,0.0
2023-04-19 13:00:00+09:00,6560.0,6560.0,6450.0,6490.0,7179,0.0,0.0
2023-04-19 14:00:00+09:00,6500.0,6510.0,6410.0,6430.0,9344,0.0,0.0
2023-04-20 09:00:00+09:00,6460.0,6480.0,6320.0,6350.0,0,0.0,0.0
2023-04-20 10:00:00+09:00,6350.0,6350.0,6280.0,6320.0,15353,0.0,0.0
2023-04-20 11:00:00+09:00,6300.0,6340.0,6260.0,6260.0,6826,0.0,0.0
2023-04-20 12:00:00+09:00,6270.0,6330.0,6250.0,6330.0,6155,0.0,0.0
2023-04-20 13:00:00+09:00,6320.0,6320.0,6270.0,6290.0,5200,0.0,0.0
2023-04-20 14:00:00+09:00,6290.0,6300.0,6070.0,6210.0,42355,0.0,0.0
2023-04-21 09:00:00+09:00,6170.0,6250.0,6030.0,6040.0,0,0.0,0.0
2023-04-21 10:00:00+09:00,6040.0,6250.0,6040.0,6200.0,14863,0.0,0.0
2023-04-21 11:00:00+09:00,6200.0,6290.0,6200.0,6260.0,19478,0.0,0.0
2023-04-21 12:00:00+09:00,6260.0,6290.0,6210.0,6280.0,2863,0.0,0.0
2023-04-21 13:00:00+09:00,6280.0,6280.0,6200.0,6230.0,0,0.0,0.0
2023-04-21 14:00:00+09:00,6230.0,6280.0,6200.0,6250.0,71336,0.0,0.0
2023-04-24 09:00:00+09:00,6200.0,6450.0,6200.0,6350.0,0,0.0,0.0
2023-04-24 10:00:00+09:00,6350.0,6360.0,6300.0,6320.0,4446,0.0,0.0
2023-04-24 11:00:00+09:00,6310.0,6330.0,6200.0,6250.0,9697,0.0,0.0
2023-04-24 12:00:00+09:00,6250.0,6260.0,6170.0,6200.0,12414,0.0,0.0
2023-04-24 13:00:00+09:00,6200.0,6330.0,6180.0,6280.0,6153,0.0,0.0
2023-04-24 14:00:00+09:00,6300.0,6300.0,6230.0,6230.0,5612,0.0,0.0
2023-04-25 09:00:00+09:00,6230.0,6480.0,6230.0,6410.0,0,0.0,0.0
2023-04-25 10:00:00+09:00,6410.0,6420.0,6290.0,6300.0,20022,0.0,0.0
2023-04-25 11:00:00+09:00,6310.0,6360.0,6280.0,6340.0,8549,0.0,0.0
2023-04-25 12:00:00+09:00,6310.0,6350.0,6300.0,6310.0,3384,0.0,0.0
2023-04-25 13:00:00+09:00,6330.0,6370.0,6280.0,6370.0,17228,0.0,0.0
2023-04-25 14:00:00+09:00,6330.0,6390.0,6330.0,6340.0,8415,0.0,0.0
2023-04-26 09:00:00+09:00,6350.0,6370.0,6270.0,6330.0,6427,0.0,0.0
2023-04-26 10:00:00+09:00,6330.0,6340.0,6260.0,6260.0,9993,0.0,0.0
2023-04-26 11:00:00+09:00,6270.0,6300.0,6210.0,6240.0,14011,0.0,0.0
2023-04-26 12:00:00+09:00,6240.0,6250.0,6210.0,6240.0,1840,0.0,0.0
2023-04-26 13:00:00+09:00,6230.0,6240.0,6160.0,6190.0,9921,0.0,0.0
2023-04-26 14:00:00+09:00,6180.0,6300.0,6160.0,6250.0,9239,0.0,0.0
2023-04-27 09:00:00+09:00,6170.0,6230.0,5990.0,6050.0,0,0.0,0.0
2023-04-27 10:00:00+09:00,6050.0,6060.0,5980.0,6000.0,18115,0.0,0.0
2023-04-27 11:00:00+09:00,5990.0,6020.0,5920.0,5960.0,10907,0.0,0.0
2023-04-27 12:00:00+09:00,5940.0,5960.0,5910.0,5960.0,11556,0.0,0.0
2023-04-27 13:00:00+09:00,5960.0,6040.0,5960.0,6040.0,4444,0.0,0.0
2023-04-27 14:00:00+09:00,6030.0,6170.0,5990.0,6020.0,16247,0.0,0.0
2023-04-28 09:00:00+09:00,6110.0,6240.0,6080.0,6220.0,0,0.0,0.0
2023-04-28 10:00:00+09:00,6220.0,6300.0,6180.0,6270.0,22585,0.0,0.0
2023-04-28 11:00:00+09:00,6270.0,6270.0,6140.0,6190.0,12870,0.0,0.0
2023-04-28 12:00:00+09:00,6190.0,6380.0,6180.0,6300.0,31549,0.0,0.0
2023-04-28 13:00:00+09:00,6310.0,6460.0,6290.0,6420.0,50063,0.0,0.0
2023-04-28 14:00:00+09:00,6410.0,6520.0,6410.0,6520.0,66342,0.0,0.0
2023-05-02 09:00:00+09:00,6600.0,6860.0,6500.0,6650.0,0,0.0,0.0
2023-05-02 10:00:00+09:00,6630.0,6750.0,6560.0,6710.0,38604,0.0,0.0
2023-05-02 11:00:00+09:00,6680.0,6840.0,6680.0,6790.0,46634,0.0,0.0
2023-05-02 12:00:00+09:00,6790.0,6810.0,6720.0,6760.0,16470,0.0,0.0
2023-05-02 13:00:00+09:00,6760.0,6940.0,6730.0,6930.0,77221,0.0,0.0
2023-05-02 14:00:00+09:00,6930.0,7000.0,6850.0,6970.0,67338,0.0,0.0
2023-05-03 09:00:00+09:00,6960.0,7070.0,6810.0,6910.0,85610,0.0,0.0
2023-05-03 10:00:00+09:00,6910.0,6970.0,6890.0,6930.0,9880,0.0,0.0
2023-05-03 11:00:00+09:00,6940.0,7070.0,6930.0,7050.0,36172,0.0,0.0
2023-05-03 12:00:00+09:00,7060.0,7300.0,7050.0,7290.0,78648,0.0,0.0
2023-05-03 13:00:00+09:00,7270.0,7270.0,7110.0,7130.0,27806,0.0,0.0
2023-05-03 14:00:00+09:00,7130.0,7210.0,7100.0,7180.0,27807,0.0,0.0
2023-05-04 09:00:00+09:00,7150.0,7390.0,7110.0,7180.0,59019,0.0,0.0
2023-05-04 10:00:00+09:00,7180.0,7260.0,7100.0,7260.0,22818,0.0,0.0
2023-05-04 11:00:00+09:00,7260.0,7310.0,7190.0,7200.0,13865,0.0,0.0
2023-05-04 12:00:00+09:00,7210.0,7310.0,7180.0,7210.0,13531,0.0,0.0
2023-05-04 13:00:00+09:00,7200.0,7250.0,7120.0,7200.0,31278,0.0,0.0
2023-05-04 14:00:00+09:00,7200.0,7200.0,7130.0,7180.0,31592,0.0,0.0
2023-05-08 09:00:00+09:00,7210.0,7500.0,7170.0,7210.0,0,0.0,0.0
2023-05-08 10:00:00+09:00,7210.0,7280.0,7200.0,7250.0,13413,0.0,0.0
2023-05-08 11:00:00+09:00,7250.0,7280.0,7200.0,7270.0,5184,0.0,0.0
2023-05-08 12:00:00+09:00,7260.0,7360.0,7210.0,7260.0,19322,0.0,0.0
2023-05-08 13:00:00+09:00,7260.0,7360.0,7250.0,7360.0,7846,0.0,0.0
2023-05-08 14:00:00+09:00,7350.0,7400.0,7300.0,7360.0,11799,0.0,0.0
2023-05-09 09:00:00+09:00,7260.0,7470.0,7240.0,7370.0,35519,0.0,0.0
2023-05-09 10:00:00+09:00,7350.0,7500.0,7350.0,7500.0,33458,0.0,0.0
2023-05-09 11:00:00+09:00,7500.0,7560.0,7400.0,7450.0,34573,0.0,0.0
2023-05-09 12:00:00+09:00,7450.0,7470.0,7410.0,7450.0,5062,0.0,0.0
2023-05-09 13:00:00+09:00,7470.0,7560.0,7410.0,7530.0,20870,0.0,0.0
2023-05-09 14:00:00+09:00,7530.0,7540.0,7470.0,7470.0,11878,0.0,0.0
2023-05-10 09:00:00+09:00,7530.0,7530.0,7110.0,7290.0,61247,0.0,0.0
2023-05-10 10:00:00+09:00,7290.0,7350.0,7230.0,7340.0,37412,0.0,0.0
2023-05-10 11:00:00+09:00,7340.0,7390.0,7260.0,7300.0,11756,0.0,0.0
2023-05-10 12:00:00+09:00,7290.0,7310.0,7240.0,7300.0,11220,0.0,0.0
2023-05-10 13:00:00+09:00,7300.0,7300.0,7230.0,7250.0,5101,0.0,0.0
2023-05-10 14:00:00+09:00,7270.0,7320.0,7250.0,7290.0,7928,0.0,0.0
2023-05-11 09:00:00+09:00,7290.0,7290.0,7000.0,7190.0,47920,0.0,0.0
2023-05-11 10:00:00+09:00,7180.0,7200.0,7010.0,7120.0,55011,0.0,0.0
2023-05-11 11:00:00+09:00,7090.0,7200.0,7090.0,7190.0,6946,0.0,0.0
2023-05-11 12:00:00+09:00,7160.0,7210.0,7160.0,7210.0,2795,0.0,0.0
2023-05-11 13:00:00+09:00,7190.0,7440.0,7170.0,7340.0,29804,0.0,0.0
2023-05-11 14:00:00+09:00,7330.0,7350.0,7200.0,7320.0,16450,0.0,0.0
2023-05-12 09:00:00+09:00,7260.0,7290.0,7130.0,7160.0,31272,0.0,0.0
2023-05-12 10:00:00+09:00,7160.0,7220.0,7120.0,7220.0,14052,0.0,0.0
2023-05-12 11:00:00+09:00,7220.0,7300.0,7210.0,7300.0,6692,0.0,0.0
2023-05-12 12:00:00+09:00,7300.0,7390.0,7260.0,7260.0,9313,0.0,0.0
2023-05-12 13:00:00+09:00,7260.0,7420.0,7260.0,7370.0,21551,0.0,0.0
2023-05-12 14:00:00+09:00,7370.0,7410.0,7330.0,7390.0,13483,0.0,0.0
2023-05-15 09:00:00+09:00,7580.0,7590.0,7360.0,7420.0,0,0.0,0.0
2023-05-15 10:00:00+09:00,7420.0,7610.0,7420.0,7520.0,22991,0.0,0.0
2023-05-15 11:00:00+09:00,7540.0,7570.0,7440.0,7470.0,11201,0.0,0.0
2023-05-15 12:00:00+09:00,7470.0,7520.0,7440.0,7520.0,15949,0.0,0.0
2023-05-15 13:00:00+09:00,7520.0,7560.0,7480.0,7510.0,9517,0.0,0.0
2023-05-15 14:00:00+09:00,7480.0,7530.0,7450.0,7470.0,10386,0.0,0.0
2023-05-16 09:00:00+09:00,7530.0,7530.0,7380.0,7410.0,18168,0.0,0.0
2023-05-16 10:00:00+09:00,7390.0,7430.0,7240.0,7270.0,22857,0.0,0.0
2023-05-16 11:00:00+09:00,7300.0,7360.0,7270.0,7320.0,4677,0.0,0.0
2023-05-16 12:00:00+09:00,7320.0,7360.0,7250.0,7280.0,8235,0.0,0.0
2023-05-16 13:00:00+09:00,7280.0,7300.0,7250.0,7270.0,15359,0.0,0.0
2023-05-16 14:00:00+09:00,7270.0,7280.0,7240.0,7250.0,7187,0.0,0.0
2023-05-17 09:00:00+09:00,7390.0,7390.0,7000.0,7160.0,2869,0.0,0.0
2023-05-17 10:00:00+09:00,7160.0,7240.0,7130.0,7230.0,10454,0.0,0.0
2023-05-17 11:00:00+09:00,7220.0,7230.0,7110.0,7150.0,10681,0.0,0.0
2023-05-17 12:00:00+09:00,7160.0,7160.0,7090.0,7120.0,5294,0.0,0.0
2023-05-17 13:00:00+09:00,7090.0,7240.0,7000.0,7230.0,32366,0.0,0.0
2023-05-17 14:00:00+09:00,7210.0,7220.0,7090.0,7200.0,21895,0.0,0.0
2023-05-18 09:00:00+09:00,7150.0,7220.0,7070.0,7100.0,15061,0.0,0.0
2023-05-18 10:00:00+09:00,7100.0,7110.0,6980.0,7060.0,17880,0.0,0.0
2023-05-18 11:00:00+09:00,7030.0,7120.0,7000.0,7070.0,13920,0.0,0.0
2023-05-18 12:00:00+09:00,7080.0,7100.0,7060.0,7100.0,4236,0.0,0.0
2023-05-18 13:00:00+09:00,7100.0,7110.0,7060.0,7080.0,8400,0.0,0.0
2023-05-18 14:00:00+09:00,7080.0,7140.0,7070.0,7070.0,3467,0.0,0.0
2023-05-19 09:00:00+09:00,7100.0,7190.0,7050.0,7050.0,4213,0.0,0.0
2023-05-19 10:00:00+09:00,7060.0,7070.0,7000.0,7020.0,14006,0.0,0.0
2023-05-19 11:00:00+09:00,7010.0,7070.0,7010.0,7070.0,5106,0.0,0.0
2023-05-19 12:00:00+09:00,7060.0,7060.0,6960.0,6970.0,26294,0.0,0.0
2023-05-19 13:00:00+09:00,6970.0,7010.0,6970.0,7010.0,4587,0.0,0.0
2023-05-19 14:00:00+09:00,7010.0,7050.0,7010.0,7030.0,3107,0.0,0.0
2023-05-22 09:00:00+09:00,7060.0,7200.0,7020.0,7180.0,0,0.0,0.0
2023-05-22 10:00:00+09:00,7150.0,7200.0,7150.0,7190.0,4053,0.0,0.0
2023-05-22 11:00:00+09:00,7190.0,7200.0,7150.0,7170.0,4555,0.0,0.0
2023-05-22 12:00:00+09:00,7170.0,7180.0,7100.0,7130.0,4402,0.0,0.0
2023-05-22 13:00:00+09:00,7140.0,7150.0,7100.0,7120.0,7486,0.0,0.0
2023-05-22 14:00:00+09:00,7100.0,7220.0,7080.0,7160.0,31013,0.0,0.0
2023-05-23 09:00:00+09:00,7200.0,7500.0,7150.0,7490.0,10328,0.0,0.0
2023-05-23 10:00:00+09:00,7490.0,7680.0,7460.0,7660.0,80553,0.0,0.0
2023-05-23 11:00:00+09:00,7630.0,7650.0,7550.0,7550.0,19047,0.0,0.0
2023-05-23 12:00:00+09:00,7550.0,7640.0,7480.0,7570.0,31194,0.0,0.0
2023-05-23 13:00:00+09:00,7580.0,7650.0,7520.0,7570.0,19203,0.0,0.0
2023-05-23 14:00:00+09:00,7590.0,7590.0,7500.0,7550.0,15204,0.0,0.0
2023-05-24 09:00:00+09:00,7570.0,7570.0,7360.0,7480.0,31663,0.0,0.0
2023-05-24 10:00:00+09:00,7480.0,7480.0,7320.0,7390.0,36431,0.0,0.0
2023-05-24 11:00:00+09:00,7340.0,7420.0,7280.0,7370.0,13205,0.0,0.0
2023-05-24 12:00:00+09:00,7360.0,7420.0,7300.0,7390.0,7169,0.0,0.0
2023-05-24 13:00:00+09:00,7380.0,7530.0,7350.0,7450.0,28183,0.0,0.0
2023-05-24 14:00:00+09:00,7470.0,7530.0,7450.0,7510.0,9982,0.0,0.0
2023-05-25 09:00:00+09:00,7580.0,7700.0,7380.0,7470.0,68793,0.0,0.0
2023-05-25 10:00:00+09:00,7440.0,7540.0,7410.0,7480.0,23303,0.0,0.0
2023-05-25 11:00:00+09:00,7470.0,7500.0,7410.0,7500.0,9121,0.0,0.0
2023-05-25 12:00:00+09:00,7480.0,7580.0,7460.0,7490.0,16128,0.0,0.0
2023-05-25 13:00:00+09:00,7470.0,7510.0,7410.0,7470.0,6902,0.0,0.0
2023-05-25 14:00:00+09:00,7440.0,7600.0,7400.0,7450.0,38067,0.0,0.0
2023-05-26 09:00:00+09:00,7570.0,7600.0,6820.0,6910.0,360806,0.0,0.0
2023-05-26 10:00:00+09:00,6910.0,7040.0,6850.0,7030.0,71000,0.0,0.0
2023-05-26 11:00:00+09:00,7030.0,7190.0,6990.0,7000.0,43165,0.0,0.0
2023-05-26 12:00:00+09:00,7030.0,7030.0,6870.0,6910.0,31381,0.0,0.0
2023-05-26 13:00:00+09:00,6890.0,6890.0,6670.0,6790.0,125491,0.0,0.0
2023-05-26 14:00:00+09:00,6790.0,6790.0,6530.0,6570.0,98293,0.0,0.0
2023-05-30 09:00:00+09:00,6610.0,6680.0,6560.0,6580.0,0,0.0,0.0
2023-05-30 10:00:00+09:00,6580.0,6620.0,6520.0,6540.0,14952,0.0,0.0
2023-05-30 11:00:00+09:00,6540.0,6560.0,6500.0,6510.0,8438,0.0,0.0
2023-05-30 12:00:00+09:00,6530.0,6530.0,6360.0,6390.0,48946,0.0,0.0
2023-05-30 13:00:00+09:00,6390.0,6450.0,6370.0,6410.0,26489,0.0,0.0
2023-05-30 14:00:00+09:00,6400.0,6440.0,6380.0,6400.0,11930,0.0,0.0
2023-05-31 09:00:00+09:00,6350.0,6440.0,6290.0,6400.0,30591,0.0,0.0
2023-05-31 10:00:00+09:00,6410.0,6440.0,6370.0,6370.0,8820,0.0,0.0
2023-05-31 11:00:00+09:00,6380.0,6420.0,6380.0,6400.0,4265,0.0,0.0
2023-05-31 12:00:00+09:00,6400.0,6400.0,6350.0,6360.0,7474,0.0,0.0
2023-05-31 13:00:00+09:00,6360.0,6370.0,6340.0,6370.0,14781,0.0,0.0
2023-05-31 14:00:00+09:00,6360.0,6380.0,6350.0,6370.0,2433,0.0,0.0
2023-06-01 09:00:00+09:00,6280.0,6400.0,6280.0,6330.0,13758,0.0,0.0
2023-06-01 10:00:00+09:00,6340.0,6340.0,6250.0,6330.0,15313,0.0,0.0
2023-06-01 11:00:00+09:00,6330.0,6370.0,6290.0,6340.0,10616,0.0,0.0
2023-06-01 12:00:00+09:00,6340.0,6380.0,6340.0,6380.0,5793,0.0,0.0
2023-06-01 13:00:00+09:00,6380.0,6520.0,6360.0,6420.0,13672,0.0,0.0
2023-06-01 14:00:00+09:00,6420.0,6480.0,6420.0,6470.0,3314,0.0,0.0
2023-06-02 09:00:00+09:00,6460.0,6510.0,6380.0,6480.0,0,0.0,0.0
2023-06-02 10:00:00+09:00,6480.0,6890.0,6450.0,6820.0,90262,0.0,0.0
2023-06-02 11:00:00+09:00,6820.0,6840.0,6710.0,6750.0,19251,0.0,0.0
2023-06-02 12:00:00+09:00,6760.0,6770.0,6670.0,6670.0,24660,0.0,0.0
2023-06-02 13:00:00+09:00,6670.0,6690.0,6650.0,6650.0,9172,0.0,0.0
2023-06-02 14:00:00+09:00,6650.0,6680.0,6630.0,6640.0,8510,0.0,0.0
2023-06-05 09:00:00+09:00,6690.0,6690.0,6470.0,6510.0,0,0.0,0.0
2023-06-05 10:00:00+09:00,6520.0,6570.0,6510.0,6530.0,12044,0.0,0.0
2023-06-05 11:00:00+09:00,6540.0,6650.0,6540.0,6600.0,6747,0.0,0.0
2023-06-05 12:00:00+09:00,6610.0,6640.0,6570.0,6570.0,11134,0.0,0.0
2023-06-05 13:00:00+09:00,6570.0,6640.0,6570.0,6580.0,7210,0.0,0.0
2023-06-05 14:00:00+09:00,6580.0,6700.0,6560.0,6670.0,11385,0.0,0.0
2023-06-07 09:00:00+09:00,6720.0,6800.0,6670.0,6760.0,0,0.0,0.0
2023-06-07 10:00:00+09:00,6760.0,6840.0,6750.0,6750.0,15022,0.0,0.0
2023-06-07 11:00:00+09:00,6790.0,6790.0,6750.0,6770.0,1990,0.0,0.0
2023-06-07 12:00:00+09:00,6770.0,6780.0,6730.0,6750.0,4157,0.0,0.0
2023-06-07 13:00:00+09:00,6750.0,6840.0,6750.0,6810.0,16634,0.0,0.0
2023-06-07 14:00:00+09:00,6790.0,6790.0,6740.0,6780.0,3059,0.0,0.0
2023-06-08 09:00:00+09:00,6720.0,6820.0,6670.0,6790.0,30262,0.0,0.0
2023-06-08 10:00:00+09:00,6790.0,6810.0,6760.0,6760.0,1106,0.0,0.0
2023-06-08 11:00:00+09:00,6770.0,6850.0,6770.0,6820.0,11358,0.0,0.0
2023-06-08 12:00:00+09:00,6810.0,6830.0,6770.0,6830.0,5421,0.0,0.0
2023-06-08 13:00:00+09:00,6810.0,6820.0,6770.0,6780.0,0,0.0,0.0
2023-06-08 14:00:00+09:00,6780.0,6850.0,6780.0,6800.0,7149,0.0,0.0
2023-06-09 09:00:00+09:00,6760.0,6820.0,6710.0,6720.0,0,0.0,0.0
2023-06-09 10:00:00+09:00,6710.0,6730.0,6640.0,6710.0,22909,0.0,0.0
2023-06-09 11:00:00+09:00,6710.0,6710.0,6670.0,6700.0,1757,0.0,0.0
2023-06-09 12:00:00+09:00,6690.0,6690.0,6620.0,6620.0,8828,0.0,0.0
2023-06-09 13:00:00+09:00,6620.0,6690.0,6600.0,6650.0,24770,0.0,0.0
2023-06-09 14:00:00+09:00,6650.0,6650.0,6610.0,6630.0,4120,0.0,0.0
2023-06-12 09:00:00+09:00,6700.0,6700.0,6510.0,6530.0,0,0.0,0.0
2023-06-12 10:00:00+09:00,6560.0,6580.0,6500.0,6580.0,2926,0.0,0.0
2023-06-12 11:00:00+09:00,6570.0,6590.0,6570.0,6580.0,768,0.0,0.0
2023-06-12 12:00:00+09:00,6580.0,6580.0,6560.0,6580.0,1358,0.0,0.0
2023-06-12 13:00:00+09:00,6580.0,6590.0,6580.0,6590.0,305,0.0,0.0
2023-06-12 14:00:00+09:00,6580.0,6590.0,6570.0,6570.0,1726,0.0,0.0
2023-06-13 09:00:00+09:00,6660.0,6690.0,6590.0,6610.0,9006,0.0,0.0
2023-06-13 10:00:00+09:00,6610.0,6800.0,6610.0,6740.0,3765,0.0,0.0
2023-06-13 11:00:00+09:00,6740.0,6780.0,6710.0,6780.0,4157,0.0,0.0
2023-06-13 12:00:00+09:00,6760.0,6780.0,6720.0,6720.0,1103,0.0,0.0
2023-06-13 13:00:00+09:00,6730.0,6730.0,6710.0,6710.0,2135,0.0,0.0
2023-06-13 14:00:00+09:00,6700.0,7320.0,6550.0,6630.0,364502,0.0,0.0
2023-06-14 09:00:00+09:00,6760.0,6910.0,6560.0,6800.0,0,0.0,0.0
2023-06-14 10:00:00+09:00,6800.0,6890.0,6790.0,6800.0,11796,0.0,0.0
2023-06-14 11:00:00+09:00,6810.0,6810.0,6720.0,6730.0,5943,0.0,0.0
2023-06-14 12:00:00+09:00,6750.0,6750.0,6670.0,6690.0,16940,0.0,0.0
2023-06-14 13:00:00+09:00,6670.0,6700.0,6660.0,6690.0,10480,0.0,0.0
2023-06-14 14:00:00+09:00,6680.0,6710.0,6650.0,6690.0,4381,0.0,0.0
2023-06-15 09:00:00+09:00,6770.0,6770.0,6620.0,6620.0,6020,0.0,0.0
2023-06-15 10:00:00+09:00,6610.0,6630.0,6510.0,6530.0,20728,0.0,0.0
2023-06-15 11:00:00+09:00,6510.0,6550.0,6490.0,6550.0,14360,0.0,0.0
2023-06-15 12:00:00+09:00,6550.0,6550.0,6450.0,6470.0,37917,0.0,0.0
2023-06-15 13:00:00+09:00,6470.0,6470.0,6380.0,6440.0,24487,0.0,0.0
2023-06-15 14:00:00+09:00,6450.0,6500.0,6430.0,6490.0,16102,0.0,0.0
2023-06-16 09:00:00+09:00,6510.0,6530.0,6450.0,6530.0,0,0.0,0.0
2023-06-16 10:00:00+09:00,6530.0,6600.0,6500.0,6580.0,5202,0.0,0.0
2023-06-16 11:00:00+09:00,6580.0,6610.0,6540.0,6610.0,3944,0.0,0.0
2023-06-16 12:00:00+09:00,6610.0,6710.0,6600.0,6690.0,21100,0.0,0.0
2023-06-16 13:00:00+09:00,6700.0,6720.0,6640.0,6670.0,6482,0.0,0.0
2023-06-16 14:00:00+09:00,6690.0,6690.0,6610.0,6640.0,1714,0.0,0.0
2023-06-19 09:00:00+09:00,6800.0,6950.0,6750.0,6940.0,0,0.0,0.0
2023-06-19 10:00:00+09:00,6920.0,6950.0,6900.0,6900.0,15880,0.0,0.0
2023-06-19 11:00:00+09:00,6920.0,7000.0,6920.0,6940.0,19384,0.0,0.0
2023-06-19 12:00:00+09:00,6940.0,6940.0,6880.0,6920.0,6720,0.0,0.0
2023-06-19 13:00:00+09:00,6890.0,6930.0,6810.0,6880.0,8134,0.0,0.0
2023-06-19 14:00:00+09:00,6880.0,6900.0,6860.0,6860.0,1133,0.0,0.0
2023-06-20 09:00:00+09:00,6840.0,6900.0,6720.0,6860.0,18492,0.0,0.0
2023-06-20 10:00:00+09:00,6860.0,6880.0,6820.0,6880.0,10703,0.0,0.0
2023-06-20 11:00:00+09:00,6880.0,6880.0,6830.0,6830.0,2879,0.0,0.0
2023-06-20 12:00:00+09:00,6830.0,6880.0,6820.0,6880.0,3361,0.0,0.0
2023-06-20 13:00:00+09:00,6880.0,6880.0,6840.0,6860.0,907,0.0,0.0
2023-06-20 14:00:00+09:00,6840.0,6900.0,6830.0,6900.0,8286,0.0,0.0
2023-06-21 09:00:00+09:00,6900.0,6920.0,6500.0,6880.0,7207,0.0,0.0
2023-06-21 10:00:00+09:00,6890.0,6940.0,6840.0,6900.0,11993,0.0,0.0
2023-06-21 11:00:00+09:00,6890.0,6970.0,6850.0,6930.0,23938,0.0,0.0
2023-06-21 12:00:00+09:00,6910.0,7100.0,6900.0,6980.0,47491,0.0,0.0
2023-06-21 13:00:00+09:00,6970.0,7030.0,6950.0,7020.0,12379,0.0,0.0
2023-06-21 14:00:00+09:00,7020.0,7020.0,6950.0,6950.0,4945,0.0,0.0
2023-06-22 09:00:00+09:00,6940.0,6950.0,6840.0,6880.0,0,0.0,0.0
2023-06-22 10:00:00+09:00,6870.0,6890.0,6850.0,6890.0,2027,0.0,0.0
2023-06-22 11:00:00+09:00,6890.0,6920.0,6860.0,6880.0,1844,0.0,0.0
2023-06-22 12:00:00+09:00,6880.0,6880.0,6780.0,6790.0,9965,0.0,0.0
2023-06-22 13:00:00+09:00,6790.0,6800.0,6760.0,6780.0,10338,0.0,0.0
2023-06-22 14:00:00+09:00,6780.0,6800.0,6750.0,6780.0,4909,0.0,0.0
2023-06-23 09:00:00+09:00,6710.0,6800.0,6610.0,6710.0,0,0.0,0.0
2023-06-23 10:00:00+09:00,6690.0,6710.0,6650.0,6650.0,2255,0.0,0.0
2023-06-23 11:00:00+09:00,6650.0,6680.0,6620.0,6630.0,7905,0.0,0.0
2023-06-23 12:00:00+09:00,6630.0,6680.0,6630.0,6660.0,939,0.0,0.0
2023-06-23 13:00:00+09:00,6650.0,6660.0,6600.0,6620.0,5624,0.0,0.0
2023-06-23 14:00:00+09:00,6600.0,6680.0,6600.0,6680.0,4608,0.0,0.0
2023-06-26 09:00:00+09:00,6700.0,6750.0,6530.0,6750.0,0,0.0,0.0
2023-06-26 10:00:00+09:00,6760.0,6820.0,6740.0,6810.0,5583,0.0,0.0
2023-06-26 11:00:00+09:00,6820.0,6890.0,6820.0,6870.0,9457,0.0,0.0
2023-06-26 12:00:00+09:00,6870.0,6890.0,6850.0,6860.0,3216,0.0,0.0
2023-06-26 13:00:00+09:00,6880.0,6960.0,6870.0,6960.0,12565,0.0,0.0
2023-06-26 14:00:00+09:00,6960.0,6960.0,6890.0,6900.0,6992,0.0,0.0
2023-06-27 09:00:00+09:00,6950.0,7180.0,6880.0,7080.0,28974,0.0,0.0
2023-06-27 10:00:00+09:00,7080.0,7080.0,6940.0,6990.0,9165,0.0,0.0
2023-06-27 11:00:00+09:00,7000.0,7040.0,6950.0,6950.0,7044,0.0,0.0
2023-06-27 12:00:00+09:00,6950.0,6980.0,6940.0,6960.0,0,0.0,0.0
2023-06-27 13:00:00+09:00,6960.0,6960.0,6950.0,6960.0,521,0.0,0.0
2023-06-27 14:00:00+09:00,6960.0,6960.0,6900.0,6940.0,4724,0.0,0.0
2023-06-28 09:00:00+09:00,6900.0,6970.0,6870.0,6920.0,3737,0.0,0.0
2023-06-28 10:00:00+09:00,6930.0,6930.0,6800.0,6870.0,7232,0.0,0.0
2023-06-28 11:00:00+09:00,6870.0,6900.0,6860.0,6900.0,1083,0.0,0.0
2023-06-28 12:00:00+09:00,6880.0,6910.0,6870.0,6900.0,2369,0.0,0.0
2023-06-28 13:00:00+09:00,6880.0,6890.0,6860.0,6880.0,3379,0.0,0.0
2023-06-28 14:00:00+09:00,6880.0,6980.0,6880.0,6970.0,4724,0.0,0.0
2023-06-29 09:00:00+09:00,6940.0,6990.0,6780.0,6780.0,0,0.0,0.0
2023-06-29 10:00:00+09:00,6810.0,6830.0,6710.0,6800.0,11341,0.0,0.0
2023-06-29 11:00:00+09:00,6770.0,6810.0,6750.0,6760.0,914,0.0,0.0
2023-06-29 12:00:00+09:00,6750.0,6800.0,6730.0,6780.0,2671,0.0,0.0
2023-06-29 13:00:00+09:00,6780.0,6860.0,6760.0,6820.0,4916,0.0,0.0
2023-06-29 14:00:00+09:00,6820.0,6870.0,6800.0,6800.0,1763,0.0,0.0
2023-06-30 09:00:00+09:00,6840.0,6900.0,6750.0,6790.0,4572,0.0,0.0
2023-06-30 10:00:00+09:00,6810.0,6860.0,6810.0,6850.0,1665,0.0,0.0
2023-06-30 11:00:00+09:00,6840.0,6900.0,6840.0,6850.0,7255,0.0,0.0
2023-06-30 12:00:00+09:00,6840.0,6890.0,6810.0,6840.0,2981,0.0,0.0
2023-06-30 13:00:00+09:00,6840.0,6880.0,6810.0,6840.0,383,0.0,0.0
2023-06-30 14:00:00+09:00,6850.0,6890.0,6820.0,6850.0,3669,0.0,0.0
2023-07-03 09:00:00+09:00,6880.0,6980.0,6860.0,6940.0,0,0.0,0.0
2023-07-03 10:00:00+09:00,6940.0,6970.0,6860.0,6890.0,5968,0.0,0.0
2023-07-03 11:00:00+09:00,6870.0,6890.0,6860.0,6870.0,1357,0.0,0.0
2023-07-03 12:00:00+09:00,6870.0,6870.0,6790.0,6800.0,7989,0.0,0.0
2023-07-03 13:00:00+09:00,6840.0,6840.0,6800.0,6810.0,2476,0.0,0.0
2023-07-03 14:00:00+09:00,6810.0,6830.0,6790.0,6810.0,2309,0.0,0.0
2023-07-04 09:00:00+09:00,6800.0,6870.0,6700.0,6740.0,5865,0.0,0.0
2023-07-04 10:00:00+09:00,6720.0,6870.0,6700.0,6870.0,8103,0.0,0.0
2023-07-04 11:00:00+09:00,6850.0,7100.0,6850.0,6980.0,70620,0.0,0.0
2023-07-04 12:00:00+09:00,6980.0,7180.0,6970.0,7080.0,47292,0.0,0.0
2023-07-04 13:00:00+09:00,7080.0,7200.0,7080.0,7150.0,47577,0.0,0.0
2023-07-04 14:00:00+09:00,7150.0,7160.0,7110.0,7140.0,13638,0.0,0.0
2023-07-05 09:00:00+09:00,7150.0,7160.0,7040.0,7080.0,26307,0.0,0.0
2023-07-05 10:00:00+09:00,7080.0,7150.0,7080.0,7090.0,7857,0.0,0.0
2023-07-05 11:00:00+09:00,7090.0,7100.0,7070.0,7080.0,2168,0.0,0.0
2023-07-05 12:00:00+09:00,7080.0,7150.0,7070.0,7150.0,4674,0.0,0.0
2023-07-05 13:00:00+09:00,7140.0,7150.0,7100.0,7100.0,5706,0.0,0.0
2023-07-05 14:00:00+09:00,7100.0,7120.0,7080.0,7110.0,4440,0.0,0.0
2023-07-06 09:00:00+09:00,7180.0,7280.0,7090.0,7170.0,32088,0.0,0.0
2023-07-06 10:00:00+09:00,7170.0,7170.0,7090.0,7120.0,4813,0.0,0.0
2023-07-06 11:00:00+09:00,7110.0,7140.0,7070.0,7100.0,4275,0.0,0.0
2023-07-06 12:00:00+09:00,7090.0,7120.0,7050.0,7060.0,7591,0.0,0.0
2023-07-06 13:00:00+09:00,7050.0,7080.0,7030.0,7080.0,6946,0.0,0.0
2023-07-06 14:00:00+09:00,7100.0,7130.0,7060.0,7090.0,2837,0.0,0.0
2023-07-07 09:00:00+09:00,7050.0,7150.0,7040.0,7070.0,0,0.0,0.0
2023-07-07 10:00:00+09:00,7070.0,7130.0,7040.0,7120.0,9883,0.0,0.0
2023-07-07 11:00:00+09:00,7120.0,7120.0,7060.0,7060.0,9354,0.0,0.0
2023-07-07 12:00:00+09:00,7090.0,7120.0,7080.0,7100.0,2130,0.0,0.0
2023-07-07 13:00:00+09:00,7120.0,7180.0,7100.0,7160.0,23561,0.0,0.0
2023-07-07 14:00:00+09:00,7160.0,7250.0,7140.0,7200.0,24925,0.0,0.0
2023-07-10 09:00:00+09:00,7360.0,7470.0,7190.0,7280.0,0,0.0,0.0
2023-07-10 10:00:00+09:00,7260.0,7350.0,7260.0,7270.0,16241,0.0,0.0
2023-07-10 11:00:00+09:00,7260.0,7300.0,7250.0,7270.0,13943,0.0,0.0
2023-07-10 12:00:00+09:00,7260.0,7290.0,7240.0,7270.0,6842,0.0,0.0
2023-07-10 13:00:00+09:00,7240.0,7250.0,7130.0,7190.0,18436,0.0,0.0
2023-07-10 14:00:00+09:00,7190.0,7250.0,7190.0,7210.0,8658,0.0,0.0
2023-07-11 09:00:00+09:00,7150.0,7220.0,7080.0,7220.0,29345,0.0,0.0
2023-07-11 10:00:00+09:00,7140.0,7200.0,7080.0,7100.0,4211,0.0,0.0
2023-07-11 11:00:00+09:00,7100.0,7100.0,7050.0,7080.0,9363,0.0,0.0
2023-07-11 12:00:00+09:00,7100.0,7100.0,7070.0,7100.0,6278,0.0,0.0
2023-07-11 13:00:00+09:00,7080.0,7180.0,7060.0,7110.0,10486,0.0,0.0
2023-07-11 14:00:00+09:00,7110.0,7160.0,7080.0,7120.0,7078,0.0,0.0
2023-07-12 09:00:00+09:00,7160.0,7420.0,7160.0,7360.0,71506,0.0,0.0
2023-07-12 10:00:00+09:00,7370.0,7480.0,7350.0,7480.0,58432,0.0,0.0
2023-07-12 11:00:00+09:00,7470.0,7480.0,7360.0,7460.0,28334,0.0,0.0
2023-07-12 12:00:00+09:00,7470.0,7500.0,7400.0,7420.0,20747,0.0,0.0
2023-07-12 13:00:00+09:00,7450.0,7520.0,7400.0,7500.0,56754,0.0,0.0
2023-07-12 14:00:00+09:00,7500.0,7510.0,7450.0,7490.0,30303,0.0,0.0
2023-07-13 09:00:00+09:00,7550.0,7550.0,7270.0,7360.0,78642,0.0,0.0
2023-07-13 10:00:00+09:00,7360.0,7400.0,7360.0,7370.0,14081,0.0,0.0
2023-07-13 11:00:00+09:00,7370.0,7410.0,7350.0,7390.0,19651,0.0,0.0
2023-07-13 12:00:00+09:00,7390.0,7390.0,7300.0,7310.0,16502,0.0,0.0
2023-07-13 13:00:00+09:00,7340.0,7350.0,7270.0,7280.0,13646,0.0,0.0
2023-07-13 14:00:00+09:00,7280.0,7280.0,7160.0,7260.0,51323,0.0,0.0
2023-07-14 09:00:00+09:00,7250.0,7280.0,7120.0,7250.0,0,0.0,0.0
2023-07-14 10:00:00+09:00,7250.0,7280.0,7170.0,7200.0,8287,0.0,0.0
2023-07-14 11:00:00+09:00,7200.0,7270.0,7140.0,7210.0,8244,0.0,0.0
2023-07-14 12:00:00+09:00,7210.0,7260.0,7000.0,7080.0,60484,0.0,0.0
2023-07-14 13:00:00+09:00,7110.0,7190.0,7070.0,7190.0,14044,0.0,0.0
2023-07-14 14:00:00+09:00,7170.0,7240.0,7130.0,7220.0,4691,0.0,0.0
2023-07-17 09:00:00+09:00,7180.0,7260.0,7060.0,7210.0,0,0.0,0.0
2023-07-17 10:00:00+09:00,7190.0,7210.0,7070.0,7080.0,15404,0.0,0.0
2023-07-17 11:00:00+09:00,7090.0,7130.0,7080.0,7120.0,8575,0.0,0.0
2023-07-17 12:00:00+09:00,7100.0,7130.0,7080.0,7100.0,3739,0.0,0.0
2023-07-17 13:00:00+09:00,7100.0,7130.0,7040.0,7090.0,14146,0.0,0.0
2023-07-17 14:00:00+09:00,7080.0,7090.0,7060.0,7090.0,1844,0.0,0.0
2023-07-18 09:00:00+09:00,7030.0,7060.0,6950.0,6970.0,14500,0.0,0.0
2023-07-18 10:00:00+09:00,6970.0,7100.0,6970.0,7100.0,11186,0.0,0.0
2023-07-18 11:00:00+09:00,7090.0,7140.0,7060.0,7100.0,6144,0.0,0.0
2023-07-18 12:00:00+09:00,7100.0,7100.0,7030.0,7050.0,8824,0.0,0.0
2023-07-18 13:00:00+09:00,7050.0,7050.0,6980.0,7000.0,11997,0.0,0.0
2023-07-18 14:00:00+09:00,7010.0,7020.0,6920.0,6970.0,15316,0.0,0.0
2023-07-19 09:00:00+09:00,7010.0,7080.0,6860.0,7050.0,18333,0.0,0.0
2023-07-19 10:00:00+09:00,7050.0,7140.0,7020.0,7120.0,28889,0.0,0.0
2023-07-19 11:00:00+09:00,7110.0,7120.0,7060.0,7110.0,3432,0.0,0.0
2023-07-19 12:00:00+09:00,7100.0,7150.0,7100.0,7130.0,10507,0.0,0.0
2023-07-19 13:00:00+09:00,7120.0,7130.0,7080.0,7090.0,4487,0.0,0.0
2023-07-19 14:00:00+09:00,7080.0,7100.0,7020.0,7040.0,9134,0.0,0.0
2023-07-20 09:00:00+09:00,6930.0,7070.0,6910.0,6920.0,14226,0.0,0.0
2023-07-20 10:00:00+09:00,6920.0,6920.0,6810.0,6890.0,26659,0.0,0.0
2023-07-20 11:00:00+09:00,6890.0,6900.0,6790.0,6880.0,21313,0.0,0.0
2023-07-20 12:00:00+09:00,6860.0,6880.0,6830.0,6860.0,1593,0.0,0.0
2023-07-20 13:00:00+09:00,6860.0,6890.0,6780.0,6820.0,17691,0.0,0.0
2023-07-20 14:00:00+09:00,6820.0,6940.0,6820.0,6840.0,15360,0.0,0.0
2023-07-21 09:00:00+09:00,6810.0,6860.0,6780.0,6800.0,7295,0.0,0.0
2023-07-21 10:00:00+09:00,6790.0,6840.0,6760.0,6800.0,5695,0.0,0.0
2023-07-21 11:00:00+09:00,6780.0,6840.0,6770.0,6790.0,5296,0.0,0.0
2023-07-21 12:00:00+09:00,6790.0,6800.0,6720.0,6720.0,5985,0.0,0.0
2023-07-21 13:00:00+09:00,6720.0,6790.0,6690.0,6690.0,14753,0.0,0.0
2023-07-21 14:00:00+09:00,6710.0,6710.0,6620.0,6650.0,11828,0.0,0.0
2023-07-24 09:00:00+09:00,6630.0,6750.0,6480.0,6680.0,0,0.0,0.0
2023-07-24 10:00:00+09:00,6660.0,6740.0,6590.0,6670.0,8840,0.0,0.0
2023-07-24 11:00:00+09:00,6630.0,6650.0,6480.0,6550.0,4597,0.0,0.0
2023-07-24 12:00:00+09:00,6510.0,6590.0,6410.0,6500.0,13748,0.0,0.0
2023-07-24 13:00:00+09:00,6460.0,6620.0,6440.0,6560.0,8424,0.0,0.0
2023-07-24 14:00:00+09:00,6560.0,6570.0,6470.0,6520.0,2412,0.0,0.0
2023-07-25 09:00:00+09:00,6500.0,6620.0,6440.0,6540.0,13394,0.0,0.0
2023-07-25 10:00:00+09:00,6530.0,6620.0,6500.0,6590.0,7119,0.0,0.0
2023-07-25 11:00:00+09:00,6580.0,6630.0,6560.0,6620.0,4553,0.0,0.0
2023-07-25 12:00:00+09:00,6610.0,6670.0,6610.0,6670.0,2401,0.0,0.0
2023-07-25 13:00:00+09:00,6650.0,6730.0,6650.0,6690.0,9433,0.0,0.0
2023-07-25 14:00:00+09:00,6680.0,6710.0,6640.0,6670.0,2597,0.0,0.0
2023-07-26 09:00:00+09:00,6670.0,6670.0,6440.0,6570.0,26417,0.0,0.0
2023-07-26 10:00:00+09:00,6560.0,6820.0,6450.0,6540.0,22951,0.0,0.0
2023-07-26 11:00:00+09:00,6460.0,6560.0,6460.0,6480.0,3438,0.0,0.0
2023-07-26 12:00:00+09:00,6490.0,6500.0,6450.0,6480.0,7155,0.0,0.0
2023-07-26 13:00:00+09:00,6450.0,6500.0,6430.0,6450.0,11078,0.0,0.0
2023-07-26 14:00:00+09:00,6450.0,6530.0,6450.0,6480.0,8556,0.0,0.0
2023-07-27 09:00:00+09:00,6430.0,6570.0,6400.0,6450.0,11757,0.0,0.0
2023-07-27 10:00:00+09:00,6450.0,6540.0,6450.0,6510.0,2366,0.0,0.0
2023-07-27 11:00:00+09:00,6500.0,6520.0,6470.0,6480.0,2907,0.0,0.0
2023-07-27 12:00:00+09:00,6500.0,6500.0,6410.0,6470.0,8713,0.0,0.0
2023-07-27 13:00:00+09:00,6460.0,6460.0,6420.0,6430.0,1994,0.0,0.0
2023-07-27 14:00:00+09:00,6430.0,6430.0,6310.0,6340.0,13774,0.0,0.0
2023-07-28 09:00:00+09:00,6210.0,6630.0,6210.0,6620.0,24449,0.0,0.0
2023-07-28 10:00:00+09:00,6620.0,6720.0,6550.0,6650.0,19250,0.0,0.0
2023-07-28 11:00:00+09:00,6640.0,6690.0,6610.0,6650.0,2950,0.0,0.0
2023-07-28 12:00:00+09:00,6680.0,6680.0,6650.0,6680.0,1041,0.0,0.0
2023-07-28 13:00:00+09:00,6680.0,6690.0,6640.0,6640.0,2227,0.0,0.0
2023-07-28 14:00:00+09:00,6620.0,6630.0,6570.0,6610.0,4667,0.0,0.0
2023-07-31 09:00:00+09:00,6650.0,6770.0,6560.0,6740.0,0,0.0,0.0
2023-07-31 10:00:00+09:00,6710.0,6750.0,6600.0,6600.0,6545,0.0,0.0
2023-07-31 11:00:00+09:00,6600.0,6680.0,6590.0,6680.0,1287,0.0,0.0
2023-07-31 12:00:00+09:00,6650.0,6650.0,6580.0,6590.0,2030,0.0,0.0
2023-07-31 13:00:00+09:00,6590.0,6640.0,6590.0,6630.0,2930,0.0,0.0
2023-07-31 14:00:00+09:00,6590.0,6730.0,6570.0,6640.0,6426,0.0,0.0
2023-08-01 09:00:00+09:00,6650.0,6780.0,6630.0,6710.0,7323,0.0,0.0
2023-08-01 10:00:00+09:00,6720.0,6720.0,6650.0,6680.0,1685,0.0,0.0
2023-08-01 11:00:00+09:00,6640.0,6710.0,6640.0,6710.0,5127,0.0,0.0
2023-08-01 12:00:00+09:00,6650.0,6710.0,6640.0,6710.0,1137,0.0,0.0
2023-08-01 13:00:00+09:00,6670.0,6690.0,6590.0,6590.0,10225,0.0,0.0
2023-08-01 14:00:00+09:00,6590.0,6670.0,6580.0,6650.0,4028,0.0,0.0
2023-08-02 09:00:00+09:00,6680.0,6790.0,6580.0,6740.0,17867,0.0,0.0
2023-08-02 10:00:00+09:00,6730.0,6790.0,6660.0,6700.0,5741,0.0,0.0
2023-08-02 11:00:00+09:00,6660.0,6700.0,6600.0,6610.0,8125,0.0,0.0
2023-08-02 12:00:00+09:00,6620.0,6630.0,6590.0,6590.0,2834,0.0,0.0
2023-08-02 13:00:00+09:00,6590.0,6610.0,6500.0,6550.0,21832,0.0,0.0
2023-08-02 14:00:00+09:00,6520.0,6560.0,6490.0,6530.0,0,0.0,0.0
2023-08-03 09:00:00+09:00,6510.0,6540.0,6470.0,6520.0,7494,0.0,0.0
2023-08-03 10:00:00+09:00,6500.0,6520.0,6350.0,6350.0,7526,0.0,0.0
2023-08-03 11:00:00+09:00,6370.0,6400.0,6300.0,6310.0,8773,0.0,0.0
2023-08-03 12:00:00+09:00,6370.0,6370.0,6300.0,6350.0,11605,0.0,0.0
2023-08-03 13:00:00+09:00,6370.0,6450.0,6330.0,6450.0,9754,0.0,0.0
2023-08-03 14:00:00+09:00,6400.0,6440.0,6400.0,6400.0,917,0.0,0.0
2023-08-04 09:00:00+09:00,6400.0,6650.0,6300.0,6600.0,25346,0.0,0.0
2023-08-04 10:00:00+09:00,6600.0,6600.0,6540.0,6590.0,2317,0.0,0.0
2023-08-04 11:00:00+09:00,6540.0,6540.0,6470.0,6510.0,3596,0.0,0.0
2023-08-04 12:00:00+09:00,6510.0,6580.0,6430.0,6570.0,5556,0.0,0.0
2023-08-04 13:00:00+09:00,6550.0,6560.0,6450.0,6500.0,825,0.0,0.0
2023-08-04 14:00:00+09:00,6530.0,6550.0,6500.0,6550.0,264,0.0,0.0
2023-08-07 09:00:00+09:00,6540.0,6600.0,6430.0,6450.0,0,0.0,0.0
2023-08-07 10:00:00+09:00,6450.0,6550.0,6400.0,6450.0,9873,0.0,0.0
2023-08-07 11:00:00+09:00,6450.0,6490.0,6400.0,6470.0,3488,0.0,0.0
2023-08-07 12:00:00+09:00,6410.0,6440.0,6390.0,6430.0,2141,0.0,0.0
2023-08-07 13:00:00+09:00,6400.0,6410.0,6380.0,6410.0,2116,0.0,0.0
2023-08-07 14:00:00+09:00,6410.0,6410.0,6350.0,6380.0,3329,0.0,0.0
2023-08-08 09:00:00+09:00,6320.0,6560.0,6320.0,6500.0,27534,0.0,0.0
2023-08-08 10:00:00+09:00,6480.0,6490.0,6440.0,6480.0,4190,0.0,0.0
2023-08-08 11:00:00+09:00,6480.0,6480.0,6420.0,6420.0,898,0.0,0.0
2023-08-08 12:00:00+09:00,6460.0,6460.0,6420.0,6460.0,0,0.0,0.0
2023-08-08 13:00:00+09:00,6460.0,6470.0,6420.0,6430.0,3180,0.0,0.0
2023-08-08 14:00:00+09:00,6460.0,6480.0,6410.0,6480.0,7206,0.0,0.0
2023-08-09 09:00:00+09:00,6470.0,6540.0,6390.0,6390.0,4961,0.0,0.0
2023-08-09 10:00:00+09:00,6350.0,6400.0,6350.0,6400.0,2241,0.0,0.0
2023-08-09 11:00:00+09:00,6380.0,6450.0,6380.0,6430.0,1971,0.0,0.0
2023-08-09 12:00:00+09:00,6440.0,6450.0,6430.0,6440.0,375,0.0,0.0
2023-08-09 13:00:00+09:00,6430.0,6450.0,6390.0,6450.0,1564,0.0,0.0
2023-08-09 14:00:00+09:00,6450.0,6480.0,6430.0,6480.0,716,0.0,0.0
2023-08-10 09:00:00+09:00,6480.0,6610.0,6480.0,6610.0,16840,0.0,0.0
2023-08-10 10:00:00+09:00,6590.0,6600.0,6530.0,6560.0,3337,0.0,0.0
2023-08-10 11:00:00+09:00,6580.0,6580.0,6540.0,6570.0,901,0.0,0.0
2023-08-10 12:00:00+09:00,6570.0,6570.0,6500.0,6510.0,3319,0.0,0.0
2023-08-10 13:00:00+09:00,6500.0,6550.0,6480.0,6520.0,3327,0.0,0.0
2023-08-10 14:00:00+09:00,6520.0,6540.0,6500.0,6500.0,1645,0.0,0.0
2023-08-11 09:00:00+09:00,6520.0,6630.0,6500.0,6610.0,1086,0.0,0.0
2023-08-11 10:00:00+09:00,6610.0,6610.0,6550.0,6580.0,6242,0.0,0.0
2023-08-11 11:00:00+09:00,6610.0,6610.0,6550.0,6580.0,4618,0.0,0.0
2023-08-11 12:00:00+09:00,6550.0,6570.0,6510.0,6520.0,4283,0.0,0.0
2023-08-11 13:00:00+09:00,6550.0,6550.0,6500.0,6530.0,5309,0.0,0.0
2023-08-11 14:00:00+09:00,6520.0,6530.0,6470.0,6500.0,5876,0.0,0.0
2023-08-14 09:00:00+09:00,6470.0,6470.0,6330.0,6340.0,0,0.0,0.0
2023-08-14 10:00:00+09:00,6340.0,6400.0,6300.0,6350.0,13302,0.0,0.0
2023-08-14 11:00:00+09:00,6350.0,6350.0,6340.0,6350.0,708,0.0,0.0
2023-08-14 12:00:00+09:00,6340.0,6370.0,6340.0,6350.0,1373,0.0,0.0
2023-08-14 13:00:00+09:00,6350.0,6360.0,6330.0,6330.0,1909,0.0,0.0
2023-08-14 14:00:00+09:00,6330.0,6340.0,6330.0,6340.0,3472,0.0,0.0
2023-08-16 09:00:00+09:00,6260.0,6260.0,6110.0,6120.0,0,0.0,0.0
2023-08-16 10:00:00+09:00,6120.0,6150.0,6050.0,6140.0,10723,0.0,0.0
2023-08-16 11:00:00+09:00,6100.0,6130.0,6040.0,6050.0,8939,0.0,0.0
2023-08-16 12:00:00+09:00,6040.0,6050.0,6000.0,6000.0,7492,0.0,0.0
2023-08-16 13:00:00+09:00,6010.0,6020.0,5980.0,6000.0,8104,0.0,0.0
2023-08-16 14:00:00+09:00,6000.0,6020.0,5870.0,5870.0,31467,0.0,0.0
2023-08-17 09:00:00+09:00,5800.0,5870.0,5610.0,5740.0,75530,0.0,0.0
2023-08-17 10:00:00+09:00,5740.0,5800.0,5680.0,5800.0,10514,0.0,0.0
2023-08-17 11:00:00+09:00,5800.0,5950.0,5800.0,5940.0,3195,0.0,0.0
2023-08-17 12:00:00+09:00,5950.0,5950.0,5910.0,5910.0,831,0.0,0.0
2023-08-17 13:00:00+09:00,5910.0,5940.0,5910.0,5930.0,292,0.0,0.0
2023-08-17 14:00:00+09:00,5930.0,5970.0,5920.0,5960.0,3407,0.0,0.0
2023-08-18 09:00:00+09:00,5930.0,5930.0,5800.0,5800.0,3384,0.0,0.0
2023-08-18 10:00:00+09:00,5820.0,5920.0,5790.0,5870.0,2485,0.0,0.0
2023-08-18 11:00:00+09:00,5840.0,5940.0,5840.0,5860.0,639,0.0,0.0
2023-08-18 12:00:00+09:00,5880.0,5880.0,5810.0,5810.0,3964,0.0,0.0
2023-08-18 13:00:00+09:00,5850.0,5860.0,5810.0,5840.0,2001,0.0,0.0
2023-08-18 14:00:00+09:00,5840.0,5940.0,5810.0,5830.0,3306,0.0,0.0
2023-08-21 09:00:00+09:00,5760.0,6000.0,5760.0,5890.0,0,0.0,0.0
2023-08-21 10:00:00+09:00,5890.0,5910.0,5850.0,5870.0,1315,0.0,0.0
2023-08-21 11:00:00+09:00,5860.0,5890.0,5850.0,5870.0,1195,0.0,0.0
2023-08-21 12:00:00+09:00,5870.0,5890.0,5850.0,5870.0,1057,0.0,0.0
2023-08-21 13:00:00+09:00,5870.0,5900.0,5850.0,5860.0,1151,0.0,0.0
2023-08-21 14:00:00+09:00,5860.0,5860.0,5810.0,5830.0,3729,0.0,0.0
2023-08-22 09:00:00+09:00,5870.0,5870.0,5770.0,5780.0,5095,0.0,0.0
2023-08-22 10:00:00+09:00,5770.0,5840.0,5770.0,5840.0,440,0.0,0.0
2023-08-22 11:00:00+09:00,5820.0,5860.0,5820.0,5860.0,223,0.0,0.0
2023-08-22 12:00:00+09:00,5850.0,5870.0,5840.0,5870.0,756,0.0,0.0
2023-08-22 13:00:00+09:00,5860.0,5860.0,5780.0,5810.0,8891,0.0,0.0
2023-08-22 14:00:00+09:00,5810.0,5870.0,5800.0,5840.0,1886,0.0,0.0
2023-08-23 09:00:00+09:00,5830.0,5830.0,5770.0,5810.0,2716,0.0,0.0
2023-08-23 10:00:00+09:00,5830.0,5830.0,5750.0,5780.0,3565,0.0,0.0
2023-08-23 11:00:00+09:00,5780.0,5790.0,5770.0,5770.0,450,0.0,0.0
2023-08-23 12:00:00+09:00,5780.0,5800.0,5760.0,5800.0,3177,0.0,0.0
2023-08-23 13:00:00+09:00,5800.0,5800.0,5780.0,5780.0,1145,0.0,0.0
2023-08-23 14:00:00+09:00,5780.0,5790.0,5750.0,5760.0,2540,0.0,0.0
2023-08-24 09:00:00+09:00,5740.0,5850.0,5740.0,5790.0,8812,0.0,0.0
2023-08-24 10:00:00+09:00,5790.0,5800.0,5780.0,5800.0,873,0.0,0.0
2023-08-24 11:00:00+09:00,5780.0,5800.0,5780.0,5790.0,1117,0.0,0.0
2023-08-24 12:00:00+09:00,5790.0,5910.0,5780.0,5880.0,6381,0.0,0.0
2023-08-24 13:00:00+09:00,5870.0,5890.0,5860.0,5880.0,1057,0.0,0.0
2023-08-24 14:00:00+09:00,5870.0,5900.0,5860.0,5890.0,2388,0.0,0.0
2023-08-25 09:00:00+09:00,5780.0,5830.0,5770.0,5800.0,1548,0.0,0.0
2023-08-25 10:00:00+09:00,5780.0,5800.0,5740.0,5790.0,1189,0.0,0.0
2023-08-25 11:00:00+09:00,5790.0,5840.0,5720.0,5800.0,2767,0.0,0.0
2023-08-25 12:00:00+09:00,5740.0,5740.0,5700.0,5710.0,4686,0.0,0.0
2023-08-25 13:00:00+09:00,5710.0,5730.0,5710.0,5730.0,2048,0.0,0.0
2023-08-25 14:00:00+09:00,5730.0,5730.0,5690.0,5710.0,3475,0.0,0.0
2023-08-28 09:00:00+09:00,5700.0,5900.0,5700.0,5900.0,0,0.0,0.0
2023-08-28 10:00:00+09:00,5900.0,6930.0,5870.0,6140.0,1574151,0.0,0.0
2023-08-28 11:00:00+09:00,6140.0,6200.0,6060.0,6070.0,95904,0.0,0.0
2023-08-28 12:00:00+09:00,6070.0,6160.0,6070.0,6130.0,27478,0.0,0.0
2023-08-28 13:00:00+09:00,6130.0,6130.0,6060.0,6100.0,24880,0.0,0.0
2023-08-28 14:00:00+09:00,6100.0,6160.0,6080.0,6110.0,30043,0.0,0.0
2023-08-29 09:00:00+09:00,6020.0,6110.0,6010.0,6040.0,24742,0.0,0.0
2023-08-29 10:00:00+09:00,6040.0,6130.0,6010.0,6100.0,18637,0.0,0.0
2023-08-29 11:00:00+09:00,6110.0,6110.0,6010.0,6020.0,16447,0.0,0.0
2023-08-29 12:00:00+09:00,6060.0,6090.0,6030.0,6030.0,14667,0.0,0.0
2023-08-29 13:00:00+09:00,6030.0,6090.0,6020.0,6080.0,7434,0.0,0.0
2023-08-29 14:00:00+09:00,6060.0,6090.0,6040.0,6060.0,6754,0.0,0.0
2023-08-30 09:00:00+09:00,6070.0,6130.0,6070.0,6100.0,13833,0.0,0.0
2023-08-30 10:00:00+09:00,6110.0,6130.0,6080.0,6100.0,13923,0.0,0.0
2023-08-30 11:00:00+09:00,6110.0,6110.0,6070.0,6080.0,1589,0.0,0.0
2023-08-30 12:00:00+09:00,6080.0,6100.0,6060.0,6100.0,4979,0.0,0.0
2023-08-30 13:00:00+09:00,6090.0,6100.0,6070.0,6100.0,2423,0.0,0.0
2023-08-30 14:00:00+09:00,6070.0,6090.0,6060.0,6090.0,6231,0.0,0.0
2023-08-31 09:00:00+09:00,6060.0,6100.0,6030.0,6080.0,6180,0.0,0.0
2023-08-31 10:00:00+09:00,6050.0,6090.0,5970.0,6040.0,39657,0.0,0.0
2023-08-31 11:00:00+09:00,6040.0,6070.0,6000.0,6070.0,12189,0.0,0.0
2023-08-31 12:00:00+09:00,6070.0,6070.0,6000.0,6030.0,7042,0.0,0.0
2023-08-31 13:00:00+09:00,6030.0,6060.0,5990.0,6040.0,8672,0.0,0.0
2023-08-31 14:00:00+09:00,6040.0,6050.0,5990.0,6010.0,4137,0.0,0.0
2023-09-01 09:00:00+09:00,5980.0,5990.0,5900.0,5950.0,15027,0.0,0.0
2023-09-01 10:00:00+09:00,5950.0,5950.0,5920.0,5920.0,2044,0.0,0.0
2023-09-01 11:00:00+09:00,5940.0,5940.0,5880.0,5910.0,7296,0.0,0.0
2023-09-01 12:00:00+09:00,5920.0,5960.0,5880.0,5930.0,2406,0.0,0.0
2023-09-01 13:00:00+09:00,5930.0,5930.0,5890.0,5920.0,1860,0.0,0.0
2023-09-01 14:00:00+09:00,5900.0,5920.0,5860.0,5870.0,3971,0.0,0.0
2023-09-04 09:00:00+09:00,5860.0,5940.0,5800.0,5900.0,0,0.0,0.0
2023-09-04 10:00:00+09:00,5920.0,5920.0,5850.0,5860.0,4402,0.0,0.0
2023-09-04 11:00:00+09:00,5870.0,5890.0,5860.0,5860.0,984,0.0,0.0
2023-09-04 12:00:00+09:00,5860.0,5920.0,5850.0,5920.0,1209,0.0,0.0
2023-09-04 13:00:00+09:00,5920.0,5920.0,5850.0,5920.0,2336,0.0,0.0
2023-09-04 14:00:00+09:00,5910.0,5920.0,5850.0,5850.0,1127,0.0,0.0
2023-09-05 09:00:00+09:00,5930.0,5970.0,5860.0,5900.0,2220,0.0,0.0
2023-09-05 10:00:00+09:00,5900.0,5900.0,5860.0,5860.0,2012,0.0,0.0
2023-09-05 11:00:00+09:00,5860.0,5940.0,5860.0,5870.0,1496,0.0,0.0
2023-09-05 12:00:00+09:00,5860.0,5920.0,5860.0,5880.0,86,0.0,0.0
2023-09-05 13:00:00+09:00,5870.0,5940.0,5870.0,5940.0,2064,0.0,0.0
2023-09-05 14:00:00+09:00,5940.0,5950.0,5890.0,5930.0,1697,0.0,0.0
2023-09-06 09:00:00+09:00,5930.0,6020.0,5860.0,5970.0,5352,0.0,0.0
2023-09-06 10:00:00+09:00,5980.0,6020.0,5960.0,6020.0,4915,0.0,0.0
2023-09-06 11:00:00+09:00,5970.0,6030.0,5970.0,5990.0,2276,0.0,0.0
2023-09-06 12:00:00+09:00,5980.0,5990.0,5930.0,5970.0,1332,0.0,0.0
2023-09-06 13:00:00+09:00,5970.0,5980.0,5920.0,5960.0,2361,0.0,0.0
2023-09-06 14:00:00+09:00,5920.0,5960.0,5920.0,5950.0,1920,0.0,0.0
2023-09-07 09:00:00+09:00,5910.0,5960.0,5860.0,5930.0,2448,0.0,0.0
2023-09-07 10:00:00+09:00,5880.0,5900.0,5800.0,5810.0,10148,0.0,0.0
2023-09-07 11:00:00+09:00,5800.0,5840.0,5800.0,5840.0,16191,0.0,0.0
2023-09-07 12:00:00+09:00,5810.0,5840.0,5800.0,5800.0,1092,0.0,0.0
2023-09-07 13:00:00+09:00,5810.0,5820.0,5760.0,5800.0,8370,0.0,0.0
2023-09-07 14:00:00+09:00,5760.0,5800.0,5760.0,5800.0,993,0.0,0.0
2023-09-08 09:00:00+09:00,5840.0,5840.0,5720.0,5720.0,6272,0.0,0.0
2023-09-08 10:00:00+09:00,5780.0,5830.0,5730.0,5750.0,3790,0.0,0.0
2023-09-08 11:00:00+09:00,5780.0,5780.0,5760.0,5780.0,669,0.0,0.0
2023-09-08 12:00:00+09:00,5780.0,5810.0,5760.0,5810.0,2129,0.0,0.0
2023-09-08 13:00:00+09:00,5770.0,5890.0,5770.0,5890.0,7054,0.0,0.0
2023-09-08 14:00:00+09:00,5860.0,5900.0,5840.0,5900.0,1989,0.0,0.0
2023-09-11 09:00:00+09:00,5800.0,5940.0,5800.0,5920.0,0,0.0,0.0
2023-09-11 10:00:00+09:00,5920.0,5920.0,5890.0,5900.0,9874,0.0,0.0
2023-09-11 11:00:00+09:00,5900.0,5900.0,5890.0,5900.0,376,0.0,0.0
2023-09-11 12:00:00+09:00,5900.0,5930.0,5880.0,5920.0,1110,0.0,0.0
2023-09-11 13:00:00+09:00,5870.0,5890.0,5850.0,5890.0,755,0.0,0.0
2023-09-11 14:00:00+09:00,5860.0,5880.0,5820.0,5860.0,2993,0.0,0.0
2023-09-12 09:00:00+09:00,5820.0,5890.0,5820.0,5890.0,0,0.0,0.0
2023-09-12 10:00:00+09:00,5850.0,5880.0,5820.0,5840.0,9232,0.0,0.0
2023-09-12 11:00:00+09:00,5840.0,5840.0,5820.0,5830.0,472,0.0,0.0
2023-09-12 12:00:00+09:00,5830.0,5850.0,5810.0,5850.0,7801,0.0,0.0
2023-09-12 13:00:00+09:00,5850.0,5850.0,5810.0,5850.0,1589,0.0,0.0
2023-09-12 14:00:00+09:00,5810.0,5850.0,5810.0,5850.0,2613,0.0,0.0
2023-09-13 09:00:00+09:00,5830.0,5840.0,5800.0,5840.0,3236,0.0,0.0
2023-09-13 10:00:00+09:00,5840.0,5840.0,5760.0,5780.0,4668,0.0,0.0
2023-09-13 11:00:00+09:00,5780.0,5800.0,5760.0,5790.0,649,0.0,0.0
2023-09-13 12:00:00+09:00,5770.0,5800.0,5760.0,5800.0,2233,0.0,0.0
2023-09-13 13:00:00+09:00,5800.0,5800.0,5750.0,5780.0,5205,0.0,0.0
2023-09-13 14:00:00+09:00,5750.0,5800.0,5730.0,5750.0,6911,0.0,0.0
2023-09-14 09:00:00+09:00,5750.0,5900.0,5720.0,5760.0,6854,0.0,0.0
2023-09-14 10:00:00+09:00,5760.0,5800.0,5750.0,5800.0,5873,0.0,0.0
2023-09-14 11:00:00+09:00,5800.0,5810.0,5790.0,5790.0,1520,0.0,0.0
2023-09-14 12:00:00+09:00,5790.0,5800.0,5790.0,5800.0,174,0.0,0.0
2023-09-14 13:00:00+09:00,5800.0,6000.0,5770.0,5960.0,62070,0.0,0.0
2023-09-14 14:00:00+09:00,5980.0,6050.0,5800.0,5830.0,72623,0.0,0.0
2023-09-15 09:00:00+09:00,5820.0,5960.0,5810.0,5950.0,12976,0.0,0.0
2023-09-15 10:00:00+09:00,5920.0,5950.0,5880.0,5930.0,6610,0.0,0.0
2023-09-15 11:00:00+09:00,5910.0,5950.0,5910.0,5950.0,4264,0.0,0.0
2023-09-15 12:00:00+09:00,5920.0,5960.0,5910.0,5950.0,2632,0.0,0.0
2023-09-15 13:00:00+09:00,5950.0,5970.0,5940.0,5970.0,2692,0.0,0.0
2023-09-15 14:00:00+09:00,5940.0,5980.0,5940.0,5970.0,3989,0.0,0.0
2023-09-18 09:00:00+09:00,5990.0,6030.0,5930.0,5980.0,0,0.0,0.0
2023-09-18 10:00:00+09:00,5980.0,6000.0,5910.0,5940.0,6430,0.0,0.0
2023-09-18 11:00:00+09:00,5920.0,5940.0,5900.0,5940.0,1506,0.0,0.0
2023-09-18 12:00:00+09:00,5940.0,5940.0,5900.0,5900.0,3714,0.0,0.0
2023-09-18 13:00:00+09:00,5910.0,5940.0,5870.0,5900.0,3653,0.0,0.0
2023-09-18 14:00:00+09:00,5900.0,5900.0,5870.0,5900.0,644,0.0,0.0
2023-09-19 09:00:00+09:00,5930.0,5950.0,5800.0,5890.0,18067,0.0,0.0
2023-09-19 10:00:00+09:00,5840.0,5910.0,5830.0,5910.0,2211,0.0,0.0
2023-09-19 11:00:00+09:00,5860.0,5870.0,5830.0,5830.0,4855,0.0,0.0
2023-09-19 12:00:00+09:00,5830.0,5850.0,5820.0,5820.0,3252,0.0,0.0
2023-09-19 13:00:00+09:00,5840.0,5840.0,5810.0,5820.0,4060,0.0,0.0
2023-09-19 14:00:00+09:00,5830.0,5840.0,5830.0,5840.0,1007,0.0,0.0
2023-09-20 09:00:00+09:00,5850.0,5870.0,5800.0,5840.0,1635,0.0,0.0
2023-09-20 10:00:00+09:00,5840.0,5850.0,5760.0,5830.0,15722,0.0,0.0
2023-09-20 11:00:00+09:00,5790.0,5850.0,5780.0,5830.0,1111,0.0,0.0
2023-09-20 12:00:00+09:00,5790.0,5830.0,5780.0,5780.0,2002,0.0,0.0
2023-09-20 13:00:00+09:00,5830.0,5830.0,5790.0,5830.0,534,0.0,0.0
2023-09-20 14:00:00+09:00,5790.0,5870.0,5760.0,5850.0,20657,0.0,0.0
2023-09-21 09:00:00+09:00,5860.0,5920.0,5810.0,5830.0,13315,0.0,0.0
2023-09-21 10:00:00+09:00,5830.0,5830.0,5750.0,5810.0,7475,0.0,0.0
2023-09-21 11:00:00+09:00,5810.0,5810.0,5710.0,5730.0,9363,0.0,0.0
2023-09-21 12:00:00+09:00,5730.0,5810.0,5730.0,5760.0,8848,0.0,0.0
2023-09-21 13:00:00+09:00,5780.0,5800.0,5740.0,5800.0,1859,0.0,0.0
2023-09-21 14:00:00+09:00,5750.0,5820.0,5750.0,5800.0,3308,0.0,0.0
2023-09-22 09:00:00+09:00,5950.0,6010.0,5830.0,5870.0,60212,0.0,0.0
2023-09-22 10:00:00+09:00,5880.0,5890.0,5800.0,5810.0,14731,0.0,0.0
2023-09-22 11:00:00+09:00,5830.0,5910.0,5810.0,5840.0,12579,0.0,0.0
2023-09-22 12:00:00+09:00,5830.0,5850.0,5800.0,5830.0,4753,0.0,0.0
2023-09-22 13:00:00+09:00,5810.0,5910.0,5810.0,5820.0,6792,0.0,0.0
2023-09-22 14:00:00+09:00,5850.0,5850.0,5800.0,5820.0,2311,0.0,0.0
2023-09-25 09:00:00+09:00,5830.0,5830.0,5760.0,5820.0,0,0.0,0.0
2023-09-25 10:00:00+09:00,5820.0,5830.0,5780.0,5810.0,4851,0.0,0.0
2023-09-25 11:00:00+09:00,5800.0,5810.0,5770.0,5810.0,4182,0.0,0.0
2023-09-25 12:00:00+09:00,5810.0,5830.0,5800.0,5830.0,433,0.0,0.0
2023-09-25 13:00:00+09:00,5810.0,5830.0,5780.0,5810.0,2174,0.0,0.0
2023-09-25 14:00:00+09:00,5800.0,5810.0,5750.0,5790.0,10790,0.0,0.0
2023-09-26 09:00:00+09:00,5880.0,5900.0,5780.0,5790.0,6889,0.0,0.0
2023-09-26 10:00:00+09:00,5820.0,5850.0,5780.0,5820.0,2917,0.0,0.0
2023-09-26 11:00:00+09:00,5810.0,5840.0,5810.0,5840.0,3147,0.0,0.0
2023-09-26 12:00:00+09:00,5850.0,5890.0,5800.0,5860.0,3153,0.0,0.0
2023-09-26 13:00:00+09:00,5870.0,5870.0,5800.0,5860.0,1390,0.0,0.0
2023-09-26 14:00:00+09:00,5840.0,5870.0,5830.0,5850.0,1672,0.0,0.0
2023-09-27 09:00:00+09:00,5820.0,5830.0,5760.0,5780.0,7086,0.0,0.0
2023-09-27 10:00:00+09:00,5810.0,5830.0,5780.0,5810.0,0,0.0,0.0
2023-09-27 11:00:00+09:00,5830.0,5830.0,5820.0,5830.0,8517,0.0,0.0
2023-09-27 12:00:00+09:00,5830.0,5840.0,5820.0,5840.0,127,0.0,0.0
2023-09-27 13:00:00+09:00,5830.0,5830.0,5800.0,5830.0,747,0.0,0.0
2023-09-27 14:00:00+09:00,5830.0,5860.0,5820.0,5860.0,1989,0.0,0.0
2023-10-04 09:00:00+09:00,5910.0,5910.0,5760.0,5760.0,0,0.0,0.0
2023-10-04 10:00:00+09:00,5770.0,5790.0,5710.0,5720.0,7528,0.0,0.0
2023-10-04 11:00:00+09:00,5720.0,5740.0,5700.0,5700.0,3091,0.0,0.0
2023-10-04 12:00:00+09:00,5700.0,5720.0,5650.0,5650.0,8642,0.0,0.0
2023-10-04 13:00:00+09:00,5650.0,5700.0,5600.0,5680.0,8189,0.0,0.0
2023-10-04 14:00:00+09:00,5680.0,5680.0,5470.0,5520.0,21990,0.0,0.0
2023-10-05 09:00:00+09:00,5510.0,5510.0,5380.0,5420.0,10025,0.0,0.0
2023-10-05 10:00:00+09:00,5440.0,5480.0,5430.0,5460.0,264,0.0,0.0
2023-10-05 11:00:00+09:00,5460.0,5640.0,5440.0,5560.0,13070,0.0,0.0
2023-10-05 12:00:00+09:00,5560.0,5580.0,5540.0,5560.0,3794,0.0,0.0
2023-10-05 13:00:00+09:00,5560.0,5570.0,5550.0,5550.0,2261,0.0,0.0
2023-10-05 14:00:00+09:00,5520.0,5520.0,5460.0,5460.0,5427,0.0,0.0
2023-10-06 09:00:00+09:00,5420.0,5600.0,5420.0,5570.0,7533,0.0,0.0
2023-10-06 10:00:00+09:00,5570.0,5630.0,5560.0,5630.0,5943,0.0,0.0
2023-10-06 11:00:00+09:00,5630.0,5750.0,5630.0,5740.0,13907,0.0,0.0
2023-10-06 12:00:00+09:00,5730.0,5790.0,5710.0,5790.0,9910,0.0,0.0
2023-10-06 13:00:00+09:00,5790.0,5830.0,5730.0,5770.0,6345,0.0,0.0
2023-10-06 14:00:00+09:00,5770.0,5850.0,5740.0,5850.0,21673,0.0,0.0
2023-10-10 09:00:00+09:00,5890.0,5900.0,5850.0,5870.0,0,0.0,0.0
2023-10-10 10:00:00+09:00,5860.0,5880.0,5840.0,5870.0,2041,0.0,0.0
2023-10-10 11:00:00+09:00,5870.0,5900.0,5850.0,5850.0,8078,0.0,0.0
2023-10-10 12:00:00+09:00,5860.0,5900.0,5800.0,5810.0,1824,0.0,0.0
2023-10-10 13:00:00+09:00,5810.0,5830.0,5750.0,5810.0,5161,0.0,0.0
2023-10-10 14:00:00+09:00,5810.0,5830.0,5750.0,5800.0,6233,0.0,0.0
2023-10-11 09:00:00+09:00,5830.0,5910.0,5800.0,5900.0,7655,0.0,0.0
2023-10-11 10:00:00+09:00,5900.0,5900.0,5850.0,5900.0,2308,0.0,0.0
2023-10-11 11:00:00+09:00,5890.0,5940.0,5850.0,5890.0,5604,0.0,0.0
2023-10-11 12:00:00+09:00,5890.0,5920.0,5850.0,5910.0,2331,0.0,0.0
2023-10-11 13:00:00+09:00,5910.0,5910.0,5860.0,5870.0,2230,0.0,0.0
2023-10-11 14:00:00+09:00,5870.0,5870.0,5840.0,5870.0,2733,0.0,0.0
2023-10-12 09:00:00+09:00,5900.0,5940.0,5870.0,5900.0,11293,0.0,0.0
2023-10-12 10:00:00+09:00,5900.0,5900.0,5870.0,5900.0,3958,0.0,0.0
2023-10-12 11:00:00+09:00,5890.0,5900.0,5850.0,5900.0,1744,0.0,0.0
2023-10-12 12:00:00+09:00,5860.0,5900.0,5840.0,5900.0,3776,0.0,0.0
2023-10-12 13:00:00+09:00,5900.0,5920.0,5860.0,5910.0,10821,0.0,0.0
2023-10-12 14:00:00+09:00,5900.0,5910.0,5880.0,5910.0,5116,0.0,0.0
2023-10-13 09:00:00+09:00,5840.0,5910.0,5820.0,5870.0,6202,0.0,0.0
2023-10-13 10:00:00+09:00,5870.0,5900.0,5850.0,5870.0,2495,0.0,0.0
2023-10-13 11:00:00+09:00,5860.0,5870.0,5840.0,5860.0,2007,0.0,0.0
2023-10-13 12:00:00+09:00,5860.0,5860.0,5810.0,5860.0,2263,0.0,0.0
2023-10-13 13:00:00+09:00,5860.0,5860.0,5780.0,5780.0,16742,0.0,0.0
2023-10-13 14:00:00+09:00,5850.0,5850.0,5810.0,5850.0,0,0.0,0.0
2023-10-16 09:00:00+09:00,5870.0,5900.0,5790.0,5900.0,0,0.0,0.0
2023-10-16 10:00:00+09:00,5890.0,5900.0,5860.0,5880.0,10138,0.0,0.0
2023-10-16 11:00:00+09:00,5870.0,5930.0,5870.0,5930.0,5644,0.0,0.0
2023-10-16 12:00:00+09:00,5930.0,5930.0,5870.0,5890.0,7076,0.0,0.0
2023-10-16 13:00:00+09:00,5890.0,5920.0,5880.0,5890.0,5848,0.0,0.0
2023-10-16 14:00:00+09:00,5920.0,5930.0,5890.0,5900.0,5819,0.0,0.0
2023-10-17 09:00:00+09:00,5930.0,5980.0,5930.0,5970.0,6807,0.0,0.0
2023-10-17 10:00:00+09:00,5960.0,5970.0,5910.0,5970.0,5114,0.0,0.0
2023-10-17 11:00:00+09:00,5950.0,5970.0,5920.0,5970.0,1910,0.0,0.0
2023-10-17 12:00:00+09:00,5950.0,5970.0,5920.0,5950.0,2973,0.0,0.0
2023-10-17 13:00:00+09:00,5950.0,5960.0,5910.0,5950.0,2431,0.0,0.0
2023-10-17 14:00:00+09:00,5950.0,5960.0,5940.0,5960.0,3249,0.0,0.0
2023-10-18 09:00:00+09:00,5920.0,5970.0,5920.0,5940.0,4448,0.0,0.0
2023-10-18 10:00:00+09:00,5910.0,5950.0,5910.0,5950.0,2024,0.0,0.0
2023-10-18 11:00:00+09:00,5940.0,5950.0,5920.0,5940.0,1816,0.0,0.0
2023-10-18 12:00:00+09:00,5920.0,5930.0,5880.0,5910.0,2035,0.0,0.0
2023-10-18 13:00:00+09:00,5900.0,5910.0,5870.0,5910.0,3912,0.0,0.0
2023-10-18 14:00:00+09:00,5870.0,5910.0,5850.0,5890.0,4204,0.0,0.0
2023-10-19 09:00:00+09:00,5930.0,6100.0,5840.0,6060.0,116216,0.0,0.0
2023-10-19 10:00:00+09:00,6070.0,6080.0,5990.0,6000.0,16186,0.0,0.0
2023-10-19 11:00:00+09:00,6000.0,6070.0,5980.0,6070.0,0,0.0,0.0
2023-10-19 12:00:00+09:00,6040.0,6070.0,6020.0,6060.0,158493,0.0,0.0
2023-10-19 13:00:00+09:00,6060.0,6060.0,6020.0,6040.0,6917,0.0,0.0
2023-10-19 14:00:00+09:00,6030.0,6050.0,6010.0,6040.0,9197,0.0,0.0
2023-10-20 09:00:00+09:00,5960.0,6060.0,5870.0,5880.0,23220,0.0,0.0
2023-10-20 10:00:00+09:00,5880.0,5990.0,5860.0,5950.0,15280,0.0,0.0
2023-10-20 11:00:00+09:00,5930.0,5950.0,5900.0,5930.0,3218,0.0,0.0
2023-10-20 12:00:00+09:00,5930.0,5950.0,5920.0,5950.0,1818,0.0,0.0
2023-10-20 13:00:00+09:00,5950.0,5980.0,5900.0,5980.0,7125,0.0,0.0
2023-10-20 14:00:00+09:00,5980.0,6050.0,5980.0,6000.0,17151,0.0,0.0
2023-10-23 09:00:00+09:00,6000.0,6120.0,5940.0,6080.0,0,0.0,0.0
2023-10-23 10:00:00+09:00,6070.0,6140.0,6060.0,6140.0,11685,0.0,0.0
2023-10-23 11:00:00+09:00,6140.0,6150.0,6080.0,6100.0,7205,0.0,0.0
2023-10-23 12:00:00+09:00,6130.0,6230.0,6070.0,6200.0,24250,0.0,0.0
2023-10-23 13:00:00+09:00,6200.0,6210.0,6130.0,6160.0,10358,0.0,0.0
2023-10-23 14:00:00+09:00,6160.0,6180.0,6080.0,6110.0,8680,0.0,0.0
2023-10-24 09:00:00+09:00,6240.0,6240.0,6020.0,6090.0,21629,0.0,0.0
2023-10-24 10:00:00+09:00,6040.0,6090.0,5980.0,6060.0,10497,0.0,0.0
2023-10-24 11:00:00+09:00,6060.0,6150.0,6060.0,6150.0,4386,0.0,0.0
2023-10-24 12:00:00+09:00,6140.0,6160.0,6110.0,6120.0,4528,0.0,0.0
2023-10-24 13:00:00+09:00,6160.0,6170.0,6130.0,6150.0,3105,0.0,0.0
2023-10-24 14:00:00+09:00,6150.0,6170.0,6130.0,6130.0,3893,0.0,0.0
2023-10-25 09:00:00+09:00,6120.0,6160.0,6070.0,6160.0,0,0.0,0.0
2023-10-25 10:00:00+09:00,6160.0,6180.0,6110.0,6110.0,14486,0.0,0.0
2023-10-25 11:00:00+09:00,6150.0,6180.0,6110.0,6160.0,12369,0.0,0.0
2023-10-25 12:00:00+09:00,6180.0,6200.0,6160.0,6180.0,3679,0.0,0.0
2023-10-25 13:00:00+09:00,6180.0,6190.0,6100.0,6140.0,5689,0.0,0.0
2023-10-25 14:00:00+09:00,6140.0,6170.0,6130.0,6130.0,5110,0.0,0.0
2023-10-26 09:00:00+09:00,6090.0,6150.0,6050.0,6100.0,6065,0.0,0.0
2023-10-26 10:00:00+09:00,6110.0,6200.0,6070.0,6140.0,4865,0.0,0.0
2023-10-26 11:00:00+09:00,6160.0,6170.0,6100.0,6150.0,3701,0.0,0.0
2023-10-26 12:00:00+09:00,6150.0,6150.0,6090.0,6140.0,3674,0.0,0.0
2023-10-26 13:00:00+09:00,6130.0,6160.0,6130.0,6140.0,3459,0.0,0.0
2023-10-26 14:00:00+09:00,6140.0,6160.0,6120.0,6140.0,6290,0.0,0.0
2023-10-27 09:00:00+09:00,6140.0,6240.0,6120.0,6200.0,15312,0.0,0.0
2023-10-27 10:00:00+09:00,6160.0,6300.0,6160.0,6290.0,23116,0.0,0.0
2023-10-27 11:00:00+09:00,6290.0,6320.0,6280.0,6310.0,9506,0.0,0.0
2023-10-27 12:00:00+09:00,6300.0,6320.0,6270.0,6270.0,7411,0.0,0.0
2023-10-27 13:00:00+09:00,6300.0,6330.0,6250.0,6320.0,7571,0.0,0.0
2023-10-27 14:00:00+09:00,6320.0,6360.0,6310.0,6340.0,14373,0.0,0.0
2023-10-30 09:00:00+09:00,6300.0,6420.0,6230.0,6420.0,0,0.0,0.0
2023-10-30 10:00:00+09:00,6420.0,6420.0,6360.0,6410.0,11593,0.0,0.0
2023-10-30 11:00:00+09:00,6410.0,6430.0,6390.0,6430.0,6014,0.0,0.0
2023-10-30 12:00:00+09:00,6430.0,6460.0,6380.0,6450.0,9824,0.0,0.0
2023-10-30 13:00:00+09:00,6410.0,6450.0,6390.0,6430.0,7628,0.0,0.0
2023-10-30 14:00:00+09:00,6430.0,6440.0,6310.0,6330.0,10500,0.0,0.0
2023-10-31 09:00:00+09:00,6330.0,6370.0,6210.0,6250.0,14329,0.0,0.0
2023-10-31 10:00:00+09:00,6250.0,6300.0,6200.0,6300.0,3823,0.0,0.0
2023-10-31 11:00:00+09:00,6300.0,6300.0,6180.0,6250.0,8533,0.0,0.0
2023-10-31 12:00:00+09:00,6240.0,6280.0,6170.0,6170.0,6919,0.0,0.0
2023-10-31 13:00:00+09:00,6220.0,6240.0,6130.0,6210.0,5088,0.0,0.0
2023-10-31 14:00:00+09:00,6200.0,6200.0,6140.0,6190.0,3795,0.0,0.0
2023-11-01 09:00:00+09:00,6260.0,6340.0,6260.0,6330.0,9666,0.0,0.0
2023-11-01 10:00:00+09:00,6330.0,6350.0,6300.0,6340.0,4759,0.0,0.0
2023-11-01 11:00:00+09:00,6340.0,6350.0,6270.0,6300.0,3594,0.0,0.0
2023-11-01 12:00:00+09:00,6290.0,6350.0,6290.0,6300.0,5030,0.0,0.0
2023-11-01 13:00:00+09:00,6340.0,6370.0,6310.0,6370.0,4733,0.0,0.0
2023-11-01 14:00:00+09:00,6370.0,6380.0,6300.0,6340.0,4032,0.0,0.0
2023-11-02 09:00:00+09:00,6380.0,6430.0,6300.0,6420.0,7519,0.0,0.0
2023-11-02 10:00:00+09:00,6420.0,6430.0,6380.0,6410.0,4322,0.0,0.0
2023-11-02 11:00:00+09:00,6410.0,6420.0,6380.0,6420.0,3864,0.0,0.0
2023-11-02 12:00:00+09:00,6420.0,6430.0,6380.0,6430.0,5471,0.0,0.0
2023-11-02 13:00:00+09:00,6430.0,6430.0,6390.0,6410.0,3376,0.0,0.0
2023-11-02 14:00:00+09:00,6410.0,6420.0,6360.0,6400.0,4306,0.0,0.0
2023-11-03 09:00:00+09:00,6390.0,6390.0,6310.0,6370.0,10041,0.0,0.0
2023-11-03 10:00:00+09:00,6370.0,6380.0,6310.0,6380.0,4277,0.0,0.0
2023-11-03 11:00:00+09:00,6330.0,6390.0,6330.0,6390.0,0,0.0,0.0
2023-11-03 12:00:00+09:00,6380.0,6390.0,6360.0,6390.0,21092,0.0,0.0
2023-11-03 13:00:00+09:00,6360.0,6420.0,6360.0,6420.0,10087,0.0,0.0
2023-11-03 14:00:00+09:00,6410.0,6420.0,6390.0,6420.0,7074,0.0,0.0
2023-11-06 09:00:00+09:00,6460.0,6460.0,6320.0,6420.0,0,0.0,0.0
2023-11-06 10:00:00+09:00,6390.0,6410.0,6130.0,6240.0,47029,0.0,0.0
2023-11-06 11:00:00+09:00,6240.0,6250.0,6100.0,6230.0,23316,0.0,0.0
2023-11-06 12:00:00+09:00,6230.0,6270.0,6180.0,6270.0,6003,0.0,0.0
2023-11-06 13:00:00+09:00,6270.0,6300.0,6230.0,6290.0,4704,0.0,0.0
2023-11-06 14:00:00+09:00,6290.0,6290.0,6180.0,6260.0,7504,0.0,0.0
2023-11-07 09:00:00+09:00,6190.0,6350.0,6180.0,6280.0,10730,0.0,0.0
2023-11-07 10:00:00+09:00,6310.0,6350.0,6270.0,6350.0,3423,0.0,0.0
2023-11-07 11:00:00+09:00,6340.0,6350.0,6240.0,6300.0,4192,0.0,0.0
2023-11-07 12:00:00+09:00,6300.0,6300.0,6230.0,6290.0,3724,0.0,0.0
2023-11-07 13:00:00+09:00,6290.0,6320.0,6240.0,6320.0,2867,0.0,0.0
2023-11-07 14:00:00+09:00,6310.0,6330.0,6230.0,6300.0,4669,0.0,0.0
2023-11-08 09:00:00+09:00,6310.0,6320.0,5950.0,6240.0,15402,0.0,0.0
2023-11-08 10:00:00+09:00,6200.0,6280.0,6190.0,6280.0,4940,0.0,0.0
2023-11-08 11:00:00+09:00,6270.0,6300.0,6240.0,6290.0,2945,0.0,0.0
2023-11-08 12:00:00+09:00,6250.0,6310.0,6250.0,6300.0,3053,0.0,0.0
2023-11-08 13:00:00+09:00,6300.0,6320.0,6290.0,6310.0,2833,0.0,0.0
2023-11-08 14:00:00+09:00,6280.0,6310.0,6270.0,6300.0,2090,0.0,0.0
2023-11-09 09:00:00+09:00,6280.0,6300.0,6220.0,6290.0,5491,0.0,0.0
2023-11-09 10:00:00+09:00,6240.0,6280.0,6230.0,6280.0,3271,0.0,0.0
2023-11-09 11:00:00+09:00,6260.0,6290.0,6220.0,6290.0,3292,0.0,0.0
2023-11-09 12:00:00+09:00,6280.0,6300.0,6240.0,6290.0,3074,0.0,0.0
2023-11-09 13:00:00+09:00,6280.0,6290.0,6230.0,6270.0,3627,0.0,0.0
2023-11-09 14:00:00+09:00,6260.0,6280.0,6240.0,6280.0,3656,0.0,0.0
2023-11-10 09:00:00+09:00,6220.0,6270.0,6050.0,6160.0,16916,0.0,0.0
2023-11-10 10:00:00+09:00,6160.0,6210.0,6120.0,6210.0,3045,0.0,0.0
2023-11-10 11:00:00+09:00,6210.0,6210.0,6180.0,6210.0,2752,0.0,0.0
2023-11-10 12:00:00+09:00,6200.0,6230.0,6150.0,6230.0,3102,0.0,0.0
2023-11-10 13:00:00+09:00,6230.0,6260.0,6210.0,6250.0,7464,0.0,0.0
2023-11-10 14:00:00+09:00,6250.0,6260.0,6210.0,6220.0,1490,0.0,0.0
2023-11-13 09:00:00+09:00,6290.0,6330.0,6200.0,6270.0,0,0.0,0.0
2023-11-13 10:00:00+09:00,6270.0,6340.0,6270.0,6300.0,12369,0.0,0.0
2023-11-13 11:00:00+09:00,6300.0,6320.0,6270.0,6270.0,7424,0.0,0.0
2023-11-13 12:00:00+09:00,6270.0,6330.0,6270.0,6330.0,9691,0.0,0.0
2023-11-13 13:00:00+09:00,6330.0,6330.0,6290.0,6310.0,4608,0.0,0.0
2023-11-13 14:00:00+09:00,6320.0,6330.0,6270.0,6280.0,7229,0.0,0.0
2023-11-14 09:00:00+09:00,6250.0,6410.0,6250.0,6380.0,12635,0.0,0.0
2023-11-14 10:00:00+09:00,6390.0,6390.0,6360.0,6380.0,2654,0.0,0.0
2023-11-14 11:00:00+09:00,6380.0,6400.0,6370.0,6380.0,2498,0.0,0.0
2023-11-14 12:00:00+09:00,6390.0,6450.0,6390.0,6450.0,13058,0.0,0.0
2023-11-14 13:00:00+09:00,6440.0,6470.0,6390.0,6440.0,18439,0.0,0.0
2023-11-14 14:00:00+09:00,6440.0,6470.0,6400.0,6410.0,3781,0.0,0.0
2023-11-15 09:00:00+09:00,6450.0,6490.0,6410.0,6410.0,10238,0.0,0.0
2023-11-15 10:00:00+09:00,6420.0,6470.0,6390.0,6420.0,11946,0.0,0.0
2023-11-15 11:00:00+09:00,6380.0,6420.0,6370.0,6390.0,4333,0.0,0.0
2023-11-15 12:00:00+09:00,6390.0,6400.0,6370.0,6390.0,4094,0.0,0.0
2023-11-15 13:00:00+09:00,6390.0,6390.0,6350.0,6370.0,8682,0.0,0.0
2023-11-15 14:00:00+09:00,6350.0,6390.0,6350.0,6390.0,2887,0.0,0.0
2023-11-16 10:00:00+09:00,6310.0,6380.0,6310.0,6360.0,4400,0.0,0.0
2023-11-16 11:00:00+09:00,6360.0,6420.0,6350.0,6400.0,4905,0.0,0.0
2023-11-16 12:00:00+09:00,6400.0,6400.0,6340.0,6360.0,7653,0.0,0.0
2023-11-16 13:00:00+09:00,6360.0,6440.0,6360.0,6420.0,7644,0.0,0.0
2023-11-16 14:00:00+09:00,6420.0,6430.0,6370.0,6420.0,2662,0.0,0.0
2023-11-17 09:00:00+09:00,6440.0,6440.0,6380.0,6420.0,4271,0.0,0.0
2023-11-17 10:00:00+09:00,6420.0,6430.0,6410.0,6430.0,3884,0.0,0.0
2023-11-17 11:00:00+09:00,6430.0,6590.0,6390.0,6590.0,21928,0.0,0.0
2023-11-17 12:00:00+09:00,6570.0,6590.0,6480.0,6530.0,6657,0.0,0.0
2023-11-17 13:00:00+09:00,6530.0,6550.0,6480.0,6540.0,4228,0.0,0.0
2023-11-17 14:00:00+09:00,6540.0,6540.0,6500.0,6530.0,6521,0.0,0.0
2023-11-20 09:00:00+09:00,6530.0,6590.0,6530.0,6580.0,0,0.0,0.0
2023-11-20 10:00:00+09:00,6570.0,6600.0,6560.0,6580.0,9086,0.0,0.0
2023-11-20 11:00:00+09:00,6580.0,6590.0,6540.0,6580.0,6596,0.0,0.0
2023-11-20 12:00:00+09:00,6580.0,6590.0,6540.0,6590.0,3979,0.0,0.0
2023-11-20 13:00:00+09:00,6580.0,6580.0,6550.0,6570.0,3561,0.0,0.0
2023-11-20 14:00:00+09:00,6570.0,6600.0,6560.0,6570.0,12779,0.0,0.0
2023-11-21 09:00:00+09:00,6620.0,6650.0,6590.0,6630.0,10539,0.0,0.0
2023-11-21 10:00:00+09:00,6640.0,6640.0,6570.0,6610.0,5244,0.0,0.0
2023-11-21 11:00:00+09:00,6610.0,6640.0,6610.0,6620.0,3387,0.0,0.0
2023-11-21 12:00:00+09:00,6630.0,6640.0,6610.0,6630.0,3248,0.0,0.0
2023-11-21 13:00:00+09:00,6630.0,6640.0,6610.0,6640.0,3784,0.0,0.0
2023-11-21 14:00:00+09:00,6640.0,6640.0,6600.0,6600.0,2539,0.0,0.0
2023-11-22 09:00:00+09:00,6610.0,6670.0,6570.0,6630.0,5832,0.0,0.0
2023-11-22 10:00:00+09:00,6630.0,6640.0,6580.0,6590.0,6550,0.0,0.0
2023-11-22 11:00:00+09:00,6600.0,6630.0,6590.0,6630.0,3103,0.0,0.0
2023-11-22 12:00:00+09:00,6630.0,6640.0,6620.0,6630.0,3494,0.0,0.0
2023-11-22 13:00:00+09:00,6630.0,6750.0,6620.0,6740.0,21755,0.0,0.0
2023-11-22 14:00:00+09:00,6740.0,6760.0,6680.0,6680.0,8683,0.0,0.0
2023-11-23 09:00:00+09:00,6760.0,6800.0,6710.0,6750.0,5361,0.0,0.0
2023-11-23 10:00:00+09:00,6760.0,6810.0,6720.0,6800.0,2957,0.0,0.0
2023-11-23 11:00:00+09:00,6800.0,6820.0,6790.0,6820.0,4977,0.0,0.0
2023-11-23 12:00:00+09:00,6820.0,6840.0,6790.0,6840.0,7160,0.0,0.0
2023-11-23 13:00:00+09:00,6840.0,6850.0,6750.0,6840.0,16961,0.0,0.0
2023-11-23 14:00:00+09:00,6820.0,6850.0,6780.0,6820.0,4933,0.0,0.0
2023-11-24 09:00:00+09:00,6840.0,7000.0,6800.0,6970.0,22188,0.0,0.0
2023-11-24 10:00:00+09:00,6960.0,6970.0,6870.0,6880.0,6488,0.0,0.0
2023-11-24 11:00:00+09:00,6890.0,6940.0,6890.0,6940.0,4049,0.0,0.0
2023-11-24 12:00:00+09:00,6910.0,6940.0,6900.0,6930.0,3102,0.0,0.0
2023-11-24 13:00:00+09:00,6930.0,6940.0,6890.0,6930.0,6992,0.0,0.0
2023-11-24 14:00:00+09:00,6930.0,6940.0,6930.0,6940.0,11262,0.0,0.0
2023-11-27 09:00:00+09:00,7010.0,7010.0,6900.0,6950.0,0,0.0,0.0
2023-11-27 10:00:00+09:00,6950.0,6970.0,6910.0,6950.0,11944,0.0,0.0
2023-11-27 11:00:00+09:00,6940.0,6960.0,6900.0,6940.0,7109,0.0,0.0
2023-11-27 12:00:00+09:00,6940.0,6950.0,6850.0,6870.0,9479,0.0,0.0
2023-11-27 13:00:00+09:00,6870.0,6880.0,6840.0,6850.0,8569,0.0,0.0
2023-11-27 14:00:00+09:00,6840.0,6850.0,6750.0,6830.0,16085,0.0,0.0
2023-11-28 09:00:00+09:00,6770.0,6860.0,6760.0,6860.0,7954,0.0,0.0
2023-11-28 10:00:00+09:00,6850.0,6870.0,6800.0,6850.0,4375,0.0,0.0
2023-11-28 11:00:00+09:00,6850.0,6900.0,6850.0,6900.0,3318,0.0,0.0
2023-11-28 12:00:00+09:00,6880.0,6900.0,6840.0,6890.0,3801,0.0,0.0
2023-11-28 13:00:00+09:00,6890.0,6890.0,6830.0,6840.0,3476,0.0,0.0
2023-11-28 14:00:00+09:00,6840.0,6860.0,6810.0,6840.0,5726,0.0,0.0
2023-11-29 09:00:00+09:00,6780.0,6850.0,6760.0,6830.0,3195,0.0,0.0
2023-11-29 10:00:00+09:00,6820.0,6850.0,6760.0,6820.0,3096,0.0,0.0
2023-11-29 11:00:00+09:00,6820.0,6830.0,6770.0,6830.0,8259,0.0,0.0
2023-11-29 12:00:00+09:00,6820.0,6820.0,6770.0,6820.0,2855,0.0,0.0
2023-11-29 13:00:00+09:00,6820.0,6840.0,6780.0,6830.0,5778,0.0,0.0
2023-11-29 14:00:00+09:00,6820.0,6830.0,6790.0,6810.0,6213,0.0,0.0
2023-11-30 09:00:00+09:00,6830.0,6840.0,6780.0,6830.0,5088,0.0,0.0
2023-11-30 10:00:00+09:00,6820.0,6850.0,6790.0,6850.0,5305,0.0,0.0
2023-11-30 11:00:00+09:00,6830.0,6840.0,6800.0,6840.0,2761,0.0,0.0
2023-11-30 12:00:00+09:00,6840.0,6850.0,6810.0,6850.0,3252,0.0,0.0
2023-11-30 13:00:00+09:00,6830.0,6850.0,6820.0,6850.0,2893,0.0,0.0
2023-11-30 14:00:00+09:00,6850.0,6860.0,6830.0,6840.0,3931,0.0,0.0
2023-12-01 09:00:00+09:00,6850.0,6890.0,6820.0,6880.0,5310,0.0,0.0
2023-12-01 10:00:00+09:00,6870.0,6880.0,6810.0,6870.0,5710,0.0,0.0
2023-12-01 11:00:00+09:00,6870.0,6880.0,6870.0,6880.0,3234,0.0,0.0
2023-12-01 12:00:00+09:00,6880.0,6890.0,6850.0,6860.0,4047,0.0,0.0
2023-12-01 13:00:00+09:00,6850.0,6990.0,6840.0,6980.0,28627,0.0,0.0
2023-12-01 14:00:00+09:00,6980.0,6980.0,6930.0,6980.0,13083,0.0,0.0
2023-12-04 09:00:00+09:00,6980.0,7020.0,6940.0,6990.0,0,0.0,0.0
2023-12-04 10:00:00+09:00,6990.0,6990.0,6910.0,6920.0,11431,0.0,0.0
2023-12-04 11:00:00+09:00,6950.0,6960.0,6900.0,6950.0,5371,0.0,0.0
2023-12-04 12:00:00+09:00,6900.0,6950.0,6890.0,6930.0,3203,0.0,0.0
2023-12-04 13:00:00+09:00,6930.0,6960.0,6910.0,6950.0,6357,0.0,0.0
2023-12-04 14:00:00+09:00,6950.0,6960.0,6890.0,6920.0,6973,0.0,0.0
2023-12-05 09:00:00+09:00,6910.0,6940.0,6800.0,6800.0,10126,0.0,0.0
2023-12-05 10:00:00+09:00,6800.0,6830.0,6720.0,6760.0,11872,0.0,0.0
2023-12-05 11:00:00+09:00,6760.0,6770.0,6700.0,6740.0,7238,0.0,0.0
2023-12-05 12:00:00+09:00,6770.0,6770.0,6670.0,6770.0,10816,0.0,0.0
2023-12-05 13:00:00+09:00,6770.0,6770.0,6670.0,6740.0,6335,0.0,0.0
2023-12-05 14:00:00+09:00,6740.0,6770.0,6700.0,6770.0,4408,0.0,0.0
2023-12-06 09:00:00+09:00,6730.0,6760.0,6650.0,6710.0,3810,0.0,0.0
2023-12-06 10:00:00+09:00,6660.0,6720.0,6650.0,6710.0,4700,0.0,0.0
2023-12-06 11:00:00+09:00,6710.0,6720.0,6640.0,6710.0,6104,0.0,0.0
2023-12-06 12:00:00+09:00,6710.0,6730.0,6660.0,6730.0,3517,0.0,0.0
2023-12-06 13:00:00+09:00,6720.0,6740.0,6680.0,6730.0,2789,0.0,0.0
2023-12-06 14:00:00+09:00,6730.0,6740.0,6640.0,6690.0,8631,0.0,0.0
2023-12-07 09:00:00+09:00,6720.0,6760.0,6620.0,6760.0,15663,0.0,0.0
2023-12-07 10:00:00+09:00,6760.0,6890.0,6750.0,6860.0,14708,0.0,0.0
2023-12-07 11:00:00+09:00,6860.0,6860.0,6770.0,6820.0,6418,0.0,0.0
2023-12-07 12:00:00+09:00,6820.0,6950.0,6800.0,6920.0,37336,0.0,0.0
2023-12-07 13:00:00+09:00,6920.0,6990.0,6880.0,6970.0,17163,0.0,0.0
2023-12-07 14:00:00+09:00,6970.0,6990.0,6940.0,6950.0,5006,0.0,0.0
2023-12-08 09:00:00+09:00,6880.0,6980.0,6820.0,6910.0,7697,0.0,0.0
2023-12-08 10:00:00+09:00,6900.0,6940.0,6860.0,6910.0,8554,0.0,0.0
2023-12-08 11:00:00+09:00,6890.0,6900.0,6850.0,6890.0,6757,0.0,0.0
2023-12-08 12:00:00+09:00,6860.0,6890.0,6830.0,6880.0,9682,0.0,0.0
2023-12-08 13:00:00+09:00,6870.0,6900.0,6840.0,6900.0,4832,0.0,0.0
2023-12-08 14:00:00+09:00,6890.0,6900.0,6880.0,6890.0,8135,0.0,0.0
2023-12-11 09:00:00+09:00,6930.0,6930.0,6750.0,6910.0,0,0.0,0.0
2023-12-11 10:00:00+09:00,6890.0,6920.0,6870.0,6900.0,9493,0.0,0.0
2023-12-11 11:00:00+09:00,6900.0,6910.0,6880.0,6900.0,14439,0.0,0.0
2023-12-11 12:00:00+09:00,6880.0,6910.0,6840.0,6870.0,4662,0.0,0.0
2023-12-11 13:00:00+09:00,6890.0,6910.0,6850.0,6910.0,3320,0.0,0.0
2023-12-11 14:00:00+09:00,6910.0,6910.0,6850.0,6900.0,4297,0.0,0.0
2023-12-12 09:00:00+09:00,6880.0,6930.0,6840.0,6910.0,4352,0.0,0.0
2023-12-12 10:00:00+09:00,6890.0,6920.0,6880.0,6920.0,4028,0.0,0.0
2023-12-12 11:00:00+09:00,6920.0,6970.0,6910.0,6950.0,7519,0.0,0.0
2023-12-12 12:00:00+09:00,6950.0,6950.0,6930.0,6950.0,4462,0.0,0.0
2023-12-12 13:00:00+09:00,6940.0,6990.0,6920.0,6960.0,18268,0.0,0.0
2023-12-12 14:00:00+09:00,6940.0,6970.0,6940.0,6950.0,3864,0.0,0.0
2023-12-13 09:00:00+09:00,6950.0,6990.0,6900.0,6960.0,8071,0.0,0.0
2023-12-13 10:00:00+09:00,6940.0,6960.0,6900.0,6930.0,3072,0.0,0.0
2023-12-13 11:00:00+09:00,6930.0,6950.0,6910.0,6950.0,3047,0.0,0.0
2023-12-13 12:00:00+09:00,6930.0,6950.0,6920.0,6930.0,3646,0.0,0.0
2023-12-13 13:00:00+09:00,6940.0,6950.0,6920.0,6930.0,3713,0.0,0.0
2023-12-13 14:00:00+09:00,6930.0,6950.0,6900.0,6930.0,4298,0.0,0.0
2023-12-14 09:00:00+09:00,6770.0,6850.0,6770.0,6820.0,9305,0.0,0.0
2023-12-14 10:00:00+09:00,6820.0,6850.0,6760.0,6830.0,10211,0.0,0.0
2023-12-14 11:00:00+09:00,6830.0,6840.0,6780.0,6840.0,3954,0.0,0.0
2023-12-14 12:00:00+09:00,6840.0,6840.0,6770.0,6780.0,5938,0.0,0.0
2023-12-14 13:00:00+09:00,6770.0,6820.0,6770.0,6820.0,6702,0.0,0.0
2023-12-14 14:00:00+09:00,6820.0,7050.0,6480.0,6650.0,169230,0.0,0.0
2023-12-15 09:00:00+09:00,6600.0,6700.0,6580.0,6640.0,11103,0.0,0.0
2023-12-15 10:00:00+09:00,6640.0,6660.0,6560.0,6640.0,6844,0.0,0.0
2023-12-15 11:00:00+09:00,6650.0,6680.0,6650.0,6680.0,2928,0.0,0.0
2023-12-15 12:00:00+09:00,6690.0,6760.0,6670.0,6710.0,13696,0.0,0.0
2023-12-15 13:00:00+09:00,6710.0,6790.0,6710.0,6750.0,6731,0.0,0.0
2023-12-15 14:00:00+09:00,6780.0,6800.0,6720.0,6780.0,4360,0.0,0.0
2023-12-18 09:00:00+09:00,6710.0,6870.0,6710.0,6800.0,0,0.0,0.0
2023-12-18 10:00:00+09:00,6800.0,6840.0,6740.0,6840.0,6423,0.0,0.0
2023-12-18 11:00:00+09:00,6820.0,6840.0,6770.0,6840.0,3368,0.0,0.0
2023-12-18 12:00:00+09:00,6840.0,6850.0,6800.0,6850.0,2717,0.0,0.0
2023-12-18 13:00:00+09:00,6840.0,6860.0,6820.0,6850.0,3300,0.0,0.0
2023-12-18 14:00:00+09:00,6850.0,6870.0,6810.0,6870.0,2844,0.0,0.0
2023-12-19 09:00:00+09:00,6880.0,6880.0,6770.0,6800.0,6062,0.0,0.0
2023-12-19 10:00:00+09:00,6800.0,6830.0,6780.0,6790.0,3572,0.0,0.0
2023-12-19 11:00:00+09:00,6800.0,6800.0,6220.0,6460.0,91401,0.0,0.0
2023-12-19 12:00:00+09:00,6460.0,6590.0,6390.0,6460.0,12667,0.0,0.0
2023-12-19 13:00:00+09:00,6460.0,6510.0,6450.0,6470.0,6764,0.0,0.0
2023-12-19 14:00:00+09:00,6460.0,6490.0,6410.0,6440.0,14573,0.0,0.0
2023-12-20 09:00:00+09:00,6450.0,6500.0,6400.0,6500.0,8759,0.0,0.0
2023-12-20 10:00:00+09:00,6480.0,6610.0,6480.0,6590.0,8861,0.0,0.0
2023-12-20 11:00:00+09:00,6590.0,6590.0,6520.0,6550.0,5717,0.0,0.0
2023-12-20 12:00:00+09:00,6540.0,6620.0,6540.0,6620.0,4235,0.0,0.0
2023-12-20 13:00:00+09:00,6620.0,6640.0,6610.0,6640.0,3949,0.0,0.0
2023-12-20 14:00:00+09:00,6620.0,6620.0,6520.0,6550.0,3960,0.0,0.0
2023-12-21 09:00:00+09:00,6550.0,6630.0,6520.0,6600.0,4447,0.0,0.0
2023-12-21 10:00:00+09:00,6590.0,6610.0,6510.0,6590.0,3532,0.0,0.0
2023-12-21 11:00:00+09:00,6590.0,6600.0,6550.0,6590.0,2754,0.0,0.0
2023-12-21 12:00:00+09:00,6590.0,6620.0,6590.0,6600.0,2881,0.0,0.0
2023-12-21 13:00:00+09:00,6600.0,6620.0,6600.0,6610.0,3609,0.0,0.0
2023-12-21 14:00:00+09:00,6620.0,6640.0,6590.0,6590.0,6795,0.0,0.0
2023-12-22 09:00:00+09:00,6530.0,6590.0,6510.0,6520.0,5771,0.0,0.0
2023-12-22 10:00:00+09:00,6550.0,6550.0,6460.0,6490.0,2547,0.0,0.0
2023-12-22 11:00:00+09:00,6490.0,6530.0,6480.0,6500.0,6704,0.0,0.0
2023-12-22 12:00:00+09:00,6500.0,6520.0,6500.0,6520.0,1687,0.0,0.0
2023-12-22 13:00:00+09:00,6520.0,6530.0,6520.0,6530.0,1068,0.0,0.0
2023-12-22 14:00:00+09:00,6530.0,6530.0,6490.0,6500.0,3460,0.0,0.0
2023-12-26 09:00:00+09:00,6520.0,6520.0,6260.0,6510.0,0,0.0,0.0
2023-12-26 10:00:00+09:00,6450.0,6480.0,6410.0,6430.0,525,0.0,0.0
2023-12-26 11:00:00+09:00,6430.0,6430.0,6380.0,6410.0,1402,0.0,0.0
2023-12-26 12:00:00+09:00,6410.0,6520.0,6400.0,6520.0,5302,0.0,0.0
2023-12-26 13:00:00+09:00,6510.0,6590.0,6510.0,6580.0,7150,0.0,0.0
2023-12-26 14:00:00+09:00,6580.0,6770.0,6570.0,6760.0,18905,0.0,0.0
2023-12-27 09:00:00+09:00,6800.0,6880.0,6700.0,6820.0,22233,0.0,0.0
2023-12-27 10:00:00+09:00,6790.0,6800.0,6760.0,6780.0,8099,0.0,0.0
2023-12-27 11:00:00+09:00,6780.0,6780.0,6710.0,6780.0,9932,0.0,0.0
2023-12-27 12:00:00+09:00,6730.0,6780.0,6730.0,6740.0,0,0.0,0.0
2023-12-27 13:00:00+09:00,6760.0,6770.0,6720.0,6770.0,535,0.0,0.0
2023-12-27 14:00:00+09:00,6770.0,6770.0,6720.0,6720.0,2908,0.0,0.0
2023-12-28 09:00:00+09:00,6680.0,6740.0,6650.0,6690.0,6210,0.0,0.0
2023-12-28 10:00:00+09:00,6690.0,6690.0,6580.0,6650.0,3744,0.0,0.0
2023-12-28 11:00:00+09:00,6650.0,6650.0,6610.0,6620.0,1992,0.0,0.0
2023-12-28 12:00:00+09:00,6620.0,6650.0,6610.0,6650.0,1627,0.0,0.0
2023-12-28 13:00:00+09:00,6610.0,6630.0,6580.0,6580.0,6149,0.0,0.0
2023-12-28 14:00:00+09:00,6580.0,6590.0,6510.0,6580.0,8809,0.0,0.0
2024-01-02 10:00:00+09:00,6570.0,6610.0,6480.0,6490.0,5827,0.0,0.0
2024-01-02 11:00:00+09:00,6490.0,6570.0,6470.0,6560.0,1658,0.0,0.0
2024-01-02 12:00:00+09:00,6530.0,6560.0,6390.0,6470.0,7440,0.0,0.0
2024-01-02 13:00:00+09:00,6470.0,6490.0,6460.0,6490.0,1826,0.0,0.0
2024-01-02 14:00:00+09:00,6480.0,6540.0,6460.0,6540.0,5616,0.0,0.0
2024-01-03 09:00:00+09:00,6440.0,6540.0,6440.0,6500.0,3027,0.0,0.0
2024-01-03 10:00:00+09:00,6460.0,6510.0,6440.0,6480.0,763,0.0,0.0
2024-01-03 11:00:00+09:00,6450.0,6510.0,6450.0,6500.0,775,0.0,0.0
2024-01-03 12:00:00+09:00,6500.0,6510.0,6490.0,6510.0,69,0.0,0.0
2024-01-03 13:00:00+09:00,6500.0,6510.0,6470.0,6500.0,75,0.0,0.0
2024-01-03 14:00:00+09:00,6470.0,6500.0,6450.0,6490.0,7985,0.0,0.0
2024-01-04 09:00:00+09:00,6480.0,6510.0,6450.0,6480.0,2703,0.0,0.0
2024-01-04 10:00:00+09:00,6460.0,6480.0,6330.0,6440.0,1636,0.0,0.0
2024-01-04 11:00:00+09:00,6440.0,6510.0,6410.0,6500.0,4075,0.0,0.0
2024-01-04 12:00:00+09:00,6500.0,6520.0,6490.0,6520.0,1472,0.0,0.0
2024-01-04 13:00:00+09:00,6520.0,6540.0,6500.0,6510.0,2102,0.0,0.0
2024-01-04 14:00:00+09:00,6500.0,6510.0,6490.0,6510.0,3271,0.0,0.0
2024-01-05 09:00:00+09:00,6510.0,6510.0,6450.0,6490.0,712,0.0,0.0
2024-01-05 10:00:00+09:00,6480.0,6490.0,6450.0,6490.0,3791,0.0,0.0
2024-01-05 11:00:00+09:00,6480.0,6490.0,6430.0,6490.0,43,0.0,0.0
2024-01-05 12:00:00+09:00,6480.0,6490.0,6430.0,6480.0,2032,0.0,0.0
2024-01-05 13:00:00+09:00,6470.0,6480.0,6420.0,6470.0,3555,0.0,0.0
2024-01-05 14:00:00+09:00,6440.0,6470.0,6410.0,6460.0,4477,0.0,0.0
2024-01-08 09:00:00+09:00,6450.0,6450.0,6350.0,6430.0,0,0.0,0.0
2024-01-08 10:00:00+09:00,6440.0,6440.0,6380.0,6390.0,832,0.0,0.0
2024-01-08 11:00:00+09:00,6390.0,6420.0,6350.0,6400.0,2133,0.0,0.0
2024-01-08 12:00:00+09:00,6400.0,6400.0,6250.0,6310.0,9169,0.0,0.0
2024-01-08 13:00:00+09:00,6310.0,6320.0,6190.0,6300.0,15933,0.0,0.0
2024-01-08 14:00:00+09:00,6270.0,6300.0,6220.0,6240.0,3927,0.0,0.0
2024-01-09 09:00:00+09:00,6210.0,6230.0,6120.0,6190.0,4344,0.0,0.0
2024-01-09 10:00:00+09:00,6190.0,6260.0,6180.0,6220.0,1627,0.0,0.0
2024-01-09 11:00:00+09:00,6220.0,6250.0,6210.0,6240.0,1131,0.0,0.0
2024-01-09 12:00:00+09:00,6240.0,6240.0,6140.0,6190.0,6089,0.0,0.0
2024-01-09 13:00:00+09:00,6180.0,6210.0,6160.0,6210.0,361,0.0,0.0
2024-01-09 14:00:00+09:00,6190.0,6240.0,6170.0,6220.0,2572,0.0,0.0
2024-01-10 09:00:00+09:00,6230.0,6330.0,6210.0,6270.0,1684,0.0,0.0
2024-01-10 10:00:00+09:00,6220.0,6220.0,6170.0,6210.0,2817,0.0,0.0
2024-01-10 11:00:00+09:00,6210.0,6210.0,6140.0,6170.0,2072,0.0,0.0
2024-01-10 12:00:00+09:00,6140.0,6170.0,6120.0,6170.0,1222,0.0,0.0
2024-01-10 13:00:00+09:00,6160.0,6190.0,6130.0,6190.0,2599,0.0,0.0
2024-01-10 14:00:00+09:00,6190.0,6190.0,6130.0,6180.0,2208,0.0,0.0
2024-01-11 09:00:00+09:00,6190.0,6210.0,6120.0,6190.0,3781,0.0,0.0
2024-01-11 10:00:00+09:00,6190.0,6190.0,6150.0,6170.0,2240,0.0,0.0
2024-01-11 11:00:00+09:00,6180.0,6210.0,6100.0,6190.0,9143,0.0,0.0
2024-01-11 12:00:00+09:00,6180.0,6190.0,6150.0,6190.0,802,0.0,0.0
2024-01-11 13:00:00+09:00,6180.0,6180.0,6150.0,6180.0,542,0.0,0.0
2024-01-11 14:00:00+09:00,6170.0,6180.0,6120.0,6130.0,3158,0.0,0.0
2024-01-12 09:00:00+09:00,6170.0,6280.0,6120.0,6150.0,2479,0.0,0.0
2024-01-12 10:00:00+09:00,6110.0,6140.0,6110.0,6140.0,544,0.0,0.0
2024-01-12 11:00:00+09:00,6130.0,6150.0,6070.0,6140.0,4040,0.0,0.0
2024-01-12 12:00:00+09:00,6100.0,6140.0,6090.0,6120.0,854,0.0,0.0
2024-01-12 13:00:00+09:00,6100.0,6130.0,6070.0,6120.0,3100,0.0,0.0
2024-01-12 14:00:00+09:00,6070.0,6120.0,6050.0,6120.0,842,0.0,0.0
2024-01-15 09:00:00+09:00,6000.0,6100.0,6000.0,6100.0,0,0.0,0.0
2024-01-15 10:00:00+09:00,6100.0,6160.0,6020.0,6020.0,2716,0.0,0.0
2024-01-15 11:00:00+09:00,6020.0,6090.0,6010.0,6090.0,4607,0.0,0.0
2024-01-15 12:00:00+09:00,6080.0,6090.0,6070.0,6070.0,453,0.0,0.0
2024-01-15 13:00:00+09:00,6060.0,6060.0,6030.0,6050.0,238,0.0,0.0
2024-01-15 14:00:00+09:00,6050.0,6060.0,6030.0,6060.0,1240,0.0,0.0
2024-01-16 09:00:00+09:00,6010.0,6080.0,5990.0,6030.0,5363,0.0,0.0
2024-01-16 10:00:00+09:00,6030.0,6070.0,6000.0,6060.0,1199,0.0,0.0
2024-01-16 11:00:00+09:00,6060.0,6070.0,6000.0,6030.0,438,0.0,0.0
2024-01-16 12:00:00+09:00,6010.0,6050.0,6000.0,6040.0,505,0.0,0.0
2024-01-16 13:00:00+09:00,6040.0,6040.0,5990.0,6030.0,1539,0.0,0.0
2024-01-16 14:00:00+09:00,6020.0,6030.0,5980.0,6030.0,489,0.0,0.0
2024-01-17 09:00:00+09:00,5970.0,5990.0,5870.0,5950.0,5099,0.0,0.0
2024-01-17 10:00:00+09:00,5900.0,5990.0,5890.0,5990.0,1740,0.0,0.0
2024-01-17 11:00:00+09:00,5930.0,5970.0,5890.0,5950.0,504,0.0,0.0
2024-01-17 12:00:00+09:00,5900.0,5960.0,5850.0,5950.0,4129,0.0,0.0
2024-01-17 13:00:00+09:00,5880.0,5920.0,5830.0,5900.0,2267,0.0,0.0
2024-01-17 14:00:00+09:00,5850.0,5910.0,5810.0,5890.0,3177,0.0,0.0
2024-01-18 09:00:00+09:00,5900.0,5920.0,5850.0,5890.0,1960,0.0,0.0
2024-01-18 10:00:00+09:00,5880.0,5950.0,5850.0,5930.0,5458,0.0,0.0
2024-01-18 11:00:00+09:00,5950.0,5960.0,5900.0,5950.0,1882,0.0,0.0
2024-01-18 12:00:00+09:00,5900.0,5960.0,5890.0,5950.0,713,0.0,0.0
2024-01-18 13:00:00+09:00,5940.0,5950.0,5830.0,5830.0,4878,0.0,0.0
2024-01-18 14:00:00+09:00,5880.0,5900.0,5850.0,5900.0,458,0.0,0.0
2024-01-19 09:00:00+09:00,5960.0,6010.0,5910.0,5970.0,1382,0.0,0.0
2024-01-19 10:00:00+09:00,5960.0,5990.0,5920.0,5960.0,1106,0.0,0.0
2024-01-19 11:00:00+09:00,5950.0,5960.0,5920.0,5960.0,1930,0.0,0.0
2024-01-19 12:00:00+09:00,5920.0,6000.0,5920.0,6000.0,895,0.0,0.0
2024-01-19 13:00:00+09:00,6000.0,6030.0,5990.0,5990.0,2304,0.0,0.0
2024-01-19 14:00:00+09:00,6000.0,6000.0,5950.0,5950.0,228,0.0,0.0
2024-01-22 09:00:00+09:00,6010.0,6140.0,6010.0,6070.0,0,0.0,0.0
2024-01-22 10:00:00+09:00,6080.0,6080.0,6010.0,6030.0,2655,0.0,0.0
2024-01-22 11:00:00+09:00,6020.0,6040.0,6020.0,6040.0,777,0.0,0.0
2024-01-22 12:00:00+09:00,6040.0,6040.0,6020.0,6040.0,1267,0.0,0.0
2024-01-22 13:00:00+09:00,6040.0,6070.0,6040.0,6060.0,1149,0.0,0.0
2024-01-22 14:00:00+09:00,6040.0,6060.0,6000.0,6060.0,1681,0.0,0.0
2024-01-23 09:00:00+09:00,6050.0,6080.0,6030.0,6080.0,878,0.0,0.0
2024-01-23 10:00:00+09:00,6060.0,6080.0,6020.0,6050.0,1453,0.0,0.0
2024-01-23 11:00:00+09:00,6050.0,6100.0,6050.0,6100.0,910,0.0,0.0
2024-01-23 12:00:00+09:00,6090.0,6090.0,6040.0,6060.0,763,0.0,0.0
2024-01-23 13:00:00+09:00,6040.0,6060.0,6010.0,6040.0,2754,0.0,0.0
2024-01-23 14:00:00+09:00,6040.0,6050.0,6000.0,6030.0,4516,0.0,0.0
2024-01-24 09:00:00+09:00,6040.0,6100.0,6000.0,6020.0,851,0.0,0.0
2024-01-24 10:00:00+09:00,6020.0,6030.0,5960.0,6000.0,787,0.0,0.0
2024-01-24 11:00:00+09:00,6000.0,6010.0,5970.0,6010.0,1246,0.0,0.0
2024-01-24 12:00:00+09:00,6010.0,6020.0,6010.0,6020.0,150,0.0,0.0
2024-01-24 13:00:00+09:00,6010.0,6020.0,6010.0,6020.0,27,0.0,0.0
2024-01-24 14:00:00+09:00,6000.0,6020.0,5940.0,6000.0,3543,0.0,0.0
2024-01-25 09:00:00+09:00,5990.0,5990.0,5840.0,5880.0,7874,0.0,0.0
2024-01-25 10:00:00+09:00,5830.0,5860.0,5800.0,5840.0,6918,0.0,0.0
2024-01-25 11:00:00+09:00,5840.0,5860.0,5770.0,5830.0,3753,0.0,0.0
2024-01-25 12:00:00+09:00,5810.0,5830.0,5790.0,5830.0,1047,0.0,0.0
2024-01-25 13:00:00+09:00,5830.0,5860.0,5810.0,5860.0,1943,0.0,0.0
2024-01-25 14:00:00+09:00,5860.0,5870.0,5830.0,5860.0,1753,0.0,0.0
2024-01-26 09:00:00+09:00,5840.0,5930.0,5810.0,5930.0,1547,0.0,0.0
2024-01-26 10:00:00+09:00,5930.0,5930.0,5920.0,5920.0,42,0.0,0.0
2024-01-26 11:00:00+09:00,5890.0,5910.0,5830.0,5900.0,2006,0.0,0.0
2024-01-26 12:00:00+09:00,5860.0,5940.0,5860.0,5870.0,1043,0.0,0.0
2024-01-26 13:00:00+09:00,5930.0,5940.0,5930.0,5930.0,0,0.0,0.0
2024-01-26 14:00:00+09:00,5910.0,5910.0,5840.0,5860.0,443,0.0,0.0
2024-01-29 09:00:00+09:00,5910.0,5920.0,5860.0,5910.0,0,0.0,0.0
2024-01-29 10:00:00+09:00,5880.0,5890.0,5810.0,5870.0,3577,0.0,0.0
2024-01-29 11:00:00+09:00,5850.0,5900.0,5840.0,5900.0,5085,0.0,0.0
2024-01-29 12:00:00+09:00,5900.0,5900.0,5830.0,5900.0,7552,0.0,0.0
2024-01-29 13:00:00+09:00,5900.0,5910.0,5890.0,5900.0,2088,0.0,0.0
2024-01-29 14:00:00+09:00,5900.0,5910.0,5870.0,5900.0,100,0.0,0.0
2024-01-30 09:00:00+09:00,5910.0,5990.0,5890.0,5950.0,2652,0.0,0.0
2024-01-30 10:00:00+09:00,5940.0,5960.0,5900.0,5950.0,2403,0.0,0.0
2024-01-30 11:00:00+09:00,5900.0,5940.0,5890.0,5910.0,177,0.0,0.0
2024-01-30 12:00:00+09:00,5880.0,5910.0,5850.0,5850.0,2609,0.0,0.0
2024-01-30 13:00:00+09:00,5870.0,5900.0,5870.0,5900.0,0,0.0,0.0
2024-01-30 14:00:00+09:00,5860.0,5900.0,5850.0,5890.0,5437,0.0,0.0
2024-01-31 09:00:00+09:00,5910.0,5910.0,5850.0,5910.0,0,0.0,0.0
2024-01-31 10:00:00+09:00,5900.0,5910.0,5820.0,5830.0,10220,0.0,0.0
2024-01-31 11:00:00+09:00,5830.0,5870.0,5810.0,5810.0,3866,0.0,0.0
2024-01-31 12:00:00+09:00,5840.0,5850.0,5810.0,5850.0,576,0.0,0.0
2024-01-31 13:00:00+09:00,5850.0,5850.0,5810.0,5850.0,2183,0.0,0.0
2024-01-31 14:00:00+09:00,5830.0,5840.0,5790.0,5830.0,1096,0.0,0.0
2024-02-01 09:00:00+09:00,5850.0,5850.0,5560.0,5830.0,8776,0.0,0.0
2024-02-01 10:00:00+09:00,5840.0,5850.0,5680.0,5740.0,13725,0.0,0.0
2024-02-01 11:00:00+09:00,5740.0,5750.0,5720.0,5750.0,1571,0.0,0.0
2024-02-01 12:00:00+09:00,5750.0,5770.0,5740.0,5770.0,892,0.0,0.0
2024-02-01 13:00:00+09:00,5770.0,5790.0,5770.0,5790.0,390,0.0,0.0
2024-02-01 14:00:00+09:00,5790.0,5790.0,5760.0,5790.0,2281,0.0,0.0
2024-02-02 09:00:00+09:00,5800.0,5840.0,5760.0,5840.0,861,0.0,0.0
2024-02-02 10:00:00+09:00,5790.0,5840.0,5750.0,5840.0,7905,0.0,0.0
2024-02-02 11:00:00+09:00,5810.0,5830.0,5750.0,5800.0,4157,0.0,0.0
2024-02-02 12:00:00+09:00,5800.0,5830.0,5790.0,5820.0,751,0.0,0.0
2024-02-02 13:00:00+09:00,5820.0,5820.0,5800.0,5810.0,1008,0.0,0.0
2024-02-02 14:00:00+09:00,5800.0,5880.0,5790.0,5870.0,4108,0.0,0.0
2024-02-05 09:00:00+09:00,5900.0,5910.0,5850.0,5870.0,0,0.0,0.0
2024-02-05 10:00:00+09:00,5870.0,5870.0,5850.0,5850.0,1610,0.0,0.0
2024-02-05 11:00:00+09:00,5840.0,5850.0,5820.0,5840.0,1915,0.0,0.0
2024-02-05 12:00:00+09:00,5840.0,5840.0,5800.0,5820.0,2665,0.0,0.0
2024-02-05 13:00:00+09:00,5820.0,5840.0,5800.0,5830.0,1386,0.0,0.0
2024-02-05 14:00:00+09:00,5810.0,5840.0,5750.0,5780.0,12075,0.0,0.0
2024-02-06 09:00:00+09:00,5780.0,5780.0,5720.0,5760.0,2438,0.0,0.0
2024-02-06 10:00:00+09:00,5760.0,5780.0,5730.0,5730.0,1011,0.0,0.0
2024-02-06 11:00:00+09:00,5770.0,5780.0,5750.0,5770.0,165,0.0,0.0
2024-02-06 12:00:00+09:00,5750.0,5780.0,5730.0,5760.0,496,0.0,0.0
2024-02-06 13:00:00+09:00,5760.0,5770.0,5710.0,5770.0,1917,0.0,0.0
2024-02-06 14:00:00+09:00,5770.0,5770.0,5680.0,5710.0,8288,0.0,0.0
2024-02-07 09:00:00+09:00,5750.0,5750.0,5600.0,5710.0,12024,0.0,0.0
2024-02-07 10:00:00+09:00,5710.0,5830.0,5680.0,5810.0,6247,0.0,0.0
2024-02-07 11:00:00+09:00,5810.0,5850.0,5780.0,5830.0,3683,0.0,0.0
2024-02-07 12:00:00+09:00,5820.0,5850.0,5810.0,5840.0,5108,0.0,0.0
2024-02-07 13:00:00+09:00,5840.0,5850.0,5790.0,5840.0,579,0.0,0.0
2024-02-07 14:00:00+09:00,5840.0,5850.0,5820.0,5840.0,1737,0.0,0.0
2024-02-08 09:00:00+09:00,5800.0,5870.0,5800.0,5810.0,2773,0.0,0.0
2024-02-08 10:00:00+09:00,5810.0,5850.0,5750.0,5840.0,4183,0.0,0.0
2024-02-08 11:00:00+09:00,5840.0,5850.0,5830.0,5850.0,2068,0.0,0.0
2024-02-08 12:00:00+09:00,5840.0,5860.0,5840.0,5850.0,1233,0.0,0.0
2024-02-08 13:00:00+09:00,5850.0,5860.0,5840.0,5860.0,528,0.0,0.0
2024-02-08 14:00:00+09:00,5840.0,5860.0,5830.0,5840.0,7131,0.0,0.0
2024-02-13 09:00:00+09:00,5850.0,5910.0,5850.0,5910.0,0,0.0,0.0
2024-02-13 10:00:00+09:00,5880.0,5910.0,5870.0,5880.0,2229,0.0,0.0
2024-02-13 11:00:00+09:00,5880.0,5880.0,5870.0,5880.0,123,0.0,0.0
2024-02-13 12:00:00+09:00,5880.0,5900.0,5870.0,5900.0,500,0.0,0.0
2024-02-13 13:00:00+09:00,5900.0,5900.0,5880.0,5880.0,518,0.0,0.0
2024-02-13 14:00:00+09:00,5870.0,5890.0,5850.0,5870.0,2292,0.0,0.0
2024-02-14 09:00:00+09:00,5870.0,5900.0,5850.0,5870.0,1495,0.0,0.0
2024-02-14 10:00:00+09:00,5870.0,5920.0,5870.0,5920.0,610,0.0,0.0
2024-02-14 11:00:00+09:00,5920.0,5920.0,5900.0,5920.0,1308,0.0,0.0
2024-02-14 12:00:00+09:00,5920.0,5940.0,5900.0,5940.0,2066,0.0,0.0
2024-02-14 13:00:00+09:00,5940.0,5960.0,5900.0,5920.0,1614,0.0,0.0
2024-02-14 14:00:00+09:00,5920.0,5930.0,5920.0,5930.0,1021,0.0,0.0
2024-02-15 09:00:00+09:00,5930.0,5970.0,5890.0,5920.0,1336,0.0,0.0
2024-02-15 10:00:00+09:00,5900.0,5970.0,5860.0,5970.0,2254,0.0,0.0
2024-02-15 11:00:00+09:00,5960.0,5970.0,5960.0,5970.0,54,0.0,0.0
2024-02-15 12:00:00+09:00,5960.0,5960.0,5960.0,5960.0,548,0.0,0.0
2024-02-15 13:00:00+09:00,5950.0,5970.0,5940.0,5950.0,701,0.0,0.0
2024-02-15 14:00:00+09:00,5940.0,5950.0,5910.0,5940.0,775,0.0,0.0
2024-02-16 09:00:00+09:00,5970.0,5980.0,5920.0,5930.0,1994,0.0,0.0
2024-02-16 10:00:00+09:00,5930.0,5930.0,5920.0,5930.0,1013,0.0,0.0
2024-02-16 11:00:00+09:00,5940.0,5960.0,5920.0,5950.0,249,0.0,0.0
2024-02-16 12:00:00+09:00,5940.0,5970.0,5940.0,5960.0,2336,0.0,0.0
2024-02-16 13:00:00+09:00,5960.0,5970.0,5950.0,5960.0,656,0.0,0.0
2024-02-16 14:00:00+09:00,5960.0,5970.0,5950.0,5960.0,1183,0.0,0.0
2024-02-19 09:00:00+09:00,5980.0,6000.0,5970.0,5990.0,0,0.0,0.0
2024-02-19 10:00:00+09:00,5990.0,5990.0,5970.0,5970.0,550,0.0,0.0
2024-02-19 11:00:00+09:00,5970.0,5990.0,5960.0,5990.0,1503,0.0,0.0
2024-02-19 12:00:00+09:00,5980.0,5990.0,5970.0,5990.0,1140,0.0,0.0
2024-02-19 13:00:00+09:00,5970.0,5970.0,5950.0,5950.0,0,0.0,0.0
2024-02-19 14:00:00+09:00,5960.0,6010.0,5940.0,6010.0,11499,0.0,0.0
2024-02-20 09:00:00+09:00,6000.0,6000.0,5950.0,5980.0,548,0.0,0.0
2024-02-20 10:00:00+09:00,5950.0,5980.0,5940.0,5980.0,1512,0.0,0.0
2024-02-20 11:00:00+09:00,5970.0,5980.0,5900.0,5910.0,1464,0.0,0.0
2024-02-20 12:00:00+09:00,5900.0,5940.0,5900.0,5940.0,935,0.0,0.0
2024-02-20 13:00:00+09:00,5920.0,5940.0,5900.0,5910.0,651,0.0,0.0
2024-02-20 14:00:00+09:00,5920.0,5930.0,5910.0,5930.0,437,0.0,0.0
2024-02-21 09:00:00+09:00,5930.0,5940.0,5840.0,5940.0,4288,0.0,0.0
2024-02-21 10:00:00+09:00,5920.0,5940.0,5850.0,5890.0,3716,0.0,0.0
2024-02-21 11:00:00+09:00,5880.0,5890.0,5850.0,5870.0,1561,0.0,0.0
2024-02-21 12:00:00+09:00,5870.0,5870.0,5850.0,5870.0,3191,0.0,0.0
2024-02-21 13:00:00+09:00,5860.0,5930.0,5860.0,5930.0,3331,0.0,0.0
2024-02-21 14:00:00+09:00,5920.0,5920.0,5870.0,5890.0,1403,0.0,0.0
2024-02-22 09:00:00+09:00,5900.0,5920.0,5850.0,5920.0,1020,0.0,0.0
2024-02-22 10:00:00+09:00,5910.0,5920.0,5890.0,5900.0,87,0.0,0.0
2024-02-22 11:00:00+09:00,5890.0,5900.0,5850.0,5880.0,1395,0.0,0.0
2024-02-22 12:00:00+09:00,5880.0,5900.0,5850.0,5890.0,1677,0.0,0.0
2024-02-22 13:00:00+09:00,5890.0,5920.0,5850.0,5910.0,3077,0.0,0.0
2024-02-22 14:00:00+09:00,5910.0,5920.0,5860.0,5900.0,716,0.0,0.0
2024-02-23 09:00:00+09:00,5910.0,5980.0,5860.0,5930.0,1680,0.0,0.0
2024-02-23 10:00:00+09:00,5920.0,5940.0,5870.0,5940.0,555,0.0,0.0
2024-02-23 11:00:00+09:00,5890.0,5970.0,5850.0,5920.0,5200,0.0,0.0
2024-02-23 12:00:00+09:00,5920.0,5920.0,5850.0,5880.0,764,0.0,0.0
2024-02-23 13:00:00+09:00,5880.0,5890.0,5830.0,5880.0,980,0.0,0.0
2024-02-23 14:00:00+09:00,5880.0,5880.0,5800.0,5870.0,2321,0.0,0.0
2024-02-26 09:00:00+09:00,5860.0,5890.0,5810.0,5890.0,0,0.0,0.0
2024-02-26 10:00:00+09:00,5890.0,5890.0,5800.0,5890.0,6371,0.0,0.0
2024-02-26 11:00:00+09:00,5850.0,5890.0,5850.0,5880.0,457,0.0,0.0
2024-02-26 12:00:00+09:00,5880.0,5880.0,5880.0,5880.0,538,0.0,0.0
2024-02-26 13:00:00+09:00,5880.0,5880.0,5840.0,5870.0,831,0.0,0.0
2024-02-26 14:00:00+09:00,5870.0,5880.0,5870.0,5870.0,155,0.0,0.0
2024-02-27 09:00:00+09:00,5880.0,5880.0,5820.0,5820.0,1720,0.0,0.0
2024-02-27 10:00:00+09:00,5840.0,5840.0,5810.0,5820.0,1833,0.0,0.0
2024-02-27 11:00:00+09:00,5810.0,5930.0,5760.0,5910.0,7811,0.0,0.0
2024-02-27 12:00:00+09:00,5850.0,5860.0,5850.0,5850.0,349,0.0,0.0
2024-02-27 13:00:00+09:00,5810.0,5860.0,5810.0,5850.0,302,0.0,0.0
2024-02-27 14:00:00+09:00,5810.0,5840.0,5800.0,5800.0,468,0.0,0.0
2024-02-28 09:00:00+09:00,5840.0,5920.0,5830.0,5880.0,626,0.0,0.0
2024-02-28 10:00:00+09:00,5890.0,5890.0,5820.0,5830.0,259,0.0,0.0
2024-02-28 11:00:00+09:00,5830.0,5870.0,5820.0,5860.0,664,0.0,0.0
2024-02-28 12:00:00+09:00,5860.0,5870.0,5860.0,5870.0,518,0.0,0.0
2024-02-28 13:00:00+09:00,5870.0,5910.0,5850.0,5910.0,2268,0.0,0.0
2024-02-28 14:00:00+09:00,5910.0,5910.0,5850.0,5900.0,1083,0.0,0.0
2024-02-29 09:00:00+09:00,5830.0,5900.0,5830.0,5880.0,1034,0.0,0.0
2024-02-29 10:00:00+09:00,5880.0,5900.0,5870.0,5890.0,2634,0.0,0.0
2024-02-29 11:00:00+09:00,5890.0,5900.0,5870.0,5900.0,623,0.0,0.0
2024-02-29 12:00:00+09:00,5900.0,5910.0,5860.0,5910.0,3536,0.0,0.0
2024-02-29 13:00:00+09:00,5910.0,5920.0,5900.0,5920.0,2769,0.0,0.0
2024-02-29 14:00:00+09:00,5910.0,5990.0,5870.0,5920.0,2166,0.0,0.0
2024-03-04 09:00:00+09:00,5940.0,5990.0,5930.0,5990.0,0,0.0,0.0
2024-03-04 10:00:00+09:00,5990.0,6060.0,5980.0,6030.0,7092,0.0,0.0
2024-03-04 11:00:00+09:00,6030.0,6030.0,5970.0,5970.0,1834,0.0,0.0
2024-03-04 12:00:00+09:00,5990.0,6000.0,5950.0,6000.0,899,0.0,0.0
2024-03-04 13:00:00+09:00,6000.0,6010.0,5980.0,5980.0,696,0.0,0.0
2024-03-04 14:00:00+09:00,5970.0,5980.0,5950.0,5980.0,803,0.0,0.0
2024-03-05 09:00:00+09:00,5970.0,6020.0,5910.0,5990.0,284,0.0,0.0
2024-03-05 10:00:00+09:00,5930.0,5970.0,5880.0,5930.0,7677,0.0,0.0
2024-03-05 11:00:00+09:00,5930.0,5930.0,5880.0,5920.0,394,0.0,0.0
2024-03-05 12:00:00+09:00,5880.0,5910.0,5880.0,5910.0,407,0.0,0.0
2024-03-05 13:00:00+09:00,5880.0,5900.0,5840.0,5880.0,1460,0.0,0.0
2024-03-05 14:00:00+09:00,5850.0,5880.0,5830.0,5860.0,2260,0.0,0.0
2024-03-06 09:00:00+09:00,5940.0,5940.0,5840.0,5930.0,1003,0.0,0.0
2024-03-06 10:00:00+09:00,5900.0,5930.0,5860.0,5890.0,669,0.0,0.0
2024-03-06 11:00:00+09:00,5890.0,5920.0,5860.0,5880.0,2019,0.0,0.0
2024-03-06 12:00:00+09:00,5870.0,5920.0,5850.0,5910.0,963,0.0,0.0
2024-03-06 13:00:00+09:00,5870.0,5920.0,5860.0,5920.0,168,0.0,0.0
2024-03-06 14:00:00+09:00,5920.0,5920.0,5860.0,5870.0,808,0.0,0.0
2024-03-07 09:00:00+09:00,5950.0,5980.0,5880.0,5910.0,1614,0.0,0.0
2024-03-07 10:00:00+09:00,5900.0,5940.0,5850.0,5940.0,731,0.0,0.0
2024-03-07 11:00:00+09:00,5890.0,5940.0,5860.0,5910.0,590,0.0,0.0
2024-03-07 12:00:00+09:00,5870.0,5900.0,5870.0,5900.0,135,0.0,0.0
2024-03-07 13:00:00+09:00,5870.0,5940.0,5870.0,5930.0,680,0.0,0.0
2024-03-07 14:00:00+09:00,5880.0,5910.0,5850.0,5860.0,1771,0.0,0.0
2024-03-08 09:00:00+09:00,5840.0,5840.0,5720.0,5820.0,2439,0.0,0.0
2024-03-08 10:00:00+09:00,5820.0,5830.0,5810.0,5830.0,779,0.0,0.0
2024-03-08 11:00:00+09:00,5820.0,5830.0,5810.0,5830.0,262,0.0,0.0
2024-03-08 12:00:00+09:00,5830.0,5830.0,5790.0,5830.0,1757,0.0,0.0
2024-03-08 13:00:00+09:00,5830.0,5830.0,5780.0,5830.0,362,0.0,0.0
2024-03-08 14:00:00+09:00,5780.0,5830.0,5750.0,5820.0,1463,0.0,0.0
2024-03-11 09:00:00+09:00,5810.0,5840.0,5780.0,5820.0,0,0.0,0.0
2024-03-11 10:00:00+09:00,5820.0,5820.0,5750.0,5800.0,2368,0.0,0.0
2024-03-11 11:00:00+09:00,5800.0,5840.0,5800.0,5830.0,188,0.0,0.0
2024-03-11 12:00:00+09:00,5820.0,5830.0,5790.0,5820.0,1275,0.0,0.0
2024-03-11 13:00:00+09:00,5800.0,5830.0,5780.0,5800.0,996,0.0,0.0
2024-03-11 14:00:00+09:00,5800.0,5820.0,5800.0,5820.0,642,0.0,0.0
2024-03-12 09:00:00+09:00,5830.0,5950.0,5760.0,5910.0,1175,0.0,0.0
2024-03-12 10:00:00+09:00,5890.0,5900.0,5840.0,5880.0,406,0.0,0.0
2024-03-12 11:00:00+09:00,5880.0,5890.0,5840.0,5880.0,1115,0.0,0.0
2024-03-12 12:00:00+09:00,5830.0,5870.0,5760.0,5820.0,2094,0.0,0.0
2024-03-12 13:00:00+09:00,5820.0,5820.0,5800.0,5810.0,767,0.0,0.0
2024-03-12 14:00:00+09:00,5810.0,5840.0,5800.0,5830.0,2906,0.0,0.0
2024-03-13 09:00:00+09:00,5860.0,5960.0,5820.0,5900.0,2074,0.0,0.0
2024-03-13 10:00:00+09:00,5900.0,5930.0,5870.0,5920.0,490,0.0,0.0
2024-03-13 11:00:00+09:00,5870.0,5910.0,5850.0,5900.0,2953,0.0,0.0
2024-03-13 12:00:00+09:00,5900.0,5910.0,5850.0,5900.0,334,0.0,0.0
2024-03-13 13:00:00+09:00,5900.0,5930.0,5850.0,5870.0,5548,0.0,0.0
2024-03-13 14:00:00+09:00,5870.0,5890.0,5870.0,5890.0,2860,0.0,0.0
2024-03-14 09:00:00+09:00,5940.0,5960.0,5890.0,5940.0,3052,0.0,0.0
2024-03-14 10:00:00+09:00,5940.0,6170.0,5930.0,6170.0,24743,0.0,0.0
2024-03-14 11:00:00+09:00,6150.0,6170.0,6040.0,6060.0,2746,0.0,0.0
2024-03-14 12:00:00+09:00,6060.0,6090.0,6020.0,6090.0,3251,0.0,0.0
2024-03-14 13:00:00+09:00,6090.0,6160.0,6050.0,6110.0,7372,0.0,0.0
2024-03-14 14:00:00+09:00,6110.0,6140.0,6080.0,6120.0,10349,0.0,0.0
2024-03-15 09:00:00+09:00,6130.0,6230.0,6080.0,6150.0,5845,0.0,0.0
2024-03-15 10:00:00+09:00,6130.0,6160.0,6080.0,6100.0,3200,0.0,0.0
2024-03-15 11:00:00+09:00,6090.0,6110.0,6070.0,6080.0,1335,0.0,0.0
2024-03-15 12:00:00+09:00,6100.0,6100.0,6050.0,6070.0,3030,0.0,0.0
2024-03-15 13:00:00+09:00,6050.0,6090.0,6050.0,6080.0,558,0.0,0.0
2024-03-15 14:00:00+09:00,6060.0,6090.0,5960.0,5960.0,5395,0.0,0.0
2024-03-18 09:00:00+09:00,5980.0,6000.0,5840.0,5980.0,0,0.0,0.0
2024-03-18 10:00:00+09:00,5980.0,6030.0,5960.0,6030.0,1752,0.0,0.0
2024-03-18 11:00:00+09:00,6000.0,6040.0,5990.0,6040.0,989,0.0,0.0
2024-03-18 12:00:00+09:00,6000.0,6070.0,5990.0,6060.0,1639,0.0,0.0
2024-03-18 13:00:00+09:00,6050.0,6060.0,6010.0,6050.0,10812,0.0,0.0
2024-03-18 14:00:00+09:00,6050.0,6050.0,6040.0,6050.0,2033,0.0,0.0
2024-03-19 09:00:00+09:00,6130.0,6130.0,6040.0,6080.0,1013,0.0,0.0
2024-03-19 10:00:00+09:00,6070.0,6070.0,5990.0,6010.0,2801,0.0,0.0
2024-03-19 11:00:00+09:00,6020.0,6050.0,5940.0,6040.0,3226,0.0,0.0
2024-03-19 12:00:00+09:00,6030.0,6040.0,5950.0,5960.0,2158,0.0,0.0
2024-03-19 13:00:00+09:00,5970.0,6020.0,5950.0,6010.0,1621,0.0,0.0
2024-03-19 14:00:00+09:00,5980.0,6000.0,5970.0,6000.0,1850,0.0,0.0
2024-03-20 09:00:00+09:00,6060.0,6160.0,6060.0,6130.0,5349,0.0,0.0
2024-03-20 10:00:00+09:00,6130.0,6150.0,6100.0,6120.0,1727,0.0,0.0
2024-03-20 11:00:00+09:00,6090.0,6130.0,6090.0,6130.0,1901,0.0,0.0
2024-03-20 12:00:00+09:00,6120.0,6150.0,6120.0,6150.0,5617,0.0,0.0
2024-03-20 13:00:00+09:00,6140.0,6170.0,6130.0,6170.0,5688,0.0,0.0
2024-03-20 14:00:00+09:00,6160.0,6170.0,6140.0,6170.0,1945,0.0,0.0
2024-03-21 09:00:00+09:00,6210.0,6210.0,6030.0,6130.0,2060,0.0,0.0
2024-03-21 10:00:00+09:00,6130.0,6140.0,6100.0,6140.0,561,0.0,0.0
2024-03-21 11:00:00+09:00,6130.0,6140.0,6130.0,6140.0,412,0.0,0.0
2024-03-21 12:00:00+09:00,6130.0,6140.0,6120.0,6140.0,1013,0.0,0.0
2024-03-21 13:00:00+09:00,6130.0,6150.0,6130.0,6150.0,587,0.0,0.0
2024-03-21 14:00:00+09:00,6150.0,6150.0,6100.0,6110.0,4339,0.0,0.0
2024-03-22 09:00:00+09:00,6140.0,6260.0,6120.0,6180.0,1957,0.0,0.0
2024-03-22 10:00:00+09:00,6170.0,6180.0,6120.0,6120.0,1059,0.0,0.0
2024-03-22 11:00:00+09:00,6130.0,6160.0,6090.0,6160.0,918,0.0,0.0
2024-03-22 12:00:00+09:00,6160.0,6180.0,6150.0,6160.0,1568,0.0,0.0
2024-03-22 13:00:00+09:00,6150.0,6160.0,6110.0,6150.0,1772,0.0,0.0
2024-03-22 14:00:00+09:00,6150.0,6160.0,6110.0,6130.0,1395,0.0,0.0
2024-03-25 09:00:00+09:00,6140.0,6190.0,6110.0,6150.0,0,0.0,0.0
2024-03-25 10:00:00+09:00,6150.0,6160.0,6110.0,6150.0,687,0.0,0.0
2024-03-25 11:00:00+09:00,6130.0,6150.0,6110.0,6150.0,632,0.0,0.0
2024-03-25 12:00:00+09:00,6140.0,6150.0,6120.0,6150.0,942,0.0,0.0
2024-03-25 13:00:00+09:00,6130.0,6150.0,6110.0,6140.0,783,0.0,0.0
2024-03-25 14:00:00+09:00,6140.0,6140.0,6110.0,6140.0,1322,0.0,0.0
2024-03-26 09:00:00+09:00,6080.0,6140.0,6080.0,6110.0,714,0.0,0.0
2024-03-26 10:00:00+09:00,6140.0,6290.0,6140.0,6280.0,16703,0.0,0.0
2024-03-26 11:00:00+09:00,6280.0,6290.0,6210.0,6220.0,5614,0.0,0.0
2024-03-26 12:00:00+09:00,6220.0,6220.0,6160.0,6210.0,655,0.0,0.0
2024-03-26 13:00:00+09:00,6210.0,6220.0,6160.0,6200.0,948,0.0,0.0
2024-03-26 14:00:00+09:00,6190.0,6240.0,6180.0,6240.0,6135,0.0,0.0
2024-03-27 09:00:00+09:00,6250.0,6330.0,6250.0,6290.0,3837,0.0,0.0
2024-03-27 10:00:00+09:00,6290.0,6290.0,6200.0,6270.0,1367,0.0,0.0
2024-03-27 11:00:00+09:00,6260.0,6270.0,6200.0,6240.0,1579,0.0,0.0
2024-03-27 12:00:00+09:00,6210.0,6230.0,6150.0,6190.0,2599,0.0,0.0
2024-03-27 13:00:00+09:00,6190.0,6190.0,6100.0,6120.0,3557,0.0,0.0
2024-03-27 14:00:00+09:00,6120.0,6120.0,6090.0,6120.0,1775,0.0,0.0
2024-03-28 09:00:00+09:00,6140.0,6200.0,6060.0,6170.0,0,0.0,0.0
2024-03-28 10:00:00+09:00,6150.0,6170.0,6060.0,6100.0,14814,0.0,0.0
2024-03-28 11:00:00+09:00,6100.0,6140.0,6050.0,6140.0,2278,0.0,0.0
2024-03-28 12:00:00+09:00,6140.0,6140.0,6030.0,6080.0,4658,0.0,0.0
2024-03-28 13:00:00+09:00,6060.0,6080.0,5900.0,6060.0,13991,0.0,0.0
2024-03-28 14:00:00+09:00,6050.0,6080.0,6000.0,6080.0,1335,0.0,0.0
2024-03-29 09:00:00+09:00,6080.0,6080.0,6020.0,6050.0,1011,0.0,0.0
2024-03-29 10:00:00+09:00,6050.0,6050.0,6000.0,6040.0,2350,0.0,0.0
2024-03-29 11:00:00+09:00,6040.0,6080.0,6010.0,6080.0,2031,0.0,0.0
2024-03-29 12:00:00+09:00,6070.0,6080.0,6030.0,6080.0,371,0.0,0.0
2024-03-29 13:00:00+09:00,6040.0,6090.0,6000.0,6070.0,922,0.0,0.0
2024-03-29 14:00:00+09:00,6030.0,6050.0,6000.0,6050.0,1703,0.0,0.0
2024-04-01 09:00:00+09:00,6060.0,6080.0,5990.0,6080.0,0,0.0,0.0
2024-04-01 10:00:00+09:00,6080.0,6110.0,6080.0,6090.0,2692,0.0,0.0
2024-04-01 11:00:00+09:00,6090.0,6130.0,6080.0,6100.0,1773,0.0,0.0
2024-04-01 12:00:00+09:00,6100.0,6130.0,6090.0,6100.0,2851,0.0,0.0
2024-04-01 13:00:00+09:00,6100.0,6130.0,6080.0,6130.0,5863,0.0,0.0
2024-04-01 14:00:00+09:00,6110.0,6180.0,6110.0,6180.0,6537,0.0,0.0
2024-04-02 09:00:00+09:00,6220.0,6220.0,6080.0,6150.0,8821,0.0,0.0
2024-04-02 10:00:00+09:00,6160.0,6170.0,6130.0,6170.0,2672,0.0,0.0
2024-04-02 11:00:00+09:00,6170.0,6200.0,6160.0,6200.0,480,0.0,0.0
2024-04-02 12:00:00+09:00,6190.0,6200.0,6180.0,6180.0,405,0.0,0.0
2024-04-02 13:00:00+09:00,6190.0,6220.0,6180.0,6220.0,6789,0.0,0.0
2024-04-02 14:00:00+09:00,6210.0,6250.0,6170.0,6250.0,16185,0.0,0.0
2024-04-03 09:00:00+09:00,6180.0,6360.0,6140.0,6310.0,16595,0.0,0.0
2024-04-03 10:00:00+09:00,6300.0,6300.0,6250.0,6290.0,3799,0.0,0.0
2024-04-03 11:00:00+09:00,6280.0,6300.0,6230.0,6290.0,3353,0.0,0.0
2024-04-03 12:00:00+09:00,6260.0,6320.0,6220.0,6240.0,6641,0.0,0.0
2024-04-03 13:00:00+09:00,6240.0,6240.0,6230.0,6240.0,38,0.0,0.0
2024-04-03 14:00:00+09:00,6230.0,6300.0,6210.0,6290.0,1778,0.0,0.0
2024-04-04 09:00:00+09:00,6250.0,6380.0,6250.0,6330.0,9789,0.0,0.0
2024-04-04 10:00:00+09:00,6320.0,6320.0,6220.0,6220.0,5590,0.0,0.0
2024-04-04 11:00:00+09:00,6210.0,6210.0,6110.0,6200.0,9855,0.0,0.0
2024-04-04 12:00:00+09:00,6130.0,6200.0,6130.0,6200.0,475,0.0,0.0
2024-04-04 13:00:00+09:00,6200.0,6200.0,6150.0,6190.0,429,0.0,0.0
2024-04-04 14:00:00+09:00,6180.0,6210.0,6150.0,6200.0,1508,0.0,0.0
2024-04-05 09:00:00+09:00,6140.0,6250.0,6140.0,6230.0,2916,0.0,0.0
2024-04-05 10:00:00+09:00,6240.0,6250.0,6200.0,6240.0,4255,0.0,0.0
2024-04-05 11:00:00+09:00,6200.0,6260.0,6190.0,6220.0,2208,0.0,0.0
2024-04-05 12:00:00+09:00,6200.0,6200.0,6150.0,6180.0,7910,0.0,0.0
2024-04-05 13:00:00+09:00,6180.0,6180.0,6160.0,6170.0,185,0.0,0.0
2024-04-05 14:00:00+09:00,6170.0,6180.0,6080.0,6130.0,18790,0.0,0.0
2024-04-08 09:00:00+09:00,6060.0,6130.0,6000.0,6060.0,0,0.0,0.0
2024-04-08 10:00:00+09:00,6080.0,6090.0,6000.0,6070.0,4034,0.0,0.0
2024-04-08 11:00:00+09:00,6060.0,6060.0,6030.0,6030.0,2176,0.0,0.0
2024-04-08 12:00:00+09:00,6030.0,6070.0,6030.0,6070.0,140,0.0,0.0
2024-04-08 13:00:00+09:00,6030.0,6060.0,5900.0,6040.0,3676,0.0,0.0
2024-04-08 14:00:00+09:00,6000.0,6030.0,6000.0,6030.0,41,0.0,0.0
2024-04-09 09:00:00+09:00,6030.0,6130.0,6030.0,6130.0,988,0.0,0.0
2024-04-09 10:00:00+09:00,6130.0,6150.0,6050.0,6110.0,3269,0.0,0.0
2024-04-09 11:00:00+09:00,6110.0,6110.0,6050.0,6100.0,282,0.0,0.0
2024-04-09 12:00:00+09:00,6070.0,6100.0,6030.0,6070.0,4673,0.0,0.0
2024-04-09 13:00:00+09:00,6030.0,6060.0,6030.0,6050.0,173,0.0,0.0
2024-04-09 14:00:00+09:00,6060.0,6060.0,6040.0,6060.0,1157,0.0,0.0
2024-04-11 09:00:00+09:00,6100.0,6100.0,5910.0,6030.0,0,0.0,0.0
2024-04-11 10:00:00+09:00,6030.0,6110.0,6030.0,6110.0,592,0.0,0.0
2024-04-11 11:00:00+09:00,6070.0,6100.0,6050.0,6070.0,381,0.0,0.0
2024-04-11 12:00:00+09:00,6080.0,6110.0,6060.0,6070.0,2770,0.0,0.0
2024-04-11 13:00:00+09:00,6110.0,6140.0,6090.0,6130.0,650,0.0,0.0
2024-04-11 14:00:00+09:00,6080.0,6100.0,6070.0,6100.0,603,0.0,0.0
2024-04-12 09:00:00+09:00,6050.0,6110.0,6000.0,6110.0,2588,0.0,0.0
2024-04-12 10:00:00+09:00,6110.0,6130.0,6080.0,6100.0,1081,0.0,0.0
2024-04-12 11:00:00+09:00,6100.0,6130.0,6030.0,6130.0,5145,0.0,0.0
2024-04-12 12:00:00+09:00,6130.0,6170.0,6110.0,6140.0,9064,0.0,0.0
2024-04-12 13:00:00+09:00,6150.0,6150.0,6090.0,6130.0,4886,0.0,0.0
2024-04-12 14:00:00+09:00,6130.0,6150.0,6100.0,6120.0,8729,0.0,0.0
2024-04-15 09:00:00+09:00,6160.0,6160.0,6100.0,6130.0,0,0.0,0.0
2024-04-15 10:00:00+09:00,6130.0,6150.0,6100.0,6150.0,3257,0.0,0.0
2024-04-15 11:00:00+09:00,6150.0,6150.0,6140.0,6150.0,921,0.0,0.0
2024-04-15 12:00:00+09:00,6140.0,6190.0,6110.0,6190.0,1632,0.0,0.0
2024-04-15 13:00:00+09:00,6190.0,6200.0,6170.0,6200.0,2004,0.0,0.0
2024-04-15 14:00:00+09:00,6200.0,6240.0,6180.0,6220.0,1731,0.0,0.0
2024-04-16 09:00:00+09:00,6200.0,6280.0,6180.0,6280.0,3697,0.0,0.0
2024-04-16 10:00:00+09:00,6280.0,6280.0,6180.0,6190.0,3582,0.0,0.0
2024-04-16 11:00:00+09:00,6190.0,6200.0,6140.0,6180.0,2927,0.0,0.0
2024-04-16 12:00:00+09:00,6180.0,6180.0,6110.0,6160.0,463,0.0,0.0
2024-04-16 13:00:00+09:00,6160.0,6170.0,6160.0,6170.0,164,0.0,0.0
2024-04-16 14:00:00+09:00,6130.0,6160.0,6130.0,6130.0,449,0.0,0.0
2024-04-17 09:00:00+09:00,6050.0,6350.0,6050.0,6240.0,7444,0.0,0.0
2024-04-17 10:00:00+09:00,6210.0,6240.0,6160.0,6170.0,1403,0.0,0.0
2024-04-17 11:00:00+09:00,6170.0,6170.0,6160.0,6170.0,163,0.0,0.0
2024-04-17 12:00:00+09:00,6170.0,6180.0,6130.0,6180.0,5456,0.0,0.0
2024-04-17 13:00:00+09:00,6180.0,6180.0,6150.0,6160.0,1940,0.0,0.0
2024-04-17 14:00:00+09:00,6160.0,6170.0,6160.0,6170.0,606,0.0,0.0
2024-04-18 09:00:00+09:00,6240.0,6240.0,6160.0,6240.0,0,0.0,0.0
2024-04-18 10:00:00+09:00,6230.0,6270.0,6220.0,6270.0,8049,0.0,0.0
2024-04-18 11:00:00+09:00,6270.0,6320.0,6260.0,6320.0,3723,0.0,0.0
2024-04-18 12:00:00+09:00,6310.0,6330.0,6290.0,6330.0,2290,0.0,0.0
2024-04-18 13:00:00+09:00,6330.0,6340.0,6310.0,6330.0,0,0.0,0.0
2024-04-18 14:00:00+09:00,6330.0,6400.0,6310.0,6390.0,31014,0.0,0.0
2024-04-19 09:00:00+09:00,6390.0,6390.0,6310.0,6380.0,6525,0.0,0.0
2024-04-19 10:00:00+09:00,6380.0,6380.0,6260.0,6260.0,4531,0.0,0.0
2024-04-19 11:00:00+09:00,6250.0,6270.0,6190.0,6230.0,2201,0.0,0.0
2024-04-19 12:00:00+09:00,6230.0,6260.0,6200.0,6260.0,2187,0.0,0.0
2024-04-19 13:00:00+09:00,6260.0,6320.0,6250.0,6320.0,878,0.0,0.0
2024-04-19 14:00:00+09:00,6310.0,6350.0,6290.0,6350.0,7434,0.0,0.0
2024-04-22 09:00:00+09:00,6360.0,6490.0,6300.0,6400.0,0,0.0,0.0
2024-04-22 10:00:00+09:00,6400.0,6430.0,6370.0,6400.0,26165,0.0,0.0
2024-04-22 11:00:00+09:00,6410.0,6430.0,6400.0,6430.0,1450,0.0,0.0
2024-04-22 12:00:00+09:00,6410.0,6450.0,6410.0,6430.0,3457,0.0,0.0
2024-04-22 13:00:00+09:00,6430.0,6450.0,6420.0,6450.0,864,0.0,0.0
2024-04-22 14:00:00+09:00,6440.0,6450.0,6430.0,6440.0,1654,0.0,0.0
2024-04-23 09:00:00+09:00,6450.0,6530.0,6450.0,6490.0,8980,0.0,0.0
2024-04-23 10:00:00+09:00,6480.0,6630.0,6400.0,6530.0,64352,0.0,0.0
2024-04-23 11:00:00+09:00,6530.0,6560.0,6500.0,6550.0,3955,0.0,0.0
2024-04-23 12:00:00+09:00,6550.0,6580.0,6520.0,6580.0,5775,0.0,0.0
2024-04-23 13:00:00+09:00,6580.0,6580.0,6510.0,6510.0,2448,0.0,0.0
2024-04-23 14:00:00+09:00,6510.0,6520.0,6480.0,6480.0,2082,0.0,0.0
2024-04-24 09:00:00+09:00,6560.0,6560.0,6450.0,6540.0,8862,0.0,0.0
2024-04-24 10:00:00+09:00,6520.0,6540.0,6490.0,6530.0,2322,0.0,0.0
2024-04-24 11:00:00+09:00,6500.0,6560.0,6490.0,6510.0,19897,0.0,0.0
2024-04-24 12:00:00+09:00,6510.0,6540.0,6500.0,6540.0,1580,0.0,0.0
2024-04-24 13:00:00+09:00,6530.0,6560.0,6500.0,6510.0,6433,0.0,0.0
2024-04-24 14:00:00+09:00,6510.0,6560.0,6490.0,6510.0,12919,0.0,0.0
2024-04-25 09:00:00+09:00,6540.0,6540.0,6460.0,6500.0,2462,0.0,0.0
2024-04-25 10:00:00+09:00,6470.0,6500.0,6440.0,6480.0,1568,0.0,0.0
2024-04-25 11:00:00+09:00,6450.0,6490.0,6440.0,6490.0,455,0.0,0.0
2024-04-25 12:00:00+09:00,6450.0,6490.0,6410.0,6460.0,584,0.0,0.0
2024-04-25 13:00:00+09:00,6420.0,6470.0,6400.0,6400.0,1323,0.0,0.0
2024-04-25 14:00:00+09:00,6440.0,6440.0,6320.0,6350.0,2518,0.0,0.0
2024-04-26 09:00:00+09:00,6460.0,6460.0,6350.0,6410.0,1517,0.0,0.0
2024-04-26 10:00:00+09:00,6410.0,6420.0,6360.0,6360.0,4811,0.0,0.0
2024-04-26 11:00:00+09:00,6390.0,6410.0,6380.0,6410.0,674,0.0,0.0
2024-04-26 12:00:00+09:00,6410.0,6490.0,6390.0,6460.0,4969,0.0,0.0
2024-04-26 13:00:00+09:00,6430.0,6440.0,6420.0,6420.0,936,0.0,0.0
2024-04-26 14:00:00+09:00,6420.0,6420.0,6390.0,6410.0,2098,0.0,0.0
2024-04-29 09:00:00+09:00,6430.0,6590.0,6430.0,6570.0,0,0.0,0.0
2024-04-29 10:00:00+09:00,6560.0,6580.0,6560.0,6580.0,11036,0.0,0.0
2024-04-29 11:00:00+09:00,6570.0,6680.0,6560.0,6610.0,17479,0.0,0.0
2024-04-29 12:00:00+09:00,6610.0,6620.0,6580.0,6610.0,1540,0.0,0.0
2024-04-29 13:00:00+09:00,6610.0,6610.0,6570.0,6610.0,1603,0.0,0.0
2024-04-29 14:00:00+09:00,6610.0,6640.0,6610.0,6640.0,5625,0.0,0.0
2024-04-30 09:00:00+09:00,6650.0,6690.0,6570.0,6660.0,0,0.0,0.0
2024-04-30 10:00:00+09:00,6640.0,6640.0,6580.0,6630.0,15254,0.0,0.0
2024-04-30 11:00:00+09:00,6610.0,6630.0,6570.0,6570.0,936,0.0,0.0
2024-04-30 12:00:00+09:00,6600.0,6610.0,6530.0,6550.0,3575,0.0,0.0
2024-04-30 13:00:00+09:00,6540.0,6570.0,6540.0,6570.0,228,0.0,0.0
2024-04-30 14:00:00+09:00,6570.0,6570.0,6540.0,6560.0,654,0.0,0.0
2024-05-02 09:00:00+09:00,6560.0,6710.0,6510.0,6650.0,0,0.0,0.0
2024-05-02 10:00:00+09:00,6680.0,6690.0,6630.0,6650.0,3319,0.0,0.0
2024-05-02 11:00:00+09:00,6650.0,6820.0,6650.0,6710.0,35362,0.0,0.0
2024-05-02 12:00:00+09:00,6740.0,6770.0,6710.0,6760.0,9514,0.0,0.0
2024-05-02 13:00:00+09:00,6760.0,6790.0,6740.0,6740.0,4489,0.0,0.0
2024-05-02 14:00:00+09:00,6750.0,6750.0,6660.0,6700.0,4762,0.0,0.0
2024-05-03 09:00:00+09:00,6610.0,6680.0,6590.0,6620.0,8049,0.0,0.0
2024-05-03 10:00:00+09:00,6620.0,6620.0,6570.0,6590.0,1581,0.0,0.0
2024-05-03 11:00:00+09:00,6570.0,6590.0,6490.0,6530.0,10387,0.0,0.0
2024-05-03 12:00:00+09:00,6530.0,6560.0,6530.0,6560.0,2091,0.0,0.0
2024-05-03 13:00:00+09:00,6570.0,6590.0,6530.0,6540.0,732,0.0,0.0
2024-05-03 14:00:00+09:00,6550.0,6580.0,6540.0,6580.0,1070,0.0,0.0
2024-05-07 09:00:00+09:00,6450.0,6600.0,6440.0,6480.0,0,0.0,0.0
2024-05-07 10:00:00+09:00,6480.0,6600.0,6480.0,6570.0,2824,0.0,0.0
2024-05-07 11:00:00+09:00,6530.0,6640.0,6500.0,6590.0,3442,0.0,0.0
2024-05-07 12:00:00+09:00,6640.0,6650.0,6570.0,6600.0,6803,0.0,0.0
2024-05-07 13:00:00+09:00,6580.0,6610.0,6580.0,6600.0,2664,0.0,0.0
2024-05-07 14:00:00+09:00,6600.0,6600.0,6570.0,6590.0,410,0.0,0.0
2024-05-08 09:00:00+09:00,6660.0,6660.0,6540.0,6630.0,0,0.0,0.0
2024-05-08 10:00:00+09:00,6620.0,6690.0,6580.0,6690.0,15520,0.0,0.0
2024-05-08 11:00:00+09:00,6680.0,6700.0,6610.0,6670.0,1852,0.0,0.0
2024-05-08 12:00:00+09:00,6660.0,6690.0,6660.0,6660.0,2648,0.0,0.0
2024-05-08 13:00:00+09:00,6660.0,6690.0,6640.0,6680.0,3608,0.0,0.0
2024-05-08 14:00:00+09:00,6690.0,6690.0,6660.0,6670.0,1375,0.0,0.0
2024-05-09 09:00:00+09:00,6720.0,6840.0,6640.0,6810.0,27022,0.0,0.0
2024-05-09 10:00:00+09:00,6800.0,6810.0,6710.0,6750.0,1623,0.0,0.0
2024-05-09 11:00:00+09:00,6750.0,6770.0,6720.0,6760.0,885,0.0,0.0
2024-05-09 12:00:00+09:00,6760.0,6770.0,6720.0,6720.0,4433,0.0,0.0
2024-05-09 13:00:00+09:00,6730.0,6790.0,6710.0,6790.0,7315,0.0,0.0
2024-05-09 14:00:00+09:00,6750.0,6780.0,6740.0,6740.0,2495,0.0,0.0
2024-05-10 09:00:00+09:00,6750.0,6850.0,6720.0,6820.0,7353,0.0,0.0
2024-05-10 10:00:00+09:00,6820.0,6820.0,6700.0,6740.0,5871,0.0,0.0
2024-05-10 11:00:00+09:00,6740.0,6800.0,6730.0,6790.0,3000,0.0,0.0
2024-05-10 12:00:00+09:00,6790.0,6790.0,6780.0,6790.0,51,0.0,0.0
2024-05-10 13:00:00+09:00,6780.0,6810.0,6770.0,6790.0,2621,0.0,0.0
2024-05-10 14:00:00+09:00,6790.0,6790.0,6740.0,6790.0,2453,0.0,0.0
2024-05-13 09:00:00+09:00,6740.0,6810.0,6660.0,6800.0,0,0.0,0.0
2024-05-13 10:00:00+09:00,6800.0,6890.0,6800.0,6880.0,35617,0.0,0.0
2024-05-13 11:00:00+09:00,6880.0,6980.0,6850.0,6980.0,25359,0.0,0.0
2024-05-13 12:00:00+09:00,6980.0,7000.0,6930.0,6950.0,23254,0.0,0.0
2024-05-13 13:00:00+09:00,6930.0,6950.0,6870.0,6940.0,4095,0.0,0.0
2024-05-13 14:00:00+09:00,6930.0,6940.0,6880.0,6910.0,10551,0.0,0.0
2024-05-14 09:00:00+09:00,6910.0,7020.0,6870.0,6900.0,11149,0.0,0.0
2024-05-14 10:00:00+09:00,6900.0,6910.0,6830.0,6870.0,5339,0.0,0.0
2024-05-14 11:00:00+09:00,6840.0,6880.0,6800.0,6850.0,2766,0.0,0.0
2024-05-14 12:00:00+09:00,6810.0,6860.0,6800.0,6800.0,241,0.0,0.0
2024-05-14 13:00:00+09:00,6850.0,7110.0,6810.0,7020.0,69028,0.0,0.0
2024-05-14 14:00:00+09:00,7010.0,7120.0,7000.0,7060.0,56235,0.0,0.0
2024-05-16 09:00:00+09:00,7140.0,7470.0,7060.0,7330.0,0,0.0,0.0
2024-05-16 10:00:00+09:00,7330.0,7330.0,7070.0,7190.0,14301,0.0,0.0
2024-05-16 11:00:00+09:00,7190.0,7200.0,7110.0,7110.0,4065,0.0,0.0
2024-05-16 12:00:00+09:00,7110.0,7150.0,7110.0,7140.0,2794,0.0,0.0
2024-05-16 13:00:00+09:00,7140.0,7160.0,7060.0,7150.0,4307,0.0,0.0
2024-05-16 14:00:00+09:00,7140.0,7160.0,7110.0,7160.0,8100,0.0,0.0
2024-05-17 09:00:00+09:00,7150.0,7250.0,7150.0,7220.0,19287,0.0,0.0
2024-05-17 10:00:00+09:00,7250.0,7300.0,7130.0,7150.0,16863,0.0,0.0
2024-05-17 11:00:00+09:00,7130.0,7150.0,7040.0,7150.0,11758,0.0,0.0
2024-05-17 12:00:00+09:00,7120.0,7180.0,7070.0,7180.0,10895,0.0,0.0
2024-05-17 13:00:00+09:00,7190.0,7270.0,7180.0,7180.0,10250,0.0,0.0
2024-05-17 14:00:00+09:00,7180.0,7240.0,7160.0,7170.0,6632,0.0,0.0
2024-05-20 09:00:00+09:00,7250.0,7290.0,6990.0,7040.0,0,0.0,0.0
2024-05-20 10:00:00+09:00,7040.0,7120.0,6980.0,7010.0,34054,0.0,0.0
2024-05-20 11:00:00+09:00,7040.0,7080.0,7030.0,7030.0,1640,0.0,0.0
2024-05-20 12:00:00+09:00,7040.0,7060.0,6950.0,7040.0,13212,0.0,0.0
2024-05-20 13:00:00+09:00,7030.0,7050.0,6900.0,6960.0,13878,0.0,0.0
2024-05-20 14:00:00+09:00,6970.0,7090.0,6910.0,7000.0,23910,0.0,0.0
2024-05-21 09:00:00+09:00,7050.0,7060.0,6930.0,6950.0,10799,0.0,0.0
2024-05-21 10:00:00+09:00,6950.0,7050.0,6920.0,7000.0,22732,0.0,0.0
2024-05-21 11:00:00+09:00,6990.0,7020.0,6890.0,6910.0,36340,0.0,0.0
2024-05-21 12:00:00+09:00,6920.0,7020.0,6910.0,6980.0,7352,0.0,0.0
2024-05-21 13:00:00+09:00,6980.0,7030.0,6910.0,6950.0,13176,0.0,0.0
2024-05-21 14:00:00+09:00,6940.0,7020.0,6920.0,6970.0,16617,0.0,0.0
2024-05-22 09:00:00+09:00,6970.0,7170.0,6970.0,7170.0,11936,0.0,0.0
2024-05-22 10:00:00+09:00,7150.0,7160.0,7070.0,7080.0,766,0.0,0.0
2024-05-22 11:00:00+09:00,7080.0,7090.0,7030.0,7070.0,4022,0.0,0.0
2024-05-22 12:00:00+09:00,7070.0,7070.0,7010.0,7040.0,4259,0.0,0.0
2024-05-22 13:00:00+09:00,7040.0,7060.0,7020.0,7020.0,1448,0.0,0.0
2024-05-22 14:00:00+09:00,7020.0,7030.0,6940.0,6950.0,7367,0.0,0.0
2024-05-23 09:00:00+09:00,6940.0,6970.0,6810.0,6940.0,28056,0.0,0.0
2024-05-23 10:00:00+09:00,6910.0,7100.0,6910.0,7080.0,7902,0.0,0.0
2024-05-23 11:00:00+09:00,7040.0,7140.0,7040.0,7080.0,12026,0.0,0.0
2024-05-23 12:00:00+09:00,7080.0,7130.0,7050.0,7130.0,2695,0.0,0.0
2024-05-23 13:00:00+09:00,7080.0,7080.0,6960.0,7030.0,7218,0.0,0.0
2024-05-23 14:00:00+09:00,6960.0,7090.0,6960.0,7090.0,1998,0.0,0.0
2024-05-24 09:00:00+09:00,6880.0,7030.0,6880.0,7020.0,3026,0.0,0.0
2024-05-24 10:00:00+09:00,7010.0,7120.0,6990.0,7120.0,4983,0.0,0.0
2024-05-24 11:00:00+09:00,7120.0,7120.0,7070.0,7100.0,1549,0.0,0.0
2024-05-24 12:00:00+09:00,7100.0,7100.0,6970.0,7100.0,4081,0.0,0.0
2024-05-24 13:00:00+09:00,7100.0,7100.0,7090.0,7090.0,1542,0.0,0.0
2024-05-24 14:00:00+09:00,7100.0,7100.0,7060.0,7060.0,1131,0.0,0.0
2024-05-27 09:00:00+09:00,7100.0,7100.0,7020.0,7080.0,0,0.0,0.0
2024-05-27 10:00:00+09:00,7070.0,7080.0,7040.0,7050.0,1103,0.0,0.0
2024-05-27 11:00:00+09:00,7050.0,7050.0,7000.0,7020.0,1020,0.0,0.0
2024-05-27 12:00:00+09:00,7000.0,7020.0,6970.0,7000.0,852,0.0,0.0
2024-05-27 13:00:00+09:00,7000.0,7000.0,6940.0,6980.0,970,0.0,0.0
2024-05-27 14:00:00+09:00,6980.0,6980.0,6950.0,6970.0,956,0.0,0.0
2024-05-28 09:00:00+09:00,6960.0,7030.0,6950.0,6990.0,2135,0.0,0.0
2024-05-28 10:00:00+09:00,6990.0,7000.0,6960.0,7000.0,502,0.0,0.0
2024-05-28 11:00:00+09:00,7000.0,7000.0,6910.0,6960.0,2467,0.0,0.0
2024-05-28 12:00:00+09:00,6950.0,6950.0,6880.0,6940.0,4012,0.0,0.0
2024-05-28 13:00:00+09:00,6940.0,6940.0,6900.0,6920.0,2090,0.0,0.0
2024-05-28 14:00:00+09:00,6910.0,6950.0,6900.0,6950.0,1372,0.0,0.0
2024-05-29 09:00:00+09:00,6940.0,6940.0,6850.0,6930.0,5628,0.0,0.0
2024-05-29 10:00:00+09:00,6900.0,6900.0,6840.0,6870.0,2685,0.0,0.0
2024-05-29 11:00:00+09:00,6840.0,6870.0,6830.0,6870.0,996,0.0,0.0
2024-05-29 12:00:00+09:00,6840.0,6860.0,6820.0,6860.0,553,0.0,0.0
2024-05-29 13:00:00+09:00,6830.0,6860.0,6800.0,6840.0,1906,0.0,0.0
2024-05-29 14:00:00+09:00,6860.0,6860.0,6780.0,6840.0,6649,0.0,0.0
2024-05-30 09:00:00+09:00,6780.0,6800.0,6670.0,6740.0,3829,0.0,0.0
2024-05-30 10:00:00+09:00,6740.0,6760.0,6700.0,6750.0,2348,0.0,0.0
2024-05-30 11:00:00+09:00,6750.0,6780.0,6700.0,6750.0,870,0.0,0.0
2024-05-30 12:00:00+09:00,6770.0,6820.0,6750.0,6800.0,933,0.0,0.0
2024-05-30 13:00:00+09:00,6790.0,6860.0,6790.0,6820.0,3638,0.0,0.0
2024-05-30 14:00:00+09:00,6810.0,6830.0,6790.0,6830.0,771,0.0,0.0
2024-05-31 09:00:00+09:00,6790.0,6850.0,6730.0,6790.0,1062,0.0,0.0
2024-05-31 10:00:00+09:00,6790.0,6790.0,6760.0,6790.0,730,0.0,0.0
2024-05-31 11:00:00+09:00,6770.0,6840.0,6760.0,6840.0,918,0.0,0.0
2024-05-31 12:00:00+09:00,6810.0,6820.0,6700.0,6760.0,2962,0.0,0.0
2024-05-31 13:00:00+09:00,6760.0,6760.0,6710.0,6760.0,1398,0.0,0.0
2024-05-31 14:00:00+09:00,6760.0,6790.0,6760.0,6780.0,349,0.0,0.0
2024-06-03 09:00:00+09:00,6880.0,6880.0,6730.0,6800.0,0,0.0,0.0
2024-06-03 10:00:00+09:00,6780.0,7090.0,6780.0,7040.0,14519,0.0,0.0
2024-06-03 11:00:00+09:00,7030.0,7040.0,6870.0,7030.0,12322,0.0,0.0
2024-06-03 12:00:00+09:00,7020.0,7070.0,6970.0,6990.0,9344,0.0,0.0
2024-06-03 13:00:00+09:00,6990.0,7160.0,6990.0,7140.0,28099,0.0,0.0
2024-06-03 14:00:00+09:00,7140.0,7150.0,6950.0,7020.0,17204,0.0,0.0
2024-06-04 09:00:00+09:00,6790.0,7080.0,6790.0,7070.0,17904,0.0,0.0
2024-06-04 10:00:00+09:00,7050.0,7050.0,6980.0,7040.0,9132,0.0,0.0
2024-06-04 11:00:00+09:00,7020.0,7270.0,6850.0,7010.0,268403,0.0,0.0
2024-06-04 12:00:00+09:00,7000.0,7040.0,6900.0,6930.0,27723,0.0,0.0
2024-06-04 13:00:00+09:00,6930.0,6960.0,6790.0,6810.0,36021,0.0,0.0
2024-06-04 14:00:00+09:00,6820.0,6840.0,6780.0,6800.0,12549,0.0,0.0
2024-06-05 09:00:00+09:00,6730.0,6760.0,6560.0,6640.0,20555,0.0,0.0
2024-06-05 10:00:00+09:00,6630.0,6680.0,6630.0,6660.0,3250,0.0,0.0
2024-06-05 11:00:00+09:00,6660.0,6680.0,6550.0,6580.0,15347,0.0,0.0
2024-06-05 12:00:00+09:00,6580.0,6650.0,6490.0,6630.0,21538,0.0,0.0
2024-06-05 13:00:00+09:00,6630.0,6630.0,6590.0,6590.0,855,0.0,0.0
2024-06-05 14:00:00+09:00,6590.0,6650.0,6580.0,6650.0,8139,0.0,0.0
2024-06-07 09:00:00+09:00,6680.0,6680.0,6600.0,6640.0,0,0.0,0.0
2024-06-07 10:00:00+09:00,6640.0,6670.0,6600.0,6640.0,12783,0.0,0.0
2024-06-07 11:00:00+09:00,6630.0,6650.0,6630.0,6650.0,152,0.0,0.0
2024-06-07 12:00:00+09:00,6640.0,6690.0,6620.0,6630.0,4199,0.0,0.0
2024-06-07 13:00:00+09:00,6680.0,6690.0,6640.0,6640.0,1053,0.0,0.0
2024-06-07 14:00:00+09:00,6640.0,6660.0,6640.0,6650.0,2091,0.0,0.0
2024-06-10 09:00:00+09:00,6600.0,6660.0,6590.0,6660.0,0,0.0,0.0
2024-06-10 10:00:00+09:00,6680.0,6680.0,6610.0,6620.0,3414,0.0,0.0
2024-06-10 11:00:00+09:00,6620.0,6640.0,6590.0,6590.0,4077,0.0,0.0
2024-06-10 12:00:00+09:00,6620.0,6660.0,6610.0,6660.0,529,0.0,0.0
2024-06-10 13:00:00+09:00,6660.0,6670.0,6640.0,6640.0,821,0.0,0.0
2024-06-10 14:00:00+09:00,6640.0,6640.0,6600.0,6600.0,5933,0.0,0.0
2024-06-11 09:00:00+09:00,6600.0,6700.0,6600.0,6670.0,2884,0.0,0.0
2024-06-11 10:00:00+09:00,6670.0,6700.0,6630.0,6630.0,1357,0.0,0.0
2024-06-11 11:00:00+09:00,6630.0,6660.0,6620.0,6650.0,636,0.0,0.0
2024-06-11 12:00:00+09:00,6640.0,6650.0,6630.0,6630.0,1581,0.0,0.0
2024-06-11 13:00:00+09:00,6620.0,6620.0,6560.0,6600.0,5047,0.0,0.0
2024-06-11 14:00:00+09:00,6600.0,6630.0,6580.0,6630.0,3521,0.0,0.0
2024-06-12 09:00:00+09:00,6650.0,6880.0,6560.0,6880.0,14973,0.0,0.0
2024-06-12 10:00:00+09:00,6880.0,6900.0,6690.0,6740.0,11018,0.0,0.0
2024-06-12 11:00:00+09:00,6750.0,6800.0,6740.0,6750.0,3887,0.0,0.0
2024-06-12 12:00:00+09:00,6760.0,6810.0,6740.0,6780.0,1721,0.0,0.0
2024-06-12 13:00:00+09:00,6740.0,6770.0,6700.0,6760.0,2751,0.0,0.0
2024-06-12 14:00:00+09:00,6750.0,6750.0,6690.0,6720.0,1987,0.0,0.0
2024-06-13 09:00:00+09:00,6720.0,6840.0,6720.0,6790.0,9309,0.0,0.0
2024-06-13 10:00:00+09:00,6790.0,6790.0,6660.0,6720.0,3664,0.0,0.0
2024-06-13 11:00:00+09:00,6680.0,6720.0,6670.0,6720.0,1528,0.0,0.0
2024-06-13 12:00:00+09:00,6710.0,6710.0,6620.0,6660.0,4226,0.0,0.0
2024-06-13 13:00:00+09:00,6660.0,6670.0,6630.0,6670.0,954,0.0,0.0
2024-06-13 14:00:00+09:00,6670.0,6670.0,6610.0,6620.0,5201,0.0,0.0
2024-06-14 09:00:00+09:00,6690.0,6830.0,6550.0,6830.0,8173,0.0,0.0
2024-06-14 10:00:00+09:00,6830.0,6900.0,6700.0,6770.0,13426,0.0,0.0
2024-06-14 11:00:00+09:00,6770.0,6800.0,6710.0,6800.0,29,0.0,0.0
2024-06-14 12:00:00+09:00,6790.0,6790.0,6740.0,6780.0,737,0.0,0.0
2024-06-14 13:00:00+09:00,6780.0,6800.0,6740.0,6760.0,3358,0.0,0.0
2024-06-14 14:00:00+09:00,6800.0,6840.0,6700.0,6710.0,13893,0.0,0.0
2024-06-17 09:00:00+09:00,6760.0,6820.0,6690.0,6790.0,0,0.0,0.0
2024-06-17 10:00:00+09:00,6780.0,6820.0,6750.0,6780.0,1880,0.0,0.0
2024-06-17 11:00:00+09:00,6780.0,6820.0,6740.0,6740.0,4826,0.0,0.0
2024-06-17 12:00:00+09:00,6740.0,6800.0,6730.0,6780.0,2505,0.0,0.0
2024-06-17 13:00:00+09:00,6740.0,6820.0,6730.0,6800.0,3162,0.0,0.0
2024-06-17 14:00:00+09:00,6800.0,6840.0,6790.0,6830.0,3085,0.0,0.0
2024-06-18 09:00:00+09:00,7000.0,7000.0,6800.0,6840.0,6583,0.0,0.0
2024-06-18 10:00:00+09:00,6840.0,6860.0,6780.0,6850.0,6460,0.0,0.0
2024-06-18 11:00:00+09:00,6860.0,6870.0,6820.0,6860.0,955,0.0,0.0
2024-06-18 12:00:00+09:00,6830.0,6860.0,6800.0,6810.0,2843,0.0,0.0
2024-06-18 13:00:00+09:00,6810.0,6840.0,6800.0,6810.0,1874,0.0,0.0
2024-06-18 14:00:00+09:00,6800.0,6830.0,6770.0,6830.0,2815,0.0,0.0
2024-06-19 09:00:00+09:00,6840.0,7020.0,6530.0,6950.0,39020,0.0,0.0
2024-06-19 10:00:00+09:00,6920.0,6990.0,6890.0,6970.0,23169,0.0,0.0
2024-06-19 11:00:00+09:00,6970.0,7030.0,6960.0,7000.0,14873,0.0,0.0
2024-06-19 12:00:00+09:00,7000.0,7000.0,6940.0,7000.0,4325,0.0,0.0
2024-06-19 13:00:00+09:00,7000.0,7080.0,7000.0,7050.0,16985,0.0,0.0
2024-06-19 14:00:00+09:00,7040.0,7040.0,6970.0,7010.0,2556,0.0,0.0
2024-06-20 09:00:00+09:00,7130.0,7130.0,6940.0,7030.0,17155,0.0,0.0
2024-06-20 10:00:00+09:00,7030.0,7100.0,6970.0,7010.0,10602,0.0,0.0
2024-06-20 11:00:00+09:00,6990.0,7020.0,6940.0,7020.0,3010,0.0,0.0
2024-06-20 12:00:00+09:00,6990.0,7000.0,6950.0,6950.0,1986,0.0,0.0
2024-06-20 13:00:00+09:00,6950.0,7030.0,6950.0,7010.0,5240,0.0,0.0
2024-06-20 14:00:00+09:00,7040.0,7250.0,6960.0,7110.0,78290,0.0,0.0
2024-06-21 09:00:00+09:00,7030.0,7160.0,6970.0,7030.0,22162,0.0,0.0
2024-06-21 10:00:00+09:00,7000.0,7050.0,6960.0,7000.0,7107,0.0,0.0
2024-06-21 11:00:00+09:00,6950.0,7000.0,6920.0,6930.0,10559,0.0,0.0
2024-06-21 12:00:00+09:00,6920.0,7010.0,6900.0,6980.0,6177,0.0,0.0
2024-06-21 13:00:00+09:00,6980.0,6980.0,6880.0,6950.0,8864,0.0,0.0
2024-06-21 14:00:00+09:00,6920.0,6950.0,6860.0,6860.0,6415,0.0,0.0
2024-06-24 09:00:00+09:00,6860.0,7130.0,6810.0,7070.0,0,0.0,0.0
2024-06-24 10:00:00+09:00,7050.0,7060.0,6910.0,7010.0,7015,0.0,0.0
2024-06-24 11:00:00+09:00,7010.0,7140.0,6990.0,7070.0,24909,0.0,0.0
2024-06-24 12:00:00+09:00,7060.0,7110.0,7020.0,7100.0,7402,0.0,0.0
2024-06-24 13:00:00+09:00,7100.0,7170.0,7100.0,7150.0,16447,0.0,0.0
2024-06-24 14:00:00+09:00,7110.0,7160.0,7100.0,7130.0,7709,0.0,0.0
2024-06-25 09:00:00+09:00,7160.0,7340.0,7090.0,7330.0,71354,0.0,0.0
2024-06-25 10:00:00+09:00,7330.0,7450.0,7170.0,7200.0,75101,0.0,0.0
2024-06-25 11:00:00+09:00,7210.0,7230.0,7170.0,7190.0,4938,0.0,0.0
2024-06-25 12:00:00+09:00,7180.0,7220.0,7090.0,7160.0,9299,0.0,0.0
2024-06-25 13:00:00+09:00,7170.0,7190.0,7120.0,7190.0,3985,0.0,0.0
2024-06-25 14:00:00+09:00,7160.0,7190.0,7140.0,7190.0,5059,0.0,0.0
2024-06-26 09:00:00+09:00,7200.0,7210.0,7090.0,7210.0,19074,0.0,0.0
2024-06-26 10:00:00+09:00,7160.0,7380.0,7160.0,7350.0,66872,0.0,0.0
2024-06-26 11:00:00+09:00,7310.0,7380.0,7310.0,7360.0,13016,0.0,0.0
2024-06-26 12:00:00+09:00,7370.0,7370.0,7320.0,7350.0,9644,0.0,0.0
2024-06-26 13:00:00+09:00,7350.0,7390.0,7340.0,7370.0,22118,0.0,0.0
2024-06-26 14:00:00+09:00,7370.0,7400.0,7340.0,7400.0,13766,0.0,0.0
2024-06-27 09:00:00+09:00,7390.0,7390.0,7200.0,7380.0,9982,0.0,0.0
2024-06-27 10:00:00+09:00,7310.0,7400.0,7260.0,7380.0,9230,0.0,0.0
2024-06-27 11:00:00+09:00,7380.0,7380.0,7190.0,7310.0,10903,0.0,0.0
2024-06-27 12:00:00+09:00,7310.0,7320.0,7230.0,7300.0,3186,0.0,0.0
2024-06-27 13:00:00+09:00,7230.0,7290.0,7100.0,7150.0,16992,0.0,0.0
2024-06-27 14:00:00+09:00,7170.0,7220.0,7120.0,7200.0,5022,0.0,0.0
2024-06-28 09:00:00+09:00,7160.0,7370.0,7160.0,7210.0,19847,0.0,0.0
2024-06-28 10:00:00+09:00,7180.0,7240.0,7110.0,7180.0,7064,0.0,0.0
2024-06-28 11:00:00+09:00,7190.0,7200.0,7060.0,7090.0,10231,0.0,0.0
2024-06-28 12:00:00+09:00,7120.0,7120.0,7000.0,7100.0,12429,0.0,0.0
2024-06-28 13:00:00+09:00,7030.0,7070.0,7000.0,7040.0,4008,0.0,0.0
2024-06-28 14:00:00+09:00,7040.0,7130.0,7030.0,7040.0,8404,0.0,0.0
2024-07-01 09:00:00+09:00,7080.0,7280.0,7020.0,7170.0,0,0.0,0.0
2024-07-01 10:00:00+09:00,7170.0,7320.0,7170.0,7280.0,19306,0.0,0.0
2024-07-01 11:00:00+09:00,7260.0,7350.0,7210.0,7320.0,14331,0.0,0.0
2024-07-01 12:00:00+09:00,7320.0,7390.0,7300.0,7370.0,12166,0.0,0.0
2024-07-01 13:00:00+09:00,7370.0,7430.0,7360.0,7370.0,27881,0.0,0.0
2024-07-01 14:00:00+09:00,7370.0,7640.0,7350.0,7590.0,50306,0.0,0.0
2024-07-02 09:00:00+09:00,7560.0,7670.0,7350.0,7420.0,38634,0.0,0.0
2024-07-02 10:00:00+09:00,7420.0,7510.0,7330.0,7370.0,20470,0.0,0.0
2024-07-02 11:00:00+09:00,7370.0,7500.0,7350.0,7380.0,9759,0.0,0.0
2024-07-02 12:00:00+09:00,7380.0,7380.0,7260.0,7330.0,20271,0.0,0.0
2024-07-02 13:00:00+09:00,7330.0,7340.0,7230.0,7230.0,13563,0.0,0.0
2024-07-02 14:00:00+09:00,7230.0,7300.0,7180.0,7250.0,19894,0.0,0.0
2024-07-03 09:00:00+09:00,7270.0,7280.0,7110.0,7150.0,28970,0.0,0.0
2024-07-03 10:00:00+09:00,7150.0,7150.0,7030.0,7080.0,35985,0.0,0.0
2024-07-03 11:00:00+09:00,7080.0,7090.0,6980.0,6990.0,24482,0.0,0.0
2024-07-03 12:00:00+09:00,7030.0,7060.0,6980.0,6980.0,7242,0.0,0.0
2024-07-03 13:00:00+09:00,6990.0,7010.0,6880.0,6900.0,21005,0.0,0.0
2024-07-03 14:00:00+09:00,6910.0,6970.0,6860.0,6880.0,16498,0.0,0.0
2024-07-04 09:00:00+09:00,7070.0,7070.0,6870.0,6940.0,9984,0.0,0.0
2024-07-04 10:00:00+09:00,6900.0,7040.0,6900.0,7000.0,4298,0.0,0.0
2024-07-04 11:00:00+09:00,7050.0,7050.0,6950.0,7020.0,4643,0.0,0.0
2024-07-04 12:00:00+09:00,6970.0,7020.0,6950.0,7010.0,1490,0.0,0.0
2024-07-04 13:00:00+09:00,6960.0,7010.0,6930.0,7000.0,1482,0.0,0.0
2024-07-04 14:00:00+09:00,7010.0,7030.0,6970.0,7000.0,1274,0.0,0.0
2024-07-05 09:00:00+09:00,7030.0,7030.0,6910.0,6930.0,4462,0.0,0.0
2024-07-05 10:00:00+09:00,6930.0,6950.0,6890.0,6890.0,7038,0.0,0.0
2024-07-05 11:00:00+09:00,6880.0,6910.0,6850.0,6910.0,3779,0.0,0.0
2024-07-05 12:00:00+09:00,6870.0,6910.0,6790.0,6830.0,18745,0.0,0.0
2024-07-05 13:00:00+09:00,6860.0,6880.0,6820.0,6860.0,4390,0.0,0.0
2024-07-05 14:00:00+09:00,6860.0,6880.0,6800.0,6800.0,4532,0.0,0.0
2024-07-08 09:00:00+09:00,6800.0,6940.0,6800.0,6920.0,0,0.0,0.0
2024-07-08 10:00:00+09:00,6940.0,6970.0,6900.0,6960.0,6693,0.0,0.0
2024-07-08 11:00:00+09:00,6950.0,7000.0,6930.0,6950.0,6266,0.0,0.0
2024-07-08 12:00:00+09:00,6950.0,7040.0,6950.0,6970.0,3432,0.0,0.0
2024-07-08 13:00:00+09:00,6970.0,7040.0,6960.0,6960.0,4519,0.0,0.0
2024-07-08 14:00:00+09:00,6990.0,7000.0,6960.0,7000.0,746,0.0,0.0
2024-07-09 09:00:00+09:00,7040.0,7040.0,6920.0,6980.0,3393,0.0,0.0
2024-07-09 10:00:00+09:00,6980.0,6990.0,6960.0,6970.0,823,0.0,0.0
2024-07-09 11:00:00+09:00,6980.0,6990.0,6930.0,6930.0,2844,0.0,0.0
2024-07-09 12:00:00+09:00,6980.0,6980.0,6890.0,6940.0,3351,0.0,0.0
2024-07-09 13:00:00+09:00,6890.0,6930.0,6890.0,6930.0,617,0.0,0.0
2024-07-09 14:00:00+09:00,6920.0,6930.0,6890.0,6920.0,4062,0.0,0.0
2024-07-10 09:00:00+09:00,6970.0,6990.0,6870.0,6990.0,5705,0.0,0.0
2024-07-10 10:00:00+09:00,6990.0,7090.0,6950.0,7080.0,6276,0.0,0.0
2024-07-10 11:00:00+09:00,7050.0,7160.0,7050.0,7140.0,7355,0.0,0.0
2024-07-10 12:00:00+09:00,7130.0,7360.0,7130.0,7340.0,33756,0.0,0.0
2024-07-10 13:00:00+09:00,7310.0,7330.0,7150.0,7200.0,23291,0.0,0.0
2024-07-10 14:00:00+09:00,7210.0,7240.0,7170.0,7220.0,3203,0.0,0.0
2024-07-11 09:00:00+09:00,7210.0,7300.0,7140.0,7240.0,6345,0.0,0.0
2024-07-11 10:00:00+09:00,7240.0,7240.0,7160.0,7180.0,3314,0.0,0.0
2024-07-11 11:00:00+09:00,7150.0,7240.0,7110.0,7120.0,7167,0.0,0.0
2024-07-11 12:00:00+09:00,7120.0,7160.0,7110.0,7150.0,3612,0.0,0.0
2024-07-11 13:00:00+09:00,7150.0,7150.0,7090.0,7090.0,2553,0.0,0.0
2024-07-11 14:00:00+09:00,7120.0,7120.0,7080.0,7090.0,1310,0.0,0.0
2024-07-12 09:00:00+09:00,7090.0,7140.0,6830.0,6960.0,11449,0.0,0.0
2024-07-12 10:00:00+09:00,6960.0,7030.0,6940.0,7000.0,2044,0.0,0.0
2024-07-12 11:00:00+09:00,7010.0,7020.0,6950.0,7010.0,1925,0.0,0.0
2024-07-12 12:00:00+09:00,6980.0,7010.0,6970.0,7010.0,1417,0.0,0.0
2024-07-12 13:00:00+09:00,7010.0,7010.0,6950.0,7000.0,3074,0.0,0.0
2024-07-12 14:00:00+09:00,7000.0,7010.0,6950.0,7000.0,2011,0.0,0.0
2024-07-15 09:00:00+09:00,6970.0,7040.0,6860.0,7020.0,0,0.0,0.0
2024-07-15 10:00:00+09:00,7020.0,7020.0,6970.0,7000.0,1512,0.0,0.0
2024-07-15 11:00:00+09:00,7000.0,7120.0,7000.0,7070.0,7902,0.0,0.0
2024-07-15 12:00:00+09:00,7060.0,7110.0,7040.0,7110.0,3097,0.0,0.0
2024-07-15 13:00:00+09:00,7110.0,7160.0,7100.0,7160.0,6780,0.0,0.0
2024-07-15 14:00:00+09:00,7170.0,7230.0,7170.0,7200.0,10653,0.0,0.0
2024-07-16 09:00:00+09:00,7250.0,7250.0,7130.0,7240.0,11650,0.0,0.0
2024-07-16 10:00:00+09:00,7240.0,7340.0,7200.0,7250.0,14224,0.0,0.0
2024-07-16 11:00:00+09:00,7300.0,7300.0,7230.0,7280.0,3082,0.0,0.0
2024-07-16 12:00:00+09:00,7280.0,7300.0,7250.0,7300.0,4935,0.0,0.0
2024-07-16 13:00:00+09:00,7260.0,7300.0,7250.0,7300.0,5259,0.0,0.0
2024-07-16 14:00:00+09:00,7260.0,7300.0,7220.0,7270.0,6525,0.0,0.0
2024-07-17 09:00:00+09:00,7380.0,7570.0,7320.0,7480.0,60538,0.0,0.0
2024-07-17 10:00:00+09:00,7490.0,7500.0,7380.0,7470.0,13945,0.0,0.0
2024-07-17 11:00:00+09:00,7470.0,7500.0,7440.0,7450.0,5916,0.0,0.0
2024-07-17 12:00:00+09:00,7450.0,7480.0,7450.0,7480.0,4223,0.0,0.0
2024-07-17 13:00:00+09:00,7480.0,7570.0,7460.0,7540.0,32949,0.0,0.0
2024-07-17 14:00:00+09:00,7530.0,7540.0,7350.0,7360.0,12620,0.0,0.0
2024-07-18 09:00:00+09:00,7480.0,7480.0,7210.0,7400.0,32480,0.0,0.0
2024-07-18 10:00:00+09:00,7390.0,7390.0,7160.0,7170.0,33254,0.0,0.0
2024-07-18 11:00:00+09:00,7170.0,7240.0,7110.0,7240.0,27221,0.0,0.0
2024-07-18 12:00:00+09:00,7200.0,7360.0,7200.0,7320.0,7679,0.0,0.0
2024-07-18 13:00:00+09:00,7310.0,7320.0,7280.0,7320.0,1471,0.0,0.0
2024-07-18 14:00:00+09:00,7320.0,7350.0,7280.0,7330.0,1692,0.0,0.0
2024-07-19 09:00:00+09:00,7290.0,7330.0,7220.0,7260.0,3908,0.0,0.0
2024-07-19 10:00:00+09:00,7250.0,7270.0,7130.0,7140.0,11142,0.0,0.0
2024-07-19 11:00:00+09:00,7140.0,7140.0,7050.0,7140.0,10189,0.0,0.0
2024-07-19 12:00:00+09:00,7140.0,7160.0,7120.0,7130.0,2263,0.0,0.0
2024-07-19 13:00:00+09:00,7140.0,7150.0,7080.0,7130.0,5210,0.0,0.0
2024-07-19 14:00:00+09:00,7140.0,7150.0,7100.0,7130.0,4650,0.0,0.0
2024-07-22 09:00:00+09:00,7060.0,7250.0,7040.0,7160.0,0,0.0,0.0
2024-07-22 10:00:00+09:00,7200.0,7200.0,7040.0,7090.0,7468,0.0,0.0
2024-07-22 11:00:00+09:00,7040.0,7110.0,7000.0,7110.0,14713,0.0,0.0
2024-07-22 12:00:00+09:00,7110.0,7110.0,7000.0,7000.0,7227,0.0,0.0
2024-07-22 13:00:00+09:00,6990.0,7060.0,6990.0,7060.0,1756,0.0,0.0
2024-07-22 14:00:00+09:00,7060.0,7180.0,7030.0,7170.0,4555,0.0,0.0
2024-07-23 09:00:00+09:00,7110.0,7180.0,7070.0,7160.0,9130,0.0,0.0
2024-07-23 10:00:00+09:00,7160.0,7160.0,7080.0,7080.0,4003,0.0,0.0
2024-07-23 11:00:00+09:00,7110.0,7290.0,7100.0,7280.0,8137,0.0,0.0
2024-07-23 12:00:00+09:00,7270.0,7280.0,7210.0,7250.0,4850,0.0,0.0
2024-07-23 13:00:00+09:00,7250.0,7330.0,7180.0,7250.0,9200,0.0,0.0
2024-07-23 14:00:00+09:00,7230.0,7310.0,7230.0,7310.0,4448,0.0,0.0
2024-07-24 09:00:00+09:00,7320.0,7390.0,7260.0,7310.0,21182,0.0,0.0
2024-07-24 10:00:00+09:00,7310.0,7350.0,7280.0,7290.0,1929,0.0,0.0
2024-07-24 11:00:00+09:00,7280.0,7310.0,7270.0,7280.0,602,0.0,0.0
2024-07-24 12:00:00+09:00,7270.0,7300.0,7270.0,7280.0,1494,0.0,0.0
2024-07-24 13:00:00+09:00,7280.0,7310.0,7230.0,7300.0,4330,0.0,0.0
2024-07-24 14:00:00+09:00,7250.0,7290.0,7240.0,7240.0,4636,0.0,0.0
2024-07-25 09:00:00+09:00,7170.0,7200.0,7050.0,7140.0,16828,0.0,0.0
2024-07-25 10:00:00+09:00,7140.0,7170.0,7080.0,7150.0,1464,0.0,0.0
2024-07-25 11:00:00+09:00,7120.0,7120.0,7050.0,7100.0,14506,0.0,0.0
2024-07-25 12:00:00+09:00,7100.0,7100.0,7060.0,7060.0,716,0.0,0.0
2024-07-25 13:00:00+09:00,7100.0,7290.0,7090.0,7250.0,8348,0.0,0.0
2024-07-25 14:00:00+09:00,7200.0,7200.0,7080.0,7150.0,8411,0.0,0.0
2024-07-26 09:00:00+09:00,7200.0,7620.0,7130.0,7440.0,55170,0.0,0.0
2024-07-26 10:00:00+09:00,7450.0,7500.0,7410.0,7480.0,9479,0.0,0.0
2024-07-26 11:00:00+09:00,7480.0,7560.0,7460.0,7510.0,16666,0.0,0.0
2024-07-26 12:00:00+09:00,7510.0,7510.0,7470.0,7500.0,11608,0.0,0.0
2024-07-26 13:00:00+09:00,7510.0,7530.0,7470.0,7520.0,11820,0.0,0.0
2024-07-26 14:00:00+09:00,7520.0,7520.0,7450.0,7450.0,6778,0.0,0.0
2024-07-29 09:00:00+09:00,7610.0,8000.0,7520.0,7910.0,96005,0.0,0.0
2024-07-29 10:00:00+09:00,7910.0,7950.0,7730.0,7770.0,33932,0.0,0.0
2024-07-29 11:00:00+09:00,7770.0,7790.0,7630.0,7670.0,19496,0.0,0.0
2024-07-29 12:00:00+09:00,7670.0,7840.0,7670.0,7760.0,6377,0.0,0.0
2024-07-29 13:00:00+09:00,7760.0,7870.0,7760.0,7800.0,13058,0.0,0.0
2024-07-29 14:00:00+09:00,7810.0,7830.0,7760.0,7780.0,4978,0.0,0.0
2024-07-30 09:00:00+09:00,7700.0,7950.0,7570.0,7600.0,45814,0.0,0.0
2024-07-30 10:00:00+09:00,7610.0,7690.0,7580.0,7670.0,8837,0.0,0.0
2024-07-30 11:00:00+09:00,7670.0,7680.0,7630.0,7640.0,2897,0.0,0.0
2024-07-30 12:00:00+09:00,7640.0,7670.0,7550.0,7560.0,8686,0.0,0.0
2024-07-30 13:00:00+09:00,7580.0,7650.0,7570.0,7640.0,3790,0.0,0.0
2024-07-30 14:00:00+09:00,7640.0,7750.0,7580.0,7670.0,14389,0.0,0.0
2024-07-31 09:00:00+09:00,7750.0,8140.0,7710.0,8100.0,130669,0.0,0.0
2024-07-31 10:00:00+09:00,8090.0,8110.0,7950.0,8030.0,31181,0.0,0.0
2024-07-31 11:00:00+09:00,8060.0,8200.0,8040.0,8180.0,60101,0.0,0.0
2024-07-31 12:00:00+09:00,8180.0,8200.0,8130.0,8190.0,27168,0.0,0.0
2024-07-31 13:00:00+09:00,8200.0,8200.0,7900.0,7930.0,32590,0.0,0.0
2024-07-31 14:00:00+09:00,7940.0,7960.0,7870.0,7930.0,12659,0.0,0.0
2024-08-01 09:00:00+09:00,7880.0,8000.0,7780.0,7820.0,36508,0.0,0.0
2024-08-01 10:00:00+09:00,7820.0,8000.0,7820.0,7990.0,11549,0.0,0.0
2024-08-01 11:00:00+09:00,7990.0,8080.0,7910.0,7960.0,7841,0.0,0.0
2024-08-01 12:00:00+09:00,7960.0,8000.0,7900.0,7900.0,5309,0.0,0.0
2024-08-01 13:00:00+09:00,7900.0,8000.0,7880.0,7950.0,11129,0.0,0.0
2024-08-01 14:00:00+09:00,7950.0,7960.0,7900.0,7960.0,5864,0.0,0.0
2024-08-02 09:00:00+09:00,7740.0,7890.0,7570.0,7650.0,35950,0.0,0.0
2024-08-02 10:00:00+09:00,7610.0,8240.0,7600.0,7770.0,65461,0.0,0.0
2024-08-02 11:00:00+09:00,7770.0,7770.0,7540.0,7620.0,23583,0.0,0.0
2024-08-02 12:00:00+09:00,7630.0,7630.0,7530.0,7600.0,27284,0.0,0.0
2024-08-02 13:00:00+09:00,7570.0,7570.0,7400.0,7450.0,48292,0.0,0.0
2024-08-02 14:00:00+09:00,7460.0,7550.0,7420.0,7470.0,12160,0.0,0.0
2024-08-05 09:00:00+09:00,7200.0,7220.0,6800.0,6900.0,0,0.0,0.0
2024-08-05 10:00:00+09:00,6900.0,6900.0,6770.0,6850.0,38379,0.0,0.0
2024-08-05 11:00:00+09:00,6810.0,6840.0,6720.0,6720.0,33225,0.0,0.0
2024-08-05 12:00:00+09:00,6720.0,6800.0,6500.0,6630.0,30408,0.0,0.0
2024-08-05 13:00:00+09:00,6620.0,6730.0,6540.0,6650.0,21848,0.0,0.0
2024-08-05 14:00:00+09:00,6660.0,6660.0,6300.0,6480.0,29828,0.0,0.0
2024-08-06 09:00:00+09:00,6460.0,6930.0,6460.0,6870.0,120782,0.0,0.0
2024-08-06 10:00:00+09:00,6860.0,6910.0,6700.0,6760.0,22286,0.0,0.0
2024-08-06 11:00:00+09:00,6770.0,6850.0,6740.0,6800.0,5925,0.0,0.0
2024-08-06 12:00:00+09:00,6800.0,6850.0,6750.0,6830.0,15978,0.0,0.0
2024-08-06 13:00:00+09:00,6840.0,6870.0,6790.0,6790.0,19487,0.0,0.0
2024-08-06 14:00:00+09:00,6780.0,6810.0,6730.0,6800.0,7724,0.0,0.0
2024-08-07 09:00:00+09:00,6790.0,7060.0,6790.0,6940.0,21617,0.0,0.0
2024-08-07 10:00:00+09:00,6940.0,7010.0,6880.0,6980.0,10194,0.0,0.0
2024-08-07 11:00:00+09:00,6990.0,7030.0,6950.0,7010.0,4083,0.0,0.0
2024-08-07 12:00:00+09:00,7010.0,7060.0,7000.0,7050.0,7648,0.0,0.0
2024-08-07 13:00:00+09:00,7060.0,7080.0,7020.0,7080.0,10161,0.0,0.0
2024-08-07 14:00:00+09:00,7080.0,7090.0,6910.0,6940.0,15595,0.0,0.0
2024-08-08 09:00:00+09:00,6900.0,7000.0,6850.0,6980.0,17264,0.0,0.0
2024-08-08 10:00:00+09:00,6950.0,7160.0,6950.0,7130.0,20858,0.0,0.0
2024-08-08 11:00:00+09:00,7120.0,7170.0,7100.0,7170.0,4016,0.0,0.0
2024-08-08 12:00:00+09:00,7170.0,7240.0,7170.0,7200.0,7406,0.0,0.0
2024-08-08 13:00:00+09:00,7210.0,7220.0,7140.0,7140.0,2060,0.0,0.0
2024-08-08 14:00:00+09:00,7150.0,7190.0,7110.0,7170.0,4570,0.0,0.0
2024-08-09 09:00:00+09:00,7250.0,7550.0,7220.0,7410.0,38950,0.0,0.0
2024-08-09 10:00:00+09:00,7420.0,7490.0,7380.0,7410.0,28083,0.0,0.0
2024-08-09 11:00:00+09:00,7410.0,7460.0,7370.0,7460.0,0,0.0,0.0
2024-08-09 12:00:00+09:00,7420.0,7420.0,7380.0,7420.0,2814,0.0,0.0
2024-08-09 13:00:00+09:00,7430.0,7450.0,7400.0,7400.0,4036,0.0,0.0
2024-08-09 14:00:00+09:00,7410.0,7440.0,7370.0,7430.0,3883,0.0,0.0
