Datetime,Open,High,Low,Close,Volume,Dividends,Stock Splits
2022-08-11 09:00:00+09:00,3600.0,3650.0,3590.0,3625.0,0,0.0,0.0
2022-08-11 10:00:00+09:00,3610.0,3650.0,3610.0,3640.0,13171,0.0,0.0
2022-08-11 11:00:00+09:00,3640.0,3650.0,3610.0,3625.0,27359,0.0,0.0
2022-08-11 12:00:00+09:00,3625.0,3625.0,3620.0,3625.0,819,0.0,0.0
2022-08-11 13:00:00+09:00,3620.0,3655.0,3620.0,3650.0,6285,0.0,0.0
2022-08-11 14:00:00+09:00,3630.0,3640.0,3610.0,3630.0,6620,0.0,0.0
2022-08-12 09:00:00+09:00,3625.0,3670.0,3615.0,3640.0,0,0.0,0.0
2022-08-12 10:00:00+09:00,3640.0,3655.0,3630.0,3650.0,5253,0.0,0.0
2022-08-12 11:00:00+09:00,3650.0,3690.0,3635.0,3685.0,15748,0.0,0.0
2022-08-12 12:00:00+09:00,3685.0,3700.0,3655.0,3680.0,16543,0.0,0.0
2022-08-12 13:00:00+09:00,3680.0,3700.0,3635.0,3650.0,91430,0.0,0.0
2022-08-12 14:00:00+09:00,3650.0,3670.0,3630.0,3650.0,28338,0.0,0.0
2022-08-16 09:00:00+09:00,3635.0,3710.0,3630.0,3685.0,0,0.0,0.0
2022-08-16 10:00:00+09:00,3685.0,3690.0,3665.0,3690.0,10754,0.0,0.0
2022-08-16 11:00:00+09:00,3685.0,3695.0,3680.0,3690.0,9130,0.0,0.0
2022-08-16 12:00:00+09:00,3685.0,3695.0,3645.0,3675.0,34666,0.0,0.0
2022-08-16 13:00:00+09:00,3670.0,3675.0,3645.0,3665.0,21946,0.0,0.0
2022-08-16 14:00:00+09:00,3660.0,3665.0,3655.0,3660.0,3234,0.0,0.0
2022-08-17 09:00:00+09:00,3700.0,3700.0,3570.0,3600.0,0,0.0,0.0
2022-08-17 10:00:00+09:00,3595.0,3620.0,3570.0,3605.0,37187,0.0,0.0
2022-08-17 11:00:00+09:00,3610.0,3625.0,3590.0,3615.0,5112,0.0,0.0
2022-08-17 12:00:00+09:00,3600.0,3605.0,3585.0,3585.0,6811,0.0,0.0
2022-08-17 13:00:00+09:00,3595.0,3595.0,3565.0,3585.0,29022,0.0,0.0
2022-08-17 14:00:00+09:00,3570.0,3585.0,3565.0,3585.0,10313,0.0,0.0
2022-08-18 09:00:00+09:00,3575.0,3575.0,3485.0,3510.0,0,0.0,0.0
2022-08-18 10:00:00+09:00,3510.0,3515.0,3495.0,3495.0,19743,0.0,0.0
2022-08-18 11:00:00+09:00,3495.0,3505.0,3490.0,3500.0,11704,0.0,0.0
2022-08-18 12:00:00+09:00,3495.0,3505.0,3490.0,3505.0,13196,0.0,0.0
2022-08-18 13:00:00+09:00,3495.0,3505.0,3470.0,3490.0,45784,0.0,0.0
2022-08-18 14:00:00+09:00,3490.0,3545.0,3475.0,3540.0,23543,0.0,0.0
2022-08-19 09:00:00+09:00,3525.0,3555.0,3495.0,3530.0,0,0.0,0.0
2022-08-19 10:00:00+09:00,3510.0,3550.0,3505.0,3550.0,14152,0.0,0.0
2022-08-19 11:00:00+09:00,3550.0,3570.0,3535.0,3550.0,21454,0.0,0.0
2022-08-19 12:00:00+09:00,3550.0,3575.0,3540.0,3550.0,14986,0.0,0.0
2022-08-19 13:00:00+09:00,3550.0,3555.0,3530.0,3535.0,7309,0.0,0.0
2022-08-19 14:00:00+09:00,3535.0,3535.0,3505.0,3515.0,9745,0.0,0.0
2022-08-22 09:00:00+09:00,3470.0,3495.0,3410.0,3440.0,0,0.0,0.0
2022-08-22 10:00:00+09:00,3445.0,3455.0,3425.0,3445.0,10125,0.0,0.0
2022-08-22 11:00:00+09:00,3440.0,3450.0,3425.0,3445.0,7883,0.0,0.0
2022-08-22 12:00:00+09:00,3445.0,3450.0,3430.0,3430.0,9454,0.0,0.0
2022-08-22 13:00:00+09:00,3430.0,3435.0,3355.0,3360.0,53464,0.0,0.0
2022-08-22 14:00:00+09:00,3390.0,3415.0,3370.0,3390.0,12431,0.0,0.0
2022-08-23 09:00:00+09:00,3335.0,3385.0,3315.0,3360.0,0,0.0,0.0
2022-08-23 10:00:00+09:00,3375.0,3405.0,3350.0,3355.0,24868,0.0,0.0
2022-08-23 11:00:00+09:00,3370.0,3375.0,3350.0,3375.0,11554,0.0,0.0
2022-08-23 12:00:00+09:00,3375.0,3500.0,3360.0,3450.0,59503,0.0,0.0
2022-08-23 13:00:00+09:00,3440.0,3510.0,3285.0,3440.0,90780,0.0,0.0
2022-08-23 14:00:00+09:00,3435.0,3445.0,3370.0,3445.0,17565,0.0,0.0
2022-08-24 09:00:00+09:00,3460.0,3535.0,3460.0,3505.0,0,0.0,0.0
2022-08-24 10:00:00+09:00,3505.0,3535.0,3475.0,3490.0,17056,0.0,0.0
2022-08-24 11:00:00+09:00,3490.0,3515.0,3460.0,3505.0,8037,0.0,0.0
2022-08-24 12:00:00+09:00,3500.0,3545.0,3495.0,3525.0,6807,0.0,0.0
2022-08-24 13:00:00+09:00,3525.0,3540.0,3500.0,3530.0,4610,0.0,0.0
2022-08-24 14:00:00+09:00,3530.0,3530.0,3440.0,3515.0,28387,0.0,0.0
2022-08-25 09:00:00+09:00,3540.0,3550.0,3530.0,3540.0,0,0.0,0.0
2022-08-25 10:00:00+09:00,3535.0,3570.0,3535.0,3570.0,12941,0.0,0.0
2022-08-25 11:00:00+09:00,3565.0,3575.0,3545.0,3570.0,7663,0.0,0.0
2022-08-25 12:00:00+09:00,3565.0,3570.0,3545.0,3565.0,6677,0.0,0.0
2022-08-25 13:00:00+09:00,3565.0,3565.0,3555.0,3565.0,2523,0.0,0.0
2022-08-25 14:00:00+09:00,3560.0,3565.0,3530.0,3555.0,8413,0.0,0.0
2022-08-26 09:00:00+09:00,3590.0,3660.0,3580.0,3645.0,0,0.0,0.0
2022-08-26 10:00:00+09:00,3645.0,3655.0,3615.0,3640.0,19830,0.0,0.0
2022-08-26 11:00:00+09:00,3645.0,3650.0,3620.0,3630.0,3478,0.0,0.0
2022-08-26 12:00:00+09:00,3630.0,3630.0,3610.0,3625.0,2147,0.0,0.0
2022-08-26 13:00:00+09:00,3625.0,3630.0,3590.0,3605.0,5364,0.0,0.0
2022-08-26 14:00:00+09:00,3605.0,3625.0,3585.0,3605.0,3642,0.0,0.0
2022-08-29 09:00:00+09:00,3430.0,3530.0,3430.0,3500.0,0,0.0,0.0
2022-08-29 10:00:00+09:00,3500.0,3500.0,3450.0,3495.0,12432,0.0,0.0
2022-08-29 11:00:00+09:00,3485.0,3490.0,3475.0,3485.0,4054,0.0,0.0
2022-08-29 12:00:00+09:00,3485.0,3490.0,3470.0,3485.0,2452,0.0,0.0
2022-08-29 13:00:00+09:00,3485.0,3485.0,3470.0,3480.0,0,0.0,0.0
2022-08-29 14:00:00+09:00,3480.0,3490.0,3465.0,3480.0,60639,0.0,0.0
2022-08-30 09:00:00+09:00,3455.0,3515.0,3455.0,3500.0,0,0.0,0.0
2022-08-30 10:00:00+09:00,3500.0,3505.0,3465.0,3490.0,9793,0.0,0.0
2022-08-30 11:00:00+09:00,3490.0,3495.0,3485.0,3495.0,5033,0.0,0.0
2022-08-30 12:00:00+09:00,3495.0,3495.0,3485.0,3495.0,893,0.0,0.0
2022-08-30 13:00:00+09:00,3495.0,3500.0,3480.0,3495.0,8666,0.0,0.0
2022-08-30 14:00:00+09:00,3495.0,3500.0,3485.0,3500.0,17670,0.0,0.0
2022-08-31 09:00:00+09:00,3510.0,3560.0,3480.0,3555.0,0,0.0,0.0
2022-08-31 10:00:00+09:00,3545.0,3560.0,3525.0,3545.0,6968,0.0,0.0
2022-08-31 11:00:00+09:00,3535.0,3580.0,3535.0,3580.0,7150,0.0,0.0
2022-08-31 12:00:00+09:00,3575.0,3605.0,3570.0,3600.0,11132,0.0,0.0
2022-08-31 13:00:00+09:00,3600.0,3625.0,3600.0,3610.0,21172,0.0,0.0
2022-08-31 14:00:00+09:00,3610.0,3615.0,3590.0,3605.0,8142,0.0,0.0
2022-09-01 09:00:00+09:00,3605.0,3605.0,3560.0,3595.0,0,0.0,0.0
2022-09-01 10:00:00+09:00,3600.0,3620.0,3580.0,3610.0,13331,0.0,0.0
2022-09-01 11:00:00+09:00,3610.0,3620.0,3595.0,3600.0,8368,0.0,0.0
2022-09-01 12:00:00+09:00,3600.0,3610.0,3565.0,3575.0,16253,0.0,0.0
2022-09-01 13:00:00+09:00,3570.0,3585.0,3560.0,3585.0,9131,0.0,0.0
2022-09-01 14:00:00+09:00,3580.0,3620.0,3560.0,3575.0,14958,0.0,0.0
2022-09-02 09:00:00+09:00,3570.0,3630.0,3555.0,3615.0,0,0.0,0.0
2022-09-02 10:00:00+09:00,3615.0,3655.0,3605.0,3635.0,39454,0.0,0.0
2022-09-02 11:00:00+09:00,3635.0,3640.0,3580.0,3590.0,19255,0.0,0.0
2022-09-02 12:00:00+09:00,3590.0,3600.0,3585.0,3595.0,3118,0.0,0.0
2022-09-02 13:00:00+09:00,3600.0,3625.0,3600.0,3625.0,0,0.0,0.0
2022-09-02 14:00:00+09:00,3620.0,3620.0,3580.0,3595.0,131382,0.0,0.0
2022-09-05 09:00:00+09:00,3560.0,3595.0,3510.0,3545.0,0,0.0,0.0
2022-09-05 10:00:00+09:00,3540.0,3555.0,3500.0,3520.0,26904,0.0,0.0
2022-09-05 11:00:00+09:00,3510.0,3515.0,3465.0,3510.0,23410,0.0,0.0
2022-09-05 12:00:00+09:00,3505.0,3515.0,3480.0,3485.0,1368,0.0,0.0
2022-09-05 13:00:00+09:00,3510.0,3515.0,3485.0,3500.0,5827,0.0,0.0
2022-09-05 14:00:00+09:00,3495.0,3540.0,3495.0,3525.0,24053,0.0,0.0
2022-09-06 09:00:00+09:00,3525.0,3640.0,3525.0,3625.0,0,0.0,0.0
2022-09-06 10:00:00+09:00,3620.0,3640.0,3585.0,3620.0,25133,0.0,0.0
2022-09-06 11:00:00+09:00,3615.0,3630.0,3585.0,3620.0,7674,0.0,0.0
2022-09-06 12:00:00+09:00,3620.0,3625.0,3610.0,3625.0,4982,0.0,0.0
2022-09-06 13:00:00+09:00,3625.0,3630.0,3615.0,3625.0,3674,0.0,0.0
2022-09-06 14:00:00+09:00,3630.0,3630.0,3605.0,3620.0,6556,0.0,0.0
2022-09-07 09:00:00+09:00,3630.0,3630.0,3525.0,3565.0,0,0.0,0.0
2022-09-07 10:00:00+09:00,3555.0,3565.0,3530.0,3550.0,17404,0.0,0.0
2022-09-07 11:00:00+09:00,3550.0,3550.0,3530.0,3535.0,3438,0.0,0.0
2022-09-07 12:00:00+09:00,3540.0,3565.0,3525.0,3560.0,4170,0.0,0.0
2022-09-07 13:00:00+09:00,3555.0,3555.0,3530.0,3550.0,16100,0.0,0.0
2022-09-07 14:00:00+09:00,3550.0,3610.0,3535.0,3600.0,14193,0.0,0.0
2022-09-08 09:00:00+09:00,3515.0,3640.0,3515.0,3600.0,0,0.0,0.0
2022-09-08 10:00:00+09:00,3600.0,3605.0,3560.0,3600.0,5594,0.0,0.0
2022-09-08 11:00:00+09:00,3595.0,3600.0,3520.0,3570.0,7902,0.0,0.0
2022-09-08 12:00:00+09:00,3570.0,3590.0,3565.0,3585.0,3251,0.0,0.0
2022-09-08 13:00:00+09:00,3585.0,3600.0,3570.0,3570.0,2990,0.0,0.0
2022-09-08 14:00:00+09:00,3590.0,3590.0,3565.0,3580.0,5617,0.0,0.0
2022-09-13 09:00:00+09:00,3620.0,3710.0,3605.0,3700.0,0,0.0,0.0
2022-09-13 10:00:00+09:00,3700.0,3715.0,3680.0,3685.0,32176,0.0,0.0
2022-09-13 11:00:00+09:00,3695.0,3715.0,3690.0,3700.0,34520,0.0,0.0
2022-09-13 12:00:00+09:00,3700.0,3715.0,3695.0,3705.0,4085,0.0,0.0
2022-09-13 13:00:00+09:00,3705.0,3720.0,3695.0,3710.0,17816,0.0,0.0
2022-09-13 14:00:00+09:00,3710.0,3800.0,3705.0,3770.0,108568,0.0,0.0
2022-09-14 09:00:00+09:00,3730.0,3880.0,3670.0,3880.0,28989,0.0,0.0
2022-09-14 10:00:00+09:00,3880.0,4150.0,3850.0,4110.0,2013133,0.0,0.0
2022-09-14 11:00:00+09:00,4115.0,4180.0,4000.0,4040.0,1878674,0.0,0.0
2022-09-14 12:00:00+09:00,4040.0,4120.0,4000.0,4020.0,867792,0.0,0.0
2022-09-14 13:00:00+09:00,4015.0,4070.0,3940.0,4005.0,699877,0.0,0.0
2022-09-14 14:00:00+09:00,4000.0,4070.0,3985.0,3990.0,611005,0.0,0.0
2022-09-15 09:00:00+09:00,3915.0,3925.0,3865.0,3865.0,0,0.0,0.0
2022-09-15 10:00:00+09:00,3860.0,3960.0,3845.0,3960.0,141527,0.0,0.0
2022-09-15 11:00:00+09:00,3955.0,3960.0,3940.0,3945.0,68349,0.0,0.0
2022-09-15 12:00:00+09:00,3940.0,3980.0,3935.0,3970.0,73615,0.0,0.0
2022-09-15 13:00:00+09:00,3970.0,4010.0,3960.0,4005.0,137516,0.0,0.0
2022-09-15 14:00:00+09:00,4010.0,4015.0,3990.0,3995.0,93797,0.0,0.0
2022-09-16 09:00:00+09:00,3925.0,4005.0,3895.0,3980.0,0,0.0,0.0
2022-09-16 10:00:00+09:00,3980.0,4010.0,3925.0,4005.0,48325,0.0,0.0
2022-09-16 11:00:00+09:00,4000.0,4005.0,3955.0,3970.0,34734,0.0,0.0
2022-09-16 12:00:00+09:00,3960.0,3965.0,3875.0,3910.0,76626,0.0,0.0
2022-09-16 13:00:00+09:00,3910.0,3935.0,3870.0,3925.0,27062,0.0,0.0
2022-09-16 14:00:00+09:00,3925.0,3925.0,3845.0,3880.0,63658,0.0,0.0
2022-09-19 09:00:00+09:00,3860.0,3890.0,3760.0,3795.0,0,0.0,0.0
2022-09-19 10:00:00+09:00,3795.0,3830.0,3755.0,3800.0,20179,0.0,0.0
2022-09-19 11:00:00+09:00,3775.0,3800.0,3715.0,3750.0,53094,0.0,0.0
2022-09-19 12:00:00+09:00,3750.0,3750.0,3705.0,3720.0,19078,0.0,0.0
2022-09-19 13:00:00+09:00,3730.0,3745.0,3695.0,3735.0,10735,0.0,0.0
2022-09-19 14:00:00+09:00,3715.0,3730.0,3650.0,3680.0,46505,0.0,0.0
2022-09-20 09:00:00+09:00,3745.0,3790.0,3715.0,3745.0,0,0.0,0.0
2022-09-20 10:00:00+09:00,3745.0,3765.0,3700.0,3720.0,29060,0.0,0.0
2022-09-20 11:00:00+09:00,3725.0,3755.0,3720.0,3740.0,13127,0.0,0.0
2022-09-20 12:00:00+09:00,3740.0,3760.0,3730.0,3760.0,10691,0.0,0.0
2022-09-20 13:00:00+09:00,3755.0,3760.0,3735.0,3745.0,10852,0.0,0.0
2022-09-20 14:00:00+09:00,3740.0,3755.0,3735.0,3745.0,14849,0.0,0.0
2022-09-21 09:00:00+09:00,3765.0,3770.0,3715.0,3725.0,0,0.0,0.0
2022-09-21 10:00:00+09:00,3730.0,3760.0,3695.0,3695.0,25337,0.0,0.0
2022-09-21 11:00:00+09:00,3705.0,3710.0,3655.0,3680.0,24371,0.0,0.0
2022-09-21 12:00:00+09:00,3680.0,3695.0,3640.0,3665.0,26679,0.0,0.0
2022-09-21 13:00:00+09:00,3670.0,3675.0,3650.0,3655.0,7295,0.0,0.0
2022-09-21 14:00:00+09:00,3655.0,3695.0,3655.0,3695.0,18867,0.0,0.0
2022-09-22 09:00:00+09:00,3610.0,3685.0,3545.0,3555.0,0,0.0,0.0
2022-09-22 10:00:00+09:00,3560.0,3595.0,3510.0,3535.0,73243,0.0,0.0
2022-09-22 11:00:00+09:00,3540.0,3575.0,3540.0,3575.0,5883,0.0,0.0
2022-09-22 12:00:00+09:00,3575.0,3580.0,3560.0,3580.0,8127,0.0,0.0
2022-09-22 13:00:00+09:00,3580.0,3600.0,3570.0,3590.0,7388,0.0,0.0
2022-09-22 14:00:00+09:00,3580.0,3610.0,3580.0,3610.0,16653,0.0,0.0
2022-09-23 09:00:00+09:00,3530.0,3595.0,3525.0,3540.0,0,0.0,0.0
2022-09-23 10:00:00+09:00,3535.0,3550.0,3525.0,3530.0,22654,0.0,0.0
2022-09-23 11:00:00+09:00,3535.0,3545.0,3465.0,3480.0,29780,0.0,0.0
2022-09-23 12:00:00+09:00,3480.0,3480.0,3415.0,3470.0,32387,0.0,0.0
2022-09-23 13:00:00+09:00,3470.0,3490.0,3460.0,3475.0,18725,0.0,0.0
2022-09-23 14:00:00+09:00,3470.0,3490.0,3455.0,3460.0,27442,0.0,0.0
2022-09-26 09:00:00+09:00,3410.0,3425.0,3300.0,3320.0,0,0.0,0.0
2022-09-26 10:00:00+09:00,3310.0,3325.0,3290.0,3305.0,18809,0.0,0.0
2022-09-26 11:00:00+09:00,3305.0,3350.0,3300.0,3325.0,13351,0.0,0.0
2022-09-26 12:00:00+09:00,3330.0,3365.0,3305.0,3325.0,9781,0.0,0.0
2022-09-26 13:00:00+09:00,3325.0,3325.0,3275.0,3280.0,33530,0.0,0.0
2022-09-26 14:00:00+09:00,3280.0,3310.0,3260.0,3290.0,21162,0.0,0.0
2022-09-27 09:00:00+09:00,3200.0,3300.0,3195.0,3280.0,0,0.0,0.0
2022-09-27 10:00:00+09:00,3280.0,3300.0,3240.0,3240.0,10723,0.0,0.0
2022-09-27 11:00:00+09:00,3240.0,3255.0,3200.0,3235.0,21692,0.0,0.0
2022-09-27 12:00:00+09:00,3235.0,3235.0,3150.0,3180.0,18477,0.0,0.0
2022-09-27 13:00:00+09:00,3175.0,3220.0,3170.0,3220.0,9528,0.0,0.0
2022-09-27 14:00:00+09:00,3210.0,3230.0,3185.0,3230.0,23552,0.0,0.0
2022-09-28 09:00:00+09:00,3255.0,3305.0,3250.0,3280.0,0,0.0,0.0
2022-09-28 10:00:00+09:00,3280.0,3285.0,3170.0,3170.0,47697,0.0,0.0
2022-09-28 11:00:00+09:00,3170.0,3170.0,3030.0,3035.0,128969,0.0,0.0
2022-09-28 12:00:00+09:00,3040.0,3070.0,3020.0,3050.0,30875,0.0,0.0
2022-09-28 13:00:00+09:00,3050.0,3075.0,3035.0,3065.0,22263,0.0,0.0
2022-09-28 14:00:00+09:00,3060.0,3080.0,3050.0,3075.0,30072,0.0,0.0
2022-09-29 09:00:00+09:00,3080.0,3175.0,3020.0,3165.0,0,0.0,0.0
2022-09-29 10:00:00+09:00,3165.0,3205.0,3145.0,3180.0,24845,0.0,0.0
2022-09-29 11:00:00+09:00,3160.0,3180.0,3125.0,3155.0,21143,0.0,0.0
2022-09-29 12:00:00+09:00,3150.0,3180.0,3130.0,3170.0,4146,0.0,0.0
2022-09-29 13:00:00+09:00,3170.0,3175.0,3140.0,3170.0,21119,0.0,0.0
2022-09-29 14:00:00+09:00,3170.0,3170.0,3145.0,3150.0,19249,0.0,0.0
2022-09-30 09:00:00+09:00,3030.0,3115.0,2990.0,3015.0,0,0.0,0.0
2022-09-30 10:00:00+09:00,3010.0,3075.0,2995.0,3070.0,19282,0.0,0.0
2022-09-30 11:00:00+09:00,3055.0,3075.0,3015.0,3040.0,17034,0.0,0.0
2022-09-30 12:00:00+09:00,3045.0,3065.0,3010.0,3015.0,26351,0.0,0.0
2022-09-30 13:00:00+09:00,3015.0,3025.0,3005.0,3015.0,27702,0.0,0.0
2022-09-30 14:00:00+09:00,3010.0,3055.0,3005.0,3010.0,25558,0.0,0.0
2022-10-04 09:00:00+09:00,3085.0,3155.0,3085.0,3150.0,0,0.0,0.0
2022-10-04 10:00:00+09:00,3145.0,3165.0,3135.0,3160.0,12650,0.0,0.0
2022-10-04 11:00:00+09:00,3165.0,3165.0,3130.0,3155.0,6766,0.0,0.0
2022-10-04 12:00:00+09:00,3155.0,3155.0,3135.0,3150.0,1684,0.0,0.0
2022-10-04 13:00:00+09:00,3140.0,3150.0,3130.0,3145.0,6065,0.0,0.0
2022-10-04 14:00:00+09:00,3135.0,3155.0,3120.0,3150.0,18285,0.0,0.0
2022-10-05 09:00:00+09:00,3235.0,3250.0,3135.0,3140.0,0,0.0,0.0
2022-10-05 10:00:00+09:00,3140.0,3155.0,3110.0,3130.0,17075,0.0,0.0
2022-10-05 11:00:00+09:00,3115.0,3130.0,3085.0,3105.0,13306,0.0,0.0
2022-10-05 12:00:00+09:00,3100.0,3115.0,3095.0,3105.0,4061,0.0,0.0
2022-10-05 13:00:00+09:00,3115.0,3115.0,3075.0,3115.0,14117,0.0,0.0
2022-10-05 14:00:00+09:00,3105.0,3120.0,3105.0,3120.0,9230,0.0,0.0
2022-10-06 09:00:00+09:00,3125.0,3220.0,3125.0,3210.0,0,0.0,0.0
2022-10-06 10:00:00+09:00,3210.0,3220.0,3190.0,3210.0,35044,0.0,0.0
2022-10-06 11:00:00+09:00,3210.0,3235.0,3210.0,3235.0,10738,0.0,0.0
2022-10-06 12:00:00+09:00,3220.0,3240.0,3215.0,3235.0,13781,0.0,0.0
2022-10-06 13:00:00+09:00,3235.0,3240.0,3225.0,3235.0,1521,0.0,0.0
2022-10-06 14:00:00+09:00,3235.0,3250.0,3230.0,3250.0,4548,0.0,0.0
2022-10-07 09:00:00+09:00,3210.0,3280.0,3170.0,3255.0,0,0.0,0.0
2022-10-07 10:00:00+09:00,3245.0,3270.0,3225.0,3270.0,3429,0.0,0.0
2022-10-07 11:00:00+09:00,3260.0,3265.0,3245.0,3265.0,1644,0.0,0.0
2022-10-07 12:00:00+09:00,3265.0,3270.0,3245.0,3255.0,4926,0.0,0.0
2022-10-07 13:00:00+09:00,3250.0,3255.0,3225.0,3235.0,7725,0.0,0.0
2022-10-07 14:00:00+09:00,3235.0,3265.0,3225.0,3265.0,9735,0.0,0.0
2022-10-11 09:00:00+09:00,3145.0,3210.0,3085.0,3105.0,0,0.0,0.0
2022-10-11 10:00:00+09:00,3095.0,3120.0,3080.0,3085.0,8860,0.0,0.0
2022-10-11 11:00:00+09:00,3105.0,3105.0,3065.0,3070.0,11099,0.0,0.0
2022-10-11 12:00:00+09:00,3070.0,3110.0,3070.0,3080.0,1915,0.0,0.0
2022-10-11 13:00:00+09:00,3080.0,3085.0,3030.0,3050.0,25070,0.0,0.0
2022-10-11 14:00:00+09:00,3045.0,3070.0,3040.0,3050.0,12801,0.0,0.0
2022-10-12 09:00:00+09:00,3030.0,3060.0,2995.0,3060.0,0,0.0,0.0
2022-10-12 10:00:00+09:00,3065.0,3065.0,3020.0,3035.0,7266,0.0,0.0
2022-10-12 11:00:00+09:00,3025.0,3030.0,3015.0,3030.0,7478,0.0,0.0
2022-10-12 12:00:00+09:00,3020.0,3055.0,3020.0,3045.0,1875,0.0,0.0
2022-10-12 13:00:00+09:00,3045.0,3065.0,3035.0,3055.0,5069,0.0,0.0
2022-10-12 14:00:00+09:00,3050.0,3055.0,3020.0,3035.0,14520,0.0,0.0
2022-10-13 09:00:00+09:00,3025.0,3030.0,2980.0,3010.0,0,0.0,0.0
2022-10-13 10:00:00+09:00,2990.0,3010.0,2980.0,2990.0,13914,0.0,0.0
2022-10-13 11:00:00+09:00,2990.0,3010.0,2970.0,2975.0,17449,0.0,0.0
2022-10-13 12:00:00+09:00,2975.0,3000.0,2970.0,2990.0,4254,0.0,0.0
2022-10-13 13:00:00+09:00,2990.0,2995.0,2960.0,2985.0,11012,0.0,0.0
2022-10-13 14:00:00+09:00,2965.0,2985.0,2940.0,2980.0,0,0.0,0.0
2022-10-14 09:00:00+09:00,3040.0,3065.0,3010.0,3055.0,0,0.0,0.0
2022-10-14 10:00:00+09:00,3055.0,3125.0,3055.0,3125.0,16175,0.0,0.0
2022-10-14 11:00:00+09:00,3115.0,3120.0,3080.0,3085.0,3647,0.0,0.0
2022-10-14 12:00:00+09:00,3085.0,3100.0,3080.0,3100.0,4316,0.0,0.0
2022-10-14 13:00:00+09:00,3095.0,3110.0,3095.0,3110.0,6729,0.0,0.0
2022-10-14 14:00:00+09:00,3110.0,3120.0,3100.0,3115.0,8650,0.0,0.0
2022-10-17 09:00:00+09:00,3100.0,3165.0,3055.0,3135.0,0,0.0,0.0
2022-10-17 10:00:00+09:00,3160.0,3165.0,3135.0,3160.0,4090,0.0,0.0
2022-10-17 11:00:00+09:00,3145.0,3165.0,3140.0,3165.0,3213,0.0,0.0
2022-10-17 12:00:00+09:00,3165.0,3170.0,3135.0,3165.0,3290,0.0,0.0
2022-10-17 13:00:00+09:00,3150.0,3165.0,3115.0,3120.0,8383,0.0,0.0
2022-10-17 14:00:00+09:00,3120.0,3170.0,3115.0,3155.0,10862,0.0,0.0
2022-10-18 09:00:00+09:00,3205.0,3250.0,3165.0,3235.0,0,0.0,0.0
2022-10-18 10:00:00+09:00,3225.0,3235.0,3210.0,3220.0,8389,0.0,0.0
2022-10-18 11:00:00+09:00,3220.0,3235.0,3200.0,3235.0,8164,0.0,0.0
2022-10-18 12:00:00+09:00,3235.0,3240.0,3230.0,3230.0,1460,0.0,0.0
2022-10-18 13:00:00+09:00,3230.0,3250.0,3210.0,3250.0,18327,0.0,0.0
2022-10-18 14:00:00+09:00,3245.0,3260.0,3210.0,3250.0,14901,0.0,0.0
2022-10-19 09:00:00+09:00,3230.0,3270.0,3215.0,3260.0,0,0.0,0.0
2022-10-19 10:00:00+09:00,3255.0,3265.0,3235.0,3265.0,4147,0.0,0.0
2022-10-19 11:00:00+09:00,3260.0,3260.0,3235.0,3235.0,5374,0.0,0.0
2022-10-19 12:00:00+09:00,3235.0,3255.0,3230.0,3235.0,3640,0.0,0.0
2022-10-19 13:00:00+09:00,3235.0,3240.0,3205.0,3220.0,7213,0.0,0.0
2022-10-19 14:00:00+09:00,3210.0,3230.0,3200.0,3205.0,3280,0.0,0.0
2022-10-20 09:00:00+09:00,3170.0,3205.0,3170.0,3205.0,0,0.0,0.0
2022-10-20 10:00:00+09:00,3200.0,3240.0,3170.0,3175.0,26020,0.0,0.0
2022-10-20 11:00:00+09:00,3175.0,3220.0,3170.0,3210.0,3894,0.0,0.0
2022-10-20 12:00:00+09:00,3200.0,3210.0,3195.0,3200.0,1268,0.0,0.0
2022-10-20 13:00:00+09:00,3195.0,3220.0,3180.0,3215.0,5370,0.0,0.0
2022-10-20 14:00:00+09:00,3215.0,3220.0,3185.0,3210.0,3118,0.0,0.0
2022-10-21 09:00:00+09:00,3180.0,3195.0,3160.0,3190.0,0,0.0,0.0
2022-10-21 10:00:00+09:00,3195.0,3200.0,3175.0,3195.0,9413,0.0,0.0
2022-10-21 11:00:00+09:00,3195.0,3200.0,3190.0,3195.0,1360,0.0,0.0
2022-10-21 12:00:00+09:00,3190.0,3205.0,3180.0,3180.0,7814,0.0,0.0
2022-10-21 13:00:00+09:00,3195.0,3195.0,3180.0,3195.0,28,0.0,0.0
2022-10-21 14:00:00+09:00,3180.0,3200.0,3180.0,3185.0,9695,0.0,0.0
2022-10-24 09:00:00+09:00,3185.0,3245.0,3175.0,3240.0,0,0.0,0.0
2022-10-24 10:00:00+09:00,3230.0,3240.0,3185.0,3210.0,11833,0.0,0.0
2022-10-24 11:00:00+09:00,3210.0,3230.0,3195.0,3225.0,11848,0.0,0.0
2022-10-24 12:00:00+09:00,3210.0,3210.0,3190.0,3205.0,4778,0.0,0.0
2022-10-24 13:00:00+09:00,3210.0,3225.0,3200.0,3215.0,1670,0.0,0.0
2022-10-24 14:00:00+09:00,3215.0,3215.0,3205.0,3210.0,3645,0.0,0.0
2022-10-25 09:00:00+09:00,3220.0,3255.0,3215.0,3240.0,0,0.0,0.0
2022-10-25 10:00:00+09:00,3245.0,3245.0,3215.0,3230.0,3947,0.0,0.0
2022-10-25 11:00:00+09:00,3225.0,3230.0,3190.0,3205.0,7281,0.0,0.0
2022-10-25 12:00:00+09:00,3195.0,3230.0,3195.0,3230.0,2805,0.0,0.0
2022-10-25 13:00:00+09:00,3230.0,3230.0,3210.0,3210.0,3313,0.0,0.0
2022-10-25 14:00:00+09:00,3210.0,3225.0,3205.0,3215.0,4302,0.0,0.0
2022-10-26 09:00:00+09:00,3245.0,3245.0,3210.0,3220.0,0,0.0,0.0
2022-10-26 10:00:00+09:00,3210.0,3225.0,3205.0,3225.0,2174,0.0,0.0
2022-10-26 11:00:00+09:00,3215.0,3225.0,3215.0,3225.0,462,0.0,0.0
2022-10-26 12:00:00+09:00,3225.0,3225.0,3200.0,3205.0,10941,0.0,0.0
2022-10-26 13:00:00+09:00,3205.0,3205.0,3185.0,3200.0,8268,0.0,0.0
2022-10-26 14:00:00+09:00,3200.0,3205.0,3160.0,3190.0,8073,0.0,0.0
2022-10-27 09:00:00+09:00,3165.0,3220.0,3165.0,3200.0,0,0.0,0.0
2022-10-27 10:00:00+09:00,3225.0,3260.0,3215.0,3255.0,11110,0.0,0.0
2022-10-27 11:00:00+09:00,3250.0,3250.0,3225.0,3230.0,3153,0.0,0.0
2022-10-27 12:00:00+09:00,3230.0,3230.0,3210.0,3215.0,5195,0.0,0.0
2022-10-27 13:00:00+09:00,3215.0,3235.0,3205.0,3225.0,3357,0.0,0.0
2022-10-27 14:00:00+09:00,3235.0,3250.0,3235.0,3250.0,3323,0.0,0.0
2022-10-28 09:00:00+09:00,3220.0,3250.0,3220.0,3235.0,8122,0.0,0.0
2022-10-28 10:00:00+09:00,3235.0,3245.0,3225.0,3245.0,6040,0.0,0.0
2022-10-28 11:00:00+09:00,3245.0,3245.0,3225.0,3235.0,2951,0.0,0.0
2022-10-28 12:00:00+09:00,3235.0,3235.0,3205.0,3225.0,8286,0.0,0.0
2022-10-28 13:00:00+09:00,3205.0,3225.0,3195.0,3220.0,3346,0.0,0.0
2022-10-28 14:00:00+09:00,3215.0,3220.0,3190.0,3215.0,4645,0.0,0.0
2022-10-31 09:00:00+09:00,3280.0,3280.0,3205.0,3245.0,0,0.0,0.0
2022-10-31 10:00:00+09:00,3245.0,3245.0,3205.0,3240.0,2682,0.0,0.0
2022-10-31 11:00:00+09:00,3240.0,3245.0,3225.0,3240.0,1511,0.0,0.0
2022-10-31 12:00:00+09:00,3235.0,3240.0,3210.0,3235.0,3727,0.0,0.0
2022-10-31 13:00:00+09:00,3220.0,3270.0,3210.0,3260.0,14832,0.0,0.0
2022-10-31 14:00:00+09:00,3260.0,3275.0,3245.0,3250.0,5610,0.0,0.0
2022-11-01 09:00:00+09:00,3245.0,3275.0,3240.0,3260.0,0,0.0,0.0
2022-11-01 10:00:00+09:00,3260.0,3300.0,3260.0,3280.0,14685,0.0,0.0
2022-11-01 11:00:00+09:00,3280.0,3290.0,3270.0,3285.0,8490,0.0,0.0
2022-11-01 12:00:00+09:00,3280.0,3320.0,3275.0,3315.0,14251,0.0,0.0
2022-11-01 13:00:00+09:00,3315.0,3315.0,3280.0,3285.0,6295,0.0,0.0
2022-11-01 14:00:00+09:00,3295.0,3295.0,3275.0,3285.0,4930,0.0,0.0
2022-11-02 09:00:00+09:00,3270.0,3290.0,3250.0,3290.0,0,0.0,0.0
2022-11-02 10:00:00+09:00,3265.0,3310.0,3265.0,3285.0,4085,0.0,0.0
2022-11-02 11:00:00+09:00,3275.0,3290.0,3265.0,3290.0,4507,0.0,0.0
2022-11-02 12:00:00+09:00,3285.0,3290.0,3280.0,3285.0,3537,0.0,0.0
2022-11-02 13:00:00+09:00,3275.0,3285.0,3265.0,3280.0,2361,0.0,0.0
2022-11-02 14:00:00+09:00,3280.0,3285.0,3260.0,3275.0,5874,0.0,0.0
2022-11-03 09:00:00+09:00,3225.0,3260.0,3210.0,3255.0,0,0.0,0.0
2022-11-03 10:00:00+09:00,3265.0,3300.0,3225.0,3295.0,13514,0.0,0.0
2022-11-03 11:00:00+09:00,3280.0,3290.0,3260.0,3275.0,2506,0.0,0.0
2022-11-03 12:00:00+09:00,3275.0,3275.0,3240.0,3265.0,1841,0.0,0.0
2022-11-03 13:00:00+09:00,3265.0,3295.0,3265.0,3295.0,3462,0.0,0.0
2022-11-03 14:00:00+09:00,3295.0,3295.0,3255.0,3290.0,2435,0.0,0.0
2022-11-04 09:00:00+09:00,3290.0,3290.0,3250.0,3250.0,0,0.0,0.0
2022-11-04 10:00:00+09:00,3250.0,3280.0,3235.0,3265.0,6724,0.0,0.0
2022-11-04 11:00:00+09:00,3250.0,3280.0,3235.0,3280.0,5987,0.0,0.0
2022-11-04 12:00:00+09:00,3280.0,3300.0,3240.0,3250.0,8928,0.0,0.0
2022-11-04 13:00:00+09:00,3250.0,3295.0,3235.0,3295.0,4963,0.0,0.0
2022-11-04 14:00:00+09:00,3295.0,3305.0,3270.0,3305.0,7125,0.0,0.0
2022-11-07 09:00:00+09:00,3290.0,3340.0,3290.0,3310.0,0,0.0,0.0
2022-11-07 10:00:00+09:00,3310.0,3310.0,3285.0,3300.0,5203,0.0,0.0
2022-11-07 11:00:00+09:00,3305.0,3305.0,3295.0,3300.0,1784,0.0,0.0
2022-11-07 12:00:00+09:00,3300.0,3300.0,3280.0,3295.0,12491,0.0,0.0
2022-11-07 13:00:00+09:00,3295.0,3300.0,3280.0,3295.0,5545,0.0,0.0
2022-11-07 14:00:00+09:00,3295.0,3305.0,3290.0,3295.0,11049,0.0,0.0
2022-11-08 09:00:00+09:00,3295.0,3380.0,3280.0,3355.0,0,0.0,0.0
2022-11-08 10:00:00+09:00,3350.0,3350.0,3320.0,3340.0,2131,0.0,0.0
2022-11-08 11:00:00+09:00,3340.0,3350.0,3330.0,3335.0,4030,0.0,0.0
2022-11-08 12:00:00+09:00,3335.0,3345.0,3325.0,3340.0,4155,0.0,0.0
2022-11-08 13:00:00+09:00,3330.0,3340.0,3325.0,3325.0,3683,0.0,0.0
2022-11-08 14:00:00+09:00,3335.0,3335.0,3315.0,3330.0,1361,0.0,0.0
2022-11-09 09:00:00+09:00,3300.0,3335.0,3295.0,3335.0,0,0.0,0.0
2022-11-09 10:00:00+09:00,3330.0,3340.0,3310.0,3330.0,8398,0.0,0.0
2022-11-09 11:00:00+09:00,3330.0,3335.0,3320.0,3335.0,4187,0.0,0.0
2022-11-09 12:00:00+09:00,3335.0,3335.0,3315.0,3315.0,5772,0.0,0.0
2022-11-09 13:00:00+09:00,3330.0,3330.0,3315.0,3330.0,3917,0.0,0.0
2022-11-09 14:00:00+09:00,3330.0,3335.0,3310.0,3330.0,3146,0.0,0.0
2022-11-10 09:00:00+09:00,3315.0,3370.0,3305.0,3335.0,0,0.0,0.0
2022-11-10 10:00:00+09:00,3330.0,3350.0,3310.0,3335.0,2818,0.0,0.0
2022-11-10 11:00:00+09:00,3320.0,3335.0,3305.0,3315.0,4788,0.0,0.0
2022-11-10 12:00:00+09:00,3320.0,3360.0,3320.0,3345.0,4359,0.0,0.0
2022-11-10 13:00:00+09:00,3345.0,3350.0,3340.0,3350.0,1616,0.0,0.0
2022-11-10 14:00:00+09:00,3350.0,3355.0,3340.0,3355.0,3222,0.0,0.0
2022-11-11 09:00:00+09:00,3450.0,3500.0,3390.0,3405.0,0,0.0,0.0
2022-11-11 10:00:00+09:00,3395.0,3435.0,3115.0,3300.0,288789,0.0,0.0
2022-11-11 11:00:00+09:00,3295.0,3335.0,3270.0,3330.0,53401,0.0,0.0
2022-11-11 12:00:00+09:00,3325.0,3345.0,3300.0,3330.0,28261,0.0,0.0
2022-11-11 13:00:00+09:00,3330.0,3340.0,3310.0,3320.0,14183,0.0,0.0
2022-11-11 14:00:00+09:00,3320.0,3330.0,3275.0,3305.0,55161,0.0,0.0
2022-11-14 09:00:00+09:00,3310.0,3325.0,3285.0,3300.0,0,0.0,0.0
2022-11-14 10:00:00+09:00,3300.0,3340.0,3290.0,3315.0,16567,0.0,0.0
2022-11-14 11:00:00+09:00,3315.0,3320.0,3300.0,3315.0,11572,0.0,0.0
2022-11-14 12:00:00+09:00,3315.0,3330.0,3310.0,3330.0,4721,0.0,0.0
2022-11-14 13:00:00+09:00,3330.0,3335.0,3310.0,3320.0,5277,0.0,0.0
2022-11-14 14:00:00+09:00,3320.0,3320.0,3270.0,3275.0,33268,0.0,0.0
2022-11-15 09:00:00+09:00,3285.0,3310.0,3260.0,3280.0,0,0.0,0.0
2022-11-15 10:00:00+09:00,3280.0,3315.0,3280.0,3315.0,16016,0.0,0.0
2022-11-15 11:00:00+09:00,3310.0,3330.0,3300.0,3325.0,17999,0.0,0.0
2022-11-15 12:00:00+09:00,3325.0,3340.0,3320.0,3335.0,15787,0.0,0.0
2022-11-15 13:00:00+09:00,3335.0,3355.0,3320.0,3340.0,12202,0.0,0.0
2022-11-15 14:00:00+09:00,3340.0,3370.0,3340.0,3365.0,16169,0.0,0.0
2022-11-16 09:00:00+09:00,3370.0,3385.0,3305.0,3315.0,0,0.0,0.0
2022-11-16 10:00:00+09:00,3310.0,3315.0,3285.0,3300.0,16633,0.0,0.0
2022-11-16 11:00:00+09:00,3300.0,3325.0,3300.0,3325.0,12250,0.0,0.0
2022-11-16 12:00:00+09:00,3315.0,3335.0,3315.0,3335.0,6875,0.0,0.0
2022-11-16 13:00:00+09:00,3335.0,3335.0,3295.0,3315.0,30834,0.0,0.0
2022-11-16 14:00:00+09:00,3315.0,3350.0,3305.0,3320.0,4156,0.0,0.0
2022-11-17 10:00:00+09:00,3335.0,3335.0,3295.0,3325.0,18101,0.0,0.0
2022-11-17 11:00:00+09:00,3325.0,3325.0,3305.0,3325.0,9131,0.0,0.0
2022-11-17 12:00:00+09:00,3325.0,3325.0,3305.0,3320.0,10439,0.0,0.0
2022-11-17 13:00:00+09:00,3320.0,3320.0,3295.0,3310.0,9461,0.0,0.0
2022-11-17 14:00:00+09:00,3300.0,3310.0,3285.0,3310.0,14915,0.0,0.0
2022-11-18 09:00:00+09:00,3300.0,3360.0,3290.0,3335.0,0,0.0,0.0
2022-11-18 10:00:00+09:00,3335.0,3335.0,3315.0,3320.0,4063,0.0,0.0
2022-11-18 11:00:00+09:00,3320.0,3320.0,3305.0,3320.0,7664,0.0,0.0
2022-11-18 12:00:00+09:00,3315.0,3320.0,3295.0,3310.0,7108,0.0,0.0
2022-11-18 13:00:00+09:00,3300.0,3305.0,3275.0,3295.0,5711,0.0,0.0
2022-11-18 14:00:00+09:00,3290.0,3300.0,3270.0,3280.0,9395,0.0,0.0
2022-11-21 09:00:00+09:00,3295.0,3310.0,3225.0,3260.0,0,0.0,0.0
2022-11-21 10:00:00+09:00,3240.0,3265.0,3205.0,3210.0,23072,0.0,0.0
2022-11-21 11:00:00+09:00,3210.0,3240.0,3200.0,3200.0,8472,0.0,0.0
2022-11-21 12:00:00+09:00,3200.0,3230.0,3180.0,3225.0,25530,0.0,0.0
2022-11-21 13:00:00+09:00,3225.0,3225.0,3200.0,3225.0,6286,0.0,0.0
2022-11-21 14:00:00+09:00,3200.0,3230.0,3190.0,3220.0,6268,0.0,0.0
2022-11-22 09:00:00+09:00,3170.0,3240.0,3170.0,3190.0,0,0.0,0.0
2022-11-22 10:00:00+09:00,3190.0,3230.0,3190.0,3230.0,6386,0.0,0.0
2022-11-22 11:00:00+09:00,3215.0,3235.0,3215.0,3230.0,2822,0.0,0.0
2022-11-22 12:00:00+09:00,3230.0,3235.0,3210.0,3235.0,2229,0.0,0.0
2022-11-22 13:00:00+09:00,3235.0,3235.0,3205.0,3220.0,2679,0.0,0.0
2022-11-22 14:00:00+09:00,3220.0,3220.0,3195.0,3205.0,3190,0.0,0.0
2022-11-23 09:00:00+09:00,3200.0,3270.0,3200.0,3245.0,0,0.0,0.0
2022-11-23 10:00:00+09:00,3245.0,3280.0,3240.0,3280.0,9681,0.0,0.0
2022-11-23 11:00:00+09:00,3275.0,3275.0,3260.0,3275.0,1048,0.0,0.0
2022-11-23 12:00:00+09:00,3265.0,3280.0,3265.0,3280.0,3168,0.0,0.0
2022-11-23 13:00:00+09:00,3275.0,3280.0,3265.0,3265.0,1207,0.0,0.0
2022-11-23 14:00:00+09:00,3270.0,3275.0,3250.0,3270.0,7657,0.0,0.0
2022-11-24 09:00:00+09:00,3290.0,3330.0,3270.0,3315.0,0,0.0,0.0
2022-11-24 10:00:00+09:00,3310.0,3330.0,3300.0,3325.0,10200,0.0,0.0
2022-11-24 11:00:00+09:00,3325.0,3350.0,3320.0,3345.0,14379,0.0,0.0
2022-11-24 12:00:00+09:00,3340.0,3340.0,3320.0,3330.0,3262,0.0,0.0
2022-11-24 13:00:00+09:00,3330.0,3335.0,3320.0,3335.0,6042,0.0,0.0
2022-11-24 14:00:00+09:00,3335.0,3355.0,3325.0,3350.0,9092,0.0,0.0
2022-11-25 09:00:00+09:00,3350.0,3355.0,3315.0,3350.0,0,0.0,0.0
2022-11-25 10:00:00+09:00,3345.0,3355.0,3335.0,3340.0,7981,0.0,0.0
2022-11-25 11:00:00+09:00,3340.0,3340.0,3305.0,3330.0,10912,0.0,0.0
2022-11-25 12:00:00+09:00,3325.0,3330.0,3310.0,3320.0,1650,0.0,0.0
2022-11-25 13:00:00+09:00,3315.0,3330.0,3300.0,3325.0,6550,0.0,0.0
2022-11-25 14:00:00+09:00,3325.0,3330.0,3300.0,3320.0,5894,0.0,0.0
2022-11-28 09:00:00+09:00,3330.0,3330.0,3265.0,3275.0,0,0.0,0.0
2022-11-28 10:00:00+09:00,3270.0,3305.0,3250.0,3280.0,11207,0.0,0.0
2022-11-28 11:00:00+09:00,3280.0,3285.0,3260.0,3265.0,4928,0.0,0.0
2022-11-28 12:00:00+09:00,3270.0,3285.0,3265.0,3285.0,4222,0.0,0.0
2022-11-28 13:00:00+09:00,3275.0,3275.0,3255.0,3270.0,9926,0.0,0.0
2022-11-28 14:00:00+09:00,3270.0,3275.0,3245.0,3265.0,12234,0.0,0.0
2022-11-29 09:00:00+09:00,3190.0,3255.0,3190.0,3255.0,0,0.0,0.0
2022-11-29 10:00:00+09:00,3250.0,3285.0,3230.0,3285.0,9819,0.0,0.0
2022-11-29 11:00:00+09:00,3280.0,3285.0,3265.0,3280.0,6960,0.0,0.0
2022-11-29 12:00:00+09:00,3275.0,3295.0,3270.0,3280.0,5279,0.0,0.0
2022-11-29 13:00:00+09:00,3285.0,3295.0,3275.0,3295.0,6676,0.0,0.0
2022-11-29 14:00:00+09:00,3290.0,3325.0,3290.0,3300.0,10080,0.0,0.0
2022-11-30 09:00:00+09:00,3325.0,3325.0,3275.0,3315.0,0,0.0,0.0
2022-11-30 10:00:00+09:00,3315.0,3325.0,3275.0,3315.0,11498,0.0,0.0
2022-11-30 11:00:00+09:00,3310.0,3325.0,3285.0,3320.0,6249,0.0,0.0
2022-11-30 12:00:00+09:00,3320.0,3325.0,3310.0,3320.0,2221,0.0,0.0
2022-11-30 13:00:00+09:00,3315.0,3320.0,3285.0,3320.0,6467,0.0,0.0
2022-11-30 14:00:00+09:00,3310.0,3320.0,3290.0,3310.0,6864,0.0,0.0
2022-12-01 09:00:00+09:00,3400.0,3400.0,3330.0,3340.0,0,0.0,0.0
2022-12-01 10:00:00+09:00,3340.0,3345.0,3330.0,3340.0,11346,0.0,0.0
2022-12-01 11:00:00+09:00,3340.0,3340.0,3325.0,3335.0,10247,0.0,0.0
2022-12-01 12:00:00+09:00,3335.0,3365.0,3330.0,3360.0,16388,0.0,0.0
2022-12-01 13:00:00+09:00,3360.0,3365.0,3345.0,3365.0,11092,0.0,0.0
2022-12-01 14:00:00+09:00,3355.0,3365.0,3350.0,3365.0,8379,0.0,0.0
2022-12-02 09:00:00+09:00,3365.0,3445.0,3340.0,3440.0,0,0.0,0.0
2022-12-02 10:00:00+09:00,3445.0,3445.0,3395.0,3405.0,28592,0.0,0.0
2022-12-02 11:00:00+09:00,3400.0,3405.0,3370.0,3395.0,11764,0.0,0.0
2022-12-02 12:00:00+09:00,3395.0,3395.0,3370.0,3395.0,6036,0.0,0.0
2022-12-02 13:00:00+09:00,3390.0,3395.0,3375.0,3390.0,4324,0.0,0.0
2022-12-02 14:00:00+09:00,3390.0,3415.0,3390.0,3410.0,5940,0.0,0.0
2022-12-05 09:00:00+09:00,3390.0,3425.0,3385.0,3395.0,0,0.0,0.0
2022-12-05 10:00:00+09:00,3395.0,3400.0,3380.0,3390.0,14008,0.0,0.0
2022-12-05 11:00:00+09:00,3390.0,3395.0,3370.0,3390.0,16494,0.0,0.0
2022-12-05 12:00:00+09:00,3390.0,3390.0,3375.0,3385.0,4995,0.0,0.0
2022-12-05 13:00:00+09:00,3385.0,3390.0,3375.0,3390.0,7606,0.0,0.0
2022-12-05 14:00:00+09:00,3390.0,3415.0,3385.0,3410.0,11031,0.0,0.0
2022-12-06 09:00:00+09:00,3390.0,3410.0,3360.0,3385.0,0,0.0,0.0
2022-12-06 10:00:00+09:00,3390.0,3420.0,3390.0,3405.0,5382,0.0,0.0
2022-12-06 11:00:00+09:00,3405.0,3435.0,3405.0,3435.0,12125,0.0,0.0
2022-12-06 12:00:00+09:00,3415.0,3435.0,3400.0,3415.0,5299,0.0,0.0
2022-12-06 13:00:00+09:00,3415.0,3415.0,3400.0,3415.0,0,0.0,0.0
2022-12-06 14:00:00+09:00,3410.0,3410.0,3355.0,3360.0,56374,0.0,0.0
2022-12-07 09:00:00+09:00,3300.0,3380.0,3300.0,3350.0,12046,0.0,0.0
2022-12-07 10:00:00+09:00,3345.0,3365.0,3325.0,3360.0,3183,0.0,0.0
2022-12-07 11:00:00+09:00,3360.0,3365.0,3340.0,3350.0,1891,0.0,0.0
2022-12-07 12:00:00+09:00,3345.0,3370.0,3340.0,3370.0,4714,0.0,0.0
2022-12-07 13:00:00+09:00,3360.0,3380.0,3355.0,3370.0,7213,0.0,0.0
2022-12-07 14:00:00+09:00,3365.0,3365.0,3320.0,3345.0,8816,0.0,0.0
2022-12-08 09:00:00+09:00,3345.0,3345.0,3305.0,3325.0,0,0.0,0.0
2022-12-08 10:00:00+09:00,3315.0,3325.0,3255.0,3300.0,19112,0.0,0.0
2022-12-08 11:00:00+09:00,3295.0,3320.0,3280.0,3305.0,2881,0.0,0.0
2022-12-08 12:00:00+09:00,3305.0,3320.0,3290.0,3315.0,2656,0.0,0.0
2022-12-08 13:00:00+09:00,3305.0,3315.0,3290.0,3290.0,4019,0.0,0.0
2022-12-08 14:00:00+09:00,3305.0,3310.0,3290.0,3305.0,1937,0.0,0.0
2022-12-09 09:00:00+09:00,3310.0,3340.0,3280.0,3305.0,0,0.0,0.0
2022-12-09 10:00:00+09:00,3280.0,3320.0,3275.0,3320.0,1658,0.0,0.0
2022-12-09 11:00:00+09:00,3320.0,3320.0,3300.0,3310.0,1822,0.0,0.0
2022-12-09 12:00:00+09:00,3305.0,3330.0,3305.0,3325.0,3989,0.0,0.0
2022-12-09 13:00:00+09:00,3325.0,3330.0,3320.0,3330.0,2872,0.0,0.0
2022-12-09 14:00:00+09:00,3320.0,3330.0,3310.0,3320.0,5171,0.0,0.0
2022-12-12 09:00:00+09:00,3295.0,3340.0,3295.0,3330.0,0,0.0,0.0
2022-12-12 10:00:00+09:00,3330.0,3340.0,3315.0,3340.0,1993,0.0,0.0
2022-12-12 11:00:00+09:00,3340.0,3340.0,3330.0,3335.0,60,0.0,0.0
2022-12-12 12:00:00+09:00,3340.0,3370.0,3320.0,3345.0,6104,0.0,0.0
2022-12-12 13:00:00+09:00,3360.0,3370.0,3345.0,3365.0,6624,0.0,0.0
2022-12-12 14:00:00+09:00,3365.0,3365.0,3345.0,3360.0,3980,0.0,0.0
2022-12-13 09:00:00+09:00,3340.0,3375.0,3335.0,3360.0,0,0.0,0.0
2022-12-13 10:00:00+09:00,3360.0,3360.0,3335.0,3345.0,5827,0.0,0.0
2022-12-13 11:00:00+09:00,3345.0,3345.0,3320.0,3345.0,3285,0.0,0.0
2022-12-13 12:00:00+09:00,3345.0,3345.0,3345.0,3345.0,1999,0.0,0.0
2022-12-13 13:00:00+09:00,3340.0,3345.0,3335.0,3345.0,0,0.0,0.0
2022-12-13 14:00:00+09:00,3345.0,3345.0,3335.0,3340.0,36318,0.0,0.0
2022-12-14 09:00:00+09:00,3325.0,3375.0,3325.0,3370.0,0,0.0,0.0
2022-12-14 10:00:00+09:00,3370.0,3375.0,3340.0,3365.0,12154,0.0,0.0
2022-12-14 11:00:00+09:00,3365.0,3370.0,3335.0,3370.0,9935,0.0,0.0
2022-12-14 12:00:00+09:00,3370.0,3390.0,3365.0,3385.0,7905,0.0,0.0
2022-12-14 13:00:00+09:00,3390.0,3395.0,3370.0,3375.0,9041,0.0,0.0
2022-12-14 14:00:00+09:00,3385.0,3390.0,3385.0,3390.0,7123,0.0,0.0
2022-12-15 09:00:00+09:00,3340.0,3410.0,3335.0,3400.0,0,0.0,0.0
2022-12-15 10:00:00+09:00,3395.0,3395.0,3370.0,3380.0,572,0.0,0.0
2022-12-15 11:00:00+09:00,3370.0,3380.0,3365.0,3365.0,3154,0.0,0.0
2022-12-15 12:00:00+09:00,3375.0,3375.0,3360.0,3375.0,3544,0.0,0.0
2022-12-15 13:00:00+09:00,3370.0,3375.0,3360.0,3370.0,806,0.0,0.0
2022-12-15 14:00:00+09:00,3370.0,3370.0,3355.0,3360.0,3725,0.0,0.0
2022-12-16 09:00:00+09:00,3315.0,3335.0,3300.0,3335.0,0,0.0,0.0
2022-12-16 10:00:00+09:00,3330.0,3335.0,3310.0,3325.0,8680,0.0,0.0
2022-12-16 11:00:00+09:00,3330.0,3350.0,3325.0,3350.0,2875,0.0,0.0
2022-12-16 12:00:00+09:00,3350.0,3365.0,3340.0,3345.0,2273,0.0,0.0
2022-12-16 13:00:00+09:00,3345.0,3355.0,3345.0,3355.0,3959,0.0,0.0
2022-12-16 14:00:00+09:00,3350.0,3365.0,3340.0,3350.0,5265,0.0,0.0
2022-12-19 09:00:00+09:00,3325.0,3365.0,3310.0,3340.0,12462,0.0,0.0
2022-12-19 10:00:00+09:00,3330.0,3365.0,3320.0,3355.0,7735,0.0,0.0
2022-12-19 11:00:00+09:00,3350.0,3360.0,3350.0,3355.0,3176,0.0,0.0
2022-12-19 12:00:00+09:00,3350.0,3360.0,3345.0,3360.0,1645,0.0,0.0
2022-12-19 13:00:00+09:00,3360.0,3360.0,3335.0,3345.0,3178,0.0,0.0
2022-12-19 14:00:00+09:00,3340.0,3345.0,3320.0,3325.0,4506,0.0,0.0
2022-12-20 09:00:00+09:00,3260.0,3330.0,3260.0,3275.0,0,0.0,0.0
2022-12-20 10:00:00+09:00,3275.0,3305.0,3260.0,3280.0,5885,0.0,0.0
2022-12-20 11:00:00+09:00,3275.0,3285.0,3270.0,3280.0,1574,0.0,0.0
2022-12-20 12:00:00+09:00,3280.0,3280.0,3245.0,3260.0,12617,0.0,0.0
2022-12-20 13:00:00+09:00,3255.0,3260.0,3230.0,3240.0,11797,0.0,0.0
2022-12-20 14:00:00+09:00,3240.0,3265.0,3220.0,3235.0,21653,0.0,0.0
2022-12-21 09:00:00+09:00,3215.0,3250.0,3185.0,3220.0,0,0.0,0.0
2022-12-21 10:00:00+09:00,3210.0,3230.0,3200.0,3220.0,6593,0.0,0.0
2022-12-21 11:00:00+09:00,3220.0,3220.0,3210.0,3210.0,2334,0.0,0.0
2022-12-21 12:00:00+09:00,3210.0,3210.0,3190.0,3210.0,8220,0.0,0.0
2022-12-21 13:00:00+09:00,3200.0,3210.0,3190.0,3210.0,600,0.0,0.0
2022-12-21 14:00:00+09:00,3210.0,3210.0,3190.0,3195.0,8152,0.0,0.0
2022-12-22 09:00:00+09:00,3200.0,3245.0,3200.0,3200.0,0,0.0,0.0
2022-12-22 10:00:00+09:00,3225.0,3230.0,3195.0,3225.0,8765,0.0,0.0
2022-12-22 11:00:00+09:00,3225.0,3225.0,3210.0,3225.0,1903,0.0,0.0
2022-12-22 12:00:00+09:00,3225.0,3240.0,3225.0,3240.0,9398,0.0,0.0
2022-12-22 13:00:00+09:00,3240.0,3265.0,3230.0,3260.0,10493,0.0,0.0
2022-12-22 14:00:00+09:00,3260.0,3285.0,3230.0,3260.0,10746,0.0,0.0
2022-12-23 09:00:00+09:00,3270.0,3300.0,3210.0,3220.0,0,0.0,0.0
2022-12-23 10:00:00+09:00,3220.0,3250.0,3210.0,3250.0,2760,0.0,0.0
2022-12-23 11:00:00+09:00,3235.0,3250.0,3220.0,3240.0,4983,0.0,0.0
2022-12-23 12:00:00+09:00,3220.0,3240.0,3210.0,3240.0,6319,0.0,0.0
2022-12-23 13:00:00+09:00,3240.0,3240.0,3225.0,3235.0,756,0.0,0.0
2022-12-23 14:00:00+09:00,3235.0,3235.0,3195.0,3200.0,14221,0.0,0.0
2022-12-26 09:00:00+09:00,3190.0,3210.0,3170.0,3200.0,0,0.0,0.0
2022-12-26 10:00:00+09:00,3200.0,3215.0,3165.0,3215.0,13525,0.0,0.0
2022-12-26 11:00:00+09:00,3190.0,3225.0,3190.0,3225.0,2053,0.0,0.0
2022-12-26 12:00:00+09:00,3225.0,3245.0,3220.0,3240.0,5415,0.0,0.0
2022-12-26 13:00:00+09:00,3240.0,3245.0,3235.0,3245.0,2944,0.0,0.0
2022-12-26 14:00:00+09:00,3240.0,3245.0,3225.0,3240.0,3917,0.0,0.0
2022-12-27 09:00:00+09:00,3210.0,3260.0,3210.0,3255.0,0,0.0,0.0
2022-12-27 10:00:00+09:00,3245.0,3265.0,3245.0,3265.0,3469,0.0,0.0
2022-12-27 11:00:00+09:00,3265.0,3275.0,3255.0,3260.0,4367,0.0,0.0
2022-12-27 12:00:00+09:00,3255.0,3275.0,3245.0,3270.0,6957,0.0,0.0
2022-12-27 13:00:00+09:00,3270.0,3275.0,3240.0,3260.0,4613,0.0,0.0
2022-12-27 14:00:00+09:00,3260.0,3260.0,3245.0,3250.0,5307,0.0,0.0
2022-12-28 09:00:00+09:00,3215.0,3225.0,3180.0,3190.0,0,0.0,0.0
2022-12-28 10:00:00+09:00,3185.0,3190.0,3160.0,3180.0,14024,0.0,0.0
2022-12-28 11:00:00+09:00,3180.0,3190.0,3170.0,3185.0,4921,0.0,0.0
2022-12-28 12:00:00+09:00,3185.0,3190.0,3170.0,3180.0,714,0.0,0.0
2022-12-28 13:00:00+09:00,3175.0,3190.0,3175.0,3185.0,1310,0.0,0.0
2022-12-28 14:00:00+09:00,3185.0,3190.0,3175.0,3180.0,2765,0.0,0.0
2022-12-29 09:00:00+09:00,3180.0,3185.0,3100.0,3110.0,0,0.0,0.0
2022-12-29 10:00:00+09:00,3110.0,3165.0,3080.0,3085.0,12783,0.0,0.0
2022-12-29 11:00:00+09:00,3100.0,3180.0,3095.0,3110.0,6119,0.0,0.0
2022-12-29 12:00:00+09:00,3110.0,3120.0,3075.0,3095.0,5151,0.0,0.0
2022-12-29 13:00:00+09:00,3095.0,3105.0,3075.0,3100.0,2390,0.0,0.0
2022-12-29 14:00:00+09:00,3095.0,3190.0,3075.0,3100.0,14898,0.0,0.0
2023-01-02 10:00:00+09:00,3075.0,3140.0,3075.0,3115.0,9519,0.0,0.0
2023-01-02 11:00:00+09:00,3110.0,3140.0,3065.0,3090.0,5443,0.0,0.0
2023-01-02 12:00:00+09:00,3080.0,3080.0,3045.0,3045.0,6797,0.0,0.0
2023-01-02 13:00:00+09:00,3045.0,3075.0,3045.0,3070.0,2993,0.0,0.0
2023-01-02 14:00:00+09:00,3055.0,3070.0,3035.0,3040.0,4662,0.0,0.0
2023-01-03 09:00:00+09:00,3005.0,3050.0,2950.0,2970.0,0,0.0,0.0
2023-01-03 10:00:00+09:00,2970.0,2970.0,2920.0,2950.0,19716,0.0,0.0
2023-01-03 11:00:00+09:00,2950.0,3000.0,2930.0,2990.0,9645,0.0,0.0
2023-01-03 12:00:00+09:00,2990.0,3030.0,2975.0,3025.0,8581,0.0,0.0
2023-01-03 13:00:00+09:00,3020.0,3020.0,2980.0,2995.0,4905,0.0,0.0
2023-01-03 14:00:00+09:00,2990.0,2995.0,2985.0,2990.0,3309,0.0,0.0
2023-01-04 09:00:00+09:00,2925.0,3010.0,2915.0,3010.0,0,0.0,0.0
2023-01-04 10:00:00+09:00,3000.0,3010.0,2980.0,2990.0,5358,0.0,0.0
2023-01-04 11:00:00+09:00,2990.0,3020.0,2985.0,3005.0,10386,0.0,0.0
2023-01-04 12:00:00+09:00,2990.0,3015.0,2985.0,3015.0,1798,0.0,0.0
2023-01-04 13:00:00+09:00,3015.0,3020.0,2995.0,3005.0,3055,0.0,0.0
2023-01-04 14:00:00+09:00,3005.0,3020.0,3000.0,3015.0,826,0.0,0.0
2023-01-05 09:00:00+09:00,3020.0,3075.0,2995.0,3020.0,0,0.0,0.0
2023-01-05 10:00:00+09:00,3065.0,3065.0,3010.0,3055.0,3218,0.0,0.0
2023-01-05 11:00:00+09:00,3020.0,3045.0,3000.0,3020.0,2994,0.0,0.0
2023-01-05 12:00:00+09:00,3020.0,3020.0,2945.0,2965.0,18362,0.0,0.0
2023-01-05 13:00:00+09:00,2960.0,2975.0,2930.0,2960.0,17195,0.0,0.0
2023-01-05 14:00:00+09:00,2965.0,2985.0,2945.0,2965.0,8178,0.0,0.0
2023-01-06 09:00:00+09:00,2980.0,3160.0,2975.0,3100.0,0,0.0,0.0
2023-01-06 10:00:00+09:00,3100.0,3485.0,3085.0,3105.0,3610632,0.0,0.0
2023-01-06 11:00:00+09:00,3110.0,3115.0,3075.0,3100.0,236804,0.0,0.0
2023-01-06 12:00:00+09:00,3100.0,3135.0,3090.0,3100.0,62602,0.0,0.0
2023-01-06 13:00:00+09:00,3100.0,3125.0,3090.0,3095.0,46669,0.0,0.0
2023-01-06 14:00:00+09:00,3110.0,3125.0,3095.0,3115.0,70417,0.0,0.0
2023-01-09 09:00:00+09:00,3135.0,3160.0,3110.0,3120.0,0,0.0,0.0
2023-01-09 10:00:00+09:00,3125.0,3140.0,3120.0,3130.0,24524,0.0,0.0
2023-01-09 11:00:00+09:00,3130.0,3135.0,3105.0,3125.0,25245,0.0,0.0
2023-01-09 12:00:00+09:00,3125.0,3130.0,3100.0,3120.0,26745,0.0,0.0
2023-01-09 13:00:00+09:00,3115.0,3120.0,3100.0,3115.0,29947,0.0,0.0
2023-01-09 14:00:00+09:00,3115.0,3130.0,3110.0,3125.0,16518,0.0,0.0
2023-01-10 09:00:00+09:00,3125.0,3140.0,3115.0,3120.0,0,0.0,0.0
2023-01-10 10:00:00+09:00,3120.0,3130.0,3105.0,3125.0,12531,0.0,0.0
2023-01-10 11:00:00+09:00,3125.0,3135.0,3120.0,3125.0,10585,0.0,0.0
2023-01-10 12:00:00+09:00,3125.0,3150.0,3125.0,3135.0,19528,0.0,0.0
2023-01-10 13:00:00+09:00,3140.0,3140.0,3115.0,3130.0,11337,0.0,0.0
2023-01-10 14:00:00+09:00,3115.0,3130.0,3105.0,3115.0,11420,0.0,0.0
2023-01-11 09:00:00+09:00,3105.0,3185.0,3105.0,3175.0,0,0.0,0.0
2023-01-11 10:00:00+09:00,3170.0,3170.0,3150.0,3170.0,48418,0.0,0.0
2023-01-11 11:00:00+09:00,3170.0,3185.0,3165.0,3185.0,20392,0.0,0.0
2023-01-11 12:00:00+09:00,3185.0,3220.0,3165.0,3205.0,31516,0.0,0.0
2023-01-11 13:00:00+09:00,3195.0,3200.0,3155.0,3195.0,26092,0.0,0.0
2023-01-11 14:00:00+09:00,3195.0,3195.0,3175.0,3190.0,12934,0.0,0.0
2023-01-12 09:00:00+09:00,3200.0,3210.0,3155.0,3165.0,0,0.0,0.0
2023-01-12 10:00:00+09:00,3175.0,3195.0,3160.0,3190.0,8772,0.0,0.0
2023-01-12 11:00:00+09:00,3180.0,3195.0,3160.0,3180.0,5037,0.0,0.0
2023-01-12 12:00:00+09:00,3170.0,3185.0,3165.0,3185.0,6091,0.0,0.0
2023-01-12 13:00:00+09:00,3185.0,3200.0,3175.0,3195.0,7260,0.0,0.0
2023-01-12 14:00:00+09:00,3195.0,3200.0,3185.0,3195.0,4352,0.0,0.0
2023-01-13 09:00:00+09:00,3190.0,3205.0,3155.0,3190.0,0,0.0,0.0
2023-01-13 10:00:00+09:00,3175.0,3190.0,3175.0,3190.0,15343,0.0,0.0
2023-01-13 11:00:00+09:00,3190.0,3190.0,3145.0,3185.0,14674,0.0,0.0
2023-01-13 12:00:00+09:00,3180.0,3190.0,3170.0,3175.0,3478,0.0,0.0
2023-01-13 13:00:00+09:00,3175.0,3180.0,3170.0,3180.0,2607,0.0,0.0
2023-01-13 14:00:00+09:00,3180.0,3180.0,3155.0,3175.0,10673,0.0,0.0
2023-01-16 09:00:00+09:00,3205.0,3205.0,3160.0,3190.0,0,0.0,0.0
2023-01-16 10:00:00+09:00,3190.0,3195.0,3160.0,3185.0,8042,0.0,0.0
2023-01-16 11:00:00+09:00,3185.0,3185.0,3165.0,3185.0,6101,0.0,0.0
2023-01-16 12:00:00+09:00,3180.0,3185.0,3170.0,3180.0,3584,0.0,0.0
2023-01-16 13:00:00+09:00,3180.0,3185.0,3170.0,3180.0,5141,0.0,0.0
2023-01-16 14:00:00+09:00,3175.0,3185.0,3155.0,3185.0,32664,0.0,0.0
2023-01-17 09:00:00+09:00,3175.0,3195.0,3155.0,3170.0,0,0.0,0.0
2023-01-17 10:00:00+09:00,3170.0,3200.0,3155.0,3175.0,9956,0.0,0.0
2023-01-17 11:00:00+09:00,3170.0,3175.0,3160.0,3165.0,3504,0.0,0.0
2023-01-17 12:00:00+09:00,3165.0,3170.0,3155.0,3170.0,1653,0.0,0.0
2023-01-17 13:00:00+09:00,3165.0,3180.0,3160.0,3170.0,7676,0.0,0.0
2023-01-17 14:00:00+09:00,3170.0,3170.0,3155.0,3165.0,25212,0.0,0.0
2023-01-18 09:00:00+09:00,3155.0,3170.0,3130.0,3165.0,0,0.0,0.0
2023-01-18 10:00:00+09:00,3160.0,3170.0,3140.0,3155.0,33701,0.0,0.0
2023-01-18 11:00:00+09:00,3155.0,3155.0,3145.0,3155.0,1291,0.0,0.0
2023-01-18 12:00:00+09:00,3155.0,3155.0,3145.0,3150.0,1691,0.0,0.0
2023-01-18 13:00:00+09:00,3145.0,3155.0,3135.0,3150.0,5501,0.0,0.0
2023-01-18 14:00:00+09:00,3140.0,3150.0,3140.0,3145.0,3417,0.0,0.0
2023-01-19 09:00:00+09:00,3115.0,3150.0,3115.0,3125.0,0,0.0,0.0
2023-01-19 10:00:00+09:00,3145.0,3145.0,3120.0,3120.0,5626,0.0,0.0
2023-01-19 11:00:00+09:00,3120.0,3130.0,3105.0,3125.0,10493,0.0,0.0
2023-01-19 12:00:00+09:00,3125.0,3125.0,3095.0,3115.0,28013,0.0,0.0
2023-01-19 13:00:00+09:00,3115.0,3130.0,3110.0,3120.0,11933,0.0,0.0
2023-01-19 14:00:00+09:00,3120.0,3120.0,3105.0,3110.0,41894,0.0,0.0
2023-01-20 09:00:00+09:00,3110.0,3115.0,3095.0,3110.0,0,0.0,0.0
2023-01-20 10:00:00+09:00,3100.0,3110.0,3095.0,3110.0,4774,0.0,0.0
2023-01-20 11:00:00+09:00,3100.0,3120.0,3100.0,3120.0,5219,0.0,0.0
2023-01-20 12:00:00+09:00,3120.0,3135.0,3115.0,3130.0,3679,0.0,0.0
2023-01-20 13:00:00+09:00,3125.0,3140.0,3125.0,3130.0,2832,0.0,0.0
2023-01-20 14:00:00+09:00,3130.0,3140.0,3125.0,3135.0,1153,0.0,0.0
2023-01-25 09:00:00+09:00,3150.0,3210.0,3125.0,3210.0,0,0.0,0.0
2023-01-25 10:00:00+09:00,3200.0,3215.0,3125.0,3215.0,13210,0.0,0.0
2023-01-25 11:00:00+09:00,3215.0,3225.0,3125.0,3220.0,15360,0.0,0.0
2023-01-25 12:00:00+09:00,3220.0,3225.0,3125.0,3215.0,5451,0.0,0.0
2023-01-25 13:00:00+09:00,3220.0,3225.0,3125.0,3220.0,6237,0.0,0.0
2023-01-25 14:00:00+09:00,3220.0,3225.0,3125.0,3220.0,14249,0.0,0.0
2023-01-26 09:00:00+09:00,3235.0,3240.0,3190.0,3215.0,21341,0.0,0.0
2023-01-26 10:00:00+09:00,3220.0,3230.0,3190.0,3210.0,8770,0.0,0.0
2023-01-26 11:00:00+09:00,3210.0,3215.0,3205.0,3215.0,8692,0.0,0.0
2023-01-26 12:00:00+09:00,3215.0,3230.0,3210.0,3225.0,5474,0.0,0.0
2023-01-26 13:00:00+09:00,3225.0,3225.0,3210.0,3215.0,3698,0.0,0.0
2023-01-26 14:00:00+09:00,3215.0,3220.0,3190.0,3200.0,18429,0.0,0.0
2023-01-27 09:00:00+09:00,3225.0,3245.0,3190.0,3215.0,0,0.0,0.0
2023-01-27 10:00:00+09:00,3215.0,3220.0,3205.0,3215.0,15458,0.0,0.0
2023-01-27 11:00:00+09:00,3215.0,3215.0,3200.0,3205.0,4823,0.0,0.0
2023-01-27 12:00:00+09:00,3205.0,3210.0,3200.0,3205.0,1471,0.0,0.0
2023-01-27 13:00:00+09:00,3210.0,3210.0,3190.0,3200.0,9379,0.0,0.0
2023-01-27 14:00:00+09:00,3200.0,3205.0,3180.0,3200.0,7388,0.0,0.0
2023-01-30 09:00:00+09:00,3205.0,3230.0,3180.0,3230.0,0,0.0,0.0
2023-01-30 10:00:00+09:00,3230.0,3240.0,3210.0,3220.0,8190,0.0,0.0
2023-01-30 11:00:00+09:00,3220.0,3230.0,3210.0,3225.0,3711,0.0,0.0
2023-01-30 12:00:00+09:00,3225.0,3225.0,3210.0,3225.0,2918,0.0,0.0
2023-01-30 13:00:00+09:00,3225.0,3225.0,3215.0,3225.0,4963,0.0,0.0
2023-01-30 14:00:00+09:00,3225.0,3230.0,3205.0,3220.0,2007,0.0,0.0
2023-01-31 09:00:00+09:00,3195.0,3225.0,3185.0,3225.0,0,0.0,0.0
2023-01-31 10:00:00+09:00,3215.0,3225.0,3185.0,3205.0,4676,0.0,0.0
2023-01-31 11:00:00+09:00,3205.0,3210.0,3200.0,3210.0,1757,0.0,0.0
2023-01-31 12:00:00+09:00,3210.0,3215.0,3205.0,3215.0,2496,0.0,0.0
2023-01-31 13:00:00+09:00,3210.0,3240.0,3210.0,3240.0,6564,0.0,0.0
2023-01-31 14:00:00+09:00,3235.0,3240.0,3210.0,3220.0,6033,0.0,0.0
2023-02-01 09:00:00+09:00,3240.0,3240.0,3220.0,3230.0,0,0.0,0.0
2023-02-01 10:00:00+09:00,3230.0,3235.0,3195.0,3230.0,23702,0.0,0.0
2023-02-01 11:00:00+09:00,3230.0,3235.0,3200.0,3235.0,6594,0.0,0.0
2023-02-01 12:00:00+09:00,3235.0,3240.0,3230.0,3240.0,8400,0.0,0.0
2023-02-01 13:00:00+09:00,3240.0,3255.0,3225.0,3240.0,12819,0.0,0.0
2023-02-01 14:00:00+09:00,3225.0,3245.0,3225.0,3245.0,4897,0.0,0.0
2023-02-02 09:00:00+09:00,3260.0,3275.0,3255.0,3260.0,24302,0.0,0.0
2023-02-02 10:00:00+09:00,3255.0,3260.0,3245.0,3255.0,11269,0.0,0.0
2023-02-02 11:00:00+09:00,3250.0,3265.0,3250.0,3265.0,8325,0.0,0.0
2023-02-02 12:00:00+09:00,3265.0,3285.0,3260.0,3280.0,15400,0.0,0.0
2023-02-02 13:00:00+09:00,3285.0,3305.0,3280.0,3305.0,15135,0.0,0.0
2023-02-02 14:00:00+09:00,3300.0,3305.0,3285.0,3285.0,28468,0.0,0.0
2023-02-03 09:00:00+09:00,3285.0,3290.0,3255.0,3270.0,0,0.0,0.0
2023-02-03 10:00:00+09:00,3280.0,3280.0,3270.0,3280.0,1389,0.0,0.0
2023-02-03 11:00:00+09:00,3275.0,3320.0,3270.0,3310.0,17002,0.0,0.0
2023-02-03 12:00:00+09:00,3315.0,3320.0,3295.0,3320.0,3827,0.0,0.0
2023-02-03 13:00:00+09:00,3320.0,3320.0,3290.0,3310.0,11701,0.0,0.0
2023-02-03 14:00:00+09:00,3295.0,3310.0,3280.0,3310.0,13685,0.0,0.0
2023-02-06 09:00:00+09:00,3285.0,3370.0,3285.0,3365.0,0,0.0,0.0
2023-02-06 10:00:00+09:00,3365.0,3375.0,3310.0,3335.0,15906,0.0,0.0
2023-02-06 11:00:00+09:00,3335.0,3345.0,3315.0,3345.0,2061,0.0,0.0
2023-02-06 12:00:00+09:00,3340.0,3360.0,3325.0,3355.0,7397,0.0,0.0
2023-02-06 13:00:00+09:00,3345.0,3350.0,3340.0,3350.0,2140,0.0,0.0
2023-02-06 14:00:00+09:00,3345.0,3355.0,3325.0,3345.0,22384,0.0,0.0
2023-02-07 09:00:00+09:00,3345.0,3365.0,3335.0,3355.0,0,0.0,0.0
2023-02-07 10:00:00+09:00,3360.0,3365.0,3350.0,3360.0,15254,0.0,0.0
2023-02-07 11:00:00+09:00,3360.0,3390.0,3360.0,3375.0,23751,0.0,0.0
2023-02-07 12:00:00+09:00,3375.0,3380.0,3355.0,3355.0,12216,0.0,0.0
2023-02-07 13:00:00+09:00,3360.0,3380.0,3345.0,3355.0,18981,0.0,0.0
2023-02-07 14:00:00+09:00,3350.0,3365.0,3345.0,3350.0,8296,0.0,0.0
2023-02-08 09:00:00+09:00,3355.0,3385.0,3345.0,3360.0,17286,0.0,0.0
2023-02-08 10:00:00+09:00,3360.0,3360.0,3340.0,3350.0,8548,0.0,0.0
2023-02-08 11:00:00+09:00,3350.0,3370.0,3345.0,3370.0,9182,0.0,0.0
2023-02-08 12:00:00+09:00,3370.0,3370.0,3345.0,3360.0,13680,0.0,0.0
2023-02-08 13:00:00+09:00,3350.0,3370.0,3340.0,3370.0,6042,0.0,0.0
2023-02-08 14:00:00+09:00,3360.0,3375.0,3360.0,3370.0,3543,0.0,0.0
2023-02-09 09:00:00+09:00,3385.0,3510.0,3370.0,3430.0,42026,0.0,0.0
2023-02-09 10:00:00+09:00,3430.0,3430.0,3400.0,3425.0,8575,0.0,0.0
2023-02-09 11:00:00+09:00,3425.0,3425.0,3410.0,3420.0,11526,0.0,0.0
2023-02-09 12:00:00+09:00,3420.0,3440.0,3410.0,3430.0,9899,0.0,0.0
2023-02-09 13:00:00+09:00,3430.0,3430.0,3410.0,3420.0,24273,0.0,0.0
2023-02-09 14:00:00+09:00,3420.0,3455.0,3415.0,3445.0,27360,0.0,0.0
2023-02-10 09:00:00+09:00,3435.0,3435.0,3380.0,3390.0,34958,0.0,0.0
2023-02-10 10:00:00+09:00,3380.0,3420.0,3375.0,3420.0,19941,0.0,0.0
2023-02-10 11:00:00+09:00,3395.0,3430.0,3395.0,3420.0,5714,0.0,0.0
2023-02-10 12:00:00+09:00,3420.0,3420.0,3395.0,3410.0,3712,0.0,0.0
2023-02-10 13:00:00+09:00,3410.0,3415.0,3400.0,3405.0,3937,0.0,0.0
2023-02-10 14:00:00+09:00,3400.0,3405.0,3350.0,3385.0,30833,0.0,0.0
2023-02-13 09:00:00+09:00,3355.0,3365.0,3310.0,3340.0,0,0.0,0.0
2023-02-13 10:00:00+09:00,3340.0,3345.0,3305.0,3320.0,14408,0.0,0.0
2023-02-13 11:00:00+09:00,3315.0,3320.0,3290.0,3315.0,7375,0.0,0.0
2023-02-13 12:00:00+09:00,3315.0,3320.0,3290.0,3320.0,9487,0.0,0.0
2023-02-13 13:00:00+09:00,3320.0,3320.0,3290.0,3315.0,4253,0.0,0.0
2023-02-13 14:00:00+09:00,3315.0,3320.0,3295.0,3315.0,2526,0.0,0.0
2023-02-14 09:00:00+09:00,3310.0,3355.0,3310.0,3340.0,0,0.0,0.0
2023-02-14 10:00:00+09:00,3340.0,3345.0,3325.0,3335.0,3980,0.0,0.0
2023-02-14 11:00:00+09:00,3335.0,3345.0,3335.0,3345.0,1679,0.0,0.0
2023-02-14 12:00:00+09:00,3345.0,3345.0,3330.0,3340.0,908,0.0,0.0
2023-02-14 13:00:00+09:00,3335.0,3340.0,3320.0,3340.0,1992,0.0,0.0
2023-02-14 14:00:00+09:00,3320.0,3340.0,3305.0,3330.0,7686,0.0,0.0
2023-02-15 09:00:00+09:00,3345.0,3360.0,3290.0,3300.0,7645,0.0,0.0
2023-02-15 10:00:00+09:00,3300.0,3315.0,3285.0,3285.0,5673,0.0,0.0
2023-02-15 11:00:00+09:00,3295.0,3295.0,3250.0,3275.0,15398,0.0,0.0
2023-02-15 12:00:00+09:00,3275.0,3280.0,3255.0,3280.0,2945,0.0,0.0
2023-02-15 13:00:00+09:00,3280.0,3280.0,3260.0,3265.0,2225,0.0,0.0
2023-02-15 14:00:00+09:00,3260.0,3265.0,3205.0,3230.0,21873,0.0,0.0
2023-02-16 09:00:00+09:00,3225.0,3275.0,3225.0,3260.0,14094,0.0,0.0
2023-02-16 10:00:00+09:00,3270.0,3275.0,3235.0,3265.0,8468,0.0,0.0
2023-02-16 11:00:00+09:00,3265.0,3275.0,3255.0,3255.0,2847,0.0,0.0
2023-02-16 12:00:00+09:00,3260.0,3280.0,3260.0,3265.0,2639,0.0,0.0
2023-02-16 13:00:00+09:00,3270.0,3275.0,3270.0,3270.0,2166,0.0,0.0
2023-02-16 14:00:00+09:00,3270.0,3280.0,3270.0,3270.0,2080,0.0,0.0
2023-02-17 09:00:00+09:00,3305.0,3320.0,3280.0,3300.0,8273,0.0,0.0
2023-02-17 10:00:00+09:00,3300.0,3320.0,3255.0,3310.0,11914,0.0,0.0
2023-02-17 11:00:00+09:00,3310.0,3365.0,3300.0,3340.0,7092,0.0,0.0
2023-02-17 12:00:00+09:00,3340.0,3345.0,3250.0,3310.0,14119,0.0,0.0
2023-02-17 13:00:00+09:00,3310.0,3360.0,3305.0,3345.0,8066,0.0,0.0
2023-02-17 14:00:00+09:00,3330.0,3340.0,3315.0,3335.0,3402,0.0,0.0
2023-02-20 09:00:00+09:00,3315.0,3335.0,3260.0,3300.0,0,0.0,0.0
2023-02-20 10:00:00+09:00,3285.0,3335.0,3285.0,3330.0,0,0.0,0.0
2023-02-20 11:00:00+09:00,3305.0,3330.0,3305.0,3315.0,845,0.0,0.0
2023-02-20 12:00:00+09:00,3315.0,3350.0,3310.0,3350.0,9842,0.0,0.0
2023-02-20 13:00:00+09:00,3350.0,3350.0,3335.0,3335.0,5346,0.0,0.0
2023-02-20 14:00:00+09:00,3335.0,3340.0,3325.0,3335.0,2165,0.0,0.0
2023-02-21 09:00:00+09:00,3340.0,3365.0,3315.0,3330.0,0,0.0,0.0
2023-02-21 10:00:00+09:00,3345.0,3350.0,3305.0,3345.0,5453,0.0,0.0
2023-02-21 11:00:00+09:00,3345.0,3370.0,3335.0,3365.0,6053,0.0,0.0
2023-02-21 12:00:00+09:00,3350.0,3375.0,3340.0,3355.0,4040,0.0,0.0
2023-02-21 13:00:00+09:00,3355.0,3365.0,3345.0,3360.0,1976,0.0,0.0
2023-02-21 14:00:00+09:00,3355.0,3365.0,3340.0,3355.0,4551,0.0,0.0
2023-02-22 09:00:00+09:00,3305.0,3355.0,3300.0,3330.0,0,0.0,0.0
2023-02-22 10:00:00+09:00,3340.0,3340.0,3305.0,3315.0,7671,0.0,0.0
2023-02-22 11:00:00+09:00,3315.0,3325.0,3305.0,3325.0,4060,0.0,0.0
2023-02-22 12:00:00+09:00,3325.0,3330.0,3310.0,3330.0,2362,0.0,0.0
2023-02-22 13:00:00+09:00,3330.0,3330.0,3300.0,3315.0,4501,0.0,0.0
2023-02-22 14:00:00+09:00,3310.0,3315.0,3275.0,3300.0,18644,0.0,0.0
2023-02-23 09:00:00+09:00,3285.0,3330.0,3280.0,3300.0,0,0.0,0.0
2023-02-23 10:00:00+09:00,3280.0,3310.0,3270.0,3305.0,7986,0.0,0.0
2023-02-23 11:00:00+09:00,3305.0,3310.0,3300.0,3300.0,3567,0.0,0.0
2023-02-23 12:00:00+09:00,3300.0,3310.0,3295.0,3310.0,4848,0.0,0.0
2023-02-23 13:00:00+09:00,3300.0,3310.0,3300.0,3310.0,5032,0.0,0.0
2023-02-23 14:00:00+09:00,3310.0,3320.0,3305.0,3315.0,9364,0.0,0.0
2023-02-24 09:00:00+09:00,3330.0,3335.0,3310.0,3325.0,0,0.0,0.0
2023-02-24 10:00:00+09:00,3310.0,3320.0,3300.0,3315.0,7424,0.0,0.0
2023-02-24 11:00:00+09:00,3305.0,3315.0,3295.0,3305.0,6763,0.0,0.0
2023-02-24 12:00:00+09:00,3305.0,3310.0,3295.0,3310.0,4649,0.0,0.0
2023-02-24 13:00:00+09:00,3305.0,3310.0,3265.0,3280.0,13150,0.0,0.0
2023-02-24 14:00:00+09:00,3280.0,3280.0,3250.0,3280.0,3604,0.0,0.0
2023-02-27 09:00:00+09:00,3225.0,3265.0,3180.0,3245.0,0,0.0,0.0
2023-02-27 10:00:00+09:00,3245.0,3250.0,3220.0,3245.0,5100,0.0,0.0
2023-02-27 11:00:00+09:00,3240.0,3240.0,3225.0,3225.0,1806,0.0,0.0
2023-02-27 12:00:00+09:00,3225.0,3240.0,3210.0,3240.0,4142,0.0,0.0
2023-02-27 13:00:00+09:00,3230.0,3240.0,3205.0,3235.0,1638,0.0,0.0
2023-02-27 14:00:00+09:00,3235.0,3235.0,3205.0,3220.0,2329,0.0,0.0
2023-02-28 09:00:00+09:00,3210.0,3245.0,3210.0,3240.0,0,0.0,0.0
2023-02-28 10:00:00+09:00,3240.0,3275.0,3240.0,3260.0,10258,0.0,0.0
2023-02-28 11:00:00+09:00,3260.0,3270.0,3245.0,3260.0,8714,0.0,0.0
2023-02-28 12:00:00+09:00,3270.0,3300.0,3250.0,3280.0,3915,0.0,0.0
2023-02-28 13:00:00+09:00,3280.0,3280.0,3250.0,3275.0,1200,0.0,0.0
2023-02-28 14:00:00+09:00,3275.0,3290.0,3245.0,3285.0,7474,0.0,0.0
2023-03-02 09:00:00+09:00,3600.0,3620.0,3420.0,3490.0,0,0.0,0.0
2023-03-02 10:00:00+09:00,3480.0,3495.0,3430.0,3470.0,52673,0.0,0.0
2023-03-02 11:00:00+09:00,3470.0,3565.0,3460.0,3550.0,30964,0.0,0.0
2023-03-02 12:00:00+09:00,3550.0,3580.0,3520.0,3540.0,92429,0.0,0.0
2023-03-02 13:00:00+09:00,3540.0,3555.0,3525.0,3535.0,35310,0.0,0.0
2023-03-02 14:00:00+09:00,3530.0,3540.0,3515.0,3530.0,23104,0.0,0.0
2023-03-03 09:00:00+09:00,3550.0,3655.0,3540.0,3635.0,0,0.0,0.0
2023-03-03 10:00:00+09:00,3630.0,3695.0,3600.0,3655.0,131387,0.0,0.0
2023-03-03 11:00:00+09:00,3650.0,3660.0,3640.0,3650.0,18551,0.0,0.0
2023-03-03 12:00:00+09:00,3645.0,3650.0,3630.0,3640.0,21510,0.0,0.0
2023-03-03 13:00:00+09:00,3645.0,3645.0,3580.0,3580.0,20321,0.0,0.0
2023-03-03 14:00:00+09:00,3580.0,3620.0,3575.0,3605.0,21183,0.0,0.0
2023-03-06 09:00:00+09:00,3630.0,3680.0,3580.0,3605.0,0,0.0,0.0
2023-03-06 10:00:00+09:00,3595.0,3605.0,3490.0,3600.0,39751,0.0,0.0
2023-03-06 11:00:00+09:00,3600.0,3605.0,3580.0,3600.0,6475,0.0,0.0
2023-03-06 12:00:00+09:00,3605.0,3640.0,3590.0,3635.0,19052,0.0,0.0
2023-03-06 13:00:00+09:00,3635.0,3640.0,3620.0,3630.0,13509,0.0,0.0
2023-03-06 14:00:00+09:00,3630.0,3630.0,3615.0,3625.0,8728,0.0,0.0
2023-03-07 09:00:00+09:00,3590.0,3610.0,3565.0,3585.0,0,0.0,0.0
2023-03-07 10:00:00+09:00,3585.0,3625.0,3580.0,3600.0,24921,0.0,0.0
2023-03-07 11:00:00+09:00,3600.0,3610.0,3580.0,3605.0,22882,0.0,0.0
2023-03-07 12:00:00+09:00,3605.0,3610.0,3590.0,3610.0,4949,0.0,0.0
2023-03-07 13:00:00+09:00,3610.0,3780.0,3600.0,3655.0,40717,0.0,0.0
2023-03-07 14:00:00+09:00,3655.0,3655.0,3625.0,3630.0,11036,0.0,0.0
2023-03-08 09:00:00+09:00,3590.0,3635.0,3580.0,3620.0,0,0.0,0.0
2023-03-08 10:00:00+09:00,3615.0,3625.0,3580.0,3620.0,7503,0.0,0.0
2023-03-08 11:00:00+09:00,3615.0,3660.0,3615.0,3635.0,10266,0.0,0.0
2023-03-08 12:00:00+09:00,3635.0,3635.0,3615.0,3635.0,8292,0.0,0.0
2023-03-08 13:00:00+09:00,3630.0,3635.0,3620.0,3630.0,7642,0.0,0.0
2023-03-08 14:00:00+09:00,3630.0,3635.0,3595.0,3625.0,21519,0.0,0.0
2023-03-09 09:00:00+09:00,3630.0,3645.0,3585.0,3585.0,52932,0.0,0.0
2023-03-09 10:00:00+09:00,3585.0,3620.0,3570.0,3610.0,13050,0.0,0.0
2023-03-09 11:00:00+09:00,3610.0,3625.0,3590.0,3625.0,1860,0.0,0.0
2023-03-09 12:00:00+09:00,3625.0,3625.0,3595.0,3625.0,5033,0.0,0.0
2023-03-09 13:00:00+09:00,3625.0,3630.0,3610.0,3610.0,3242,0.0,0.0
2023-03-09 14:00:00+09:00,3615.0,3625.0,3595.0,3625.0,14022,0.0,0.0
2023-03-10 09:00:00+09:00,3570.0,3600.0,3530.0,3595.0,0,0.0,0.0
2023-03-10 10:00:00+09:00,3595.0,3650.0,3575.0,3615.0,41939,0.0,0.0
2023-03-10 11:00:00+09:00,3610.0,3615.0,3540.0,3605.0,17223,0.0,0.0
2023-03-10 12:00:00+09:00,3605.0,3605.0,3575.0,3590.0,3062,0.0,0.0
2023-03-10 13:00:00+09:00,3585.0,3590.0,3560.0,3585.0,8257,0.0,0.0
2023-03-10 14:00:00+09:00,3565.0,3580.0,3565.0,3575.0,6663,0.0,0.0
2023-03-13 09:00:00+09:00,3530.0,3550.0,3435.0,3455.0,0,0.0,0.0
2023-03-13 10:00:00+09:00,3470.0,3485.0,3435.0,3465.0,19503,0.0,0.0
2023-03-13 11:00:00+09:00,3450.0,3510.0,3450.0,3510.0,8726,0.0,0.0
2023-03-13 12:00:00+09:00,3510.0,3520.0,3495.0,3495.0,5266,0.0,0.0
2023-03-13 13:00:00+09:00,3495.0,3520.0,3495.0,3505.0,5869,0.0,0.0
2023-03-13 14:00:00+09:00,3505.0,3525.0,3485.0,3510.0,12000,0.0,0.0
2023-03-14 09:00:00+09:00,3500.0,3500.0,3380.0,3380.0,39063,0.0,0.0
2023-03-14 10:00:00+09:00,3400.0,3440.0,3380.0,3420.0,12328,0.0,0.0
2023-03-14 11:00:00+09:00,3395.0,3425.0,3395.0,3425.0,3910,0.0,0.0
2023-03-14 12:00:00+09:00,3425.0,3465.0,3410.0,3445.0,4905,0.0,0.0
2023-03-14 13:00:00+09:00,3435.0,3445.0,3415.0,3435.0,10604,0.0,0.0
2023-03-14 14:00:00+09:00,3445.0,3445.0,3385.0,3420.0,44459,0.0,0.0
2023-03-15 09:00:00+09:00,3425.0,3530.0,3425.0,3520.0,0,0.0,0.0
2023-03-15 10:00:00+09:00,3525.0,3530.0,3480.0,3510.0,35420,0.0,0.0
2023-03-15 11:00:00+09:00,3505.0,3515.0,3490.0,3515.0,1795,0.0,0.0
2023-03-15 12:00:00+09:00,3510.0,3515.0,3495.0,3510.0,6761,0.0,0.0
2023-03-15 13:00:00+09:00,3500.0,3515.0,3475.0,3510.0,6828,0.0,0.0
2023-03-15 14:00:00+09:00,3505.0,3510.0,3475.0,3495.0,5550,0.0,0.0
2023-03-16 09:00:00+09:00,3495.0,3535.0,3470.0,3515.0,0,0.0,0.0
2023-03-16 10:00:00+09:00,3510.0,3550.0,3500.0,3550.0,12837,0.0,0.0
2023-03-16 11:00:00+09:00,3555.0,3640.0,3550.0,3570.0,22510,0.0,0.0
2023-03-16 12:00:00+09:00,3570.0,3570.0,3510.0,3530.0,9702,0.0,0.0
2023-03-16 13:00:00+09:00,3530.0,3540.0,3515.0,3540.0,3129,0.0,0.0
2023-03-16 14:00:00+09:00,3540.0,3560.0,3500.0,3520.0,4283,0.0,0.0
2023-03-17 09:00:00+09:00,3570.0,3590.0,3500.0,3580.0,21593,0.0,0.0
2023-03-17 10:00:00+09:00,3575.0,3580.0,3540.0,3545.0,5692,0.0,0.0
2023-03-17 11:00:00+09:00,3545.0,3560.0,3530.0,3540.0,4963,0.0,0.0
2023-03-17 12:00:00+09:00,3530.0,3555.0,3530.0,3550.0,8275,0.0,0.0
2023-03-17 13:00:00+09:00,3550.0,3550.0,3540.0,3545.0,3174,0.0,0.0
2023-03-17 14:00:00+09:00,3545.0,3550.0,3505.0,3535.0,16640,0.0,0.0
2023-03-20 09:00:00+09:00,3535.0,3555.0,3510.0,3540.0,0,0.0,0.0
2023-03-20 10:00:00+09:00,3540.0,3540.0,3510.0,3535.0,15796,0.0,0.0
2023-03-20 11:00:00+09:00,3540.0,3555.0,3520.0,3530.0,10001,0.0,0.0
2023-03-20 12:00:00+09:00,3530.0,3535.0,3520.0,3530.0,4590,0.0,0.0
2023-03-20 13:00:00+09:00,3520.0,3535.0,3520.0,3525.0,4968,0.0,0.0
2023-03-20 14:00:00+09:00,3525.0,3595.0,3520.0,3575.0,26417,0.0,0.0
2023-03-21 09:00:00+09:00,3595.0,3595.0,3555.0,3560.0,15085,0.0,0.0
2023-03-21 10:00:00+09:00,3560.0,3570.0,3535.0,3540.0,16346,0.0,0.0
2023-03-21 11:00:00+09:00,3540.0,3545.0,3520.0,3530.0,11995,0.0,0.0
2023-03-21 12:00:00+09:00,3530.0,3535.0,3520.0,3535.0,5251,0.0,0.0
2023-03-21 13:00:00+09:00,3540.0,3540.0,3515.0,3520.0,13988,0.0,0.0
2023-03-21 14:00:00+09:00,3510.0,3525.0,3510.0,3515.0,14568,0.0,0.0
2023-03-22 09:00:00+09:00,3520.0,3570.0,3515.0,3540.0,0,0.0,0.0
2023-03-22 10:00:00+09:00,3540.0,3540.0,3490.0,3525.0,12006,0.0,0.0
2023-03-22 11:00:00+09:00,3510.0,3520.0,3500.0,3520.0,3638,0.0,0.0
2023-03-22 12:00:00+09:00,3520.0,3520.0,3500.0,3515.0,3219,0.0,0.0
2023-03-22 13:00:00+09:00,3515.0,3515.0,3500.0,3510.0,5147,0.0,0.0
2023-03-22 14:00:00+09:00,3510.0,3530.0,3490.0,3530.0,9948,0.0,0.0
2023-03-23 09:00:00+09:00,3480.0,3520.0,3470.0,3490.0,8680,0.0,0.0
2023-03-23 10:00:00+09:00,3510.0,3535.0,3470.0,3510.0,15909,0.0,0.0
2023-03-23 11:00:00+09:00,3500.0,3510.0,3465.0,3505.0,9561,0.0,0.0
2023-03-23 12:00:00+09:00,3495.0,3525.0,3495.0,3525.0,10920,0.0,0.0
2023-03-23 13:00:00+09:00,3525.0,3530.0,3515.0,3520.0,3621,0.0,0.0
2023-03-23 14:00:00+09:00,3515.0,3520.0,3480.0,3480.0,12299,0.0,0.0
2023-03-24 09:00:00+09:00,3480.0,3550.0,3480.0,3530.0,0,0.0,0.0
2023-03-24 10:00:00+09:00,3510.0,3560.0,3475.0,3550.0,19146,0.0,0.0
2023-03-24 11:00:00+09:00,3555.0,3580.0,3545.0,3560.0,24302,0.0,0.0
2023-03-24 12:00:00+09:00,3560.0,3570.0,3550.0,3565.0,9167,0.0,0.0
2023-03-24 13:00:00+09:00,3565.0,3575.0,3565.0,3575.0,11955,0.0,0.0
2023-03-24 14:00:00+09:00,3565.0,3600.0,3565.0,3580.0,20876,0.0,0.0
2023-03-27 09:00:00+09:00,3580.0,3680.0,3555.0,3605.0,0,0.0,0.0
2023-03-27 10:00:00+09:00,3595.0,3635.0,3570.0,3570.0,80905,0.0,0.0
2023-03-27 11:00:00+09:00,3565.0,3610.0,3565.0,3585.0,12220,0.0,0.0
2023-03-27 12:00:00+09:00,3585.0,3610.0,3575.0,3610.0,5877,0.0,0.0
2023-03-27 13:00:00+09:00,3610.0,3615.0,3595.0,3610.0,14867,0.0,0.0
2023-03-27 14:00:00+09:00,3605.0,3620.0,3595.0,3610.0,13677,0.0,0.0
2023-03-28 09:00:00+09:00,3590.0,3740.0,3590.0,3705.0,96181,0.0,0.0
2023-03-28 10:00:00+09:00,3700.0,3800.0,3660.0,3775.0,116847,0.0,0.0
2023-03-28 11:00:00+09:00,3770.0,3800.0,3725.0,3780.0,63340,0.0,0.0
2023-03-28 12:00:00+09:00,3775.0,3780.0,3735.0,3780.0,21430,0.0,0.0
2023-03-28 13:00:00+09:00,3780.0,3815.0,3775.0,3800.0,137868,0.0,0.0
2023-03-28 14:00:00+09:00,3800.0,3810.0,3775.0,3800.0,51422,0.0,0.0
2023-03-29 09:00:00+09:00,3895.0,3940.0,3755.0,3835.0,170851,0.0,0.0
2023-03-29 10:00:00+09:00,3830.0,3900.0,3810.0,3855.0,45381,0.0,0.0
2023-03-29 11:00:00+09:00,3855.0,3855.0,3800.0,3830.0,43762,0.0,0.0
2023-03-29 12:00:00+09:00,3830.0,4010.0,3785.0,3955.0,191185,0.0,0.0
2023-03-29 13:00:00+09:00,3960.0,3990.0,3940.0,3960.0,60343,0.0,0.0
2023-03-29 14:00:00+09:00,3955.0,3990.0,3925.0,3960.0,54151,0.0,0.0
2023-03-30 09:00:00+09:00,4040.0,4050.0,3975.0,4000.0,115620,0.0,0.0
2023-03-30 10:00:00+09:00,3995.0,4020.0,3970.0,4020.0,32803,0.0,0.0
2023-03-30 11:00:00+09:00,4020.0,4035.0,4000.0,4025.0,28810,0.0,0.0
2023-03-30 12:00:00+09:00,4025.0,4055.0,4010.0,4020.0,28451,0.0,0.0
2023-03-30 13:00:00+09:00,4010.0,4040.0,3990.0,4025.0,20611,0.0,0.0
2023-03-30 14:00:00+09:00,4015.0,4030.0,4005.0,4030.0,18704,0.0,0.0
2023-03-31 09:00:00+09:00,4045.0,4235.0,4045.0,4180.0,262072,0.0,0.0
2023-03-31 10:00:00+09:00,4180.0,4190.0,4120.0,4175.0,56701,0.0,0.0
2023-03-31 11:00:00+09:00,4185.0,4185.0,4135.0,4145.0,39653,0.0,0.0
2023-03-31 12:00:00+09:00,4145.0,4150.0,4115.0,4120.0,25493,0.0,0.0
2023-03-31 13:00:00+09:00,4125.0,4150.0,4120.0,4135.0,31465,0.0,0.0
2023-03-31 14:00:00+09:00,4150.0,4190.0,4140.0,4145.0,40236,0.0,0.0
2023-04-03 09:00:00+09:00,4120.0,4235.0,4115.0,4190.0,0,0.0,0.0
2023-04-03 10:00:00+09:00,4175.0,4225.0,4175.0,4190.0,54637,0.0,0.0
2023-04-03 11:00:00+09:00,4195.0,4325.0,4195.0,4325.0,106592,0.0,0.0
2023-04-03 12:00:00+09:00,4315.0,4355.0,4290.0,4310.0,66827,0.0,0.0
2023-04-03 13:00:00+09:00,4310.0,4315.0,4200.0,4250.0,42862,0.0,0.0
2023-04-03 14:00:00+09:00,4260.0,4305.0,4260.0,4280.0,21659,0.0,0.0
2023-04-04 09:00:00+09:00,4305.0,4470.0,4290.0,4450.0,0,0.0,0.0
2023-04-04 10:00:00+09:00,4450.0,4470.0,4300.0,4380.0,106631,0.0,0.0
2023-04-04 11:00:00+09:00,4380.0,4430.0,4380.0,4395.0,41432,0.0,0.0
2023-04-04 12:00:00+09:00,4390.0,4450.0,4390.0,4430.0,26001,0.0,0.0
2023-04-04 13:00:00+09:00,4415.0,4440.0,4395.0,4425.0,25932,0.0,0.0
2023-04-04 14:00:00+09:00,4425.0,4440.0,4290.0,4395.0,86679,0.0,0.0
2023-04-05 09:00:00+09:00,4480.0,4490.0,4365.0,4375.0,0,0.0,0.0
2023-04-05 10:00:00+09:00,4375.0,4470.0,4350.0,4470.0,47944,0.0,0.0
2023-04-05 11:00:00+09:00,4470.0,4480.0,4445.0,4450.0,42630,0.0,0.0
2023-04-05 12:00:00+09:00,4450.0,4450.0,4410.0,4450.0,20861,0.0,0.0
2023-04-05 13:00:00+09:00,4450.0,4450.0,4405.0,4435.0,11862,0.0,0.0
2023-04-05 14:00:00+09:00,4435.0,4435.0,4400.0,4400.0,20443,0.0,0.0
2023-04-06 09:00:00+09:00,4385.0,4400.0,4130.0,4270.0,103749,0.0,0.0
2023-04-06 10:00:00+09:00,4275.0,4320.0,4265.0,4300.0,38472,0.0,0.0
2023-04-06 11:00:00+09:00,4300.0,4300.0,4195.0,4200.0,38522,0.0,0.0
2023-04-06 12:00:00+09:00,4200.0,4230.0,4180.0,4220.0,37614,0.0,0.0
2023-04-06 13:00:00+09:00,4210.0,4225.0,4180.0,4220.0,29024,0.0,0.0
2023-04-06 14:00:00+09:00,4220.0,4250.0,4185.0,4240.0,19471,0.0,0.0
2023-04-07 09:00:00+09:00,4265.0,4340.0,4125.0,4190.0,53643,0.0,0.0
2023-04-07 10:00:00+09:00,4180.0,4250.0,4170.0,4250.0,25377,0.0,0.0
2023-04-07 11:00:00+09:00,4250.0,4250.0,4160.0,4180.0,20137,0.0,0.0
2023-04-07 12:00:00+09:00,4160.0,4185.0,4125.0,4140.0,39906,0.0,0.0
2023-04-07 13:00:00+09:00,4140.0,4165.0,4100.0,4135.0,49043,0.0,0.0
2023-04-07 14:00:00+09:00,4130.0,4215.0,4120.0,4215.0,49014,0.0,0.0
2023-04-10 09:00:00+09:00,4175.0,4175.0,4000.0,4050.0,0,0.0,0.0
2023-04-10 10:00:00+09:00,4050.0,4070.0,3995.0,4065.0,58282,0.0,0.0
2023-04-10 11:00:00+09:00,4035.0,4105.0,4030.0,4070.0,22583,0.0,0.0
2023-04-10 12:00:00+09:00,4070.0,4095.0,4045.0,4045.0,17461,0.0,0.0
2023-04-10 13:00:00+09:00,4045.0,4060.0,4010.0,4010.0,29897,0.0,0.0
2023-04-10 14:00:00+09:00,4025.0,4055.0,4020.0,4050.0,25841,0.0,0.0
2023-04-11 09:00:00+09:00,4060.0,4110.0,3995.0,4090.0,73140,0.0,0.0
2023-04-11 10:00:00+09:00,4090.0,4150.0,4035.0,4065.0,46671,0.0,0.0
2023-04-11 11:00:00+09:00,4070.0,4145.0,4060.0,4135.0,33377,0.0,0.0
2023-04-11 12:00:00+09:00,4130.0,4145.0,4110.0,4125.0,29913,0.0,0.0
2023-04-11 13:00:00+09:00,4120.0,4160.0,4120.0,4140.0,25159,0.0,0.0
2023-04-11 14:00:00+09:00,4140.0,4165.0,4125.0,4145.0,15886,0.0,0.0
2023-04-12 09:00:00+09:00,4100.0,4170.0,4100.0,4125.0,53492,0.0,0.0
2023-04-12 10:00:00+09:00,4125.0,4145.0,4085.0,4120.0,37762,0.0,0.0
2023-04-12 11:00:00+09:00,4120.0,4240.0,4115.0,4210.0,56131,0.0,0.0
2023-04-12 12:00:00+09:00,4210.0,4235.0,4180.0,4235.0,26270,0.0,0.0
2023-04-12 13:00:00+09:00,4225.0,4270.0,4205.0,4220.0,32355,0.0,0.0
2023-04-12 14:00:00+09:00,4230.0,4235.0,4185.0,4200.0,22879,0.0,0.0
2023-04-13 09:00:00+09:00,4145.0,4185.0,4045.0,4150.0,55266,0.0,0.0
2023-04-13 10:00:00+09:00,4170.0,4180.0,4140.0,4175.0,12428,0.0,0.0
2023-04-13 11:00:00+09:00,4165.0,4240.0,4150.0,4200.0,27250,0.0,0.0
2023-04-13 12:00:00+09:00,4190.0,4205.0,4175.0,4200.0,4441,0.0,0.0
2023-04-13 13:00:00+09:00,4205.0,4205.0,4155.0,4195.0,4174,0.0,0.0
2023-04-13 14:00:00+09:00,4195.0,4200.0,4165.0,4185.0,5394,0.0,0.0
2023-04-14 09:00:00+09:00,4235.0,4260.0,4135.0,4155.0,32796,0.0,0.0
2023-04-14 10:00:00+09:00,4135.0,4175.0,4105.0,4150.0,18281,0.0,0.0
2023-04-14 11:00:00+09:00,4135.0,4150.0,4105.0,4135.0,18039,0.0,0.0
2023-04-14 12:00:00+09:00,4115.0,4135.0,4075.0,4080.0,22464,0.0,0.0
2023-04-14 13:00:00+09:00,4080.0,4090.0,4010.0,4050.0,42505,0.0,0.0
2023-04-14 14:00:00+09:00,4050.0,4060.0,4015.0,4040.0,32446,0.0,0.0
2023-04-17 09:00:00+09:00,4000.0,4045.0,3960.0,3990.0,0,0.0,0.0
2023-04-17 10:00:00+09:00,3990.0,4105.0,3985.0,4090.0,58677,0.0,0.0
2023-04-17 11:00:00+09:00,4090.0,4155.0,4090.0,4145.0,37266,0.0,0.0
2023-04-17 12:00:00+09:00,4145.0,4160.0,4135.0,4155.0,19779,0.0,0.0
2023-04-17 13:00:00+09:00,4160.0,4160.0,4125.0,4135.0,10115,0.0,0.0
2023-04-17 14:00:00+09:00,4135.0,4160.0,4135.0,4150.0,8834,0.0,0.0
2023-04-18 09:00:00+09:00,4140.0,4140.0,4010.0,4035.0,37369,0.0,0.0
2023-04-18 10:00:00+09:00,4035.0,4060.0,4010.0,4055.0,9145,0.0,0.0
2023-04-18 11:00:00+09:00,4050.0,4095.0,4035.0,4055.0,16686,0.0,0.0
2023-04-18 12:00:00+09:00,4055.0,4080.0,4030.0,4045.0,17239,0.0,0.0
2023-04-18 13:00:00+09:00,4045.0,4075.0,4020.0,4075.0,10516,0.0,0.0
2023-04-18 14:00:00+09:00,4065.0,4075.0,4030.0,4040.0,12030,0.0,0.0
2023-04-19 09:00:00+09:00,4085.0,4125.0,4035.0,4095.0,0,0.0,0.0
2023-04-19 10:00:00+09:00,4090.0,4110.0,4065.0,4090.0,15646,0.0,0.0
2023-04-19 11:00:00+09:00,4070.0,4090.0,4055.0,4065.0,21248,0.0,0.0
2023-04-19 12:00:00+09:00,4075.0,4140.0,4060.0,4140.0,39512,0.0,0.0
2023-04-19 13:00:00+09:00,4140.0,4140.0,4110.0,4130.0,14709,0.0,0.0
2023-04-19 14:00:00+09:00,4135.0,4135.0,4080.0,4100.0,15517,0.0,0.0
2023-04-20 09:00:00+09:00,4120.0,4140.0,4035.0,4055.0,0,0.0,0.0
2023-04-20 10:00:00+09:00,4040.0,4055.0,3970.0,4000.0,44617,0.0,0.0
2023-04-20 11:00:00+09:00,3990.0,3990.0,3950.0,3955.0,23621,0.0,0.0
2023-04-20 12:00:00+09:00,3970.0,3970.0,3925.0,3945.0,35815,0.0,0.0
2023-04-20 13:00:00+09:00,3945.0,3945.0,3895.0,3915.0,52148,0.0,0.0
2023-04-20 14:00:00+09:00,3915.0,3920.0,3870.0,3910.0,45149,0.0,0.0
2023-04-21 09:00:00+09:00,3875.0,3895.0,3735.0,3780.0,118210,0.0,0.0
2023-04-21 10:00:00+09:00,3780.0,3835.0,3760.0,3835.0,27354,0.0,0.0
2023-04-21 11:00:00+09:00,3835.0,3835.0,3760.0,3785.0,10945,0.0,0.0
2023-04-21 12:00:00+09:00,3790.0,3790.0,3750.0,3775.0,15033,0.0,0.0
2023-04-21 13:00:00+09:00,3775.0,3805.0,3755.0,3805.0,62731,0.0,0.0
2023-04-21 14:00:00+09:00,3800.0,3830.0,3790.0,3810.0,22909,0.0,0.0
2023-04-24 09:00:00+09:00,3800.0,3865.0,3785.0,3800.0,0,0.0,0.0
2023-04-24 10:00:00+09:00,3800.0,3830.0,3770.0,3805.0,30272,0.0,0.0
2023-04-24 11:00:00+09:00,3805.0,3835.0,3790.0,3820.0,7054,0.0,0.0
2023-04-24 12:00:00+09:00,3820.0,3825.0,3790.0,3810.0,11389,0.0,0.0
2023-04-24 13:00:00+09:00,3810.0,3855.0,3805.0,3850.0,24278,0.0,0.0
2023-04-24 14:00:00+09:00,3845.0,3855.0,3805.0,3840.0,19065,0.0,0.0
2023-04-25 09:00:00+09:00,3860.0,3915.0,3820.0,3915.0,38618,0.0,0.0
2023-04-25 10:00:00+09:00,3915.0,3960.0,3805.0,3830.0,50179,0.0,0.0
2023-04-25 11:00:00+09:00,3815.0,3860.0,3775.0,3780.0,41291,0.0,0.0
2023-04-25 12:00:00+09:00,3785.0,3830.0,3785.0,3800.0,14948,0.0,0.0
2023-04-25 13:00:00+09:00,3800.0,3810.0,3755.0,3800.0,28220,0.0,0.0
2023-04-25 14:00:00+09:00,3800.0,3810.0,3780.0,3810.0,13256,0.0,0.0
2023-04-26 09:00:00+09:00,3805.0,3825.0,3735.0,3825.0,91313,0.0,0.0
2023-04-26 10:00:00+09:00,3830.0,3860.0,3805.0,3835.0,32139,0.0,0.0
2023-04-26 11:00:00+09:00,3835.0,3835.0,3780.0,3790.0,16797,0.0,0.0
2023-04-26 12:00:00+09:00,3795.0,3835.0,3785.0,3825.0,4223,0.0,0.0
2023-04-26 13:00:00+09:00,3820.0,3825.0,3785.0,3800.0,2999,0.0,0.0
2023-04-26 14:00:00+09:00,3805.0,3810.0,3755.0,3780.0,24957,0.0,0.0
2023-04-27 09:00:00+09:00,3755.0,3775.0,3680.0,3760.0,45861,0.0,0.0
2023-04-27 10:00:00+09:00,3760.0,3785.0,3735.0,3780.0,22020,0.0,0.0
2023-04-27 11:00:00+09:00,3780.0,3790.0,3760.0,3775.0,26451,0.0,0.0
2023-04-27 12:00:00+09:00,3780.0,3795.0,3775.0,3785.0,4051,0.0,0.0
2023-04-27 13:00:00+09:00,3780.0,3810.0,3760.0,3810.0,11748,0.0,0.0
2023-04-27 14:00:00+09:00,3810.0,3815.0,3790.0,3810.0,13109,0.0,0.0
2023-04-28 09:00:00+09:00,3835.0,3855.0,3790.0,3850.0,58144,0.0,0.0
2023-04-28 10:00:00+09:00,3850.0,3850.0,3805.0,3830.0,18522,0.0,0.0
2023-04-28 11:00:00+09:00,3830.0,3835.0,3730.0,3770.0,25013,0.0,0.0
2023-04-28 12:00:00+09:00,3770.0,3785.0,3740.0,3780.0,8108,0.0,0.0
2023-04-28 13:00:00+09:00,3775.0,3785.0,3735.0,3760.0,14994,0.0,0.0
2023-04-28 14:00:00+09:00,3740.0,3780.0,3735.0,3760.0,8253,0.0,0.0
2023-05-02 09:00:00+09:00,3785.0,3950.0,3785.0,3910.0,0,0.0,0.0
2023-05-02 10:00:00+09:00,3910.0,3955.0,3895.0,3950.0,30184,0.0,0.0
2023-05-02 11:00:00+09:00,3950.0,3960.0,3925.0,3930.0,14501,0.0,0.0
2023-05-02 12:00:00+09:00,3935.0,3960.0,3920.0,3955.0,11378,0.0,0.0
2023-05-02 13:00:00+09:00,3955.0,3955.0,3900.0,3930.0,17091,0.0,0.0
2023-05-02 14:00:00+09:00,3925.0,3955.0,3900.0,3955.0,16946,0.0,0.0
2023-05-03 09:00:00+09:00,3950.0,4070.0,3925.0,4030.0,0,0.0,0.0
2023-05-03 10:00:00+09:00,4030.0,4125.0,4025.0,4080.0,127496,0.0,0.0
2023-05-03 11:00:00+09:00,4080.0,4080.0,3955.0,4055.0,29645,0.0,0.0
2023-05-03 12:00:00+09:00,4055.0,4065.0,4020.0,4045.0,17174,0.0,0.0
2023-05-03 13:00:00+09:00,4035.0,4055.0,3990.0,4015.0,14610,0.0,0.0
2023-05-03 14:00:00+09:00,4010.0,4020.0,3990.0,4005.0,7302,0.0,0.0
2023-05-04 09:00:00+09:00,4005.0,4065.0,3970.0,4055.0,0,0.0,0.0
2023-05-04 10:00:00+09:00,4045.0,4055.0,4010.0,4025.0,16130,0.0,0.0
2023-05-04 11:00:00+09:00,4025.0,4025.0,3995.0,4020.0,10160,0.0,0.0
2023-05-04 12:00:00+09:00,4020.0,4035.0,3985.0,4005.0,8764,0.0,0.0
2023-05-04 13:00:00+09:00,4000.0,4015.0,3985.0,4010.0,5827,0.0,0.0
2023-05-04 14:00:00+09:00,4010.0,4035.0,4005.0,4030.0,6994,0.0,0.0
2023-05-08 09:00:00+09:00,4070.0,4115.0,4050.0,4100.0,0,0.0,0.0
2023-05-08 10:00:00+09:00,4105.0,4110.0,4075.0,4100.0,12497,0.0,0.0
2023-05-08 11:00:00+09:00,4085.0,4095.0,4060.0,4060.0,16797,0.0,0.0
2023-05-08 12:00:00+09:00,4060.0,4085.0,4050.0,4080.0,22581,0.0,0.0
2023-05-08 13:00:00+09:00,4075.0,4090.0,4065.0,4080.0,2546,0.0,0.0
2023-05-08 14:00:00+09:00,4075.0,4110.0,4070.0,4110.0,23250,0.0,0.0
2023-05-09 09:00:00+09:00,4105.0,4120.0,4040.0,4050.0,31980,0.0,0.0
2023-05-09 10:00:00+09:00,4040.0,4075.0,4030.0,4065.0,8555,0.0,0.0
2023-05-09 11:00:00+09:00,4060.0,4095.0,4060.0,4060.0,4978,0.0,0.0
2023-05-09 12:00:00+09:00,4060.0,4080.0,4035.0,4040.0,6348,0.0,0.0
2023-05-09 13:00:00+09:00,4075.0,4090.0,4040.0,4090.0,1492,0.0,0.0
2023-05-09 14:00:00+09:00,4085.0,4090.0,4075.0,4085.0,2595,0.0,0.0
2023-05-10 09:00:00+09:00,4115.0,4115.0,4060.0,4075.0,5945,0.0,0.0
2023-05-10 10:00:00+09:00,4080.0,4085.0,4060.0,4075.0,4278,0.0,0.0
2023-05-10 11:00:00+09:00,4075.0,4075.0,4050.0,4070.0,8671,0.0,0.0
2023-05-10 12:00:00+09:00,4060.0,4070.0,4050.0,4065.0,5499,0.0,0.0
2023-05-10 13:00:00+09:00,4060.0,4065.0,4030.0,4030.0,7980,0.0,0.0
2023-05-10 14:00:00+09:00,4055.0,4060.0,4030.0,4030.0,15757,0.0,0.0
2023-05-11 09:00:00+09:00,4065.0,4075.0,3990.0,4010.0,0,0.0,0.0
2023-05-11 10:00:00+09:00,4025.0,4055.0,4010.0,4050.0,46823,0.0,0.0
2023-05-11 11:00:00+09:00,4050.0,4060.0,4000.0,4050.0,33350,0.0,0.0
2023-05-11 12:00:00+09:00,4050.0,4065.0,4040.0,4060.0,9923,0.0,0.0
2023-05-11 13:00:00+09:00,4060.0,4065.0,4020.0,4055.0,21674,0.0,0.0
2023-05-11 14:00:00+09:00,4045.0,4055.0,4020.0,4040.0,13207,0.0,0.0
2023-05-12 09:00:00+09:00,4030.0,4080.0,3950.0,3960.0,30102,0.0,0.0
2023-05-12 10:00:00+09:00,3960.0,3965.0,3900.0,3915.0,13509,0.0,0.0
2023-05-12 11:00:00+09:00,3910.0,3925.0,3855.0,3875.0,25459,0.0,0.0
2023-05-12 12:00:00+09:00,3865.0,3890.0,3860.0,3885.0,8221,0.0,0.0
2023-05-12 13:00:00+09:00,3870.0,3940.0,3870.0,3915.0,21505,0.0,0.0
2023-05-12 14:00:00+09:00,3915.0,3960.0,3900.0,3910.0,22073,0.0,0.0
2023-05-15 09:00:00+09:00,3800.0,3820.0,3560.0,3590.0,61972,0.0,0.0
2023-05-15 10:00:00+09:00,3590.0,3615.0,3530.0,3575.0,88062,0.0,0.0
2023-05-15 11:00:00+09:00,3570.0,3575.0,3520.0,3520.0,79169,0.0,0.0
2023-05-15 12:00:00+09:00,3520.0,3550.0,3515.0,3530.0,30999,0.0,0.0
2023-05-15 13:00:00+09:00,3530.0,3585.0,3500.0,3515.0,108357,0.0,0.0
2023-05-15 14:00:00+09:00,3515.0,3570.0,3505.0,3540.0,21938,0.0,0.0
2023-05-16 09:00:00+09:00,3535.0,3540.0,3400.0,3435.0,0,0.0,0.0
2023-05-16 10:00:00+09:00,3420.0,3470.0,3375.0,3440.0,57480,0.0,0.0
2023-05-16 11:00:00+09:00,3425.0,3455.0,3420.0,3455.0,17213,0.0,0.0
2023-05-16 12:00:00+09:00,3450.0,3540.0,3430.0,3525.0,26546,0.0,0.0
2023-05-16 13:00:00+09:00,3525.0,3530.0,3450.0,3470.0,17167,0.0,0.0
2023-05-16 14:00:00+09:00,3470.0,3485.0,3455.0,3475.0,7555,0.0,0.0
2023-05-17 09:00:00+09:00,3460.0,3540.0,3430.0,3510.0,50574,0.0,0.0
2023-05-17 10:00:00+09:00,3515.0,3530.0,3500.0,3520.0,20383,0.0,0.0
2023-05-17 11:00:00+09:00,3520.0,3600.0,3520.0,3550.0,0,0.0,0.0
2023-05-17 12:00:00+09:00,3545.0,3615.0,3540.0,3555.0,134576,0.0,0.0
2023-05-17 13:00:00+09:00,3555.0,3570.0,3545.0,3560.0,12455,0.0,0.0
2023-05-17 14:00:00+09:00,3560.0,3570.0,3525.0,3545.0,29138,0.0,0.0
2023-05-18 09:00:00+09:00,3565.0,3615.0,3540.0,3605.0,17906,0.0,0.0
2023-05-18 10:00:00+09:00,3600.0,3600.0,3555.0,3555.0,9755,0.0,0.0
2023-05-18 11:00:00+09:00,3550.0,3555.0,3505.0,3525.0,28659,0.0,0.0
2023-05-18 12:00:00+09:00,3525.0,3525.0,3500.0,3505.0,12590,0.0,0.0
2023-05-18 13:00:00+09:00,3505.0,3525.0,3495.0,3515.0,17020,0.0,0.0
2023-05-18 14:00:00+09:00,3505.0,3545.0,3500.0,3540.0,15508,0.0,0.0
2023-05-19 09:00:00+09:00,3590.0,3635.0,3550.0,3620.0,0,0.0,0.0
2023-05-19 10:00:00+09:00,3620.0,3640.0,3615.0,3625.0,10252,0.0,0.0
2023-05-19 11:00:00+09:00,3620.0,3620.0,3560.0,3600.0,16435,0.0,0.0
2023-05-19 12:00:00+09:00,3590.0,3600.0,3565.0,3590.0,5306,0.0,0.0
2023-05-19 13:00:00+09:00,3585.0,3610.0,3580.0,3605.0,4037,0.0,0.0
2023-05-19 14:00:00+09:00,3605.0,3605.0,3575.0,3600.0,8995,0.0,0.0
2023-05-22 09:00:00+09:00,3585.0,3610.0,3565.0,3585.0,0,0.0,0.0
2023-05-22 10:00:00+09:00,3585.0,3595.0,3565.0,3580.0,13241,0.0,0.0
2023-05-22 11:00:00+09:00,3580.0,3590.0,3555.0,3585.0,14638,0.0,0.0
2023-05-22 12:00:00+09:00,3580.0,3585.0,3555.0,3580.0,8618,0.0,0.0
2023-05-22 13:00:00+09:00,3560.0,3585.0,3560.0,3585.0,3523,0.0,0.0
2023-05-22 14:00:00+09:00,3570.0,3585.0,3555.0,3585.0,5776,0.0,0.0
2023-05-23 09:00:00+09:00,3590.0,3620.0,3590.0,3610.0,0,0.0,0.0
2023-05-23 10:00:00+09:00,3610.0,3625.0,3600.0,3615.0,11630,0.0,0.0
2023-05-23 11:00:00+09:00,3615.0,3620.0,3610.0,3615.0,7393,0.0,0.0
2023-05-23 12:00:00+09:00,3615.0,3615.0,3600.0,3600.0,4531,0.0,0.0
2023-05-23 13:00:00+09:00,3610.0,3615.0,3590.0,3615.0,8298,0.0,0.0
2023-05-23 14:00:00+09:00,3610.0,3620.0,3585.0,3595.0,4448,0.0,0.0
2023-05-24 09:00:00+09:00,3595.0,3595.0,3540.0,3550.0,26920,0.0,0.0
2023-05-24 10:00:00+09:00,3545.0,3550.0,3530.0,3545.0,15199,0.0,0.0
2023-05-24 11:00:00+09:00,3545.0,3560.0,3530.0,3550.0,6765,0.0,0.0
2023-05-24 12:00:00+09:00,3550.0,3560.0,3535.0,3555.0,5472,0.0,0.0
2023-05-24 13:00:00+09:00,3555.0,3565.0,3545.0,3560.0,4293,0.0,0.0
2023-05-24 14:00:00+09:00,3560.0,3560.0,3545.0,3550.0,7674,0.0,0.0
2023-05-25 09:00:00+09:00,3550.0,3560.0,3480.0,3525.0,18984,0.0,0.0
2023-05-25 10:00:00+09:00,3510.0,3525.0,3500.0,3515.0,7298,0.0,0.0
2023-05-25 11:00:00+09:00,3515.0,3515.0,3510.0,3515.0,3402,0.0,0.0
2023-05-25 12:00:00+09:00,3515.0,3530.0,3510.0,3525.0,5291,0.0,0.0
2023-05-25 13:00:00+09:00,3520.0,3545.0,3510.0,3525.0,7445,0.0,0.0
2023-05-25 14:00:00+09:00,3520.0,3525.0,3500.0,3510.0,6994,0.0,0.0
2023-05-26 09:00:00+09:00,3525.0,3530.0,3500.0,3515.0,0,0.0,0.0
2023-05-26 10:00:00+09:00,3510.0,3515.0,3475.0,3490.0,13568,0.0,0.0
2023-05-26 11:00:00+09:00,3490.0,3515.0,3485.0,3500.0,4273,0.0,0.0
2023-05-26 12:00:00+09:00,3490.0,3505.0,3480.0,3500.0,6911,0.0,0.0
2023-05-26 13:00:00+09:00,3490.0,3500.0,3485.0,3490.0,8186,0.0,0.0
2023-05-26 14:00:00+09:00,3490.0,3510.0,3490.0,3500.0,6003,0.0,0.0
2023-05-30 09:00:00+09:00,3515.0,3580.0,3515.0,3560.0,0,0.0,0.0
2023-05-30 10:00:00+09:00,3565.0,3570.0,3555.0,3560.0,4064,0.0,0.0
2023-05-30 11:00:00+09:00,3560.0,3580.0,3560.0,3575.0,7590,0.0,0.0
2023-05-30 12:00:00+09:00,3565.0,3580.0,3560.0,3570.0,5468,0.0,0.0
2023-05-30 13:00:00+09:00,3580.0,3610.0,3570.0,3580.0,16277,0.0,0.0
2023-05-30 14:00:00+09:00,3590.0,3595.0,3575.0,3590.0,2339,0.0,0.0
2023-05-31 09:00:00+09:00,3595.0,3645.0,3580.0,3615.0,21156,0.0,0.0
2023-05-31 10:00:00+09:00,3605.0,3615.0,3570.0,3570.0,21368,0.0,0.0
2023-05-31 11:00:00+09:00,3600.0,3600.0,3530.0,3575.0,27016,0.0,0.0
2023-05-31 12:00:00+09:00,3580.0,3590.0,3540.0,3570.0,5919,0.0,0.0
2023-05-31 13:00:00+09:00,3555.0,3580.0,3535.0,3565.0,13253,0.0,0.0
2023-05-31 14:00:00+09:00,3580.0,3585.0,3545.0,3550.0,12402,0.0,0.0
2023-06-01 09:00:00+09:00,3525.0,3580.0,3515.0,3565.0,0,0.0,0.0
2023-06-01 10:00:00+09:00,3540.0,3565.0,3530.0,3565.0,9398,0.0,0.0
2023-06-01 11:00:00+09:00,3565.0,3575.0,3565.0,3575.0,3468,0.0,0.0
2023-06-01 12:00:00+09:00,3570.0,3575.0,3560.0,3575.0,11213,0.0,0.0
2023-06-01 13:00:00+09:00,3575.0,3575.0,3565.0,3575.0,3736,0.0,0.0
2023-06-01 14:00:00+09:00,3575.0,3620.0,3570.0,3600.0,29799,0.0,0.0
2023-06-02 09:00:00+09:00,3620.0,3620.0,3595.0,3610.0,14154,0.0,0.0
2023-06-02 10:00:00+09:00,3600.0,3610.0,3560.0,3585.0,27931,0.0,0.0
2023-06-02 11:00:00+09:00,3575.0,3605.0,3560.0,3595.0,10515,0.0,0.0
2023-06-02 12:00:00+09:00,3570.0,3595.0,3565.0,3585.0,5247,0.0,0.0
2023-06-02 13:00:00+09:00,3585.0,3585.0,3560.0,3575.0,11247,0.0,0.0
2023-06-02 14:00:00+09:00,3575.0,3605.0,3570.0,3605.0,10477,0.0,0.0
2023-06-05 09:00:00+09:00,3610.0,3625.0,3565.0,3610.0,0,0.0,0.0
2023-06-05 10:00:00+09:00,3610.0,3680.0,3595.0,3680.0,26858,0.0,0.0
2023-06-05 11:00:00+09:00,3660.0,3685.0,3630.0,3650.0,17681,0.0,0.0
2023-06-05 12:00:00+09:00,3650.0,3660.0,3610.0,3635.0,13676,0.0,0.0
2023-06-05 13:00:00+09:00,3635.0,3635.0,3615.0,3625.0,4021,0.0,0.0
2023-06-05 14:00:00+09:00,3625.0,3640.0,3610.0,3630.0,31467,0.0,0.0
2023-06-07 09:00:00+09:00,3635.0,3645.0,3615.0,3630.0,0,0.0,0.0
2023-06-07 10:00:00+09:00,3620.0,3650.0,3615.0,3650.0,19691,0.0,0.0
2023-06-07 11:00:00+09:00,3630.0,3650.0,3625.0,3640.0,9176,0.0,0.0
2023-06-07 12:00:00+09:00,3645.0,3650.0,3630.0,3640.0,8873,0.0,0.0
2023-06-07 13:00:00+09:00,3650.0,3650.0,3625.0,3640.0,15052,0.0,0.0
2023-06-07 14:00:00+09:00,3630.0,3640.0,3610.0,3625.0,14130,0.0,0.0
2023-06-08 09:00:00+09:00,3625.0,3645.0,3595.0,3640.0,0,0.0,0.0
2023-06-08 10:00:00+09:00,3640.0,3665.0,3595.0,3660.0,44185,0.0,0.0
2023-06-08 11:00:00+09:00,3660.0,3675.0,3645.0,3665.0,16968,0.0,0.0
2023-06-08 12:00:00+09:00,3665.0,3670.0,3640.0,3645.0,2106,0.0,0.0
2023-06-08 13:00:00+09:00,3645.0,3650.0,3615.0,3635.0,9836,0.0,0.0
2023-06-08 14:00:00+09:00,3615.0,3665.0,3610.0,3665.0,7108,0.0,0.0
2023-06-09 09:00:00+09:00,3620.0,3695.0,3620.0,3645.0,0,0.0,0.0
2023-06-09 10:00:00+09:00,3645.0,3695.0,3610.0,3660.0,39224,0.0,0.0
2023-06-09 11:00:00+09:00,3655.0,3660.0,3625.0,3655.0,6704,0.0,0.0
2023-06-09 12:00:00+09:00,3660.0,3665.0,3635.0,3655.0,9833,0.0,0.0
2023-06-09 13:00:00+09:00,3655.0,3665.0,3635.0,3640.0,11946,0.0,0.0
2023-06-09 14:00:00+09:00,3660.0,3660.0,3635.0,3650.0,6335,0.0,0.0
2023-06-12 09:00:00+09:00,3655.0,3660.0,3610.0,3620.0,0,0.0,0.0
2023-06-12 10:00:00+09:00,3615.0,3625.0,3605.0,3620.0,14378,0.0,0.0
2023-06-12 11:00:00+09:00,3620.0,3620.0,3580.0,3605.0,15378,0.0,0.0
2023-06-12 12:00:00+09:00,3585.0,3600.0,3580.0,3600.0,2381,0.0,0.0
2023-06-12 13:00:00+09:00,3600.0,3610.0,3590.0,3595.0,7111,0.0,0.0
2023-06-12 14:00:00+09:00,3595.0,3595.0,3565.0,3585.0,16829,0.0,0.0
2023-06-13 09:00:00+09:00,3560.0,3605.0,3560.0,3580.0,0,0.0,0.0
2023-06-13 10:00:00+09:00,3580.0,3595.0,3560.0,3590.0,9949,0.0,0.0
2023-06-13 11:00:00+09:00,3585.0,3590.0,3575.0,3580.0,6177,0.0,0.0
2023-06-13 12:00:00+09:00,3575.0,3590.0,3575.0,3580.0,5139,0.0,0.0
2023-06-13 13:00:00+09:00,3580.0,3585.0,3570.0,3580.0,2883,0.0,0.0
2023-06-13 14:00:00+09:00,3575.0,3590.0,3565.0,3575.0,14242,0.0,0.0
2023-06-14 09:00:00+09:00,3570.0,3600.0,3535.0,3535.0,0,0.0,0.0
2023-06-14 10:00:00+09:00,3540.0,3570.0,3535.0,3560.0,8928,0.0,0.0
2023-06-14 11:00:00+09:00,3555.0,3570.0,3540.0,3545.0,6571,0.0,0.0
2023-06-14 12:00:00+09:00,3550.0,3550.0,3500.0,3530.0,24414,0.0,0.0
2023-06-14 13:00:00+09:00,3530.0,3555.0,3515.0,3530.0,7719,0.0,0.0
2023-06-14 14:00:00+09:00,3535.0,3555.0,3505.0,3530.0,25405,0.0,0.0
2023-06-15 09:00:00+09:00,3520.0,3560.0,3520.0,3525.0,0,0.0,0.0
2023-06-15 10:00:00+09:00,3525.0,3545.0,3495.0,3500.0,26876,0.0,0.0
2023-06-15 11:00:00+09:00,3510.0,3510.0,3480.0,3510.0,10536,0.0,0.0
2023-06-15 12:00:00+09:00,3510.0,3530.0,3510.0,3520.0,14356,0.0,0.0
2023-06-15 13:00:00+09:00,3520.0,3530.0,3505.0,3530.0,6366,0.0,0.0
2023-06-15 14:00:00+09:00,3530.0,3535.0,3515.0,3535.0,9394,0.0,0.0
2023-06-16 09:00:00+09:00,3545.0,3630.0,3535.0,3570.0,0,0.0,0.0
2023-06-16 10:00:00+09:00,3560.0,3580.0,3550.0,3560.0,2586,0.0,0.0
2023-06-16 11:00:00+09:00,3575.0,3580.0,3550.0,3580.0,5044,0.0,0.0
2023-06-16 12:00:00+09:00,3570.0,3600.0,3555.0,3585.0,13458,0.0,0.0
2023-06-16 13:00:00+09:00,3600.0,3620.0,3600.0,3620.0,11789,0.0,0.0
2023-06-16 14:00:00+09:00,3620.0,3645.0,3615.0,3620.0,29563,0.0,0.0
2023-06-19 09:00:00+09:00,3610.0,3635.0,3605.0,3620.0,0,0.0,0.0
2023-06-19 10:00:00+09:00,3610.0,3655.0,3610.0,3620.0,27924,0.0,0.0
2023-06-19 11:00:00+09:00,3645.0,3645.0,3630.0,3635.0,3012,0.0,0.0
2023-06-19 12:00:00+09:00,3630.0,3640.0,3620.0,3635.0,6667,0.0,0.0
2023-06-19 13:00:00+09:00,3625.0,3635.0,3615.0,3620.0,7429,0.0,0.0
2023-06-19 14:00:00+09:00,3620.0,3630.0,3610.0,3625.0,3918,0.0,0.0
2023-06-20 09:00:00+09:00,3635.0,3635.0,3585.0,3625.0,0,0.0,0.0
2023-06-20 10:00:00+09:00,3625.0,3630.0,3590.0,3595.0,8193,0.0,0.0
2023-06-20 11:00:00+09:00,3610.0,3620.0,3575.0,3590.0,9795,0.0,0.0
2023-06-20 12:00:00+09:00,3575.0,3595.0,3565.0,3580.0,4789,0.0,0.0
2023-06-20 13:00:00+09:00,3585.0,3595.0,3560.0,3560.0,29400,0.0,0.0
2023-06-20 14:00:00+09:00,3565.0,3590.0,3560.0,3575.0,404,0.0,0.0
2023-06-21 09:00:00+09:00,3585.0,3585.0,3555.0,3560.0,0,0.0,0.0
2023-06-21 10:00:00+09:00,3565.0,3565.0,3515.0,3560.0,17299,0.0,0.0
2023-06-21 11:00:00+09:00,3560.0,3570.0,3535.0,3560.0,1948,0.0,0.0
2023-06-21 12:00:00+09:00,3560.0,3560.0,3540.0,3560.0,8363,0.0,0.0
2023-06-21 13:00:00+09:00,3555.0,3560.0,3510.0,3530.0,7531,0.0,0.0
2023-06-21 14:00:00+09:00,3530.0,3535.0,3510.0,3535.0,6163,0.0,0.0
2023-06-22 09:00:00+09:00,3490.0,3515.0,3455.0,3510.0,0,0.0,0.0
2023-06-22 10:00:00+09:00,3515.0,3530.0,3490.0,3515.0,10866,0.0,0.0
2023-06-22 11:00:00+09:00,3510.0,3520.0,3495.0,3510.0,4987,0.0,0.0
2023-06-22 12:00:00+09:00,3500.0,3515.0,3495.0,3510.0,9496,0.0,0.0
2023-06-22 13:00:00+09:00,3510.0,3520.0,3500.0,3515.0,3563,0.0,0.0
2023-06-22 14:00:00+09:00,3510.0,3530.0,3505.0,3530.0,8694,0.0,0.0
2023-06-23 09:00:00+09:00,3515.0,3540.0,3510.0,3520.0,0,0.0,0.0
2023-06-23 10:00:00+09:00,3510.0,3530.0,3505.0,3520.0,3856,0.0,0.0
2023-06-23 11:00:00+09:00,3505.0,3515.0,3500.0,3515.0,3928,0.0,0.0
2023-06-23 12:00:00+09:00,3515.0,3515.0,3490.0,3505.0,7463,0.0,0.0
2023-06-23 13:00:00+09:00,3505.0,3510.0,3495.0,3510.0,7391,0.0,0.0
2023-06-23 14:00:00+09:00,3510.0,3510.0,3500.0,3510.0,4190,0.0,0.0
2023-06-26 09:00:00+09:00,3520.0,3555.0,3485.0,3550.0,0,0.0,0.0
2023-06-26 10:00:00+09:00,3550.0,3550.0,3515.0,3520.0,4764,0.0,0.0
2023-06-26 11:00:00+09:00,3520.0,3520.0,3505.0,3510.0,1966,0.0,0.0
2023-06-26 12:00:00+09:00,3505.0,3515.0,3485.0,3510.0,8329,0.0,0.0
2023-06-26 13:00:00+09:00,3510.0,3515.0,3480.0,3515.0,5054,0.0,0.0
2023-06-26 14:00:00+09:00,3515.0,3540.0,3505.0,3520.0,8310,0.0,0.0
2023-06-27 09:00:00+09:00,3525.0,3525.0,3500.0,3515.0,0,0.0,0.0
2023-06-27 10:00:00+09:00,3515.0,3540.0,3505.0,3520.0,6976,0.0,0.0
2023-06-27 11:00:00+09:00,3520.0,3530.0,3515.0,3525.0,6026,0.0,0.0
2023-06-27 12:00:00+09:00,3525.0,3530.0,3520.0,3525.0,4060,0.0,0.0
2023-06-27 13:00:00+09:00,3525.0,3535.0,3510.0,3515.0,9796,0.0,0.0
2023-06-27 14:00:00+09:00,3520.0,3525.0,3510.0,3515.0,3893,0.0,0.0
2023-06-28 09:00:00+09:00,3530.0,3550.0,3515.0,3545.0,12299,0.0,0.0
2023-06-28 10:00:00+09:00,3530.0,3545.0,3510.0,3515.0,11355,0.0,0.0
2023-06-28 11:00:00+09:00,3515.0,3520.0,3490.0,3495.0,5136,0.0,0.0
2023-06-28 12:00:00+09:00,3490.0,3525.0,3475.0,3495.0,12766,0.0,0.0
2023-06-28 13:00:00+09:00,3510.0,3525.0,3485.0,3505.0,7836,0.0,0.0
2023-06-28 14:00:00+09:00,3500.0,3515.0,3490.0,3510.0,2832,0.0,0.0
2023-06-29 09:00:00+09:00,3490.0,3515.0,3490.0,3500.0,0,0.0,0.0
2023-06-29 10:00:00+09:00,3505.0,3600.0,3490.0,3515.0,12997,0.0,0.0
2023-06-29 11:00:00+09:00,3505.0,3515.0,3485.0,3495.0,5275,0.0,0.0
2023-06-29 12:00:00+09:00,3485.0,3495.0,3475.0,3485.0,7583,0.0,0.0
2023-06-29 13:00:00+09:00,3475.0,3485.0,3455.0,3475.0,12851,0.0,0.0
2023-06-29 14:00:00+09:00,3470.0,3480.0,3450.0,3470.0,9522,0.0,0.0
2023-06-30 09:00:00+09:00,3450.0,3450.0,3400.0,3445.0,0,0.0,0.0
2023-06-30 10:00:00+09:00,3445.0,3450.0,3420.0,3440.0,3692,0.0,0.0
2023-06-30 11:00:00+09:00,3440.0,3470.0,3430.0,3440.0,2040,0.0,0.0
2023-06-30 12:00:00+09:00,3450.0,3460.0,3420.0,3455.0,4607,0.0,0.0
2023-06-30 13:00:00+09:00,3430.0,3470.0,3430.0,3465.0,4405,0.0,0.0
2023-06-30 14:00:00+09:00,3440.0,3465.0,3440.0,3465.0,1380,0.0,0.0
2023-07-03 09:00:00+09:00,3480.0,3525.0,3445.0,3510.0,0,0.0,0.0
2023-07-03 10:00:00+09:00,3510.0,3510.0,3460.0,3465.0,18252,0.0,0.0
2023-07-03 11:00:00+09:00,3465.0,3490.0,3460.0,3470.0,9939,0.0,0.0
2023-07-03 12:00:00+09:00,3480.0,3500.0,3470.0,3480.0,8992,0.0,0.0
2023-07-03 13:00:00+09:00,3475.0,3515.0,3470.0,3510.0,32609,0.0,0.0
2023-07-03 14:00:00+09:00,3515.0,3530.0,3485.0,3495.0,7844,0.0,0.0
2023-07-04 09:00:00+09:00,3550.0,3550.0,3475.0,3490.0,15771,0.0,0.0
2023-07-04 10:00:00+09:00,3480.0,3490.0,3460.0,3490.0,11903,0.0,0.0
2023-07-04 11:00:00+09:00,3480.0,3505.0,3470.0,3500.0,8497,0.0,0.0
2023-07-04 12:00:00+09:00,3490.0,3500.0,3475.0,3490.0,2168,0.0,0.0
2023-07-04 13:00:00+09:00,3490.0,3495.0,3470.0,3475.0,8847,0.0,0.0
2023-07-04 14:00:00+09:00,3480.0,3495.0,3480.0,3490.0,13265,0.0,0.0
2023-07-05 09:00:00+09:00,3510.0,3540.0,3500.0,3515.0,7994,0.0,0.0
2023-07-05 10:00:00+09:00,3505.0,3520.0,3500.0,3520.0,4699,0.0,0.0
2023-07-05 11:00:00+09:00,3510.0,3545.0,3500.0,3530.0,22139,0.0,0.0
2023-07-05 12:00:00+09:00,3525.0,3535.0,3505.0,3520.0,21185,0.0,0.0
2023-07-05 13:00:00+09:00,3515.0,3525.0,3505.0,3520.0,351,0.0,0.0
2023-07-05 14:00:00+09:00,3510.0,3525.0,3495.0,3510.0,16957,0.0,0.0
2023-07-06 09:00:00+09:00,3470.0,3500.0,3435.0,3475.0,21263,0.0,0.0
2023-07-06 10:00:00+09:00,3475.0,3485.0,3465.0,3485.0,8736,0.0,0.0
2023-07-06 11:00:00+09:00,3475.0,3485.0,3450.0,3485.0,8238,0.0,0.0
2023-07-06 12:00:00+09:00,3475.0,3475.0,3440.0,3450.0,7793,0.0,0.0
2023-07-06 13:00:00+09:00,3440.0,3450.0,3425.0,3440.0,14703,0.0,0.0
2023-07-06 14:00:00+09:00,3430.0,3440.0,3420.0,3430.0,9608,0.0,0.0
2023-07-07 09:00:00+09:00,3375.0,3430.0,3350.0,3430.0,17930,0.0,0.0
2023-07-07 10:00:00+09:00,3430.0,3440.0,3400.0,3415.0,2662,0.0,0.0
2023-07-07 11:00:00+09:00,3415.0,3415.0,3385.0,3410.0,8092,0.0,0.0
2023-07-07 12:00:00+09:00,3410.0,3415.0,3390.0,3410.0,4378,0.0,0.0
2023-07-07 13:00:00+09:00,3390.0,3405.0,3380.0,3395.0,4971,0.0,0.0
2023-07-07 14:00:00+09:00,3385.0,3440.0,3375.0,3410.0,13807,0.0,0.0
2023-07-10 09:00:00+09:00,3395.0,3400.0,3355.0,3400.0,0,0.0,0.0
2023-07-10 10:00:00+09:00,3395.0,3445.0,3385.0,3410.0,5619,0.0,0.0
2023-07-10 11:00:00+09:00,3420.0,3455.0,3405.0,3450.0,8060,0.0,0.0
2023-07-10 12:00:00+09:00,3435.0,3440.0,3425.0,3440.0,3862,0.0,0.0
2023-07-10 13:00:00+09:00,3435.0,3445.0,3430.0,3445.0,4884,0.0,0.0
2023-07-10 14:00:00+09:00,3445.0,3475.0,3435.0,3450.0,15825,0.0,0.0
2023-07-11 09:00:00+09:00,3425.0,3495.0,3425.0,3465.0,0,0.0,0.0
2023-07-11 10:00:00+09:00,3455.0,3475.0,3450.0,3470.0,4318,0.0,0.0
2023-07-11 11:00:00+09:00,3450.0,3460.0,3400.0,3440.0,14250,0.0,0.0
2023-07-11 12:00:00+09:00,3440.0,3455.0,3430.0,3450.0,6766,0.0,0.0
2023-07-11 13:00:00+09:00,3430.0,3450.0,3415.0,3435.0,10347,0.0,0.0
2023-07-11 14:00:00+09:00,3435.0,3480.0,3420.0,3470.0,16856,0.0,0.0
2023-07-12 09:00:00+09:00,3500.0,3550.0,3480.0,3500.0,0,0.0,0.0
2023-07-12 10:00:00+09:00,3505.0,3515.0,3480.0,3480.0,5946,0.0,0.0
2023-07-12 11:00:00+09:00,3480.0,3485.0,3465.0,3480.0,3324,0.0,0.0
2023-07-12 12:00:00+09:00,3480.0,3485.0,3460.0,3480.0,14137,0.0,0.0
2023-07-12 13:00:00+09:00,3475.0,3480.0,3450.0,3475.0,6159,0.0,0.0
2023-07-12 14:00:00+09:00,3465.0,3480.0,3450.0,3480.0,8678,0.0,0.0
2023-07-13 09:00:00+09:00,3470.0,3550.0,3470.0,3510.0,0,0.0,0.0
2023-07-13 10:00:00+09:00,3510.0,3525.0,3500.0,3505.0,6764,0.0,0.0
2023-07-13 11:00:00+09:00,3510.0,3510.0,3505.0,3510.0,1406,0.0,0.0
2023-07-13 12:00:00+09:00,3505.0,3560.0,3485.0,3520.0,23623,0.0,0.0
2023-07-13 13:00:00+09:00,3505.0,3630.0,3500.0,3625.0,79403,0.0,0.0
2023-07-13 14:00:00+09:00,3610.0,3620.0,3560.0,3585.0,18281,0.0,0.0
2023-07-14 09:00:00+09:00,3610.0,3630.0,3550.0,3600.0,0,0.0,0.0
2023-07-14 10:00:00+09:00,3605.0,3670.0,3575.0,3670.0,62431,0.0,0.0
2023-07-14 11:00:00+09:00,3675.0,3695.0,3640.0,3650.0,23968,0.0,0.0
2023-07-14 12:00:00+09:00,3650.0,3675.0,3635.0,3650.0,16148,0.0,0.0
2023-07-14 13:00:00+09:00,3640.0,3655.0,3635.0,3650.0,13042,0.0,0.0
2023-07-14 14:00:00+09:00,3655.0,3670.0,3620.0,3635.0,29264,0.0,0.0
2023-07-17 09:00:00+09:00,3700.0,3770.0,3660.0,3760.0,0,0.0,0.0
2023-07-17 10:00:00+09:00,3760.0,3815.0,3720.0,3780.0,86080,0.0,0.0
2023-07-17 11:00:00+09:00,3780.0,3795.0,3730.0,3790.0,34291,0.0,0.0
2023-07-17 12:00:00+09:00,3780.0,3785.0,3725.0,3755.0,18525,0.0,0.0
2023-07-17 13:00:00+09:00,3755.0,3755.0,3720.0,3750.0,12357,0.0,0.0
2023-07-17 14:00:00+09:00,3745.0,3775.0,3710.0,3735.0,21648,0.0,0.0
2023-07-18 09:00:00+09:00,3745.0,3785.0,3625.0,3645.0,46695,0.0,0.0
2023-07-18 10:00:00+09:00,3645.0,3670.0,3620.0,3670.0,17615,0.0,0.0
2023-07-18 11:00:00+09:00,3675.0,3675.0,3620.0,3655.0,7775,0.0,0.0
2023-07-18 12:00:00+09:00,3625.0,3660.0,3620.0,3640.0,10906,0.0,0.0
2023-07-18 13:00:00+09:00,3650.0,3655.0,3615.0,3630.0,19788,0.0,0.0
2023-07-18 14:00:00+09:00,3620.0,3640.0,3590.0,3610.0,11921,0.0,0.0
2023-07-19 09:00:00+09:00,3590.0,3620.0,3525.0,3580.0,28608,0.0,0.0
2023-07-19 10:00:00+09:00,3580.0,3580.0,3540.0,3560.0,3886,0.0,0.0
2023-07-19 11:00:00+09:00,3550.0,3580.0,3540.0,3565.0,9439,0.0,0.0
2023-07-19 12:00:00+09:00,3560.0,3590.0,3545.0,3545.0,5521,0.0,0.0
2023-07-19 13:00:00+09:00,3550.0,3555.0,3525.0,3540.0,18771,0.0,0.0
2023-07-19 14:00:00+09:00,3555.0,3595.0,3525.0,3595.0,8973,0.0,0.0
2023-07-20 09:00:00+09:00,3555.0,3585.0,3520.0,3565.0,0,0.0,0.0
2023-07-20 10:00:00+09:00,3560.0,3565.0,3550.0,3550.0,27529,0.0,0.0
2023-07-20 11:00:00+09:00,3545.0,3550.0,3520.0,3540.0,11520,0.0,0.0
2023-07-20 12:00:00+09:00,3525.0,3545.0,3525.0,3525.0,5110,0.0,0.0
2023-07-20 13:00:00+09:00,3525.0,3555.0,3525.0,3545.0,11769,0.0,0.0
2023-07-20 14:00:00+09:00,3525.0,3550.0,3520.0,3540.0,13056,0.0,0.0
2023-07-21 09:00:00+09:00,3575.0,3600.0,3480.0,3500.0,32855,0.0,0.0
2023-07-21 10:00:00+09:00,3490.0,3500.0,3450.0,3485.0,23340,0.0,0.0
2023-07-21 11:00:00+09:00,3480.0,3480.0,3465.0,3470.0,9317,0.0,0.0
2023-07-21 12:00:00+09:00,3470.0,3480.0,3450.0,3455.0,43310,0.0,0.0
2023-07-21 13:00:00+09:00,3455.0,3460.0,3425.0,3445.0,11231,0.0,0.0
2023-07-21 14:00:00+09:00,3440.0,3450.0,3420.0,3430.0,18512,0.0,0.0
2023-07-24 09:00:00+09:00,3405.0,3440.0,3340.0,3355.0,0,0.0,0.0
2023-07-24 10:00:00+09:00,3360.0,3425.0,3355.0,3405.0,16275,0.0,0.0
2023-07-24 11:00:00+09:00,3405.0,3405.0,3320.0,3335.0,28890,0.0,0.0
2023-07-24 12:00:00+09:00,3335.0,3350.0,3320.0,3320.0,10350,0.0,0.0
2023-07-24 13:00:00+09:00,3335.0,3350.0,3310.0,3330.0,22311,0.0,0.0
2023-07-24 14:00:00+09:00,3330.0,3335.0,3300.0,3310.0,15962,0.0,0.0
2023-07-25 09:00:00+09:00,3300.0,3345.0,3260.0,3300.0,20517,0.0,0.0
2023-07-25 10:00:00+09:00,3325.0,3325.0,3225.0,3250.0,13063,0.0,0.0
2023-07-25 11:00:00+09:00,3250.0,3280.0,3250.0,3280.0,15478,0.0,0.0
2023-07-25 12:00:00+09:00,3280.0,3300.0,3275.0,3300.0,5735,0.0,0.0
2023-07-25 13:00:00+09:00,3300.0,3310.0,3265.0,3290.0,8811,0.0,0.0
2023-07-25 14:00:00+09:00,3280.0,3290.0,3225.0,3245.0,16213,0.0,0.0
2023-07-26 09:00:00+09:00,3205.0,3265.0,3150.0,3180.0,50227,0.0,0.0
2023-07-26 10:00:00+09:00,3180.0,3205.0,3145.0,3175.0,68697,0.0,0.0
2023-07-26 11:00:00+09:00,3175.0,3210.0,3150.0,3195.0,14239,0.0,0.0
2023-07-26 12:00:00+09:00,3195.0,3200.0,3120.0,3135.0,31386,0.0,0.0
2023-07-26 13:00:00+09:00,3125.0,3155.0,3100.0,3100.0,16426,0.0,0.0
2023-07-26 14:00:00+09:00,3130.0,3210.0,3105.0,3160.0,14610,0.0,0.0
2023-07-27 09:00:00+09:00,3145.0,3285.0,3145.0,3245.0,18407,0.0,0.0
2023-07-27 10:00:00+09:00,3240.0,3275.0,3225.0,3260.0,10247,0.0,0.0
2023-07-27 11:00:00+09:00,3255.0,3265.0,3225.0,3240.0,7515,0.0,0.0
2023-07-27 12:00:00+09:00,3225.0,3270.0,3200.0,3265.0,11561,0.0,0.0
2023-07-27 13:00:00+09:00,3240.0,3260.0,3220.0,3240.0,2230,0.0,0.0
2023-07-27 14:00:00+09:00,3225.0,3265.0,3225.0,3245.0,7136,0.0,0.0
2023-07-28 09:00:00+09:00,3210.0,3440.0,3210.0,3285.0,10358,0.0,0.0
2023-07-28 10:00:00+09:00,3275.0,3295.0,3230.0,3265.0,14834,0.0,0.0
2023-07-28 11:00:00+09:00,3265.0,3320.0,3265.0,3320.0,7609,0.0,0.0
2023-07-28 12:00:00+09:00,3320.0,3325.0,3280.0,3305.0,3469,0.0,0.0
2023-07-28 13:00:00+09:00,3285.0,3305.0,3270.0,3295.0,4090,0.0,0.0
2023-07-28 14:00:00+09:00,3275.0,3275.0,3240.0,3265.0,21840,0.0,0.0
2023-07-31 09:00:00+09:00,3340.0,3340.0,3255.0,3300.0,0,0.0,0.0
2023-07-31 10:00:00+09:00,3310.0,3315.0,3280.0,3315.0,14036,0.0,0.0
2023-07-31 11:00:00+09:00,3310.0,3325.0,3305.0,3315.0,3097,0.0,0.0
2023-07-31 12:00:00+09:00,3320.0,3320.0,3295.0,3300.0,2679,0.0,0.0
2023-07-31 13:00:00+09:00,3300.0,3320.0,3290.0,3315.0,8492,0.0,0.0
2023-07-31 14:00:00+09:00,3315.0,3315.0,3260.0,3290.0,20381,0.0,0.0
2023-08-01 09:00:00+09:00,3280.0,3315.0,3280.0,3310.0,14631,0.0,0.0
2023-08-01 10:00:00+09:00,3310.0,3320.0,3290.0,3310.0,10441,0.0,0.0
2023-08-01 11:00:00+09:00,3315.0,3315.0,3280.0,3305.0,17192,0.0,0.0
2023-08-01 12:00:00+09:00,3285.0,3315.0,3285.0,3310.0,7425,0.0,0.0
2023-08-01 13:00:00+09:00,3310.0,3320.0,3280.0,3305.0,6551,0.0,0.0
2023-08-01 14:00:00+09:00,3285.0,3305.0,3275.0,3285.0,7268,0.0,0.0
2023-08-02 09:00:00+09:00,3300.0,3320.0,3275.0,3290.0,4825,0.0,0.0
2023-08-02 10:00:00+09:00,3290.0,3310.0,3270.0,3295.0,3861,0.0,0.0
2023-08-02 11:00:00+09:00,3270.0,3290.0,3255.0,3290.0,28201,0.0,0.0
2023-08-02 12:00:00+09:00,3290.0,3295.0,3250.0,3270.0,30972,0.0,0.0
2023-08-02 13:00:00+09:00,3250.0,3265.0,3235.0,3250.0,17019,0.0,0.0
2023-08-02 14:00:00+09:00,3250.0,3250.0,3220.0,3250.0,14571,0.0,0.0
2023-08-03 09:00:00+09:00,3250.0,3250.0,3170.0,3185.0,52237,0.0,0.0
2023-08-03 10:00:00+09:00,3195.0,3200.0,3165.0,3170.0,16330,0.0,0.0
2023-08-03 11:00:00+09:00,3175.0,3190.0,3155.0,3170.0,12359,0.0,0.0
2023-08-03 12:00:00+09:00,3170.0,3215.0,3170.0,3215.0,4359,0.0,0.0
2023-08-03 13:00:00+09:00,3190.0,3205.0,3180.0,3205.0,1757,0.0,0.0
2023-08-03 14:00:00+09:00,3205.0,3235.0,3190.0,3235.0,6818,0.0,0.0
2023-08-04 09:00:00+09:00,3235.0,3270.0,3190.0,3230.0,6059,0.0,0.0
2023-08-04 10:00:00+09:00,3230.0,3250.0,3205.0,3245.0,1524,0.0,0.0
2023-08-04 11:00:00+09:00,3245.0,3245.0,3215.0,3235.0,1321,0.0,0.0
2023-08-04 12:00:00+09:00,3235.0,3250.0,3235.0,3245.0,1409,0.0,0.0
2023-08-04 13:00:00+09:00,3240.0,3245.0,3205.0,3230.0,6239,0.0,0.0
2023-08-04 14:00:00+09:00,3230.0,3265.0,3215.0,3260.0,10137,0.0,0.0
2023-08-07 09:00:00+09:00,3280.0,3285.0,3215.0,3250.0,0,0.0,0.0
2023-08-07 10:00:00+09:00,3255.0,3310.0,3255.0,3310.0,11547,0.0,0.0
2023-08-07 11:00:00+09:00,3305.0,3325.0,3280.0,3320.0,6404,0.0,0.0
2023-08-07 12:00:00+09:00,3320.0,3330.0,3300.0,3325.0,5978,0.0,0.0
2023-08-07 13:00:00+09:00,3320.0,3325.0,3265.0,3280.0,6359,0.0,0.0
2023-08-07 14:00:00+09:00,3270.0,3330.0,3270.0,3315.0,7490,0.0,0.0
2023-08-08 09:00:00+09:00,3350.0,3375.0,3270.0,3325.0,10262,0.0,0.0
2023-08-08 10:00:00+09:00,3330.0,3345.0,3310.0,3340.0,12761,0.0,0.0
2023-08-08 11:00:00+09:00,3335.0,3355.0,3295.0,3335.0,12072,0.0,0.0
2023-08-08 12:00:00+09:00,3335.0,3345.0,3305.0,3335.0,18957,0.0,0.0
2023-08-08 13:00:00+09:00,3340.0,3340.0,3305.0,3335.0,6900,0.0,0.0
2023-08-08 14:00:00+09:00,3335.0,3335.0,3290.0,3310.0,5619,0.0,0.0
2023-08-09 09:00:00+09:00,3260.0,3350.0,3260.0,3340.0,1389,0.0,0.0
2023-08-09 10:00:00+09:00,3320.0,3335.0,3315.0,3315.0,1676,0.0,0.0
2023-08-09 11:00:00+09:00,3305.0,3315.0,3290.0,3305.0,1116,0.0,0.0
2023-08-09 12:00:00+09:00,3305.0,3305.0,3270.0,3295.0,2128,0.0,0.0
2023-08-09 13:00:00+09:00,3295.0,3305.0,3275.0,3305.0,7937,0.0,0.0
2023-08-09 14:00:00+09:00,3305.0,3315.0,3295.0,3315.0,1788,0.0,0.0
2023-08-10 09:00:00+09:00,3345.0,3355.0,3275.0,3305.0,8970,0.0,0.0
2023-08-10 10:00:00+09:00,3310.0,3370.0,3310.0,3350.0,11671,0.0,0.0
2023-08-10 11:00:00+09:00,3350.0,3375.0,3345.0,3375.0,7169,0.0,0.0
2023-08-10 12:00:00+09:00,3345.0,3370.0,3330.0,3365.0,3419,0.0,0.0
2023-08-10 13:00:00+09:00,3360.0,3400.0,3345.0,3395.0,20656,0.0,0.0
2023-08-10 14:00:00+09:00,3390.0,3415.0,3355.0,3360.0,16545,0.0,0.0
2023-08-11 09:00:00+09:00,3335.0,3395.0,3335.0,3375.0,6506,0.0,0.0
2023-08-11 10:00:00+09:00,3375.0,3410.0,3370.0,3410.0,9401,0.0,0.0
2023-08-11 11:00:00+09:00,3410.0,3420.0,3400.0,3410.0,7172,0.0,0.0
2023-08-11 12:00:00+09:00,3410.0,3440.0,3400.0,3430.0,12600,0.0,0.0
2023-08-11 13:00:00+09:00,3440.0,3440.0,3380.0,3440.0,8814,0.0,0.0
2023-08-11 14:00:00+09:00,3410.0,3425.0,3400.0,3425.0,5973,0.0,0.0
2023-08-14 09:00:00+09:00,3380.0,3390.0,3320.0,3330.0,0,0.0,0.0
2023-08-14 10:00:00+09:00,3330.0,3345.0,3315.0,3320.0,6642,0.0,0.0
2023-08-14 11:00:00+09:00,3320.0,3335.0,3305.0,3320.0,4833,0.0,0.0
2023-08-14 12:00:00+09:00,3315.0,3325.0,3300.0,3325.0,6077,0.0,0.0
2023-08-14 13:00:00+09:00,3310.0,3330.0,3275.0,3295.0,10068,0.0,0.0
2023-08-14 14:00:00+09:00,3295.0,3305.0,3240.0,3265.0,29144,0.0,0.0
2023-08-16 09:00:00+09:00,3245.0,3280.0,3190.0,3205.0,0,0.0,0.0
2023-08-16 10:00:00+09:00,3205.0,3215.0,3150.0,3205.0,13943,0.0,0.0
2023-08-16 11:00:00+09:00,3200.0,3230.0,3145.0,3165.0,15373,0.0,0.0
2023-08-16 12:00:00+09:00,3155.0,3220.0,3145.0,3215.0,9015,0.0,0.0
2023-08-16 13:00:00+09:00,3215.0,3215.0,3155.0,3165.0,5434,0.0,0.0
2023-08-16 14:00:00+09:00,3165.0,3210.0,3130.0,3200.0,14888,0.0,0.0
2023-08-17 09:00:00+09:00,3190.0,3190.0,3120.0,3140.0,30615,0.0,0.0
2023-08-17 10:00:00+09:00,3135.0,3190.0,3130.0,3190.0,2543,0.0,0.0
2023-08-17 11:00:00+09:00,3185.0,3225.0,3170.0,3225.0,7783,0.0,0.0
2023-08-17 12:00:00+09:00,3225.0,3245.0,3200.0,3230.0,7991,0.0,0.0
2023-08-17 13:00:00+09:00,3230.0,3255.0,3195.0,3255.0,7302,0.0,0.0
2023-08-17 14:00:00+09:00,3255.0,3255.0,3240.0,3240.0,1539,0.0,0.0
2023-08-18 09:00:00+09:00,3245.0,3250.0,3175.0,3245.0,32046,0.0,0.0
2023-08-18 10:00:00+09:00,3240.0,3250.0,3210.0,3250.0,1355,0.0,0.0
2023-08-18 11:00:00+09:00,3250.0,3310.0,3250.0,3285.0,15851,0.0,0.0
2023-08-18 12:00:00+09:00,3270.0,3285.0,3265.0,3280.0,1621,0.0,0.0
2023-08-18 13:00:00+09:00,3270.0,3280.0,3250.0,3255.0,10100,0.0,0.0
2023-08-18 14:00:00+09:00,3245.0,3315.0,3235.0,3285.0,8326,0.0,0.0
2023-08-21 09:00:00+09:00,3270.0,3280.0,3225.0,3235.0,0,0.0,0.0
2023-08-21 10:00:00+09:00,3230.0,3245.0,3210.0,3215.0,4087,0.0,0.0
2023-08-21 11:00:00+09:00,3215.0,3235.0,3205.0,3210.0,13215,0.0,0.0
2023-08-21 12:00:00+09:00,3210.0,3210.0,3195.0,3210.0,9186,0.0,0.0
2023-08-21 13:00:00+09:00,3195.0,3235.0,3180.0,3205.0,20332,0.0,0.0
2023-08-21 14:00:00+09:00,3205.0,3225.0,3170.0,3185.0,10679,0.0,0.0
2023-08-22 09:00:00+09:00,3180.0,3230.0,3160.0,3195.0,16235,0.0,0.0
2023-08-22 10:00:00+09:00,3215.0,3225.0,3185.0,3200.0,5587,0.0,0.0
2023-08-22 11:00:00+09:00,3200.0,3205.0,3185.0,3200.0,3810,0.0,0.0
2023-08-22 12:00:00+09:00,3200.0,3210.0,3180.0,3210.0,5307,0.0,0.0
2023-08-22 13:00:00+09:00,3210.0,3215.0,3180.0,3200.0,4573,0.0,0.0
2023-08-22 14:00:00+09:00,3185.0,3195.0,3175.0,3180.0,3427,0.0,0.0
2023-08-23 09:00:00+09:00,3205.0,3225.0,3160.0,3195.0,0,0.0,0.0
2023-08-23 10:00:00+09:00,3195.0,3240.0,3155.0,3205.0,13737,0.0,0.0
2023-08-23 11:00:00+09:00,3195.0,3200.0,3165.0,3165.0,11844,0.0,0.0
2023-08-23 12:00:00+09:00,3185.0,3265.0,3165.0,3210.0,26880,0.0,0.0
2023-08-23 13:00:00+09:00,3190.0,3200.0,3175.0,3190.0,5890,0.0,0.0
2023-08-23 14:00:00+09:00,3185.0,3205.0,3180.0,3190.0,3160,0.0,0.0
2023-08-24 09:00:00+09:00,3200.0,3230.0,3175.0,3210.0,28052,0.0,0.0
2023-08-24 10:00:00+09:00,3195.0,3235.0,3185.0,3215.0,18995,0.0,0.0
2023-08-24 11:00:00+09:00,3220.0,3220.0,3180.0,3185.0,15286,0.0,0.0
2023-08-24 12:00:00+09:00,3195.0,3200.0,3180.0,3200.0,6092,0.0,0.0
2023-08-24 13:00:00+09:00,3200.0,3210.0,3195.0,3200.0,1071,0.0,0.0
2023-08-24 14:00:00+09:00,3190.0,3200.0,3185.0,3185.0,2815,0.0,0.0
2023-08-25 09:00:00+09:00,3190.0,3230.0,3150.0,3180.0,20569,0.0,0.0
2023-08-25 10:00:00+09:00,3160.0,3190.0,3150.0,3190.0,11775,0.0,0.0
2023-08-25 11:00:00+09:00,3190.0,3210.0,3165.0,3190.0,11460,0.0,0.0
2023-08-25 12:00:00+09:00,3180.0,3190.0,3175.0,3185.0,25005,0.0,0.0
2023-08-25 13:00:00+09:00,3190.0,3205.0,3175.0,3190.0,15099,0.0,0.0
2023-08-25 14:00:00+09:00,3200.0,3215.0,3180.0,3200.0,30279,0.0,0.0
2023-08-28 09:00:00+09:00,3200.0,3230.0,3175.0,3210.0,0,0.0,0.0
2023-08-28 10:00:00+09:00,3220.0,3225.0,3210.0,3220.0,3980,0.0,0.0
2023-08-28 11:00:00+09:00,3220.0,3250.0,3220.0,3235.0,4377,0.0,0.0
2023-08-28 12:00:00+09:00,3245.0,3245.0,3225.0,3235.0,2447,0.0,0.0
2023-08-28 13:00:00+09:00,3235.0,3245.0,3225.0,3240.0,5110,0.0,0.0
2023-08-28 14:00:00+09:00,3225.0,3240.0,3220.0,3235.0,1080,0.0,0.0
2023-08-29 09:00:00+09:00,3240.0,3260.0,3235.0,3240.0,3531,0.0,0.0
2023-08-29 10:00:00+09:00,3240.0,3265.0,3240.0,3255.0,12462,0.0,0.0
2023-08-29 11:00:00+09:00,3255.0,3270.0,3250.0,3255.0,3044,0.0,0.0
2023-08-29 12:00:00+09:00,3255.0,3295.0,3250.0,3295.0,8949,0.0,0.0
2023-08-29 13:00:00+09:00,3285.0,3300.0,3270.0,3275.0,5534,0.0,0.0
2023-08-29 14:00:00+09:00,3275.0,3275.0,3245.0,3260.0,14281,0.0,0.0
2023-08-30 09:00:00+09:00,3275.0,3305.0,3260.0,3285.0,3967,0.0,0.0
2023-08-30 10:00:00+09:00,3285.0,3285.0,3255.0,3270.0,3334,0.0,0.0
2023-08-30 11:00:00+09:00,3270.0,3285.0,3265.0,3280.0,4206,0.0,0.0
2023-08-30 12:00:00+09:00,3280.0,3305.0,3255.0,3280.0,4943,0.0,0.0
2023-08-30 13:00:00+09:00,3280.0,3305.0,3255.0,3300.0,58581,0.0,0.0
2023-08-30 14:00:00+09:00,3295.0,3295.0,3280.0,3290.0,378,0.0,0.0
2023-08-31 09:00:00+09:00,3280.0,3345.0,3275.0,3315.0,11687,0.0,0.0
2023-08-31 10:00:00+09:00,3290.0,3310.0,3285.0,3305.0,2150,0.0,0.0
2023-08-31 11:00:00+09:00,3305.0,3305.0,3290.0,3305.0,2509,0.0,0.0
2023-08-31 12:00:00+09:00,3300.0,3305.0,3285.0,3300.0,4376,0.0,0.0
2023-08-31 13:00:00+09:00,3290.0,3305.0,3280.0,3305.0,4058,0.0,0.0
2023-08-31 14:00:00+09:00,3300.0,3305.0,3285.0,3290.0,2501,0.0,0.0
2023-09-01 09:00:00+09:00,3305.0,3315.0,3275.0,3300.0,8131,0.0,0.0
2023-09-01 10:00:00+09:00,3305.0,3305.0,3265.0,3280.0,4685,0.0,0.0
2023-09-01 11:00:00+09:00,3280.0,3280.0,3265.0,3270.0,3549,0.0,0.0
2023-09-01 12:00:00+09:00,3270.0,3280.0,3260.0,3260.0,2734,0.0,0.0
2023-09-01 13:00:00+09:00,3270.0,3270.0,3250.0,3265.0,26084,0.0,0.0
2023-09-01 14:00:00+09:00,3265.0,3270.0,3215.0,3235.0,12178,0.0,0.0
2023-09-04 09:00:00+09:00,3270.0,3270.0,3210.0,3210.0,0,0.0,0.0
2023-09-04 10:00:00+09:00,3210.0,3220.0,3205.0,3220.0,7325,0.0,0.0
2023-09-04 11:00:00+09:00,3215.0,3240.0,3215.0,3230.0,9106,0.0,0.0
2023-09-04 12:00:00+09:00,3225.0,3260.0,3220.0,3250.0,8798,0.0,0.0
2023-09-04 13:00:00+09:00,3240.0,3255.0,3230.0,3250.0,6297,0.0,0.0
2023-09-04 14:00:00+09:00,3250.0,3265.0,3245.0,3255.0,16171,0.0,0.0
2023-09-05 09:00:00+09:00,3250.0,3300.0,3240.0,3260.0,3623,0.0,0.0
2023-09-05 10:00:00+09:00,3255.0,3280.0,3250.0,3265.0,6008,0.0,0.0
2023-09-05 11:00:00+09:00,3265.0,3275.0,3245.0,3260.0,4051,0.0,0.0
2023-09-05 12:00:00+09:00,3255.0,3270.0,3250.0,3270.0,2155,0.0,0.0
2023-09-05 13:00:00+09:00,3270.0,3275.0,3255.0,3270.0,3307,0.0,0.0
2023-09-05 14:00:00+09:00,3265.0,3265.0,3260.0,3265.0,1940,0.0,0.0
2023-09-06 09:00:00+09:00,3270.0,3285.0,3250.0,3280.0,9747,0.0,0.0
2023-09-06 10:00:00+09:00,3275.0,3280.0,3265.0,3270.0,3308,0.0,0.0
2023-09-06 11:00:00+09:00,3270.0,3270.0,3255.0,3270.0,490,0.0,0.0
2023-09-06 12:00:00+09:00,3260.0,3270.0,3255.0,3265.0,3208,0.0,0.0
2023-09-06 13:00:00+09:00,3255.0,3270.0,3245.0,3255.0,4918,0.0,0.0
2023-09-06 14:00:00+09:00,3250.0,3255.0,3245.0,3250.0,6594,0.0,0.0
2023-09-07 09:00:00+09:00,3250.0,3255.0,3195.0,3210.0,9222,0.0,0.0
2023-09-07 10:00:00+09:00,3210.0,3220.0,3150.0,3160.0,22776,0.0,0.0
2023-09-07 11:00:00+09:00,3160.0,3195.0,3125.0,3180.0,37718,0.0,0.0
2023-09-07 12:00:00+09:00,3170.0,3220.0,3150.0,3200.0,16547,0.0,0.0
2023-09-07 13:00:00+09:00,3200.0,3200.0,3175.0,3200.0,3059,0.0,0.0
2023-09-07 14:00:00+09:00,3195.0,3195.0,3170.0,3195.0,2294,0.0,0.0
2023-09-08 09:00:00+09:00,3160.0,3190.0,3160.0,3185.0,7786,0.0,0.0
2023-09-08 10:00:00+09:00,3180.0,3190.0,3175.0,3185.0,4469,0.0,0.0
2023-09-08 11:00:00+09:00,3185.0,3205.0,3170.0,3185.0,7878,0.0,0.0
2023-09-08 12:00:00+09:00,3180.0,3195.0,3165.0,3165.0,7146,0.0,0.0
2023-09-08 13:00:00+09:00,3170.0,3170.0,3165.0,3170.0,5721,0.0,0.0
2023-09-08 14:00:00+09:00,3170.0,3200.0,3165.0,3200.0,6248,0.0,0.0
2023-09-11 09:00:00+09:00,3230.0,3230.0,3150.0,3150.0,0,0.0,0.0
2023-09-11 10:00:00+09:00,3170.0,3225.0,3165.0,3220.0,3290,0.0,0.0
2023-09-11 11:00:00+09:00,3185.0,3200.0,3170.0,3195.0,1030,0.0,0.0
2023-09-11 12:00:00+09:00,3195.0,3200.0,3180.0,3200.0,495,0.0,0.0
2023-09-11 13:00:00+09:00,3190.0,3200.0,3165.0,3195.0,4026,0.0,0.0
2023-09-11 14:00:00+09:00,3185.0,3195.0,3160.0,3165.0,3332,0.0,0.0
2023-09-12 09:00:00+09:00,3200.0,3200.0,3160.0,3170.0,4301,0.0,0.0
2023-09-12 10:00:00+09:00,3165.0,3175.0,3155.0,3170.0,6146,0.0,0.0
2023-09-12 11:00:00+09:00,3160.0,3185.0,3155.0,3180.0,2706,0.0,0.0
2023-09-12 12:00:00+09:00,3180.0,3215.0,3170.0,3215.0,13985,0.0,0.0
2023-09-12 13:00:00+09:00,3215.0,3220.0,3185.0,3210.0,19639,0.0,0.0
2023-09-12 14:00:00+09:00,3190.0,3210.0,3185.0,3200.0,5563,0.0,0.0
2023-09-13 09:00:00+09:00,3180.0,3220.0,3165.0,3200.0,6994,0.0,0.0
2023-09-13 10:00:00+09:00,3210.0,3215.0,3180.0,3190.0,8778,0.0,0.0
2023-09-13 11:00:00+09:00,3180.0,3190.0,3165.0,3180.0,4196,0.0,0.0
2023-09-13 12:00:00+09:00,3180.0,3195.0,3175.0,3190.0,4907,0.0,0.0
2023-09-13 13:00:00+09:00,3180.0,3185.0,3175.0,3180.0,1166,0.0,0.0
2023-09-13 14:00:00+09:00,3175.0,3180.0,3165.0,3175.0,10382,0.0,0.0
2023-09-14 09:00:00+09:00,3155.0,3230.0,3155.0,3225.0,13853,0.0,0.0
2023-09-14 10:00:00+09:00,3225.0,3240.0,3200.0,3240.0,6416,0.0,0.0
2023-09-14 11:00:00+09:00,3240.0,3250.0,3220.0,3245.0,2264,0.0,0.0
2023-09-14 12:00:00+09:00,3240.0,3245.0,3215.0,3235.0,2187,0.0,0.0
2023-09-14 13:00:00+09:00,3230.0,3245.0,3210.0,3235.0,3004,0.0,0.0
2023-09-14 14:00:00+09:00,3235.0,3235.0,3190.0,3225.0,5785,0.0,0.0
2023-09-15 09:00:00+09:00,3230.0,3260.0,3225.0,3235.0,6687,0.0,0.0
2023-09-15 10:00:00+09:00,3225.0,3235.0,3210.0,3230.0,3918,0.0,0.0
2023-09-15 11:00:00+09:00,3225.0,3230.0,3210.0,3230.0,1739,0.0,0.0
2023-09-15 12:00:00+09:00,3225.0,3225.0,3210.0,3220.0,1333,0.0,0.0
2023-09-15 13:00:00+09:00,3215.0,3230.0,3210.0,3230.0,4293,0.0,0.0
2023-09-15 14:00:00+09:00,3225.0,3240.0,3215.0,3240.0,6665,0.0,0.0
2023-09-18 09:00:00+09:00,3230.0,3265.0,3230.0,3245.0,0,0.0,0.0
2023-09-18 10:00:00+09:00,3245.0,3275.0,3245.0,3275.0,7669,0.0,0.0
2023-09-18 11:00:00+09:00,3275.0,3305.0,3265.0,3295.0,22101,0.0,0.0
2023-09-18 12:00:00+09:00,3295.0,3390.0,3285.0,3360.0,89423,0.0,0.0
2023-09-18 13:00:00+09:00,3360.0,3400.0,3345.0,3400.0,35185,0.0,0.0
2023-09-18 14:00:00+09:00,3400.0,3400.0,3345.0,3370.0,48503,0.0,0.0
2023-09-19 09:00:00+09:00,3380.0,3525.0,3345.0,3505.0,176451,0.0,0.0
2023-09-19 10:00:00+09:00,3510.0,3560.0,3465.0,3485.0,70828,0.0,0.0
2023-09-19 11:00:00+09:00,3480.0,3525.0,3480.0,3515.0,17092,0.0,0.0
2023-09-19 12:00:00+09:00,3515.0,3530.0,3480.0,3485.0,31106,0.0,0.0
2023-09-19 13:00:00+09:00,3485.0,3500.0,3465.0,3490.0,9986,0.0,0.0
2023-09-19 14:00:00+09:00,3490.0,3495.0,3455.0,3455.0,13510,0.0,0.0
2023-09-20 09:00:00+09:00,3495.0,3560.0,3355.0,3460.0,84112,0.0,0.0
2023-09-20 10:00:00+09:00,3460.0,3475.0,3400.0,3440.0,11694,0.0,0.0
2023-09-20 11:00:00+09:00,3405.0,3420.0,3385.0,3400.0,6257,0.0,0.0
2023-09-20 12:00:00+09:00,3385.0,3420.0,3365.0,3420.0,7968,0.0,0.0
2023-09-20 13:00:00+09:00,3415.0,3415.0,3385.0,3400.0,474,0.0,0.0
2023-09-20 14:00:00+09:00,3390.0,3400.0,3385.0,3390.0,2804,0.0,0.0
2023-09-21 09:00:00+09:00,3400.0,3405.0,3345.0,3360.0,17385,0.0,0.0
2023-09-21 10:00:00+09:00,3360.0,3400.0,3280.0,3390.0,26079,0.0,0.0
2023-09-21 11:00:00+09:00,3390.0,3390.0,3340.0,3345.0,4470,0.0,0.0
2023-09-21 12:00:00+09:00,3345.0,3400.0,3330.0,3390.0,15536,0.0,0.0
2023-09-21 13:00:00+09:00,3390.0,3480.0,3375.0,3470.0,59633,0.0,0.0
2023-09-21 14:00:00+09:00,3470.0,3520.0,3430.0,3500.0,88993,0.0,0.0
2023-09-22 09:00:00+09:00,3490.0,3625.0,3470.0,3565.0,139406,0.0,0.0
2023-09-22 10:00:00+09:00,3560.0,3575.0,3475.0,3535.0,32631,0.0,0.0
2023-09-22 11:00:00+09:00,3535.0,3610.0,3500.0,3595.0,0,0.0,0.0
2023-09-22 12:00:00+09:00,3595.0,3595.0,3545.0,3570.0,200887,0.0,0.0
2023-09-22 13:00:00+09:00,3560.0,3575.0,3535.0,3535.0,8783,0.0,0.0
2023-09-22 14:00:00+09:00,3560.0,3560.0,3510.0,3550.0,16312,0.0,0.0
2023-09-25 09:00:00+09:00,3535.0,3570.0,3470.0,3550.0,0,0.0,0.0
2023-09-25 10:00:00+09:00,3550.0,3630.0,3520.0,3600.0,38878,0.0,0.0
2023-09-25 11:00:00+09:00,3600.0,3670.0,3585.0,3655.0,68001,0.0,0.0
2023-09-25 12:00:00+09:00,3655.0,3660.0,3615.0,3620.0,24150,0.0,0.0
2023-09-25 13:00:00+09:00,3640.0,3640.0,3595.0,3625.0,18281,0.0,0.0
2023-09-25 14:00:00+09:00,3600.0,3625.0,3555.0,3555.0,32287,0.0,0.0
2023-09-26 09:00:00+09:00,3660.0,3685.0,3500.0,3575.0,41788,0.0,0.0
2023-09-26 10:00:00+09:00,3555.0,3600.0,3500.0,3500.0,26225,0.0,0.0
2023-09-26 11:00:00+09:00,3500.0,3625.0,3495.0,3620.0,27739,0.0,0.0
2023-09-26 12:00:00+09:00,3600.0,3615.0,3585.0,3605.0,9430,0.0,0.0
2023-09-26 13:00:00+09:00,3585.0,3605.0,3540.0,3570.0,13048,0.0,0.0
2023-09-26 14:00:00+09:00,3540.0,3580.0,3535.0,3560.0,11513,0.0,0.0
2023-09-27 09:00:00+09:00,3485.0,3625.0,3455.0,3570.0,35596,0.0,0.0
2023-09-27 10:00:00+09:00,3585.0,3620.0,3555.0,3615.0,30923,0.0,0.0
2023-09-27 11:00:00+09:00,3610.0,3625.0,3565.0,3590.0,8294,0.0,0.0
2023-09-27 12:00:00+09:00,3575.0,3585.0,3560.0,3575.0,7295,0.0,0.0
2023-09-27 13:00:00+09:00,3575.0,3610.0,3565.0,3610.0,9310,0.0,0.0
2023-09-27 14:00:00+09:00,3600.0,3600.0,3570.0,3595.0,6300,0.0,0.0
2023-10-04 09:00:00+09:00,3525.0,3595.0,3505.0,3540.0,0,0.0,0.0
2023-10-04 10:00:00+09:00,3510.0,3550.0,3445.0,3535.0,22831,0.0,0.0
2023-10-04 11:00:00+09:00,3535.0,3555.0,3525.0,3530.0,4191,0.0,0.0
2023-10-04 12:00:00+09:00,3525.0,3540.0,3505.0,3535.0,7564,0.0,0.0
2023-10-04 13:00:00+09:00,3520.0,3530.0,3495.0,3520.0,3946,0.0,0.0
2023-10-04 14:00:00+09:00,3520.0,3525.0,3480.0,3485.0,3203,0.0,0.0
2023-10-05 09:00:00+09:00,3440.0,3530.0,3430.0,3500.0,56020,0.0,0.0
2023-10-05 10:00:00+09:00,3470.0,3545.0,3470.0,3535.0,30567,0.0,0.0
2023-10-05 11:00:00+09:00,3540.0,3540.0,3510.0,3510.0,4959,0.0,0.0
2023-10-05 12:00:00+09:00,3515.0,3540.0,3515.0,3530.0,4825,0.0,0.0
2023-10-05 13:00:00+09:00,3530.0,3550.0,3520.0,3530.0,6324,0.0,0.0
2023-10-05 14:00:00+09:00,3530.0,3540.0,3480.0,3480.0,28022,0.0,0.0
2023-10-06 09:00:00+09:00,3480.0,3595.0,3480.0,3555.0,16516,0.0,0.0
2023-10-06 10:00:00+09:00,3555.0,3625.0,3555.0,3620.0,23096,0.0,0.0
2023-10-06 11:00:00+09:00,3615.0,3630.0,3610.0,3630.0,12333,0.0,0.0
2023-10-06 12:00:00+09:00,3630.0,3640.0,3610.0,3615.0,9037,0.0,0.0
2023-10-06 13:00:00+09:00,3625.0,3665.0,3615.0,3635.0,22467,0.0,0.0
2023-10-06 14:00:00+09:00,3645.0,3650.0,3635.0,3650.0,6483,0.0,0.0
2023-10-10 09:00:00+09:00,3610.0,3735.0,3595.0,3715.0,0,0.0,0.0
2023-10-10 10:00:00+09:00,3715.0,3725.0,3690.0,3715.0,41414,0.0,0.0
2023-10-10 11:00:00+09:00,3700.0,3710.0,3655.0,3655.0,14528,0.0,0.0
2023-10-10 12:00:00+09:00,3655.0,3695.0,3605.0,3630.0,15023,0.0,0.0
2023-10-10 13:00:00+09:00,3630.0,3630.0,3590.0,3600.0,14217,0.0,0.0
2023-10-10 14:00:00+09:00,3600.0,3655.0,3550.0,3650.0,22725,0.0,0.0
2023-10-11 09:00:00+09:00,3650.0,3735.0,3645.0,3725.0,46760,0.0,0.0
2023-10-11 10:00:00+09:00,3725.0,3735.0,3700.0,3730.0,12867,0.0,0.0
2023-10-11 11:00:00+09:00,3730.0,3760.0,3720.0,3755.0,32819,0.0,0.0
2023-10-11 12:00:00+09:00,3755.0,3770.0,3745.0,3760.0,12551,0.0,0.0
2023-10-11 13:00:00+09:00,3765.0,3860.0,3765.0,3840.0,95285,0.0,0.0
2023-10-11 14:00:00+09:00,3840.0,4000.0,3820.0,3915.0,144335,0.0,0.0
2023-10-12 09:00:00+09:00,3950.0,4060.0,3915.0,4025.0,247889,0.0,0.0
2023-10-12 10:00:00+09:00,4025.0,4055.0,4005.0,4015.0,69648,0.0,0.0
2023-10-12 11:00:00+09:00,4010.0,4035.0,3980.0,4000.0,27198,0.0,0.0
2023-10-12 12:00:00+09:00,3990.0,4035.0,3985.0,3990.0,10488,0.0,0.0
2023-10-12 13:00:00+09:00,3995.0,4000.0,3970.0,3990.0,15979,0.0,0.0
2023-10-12 14:00:00+09:00,3980.0,4045.0,3975.0,4030.0,69934,0.0,0.0
2023-10-13 09:00:00+09:00,4050.0,4250.0,4040.0,4205.0,454537,0.0,0.0
2023-10-13 10:00:00+09:00,4205.0,4280.0,4175.0,4270.0,229011,0.0,0.0
2023-10-13 11:00:00+09:00,4270.0,4325.0,4240.0,4320.0,126268,0.0,0.0
2023-10-13 12:00:00+09:00,4325.0,4340.0,4235.0,4255.0,87477,0.0,0.0
2023-10-13 13:00:00+09:00,4245.0,4260.0,4160.0,4175.0,75014,0.0,0.0
2023-10-13 14:00:00+09:00,4170.0,4190.0,4140.0,4150.0,58145,0.0,0.0
2023-10-16 09:00:00+09:00,4190.0,4250.0,4060.0,4135.0,0,0.0,0.0
2023-10-16 10:00:00+09:00,4130.0,4205.0,4075.0,4190.0,97245,0.0,0.0
2023-10-16 11:00:00+09:00,4185.0,4190.0,4110.0,4140.0,44887,0.0,0.0
2023-10-16 12:00:00+09:00,4140.0,4180.0,4120.0,4175.0,37447,0.0,0.0
2023-10-16 13:00:00+09:00,4170.0,4175.0,4130.0,4150.0,8160,0.0,0.0
2023-10-16 14:00:00+09:00,4175.0,4180.0,4140.0,4145.0,32444,0.0,0.0
2023-10-17 09:00:00+09:00,4170.0,4290.0,4135.0,4205.0,99447,0.0,0.0
2023-10-17 10:00:00+09:00,4225.0,4265.0,4165.0,4165.0,30080,0.0,0.0
2023-10-17 11:00:00+09:00,4200.0,4200.0,4125.0,4180.0,32537,0.0,0.0
2023-10-17 12:00:00+09:00,4180.0,4180.0,4160.0,4160.0,8082,0.0,0.0
2023-10-17 13:00:00+09:00,4160.0,4255.0,4160.0,4235.0,49126,0.0,0.0
2023-10-17 14:00:00+09:00,4235.0,4390.0,4230.0,4370.0,161619,0.0,0.0
2023-10-18 09:00:00+09:00,4380.0,4400.0,4285.0,4295.0,71074,0.0,0.0
2023-10-18 10:00:00+09:00,4295.0,4325.0,4240.0,4270.0,42302,0.0,0.0
2023-10-18 11:00:00+09:00,4250.0,4300.0,4240.0,4280.0,31127,0.0,0.0
2023-10-18 12:00:00+09:00,4280.0,4290.0,4240.0,4250.0,19074,0.0,0.0
2023-10-18 13:00:00+09:00,4255.0,4275.0,4215.0,4235.0,21558,0.0,0.0
2023-10-18 14:00:00+09:00,4230.0,4235.0,4160.0,4200.0,29732,0.0,0.0
2023-10-19 09:00:00+09:00,4100.0,4150.0,4035.0,4140.0,87821,0.0,0.0
2023-10-19 10:00:00+09:00,4150.0,4205.0,4090.0,4190.0,91979,0.0,0.0
2023-10-19 11:00:00+09:00,4170.0,4170.0,4050.0,4070.0,45574,0.0,0.0
2023-10-19 12:00:00+09:00,4055.0,4105.0,4035.0,4100.0,28312,0.0,0.0
2023-10-19 13:00:00+09:00,4100.0,4100.0,4050.0,4085.0,9323,0.0,0.0
2023-10-19 14:00:00+09:00,4055.0,4085.0,4035.0,4085.0,29880,0.0,0.0
2023-10-20 09:00:00+09:00,4005.0,4175.0,3965.0,4135.0,142261,0.0,0.0
2023-10-20 10:00:00+09:00,4135.0,4165.0,4085.0,4160.0,52112,0.0,0.0
2023-10-20 11:00:00+09:00,4160.0,4170.0,4085.0,4145.0,46554,0.0,0.0
2023-10-20 12:00:00+09:00,4140.0,4165.0,4130.0,4165.0,33354,0.0,0.0
2023-10-20 13:00:00+09:00,4165.0,4335.0,4165.0,4325.0,111559,0.0,0.0
2023-10-20 14:00:00+09:00,4325.0,4330.0,4110.0,4180.0,85975,0.0,0.0
2023-10-23 09:00:00+09:00,4205.0,4400.0,4150.0,4310.0,0,0.0,0.0
2023-10-23 10:00:00+09:00,4305.0,4475.0,4305.0,4435.0,155298,0.0,0.0
2023-10-23 11:00:00+09:00,4460.0,4475.0,4415.0,4455.0,62301,0.0,0.0
2023-10-23 12:00:00+09:00,4450.0,4470.0,4405.0,4420.0,58229,0.0,0.0
2023-10-23 13:00:00+09:00,4440.0,4440.0,4385.0,4415.0,32897,0.0,0.0
2023-10-23 14:00:00+09:00,4410.0,4415.0,4350.0,4370.0,44665,0.0,0.0
2023-10-24 09:00:00+09:00,4360.0,4400.0,4210.0,4255.0,98415,0.0,0.0
2023-10-24 10:00:00+09:00,4260.0,4345.0,4155.0,4345.0,79892,0.0,0.0
2023-10-24 11:00:00+09:00,4350.0,4385.0,4345.0,4370.0,35781,0.0,0.0
2023-10-24 12:00:00+09:00,4365.0,4385.0,4365.0,4380.0,30335,0.0,0.0
2023-10-24 13:00:00+09:00,4380.0,4445.0,4360.0,4400.0,71707,0.0,0.0
2023-10-24 14:00:00+09:00,4415.0,4465.0,4400.0,4465.0,60738,0.0,0.0
2023-10-25 09:00:00+09:00,4490.0,4640.0,4450.0,4625.0,208860,0.0,0.0
2023-10-25 10:00:00+09:00,4625.0,4725.0,4615.0,4720.0,138668,0.0,0.0
2023-10-25 11:00:00+09:00,4720.0,4720.0,4615.0,4705.0,82879,0.0,0.0
2023-10-25 12:00:00+09:00,4705.0,4705.0,4620.0,4620.0,42419,0.0,0.0
2023-10-25 13:00:00+09:00,4615.0,4615.0,4500.0,4530.0,60573,0.0,0.0
2023-10-25 14:00:00+09:00,4530.0,4570.0,4515.0,4545.0,32311,0.0,0.0
2023-10-26 09:00:00+09:00,4495.0,4495.0,4375.0,4415.0,78707,0.0,0.0
2023-10-26 10:00:00+09:00,4410.0,4440.0,4395.0,4420.0,36792,0.0,0.0
2023-10-26 11:00:00+09:00,4420.0,4475.0,4410.0,4420.0,16261,0.0,0.0
2023-10-26 12:00:00+09:00,4420.0,4485.0,4420.0,4485.0,21558,0.0,0.0
2023-10-26 13:00:00+09:00,4485.0,4490.0,4425.0,4460.0,27996,0.0,0.0
2023-10-26 14:00:00+09:00,4460.0,4475.0,4440.0,4475.0,35661,0.0,0.0
2023-10-27 09:00:00+09:00,4460.0,4500.0,4300.0,4320.0,78659,0.0,0.0
2023-10-27 10:00:00+09:00,4325.0,4425.0,4315.0,4370.0,36725,0.0,0.0
2023-10-27 11:00:00+09:00,4365.0,4430.0,4365.0,4410.0,18079,0.0,0.0
2023-10-27 12:00:00+09:00,4405.0,4420.0,4310.0,4340.0,34595,0.0,0.0
2023-10-27 13:00:00+09:00,4335.0,4340.0,4165.0,4240.0,75708,0.0,0.0
2023-10-27 14:00:00+09:00,4240.0,4240.0,4185.0,4225.0,44034,0.0,0.0
2023-10-30 09:00:00+09:00,4200.0,4290.0,4170.0,4270.0,0,0.0,0.0
2023-10-30 10:00:00+09:00,4270.0,4335.0,4260.0,4295.0,55887,0.0,0.0
2023-10-30 11:00:00+09:00,4290.0,4330.0,4280.0,4330.0,39821,0.0,0.0
2023-10-30 12:00:00+09:00,4330.0,4400.0,4325.0,4400.0,64207,0.0,0.0
2023-10-30 13:00:00+09:00,4395.0,4430.0,4335.0,4355.0,42539,0.0,0.0
2023-10-30 14:00:00+09:00,4355.0,4445.0,4330.0,4420.0,0,0.0,0.0
2023-10-31 09:00:00+09:00,4460.0,4460.0,4230.0,4325.0,76197,0.0,0.0
2023-10-31 10:00:00+09:00,4325.0,4325.0,4275.0,4300.0,30930,0.0,0.0
2023-10-31 11:00:00+09:00,4295.0,4315.0,4275.0,4295.0,40122,0.0,0.0
2023-10-31 12:00:00+09:00,4290.0,4305.0,4260.0,4265.0,17145,0.0,0.0
2023-10-31 13:00:00+09:00,4260.0,4270.0,4185.0,4195.0,58933,0.0,0.0
2023-10-31 14:00:00+09:00,4190.0,4190.0,4120.0,4155.0,44881,0.0,0.0
2023-11-01 09:00:00+09:00,4130.0,4540.0,4130.0,4455.0,259462,0.0,0.0
2023-11-01 10:00:00+09:00,4455.0,4470.0,4280.0,4295.0,89377,0.0,0.0
2023-11-01 11:00:00+09:00,4285.0,4310.0,4185.0,4245.0,33404,0.0,0.0
2023-11-01 12:00:00+09:00,4250.0,4295.0,4215.0,4250.0,19971,0.0,0.0
2023-11-01 13:00:00+09:00,4245.0,4270.0,4225.0,4250.0,42119,0.0,0.0
2023-11-01 14:00:00+09:00,4255.0,4275.0,4240.0,4265.0,27041,0.0,0.0
2023-11-02 09:00:00+09:00,4295.0,4540.0,4255.0,4400.0,171416,0.0,0.0
2023-11-02 10:00:00+09:00,4400.0,4580.0,4385.0,4425.0,132696,0.0,0.0
2023-11-02 11:00:00+09:00,4420.0,4560.0,4420.0,4560.0,56003,0.0,0.0
2023-11-02 12:00:00+09:00,4560.0,4585.0,4480.0,4500.0,58729,0.0,0.0
2023-11-02 13:00:00+09:00,4500.0,4500.0,4450.0,4500.0,21488,0.0,0.0
2023-11-02 14:00:00+09:00,4500.0,4535.0,4460.0,4490.0,35525,0.0,0.0
2023-11-03 09:00:00+09:00,4485.0,4545.0,4365.0,4370.0,62972,0.0,0.0
2023-11-03 10:00:00+09:00,4370.0,4485.0,4365.0,4445.0,38016,0.0,0.0
2023-11-03 11:00:00+09:00,4445.0,4525.0,4440.0,4500.0,33805,0.0,0.0
2023-11-03 12:00:00+09:00,4500.0,4500.0,4445.0,4485.0,10630,0.0,0.0
2023-11-03 13:00:00+09:00,4480.0,4500.0,4420.0,4440.0,21384,0.0,0.0
2023-11-03 14:00:00+09:00,4440.0,4480.0,4405.0,4435.0,14351,0.0,0.0
2023-11-06 09:00:00+09:00,4465.0,4470.0,4290.0,4375.0,0,0.0,0.0
2023-11-06 10:00:00+09:00,4375.0,4375.0,4170.0,4195.0,95524,0.0,0.0
2023-11-06 11:00:00+09:00,4205.0,4230.0,4170.0,4170.0,86498,0.0,0.0
2023-11-06 12:00:00+09:00,4170.0,4200.0,4170.0,4190.0,48119,0.0,0.0
2023-11-06 13:00:00+09:00,4190.0,4295.0,4180.0,4225.0,47955,0.0,0.0
2023-11-06 14:00:00+09:00,4225.0,4380.0,4185.0,4260.0,58439,0.0,0.0
2023-11-07 09:00:00+09:00,4265.0,4300.0,4080.0,4215.0,106693,0.0,0.0
2023-11-07 10:00:00+09:00,4215.0,4260.0,4185.0,4245.0,25570,0.0,0.0
2023-11-07 11:00:00+09:00,4240.0,4260.0,4155.0,4160.0,10295,0.0,0.0
2023-11-07 12:00:00+09:00,4185.0,4210.0,4145.0,4200.0,16775,0.0,0.0
2023-11-07 13:00:00+09:00,4200.0,4275.0,4140.0,4270.0,20638,0.0,0.0
2023-11-07 14:00:00+09:00,4265.0,4330.0,4250.0,4285.0,36259,0.0,0.0
2023-11-08 09:00:00+09:00,4240.0,4360.0,4220.0,4320.0,38903,0.0,0.0
2023-11-08 10:00:00+09:00,4340.0,4470.0,4340.0,4440.0,73865,0.0,0.0
2023-11-08 11:00:00+09:00,4450.0,4455.0,4415.0,4450.0,17131,0.0,0.0
2023-11-08 12:00:00+09:00,4450.0,4450.0,4375.0,4405.0,48057,0.0,0.0
2023-11-08 13:00:00+09:00,4410.0,4425.0,4365.0,4410.0,44851,0.0,0.0
2023-11-08 14:00:00+09:00,4410.0,4415.0,4305.0,4305.0,40816,0.0,0.0
2023-11-09 09:00:00+09:00,4330.0,4435.0,4280.0,4345.0,102377,0.0,0.0
2023-11-09 10:00:00+09:00,4345.0,4515.0,4340.0,4475.0,81384,0.0,0.0
2023-11-09 11:00:00+09:00,4470.0,4490.0,4425.0,4450.0,46133,0.0,0.0
2023-11-09 12:00:00+09:00,4445.0,4480.0,4430.0,4445.0,42570,0.0,0.0
2023-11-09 13:00:00+09:00,4450.0,4470.0,4310.0,4340.0,27400,0.0,0.0
2023-11-09 14:00:00+09:00,4350.0,4550.0,4350.0,4480.0,87436,0.0,0.0
2023-11-10 09:00:00+09:00,4460.0,4575.0,4450.0,4535.0,57986,0.0,0.0
2023-11-10 10:00:00+09:00,4535.0,4585.0,4530.0,4575.0,58715,0.0,0.0
2023-11-10 11:00:00+09:00,4575.0,4635.0,4540.0,4560.0,100222,0.0,0.0
2023-11-10 12:00:00+09:00,4540.0,4550.0,4400.0,4450.0,55847,0.0,0.0
2023-11-10 13:00:00+09:00,4450.0,4495.0,4430.0,4465.0,12357,0.0,0.0
2023-11-10 14:00:00+09:00,4465.0,4660.0,4440.0,4605.0,192654,0.0,0.0
2023-11-13 09:00:00+09:00,4610.0,4670.0,4460.0,4470.0,0,0.0,0.0
2023-11-13 10:00:00+09:00,4470.0,4590.0,4395.0,4405.0,59621,0.0,0.0
2023-11-13 11:00:00+09:00,4400.0,4415.0,4310.0,4310.0,36323,0.0,0.0
2023-11-13 12:00:00+09:00,4310.0,4335.0,4300.0,4300.0,13422,0.0,0.0
2023-11-13 13:00:00+09:00,4300.0,4330.0,4240.0,4285.0,60992,0.0,0.0
2023-11-13 14:00:00+09:00,4285.0,4290.0,4070.0,4140.0,143399,0.0,0.0
2023-11-14 09:00:00+09:00,4130.0,4255.0,3975.0,4155.0,166555,0.0,0.0
2023-11-14 10:00:00+09:00,4160.0,4170.0,3970.0,4000.0,80686,0.0,0.0
2023-11-14 11:00:00+09:00,3985.0,4065.0,3965.0,4065.0,51119,0.0,0.0
2023-11-14 12:00:00+09:00,4040.0,4100.0,4015.0,4035.0,65145,0.0,0.0
2023-11-14 13:00:00+09:00,4035.0,4060.0,3940.0,3965.0,59196,0.0,0.0
2023-11-14 14:00:00+09:00,3960.0,4070.0,3890.0,4010.0,108310,0.0,0.0
2023-11-15 09:00:00+09:00,4080.0,4135.0,3900.0,3925.0,81202,0.0,0.0
2023-11-15 10:00:00+09:00,3915.0,4000.0,3705.0,3925.0,139728,0.0,0.0
2023-11-15 11:00:00+09:00,3925.0,3925.0,3875.0,3890.0,56788,0.0,0.0
2023-11-15 12:00:00+09:00,3890.0,3940.0,3885.0,3935.0,25750,0.0,0.0
2023-11-15 13:00:00+09:00,3935.0,3935.0,3885.0,3885.0,18714,0.0,0.0
2023-11-15 14:00:00+09:00,3890.0,3920.0,3875.0,3900.0,29819,0.0,0.0
2023-11-16 10:00:00+09:00,3915.0,4020.0,3860.0,3915.0,52070,0.0,0.0
2023-11-16 11:00:00+09:00,3915.0,3995.0,3895.0,3930.0,15890,0.0,0.0
2023-11-16 12:00:00+09:00,3900.0,3950.0,3890.0,3920.0,8106,0.0,0.0
2023-11-16 13:00:00+09:00,3895.0,3930.0,3880.0,3880.0,11211,0.0,0.0
2023-11-16 14:00:00+09:00,3875.0,3930.0,3865.0,3905.0,18947,0.0,0.0
2023-11-17 09:00:00+09:00,3885.0,3925.0,3850.0,3900.0,27317,0.0,0.0
2023-11-17 10:00:00+09:00,3900.0,3900.0,3860.0,3875.0,11711,0.0,0.0
2023-11-17 11:00:00+09:00,3865.0,3875.0,3840.0,3850.0,7262,0.0,0.0
2023-11-17 12:00:00+09:00,3845.0,3850.0,3815.0,3850.0,9452,0.0,0.0
2023-11-17 13:00:00+09:00,3850.0,3875.0,3830.0,3870.0,15299,0.0,0.0
2023-11-17 14:00:00+09:00,3860.0,3875.0,3830.0,3850.0,28768,0.0,0.0
2023-11-20 09:00:00+09:00,3835.0,4050.0,3835.0,4040.0,0,0.0,0.0
2023-11-20 10:00:00+09:00,4045.0,4060.0,4000.0,4020.0,22365,0.0,0.0
2023-11-20 11:00:00+09:00,4020.0,4020.0,3995.0,4005.0,6554,0.0,0.0
2023-11-20 12:00:00+09:00,4010.0,4010.0,3975.0,3985.0,4324,0.0,0.0
2023-11-20 13:00:00+09:00,3990.0,4020.0,3990.0,4015.0,6552,0.0,0.0
2023-11-20 14:00:00+09:00,4015.0,4015.0,3965.0,4000.0,17141,0.0,0.0
2023-11-21 09:00:00+09:00,4010.0,4050.0,3920.0,3960.0,26331,0.0,0.0
2023-11-21 10:00:00+09:00,3980.0,4045.0,3935.0,4020.0,16497,0.0,0.0
2023-11-21 11:00:00+09:00,4020.0,4035.0,3925.0,4000.0,22646,0.0,0.0
2023-11-21 12:00:00+09:00,3995.0,4035.0,3975.0,4035.0,5770,0.0,0.0
2023-11-21 13:00:00+09:00,4035.0,4055.0,3995.0,4015.0,10941,0.0,0.0
2023-11-21 14:00:00+09:00,4015.0,4035.0,3995.0,4035.0,5847,0.0,0.0
2023-11-22 09:00:00+09:00,4015.0,4015.0,3965.0,3980.0,6788,0.0,0.0
2023-11-22 10:00:00+09:00,3975.0,4005.0,3965.0,4005.0,14078,0.0,0.0
2023-11-22 11:00:00+09:00,4005.0,4005.0,3920.0,3930.0,21621,0.0,0.0
2023-11-22 12:00:00+09:00,3935.0,3955.0,3925.0,3930.0,24038,0.0,0.0
2023-11-22 13:00:00+09:00,3935.0,3940.0,3900.0,3920.0,29014,0.0,0.0
2023-11-22 14:00:00+09:00,3920.0,3945.0,3910.0,3945.0,19443,0.0,0.0
2023-11-23 09:00:00+09:00,3965.0,4035.0,3820.0,3845.0,33670,0.0,0.0
2023-11-23 10:00:00+09:00,3850.0,3870.0,3815.0,3870.0,33031,0.0,0.0
2023-11-23 11:00:00+09:00,3860.0,3920.0,3835.0,3865.0,35792,0.0,0.0
2023-11-23 12:00:00+09:00,3850.0,3870.0,3830.0,3840.0,16903,0.0,0.0
2023-11-23 13:00:00+09:00,3840.0,3870.0,3830.0,3840.0,17551,0.0,0.0
2023-11-23 14:00:00+09:00,3840.0,3845.0,3815.0,3825.0,20843,0.0,0.0
2023-11-24 09:00:00+09:00,3870.0,3915.0,3850.0,3860.0,24720,0.0,0.0
2023-11-24 10:00:00+09:00,3860.0,3875.0,3820.0,3820.0,24320,0.0,0.0
2023-11-24 11:00:00+09:00,3820.0,3875.0,3815.0,3845.0,22851,0.0,0.0
2023-11-24 12:00:00+09:00,3845.0,3870.0,3840.0,3855.0,11518,0.0,0.0
2023-11-24 13:00:00+09:00,3845.0,3865.0,3815.0,3825.0,18724,0.0,0.0
2023-11-24 14:00:00+09:00,3825.0,3840.0,3815.0,3840.0,13680,0.0,0.0
2023-11-27 09:00:00+09:00,3835.0,3870.0,3750.0,3750.0,0,0.0,0.0
2023-11-27 10:00:00+09:00,3750.0,3760.0,3690.0,3720.0,41287,0.0,0.0
2023-11-27 11:00:00+09:00,3710.0,3750.0,3680.0,3715.0,45417,0.0,0.0
2023-11-27 12:00:00+09:00,3705.0,3715.0,3675.0,3680.0,16883,0.0,0.0
2023-11-27 13:00:00+09:00,3685.0,3770.0,3650.0,3680.0,94114,0.0,0.0
2023-11-27 14:00:00+09:00,3690.0,3715.0,3650.0,3685.0,40080,0.0,0.0
2023-11-28 09:00:00+09:00,3755.0,3795.0,3715.0,3715.0,0,0.0,0.0
2023-11-28 10:00:00+09:00,3725.0,3740.0,3690.0,3705.0,40137,0.0,0.0
2023-11-28 11:00:00+09:00,3705.0,3725.0,3690.0,3705.0,11522,0.0,0.0
2023-11-28 12:00:00+09:00,3710.0,3725.0,3680.0,3690.0,17829,0.0,0.0
2023-11-28 13:00:00+09:00,3695.0,3720.0,3685.0,3700.0,12073,0.0,0.0
2023-11-28 14:00:00+09:00,3710.0,3735.0,3685.0,3685.0,16057,0.0,0.0
2023-11-29 09:00:00+09:00,3750.0,3755.0,3690.0,3715.0,29587,0.0,0.0
2023-11-29 10:00:00+09:00,3715.0,3780.0,3715.0,3720.0,9377,0.0,0.0
2023-11-29 11:00:00+09:00,3715.0,3730.0,3705.0,3705.0,18351,0.0,0.0
2023-11-29 12:00:00+09:00,3710.0,3710.0,3690.0,3695.0,23192,0.0,0.0
2023-11-29 13:00:00+09:00,3695.0,3700.0,3675.0,3690.0,21575,0.0,0.0
2023-11-29 14:00:00+09:00,3685.0,3700.0,3630.0,3660.0,32701,0.0,0.0
2023-11-30 09:00:00+09:00,3685.0,3760.0,3650.0,3735.0,46975,0.0,0.0
2023-11-30 10:00:00+09:00,3725.0,3730.0,3670.0,3730.0,57131,0.0,0.0
2023-11-30 11:00:00+09:00,3730.0,3730.0,3700.0,3715.0,8299,0.0,0.0
2023-11-30 12:00:00+09:00,3715.0,3740.0,3705.0,3740.0,7722,0.0,0.0
2023-11-30 13:00:00+09:00,3740.0,3770.0,3735.0,3750.0,10647,0.0,0.0
2023-11-30 14:00:00+09:00,3750.0,3755.0,3735.0,3745.0,7307,0.0,0.0
2023-12-01 09:00:00+09:00,3760.0,3775.0,3705.0,3740.0,13698,0.0,0.0
2023-12-01 10:00:00+09:00,3740.0,3795.0,3700.0,3780.0,22459,0.0,0.0
2023-12-01 11:00:00+09:00,3780.0,3780.0,3745.0,3760.0,10016,0.0,0.0
2023-12-01 12:00:00+09:00,3750.0,3760.0,3740.0,3745.0,4748,0.0,0.0
2023-12-01 13:00:00+09:00,3745.0,3760.0,3735.0,3750.0,6840,0.0,0.0
2023-12-01 14:00:00+09:00,3750.0,3825.0,3730.0,3815.0,52681,0.0,0.0
2023-12-04 09:00:00+09:00,3805.0,3805.0,3700.0,3745.0,0,0.0,0.0
2023-12-04 10:00:00+09:00,3740.0,3745.0,3700.0,3725.0,48527,0.0,0.0
2023-12-04 11:00:00+09:00,3715.0,3735.0,3690.0,3720.0,51405,0.0,0.0
2023-12-04 12:00:00+09:00,3720.0,3725.0,3685.0,3700.0,26089,0.0,0.0
2023-12-04 13:00:00+09:00,3700.0,3720.0,3685.0,3720.0,13760,0.0,0.0
2023-12-04 14:00:00+09:00,3720.0,3720.0,3700.0,3710.0,6378,0.0,0.0
2023-12-05 09:00:00+09:00,3710.0,3765.0,3650.0,3665.0,33128,0.0,0.0
2023-12-05 10:00:00+09:00,3665.0,3715.0,3575.0,3585.0,101440,0.0,0.0
2023-12-05 11:00:00+09:00,3585.0,3595.0,3575.0,3575.0,34009,0.0,0.0
2023-12-05 12:00:00+09:00,3580.0,3595.0,3565.0,3570.0,42745,0.0,0.0
2023-12-05 13:00:00+09:00,3570.0,3595.0,3565.0,3575.0,23716,0.0,0.0
2023-12-05 14:00:00+09:00,3580.0,3590.0,3535.0,3555.0,89490,0.0,0.0
2023-12-06 09:00:00+09:00,3615.0,3630.0,3575.0,3620.0,17845,0.0,0.0
2023-12-06 10:00:00+09:00,3615.0,3620.0,3565.0,3620.0,24182,0.0,0.0
2023-12-06 11:00:00+09:00,3620.0,3645.0,3605.0,3645.0,13257,0.0,0.0
2023-12-06 12:00:00+09:00,3645.0,3665.0,3615.0,3635.0,13193,0.0,0.0
2023-12-06 13:00:00+09:00,3635.0,3645.0,3625.0,3635.0,8092,0.0,0.0
2023-12-06 14:00:00+09:00,3635.0,3640.0,3620.0,3625.0,8653,0.0,0.0
2023-12-07 09:00:00+09:00,3635.0,3675.0,3595.0,3650.0,45830,0.0,0.0
2023-12-07 10:00:00+09:00,3650.0,3650.0,3595.0,3600.0,61679,0.0,0.0
2023-12-07 11:00:00+09:00,3600.0,3630.0,3575.0,3630.0,15538,0.0,0.0
2023-12-07 12:00:00+09:00,3630.0,3630.0,3570.0,3620.0,26097,0.0,0.0
2023-12-07 13:00:00+09:00,3620.0,3640.0,3600.0,3640.0,12884,0.0,0.0
2023-12-07 14:00:00+09:00,3640.0,3640.0,3630.0,3635.0,12502,0.0,0.0
2023-12-08 09:00:00+09:00,3635.0,3680.0,3630.0,3680.0,14928,0.0,0.0
2023-12-08 10:00:00+09:00,3670.0,3685.0,3645.0,3680.0,10592,0.0,0.0
2023-12-08 11:00:00+09:00,3665.0,3665.0,3620.0,3645.0,5962,0.0,0.0
2023-12-08 12:00:00+09:00,3645.0,3655.0,3630.0,3635.0,4872,0.0,0.0
2023-12-08 13:00:00+09:00,3640.0,3660.0,3635.0,3640.0,3911,0.0,0.0
2023-12-08 14:00:00+09:00,3640.0,3660.0,3635.0,3645.0,29111,0.0,0.0
2023-12-11 09:00:00+09:00,3705.0,3755.0,3680.0,3730.0,0,0.0,0.0
2023-12-11 10:00:00+09:00,3715.0,3740.0,3700.0,3725.0,5446,0.0,0.0
2023-12-11 11:00:00+09:00,3730.0,3730.0,3710.0,3710.0,1947,0.0,0.0
2023-12-11 12:00:00+09:00,3710.0,3710.0,3675.0,3705.0,10540,0.0,0.0
2023-12-11 13:00:00+09:00,3705.0,3705.0,3680.0,3680.0,3345,0.0,0.0
2023-12-11 14:00:00+09:00,3680.0,3690.0,3670.0,3670.0,5851,0.0,0.0
2023-12-12 09:00:00+09:00,3700.0,3745.0,3685.0,3685.0,6199,0.0,0.0
2023-12-12 10:00:00+09:00,3705.0,3740.0,3690.0,3735.0,6837,0.0,0.0
2023-12-12 11:00:00+09:00,3735.0,3735.0,3710.0,3735.0,3622,0.0,0.0
2023-12-12 12:00:00+09:00,3735.0,3750.0,3735.0,3750.0,8795,0.0,0.0
2023-12-12 13:00:00+09:00,3750.0,3760.0,3735.0,3745.0,12628,0.0,0.0
2023-12-12 14:00:00+09:00,3745.0,3760.0,3735.0,3760.0,7891,0.0,0.0
2023-12-13 09:00:00+09:00,3730.0,3755.0,3680.0,3745.0,36796,0.0,0.0
2023-12-13 10:00:00+09:00,3720.0,3745.0,3690.0,3705.0,5467,0.0,0.0
2023-12-13 11:00:00+09:00,3705.0,3730.0,3700.0,3725.0,1652,0.0,0.0
2023-12-13 12:00:00+09:00,3725.0,3750.0,3705.0,3725.0,6674,0.0,0.0
2023-12-13 13:00:00+09:00,3720.0,3720.0,3710.0,3720.0,2250,0.0,0.0
2023-12-13 14:00:00+09:00,3715.0,3745.0,3695.0,3715.0,14256,0.0,0.0
2023-12-14 09:00:00+09:00,3705.0,3800.0,3705.0,3760.0,22037,0.0,0.0
2023-12-14 10:00:00+09:00,3760.0,3760.0,3725.0,3750.0,10890,0.0,0.0
2023-12-14 11:00:00+09:00,3735.0,3790.0,3735.0,3745.0,9568,0.0,0.0
2023-12-14 12:00:00+09:00,3745.0,3790.0,3730.0,3785.0,14013,0.0,0.0
2023-12-14 13:00:00+09:00,3785.0,3785.0,3765.0,3780.0,4790,0.0,0.0
2023-12-14 14:00:00+09:00,3775.0,3920.0,3765.0,3855.0,82321,0.0,0.0
2023-12-15 09:00:00+09:00,3855.0,3930.0,3825.0,3825.0,25372,0.0,0.0
2023-12-15 10:00:00+09:00,3840.0,3870.0,3805.0,3820.0,36027,0.0,0.0
2023-12-15 11:00:00+09:00,3815.0,3830.0,3780.0,3785.0,27232,0.0,0.0
2023-12-15 12:00:00+09:00,3785.0,3830.0,3780.0,3810.0,22414,0.0,0.0
2023-12-15 13:00:00+09:00,3810.0,3820.0,3790.0,3810.0,16753,0.0,0.0
2023-12-15 14:00:00+09:00,3815.0,3830.0,3795.0,3815.0,19935,0.0,0.0
2023-12-18 09:00:00+09:00,3855.0,3880.0,3810.0,3855.0,0,0.0,0.0
2023-12-18 10:00:00+09:00,3855.0,3870.0,3820.0,3830.0,11275,0.0,0.0
2023-12-18 11:00:00+09:00,3825.0,3830.0,3780.0,3785.0,22923,0.0,0.0
2023-12-18 12:00:00+09:00,3790.0,3790.0,3775.0,3790.0,9710,0.0,0.0
2023-12-18 13:00:00+09:00,3790.0,3810.0,3780.0,3810.0,5120,0.0,0.0
2023-12-18 14:00:00+09:00,3810.0,3815.0,3785.0,3800.0,18953,0.0,0.0
2023-12-19 09:00:00+09:00,3810.0,3820.0,3755.0,3770.0,9908,0.0,0.0
2023-12-19 10:00:00+09:00,3770.0,3780.0,3745.0,3750.0,6040,0.0,0.0
2023-12-19 11:00:00+09:00,3750.0,3760.0,3745.0,3755.0,5000,0.0,0.0
2023-12-19 12:00:00+09:00,3755.0,3760.0,3740.0,3755.0,6191,0.0,0.0
2023-12-19 13:00:00+09:00,3750.0,3775.0,3750.0,3770.0,3483,0.0,0.0
2023-12-19 14:00:00+09:00,3755.0,3770.0,3750.0,3765.0,2709,0.0,0.0
2023-12-20 09:00:00+09:00,3770.0,3840.0,3750.0,3835.0,0,0.0,0.0
2023-12-20 10:00:00+09:00,3810.0,3845.0,3790.0,3835.0,33293,0.0,0.0
2023-12-20 11:00:00+09:00,3835.0,3840.0,3825.0,3830.0,4040,0.0,0.0
2023-12-20 12:00:00+09:00,3820.0,3830.0,3805.0,3825.0,5788,0.0,0.0
2023-12-20 13:00:00+09:00,3810.0,3980.0,3810.0,3900.0,46331,0.0,0.0
2023-12-20 14:00:00+09:00,3905.0,3925.0,3900.0,3905.0,24144,0.0,0.0
2023-12-21 09:00:00+09:00,3900.0,3930.0,3840.0,3840.0,10451,0.0,0.0
2023-12-21 10:00:00+09:00,3840.0,3870.0,3830.0,3860.0,10307,0.0,0.0
2023-12-21 11:00:00+09:00,3840.0,3845.0,3825.0,3835.0,2433,0.0,0.0
2023-12-21 12:00:00+09:00,3835.0,3850.0,3830.0,3845.0,2251,0.0,0.0
2023-12-21 13:00:00+09:00,3845.0,3860.0,3830.0,3850.0,5776,0.0,0.0
2023-12-21 14:00:00+09:00,3860.0,3860.0,3825.0,3830.0,11022,0.0,0.0
2023-12-22 09:00:00+09:00,3860.0,3980.0,3860.0,3940.0,33408,0.0,0.0
2023-12-22 10:00:00+09:00,3940.0,3940.0,3915.0,3925.0,3089,0.0,0.0
2023-12-22 11:00:00+09:00,3930.0,3990.0,3920.0,3960.0,29447,0.0,0.0
2023-12-22 12:00:00+09:00,3970.0,4030.0,3965.0,3980.0,35844,0.0,0.0
2023-12-22 13:00:00+09:00,3990.0,4175.0,3980.0,4075.0,185147,0.0,0.0
2023-12-22 14:00:00+09:00,4065.0,4075.0,3855.0,3955.0,130767,0.0,0.0
2023-12-26 09:00:00+09:00,4020.0,4080.0,3925.0,3955.0,0,0.0,0.0
2023-12-26 10:00:00+09:00,3955.0,4050.0,3945.0,4020.0,13276,0.0,0.0
2023-12-26 11:00:00+09:00,4020.0,4080.0,3995.0,4045.0,26793,0.0,0.0
2023-12-26 12:00:00+09:00,4070.0,4080.0,4035.0,4035.0,12219,0.0,0.0
2023-12-26 13:00:00+09:00,4065.0,4080.0,4025.0,4075.0,8633,0.0,0.0
2023-12-26 14:00:00+09:00,4075.0,4095.0,4035.0,4075.0,17884,0.0,0.0
2023-12-27 09:00:00+09:00,4000.0,4010.0,3910.0,3980.0,72475,0.0,0.0
2023-12-27 10:00:00+09:00,3965.0,4025.0,3960.0,4000.0,9917,0.0,0.0
2023-12-27 11:00:00+09:00,3990.0,4085.0,3990.0,4065.0,34012,0.0,0.0
2023-12-27 12:00:00+09:00,4070.0,4070.0,4030.0,4055.0,5204,0.0,0.0
2023-12-27 13:00:00+09:00,4035.0,4065.0,4035.0,4040.0,13714,0.0,0.0
2023-12-27 14:00:00+09:00,4035.0,4080.0,4025.0,4060.0,12351,0.0,0.0
2023-12-28 09:00:00+09:00,4060.0,4145.0,4055.0,4095.0,31994,0.0,0.0
2023-12-28 10:00:00+09:00,4105.0,4135.0,4075.0,4120.0,51751,0.0,0.0
2023-12-28 11:00:00+09:00,4110.0,4130.0,4085.0,4105.0,23373,0.0,0.0
2023-12-28 12:00:00+09:00,4105.0,4120.0,4045.0,4060.0,18481,0.0,0.0
2023-12-28 13:00:00+09:00,4060.0,4070.0,4000.0,4035.0,43989,0.0,0.0
2023-12-28 14:00:00+09:00,4035.0,4090.0,4030.0,4090.0,11613,0.0,0.0
2024-01-02 10:00:00+09:00,4085.0,4175.0,4060.0,4170.0,90403,0.0,0.0
2024-01-02 11:00:00+09:00,4170.0,4175.0,4115.0,4170.0,35496,0.0,0.0
2024-01-02 12:00:00+09:00,4170.0,4175.0,4140.0,4170.0,16629,0.0,0.0
2024-01-02 13:00:00+09:00,4165.0,4260.0,4165.0,4245.0,65734,0.0,0.0
2024-01-02 14:00:00+09:00,4245.0,4270.0,4230.0,4240.0,35109,0.0,0.0
2024-01-03 09:00:00+09:00,4210.0,4280.0,4145.0,4250.0,55950,0.0,0.0
2024-01-03 10:00:00+09:00,4225.0,4270.0,4180.0,4220.0,46414,0.0,0.0
2024-01-03 11:00:00+09:00,4220.0,4255.0,4160.0,4170.0,40703,0.0,0.0
2024-01-03 12:00:00+09:00,4170.0,4215.0,4165.0,4195.0,6941,0.0,0.0
2024-01-03 13:00:00+09:00,4195.0,4305.0,4195.0,4300.0,41588,0.0,0.0
2024-01-03 14:00:00+09:00,4295.0,4370.0,4285.0,4365.0,47093,0.0,0.0
2024-01-04 09:00:00+09:00,4410.0,4485.0,4380.0,4445.0,107927,0.0,0.0
2024-01-04 10:00:00+09:00,4420.0,4475.0,4380.0,4400.0,65018,0.0,0.0
2024-01-04 11:00:00+09:00,4395.0,4515.0,4390.0,4505.0,61608,0.0,0.0
2024-01-04 12:00:00+09:00,4505.0,4505.0,4430.0,4460.0,28327,0.0,0.0
2024-01-04 13:00:00+09:00,4460.0,4475.0,4425.0,4465.0,26329,0.0,0.0
2024-01-04 14:00:00+09:00,4460.0,4585.0,4460.0,4575.0,111399,0.0,0.0
2024-01-05 09:00:00+09:00,4530.0,4595.0,4395.0,4425.0,32005,0.0,0.0
2024-01-05 10:00:00+09:00,4435.0,4445.0,4325.0,4435.0,59785,0.0,0.0
2024-01-05 11:00:00+09:00,4435.0,4445.0,4325.0,4325.0,25553,0.0,0.0
2024-01-05 12:00:00+09:00,4325.0,4375.0,4315.0,4360.0,22908,0.0,0.0
2024-01-05 13:00:00+09:00,4330.0,4445.0,4325.0,4410.0,35131,0.0,0.0
2024-01-05 14:00:00+09:00,4410.0,4455.0,4365.0,4400.0,19756,0.0,0.0
2024-01-08 09:00:00+09:00,4440.0,4440.0,4280.0,4295.0,0,0.0,0.0
2024-01-08 10:00:00+09:00,4310.0,4380.0,4300.0,4360.0,22083,0.0,0.0
2024-01-08 11:00:00+09:00,4360.0,4415.0,4300.0,4310.0,29992,0.0,0.0
2024-01-08 12:00:00+09:00,4330.0,4330.0,4290.0,4300.0,10093,0.0,0.0
2024-01-08 13:00:00+09:00,4300.0,4385.0,4290.0,4340.0,32280,0.0,0.0
2024-01-08 14:00:00+09:00,4315.0,4380.0,4305.0,4375.0,8617,0.0,0.0
2024-01-09 09:00:00+09:00,4355.0,4425.0,4340.0,4415.0,29616,0.0,0.0
2024-01-09 10:00:00+09:00,4415.0,4495.0,4400.0,4410.0,40341,0.0,0.0
2024-01-09 11:00:00+09:00,4410.0,4455.0,4410.0,4410.0,7666,0.0,0.0
2024-01-09 12:00:00+09:00,4410.0,4435.0,4400.0,4415.0,8995,0.0,0.0
2024-01-09 13:00:00+09:00,4415.0,4415.0,4370.0,4370.0,77642,0.0,0.0
2024-01-09 14:00:00+09:00,4370.0,4395.0,4355.0,4395.0,10944,0.0,0.0
2024-01-10 09:00:00+09:00,4420.0,4420.0,4265.0,4305.0,28805,0.0,0.0
2024-01-10 10:00:00+09:00,4305.0,4315.0,4280.0,4290.0,15830,0.0,0.0
2024-01-10 11:00:00+09:00,4290.0,4295.0,4245.0,4260.0,31334,0.0,0.0
2024-01-10 12:00:00+09:00,4260.0,4265.0,4245.0,4265.0,10980,0.0,0.0
2024-01-10 13:00:00+09:00,4260.0,4275.0,4250.0,4270.0,13361,0.0,0.0
2024-01-10 14:00:00+09:00,4275.0,4375.0,4270.0,4290.0,18858,0.0,0.0
2024-01-11 09:00:00+09:00,4345.0,4415.0,4340.0,4355.0,4449,0.0,0.0
2024-01-11 10:00:00+09:00,4350.0,4355.0,4290.0,4310.0,10906,0.0,0.0
2024-01-11 11:00:00+09:00,4315.0,4315.0,4280.0,4285.0,11919,0.0,0.0
2024-01-11 12:00:00+09:00,4285.0,4380.0,4280.0,4315.0,23819,0.0,0.0
2024-01-11 13:00:00+09:00,4315.0,4405.0,4310.0,4395.0,17250,0.0,0.0
2024-01-11 14:00:00+09:00,4395.0,4410.0,4335.0,4385.0,24075,0.0,0.0
2024-01-12 09:00:00+09:00,4340.0,4420.0,4310.0,4370.0,26665,0.0,0.0
2024-01-12 10:00:00+09:00,4370.0,4590.0,4370.0,4550.0,164795,0.0,0.0
2024-01-12 11:00:00+09:00,4550.0,4590.0,4510.0,4525.0,52082,0.0,0.0
2024-01-12 12:00:00+09:00,4525.0,4530.0,4505.0,4510.0,23351,0.0,0.0
2024-01-12 13:00:00+09:00,4515.0,4545.0,4480.0,4480.0,38278,0.0,0.0
2024-01-12 14:00:00+09:00,4480.0,4485.0,4450.0,4460.0,47047,0.0,0.0
2024-01-15 09:00:00+09:00,4550.0,4550.0,4485.0,4505.0,0,0.0,0.0
2024-01-15 10:00:00+09:00,4515.0,4530.0,4460.0,4490.0,96119,0.0,0.0
2024-01-15 11:00:00+09:00,4460.0,4495.0,4460.0,4470.0,6136,0.0,0.0
2024-01-15 12:00:00+09:00,4470.0,4485.0,4450.0,4455.0,5833,0.0,0.0
2024-01-15 13:00:00+09:00,4455.0,4475.0,4440.0,4440.0,18012,0.0,0.0
2024-01-15 14:00:00+09:00,4440.0,4465.0,4415.0,4435.0,18928,0.0,0.0
2024-01-16 09:00:00+09:00,4495.0,4550.0,4465.0,4500.0,41708,0.0,0.0
2024-01-16 10:00:00+09:00,4500.0,4525.0,4465.0,4470.0,16613,0.0,0.0
2024-01-16 11:00:00+09:00,4475.0,4540.0,4470.0,4535.0,7454,0.0,0.0
2024-01-16 12:00:00+09:00,4535.0,4545.0,4510.0,4510.0,8656,0.0,0.0
2024-01-16 13:00:00+09:00,4510.0,4675.0,4495.0,4640.0,50294,0.0,0.0
2024-01-16 14:00:00+09:00,4665.0,4700.0,4585.0,4595.0,77701,0.0,0.0
2024-01-17 09:00:00+09:00,4700.0,4700.0,4520.0,4590.0,70684,0.0,0.0
2024-01-17 10:00:00+09:00,4585.0,4585.0,4500.0,4515.0,38459,0.0,0.0
2024-01-17 11:00:00+09:00,4515.0,4535.0,4480.0,4500.0,28210,0.0,0.0
2024-01-17 12:00:00+09:00,4490.0,4540.0,4480.0,4495.0,28655,0.0,0.0
2024-01-17 13:00:00+09:00,4495.0,4500.0,4455.0,4495.0,29779,0.0,0.0
2024-01-17 14:00:00+09:00,4500.0,4500.0,4475.0,4480.0,13894,0.0,0.0
2024-01-18 09:00:00+09:00,4525.0,4660.0,4475.0,4620.0,45630,0.0,0.0
2024-01-18 10:00:00+09:00,4620.0,4660.0,4600.0,4620.0,14049,0.0,0.0
2024-01-18 11:00:00+09:00,4625.0,4700.0,4610.0,4660.0,28874,0.0,0.0
2024-01-18 12:00:00+09:00,4655.0,4705.0,4640.0,4690.0,14026,0.0,0.0
2024-01-18 13:00:00+09:00,4695.0,4695.0,4580.0,4640.0,31439,0.0,0.0
2024-01-18 14:00:00+09:00,4640.0,4675.0,4635.0,4675.0,16667,0.0,0.0
2024-01-19 09:00:00+09:00,4720.0,4840.0,4670.0,4790.0,87080,0.0,0.0
2024-01-19 10:00:00+09:00,4790.0,4795.0,4660.0,4670.0,28122,0.0,0.0
2024-01-19 11:00:00+09:00,4670.0,4720.0,4620.0,4685.0,30980,0.0,0.0
2024-01-19 12:00:00+09:00,4685.0,4730.0,4650.0,4700.0,76564,0.0,0.0
2024-01-19 13:00:00+09:00,4695.0,4850.0,4690.0,4830.0,52599,0.0,0.0
2024-01-19 14:00:00+09:00,4830.0,4830.0,4740.0,4780.0,21539,0.0,0.0
2024-01-22 09:00:00+09:00,4940.0,4940.0,4770.0,4870.0,0,0.0,0.0
2024-01-22 10:00:00+09:00,4870.0,4880.0,4800.0,4865.0,23731,0.0,0.0
2024-01-22 11:00:00+09:00,4860.0,4930.0,4820.0,4890.0,26140,0.0,0.0
2024-01-22 12:00:00+09:00,4915.0,4970.0,4890.0,4910.0,25805,0.0,0.0
2024-01-22 13:00:00+09:00,4910.0,4955.0,4890.0,4920.0,16794,0.0,0.0
2024-01-22 14:00:00+09:00,4915.0,4940.0,4880.0,4905.0,13493,0.0,0.0
2024-01-23 09:00:00+09:00,4895.0,4970.0,4890.0,4950.0,30287,0.0,0.0
2024-01-23 10:00:00+09:00,4950.0,4950.0,4800.0,4805.0,33267,0.0,0.0
2024-01-23 11:00:00+09:00,4805.0,4870.0,4800.0,4850.0,9793,0.0,0.0
2024-01-23 12:00:00+09:00,4870.0,4870.0,4845.0,4850.0,4575,0.0,0.0
2024-01-23 13:00:00+09:00,4850.0,4870.0,4790.0,4830.0,50294,0.0,0.0
2024-01-23 14:00:00+09:00,4830.0,4835.0,4790.0,4810.0,13401,0.0,0.0
2024-01-24 09:00:00+09:00,4870.0,4870.0,4710.0,4750.0,33654,0.0,0.0
2024-01-24 10:00:00+09:00,4755.0,4795.0,4710.0,4790.0,22871,0.0,0.0
2024-01-24 11:00:00+09:00,4785.0,4790.0,4765.0,4770.0,1130,0.0,0.0
2024-01-24 12:00:00+09:00,4770.0,4770.0,4675.0,4695.0,82404,0.0,0.0
2024-01-24 13:00:00+09:00,4690.0,4730.0,4665.0,4730.0,17331,0.0,0.0
2024-01-24 14:00:00+09:00,4725.0,4735.0,4690.0,4690.0,10708,0.0,0.0
2024-01-25 09:00:00+09:00,4645.0,4720.0,4530.0,4680.0,69230,0.0,0.0
2024-01-25 10:00:00+09:00,4680.0,4705.0,4650.0,4680.0,10541,0.0,0.0
2024-01-25 11:00:00+09:00,4675.0,4705.0,4645.0,4705.0,12792,0.0,0.0
2024-01-25 12:00:00+09:00,4700.0,4700.0,4630.0,4635.0,4585,0.0,0.0
2024-01-25 13:00:00+09:00,4640.0,4640.0,4605.0,4610.0,6904,0.0,0.0
2024-01-25 14:00:00+09:00,4610.0,4670.0,4580.0,4630.0,20570,0.0,0.0
2024-01-26 09:00:00+09:00,4580.0,4625.0,4440.0,4475.0,24263,0.0,0.0
2024-01-26 10:00:00+09:00,4465.0,4550.0,4440.0,4505.0,32456,0.0,0.0
2024-01-26 11:00:00+09:00,4510.0,4520.0,4490.0,4510.0,7541,0.0,0.0
2024-01-26 12:00:00+09:00,4515.0,4515.0,4450.0,4505.0,15668,0.0,0.0
2024-01-26 13:00:00+09:00,4500.0,4600.0,4500.0,4560.0,19272,0.0,0.0
2024-01-26 14:00:00+09:00,4555.0,4635.0,4555.0,4620.0,13293,0.0,0.0
2024-01-29 09:00:00+09:00,4580.0,4765.0,4470.0,4470.0,0,0.0,0.0
2024-01-29 10:00:00+09:00,4470.0,4545.0,4435.0,4520.0,29469,0.0,0.0
2024-01-29 11:00:00+09:00,4525.0,4550.0,4475.0,4510.0,7135,0.0,0.0
2024-01-29 12:00:00+09:00,4520.0,4520.0,4465.0,4490.0,2795,0.0,0.0
2024-01-29 13:00:00+09:00,4490.0,4490.0,4420.0,4420.0,26436,0.0,0.0
2024-01-29 14:00:00+09:00,4420.0,4425.0,4360.0,4415.0,37999,0.0,0.0
2024-01-30 09:00:00+09:00,4555.0,4555.0,4420.0,4425.0,18341,0.0,0.0
2024-01-30 10:00:00+09:00,4430.0,4450.0,4415.0,4420.0,4402,0.0,0.0
2024-01-30 11:00:00+09:00,4440.0,4445.0,4360.0,4365.0,31216,0.0,0.0
2024-01-30 12:00:00+09:00,4360.0,4410.0,4360.0,4395.0,8800,0.0,0.0
2024-01-30 13:00:00+09:00,4385.0,4540.0,4360.0,4470.0,44229,0.0,0.0
2024-01-30 14:00:00+09:00,4470.0,4600.0,4445.0,4560.0,35071,0.0,0.0
2024-01-31 09:00:00+09:00,4575.0,4575.0,4425.0,4435.0,14340,0.0,0.0
2024-01-31 10:00:00+09:00,4440.0,4440.0,4380.0,4395.0,12767,0.0,0.0
2024-01-31 11:00:00+09:00,4390.0,4395.0,4380.0,4385.0,3883,0.0,0.0
2024-01-31 12:00:00+09:00,4385.0,4500.0,4385.0,4405.0,9922,0.0,0.0
2024-01-31 13:00:00+09:00,4400.0,4425.0,4395.0,4400.0,4055,0.0,0.0
2024-01-31 14:00:00+09:00,4400.0,4485.0,4395.0,4420.0,10404,0.0,0.0
2024-02-01 09:00:00+09:00,4390.0,4460.0,4375.0,4400.0,61534,0.0,0.0
2024-02-01 10:00:00+09:00,4415.0,4420.0,4095.0,4285.0,128405,0.0,0.0
2024-02-01 11:00:00+09:00,4295.0,4295.0,4205.0,4260.0,27296,0.0,0.0
2024-02-01 12:00:00+09:00,4255.0,4335.0,4255.0,4320.0,23375,0.0,0.0
2024-02-01 13:00:00+09:00,4320.0,4390.0,4300.0,4375.0,14437,0.0,0.0
2024-02-01 14:00:00+09:00,4370.0,4415.0,4330.0,4355.0,24372,0.0,0.0
2024-02-02 09:00:00+09:00,4420.0,4450.0,4345.0,4405.0,35374,0.0,0.0
2024-02-02 10:00:00+09:00,4405.0,4455.0,4355.0,4385.0,32178,0.0,0.0
2024-02-02 11:00:00+09:00,4400.0,4440.0,4355.0,4355.0,7982,0.0,0.0
2024-02-02 12:00:00+09:00,4355.0,4370.0,4350.0,4355.0,3953,0.0,0.0
2024-02-02 13:00:00+09:00,4360.0,4395.0,4295.0,4325.0,78213,0.0,0.0
2024-02-02 14:00:00+09:00,4320.0,4380.0,4300.0,4325.0,50823,0.0,0.0
2024-02-05 09:00:00+09:00,4335.0,4420.0,4280.0,4380.0,0,0.0,0.0
2024-02-05 10:00:00+09:00,4350.0,4365.0,4325.0,4330.0,24968,0.0,0.0
2024-02-05 11:00:00+09:00,4355.0,4355.0,4310.0,4315.0,14052,0.0,0.0
2024-02-05 12:00:00+09:00,4330.0,4335.0,4315.0,4330.0,13891,0.0,0.0
2024-02-05 13:00:00+09:00,4315.0,4335.0,4310.0,4315.0,2962,0.0,0.0
2024-02-05 14:00:00+09:00,4320.0,4325.0,4300.0,4305.0,13674,0.0,0.0
2024-02-06 09:00:00+09:00,4390.0,4390.0,4215.0,4240.0,20361,0.0,0.0
2024-02-06 10:00:00+09:00,4240.0,4290.0,4200.0,4200.0,11074,0.0,0.0
2024-02-06 11:00:00+09:00,4220.0,4265.0,4210.0,4240.0,14064,0.0,0.0
2024-02-06 12:00:00+09:00,4240.0,4280.0,4230.0,4280.0,9247,0.0,0.0
2024-02-06 13:00:00+09:00,4250.0,4275.0,4250.0,4275.0,546,0.0,0.0
2024-02-06 14:00:00+09:00,4260.0,4340.0,4240.0,4295.0,18528,0.0,0.0
2024-02-07 09:00:00+09:00,4295.0,4350.0,4225.0,4230.0,21800,0.0,0.0
2024-02-07 10:00:00+09:00,4230.0,4290.0,4230.0,4290.0,2018,0.0,0.0
2024-02-07 11:00:00+09:00,4285.0,4340.0,4275.0,4295.0,2956,0.0,0.0
2024-02-07 12:00:00+09:00,4305.0,4310.0,4265.0,4290.0,1438,0.0,0.0
2024-02-07 13:00:00+09:00,4290.0,4290.0,4205.0,4230.0,49387,0.0,0.0
2024-02-07 14:00:00+09:00,4255.0,4275.0,4220.0,4245.0,9501,0.0,0.0
2024-02-08 09:00:00+09:00,4295.0,4480.0,4255.0,4460.0,88747,0.0,0.0
2024-02-08 10:00:00+09:00,4465.0,4660.0,4460.0,4660.0,95863,0.0,0.0
2024-02-08 11:00:00+09:00,4650.0,4655.0,4535.0,4630.0,88636,0.0,0.0
2024-02-08 12:00:00+09:00,4630.0,4675.0,4605.0,4605.0,37971,0.0,0.0
2024-02-08 13:00:00+09:00,4635.0,4635.0,4565.0,4580.0,15167,0.0,0.0
2024-02-08 14:00:00+09:00,4580.0,4610.0,4535.0,4555.0,35324,0.0,0.0
2024-02-13 09:00:00+09:00,4615.0,4660.0,4555.0,4595.0,0,0.0,0.0
2024-02-13 10:00:00+09:00,4615.0,4795.0,4585.0,4775.0,72928,0.0,0.0
2024-02-13 11:00:00+09:00,4780.0,4880.0,4745.0,4830.0,61699,0.0,0.0
2024-02-13 12:00:00+09:00,4830.0,4905.0,4815.0,4880.0,53369,0.0,0.0
2024-02-13 13:00:00+09:00,4880.0,4895.0,4855.0,4890.0,35133,0.0,0.0
2024-02-13 14:00:00+09:00,4890.0,4910.0,4870.0,4890.0,42935,0.0,0.0
2024-02-14 09:00:00+09:00,4895.0,5310.0,4830.0,5220.0,260290,0.0,0.0
2024-02-14 10:00:00+09:00,5220.0,5380.0,5120.0,5380.0,115014,0.0,0.0
2024-02-14 11:00:00+09:00,5380.0,5650.0,5240.0,5560.0,500035,0.0,0.0
2024-02-14 12:00:00+09:00,5540.0,6000.0,5480.0,5800.0,551908,0.0,0.0
2024-02-14 13:00:00+09:00,5830.0,5840.0,5520.0,5570.0,194837,0.0,0.0
2024-02-14 14:00:00+09:00,5580.0,5680.0,5450.0,5540.0,127093,0.0,0.0
2024-02-15 09:00:00+09:00,5710.0,5770.0,5430.0,5500.0,173328,0.0,0.0
2024-02-15 10:00:00+09:00,5510.0,5560.0,5440.0,5450.0,35086,0.0,0.0
2024-02-15 11:00:00+09:00,5470.0,5490.0,5400.0,5420.0,32741,0.0,0.0
2024-02-15 12:00:00+09:00,5430.0,5510.0,5360.0,5430.0,45225,0.0,0.0
2024-02-15 13:00:00+09:00,5430.0,5490.0,5340.0,5350.0,42734,0.0,0.0
2024-02-15 14:00:00+09:00,5350.0,5490.0,5350.0,5470.0,45571,0.0,0.0
2024-02-16 09:00:00+09:00,5470.0,5500.0,5340.0,5420.0,51605,0.0,0.0
2024-02-16 10:00:00+09:00,5420.0,5470.0,5380.0,5410.0,23826,0.0,0.0
2024-02-16 11:00:00+09:00,5420.0,5480.0,5410.0,5450.0,10947,0.0,0.0
2024-02-16 12:00:00+09:00,5450.0,5590.0,5420.0,5540.0,43547,0.0,0.0
2024-02-16 13:00:00+09:00,5540.0,5580.0,5530.0,5550.0,24164,0.0,0.0
2024-02-16 14:00:00+09:00,5540.0,5730.0,5500.0,5730.0,145805,0.0,0.0
2024-02-19 09:00:00+09:00,5800.0,5920.0,5580.0,5630.0,0,0.0,0.0
2024-02-19 10:00:00+09:00,5640.0,5640.0,5540.0,5560.0,42826,0.0,0.0
2024-02-19 11:00:00+09:00,5550.0,5600.0,5540.0,5560.0,17902,0.0,0.0
2024-02-19 12:00:00+09:00,5560.0,5580.0,5520.0,5540.0,17282,0.0,0.0
2024-02-19 13:00:00+09:00,5540.0,5630.0,5530.0,5550.0,25464,0.0,0.0
2024-02-19 14:00:00+09:00,5550.0,5570.0,5520.0,5520.0,10996,0.0,0.0
2024-02-20 09:00:00+09:00,5530.0,5590.0,5260.0,5300.0,124658,0.0,0.0
2024-02-20 10:00:00+09:00,5320.0,5590.0,5320.0,5350.0,33190,0.0,0.0
2024-02-20 11:00:00+09:00,5360.0,5440.0,5310.0,5340.0,8326,0.0,0.0
2024-02-20 12:00:00+09:00,5340.0,5370.0,5330.0,5360.0,8552,0.0,0.0
2024-02-20 13:00:00+09:00,5350.0,5380.0,5320.0,5340.0,11002,0.0,0.0
2024-02-20 14:00:00+09:00,5330.0,5350.0,5290.0,5310.0,27014,0.0,0.0
2024-02-21 09:00:00+09:00,5270.0,5340.0,5210.0,5290.0,36376,0.0,0.0
2024-02-21 10:00:00+09:00,5290.0,5300.0,5200.0,5260.0,20918,0.0,0.0
2024-02-21 11:00:00+09:00,5260.0,5310.0,5230.0,5280.0,8275,0.0,0.0
2024-02-21 12:00:00+09:00,5280.0,5300.0,5240.0,5300.0,5223,0.0,0.0
2024-02-21 13:00:00+09:00,5300.0,5360.0,5280.0,5340.0,14845,0.0,0.0
2024-02-21 14:00:00+09:00,5330.0,5350.0,5260.0,5280.0,12348,0.0,0.0
2024-02-22 09:00:00+09:00,5270.0,5330.0,5180.0,5180.0,0,0.0,0.0
2024-02-22 10:00:00+09:00,5190.0,5280.0,5170.0,5260.0,60233,0.0,0.0
2024-02-22 11:00:00+09:00,5260.0,5270.0,5220.0,5220.0,9004,0.0,0.0
2024-02-22 12:00:00+09:00,5230.0,5290.0,5230.0,5280.0,11417,0.0,0.0
2024-02-22 13:00:00+09:00,5280.0,5290.0,5250.0,5260.0,8321,0.0,0.0
2024-02-22 14:00:00+09:00,5270.0,5340.0,5230.0,5300.0,21313,0.0,0.0
2024-02-23 09:00:00+09:00,5330.0,5340.0,5090.0,5160.0,47233,0.0,0.0
2024-02-23 10:00:00+09:00,5190.0,5250.0,5170.0,5200.0,13837,0.0,0.0
2024-02-23 11:00:00+09:00,5200.0,5350.0,5180.0,5350.0,25606,0.0,0.0
2024-02-23 12:00:00+09:00,5350.0,5500.0,5330.0,5410.0,62080,0.0,0.0
2024-02-23 13:00:00+09:00,5390.0,5450.0,5360.0,5440.0,21002,0.0,0.0
2024-02-23 14:00:00+09:00,5440.0,5480.0,5410.0,5420.0,25160,0.0,0.0
2024-02-26 09:00:00+09:00,5440.0,5640.0,5360.0,5500.0,0,0.0,0.0
2024-02-26 10:00:00+09:00,5490.0,5560.0,5430.0,5540.0,24206,0.0,0.0
2024-02-26 11:00:00+09:00,5550.0,5610.0,5550.0,5600.0,39166,0.0,0.0
2024-02-26 12:00:00+09:00,5600.0,5600.0,5550.0,5570.0,14005,0.0,0.0
2024-02-26 13:00:00+09:00,5560.0,5580.0,5550.0,5560.0,10059,0.0,0.0
2024-02-26 14:00:00+09:00,5550.0,5560.0,5470.0,5480.0,20420,0.0,0.0
2024-02-27 09:00:00+09:00,5510.0,5550.0,5250.0,5300.0,56165,0.0,0.0
2024-02-27 10:00:00+09:00,5300.0,5330.0,5260.0,5270.0,38244,0.0,0.0
2024-02-27 11:00:00+09:00,5300.0,5300.0,5200.0,5260.0,26927,0.0,0.0
2024-02-27 12:00:00+09:00,5220.0,5250.0,5150.0,5210.0,44869,0.0,0.0
2024-02-27 13:00:00+09:00,5220.0,5280.0,5150.0,5210.0,36561,0.0,0.0
2024-02-27 14:00:00+09:00,5180.0,5240.0,5040.0,5130.0,79409,0.0,0.0
2024-02-28 09:00:00+09:00,5180.0,5260.0,5130.0,5170.0,31898,0.0,0.0
2024-02-28 10:00:00+09:00,5170.0,5190.0,5120.0,5180.0,15200,0.0,0.0
2024-02-28 11:00:00+09:00,5180.0,5180.0,5100.0,5120.0,18355,0.0,0.0
2024-02-28 12:00:00+09:00,5110.0,5170.0,5050.0,5170.0,24674,0.0,0.0
2024-02-28 13:00:00+09:00,5160.0,5400.0,5130.0,5340.0,104487,0.0,0.0
2024-02-28 14:00:00+09:00,5330.0,5940.0,5270.0,5820.0,414096,0.0,0.0
2024-02-29 09:00:00+09:00,5710.0,5750.0,5550.0,5740.0,73078,0.0,0.0
2024-02-29 10:00:00+09:00,5750.0,5770.0,5690.0,5740.0,22877,0.0,0.0
2024-02-29 11:00:00+09:00,5750.0,5820.0,5700.0,5740.0,29049,0.0,0.0
2024-02-29 12:00:00+09:00,5740.0,5760.0,5680.0,5720.0,15804,0.0,0.0
2024-02-29 13:00:00+09:00,5710.0,5800.0,5650.0,5730.0,27968,0.0,0.0
2024-02-29 14:00:00+09:00,5720.0,5760.0,5620.0,5640.0,32991,0.0,0.0
2024-03-04 09:00:00+09:00,5800.0,6370.0,5710.0,5890.0,641502,0.0,0.0
2024-03-04 10:00:00+09:00,5860.0,5950.0,5250.0,5660.0,421344,0.0,0.0
2024-03-04 11:00:00+09:00,5660.0,5990.0,5650.0,5800.0,184214,0.0,0.0
2024-03-04 12:00:00+09:00,5800.0,6050.0,5730.0,5930.0,112089,0.0,0.0
2024-03-04 13:00:00+09:00,5940.0,6120.0,5900.0,6090.0,73369,0.0,0.0
2024-03-04 14:00:00+09:00,6090.0,6090.0,5900.0,6000.0,75422,0.0,0.0
2024-03-05 09:00:00+09:00,5970.0,6280.0,5930.0,6130.0,173590,0.0,0.0
2024-03-05 10:00:00+09:00,6150.0,6260.0,6120.0,6200.0,86325,0.0,0.0
2024-03-05 11:00:00+09:00,6200.0,6250.0,6170.0,6220.0,32406,0.0,0.0
2024-03-05 12:00:00+09:00,6220.0,6230.0,6070.0,6130.0,38042,0.0,0.0
2024-03-05 13:00:00+09:00,6130.0,6150.0,6020.0,6100.0,36005,0.0,0.0
2024-03-05 14:00:00+09:00,6100.0,6120.0,6010.0,6050.0,31235,0.0,0.0
2024-03-06 09:00:00+09:00,6220.0,6990.0,6170.0,6870.0,882385,0.0,0.0
2024-03-06 10:00:00+09:00,6830.0,7360.0,6710.0,6870.0,1074203,0.0,0.0
2024-03-06 11:00:00+09:00,6870.0,7250.0,6860.0,7170.0,293297,0.0,0.0
2024-03-06 12:00:00+09:00,7170.0,7250.0,7000.0,7120.0,149588,0.0,0.0
2024-03-06 13:00:00+09:00,7120.0,7160.0,6960.0,7110.0,115401,0.0,0.0
2024-03-06 14:00:00+09:00,7120.0,7140.0,6950.0,7090.0,100821,0.0,0.0
2024-03-07 09:00:00+09:00,7120.0,7230.0,6750.0,6860.0,603475,0.0,0.0
2024-03-07 10:00:00+09:00,6890.0,6900.0,6560.0,6670.0,295921,0.0,0.0
2024-03-07 11:00:00+09:00,6660.0,6660.0,6330.0,6340.0,311630,0.0,0.0
2024-03-07 12:00:00+09:00,6340.0,6390.0,6190.0,6350.0,261182,0.0,0.0
2024-03-07 13:00:00+09:00,6340.0,6390.0,6100.0,6210.0,229322,0.0,0.0
2024-03-07 14:00:00+09:00,6220.0,6240.0,5600.0,5880.0,580687,0.0,0.0
2024-03-08 09:00:00+09:00,6150.0,6470.0,6110.0,6410.0,293569,0.0,0.0
2024-03-08 10:00:00+09:00,6410.0,6460.0,6270.0,6410.0,111478,0.0,0.0
2024-03-08 11:00:00+09:00,6400.0,6460.0,6270.0,6300.0,51635,0.0,0.0
2024-03-08 12:00:00+09:00,6290.0,6360.0,6240.0,6290.0,43043,0.0,0.0
2024-03-08 13:00:00+09:00,6290.0,6310.0,6180.0,6200.0,69720,0.0,0.0
2024-03-08 14:00:00+09:00,6220.0,6280.0,6180.0,6230.0,36107,0.0,0.0
2024-03-11 09:00:00+09:00,6280.0,6660.0,6120.0,6660.0,0,0.0,0.0
2024-03-11 10:00:00+09:00,6660.0,6710.0,6580.0,6630.0,89113,0.0,0.0
2024-03-11 11:00:00+09:00,6620.0,6680.0,6510.0,6550.0,38642,0.0,0.0
2024-03-11 12:00:00+09:00,6550.0,6590.0,6450.0,6470.0,35345,0.0,0.0
2024-03-11 13:00:00+09:00,6470.0,6710.0,6470.0,6580.0,68870,0.0,0.0
2024-03-11 14:00:00+09:00,6580.0,6670.0,6500.0,6560.0,81609,0.0,0.0
2024-03-12 09:00:00+09:00,6660.0,6660.0,6250.0,6500.0,72677,0.0,0.0
2024-03-12 10:00:00+09:00,6500.0,6620.0,6480.0,6600.0,53729,0.0,0.0
2024-03-12 11:00:00+09:00,6610.0,6680.0,6570.0,6610.0,26396,0.0,0.0
2024-03-12 12:00:00+09:00,6610.0,6620.0,6560.0,6570.0,9721,0.0,0.0
2024-03-12 13:00:00+09:00,6600.0,6660.0,6530.0,6660.0,29759,0.0,0.0
2024-03-12 14:00:00+09:00,6650.0,6710.0,6570.0,6680.0,36186,0.0,0.0
2024-03-13 09:00:00+09:00,6720.0,6820.0,6640.0,6770.0,50816,0.0,0.0
2024-03-13 10:00:00+09:00,6770.0,6820.0,6540.0,6560.0,76836,0.0,0.0
2024-03-13 11:00:00+09:00,6580.0,6680.0,6510.0,6620.0,28303,0.0,0.0
2024-03-13 12:00:00+09:00,6600.0,6650.0,6550.0,6640.0,15996,0.0,0.0
2024-03-13 13:00:00+09:00,6640.0,6700.0,6570.0,6700.0,33386,0.0,0.0
2024-03-13 14:00:00+09:00,6690.0,6800.0,6650.0,6720.0,63917,0.0,0.0
2024-03-14 09:00:00+09:00,6630.0,6780.0,6500.0,6520.0,75202,0.0,0.0
2024-03-14 10:00:00+09:00,6510.0,6540.0,6310.0,6320.0,77996,0.0,0.0
2024-03-14 11:00:00+09:00,6320.0,6450.0,6180.0,6250.0,104362,0.0,0.0
2024-03-14 12:00:00+09:00,6230.0,6540.0,6220.0,6480.0,54156,0.0,0.0
2024-03-14 13:00:00+09:00,6480.0,6600.0,6470.0,6580.0,47559,0.0,0.0
2024-03-14 14:00:00+09:00,6580.0,6660.0,6570.0,6620.0,47506,0.0,0.0
2024-03-15 09:00:00+09:00,6700.0,6900.0,6630.0,6700.0,104136,0.0,0.0
2024-03-15 10:00:00+09:00,6720.0,6750.0,6610.0,6660.0,20241,0.0,0.0
2024-03-15 11:00:00+09:00,6650.0,6650.0,6430.0,6470.0,30360,0.0,0.0
2024-03-15 12:00:00+09:00,6480.0,6590.0,6450.0,6550.0,21065,0.0,0.0
2024-03-15 13:00:00+09:00,6550.0,6600.0,6510.0,6540.0,23525,0.0,0.0
2024-03-15 14:00:00+09:00,6530.0,6550.0,6440.0,6470.0,38300,0.0,0.0
2024-03-18 09:00:00+09:00,6600.0,6830.0,6550.0,6590.0,0,0.0,0.0
2024-03-18 10:00:00+09:00,6590.0,6590.0,6470.0,6520.0,20832,0.0,0.0
2024-03-18 11:00:00+09:00,6530.0,6750.0,6450.0,6500.0,43336,0.0,0.0
2024-03-18 12:00:00+09:00,6510.0,6620.0,6500.0,6560.0,8898,0.0,0.0
2024-03-18 13:00:00+09:00,6570.0,6600.0,6530.0,6560.0,18263,0.0,0.0
2024-03-18 14:00:00+09:00,6550.0,6750.0,6540.0,6730.0,59613,0.0,0.0
2024-03-19 09:00:00+09:00,6720.0,6840.0,6480.0,6510.0,79036,0.0,0.0
2024-03-19 10:00:00+09:00,6510.0,6560.0,6450.0,6470.0,48941,0.0,0.0
2024-03-19 11:00:00+09:00,6480.0,6660.0,6380.0,6650.0,62294,0.0,0.0
2024-03-19 12:00:00+09:00,6660.0,6700.0,6610.0,6640.0,21425,0.0,0.0
2024-03-19 13:00:00+09:00,6640.0,6800.0,6600.0,6730.0,61113,0.0,0.0
2024-03-19 14:00:00+09:00,6730.0,6760.0,6650.0,6690.0,34841,0.0,0.0
2024-03-20 09:00:00+09:00,6660.0,6760.0,6540.0,6550.0,47138,0.0,0.0
2024-03-20 10:00:00+09:00,6540.0,6670.0,6530.0,6560.0,24557,0.0,0.0
2024-03-20 11:00:00+09:00,6560.0,6580.0,6530.0,6560.0,16509,0.0,0.0
2024-03-20 12:00:00+09:00,6560.0,6610.0,6540.0,6560.0,11542,0.0,0.0
2024-03-20 13:00:00+09:00,6560.0,6580.0,6540.0,6540.0,26352,0.0,0.0
2024-03-20 14:00:00+09:00,6550.0,6600.0,6510.0,6580.0,23885,0.0,0.0
2024-03-21 09:00:00+09:00,6620.0,6840.0,6600.0,6780.0,96643,0.0,0.0
2024-03-21 10:00:00+09:00,6780.0,6820.0,6710.0,6780.0,36360,0.0,0.0
2024-03-21 11:00:00+09:00,6780.0,6900.0,6740.0,6880.0,49696,0.0,0.0
2024-03-21 12:00:00+09:00,6860.0,6920.0,6750.0,6790.0,48264,0.0,0.0
2024-03-21 13:00:00+09:00,6790.0,6820.0,6720.0,6770.0,24021,0.0,0.0
2024-03-21 14:00:00+09:00,6770.0,6780.0,6650.0,6670.0,30294,0.0,0.0
2024-03-22 09:00:00+09:00,6630.0,6640.0,6470.0,6480.0,56331,0.0,0.0
2024-03-22 10:00:00+09:00,6490.0,6520.0,6470.0,6490.0,22038,0.0,0.0
2024-03-22 11:00:00+09:00,6480.0,6510.0,6430.0,6440.0,34355,0.0,0.0
2024-03-22 12:00:00+09:00,6440.0,6470.0,6400.0,6410.0,26496,0.0,0.0
2024-03-22 13:00:00+09:00,6400.0,6650.0,6380.0,6490.0,59998,0.0,0.0
2024-03-22 14:00:00+09:00,6500.0,6590.0,6390.0,6430.0,29554,0.0,0.0
2024-03-25 09:00:00+09:00,6520.0,6810.0,6460.0,6630.0,0,0.0,0.0
2024-03-25 10:00:00+09:00,6640.0,6820.0,6630.0,6710.0,92311,0.0,0.0
2024-03-25 11:00:00+09:00,6710.0,6730.0,6620.0,6640.0,68541,0.0,0.0
2024-03-25 12:00:00+09:00,6640.0,6650.0,6560.0,6580.0,52379,0.0,0.0
2024-03-25 13:00:00+09:00,6580.0,6590.0,6530.0,6540.0,31253,0.0,0.0
2024-03-25 14:00:00+09:00,6540.0,6550.0,6510.0,6520.0,15850,0.0,0.0
2024-03-26 09:00:00+09:00,6560.0,6670.0,6510.0,6620.0,104362,0.0,0.0
2024-03-26 10:00:00+09:00,6620.0,6730.0,6580.0,6650.0,26889,0.0,0.0
2024-03-26 11:00:00+09:00,6650.0,6670.0,6590.0,6600.0,19794,0.0,0.0
2024-03-26 12:00:00+09:00,6610.0,6650.0,6580.0,6580.0,17312,0.0,0.0
2024-03-26 13:00:00+09:00,6590.0,6600.0,6560.0,6580.0,17699,0.0,0.0
2024-03-26 14:00:00+09:00,6580.0,6700.0,6560.0,6670.0,48224,0.0,0.0
2024-03-27 09:00:00+09:00,6790.0,6800.0,6590.0,6780.0,65087,0.0,0.0
2024-03-27 10:00:00+09:00,6780.0,6780.0,6660.0,6690.0,31203,0.0,0.0
2024-03-27 11:00:00+09:00,6700.0,6720.0,6520.0,6700.0,59162,0.0,0.0
2024-03-27 12:00:00+09:00,6700.0,6700.0,6640.0,6690.0,8810,0.0,0.0
2024-03-27 13:00:00+09:00,6690.0,6760.0,6670.0,6750.0,36263,0.0,0.0
2024-03-27 14:00:00+09:00,6740.0,6860.0,6740.0,6850.0,65994,0.0,0.0
2024-03-28 09:00:00+09:00,6860.0,6860.0,6620.0,6680.0,111200,0.0,0.0
2024-03-28 10:00:00+09:00,6690.0,6720.0,6650.0,6690.0,26281,0.0,0.0
2024-03-28 11:00:00+09:00,6690.0,6720.0,6680.0,6710.0,24879,0.0,0.0
2024-03-28 12:00:00+09:00,6710.0,6730.0,6670.0,6670.0,44217,0.0,0.0
2024-03-28 13:00:00+09:00,6670.0,6700.0,6620.0,6630.0,70257,0.0,0.0
2024-03-28 14:00:00+09:00,6630.0,6740.0,6570.0,6660.0,67223,0.0,0.0
2024-03-29 09:00:00+09:00,6810.0,6850.0,6710.0,6780.0,43551,0.0,0.0
2024-03-29 10:00:00+09:00,6780.0,6790.0,6720.0,6720.0,38184,0.0,0.0
2024-03-29 11:00:00+09:00,6730.0,6760.0,6680.0,6690.0,24668,0.0,0.0
2024-03-29 12:00:00+09:00,6690.0,6700.0,6680.0,6690.0,10833,0.0,0.0
2024-03-29 13:00:00+09:00,6690.0,6710.0,6690.0,6690.0,11574,0.0,0.0
2024-03-29 14:00:00+09:00,6690.0,6790.0,6680.0,6700.0,36322,0.0,0.0
2024-04-01 09:00:00+09:00,6730.0,7050.0,6730.0,6870.0,9267,0.0,0.0
2024-04-01 10:00:00+09:00,6870.0,6900.0,6840.0,6840.0,31835,0.0,0.0
2024-04-01 11:00:00+09:00,6840.0,6890.0,6770.0,6810.0,25371,0.0,0.0
2024-04-01 12:00:00+09:00,6800.0,6830.0,6760.0,6760.0,17298,0.0,0.0
2024-04-01 13:00:00+09:00,6770.0,6770.0,6650.0,6700.0,65172,0.0,0.0
2024-04-01 14:00:00+09:00,6700.0,6700.0,6590.0,6600.0,63536,0.0,0.0
2024-04-02 09:00:00+09:00,6660.0,6660.0,6420.0,6570.0,65977,0.0,0.0
2024-04-02 10:00:00+09:00,6570.0,6570.0,6410.0,6460.0,75239,0.0,0.0
2024-04-02 11:00:00+09:00,6460.0,6570.0,6450.0,6570.0,18619,0.0,0.0
2024-04-02 12:00:00+09:00,6570.0,6570.0,6500.0,6540.0,8282,0.0,0.0
2024-04-02 13:00:00+09:00,6530.0,6540.0,6490.0,6500.0,15925,0.0,0.0
2024-04-02 14:00:00+09:00,6490.0,6500.0,6380.0,6490.0,58227,0.0,0.0
2024-04-03 09:00:00+09:00,6360.0,6430.0,6200.0,6290.0,107965,0.0,0.0
2024-04-03 10:00:00+09:00,6270.0,6360.0,6230.0,6290.0,49832,0.0,0.0
2024-04-03 11:00:00+09:00,6260.0,6270.0,6200.0,6240.0,29404,0.0,0.0
2024-04-03 12:00:00+09:00,6240.0,6300.0,6220.0,6270.0,18350,0.0,0.0
2024-04-03 13:00:00+09:00,6280.0,6350.0,6240.0,6240.0,18822,0.0,0.0
2024-04-03 14:00:00+09:00,6250.0,6390.0,6210.0,6310.0,42162,0.0,0.0
2024-04-04 09:00:00+09:00,6210.0,6390.0,6210.0,6300.0,79886,0.0,0.0
2024-04-04 10:00:00+09:00,6300.0,6320.0,6110.0,6180.0,56305,0.0,0.0
2024-04-04 11:00:00+09:00,6150.0,6240.0,6150.0,6200.0,10378,0.0,0.0
2024-04-04 12:00:00+09:00,6200.0,6220.0,6100.0,6120.0,25009,0.0,0.0
2024-04-04 13:00:00+09:00,6120.0,6150.0,6060.0,6130.0,57615,0.0,0.0
2024-04-04 14:00:00+09:00,6130.0,6310.0,6100.0,6300.0,72516,0.0,0.0
2024-04-05 09:00:00+09:00,6340.0,6350.0,6180.0,6210.0,48172,0.0,0.0
2024-04-05 10:00:00+09:00,6200.0,6210.0,5910.0,5960.0,84116,0.0,0.0
2024-04-05 11:00:00+09:00,5960.0,6080.0,5960.0,6010.0,25278,0.0,0.0
2024-04-05 12:00:00+09:00,6010.0,6030.0,5940.0,5960.0,47861,0.0,0.0
2024-04-05 13:00:00+09:00,5950.0,6010.0,5870.0,5920.0,25261,0.0,0.0
2024-04-05 14:00:00+09:00,5920.0,6040.0,5920.0,5970.0,54259,0.0,0.0
2024-04-08 09:00:00+09:00,5990.0,6090.0,5760.0,5950.0,0,0.0,0.0
2024-04-08 10:00:00+09:00,5960.0,5970.0,5820.0,5850.0,23245,0.0,0.0
2024-04-08 11:00:00+09:00,5870.0,5900.0,5780.0,5800.0,27815,0.0,0.0
2024-04-08 12:00:00+09:00,5820.0,5850.0,5790.0,5820.0,7285,0.0,0.0
2024-04-08 13:00:00+09:00,5830.0,5910.0,5790.0,5850.0,33466,0.0,0.0
2024-04-08 14:00:00+09:00,5860.0,5860.0,5770.0,5800.0,23594,0.0,0.0
2024-04-09 09:00:00+09:00,5750.0,5900.0,5640.0,5720.0,85526,0.0,0.0
2024-04-09 10:00:00+09:00,5710.0,5740.0,5650.0,5740.0,20514,0.0,0.0
2024-04-09 11:00:00+09:00,5690.0,5990.0,5620.0,5660.0,69854,0.0,0.0
2024-04-09 12:00:00+09:00,5630.0,5660.0,5550.0,5660.0,41025,0.0,0.0
2024-04-09 13:00:00+09:00,5640.0,5710.0,5570.0,5610.0,21119,0.0,0.0
2024-04-09 14:00:00+09:00,5610.0,5650.0,5550.0,5610.0,54430,0.0,0.0
2024-04-11 09:00:00+09:00,5220.0,5560.0,5220.0,5450.0,0,0.0,0.0
2024-04-11 10:00:00+09:00,5450.0,5530.0,5410.0,5440.0,52074,0.0,0.0
2024-04-11 11:00:00+09:00,5440.0,5450.0,5330.0,5360.0,46699,0.0,0.0
2024-04-11 12:00:00+09:00,5360.0,5420.0,5290.0,5380.0,55971,0.0,0.0
2024-04-11 13:00:00+09:00,5420.0,5460.0,5310.0,5320.0,49387,0.0,0.0
2024-04-11 14:00:00+09:00,5320.0,5390.0,5290.0,5390.0,46954,0.0,0.0
2024-04-12 09:00:00+09:00,5380.0,5440.0,5290.0,5440.0,36795,0.0,0.0
2024-04-12 10:00:00+09:00,5440.0,5520.0,5390.0,5520.0,23150,0.0,0.0
2024-04-12 11:00:00+09:00,5520.0,5520.0,5390.0,5410.0,16879,0.0,0.0
2024-04-12 12:00:00+09:00,5440.0,5500.0,5400.0,5440.0,15313,0.0,0.0
2024-04-12 13:00:00+09:00,5440.0,5490.0,5410.0,5440.0,10788,0.0,0.0
2024-04-12 14:00:00+09:00,5430.0,5470.0,5380.0,5380.0,32509,0.0,0.0
2024-04-15 09:00:00+09:00,5390.0,5390.0,5020.0,5220.0,0,0.0,0.0
2024-04-15 10:00:00+09:00,5240.0,5280.0,5170.0,5240.0,24261,0.0,0.0
2024-04-15 11:00:00+09:00,5240.0,5290.0,5200.0,5220.0,23672,0.0,0.0
2024-04-15 12:00:00+09:00,5220.0,5380.0,5210.0,5340.0,12309,0.0,0.0
2024-04-15 13:00:00+09:00,5340.0,5370.0,5300.0,5370.0,5853,0.0,0.0
2024-04-15 14:00:00+09:00,5360.0,5390.0,5300.0,5360.0,25926,0.0,0.0
2024-04-16 09:00:00+09:00,5200.0,5350.0,5100.0,5140.0,33707,0.0,0.0
2024-04-16 10:00:00+09:00,5120.0,5150.0,5020.0,5050.0,39146,0.0,0.0
2024-04-16 11:00:00+09:00,5060.0,5150.0,5040.0,5140.0,25799,0.0,0.0
2024-04-16 12:00:00+09:00,5150.0,5200.0,5100.0,5130.0,8634,0.0,0.0
2024-04-16 13:00:00+09:00,5160.0,5180.0,5090.0,5180.0,23352,0.0,0.0
2024-04-16 14:00:00+09:00,5150.0,5190.0,5120.0,5190.0,11570,0.0,0.0
2024-04-17 09:00:00+09:00,5300.0,5400.0,5160.0,5230.0,92752,0.0,0.0
2024-04-17 10:00:00+09:00,5230.0,5250.0,5100.0,5140.0,25325,0.0,0.0
2024-04-17 11:00:00+09:00,5180.0,5200.0,5140.0,5150.0,9796,0.0,0.0
2024-04-17 12:00:00+09:00,5160.0,5230.0,4995.0,5000.0,52172,0.0,0.0
2024-04-17 13:00:00+09:00,5040.0,5340.0,5040.0,5340.0,55028,0.0,0.0
2024-04-17 14:00:00+09:00,5340.0,5350.0,5230.0,5260.0,18668,0.0,0.0
2024-04-18 09:00:00+09:00,5350.0,5350.0,5150.0,5250.0,17967,0.0,0.0
2024-04-18 10:00:00+09:00,5260.0,5270.0,5200.0,5260.0,16629,0.0,0.0
2024-04-18 11:00:00+09:00,5270.0,5300.0,5240.0,5280.0,11001,0.0,0.0
2024-04-18 12:00:00+09:00,5250.0,5300.0,5250.0,5260.0,4160,0.0,0.0
2024-04-18 13:00:00+09:00,5280.0,5310.0,5240.0,5270.0,14760,0.0,0.0
2024-04-18 14:00:00+09:00,5280.0,5300.0,5200.0,5210.0,27363,0.0,0.0
2024-04-19 09:00:00+09:00,5250.0,5300.0,5140.0,5150.0,0,0.0,0.0
2024-04-19 10:00:00+09:00,5160.0,5170.0,4940.0,4940.0,142559,0.0,0.0
2024-04-19 11:00:00+09:00,4940.0,4980.0,4890.0,4965.0,38836,0.0,0.0
2024-04-19 12:00:00+09:00,4965.0,5110.0,4955.0,5080.0,20464,0.0,0.0
2024-04-19 13:00:00+09:00,5080.0,5080.0,5040.0,5060.0,7144,0.0,0.0
2024-04-19 14:00:00+09:00,5060.0,5130.0,5060.0,5090.0,13906,0.0,0.0
2024-04-22 09:00:00+09:00,5030.0,5320.0,5030.0,5200.0,0,0.0,0.0
2024-04-22 10:00:00+09:00,5190.0,5190.0,5110.0,5120.0,13142,0.0,0.0
2024-04-22 11:00:00+09:00,5130.0,5150.0,5040.0,5070.0,7276,0.0,0.0
2024-04-22 12:00:00+09:00,5070.0,5120.0,5070.0,5100.0,2611,0.0,0.0
2024-04-22 13:00:00+09:00,5100.0,5140.0,5030.0,5090.0,10781,0.0,0.0
2024-04-22 14:00:00+09:00,5090.0,5100.0,5020.0,5100.0,17104,0.0,0.0
2024-04-23 09:00:00+09:00,5170.0,5190.0,5120.0,5150.0,14187,0.0,0.0
2024-04-23 10:00:00+09:00,5150.0,5160.0,5020.0,5020.0,18329,0.0,0.0
2024-04-23 11:00:00+09:00,5020.0,5170.0,5020.0,5170.0,12214,0.0,0.0
2024-04-23 12:00:00+09:00,5170.0,5250.0,5170.0,5240.0,12100,0.0,0.0
2024-04-23 13:00:00+09:00,5240.0,5270.0,5190.0,5230.0,23970,0.0,0.0
2024-04-23 14:00:00+09:00,5230.0,5230.0,5160.0,5170.0,20044,0.0,0.0
2024-04-24 09:00:00+09:00,5200.0,5930.0,5190.0,5620.0,2843612,0.0,0.0
2024-04-24 10:00:00+09:00,5620.0,5690.0,5120.0,5210.0,1011960,0.0,0.0
2024-04-24 11:00:00+09:00,5200.0,5240.0,5160.0,5200.0,113443,0.0,0.0
2024-04-24 12:00:00+09:00,5190.0,5210.0,5160.0,5200.0,59312,0.0,0.0
2024-04-24 13:00:00+09:00,5190.0,5260.0,5190.0,5240.0,55260,0.0,0.0
2024-04-24 14:00:00+09:00,5230.0,5290.0,5210.0,5250.0,69672,0.0,0.0
2024-04-25 09:00:00+09:00,5220.0,5350.0,5090.0,5180.0,136300,0.0,0.0
2024-04-25 10:00:00+09:00,5170.0,5180.0,5120.0,5150.0,30164,0.0,0.0
2024-04-25 11:00:00+09:00,5160.0,5160.0,5090.0,5140.0,30888,0.0,0.0
2024-04-25 12:00:00+09:00,5130.0,5160.0,5120.0,5140.0,11853,0.0,0.0
2024-04-25 13:00:00+09:00,5140.0,5160.0,5100.0,5130.0,24386,0.0,0.0
2024-04-25 14:00:00+09:00,5130.0,5160.0,5120.0,5150.0,14409,0.0,0.0
2024-04-26 09:00:00+09:00,5160.0,5260.0,5120.0,5160.0,61323,0.0,0.0
2024-04-26 10:00:00+09:00,5160.0,5160.0,5090.0,5110.0,28709,0.0,0.0
2024-04-26 11:00:00+09:00,5110.0,5210.0,5110.0,5190.0,13096,0.0,0.0
2024-04-26 12:00:00+09:00,5190.0,5240.0,5180.0,5190.0,10953,0.0,0.0
2024-04-26 13:00:00+09:00,5190.0,5200.0,5130.0,5180.0,19345,0.0,0.0
2024-04-26 14:00:00+09:00,5180.0,5240.0,5160.0,5190.0,12536,0.0,0.0
2024-04-29 09:00:00+09:00,5220.0,5440.0,5220.0,5350.0,0,0.0,0.0
2024-04-29 10:00:00+09:00,5360.0,5480.0,5350.0,5450.0,81471,0.0,0.0
2024-04-29 11:00:00+09:00,5450.0,5700.0,5430.0,5570.0,199621,0.0,0.0
2024-04-29 12:00:00+09:00,5580.0,5620.0,5550.0,5570.0,36165,0.0,0.0
2024-04-29 13:00:00+09:00,5560.0,5630.0,5540.0,5570.0,63712,0.0,0.0
2024-04-29 14:00:00+09:00,5590.0,5590.0,5510.0,5550.0,33587,0.0,0.0
2024-04-30 09:00:00+09:00,5550.0,5570.0,5410.0,5500.0,61067,0.0,0.0
2024-04-30 10:00:00+09:00,5500.0,5610.0,5480.0,5600.0,55542,0.0,0.0
2024-04-30 11:00:00+09:00,5600.0,5820.0,5550.0,5720.0,107468,0.0,0.0
2024-04-30 12:00:00+09:00,5710.0,6000.0,5650.0,5980.0,137071,0.0,0.0
2024-04-30 13:00:00+09:00,5970.0,6020.0,5830.0,5860.0,64576,0.0,0.0
2024-04-30 14:00:00+09:00,5860.0,5870.0,5730.0,5790.0,58869,0.0,0.0
2024-05-02 09:00:00+09:00,5930.0,6400.0,5930.0,6110.0,161063,0.0,0.0
2024-05-02 10:00:00+09:00,6100.0,6220.0,6050.0,6080.0,74604,0.0,0.0
2024-05-02 11:00:00+09:00,6060.0,6190.0,6050.0,6100.0,41367,0.0,0.0
2024-05-02 12:00:00+09:00,6090.0,6210.0,6090.0,6180.0,38122,0.0,0.0
2024-05-02 13:00:00+09:00,6180.0,6180.0,6110.0,6120.0,24215,0.0,0.0
2024-05-02 14:00:00+09:00,6130.0,6170.0,6080.0,6120.0,26989,0.0,0.0
2024-05-03 09:00:00+09:00,6470.0,6490.0,6130.0,6210.0,248024,0.0,0.0
2024-05-03 10:00:00+09:00,6210.0,6400.0,6190.0,6340.0,86058,0.0,0.0
2024-05-03 11:00:00+09:00,6330.0,6390.0,6240.0,6350.0,62000,0.0,0.0
2024-05-03 12:00:00+09:00,6360.0,6380.0,6210.0,6220.0,94846,0.0,0.0
2024-05-03 13:00:00+09:00,6220.0,6220.0,6110.0,6170.0,52414,0.0,0.0
2024-05-03 14:00:00+09:00,6180.0,6250.0,6130.0,6240.0,21112,0.0,0.0
2024-05-07 09:00:00+09:00,6430.0,6480.0,6170.0,6410.0,0,0.0,0.0
2024-05-07 10:00:00+09:00,6420.0,6430.0,6280.0,6390.0,92747,0.0,0.0
2024-05-07 11:00:00+09:00,6360.0,6380.0,6270.0,6300.0,42864,0.0,0.0
2024-05-07 12:00:00+09:00,6300.0,6380.0,6280.0,6330.0,27492,0.0,0.0
2024-05-07 13:00:00+09:00,6330.0,6630.0,6310.0,6560.0,297808,0.0,0.0
2024-05-07 14:00:00+09:00,6560.0,6660.0,6510.0,6550.0,121195,0.0,0.0
2024-05-08 09:00:00+09:00,6470.0,6490.0,6140.0,6180.0,260787,0.0,0.0
2024-05-08 10:00:00+09:00,6180.0,6300.0,6100.0,6240.0,79871,0.0,0.0
2024-05-08 11:00:00+09:00,6240.0,6250.0,6170.0,6190.0,40190,0.0,0.0
2024-05-08 12:00:00+09:00,6200.0,6230.0,6120.0,6200.0,39409,0.0,0.0
2024-05-08 13:00:00+09:00,6180.0,6320.0,6180.0,6300.0,44761,0.0,0.0
2024-05-08 14:00:00+09:00,6310.0,6410.0,6310.0,6350.0,44196,0.0,0.0
2024-05-09 09:00:00+09:00,6240.0,6510.0,6230.0,6280.0,121621,0.0,0.0
2024-05-09 10:00:00+09:00,6270.0,6300.0,6200.0,6270.0,21036,0.0,0.0
2024-05-09 11:00:00+09:00,6280.0,6310.0,6250.0,6250.0,10277,0.0,0.0
2024-05-09 12:00:00+09:00,6250.0,6320.0,6230.0,6230.0,16896,0.0,0.0
2024-05-09 13:00:00+09:00,6250.0,6280.0,6200.0,6230.0,13220,0.0,0.0
2024-05-09 14:00:00+09:00,6220.0,6270.0,6170.0,6260.0,22900,0.0,0.0
2024-05-10 09:00:00+09:00,6340.0,6340.0,6150.0,6150.0,52907,0.0,0.0
2024-05-10 10:00:00+09:00,6150.0,6210.0,6080.0,6120.0,53657,0.0,0.0
2024-05-10 11:00:00+09:00,6120.0,6210.0,6110.0,6210.0,6823,0.0,0.0
2024-05-10 12:00:00+09:00,6190.0,6270.0,6190.0,6250.0,18990,0.0,0.0
2024-05-10 13:00:00+09:00,6250.0,6250.0,6130.0,6210.0,20826,0.0,0.0
2024-05-10 14:00:00+09:00,6200.0,6200.0,6090.0,6140.0,30967,0.0,0.0
2024-05-13 09:00:00+09:00,6130.0,6320.0,6060.0,6240.0,0,0.0,0.0
2024-05-13 10:00:00+09:00,6280.0,6350.0,6250.0,6280.0,62308,0.0,0.0
2024-05-13 11:00:00+09:00,6290.0,6370.0,6270.0,6320.0,51300,0.0,0.0
2024-05-13 12:00:00+09:00,6320.0,6460.0,6280.0,6460.0,58401,0.0,0.0
2024-05-13 13:00:00+09:00,6460.0,6560.0,6390.0,6430.0,151574,0.0,0.0
2024-05-13 14:00:00+09:00,6420.0,6450.0,6330.0,6370.0,34523,0.0,0.0
2024-05-14 09:00:00+09:00,6370.0,6590.0,6320.0,6540.0,122924,0.0,0.0
2024-05-14 10:00:00+09:00,6530.0,6560.0,6380.0,6400.0,62967,0.0,0.0
2024-05-14 11:00:00+09:00,6410.0,6450.0,6300.0,6410.0,0,0.0,0.0
2024-05-14 12:00:00+09:00,6400.0,6460.0,6360.0,6410.0,276638,0.0,0.0
2024-05-14 13:00:00+09:00,6380.0,6510.0,6360.0,6490.0,31634,0.0,0.0
2024-05-14 14:00:00+09:00,6490.0,6520.0,6400.0,6450.0,49385,0.0,0.0
2024-05-16 09:00:00+09:00,6260.0,6480.0,6210.0,6320.0,0,0.0,0.0
2024-05-16 10:00:00+09:00,6320.0,6360.0,6260.0,6330.0,112100,0.0,0.0
2024-05-16 11:00:00+09:00,6320.0,6360.0,6300.0,6330.0,27858,0.0,0.0
2024-05-16 12:00:00+09:00,6330.0,6370.0,6320.0,6370.0,23921,0.0,0.0
2024-05-16 13:00:00+09:00,6370.0,6460.0,6370.0,6380.0,50361,0.0,0.0
2024-05-16 14:00:00+09:00,6380.0,6410.0,6320.0,6350.0,46449,0.0,0.0
2024-05-17 09:00:00+09:00,6200.0,6250.0,6090.0,6170.0,71740,0.0,0.0
2024-05-17 10:00:00+09:00,6180.0,6210.0,6110.0,6140.0,16038,0.0,0.0
2024-05-17 11:00:00+09:00,6140.0,6210.0,6130.0,6170.0,14277,0.0,0.0
2024-05-17 12:00:00+09:00,6170.0,6230.0,6160.0,6180.0,7962,0.0,0.0
2024-05-17 13:00:00+09:00,6180.0,6200.0,6150.0,6150.0,13287,0.0,0.0
2024-05-17 14:00:00+09:00,6150.0,6300.0,6130.0,6300.0,31487,0.0,0.0
2024-05-20 09:00:00+09:00,6300.0,6300.0,6190.0,6210.0,0,0.0,0.0
2024-05-20 10:00:00+09:00,6250.0,6320.0,6220.0,6280.0,17246,0.0,0.0
2024-05-20 11:00:00+09:00,6290.0,6310.0,6240.0,6250.0,10377,0.0,0.0
2024-05-20 12:00:00+09:00,6250.0,6290.0,6200.0,6220.0,8696,0.0,0.0
2024-05-20 13:00:00+09:00,6230.0,6280.0,6110.0,6200.0,30429,0.0,0.0
2024-05-20 14:00:00+09:00,6180.0,6190.0,5980.0,6080.0,72816,0.0,0.0
2024-05-21 09:00:00+09:00,6070.0,6320.0,6050.0,6310.0,55459,0.0,0.0
2024-05-21 10:00:00+09:00,6270.0,6310.0,6190.0,6190.0,33335,0.0,0.0
2024-05-21 11:00:00+09:00,6190.0,6230.0,6190.0,6190.0,6095,0.0,0.0
2024-05-21 12:00:00+09:00,6200.0,6300.0,6190.0,6250.0,11874,0.0,0.0
2024-05-21 13:00:00+09:00,6230.0,6250.0,6140.0,6180.0,17199,0.0,0.0
2024-05-21 14:00:00+09:00,6160.0,6220.0,6130.0,6160.0,22752,0.0,0.0
2024-05-22 09:00:00+09:00,6140.0,6220.0,6080.0,6090.0,27355,0.0,0.0
2024-05-22 10:00:00+09:00,6090.0,6090.0,5990.0,6040.0,35855,0.0,0.0
2024-05-22 11:00:00+09:00,6040.0,6160.0,6040.0,6130.0,10973,0.0,0.0
2024-05-22 12:00:00+09:00,6140.0,6180.0,6090.0,6130.0,8894,0.0,0.0
2024-05-22 13:00:00+09:00,6110.0,6110.0,5950.0,6020.0,47298,0.0,0.0
2024-05-22 14:00:00+09:00,6020.0,6070.0,5940.0,6000.0,20423,0.0,0.0
2024-05-23 09:00:00+09:00,6110.0,6110.0,5970.0,6060.0,35007,0.0,0.0
2024-05-23 10:00:00+09:00,6070.0,6100.0,5950.0,6000.0,26713,0.0,0.0
2024-05-23 11:00:00+09:00,5980.0,6010.0,5940.0,5980.0,21317,0.0,0.0
2024-05-23 12:00:00+09:00,5980.0,6000.0,5910.0,5950.0,14169,0.0,0.0
2024-05-23 13:00:00+09:00,5940.0,5970.0,5900.0,5930.0,22105,0.0,0.0
2024-05-23 14:00:00+09:00,5930.0,6020.0,5850.0,5960.0,39764,0.0,0.0
2024-05-24 09:00:00+09:00,5910.0,6030.0,5790.0,5840.0,56193,0.0,0.0
2024-05-24 10:00:00+09:00,5840.0,5910.0,5780.0,5790.0,44110,0.0,0.0
2024-05-24 11:00:00+09:00,5780.0,5810.0,5710.0,5810.0,28787,0.0,0.0
2024-05-24 12:00:00+09:00,5790.0,5860.0,5760.0,5770.0,17515,0.0,0.0
2024-05-24 13:00:00+09:00,5780.0,5850.0,5770.0,5840.0,25330,0.0,0.0
2024-05-24 14:00:00+09:00,5820.0,5820.0,5770.0,5790.0,11755,0.0,0.0
2024-05-27 09:00:00+09:00,5860.0,5930.0,5720.0,5800.0,0,0.0,0.0
2024-05-27 10:00:00+09:00,5800.0,5820.0,5720.0,5780.0,27234,0.0,0.0
2024-05-27 11:00:00+09:00,5780.0,5790.0,5730.0,5790.0,28584,0.0,0.0
2024-05-27 12:00:00+09:00,5780.0,5800.0,5740.0,5790.0,6277,0.0,0.0
2024-05-27 13:00:00+09:00,5770.0,5770.0,5720.0,5750.0,11528,0.0,0.0
2024-05-27 14:00:00+09:00,5750.0,5900.0,5680.0,5810.0,28212,0.0,0.0
2024-05-28 09:00:00+09:00,5850.0,5960.0,5700.0,5880.0,98544,0.0,0.0
2024-05-28 10:00:00+09:00,5870.0,6090.0,5870.0,6010.0,30751,0.0,0.0
2024-05-28 11:00:00+09:00,6010.0,6210.0,6000.0,6140.0,51441,0.0,0.0
2024-05-28 12:00:00+09:00,6140.0,6230.0,6140.0,6220.0,41419,0.0,0.0
2024-05-28 13:00:00+09:00,6220.0,6240.0,6170.0,6230.0,29073,0.0,0.0
2024-05-28 14:00:00+09:00,6230.0,6350.0,6210.0,6300.0,57530,0.0,0.0
2024-05-29 09:00:00+09:00,6310.0,6380.0,6200.0,6220.0,47430,0.0,0.0
2024-05-29 10:00:00+09:00,6240.0,6350.0,6240.0,6260.0,26133,0.0,0.0
2024-05-29 11:00:00+09:00,6280.0,6330.0,6200.0,6210.0,13758,0.0,0.0
2024-05-29 12:00:00+09:00,6190.0,6210.0,6140.0,6190.0,9669,0.0,0.0
2024-05-29 13:00:00+09:00,6180.0,6260.0,6170.0,6260.0,10120,0.0,0.0
2024-05-29 14:00:00+09:00,6250.0,6250.0,6040.0,6100.0,66403,0.0,0.0
2024-05-30 09:00:00+09:00,6000.0,6230.0,5920.0,6100.0,58398,0.0,0.0
2024-05-30 10:00:00+09:00,6110.0,6400.0,6090.0,6360.0,151242,0.0,0.0
2024-05-30 11:00:00+09:00,6380.0,6380.0,6270.0,6320.0,18318,0.0,0.0
2024-05-30 12:00:00+09:00,6320.0,6400.0,6280.0,6390.0,36171,0.0,0.0
2024-05-30 13:00:00+09:00,6390.0,6450.0,6300.0,6300.0,90548,0.0,0.0
2024-05-30 14:00:00+09:00,6300.0,6350.0,6270.0,6300.0,28917,0.0,0.0
2024-05-31 09:00:00+09:00,6410.0,6410.0,6200.0,6210.0,78245,0.0,0.0
2024-05-31 10:00:00+09:00,6220.0,6320.0,6210.0,6270.0,20157,0.0,0.0
2024-05-31 11:00:00+09:00,6280.0,6310.0,6250.0,6270.0,11333,0.0,0.0
2024-05-31 12:00:00+09:00,6270.0,6310.0,6250.0,6310.0,10224,0.0,0.0
2024-05-31 13:00:00+09:00,6310.0,6450.0,6310.0,6360.0,50403,0.0,0.0
2024-05-31 14:00:00+09:00,6350.0,6400.0,6290.0,6350.0,27141,0.0,0.0
2024-06-03 09:00:00+09:00,6400.0,6810.0,6170.0,6170.0,559562,0.0,0.0
2024-06-03 10:00:00+09:00,6190.0,6270.0,6020.0,6160.0,130066,0.0,0.0
2024-06-03 11:00:00+09:00,6190.0,6270.0,6170.0,6240.0,48646,0.0,0.0
2024-06-03 12:00:00+09:00,6220.0,6250.0,6150.0,6200.0,25363,0.0,0.0
2024-06-03 13:00:00+09:00,6220.0,6240.0,6160.0,6190.0,19222,0.0,0.0
2024-06-03 14:00:00+09:00,6170.0,6190.0,6080.0,6100.0,54121,0.0,0.0
2024-06-04 09:00:00+09:00,6150.0,6390.0,6040.0,6360.0,133462,0.0,0.0
2024-06-04 10:00:00+09:00,6360.0,6400.0,6290.0,6360.0,70159,0.0,0.0
2024-06-04 11:00:00+09:00,6360.0,6470.0,6350.0,6460.0,86592,0.0,0.0
2024-06-04 12:00:00+09:00,6450.0,6550.0,6400.0,6470.0,87674,0.0,0.0
2024-06-04 13:00:00+09:00,6490.0,6540.0,6400.0,6420.0,65764,0.0,0.0
2024-06-04 14:00:00+09:00,6420.0,6500.0,6370.0,6440.0,57067,0.0,0.0
2024-06-05 09:00:00+09:00,6450.0,6460.0,6140.0,6180.0,125144,0.0,0.0
2024-06-05 10:00:00+09:00,6160.0,6300.0,6150.0,6220.0,18908,0.0,0.0
2024-06-05 11:00:00+09:00,6220.0,6240.0,6160.0,6160.0,23814,0.0,0.0
2024-06-05 12:00:00+09:00,6170.0,6240.0,6150.0,6180.0,17042,0.0,0.0
2024-06-05 13:00:00+09:00,6190.0,6270.0,6150.0,6230.0,13492,0.0,0.0
2024-06-05 14:00:00+09:00,6240.0,6300.0,6200.0,6260.0,13092,0.0,0.0
2024-06-07 09:00:00+09:00,6190.0,6300.0,6140.0,6190.0,0,0.0,0.0
2024-06-07 10:00:00+09:00,6200.0,6200.0,6090.0,6090.0,65435,0.0,0.0
2024-06-07 11:00:00+09:00,6090.0,6140.0,6080.0,6140.0,14197,0.0,0.0
2024-06-07 12:00:00+09:00,6140.0,6180.0,6100.0,6170.0,10530,0.0,0.0
2024-06-07 13:00:00+09:00,6180.0,6180.0,6120.0,6130.0,6347,0.0,0.0
2024-06-07 14:00:00+09:00,6110.0,6220.0,6110.0,6190.0,20127,0.0,0.0
2024-06-10 09:00:00+09:00,6170.0,6190.0,6100.0,6120.0,0,0.0,0.0
2024-06-10 10:00:00+09:00,6120.0,6180.0,6110.0,6110.0,18919,0.0,0.0
2024-06-10 11:00:00+09:00,6170.0,6180.0,6110.0,6120.0,14502,0.0,0.0
2024-06-10 12:00:00+09:00,6150.0,6210.0,6110.0,6160.0,12495,0.0,0.0
2024-06-10 13:00:00+09:00,6190.0,6270.0,6150.0,6270.0,24556,0.0,0.0
2024-06-10 14:00:00+09:00,6270.0,6350.0,6230.0,6310.0,34040,0.0,0.0
2024-06-11 09:00:00+09:00,6110.0,6250.0,5860.0,5990.0,214176,0.0,0.0
2024-06-11 10:00:00+09:00,6000.0,6070.0,5950.0,6040.0,24275,0.0,0.0
2024-06-11 11:00:00+09:00,6050.0,6050.0,5920.0,5960.0,51349,0.0,0.0
2024-06-11 12:00:00+09:00,5940.0,5980.0,5840.0,5840.0,71274,0.0,0.0
2024-06-11 13:00:00+09:00,5840.0,5890.0,5810.0,5830.0,57801,0.0,0.0
2024-06-11 14:00:00+09:00,5850.0,6070.0,5800.0,6020.0,57803,0.0,0.0
2024-06-12 09:00:00+09:00,6200.0,7070.0,6150.0,6470.0,1564075,0.0,0.0
2024-06-12 10:00:00+09:00,6450.0,6730.0,6450.0,6550.0,192760,0.0,0.0
2024-06-12 11:00:00+09:00,6550.0,6930.0,6240.0,6260.0,785878,0.0,0.0
2024-06-12 12:00:00+09:00,6250.0,6320.0,6070.0,6280.0,215207,0.0,0.0
2024-06-12 13:00:00+09:00,6280.0,6430.0,6200.0,6390.0,112614,0.0,0.0
2024-06-12 14:00:00+09:00,6400.0,6420.0,6270.0,6270.0,72967,0.0,0.0
2024-06-13 09:00:00+09:00,6290.0,6610.0,6250.0,6420.0,276163,0.0,0.0
2024-06-13 10:00:00+09:00,6440.0,6450.0,6250.0,6320.0,84070,0.0,0.0
2024-06-13 11:00:00+09:00,6300.0,6370.0,6290.0,6360.0,33145,0.0,0.0
2024-06-13 12:00:00+09:00,6350.0,6350.0,6220.0,6230.0,46824,0.0,0.0
2024-06-13 13:00:00+09:00,6240.0,6250.0,6150.0,6160.0,47791,0.0,0.0
2024-06-13 14:00:00+09:00,6150.0,6220.0,6130.0,6190.0,36364,0.0,0.0
2024-06-14 09:00:00+09:00,6150.0,6230.0,5930.0,5950.0,135641,0.0,0.0
2024-06-14 10:00:00+09:00,5960.0,6020.0,5850.0,5940.0,89809,0.0,0.0
2024-06-14 11:00:00+09:00,5950.0,5980.0,5900.0,5940.0,23216,0.0,0.0
2024-06-14 12:00:00+09:00,5940.0,5990.0,5910.0,5940.0,16186,0.0,0.0
2024-06-14 13:00:00+09:00,5950.0,6030.0,5920.0,6030.0,24802,0.0,0.0
2024-06-14 14:00:00+09:00,6010.0,6020.0,5960.0,6010.0,15913,0.0,0.0
2024-06-17 09:00:00+09:00,6000.0,6130.0,5950.0,6020.0,0,0.0,0.0
2024-06-17 10:00:00+09:00,6040.0,6090.0,5990.0,6040.0,6213,0.0,0.0
2024-06-17 11:00:00+09:00,6050.0,6090.0,6010.0,6060.0,12442,0.0,0.0
2024-06-17 12:00:00+09:00,6060.0,6090.0,6000.0,6010.0,20428,0.0,0.0
2024-06-17 13:00:00+09:00,6050.0,6060.0,6000.0,6020.0,7055,0.0,0.0
2024-06-17 14:00:00+09:00,6010.0,6050.0,5930.0,6030.0,26117,0.0,0.0
2024-06-18 09:00:00+09:00,5950.0,6200.0,5950.0,5970.0,60594,0.0,0.0
2024-06-18 10:00:00+09:00,6000.0,6000.0,5860.0,5890.0,67238,0.0,0.0
2024-06-18 11:00:00+09:00,5900.0,5930.0,5850.0,5850.0,31876,0.0,0.0
2024-06-18 12:00:00+09:00,5850.0,5950.0,5850.0,5920.0,29916,0.0,0.0
2024-06-18 13:00:00+09:00,5910.0,5910.0,5880.0,5900.0,11788,0.0,0.0
2024-06-18 14:00:00+09:00,5900.0,5930.0,5890.0,5920.0,6841,0.0,0.0
2024-06-19 09:00:00+09:00,5970.0,6070.0,5930.0,6000.0,41791,0.0,0.0
2024-06-19 10:00:00+09:00,6010.0,6030.0,5960.0,5960.0,7841,0.0,0.0
2024-06-19 11:00:00+09:00,5970.0,5970.0,5880.0,5900.0,36621,0.0,0.0
2024-06-19 12:00:00+09:00,5930.0,5930.0,5820.0,5830.0,33359,0.0,0.0
2024-06-19 13:00:00+09:00,5870.0,5920.0,5820.0,5880.0,20285,0.0,0.0
2024-06-19 14:00:00+09:00,5880.0,5960.0,5880.0,5930.0,8097,0.0,0.0
2024-06-20 09:00:00+09:00,5910.0,5980.0,5900.0,5950.0,23440,0.0,0.0
2024-06-20 10:00:00+09:00,5940.0,5960.0,5920.0,5940.0,12938,0.0,0.0
2024-06-20 11:00:00+09:00,5940.0,5970.0,5940.0,5960.0,5734,0.0,0.0
2024-06-20 12:00:00+09:00,5970.0,5970.0,5910.0,5950.0,7379,0.0,0.0
2024-06-20 13:00:00+09:00,5950.0,5950.0,5910.0,5920.0,5002,0.0,0.0
2024-06-20 14:00:00+09:00,5950.0,5950.0,5900.0,5930.0,5579,0.0,0.0
2024-06-21 09:00:00+09:00,5840.0,5880.0,5630.0,5820.0,49568,0.0,0.0
2024-06-21 10:00:00+09:00,5860.0,5870.0,5820.0,5820.0,5307,0.0,0.0
2024-06-21 11:00:00+09:00,5820.0,5850.0,5810.0,5850.0,2847,0.0,0.0
2024-06-21 12:00:00+09:00,5850.0,5850.0,5810.0,5820.0,4973,0.0,0.0
2024-06-21 13:00:00+09:00,5860.0,5860.0,5800.0,5810.0,7770,0.0,0.0
2024-06-21 14:00:00+09:00,5830.0,5880.0,5790.0,5880.0,11255,0.0,0.0
2024-06-24 09:00:00+09:00,5800.0,5940.0,5800.0,5860.0,0,0.0,0.0
2024-06-24 10:00:00+09:00,5870.0,5920.0,5870.0,5900.0,7289,0.0,0.0
2024-06-24 11:00:00+09:00,5890.0,5910.0,5830.0,5860.0,7512,0.0,0.0
2024-06-24 12:00:00+09:00,5890.0,5900.0,5780.0,5790.0,17576,0.0,0.0
2024-06-24 13:00:00+09:00,5800.0,5820.0,5750.0,5810.0,14833,0.0,0.0
2024-06-24 14:00:00+09:00,5770.0,5800.0,5760.0,5760.0,7205,0.0,0.0
2024-06-25 09:00:00+09:00,5760.0,5950.0,5730.0,5900.0,31006,0.0,0.0
2024-06-25 10:00:00+09:00,5840.0,6000.0,5820.0,6000.0,32181,0.0,0.0
2024-06-25 11:00:00+09:00,5990.0,6010.0,5890.0,5940.0,28249,0.0,0.0
2024-06-25 12:00:00+09:00,5940.0,5980.0,5900.0,5970.0,16168,0.0,0.0
2024-06-25 13:00:00+09:00,5980.0,5980.0,5920.0,5920.0,16196,0.0,0.0
2024-06-25 14:00:00+09:00,5950.0,6000.0,5920.0,5980.0,12212,0.0,0.0
2024-06-26 09:00:00+09:00,5960.0,6040.0,5960.0,5990.0,11070,0.0,0.0
2024-06-26 10:00:00+09:00,5990.0,6010.0,5970.0,6000.0,2941,0.0,0.0
2024-06-26 11:00:00+09:00,6000.0,6060.0,5980.0,6050.0,11283,0.0,0.0
2024-06-26 12:00:00+09:00,6050.0,6080.0,6040.0,6060.0,6347,0.0,0.0
2024-06-26 13:00:00+09:00,6070.0,6080.0,6040.0,6070.0,2507,0.0,0.0
2024-06-26 14:00:00+09:00,6040.0,6070.0,6020.0,6030.0,12127,0.0,0.0
2024-06-27 09:00:00+09:00,6060.0,6070.0,5890.0,5940.0,24427,0.0,0.0
2024-06-27 10:00:00+09:00,5950.0,5990.0,5940.0,5950.0,6185,0.0,0.0
2024-06-27 11:00:00+09:00,5950.0,5960.0,5940.0,5950.0,3953,0.0,0.0
2024-06-27 12:00:00+09:00,5950.0,5950.0,5890.0,5900.0,13645,0.0,0.0
2024-06-27 13:00:00+09:00,5900.0,5920.0,5850.0,5880.0,16384,0.0,0.0
2024-06-27 14:00:00+09:00,5900.0,5930.0,5880.0,5900.0,6241,0.0,0.0
2024-06-28 09:00:00+09:00,5890.0,5960.0,5790.0,5900.0,8848,0.0,0.0
2024-06-28 10:00:00+09:00,5890.0,5900.0,5800.0,5850.0,22511,0.0,0.0
2024-06-28 11:00:00+09:00,5850.0,5870.0,5800.0,5850.0,3543,0.0,0.0
2024-06-28 12:00:00+09:00,5850.0,5890.0,5810.0,5880.0,8125,0.0,0.0
2024-06-28 13:00:00+09:00,5880.0,5880.0,5810.0,5870.0,14353,0.0,0.0
2024-06-28 14:00:00+09:00,5870.0,5900.0,5810.0,5840.0,5926,0.0,0.0
2024-07-01 09:00:00+09:00,5790.0,5940.0,5360.0,5650.0,26027,0.0,0.0
2024-07-01 10:00:00+09:00,5660.0,5740.0,5410.0,5700.0,178159,0.0,0.0
2024-07-01 11:00:00+09:00,5660.0,5740.0,5650.0,5720.0,10895,0.0,0.0
2024-07-01 12:00:00+09:00,5720.0,5760.0,5680.0,5720.0,12204,0.0,0.0
2024-07-01 13:00:00+09:00,5720.0,5720.0,5680.0,5720.0,9751,0.0,0.0
2024-07-01 14:00:00+09:00,5700.0,5750.0,5680.0,5710.0,26619,0.0,0.0
2024-07-02 09:00:00+09:00,5740.0,5750.0,5360.0,5460.0,129895,0.0,0.0
2024-07-02 10:00:00+09:00,5440.0,5490.0,5370.0,5450.0,67214,0.0,0.0
2024-07-02 11:00:00+09:00,5450.0,5450.0,5350.0,5400.0,48218,0.0,0.0
2024-07-02 12:00:00+09:00,5360.0,5410.0,5320.0,5360.0,65360,0.0,0.0
2024-07-02 13:00:00+09:00,5350.0,5360.0,5290.0,5360.0,72812,0.0,0.0
2024-07-02 14:00:00+09:00,5350.0,5390.0,5280.0,5360.0,63917,0.0,0.0
2024-07-03 09:00:00+09:00,5430.0,5470.0,5360.0,5390.0,21832,0.0,0.0
2024-07-03 10:00:00+09:00,5400.0,5430.0,5320.0,5390.0,15555,0.0,0.0
2024-07-03 11:00:00+09:00,5390.0,5440.0,5380.0,5440.0,17100,0.0,0.0
2024-07-03 12:00:00+09:00,5440.0,5540.0,5440.0,5540.0,13860,0.0,0.0
2024-07-03 13:00:00+09:00,5550.0,5580.0,5470.0,5510.0,15408,0.0,0.0
2024-07-03 14:00:00+09:00,5510.0,5550.0,5480.0,5530.0,11065,0.0,0.0
2024-07-04 09:00:00+09:00,5570.0,5600.0,5460.0,5470.0,18256,0.0,0.0
2024-07-04 10:00:00+09:00,5470.0,5540.0,5450.0,5450.0,8054,0.0,0.0
2024-07-04 11:00:00+09:00,5460.0,5480.0,5420.0,5470.0,14035,0.0,0.0
2024-07-04 12:00:00+09:00,5470.0,5480.0,5430.0,5460.0,6121,0.0,0.0
2024-07-04 13:00:00+09:00,5460.0,5470.0,5400.0,5410.0,16523,0.0,0.0
2024-07-04 14:00:00+09:00,5420.0,5470.0,5390.0,5420.0,16800,0.0,0.0
2024-07-05 09:00:00+09:00,5340.0,5490.0,5330.0,5330.0,15673,0.0,0.0
2024-07-05 10:00:00+09:00,5330.0,5350.0,5280.0,5300.0,11966,0.0,0.0
2024-07-05 11:00:00+09:00,5310.0,5350.0,5300.0,5310.0,15361,0.0,0.0
2024-07-05 12:00:00+09:00,5310.0,5330.0,5290.0,5290.0,8045,0.0,0.0
2024-07-05 13:00:00+09:00,5290.0,5330.0,5280.0,5290.0,7880,0.0,0.0
2024-07-05 14:00:00+09:00,5290.0,5300.0,5220.0,5240.0,25355,0.0,0.0
2024-07-08 09:00:00+09:00,5250.0,5400.0,5250.0,5360.0,0,0.0,0.0
2024-07-08 10:00:00+09:00,5390.0,5430.0,5350.0,5400.0,5635,0.0,0.0
2024-07-08 11:00:00+09:00,5400.0,5420.0,5350.0,5420.0,6294,0.0,0.0
2024-07-08 12:00:00+09:00,5420.0,5450.0,5370.0,5450.0,5286,0.0,0.0
2024-07-08 13:00:00+09:00,5450.0,5530.0,5420.0,5490.0,14186,0.0,0.0
2024-07-08 14:00:00+09:00,5490.0,5490.0,5420.0,5470.0,3252,0.0,0.0
2024-07-09 09:00:00+09:00,5500.0,5530.0,5420.0,5500.0,7532,0.0,0.0
2024-07-09 10:00:00+09:00,5480.0,5500.0,5420.0,5430.0,3694,0.0,0.0
2024-07-09 11:00:00+09:00,5430.0,5460.0,5430.0,5450.0,1192,0.0,0.0
2024-07-09 12:00:00+09:00,5450.0,5460.0,5400.0,5410.0,8193,0.0,0.0
2024-07-09 13:00:00+09:00,5430.0,5440.0,5400.0,5440.0,711,0.0,0.0
2024-07-09 14:00:00+09:00,5430.0,5480.0,5430.0,5480.0,4809,0.0,0.0
2024-07-10 09:00:00+09:00,5450.0,5540.0,5390.0,5420.0,7770,0.0,0.0
2024-07-10 10:00:00+09:00,5410.0,5410.0,5380.0,5410.0,3525,0.0,0.0
2024-07-10 11:00:00+09:00,5390.0,5410.0,5370.0,5370.0,2059,0.0,0.0
2024-07-10 12:00:00+09:00,5380.0,5500.0,5360.0,5500.0,11273,0.0,0.0
2024-07-10 13:00:00+09:00,5500.0,5530.0,5460.0,5500.0,10646,0.0,0.0
2024-07-10 14:00:00+09:00,5500.0,5590.0,5470.0,5530.0,14451,0.0,0.0
2024-07-11 09:00:00+09:00,5530.0,5600.0,5520.0,5560.0,6274,0.0,0.0
2024-07-11 10:00:00+09:00,5560.0,5560.0,5380.0,5450.0,33834,0.0,0.0
2024-07-11 11:00:00+09:00,5450.0,5480.0,5430.0,5440.0,5359,0.0,0.0
2024-07-11 12:00:00+09:00,5470.0,5510.0,5470.0,5470.0,1557,0.0,0.0
2024-07-11 13:00:00+09:00,5510.0,5510.0,5390.0,5420.0,22190,0.0,0.0
2024-07-11 14:00:00+09:00,5420.0,5440.0,5380.0,5440.0,23171,0.0,0.0
2024-07-12 09:00:00+09:00,5390.0,5390.0,5290.0,5330.0,8822,0.0,0.0
2024-07-12 10:00:00+09:00,5310.0,5360.0,5310.0,5330.0,3460,0.0,0.0
2024-07-12 11:00:00+09:00,5350.0,5400.0,5320.0,5360.0,2535,0.0,0.0
2024-07-12 12:00:00+09:00,5380.0,5380.0,5310.0,5370.0,5770,0.0,0.0
2024-07-12 13:00:00+09:00,5380.0,5380.0,5310.0,5350.0,2249,0.0,0.0
2024-07-12 14:00:00+09:00,5350.0,5370.0,5330.0,5340.0,4171,0.0,0.0
2024-07-15 09:00:00+09:00,5400.0,5420.0,5340.0,5390.0,0,0.0,0.0
2024-07-15 10:00:00+09:00,5410.0,5500.0,5400.0,5480.0,4087,0.0,0.0
2024-07-15 11:00:00+09:00,5470.0,5560.0,5470.0,5550.0,4398,0.0,0.0
2024-07-15 12:00:00+09:00,5540.0,5550.0,5500.0,5550.0,5445,0.0,0.0
2024-07-15 13:00:00+09:00,5550.0,5550.0,5510.0,5540.0,1034,0.0,0.0
2024-07-15 14:00:00+09:00,5530.0,5530.0,5510.0,5530.0,1511,0.0,0.0
2024-07-16 09:00:00+09:00,5540.0,5600.0,5420.0,5460.0,5851,0.0,0.0
2024-07-16 10:00:00+09:00,5420.0,5460.0,5340.0,5360.0,7510,0.0,0.0
2024-07-16 11:00:00+09:00,5400.0,5430.0,5390.0,5400.0,3894,0.0,0.0
2024-07-16 12:00:00+09:00,5400.0,5440.0,5390.0,5410.0,2710,0.0,0.0
2024-07-16 13:00:00+09:00,5440.0,5520.0,5420.0,5420.0,2597,0.0,0.0
2024-07-16 14:00:00+09:00,5430.0,5480.0,5430.0,5440.0,1439,0.0,0.0
2024-07-17 09:00:00+09:00,5410.0,5470.0,5400.0,5470.0,8010,0.0,0.0
2024-07-17 10:00:00+09:00,5430.0,5500.0,5340.0,5380.0,11919,0.0,0.0
2024-07-17 11:00:00+09:00,5380.0,5470.0,5380.0,5440.0,1609,0.0,0.0
2024-07-17 12:00:00+09:00,5440.0,5440.0,5420.0,5440.0,694,0.0,0.0
2024-07-17 13:00:00+09:00,5420.0,5430.0,5380.0,5380.0,6201,0.0,0.0
2024-07-17 14:00:00+09:00,5370.0,5380.0,5300.0,5360.0,19122,0.0,0.0
2024-07-18 09:00:00+09:00,5210.0,5260.0,5120.0,5200.0,12315,0.0,0.0
2024-07-18 10:00:00+09:00,5200.0,5210.0,5170.0,5180.0,13636,0.0,0.0
2024-07-18 11:00:00+09:00,5190.0,5210.0,5160.0,5180.0,8053,0.0,0.0
2024-07-18 12:00:00+09:00,5180.0,5230.0,5180.0,5220.0,6589,0.0,0.0
2024-07-18 13:00:00+09:00,5230.0,5230.0,5140.0,5190.0,26667,0.0,0.0
2024-07-18 14:00:00+09:00,5190.0,5220.0,5160.0,5220.0,7374,0.0,0.0
2024-07-19 09:00:00+09:00,5160.0,5210.0,5050.0,5190.0,17249,0.0,0.0
2024-07-19 10:00:00+09:00,5180.0,5200.0,5150.0,5190.0,5644,0.0,0.0
2024-07-19 11:00:00+09:00,5190.0,5210.0,5150.0,5210.0,4072,0.0,0.0
2024-07-19 12:00:00+09:00,5210.0,5280.0,5160.0,5250.0,5587,0.0,0.0
2024-07-19 13:00:00+09:00,5220.0,5280.0,5220.0,5280.0,1936,0.0,0.0
2024-07-19 14:00:00+09:00,5280.0,5280.0,5250.0,5250.0,1982,0.0,0.0
2024-07-22 09:00:00+09:00,5320.0,5320.0,4890.0,5050.0,58970,0.0,0.0
2024-07-22 10:00:00+09:00,5050.0,5130.0,5050.0,5070.0,12477,0.0,0.0
2024-07-22 11:00:00+09:00,5070.0,5100.0,5020.0,5060.0,9524,0.0,0.0
2024-07-22 12:00:00+09:00,5060.0,5100.0,5040.0,5050.0,8276,0.0,0.0
2024-07-22 13:00:00+09:00,5050.0,5090.0,5020.0,5060.0,10181,0.0,0.0
2024-07-22 14:00:00+09:00,5060.0,5120.0,5040.0,5110.0,13842,0.0,0.0
2024-07-23 09:00:00+09:00,5090.0,5150.0,4950.0,5020.0,9057,0.0,0.0
2024-07-23 10:00:00+09:00,5020.0,5060.0,4990.0,4990.0,10272,0.0,0.0
2024-07-23 11:00:00+09:00,5030.0,5030.0,4980.0,4980.0,6860,0.0,0.0
2024-07-23 12:00:00+09:00,4990.0,5000.0,4990.0,5000.0,6340,0.0,0.0
2024-07-23 13:00:00+09:00,5010.0,5030.0,4940.0,4950.0,16344,0.0,0.0
2024-07-23 14:00:00+09:00,4980.0,5030.0,4960.0,5020.0,5870,0.0,0.0
2024-07-24 09:00:00+09:00,4920.0,5050.0,4920.0,5040.0,5392,0.0,0.0
2024-07-24 10:00:00+09:00,5040.0,5070.0,5020.0,5020.0,3006,0.0,0.0
2024-07-24 11:00:00+09:00,5060.0,5060.0,5010.0,5020.0,2367,0.0,0.0
2024-07-24 12:00:00+09:00,5020.0,5020.0,5000.0,5010.0,2081,0.0,0.0
2024-07-24 13:00:00+09:00,5010.0,5010.0,4930.0,4980.0,4543,0.0,0.0
2024-07-24 14:00:00+09:00,4980.0,5020.0,4965.0,5010.0,4655,0.0,0.0
2024-07-25 09:00:00+09:00,4955.0,4955.0,4775.0,4800.0,14750,0.0,0.0
2024-07-25 10:00:00+09:00,4780.0,4850.0,4775.0,4790.0,15423,0.0,0.0
2024-07-25 11:00:00+09:00,4790.0,4845.0,4790.0,4800.0,5293,0.0,0.0
2024-07-25 12:00:00+09:00,4825.0,4830.0,4790.0,4830.0,1933,0.0,0.0
2024-07-25 13:00:00+09:00,4830.0,4865.0,4830.0,4840.0,11982,0.0,0.0
2024-07-25 14:00:00+09:00,4865.0,4890.0,4860.0,4860.0,4267,0.0,0.0
2024-07-26 09:00:00+09:00,4805.0,4905.0,4805.0,4850.0,12951,0.0,0.0
2024-07-26 10:00:00+09:00,4850.0,4885.0,4850.0,4885.0,4861,0.0,0.0
2024-07-26 11:00:00+09:00,4890.0,4960.0,4890.0,4950.0,9898,0.0,0.0
2024-07-26 12:00:00+09:00,4940.0,4960.0,4925.0,4950.0,3269,0.0,0.0
2024-07-26 13:00:00+09:00,4960.0,4960.0,4910.0,4910.0,5994,0.0,0.0
2024-07-26 14:00:00+09:00,4935.0,4950.0,4915.0,4950.0,4662,0.0,0.0
2024-07-29 09:00:00+09:00,4900.0,4910.0,4850.0,4905.0,0,0.0,0.0
2024-07-29 10:00:00+09:00,4900.0,4900.0,4845.0,4880.0,6147,0.0,0.0
2024-07-29 11:00:00+09:00,4885.0,4900.0,4860.0,4900.0,2026,0.0,0.0
2024-07-29 12:00:00+09:00,4880.0,4895.0,4840.0,4885.0,1667,0.0,0.0
2024-07-29 13:00:00+09:00,4885.0,4900.0,4875.0,4875.0,2737,0.0,0.0
2024-07-29 14:00:00+09:00,4900.0,4905.0,4870.0,4905.0,1375,0.0,0.0
2024-07-30 09:00:00+09:00,4880.0,4880.0,4560.0,4720.0,19003,0.0,0.0
2024-07-30 10:00:00+09:00,4715.0,4740.0,4700.0,4725.0,5583,0.0,0.0
2024-07-30 11:00:00+09:00,4740.0,4750.0,4700.0,4700.0,6717,0.0,0.0
2024-07-30 12:00:00+09:00,4695.0,4710.0,4665.0,4710.0,6814,0.0,0.0
2024-07-30 13:00:00+09:00,4690.0,4700.0,4665.0,4675.0,653,0.0,0.0
2024-07-30 14:00:00+09:00,4680.0,4710.0,4680.0,4700.0,2637,0.0,0.0
2024-07-31 09:00:00+09:00,4700.0,4700.0,4545.0,4590.0,7564,0.0,0.0
2024-07-31 10:00:00+09:00,4600.0,4655.0,4545.0,4565.0,27683,0.0,0.0
2024-07-31 11:00:00+09:00,4570.0,4620.0,4560.0,4595.0,3239,0.0,0.0
2024-07-31 12:00:00+09:00,4595.0,4680.0,4595.0,4680.0,8043,0.0,0.0
2024-07-31 13:00:00+09:00,4680.0,4725.0,4680.0,4690.0,0,0.0,0.0
2024-07-31 14:00:00+09:00,4675.0,4715.0,4645.0,4715.0,59732,0.0,0.0
2024-08-01 09:00:00+09:00,4735.0,4975.0,4730.0,4810.0,4926,0.0,0.0
2024-08-01 10:00:00+09:00,4800.0,4805.0,4740.0,4755.0,4607,0.0,0.0
2024-08-01 11:00:00+09:00,4775.0,4800.0,4755.0,4800.0,3583,0.0,0.0
2024-08-01 12:00:00+09:00,4805.0,4845.0,4770.0,4800.0,4079,0.0,0.0
2024-08-01 13:00:00+09:00,4800.0,4815.0,4795.0,4800.0,546,0.0,0.0
2024-08-01 14:00:00+09:00,4800.0,4810.0,4775.0,4810.0,2452,0.0,0.0
2024-08-02 09:00:00+09:00,4615.0,4740.0,4500.0,4500.0,26635,0.0,0.0
2024-08-02 10:00:00+09:00,4505.0,4540.0,4490.0,4520.0,10764,0.0,0.0
2024-08-02 11:00:00+09:00,4520.0,4520.0,4400.0,4495.0,20500,0.0,0.0
2024-08-02 12:00:00+09:00,4490.0,4495.0,4425.0,4465.0,8963,0.0,0.0
2024-08-02 13:00:00+09:00,4470.0,4500.0,4450.0,4475.0,2633,0.0,0.0
2024-08-02 14:00:00+09:00,4480.0,4480.0,4435.0,4440.0,5694,0.0,0.0
2024-08-05 09:00:00+09:00,4475.0,4475.0,4125.0,4165.0,0,0.0,0.0
2024-08-05 10:00:00+09:00,4165.0,4190.0,4025.0,4045.0,80322,0.0,0.0
2024-08-05 11:00:00+09:00,4050.0,4055.0,3890.0,3905.0,97612,0.0,0.0
2024-08-05 12:00:00+09:00,3910.0,3960.0,3770.0,3825.0,102801,0.0,0.0
2024-08-05 13:00:00+09:00,3825.0,3825.0,3630.0,3630.0,144056,0.0,0.0
2024-08-05 14:00:00+09:00,3650.0,3655.0,3290.0,3425.0,183837,0.0,0.0
2024-08-06 09:00:00+09:00,3430.0,3725.0,3420.0,3720.0,112961,0.0,0.0
2024-08-06 10:00:00+09:00,3705.0,3750.0,3485.0,3610.0,52548,0.0,0.0
2024-08-06 11:00:00+09:00,3590.0,3595.0,3525.0,3530.0,17444,0.0,0.0
2024-08-06 12:00:00+09:00,3530.0,3630.0,3515.0,3615.0,26646,0.0,0.0
2024-08-06 13:00:00+09:00,3615.0,3645.0,3585.0,3590.0,29059,0.0,0.0
2024-08-06 14:00:00+09:00,3590.0,3605.0,3555.0,3570.0,26007,0.0,0.0
2024-08-07 09:00:00+09:00,3780.0,4150.0,3625.0,4130.0,568022,0.0,0.0
2024-08-07 10:00:00+09:00,4130.0,4130.0,3920.0,3940.0,158239,0.0,0.0
2024-08-07 11:00:00+09:00,3930.0,3980.0,3920.0,3940.0,37465,0.0,0.0
2024-08-07 12:00:00+09:00,3935.0,3950.0,3860.0,3860.0,42733,0.0,0.0
2024-08-07 13:00:00+09:00,3860.0,3955.0,3860.0,3935.0,14437,0.0,0.0
2024-08-07 14:00:00+09:00,3930.0,3995.0,3895.0,3895.0,23963,0.0,0.0
2024-08-08 09:00:00+09:00,3855.0,4420.0,3855.0,4360.0,212937,0.0,0.0
2024-08-08 10:00:00+09:00,4405.0,4550.0,4250.0,4285.0,124460,0.0,0.0
2024-08-08 11:00:00+09:00,4285.0,4480.0,4160.0,4270.0,111414,0.0,0.0
2024-08-08 12:00:00+09:00,4240.0,4380.0,4210.0,4340.0,53035,0.0,0.0
2024-08-08 13:00:00+09:00,4345.0,4350.0,4175.0,4295.0,76614,0.0,0.0
2024-08-08 14:00:00+09:00,4295.0,4450.0,4285.0,4390.0,58161,0.0,0.0
2024-08-09 09:00:00+09:00,4545.0,4775.0,4510.0,4530.0,99321,0.0,0.0
2024-08-09 10:00:00+09:00,4540.0,4585.0,4475.0,4490.0,28048,0.0,0.0
2024-08-09 11:00:00+09:00,4480.0,4490.0,4380.0,4380.0,34646,0.0,0.0
2024-08-09 12:00:00+09:00,4415.0,4495.0,4370.0,4440.0,31260,0.0,0.0
2024-08-09 13:00:00+09:00,4455.0,4455.0,4305.0,4330.0,74804,0.0,0.0
2024-08-09 14:00:00+09:00,4330.0,4365.0,4255.0,4290.0,61396,0.0,0.0
