Datetime,Open,High,Low,Close,Volume,Dividends,Stock Splits
2022-08-11 09:00:00+09:00,43450.0,43900.0,43450.0,43750.0,0,0.0,0.0
2022-08-11 10:00:00+09:00,43700.0,43800.0,43650.0,43750.0,27358,0.0,0.0
2022-08-11 11:00:00+09:00,43750.0,43900.0,43650.0,43850.0,21002,0.0,0.0
2022-08-11 12:00:00+09:00,43850.0,43850.0,43700.0,43750.0,19293,0.0,0.0
2022-08-11 13:00:00+09:00,43800.0,43900.0,43700.0,43700.0,19740,0.0,0.0
2022-08-11 14:00:00+09:00,43750.0,43800.0,43700.0,43700.0,22210,0.0,0.0
2022-08-12 09:00:00+09:00,43750.0,44000.0,43300.0,43350.0,0,0.0,0.0
2022-08-12 10:00:00+09:00,43350.0,43700.0,43350.0,43450.0,24546,0.0,0.0
2022-08-12 11:00:00+09:00,43450.0,43900.0,43450.0,43850.0,27183,0.0,0.0
2022-08-12 12:00:00+09:00,43850.0,43950.0,43800.0,43900.0,21801,0.0,0.0
2022-08-12 13:00:00+09:00,43900.0,44050.0,43850.0,43900.0,35035,0.0,0.0
2022-08-12 14:00:00+09:00,43950.0,43950.0,43800.0,43850.0,22342,0.0,0.0
2022-08-16 09:00:00+09:00,44000.0,44000.0,43500.0,43800.0,0,0.0,0.0
2022-08-16 10:00:00+09:00,43800.0,43850.0,43650.0,43750.0,23551,0.0,0.0
2022-08-16 11:00:00+09:00,43750.0,43800.0,43650.0,43750.0,11995,0.0,0.0
2022-08-16 12:00:00+09:00,43750.0,43900.0,43700.0,43850.0,11960,0.0,0.0
2022-08-16 13:00:00+09:00,43850.0,44150.0,43750.0,43950.0,54860,0.0,0.0
2022-08-16 14:00:00+09:00,43950.0,44150.0,43900.0,44100.0,32475,0.0,0.0
2022-08-17 09:00:00+09:00,44050.0,44550.0,43650.0,43700.0,0,0.0,0.0
2022-08-17 10:00:00+09:00,43700.0,43700.0,42600.0,43000.0,172815,0.0,0.0
2022-08-17 11:00:00+09:00,43000.0,43300.0,42800.0,43250.0,59842,0.0,0.0
2022-08-17 12:00:00+09:00,43250.0,43450.0,43150.0,43400.0,29892,0.0,0.0
2022-08-17 13:00:00+09:00,43350.0,43400.0,42850.0,43200.0,29431,0.0,0.0
2022-08-17 14:00:00+09:00,43200.0,43300.0,43000.0,43100.0,26528,0.0,0.0
2022-08-18 09:00:00+09:00,42850.0,43450.0,42450.0,43000.0,0,0.0,0.0
2022-08-18 10:00:00+09:00,43000.0,43200.0,42950.0,43150.0,25045,0.0,0.0
2022-08-18 11:00:00+09:00,43150.0,43250.0,43000.0,43050.0,20789,0.0,0.0
2022-08-18 12:00:00+09:00,43100.0,43150.0,42950.0,43150.0,19133,0.0,0.0
2022-08-18 13:00:00+09:00,43150.0,43300.0,43100.0,43200.0,19721,0.0,0.0
2022-08-18 14:00:00+09:00,43150.0,43200.0,42800.0,42900.0,42541,0.0,0.0
2022-08-19 09:00:00+09:00,42850.0,43000.0,42350.0,42500.0,0,0.0,0.0
2022-08-19 10:00:00+09:00,42500.0,42650.0,42150.0,42600.0,43486,0.0,0.0
2022-08-19 11:00:00+09:00,42550.0,42850.0,42500.0,42700.0,14606,0.0,0.0
2022-08-19 12:00:00+09:00,42700.0,42750.0,42600.0,42750.0,11165,0.0,0.0
2022-08-19 13:00:00+09:00,42700.0,43050.0,42700.0,42750.0,38535,0.0,0.0
2022-08-19 14:00:00+09:00,42750.0,42750.0,42400.0,42600.0,34129,0.0,0.0
2022-08-22 09:00:00+09:00,42050.0,42050.0,41400.0,41900.0,0,0.0,0.0
2022-08-22 10:00:00+09:00,41900.0,42300.0,41650.0,42200.0,29055,0.0,0.0
2022-08-22 11:00:00+09:00,42250.0,42450.0,42150.0,42400.0,18578,0.0,0.0
2022-08-22 12:00:00+09:00,42350.0,42500.0,42250.0,42400.0,13369,0.0,0.0
2022-08-22 13:00:00+09:00,42350.0,42400.0,41850.0,41900.0,31861,0.0,0.0
2022-08-22 14:00:00+09:00,41950.0,42200.0,41900.0,42050.0,25203,0.0,0.0
2022-08-23 09:00:00+09:00,41500.0,42000.0,41400.0,41750.0,0,0.0,0.0
2022-08-23 10:00:00+09:00,41750.0,42050.0,41750.0,41800.0,21733,0.0,0.0
2022-08-23 11:00:00+09:00,41750.0,41850.0,41650.0,41800.0,18026,0.0,0.0
2022-08-23 12:00:00+09:00,41800.0,41850.0,41700.0,41850.0,12708,0.0,0.0
2022-08-23 13:00:00+09:00,41850.0,41850.0,41250.0,41350.0,72165,0.0,0.0
2022-08-23 14:00:00+09:00,41300.0,41400.0,40800.0,40900.0,82720,0.0,0.0
2022-08-24 09:00:00+09:00,40750.0,41050.0,40300.0,40400.0,0,0.0,0.0
2022-08-24 10:00:00+09:00,40350.0,40450.0,39800.0,39950.0,93860,0.0,0.0
2022-08-24 11:00:00+09:00,40000.0,40100.0,39800.0,39900.0,39009,0.0,0.0
2022-08-24 12:00:00+09:00,39900.0,40150.0,39800.0,40050.0,26616,0.0,0.0
2022-08-24 13:00:00+09:00,40050.0,40100.0,39750.0,39950.0,44449,0.0,0.0
2022-08-24 14:00:00+09:00,39900.0,40050.0,39900.0,39950.0,37221,0.0,0.0
2022-08-25 09:00:00+09:00,40050.0,40250.0,39700.0,40150.0,0,0.0,0.0
2022-08-25 10:00:00+09:00,40150.0,40650.0,40050.0,40450.0,38253,0.0,0.0
2022-08-25 11:00:00+09:00,40500.0,40800.0,40400.0,40550.0,33486,0.0,0.0
2022-08-25 12:00:00+09:00,40550.0,40700.0,40550.0,40650.0,15061,0.0,0.0
2022-08-25 13:00:00+09:00,40650.0,40700.0,40550.0,40600.0,20005,0.0,0.0
2022-08-25 14:00:00+09:00,40650.0,40700.0,40550.0,40650.0,29941,0.0,0.0
2022-08-26 09:00:00+09:00,40800.0,41100.0,40600.0,41100.0,0,0.0,0.0
2022-08-26 10:00:00+09:00,41100.0,41250.0,40900.0,41100.0,32871,0.0,0.0
2022-08-26 11:00:00+09:00,41100.0,41100.0,40850.0,40850.0,18707,0.0,0.0
2022-08-26 12:00:00+09:00,40850.0,40950.0,40750.0,40950.0,19201,0.0,0.0
2022-08-26 13:00:00+09:00,40950.0,40950.0,40500.0,40500.0,51622,0.0,0.0
2022-08-26 14:00:00+09:00,40500.0,40550.0,40250.0,40350.0,35230,0.0,0.0
2022-08-29 09:00:00+09:00,38300.0,39050.0,38200.0,38900.0,0,0.0,0.0
2022-08-29 10:00:00+09:00,38900.0,39300.0,38700.0,39100.0,41064,0.0,0.0
2022-08-29 11:00:00+09:00,39150.0,39200.0,39000.0,39000.0,13456,0.0,0.0
2022-08-29 12:00:00+09:00,39050.0,39100.0,38900.0,39100.0,14003,0.0,0.0
2022-08-29 13:00:00+09:00,39050.0,39250.0,38850.0,39000.0,37047,0.0,0.0
2022-08-29 14:00:00+09:00,39000.0,39050.0,38700.0,38800.0,49519,0.0,0.0
2022-08-30 09:00:00+09:00,38950.0,39250.0,38900.0,39050.0,0,0.0,0.0
2022-08-30 10:00:00+09:00,39050.0,39350.0,39000.0,39100.0,37630,0.0,0.0
2022-08-30 11:00:00+09:00,39050.0,39250.0,39000.0,39200.0,19274,0.0,0.0
2022-08-30 12:00:00+09:00,39200.0,39400.0,38950.0,39150.0,49195,0.0,0.0
2022-08-30 13:00:00+09:00,39100.0,39300.0,38850.0,39200.0,40781,0.0,0.0
2022-08-30 14:00:00+09:00,39200.0,39350.0,39100.0,39300.0,23590,0.0,0.0
2022-08-31 09:00:00+09:00,39050.0,39450.0,38850.0,39400.0,0,0.0,0.0
2022-08-31 10:00:00+09:00,39350.0,39750.0,39350.0,39550.0,31752,0.0,0.0
2022-08-31 11:00:00+09:00,39500.0,39950.0,39500.0,39950.0,20209,0.0,0.0
2022-08-31 12:00:00+09:00,39950.0,40300.0,39950.0,40200.0,26981,0.0,0.0
2022-08-31 13:00:00+09:00,40200.0,40400.0,40050.0,40400.0,19542,0.0,0.0
2022-08-31 14:00:00+09:00,40400.0,40500.0,40150.0,40300.0,39817,0.0,0.0
2022-09-01 09:00:00+09:00,40400.0,40400.0,39550.0,39750.0,0,0.0,0.0
2022-09-01 10:00:00+09:00,39750.0,40200.0,39750.0,40150.0,14770,0.0,0.0
2022-09-01 11:00:00+09:00,40100.0,40250.0,40000.0,40050.0,9409,0.0,0.0
2022-09-01 12:00:00+09:00,40000.0,40200.0,39900.0,40000.0,17130,0.0,0.0
2022-09-01 13:00:00+09:00,40000.0,40050.0,39900.0,40000.0,15005,0.0,0.0
2022-09-01 14:00:00+09:00,40000.0,40100.0,39900.0,40000.0,21772,0.0,0.0
2022-09-02 09:00:00+09:00,39950.0,40150.0,39700.0,39800.0,0,0.0,0.0
2022-09-02 10:00:00+09:00,39800.0,40000.0,39750.0,39850.0,10274,0.0,0.0
2022-09-02 11:00:00+09:00,39900.0,39900.0,39300.0,39400.0,29269,0.0,0.0
2022-09-02 12:00:00+09:00,39400.0,39500.0,39250.0,39450.0,16065,0.0,0.0
2022-09-02 13:00:00+09:00,39450.0,39500.0,39250.0,39300.0,18209,0.0,0.0
2022-09-02 14:00:00+09:00,39350.0,39400.0,38800.0,38950.0,60458,0.0,0.0
2022-09-05 09:00:00+09:00,39400.0,40000.0,39050.0,39200.0,0,0.0,0.0
2022-09-05 10:00:00+09:00,39200.0,39350.0,38900.0,39000.0,30838,0.0,0.0
2022-09-05 11:00:00+09:00,39000.0,39100.0,38900.0,39000.0,12070,0.0,0.0
2022-09-05 12:00:00+09:00,39000.0,39050.0,38800.0,38850.0,20767,0.0,0.0
2022-09-05 13:00:00+09:00,38850.0,38900.0,38650.0,38750.0,24547,0.0,0.0
2022-09-05 14:00:00+09:00,38750.0,38800.0,38450.0,38500.0,42673,0.0,0.0
2022-09-06 09:00:00+09:00,38600.0,39200.0,38600.0,39100.0,0,0.0,0.0
2022-09-06 10:00:00+09:00,39150.0,39150.0,38800.0,38850.0,18117,0.0,0.0
2022-09-06 11:00:00+09:00,38850.0,39050.0,38750.0,39050.0,11748,0.0,0.0
2022-09-06 12:00:00+09:00,39050.0,39200.0,38850.0,39050.0,12351,0.0,0.0
2022-09-06 13:00:00+09:00,39000.0,39250.0,39000.0,39200.0,12168,0.0,0.0
2022-09-06 14:00:00+09:00,39200.0,39300.0,39100.0,39300.0,20537,0.0,0.0
2022-09-07 09:00:00+09:00,38950.0,39000.0,38100.0,38250.0,0,0.0,0.0
2022-09-07 10:00:00+09:00,38250.0,38400.0,38200.0,38350.0,19823,0.0,0.0
2022-09-07 11:00:00+09:00,38350.0,38400.0,38200.0,38300.0,13688,0.0,0.0
2022-09-07 12:00:00+09:00,38250.0,38350.0,38150.0,38300.0,16230,0.0,0.0
2022-09-07 13:00:00+09:00,38300.0,38350.0,38100.0,38150.0,22544,0.0,0.0
2022-09-07 14:00:00+09:00,38150.0,38250.0,38100.0,38200.0,23079,0.0,0.0
2022-09-08 09:00:00+09:00,38350.0,38950.0,38050.0,38200.0,0,0.0,0.0
2022-09-08 10:00:00+09:00,38200.0,38300.0,38000.0,38150.0,28196,0.0,0.0
2022-09-08 11:00:00+09:00,38150.0,38550.0,38150.0,38550.0,21768,0.0,0.0
2022-09-08 12:00:00+09:00,38550.0,38800.0,38500.0,38750.0,28403,0.0,0.0
2022-09-08 13:00:00+09:00,38800.0,38800.0,38400.0,38550.0,19946,0.0,0.0
2022-09-08 14:00:00+09:00,38550.0,38700.0,38250.0,38600.0,28273,0.0,0.0
2022-09-13 09:00:00+09:00,39300.0,39650.0,39250.0,39400.0,0,0.0,0.0
2022-09-13 10:00:00+09:00,39400.0,39550.0,39300.0,39400.0,17391,0.0,0.0
2022-09-13 11:00:00+09:00,39350.0,39650.0,39350.0,39600.0,14162,0.0,0.0
2022-09-13 12:00:00+09:00,39600.0,39800.0,39600.0,39700.0,15431,0.0,0.0
2022-09-13 13:00:00+09:00,39750.0,39800.0,39700.0,39800.0,14394,0.0,0.0
2022-09-13 14:00:00+09:00,39800.0,39800.0,39700.0,39800.0,15892,0.0,0.0
2022-09-14 09:00:00+09:00,38400.0,38800.0,38300.0,38800.0,0,0.0,0.0
2022-09-14 10:00:00+09:00,38800.0,39050.0,38750.0,39000.0,15349,0.0,0.0
2022-09-14 11:00:00+09:00,39000.0,39100.0,38900.0,39050.0,11481,0.0,0.0
2022-09-14 12:00:00+09:00,39050.0,39100.0,38750.0,38850.0,14888,0.0,0.0
2022-09-14 13:00:00+09:00,38850.0,38950.0,38750.0,38900.0,10509,0.0,0.0
2022-09-14 14:00:00+09:00,38950.0,39050.0,38700.0,38750.0,23537,0.0,0.0
2022-09-15 09:00:00+09:00,38900.0,38900.0,38500.0,38700.0,0,0.0,0.0
2022-09-15 10:00:00+09:00,38750.0,38900.0,38600.0,38850.0,16627,0.0,0.0
2022-09-15 11:00:00+09:00,38900.0,38900.0,38750.0,38900.0,8371,0.0,0.0
2022-09-15 12:00:00+09:00,38900.0,38900.0,38650.0,38750.0,9808,0.0,0.0
2022-09-15 13:00:00+09:00,38650.0,38850.0,38650.0,38800.0,8662,0.0,0.0
2022-09-15 14:00:00+09:00,38800.0,38800.0,38700.0,38750.0,11747,0.0,0.0
2022-09-16 09:00:00+09:00,38550.0,38600.0,38200.0,38200.0,0,0.0,0.0
2022-09-16 10:00:00+09:00,38200.0,38450.0,38150.0,38350.0,15074,0.0,0.0
2022-09-16 11:00:00+09:00,38350.0,38450.0,38250.0,38300.0,9970,0.0,0.0
2022-09-16 12:00:00+09:00,38300.0,38400.0,38100.0,38150.0,26540,0.0,0.0
2022-09-16 13:00:00+09:00,38150.0,38200.0,38000.0,38100.0,35552,0.0,0.0
2022-09-16 14:00:00+09:00,38100.0,38100.0,37700.0,37850.0,59270,0.0,0.0
2022-09-19 09:00:00+09:00,37800.0,38000.0,37350.0,37500.0,0,0.0,0.0
2022-09-19 10:00:00+09:00,37500.0,37850.0,37500.0,37550.0,20876,0.0,0.0
2022-09-19 11:00:00+09:00,37550.0,37550.0,36700.0,36850.0,68439,0.0,0.0
2022-09-19 12:00:00+09:00,36800.0,36950.0,36350.0,36500.0,72530,0.0,0.0
2022-09-19 13:00:00+09:00,36500.0,36650.0,36150.0,36200.0,51722,0.0,0.0
2022-09-19 14:00:00+09:00,36200.0,36250.0,35900.0,36050.0,70429,0.0,0.0
2022-09-20 09:00:00+09:00,36000.0,36450.0,36000.0,36300.0,0,0.0,0.0
2022-09-20 10:00:00+09:00,36300.0,36350.0,35950.0,36050.0,43754,0.0,0.0
2022-09-20 11:00:00+09:00,36050.0,36400.0,36000.0,36200.0,22152,0.0,0.0
2022-09-20 12:00:00+09:00,36200.0,36350.0,36200.0,36300.0,15846,0.0,0.0
2022-09-20 13:00:00+09:00,36300.0,36550.0,36200.0,36350.0,30167,0.0,0.0
2022-09-20 14:00:00+09:00,36350.0,36450.0,36300.0,36350.0,12149,0.0,0.0
2022-09-21 09:00:00+09:00,36100.0,36400.0,35950.0,36100.0,0,0.0,0.0
2022-09-21 10:00:00+09:00,36100.0,36150.0,35650.0,35700.0,41269,0.0,0.0
2022-09-21 11:00:00+09:00,35650.0,35700.0,35350.0,35450.0,59686,0.0,0.0
2022-09-21 12:00:00+09:00,35500.0,35600.0,35450.0,35550.0,24195,0.0,0.0
2022-09-21 13:00:00+09:00,35550.0,35650.0,35450.0,35550.0,19906,0.0,0.0
2022-09-21 14:00:00+09:00,35550.0,35900.0,35550.0,35900.0,34566,0.0,0.0
2022-09-22 09:00:00+09:00,35150.0,35500.0,34450.0,34500.0,0,0.0,0.0
2022-09-22 10:00:00+09:00,34500.0,34550.0,33700.0,33800.0,118377,0.0,0.0
2022-09-22 11:00:00+09:00,33800.0,34150.0,33800.0,34100.0,50150,0.0,0.0
2022-09-22 12:00:00+09:00,34100.0,34200.0,33850.0,34150.0,40468,0.0,0.0
2022-09-22 13:00:00+09:00,34100.0,34300.0,34000.0,34050.0,46999,0.0,0.0
2022-09-22 14:00:00+09:00,34150.0,34300.0,34050.0,34150.0,47381,0.0,0.0
2022-09-23 09:00:00+09:00,34100.0,34450.0,33800.0,33950.0,0,0.0,0.0
2022-09-23 10:00:00+09:00,33950.0,34100.0,33800.0,33950.0,23919,0.0,0.0
2022-09-23 11:00:00+09:00,34000.0,34050.0,33800.0,33850.0,19047,0.0,0.0
2022-09-23 12:00:00+09:00,33850.0,34050.0,33750.0,33800.0,22625,0.0,0.0
2022-09-23 13:00:00+09:00,33750.0,33850.0,33700.0,33800.0,22407,0.0,0.0
2022-09-23 14:00:00+09:00,33750.0,33850.0,33550.0,33600.0,36597,0.0,0.0
2022-09-26 09:00:00+09:00,33000.0,33300.0,32800.0,32850.0,0,0.0,0.0
2022-09-26 10:00:00+09:00,32900.0,32900.0,32500.0,32700.0,33900,0.0,0.0
2022-09-26 11:00:00+09:00,32700.0,33050.0,32650.0,32900.0,18377,0.0,0.0
2022-09-26 12:00:00+09:00,32850.0,32900.0,32650.0,32700.0,14979,0.0,0.0
2022-09-26 13:00:00+09:00,32700.0,32700.0,32250.0,32450.0,41429,0.0,0.0
2022-09-26 14:00:00+09:00,32400.0,32400.0,32000.0,32300.0,55926,0.0,0.0
2022-09-27 09:00:00+09:00,31800.0,32650.0,31800.0,32450.0,0,0.0,0.0
2022-09-27 10:00:00+09:00,32450.0,32700.0,32300.0,32400.0,23930,0.0,0.0
2022-09-27 11:00:00+09:00,32350.0,32450.0,32200.0,32200.0,13717,0.0,0.0
2022-09-27 12:00:00+09:00,32200.0,32300.0,31900.0,32000.0,23905,0.0,0.0
2022-09-27 13:00:00+09:00,32050.0,32300.0,32000.0,32050.0,18230,0.0,0.0
2022-09-27 14:00:00+09:00,32100.0,32250.0,31750.0,32200.0,37503,0.0,0.0
2022-09-28 09:00:00+09:00,32350.0,33200.0,32250.0,33100.0,0,0.0,0.0
2022-09-28 10:00:00+09:00,33100.0,33200.0,32250.0,32300.0,32816,0.0,0.0
2022-09-28 11:00:00+09:00,32500.0,32500.0,31850.0,31950.0,25384,0.0,0.0
2022-09-28 12:00:00+09:00,31950.0,32200.0,31850.0,32050.0,18257,0.0,0.0
2022-09-28 13:00:00+09:00,32100.0,32350.0,31950.0,32150.0,15828,0.0,0.0
2022-09-28 14:00:00+09:00,32200.0,32750.0,32000.0,32650.0,34228,0.0,0.0
2022-09-29 09:00:00+09:00,33000.0,33750.0,33000.0,33450.0,0,0.0,0.0
2022-09-29 10:00:00+09:00,33400.0,33650.0,33400.0,33500.0,17060,0.0,0.0
2022-09-29 11:00:00+09:00,33450.0,33550.0,33000.0,33150.0,16158,0.0,0.0
2022-09-29 12:00:00+09:00,33150.0,33550.0,33000.0,33500.0,13720,0.0,0.0
2022-09-29 13:00:00+09:00,33450.0,33600.0,33450.0,33600.0,11322,0.0,0.0
2022-09-29 14:00:00+09:00,33600.0,33600.0,33100.0,33150.0,18357,0.0,0.0
2022-09-30 09:00:00+09:00,32150.0,33000.0,32100.0,32900.0,0,0.0,0.0
2022-09-30 10:00:00+09:00,32850.0,33600.0,32850.0,33300.0,46235,0.0,0.0
2022-09-30 11:00:00+09:00,33300.0,33600.0,33100.0,33400.0,20707,0.0,0.0
2022-09-30 12:00:00+09:00,33300.0,33450.0,33150.0,33200.0,10116,0.0,0.0
2022-09-30 13:00:00+09:00,33150.0,33200.0,32850.0,32900.0,15624,0.0,0.0
2022-09-30 14:00:00+09:00,32900.0,33200.0,32850.0,32950.0,17154,0.0,0.0
2022-10-04 09:00:00+09:00,33450.0,33700.0,33050.0,33600.0,0,0.0,0.0
2022-10-04 10:00:00+09:00,33600.0,33850.0,33600.0,33700.0,14898,0.0,0.0
2022-10-04 11:00:00+09:00,33700.0,33800.0,33450.0,33600.0,11157,0.0,0.0
2022-10-04 12:00:00+09:00,33600.0,33700.0,33450.0,33600.0,10156,0.0,0.0
2022-10-04 13:00:00+09:00,33650.0,33750.0,33600.0,33700.0,7612,0.0,0.0
2022-10-04 14:00:00+09:00,33700.0,33700.0,33600.0,33650.0,10728,0.0,0.0
2022-10-05 09:00:00+09:00,34300.0,34300.0,33450.0,33500.0,0,0.0,0.0
2022-10-05 10:00:00+09:00,33550.0,33700.0,33200.0,33250.0,13181,0.0,0.0
2022-10-05 11:00:00+09:00,33250.0,33300.0,33050.0,33100.0,14115,0.0,0.0
2022-10-05 12:00:00+09:00,33150.0,33500.0,33050.0,33450.0,7280,0.0,0.0
2022-10-05 13:00:00+09:00,33450.0,33450.0,33200.0,33300.0,11724,0.0,0.0
2022-10-05 14:00:00+09:00,33250.0,33450.0,33200.0,33450.0,13186,0.0,0.0
2022-10-06 09:00:00+09:00,33300.0,33550.0,33250.0,33400.0,0,0.0,0.0
2022-10-06 10:00:00+09:00,33350.0,33650.0,33350.0,33600.0,9427,0.0,0.0
2022-10-06 11:00:00+09:00,33600.0,33750.0,33600.0,33700.0,8560,0.0,0.0
2022-10-06 12:00:00+09:00,33700.0,33900.0,33700.0,33750.0,7675,0.0,0.0
2022-10-06 13:00:00+09:00,33750.0,33900.0,33750.0,33900.0,7871,0.0,0.0
2022-10-06 14:00:00+09:00,33900.0,34050.0,33750.0,33850.0,11771,0.0,0.0
2022-10-07 09:00:00+09:00,33450.0,33500.0,33100.0,33250.0,0,0.0,0.0
2022-10-07 10:00:00+09:00,33250.0,33350.0,33200.0,33300.0,36437,0.0,0.0
2022-10-07 11:00:00+09:00,33350.0,33500.0,33300.0,33500.0,8870,0.0,0.0
2022-10-07 12:00:00+09:00,33500.0,33600.0,33400.0,33500.0,7691,0.0,0.0
2022-10-07 13:00:00+09:00,33550.0,33550.0,33250.0,33250.0,10480,0.0,0.0
2022-10-07 14:00:00+09:00,33200.0,33300.0,33050.0,33100.0,13778,0.0,0.0
2022-10-11 09:00:00+09:00,32150.0,32400.0,31650.0,31800.0,0,0.0,0.0
2022-10-11 10:00:00+09:00,31800.0,31950.0,31700.0,31750.0,30467,0.0,0.0
2022-10-11 11:00:00+09:00,31750.0,31800.0,31500.0,31650.0,30221,0.0,0.0
2022-10-11 12:00:00+09:00,31600.0,31750.0,31500.0,31550.0,17149,0.0,0.0
2022-10-11 13:00:00+09:00,31500.0,31600.0,31300.0,31600.0,24794,0.0,0.0
2022-10-11 14:00:00+09:00,31600.0,32100.0,31550.0,32050.0,28479,0.0,0.0
2022-10-12 09:00:00+09:00,32100.0,33100.0,32100.0,32950.0,0,0.0,0.0
2022-10-12 10:00:00+09:00,32900.0,33450.0,32900.0,33300.0,51235,0.0,0.0
2022-10-12 11:00:00+09:00,33300.0,33450.0,33200.0,33450.0,21345,0.0,0.0
2022-10-12 12:00:00+09:00,33450.0,33450.0,33050.0,33200.0,14424,0.0,0.0
2022-10-12 13:00:00+09:00,33200.0,33650.0,33200.0,33550.0,31075,0.0,0.0
2022-10-12 14:00:00+09:00,33500.0,33550.0,33200.0,33400.0,24693,0.0,0.0
2022-10-13 09:00:00+09:00,33400.0,33400.0,32550.0,32700.0,0,0.0,0.0
2022-10-13 10:00:00+09:00,32700.0,32800.0,32500.0,32600.0,11802,0.0,0.0
2022-10-13 11:00:00+09:00,32600.0,32700.0,32400.0,32450.0,11709,0.0,0.0
2022-10-13 12:00:00+09:00,32450.0,32600.0,32300.0,32450.0,11131,0.0,0.0
2022-10-13 13:00:00+09:00,32400.0,32450.0,32300.0,32400.0,9027,0.0,0.0
2022-10-13 14:00:00+09:00,32350.0,32450.0,32200.0,32450.0,25554,0.0,0.0
2022-10-14 09:00:00+09:00,32850.0,34650.0,32800.0,34550.0,24466,0.0,0.0
2022-10-14 10:00:00+09:00,34600.0,36100.0,33500.0,34300.0,402061,0.0,0.0
2022-10-14 11:00:00+09:00,34350.0,34550.0,34100.0,34450.0,35230,0.0,0.0
2022-10-14 12:00:00+09:00,34450.0,34500.0,34100.0,34400.0,22598,0.0,0.0
2022-10-14 13:00:00+09:00,34350.0,34400.0,34050.0,34300.0,19786,0.0,0.0
2022-10-14 14:00:00+09:00,34300.0,34300.0,33950.0,34100.0,17732,0.0,0.0
2022-10-17 09:00:00+09:00,33450.0,33800.0,33150.0,33600.0,0,0.0,0.0
2022-10-17 10:00:00+09:00,33550.0,33950.0,33450.0,33800.0,18650,0.0,0.0
2022-10-17 11:00:00+09:00,33750.0,33900.0,33650.0,33900.0,8923,0.0,0.0
2022-10-17 12:00:00+09:00,33850.0,34100.0,33650.0,33900.0,16450,0.0,0.0
2022-10-17 13:00:00+09:00,33900.0,33900.0,33550.0,33750.0,14854,0.0,0.0
2022-10-17 14:00:00+09:00,33750.0,34100.0,33700.0,33950.0,15639,0.0,0.0
2022-10-18 09:00:00+09:00,34400.0,35000.0,34400.0,34950.0,0,0.0,0.0
2022-10-18 10:00:00+09:00,34950.0,35100.0,34700.0,34850.0,26307,0.0,0.0
2022-10-18 11:00:00+09:00,34800.0,34900.0,34550.0,34850.0,13778,0.0,0.0
2022-10-18 12:00:00+09:00,34850.0,35050.0,34800.0,35050.0,15297,0.0,0.0
2022-10-18 13:00:00+09:00,35050.0,35300.0,35000.0,35200.0,26207,0.0,0.0
2022-10-18 14:00:00+09:00,35200.0,35200.0,34950.0,35100.0,21843,0.0,0.0
2022-10-19 09:00:00+09:00,35350.0,35800.0,35200.0,35400.0,0,0.0,0.0
2022-10-19 10:00:00+09:00,35450.0,35600.0,35400.0,35550.0,8436,0.0,0.0
2022-10-19 11:00:00+09:00,35600.0,35600.0,35250.0,35400.0,22840,0.0,0.0
2022-10-19 12:00:00+09:00,35350.0,35350.0,35200.0,35250.0,11800,0.0,0.0
2022-10-19 13:00:00+09:00,35250.0,35250.0,34900.0,35150.0,20463,0.0,0.0
2022-10-19 14:00:00+09:00,35150.0,35150.0,34600.0,34650.0,19558,0.0,0.0
2022-10-20 09:00:00+09:00,34550.0,35600.0,34550.0,35050.0,0,0.0,0.0
2022-10-20 10:00:00+09:00,35000.0,35050.0,34400.0,34650.0,25038,0.0,0.0
2022-10-20 11:00:00+09:00,34650.0,34900.0,34500.0,34850.0,5496,0.0,0.0
2022-10-20 12:00:00+09:00,34850.0,34850.0,34550.0,34750.0,6328,0.0,0.0
2022-10-20 13:00:00+09:00,34750.0,34950.0,34650.0,34950.0,8300,0.0,0.0
2022-10-20 14:00:00+09:00,34950.0,35100.0,34600.0,34600.0,22213,0.0,0.0
2022-10-21 09:00:00+09:00,34850.0,35200.0,34500.0,34650.0,0,0.0,0.0
2022-10-21 10:00:00+09:00,34650.0,35000.0,34650.0,34700.0,17069,0.0,0.0
2022-10-21 11:00:00+09:00,34700.0,34950.0,34650.0,34750.0,6038,0.0,0.0
2022-10-21 12:00:00+09:00,34700.0,35000.0,34700.0,34750.0,9366,0.0,0.0
2022-10-21 13:00:00+09:00,34700.0,34750.0,34350.0,34500.0,19403,0.0,0.0
2022-10-21 14:00:00+09:00,34450.0,34500.0,34350.0,34450.0,11747,0.0,0.0
2022-10-24 09:00:00+09:00,35000.0,35500.0,34950.0,35250.0,0,0.0,0.0
2022-10-24 10:00:00+09:00,35250.0,35300.0,35100.0,35250.0,12949,0.0,0.0
2022-10-24 11:00:00+09:00,35250.0,35300.0,35050.0,35150.0,11857,0.0,0.0
2022-10-24 12:00:00+09:00,35150.0,35200.0,35000.0,35050.0,9788,0.0,0.0
2022-10-24 13:00:00+09:00,35050.0,35450.0,34950.0,35400.0,26775,0.0,0.0
2022-10-24 14:00:00+09:00,35400.0,35450.0,35200.0,35250.0,10929,0.0,0.0
2022-10-25 09:00:00+09:00,35450.0,35600.0,35250.0,35500.0,0,0.0,0.0
2022-10-25 10:00:00+09:00,35500.0,35500.0,35300.0,35500.0,7454,0.0,0.0
2022-10-25 11:00:00+09:00,35500.0,35500.0,34950.0,35050.0,10464,0.0,0.0
2022-10-25 12:00:00+09:00,35050.0,35200.0,35000.0,35150.0,3594,0.0,0.0
2022-10-25 13:00:00+09:00,35150.0,35250.0,35050.0,35100.0,4750,0.0,0.0
2022-10-25 14:00:00+09:00,35100.0,35150.0,34950.0,35150.0,12453,0.0,0.0
2022-10-26 09:00:00+09:00,35250.0,35500.0,35050.0,35450.0,0,0.0,0.0
2022-10-26 10:00:00+09:00,35450.0,35550.0,35250.0,35450.0,15864,0.0,0.0
2022-10-26 11:00:00+09:00,35450.0,35650.0,35400.0,35600.0,15712,0.0,0.0
2022-10-26 12:00:00+09:00,35650.0,35650.0,35450.0,35550.0,14992,0.0,0.0
2022-10-26 13:00:00+09:00,35550.0,35600.0,35400.0,35450.0,20266,0.0,0.0
2022-10-26 14:00:00+09:00,35500.0,35500.0,35150.0,35250.0,14668,0.0,0.0
2022-10-27 09:00:00+09:00,35100.0,35800.0,35100.0,35500.0,0,0.0,0.0
2022-10-27 10:00:00+09:00,35500.0,35650.0,35450.0,35500.0,15044,0.0,0.0
2022-10-27 11:00:00+09:00,35500.0,35550.0,35400.0,35500.0,9101,0.0,0.0
2022-10-27 12:00:00+09:00,35450.0,35500.0,35350.0,35450.0,6394,0.0,0.0
2022-10-27 13:00:00+09:00,35450.0,35700.0,35350.0,35650.0,15598,0.0,0.0
2022-10-27 14:00:00+09:00,35650.0,35700.0,35500.0,35650.0,20243,0.0,0.0
2022-10-28 09:00:00+09:00,35500.0,35500.0,35150.0,35250.0,17671,0.0,0.0
2022-10-28 10:00:00+09:00,35200.0,35550.0,35150.0,35500.0,8553,0.0,0.0
2022-10-28 11:00:00+09:00,35500.0,35500.0,35300.0,35300.0,5387,0.0,0.0
2022-10-28 12:00:00+09:00,35300.0,35450.0,35250.0,35350.0,5474,0.0,0.0
2022-10-28 13:00:00+09:00,35350.0,35400.0,35300.0,35400.0,2916,0.0,0.0
2022-10-28 14:00:00+09:00,35400.0,35700.0,35300.0,35600.0,11604,0.0,0.0
2022-10-31 09:00:00+09:00,35700.0,36100.0,35650.0,35750.0,0,0.0,0.0
2022-10-31 10:00:00+09:00,35750.0,36300.0,35550.0,36200.0,28566,0.0,0.0
2022-10-31 11:00:00+09:00,36200.0,36300.0,36000.0,36100.0,22922,0.0,0.0
2022-10-31 12:00:00+09:00,36050.0,36550.0,36050.0,36500.0,23864,0.0,0.0
2022-10-31 13:00:00+09:00,36500.0,36700.0,36400.0,36650.0,22106,0.0,0.0
2022-10-31 14:00:00+09:00,36650.0,36650.0,36350.0,36450.0,14027,0.0,0.0
2022-11-01 09:00:00+09:00,36350.0,36600.0,36100.0,36300.0,0,0.0,0.0
2022-11-01 10:00:00+09:00,36300.0,36600.0,36250.0,36500.0,13474,0.0,0.0
2022-11-01 11:00:00+09:00,36500.0,36500.0,36250.0,36300.0,12853,0.0,0.0
2022-11-01 12:00:00+09:00,36350.0,36450.0,36300.0,36400.0,4579,0.0,0.0
2022-11-01 13:00:00+09:00,36400.0,36450.0,36300.0,36350.0,5689,0.0,0.0
2022-11-01 14:00:00+09:00,36350.0,36650.0,36300.0,36600.0,16867,0.0,0.0
2022-11-02 09:00:00+09:00,36600.0,36650.0,36050.0,36350.0,0,0.0,0.0
2022-11-02 10:00:00+09:00,36400.0,36800.0,36350.0,36500.0,25485,0.0,0.0
2022-11-02 11:00:00+09:00,36500.0,36550.0,36350.0,36450.0,6506,0.0,0.0
2022-11-02 12:00:00+09:00,36450.0,36450.0,36250.0,36400.0,11025,0.0,0.0
2022-11-02 13:00:00+09:00,36350.0,36550.0,36300.0,36550.0,8492,0.0,0.0
2022-11-02 14:00:00+09:00,36550.0,36600.0,36350.0,36450.0,8149,0.0,0.0
2022-11-03 09:00:00+09:00,35700.0,35800.0,35450.0,35750.0,0,0.0,0.0
2022-11-03 10:00:00+09:00,35750.0,36100.0,35700.0,35850.0,11175,0.0,0.0
2022-11-03 11:00:00+09:00,35800.0,35900.0,35700.0,35750.0,6016,0.0,0.0
2022-11-03 12:00:00+09:00,35800.0,35800.0,35500.0,35600.0,10974,0.0,0.0
2022-11-03 13:00:00+09:00,35600.0,35800.0,35550.0,35650.0,5008,0.0,0.0
2022-11-03 14:00:00+09:00,35700.0,35900.0,35650.0,35750.0,8488,0.0,0.0
2022-11-04 09:00:00+09:00,35350.0,35350.0,34850.0,35000.0,0,0.0,0.0
2022-11-04 10:00:00+09:00,34950.0,35050.0,34700.0,35000.0,25781,0.0,0.0
2022-11-04 11:00:00+09:00,35000.0,35100.0,34900.0,34950.0,6918,0.0,0.0
2022-11-04 12:00:00+09:00,34950.0,35050.0,34900.0,35000.0,6334,0.0,0.0
2022-11-04 13:00:00+09:00,35000.0,35250.0,34950.0,35250.0,8380,0.0,0.0
2022-11-04 14:00:00+09:00,35250.0,35350.0,35200.0,35300.0,10382,0.0,0.0
2022-11-07 09:00:00+09:00,35000.0,36000.0,35000.0,35800.0,0,0.0,0.0
2022-11-07 10:00:00+09:00,35800.0,35800.0,35400.0,35650.0,11752,0.0,0.0
2022-11-07 11:00:00+09:00,35650.0,35700.0,35550.0,35700.0,3189,0.0,0.0
2022-11-07 12:00:00+09:00,35600.0,35650.0,35400.0,35400.0,10761,0.0,0.0
2022-11-07 13:00:00+09:00,35450.0,35550.0,35400.0,35550.0,7067,0.0,0.0
2022-11-07 14:00:00+09:00,35550.0,35600.0,35400.0,35500.0,6435,0.0,0.0
2022-11-08 09:00:00+09:00,35550.0,36050.0,35550.0,35900.0,0,0.0,0.0
2022-11-08 10:00:00+09:00,35950.0,36650.0,35850.0,36550.0,35018,0.0,0.0
2022-11-08 11:00:00+09:00,36550.0,36800.0,36450.0,36550.0,20981,0.0,0.0
2022-11-08 12:00:00+09:00,36550.0,36700.0,36450.0,36650.0,11428,0.0,0.0
2022-11-08 13:00:00+09:00,36600.0,36650.0,36350.0,36450.0,13207,0.0,0.0
2022-11-08 14:00:00+09:00,36450.0,36550.0,36250.0,36400.0,10141,0.0,0.0
2022-11-09 09:00:00+09:00,36700.0,36850.0,36500.0,36700.0,0,0.0,0.0
2022-11-09 10:00:00+09:00,36700.0,36800.0,36350.0,36400.0,18760,0.0,0.0
2022-11-09 11:00:00+09:00,36350.0,36550.0,36200.0,36450.0,11813,0.0,0.0
2022-11-09 12:00:00+09:00,36500.0,36550.0,36300.0,36300.0,14226,0.0,0.0
2022-11-09 13:00:00+09:00,36350.0,36450.0,36200.0,36350.0,15493,0.0,0.0
2022-11-09 14:00:00+09:00,36250.0,36450.0,36200.0,36300.0,10628,0.0,0.0
2022-11-10 09:00:00+09:00,35700.0,36300.0,35600.0,36250.0,0,0.0,0.0
2022-11-10 10:00:00+09:00,36250.0,36500.0,36100.0,36400.0,22282,0.0,0.0
2022-11-10 11:00:00+09:00,36400.0,36400.0,36050.0,36250.0,8493,0.0,0.0
2022-11-10 12:00:00+09:00,36250.0,36300.0,36050.0,36300.0,7633,0.0,0.0
2022-11-10 13:00:00+09:00,36300.0,36300.0,36150.0,36250.0,4909,0.0,0.0
2022-11-10 14:00:00+09:00,36250.0,36300.0,36100.0,36150.0,6378,0.0,0.0
2022-11-11 09:00:00+09:00,37000.0,37400.0,36800.0,36950.0,0,0.0,0.0
2022-11-11 10:00:00+09:00,37000.0,37300.0,36900.0,37200.0,45193,0.0,0.0
2022-11-11 11:00:00+09:00,37200.0,37200.0,36950.0,37050.0,12444,0.0,0.0
2022-11-11 12:00:00+09:00,37050.0,37250.0,36950.0,37200.0,13194,0.0,0.0
2022-11-11 13:00:00+09:00,37200.0,37300.0,37050.0,37100.0,14005,0.0,0.0
2022-11-11 14:00:00+09:00,37150.0,37300.0,37100.0,37300.0,19388,0.0,0.0
2022-11-14 09:00:00+09:00,37350.0,37650.0,37000.0,37450.0,0,0.0,0.0
2022-11-14 10:00:00+09:00,37450.0,37500.0,37150.0,37350.0,14677,0.0,0.0
2022-11-14 11:00:00+09:00,37300.0,37500.0,37200.0,37400.0,6895,0.0,0.0
2022-11-14 12:00:00+09:00,37500.0,37550.0,37400.0,37550.0,7011,0.0,0.0
2022-11-14 13:00:00+09:00,37550.0,37550.0,37350.0,37500.0,6910,0.0,0.0
2022-11-14 14:00:00+09:00,37500.0,37500.0,37200.0,37250.0,11789,0.0,0.0
2022-11-15 09:00:00+09:00,37400.0,38000.0,37350.0,37750.0,0,0.0,0.0
2022-11-15 10:00:00+09:00,37750.0,37950.0,37650.0,37950.0,17973,0.0,0.0
2022-11-15 11:00:00+09:00,37950.0,38050.0,37850.0,37950.0,14179,0.0,0.0
2022-11-15 12:00:00+09:00,37950.0,38100.0,37900.0,38000.0,13522,0.0,0.0
2022-11-15 13:00:00+09:00,38050.0,38050.0,37950.0,38050.0,11006,0.0,0.0
2022-11-15 14:00:00+09:00,38100.0,38350.0,38050.0,38350.0,31205,0.0,0.0
2022-11-16 09:00:00+09:00,38700.0,38750.0,37800.0,37900.0,0,0.0,0.0
2022-11-16 10:00:00+09:00,37900.0,38150.0,37850.0,38050.0,10266,0.0,0.0
2022-11-16 11:00:00+09:00,38050.0,38450.0,38000.0,38250.0,9061,0.0,0.0
2022-11-16 12:00:00+09:00,38250.0,38350.0,38150.0,38200.0,4798,0.0,0.0
2022-11-16 13:00:00+09:00,38200.0,38300.0,38000.0,38100.0,9174,0.0,0.0
2022-11-16 14:00:00+09:00,38050.0,38300.0,38000.0,38050.0,10083,0.0,0.0
2022-11-17 10:00:00+09:00,37850.0,38250.0,37700.0,38200.0,28299,0.0,0.0
2022-11-17 11:00:00+09:00,38000.0,38300.0,37950.0,38300.0,11977,0.0,0.0
2022-11-17 12:00:00+09:00,38300.0,38400.0,38050.0,38250.0,7317,0.0,0.0
2022-11-17 13:00:00+09:00,38250.0,38300.0,37950.0,38050.0,8098,0.0,0.0
2022-11-17 14:00:00+09:00,38000.0,38100.0,37850.0,37950.0,8069,0.0,0.0
2022-11-18 09:00:00+09:00,37300.0,38050.0,37300.0,37900.0,0,0.0,0.0
2022-11-18 10:00:00+09:00,37900.0,37950.0,37450.0,37600.0,20777,0.0,0.0
2022-11-18 11:00:00+09:00,37600.0,37700.0,37550.0,37650.0,11906,0.0,0.0
2022-11-18 12:00:00+09:00,37650.0,37800.0,37600.0,37800.0,9288,0.0,0.0
2022-11-18 13:00:00+09:00,37750.0,37800.0,37600.0,37650.0,5797,0.0,0.0
2022-11-18 14:00:00+09:00,37650.0,37850.0,37500.0,37550.0,13262,0.0,0.0
2022-11-21 09:00:00+09:00,37550.0,37950.0,37550.0,37750.0,0,0.0,0.0
2022-11-21 10:00:00+09:00,37700.0,37800.0,37500.0,37500.0,22616,0.0,0.0
2022-11-21 11:00:00+09:00,37500.0,37650.0,37450.0,37650.0,11461,0.0,0.0
2022-11-21 12:00:00+09:00,37650.0,37700.0,37500.0,37600.0,9791,0.0,0.0
2022-11-21 13:00:00+09:00,37600.0,37800.0,37600.0,37650.0,9650,0.0,0.0
2022-11-21 14:00:00+09:00,37650.0,37750.0,37500.0,37700.0,13394,0.0,0.0
2022-11-22 09:00:00+09:00,37500.0,37800.0,37350.0,37650.0,0,0.0,0.0
2022-11-22 10:00:00+09:00,37650.0,37700.0,37550.0,37700.0,8455,0.0,0.0
2022-11-22 11:00:00+09:00,37700.0,37700.0,37550.0,37700.0,4948,0.0,0.0
2022-11-22 12:00:00+09:00,37650.0,37750.0,37550.0,37550.0,13996,0.0,0.0
2022-11-22 13:00:00+09:00,37500.0,37550.0,37300.0,37400.0,15623,0.0,0.0
2022-11-22 14:00:00+09:00,37400.0,37550.0,37200.0,37300.0,16233,0.0,0.0
2022-11-23 09:00:00+09:00,37200.0,37650.0,37200.0,37450.0,0,0.0,0.0
2022-11-23 10:00:00+09:00,37450.0,37800.0,37400.0,37800.0,18064,0.0,0.0
2022-11-23 11:00:00+09:00,37800.0,37800.0,37400.0,37550.0,11672,0.0,0.0
2022-11-23 12:00:00+09:00,37550.0,37600.0,37400.0,37500.0,7271,0.0,0.0
2022-11-23 13:00:00+09:00,37500.0,37500.0,37250.0,37400.0,8686,0.0,0.0
2022-11-23 14:00:00+09:00,37350.0,37550.0,37300.0,37550.0,13896,0.0,0.0
2022-11-24 09:00:00+09:00,37550.0,38150.0,37500.0,37650.0,0,0.0,0.0
2022-11-24 10:00:00+09:00,37600.0,37900.0,37550.0,37850.0,8132,0.0,0.0
2022-11-24 11:00:00+09:00,37850.0,37950.0,37800.0,37950.0,7117,0.0,0.0
2022-11-24 12:00:00+09:00,37950.0,37950.0,37800.0,37900.0,7054,0.0,0.0
2022-11-24 13:00:00+09:00,37950.0,38050.0,37900.0,38000.0,9891,0.0,0.0
2022-11-24 14:00:00+09:00,37950.0,38200.0,37900.0,38200.0,16378,0.0,0.0
2022-11-25 09:00:00+09:00,38050.0,38400.0,37950.0,38250.0,0,0.0,0.0
2022-11-25 10:00:00+09:00,38250.0,38450.0,38050.0,38050.0,12426,0.0,0.0
2022-11-25 11:00:00+09:00,38100.0,38250.0,38000.0,38200.0,7948,0.0,0.0
2022-11-25 12:00:00+09:00,38200.0,38200.0,37850.0,37900.0,8935,0.0,0.0
2022-11-25 13:00:00+09:00,37900.0,38250.0,37850.0,38200.0,13314,0.0,0.0
2022-11-25 14:00:00+09:00,38200.0,38250.0,37900.0,37950.0,7103,0.0,0.0
2022-11-28 09:00:00+09:00,37700.0,37850.0,37250.0,37550.0,0,0.0,0.0
2022-11-28 10:00:00+09:00,37550.0,37750.0,37300.0,37350.0,9814,0.0,0.0
2022-11-28 11:00:00+09:00,37350.0,37450.0,37250.0,37350.0,3385,0.0,0.0
2022-11-28 12:00:00+09:00,37350.0,37450.0,37250.0,37350.0,8587,0.0,0.0
2022-11-28 13:00:00+09:00,37300.0,37450.0,37200.0,37350.0,7486,0.0,0.0
2022-11-28 14:00:00+09:00,37350.0,37400.0,37150.0,37200.0,11548,0.0,0.0
2022-11-29 09:00:00+09:00,36950.0,37500.0,36850.0,37350.0,0,0.0,0.0
2022-11-29 10:00:00+09:00,37400.0,37600.0,37200.0,37500.0,7490,0.0,0.0
2022-11-29 11:00:00+09:00,37550.0,37800.0,37500.0,37650.0,7996,0.0,0.0
2022-11-29 12:00:00+09:00,37650.0,37850.0,37650.0,37800.0,7730,0.0,0.0
2022-11-29 13:00:00+09:00,37800.0,37900.0,37700.0,37850.0,7196,0.0,0.0
2022-11-29 14:00:00+09:00,37850.0,37900.0,37750.0,37850.0,7814,0.0,0.0
2022-11-30 09:00:00+09:00,37700.0,37850.0,37450.0,37600.0,0,0.0,0.0
2022-11-30 10:00:00+09:00,37600.0,37950.0,37550.0,37750.0,7169,0.0,0.0
2022-11-30 11:00:00+09:00,37750.0,37850.0,37650.0,37800.0,4087,0.0,0.0
2022-11-30 12:00:00+09:00,37800.0,37850.0,37700.0,37700.0,2792,0.0,0.0
2022-11-30 13:00:00+09:00,37750.0,37950.0,37700.0,37800.0,7658,0.0,0.0
2022-11-30 14:00:00+09:00,37800.0,37900.0,37750.0,37800.0,6830,0.0,0.0
2022-12-01 09:00:00+09:00,38400.0,38800.0,38300.0,38500.0,6000,0.0,0.0
2022-12-01 10:00:00+09:00,38500.0,38600.0,38300.0,38500.0,15006,0.0,0.0
2022-12-01 11:00:00+09:00,38450.0,38500.0,38350.0,38400.0,7686,0.0,0.0
2022-12-01 12:00:00+09:00,38400.0,38400.0,38100.0,38100.0,12305,0.0,0.0
2022-12-01 13:00:00+09:00,38100.0,38350.0,38050.0,38250.0,7828,0.0,0.0
2022-12-01 14:00:00+09:00,38250.0,38350.0,38100.0,38250.0,9414,0.0,0.0
2022-12-02 09:00:00+09:00,38250.0,38750.0,37900.0,38650.0,0,0.0,0.0
2022-12-02 10:00:00+09:00,38650.0,38900.0,38650.0,38900.0,34724,0.0,0.0
2022-12-02 11:00:00+09:00,38850.0,39150.0,38800.0,39050.0,35866,0.0,0.0
2022-12-02 12:00:00+09:00,39000.0,39100.0,38850.0,39100.0,22242,0.0,0.0
2022-12-02 13:00:00+09:00,39100.0,39150.0,38950.0,39100.0,17564,0.0,0.0
2022-12-02 14:00:00+09:00,39100.0,39150.0,39000.0,39150.0,17712,0.0,0.0
2022-12-05 09:00:00+09:00,39700.0,39700.0,38850.0,38950.0,0,0.0,0.0
2022-12-05 10:00:00+09:00,38950.0,39350.0,38800.0,39300.0,21288,0.0,0.0
2022-12-05 11:00:00+09:00,39250.0,39550.0,39150.0,39400.0,22521,0.0,0.0
2022-12-05 12:00:00+09:00,39400.0,39550.0,39350.0,39500.0,18200,0.0,0.0
2022-12-05 13:00:00+09:00,39450.0,39550.0,39050.0,39350.0,34529,0.0,0.0
2022-12-05 14:00:00+09:00,39350.0,39500.0,39250.0,39400.0,14893,0.0,0.0
2022-12-06 09:00:00+09:00,38650.0,39200.0,38650.0,39000.0,0,0.0,0.0
2022-12-06 10:00:00+09:00,39000.0,39400.0,38800.0,39400.0,17622,0.0,0.0
2022-12-06 11:00:00+09:00,39350.0,39400.0,39100.0,39250.0,9884,0.0,0.0
2022-12-06 12:00:00+09:00,39250.0,39350.0,39100.0,39250.0,9125,0.0,0.0
2022-12-06 13:00:00+09:00,39250.0,39400.0,39150.0,39200.0,7787,0.0,0.0
2022-12-06 14:00:00+09:00,39250.0,39300.0,38950.0,39000.0,14062,0.0,0.0
2022-12-07 09:00:00+09:00,38900.0,39400.0,38750.0,39400.0,23695,0.0,0.0
2022-12-07 10:00:00+09:00,39350.0,39550.0,39000.0,39500.0,21317,0.0,0.0
2022-12-07 11:00:00+09:00,39500.0,39550.0,39400.0,39500.0,12086,0.0,0.0
2022-12-07 12:00:00+09:00,39500.0,39550.0,39350.0,39500.0,11777,0.0,0.0
2022-12-07 13:00:00+09:00,39500.0,39600.0,39450.0,39550.0,23696,0.0,0.0
2022-12-07 14:00:00+09:00,39550.0,39550.0,39250.0,39300.0,18662,0.0,0.0
2022-12-08 09:00:00+09:00,39500.0,39550.0,39150.0,39150.0,0,0.0,0.0
2022-12-08 10:00:00+09:00,39150.0,39300.0,39050.0,39250.0,11811,0.0,0.0
2022-12-08 11:00:00+09:00,39300.0,39550.0,39150.0,39400.0,17264,0.0,0.0
2022-12-08 12:00:00+09:00,39350.0,39400.0,39150.0,39300.0,7014,0.0,0.0
2022-12-08 13:00:00+09:00,39300.0,39300.0,39000.0,39050.0,12523,0.0,0.0
2022-12-08 14:00:00+09:00,39050.0,39150.0,38900.0,39150.0,11631,0.0,0.0
2022-12-09 09:00:00+09:00,38950.0,39500.0,38850.0,39400.0,0,0.0,0.0
2022-12-09 10:00:00+09:00,39400.0,39600.0,39350.0,39600.0,23997,0.0,0.0
2022-12-09 11:00:00+09:00,39600.0,39800.0,39550.0,39800.0,24003,0.0,0.0
2022-12-09 12:00:00+09:00,39800.0,39900.0,39750.0,39800.0,16816,0.0,0.0
2022-12-09 13:00:00+09:00,39800.0,39950.0,39750.0,39950.0,17276,0.0,0.0
2022-12-09 14:00:00+09:00,39950.0,39950.0,39150.0,39400.0,28343,0.0,0.0
2022-12-12 09:00:00+09:00,39300.0,39400.0,38700.0,39100.0,0,0.0,0.0
2022-12-12 10:00:00+09:00,39100.0,39300.0,39050.0,39250.0,8299,0.0,0.0
2022-12-12 11:00:00+09:00,39300.0,39500.0,39200.0,39500.0,16071,0.0,0.0
2022-12-12 12:00:00+09:00,39500.0,39500.0,39250.0,39400.0,15131,0.0,0.0
2022-12-12 13:00:00+09:00,39400.0,39500.0,39200.0,39300.0,14709,0.0,0.0
2022-12-12 14:00:00+09:00,39300.0,39400.0,38950.0,38950.0,10351,0.0,0.0
2022-12-13 09:00:00+09:00,39250.0,39500.0,39150.0,39200.0,0,0.0,0.0
2022-12-13 10:00:00+09:00,39200.0,39700.0,39150.0,39500.0,19334,0.0,0.0
2022-12-13 11:00:00+09:00,39550.0,39650.0,39400.0,39550.0,12990,0.0,0.0
2022-12-13 12:00:00+09:00,39550.0,39550.0,39350.0,39450.0,17042,0.0,0.0
2022-12-13 13:00:00+09:00,39450.0,39550.0,39400.0,39500.0,12464,0.0,0.0
2022-12-13 14:00:00+09:00,39500.0,39900.0,39450.0,39900.0,42330,0.0,0.0
2022-12-14 09:00:00+09:00,39700.0,40550.0,39700.0,40050.0,0,0.0,0.0
2022-12-14 10:00:00+09:00,40100.0,40100.0,39750.0,39850.0,19961,0.0,0.0
2022-12-14 11:00:00+09:00,39800.0,39950.0,39700.0,39800.0,11151,0.0,0.0
2022-12-14 12:00:00+09:00,39800.0,39850.0,39700.0,39750.0,12352,0.0,0.0
2022-12-14 13:00:00+09:00,39750.0,39800.0,39700.0,39700.0,8374,0.0,0.0
2022-12-14 14:00:00+09:00,39750.0,39900.0,39650.0,39800.0,9513,0.0,0.0
2022-12-15 09:00:00+09:00,39250.0,39550.0,38850.0,38950.0,0,0.0,0.0
2022-12-15 10:00:00+09:00,38950.0,39500.0,38900.0,39450.0,31676,0.0,0.0
2022-12-15 11:00:00+09:00,39450.0,39450.0,39100.0,39150.0,4988,0.0,0.0
2022-12-15 12:00:00+09:00,39150.0,39300.0,39000.0,39050.0,10854,0.0,0.0
2022-12-15 13:00:00+09:00,39100.0,39150.0,38950.0,39000.0,5276,0.0,0.0
2022-12-15 14:00:00+09:00,39050.0,39050.0,38850.0,38900.0,14006,0.0,0.0
2022-12-16 09:00:00+09:00,38200.0,38550.0,37850.0,38000.0,0,0.0,0.0
2022-12-16 10:00:00+09:00,38000.0,38150.0,37850.0,37900.0,20691,0.0,0.0
2022-12-16 11:00:00+09:00,37900.0,39350.0,37900.0,38900.0,45962,0.0,0.0
2022-12-16 12:00:00+09:00,38850.0,39600.0,38750.0,39450.0,39003,0.0,0.0
2022-12-16 13:00:00+09:00,39450.0,39500.0,39200.0,39200.0,7349,0.0,0.0
2022-12-16 14:00:00+09:00,39200.0,39450.0,39150.0,39400.0,8689,0.0,0.0
2022-12-19 09:00:00+09:00,39100.0,39350.0,39000.0,39050.0,11519,0.0,0.0
2022-12-19 10:00:00+09:00,39150.0,39550.0,39050.0,39350.0,12454,0.0,0.0
2022-12-19 11:00:00+09:00,39350.0,39500.0,39250.0,39450.0,10582,0.0,0.0
2022-12-19 12:00:00+09:00,39400.0,39500.0,39250.0,39450.0,7044,0.0,0.0
2022-12-19 13:00:00+09:00,39450.0,39500.0,39250.0,39450.0,12229,0.0,0.0
2022-12-19 14:00:00+09:00,39400.0,39500.0,39200.0,39450.0,12406,0.0,0.0
2022-12-20 09:00:00+09:00,39000.0,39100.0,38700.0,38900.0,0,0.0,0.0
2022-12-20 10:00:00+09:00,38900.0,39500.0,38850.0,39500.0,37924,0.0,0.0
2022-12-20 11:00:00+09:00,39450.0,39500.0,39400.0,39450.0,5923,0.0,0.0
2022-12-20 12:00:00+09:00,39450.0,39500.0,39150.0,39200.0,8957,0.0,0.0
2022-12-20 13:00:00+09:00,39200.0,39200.0,38800.0,39050.0,11487,0.0,0.0
2022-12-20 14:00:00+09:00,39050.0,39150.0,38700.0,38750.0,10744,0.0,0.0
2022-12-21 09:00:00+09:00,39000.0,39000.0,38550.0,38900.0,0,0.0,0.0
2022-12-21 10:00:00+09:00,38950.0,39150.0,38900.0,39100.0,6841,0.0,0.0
2022-12-21 11:00:00+09:00,39100.0,39150.0,38900.0,39100.0,5075,0.0,0.0
2022-12-21 12:00:00+09:00,39100.0,39100.0,38750.0,38800.0,3969,0.0,0.0
2022-12-21 13:00:00+09:00,38750.0,39000.0,38700.0,38800.0,5498,0.0,0.0
2022-12-21 14:00:00+09:00,38850.0,38950.0,38800.0,38800.0,4229,0.0,0.0
2022-12-22 09:00:00+09:00,38950.0,39700.0,38950.0,39300.0,9434,0.0,0.0
2022-12-22 10:00:00+09:00,39300.0,39350.0,39150.0,39300.0,17888,0.0,0.0
2022-12-22 11:00:00+09:00,39300.0,39300.0,39200.0,39200.0,8687,0.0,0.0
2022-12-22 12:00:00+09:00,39200.0,39300.0,39100.0,39200.0,13822,0.0,0.0
2022-12-22 13:00:00+09:00,39200.0,39300.0,39150.0,39300.0,9324,0.0,0.0
2022-12-22 14:00:00+09:00,39300.0,39350.0,39200.0,39350.0,21558,0.0,0.0
2022-12-23 09:00:00+09:00,38800.0,38850.0,38300.0,38450.0,0,0.0,0.0
2022-12-23 10:00:00+09:00,38500.0,38950.0,38400.0,38700.0,17854,0.0,0.0
2022-12-23 11:00:00+09:00,38700.0,38750.0,38000.0,38050.0,42842,0.0,0.0
2022-12-23 12:00:00+09:00,38050.0,38100.0,37800.0,38050.0,18409,0.0,0.0
2022-12-23 13:00:00+09:00,38000.0,38100.0,37750.0,38100.0,32243,0.0,0.0
2022-12-23 14:00:00+09:00,38100.0,38150.0,37650.0,37850.0,34643,0.0,0.0
2022-12-26 09:00:00+09:00,37400.0,38100.0,37400.0,38050.0,0,0.0,0.0
2022-12-26 10:00:00+09:00,38100.0,38300.0,38000.0,38200.0,21065,0.0,0.0
2022-12-26 11:00:00+09:00,38200.0,38400.0,38150.0,38350.0,12690,0.0,0.0
2022-12-26 12:00:00+09:00,38350.0,38550.0,38300.0,38450.0,17577,0.0,0.0
2022-12-26 13:00:00+09:00,38400.0,38450.0,38250.0,38250.0,10207,0.0,0.0
2022-12-26 14:00:00+09:00,38300.0,38350.0,38100.0,38300.0,19248,0.0,0.0
2022-12-27 09:00:00+09:00,38300.0,38700.0,38300.0,38300.0,0,0.0,0.0
2022-12-27 10:00:00+09:00,38350.0,38500.0,38250.0,38450.0,19090,0.0,0.0
2022-12-27 11:00:00+09:00,38450.0,38600.0,38350.0,38600.0,19936,0.0,0.0
2022-12-27 12:00:00+09:00,38600.0,38600.0,38400.0,38550.0,15453,0.0,0.0
2022-12-27 13:00:00+09:00,38550.0,38650.0,38400.0,38600.0,18387,0.0,0.0
2022-12-27 14:00:00+09:00,38600.0,38650.0,38500.0,38600.0,22727,0.0,0.0
2022-12-28 09:00:00+09:00,38300.0,38650.0,37800.0,37950.0,0,0.0,0.0
2022-12-28 10:00:00+09:00,37950.0,37950.0,37550.0,37600.0,21704,0.0,0.0
2022-12-28 11:00:00+09:00,37600.0,37700.0,37450.0,37450.0,16349,0.0,0.0
2022-12-28 12:00:00+09:00,37500.0,37600.0,37400.0,37450.0,11252,0.0,0.0
2022-12-28 13:00:00+09:00,37400.0,37450.0,37200.0,37250.0,16954,0.0,0.0
2022-12-28 14:00:00+09:00,37250.0,37300.0,37100.0,37150.0,16470,0.0,0.0
2022-12-29 09:00:00+09:00,37100.0,37200.0,36600.0,36950.0,0,0.0,0.0
2022-12-29 10:00:00+09:00,36950.0,37050.0,36600.0,36650.0,11997,0.0,0.0
2022-12-29 11:00:00+09:00,36650.0,36850.0,36550.0,36750.0,11831,0.0,0.0
2022-12-29 12:00:00+09:00,36750.0,36750.0,36450.0,36500.0,14867,0.0,0.0
2022-12-29 13:00:00+09:00,36500.0,37150.0,36450.0,37100.0,12352,0.0,0.0
2022-12-29 14:00:00+09:00,37100.0,37200.0,37000.0,37000.0,10810,0.0,0.0
2023-01-02 10:00:00+09:00,37850.0,38500.0,37700.0,38050.0,68772,0.0,0.0
2023-01-02 11:00:00+09:00,38000.0,38250.0,38000.0,38100.0,22089,0.0,0.0
2023-01-02 12:00:00+09:00,38100.0,38150.0,37650.0,37900.0,25633,0.0,0.0
2023-01-02 13:00:00+09:00,37900.0,38050.0,37650.0,37900.0,15593,0.0,0.0
2023-01-02 14:00:00+09:00,37800.0,38000.0,37650.0,37900.0,21379,0.0,0.0
2023-01-03 09:00:00+09:00,37400.0,37900.0,37150.0,37450.0,0,0.0,0.0
2023-01-03 10:00:00+09:00,37450.0,37500.0,36850.0,37250.0,19438,0.0,0.0
2023-01-03 11:00:00+09:00,37250.0,37900.0,37200.0,37800.0,9475,0.0,0.0
2023-01-03 12:00:00+09:00,37850.0,38000.0,37350.0,37850.0,34026,0.0,0.0
2023-01-03 13:00:00+09:00,37900.0,37950.0,37700.0,37850.0,11079,0.0,0.0
2023-01-03 14:00:00+09:00,37850.0,38100.0,37800.0,38100.0,19316,0.0,0.0
2023-01-04 09:00:00+09:00,37500.0,37850.0,37500.0,37650.0,0,0.0,0.0
2023-01-04 10:00:00+09:00,37650.0,37800.0,37450.0,37500.0,11695,0.0,0.0
2023-01-04 11:00:00+09:00,37500.0,37600.0,37350.0,37350.0,11038,0.0,0.0
2023-01-04 12:00:00+09:00,37350.0,37500.0,37200.0,37300.0,16349,0.0,0.0
2023-01-04 13:00:00+09:00,37300.0,37350.0,37150.0,37200.0,13038,0.0,0.0
2023-01-04 14:00:00+09:00,37250.0,37250.0,37100.0,37200.0,10722,0.0,0.0
2023-01-05 09:00:00+09:00,37200.0,37200.0,36200.0,36200.0,0,0.0,0.0
2023-01-05 10:00:00+09:00,36250.0,36250.0,35250.0,35300.0,96268,0.0,0.0
2023-01-05 11:00:00+09:00,35300.0,35500.0,34900.0,35500.0,63270,0.0,0.0
2023-01-05 12:00:00+09:00,35500.0,35700.0,35350.0,35500.0,25611,0.0,0.0
2023-01-05 13:00:00+09:00,35550.0,36300.0,35350.0,36200.0,44586,0.0,0.0
2023-01-05 14:00:00+09:00,36200.0,36550.0,36150.0,36450.0,34502,0.0,0.0
2023-01-06 09:00:00+09:00,35950.0,36350.0,35750.0,36100.0,0,0.0,0.0
2023-01-06 10:00:00+09:00,36100.0,36450.0,36000.0,36400.0,10604,0.0,0.0
2023-01-06 11:00:00+09:00,36400.0,36700.0,36300.0,36700.0,9464,0.0,0.0
2023-01-06 12:00:00+09:00,36700.0,36800.0,36500.0,36550.0,9051,0.0,0.0
2023-01-06 13:00:00+09:00,36600.0,37100.0,36600.0,37050.0,24299,0.0,0.0
2023-01-06 14:00:00+09:00,37050.0,37050.0,36800.0,37000.0,22741,0.0,0.0
2023-01-09 09:00:00+09:00,36950.0,38000.0,36950.0,37550.0,0,0.0,0.0
2023-01-09 10:00:00+09:00,37550.0,37650.0,37250.0,37250.0,15619,0.0,0.0
2023-01-09 11:00:00+09:00,37250.0,37450.0,37200.0,37350.0,6162,0.0,0.0
2023-01-09 12:00:00+09:00,37350.0,37450.0,37250.0,37400.0,4673,0.0,0.0
2023-01-09 13:00:00+09:00,37450.0,37450.0,37300.0,37450.0,4800,0.0,0.0
2023-01-09 14:00:00+09:00,37450.0,37500.0,37350.0,37400.0,7912,0.0,0.0
2023-01-10 09:00:00+09:00,37250.0,38000.0,37100.0,37850.0,0,0.0,0.0
2023-01-10 10:00:00+09:00,37850.0,37900.0,37700.0,37800.0,7950,0.0,0.0
2023-01-10 11:00:00+09:00,37800.0,37900.0,37600.0,37650.0,12450,0.0,0.0
2023-01-10 12:00:00+09:00,37650.0,37650.0,37450.0,37600.0,13085,0.0,0.0
2023-01-10 13:00:00+09:00,37600.0,37700.0,37500.0,37600.0,7693,0.0,0.0
2023-01-10 14:00:00+09:00,37550.0,37750.0,37550.0,37700.0,11610,0.0,0.0
2023-01-11 09:00:00+09:00,37700.0,38200.0,37700.0,38150.0,0,0.0,0.0
2023-01-11 10:00:00+09:00,38200.0,38450.0,38150.0,38300.0,20417,0.0,0.0
2023-01-11 11:00:00+09:00,38350.0,38400.0,38300.0,38350.0,4872,0.0,0.0
2023-01-11 12:00:00+09:00,38300.0,38400.0,38300.0,38350.0,4917,0.0,0.0
2023-01-11 13:00:00+09:00,38350.0,38450.0,38100.0,38400.0,15383,0.0,0.0
2023-01-11 14:00:00+09:00,38400.0,38450.0,38300.0,38350.0,10968,0.0,0.0
2023-01-12 09:00:00+09:00,39050.0,39250.0,38700.0,38850.0,0,0.0,0.0
2023-01-12 10:00:00+09:00,38900.0,39000.0,38700.0,38800.0,10322,0.0,0.0
2023-01-12 11:00:00+09:00,38800.0,39100.0,38750.0,38850.0,7460,0.0,0.0
2023-01-12 12:00:00+09:00,38900.0,38900.0,38750.0,38850.0,4216,0.0,0.0
2023-01-12 13:00:00+09:00,38800.0,39050.0,38750.0,39050.0,9051,0.0,0.0
2023-01-12 14:00:00+09:00,39050.0,39100.0,38800.0,38900.0,9936,0.0,0.0
2023-01-13 09:00:00+09:00,38750.0,39300.0,38650.0,38850.0,0,0.0,0.0
2023-01-13 10:00:00+09:00,38850.0,38900.0,38500.0,38650.0,13171,0.0,0.0
2023-01-13 11:00:00+09:00,38650.0,38650.0,38550.0,38600.0,3088,0.0,0.0
2023-01-13 12:00:00+09:00,38550.0,38950.0,38550.0,38800.0,9293,0.0,0.0
2023-01-13 13:00:00+09:00,38800.0,38800.0,38600.0,38600.0,3716,0.0,0.0
2023-01-13 14:00:00+09:00,38650.0,38750.0,38550.0,38750.0,7570,0.0,0.0
2023-01-16 09:00:00+09:00,38900.0,38950.0,38350.0,38900.0,0,0.0,0.0
2023-01-16 10:00:00+09:00,38850.0,39150.0,38700.0,39000.0,12246,0.0,0.0
2023-01-16 11:00:00+09:00,38950.0,39500.0,38650.0,39500.0,32331,0.0,0.0
2023-01-16 12:00:00+09:00,39500.0,39550.0,39350.0,39450.0,20132,0.0,0.0
2023-01-16 13:00:00+09:00,39500.0,39550.0,39400.0,39450.0,9943,0.0,0.0
2023-01-16 14:00:00+09:00,39400.0,39550.0,39350.0,39550.0,15244,0.0,0.0
2023-01-17 09:00:00+09:00,39550.0,39700.0,39300.0,39500.0,0,0.0,0.0
2023-01-17 10:00:00+09:00,39500.0,39500.0,39300.0,39300.0,13423,0.0,0.0
2023-01-17 11:00:00+09:00,39250.0,39500.0,39200.0,39300.0,18821,0.0,0.0
2023-01-17 12:00:00+09:00,39300.0,39500.0,39050.0,39400.0,18395,0.0,0.0
2023-01-17 13:00:00+09:00,39450.0,39500.0,39300.0,39350.0,8228,0.0,0.0
2023-01-17 14:00:00+09:00,39300.0,39450.0,39200.0,39200.0,10252,0.0,0.0
2023-01-18 09:00:00+09:00,39150.0,39150.0,38350.0,38550.0,0,0.0,0.0
2023-01-18 10:00:00+09:00,38650.0,38650.0,38300.0,38300.0,14798,0.0,0.0
2023-01-18 11:00:00+09:00,38300.0,38450.0,38100.0,38100.0,16543,0.0,0.0
2023-01-18 12:00:00+09:00,38100.0,38400.0,38100.0,38250.0,7479,0.0,0.0
2023-01-18 13:00:00+09:00,38200.0,38250.0,37950.0,38000.0,19442,0.0,0.0
2023-01-18 14:00:00+09:00,38000.0,38150.0,37800.0,37800.0,20013,0.0,0.0
2023-01-19 09:00:00+09:00,37900.0,40500.0,37900.0,40500.0,255403,0.0,0.0
2023-01-19 10:00:00+09:00,40500.0,42100.0,40450.0,41800.0,524184,0.0,0.0
2023-01-19 11:00:00+09:00,41800.0,42850.0,41700.0,42050.0,329827,0.0,0.0
2023-01-19 12:00:00+09:00,42100.0,42400.0,42000.0,42200.0,102478,0.0,0.0
2023-01-19 13:00:00+09:00,42250.0,42350.0,41200.0,41200.0,153104,0.0,0.0
2023-01-19 14:00:00+09:00,41200.0,41500.0,40950.0,41200.0,122719,0.0,0.0
2023-01-20 09:00:00+09:00,41250.0,41250.0,39800.0,40000.0,0,0.0,0.0
2023-01-20 10:00:00+09:00,40000.0,40050.0,39600.0,39950.0,79598,0.0,0.0
2023-01-20 11:00:00+09:00,39900.0,40050.0,39700.0,39800.0,44597,0.0,0.0
2023-01-20 12:00:00+09:00,39750.0,39900.0,39650.0,39750.0,36246,0.0,0.0
2023-01-20 13:00:00+09:00,39800.0,39800.0,39500.0,39550.0,58608,0.0,0.0
2023-01-20 14:00:00+09:00,39550.0,39850.0,39550.0,39650.0,36514,0.0,0.0
2023-01-25 09:00:00+09:00,39950.0,39950.0,39050.0,39450.0,0,0.0,0.0
2023-01-25 10:00:00+09:00,39450.0,39850.0,39350.0,39700.0,46883,0.0,0.0
2023-01-25 11:00:00+09:00,39700.0,40000.0,39650.0,39750.0,31542,0.0,0.0
2023-01-25 12:00:00+09:00,39750.0,39850.0,39600.0,39700.0,10785,0.0,0.0
2023-01-25 13:00:00+09:00,39700.0,40050.0,39650.0,39950.0,36314,0.0,0.0
2023-01-25 14:00:00+09:00,39950.0,40000.0,39850.0,39900.0,25565,0.0,0.0
2023-01-26 09:00:00+09:00,40300.0,40350.0,39800.0,40000.0,136113,0.0,0.0
2023-01-26 10:00:00+09:00,40000.0,40000.0,39500.0,39650.0,59807,0.0,0.0
2023-01-26 11:00:00+09:00,39650.0,39800.0,39450.0,39650.0,32083,0.0,0.0
2023-01-26 12:00:00+09:00,39650.0,39800.0,39500.0,39650.0,28170,0.0,0.0
2023-01-26 13:00:00+09:00,39650.0,39800.0,39250.0,39250.0,54467,0.0,0.0
2023-01-26 14:00:00+09:00,39250.0,39800.0,38950.0,39050.0,64458,0.0,0.0
2023-01-27 09:00:00+09:00,39200.0,39500.0,38950.0,39300.0,43775,0.0,0.0
2023-01-27 10:00:00+09:00,39350.0,39600.0,39300.0,39400.0,22332,0.0,0.0
2023-01-27 11:00:00+09:00,39400.0,39550.0,39350.0,39500.0,15822,0.0,0.0
2023-01-27 12:00:00+09:00,39500.0,39500.0,39400.0,39450.0,17321,0.0,0.0
2023-01-27 13:00:00+09:00,39500.0,39500.0,39350.0,39500.0,15375,0.0,0.0
2023-01-27 14:00:00+09:00,39450.0,39500.0,39400.0,39450.0,14200,0.0,0.0
2023-01-30 09:00:00+09:00,39550.0,39800.0,39200.0,39450.0,0,0.0,0.0
2023-01-30 10:00:00+09:00,39450.0,39550.0,39300.0,39450.0,21443,0.0,0.0
2023-01-30 11:00:00+09:00,39400.0,39500.0,39200.0,39200.0,24145,0.0,0.0
2023-01-30 12:00:00+09:00,39200.0,39450.0,39200.0,39300.0,8101,0.0,0.0
2023-01-30 13:00:00+09:00,39300.0,39350.0,39100.0,39150.0,12742,0.0,0.0
2023-01-30 14:00:00+09:00,39150.0,39200.0,38850.0,39150.0,28597,0.0,0.0
2023-01-31 09:00:00+09:00,38850.0,39500.0,38650.0,39250.0,0,0.0,0.0
2023-01-31 10:00:00+09:00,39300.0,39350.0,38900.0,38950.0,21766,0.0,0.0
2023-01-31 11:00:00+09:00,38900.0,39100.0,38800.0,39000.0,13432,0.0,0.0
2023-01-31 12:00:00+09:00,39000.0,39150.0,38800.0,39050.0,13421,0.0,0.0
2023-01-31 13:00:00+09:00,39000.0,39100.0,38800.0,39000.0,14908,0.0,0.0
2023-01-31 14:00:00+09:00,38950.0,39100.0,38850.0,38950.0,18270,0.0,0.0
2023-02-01 09:00:00+09:00,39450.0,39500.0,38950.0,39350.0,0,0.0,0.0
2023-02-01 10:00:00+09:00,39350.0,39400.0,39150.0,39400.0,18472,0.0,0.0
2023-02-01 11:00:00+09:00,39400.0,39450.0,39300.0,39350.0,18840,0.0,0.0
2023-02-01 12:00:00+09:00,39400.0,39450.0,39350.0,39400.0,10422,0.0,0.0
2023-02-01 13:00:00+09:00,39400.0,39700.0,39400.0,39650.0,70801,0.0,0.0
2023-02-01 14:00:00+09:00,39650.0,39750.0,39450.0,39700.0,30265,0.0,0.0
2023-02-02 09:00:00+09:00,39850.0,40050.0,39800.0,39900.0,0,0.0,0.0
2023-02-02 10:00:00+09:00,39900.0,39950.0,39750.0,39850.0,25169,0.0,0.0
2023-02-02 11:00:00+09:00,39850.0,39950.0,39800.0,39900.0,15233,0.0,0.0
2023-02-02 12:00:00+09:00,39850.0,39950.0,39850.0,39900.0,13177,0.0,0.0
2023-02-02 13:00:00+09:00,39850.0,39900.0,39650.0,39800.0,21815,0.0,0.0
2023-02-02 14:00:00+09:00,39750.0,39950.0,39650.0,39900.0,24406,0.0,0.0
2023-02-03 09:00:00+09:00,39950.0,40250.0,39650.0,39950.0,32383,0.0,0.0
2023-02-03 10:00:00+09:00,39950.0,40000.0,39850.0,39900.0,16964,0.0,0.0
2023-02-03 11:00:00+09:00,39900.0,40100.0,39850.0,40000.0,16295,0.0,0.0
2023-02-03 12:00:00+09:00,40000.0,40050.0,39900.0,39900.0,14557,0.0,0.0
2023-02-03 13:00:00+09:00,39900.0,39950.0,39800.0,39900.0,9787,0.0,0.0
2023-02-03 14:00:00+09:00,39950.0,39950.0,39800.0,39850.0,11565,0.0,0.0
2023-02-06 09:00:00+09:00,39650.0,39700.0,39150.0,39350.0,0,0.0,0.0
2023-02-06 10:00:00+09:00,39500.0,39700.0,39300.0,39600.0,12045,0.0,0.0
2023-02-06 11:00:00+09:00,39600.0,39650.0,39450.0,39500.0,5758,0.0,0.0
2023-02-06 12:00:00+09:00,39450.0,39650.0,39400.0,39550.0,1990,0.0,0.0
2023-02-06 13:00:00+09:00,39550.0,39550.0,39250.0,39250.0,8315,0.0,0.0
2023-02-06 14:00:00+09:00,39250.0,39400.0,39000.0,39050.0,34290,0.0,0.0
2023-02-07 09:00:00+09:00,39000.0,39300.0,38850.0,39150.0,22731,0.0,0.0
2023-02-07 10:00:00+09:00,39150.0,39350.0,39150.0,39350.0,6823,0.0,0.0
2023-02-07 11:00:00+09:00,39350.0,39500.0,39300.0,39400.0,5875,0.0,0.0
2023-02-07 12:00:00+09:00,39400.0,39750.0,39350.0,39700.0,20588,0.0,0.0
2023-02-07 13:00:00+09:00,39700.0,39700.0,39350.0,39600.0,15782,0.0,0.0
2023-02-07 14:00:00+09:00,39600.0,39600.0,39400.0,39500.0,12215,0.0,0.0
2023-02-08 09:00:00+09:00,39800.0,40050.0,39450.0,40000.0,0,0.0,0.0
2023-02-08 10:00:00+09:00,40000.0,40050.0,39700.0,39850.0,22091,0.0,0.0
2023-02-08 11:00:00+09:00,39850.0,39950.0,39800.0,39900.0,10005,0.0,0.0
2023-02-08 12:00:00+09:00,39900.0,39950.0,39850.0,39950.0,7746,0.0,0.0
2023-02-08 13:00:00+09:00,39950.0,39950.0,39750.0,39800.0,12690,0.0,0.0
2023-02-08 14:00:00+09:00,39800.0,39900.0,39700.0,39750.0,14896,0.0,0.0
2023-02-09 09:00:00+09:00,39600.0,39750.0,39400.0,39450.0,22208,0.0,0.0
2023-02-09 10:00:00+09:00,39450.0,40000.0,39450.0,39850.0,16912,0.0,0.0
2023-02-09 11:00:00+09:00,39850.0,40250.0,39800.0,40100.0,44957,0.0,0.0
2023-02-09 12:00:00+09:00,40150.0,40150.0,39950.0,40000.0,8137,0.0,0.0
2023-02-09 13:00:00+09:00,40000.0,40100.0,39900.0,39950.0,10737,0.0,0.0
2023-02-09 14:00:00+09:00,39950.0,40100.0,39900.0,40100.0,11166,0.0,0.0
2023-02-10 09:00:00+09:00,40350.0,40350.0,39400.0,39400.0,0,0.0,0.0
2023-02-10 10:00:00+09:00,39400.0,39500.0,39250.0,39450.0,24519,0.0,0.0
2023-02-10 11:00:00+09:00,39400.0,39500.0,39200.0,39250.0,16329,0.0,0.0
2023-02-10 12:00:00+09:00,39200.0,39250.0,39100.0,39150.0,14549,0.0,0.0
2023-02-10 13:00:00+09:00,39200.0,39350.0,39050.0,39300.0,19095,0.0,0.0
2023-02-10 14:00:00+09:00,39300.0,39650.0,39200.0,39550.0,25734,0.0,0.0
2023-02-13 09:00:00+09:00,39550.0,39550.0,39050.0,39250.0,0,0.0,0.0
2023-02-13 10:00:00+09:00,39300.0,39300.0,38950.0,38950.0,22362,0.0,0.0
2023-02-13 11:00:00+09:00,39000.0,39900.0,38850.0,39550.0,65823,0.0,0.0
2023-02-13 12:00:00+09:00,39550.0,39850.0,39450.0,39500.0,20423,0.0,0.0
2023-02-13 13:00:00+09:00,39500.0,39600.0,39100.0,39150.0,29503,0.0,0.0
2023-02-13 14:00:00+09:00,39150.0,39200.0,38800.0,38900.0,48984,0.0,0.0
2023-02-14 09:00:00+09:00,39200.0,40350.0,39100.0,40050.0,0,0.0,0.0
2023-02-14 10:00:00+09:00,40000.0,40300.0,39950.0,40200.0,48092,0.0,0.0
2023-02-14 11:00:00+09:00,40200.0,40350.0,40000.0,40300.0,42312,0.0,0.0
2023-02-14 12:00:00+09:00,40350.0,40400.0,40150.0,40350.0,25619,0.0,0.0
2023-02-14 13:00:00+09:00,40350.0,40600.0,40300.0,40550.0,77726,0.0,0.0
2023-02-14 14:00:00+09:00,40550.0,40650.0,40400.0,40500.0,33137,0.0,0.0
2023-02-15 09:00:00+09:00,40650.0,40800.0,39800.0,39900.0,0,0.0,0.0
2023-02-15 10:00:00+09:00,39950.0,40000.0,39400.0,39500.0,43575,0.0,0.0
2023-02-15 11:00:00+09:00,39450.0,39500.0,39200.0,39250.0,42566,0.0,0.0
2023-02-15 12:00:00+09:00,39250.0,39300.0,39000.0,39100.0,36473,0.0,0.0
2023-02-15 13:00:00+09:00,39100.0,39150.0,38800.0,38950.0,39607,0.0,0.0
2023-02-15 14:00:00+09:00,38900.0,38950.0,38500.0,38650.0,68839,0.0,0.0
2023-02-16 09:00:00+09:00,39000.0,39000.0,38550.0,38700.0,0,0.0,0.0
2023-02-16 10:00:00+09:00,38750.0,39150.0,38700.0,39100.0,24993,0.0,0.0
2023-02-16 11:00:00+09:00,39100.0,39200.0,38800.0,38900.0,22722,0.0,0.0
2023-02-16 12:00:00+09:00,38950.0,39050.0,38800.0,38900.0,13284,0.0,0.0
2023-02-16 13:00:00+09:00,38850.0,38900.0,38750.0,38750.0,16144,0.0,0.0
2023-02-16 14:00:00+09:00,38750.0,38850.0,38650.0,38750.0,22602,0.0,0.0
2023-02-17 09:00:00+09:00,38350.0,38400.0,37700.0,37800.0,0,0.0,0.0
2023-02-17 10:00:00+09:00,37800.0,38350.0,37800.0,38350.0,21793,0.0,0.0
2023-02-17 11:00:00+09:00,38350.0,38350.0,38050.0,38100.0,10506,0.0,0.0
2023-02-17 12:00:00+09:00,38100.0,38150.0,37950.0,37950.0,13773,0.0,0.0
2023-02-17 13:00:00+09:00,37950.0,38000.0,37750.0,37750.0,31514,0.0,0.0
2023-02-17 14:00:00+09:00,37750.0,37950.0,37650.0,37700.0,41962,0.0,0.0
2023-02-20 09:00:00+09:00,38000.0,38300.0,37450.0,38250.0,0,0.0,0.0
2023-02-20 10:00:00+09:00,38300.0,38800.0,38250.0,38750.0,48670,0.0,0.0
2023-02-20 11:00:00+09:00,38750.0,38950.0,38700.0,38750.0,21252,0.0,0.0
2023-02-20 12:00:00+09:00,38750.0,38900.0,38700.0,38850.0,9218,0.0,0.0
2023-02-20 13:00:00+09:00,38900.0,39000.0,38650.0,38750.0,13911,0.0,0.0
2023-02-20 14:00:00+09:00,38800.0,38800.0,38550.0,38600.0,10968,0.0,0.0
2023-02-21 09:00:00+09:00,38550.0,39100.0,38400.0,38400.0,26200,0.0,0.0
2023-02-21 10:00:00+09:00,38400.0,38650.0,38250.0,38600.0,23084,0.0,0.0
2023-02-21 11:00:00+09:00,38650.0,38650.0,38450.0,38500.0,4638,0.0,0.0
2023-02-21 12:00:00+09:00,38550.0,38550.0,38300.0,38300.0,11409,0.0,0.0
2023-02-21 13:00:00+09:00,38300.0,38400.0,38200.0,38200.0,10278,0.0,0.0
2023-02-21 14:00:00+09:00,38100.0,38150.0,37850.0,38000.0,39731,0.0,0.0
2023-02-22 09:00:00+09:00,37600.0,37800.0,37250.0,37500.0,0,0.0,0.0
2023-02-22 10:00:00+09:00,37500.0,37600.0,37350.0,37350.0,30630,0.0,0.0
2023-02-22 11:00:00+09:00,37400.0,37650.0,37350.0,37600.0,14433,0.0,0.0
2023-02-22 12:00:00+09:00,37600.0,37800.0,37600.0,37700.0,18764,0.0,0.0
2023-02-22 13:00:00+09:00,37700.0,37800.0,37550.0,37550.0,23683,0.0,0.0
2023-02-22 14:00:00+09:00,37600.0,37650.0,37450.0,37600.0,26638,0.0,0.0
2023-02-23 09:00:00+09:00,38000.0,38300.0,37800.0,38200.0,0,0.0,0.0
2023-02-23 10:00:00+09:00,38200.0,38600.0,38200.0,38600.0,75981,0.0,0.0
2023-02-23 11:00:00+09:00,38600.0,38650.0,38450.0,38600.0,16084,0.0,0.0
2023-02-23 12:00:00+09:00,38550.0,38600.0,38300.0,38300.0,14808,0.0,0.0
2023-02-23 13:00:00+09:00,38300.0,38600.0,38300.0,38400.0,14247,0.0,0.0
2023-02-23 14:00:00+09:00,38400.0,38550.0,38300.0,38300.0,18827,0.0,0.0
2023-02-24 09:00:00+09:00,38300.0,38300.0,37750.0,37850.0,0,0.0,0.0
2023-02-24 10:00:00+09:00,37850.0,37950.0,37700.0,37750.0,21877,0.0,0.0
2023-02-24 11:00:00+09:00,37750.0,37750.0,37600.0,37700.0,10500,0.0,0.0
2023-02-24 12:00:00+09:00,37650.0,37750.0,37600.0,37650.0,15098,0.0,0.0
2023-02-24 13:00:00+09:00,37650.0,37700.0,37450.0,37500.0,23027,0.0,0.0
2023-02-24 14:00:00+09:00,37500.0,37700.0,37450.0,37600.0,16734,0.0,0.0
2023-02-27 09:00:00+09:00,37250.0,37250.0,36450.0,36700.0,0,0.0,0.0
2023-02-27 10:00:00+09:00,36700.0,37050.0,36550.0,37000.0,16163,0.0,0.0
2023-02-27 11:00:00+09:00,37000.0,37050.0,36850.0,36950.0,12347,0.0,0.0
2023-02-27 12:00:00+09:00,37000.0,37000.0,36800.0,36850.0,7274,0.0,0.0
2023-02-27 13:00:00+09:00,36800.0,36900.0,36700.0,36850.0,14966,0.0,0.0
2023-02-27 14:00:00+09:00,36850.0,36850.0,36700.0,36750.0,8506,0.0,0.0
2023-02-28 09:00:00+09:00,36850.0,37150.0,36300.0,36350.0,0,0.0,0.0
2023-02-28 10:00:00+09:00,36350.0,36650.0,36300.0,36400.0,32064,0.0,0.0
2023-02-28 11:00:00+09:00,36400.0,36800.0,36350.0,36500.0,24970,0.0,0.0
2023-02-28 12:00:00+09:00,36450.0,36800.0,36450.0,36800.0,18711,0.0,0.0
2023-02-28 13:00:00+09:00,36750.0,36850.0,36650.0,36650.0,19847,0.0,0.0
2023-02-28 14:00:00+09:00,36700.0,36800.0,36450.0,36500.0,26878,0.0,0.0
2023-03-02 09:00:00+09:00,36350.0,36650.0,36200.0,36350.0,0,0.0,0.0
2023-03-02 10:00:00+09:00,36350.0,36450.0,36000.0,36200.0,43389,0.0,0.0
2023-03-02 11:00:00+09:00,36200.0,36350.0,36050.0,36150.0,19061,0.0,0.0
2023-03-02 12:00:00+09:00,36200.0,36250.0,36050.0,36150.0,13028,0.0,0.0
2023-03-02 13:00:00+09:00,36150.0,36350.0,36150.0,36350.0,15450,0.0,0.0
2023-03-02 14:00:00+09:00,36350.0,36450.0,36000.0,36050.0,34890,0.0,0.0
2023-03-03 09:00:00+09:00,36150.0,36550.0,36150.0,36400.0,0,0.0,0.0
2023-03-03 10:00:00+09:00,36400.0,36450.0,36150.0,36250.0,13228,0.0,0.0
2023-03-03 11:00:00+09:00,36200.0,36400.0,36100.0,36300.0,21362,0.0,0.0
2023-03-03 12:00:00+09:00,36350.0,36600.0,36250.0,36600.0,27529,0.0,0.0
2023-03-03 13:00:00+09:00,36600.0,36750.0,36500.0,36600.0,22300,0.0,0.0
2023-03-03 14:00:00+09:00,36650.0,36700.0,36000.0,36350.0,36566,0.0,0.0
2023-03-06 09:00:00+09:00,36750.0,36750.0,36400.0,36550.0,0,0.0,0.0
2023-03-06 10:00:00+09:00,36550.0,36750.0,36400.0,36700.0,22608,0.0,0.0
2023-03-06 11:00:00+09:00,36650.0,37100.0,36600.0,37100.0,26971,0.0,0.0
2023-03-06 12:00:00+09:00,37050.0,37200.0,37000.0,37050.0,19408,0.0,0.0
2023-03-06 13:00:00+09:00,37050.0,37150.0,36950.0,37150.0,17545,0.0,0.0
2023-03-06 14:00:00+09:00,37100.0,37200.0,37000.0,37150.0,20115,0.0,0.0
2023-03-07 09:00:00+09:00,37100.0,37800.0,37050.0,37600.0,0,0.0,0.0
2023-03-07 10:00:00+09:00,37600.0,38050.0,37500.0,37850.0,50507,0.0,0.0
2023-03-07 11:00:00+09:00,37900.0,38000.0,37800.0,37900.0,29096,0.0,0.0
2023-03-07 12:00:00+09:00,37900.0,38250.0,37850.0,38150.0,45613,0.0,0.0
2023-03-07 13:00:00+09:00,38150.0,38200.0,37900.0,38100.0,26358,0.0,0.0
2023-03-07 14:00:00+09:00,38150.0,38200.0,37850.0,38050.0,34487,0.0,0.0
2023-03-08 09:00:00+09:00,37950.0,38600.0,37600.0,38400.0,0,0.0,0.0
2023-03-08 10:00:00+09:00,38350.0,38800.0,38300.0,38750.0,49714,0.0,0.0
2023-03-08 11:00:00+09:00,38750.0,38800.0,38500.0,38550.0,29202,0.0,0.0
2023-03-08 12:00:00+09:00,38600.0,38700.0,38400.0,38700.0,23938,0.0,0.0
2023-03-08 13:00:00+09:00,38650.0,38750.0,38550.0,38700.0,21707,0.0,0.0
2023-03-08 14:00:00+09:00,38650.0,38850.0,38600.0,38650.0,34252,0.0,0.0
2023-03-09 09:00:00+09:00,38600.0,38700.0,38100.0,38200.0,0,0.0,0.0
2023-03-09 10:00:00+09:00,38200.0,38250.0,37600.0,37650.0,46708,0.0,0.0
2023-03-09 11:00:00+09:00,37600.0,38100.0,37500.0,37800.0,24168,0.0,0.0
2023-03-09 12:00:00+09:00,37850.0,37950.0,37700.0,37800.0,15028,0.0,0.0
2023-03-09 13:00:00+09:00,37800.0,38000.0,37750.0,37850.0,19467,0.0,0.0
2023-03-09 14:00:00+09:00,37850.0,37850.0,37500.0,37550.0,41049,0.0,0.0
2023-03-10 09:00:00+09:00,37350.0,37400.0,36700.0,36700.0,0,0.0,0.0
2023-03-10 10:00:00+09:00,36700.0,37350.0,36650.0,37150.0,21928,0.0,0.0
2023-03-10 11:00:00+09:00,37100.0,37150.0,36850.0,37000.0,10427,0.0,0.0
2023-03-10 12:00:00+09:00,37000.0,37050.0,36700.0,36750.0,13054,0.0,0.0
2023-03-10 13:00:00+09:00,36750.0,36850.0,36650.0,36700.0,12092,0.0,0.0
2023-03-10 14:00:00+09:00,36650.0,36750.0,36550.0,36650.0,20924,0.0,0.0
2023-03-13 09:00:00+09:00,36500.0,36650.0,36050.0,36100.0,0,0.0,0.0
2023-03-13 10:00:00+09:00,36150.0,36200.0,35700.0,35800.0,41076,0.0,0.0
2023-03-13 11:00:00+09:00,35750.0,36400.0,35700.0,36400.0,22379,0.0,0.0
2023-03-13 12:00:00+09:00,36400.0,36400.0,36050.0,36100.0,15176,0.0,0.0
2023-03-13 13:00:00+09:00,36100.0,36400.0,36000.0,36150.0,18060,0.0,0.0
2023-03-13 14:00:00+09:00,36200.0,36650.0,36150.0,36500.0,27003,0.0,0.0
2023-03-14 09:00:00+09:00,36900.0,36900.0,35950.0,35950.0,0,0.0,0.0
2023-03-14 10:00:00+09:00,35950.0,36000.0,35600.0,35700.0,32788,0.0,0.0
2023-03-14 11:00:00+09:00,35700.0,36100.0,35650.0,36000.0,19815,0.0,0.0
2023-03-14 12:00:00+09:00,35950.0,36000.0,35750.0,35800.0,9224,0.0,0.0
2023-03-14 13:00:00+09:00,35750.0,35900.0,35600.0,35650.0,19917,0.0,0.0
2023-03-14 14:00:00+09:00,35600.0,35650.0,35150.0,35350.0,54856,0.0,0.0
2023-03-15 09:00:00+09:00,35900.0,36000.0,35350.0,35450.0,0,0.0,0.0
2023-03-15 10:00:00+09:00,35500.0,35600.0,35400.0,35450.0,18781,0.0,0.0
2023-03-15 11:00:00+09:00,35450.0,35500.0,35350.0,35450.0,10057,0.0,0.0
2023-03-15 12:00:00+09:00,35500.0,35800.0,35450.0,35550.0,17026,0.0,0.0
2023-03-15 13:00:00+09:00,35550.0,35600.0,35350.0,35350.0,15169,0.0,0.0
2023-03-15 14:00:00+09:00,35350.0,35400.0,35200.0,35250.0,13601,0.0,0.0
2023-03-16 09:00:00+09:00,34950.0,35100.0,34000.0,34550.0,0,0.0,0.0
2023-03-16 10:00:00+09:00,34550.0,35050.0,34350.0,34950.0,17916,0.0,0.0
2023-03-16 11:00:00+09:00,34950.0,35050.0,34500.0,35000.0,11653,0.0,0.0
2023-03-16 12:00:00+09:00,35000.0,35000.0,34450.0,34500.0,8563,0.0,0.0
2023-03-16 13:00:00+09:00,34550.0,34900.0,34450.0,34800.0,7274,0.0,0.0
2023-03-16 14:00:00+09:00,34800.0,35000.0,34700.0,34750.0,14843,0.0,0.0
2023-03-17 09:00:00+09:00,35100.0,35550.0,35100.0,35350.0,0,0.0,0.0
2023-03-17 10:00:00+09:00,35350.0,35600.0,35200.0,35450.0,21110,0.0,0.0
2023-03-17 11:00:00+09:00,35450.0,35700.0,35350.0,35500.0,19818,0.0,0.0
2023-03-17 12:00:00+09:00,35400.0,35550.0,35250.0,35250.0,12917,0.0,0.0
2023-03-17 13:00:00+09:00,35300.0,35600.0,35200.0,35550.0,18187,0.0,0.0
2023-03-17 14:00:00+09:00,35550.0,35650.0,35400.0,35500.0,14988,0.0,0.0
2023-03-20 09:00:00+09:00,35650.0,36150.0,35550.0,35600.0,0,0.0,0.0
2023-03-20 10:00:00+09:00,35600.0,35650.0,35250.0,35350.0,24893,0.0,0.0
2023-03-20 11:00:00+09:00,35350.0,35500.0,35300.0,35400.0,7490,0.0,0.0
2023-03-20 12:00:00+09:00,35400.0,35450.0,35250.0,35300.0,13604,0.0,0.0
2023-03-20 13:00:00+09:00,35300.0,35450.0,35250.0,35300.0,10103,0.0,0.0
2023-03-20 14:00:00+09:00,35250.0,35400.0,35150.0,35200.0,14786,0.0,0.0
2023-03-21 09:00:00+09:00,35350.0,35650.0,35100.0,35150.0,0,0.0,0.0
2023-03-21 10:00:00+09:00,35150.0,35250.0,35000.0,35000.0,16125,0.0,0.0
2023-03-21 11:00:00+09:00,35050.0,35050.0,34700.0,34750.0,29037,0.0,0.0
2023-03-21 12:00:00+09:00,34700.0,34750.0,34550.0,34650.0,22937,0.0,0.0
2023-03-21 13:00:00+09:00,34650.0,34700.0,34500.0,34550.0,28550,0.0,0.0
2023-03-21 14:00:00+09:00,34600.0,34700.0,34500.0,34550.0,29001,0.0,0.0
2023-03-22 09:00:00+09:00,34750.0,34900.0,34350.0,34400.0,0,0.0,0.0
2023-03-22 10:00:00+09:00,34400.0,34650.0,34400.0,34450.0,15048,0.0,0.0
2023-03-22 11:00:00+09:00,34450.0,34500.0,34250.0,34250.0,16945,0.0,0.0
2023-03-22 12:00:00+09:00,34250.0,34300.0,33800.0,33800.0,47017,0.0,0.0
2023-03-22 13:00:00+09:00,33800.0,34050.0,33750.0,33900.0,46788,0.0,0.0
2023-03-22 14:00:00+09:00,33900.0,34000.0,33750.0,33750.0,76158,0.0,0.0
2023-03-23 09:00:00+09:00,33700.0,33750.0,33300.0,33400.0,52977,0.0,0.0
2023-03-23 10:00:00+09:00,33300.0,33400.0,33150.0,33250.0,41896,0.0,0.0
2023-03-23 11:00:00+09:00,33250.0,33650.0,33200.0,33600.0,19201,0.0,0.0
2023-03-23 12:00:00+09:00,33600.0,33650.0,33400.0,33500.0,20443,0.0,0.0
2023-03-23 13:00:00+09:00,33500.0,33600.0,33400.0,33550.0,18205,0.0,0.0
2023-03-23 14:00:00+09:00,33550.0,33750.0,33450.0,33750.0,22797,0.0,0.0
2023-03-24 09:00:00+09:00,33750.0,34050.0,33350.0,33650.0,0,0.0,0.0
2023-03-24 10:00:00+09:00,33650.0,33850.0,33550.0,33850.0,20114,0.0,0.0
2023-03-24 11:00:00+09:00,33850.0,33850.0,33650.0,33650.0,7033,0.0,0.0
2023-03-24 12:00:00+09:00,33700.0,33700.0,33550.0,33650.0,6774,0.0,0.0
2023-03-24 13:00:00+09:00,33650.0,33700.0,33550.0,33550.0,6719,0.0,0.0
2023-03-24 14:00:00+09:00,33550.0,33750.0,33550.0,33600.0,9806,0.0,0.0
2023-03-27 09:00:00+09:00,33550.0,33650.0,32900.0,33000.0,0,0.0,0.0
2023-03-27 10:00:00+09:00,33000.0,33050.0,32900.0,33000.0,14062,0.0,0.0
2023-03-27 11:00:00+09:00,33000.0,33600.0,32950.0,33600.0,16182,0.0,0.0
2023-03-27 12:00:00+09:00,33550.0,34000.0,33550.0,33850.0,18395,0.0,0.0
2023-03-27 13:00:00+09:00,33850.0,33850.0,33600.0,33650.0,12352,0.0,0.0
2023-03-27 14:00:00+09:00,33650.0,33800.0,33550.0,33550.0,10203,0.0,0.0
2023-03-28 09:00:00+09:00,33950.0,34200.0,33600.0,33700.0,0,0.0,0.0
2023-03-28 10:00:00+09:00,33700.0,34000.0,33700.0,33800.0,17421,0.0,0.0
2023-03-28 11:00:00+09:00,33750.0,33850.0,33700.0,33850.0,8570,0.0,0.0
2023-03-28 12:00:00+09:00,33800.0,33850.0,33550.0,33600.0,17004,0.0,0.0
2023-03-28 13:00:00+09:00,33650.0,33750.0,33600.0,33700.0,14254,0.0,0.0
2023-03-28 14:00:00+09:00,33700.0,34000.0,33700.0,34000.0,14305,0.0,0.0
2023-03-29 09:00:00+09:00,33600.0,34100.0,33600.0,33950.0,0,0.0,0.0
2023-03-29 10:00:00+09:00,33950.0,34050.0,33700.0,33800.0,15390,0.0,0.0
2023-03-29 11:00:00+09:00,33800.0,33850.0,33600.0,33700.0,14030,0.0,0.0
2023-03-29 12:00:00+09:00,33650.0,33700.0,33600.0,33700.0,7054,0.0,0.0
2023-03-29 13:00:00+09:00,33650.0,33900.0,33650.0,33800.0,15637,0.0,0.0
2023-03-29 14:00:00+09:00,33800.0,33850.0,33700.0,33750.0,15887,0.0,0.0
2023-03-30 09:00:00+09:00,34000.0,34000.0,33650.0,33750.0,0,0.0,0.0
2023-03-30 10:00:00+09:00,33700.0,34700.0,33700.0,34600.0,71911,0.0,0.0
2023-03-30 11:00:00+09:00,34550.0,34650.0,34250.0,34300.0,28699,0.0,0.0
2023-03-30 12:00:00+09:00,34250.0,34500.0,34250.0,34300.0,10013,0.0,0.0
2023-03-30 13:00:00+09:00,34300.0,34400.0,34200.0,34200.0,10930,0.0,0.0
2023-03-30 14:00:00+09:00,34250.0,34400.0,34150.0,34150.0,17575,0.0,0.0
2023-03-31 09:00:00+09:00,34200.0,34450.0,33900.0,34100.0,0,0.0,0.0
2023-03-31 10:00:00+09:00,34050.0,34200.0,33650.0,33900.0,29979,0.0,0.0
2023-03-31 11:00:00+09:00,33950.0,33950.0,33750.0,33750.0,11640,0.0,0.0
2023-03-31 12:00:00+09:00,33750.0,33900.0,33700.0,33800.0,11824,0.0,0.0
2023-03-31 13:00:00+09:00,33800.0,34100.0,33800.0,34000.0,16424,0.0,0.0
2023-03-31 14:00:00+09:00,34050.0,34150.0,33900.0,34000.0,22698,0.0,0.0
2023-04-03 09:00:00+09:00,34150.0,34500.0,34000.0,34250.0,0,0.0,0.0
2023-04-03 10:00:00+09:00,34250.0,34400.0,34100.0,34200.0,24004,0.0,0.0
2023-04-03 11:00:00+09:00,34200.0,34300.0,33850.0,34000.0,31317,0.0,0.0
2023-04-03 12:00:00+09:00,33950.0,34150.0,33850.0,34050.0,13322,0.0,0.0
2023-04-03 13:00:00+09:00,34000.0,34150.0,33950.0,34000.0,9876,0.0,0.0
2023-04-03 14:00:00+09:00,34000.0,34200.0,33950.0,34000.0,16914,0.0,0.0
2023-04-04 09:00:00+09:00,34050.0,34200.0,33850.0,33850.0,29242,0.0,0.0
2023-04-04 10:00:00+09:00,33850.0,34500.0,33800.0,34250.0,52131,0.0,0.0
2023-04-04 11:00:00+09:00,34250.0,34400.0,34150.0,34300.0,34584,0.0,0.0
2023-04-04 12:00:00+09:00,34350.0,34550.0,34150.0,34550.0,30044,0.0,0.0
2023-04-04 13:00:00+09:00,34500.0,34900.0,34500.0,34750.0,53212,0.0,0.0
2023-04-04 14:00:00+09:00,34800.0,35000.0,34550.0,34650.0,44798,0.0,0.0
2023-04-05 09:00:00+09:00,34700.0,35200.0,34500.0,35150.0,0,0.0,0.0
2023-04-05 10:00:00+09:00,35150.0,35500.0,35150.0,35450.0,66007,0.0,0.0
2023-04-05 11:00:00+09:00,35450.0,35650.0,35250.0,35400.0,36579,0.0,0.0
2023-04-05 12:00:00+09:00,35450.0,35450.0,35050.0,35150.0,19325,0.0,0.0
2023-04-05 13:00:00+09:00,35200.0,35250.0,35050.0,35250.0,15167,0.0,0.0
2023-04-05 14:00:00+09:00,35250.0,35300.0,35100.0,35100.0,24164,0.0,0.0
2023-04-06 09:00:00+09:00,35600.0,35900.0,35250.0,35300.0,0,0.0,0.0
2023-04-06 10:00:00+09:00,35350.0,35400.0,35150.0,35250.0,32244,0.0,0.0
2023-04-06 11:00:00+09:00,35250.0,35350.0,35050.0,35050.0,16201,0.0,0.0
2023-04-06 12:00:00+09:00,35050.0,35100.0,34800.0,34900.0,22178,0.0,0.0
2023-04-06 13:00:00+09:00,34850.0,35050.0,34800.0,34950.0,27125,0.0,0.0
2023-04-06 14:00:00+09:00,34950.0,34950.0,34650.0,34750.0,20820,0.0,0.0
2023-04-07 09:00:00+09:00,35000.0,35050.0,34450.0,34800.0,0,0.0,0.0
2023-04-07 10:00:00+09:00,34750.0,34950.0,34550.0,34900.0,18399,0.0,0.0
2023-04-07 11:00:00+09:00,34850.0,34900.0,34750.0,34800.0,5858,0.0,0.0
2023-04-07 12:00:00+09:00,34800.0,34850.0,34550.0,34650.0,12208,0.0,0.0
2023-04-07 13:00:00+09:00,34700.0,34850.0,34400.0,34700.0,22182,0.0,0.0
2023-04-07 14:00:00+09:00,34700.0,34950.0,34650.0,34850.0,11636,0.0,0.0
2023-04-10 09:00:00+09:00,35700.0,35700.0,34250.0,34450.0,0,0.0,0.0
2023-04-10 10:00:00+09:00,34450.0,34750.0,34350.0,34400.0,27766,0.0,0.0
2023-04-10 11:00:00+09:00,34400.0,34400.0,34250.0,34350.0,32405,0.0,0.0
2023-04-10 12:00:00+09:00,34350.0,34400.0,34250.0,34250.0,15736,0.0,0.0
2023-04-10 13:00:00+09:00,34250.0,34350.0,34000.0,34100.0,54769,0.0,0.0
2023-04-10 14:00:00+09:00,34100.0,34250.0,34050.0,34200.0,22622,0.0,0.0
2023-04-11 09:00:00+09:00,33850.0,34150.0,33650.0,34100.0,0,0.0,0.0
2023-04-11 10:00:00+09:00,33900.0,34350.0,33900.0,34150.0,22361,0.0,0.0
2023-04-11 11:00:00+09:00,34150.0,34200.0,33900.0,33950.0,16722,0.0,0.0
2023-04-11 12:00:00+09:00,33950.0,34100.0,33900.0,34050.0,13902,0.0,0.0
2023-04-11 13:00:00+09:00,34000.0,34150.0,33900.0,33900.0,17343,0.0,0.0
2023-04-11 14:00:00+09:00,33900.0,34150.0,33900.0,34100.0,20407,0.0,0.0
2023-04-12 09:00:00+09:00,34150.0,34350.0,33900.0,34000.0,0,0.0,0.0
2023-04-12 10:00:00+09:00,34000.0,34500.0,34000.0,34150.0,35130,0.0,0.0
2023-04-12 11:00:00+09:00,34150.0,35000.0,34150.0,34850.0,84212,0.0,0.0
2023-04-12 12:00:00+09:00,34850.0,34950.0,34650.0,34950.0,27389,0.0,0.0
2023-04-12 13:00:00+09:00,34900.0,35100.0,34700.0,34750.0,47281,0.0,0.0
2023-04-12 14:00:00+09:00,34750.0,34950.0,34650.0,34700.0,29972,0.0,0.0
2023-04-13 09:00:00+09:00,34850.0,35200.0,34450.0,34500.0,0,0.0,0.0
2023-04-13 10:00:00+09:00,34500.0,34550.0,34350.0,34500.0,33331,0.0,0.0
2023-04-13 11:00:00+09:00,34450.0,34850.0,34450.0,34800.0,30727,0.0,0.0
2023-04-13 12:00:00+09:00,34800.0,35150.0,34550.0,35050.0,49194,0.0,0.0
2023-04-13 13:00:00+09:00,35000.0,35250.0,34900.0,35200.0,41958,0.0,0.0
2023-04-13 14:00:00+09:00,35200.0,35250.0,34900.0,34950.0,28288,0.0,0.0
2023-04-14 09:00:00+09:00,35500.0,35850.0,35150.0,35600.0,0,0.0,0.0
2023-04-14 10:00:00+09:00,35600.0,36700.0,35400.0,36700.0,154707,0.0,0.0
2023-04-14 11:00:00+09:00,36700.0,37450.0,36200.0,36350.0,264958,0.0,0.0
2023-04-14 12:00:00+09:00,36350.0,36350.0,35850.0,36000.0,53688,0.0,0.0
2023-04-14 13:00:00+09:00,36050.0,36100.0,35750.0,35950.0,31993,0.0,0.0
2023-04-14 14:00:00+09:00,35950.0,36400.0,35850.0,36100.0,47989,0.0,0.0
2023-04-17 09:00:00+09:00,36250.0,36250.0,35300.0,35350.0,0,0.0,0.0
2023-04-17 10:00:00+09:00,35350.0,35350.0,34950.0,35150.0,56016,0.0,0.0
2023-04-17 11:00:00+09:00,35150.0,35300.0,35000.0,35050.0,51585,0.0,0.0
2023-04-17 12:00:00+09:00,35050.0,35100.0,35000.0,35050.0,15953,0.0,0.0
2023-04-17 13:00:00+09:00,35100.0,35200.0,34950.0,35100.0,21659,0.0,0.0
2023-04-17 14:00:00+09:00,35150.0,36350.0,35100.0,35600.0,180262,0.0,0.0
2023-04-18 09:00:00+09:00,35650.0,36900.0,35450.0,36000.0,0,0.0,0.0
2023-04-18 10:00:00+09:00,36050.0,36200.0,35050.0,35300.0,123590,0.0,0.0
2023-04-18 11:00:00+09:00,35350.0,35350.0,35150.0,35250.0,42218,0.0,0.0
2023-04-18 12:00:00+09:00,35200.0,35450.0,35200.0,35350.0,24974,0.0,0.0
2023-04-18 13:00:00+09:00,35350.0,35350.0,35150.0,35200.0,35034,0.0,0.0
2023-04-18 14:00:00+09:00,35200.0,35700.0,35100.0,35200.0,60409,0.0,0.0
2023-04-19 09:00:00+09:00,35500.0,35550.0,34900.0,34950.0,0,0.0,0.0
2023-04-19 10:00:00+09:00,34950.0,35000.0,34500.0,34550.0,99078,0.0,0.0
2023-04-19 11:00:00+09:00,34550.0,35050.0,34500.0,34850.0,54642,0.0,0.0
2023-04-19 12:00:00+09:00,34850.0,34900.0,34650.0,34650.0,20158,0.0,0.0
2023-04-19 13:00:00+09:00,34700.0,34800.0,34600.0,34700.0,28237,0.0,0.0
2023-04-19 14:00:00+09:00,34700.0,34800.0,34500.0,34600.0,53875,0.0,0.0
2023-04-20 09:00:00+09:00,34950.0,35250.0,34100.0,34150.0,0,0.0,0.0
2023-04-20 10:00:00+09:00,34150.0,34200.0,33850.0,33950.0,94070,0.0,0.0
2023-04-20 11:00:00+09:00,33900.0,34050.0,33650.0,33700.0,80305,0.0,0.0
2023-04-20 12:00:00+09:00,33700.0,33850.0,33600.0,33750.0,50556,0.0,0.0
2023-04-20 13:00:00+09:00,33800.0,33800.0,33600.0,33600.0,40994,0.0,0.0
2023-04-20 14:00:00+09:00,33600.0,33650.0,33200.0,33250.0,113814,0.0,0.0
2023-04-21 09:00:00+09:00,33100.0,33300.0,32350.0,32550.0,120536,0.0,0.0
2023-04-21 10:00:00+09:00,32550.0,32650.0,32400.0,32600.0,48980,0.0,0.0
2023-04-21 11:00:00+09:00,32650.0,32750.0,32500.0,32500.0,29582,0.0,0.0
2023-04-21 12:00:00+09:00,32550.0,32700.0,32450.0,32550.0,31587,0.0,0.0
2023-04-21 13:00:00+09:00,32550.0,32950.0,32450.0,32600.0,39482,0.0,0.0
2023-04-21 14:00:00+09:00,32600.0,32750.0,32550.0,32600.0,27597,0.0,0.0
2023-04-24 09:00:00+09:00,32600.0,33050.0,32250.0,32250.0,0,0.0,0.0
2023-04-24 10:00:00+09:00,32250.0,32500.0,32250.0,32300.0,22485,0.0,0.0
2023-04-24 11:00:00+09:00,32250.0,32300.0,32000.0,32050.0,50058,0.0,0.0
2023-04-24 12:00:00+09:00,32050.0,32450.0,32050.0,32150.0,19341,0.0,0.0
2023-04-24 13:00:00+09:00,32100.0,32300.0,32050.0,32300.0,18255,0.0,0.0
2023-04-24 14:00:00+09:00,32250.0,32450.0,32100.0,32100.0,30721,0.0,0.0
2023-04-25 09:00:00+09:00,32150.0,32600.0,32100.0,32350.0,0,0.0,0.0
2023-04-25 10:00:00+09:00,32450.0,32600.0,32100.0,32100.0,47076,0.0,0.0
2023-04-25 11:00:00+09:00,32150.0,32150.0,31850.0,31900.0,51186,0.0,0.0
2023-04-25 12:00:00+09:00,31900.0,31950.0,31850.0,31950.0,18422,0.0,0.0
2023-04-25 13:00:00+09:00,31900.0,31950.0,31500.0,31700.0,70132,0.0,0.0
2023-04-25 14:00:00+09:00,31700.0,31800.0,31650.0,31800.0,24142,0.0,0.0
2023-04-26 09:00:00+09:00,31800.0,32500.0,31650.0,32300.0,0,0.0,0.0
2023-04-26 10:00:00+09:00,32350.0,32950.0,32250.0,32700.0,62085,0.0,0.0
2023-04-26 11:00:00+09:00,32750.0,32900.0,32300.0,32400.0,34368,0.0,0.0
2023-04-26 12:00:00+09:00,32400.0,32550.0,32250.0,32400.0,17357,0.0,0.0
2023-04-26 13:00:00+09:00,32450.0,32450.0,32250.0,32350.0,15755,0.0,0.0
2023-04-26 14:00:00+09:00,32350.0,32550.0,32300.0,32500.0,16372,0.0,0.0
2023-04-27 09:00:00+09:00,32250.0,32450.0,31450.0,31700.0,88091,0.0,0.0
2023-04-27 10:00:00+09:00,31750.0,31900.0,31550.0,31750.0,34606,0.0,0.0
2023-04-27 11:00:00+09:00,31750.0,32150.0,31750.0,32050.0,20968,0.0,0.0
2023-04-27 12:00:00+09:00,32050.0,32150.0,31900.0,32100.0,16750,0.0,0.0
2023-04-27 13:00:00+09:00,32100.0,32550.0,31950.0,32500.0,28227,0.0,0.0
2023-04-27 14:00:00+09:00,32500.0,32650.0,32150.0,32600.0,36867,0.0,0.0
2023-04-28 09:00:00+09:00,32650.0,32800.0,32400.0,32750.0,44794,0.0,0.0
2023-04-28 10:00:00+09:00,32750.0,32800.0,32250.0,32550.0,48116,0.0,0.0
2023-04-28 11:00:00+09:00,32600.0,32700.0,32250.0,32300.0,14814,0.0,0.0
2023-04-28 12:00:00+09:00,32300.0,32500.0,32200.0,32350.0,15882,0.0,0.0
2023-04-28 13:00:00+09:00,32350.0,32450.0,32100.0,32250.0,22314,0.0,0.0
2023-04-28 14:00:00+09:00,32200.0,32400.0,32150.0,32350.0,22547,0.0,0.0
2023-05-02 09:00:00+09:00,32300.0,32600.0,32050.0,32100.0,0,0.0,0.0
2023-05-02 10:00:00+09:00,32150.0,32400.0,32100.0,32150.0,29977,0.0,0.0
2023-05-02 11:00:00+09:00,32200.0,32600.0,32100.0,32550.0,53518,0.0,0.0
2023-05-02 12:00:00+09:00,32550.0,32600.0,32400.0,32500.0,10138,0.0,0.0
2023-05-02 13:00:00+09:00,32450.0,32600.0,32250.0,32450.0,16276,0.0,0.0
2023-05-02 14:00:00+09:00,32500.0,32500.0,32300.0,32400.0,14758,0.0,0.0
2023-05-03 09:00:00+09:00,32400.0,32600.0,32150.0,32500.0,0,0.0,0.0
2023-05-03 10:00:00+09:00,32500.0,32550.0,32250.0,32300.0,15471,0.0,0.0
2023-05-03 11:00:00+09:00,32300.0,32350.0,32250.0,32250.0,10375,0.0,0.0
2023-05-03 12:00:00+09:00,32300.0,32300.0,32150.0,32250.0,13408,0.0,0.0
2023-05-03 13:00:00+09:00,32250.0,32500.0,32200.0,32400.0,21946,0.0,0.0
2023-05-03 14:00:00+09:00,32400.0,32600.0,32300.0,32450.0,43451,0.0,0.0
2023-05-04 09:00:00+09:00,32500.0,33300.0,32450.0,33150.0,68605,0.0,0.0
2023-05-04 10:00:00+09:00,33200.0,33550.0,32900.0,33450.0,60160,0.0,0.0
2023-05-04 11:00:00+09:00,33500.0,33650.0,33450.0,33650.0,45498,0.0,0.0
2023-05-04 12:00:00+09:00,33650.0,33850.0,33550.0,33650.0,33639,0.0,0.0
2023-05-04 13:00:00+09:00,33650.0,33750.0,33500.0,33600.0,23083,0.0,0.0
2023-05-04 14:00:00+09:00,33600.0,33800.0,33550.0,33700.0,29954,0.0,0.0
2023-05-08 09:00:00+09:00,33850.0,34200.0,33550.0,33700.0,0,0.0,0.0
2023-05-08 10:00:00+09:00,33700.0,33900.0,33650.0,33750.0,12135,0.0,0.0
2023-05-08 11:00:00+09:00,33800.0,33800.0,33550.0,33650.0,14953,0.0,0.0
2023-05-08 12:00:00+09:00,33650.0,33750.0,33600.0,33650.0,8834,0.0,0.0
2023-05-08 13:00:00+09:00,33600.0,33750.0,33550.0,33600.0,9289,0.0,0.0
2023-05-08 14:00:00+09:00,33600.0,33650.0,33300.0,33500.0,22867,0.0,0.0
2023-05-09 09:00:00+09:00,33500.0,34000.0,33500.0,33700.0,0,0.0,0.0
2023-05-09 10:00:00+09:00,33700.0,33850.0,33600.0,33650.0,16743,0.0,0.0
2023-05-09 11:00:00+09:00,33650.0,33650.0,33450.0,33550.0,13327,0.0,0.0
2023-05-09 12:00:00+09:00,33550.0,33600.0,33450.0,33450.0,7120,0.0,0.0
2023-05-09 13:00:00+09:00,33450.0,33600.0,33450.0,33600.0,10308,0.0,0.0
2023-05-09 14:00:00+09:00,33600.0,33650.0,33400.0,33500.0,15189,0.0,0.0
2023-05-10 09:00:00+09:00,33450.0,34000.0,33450.0,33950.0,0,0.0,0.0
2023-05-10 10:00:00+09:00,33900.0,34150.0,33700.0,33700.0,38776,0.0,0.0
2023-05-10 11:00:00+09:00,33750.0,33800.0,33550.0,33550.0,13711,0.0,0.0
2023-05-10 12:00:00+09:00,33550.0,33750.0,33550.0,33650.0,10886,0.0,0.0
2023-05-10 13:00:00+09:00,33650.0,33750.0,33500.0,33500.0,19279,0.0,0.0
2023-05-10 14:00:00+09:00,33500.0,33600.0,33400.0,33400.0,17550,0.0,0.0
2023-05-11 09:00:00+09:00,33700.0,33800.0,33350.0,33650.0,27605,0.0,0.0
2023-05-11 10:00:00+09:00,33650.0,33700.0,33400.0,33450.0,16865,0.0,0.0
2023-05-11 11:00:00+09:00,33450.0,33450.0,33350.0,33400.0,16746,0.0,0.0
2023-05-11 12:00:00+09:00,33400.0,33450.0,33250.0,33300.0,14120,0.0,0.0
2023-05-11 13:00:00+09:00,33300.0,33450.0,33200.0,33400.0,9895,0.0,0.0
2023-05-11 14:00:00+09:00,33400.0,33500.0,33300.0,33500.0,14718,0.0,0.0
2023-05-12 09:00:00+09:00,33350.0,33450.0,32800.0,33150.0,32236,0.0,0.0
2023-05-12 10:00:00+09:00,33150.0,33200.0,33000.0,33000.0,16560,0.0,0.0
2023-05-12 11:00:00+09:00,33000.0,33150.0,33000.0,33100.0,10859,0.0,0.0
2023-05-12 12:00:00+09:00,33050.0,33300.0,33000.0,33300.0,12006,0.0,0.0
2023-05-12 13:00:00+09:00,33250.0,33300.0,33000.0,33150.0,15957,0.0,0.0
2023-05-12 14:00:00+09:00,33150.0,33250.0,33000.0,33050.0,12687,0.0,0.0
2023-05-15 09:00:00+09:00,32700.0,32850.0,32600.0,32700.0,0,0.0,0.0
2023-05-15 10:00:00+09:00,32700.0,32900.0,32650.0,32850.0,16029,0.0,0.0
2023-05-15 11:00:00+09:00,32800.0,32850.0,32700.0,32800.0,8845,0.0,0.0
2023-05-15 12:00:00+09:00,32850.0,32900.0,32650.0,32850.0,10906,0.0,0.0
2023-05-15 13:00:00+09:00,32850.0,33100.0,32650.0,32850.0,18595,0.0,0.0
2023-05-15 14:00:00+09:00,32850.0,33000.0,32750.0,32900.0,10621,0.0,0.0
2023-05-16 09:00:00+09:00,32850.0,33150.0,32750.0,33100.0,14574,0.0,0.0
2023-05-16 10:00:00+09:00,33100.0,33100.0,32850.0,32900.0,9421,0.0,0.0
2023-05-16 11:00:00+09:00,32900.0,33000.0,32850.0,32900.0,4325,0.0,0.0
2023-05-16 12:00:00+09:00,32900.0,32950.0,32800.0,32850.0,2976,0.0,0.0
2023-05-16 13:00:00+09:00,32850.0,32900.0,32700.0,32750.0,11747,0.0,0.0
2023-05-16 14:00:00+09:00,32750.0,32800.0,32550.0,32650.0,17332,0.0,0.0
2023-05-17 09:00:00+09:00,32700.0,33050.0,32600.0,33000.0,0,0.0,0.0
2023-05-17 10:00:00+09:00,33000.0,33150.0,32900.0,33050.0,24751,0.0,0.0
2023-05-17 11:00:00+09:00,33000.0,33100.0,32900.0,32950.0,6904,0.0,0.0
2023-05-17 12:00:00+09:00,32950.0,33100.0,32900.0,33050.0,8589,0.0,0.0
2023-05-17 13:00:00+09:00,33050.0,33100.0,32950.0,33000.0,6925,0.0,0.0
2023-05-17 14:00:00+09:00,33000.0,33100.0,32900.0,33050.0,19282,0.0,0.0
2023-05-18 09:00:00+09:00,33250.0,33450.0,32950.0,33050.0,0,0.0,0.0
2023-05-18 10:00:00+09:00,33000.0,33100.0,32950.0,33050.0,12278,0.0,0.0
2023-05-18 11:00:00+09:00,33050.0,33100.0,32950.0,33000.0,7003,0.0,0.0
2023-05-18 12:00:00+09:00,32950.0,33000.0,32800.0,32850.0,10972,0.0,0.0
2023-05-18 13:00:00+09:00,32900.0,33050.0,32850.0,33000.0,4293,0.0,0.0
2023-05-18 14:00:00+09:00,33000.0,33050.0,32950.0,33000.0,7032,0.0,0.0
2023-05-19 09:00:00+09:00,33100.0,33350.0,33100.0,33150.0,23781,0.0,0.0
2023-05-19 10:00:00+09:00,33150.0,33250.0,33050.0,33100.0,15351,0.0,0.0
2023-05-19 11:00:00+09:00,33150.0,33300.0,33050.0,33200.0,12448,0.0,0.0
2023-05-19 12:00:00+09:00,33200.0,33250.0,33050.0,33100.0,9031,0.0,0.0
2023-05-19 13:00:00+09:00,33150.0,33150.0,33000.0,33100.0,7481,0.0,0.0
2023-05-19 14:00:00+09:00,33050.0,33200.0,33050.0,33150.0,16944,0.0,0.0
2023-05-22 09:00:00+09:00,33000.0,33600.0,33000.0,33350.0,0,0.0,0.0
2023-05-22 10:00:00+09:00,33350.0,33550.0,33250.0,33500.0,11734,0.0,0.0
2023-05-22 11:00:00+09:00,33500.0,33550.0,33400.0,33500.0,9832,0.0,0.0
2023-05-22 12:00:00+09:00,33500.0,33650.0,33450.0,33600.0,8379,0.0,0.0
2023-05-22 13:00:00+09:00,33600.0,33850.0,33550.0,33800.0,23679,0.0,0.0
2023-05-22 14:00:00+09:00,33800.0,33850.0,33500.0,33600.0,24904,0.0,0.0
2023-05-23 09:00:00+09:00,33500.0,33800.0,33500.0,33600.0,0,0.0,0.0
2023-05-23 10:00:00+09:00,33600.0,33850.0,33550.0,33800.0,18366,0.0,0.0
2023-05-23 11:00:00+09:00,33750.0,34100.0,33700.0,34050.0,37762,0.0,0.0
2023-05-23 12:00:00+09:00,34050.0,34100.0,33800.0,33900.0,16585,0.0,0.0
2023-05-23 13:00:00+09:00,33900.0,34050.0,33900.0,34050.0,17840,0.0,0.0
2023-05-23 14:00:00+09:00,34050.0,34100.0,33950.0,34000.0,22045,0.0,0.0
2023-05-24 09:00:00+09:00,33950.0,34100.0,33700.0,33800.0,0,0.0,0.0
2023-05-24 10:00:00+09:00,33800.0,33900.0,33600.0,33750.0,15470,0.0,0.0
2023-05-24 11:00:00+09:00,33750.0,33800.0,33650.0,33750.0,9142,0.0,0.0
2023-05-24 12:00:00+09:00,33750.0,33900.0,33700.0,33900.0,6823,0.0,0.0
2023-05-24 13:00:00+09:00,33850.0,34000.0,33800.0,33800.0,5438,0.0,0.0
2023-05-24 14:00:00+09:00,33800.0,33950.0,33800.0,33800.0,4559,0.0,0.0
2023-05-25 09:00:00+09:00,33800.0,34000.0,33650.0,33750.0,0,0.0,0.0
2023-05-25 10:00:00+09:00,33800.0,33850.0,33550.0,33650.0,10383,0.0,0.0
2023-05-25 11:00:00+09:00,33650.0,33700.0,33600.0,33650.0,3587,0.0,0.0
2023-05-25 12:00:00+09:00,33650.0,33700.0,33500.0,33500.0,5643,0.0,0.0
2023-05-25 13:00:00+09:00,33550.0,33550.0,33350.0,33450.0,15588,0.0,0.0
2023-05-25 14:00:00+09:00,33400.0,33500.0,33350.0,33500.0,7788,0.0,0.0
2023-05-26 09:00:00+09:00,33500.0,33500.0,33250.0,33450.0,0,0.0,0.0
2023-05-26 10:00:00+09:00,33450.0,33750.0,33300.0,33300.0,11766,0.0,0.0
2023-05-26 11:00:00+09:00,33350.0,33450.0,33200.0,33200.0,11973,0.0,0.0
2023-05-26 12:00:00+09:00,33200.0,33300.0,33150.0,33200.0,5798,0.0,0.0
2023-05-26 13:00:00+09:00,33250.0,33250.0,33150.0,33200.0,9231,0.0,0.0
2023-05-26 14:00:00+09:00,33150.0,33400.0,33150.0,33200.0,9307,0.0,0.0
2023-05-30 09:00:00+09:00,33500.0,33600.0,33250.0,33600.0,0,0.0,0.0
2023-05-30 10:00:00+09:00,33600.0,33800.0,33500.0,33700.0,13366,0.0,0.0
2023-05-30 11:00:00+09:00,33700.0,33750.0,33600.0,33650.0,6802,0.0,0.0
2023-05-30 12:00:00+09:00,33650.0,33750.0,33550.0,33600.0,7865,0.0,0.0
2023-05-30 13:00:00+09:00,33650.0,33750.0,33600.0,33650.0,8602,0.0,0.0
2023-05-30 14:00:00+09:00,33700.0,33700.0,33550.0,33550.0,8997,0.0,0.0
2023-05-31 09:00:00+09:00,33650.0,33750.0,33350.0,33750.0,0,0.0,0.0
2023-05-31 10:00:00+09:00,33750.0,33800.0,33550.0,33700.0,12017,0.0,0.0
2023-05-31 11:00:00+09:00,33700.0,33750.0,33600.0,33700.0,7292,0.0,0.0
2023-05-31 12:00:00+09:00,33700.0,33750.0,33550.0,33650.0,9277,0.0,0.0
2023-05-31 13:00:00+09:00,33650.0,33750.0,33550.0,33700.0,8116,0.0,0.0
2023-05-31 14:00:00+09:00,33700.0,33700.0,33450.0,33550.0,12601,0.0,0.0
2023-06-01 09:00:00+09:00,33350.0,33800.0,33350.0,33700.0,20337,0.0,0.0
2023-06-01 10:00:00+09:00,33700.0,33950.0,33700.0,33950.0,18385,0.0,0.0
2023-06-01 11:00:00+09:00,33900.0,33950.0,33800.0,33850.0,11663,0.0,0.0
2023-06-01 12:00:00+09:00,33850.0,34000.0,33850.0,33900.0,11231,0.0,0.0
2023-06-01 13:00:00+09:00,33950.0,34000.0,33900.0,33900.0,16404,0.0,0.0
2023-06-01 14:00:00+09:00,33900.0,34000.0,33850.0,33950.0,11345,0.0,0.0
2023-06-02 09:00:00+09:00,34000.0,34000.0,33450.0,33600.0,0,0.0,0.0
2023-06-02 10:00:00+09:00,33600.0,33600.0,33450.0,33550.0,13258,0.0,0.0
2023-06-02 11:00:00+09:00,33550.0,33650.0,33550.0,33600.0,4508,0.0,0.0
2023-06-02 12:00:00+09:00,33650.0,33700.0,33500.0,33550.0,8832,0.0,0.0
2023-06-02 13:00:00+09:00,33550.0,33650.0,33500.0,33600.0,10216,0.0,0.0
2023-06-02 14:00:00+09:00,33600.0,33700.0,33550.0,33550.0,9786,0.0,0.0
2023-06-05 09:00:00+09:00,33650.0,33650.0,33200.0,33400.0,0,0.0,0.0
2023-06-05 10:00:00+09:00,33400.0,33500.0,33300.0,33400.0,9271,0.0,0.0
2023-06-05 11:00:00+09:00,33400.0,33650.0,33400.0,33600.0,6917,0.0,0.0
2023-06-05 12:00:00+09:00,33650.0,33750.0,33600.0,33700.0,10466,0.0,0.0
2023-06-05 13:00:00+09:00,33700.0,33750.0,33550.0,33550.0,8753,0.0,0.0
2023-06-05 14:00:00+09:00,33550.0,33650.0,33450.0,33550.0,6993,0.0,0.0
2023-06-07 09:00:00+09:00,33500.0,33850.0,33500.0,33750.0,0,0.0,0.0
2023-06-07 10:00:00+09:00,33750.0,33750.0,33600.0,33700.0,9148,0.0,0.0
2023-06-07 11:00:00+09:00,33650.0,33800.0,33600.0,33600.0,10822,0.0,0.0
2023-06-07 12:00:00+09:00,33600.0,33700.0,33600.0,33650.0,5009,0.0,0.0
2023-06-07 13:00:00+09:00,33600.0,33650.0,33500.0,33500.0,13263,0.0,0.0
2023-06-07 14:00:00+09:00,33500.0,33500.0,33400.0,33400.0,9837,0.0,0.0
2023-06-08 09:00:00+09:00,33300.0,33350.0,32750.0,32800.0,0,0.0,0.0
2023-06-08 10:00:00+09:00,32800.0,32850.0,32750.0,32800.0,14865,0.0,0.0
2023-06-08 11:00:00+09:00,32750.0,32850.0,32600.0,32700.0,25991,0.0,0.0
2023-06-08 12:00:00+09:00,32700.0,32700.0,32650.0,32650.0,15546,0.0,0.0
2023-06-08 13:00:00+09:00,32650.0,32700.0,32450.0,32450.0,29672,0.0,0.0
2023-06-08 14:00:00+09:00,32500.0,32600.0,32400.0,32550.0,17376,0.0,0.0
2023-06-09 09:00:00+09:00,32700.0,32900.0,32500.0,32700.0,22100,0.0,0.0
2023-06-09 10:00:00+09:00,32700.0,32750.0,32600.0,32700.0,12075,0.0,0.0
2023-06-09 11:00:00+09:00,32700.0,32750.0,32600.0,32600.0,8100,0.0,0.0
2023-06-09 12:00:00+09:00,32600.0,32650.0,32550.0,32600.0,7279,0.0,0.0
2023-06-09 13:00:00+09:00,32550.0,32600.0,32450.0,32450.0,12639,0.0,0.0
2023-06-09 14:00:00+09:00,32450.0,32500.0,32350.0,32350.0,24755,0.0,0.0
2023-06-12 09:00:00+09:00,32450.0,32500.0,32000.0,32050.0,0,0.0,0.0
2023-06-12 10:00:00+09:00,32100.0,32150.0,32000.0,32000.0,12808,0.0,0.0
2023-06-12 11:00:00+09:00,32050.0,32050.0,31950.0,32050.0,16984,0.0,0.0
2023-06-12 12:00:00+09:00,32000.0,32000.0,31850.0,31950.0,17704,0.0,0.0
2023-06-12 13:00:00+09:00,31950.0,32000.0,31900.0,31950.0,11450,0.0,0.0
2023-06-12 14:00:00+09:00,32000.0,32000.0,31850.0,31900.0,10947,0.0,0.0
2023-06-13 09:00:00+09:00,31950.0,32250.0,31950.0,32150.0,0,0.0,0.0
2023-06-13 10:00:00+09:00,32150.0,32200.0,31900.0,31950.0,19214,0.0,0.0
2023-06-13 11:00:00+09:00,31950.0,32000.0,31900.0,31950.0,11890,0.0,0.0
2023-06-13 12:00:00+09:00,31900.0,32050.0,31800.0,32000.0,18649,0.0,0.0
2023-06-13 13:00:00+09:00,32000.0,32050.0,31950.0,32000.0,9769,0.0,0.0
2023-06-13 14:00:00+09:00,32000.0,32100.0,31950.0,32000.0,9054,0.0,0.0
2023-06-14 09:00:00+09:00,31900.0,32000.0,31650.0,31650.0,44739,0.0,0.0
2023-06-14 10:00:00+09:00,31700.0,31800.0,31650.0,31700.0,10018,0.0,0.0
2023-06-14 11:00:00+09:00,31750.0,31750.0,31650.0,31700.0,9387,0.0,0.0
2023-06-14 12:00:00+09:00,31700.0,31750.0,31600.0,31700.0,13640,0.0,0.0
2023-06-14 13:00:00+09:00,31700.0,31750.0,31600.0,31650.0,16914,0.0,0.0
2023-06-14 14:00:00+09:00,31600.0,31700.0,31450.0,31600.0,36741,0.0,0.0
2023-06-15 09:00:00+09:00,31600.0,31650.0,31250.0,31300.0,40723,0.0,0.0
2023-06-15 10:00:00+09:00,31300.0,31350.0,30700.0,30750.0,87955,0.0,0.0
2023-06-15 11:00:00+09:00,30750.0,30850.0,30600.0,30800.0,25859,0.0,0.0
2023-06-15 12:00:00+09:00,30800.0,31000.0,30750.0,30950.0,12004,0.0,0.0
2023-06-15 13:00:00+09:00,31000.0,31000.0,30800.0,30900.0,15023,0.0,0.0
2023-06-15 14:00:00+09:00,30850.0,31000.0,30800.0,30850.0,8217,0.0,0.0
2023-06-16 09:00:00+09:00,30950.0,31400.0,30950.0,31300.0,0,0.0,0.0
2023-06-16 10:00:00+09:00,31300.0,31350.0,31000.0,31200.0,13511,0.0,0.0
2023-06-16 11:00:00+09:00,31200.0,31200.0,31100.0,31150.0,5628,0.0,0.0
2023-06-16 12:00:00+09:00,31150.0,31150.0,30950.0,31050.0,9730,0.0,0.0
2023-06-16 13:00:00+09:00,31100.0,31100.0,30950.0,31000.0,9560,0.0,0.0
2023-06-16 14:00:00+09:00,31050.0,31050.0,30900.0,31050.0,9624,0.0,0.0
2023-06-19 09:00:00+09:00,31050.0,31050.0,30750.0,30850.0,0,0.0,0.0
2023-06-19 10:00:00+09:00,30850.0,30950.0,30800.0,30800.0,9163,0.0,0.0
2023-06-19 11:00:00+09:00,30800.0,30850.0,30800.0,30850.0,4067,0.0,0.0
2023-06-19 12:00:00+09:00,30850.0,30900.0,30800.0,30850.0,5825,0.0,0.0
2023-06-19 13:00:00+09:00,30850.0,30900.0,30800.0,30850.0,7259,0.0,0.0
2023-06-19 14:00:00+09:00,30850.0,30950.0,30800.0,30900.0,27504,0.0,0.0
2023-06-20 09:00:00+09:00,30950.0,31250.0,30950.0,31050.0,0,0.0,0.0
2023-06-20 10:00:00+09:00,31100.0,31150.0,31000.0,31000.0,11554,0.0,0.0
2023-06-20 11:00:00+09:00,31000.0,31050.0,30950.0,31000.0,11804,0.0,0.0
2023-06-20 12:00:00+09:00,31050.0,31100.0,31000.0,31050.0,4815,0.0,0.0
2023-06-20 13:00:00+09:00,31050.0,31150.0,31050.0,31050.0,5028,0.0,0.0
2023-06-20 14:00:00+09:00,31100.0,31100.0,31000.0,31050.0,12403,0.0,0.0
2023-06-21 09:00:00+09:00,31000.0,31150.0,30900.0,30950.0,24779,0.0,0.0
2023-06-21 10:00:00+09:00,30900.0,30950.0,30650.0,30800.0,26048,0.0,0.0
2023-06-21 11:00:00+09:00,30750.0,30900.0,30750.0,30800.0,8230,0.0,0.0
2023-06-21 12:00:00+09:00,30800.0,30850.0,30700.0,30700.0,8194,0.0,0.0
2023-06-21 13:00:00+09:00,30750.0,30750.0,30450.0,30450.0,27467,0.0,0.0
2023-06-21 14:00:00+09:00,30500.0,30550.0,30400.0,30400.0,33143,0.0,0.0
2023-06-22 09:00:00+09:00,30350.0,30400.0,30150.0,30250.0,0,0.0,0.0
2023-06-22 10:00:00+09:00,30250.0,30550.0,30250.0,30450.0,12334,0.0,0.0
2023-06-22 11:00:00+09:00,30400.0,30500.0,30400.0,30400.0,4624,0.0,0.0
2023-06-22 12:00:00+09:00,30450.0,30500.0,30400.0,30400.0,3218,0.0,0.0
2023-06-22 13:00:00+09:00,30450.0,30450.0,30350.0,30350.0,5689,0.0,0.0
2023-06-22 14:00:00+09:00,30400.0,30400.0,29900.0,30100.0,39855,0.0,0.0
2023-06-23 09:00:00+09:00,30050.0,30250.0,30000.0,30050.0,0,0.0,0.0
2023-06-23 10:00:00+09:00,30050.0,30050.0,29900.0,29900.0,29673,0.0,0.0
2023-06-23 11:00:00+09:00,29900.0,30000.0,29850.0,29950.0,20651,0.0,0.0
2023-06-23 12:00:00+09:00,29900.0,30000.0,29850.0,29950.0,13304,0.0,0.0
2023-06-23 13:00:00+09:00,29900.0,29950.0,29700.0,29800.0,24798,0.0,0.0
2023-06-23 14:00:00+09:00,29800.0,29900.0,29700.0,29800.0,13821,0.0,0.0
2023-06-26 09:00:00+09:00,29850.0,30200.0,29300.0,30050.0,0,0.0,0.0
2023-06-26 10:00:00+09:00,30000.0,30450.0,30000.0,30350.0,28839,0.0,0.0
2023-06-26 11:00:00+09:00,30400.0,30600.0,30350.0,30450.0,9484,0.0,0.0
2023-06-26 12:00:00+09:00,30450.0,30450.0,30300.0,30400.0,4688,0.0,0.0
2023-06-26 13:00:00+09:00,30400.0,30450.0,30200.0,30250.0,7683,0.0,0.0
2023-06-26 14:00:00+09:00,30250.0,30450.0,30200.0,30400.0,7406,0.0,0.0
2023-06-27 09:00:00+09:00,30200.0,30500.0,29950.0,30100.0,0,0.0,0.0
2023-06-27 10:00:00+09:00,30100.0,30100.0,29900.0,30050.0,10543,0.0,0.0
2023-06-27 11:00:00+09:00,30050.0,30100.0,30000.0,30000.0,3148,0.0,0.0
2023-06-27 12:00:00+09:00,30050.0,30150.0,30000.0,30100.0,4650,0.0,0.0
2023-06-27 13:00:00+09:00,30100.0,30150.0,30050.0,30100.0,7590,0.0,0.0
2023-06-27 14:00:00+09:00,30050.0,30150.0,30000.0,30100.0,8356,0.0,0.0
2023-06-28 09:00:00+09:00,30300.0,30350.0,30100.0,30200.0,16039,0.0,0.0
2023-06-28 10:00:00+09:00,30200.0,30200.0,29900.0,30050.0,13623,0.0,0.0
2023-06-28 11:00:00+09:00,30050.0,30100.0,30000.0,30050.0,5135,0.0,0.0
2023-06-28 12:00:00+09:00,30050.0,30150.0,30000.0,30050.0,5790,0.0,0.0
2023-06-28 13:00:00+09:00,30050.0,30100.0,29950.0,30000.0,9099,0.0,0.0
2023-06-28 14:00:00+09:00,29950.0,30000.0,29850.0,29950.0,11311,0.0,0.0
2023-06-29 09:00:00+09:00,30000.0,30050.0,29800.0,29950.0,0,0.0,0.0
2023-06-29 10:00:00+09:00,30000.0,30000.0,29600.0,30000.0,43765,0.0,0.0
2023-06-29 11:00:00+09:00,30000.0,30000.0,29700.0,29750.0,7993,0.0,0.0
2023-06-29 12:00:00+09:00,29750.0,29750.0,29600.0,29650.0,10484,0.0,0.0
2023-06-29 13:00:00+09:00,29650.0,30000.0,29600.0,29900.0,27004,0.0,0.0
2023-06-29 14:00:00+09:00,29900.0,30100.0,29700.0,29900.0,35792,0.0,0.0
2023-06-30 09:00:00+09:00,29950.0,30000.0,29750.0,29800.0,0,0.0,0.0
2023-06-30 10:00:00+09:00,29800.0,29850.0,29700.0,29800.0,14765,0.0,0.0
2023-06-30 11:00:00+09:00,29800.0,29900.0,29750.0,29800.0,9501,0.0,0.0
2023-06-30 12:00:00+09:00,29800.0,30000.0,29750.0,29950.0,6909,0.0,0.0
2023-06-30 13:00:00+09:00,29950.0,30100.0,29850.0,30050.0,11458,0.0,0.0
2023-06-30 14:00:00+09:00,30050.0,30100.0,30000.0,30100.0,9749,0.0,0.0
2023-07-03 09:00:00+09:00,30100.0,30250.0,30000.0,30050.0,19764,0.0,0.0
2023-07-03 10:00:00+09:00,30100.0,30550.0,30000.0,30300.0,141924,0.0,0.0
2023-07-03 11:00:00+09:00,30300.0,30450.0,30300.0,30450.0,12546,0.0,0.0
2023-07-03 12:00:00+09:00,30400.0,30650.0,30350.0,30500.0,16086,0.0,0.0
2023-07-03 13:00:00+09:00,30450.0,30500.0,30350.0,30350.0,12153,0.0,0.0
2023-07-03 14:00:00+09:00,30400.0,30500.0,30300.0,30400.0,8933,0.0,0.0
2023-07-04 09:00:00+09:00,30400.0,30400.0,29800.0,29900.0,35969,0.0,0.0
2023-07-04 10:00:00+09:00,29950.0,30000.0,29850.0,29900.0,16168,0.0,0.0
2023-07-04 11:00:00+09:00,29950.0,30000.0,29850.0,29950.0,12694,0.0,0.0
2023-07-04 12:00:00+09:00,29950.0,30050.0,29950.0,30000.0,4989,0.0,0.0
2023-07-04 13:00:00+09:00,30050.0,30050.0,29900.0,29900.0,6263,0.0,0.0
2023-07-04 14:00:00+09:00,29950.0,30000.0,29850.0,29900.0,13620,0.0,0.0
2023-07-05 09:00:00+09:00,29800.0,30200.0,29750.0,29800.0,0,0.0,0.0
2023-07-05 10:00:00+09:00,29850.0,30000.0,29800.0,29850.0,17543,0.0,0.0
2023-07-05 11:00:00+09:00,29900.0,30000.0,29750.0,29750.0,18818,0.0,0.0
2023-07-05 12:00:00+09:00,29750.0,29850.0,29700.0,29750.0,11017,0.0,0.0
2023-07-05 13:00:00+09:00,29750.0,29800.0,29600.0,29650.0,21575,0.0,0.0
2023-07-05 14:00:00+09:00,29700.0,29750.0,29550.0,29600.0,21990,0.0,0.0
2023-07-06 09:00:00+09:00,29600.0,30000.0,29100.0,29950.0,0,0.0,0.0
2023-07-06 10:00:00+09:00,29950.0,30050.0,29900.0,29900.0,66243,0.0,0.0
2023-07-06 11:00:00+09:00,29900.0,30000.0,29850.0,29950.0,18185,0.0,0.0
2023-07-06 12:00:00+09:00,29950.0,30000.0,29950.0,29950.0,10530,0.0,0.0
2023-07-06 13:00:00+09:00,29950.0,29950.0,29650.0,29700.0,26274,0.0,0.0
2023-07-06 14:00:00+09:00,29700.0,29700.0,29400.0,29400.0,14015,0.0,0.0
2023-07-07 09:00:00+09:00,29550.0,29550.0,28750.0,28850.0,82109,0.0,0.0
2023-07-07 10:00:00+09:00,28850.0,28900.0,28500.0,28500.0,77478,0.0,0.0
2023-07-07 11:00:00+09:00,28550.0,28550.0,28200.0,28250.0,54896,0.0,0.0
2023-07-07 12:00:00+09:00,28250.0,28500.0,27950.0,28050.0,53754,0.0,0.0
2023-07-07 13:00:00+09:00,28100.0,28850.0,27900.0,28400.0,76141,0.0,0.0
2023-07-07 14:00:00+09:00,28350.0,28450.0,28200.0,28200.0,46936,0.0,0.0
2023-07-10 09:00:00+09:00,28250.0,29100.0,28200.0,29000.0,0,0.0,0.0
2023-07-10 10:00:00+09:00,29000.0,29300.0,29000.0,29050.0,41291,0.0,0.0
2023-07-10 11:00:00+09:00,29100.0,29250.0,28950.0,29200.0,36047,0.0,0.0
2023-07-10 12:00:00+09:00,29200.0,29300.0,29150.0,29250.0,21480,0.0,0.0
2023-07-10 13:00:00+09:00,29250.0,29400.0,29150.0,29250.0,39189,0.0,0.0
2023-07-10 14:00:00+09:00,29250.0,29300.0,29050.0,29200.0,22741,0.0,0.0
2023-07-11 09:00:00+09:00,29600.0,30900.0,29500.0,30550.0,0,0.0,0.0
2023-07-11 10:00:00+09:00,30600.0,31050.0,30200.0,30300.0,76499,0.0,0.0
2023-07-11 11:00:00+09:00,30300.0,30650.0,30300.0,30550.0,13632,0.0,0.0
2023-07-11 12:00:00+09:00,30600.0,30600.0,30400.0,30600.0,11336,0.0,0.0
2023-07-11 13:00:00+09:00,30600.0,30600.0,30450.0,30500.0,12114,0.0,0.0
2023-07-11 14:00:00+09:00,30550.0,30750.0,30450.0,30700.0,21965,0.0,0.0
2023-07-12 09:00:00+09:00,30600.0,30850.0,30350.0,30500.0,20768,0.0,0.0
2023-07-12 10:00:00+09:00,30600.0,30650.0,30500.0,30600.0,8515,0.0,0.0
2023-07-12 11:00:00+09:00,30600.0,30900.0,30550.0,30850.0,10754,0.0,0.0
2023-07-12 12:00:00+09:00,30800.0,30950.0,30750.0,30850.0,10656,0.0,0.0
2023-07-12 13:00:00+09:00,30850.0,31100.0,30800.0,30950.0,18470,0.0,0.0
2023-07-12 14:00:00+09:00,30950.0,31200.0,30950.0,31150.0,18556,0.0,0.0
2023-07-13 09:00:00+09:00,31450.0,31700.0,31300.0,31600.0,48610,0.0,0.0
2023-07-13 10:00:00+09:00,31600.0,31800.0,31450.0,31800.0,34218,0.0,0.0
2023-07-13 11:00:00+09:00,31800.0,31800.0,31550.0,31600.0,19990,0.0,0.0
2023-07-13 12:00:00+09:00,31600.0,31800.0,31500.0,31550.0,18765,0.0,0.0
2023-07-13 13:00:00+09:00,31500.0,31600.0,31300.0,31450.0,26790,0.0,0.0
2023-07-13 14:00:00+09:00,31450.0,31550.0,31250.0,31550.0,18728,0.0,0.0
2023-07-14 09:00:00+09:00,31400.0,31600.0,31000.0,31050.0,0,0.0,0.0
2023-07-14 10:00:00+09:00,31100.0,31500.0,31050.0,31300.0,17564,0.0,0.0
2023-07-14 11:00:00+09:00,31300.0,31600.0,31250.0,31450.0,14806,0.0,0.0
2023-07-14 12:00:00+09:00,31400.0,31600.0,31350.0,31600.0,13963,0.0,0.0
2023-07-14 13:00:00+09:00,31550.0,31650.0,31350.0,31500.0,15101,0.0,0.0
2023-07-14 14:00:00+09:00,31450.0,31550.0,31300.0,31500.0,14200,0.0,0.0
2023-07-17 09:00:00+09:00,31350.0,31750.0,30950.0,31500.0,0,0.0,0.0
2023-07-17 10:00:00+09:00,31550.0,31650.0,31400.0,31400.0,19796,0.0,0.0
2023-07-17 11:00:00+09:00,31350.0,31550.0,31300.0,31450.0,17556,0.0,0.0
2023-07-17 12:00:00+09:00,31450.0,31850.0,31400.0,31800.0,22131,0.0,0.0
2023-07-17 13:00:00+09:00,31850.0,31900.0,31650.0,31850.0,17911,0.0,0.0
2023-07-17 14:00:00+09:00,31850.0,31900.0,31750.0,31850.0,14782,0.0,0.0
2023-07-18 09:00:00+09:00,31800.0,31900.0,31500.0,31700.0,32132,0.0,0.0
2023-07-18 10:00:00+09:00,31750.0,31800.0,31450.0,31450.0,23652,0.0,0.0
2023-07-18 11:00:00+09:00,31450.0,31550.0,31300.0,31400.0,21195,0.0,0.0
2023-07-18 12:00:00+09:00,31400.0,31650.0,31350.0,31500.0,9845,0.0,0.0
2023-07-18 13:00:00+09:00,31450.0,31750.0,31450.0,31650.0,15423,0.0,0.0
2023-07-18 14:00:00+09:00,31750.0,31750.0,31500.0,31650.0,8742,0.0,0.0
2023-07-19 09:00:00+09:00,31900.0,32000.0,31250.0,31500.0,32269,0.0,0.0
2023-07-19 10:00:00+09:00,31550.0,31850.0,31400.0,31650.0,19884,0.0,0.0
2023-07-19 11:00:00+09:00,31650.0,31750.0,31450.0,31600.0,14622,0.0,0.0
2023-07-19 12:00:00+09:00,31600.0,31800.0,31550.0,31750.0,16285,0.0,0.0
2023-07-19 13:00:00+09:00,31800.0,32000.0,31750.0,31850.0,30136,0.0,0.0
2023-07-19 14:00:00+09:00,31850.0,31950.0,31750.0,31850.0,17082,0.0,0.0
2023-07-20 09:00:00+09:00,31500.0,32100.0,31400.0,31900.0,38879,0.0,0.0
2023-07-20 10:00:00+09:00,31900.0,32200.0,31900.0,32200.0,16187,0.0,0.0
2023-07-20 11:00:00+09:00,32200.0,32250.0,32000.0,32100.0,10329,0.0,0.0
2023-07-20 12:00:00+09:00,32100.0,32200.0,31950.0,32100.0,8405,0.0,0.0
2023-07-20 13:00:00+09:00,32100.0,32200.0,31900.0,32200.0,10783,0.0,0.0
2023-07-20 14:00:00+09:00,32200.0,32250.0,32050.0,32250.0,11769,0.0,0.0
2023-07-21 09:00:00+09:00,32000.0,32500.0,31900.0,32300.0,39184,0.0,0.0
2023-07-21 10:00:00+09:00,32300.0,32900.0,32250.0,32800.0,50923,0.0,0.0
2023-07-21 11:00:00+09:00,32850.0,33000.0,32700.0,32900.0,34780,0.0,0.0
2023-07-21 12:00:00+09:00,32950.0,32950.0,32750.0,32950.0,25817,0.0,0.0
2023-07-21 13:00:00+09:00,32950.0,33200.0,32800.0,33150.0,47322,0.0,0.0
2023-07-21 14:00:00+09:00,33150.0,33350.0,33000.0,33150.0,52718,0.0,0.0
2023-07-24 09:00:00+09:00,33300.0,33400.0,32700.0,32750.0,0,0.0,0.0
2023-07-24 10:00:00+09:00,32700.0,33000.0,32600.0,32900.0,17792,0.0,0.0
2023-07-24 11:00:00+09:00,32950.0,33200.0,32650.0,33100.0,25506,0.0,0.0
2023-07-24 12:00:00+09:00,33100.0,33150.0,32850.0,32950.0,18306,0.0,0.0
2023-07-24 13:00:00+09:00,32950.0,33050.0,32850.0,33000.0,19363,0.0,0.0
2023-07-24 14:00:00+09:00,33000.0,33100.0,32950.0,33050.0,12304,0.0,0.0
2023-07-25 09:00:00+09:00,32800.0,33300.0,32700.0,33000.0,32629,0.0,0.0
2023-07-25 10:00:00+09:00,33000.0,33350.0,33000.0,33200.0,25995,0.0,0.0
2023-07-25 11:00:00+09:00,33150.0,33250.0,32750.0,32800.0,23129,0.0,0.0
2023-07-25 12:00:00+09:00,32800.0,33000.0,32650.0,32700.0,20580,0.0,0.0
2023-07-25 13:00:00+09:00,32700.0,32750.0,32550.0,32600.0,17375,0.0,0.0
2023-07-25 14:00:00+09:00,32650.0,32800.0,32400.0,32700.0,32327,0.0,0.0
2023-07-26 09:00:00+09:00,32150.0,32300.0,31100.0,31150.0,67700,0.0,0.0
2023-07-26 10:00:00+09:00,31150.0,31150.0,30450.0,30750.0,75421,0.0,0.0
2023-07-26 11:00:00+09:00,30750.0,31200.0,30700.0,31200.0,20101,0.0,0.0
2023-07-26 12:00:00+09:00,31150.0,31200.0,30700.0,31050.0,16535,0.0,0.0
2023-07-26 13:00:00+09:00,30950.0,31400.0,30850.0,31200.0,40723,0.0,0.0
2023-07-26 14:00:00+09:00,31200.0,31200.0,30800.0,31150.0,26076,0.0,0.0
2023-07-27 09:00:00+09:00,30800.0,32500.0,30800.0,32300.0,73056,0.0,0.0
2023-07-27 10:00:00+09:00,32300.0,33150.0,32250.0,33000.0,53053,0.0,0.0
2023-07-27 11:00:00+09:00,33000.0,33150.0,32800.0,32950.0,20693,0.0,0.0
2023-07-27 12:00:00+09:00,32950.0,33100.0,32900.0,33050.0,22109,0.0,0.0
2023-07-27 13:00:00+09:00,33100.0,33100.0,32850.0,32900.0,16167,0.0,0.0
2023-07-27 14:00:00+09:00,32950.0,32950.0,32800.0,32900.0,19218,0.0,0.0
2023-07-28 09:00:00+09:00,32800.0,33300.0,32550.0,33250.0,43296,0.0,0.0
2023-07-28 10:00:00+09:00,33250.0,33450.0,33150.0,33250.0,31775,0.0,0.0
2023-07-28 11:00:00+09:00,33250.0,33250.0,32950.0,33000.0,11048,0.0,0.0
2023-07-28 12:00:00+09:00,33050.0,33250.0,32950.0,33200.0,10801,0.0,0.0
2023-07-28 13:00:00+09:00,33250.0,33250.0,32800.0,33100.0,11297,0.0,0.0
2023-07-28 14:00:00+09:00,33050.0,33150.0,32950.0,33150.0,12857,0.0,0.0
2023-07-31 09:00:00+09:00,33100.0,33500.0,32900.0,32950.0,0,0.0,0.0
2023-07-31 10:00:00+09:00,33000.0,33250.0,32950.0,33200.0,13050,0.0,0.0
2023-07-31 11:00:00+09:00,33200.0,33350.0,32950.0,33300.0,11931,0.0,0.0
2023-07-31 12:00:00+09:00,33300.0,33300.0,33100.0,33150.0,10710,0.0,0.0
2023-07-31 13:00:00+09:00,33150.0,33300.0,32950.0,33100.0,13622,0.0,0.0
2023-07-31 14:00:00+09:00,33100.0,33350.0,32950.0,33200.0,28194,0.0,0.0
2023-08-01 09:00:00+09:00,33000.0,33400.0,32950.0,33050.0,34479,0.0,0.0
2023-08-01 10:00:00+09:00,33100.0,33400.0,32900.0,33250.0,30725,0.0,0.0
2023-08-01 11:00:00+09:00,33250.0,33300.0,32150.0,32700.0,77878,0.0,0.0
2023-08-01 12:00:00+09:00,32700.0,32950.0,32700.0,32850.0,12789,0.0,0.0
2023-08-01 13:00:00+09:00,32800.0,33300.0,32750.0,33050.0,46624,0.0,0.0
2023-08-01 14:00:00+09:00,33050.0,33150.0,32900.0,33050.0,31183,0.0,0.0
2023-08-02 09:00:00+09:00,33500.0,34650.0,33400.0,34100.0,247989,0.0,0.0
2023-08-02 10:00:00+09:00,34100.0,34500.0,34000.0,34100.0,109316,0.0,0.0
2023-08-02 11:00:00+09:00,34100.0,34300.0,33750.0,33900.0,45207,0.0,0.0
2023-08-02 12:00:00+09:00,33900.0,34050.0,33800.0,33900.0,31835,0.0,0.0
2023-08-02 13:00:00+09:00,33900.0,33900.0,33450.0,33700.0,46354,0.0,0.0
2023-08-02 14:00:00+09:00,33700.0,33700.0,33300.0,33450.0,38707,0.0,0.0
2023-08-03 09:00:00+09:00,33450.0,33950.0,33050.0,33900.0,54299,0.0,0.0
2023-08-03 10:00:00+09:00,33900.0,34650.0,33850.0,34150.0,93740,0.0,0.0
2023-08-03 11:00:00+09:00,34150.0,34450.0,34050.0,34350.0,38630,0.0,0.0
2023-08-03 12:00:00+09:00,34350.0,34450.0,34200.0,34400.0,29284,0.0,0.0
2023-08-03 13:00:00+09:00,34400.0,34850.0,34350.0,34850.0,85999,0.0,0.0
2023-08-03 14:00:00+09:00,34850.0,35200.0,34650.0,35100.0,117568,0.0,0.0
2023-08-04 09:00:00+09:00,35000.0,35000.0,34250.0,34700.0,74259,0.0,0.0
2023-08-04 10:00:00+09:00,34750.0,34750.0,34350.0,34450.0,24090,0.0,0.0
2023-08-04 11:00:00+09:00,34450.0,34550.0,34300.0,34450.0,16991,0.0,0.0
2023-08-04 12:00:00+09:00,34450.0,34600.0,34200.0,34400.0,21948,0.0,0.0
2023-08-04 13:00:00+09:00,34400.0,34600.0,34350.0,34550.0,23423,0.0,0.0
2023-08-04 14:00:00+09:00,34550.0,34750.0,34500.0,34650.0,21500,0.0,0.0
2023-08-07 09:00:00+09:00,34700.0,35500.0,34600.0,35350.0,0,0.0,0.0
2023-08-07 10:00:00+09:00,35300.0,35400.0,34600.0,35100.0,39384,0.0,0.0
2023-08-07 11:00:00+09:00,35100.0,35150.0,35000.0,35100.0,21842,0.0,0.0
2023-08-07 12:00:00+09:00,35100.0,35150.0,34900.0,35000.0,18324,0.0,0.0
2023-08-07 13:00:00+09:00,35050.0,35050.0,34500.0,34650.0,33552,0.0,0.0
2023-08-07 14:00:00+09:00,34650.0,34700.0,34450.0,34600.0,37230,0.0,0.0
2023-08-08 09:00:00+09:00,35000.0,35000.0,34350.0,34800.0,43869,0.0,0.0
2023-08-08 10:00:00+09:00,34800.0,35000.0,34500.0,34850.0,40210,0.0,0.0
2023-08-08 11:00:00+09:00,34850.0,35000.0,34500.0,34950.0,22617,0.0,0.0
2023-08-08 12:00:00+09:00,35000.0,35150.0,34800.0,34950.0,18721,0.0,0.0
2023-08-08 13:00:00+09:00,34950.0,35050.0,34800.0,34850.0,25147,0.0,0.0
2023-08-08 14:00:00+09:00,34850.0,35150.0,34750.0,35000.0,58587,0.0,0.0
2023-08-09 09:00:00+09:00,35150.0,36300.0,35150.0,36250.0,152314,0.0,0.0
2023-08-09 10:00:00+09:00,36250.0,36500.0,35900.0,36450.0,75155,0.0,0.0
2023-08-09 11:00:00+09:00,36500.0,36850.0,36400.0,36450.0,91829,0.0,0.0
2023-08-09 12:00:00+09:00,36450.0,36500.0,36400.0,36500.0,23318,0.0,0.0
2023-08-09 13:00:00+09:00,36500.0,36650.0,36350.0,36500.0,45261,0.0,0.0
2023-08-09 14:00:00+09:00,36500.0,36500.0,36150.0,36250.0,48287,0.0,0.0
2023-08-10 09:00:00+09:00,36250.0,37150.0,36250.0,36800.0,111666,0.0,0.0
2023-08-10 10:00:00+09:00,36800.0,37400.0,36350.0,36900.0,102063,0.0,0.0
2023-08-10 11:00:00+09:00,36900.0,37200.0,36900.0,37150.0,36699,0.0,0.0
2023-08-10 12:00:00+09:00,37150.0,37200.0,36550.0,36550.0,28795,0.0,0.0
2023-08-10 13:00:00+09:00,36650.0,36850.0,36050.0,36600.0,48508,0.0,0.0
2023-08-10 14:00:00+09:00,36550.0,36650.0,36500.0,36550.0,32988,0.0,0.0
2023-08-11 09:00:00+09:00,36600.0,36800.0,36150.0,36300.0,32887,0.0,0.0
2023-08-11 10:00:00+09:00,36350.0,36400.0,35900.0,36100.0,50092,0.0,0.0
2023-08-11 11:00:00+09:00,36100.0,36450.0,36050.0,36400.0,37293,0.0,0.0
2023-08-11 12:00:00+09:00,36350.0,36450.0,36250.0,36400.0,22592,0.0,0.0
2023-08-11 13:00:00+09:00,36400.0,36400.0,36150.0,36250.0,21437,0.0,0.0
2023-08-11 14:00:00+09:00,36250.0,36350.0,36000.0,36150.0,44878,0.0,0.0
2023-08-14 09:00:00+09:00,36950.0,36950.0,36000.0,36300.0,0,0.0,0.0
2023-08-14 10:00:00+09:00,36300.0,36500.0,36200.0,36350.0,21619,0.0,0.0
2023-08-14 11:00:00+09:00,36350.0,36400.0,36200.0,36300.0,12063,0.0,0.0
2023-08-14 12:00:00+09:00,36250.0,36350.0,36200.0,36300.0,13035,0.0,0.0
2023-08-14 13:00:00+09:00,36300.0,36350.0,36150.0,36200.0,17752,0.0,0.0
2023-08-14 14:00:00+09:00,36150.0,36350.0,36100.0,36300.0,17565,0.0,0.0
2023-08-16 09:00:00+09:00,36350.0,36800.0,35900.0,36550.0,0,0.0,0.0
2023-08-16 10:00:00+09:00,36550.0,36900.0,36400.0,36800.0,52077,0.0,0.0
2023-08-16 11:00:00+09:00,36800.0,37050.0,36700.0,36800.0,42554,0.0,0.0
2023-08-16 12:00:00+09:00,36750.0,37000.0,36650.0,36850.0,25633,0.0,0.0
2023-08-16 13:00:00+09:00,36850.0,36950.0,36450.0,36600.0,33058,0.0,0.0
2023-08-16 14:00:00+09:00,36600.0,36750.0,36400.0,36550.0,29582,0.0,0.0
2023-08-17 09:00:00+09:00,36000.0,36600.0,35550.0,36400.0,72931,0.0,0.0
2023-08-17 10:00:00+09:00,36400.0,36550.0,36050.0,36400.0,35454,0.0,0.0
2023-08-17 11:00:00+09:00,36400.0,36500.0,36300.0,36450.0,13230,0.0,0.0
2023-08-17 12:00:00+09:00,36400.0,36500.0,36250.0,36400.0,14081,0.0,0.0
2023-08-17 13:00:00+09:00,36400.0,36550.0,36250.0,36400.0,22013,0.0,0.0
2023-08-17 14:00:00+09:00,36450.0,36500.0,36200.0,36350.0,19917,0.0,0.0
2023-08-18 09:00:00+09:00,36100.0,36500.0,35800.0,36100.0,36891,0.0,0.0
2023-08-18 10:00:00+09:00,36150.0,36400.0,36000.0,36150.0,24132,0.0,0.0
2023-08-18 11:00:00+09:00,36100.0,36300.0,35950.0,36150.0,11571,0.0,0.0
2023-08-18 12:00:00+09:00,36100.0,36250.0,36050.0,36250.0,6759,0.0,0.0
2023-08-18 13:00:00+09:00,36250.0,36350.0,36050.0,36300.0,11296,0.0,0.0
2023-08-18 14:00:00+09:00,36250.0,36350.0,36200.0,36300.0,20986,0.0,0.0
2023-08-21 09:00:00+09:00,36150.0,36650.0,36100.0,36300.0,0,0.0,0.0
2023-08-21 10:00:00+09:00,36350.0,36550.0,36200.0,36400.0,26814,0.0,0.0
2023-08-21 11:00:00+09:00,36350.0,36800.0,36350.0,36650.0,20275,0.0,0.0
2023-08-21 12:00:00+09:00,36700.0,36800.0,36500.0,36700.0,10714,0.0,0.0
2023-08-21 13:00:00+09:00,36700.0,36700.0,36500.0,36550.0,10923,0.0,0.0
2023-08-21 14:00:00+09:00,36500.0,36700.0,36300.0,36450.0,13413,0.0,0.0
2023-08-22 09:00:00+09:00,36450.0,36700.0,35900.0,36250.0,34114,0.0,0.0
2023-08-22 10:00:00+09:00,36300.0,36500.0,35950.0,36200.0,37489,0.0,0.0
2023-08-22 11:00:00+09:00,36200.0,36400.0,36050.0,36350.0,11644,0.0,0.0
2023-08-22 12:00:00+09:00,36350.0,36500.0,36350.0,36400.0,8665,0.0,0.0
2023-08-22 13:00:00+09:00,36450.0,36450.0,36150.0,36250.0,10133,0.0,0.0
2023-08-22 14:00:00+09:00,36250.0,36300.0,36100.0,36100.0,12925,0.0,0.0
2023-08-23 09:00:00+09:00,36050.0,36400.0,35850.0,35950.0,0,0.0,0.0
2023-08-23 10:00:00+09:00,35950.0,36250.0,35950.0,36050.0,10087,0.0,0.0
2023-08-23 11:00:00+09:00,36100.0,36350.0,36050.0,36300.0,10368,0.0,0.0
2023-08-23 12:00:00+09:00,36300.0,36400.0,36150.0,36300.0,16380,0.0,0.0
2023-08-23 13:00:00+09:00,36300.0,36900.0,36250.0,36650.0,51786,0.0,0.0
2023-08-23 14:00:00+09:00,36650.0,37150.0,36550.0,37050.0,50111,0.0,0.0
2023-08-24 09:00:00+09:00,37000.0,37250.0,36600.0,37050.0,37675,0.0,0.0
2023-08-24 10:00:00+09:00,37100.0,37100.0,36850.0,36950.0,19184,0.0,0.0
2023-08-24 11:00:00+09:00,36900.0,36950.0,36750.0,36900.0,15902,0.0,0.0
2023-08-24 12:00:00+09:00,36850.0,37000.0,36750.0,37000.0,24642,0.0,0.0
2023-08-24 13:00:00+09:00,36950.0,37200.0,36950.0,37200.0,30054,0.0,0.0
2023-08-24 14:00:00+09:00,37200.0,37400.0,37150.0,37400.0,53864,0.0,0.0
2023-08-25 09:00:00+09:00,36700.0,37800.0,36650.0,37150.0,56836,0.0,0.0
2023-08-25 10:00:00+09:00,37150.0,37950.0,37100.0,37900.0,54178,0.0,0.0
2023-08-25 11:00:00+09:00,37850.0,38150.0,37550.0,37600.0,53950,0.0,0.0
2023-08-25 12:00:00+09:00,37700.0,37700.0,37450.0,37600.0,23395,0.0,0.0
2023-08-25 13:00:00+09:00,37600.0,37600.0,37150.0,37400.0,19114,0.0,0.0
2023-08-25 14:00:00+09:00,37400.0,37500.0,37250.0,37400.0,21770,0.0,0.0
2023-08-28 09:00:00+09:00,38000.0,38400.0,37200.0,37300.0,0,0.0,0.0
2023-08-28 10:00:00+09:00,37250.0,37350.0,37050.0,37200.0,21013,0.0,0.0
2023-08-28 11:00:00+09:00,37200.0,37200.0,36950.0,37150.0,23757,0.0,0.0
2023-08-28 12:00:00+09:00,37150.0,37250.0,37050.0,37100.0,7052,0.0,0.0
2023-08-28 13:00:00+09:00,37150.0,37150.0,36950.0,37000.0,10475,0.0,0.0
2023-08-28 14:00:00+09:00,37000.0,37150.0,36950.0,37050.0,9749,0.0,0.0
2023-08-29 09:00:00+09:00,36950.0,37050.0,35800.0,36200.0,70813,0.0,0.0
2023-08-29 10:00:00+09:00,36200.0,36550.0,36100.0,36350.0,21777,0.0,0.0
2023-08-29 11:00:00+09:00,36400.0,36800.0,36250.0,36800.0,18050,0.0,0.0
2023-08-29 12:00:00+09:00,36800.0,37200.0,36650.0,37200.0,14987,0.0,0.0
2023-08-29 13:00:00+09:00,37200.0,37300.0,37050.0,37150.0,19256,0.0,0.0
2023-08-29 14:00:00+09:00,37100.0,37200.0,37000.0,37100.0,17177,0.0,0.0
2023-08-30 09:00:00+09:00,37400.0,37400.0,36600.0,36800.0,26136,0.0,0.0
2023-08-30 10:00:00+09:00,36850.0,37150.0,36700.0,37100.0,15639,0.0,0.0
2023-08-30 11:00:00+09:00,37050.0,37200.0,36950.0,37000.0,10128,0.0,0.0
2023-08-30 12:00:00+09:00,37000.0,37100.0,36900.0,36900.0,9596,0.0,0.0
2023-08-30 13:00:00+09:00,36850.0,37000.0,36800.0,36900.0,12959,0.0,0.0
2023-08-30 14:00:00+09:00,36900.0,36950.0,36750.0,36750.0,14505,0.0,0.0
2023-08-31 09:00:00+09:00,36750.0,36900.0,36450.0,36650.0,21787,0.0,0.0
2023-08-31 10:00:00+09:00,36650.0,36950.0,36400.0,36900.0,28975,0.0,0.0
2023-08-31 11:00:00+09:00,36900.0,37200.0,36750.0,37000.0,13133,0.0,0.0
2023-08-31 12:00:00+09:00,37000.0,37100.0,36850.0,37050.0,12784,0.0,0.0
2023-08-31 13:00:00+09:00,37000.0,37400.0,37000.0,37150.0,27956,0.0,0.0
2023-08-31 14:00:00+09:00,37150.0,37200.0,36850.0,36900.0,23908,0.0,0.0
2023-09-01 09:00:00+09:00,37000.0,37200.0,36150.0,36200.0,50602,0.0,0.0
2023-09-01 10:00:00+09:00,36200.0,36300.0,36050.0,36100.0,24196,0.0,0.0
2023-09-01 11:00:00+09:00,36100.0,36150.0,35750.0,36000.0,33726,0.0,0.0
2023-09-01 12:00:00+09:00,36050.0,36250.0,35950.0,36100.0,15226,0.0,0.0
2023-09-01 13:00:00+09:00,36150.0,36300.0,36050.0,36100.0,15228,0.0,0.0
2023-09-01 14:00:00+09:00,36100.0,36250.0,35950.0,36150.0,41399,0.0,0.0
2023-09-04 09:00:00+09:00,36100.0,36500.0,35800.0,36150.0,0,0.0,0.0
2023-09-04 10:00:00+09:00,36200.0,36200.0,35900.0,35950.0,14933,0.0,0.0
2023-09-04 11:00:00+09:00,36000.0,36050.0,35900.0,35950.0,7531,0.0,0.0
2023-09-04 12:00:00+09:00,36000.0,36050.0,35900.0,36000.0,10654,0.0,0.0
2023-09-04 13:00:00+09:00,36000.0,36200.0,35950.0,36150.0,7864,0.0,0.0
2023-09-04 14:00:00+09:00,36100.0,36150.0,36000.0,36050.0,13125,0.0,0.0
2023-09-05 09:00:00+09:00,36050.0,36450.0,36000.0,36400.0,15268,0.0,0.0
2023-09-05 10:00:00+09:00,36400.0,38200.0,36400.0,38150.0,135028,0.0,0.0
2023-09-05 11:00:00+09:00,38150.0,38200.0,37800.0,37950.0,48219,0.0,0.0
2023-09-05 12:00:00+09:00,37950.0,38000.0,37350.0,37500.0,30205,0.0,0.0
2023-09-05 13:00:00+09:00,37500.0,37550.0,37300.0,37450.0,17609,0.0,0.0
2023-09-05 14:00:00+09:00,37450.0,37550.0,37350.0,37450.0,29138,0.0,0.0
2023-09-06 09:00:00+09:00,37150.0,37150.0,35450.0,36800.0,50070,0.0,0.0
2023-09-06 10:00:00+09:00,36800.0,37400.0,36750.0,37050.0,17697,0.0,0.0
2023-09-06 11:00:00+09:00,37100.0,37350.0,37050.0,37200.0,11118,0.0,0.0
2023-09-06 12:00:00+09:00,37250.0,37450.0,37050.0,37050.0,21406,0.0,0.0
2023-09-06 13:00:00+09:00,37100.0,37200.0,36950.0,37100.0,20496,0.0,0.0
2023-09-06 14:00:00+09:00,37100.0,37450.0,37100.0,37150.0,21985,0.0,0.0
2023-09-07 09:00:00+09:00,37250.0,37550.0,36900.0,37150.0,17875,0.0,0.0
2023-09-07 10:00:00+09:00,37150.0,37300.0,36950.0,37200.0,11631,0.0,0.0
2023-09-07 11:00:00+09:00,37150.0,37200.0,36950.0,37000.0,14170,0.0,0.0
2023-09-07 12:00:00+09:00,37000.0,37000.0,36750.0,37000.0,9613,0.0,0.0
2023-09-07 13:00:00+09:00,37000.0,37050.0,36850.0,37000.0,17550,0.0,0.0
2023-09-07 14:00:00+09:00,37050.0,37050.0,36800.0,36850.0,20800,0.0,0.0
2023-09-08 09:00:00+09:00,37300.0,39000.0,36850.0,38650.0,155121,0.0,0.0
2023-09-08 10:00:00+09:00,38650.0,38950.0,38150.0,38200.0,58559,0.0,0.0
2023-09-08 11:00:00+09:00,38200.0,38250.0,37800.0,38250.0,29329,0.0,0.0
2023-09-08 12:00:00+09:00,38200.0,38250.0,37900.0,38150.0,13692,0.0,0.0
2023-09-08 13:00:00+09:00,38150.0,38300.0,37950.0,38050.0,23323,0.0,0.0
2023-09-08 14:00:00+09:00,38050.0,38050.0,37850.0,37900.0,19893,0.0,0.0
2023-09-11 09:00:00+09:00,37900.0,38500.0,37900.0,38350.0,0,0.0,0.0
2023-09-11 10:00:00+09:00,38400.0,38900.0,38150.0,38850.0,69805,0.0,0.0
2023-09-11 11:00:00+09:00,38900.0,39800.0,38800.0,39300.0,165868,0.0,0.0
2023-09-11 12:00:00+09:00,39300.0,39300.0,39050.0,39200.0,46550,0.0,0.0
2023-09-11 13:00:00+09:00,39250.0,39300.0,39100.0,39200.0,53369,0.0,0.0
2023-09-11 14:00:00+09:00,39200.0,39700.0,39150.0,39550.0,94608,0.0,0.0
2023-09-12 09:00:00+09:00,39550.0,39800.0,39000.0,39600.0,104936,0.0,0.0
2023-09-12 10:00:00+09:00,39550.0,39700.0,39350.0,39450.0,59271,0.0,0.0
2023-09-12 11:00:00+09:00,39500.0,39600.0,39300.0,39350.0,53390,0.0,0.0
2023-09-12 12:00:00+09:00,39300.0,39350.0,39100.0,39200.0,33516,0.0,0.0
2023-09-12 13:00:00+09:00,39200.0,39200.0,38500.0,38550.0,62529,0.0,0.0
2023-09-12 14:00:00+09:00,38600.0,38600.0,38300.0,38500.0,59975,0.0,0.0
2023-09-13 09:00:00+09:00,38900.0,38950.0,38250.0,38400.0,37315,0.0,0.0
2023-09-13 10:00:00+09:00,38400.0,38400.0,37600.0,37900.0,52233,0.0,0.0
2023-09-13 11:00:00+09:00,37900.0,38250.0,37700.0,38250.0,24601,0.0,0.0
2023-09-13 12:00:00+09:00,38200.0,38300.0,38050.0,38200.0,10629,0.0,0.0
2023-09-13 13:00:00+09:00,38200.0,38550.0,38050.0,38450.0,25141,0.0,0.0
2023-09-13 14:00:00+09:00,38500.0,38550.0,38200.0,38300.0,25532,0.0,0.0
2023-09-14 09:00:00+09:00,38400.0,38400.0,37750.0,38050.0,48502,0.0,0.0
2023-09-14 10:00:00+09:00,38100.0,38200.0,38000.0,38150.0,19398,0.0,0.0
2023-09-14 11:00:00+09:00,38150.0,38200.0,38000.0,38100.0,15951,0.0,0.0
2023-09-14 12:00:00+09:00,38100.0,38150.0,38050.0,38100.0,12069,0.0,0.0
2023-09-14 13:00:00+09:00,38050.0,38300.0,38050.0,38250.0,24923,0.0,0.0
2023-09-14 14:00:00+09:00,38250.0,38350.0,38100.0,38150.0,28658,0.0,0.0
2023-09-15 09:00:00+09:00,38500.0,38500.0,37650.0,37900.0,32045,0.0,0.0
2023-09-15 10:00:00+09:00,37950.0,38200.0,37850.0,38050.0,17008,0.0,0.0
2023-09-15 11:00:00+09:00,38050.0,38200.0,38050.0,38050.0,17604,0.0,0.0
2023-09-15 12:00:00+09:00,38050.0,38050.0,38000.0,38000.0,10394,0.0,0.0
2023-09-15 13:00:00+09:00,38050.0,38050.0,37850.0,37950.0,14885,0.0,0.0
2023-09-15 14:00:00+09:00,37950.0,38050.0,37900.0,37950.0,21319,0.0,0.0
2023-09-18 09:00:00+09:00,37800.0,38700.0,37600.0,38300.0,0,0.0,0.0
2023-09-18 10:00:00+09:00,38350.0,39200.0,38300.0,38450.0,77207,0.0,0.0
2023-09-18 11:00:00+09:00,38450.0,38550.0,38100.0,38300.0,27883,0.0,0.0
2023-09-18 12:00:00+09:00,38300.0,38300.0,37950.0,38150.0,28904,0.0,0.0
2023-09-18 13:00:00+09:00,38150.0,38150.0,37950.0,38050.0,16028,0.0,0.0
2023-09-18 14:00:00+09:00,38100.0,38600.0,38000.0,38400.0,40427,0.0,0.0
2023-09-19 09:00:00+09:00,38300.0,38750.0,38050.0,38100.0,38068,0.0,0.0
2023-09-19 10:00:00+09:00,38150.0,38600.0,38050.0,38450.0,41240,0.0,0.0
2023-09-19 11:00:00+09:00,38400.0,38550.0,38150.0,38250.0,34653,0.0,0.0
2023-09-19 12:00:00+09:00,38250.0,38450.0,38200.0,38400.0,16433,0.0,0.0
2023-09-19 13:00:00+09:00,38400.0,38500.0,38350.0,38400.0,21875,0.0,0.0
2023-09-19 14:00:00+09:00,38400.0,38450.0,38150.0,38250.0,56808,0.0,0.0
2023-09-20 09:00:00+09:00,38650.0,38650.0,38100.0,38450.0,33384,0.0,0.0
2023-09-20 10:00:00+09:00,38450.0,39850.0,38350.0,39650.0,177097,0.0,0.0
2023-09-20 11:00:00+09:00,39700.0,39700.0,39350.0,39650.0,55074,0.0,0.0
2023-09-20 12:00:00+09:00,39650.0,39700.0,39400.0,39550.0,33985,0.0,0.0
2023-09-20 13:00:00+09:00,39500.0,39600.0,39150.0,39250.0,41488,0.0,0.0
2023-09-20 14:00:00+09:00,39250.0,39800.0,39200.0,39750.0,77115,0.0,0.0
2023-09-21 09:00:00+09:00,39550.0,39550.0,38300.0,38550.0,81100,0.0,0.0
2023-09-21 10:00:00+09:00,38550.0,38550.0,38150.0,38450.0,43769,0.0,0.0
2023-09-21 11:00:00+09:00,38450.0,38500.0,38150.0,38200.0,27666,0.0,0.0
2023-09-21 12:00:00+09:00,38200.0,38500.0,38200.0,38400.0,20300,0.0,0.0
2023-09-21 13:00:00+09:00,38450.0,39050.0,38350.0,38850.0,44668,0.0,0.0
2023-09-21 14:00:00+09:00,38850.0,38900.0,38700.0,38700.0,38469,0.0,0.0
2023-09-22 09:00:00+09:00,38000.0,38650.0,37800.0,38650.0,33794,0.0,0.0
2023-09-22 10:00:00+09:00,38650.0,39450.0,38350.0,39400.0,33646,0.0,0.0
2023-09-22 11:00:00+09:00,39400.0,40400.0,39350.0,40200.0,161377,0.0,0.0
2023-09-22 12:00:00+09:00,40200.0,40300.0,39700.0,39900.0,37489,0.0,0.0
2023-09-22 13:00:00+09:00,39850.0,40200.0,39700.0,39900.0,59708,0.0,0.0
2023-09-22 14:00:00+09:00,39900.0,40050.0,39850.0,40000.0,61569,0.0,0.0
2023-09-25 09:00:00+09:00,40550.0,43500.0,40500.0,43250.0,334254,0.0,0.0
2023-09-25 10:00:00+09:00,43300.0,43600.0,42550.0,42850.0,308422,0.0,0.0
2023-09-25 11:00:00+09:00,42850.0,42850.0,41750.0,41850.0,150168,0.0,0.0
2023-09-25 12:00:00+09:00,41900.0,42250.0,41500.0,41550.0,99201,0.0,0.0
2023-09-25 13:00:00+09:00,41550.0,41800.0,41100.0,41250.0,117076,0.0,0.0
2023-09-25 14:00:00+09:00,41250.0,41350.0,40800.0,40900.0,128146,0.0,0.0
2023-09-26 09:00:00+09:00,41100.0,41400.0,40550.0,41050.0,119766,0.0,0.0
2023-09-26 10:00:00+09:00,41050.0,42000.0,41000.0,41100.0,141670,0.0,0.0
2023-09-26 11:00:00+09:00,41150.0,41700.0,41000.0,41700.0,40953,0.0,0.0
2023-09-26 12:00:00+09:00,41700.0,42000.0,41200.0,41250.0,65784,0.0,0.0
2023-09-26 13:00:00+09:00,41250.0,41600.0,41200.0,41550.0,36523,0.0,0.0
2023-09-26 14:00:00+09:00,41550.0,41850.0,41350.0,41750.0,100689,0.0,0.0
2023-09-27 09:00:00+09:00,41100.0,41950.0,40750.0,41450.0,86739,0.0,0.0
2023-09-27 10:00:00+09:00,41300.0,41700.0,41250.0,41400.0,29020,0.0,0.0
2023-09-27 11:00:00+09:00,41400.0,41700.0,41250.0,41600.0,18942,0.0,0.0
2023-09-27 12:00:00+09:00,41600.0,42000.0,41550.0,41950.0,43937,0.0,0.0
2023-09-27 13:00:00+09:00,41950.0,42450.0,41600.0,42350.0,98732,0.0,0.0
2023-09-27 14:00:00+09:00,42350.0,42800.0,42100.0,42650.0,88000,0.0,0.0
2023-10-04 09:00:00+09:00,42100.0,42800.0,41050.0,41250.0,0,0.0,0.0
2023-10-04 10:00:00+09:00,41300.0,42000.0,41100.0,41650.0,58294,0.0,0.0
2023-10-04 11:00:00+09:00,41600.0,41650.0,41250.0,41350.0,22748,0.0,0.0
2023-10-04 12:00:00+09:00,41350.0,41450.0,41150.0,41200.0,17318,0.0,0.0
2023-10-04 13:00:00+09:00,41200.0,41400.0,41000.0,41350.0,35298,0.0,0.0
2023-10-04 14:00:00+09:00,41400.0,41400.0,41000.0,41200.0,38028,0.0,0.0
2023-10-05 09:00:00+09:00,41650.0,41850.0,40400.0,41000.0,93223,0.0,0.0
2023-10-05 10:00:00+09:00,41050.0,41500.0,40900.0,41500.0,42161,0.0,0.0
2023-10-05 11:00:00+09:00,41500.0,41650.0,41250.0,41450.0,28158,0.0,0.0
2023-10-05 12:00:00+09:00,41400.0,41650.0,41250.0,41550.0,23810,0.0,0.0
2023-10-05 13:00:00+09:00,41600.0,41750.0,41400.0,41550.0,31378,0.0,0.0
2023-10-05 14:00:00+09:00,41550.0,41550.0,40500.0,40900.0,53504,0.0,0.0
2023-10-06 09:00:00+09:00,41000.0,42400.0,40850.0,41750.0,85098,0.0,0.0
2023-10-06 10:00:00+09:00,41750.0,42350.0,41700.0,42350.0,37352,0.0,0.0
2023-10-06 11:00:00+09:00,42300.0,42350.0,42000.0,42300.0,23475,0.0,0.0
2023-10-06 12:00:00+09:00,42300.0,42400.0,42200.0,42400.0,29239,0.0,0.0
2023-10-06 13:00:00+09:00,42350.0,42700.0,42350.0,42700.0,72981,0.0,0.0
2023-10-06 14:00:00+09:00,42650.0,42900.0,42450.0,42500.0,90141,0.0,0.0
2023-10-10 09:00:00+09:00,42900.0,43100.0,42100.0,42750.0,0,0.0,0.0
2023-10-10 10:00:00+09:00,42700.0,43050.0,42650.0,42950.0,36927,0.0,0.0
2023-10-10 11:00:00+09:00,42950.0,43000.0,42700.0,42900.0,34986,0.0,0.0
2023-10-10 12:00:00+09:00,42900.0,42950.0,42250.0,42400.0,32434,0.0,0.0
2023-10-10 13:00:00+09:00,42400.0,42550.0,42150.0,42450.0,28826,0.0,0.0
2023-10-10 14:00:00+09:00,42450.0,42450.0,41650.0,42000.0,35909,0.0,0.0
2023-10-11 09:00:00+09:00,42350.0,42700.0,41700.0,41900.0,62204,0.0,0.0
2023-10-11 10:00:00+09:00,41950.0,42700.0,41850.0,42650.0,31570,0.0,0.0
2023-10-11 11:00:00+09:00,42650.0,42900.0,42400.0,42800.0,45172,0.0,0.0
2023-10-11 12:00:00+09:00,42800.0,42900.0,42650.0,42700.0,23621,0.0,0.0
2023-10-11 13:00:00+09:00,42700.0,42750.0,42350.0,42550.0,28889,0.0,0.0
2023-10-11 14:00:00+09:00,42500.0,42600.0,42300.0,42500.0,33570,0.0,0.0
2023-10-12 09:00:00+09:00,42450.0,42650.0,42000.0,42550.0,54232,0.0,0.0
2023-10-12 10:00:00+09:00,42500.0,42700.0,42400.0,42700.0,44276,0.0,0.0
2023-10-12 11:00:00+09:00,42700.0,42750.0,42450.0,42600.0,16958,0.0,0.0
2023-10-12 12:00:00+09:00,42600.0,42650.0,42450.0,42500.0,16666,0.0,0.0
2023-10-12 13:00:00+09:00,42550.0,42650.0,42000.0,42350.0,35587,0.0,0.0
2023-10-12 14:00:00+09:00,42450.0,42550.0,42350.0,42500.0,33647,0.0,0.0
2023-10-13 09:00:00+09:00,42450.0,42900.0,42200.0,42300.0,38919,0.0,0.0
2023-10-13 10:00:00+09:00,42250.0,42500.0,42200.0,42250.0,23050,0.0,0.0
2023-10-13 11:00:00+09:00,42200.0,42350.0,42150.0,42300.0,13514,0.0,0.0
2023-10-13 12:00:00+09:00,42300.0,42400.0,42100.0,42300.0,11677,0.0,0.0
2023-10-13 13:00:00+09:00,42300.0,42350.0,41800.0,41850.0,29393,0.0,0.0
2023-10-13 14:00:00+09:00,41850.0,42100.0,41700.0,41800.0,42339,0.0,0.0
2023-10-16 09:00:00+09:00,41800.0,42450.0,41650.0,42350.0,0,0.0,0.0
2023-10-16 10:00:00+09:00,42350.0,42700.0,42200.0,42300.0,39605,0.0,0.0
2023-10-16 11:00:00+09:00,42300.0,42450.0,41850.0,42100.0,17083,0.0,0.0
2023-10-16 12:00:00+09:00,42050.0,42200.0,41850.0,42100.0,12180,0.0,0.0
2023-10-16 13:00:00+09:00,42100.0,42200.0,41600.0,41950.0,30122,0.0,0.0
2023-10-16 14:00:00+09:00,41950.0,42100.0,41750.0,41850.0,25936,0.0,0.0
2023-10-17 09:00:00+09:00,42200.0,42450.0,41750.0,41800.0,22086,0.0,0.0
2023-10-17 10:00:00+09:00,41750.0,42050.0,41250.0,41950.0,57014,0.0,0.0
2023-10-17 11:00:00+09:00,41950.0,42250.0,41850.0,42100.0,15812,0.0,0.0
2023-10-17 12:00:00+09:00,42100.0,42150.0,41850.0,41850.0,9394,0.0,0.0
2023-10-17 13:00:00+09:00,41850.0,42000.0,41500.0,41700.0,35016,0.0,0.0
2023-10-17 14:00:00+09:00,41700.0,41950.0,41550.0,41800.0,29034,0.0,0.0
2023-10-18 09:00:00+09:00,41750.0,41750.0,40600.0,41000.0,77633,0.0,0.0
2023-10-18 10:00:00+09:00,41000.0,41300.0,40800.0,40950.0,24475,0.0,0.0
2023-10-18 11:00:00+09:00,40900.0,41250.0,40800.0,41000.0,26789,0.0,0.0
2023-10-18 12:00:00+09:00,41000.0,41150.0,40850.0,40950.0,14934,0.0,0.0
2023-10-18 13:00:00+09:00,40950.0,41250.0,40800.0,41100.0,34657,0.0,0.0
2023-10-18 14:00:00+09:00,41100.0,41200.0,40700.0,40900.0,48827,0.0,0.0
2023-10-19 09:00:00+09:00,39950.0,41300.0,39800.0,41150.0,76418,0.0,0.0
2023-10-19 10:00:00+09:00,41100.0,41150.0,40650.0,40750.0,37326,0.0,0.0
2023-10-19 11:00:00+09:00,40800.0,41050.0,40650.0,40650.0,19817,0.0,0.0
2023-10-19 12:00:00+09:00,40700.0,40800.0,40350.0,40400.0,26910,0.0,0.0
2023-10-19 13:00:00+09:00,40450.0,40500.0,40050.0,40300.0,30155,0.0,0.0
2023-10-19 14:00:00+09:00,40300.0,40450.0,40150.0,40300.0,40567,0.0,0.0
2023-10-20 09:00:00+09:00,40300.0,40950.0,39750.0,39950.0,87292,0.0,0.0
2023-10-20 10:00:00+09:00,40000.0,40000.0,39150.0,39800.0,75471,0.0,0.0
2023-10-20 11:00:00+09:00,39800.0,40450.0,39800.0,40350.0,35126,0.0,0.0
2023-10-20 12:00:00+09:00,40350.0,40450.0,40100.0,40300.0,14535,0.0,0.0
2023-10-20 13:00:00+09:00,40350.0,41100.0,40200.0,40800.0,30991,0.0,0.0
2023-10-20 14:00:00+09:00,40800.0,40900.0,40350.0,40500.0,28330,0.0,0.0
2023-10-23 09:00:00+09:00,40450.0,41350.0,40100.0,41300.0,0,0.0,0.0
2023-10-23 10:00:00+09:00,41300.0,41650.0,41100.0,41650.0,33635,0.0,0.0
2023-10-23 11:00:00+09:00,41650.0,41800.0,41500.0,41750.0,36259,0.0,0.0
2023-10-23 12:00:00+09:00,41650.0,42100.0,41600.0,42000.0,44599,0.0,0.0
2023-10-23 13:00:00+09:00,42000.0,42150.0,41450.0,41650.0,40485,0.0,0.0
2023-10-23 14:00:00+09:00,41600.0,42050.0,41600.0,41800.0,40148,0.0,0.0
2023-10-24 09:00:00+09:00,41900.0,42000.0,41050.0,41750.0,44425,0.0,0.0
2023-10-24 10:00:00+09:00,41750.0,41750.0,41250.0,41600.0,25002,0.0,0.0
2023-10-24 11:00:00+09:00,41600.0,42100.0,41600.0,41950.0,27549,0.0,0.0
2023-10-24 12:00:00+09:00,41900.0,42200.0,41900.0,42050.0,17963,0.0,0.0
2023-10-24 13:00:00+09:00,42000.0,42550.0,41800.0,42500.0,37253,0.0,0.0
2023-10-24 14:00:00+09:00,42500.0,42600.0,42300.0,42600.0,42782,0.0,0.0
2023-10-25 09:00:00+09:00,42900.0,42950.0,42100.0,42800.0,48048,0.0,0.0
2023-10-25 10:00:00+09:00,42800.0,43700.0,42750.0,43700.0,98974,0.0,0.0
2023-10-25 11:00:00+09:00,43650.0,43800.0,43200.0,43400.0,58365,0.0,0.0
2023-10-25 12:00:00+09:00,43400.0,43700.0,43400.0,43600.0,38067,0.0,0.0
2023-10-25 13:00:00+09:00,43650.0,43650.0,43300.0,43650.0,39441,0.0,0.0
2023-10-25 14:00:00+09:00,43650.0,44350.0,43500.0,43950.0,159450,0.0,0.0
2023-10-26 09:00:00+09:00,42800.0,44100.0,42700.0,43500.0,77959,0.0,0.0
2023-10-26 10:00:00+09:00,43500.0,43750.0,42900.0,42900.0,47104,0.0,0.0
2023-10-26 11:00:00+09:00,42900.0,43200.0,42900.0,43000.0,27701,0.0,0.0
2023-10-26 12:00:00+09:00,43000.0,43300.0,42950.0,43150.0,21076,0.0,0.0
2023-10-26 13:00:00+09:00,43150.0,43250.0,42850.0,42950.0,23552,0.0,0.0
2023-10-26 14:00:00+09:00,43000.0,43350.0,42700.0,43300.0,45503,0.0,0.0
2023-10-27 09:00:00+09:00,43250.0,43600.0,42100.0,43200.0,60554,0.0,0.0
2023-10-27 10:00:00+09:00,43200.0,43550.0,43050.0,43100.0,29584,0.0,0.0
2023-10-27 11:00:00+09:00,43100.0,43300.0,43000.0,43100.0,11614,0.0,0.0
2023-10-27 12:00:00+09:00,43100.0,43100.0,42550.0,42750.0,15987,0.0,0.0
2023-10-27 13:00:00+09:00,42800.0,42950.0,42300.0,42850.0,19121,0.0,0.0
2023-10-27 14:00:00+09:00,42850.0,42850.0,42400.0,42800.0,16471,0.0,0.0
2023-10-30 09:00:00+09:00,42350.0,43100.0,42200.0,42800.0,0,0.0,0.0
2023-10-30 10:00:00+09:00,42750.0,43350.0,42700.0,43200.0,22148,0.0,0.0
2023-10-30 11:00:00+09:00,43250.0,43950.0,43100.0,43500.0,46818,0.0,0.0
2023-10-30 12:00:00+09:00,43500.0,43500.0,43050.0,43100.0,11082,0.0,0.0
2023-10-30 13:00:00+09:00,43050.0,43150.0,42500.0,42750.0,42865,0.0,0.0
2023-10-30 14:00:00+09:00,42700.0,43200.0,42600.0,43000.0,18115,0.0,0.0
2023-10-31 09:00:00+09:00,43150.0,44350.0,43100.0,43750.0,105983,0.0,0.0
2023-10-31 10:00:00+09:00,43750.0,44000.0,43500.0,44000.0,30400,0.0,0.0
2023-10-31 11:00:00+09:00,43950.0,44000.0,43600.0,43850.0,16004,0.0,0.0
2023-10-31 12:00:00+09:00,43900.0,43950.0,43450.0,43450.0,21112,0.0,0.0
2023-10-31 13:00:00+09:00,43450.0,43600.0,43000.0,43550.0,29847,0.0,0.0
2023-10-31 14:00:00+09:00,43500.0,43650.0,43050.0,43150.0,24902,0.0,0.0
2023-11-01 09:00:00+09:00,43600.0,43750.0,42750.0,43300.0,31216,0.0,0.0
2023-11-01 10:00:00+09:00,43300.0,43350.0,43050.0,43050.0,9846,0.0,0.0
2023-11-01 11:00:00+09:00,43150.0,43300.0,43050.0,43150.0,7353,0.0,0.0
2023-11-01 12:00:00+09:00,43100.0,43200.0,42800.0,43150.0,22808,0.0,0.0
2023-11-01 13:00:00+09:00,43100.0,43200.0,42900.0,43150.0,13766,0.0,0.0
2023-11-01 14:00:00+09:00,43250.0,43600.0,43000.0,43500.0,27881,0.0,0.0
2023-11-02 09:00:00+09:00,43950.0,44100.0,42850.0,43250.0,57919,0.0,0.0
2023-11-02 10:00:00+09:00,43300.0,43500.0,43150.0,43200.0,18241,0.0,0.0
2023-11-02 11:00:00+09:00,43200.0,43400.0,43100.0,43250.0,11866,0.0,0.0
2023-11-02 12:00:00+09:00,43250.0,43450.0,43200.0,43400.0,9096,0.0,0.0
2023-11-02 13:00:00+09:00,43450.0,43600.0,43300.0,43400.0,18234,0.0,0.0
2023-11-02 14:00:00+09:00,43350.0,43450.0,43200.0,43300.0,22525,0.0,0.0
2023-11-03 09:00:00+09:00,43800.0,43850.0,42550.0,42900.0,59687,0.0,0.0
2023-11-03 10:00:00+09:00,42900.0,43150.0,42650.0,42650.0,23923,0.0,0.0
2023-11-03 11:00:00+09:00,42650.0,42650.0,41600.0,41800.0,88459,0.0,0.0
2023-11-03 12:00:00+09:00,41800.0,42050.0,41700.0,42000.0,36056,0.0,0.0
2023-11-03 13:00:00+09:00,42000.0,42050.0,41800.0,41850.0,29428,0.0,0.0
2023-11-03 14:00:00+09:00,41850.0,41950.0,41500.0,41600.0,78725,0.0,0.0
2023-11-06 09:00:00+09:00,41700.0,42000.0,40700.0,40750.0,0,0.0,0.0
2023-11-06 10:00:00+09:00,40800.0,41050.0,40400.0,41000.0,81143,0.0,0.0
2023-11-06 11:00:00+09:00,41050.0,41500.0,41000.0,41400.0,59010,0.0,0.0
2023-11-06 12:00:00+09:00,41450.0,41950.0,41200.0,41200.0,68992,0.0,0.0
2023-11-06 13:00:00+09:00,41200.0,41800.0,41200.0,41700.0,30792,0.0,0.0
2023-11-06 14:00:00+09:00,41700.0,41850.0,41600.0,41800.0,32299,0.0,0.0
2023-11-07 09:00:00+09:00,41900.0,42700.0,41350.0,41700.0,72002,0.0,0.0
2023-11-07 10:00:00+09:00,41650.0,42550.0,41650.0,42550.0,38590,0.0,0.0
2023-11-07 11:00:00+09:00,42550.0,42550.0,42000.0,42150.0,28015,0.0,0.0
2023-11-07 12:00:00+09:00,42100.0,42250.0,41950.0,42200.0,22567,0.0,0.0
2023-11-07 13:00:00+09:00,42200.0,42500.0,42100.0,42400.0,27634,0.0,0.0
2023-11-07 14:00:00+09:00,42400.0,42450.0,42200.0,42350.0,21040,0.0,0.0
2023-11-08 09:00:00+09:00,42600.0,43150.0,42400.0,42950.0,48874,0.0,0.0
2023-11-08 10:00:00+09:00,42950.0,43650.0,42700.0,43550.0,49332,0.0,0.0
2023-11-08 11:00:00+09:00,43600.0,44050.0,43550.0,43750.0,52957,0.0,0.0
2023-11-08 12:00:00+09:00,43800.0,44000.0,43700.0,43900.0,34236,0.0,0.0
2023-11-08 13:00:00+09:00,43950.0,45300.0,43850.0,45200.0,227569,0.0,0.0
2023-11-08 14:00:00+09:00,45250.0,45250.0,44700.0,44950.0,87140,0.0,0.0
2023-11-09 09:00:00+09:00,44400.0,44750.0,43800.0,44000.0,60048,0.0,0.0
2023-11-09 10:00:00+09:00,43950.0,44600.0,43950.0,44300.0,28634,0.0,0.0
2023-11-09 11:00:00+09:00,44300.0,44750.0,44100.0,44700.0,18027,0.0,0.0
2023-11-09 12:00:00+09:00,44700.0,44950.0,44550.0,44750.0,19826,0.0,0.0
2023-11-09 13:00:00+09:00,44700.0,44900.0,44500.0,44600.0,20100,0.0,0.0
2023-11-09 14:00:00+09:00,44600.0,44750.0,44350.0,44500.0,19897,0.0,0.0
2023-11-10 09:00:00+09:00,43850.0,44900.0,43700.0,44550.0,43575,0.0,0.0
2023-11-10 10:00:00+09:00,44550.0,44650.0,44200.0,44550.0,15284,0.0,0.0
2023-11-10 11:00:00+09:00,44600.0,44650.0,44150.0,44200.0,9284,0.0,0.0
2023-11-10 12:00:00+09:00,44200.0,44250.0,43950.0,44050.0,8456,0.0,0.0
2023-11-10 13:00:00+09:00,44050.0,44100.0,43550.0,43650.0,19004,0.0,0.0
2023-11-10 14:00:00+09:00,43600.0,43750.0,43500.0,43600.0,23577,0.0,0.0
2023-11-13 09:00:00+09:00,44250.0,44350.0,43600.0,43700.0,0,0.0,0.0
2023-11-13 10:00:00+09:00,43750.0,43800.0,43050.0,43200.0,24188,0.0,0.0
2023-11-13 11:00:00+09:00,43200.0,43250.0,42650.0,42750.0,22042,0.0,0.0
2023-11-13 12:00:00+09:00,42700.0,42900.0,42650.0,42850.0,13768,0.0,0.0
2023-11-13 13:00:00+09:00,42850.0,43200.0,42800.0,42850.0,13909,0.0,0.0
2023-11-13 14:00:00+09:00,42850.0,43050.0,42800.0,42900.0,21138,0.0,0.0
2023-11-14 09:00:00+09:00,42750.0,43500.0,42750.0,42850.0,31712,0.0,0.0
2023-11-14 10:00:00+09:00,42800.0,43300.0,42550.0,42600.0,22638,0.0,0.0
2023-11-14 11:00:00+09:00,42550.0,42750.0,42350.0,42650.0,20467,0.0,0.0
2023-11-14 12:00:00+09:00,42700.0,43000.0,42500.0,42700.0,14671,0.0,0.0
2023-11-14 13:00:00+09:00,42700.0,42950.0,42600.0,42800.0,10736,0.0,0.0
2023-11-14 14:00:00+09:00,42750.0,43000.0,42550.0,42900.0,25659,0.0,0.0
2023-11-15 09:00:00+09:00,42550.0,43050.0,41700.0,41850.0,83802,0.0,0.0
2023-11-15 10:00:00+09:00,41800.0,42250.0,41700.0,42000.0,84733,0.0,0.0
2023-11-15 11:00:00+09:00,42000.0,42300.0,41800.0,42200.0,43853,0.0,0.0
2023-11-15 12:00:00+09:00,42200.0,42300.0,42050.0,42150.0,27071,0.0,0.0
2023-11-15 13:00:00+09:00,42150.0,42950.0,42100.0,42350.0,60329,0.0,0.0
2023-11-15 14:00:00+09:00,42350.0,42450.0,41950.0,42000.0,72339,0.0,0.0
2023-11-16 10:00:00+09:00,42300.0,42850.0,41900.0,41950.0,48623,0.0,0.0
2023-11-16 11:00:00+09:00,42000.0,42200.0,41950.0,42050.0,11793,0.0,0.0
2023-11-16 12:00:00+09:00,42050.0,42050.0,41900.0,41950.0,17175,0.0,0.0
2023-11-16 13:00:00+09:00,42000.0,42150.0,41950.0,42050.0,14980,0.0,0.0
2023-11-16 14:00:00+09:00,42050.0,42050.0,41950.0,42000.0,21563,0.0,0.0
2023-11-17 09:00:00+09:00,42050.0,42600.0,41950.0,42300.0,68712,0.0,0.0
2023-11-17 10:00:00+09:00,42250.0,42700.0,42250.0,42500.0,23590,0.0,0.0
2023-11-17 11:00:00+09:00,42500.0,42650.0,42300.0,42600.0,17085,0.0,0.0
2023-11-17 12:00:00+09:00,42650.0,42950.0,42500.0,42800.0,24378,0.0,0.0
2023-11-17 13:00:00+09:00,42850.0,42950.0,42600.0,42700.0,25161,0.0,0.0
2023-11-17 14:00:00+09:00,42700.0,42700.0,42050.0,42200.0,37078,0.0,0.0
2023-11-20 09:00:00+09:00,42250.0,42300.0,41300.0,41850.0,0,0.0,0.0
2023-11-20 10:00:00+09:00,41800.0,42250.0,41550.0,42100.0,20845,0.0,0.0
2023-11-20 11:00:00+09:00,42150.0,42250.0,41950.0,42100.0,15427,0.0,0.0
2023-11-20 12:00:00+09:00,42100.0,42250.0,42000.0,42100.0,15765,0.0,0.0
2023-11-20 13:00:00+09:00,42100.0,42600.0,42100.0,42600.0,55096,0.0,0.0
2023-11-20 14:00:00+09:00,42600.0,42600.0,42450.0,42600.0,20476,0.0,0.0
2023-11-21 09:00:00+09:00,42750.0,43050.0,42400.0,42550.0,37185,0.0,0.0
2023-11-21 10:00:00+09:00,42650.0,42900.0,42550.0,42850.0,14881,0.0,0.0
2023-11-21 11:00:00+09:00,42850.0,42900.0,42600.0,42750.0,11431,0.0,0.0
2023-11-21 12:00:00+09:00,42800.0,42800.0,42550.0,42650.0,5244,0.0,0.0
2023-11-21 13:00:00+09:00,42700.0,42700.0,42400.0,42400.0,11678,0.0,0.0
2023-11-21 14:00:00+09:00,42450.0,42550.0,42000.0,42100.0,38474,0.0,0.0
2023-11-22 09:00:00+09:00,41700.0,42300.0,41650.0,41650.0,30215,0.0,0.0
2023-11-22 10:00:00+09:00,41700.0,41850.0,41600.0,41700.0,19351,0.0,0.0
2023-11-22 11:00:00+09:00,41700.0,41750.0,41550.0,41650.0,16593,0.0,0.0
2023-11-22 12:00:00+09:00,41650.0,41850.0,41600.0,41700.0,9891,0.0,0.0
2023-11-22 13:00:00+09:00,41750.0,41850.0,41550.0,41700.0,20430,0.0,0.0
2023-11-22 14:00:00+09:00,41750.0,41800.0,41450.0,41450.0,26008,0.0,0.0
2023-11-23 09:00:00+09:00,41700.0,41800.0,41250.0,41700.0,26752,0.0,0.0
2023-11-23 10:00:00+09:00,41650.0,42200.0,41500.0,42150.0,23282,0.0,0.0
2023-11-23 11:00:00+09:00,42150.0,42750.0,42050.0,42300.0,55133,0.0,0.0
2023-11-23 12:00:00+09:00,42300.0,42350.0,42100.0,42250.0,10477,0.0,0.0
2023-11-23 13:00:00+09:00,42300.0,42300.0,41950.0,42050.0,13866,0.0,0.0
2023-11-23 14:00:00+09:00,42100.0,42200.0,41700.0,41850.0,20479,0.0,0.0
2023-11-24 09:00:00+09:00,41600.0,42100.0,41250.0,41250.0,31051,0.0,0.0
2023-11-24 10:00:00+09:00,41250.0,41400.0,40950.0,41400.0,42371,0.0,0.0
2023-11-24 11:00:00+09:00,41400.0,41600.0,41250.0,41300.0,18918,0.0,0.0
2023-11-24 12:00:00+09:00,41350.0,41500.0,41050.0,41450.0,22200,0.0,0.0
2023-11-24 13:00:00+09:00,41450.0,41750.0,41250.0,41600.0,21890,0.0,0.0
2023-11-24 14:00:00+09:00,41600.0,41600.0,41350.0,41500.0,16740,0.0,0.0
2023-11-27 09:00:00+09:00,41100.0,41650.0,40950.0,41150.0,0,0.0,0.0
2023-11-27 10:00:00+09:00,41200.0,41550.0,41100.0,41200.0,15045,0.0,0.0
2023-11-27 11:00:00+09:00,41250.0,41300.0,40950.0,41050.0,13041,0.0,0.0
2023-11-27 12:00:00+09:00,41050.0,41100.0,40750.0,40800.0,23018,0.0,0.0
2023-11-27 13:00:00+09:00,40850.0,40850.0,40400.0,40650.0,30679,0.0,0.0
2023-11-27 14:00:00+09:00,40700.0,40750.0,40500.0,40550.0,18217,0.0,0.0
2023-11-28 09:00:00+09:00,40400.0,40950.0,39500.0,39900.0,75706,0.0,0.0
2023-11-28 10:00:00+09:00,39900.0,40000.0,39600.0,39850.0,56220,0.0,0.0
2023-11-28 11:00:00+09:00,39850.0,40000.0,39350.0,39800.0,66873,0.0,0.0
2023-11-28 12:00:00+09:00,39850.0,40050.0,39400.0,39800.0,42433,0.0,0.0
2023-11-28 13:00:00+09:00,39800.0,40150.0,39700.0,39900.0,44632,0.0,0.0
2023-11-28 14:00:00+09:00,39900.0,40200.0,39800.0,39950.0,49583,0.0,0.0
2023-11-29 09:00:00+09:00,40050.0,40050.0,39300.0,39850.0,70731,0.0,0.0
2023-11-29 10:00:00+09:00,39800.0,40300.0,39750.0,40050.0,44615,0.0,0.0
2023-11-29 11:00:00+09:00,40050.0,40250.0,39600.0,39650.0,35409,0.0,0.0
2023-11-29 12:00:00+09:00,39700.0,40150.0,39650.0,39800.0,42295,0.0,0.0
2023-11-29 13:00:00+09:00,40000.0,40200.0,39700.0,40000.0,40875,0.0,0.0
2023-11-29 14:00:00+09:00,40000.0,40200.0,39650.0,39850.0,48311,0.0,0.0
2023-11-30 09:00:00+09:00,40000.0,40200.0,39350.0,39400.0,44257,0.0,0.0
2023-11-30 10:00:00+09:00,39500.0,39900.0,39400.0,39550.0,17651,0.0,0.0
2023-11-30 11:00:00+09:00,39650.0,39750.0,39450.0,39600.0,14012,0.0,0.0
2023-11-30 12:00:00+09:00,39600.0,39600.0,39350.0,39400.0,17931,0.0,0.0
2023-11-30 13:00:00+09:00,39350.0,39650.0,39350.0,39550.0,23251,0.0,0.0
2023-11-30 14:00:00+09:00,39550.0,39700.0,39500.0,39700.0,20558,0.0,0.0
2023-12-01 09:00:00+09:00,39450.0,39800.0,39400.0,39700.0,22160,0.0,0.0
2023-12-01 10:00:00+09:00,39700.0,40150.0,39650.0,40050.0,21152,0.0,0.0
2023-12-01 11:00:00+09:00,40050.0,40550.0,39950.0,40450.0,33322,0.0,0.0
2023-12-01 12:00:00+09:00,40450.0,40550.0,40100.0,40200.0,29209,0.0,0.0
2023-12-01 13:00:00+09:00,40200.0,40300.0,40150.0,40250.0,30381,0.0,0.0
2023-12-01 14:00:00+09:00,40250.0,40300.0,40050.0,40150.0,36165,0.0,0.0
2023-12-04 09:00:00+09:00,40250.0,40350.0,39700.0,40150.0,0,0.0,0.0
2023-12-04 10:00:00+09:00,40200.0,41100.0,40000.0,40150.0,68662,0.0,0.0
2023-12-04 11:00:00+09:00,40150.0,40200.0,39900.0,40150.0,18594,0.0,0.0
2023-12-04 12:00:00+09:00,40150.0,40200.0,39950.0,40050.0,13946,0.0,0.0
2023-12-04 13:00:00+09:00,40100.0,40150.0,39900.0,39900.0,16508,0.0,0.0
2023-12-04 14:00:00+09:00,40000.0,40050.0,39850.0,39850.0,15176,0.0,0.0
2023-12-05 09:00:00+09:00,39800.0,39850.0,39250.0,39600.0,24102,0.0,0.0
2023-12-05 10:00:00+09:00,39650.0,39800.0,39400.0,39550.0,10208,0.0,0.0
2023-12-05 11:00:00+09:00,39600.0,40000.0,39550.0,39850.0,15848,0.0,0.0
2023-12-05 12:00:00+09:00,39900.0,40050.0,39800.0,39850.0,8362,0.0,0.0
2023-12-05 13:00:00+09:00,39900.0,39950.0,39700.0,39800.0,11912,0.0,0.0
2023-12-05 14:00:00+09:00,39800.0,39800.0,39400.0,39550.0,14590,0.0,0.0
2023-12-06 09:00:00+09:00,40250.0,40250.0,39550.0,39800.0,41141,0.0,0.0
2023-12-06 10:00:00+09:00,39850.0,40200.0,39700.0,39950.0,30513,0.0,0.0
2023-12-06 11:00:00+09:00,39900.0,40150.0,39800.0,39900.0,21418,0.0,0.0
2023-12-06 12:00:00+09:00,39900.0,40000.0,39700.0,39800.0,12767,0.0,0.0
2023-12-06 13:00:00+09:00,39800.0,39900.0,39650.0,39750.0,29752,0.0,0.0
2023-12-06 14:00:00+09:00,39800.0,39800.0,39550.0,39650.0,38804,0.0,0.0
2023-12-07 09:00:00+09:00,39800.0,40950.0,39650.0,40800.0,89208,0.0,0.0
2023-12-07 10:00:00+09:00,40800.0,41300.0,40600.0,40700.0,66656,0.0,0.0
2023-12-07 11:00:00+09:00,40700.0,40800.0,40500.0,40650.0,23789,0.0,0.0
2023-12-07 12:00:00+09:00,40600.0,41150.0,40600.0,41050.0,27179,0.0,0.0
2023-12-07 13:00:00+09:00,41050.0,41300.0,41000.0,41200.0,30092,0.0,0.0
2023-12-07 14:00:00+09:00,41200.0,41200.0,40850.0,41150.0,52758,0.0,0.0
2023-12-08 09:00:00+09:00,41300.0,41300.0,39550.0,40600.0,50086,0.0,0.0
2023-12-08 10:00:00+09:00,40600.0,40700.0,40350.0,40550.0,25970,0.0,0.0
2023-12-08 11:00:00+09:00,40550.0,40550.0,40150.0,40250.0,23208,0.0,0.0
2023-12-08 12:00:00+09:00,40250.0,40300.0,40050.0,40100.0,16113,0.0,0.0
2023-12-08 13:00:00+09:00,40150.0,40250.0,40050.0,40250.0,15636,0.0,0.0
2023-12-08 14:00:00+09:00,40250.0,40500.0,40200.0,40350.0,20375,0.0,0.0
2023-12-11 09:00:00+09:00,40600.0,40750.0,40200.0,40700.0,0,0.0,0.0
2023-12-11 10:00:00+09:00,40750.0,40750.0,40450.0,40450.0,8902,0.0,0.0
2023-12-11 11:00:00+09:00,40500.0,40600.0,40300.0,40400.0,14960,0.0,0.0
2023-12-11 12:00:00+09:00,40400.0,40400.0,40150.0,40250.0,10095,0.0,0.0
2023-12-11 13:00:00+09:00,40200.0,40400.0,40150.0,40300.0,6021,0.0,0.0
2023-12-11 14:00:00+09:00,40300.0,40350.0,40200.0,40250.0,9257,0.0,0.0
2023-12-12 09:00:00+09:00,40450.0,40550.0,39900.0,40150.0,28504,0.0,0.0
2023-12-12 10:00:00+09:00,40150.0,40150.0,39950.0,40100.0,15936,0.0,0.0
2023-12-12 11:00:00+09:00,40150.0,40200.0,40050.0,40100.0,12097,0.0,0.0
2023-12-12 12:00:00+09:00,40100.0,40450.0,40050.0,40300.0,16536,0.0,0.0
2023-12-12 13:00:00+09:00,40350.0,40700.0,40300.0,40550.0,24465,0.0,0.0
2023-12-12 14:00:00+09:00,40550.0,40650.0,40450.0,40600.0,11793,0.0,0.0
2023-12-13 09:00:00+09:00,40500.0,40550.0,39950.0,40050.0,17152,0.0,0.0
2023-12-13 10:00:00+09:00,40050.0,40600.0,40000.0,40500.0,13027,0.0,0.0
2023-12-13 11:00:00+09:00,40550.0,41000.0,40500.0,40900.0,27168,0.0,0.0
2023-12-13 12:00:00+09:00,40900.0,41700.0,40800.0,41700.0,43944,0.0,0.0
2023-12-13 13:00:00+09:00,41700.0,41700.0,41150.0,41350.0,28597,0.0,0.0
2023-12-13 14:00:00+09:00,41350.0,41550.0,41050.0,41400.0,50169,0.0,0.0
2023-12-14 09:00:00+09:00,41900.0,42100.0,41450.0,41600.0,46667,0.0,0.0
2023-12-14 10:00:00+09:00,41600.0,41600.0,41150.0,41300.0,24331,0.0,0.0
2023-12-14 11:00:00+09:00,41250.0,41400.0,41050.0,41100.0,15346,0.0,0.0
2023-12-14 12:00:00+09:00,41050.0,41200.0,40950.0,40950.0,11112,0.0,0.0
2023-12-14 13:00:00+09:00,41000.0,41450.0,40950.0,41450.0,15466,0.0,0.0
2023-12-14 14:00:00+09:00,41350.0,41450.0,41200.0,41350.0,20150,0.0,0.0
2023-12-15 09:00:00+09:00,41450.0,41450.0,40500.0,40600.0,35473,0.0,0.0
2023-12-15 10:00:00+09:00,40600.0,40850.0,40550.0,40650.0,11337,0.0,0.0
2023-12-15 11:00:00+09:00,40700.0,40700.0,40550.0,40600.0,11603,0.0,0.0
2023-12-15 12:00:00+09:00,40650.0,40700.0,40400.0,40500.0,24192,0.0,0.0
2023-12-15 13:00:00+09:00,40500.0,40700.0,40150.0,40200.0,29706,0.0,0.0
2023-12-15 14:00:00+09:00,40200.0,40350.0,40050.0,40350.0,26748,0.0,0.0
2023-12-18 09:00:00+09:00,40000.0,40200.0,39650.0,40000.0,0,0.0,0.0
2023-12-18 10:00:00+09:00,40050.0,40100.0,39800.0,39850.0,11480,0.0,0.0
2023-12-18 11:00:00+09:00,39850.0,40050.0,39800.0,40050.0,13886,0.0,0.0
2023-12-18 12:00:00+09:00,40050.0,40200.0,40000.0,40150.0,14683,0.0,0.0
2023-12-18 13:00:00+09:00,40150.0,40400.0,40100.0,40300.0,22414,0.0,0.0
2023-12-18 14:00:00+09:00,40300.0,40350.0,40150.0,40150.0,12483,0.0,0.0
2023-12-19 09:00:00+09:00,40100.0,40550.0,40050.0,40550.0,27620,0.0,0.0
2023-12-19 10:00:00+09:00,40550.0,40700.0,40300.0,40600.0,15498,0.0,0.0
2023-12-19 11:00:00+09:00,40650.0,40650.0,40500.0,40500.0,10555,0.0,0.0
2023-12-19 12:00:00+09:00,40550.0,40600.0,40150.0,40450.0,12610,0.0,0.0
2023-12-19 13:00:00+09:00,40450.0,40750.0,40400.0,40750.0,15358,0.0,0.0
2023-12-19 14:00:00+09:00,40750.0,40850.0,40600.0,40700.0,22491,0.0,0.0
2023-12-20 09:00:00+09:00,40850.0,41000.0,39850.0,40000.0,55588,0.0,0.0
2023-12-20 10:00:00+09:00,40000.0,40200.0,39850.0,40000.0,45187,0.0,0.0
2023-12-20 11:00:00+09:00,40050.0,40150.0,39950.0,40150.0,21847,0.0,0.0
2023-12-20 12:00:00+09:00,40150.0,40150.0,40000.0,40050.0,19008,0.0,0.0
2023-12-20 13:00:00+09:00,40050.0,40300.0,39900.0,40300.0,94200,0.0,0.0
2023-12-20 14:00:00+09:00,40300.0,40650.0,40050.0,40450.0,57914,0.0,0.0
2023-12-21 09:00:00+09:00,40650.0,41800.0,40450.0,41300.0,135776,0.0,0.0
2023-12-21 10:00:00+09:00,41300.0,41500.0,40800.0,40850.0,41876,0.0,0.0
2023-12-21 11:00:00+09:00,40850.0,41300.0,40800.0,41300.0,30019,0.0,0.0
2023-12-21 12:00:00+09:00,41250.0,41500.0,41250.0,41500.0,28120,0.0,0.0
2023-12-21 13:00:00+09:00,41500.0,41550.0,41350.0,41550.0,27451,0.0,0.0
2023-12-21 14:00:00+09:00,41500.0,41550.0,41300.0,41350.0,28171,0.0,0.0
2023-12-22 09:00:00+09:00,41750.0,41800.0,41050.0,41250.0,40763,0.0,0.0
2023-12-22 10:00:00+09:00,41200.0,41450.0,41100.0,41150.0,16004,0.0,0.0
2023-12-22 11:00:00+09:00,41200.0,41350.0,41150.0,41300.0,10416,0.0,0.0
2023-12-22 12:00:00+09:00,41300.0,41400.0,41250.0,41300.0,6108,0.0,0.0
2023-12-22 13:00:00+09:00,41350.0,41400.0,41200.0,41300.0,8894,0.0,0.0
2023-12-22 14:00:00+09:00,41300.0,41400.0,41000.0,41050.0,14394,0.0,0.0
2023-12-26 09:00:00+09:00,41300.0,41950.0,41000.0,41200.0,0,0.0,0.0
2023-12-26 10:00:00+09:00,41250.0,41500.0,41050.0,41350.0,14643,0.0,0.0
2023-12-26 11:00:00+09:00,41450.0,41450.0,41150.0,41250.0,9082,0.0,0.0
2023-12-26 12:00:00+09:00,41200.0,41350.0,41050.0,41250.0,7580,0.0,0.0
2023-12-26 13:00:00+09:00,41250.0,41600.0,41150.0,41600.0,25806,0.0,0.0
2023-12-26 14:00:00+09:00,41600.0,41600.0,40850.0,40900.0,31617,0.0,0.0
2023-12-27 09:00:00+09:00,41350.0,42750.0,41050.0,42650.0,174901,0.0,0.0
2023-12-27 10:00:00+09:00,42700.0,44000.0,42500.0,43450.0,166329,0.0,0.0
2023-12-27 11:00:00+09:00,43450.0,44000.0,43300.0,43900.0,68176,0.0,0.0
2023-12-27 12:00:00+09:00,43950.0,44000.0,43350.0,43400.0,32855,0.0,0.0
2023-12-27 13:00:00+09:00,43400.0,43450.0,43200.0,43300.0,24579,0.0,0.0
2023-12-27 14:00:00+09:00,43350.0,43400.0,43150.0,43350.0,42384,0.0,0.0
2023-12-28 09:00:00+09:00,43800.0,43850.0,43250.0,43750.0,47512,0.0,0.0
2023-12-28 10:00:00+09:00,43800.0,44500.0,43700.0,44200.0,50131,0.0,0.0
2023-12-28 11:00:00+09:00,44250.0,44500.0,44150.0,44400.0,28009,0.0,0.0
2023-12-28 12:00:00+09:00,44450.0,44500.0,44150.0,44300.0,20426,0.0,0.0
2023-12-28 13:00:00+09:00,44300.0,44400.0,44100.0,44400.0,18889,0.0,0.0
2023-12-28 14:00:00+09:00,44350.0,44550.0,44350.0,44450.0,29694,0.0,0.0
2024-01-02 10:00:00+09:00,44650.0,45200.0,43450.0,43750.0,83562,0.0,0.0
2024-01-02 11:00:00+09:00,43750.0,44350.0,43650.0,44200.0,23902,0.0,0.0
2024-01-02 12:00:00+09:00,44150.0,44350.0,44050.0,44300.0,20988,0.0,0.0
2024-01-02 13:00:00+09:00,44250.0,44750.0,44250.0,44400.0,33998,0.0,0.0
2024-01-02 14:00:00+09:00,44400.0,44650.0,44350.0,44600.0,24572,0.0,0.0
2024-01-03 09:00:00+09:00,44250.0,47450.0,44250.0,46550.0,318934,0.0,0.0
2024-01-03 10:00:00+09:00,46550.0,46600.0,45950.0,46550.0,80794,0.0,0.0
2024-01-03 11:00:00+09:00,46550.0,46650.0,46250.0,46600.0,46595,0.0,0.0
2024-01-03 12:00:00+09:00,46600.0,46650.0,46250.0,46300.0,31718,0.0,0.0
2024-01-03 13:00:00+09:00,46350.0,46400.0,46000.0,46150.0,32535,0.0,0.0
2024-01-03 14:00:00+09:00,46150.0,46650.0,46100.0,46600.0,52747,0.0,0.0
2024-01-04 09:00:00+09:00,46550.0,46850.0,45400.0,45500.0,86205,0.0,0.0
2024-01-04 10:00:00+09:00,45550.0,45700.0,44850.0,44950.0,56026,0.0,0.0
2024-01-04 11:00:00+09:00,44950.0,45150.0,44750.0,45000.0,28853,0.0,0.0
2024-01-04 12:00:00+09:00,45000.0,45150.0,44750.0,44950.0,25498,0.0,0.0
2024-01-04 13:00:00+09:00,44950.0,45000.0,44700.0,44800.0,25351,0.0,0.0
2024-01-04 14:00:00+09:00,44800.0,44900.0,44300.0,44800.0,40756,0.0,0.0
2024-01-05 09:00:00+09:00,44600.0,45200.0,44000.0,44800.0,61008,0.0,0.0
2024-01-05 10:00:00+09:00,44800.0,45200.0,44400.0,44550.0,21459,0.0,0.0
2024-01-05 11:00:00+09:00,44550.0,44850.0,44500.0,44850.0,14539,0.0,0.0
2024-01-05 12:00:00+09:00,44800.0,44950.0,44600.0,44650.0,10043,0.0,0.0
2024-01-05 13:00:00+09:00,44700.0,44800.0,44450.0,44800.0,9230,0.0,0.0
2024-01-05 14:00:00+09:00,44800.0,44900.0,44600.0,44850.0,16035,0.0,0.0
2024-01-08 09:00:00+09:00,44750.0,45000.0,43850.0,44150.0,0,0.0,0.0
2024-01-08 10:00:00+09:00,44200.0,44450.0,44100.0,44300.0,11378,0.0,0.0
2024-01-08 11:00:00+09:00,44350.0,44450.0,44150.0,44200.0,6645,0.0,0.0
2024-01-08 12:00:00+09:00,44200.0,44250.0,43950.0,44000.0,9767,0.0,0.0
2024-01-08 13:00:00+09:00,44050.0,44150.0,43600.0,43750.0,21823,0.0,0.0
2024-01-08 14:00:00+09:00,43750.0,44050.0,43650.0,43900.0,14253,0.0,0.0
2024-01-09 09:00:00+09:00,44200.0,44650.0,43900.0,44050.0,37202,0.0,0.0
2024-01-09 10:00:00+09:00,44050.0,44200.0,43900.0,44050.0,15619,0.0,0.0
2024-01-09 11:00:00+09:00,44100.0,44350.0,44000.0,44300.0,8373,0.0,0.0
2024-01-09 12:00:00+09:00,44300.0,44450.0,44100.0,44100.0,8536,0.0,0.0
2024-01-09 13:00:00+09:00,44100.0,44250.0,44000.0,44200.0,7929,0.0,0.0
2024-01-09 14:00:00+09:00,44200.0,44400.0,44100.0,44200.0,8077,0.0,0.0
2024-01-10 09:00:00+09:00,44300.0,44950.0,44000.0,44950.0,22909,0.0,0.0
2024-01-10 10:00:00+09:00,44950.0,45300.0,44850.0,45000.0,41379,0.0,0.0
2024-01-10 11:00:00+09:00,45000.0,45000.0,44450.0,44800.0,14049,0.0,0.0
2024-01-10 12:00:00+09:00,44800.0,44950.0,44650.0,44850.0,8607,0.0,0.0
2024-01-10 13:00:00+09:00,44950.0,45050.0,44750.0,44850.0,15917,0.0,0.0
2024-01-10 14:00:00+09:00,44850.0,44950.0,44600.0,44700.0,16500,0.0,0.0
2024-01-11 09:00:00+09:00,44900.0,45100.0,43700.0,43700.0,60014,0.0,0.0
2024-01-11 10:00:00+09:00,43700.0,44100.0,43600.0,43950.0,26071,0.0,0.0
2024-01-11 11:00:00+09:00,43900.0,44150.0,43650.0,43700.0,15994,0.0,0.0
2024-01-11 12:00:00+09:00,43700.0,43950.0,43650.0,43750.0,12497,0.0,0.0
2024-01-11 13:00:00+09:00,43750.0,43950.0,43700.0,43900.0,10976,0.0,0.0
2024-01-11 14:00:00+09:00,43900.0,43950.0,43800.0,43900.0,12111,0.0,0.0
2024-01-12 09:00:00+09:00,43800.0,44450.0,43700.0,43850.0,28068,0.0,0.0
2024-01-12 10:00:00+09:00,43900.0,43950.0,43700.0,43800.0,11051,0.0,0.0
2024-01-12 11:00:00+09:00,43750.0,43950.0,43650.0,43750.0,11573,0.0,0.0
2024-01-12 12:00:00+09:00,43750.0,43900.0,43600.0,43650.0,8103,0.0,0.0
2024-01-12 13:00:00+09:00,43600.0,43700.0,43400.0,43650.0,19245,0.0,0.0
2024-01-12 14:00:00+09:00,43650.0,43650.0,43400.0,43500.0,16520,0.0,0.0
2024-01-15 09:00:00+09:00,43100.0,43800.0,43000.0,43800.0,0,0.0,0.0
2024-01-15 10:00:00+09:00,43850.0,43950.0,43000.0,43200.0,19317,0.0,0.0
2024-01-15 11:00:00+09:00,43050.0,43400.0,42950.0,43300.0,12907,0.0,0.0
2024-01-15 12:00:00+09:00,43250.0,43400.0,43150.0,43200.0,5997,0.0,0.0
2024-01-15 13:00:00+09:00,43200.0,43500.0,43150.0,43500.0,7821,0.0,0.0
2024-01-15 14:00:00+09:00,43400.0,43500.0,43200.0,43350.0,14549,0.0,0.0
2024-01-16 09:00:00+09:00,43300.0,44300.0,43200.0,43500.0,41327,0.0,0.0
2024-01-16 10:00:00+09:00,43500.0,44000.0,43200.0,43850.0,20201,0.0,0.0
2024-01-16 11:00:00+09:00,43950.0,43950.0,43350.0,43550.0,12803,0.0,0.0
2024-01-16 12:00:00+09:00,43550.0,44200.0,43450.0,44100.0,10661,0.0,0.0
2024-01-16 13:00:00+09:00,44150.0,44200.0,43650.0,44100.0,14891,0.0,0.0
2024-01-16 14:00:00+09:00,44050.0,44100.0,43600.0,43750.0,12511,0.0,0.0
2024-01-17 09:00:00+09:00,43950.0,43950.0,42800.0,43750.0,31789,0.0,0.0
2024-01-17 10:00:00+09:00,43800.0,43850.0,43350.0,43600.0,17784,0.0,0.0
2024-01-17 11:00:00+09:00,43600.0,43650.0,43000.0,43350.0,14418,0.0,0.0
2024-01-17 12:00:00+09:00,43350.0,43350.0,42900.0,42950.0,9496,0.0,0.0
2024-01-17 13:00:00+09:00,42950.0,43200.0,42800.0,43200.0,14710,0.0,0.0
2024-01-17 14:00:00+09:00,43150.0,43200.0,42750.0,42850.0,14081,0.0,0.0
2024-01-18 09:00:00+09:00,42950.0,43600.0,42900.0,43500.0,16888,0.0,0.0
2024-01-18 10:00:00+09:00,43550.0,43950.0,43250.0,43250.0,21053,0.0,0.0
2024-01-18 11:00:00+09:00,43250.0,43750.0,43150.0,43250.0,11621,0.0,0.0
2024-01-18 12:00:00+09:00,43300.0,43400.0,43150.0,43200.0,5184,0.0,0.0
2024-01-18 13:00:00+09:00,43250.0,43300.0,42800.0,42950.0,13673,0.0,0.0
2024-01-18 14:00:00+09:00,43000.0,43050.0,42850.0,43000.0,6968,0.0,0.0
2024-01-19 09:00:00+09:00,43200.0,43500.0,42800.0,42900.0,27713,0.0,0.0
2024-01-19 10:00:00+09:00,42900.0,43100.0,42550.0,42750.0,21294,0.0,0.0
2024-01-19 11:00:00+09:00,42700.0,42800.0,42500.0,42700.0,10023,0.0,0.0
2024-01-19 12:00:00+09:00,42650.0,42750.0,42250.0,42350.0,15471,0.0,0.0
2024-01-19 13:00:00+09:00,42350.0,42650.0,42250.0,42450.0,15581,0.0,0.0
2024-01-19 14:00:00+09:00,42400.0,42450.0,42050.0,42250.0,21511,0.0,0.0
2024-01-22 09:00:00+09:00,42450.0,43300.0,42250.0,43000.0,0,0.0,0.0
2024-01-22 10:00:00+09:00,43200.0,43250.0,42750.0,42800.0,13212,0.0,0.0
2024-01-22 11:00:00+09:00,42800.0,42900.0,42700.0,42750.0,7278,0.0,0.0
2024-01-22 12:00:00+09:00,42800.0,42850.0,42650.0,42800.0,6853,0.0,0.0
2024-01-22 13:00:00+09:00,42800.0,42900.0,42650.0,42850.0,7973,0.0,0.0
2024-01-22 14:00:00+09:00,42850.0,42950.0,42600.0,42800.0,11971,0.0,0.0
2024-01-23 09:00:00+09:00,42950.0,44550.0,42650.0,44550.0,76755,0.0,0.0
2024-01-23 10:00:00+09:00,44550.0,44850.0,44200.0,44500.0,64350,0.0,0.0
2024-01-23 11:00:00+09:00,44450.0,44750.0,44250.0,44550.0,17327,0.0,0.0
2024-01-23 12:00:00+09:00,44550.0,44550.0,44150.0,44350.0,17289,0.0,0.0
2024-01-23 13:00:00+09:00,44300.0,44450.0,44100.0,44200.0,11325,0.0,0.0
2024-01-23 14:00:00+09:00,44250.0,44450.0,44200.0,44400.0,13568,0.0,0.0
2024-01-24 09:00:00+09:00,44550.0,44550.0,43250.0,43500.0,44974,0.0,0.0
2024-01-24 10:00:00+09:00,43550.0,43600.0,43300.0,43450.0,18074,0.0,0.0
2024-01-24 11:00:00+09:00,43450.0,43800.0,43400.0,43550.0,7279,0.0,0.0
2024-01-24 12:00:00+09:00,43500.0,43950.0,43500.0,43850.0,8487,0.0,0.0
2024-01-24 13:00:00+09:00,43850.0,43950.0,43700.0,43900.0,9985,0.0,0.0
2024-01-24 14:00:00+09:00,43900.0,43950.0,43600.0,43700.0,24462,0.0,0.0
2024-01-25 09:00:00+09:00,43400.0,43850.0,43200.0,43250.0,22166,0.0,0.0
2024-01-25 10:00:00+09:00,43300.0,43550.0,43100.0,43300.0,8801,0.0,0.0
2024-01-25 11:00:00+09:00,43350.0,43500.0,43200.0,43450.0,5371,0.0,0.0
2024-01-25 12:00:00+09:00,43350.0,43600.0,43350.0,43550.0,5328,0.0,0.0
2024-01-25 13:00:00+09:00,43500.0,43750.0,43400.0,43400.0,10193,0.0,0.0
2024-01-25 14:00:00+09:00,43450.0,43700.0,43400.0,43550.0,13779,0.0,0.0
2024-01-26 09:00:00+09:00,43600.0,43900.0,43050.0,43150.0,24020,0.0,0.0
2024-01-26 10:00:00+09:00,43200.0,43450.0,42900.0,43300.0,19307,0.0,0.0
2024-01-26 11:00:00+09:00,43300.0,43500.0,43100.0,43450.0,19110,0.0,0.0
2024-01-26 12:00:00+09:00,43500.0,43650.0,43450.0,43600.0,7463,0.0,0.0
2024-01-26 13:00:00+09:00,43600.0,43650.0,43300.0,43450.0,13140,0.0,0.0
2024-01-26 14:00:00+09:00,43450.0,43550.0,43350.0,43450.0,8044,0.0,0.0
2024-01-29 09:00:00+09:00,43450.0,43950.0,43100.0,43650.0,0,0.0,0.0
2024-01-29 10:00:00+09:00,43650.0,43650.0,43050.0,43450.0,22463,0.0,0.0
2024-01-29 11:00:00+09:00,43400.0,43450.0,43150.0,43400.0,7724,0.0,0.0
2024-01-29 12:00:00+09:00,43350.0,43450.0,43300.0,43450.0,9949,0.0,0.0
2024-01-29 13:00:00+09:00,43450.0,43650.0,43150.0,43250.0,16331,0.0,0.0
2024-01-29 14:00:00+09:00,43200.0,43250.0,43000.0,43050.0,16666,0.0,0.0
2024-01-30 09:00:00+09:00,43000.0,43300.0,42700.0,43000.0,13327,0.0,0.0
2024-01-30 10:00:00+09:00,43100.0,43450.0,42800.0,43100.0,17770,0.0,0.0
2024-01-30 11:00:00+09:00,43150.0,43500.0,43100.0,43450.0,13277,0.0,0.0
2024-01-30 12:00:00+09:00,43400.0,43600.0,43200.0,43400.0,15761,0.0,0.0
2024-01-30 13:00:00+09:00,43400.0,43700.0,43350.0,43350.0,12306,0.0,0.0
2024-01-30 14:00:00+09:00,43350.0,43700.0,43350.0,43550.0,18497,0.0,0.0
2024-01-31 09:00:00+09:00,43550.0,43600.0,41750.0,42150.0,62957,0.0,0.0
2024-01-31 10:00:00+09:00,42200.0,42400.0,41950.0,42050.0,19406,0.0,0.0
2024-01-31 11:00:00+09:00,42100.0,42200.0,41950.0,42000.0,17687,0.0,0.0
2024-01-31 12:00:00+09:00,42000.0,42150.0,41900.0,42100.0,15151,0.0,0.0
2024-01-31 13:00:00+09:00,42100.0,42450.0,42000.0,42450.0,15522,0.0,0.0
2024-01-31 14:00:00+09:00,42450.0,42650.0,42050.0,42150.0,30743,0.0,0.0
2024-02-01 09:00:00+09:00,41950.0,42300.0,41250.0,41400.0,32837,0.0,0.0
2024-02-01 10:00:00+09:00,41400.0,41550.0,40950.0,41350.0,44083,0.0,0.0
2024-02-01 11:00:00+09:00,41300.0,41400.0,41100.0,41300.0,18544,0.0,0.0
2024-02-01 12:00:00+09:00,41300.0,41650.0,41100.0,41100.0,14843,0.0,0.0
2024-02-01 13:00:00+09:00,41100.0,41350.0,40900.0,41050.0,24326,0.0,0.0
2024-02-01 14:00:00+09:00,41050.0,41400.0,40950.0,41250.0,26704,0.0,0.0
2024-02-02 09:00:00+09:00,41650.0,42050.0,41200.0,41500.0,34871,0.0,0.0
2024-02-02 10:00:00+09:00,41500.0,41650.0,40900.0,41000.0,34675,0.0,0.0
2024-02-02 11:00:00+09:00,41050.0,41250.0,40950.0,41150.0,24671,0.0,0.0
2024-02-02 12:00:00+09:00,41150.0,41250.0,40950.0,41150.0,27794,0.0,0.0
2024-02-02 13:00:00+09:00,41150.0,41250.0,41000.0,41100.0,34553,0.0,0.0
2024-02-02 14:00:00+09:00,41100.0,41300.0,41000.0,41150.0,32969,0.0,0.0
2024-02-05 09:00:00+09:00,41200.0,41300.0,40500.0,40750.0,0,0.0,0.0
2024-02-05 10:00:00+09:00,40700.0,41000.0,40650.0,40850.0,12377,0.0,0.0
2024-02-05 11:00:00+09:00,40800.0,40850.0,40400.0,40450.0,21981,0.0,0.0
2024-02-05 12:00:00+09:00,40450.0,40500.0,39950.0,40000.0,51276,0.0,0.0
2024-02-05 13:00:00+09:00,40000.0,40050.0,39550.0,39600.0,66378,0.0,0.0
2024-02-05 14:00:00+09:00,39600.0,39900.0,39450.0,39800.0,63674,0.0,0.0
2024-02-06 09:00:00+09:00,39650.0,40250.0,39500.0,39700.0,40499,0.0,0.0
2024-02-06 10:00:00+09:00,39750.0,40300.0,39650.0,40200.0,17640,0.0,0.0
2024-02-06 11:00:00+09:00,40200.0,40600.0,40200.0,40200.0,27448,0.0,0.0
2024-02-06 12:00:00+09:00,40250.0,40350.0,39950.0,39950.0,14193,0.0,0.0
2024-02-06 13:00:00+09:00,40000.0,40550.0,39900.0,40550.0,19982,0.0,0.0
2024-02-06 14:00:00+09:00,40550.0,40900.0,40400.0,40850.0,39667,0.0,0.0
2024-02-07 09:00:00+09:00,40550.0,40700.0,40150.0,40200.0,13314,0.0,0.0
2024-02-07 10:00:00+09:00,40200.0,40450.0,40050.0,40050.0,10547,0.0,0.0
2024-02-07 11:00:00+09:00,40050.0,40100.0,39850.0,39950.0,16372,0.0,0.0
2024-02-07 12:00:00+09:00,39950.0,40100.0,39700.0,39800.0,15514,0.0,0.0
2024-02-07 13:00:00+09:00,39800.0,40100.0,39800.0,40100.0,17359,0.0,0.0
2024-02-07 14:00:00+09:00,40000.0,40150.0,39850.0,39900.0,19134,0.0,0.0
2024-02-08 09:00:00+09:00,40150.0,40200.0,39750.0,40000.0,12094,0.0,0.0
2024-02-08 10:00:00+09:00,39950.0,40100.0,39850.0,39900.0,8622,0.0,0.0
2024-02-08 11:00:00+09:00,39850.0,40100.0,39800.0,39950.0,15154,0.0,0.0
2024-02-08 12:00:00+09:00,39950.0,40050.0,39800.0,39950.0,12721,0.0,0.0
2024-02-08 13:00:00+09:00,39950.0,40200.0,39950.0,40100.0,14474,0.0,0.0
2024-02-08 14:00:00+09:00,40100.0,40350.0,40050.0,40200.0,13586,0.0,0.0
2024-02-13 09:00:00+09:00,40200.0,40500.0,40100.0,40300.0,0,0.0,0.0
2024-02-13 10:00:00+09:00,40300.0,40350.0,39900.0,39950.0,14872,0.0,0.0
2024-02-13 11:00:00+09:00,39950.0,40050.0,39800.0,40000.0,11454,0.0,0.0
2024-02-13 12:00:00+09:00,39900.0,40200.0,39900.0,40050.0,9233,0.0,0.0
2024-02-13 13:00:00+09:00,40050.0,40650.0,40050.0,40400.0,23891,0.0,0.0
2024-02-13 14:00:00+09:00,40400.0,40800.0,40350.0,40650.0,27937,0.0,0.0
2024-02-14 09:00:00+09:00,40700.0,41000.0,39900.0,40150.0,62048,0.0,0.0
2024-02-14 10:00:00+09:00,40150.0,40400.0,40000.0,40300.0,17982,0.0,0.0
2024-02-14 11:00:00+09:00,40150.0,40300.0,40000.0,40150.0,9032,0.0,0.0
2024-02-14 12:00:00+09:00,40150.0,40500.0,40000.0,40500.0,13089,0.0,0.0
2024-02-14 13:00:00+09:00,40500.0,40700.0,40400.0,40650.0,11623,0.0,0.0
2024-02-14 14:00:00+09:00,40600.0,40700.0,40300.0,40350.0,16041,0.0,0.0
2024-02-15 09:00:00+09:00,40350.0,40600.0,39900.0,40150.0,51725,0.0,0.0
2024-02-15 10:00:00+09:00,40200.0,40250.0,39900.0,39950.0,30315,0.0,0.0
2024-02-15 11:00:00+09:00,40000.0,40200.0,39950.0,40050.0,21056,0.0,0.0
2024-02-15 12:00:00+09:00,40050.0,40150.0,39950.0,39950.0,12498,0.0,0.0
2024-02-15 13:00:00+09:00,40000.0,40450.0,39900.0,40050.0,29915,0.0,0.0
2024-02-15 14:00:00+09:00,40300.0,40350.0,40050.0,40150.0,26060,0.0,0.0
2024-02-16 09:00:00+09:00,40050.0,40250.0,39800.0,40100.0,35922,0.0,0.0
2024-02-16 10:00:00+09:00,40100.0,40350.0,40000.0,40200.0,15541,0.0,0.0
2024-02-16 11:00:00+09:00,40150.0,40350.0,40100.0,40350.0,10174,0.0,0.0
2024-02-16 12:00:00+09:00,40300.0,40550.0,40300.0,40400.0,15721,0.0,0.0
2024-02-16 13:00:00+09:00,40400.0,40550.0,40350.0,40450.0,12291,0.0,0.0
2024-02-16 14:00:00+09:00,40450.0,40700.0,40400.0,40500.0,21931,0.0,0.0
2024-02-19 09:00:00+09:00,40350.0,40750.0,40150.0,40500.0,0,0.0,0.0
2024-02-19 10:00:00+09:00,40500.0,40700.0,40200.0,40200.0,10981,0.0,0.0
2024-02-19 11:00:00+09:00,40200.0,40350.0,40150.0,40200.0,10424,0.0,0.0
2024-02-19 12:00:00+09:00,40150.0,40200.0,40050.0,40050.0,15000,0.0,0.0
2024-02-19 13:00:00+09:00,40050.0,40100.0,39850.0,39900.0,23318,0.0,0.0
2024-02-19 14:00:00+09:00,39900.0,39950.0,39800.0,39900.0,17692,0.0,0.0
2024-02-20 09:00:00+09:00,39750.0,40200.0,39200.0,40050.0,41440,0.0,0.0
2024-02-20 10:00:00+09:00,40050.0,40250.0,39800.0,39800.0,30933,0.0,0.0
2024-02-20 11:00:00+09:00,39800.0,39900.0,39650.0,39750.0,19990,0.0,0.0
2024-02-20 12:00:00+09:00,39750.0,39900.0,39600.0,39650.0,11353,0.0,0.0
2024-02-20 13:00:00+09:00,39650.0,39800.0,39550.0,39650.0,14068,0.0,0.0
2024-02-20 14:00:00+09:00,39650.0,39700.0,39500.0,39500.0,16556,0.0,0.0
2024-02-21 09:00:00+09:00,39500.0,39600.0,39250.0,39550.0,33024,0.0,0.0
2024-02-21 10:00:00+09:00,39500.0,39500.0,39300.0,39300.0,26695,0.0,0.0
2024-02-21 11:00:00+09:00,39300.0,39450.0,38700.0,38800.0,55020,0.0,0.0
2024-02-21 12:00:00+09:00,38800.0,38850.0,38450.0,38550.0,52837,0.0,0.0
2024-02-21 13:00:00+09:00,38550.0,38600.0,38300.0,38400.0,52322,0.0,0.0
2024-02-21 14:00:00+09:00,38400.0,39050.0,38300.0,39000.0,57318,0.0,0.0
2024-02-22 09:00:00+09:00,38850.0,39000.0,38450.0,38850.0,31170,0.0,0.0
2024-02-22 10:00:00+09:00,38900.0,38950.0,38650.0,38800.0,14874,0.0,0.0
2024-02-22 11:00:00+09:00,38800.0,38900.0,38600.0,38700.0,14289,0.0,0.0
2024-02-22 12:00:00+09:00,38750.0,38800.0,38500.0,38550.0,14911,0.0,0.0
2024-02-22 13:00:00+09:00,38550.0,38650.0,38350.0,38450.0,34165,0.0,0.0
2024-02-22 14:00:00+09:00,38450.0,38650.0,38400.0,38500.0,30187,0.0,0.0
2024-02-23 09:00:00+09:00,38900.0,39350.0,38600.0,39250.0,53165,0.0,0.0
2024-02-23 10:00:00+09:00,39250.0,40000.0,39200.0,40000.0,83065,0.0,0.0
2024-02-23 11:00:00+09:00,40000.0,40050.0,39750.0,40050.0,32157,0.0,0.0
2024-02-23 12:00:00+09:00,40000.0,40050.0,39500.0,39600.0,27225,0.0,0.0
2024-02-23 13:00:00+09:00,39600.0,39750.0,39500.0,39550.0,17122,0.0,0.0
2024-02-23 14:00:00+09:00,39500.0,39550.0,39300.0,39350.0,15775,0.0,0.0
2024-02-26 09:00:00+09:00,39800.0,40400.0,39500.0,40250.0,0,0.0,0.0
2024-02-26 10:00:00+09:00,40300.0,40350.0,39500.0,39500.0,29471,0.0,0.0
2024-02-26 11:00:00+09:00,39550.0,39600.0,39300.0,39400.0,23109,0.0,0.0
2024-02-26 12:00:00+09:00,39400.0,39600.0,39300.0,39350.0,15756,0.0,0.0
2024-02-26 13:00:00+09:00,39400.0,39450.0,39200.0,39300.0,15375,0.0,0.0
2024-02-26 14:00:00+09:00,39250.0,39400.0,39000.0,39000.0,34610,0.0,0.0
2024-02-27 09:00:00+09:00,39100.0,39200.0,38500.0,38600.0,35120,0.0,0.0
2024-02-27 10:00:00+09:00,38550.0,38750.0,38350.0,38350.0,34532,0.0,0.0
2024-02-27 11:00:00+09:00,38400.0,38550.0,38350.0,38350.0,20538,0.0,0.0
2024-02-27 12:00:00+09:00,38350.0,38450.0,38250.0,38300.0,21075,0.0,0.0
2024-02-27 13:00:00+09:00,38300.0,38500.0,38300.0,38350.0,14877,0.0,0.0
2024-02-27 14:00:00+09:00,38400.0,38550.0,38300.0,38350.0,18120,0.0,0.0
2024-02-28 09:00:00+09:00,38600.0,38700.0,38250.0,38550.0,15002,0.0,0.0
2024-02-28 10:00:00+09:00,38550.0,38750.0,38450.0,38600.0,12416,0.0,0.0
2024-02-28 11:00:00+09:00,38650.0,38650.0,38400.0,38550.0,12972,0.0,0.0
2024-02-28 12:00:00+09:00,38550.0,38550.0,38300.0,38450.0,11710,0.0,0.0
2024-02-28 13:00:00+09:00,38400.0,38500.0,38300.0,38300.0,6264,0.0,0.0
2024-02-28 14:00:00+09:00,38300.0,38400.0,38150.0,38250.0,21570,0.0,0.0
2024-02-29 09:00:00+09:00,38450.0,38750.0,38250.0,38500.0,25030,0.0,0.0
2024-02-29 10:00:00+09:00,38500.0,38650.0,38350.0,38400.0,15258,0.0,0.0
2024-02-29 11:00:00+09:00,38350.0,38500.0,38300.0,38450.0,12800,0.0,0.0
2024-02-29 12:00:00+09:00,38400.0,38450.0,38200.0,38250.0,11591,0.0,0.0
2024-02-29 13:00:00+09:00,38250.0,38300.0,38150.0,38150.0,13954,0.0,0.0
2024-02-29 14:00:00+09:00,38150.0,38200.0,37900.0,38000.0,33039,0.0,0.0
2024-03-04 09:00:00+09:00,38750.0,38750.0,38300.0,38400.0,0,0.0,0.0
2024-03-04 10:00:00+09:00,38400.0,38500.0,38250.0,38300.0,15056,0.0,0.0
2024-03-04 11:00:00+09:00,38300.0,38450.0,38250.0,38350.0,11180,0.0,0.0
2024-03-04 12:00:00+09:00,38350.0,38400.0,38250.0,38350.0,7659,0.0,0.0
2024-03-04 13:00:00+09:00,38300.0,38350.0,38100.0,38150.0,17250,0.0,0.0
2024-03-04 14:00:00+09:00,38200.0,38300.0,37950.0,38050.0,27697,0.0,0.0
2024-03-05 09:00:00+09:00,37850.0,38100.0,37700.0,37950.0,24426,0.0,0.0
2024-03-05 10:00:00+09:00,37950.0,38300.0,37750.0,38250.0,18004,0.0,0.0
2024-03-05 11:00:00+09:00,38300.0,38300.0,37950.0,38150.0,11363,0.0,0.0
2024-03-05 12:00:00+09:00,38200.0,38550.0,38000.0,38550.0,20243,0.0,0.0
2024-03-05 13:00:00+09:00,38550.0,38750.0,38500.0,38700.0,25660,0.0,0.0
2024-03-05 14:00:00+09:00,38750.0,39000.0,38600.0,38800.0,47290,0.0,0.0
2024-03-06 09:00:00+09:00,38800.0,39400.0,38300.0,39400.0,39694,0.0,0.0
2024-03-06 10:00:00+09:00,39350.0,39550.0,39200.0,39400.0,30563,0.0,0.0
2024-03-06 11:00:00+09:00,39400.0,39400.0,39150.0,39200.0,18590,0.0,0.0
2024-03-06 12:00:00+09:00,39150.0,39250.0,39100.0,39150.0,12659,0.0,0.0
2024-03-06 13:00:00+09:00,39150.0,39200.0,38900.0,39050.0,21293,0.0,0.0
2024-03-06 14:00:00+09:00,39050.0,39250.0,39000.0,39100.0,14430,0.0,0.0
2024-03-07 09:00:00+09:00,39100.0,39400.0,38150.0,38300.0,43432,0.0,0.0
2024-03-07 10:00:00+09:00,38200.0,38500.0,37950.0,38050.0,26196,0.0,0.0
2024-03-07 11:00:00+09:00,38050.0,38150.0,37800.0,37800.0,22433,0.0,0.0
2024-03-07 12:00:00+09:00,37800.0,38000.0,37600.0,37750.0,27400,0.0,0.0
2024-03-07 13:00:00+09:00,37700.0,38000.0,37650.0,37750.0,17105,0.0,0.0
2024-03-07 14:00:00+09:00,37700.0,37900.0,37650.0,37800.0,24445,0.0,0.0
2024-03-08 09:00:00+09:00,37750.0,38000.0,36600.0,37250.0,75433,0.0,0.0
2024-03-08 10:00:00+09:00,37300.0,37300.0,36400.0,36900.0,75692,0.0,0.0
2024-03-08 11:00:00+09:00,36900.0,37450.0,36750.0,37400.0,25671,0.0,0.0
2024-03-08 12:00:00+09:00,37400.0,37550.0,37150.0,37450.0,19545,0.0,0.0
2024-03-08 13:00:00+09:00,37450.0,37650.0,37400.0,37450.0,17175,0.0,0.0
2024-03-08 14:00:00+09:00,37450.0,37650.0,37350.0,37550.0,27611,0.0,0.0
2024-03-11 09:00:00+09:00,37450.0,37850.0,37150.0,37200.0,0,0.0,0.0
2024-03-11 10:00:00+09:00,37250.0,37300.0,36900.0,36900.0,21014,0.0,0.0
2024-03-11 11:00:00+09:00,36900.0,37000.0,36650.0,36750.0,22165,0.0,0.0
2024-03-11 12:00:00+09:00,36750.0,36800.0,36600.0,36600.0,13621,0.0,0.0
2024-03-11 13:00:00+09:00,36600.0,36650.0,36350.0,36450.0,43234,0.0,0.0
2024-03-11 14:00:00+09:00,36450.0,36500.0,36250.0,36300.0,41625,0.0,0.0
2024-03-12 09:00:00+09:00,36400.0,36600.0,36050.0,36400.0,26146,0.0,0.0
2024-03-12 10:00:00+09:00,36400.0,37050.0,36350.0,37050.0,19389,0.0,0.0
2024-03-12 11:00:00+09:00,37050.0,37100.0,36650.0,36800.0,17351,0.0,0.0
2024-03-12 12:00:00+09:00,36750.0,36850.0,36600.0,36750.0,11770,0.0,0.0
2024-03-12 13:00:00+09:00,36700.0,36800.0,36550.0,36750.0,13387,0.0,0.0
2024-03-12 14:00:00+09:00,36750.0,36950.0,36700.0,36850.0,16775,0.0,0.0
2024-03-13 09:00:00+09:00,36850.0,37100.0,36600.0,36700.0,24188,0.0,0.0
2024-03-13 10:00:00+09:00,36650.0,36850.0,36400.0,36500.0,30594,0.0,0.0
2024-03-13 11:00:00+09:00,36550.0,36550.0,36050.0,36150.0,35066,0.0,0.0
2024-03-13 12:00:00+09:00,36150.0,36200.0,36000.0,36000.0,28965,0.0,0.0
2024-03-13 13:00:00+09:00,36000.0,36050.0,35700.0,35700.0,58837,0.0,0.0
2024-03-13 14:00:00+09:00,35750.0,35900.0,35700.0,35750.0,42309,0.0,0.0
2024-03-14 09:00:00+09:00,35750.0,36200.0,35750.0,36150.0,20006,0.0,0.0
2024-03-14 10:00:00+09:00,36200.0,36200.0,35900.0,35950.0,14628,0.0,0.0
2024-03-14 11:00:00+09:00,35900.0,36250.0,35900.0,36100.0,16686,0.0,0.0
2024-03-14 12:00:00+09:00,36100.0,36500.0,36100.0,36400.0,23591,0.0,0.0
2024-03-14 13:00:00+09:00,36400.0,36550.0,36350.0,36400.0,33390,0.0,0.0
2024-03-14 14:00:00+09:00,36400.0,36550.0,36250.0,36550.0,29316,0.0,0.0
2024-03-15 09:00:00+09:00,36200.0,36700.0,35950.0,36050.0,26881,0.0,0.0
2024-03-15 10:00:00+09:00,36000.0,36350.0,35900.0,36350.0,14250,0.0,0.0
2024-03-15 11:00:00+09:00,36350.0,36550.0,36300.0,36450.0,12954,0.0,0.0
2024-03-15 12:00:00+09:00,36450.0,36500.0,36300.0,36400.0,18817,0.0,0.0
2024-03-15 13:00:00+09:00,36450.0,36450.0,36150.0,36250.0,11394,0.0,0.0
2024-03-15 14:00:00+09:00,36250.0,36300.0,36100.0,36250.0,12217,0.0,0.0
2024-03-18 09:00:00+09:00,36300.0,37000.0,36200.0,36950.0,0,0.0,0.0
2024-03-18 10:00:00+09:00,36950.0,37200.0,36900.0,37200.0,22883,0.0,0.0
2024-03-18 11:00:00+09:00,37200.0,37450.0,37150.0,37400.0,27396,0.0,0.0
2024-03-18 12:00:00+09:00,37400.0,37450.0,37000.0,37250.0,26635,0.0,0.0
2024-03-18 13:00:00+09:00,37250.0,37300.0,36950.0,37050.0,18683,0.0,0.0
2024-03-18 14:00:00+09:00,37000.0,37400.0,36950.0,37250.0,24325,0.0,0.0
2024-03-19 09:00:00+09:00,37200.0,37600.0,37100.0,37450.0,28546,0.0,0.0
2024-03-19 10:00:00+09:00,37450.0,37550.0,37300.0,37550.0,17430,0.0,0.0
2024-03-19 11:00:00+09:00,37550.0,37650.0,37450.0,37550.0,20213,0.0,0.0
2024-03-19 12:00:00+09:00,37550.0,37550.0,37250.0,37350.0,11706,0.0,0.0
2024-03-19 13:00:00+09:00,37300.0,37450.0,37200.0,37350.0,9939,0.0,0.0
2024-03-19 14:00:00+09:00,37300.0,37400.0,37200.0,37300.0,14536,0.0,0.0
2024-03-20 09:00:00+09:00,37600.0,37600.0,37150.0,37500.0,23346,0.0,0.0
2024-03-20 10:00:00+09:00,37500.0,37550.0,37350.0,37400.0,12319,0.0,0.0
2024-03-20 11:00:00+09:00,37450.0,37450.0,37150.0,37300.0,10463,0.0,0.0
2024-03-20 12:00:00+09:00,37250.0,37400.0,37200.0,37250.0,3313,0.0,0.0
2024-03-20 13:00:00+09:00,37250.0,37400.0,37250.0,37350.0,3811,0.0,0.0
2024-03-20 14:00:00+09:00,37300.0,37400.0,37200.0,37400.0,6347,0.0,0.0
2024-03-21 09:00:00+09:00,37750.0,38100.0,37550.0,37800.0,20665,0.0,0.0
2024-03-21 10:00:00+09:00,37850.0,37850.0,37400.0,37450.0,10937,0.0,0.0
2024-03-21 11:00:00+09:00,37450.0,37550.0,37150.0,37450.0,13842,0.0,0.0
2024-03-21 12:00:00+09:00,37450.0,37750.0,37300.0,37500.0,13721,0.0,0.0
2024-03-21 13:00:00+09:00,37500.0,37650.0,37300.0,37350.0,17263,0.0,0.0
2024-03-21 14:00:00+09:00,37400.0,37550.0,37300.0,37350.0,36183,0.0,0.0
2024-03-22 09:00:00+09:00,37450.0,37550.0,37100.0,37250.0,17450,0.0,0.0
2024-03-22 10:00:00+09:00,37250.0,37350.0,37150.0,37200.0,12594,0.0,0.0
2024-03-22 11:00:00+09:00,37200.0,37250.0,37100.0,37150.0,10618,0.0,0.0
2024-03-22 12:00:00+09:00,37150.0,37500.0,37150.0,37400.0,13369,0.0,0.0
2024-03-22 13:00:00+09:00,37400.0,37400.0,37100.0,37200.0,13344,0.0,0.0
2024-03-22 14:00:00+09:00,37150.0,37250.0,37100.0,37150.0,9339,0.0,0.0
2024-03-25 09:00:00+09:00,37950.0,38700.0,37900.0,38450.0,5942,0.0,0.0
2024-03-25 10:00:00+09:00,38400.0,38500.0,38300.0,38350.0,24578,0.0,0.0
2024-03-25 11:00:00+09:00,38400.0,38400.0,38100.0,38200.0,19960,0.0,0.0
2024-03-25 12:00:00+09:00,38150.0,38400.0,38100.0,38150.0,14165,0.0,0.0
2024-03-25 13:00:00+09:00,38150.0,38200.0,38050.0,38150.0,10766,0.0,0.0
2024-03-25 14:00:00+09:00,38150.0,38200.0,38050.0,38100.0,11320,0.0,0.0
2024-03-26 09:00:00+09:00,37950.0,38200.0,37200.0,38100.0,36666,0.0,0.0
2024-03-26 10:00:00+09:00,38100.0,38200.0,37850.0,38150.0,17559,0.0,0.0
2024-03-26 11:00:00+09:00,38100.0,38200.0,37950.0,38150.0,8836,0.0,0.0
2024-03-26 12:00:00+09:00,38100.0,38250.0,37900.0,37950.0,26124,0.0,0.0
2024-03-26 13:00:00+09:00,37900.0,38100.0,37900.0,37950.0,6956,0.0,0.0
2024-03-26 14:00:00+09:00,37950.0,38100.0,37850.0,38000.0,12536,0.0,0.0
2024-03-27 09:00:00+09:00,38200.0,38250.0,37600.0,37900.0,27694,0.0,0.0
2024-03-27 10:00:00+09:00,37950.0,38150.0,37600.0,37750.0,17850,0.0,0.0
2024-03-27 11:00:00+09:00,37750.0,37850.0,37650.0,37750.0,13044,0.0,0.0
2024-03-27 12:00:00+09:00,37800.0,37800.0,37700.0,37750.0,10426,0.0,0.0
2024-03-27 13:00:00+09:00,37750.0,38050.0,37750.0,37900.0,16223,0.0,0.0
2024-03-27 14:00:00+09:00,37900.0,37950.0,37650.0,37650.0,21087,0.0,0.0
2024-03-28 09:00:00+09:00,37750.0,38050.0,37550.0,37900.0,17290,0.0,0.0
2024-03-28 10:00:00+09:00,37900.0,38100.0,37800.0,38000.0,14106,0.0,0.0
2024-03-28 11:00:00+09:00,38000.0,38450.0,37950.0,38250.0,20129,0.0,0.0
2024-03-28 12:00:00+09:00,38200.0,38300.0,38000.0,38050.0,6851,0.0,0.0
2024-03-28 13:00:00+09:00,38050.0,38100.0,37900.0,37950.0,10399,0.0,0.0
2024-03-28 14:00:00+09:00,38000.0,38000.0,37750.0,37850.0,11795,0.0,0.0
2024-03-29 09:00:00+09:00,38000.0,38050.0,37550.0,37950.0,17088,0.0,0.0
2024-03-29 10:00:00+09:00,37950.0,37950.0,37750.0,37850.0,5287,0.0,0.0
2024-03-29 11:00:00+09:00,37850.0,37850.0,37350.0,37350.0,29804,0.0,0.0
2024-03-29 12:00:00+09:00,37350.0,37400.0,37100.0,37150.0,19103,0.0,0.0
2024-03-29 13:00:00+09:00,37200.0,37400.0,37000.0,37100.0,24883,0.0,0.0
2024-03-29 14:00:00+09:00,37050.0,37150.0,36950.0,37050.0,33688,0.0,0.0
2024-04-01 09:00:00+09:00,37050.0,38000.0,37050.0,37900.0,0,0.0,0.0
2024-04-01 10:00:00+09:00,37900.0,38350.0,37850.0,38000.0,37018,0.0,0.0
2024-04-01 11:00:00+09:00,37950.0,38150.0,37750.0,38000.0,17071,0.0,0.0
2024-04-01 12:00:00+09:00,38050.0,38050.0,37600.0,37750.0,18074,0.0,0.0
2024-04-01 13:00:00+09:00,37750.0,37850.0,37600.0,37800.0,10795,0.0,0.0
2024-04-01 14:00:00+09:00,37800.0,37850.0,37600.0,37700.0,10166,0.0,0.0
2024-04-02 09:00:00+09:00,37700.0,37750.0,37100.0,37150.0,19341,0.0,0.0
2024-04-02 10:00:00+09:00,37150.0,37150.0,36850.0,36950.0,28731,0.0,0.0
2024-04-02 11:00:00+09:00,36900.0,37300.0,36900.0,37250.0,9423,0.0,0.0
2024-04-02 12:00:00+09:00,37250.0,37300.0,37050.0,37150.0,5975,0.0,0.0
2024-04-02 13:00:00+09:00,37150.0,37400.0,37000.0,37350.0,11145,0.0,0.0
2024-04-02 14:00:00+09:00,37350.0,37400.0,37250.0,37300.0,10350,0.0,0.0
2024-04-03 09:00:00+09:00,37300.0,37300.0,36750.0,37100.0,23602,0.0,0.0
2024-04-03 10:00:00+09:00,36950.0,37400.0,36950.0,37400.0,14689,0.0,0.0
2024-04-03 11:00:00+09:00,37350.0,37600.0,37250.0,37400.0,10457,0.0,0.0
2024-04-03 12:00:00+09:00,37450.0,37600.0,37400.0,37600.0,8781,0.0,0.0
2024-04-03 13:00:00+09:00,37500.0,37700.0,37400.0,37550.0,10419,0.0,0.0
2024-04-03 14:00:00+09:00,37500.0,37650.0,37350.0,37400.0,12970,0.0,0.0
2024-04-04 09:00:00+09:00,37700.0,37700.0,37100.0,37300.0,10947,0.0,0.0
2024-04-04 10:00:00+09:00,37300.0,37350.0,37050.0,37050.0,11303,0.0,0.0
2024-04-04 11:00:00+09:00,37050.0,37250.0,37000.0,37250.0,7728,0.0,0.0
2024-04-04 12:00:00+09:00,37200.0,37200.0,36950.0,37100.0,10048,0.0,0.0
2024-04-04 13:00:00+09:00,37100.0,37150.0,37000.0,37100.0,6708,0.0,0.0
2024-04-04 14:00:00+09:00,37100.0,37150.0,37000.0,37000.0,13002,0.0,0.0
2024-04-05 09:00:00+09:00,36800.0,36950.0,36500.0,36800.0,18208,0.0,0.0
2024-04-05 10:00:00+09:00,36800.0,36800.0,36550.0,36600.0,14012,0.0,0.0
2024-04-05 11:00:00+09:00,36600.0,36850.0,36550.0,36700.0,9034,0.0,0.0
2024-04-05 12:00:00+09:00,36700.0,36800.0,36650.0,36650.0,5938,0.0,0.0
2024-04-05 13:00:00+09:00,36650.0,36750.0,36600.0,36700.0,12212,0.0,0.0
2024-04-05 14:00:00+09:00,36700.0,36750.0,36550.0,36600.0,15169,0.0,0.0
2024-04-08 09:00:00+09:00,36700.0,36700.0,36150.0,36200.0,0,0.0,0.0
2024-04-08 10:00:00+09:00,36200.0,36200.0,35800.0,35800.0,32899,0.0,0.0
2024-04-08 11:00:00+09:00,35850.0,35850.0,35600.0,35650.0,27297,0.0,0.0
2024-04-08 12:00:00+09:00,35650.0,35800.0,35600.0,35800.0,12330,0.0,0.0
2024-04-08 13:00:00+09:00,35750.0,36100.0,35700.0,35950.0,15543,0.0,0.0
2024-04-08 14:00:00+09:00,35950.0,36000.0,35750.0,35800.0,13924,0.0,0.0
2024-04-09 09:00:00+09:00,35900.0,36200.0,35750.0,35800.0,17265,0.0,0.0
2024-04-09 10:00:00+09:00,35800.0,35850.0,35700.0,35750.0,8530,0.0,0.0
2024-04-09 11:00:00+09:00,35750.0,35850.0,35700.0,35800.0,5281,0.0,0.0
2024-04-09 12:00:00+09:00,35800.0,35850.0,35750.0,35850.0,4062,0.0,0.0
2024-04-09 13:00:00+09:00,35850.0,35900.0,35700.0,35800.0,7266,0.0,0.0
2024-04-09 14:00:00+09:00,35750.0,35800.0,35600.0,35750.0,14217,0.0,0.0
2024-04-11 09:00:00+09:00,35300.0,35500.0,35000.0,35300.0,0,0.0,0.0
2024-04-11 10:00:00+09:00,35250.0,35450.0,35250.0,35400.0,7230,0.0,0.0
2024-04-11 11:00:00+09:00,35400.0,35450.0,35350.0,35350.0,7161,0.0,0.0
2024-04-11 12:00:00+09:00,35350.0,35450.0,35300.0,35300.0,5032,0.0,0.0
2024-04-11 13:00:00+09:00,35350.0,35500.0,35250.0,35450.0,11942,0.0,0.0
2024-04-11 14:00:00+09:00,35450.0,35500.0,35200.0,35450.0,16194,0.0,0.0
2024-04-12 09:00:00+09:00,35950.0,36000.0,35150.0,35450.0,19348,0.0,0.0
2024-04-12 10:00:00+09:00,35450.0,35650.0,35200.0,35500.0,14078,0.0,0.0
2024-04-12 11:00:00+09:00,35450.0,35550.0,35150.0,35150.0,13408,0.0,0.0
2024-04-12 12:00:00+09:00,35150.0,35400.0,35150.0,35200.0,11852,0.0,0.0
2024-04-12 13:00:00+09:00,35250.0,35300.0,35150.0,35200.0,11717,0.0,0.0
2024-04-12 14:00:00+09:00,35200.0,35300.0,35100.0,35200.0,13641,0.0,0.0
2024-04-15 09:00:00+09:00,35150.0,35600.0,34700.0,35400.0,0,0.0,0.0
2024-04-15 10:00:00+09:00,35350.0,35550.0,35100.0,35450.0,9208,0.0,0.0
2024-04-15 11:00:00+09:00,35450.0,35700.0,35400.0,35550.0,11102,0.0,0.0
2024-04-15 12:00:00+09:00,35600.0,35850.0,35550.0,35700.0,17632,0.0,0.0
2024-04-15 13:00:00+09:00,35700.0,36150.0,35650.0,36100.0,19081,0.0,0.0
2024-04-15 14:00:00+09:00,36050.0,36150.0,35750.0,35900.0,15164,0.0,0.0
2024-04-16 09:00:00+09:00,35600.0,35900.0,35050.0,35100.0,15776,0.0,0.0
2024-04-16 10:00:00+09:00,35100.0,35200.0,34900.0,34950.0,13902,0.0,0.0
2024-04-16 11:00:00+09:00,34950.0,34950.0,34750.0,34750.0,13444,0.0,0.0
2024-04-16 12:00:00+09:00,34750.0,34900.0,34700.0,34750.0,6596,0.0,0.0
2024-04-16 13:00:00+09:00,34750.0,34850.0,34500.0,34500.0,19230,0.0,0.0
2024-04-16 14:00:00+09:00,34500.0,34550.0,34350.0,34500.0,17898,0.0,0.0
2024-04-17 09:00:00+09:00,34600.0,35200.0,34550.0,35050.0,14823,0.0,0.0
2024-04-17 10:00:00+09:00,35050.0,35100.0,34650.0,34750.0,11218,0.0,0.0
2024-04-17 11:00:00+09:00,34750.0,34850.0,34700.0,34850.0,8440,0.0,0.0
2024-04-17 12:00:00+09:00,34800.0,34950.0,34700.0,34700.0,6363,0.0,0.0
2024-04-17 13:00:00+09:00,34700.0,34800.0,34550.0,34600.0,13245,0.0,0.0
2024-04-17 14:00:00+09:00,34650.0,34650.0,34500.0,34500.0,18084,0.0,0.0
2024-04-18 09:00:00+09:00,34400.0,34950.0,34400.0,34900.0,7706,0.0,0.0
2024-04-18 10:00:00+09:00,34900.0,35800.0,34850.0,35800.0,30371,0.0,0.0
2024-04-18 11:00:00+09:00,35800.0,36200.0,35750.0,36200.0,24588,0.0,0.0
2024-04-18 12:00:00+09:00,36150.0,36350.0,36150.0,36300.0,20428,0.0,0.0
2024-04-18 13:00:00+09:00,36300.0,36500.0,36200.0,36400.0,30636,0.0,0.0
2024-04-18 14:00:00+09:00,36400.0,36650.0,36250.0,36600.0,39694,0.0,0.0
2024-04-19 09:00:00+09:00,36150.0,36850.0,35600.0,36850.0,31286,0.0,0.0
2024-04-19 10:00:00+09:00,36850.0,36950.0,36100.0,36400.0,21719,0.0,0.0
2024-04-19 11:00:00+09:00,36450.0,36450.0,35800.0,36250.0,20596,0.0,0.0
2024-04-19 12:00:00+09:00,36250.0,36500.0,36000.0,36450.0,13754,0.0,0.0
2024-04-19 13:00:00+09:00,36450.0,36650.0,36350.0,36600.0,16774,0.0,0.0
2024-04-19 14:00:00+09:00,36600.0,37200.0,36500.0,37200.0,44390,0.0,0.0
2024-04-22 09:00:00+09:00,37300.0,38250.0,37250.0,38050.0,0,0.0,0.0
2024-04-22 10:00:00+09:00,38100.0,38300.0,37950.0,38150.0,41070,0.0,0.0
2024-04-22 11:00:00+09:00,38150.0,38200.0,37900.0,38150.0,25819,0.0,0.0
2024-04-22 12:00:00+09:00,38150.0,38150.0,37850.0,37900.0,16152,0.0,0.0
2024-04-22 13:00:00+09:00,38050.0,38100.0,37650.0,37950.0,19361,0.0,0.0
2024-04-22 14:00:00+09:00,37950.0,38100.0,37750.0,38050.0,40447,0.0,0.0
2024-04-23 09:00:00+09:00,37800.0,39100.0,37200.0,38900.0,73934,0.0,0.0
2024-04-23 10:00:00+09:00,38850.0,39550.0,38700.0,39050.0,97886,0.0,0.0
2024-04-23 11:00:00+09:00,39050.0,39600.0,38950.0,39500.0,49473,0.0,0.0
2024-04-23 12:00:00+09:00,39500.0,39950.0,39350.0,39800.0,70589,0.0,0.0
2024-04-23 13:00:00+09:00,39750.0,39950.0,39400.0,39550.0,67192,0.0,0.0
2024-04-23 14:00:00+09:00,39500.0,40100.0,39500.0,40000.0,85826,0.0,0.0
2024-04-24 09:00:00+09:00,40200.0,40500.0,39400.0,39450.0,75681,0.0,0.0
2024-04-24 10:00:00+09:00,39450.0,40050.0,39300.0,39950.0,41613,0.0,0.0
2024-04-24 11:00:00+09:00,39950.0,39950.0,39300.0,39450.0,25056,0.0,0.0
2024-04-24 12:00:00+09:00,39450.0,39450.0,38950.0,39100.0,32264,0.0,0.0
2024-04-24 13:00:00+09:00,39050.0,39350.0,38900.0,39000.0,35886,0.0,0.0
2024-04-24 14:00:00+09:00,39000.0,39200.0,38950.0,39050.0,29475,0.0,0.0
2024-04-25 09:00:00+09:00,38850.0,39100.0,38450.0,38600.0,22568,0.0,0.0
2024-04-25 10:00:00+09:00,38550.0,38900.0,38500.0,38600.0,15233,0.0,0.0
2024-04-25 11:00:00+09:00,38600.0,38700.0,38450.0,38650.0,9284,0.0,0.0
2024-04-25 12:00:00+09:00,38650.0,38700.0,38500.0,38550.0,4433,0.0,0.0
2024-04-25 13:00:00+09:00,38550.0,38600.0,38400.0,38550.0,8509,0.0,0.0
2024-04-25 14:00:00+09:00,38550.0,38600.0,38000.0,38100.0,18842,0.0,0.0
2024-04-26 09:00:00+09:00,38400.0,39250.0,38250.0,38850.0,20217,0.0,0.0
2024-04-26 10:00:00+09:00,38850.0,39000.0,38700.0,38750.0,13952,0.0,0.0
2024-04-26 11:00:00+09:00,38850.0,39000.0,38700.0,38800.0,9350,0.0,0.0
2024-04-26 12:00:00+09:00,38800.0,39150.0,38750.0,39000.0,12114,0.0,0.0
2024-04-26 13:00:00+09:00,39100.0,39650.0,39100.0,39350.0,41296,0.0,0.0
2024-04-26 14:00:00+09:00,39300.0,39450.0,39100.0,39200.0,22703,0.0,0.0
2024-04-29 09:00:00+09:00,38800.0,39400.0,38800.0,39000.0,0,0.0,0.0
2024-04-29 10:00:00+09:00,39050.0,39050.0,38850.0,38900.0,10803,0.0,0.0
2024-04-29 11:00:00+09:00,38900.0,39050.0,38550.0,38600.0,18638,0.0,0.0
2024-04-29 12:00:00+09:00,38550.0,38850.0,38550.0,38550.0,10948,0.0,0.0
2024-04-29 13:00:00+09:00,38550.0,39350.0,38500.0,39150.0,22542,0.0,0.0
2024-04-29 14:00:00+09:00,39150.0,39350.0,39100.0,39250.0,26056,0.0,0.0
2024-04-30 09:00:00+09:00,39250.0,39800.0,38950.0,39650.0,28644,0.0,0.0
2024-04-30 10:00:00+09:00,39700.0,39700.0,39050.0,39050.0,13399,0.0,0.0
2024-04-30 11:00:00+09:00,39050.0,39300.0,38900.0,38950.0,15686,0.0,0.0
2024-04-30 12:00:00+09:00,39000.0,39050.0,38700.0,38700.0,12522,0.0,0.0
2024-04-30 13:00:00+09:00,38700.0,38800.0,38400.0,38400.0,32166,0.0,0.0
2024-04-30 14:00:00+09:00,38400.0,38550.0,38250.0,38400.0,27741,0.0,0.0
2024-05-02 09:00:00+09:00,39400.0,40250.0,39300.0,39600.0,0,0.0,0.0
2024-05-02 10:00:00+09:00,39600.0,39750.0,39100.0,39150.0,30484,0.0,0.0
2024-05-02 11:00:00+09:00,39100.0,39300.0,39100.0,39200.0,20300,0.0,0.0
2024-05-02 12:00:00+09:00,39200.0,39700.0,39150.0,39350.0,19764,0.0,0.0
2024-05-02 13:00:00+09:00,39350.0,39550.0,39200.0,39500.0,36108,0.0,0.0
2024-05-02 14:00:00+09:00,39500.0,39550.0,39150.0,39150.0,35734,0.0,0.0
2024-05-03 09:00:00+09:00,39600.0,39650.0,38750.0,38850.0,49129,0.0,0.0
2024-05-03 10:00:00+09:00,38850.0,38850.0,38200.0,38200.0,36439,0.0,0.0
2024-05-03 11:00:00+09:00,38200.0,38300.0,37950.0,37950.0,26512,0.0,0.0
2024-05-03 12:00:00+09:00,38000.0,38000.0,37800.0,37850.0,28116,0.0,0.0
2024-05-03 13:00:00+09:00,37900.0,38000.0,37700.0,37900.0,30182,0.0,0.0
2024-05-03 14:00:00+09:00,37950.0,38150.0,37700.0,38000.0,33949,0.0,0.0
2024-05-07 09:00:00+09:00,38400.0,38900.0,38100.0,38200.0,0,0.0,0.0
2024-05-07 10:00:00+09:00,38200.0,38300.0,37950.0,37950.0,18657,0.0,0.0
2024-05-07 11:00:00+09:00,37950.0,38250.0,37950.0,38200.0,9765,0.0,0.0
2024-05-07 12:00:00+09:00,38150.0,38300.0,38050.0,38150.0,8426,0.0,0.0
2024-05-07 13:00:00+09:00,38200.0,38400.0,38100.0,38250.0,8974,0.0,0.0
2024-05-07 14:00:00+09:00,38200.0,38250.0,37800.0,37850.0,31868,0.0,0.0
2024-05-08 09:00:00+09:00,38000.0,38300.0,37850.0,38050.0,17412,0.0,0.0
2024-05-08 10:00:00+09:00,38050.0,38100.0,37900.0,37950.0,7786,0.0,0.0
2024-05-08 11:00:00+09:00,38000.0,38000.0,37850.0,37900.0,8594,0.0,0.0
2024-05-08 12:00:00+09:00,37900.0,38000.0,37750.0,37750.0,12056,0.0,0.0
2024-05-08 13:00:00+09:00,37800.0,38000.0,37750.0,37800.0,13615,0.0,0.0
2024-05-08 14:00:00+09:00,37800.0,37950.0,37750.0,37750.0,15377,0.0,0.0
2024-05-09 09:00:00+09:00,37900.0,38000.0,37650.0,37700.0,15949,0.0,0.0
2024-05-09 10:00:00+09:00,37700.0,37900.0,37600.0,37650.0,9478,0.0,0.0
2024-05-09 11:00:00+09:00,37650.0,37650.0,37450.0,37450.0,14764,0.0,0.0
2024-05-09 12:00:00+09:00,37450.0,37650.0,37400.0,37550.0,8507,0.0,0.0
2024-05-09 13:00:00+09:00,37600.0,37600.0,37450.0,37500.0,4709,0.0,0.0
2024-05-09 14:00:00+09:00,37550.0,37600.0,37300.0,37400.0,20497,0.0,0.0
2024-05-10 09:00:00+09:00,37400.0,37400.0,37000.0,37100.0,26605,0.0,0.0
2024-05-10 10:00:00+09:00,37150.0,37250.0,36800.0,36850.0,17027,0.0,0.0
2024-05-10 11:00:00+09:00,36850.0,37100.0,36800.0,36950.0,12164,0.0,0.0
2024-05-10 12:00:00+09:00,37000.0,37050.0,36800.0,36850.0,8803,0.0,0.0
2024-05-10 13:00:00+09:00,36850.0,37850.0,36800.0,37750.0,26826,0.0,0.0
2024-05-10 14:00:00+09:00,37800.0,38000.0,37650.0,37700.0,27373,0.0,0.0
2024-05-13 09:00:00+09:00,38000.0,38350.0,37700.0,38000.0,0,0.0,0.0
2024-05-13 10:00:00+09:00,38000.0,38350.0,37750.0,38350.0,20980,0.0,0.0
2024-05-13 11:00:00+09:00,38350.0,38650.0,38150.0,38150.0,36184,0.0,0.0
2024-05-13 12:00:00+09:00,38150.0,38200.0,38050.0,38150.0,7819,0.0,0.0
2024-05-13 13:00:00+09:00,38150.0,38500.0,38100.0,38100.0,16737,0.0,0.0
2024-05-13 14:00:00+09:00,38100.0,38450.0,38000.0,38350.0,11566,0.0,0.0
2024-05-14 09:00:00+09:00,38150.0,38500.0,37900.0,38050.0,22109,0.0,0.0
2024-05-14 10:00:00+09:00,38050.0,38050.0,37800.0,37800.0,13834,0.0,0.0
2024-05-14 11:00:00+09:00,37800.0,38100.0,37800.0,37900.0,11878,0.0,0.0
2024-05-14 12:00:00+09:00,37900.0,37950.0,37750.0,37800.0,6407,0.0,0.0
2024-05-14 13:00:00+09:00,37800.0,38000.0,37750.0,38000.0,9800,0.0,0.0
2024-05-14 14:00:00+09:00,38000.0,38100.0,37900.0,38050.0,8606,0.0,0.0
2024-05-16 09:00:00+09:00,38000.0,38400.0,37800.0,37950.0,0,0.0,0.0
2024-05-16 10:00:00+09:00,38000.0,38000.0,37700.0,37700.0,12549,0.0,0.0
2024-05-16 11:00:00+09:00,37750.0,37900.0,37600.0,37650.0,14858,0.0,0.0
2024-05-16 12:00:00+09:00,37700.0,37750.0,37550.0,37650.0,11475,0.0,0.0
2024-05-16 13:00:00+09:00,37650.0,37750.0,37550.0,37600.0,9439,0.0,0.0
2024-05-16 14:00:00+09:00,37600.0,37800.0,37550.0,37550.0,18175,0.0,0.0
2024-05-17 09:00:00+09:00,38000.0,38250.0,37550.0,38150.0,40528,0.0,0.0
2024-05-17 10:00:00+09:00,38200.0,38400.0,37950.0,38050.0,27882,0.0,0.0
2024-05-17 11:00:00+09:00,38050.0,38250.0,37850.0,37900.0,15681,0.0,0.0
2024-05-17 12:00:00+09:00,37900.0,38100.0,37700.0,38050.0,8639,0.0,0.0
2024-05-17 13:00:00+09:00,38000.0,38100.0,37800.0,37850.0,9147,0.0,0.0
2024-05-17 14:00:00+09:00,37850.0,38100.0,37750.0,37750.0,10219,0.0,0.0
2024-05-20 09:00:00+09:00,37950.0,38450.0,37800.0,38300.0,0,0.0,0.0
2024-05-20 10:00:00+09:00,38350.0,38500.0,38200.0,38200.0,18573,0.0,0.0
2024-05-20 11:00:00+09:00,38250.0,38450.0,38100.0,38400.0,16089,0.0,0.0
2024-05-20 12:00:00+09:00,38400.0,38450.0,38250.0,38350.0,9139,0.0,0.0
2024-05-20 13:00:00+09:00,38300.0,38700.0,38300.0,38450.0,33545,0.0,0.0
2024-05-20 14:00:00+09:00,38500.0,38800.0,38400.0,38750.0,37964,0.0,0.0
2024-05-21 09:00:00+09:00,39000.0,39000.0,38200.0,38450.0,30608,0.0,0.0
2024-05-21 10:00:00+09:00,38450.0,38450.0,38000.0,38150.0,17973,0.0,0.0
2024-05-21 11:00:00+09:00,38200.0,38200.0,37950.0,38050.0,14857,0.0,0.0
2024-05-21 12:00:00+09:00,38000.0,38100.0,37950.0,38100.0,11040,0.0,0.0
2024-05-21 13:00:00+09:00,38100.0,38300.0,38000.0,38150.0,15137,0.0,0.0
2024-05-21 14:00:00+09:00,38100.0,38400.0,38100.0,38150.0,20270,0.0,0.0
2024-05-22 09:00:00+09:00,38050.0,39200.0,38050.0,38900.0,87286,0.0,0.0
2024-05-22 10:00:00+09:00,38900.0,39150.0,38550.0,38750.0,23763,0.0,0.0
2024-05-22 11:00:00+09:00,38600.0,38750.0,38400.0,38600.0,17142,0.0,0.0
2024-05-22 12:00:00+09:00,38600.0,38650.0,38300.0,38350.0,15925,0.0,0.0
2024-05-22 13:00:00+09:00,38350.0,38500.0,38050.0,38200.0,30149,0.0,0.0
2024-05-22 14:00:00+09:00,38250.0,38350.0,37800.0,37950.0,34481,0.0,0.0
2024-05-23 09:00:00+09:00,37650.0,37900.0,36150.0,36550.0,108024,0.0,0.0
2024-05-23 10:00:00+09:00,36550.0,36650.0,36200.0,36250.0,30796,0.0,0.0
2024-05-23 11:00:00+09:00,36250.0,36400.0,36050.0,36100.0,52172,0.0,0.0
2024-05-23 12:00:00+09:00,36100.0,36400.0,36100.0,36200.0,21100,0.0,0.0
2024-05-23 13:00:00+09:00,36150.0,36400.0,36100.0,36100.0,24318,0.0,0.0
2024-05-23 14:00:00+09:00,36100.0,36150.0,36050.0,36050.0,38033,0.0,0.0
2024-05-24 09:00:00+09:00,35800.0,36400.0,35650.0,35750.0,40745,0.0,0.0
2024-05-24 10:00:00+09:00,35750.0,36000.0,35600.0,35800.0,25203,0.0,0.0
2024-05-24 11:00:00+09:00,35850.0,35850.0,35650.0,35800.0,10677,0.0,0.0
2024-05-24 12:00:00+09:00,35750.0,35950.0,35700.0,35700.0,12817,0.0,0.0
2024-05-24 13:00:00+09:00,35750.0,36000.0,35700.0,35900.0,15763,0.0,0.0
2024-05-24 14:00:00+09:00,35950.0,36300.0,35800.0,36000.0,24351,0.0,0.0
2024-05-27 09:00:00+09:00,35750.0,36200.0,35600.0,36050.0,0,0.0,0.0
2024-05-27 10:00:00+09:00,36050.0,36300.0,35900.0,36100.0,17244,0.0,0.0
2024-05-27 11:00:00+09:00,36100.0,36200.0,35950.0,36150.0,13042,0.0,0.0
2024-05-27 12:00:00+09:00,36100.0,36250.0,36000.0,36100.0,12103,0.0,0.0
2024-05-27 13:00:00+09:00,36100.0,36450.0,36050.0,36400.0,26838,0.0,0.0
2024-05-27 14:00:00+09:00,36400.0,36450.0,36250.0,36400.0,19545,0.0,0.0
2024-05-28 09:00:00+09:00,36000.0,36350.0,36000.0,36300.0,20009,0.0,0.0
2024-05-28 10:00:00+09:00,36300.0,36450.0,36000.0,36150.0,29384,0.0,0.0
2024-05-28 11:00:00+09:00,36200.0,36300.0,36000.0,36150.0,20993,0.0,0.0
2024-05-28 12:00:00+09:00,36100.0,36550.0,36100.0,36350.0,24553,0.0,0.0
2024-05-28 13:00:00+09:00,36350.0,36550.0,36100.0,36200.0,18304,0.0,0.0
2024-05-28 14:00:00+09:00,36150.0,36300.0,36100.0,36150.0,16056,0.0,0.0
2024-05-29 09:00:00+09:00,36200.0,37500.0,36000.0,37350.0,80332,0.0,0.0
2024-05-29 10:00:00+09:00,37400.0,37750.0,37300.0,37700.0,52638,0.0,0.0
2024-05-29 11:00:00+09:00,37750.0,37750.0,37450.0,37550.0,17205,0.0,0.0
2024-05-29 12:00:00+09:00,37550.0,37600.0,37400.0,37550.0,15914,0.0,0.0
2024-05-29 13:00:00+09:00,37600.0,37650.0,37350.0,37450.0,20210,0.0,0.0
2024-05-29 14:00:00+09:00,37400.0,37500.0,37100.0,37200.0,33863,0.0,0.0
2024-05-30 09:00:00+09:00,36800.0,37450.0,36500.0,37100.0,24319,0.0,0.0
2024-05-30 10:00:00+09:00,37050.0,38100.0,37050.0,38050.0,38510,0.0,0.0
2024-05-30 11:00:00+09:00,38050.0,38350.0,37800.0,37800.0,27898,0.0,0.0
2024-05-30 12:00:00+09:00,37800.0,38400.0,37800.0,38350.0,26284,0.0,0.0
2024-05-30 13:00:00+09:00,38400.0,38600.0,38200.0,38300.0,38433,0.0,0.0
2024-05-30 14:00:00+09:00,38300.0,38400.0,38050.0,38300.0,31197,0.0,0.0
2024-05-31 09:00:00+09:00,38400.0,38900.0,38100.0,38400.0,45318,0.0,0.0
2024-05-31 10:00:00+09:00,38450.0,38550.0,38050.0,38150.0,15321,0.0,0.0
2024-05-31 11:00:00+09:00,38100.0,38500.0,38100.0,38500.0,20604,0.0,0.0
2024-05-31 12:00:00+09:00,38500.0,38600.0,38450.0,38500.0,18584,0.0,0.0
2024-05-31 13:00:00+09:00,38500.0,38750.0,38450.0,38600.0,27281,0.0,0.0
2024-05-31 14:00:00+09:00,38600.0,38750.0,38500.0,38550.0,25890,0.0,0.0
2024-06-03 09:00:00+09:00,38650.0,39350.0,38150.0,39100.0,0,0.0,0.0
2024-06-03 10:00:00+09:00,39100.0,39150.0,38050.0,38450.0,37216,0.0,0.0
2024-06-03 11:00:00+09:00,38450.0,38450.0,38000.0,38100.0,21432,0.0,0.0
2024-06-03 12:00:00+09:00,38100.0,38650.0,38100.0,38250.0,21156,0.0,0.0
2024-06-03 13:00:00+09:00,38250.0,38400.0,38150.0,38200.0,17025,0.0,0.0
2024-06-03 14:00:00+09:00,38150.0,38300.0,38100.0,38150.0,22398,0.0,0.0
2024-06-04 09:00:00+09:00,38400.0,38450.0,37850.0,38000.0,30758,0.0,0.0
2024-06-04 10:00:00+09:00,38000.0,38100.0,37700.0,37800.0,17376,0.0,0.0
2024-06-04 11:00:00+09:00,37750.0,38200.0,37750.0,38050.0,14662,0.0,0.0
2024-06-04 12:00:00+09:00,38050.0,38100.0,37850.0,37900.0,12904,0.0,0.0
2024-06-04 13:00:00+09:00,37850.0,38150.0,37800.0,37900.0,16846,0.0,0.0
2024-06-04 14:00:00+09:00,37850.0,37950.0,37650.0,37800.0,22247,0.0,0.0
2024-06-05 09:00:00+09:00,37750.0,38400.0,37450.0,37600.0,19187,0.0,0.0
2024-06-05 10:00:00+09:00,37650.0,37800.0,37500.0,37800.0,16204,0.0,0.0
2024-06-05 11:00:00+09:00,37750.0,38000.0,37700.0,37950.0,8173,0.0,0.0
2024-06-05 12:00:00+09:00,37950.0,38050.0,37650.0,37650.0,11523,0.0,0.0
2024-06-05 13:00:00+09:00,37700.0,37900.0,37600.0,37700.0,14077,0.0,0.0
2024-06-05 14:00:00+09:00,37750.0,37850.0,37600.0,37750.0,11584,0.0,0.0
2024-06-07 09:00:00+09:00,37850.0,38100.0,37350.0,37400.0,0,0.0,0.0
2024-06-07 10:00:00+09:00,37400.0,37500.0,37050.0,37250.0,18919,0.0,0.0
2024-06-07 11:00:00+09:00,37250.0,37450.0,37200.0,37400.0,11449,0.0,0.0
2024-06-07 12:00:00+09:00,37350.0,37750.0,37250.0,37550.0,11679,0.0,0.0
2024-06-07 13:00:00+09:00,37600.0,37650.0,37400.0,37600.0,12024,0.0,0.0
2024-06-07 14:00:00+09:00,37550.0,37600.0,37250.0,37350.0,16083,0.0,0.0
2024-06-10 09:00:00+09:00,37100.0,37100.0,36450.0,36500.0,0,0.0,0.0
2024-06-10 10:00:00+09:00,36550.0,36600.0,36400.0,36600.0,13931,0.0,0.0
2024-06-10 11:00:00+09:00,36550.0,36700.0,36350.0,36400.0,9123,0.0,0.0
2024-06-10 12:00:00+09:00,36400.0,36600.0,36400.0,36550.0,5924,0.0,0.0
2024-06-10 13:00:00+09:00,36600.0,36600.0,36450.0,36450.0,8140,0.0,0.0
2024-06-10 14:00:00+09:00,36500.0,36500.0,36150.0,36200.0,32876,0.0,0.0
2024-06-11 09:00:00+09:00,36300.0,36600.0,36200.0,36400.0,8652,0.0,0.0
2024-06-11 10:00:00+09:00,36400.0,36550.0,36250.0,36300.0,11823,0.0,0.0
2024-06-11 11:00:00+09:00,36300.0,36350.0,35800.0,36000.0,22491,0.0,0.0
2024-06-11 12:00:00+09:00,36000.0,36100.0,35850.0,35950.0,15402,0.0,0.0
2024-06-11 13:00:00+09:00,35950.0,36250.0,35900.0,36050.0,13743,0.0,0.0
2024-06-11 14:00:00+09:00,36000.0,36100.0,35900.0,36000.0,11888,0.0,0.0
2024-06-12 09:00:00+09:00,35900.0,36100.0,35700.0,35900.0,25969,0.0,0.0
2024-06-12 10:00:00+09:00,35900.0,36100.0,35700.0,35750.0,19710,0.0,0.0
2024-06-12 11:00:00+09:00,35750.0,35900.0,35700.0,35700.0,14175,0.0,0.0
2024-06-12 12:00:00+09:00,35700.0,35800.0,35650.0,35700.0,11333,0.0,0.0
2024-06-12 13:00:00+09:00,35750.0,35800.0,35650.0,35650.0,11364,0.0,0.0
2024-06-12 14:00:00+09:00,35650.0,35700.0,35300.0,35550.0,40501,0.0,0.0
2024-06-13 09:00:00+09:00,35800.0,36250.0,35700.0,36100.0,21104,0.0,0.0
2024-06-13 10:00:00+09:00,36050.0,36500.0,36050.0,36200.0,27900,0.0,0.0
2024-06-13 11:00:00+09:00,36200.0,36500.0,36100.0,36400.0,16883,0.0,0.0
2024-06-13 12:00:00+09:00,36400.0,36450.0,36100.0,36150.0,13401,0.0,0.0
2024-06-13 13:00:00+09:00,36150.0,36250.0,35900.0,36050.0,22441,0.0,0.0
2024-06-13 14:00:00+09:00,36050.0,36050.0,35700.0,35900.0,18493,0.0,0.0
2024-06-14 09:00:00+09:00,35950.0,36250.0,35800.0,36150.0,25946,0.0,0.0
2024-06-14 10:00:00+09:00,36150.0,36200.0,35900.0,35950.0,17266,0.0,0.0
2024-06-14 11:00:00+09:00,35950.0,36200.0,35950.0,36100.0,14087,0.0,0.0
2024-06-14 12:00:00+09:00,36100.0,36250.0,36000.0,36050.0,12377,0.0,0.0
2024-06-14 13:00:00+09:00,36000.0,36100.0,35850.0,36050.0,16905,0.0,0.0
2024-06-14 14:00:00+09:00,36000.0,36050.0,35650.0,35700.0,17740,0.0,0.0
2024-06-17 09:00:00+09:00,36100.0,36100.0,35450.0,35450.0,0,0.0,0.0
2024-06-17 10:00:00+09:00,35450.0,35500.0,34550.0,34900.0,71147,0.0,0.0
2024-06-17 11:00:00+09:00,34850.0,36050.0,34600.0,35950.0,36937,0.0,0.0
2024-06-17 12:00:00+09:00,35950.0,36850.0,35950.0,36800.0,57962,0.0,0.0
2024-06-17 13:00:00+09:00,36750.0,37200.0,36750.0,37100.0,44800,0.0,0.0
2024-06-17 14:00:00+09:00,37100.0,42400.0,36900.0,39200.0,1210774,0.0,0.0
2024-06-18 09:00:00+09:00,37500.0,37700.0,36800.0,37000.0,141571,0.0,0.0
2024-06-18 10:00:00+09:00,37050.0,37050.0,36600.0,36950.0,51492,0.0,0.0
2024-06-18 11:00:00+09:00,37000.0,37400.0,36350.0,36500.0,105282,0.0,0.0
2024-06-18 12:00:00+09:00,36450.0,36800.0,36100.0,36200.0,47053,0.0,0.0
2024-06-18 13:00:00+09:00,36200.0,36350.0,36050.0,36150.0,35527,0.0,0.0
2024-06-18 14:00:00+09:00,36150.0,36300.0,36050.0,36200.0,31145,0.0,0.0
2024-06-19 09:00:00+09:00,36350.0,36450.0,35350.0,35500.0,77656,0.0,0.0
2024-06-19 10:00:00+09:00,35500.0,35750.0,35500.0,35700.0,23763,0.0,0.0
2024-06-19 11:00:00+09:00,35650.0,36200.0,35550.0,35600.0,32718,0.0,0.0
2024-06-19 12:00:00+09:00,35650.0,35750.0,35450.0,35500.0,25147,0.0,0.0
2024-06-19 13:00:00+09:00,35450.0,35700.0,35450.0,35600.0,19480,0.0,0.0
2024-06-19 14:00:00+09:00,35600.0,35700.0,35500.0,35550.0,14265,0.0,0.0
2024-06-20 09:00:00+09:00,35650.0,36150.0,35500.0,35900.0,34893,0.0,0.0
2024-06-20 10:00:00+09:00,35900.0,36100.0,35800.0,36000.0,11243,0.0,0.0
2024-06-20 11:00:00+09:00,36000.0,36050.0,35750.0,35850.0,11795,0.0,0.0
2024-06-20 12:00:00+09:00,35850.0,35950.0,35650.0,35750.0,9237,0.0,0.0
2024-06-20 13:00:00+09:00,35750.0,35800.0,35600.0,35600.0,12798,0.0,0.0
2024-06-20 14:00:00+09:00,35650.0,35750.0,35500.0,35600.0,15903,0.0,0.0
2024-06-21 09:00:00+09:00,35600.0,35900.0,35250.0,35650.0,22453,0.0,0.0
2024-06-21 10:00:00+09:00,35600.0,35650.0,35350.0,35350.0,17903,0.0,0.0
2024-06-21 11:00:00+09:00,35300.0,35450.0,35200.0,35300.0,15118,0.0,0.0
2024-06-21 12:00:00+09:00,35200.0,35300.0,35050.0,35100.0,19184,0.0,0.0
2024-06-21 13:00:00+09:00,35100.0,35250.0,34950.0,35000.0,28144,0.0,0.0
2024-06-21 14:00:00+09:00,35000.0,35100.0,34850.0,34950.0,31764,0.0,0.0
2024-06-24 09:00:00+09:00,35650.0,36000.0,35100.0,35350.0,0,0.0,0.0
2024-06-24 10:00:00+09:00,35350.0,35700.0,35300.0,35450.0,14347,0.0,0.0
2024-06-24 11:00:00+09:00,35450.0,35600.0,35400.0,35450.0,6799,0.0,0.0
2024-06-24 12:00:00+09:00,35400.0,35500.0,35250.0,35400.0,8532,0.0,0.0
2024-06-24 13:00:00+09:00,35350.0,35600.0,35300.0,35450.0,8700,0.0,0.0
2024-06-24 14:00:00+09:00,35450.0,35500.0,35300.0,35350.0,14274,0.0,0.0
2024-06-25 09:00:00+09:00,35150.0,35750.0,35150.0,35650.0,20288,0.0,0.0
2024-06-25 10:00:00+09:00,35650.0,35850.0,35550.0,35800.0,20080,0.0,0.0
2024-06-25 11:00:00+09:00,35850.0,36000.0,35650.0,35700.0,22973,0.0,0.0
2024-06-25 12:00:00+09:00,35700.0,35950.0,35600.0,35800.0,12620,0.0,0.0
2024-06-25 13:00:00+09:00,35850.0,35900.0,35800.0,35800.0,7354,0.0,0.0
2024-06-25 14:00:00+09:00,35800.0,36050.0,35650.0,36000.0,18059,0.0,0.0
2024-06-26 09:00:00+09:00,36450.0,36800.0,36100.0,36800.0,46046,0.0,0.0
2024-06-26 10:00:00+09:00,36800.0,37500.0,36750.0,37150.0,77720,0.0,0.0
2024-06-26 11:00:00+09:00,37150.0,37600.0,37150.0,37150.0,50826,0.0,0.0
2024-06-26 12:00:00+09:00,37150.0,37350.0,37150.0,37300.0,16748,0.0,0.0
2024-06-26 13:00:00+09:00,37300.0,37600.0,37250.0,37300.0,47760,0.0,0.0
2024-06-26 14:00:00+09:00,37350.0,37400.0,37100.0,37200.0,29981,0.0,0.0
2024-06-27 09:00:00+09:00,37200.0,37550.0,36600.0,37300.0,36401,0.0,0.0
2024-06-27 10:00:00+09:00,37300.0,37500.0,37200.0,37400.0,15609,0.0,0.0
2024-06-27 11:00:00+09:00,37300.0,37400.0,36950.0,37050.0,13501,0.0,0.0
2024-06-27 12:00:00+09:00,37050.0,37450.0,37050.0,37350.0,13734,0.0,0.0
2024-06-27 13:00:00+09:00,37350.0,37400.0,37250.0,37350.0,8909,0.0,0.0
2024-06-27 14:00:00+09:00,37400.0,37400.0,37150.0,37250.0,10801,0.0,0.0
2024-06-28 09:00:00+09:00,37350.0,37450.0,36700.0,36950.0,26457,0.0,0.0
2024-06-28 10:00:00+09:00,37000.0,37550.0,36850.0,37400.0,15917,0.0,0.0
2024-06-28 11:00:00+09:00,37350.0,37950.0,37300.0,37750.0,36136,0.0,0.0
2024-06-28 12:00:00+09:00,37750.0,37800.0,37550.0,37750.0,21180,0.0,0.0
2024-06-28 13:00:00+09:00,37700.0,37900.0,37500.0,37550.0,36163,0.0,0.0
2024-06-28 14:00:00+09:00,37550.0,37600.0,37400.0,37550.0,42729,0.0,0.0
2024-07-01 09:00:00+09:00,37500.0,38350.0,37400.0,37950.0,0,0.0,0.0
2024-07-01 10:00:00+09:00,37950.0,38300.0,37900.0,38300.0,17718,0.0,0.0
2024-07-01 11:00:00+09:00,38300.0,38550.0,38250.0,38500.0,32548,0.0,0.0
2024-07-01 12:00:00+09:00,38450.0,38550.0,38400.0,38450.0,19602,0.0,0.0
2024-07-01 13:00:00+09:00,38400.0,38850.0,38250.0,38400.0,71758,0.0,0.0
2024-07-01 14:00:00+09:00,38350.0,38500.0,38250.0,38500.0,21872,0.0,0.0
2024-07-02 09:00:00+09:00,38500.0,38550.0,37050.0,37550.0,62420,0.0,0.0
2024-07-02 10:00:00+09:00,37500.0,37950.0,37450.0,37650.0,14928,0.0,0.0
2024-07-02 11:00:00+09:00,37700.0,38000.0,37650.0,37850.0,11046,0.0,0.0
2024-07-02 12:00:00+09:00,37900.0,38050.0,37700.0,37950.0,9507,0.0,0.0
2024-07-02 13:00:00+09:00,37950.0,37950.0,37500.0,37600.0,14433,0.0,0.0
2024-07-02 14:00:00+09:00,37600.0,38050.0,37400.0,37800.0,24781,0.0,0.0
2024-07-03 09:00:00+09:00,37350.0,37500.0,36750.0,36800.0,45973,0.0,0.0
2024-07-03 10:00:00+09:00,36750.0,36900.0,36400.0,36450.0,33926,0.0,0.0
2024-07-03 11:00:00+09:00,36450.0,36650.0,36100.0,36350.0,25206,0.0,0.0
2024-07-03 12:00:00+09:00,36300.0,36600.0,36300.0,36600.0,6472,0.0,0.0
2024-07-03 13:00:00+09:00,36550.0,36650.0,36450.0,36550.0,9450,0.0,0.0
2024-07-03 14:00:00+09:00,36550.0,36600.0,36300.0,36350.0,15488,0.0,0.0
2024-07-04 09:00:00+09:00,36550.0,36750.0,36400.0,36700.0,20272,0.0,0.0
2024-07-04 10:00:00+09:00,36650.0,36700.0,36000.0,36050.0,17034,0.0,0.0
2024-07-04 11:00:00+09:00,36050.0,36200.0,35950.0,35950.0,10730,0.0,0.0
2024-07-04 12:00:00+09:00,35950.0,36150.0,35950.0,36100.0,6021,0.0,0.0
2024-07-04 13:00:00+09:00,36050.0,36200.0,36000.0,36100.0,8323,0.0,0.0
2024-07-04 14:00:00+09:00,36050.0,36150.0,35950.0,36050.0,16170,0.0,0.0
2024-07-05 09:00:00+09:00,35650.0,36600.0,35650.0,36450.0,27004,0.0,0.0
2024-07-05 10:00:00+09:00,36500.0,36750.0,36100.0,36300.0,26335,0.0,0.0
2024-07-05 11:00:00+09:00,36300.0,36550.0,36200.0,36550.0,12449,0.0,0.0
2024-07-05 12:00:00+09:00,36550.0,36900.0,36450.0,36750.0,28028,0.0,0.0
2024-07-05 13:00:00+09:00,36750.0,36800.0,36250.0,36300.0,23078,0.0,0.0
2024-07-05 14:00:00+09:00,36300.0,36500.0,36100.0,36100.0,39509,0.0,0.0
2024-07-08 09:00:00+09:00,36500.0,36950.0,36300.0,36300.0,0,0.0,0.0
2024-07-08 10:00:00+09:00,36350.0,36350.0,35950.0,36050.0,21539,0.0,0.0
2024-07-08 11:00:00+09:00,36000.0,36050.0,35850.0,35950.0,18190,0.0,0.0
2024-07-08 12:00:00+09:00,35950.0,36050.0,35900.0,35950.0,13552,0.0,0.0
2024-07-08 13:00:00+09:00,35950.0,36450.0,35900.0,36250.0,16366,0.0,0.0
2024-07-08 14:00:00+09:00,36250.0,36400.0,36150.0,36300.0,14203,0.0,0.0
2024-07-09 09:00:00+09:00,37000.0,40000.0,37000.0,39900.0,553440,0.0,0.0
2024-07-09 10:00:00+09:00,39900.0,40650.0,39350.0,40100.0,450606,0.0,0.0
2024-07-09 11:00:00+09:00,40050.0,40300.0,39800.0,39900.0,87431,0.0,0.0
2024-07-09 12:00:00+09:00,39900.0,40150.0,39800.0,39950.0,69853,0.0,0.0
2024-07-09 13:00:00+09:00,39950.0,40250.0,39700.0,40050.0,87381,0.0,0.0
2024-07-09 14:00:00+09:00,40100.0,40200.0,39950.0,40100.0,70539,0.0,0.0
2024-07-10 09:00:00+09:00,40200.0,40300.0,39500.0,39950.0,117552,0.0,0.0
2024-07-10 10:00:00+09:00,39900.0,41750.0,39850.0,41600.0,239607,0.0,0.0
2024-07-10 11:00:00+09:00,41550.0,41750.0,41200.0,41550.0,76163,0.0,0.0
2024-07-10 12:00:00+09:00,41550.0,41700.0,41350.0,41550.0,50427,0.0,0.0
2024-07-10 13:00:00+09:00,41550.0,42250.0,41400.0,41750.0,133933,0.0,0.0
2024-07-10 14:00:00+09:00,41750.0,41800.0,41050.0,41300.0,96726,0.0,0.0
2024-07-11 09:00:00+09:00,41400.0,41500.0,40700.0,41050.0,69286,0.0,0.0
2024-07-11 10:00:00+09:00,41100.0,41300.0,40550.0,40650.0,47481,0.0,0.0
2024-07-11 11:00:00+09:00,40650.0,41000.0,40650.0,40900.0,17585,0.0,0.0
2024-07-11 12:00:00+09:00,40900.0,41150.0,40800.0,41150.0,19334,0.0,0.0
2024-07-11 13:00:00+09:00,41150.0,41250.0,40800.0,40950.0,27264,0.0,0.0
2024-07-11 14:00:00+09:00,40950.0,41150.0,40700.0,40750.0,24333,0.0,0.0
2024-07-12 09:00:00+09:00,41150.0,41900.0,40800.0,41000.0,105837,0.0,0.0
2024-07-12 10:00:00+09:00,41000.0,41500.0,40950.0,41450.0,35554,0.0,0.0
2024-07-12 11:00:00+09:00,41450.0,41750.0,41050.0,41150.0,45959,0.0,0.0
2024-07-12 12:00:00+09:00,41150.0,41300.0,40800.0,41000.0,21956,0.0,0.0
2024-07-12 13:00:00+09:00,41000.0,41250.0,40850.0,41100.0,20525,0.0,0.0
2024-07-12 14:00:00+09:00,41100.0,41200.0,40850.0,41100.0,29260,0.0,0.0
2024-07-15 09:00:00+09:00,41250.0,42000.0,40350.0,40650.0,0,0.0,0.0
2024-07-15 10:00:00+09:00,40600.0,41050.0,40600.0,40850.0,14760,0.0,0.0
2024-07-15 11:00:00+09:00,40850.0,40900.0,40700.0,40750.0,13179,0.0,0.0
2024-07-15 12:00:00+09:00,40800.0,40900.0,40650.0,40650.0,12430,0.0,0.0
2024-07-15 13:00:00+09:00,40650.0,40800.0,40650.0,40650.0,12462,0.0,0.0
2024-07-15 14:00:00+09:00,40650.0,40800.0,40550.0,40700.0,17115,0.0,0.0
2024-07-16 09:00:00+09:00,40800.0,41250.0,40100.0,40300.0,39083,0.0,0.0
2024-07-16 10:00:00+09:00,40300.0,40300.0,40000.0,40200.0,17900,0.0,0.0
2024-07-16 11:00:00+09:00,40200.0,40250.0,40000.0,40200.0,11871,0.0,0.0
2024-07-16 12:00:00+09:00,40200.0,40500.0,39950.0,40300.0,18379,0.0,0.0
2024-07-16 13:00:00+09:00,40400.0,40550.0,40200.0,40250.0,11940,0.0,0.0
2024-07-16 14:00:00+09:00,40250.0,40550.0,40000.0,40400.0,36711,0.0,0.0
2024-07-17 09:00:00+09:00,40600.0,41200.0,40400.0,41100.0,53041,0.0,0.0
2024-07-17 10:00:00+09:00,41150.0,41900.0,41050.0,41300.0,74651,0.0,0.0
2024-07-17 11:00:00+09:00,41300.0,41600.0,41200.0,41500.0,24774,0.0,0.0
2024-07-17 12:00:00+09:00,41550.0,41600.0,41300.0,41400.0,13206,0.0,0.0
2024-07-17 13:00:00+09:00,41400.0,41450.0,41200.0,41300.0,17018,0.0,0.0
2024-07-17 14:00:00+09:00,41250.0,41400.0,41050.0,41200.0,24128,0.0,0.0
2024-07-18 09:00:00+09:00,40950.0,42350.0,40850.0,42000.0,155652,0.0,0.0
2024-07-18 10:00:00+09:00,41950.0,42000.0,41250.0,41650.0,40110,0.0,0.0
2024-07-18 11:00:00+09:00,41650.0,41900.0,41600.0,41700.0,15628,0.0,0.0
2024-07-18 12:00:00+09:00,41700.0,41800.0,41450.0,41500.0,12486,0.0,0.0
2024-07-18 13:00:00+09:00,41500.0,41550.0,41050.0,41300.0,25042,0.0,0.0
2024-07-18 14:00:00+09:00,41300.0,41400.0,41150.0,41300.0,12969,0.0,0.0
2024-07-19 09:00:00+09:00,41100.0,41350.0,40500.0,40850.0,25595,0.0,0.0
2024-07-19 10:00:00+09:00,40900.0,40950.0,40550.0,40550.0,11356,0.0,0.0
2024-07-19 11:00:00+09:00,40550.0,41000.0,40550.0,40800.0,5920,0.0,0.0
2024-07-19 12:00:00+09:00,40800.0,40950.0,40600.0,40600.0,7526,0.0,0.0
2024-07-19 13:00:00+09:00,40600.0,40650.0,40450.0,40550.0,14141,0.0,0.0
2024-07-19 14:00:00+09:00,40550.0,40850.0,40450.0,40700.0,16527,0.0,0.0
2024-07-22 09:00:00+09:00,41050.0,41450.0,40150.0,40550.0,0,0.0,0.0
2024-07-22 10:00:00+09:00,40550.0,41000.0,40550.0,40600.0,19736,0.0,0.0
2024-07-22 11:00:00+09:00,40600.0,40850.0,40450.0,40800.0,15858,0.0,0.0
2024-07-22 12:00:00+09:00,40800.0,40800.0,40550.0,40600.0,9497,0.0,0.0
2024-07-22 13:00:00+09:00,40600.0,40900.0,40450.0,40900.0,21815,0.0,0.0
2024-07-22 14:00:00+09:00,40850.0,41300.0,40800.0,41250.0,32675,0.0,0.0
2024-07-23 09:00:00+09:00,41750.0,42850.0,41100.0,41450.0,221903,0.0,0.0
2024-07-23 10:00:00+09:00,41450.0,41950.0,41400.0,41550.0,37121,0.0,0.0
2024-07-23 11:00:00+09:00,41550.0,41600.0,41350.0,41400.0,17343,0.0,0.0
2024-07-23 12:00:00+09:00,41400.0,41500.0,41100.0,41250.0,18362,0.0,0.0
2024-07-23 13:00:00+09:00,41300.0,41450.0,40950.0,40950.0,31273,0.0,0.0
2024-07-23 14:00:00+09:00,41000.0,41250.0,40800.0,40800.0,21715,0.0,0.0
2024-07-24 09:00:00+09:00,40450.0,41600.0,40400.0,41500.0,30927,0.0,0.0
2024-07-24 10:00:00+09:00,41500.0,41500.0,40950.0,41000.0,12790,0.0,0.0
2024-07-24 11:00:00+09:00,41000.0,41150.0,40650.0,41150.0,10291,0.0,0.0
2024-07-24 12:00:00+09:00,41150.0,41600.0,41100.0,41500.0,20548,0.0,0.0
2024-07-24 13:00:00+09:00,41500.0,41550.0,41300.0,41300.0,16106,0.0,0.0
2024-07-24 14:00:00+09:00,41300.0,41500.0,41200.0,41450.0,16034,0.0,0.0
2024-07-25 09:00:00+09:00,41200.0,41750.0,41100.0,41550.0,44541,0.0,0.0
2024-07-25 10:00:00+09:00,41550.0,41550.0,41250.0,41500.0,23043,0.0,0.0
2024-07-25 11:00:00+09:00,41550.0,41550.0,41100.0,41300.0,15602,0.0,0.0
2024-07-25 12:00:00+09:00,41200.0,41500.0,41050.0,41350.0,10786,0.0,0.0
2024-07-25 13:00:00+09:00,41350.0,41350.0,41100.0,41300.0,9983,0.0,0.0
2024-07-25 14:00:00+09:00,41300.0,41350.0,40900.0,40900.0,24840,0.0,0.0
2024-07-26 09:00:00+09:00,41100.0,41550.0,40500.0,41500.0,29391,0.0,0.0
2024-07-26 10:00:00+09:00,41500.0,41750.0,41150.0,41250.0,39706,0.0,0.0
2024-07-26 11:00:00+09:00,41250.0,41500.0,41050.0,41250.0,16907,0.0,0.0
2024-07-26 12:00:00+09:00,41200.0,41400.0,40800.0,41100.0,20996,0.0,0.0
2024-07-26 13:00:00+09:00,41100.0,41150.0,40850.0,40950.0,12332,0.0,0.0
2024-07-26 14:00:00+09:00,40900.0,41050.0,40800.0,40950.0,9981,0.0,0.0
2024-07-29 09:00:00+09:00,41300.0,41700.0,40950.0,41650.0,0,0.0,0.0
2024-07-29 10:00:00+09:00,41650.0,41750.0,40700.0,40850.0,43739,0.0,0.0
2024-07-29 11:00:00+09:00,40900.0,40950.0,40750.0,40900.0,9333,0.0,0.0
2024-07-29 12:00:00+09:00,40900.0,41050.0,40600.0,40650.0,14273,0.0,0.0
2024-07-29 13:00:00+09:00,40650.0,40700.0,40450.0,40500.0,28029,0.0,0.0
2024-07-29 14:00:00+09:00,40500.0,40550.0,40300.0,40300.0,34125,0.0,0.0
2024-07-30 09:00:00+09:00,40300.0,40700.0,39800.0,40100.0,40290,0.0,0.0
2024-07-30 10:00:00+09:00,40200.0,41150.0,39850.0,40950.0,36492,0.0,0.0
2024-07-30 11:00:00+09:00,40950.0,41150.0,40750.0,40900.0,22869,0.0,0.0
2024-07-30 12:00:00+09:00,40900.0,40950.0,40550.0,40750.0,11682,0.0,0.0
2024-07-30 13:00:00+09:00,40750.0,40950.0,40450.0,40650.0,18171,0.0,0.0
2024-07-30 14:00:00+09:00,40600.0,40950.0,40500.0,40550.0,35543,0.0,0.0
2024-07-31 09:00:00+09:00,40750.0,40950.0,39900.0,40400.0,45197,0.0,0.0
2024-07-31 10:00:00+09:00,40350.0,40550.0,40200.0,40250.0,11418,0.0,0.0
2024-07-31 11:00:00+09:00,40300.0,41400.0,40250.0,40250.0,59104,0.0,0.0
2024-07-31 12:00:00+09:00,40250.0,40700.0,40200.0,40450.0,15671,0.0,0.0
2024-07-31 13:00:00+09:00,40450.0,40450.0,39950.0,40000.0,44236,0.0,0.0
2024-07-31 14:00:00+09:00,40000.0,40200.0,39400.0,39950.0,66786,0.0,0.0
2024-08-01 09:00:00+09:00,39750.0,40400.0,39700.0,40250.0,29415,0.0,0.0
2024-08-01 10:00:00+09:00,40200.0,40350.0,40100.0,40200.0,15284,0.0,0.0
2024-08-01 11:00:00+09:00,40250.0,40300.0,40050.0,40100.0,8246,0.0,0.0
2024-08-01 12:00:00+09:00,40150.0,40300.0,40000.0,40000.0,10001,0.0,0.0
2024-08-01 13:00:00+09:00,40050.0,40100.0,39750.0,39750.0,21779,0.0,0.0
2024-08-01 14:00:00+09:00,39750.0,40200.0,39700.0,40100.0,15779,0.0,0.0
2024-08-02 09:00:00+09:00,39500.0,39500.0,38500.0,39100.0,54392,0.0,0.0
2024-08-02 10:00:00+09:00,39200.0,39650.0,39050.0,39400.0,24553,0.0,0.0
2024-08-02 11:00:00+09:00,39350.0,39500.0,38850.0,39050.0,20716,0.0,0.0
2024-08-02 12:00:00+09:00,39050.0,39200.0,38800.0,39150.0,18817,0.0,0.0
2024-08-02 13:00:00+09:00,39150.0,39200.0,38700.0,38900.0,24110,0.0,0.0
2024-08-02 14:00:00+09:00,38900.0,39000.0,38550.0,38700.0,17980,0.0,0.0
2024-08-05 09:00:00+09:00,38550.0,38600.0,37300.0,37550.0,0,0.0,0.0
2024-08-05 10:00:00+09:00,37500.0,37850.0,37200.0,37700.0,37241,0.0,0.0
2024-08-05 11:00:00+09:00,37750.0,37850.0,37300.0,37350.0,19289,0.0,0.0
2024-08-05 12:00:00+09:00,37400.0,37600.0,37150.0,37150.0,31154,0.0,0.0
2024-08-05 13:00:00+09:00,37150.0,37300.0,36600.0,36650.0,34605,0.0,0.0
2024-08-05 14:00:00+09:00,36550.0,36650.0,34450.0,35650.0,92900,0.0,0.0
2024-08-06 09:00:00+09:00,35950.0,37650.0,35600.0,37500.0,66765,0.0,0.0
2024-08-06 10:00:00+09:00,37500.0,37850.0,36500.0,37450.0,42597,0.0,0.0
2024-08-06 11:00:00+09:00,37450.0,37450.0,36800.0,37450.0,13717,0.0,0.0
2024-08-06 12:00:00+09:00,37450.0,38000.0,37200.0,37900.0,30751,0.0,0.0
2024-08-06 13:00:00+09:00,37900.0,38050.0,37450.0,37500.0,12919,0.0,0.0
2024-08-06 14:00:00+09:00,37500.0,38050.0,37400.0,38050.0,25429,0.0,0.0
2024-08-07 09:00:00+09:00,37100.0,39550.0,37100.0,39550.0,56038,0.0,0.0
2024-08-07 10:00:00+09:00,39550.0,40400.0,39350.0,40100.0,67277,0.0,0.0
2024-08-07 11:00:00+09:00,40100.0,40350.0,39750.0,40250.0,33375,0.0,0.0
2024-08-07 12:00:00+09:00,40250.0,40500.0,40200.0,40250.0,23528,0.0,0.0
2024-08-07 13:00:00+09:00,40300.0,40500.0,40050.0,40250.0,24438,0.0,0.0
2024-08-07 14:00:00+09:00,40200.0,40300.0,39650.0,40100.0,38384,0.0,0.0
2024-08-08 09:00:00+09:00,39950.0,41150.0,39650.0,40950.0,77240,0.0,0.0
2024-08-08 10:00:00+09:00,40950.0,41300.0,40900.0,41250.0,43196,0.0,0.0
2024-08-08 11:00:00+09:00,41250.0,41650.0,41200.0,41250.0,42430,0.0,0.0
2024-08-08 12:00:00+09:00,41250.0,41650.0,41250.0,41500.0,19372,0.0,0.0
2024-08-08 13:00:00+09:00,41500.0,41600.0,41050.0,41350.0,20336,0.0,0.0
2024-08-08 14:00:00+09:00,41350.0,41550.0,41200.0,41400.0,28497,0.0,0.0
2024-08-09 09:00:00+09:00,41300.0,41600.0,40850.0,41100.0,56921,0.0,0.0
2024-08-09 10:00:00+09:00,41100.0,41500.0,40950.0,41500.0,23951,0.0,0.0
2024-08-09 11:00:00+09:00,41450.0,41500.0,41200.0,41300.0,11235,0.0,0.0
2024-08-09 12:00:00+09:00,41250.0,41550.0,41150.0,41550.0,11116,0.0,0.0
2024-08-09 13:00:00+09:00,41550.0,41600.0,41300.0,41450.0,15341,0.0,0.0
2024-08-09 14:00:00+09:00,41450.0,41550.0,41100.0,41500.0,22445,0.0,0.0
