Datetime,Open,High,Low,Close,Volume,Dividends,Stock Splits
2024-08-29 09:00:00+09:00,19010.0,19130.0,18820.0,19130.0,0,0.0,0.0
2024-08-29 09:05:00+09:00,19140.0,19180.0,18960.0,18960.0,3955,0.0,0.0
2024-08-29 09:10:00+09:00,18970.0,18990.0,18910.0,18990.0,5474,0.0,0.0
2024-08-29 09:15:00+09:00,18980.0,19000.0,18930.0,18940.0,4124,0.0,0.0
2024-08-29 09:20:00+09:00,18930.0,18930.0,18860.0,18870.0,12598,0.0,0.0
2024-08-29 09:25:00+09:00,18860.0,18950.0,18840.0,18880.0,9047,0.0,0.0
2024-08-29 09:30:00+09:00,18890.0,18940.0,18860.0,18920.0,3314,0.0,0.0
2024-08-29 09:35:00+09:00,18920.0,18940.0,18900.0,18930.0,1660,0.0,0.0
2024-08-29 09:40:00+09:00,18950.0,18950.0,18900.0,18910.0,1487,0.0,0.0
2024-08-29 09:45:00+09:00,18910.0,18970.0,18900.0,18940.0,5829,0.0,0.0
2024-08-29 09:50:00+09:00,18940.0,18940.0,18860.0,18860.0,5414,0.0,0.0
2024-08-29 09:55:00+09:00,18870.0,19090.0,18860.0,18930.0,11121,0.0,0.0
2024-08-29 10:00:00+09:00,18940.0,18980.0,18930.0,18950.0,449,0.0,0.0
2024-08-29 10:05:00+09:00,18950.0,18950.0,18920.0,18930.0,443,0.0,0.0
2024-08-29 10:10:00+09:00,18920.0,18930.0,18910.0,18920.0,598,0.0,0.0
2024-08-29 10:15:00+09:00,18910.0,18950.0,18910.0,18920.0,486,0.0,0.0
2024-08-29 10:20:00+09:00,18920.0,18930.0,18900.0,18930.0,4526,0.0,0.0
2024-08-29 10:25:00+09:00,18920.0,18930.0,18920.0,18920.0,0,0.0,0.0
2024-08-29 10:30:00+09:00,18920.0,18930.0,18870.0,18890.0,2710,0.0,0.0
2024-08-29 10:35:00+09:00,18880.0,18990.0,18870.0,18960.0,4063,0.0,0.0
2024-08-29 10:40:00+09:00,18960.0,18990.0,18960.0,18990.0,2875,0.0,0.0
2024-08-29 10:45:00+09:00,18990.0,19040.0,18940.0,18940.0,2996,0.0,0.0
2024-08-29 10:50:00+09:00,18950.0,18970.0,18940.0,18940.0,704,0.0,0.0
2024-08-29 10:55:00+09:00,18940.0,18950.0,18910.0,18910.0,1504,0.0,0.0
2024-08-29 11:00:00+09:00,18910.0,18920.0,18900.0,18920.0,808,0.0,0.0
2024-08-29 11:05:00+09:00,18910.0,18920.0,18900.0,18910.0,1391,0.0,0.0
2024-08-29 11:10:00+09:00,18910.0,18920.0,18900.0,18900.0,798,0.0,0.0
2024-08-29 11:15:00+09:00,18900.0,18920.0,18900.0,18910.0,486,0.0,0.0
2024-08-29 11:20:00+09:00,18910.0,18990.0,18910.0,18980.0,1529,0.0,0.0
2024-08-29 11:25:00+09:00,18990.0,18990.0,18980.0,18990.0,100,0.0,0.0
2024-08-29 11:30:00+09:00,18980.0,18990.0,18960.0,18960.0,4358,0.0,0.0
2024-08-29 11:35:00+09:00,18960.0,18960.0,18950.0,18950.0,1515,0.0,0.0
2024-08-29 11:40:00+09:00,18940.0,19000.0,18940.0,19000.0,955,0.0,0.0
2024-08-29 11:45:00+09:00,19000.0,19000.0,18990.0,18990.0,3308,0.0,0.0
2024-08-29 11:50:00+09:00,18970.0,18970.0,18940.0,18940.0,0,0.0,0.0
2024-08-29 11:55:00+09:00,18940.0,18950.0,18930.0,18930.0,432,0.0,0.0
2024-08-29 12:00:00+09:00,18930.0,18940.0,18930.0,18930.0,212,0.0,0.0
2024-08-29 12:05:00+09:00,18940.0,18940.0,18930.0,18940.0,1248,0.0,0.0
2024-08-29 12:10:00+09:00,18930.0,18930.0,18920.0,18930.0,922,0.0,0.0
2024-08-29 12:15:00+09:00,18950.0,18950.0,18950.0,18950.0,109,0.0,0.0
2024-08-29 12:20:00+09:00,18950.0,18950.0,18940.0,18940.0,148,0.0,0.0
2024-08-29 12:25:00+09:00,18940.0,18940.0,18920.0,18930.0,2034,0.0,0.0
2024-08-29 12:30:00+09:00,18920.0,18930.0,18880.0,18880.0,7680,0.0,0.0
2024-08-29 12:35:00+09:00,18880.0,18920.0,18880.0,18920.0,2292,0.0,0.0
2024-08-29 12:40:00+09:00,18920.0,18920.0,18900.0,18920.0,301,0.0,0.0
2024-08-29 12:45:00+09:00,18910.0,18920.0,18900.0,18900.0,2124,0.0,0.0
2024-08-29 12:50:00+09:00,18900.0,18900.0,18870.0,18880.0,1519,0.0,0.0
2024-08-29 12:55:00+09:00,18880.0,18880.0,18860.0,18870.0,1063,0.0,0.0
2024-08-29 13:00:00+09:00,18870.0,18880.0,18860.0,18880.0,350,0.0,0.0
2024-08-29 13:05:00+09:00,18870.0,18870.0,18860.0,18870.0,585,0.0,0.0
2024-08-29 13:10:00+09:00,18860.0,18920.0,18860.0,18890.0,2069,0.0,0.0
2024-08-29 13:15:00+09:00,18880.0,18890.0,18880.0,18880.0,395,0.0,0.0
2024-08-29 13:20:00+09:00,18880.0,18880.0,18850.0,18860.0,3838,0.0,0.0
2024-08-29 13:25:00+09:00,18870.0,18890.0,18860.0,18890.0,0,0.0,0.0
2024-08-29 13:30:00+09:00,18870.0,18890.0,18850.0,18890.0,904,0.0,0.0
2024-08-29 13:35:00+09:00,18880.0,18880.0,18870.0,18870.0,963,0.0,0.0
2024-08-29 13:40:00+09:00,18860.0,18870.0,18850.0,18850.0,686,0.0,0.0
2024-08-29 13:45:00+09:00,18860.0,18860.0,18840.0,18850.0,3585,0.0,0.0
2024-08-29 13:50:00+09:00,18850.0,18910.0,18840.0,18880.0,3652,0.0,0.0
2024-08-29 13:55:00+09:00,18880.0,18880.0,18850.0,18860.0,464,0.0,0.0
2024-08-29 14:00:00+09:00,18860.0,18860.0,18850.0,18850.0,304,0.0,0.0
2024-08-29 14:05:00+09:00,18850.0,18870.0,18850.0,18870.0,573,0.0,0.0
2024-08-29 14:10:00+09:00,18870.0,18870.0,18840.0,18850.0,854,0.0,0.0
2024-08-29 14:15:00+09:00,18840.0,18850.0,18780.0,18780.0,13348,0.0,0.0
2024-08-29 14:20:00+09:00,18790.0,18810.0,18750.0,18750.0,7934,0.0,0.0
2024-08-29 14:25:00+09:00,18740.0,18860.0,18720.0,18840.0,3968,0.0,0.0
2024-08-29 14:30:00+09:00,18840.0,18860.0,18830.0,18860.0,1014,0.0,0.0
2024-08-29 14:35:00+09:00,18860.0,18940.0,18860.0,18900.0,3698,0.0,0.0
2024-08-29 14:40:00+09:00,18900.0,18900.0,18860.0,18900.0,1365,0.0,0.0
2024-08-29 14:45:00+09:00,18900.0,18910.0,18870.0,18900.0,3201,0.0,0.0
2024-08-29 14:50:00+09:00,18900.0,18920.0,18880.0,18910.0,2056,0.0,0.0
2024-08-29 14:55:00+09:00,18890.0,18930.0,18870.0,18910.0,4406,0.0,0.0
2024-08-30 09:00:00+09:00,18860.0,19090.0,18850.0,19050.0,4828,0.0,0.0
2024-08-30 09:05:00+09:00,19030.0,19390.0,19010.0,19340.0,18240,0.0,0.0
2024-08-30 09:10:00+09:00,19340.0,19440.0,19300.0,19400.0,15433,0.0,0.0
2024-08-30 09:15:00+09:00,19380.0,19480.0,19340.0,19460.0,13528,0.0,0.0
2024-08-30 09:20:00+09:00,19460.0,19470.0,19260.0,19310.0,12633,0.0,0.0
2024-08-30 09:25:00+09:00,19320.0,19340.0,19140.0,19140.0,8739,0.0,0.0
2024-08-30 09:30:00+09:00,19140.0,19140.0,19090.0,19100.0,5512,0.0,0.0
2024-08-30 09:35:00+09:00,19100.0,19150.0,19070.0,19080.0,7797,0.0,0.0
2024-08-30 09:40:00+09:00,19080.0,19080.0,18990.0,18990.0,6865,0.0,0.0
2024-08-30 09:45:00+09:00,18990.0,19040.0,18970.0,19000.0,7360,0.0,0.0
2024-08-30 09:50:00+09:00,18990.0,19000.0,18900.0,18900.0,5974,0.0,0.0
2024-08-30 09:55:00+09:00,18900.0,19000.0,18900.0,18950.0,3865,0.0,0.0
2024-08-30 10:00:00+09:00,18960.0,18960.0,18910.0,18930.0,1136,0.0,0.0
2024-08-30 10:05:00+09:00,18920.0,18960.0,18920.0,18960.0,1978,0.0,0.0
2024-08-30 10:10:00+09:00,18970.0,18970.0,18910.0,18970.0,3896,0.0,0.0
2024-08-30 10:15:00+09:00,18970.0,19020.0,18970.0,19020.0,2219,0.0,0.0
2024-08-30 10:20:00+09:00,19000.0,19000.0,18950.0,18950.0,292,0.0,0.0
2024-08-30 10:25:00+09:00,18960.0,19030.0,18960.0,18980.0,913,0.0,0.0
2024-08-30 10:30:00+09:00,18970.0,18970.0,18900.0,18910.0,2824,0.0,0.0
2024-08-30 10:35:00+09:00,18910.0,19030.0,18910.0,18950.0,1582,0.0,0.0
2024-08-30 10:40:00+09:00,18950.0,18950.0,18920.0,18920.0,719,0.0,0.0
2024-08-30 10:45:00+09:00,18920.0,18980.0,18910.0,18930.0,3143,0.0,0.0
2024-08-30 10:50:00+09:00,18930.0,18930.0,18860.0,18860.0,5129,0.0,0.0
2024-08-30 10:55:00+09:00,18860.0,18880.0,18810.0,18860.0,5600,0.0,0.0
2024-08-30 11:00:00+09:00,18860.0,18860.0,18750.0,18810.0,6258,0.0,0.0
2024-08-30 11:05:00+09:00,18830.0,18890.0,18810.0,18850.0,5611,0.0,0.0
2024-08-30 11:10:00+09:00,18820.0,18900.0,18810.0,18850.0,4074,0.0,0.0
2024-08-30 11:15:00+09:00,18850.0,18860.0,18840.0,18850.0,2051,0.0,0.0
2024-08-30 11:20:00+09:00,18850.0,18850.0,18820.0,18840.0,2216,0.0,0.0
2024-08-30 11:25:00+09:00,18840.0,18850.0,18790.0,18830.0,7628,0.0,0.0
2024-08-30 11:30:00+09:00,18830.0,18840.0,18830.0,18830.0,904,0.0,0.0
2024-08-30 11:35:00+09:00,18830.0,18840.0,18770.0,18780.0,6675,0.0,0.0
2024-08-30 11:40:00+09:00,18780.0,18810.0,18770.0,18790.0,5913,0.0,0.0
2024-08-30 11:45:00+09:00,18790.0,18790.0,18780.0,18780.0,1248,0.0,0.0
2024-08-30 11:50:00+09:00,18780.0,18780.0,18550.0,18610.0,34229,0.0,0.0
2024-08-30 11:55:00+09:00,18600.0,18640.0,18590.0,18640.0,3353,0.0,0.0
2024-08-30 12:00:00+09:00,18640.0,18650.0,18640.0,18640.0,858,0.0,0.0
2024-08-30 12:05:00+09:00,18650.0,18650.0,18630.0,18630.0,1958,0.0,0.0
2024-08-30 12:10:00+09:00,18630.0,18640.0,18560.0,18580.0,19057,0.0,0.0
2024-08-30 12:15:00+09:00,18580.0,18580.0,18560.0,18570.0,6334,0.0,0.0
2024-08-30 12:20:00+09:00,18580.0,18600.0,18570.0,18600.0,3124,0.0,0.0
2024-08-30 12:25:00+09:00,18600.0,18620.0,18580.0,18580.0,5672,0.0,0.0
2024-08-30 12:30:00+09:00,18580.0,18590.0,18570.0,18590.0,3928,0.0,0.0
2024-08-30 12:35:00+09:00,18590.0,18620.0,18590.0,18610.0,1346,0.0,0.0
2024-08-30 12:40:00+09:00,18620.0,18620.0,18610.0,18620.0,923,0.0,0.0
2024-08-30 12:45:00+09:00,18620.0,18630.0,18610.0,18630.0,2514,0.0,0.0
2024-08-30 12:50:00+09:00,18620.0,18640.0,18620.0,18640.0,585,0.0,0.0
2024-08-30 12:55:00+09:00,18640.0,18640.0,18630.0,18640.0,205,0.0,0.0
2024-08-30 13:00:00+09:00,18640.0,18710.0,18640.0,18710.0,6509,0.0,0.0
2024-08-30 13:05:00+09:00,18670.0,18760.0,18650.0,18660.0,12341,0.0,0.0
2024-08-30 13:10:00+09:00,18650.0,18660.0,18620.0,18620.0,3835,0.0,0.0
2024-08-30 13:15:00+09:00,18620.0,18620.0,18600.0,18600.0,2440,0.0,0.0
2024-08-30 13:20:00+09:00,18600.0,18610.0,18580.0,18590.0,4375,0.0,0.0
2024-08-30 13:25:00+09:00,18590.0,18590.0,18580.0,18580.0,1476,0.0,0.0
2024-08-30 13:30:00+09:00,18580.0,18600.0,18580.0,18600.0,2090,0.0,0.0
2024-08-30 13:35:00+09:00,18600.0,18620.0,18600.0,18600.0,1503,0.0,0.0
2024-08-30 13:40:00+09:00,18590.0,18600.0,18580.0,18580.0,1237,0.0,0.0
2024-08-30 13:45:00+09:00,18580.0,18580.0,18560.0,18570.0,3317,0.0,0.0
2024-08-30 13:50:00+09:00,18560.0,18590.0,18550.0,18590.0,3418,0.0,0.0
2024-08-30 13:55:00+09:00,18590.0,18590.0,18500.0,18500.0,14879,0.0,0.0
2024-08-30 14:00:00+09:00,18500.0,18510.0,18440.0,18450.0,15657,0.0,0.0
2024-08-30 14:05:00+09:00,18450.0,18520.0,18450.0,18520.0,4299,0.0,0.0
2024-08-30 14:10:00+09:00,18510.0,18590.0,18510.0,18580.0,3507,0.0,0.0
2024-08-30 14:15:00+09:00,18590.0,18590.0,18570.0,18590.0,1269,0.0,0.0
2024-08-30 14:20:00+09:00,18580.0,18600.0,18570.0,18580.0,1313,0.0,0.0
2024-08-30 14:25:00+09:00,18580.0,18600.0,18570.0,18600.0,1514,0.0,0.0
2024-08-30 14:30:00+09:00,18610.0,18610.0,18550.0,18560.0,4434,0.0,0.0
2024-08-30 14:35:00+09:00,18560.0,18580.0,18540.0,18580.0,2531,0.0,0.0
2024-08-30 14:40:00+09:00,18580.0,18640.0,18580.0,18610.0,4222,0.0,0.0
2024-08-30 14:45:00+09:00,18600.0,18600.0,18540.0,18540.0,4735,0.0,0.0
2024-08-30 14:50:00+09:00,18550.0,18570.0,18520.0,18520.0,4858,0.0,0.0
2024-08-30 14:55:00+09:00,18520.0,18560.0,18510.0,18530.0,10216,0.0,0.0
2024-09-02 09:00:00+09:00,18550.0,18760.0,18410.0,18730.0,0,0.0,0.0
2024-09-02 09:05:00+09:00,18730.0,18790.0,18600.0,18750.0,28245,0.0,0.0
2024-09-02 09:10:00+09:00,18750.0,18880.0,18700.0,18770.0,18727,0.0,0.0
2024-09-02 09:15:00+09:00,18770.0,18830.0,18700.0,18730.0,9047,0.0,0.0
2024-09-02 09:20:00+09:00,18720.0,18740.0,18610.0,18630.0,8910,0.0,0.0
2024-09-02 09:25:00+09:00,18630.0,18660.0,18600.0,18610.0,5644,0.0,0.0
2024-09-02 09:30:00+09:00,18620.0,18730.0,18610.0,18690.0,5247,0.0,0.0
2024-09-02 09:35:00+09:00,18690.0,18690.0,18620.0,18670.0,3025,0.0,0.0
2024-09-02 09:40:00+09:00,18670.0,18780.0,18670.0,18730.0,7410,0.0,0.0
2024-09-02 09:45:00+09:00,18730.0,18840.0,18720.0,18840.0,6058,0.0,0.0
2024-09-02 09:50:00+09:00,18830.0,18840.0,18750.0,18760.0,4723,0.0,0.0
2024-09-02 09:55:00+09:00,18750.0,18900.0,18730.0,18860.0,13897,0.0,0.0
2024-09-02 10:00:00+09:00,18860.0,18920.0,18820.0,18900.0,7053,0.0,0.0
2024-09-02 10:05:00+09:00,18890.0,19030.0,18870.0,19020.0,20795,0.0,0.0
2024-09-02 10:10:00+09:00,19020.0,19060.0,19000.0,19000.0,13312,0.0,0.0
2024-09-02 10:15:00+09:00,19010.0,19060.0,18950.0,19060.0,4451,0.0,0.0
2024-09-02 10:20:00+09:00,19050.0,19110.0,19040.0,19100.0,14739,0.0,0.0
2024-09-02 10:25:00+09:00,19100.0,19140.0,19090.0,19130.0,4832,0.0,0.0
2024-09-02 10:30:00+09:00,19130.0,19150.0,19030.0,19030.0,6105,0.0,0.0
2024-09-02 10:35:00+09:00,19040.0,19100.0,18980.0,18990.0,4986,0.0,0.0
2024-09-02 10:40:00+09:00,18980.0,19050.0,18980.0,19000.0,2484,0.0,0.0
2024-09-02 10:45:00+09:00,19000.0,19030.0,18990.0,19010.0,1438,0.0,0.0
2024-09-02 10:50:00+09:00,19030.0,19060.0,19020.0,19060.0,2670,0.0,0.0
2024-09-02 10:55:00+09:00,19060.0,19070.0,19020.0,19030.0,2461,0.0,0.0
2024-09-02 11:00:00+09:00,19030.0,19030.0,18920.0,18920.0,4445,0.0,0.0
2024-09-02 11:05:00+09:00,18920.0,18930.0,18900.0,18930.0,2719,0.0,0.0
2024-09-02 11:10:00+09:00,18930.0,19040.0,18920.0,18990.0,6654,0.0,0.0
2024-09-02 11:15:00+09:00,18980.0,19060.0,18960.0,19050.0,2413,0.0,0.0
2024-09-02 11:20:00+09:00,19050.0,19050.0,19030.0,19050.0,1391,0.0,0.0
2024-09-02 11:25:00+09:00,19050.0,19050.0,19020.0,19050.0,1356,0.0,0.0
2024-09-02 11:30:00+09:00,19050.0,19060.0,18940.0,18960.0,1655,0.0,0.0
2024-09-02 11:35:00+09:00,18950.0,19030.0,18950.0,18990.0,748,0.0,0.0
2024-09-02 11:40:00+09:00,19010.0,19030.0,18990.0,19030.0,1309,0.0,0.0
2024-09-02 11:45:00+09:00,19030.0,19150.0,19030.0,19130.0,9209,0.0,0.0
2024-09-02 11:50:00+09:00,19130.0,19200.0,19130.0,19190.0,10212,0.0,0.0
2024-09-02 11:55:00+09:00,19180.0,19200.0,19170.0,19190.0,5822,0.0,0.0
2024-09-02 12:00:00+09:00,19190.0,19200.0,19130.0,19170.0,6307,0.0,0.0
2024-09-02 12:05:00+09:00,19180.0,19210.0,19170.0,19210.0,4605,0.0,0.0
2024-09-02 12:10:00+09:00,19210.0,19250.0,19200.0,19210.0,5060,0.0,0.0
2024-09-02 12:15:00+09:00,19200.0,19230.0,19200.0,19220.0,1291,0.0,0.0
2024-09-02 12:20:00+09:00,19220.0,19220.0,19190.0,19190.0,4202,0.0,0.0
2024-09-02 12:25:00+09:00,19210.0,19230.0,19190.0,19210.0,2886,0.0,0.0
2024-09-02 12:30:00+09:00,19190.0,19190.0,19160.0,19190.0,1395,0.0,0.0
2024-09-02 12:35:00+09:00,19180.0,19200.0,19110.0,19170.0,3516,0.0,0.0
2024-09-02 12:40:00+09:00,19170.0,19170.0,19110.0,19110.0,2356,0.0,0.0
2024-09-02 12:45:00+09:00,19110.0,19120.0,19100.0,19100.0,1220,0.0,0.0
2024-09-02 12:50:00+09:00,19100.0,19120.0,19100.0,19120.0,599,0.0,0.0
2024-09-02 12:55:00+09:00,19140.0,19180.0,19140.0,19170.0,617,0.0,0.0
2024-09-02 13:00:00+09:00,19180.0,19180.0,19150.0,19160.0,775,0.0,0.0
2024-09-02 13:05:00+09:00,19150.0,19150.0,19090.0,19140.0,1811,0.0,0.0
2024-09-02 13:10:00+09:00,19140.0,19150.0,19120.0,19140.0,1336,0.0,0.0
2024-09-02 13:15:00+09:00,19130.0,19140.0,19100.0,19140.0,1476,0.0,0.0
2024-09-02 13:20:00+09:00,19140.0,19150.0,19130.0,19150.0,871,0.0,0.0
2024-09-02 13:25:00+09:00,19150.0,19190.0,19150.0,19190.0,1163,0.0,0.0
2024-09-02 13:30:00+09:00,19190.0,19190.0,19170.0,19180.0,1243,0.0,0.0
2024-09-02 13:35:00+09:00,19170.0,19190.0,19160.0,19180.0,1441,0.0,0.0
2024-09-02 13:40:00+09:00,19180.0,19200.0,19170.0,19200.0,2687,0.0,0.0
2024-09-02 13:45:00+09:00,19210.0,19240.0,19210.0,19240.0,1524,0.0,0.0
2024-09-02 13:50:00+09:00,19240.0,19240.0,19190.0,19190.0,3620,0.0,0.0
2024-09-02 13:55:00+09:00,19180.0,19200.0,19170.0,19200.0,1276,0.0,0.0
2024-09-02 14:00:00+09:00,19200.0,19200.0,19110.0,19130.0,3051,0.0,0.0
2024-09-02 14:05:00+09:00,19130.0,19170.0,19120.0,19140.0,1496,0.0,0.0
2024-09-02 14:10:00+09:00,19130.0,19170.0,19130.0,19150.0,1074,0.0,0.0
2024-09-02 14:15:00+09:00,19150.0,19170.0,19130.0,19140.0,2206,0.0,0.0
2024-09-02 14:20:00+09:00,19140.0,19210.0,19130.0,19210.0,3598,0.0,0.0
2024-09-02 14:25:00+09:00,19220.0,19230.0,19190.0,19190.0,3253,0.0,0.0
2024-09-02 14:30:00+09:00,19190.0,19210.0,19170.0,19200.0,1891,0.0,0.0
2024-09-02 14:35:00+09:00,19200.0,19210.0,19190.0,19190.0,1322,0.0,0.0
2024-09-02 14:40:00+09:00,19190.0,19200.0,19140.0,19140.0,4046,0.0,0.0
2024-09-02 14:45:00+09:00,19150.0,19150.0,19130.0,19150.0,1999,0.0,0.0
2024-09-02 14:50:00+09:00,19150.0,19180.0,19140.0,19180.0,2432,0.0,0.0
2024-09-02 14:55:00+09:00,19180.0,19200.0,19170.0,19170.0,3838,0.0,0.0
2024-09-03 09:00:00+09:00,19160.0,19170.0,19000.0,19110.0,7799,0.0,0.0
2024-09-03 09:05:00+09:00,19110.0,19320.0,19100.0,19190.0,13163,0.0,0.0
2024-09-03 09:10:00+09:00,19190.0,19300.0,19190.0,19300.0,5953,0.0,0.0
2024-09-03 09:15:00+09:00,19300.0,19300.0,19210.0,19220.0,4246,0.0,0.0
2024-09-03 09:20:00+09:00,19220.0,19260.0,19220.0,19230.0,3350,0.0,0.0
2024-09-03 09:25:00+09:00,19240.0,19300.0,19240.0,19280.0,5001,0.0,0.0
2024-09-03 09:30:00+09:00,19270.0,19310.0,19260.0,19310.0,3124,0.0,0.0
2024-09-03 09:35:00+09:00,19310.0,19350.0,19300.0,19320.0,7510,0.0,0.0
2024-09-03 09:40:00+09:00,19330.0,19360.0,19320.0,19320.0,3766,0.0,0.0
2024-09-03 09:45:00+09:00,19320.0,19330.0,19280.0,19280.0,3290,0.0,0.0
2024-09-03 09:50:00+09:00,19280.0,19300.0,19230.0,19230.0,3682,0.0,0.0
2024-09-03 09:55:00+09:00,19260.0,19270.0,19220.0,19230.0,1493,0.0,0.0
2024-09-03 10:00:00+09:00,19220.0,19260.0,19210.0,19260.0,1543,0.0,0.0
2024-09-03 10:05:00+09:00,19250.0,19270.0,19200.0,19230.0,2639,0.0,0.0
2024-09-03 10:10:00+09:00,19230.0,19330.0,19230.0,19330.0,2486,0.0,0.0
2024-09-03 10:15:00+09:00,19340.0,19400.0,19330.0,19380.0,7187,0.0,0.0
2024-09-03 10:20:00+09:00,19370.0,19410.0,19360.0,19360.0,2786,0.0,0.0
2024-09-03 10:25:00+09:00,19370.0,19380.0,19310.0,19310.0,1461,0.0,0.0
2024-09-03 10:30:00+09:00,19310.0,19340.0,19250.0,19250.0,5319,0.0,0.0
2024-09-03 10:35:00+09:00,19270.0,19270.0,19240.0,19250.0,1857,0.0,0.0
2024-09-03 10:40:00+09:00,19250.0,19250.0,19240.0,19240.0,896,0.0,0.0
2024-09-03 10:45:00+09:00,19250.0,19250.0,19240.0,19240.0,620,0.0,0.0
2024-09-03 10:50:00+09:00,19240.0,19370.0,19240.0,19320.0,1934,0.0,0.0
2024-09-03 10:55:00+09:00,19310.0,19370.0,19300.0,19360.0,2096,0.0,0.0
2024-09-03 11:00:00+09:00,19340.0,19380.0,19270.0,19310.0,1413,0.0,0.0
2024-09-03 11:05:00+09:00,19300.0,19320.0,19290.0,19310.0,392,0.0,0.0
2024-09-03 11:10:00+09:00,19300.0,19320.0,19300.0,19310.0,705,0.0,0.0
2024-09-03 11:15:00+09:00,19310.0,19340.0,19310.0,19340.0,1222,0.0,0.0
2024-09-03 11:20:00+09:00,19340.0,19340.0,19310.0,19310.0,1468,0.0,0.0
2024-09-03 11:25:00+09:00,19300.0,19320.0,19270.0,19270.0,1096,0.0,0.0
2024-09-03 11:30:00+09:00,19270.0,19290.0,19240.0,19250.0,1347,0.0,0.0
2024-09-03 11:35:00+09:00,19250.0,19290.0,19230.0,19230.0,1110,0.0,0.0
2024-09-03 11:40:00+09:00,19230.0,19240.0,19200.0,19200.0,4223,0.0,0.0
2024-09-03 11:45:00+09:00,19200.0,19220.0,19140.0,19140.0,5541,0.0,0.0
2024-09-03 11:50:00+09:00,19140.0,19170.0,19140.0,19150.0,988,0.0,0.0
2024-09-03 11:55:00+09:00,19150.0,19160.0,19080.0,19080.0,7636,0.0,0.0
2024-09-03 12:00:00+09:00,19090.0,19160.0,19070.0,19140.0,3622,0.0,0.0
2024-09-03 12:05:00+09:00,19140.0,19140.0,19100.0,19110.0,992,0.0,0.0
2024-09-03 12:10:00+09:00,19110.0,19200.0,19090.0,19180.0,3991,0.0,0.0
2024-09-03 12:15:00+09:00,19170.0,19240.0,19140.0,19140.0,5334,0.0,0.0
2024-09-03 12:20:00+09:00,19120.0,19160.0,19090.0,19090.0,3213,0.0,0.0
2024-09-03 12:25:00+09:00,19080.0,19090.0,19020.0,19020.0,4639,0.0,0.0
2024-09-03 12:30:00+09:00,19010.0,19030.0,19000.0,19000.0,3407,0.0,0.0
2024-09-03 12:35:00+09:00,19020.0,19020.0,18920.0,18980.0,6860,0.0,0.0
2024-09-03 12:40:00+09:00,19000.0,19100.0,18990.0,19050.0,1285,0.0,0.0
2024-09-03 12:45:00+09:00,19060.0,19090.0,19000.0,19010.0,1838,0.0,0.0
2024-09-03 12:50:00+09:00,19000.0,19030.0,19000.0,19000.0,1146,0.0,0.0
2024-09-03 12:55:00+09:00,19010.0,19110.0,19010.0,19040.0,1109,0.0,0.0
2024-09-03 13:00:00+09:00,19050.0,19070.0,19030.0,19030.0,822,0.0,0.0
2024-09-03 13:05:00+09:00,19030.0,19040.0,19000.0,19010.0,1188,0.0,0.0
2024-09-03 13:10:00+09:00,19010.0,19110.0,19000.0,19020.0,2803,0.0,0.0
2024-09-03 13:15:00+09:00,19020.0,19110.0,19010.0,19010.0,2904,0.0,0.0
2024-09-03 13:20:00+09:00,19010.0,19030.0,18960.0,18960.0,2505,0.0,0.0
2024-09-03 13:25:00+09:00,18960.0,18970.0,18940.0,18960.0,1440,0.0,0.0
2024-09-03 13:30:00+09:00,18950.0,19050.0,18950.0,19030.0,3965,0.0,0.0
2024-09-03 13:35:00+09:00,19020.0,19070.0,19010.0,19030.0,1646,0.0,0.0
2024-09-03 13:40:00+09:00,19030.0,19060.0,18970.0,18970.0,1941,0.0,0.0
2024-09-03 13:45:00+09:00,18970.0,19000.0,18970.0,18980.0,979,0.0,0.0
2024-09-03 13:50:00+09:00,18970.0,19010.0,18970.0,18970.0,1998,0.0,0.0
2024-09-03 13:55:00+09:00,18980.0,19020.0,18970.0,19020.0,1057,0.0,0.0
2024-09-03 14:00:00+09:00,19020.0,19040.0,19000.0,19030.0,832,0.0,0.0
2024-09-03 14:05:00+09:00,19030.0,19030.0,18970.0,18970.0,1362,0.0,0.0
2024-09-03 14:10:00+09:00,18980.0,19070.0,18970.0,19030.0,3222,0.0,0.0
2024-09-03 14:15:00+09:00,19030.0,19030.0,19000.0,19010.0,1578,0.0,0.0
2024-09-03 14:20:00+09:00,19040.0,19040.0,18970.0,18970.0,1854,0.0,0.0
2024-09-03 14:25:00+09:00,18970.0,18980.0,18960.0,18960.0,988,0.0,0.0
2024-09-03 14:30:00+09:00,18970.0,19000.0,18960.0,18980.0,1153,0.0,0.0
2024-09-03 14:35:00+09:00,18990.0,19000.0,18970.0,18970.0,1928,0.0,0.0
2024-09-03 14:40:00+09:00,18970.0,18970.0,18950.0,18950.0,1148,0.0,0.0
2024-09-03 14:45:00+09:00,18950.0,18990.0,18920.0,18920.0,4214,0.0,0.0
2024-09-03 14:50:00+09:00,18910.0,18910.0,18870.0,18900.0,4576,0.0,0.0
2024-09-03 14:55:00+09:00,18900.0,18910.0,18840.0,18840.0,5442,0.0,0.0
2024-09-04 09:00:00+09:00,18200.0,18280.0,18090.0,18220.0,25240,0.0,0.0
2024-09-04 09:05:00+09:00,18220.0,18230.0,18110.0,18210.0,11044,0.0,0.0
2024-09-04 09:10:00+09:00,18180.0,18200.0,18040.0,18100.0,18156,0.0,0.0
2024-09-04 09:15:00+09:00,18100.0,18100.0,17810.0,17860.0,24227,0.0,0.0
2024-09-04 09:20:00+09:00,17850.0,17990.0,17840.0,17900.0,7748,0.0,0.0
2024-09-04 09:25:00+09:00,17890.0,17940.0,17870.0,17900.0,5574,0.0,0.0
2024-09-04 09:30:00+09:00,17900.0,17920.0,17870.0,17920.0,3962,0.0,0.0
2024-09-04 09:35:00+09:00,17930.0,17970.0,17900.0,17920.0,4617,0.0,0.0
2024-09-04 09:40:00+09:00,17900.0,17950.0,17900.0,17910.0,2856,0.0,0.0
2024-09-04 09:45:00+09:00,17910.0,17970.0,17890.0,17970.0,11554,0.0,0.0
2024-09-04 09:50:00+09:00,17970.0,17990.0,17890.0,17920.0,5318,0.0,0.0
2024-09-04 09:55:00+09:00,17920.0,17950.0,17900.0,17910.0,4332,0.0,0.0
2024-09-04 10:00:00+09:00,17920.0,17980.0,17890.0,17980.0,3078,0.0,0.0
2024-09-04 10:05:00+09:00,17970.0,18000.0,17930.0,17960.0,6196,0.0,0.0
2024-09-04 10:10:00+09:00,17970.0,17970.0,17930.0,17930.0,2990,0.0,0.0
2024-09-04 10:15:00+09:00,17930.0,18030.0,17920.0,17960.0,4452,0.0,0.0
2024-09-04 10:20:00+09:00,17960.0,18010.0,17950.0,17980.0,1151,0.0,0.0
2024-09-04 10:25:00+09:00,17970.0,18060.0,17960.0,18040.0,4342,0.0,0.0
2024-09-04 10:30:00+09:00,18050.0,18070.0,18020.0,18060.0,1953,0.0,0.0
2024-09-04 10:35:00+09:00,18060.0,18130.0,18040.0,18040.0,6420,0.0,0.0
2024-09-04 10:40:00+09:00,18050.0,18110.0,18050.0,18090.0,2124,0.0,0.0
2024-09-04 10:45:00+09:00,18090.0,18160.0,18060.0,18110.0,2850,0.0,0.0
2024-09-04 10:50:00+09:00,18110.0,18130.0,18060.0,18060.0,1206,0.0,0.0
2024-09-04 10:55:00+09:00,18060.0,18080.0,18060.0,18060.0,1630,0.0,0.0
2024-09-04 11:00:00+09:00,18060.0,18070.0,18030.0,18040.0,3701,0.0,0.0
2024-09-04 11:05:00+09:00,18040.0,18070.0,18030.0,18050.0,629,0.0,0.0
2024-09-04 11:10:00+09:00,18050.0,18060.0,18020.0,18030.0,873,0.0,0.0
2024-09-04 11:15:00+09:00,18040.0,18050.0,18030.0,18040.0,1080,0.0,0.0
2024-09-04 11:20:00+09:00,18040.0,18070.0,18020.0,18060.0,1047,0.0,0.0
2024-09-04 11:25:00+09:00,18070.0,18070.0,18050.0,18070.0,505,0.0,0.0
2024-09-04 11:30:00+09:00,18070.0,18070.0,18050.0,18050.0,594,0.0,0.0
2024-09-04 11:35:00+09:00,18050.0,18060.0,18030.0,18030.0,2588,0.0,0.0
2024-09-04 11:40:00+09:00,18050.0,18050.0,18030.0,18050.0,907,0.0,0.0
2024-09-04 11:45:00+09:00,18050.0,18060.0,18030.0,18030.0,1005,0.0,0.0
2024-09-04 11:50:00+09:00,18030.0,18040.0,18020.0,18030.0,1182,0.0,0.0
2024-09-04 11:55:00+09:00,18030.0,18050.0,18010.0,18020.0,1209,0.0,0.0
2024-09-04 12:00:00+09:00,18020.0,18040.0,18010.0,18030.0,821,0.0,0.0
2024-09-04 12:05:00+09:00,18030.0,18040.0,18020.0,18040.0,1869,0.0,0.0
2024-09-04 12:10:00+09:00,18040.0,18050.0,18000.0,18020.0,2481,0.0,0.0
2024-09-04 12:15:00+09:00,18020.0,18020.0,18000.0,18020.0,3201,0.0,0.0
2024-09-04 12:20:00+09:00,18020.0,18030.0,18010.0,18020.0,1699,0.0,0.0
2024-09-04 12:25:00+09:00,18020.0,18020.0,18000.0,18010.0,2040,0.0,0.0
2024-09-04 12:30:00+09:00,18010.0,18010.0,17990.0,18000.0,2288,0.0,0.0
2024-09-04 12:35:00+09:00,18010.0,18010.0,17980.0,17980.0,2604,0.0,0.0
2024-09-04 12:40:00+09:00,17980.0,18010.0,17980.0,17990.0,1357,0.0,0.0
2024-09-04 12:45:00+09:00,18000.0,18020.0,17990.0,18000.0,2276,0.0,0.0
2024-09-04 12:50:00+09:00,18000.0,18000.0,17970.0,17980.0,2710,0.0,0.0
2024-09-04 12:55:00+09:00,17980.0,18000.0,17930.0,17970.0,5755,0.0,0.0
2024-09-04 13:00:00+09:00,17970.0,18070.0,17970.0,18060.0,3271,0.0,0.0
2024-09-04 13:05:00+09:00,18060.0,18200.0,18060.0,18130.0,5912,0.0,0.0
2024-09-04 13:10:00+09:00,18140.0,18160.0,18100.0,18110.0,2776,0.0,0.0
2024-09-04 13:15:00+09:00,18100.0,18100.0,18070.0,18080.0,1487,0.0,0.0
2024-09-04 13:20:00+09:00,18080.0,18130.0,18060.0,18080.0,1878,0.0,0.0
2024-09-04 13:25:00+09:00,18070.0,18120.0,18070.0,18080.0,1000,0.0,0.0
2024-09-04 13:30:00+09:00,18080.0,18080.0,18030.0,18030.0,1129,0.0,0.0
2024-09-04 13:35:00+09:00,18030.0,18050.0,18030.0,18040.0,1421,0.0,0.0
2024-09-04 13:40:00+09:00,18040.0,18050.0,18030.0,18040.0,1291,0.0,0.0
2024-09-04 13:45:00+09:00,18040.0,18050.0,18040.0,18050.0,660,0.0,0.0
2024-09-04 13:50:00+09:00,18050.0,18050.0,18010.0,18010.0,2865,0.0,0.0
2024-09-04 13:55:00+09:00,18010.0,18010.0,17930.0,17940.0,4255,0.0,0.0
2024-09-04 14:00:00+09:00,17950.0,17970.0,17940.0,17940.0,991,0.0,0.0
2024-09-04 14:05:00+09:00,17940.0,17940.0,17920.0,17920.0,3185,0.0,0.0
2024-09-04 14:10:00+09:00,17920.0,17940.0,17910.0,17910.0,1937,0.0,0.0
2024-09-04 14:15:00+09:00,17920.0,18000.0,17920.0,17980.0,3013,0.0,0.0
2024-09-04 14:20:00+09:00,17980.0,17980.0,17930.0,17930.0,2322,0.0,0.0
2024-09-04 14:25:00+09:00,17930.0,18040.0,17930.0,18000.0,3143,0.0,0.0
2024-09-04 14:30:00+09:00,17990.0,17990.0,17950.0,17950.0,2598,0.0,0.0
2024-09-04 14:35:00+09:00,17950.0,17960.0,17930.0,17940.0,4035,0.0,0.0
2024-09-04 14:40:00+09:00,17940.0,18000.0,17930.0,17960.0,1596,0.0,0.0
2024-09-04 14:45:00+09:00,17950.0,17970.0,17940.0,17940.0,1926,0.0,0.0
2024-09-04 14:50:00+09:00,17940.0,17960.0,17930.0,17930.0,2215,0.0,0.0
2024-09-04 14:55:00+09:00,17930.0,17960.0,17920.0,17940.0,3022,0.0,0.0
2024-09-05 09:00:00+09:00,18220.0,19230.0,18220.0,19150.0,69228,0.0,0.0
2024-09-05 09:05:00+09:00,19070.0,19400.0,19000.0,19250.0,103279,0.0,0.0
2024-09-05 09:10:00+09:00,19270.0,19700.0,19200.0,19630.0,142358,0.0,0.0
2024-09-05 09:15:00+09:00,19650.0,19940.0,19400.0,19450.0,130047,0.0,0.0
2024-09-05 09:20:00+09:00,19460.0,19580.0,19320.0,19410.0,47131,0.0,0.0
2024-09-05 09:25:00+09:00,19400.0,19590.0,19390.0,19550.0,31930,0.0,0.0
2024-09-05 09:30:00+09:00,19560.0,19690.0,19430.0,19450.0,38867,0.0,0.0
2024-09-05 09:35:00+09:00,19480.0,19630.0,19430.0,19550.0,13273,0.0,0.0
2024-09-05 09:40:00+09:00,19550.0,19630.0,19430.0,19490.0,16066,0.0,0.0
2024-09-05 09:45:00+09:00,19500.0,19500.0,19380.0,19440.0,15426,0.0,0.0
2024-09-05 09:50:00+09:00,19430.0,19430.0,19270.0,19320.0,18587,0.0,0.0
2024-09-05 09:55:00+09:00,19330.0,19370.0,19250.0,19300.0,12472,0.0,0.0
2024-09-05 10:00:00+09:00,19300.0,19420.0,19200.0,19420.0,22724,0.0,0.0
2024-09-05 10:05:00+09:00,19420.0,19550.0,19330.0,19330.0,16861,0.0,0.0
2024-09-05 10:10:00+09:00,19330.0,19400.0,19110.0,19130.0,14947,0.0,0.0
2024-09-05 10:15:00+09:00,19110.0,19160.0,19070.0,19140.0,20020,0.0,0.0
2024-09-05 10:20:00+09:00,19110.0,19220.0,19090.0,19200.0,13600,0.0,0.0
2024-09-05 10:25:00+09:00,19210.0,19290.0,19200.0,19240.0,7833,0.0,0.0
2024-09-05 10:30:00+09:00,19240.0,19300.0,19220.0,19230.0,4855,0.0,0.0
2024-09-05 10:35:00+09:00,19230.0,19330.0,19210.0,19330.0,6125,0.0,0.0
2024-09-05 10:40:00+09:00,19330.0,19340.0,19250.0,19260.0,3582,0.0,0.0
2024-09-05 10:45:00+09:00,19250.0,19250.0,19170.0,19190.0,3976,0.0,0.0
2024-09-05 10:50:00+09:00,19180.0,19180.0,19030.0,19070.0,18312,0.0,0.0
2024-09-05 10:55:00+09:00,19070.0,19090.0,18960.0,18970.0,13008,0.0,0.0
2024-09-05 11:00:00+09:00,18970.0,19020.0,18890.0,18900.0,21669,0.0,0.0
2024-09-05 11:05:00+09:00,18890.0,18900.0,18790.0,18800.0,10606,0.0,0.0
2024-09-05 11:10:00+09:00,18800.0,18910.0,18800.0,18860.0,7759,0.0,0.0
2024-09-05 11:15:00+09:00,18850.0,18860.0,18770.0,18770.0,4965,0.0,0.0
2024-09-05 11:20:00+09:00,18770.0,18860.0,18730.0,18730.0,8537,0.0,0.0
2024-09-05 11:25:00+09:00,18730.0,18780.0,18720.0,18740.0,4771,0.0,0.0
2024-09-05 11:30:00+09:00,18730.0,18910.0,18730.0,18880.0,7060,0.0,0.0
2024-09-05 11:35:00+09:00,18890.0,18930.0,18810.0,18920.0,3600,0.0,0.0
2024-09-05 11:40:00+09:00,18910.0,18930.0,18830.0,18890.0,4666,0.0,0.0
2024-09-05 11:45:00+09:00,18900.0,18900.0,18880.0,18890.0,1445,0.0,0.0
2024-09-05 11:50:00+09:00,18890.0,18900.0,18850.0,18880.0,2012,0.0,0.0
2024-09-05 11:55:00+09:00,18870.0,18950.0,18850.0,18930.0,4380,0.0,0.0
2024-09-05 12:00:00+09:00,18910.0,18910.0,18860.0,18890.0,2732,0.0,0.0
2024-09-05 12:05:00+09:00,18900.0,19000.0,18860.0,18890.0,10979,0.0,0.0
2024-09-05 12:10:00+09:00,18890.0,19000.0,18870.0,18980.0,3739,0.0,0.0
2024-09-05 12:15:00+09:00,18970.0,19040.0,18950.0,18950.0,4166,0.0,0.0
2024-09-05 12:20:00+09:00,18970.0,19010.0,18920.0,18990.0,2514,0.0,0.0
2024-09-05 12:25:00+09:00,19010.0,19010.0,18870.0,18900.0,5305,0.0,0.0
2024-09-05 12:30:00+09:00,18890.0,18900.0,18820.0,18850.0,7229,0.0,0.0
2024-09-05 12:35:00+09:00,18880.0,18890.0,18750.0,18770.0,6606,0.0,0.0
2024-09-05 12:40:00+09:00,18780.0,18870.0,18750.0,18850.0,5609,0.0,0.0
2024-09-05 12:45:00+09:00,18850.0,18850.0,18740.0,18760.0,5006,0.0,0.0
2024-09-05 12:50:00+09:00,18740.0,18810.0,18730.0,18770.0,3703,0.0,0.0
2024-09-05 12:55:00+09:00,18760.0,18800.0,18710.0,18710.0,6029,0.0,0.0
2024-09-05 13:00:00+09:00,18720.0,18790.0,18700.0,18750.0,6204,0.0,0.0
2024-09-05 13:05:00+09:00,18750.0,18850.0,18740.0,18830.0,5116,0.0,0.0
2024-09-05 13:10:00+09:00,18830.0,18840.0,18790.0,18830.0,4513,0.0,0.0
2024-09-05 13:15:00+09:00,18820.0,18920.0,18820.0,18850.0,6765,0.0,0.0
2024-09-05 13:20:00+09:00,18840.0,18880.0,18810.0,18830.0,1960,0.0,0.0
2024-09-05 13:25:00+09:00,18820.0,18820.0,18750.0,18750.0,1904,0.0,0.0
2024-09-05 13:30:00+09:00,18750.0,18770.0,18700.0,18720.0,3540,0.0,0.0
2024-09-05 13:35:00+09:00,18720.0,18780.0,18700.0,18780.0,2353,0.0,0.0
2024-09-05 13:40:00+09:00,18760.0,18760.0,18670.0,18670.0,3425,0.0,0.0
2024-09-05 13:45:00+09:00,18670.0,18700.0,18660.0,18670.0,4269,0.0,0.0
2024-09-05 13:50:00+09:00,18680.0,18760.0,18680.0,18710.0,1456,0.0,0.0
2024-09-05 13:55:00+09:00,18700.0,18730.0,18660.0,18660.0,1003,0.0,0.0
2024-09-05 14:00:00+09:00,18650.0,18660.0,18520.0,18550.0,11252,0.0,0.0
2024-09-05 14:05:00+09:00,18540.0,18630.0,18490.0,18620.0,7918,0.0,0.0
2024-09-05 14:10:00+09:00,18600.0,18760.0,18590.0,18730.0,2823,0.0,0.0
2024-09-05 14:15:00+09:00,18750.0,18760.0,18600.0,18630.0,3433,0.0,0.0
2024-09-05 14:20:00+09:00,18660.0,18670.0,18590.0,18610.0,1562,0.0,0.0
2024-09-05 14:25:00+09:00,18610.0,18670.0,18590.0,18670.0,1231,0.0,0.0
2024-09-05 14:30:00+09:00,18670.0,18740.0,18650.0,18740.0,2940,0.0,0.0
2024-09-05 14:35:00+09:00,18740.0,18950.0,18730.0,18880.0,7478,0.0,0.0
2024-09-05 14:40:00+09:00,18900.0,18900.0,18750.0,18750.0,4786,0.0,0.0
2024-09-05 14:45:00+09:00,18750.0,18780.0,18720.0,18770.0,3232,0.0,0.0
2024-09-05 14:50:00+09:00,18780.0,18800.0,18720.0,18800.0,2488,0.0,0.0
2024-09-05 14:55:00+09:00,18800.0,18810.0,18730.0,18740.0,3399,0.0,0.0
2024-09-06 09:00:00+09:00,18790.0,18850.0,18570.0,18640.0,13297,0.0,0.0
2024-09-06 09:05:00+09:00,18640.0,18680.0,18410.0,18430.0,15688,0.0,0.0
2024-09-06 09:10:00+09:00,18430.0,18430.0,18240.0,18270.0,14552,0.0,0.0
2024-09-06 09:15:00+09:00,18270.0,18360.0,18180.0,18200.0,11885,0.0,0.0
2024-09-06 09:20:00+09:00,18200.0,18200.0,17990.0,18060.0,12687,0.0,0.0
2024-09-06 09:25:00+09:00,18050.0,18130.0,17910.0,17980.0,14674,0.0,0.0
2024-09-06 09:30:00+09:00,17970.0,18100.0,17820.0,17830.0,14222,0.0,0.0
2024-09-06 09:35:00+09:00,17850.0,17900.0,17810.0,17820.0,13435,0.0,0.0
2024-09-06 09:40:00+09:00,17840.0,17840.0,17660.0,17660.0,22887,0.0,0.0
2024-09-06 09:45:00+09:00,17650.0,17660.0,17560.0,17590.0,14027,0.0,0.0
2024-09-06 09:50:00+09:00,17590.0,17780.0,17590.0,17690.0,10297,0.0,0.0
2024-09-06 09:55:00+09:00,17690.0,17730.0,17650.0,17680.0,8426,0.0,0.0
2024-09-06 10:00:00+09:00,17680.0,17680.0,17510.0,17510.0,20649,0.0,0.0
2024-09-06 10:05:00+09:00,17510.0,17540.0,17400.0,17460.0,16301,0.0,0.0
2024-09-06 10:10:00+09:00,17450.0,17540.0,17420.0,17510.0,8560,0.0,0.0
2024-09-06 10:15:00+09:00,17520.0,17530.0,17430.0,17530.0,3647,0.0,0.0
2024-09-06 10:20:00+09:00,17540.0,17600.0,17480.0,17550.0,8081,0.0,0.0
2024-09-06 10:25:00+09:00,17540.0,17620.0,17510.0,17570.0,4105,0.0,0.0
2024-09-06 10:30:00+09:00,17570.0,17600.0,17520.0,17580.0,9022,0.0,0.0
2024-09-06 10:35:00+09:00,17580.0,17640.0,17530.0,17620.0,6405,0.0,0.0
2024-09-06 10:40:00+09:00,17620.0,17710.0,17620.0,17690.0,7578,0.0,0.0
2024-09-06 10:45:00+09:00,17700.0,17700.0,17660.0,17680.0,5843,0.0,0.0
2024-09-06 10:50:00+09:00,17680.0,17690.0,17630.0,17670.0,4788,0.0,0.0
2024-09-06 10:55:00+09:00,17660.0,17690.0,17620.0,17650.0,12184,0.0,0.0
2024-09-06 11:00:00+09:00,17650.0,17730.0,17610.0,17710.0,4198,0.0,0.0
2024-09-06 11:05:00+09:00,17710.0,17710.0,17620.0,17620.0,3439,0.0,0.0
2024-09-06 11:10:00+09:00,17610.0,17620.0,17510.0,17520.0,16779,0.0,0.0
2024-09-06 11:15:00+09:00,17530.0,17590.0,17520.0,17590.0,3954,0.0,0.0
2024-09-06 11:20:00+09:00,17580.0,17640.0,17540.0,17610.0,3996,0.0,0.0
2024-09-06 11:25:00+09:00,17600.0,17620.0,17560.0,17570.0,2854,0.0,0.0
2024-09-06 11:30:00+09:00,17570.0,17570.0,17540.0,17570.0,3606,0.0,0.0
2024-09-06 11:35:00+09:00,17560.0,17560.0,17500.0,17500.0,6193,0.0,0.0
2024-09-06 11:40:00+09:00,17510.0,17510.0,17500.0,17510.0,1687,0.0,0.0
2024-09-06 11:45:00+09:00,17500.0,17520.0,17500.0,17520.0,3527,0.0,0.0
2024-09-06 11:50:00+09:00,17520.0,17530.0,17520.0,17520.0,1456,0.0,0.0
2024-09-06 11:55:00+09:00,17510.0,17520.0,17490.0,17490.0,6508,0.0,0.0
2024-09-06 12:00:00+09:00,17480.0,17510.0,17480.0,17500.0,2402,0.0,0.0
2024-09-06 12:05:00+09:00,17510.0,17590.0,17510.0,17570.0,3435,0.0,0.0
2024-09-06 12:10:00+09:00,17570.0,17570.0,17540.0,17550.0,1122,0.0,0.0
2024-09-06 12:15:00+09:00,17550.0,17580.0,17540.0,17550.0,3933,0.0,0.0
2024-09-06 12:20:00+09:00,17550.0,17550.0,17500.0,17500.0,2275,0.0,0.0
2024-09-06 12:25:00+09:00,17510.0,17550.0,17510.0,17520.0,2931,0.0,0.0
2024-09-06 12:30:00+09:00,17520.0,17540.0,17500.0,17510.0,2077,0.0,0.0
2024-09-06 12:35:00+09:00,17510.0,17530.0,17500.0,17500.0,3315,0.0,0.0
2024-09-06 12:40:00+09:00,17500.0,17530.0,17480.0,17520.0,4293,0.0,0.0
2024-09-06 12:45:00+09:00,17520.0,17570.0,17520.0,17520.0,3548,0.0,0.0
2024-09-06 12:50:00+09:00,17520.0,17530.0,17520.0,17530.0,1189,0.0,0.0
2024-09-06 12:55:00+09:00,17520.0,17540.0,17520.0,17540.0,1993,0.0,0.0
2024-09-06 13:00:00+09:00,17540.0,17550.0,17520.0,17520.0,7088,0.0,0.0
2024-09-06 13:05:00+09:00,17520.0,17520.0,17500.0,17510.0,2442,0.0,0.0
2024-09-06 13:10:00+09:00,17510.0,17530.0,17500.0,17520.0,2341,0.0,0.0
2024-09-06 13:15:00+09:00,17510.0,17540.0,17510.0,17540.0,2301,0.0,0.0
2024-09-06 13:20:00+09:00,17530.0,17550.0,17510.0,17530.0,2401,0.0,0.0
2024-09-06 13:25:00+09:00,17530.0,17530.0,17500.0,17510.0,4473,0.0,0.0
2024-09-06 13:30:00+09:00,17510.0,17510.0,17500.0,17500.0,2579,0.0,0.0
2024-09-06 13:35:00+09:00,17500.0,17500.0,17480.0,17480.0,6246,0.0,0.0
2024-09-06 13:40:00+09:00,17490.0,17490.0,17450.0,17450.0,6901,0.0,0.0
2024-09-06 13:45:00+09:00,17450.0,17480.0,17450.0,17450.0,7349,0.0,0.0
2024-09-06 13:50:00+09:00,17450.0,17460.0,17450.0,17460.0,2221,0.0,0.0
2024-09-06 13:55:00+09:00,17460.0,17470.0,17450.0,17470.0,2023,0.0,0.0
2024-09-06 14:00:00+09:00,17470.0,17470.0,17430.0,17430.0,7667,0.0,0.0
2024-09-06 14:05:00+09:00,17430.0,17430.0,17370.0,17380.0,11189,0.0,0.0
2024-09-06 14:10:00+09:00,17380.0,17410.0,17370.0,17410.0,3705,0.0,0.0
2024-09-06 14:15:00+09:00,17400.0,17410.0,17370.0,17380.0,4945,0.0,0.0
2024-09-06 14:20:00+09:00,17400.0,17410.0,17360.0,17370.0,2742,0.0,0.0
2024-09-06 14:25:00+09:00,17370.0,17400.0,17360.0,17390.0,2648,0.0,0.0
2024-09-06 14:30:00+09:00,17400.0,17420.0,17390.0,17400.0,1698,0.0,0.0
2024-09-06 14:35:00+09:00,17400.0,17400.0,17370.0,17370.0,5461,0.0,0.0
2024-09-06 14:40:00+09:00,17370.0,17380.0,17310.0,17320.0,11997,0.0,0.0
2024-09-06 14:45:00+09:00,17320.0,17410.0,17310.0,17380.0,6075,0.0,0.0
2024-09-06 14:50:00+09:00,17380.0,17410.0,17360.0,17410.0,4012,0.0,0.0
2024-09-06 14:55:00+09:00,17410.0,17410.0,17340.0,17350.0,6038,0.0,0.0
2024-09-09 09:00:00+09:00,16830.0,17170.0,16810.0,16990.0,0,0.0,0.0
2024-09-09 09:05:00+09:00,16960.0,17190.0,16940.0,17190.0,13896,0.0,0.0
2024-09-09 09:10:00+09:00,17190.0,17290.0,17160.0,17290.0,10260,0.0,0.0
2024-09-09 09:15:00+09:00,17290.0,17420.0,17250.0,17400.0,7436,0.0,0.0
2024-09-09 09:20:00+09:00,17400.0,17550.0,17330.0,17550.0,8095,0.0,0.0
2024-09-09 09:25:00+09:00,17550.0,17670.0,17490.0,17670.0,13787,0.0,0.0
2024-09-09 09:30:00+09:00,17670.0,17770.0,17610.0,17680.0,17301,0.0,0.0
2024-09-09 09:35:00+09:00,17670.0,17720.0,17610.0,17710.0,5647,0.0,0.0
2024-09-09 09:40:00+09:00,17690.0,17720.0,17600.0,17620.0,2152,0.0,0.0
2024-09-09 09:45:00+09:00,17610.0,17620.0,17480.0,17480.0,4090,0.0,0.0
2024-09-09 09:50:00+09:00,17490.0,17610.0,17490.0,17550.0,8165,0.0,0.0
2024-09-09 09:55:00+09:00,17520.0,17520.0,17440.0,17440.0,2191,0.0,0.0
2024-09-09 10:00:00+09:00,17430.0,17560.0,17410.0,17560.0,8702,0.0,0.0
2024-09-09 10:05:00+09:00,17550.0,17630.0,17520.0,17550.0,4201,0.0,0.0
2024-09-09 10:10:00+09:00,17590.0,17640.0,17560.0,17630.0,3108,0.0,0.0
2024-09-09 10:15:00+09:00,17650.0,17650.0,17620.0,17650.0,1415,0.0,0.0
2024-09-09 10:20:00+09:00,17630.0,17700.0,17610.0,17670.0,3600,0.0,0.0
2024-09-09 10:25:00+09:00,17670.0,17740.0,17650.0,17700.0,8247,0.0,0.0
2024-09-09 10:30:00+09:00,17690.0,17770.0,17690.0,17760.0,8040,0.0,0.0
2024-09-09 10:35:00+09:00,17770.0,17780.0,17660.0,17670.0,4539,0.0,0.0
2024-09-09 10:40:00+09:00,17660.0,17730.0,17650.0,17700.0,3321,0.0,0.0
2024-09-09 10:45:00+09:00,17710.0,17770.0,17690.0,17770.0,1574,0.0,0.0
2024-09-09 10:50:00+09:00,17770.0,17840.0,17750.0,17830.0,8786,0.0,0.0
2024-09-09 10:55:00+09:00,17850.0,17850.0,17750.0,17800.0,2369,0.0,0.0
2024-09-09 11:00:00+09:00,17800.0,17800.0,17730.0,17740.0,879,0.0,0.0
2024-09-09 11:05:00+09:00,17730.0,17790.0,17730.0,17770.0,1158,0.0,0.0
2024-09-09 11:10:00+09:00,17780.0,17780.0,17740.0,17770.0,1283,0.0,0.0
2024-09-09 11:15:00+09:00,17770.0,17810.0,17720.0,17750.0,2437,0.0,0.0
2024-09-09 11:20:00+09:00,17750.0,17750.0,17720.0,17730.0,3056,0.0,0.0
2024-09-09 11:25:00+09:00,17730.0,17770.0,17730.0,17750.0,1040,0.0,0.0
2024-09-09 11:30:00+09:00,17740.0,17780.0,17710.0,17780.0,362,0.0,0.0
2024-09-09 11:35:00+09:00,17780.0,17780.0,17740.0,17740.0,852,0.0,0.0
2024-09-09 11:40:00+09:00,17740.0,17760.0,17740.0,17750.0,1164,0.0,0.0
2024-09-09 11:45:00+09:00,17750.0,17780.0,17750.0,17770.0,1294,0.0,0.0
2024-09-09 11:50:00+09:00,17780.0,17810.0,17750.0,17810.0,1586,0.0,0.0
2024-09-09 11:55:00+09:00,17790.0,17880.0,17790.0,17880.0,5401,0.0,0.0
2024-09-09 12:00:00+09:00,17890.0,17890.0,17820.0,17820.0,1660,0.0,0.0
2024-09-09 12:05:00+09:00,17830.0,17830.0,17810.0,17820.0,503,0.0,0.0
2024-09-09 12:10:00+09:00,17830.0,17870.0,17820.0,17840.0,1225,0.0,0.0
2024-09-09 12:15:00+09:00,17840.0,17880.0,17830.0,17870.0,883,0.0,0.0
2024-09-09 12:20:00+09:00,17870.0,17880.0,17860.0,17870.0,652,0.0,0.0
2024-09-09 12:25:00+09:00,17870.0,17890.0,17830.0,17830.0,3712,0.0,0.0
2024-09-09 12:30:00+09:00,17830.0,17850.0,17810.0,17840.0,798,0.0,0.0
2024-09-09 12:35:00+09:00,17840.0,17870.0,17840.0,17850.0,523,0.0,0.0
2024-09-09 12:40:00+09:00,17860.0,17890.0,17860.0,17860.0,2501,0.0,0.0
2024-09-09 12:45:00+09:00,17860.0,17860.0,17810.0,17820.0,2172,0.0,0.0
2024-09-09 12:50:00+09:00,17820.0,17870.0,17820.0,17860.0,926,0.0,0.0
2024-09-09 12:55:00+09:00,17860.0,17860.0,17810.0,17850.0,503,0.0,0.0
2024-09-09 13:00:00+09:00,17850.0,17880.0,17840.0,17860.0,5305,0.0,0.0
2024-09-09 13:05:00+09:00,17860.0,17900.0,17840.0,17860.0,1835,0.0,0.0
2024-09-09 13:10:00+09:00,17870.0,17910.0,17870.0,17900.0,5481,0.0,0.0
2024-09-09 13:15:00+09:00,17900.0,17900.0,17870.0,17880.0,473,0.0,0.0
2024-09-09 13:20:00+09:00,17870.0,17890.0,17870.0,17870.0,1080,0.0,0.0
2024-09-09 13:25:00+09:00,17870.0,17970.0,17870.0,17970.0,4230,0.0,0.0
2024-09-09 13:30:00+09:00,17970.0,18150.0,17890.0,18070.0,33832,0.0,0.0
2024-09-09 13:35:00+09:00,18080.0,18110.0,18000.0,18100.0,7618,0.0,0.0
2024-09-09 13:40:00+09:00,18100.0,18120.0,18060.0,18120.0,3397,0.0,0.0
2024-09-09 13:45:00+09:00,18120.0,18220.0,18110.0,18210.0,10770,0.0,0.0
2024-09-09 13:50:00+09:00,18210.0,18210.0,18170.0,18190.0,2325,0.0,0.0
2024-09-09 13:55:00+09:00,18180.0,18220.0,18120.0,18180.0,3722,0.0,0.0
2024-09-09 14:00:00+09:00,18180.0,18220.0,18120.0,18150.0,5700,0.0,0.0
2024-09-09 14:05:00+09:00,18170.0,18270.0,18170.0,18270.0,7345,0.0,0.0
2024-09-09 14:10:00+09:00,18270.0,18320.0,18250.0,18280.0,6643,0.0,0.0
2024-09-09 14:15:00+09:00,18280.0,18280.0,18200.0,18240.0,2328,0.0,0.0
2024-09-09 14:20:00+09:00,18240.0,18270.0,18200.0,18230.0,2696,0.0,0.0
2024-09-09 14:25:00+09:00,18230.0,18240.0,18190.0,18200.0,3726,0.0,0.0
2024-09-09 14:30:00+09:00,18200.0,18260.0,18180.0,18240.0,3538,0.0,0.0
2024-09-09 14:35:00+09:00,18240.0,18260.0,18220.0,18250.0,2781,0.0,0.0
2024-09-09 14:40:00+09:00,18250.0,18250.0,18220.0,18220.0,1954,0.0,0.0
2024-09-09 14:45:00+09:00,18230.0,18250.0,18160.0,18250.0,6203,0.0,0.0
2024-09-09 14:50:00+09:00,18250.0,18270.0,18160.0,18240.0,5092,0.0,0.0
2024-09-09 14:55:00+09:00,18230.0,18270.0,18200.0,18210.0,2473,0.0,0.0
2024-09-10 09:00:00+09:00,18400.0,18400.0,18210.0,18210.0,13794,0.0,0.0
2024-09-10 09:05:00+09:00,18210.0,18220.0,18010.0,18030.0,23332,0.0,0.0
2024-09-10 09:10:00+09:00,18040.0,18140.0,17970.0,17990.0,12635,0.0,0.0
2024-09-10 09:15:00+09:00,17990.0,18050.0,17980.0,17980.0,4378,0.0,0.0
2024-09-10 09:20:00+09:00,17980.0,18190.0,17960.0,18160.0,7359,0.0,0.0
2024-09-10 09:25:00+09:00,18160.0,18240.0,18070.0,18100.0,6328,0.0,0.0
2024-09-10 09:30:00+09:00,18130.0,18150.0,18010.0,18010.0,6189,0.0,0.0
2024-09-10 09:35:00+09:00,18010.0,18100.0,17970.0,18090.0,2089,0.0,0.0
2024-09-10 09:40:00+09:00,18090.0,18110.0,18020.0,18060.0,3043,0.0,0.0
2024-09-10 09:45:00+09:00,18060.0,18070.0,18010.0,18050.0,2254,0.0,0.0
2024-09-10 09:50:00+09:00,18050.0,18050.0,18020.0,18030.0,2769,0.0,0.0
2024-09-10 09:55:00+09:00,18040.0,18060.0,17970.0,18030.0,10192,0.0,0.0
2024-09-10 10:00:00+09:00,18040.0,18040.0,17930.0,17950.0,10881,0.0,0.0
2024-09-10 10:05:00+09:00,17940.0,17940.0,17820.0,17850.0,10176,0.0,0.0
2024-09-10 10:10:00+09:00,17850.0,17850.0,17790.0,17790.0,6532,0.0,0.0
2024-09-10 10:15:00+09:00,17790.0,17820.0,17780.0,17810.0,3620,0.0,0.0
2024-09-10 10:20:00+09:00,17810.0,17880.0,17810.0,17880.0,2361,0.0,0.0
2024-09-10 10:25:00+09:00,17880.0,17950.0,17880.0,17910.0,2537,0.0,0.0
2024-09-10 10:30:00+09:00,17930.0,17930.0,17800.0,17830.0,8235,0.0,0.0
2024-09-10 10:35:00+09:00,17840.0,17900.0,17830.0,17850.0,2399,0.0,0.0
2024-09-10 10:40:00+09:00,17870.0,17890.0,17860.0,17870.0,969,0.0,0.0
2024-09-10 10:45:00+09:00,17870.0,17900.0,17870.0,17900.0,579,0.0,0.0
2024-09-10 10:50:00+09:00,17890.0,17890.0,17810.0,17840.0,4022,0.0,0.0
2024-09-10 10:55:00+09:00,17830.0,17850.0,17820.0,17840.0,415,0.0,0.0
2024-09-10 11:00:00+09:00,17840.0,17870.0,17750.0,17750.0,8049,0.0,0.0
2024-09-10 11:05:00+09:00,17750.0,17800.0,17750.0,17750.0,2523,0.0,0.0
2024-09-10 11:10:00+09:00,17750.0,17800.0,17740.0,17740.0,1936,0.0,0.0
2024-09-10 11:15:00+09:00,17740.0,17760.0,17720.0,17740.0,2289,0.0,0.0
2024-09-10 11:20:00+09:00,17730.0,17740.0,17680.0,17710.0,4641,0.0,0.0
2024-09-10 11:25:00+09:00,17720.0,17730.0,17640.0,17660.0,4273,0.0,0.0
2024-09-10 11:30:00+09:00,17660.0,17740.0,17660.0,17730.0,789,0.0,0.0
2024-09-10 11:35:00+09:00,17710.0,17740.0,17710.0,17730.0,1792,0.0,0.0
2024-09-10 11:40:00+09:00,17730.0,17750.0,17730.0,17750.0,1357,0.0,0.0
2024-09-10 11:45:00+09:00,17760.0,17760.0,17730.0,17730.0,2222,0.0,0.0
2024-09-10 11:50:00+09:00,17740.0,17740.0,17690.0,17700.0,556,0.0,0.0
2024-09-10 11:55:00+09:00,17690.0,17720.0,17670.0,17720.0,844,0.0,0.0
2024-09-10 12:00:00+09:00,17710.0,17730.0,17700.0,17730.0,2225,0.0,0.0
2024-09-10 12:05:00+09:00,17730.0,17730.0,17660.0,17660.0,3102,0.0,0.0
2024-09-10 12:10:00+09:00,17670.0,17680.0,17650.0,17670.0,680,0.0,0.0
2024-09-10 12:15:00+09:00,17670.0,17720.0,17650.0,17720.0,290,0.0,0.0
2024-09-10 12:20:00+09:00,17720.0,17730.0,17650.0,17650.0,4637,0.0,0.0
2024-09-10 12:25:00+09:00,17640.0,17720.0,17640.0,17720.0,1462,0.0,0.0
2024-09-10 12:30:00+09:00,17720.0,17780.0,17720.0,17780.0,634,0.0,0.0
2024-09-10 12:35:00+09:00,17780.0,17790.0,17730.0,17780.0,1034,0.0,0.0
2024-09-10 12:40:00+09:00,17780.0,17780.0,17730.0,17740.0,639,0.0,0.0
2024-09-10 12:45:00+09:00,17730.0,17970.0,17730.0,17800.0,3722,0.0,0.0
2024-09-10 12:50:00+09:00,17800.0,17800.0,17740.0,17760.0,583,0.0,0.0
2024-09-10 12:55:00+09:00,17760.0,17840.0,17750.0,17800.0,1846,0.0,0.0
2024-09-10 13:00:00+09:00,17800.0,17800.0,17720.0,17750.0,3485,0.0,0.0
2024-09-10 13:05:00+09:00,17780.0,17790.0,17730.0,17780.0,385,0.0,0.0
2024-09-10 13:10:00+09:00,17780.0,17780.0,17720.0,17720.0,572,0.0,0.0
2024-09-10 13:15:00+09:00,17720.0,17790.0,17700.0,17770.0,1042,0.0,0.0
2024-09-10 13:20:00+09:00,17770.0,17770.0,17760.0,17770.0,19,0.0,0.0
2024-09-10 13:25:00+09:00,17770.0,17820.0,17760.0,17790.0,524,0.0,0.0
2024-09-10 13:30:00+09:00,17780.0,17780.0,17740.0,17760.0,571,0.0,0.0
2024-09-10 13:35:00+09:00,17760.0,17760.0,17730.0,17730.0,253,0.0,0.0
2024-09-10 13:40:00+09:00,17730.0,17730.0,17710.0,17710.0,756,0.0,0.0
2024-09-10 13:45:00+09:00,17710.0,17730.0,17700.0,17730.0,1022,0.0,0.0
2024-09-10 13:50:00+09:00,17750.0,17780.0,17740.0,17740.0,1018,0.0,0.0
2024-09-10 13:55:00+09:00,17740.0,17760.0,17740.0,17760.0,287,0.0,0.0
2024-09-10 14:00:00+09:00,17760.0,17760.0,17720.0,17740.0,964,0.0,0.0
2024-09-10 14:05:00+09:00,17730.0,17730.0,17710.0,17720.0,1317,0.0,0.0
2024-09-10 14:10:00+09:00,17720.0,17720.0,17700.0,17710.0,1381,0.0,0.0
2024-09-10 14:15:00+09:00,17710.0,17750.0,17710.0,17750.0,913,0.0,0.0
2024-09-10 14:20:00+09:00,17750.0,17790.0,17720.0,17720.0,1658,0.0,0.0
2024-09-10 14:25:00+09:00,17720.0,17770.0,17720.0,17770.0,294,0.0,0.0
2024-09-10 14:30:00+09:00,17770.0,17770.0,17730.0,17740.0,1838,0.0,0.0
2024-09-10 14:35:00+09:00,17730.0,17730.0,17670.0,17680.0,4385,0.0,0.0
2024-09-10 14:40:00+09:00,17680.0,17680.0,17660.0,17670.0,1378,0.0,0.0
2024-09-10 14:45:00+09:00,17660.0,17670.0,17660.0,17670.0,1346,0.0,0.0
2024-09-10 14:50:00+09:00,17670.0,17710.0,17650.0,17690.0,5640,0.0,0.0
2024-09-10 14:55:00+09:00,17680.0,17680.0,17650.0,17650.0,1966,0.0,0.0
2024-09-11 09:00:00+09:00,17700.0,17890.0,17700.0,17890.0,9435,0.0,0.0
2024-09-11 09:05:00+09:00,17880.0,17880.0,17800.0,17800.0,4481,0.0,0.0
2024-09-11 09:10:00+09:00,17800.0,17820.0,17670.0,17700.0,2986,0.0,0.0
2024-09-11 09:15:00+09:00,17730.0,17800.0,17710.0,17720.0,7656,0.0,0.0
2024-09-11 09:20:00+09:00,17720.0,17720.0,17660.0,17670.0,3550,0.0,0.0
2024-09-11 09:25:00+09:00,17670.0,17690.0,17620.0,17630.0,3420,0.0,0.0
2024-09-11 09:30:00+09:00,17620.0,17630.0,17590.0,17630.0,4377,0.0,0.0
2024-09-11 09:35:00+09:00,17650.0,17760.0,17650.0,17730.0,2681,0.0,0.0
2024-09-11 09:40:00+09:00,17730.0,17730.0,17690.0,17700.0,2161,0.0,0.0
2024-09-11 09:45:00+09:00,17700.0,17710.0,17650.0,17670.0,3080,0.0,0.0
2024-09-11 09:50:00+09:00,17690.0,17690.0,17660.0,17680.0,969,0.0,0.0
2024-09-11 09:55:00+09:00,17680.0,17740.0,17680.0,17700.0,4030,0.0,0.0
2024-09-11 10:00:00+09:00,17700.0,17720.0,17680.0,17680.0,2044,0.0,0.0
2024-09-11 10:05:00+09:00,17690.0,17700.0,17670.0,17680.0,1404,0.0,0.0
2024-09-11 10:10:00+09:00,17680.0,17680.0,17600.0,17680.0,5523,0.0,0.0
2024-09-11 10:15:00+09:00,17660.0,17700.0,17650.0,17690.0,2411,0.0,0.0
2024-09-11 10:20:00+09:00,17690.0,17690.0,17660.0,17670.0,973,0.0,0.0
2024-09-11 10:25:00+09:00,17670.0,17720.0,17630.0,17710.0,4429,0.0,0.0
2024-09-11 10:30:00+09:00,17710.0,17800.0,17640.0,17650.0,6501,0.0,0.0
2024-09-11 10:35:00+09:00,17650.0,17660.0,17600.0,17600.0,5780,0.0,0.0
2024-09-11 10:40:00+09:00,17610.0,17670.0,17610.0,17670.0,847,0.0,0.0
2024-09-11 10:45:00+09:00,17660.0,17730.0,17630.0,17630.0,1764,0.0,0.0
2024-09-11 10:50:00+09:00,17630.0,17700.0,17630.0,17690.0,941,0.0,0.0
2024-09-11 10:55:00+09:00,17670.0,17690.0,17640.0,17650.0,1331,0.0,0.0
2024-09-11 11:00:00+09:00,17650.0,17660.0,17610.0,17610.0,4054,0.0,0.0
2024-09-11 11:05:00+09:00,17610.0,17650.0,17610.0,17640.0,2113,0.0,0.0
2024-09-11 11:10:00+09:00,17640.0,17670.0,17640.0,17670.0,276,0.0,0.0
2024-09-11 11:15:00+09:00,17670.0,17690.0,17670.0,17670.0,1141,0.0,0.0
2024-09-11 11:20:00+09:00,17670.0,17700.0,17670.0,17700.0,259,0.0,0.0
2024-09-11 11:25:00+09:00,17700.0,17700.0,17670.0,17700.0,2107,0.0,0.0
2024-09-11 11:30:00+09:00,17710.0,17710.0,17680.0,17690.0,356,0.0,0.0
2024-09-11 11:35:00+09:00,17690.0,17800.0,17690.0,17770.0,2650,0.0,0.0
2024-09-11 11:40:00+09:00,17770.0,17770.0,17710.0,17720.0,599,0.0,0.0
2024-09-11 11:45:00+09:00,17720.0,17740.0,17720.0,17720.0,926,0.0,0.0
2024-09-11 11:50:00+09:00,17720.0,17720.0,17680.0,17680.0,1252,0.0,0.0
2024-09-11 11:55:00+09:00,17690.0,17690.0,17680.0,17680.0,866,0.0,0.0
2024-09-11 12:00:00+09:00,17680.0,17700.0,17680.0,17700.0,425,0.0,0.0
2024-09-11 12:05:00+09:00,17700.0,17700.0,17680.0,17690.0,206,0.0,0.0
2024-09-11 12:10:00+09:00,17680.0,17690.0,17640.0,17670.0,5727,0.0,0.0
2024-09-11 12:15:00+09:00,17670.0,17680.0,17650.0,17680.0,990,0.0,0.0
2024-09-11 12:20:00+09:00,17670.0,17700.0,17670.0,17700.0,855,0.0,0.0
2024-09-11 12:25:00+09:00,17680.0,17700.0,17680.0,17700.0,55,0.0,0.0
2024-09-11 12:30:00+09:00,17680.0,17690.0,17660.0,17670.0,3483,0.0,0.0
2024-09-11 12:35:00+09:00,17680.0,17700.0,17680.0,17680.0,897,0.0,0.0
2024-09-11 12:40:00+09:00,17680.0,17700.0,17670.0,17690.0,637,0.0,0.0
2024-09-11 12:45:00+09:00,17680.0,17700.0,17680.0,17690.0,1458,0.0,0.0
2024-09-11 12:50:00+09:00,17700.0,17710.0,17700.0,17700.0,1008,0.0,0.0
2024-09-11 12:55:00+09:00,17700.0,17720.0,17690.0,17690.0,973,0.0,0.0
2024-09-11 13:00:00+09:00,17680.0,17720.0,17680.0,17680.0,1278,0.0,0.0
2024-09-11 13:05:00+09:00,17680.0,17700.0,17670.0,17690.0,1223,0.0,0.0
2024-09-11 13:10:00+09:00,17700.0,17730.0,17670.0,17730.0,2774,0.0,0.0
2024-09-11 13:15:00+09:00,17720.0,17720.0,17670.0,17680.0,632,0.0,0.0
2024-09-11 13:20:00+09:00,17680.0,17680.0,17660.0,17670.0,3431,0.0,0.0
2024-09-11 13:25:00+09:00,17670.0,17720.0,17670.0,17700.0,2159,0.0,0.0
2024-09-11 13:30:00+09:00,17710.0,17790.0,17680.0,17790.0,2052,0.0,0.0
2024-09-11 13:35:00+09:00,17790.0,17790.0,17740.0,17760.0,1505,0.0,0.0
2024-09-11 13:40:00+09:00,17760.0,17760.0,17670.0,17680.0,5625,0.0,0.0
2024-09-11 13:45:00+09:00,17680.0,17730.0,17680.0,17690.0,2290,0.0,0.0
2024-09-11 13:50:00+09:00,17680.0,17690.0,17670.0,17690.0,1660,0.0,0.0
2024-09-11 13:55:00+09:00,17690.0,17700.0,17680.0,17700.0,860,0.0,0.0
2024-09-11 14:00:00+09:00,17700.0,17770.0,17690.0,17740.0,2982,0.0,0.0
2024-09-11 14:05:00+09:00,17740.0,17820.0,17740.0,17810.0,4765,0.0,0.0
2024-09-11 14:10:00+09:00,17810.0,17850.0,17790.0,17840.0,2307,0.0,0.0
2024-09-11 14:15:00+09:00,17840.0,17840.0,17810.0,17810.0,2011,0.0,0.0
2024-09-11 14:20:00+09:00,17800.0,17810.0,17730.0,17730.0,3141,0.0,0.0
2024-09-11 14:25:00+09:00,17740.0,17790.0,17670.0,17680.0,3667,0.0,0.0
2024-09-11 14:30:00+09:00,17680.0,17800.0,17680.0,17770.0,2724,0.0,0.0
2024-09-11 14:35:00+09:00,17770.0,17790.0,17720.0,17740.0,1991,0.0,0.0
2024-09-11 14:40:00+09:00,17730.0,17810.0,17730.0,17800.0,2076,0.0,0.0
2024-09-11 14:45:00+09:00,17800.0,17850.0,17800.0,17840.0,1941,0.0,0.0
2024-09-11 14:50:00+09:00,17840.0,17850.0,17770.0,17770.0,3042,0.0,0.0
2024-09-11 14:55:00+09:00,17770.0,17830.0,17760.0,17810.0,3104,0.0,0.0
2024-09-12 09:00:00+09:00,17990.0,18130.0,17910.0,18070.0,11262,0.0,0.0
2024-09-12 09:05:00+09:00,18070.0,18160.0,18050.0,18100.0,10936,0.0,0.0
2024-09-12 09:10:00+09:00,18110.0,18350.0,18110.0,18210.0,15769,0.0,0.0
2024-09-12 09:15:00+09:00,18180.0,18300.0,18180.0,18210.0,3893,0.0,0.0
2024-09-12 09:20:00+09:00,18210.0,18300.0,18190.0,18210.0,4189,0.0,0.0
2024-09-12 09:25:00+09:00,18210.0,18250.0,18190.0,18200.0,4365,0.0,0.0
2024-09-12 09:30:00+09:00,18200.0,18300.0,18200.0,18240.0,5837,0.0,0.0
2024-09-12 09:35:00+09:00,18240.0,18280.0,18230.0,18270.0,2391,0.0,0.0
2024-09-12 09:40:00+09:00,18280.0,18280.0,18170.0,18170.0,6310,0.0,0.0
2024-09-12 09:45:00+09:00,18170.0,18230.0,18150.0,18210.0,2446,0.0,0.0
2024-09-12 09:50:00+09:00,18210.0,18300.0,18210.0,18250.0,6648,0.0,0.0
2024-09-12 09:55:00+09:00,18250.0,18260.0,18190.0,18200.0,2180,0.0,0.0
2024-09-12 10:00:00+09:00,18210.0,18230.0,18110.0,18180.0,4087,0.0,0.0
2024-09-12 10:05:00+09:00,18180.0,18230.0,18170.0,18190.0,1560,0.0,0.0
2024-09-12 10:10:00+09:00,18190.0,18210.0,18130.0,18130.0,3014,0.0,0.0
2024-09-12 10:15:00+09:00,18140.0,18210.0,18140.0,18160.0,2765,0.0,0.0
2024-09-12 10:20:00+09:00,18150.0,18150.0,18100.0,18130.0,3198,0.0,0.0
2024-09-12 10:25:00+09:00,18140.0,18140.0,18110.0,18110.0,764,0.0,0.0
2024-09-12 10:30:00+09:00,18110.0,18130.0,18110.0,18120.0,355,0.0,0.0
2024-09-12 10:35:00+09:00,18130.0,18180.0,18130.0,18160.0,2182,0.0,0.0
2024-09-12 10:40:00+09:00,18160.0,18200.0,18130.0,18190.0,1704,0.0,0.0
2024-09-12 10:45:00+09:00,18200.0,18210.0,18190.0,18210.0,351,0.0,0.0
2024-09-12 10:50:00+09:00,18190.0,18200.0,18190.0,18200.0,416,0.0,0.0
2024-09-12 10:55:00+09:00,18190.0,18210.0,18190.0,18200.0,1139,0.0,0.0
2024-09-12 11:00:00+09:00,18200.0,18210.0,18180.0,18200.0,529,0.0,0.0
2024-09-12 11:05:00+09:00,18190.0,18190.0,18180.0,18190.0,567,0.0,0.0
2024-09-12 11:10:00+09:00,18180.0,18210.0,18180.0,18190.0,1984,0.0,0.0
2024-09-12 11:15:00+09:00,18190.0,18230.0,18170.0,18230.0,962,0.0,0.0
2024-09-12 11:20:00+09:00,18230.0,18230.0,18220.0,18220.0,407,0.0,0.0
2024-09-12 11:25:00+09:00,18230.0,18240.0,18220.0,18240.0,359,0.0,0.0
2024-09-12 11:30:00+09:00,18240.0,18270.0,18220.0,18230.0,1544,0.0,0.0
2024-09-12 11:35:00+09:00,18240.0,18250.0,18220.0,18240.0,547,0.0,0.0
2024-09-12 11:40:00+09:00,18240.0,18250.0,18220.0,18230.0,394,0.0,0.0
2024-09-12 11:45:00+09:00,18230.0,18250.0,18230.0,18250.0,749,0.0,0.0
2024-09-12 11:50:00+09:00,18260.0,18280.0,18260.0,18280.0,839,0.0,0.0
2024-09-12 11:55:00+09:00,18270.0,18290.0,18270.0,18290.0,777,0.0,0.0
2024-09-12 12:00:00+09:00,18290.0,18290.0,18280.0,18280.0,840,0.0,0.0
2024-09-12 12:05:00+09:00,18280.0,18280.0,18250.0,18250.0,628,0.0,0.0
2024-09-12 12:10:00+09:00,18250.0,18270.0,18230.0,18270.0,1212,0.0,0.0
2024-09-12 12:15:00+09:00,18270.0,18290.0,18270.0,18290.0,813,0.0,0.0
2024-09-12 12:20:00+09:00,18280.0,18290.0,18270.0,18290.0,866,0.0,0.0
2024-09-12 12:25:00+09:00,18290.0,18290.0,18280.0,18280.0,551,0.0,0.0
2024-09-12 12:30:00+09:00,18290.0,18290.0,18270.0,18280.0,355,0.0,0.0
2024-09-12 12:35:00+09:00,18280.0,18320.0,18280.0,18320.0,6309,0.0,0.0
2024-09-12 12:40:00+09:00,18310.0,18340.0,18310.0,18340.0,3912,0.0,0.0
2024-09-12 12:45:00+09:00,18340.0,18390.0,18330.0,18390.0,7915,0.0,0.0
2024-09-12 12:50:00+09:00,18390.0,18390.0,18350.0,18360.0,1680,0.0,0.0
2024-09-12 12:55:00+09:00,18370.0,18390.0,18340.0,18340.0,2452,0.0,0.0
2024-09-12 13:00:00+09:00,18350.0,18360.0,18320.0,18360.0,2087,0.0,0.0
2024-09-12 13:05:00+09:00,18350.0,18350.0,18310.0,18310.0,1212,0.0,0.0
2024-09-12 13:10:00+09:00,18330.0,18360.0,18330.0,18340.0,496,0.0,0.0
2024-09-12 13:15:00+09:00,18350.0,18360.0,18320.0,18340.0,964,0.0,0.0
2024-09-12 13:20:00+09:00,18340.0,18380.0,18340.0,18380.0,912,0.0,0.0
2024-09-12 13:25:00+09:00,18380.0,18400.0,18370.0,18380.0,3021,0.0,0.0
2024-09-12 13:30:00+09:00,18380.0,18420.0,18370.0,18410.0,4465,0.0,0.0
2024-09-12 13:35:00+09:00,18420.0,18470.0,18420.0,18460.0,3285,0.0,0.0
2024-09-12 13:40:00+09:00,18450.0,18470.0,18450.0,18460.0,1191,0.0,0.0
2024-09-12 13:45:00+09:00,18460.0,18460.0,18400.0,18410.0,2626,0.0,0.0
2024-09-12 13:50:00+09:00,18410.0,18460.0,18400.0,18460.0,3457,0.0,0.0
2024-09-12 13:55:00+09:00,18470.0,18470.0,18410.0,18440.0,4760,0.0,0.0
2024-09-12 14:00:00+09:00,18450.0,18450.0,18400.0,18420.0,2620,0.0,0.0
2024-09-12 14:05:00+09:00,18420.0,18440.0,18380.0,18380.0,1074,0.0,0.0
2024-09-12 14:10:00+09:00,18420.0,18440.0,18370.0,18370.0,1137,0.0,0.0
2024-09-12 14:15:00+09:00,18370.0,18410.0,18350.0,18390.0,2384,0.0,0.0
2024-09-12 14:20:00+09:00,18400.0,18410.0,18370.0,18390.0,1165,0.0,0.0
2024-09-12 14:25:00+09:00,18390.0,18400.0,18340.0,18340.0,1951,0.0,0.0
2024-09-12 14:30:00+09:00,18350.0,18400.0,18350.0,18380.0,3588,0.0,0.0
2024-09-12 14:35:00+09:00,18380.0,18380.0,18300.0,18330.0,2418,0.0,0.0
2024-09-12 14:40:00+09:00,18340.0,18390.0,18320.0,18380.0,2852,0.0,0.0
2024-09-12 14:45:00+09:00,18370.0,18400.0,18350.0,18400.0,1945,0.0,0.0
2024-09-12 14:50:00+09:00,18400.0,18410.0,18370.0,18410.0,3450,0.0,0.0
2024-09-12 14:55:00+09:00,18400.0,18410.0,18380.0,18390.0,2277,0.0,0.0
2024-09-13 09:00:00+09:00,18450.0,18660.0,18400.0,18620.0,20673,0.0,0.0
2024-09-13 09:05:00+09:00,18610.0,18610.0,18380.0,18430.0,5908,0.0,0.0
2024-09-13 09:10:00+09:00,18410.0,18410.0,18300.0,18390.0,6544,0.0,0.0
2024-09-13 09:15:00+09:00,18380.0,18430.0,18300.0,18300.0,5553,0.0,0.0
2024-09-13 09:20:00+09:00,18300.0,18300.0,18230.0,18290.0,4455,0.0,0.0
2024-09-13 09:25:00+09:00,18290.0,18330.0,18290.0,18330.0,545,0.0,0.0
2024-09-13 09:30:00+09:00,18330.0,18390.0,18300.0,18350.0,1950,0.0,0.0
2024-09-13 09:35:00+09:00,18360.0,18400.0,18360.0,18400.0,1088,0.0,0.0
2024-09-13 09:40:00+09:00,18410.0,18430.0,18360.0,18410.0,0,0.0,0.0
2024-09-13 09:45:00+09:00,18410.0,18460.0,18360.0,18430.0,52076,0.0,0.0
2024-09-13 09:50:00+09:00,18420.0,18430.0,18350.0,18350.0,2652,0.0,0.0
2024-09-13 09:55:00+09:00,18340.0,18340.0,18290.0,18300.0,3547,0.0,0.0
2024-09-13 10:00:00+09:00,18290.0,18300.0,18260.0,18270.0,2869,0.0,0.0
2024-09-13 10:05:00+09:00,18270.0,18280.0,18240.0,18270.0,3019,0.0,0.0
2024-09-13 10:10:00+09:00,18260.0,18340.0,18240.0,18320.0,1864,0.0,0.0
2024-09-13 10:15:00+09:00,18320.0,18350.0,18280.0,18290.0,1349,0.0,0.0
2024-09-13 10:20:00+09:00,18290.0,18530.0,18290.0,18530.0,4860,0.0,0.0
2024-09-13 10:25:00+09:00,18530.0,18530.0,18440.0,18460.0,1877,0.0,0.0
2024-09-13 10:30:00+09:00,18430.0,18460.0,18380.0,18400.0,2440,0.0,0.0
2024-09-13 10:35:00+09:00,18420.0,18440.0,18380.0,18390.0,1052,0.0,0.0
2024-09-13 10:40:00+09:00,18380.0,18390.0,18350.0,18360.0,671,0.0,0.0
2024-09-13 10:45:00+09:00,18350.0,18360.0,18340.0,18360.0,404,0.0,0.0
2024-09-13 10:50:00+09:00,18350.0,18360.0,18330.0,18360.0,689,0.0,0.0
2024-09-13 10:55:00+09:00,18360.0,18420.0,18360.0,18390.0,2781,0.0,0.0
2024-09-13 11:00:00+09:00,18390.0,18390.0,18360.0,18380.0,1445,0.0,0.0
2024-09-13 11:05:00+09:00,18380.0,18430.0,18380.0,18420.0,866,0.0,0.0
2024-09-13 11:10:00+09:00,18420.0,18420.0,18380.0,18420.0,234,0.0,0.0
2024-09-13 11:15:00+09:00,18410.0,18420.0,18380.0,18390.0,556,0.0,0.0
2024-09-13 11:20:00+09:00,18390.0,18420.0,18360.0,18390.0,680,0.0,0.0
2024-09-13 11:25:00+09:00,18390.0,18400.0,18360.0,18370.0,715,0.0,0.0
2024-09-13 11:30:00+09:00,18370.0,18380.0,18370.0,18370.0,390,0.0,0.0
2024-09-13 11:35:00+09:00,18380.0,18380.0,18340.0,18350.0,533,0.0,0.0
2024-09-13 11:40:00+09:00,18360.0,18360.0,18300.0,18300.0,2154,0.0,0.0
2024-09-13 11:45:00+09:00,18300.0,18320.0,18270.0,18320.0,1897,0.0,0.0
2024-09-13 11:50:00+09:00,18310.0,18330.0,18310.0,18320.0,343,0.0,0.0
2024-09-13 11:55:00+09:00,18320.0,18320.0,18290.0,18310.0,1202,0.0,0.0
2024-09-13 12:00:00+09:00,18310.0,18340.0,18300.0,18330.0,915,0.0,0.0
2024-09-13 12:05:00+09:00,18350.0,18360.0,18340.0,18340.0,311,0.0,0.0
2024-09-13 12:10:00+09:00,18350.0,18350.0,18340.0,18340.0,295,0.0,0.0
2024-09-13 12:15:00+09:00,18340.0,18340.0,18320.0,18330.0,925,0.0,0.0
2024-09-13 12:20:00+09:00,18320.0,18360.0,18320.0,18360.0,181,0.0,0.0
2024-09-13 12:25:00+09:00,18360.0,18390.0,18360.0,18370.0,548,0.0,0.0
2024-09-13 12:30:00+09:00,18370.0,18370.0,18360.0,18360.0,242,0.0,0.0
2024-09-13 12:35:00+09:00,18370.0,18380.0,18370.0,18370.0,404,0.0,0.0
2024-09-13 12:40:00+09:00,18380.0,18390.0,18330.0,18330.0,3044,0.0,0.0
2024-09-13 12:45:00+09:00,18320.0,18320.0,18320.0,18320.0,1085,0.0,0.0
2024-09-13 12:50:00+09:00,18330.0,18330.0,18300.0,18310.0,418,0.0,0.0
2024-09-13 12:55:00+09:00,18320.0,18320.0,18290.0,18300.0,681,0.0,0.0
2024-09-13 13:00:00+09:00,18300.0,18300.0,18290.0,18300.0,752,0.0,0.0
2024-09-13 13:05:00+09:00,18300.0,18300.0,18270.0,18280.0,698,0.0,0.0
2024-09-13 13:10:00+09:00,18270.0,18310.0,18270.0,18310.0,1582,0.0,0.0
2024-09-13 13:15:00+09:00,18350.0,18350.0,18290.0,18310.0,1082,0.0,0.0
2024-09-13 13:20:00+09:00,18320.0,18350.0,18310.0,18330.0,1313,0.0,0.0
2024-09-13 13:25:00+09:00,18330.0,18350.0,18290.0,18290.0,2080,0.0,0.0
2024-09-13 13:30:00+09:00,18290.0,18320.0,18280.0,18320.0,2391,0.0,0.0
2024-09-13 13:35:00+09:00,18310.0,18330.0,18310.0,18320.0,406,0.0,0.0
2024-09-13 13:40:00+09:00,18320.0,18320.0,18300.0,18310.0,1178,0.0,0.0
2024-09-13 13:45:00+09:00,18310.0,18320.0,18300.0,18320.0,1617,0.0,0.0
2024-09-13 13:50:00+09:00,18320.0,18340.0,18280.0,18300.0,564,0.0,0.0
2024-09-13 13:55:00+09:00,18310.0,18320.0,18300.0,18300.0,508,0.0,0.0
2024-09-13 14:00:00+09:00,18310.0,18340.0,18310.0,18320.0,401,0.0,0.0
2024-09-13 14:05:00+09:00,18320.0,18330.0,18310.0,18320.0,395,0.0,0.0
2024-09-13 14:10:00+09:00,18320.0,18340.0,18320.0,18330.0,434,0.0,0.0
2024-09-13 14:15:00+09:00,18330.0,18350.0,18320.0,18330.0,751,0.0,0.0
2024-09-13 14:20:00+09:00,18330.0,18360.0,18330.0,18350.0,900,0.0,0.0
2024-09-13 14:25:00+09:00,18350.0,18380.0,18350.0,18380.0,572,0.0,0.0
2024-09-13 14:30:00+09:00,18380.0,18400.0,18380.0,18400.0,1455,0.0,0.0
2024-09-13 14:35:00+09:00,18400.0,18420.0,18400.0,18410.0,2133,0.0,0.0
2024-09-13 14:40:00+09:00,18410.0,18430.0,18400.0,18430.0,1776,0.0,0.0
2024-09-13 14:45:00+09:00,18430.0,18440.0,18400.0,18400.0,1756,0.0,0.0
2024-09-13 14:50:00+09:00,18400.0,18400.0,18340.0,18350.0,1002,0.0,0.0
2024-09-13 14:55:00+09:00,18350.0,18370.0,18340.0,18370.0,977,0.0,0.0
2024-09-19 09:00:00+09:00,18500.0,18510.0,18320.0,18360.0,0,0.0,0.0
2024-09-19 09:05:00+09:00,18350.0,18380.0,18110.0,18180.0,12528,0.0,0.0
2024-09-19 09:10:00+09:00,18170.0,18250.0,18150.0,18200.0,3755,0.0,0.0
2024-09-19 09:15:00+09:00,18200.0,18210.0,18150.0,18160.0,3692,0.0,0.0
2024-09-19 09:20:00+09:00,18160.0,18180.0,18160.0,18180.0,1015,0.0,0.0
2024-09-19 09:25:00+09:00,18190.0,18280.0,18170.0,18170.0,4033,0.0,0.0
2024-09-19 09:30:00+09:00,18160.0,18160.0,18060.0,18080.0,6963,0.0,0.0
2024-09-19 09:35:00+09:00,18080.0,18110.0,18020.0,18110.0,4283,0.0,0.0
2024-09-19 09:40:00+09:00,18060.0,18130.0,18060.0,18080.0,920,0.0,0.0
2024-09-19 09:45:00+09:00,18070.0,18100.0,18050.0,18080.0,1164,0.0,0.0
2024-09-19 09:50:00+09:00,18080.0,18100.0,18000.0,18000.0,4191,0.0,0.0
2024-09-19 09:55:00+09:00,18000.0,18020.0,17990.0,18000.0,2128,0.0,0.0
2024-09-19 10:00:00+09:00,18000.0,18010.0,17920.0,17930.0,5838,0.0,0.0
2024-09-19 10:05:00+09:00,17930.0,17930.0,17920.0,17920.0,899,0.0,0.0
2024-09-19 10:10:00+09:00,17920.0,17940.0,17900.0,17910.0,3810,0.0,0.0
2024-09-19 10:15:00+09:00,17930.0,17960.0,17890.0,17920.0,3073,0.0,0.0
2024-09-19 10:20:00+09:00,17930.0,17960.0,17920.0,17940.0,1205,0.0,0.0
2024-09-19 10:25:00+09:00,17940.0,17940.0,17890.0,17890.0,5192,0.0,0.0
2024-09-19 10:30:00+09:00,17880.0,17890.0,17830.0,17870.0,3731,0.0,0.0
2024-09-19 10:35:00+09:00,17870.0,17940.0,17870.0,17940.0,1163,0.0,0.0
2024-09-19 10:40:00+09:00,17940.0,17960.0,17910.0,17910.0,1801,0.0,0.0
2024-09-19 10:45:00+09:00,17910.0,17960.0,17910.0,17930.0,1350,0.0,0.0
2024-09-19 10:50:00+09:00,17920.0,17930.0,17900.0,17920.0,1066,0.0,0.0
2024-09-19 10:55:00+09:00,17920.0,17930.0,17900.0,17920.0,944,0.0,0.0
2024-09-19 11:00:00+09:00,17920.0,18000.0,17920.0,18000.0,1100,0.0,0.0
2024-09-19 11:05:00+09:00,17980.0,18000.0,17940.0,17960.0,314,0.0,0.0
2024-09-19 11:10:00+09:00,17960.0,17980.0,17950.0,17970.0,300,0.0,0.0
2024-09-19 11:15:00+09:00,17970.0,17980.0,17960.0,17960.0,464,0.0,0.0
2024-09-19 11:20:00+09:00,17960.0,17980.0,17930.0,17930.0,1354,0.0,0.0
2024-09-19 11:25:00+09:00,17930.0,17940.0,17910.0,17930.0,700,0.0,0.0
2024-09-19 11:30:00+09:00,17930.0,17980.0,17930.0,17970.0,243,0.0,0.0
2024-09-19 11:35:00+09:00,17970.0,17980.0,17960.0,17980.0,1113,0.0,0.0
2024-09-19 11:40:00+09:00,17970.0,18000.0,17970.0,18000.0,649,0.0,0.0
2024-09-19 11:45:00+09:00,17990.0,18050.0,17990.0,18000.0,3112,0.0,0.0
2024-09-19 11:50:00+09:00,18000.0,18000.0,17980.0,17980.0,1294,0.0,0.0
2024-09-19 11:55:00+09:00,17980.0,18060.0,17980.0,18040.0,986,0.0,0.0
2024-09-19 12:00:00+09:00,18030.0,18040.0,18000.0,18030.0,812,0.0,0.0
2024-09-19 12:05:00+09:00,18030.0,18050.0,18030.0,18040.0,255,0.0,0.0
2024-09-19 12:10:00+09:00,18040.0,18050.0,18030.0,18050.0,589,0.0,0.0
2024-09-19 12:15:00+09:00,18050.0,18060.0,18040.0,18050.0,429,0.0,0.0
2024-09-19 12:20:00+09:00,18060.0,18060.0,18030.0,18030.0,584,0.0,0.0
2024-09-19 12:25:00+09:00,18030.0,18040.0,18020.0,18030.0,432,0.0,0.0
2024-09-19 12:30:00+09:00,18020.0,18020.0,18010.0,18020.0,525,0.0,0.0
2024-09-19 12:35:00+09:00,18030.0,18060.0,18020.0,18030.0,680,0.0,0.0
2024-09-19 12:40:00+09:00,18020.0,18040.0,18020.0,18040.0,299,0.0,0.0
2024-09-19 12:45:00+09:00,18030.0,18080.0,18020.0,18080.0,1005,0.0,0.0
2024-09-19 12:50:00+09:00,18080.0,18140.0,18070.0,18110.0,1641,0.0,0.0
2024-09-19 12:55:00+09:00,18120.0,18140.0,18110.0,18110.0,880,0.0,0.0
2024-09-19 13:00:00+09:00,18100.0,18150.0,18100.0,18130.0,618,0.0,0.0
2024-09-19 13:05:00+09:00,18130.0,18150.0,18130.0,18140.0,480,0.0,0.0
2024-09-19 13:10:00+09:00,18140.0,18150.0,18120.0,18130.0,863,0.0,0.0
2024-09-19 13:15:00+09:00,18130.0,18150.0,18110.0,18150.0,946,0.0,0.0
2024-09-19 13:20:00+09:00,18150.0,18160.0,18130.0,18130.0,1262,0.0,0.0
2024-09-19 13:25:00+09:00,18130.0,18250.0,18130.0,18250.0,4362,0.0,0.0
2024-09-19 13:30:00+09:00,18250.0,18340.0,18240.0,18340.0,2883,0.0,0.0
2024-09-19 13:35:00+09:00,18320.0,18380.0,18320.0,18350.0,1370,0.0,0.0
2024-09-19 13:40:00+09:00,18350.0,18400.0,18330.0,18360.0,1858,0.0,0.0
2024-09-19 13:45:00+09:00,18380.0,18380.0,18320.0,18320.0,1543,0.0,0.0
2024-09-19 13:50:00+09:00,18330.0,18350.0,18330.0,18340.0,429,0.0,0.0
2024-09-19 13:55:00+09:00,18340.0,18370.0,18340.0,18370.0,489,0.0,0.0
2024-09-19 14:00:00+09:00,18370.0,18380.0,18370.0,18370.0,535,0.0,0.0
2024-09-19 14:05:00+09:00,18360.0,18360.0,18330.0,18350.0,3347,0.0,0.0
2024-09-19 14:10:00+09:00,18340.0,18380.0,18320.0,18380.0,2137,0.0,0.0
2024-09-19 14:15:00+09:00,18370.0,18380.0,18340.0,18380.0,2649,0.0,0.0
2024-09-19 14:20:00+09:00,18380.0,18400.0,18370.0,18390.0,906,0.0,0.0
2024-09-19 14:25:00+09:00,18380.0,18390.0,18360.0,18380.0,653,0.0,0.0
2024-09-19 14:30:00+09:00,18380.0,18380.0,18360.0,18380.0,683,0.0,0.0
2024-09-19 14:35:00+09:00,18380.0,18390.0,18370.0,18380.0,1187,0.0,0.0
2024-09-19 14:40:00+09:00,18380.0,18400.0,18380.0,18400.0,865,0.0,0.0
2024-09-19 14:45:00+09:00,18390.0,18400.0,18380.0,18380.0,1463,0.0,0.0
2024-09-19 14:50:00+09:00,18400.0,18400.0,18390.0,18390.0,952,0.0,0.0
2024-09-19 14:55:00+09:00,18390.0,18410.0,18380.0,18390.0,748,0.0,0.0
2024-09-20 09:00:00+09:00,18700.0,18870.0,18690.0,18780.0,21288,0.0,0.0
2024-09-20 09:05:00+09:00,18780.0,18860.0,18740.0,18740.0,8865,0.0,0.0
2024-09-20 09:10:00+09:00,18750.0,18840.0,18750.0,18790.0,6975,0.0,0.0
2024-09-20 09:15:00+09:00,18780.0,18810.0,18720.0,18790.0,4445,0.0,0.0
2024-09-20 09:20:00+09:00,18780.0,18790.0,18660.0,18690.0,4014,0.0,0.0
2024-09-20 09:25:00+09:00,18700.0,18750.0,18670.0,18730.0,3620,0.0,0.0
2024-09-20 09:30:00+09:00,18730.0,18860.0,18710.0,18850.0,7939,0.0,0.0
2024-09-20 09:35:00+09:00,18850.0,18950.0,18850.0,18900.0,12924,0.0,0.0
2024-09-20 09:40:00+09:00,18900.0,19050.0,18900.0,18950.0,12688,0.0,0.0
2024-09-20 09:45:00+09:00,18950.0,19040.0,18890.0,19040.0,13155,0.0,0.0
2024-09-20 09:50:00+09:00,19040.0,19100.0,18930.0,18930.0,6918,0.0,0.0
2024-09-20 09:55:00+09:00,18920.0,19000.0,18920.0,19000.0,1890,0.0,0.0
2024-09-20 10:00:00+09:00,18990.0,19010.0,18940.0,18960.0,4166,0.0,0.0
2024-09-20 10:05:00+09:00,18960.0,18990.0,18930.0,18960.0,1907,0.0,0.0
2024-09-20 10:10:00+09:00,18940.0,18950.0,18870.0,18870.0,8059,0.0,0.0
2024-09-20 10:15:00+09:00,18870.0,18900.0,18850.0,18870.0,2173,0.0,0.0
2024-09-20 10:20:00+09:00,18870.0,18870.0,18820.0,18820.0,1398,0.0,0.0
2024-09-20 10:25:00+09:00,18810.0,18870.0,18720.0,18740.0,4289,0.0,0.0
2024-09-20 10:30:00+09:00,18720.0,18790.0,18720.0,18790.0,830,0.0,0.0
2024-09-20 10:35:00+09:00,18780.0,18810.0,18780.0,18810.0,373,0.0,0.0
2024-09-20 10:40:00+09:00,18810.0,18820.0,18770.0,18820.0,1601,0.0,0.0
2024-09-20 10:45:00+09:00,18810.0,18830.0,18790.0,18830.0,709,0.0,0.0
2024-09-20 10:50:00+09:00,18810.0,18830.0,18790.0,18820.0,654,0.0,0.0
2024-09-20 10:55:00+09:00,18820.0,18820.0,18790.0,18790.0,728,0.0,0.0
2024-09-20 11:00:00+09:00,18800.0,18820.0,18800.0,18820.0,435,0.0,0.0
2024-09-20 11:05:00+09:00,18820.0,18830.0,18810.0,18820.0,451,0.0,0.0
2024-09-20 11:10:00+09:00,18820.0,18820.0,18810.0,18820.0,425,0.0,0.0
2024-09-20 11:15:00+09:00,18820.0,18820.0,18780.0,18800.0,1814,0.0,0.0
2024-09-20 11:20:00+09:00,18800.0,18810.0,18750.0,18750.0,535,0.0,0.0
2024-09-20 11:25:00+09:00,18760.0,18760.0,18740.0,18740.0,361,0.0,0.0
2024-09-20 11:30:00+09:00,18740.0,18770.0,18730.0,18770.0,1316,0.0,0.0
2024-09-20 11:35:00+09:00,18760.0,18770.0,18730.0,18730.0,713,0.0,0.0
2024-09-20 11:40:00+09:00,18730.0,18740.0,18710.0,18710.0,1327,0.0,0.0
2024-09-20 11:45:00+09:00,18710.0,18750.0,18710.0,18740.0,2249,0.0,0.0
2024-09-20 11:50:00+09:00,18730.0,18740.0,18720.0,18720.0,806,0.0,0.0
2024-09-20 11:55:00+09:00,18710.0,18720.0,18700.0,18700.0,2926,0.0,0.0
2024-09-20 12:00:00+09:00,18700.0,18720.0,18700.0,18720.0,0,0.0,0.0
2024-09-20 12:05:00+09:00,18700.0,18760.0,18690.0,18750.0,3670,0.0,0.0
2024-09-20 12:10:00+09:00,18740.0,18750.0,18690.0,18700.0,76,0.0,0.0
2024-09-20 12:15:00+09:00,18720.0,18720.0,18680.0,18720.0,945,0.0,0.0
2024-09-20 12:20:00+09:00,18720.0,18720.0,18650.0,18700.0,4849,0.0,0.0
2024-09-20 12:25:00+09:00,18690.0,18820.0,18690.0,18730.0,3031,0.0,0.0
2024-09-20 12:30:00+09:00,18730.0,18730.0,18680.0,18720.0,1284,0.0,0.0
2024-09-20 12:35:00+09:00,18720.0,18720.0,18700.0,18710.0,223,0.0,0.0
2024-09-20 12:40:00+09:00,18710.0,18720.0,18680.0,18690.0,1305,0.0,0.0
2024-09-20 12:45:00+09:00,18690.0,18710.0,18690.0,18710.0,113,0.0,0.0
2024-09-20 12:50:00+09:00,18710.0,18780.0,18710.0,18750.0,852,0.0,0.0
2024-09-20 12:55:00+09:00,18750.0,18800.0,18750.0,18800.0,1100,0.0,0.0
2024-09-20 13:00:00+09:00,18790.0,18810.0,18780.0,18810.0,550,0.0,0.0
2024-09-20 13:05:00+09:00,18800.0,18810.0,18770.0,18810.0,309,0.0,0.0
2024-09-20 13:10:00+09:00,18810.0,18810.0,18790.0,18790.0,1329,0.0,0.0
2024-09-20 13:15:00+09:00,18780.0,18780.0,18740.0,18750.0,1835,0.0,0.0
2024-09-20 13:20:00+09:00,18750.0,18770.0,18730.0,18730.0,1316,0.0,0.0
2024-09-20 13:25:00+09:00,18730.0,18730.0,18690.0,18690.0,1584,0.0,0.0
2024-09-20 13:30:00+09:00,18690.0,18730.0,18690.0,18730.0,346,0.0,0.0
2024-09-20 13:35:00+09:00,18730.0,18750.0,18730.0,18730.0,558,0.0,0.0
2024-09-20 13:40:00+09:00,18730.0,18730.0,18720.0,18730.0,682,0.0,0.0
2024-09-20 13:45:00+09:00,18730.0,18740.0,18730.0,18730.0,1595,0.0,0.0
2024-09-20 13:50:00+09:00,18730.0,18730.0,18700.0,18700.0,1489,0.0,0.0
2024-09-20 13:55:00+09:00,18700.0,18700.0,18650.0,18650.0,3813,0.0,0.0
2024-09-20 14:00:00+09:00,18660.0,18670.0,18630.0,18650.0,2065,0.0,0.0
2024-09-20 14:05:00+09:00,18650.0,18700.0,18650.0,18650.0,2113,0.0,0.0
2024-09-20 14:10:00+09:00,18650.0,18700.0,18640.0,18700.0,3661,0.0,0.0
2024-09-20 14:15:00+09:00,18700.0,18700.0,18650.0,18660.0,846,0.0,0.0
2024-09-20 14:20:00+09:00,18660.0,18660.0,18610.0,18630.0,3245,0.0,0.0
2024-09-20 14:25:00+09:00,18610.0,18610.0,18590.0,18600.0,2050,0.0,0.0
2024-09-20 14:30:00+09:00,18590.0,18600.0,18560.0,18560.0,1917,0.0,0.0
2024-09-20 14:35:00+09:00,18560.0,18580.0,18530.0,18570.0,5403,0.0,0.0
2024-09-20 14:40:00+09:00,18570.0,18570.0,18530.0,18530.0,1858,0.0,0.0
2024-09-20 14:45:00+09:00,18530.0,18560.0,18510.0,18540.0,1586,0.0,0.0
2024-09-20 14:50:00+09:00,18540.0,18590.0,18530.0,18580.0,2715,0.0,0.0
2024-09-20 14:55:00+09:00,18550.0,18570.0,18530.0,18540.0,2481,0.0,0.0
2024-09-23 09:00:00+09:00,18540.0,18770.0,18430.0,18430.0,0,0.0,0.0
2024-09-23 09:05:00+09:00,18430.0,18430.0,18360.0,18380.0,4927,0.0,0.0
2024-09-23 09:10:00+09:00,18390.0,18440.0,18300.0,18370.0,2640,0.0,0.0
2024-09-23 09:15:00+09:00,18350.0,18390.0,18290.0,18350.0,3654,0.0,0.0
2024-09-23 09:20:00+09:00,18340.0,18400.0,18320.0,18390.0,2812,0.0,0.0
2024-09-23 09:25:00+09:00,18400.0,18490.0,18390.0,18490.0,1410,0.0,0.0
2024-09-23 09:30:00+09:00,18500.0,18530.0,18480.0,18490.0,737,0.0,0.0
2024-09-23 09:35:00+09:00,18480.0,18490.0,18410.0,18480.0,1918,0.0,0.0
2024-09-23 09:40:00+09:00,18470.0,18500.0,18400.0,18450.0,2289,0.0,0.0
2024-09-23 09:45:00+09:00,18450.0,18450.0,18410.0,18440.0,536,0.0,0.0
2024-09-23 09:50:00+09:00,18440.0,18490.0,18420.0,18450.0,1475,0.0,0.0
2024-09-23 09:55:00+09:00,18450.0,18470.0,18410.0,18470.0,673,0.0,0.0
2024-09-23 10:00:00+09:00,18470.0,18530.0,18470.0,18500.0,1229,0.0,0.0
2024-09-23 10:05:00+09:00,18500.0,18530.0,18490.0,18530.0,1075,0.0,0.0
2024-09-23 10:10:00+09:00,18530.0,18540.0,18500.0,18510.0,3380,0.0,0.0
2024-09-23 10:15:00+09:00,18510.0,18520.0,18420.0,18510.0,3626,0.0,0.0
2024-09-23 10:20:00+09:00,18490.0,18490.0,18450.0,18450.0,1292,0.0,0.0
2024-09-23 10:25:00+09:00,18450.0,18470.0,18410.0,18430.0,2785,0.0,0.0
2024-09-23 10:30:00+09:00,18430.0,18450.0,18410.0,18450.0,1730,0.0,0.0
2024-09-23 10:35:00+09:00,18450.0,18450.0,18370.0,18380.0,3067,0.0,0.0
2024-09-23 10:40:00+09:00,18360.0,18380.0,18320.0,18350.0,2513,0.0,0.0
2024-09-23 10:45:00+09:00,18350.0,18360.0,18320.0,18340.0,1830,0.0,0.0
2024-09-23 10:50:00+09:00,18340.0,18370.0,18320.0,18340.0,1075,0.0,0.0
2024-09-23 10:55:00+09:00,18330.0,18380.0,18330.0,18380.0,1845,0.0,0.0
2024-09-23 11:00:00+09:00,18370.0,18410.0,18350.0,18350.0,1870,0.0,0.0
2024-09-23 11:05:00+09:00,18350.0,18360.0,18320.0,18330.0,3420,0.0,0.0
2024-09-23 11:10:00+09:00,18330.0,18340.0,18310.0,18320.0,971,0.0,0.0
2024-09-23 11:15:00+09:00,18320.0,18360.0,18310.0,18320.0,3298,0.0,0.0
2024-09-23 11:20:00+09:00,18320.0,18330.0,18310.0,18320.0,1047,0.0,0.0
2024-09-23 11:25:00+09:00,18320.0,18330.0,18310.0,18310.0,1515,0.0,0.0
2024-09-23 11:30:00+09:00,18310.0,18320.0,18300.0,18300.0,2329,0.0,0.0
2024-09-23 11:35:00+09:00,18300.0,18300.0,18270.0,18270.0,3516,0.0,0.0
2024-09-23 11:40:00+09:00,18280.0,18290.0,18270.0,18270.0,1575,0.0,0.0
2024-09-23 11:45:00+09:00,18280.0,18340.0,18270.0,18280.0,1100,0.0,0.0
2024-09-23 11:50:00+09:00,18290.0,18290.0,18270.0,18290.0,1320,0.0,0.0
2024-09-23 11:55:00+09:00,18270.0,18270.0,18260.0,18270.0,1108,0.0,0.0
2024-09-23 12:00:00+09:00,18270.0,18290.0,18250.0,18260.0,818,0.0,0.0
2024-09-23 12:05:00+09:00,18250.0,18260.0,18230.0,18230.0,1676,0.0,0.0
2024-09-23 12:10:00+09:00,18230.0,18290.0,18220.0,18280.0,1369,0.0,0.0
2024-09-23 12:15:00+09:00,18270.0,18270.0,18220.0,18260.0,2663,0.0,0.0
2024-09-23 12:20:00+09:00,18260.0,18320.0,18250.0,18300.0,2742,0.0,0.0
2024-09-23 12:25:00+09:00,18290.0,18290.0,18260.0,18260.0,1117,0.0,0.0
2024-09-23 12:30:00+09:00,18270.0,18310.0,18260.0,18310.0,991,0.0,0.0
2024-09-23 12:35:00+09:00,18290.0,18350.0,18290.0,18310.0,1260,0.0,0.0
2024-09-23 12:40:00+09:00,18310.0,18330.0,18300.0,18320.0,1086,0.0,0.0
2024-09-23 12:45:00+09:00,18320.0,18330.0,18300.0,18300.0,930,0.0,0.0
2024-09-23 12:50:00+09:00,18310.0,18350.0,18310.0,18330.0,1321,0.0,0.0
2024-09-23 12:55:00+09:00,18310.0,18340.0,18310.0,18320.0,925,0.0,0.0
2024-09-23 13:00:00+09:00,18310.0,18430.0,18310.0,18430.0,3965,0.0,0.0
2024-09-23 13:05:00+09:00,18430.0,18430.0,18380.0,18410.0,2933,0.0,0.0
2024-09-23 13:10:00+09:00,18420.0,18460.0,18420.0,18460.0,1681,0.0,0.0
2024-09-23 13:15:00+09:00,18460.0,18470.0,18460.0,18460.0,398,0.0,0.0
2024-09-23 13:20:00+09:00,18470.0,18490.0,18440.0,18460.0,2921,0.0,0.0
2024-09-23 13:25:00+09:00,18450.0,18500.0,18450.0,18480.0,178,0.0,0.0
2024-09-23 13:30:00+09:00,18470.0,18480.0,18450.0,18480.0,210,0.0,0.0
2024-09-23 13:35:00+09:00,18470.0,18480.0,18450.0,18450.0,338,0.0,0.0
2024-09-23 13:40:00+09:00,18470.0,18480.0,18440.0,18440.0,488,0.0,0.0
2024-09-23 13:45:00+09:00,18440.0,18440.0,18410.0,18430.0,1481,0.0,0.0
2024-09-23 13:50:00+09:00,18420.0,18420.0,18400.0,18410.0,290,0.0,0.0
2024-09-23 13:55:00+09:00,18400.0,18430.0,18400.0,18430.0,605,0.0,0.0
2024-09-23 14:00:00+09:00,18430.0,18470.0,18430.0,18450.0,737,0.0,0.0
2024-09-23 14:05:00+09:00,18450.0,18460.0,18420.0,18450.0,4067,0.0,0.0
2024-09-23 14:10:00+09:00,18450.0,18540.0,18450.0,18500.0,803,0.0,0.0
2024-09-23 14:15:00+09:00,18500.0,18500.0,18490.0,18500.0,733,0.0,0.0
2024-09-23 14:20:00+09:00,18500.0,18560.0,18490.0,18550.0,2210,0.0,0.0
2024-09-23 14:25:00+09:00,18550.0,18560.0,18550.0,18560.0,241,0.0,0.0
2024-09-23 14:30:00+09:00,18560.0,18840.0,18560.0,18710.0,14917,0.0,0.0
2024-09-23 14:35:00+09:00,18700.0,18750.0,18660.0,18710.0,5429,0.0,0.0
2024-09-23 14:40:00+09:00,18710.0,18770.0,18710.0,18730.0,2940,0.0,0.0
2024-09-23 14:45:00+09:00,18730.0,18730.0,18680.0,18690.0,2423,0.0,0.0
2024-09-23 14:50:00+09:00,18690.0,18700.0,18680.0,18680.0,1525,0.0,0.0
2024-09-23 14:55:00+09:00,18680.0,18690.0,18660.0,18670.0,1539,0.0,0.0
2024-09-24 09:00:00+09:00,18620.0,18760.0,18620.0,18620.0,3723,0.0,0.0
2024-09-24 09:05:00+09:00,18620.0,18690.0,18600.0,18660.0,3067,0.0,0.0
2024-09-24 09:10:00+09:00,18660.0,18740.0,18620.0,18660.0,2775,0.0,0.0
2024-09-24 09:15:00+09:00,18660.0,18670.0,18590.0,18600.0,1751,0.0,0.0
2024-09-24 09:20:00+09:00,18600.0,18630.0,18540.0,18560.0,3069,0.0,0.0
2024-09-24 09:25:00+09:00,18550.0,18610.0,18550.0,18600.0,661,0.0,0.0
2024-09-24 09:30:00+09:00,18600.0,18630.0,18600.0,18620.0,834,0.0,0.0
2024-09-24 09:35:00+09:00,18600.0,18640.0,18570.0,18590.0,2449,0.0,0.0
2024-09-24 09:40:00+09:00,18590.0,18620.0,18590.0,18610.0,743,0.0,0.0
2024-09-24 09:45:00+09:00,18610.0,18610.0,18540.0,18560.0,2514,0.0,0.0
2024-09-24 09:50:00+09:00,18560.0,18620.0,18560.0,18580.0,1732,0.0,0.0
2024-09-24 09:55:00+09:00,18580.0,18600.0,18560.0,18590.0,581,0.0,0.0
2024-09-24 10:00:00+09:00,18580.0,18590.0,18570.0,18590.0,318,0.0,0.0
2024-09-24 10:05:00+09:00,18590.0,18590.0,18590.0,18590.0,333,0.0,0.0
2024-09-24 10:10:00+09:00,18590.0,18600.0,18520.0,18540.0,2215,0.0,0.0
2024-09-24 10:15:00+09:00,18530.0,18560.0,18520.0,18540.0,922,0.0,0.0
2024-09-24 10:20:00+09:00,18550.0,18560.0,18520.0,18520.0,462,0.0,0.0
2024-09-24 10:25:00+09:00,18540.0,18570.0,18510.0,18540.0,1227,0.0,0.0
2024-09-24 10:30:00+09:00,18540.0,18540.0,18500.0,18510.0,2023,0.0,0.0
2024-09-24 10:35:00+09:00,18510.0,18550.0,18500.0,18500.0,3809,0.0,0.0
2024-09-24 10:40:00+09:00,18510.0,18510.0,18480.0,18490.0,4265,0.0,0.0
2024-09-24 10:45:00+09:00,18490.0,18490.0,18430.0,18430.0,2029,0.0,0.0
2024-09-24 10:50:00+09:00,18430.0,18430.0,18400.0,18420.0,1477,0.0,0.0
2024-09-24 10:55:00+09:00,18420.0,18430.0,18390.0,18430.0,986,0.0,0.0
2024-09-24 11:00:00+09:00,18420.0,18490.0,18390.0,18460.0,3675,0.0,0.0
2024-09-24 11:05:00+09:00,18460.0,18460.0,18450.0,18450.0,915,0.0,0.0
2024-09-24 11:10:00+09:00,18450.0,18460.0,18440.0,18460.0,1111,0.0,0.0
2024-09-24 11:15:00+09:00,18470.0,18520.0,18470.0,18490.0,158,0.0,0.0
2024-09-24 11:20:00+09:00,18490.0,18500.0,18440.0,18460.0,1860,0.0,0.0
2024-09-24 11:25:00+09:00,18450.0,18450.0,18400.0,18410.0,1148,0.0,0.0
2024-09-24 11:30:00+09:00,18410.0,18410.0,18390.0,18400.0,1044,0.0,0.0
2024-09-24 11:35:00+09:00,18390.0,18410.0,18380.0,18400.0,1904,0.0,0.0
2024-09-24 11:40:00+09:00,18400.0,18400.0,18400.0,18400.0,229,0.0,0.0
2024-09-24 11:45:00+09:00,18400.0,18450.0,18400.0,18450.0,345,0.0,0.0
2024-09-24 11:50:00+09:00,18440.0,18490.0,18440.0,18480.0,499,0.0,0.0
2024-09-24 11:55:00+09:00,18470.0,18480.0,18460.0,18460.0,196,0.0,0.0
2024-09-24 12:00:00+09:00,18470.0,18480.0,18440.0,18470.0,1005,0.0,0.0
2024-09-24 12:05:00+09:00,18470.0,18480.0,18460.0,18480.0,39,0.0,0.0
2024-09-24 12:10:00+09:00,18470.0,18470.0,18460.0,18470.0,178,0.0,0.0
2024-09-24 12:15:00+09:00,18460.0,18460.0,18440.0,18440.0,456,0.0,0.0
2024-09-24 12:20:00+09:00,18450.0,18450.0,18440.0,18440.0,460,0.0,0.0
2024-09-24 12:25:00+09:00,18440.0,18450.0,18410.0,18420.0,452,0.0,0.0
2024-09-24 12:30:00+09:00,18430.0,18430.0,18410.0,18420.0,880,0.0,0.0
2024-09-24 12:35:00+09:00,18420.0,18430.0,18400.0,18400.0,1137,0.0,0.0
2024-09-24 12:40:00+09:00,18420.0,18420.0,18400.0,18420.0,149,0.0,0.0
2024-09-24 12:45:00+09:00,18410.0,18420.0,18410.0,18410.0,130,0.0,0.0
2024-09-24 12:50:00+09:00,18410.0,18430.0,18400.0,18410.0,1123,0.0,0.0
2024-09-24 12:55:00+09:00,18410.0,18430.0,18410.0,18420.0,554,0.0,0.0
2024-09-24 13:00:00+09:00,18430.0,18490.0,18420.0,18490.0,482,0.0,0.0
2024-09-24 13:05:00+09:00,18480.0,18530.0,18480.0,18520.0,1090,0.0,0.0
2024-09-24 13:10:00+09:00,18510.0,18550.0,18500.0,18530.0,1507,0.0,0.0
2024-09-24 13:15:00+09:00,18540.0,18560.0,18530.0,18550.0,849,0.0,0.0
2024-09-24 13:20:00+09:00,18540.0,18540.0,18480.0,18490.0,1155,0.0,0.0
2024-09-24 13:25:00+09:00,18490.0,18520.0,18490.0,18500.0,860,0.0,0.0
2024-09-24 13:30:00+09:00,18510.0,18520.0,18490.0,18510.0,658,0.0,0.0
2024-09-24 13:35:00+09:00,18520.0,18550.0,18510.0,18550.0,1607,0.0,0.0
2024-09-24 13:40:00+09:00,18550.0,18610.0,18550.0,18600.0,2049,0.0,0.0
2024-09-24 13:45:00+09:00,18600.0,18610.0,18580.0,18600.0,1457,0.0,0.0
2024-09-24 13:50:00+09:00,18600.0,18600.0,18580.0,18580.0,587,0.0,0.0
2024-09-24 13:55:00+09:00,18580.0,18600.0,18570.0,18570.0,612,0.0,0.0
2024-09-24 14:00:00+09:00,18570.0,18600.0,18560.0,18580.0,815,0.0,0.0
2024-09-24 14:05:00+09:00,18570.0,18590.0,18530.0,18540.0,2887,0.0,0.0
2024-09-24 14:10:00+09:00,18540.0,18580.0,18540.0,18550.0,923,0.0,0.0
2024-09-24 14:15:00+09:00,18560.0,18610.0,18550.0,18560.0,2181,0.0,0.0
2024-09-24 14:20:00+09:00,18550.0,18580.0,18550.0,18570.0,645,0.0,0.0
2024-09-24 14:25:00+09:00,18570.0,18570.0,18510.0,18510.0,2531,0.0,0.0
2024-09-24 14:30:00+09:00,18510.0,18530.0,18510.0,18530.0,1285,0.0,0.0
2024-09-24 14:35:00+09:00,18520.0,18520.0,18480.0,18510.0,2059,0.0,0.0
2024-09-24 14:40:00+09:00,18500.0,18530.0,18480.0,18530.0,4384,0.0,0.0
2024-09-24 14:45:00+09:00,18530.0,18530.0,18520.0,18520.0,1629,0.0,0.0
2024-09-24 14:50:00+09:00,18520.0,18600.0,18520.0,18560.0,1945,0.0,0.0
2024-09-24 14:55:00+09:00,18550.0,18570.0,18540.0,18560.0,1706,0.0,0.0
2024-09-25 09:00:00+09:00,18550.0,18640.0,18510.0,18620.0,6858,0.0,0.0
2024-09-25 09:05:00+09:00,18610.0,18690.0,18580.0,18690.0,4045,0.0,0.0
2024-09-25 09:10:00+09:00,18690.0,18910.0,18690.0,18880.0,13731,0.0,0.0
2024-09-25 09:15:00+09:00,18870.0,18950.0,18690.0,18930.0,20917,0.0,0.0
2024-09-25 09:20:00+09:00,18920.0,19100.0,18860.0,19050.0,13287,0.0,0.0
2024-09-25 09:25:00+09:00,19050.0,19120.0,19000.0,19030.0,12855,0.0,0.0
2024-09-25 09:30:00+09:00,19030.0,19200.0,19000.0,19200.0,16323,0.0,0.0
2024-09-25 09:35:00+09:00,19200.0,19410.0,19160.0,19350.0,40591,0.0,0.0
2024-09-25 09:40:00+09:00,19350.0,19370.0,19190.0,19250.0,13959,0.0,0.0
2024-09-25 09:45:00+09:00,19250.0,19330.0,19200.0,19330.0,12268,0.0,0.0
2024-09-25 09:50:00+09:00,19330.0,19350.0,19220.0,19250.0,8403,0.0,0.0
2024-09-25 09:55:00+09:00,19250.0,19370.0,19250.0,19310.0,10136,0.0,0.0
2024-09-25 10:00:00+09:00,19310.0,19310.0,19150.0,19150.0,13462,0.0,0.0
2024-09-25 10:05:00+09:00,19150.0,19150.0,19080.0,19110.0,8904,0.0,0.0
2024-09-25 10:10:00+09:00,19100.0,19110.0,18980.0,18980.0,12083,0.0,0.0
2024-09-25 10:15:00+09:00,18980.0,19000.0,18900.0,18920.0,11645,0.0,0.0
2024-09-25 10:20:00+09:00,18920.0,18950.0,18920.0,18950.0,2839,0.0,0.0
2024-09-25 10:25:00+09:00,18950.0,18950.0,18920.0,18940.0,3697,0.0,0.0
2024-09-25 10:30:00+09:00,18950.0,18960.0,18930.0,18940.0,1833,0.0,0.0
2024-09-25 10:35:00+09:00,18940.0,18940.0,18910.0,18920.0,4196,0.0,0.0
2024-09-25 10:40:00+09:00,18930.0,19040.0,18920.0,19010.0,5320,0.0,0.0
2024-09-25 10:45:00+09:00,19010.0,19100.0,18980.0,19010.0,4994,0.0,0.0
2024-09-25 10:50:00+09:00,19010.0,19020.0,18980.0,19020.0,1280,0.0,0.0
2024-09-25 10:55:00+09:00,19010.0,19040.0,19000.0,19030.0,2293,0.0,0.0
2024-09-25 11:00:00+09:00,19040.0,19040.0,19000.0,19010.0,1206,0.0,0.0
2024-09-25 11:05:00+09:00,19010.0,19020.0,18970.0,19000.0,2336,0.0,0.0
2024-09-25 11:10:00+09:00,19000.0,19020.0,18980.0,19010.0,5316,0.0,0.0
2024-09-25 11:15:00+09:00,19020.0,19020.0,18970.0,19010.0,1135,0.0,0.0
2024-09-25 11:20:00+09:00,19010.0,19020.0,18980.0,19010.0,2853,0.0,0.0
2024-09-25 11:25:00+09:00,19010.0,19040.0,18980.0,19040.0,2044,0.0,0.0
2024-09-25 11:30:00+09:00,19040.0,19070.0,19000.0,19010.0,1634,0.0,0.0
2024-09-25 11:35:00+09:00,19020.0,19100.0,19000.0,19090.0,2592,0.0,0.0
2024-09-25 11:40:00+09:00,19100.0,19100.0,19050.0,19070.0,1317,0.0,0.0
2024-09-25 11:45:00+09:00,19060.0,19070.0,19000.0,19000.0,534,0.0,0.0
2024-09-25 11:50:00+09:00,19000.0,19000.0,18970.0,19000.0,1439,0.0,0.0
2024-09-25 11:55:00+09:00,19010.0,19010.0,18960.0,18970.0,2310,0.0,0.0
2024-09-25 12:00:00+09:00,18970.0,18990.0,18940.0,18940.0,2784,0.0,0.0
2024-09-25 12:05:00+09:00,18950.0,18950.0,18900.0,18920.0,6027,0.0,0.0
2024-09-25 12:10:00+09:00,18920.0,18960.0,18920.0,18940.0,2469,0.0,0.0
2024-09-25 12:15:00+09:00,18950.0,18950.0,18910.0,18950.0,4029,0.0,0.0
2024-09-25 12:20:00+09:00,18940.0,18970.0,18920.0,18970.0,2549,0.0,0.0
2024-09-25 12:25:00+09:00,18980.0,19000.0,18950.0,18970.0,1574,0.0,0.0
2024-09-25 12:30:00+09:00,18970.0,18990.0,18900.0,18910.0,9053,0.0,0.0
2024-09-25 12:35:00+09:00,18920.0,18950.0,18900.0,18940.0,2747,0.0,0.0
2024-09-25 12:40:00+09:00,18940.0,18940.0,18890.0,18890.0,2947,0.0,0.0
2024-09-25 12:45:00+09:00,18900.0,18920.0,18810.0,18880.0,7763,0.0,0.0
2024-09-25 12:50:00+09:00,18880.0,18880.0,18760.0,18850.0,9873,0.0,0.0
2024-09-25 12:55:00+09:00,18860.0,18860.0,18760.0,18800.0,3466,0.0,0.0
2024-09-25 13:00:00+09:00,18820.0,18820.0,18750.0,18790.0,3850,0.0,0.0
2024-09-25 13:05:00+09:00,18780.0,18820.0,18740.0,18800.0,5257,0.0,0.0
2024-09-25 13:10:00+09:00,18820.0,18840.0,18770.0,18790.0,4103,0.0,0.0
2024-09-25 13:15:00+09:00,18790.0,18790.0,18760.0,18770.0,3459,0.0,0.0
2024-09-25 13:20:00+09:00,18770.0,19000.0,18740.0,18760.0,7036,0.0,0.0
2024-09-25 13:25:00+09:00,18780.0,18790.0,18750.0,18750.0,4574,0.0,0.0
2024-09-25 13:30:00+09:00,18750.0,18780.0,18710.0,18730.0,7501,0.0,0.0
2024-09-25 13:35:00+09:00,18750.0,18750.0,18680.0,18690.0,5294,0.0,0.0
2024-09-25 13:40:00+09:00,18680.0,18720.0,18660.0,18700.0,6216,0.0,0.0
2024-09-25 13:45:00+09:00,18700.0,18760.0,18670.0,18760.0,5131,0.0,0.0
2024-09-25 13:50:00+09:00,18750.0,18750.0,18660.0,18700.0,4186,0.0,0.0
2024-09-25 13:55:00+09:00,18700.0,18790.0,18660.0,18720.0,5490,0.0,0.0
2024-09-25 14:00:00+09:00,18720.0,18730.0,18650.0,18680.0,6528,0.0,0.0
2024-09-25 14:05:00+09:00,18690.0,18700.0,18640.0,18640.0,6876,0.0,0.0
2024-09-25 14:10:00+09:00,18630.0,18680.0,18580.0,18620.0,7814,0.0,0.0
2024-09-25 14:15:00+09:00,18650.0,18650.0,18530.0,18530.0,6900,0.0,0.0
2024-09-25 14:20:00+09:00,18520.0,18570.0,18490.0,18500.0,7747,0.0,0.0
2024-09-25 14:25:00+09:00,18490.0,18530.0,18450.0,18480.0,8773,0.0,0.0
2024-09-25 14:30:00+09:00,18500.0,18500.0,18390.0,18430.0,10743,0.0,0.0
2024-09-25 14:35:00+09:00,18420.0,18430.0,18320.0,18350.0,17547,0.0,0.0
2024-09-25 14:40:00+09:00,18320.0,18370.0,18280.0,18280.0,11113,0.0,0.0
2024-09-25 14:45:00+09:00,18270.0,18280.0,18180.0,18210.0,17916,0.0,0.0
2024-09-25 14:50:00+09:00,18210.0,18210.0,18070.0,18110.0,17050,0.0,0.0
2024-09-25 14:55:00+09:00,18100.0,18100.0,18010.0,18030.0,21613,0.0,0.0
2024-09-26 09:00:00+09:00,18200.0,18550.0,18200.0,18450.0,25825,0.0,0.0
2024-09-26 09:05:00+09:00,18420.0,18520.0,18310.0,18450.0,18010,0.0,0.0
2024-09-26 09:10:00+09:00,18460.0,18490.0,18380.0,18470.0,7228,0.0,0.0
2024-09-26 09:15:00+09:00,18470.0,18520.0,18450.0,18500.0,6556,0.0,0.0
2024-09-26 09:20:00+09:00,18500.0,18710.0,18500.0,18650.0,26035,0.0,0.0
2024-09-26 09:25:00+09:00,18650.0,18660.0,18590.0,18650.0,6730,0.0,0.0
2024-09-26 09:30:00+09:00,18650.0,18660.0,18610.0,18610.0,2312,0.0,0.0
2024-09-26 09:35:00+09:00,18610.0,18650.0,18600.0,18650.0,4574,0.0,0.0
2024-09-26 09:40:00+09:00,18630.0,18780.0,18620.0,18700.0,10428,0.0,0.0
2024-09-26 09:45:00+09:00,18700.0,18720.0,18630.0,18700.0,4772,0.0,0.0
2024-09-26 09:50:00+09:00,18700.0,18700.0,18640.0,18680.0,4265,0.0,0.0
2024-09-26 09:55:00+09:00,18700.0,18700.0,18670.0,18690.0,2435,0.0,0.0
2024-09-26 10:00:00+09:00,18690.0,18700.0,18640.0,18680.0,2686,0.0,0.0
2024-09-26 10:05:00+09:00,18690.0,18730.0,18680.0,18700.0,3069,0.0,0.0
2024-09-26 10:10:00+09:00,18700.0,18750.0,18680.0,18750.0,3023,0.0,0.0
2024-09-26 10:15:00+09:00,18740.0,18740.0,18710.0,18710.0,1846,0.0,0.0
2024-09-26 10:20:00+09:00,18720.0,18750.0,18710.0,18740.0,3779,0.0,0.0
2024-09-26 10:25:00+09:00,18740.0,18750.0,18650.0,18660.0,3692,0.0,0.0
2024-09-26 10:30:00+09:00,18660.0,18710.0,18640.0,18710.0,2082,0.0,0.0
2024-09-26 10:35:00+09:00,18720.0,18720.0,18660.0,18660.0,891,0.0,0.0
2024-09-26 10:40:00+09:00,18660.0,18730.0,18660.0,18730.0,1260,0.0,0.0
2024-09-26 10:45:00+09:00,18730.0,18750.0,18690.0,18740.0,3468,0.0,0.0
2024-09-26 10:50:00+09:00,18740.0,18760.0,18720.0,18750.0,3666,0.0,0.0
2024-09-26 10:55:00+09:00,18750.0,18770.0,18730.0,18740.0,3609,0.0,0.0
2024-09-26 11:00:00+09:00,18740.0,18770.0,18730.0,18770.0,3260,0.0,0.0
2024-09-26 11:05:00+09:00,18770.0,18910.0,18770.0,18900.0,13568,0.0,0.0
2024-09-26 11:10:00+09:00,18900.0,18930.0,18860.0,18900.0,4947,0.0,0.0
2024-09-26 11:15:00+09:00,18900.0,18920.0,18850.0,18910.0,3001,0.0,0.0
2024-09-26 11:20:00+09:00,18910.0,18930.0,18890.0,18900.0,2014,0.0,0.0
2024-09-26 11:25:00+09:00,18890.0,18900.0,18870.0,18870.0,607,0.0,0.0
2024-09-26 11:30:00+09:00,18880.0,18900.0,18850.0,18890.0,1599,0.0,0.0
2024-09-26 11:35:00+09:00,18880.0,18920.0,18880.0,18910.0,1239,0.0,0.0
2024-09-26 11:40:00+09:00,18920.0,19060.0,18910.0,19050.0,15901,0.0,0.0
2024-09-26 11:45:00+09:00,19060.0,19170.0,18980.0,19120.0,20941,0.0,0.0
2024-09-26 11:50:00+09:00,19120.0,19270.0,19120.0,19210.0,28282,0.0,0.0
2024-09-26 11:55:00+09:00,19210.0,19250.0,19170.0,19190.0,6906,0.0,0.0
2024-09-26 12:00:00+09:00,19200.0,19340.0,19160.0,19280.0,28157,0.0,0.0
2024-09-26 12:05:00+09:00,19270.0,19290.0,19070.0,19230.0,14323,0.0,0.0
2024-09-26 12:10:00+09:00,19230.0,19250.0,19170.0,19230.0,7992,0.0,0.0
2024-09-26 12:15:00+09:00,19230.0,19320.0,19210.0,19240.0,21230,0.0,0.0
2024-09-26 12:20:00+09:00,19230.0,19280.0,19170.0,19210.0,3715,0.0,0.0
2024-09-26 12:25:00+09:00,19210.0,19230.0,19180.0,19220.0,1584,0.0,0.0
2024-09-26 12:30:00+09:00,19220.0,19230.0,19180.0,19220.0,3983,0.0,0.0
2024-09-26 12:35:00+09:00,19220.0,19290.0,19200.0,19280.0,10121,0.0,0.0
2024-09-26 12:40:00+09:00,19280.0,19300.0,19260.0,19270.0,6127,0.0,0.0
2024-09-26 12:45:00+09:00,19260.0,19270.0,19220.0,19220.0,2864,0.0,0.0
2024-09-26 12:50:00+09:00,19220.0,19280.0,19220.0,19270.0,4495,0.0,0.0
2024-09-26 12:55:00+09:00,19260.0,19550.0,19260.0,19460.0,91549,0.0,0.0
2024-09-26 13:00:00+09:00,19460.0,19500.0,19330.0,19330.0,18061,0.0,0.0
2024-09-26 13:05:00+09:00,19330.0,19430.0,19330.0,19360.0,7922,0.0,0.0
2024-09-26 13:10:00+09:00,19360.0,19420.0,19350.0,19390.0,4122,0.0,0.0
2024-09-26 13:15:00+09:00,19380.0,19420.0,19330.0,19390.0,9419,0.0,0.0
2024-09-26 13:20:00+09:00,19390.0,19390.0,19330.0,19380.0,5281,0.0,0.0
2024-09-26 13:25:00+09:00,19390.0,19440.0,19380.0,19440.0,8039,0.0,0.0
2024-09-26 13:30:00+09:00,19430.0,19450.0,19370.0,19380.0,7389,0.0,0.0
2024-09-26 13:35:00+09:00,19380.0,19390.0,19250.0,19270.0,11698,0.0,0.0
2024-09-26 13:40:00+09:00,19280.0,19360.0,19250.0,19360.0,4555,0.0,0.0
2024-09-26 13:45:00+09:00,19350.0,19390.0,19260.0,19320.0,7058,0.0,0.0
2024-09-26 13:50:00+09:00,19320.0,19360.0,19280.0,19320.0,3049,0.0,0.0
2024-09-26 13:55:00+09:00,19320.0,19370.0,19310.0,19360.0,3978,0.0,0.0
2024-09-26 14:00:00+09:00,19360.0,19370.0,19310.0,19340.0,2499,0.0,0.0
2024-09-26 14:05:00+09:00,19330.0,19330.0,19240.0,19260.0,11279,0.0,0.0
2024-09-26 14:10:00+09:00,19260.0,19270.0,19170.0,19250.0,7050,0.0,0.0
2024-09-26 14:15:00+09:00,19250.0,19260.0,19200.0,19220.0,3564,0.0,0.0
2024-09-26 14:20:00+09:00,19230.0,19230.0,19170.0,19210.0,4012,0.0,0.0
2024-09-26 14:25:00+09:00,19200.0,19230.0,19180.0,19220.0,5541,0.0,0.0
2024-09-26 14:30:00+09:00,19210.0,19250.0,19190.0,19220.0,2956,0.0,0.0
2024-09-26 14:35:00+09:00,19210.0,19290.0,19200.0,19290.0,5537,0.0,0.0
2024-09-26 14:40:00+09:00,19280.0,19380.0,19270.0,19350.0,9387,0.0,0.0
2024-09-26 14:45:00+09:00,19340.0,19400.0,19320.0,19380.0,6218,0.0,0.0
2024-09-26 14:50:00+09:00,19390.0,19520.0,19370.0,19450.0,28198,0.0,0.0
2024-09-26 14:55:00+09:00,19460.0,19550.0,19450.0,19510.0,21226,0.0,0.0
2024-09-27 09:00:00+09:00,19400.0,20250.0,19110.0,20100.0,100576,0.0,0.0
2024-09-27 09:05:00+09:00,20100.0,20250.0,19840.0,19890.0,74057,0.0,0.0
2024-09-27 09:10:00+09:00,19890.0,19950.0,19700.0,19920.0,32039,0.0,0.0
2024-09-27 09:15:00+09:00,19870.0,20100.0,19600.0,19920.0,53206,0.0,0.0
2024-09-27 09:20:00+09:00,19920.0,19930.0,19640.0,19640.0,31009,0.0,0.0
2024-09-27 09:25:00+09:00,19640.0,19650.0,19450.0,19490.0,23610,0.0,0.0
2024-09-27 09:30:00+09:00,19500.0,19650.0,19440.0,19540.0,13776,0.0,0.0
2024-09-27 09:35:00+09:00,19540.0,19730.0,19480.0,19560.0,18773,0.0,0.0
2024-09-27 09:40:00+09:00,19590.0,19630.0,19460.0,19460.0,8807,0.0,0.0
2024-09-27 09:45:00+09:00,19460.0,19480.0,19390.0,19400.0,10082,0.0,0.0
2024-09-27 09:50:00+09:00,19400.0,19470.0,19320.0,19340.0,12028,0.0,0.0
2024-09-27 09:55:00+09:00,19340.0,19450.0,19310.0,19350.0,6490,0.0,0.0
2024-09-27 10:00:00+09:00,19350.0,19370.0,19320.0,19320.0,3946,0.0,0.0
2024-09-27 10:05:00+09:00,19340.0,19450.0,19340.0,19390.0,3871,0.0,0.0
2024-09-27 10:10:00+09:00,19380.0,19540.0,19380.0,19500.0,7192,0.0,0.0
2024-09-27 10:15:00+09:00,19500.0,19640.0,19500.0,19630.0,8821,0.0,0.0
2024-09-27 10:20:00+09:00,19630.0,19700.0,19600.0,19660.0,10584,0.0,0.0
2024-09-27 10:25:00+09:00,19670.0,19680.0,19540.0,19540.0,4142,0.0,0.0
2024-09-27 10:30:00+09:00,19530.0,19550.0,19450.0,19490.0,6159,0.0,0.0
2024-09-27 10:35:00+09:00,19550.0,19550.0,19450.0,19460.0,3668,0.0,0.0
2024-09-27 10:40:00+09:00,19460.0,19470.0,19410.0,19440.0,2909,0.0,0.0
2024-09-27 10:45:00+09:00,19450.0,19470.0,19410.0,19460.0,1203,0.0,0.0
2024-09-27 10:50:00+09:00,19460.0,19470.0,19440.0,19460.0,2009,0.0,0.0
2024-09-27 10:55:00+09:00,19470.0,19470.0,19390.0,19390.0,4211,0.0,0.0
2024-09-27 11:00:00+09:00,19390.0,19470.0,19390.0,19470.0,3439,0.0,0.0
2024-09-27 11:05:00+09:00,19460.0,19470.0,19410.0,19470.0,3734,0.0,0.0
2024-09-27 11:10:00+09:00,19470.0,19570.0,19470.0,19570.0,4805,0.0,0.0
2024-09-27 11:15:00+09:00,19570.0,19610.0,19560.0,19570.0,4089,0.0,0.0
2024-09-27 11:20:00+09:00,19570.0,19580.0,19540.0,19540.0,1938,0.0,0.0
2024-09-27 11:25:00+09:00,19540.0,19580.0,19540.0,19560.0,1392,0.0,0.0
2024-09-27 11:30:00+09:00,19560.0,19580.0,19460.0,19470.0,2734,0.0,0.0
2024-09-27 11:35:00+09:00,19470.0,19470.0,19410.0,19440.0,4595,0.0,0.0
2024-09-27 11:40:00+09:00,19440.0,19450.0,19420.0,19450.0,656,0.0,0.0
2024-09-27 11:45:00+09:00,19450.0,19460.0,19420.0,19460.0,1553,0.0,0.0
2024-09-27 11:50:00+09:00,19450.0,19470.0,19440.0,19440.0,1630,0.0,0.0
2024-09-27 11:55:00+09:00,19440.0,19480.0,19440.0,19480.0,1300,0.0,0.0
2024-09-27 12:00:00+09:00,19480.0,19500.0,19430.0,19440.0,2660,0.0,0.0
2024-09-27 12:05:00+09:00,19440.0,19440.0,19410.0,19420.0,3076,0.0,0.0
2024-09-27 12:10:00+09:00,19410.0,19440.0,19410.0,19440.0,649,0.0,0.0
2024-09-27 12:15:00+09:00,19440.0,19470.0,19440.0,19450.0,480,0.0,0.0
2024-09-27 12:20:00+09:00,19450.0,19450.0,19390.0,19400.0,4471,0.0,0.0
2024-09-27 12:25:00+09:00,19400.0,19420.0,19400.0,19420.0,504,0.0,0.0
2024-09-27 12:30:00+09:00,19410.0,19430.0,19410.0,19410.0,704,0.0,0.0
2024-09-27 12:35:00+09:00,19410.0,19430.0,19380.0,19410.0,2376,0.0,0.0
2024-09-27 12:40:00+09:00,19430.0,19430.0,19400.0,19430.0,1293,0.0,0.0
2024-09-27 12:45:00+09:00,19430.0,19430.0,19390.0,19390.0,2481,0.0,0.0
2024-09-27 12:50:00+09:00,19390.0,19520.0,19390.0,19440.0,2522,0.0,0.0
2024-09-27 12:55:00+09:00,19440.0,19500.0,19440.0,19470.0,3686,0.0,0.0
2024-09-27 13:00:00+09:00,19470.0,19480.0,19450.0,19460.0,1321,0.0,0.0
2024-09-27 13:05:00+09:00,19460.0,19510.0,19460.0,19510.0,1074,0.0,0.0
2024-09-27 13:10:00+09:00,19490.0,19500.0,19450.0,19460.0,2090,0.0,0.0
2024-09-27 13:15:00+09:00,19460.0,19470.0,19430.0,19440.0,1131,0.0,0.0
2024-09-27 13:20:00+09:00,19430.0,19450.0,19420.0,19430.0,544,0.0,0.0
2024-09-27 13:25:00+09:00,19440.0,19570.0,19410.0,19560.0,5619,0.0,0.0
2024-09-27 13:30:00+09:00,19560.0,19570.0,19490.0,19510.0,2565,0.0,0.0
2024-09-27 13:35:00+09:00,19510.0,19540.0,19490.0,19530.0,1798,0.0,0.0
2024-09-27 13:40:00+09:00,19520.0,19570.0,19510.0,19560.0,3369,0.0,0.0
2024-09-27 13:45:00+09:00,19560.0,19560.0,19460.0,19480.0,2626,0.0,0.0
2024-09-27 13:50:00+09:00,19480.0,19500.0,19470.0,19500.0,645,0.0,0.0
2024-09-27 13:55:00+09:00,19490.0,19550.0,19470.0,19470.0,3296,0.0,0.0
2024-09-27 14:00:00+09:00,19470.0,19470.0,19430.0,19440.0,435,0.0,0.0
2024-09-27 14:05:00+09:00,19440.0,19440.0,19380.0,19380.0,6362,0.0,0.0
2024-09-27 14:10:00+09:00,19390.0,19500.0,19390.0,19500.0,2999,0.0,0.0
2024-09-27 14:15:00+09:00,19460.0,19470.0,19440.0,19470.0,684,0.0,0.0
2024-09-27 14:20:00+09:00,19460.0,19460.0,19410.0,19410.0,1028,0.0,0.0
2024-09-27 14:25:00+09:00,19420.0,19420.0,19380.0,19380.0,2408,0.0,0.0
2024-09-27 14:30:00+09:00,19390.0,19400.0,19290.0,19300.0,11127,0.0,0.0
2024-09-27 14:35:00+09:00,19290.0,19310.0,19240.0,19310.0,5640,0.0,0.0
2024-09-27 14:40:00+09:00,19310.0,19390.0,19280.0,19280.0,2371,0.0,0.0
2024-09-27 14:45:00+09:00,19290.0,19330.0,19270.0,19300.0,1503,0.0,0.0
2024-09-27 14:50:00+09:00,19300.0,19350.0,19290.0,19330.0,2692,0.0,0.0
2024-09-27 14:55:00+09:00,19340.0,19390.0,19330.0,19380.0,2066,0.0,0.0
