Datetime,Open,High,Low,Close,Volume,Dividends,Stock Splits
2024-08-29 09:00:00+09:00,483.0,487.0,483.0,487.0,0,0.0,0.0
2024-08-29 09:05:00+09:00,487.0,487.0,484.0,487.0,99,0.0,0.0
2024-08-29 09:15:00+09:00,484.0,484.0,476.0,476.0,9614,0.0,0.0
2024-08-29 09:20:00+09:00,484.0,484.0,484.0,484.0,0,0.0,0.0
2024-08-29 09:25:00+09:00,478.0,478.0,478.0,478.0,1462,0.0,0.0
2024-08-29 09:30:00+09:00,479.0,484.0,479.0,484.0,3222,0.0,0.0
2024-08-29 09:35:00+09:00,484.0,487.0,484.0,486.0,3809,0.0,0.0
2024-08-29 09:40:00+09:00,486.0,487.0,485.0,485.0,7408,0.0,0.0
2024-08-29 09:50:00+09:00,487.0,487.0,484.0,484.0,1490,0.0,0.0
2024-08-29 10:00:00+09:00,487.0,487.0,487.0,487.0,0,0.0,0.0
2024-08-29 10:05:00+09:00,487.0,487.0,484.0,484.0,937,0.0,0.0
2024-08-29 10:10:00+09:00,484.0,484.0,484.0,484.0,0,0.0,0.0
2024-08-29 10:15:00+09:00,487.0,487.0,484.0,484.0,101,0.0,0.0
2024-08-29 10:20:00+09:00,484.0,484.0,481.0,481.0,4537,0.0,0.0
2024-08-29 10:30:00+09:00,482.0,482.0,481.0,481.0,501,0.0,0.0
2024-08-29 10:35:00+09:00,482.0,482.0,482.0,482.0,36,0.0,0.0
2024-08-29 10:45:00+09:00,482.0,482.0,481.0,481.0,5004,0.0,0.0
2024-08-29 10:50:00+09:00,485.0,485.0,482.0,485.0,1628,0.0,0.0
2024-08-29 10:55:00+09:00,482.0,482.0,482.0,482.0,730,0.0,0.0
2024-08-29 11:05:00+09:00,485.0,485.0,485.0,485.0,31,0.0,0.0
2024-08-29 11:10:00+09:00,482.0,482.0,482.0,482.0,1464,0.0,0.0
2024-08-29 11:15:00+09:00,483.0,483.0,483.0,483.0,223,0.0,0.0
2024-08-29 11:20:00+09:00,483.0,484.0,483.0,484.0,2012,0.0,0.0
2024-08-29 11:25:00+09:00,484.0,484.0,483.0,483.0,3270,0.0,0.0
2024-08-29 11:35:00+09:00,483.0,483.0,483.0,483.0,1193,0.0,0.0
2024-08-29 11:40:00+09:00,483.0,483.0,483.0,483.0,923,0.0,0.0
2024-08-29 11:45:00+09:00,483.0,483.0,483.0,483.0,7616,0.0,0.0
2024-08-29 11:50:00+09:00,483.0,483.0,483.0,483.0,5004,0.0,0.0
2024-08-29 11:55:00+09:00,483.0,483.0,483.0,483.0,52,0.0,0.0
2024-08-29 12:00:00+09:00,483.0,483.0,482.0,482.0,1523,0.0,0.0
2024-08-29 12:05:00+09:00,482.0,482.0,482.0,482.0,0,0.0,0.0
2024-08-29 12:10:00+09:00,481.0,481.0,481.0,481.0,4114,0.0,0.0
2024-08-29 12:15:00+09:00,482.0,483.0,480.0,480.0,2326,0.0,0.0
2024-08-29 12:25:00+09:00,482.0,482.0,482.0,482.0,0,0.0,0.0
2024-08-29 12:30:00+09:00,481.0,481.0,481.0,481.0,4686,0.0,0.0
2024-08-29 12:35:00+09:00,481.0,482.0,481.0,481.0,9,0.0,0.0
2024-08-29 12:40:00+09:00,480.0,480.0,480.0,480.0,1457,0.0,0.0
2024-08-29 12:45:00+09:00,481.0,481.0,481.0,481.0,0,0.0,0.0
2024-08-29 12:50:00+09:00,481.0,481.0,481.0,481.0,1,0.0,0.0
2024-08-29 12:55:00+09:00,480.0,482.0,480.0,482.0,1012,0.0,0.0
2024-08-29 13:00:00+09:00,480.0,480.0,480.0,480.0,0,0.0,0.0
2024-08-29 13:05:00+09:00,480.0,480.0,480.0,480.0,1461,0.0,0.0
2024-08-29 13:10:00+09:00,481.0,481.0,478.0,479.0,25715,0.0,0.0
2024-08-29 13:20:00+09:00,479.0,479.0,478.0,479.0,1332,0.0,0.0
2024-08-29 13:25:00+09:00,480.0,480.0,480.0,480.0,0,0.0,0.0
2024-08-29 13:30:00+09:00,480.0,480.0,480.0,480.0,1629,0.0,0.0
2024-08-29 13:35:00+09:00,479.0,480.0,479.0,480.0,2714,0.0,0.0
2024-08-29 13:40:00+09:00,479.0,479.0,479.0,479.0,319,0.0,0.0
2024-08-29 13:50:00+09:00,480.0,480.0,480.0,480.0,153,0.0,0.0
2024-08-29 13:55:00+09:00,480.0,480.0,480.0,480.0,63,0.0,0.0
2024-08-29 14:00:00+09:00,480.0,480.0,480.0,480.0,350,0.0,0.0
2024-08-29 14:05:00+09:00,479.0,480.0,479.0,479.0,122,0.0,0.0
2024-08-29 14:10:00+09:00,479.0,480.0,479.0,480.0,120,0.0,0.0
2024-08-29 14:20:00+09:00,479.0,480.0,479.0,480.0,1159,0.0,0.0
2024-08-29 14:25:00+09:00,479.0,479.0,478.0,479.0,22,0.0,0.0
2024-08-29 14:30:00+09:00,479.0,479.0,479.0,479.0,188,0.0,0.0
2024-08-29 14:35:00+09:00,479.0,479.0,478.0,478.0,5431,0.0,0.0
2024-08-29 14:55:00+09:00,479.0,479.0,479.0,479.0,0,0.0,0.0
2024-08-30 09:00:00+09:00,480.0,481.0,480.0,481.0,11705,0.0,0.0
2024-08-30 09:05:00+09:00,481.0,481.0,480.0,480.0,230,0.0,0.0
2024-08-30 09:10:00+09:00,480.0,483.0,480.0,483.0,933,0.0,0.0
2024-08-30 09:15:00+09:00,483.0,609.0,483.0,609.0,604759,0.0,0.0
2024-08-30 09:20:00+09:00,621.0,621.0,621.0,621.0,3214496,0.0,0.0
2024-08-30 09:25:00+09:00,621.0,621.0,559.0,559.0,1782538,0.0,0.0
2024-08-30 09:30:00+09:00,559.0,566.0,532.0,542.0,2131826,0.0,0.0
2024-08-30 09:35:00+09:00,544.0,550.0,520.0,527.0,1234630,0.0,0.0
2024-08-30 09:40:00+09:00,527.0,529.0,521.0,526.0,439867,0.0,0.0
2024-08-30 09:45:00+09:00,526.0,528.0,517.0,523.0,305619,0.0,0.0
2024-08-30 09:50:00+09:00,523.0,525.0,514.0,520.0,393248,0.0,0.0
2024-08-30 09:55:00+09:00,520.0,524.0,515.0,522.0,192127,0.0,0.0
2024-08-30 10:00:00+09:00,522.0,534.0,522.0,530.0,368773,0.0,0.0
2024-08-30 10:05:00+09:00,531.0,535.0,525.0,531.0,122261,0.0,0.0
2024-08-30 10:10:00+09:00,531.0,533.0,521.0,521.0,140158,0.0,0.0
2024-08-30 10:15:00+09:00,521.0,525.0,519.0,523.0,102196,0.0,0.0
2024-08-30 10:20:00+09:00,522.0,523.0,517.0,518.0,102257,0.0,0.0
2024-08-30 10:25:00+09:00,517.0,522.0,517.0,517.0,95215,0.0,0.0
2024-08-30 10:30:00+09:00,520.0,522.0,518.0,522.0,44865,0.0,0.0
2024-08-30 10:35:00+09:00,522.0,531.0,521.0,530.0,154823,0.0,0.0
2024-08-30 10:40:00+09:00,530.0,530.0,520.0,524.0,126467,0.0,0.0
2024-08-30 10:45:00+09:00,524.0,524.0,519.0,522.0,42315,0.0,0.0
2024-08-30 10:50:00+09:00,521.0,527.0,520.0,525.0,47488,0.0,0.0
2024-08-30 10:55:00+09:00,525.0,526.0,524.0,524.0,9027,0.0,0.0
2024-08-30 11:00:00+09:00,525.0,525.0,520.0,523.0,22740,0.0,0.0
2024-08-30 11:05:00+09:00,523.0,526.0,520.0,522.0,41356,0.0,0.0
2024-08-30 11:10:00+09:00,522.0,524.0,520.0,524.0,38921,0.0,0.0
2024-08-30 11:15:00+09:00,524.0,525.0,519.0,520.0,46849,0.0,0.0
2024-08-30 11:20:00+09:00,522.0,524.0,521.0,524.0,24183,0.0,0.0
2024-08-30 11:25:00+09:00,522.0,524.0,518.0,518.0,64708,0.0,0.0
2024-08-30 11:30:00+09:00,521.0,521.0,517.0,518.0,23723,0.0,0.0
2024-08-30 11:35:00+09:00,519.0,522.0,518.0,521.0,33840,0.0,0.0
2024-08-30 11:40:00+09:00,521.0,523.0,517.0,518.0,60181,0.0,0.0
2024-08-30 11:45:00+09:00,521.0,521.0,516.0,518.0,34976,0.0,0.0
2024-08-30 11:50:00+09:00,518.0,521.0,514.0,514.0,84289,0.0,0.0
2024-08-30 11:55:00+09:00,514.0,515.0,506.0,506.0,226175,0.0,0.0
2024-08-30 12:00:00+09:00,508.0,515.0,505.0,510.0,104526,0.0,0.0
2024-08-30 12:05:00+09:00,510.0,511.0,505.0,509.0,78237,0.0,0.0
2024-08-30 12:10:00+09:00,509.0,513.0,508.0,512.0,39713,0.0,0.0
2024-08-30 12:15:00+09:00,512.0,512.0,507.0,511.0,23804,0.0,0.0
2024-08-30 12:20:00+09:00,509.0,511.0,504.0,507.0,64504,0.0,0.0
2024-08-30 12:25:00+09:00,506.0,510.0,504.0,508.0,28089,0.0,0.0
2024-08-30 12:30:00+09:00,508.0,510.0,506.0,509.0,25831,0.0,0.0
2024-08-30 12:35:00+09:00,510.0,512.0,506.0,506.0,40016,0.0,0.0
2024-08-30 12:40:00+09:00,506.0,509.0,506.0,508.0,14604,0.0,0.0
2024-08-30 12:45:00+09:00,508.0,510.0,505.0,509.0,43489,0.0,0.0
2024-08-30 12:50:00+09:00,510.0,511.0,506.0,507.0,48093,0.0,0.0
2024-08-30 12:55:00+09:00,507.0,509.0,505.0,505.0,16696,0.0,0.0
2024-08-30 13:00:00+09:00,505.0,508.0,504.0,504.0,18775,0.0,0.0
2024-08-30 13:05:00+09:00,505.0,509.0,504.0,508.0,28196,0.0,0.0
2024-08-30 13:10:00+09:00,507.0,510.0,504.0,505.0,25228,0.0,0.0
2024-08-30 13:15:00+09:00,506.0,509.0,506.0,506.0,12534,0.0,0.0
2024-08-30 13:20:00+09:00,506.0,511.0,506.0,508.0,143266,0.0,0.0
2024-08-30 13:25:00+09:00,508.0,511.0,505.0,507.0,57294,0.0,0.0
2024-08-30 13:30:00+09:00,508.0,510.0,504.0,508.0,58813,0.0,0.0
2024-08-30 13:35:00+09:00,510.0,512.0,508.0,510.0,73079,0.0,0.0
2024-08-30 13:40:00+09:00,511.0,512.0,504.0,509.0,121901,0.0,0.0
2024-08-30 13:45:00+09:00,509.0,509.0,505.0,508.0,47749,0.0,0.0
2024-08-30 13:50:00+09:00,509.0,510.0,504.0,507.0,39013,0.0,0.0
2024-08-30 13:55:00+09:00,507.0,508.0,504.0,507.0,32824,0.0,0.0
2024-08-30 14:00:00+09:00,507.0,516.0,506.0,509.0,104440,0.0,0.0
2024-08-30 14:05:00+09:00,509.0,512.0,506.0,506.0,62051,0.0,0.0
2024-08-30 14:10:00+09:00,507.0,510.0,505.0,510.0,42669,0.0,0.0
2024-08-30 14:15:00+09:00,510.0,512.0,504.0,508.0,96843,0.0,0.0
2024-08-30 14:20:00+09:00,508.0,509.0,506.0,507.0,15716,0.0,0.0
2024-08-30 14:25:00+09:00,507.0,511.0,507.0,510.0,40893,0.0,0.0
2024-08-30 14:30:00+09:00,510.0,518.0,510.0,515.0,97666,0.0,0.0
2024-08-30 14:35:00+09:00,516.0,516.0,506.0,509.0,65629,0.0,0.0
2024-08-30 14:40:00+09:00,509.0,518.0,509.0,510.0,67238,0.0,0.0
2024-08-30 14:45:00+09:00,510.0,514.0,506.0,510.0,121507,0.0,0.0
2024-08-30 14:50:00+09:00,511.0,511.0,503.0,509.0,106444,0.0,0.0
2024-08-30 14:55:00+09:00,509.0,509.0,507.0,509.0,51912,0.0,0.0
2024-09-02 09:00:00+09:00,502.0,504.0,495.0,501.0,0,0.0,0.0
2024-09-02 09:05:00+09:00,501.0,512.0,501.0,507.0,118631,0.0,0.0
2024-09-02 09:10:00+09:00,506.0,506.0,502.0,502.0,34063,0.0,0.0
2024-09-02 09:15:00+09:00,502.0,510.0,500.0,506.0,52457,0.0,0.0
2024-09-02 09:20:00+09:00,506.0,506.0,497.0,498.0,43950,0.0,0.0
2024-09-02 09:25:00+09:00,498.0,502.0,497.0,502.0,38730,0.0,0.0
2024-09-02 09:30:00+09:00,502.0,502.0,496.0,498.0,37787,0.0,0.0
2024-09-02 09:35:00+09:00,498.0,498.0,494.0,497.0,19833,0.0,0.0
2024-09-02 09:40:00+09:00,497.0,498.0,495.0,497.0,9159,0.0,0.0
2024-09-02 09:45:00+09:00,497.0,498.0,495.0,497.0,17827,0.0,0.0
2024-09-02 09:50:00+09:00,496.0,497.0,494.0,495.0,26875,0.0,0.0
2024-09-02 09:55:00+09:00,495.0,496.0,493.0,496.0,16992,0.0,0.0
2024-09-02 10:00:00+09:00,496.0,499.0,494.0,499.0,25485,0.0,0.0
2024-09-02 10:05:00+09:00,499.0,500.0,495.0,498.0,32958,0.0,0.0
2024-09-02 10:10:00+09:00,498.0,498.0,496.0,496.0,17748,0.0,0.0
2024-09-02 10:15:00+09:00,496.0,499.0,495.0,499.0,11281,0.0,0.0
2024-09-02 10:20:00+09:00,496.0,497.0,496.0,496.0,49635,0.0,0.0
2024-09-02 10:25:00+09:00,497.0,497.0,495.0,495.0,3862,0.0,0.0
2024-09-02 10:30:00+09:00,496.0,497.0,494.0,495.0,5705,0.0,0.0
2024-09-02 10:35:00+09:00,495.0,497.0,493.0,493.0,39006,0.0,0.0
2024-09-02 10:40:00+09:00,494.0,496.0,493.0,496.0,6943,0.0,0.0
2024-09-02 10:45:00+09:00,496.0,496.0,493.0,493.0,9072,0.0,0.0
2024-09-02 10:50:00+09:00,493.0,494.0,493.0,493.0,3630,0.0,0.0
2024-09-02 10:55:00+09:00,493.0,495.0,493.0,495.0,14220,0.0,0.0
2024-09-02 11:00:00+09:00,496.0,498.0,496.0,496.0,10067,0.0,0.0
2024-09-02 11:05:00+09:00,496.0,499.0,496.0,496.0,15302,0.0,0.0
2024-09-02 11:10:00+09:00,496.0,497.0,493.0,494.0,22208,0.0,0.0
2024-09-02 11:15:00+09:00,494.0,497.0,494.0,497.0,965,0.0,0.0
2024-09-02 11:20:00+09:00,496.0,497.0,495.0,497.0,4273,0.0,0.0
2024-09-02 11:25:00+09:00,497.0,497.0,494.0,494.0,15561,0.0,0.0
2024-09-02 11:30:00+09:00,494.0,495.0,493.0,494.0,5678,0.0,0.0
2024-09-02 11:35:00+09:00,494.0,495.0,493.0,494.0,3633,0.0,0.0
2024-09-02 11:40:00+09:00,495.0,497.0,493.0,497.0,19217,0.0,0.0
2024-09-02 11:45:00+09:00,497.0,498.0,495.0,496.0,5610,0.0,0.0
2024-09-02 11:50:00+09:00,496.0,498.0,496.0,498.0,3277,0.0,0.0
2024-09-02 11:55:00+09:00,498.0,498.0,496.0,497.0,5202,0.0,0.0
2024-09-02 12:00:00+09:00,498.0,499.0,496.0,498.0,13434,0.0,0.0
2024-09-02 12:05:00+09:00,498.0,502.0,497.0,502.0,8394,0.0,0.0
2024-09-02 12:10:00+09:00,502.0,502.0,500.0,502.0,6403,0.0,0.0
2024-09-02 12:15:00+09:00,502.0,502.0,498.0,501.0,2480,0.0,0.0
2024-09-02 12:20:00+09:00,501.0,501.0,497.0,499.0,3066,0.0,0.0
2024-09-02 12:25:00+09:00,499.0,499.0,496.0,497.0,863,0.0,0.0
2024-09-02 12:30:00+09:00,497.0,499.0,496.0,499.0,6370,0.0,0.0
2024-09-02 12:35:00+09:00,499.0,501.0,497.0,500.0,7243,0.0,0.0
2024-09-02 12:40:00+09:00,498.0,500.0,495.0,499.0,10250,0.0,0.0
2024-09-02 12:45:00+09:00,496.0,499.0,493.0,497.0,19546,0.0,0.0
2024-09-02 12:50:00+09:00,495.0,498.0,494.0,498.0,4287,0.0,0.0
2024-09-02 12:55:00+09:00,497.0,498.0,495.0,498.0,1464,0.0,0.0
2024-09-02 13:00:00+09:00,497.0,497.0,496.0,496.0,26,0.0,0.0
2024-09-02 13:05:00+09:00,495.0,496.0,494.0,496.0,10855,0.0,0.0
2024-09-02 13:10:00+09:00,496.0,496.0,493.0,495.0,6078,0.0,0.0
2024-09-02 13:15:00+09:00,495.0,495.0,493.0,494.0,12902,0.0,0.0
2024-09-02 13:20:00+09:00,494.0,496.0,494.0,496.0,2785,0.0,0.0
2024-09-02 13:25:00+09:00,496.0,497.0,494.0,494.0,10362,0.0,0.0
2024-09-02 13:30:00+09:00,496.0,497.0,494.0,496.0,7328,0.0,0.0
2024-09-02 13:35:00+09:00,495.0,496.0,495.0,496.0,6909,0.0,0.0
2024-09-02 13:40:00+09:00,496.0,497.0,493.0,496.0,5248,0.0,0.0
2024-09-02 13:45:00+09:00,494.0,496.0,493.0,495.0,8764,0.0,0.0
2024-09-02 13:50:00+09:00,495.0,495.0,488.0,493.0,64949,0.0,0.0
2024-09-02 13:55:00+09:00,493.0,494.0,490.0,490.0,33626,0.0,0.0
2024-09-02 14:00:00+09:00,492.0,493.0,489.0,493.0,4734,0.0,0.0
2024-09-02 14:05:00+09:00,493.0,494.0,490.0,490.0,3166,0.0,0.0
2024-09-02 14:10:00+09:00,490.0,492.0,488.0,491.0,6640,0.0,0.0
2024-09-02 14:15:00+09:00,490.0,491.0,484.0,489.0,62196,0.0,0.0
2024-09-02 14:20:00+09:00,488.0,491.0,486.0,487.0,22521,0.0,0.0
2024-09-02 14:25:00+09:00,489.0,489.0,485.0,488.0,3764,0.0,0.0
2024-09-02 14:30:00+09:00,489.0,490.0,484.0,486.0,18436,0.0,0.0
2024-09-02 14:35:00+09:00,487.0,488.0,483.0,487.0,47938,0.0,0.0
2024-09-02 14:40:00+09:00,486.0,489.0,484.0,487.0,15445,0.0,0.0
2024-09-02 14:45:00+09:00,487.0,488.0,485.0,487.0,7325,0.0,0.0
2024-09-02 14:50:00+09:00,486.0,490.0,486.0,490.0,12028,0.0,0.0
2024-09-02 14:55:00+09:00,490.0,491.0,488.0,490.0,3473,0.0,0.0
2024-09-03 09:00:00+09:00,487.0,494.0,487.0,487.0,38362,0.0,0.0
2024-09-03 09:05:00+09:00,492.0,492.0,485.0,488.0,18774,0.0,0.0
2024-09-03 09:10:00+09:00,488.0,489.0,481.0,481.0,47242,0.0,0.0
2024-09-03 09:15:00+09:00,486.0,486.0,481.0,484.0,8012,0.0,0.0
2024-09-03 09:20:00+09:00,482.0,486.0,482.0,484.0,5325,0.0,0.0
2024-09-03 09:25:00+09:00,485.0,486.0,482.0,486.0,9988,0.0,0.0
2024-09-03 09:30:00+09:00,486.0,489.0,486.0,488.0,9735,0.0,0.0
2024-09-03 09:35:00+09:00,488.0,489.0,485.0,489.0,8091,0.0,0.0
2024-09-03 09:40:00+09:00,489.0,489.0,485.0,489.0,547,0.0,0.0
2024-09-03 09:45:00+09:00,489.0,490.0,486.0,490.0,6384,0.0,0.0
2024-09-03 09:50:00+09:00,486.0,490.0,484.0,490.0,4905,0.0,0.0
2024-09-03 09:55:00+09:00,490.0,490.0,485.0,485.0,1467,0.0,0.0
2024-09-03 10:00:00+09:00,489.0,489.0,486.0,486.0,3460,0.0,0.0
2024-09-03 10:05:00+09:00,485.0,488.0,485.0,485.0,13241,0.0,0.0
2024-09-03 10:10:00+09:00,487.0,490.0,485.0,489.0,2217,0.0,0.0
2024-09-03 10:15:00+09:00,486.0,489.0,484.0,489.0,6671,0.0,0.0
2024-09-03 10:20:00+09:00,484.0,488.0,483.0,488.0,21161,0.0,0.0
2024-09-03 10:25:00+09:00,485.0,486.0,484.0,486.0,8072,0.0,0.0
2024-09-03 10:30:00+09:00,487.0,487.0,487.0,487.0,0,0.0,0.0
2024-09-03 10:35:00+09:00,485.0,487.0,485.0,485.0,1315,0.0,0.0
2024-09-03 10:40:00+09:00,487.0,487.0,486.0,486.0,0,0.0,0.0
2024-09-03 10:45:00+09:00,486.0,487.0,485.0,485.0,514,0.0,0.0
2024-09-03 10:50:00+09:00,487.0,487.0,484.0,485.0,4867,0.0,0.0
2024-09-03 10:55:00+09:00,485.0,485.0,484.0,485.0,1931,0.0,0.0
2024-09-03 11:00:00+09:00,484.0,485.0,483.0,484.0,9767,0.0,0.0
2024-09-03 11:05:00+09:00,485.0,485.0,483.0,484.0,5152,0.0,0.0
2024-09-03 11:10:00+09:00,484.0,484.0,483.0,483.0,5663,0.0,0.0
2024-09-03 11:15:00+09:00,483.0,484.0,481.0,483.0,17404,0.0,0.0
2024-09-03 11:20:00+09:00,482.0,483.0,482.0,483.0,13909,0.0,0.0
2024-09-03 11:25:00+09:00,484.0,486.0,482.0,486.0,10060,0.0,0.0
2024-09-03 11:30:00+09:00,484.0,485.0,481.0,481.0,14620,0.0,0.0
2024-09-03 11:35:00+09:00,481.0,486.0,481.0,486.0,12747,0.0,0.0
2024-09-03 11:40:00+09:00,483.0,486.0,481.0,484.0,14446,0.0,0.0
2024-09-03 11:45:00+09:00,482.0,485.0,482.0,485.0,58,0.0,0.0
2024-09-03 11:50:00+09:00,485.0,485.0,483.0,484.0,979,0.0,0.0
2024-09-03 11:55:00+09:00,484.0,484.0,481.0,482.0,28769,0.0,0.0
2024-09-03 12:00:00+09:00,482.0,485.0,481.0,485.0,17157,0.0,0.0
2024-09-03 12:05:00+09:00,485.0,485.0,483.0,485.0,6963,0.0,0.0
2024-09-03 12:10:00+09:00,485.0,485.0,483.0,484.0,1898,0.0,0.0
2024-09-03 12:15:00+09:00,485.0,485.0,482.0,483.0,8678,0.0,0.0
2024-09-03 12:20:00+09:00,483.0,485.0,482.0,484.0,5224,0.0,0.0
2024-09-03 12:25:00+09:00,484.0,485.0,483.0,485.0,472,0.0,0.0
2024-09-03 12:30:00+09:00,483.0,485.0,483.0,485.0,117,0.0,0.0
2024-09-03 12:35:00+09:00,484.0,485.0,483.0,485.0,483,0.0,0.0
2024-09-03 12:40:00+09:00,483.0,484.0,481.0,484.0,12107,0.0,0.0
2024-09-03 12:45:00+09:00,483.0,484.0,480.0,482.0,30940,0.0,0.0
2024-09-03 12:50:00+09:00,481.0,483.0,481.0,481.0,4557,0.0,0.0
2024-09-03 12:55:00+09:00,481.0,484.0,479.0,483.0,18184,0.0,0.0
2024-09-03 13:00:00+09:00,483.0,483.0,481.0,483.0,3241,0.0,0.0
2024-09-03 13:05:00+09:00,481.0,483.0,481.0,483.0,4150,0.0,0.0
2024-09-03 13:10:00+09:00,481.0,483.0,480.0,483.0,14825,0.0,0.0
2024-09-03 13:15:00+09:00,482.0,483.0,480.0,482.0,1445,0.0,0.0
2024-09-03 13:20:00+09:00,482.0,482.0,480.0,482.0,17079,0.0,0.0
2024-09-03 13:25:00+09:00,480.0,482.0,478.0,478.0,28437,0.0,0.0
2024-09-03 13:30:00+09:00,480.0,480.0,476.0,479.0,19598,0.0,0.0
2024-09-03 13:35:00+09:00,478.0,479.0,478.0,478.0,1243,0.0,0.0
2024-09-03 13:40:00+09:00,478.0,479.0,477.0,479.0,12943,0.0,0.0
2024-09-03 13:45:00+09:00,479.0,479.0,476.0,476.0,12214,0.0,0.0
2024-09-03 13:50:00+09:00,479.0,479.0,475.0,478.0,19665,0.0,0.0
2024-09-03 13:55:00+09:00,477.0,479.0,476.0,478.0,11554,0.0,0.0
2024-09-03 14:00:00+09:00,478.0,479.0,474.0,477.0,29530,0.0,0.0
2024-09-03 14:05:00+09:00,477.0,477.0,475.0,477.0,2774,0.0,0.0
2024-09-03 14:10:00+09:00,477.0,479.0,476.0,478.0,6040,0.0,0.0
2024-09-03 14:15:00+09:00,477.0,479.0,476.0,478.0,3451,0.0,0.0
2024-09-03 14:20:00+09:00,478.0,479.0,477.0,477.0,9720,0.0,0.0
2024-09-03 14:25:00+09:00,479.0,479.0,476.0,478.0,306,0.0,0.0
2024-09-03 14:30:00+09:00,476.0,478.0,475.0,477.0,15093,0.0,0.0
2024-09-03 14:35:00+09:00,477.0,477.0,476.0,477.0,276,0.0,0.0
2024-09-03 14:40:00+09:00,477.0,478.0,474.0,475.0,28195,0.0,0.0
2024-09-03 14:45:00+09:00,474.0,477.0,474.0,475.0,8757,0.0,0.0
2024-09-03 14:50:00+09:00,475.0,477.0,474.0,476.0,1756,0.0,0.0
2024-09-03 14:55:00+09:00,475.0,476.0,474.0,475.0,9300,0.0,0.0
2024-09-04 09:00:00+09:00,469.0,469.0,457.0,460.0,70215,0.0,0.0
2024-09-04 09:05:00+09:00,460.0,464.0,459.0,464.0,15599,0.0,0.0
2024-09-04 09:10:00+09:00,464.0,468.0,463.0,467.0,67022,0.0,0.0
2024-09-04 09:15:00+09:00,467.0,467.0,464.0,467.0,4396,0.0,0.0
2024-09-04 09:20:00+09:00,467.0,467.0,465.0,465.0,2725,0.0,0.0
2024-09-04 09:25:00+09:00,465.0,468.0,462.0,465.0,46613,0.0,0.0
2024-09-04 09:30:00+09:00,462.0,466.0,462.0,465.0,14910,0.0,0.0
2024-09-04 09:35:00+09:00,465.0,465.0,463.0,465.0,3846,0.0,0.0
2024-09-04 09:40:00+09:00,464.0,466.0,464.0,466.0,7073,0.0,0.0
2024-09-04 09:45:00+09:00,466.0,467.0,465.0,467.0,11475,0.0,0.0
2024-09-04 09:50:00+09:00,466.0,467.0,465.0,467.0,9554,0.0,0.0
2024-09-04 09:55:00+09:00,467.0,467.0,465.0,467.0,1902,0.0,0.0
2024-09-04 10:00:00+09:00,465.0,467.0,465.0,467.0,1333,0.0,0.0
2024-09-04 10:05:00+09:00,465.0,467.0,463.0,467.0,2922,0.0,0.0
2024-09-04 10:10:00+09:00,464.0,467.0,463.0,467.0,18832,0.0,0.0
2024-09-04 10:15:00+09:00,467.0,467.0,465.0,465.0,19,0.0,0.0
2024-09-04 10:20:00+09:00,465.0,466.0,464.0,465.0,694,0.0,0.0
2024-09-04 10:25:00+09:00,465.0,467.0,465.0,466.0,2691,0.0,0.0
2024-09-04 10:30:00+09:00,466.0,466.0,464.0,465.0,1711,0.0,0.0
2024-09-04 10:35:00+09:00,464.0,466.0,463.0,466.0,16365,0.0,0.0
2024-09-04 10:40:00+09:00,465.0,467.0,465.0,467.0,7758,0.0,0.0
2024-09-04 10:45:00+09:00,466.0,466.0,465.0,466.0,3306,0.0,0.0
2024-09-04 10:50:00+09:00,465.0,466.0,465.0,466.0,670,0.0,0.0
2024-09-04 10:55:00+09:00,465.0,467.0,465.0,467.0,6073,0.0,0.0
2024-09-04 11:00:00+09:00,467.0,467.0,464.0,467.0,5296,0.0,0.0
2024-09-04 11:05:00+09:00,467.0,467.0,466.0,467.0,1939,0.0,0.0
2024-09-04 11:10:00+09:00,466.0,467.0,463.0,467.0,5790,0.0,0.0
2024-09-04 11:15:00+09:00,465.0,465.0,465.0,465.0,2,0.0,0.0
2024-09-04 11:20:00+09:00,465.0,465.0,465.0,465.0,232,0.0,0.0
2024-09-04 11:25:00+09:00,464.0,464.0,464.0,464.0,2,0.0,0.0
2024-09-04 11:30:00+09:00,464.0,464.0,464.0,464.0,741,0.0,0.0
2024-09-04 11:35:00+09:00,464.0,464.0,463.0,464.0,2366,0.0,0.0
2024-09-04 11:40:00+09:00,464.0,464.0,463.0,463.0,983,0.0,0.0
2024-09-04 11:45:00+09:00,464.0,464.0,463.0,464.0,474,0.0,0.0
2024-09-04 11:50:00+09:00,464.0,465.0,464.0,465.0,4663,0.0,0.0
2024-09-04 11:55:00+09:00,466.0,467.0,466.0,467.0,9,0.0,0.0
2024-09-04 12:00:00+09:00,466.0,466.0,466.0,466.0,10,0.0,0.0
2024-09-04 12:05:00+09:00,465.0,465.0,464.0,465.0,3390,0.0,0.0
2024-09-04 12:10:00+09:00,465.0,465.0,464.0,465.0,6258,0.0,0.0
2024-09-04 12:15:00+09:00,465.0,467.0,465.0,465.0,4614,0.0,0.0
2024-09-04 12:20:00+09:00,467.0,467.0,464.0,467.0,83,0.0,0.0
2024-09-04 12:30:00+09:00,467.0,467.0,464.0,464.0,250,0.0,0.0
2024-09-04 12:35:00+09:00,464.0,467.0,463.0,467.0,8507,0.0,0.0
2024-09-04 12:40:00+09:00,465.0,465.0,464.0,464.0,423,0.0,0.0
2024-09-04 12:45:00+09:00,463.0,464.0,463.0,464.0,3341,0.0,0.0
2024-09-04 12:50:00+09:00,464.0,464.0,463.0,463.0,191,0.0,0.0
2024-09-04 12:55:00+09:00,463.0,464.0,463.0,464.0,3872,0.0,0.0
2024-09-04 13:00:00+09:00,463.0,464.0,462.0,464.0,6407,0.0,0.0
2024-09-04 13:05:00+09:00,464.0,464.0,462.0,464.0,2434,0.0,0.0
2024-09-04 13:10:00+09:00,463.0,464.0,463.0,464.0,68,0.0,0.0
2024-09-04 13:15:00+09:00,463.0,464.0,462.0,464.0,456,0.0,0.0
2024-09-04 13:20:00+09:00,464.0,464.0,464.0,464.0,118,0.0,0.0
2024-09-04 13:25:00+09:00,463.0,464.0,462.0,464.0,6762,0.0,0.0
2024-09-04 13:30:00+09:00,464.0,464.0,464.0,464.0,2016,0.0,0.0
2024-09-04 13:35:00+09:00,464.0,464.0,463.0,463.0,684,0.0,0.0
2024-09-04 13:40:00+09:00,462.0,463.0,462.0,463.0,279,0.0,0.0
2024-09-04 13:45:00+09:00,463.0,463.0,463.0,463.0,112,0.0,0.0
2024-09-04 13:50:00+09:00,462.0,464.0,461.0,462.0,13432,0.0,0.0
2024-09-04 13:55:00+09:00,461.0,462.0,461.0,462.0,632,0.0,0.0
2024-09-04 14:00:00+09:00,461.0,463.0,461.0,462.0,5356,0.0,0.0
2024-09-04 14:05:00+09:00,463.0,464.0,460.0,464.0,11967,0.0,0.0
2024-09-04 14:15:00+09:00,461.0,464.0,460.0,463.0,5114,0.0,0.0
2024-09-04 14:20:00+09:00,461.0,463.0,460.0,463.0,7901,0.0,0.0
2024-09-04 14:25:00+09:00,463.0,464.0,462.0,464.0,58,0.0,0.0
2024-09-04 14:35:00+09:00,464.0,464.0,463.0,463.0,82,0.0,0.0
2024-09-04 14:40:00+09:00,463.0,463.0,462.0,462.0,2,0.0,0.0
2024-09-04 14:45:00+09:00,461.0,462.0,461.0,462.0,4702,0.0,0.0
2024-09-04 14:50:00+09:00,463.0,464.0,462.0,464.0,2089,0.0,0.0
2024-09-04 14:55:00+09:00,463.0,464.0,462.0,464.0,1013,0.0,0.0
2024-09-05 09:00:00+09:00,462.0,462.0,459.0,459.0,6360,0.0,0.0
2024-09-05 09:05:00+09:00,459.0,461.0,457.0,458.0,4012,0.0,0.0
2024-09-05 09:10:00+09:00,459.0,459.0,458.0,459.0,760,0.0,0.0
2024-09-05 09:15:00+09:00,460.0,460.0,455.0,456.0,8009,0.0,0.0
2024-09-05 09:20:00+09:00,458.0,459.0,456.0,459.0,525,0.0,0.0
2024-09-05 09:25:00+09:00,460.0,463.0,458.0,463.0,36350,0.0,0.0
2024-09-05 09:30:00+09:00,464.0,467.0,463.0,467.0,27805,0.0,0.0
2024-09-05 09:35:00+09:00,467.0,467.0,466.0,467.0,740,0.0,0.0
2024-09-05 09:40:00+09:00,467.0,471.0,465.0,470.0,7249,0.0,0.0
2024-09-05 09:45:00+09:00,469.0,470.0,465.0,470.0,1422,0.0,0.0
2024-09-05 09:50:00+09:00,469.0,471.0,468.0,471.0,635,0.0,0.0
2024-09-05 09:55:00+09:00,470.0,472.0,470.0,471.0,3485,0.0,0.0
2024-09-05 10:00:00+09:00,471.0,474.0,471.0,473.0,7065,0.0,0.0
2024-09-05 10:05:00+09:00,473.0,473.0,472.0,473.0,2812,0.0,0.0
2024-09-05 10:10:00+09:00,473.0,474.0,472.0,472.0,4677,0.0,0.0
2024-09-05 10:15:00+09:00,471.0,473.0,470.0,473.0,4715,0.0,0.0
2024-09-05 10:20:00+09:00,472.0,472.0,471.0,471.0,2746,0.0,0.0
2024-09-05 10:25:00+09:00,471.0,474.0,471.0,474.0,4147,0.0,0.0
2024-09-05 10:30:00+09:00,474.0,474.0,474.0,474.0,3016,0.0,0.0
2024-09-05 10:35:00+09:00,473.0,474.0,473.0,474.0,0,0.0,0.0
2024-09-05 10:40:00+09:00,474.0,474.0,474.0,474.0,4286,0.0,0.0
2024-09-05 10:45:00+09:00,474.0,476.0,472.0,476.0,7133,0.0,0.0
2024-09-05 10:50:00+09:00,472.0,472.0,463.0,464.0,39364,0.0,0.0
2024-09-05 10:55:00+09:00,466.0,469.0,462.0,469.0,21155,0.0,0.0
2024-09-05 11:00:00+09:00,464.0,468.0,463.0,468.0,2486,0.0,0.0
2024-09-05 11:15:00+09:00,466.0,466.0,466.0,466.0,0,0.0,0.0
2024-09-05 11:20:00+09:00,463.0,463.0,462.0,463.0,350,0.0,0.0
2024-09-05 11:25:00+09:00,463.0,463.0,462.0,462.0,8,0.0,0.0
2024-09-05 11:30:00+09:00,463.0,463.0,462.0,463.0,50,0.0,0.0
2024-09-05 11:35:00+09:00,463.0,463.0,463.0,463.0,80,0.0,0.0
2024-09-05 11:40:00+09:00,462.0,463.0,462.0,463.0,387,0.0,0.0
2024-09-05 11:45:00+09:00,463.0,463.0,462.0,463.0,511,0.0,0.0
2024-09-05 11:50:00+09:00,463.0,463.0,462.0,463.0,0,0.0,0.0
2024-09-05 11:55:00+09:00,462.0,463.0,462.0,463.0,695,0.0,0.0
2024-09-05 12:05:00+09:00,463.0,467.0,462.0,462.0,7957,0.0,0.0
2024-09-05 12:10:00+09:00,467.0,477.0,467.0,477.0,23591,0.0,0.0
2024-09-05 12:20:00+09:00,473.0,473.0,468.0,472.0,2218,0.0,0.0
2024-09-05 12:35:00+09:00,469.0,469.0,469.0,469.0,2,0.0,0.0
2024-09-05 12:40:00+09:00,469.0,469.0,467.0,468.0,4332,0.0,0.0
2024-09-05 12:45:00+09:00,469.0,469.0,467.0,467.0,3658,0.0,0.0
2024-09-05 12:50:00+09:00,467.0,468.0,466.0,468.0,3435,0.0,0.0
2024-09-05 13:05:00+09:00,465.0,468.0,465.0,467.0,478,0.0,0.0
2024-09-05 13:10:00+09:00,466.0,466.0,465.0,465.0,10295,0.0,0.0
2024-09-05 13:15:00+09:00,461.0,465.0,461.0,465.0,971,0.0,0.0
2024-09-05 13:20:00+09:00,465.0,465.0,460.0,464.0,11981,0.0,0.0
2024-09-05 13:25:00+09:00,464.0,464.0,464.0,464.0,21,0.0,0.0
2024-09-05 13:30:00+09:00,460.0,460.0,460.0,460.0,0,0.0,0.0
2024-09-05 13:35:00+09:00,460.0,463.0,460.0,461.0,746,0.0,0.0
2024-09-05 13:40:00+09:00,461.0,461.0,457.0,457.0,26866,0.0,0.0
2024-09-05 13:45:00+09:00,456.0,458.0,456.0,458.0,1525,0.0,0.0
2024-09-05 13:50:00+09:00,458.0,458.0,455.0,455.0,14718,0.0,0.0
2024-09-05 13:55:00+09:00,458.0,458.0,456.0,456.0,2267,0.0,0.0
2024-09-05 14:00:00+09:00,458.0,458.0,456.0,456.0,0,0.0,0.0
2024-09-05 14:05:00+09:00,457.0,458.0,456.0,456.0,2066,0.0,0.0
2024-09-05 14:10:00+09:00,457.0,457.0,455.0,456.0,14089,0.0,0.0
2024-09-05 14:15:00+09:00,456.0,458.0,456.0,458.0,3320,0.0,0.0
2024-09-05 14:20:00+09:00,456.0,458.0,455.0,458.0,1805,0.0,0.0
2024-09-05 14:25:00+09:00,457.0,460.0,456.0,460.0,6617,0.0,0.0
2024-09-05 14:30:00+09:00,460.0,461.0,458.0,460.0,2113,0.0,0.0
2024-09-05 14:35:00+09:00,461.0,461.0,461.0,461.0,1184,0.0,0.0
2024-09-05 14:40:00+09:00,461.0,461.0,460.0,460.0,139,0.0,0.0
2024-09-05 14:45:00+09:00,460.0,461.0,460.0,461.0,15,0.0,0.0
2024-09-05 14:50:00+09:00,460.0,460.0,460.0,460.0,1692,0.0,0.0
2024-09-06 09:00:00+09:00,460.0,462.0,457.0,459.0,2773,0.0,0.0
2024-09-06 09:05:00+09:00,459.0,460.0,456.0,459.0,1541,0.0,0.0
2024-09-06 09:10:00+09:00,456.0,460.0,456.0,460.0,5306,0.0,0.0
2024-09-06 09:15:00+09:00,456.0,459.0,456.0,459.0,763,0.0,0.0
2024-09-06 09:20:00+09:00,456.0,460.0,456.0,456.0,3021,0.0,0.0
2024-09-06 09:25:00+09:00,456.0,456.0,455.0,455.0,1133,0.0,0.0
2024-09-06 09:30:00+09:00,455.0,458.0,455.0,458.0,0,0.0,0.0
2024-09-06 09:35:00+09:00,455.0,455.0,451.0,454.0,24203,0.0,0.0
2024-09-06 09:40:00+09:00,454.0,460.0,451.0,460.0,10596,0.0,0.0
2024-09-06 09:45:00+09:00,458.0,458.0,457.0,458.0,0,0.0,0.0
2024-09-06 09:50:00+09:00,458.0,458.0,455.0,456.0,822,0.0,0.0
2024-09-06 09:55:00+09:00,456.0,458.0,456.0,458.0,339,0.0,0.0
2024-09-06 10:00:00+09:00,458.0,458.0,457.0,458.0,12,0.0,0.0
2024-09-06 10:05:00+09:00,456.0,456.0,453.0,453.0,6831,0.0,0.0
2024-09-06 10:10:00+09:00,453.0,455.0,453.0,455.0,1154,0.0,0.0
2024-09-06 10:15:00+09:00,456.0,456.0,453.0,456.0,464,0.0,0.0
2024-09-06 10:20:00+09:00,456.0,456.0,453.0,456.0,660,0.0,0.0
2024-09-06 10:30:00+09:00,455.0,456.0,455.0,456.0,2167,0.0,0.0
2024-09-06 10:35:00+09:00,457.0,457.0,457.0,457.0,0,0.0,0.0
2024-09-06 10:40:00+09:00,454.0,456.0,452.0,456.0,803,0.0,0.0
2024-09-06 10:50:00+09:00,455.0,455.0,455.0,455.0,20,0.0,0.0
2024-09-06 10:55:00+09:00,456.0,458.0,456.0,458.0,296,0.0,0.0
2024-09-06 11:00:00+09:00,456.0,456.0,452.0,453.0,1415,0.0,0.0
2024-09-06 11:05:00+09:00,457.0,457.0,457.0,457.0,174,0.0,0.0
2024-09-06 11:10:00+09:00,457.0,457.0,455.0,455.0,198,0.0,0.0
2024-09-06 11:15:00+09:00,456.0,457.0,450.0,451.0,21069,0.0,0.0
2024-09-06 11:20:00+09:00,454.0,455.0,450.0,454.0,4983,0.0,0.0
2024-09-06 11:25:00+09:00,453.0,453.0,452.0,452.0,733,0.0,0.0
2024-09-06 11:30:00+09:00,452.0,452.0,452.0,452.0,494,0.0,0.0
2024-09-06 11:35:00+09:00,452.0,452.0,452.0,452.0,13,0.0,0.0
2024-09-06 11:40:00+09:00,452.0,452.0,451.0,452.0,10,0.0,0.0
2024-09-06 11:45:00+09:00,452.0,452.0,452.0,452.0,33,0.0,0.0
2024-09-06 11:50:00+09:00,452.0,454.0,452.0,453.0,342,0.0,0.0
2024-09-06 12:00:00+09:00,452.0,453.0,452.0,453.0,604,0.0,0.0
2024-09-06 12:05:00+09:00,453.0,453.0,453.0,453.0,22,0.0,0.0
2024-09-06 12:10:00+09:00,453.0,454.0,452.0,454.0,602,0.0,0.0
2024-09-06 12:15:00+09:00,453.0,453.0,453.0,453.0,20,0.0,0.0
2024-09-06 12:20:00+09:00,454.0,454.0,454.0,454.0,0,0.0,0.0
2024-09-06 12:25:00+09:00,452.0,455.0,452.0,453.0,395,0.0,0.0
2024-09-06 12:30:00+09:00,455.0,455.0,452.0,454.0,3246,0.0,0.0
2024-09-06 12:35:00+09:00,454.0,454.0,454.0,454.0,2,0.0,0.0
2024-09-06 12:45:00+09:00,454.0,455.0,454.0,455.0,402,0.0,0.0
2024-09-06 12:50:00+09:00,455.0,455.0,455.0,455.0,106,0.0,0.0
2024-09-06 12:55:00+09:00,455.0,455.0,454.0,455.0,207,0.0,0.0
2024-09-06 13:00:00+09:00,455.0,456.0,455.0,456.0,1497,0.0,0.0
2024-09-06 13:10:00+09:00,455.0,455.0,455.0,455.0,16,0.0,0.0
2024-09-06 13:15:00+09:00,455.0,455.0,455.0,455.0,19,0.0,0.0
2024-09-06 13:20:00+09:00,455.0,455.0,455.0,455.0,2,0.0,0.0
2024-09-06 13:25:00+09:00,454.0,454.0,453.0,454.0,6661,0.0,0.0
2024-09-06 13:35:00+09:00,454.0,454.0,454.0,454.0,509,0.0,0.0
2024-09-06 13:45:00+09:00,452.0,452.0,448.0,452.0,37612,0.0,0.0
2024-09-06 13:50:00+09:00,451.0,452.0,451.0,452.0,39,0.0,0.0
2024-09-06 13:55:00+09:00,451.0,452.0,451.0,451.0,210,0.0,0.0
2024-09-06 14:00:00+09:00,451.0,452.0,450.0,450.0,213,0.0,0.0
2024-09-06 14:05:00+09:00,449.0,452.0,449.0,451.0,1988,0.0,0.0
2024-09-06 14:10:00+09:00,449.0,452.0,448.0,452.0,25474,0.0,0.0
2024-09-06 14:15:00+09:00,449.0,452.0,449.0,451.0,91,0.0,0.0
2024-09-06 14:20:00+09:00,450.0,451.0,450.0,451.0,773,0.0,0.0
2024-09-06 14:25:00+09:00,451.0,452.0,451.0,452.0,370,0.0,0.0
2024-09-06 14:30:00+09:00,451.0,452.0,449.0,452.0,2429,0.0,0.0
2024-09-06 14:35:00+09:00,452.0,453.0,452.0,453.0,92,0.0,0.0
2024-09-06 14:45:00+09:00,453.0,453.0,453.0,453.0,202,0.0,0.0
2024-09-06 14:50:00+09:00,453.0,453.0,453.0,453.0,1428,0.0,0.0
2024-09-06 14:55:00+09:00,454.0,461.0,454.0,461.0,11059,0.0,0.0
2024-09-09 09:00:00+09:00,450.0,456.0,450.0,455.0,0,0.0,0.0
2024-09-09 09:05:00+09:00,455.0,455.0,450.0,455.0,11853,0.0,0.0
2024-09-09 09:10:00+09:00,451.0,457.0,451.0,457.0,0,0.0,0.0
2024-09-09 09:15:00+09:00,456.0,459.0,456.0,459.0,3101,0.0,0.0
2024-09-09 09:20:00+09:00,459.0,459.0,455.0,459.0,2927,0.0,0.0
2024-09-09 09:25:00+09:00,455.0,459.0,455.0,459.0,1148,0.0,0.0
2024-09-09 09:30:00+09:00,455.0,459.0,455.0,458.0,933,0.0,0.0
2024-09-09 09:35:00+09:00,457.0,457.0,457.0,457.0,55,0.0,0.0
2024-09-09 09:40:00+09:00,458.0,458.0,457.0,458.0,280,0.0,0.0
2024-09-09 09:45:00+09:00,458.0,458.0,454.0,454.0,2278,0.0,0.0
2024-09-09 09:50:00+09:00,456.0,457.0,453.0,457.0,1473,0.0,0.0
2024-09-09 09:55:00+09:00,456.0,456.0,454.0,456.0,209,0.0,0.0
2024-09-09 10:00:00+09:00,456.0,456.0,456.0,456.0,26,0.0,0.0
2024-09-09 10:05:00+09:00,454.0,456.0,453.0,453.0,1734,0.0,0.0
2024-09-09 10:10:00+09:00,456.0,457.0,455.0,457.0,6204,0.0,0.0
2024-09-09 10:15:00+09:00,458.0,458.0,458.0,458.0,17,0.0,0.0
2024-09-09 10:25:00+09:00,457.0,458.0,457.0,458.0,6,0.0,0.0
2024-09-09 10:30:00+09:00,457.0,458.0,455.0,458.0,1881,0.0,0.0
2024-09-09 10:35:00+09:00,458.0,458.0,458.0,458.0,2050,0.0,0.0
2024-09-09 10:45:00+09:00,456.0,458.0,455.0,458.0,597,0.0,0.0
2024-09-09 10:50:00+09:00,458.0,458.0,458.0,458.0,200,0.0,0.0
2024-09-09 10:55:00+09:00,457.0,457.0,455.0,457.0,312,0.0,0.0
2024-09-09 11:00:00+09:00,457.0,457.0,457.0,457.0,49,0.0,0.0
2024-09-09 11:05:00+09:00,457.0,457.0,455.0,457.0,7667,0.0,0.0
2024-09-09 11:10:00+09:00,457.0,458.0,456.0,458.0,907,0.0,0.0
2024-09-09 11:15:00+09:00,456.0,456.0,456.0,456.0,230,0.0,0.0
2024-09-09 11:20:00+09:00,458.0,458.0,458.0,458.0,0,0.0,0.0
2024-09-09 11:25:00+09:00,458.0,458.0,458.0,458.0,182,0.0,0.0
2024-09-09 11:35:00+09:00,458.0,458.0,454.0,458.0,9946,0.0,0.0
2024-09-09 11:40:00+09:00,458.0,458.0,458.0,458.0,499,0.0,0.0
2024-09-09 11:50:00+09:00,454.0,457.0,454.0,454.0,280,0.0,0.0
2024-09-09 11:55:00+09:00,454.0,457.0,452.0,452.0,4438,0.0,0.0
2024-09-09 12:00:00+09:00,456.0,456.0,456.0,456.0,0,0.0,0.0
2024-09-09 12:05:00+09:00,456.0,456.0,456.0,456.0,0,0.0,0.0
2024-09-09 12:10:00+09:00,454.0,454.0,454.0,454.0,8,0.0,0.0
2024-09-09 12:15:00+09:00,457.0,458.0,457.0,458.0,3746,0.0,0.0
2024-09-09 12:20:00+09:00,457.0,463.0,457.0,463.0,12041,0.0,0.0
2024-09-09 12:25:00+09:00,462.0,464.0,462.0,464.0,643,0.0,0.0
2024-09-09 12:30:00+09:00,463.0,463.0,463.0,463.0,0,0.0,0.0
2024-09-09 12:35:00+09:00,463.0,465.0,463.0,465.0,2458,0.0,0.0
2024-09-09 12:40:00+09:00,465.0,466.0,464.0,464.0,705,0.0,0.0
2024-09-09 12:45:00+09:00,466.0,468.0,466.0,468.0,13005,0.0,0.0
2024-09-09 12:50:00+09:00,468.0,468.0,467.0,467.0,160,0.0,0.0
2024-09-09 12:55:00+09:00,467.0,467.0,467.0,467.0,296,0.0,0.0
2024-09-09 13:00:00+09:00,467.0,467.0,464.0,467.0,1927,0.0,0.0
2024-09-09 13:05:00+09:00,467.0,467.0,467.0,467.0,629,0.0,0.0
2024-09-09 13:10:00+09:00,468.0,468.0,467.0,468.0,0,0.0,0.0
2024-09-09 13:20:00+09:00,468.0,468.0,468.0,468.0,39,0.0,0.0
2024-09-09 13:25:00+09:00,466.0,466.0,466.0,466.0,104,0.0,0.0
2024-09-09 13:30:00+09:00,466.0,466.0,464.0,464.0,7886,0.0,0.0
2024-09-09 13:35:00+09:00,468.0,468.0,468.0,468.0,0,0.0,0.0
2024-09-09 13:40:00+09:00,468.0,468.0,468.0,468.0,110,0.0,0.0
2024-09-09 13:45:00+09:00,467.0,468.0,467.0,468.0,3985,0.0,0.0
2024-09-09 13:50:00+09:00,468.0,468.0,468.0,468.0,200,0.0,0.0
2024-09-09 13:55:00+09:00,465.0,468.0,465.0,468.0,108,0.0,0.0
2024-09-09 14:05:00+09:00,467.0,467.0,466.0,467.0,5286,0.0,0.0
2024-09-09 14:10:00+09:00,468.0,468.0,468.0,468.0,6403,0.0,0.0
2024-09-09 14:15:00+09:00,468.0,469.0,468.0,469.0,3605,0.0,0.0
2024-09-09 14:20:00+09:00,469.0,469.0,467.0,467.0,8080,0.0,0.0
2024-09-09 14:25:00+09:00,466.0,469.0,466.0,466.0,0,0.0,0.0
2024-09-09 14:30:00+09:00,469.0,469.0,469.0,469.0,4,0.0,0.0
2024-09-09 14:35:00+09:00,469.0,471.0,469.0,470.0,2874,0.0,0.0
2024-09-09 14:40:00+09:00,471.0,472.0,470.0,472.0,2223,0.0,0.0
2024-09-09 14:45:00+09:00,472.0,472.0,472.0,472.0,330,0.0,0.0
2024-09-09 14:50:00+09:00,470.0,473.0,470.0,473.0,1343,0.0,0.0
2024-09-09 14:55:00+09:00,473.0,475.0,470.0,475.0,24253,0.0,0.0
2024-09-10 09:00:00+09:00,468.0,473.0,468.0,473.0,3925,0.0,0.0
2024-09-10 09:05:00+09:00,473.0,473.0,473.0,473.0,1882,0.0,0.0
2024-09-10 09:10:00+09:00,473.0,473.0,461.0,464.0,5920,0.0,0.0
2024-09-10 09:15:00+09:00,468.0,471.0,468.0,469.0,844,0.0,0.0
2024-09-10 09:25:00+09:00,466.0,466.0,465.0,465.0,0,0.0,0.0
2024-09-10 09:30:00+09:00,465.0,466.0,465.0,466.0,695,0.0,0.0
2024-09-10 09:35:00+09:00,466.0,469.0,465.0,469.0,1143,0.0,0.0
2024-09-10 09:40:00+09:00,469.0,469.0,465.0,469.0,87,0.0,0.0
2024-09-10 09:50:00+09:00,465.0,465.0,465.0,465.0,1059,0.0,0.0
2024-09-10 09:55:00+09:00,465.0,469.0,465.0,469.0,1084,0.0,0.0
2024-09-10 10:00:00+09:00,468.0,468.0,467.0,468.0,97,0.0,0.0
2024-09-10 10:05:00+09:00,467.0,467.0,466.0,466.0,593,0.0,0.0
2024-09-10 10:10:00+09:00,465.0,465.0,464.0,464.0,12203,0.0,0.0
2024-09-10 10:15:00+09:00,464.0,467.0,464.0,467.0,0,0.0,0.0
2024-09-10 10:20:00+09:00,464.0,464.0,463.0,464.0,708,0.0,0.0
2024-09-10 10:25:00+09:00,467.0,467.0,467.0,467.0,1,0.0,0.0
2024-09-10 10:30:00+09:00,464.0,467.0,464.0,467.0,2871,0.0,0.0
2024-09-10 10:35:00+09:00,464.0,464.0,464.0,464.0,3002,0.0,0.0
2024-09-10 10:40:00+09:00,466.0,466.0,464.0,466.0,205,0.0,0.0
2024-09-10 10:45:00+09:00,466.0,466.0,466.0,466.0,1271,0.0,0.0
2024-09-10 10:50:00+09:00,464.0,464.0,464.0,464.0,1632,0.0,0.0
2024-09-10 10:55:00+09:00,466.0,466.0,464.0,464.0,1772,0.0,0.0
2024-09-10 11:00:00+09:00,464.0,464.0,464.0,464.0,6303,0.0,0.0
2024-09-10 11:05:00+09:00,463.0,465.0,463.0,465.0,0,0.0,0.0
2024-09-10 11:10:00+09:00,463.0,464.0,463.0,464.0,2873,0.0,0.0
2024-09-10 11:15:00+09:00,464.0,464.0,463.0,463.0,1906,0.0,0.0
2024-09-10 11:20:00+09:00,464.0,464.0,464.0,464.0,18,0.0,0.0
2024-09-10 11:25:00+09:00,464.0,465.0,464.0,465.0,106,0.0,0.0
2024-09-10 11:35:00+09:00,465.0,465.0,465.0,465.0,465,0.0,0.0
2024-09-10 11:40:00+09:00,465.0,465.0,465.0,465.0,0,0.0,0.0
2024-09-10 11:45:00+09:00,464.0,464.0,464.0,464.0,1176,0.0,0.0
2024-09-10 11:50:00+09:00,465.0,465.0,465.0,465.0,2,0.0,0.0
2024-09-10 12:00:00+09:00,465.0,465.0,465.0,465.0,558,0.0,0.0
2024-09-10 12:05:00+09:00,464.0,466.0,464.0,466.0,2278,0.0,0.0
2024-09-10 12:10:00+09:00,466.0,466.0,464.0,464.0,0,0.0,0.0
2024-09-10 12:15:00+09:00,466.0,466.0,466.0,466.0,0,0.0,0.0
2024-09-10 12:20:00+09:00,465.0,465.0,465.0,465.0,100,0.0,0.0
2024-09-10 12:40:00+09:00,466.0,466.0,466.0,466.0,8,0.0,0.0
2024-09-10 12:45:00+09:00,466.0,466.0,465.0,465.0,0,0.0,0.0
2024-09-10 12:55:00+09:00,466.0,466.0,466.0,466.0,384,0.0,0.0
2024-09-10 13:00:00+09:00,465.0,465.0,464.0,464.0,7198,0.0,0.0
2024-09-10 13:05:00+09:00,465.0,465.0,465.0,465.0,1,0.0,0.0
2024-09-10 13:10:00+09:00,465.0,465.0,465.0,465.0,100,0.0,0.0
2024-09-10 13:15:00+09:00,464.0,464.0,460.0,463.0,21923,0.0,0.0
2024-09-10 13:20:00+09:00,463.0,463.0,461.0,462.0,60,0.0,0.0
2024-09-10 13:25:00+09:00,463.0,463.0,463.0,463.0,4308,0.0,0.0
2024-09-10 13:30:00+09:00,463.0,463.0,463.0,463.0,2921,0.0,0.0
2024-09-10 13:40:00+09:00,462.0,462.0,462.0,462.0,655,0.0,0.0
2024-09-10 13:45:00+09:00,462.0,462.0,462.0,462.0,0,0.0,0.0
2024-09-10 13:50:00+09:00,462.0,462.0,462.0,462.0,60,0.0,0.0
2024-09-10 13:55:00+09:00,462.0,462.0,459.0,459.0,1275,0.0,0.0
2024-09-10 14:00:00+09:00,461.0,461.0,461.0,461.0,0,0.0,0.0
2024-09-10 14:10:00+09:00,461.0,461.0,461.0,461.0,7,0.0,0.0
2024-09-10 14:15:00+09:00,461.0,461.0,460.0,460.0,407,0.0,0.0
2024-09-10 14:20:00+09:00,460.0,460.0,460.0,460.0,1196,0.0,0.0
2024-09-10 14:25:00+09:00,460.0,461.0,455.0,455.0,31028,0.0,0.0
2024-09-10 14:30:00+09:00,459.0,459.0,457.0,458.0,0,0.0,0.0
2024-09-10 14:35:00+09:00,457.0,457.0,455.0,455.0,10347,0.0,0.0
2024-09-10 14:40:00+09:00,458.0,458.0,458.0,458.0,0,0.0,0.0
2024-09-10 14:45:00+09:00,455.0,455.0,455.0,455.0,30211,0.0,0.0
2024-09-10 14:50:00+09:00,458.0,458.0,458.0,458.0,0,0.0,0.0
2024-09-10 14:55:00+09:00,458.0,458.0,456.0,456.0,321,0.0,0.0
2024-09-11 09:00:00+09:00,455.0,457.0,455.0,457.0,9040,0.0,0.0
2024-09-11 09:05:00+09:00,457.0,462.0,457.0,462.0,114,0.0,0.0
2024-09-11 09:10:00+09:00,461.0,463.0,461.0,463.0,429,0.0,0.0
2024-09-11 09:15:00+09:00,462.0,462.0,461.0,461.0,160,0.0,0.0
2024-09-11 09:20:00+09:00,460.0,460.0,459.0,459.0,23,0.0,0.0
2024-09-11 09:25:00+09:00,457.0,457.0,456.0,456.0,552,0.0,0.0
2024-09-11 09:30:00+09:00,456.0,456.0,453.0,456.0,4106,0.0,0.0
2024-09-11 09:35:00+09:00,456.0,457.0,455.0,457.0,473,0.0,0.0
2024-09-11 09:40:00+09:00,457.0,457.0,454.0,454.0,1567,0.0,0.0
2024-09-11 09:45:00+09:00,454.0,457.0,454.0,456.0,12947,0.0,0.0
2024-09-11 09:50:00+09:00,453.0,453.0,453.0,453.0,1249,0.0,0.0
2024-09-11 09:55:00+09:00,453.0,455.0,450.0,454.0,21821,0.0,0.0
2024-09-11 10:00:00+09:00,453.0,454.0,451.0,453.0,3319,0.0,0.0
2024-09-11 10:05:00+09:00,455.0,455.0,455.0,455.0,69,0.0,0.0
2024-09-11 10:10:00+09:00,455.0,455.0,455.0,455.0,4406,0.0,0.0
2024-09-11 10:15:00+09:00,455.0,455.0,453.0,455.0,0,0.0,0.0
2024-09-11 10:25:00+09:00,455.0,456.0,452.0,456.0,2003,0.0,0.0
2024-09-11 10:30:00+09:00,456.0,456.0,456.0,456.0,9,0.0,0.0
2024-09-11 10:40:00+09:00,452.0,456.0,452.0,456.0,19,0.0,0.0
2024-09-11 10:45:00+09:00,456.0,456.0,456.0,456.0,199,0.0,0.0
2024-09-11 11:10:00+09:00,452.0,452.0,451.0,451.0,2101,0.0,0.0
2024-09-11 11:15:00+09:00,452.0,455.0,452.0,455.0,2098,0.0,0.0
2024-09-11 11:20:00+09:00,452.0,455.0,452.0,455.0,52,0.0,0.0
2024-09-11 11:30:00+09:00,454.0,454.0,452.0,452.0,3,0.0,0.0
2024-09-11 11:50:00+09:00,454.0,454.0,454.0,454.0,1,0.0,0.0
2024-09-11 11:55:00+09:00,454.0,455.0,454.0,455.0,2738,0.0,0.0
2024-09-11 12:00:00+09:00,454.0,455.0,454.0,454.0,2007,0.0,0.0
2024-09-11 12:05:00+09:00,454.0,454.0,454.0,454.0,9316,0.0,0.0
2024-09-11 12:10:00+09:00,454.0,454.0,454.0,454.0,0,0.0,0.0
2024-09-11 12:15:00+09:00,453.0,453.0,453.0,453.0,228,0.0,0.0
2024-09-11 12:20:00+09:00,455.0,455.0,455.0,455.0,4,0.0,0.0
2024-09-11 12:30:00+09:00,455.0,455.0,455.0,455.0,4066,0.0,0.0
2024-09-11 12:35:00+09:00,455.0,455.0,455.0,455.0,0,0.0,0.0
2024-09-11 12:40:00+09:00,454.0,454.0,453.0,454.0,3278,0.0,0.0
2024-09-11 12:45:00+09:00,454.0,454.0,454.0,454.0,4,0.0,0.0
2024-09-11 12:50:00+09:00,454.0,454.0,454.0,454.0,1900,0.0,0.0
2024-09-11 12:55:00+09:00,453.0,455.0,453.0,455.0,8858,0.0,0.0
2024-09-11 13:05:00+09:00,453.0,453.0,453.0,453.0,2,0.0,0.0
2024-09-11 13:20:00+09:00,455.0,455.0,455.0,455.0,0,0.0,0.0
2024-09-11 13:25:00+09:00,453.0,454.0,453.0,453.0,7510,0.0,0.0
2024-09-11 13:30:00+09:00,453.0,453.0,453.0,453.0,98,0.0,0.0
2024-09-11 13:35:00+09:00,455.0,455.0,455.0,455.0,4,0.0,0.0
2024-09-11 13:55:00+09:00,453.0,453.0,453.0,453.0,656,0.0,0.0
2024-09-11 14:00:00+09:00,453.0,455.0,452.0,452.0,3296,0.0,0.0
2024-09-11 14:05:00+09:00,452.0,455.0,451.0,451.0,9969,0.0,0.0
2024-09-11 14:10:00+09:00,452.0,452.0,451.0,451.0,0,0.0,0.0
2024-09-11 14:15:00+09:00,451.0,452.0,451.0,452.0,6959,0.0,0.0
2024-09-11 14:20:00+09:00,452.0,452.0,451.0,451.0,1858,0.0,0.0
2024-09-11 14:25:00+09:00,451.0,452.0,450.0,452.0,4996,0.0,0.0
2024-09-11 14:30:00+09:00,451.0,452.0,450.0,452.0,4142,0.0,0.0
2024-09-11 14:40:00+09:00,452.0,452.0,452.0,452.0,8093,0.0,0.0
2024-09-11 14:50:00+09:00,452.0,454.0,452.0,454.0,1142,0.0,0.0
2024-09-11 14:55:00+09:00,453.0,455.0,450.0,454.0,21991,0.0,0.0
2024-09-12 09:00:00+09:00,454.0,458.0,454.0,456.0,6708,0.0,0.0
2024-09-12 09:05:00+09:00,456.0,460.0,456.0,460.0,3104,0.0,0.0
2024-09-12 09:10:00+09:00,460.0,462.0,460.0,462.0,0,0.0,0.0
2024-09-12 09:15:00+09:00,460.0,460.0,460.0,460.0,3205,0.0,0.0
2024-09-12 09:20:00+09:00,462.0,462.0,459.0,459.0,30,0.0,0.0
2024-09-12 09:25:00+09:00,460.0,463.0,458.0,461.0,16905,0.0,0.0
2024-09-12 09:30:00+09:00,461.0,464.0,461.0,464.0,181,0.0,0.0
2024-09-12 09:35:00+09:00,464.0,464.0,464.0,464.0,134,0.0,0.0
2024-09-12 09:40:00+09:00,464.0,464.0,458.0,459.0,21243,0.0,0.0
2024-09-12 09:45:00+09:00,462.0,463.0,462.0,463.0,0,0.0,0.0
2024-09-12 09:50:00+09:00,462.0,462.0,462.0,462.0,1035,0.0,0.0
2024-09-12 09:55:00+09:00,461.0,461.0,461.0,461.0,891,0.0,0.0
2024-09-12 10:00:00+09:00,462.0,462.0,462.0,462.0,0,0.0,0.0
2024-09-12 10:05:00+09:00,462.0,462.0,462.0,462.0,5,0.0,0.0
2024-09-12 10:10:00+09:00,461.0,461.0,461.0,461.0,250,0.0,0.0
2024-09-12 10:15:00+09:00,461.0,461.0,461.0,461.0,885,0.0,0.0
2024-09-12 10:20:00+09:00,461.0,461.0,460.0,460.0,2254,0.0,0.0
2024-09-12 10:30:00+09:00,460.0,461.0,460.0,461.0,1500,0.0,0.0
2024-09-12 10:35:00+09:00,462.0,464.0,462.0,464.0,7055,0.0,0.0
2024-09-12 10:40:00+09:00,463.0,463.0,463.0,463.0,1170,0.0,0.0
2024-09-12 10:45:00+09:00,464.0,464.0,464.0,464.0,0,0.0,0.0
2024-09-12 10:50:00+09:00,464.0,465.0,464.0,465.0,302,0.0,0.0
2024-09-12 10:55:00+09:00,465.0,467.0,465.0,467.0,4006,0.0,0.0
2024-09-12 11:00:00+09:00,467.0,468.0,466.0,468.0,1921,0.0,0.0
2024-09-12 11:05:00+09:00,468.0,468.0,467.0,467.0,3,0.0,0.0
2024-09-12 11:10:00+09:00,467.0,467.0,467.0,467.0,2012,0.0,0.0
2024-09-12 11:15:00+09:00,467.0,467.0,467.0,467.0,0,0.0,0.0
2024-09-12 11:20:00+09:00,466.0,466.0,462.0,462.0,645,0.0,0.0
2024-09-12 11:30:00+09:00,466.0,466.0,466.0,466.0,1,0.0,0.0
2024-09-12 11:45:00+09:00,462.0,465.0,462.0,465.0,269,0.0,0.0
2024-09-12 12:00:00+09:00,465.0,465.0,465.0,465.0,4166,0.0,0.0
2024-09-12 12:05:00+09:00,465.0,465.0,465.0,465.0,6948,0.0,0.0
2024-09-12 12:30:00+09:00,465.0,466.0,465.0,465.0,4447,0.0,0.0
2024-09-12 12:35:00+09:00,466.0,466.0,465.0,465.0,16,0.0,0.0
2024-09-12 12:45:00+09:00,465.0,465.0,465.0,465.0,6846,0.0,0.0
2024-09-12 12:50:00+09:00,466.0,466.0,466.0,466.0,59,0.0,0.0
2024-09-12 13:00:00+09:00,463.0,463.0,463.0,463.0,1189,0.0,0.0
2024-09-12 13:10:00+09:00,463.0,466.0,463.0,466.0,415,0.0,0.0
2024-09-12 13:15:00+09:00,466.0,466.0,466.0,466.0,736,0.0,0.0
2024-09-12 13:30:00+09:00,466.0,475.0,466.0,470.0,23924,0.0,0.0
2024-09-12 13:35:00+09:00,469.0,472.0,469.0,472.0,4302,0.0,0.0
2024-09-12 13:40:00+09:00,471.0,477.0,462.0,463.0,66157,0.0,0.0
2024-09-12 13:45:00+09:00,465.0,465.0,465.0,465.0,0,0.0,0.0
2024-09-12 13:50:00+09:00,465.0,465.0,463.0,463.0,688,0.0,0.0
2024-09-12 13:55:00+09:00,462.0,464.0,461.0,462.0,1918,0.0,0.0
2024-09-12 14:00:00+09:00,463.0,464.0,463.0,464.0,3,0.0,0.0
2024-09-12 14:10:00+09:00,462.0,464.0,461.0,464.0,705,0.0,0.0
2024-09-12 14:15:00+09:00,464.0,464.0,464.0,464.0,988,0.0,0.0
2024-09-12 14:20:00+09:00,462.0,464.0,462.0,464.0,2,0.0,0.0
2024-09-12 14:25:00+09:00,464.0,464.0,462.0,462.0,1112,0.0,0.0
2024-09-12 14:30:00+09:00,462.0,463.0,462.0,463.0,2477,0.0,0.0
2024-09-12 14:35:00+09:00,463.0,463.0,463.0,463.0,2344,0.0,0.0
2024-09-12 14:40:00+09:00,463.0,463.0,463.0,463.0,8923,0.0,0.0
2024-09-12 14:45:00+09:00,463.0,463.0,463.0,463.0,1571,0.0,0.0
2024-09-12 14:50:00+09:00,464.0,466.0,464.0,466.0,9183,0.0,0.0
2024-09-12 14:55:00+09:00,470.0,471.0,468.0,468.0,2959,0.0,0.0
2024-09-13 09:00:00+09:00,466.0,471.0,462.0,471.0,9291,0.0,0.0
2024-09-13 09:05:00+09:00,470.0,471.0,465.0,471.0,1152,0.0,0.0
2024-09-13 09:10:00+09:00,466.0,467.0,463.0,463.0,4504,0.0,0.0
2024-09-13 09:15:00+09:00,464.0,464.0,462.0,464.0,941,0.0,0.0
2024-09-13 09:20:00+09:00,465.0,465.0,464.0,464.0,1784,0.0,0.0
2024-09-13 09:25:00+09:00,464.0,464.0,463.0,463.0,5366,0.0,0.0
2024-09-13 09:30:00+09:00,463.0,465.0,463.0,465.0,0,0.0,0.0
2024-09-13 09:35:00+09:00,463.0,466.0,462.0,466.0,6450,0.0,0.0
2024-09-13 09:40:00+09:00,466.0,467.0,464.0,467.0,284,0.0,0.0
2024-09-13 09:45:00+09:00,467.0,467.0,467.0,467.0,31,0.0,0.0
2024-09-13 09:50:00+09:00,467.0,467.0,467.0,467.0,110,0.0,0.0
2024-09-13 09:55:00+09:00,465.0,467.0,464.0,467.0,804,0.0,0.0
2024-09-13 10:00:00+09:00,467.0,467.0,463.0,463.0,4333,0.0,0.0
2024-09-13 10:05:00+09:00,467.0,467.0,467.0,467.0,306,0.0,0.0
2024-09-13 10:10:00+09:00,466.0,466.0,466.0,466.0,1,0.0,0.0
2024-09-13 10:15:00+09:00,466.0,466.0,463.0,466.0,2651,0.0,0.0
2024-09-13 10:20:00+09:00,466.0,466.0,466.0,466.0,13,0.0,0.0
2024-09-13 10:25:00+09:00,465.0,467.0,465.0,466.0,1185,0.0,0.0
2024-09-13 10:30:00+09:00,465.0,466.0,465.0,466.0,343,0.0,0.0
2024-09-13 10:40:00+09:00,465.0,465.0,462.0,463.0,11718,0.0,0.0
2024-09-13 10:45:00+09:00,462.0,464.0,460.0,464.0,29727,0.0,0.0
2024-09-13 10:50:00+09:00,464.0,464.0,464.0,464.0,4,0.0,0.0
2024-09-13 11:00:00+09:00,464.0,464.0,464.0,464.0,812,0.0,0.0
2024-09-13 11:05:00+09:00,465.0,465.0,465.0,465.0,0,0.0,0.0
2024-09-13 11:10:00+09:00,465.0,466.0,465.0,466.0,1247,0.0,0.0
2024-09-13 11:20:00+09:00,466.0,466.0,466.0,466.0,97,0.0,0.0
2024-09-13 11:30:00+09:00,464.0,464.0,464.0,464.0,1978,0.0,0.0
2024-09-13 11:35:00+09:00,463.0,464.0,462.0,464.0,0,0.0,0.0
2024-09-13 11:40:00+09:00,464.0,465.0,464.0,465.0,76,0.0,0.0
2024-09-13 11:45:00+09:00,464.0,465.0,464.0,465.0,25,0.0,0.0
2024-09-13 11:55:00+09:00,463.0,463.0,462.0,462.0,789,0.0,0.0
2024-09-13 12:00:00+09:00,462.0,462.0,462.0,462.0,2608,0.0,0.0
2024-09-13 12:05:00+09:00,460.0,461.0,460.0,460.0,14057,0.0,0.0
2024-09-13 12:10:00+09:00,464.0,464.0,464.0,464.0,0,0.0,0.0
2024-09-13 12:15:00+09:00,460.0,464.0,460.0,464.0,0,0.0,0.0
2024-09-13 12:20:00+09:00,460.0,463.0,460.0,463.0,1243,0.0,0.0
2024-09-13 12:25:00+09:00,463.0,463.0,463.0,463.0,5,0.0,0.0
2024-09-13 12:35:00+09:00,461.0,461.0,461.0,461.0,1272,0.0,0.0
2024-09-13 12:40:00+09:00,462.0,462.0,462.0,462.0,800,0.0,0.0
2024-09-13 12:45:00+09:00,462.0,462.0,462.0,462.0,0,0.0,0.0
2024-09-13 12:50:00+09:00,462.0,463.0,462.0,463.0,140,0.0,0.0
2024-09-13 12:55:00+09:00,462.0,462.0,462.0,462.0,0,0.0,0.0
2024-09-13 13:00:00+09:00,463.0,463.0,463.0,463.0,4,0.0,0.0
2024-09-13 13:05:00+09:00,462.0,464.0,462.0,464.0,910,0.0,0.0
2024-09-13 13:10:00+09:00,464.0,464.0,464.0,464.0,6,0.0,0.0
2024-09-13 13:15:00+09:00,464.0,464.0,464.0,464.0,99,0.0,0.0
2024-09-13 13:20:00+09:00,464.0,464.0,464.0,464.0,1,0.0,0.0
2024-09-13 13:25:00+09:00,465.0,465.0,465.0,465.0,1306,0.0,0.0
2024-09-13 13:30:00+09:00,465.0,465.0,465.0,465.0,494,0.0,0.0
2024-09-13 13:35:00+09:00,464.0,465.0,464.0,465.0,1057,0.0,0.0
2024-09-13 13:45:00+09:00,465.0,465.0,465.0,465.0,2,0.0,0.0
2024-09-13 14:05:00+09:00,464.0,464.0,464.0,464.0,1505,0.0,0.0
2024-09-13 14:10:00+09:00,464.0,464.0,463.0,463.0,10178,0.0,0.0
2024-09-13 14:15:00+09:00,465.0,465.0,465.0,465.0,0,0.0,0.0
2024-09-13 14:20:00+09:00,464.0,465.0,464.0,465.0,0,0.0,0.0
2024-09-13 14:25:00+09:00,463.0,464.0,462.0,464.0,3524,0.0,0.0
2024-09-13 14:30:00+09:00,464.0,464.0,463.0,463.0,1,0.0,0.0
2024-09-13 14:35:00+09:00,463.0,463.0,463.0,463.0,791,0.0,0.0
2024-09-13 14:40:00+09:00,463.0,463.0,463.0,463.0,1825,0.0,0.0
2024-09-13 14:45:00+09:00,463.0,464.0,463.0,464.0,0,0.0,0.0
2024-09-13 14:50:00+09:00,464.0,464.0,464.0,464.0,0,0.0,0.0
2024-09-13 14:55:00+09:00,463.0,464.0,462.0,462.0,1291,0.0,0.0
2024-09-19 09:00:00+09:00,462.0,464.0,462.0,464.0,0,0.0,0.0
2024-09-19 09:05:00+09:00,462.0,465.0,459.0,460.0,7106,0.0,0.0
2024-09-19 09:10:00+09:00,460.0,461.0,460.0,461.0,716,0.0,0.0
2024-09-19 09:15:00+09:00,460.0,460.0,460.0,460.0,2199,0.0,0.0
2024-09-19 09:20:00+09:00,460.0,461.0,460.0,461.0,5898,0.0,0.0
2024-09-19 09:25:00+09:00,461.0,462.0,461.0,462.0,545,0.0,0.0
2024-09-19 09:30:00+09:00,465.0,465.0,462.0,464.0,744,0.0,0.0
2024-09-19 09:35:00+09:00,464.0,465.0,463.0,465.0,6393,0.0,0.0
2024-09-19 09:40:00+09:00,466.0,466.0,464.0,466.0,1290,0.0,0.0
2024-09-19 09:45:00+09:00,466.0,469.0,464.0,468.0,5821,0.0,0.0
2024-09-19 09:50:00+09:00,468.0,472.0,468.0,471.0,16353,0.0,0.0
2024-09-19 09:55:00+09:00,469.0,471.0,469.0,471.0,10008,0.0,0.0
2024-09-19 10:00:00+09:00,471.0,471.0,471.0,471.0,1,0.0,0.0
2024-09-19 10:05:00+09:00,468.0,470.0,465.0,470.0,3107,0.0,0.0
2024-09-19 10:10:00+09:00,468.0,468.0,468.0,468.0,235,0.0,0.0
2024-09-19 10:15:00+09:00,468.0,470.0,468.0,470.0,674,0.0,0.0
2024-09-19 10:20:00+09:00,468.0,477.0,468.0,475.0,17758,0.0,0.0
2024-09-19 10:25:00+09:00,474.0,479.0,470.0,478.0,33834,0.0,0.0
2024-09-19 10:30:00+09:00,478.0,478.0,478.0,478.0,0,0.0,0.0
2024-09-19 10:35:00+09:00,477.0,478.0,475.0,478.0,1189,0.0,0.0
2024-09-19 10:40:00+09:00,478.0,478.0,476.0,478.0,11845,0.0,0.0
2024-09-19 10:45:00+09:00,476.0,477.0,476.0,476.0,841,0.0,0.0
2024-09-19 10:50:00+09:00,476.0,477.0,475.0,476.0,1053,0.0,0.0
2024-09-19 10:55:00+09:00,477.0,477.0,476.0,476.0,261,0.0,0.0
2024-09-19 11:00:00+09:00,476.0,477.0,476.0,477.0,2121,0.0,0.0
2024-09-19 11:05:00+09:00,477.0,477.0,475.0,475.0,1250,0.0,0.0
2024-09-19 11:10:00+09:00,475.0,480.0,475.0,480.0,14995,0.0,0.0
2024-09-19 11:15:00+09:00,480.0,483.0,478.0,482.0,27143,0.0,0.0
2024-09-19 11:20:00+09:00,482.0,482.0,480.0,480.0,1083,0.0,0.0
2024-09-19 11:25:00+09:00,480.0,482.0,480.0,480.0,1968,0.0,0.0
2024-09-19 11:30:00+09:00,480.0,480.0,476.0,476.0,6135,0.0,0.0
2024-09-19 11:35:00+09:00,476.0,480.0,476.0,480.0,0,0.0,0.0
2024-09-19 11:40:00+09:00,480.0,480.0,480.0,480.0,995,0.0,0.0
2024-09-19 11:45:00+09:00,480.0,480.0,475.0,476.0,4029,0.0,0.0
2024-09-19 11:50:00+09:00,475.0,477.0,475.0,477.0,83,0.0,0.0
2024-09-19 12:00:00+09:00,475.0,475.0,466.0,475.0,14636,0.0,0.0
2024-09-19 12:05:00+09:00,475.0,475.0,475.0,475.0,162,0.0,0.0
2024-09-19 12:10:00+09:00,471.0,471.0,471.0,471.0,1029,0.0,0.0
2024-09-19 12:15:00+09:00,471.0,471.0,471.0,471.0,0,0.0,0.0
2024-09-19 12:20:00+09:00,475.0,475.0,475.0,475.0,1,0.0,0.0
2024-09-19 12:25:00+09:00,474.0,474.0,471.0,471.0,3,0.0,0.0
2024-09-19 12:30:00+09:00,475.0,475.0,475.0,475.0,2,0.0,0.0
2024-09-19 12:35:00+09:00,471.0,475.0,465.0,467.0,21083,0.0,0.0
2024-09-19 12:40:00+09:00,470.0,475.0,467.0,475.0,85,0.0,0.0
2024-09-19 12:45:00+09:00,475.0,475.0,471.0,475.0,2,0.0,0.0
2024-09-19 12:50:00+09:00,475.0,475.0,475.0,475.0,300,0.0,0.0
2024-09-19 12:55:00+09:00,475.0,475.0,471.0,475.0,1818,0.0,0.0
2024-09-19 13:05:00+09:00,471.0,471.0,471.0,471.0,370,0.0,0.0
2024-09-19 13:10:00+09:00,471.0,475.0,466.0,475.0,5508,0.0,0.0
2024-09-19 13:15:00+09:00,474.0,474.0,474.0,474.0,0,0.0,0.0
2024-09-19 13:20:00+09:00,472.0,473.0,472.0,473.0,3214,0.0,0.0
2024-09-19 13:25:00+09:00,472.0,474.0,470.0,474.0,1079,0.0,0.0
2024-09-19 13:30:00+09:00,474.0,475.0,474.0,474.0,28083,0.0,0.0
2024-09-19 13:35:00+09:00,474.0,474.0,470.0,470.0,0,0.0,0.0
2024-09-19 13:40:00+09:00,471.0,471.0,471.0,471.0,0,0.0,0.0
2024-09-19 13:45:00+09:00,474.0,474.0,473.0,473.0,0,0.0,0.0
2024-09-19 13:50:00+09:00,471.0,473.0,471.0,473.0,29,0.0,0.0
2024-09-19 13:55:00+09:00,470.0,474.0,470.0,474.0,1665,0.0,0.0
2024-09-19 14:00:00+09:00,474.0,474.0,474.0,474.0,13,0.0,0.0
2024-09-19 14:05:00+09:00,474.0,474.0,474.0,474.0,19,0.0,0.0
2024-09-19 14:10:00+09:00,473.0,474.0,472.0,472.0,185,0.0,0.0
2024-09-19 14:15:00+09:00,474.0,474.0,473.0,473.0,0,0.0,0.0
2024-09-19 14:20:00+09:00,474.0,476.0,474.0,474.0,2063,0.0,0.0
2024-09-19 14:25:00+09:00,474.0,474.0,474.0,474.0,111,0.0,0.0
2024-09-19 14:30:00+09:00,473.0,473.0,473.0,473.0,1,0.0,0.0
2024-09-19 14:35:00+09:00,474.0,474.0,474.0,474.0,20,0.0,0.0
2024-09-19 14:45:00+09:00,474.0,476.0,474.0,475.0,2116,0.0,0.0
2024-09-19 14:50:00+09:00,474.0,474.0,474.0,474.0,15,0.0,0.0
2024-09-19 14:55:00+09:00,474.0,475.0,474.0,475.0,1066,0.0,0.0
2024-09-20 09:00:00+09:00,474.0,476.0,472.0,473.0,2170,0.0,0.0
2024-09-20 09:05:00+09:00,476.0,476.0,473.0,476.0,9439,0.0,0.0
2024-09-20 09:10:00+09:00,478.0,481.0,477.0,481.0,0,0.0,0.0
2024-09-20 09:15:00+09:00,478.0,480.0,477.0,480.0,708,0.0,0.0
2024-09-20 09:20:00+09:00,479.0,479.0,473.0,477.0,2735,0.0,0.0
2024-09-20 09:25:00+09:00,477.0,479.0,477.0,479.0,722,0.0,0.0
2024-09-20 09:30:00+09:00,476.0,479.0,476.0,479.0,0,0.0,0.0
2024-09-20 09:35:00+09:00,476.0,479.0,476.0,479.0,68,0.0,0.0
2024-09-20 09:40:00+09:00,479.0,479.0,479.0,479.0,39,0.0,0.0
2024-09-20 09:45:00+09:00,479.0,479.0,478.0,479.0,12,0.0,0.0
2024-09-20 09:50:00+09:00,479.0,480.0,479.0,480.0,21237,0.0,0.0
2024-09-20 09:55:00+09:00,480.0,490.0,480.0,490.0,33507,0.0,0.0
2024-09-20 10:00:00+09:00,487.0,504.0,486.0,491.0,66691,0.0,0.0
2024-09-20 10:05:00+09:00,493.0,493.0,487.0,490.0,6639,0.0,0.0
2024-09-20 10:10:00+09:00,490.0,490.0,487.0,488.0,913,0.0,0.0
2024-09-20 10:15:00+09:00,488.0,488.0,486.0,488.0,290,0.0,0.0
2024-09-20 10:20:00+09:00,488.0,488.0,482.0,487.0,13737,0.0,0.0
2024-09-20 10:25:00+09:00,484.0,487.0,482.0,487.0,3996,0.0,0.0
2024-09-20 10:30:00+09:00,487.0,487.0,487.0,487.0,0,0.0,0.0
2024-09-20 10:35:00+09:00,484.0,488.0,483.0,485.0,1764,0.0,0.0
2024-09-20 10:40:00+09:00,485.0,486.0,485.0,486.0,2507,0.0,0.0
2024-09-20 10:45:00+09:00,487.0,489.0,483.0,489.0,3915,0.0,0.0
2024-09-20 10:50:00+09:00,489.0,489.0,488.0,488.0,3768,0.0,0.0
2024-09-20 10:55:00+09:00,488.0,489.0,488.0,489.0,2292,0.0,0.0
2024-09-20 11:00:00+09:00,488.0,489.0,488.0,489.0,152,0.0,0.0
2024-09-20 11:05:00+09:00,489.0,489.0,488.0,489.0,10062,0.0,0.0
2024-09-20 11:10:00+09:00,490.0,491.0,488.0,490.0,26387,0.0,0.0
2024-09-20 11:15:00+09:00,490.0,492.0,486.0,491.0,33915,0.0,0.0
2024-09-20 11:20:00+09:00,491.0,492.0,491.0,492.0,9509,0.0,0.0
2024-09-20 11:25:00+09:00,492.0,492.0,489.0,491.0,9691,0.0,0.0
2024-09-20 11:30:00+09:00,488.0,492.0,487.0,492.0,5787,0.0,0.0
2024-09-20 11:35:00+09:00,492.0,492.0,489.0,489.0,3196,0.0,0.0
2024-09-20 11:40:00+09:00,490.0,490.0,488.0,490.0,1617,0.0,0.0
2024-09-20 11:45:00+09:00,490.0,490.0,487.0,490.0,12834,0.0,0.0
2024-09-20 11:50:00+09:00,490.0,490.0,490.0,490.0,8706,0.0,0.0
2024-09-20 11:55:00+09:00,491.0,493.0,490.0,490.0,11278,0.0,0.0
2024-09-20 12:00:00+09:00,492.0,494.0,492.0,494.0,26164,0.0,0.0
2024-09-20 12:05:00+09:00,494.0,495.0,494.0,494.0,4022,0.0,0.0
2024-09-20 12:10:00+09:00,492.0,494.0,490.0,494.0,785,0.0,0.0
2024-09-20 12:15:00+09:00,490.0,494.0,489.0,489.0,11437,0.0,0.0
2024-09-20 12:20:00+09:00,489.0,493.0,489.0,492.0,1975,0.0,0.0
2024-09-20 12:25:00+09:00,492.0,492.0,492.0,492.0,20,0.0,0.0
2024-09-20 12:30:00+09:00,492.0,492.0,491.0,492.0,3040,0.0,0.0
2024-09-20 12:35:00+09:00,493.0,493.0,493.0,493.0,10,0.0,0.0
2024-09-20 12:40:00+09:00,493.0,493.0,493.0,493.0,5,0.0,0.0
2024-09-20 12:45:00+09:00,491.0,493.0,491.0,491.0,1064,0.0,0.0
2024-09-20 12:50:00+09:00,492.0,492.0,492.0,492.0,0,0.0,0.0
2024-09-20 12:55:00+09:00,491.0,492.0,489.0,492.0,16936,0.0,0.0
2024-09-20 13:00:00+09:00,492.0,493.0,489.0,493.0,10887,0.0,0.0
2024-09-20 13:05:00+09:00,491.0,493.0,490.0,493.0,580,0.0,0.0
2024-09-20 13:10:00+09:00,492.0,492.0,492.0,492.0,10,0.0,0.0
2024-09-20 13:15:00+09:00,492.0,493.0,489.0,493.0,9222,0.0,0.0
2024-09-20 13:20:00+09:00,493.0,493.0,490.0,493.0,6535,0.0,0.0
2024-09-20 13:25:00+09:00,493.0,493.0,489.0,492.0,371,0.0,0.0
2024-09-20 13:30:00+09:00,491.0,492.0,489.0,492.0,5504,0.0,0.0
2024-09-20 13:35:00+09:00,492.0,492.0,491.0,491.0,320,0.0,0.0
2024-09-20 13:40:00+09:00,490.0,492.0,489.0,491.0,4229,0.0,0.0
2024-09-20 13:45:00+09:00,490.0,492.0,490.0,492.0,2854,0.0,0.0
2024-09-20 13:50:00+09:00,492.0,492.0,491.0,491.0,0,0.0,0.0
2024-09-20 13:55:00+09:00,491.0,491.0,490.0,491.0,4916,0.0,0.0
2024-09-20 14:00:00+09:00,490.0,490.0,490.0,490.0,190,0.0,0.0
2024-09-20 14:05:00+09:00,490.0,490.0,489.0,489.0,44648,0.0,0.0
2024-09-20 14:10:00+09:00,489.0,490.0,489.0,490.0,0,0.0,0.0
2024-09-20 14:15:00+09:00,489.0,490.0,489.0,489.0,965,0.0,0.0
2024-09-20 14:20:00+09:00,490.0,492.0,490.0,492.0,1991,0.0,0.0
2024-09-20 14:25:00+09:00,491.0,491.0,491.0,491.0,169,0.0,0.0
2024-09-20 14:30:00+09:00,492.0,492.0,491.0,491.0,218,0.0,0.0
2024-09-20 14:35:00+09:00,490.0,491.0,490.0,491.0,56,0.0,0.0
2024-09-20 14:40:00+09:00,491.0,491.0,491.0,491.0,723,0.0,0.0
2024-09-20 14:45:00+09:00,491.0,492.0,491.0,492.0,7159,0.0,0.0
2024-09-20 14:50:00+09:00,492.0,493.0,492.0,493.0,11,0.0,0.0
2024-09-20 14:55:00+09:00,490.0,492.0,490.0,492.0,787,0.0,0.0
2024-09-23 09:00:00+09:00,495.0,497.0,495.0,495.0,0,0.0,0.0
2024-09-23 09:05:00+09:00,492.0,495.0,490.0,493.0,5499,0.0,0.0
2024-09-23 09:10:00+09:00,491.0,494.0,491.0,494.0,2790,0.0,0.0
2024-09-23 09:15:00+09:00,493.0,494.0,493.0,494.0,38005,0.0,0.0
2024-09-23 09:20:00+09:00,493.0,495.0,491.0,495.0,8946,0.0,0.0
2024-09-23 09:25:00+09:00,494.0,495.0,492.0,495.0,10703,0.0,0.0
2024-09-23 09:30:00+09:00,495.0,495.0,493.0,493.0,4986,0.0,0.0
2024-09-23 09:35:00+09:00,496.0,500.0,496.0,499.0,30603,0.0,0.0
2024-09-23 09:40:00+09:00,499.0,499.0,496.0,498.0,5923,0.0,0.0
2024-09-23 09:45:00+09:00,498.0,498.0,493.0,497.0,5930,0.0,0.0
2024-09-23 09:50:00+09:00,498.0,498.0,493.0,493.0,0,0.0,0.0
2024-09-23 09:55:00+09:00,493.0,497.0,493.0,497.0,8,0.0,0.0
2024-09-23 10:00:00+09:00,497.0,497.0,496.0,497.0,144,0.0,0.0
2024-09-23 10:05:00+09:00,497.0,497.0,494.0,497.0,230,0.0,0.0
2024-09-23 10:10:00+09:00,497.0,497.0,496.0,496.0,904,0.0,0.0
2024-09-23 10:15:00+09:00,494.0,494.0,494.0,494.0,625,0.0,0.0
2024-09-23 10:20:00+09:00,496.0,496.0,491.0,491.0,15816,0.0,0.0
2024-09-23 10:25:00+09:00,492.0,494.0,491.0,494.0,13134,0.0,0.0
2024-09-23 10:30:00+09:00,493.0,494.0,493.0,494.0,65,0.0,0.0
2024-09-23 10:40:00+09:00,491.0,494.0,490.0,494.0,3045,0.0,0.0
2024-09-23 10:50:00+09:00,491.0,494.0,491.0,494.0,185,0.0,0.0
2024-09-23 10:55:00+09:00,494.0,494.0,494.0,494.0,1082,0.0,0.0
2024-09-23 11:00:00+09:00,494.0,494.0,494.0,494.0,25,0.0,0.0
2024-09-23 11:10:00+09:00,494.0,494.0,494.0,494.0,8,0.0,0.0
2024-09-23 11:25:00+09:00,490.0,494.0,490.0,494.0,2202,0.0,0.0
2024-09-23 11:50:00+09:00,490.0,490.0,487.0,490.0,7347,0.0,0.0
2024-09-23 12:05:00+09:00,490.0,490.0,489.0,490.0,2832,0.0,0.0
2024-09-23 12:10:00+09:00,489.0,490.0,489.0,490.0,0,0.0,0.0
2024-09-23 12:15:00+09:00,489.0,491.0,489.0,491.0,9,0.0,0.0
2024-09-23 12:20:00+09:00,489.0,490.0,489.0,489.0,686,0.0,0.0
2024-09-23 12:25:00+09:00,490.0,490.0,490.0,490.0,0,0.0,0.0
2024-09-23 12:30:00+09:00,490.0,490.0,489.0,489.0,52,0.0,0.0
2024-09-23 12:35:00+09:00,488.0,490.0,487.0,490.0,117,0.0,0.0
2024-09-23 12:45:00+09:00,488.0,490.0,488.0,490.0,122,0.0,0.0
2024-09-23 12:50:00+09:00,488.0,490.0,486.0,490.0,3704,0.0,0.0
2024-09-23 12:55:00+09:00,490.0,490.0,490.0,490.0,7,0.0,0.0
2024-09-23 13:00:00+09:00,488.0,489.0,487.0,487.0,1244,0.0,0.0
2024-09-23 13:05:00+09:00,488.0,489.0,488.0,489.0,279,0.0,0.0
2024-09-23 13:10:00+09:00,487.0,487.0,487.0,487.0,999,0.0,0.0
2024-09-23 13:15:00+09:00,489.0,489.0,487.0,487.0,65,0.0,0.0
2024-09-23 13:20:00+09:00,487.0,487.0,487.0,487.0,13505,0.0,0.0
2024-09-23 13:25:00+09:00,488.0,488.0,488.0,488.0,0,0.0,0.0
2024-09-23 13:30:00+09:00,487.0,488.0,485.0,488.0,1119,0.0,0.0
2024-09-23 13:35:00+09:00,486.0,486.0,486.0,486.0,895,0.0,0.0
2024-09-23 13:40:00+09:00,485.0,486.0,483.0,485.0,18210,0.0,0.0
2024-09-23 13:45:00+09:00,485.0,485.0,484.0,484.0,0,0.0,0.0
2024-09-23 13:50:00+09:00,485.0,485.0,485.0,485.0,2,0.0,0.0
2024-09-23 13:55:00+09:00,485.0,485.0,484.0,485.0,330,0.0,0.0
2024-09-23 14:00:00+09:00,485.0,487.0,485.0,486.0,2001,0.0,0.0
2024-09-23 14:05:00+09:00,486.0,487.0,486.0,487.0,416,0.0,0.0
2024-09-23 14:10:00+09:00,487.0,487.0,487.0,487.0,25,0.0,0.0
2024-09-23 14:15:00+09:00,486.0,486.0,485.0,485.0,15,0.0,0.0
2024-09-23 14:20:00+09:00,487.0,487.0,487.0,487.0,3,0.0,0.0
2024-09-23 14:25:00+09:00,487.0,487.0,487.0,487.0,39,0.0,0.0
2024-09-23 14:30:00+09:00,487.0,488.0,487.0,488.0,1413,0.0,0.0
2024-09-23 14:35:00+09:00,488.0,488.0,488.0,488.0,500,0.0,0.0
2024-09-23 14:40:00+09:00,487.0,488.0,487.0,488.0,183,0.0,0.0
2024-09-23 14:45:00+09:00,488.0,488.0,487.0,488.0,521,0.0,0.0
2024-09-23 14:50:00+09:00,488.0,488.0,488.0,488.0,42,0.0,0.0
2024-09-23 14:55:00+09:00,487.0,488.0,485.0,488.0,3823,0.0,0.0
2024-09-24 09:00:00+09:00,485.0,485.0,482.0,485.0,1646,0.0,0.0
2024-09-24 09:05:00+09:00,485.0,485.0,481.0,485.0,405,0.0,0.0
2024-09-24 09:10:00+09:00,485.0,485.0,481.0,484.0,52,0.0,0.0
2024-09-24 09:15:00+09:00,482.0,482.0,481.0,482.0,195,0.0,0.0
2024-09-24 09:20:00+09:00,482.0,485.0,482.0,485.0,1592,0.0,0.0
2024-09-24 09:25:00+09:00,485.0,485.0,485.0,485.0,503,0.0,0.0
2024-09-24 09:30:00+09:00,485.0,485.0,484.0,485.0,1291,0.0,0.0
2024-09-24 09:35:00+09:00,484.0,485.0,484.0,485.0,86,0.0,0.0
2024-09-24 09:40:00+09:00,485.0,485.0,484.0,485.0,1257,0.0,0.0
2024-09-24 09:45:00+09:00,484.0,485.0,481.0,481.0,4263,0.0,0.0
2024-09-24 09:50:00+09:00,481.0,483.0,480.0,483.0,2588,0.0,0.0
2024-09-24 09:55:00+09:00,481.0,481.0,481.0,481.0,1009,0.0,0.0
2024-09-24 10:00:00+09:00,481.0,483.0,481.0,483.0,524,0.0,0.0
2024-09-24 10:05:00+09:00,483.0,483.0,481.0,483.0,2209,0.0,0.0
2024-09-24 10:10:00+09:00,484.0,484.0,484.0,484.0,0,0.0,0.0
2024-09-24 10:20:00+09:00,484.0,484.0,483.0,484.0,2306,0.0,0.0
2024-09-24 10:25:00+09:00,484.0,485.0,484.0,485.0,316,0.0,0.0
2024-09-24 10:30:00+09:00,485.0,485.0,485.0,485.0,1007,0.0,0.0
2024-09-24 10:35:00+09:00,484.0,485.0,484.0,485.0,2003,0.0,0.0
2024-09-24 10:40:00+09:00,484.0,484.0,484.0,484.0,200,0.0,0.0
2024-09-24 10:45:00+09:00,485.0,485.0,484.0,484.0,634,0.0,0.0
2024-09-24 10:50:00+09:00,484.0,484.0,483.0,483.0,50,0.0,0.0
2024-09-24 10:55:00+09:00,483.0,483.0,483.0,483.0,9,0.0,0.0
2024-09-24 11:00:00+09:00,482.0,482.0,480.0,480.0,3734,0.0,0.0
2024-09-24 11:05:00+09:00,483.0,483.0,483.0,483.0,5,0.0,0.0
2024-09-24 11:10:00+09:00,481.0,481.0,479.0,479.0,24007,0.0,0.0
2024-09-24 11:15:00+09:00,480.0,480.0,480.0,480.0,0,0.0,0.0
2024-09-24 11:20:00+09:00,480.0,482.0,480.0,482.0,6913,0.0,0.0
2024-09-24 11:25:00+09:00,482.0,483.0,476.0,479.0,19624,0.0,0.0
2024-09-24 11:30:00+09:00,479.0,479.0,478.0,479.0,2373,0.0,0.0
2024-09-24 11:35:00+09:00,479.0,480.0,479.0,480.0,5993,0.0,0.0
2024-09-24 11:40:00+09:00,480.0,480.0,480.0,480.0,1065,0.0,0.0
2024-09-24 11:45:00+09:00,478.0,480.0,478.0,480.0,3502,0.0,0.0
2024-09-24 11:50:00+09:00,480.0,480.0,480.0,480.0,80,0.0,0.0
2024-09-24 11:55:00+09:00,479.0,480.0,479.0,479.0,501,0.0,0.0
2024-09-24 12:00:00+09:00,478.0,480.0,478.0,480.0,7646,0.0,0.0
2024-09-24 12:05:00+09:00,480.0,480.0,480.0,480.0,198,0.0,0.0
2024-09-24 12:15:00+09:00,480.0,480.0,480.0,480.0,0,0.0,0.0
2024-09-24 12:20:00+09:00,480.0,480.0,480.0,480.0,18,0.0,0.0
2024-09-24 12:35:00+09:00,480.0,480.0,480.0,480.0,0,0.0,0.0
2024-09-24 12:40:00+09:00,479.0,480.0,478.0,480.0,1426,0.0,0.0
2024-09-24 12:45:00+09:00,477.0,480.0,477.0,480.0,497,0.0,0.0
2024-09-24 12:50:00+09:00,480.0,480.0,480.0,480.0,24,0.0,0.0
2024-09-24 12:55:00+09:00,479.0,480.0,478.0,480.0,408,0.0,0.0
2024-09-24 13:05:00+09:00,478.0,478.0,476.0,476.0,8146,0.0,0.0
2024-09-24 13:10:00+09:00,479.0,479.0,476.0,478.0,5031,0.0,0.0
2024-09-24 13:15:00+09:00,478.0,478.0,477.0,477.0,925,0.0,0.0
2024-09-24 13:20:00+09:00,476.0,477.0,474.0,477.0,29697,0.0,0.0
2024-09-24 13:25:00+09:00,477.0,477.0,474.0,477.0,3985,0.0,0.0
2024-09-24 13:30:00+09:00,474.0,476.0,474.0,475.0,963,0.0,0.0
2024-09-24 13:35:00+09:00,475.0,477.0,474.0,477.0,11230,0.0,0.0
2024-09-24 13:40:00+09:00,475.0,477.0,475.0,477.0,4502,0.0,0.0
2024-09-24 13:45:00+09:00,475.0,478.0,475.0,478.0,6949,0.0,0.0
2024-09-24 13:50:00+09:00,478.0,478.0,478.0,478.0,3550,0.0,0.0
2024-09-24 13:55:00+09:00,478.0,478.0,477.0,477.0,12,0.0,0.0
2024-09-24 14:00:00+09:00,478.0,479.0,478.0,478.0,5780,0.0,0.0
2024-09-24 14:05:00+09:00,479.0,479.0,478.0,479.0,0,0.0,0.0
2024-09-24 14:15:00+09:00,479.0,480.0,479.0,479.0,5453,0.0,0.0
2024-09-24 14:20:00+09:00,480.0,480.0,479.0,479.0,1083,0.0,0.0
2024-09-24 14:25:00+09:00,480.0,480.0,478.0,480.0,42,0.0,0.0
2024-09-24 14:30:00+09:00,479.0,479.0,478.0,478.0,1148,0.0,0.0
2024-09-24 14:35:00+09:00,479.0,479.0,479.0,479.0,400,0.0,0.0
2024-09-24 14:40:00+09:00,479.0,479.0,475.0,475.0,6488,0.0,0.0
2024-09-24 14:45:00+09:00,478.0,478.0,478.0,478.0,274,0.0,0.0
2024-09-24 14:50:00+09:00,478.0,478.0,478.0,478.0,215,0.0,0.0
2024-09-24 14:55:00+09:00,478.0,480.0,478.0,480.0,16992,0.0,0.0
2024-09-25 09:00:00+09:00,475.0,485.0,475.0,477.0,6431,0.0,0.0
2024-09-25 09:05:00+09:00,483.0,483.0,477.0,483.0,4540,0.0,0.0
2024-09-25 09:10:00+09:00,482.0,482.0,478.0,478.0,0,0.0,0.0
2024-09-25 09:15:00+09:00,478.0,480.0,474.0,474.0,13499,0.0,0.0
2024-09-25 09:20:00+09:00,478.0,478.0,478.0,478.0,841,0.0,0.0
2024-09-25 09:25:00+09:00,476.0,478.0,474.0,477.0,4062,0.0,0.0
2024-09-25 09:30:00+09:00,477.0,478.0,477.0,478.0,40,0.0,0.0
2024-09-25 09:35:00+09:00,477.0,477.0,476.0,476.0,2614,0.0,0.0
2024-09-25 09:40:00+09:00,477.0,477.0,477.0,477.0,0,0.0,0.0
2024-09-25 09:45:00+09:00,477.0,480.0,477.0,480.0,6054,0.0,0.0
2024-09-25 09:50:00+09:00,480.0,483.0,480.0,483.0,3966,0.0,0.0
2024-09-25 10:00:00+09:00,483.0,487.0,483.0,487.0,4601,0.0,0.0
2024-09-25 10:05:00+09:00,487.0,489.0,486.0,486.0,10792,0.0,0.0
2024-09-25 10:10:00+09:00,486.0,486.0,486.0,486.0,664,0.0,0.0
2024-09-25 10:15:00+09:00,485.0,488.0,484.0,488.0,2463,0.0,0.0
2024-09-25 10:20:00+09:00,488.0,489.0,486.0,489.0,2132,0.0,0.0
2024-09-25 10:25:00+09:00,486.0,488.0,486.0,488.0,5346,0.0,0.0
2024-09-25 10:40:00+09:00,484.0,488.0,484.0,488.0,1503,0.0,0.0
2024-09-25 10:45:00+09:00,486.0,488.0,486.0,488.0,2058,0.0,0.0
2024-09-25 10:55:00+09:00,488.0,488.0,482.0,486.0,6865,0.0,0.0
2024-09-25 11:00:00+09:00,485.0,485.0,480.0,485.0,1000,0.0,0.0
2024-09-25 11:05:00+09:00,480.0,480.0,479.0,480.0,1002,0.0,0.0
2024-09-25 11:10:00+09:00,479.0,485.0,479.0,485.0,13,0.0,0.0
2024-09-25 11:20:00+09:00,481.0,485.0,481.0,485.0,3,0.0,0.0
2024-09-25 11:25:00+09:00,485.0,485.0,485.0,485.0,2,0.0,0.0
2024-09-25 11:30:00+09:00,484.0,487.0,484.0,487.0,10511,0.0,0.0
2024-09-25 11:35:00+09:00,487.0,489.0,487.0,489.0,11851,0.0,0.0
2024-09-25 11:40:00+09:00,489.0,489.0,484.0,488.0,1513,0.0,0.0
2024-09-25 11:45:00+09:00,488.0,488.0,488.0,488.0,108,0.0,0.0
2024-09-25 11:55:00+09:00,488.0,488.0,488.0,488.0,261,0.0,0.0
2024-09-25 12:15:00+09:00,487.0,488.0,486.0,488.0,3905,0.0,0.0
2024-09-25 12:20:00+09:00,489.0,489.0,488.0,489.0,4241,0.0,0.0
2024-09-25 12:30:00+09:00,488.0,488.0,488.0,488.0,1050,0.0,0.0
2024-09-25 12:35:00+09:00,485.0,488.0,485.0,488.0,0,0.0,0.0
2024-09-25 12:50:00+09:00,488.0,488.0,485.0,488.0,31,0.0,0.0
2024-09-25 13:05:00+09:00,487.0,487.0,487.0,487.0,3,0.0,0.0
2024-09-25 13:10:00+09:00,483.0,487.0,479.0,487.0,8944,0.0,0.0
2024-09-25 13:30:00+09:00,487.0,522.0,487.0,507.0,868514,0.0,0.0
2024-09-25 13:35:00+09:00,507.0,514.0,494.0,508.0,461158,0.0,0.0
2024-09-25 13:40:00+09:00,507.0,514.0,502.0,509.0,157318,0.0,0.0
2024-09-25 13:45:00+09:00,509.0,565.0,498.0,565.0,2026431,0.0,0.0
2024-09-25 13:50:00+09:00,557.0,570.0,522.0,530.0,1423198,0.0,0.0
2024-09-25 13:55:00+09:00,529.0,550.0,521.0,536.0,694117,0.0,0.0
2024-09-25 14:00:00+09:00,530.0,541.0,510.0,516.0,514881,0.0,0.0
2024-09-25 14:05:00+09:00,515.0,545.0,512.0,535.0,549387,0.0,0.0
2024-09-25 14:10:00+09:00,535.0,535.0,520.0,521.0,202878,0.0,0.0
2024-09-25 14:15:00+09:00,521.0,528.0,520.0,521.0,111153,0.0,0.0
2024-09-25 14:20:00+09:00,521.0,521.0,512.0,513.0,177065,0.0,0.0
2024-09-25 14:25:00+09:00,514.0,520.0,514.0,519.0,59925,0.0,0.0
2024-09-25 14:30:00+09:00,518.0,520.0,512.0,512.0,53314,0.0,0.0
2024-09-25 14:35:00+09:00,513.0,517.0,510.0,513.0,91062,0.0,0.0
2024-09-25 14:40:00+09:00,511.0,511.0,505.0,505.0,195433,0.0,0.0
2024-09-25 14:45:00+09:00,505.0,507.0,502.0,502.0,146416,0.0,0.0
2024-09-25 14:50:00+09:00,502.0,505.0,490.0,498.0,189692,0.0,0.0
2024-09-25 14:55:00+09:00,498.0,499.0,494.0,498.0,84320,0.0,0.0
2024-09-26 09:00:00+09:00,482.0,491.0,480.0,488.0,57581,0.0,0.0
2024-09-26 09:05:00+09:00,488.0,499.0,483.0,495.0,50778,0.0,0.0
2024-09-26 09:10:00+09:00,495.0,500.0,486.0,492.0,37980,0.0,0.0
2024-09-26 09:15:00+09:00,492.0,496.0,492.0,493.0,7666,0.0,0.0
2024-09-26 09:20:00+09:00,494.0,494.0,482.0,485.0,87016,0.0,0.0
2024-09-26 09:25:00+09:00,485.0,490.0,482.0,482.0,31018,0.0,0.0
2024-09-26 09:30:00+09:00,483.0,483.0,475.0,481.0,130745,0.0,0.0
2024-09-26 09:35:00+09:00,480.0,481.0,473.0,478.0,76236,0.0,0.0
2024-09-26 09:40:00+09:00,481.0,483.0,477.0,479.0,17609,0.0,0.0
2024-09-26 09:45:00+09:00,482.0,486.0,479.0,486.0,14187,0.0,0.0
2024-09-26 09:50:00+09:00,486.0,486.0,479.0,484.0,5390,0.0,0.0
2024-09-26 09:55:00+09:00,483.0,484.0,483.0,484.0,1045,0.0,0.0
2024-09-26 10:00:00+09:00,484.0,487.0,484.0,486.0,5951,0.0,0.0
2024-09-26 10:05:00+09:00,487.0,487.0,483.0,486.0,11940,0.0,0.0
2024-09-26 10:10:00+09:00,484.0,486.0,484.0,486.0,3666,0.0,0.0
2024-09-26 10:15:00+09:00,485.0,485.0,484.0,485.0,2024,0.0,0.0
2024-09-26 10:20:00+09:00,485.0,485.0,485.0,485.0,1280,0.0,0.0
2024-09-26 10:25:00+09:00,485.0,485.0,484.0,484.0,11001,0.0,0.0
2024-09-26 10:30:00+09:00,484.0,485.0,482.0,485.0,23222,0.0,0.0
2024-09-26 10:35:00+09:00,485.0,485.0,478.0,478.0,27057,0.0,0.0
2024-09-26 10:40:00+09:00,479.0,479.0,476.0,478.0,14711,0.0,0.0
2024-09-26 10:45:00+09:00,480.0,480.0,480.0,480.0,4590,0.0,0.0
2024-09-26 10:50:00+09:00,481.0,482.0,481.0,482.0,11560,0.0,0.0
2024-09-26 10:55:00+09:00,482.0,482.0,482.0,482.0,0,0.0,0.0
2024-09-26 11:00:00+09:00,482.0,483.0,482.0,482.0,1425,0.0,0.0
2024-09-26 11:05:00+09:00,482.0,484.0,482.0,483.0,5907,0.0,0.0
2024-09-26 11:10:00+09:00,482.0,483.0,480.0,482.0,29844,0.0,0.0
2024-09-26 11:15:00+09:00,481.0,482.0,480.0,482.0,20855,0.0,0.0
2024-09-26 11:20:00+09:00,482.0,483.0,482.0,483.0,18576,0.0,0.0
2024-09-26 11:25:00+09:00,482.0,483.0,482.0,483.0,2854,0.0,0.0
2024-09-26 11:30:00+09:00,483.0,484.0,483.0,483.0,2762,0.0,0.0
2024-09-26 11:35:00+09:00,483.0,483.0,481.0,482.0,3790,0.0,0.0
2024-09-26 11:40:00+09:00,481.0,482.0,478.0,480.0,26921,0.0,0.0
2024-09-26 11:45:00+09:00,480.0,480.0,478.0,480.0,14346,0.0,0.0
2024-09-26 11:50:00+09:00,482.0,482.0,477.0,478.0,40958,0.0,0.0
2024-09-26 11:55:00+09:00,478.0,480.0,478.0,478.0,373,0.0,0.0
2024-09-26 12:00:00+09:00,478.0,482.0,478.0,482.0,18888,0.0,0.0
2024-09-26 12:05:00+09:00,480.0,483.0,480.0,483.0,0,0.0,0.0
2024-09-26 12:10:00+09:00,483.0,483.0,483.0,483.0,0,0.0,0.0
2024-09-26 12:15:00+09:00,483.0,483.0,483.0,483.0,523,0.0,0.0
2024-09-26 12:20:00+09:00,483.0,490.0,481.0,490.0,4089,0.0,0.0
2024-09-26 12:25:00+09:00,487.0,487.0,483.0,484.0,1775,0.0,0.0
2024-09-26 12:30:00+09:00,483.0,484.0,481.0,484.0,601,0.0,0.0
2024-09-26 12:35:00+09:00,483.0,484.0,483.0,483.0,111,0.0,0.0
2024-09-26 12:40:00+09:00,483.0,484.0,483.0,484.0,3991,0.0,0.0
2024-09-26 12:45:00+09:00,483.0,486.0,483.0,486.0,20,0.0,0.0
2024-09-26 12:55:00+09:00,483.0,486.0,483.0,486.0,3357,0.0,0.0
2024-09-26 13:00:00+09:00,483.0,483.0,481.0,481.0,7199,0.0,0.0
2024-09-26 13:05:00+09:00,481.0,484.0,481.0,484.0,0,0.0,0.0
2024-09-26 13:10:00+09:00,482.0,482.0,481.0,481.0,540,0.0,0.0
2024-09-26 13:15:00+09:00,483.0,483.0,481.0,481.0,1960,0.0,0.0
2024-09-26 13:20:00+09:00,481.0,482.0,481.0,481.0,15373,0.0,0.0
2024-09-26 13:25:00+09:00,481.0,483.0,481.0,483.0,19937,0.0,0.0
2024-09-26 13:30:00+09:00,484.0,486.0,484.0,486.0,3049,0.0,0.0
2024-09-26 13:35:00+09:00,486.0,487.0,486.0,487.0,8314,0.0,0.0
2024-09-26 13:40:00+09:00,486.0,487.0,486.0,487.0,10211,0.0,0.0
2024-09-26 13:45:00+09:00,485.0,490.0,485.0,490.0,2050,0.0,0.0
2024-09-26 13:50:00+09:00,486.0,486.0,486.0,486.0,4749,0.0,0.0
2024-09-26 13:55:00+09:00,489.0,489.0,488.0,488.0,0,0.0,0.0
2024-09-26 14:00:00+09:00,486.0,486.0,486.0,486.0,1660,0.0,0.0
2024-09-26 14:05:00+09:00,486.0,487.0,484.0,484.0,1726,0.0,0.0
2024-09-26 14:10:00+09:00,484.0,485.0,479.0,485.0,6102,0.0,0.0
2024-09-26 14:15:00+09:00,482.0,482.0,480.0,480.0,10507,0.0,0.0
2024-09-26 14:20:00+09:00,480.0,480.0,480.0,480.0,3208,0.0,0.0
2024-09-26 14:25:00+09:00,483.0,483.0,478.0,478.0,31000,0.0,0.0
2024-09-26 14:30:00+09:00,482.0,487.0,480.0,484.0,3111,0.0,0.0
2024-09-26 14:35:00+09:00,485.0,485.0,484.0,485.0,1391,0.0,0.0
2024-09-26 14:40:00+09:00,485.0,486.0,482.0,486.0,5179,0.0,0.0
2024-09-26 14:45:00+09:00,484.0,485.0,484.0,485.0,410,0.0,0.0
2024-09-26 14:50:00+09:00,485.0,485.0,483.0,483.0,9094,0.0,0.0
2024-09-26 14:55:00+09:00,482.0,484.0,482.0,484.0,6498,0.0,0.0
2024-09-27 09:00:00+09:00,484.0,487.0,480.0,481.0,11072,0.0,0.0
2024-09-27 09:05:00+09:00,481.0,485.0,480.0,485.0,11067,0.0,0.0
2024-09-27 09:10:00+09:00,481.0,484.0,478.0,478.0,10445,0.0,0.0
2024-09-27 09:15:00+09:00,479.0,482.0,477.0,480.0,14744,0.0,0.0
2024-09-27 09:20:00+09:00,478.0,481.0,477.0,481.0,23773,0.0,0.0
2024-09-27 09:25:00+09:00,481.0,481.0,481.0,481.0,609,0.0,0.0
2024-09-27 09:30:00+09:00,482.0,482.0,482.0,482.0,122,0.0,0.0
2024-09-27 09:35:00+09:00,482.0,483.0,481.0,483.0,1402,0.0,0.0
2024-09-27 09:40:00+09:00,483.0,483.0,479.0,483.0,6800,0.0,0.0
2024-09-27 09:45:00+09:00,482.0,483.0,482.0,483.0,101,0.0,0.0
2024-09-27 09:50:00+09:00,482.0,483.0,482.0,483.0,8,0.0,0.0
2024-09-27 09:55:00+09:00,480.0,483.0,477.0,483.0,7003,0.0,0.0
2024-09-27 10:00:00+09:00,482.0,483.0,479.0,479.0,4016,0.0,0.0
2024-09-27 10:05:00+09:00,482.0,482.0,477.0,482.0,22622,0.0,0.0
2024-09-27 10:10:00+09:00,481.0,483.0,477.0,482.0,4857,0.0,0.0
2024-09-27 10:15:00+09:00,482.0,482.0,481.0,481.0,450,0.0,0.0
2024-09-27 10:20:00+09:00,481.0,481.0,481.0,481.0,173,0.0,0.0
2024-09-27 10:30:00+09:00,481.0,481.0,479.0,481.0,1999,0.0,0.0
2024-09-27 10:35:00+09:00,481.0,481.0,479.0,479.0,179,0.0,0.0
2024-09-27 10:40:00+09:00,479.0,480.0,479.0,480.0,56,0.0,0.0
2024-09-27 10:45:00+09:00,479.0,482.0,478.0,482.0,3179,0.0,0.0
2024-09-27 10:50:00+09:00,482.0,483.0,482.0,483.0,382,0.0,0.0
2024-09-27 10:55:00+09:00,483.0,484.0,481.0,484.0,751,0.0,0.0
2024-09-27 11:00:00+09:00,483.0,483.0,482.0,482.0,2579,0.0,0.0
2024-09-27 11:05:00+09:00,483.0,483.0,482.0,482.0,1002,0.0,0.0
2024-09-27 11:10:00+09:00,483.0,483.0,483.0,483.0,507,0.0,0.0
2024-09-27 11:15:00+09:00,482.0,483.0,482.0,482.0,521,0.0,0.0
2024-09-27 11:25:00+09:00,482.0,483.0,481.0,483.0,1154,0.0,0.0
2024-09-27 11:30:00+09:00,482.0,483.0,482.0,483.0,35,0.0,0.0
2024-09-27 11:35:00+09:00,483.0,483.0,482.0,483.0,68,0.0,0.0
2024-09-27 11:40:00+09:00,482.0,482.0,482.0,482.0,998,0.0,0.0
2024-09-27 11:45:00+09:00,482.0,483.0,480.0,480.0,5897,0.0,0.0
2024-09-27 11:50:00+09:00,481.0,481.0,479.0,479.0,7896,0.0,0.0
2024-09-27 11:55:00+09:00,479.0,481.0,479.0,481.0,3903,0.0,0.0
2024-09-27 12:00:00+09:00,482.0,482.0,480.0,482.0,0,0.0,0.0
2024-09-27 12:15:00+09:00,482.0,482.0,482.0,482.0,78,0.0,0.0
2024-09-27 12:20:00+09:00,481.0,481.0,479.0,481.0,5175,0.0,0.0
2024-09-27 12:25:00+09:00,479.0,482.0,479.0,479.0,350,0.0,0.0
2024-09-27 12:30:00+09:00,479.0,481.0,479.0,481.0,2337,0.0,0.0
2024-09-27 12:35:00+09:00,482.0,482.0,482.0,482.0,4,0.0,0.0
2024-09-27 12:40:00+09:00,481.0,481.0,481.0,481.0,28,0.0,0.0
2024-09-27 12:45:00+09:00,480.0,480.0,479.0,479.0,3700,0.0,0.0
2024-09-27 12:50:00+09:00,479.0,481.0,479.0,481.0,2455,0.0,0.0
2024-09-27 12:55:00+09:00,479.0,481.0,479.0,481.0,6002,0.0,0.0
2024-09-27 13:00:00+09:00,479.0,479.0,478.0,478.0,18510,0.0,0.0
2024-09-27 13:10:00+09:00,481.0,481.0,480.0,480.0,18,0.0,0.0
2024-09-27 13:15:00+09:00,480.0,481.0,478.0,481.0,1996,0.0,0.0
2024-09-27 13:20:00+09:00,481.0,481.0,478.0,478.0,450,0.0,0.0
2024-09-27 13:25:00+09:00,480.0,480.0,478.0,478.0,0,0.0,0.0
2024-09-27 13:30:00+09:00,478.0,478.0,478.0,478.0,95,0.0,0.0
2024-09-27 13:35:00+09:00,478.0,478.0,478.0,478.0,13552,0.0,0.0
2024-09-27 13:40:00+09:00,480.0,481.0,478.0,478.0,0,0.0,0.0
2024-09-27 13:45:00+09:00,478.0,479.0,478.0,478.0,1024,0.0,0.0
2024-09-27 13:50:00+09:00,478.0,478.0,478.0,478.0,2000,0.0,0.0
2024-09-27 13:55:00+09:00,478.0,478.0,478.0,478.0,2575,0.0,0.0
2024-09-27 14:00:00+09:00,478.0,481.0,478.0,481.0,2660,0.0,0.0
2024-09-27 14:05:00+09:00,481.0,481.0,481.0,481.0,203,0.0,0.0
2024-09-27 14:10:00+09:00,478.0,480.0,478.0,480.0,1003,0.0,0.0
2024-09-27 14:15:00+09:00,480.0,480.0,480.0,480.0,2,0.0,0.0
2024-09-27 14:25:00+09:00,480.0,480.0,480.0,480.0,24,0.0,0.0
2024-09-27 14:30:00+09:00,479.0,480.0,478.0,478.0,1049,0.0,0.0
2024-09-27 14:35:00+09:00,480.0,480.0,478.0,478.0,0,0.0,0.0
2024-09-27 14:40:00+09:00,478.0,478.0,477.0,478.0,23747,0.0,0.0
2024-09-27 14:45:00+09:00,478.0,480.0,478.0,478.0,1419,0.0,0.0
2024-09-27 14:50:00+09:00,478.0,480.0,478.0,479.0,0,0.0,0.0
2024-09-27 14:55:00+09:00,478.0,478.0,478.0,478.0,6593,0.0,0.0
