Datetime,Open,High,Low,Close,Volume,Dividends,Stock Splits
2024-08-29 09:00:00+09:00,3275.0,3310.0,3275.0,3310.0,0,0.0,0.0
2024-08-29 09:05:00+09:00,3305.0,3315.0,3305.0,3315.0,24,0.0,0.0
2024-08-29 09:10:00+09:00,3280.0,3315.0,3280.0,3315.0,189,0.0,0.0
2024-08-29 09:15:00+09:00,3310.0,3310.0,3300.0,3300.0,15,0.0,0.0
2024-08-29 09:20:00+09:00,3295.0,3295.0,3215.0,3250.0,4197,0.0,0.0
2024-08-29 09:25:00+09:00,3260.0,3260.0,3240.0,3240.0,535,0.0,0.0
2024-08-29 09:30:00+09:00,3245.0,3270.0,3245.0,3265.0,5218,0.0,0.0
2024-08-29 09:35:00+09:00,3275.0,3275.0,3275.0,3275.0,0,0.0,0.0
2024-08-29 09:40:00+09:00,3260.0,3260.0,3250.0,3250.0,54,0.0,0.0
2024-08-29 09:45:00+09:00,3275.0,3275.0,3275.0,3275.0,0,0.0,0.0
2024-08-29 10:05:00+09:00,3275.0,3275.0,3260.0,3260.0,77,0.0,0.0
2024-08-29 10:10:00+09:00,3260.0,3260.0,3260.0,3260.0,84,0.0,0.0
2024-08-29 10:40:00+09:00,3260.0,3260.0,3250.0,3250.0,3804,0.0,0.0
2024-08-29 10:45:00+09:00,3250.0,3270.0,3250.0,3270.0,0,0.0,0.0
2024-08-29 10:50:00+09:00,3270.0,3270.0,3270.0,3270.0,999,0.0,0.0
2024-08-29 10:55:00+09:00,3270.0,3270.0,3265.0,3265.0,200,0.0,0.0
2024-08-29 11:20:00+09:00,3255.0,3270.0,3255.0,3270.0,201,0.0,0.0
2024-08-29 11:45:00+09:00,3270.0,3270.0,3270.0,3270.0,20,0.0,0.0
2024-08-29 11:50:00+09:00,3265.0,3265.0,3265.0,3265.0,198,0.0,0.0
2024-08-29 12:20:00+09:00,3270.0,3270.0,3270.0,3270.0,0,0.0,0.0
2024-08-29 12:35:00+09:00,3255.0,3255.0,3255.0,3255.0,43,0.0,0.0
2024-08-29 12:40:00+09:00,3250.0,3250.0,3250.0,3250.0,333,0.0,0.0
2024-08-29 13:25:00+09:00,3250.0,3250.0,3245.0,3245.0,133,0.0,0.0
2024-08-29 13:35:00+09:00,3265.0,3270.0,3265.0,3270.0,6598,0.0,0.0
2024-08-29 13:40:00+09:00,3275.0,3275.0,3275.0,3275.0,630,0.0,0.0
2024-08-29 13:45:00+09:00,3260.0,3260.0,3255.0,3255.0,4955,0.0,0.0
2024-08-29 13:50:00+09:00,3270.0,3300.0,3270.0,3300.0,0,0.0,0.0
2024-08-29 13:55:00+09:00,3300.0,3310.0,3280.0,3290.0,1431,0.0,0.0
2024-08-29 14:00:00+09:00,3300.0,3300.0,3300.0,3300.0,61,0.0,0.0
2024-08-29 14:05:00+09:00,3305.0,3305.0,3305.0,3305.0,1,0.0,0.0
2024-08-29 14:10:00+09:00,3300.0,3300.0,3300.0,3300.0,1,0.0,0.0
2024-08-29 14:20:00+09:00,3295.0,3295.0,3255.0,3285.0,15001,0.0,0.0
2024-08-29 14:25:00+09:00,3265.0,3265.0,3255.0,3255.0,402,0.0,0.0
2024-08-29 14:30:00+09:00,3255.0,3270.0,3255.0,3270.0,1072,0.0,0.0
2024-08-29 14:35:00+09:00,3270.0,3270.0,3270.0,3270.0,32,0.0,0.0
2024-08-29 14:40:00+09:00,3265.0,3275.0,3255.0,3275.0,4982,0.0,0.0
2024-08-29 14:45:00+09:00,3250.0,3270.0,3245.0,3270.0,335,0.0,0.0
2024-08-29 14:55:00+09:00,3255.0,3270.0,3255.0,3270.0,45,0.0,0.0
2024-08-30 09:00:00+09:00,3280.0,3280.0,3205.0,3250.0,1593,0.0,0.0
2024-08-30 09:05:00+09:00,3235.0,3250.0,3210.0,3225.0,601,0.0,0.0
2024-08-30 09:10:00+09:00,3225.0,3250.0,3225.0,3225.0,499,0.0,0.0
2024-08-30 09:15:00+09:00,3250.0,3250.0,3230.0,3230.0,0,0.0,0.0
2024-08-30 09:20:00+09:00,3240.0,3240.0,3240.0,3240.0,2205,0.0,0.0
2024-08-30 09:30:00+09:00,3240.0,3245.0,3240.0,3245.0,6003,0.0,0.0
2024-08-30 09:40:00+09:00,3250.0,3250.0,3250.0,3250.0,0,0.0,0.0
2024-08-30 09:45:00+09:00,3230.0,3230.0,3225.0,3225.0,1013,0.0,0.0
2024-08-30 09:50:00+09:00,3225.0,3225.0,3225.0,3225.0,30,0.0,0.0
2024-08-30 09:55:00+09:00,3225.0,3225.0,3215.0,3215.0,16,0.0,0.0
2024-08-30 10:00:00+09:00,3235.0,3235.0,3235.0,3235.0,0,0.0,0.0
2024-08-30 10:10:00+09:00,3220.0,3225.0,3195.0,3215.0,7679,0.0,0.0
2024-08-30 10:15:00+09:00,3210.0,3215.0,3210.0,3210.0,5,0.0,0.0
2024-08-30 10:25:00+09:00,3210.0,3210.0,3210.0,3210.0,12,0.0,0.0
2024-08-30 10:30:00+09:00,3205.0,3215.0,3200.0,3215.0,243,0.0,0.0
2024-08-30 10:45:00+09:00,3215.0,3215.0,3210.0,3210.0,435,0.0,0.0
2024-08-30 10:50:00+09:00,3205.0,3215.0,3180.0,3205.0,2953,0.0,0.0
2024-08-30 11:00:00+09:00,3195.0,3200.0,3195.0,3200.0,2079,0.0,0.0
2024-08-30 11:05:00+09:00,3200.0,3200.0,3195.0,3195.0,0,0.0,0.0
2024-08-30 11:15:00+09:00,3195.0,3195.0,3120.0,3190.0,3128,0.0,0.0
2024-08-30 11:20:00+09:00,3190.0,3190.0,3190.0,3190.0,9,0.0,0.0
2024-08-30 11:25:00+09:00,3165.0,3180.0,3155.0,3175.0,466,0.0,0.0
2024-08-30 11:30:00+09:00,3175.0,3175.0,3170.0,3170.0,0,0.0,0.0
2024-08-30 11:35:00+09:00,3160.0,3160.0,3160.0,3160.0,199,0.0,0.0
2024-08-30 11:40:00+09:00,3160.0,3160.0,3160.0,3160.0,0,0.0,0.0
2024-08-30 11:50:00+09:00,3160.0,3160.0,3160.0,3160.0,89,0.0,0.0
2024-08-30 11:55:00+09:00,3160.0,3160.0,3150.0,3150.0,690,0.0,0.0
2024-08-30 12:05:00+09:00,3150.0,3150.0,3135.0,3135.0,774,0.0,0.0
2024-08-30 12:15:00+09:00,3135.0,3145.0,3120.0,3145.0,1457,0.0,0.0
2024-08-30 12:20:00+09:00,3145.0,3145.0,3120.0,3145.0,502,0.0,0.0
2024-08-30 12:35:00+09:00,3145.0,3150.0,3145.0,3150.0,51,0.0,0.0
2024-08-30 12:40:00+09:00,3150.0,3150.0,3140.0,3140.0,3,0.0,0.0
2024-08-30 12:55:00+09:00,3150.0,3150.0,3150.0,3150.0,2,0.0,0.0
2024-08-30 13:00:00+09:00,3145.0,3145.0,3145.0,3145.0,60,0.0,0.0
2024-08-30 13:05:00+09:00,3140.0,3140.0,3135.0,3135.0,567,0.0,0.0
2024-08-30 13:10:00+09:00,3140.0,3250.0,3140.0,3245.0,27000,0.0,0.0
2024-08-30 13:15:00+09:00,3245.0,3245.0,3245.0,3245.0,1135,0.0,0.0
2024-08-30 13:20:00+09:00,3225.0,3225.0,3225.0,3225.0,825,0.0,0.0
2024-08-30 13:35:00+09:00,3225.0,3225.0,3225.0,3225.0,0,0.0,0.0
2024-08-30 13:45:00+09:00,3225.0,3225.0,3225.0,3225.0,26,0.0,0.0
2024-08-30 13:50:00+09:00,3240.0,3240.0,3225.0,3240.0,286,0.0,0.0
2024-08-30 13:55:00+09:00,3240.0,3250.0,3240.0,3250.0,5345,0.0,0.0
2024-08-30 14:25:00+09:00,3245.0,3245.0,3245.0,3245.0,0,0.0,0.0
2024-08-30 14:40:00+09:00,3220.0,3220.0,3200.0,3200.0,5140,0.0,0.0
2024-08-30 14:45:00+09:00,3200.0,3200.0,3200.0,3200.0,626,0.0,0.0
2024-08-30 14:55:00+09:00,3215.0,3250.0,3215.0,3250.0,1110,0.0,0.0
2024-09-02 09:00:00+09:00,3200.0,3215.0,3200.0,3210.0,0,0.0,0.0
2024-09-02 09:05:00+09:00,3200.0,3200.0,3190.0,3190.0,1478,0.0,0.0
2024-09-02 09:10:00+09:00,3185.0,3205.0,3175.0,3205.0,1374,0.0,0.0
2024-09-02 09:15:00+09:00,3205.0,3205.0,3205.0,3205.0,450,0.0,0.0
2024-09-02 09:25:00+09:00,3180.0,3205.0,3180.0,3205.0,1007,0.0,0.0
2024-09-02 09:35:00+09:00,3180.0,3205.0,3180.0,3205.0,204,0.0,0.0
2024-09-02 09:40:00+09:00,3200.0,3200.0,3200.0,3200.0,1,0.0,0.0
2024-09-02 09:45:00+09:00,3200.0,3200.0,3200.0,3200.0,1,0.0,0.0
2024-09-02 10:00:00+09:00,3200.0,3200.0,3200.0,3200.0,55,0.0,0.0
2024-09-02 10:10:00+09:00,3190.0,3190.0,3190.0,3190.0,0,0.0,0.0
2024-09-02 10:15:00+09:00,3200.0,3200.0,3185.0,3185.0,989,0.0,0.0
2024-09-02 10:30:00+09:00,3200.0,3200.0,3200.0,3200.0,17302,0.0,0.0
2024-09-02 10:40:00+09:00,3185.0,3185.0,3180.0,3180.0,510,0.0,0.0
2024-09-02 10:55:00+09:00,3185.0,3185.0,3185.0,3185.0,0,0.0,0.0
2024-09-02 11:00:00+09:00,3205.0,3205.0,3205.0,3205.0,0,0.0,0.0
2024-09-02 11:15:00+09:00,3190.0,3190.0,3190.0,3190.0,40,0.0,0.0
2024-09-02 11:20:00+09:00,3210.0,3215.0,3210.0,3215.0,1235,0.0,0.0
2024-09-02 11:25:00+09:00,3210.0,3210.0,3210.0,3210.0,120,0.0,0.0
2024-09-02 11:35:00+09:00,3210.0,3215.0,3210.0,3210.0,817,0.0,0.0
2024-09-02 11:40:00+09:00,3210.0,3210.0,3180.0,3180.0,63,0.0,0.0
2024-09-02 11:45:00+09:00,3185.0,3185.0,3185.0,3185.0,126,0.0,0.0
2024-09-02 11:55:00+09:00,3180.0,3180.0,3175.0,3175.0,974,0.0,0.0
2024-09-02 12:00:00+09:00,3210.0,3210.0,3210.0,3210.0,0,0.0,0.0
2024-09-02 12:05:00+09:00,3210.0,3210.0,3210.0,3210.0,1023,0.0,0.0
2024-09-02 12:10:00+09:00,3210.0,3210.0,3210.0,3210.0,670,0.0,0.0
2024-09-02 12:15:00+09:00,3215.0,3215.0,3215.0,3215.0,1994,0.0,0.0
2024-09-02 12:30:00+09:00,3215.0,3215.0,3215.0,3215.0,0,0.0,0.0
2024-09-02 12:45:00+09:00,3215.0,3265.0,3215.0,3265.0,2269,0.0,0.0
2024-09-02 13:05:00+09:00,3260.0,3270.0,3260.0,3270.0,4,0.0,0.0
2024-09-02 13:10:00+09:00,3250.0,3270.0,3250.0,3270.0,16,0.0,0.0
2024-09-02 13:35:00+09:00,3260.0,3260.0,3260.0,3260.0,13,0.0,0.0
2024-09-02 14:05:00+09:00,3260.0,3260.0,3260.0,3260.0,98,0.0,0.0
2024-09-02 14:10:00+09:00,3265.0,3270.0,3265.0,3270.0,0,0.0,0.0
2024-09-02 14:15:00+09:00,3250.0,3250.0,3250.0,3250.0,0,0.0,0.0
2024-09-02 14:20:00+09:00,3245.0,3245.0,3245.0,3245.0,1,0.0,0.0
2024-09-02 14:25:00+09:00,3245.0,3245.0,3210.0,3245.0,52,0.0,0.0
2024-09-02 14:35:00+09:00,3245.0,3265.0,3245.0,3265.0,90,0.0,0.0
2024-09-02 14:40:00+09:00,3250.0,3250.0,3215.0,3245.0,197,0.0,0.0
2024-09-02 14:45:00+09:00,3260.0,3265.0,3260.0,3265.0,2,0.0,0.0
2024-09-02 14:50:00+09:00,3265.0,3265.0,3265.0,3265.0,9,0.0,0.0
2024-09-03 09:00:00+09:00,3350.0,3350.0,3350.0,3350.0,2002,0.0,0.0
2024-09-03 09:05:00+09:00,3240.0,3270.0,3230.0,3270.0,0,0.0,0.0
2024-09-03 09:10:00+09:00,3250.0,3250.0,3250.0,3250.0,0,0.0,0.0
2024-09-03 09:15:00+09:00,3250.0,3250.0,3220.0,3250.0,501,0.0,0.0
2024-09-03 09:20:00+09:00,3250.0,3250.0,3250.0,3250.0,385,0.0,0.0
2024-09-03 09:30:00+09:00,3250.0,3250.0,3245.0,3250.0,0,0.0,0.0
2024-09-03 09:35:00+09:00,3250.0,3250.0,3250.0,3250.0,2295,0.0,0.0
2024-09-03 09:40:00+09:00,3245.0,3270.0,3225.0,3270.0,0,0.0,0.0
2024-09-03 09:45:00+09:00,3250.0,3250.0,3235.0,3245.0,5419,0.0,0.0
2024-09-03 09:50:00+09:00,3245.0,3245.0,3245.0,3245.0,444,0.0,0.0
2024-09-03 10:00:00+09:00,3220.0,3225.0,3200.0,3225.0,4966,0.0,0.0
2024-09-03 10:05:00+09:00,3225.0,3250.0,3225.0,3250.0,71845,0.0,0.0
2024-09-03 10:10:00+09:00,3260.0,3260.0,3260.0,3260.0,0,0.0,0.0
2024-09-03 10:15:00+09:00,3265.0,3280.0,3265.0,3280.0,1813,0.0,0.0
2024-09-03 10:20:00+09:00,3285.0,3295.0,3285.0,3295.0,57,0.0,0.0
2024-09-03 10:25:00+09:00,3295.0,3295.0,3295.0,3295.0,87,0.0,0.0
2024-09-03 10:30:00+09:00,3275.0,3275.0,3210.0,3250.0,3531,0.0,0.0
2024-09-03 10:40:00+09:00,3250.0,3250.0,3220.0,3220.0,55,0.0,0.0
2024-09-03 10:45:00+09:00,3245.0,3260.0,3245.0,3260.0,738,0.0,0.0
2024-09-03 10:50:00+09:00,3265.0,3285.0,3265.0,3285.0,454,0.0,0.0
2024-09-03 10:55:00+09:00,3285.0,3295.0,3285.0,3295.0,346,0.0,0.0
2024-09-03 11:00:00+09:00,3290.0,3295.0,3285.0,3285.0,11,0.0,0.0
2024-09-03 11:05:00+09:00,3285.0,3285.0,3275.0,3280.0,133,0.0,0.0
2024-09-03 11:15:00+09:00,3280.0,3280.0,3275.0,3280.0,0,0.0,0.0
2024-09-03 11:20:00+09:00,3280.0,3315.0,3280.0,3310.0,8792,0.0,0.0
2024-09-03 11:25:00+09:00,3310.0,3350.0,3300.0,3305.0,2688,0.0,0.0
2024-09-03 11:30:00+09:00,3305.0,3305.0,3300.0,3300.0,990,0.0,0.0
2024-09-03 11:35:00+09:00,3320.0,3325.0,3320.0,3325.0,15,0.0,0.0
2024-09-03 11:40:00+09:00,3320.0,3320.0,3310.0,3310.0,10,0.0,0.0
2024-09-03 11:55:00+09:00,3310.0,3310.0,3310.0,3310.0,317,0.0,0.0
2024-09-03 12:15:00+09:00,3295.0,3295.0,3265.0,3270.0,3898,0.0,0.0
2024-09-03 12:30:00+09:00,3270.0,3295.0,3270.0,3290.0,23,0.0,0.0
2024-09-03 12:40:00+09:00,3290.0,3295.0,3290.0,3295.0,605,0.0,0.0
2024-09-03 12:55:00+09:00,3295.0,3300.0,3295.0,3300.0,402,0.0,0.0
2024-09-03 13:05:00+09:00,3305.0,3305.0,3290.0,3290.0,336,0.0,0.0
2024-09-03 13:10:00+09:00,3290.0,3320.0,3290.0,3320.0,2277,0.0,0.0
2024-09-03 13:15:00+09:00,3320.0,3375.0,3320.0,3350.0,6921,0.0,0.0
2024-09-03 13:20:00+09:00,3350.0,3350.0,3335.0,3335.0,1000,0.0,0.0
2024-09-03 13:25:00+09:00,3335.0,3335.0,3335.0,3335.0,20,0.0,0.0
2024-09-03 13:30:00+09:00,3330.0,3345.0,3330.0,3345.0,399,0.0,0.0
2024-09-03 13:35:00+09:00,3345.0,3345.0,3345.0,3345.0,1,0.0,0.0
2024-09-03 13:40:00+09:00,3345.0,3345.0,3340.0,3340.0,252,0.0,0.0
2024-09-03 13:45:00+09:00,3350.0,3380.0,3350.0,3360.0,3061,0.0,0.0
2024-09-03 13:50:00+09:00,3360.0,3415.0,3355.0,3405.0,3604,0.0,0.0
2024-09-03 13:55:00+09:00,3405.0,3405.0,3405.0,3405.0,13,0.0,0.0
2024-09-03 14:05:00+09:00,3405.0,3405.0,3400.0,3400.0,2075,0.0,0.0
2024-09-03 14:10:00+09:00,3400.0,3455.0,3400.0,3430.0,7749,0.0,0.0
2024-09-03 14:15:00+09:00,3430.0,3450.0,3400.0,3400.0,1087,0.0,0.0
2024-09-03 14:20:00+09:00,3395.0,3400.0,3395.0,3400.0,15,0.0,0.0
2024-09-03 14:25:00+09:00,3385.0,3400.0,3305.0,3385.0,1315,0.0,0.0
2024-09-03 14:35:00+09:00,3385.0,3385.0,3385.0,3385.0,54,0.0,0.0
2024-09-03 14:45:00+09:00,3360.0,3360.0,3360.0,3360.0,98,0.0,0.0
2024-09-03 14:50:00+09:00,3360.0,3405.0,3355.0,3405.0,2004,0.0,0.0
2024-09-03 14:55:00+09:00,3380.0,3380.0,3350.0,3370.0,4755,0.0,0.0
2024-09-04 09:00:00+09:00,3345.0,3345.0,3250.0,3260.0,5834,0.0,0.0
2024-09-04 09:05:00+09:00,3285.0,3285.0,3285.0,3285.0,234,0.0,0.0
2024-09-04 09:10:00+09:00,3285.0,3310.0,3270.0,3270.0,726,0.0,0.0
2024-09-04 09:15:00+09:00,3270.0,3315.0,3270.0,3315.0,1275,0.0,0.0
2024-09-04 09:20:00+09:00,3305.0,3310.0,3305.0,3310.0,99,0.0,0.0
2024-09-04 09:25:00+09:00,3300.0,3300.0,3295.0,3300.0,0,0.0,0.0
2024-09-04 09:30:00+09:00,3300.0,3300.0,3300.0,3300.0,37,0.0,0.0
2024-09-04 09:35:00+09:00,3290.0,3290.0,3290.0,3290.0,971,0.0,0.0
2024-09-04 09:40:00+09:00,3300.0,3300.0,3290.0,3290.0,216,0.0,0.0
2024-09-04 09:45:00+09:00,3290.0,3290.0,3290.0,3290.0,90,0.0,0.0
2024-09-04 09:50:00+09:00,3290.0,3290.0,3260.0,3270.0,210,0.0,0.0
2024-09-04 09:55:00+09:00,3295.0,3295.0,3295.0,3295.0,2,0.0,0.0
2024-09-04 10:10:00+09:00,3295.0,3300.0,3295.0,3300.0,399,0.0,0.0
2024-09-04 10:20:00+09:00,3285.0,3285.0,3280.0,3280.0,130,0.0,0.0
2024-09-04 10:25:00+09:00,3295.0,3295.0,3295.0,3295.0,24,0.0,0.0
2024-09-04 10:30:00+09:00,3280.0,3300.0,3275.0,3300.0,990,0.0,0.0
2024-09-04 10:45:00+09:00,3275.0,3275.0,3275.0,3275.0,23,0.0,0.0
2024-09-04 10:55:00+09:00,3275.0,3300.0,3275.0,3300.0,66,0.0,0.0
2024-09-04 11:15:00+09:00,3280.0,3300.0,3280.0,3300.0,1047,0.0,0.0
2024-09-04 11:30:00+09:00,3275.0,3275.0,3275.0,3275.0,0,0.0,0.0
2024-09-04 11:40:00+09:00,3280.0,3280.0,3280.0,3280.0,49,0.0,0.0
2024-09-04 11:50:00+09:00,3270.0,3270.0,3260.0,3260.0,803,0.0,0.0
2024-09-04 11:55:00+09:00,3280.0,3280.0,3280.0,3280.0,2,0.0,0.0
2024-09-04 12:00:00+09:00,3275.0,3275.0,3270.0,3270.0,3,0.0,0.0
2024-09-04 12:05:00+09:00,3270.0,3270.0,3265.0,3265.0,12,0.0,0.0
2024-09-04 12:10:00+09:00,3275.0,3275.0,3270.0,3270.0,407,0.0,0.0
2024-09-04 12:50:00+09:00,3260.0,3260.0,3260.0,3260.0,0,0.0,0.0
2024-09-04 13:05:00+09:00,3270.0,3270.0,3270.0,3270.0,3,0.0,0.0
2024-09-04 13:10:00+09:00,3265.0,3265.0,3245.0,3245.0,1065,0.0,0.0
2024-09-04 13:15:00+09:00,3245.0,3245.0,3230.0,3230.0,7007,0.0,0.0
2024-09-04 13:25:00+09:00,3245.0,3250.0,3230.0,3230.0,0,0.0,0.0
2024-09-04 13:30:00+09:00,3225.0,3240.0,3225.0,3240.0,403,0.0,0.0
2024-09-04 13:40:00+09:00,3220.0,3235.0,3150.0,3230.0,13052,0.0,0.0
2024-09-04 13:45:00+09:00,3230.0,3240.0,3215.0,3215.0,113,0.0,0.0
2024-09-04 13:50:00+09:00,3210.0,3210.0,3210.0,3210.0,10,0.0,0.0
2024-09-04 13:55:00+09:00,3205.0,3205.0,3195.0,3195.0,140,0.0,0.0
2024-09-04 14:00:00+09:00,3195.0,3195.0,3195.0,3195.0,247,0.0,0.0
2024-09-04 14:05:00+09:00,3200.0,3215.0,3190.0,3190.0,110,0.0,0.0
2024-09-04 14:10:00+09:00,3185.0,3210.0,3180.0,3210.0,615,0.0,0.0
2024-09-04 14:15:00+09:00,3200.0,3215.0,3200.0,3215.0,215,0.0,0.0
2024-09-04 14:20:00+09:00,3185.0,3185.0,3185.0,3185.0,182,0.0,0.0
2024-09-04 14:25:00+09:00,3205.0,3205.0,3205.0,3205.0,20,0.0,0.0
2024-09-04 14:30:00+09:00,3205.0,3210.0,3200.0,3200.0,1585,0.0,0.0
2024-09-04 14:35:00+09:00,3210.0,3215.0,3210.0,3215.0,1844,0.0,0.0
2024-09-04 14:40:00+09:00,3210.0,3210.0,3210.0,3210.0,0,0.0,0.0
2024-09-04 14:45:00+09:00,3200.0,3200.0,3200.0,3200.0,54,0.0,0.0
2024-09-04 14:50:00+09:00,3190.0,3200.0,3185.0,3185.0,2196,0.0,0.0
2024-09-04 14:55:00+09:00,3185.0,3200.0,3185.0,3200.0,771,0.0,0.0
2024-09-05 09:00:00+09:00,3240.0,3240.0,3200.0,3200.0,403,0.0,0.0
2024-09-05 09:15:00+09:00,3235.0,3235.0,3235.0,3235.0,0,0.0,0.0
2024-09-05 09:40:00+09:00,3230.0,3230.0,3230.0,3230.0,0,0.0,0.0
2024-09-05 09:45:00+09:00,3230.0,3230.0,3230.0,3230.0,38,0.0,0.0
2024-09-05 09:50:00+09:00,3235.0,3235.0,3190.0,3220.0,813,0.0,0.0
2024-09-05 10:00:00+09:00,3220.0,3220.0,3220.0,3220.0,40,0.0,0.0
2024-09-05 10:25:00+09:00,3200.0,3200.0,3160.0,3180.0,3391,0.0,0.0
2024-09-05 10:30:00+09:00,3180.0,3205.0,3180.0,3205.0,336,0.0,0.0
2024-09-05 10:35:00+09:00,3205.0,3220.0,3205.0,3220.0,11,0.0,0.0
2024-09-05 10:45:00+09:00,3185.0,3185.0,3180.0,3180.0,149,0.0,0.0
2024-09-05 11:15:00+09:00,3200.0,3210.0,3200.0,3210.0,0,0.0,0.0
2024-09-05 11:25:00+09:00,3200.0,3200.0,3200.0,3200.0,1,0.0,0.0
2024-09-05 11:35:00+09:00,3200.0,3200.0,3175.0,3190.0,155,0.0,0.0
2024-09-05 11:40:00+09:00,3185.0,3185.0,3180.0,3180.0,15,0.0,0.0
2024-09-05 11:45:00+09:00,3180.0,3180.0,3170.0,3170.0,59,0.0,0.0
2024-09-05 11:50:00+09:00,3170.0,3185.0,3145.0,3185.0,14627,0.0,0.0
2024-09-05 11:55:00+09:00,3150.0,3170.0,3150.0,3170.0,1956,0.0,0.0
2024-09-05 12:00:00+09:00,3150.0,3165.0,3100.0,3125.0,10027,0.0,0.0
2024-09-05 12:05:00+09:00,3095.0,3140.0,3095.0,3140.0,5514,0.0,0.0
2024-09-05 12:10:00+09:00,3140.0,3160.0,3045.0,3070.0,10631,0.0,0.0
2024-09-05 12:15:00+09:00,3070.0,3070.0,3050.0,3070.0,1273,0.0,0.0
2024-09-05 12:20:00+09:00,3070.0,3075.0,3070.0,3070.0,12,0.0,0.0
2024-09-05 12:30:00+09:00,3070.0,3070.0,3070.0,3070.0,29,0.0,0.0
2024-09-05 12:35:00+09:00,3070.0,3080.0,3070.0,3080.0,0,0.0,0.0
2024-09-05 12:45:00+09:00,3090.0,3090.0,3080.0,3080.0,50421,0.0,0.0
2024-09-05 12:50:00+09:00,3090.0,3115.0,3090.0,3115.0,1620,0.0,0.0
2024-09-05 12:55:00+09:00,3145.0,3155.0,3145.0,3155.0,1168,0.0,0.0
2024-09-05 13:00:00+09:00,3115.0,3175.0,3115.0,3155.0,801,0.0,0.0
2024-09-05 13:05:00+09:00,3135.0,3145.0,3135.0,3145.0,12,0.0,0.0
2024-09-05 13:10:00+09:00,3145.0,3145.0,3140.0,3140.0,10,0.0,0.0
2024-09-05 13:15:00+09:00,3140.0,3140.0,3140.0,3140.0,1,0.0,0.0
2024-09-05 13:20:00+09:00,3145.0,3145.0,3115.0,3115.0,848,0.0,0.0
2024-09-05 13:25:00+09:00,3125.0,3125.0,3125.0,3125.0,3,0.0,0.0
2024-09-05 13:30:00+09:00,3120.0,3120.0,3120.0,3120.0,50,0.0,0.0
2024-09-05 13:35:00+09:00,3120.0,3135.0,3085.0,3135.0,139,0.0,0.0
2024-09-05 13:45:00+09:00,3105.0,3105.0,3090.0,3090.0,6,0.0,0.0
2024-09-05 13:50:00+09:00,3090.0,3100.0,3085.0,3100.0,14,0.0,0.0
2024-09-05 14:00:00+09:00,3090.0,3090.0,3090.0,3090.0,1,0.0,0.0
2024-09-05 14:05:00+09:00,3085.0,3085.0,3070.0,3085.0,865,0.0,0.0
2024-09-05 14:10:00+09:00,3070.0,3085.0,3070.0,3085.0,2,0.0,0.0
2024-09-05 14:15:00+09:00,3085.0,3100.0,3085.0,3100.0,127,0.0,0.0
2024-09-05 14:20:00+09:00,3080.0,3095.0,3075.0,3095.0,5,0.0,0.0
2024-09-05 14:25:00+09:00,3095.0,3095.0,3095.0,3095.0,1,0.0,0.0
2024-09-05 14:30:00+09:00,3095.0,3095.0,3070.0,3070.0,2066,0.0,0.0
2024-09-05 14:35:00+09:00,3100.0,3100.0,3070.0,3095.0,187,0.0,0.0
2024-09-05 14:40:00+09:00,3090.0,3090.0,3090.0,3090.0,2,0.0,0.0
2024-09-05 14:45:00+09:00,3090.0,3090.0,3090.0,3090.0,0,0.0,0.0
2024-09-05 14:50:00+09:00,3090.0,3090.0,3090.0,3090.0,60,0.0,0.0
2024-09-05 14:55:00+09:00,3090.0,3095.0,3090.0,3095.0,8,0.0,0.0
2024-09-06 09:00:00+09:00,3130.0,3130.0,3130.0,3130.0,209,0.0,0.0
2024-09-06 09:05:00+09:00,3115.0,3115.0,3115.0,3115.0,69,0.0,0.0
2024-09-06 09:10:00+09:00,3100.0,3100.0,3080.0,3080.0,1552,0.0,0.0
2024-09-06 09:15:00+09:00,3080.0,3080.0,3055.0,3055.0,842,0.0,0.0
2024-09-06 09:20:00+09:00,3055.0,3080.0,3045.0,3045.0,2862,0.0,0.0
2024-09-06 09:25:00+09:00,3050.0,3050.0,3040.0,3050.0,1143,0.0,0.0
2024-09-06 09:30:00+09:00,3050.0,3050.0,3025.0,3025.0,3332,0.0,0.0
2024-09-06 09:35:00+09:00,3025.0,3030.0,3020.0,3020.0,973,0.0,0.0
2024-09-06 09:40:00+09:00,3025.0,3035.0,3025.0,3035.0,1027,0.0,0.0
2024-09-06 09:45:00+09:00,3045.0,3080.0,3040.0,3080.0,534,0.0,0.0
2024-09-06 09:50:00+09:00,3045.0,3070.0,3045.0,3070.0,3,0.0,0.0
2024-09-06 09:55:00+09:00,3045.0,3045.0,3045.0,3045.0,89,0.0,0.0
2024-09-06 10:00:00+09:00,3070.0,3070.0,3070.0,3070.0,0,0.0,0.0
2024-09-06 10:05:00+09:00,3045.0,3065.0,3030.0,3065.0,1375,0.0,0.0
2024-09-06 10:10:00+09:00,3050.0,3050.0,3020.0,3020.0,987,0.0,0.0
2024-09-06 10:15:00+09:00,3035.0,3035.0,3035.0,3035.0,0,0.0,0.0
2024-09-06 10:20:00+09:00,3035.0,3035.0,3035.0,3035.0,97,0.0,0.0
2024-09-06 10:25:00+09:00,3025.0,3035.0,3000.0,3035.0,6772,0.0,0.0
2024-09-06 10:30:00+09:00,3010.0,3035.0,3000.0,3035.0,687,0.0,0.0
2024-09-06 10:35:00+09:00,3035.0,3035.0,3035.0,3035.0,6,0.0,0.0
2024-09-06 10:40:00+09:00,3005.0,3030.0,3000.0,3030.0,1018,0.0,0.0
2024-09-06 10:45:00+09:00,3005.0,3040.0,3000.0,3005.0,607,0.0,0.0
2024-09-06 10:50:00+09:00,3035.0,3035.0,2980.0,2980.0,1711,0.0,0.0
2024-09-06 10:55:00+09:00,3025.0,3040.0,3025.0,3040.0,24,0.0,0.0
2024-09-06 11:15:00+09:00,2995.0,3040.0,2995.0,3040.0,0,0.0,0.0
2024-09-06 11:20:00+09:00,3040.0,3040.0,3040.0,3040.0,1,0.0,0.0
2024-09-06 11:25:00+09:00,3005.0,3015.0,2970.0,2975.0,6793,0.0,0.0
2024-09-06 11:30:00+09:00,2975.0,2990.0,2955.0,2970.0,8278,0.0,0.0
2024-09-06 11:35:00+09:00,2970.0,2970.0,2970.0,2970.0,243,0.0,0.0
2024-09-06 11:45:00+09:00,2980.0,2980.0,2980.0,2980.0,58,0.0,0.0
2024-09-06 11:50:00+09:00,2970.0,2990.0,2955.0,2990.0,6349,0.0,0.0
2024-09-06 12:00:00+09:00,2960.0,2985.0,2950.0,2980.0,5669,0.0,0.0
2024-09-06 12:05:00+09:00,2980.0,3050.0,2980.0,3045.0,3485,0.0,0.0
2024-09-06 12:10:00+09:00,3045.0,3045.0,3000.0,3045.0,1057,0.0,0.0
2024-09-06 12:25:00+09:00,3025.0,3035.0,3025.0,3035.0,231,0.0,0.0
2024-09-06 12:35:00+09:00,3005.0,3005.0,3005.0,3005.0,26,0.0,0.0
2024-09-06 12:40:00+09:00,3035.0,3035.0,3035.0,3035.0,1,0.0,0.0
2024-09-06 12:50:00+09:00,3015.0,3015.0,3015.0,3015.0,1,0.0,0.0
2024-09-06 13:00:00+09:00,3015.0,3015.0,3000.0,3000.0,508,0.0,0.0
2024-09-06 13:05:00+09:00,3015.0,3015.0,3015.0,3015.0,7,0.0,0.0
2024-09-06 13:10:00+09:00,3000.0,3000.0,3000.0,3000.0,910,0.0,0.0
2024-09-06 13:15:00+09:00,3000.0,3000.0,2995.0,2995.0,1066,0.0,0.0
2024-09-06 13:20:00+09:00,3000.0,3000.0,2995.0,2995.0,817,0.0,0.0
2024-09-06 13:25:00+09:00,2995.0,2995.0,2990.0,2990.0,425,0.0,0.0
2024-09-06 13:30:00+09:00,2990.0,2990.0,2990.0,2990.0,0,0.0,0.0
2024-09-06 13:40:00+09:00,2985.0,2985.0,2965.0,2985.0,444,0.0,0.0
2024-09-06 14:00:00+09:00,2970.0,2970.0,2970.0,2970.0,0,0.0,0.0
2024-09-06 14:05:00+09:00,2965.0,2990.0,2950.0,2990.0,18319,0.0,0.0
2024-09-06 14:10:00+09:00,2975.0,2975.0,2975.0,2975.0,111,0.0,0.0
2024-09-06 14:20:00+09:00,2965.0,2990.0,2965.0,2990.0,71,0.0,0.0
2024-09-06 14:25:00+09:00,2990.0,2990.0,2990.0,2990.0,181,0.0,0.0
2024-09-06 14:45:00+09:00,2985.0,2985.0,2985.0,2985.0,0,0.0,0.0
2024-09-06 14:50:00+09:00,2985.0,2985.0,2975.0,2975.0,443,0.0,0.0
2024-09-06 14:55:00+09:00,2990.0,3050.0,2990.0,3050.0,926,0.0,0.0
2024-09-09 09:00:00+09:00,3140.0,3140.0,3040.0,3040.0,0,0.0,0.0
2024-09-09 09:05:00+09:00,3040.0,3040.0,3035.0,3035.0,554,0.0,0.0
2024-09-09 09:10:00+09:00,3035.0,3035.0,3035.0,3035.0,1755,0.0,0.0
2024-09-09 09:15:00+09:00,3040.0,3060.0,3035.0,3060.0,352,0.0,0.0
2024-09-09 09:20:00+09:00,3050.0,3060.0,3050.0,3060.0,202,0.0,0.0
2024-09-09 09:25:00+09:00,3045.0,3065.0,3035.0,3065.0,304,0.0,0.0
2024-09-09 09:40:00+09:00,3105.0,3105.0,3105.0,3105.0,19,0.0,0.0
2024-09-09 09:45:00+09:00,3080.0,3080.0,3075.0,3075.0,0,0.0,0.0
2024-09-09 09:50:00+09:00,3065.0,3075.0,3065.0,3075.0,3,0.0,0.0
2024-09-09 10:00:00+09:00,3055.0,3070.0,3040.0,3070.0,934,0.0,0.0
2024-09-09 10:05:00+09:00,3065.0,3070.0,3065.0,3070.0,60,0.0,0.0
2024-09-09 10:20:00+09:00,3055.0,3055.0,3055.0,3055.0,440,0.0,0.0
2024-09-09 10:40:00+09:00,3040.0,3040.0,3040.0,3040.0,0,0.0,0.0
2024-09-09 10:50:00+09:00,3035.0,3035.0,3035.0,3035.0,342,0.0,0.0
2024-09-09 10:55:00+09:00,3055.0,3055.0,3055.0,3055.0,0,0.0,0.0
2024-09-09 11:00:00+09:00,3055.0,3055.0,3055.0,3055.0,2,0.0,0.0
2024-09-09 11:30:00+09:00,3055.0,3055.0,3055.0,3055.0,1,0.0,0.0
2024-09-09 11:35:00+09:00,3055.0,3060.0,3055.0,3060.0,1325,0.0,0.0
2024-09-09 11:40:00+09:00,3060.0,3060.0,3060.0,3060.0,10,0.0,0.0
2024-09-09 11:45:00+09:00,3070.0,3070.0,3070.0,3070.0,2,0.0,0.0
2024-09-09 12:00:00+09:00,3070.0,3070.0,3070.0,3070.0,295,0.0,0.0
2024-09-09 12:05:00+09:00,3060.0,3060.0,3060.0,3060.0,58,0.0,0.0
2024-09-09 12:25:00+09:00,3070.0,3095.0,3070.0,3095.0,104,0.0,0.0
2024-09-09 12:40:00+09:00,3085.0,3085.0,3085.0,3085.0,29,0.0,0.0
2024-09-09 12:50:00+09:00,3075.0,3075.0,3075.0,3075.0,0,0.0,0.0
2024-09-09 12:55:00+09:00,3070.0,3070.0,3070.0,3070.0,5,0.0,0.0
2024-09-09 13:00:00+09:00,3075.0,3085.0,3075.0,3085.0,20,0.0,0.0
2024-09-09 13:15:00+09:00,3075.0,3095.0,3075.0,3095.0,23,0.0,0.0
2024-09-09 13:20:00+09:00,3095.0,3100.0,3095.0,3100.0,94,0.0,0.0
2024-09-09 13:45:00+09:00,3100.0,3100.0,3100.0,3100.0,155,0.0,0.0
2024-09-09 14:05:00+09:00,3100.0,3100.0,3100.0,3100.0,0,0.0,0.0
2024-09-09 14:20:00+09:00,3100.0,3135.0,3100.0,3135.0,233,0.0,0.0
2024-09-09 14:25:00+09:00,3130.0,3135.0,3130.0,3135.0,986,0.0,0.0
2024-09-09 14:50:00+09:00,3130.0,3135.0,3130.0,3135.0,345,0.0,0.0
2024-09-10 09:00:00+09:00,3120.0,3120.0,3075.0,3075.0,268,0.0,0.0
2024-09-10 09:05:00+09:00,3075.0,3075.0,3075.0,3075.0,113,0.0,0.0
2024-09-10 09:10:00+09:00,3075.0,3120.0,3065.0,3120.0,7278,0.0,0.0
2024-09-10 09:20:00+09:00,3115.0,3120.0,3115.0,3120.0,330,0.0,0.0
2024-09-10 09:25:00+09:00,3125.0,3135.0,3125.0,3135.0,0,0.0,0.0
2024-09-10 09:30:00+09:00,3080.0,3130.0,3080.0,3130.0,4,0.0,0.0
2024-09-10 09:50:00+09:00,3100.0,3100.0,3080.0,3090.0,125,0.0,0.0
2024-09-10 09:55:00+09:00,3115.0,3115.0,3115.0,3115.0,0,0.0,0.0
2024-09-10 10:10:00+09:00,3090.0,3090.0,3090.0,3090.0,333,0.0,0.0
2024-09-10 10:15:00+09:00,3090.0,3090.0,3090.0,3090.0,1931,0.0,0.0
2024-09-10 10:20:00+09:00,3090.0,3090.0,3090.0,3090.0,1000,0.0,0.0
2024-09-10 10:25:00+09:00,3110.0,3110.0,3110.0,3110.0,2,0.0,0.0
2024-09-10 10:50:00+09:00,3085.0,3085.0,3085.0,3085.0,98,0.0,0.0
2024-09-10 11:00:00+09:00,3110.0,3110.0,3105.0,3105.0,2,0.0,0.0
2024-09-10 11:05:00+09:00,3100.0,3100.0,3095.0,3095.0,201,0.0,0.0
2024-09-10 11:10:00+09:00,3095.0,3095.0,3085.0,3085.0,1493,0.0,0.0
2024-09-10 11:45:00+09:00,3085.0,3085.0,3075.0,3075.0,102,0.0,0.0
2024-09-10 12:20:00+09:00,3075.0,3075.0,3075.0,3075.0,2000,0.0,0.0
2024-09-10 12:35:00+09:00,3085.0,3085.0,3070.0,3070.0,0,0.0,0.0
2024-09-10 13:00:00+09:00,3070.0,3070.0,3065.0,3065.0,718,0.0,0.0
2024-09-10 13:05:00+09:00,3060.0,3060.0,3055.0,3055.0,271,0.0,0.0
2024-09-10 13:10:00+09:00,3050.0,3050.0,3050.0,3050.0,7,0.0,0.0
2024-09-10 13:25:00+09:00,3050.0,3050.0,3050.0,3050.0,198,0.0,0.0
2024-09-10 13:30:00+09:00,3045.0,3045.0,3040.0,3040.0,213,0.0,0.0
2024-09-10 13:50:00+09:00,3040.0,3040.0,3035.0,3035.0,242,0.0,0.0
2024-09-10 14:00:00+09:00,3045.0,3045.0,3045.0,3045.0,0,0.0,0.0
2024-09-10 14:05:00+09:00,3045.0,3045.0,3045.0,3045.0,193,0.0,0.0
2024-09-10 14:10:00+09:00,3040.0,3040.0,3040.0,3040.0,0,0.0,0.0
2024-09-10 14:15:00+09:00,3040.0,3040.0,3035.0,3035.0,4,0.0,0.0
2024-09-10 14:20:00+09:00,3045.0,3125.0,3040.0,3060.0,1722,0.0,0.0
2024-09-10 14:25:00+09:00,3060.0,3085.0,3060.0,3085.0,16,0.0,0.0
2024-09-10 14:35:00+09:00,3080.0,3080.0,3080.0,3080.0,3243,0.0,0.0
2024-09-10 14:40:00+09:00,3075.0,3085.0,3075.0,3085.0,0,0.0,0.0
2024-09-10 14:45:00+09:00,3065.0,3065.0,3065.0,3065.0,80,0.0,0.0
2024-09-10 14:55:00+09:00,3070.0,3070.0,3070.0,3070.0,15,0.0,0.0
2024-09-11 09:00:00+09:00,3110.0,3110.0,3050.0,3050.0,107,0.0,0.0
2024-09-11 09:05:00+09:00,3050.0,3050.0,3050.0,3050.0,169,0.0,0.0
2024-09-11 09:20:00+09:00,3055.0,3055.0,3055.0,3055.0,0,0.0,0.0
2024-09-11 09:25:00+09:00,3060.0,3060.0,3050.0,3050.0,1054,0.0,0.0
2024-09-11 09:30:00+09:00,3075.0,3110.0,3075.0,3110.0,5008,0.0,0.0
2024-09-11 09:35:00+09:00,3110.0,3130.0,3110.0,3130.0,97,0.0,0.0
2024-09-11 09:55:00+09:00,3100.0,3110.0,3100.0,3105.0,5,0.0,0.0
2024-09-11 10:05:00+09:00,3100.0,3100.0,3095.0,3095.0,5,0.0,0.0
2024-09-11 10:15:00+09:00,3090.0,3090.0,3090.0,3090.0,1,0.0,0.0
2024-09-11 10:20:00+09:00,3105.0,3130.0,3105.0,3130.0,25,0.0,0.0
2024-09-11 10:25:00+09:00,3095.0,3130.0,3095.0,3130.0,16,0.0,0.0
2024-09-11 10:30:00+09:00,3125.0,3125.0,3095.0,3095.0,196,0.0,0.0
2024-09-11 10:35:00+09:00,3090.0,3090.0,3085.0,3085.0,350,0.0,0.0
2024-09-11 10:40:00+09:00,3085.0,3085.0,3080.0,3080.0,1251,0.0,0.0
2024-09-11 10:55:00+09:00,3100.0,3100.0,3100.0,3100.0,0,0.0,0.0
2024-09-11 11:35:00+09:00,3100.0,3100.0,3100.0,3100.0,2000,0.0,0.0
2024-09-11 11:40:00+09:00,3105.0,3110.0,3105.0,3110.0,9269,0.0,0.0
2024-09-11 11:55:00+09:00,3105.0,3105.0,3105.0,3105.0,0,0.0,0.0
2024-09-11 12:05:00+09:00,3100.0,3100.0,3095.0,3095.0,2,0.0,0.0
2024-09-11 12:10:00+09:00,3110.0,3110.0,3110.0,3110.0,2,0.0,0.0
2024-09-11 12:15:00+09:00,3110.0,3110.0,3110.0,3110.0,2999,0.0,0.0
2024-09-11 12:25:00+09:00,3110.0,3110.0,3110.0,3110.0,0,0.0,0.0
2024-09-11 12:30:00+09:00,3110.0,3110.0,3110.0,3110.0,0,0.0,0.0
2024-09-11 12:35:00+09:00,3105.0,3105.0,3075.0,3075.0,461,0.0,0.0
2024-09-11 12:40:00+09:00,3095.0,3095.0,3075.0,3075.0,14,0.0,0.0
2024-09-11 12:50:00+09:00,3080.0,3080.0,3080.0,3080.0,245,0.0,0.0
2024-09-11 12:55:00+09:00,3085.0,3090.0,3085.0,3090.0,41,0.0,0.0
2024-09-11 13:20:00+09:00,3085.0,3090.0,3075.0,3090.0,150,0.0,0.0
2024-09-11 13:30:00+09:00,3075.0,3075.0,3075.0,3075.0,200,0.0,0.0
2024-09-11 13:35:00+09:00,3085.0,3085.0,3060.0,3060.0,421,0.0,0.0
2024-09-11 13:40:00+09:00,3065.0,3065.0,3055.0,3055.0,1146,0.0,0.0
2024-09-11 13:45:00+09:00,3055.0,3080.0,3055.0,3080.0,52,0.0,0.0
2024-09-11 13:50:00+09:00,3075.0,3075.0,3070.0,3070.0,2,0.0,0.0
2024-09-11 13:55:00+09:00,3075.0,3075.0,3075.0,3075.0,0,0.0,0.0
2024-09-11 14:05:00+09:00,3065.0,3065.0,3060.0,3060.0,930,0.0,0.0
2024-09-11 14:20:00+09:00,3055.0,3055.0,3055.0,3055.0,92,0.0,0.0
2024-09-11 14:25:00+09:00,3055.0,3055.0,3040.0,3040.0,2741,0.0,0.0
2024-09-11 14:30:00+09:00,3055.0,3055.0,3055.0,3055.0,0,0.0,0.0
2024-09-11 14:35:00+09:00,3040.0,3055.0,3040.0,3055.0,5,0.0,0.0
2024-09-11 14:40:00+09:00,3040.0,3055.0,3025.0,3025.0,364,0.0,0.0
2024-09-11 14:45:00+09:00,3050.0,3050.0,3050.0,3050.0,0,0.0,0.0
2024-09-11 14:50:00+09:00,3050.0,3050.0,3050.0,3050.0,1,0.0,0.0
2024-09-11 14:55:00+09:00,3030.0,3050.0,3025.0,3025.0,528,0.0,0.0
2024-09-12 09:00:00+09:00,3125.0,3125.0,3125.0,3125.0,6,0.0,0.0
2024-09-12 09:05:00+09:00,3070.0,3070.0,3030.0,3030.0,392,0.0,0.0
2024-09-12 09:10:00+09:00,3055.0,3120.0,3055.0,3120.0,90,0.0,0.0
2024-09-12 09:30:00+09:00,3095.0,3120.0,3095.0,3120.0,11,0.0,0.0
2024-09-12 10:00:00+09:00,3115.0,3120.0,3115.0,3120.0,22,0.0,0.0
2024-09-12 10:25:00+09:00,3065.0,3120.0,3065.0,3120.0,6,0.0,0.0
2024-09-12 10:45:00+09:00,3115.0,3115.0,3065.0,3065.0,10,0.0,0.0
2024-09-12 10:50:00+09:00,3115.0,3120.0,3115.0,3120.0,24,0.0,0.0
2024-09-12 11:00:00+09:00,3115.0,3120.0,3115.0,3120.0,4,0.0,0.0
2024-09-12 11:05:00+09:00,3115.0,3120.0,3115.0,3120.0,5,0.0,0.0
2024-09-12 11:30:00+09:00,3075.0,3075.0,3070.0,3070.0,212,0.0,0.0
2024-09-12 11:40:00+09:00,3115.0,3115.0,3115.0,3115.0,0,0.0,0.0
2024-09-12 12:05:00+09:00,3070.0,3070.0,3070.0,3070.0,50,0.0,0.0
2024-09-12 12:15:00+09:00,3095.0,3095.0,3095.0,3095.0,2,0.0,0.0
2024-09-12 12:30:00+09:00,3070.0,3070.0,3060.0,3060.0,16,0.0,0.0
2024-09-12 12:40:00+09:00,3090.0,3090.0,3090.0,3090.0,44,0.0,0.0
2024-09-12 12:45:00+09:00,3090.0,3090.0,3080.0,3080.0,0,0.0,0.0
2024-09-12 12:50:00+09:00,3095.0,3095.0,3095.0,3095.0,2,0.0,0.0
2024-09-12 13:20:00+09:00,3075.0,3075.0,3065.0,3065.0,338,0.0,0.0
2024-09-12 13:25:00+09:00,3060.0,3060.0,3060.0,3060.0,0,0.0,0.0
2024-09-12 13:30:00+09:00,3055.0,3055.0,3055.0,3055.0,1511,0.0,0.0
2024-09-12 13:35:00+09:00,3075.0,3075.0,3075.0,3075.0,1,0.0,0.0
2024-09-12 13:55:00+09:00,3075.0,3090.0,3075.0,3090.0,110,0.0,0.0
2024-09-12 14:25:00+09:00,3060.0,3060.0,3060.0,3060.0,723,0.0,0.0
2024-09-12 14:30:00+09:00,3060.0,3060.0,3060.0,3060.0,8,0.0,0.0
2024-09-12 14:35:00+09:00,3065.0,3065.0,3065.0,3065.0,1,0.0,0.0
2024-09-12 14:45:00+09:00,3060.0,3060.0,3060.0,3060.0,1,0.0,0.0
2024-09-12 14:55:00+09:00,3060.0,3065.0,3060.0,3065.0,196,0.0,0.0
2024-09-13 09:00:00+09:00,3080.0,3160.0,3080.0,3160.0,544,0.0,0.0
2024-09-13 09:05:00+09:00,3095.0,3095.0,3090.0,3095.0,885,0.0,0.0
2024-09-13 09:10:00+09:00,3095.0,3095.0,3090.0,3090.0,0,0.0,0.0
2024-09-13 09:15:00+09:00,3090.0,3095.0,3085.0,3095.0,51,0.0,0.0
2024-09-13 09:20:00+09:00,3080.0,3080.0,3065.0,3065.0,1179,0.0,0.0
2024-09-13 09:25:00+09:00,3090.0,3090.0,3090.0,3090.0,0,0.0,0.0
2024-09-13 09:45:00+09:00,3070.0,3075.0,3070.0,3075.0,10,0.0,0.0
2024-09-13 09:50:00+09:00,3085.0,3085.0,3085.0,3085.0,0,0.0,0.0
2024-09-13 10:10:00+09:00,3070.0,3070.0,3070.0,3070.0,25,0.0,0.0
2024-09-13 10:20:00+09:00,3070.0,3070.0,3070.0,3070.0,2,0.0,0.0
2024-09-13 10:35:00+09:00,3085.0,3135.0,3085.0,3135.0,575,0.0,0.0
2024-09-13 10:40:00+09:00,3130.0,3150.0,3115.0,3150.0,162,0.0,0.0
2024-09-13 10:55:00+09:00,3135.0,3135.0,3135.0,3135.0,2,0.0,0.0
2024-09-13 11:05:00+09:00,3115.0,3115.0,3115.0,3115.0,17,0.0,0.0
2024-09-13 11:10:00+09:00,3090.0,3090.0,3070.0,3070.0,84,0.0,0.0
2024-09-13 11:20:00+09:00,3080.0,3080.0,3080.0,3080.0,0,0.0,0.0
2024-09-13 11:25:00+09:00,3080.0,3080.0,3075.0,3075.0,304,0.0,0.0
2024-09-13 12:05:00+09:00,3105.0,3105.0,3105.0,3105.0,0,0.0,0.0
2024-09-13 12:25:00+09:00,3080.0,3080.0,3075.0,3075.0,1334,0.0,0.0
2024-09-13 12:40:00+09:00,3090.0,3090.0,3090.0,3090.0,0,0.0,0.0
2024-09-13 12:50:00+09:00,3090.0,3090.0,3090.0,3090.0,14,0.0,0.0
2024-09-13 13:25:00+09:00,3090.0,3090.0,3090.0,3090.0,51,0.0,0.0
2024-09-13 13:30:00+09:00,3090.0,3090.0,3090.0,3090.0,0,0.0,0.0
2024-09-13 13:45:00+09:00,3115.0,3120.0,3115.0,3120.0,0,0.0,0.0
2024-09-13 13:55:00+09:00,3115.0,3115.0,3105.0,3105.0,17,0.0,0.0
2024-09-13 14:15:00+09:00,3110.0,3110.0,3110.0,3110.0,0,0.0,0.0
2024-09-13 14:35:00+09:00,3095.0,3095.0,3095.0,3095.0,1,0.0,0.0
2024-09-13 14:40:00+09:00,3090.0,3105.0,3080.0,3105.0,182,0.0,0.0
2024-09-19 09:00:00+09:00,3110.0,3110.0,3110.0,3110.0,0,0.0,0.0
2024-09-19 09:05:00+09:00,3110.0,3115.0,3110.0,3115.0,341,0.0,0.0
2024-09-19 09:15:00+09:00,3090.0,3100.0,3090.0,3100.0,421,0.0,0.0
2024-09-19 09:20:00+09:00,3100.0,3100.0,3100.0,3100.0,800,0.0,0.0
2024-09-19 09:25:00+09:00,3100.0,3100.0,3100.0,3100.0,100,0.0,0.0
2024-09-19 09:30:00+09:00,3100.0,3100.0,3100.0,3100.0,608,0.0,0.0
2024-09-19 09:35:00+09:00,3100.0,3100.0,3090.0,3090.0,126,0.0,0.0
2024-09-19 09:40:00+09:00,3090.0,3090.0,3090.0,3090.0,323,0.0,0.0
2024-09-19 09:45:00+09:00,3110.0,3110.0,3110.0,3110.0,0,0.0,0.0
2024-09-19 09:55:00+09:00,3090.0,3090.0,3080.0,3080.0,0,0.0,0.0
2024-09-19 10:00:00+09:00,3100.0,3100.0,3065.0,3065.0,5232,0.0,0.0
2024-09-19 10:05:00+09:00,3070.0,3070.0,3065.0,3065.0,617,0.0,0.0
2024-09-19 10:10:00+09:00,3065.0,3065.0,3055.0,3055.0,359,0.0,0.0
2024-09-19 10:25:00+09:00,3055.0,3055.0,3055.0,3055.0,24,0.0,0.0
2024-09-19 10:35:00+09:00,3055.0,3055.0,3050.0,3050.0,153,0.0,0.0
2024-09-19 10:45:00+09:00,3050.0,3065.0,2995.0,2995.0,5575,0.0,0.0
2024-09-19 10:50:00+09:00,3005.0,3010.0,3005.0,3010.0,82,0.0,0.0
2024-09-19 10:55:00+09:00,3005.0,3005.0,3005.0,3005.0,0,0.0,0.0
2024-09-19 11:00:00+09:00,3005.0,3005.0,3005.0,3005.0,18,0.0,0.0
2024-09-19 11:05:00+09:00,3005.0,3020.0,3005.0,3010.0,1256,0.0,0.0
2024-09-19 11:10:00+09:00,3000.0,3020.0,3000.0,3010.0,573,0.0,0.0
2024-09-19 11:20:00+09:00,3000.0,3020.0,3000.0,3020.0,76,0.0,0.0
2024-09-19 11:25:00+09:00,3000.0,3010.0,2985.0,3010.0,3974,0.0,0.0
2024-09-19 11:30:00+09:00,3000.0,3000.0,2995.0,2995.0,0,0.0,0.0
2024-09-19 11:35:00+09:00,2995.0,2995.0,2990.0,2990.0,1011,0.0,0.0
2024-09-19 11:40:00+09:00,3020.0,3020.0,3020.0,3020.0,0,0.0,0.0
2024-09-19 11:45:00+09:00,3010.0,3020.0,3010.0,3020.0,21606,0.0,0.0
2024-09-19 11:50:00+09:00,3000.0,3000.0,3000.0,3000.0,0,0.0,0.0
2024-09-19 11:55:00+09:00,3025.0,3025.0,3000.0,3000.0,201,0.0,0.0
2024-09-19 12:00:00+09:00,3000.0,3000.0,3000.0,3000.0,901,0.0,0.0
2024-09-19 12:05:00+09:00,3000.0,3000.0,3000.0,3000.0,0,0.0,0.0
2024-09-19 12:10:00+09:00,3020.0,3020.0,3020.0,3020.0,5,0.0,0.0
2024-09-19 12:15:00+09:00,3000.0,3025.0,3000.0,3025.0,4085,0.0,0.0
2024-09-19 12:20:00+09:00,3025.0,3060.0,3025.0,3060.0,0,0.0,0.0
2024-09-19 12:30:00+09:00,3035.0,3035.0,3030.0,3030.0,6,0.0,0.0
2024-09-19 12:45:00+09:00,3055.0,3055.0,3055.0,3055.0,5,0.0,0.0
2024-09-19 12:50:00+09:00,3030.0,3030.0,3030.0,3030.0,7,0.0,0.0
2024-09-19 12:55:00+09:00,3025.0,3025.0,3025.0,3025.0,9,0.0,0.0
2024-09-19 13:00:00+09:00,3045.0,3045.0,2995.0,2995.0,3017,0.0,0.0
2024-09-19 13:05:00+09:00,2995.0,3010.0,2995.0,3010.0,65,0.0,0.0
2024-09-19 13:10:00+09:00,2995.0,3015.0,2995.0,2995.0,106,0.0,0.0
2024-09-19 13:15:00+09:00,3015.0,3015.0,2995.0,3015.0,1110,0.0,0.0
2024-09-19 13:20:00+09:00,2995.0,2995.0,2985.0,2985.0,0,0.0,0.0
2024-09-19 13:25:00+09:00,2990.0,3005.0,2985.0,3005.0,966,0.0,0.0
2024-09-19 13:35:00+09:00,2995.0,2995.0,2995.0,2995.0,68,0.0,0.0
2024-09-19 13:40:00+09:00,2995.0,3015.0,2995.0,3015.0,195,0.0,0.0
2024-09-19 13:45:00+09:00,3015.0,3015.0,3015.0,3015.0,10,0.0,0.0
2024-09-19 13:55:00+09:00,3010.0,3010.0,3010.0,3010.0,6,0.0,0.0
2024-09-19 14:00:00+09:00,3010.0,3010.0,3010.0,3010.0,0,0.0,0.0
2024-09-19 14:05:00+09:00,3010.0,3120.0,3010.0,3110.0,18740,0.0,0.0
2024-09-19 14:10:00+09:00,3120.0,3190.0,3110.0,3125.0,15431,0.0,0.0
2024-09-19 14:15:00+09:00,3125.0,3150.0,3090.0,3090.0,8121,0.0,0.0
2024-09-19 14:20:00+09:00,3130.0,3130.0,3105.0,3130.0,1101,0.0,0.0
2024-09-19 14:25:00+09:00,3095.0,3130.0,3095.0,3130.0,6183,0.0,0.0
2024-09-19 14:30:00+09:00,3130.0,3130.0,3130.0,3130.0,0,0.0,0.0
2024-09-19 14:35:00+09:00,3125.0,3125.0,3100.0,3115.0,1654,0.0,0.0
2024-09-19 14:45:00+09:00,3085.0,3110.0,3010.0,3050.0,3415,0.0,0.0
2024-09-19 14:50:00+09:00,3060.0,3065.0,3060.0,3065.0,0,0.0,0.0
2024-09-19 14:55:00+09:00,3085.0,3090.0,3085.0,3085.0,61,0.0,0.0
2024-09-20 09:00:00+09:00,2995.0,3035.0,2995.0,3035.0,1235,0.0,0.0
2024-09-20 09:05:00+09:00,3035.0,3100.0,3035.0,3050.0,6265,0.0,0.0
2024-09-20 09:10:00+09:00,3050.0,3080.0,3050.0,3060.0,1600,0.0,0.0
2024-09-20 09:15:00+09:00,3040.0,3040.0,3020.0,3020.0,324,0.0,0.0
2024-09-20 09:20:00+09:00,3035.0,3040.0,3035.0,3040.0,0,0.0,0.0
2024-09-20 09:25:00+09:00,3035.0,3035.0,3035.0,3035.0,300,0.0,0.0
2024-09-20 09:30:00+09:00,3040.0,3040.0,3040.0,3040.0,0,0.0,0.0
2024-09-20 09:35:00+09:00,3040.0,3040.0,3035.0,3035.0,199,0.0,0.0
2024-09-20 09:40:00+09:00,3035.0,3045.0,3035.0,3045.0,0,0.0,0.0
2024-09-20 09:45:00+09:00,3035.0,3035.0,3035.0,3035.0,2,0.0,0.0
2024-09-20 10:10:00+09:00,3020.0,3020.0,3020.0,3020.0,0,0.0,0.0
2024-09-20 10:15:00+09:00,3025.0,3035.0,3025.0,3035.0,972,0.0,0.0
2024-09-20 10:20:00+09:00,3040.0,3065.0,3040.0,3050.0,0,0.0,0.0
2024-09-20 10:25:00+09:00,3065.0,3065.0,3045.0,3045.0,60,0.0,0.0
2024-09-20 10:30:00+09:00,3045.0,3045.0,3020.0,3020.0,2704,0.0,0.0
2024-09-20 10:35:00+09:00,3035.0,3035.0,3035.0,3035.0,0,0.0,0.0
2024-09-20 10:40:00+09:00,3040.0,3040.0,3040.0,3040.0,0,0.0,0.0
2024-09-20 11:15:00+09:00,3035.0,3035.0,3035.0,3035.0,11,0.0,0.0
2024-09-20 11:25:00+09:00,3035.0,3035.0,3035.0,3035.0,28,0.0,0.0
2024-09-20 11:30:00+09:00,3035.0,3035.0,3035.0,3035.0,10,0.0,0.0
2024-09-20 11:35:00+09:00,3035.0,3035.0,3035.0,3035.0,0,0.0,0.0
2024-09-20 11:45:00+09:00,3035.0,3035.0,3035.0,3035.0,21,0.0,0.0
2024-09-20 11:50:00+09:00,3030.0,3030.0,3030.0,3030.0,147,0.0,0.0
2024-09-20 11:55:00+09:00,3025.0,3025.0,2985.0,2985.0,11875,0.0,0.0
2024-09-20 12:05:00+09:00,2990.0,2995.0,2985.0,2995.0,1190,0.0,0.0
2024-09-20 12:10:00+09:00,2995.0,2995.0,2990.0,2990.0,2469,0.0,0.0
2024-09-20 12:15:00+09:00,3010.0,3010.0,2990.0,2990.0,62,0.0,0.0
2024-09-20 12:20:00+09:00,3010.0,3010.0,3010.0,3010.0,0,0.0,0.0
2024-09-20 12:35:00+09:00,3010.0,3010.0,3010.0,3010.0,107,0.0,0.0
2024-09-20 12:40:00+09:00,3005.0,3005.0,3005.0,3005.0,105,0.0,0.0
2024-09-20 12:45:00+09:00,3005.0,3005.0,3005.0,3005.0,132,0.0,0.0
2024-09-20 13:00:00+09:00,3005.0,3005.0,3005.0,3005.0,3,0.0,0.0
2024-09-20 13:20:00+09:00,3005.0,3005.0,3005.0,3005.0,194,0.0,0.0
2024-09-20 13:25:00+09:00,3010.0,3010.0,3000.0,3000.0,3823,0.0,0.0
2024-09-20 13:35:00+09:00,3000.0,3000.0,3000.0,3000.0,0,0.0,0.0
2024-09-20 13:40:00+09:00,3000.0,3000.0,3000.0,3000.0,392,0.0,0.0
2024-09-20 13:45:00+09:00,3015.0,3015.0,3000.0,3000.0,0,0.0,0.0
2024-09-20 13:50:00+09:00,3000.0,3010.0,3000.0,3010.0,558,0.0,0.0
2024-09-20 13:55:00+09:00,3000.0,3000.0,3000.0,3000.0,0,0.0,0.0
2024-09-20 14:00:00+09:00,3005.0,3005.0,3005.0,3005.0,1,0.0,0.0
2024-09-20 14:05:00+09:00,3000.0,3000.0,3000.0,3000.0,0,0.0,0.0
2024-09-20 14:15:00+09:00,3005.0,3005.0,3005.0,3005.0,1,0.0,0.0
2024-09-20 14:25:00+09:00,3005.0,3010.0,3005.0,3010.0,44,0.0,0.0
2024-09-20 14:30:00+09:00,3000.0,3000.0,3000.0,3000.0,1,0.0,0.0
2024-09-20 14:35:00+09:00,3000.0,3010.0,3000.0,3010.0,559,0.0,0.0
2024-09-20 14:50:00+09:00,3000.0,3000.0,3000.0,3000.0,75,0.0,0.0
2024-09-20 14:55:00+09:00,3000.0,3005.0,2995.0,2995.0,956,0.0,0.0
2024-09-23 09:00:00+09:00,3015.0,3015.0,2985.0,2985.0,0,0.0,0.0
2024-09-23 09:05:00+09:00,2985.0,2995.0,2970.0,2975.0,418,0.0,0.0
2024-09-23 09:10:00+09:00,2975.0,2985.0,2950.0,2985.0,4690,0.0,0.0
2024-09-23 09:15:00+09:00,2975.0,2975.0,2975.0,2975.0,1,0.0,0.0
2024-09-23 09:20:00+09:00,2970.0,2975.0,2965.0,2975.0,2729,0.0,0.0
2024-09-23 09:25:00+09:00,2985.0,2985.0,2975.0,2985.0,121,0.0,0.0
2024-09-23 09:40:00+09:00,2985.0,2985.0,2955.0,2955.0,2729,0.0,0.0
2024-09-23 09:45:00+09:00,2955.0,2955.0,2945.0,2945.0,1242,0.0,0.0
2024-09-23 09:50:00+09:00,2955.0,2975.0,2955.0,2975.0,93,0.0,0.0
2024-09-23 09:55:00+09:00,2955.0,2970.0,2950.0,2970.0,75,0.0,0.0
2024-09-23 10:00:00+09:00,2955.0,2970.0,2955.0,2970.0,1,0.0,0.0
2024-09-23 10:05:00+09:00,2955.0,2955.0,2955.0,2955.0,51,0.0,0.0
2024-09-23 10:10:00+09:00,2950.0,2970.0,2930.0,2960.0,2515,0.0,0.0
2024-09-23 10:15:00+09:00,2960.0,2960.0,2960.0,2960.0,167,0.0,0.0
2024-09-23 10:20:00+09:00,2950.0,2950.0,2950.0,2950.0,101,0.0,0.0
2024-09-23 10:25:00+09:00,2960.0,2975.0,2960.0,2970.0,117,0.0,0.0
2024-09-23 10:35:00+09:00,2970.0,2970.0,2970.0,2970.0,100,0.0,0.0
2024-09-23 10:50:00+09:00,2970.0,2970.0,2970.0,2970.0,1,0.0,0.0
2024-09-23 11:15:00+09:00,2965.0,2970.0,2965.0,2970.0,472,0.0,0.0
2024-09-23 11:20:00+09:00,2975.0,2975.0,2960.0,2975.0,2577,0.0,0.0
2024-09-23 11:35:00+09:00,2975.0,2975.0,2975.0,2975.0,0,0.0,0.0
2024-09-23 11:45:00+09:00,2970.0,2975.0,2970.0,2975.0,342,0.0,0.0
2024-09-23 12:30:00+09:00,2975.0,2975.0,2970.0,2975.0,127,0.0,0.0
2024-09-23 12:35:00+09:00,2970.0,2970.0,2970.0,2970.0,93,0.0,0.0
2024-09-23 12:45:00+09:00,2975.0,2975.0,2965.0,2965.0,142,0.0,0.0
2024-09-23 12:55:00+09:00,2960.0,2960.0,2940.0,2940.0,1672,0.0,0.0
2024-09-23 13:10:00+09:00,2950.0,2950.0,2950.0,2950.0,0,0.0,0.0
2024-09-23 13:20:00+09:00,2950.0,2950.0,2950.0,2950.0,50,0.0,0.0
2024-09-23 13:30:00+09:00,2950.0,2950.0,2950.0,2950.0,593,0.0,0.0
2024-09-23 13:35:00+09:00,2970.0,2975.0,2970.0,2975.0,2,0.0,0.0
2024-09-23 13:40:00+09:00,2970.0,2970.0,2970.0,2970.0,322,0.0,0.0
2024-09-23 13:45:00+09:00,2970.0,2970.0,2970.0,2970.0,0,0.0,0.0
2024-09-23 13:50:00+09:00,2975.0,2975.0,2950.0,2950.0,1742,0.0,0.0
2024-09-23 13:55:00+09:00,2970.0,2970.0,2935.0,2940.0,5308,0.0,0.0
2024-09-23 14:00:00+09:00,2930.0,2940.0,2920.0,2920.0,2354,0.0,0.0
2024-09-23 14:05:00+09:00,2930.0,2935.0,2915.0,2935.0,970,0.0,0.0
2024-09-23 14:10:00+09:00,2930.0,2935.0,2930.0,2935.0,15,0.0,0.0
2024-09-23 14:15:00+09:00,2915.0,2925.0,2910.0,2925.0,1814,0.0,0.0
2024-09-23 14:20:00+09:00,2925.0,2925.0,2905.0,2905.0,2881,0.0,0.0
2024-09-23 14:25:00+09:00,2905.0,2915.0,2905.0,2915.0,1091,0.0,0.0
2024-09-23 14:30:00+09:00,2905.0,2935.0,2905.0,2935.0,408,0.0,0.0
2024-09-23 14:35:00+09:00,2910.0,2935.0,2900.0,2935.0,4859,0.0,0.0
2024-09-23 14:40:00+09:00,2905.0,2925.0,2890.0,2925.0,776,0.0,0.0
2024-09-23 14:50:00+09:00,2910.0,2925.0,2910.0,2925.0,53,0.0,0.0
2024-09-23 14:55:00+09:00,2915.0,2925.0,2915.0,2925.0,36,0.0,0.0
2024-09-24 09:00:00+09:00,2915.0,3000.0,2900.0,2900.0,1209,0.0,0.0
2024-09-24 09:05:00+09:00,2915.0,2940.0,2915.0,2940.0,200,0.0,0.0
2024-09-24 09:10:00+09:00,2930.0,2935.0,2915.0,2935.0,26,0.0,0.0
2024-09-24 09:15:00+09:00,2935.0,2965.0,2935.0,2965.0,71,0.0,0.0
2024-09-24 09:30:00+09:00,2940.0,2940.0,2940.0,2940.0,3,0.0,0.0
2024-09-24 09:40:00+09:00,2940.0,2940.0,2940.0,2940.0,196,0.0,0.0
2024-09-24 09:45:00+09:00,2940.0,2970.0,2940.0,2970.0,459,0.0,0.0
2024-09-24 09:55:00+09:00,2960.0,2960.0,2960.0,2960.0,101,0.0,0.0
2024-09-24 10:00:00+09:00,2960.0,2960.0,2960.0,2960.0,53,0.0,0.0
2024-09-24 10:15:00+09:00,2960.0,2960.0,2960.0,2960.0,65,0.0,0.0
2024-09-24 10:45:00+09:00,2960.0,2995.0,2960.0,2995.0,1260,0.0,0.0
2024-09-24 10:55:00+09:00,2930.0,2995.0,2930.0,2995.0,2,0.0,0.0
2024-09-24 11:05:00+09:00,2990.0,2995.0,2940.0,2950.0,3262,0.0,0.0
2024-09-24 11:10:00+09:00,2940.0,2965.0,2920.0,2920.0,5124,0.0,0.0
2024-09-24 11:15:00+09:00,2915.0,2930.0,2900.0,2915.0,5593,0.0,0.0
2024-09-24 11:20:00+09:00,2930.0,2930.0,2930.0,2930.0,1,0.0,0.0
2024-09-24 11:30:00+09:00,2925.0,2930.0,2925.0,2930.0,144,0.0,0.0
2024-09-24 11:35:00+09:00,2930.0,2930.0,2930.0,2930.0,10,0.0,0.0
2024-09-24 12:10:00+09:00,2930.0,2930.0,2930.0,2930.0,2,0.0,0.0
2024-09-24 12:45:00+09:00,2930.0,2930.0,2930.0,2930.0,351,0.0,0.0
2024-09-24 12:55:00+09:00,2905.0,2905.0,2905.0,2905.0,60,0.0,0.0
2024-09-24 13:00:00+09:00,2905.0,2905.0,2865.0,2865.0,8200,0.0,0.0
2024-09-24 13:05:00+09:00,2890.0,2890.0,2880.0,2890.0,262,0.0,0.0
2024-09-24 13:15:00+09:00,2900.0,2900.0,2890.0,2890.0,4,0.0,0.0
2024-09-24 13:20:00+09:00,2880.0,2880.0,2860.0,2860.0,3500,0.0,0.0
2024-09-24 13:25:00+09:00,2875.0,2890.0,2865.0,2890.0,0,0.0,0.0
2024-09-24 13:30:00+09:00,2890.0,2890.0,2880.0,2890.0,117,0.0,0.0
2024-09-24 13:40:00+09:00,2890.0,2890.0,2890.0,2890.0,29,0.0,0.0
2024-09-24 13:45:00+09:00,2890.0,2915.0,2890.0,2915.0,440,0.0,0.0
2024-09-24 13:50:00+09:00,2915.0,2950.0,2915.0,2950.0,3608,0.0,0.0
2024-09-24 13:55:00+09:00,2950.0,2970.0,2950.0,2970.0,1411,0.0,0.0
2024-09-24 14:00:00+09:00,2965.0,2995.0,2965.0,2995.0,5670,0.0,0.0
2024-09-24 14:15:00+09:00,2990.0,2990.0,2990.0,2990.0,224,0.0,0.0
2024-09-24 14:30:00+09:00,2990.0,2990.0,2990.0,2990.0,0,0.0,0.0
2024-09-24 14:55:00+09:00,2990.0,2990.0,2990.0,2990.0,690,0.0,0.0
2024-09-25 09:00:00+09:00,3050.0,3050.0,2960.0,3010.0,60,0.0,0.0
2024-09-25 09:05:00+09:00,2965.0,2995.0,2965.0,2995.0,2,0.0,0.0
2024-09-25 09:15:00+09:00,2975.0,3000.0,2965.0,3000.0,226,0.0,0.0
2024-09-25 09:25:00+09:00,2980.0,2980.0,2960.0,2960.0,858,0.0,0.0
2024-09-25 09:30:00+09:00,2960.0,2975.0,2960.0,2975.0,411,0.0,0.0
2024-09-25 09:35:00+09:00,2975.0,2975.0,2975.0,2975.0,1,0.0,0.0
2024-09-25 09:45:00+09:00,2975.0,2975.0,2975.0,2975.0,35,0.0,0.0
2024-09-25 09:50:00+09:00,2975.0,2975.0,2975.0,2975.0,0,0.0,0.0
2024-09-25 10:05:00+09:00,2970.0,2970.0,2955.0,2955.0,652,0.0,0.0
2024-09-25 10:10:00+09:00,2975.0,2975.0,2975.0,2975.0,0,0.0,0.0
2024-09-25 10:15:00+09:00,2960.0,2960.0,2960.0,2960.0,358,0.0,0.0
2024-09-25 10:25:00+09:00,2960.0,2960.0,2940.0,2940.0,673,0.0,0.0
2024-09-25 10:30:00+09:00,2940.0,2975.0,2905.0,2925.0,4969,0.0,0.0
2024-09-25 10:40:00+09:00,2960.0,2960.0,2935.0,2950.0,0,0.0,0.0
2024-09-25 10:45:00+09:00,2955.0,2955.0,2955.0,2955.0,7,0.0,0.0
2024-09-25 10:50:00+09:00,2960.0,2965.0,2935.0,2935.0,860,0.0,0.0
2024-09-25 11:05:00+09:00,2965.0,2965.0,2965.0,2965.0,0,0.0,0.0
2024-09-25 11:10:00+09:00,2955.0,2955.0,2950.0,2950.0,83,0.0,0.0
2024-09-25 11:15:00+09:00,2950.0,2950.0,2925.0,2925.0,2211,0.0,0.0
2024-09-25 11:20:00+09:00,2950.0,2955.0,2950.0,2955.0,2,0.0,0.0
2024-09-25 11:30:00+09:00,2945.0,2950.0,2945.0,2950.0,96,0.0,0.0
2024-09-25 11:35:00+09:00,2940.0,2950.0,2930.0,2950.0,257,0.0,0.0
2024-09-25 11:45:00+09:00,2950.0,2950.0,2950.0,2950.0,427,0.0,0.0
2024-09-25 11:55:00+09:00,2950.0,2950.0,2930.0,2930.0,0,0.0,0.0
2024-09-25 12:05:00+09:00,2930.0,2945.0,2930.0,2945.0,1994,0.0,0.0
2024-09-25 12:10:00+09:00,2945.0,2990.0,2945.0,2990.0,271,0.0,0.0
2024-09-25 12:15:00+09:00,2990.0,2990.0,2990.0,2990.0,18,0.0,0.0
2024-09-25 12:25:00+09:00,2985.0,2985.0,2980.0,2980.0,0,0.0,0.0
2024-09-25 12:40:00+09:00,2975.0,2980.0,2970.0,2980.0,2,0.0,0.0
2024-09-25 13:35:00+09:00,2965.0,2965.0,2960.0,2960.0,2,0.0,0.0
2024-09-25 13:45:00+09:00,2955.0,2980.0,2935.0,2980.0,2303,0.0,0.0
2024-09-25 13:50:00+09:00,2980.0,2990.0,2980.0,2990.0,1592,0.0,0.0
2024-09-25 14:15:00+09:00,2980.0,2990.0,2980.0,2990.0,3,0.0,0.0
2024-09-25 14:25:00+09:00,2975.0,2975.0,2975.0,2975.0,1,0.0,0.0
2024-09-25 14:30:00+09:00,2975.0,2975.0,2975.0,2975.0,2,0.0,0.0
2024-09-25 14:35:00+09:00,2970.0,2975.0,2970.0,2975.0,439,0.0,0.0
2024-09-25 14:45:00+09:00,2960.0,2970.0,2955.0,2970.0,8,0.0,0.0
2024-09-25 14:50:00+09:00,2955.0,2955.0,2940.0,2940.0,1000,0.0,0.0
2024-09-26 09:00:00+09:00,2970.0,2970.0,2970.0,2970.0,3,0.0,0.0
2024-09-26 09:05:00+09:00,2940.0,2965.0,2940.0,2960.0,392,0.0,0.0
2024-09-26 09:15:00+09:00,2960.0,2960.0,2940.0,2960.0,355,0.0,0.0
2024-09-26 09:20:00+09:00,2955.0,2960.0,2935.0,2935.0,383,0.0,0.0
2024-09-26 09:25:00+09:00,2935.0,2935.0,2930.0,2930.0,31,0.0,0.0
2024-09-26 09:30:00+09:00,2955.0,2955.0,2955.0,2955.0,0,0.0,0.0
2024-09-26 09:45:00+09:00,2950.0,2950.0,2945.0,2945.0,801,0.0,0.0
2024-09-26 10:00:00+09:00,2940.0,2945.0,2940.0,2945.0,20,0.0,0.0
2024-09-26 10:05:00+09:00,2935.0,2935.0,2935.0,2935.0,202,0.0,0.0
2024-09-26 10:10:00+09:00,2930.0,2930.0,2905.0,2930.0,2095,0.0,0.0
2024-09-26 10:15:00+09:00,2930.0,2930.0,2930.0,2930.0,0,0.0,0.0
2024-09-26 10:25:00+09:00,2915.0,2920.0,2910.0,2910.0,1393,0.0,0.0
2024-09-26 10:30:00+09:00,2905.0,2920.0,2900.0,2920.0,1437,0.0,0.0
2024-09-26 10:35:00+09:00,2920.0,2920.0,2920.0,2920.0,309,0.0,0.0
2024-09-26 10:40:00+09:00,2910.0,2910.0,2910.0,2910.0,5,0.0,0.0
2024-09-26 10:45:00+09:00,2920.0,2920.0,2920.0,2920.0,138,0.0,0.0
2024-09-26 10:50:00+09:00,2915.0,2915.0,2910.0,2910.0,50,0.0,0.0
2024-09-26 10:55:00+09:00,2920.0,2920.0,2915.0,2915.0,21,0.0,0.0
2024-09-26 11:05:00+09:00,2920.0,2920.0,2920.0,2920.0,3234,0.0,0.0
2024-09-26 11:10:00+09:00,2920.0,2925.0,2920.0,2925.0,0,0.0,0.0
2024-09-26 11:15:00+09:00,2925.0,2935.0,2925.0,2935.0,4434,0.0,0.0
2024-09-26 11:25:00+09:00,2925.0,2925.0,2925.0,2925.0,2,0.0,0.0
2024-09-26 11:30:00+09:00,2925.0,2925.0,2925.0,2925.0,122,0.0,0.0
2024-09-26 11:45:00+09:00,2925.0,2925.0,2925.0,2925.0,11,0.0,0.0
2024-09-26 11:50:00+09:00,2920.0,2935.0,2920.0,2935.0,358,0.0,0.0
2024-09-26 11:55:00+09:00,2935.0,2935.0,2935.0,2935.0,19,0.0,0.0
2024-09-26 12:00:00+09:00,2935.0,2935.0,2930.0,2930.0,31,0.0,0.0
2024-09-26 12:10:00+09:00,2935.0,2935.0,2935.0,2935.0,269,0.0,0.0
2024-09-26 12:15:00+09:00,2935.0,2935.0,2930.0,2930.0,109,0.0,0.0
2024-09-26 12:20:00+09:00,2940.0,2940.0,2940.0,2940.0,2,0.0,0.0
2024-09-26 12:25:00+09:00,2940.0,2940.0,2940.0,2940.0,299,0.0,0.0
2024-09-26 12:30:00+09:00,2940.0,2940.0,2940.0,2940.0,0,0.0,0.0
2024-09-26 12:35:00+09:00,2945.0,2945.0,2945.0,2945.0,216,0.0,0.0
2024-09-26 12:45:00+09:00,2945.0,2945.0,2945.0,2945.0,92,0.0,0.0
2024-09-26 12:50:00+09:00,2945.0,2945.0,2940.0,2940.0,1318,0.0,0.0
2024-09-26 13:10:00+09:00,2950.0,2950.0,2950.0,2950.0,0,0.0,0.0
2024-09-26 13:15:00+09:00,2955.0,2970.0,2955.0,2970.0,1688,0.0,0.0
2024-09-26 13:20:00+09:00,2975.0,2980.0,2975.0,2980.0,572,0.0,0.0
2024-09-26 13:25:00+09:00,2980.0,2980.0,2980.0,2980.0,372,0.0,0.0
2024-09-26 13:30:00+09:00,2980.0,2980.0,2970.0,2970.0,1685,0.0,0.0
2024-09-26 13:35:00+09:00,2980.0,2980.0,2980.0,2980.0,160,0.0,0.0
2024-09-26 13:40:00+09:00,2980.0,2980.0,2975.0,2975.0,459,0.0,0.0
2024-09-26 13:45:00+09:00,2980.0,2980.0,2980.0,2980.0,85,0.0,0.0
2024-09-26 13:50:00+09:00,2975.0,2975.0,2975.0,2975.0,50,0.0,0.0
2024-09-26 13:55:00+09:00,2975.0,2975.0,2975.0,2975.0,257,0.0,0.0
2024-09-26 14:05:00+09:00,2975.0,2975.0,2975.0,2975.0,336,0.0,0.0
2024-09-26 14:10:00+09:00,2975.0,2975.0,2975.0,2975.0,20,0.0,0.0
2024-09-26 14:15:00+09:00,2970.0,2970.0,2925.0,2960.0,24185,0.0,0.0
2024-09-26 14:20:00+09:00,2965.0,2965.0,2965.0,2965.0,0,0.0,0.0
2024-09-26 14:25:00+09:00,2965.0,2965.0,2960.0,2960.0,540,0.0,0.0
2024-09-26 14:40:00+09:00,2970.0,2970.0,2970.0,2970.0,0,0.0,0.0
2024-09-26 14:45:00+09:00,2960.0,2960.0,2960.0,2960.0,420,0.0,0.0
2024-09-26 14:50:00+09:00,2965.0,2965.0,2965.0,2965.0,1,0.0,0.0
2024-09-27 09:00:00+09:00,2970.0,2970.0,2970.0,2970.0,103,0.0,0.0
2024-09-27 09:05:00+09:00,2955.0,2955.0,2955.0,2955.0,101,0.0,0.0
2024-09-27 09:10:00+09:00,2950.0,2950.0,2915.0,2915.0,3898,0.0,0.0
2024-09-27 09:15:00+09:00,2940.0,2940.0,2940.0,2940.0,0,0.0,0.0
2024-09-27 09:25:00+09:00,2940.0,2940.0,2940.0,2940.0,399,0.0,0.0
2024-09-27 09:30:00+09:00,2925.0,2935.0,2905.0,2935.0,5787,0.0,0.0
2024-09-27 09:45:00+09:00,2925.0,2935.0,2925.0,2935.0,0,0.0,0.0
2024-09-27 09:55:00+09:00,2930.0,2940.0,2930.0,2940.0,13,0.0,0.0
2024-09-27 10:00:00+09:00,2935.0,2935.0,2935.0,2935.0,1,0.0,0.0
2024-09-27 10:10:00+09:00,2935.0,2935.0,2935.0,2935.0,193,0.0,0.0
2024-09-27 10:25:00+09:00,2930.0,2930.0,2920.0,2920.0,209,0.0,0.0
2024-09-27 10:30:00+09:00,2935.0,2935.0,2935.0,2935.0,100,0.0,0.0
2024-09-27 10:35:00+09:00,2915.0,2915.0,2905.0,2905.0,136,0.0,0.0
2024-09-27 10:45:00+09:00,2910.0,2910.0,2900.0,2900.0,680,0.0,0.0
2024-09-27 10:50:00+09:00,2900.0,2900.0,2890.0,2890.0,920,0.0,0.0
2024-09-27 10:55:00+09:00,2915.0,2915.0,2890.0,2890.0,1127,0.0,0.0
2024-09-27 11:00:00+09:00,2915.0,2930.0,2915.0,2930.0,0,0.0,0.0
2024-09-27 11:20:00+09:00,2895.0,2930.0,2890.0,2930.0,201,0.0,0.0
2024-09-27 11:25:00+09:00,2920.0,2920.0,2920.0,2920.0,4,0.0,0.0
2024-09-27 11:35:00+09:00,2920.0,2920.0,2920.0,2920.0,38,0.0,0.0
2024-09-27 12:05:00+09:00,2915.0,2915.0,2915.0,2915.0,0,0.0,0.0
2024-09-27 12:15:00+09:00,2915.0,2915.0,2915.0,2915.0,679,0.0,0.0
2024-09-27 12:20:00+09:00,2925.0,2930.0,2925.0,2930.0,0,0.0,0.0
2024-09-27 12:40:00+09:00,2910.0,2910.0,2910.0,2910.0,190,0.0,0.0
2024-09-27 12:55:00+09:00,2925.0,2945.0,2925.0,2945.0,2902,0.0,0.0
2024-09-27 13:05:00+09:00,2950.0,2950.0,2910.0,2945.0,582,0.0,0.0
2024-09-27 13:15:00+09:00,2945.0,2945.0,2945.0,2945.0,0,0.0,0.0
2024-09-27 13:25:00+09:00,2950.0,2950.0,2950.0,2950.0,1,0.0,0.0
2024-09-27 14:15:00+09:00,2920.0,2920.0,2920.0,2920.0,7,0.0,0.0
2024-09-27 14:25:00+09:00,2945.0,2945.0,2945.0,2945.0,0,0.0,0.0
2024-09-27 14:30:00+09:00,2920.0,2945.0,2920.0,2945.0,2,0.0,0.0
