Datetime,Open,High,Low,Close,Volume,Dividends,Stock Splits
2024-08-19 09:30:00-04:00,29.290000915527344,29.309999465942383,29.18000030517578,29.19499969482422,72892,0.0,0.0
2024-08-19 09:32:00-04:00,29.18000030517578,29.209999084472656,29.18000030517578,29.204999923706055,13961,0.0,0.0
2024-08-19 09:33:00-04:00,29.20949935913086,29.20949935913086,29.19219970703125,29.200000762939453,2654,0.0,0.0
2024-08-19 09:34:00-04:00,29.190099716186523,29.239999771118164,29.190099716186523,29.235000610351562,15851,0.0,0.0
2024-08-19 09:35:00-04:00,29.225000381469727,29.225000381469727,29.225000381469727,29.225000381469727,1711,0.0,0.0
2024-08-19 09:36:00-04:00,29.21500015258789,29.239999771118164,29.21500015258789,29.239999771118164,9675,0.0,0.0
2024-08-19 09:37:00-04:00,29.219999313354492,29.235000610351562,29.200000762939453,29.200000762939453,16167,0.0,0.0
2024-08-19 09:38:00-04:00,29.209999084472656,29.219999313354492,29.204999923706055,29.21500015258789,3637,0.0,0.0
2024-08-19 09:39:00-04:00,29.21500015258789,29.219999313354492,29.204999923706055,29.204999923706055,2242,0.0,0.0
2024-08-19 09:40:00-04:00,29.204999923706055,29.2450008392334,29.20009994506836,29.2450008392334,5221,0.0,0.0
2024-08-19 09:41:00-04:00,29.239999771118164,29.259899139404297,29.239999771118164,29.2549991607666,6931,0.0,0.0
2024-08-19 09:42:00-04:00,29.2549991607666,29.260000228881836,29.25,29.260000228881836,3615,0.0,0.0
2024-08-19 09:43:00-04:00,29.262500762939453,29.264999389648438,29.239999771118164,29.264999389648438,26020,0.0,0.0
2024-08-19 09:44:00-04:00,29.264999389648438,29.264999389648438,29.239999771118164,29.244800567626953,3697,0.0,0.0
2024-08-19 09:45:00-04:00,29.25,29.274999618530273,29.25,29.274999618530273,4565,0.0,0.0
2024-08-19 09:46:00-04:00,29.270099639892578,29.295000076293945,29.270099639892578,29.280000686645508,9629,0.0,0.0
2024-08-19 09:47:00-04:00,29.280000686645508,29.28499984741211,29.280000686645508,29.280000686645508,1439,0.0,0.0
2024-08-19 09:48:00-04:00,29.28499984741211,29.290000915527344,29.260000228881836,29.264999389648438,7466,0.0,0.0
2024-08-19 09:49:00-04:00,29.264999389648438,29.264999389648438,29.260000228881836,29.260000228881836,19151,0.0,0.0
2024-08-19 09:50:00-04:00,29.264999389648438,29.269899368286133,29.249900817871094,29.249900817871094,4743,0.0,0.0
2024-08-19 09:51:00-04:00,29.239999771118164,29.260000228881836,29.239999771118164,29.260000228881836,10471,0.0,0.0
2024-08-19 09:52:00-04:00,29.2549991607666,29.260000228881836,29.246400833129883,29.246400833129883,3974,0.0,0.0
2024-08-19 09:53:00-04:00,29.243999481201172,29.264999389648438,29.239999771118164,29.264999389648438,3684,0.0,0.0
2024-08-19 09:54:00-04:00,29.260000228881836,29.260099411010742,29.2549991607666,29.259300231933594,9409,0.0,0.0
2024-08-19 09:55:00-04:00,29.256000518798828,29.256000518798828,29.239999771118164,29.25,4774,0.0,0.0
2024-08-19 09:56:00-04:00,29.2450008392334,29.24799919128418,29.221099853515625,29.225000381469727,29282,0.0,0.0
2024-08-19 09:57:00-04:00,29.225000381469727,29.229999542236328,29.219999313354492,29.219999313354492,1121,0.0,0.0
2024-08-19 09:58:00-04:00,29.225000381469727,29.246000289916992,29.219999313354492,29.246000289916992,3481,0.0,0.0
2024-08-19 09:59:00-04:00,29.249099731445312,29.25,29.2450008392334,29.25,947,0.0,0.0
2024-08-19 10:00:00-04:00,29.2450008392334,29.264999389648438,29.2450008392334,29.264999389648438,4154,0.0,0.0
2024-08-19 10:01:00-04:00,29.260000228881836,29.264999389648438,29.2450008392334,29.25,3412,0.0,0.0
2024-08-19 10:02:00-04:00,29.240999221801758,29.25,29.229999542236328,29.25,15147,0.0,0.0
2024-08-19 10:03:00-04:00,29.25,29.274999618530273,29.239999771118164,29.274999618530273,4184,0.0,0.0
2024-08-19 10:04:00-04:00,29.270000457763672,29.280000686645508,29.270000457763672,29.274999618530273,1958,0.0,0.0
2024-08-19 10:05:00-04:00,29.274999618530273,29.280000686645508,29.270000457763672,29.27989959716797,2329,0.0,0.0
2024-08-19 10:06:00-04:00,29.274999618530273,29.280000686645508,29.270000457763672,29.274999618530273,7865,0.0,0.0
2024-08-19 10:07:00-04:00,29.280000686645508,29.280000686645508,29.270000457763672,29.270000457763672,978,0.0,0.0
2024-08-19 10:08:00-04:00,29.272499084472656,29.274999618530273,29.2549991607666,29.2549991607666,18504,0.0,0.0
2024-08-19 10:09:00-04:00,29.2549991607666,29.26020050048828,29.2450008392334,29.253599166870117,12552,0.0,0.0
2024-08-19 10:10:00-04:00,29.2549991607666,29.260000228881836,29.2549991607666,29.2549991607666,983,0.0,0.0
2024-08-19 10:11:00-04:00,29.250099182128906,29.260000228881836,29.25,29.260000228881836,4936,0.0,0.0
2024-08-19 10:12:00-04:00,29.260000228881836,29.264999389648438,29.251300811767578,29.264999389648438,2072,0.0,0.0
2024-08-19 10:13:00-04:00,29.260000228881836,29.270000457763672,29.260000228881836,29.264999389648438,2495,0.0,0.0
2024-08-19 10:14:00-04:00,29.26889991760254,29.26889991760254,29.25,29.2549991607666,3918,0.0,0.0
2024-08-19 10:15:00-04:00,29.2549991607666,29.264999389648438,29.2549991607666,29.264999389648438,3369,0.0,0.0
2024-08-19 10:16:00-04:00,29.270000457763672,29.315000534057617,29.270000457763672,29.315000534057617,12768,0.0,0.0
2024-08-19 10:17:00-04:00,29.309999465942383,29.31999969482422,29.309999465942383,29.31999969482422,9671,0.0,0.0
2024-08-19 10:18:00-04:00,29.309999465942383,29.34000015258789,29.309999465942383,29.34000015258789,19360,0.0,0.0
2024-08-19 10:19:00-04:00,29.334999084472656,29.34000015258789,29.334999084472656,29.334999084472656,4079,0.0,0.0
2024-08-19 10:20:00-04:00,29.34000015258789,29.344999313354492,29.311100006103516,29.311100006103516,9994,0.0,0.0
2024-08-19 10:21:00-04:00,29.31599998474121,29.329999923706055,29.315000534057617,29.329999923706055,2076,0.0,0.0
2024-08-19 10:22:00-04:00,29.329999923706055,29.329999923706055,29.315000534057617,29.31999969482422,10599,0.0,0.0
2024-08-19 10:23:00-04:00,29.315000534057617,29.329999923706055,29.315000534057617,29.329999923706055,7974,0.0,0.0
2024-08-19 10:24:00-04:00,29.329999923706055,29.34000015258789,29.325000762939453,29.334999084472656,1118,0.0,0.0
2024-08-19 10:25:00-04:00,29.334999084472656,29.34000015258789,29.334999084472656,29.33690071105957,2419,0.0,0.0
2024-08-19 10:26:00-04:00,29.333900451660156,29.350000381469727,29.333900451660156,29.344999313354492,2608,0.0,0.0
2024-08-19 10:27:00-04:00,29.350000381469727,29.360000610351562,29.346099853515625,29.351299285888672,6052,0.0,0.0
2024-08-19 10:28:00-04:00,29.360000610351562,29.3700008392334,29.360000610351562,29.3700008392334,2975,0.0,0.0
2024-08-19 10:29:00-04:00,29.3700008392334,29.389999389648438,29.3700008392334,29.389999389648438,9957,0.0,0.0
2024-08-19 10:30:00-04:00,29.389999389648438,29.399999618530273,29.385000228881836,29.399999618530273,5063,0.0,0.0
2024-08-19 10:31:00-04:00,29.399999618530273,29.40999984741211,29.393299102783203,29.399999618530273,7112,0.0,0.0
2024-08-19 10:32:00-04:00,29.399999618530273,29.40999984741211,29.389999389648438,29.40999984741211,4788,0.0,0.0
2024-08-19 10:33:00-04:00,29.405000686645508,29.40999984741211,29.395200729370117,29.405000686645508,9206,0.0,0.0
2024-08-19 10:34:00-04:00,29.405000686645508,29.40999984741211,29.399999618530273,29.40999984741211,3399,0.0,0.0
2024-08-19 10:35:00-04:00,29.40999984741211,29.40999984741211,29.401199340820312,29.40999984741211,8801,0.0,0.0
2024-08-19 10:36:00-04:00,29.40999984741211,29.43000030517578,29.399999618530273,29.426599502563477,11086,0.0,0.0
2024-08-19 10:37:00-04:00,29.43000030517578,29.440000534057617,29.424999237060547,29.434999465942383,10181,0.0,0.0
2024-08-19 10:38:00-04:00,29.440000534057617,29.440000534057617,29.43000030517578,29.440000534057617,5753,0.0,0.0
2024-08-19 10:39:00-04:00,29.439899444580078,29.440000534057617,29.43000030517578,29.434999465942383,5535,0.0,0.0
2024-08-19 10:40:00-04:00,29.439800262451172,29.450000762939453,29.424999237060547,29.44499969482422,17862,0.0,0.0
2024-08-19 10:41:00-04:00,29.446399688720703,29.446399688720703,29.440000534057617,29.440000534057617,2755,0.0,0.0
2024-08-19 10:42:00-04:00,29.450000762939453,29.450000762939453,29.434999465942383,29.434999465942383,8646,0.0,0.0
2024-08-19 10:43:00-04:00,29.434999465942383,29.439899444580078,29.43000030517578,29.434999465942383,2663,0.0,0.0
2024-08-19 10:44:00-04:00,29.43899917602539,29.440000534057617,29.399999618530273,29.405000686645508,6018,0.0,0.0
2024-08-19 10:45:00-04:00,29.399999618530273,29.40019989013672,29.380599975585938,29.389999389648438,7731,0.0,0.0
2024-08-19 10:46:00-04:00,29.39109992980957,29.415000915527344,29.39109992980957,29.415000915527344,3319,0.0,0.0
2024-08-19 10:47:00-04:00,29.415000915527344,29.420000076293945,29.405000686645508,29.405000686645508,3443,0.0,0.0
2024-08-19 10:48:00-04:00,29.40399932861328,29.418899536132812,29.40399932861328,29.40999984741211,2152,0.0,0.0
2024-08-19 10:49:00-04:00,29.415000915527344,29.415000915527344,29.399999618530273,29.405000686645508,6135,0.0,0.0
2024-08-19 10:50:00-04:00,29.405000686645508,29.420000076293945,29.405000686645508,29.40999984741211,4175,0.0,0.0
2024-08-19 10:51:00-04:00,29.415000915527344,29.420000076293945,29.40999984741211,29.415000915527344,2368,0.0,0.0
2024-08-19 10:52:00-04:00,29.415000915527344,29.41900062561035,29.40999984741211,29.41900062561035,5411,0.0,0.0
2024-08-19 10:53:00-04:00,29.41900062561035,29.420000076293945,29.40999984741211,29.415000915527344,5872,0.0,0.0
2024-08-19 10:54:00-04:00,29.415000915527344,29.420000076293945,29.40999984741211,29.420000076293945,2199,0.0,0.0
2024-08-19 10:55:00-04:00,29.420000076293945,29.420000076293945,29.41010093688965,29.415000915527344,1601,0.0,0.0
2024-08-19 10:56:00-04:00,29.40999984741211,29.419200897216797,29.40999984741211,29.415000915527344,7767,0.0,0.0
2024-08-19 10:57:00-04:00,29.415000915527344,29.420000076293945,29.415000915527344,29.4153995513916,5960,0.0,0.0
2024-08-19 10:58:00-04:00,29.415000915527344,29.420000076293945,29.400699615478516,29.420000076293945,11167,0.0,0.0
2024-08-19 10:59:00-04:00,29.415000915527344,29.420000076293945,29.405000686645508,29.415000915527344,9601,0.0,0.0
2024-08-19 11:00:00-04:00,29.415700912475586,29.420000076293945,29.40999984741211,29.40999984741211,6487,0.0,0.0
2024-08-19 11:01:00-04:00,29.40690040588379,29.40690040588379,29.399999618530273,29.399999618530273,2128,0.0,0.0
2024-08-19 11:02:00-04:00,29.405000686645508,29.405000686645508,29.3700008392334,29.3799991607666,18868,0.0,0.0
2024-08-19 11:03:00-04:00,29.385000228881836,29.385000228881836,29.3799991607666,29.3799991607666,4824,0.0,0.0
2024-08-19 11:04:00-04:00,29.3799991607666,29.38990020751953,29.364999771118164,29.375,27833,0.0,0.0
2024-08-19 11:05:00-04:00,29.375,29.389999389648438,29.3700008392334,29.389999389648438,9095,0.0,0.0
2024-08-19 11:06:00-04:00,29.395000457763672,29.399999618530273,29.389999389648438,29.395000457763672,2028,0.0,0.0
2024-08-19 11:07:00-04:00,29.395000457763672,29.399999618530273,29.394899368286133,29.399999618530273,2763,0.0,0.0
2024-08-19 11:08:00-04:00,29.395000457763672,29.40999984741211,29.395000457763672,29.40999984741211,7642,0.0,0.0
2024-08-19 11:09:00-04:00,29.405000686645508,29.40999984741211,29.395000457763672,29.395000457763672,3805,0.0,0.0
2024-08-19 11:10:00-04:00,29.389999389648438,29.40999984741211,29.389999389648438,29.405000686645508,6242,0.0,0.0
2024-08-19 11:11:00-04:00,29.40999984741211,29.40999984741211,29.396099090576172,29.396099090576172,3262,0.0,0.0
2024-08-19 11:12:00-04:00,29.395000457763672,29.420000076293945,29.395000457763672,29.420000076293945,14505,0.0,0.0
2024-08-19 11:13:00-04:00,29.415000915527344,29.424999237060547,29.40999984741211,29.415000915527344,16298,0.0,0.0
2024-08-19 11:14:00-04:00,29.415000915527344,29.420000076293945,29.41010093688965,29.41010093688965,3152,0.0,0.0
2024-08-19 11:15:00-04:00,29.415000915527344,29.434999465942383,29.415000915527344,29.434999465942383,9093,0.0,0.0
2024-08-19 11:16:00-04:00,29.434999465942383,29.434999465942383,29.43000030517578,29.43000030517578,2043,0.0,0.0
2024-08-19 11:17:00-04:00,29.440000534057617,29.447900772094727,29.440000534057617,29.447900772094727,4039,0.0,0.0
2024-08-19 11:18:00-04:00,29.44499969482422,29.450000762939453,29.444299697875977,29.44499969482422,2337,0.0,0.0
2024-08-19 11:19:00-04:00,29.44499969482422,29.44499969482422,29.440000534057617,29.44499969482422,2481,0.0,0.0
2024-08-19 11:20:00-04:00,29.44499969482422,29.450000762939453,29.424999237060547,29.424999237060547,9588,0.0,0.0
2024-08-19 11:21:00-04:00,29.420000076293945,29.428600311279297,29.420000076293945,29.428600311279297,2278,0.0,0.0
2024-08-19 11:22:00-04:00,29.424999237060547,29.424999237060547,29.40999984741211,29.40999984741211,2377,0.0,0.0
2024-08-19 11:23:00-04:00,29.415000915527344,29.415000915527344,29.40999984741211,29.40999984741211,1857,0.0,0.0
2024-08-19 11:24:00-04:00,29.40999984741211,29.40999984741211,29.399999618530273,29.405000686645508,17567,0.0,0.0
2024-08-19 11:25:00-04:00,29.399999618530273,29.405000686645508,29.395000457763672,29.395000457763672,6663,0.0,0.0
2024-08-19 11:26:00-04:00,29.395000457763672,29.40999984741211,29.395000457763672,29.40999984741211,7300,0.0,0.0
2024-08-19 11:27:00-04:00,29.399999618530273,29.40999984741211,29.399999618530273,29.399999618530273,1390,0.0,0.0
2024-08-19 11:28:00-04:00,29.40999984741211,29.40999984741211,29.399999618530273,29.405000686645508,654,0.0,0.0
2024-08-19 11:29:00-04:00,29.40999984741211,29.40999984741211,29.399999618530273,29.405000686645508,8309,0.0,0.0
2024-08-19 11:30:00-04:00,29.399999618530273,29.399999618530273,29.389999389648438,29.389999389648438,4080,0.0,0.0
2024-08-19 11:31:00-04:00,29.395000457763672,29.399999618530273,29.389999389648438,29.395000457763672,3517,0.0,0.0
2024-08-19 11:32:00-04:00,29.395000457763672,29.395000457763672,29.389999389648438,29.389999389648438,7146,0.0,0.0
2024-08-19 11:33:00-04:00,29.395000457763672,29.399999618530273,29.395000457763672,29.399999618530273,3109,0.0,0.0
2024-08-19 11:34:00-04:00,29.395000457763672,29.409799575805664,29.395000457763672,29.409799575805664,4232,0.0,0.0
2024-08-19 11:35:00-04:00,29.405000686645508,29.405000686645508,29.389999389648438,29.395000457763672,10500,0.0,0.0
2024-08-19 11:36:00-04:00,29.395000457763672,29.40999984741211,29.390100479125977,29.40999984741211,6230,0.0,0.0
2024-08-19 11:37:00-04:00,29.40130043029785,29.40999984741211,29.40130043029785,29.40999984741211,1431,0.0,0.0
2024-08-19 11:38:00-04:00,29.40999984741211,29.40999984741211,29.405000686645508,29.405000686645508,2881,0.0,0.0
2024-08-19 11:39:00-04:00,29.405000686645508,29.405000686645508,29.3700008392334,29.3700008392334,15414,0.0,0.0
2024-08-19 11:40:00-04:00,29.3799991607666,29.3799991607666,29.3700008392334,29.3799991607666,3600,0.0,0.0
2024-08-19 11:41:00-04:00,29.3700008392334,29.3799991607666,29.3700008392334,29.375,704,0.0,0.0
2024-08-19 11:42:00-04:00,29.375,29.38990020751953,29.375,29.383499145507812,6007,0.0,0.0
2024-08-19 11:43:00-04:00,29.389999389648438,29.399999618530273,29.389999389648438,29.399999618530273,5016,0.0,0.0
2024-08-19 11:45:00-04:00,29.420000076293945,29.420000076293945,29.420000076293945,29.420000076293945,13776,0.0,0.0
2024-08-19 11:46:00-04:00,29.420000076293945,29.420000076293945,29.40999984741211,29.420000076293945,1767,0.0,0.0
2024-08-19 11:47:00-04:00,29.41990089416504,29.43000030517578,29.4148006439209,29.43000030517578,4541,0.0,0.0
2024-08-19 11:48:00-04:00,29.43000030517578,29.440000534057617,29.43000030517578,29.440000534057617,2682,0.0,0.0
2024-08-19 11:49:00-04:00,29.440000534057617,29.440000534057617,29.434999465942383,29.440000534057617,5462,0.0,0.0
2024-08-19 11:50:00-04:00,29.439899444580078,29.450000762939453,29.439899444580078,29.440000534057617,35478,0.0,0.0
2024-08-19 11:51:00-04:00,29.440000534057617,29.441299438476562,29.440000534057617,29.441299438476562,5229,0.0,0.0
2024-08-19 11:52:00-04:00,29.449899673461914,29.449899673461914,29.440000534057617,29.44499969482422,7478,0.0,0.0
2024-08-19 11:53:00-04:00,29.44499969482422,29.447200775146484,29.440000534057617,29.44499969482422,1639,0.0,0.0
2024-08-19 11:54:00-04:00,29.44499969482422,29.44879913330078,29.440000534057617,29.44879913330078,7534,0.0,0.0
2024-08-19 11:55:00-04:00,29.44499969482422,29.459999084472656,29.43000030517578,29.454999923706055,45784,0.0,0.0
2024-08-19 11:56:00-04:00,29.454999923706055,29.459999084472656,29.450000762939453,29.454999923706055,7509,0.0,0.0
2024-08-19 11:57:00-04:00,29.454999923706055,29.454999923706055,29.440000534057617,29.446800231933594,10689,0.0,0.0
2024-08-19 11:58:00-04:00,29.44499969482422,29.459999084472656,29.44499969482422,29.459999084472656,8299,0.0,0.0
2024-08-19 11:59:00-04:00,29.459999084472656,29.469999313354492,29.45560073852539,29.46500015258789,16681,0.0,0.0
2024-08-19 12:00:00-04:00,29.469999313354492,29.469999313354492,29.44499969482422,29.44499969482422,29150,0.0,0.0
2024-08-19 12:01:00-04:00,29.434999465942383,29.449899673461914,29.434999465942383,29.449899673461914,11739,0.0,0.0
2024-08-19 12:02:00-04:00,29.44499969482422,29.450000762939453,29.44499969482422,29.44499969482422,1526,0.0,0.0
2024-08-19 12:03:00-04:00,29.44499969482422,29.44499969482422,29.43000030517578,29.434999465942383,12113,0.0,0.0
2024-08-19 12:04:00-04:00,29.43000030517578,29.430099487304688,29.420000076293945,29.426000595092773,4733,0.0,0.0
2024-08-19 12:05:00-04:00,29.424999237060547,29.434999465942383,29.420000076293945,29.43000030517578,12039,0.0,0.0
2024-08-19 12:06:00-04:00,29.434999465942383,29.434999465942383,29.43000030517578,29.434999465942383,4541,0.0,0.0
2024-08-19 12:07:00-04:00,29.434999465942383,29.43630027770996,29.420000076293945,29.420000076293945,4784,0.0,0.0
2024-08-19 12:08:00-04:00,29.420000076293945,29.43000030517578,29.420000076293945,29.43000030517578,5983,0.0,0.0
2024-08-19 12:09:00-04:00,29.440000534057617,29.44499969482422,29.43000030517578,29.44499969482422,10475,0.0,0.0
2024-08-19 12:10:00-04:00,29.450000762939453,29.459999084472656,29.450000762939453,29.459999084472656,8756,0.0,0.0
2024-08-19 12:11:00-04:00,29.459999084472656,29.459999084472656,29.454999923706055,29.459999084472656,2301,0.0,0.0
2024-08-19 12:12:00-04:00,29.459999084472656,29.459999084472656,29.450000762939453,29.454999923706055,12392,0.0,0.0
2024-08-19 12:13:00-04:00,29.450000762939453,29.454999923706055,29.450000762939453,29.454999923706055,1459,0.0,0.0
2024-08-19 12:14:00-04:00,29.459999084472656,29.475000381469727,29.454999923706055,29.454999923706055,35084,0.0,0.0
2024-08-19 12:15:00-04:00,29.454999923706055,29.469999313354492,29.450700759887695,29.469999313354492,8874,0.0,0.0
2024-08-19 12:16:00-04:00,29.46500015258789,29.469999313354492,29.46500015258789,29.469999313354492,3516,0.0,0.0
2024-08-19 12:17:00-04:00,29.459999084472656,29.469999313354492,29.459999084472656,29.469999313354492,13033,0.0,0.0
2024-08-19 12:18:00-04:00,29.459999084472656,29.469999313354492,29.459999084472656,29.469999313354492,11292,0.0,0.0
2024-08-19 12:19:00-04:00,29.469999313354492,29.469999313354492,29.454999923706055,29.459999084472656,15561,0.0,0.0
2024-08-19 12:20:00-04:00,29.46500015258789,29.469999313354492,29.464000701904297,29.469999313354492,1240,0.0,0.0
2024-08-19 12:21:00-04:00,29.46500015258789,29.46500015258789,29.459999084472656,29.46500015258789,1649,0.0,0.0
2024-08-19 12:22:00-04:00,29.46500015258789,29.46500015258789,29.454999923706055,29.454999923706055,8712,0.0,0.0
2024-08-19 12:23:00-04:00,29.454999923706055,29.454999923706055,29.440000534057617,29.440000534057617,6908,0.0,0.0
2024-08-19 12:24:00-04:00,29.440000534057617,29.449899673461914,29.440000534057617,29.44499969482422,10419,0.0,0.0
2024-08-19 12:25:00-04:00,29.44499969482422,29.454999923706055,29.44499969482422,29.454999923706055,7320,0.0,0.0
2024-08-19 12:26:00-04:00,29.454999923706055,29.458799362182617,29.450000762939453,29.450000762939453,4233,0.0,0.0
2024-08-19 12:27:00-04:00,29.454999923706055,29.459999084472656,29.450000762939453,29.455799102783203,4448,0.0,0.0
2024-08-19 12:28:00-04:00,29.459999084472656,29.475000381469727,29.454999923706055,29.475000381469727,21931,0.0,0.0
2024-08-19 12:29:00-04:00,29.475000381469727,29.479999542236328,29.469999313354492,29.479999542236328,4847,0.0,0.0
2024-08-19 12:30:00-04:00,29.475000381469727,29.479999542236328,29.469999313354492,29.475000381469727,9386,0.0,0.0
2024-08-19 12:31:00-04:00,29.469999313354492,29.469999313354492,29.459999084472656,29.46500015258789,9035,0.0,0.0
2024-08-19 12:32:00-04:00,29.46500015258789,29.46500015258789,29.454999923706055,29.454999923706055,4839,0.0,0.0
2024-08-19 12:33:00-04:00,29.454999923706055,29.459999084472656,29.450000762939453,29.454999923706055,5973,0.0,0.0
2024-08-19 12:34:00-04:00,29.450000762939453,29.450000762939453,29.424999237060547,29.424999237060547,7516,0.0,0.0
2024-08-19 12:35:00-04:00,29.420000076293945,29.440000534057617,29.420000076293945,29.434999465942383,11120,0.0,0.0
2024-08-19 12:36:00-04:00,29.434999465942383,29.439800262451172,29.43000030517578,29.430099487304688,5289,0.0,0.0
2024-08-19 12:37:00-04:00,29.434999465942383,29.439199447631836,29.434999465942383,29.439199447631836,1475,0.0,0.0
2024-08-19 12:38:00-04:00,29.434999465942383,29.439699172973633,29.43000030517578,29.43000030517578,5895,0.0,0.0
2024-08-19 12:39:00-04:00,29.43000030517578,29.434999465942383,29.43000030517578,29.434999465942383,4637,0.0,0.0
2024-08-19 12:40:00-04:00,29.43000030517578,29.435199737548828,29.43000030517578,29.43000030517578,990,0.0,0.0
2024-08-19 12:41:00-04:00,29.43000030517578,29.434999465942383,29.420000076293945,29.434999465942383,9729,0.0,0.0
2024-08-19 12:42:00-04:00,29.434999465942383,29.434999465942383,29.43000030517578,29.434999465942383,3644,0.0,0.0
2024-08-19 12:43:00-04:00,29.434999465942383,29.440000534057617,29.43000030517578,29.434999465942383,3450,0.0,0.0
2024-08-19 12:44:00-04:00,29.434999465942383,29.434999465942383,29.40999984741211,29.415000915527344,8050,0.0,0.0
2024-08-19 12:45:00-04:00,29.40999984741211,29.420000076293945,29.40999984741211,29.415000915527344,4308,0.0,0.0
2024-08-19 12:46:00-04:00,29.415000915527344,29.415000915527344,29.40999984741211,29.415000915527344,300,0.0,0.0
2024-08-19 12:47:00-04:00,29.415000915527344,29.415000915527344,29.40999984741211,29.415000915527344,3399,0.0,0.0
2024-08-19 12:48:00-04:00,29.415000915527344,29.4197998046875,29.40999984741211,29.415000915527344,5875,0.0,0.0
2024-08-19 12:49:00-04:00,29.40999984741211,29.434999465942383,29.40999984741211,29.434999465942383,16856,0.0,0.0
2024-08-19 12:50:00-04:00,29.440000534057617,29.440000534057617,29.43090057373047,29.434999465942383,3733,0.0,0.0
2024-08-19 12:51:00-04:00,29.434999465942383,29.440000534057617,29.43000030517578,29.43000030517578,6299,0.0,0.0
2024-08-19 12:52:00-04:00,29.424999237060547,29.43000030517578,29.415000915527344,29.420000076293945,24789,0.0,0.0
2024-08-19 12:53:00-04:00,29.420000076293945,29.434999465942383,29.420000076293945,29.434999465942383,11029,0.0,0.0
2024-08-19 12:54:00-04:00,29.434999465942383,29.440000534057617,29.43000030517578,29.43000030517578,5757,0.0,0.0
2024-08-19 12:55:00-04:00,29.434999465942383,29.436500549316406,29.424999237060547,29.434999465942383,7027,0.0,0.0
2024-08-19 12:56:00-04:00,29.439899444580078,29.44499969482422,29.439899444580078,29.440000534057617,4774,0.0,0.0
2024-08-19 12:57:00-04:00,29.440000534057617,29.44499969482422,29.440000534057617,29.440000534057617,1465,0.0,0.0
2024-08-19 12:58:00-04:00,29.44499969482422,29.44499969482422,29.440000534057617,29.440000534057617,8128,0.0,0.0
2024-08-19 12:59:00-04:00,29.440000534057617,29.44499969482422,29.440000534057617,29.44499969482422,4817,0.0,0.0
2024-08-19 13:00:00-04:00,29.440000534057617,29.450000762939453,29.434999465942383,29.450000762939453,16701,0.0,0.0
2024-08-19 13:01:00-04:00,29.450000762939453,29.459999084472656,29.450000762939453,29.45989990234375,34230,0.0,0.0
2024-08-19 13:02:00-04:00,29.454999923706055,29.459999084472656,29.450000762939453,29.459999084472656,1834,0.0,0.0
2024-08-19 13:03:00-04:00,29.459999084472656,29.459999084472656,29.454999923706055,29.45989990234375,811,0.0,0.0
2024-08-19 13:04:00-04:00,29.450000762939453,29.479999542236328,29.450000762939453,29.479999542236328,18696,0.0,0.0
2024-08-19 13:05:00-04:00,29.479999542236328,29.489999771118164,29.47010040283203,29.485000610351562,11084,0.0,0.0
2024-08-19 13:06:00-04:00,29.485000610351562,29.489999771118164,29.469999313354492,29.489999771118164,17519,0.0,0.0
2024-08-19 13:07:00-04:00,29.489999771118164,29.4950008392334,29.485000610351562,29.49370002746582,11218,0.0,0.0
2024-08-19 13:08:00-04:00,29.5,29.5,29.490299224853516,29.5,12144,0.0,0.0
2024-08-19 13:09:00-04:00,29.4950008392334,29.499399185180664,29.475000381469727,29.489999771118164,17782,0.0,0.0
2024-08-19 13:10:00-04:00,29.485000610351562,29.5,29.485000610351562,29.5,7351,0.0,0.0
2024-08-19 13:11:00-04:00,29.489999771118164,29.5,29.489999771118164,29.489999771118164,15376,0.0,0.0
2024-08-19 13:12:00-04:00,29.489999771118164,29.4950008392334,29.485000610351562,29.489999771118164,3397,0.0,0.0
2024-08-19 13:13:00-04:00,29.4950008392334,29.4950008392334,29.480100631713867,29.480100631713867,3360,0.0,0.0
2024-08-19 13:14:00-04:00,29.479999542236328,29.489900588989258,29.475000381469727,29.475000381469727,15722,0.0,0.0
2024-08-19 13:15:00-04:00,29.475000381469727,29.479900360107422,29.475000381469727,29.479900360107422,495,0.0,0.0
2024-08-19 13:16:00-04:00,29.475000381469727,29.479000091552734,29.474199295043945,29.475000381469727,2066,0.0,0.0
2024-08-19 13:17:00-04:00,29.469999313354492,29.469999313354492,29.459999084472656,29.461000442504883,10270,0.0,0.0
2024-08-19 13:18:00-04:00,29.459999084472656,29.459999084472656,29.450000762939453,29.454999923706055,5936,0.0,0.0
2024-08-19 13:19:00-04:00,29.45989990234375,29.45989990234375,29.450000762939453,29.454999923706055,1834,0.0,0.0
2024-08-19 13:20:00-04:00,29.458999633789062,29.458999633789062,29.44499969482422,29.44499969482422,9848,0.0,0.0
2024-08-19 13:21:00-04:00,29.444000244140625,29.459999084472656,29.444000244140625,29.459999084472656,5050,0.0,0.0
2024-08-19 13:22:00-04:00,29.46500015258789,29.469999313354492,29.46500015258789,29.46500015258789,3421,0.0,0.0
2024-08-19 13:23:00-04:00,29.469900131225586,29.469900131225586,29.459999084472656,29.46500015258789,4491,0.0,0.0
2024-08-19 13:24:00-04:00,29.4689998626709,29.469999313354492,29.459999084472656,29.46500015258789,3481,0.0,0.0
2024-08-19 13:25:00-04:00,29.46500015258789,29.46500015258789,29.450899124145508,29.454999923706055,5103,0.0,0.0
2024-08-19 13:26:00-04:00,29.454999923706055,29.459999084472656,29.450899124145508,29.459999084472656,2163,0.0,0.0
2024-08-19 13:27:00-04:00,29.454999923706055,29.469999313354492,29.454999923706055,29.469999313354492,8641,0.0,0.0
2024-08-19 13:28:00-04:00,29.461200714111328,29.46500015258789,29.459999084472656,29.46500015258789,3245,0.0,0.0
2024-08-19 13:29:00-04:00,29.459999084472656,29.469999313354492,29.459999084472656,29.469999313354492,4096,0.0,0.0
2024-08-19 13:30:00-04:00,29.46500015258789,29.479999542236328,29.46500015258789,29.469999313354492,11466,0.0,0.0
2024-08-19 13:31:00-04:00,29.46500015258789,29.46500015258789,29.451099395751953,29.451099395751953,3368,0.0,0.0
2024-08-19 13:32:00-04:00,29.455299377441406,29.479000091552734,29.454999923706055,29.475000381469727,12093,0.0,0.0
2024-08-19 13:33:00-04:00,29.475000381469727,29.479999542236328,29.469999313354492,29.475900650024414,1341,0.0,0.0
2024-08-19 13:34:00-04:00,29.469999313354492,29.475000381469727,29.469999313354492,29.475000381469727,982,0.0,0.0
2024-08-19 13:35:00-04:00,29.469999313354492,29.469999313354492,29.459999084472656,29.469900131225586,4113,0.0,0.0
2024-08-19 13:36:00-04:00,29.46500015258789,29.469999313354492,29.459999084472656,29.469999313354492,8558,0.0,0.0
2024-08-19 13:37:00-04:00,29.459999084472656,29.469999313354492,29.459999084472656,29.469999313354492,3914,0.0,0.0
2024-08-19 13:38:00-04:00,29.4689998626709,29.479999542236328,29.4689998626709,29.479999542236328,6243,0.0,0.0
2024-08-19 13:39:00-04:00,29.475000381469727,29.479999542236328,29.475000381469727,29.479900360107422,8317,0.0,0.0
2024-08-19 13:40:00-04:00,29.479999542236328,29.5,29.475000381469727,29.4950008392334,45740,0.0,0.0
2024-08-19 13:41:00-04:00,29.4950008392334,29.5,29.489999771118164,29.489999771118164,19002,0.0,0.0
2024-08-19 13:42:00-04:00,29.493799209594727,29.510000228881836,29.493799209594727,29.5049991607666,38486,0.0,0.0
2024-08-19 13:43:00-04:00,29.510000228881836,29.510000228881836,29.5049991607666,29.5049991607666,913,0.0,0.0
2024-08-19 13:44:00-04:00,29.510000228881836,29.510000228881836,29.5,29.510000228881836,4102,0.0,0.0
2024-08-19 13:45:00-04:00,29.5049991607666,29.510000228881836,29.489999771118164,29.489999771118164,13616,0.0,0.0
2024-08-19 13:46:00-04:00,29.489999771118164,29.489999771118164,29.479999542236328,29.489999771118164,12819,0.0,0.0
2024-08-19 13:47:00-04:00,29.4950008392334,29.510000228881836,29.4950008392334,29.510000228881836,7862,0.0,0.0
2024-08-19 13:48:00-04:00,29.5,29.5,29.49340057373047,29.499900817871094,3390,0.0,0.0
2024-08-19 13:49:00-04:00,29.5,29.5,29.489999771118164,29.489999771118164,3683,0.0,0.0
2024-08-19 13:50:00-04:00,29.489999771118164,29.4950008392334,29.485000610351562,29.489999771118164,14113,0.0,0.0
2024-08-19 13:51:00-04:00,29.4950008392334,29.5,29.4950008392334,29.5,2527,0.0,0.0
2024-08-19 13:52:00-04:00,29.4950008392334,29.5,29.4950008392334,29.4950008392334,3884,0.0,0.0
2024-08-19 13:53:00-04:00,29.5,29.5,29.485000610351562,29.485000610351562,6736,0.0,0.0
2024-08-19 13:54:00-04:00,29.479999542236328,29.4950008392334,29.479999542236328,29.4950008392334,8215,0.0,0.0
2024-08-19 13:55:00-04:00,29.4950008392334,29.5,29.4950008392334,29.5,832,0.0,0.0
2024-08-19 13:56:00-04:00,29.5,29.510000228881836,29.5,29.5049991607666,16148,0.0,0.0
2024-08-19 13:57:00-04:00,29.5049991607666,29.510000228881836,29.5,29.510000228881836,1831,0.0,0.0
2024-08-19 13:58:00-04:00,29.5049991607666,29.520000457763672,29.5049991607666,29.514999389648438,47450,0.0,0.0
2024-08-19 13:59:00-04:00,29.520000457763672,29.540000915527344,29.514999389648438,29.520000457763672,30580,0.0,0.0
2024-08-19 14:00:00-04:00,29.524999618530273,29.530000686645508,29.52090072631836,29.52899932861328,3383,0.0,0.0
2024-08-19 14:01:00-04:00,29.530000686645508,29.53499984741211,29.524999618530273,29.53499984741211,9081,0.0,0.0
2024-08-19 14:02:00-04:00,29.53499984741211,29.53499984741211,29.53499984741211,29.53499984741211,1209,0.0,0.0
2024-08-19 14:03:00-04:00,29.53499984741211,29.540000915527344,29.53499984741211,29.53499984741211,6792,0.0,0.0
2024-08-19 14:04:00-04:00,29.53510093688965,29.540000915527344,29.530000686645508,29.53499984741211,4930,0.0,0.0
2024-08-19 14:05:00-04:00,29.53499984741211,29.540000915527344,29.524999618530273,29.524999618530273,17419,0.0,0.0
2024-08-19 14:06:00-04:00,29.524999618530273,29.530000686645508,29.520000457763672,29.530000686645508,2277,0.0,0.0
2024-08-19 14:07:00-04:00,29.524999618530273,29.530000686645508,29.520000457763672,29.524999618530273,2715,0.0,0.0
2024-08-19 14:08:00-04:00,29.524999618530273,29.530000686645508,29.520000457763672,29.530000686645508,4791,0.0,0.0
2024-08-19 14:09:00-04:00,29.52899932861328,29.530000686645508,29.520000457763672,29.524999618530273,13401,0.0,0.0
2024-08-19 14:10:00-04:00,29.524999618530273,29.53499984741211,29.524999618530273,29.53499984741211,8986,0.0,0.0
2024-08-19 14:11:00-04:00,29.53499984741211,29.540000915527344,29.53499984741211,29.53499984741211,6627,0.0,0.0
2024-08-19 14:12:00-04:00,29.540000915527344,29.549999237060547,29.53499984741211,29.549999237060547,32257,0.0,0.0
2024-08-19 14:13:00-04:00,29.549999237060547,29.549999237060547,29.54010009765625,29.549999237060547,4108,0.0,0.0
2024-08-19 14:14:00-04:00,29.549999237060547,29.549999237060547,29.540000915527344,29.549999237060547,7201,0.0,0.0
2024-08-19 14:15:00-04:00,29.545000076293945,29.549999237060547,29.540000915527344,29.545000076293945,3198,0.0,0.0
2024-08-19 14:16:00-04:00,29.549999237060547,29.549999237060547,29.541000366210938,29.545000076293945,18116,0.0,0.0
2024-08-19 14:17:00-04:00,29.549999237060547,29.549999237060547,29.54129981994629,29.545000076293945,3791,0.0,0.0
2024-08-19 14:18:00-04:00,29.549999237060547,29.549999237060547,29.545000076293945,29.545000076293945,3359,0.0,0.0
2024-08-19 14:19:00-04:00,29.545000076293945,29.549999237060547,29.53499984741211,29.535999298095703,19224,0.0,0.0
2024-08-19 14:20:00-04:00,29.53499984741211,29.545000076293945,29.53499984741211,29.54129981994629,9500,0.0,0.0
2024-08-19 14:21:00-04:00,29.545000076293945,29.549999237060547,29.545000076293945,29.549999237060547,2748,0.0,0.0
2024-08-19 14:22:00-04:00,29.549999237060547,29.56999969482422,29.549999237060547,29.56999969482422,21795,0.0,0.0
2024-08-19 14:23:00-04:00,29.56999969482422,29.59000015258789,29.565000534057617,29.59000015258789,7390,0.0,0.0
2024-08-19 14:24:00-04:00,29.59000015258789,29.59000015258789,29.56999969482422,29.575000762939453,15227,0.0,0.0
2024-08-19 14:25:00-04:00,29.575000762939453,29.57990074157715,29.56999969482422,29.56999969482422,5005,0.0,0.0
2024-08-19 14:26:00-04:00,29.575000762939453,29.575000762939453,29.56999969482422,29.57110023498535,2204,0.0,0.0
2024-08-19 14:27:00-04:00,29.56999969482422,29.576400756835938,29.56999969482422,29.56999969482422,5983,0.0,0.0
2024-08-19 14:28:00-04:00,29.575000762939453,29.579999923706055,29.56999969482422,29.57309913635254,4977,0.0,0.0
2024-08-19 14:29:00-04:00,29.579999923706055,29.59000015258789,29.575000762939453,29.584999084472656,5133,0.0,0.0
2024-08-19 14:30:00-04:00,29.584999084472656,29.594999313354492,29.579999923706055,29.584999084472656,38127,0.0,0.0
2024-08-19 14:31:00-04:00,29.584999084472656,29.59000015258789,29.58009910583496,29.59000015258789,5490,0.0,0.0
2024-08-19 14:32:00-04:00,29.579999923706055,29.59000015258789,29.579999923706055,29.584999084472656,1995,0.0,0.0
2024-08-19 14:33:00-04:00,29.59000015258789,29.59000015258789,29.579999923706055,29.579999923706055,5178,0.0,0.0
2024-08-19 14:34:00-04:00,29.59000015258789,29.59000015258789,29.580699920654297,29.584999084472656,14267,0.0,0.0
2024-08-19 14:35:00-04:00,29.59000015258789,29.610000610351562,29.59000015258789,29.610000610351562,36502,0.0,0.0
2024-08-19 14:36:00-04:00,29.604999542236328,29.610000610351562,29.601299285888672,29.604999542236328,18775,0.0,0.0
2024-08-19 14:37:00-04:00,29.600000381469727,29.604999542236328,29.59000015258789,29.594999313354492,27724,0.0,0.0
2024-08-19 14:38:00-04:00,29.590299606323242,29.600000381469727,29.59000015258789,29.594999313354492,5631,0.0,0.0
2024-08-19 14:39:00-04:00,29.594999313354492,29.600000381469727,29.59000015258789,29.594999313354492,2725,0.0,0.0
2024-08-19 14:40:00-04:00,29.594999313354492,29.600000381469727,29.579999923706055,29.600000381469727,37619,0.0,0.0
2024-08-19 14:41:00-04:00,29.600000381469727,29.610000610351562,29.594900131225586,29.600000381469727,30829,0.0,0.0
2024-08-19 14:42:00-04:00,29.600000381469727,29.610000610351562,29.591100692749023,29.604999542236328,12775,0.0,0.0
2024-08-19 14:43:00-04:00,29.604999542236328,29.610000610351562,29.594999313354492,29.594999313354492,11558,0.0,0.0
2024-08-19 14:44:00-04:00,29.597900390625,29.597900390625,29.579999923706055,29.584999084472656,28931,0.0,0.0
2024-08-19 14:45:00-04:00,29.584999084472656,29.584999084472656,29.575000762939453,29.575000762939453,13489,0.0,0.0
2024-08-19 14:46:00-04:00,29.573400497436523,29.59000015258789,29.573400497436523,29.59000015258789,12895,0.0,0.0
2024-08-19 14:47:00-04:00,29.584999084472656,29.584999084472656,29.579999923706055,29.579999923706055,4127,0.0,0.0
2024-08-19 14:48:00-04:00,29.58989906311035,29.58989906311035,29.56999969482422,29.575000762939453,14532,0.0,0.0
2024-08-19 14:49:00-04:00,29.575000762939453,29.579999923706055,29.56999969482422,29.575000762939453,7506,0.0,0.0
2024-08-19 14:50:00-04:00,29.575000762939453,29.579999923706055,29.56999969482422,29.56999969482422,3323,0.0,0.0
2024-08-19 14:51:00-04:00,29.57469940185547,29.579999923706055,29.57069969177246,29.575000762939453,5286,0.0,0.0
2024-08-19 14:52:00-04:00,29.579999923706055,29.579999923706055,29.575000762939453,29.575000762939453,3770,0.0,0.0
2024-08-19 14:53:00-04:00,29.56999969482422,29.579999923706055,29.56999969482422,29.575000762939453,4811,0.0,0.0
2024-08-19 14:54:00-04:00,29.579999923706055,29.579999923706055,29.56999969482422,29.575000762939453,8674,0.0,0.0
2024-08-19 14:55:00-04:00,29.575000762939453,29.579999923706055,29.56999969482422,29.570100784301758,11154,0.0,0.0
2024-08-19 14:56:00-04:00,29.56999969482422,29.579999923706055,29.56999969482422,29.570999145507812,39065,0.0,0.0
2024-08-19 14:57:00-04:00,29.575000762939453,29.579999923706055,29.56999969482422,29.56999969482422,5892,0.0,0.0
2024-08-19 14:58:00-04:00,29.575000762939453,29.584999084472656,29.575000762939453,29.584999084472656,12359,0.0,0.0
2024-08-19 14:59:00-04:00,29.584999084472656,29.59000015258789,29.584999084472656,29.59000015258789,3422,0.0,0.0
2024-08-19 15:00:00-04:00,29.582199096679688,29.59000015258789,29.581100463867188,29.584999084472656,3585,0.0,0.0
2024-08-19 15:01:00-04:00,29.584999084472656,29.59000015258789,29.579999923706055,29.579999923706055,2037,0.0,0.0
2024-08-19 15:02:00-04:00,29.59000015258789,29.59000015258789,29.579999923706055,29.579999923706055,2365,0.0,0.0
2024-08-19 15:03:00-04:00,29.59000015258789,29.59000015258789,29.570100784301758,29.575000762939453,18152,0.0,0.0
2024-08-19 15:04:00-04:00,29.56999969482422,29.579999923706055,29.56999969482422,29.575000762939453,10967,0.0,0.0
2024-08-19 15:05:00-04:00,29.575000762939453,29.579999923706055,29.56999969482422,29.575000762939453,11382,0.0,0.0
2024-08-19 15:06:00-04:00,29.575000762939453,29.579999923706055,29.56999969482422,29.579999923706055,55006,0.0,0.0
2024-08-19 15:07:00-04:00,29.579999923706055,29.579999923706055,29.56999969482422,29.579999923706055,11229,0.0,0.0
2024-08-19 15:08:00-04:00,29.575000762939453,29.579999923706055,29.56999969482422,29.575000762939453,5521,0.0,0.0
2024-08-19 15:09:00-04:00,29.579999923706055,29.579999923706055,29.56999969482422,29.575000762939453,26202,0.0,0.0
2024-08-19 15:10:00-04:00,29.570100784301758,29.59000015258789,29.56999969482422,29.584999084472656,23323,0.0,0.0
2024-08-19 15:11:00-04:00,29.584999084472656,29.59000015258789,29.579999923706055,29.579999923706055,20325,0.0,0.0
2024-08-19 15:12:00-04:00,29.584999084472656,29.584999084472656,29.56999969482422,29.579999923706055,24209,0.0,0.0
2024-08-19 15:13:00-04:00,29.573299407958984,29.57670021057129,29.56999969482422,29.575000762939453,5772,0.0,0.0
2024-08-19 15:14:00-04:00,29.575000762939453,29.579999923706055,29.575000762939453,29.575000762939453,10300,0.0,0.0
2024-08-19 15:15:00-04:00,29.575000762939453,29.579999923706055,29.575000762939453,29.579999923706055,2368,0.0,0.0
2024-08-19 15:16:00-04:00,29.579999923706055,29.579999923706055,29.56999969482422,29.579999923706055,5415,0.0,0.0
2024-08-19 15:17:00-04:00,29.574800491333008,29.579999923706055,29.570100784301758,29.579999923706055,8395,0.0,0.0
2024-08-19 15:18:00-04:00,29.579999923706055,29.579999923706055,29.56999969482422,29.579999923706055,3321,0.0,0.0
2024-08-19 15:19:00-04:00,29.579999923706055,29.579999923706055,29.575000762939453,29.575000762939453,2656,0.0,0.0
2024-08-19 15:20:00-04:00,29.57979965209961,29.579999923706055,29.56999969482422,29.575000762939453,9455,0.0,0.0
2024-08-19 15:21:00-04:00,29.579999923706055,29.579999923706055,29.570600509643555,29.579999923706055,4932,0.0,0.0
2024-08-19 15:22:00-04:00,29.575000762939453,29.579999923706055,29.570899963378906,29.575000762939453,3801,0.0,0.0
2024-08-19 15:23:00-04:00,29.575000762939453,29.579999923706055,29.575000762939453,29.579999923706055,10653,0.0,0.0
2024-08-19 15:24:00-04:00,29.579999923706055,29.579999923706055,29.572500228881836,29.579999923706055,7770,0.0,0.0
2024-08-19 15:25:00-04:00,29.579999923706055,29.579999923706055,29.575000762939453,29.579999923706055,17367,0.0,0.0
2024-08-19 15:26:00-04:00,29.570600509643555,29.579999923706055,29.559999465942383,29.56999969482422,33723,0.0,0.0
2024-08-19 15:27:00-04:00,29.565000534057617,29.579999923706055,29.565000534057617,29.575000762939453,31629,0.0,0.0
2024-08-19 15:28:00-04:00,29.575000762939453,29.579999923706055,29.575000762939453,29.575000762939453,9667,0.0,0.0
2024-08-19 15:29:00-04:00,29.575000762939453,29.579999923706055,29.56999969482422,29.579999923706055,7412,0.0,0.0
2024-08-19 15:30:00-04:00,29.575000762939453,29.610000610351562,29.571300506591797,29.600000381469727,26179,0.0,0.0
2024-08-19 15:31:00-04:00,29.604999542236328,29.604999542236328,29.579999923706055,29.580900192260742,31982,0.0,0.0
2024-08-19 15:32:00-04:00,29.59000015258789,29.59000015258789,29.579999923706055,29.579999923706055,7286,0.0,0.0
2024-08-19 15:33:00-04:00,29.579999923706055,29.579999923706055,29.56999969482422,29.56999969482422,11745,0.0,0.0
2024-08-19 15:34:00-04:00,29.56999969482422,29.56999969482422,29.540000915527344,29.540000915527344,8547,0.0,0.0
2024-08-19 15:35:00-04:00,29.545000076293945,29.545000076293945,29.514999389648438,29.520000457763672,21675,0.0,0.0
2024-08-19 15:36:00-04:00,29.520000457763672,29.524999618530273,29.514999389648438,29.520000457763672,5814,0.0,0.0
2024-08-19 15:37:00-04:00,29.524999618530273,29.530000686645508,29.520000457763672,29.520000457763672,9725,0.0,0.0
2024-08-19 15:38:00-04:00,29.520000457763672,29.520000457763672,29.5,29.5,18200,0.0,0.0
2024-08-19 15:39:00-04:00,29.5,29.509000778198242,29.5,29.5,6491,0.0,0.0
2024-08-19 15:40:00-04:00,29.5,29.5049991607666,29.5,29.5,4795,0.0,0.0
2024-08-19 15:41:00-04:00,29.5,29.5049991607666,29.489999771118164,29.4950008392334,11792,0.0,0.0
2024-08-19 15:42:00-04:00,29.4950008392334,29.5,29.489999771118164,29.4950008392334,11107,0.0,0.0
2024-08-19 15:43:00-04:00,29.4950008392334,29.49519920349121,29.489999771118164,29.4950008392334,5933,0.0,0.0
2024-08-19 15:44:00-04:00,29.490100860595703,29.4950008392334,29.489999771118164,29.4950008392334,4935,0.0,0.0
2024-08-19 15:45:00-04:00,29.4950008392334,29.5,29.489999771118164,29.4950008392334,12478,0.0,0.0
2024-08-19 15:46:00-04:00,29.4950008392334,29.5,29.489999771118164,29.4950008392334,9887,0.0,0.0
2024-08-19 15:47:00-04:00,29.4950008392334,29.4950008392334,29.469999313354492,29.469999313354492,38718,0.0,0.0
2024-08-19 15:48:00-04:00,29.469999313354492,29.469999313354492,29.440000534057617,29.440000534057617,51597,0.0,0.0
2024-08-19 15:49:00-04:00,29.440000534057617,29.450000762939453,29.434999465942383,29.434999465942383,40188,0.0,0.0
2024-08-19 15:50:00-04:00,29.434999465942383,29.459999084472656,29.434999465942383,29.44499969482422,55731,0.0,0.0
2024-08-19 15:51:00-04:00,29.445199966430664,29.450000762939453,29.420000076293945,29.424999237060547,34748,0.0,0.0
2024-08-19 15:52:00-04:00,29.424999237060547,29.440000534057617,29.420000076293945,29.440000534057617,18896,0.0,0.0
2024-08-19 15:53:00-04:00,29.434999465942383,29.440000534057617,29.43000030517578,29.43000030517578,4747,0.0,0.0
2024-08-19 15:54:00-04:00,29.434999465942383,29.440000534057617,29.420000076293945,29.424999237060547,25443,0.0,0.0
2024-08-19 15:55:00-04:00,29.424999237060547,29.43000030517578,29.420000076293945,29.43000030517578,14270,0.0,0.0
2024-08-19 15:56:00-04:00,29.43000030517578,29.440000534057617,29.43000030517578,29.434999465942383,50069,0.0,0.0
2024-08-19 15:57:00-04:00,29.434999465942383,29.44499969482422,29.43000030517578,29.43000030517578,51651,0.0,0.0
2024-08-19 15:58:00-04:00,29.434999465942383,29.450000762939453,29.424999237060547,29.44499969482422,137357,0.0,0.0
2024-08-19 15:59:00-04:00,29.44499969482422,29.44499969482422,29.43000030517578,29.440000534057617,56446,0.0,0.0
2024-08-20 09:30:00-04:00,29.459999084472656,29.489999771118164,29.459999084472656,29.471099853515625,50067,0.0,0.0
2024-08-20 09:31:00-04:00,29.459999084472656,29.459999084472656,29.40999984741211,29.424400329589844,11330,0.0,0.0
2024-08-20 09:32:00-04:00,29.424999237060547,29.429800033569336,29.40999984741211,29.40999984741211,5418,0.0,0.0
2024-08-20 09:33:00-04:00,29.40999984741211,29.420000076293945,29.399999618530273,29.40999984741211,2323,0.0,0.0
2024-08-20 09:34:00-04:00,29.40999984741211,29.40999984741211,29.3700008392334,29.389999389648438,6620,0.0,0.0
2024-08-20 09:35:00-04:00,29.389999389648438,29.40999984741211,29.3799991607666,29.405000686645508,10725,0.0,0.0
2024-08-20 09:36:00-04:00,29.399999618530273,29.405000686645508,29.395000457763672,29.405000686645508,4011,0.0,0.0
2024-08-20 09:37:00-04:00,29.389999389648438,29.399999618530273,29.389999389648438,29.399999618530273,4021,0.0,0.0
2024-08-20 09:38:00-04:00,29.3799991607666,29.399999618530273,29.3799991607666,29.399999618530273,2756,0.0,0.0
2024-08-20 09:39:00-04:00,29.40839958190918,29.40999984741211,29.405000686645508,29.405000686645508,3039,0.0,0.0
2024-08-20 09:40:00-04:00,29.399999618530273,29.399999618530273,29.389999389648438,29.389999389648438,1513,0.0,0.0
2024-08-20 09:41:00-04:00,29.395000457763672,29.395000457763672,29.390100479125977,29.390100479125977,975,0.0,0.0
2024-08-20 09:42:00-04:00,29.399900436401367,29.405000686645508,29.389999389648438,29.389999389648438,3652,0.0,0.0
2024-08-20 09:43:00-04:00,29.389999389648438,29.389999389648438,29.3700008392334,29.3700008392334,2515,0.0,0.0
2024-08-20 09:44:00-04:00,29.370100021362305,29.37540054321289,29.3700008392334,29.370100021362305,3228,0.0,0.0
2024-08-20 09:45:00-04:00,29.3700008392334,29.375,29.350000381469727,29.351999282836914,10300,0.0,0.0
2024-08-20 09:46:00-04:00,29.359899520874023,29.3700008392334,29.350000381469727,29.364999771118164,12794,0.0,0.0
2024-08-20 09:47:00-04:00,29.360000610351562,29.360000610351562,29.34000015258789,29.34000015258789,5934,0.0,0.0
2024-08-20 09:48:00-04:00,29.34000015258789,29.341999053955078,29.34000015258789,29.341999053955078,2609,0.0,0.0
2024-08-20 09:49:00-04:00,29.34000015258789,29.34000015258789,29.34000015258789,29.34000015258789,2117,0.0,0.0
2024-08-20 09:50:00-04:00,29.329999923706055,29.34079933166504,29.329999923706055,29.34079933166504,6534,0.0,0.0
2024-08-20 09:51:00-04:00,29.340499877929688,29.348600387573242,29.340200424194336,29.34510040283203,5578,0.0,0.0
2024-08-20 09:52:00-04:00,29.344999313354492,29.344999313354492,29.334999084472656,29.344999313354492,1823,0.0,0.0
2024-08-20 09:53:00-04:00,29.344999313354492,29.375,29.344999313354492,29.375,8478,0.0,0.0
2024-08-20 09:54:00-04:00,29.375,29.3799991607666,29.3700008392334,29.375,3544,0.0,0.0
2024-08-20 09:55:00-04:00,29.3700008392334,29.3700008392334,29.366300582885742,29.3700008392334,2101,0.0,0.0
2024-08-20 09:56:00-04:00,29.3700008392334,29.3700008392334,29.360000610351562,29.362499237060547,3748,0.0,0.0
2024-08-20 09:57:00-04:00,29.360000610351562,29.3700008392334,29.340299606323242,29.340299606323242,10572,0.0,0.0
2024-08-20 09:58:00-04:00,29.34000015258789,29.34000015258789,29.309999465942383,29.314699172973633,23222,0.0,0.0
2024-08-20 09:59:00-04:00,29.309999465942383,29.316499710083008,29.309999465942383,29.309999465942383,827,0.0,0.0
2024-08-20 10:00:00-04:00,29.315000534057617,29.31999969482422,29.309999465942383,29.309999465942383,1621,0.0,0.0
2024-08-20 10:01:00-04:00,29.309999465942383,29.34000015258789,29.309999465942383,29.34000015258789,4916,0.0,0.0
2024-08-20 10:02:00-04:00,29.349300384521484,29.349300384521484,29.34000015258789,29.340099334716797,2183,0.0,0.0
2024-08-20 10:03:00-04:00,29.34000015258789,29.3439998626709,29.325000762939453,29.327499389648438,2867,0.0,0.0
2024-08-20 10:04:00-04:00,29.31999969482422,29.31999969482422,29.309999465942383,29.315000534057617,3120,0.0,0.0
2024-08-20 10:05:00-04:00,29.315000534057617,29.31999969482422,29.290000915527344,29.290000915527344,11437,0.0,0.0
2024-08-20 10:06:00-04:00,29.280000686645508,29.289899826049805,29.280000686645508,29.280000686645508,2506,0.0,0.0
2024-08-20 10:07:00-04:00,29.28499984741211,29.28499984741211,29.280000686645508,29.28499984741211,4355,0.0,0.0
2024-08-20 10:08:00-04:00,29.28499984741211,29.28499984741211,29.280000686645508,29.280000686645508,806,0.0,0.0
2024-08-20 10:09:00-04:00,29.280000686645508,29.28499984741211,29.260000228881836,29.270000457763672,11120,0.0,0.0
2024-08-20 10:10:00-04:00,29.270000457763672,29.290000915527344,29.270000457763672,29.28499984741211,6643,0.0,0.0
2024-08-20 10:11:00-04:00,29.290000915527344,29.299999237060547,29.28499984741211,29.295000076293945,3515,0.0,0.0
2024-08-20 10:12:00-04:00,29.29990005493164,29.29990005493164,29.295000076293945,29.295000076293945,476,0.0,0.0
2024-08-20 10:13:00-04:00,29.290700912475586,29.299999237060547,29.290000915527344,29.290000915527344,8240,0.0,0.0
2024-08-20 10:14:00-04:00,29.29050064086914,29.29050064086914,29.280000686645508,29.280000686645508,3776,0.0,0.0
2024-08-20 10:15:00-04:00,29.270000457763672,29.274999618530273,29.270000457763672,29.274999618530273,616,0.0,0.0
2024-08-20 10:16:00-04:00,29.274999618530273,29.274999618530273,29.260000228881836,29.264999389648438,5741,0.0,0.0
2024-08-20 10:17:00-04:00,29.264999389648438,29.270000457763672,29.260000228881836,29.260000228881836,14410,0.0,0.0
2024-08-20 10:18:00-04:00,29.264999389648438,29.264999389648438,29.219999313354492,29.219999313354492,7732,0.0,0.0
2024-08-20 10:19:00-04:00,29.209999084472656,29.209999084472656,29.200000762939453,29.200000762939453,10385,0.0,0.0
2024-08-20 10:20:00-04:00,29.194900512695312,29.194900512695312,29.190000534057617,29.190000534057617,1053,0.0,0.0
2024-08-20 10:21:00-04:00,29.190000534057617,29.209999084472656,29.190000534057617,29.204999923706055,11091,0.0,0.0
2024-08-20 10:22:00-04:00,29.20989990234375,29.209999084472656,29.200000762939453,29.200000762939453,4812,0.0,0.0
2024-08-20 10:23:00-04:00,29.204999923706055,29.21500015258789,29.200000762939453,29.200000762939453,8494,0.0,0.0
2024-08-20 10:24:00-04:00,29.200000762939453,29.20989990234375,29.19070053100586,29.19070053100586,4297,0.0,0.0
2024-08-20 10:25:00-04:00,29.19499969482422,29.195999145507812,29.190000534057617,29.19499969482422,2238,0.0,0.0
2024-08-20 10:26:00-04:00,29.19499969482422,29.199899673461914,29.190000534057617,29.199199676513672,3498,0.0,0.0
2024-08-20 10:27:00-04:00,29.19499969482422,29.209999084472656,29.19499969482422,29.200000762939453,7008,0.0,0.0
2024-08-20 10:28:00-04:00,29.200000762939453,29.200000762939453,29.19499969482422,29.200000762939453,11497,0.0,0.0
2024-08-20 10:29:00-04:00,29.200000762939453,29.219999313354492,29.19339942932129,29.209999084472656,10666,0.0,0.0
2024-08-20 10:30:00-04:00,29.219900131225586,29.219900131225586,29.19499969482422,29.19499969482422,3718,0.0,0.0
2024-08-20 10:31:00-04:00,29.19499969482422,29.200000762939453,29.190000534057617,29.200000762939453,3494,0.0,0.0
2024-08-20 10:32:00-04:00,29.204999923706055,29.209999084472656,29.200000762939453,29.200000762939453,5891,0.0,0.0
2024-08-20 10:33:00-04:00,29.200000762939453,29.200000762939453,29.18000030517578,29.186800003051758,17216,0.0,0.0
2024-08-20 10:34:00-04:00,29.18400001525879,29.184999465942383,29.18000030517578,29.184999465942383,2288,0.0,0.0
2024-08-20 10:35:00-04:00,29.185400009155273,29.185400009155273,29.18000030517578,29.18000030517578,1439,0.0,0.0
2024-08-20 10:36:00-04:00,29.188499450683594,29.189899444580078,29.18120002746582,29.184999465942383,5126,0.0,0.0
2024-08-20 10:37:00-04:00,29.184999465942383,29.184999465942383,29.18000030517578,29.18000030517578,3006,0.0,0.0
2024-08-20 10:38:00-04:00,29.184999465942383,29.190000534057617,29.174999237060547,29.174999237060547,12386,0.0,0.0
2024-08-20 10:39:00-04:00,29.170000076293945,29.177799224853516,29.15999984741211,29.177799224853516,7965,0.0,0.0
2024-08-20 10:40:00-04:00,29.18000030517578,29.184999465942383,29.18000030517578,29.184999465942383,1822,0.0,0.0
2024-08-20 10:41:00-04:00,29.18000030517578,29.184999465942383,29.18000030517578,29.18000030517578,1580,0.0,0.0
2024-08-20 10:42:00-04:00,29.179000854492188,29.179000854492188,29.170000076293945,29.174999237060547,2152,0.0,0.0
2024-08-20 10:43:00-04:00,29.170000076293945,29.174999237060547,29.15999984741211,29.165000915527344,3505,0.0,0.0
2024-08-20 10:44:00-04:00,29.165000915527344,29.165000915527344,29.15999984741211,29.161100387573242,2074,0.0,0.0
2024-08-20 10:45:00-04:00,29.165000915527344,29.165000915527344,29.1200008392334,29.1200008392334,19477,0.0,0.0
2024-08-20 10:46:00-04:00,29.125,29.141000747680664,29.125,29.1299991607666,10882,0.0,0.0
2024-08-20 10:47:00-04:00,29.135000228881836,29.135000228881836,29.1299991607666,29.1299991607666,910,0.0,0.0
2024-08-20 10:48:00-04:00,29.13990020751953,29.145000457763672,29.1299991607666,29.139999389648438,8323,0.0,0.0
2024-08-20 10:49:00-04:00,29.135000228881836,29.135000228881836,29.1299991607666,29.135000228881836,1482,0.0,0.0
2024-08-20 10:50:00-04:00,29.135000228881836,29.13990020751953,29.1299991607666,29.135000228881836,5709,0.0,0.0
2024-08-20 10:51:00-04:00,29.135000228881836,29.149999618530273,29.1299991607666,29.149900436401367,15176,0.0,0.0
2024-08-20 10:52:00-04:00,29.139999389648438,29.149999618530273,29.139999389648438,29.140300750732422,2925,0.0,0.0
2024-08-20 10:53:00-04:00,29.145000457763672,29.149999618530273,29.139999389648438,29.145000457763672,1152,0.0,0.0
2024-08-20 10:54:00-04:00,29.145000457763672,29.155000686645508,29.1299991607666,29.135000228881836,19418,0.0,0.0
2024-08-20 10:55:00-04:00,29.1299991607666,29.149900436401367,29.125,29.149900436401367,7207,0.0,0.0
2024-08-20 10:56:00-04:00,29.149999618530273,29.15999984741211,29.149999618530273,29.152799606323242,5477,0.0,0.0
2024-08-20 10:57:00-04:00,29.149999618530273,29.15999984741211,29.149999618530273,29.149999618530273,12805,0.0,0.0
2024-08-20 10:58:00-04:00,29.155000686645508,29.170000076293945,29.155000686645508,29.163999557495117,9302,0.0,0.0
2024-08-20 10:59:00-04:00,29.165000915527344,29.166000366210938,29.15999984741211,29.15999984741211,1565,0.0,0.0
2024-08-20 11:00:00-04:00,29.184999465942383,29.184999465942383,29.174999237060547,29.184999465942383,9269,0.0,0.0
2024-08-20 11:01:00-04:00,29.19499969482422,29.200000762939453,29.190000534057617,29.19499969482422,2914,0.0,0.0
2024-08-20 11:02:00-04:00,29.19499969482422,29.19499969482422,29.174999237060547,29.174999237060547,6412,0.0,0.0
2024-08-20 11:03:00-04:00,29.17009925842285,29.190000534057617,29.17009925842285,29.184999465942383,3353,0.0,0.0
2024-08-20 11:04:00-04:00,29.184999465942383,29.200000762939453,29.174999237060547,29.190000534057617,10707,0.0,0.0
2024-08-20 11:05:00-04:00,29.19499969482422,29.19499969482422,29.184999465942383,29.19499969482422,1255,0.0,0.0
2024-08-20 11:06:00-04:00,29.200000762939453,29.235000610351562,29.200000762939453,29.225000381469727,6744,0.0,0.0
2024-08-20 11:07:00-04:00,29.229999542236328,29.229999542236328,29.209999084472656,29.219900131225586,4459,0.0,0.0
2024-08-20 11:08:00-04:00,29.209999084472656,29.209999084472656,29.200000762939453,29.200000762939453,2402,0.0,0.0
2024-08-20 11:09:00-04:00,29.19499969482422,29.200000762939453,29.190000534057617,29.19499969482422,1862,0.0,0.0
2024-08-20 11:10:00-04:00,29.190000534057617,29.19499969482422,29.18000030517578,29.18000030517578,3114,0.0,0.0
2024-08-20 11:11:00-04:00,29.18000030517578,29.189300537109375,29.15999984741211,29.15999984741211,9084,0.0,0.0
2024-08-20 11:12:00-04:00,29.16010093688965,29.190000534057617,29.15999984741211,29.18000030517578,13050,0.0,0.0
2024-08-20 11:13:00-04:00,29.18000030517578,29.18000030517578,29.15999984741211,29.165000915527344,4968,0.0,0.0
2024-08-20 11:14:00-04:00,29.160200119018555,29.160200119018555,29.1200008392334,29.1200008392334,135410,0.0,0.0
2024-08-20 11:15:00-04:00,29.1200008392334,29.1299991607666,29.110000610351562,29.1200008392334,13732,0.0,0.0
2024-08-20 11:16:00-04:00,29.125,29.139999389648438,29.100000381469727,29.139999389648438,19591,0.0,0.0
2024-08-20 11:17:00-04:00,29.1299991607666,29.136499404907227,29.1200008392334,29.135000228881836,8215,0.0,0.0
2024-08-20 11:18:00-04:00,29.135000228881836,29.15999984741211,29.1299991607666,29.15999984741211,13796,0.0,0.0
2024-08-20 11:19:00-04:00,29.149999618530273,29.155000686645508,29.114999771118164,29.125,36635,0.0,0.0
2024-08-20 11:20:00-04:00,29.110000610351562,29.145000457763672,29.110000610351562,29.145000457763672,7498,0.0,0.0
2024-08-20 11:21:00-04:00,29.139999389648438,29.15999984741211,29.139999389648438,29.145000457763672,14818,0.0,0.0
2024-08-20 11:22:00-04:00,29.139999389648438,29.174999237060547,29.139999389648438,29.173900604248047,14743,0.0,0.0
2024-08-20 11:23:00-04:00,29.174999237060547,29.174999237060547,29.165000915527344,29.165000915527344,1347,0.0,0.0
2024-08-20 11:24:00-04:00,29.170000076293945,29.170000076293945,29.155000686645508,29.155000686645508,4216,0.0,0.0
2024-08-20 11:25:00-04:00,29.155000686645508,29.15999984741211,29.139999389648438,29.147499084472656,9797,0.0,0.0
2024-08-20 11:26:00-04:00,29.155000686645508,29.15999984741211,29.145000457763672,29.155000686645508,8040,0.0,0.0
2024-08-20 11:27:00-04:00,29.155000686645508,29.155000686645508,29.149999618530273,29.155000686645508,2559,0.0,0.0
2024-08-20 11:28:00-04:00,29.149999618530273,29.155000686645508,29.139999389648438,29.139999389648438,4468,0.0,0.0
2024-08-20 11:29:00-04:00,29.13089942932129,29.139999389648438,29.1299991607666,29.139999389648438,2771,0.0,0.0
2024-08-20 11:30:00-04:00,29.139999389648438,29.139999389648438,29.1299991607666,29.1299991607666,1550,0.0,0.0
2024-08-20 11:31:00-04:00,29.139999389648438,29.149999618530273,29.135000228881836,29.149999618530273,6924,0.0,0.0
2024-08-20 11:32:00-04:00,29.155000686645508,29.170000076293945,29.155000686645508,29.15999984741211,2510,0.0,0.0
2024-08-20 11:33:00-04:00,29.165000915527344,29.170000076293945,29.15999984741211,29.165000915527344,1862,0.0,0.0
2024-08-20 11:34:00-04:00,29.165000915527344,29.165000915527344,29.165000915527344,29.165000915527344,2040,0.0,0.0
2024-08-20 11:35:00-04:00,29.165000915527344,29.170000076293945,29.15999984741211,29.170000076293945,2059,0.0,0.0
2024-08-20 11:36:00-04:00,29.170000076293945,29.170000076293945,29.15999984741211,29.165000915527344,2235,0.0,0.0
2024-08-20 11:37:00-04:00,29.165000915527344,29.165000915527344,29.145000457763672,29.145000457763672,7787,0.0,0.0
2024-08-20 11:38:00-04:00,29.139999389648438,29.145000457763672,29.139999389648438,29.139999389648438,1372,0.0,0.0
2024-08-20 11:39:00-04:00,29.139999389648438,29.139999389648438,29.1200008392334,29.135000228881836,10316,0.0,0.0
2024-08-20 11:40:00-04:00,29.135000228881836,29.13680076599121,29.1200008392334,29.125,2760,0.0,0.0
2024-08-20 11:41:00-04:00,29.1200008392334,29.125,29.1200008392334,29.125,804,0.0,0.0
2024-08-20 11:42:00-04:00,29.125,29.127500534057617,29.110000610351562,29.114999771118164,2234,0.0,0.0
2024-08-20 11:43:00-04:00,29.110000610351562,29.114999771118164,29.100000381469727,29.104999542236328,3268,0.0,0.0
2024-08-20 11:44:00-04:00,29.104999542236328,29.104999542236328,29.09000015258789,29.094999313354492,5397,0.0,0.0
2024-08-20 11:45:00-04:00,29.09589958190918,29.100000381469727,29.09000015258789,29.100000381469727,1228,0.0,0.0
2024-08-20 11:46:00-04:00,29.094999313354492,29.114999771118164,29.094999313354492,29.114999771118164,7280,0.0,0.0
2024-08-20 11:47:00-04:00,29.114999771118164,29.114999771118164,29.114999771118164,29.114999771118164,939,0.0,0.0
2024-08-20 11:48:00-04:00,29.110000610351562,29.110000610351562,29.09000015258789,29.094999313354492,5184,0.0,0.0
2024-08-20 11:49:00-04:00,29.090200424194336,29.094999313354492,29.09000015258789,29.094999313354492,1863,0.0,0.0
2024-08-20 11:50:00-04:00,29.094999313354492,29.094999313354492,29.09000015258789,29.094999313354492,2738,0.0,0.0
2024-08-20 11:51:00-04:00,29.094999313354492,29.104999542236328,29.094999313354492,29.100000381469727,6504,0.0,0.0
2024-08-20 11:52:00-04:00,29.104999542236328,29.104999542236328,29.100000381469727,29.100000381469727,4761,0.0,0.0
2024-08-20 11:53:00-04:00,29.094999313354492,29.110000610351562,29.09000015258789,29.100099563598633,9953,0.0,0.0
2024-08-20 11:54:00-04:00,29.100000381469727,29.1200008392334,29.100000381469727,29.114999771118164,9329,0.0,0.0
2024-08-20 11:55:00-04:00,29.114999771118164,29.11750030517578,29.114999771118164,29.114999771118164,1208,0.0,0.0
2024-08-20 11:56:00-04:00,29.1200008392334,29.1299991607666,29.1200008392334,29.1299991607666,5834,0.0,0.0
2024-08-20 11:57:00-04:00,29.125,29.1299991607666,29.1200008392334,29.125,3861,0.0,0.0
2024-08-20 11:58:00-04:00,29.125,29.149999618530273,29.1200008392334,29.149999618530273,6383,0.0,0.0
2024-08-20 11:59:00-04:00,29.149999618530273,29.15999984741211,29.145000457763672,29.157400131225586,9856,0.0,0.0
2024-08-20 12:00:00-04:00,29.155000686645508,29.15999984741211,29.155000686645508,29.15999984741211,2144,0.0,0.0
2024-08-20 12:01:00-04:00,29.155000686645508,29.15999984741211,29.150100708007812,29.155000686645508,4059,0.0,0.0
2024-08-20 12:02:00-04:00,29.155000686645508,29.15999984741211,29.149999618530273,29.149999618530273,2557,0.0,0.0
2024-08-20 12:03:00-04:00,29.15880012512207,29.15880012512207,29.1299991607666,29.135000228881836,10193,0.0,0.0
2024-08-20 12:04:00-04:00,29.145000457763672,29.149999618530273,29.139999389648438,29.149999618530273,2554,0.0,0.0
2024-08-20 12:05:00-04:00,29.155000686645508,29.15999984741211,29.149999618530273,29.149999618530273,3853,0.0,0.0
2024-08-20 12:06:00-04:00,29.149799346923828,29.155000686645508,29.145000457763672,29.149999618530273,3715,0.0,0.0
2024-08-20 12:07:00-04:00,29.155000686645508,29.159900665283203,29.149999618530273,29.155000686645508,871,0.0,0.0
2024-08-20 12:08:00-04:00,29.159900665283203,29.1658992767334,29.149999618530273,29.149999618530273,16372,0.0,0.0
2024-08-20 12:09:00-04:00,29.155000686645508,29.15999984741211,29.155000686645508,29.155000686645508,1073,0.0,0.0
2024-08-20 12:10:00-04:00,29.155000686645508,29.15570068359375,29.149999618530273,29.155000686645508,2245,0.0,0.0
2024-08-20 12:11:00-04:00,29.155000686645508,29.155000686645508,29.149999618530273,29.149999618530273,3066,0.0,0.0
2024-08-20 12:12:00-04:00,29.155000686645508,29.155000686645508,29.149999618530273,29.149999618530273,4903,0.0,0.0
2024-08-20 12:13:00-04:00,29.139999389648438,29.15999984741211,29.139999389648438,29.155000686645508,8632,0.0,0.0
2024-08-20 12:14:00-04:00,29.159900665283203,29.159900665283203,29.145000457763672,29.145000457763672,5420,0.0,0.0
2024-08-20 12:15:00-04:00,29.145000457763672,29.145000457763672,29.135000228881836,29.135000228881836,3159,0.0,0.0
2024-08-20 12:16:00-04:00,29.131000518798828,29.134000778198242,29.131000518798828,29.134000778198242,489,0.0,0.0
2024-08-20 12:17:00-04:00,29.1299991607666,29.13990020751953,29.1299991607666,29.135299682617188,3469,0.0,0.0
2024-08-20 12:18:00-04:00,29.135000228881836,29.135000228881836,29.129199981689453,29.129199981689453,2377,0.0,0.0
2024-08-20 12:19:00-04:00,29.1200008392334,29.125,29.1200008392334,29.120800018310547,3523,0.0,0.0
2024-08-20 12:20:00-04:00,29.125,29.1299991607666,29.1200008392334,29.125,5745,0.0,0.0
2024-08-20 12:21:00-04:00,29.125,29.135000228881836,29.125,29.135000228881836,6611,0.0,0.0
2024-08-20 12:22:00-04:00,29.135000228881836,29.13920021057129,29.135000228881836,29.135000228881836,2876,0.0,0.0
2024-08-20 12:23:00-04:00,29.135000228881836,29.139999389648438,29.1299991607666,29.1299991607666,2082,0.0,0.0
2024-08-20 12:24:00-04:00,29.135000228881836,29.13990020751953,29.13010025024414,29.13990020751953,2640,0.0,0.0
2024-08-20 12:25:00-04:00,29.135000228881836,29.145000457763672,29.135000228881836,29.145000457763672,3661,0.0,0.0
2024-08-20 12:26:00-04:00,29.149999618530273,29.155000686645508,29.144399642944336,29.155000686645508,5133,0.0,0.0
2024-08-20 12:27:00-04:00,29.15999984741211,29.162099838256836,29.155000686645508,29.162099838256836,3822,0.0,0.0
2024-08-20 12:28:00-04:00,29.165000915527344,29.170000076293945,29.154699325561523,29.154699325561523,12856,0.0,0.0
2024-08-20 12:29:00-04:00,29.155000686645508,29.155000686645508,29.155000686645508,29.155000686645508,443,0.0,0.0
2024-08-20 12:30:00-04:00,29.155000686645508,29.15999984741211,29.149999618530273,29.155000686645508,2410,0.0,0.0
2024-08-20 12:31:00-04:00,29.15999984741211,29.15999984741211,29.135000228881836,29.135000228881836,7732,0.0,0.0
2024-08-20 12:32:00-04:00,29.133699417114258,29.133699417114258,29.122900009155273,29.12470054626465,2894,0.0,0.0
2024-08-20 12:33:00-04:00,29.125,29.1299991607666,29.110000610351562,29.125,12986,0.0,0.0
2024-08-20 12:34:00-04:00,29.135000228881836,29.145000457763672,29.1343994140625,29.145000457763672,2439,0.0,0.0
2024-08-20 12:35:00-04:00,29.145000457763672,29.145000457763672,29.139999389648438,29.139999389648438,2422,0.0,0.0
2024-08-20 12:36:00-04:00,29.14080047607422,29.149999618530273,29.14080047607422,29.145000457763672,1370,0.0,0.0
2024-08-20 12:37:00-04:00,29.149999618530273,29.165000915527344,29.149999618530273,29.165000915527344,5575,0.0,0.0
2024-08-20 12:38:00-04:00,29.165000915527344,29.165000915527344,29.155000686645508,29.165000915527344,3589,0.0,0.0
2024-08-20 12:39:00-04:00,29.170000076293945,29.18000030517578,29.170000076293945,29.18000030517578,1299,0.0,0.0
2024-08-20 12:40:00-04:00,29.174999237060547,29.174999237060547,29.17180061340332,29.174999237060547,3412,0.0,0.0
2024-08-20 12:41:00-04:00,29.174999237060547,29.18000030517578,29.174999237060547,29.174999237060547,3406,0.0,0.0
2024-08-20 12:42:00-04:00,29.174999237060547,29.174999237060547,29.15999984741211,29.15999984741211,2232,0.0,0.0
2024-08-20 12:43:00-04:00,29.165000915527344,29.170000076293945,29.165000915527344,29.170000076293945,1800,0.0,0.0
2024-08-20 12:44:00-04:00,29.165000915527344,29.170000076293945,29.165000915527344,29.165000915527344,4842,0.0,0.0
2024-08-20 12:45:00-04:00,29.165000915527344,29.170000076293945,29.15999984741211,29.165000915527344,2557,0.0,0.0
2024-08-20 12:46:00-04:00,29.165000915527344,29.165000915527344,29.15999984741211,29.15999984741211,2645,0.0,0.0
2024-08-20 12:47:00-04:00,29.149999618530273,29.155000686645508,29.149999618530273,29.155000686645508,2321,0.0,0.0
2024-08-20 12:48:00-04:00,29.155000686645508,29.15999984741211,29.155000686645508,29.15999984741211,1639,0.0,0.0
2024-08-20 12:49:00-04:00,29.15399932861328,29.174999237060547,29.15399932861328,29.174999237060547,3672,0.0,0.0
2024-08-20 12:50:00-04:00,29.174999237060547,29.174999237060547,29.155000686645508,29.155000686645508,4031,0.0,0.0
2024-08-20 12:51:00-04:00,29.155000686645508,29.165000915527344,29.155000686645508,29.165000915527344,989,0.0,0.0
2024-08-20 12:52:00-04:00,29.16010093688965,29.166000366210938,29.15999984741211,29.165000915527344,1598,0.0,0.0
2024-08-20 12:53:00-04:00,29.165000915527344,29.174999237060547,29.163999557495117,29.174999237060547,5894,0.0,0.0
2024-08-20 12:54:00-04:00,29.179899215698242,29.179899215698242,29.170000076293945,29.170000076293945,2104,0.0,0.0
2024-08-20 12:55:00-04:00,29.170000076293945,29.174999237060547,29.165000915527344,29.165000915527344,9167,0.0,0.0
2024-08-20 12:56:00-04:00,29.170000076293945,29.170000076293945,29.165000915527344,29.170000076293945,1660,0.0,0.0
2024-08-20 12:57:00-04:00,29.165000915527344,29.170000076293945,29.15999984741211,29.165000915527344,1987,0.0,0.0
2024-08-20 12:58:00-04:00,29.165000915527344,29.170000076293945,29.165000915527344,29.170000076293945,4385,0.0,0.0
2024-08-20 12:59:00-04:00,29.170000076293945,29.170000076293945,29.15999984741211,29.165000915527344,4085,0.0,0.0
2024-08-20 13:00:00-04:00,29.15999984741211,29.15999984741211,29.114999771118164,29.125,6809,0.0,0.0
2024-08-20 13:01:00-04:00,29.1299991607666,29.145000457763672,29.125,29.145000457763672,2661,0.0,0.0
2024-08-20 13:02:00-04:00,29.139999389648438,29.139999389648438,29.1200008392334,29.125,3116,0.0,0.0
2024-08-20 13:03:00-04:00,29.1200008392334,29.1200008392334,29.110000610351562,29.114999771118164,2178,0.0,0.0
2024-08-20 13:04:00-04:00,29.110000610351562,29.1156005859375,29.110000610351562,29.114999771118164,1251,0.0,0.0
2024-08-20 13:05:00-04:00,29.114999771118164,29.11989974975586,29.104999542236328,29.104999542236328,3224,0.0,0.0
2024-08-20 13:06:00-04:00,29.100000381469727,29.110000610351562,29.100000381469727,29.10580062866211,6309,0.0,0.0
2024-08-20 13:07:00-04:00,29.110000610351562,29.114999771118164,29.104999542236328,29.104999542236328,9105,0.0,0.0
2024-08-20 13:08:00-04:00,29.110000610351562,29.110000610351562,29.100000381469727,29.110000610351562,2721,0.0,0.0
2024-08-20 13:09:00-04:00,29.104999542236328,29.114999771118164,29.100000381469727,29.114999771118164,17710,0.0,0.0
2024-08-20 13:10:00-04:00,29.1200008392334,29.1200008392334,29.104999542236328,29.104999542236328,1844,0.0,0.0
2024-08-20 13:11:00-04:00,29.104999542236328,29.110000610351562,29.100099563598633,29.104999542236328,1230,0.0,0.0
2024-08-20 13:12:00-04:00,29.110000610351562,29.110000610351562,29.100000381469727,29.104999542236328,888,0.0,0.0
2024-08-20 13:13:00-04:00,29.100000381469727,29.109899520874023,29.100000381469727,29.109899520874023,367,0.0,0.0
2024-08-20 13:14:00-04:00,29.100000381469727,29.109800338745117,29.084999084472656,29.094999313354492,11412,0.0,0.0
2024-08-20 13:15:00-04:00,29.100000381469727,29.114999771118164,29.100000381469727,29.100000381469727,8532,0.0,0.0
2024-08-20 13:16:00-04:00,29.109899520874023,29.114999771118164,29.104999542236328,29.110000610351562,10641,0.0,0.0
2024-08-20 13:17:00-04:00,29.110000610351562,29.1200008392334,29.110000610351562,29.114999771118164,2905,0.0,0.0
2024-08-20 13:18:00-04:00,29.110000610351562,29.115999221801758,29.110000610351562,29.115999221801758,1692,0.0,0.0
2024-08-20 13:19:00-04:00,29.114999771118164,29.11989974975586,29.110000610351562,29.110000610351562,2824,0.0,0.0
2024-08-20 13:20:00-04:00,29.110000610351562,29.110000610351562,29.094999313354492,29.104999542236328,11560,0.0,0.0
2024-08-20 13:21:00-04:00,29.104999542236328,29.114999771118164,29.104999542236328,29.110000610351562,1778,0.0,0.0
2024-08-20 13:22:00-04:00,29.114999771118164,29.125,29.114999771118164,29.125,1154,0.0,0.0
2024-08-20 13:23:00-04:00,29.125,29.126699447631836,29.120800018310547,29.125,1305,0.0,0.0
2024-08-20 13:24:00-04:00,29.125,29.125,29.1200008392334,29.1200008392334,6311,0.0,0.0
2024-08-20 13:25:00-04:00,29.125,29.125,29.1200008392334,29.125,1289,0.0,0.0
2024-08-20 13:26:00-04:00,29.1299991607666,29.135000228881836,29.125,29.135000228881836,15565,0.0,0.0
2024-08-20 13:27:00-04:00,29.135000228881836,29.145000457763672,29.13409996032715,29.145000457763672,2962,0.0,0.0
2024-08-20 13:28:00-04:00,29.14069938659668,29.145000457763672,29.125,29.125,3101,0.0,0.0
2024-08-20 13:29:00-04:00,29.125,29.125099182128906,29.1200008392334,29.125,1009,0.0,0.0
2024-08-20 13:30:00-04:00,29.1200008392334,29.125,29.1200008392334,29.125,3528,0.0,0.0
2024-08-20 13:31:00-04:00,29.114999771118164,29.114999771118164,29.110000610351562,29.114999771118164,2162,0.0,0.0
2024-08-20 13:32:00-04:00,29.110000610351562,29.110000610351562,29.100000381469727,29.104999542236328,1566,0.0,0.0
2024-08-20 13:33:00-04:00,29.104999542236328,29.104999542236328,29.100000381469727,29.100000381469727,505,0.0,0.0
2024-08-20 13:34:00-04:00,29.104999542236328,29.104999542236328,29.09000015258789,29.104999542236328,9416,0.0,0.0
2024-08-20 13:35:00-04:00,29.100099563598633,29.100099563598633,29.099199295043945,29.100000381469727,1957,0.0,0.0
2024-08-20 13:36:00-04:00,29.094999313354492,29.094999313354492,29.094999313354492,29.094999313354492,386,0.0,0.0
2024-08-20 13:37:00-04:00,29.094999313354492,29.099700927734375,29.094999313354492,29.094999313354492,1053,0.0,0.0
2024-08-20 13:38:00-04:00,29.094999313354492,29.100000381469727,29.094999313354492,29.094999313354492,2542,0.0,0.0
2024-08-20 13:39:00-04:00,29.094999313354492,29.094999313354492,29.079999923706055,29.084999084472656,4288,0.0,0.0
2024-08-20 13:40:00-04:00,29.084999084472656,29.09000015258789,29.084999084472656,29.084999084472656,1744,0.0,0.0
2024-08-20 13:41:00-04:00,29.09000015258789,29.09000015258789,29.084999084472656,29.084999084472656,905,0.0,0.0
2024-08-20 13:42:00-04:00,29.084999084472656,29.09000015258789,29.079999923706055,29.084999084472656,1612,0.0,0.0
2024-08-20 13:43:00-04:00,29.079999923706055,29.079999923706055,29.070100784301758,29.070100784301758,24282,0.0,0.0
2024-08-20 13:44:00-04:00,29.075000762939453,29.09000015258789,29.075000762939453,29.079999923706055,4383,0.0,0.0
2024-08-20 13:45:00-04:00,29.075000762939453,29.079999923706055,29.06999969482422,29.075000762939453,3667,0.0,0.0
2024-08-20 13:46:00-04:00,29.06999969482422,29.06999969482422,29.065000534057617,29.06999969482422,6253,0.0,0.0
2024-08-20 13:47:00-04:00,29.06999969482422,29.06999969482422,29.06399917602539,29.065000534057617,914,0.0,0.0
2024-08-20 13:48:00-04:00,29.06999969482422,29.079999923706055,29.059999465942383,29.079999923706055,5139,0.0,0.0
2024-08-20 13:49:00-04:00,29.079999923706055,29.084999084472656,29.079999923706055,29.079999923706055,1746,0.0,0.0
2024-08-20 13:50:00-04:00,29.079999923706055,29.079999923706055,29.06130027770996,29.06130027770996,3551,0.0,0.0
2024-08-20 13:51:00-04:00,29.065000534057617,29.079999923706055,29.065000534057617,29.075000762939453,3058,0.0,0.0
2024-08-20 13:52:00-04:00,29.075000762939453,29.075000762939453,29.059999465942383,29.06999969482422,1810,0.0,0.0
2024-08-20 13:53:00-04:00,29.06999969482422,29.06999969482422,29.059999465942383,29.065000534057617,1699,0.0,0.0
2024-08-20 13:54:00-04:00,29.065000534057617,29.06999969482422,29.059999465942383,29.059999465942383,4683,0.0,0.0
2024-08-20 13:55:00-04:00,29.065000534057617,29.065000534057617,29.059999465942383,29.065000534057617,1322,0.0,0.0
2024-08-20 13:56:00-04:00,29.069900512695312,29.069900512695312,29.040000915527344,29.040000915527344,11314,0.0,0.0
2024-08-20 13:57:00-04:00,29.040000915527344,29.049999237060547,29.040000915527344,29.040000915527344,5444,0.0,0.0
2024-08-20 13:58:00-04:00,29.049999237060547,29.049999237060547,29.040000915527344,29.040000915527344,2641,0.0,0.0
2024-08-20 13:59:00-04:00,29.049999237060547,29.049999237060547,29.040000915527344,29.045000076293945,1877,0.0,0.0
2024-08-20 14:00:00-04:00,29.045000076293945,29.059900283813477,29.040000915527344,29.059900283813477,5574,0.0,0.0
2024-08-20 14:01:00-04:00,29.059999465942383,29.059999465942383,29.049999237060547,29.049999237060547,1381,0.0,0.0
2024-08-20 14:02:00-04:00,29.053199768066406,29.053199768066406,29.049999237060547,29.049999237060547,3164,0.0,0.0
2024-08-20 14:03:00-04:00,29.045000076293945,29.05500030517578,29.045000076293945,29.054000854492188,10449,0.0,0.0
2024-08-20 14:04:00-04:00,29.05500030517578,29.05500030517578,29.03499984741211,29.03499984741211,5781,0.0,0.0
2024-08-20 14:05:00-04:00,29.03499984741211,29.045000076293945,29.030000686645508,29.045000076293945,5811,0.0,0.0
2024-08-20 14:06:00-04:00,29.05500030517578,29.079999923706055,29.05500030517578,29.079999923706055,2689,0.0,0.0
2024-08-20 14:07:00-04:00,29.07430076599121,29.094999313354492,29.07430076599121,29.094999313354492,3240,0.0,0.0
2024-08-20 14:08:00-04:00,29.09429931640625,29.094999313354492,29.09429931640625,29.094999313354492,11824,0.0,0.0
2024-08-20 14:09:00-04:00,29.100000381469727,29.104999542236328,29.090099334716797,29.094999313354492,10166,0.0,0.0
2024-08-20 14:10:00-04:00,29.09000015258789,29.09000015258789,29.08009910583496,29.08009910583496,1657,0.0,0.0
2024-08-20 14:11:00-04:00,29.084999084472656,29.08970069885254,29.084999084472656,29.084999084472656,1802,0.0,0.0
2024-08-20 14:12:00-04:00,29.084999084472656,29.09000015258789,29.079999923706055,29.084999084472656,3510,0.0,0.0
2024-08-20 14:13:00-04:00,29.084999084472656,29.086599349975586,29.079999923706055,29.084999084472656,1599,0.0,0.0
2024-08-20 14:14:00-04:00,29.084999084472656,29.09000015258789,29.079999923706055,29.084999084472656,2204,0.0,0.0
2024-08-20 14:15:00-04:00,29.09000015258789,29.094999313354492,29.084999084472656,29.094999313354492,5224,0.0,0.0
2024-08-20 14:16:00-04:00,29.094999313354492,29.100000381469727,29.09000015258789,29.09000015258789,1880,0.0,0.0
2024-08-20 14:17:00-04:00,29.094999313354492,29.094999313354492,29.091100692749023,29.091100692749023,1135,0.0,0.0
2024-08-20 14:18:00-04:00,29.09000015258789,29.094999313354492,29.09000015258789,29.094999313354492,1539,0.0,0.0
2024-08-20 14:19:00-04:00,29.094999313354492,29.094999313354492,29.084999084472656,29.09000015258789,3663,0.0,0.0
2024-08-20 14:20:00-04:00,29.084999084472656,29.09000015258789,29.079999923706055,29.08650016784668,1346,0.0,0.0
2024-08-20 14:21:00-04:00,29.079999923706055,29.084999084472656,29.079999923706055,29.084999084472656,1038,0.0,0.0
2024-08-20 14:22:00-04:00,29.09000015258789,29.114999771118164,29.09000015258789,29.110000610351562,12212,0.0,0.0
2024-08-20 14:23:00-04:00,29.110000610351562,29.110000610351562,29.100000381469727,29.104999542236328,3372,0.0,0.0
2024-08-20 14:24:00-04:00,29.109899520874023,29.109899520874023,29.100000381469727,29.100000381469727,587,0.0,0.0
2024-08-20 14:25:00-04:00,29.109899520874023,29.109899520874023,29.09000015258789,29.097299575805664,5043,0.0,0.0
2024-08-20 14:26:00-04:00,29.09000015258789,29.104999542236328,29.09000015258789,29.100000381469727,9274,0.0,0.0
2024-08-20 14:27:00-04:00,29.094999313354492,29.139999389648438,29.094999313354492,29.135000228881836,21813,0.0,0.0
2024-08-20 14:28:00-04:00,29.135000228881836,29.139999389648438,29.125,29.125999450683594,17287,0.0,0.0
2024-08-20 14:29:00-04:00,29.125,29.125,29.125,29.125,594,0.0,0.0
2024-08-20 14:30:00-04:00,29.1200008392334,29.1200008392334,29.104999542236328,29.104999542236328,3303,0.0,0.0
2024-08-20 14:31:00-04:00,29.110000610351562,29.114999771118164,29.099899291992188,29.099899291992188,11813,0.0,0.0
2024-08-20 14:32:00-04:00,29.094999313354492,29.094999313354492,29.082500457763672,29.08930015563965,7145,0.0,0.0
2024-08-20 14:33:00-04:00,29.079999923706055,29.079999923706055,29.073999404907227,29.073999404907227,3182,0.0,0.0
2024-08-20 14:34:00-04:00,29.06999969482422,29.075000762939453,29.060699462890625,29.065000534057617,4862,0.0,0.0
2024-08-20 14:35:00-04:00,29.065000534057617,29.06999969482422,29.065000534057617,29.069900512695312,820,0.0,0.0
2024-08-20 14:36:00-04:00,29.06999969482422,29.075000762939453,29.059999465942383,29.075000762939453,8108,0.0,0.0
2024-08-20 14:37:00-04:00,29.0762996673584,29.094999313354492,29.0762996673584,29.09000015258789,5269,0.0,0.0
2024-08-20 14:38:00-04:00,29.094999313354492,29.094999313354492,29.09000015258789,29.094999313354492,1197,0.0,0.0
2024-08-20 14:39:00-04:00,29.09000015258789,29.09000015258789,29.079999923706055,29.084999084472656,2055,0.0,0.0
2024-08-20 14:40:00-04:00,29.081100463867188,29.084999084472656,29.08009910583496,29.084999084472656,561,0.0,0.0
2024-08-20 14:41:00-04:00,29.084999084472656,29.09000015258789,29.079999923706055,29.079999923706055,725,0.0,0.0
2024-08-20 14:42:00-04:00,29.084999084472656,29.09000015258789,29.079999923706055,29.09000015258789,1225,0.0,0.0
2024-08-20 14:43:00-04:00,29.084999084472656,29.09000015258789,29.079999923706055,29.084999084472656,1227,0.0,0.0
2024-08-20 14:44:00-04:00,29.079999923706055,29.079999923706055,29.06999969482422,29.079999923706055,7782,0.0,0.0
2024-08-20 14:45:00-04:00,29.075000762939453,29.09000015258789,29.075000762939453,29.09000015258789,5017,0.0,0.0
2024-08-20 14:46:00-04:00,29.09000015258789,29.094999313354492,29.084999084472656,29.094999313354492,5298,0.0,0.0
2024-08-20 14:47:00-04:00,29.094999313354492,29.110000610351562,29.094999313354492,29.104999542236328,4088,0.0,0.0
2024-08-20 14:48:00-04:00,29.109899520874023,29.110000610351562,29.104999542236328,29.104999542236328,2214,0.0,0.0
2024-08-20 14:49:00-04:00,29.104999542236328,29.114999771118164,29.104999542236328,29.114999771118164,4769,0.0,0.0
2024-08-20 14:50:00-04:00,29.1200008392334,29.1200008392334,29.114999771118164,29.118900299072266,1237,0.0,0.0
2024-08-20 14:51:00-04:00,29.114999771118164,29.1200008392334,29.110000610351562,29.114999771118164,1135,0.0,0.0
2024-08-20 14:52:00-04:00,29.114999771118164,29.1200008392334,29.110000610351562,29.114999771118164,2654,0.0,0.0
2024-08-20 14:53:00-04:00,29.114999771118164,29.1200008392334,29.110000610351562,29.11829948425293,2188,0.0,0.0
2024-08-20 14:54:00-04:00,29.110000610351562,29.114999771118164,29.110000610351562,29.114999771118164,2442,0.0,0.0
2024-08-20 14:55:00-04:00,29.114999771118164,29.119800567626953,29.110000610351562,29.114999771118164,4243,0.0,0.0
2024-08-20 14:56:00-04:00,29.1200008392334,29.1200008392334,29.110000610351562,29.114999771118164,1367,0.0,0.0
2024-08-20 14:57:00-04:00,29.114999771118164,29.1200008392334,29.110000610351562,29.114999771118164,2905,0.0,0.0
2024-08-20 14:58:00-04:00,29.114999771118164,29.114999771118164,29.100000381469727,29.109899520874023,6663,0.0,0.0
2024-08-20 14:59:00-04:00,29.100000381469727,29.110000610351562,29.094999313354492,29.094999313354492,10126,0.0,0.0
2024-08-20 15:00:00-04:00,29.09000015258789,29.094999313354492,29.084999084472656,29.09000015258789,4254,0.0,0.0
2024-08-20 15:01:00-04:00,29.0939998626709,29.099899291992188,29.09000015258789,29.094999313354492,9380,0.0,0.0
2024-08-20 15:02:00-04:00,29.09000015258789,29.094999313354492,29.079999923706055,29.08300018310547,5609,0.0,0.0
2024-08-20 15:03:00-04:00,29.085500717163086,29.085500717163086,29.079999923706055,29.079999923706055,3868,0.0,0.0
2024-08-20 15:04:00-04:00,29.079999923706055,29.079999923706055,29.06999969482422,29.075000762939453,1909,0.0,0.0
2024-08-20 15:05:00-04:00,29.073999404907227,29.09000015258789,29.06999969482422,29.084199905395508,7436,0.0,0.0
2024-08-20 15:06:00-04:00,29.09000015258789,29.109699249267578,29.09000015258789,29.104999542236328,8909,0.0,0.0
2024-08-20 15:07:00-04:00,29.104999542236328,29.110000610351562,29.100000381469727,29.110000610351562,5059,0.0,0.0
2024-08-20 15:08:00-04:00,29.114999771118164,29.1299991607666,29.114999771118164,29.1299991607666,4707,0.0,0.0
2024-08-20 15:09:00-04:00,29.1299991607666,29.1299991607666,29.110000610351562,29.110000610351562,6663,0.0,0.0
2024-08-20 15:10:00-04:00,29.100000381469727,29.104999542236328,29.094999313354492,29.104999542236328,5834,0.0,0.0
2024-08-20 15:11:00-04:00,29.104999542236328,29.108999252319336,29.100299835205078,29.104999542236328,2446,0.0,0.0
2024-08-20 15:12:00-04:00,29.104999542236328,29.109699249267578,29.100099563598633,29.104999542236328,2155,0.0,0.0
2024-08-20 15:13:00-04:00,29.110000610351562,29.110000610351562,29.100500106811523,29.104999542236328,5501,0.0,0.0
2024-08-20 15:14:00-04:00,29.104999542236328,29.104999542236328,29.091299057006836,29.100000381469727,7115,0.0,0.0
2024-08-20 15:15:00-04:00,29.099300384521484,29.104999542236328,29.09000015258789,29.094999313354492,6458,0.0,0.0
2024-08-20 15:16:00-04:00,29.092500686645508,29.100000381469727,29.083999633789062,29.094999313354492,7601,0.0,0.0
2024-08-20 15:17:00-04:00,29.099199295043945,29.100000381469727,29.09000015258789,29.094999313354492,2698,0.0,0.0
2024-08-20 15:18:00-04:00,29.09000015258789,29.094999313354492,29.09000015258789,29.094999313354492,679,0.0,0.0
2024-08-20 15:19:00-04:00,29.094999313354492,29.094999313354492,29.09000015258789,29.094999313354492,2674,0.0,0.0
2024-08-20 15:20:00-04:00,29.094999313354492,29.100000381469727,29.09000015258789,29.094999313354492,2554,0.0,0.0
2024-08-20 15:21:00-04:00,29.094999313354492,29.100000381469727,29.094999313354492,29.094999313354492,3839,0.0,0.0
2024-08-20 15:22:00-04:00,29.094999313354492,29.104999542236328,29.09000015258789,29.09000015258789,12331,0.0,0.0
2024-08-20 15:23:00-04:00,29.09000015258789,29.094999313354492,29.09000015258789,29.094999313354492,2802,0.0,0.0
2024-08-20 15:24:00-04:00,29.094999313354492,29.094999313354492,29.09000015258789,29.094999313354492,1334,0.0,0.0
2024-08-20 15:25:00-04:00,29.091100692749023,29.094999313354492,29.09000015258789,29.094999313354492,3172,0.0,0.0
2024-08-20 15:26:00-04:00,29.094999313354492,29.094999313354492,29.084999084472656,29.084999084472656,9437,0.0,0.0
2024-08-20 15:27:00-04:00,29.081199645996094,29.086000442504883,29.081199645996094,29.084999084472656,1819,0.0,0.0
2024-08-20 15:28:00-04:00,29.084999084472656,29.09000015258789,29.079999923706055,29.084999084472656,4724,0.0,0.0
2024-08-20 15:29:00-04:00,29.084999084472656,29.08989906311035,29.079999923706055,29.084999084472656,2123,0.0,0.0
2024-08-20 15:30:00-04:00,29.084999084472656,29.09000015258789,29.084999084472656,29.084999084472656,7566,0.0,0.0
2024-08-20 15:31:00-04:00,29.09000015258789,29.1299991607666,29.09000015258789,29.1299991607666,19622,0.0,0.0
2024-08-20 15:32:00-04:00,29.135000228881836,29.139999389648438,29.125,29.135000228881836,26737,0.0,0.0
2024-08-20 15:33:00-04:00,29.135000228881836,29.13990020751953,29.1299991607666,29.135000228881836,5277,0.0,0.0
2024-08-20 15:34:00-04:00,29.135000228881836,29.139999389648438,29.1299991607666,29.1299991607666,3427,0.0,0.0
2024-08-20 15:35:00-04:00,29.135000228881836,29.139999389648438,29.135000228881836,29.135000228881836,4282,0.0,0.0
2024-08-20 15:36:00-04:00,29.130699157714844,29.1387996673584,29.1299991607666,29.135000228881836,7828,0.0,0.0
2024-08-20 15:37:00-04:00,29.135000228881836,29.135000228881836,29.1200008392334,29.125,12414,0.0,0.0
2024-08-20 15:38:00-04:00,29.125,29.1299991607666,29.125,29.126100540161133,13552,0.0,0.0
2024-08-20 15:39:00-04:00,29.1200008392334,29.125,29.114999771118164,29.114999771118164,9135,0.0,0.0
2024-08-20 15:40:00-04:00,29.1200008392334,29.1299991607666,29.114999771118164,29.125,16149,0.0,0.0
2024-08-20 15:41:00-04:00,29.129899978637695,29.129899978637695,29.110000610351562,29.114999771118164,11469,0.0,0.0
2024-08-20 15:42:00-04:00,29.110000610351562,29.114999771118164,29.100099563598633,29.104999542236328,9794,0.0,0.0
2024-08-20 15:43:00-04:00,29.104999542236328,29.104999542236328,29.079999923706055,29.079999923706055,8012,0.0,0.0
2024-08-20 15:44:00-04:00,29.084999084472656,29.08989906311035,29.075000762939453,29.075000762939453,8680,0.0,0.0
2024-08-20 15:45:00-04:00,29.075000762939453,29.094999313354492,29.075000762939453,29.084999084472656,20940,0.0,0.0
2024-08-20 15:46:00-04:00,29.084999084472656,29.084999084472656,29.059999465942383,29.059999465942383,10527,0.0,0.0
2024-08-20 15:47:00-04:00,29.065000534057617,29.06999969482422,29.059999465942383,29.065000534057617,5862,0.0,0.0
2024-08-20 15:48:00-04:00,29.065000534057617,29.075000762939453,29.059999465942383,29.06999969482422,14898,0.0,0.0
2024-08-20 15:49:00-04:00,29.065000534057617,29.06570053100586,29.059999465942383,29.065000534057617,4861,0.0,0.0
2024-08-20 15:50:00-04:00,29.06999969482422,29.100000381469727,29.06999969482422,29.075000762939453,65867,0.0,0.0
2024-08-20 15:51:00-04:00,29.079999923706055,29.09000015258789,29.070999145507812,29.0762996673584,14708,0.0,0.0
2024-08-20 15:52:00-04:00,29.079999923706055,29.079999923706055,29.06999969482422,29.075000762939453,6741,0.0,0.0
2024-08-20 15:53:00-04:00,29.07990074157715,29.07990074157715,29.06999969482422,29.075000762939453,4836,0.0,0.0
2024-08-20 15:54:00-04:00,29.075000762939453,29.079099655151367,29.06999969482422,29.06999969482422,6296,0.0,0.0
2024-08-20 15:55:00-04:00,29.075000762939453,29.079999923706055,29.06999969482422,29.075000762939453,13819,0.0,0.0
2024-08-20 15:56:00-04:00,29.075000762939453,29.09000015258789,29.06999969482422,29.079999923706055,27693,0.0,0.0
2024-08-20 15:57:00-04:00,29.084999084472656,29.09000015258789,29.079999923706055,29.084999084472656,17301,0.0,0.0
2024-08-20 15:58:00-04:00,29.084999084472656,29.125,29.084800720214844,29.104999542236328,63968,0.0,0.0
2024-08-20 15:59:00-04:00,29.104999542236328,29.1299991607666,29.100000381469727,29.1200008392334,55764,0.0,0.0
2024-08-21 09:30:00-04:00,29.18000030517578,29.260000228881836,29.18000030517578,29.260000228881836,54531,0.0,0.0
2024-08-21 09:31:00-04:00,29.2450008392334,29.260000228881836,29.230100631713867,29.25,3365,0.0,0.0
2024-08-21 09:32:00-04:00,29.25860023498535,29.25860023498535,29.239999771118164,29.239999771118164,3449,0.0,0.0
2024-08-21 09:33:00-04:00,29.222700119018555,29.239999771118164,29.209999084472656,29.239999771118164,21222,0.0,0.0
2024-08-21 09:34:00-04:00,29.25,29.270000457763672,29.219999313354492,29.270000457763672,16006,0.0,0.0
2024-08-21 09:35:00-04:00,29.260000228881836,29.280000686645508,29.25,29.266199111938477,12967,0.0,0.0
2024-08-21 09:36:00-04:00,29.260000228881836,29.280000686645508,29.239999771118164,29.280000686645508,22452,0.0,0.0
2024-08-21 09:37:00-04:00,29.290000915527344,29.309999465942383,29.270000457763672,29.279300689697266,10652,0.0,0.0
2024-08-21 09:38:00-04:00,29.270000457763672,29.309999465942383,29.270000457763672,29.309999465942383,16763,0.0,0.0
2024-08-21 09:39:00-04:00,29.309999465942383,29.329999923706055,29.29450035095215,29.29450035095215,7358,0.0,0.0
2024-08-21 09:40:00-04:00,29.299999237060547,29.309900283813477,29.284000396728516,29.30970001220703,13765,0.0,0.0
2024-08-21 09:41:00-04:00,29.309999465942383,29.309999465942383,29.290000915527344,29.299999237060547,4798,0.0,0.0
2024-08-21 09:42:00-04:00,29.299999237060547,29.299999237060547,29.260000228881836,29.270000457763672,12437,0.0,0.0
2024-08-21 09:43:00-04:00,29.25,29.270000457763672,29.25,29.264999389648438,3839,0.0,0.0
2024-08-21 09:44:00-04:00,29.262500762939453,29.280000686645508,29.262500762939453,29.274999618530273,3445,0.0,0.0
2024-08-21 09:45:00-04:00,29.279800415039062,29.290000915527344,29.270000457763672,29.280000686645508,9808,0.0,0.0
2024-08-21 09:46:00-04:00,29.280000686645508,29.280000686645508,29.25,29.2549991607666,6195,0.0,0.0
2024-08-21 09:47:00-04:00,29.249900817871094,29.260000228881836,29.24250030517578,29.260000228881836,4362,0.0,0.0
2024-08-21 09:48:00-04:00,29.264999389648438,29.270000457763672,29.264999389648438,29.270000457763672,274,0.0,0.0
2024-08-21 09:49:00-04:00,29.274999618530273,29.27720069885254,29.25,29.274999618530273,13159,0.0,0.0
2024-08-21 09:50:00-04:00,29.274999618530273,29.274999618530273,29.270000457763672,29.270000457763672,2791,0.0,0.0
2024-08-21 09:51:00-04:00,29.274999618530273,29.28499984741211,29.262500762939453,29.28499984741211,5753,0.0,0.0
2024-08-21 09:52:00-04:00,29.28499984741211,29.299999237060547,29.28499984741211,29.295000076293945,4279,0.0,0.0
2024-08-21 09:53:00-04:00,29.29010009765625,29.295000076293945,29.28499984741211,29.290000915527344,6540,0.0,0.0
2024-08-21 09:54:00-04:00,29.295000076293945,29.29560089111328,29.29400062561035,29.29400062561035,2070,0.0,0.0
2024-08-21 09:55:00-04:00,29.299999237060547,29.315000534057617,29.299999237060547,29.309999465942383,6786,0.0,0.0
2024-08-21 09:56:00-04:00,29.30500030517578,29.315000534057617,29.30500030517578,29.309900283813477,3618,0.0,0.0
2024-08-21 09:57:00-04:00,29.309799194335938,29.309999465942383,29.295000076293945,29.295000076293945,9115,0.0,0.0
2024-08-21 09:58:00-04:00,29.290800094604492,29.319900512695312,29.28499984741211,29.319900512695312,22033,0.0,0.0
2024-08-21 09:59:00-04:00,29.31999969482422,29.329999923706055,29.31999969482422,29.329999923706055,2902,0.0,0.0
2024-08-21 10:00:00-04:00,29.31999969482422,29.31999969482422,29.309999465942383,29.315000534057617,8711,0.0,0.0
2024-08-21 10:01:00-04:00,29.315000534057617,29.315000534057617,29.272499084472656,29.272499084472656,17439,0.0,0.0
2024-08-21 10:02:00-04:00,29.262500762939453,29.262500762939453,29.25,29.252500534057617,1221,0.0,0.0
2024-08-21 10:03:00-04:00,29.260000228881836,29.260000228881836,29.25,29.2549991607666,2173,0.0,0.0
2024-08-21 10:04:00-04:00,29.25950050354004,29.25950050354004,29.25,29.2549991607666,2062,0.0,0.0
2024-08-21 10:05:00-04:00,29.2549991607666,29.259899139404297,29.253999710083008,29.2549991607666,1850,0.0,0.0
2024-08-21 10:06:00-04:00,29.2549991607666,29.260000228881836,29.24250030517578,29.24250030517578,6502,0.0,0.0
2024-08-21 10:07:00-04:00,29.2450008392334,29.249000549316406,29.239999771118164,29.2450008392334,22213,0.0,0.0
2024-08-21 10:08:00-04:00,29.245399475097656,29.2549991607666,29.240100860595703,29.2549991607666,7959,0.0,0.0
2024-08-21 10:09:00-04:00,29.260000228881836,29.270000457763672,29.25,29.264999389648438,6765,0.0,0.0
2024-08-21 10:10:00-04:00,29.264999389648438,29.269899368286133,29.2450008392334,29.2450008392334,7441,0.0,0.0
2024-08-21 10:11:00-04:00,29.24250030517578,29.2450008392334,29.24250030517578,29.2450008392334,3123,0.0,0.0
2024-08-21 10:12:00-04:00,29.2450008392334,29.2549991607666,29.239999771118164,29.2549991607666,4864,0.0,0.0
2024-08-21 10:13:00-04:00,29.260000228881836,29.28499984741211,29.260000228881836,29.28499984741211,7851,0.0,0.0
2024-08-21 10:14:00-04:00,29.280000686645508,29.28499984741211,29.280000686645508,29.28499984741211,2721,0.0,0.0
2024-08-21 10:15:00-04:00,29.280099868774414,29.28499984741211,29.280000686645508,29.280000686645508,1356,0.0,0.0
2024-08-21 10:16:00-04:00,29.28499984741211,29.299999237060547,29.28499984741211,29.295000076293945,3530,0.0,0.0
2024-08-21 10:17:00-04:00,29.295000076293945,29.299999237060547,29.290000915527344,29.295000076293945,8732,0.0,0.0
2024-08-21 10:18:00-04:00,29.295000076293945,29.29520034790039,29.260000228881836,29.260000228881836,49235,0.0,0.0
2024-08-21 10:19:00-04:00,29.25,29.259899139404297,29.239999771118164,29.2450008392334,2708,0.0,0.0
2024-08-21 10:20:00-04:00,29.239999771118164,29.239999771118164,29.225000381469727,29.225000381469727,4037,0.0,0.0
2024-08-21 10:21:00-04:00,29.219999313354492,29.225000381469727,29.219999313354492,29.225000381469727,1875,0.0,0.0
2024-08-21 10:22:00-04:00,29.219999313354492,29.219999313354492,29.209999084472656,29.209999084472656,3047,0.0,0.0
2024-08-21 10:23:00-04:00,29.209999084472656,29.209999084472656,29.190000534057617,29.190000534057617,5282,0.0,0.0
2024-08-21 10:24:00-04:00,29.190000534057617,29.200000762939453,29.190000534057617,29.200000762939453,3711,0.0,0.0
2024-08-21 10:25:00-04:00,29.19499969482422,29.204999923706055,29.19499969482422,29.204999923706055,4720,0.0,0.0
2024-08-21 10:26:00-04:00,29.204999923706055,29.229999542236328,29.204999923706055,29.225000381469727,5642,0.0,0.0
2024-08-21 10:27:00-04:00,29.225000381469727,29.229999542236328,29.225000381469727,29.229999542236328,1170,0.0,0.0
2024-08-21 10:28:00-04:00,29.229999542236328,29.235000610351562,29.22330093383789,29.225000381469727,8286,0.0,0.0
2024-08-21 10:29:00-04:00,29.225000381469727,29.225000381469727,29.219999313354492,29.225000381469727,2574,0.0,0.0
2024-08-21 10:30:00-04:00,29.225000381469727,29.229999542236328,29.219999313354492,29.219999313354492,2676,0.0,0.0
2024-08-21 10:31:00-04:00,29.219999313354492,29.219999313354492,29.209999084472656,29.217500686645508,4509,0.0,0.0
2024-08-21 10:32:00-04:00,29.21500015258789,29.219999313354492,29.209999084472656,29.209999084472656,3375,0.0,0.0
2024-08-21 10:33:00-04:00,29.210500717163086,29.21500015258789,29.200000762939453,29.21500015258789,8252,0.0,0.0
2024-08-21 10:34:00-04:00,29.219999313354492,29.229999542236328,29.209999084472656,29.209999084472656,3348,0.0,0.0
2024-08-21 10:35:00-04:00,29.209999084472656,29.229000091552734,29.209999084472656,29.221099853515625,4826,0.0,0.0
2024-08-21 10:36:00-04:00,29.229999542236328,29.235000610351562,29.219999313354492,29.225000381469727,4788,0.0,0.0
2024-08-21 10:37:00-04:00,29.220199584960938,29.235000610351562,29.220199584960938,29.235000610351562,5160,0.0,0.0
2024-08-21 10:38:00-04:00,29.239999771118164,29.25,29.239999771118164,29.2450008392334,3473,0.0,0.0
2024-08-21 10:39:00-04:00,29.2450008392334,29.25,29.229999542236328,29.2450008392334,12078,0.0,0.0
2024-08-21 10:40:00-04:00,29.2450008392334,29.264999389648438,29.2450008392334,29.2549991607666,8550,0.0,0.0
2024-08-21 10:41:00-04:00,29.2549991607666,29.280000686645508,29.25,29.2731990814209,7008,0.0,0.0
2024-08-21 10:42:00-04:00,29.274999618530273,29.290000915527344,29.270000457763672,29.28499984741211,17835,0.0,0.0
2024-08-21 10:43:00-04:00,29.28499984741211,29.290000915527344,29.26460075378418,29.28499984741211,10748,0.0,0.0
2024-08-21 10:44:00-04:00,29.28499984741211,29.28499984741211,29.274999618530273,29.274999618530273,2428,0.0,0.0
2024-08-21 10:45:00-04:00,29.270000457763672,29.274999618530273,29.260000228881836,29.260000228881836,6754,0.0,0.0
2024-08-21 10:46:00-04:00,29.260000228881836,29.260000228881836,29.252500534057617,29.2549991607666,2953,0.0,0.0
2024-08-21 10:47:00-04:00,29.259899139404297,29.259899139404297,29.25,29.2549991607666,5071,0.0,0.0
2024-08-21 10:48:00-04:00,29.2549991607666,29.264999389648438,29.25,29.25510025024414,13377,0.0,0.0
2024-08-21 10:49:00-04:00,29.2549991607666,29.2549991607666,29.25,29.25,2864,0.0,0.0
2024-08-21 10:50:00-04:00,29.25,29.2549991607666,29.21500015258789,29.225000381469727,22264,0.0,0.0
2024-08-21 10:51:00-04:00,29.225000381469727,29.225000381469727,29.204999923706055,29.204999923706055,5436,0.0,0.0
2024-08-21 10:52:00-04:00,29.204999923706055,29.21500015258789,29.19499969482422,29.204999923706055,9220,0.0,0.0
2024-08-21 10:53:00-04:00,29.204999923706055,29.21500015258789,29.204999923706055,29.204999923706055,2999,0.0,0.0
2024-08-21 10:54:00-04:00,29.204999923706055,29.206300735473633,29.200000762939453,29.204999923706055,3762,0.0,0.0
2024-08-21 10:55:00-04:00,29.204999923706055,29.23270034790039,29.204999923706055,29.23270034790039,25913,0.0,0.0
2024-08-21 10:56:00-04:00,29.235000610351562,29.2549991607666,29.235000610351562,29.2549991607666,2515,0.0,0.0
2024-08-21 10:57:00-04:00,29.25,29.25,29.239999771118164,29.240299224853516,3924,0.0,0.0
2024-08-21 10:58:00-04:00,29.25,29.260000228881836,29.245500564575195,29.2549991607666,5195,0.0,0.0
2024-08-21 10:59:00-04:00,29.2549991607666,29.280000686645508,29.254899978637695,29.280000686645508,5320,0.0,0.0
2024-08-21 11:00:00-04:00,29.270000457763672,29.280000686645508,29.270000457763672,29.274999618530273,2309,0.0,0.0
2024-08-21 11:01:00-04:00,29.270000457763672,29.274999618530273,29.2450008392334,29.2450008392334,10576,0.0,0.0
2024-08-21 11:02:00-04:00,29.2450008392334,29.2450008392334,29.235000610351562,29.235000610351562,20798,0.0,0.0
2024-08-21 11:03:00-04:00,29.235000610351562,29.235000610351562,29.219999313354492,29.22800064086914,5125,0.0,0.0
2024-08-21 11:04:00-04:00,29.219999313354492,29.219999313354492,29.200000762939453,29.204999923706055,3100,0.0,0.0
2024-08-21 11:05:00-04:00,29.204999923706055,29.20989990234375,29.19499969482422,29.20989990234375,8389,0.0,0.0
2024-08-21 11:06:00-04:00,29.204999923706055,29.21500015258789,29.200000762939453,29.21500015258789,4564,0.0,0.0
2024-08-21 11:07:00-04:00,29.21500015258789,29.25,29.209999084472656,29.25,12979,0.0,0.0
2024-08-21 11:08:00-04:00,29.2549991607666,29.2549991607666,29.23080062866211,29.235000610351562,5012,0.0,0.0
2024-08-21 11:09:00-04:00,29.235000610351562,29.25,29.235000610351562,29.25,3272,0.0,0.0
2024-08-21 11:10:00-04:00,29.2450008392334,29.2549991607666,29.241199493408203,29.25,2830,0.0,0.0
2024-08-21 11:11:00-04:00,29.25,29.255300521850586,29.25,29.2549991607666,1747,0.0,0.0
2024-08-21 11:12:00-04:00,29.251100540161133,29.260000228881836,29.25079917907715,29.2549991607666,6278,0.0,0.0
2024-08-21 11:13:00-04:00,29.2549991607666,29.2549991607666,29.229999542236328,29.229999542236328,5681,0.0,0.0
2024-08-21 11:14:00-04:00,29.225000381469727,29.2450008392334,29.225000381469727,29.2450008392334,5168,0.0,0.0
2024-08-21 11:15:00-04:00,29.25,29.260000228881836,29.239999771118164,29.2450008392334,23944,0.0,0.0
2024-08-21 11:16:00-04:00,29.25,29.25,29.239999771118164,29.24850082397461,3128,0.0,0.0
2024-08-21 11:17:00-04:00,29.25,29.25,29.239999771118164,29.25,1992,0.0,0.0
2024-08-21 11:18:00-04:00,29.2450008392334,29.270000457763672,29.2450008392334,29.264999389648438,6070,0.0,0.0
2024-08-21 11:19:00-04:00,29.264999389648438,29.270000457763672,29.25,29.25,6162,0.0,0.0
2024-08-21 11:20:00-04:00,29.2549991607666,29.255300521850586,29.25,29.255300521850586,4395,0.0,0.0
2024-08-21 11:21:00-04:00,29.2549991607666,29.260000228881836,29.25,29.2549991607666,2555,0.0,0.0
2024-08-21 11:22:00-04:00,29.25,29.2549991607666,29.25,29.2549991607666,599,0.0,0.0
2024-08-21 11:23:00-04:00,29.25,29.260000228881836,29.25,29.2549991607666,1807,0.0,0.0
2024-08-21 11:24:00-04:00,29.2549991607666,29.260000228881836,29.25,29.2549991607666,7403,0.0,0.0
2024-08-21 11:25:00-04:00,29.2549991607666,29.256000518798828,29.25,29.252500534057617,2997,0.0,0.0
2024-08-21 11:26:00-04:00,29.2549991607666,29.2549991607666,29.239999771118164,29.239999771118164,11134,0.0,0.0
2024-08-21 11:27:00-04:00,29.2450008392334,29.2450008392334,29.232500076293945,29.235000610351562,5555,0.0,0.0
2024-08-21 11:28:00-04:00,29.232500076293945,29.235000610351562,29.200000762939453,29.202499389648438,22993,0.0,0.0
2024-08-21 11:29:00-04:00,29.204999923706055,29.21500015258789,29.204999923706055,29.20989990234375,14854,0.0,0.0
2024-08-21 11:30:00-04:00,29.204999923706055,29.209999084472656,29.190000534057617,29.19499969482422,18778,0.0,0.0
2024-08-21 11:31:00-04:00,29.200000762939453,29.21500015258789,29.19499969482422,29.21500015258789,6462,0.0,0.0
2024-08-21 11:32:00-04:00,29.21500015258789,29.21500015258789,29.209999084472656,29.21500015258789,11594,0.0,0.0
2024-08-21 11:33:00-04:00,29.204999923706055,29.204999923706055,29.190000534057617,29.1924991607666,5037,0.0,0.0
2024-08-21 11:34:00-04:00,29.1924991607666,29.19499969482422,29.1924991607666,29.19499969482422,1894,0.0,0.0
2024-08-21 11:35:00-04:00,29.1924991607666,29.204999923706055,29.1924991607666,29.204999923706055,5945,0.0,0.0
2024-08-21 11:36:00-04:00,29.204999923706055,29.209999084472656,29.200000762939453,29.204999923706055,2326,0.0,0.0
2024-08-21 11:37:00-04:00,29.200000762939453,29.204999923706055,29.200000762939453,29.204999923706055,1722,0.0,0.0
2024-08-21 11:38:00-04:00,29.204999923706055,29.204999923706055,29.204999923706055,29.204999923706055,3063,0.0,0.0
2024-08-21 11:39:00-04:00,29.204999923706055,29.239999771118164,29.200000762939453,29.239999771118164,8836,0.0,0.0
2024-08-21 11:40:00-04:00,29.239999771118164,29.239999771118164,29.229999542236328,29.239999771118164,4727,0.0,0.0
2024-08-21 11:41:00-04:00,29.239999771118164,29.239999771118164,29.229999542236328,29.235000610351562,3206,0.0,0.0
2024-08-21 11:42:00-04:00,29.232500076293945,29.239999771118164,29.22249984741211,29.227399826049805,6061,0.0,0.0
2024-08-21 11:43:00-04:00,29.229999542236328,29.239999771118164,29.21500015258789,29.21500015258789,8753,0.0,0.0
2024-08-21 11:44:00-04:00,29.21500015258789,29.229999542236328,29.21500015258789,29.229999542236328,7937,0.0,0.0
2024-08-21 11:45:00-04:00,29.229999542236328,29.235000610351562,29.225000381469727,29.229999542236328,13134,0.0,0.0
2024-08-21 11:46:00-04:00,29.225000381469727,29.226299285888672,29.219999313354492,29.219999313354492,4214,0.0,0.0
2024-08-21 11:47:00-04:00,29.21500015258789,29.219999313354492,29.202499389648438,29.202499389648438,7370,0.0,0.0
2024-08-21 11:48:00-04:00,29.204999923706055,29.209999084472656,29.202499389648438,29.209800720214844,3418,0.0,0.0
2024-08-21 11:49:00-04:00,29.204999923706055,29.20989990234375,29.18000030517578,29.189899444580078,31205,0.0,0.0
2024-08-21 11:50:00-04:00,29.184999465942383,29.186800003051758,29.18000030517578,29.18000030517578,2970,0.0,0.0
2024-08-21 11:51:00-04:00,29.18000030517578,29.184999465942383,29.15999984741211,29.174999237060547,14157,0.0,0.0
2024-08-21 11:52:00-04:00,29.174999237060547,29.18000030517578,29.166200637817383,29.18000030517578,9090,0.0,0.0
2024-08-21 11:53:00-04:00,29.18600082397461,29.190000534057617,29.180099487304688,29.189699172973633,5469,0.0,0.0
2024-08-21 11:54:00-04:00,29.184999465942383,29.189899444580078,29.18000030517578,29.184999465942383,3095,0.0,0.0
2024-08-21 11:55:00-04:00,29.18000030517578,29.18000030517578,29.15999984741211,29.15999984741211,3923,0.0,0.0
2024-08-21 11:56:00-04:00,29.165000915527344,29.165000915527344,29.15999984741211,29.165000915527344,1040,0.0,0.0
2024-08-21 11:57:00-04:00,29.165000915527344,29.16990089416504,29.16010093688965,29.165000915527344,3169,0.0,0.0
2024-08-21 11:58:00-04:00,29.15999984741211,29.16990089416504,29.149999618530273,29.149999618530273,6167,0.0,0.0
2024-08-21 11:59:00-04:00,29.155000686645508,29.155000686645508,29.149999618530273,29.149999618530273,3681,0.0,0.0
2024-08-21 12:00:00-04:00,29.155000686645508,29.155000686645508,29.1200008392334,29.1200008392334,11899,0.0,0.0
2024-08-21 12:01:00-04:00,29.125,29.135000228881836,29.1200008392334,29.1200008392334,4630,0.0,0.0
2024-08-21 12:02:00-04:00,29.110000610351562,29.110000610351562,29.094999313354492,29.094999313354492,2061,0.0,0.0
2024-08-21 12:03:00-04:00,29.100000381469727,29.104999542236328,29.094900131225586,29.094900131225586,4400,0.0,0.0
2024-08-21 12:04:00-04:00,29.094999313354492,29.104999542236328,29.094999313354492,29.104999542236328,4166,0.0,0.0
2024-08-21 12:05:00-04:00,29.110000610351562,29.115999221801758,29.110000610351562,29.114999771118164,6008,0.0,0.0
2024-08-21 12:06:00-04:00,29.114999771118164,29.1299991607666,29.114999771118164,29.12179946899414,3825,0.0,0.0
2024-08-21 12:07:00-04:00,29.125,29.125,29.110000610351562,29.110000610351562,5661,0.0,0.0
2024-08-21 12:08:00-04:00,29.114999771118164,29.116300582885742,29.114999771118164,29.114999771118164,1307,0.0,0.0
2024-08-21 12:09:00-04:00,29.110000610351562,29.115299224853516,29.110000610351562,29.114999771118164,1649,0.0,0.0
2024-08-21 12:10:00-04:00,29.114999771118164,29.1200008392334,29.113500595092773,29.114999771118164,2546,0.0,0.0
2024-08-21 12:11:00-04:00,29.114999771118164,29.1200008392334,29.110000610351562,29.11989974975586,2158,0.0,0.0
2024-08-21 12:12:00-04:00,29.110599517822266,29.115100860595703,29.110000610351562,29.115100860595703,3330,0.0,0.0
2024-08-21 12:13:00-04:00,29.1200008392334,29.15999984741211,29.1200008392334,29.149999618530273,17919,0.0,0.0
2024-08-21 12:14:00-04:00,29.150999069213867,29.15999984741211,29.145000457763672,29.150100708007812,7080,0.0,0.0
2024-08-21 12:15:00-04:00,29.149999618530273,29.159900665283203,29.149999618530273,29.149999618530273,3080,0.0,0.0
2024-08-21 12:16:00-04:00,29.149999618530273,29.15999984741211,29.149999618530273,29.155000686645508,1824,0.0,0.0
2024-08-21 12:17:00-04:00,29.155000686645508,29.159799575805664,29.155000686645508,29.159799575805664,1994,0.0,0.0
2024-08-21 12:18:00-04:00,29.149999618530273,29.1564998626709,29.149999618530273,29.155000686645508,2609,0.0,0.0
2024-08-21 12:19:00-04:00,29.149999618530273,29.15999984741211,29.149999618530273,29.155000686645508,2008,0.0,0.0
2024-08-21 12:20:00-04:00,29.15999984741211,29.18000030517578,29.15999984741211,29.174999237060547,9556,0.0,0.0
2024-08-21 12:21:00-04:00,29.174999237060547,29.200000762939453,29.170000076293945,29.200000762939453,8314,0.0,0.0
2024-08-21 12:22:00-04:00,29.200000762939453,29.209999084472656,29.200000762939453,29.209999084472656,4427,0.0,0.0
2024-08-21 12:23:00-04:00,29.209999084472656,29.225000381469727,29.209999084472656,29.225000381469727,12159,0.0,0.0
2024-08-21 12:24:00-04:00,29.219999313354492,29.225000381469727,29.209999084472656,29.215200424194336,4001,0.0,0.0
2024-08-21 12:25:00-04:00,29.21500015258789,29.21500015258789,29.214099884033203,29.21500015258789,1708,0.0,0.0
2024-08-21 12:26:00-04:00,29.21500015258789,29.219999313354492,29.209999084472656,29.219999313354492,4632,0.0,0.0
2024-08-21 12:27:00-04:00,29.225000381469727,29.229999542236328,29.225000381469727,29.225000381469727,1408,0.0,0.0
2024-08-21 12:28:00-04:00,29.225000381469727,29.225000381469727,29.184999465942383,29.184999465942383,4287,0.0,0.0
2024-08-21 12:29:00-04:00,29.189899444580078,29.200000762939453,29.18000030517578,29.190000534057617,7508,0.0,0.0
2024-08-21 12:30:00-04:00,29.19499969482422,29.19499969482422,29.190000534057617,29.190000534057617,1958,0.0,0.0
2024-08-21 12:31:00-04:00,29.190000534057617,29.190000534057617,29.170000076293945,29.170000076293945,2874,0.0,0.0
2024-08-21 12:32:00-04:00,29.170000076293945,29.170000076293945,29.139999389648438,29.143699645996094,2658,0.0,0.0
2024-08-21 12:33:00-04:00,29.139999389648438,29.170000076293945,29.139999389648438,29.165000915527344,4273,0.0,0.0
2024-08-21 12:34:00-04:00,29.165000915527344,29.165000915527344,29.165000915527344,29.165000915527344,1952,0.0,0.0
2024-08-21 12:35:00-04:00,29.165000915527344,29.166000366210938,29.15999984741211,29.15999984741211,1691,0.0,0.0
2024-08-21 12:36:00-04:00,29.15999984741211,29.165000915527344,29.15999984741211,29.165000915527344,1721,0.0,0.0
2024-08-21 12:37:00-04:00,29.15999984741211,29.15999984741211,29.155000686645508,29.155000686645508,1329,0.0,0.0
2024-08-21 12:38:00-04:00,29.155000686645508,29.15999984741211,29.155000686645508,29.15999984741211,3484,0.0,0.0
2024-08-21 12:39:00-04:00,29.165300369262695,29.169099807739258,29.155000686645508,29.155000686645508,10574,0.0,0.0
2024-08-21 12:40:00-04:00,29.155000686645508,29.155000686645508,29.149999618530273,29.155000686645508,1174,0.0,0.0
2024-08-21 12:41:00-04:00,29.149999618530273,29.155000686645508,29.145000457763672,29.155000686645508,5126,0.0,0.0
2024-08-21 12:42:00-04:00,29.150100708007812,29.159799575805664,29.149999618530273,29.149999618530273,7480,0.0,0.0
2024-08-21 12:43:00-04:00,29.149999618530273,29.151100158691406,29.149999618530273,29.151100158691406,640,0.0,0.0
2024-08-21 12:44:00-04:00,29.149999618530273,29.15220069885254,29.149999618530273,29.15220069885254,1692,0.0,0.0
2024-08-21 12:45:00-04:00,29.149999618530273,29.155000686645508,29.149999618530273,29.149999618530273,1711,0.0,0.0
2024-08-21 12:46:00-04:00,29.149999618530273,29.155000686645508,29.149999618530273,29.155000686645508,2527,0.0,0.0
2024-08-21 12:47:00-04:00,29.155000686645508,29.155000686645508,29.149999618530273,29.15489959716797,2691,0.0,0.0
2024-08-21 12:48:00-04:00,29.150800704956055,29.155000686645508,29.139999389648438,29.139999389648438,4338,0.0,0.0
2024-08-21 12:49:00-04:00,29.148099899291992,29.148099899291992,29.139999389648438,29.139999389648438,1136,0.0,0.0
2024-08-21 12:50:00-04:00,29.139999389648438,29.149999618530273,29.139999389648438,29.149999618530273,4390,0.0,0.0
2024-08-21 12:51:00-04:00,29.149999618530273,29.149999618530273,29.145000457763672,29.145000457763672,1333,0.0,0.0
2024-08-21 12:52:00-04:00,29.145000457763672,29.145000457763672,29.141000747680664,29.141000747680664,1408,0.0,0.0
2024-08-21 12:53:00-04:00,29.149999618530273,29.149999618530273,29.139999389648438,29.139999389648438,1077,0.0,0.0
2024-08-21 12:54:00-04:00,29.145000457763672,29.149999618530273,29.139999389648438,29.139999389648438,9737,0.0,0.0
2024-08-21 12:55:00-04:00,29.140600204467773,29.145000457763672,29.1200008392334,29.125,18022,0.0,0.0
2024-08-21 12:56:00-04:00,29.1200008392334,29.139999389648438,29.1200008392334,29.12980079650879,5498,0.0,0.0
2024-08-21 12:57:00-04:00,29.125,29.125,29.124500274658203,29.125,2303,0.0,0.0
2024-08-21 12:58:00-04:00,29.1299991607666,29.1299991607666,29.125,29.12969970703125,1296,0.0,0.0
2024-08-21 12:59:00-04:00,29.1299991607666,29.135000228881836,29.125699996948242,29.1299991607666,3022,0.0,0.0
2024-08-21 13:00:00-04:00,29.135000228881836,29.135000228881836,29.125,29.125,2722,0.0,0.0
2024-08-21 13:01:00-04:00,29.1299991607666,29.139999389648438,29.125200271606445,29.135000228881836,4467,0.0,0.0
2024-08-21 13:02:00-04:00,29.139699935913086,29.149999618530273,29.135000228881836,29.149999618530273,4077,0.0,0.0
2024-08-21 13:03:00-04:00,29.149999618530273,29.149999618530273,29.139999389648438,29.139999389648438,13085,0.0,0.0
2024-08-21 13:04:00-04:00,29.139999389648438,29.139999389648438,29.1299991607666,29.135000228881836,7678,0.0,0.0
2024-08-21 13:05:00-04:00,29.139999389648438,29.145000457763672,29.1200008392334,29.1200008392334,11811,0.0,0.0
2024-08-21 13:06:00-04:00,29.1200008392334,29.129899978637695,29.114999771118164,29.125,6132,0.0,0.0
2024-08-21 13:07:00-04:00,29.1200008392334,29.125,29.110000610351562,29.118999481201172,4170,0.0,0.0
2024-08-21 13:08:00-04:00,29.114999771118164,29.1299991607666,29.11370086669922,29.114999771118164,6173,0.0,0.0
2024-08-21 13:09:00-04:00,29.114200592041016,29.135000228881836,29.11009979248047,29.135000228881836,19651,0.0,0.0
2024-08-21 13:10:00-04:00,29.1299991607666,29.145000457763672,29.1299991607666,29.139999389648438,14043,0.0,0.0
2024-08-21 13:11:00-04:00,29.139999389648438,29.139999389648438,29.135000228881836,29.139999389648438,3253,0.0,0.0
2024-08-21 13:12:00-04:00,29.139999389648438,29.139999389648438,29.125,29.125,1294,0.0,0.0
2024-08-21 13:13:00-04:00,29.125,29.1299991607666,29.1200008392334,29.129899978637695,2660,0.0,0.0
2024-08-21 13:14:00-04:00,29.125,29.1299991607666,29.1200008392334,29.1200008392334,3860,0.0,0.0
2024-08-21 13:15:00-04:00,29.125,29.125,29.100000381469727,29.100000381469727,7777,0.0,0.0
2024-08-21 13:16:00-04:00,29.100000381469727,29.104999542236328,29.100000381469727,29.100900650024414,1782,0.0,0.0
2024-08-21 13:17:00-04:00,29.100000381469727,29.106599807739258,29.09000015258789,29.094999313354492,13541,0.0,0.0
2024-08-21 13:18:00-04:00,29.094999313354492,29.09510040283203,29.09000015258789,29.09000015258789,2259,0.0,0.0
2024-08-21 13:19:00-04:00,29.098899841308594,29.098899841308594,29.075000762939453,29.075000762939453,8263,0.0,0.0
2024-08-21 13:20:00-04:00,29.084999084472656,29.094999313354492,29.08009910583496,29.084999084472656,10383,0.0,0.0
2024-08-21 13:21:00-04:00,29.09000015258789,29.09000015258789,29.084999084472656,29.084999084472656,5015,0.0,0.0
2024-08-21 13:22:00-04:00,29.084999084472656,29.085899353027344,29.080799102783203,29.084999084472656,1869,0.0,0.0
2024-08-21 13:23:00-04:00,29.09000015258789,29.09000015258789,29.084999084472656,29.084999084472656,1597,0.0,0.0
2024-08-21 13:24:00-04:00,29.079999923706055,29.09000015258789,29.079999923706055,29.09000015258789,2858,0.0,0.0
2024-08-21 13:25:00-04:00,29.08530044555664,29.089399337768555,29.084999084472656,29.084999084472656,1327,0.0,0.0
2024-08-21 13:26:00-04:00,29.081300735473633,29.08989906311035,29.079999923706055,29.084999084472656,3885,0.0,0.0
2024-08-21 13:27:00-04:00,29.0802001953125,29.084999084472656,29.079999923706055,29.084999084472656,8191,0.0,0.0
2024-08-21 13:28:00-04:00,29.084999084472656,29.084999084472656,29.079999923706055,29.084999084472656,5080,0.0,0.0
2024-08-21 13:29:00-04:00,29.084999084472656,29.08989906311035,29.079999923706055,29.084999084472656,2497,0.0,0.0
2024-08-21 13:30:00-04:00,29.084999084472656,29.094999313354492,29.079999923706055,29.086000442504883,8856,0.0,0.0
2024-08-21 13:31:00-04:00,29.084999084472656,29.086700439453125,29.079999923706055,29.079999923706055,2533,0.0,0.0
2024-08-21 13:32:00-04:00,29.084999084472656,29.08989906311035,29.079999923706055,29.08989906311035,6464,0.0,0.0
2024-08-21 13:33:00-04:00,29.084999084472656,29.09000015258789,29.084999084472656,29.09000015258789,7099,0.0,0.0
2024-08-21 13:34:00-04:00,29.084999084472656,29.09000015258789,29.079999923706055,29.084999084472656,2266,0.0,0.0
2024-08-21 13:35:00-04:00,29.0851993560791,29.09000015258789,29.079999923706055,29.084999084472656,14151,0.0,0.0
2024-08-21 13:36:00-04:00,29.079999923706055,29.08989906311035,29.079999923706055,29.08989906311035,9349,0.0,0.0
2024-08-21 13:37:00-04:00,29.084999084472656,29.094999313354492,29.084999084472656,29.084999084472656,7914,0.0,0.0
2024-08-21 13:38:00-04:00,29.079999923706055,29.079999923706055,29.06999969482422,29.075000762939453,4388,0.0,0.0
2024-08-21 13:39:00-04:00,29.075000762939453,29.075000762939453,29.06999969482422,29.075000762939453,2405,0.0,0.0
2024-08-21 13:40:00-04:00,29.075000762939453,29.075000762939453,29.065000534057617,29.065000534057617,4111,0.0,0.0
2024-08-21 13:41:00-04:00,29.065000534057617,29.079999923706055,29.065000534057617,29.075000762939453,6570,0.0,0.0
2024-08-21 13:42:00-04:00,29.075000762939453,29.075000762939453,29.070100784301758,29.075000762939453,960,0.0,0.0
2024-08-21 13:43:00-04:00,29.075000762939453,29.075000762939453,29.049999237060547,29.059999465942383,7588,0.0,0.0
2024-08-21 13:44:00-04:00,29.059900283813477,29.059999465942383,29.05500030517578,29.05500030517578,1018,0.0,0.0
2024-08-21 13:45:00-04:00,29.059999465942383,29.075000762939453,29.059999465942383,29.075000762939453,5557,0.0,0.0
2024-08-21 13:46:00-04:00,29.075000762939453,29.075000762939453,29.070999145507812,29.075000762939453,1541,0.0,0.0
2024-08-21 13:47:00-04:00,29.07990074157715,29.079999923706055,29.06999969482422,29.075000762939453,2751,0.0,0.0
2024-08-21 13:48:00-04:00,29.076799392700195,29.076799392700195,29.06999969482422,29.075000762939453,2093,0.0,0.0
2024-08-21 13:49:00-04:00,29.078800201416016,29.078800201416016,29.06999969482422,29.076000213623047,1271,0.0,0.0
2024-08-21 13:50:00-04:00,29.075000762939453,29.076499938964844,29.065000534057617,29.065000534057617,7346,0.0,0.0
2024-08-21 13:51:00-04:00,29.065000534057617,29.06529998779297,29.065000534057617,29.065000534057617,2397,0.0,0.0
2024-08-21 13:52:00-04:00,29.059999465942383,29.065000534057617,29.059999465942383,29.059999465942383,4144,0.0,0.0
2024-08-21 13:53:00-04:00,29.065000534057617,29.06999969482422,29.059999465942383,29.065000534057617,4488,0.0,0.0
2024-08-21 13:54:00-04:00,29.059999465942383,29.065000534057617,29.05500030517578,29.05500030517578,8878,0.0,0.0
2024-08-21 13:55:00-04:00,29.049999237060547,29.059999465942383,29.040000915527344,29.045000076293945,34872,0.0,0.0
2024-08-21 13:56:00-04:00,29.043500900268555,29.04759979248047,29.043500900268555,29.045000076293945,1788,0.0,0.0
2024-08-21 13:57:00-04:00,29.045000076293945,29.045000076293945,29.030000686645508,29.03499984741211,7554,0.0,0.0
2024-08-21 13:58:00-04:00,29.03499984741211,29.03499984741211,29.03499984741211,29.03499984741211,2962,0.0,0.0
2024-08-21 13:59:00-04:00,29.03499984741211,29.05500030517578,29.03499984741211,29.05500030517578,9031,0.0,0.0
2024-08-21 14:00:00-04:00,29.050600051879883,29.065000534057617,29.050600051879883,29.065000534057617,12187,0.0,0.0
2024-08-21 14:01:00-04:00,29.059999465942383,29.059999465942383,29.040599822998047,29.040599822998047,5571,0.0,0.0
2024-08-21 14:02:00-04:00,29.045000076293945,29.045000076293945,29.024999618530273,29.024999618530273,2553,0.0,0.0
2024-08-21 14:03:00-04:00,29.024999618530273,29.030000686645508,29.02090072631836,29.030000686645508,6096,0.0,0.0
2024-08-21 14:04:00-04:00,29.03499984741211,29.03499984741211,29.03499984741211,29.03499984741211,624,0.0,0.0
2024-08-21 14:05:00-04:00,29.040000915527344,29.040000915527344,29.02079963684082,29.02079963684082,4289,0.0,0.0
2024-08-21 14:06:00-04:00,29.024999618530273,29.030000686645508,29.020000457763672,29.030000686645508,3206,0.0,0.0
2024-08-21 14:07:00-04:00,29.03499984741211,29.049999237060547,29.03499984741211,29.049999237060547,3327,0.0,0.0
2024-08-21 14:08:00-04:00,29.049999237060547,29.049999237060547,29.045000076293945,29.045000076293945,1360,0.0,0.0
2024-08-21 14:09:00-04:00,29.048900604248047,29.049999237060547,29.045000076293945,29.049999237060547,1699,0.0,0.0
2024-08-21 14:10:00-04:00,29.040000915527344,29.045000076293945,29.040000915527344,29.045000076293945,1241,0.0,0.0
2024-08-21 14:11:00-04:00,29.045000076293945,29.045000076293945,29.03499984741211,29.040000915527344,6170,0.0,0.0
2024-08-21 14:12:00-04:00,29.045000076293945,29.045000076293945,29.030000686645508,29.030000686645508,2794,0.0,0.0
2024-08-21 14:13:00-04:00,29.020000457763672,29.030000686645508,29.020000457763672,29.024999618530273,6614,0.0,0.0
2024-08-21 14:14:00-04:00,29.020000457763672,29.030000686645508,29.020000457763672,29.030000686645508,844,0.0,0.0
2024-08-21 14:15:00-04:00,29.024999618530273,29.049999237060547,29.024999618530273,29.049999237060547,7880,0.0,0.0
2024-08-21 14:16:00-04:00,29.055599212646484,29.059999465942383,29.049999237060547,29.049999237060547,4987,0.0,0.0
2024-08-21 14:17:00-04:00,29.05500030517578,29.05590057373047,29.05500030517578,29.05500030517578,2476,0.0,0.0
2024-08-21 14:18:00-04:00,29.05500030517578,29.05500030517578,29.051000595092773,29.051000595092773,1115,0.0,0.0
2024-08-21 14:19:00-04:00,29.059999465942383,29.059999465942383,29.05500030517578,29.059999465942383,1863,0.0,0.0
2024-08-21 14:20:00-04:00,29.05500030517578,29.05500030517578,29.05500030517578,29.05500030517578,1159,0.0,0.0
2024-08-21 14:21:00-04:00,29.05500030517578,29.059900283813477,29.049999237060547,29.05500030517578,3015,0.0,0.0
2024-08-21 14:22:00-04:00,29.049999237060547,29.05500030517578,29.041099548339844,29.045000076293945,3520,0.0,0.0
2024-08-21 14:23:00-04:00,29.045000076293945,29.049800872802734,29.040000915527344,29.045000076293945,5960,0.0,0.0
2024-08-21 14:24:00-04:00,29.049999237060547,29.05500030517578,29.045000076293945,29.049999237060547,11750,0.0,0.0
2024-08-21 14:25:00-04:00,29.049999237060547,29.059799194335938,29.049999237060547,29.049999237060547,4674,0.0,0.0
2024-08-21 14:26:00-04:00,29.05500030517578,29.05500030517578,29.050899505615234,29.050899505615234,771,0.0,0.0
2024-08-21 14:27:00-04:00,29.050899505615234,29.05500030517578,29.050899505615234,29.05500030517578,1263,0.0,0.0
2024-08-21 14:28:00-04:00,29.049999237060547,29.049999237060547,29.049999237060547,29.049999237060547,576,0.0,0.0
2024-08-21 14:29:00-04:00,29.049999237060547,29.05500030517578,29.049999237060547,29.05500030517578,2325,0.0,0.0
2024-08-21 14:30:00-04:00,29.05500030517578,29.065000534057617,29.049999237060547,29.065000534057617,12926,0.0,0.0
2024-08-21 14:31:00-04:00,29.065000534057617,29.065000534057617,29.059999465942383,29.065000534057617,2389,0.0,0.0
2024-08-21 14:32:00-04:00,29.065000534057617,29.079999923706055,29.065000534057617,29.075000762939453,10749,0.0,0.0
2024-08-21 14:33:00-04:00,29.079999923706055,29.084999084472656,29.075000762939453,29.075000762939453,11919,0.0,0.0
2024-08-21 14:34:00-04:00,29.06999969482422,29.06999969482422,29.059999465942383,29.059999465942383,3523,0.0,0.0
2024-08-21 14:35:00-04:00,29.06999969482422,29.06999969482422,29.049999237060547,29.05500030517578,3084,0.0,0.0
2024-08-21 14:36:00-04:00,29.053600311279297,29.05500030517578,29.053600311279297,29.05500030517578,2138,0.0,0.0
2024-08-21 14:37:00-04:00,29.05500030517578,29.05970001220703,29.05500030517578,29.05970001220703,312,0.0,0.0
2024-08-21 14:38:00-04:00,29.05500030517578,29.05970001220703,29.045000076293945,29.05500030517578,17272,0.0,0.0
2024-08-21 14:39:00-04:00,29.05500030517578,29.06999969482422,29.05500030517578,29.06089973449707,7039,0.0,0.0
2024-08-21 14:40:00-04:00,29.059999465942383,29.065000534057617,29.059999465942383,29.065000534057617,2331,0.0,0.0
2024-08-21 14:41:00-04:00,29.065000534057617,29.069900512695312,29.065000534057617,29.06920051574707,2606,0.0,0.0
2024-08-21 14:42:00-04:00,29.065000534057617,29.065000534057617,29.059999465942383,29.059999465942383,742,0.0,0.0
2024-08-21 14:43:00-04:00,29.065000534057617,29.069900512695312,29.059999465942383,29.059999465942383,3834,0.0,0.0
2024-08-21 14:44:00-04:00,29.059999465942383,29.065000534057617,29.059999465942383,29.059999465942383,902,0.0,0.0
2024-08-21 14:45:00-04:00,29.065000534057617,29.09000015258789,29.059999465942383,29.084999084472656,26702,0.0,0.0
2024-08-21 14:46:00-04:00,29.084999084472656,29.094999313354492,29.084999084472656,29.084999084472656,8941,0.0,0.0
2024-08-21 14:47:00-04:00,29.084999084472656,29.09000015258789,29.081100463867188,29.084999084472656,2141,0.0,0.0
2024-08-21 14:48:00-04:00,29.079999923706055,29.079999923706055,29.075000762939453,29.075000762939453,1106,0.0,0.0
2024-08-21 14:49:00-04:00,29.079099655151367,29.09000015258789,29.07469940185547,29.084999084472656,9470,0.0,0.0
2024-08-21 14:50:00-04:00,29.084999084472656,29.08679962158203,29.084999084472656,29.08679962158203,1092,0.0,0.0
2024-08-21 14:51:00-04:00,29.084999084472656,29.084999084472656,29.079999923706055,29.08099937438965,1856,0.0,0.0
2024-08-21 14:52:00-04:00,29.079999923706055,29.084999084472656,29.075000762939453,29.07990074157715,2326,0.0,0.0
2024-08-21 14:53:00-04:00,29.079999923706055,29.097200393676758,29.079999923706055,29.097200393676758,11316,0.0,0.0
2024-08-21 14:54:00-04:00,29.094999313354492,29.094999313354492,29.090099334716797,29.094999313354492,1613,0.0,0.0
2024-08-21 14:55:00-04:00,29.094999313354492,29.100000381469727,29.09000015258789,29.094999313354492,6117,0.0,0.0
2024-08-21 14:56:00-04:00,29.094999313354492,29.100000381469727,29.094999313354492,29.094999313354492,1713,0.0,0.0
2024-08-21 14:57:00-04:00,29.094999313354492,29.100000381469727,29.084999084472656,29.084999084472656,5791,0.0,0.0
2024-08-21 14:58:00-04:00,29.09000015258789,29.09000015258789,29.079999923706055,29.084999084472656,7661,0.0,0.0
2024-08-21 14:59:00-04:00,29.084999084472656,29.09000015258789,29.079999923706055,29.09000015258789,1450,0.0,0.0
2024-08-21 15:00:00-04:00,29.084999084472656,29.084999084472656,29.084999084472656,29.084999084472656,2317,0.0,0.0
2024-08-21 15:01:00-04:00,29.084999084472656,29.084999084472656,29.079999923706055,29.079999923706055,1415,0.0,0.0
2024-08-21 15:02:00-04:00,29.079999923706055,29.079999923706055,29.06999969482422,29.06999969482422,3592,0.0,0.0
2024-08-21 15:03:00-04:00,29.071399688720703,29.075000762939453,29.071399688720703,29.075000762939453,2569,0.0,0.0
2024-08-21 15:04:00-04:00,29.07990074157715,29.07990074157715,29.059999465942383,29.065000534057617,15822,0.0,0.0
2024-08-21 15:05:00-04:00,29.06999969482422,29.084999084472656,29.059999465942383,29.065000534057617,15471,0.0,0.0
2024-08-21 15:06:00-04:00,29.065000534057617,29.06999969482422,29.059999465942383,29.06999969482422,2710,0.0,0.0
2024-08-21 15:07:00-04:00,29.06999969482422,29.06999969482422,29.065000534057617,29.065000534057617,6206,0.0,0.0
2024-08-21 15:08:00-04:00,29.069900512695312,29.06999969482422,29.049999237060547,29.05500030517578,13958,0.0,0.0
2024-08-21 15:09:00-04:00,29.05500030517578,29.05500030517578,29.040000915527344,29.040000915527344,7405,0.0,0.0
2024-08-21 15:10:00-04:00,29.045000076293945,29.059999465942383,29.042499542236328,29.059999465942383,6193,0.0,0.0
2024-08-21 15:11:00-04:00,29.05500030517578,29.059999465942383,29.052499771118164,29.05500030517578,4884,0.0,0.0
2024-08-21 15:12:00-04:00,29.05500030517578,29.059999465942383,29.051300048828125,29.05500030517578,3352,0.0,0.0
2024-08-21 15:13:00-04:00,29.059999465942383,29.059999465942383,29.05500030517578,29.05500030517578,8214,0.0,0.0
2024-08-21 15:14:00-04:00,29.05500030517578,29.059999465942383,29.049999237060547,29.05500030517578,2460,0.0,0.0
2024-08-21 15:15:00-04:00,29.05500030517578,29.05500030517578,29.049999237060547,29.05500030517578,2392,0.0,0.0
2024-08-21 15:16:00-04:00,29.059999465942383,29.059999465942383,29.049999237060547,29.05500030517578,4754,0.0,0.0
2024-08-21 15:17:00-04:00,29.05139923095703,29.059999465942383,29.049999237060547,29.05500030517578,4285,0.0,0.0
2024-08-21 15:18:00-04:00,29.05500030517578,29.05500030517578,29.049999237060547,29.05500030517578,3186,0.0,0.0
2024-08-21 15:19:00-04:00,29.05500030517578,29.055599212646484,29.049999237060547,29.049999237060547,1850,0.0,0.0
2024-08-21 15:20:00-04:00,29.05500030517578,29.0580997467041,29.049999237060547,29.05500030517578,5550,0.0,0.0
2024-08-21 15:21:00-04:00,29.05500030517578,29.055999755859375,29.049999237060547,29.052499771118164,3326,0.0,0.0
2024-08-21 15:22:00-04:00,29.05500030517578,29.05500030517578,29.040000915527344,29.040000915527344,7086,0.0,0.0
2024-08-21 15:23:00-04:00,29.045000076293945,29.049999237060547,29.040000915527344,29.049999237060547,3543,0.0,0.0
2024-08-21 15:24:00-04:00,29.045400619506836,29.045400619506836,29.030000686645508,29.030000686645508,14841,0.0,0.0
2024-08-21 15:25:00-04:00,29.03499984741211,29.040000915527344,29.030000686645508,29.03499984741211,5607,0.0,0.0
2024-08-21 15:26:00-04:00,29.03499984741211,29.045000076293945,29.024999618530273,29.024999618530273,45857,0.0,0.0
2024-08-21 15:27:00-04:00,29.024999618530273,29.025999069213867,29.020000457763672,29.024999618530273,17990,0.0,0.0
2024-08-21 15:28:00-04:00,29.024999618530273,29.024999618530273,29.010000228881836,29.014999389648438,16143,0.0,0.0
2024-08-21 15:29:00-04:00,29.014999389648438,29.020000457763672,29.010000228881836,29.014999389648438,13052,0.0,0.0
2024-08-21 15:30:00-04:00,29.014999389648438,29.019699096679688,29.010000228881836,29.010000228881836,6488,0.0,0.0
2024-08-21 15:31:00-04:00,29.014999389648438,29.014999389648438,29.0049991607666,29.0049991607666,9421,0.0,0.0
2024-08-21 15:32:00-04:00,29.0049991607666,29.0049991607666,28.989999771118164,29.0,54484,0.0,0.0
2024-08-21 15:33:00-04:00,29.0,29.0049991607666,29.0,29.0,6650,0.0,0.0
2024-08-21 15:34:00-04:00,29.0,29.0,28.9950008392334,28.9950008392334,7698,0.0,0.0
2024-08-21 15:35:00-04:00,29.0,29.0,28.989999771118164,28.9950008392334,7939,0.0,0.0
2024-08-21 15:36:00-04:00,28.989999771118164,29.0,28.989999771118164,28.9950008392334,3975,0.0,0.0
2024-08-21 15:37:00-04:00,28.9950008392334,28.998699188232422,28.9950008392334,28.9950008392334,1690,0.0,0.0
2024-08-21 15:38:00-04:00,28.9950008392334,28.9950008392334,28.989999771118164,28.9950008392334,3757,0.0,0.0
2024-08-21 15:39:00-04:00,28.989999771118164,29.0049991607666,28.989999771118164,29.0049991607666,18324,0.0,0.0
2024-08-21 15:40:00-04:00,29.0049991607666,29.010000228881836,29.0049991607666,29.010000228881836,10179,0.0,0.0
2024-08-21 15:41:00-04:00,29.0049991607666,29.010000228881836,29.0,29.0,10807,0.0,0.0
2024-08-21 15:42:00-04:00,29.0049991607666,29.0049991607666,28.9950008392334,28.9950008392334,6648,0.0,0.0
2024-08-21 15:43:00-04:00,28.989999771118164,28.989999771118164,28.979999542236328,28.985000610351562,13818,0.0,0.0
2024-08-21 15:44:00-04:00,28.989999771118164,28.989999771118164,28.979999542236328,28.985000610351562,13697,0.0,0.0
2024-08-21 15:45:00-04:00,28.985000610351562,28.989999771118164,28.979999542236328,28.985000610351562,4597,0.0,0.0
2024-08-21 15:46:00-04:00,28.985000610351562,28.989900588989258,28.96500015258789,28.96500015258789,14678,0.0,0.0
2024-08-21 15:47:00-04:00,28.96500015258789,28.969999313354492,28.962400436401367,28.962400436401367,12348,0.0,0.0
2024-08-21 15:48:00-04:00,28.959999084472656,28.969999313354492,28.959999084472656,28.96500015258789,4085,0.0,0.0
2024-08-21 15:49:00-04:00,28.96500015258789,28.969999313354492,28.959999084472656,28.964000701904297,9016,0.0,0.0
2024-08-21 15:50:00-04:00,28.969999313354492,29.0,28.969999313354492,28.985000610351562,46673,0.0,0.0
2024-08-21 15:51:00-04:00,28.979999542236328,28.989999771118164,28.979999542236328,28.985000610351562,14680,0.0,0.0
2024-08-21 15:52:00-04:00,28.989999771118164,29.0049991607666,28.982500076293945,29.0049991607666,31005,0.0,0.0
2024-08-21 15:53:00-04:00,29.0049991607666,29.0049991607666,28.98110008239746,28.985000610351562,29278,0.0,0.0
2024-08-21 15:54:00-04:00,28.985000610351562,28.989999771118164,28.979999542236328,28.985000610351562,40626,0.0,0.0
2024-08-21 15:55:00-04:00,28.985000610351562,28.989999771118164,28.979999542236328,28.985000610351562,12734,0.0,0.0
2024-08-21 15:56:00-04:00,28.979999542236328,29.0,28.979999542236328,28.985000610351562,92471,0.0,0.0
2024-08-21 15:57:00-04:00,28.979999542236328,28.985000610351562,28.950000762939453,28.954999923706055,71260,0.0,0.0
2024-08-21 15:58:00-04:00,28.954999923706055,28.989999771118164,28.954999923706055,28.985000610351562,147250,0.0,0.0
2024-08-21 15:59:00-04:00,28.985000610351562,29.010000228881836,28.985000610351562,29.0,152481,0.0,0.0
2024-08-22 09:30:00-04:00,29.049999237060547,29.1299991607666,29.020000457763672,29.049999237060547,45199,0.0,0.0
2024-08-22 09:31:00-04:00,29.059999465942383,29.060100555419922,29.05500030517578,29.060100555419922,1916,0.0,0.0
2024-08-22 09:32:00-04:00,29.059999465942383,29.059999465942383,29.049999237060547,29.049999237060547,2766,0.0,0.0
2024-08-22 09:33:00-04:00,29.049999237060547,29.049999237060547,29.047500610351562,29.047500610351562,794,0.0,0.0
2024-08-22 09:34:00-04:00,29.049999237060547,29.049999237060547,29.049999237060547,29.049999237060547,1338,0.0,0.0
2024-08-22 09:35:00-04:00,29.05500030517578,29.059999465942383,29.05500030517578,29.056299209594727,8296,0.0,0.0
2024-08-22 09:36:00-04:00,29.066999435424805,29.08989906311035,29.066999435424805,29.084999084472656,6205,0.0,0.0
2024-08-22 09:37:00-04:00,29.084999084472656,29.084999084472656,29.079999923706055,29.084999084472656,2019,0.0,0.0
2024-08-22 09:38:00-04:00,29.084999084472656,29.094999313354492,29.084999084472656,29.094999313354492,3137,0.0,0.0
2024-08-22 09:39:00-04:00,29.100000381469727,29.10740089416504,29.084999084472656,29.084999084472656,8431,0.0,0.0
2024-08-22 09:40:00-04:00,29.082199096679688,29.08989906311035,29.08009910583496,29.08989906311035,1261,0.0,0.0
2024-08-22 09:41:00-04:00,29.084999084472656,29.09000015258789,29.084999084472656,29.09000015258789,996,0.0,0.0
2024-08-22 09:42:00-04:00,29.094999313354492,29.095399856567383,29.084999084472656,29.09000015258789,4632,0.0,0.0
2024-08-22 09:43:00-04:00,29.08970069885254,29.100000381469727,29.08970069885254,29.09000015258789,2176,0.0,0.0
2024-08-22 09:44:00-04:00,29.084999084472656,29.099899291992188,29.084999084472656,29.09000015258789,1206,0.0,0.0
2024-08-22 09:45:00-04:00,29.100000381469727,29.100000381469727,29.09000015258789,29.09000015258789,5895,0.0,0.0
2024-08-22 09:46:00-04:00,29.084999084472656,29.084999084472656,29.06999969482422,29.075000762939453,16208,0.0,0.0
2024-08-22 09:47:00-04:00,29.077999114990234,29.077999114990234,29.077999114990234,29.077999114990234,775,0.0,0.0
2024-08-22 09:48:00-04:00,29.075899124145508,29.075899124145508,29.06999969482422,29.075000762939453,3040,0.0,0.0
2024-08-22 09:49:00-04:00,29.06999969482422,29.079999923706055,29.06999969482422,29.06999969482422,1273,0.0,0.0
2024-08-22 09:50:00-04:00,29.079999923706055,29.079999923706055,29.075000762939453,29.075000762939453,874,0.0,0.0
2024-08-22 09:51:00-04:00,29.075000762939453,29.079999923706055,29.070999145507812,29.079999923706055,3208,0.0,0.0
2024-08-22 09:52:00-04:00,29.075000762939453,29.084999084472656,29.075000762939453,29.079999923706055,5656,0.0,0.0
2024-08-22 09:53:00-04:00,29.075000762939453,29.07550048828125,29.059999465942383,29.06999969482422,2921,0.0,0.0
2024-08-22 09:54:00-04:00,29.049999237060547,29.065000534057617,29.049999237060547,29.065000534057617,3898,0.0,0.0
2024-08-22 09:55:00-04:00,29.059999465942383,29.059999465942383,29.045000076293945,29.05500030517578,9652,0.0,0.0
2024-08-22 09:56:00-04:00,29.049999237060547,29.049999237060547,29.04010009765625,29.049999237060547,7532,0.0,0.0
2024-08-22 09:57:00-04:00,29.040000915527344,29.049999237060547,29.03499984741211,29.03499984741211,6318,0.0,0.0
2024-08-22 09:59:00-04:00,29.059900283813477,29.059900283813477,29.059900283813477,29.059900283813477,4722,0.0,0.0
2024-08-22 10:00:00-04:00,29.059999465942383,29.059999465942383,29.045000076293945,29.045000076293945,7268,0.0,0.0
2024-08-22 10:01:00-04:00,29.045000076293945,29.059999465942383,29.04450035095215,29.059999465942383,10313,0.0,0.0
2024-08-22 10:02:00-04:00,29.059999465942383,29.06570053100586,29.059900283813477,29.06570053100586,2456,0.0,0.0
2024-08-22 10:03:00-04:00,29.06450080871582,29.06450080871582,29.06450080871582,29.06450080871582,235,0.0,0.0
2024-08-22 10:04:00-04:00,29.06999969482422,29.07990074157715,29.06999969482422,29.075000762939453,3409,0.0,0.0
2024-08-22 10:05:00-04:00,29.075000762939453,29.075000762939453,29.075000762939453,29.075000762939453,718,0.0,0.0
2024-08-22 10:06:00-04:00,29.076499938964844,29.079999923706055,29.06999969482422,29.079999923706055,4015,0.0,0.0
2024-08-22 10:07:00-04:00,29.084999084472656,29.084999084472656,29.059999465942383,29.06999969482422,4649,0.0,0.0
2024-08-22 10:08:00-04:00,29.06999969482422,29.075000762939453,29.065000534057617,29.06999969482422,5183,0.0,0.0
2024-08-22 10:09:00-04:00,29.065000534057617,29.079999923706055,29.065000534057617,29.075000762939453,5837,0.0,0.0
2024-08-22 10:10:00-04:00,29.08009910583496,29.100000381469727,29.08009910583496,29.100000381469727,8902,0.0,0.0
2024-08-22 10:11:00-04:00,29.096399307250977,29.096399307250977,29.079999923706055,29.084999084472656,5489,0.0,0.0
2024-08-22 10:12:00-04:00,29.09000015258789,29.09000015258789,29.084999084472656,29.084999084472656,1766,0.0,0.0
2024-08-22 10:13:00-04:00,29.079999923706055,29.100000381469727,29.079999923706055,29.100000381469727,2471,0.0,0.0
2024-08-22 10:14:00-04:00,29.100000381469727,29.100000381469727,29.073400497436523,29.073400497436523,21419,0.0,0.0
2024-08-22 10:15:00-04:00,29.079999923706055,29.079999923706055,29.06999969482422,29.075000762939453,7514,0.0,0.0
2024-08-22 10:16:00-04:00,29.075000762939453,29.09000015258789,29.075000762939453,29.084999084472656,6860,0.0,0.0
2024-08-22 10:17:00-04:00,29.09000015258789,29.09000015258789,29.070100784301758,29.075000762939453,4439,0.0,0.0
2024-08-22 10:18:00-04:00,29.075000762939453,29.079999923706055,29.049999237060547,29.059999465942383,13151,0.0,0.0
2024-08-22 10:19:00-04:00,29.059999465942383,29.059999465942383,29.040000915527344,29.045000076293945,5614,0.0,0.0
2024-08-22 10:20:00-04:00,29.045000076293945,29.045000076293945,29.030000686645508,29.030000686645508,5235,0.0,0.0
2024-08-22 10:21:00-04:00,29.03499984741211,29.03849983215332,29.030000686645508,29.03499984741211,2500,0.0,0.0
2024-08-22 10:22:00-04:00,29.03499984741211,29.03499984741211,29.024999618530273,29.024999618530273,3554,0.0,0.0
2024-08-22 10:23:00-04:00,29.030000686645508,29.030000686645508,29.020000457763672,29.020000457763672,812,0.0,0.0
2024-08-22 10:24:00-04:00,29.020000457763672,29.024999618530273,29.020000457763672,29.024999618530273,3521,0.0,0.0
2024-08-22 10:25:00-04:00,29.024999618530273,29.03499984741211,29.024999618530273,29.03499984741211,6598,0.0,0.0
2024-08-22 10:26:00-04:00,29.03499984741211,29.03499984741211,29.030000686645508,29.03499984741211,2220,0.0,0.0
2024-08-22 10:27:00-04:00,29.03499984741211,29.040000915527344,29.03019905090332,29.03499984741211,2883,0.0,0.0
2024-08-22 10:28:00-04:00,29.03499984741211,29.035400390625,29.020000457763672,29.024999618530273,7334,0.0,0.0
2024-08-22 10:29:00-04:00,29.024999618530273,29.024999618530273,29.024999618530273,29.024999618530273,794,0.0,0.0
2024-08-22 10:30:00-04:00,29.030000686645508,29.030000686645508,29.02400016784668,29.025999069213867,10891,0.0,0.0
2024-08-22 10:31:00-04:00,29.030000686645508,29.040000915527344,29.020000457763672,29.030000686645508,6355,0.0,0.0
2024-08-22 10:32:00-04:00,29.03499984741211,29.03499984741211,29.020000457763672,29.020000457763672,2931,0.0,0.0
2024-08-22 10:33:00-04:00,29.020000457763672,29.03499984741211,29.020000457763672,29.030000686645508,5436,0.0,0.0
2024-08-22 10:34:00-04:00,29.024999618530273,29.024999618530273,29.020000457763672,29.020000457763672,6473,0.0,0.0
2024-08-22 10:35:00-04:00,29.020000457763672,29.024999618530273,29.019699096679688,29.019699096679688,2608,0.0,0.0
2024-08-22 10:36:00-04:00,29.020000457763672,29.020000457763672,29.010000228881836,29.020000457763672,1985,0.0,0.0
2024-08-22 10:37:00-04:00,29.020000457763672,29.030000686645508,29.014999389648438,29.024999618530273,1289,0.0,0.0
2024-08-22 10:38:00-04:00,29.030000686645508,29.045000076293945,29.030000686645508,29.045000076293945,5092,0.0,0.0
2024-08-22 10:39:00-04:00,29.045000076293945,29.05500030517578,29.045000076293945,29.05500030517578,3351,0.0,0.0
2024-08-22 10:40:00-04:00,29.05500030517578,29.05500030517578,29.051000595092773,29.05500030517578,484,0.0,0.0
2024-08-22 10:41:00-04:00,29.05500030517578,29.05500030517578,29.040000915527344,29.049999237060547,4558,0.0,0.0
2024-08-22 10:42:00-04:00,29.04680061340332,29.04680061340332,29.040000915527344,29.045000076293945,1643,0.0,0.0
2024-08-22 10:43:00-04:00,29.045000076293945,29.049999237060547,29.045000076293945,29.045000076293945,2246,0.0,0.0
2024-08-22 10:44:00-04:00,29.042499542236328,29.045000076293945,29.030000686645508,29.03499984741211,4617,0.0,0.0
2024-08-22 10:45:00-04:00,29.030000686645508,29.040000915527344,29.030000686645508,29.040000915527344,2375,0.0,0.0
2024-08-22 10:46:00-04:00,29.035400390625,29.035400390625,29.03499984741211,29.03499984741211,710,0.0,0.0
2024-08-22 10:47:00-04:00,29.040000915527344,29.040000915527344,29.03499984741211,29.040000915527344,2288,0.0,0.0
2024-08-22 10:48:00-04:00,29.0398006439209,29.040000915527344,29.032499313354492,29.039899826049805,3066,0.0,0.0
2024-08-22 10:49:00-04:00,29.040000915527344,29.040000915527344,29.030000686645508,29.03499984741211,6876,0.0,0.0
2024-08-22 10:50:00-04:00,29.03499984741211,29.06999969482422,29.030000686645508,29.06529998779297,22977,0.0,0.0
2024-08-22 10:51:00-04:00,29.06999969482422,29.075000762939453,29.059999465942383,29.06999969482422,12397,0.0,0.0
2024-08-22 10:52:00-04:00,29.075000762939453,29.075000762939453,29.075000762939453,29.075000762939453,4141,0.0,0.0
2024-08-22 10:53:00-04:00,29.075000762939453,29.135000228881836,29.075000762939453,29.1299991607666,39310,0.0,0.0
2024-08-22 10:54:00-04:00,29.1299991607666,29.135000228881836,29.125,29.125,4747,0.0,0.0
2024-08-22 10:55:00-04:00,29.135000228881836,29.135000228881836,29.1299991607666,29.1299991607666,3722,0.0,0.0
2024-08-22 10:56:00-04:00,29.139999389648438,29.149999618530273,29.139999389648438,29.139999389648438,7403,0.0,0.0
2024-08-22 10:57:00-04:00,29.139999389648438,29.149999618530273,29.139999389648438,29.149999618530273,1311,0.0,0.0
2024-08-22 10:58:00-04:00,29.149999618530273,29.149999618530273,29.145000457763672,29.149999618530273,3331,0.0,0.0
2024-08-22 10:59:00-04:00,29.149999618530273,29.149999618530273,29.139999389648438,29.149999618530273,1021,0.0,0.0
2024-08-22 11:00:00-04:00,29.149999618530273,29.15999984741211,29.145000457763672,29.15999984741211,5025,0.0,0.0
2024-08-22 11:01:00-04:00,29.15999984741211,29.15999984741211,29.155000686645508,29.15999984741211,2154,0.0,0.0
2024-08-22 11:02:00-04:00,29.15999984741211,29.15999984741211,29.149999618530273,29.155000686645508,6760,0.0,0.0
2024-08-22 11:03:00-04:00,29.155000686645508,29.155000686645508,29.149999618530273,29.155000686645508,2373,0.0,0.0
2024-08-22 11:04:00-04:00,29.155000686645508,29.155000686645508,29.135000228881836,29.135799407958984,9912,0.0,0.0
2024-08-22 11:05:00-04:00,29.135000228881836,29.135000228881836,29.125,29.125,3741,0.0,0.0
2024-08-22 11:06:00-04:00,29.125,29.12929916381836,29.1200008392334,29.125,1922,0.0,0.0
2024-08-22 11:07:00-04:00,29.125,29.125,29.1200008392334,29.125,739,0.0,0.0
2024-08-22 11:08:00-04:00,29.1200008392334,29.1200008392334,29.104999542236328,29.104999542236328,9606,0.0,0.0
2024-08-22 11:09:00-04:00,29.104999542236328,29.104999542236328,29.094999313354492,29.099899291992188,1090,0.0,0.0
2024-08-22 11:10:00-04:00,29.100000381469727,29.100000381469727,29.09000015258789,29.094999313354492,2722,0.0,0.0
2024-08-22 11:11:00-04:00,29.100000381469727,29.100000381469727,29.099899291992188,29.099899291992188,757,0.0,0.0
2024-08-22 11:12:00-04:00,29.100000381469727,29.105300903320312,29.099899291992188,29.105300903320312,8989,0.0,0.0
2024-08-22 11:13:00-04:00,29.110000610351562,29.110000610351562,29.104999542236328,29.104999542236328,7425,0.0,0.0
2024-08-22 11:14:00-04:00,29.104999542236328,29.1200008392334,29.104999542236328,29.114999771118164,3987,0.0,0.0
2024-08-22 11:15:00-04:00,29.1200008392334,29.1200008392334,29.114200592041016,29.114999771118164,1103,0.0,0.0
2024-08-22 11:16:00-04:00,29.110000610351562,29.114999771118164,29.110000610351562,29.114999771118164,1446,0.0,0.0
2024-08-22 11:17:00-04:00,29.114999771118164,29.1200008392334,29.110000610351562,29.110000610351562,1828,0.0,0.0
2024-08-22 11:18:00-04:00,29.114999771118164,29.1200008392334,29.114999771118164,29.114999771118164,712,0.0,0.0
2024-08-22 11:19:00-04:00,29.110000610351562,29.110000610351562,29.09000015258789,29.09000015258789,12946,0.0,0.0
2024-08-22 11:20:00-04:00,29.083999633789062,29.083999633789062,29.075000762939453,29.079999923706055,4890,0.0,0.0
2024-08-22 11:21:00-04:00,29.09000015258789,29.09000015258789,29.084999084472656,29.084999084472656,3785,0.0,0.0
2024-08-22 11:22:00-04:00,29.09000015258789,29.09000015258789,29.09000015258789,29.09000015258789,121,0.0,0.0
2024-08-22 11:23:00-04:00,29.09000015258789,29.094999313354492,29.084999084472656,29.094999313354492,4490,0.0,0.0
2024-08-22 11:24:00-04:00,29.100000381469727,29.1200008392334,29.100000381469727,29.110000610351562,19868,0.0,0.0
2024-08-22 11:25:00-04:00,29.114999771118164,29.114999771118164,29.110000610351562,29.114900588989258,1046,0.0,0.0
2024-08-22 11:26:00-04:00,29.114999771118164,29.114999771118164,29.11009979248047,29.11009979248047,1312,0.0,0.0
2024-08-22 11:27:00-04:00,29.114999771118164,29.1200008392334,29.110000610351562,29.1200008392334,2181,0.0,0.0
2024-08-22 11:28:00-04:00,29.1200008392334,29.1200008392334,29.114999771118164,29.1200008392334,1173,0.0,0.0
2024-08-22 11:29:00-04:00,29.1200008392334,29.1200008392334,29.110000610351562,29.11910057067871,1936,0.0,0.0
2024-08-22 11:30:00-04:00,29.11009979248047,29.1200008392334,29.11009979248047,29.1200008392334,2349,0.0,0.0
2024-08-22 11:31:00-04:00,29.1200008392334,29.1299991607666,29.1200008392334,29.129899978637695,9775,0.0,0.0
2024-08-22 11:32:00-04:00,29.125,29.1299991607666,29.114999771118164,29.1299991607666,9550,0.0,0.0
2024-08-22 11:33:00-04:00,29.1200008392334,29.125,29.110200881958008,29.114999771118164,2338,0.0,0.0
2024-08-22 11:34:00-04:00,29.11009979248047,29.1200008392334,29.110000610351562,29.1200008392334,8521,0.0,0.0
2024-08-22 11:35:00-04:00,29.1200008392334,29.1299991607666,29.1200008392334,29.125,10599,0.0,0.0
2024-08-22 11:36:00-04:00,29.1299991607666,29.1299991607666,29.125,29.125,2553,0.0,0.0
2024-08-22 11:37:00-04:00,29.129899978637695,29.129899978637695,29.1200008392334,29.125,1078,0.0,0.0
2024-08-22 11:38:00-04:00,29.125,29.125,29.1200008392334,29.125,590,0.0,0.0
2024-08-22 11:39:00-04:00,29.125,29.149999618530273,29.1200008392334,29.145000457763672,12905,0.0,0.0
2024-08-22 11:40:00-04:00,29.145000457763672,29.149999618530273,29.1299991607666,29.1299991607666,8247,0.0,0.0
2024-08-22 11:41:00-04:00,29.139999389648438,29.149999618530273,29.1299991607666,29.149999618530273,1932,0.0,0.0
2024-08-22 11:42:00-04:00,29.145000457763672,29.149999618530273,29.139999389648438,29.149999618530273,1457,0.0,0.0
2024-08-22 11:43:00-04:00,29.139999389648438,29.139999389648438,29.135000228881836,29.139999389648438,1629,0.0,0.0
2024-08-22 11:44:00-04:00,29.135000228881836,29.139999389648438,29.135000228881836,29.139999389648438,4223,0.0,0.0
2024-08-22 11:45:00-04:00,29.135000228881836,29.149999618530273,29.135000228881836,29.149999618530273,3902,0.0,0.0
2024-08-22 11:46:00-04:00,29.149999618530273,29.149999618530273,29.145000457763672,29.149999618530273,1489,0.0,0.0
2024-08-22 11:47:00-04:00,29.145000457763672,29.145000457763672,29.135000228881836,29.139999389648438,5116,0.0,0.0
2024-08-22 11:48:00-04:00,29.135000228881836,29.135799407958984,29.135000228881836,29.135799407958984,1195,0.0,0.0
2024-08-22 11:49:00-04:00,29.135000228881836,29.135000228881836,29.125,29.125,2487,0.0,0.0
2024-08-22 11:50:00-04:00,29.125,29.129899978637695,29.1200008392334,29.125,5047,0.0,0.0
2024-08-22 11:52:00-04:00,29.125,29.1299991607666,29.1200008392334,29.1200008392334,1023,0.0,0.0
2024-08-22 11:53:00-04:00,29.1299991607666,29.1299991607666,29.1200008392334,29.125,1173,0.0,0.0
2024-08-22 11:54:00-04:00,29.125,29.125,29.125,29.125,265,0.0,0.0
2024-08-22 11:55:00-04:00,29.1200008392334,29.1299991607666,29.1200008392334,29.125,6914,0.0,0.0
2024-08-22 11:56:00-04:00,29.125,29.1299991607666,29.1200008392334,29.125,1951,0.0,0.0
2024-08-22 11:57:00-04:00,29.1299991607666,29.1299991607666,29.1200008392334,29.125,1230,0.0,0.0
2024-08-22 11:58:00-04:00,29.1299991607666,29.149999618530273,29.125,29.145000457763672,12743,0.0,0.0
2024-08-22 11:59:00-04:00,29.149799346923828,29.149999618530273,29.145000457763672,29.145000457763672,8763,0.0,0.0
2024-08-22 12:00:00-04:00,29.145000457763672,29.145000457763672,29.1200008392334,29.125,6468,0.0,0.0
2024-08-22 12:01:00-04:00,29.125,29.129899978637695,29.1200008392334,29.1200008392334,9434,0.0,0.0
2024-08-22 12:02:00-04:00,29.129899978637695,29.1299991607666,29.1200008392334,29.1299991607666,9671,0.0,0.0
2024-08-22 12:03:00-04:00,29.125,29.135000228881836,29.1200008392334,29.1200008392334,11934,0.0,0.0
2024-08-22 12:04:00-04:00,29.125,29.125,29.110000610351562,29.110000610351562,3909,0.0,0.0
2024-08-22 12:05:00-04:00,29.1200008392334,29.1200008392334,29.114999771118164,29.114999771118164,1405,0.0,0.0
2024-08-22 12:06:00-04:00,29.1200008392334,29.125,29.114999771118164,29.1200008392334,6269,0.0,0.0
2024-08-22 12:07:00-04:00,29.1200008392334,29.1299991607666,29.1200008392334,29.1299991607666,735,0.0,0.0
2024-08-22 12:08:00-04:00,29.1299991607666,29.1299991607666,29.125,29.127500534057617,2732,0.0,0.0
2024-08-22 12:09:00-04:00,29.125,29.125,29.125,29.125,601,0.0,0.0
2024-08-22 12:10:00-04:00,29.1299991607666,29.1299991607666,29.1200008392334,29.1200008392334,6373,0.0,0.0
2024-08-22 12:11:00-04:00,29.125,29.125,29.114999771118164,29.1200008392334,2283,0.0,0.0
2024-08-22 12:12:00-04:00,29.1200008392334,29.1200008392334,29.114999771118164,29.114999771118164,1356,0.0,0.0
2024-08-22 12:13:00-04:00,29.1200008392334,29.1200008392334,29.114999771118164,29.114999771118164,501,0.0,0.0
2024-08-22 12:14:00-04:00,29.114999771118164,29.1200008392334,29.114999771118164,29.1200008392334,1888,0.0,0.0
2024-08-22 12:15:00-04:00,29.1200008392334,29.1200008392334,29.110000610351562,29.110000610351562,1594,0.0,0.0
2024-08-22 12:16:00-04:00,29.1200008392334,29.1200008392334,29.11359977722168,29.114999771118164,1634,0.0,0.0
2024-08-22 12:17:00-04:00,29.1200008392334,29.1200008392334,29.114999771118164,29.1200008392334,1755,0.0,0.0
2024-08-22 12:18:00-04:00,29.1200008392334,29.1200008392334,29.114999771118164,29.114999771118164,2492,0.0,0.0
2024-08-22 12:19:00-04:00,29.114999771118164,29.1200008392334,29.110000610351562,29.110000610351562,3002,0.0,0.0
2024-08-22 12:20:00-04:00,29.1200008392334,29.1200008392334,29.114999771118164,29.1200008392334,2756,0.0,0.0
2024-08-22 12:21:00-04:00,29.114299774169922,29.1200008392334,29.110000610351562,29.114999771118164,6202,0.0,0.0
2024-08-22 12:22:00-04:00,29.1200008392334,29.1200008392334,29.114999771118164,29.115999221801758,1454,0.0,0.0
2024-08-22 12:23:00-04:00,29.1200008392334,29.1200008392334,29.11009979248047,29.114999771118164,12070,0.0,0.0
2024-08-22 12:24:00-04:00,29.1200008392334,29.1200008392334,29.110000610351562,29.114999771118164,1905,0.0,0.0
2024-08-22 12:25:00-04:00,29.114999771118164,29.11520004272461,29.110000610351562,29.114999771118164,815,0.0,0.0
2024-08-22 12:26:00-04:00,29.114999771118164,29.1200008392334,29.110200881958008,29.1200008392334,4778,0.0,0.0
2024-08-22 12:27:00-04:00,29.1200008392334,29.1200008392334,29.114999771118164,29.114999771118164,1861,0.0,0.0
2024-08-22 12:28:00-04:00,29.1200008392334,29.1200008392334,29.114999771118164,29.1200008392334,1869,0.0,0.0
2024-08-22 12:29:00-04:00,29.114999771118164,29.11989974975586,29.110000610351562,29.114999771118164,1836,0.0,0.0
2024-08-22 12:30:00-04:00,29.110000610351562,29.114999771118164,29.094999313354492,29.100000381469727,7495,0.0,0.0
2024-08-22 12:31:00-04:00,29.094999313354492,29.094999313354492,29.09000015258789,29.094999313354492,1254,0.0,0.0
2024-08-22 12:32:00-04:00,29.094999313354492,29.094999313354492,29.09000015258789,29.094999313354492,1663,0.0,0.0
2024-08-22 12:33:00-04:00,29.100000381469727,29.102500915527344,29.09000015258789,29.09670066833496,8202,0.0,0.0
2024-08-22 12:34:00-04:00,29.100000381469727,29.110000610351562,29.094999313354492,29.110000610351562,5097,0.0,0.0
2024-08-22 12:35:00-04:00,29.100099563598633,29.110000610351562,29.100099563598633,29.110000610351562,2587,0.0,0.0
2024-08-22 12:36:00-04:00,29.110000610351562,29.110000610351562,29.100000381469727,29.104999542236328,1183,0.0,0.0
2024-08-22 12:37:00-04:00,29.104999542236328,29.110000610351562,29.100000381469727,29.100000381469727,1238,0.0,0.0
2024-08-22 12:38:00-04:00,29.110000610351562,29.110000610351562,29.104900360107422,29.104999542236328,2144,0.0,0.0
2024-08-22 12:39:00-04:00,29.10420036315918,29.104999542236328,29.100000381469727,29.104999542236328,2101,0.0,0.0
2024-08-22 12:40:00-04:00,29.104999542236328,29.104999542236328,29.100000381469727,29.104999542236328,1632,0.0,0.0
2024-08-22 12:41:00-04:00,29.104999542236328,29.110000610351562,29.100099563598633,29.110000610351562,2880,0.0,0.0
2024-08-22 12:42:00-04:00,29.110000610351562,29.110000610351562,29.104799270629883,29.104999542236328,1535,0.0,0.0
2024-08-22 12:43:00-04:00,29.110000610351562,29.110000610351562,29.09000015258789,29.094999313354492,7816,0.0,0.0
2024-08-22 12:44:00-04:00,29.094999313354492,29.094999313354492,29.09000015258789,29.094999313354492,444,0.0,0.0
2024-08-22 12:45:00-04:00,29.09000015258789,29.094999313354492,29.079999923706055,29.084999084472656,2924,0.0,0.0
2024-08-22 12:46:00-04:00,29.09000015258789,29.09000015258789,29.09000015258789,29.09000015258789,400,0.0,0.0
2024-08-22 12:47:00-04:00,29.084999084472656,29.09000015258789,29.079999923706055,29.09000015258789,3717,0.0,0.0
2024-08-22 12:48:00-04:00,29.09000015258789,29.09000015258789,29.079999923706055,29.084999084472656,4026,0.0,0.0
2024-08-22 12:49:00-04:00,29.079999923706055,29.084999084472656,29.075000762939453,29.075000762939453,4591,0.0,0.0
2024-08-22 12:50:00-04:00,29.079999923706055,29.079999923706055,29.075000762939453,29.075000762939453,1709,0.0,0.0
2024-08-22 12:51:00-04:00,29.079999923706055,29.079999923706055,29.06999969482422,29.079999923706055,2234,0.0,0.0
2024-08-22 12:52:00-04:00,29.079999923706055,29.079999923706055,29.075000762939453,29.079999923706055,1137,0.0,0.0
2024-08-22 12:53:00-04:00,29.079999923706055,29.079999923706055,29.065000534057617,29.065000534057617,4372,0.0,0.0
2024-08-22 12:54:00-04:00,29.069900512695312,29.069900512695312,29.049999237060547,29.049999237060547,4579,0.0,0.0
2024-08-22 12:55:00-04:00,29.049999237060547,29.049999237060547,29.040000915527344,29.040199279785156,4096,0.0,0.0
2024-08-22 12:56:00-04:00,29.045000076293945,29.045000076293945,29.045000076293945,29.045000076293945,866,0.0,0.0
2024-08-22 12:57:00-04:00,29.040000915527344,29.045900344848633,29.040000915527344,29.045000076293945,3535,0.0,0.0
2024-08-22 12:58:00-04:00,29.045000076293945,29.049999237060547,29.043399810791016,29.045000076293945,1071,0.0,0.0
2024-08-22 12:59:00-04:00,29.049999237060547,29.049999237060547,29.045000076293945,29.045000076293945,7022,0.0,0.0
2024-08-22 13:00:00-04:00,29.049999237060547,29.049999237060547,29.040000915527344,29.040000915527344,1042,0.0,0.0
2024-08-22 13:01:00-04:00,29.049999237060547,29.049999237060547,29.049999237060547,29.049999237060547,1548,0.0,0.0
2024-08-22 13:02:00-04:00,29.045000076293945,29.049999237060547,29.020000457763672,29.030000686645508,8890,0.0,0.0
2024-08-22 13:03:00-04:00,29.024999618530273,29.024999618530273,29.020000457763672,29.024999618530273,1112,0.0,0.0
2024-08-22 13:04:00-04:00,29.030000686645508,29.030000686645508,29.030000686645508,29.030000686645508,401,0.0,0.0
2024-08-22 13:05:00-04:00,29.030000686645508,29.030000686645508,29.020000457763672,29.024999618530273,2396,0.0,0.0
2024-08-22 13:06:00-04:00,29.024999618530273,29.02989959716797,29.020000457763672,29.024999618530273,4030,0.0,0.0
2024-08-22 13:07:00-04:00,29.020000457763672,29.030000686645508,29.020000457763672,29.024999618530273,3872,0.0,0.0
2024-08-22 13:08:00-04:00,29.030000686645508,29.040000915527344,29.024999618530273,29.03499984741211,3552,0.0,0.0
2024-08-22 13:09:00-04:00,29.03499984741211,29.040000915527344,29.034000396728516,29.040000915527344,2227,0.0,0.0
2024-08-22 13:10:00-04:00,29.030000686645508,29.040000915527344,29.030000686645508,29.040000915527344,2606,0.0,0.0
2024-08-22 13:11:00-04:00,29.040000915527344,29.049999237060547,29.030000686645508,29.040000915527344,3739,0.0,0.0
2024-08-22 13:12:00-04:00,29.049999237060547,29.049999237060547,29.040000915527344,29.04439926147461,1937,0.0,0.0
2024-08-22 13:13:00-04:00,29.049999237060547,29.049999237060547,29.03499984741211,29.040000915527344,21963,0.0,0.0
2024-08-22 13:14:00-04:00,29.041000366210938,29.049999237060547,29.041000366210938,29.045000076293945,1577,0.0,0.0
2024-08-22 13:15:00-04:00,29.049999237060547,29.049999237060547,29.049999237060547,29.049999237060547,802,0.0,0.0
2024-08-22 13:16:00-04:00,29.049999237060547,29.049999237060547,29.040000915527344,29.049999237060547,975,0.0,0.0
2024-08-22 13:17:00-04:00,29.049999237060547,29.06999969482422,29.049999237060547,29.06999969482422,6233,0.0,0.0
2024-08-22 13:18:00-04:00,29.06999969482422,29.09000015258789,29.06999969482422,29.09000015258789,4730,0.0,0.0
2024-08-22 13:19:00-04:00,29.08370018005371,29.100000381469727,29.08370018005371,29.094999313354492,9684,0.0,0.0
2024-08-22 13:20:00-04:00,29.09000015258789,29.094999313354492,29.076499938964844,29.084999084472656,4995,0.0,0.0
2024-08-22 13:21:00-04:00,29.084999084472656,29.09000015258789,29.06999969482422,29.09000015258789,20622,0.0,0.0
2024-08-22 13:22:00-04:00,29.084999084472656,29.084999084472656,29.070100784301758,29.079999923706055,9857,0.0,0.0
2024-08-22 13:23:00-04:00,29.079999923706055,29.079999923706055,29.075000762939453,29.079999923706055,1788,0.0,0.0
2024-08-22 13:24:00-04:00,29.079999923706055,29.09000015258789,29.079999923706055,29.084999084472656,3222,0.0,0.0
2024-08-22 13:25:00-04:00,29.084999084472656,29.09000015258789,29.075000762939453,29.09000015258789,7288,0.0,0.0
2024-08-22 13:26:00-04:00,29.079999923706055,29.084999084472656,29.079999923706055,29.084999084472656,657,0.0,0.0
2024-08-22 13:27:00-04:00,29.084999084472656,29.100000381469727,29.079999923706055,29.100000381469727,4070,0.0,0.0
2024-08-22 13:28:00-04:00,29.100000381469727,29.100000381469727,29.09000015258789,29.094999313354492,2900,0.0,0.0
2024-08-22 13:29:00-04:00,29.094999313354492,29.100000381469727,29.075000762939453,29.075000762939453,10379,0.0,0.0
2024-08-22 13:30:00-04:00,29.06999969482422,29.06999969482422,29.060100555419922,29.066200256347656,1693,0.0,0.0
2024-08-22 13:31:00-04:00,29.065000534057617,29.065000534057617,29.049999237060547,29.049999237060547,5438,0.0,0.0
2024-08-22 13:32:00-04:00,29.045000076293945,29.045000076293945,29.045000076293945,29.045000076293945,555,0.0,0.0
2024-08-22 13:33:00-04:00,29.049999237060547,29.059999465942383,29.049699783325195,29.059999465942383,3734,0.0,0.0
2024-08-22 13:34:00-04:00,29.059999465942383,29.059999465942383,29.049999237060547,29.05500030517578,1533,0.0,0.0
2024-08-22 13:35:00-04:00,29.05500030517578,29.059900283813477,29.049999237060547,29.05500030517578,2286,0.0,0.0
2024-08-22 13:36:00-04:00,29.05500030517578,29.05500030517578,29.049999237060547,29.049999237060547,4854,0.0,0.0
2024-08-22 13:37:00-04:00,29.05500030517578,29.059999465942383,29.05500030517578,29.059999465942383,2227,0.0,0.0
2024-08-22 13:38:00-04:00,29.05459976196289,29.06999969482422,29.05459976196289,29.06999969482422,3136,0.0,0.0
2024-08-22 13:39:00-04:00,29.06999969482422,29.06999969482422,29.065000534057617,29.065000534057617,2136,0.0,0.0
2024-08-22 13:40:00-04:00,29.065000534057617,29.06999969482422,29.059999465942383,29.065000534057617,5467,0.0,0.0
2024-08-22 13:41:00-04:00,29.06909942626953,29.06999969482422,29.059999465942383,29.06999969482422,2894,0.0,0.0
2024-08-22 13:42:00-04:00,29.075000762939453,29.079999923706055,29.075000762939453,29.079999923706055,1020,0.0,0.0
2024-08-22 13:43:00-04:00,29.079999923706055,29.09000015258789,29.079999923706055,29.09000015258789,2315,0.0,0.0
2024-08-22 13:44:00-04:00,29.09000015258789,29.100000381469727,29.09000015258789,29.09000015258789,2162,0.0,0.0
2024-08-22 13:45:00-04:00,29.100000381469727,29.100000381469727,29.09000015258789,29.100000381469727,1649,0.0,0.0
2024-08-22 13:46:00-04:00,29.100000381469727,29.100000381469727,29.094200134277344,29.094999313354492,3392,0.0,0.0
2024-08-22 13:47:00-04:00,29.094999313354492,29.094999313354492,29.09000015258789,29.094999313354492,2422,0.0,0.0
2024-08-22 13:48:00-04:00,29.094999313354492,29.094999313354492,29.08489990234375,29.08989906311035,8525,0.0,0.0
2024-08-22 13:49:00-04:00,29.09000015258789,29.09000015258789,29.084999084472656,29.084999084472656,11492,0.0,0.0
2024-08-22 13:50:00-04:00,29.084999084472656,29.09000015258789,29.08009910583496,29.09000015258789,2403,0.0,0.0
2024-08-22 13:51:00-04:00,29.09000015258789,29.09000015258789,29.08009910583496,29.09000015258789,1636,0.0,0.0
2024-08-22 13:52:00-04:00,29.09000015258789,29.09000015258789,29.079999923706055,29.09000015258789,3561,0.0,0.0
2024-08-22 13:53:00-04:00,29.079999923706055,29.079999923706055,29.079999923706055,29.079999923706055,2323,0.0,0.0
2024-08-22 13:54:00-04:00,29.079999923706055,29.079999923706055,29.06999969482422,29.079999923706055,2123,0.0,0.0
2024-08-22 13:55:00-04:00,29.079999923706055,29.09000015258789,29.079999923706055,29.09000015258789,14373,0.0,0.0
2024-08-22 13:56:00-04:00,29.09000015258789,29.100000381469727,29.082799911499023,29.082799911499023,23193,0.0,0.0
2024-08-22 13:57:00-04:00,29.09000015258789,29.09000015258789,29.084999084472656,29.09000015258789,1264,0.0,0.0
2024-08-22 13:58:00-04:00,29.09000015258789,29.100000381469727,29.084999084472656,29.100000381469727,6713,0.0,0.0
2024-08-22 13:59:00-04:00,29.100000381469727,29.110000610351562,29.100000381469727,29.110000610351562,2769,0.0,0.0
2024-08-22 14:00:00-04:00,29.104999542236328,29.104999542236328,29.100000381469727,29.104999542236328,2090,0.0,0.0
2024-08-22 14:01:00-04:00,29.110000610351562,29.119800567626953,29.104999542236328,29.104999542236328,8843,0.0,0.0
2024-08-22 14:02:00-04:00,29.110000610351562,29.114999771118164,29.110000610351562,29.110000610351562,1979,0.0,0.0
2024-08-22 14:03:00-04:00,29.114999771118164,29.114999771118164,29.11400032043457,29.11400032043457,4543,0.0,0.0
2024-08-22 14:04:00-04:00,29.114999771118164,29.1200008392334,29.110000610351562,29.115800857543945,5021,0.0,0.0
2024-08-22 14:05:00-04:00,29.1200008392334,29.1200008392334,29.1200008392334,29.1200008392334,800,0.0,0.0
2024-08-22 14:06:00-04:00,29.1200008392334,29.1200008392334,29.114999771118164,29.114999771118164,5061,0.0,0.0
2024-08-22 14:07:00-04:00,29.1200008392334,29.1299991607666,29.1200008392334,29.1200008392334,3813,0.0,0.0
2024-08-22 14:08:00-04:00,29.1299991607666,29.139999389648438,29.1299991607666,29.139999389648438,9968,0.0,0.0
2024-08-22 14:09:00-04:00,29.13990020751953,29.149999618530273,29.13990020751953,29.149999618530273,2984,0.0,0.0
2024-08-22 14:10:00-04:00,29.15999984741211,29.15999984741211,29.155000686645508,29.15999984741211,2422,0.0,0.0
2024-08-22 14:11:00-04:00,29.165000915527344,29.165700912475586,29.15999984741211,29.165000915527344,601,0.0,0.0
2024-08-22 14:12:00-04:00,29.160200119018555,29.160200119018555,29.155000686645508,29.155000686645508,3794,0.0,0.0
2024-08-22 14:13:00-04:00,29.155000686645508,29.15999984741211,29.149999618530273,29.15999984741211,1140,0.0,0.0
2024-08-22 14:14:00-04:00,29.149999618530273,29.165000915527344,29.149999618530273,29.165000915527344,4343,0.0,0.0
2024-08-22 14:15:00-04:00,29.170000076293945,29.170000076293945,29.170000076293945,29.170000076293945,6766,0.0,0.0
2024-08-22 14:16:00-04:00,29.179899215698242,29.18000030517578,29.1737003326416,29.174999237060547,3057,0.0,0.0
2024-08-22 14:17:00-04:00,29.174999237060547,29.18000030517578,29.170000076293945,29.170000076293945,16042,0.0,0.0
2024-08-22 14:18:00-04:00,29.174999237060547,29.174999237060547,29.170000076293945,29.170000076293945,6465,0.0,0.0
2024-08-22 14:19:00-04:00,29.165000915527344,29.165000915527344,29.165000915527344,29.165000915527344,1107,0.0,0.0
2024-08-22 14:20:00-04:00,29.170000076293945,29.18000030517578,29.170000076293945,29.174999237060547,8601,0.0,0.0
2024-08-22 14:21:00-04:00,29.18000030517578,29.18000030517578,29.174999237060547,29.18000030517578,1574,0.0,0.0
2024-08-22 14:22:00-04:00,29.18000030517578,29.18000030517578,29.15999984741211,29.15999984741211,6867,0.0,0.0
2024-08-22 14:23:00-04:00,29.165000915527344,29.170000076293945,29.15999984741211,29.165000915527344,5914,0.0,0.0
2024-08-22 14:24:00-04:00,29.165000915527344,29.170000076293945,29.165000915527344,29.170000076293945,1074,0.0,0.0
2024-08-22 14:25:00-04:00,29.165000915527344,29.165000915527344,29.140100479125977,29.145000457763672,5757,0.0,0.0
2024-08-22 14:26:00-04:00,29.145000457763672,29.149999618530273,29.145000457763672,29.149999618530273,4551,0.0,0.0
2024-08-22 14:27:00-04:00,29.14299964904785,29.15999984741211,29.139999389648438,29.155000686645508,9730,0.0,0.0
2024-08-22 14:28:00-04:00,29.155000686645508,29.15999984741211,29.149999618530273,29.155000686645508,2190,0.0,0.0
2024-08-22 14:29:00-04:00,29.155000686645508,29.15999984741211,29.150299072265625,29.15999984741211,5818,0.0,0.0
2024-08-22 14:30:00-04:00,29.15999984741211,29.15999984741211,29.149999618530273,29.155000686645508,10294,0.0,0.0
2024-08-22 14:31:00-04:00,29.155000686645508,29.155000686645508,29.149999618530273,29.149999618530273,3500,0.0,0.0
2024-08-22 14:32:00-04:00,29.155000686645508,29.155000686645508,29.155000686645508,29.155000686645508,432,0.0,0.0
2024-08-22 14:33:00-04:00,29.155000686645508,29.155000686645508,29.1299991607666,29.149999618530273,20405,0.0,0.0
2024-08-22 14:34:00-04:00,29.149999618530273,29.149999618530273,29.139999389648438,29.145000457763672,2830,0.0,0.0
2024-08-22 14:35:00-04:00,29.149999618530273,29.149999618530273,29.145000457763672,29.1476993560791,1581,0.0,0.0
2024-08-22 14:36:00-04:00,29.145000457763672,29.149999618530273,29.145000457763672,29.149999618530273,1875,0.0,0.0
2024-08-22 14:37:00-04:00,29.149999618530273,29.149999618530273,29.139999389648438,29.149999618530273,2652,0.0,0.0
2024-08-22 14:38:00-04:00,29.149999618530273,29.149999618530273,29.144899368286133,29.149999618530273,1809,0.0,0.0
2024-08-22 14:39:00-04:00,29.149999618530273,29.149999618530273,29.145000457763672,29.145000457763672,2178,0.0,0.0
2024-08-22 14:40:00-04:00,29.145000457763672,29.149999618530273,29.140100479125977,29.145000457763672,9078,0.0,0.0
2024-08-22 14:41:00-04:00,29.149999618530273,29.15999984741211,29.139999389648438,29.15999984741211,16447,0.0,0.0
2024-08-22 14:42:00-04:00,29.15999984741211,29.15999984741211,29.149999618530273,29.155000686645508,5306,0.0,0.0
2024-08-22 14:43:00-04:00,29.155000686645508,29.15999984741211,29.149999618530273,29.155000686645508,1740,0.0,0.0
2024-08-22 14:44:00-04:00,29.15999984741211,29.15999984741211,29.14419937133789,29.149999618530273,10639,0.0,0.0
2024-08-22 14:45:00-04:00,29.145000457763672,29.149999618530273,29.145000457763672,29.145000457763672,977,0.0,0.0
2024-08-22 14:46:00-04:00,29.145000457763672,29.149999618530273,29.145000457763672,29.149999618530273,3490,0.0,0.0
2024-08-22 14:47:00-04:00,29.149999618530273,29.15999984741211,29.149999618530273,29.155000686645508,5504,0.0,0.0
2024-08-22 14:48:00-04:00,29.15999984741211,29.15999984741211,29.149999618530273,29.149999618530273,13818,0.0,0.0
2024-08-22 14:49:00-04:00,29.149999618530273,29.149999618530273,29.14459991455078,29.149999618530273,1996,0.0,0.0
2024-08-22 14:50:00-04:00,29.145000457763672,29.149999618530273,29.145000457763672,29.149999618530273,1872,0.0,0.0
2024-08-22 14:51:00-04:00,29.149999618530273,29.149999618530273,29.145000457763672,29.149999618530273,2451,0.0,0.0
2024-08-22 14:52:00-04:00,29.149999618530273,29.149999618530273,29.145000457763672,29.149999618530273,1955,0.0,0.0
2024-08-22 14:53:00-04:00,29.145000457763672,29.15999984741211,29.139999389648438,29.155000686645508,15474,0.0,0.0
2024-08-22 14:54:00-04:00,29.155000686645508,29.159900665283203,29.149999618530273,29.155000686645508,3481,0.0,0.0
2024-08-22 14:55:00-04:00,29.15999984741211,29.15999984741211,29.154300689697266,29.15999984741211,5601,0.0,0.0
2024-08-22 14:56:00-04:00,29.15999984741211,29.170000076293945,29.149999618530273,29.16990089416504,30876,0.0,0.0
2024-08-22 14:57:00-04:00,29.165000915527344,29.170000076293945,29.15999984741211,29.170000076293945,4768,0.0,0.0
2024-08-22 14:58:00-04:00,29.15999984741211,29.170000076293945,29.15999984741211,29.165000915527344,3460,0.0,0.0
2024-08-22 14:59:00-04:00,29.165000915527344,29.16710090637207,29.15999984741211,29.165000915527344,7272,0.0,0.0
2024-08-22 15:00:00-04:00,29.165000915527344,29.165000915527344,29.149999618530273,29.155000686645508,11909,0.0,0.0
2024-08-22 15:01:00-04:00,29.155000686645508,29.155000686645508,29.149999618530273,29.155000686645508,8695,0.0,0.0
2024-08-22 15:02:00-04:00,29.15999984741211,29.165000915527344,29.155000686645508,29.165000915527344,3168,0.0,0.0
2024-08-22 15:03:00-04:00,29.165000915527344,29.16990089416504,29.165000915527344,29.165000915527344,1784,0.0,0.0
2024-08-22 15:04:00-04:00,29.165000915527344,29.170000076293945,29.15999984741211,29.165000915527344,4277,0.0,0.0
2024-08-22 15:05:00-04:00,29.165000915527344,29.16990089416504,29.15999984741211,29.165000915527344,2340,0.0,0.0
2024-08-22 15:06:00-04:00,29.165000915527344,29.170000076293945,29.16010093688965,29.165000915527344,2297,0.0,0.0
2024-08-22 15:07:00-04:00,29.165000915527344,29.170000076293945,29.165000915527344,29.170000076293945,2553,0.0,0.0
2024-08-22 15:08:00-04:00,29.165000915527344,29.170000076293945,29.15999984741211,29.170000076293945,4797,0.0,0.0
2024-08-22 15:09:00-04:00,29.170000076293945,29.170000076293945,29.15999984741211,29.165000915527344,5453,0.0,0.0
2024-08-22 15:10:00-04:00,29.165000915527344,29.170000076293945,29.165000915527344,29.170000076293945,2532,0.0,0.0
2024-08-22 15:11:00-04:00,29.170000076293945,29.174999237060547,29.15999984741211,29.170000076293945,15108,0.0,0.0
2024-08-22 15:12:00-04:00,29.165000915527344,29.18000030517578,29.165000915527344,29.18000030517578,4209,0.0,0.0
2024-08-22 15:13:00-04:00,29.18000030517578,29.18000030517578,29.170000076293945,29.170000076293945,1330,0.0,0.0
2024-08-22 15:14:00-04:00,29.18000030517578,29.18000030517578,29.174999237060547,29.18000030517578,2416,0.0,0.0
2024-08-22 15:15:00-04:00,29.18000030517578,29.19499969482422,29.178499221801758,29.19499969482422,7844,0.0,0.0
2024-08-22 15:16:00-04:00,29.19499969482422,29.209999084472656,29.194900512695312,29.209999084472656,27974,0.0,0.0
2024-08-22 15:17:00-04:00,29.204999923706055,29.204999923706055,29.190000534057617,29.19499969482422,10393,0.0,0.0
2024-08-22 15:18:00-04:00,29.19499969482422,29.204999923706055,29.190000534057617,29.200000762939453,2658,0.0,0.0
2024-08-22 15:19:00-04:00,29.204999923706055,29.209999084472656,29.201400756835938,29.209999084472656,10262,0.0,0.0
2024-08-22 15:20:00-04:00,29.209999084472656,29.209999084472656,29.200000762939453,29.200000762939453,18859,0.0,0.0
2024-08-22 15:21:00-04:00,29.200000762939453,29.204999923706055,29.190000534057617,29.19499969482422,26380,0.0,0.0
2024-08-22 15:22:00-04:00,29.19499969482422,29.1968994140625,29.190000534057617,29.19499969482422,3766,0.0,0.0
2024-08-22 15:23:00-04:00,29.190000534057617,29.19499969482422,29.18000030517578,29.184999465942383,4690,0.0,0.0
2024-08-22 15:24:00-04:00,29.184999465942383,29.184999465942383,29.184999465942383,29.184999465942383,750,0.0,0.0
2024-08-22 15:25:00-04:00,29.190000534057617,29.200000762939453,29.184999465942383,29.19499969482422,3525,0.0,0.0
2024-08-22 15:26:00-04:00,29.19499969482422,29.19499969482422,29.18000030517578,29.184999465942383,8264,0.0,0.0
2024-08-22 15:27:00-04:00,29.184999465942383,29.19499969482422,29.184999465942383,29.19499969482422,5478,0.0,0.0
2024-08-22 15:28:00-04:00,29.19499969482422,29.200000762939453,29.190000534057617,29.190000534057617,3609,0.0,0.0
2024-08-22 15:29:00-04:00,29.19499969482422,29.200000762939453,29.190000534057617,29.19499969482422,2946,0.0,0.0
2024-08-22 15:30:00-04:00,29.19499969482422,29.200000762939453,29.190099716186523,29.200000762939453,4951,0.0,0.0
2024-08-22 15:31:00-04:00,29.19499969482422,29.200000762939453,29.19499969482422,29.200000762939453,4912,0.0,0.0
2024-08-22 15:32:00-04:00,29.200000762939453,29.200000762939453,29.19499969482422,29.200000762939453,4896,0.0,0.0
2024-08-22 15:33:00-04:00,29.200000762939453,29.219999313354492,29.200000762939453,29.219999313354492,17101,0.0,0.0
2024-08-22 15:34:00-04:00,29.219999313354492,29.219999313354492,29.210100173950195,29.21500015258789,3966,0.0,0.0
2024-08-22 15:35:00-04:00,29.21500015258789,29.21500015258789,29.209999084472656,29.21500015258789,8037,0.0,0.0
2024-08-22 15:36:00-04:00,29.204999923706055,29.209999084472656,29.204999923706055,29.209999084472656,795,0.0,0.0
2024-08-22 15:37:00-04:00,29.209999084472656,29.219999313354492,29.204999923706055,29.21500015258789,2910,0.0,0.0
2024-08-22 15:38:00-04:00,29.21500015258789,29.219999313354492,29.213600158691406,29.21500015258789,14721,0.0,0.0
2024-08-22 15:39:00-04:00,29.219999313354492,29.219999313354492,29.209999084472656,29.21500015258789,13295,0.0,0.0
2024-08-22 15:40:00-04:00,29.21500015258789,29.21500015258789,29.18000030517578,29.18000030517578,16995,0.0,0.0
2024-08-22 15:41:00-04:00,29.184999465942383,29.226600646972656,29.180200576782227,29.226600646972656,31082,0.0,0.0
2024-08-22 15:42:00-04:00,29.225000381469727,29.225000381469727,29.204999923706055,29.204999923706055,16546,0.0,0.0
2024-08-22 15:43:00-04:00,29.204999923706055,29.21500015258789,29.200000762939453,29.21500015258789,11495,0.0,0.0
2024-08-22 15:44:00-04:00,29.21500015258789,29.219999313354492,29.210100173950195,29.210100173950195,9176,0.0,0.0
2024-08-22 15:45:00-04:00,29.21500015258789,29.219999313354492,29.21500015258789,29.21500015258789,10899,0.0,0.0
2024-08-22 15:46:00-04:00,29.217599868774414,29.219999313354492,29.200000762939453,29.204999923706055,23010,0.0,0.0
2024-08-22 15:47:00-04:00,29.204999923706055,29.204999923706055,29.19499969482422,29.19499969482422,8327,0.0,0.0
2024-08-22 15:48:00-04:00,29.19499969482422,29.200000762939453,29.190000534057617,29.190000534057617,14638,0.0,0.0
2024-08-22 15:49:00-04:00,29.190000534057617,29.19499969482422,29.184999465942383,29.184999465942383,7680,0.0,0.0
2024-08-22 15:50:00-04:00,29.184999465942383,29.184999465942383,29.15999984741211,29.16990089416504,22040,0.0,0.0
2024-08-22 15:51:00-04:00,29.165000915527344,29.170000076293945,29.149999618530273,29.155000686645508,14518,0.0,0.0
2024-08-22 15:52:00-04:00,29.155000686645508,29.170000076293945,29.155000686645508,29.170000076293945,8137,0.0,0.0
2024-08-22 15:53:00-04:00,29.165000915527344,29.170000076293945,29.149999618530273,29.149999618530273,13217,0.0,0.0
2024-08-22 15:54:00-04:00,29.155000686645508,29.15999984741211,29.149999618530273,29.149999618530273,20235,0.0,0.0
2024-08-22 15:55:00-04:00,29.15999984741211,29.165000915527344,29.14430046081543,29.145000457763672,22994,0.0,0.0
2024-08-22 15:56:00-04:00,29.149999618530273,29.149999618530273,29.145000457763672,29.145000457763672,2764,0.0,0.0
2024-08-22 15:57:00-04:00,29.149999618530273,29.149999618530273,29.1299991607666,29.1299991607666,23189,0.0,0.0
2024-08-22 15:58:00-04:00,29.135000228881836,29.139999389648438,29.1200008392334,29.125,22144,0.0,0.0
2024-08-22 15:59:00-04:00,29.125,29.125,29.09000015258789,29.100000381469727,107939,0.0,0.0
2024-08-23 09:30:00-04:00,29.149999618530273,29.25,29.100000381469727,29.190000534057617,32366,0.0,0.0
2024-08-23 09:31:00-04:00,29.15999984741211,29.19930076599121,29.15999984741211,29.19930076599121,6410,0.0,0.0
2024-08-23 09:32:00-04:00,29.18000030517578,29.209999084472656,29.15999984741211,29.19499969482422,9830,0.0,0.0
2024-08-23 09:33:00-04:00,29.209999084472656,29.219999313354492,29.204999923706055,29.204999923706055,1739,0.0,0.0
2024-08-23 09:34:00-04:00,29.209999084472656,29.235000610351562,29.200000762939453,29.235000610351562,5279,0.0,0.0
2024-08-23 09:35:00-04:00,29.235000610351562,29.25,29.229999542236328,29.25,6234,0.0,0.0
2024-08-23 09:36:00-04:00,29.2549991607666,29.260000228881836,29.240100860595703,29.25,2322,0.0,0.0
2024-08-23 09:37:00-04:00,29.260000228881836,29.280000686645508,29.260000228881836,29.280000686645508,2516,0.0,0.0
2024-08-23 09:38:00-04:00,29.260000228881836,29.260000228881836,29.249500274658203,29.249500274658203,2276,0.0,0.0
2024-08-23 09:39:00-04:00,29.2450008392334,29.2450008392334,29.239999771118164,29.2450008392334,1736,0.0,0.0
2024-08-23 09:40:00-04:00,29.239999771118164,29.2549991607666,29.235000610351562,29.2549991607666,2303,0.0,0.0
2024-08-23 09:41:00-04:00,29.260000228881836,29.270000457763672,29.260000228881836,29.260000228881836,2722,0.0,0.0
2024-08-23 09:42:00-04:00,29.270000457763672,29.28499984741211,29.2549991607666,29.2549991607666,2987,0.0,0.0
2024-08-23 09:43:00-04:00,29.2549991607666,29.270099639892578,29.2549991607666,29.270099639892578,2388,0.0,0.0
2024-08-23 09:44:00-04:00,29.280000686645508,29.290000915527344,29.280000686645508,29.290000915527344,1370,0.0,0.0
2024-08-23 09:45:00-04:00,29.28499984741211,29.290000915527344,29.280000686645508,29.28499984741211,1844,0.0,0.0
2024-08-23 09:46:00-04:00,29.280000686645508,29.280000686645508,29.260000228881836,29.280000686645508,4057,0.0,0.0
2024-08-23 09:47:00-04:00,29.28499984741211,29.290000915527344,29.274999618530273,29.274999618530273,5123,0.0,0.0
2024-08-23 09:48:00-04:00,29.270000457763672,29.270000457763672,29.239999771118164,29.250099182128906,7863,0.0,0.0
2024-08-23 09:49:00-04:00,29.260000228881836,29.260000228881836,29.25,29.25,1369,0.0,0.0
2024-08-23 09:50:00-04:00,29.25,29.260000228881836,29.24180030822754,29.24180030822754,2864,0.0,0.0
2024-08-23 09:51:00-04:00,29.260000228881836,29.260000228881836,29.234800338745117,29.234800338745117,2509,0.0,0.0
2024-08-23 09:52:00-04:00,29.229999542236328,29.274999618530273,29.229999542236328,29.274999618530273,3926,0.0,0.0
2024-08-23 09:53:00-04:00,29.280000686645508,29.280000686645508,29.260000228881836,29.266300201416016,2776,0.0,0.0
2024-08-23 09:54:00-04:00,29.260000228881836,29.270000457763672,29.260000228881836,29.264999389648438,1040,0.0,0.0
2024-08-23 09:55:00-04:00,29.260099411010742,29.270000457763672,29.260099411010742,29.270000457763672,1785,0.0,0.0
2024-08-23 09:56:00-04:00,29.280000686645508,29.280000686645508,29.2721004486084,29.280000686645508,2497,0.0,0.0
2024-08-23 09:57:00-04:00,29.280000686645508,29.299999237060547,29.280000686645508,29.299999237060547,2275,0.0,0.0
2024-08-23 09:58:00-04:00,29.299999237060547,29.309999465942383,29.299999237060547,29.309999465942383,3168,0.0,0.0
2024-08-23 09:59:00-04:00,29.309999465942383,29.309999465942383,29.309999465942383,29.309999465942383,366,0.0,0.0
2024-08-23 10:00:00-04:00,29.306299209594727,29.31999969482422,29.299999237060547,29.307199478149414,24079,0.0,0.0
2024-08-23 10:01:00-04:00,29.30500030517578,29.31999969482422,29.30500030517578,29.309999465942383,6052,0.0,0.0
2024-08-23 10:02:00-04:00,29.315000534057617,29.329999923706055,29.309999465942383,29.325000762939453,9964,0.0,0.0
2024-08-23 10:03:00-04:00,29.329999923706055,29.329999923706055,29.315000534057617,29.325000762939453,6546,0.0,0.0
2024-08-23 10:04:00-04:00,29.325000762939453,29.329999923706055,29.315000534057617,29.31999969482422,8669,0.0,0.0
2024-08-23 10:05:00-04:00,29.31999969482422,29.34000015258789,29.315000534057617,29.325000762939453,14095,0.0,0.0
2024-08-23 10:06:00-04:00,29.325000762939453,29.350000381469727,29.325000762939453,29.344999313354492,16931,0.0,0.0
2024-08-23 10:07:00-04:00,29.344999313354492,29.350000381469727,29.329999923706055,29.344999313354492,7356,0.0,0.0
2024-08-23 10:08:00-04:00,29.344999313354492,29.350000381469727,29.299999237060547,29.299999237060547,50952,0.0,0.0
2024-08-23 10:09:00-04:00,29.309999465942383,29.329999923706055,29.299999237060547,29.325000762939453,7432,0.0,0.0
2024-08-23 10:10:00-04:00,29.31999969482422,29.329999923706055,29.31999969482422,29.31999969482422,3424,0.0,0.0
2024-08-23 10:11:00-04:00,29.31999969482422,29.34000015258789,29.31999969482422,29.34000015258789,10537,0.0,0.0
2024-08-23 10:12:00-04:00,29.34000015258789,29.3700008392334,29.329999923706055,29.3700008392334,15197,0.0,0.0
2024-08-23 10:13:00-04:00,29.366100311279297,29.3799991607666,29.360000610351562,29.3799991607666,7530,0.0,0.0
2024-08-23 10:14:00-04:00,29.375,29.424999237060547,29.375,29.420000076293945,28498,0.0,0.0
2024-08-23 10:15:00-04:00,29.43000030517578,29.43000030517578,29.399999618530273,29.399999618530273,18380,0.0,0.0
2024-08-23 10:16:00-04:00,29.405000686645508,29.420000076293945,29.360000610351562,29.361499786376953,41778,0.0,0.0
2024-08-23 10:17:00-04:00,29.350000381469727,29.350000381469727,29.329999923706055,29.329999923706055,5921,0.0,0.0
2024-08-23 10:18:00-04:00,29.329999923706055,29.329999923706055,29.329999923706055,29.329999923706055,2000,0.0,0.0
2024-08-23 10:19:00-04:00,29.332000732421875,29.332000732421875,29.309999465942383,29.31999969482422,5179,0.0,0.0
2024-08-23 10:20:00-04:00,29.31999969482422,29.31999969482422,29.299999237060547,29.299999237060547,3045,0.0,0.0
2024-08-23 10:21:00-04:00,29.30500030517578,29.309999465942383,29.30500030517578,29.309999465942383,4039,0.0,0.0
2024-08-23 10:22:00-04:00,29.299999237060547,29.329999923706055,29.299999237060547,29.329999923706055,6298,0.0,0.0
2024-08-23 10:23:00-04:00,29.329999923706055,29.3700008392334,29.329999923706055,29.364999771118164,5513,0.0,0.0
2024-08-23 10:24:00-04:00,29.3700008392334,29.385000228881836,29.36009979248047,29.375,6173,0.0,0.0
2024-08-23 10:25:00-04:00,29.3799991607666,29.38450050354004,29.375,29.38450050354004,2796,0.0,0.0
2024-08-23 10:26:00-04:00,29.385000228881836,29.399999618530273,29.385000228881836,29.389999389648438,5335,0.0,0.0
2024-08-23 10:27:00-04:00,29.389999389648438,29.395000457763672,29.385000228881836,29.395000457763672,4628,0.0,0.0
2024-08-23 10:28:00-04:00,29.395000457763672,29.420000076293945,29.395000457763672,29.420000076293945,6193,0.0,0.0
2024-08-23 10:29:00-04:00,29.40999984741211,29.40999984741211,29.3799991607666,29.3799991607666,5588,0.0,0.0
2024-08-23 10:30:00-04:00,29.3799991607666,29.40999984741211,29.3799991607666,29.40999984741211,4556,0.0,0.0
2024-08-23 10:31:00-04:00,29.40999984741211,29.420000076293945,29.405000686645508,29.405000686645508,2458,0.0,0.0
2024-08-23 10:32:00-04:00,29.40999984741211,29.415000915527344,29.40999984741211,29.415000915527344,1879,0.0,0.0
2024-08-23 10:33:00-04:00,29.40999984741211,29.40999984741211,29.395000457763672,29.395000457763672,4255,0.0,0.0
2024-08-23 10:34:00-04:00,29.395000457763672,29.395000457763672,29.3700008392334,29.374300003051758,8488,0.0,0.0
2024-08-23 10:35:00-04:00,29.370100021362305,29.375,29.360000610351562,29.364999771118164,2911,0.0,0.0
2024-08-23 10:36:00-04:00,29.364999771118164,29.3799991607666,29.360000610351562,29.3700008392334,3377,0.0,0.0
2024-08-23 10:37:00-04:00,29.364999771118164,29.36549949645996,29.344999313354492,29.350000381469727,30679,0.0,0.0
2024-08-23 10:38:00-04:00,29.344999313354492,29.344999313354492,29.334999084472656,29.34000015258789,4281,0.0,0.0
2024-08-23 10:39:00-04:00,29.344999313354492,29.349199295043945,29.34000015258789,29.349199295043945,1986,0.0,0.0
2024-08-23 10:40:00-04:00,29.344999313354492,29.344999313354492,29.34000015258789,29.34000015258789,1516,0.0,0.0
2024-08-23 10:41:00-04:00,29.344999313354492,29.354999542236328,29.344900131225586,29.350000381469727,4786,0.0,0.0
2024-08-23 10:42:00-04:00,29.34000015258789,29.359899520874023,29.34000015258789,29.350000381469727,4361,0.0,0.0
2024-08-23 10:43:00-04:00,29.344999313354492,29.354999542236328,29.344999313354492,29.350000381469727,11411,0.0,0.0
2024-08-23 10:44:00-04:00,29.350000381469727,29.350000381469727,29.34469985961914,29.344999313354492,1645,0.0,0.0
2024-08-23 10:45:00-04:00,29.344999313354492,29.350000381469727,29.33300018310547,29.33300018310547,3638,0.0,0.0
2024-08-23 10:46:00-04:00,29.329999923706055,29.329999923706055,29.31999969482422,29.324800491333008,1592,0.0,0.0
2024-08-23 10:47:00-04:00,29.31999969482422,29.329999923706055,29.309999465942383,29.31999969482422,8927,0.0,0.0
2024-08-23 10:48:00-04:00,29.315000534057617,29.31679916381836,29.299999237060547,29.299999237060547,2043,0.0,0.0
2024-08-23 10:49:00-04:00,29.30500030517578,29.309999465942383,29.295000076293945,29.295000076293945,1913,0.0,0.0
2024-08-23 10:50:00-04:00,29.295000076293945,29.295000076293945,29.290000915527344,29.290000915527344,460,0.0,0.0
2024-08-23 10:51:00-04:00,29.295000076293945,29.299999237060547,29.28499984741211,29.299999237060547,11726,0.0,0.0
2024-08-23 10:52:00-04:00,29.31999969482422,29.334999084472656,29.315000534057617,29.31999969482422,6955,0.0,0.0
2024-08-23 10:53:00-04:00,29.315000534057617,29.315000534057617,29.315000534057617,29.315000534057617,1402,0.0,0.0
2024-08-23 10:54:00-04:00,29.315000534057617,29.329999923706055,29.315000534057617,29.325000762939453,5514,0.0,0.0
2024-08-23 10:55:00-04:00,29.325000762939453,29.325300216674805,29.31999969482422,29.325000762939453,2734,0.0,0.0
2024-08-23 10:56:00-04:00,29.325000762939453,29.329299926757812,29.315000534057617,29.315000534057617,4830,0.0,0.0
2024-08-23 10:57:00-04:00,29.31999969482422,29.344999313354492,29.31999969482422,29.344999313354492,8324,0.0,0.0
2024-08-23 10:58:00-04:00,29.34000015258789,29.350000381469727,29.34000015258789,29.344999313354492,8196,0.0,0.0
2024-08-23 10:59:00-04:00,29.34000015258789,29.34000015258789,29.325000762939453,29.325000762939453,4669,0.0,0.0
2024-08-23 11:00:00-04:00,29.299999237060547,29.309999465942383,29.299999237060547,29.299999237060547,7349,0.0,0.0
2024-08-23 11:01:00-04:00,29.300600051879883,29.30579948425293,29.299999237060547,29.30500030517578,1885,0.0,0.0
2024-08-23 11:02:00-04:00,29.30500030517578,29.30500030517578,29.299999237060547,29.299999237060547,840,0.0,0.0
2024-08-23 11:03:00-04:00,29.30500030517578,29.309999465942383,29.299999237060547,29.309999465942383,973,0.0,0.0
2024-08-23 11:04:00-04:00,29.299999237060547,29.30500030517578,29.295000076293945,29.299999237060547,2025,0.0,0.0
2024-08-23 11:05:00-04:00,29.299999237060547,29.30780029296875,29.299999237060547,29.299999237060547,4240,0.0,0.0
2024-08-23 11:06:00-04:00,29.30500030517578,29.309999465942383,29.30500030517578,29.309999465942383,976,0.0,0.0
2024-08-23 11:07:00-04:00,29.309999465942383,29.309999465942383,29.30500030517578,29.309999465942383,1983,0.0,0.0
2024-08-23 11:08:00-04:00,29.30500030517578,29.309999465942383,29.30500030517578,29.309999465942383,2257,0.0,0.0
2024-08-23 11:09:00-04:00,29.309999465942383,29.309999465942383,29.30500030517578,29.309999465942383,701,0.0,0.0
2024-08-23 11:10:00-04:00,29.309999465942383,29.309999465942383,29.30500030517578,29.30500030517578,1179,0.0,0.0
2024-08-23 11:11:00-04:00,29.309900283813477,29.309999465942383,29.290000915527344,29.290000915527344,8586,0.0,0.0
2024-08-23 11:12:00-04:00,29.295000076293945,29.299999237060547,29.295000076293945,29.299999237060547,23185,0.0,0.0
2024-08-23 11:13:00-04:00,29.309900283813477,29.315000534057617,29.299999237060547,29.315000534057617,5809,0.0,0.0
2024-08-23 11:14:00-04:00,29.315000534057617,29.32990074157715,29.315000534057617,29.325000762939453,8852,0.0,0.0
2024-08-23 11:15:00-04:00,29.329999923706055,29.334999084472656,29.325000762939453,29.329999923706055,9825,0.0,0.0
2024-08-23 11:16:00-04:00,29.325000762939453,29.329999923706055,29.31999969482422,29.325000762939453,2304,0.0,0.0
2024-08-23 11:17:00-04:00,29.325000762939453,29.329999923706055,29.325000762939453,29.329999923706055,4194,0.0,0.0
2024-08-23 11:18:00-04:00,29.325000762939453,29.34000015258789,29.31999969482422,29.334999084472656,4124,0.0,0.0
2024-08-23 11:19:00-04:00,29.34000015258789,29.34000015258789,29.33009910583496,29.334999084472656,3006,0.0,0.0
2024-08-23 11:20:00-04:00,29.334999084472656,29.34000015258789,29.325000762939453,29.325000762939453,5660,0.0,0.0
2024-08-23 11:21:00-04:00,29.31999969482422,29.325000762939453,29.309999465942383,29.31999969482422,8773,0.0,0.0
2024-08-23 11:22:00-04:00,29.312599182128906,29.31999969482422,29.312599182128906,29.317699432373047,3478,0.0,0.0
2024-08-23 11:23:00-04:00,29.315000534057617,29.329999923706055,29.315000534057617,29.325000762939453,6431,0.0,0.0
2024-08-23 11:24:00-04:00,29.329999923706055,29.329999923706055,29.31999969482422,29.325000762939453,2062,0.0,0.0
2024-08-23 11:25:00-04:00,29.325000762939453,29.325000762939453,29.31999969482422,29.31999969482422,1844,0.0,0.0
2024-08-23 11:26:00-04:00,29.31999969482422,29.31999969482422,29.315000534057617,29.31999969482422,5893,0.0,0.0
2024-08-23 11:27:00-04:00,29.31999969482422,29.325000762939453,29.315000534057617,29.323699951171875,3841,0.0,0.0
2024-08-23 11:28:00-04:00,29.325000762939453,29.329999923706055,29.31999969482422,29.325000762939453,8811,0.0,0.0
2024-08-23 11:29:00-04:00,29.325000762939453,29.325000762939453,29.309999465942383,29.315000534057617,2537,0.0,0.0
2024-08-23 11:30:00-04:00,29.315000534057617,29.315000534057617,29.309999465942383,29.315000534057617,2187,0.0,0.0
2024-08-23 11:31:00-04:00,29.315000534057617,29.325000762939453,29.315000534057617,29.325000762939453,3035,0.0,0.0
2024-08-23 11:32:00-04:00,29.325000762939453,29.325000762939453,29.315000534057617,29.315000534057617,2488,0.0,0.0
2024-08-23 11:33:00-04:00,29.315000534057617,29.315000534057617,29.309999465942383,29.315000534057617,1297,0.0,0.0
2024-08-23 11:34:00-04:00,29.309999465942383,29.319900512695312,29.299999237060547,29.30500030517578,6148,0.0,0.0
2024-08-23 11:35:00-04:00,29.309999465942383,29.309999465942383,29.303199768066406,29.30500030517578,424,0.0,0.0
2024-08-23 11:36:00-04:00,29.309999465942383,29.31999969482422,29.309999465942383,29.31999969482422,3520,0.0,0.0
2024-08-23 11:37:00-04:00,29.31999969482422,29.31999969482422,29.309999465942383,29.313899993896484,10036,0.0,0.0
2024-08-23 11:38:00-04:00,29.315000534057617,29.31999969482422,29.315000534057617,29.315000534057617,3739,0.0,0.0
2024-08-23 11:39:00-04:00,29.31410026550293,29.31999969482422,29.309999465942383,29.31999969482422,2454,0.0,0.0
2024-08-23 11:40:00-04:00,29.309999465942383,29.31999969482422,29.309999465942383,29.315000534057617,10925,0.0,0.0
2024-08-23 11:41:00-04:00,29.309999465942383,29.315000534057617,29.30500030517578,29.30500030517578,2840,0.0,0.0
2024-08-23 11:42:00-04:00,29.30500030517578,29.30500030517578,29.30500030517578,29.30500030517578,422,0.0,0.0
2024-08-23 11:43:00-04:00,29.299999237060547,29.30500030517578,29.290000915527344,29.295000076293945,5818,0.0,0.0
2024-08-23 11:44:00-04:00,29.295000076293945,29.295000076293945,29.280000686645508,29.28499984741211,3690,0.0,0.0
2024-08-23 11:45:00-04:00,29.280000686645508,29.280000686645508,29.270000457763672,29.270000457763672,6160,0.0,0.0
2024-08-23 11:46:00-04:00,29.270000457763672,29.274999618530273,29.270000457763672,29.274999618530273,1521,0.0,0.0
2024-08-23 11:47:00-04:00,29.274999618530273,29.274999618530273,29.270000457763672,29.274999618530273,1159,0.0,0.0
2024-08-23 11:48:00-04:00,29.280000686645508,29.280000686645508,29.274999618530273,29.280000686645508,1490,0.0,0.0
2024-08-23 11:49:00-04:00,29.280000686645508,29.290000915527344,29.280000686645508,29.290000915527344,4890,0.0,0.0
2024-08-23 11:50:00-04:00,29.280000686645508,29.290000915527344,29.280000686645508,29.28499984741211,2200,0.0,0.0
2024-08-23 11:51:00-04:00,29.28499984741211,29.28499984741211,29.270000457763672,29.280000686645508,3468,0.0,0.0
2024-08-23 11:52:00-04:00,29.274999618530273,29.280000686645508,29.270000457763672,29.280000686645508,1225,0.0,0.0
2024-08-23 11:53:00-04:00,29.2721004486084,29.280000686645508,29.2721004486084,29.280000686645508,4168,0.0,0.0
2024-08-23 11:54:00-04:00,29.274999618530273,29.280000686645508,29.270000457763672,29.280000686645508,1117,0.0,0.0
2024-08-23 11:55:00-04:00,29.274999618530273,29.280000686645508,29.270000457763672,29.280000686645508,3065,0.0,0.0
2024-08-23 11:56:00-04:00,29.280000686645508,29.290000915527344,29.280000686645508,29.280000686645508,7844,0.0,0.0
2024-08-23 11:57:00-04:00,29.274999618530273,29.274999618530273,29.274999618530273,29.274999618530273,987,0.0,0.0
2024-08-23 11:58:00-04:00,29.270000457763672,29.270000457763672,29.2549991607666,29.270000457763672,10659,0.0,0.0
2024-08-23 11:59:00-04:00,29.270000457763672,29.270000457763672,29.239999771118164,29.2450008392334,10219,0.0,0.0
2024-08-23 12:00:00-04:00,29.2450008392334,29.2450008392334,29.229999542236328,29.235000610351562,15181,0.0,0.0
2024-08-23 12:01:00-04:00,29.235000610351562,29.235000610351562,29.219999313354492,29.225000381469727,17624,0.0,0.0
2024-08-23 12:02:00-04:00,29.224899291992188,29.225000381469727,29.209999084472656,29.210100173950195,3301,0.0,0.0
2024-08-23 12:03:00-04:00,29.21500015258789,29.219999313354492,29.209999084472656,29.21500015258789,2401,0.0,0.0
2024-08-23 12:04:00-04:00,29.21500015258789,29.229999542236328,29.21500015258789,29.229999542236328,4786,0.0,0.0
2024-08-23 12:05:00-04:00,29.225000381469727,29.235000610351562,29.204999923706055,29.204999923706055,113650,0.0,0.0
2024-08-23 12:06:00-04:00,29.20669937133789,29.235000610351562,29.204999923706055,29.225000381469727,13310,0.0,0.0
2024-08-23 12:07:00-04:00,29.225000381469727,29.229900360107422,29.225000381469727,29.229900360107422,2305,0.0,0.0
2024-08-23 12:08:00-04:00,29.219999313354492,29.229999542236328,29.219999313354492,29.225000381469727,3986,0.0,0.0
2024-08-23 12:09:00-04:00,29.229999542236328,29.229999542236328,29.219999313354492,29.225000381469727,3889,0.0,0.0
2024-08-23 12:10:00-04:00,29.225000381469727,29.229999542236328,29.219999313354492,29.225000381469727,3890,0.0,0.0
2024-08-23 12:11:00-04:00,29.225000381469727,29.225000381469727,29.219999313354492,29.219999313354492,1465,0.0,0.0
2024-08-23 12:12:00-04:00,29.225000381469727,29.229900360107422,29.209999084472656,29.21500015258789,6159,0.0,0.0
2024-08-23 12:13:00-04:00,29.21500015258789,29.229999542236328,29.209999084472656,29.225000381469727,11530,0.0,0.0
2024-08-23 12:14:00-04:00,29.225000381469727,29.226299285888672,29.20009994506836,29.20009994506836,5565,0.0,0.0
2024-08-23 12:15:00-04:00,29.204999923706055,29.219999313354492,29.204999923706055,29.21500015258789,4720,0.0,0.0
2024-08-23 12:16:00-04:00,29.21500015258789,29.21500015258789,29.204999923706055,29.204999923706055,1756,0.0,0.0
2024-08-23 12:17:00-04:00,29.204999923706055,29.204999923706055,29.184999465942383,29.184999465942383,3067,0.0,0.0
2024-08-23 12:18:00-04:00,29.184999465942383,29.21500015258789,29.184999465942383,29.209999084472656,6032,0.0,0.0
2024-08-23 12:19:00-04:00,29.219999313354492,29.219999313354492,29.209999084472656,29.21500015258789,1053,0.0,0.0
2024-08-23 12:20:00-04:00,29.219999313354492,29.229999542236328,29.219999313354492,29.225000381469727,2555,0.0,0.0
2024-08-23 12:21:00-04:00,29.219999313354492,29.229900360107422,29.21500015258789,29.21500015258789,5675,0.0,0.0
2024-08-23 12:22:00-04:00,29.21500015258789,29.229999542236328,29.21500015258789,29.225000381469727,3496,0.0,0.0
2024-08-23 12:23:00-04:00,29.229999542236328,29.229999542236328,29.225000381469727,29.225000381469727,541,0.0,0.0
2024-08-23 12:24:00-04:00,29.225000381469727,29.229999542236328,29.225000381469727,29.225000381469727,1714,0.0,0.0
2024-08-23 12:25:00-04:00,29.225000381469727,29.229999542236328,29.225000381469727,29.225000381469727,1239,0.0,0.0
2024-08-23 12:26:00-04:00,29.219999313354492,29.219999313354492,29.209999084472656,29.21500015258789,2904,0.0,0.0
2024-08-23 12:27:00-04:00,29.21500015258789,29.219999313354492,29.209999084472656,29.209999084472656,1893,0.0,0.0
2024-08-23 12:28:00-04:00,29.219999313354492,29.219999313354492,29.21500015258789,29.219999313354492,2064,0.0,0.0
2024-08-23 12:29:00-04:00,29.225000381469727,29.229999542236328,29.225000381469727,29.225000381469727,970,0.0,0.0
2024-08-23 12:30:00-04:00,29.225000381469727,29.235000610351562,29.225000381469727,29.235000610351562,5401,0.0,0.0
2024-08-23 12:31:00-04:00,29.239999771118164,29.239999771118164,29.235000610351562,29.235000610351562,1087,0.0,0.0
2024-08-23 12:32:00-04:00,29.229999542236328,29.239999771118164,29.229999542236328,29.235000610351562,2992,0.0,0.0
2024-08-23 12:33:00-04:00,29.235000610351562,29.239999771118164,29.229999542236328,29.235000610351562,1308,0.0,0.0
2024-08-23 12:34:00-04:00,29.235000610351562,29.239999771118164,29.229999542236328,29.235000610351562,2674,0.0,0.0
2024-08-23 12:35:00-04:00,29.235000610351562,29.245899200439453,29.235000610351562,29.245899200439453,5449,0.0,0.0
2024-08-23 12:36:00-04:00,29.2450008392334,29.25,29.243999481201172,29.243999481201172,1366,0.0,0.0
2024-08-23 12:37:00-04:00,29.240100860595703,29.260000228881836,29.240100860595703,29.2450008392334,5460,0.0,0.0
2024-08-23 12:38:00-04:00,29.2450008392334,29.2549991607666,29.2450008392334,29.2549991607666,7629,0.0,0.0
2024-08-23 12:39:00-04:00,29.2549991607666,29.260000228881836,29.25,29.260000228881836,2667,0.0,0.0
2024-08-23 12:40:00-04:00,29.2549991607666,29.264999389648438,29.2549991607666,29.264999389648438,1983,0.0,0.0
2024-08-23 12:41:00-04:00,29.264999389648438,29.270000457763672,29.263399124145508,29.264999389648438,1814,0.0,0.0
2024-08-23 12:42:00-04:00,29.264999389648438,29.264999389648438,29.235000610351562,29.2450008392334,8975,0.0,0.0
2024-08-23 12:43:00-04:00,29.249900817871094,29.249900817871094,29.2450008392334,29.2450008392334,1620,0.0,0.0
2024-08-23 12:44:00-04:00,29.242000579833984,29.2450008392334,29.235000610351562,29.235000610351562,5294,0.0,0.0
2024-08-23 12:45:00-04:00,29.239999771118164,29.239999771118164,29.239999771118164,29.239999771118164,832,0.0,0.0
2024-08-23 12:46:00-04:00,29.239999771118164,29.239999771118164,29.229999542236328,29.239999771118164,2363,0.0,0.0
2024-08-23 12:47:00-04:00,29.239999771118164,29.2450008392334,29.239999771118164,29.2450008392334,2510,0.0,0.0
2024-08-23 12:48:00-04:00,29.2450008392334,29.2450008392334,29.2450008392334,29.2450008392334,504,0.0,0.0
2024-08-23 12:49:00-04:00,29.2450008392334,29.25,29.239999771118164,29.2450008392334,2148,0.0,0.0
2024-08-23 12:50:00-04:00,29.25,29.260000228881836,29.244800567626953,29.260000228881836,4105,0.0,0.0
2024-08-23 12:51:00-04:00,29.2549991607666,29.260000228881836,29.25,29.260000228881836,3110,0.0,0.0
2024-08-23 12:52:00-04:00,29.2549991607666,29.260000228881836,29.250099182128906,29.250099182128906,1000,0.0,0.0
2024-08-23 12:53:00-04:00,29.2549991607666,29.260000228881836,29.2549991607666,29.2549991607666,3505,0.0,0.0
2024-08-23 12:54:00-04:00,29.2549991607666,29.259700775146484,29.252599716186523,29.2549991607666,6405,0.0,0.0
2024-08-23 12:55:00-04:00,29.2549991607666,29.280000686645508,29.2549991607666,29.280000686645508,8962,0.0,0.0
2024-08-23 12:56:00-04:00,29.274999618530273,29.280000686645508,29.274999618530273,29.280000686645508,1828,0.0,0.0
2024-08-23 12:57:00-04:00,29.280000686645508,29.280000686645508,29.270099639892578,29.280000686645508,2157,0.0,0.0
2024-08-23 12:58:00-04:00,29.280000686645508,29.280000686645508,29.270000457763672,29.274999618530273,2220,0.0,0.0
2024-08-23 12:59:00-04:00,29.274999618530273,29.274999618530273,29.269800186157227,29.269800186157227,6441,0.0,0.0
2024-08-23 13:00:00-04:00,29.260000228881836,29.266000747680664,29.2549991607666,29.264999389648438,4585,0.0,0.0
2024-08-23 13:01:00-04:00,29.264999389648438,29.280000686645508,29.260000228881836,29.274999618530273,4607,0.0,0.0
2024-08-23 13:02:00-04:00,29.274999618530273,29.290000915527344,29.274999618530273,29.28499984741211,2522,0.0,0.0
2024-08-23 13:03:00-04:00,29.28499984741211,29.28499984741211,29.270000457763672,29.274999618530273,3122,0.0,0.0
2024-08-23 13:04:00-04:00,29.274999618530273,29.280000686645508,29.274999618530273,29.280000686645508,860,0.0,0.0
2024-08-23 13:05:00-04:00,29.274999618530273,29.285400390625,29.274999618530273,29.28499984741211,2612,0.0,0.0
2024-08-23 13:06:00-04:00,29.28499984741211,29.34000015258789,29.28499984741211,29.30500030517578,84797,0.0,0.0
2024-08-23 13:07:00-04:00,29.30500030517578,29.309999465942383,29.30500030517578,29.309999465942383,1811,0.0,0.0
2024-08-23 13:08:00-04:00,29.30500030517578,29.309999465942383,29.299999237060547,29.30500030517578,13409,0.0,0.0
2024-08-23 13:09:00-04:00,29.30500030517578,29.309999465942383,29.299999237060547,29.299999237060547,2390,0.0,0.0
2024-08-23 13:10:00-04:00,29.299999237060547,29.30500030517578,29.295000076293945,29.30500030517578,5883,0.0,0.0
2024-08-23 13:11:00-04:00,29.30500030517578,29.30500030517578,29.280000686645508,29.28499984741211,4125,0.0,0.0
2024-08-23 13:12:00-04:00,29.28499984741211,29.295000076293945,29.28499984741211,29.295000076293945,2670,0.0,0.0
2024-08-23 13:13:00-04:00,29.295000076293945,29.30500030517578,29.295000076293945,29.299999237060547,4054,0.0,0.0
2024-08-23 13:14:00-04:00,29.30500030517578,29.309999465942383,29.299999237060547,29.30500030517578,3016,0.0,0.0
2024-08-23 13:15:00-04:00,29.307899475097656,29.315000534057617,29.30500030517578,29.315000534057617,4270,0.0,0.0
2024-08-23 13:16:00-04:00,29.315000534057617,29.319900512695312,29.309999465942383,29.315000534057617,1993,0.0,0.0
2024-08-23 13:17:00-04:00,29.309999465942383,29.31999969482422,29.309999465942383,29.309999465942383,2006,0.0,0.0
2024-08-23 13:18:00-04:00,29.309999465942383,29.319900512695312,29.30500030517578,29.30500030517578,2995,0.0,0.0
2024-08-23 13:19:00-04:00,29.299999237060547,29.299999237060547,29.290000915527344,29.295000076293945,5930,0.0,0.0
2024-08-23 13:20:00-04:00,29.290000915527344,29.309999465942383,29.290000915527344,29.30500030517578,3185,0.0,0.0
2024-08-23 13:21:00-04:00,29.30500030517578,29.309999465942383,29.30500030517578,29.309999465942383,1570,0.0,0.0
2024-08-23 13:22:00-04:00,29.309999465942383,29.31999969482422,29.309999465942383,29.315000534057617,6838,0.0,0.0
2024-08-23 13:23:00-04:00,29.315000534057617,29.315000534057617,29.315000534057617,29.315000534057617,513,0.0,0.0
2024-08-23 13:24:00-04:00,29.315000534057617,29.315000534057617,29.315000534057617,29.315000534057617,1574,0.0,0.0
2024-08-23 13:25:00-04:00,29.315000534057617,29.315000534057617,29.31369972229004,29.31369972229004,2421,0.0,0.0
2024-08-23 13:26:00-04:00,29.315000534057617,29.31999969482422,29.309999465942383,29.315000534057617,3214,0.0,0.0
2024-08-23 13:27:00-04:00,29.31999969482422,29.31999969482422,29.309999465942383,29.315000534057617,5204,0.0,0.0
2024-08-23 13:28:00-04:00,29.315000534057617,29.315000534057617,29.299999237060547,29.310100555419922,42205,0.0,0.0
2024-08-23 13:29:00-04:00,29.315000534057617,29.315000534057617,29.299999237060547,29.30500030517578,2537,0.0,0.0
2024-08-23 13:30:00-04:00,29.30500030517578,29.309999465942383,29.30500030517578,29.309999465942383,4019,0.0,0.0
2024-08-23 13:31:00-04:00,29.315000534057617,29.31999969482422,29.30500030517578,29.30500030517578,2323,0.0,0.0
2024-08-23 13:32:00-04:00,29.30500030517578,29.30500030517578,29.290000915527344,29.290000915527344,3140,0.0,0.0
2024-08-23 13:33:00-04:00,29.290000915527344,29.290000915527344,29.270000457763672,29.28499984741211,4477,0.0,0.0
2024-08-23 13:34:00-04:00,29.28499984741211,29.28499984741211,29.28499984741211,29.28499984741211,1244,0.0,0.0
2024-08-23 13:35:00-04:00,29.280000686645508,29.290000915527344,29.280000686645508,29.28499984741211,1736,0.0,0.0
2024-08-23 13:36:00-04:00,29.28499984741211,29.290000915527344,29.28499984741211,29.28499984741211,2592,0.0,0.0
2024-08-23 13:37:00-04:00,29.289899826049805,29.290000915527344,29.280000686645508,29.28499984741211,2656,0.0,0.0
2024-08-23 13:38:00-04:00,29.28499984741211,29.290000915527344,29.28499984741211,29.290000915527344,2097,0.0,0.0
2024-08-23 13:39:00-04:00,29.28499984741211,29.290000915527344,29.280000686645508,29.28499984741211,2374,0.0,0.0
2024-08-23 13:40:00-04:00,29.28499984741211,29.290000915527344,29.280000686645508,29.28499984741211,1533,0.0,0.0
2024-08-23 13:41:00-04:00,29.28660011291504,29.28660011291504,29.28499984741211,29.28499984741211,1406,0.0,0.0
2024-08-23 13:42:00-04:00,29.290000915527344,29.290000915527344,29.28499984741211,29.28499984741211,2314,0.0,0.0
2024-08-23 13:43:00-04:00,29.28499984741211,29.28499984741211,29.280000686645508,29.28499984741211,2873,0.0,0.0
2024-08-23 13:44:00-04:00,29.280000686645508,29.280000686645508,29.270000457763672,29.274999618530273,16384,0.0,0.0
2024-08-23 13:45:00-04:00,29.274999618530273,29.274999618530273,29.270000457763672,29.270000457763672,1836,0.0,0.0
2024-08-23 13:46:00-04:00,29.270000457763672,29.274999618530273,29.270000457763672,29.274999618530273,1448,0.0,0.0
2024-08-23 13:47:00-04:00,29.274999618530273,29.274999618530273,29.274999618530273,29.274999618530273,1413,0.0,0.0
2024-08-23 13:48:00-04:00,29.270000457763672,29.290000915527344,29.270000457763672,29.280000686645508,7542,0.0,0.0
2024-08-23 13:49:00-04:00,29.274999618530273,29.274999618530273,29.274999618530273,29.274999618530273,830,0.0,0.0
2024-08-23 13:50:00-04:00,29.274999618530273,29.274999618530273,29.274999618530273,29.274999618530273,2473,0.0,0.0
2024-08-23 13:51:00-04:00,29.274999618530273,29.280000686645508,29.270000457763672,29.274999618530273,1545,0.0,0.0
2024-08-23 13:52:00-04:00,29.274999618530273,29.275400161743164,29.270000457763672,29.274999618530273,3249,0.0,0.0
2024-08-23 13:53:00-04:00,29.280000686645508,29.28499984741211,29.274999618530273,29.28499984741211,2983,0.0,0.0
2024-08-23 13:54:00-04:00,29.28499984741211,29.290000915527344,29.274999618530273,29.279699325561523,5389,0.0,0.0
2024-08-23 13:55:00-04:00,29.270000457763672,29.27989959716797,29.270000457763672,29.270700454711914,1968,0.0,0.0
2024-08-23 13:56:00-04:00,29.280000686645508,29.280000686645508,29.274999618530273,29.280000686645508,1783,0.0,0.0
2024-08-23 13:57:00-04:00,29.280000686645508,29.280000686645508,29.270000457763672,29.274999618530273,7153,0.0,0.0
2024-08-23 13:58:00-04:00,29.280000686645508,29.280000686645508,29.274999618530273,29.274999618530273,3930,0.0,0.0
2024-08-23 13:59:00-04:00,29.280000686645508,29.280000686645508,29.274999618530273,29.274999618530273,1868,0.0,0.0
2024-08-23 14:00:00-04:00,29.274999618530273,29.280000686645508,29.2549991607666,29.274999618530273,19760,0.0,0.0
2024-08-23 14:01:00-04:00,29.274999618530273,29.274999618530273,29.274999618530273,29.274999618530273,2336,0.0,0.0
2024-08-23 14:02:00-04:00,29.280000686645508,29.280000686645508,29.270000457763672,29.274999618530273,7525,0.0,0.0
2024-08-23 14:03:00-04:00,29.274999618530273,29.27989959716797,29.270000457763672,29.274999618530273,1718,0.0,0.0
2024-08-23 14:04:00-04:00,29.270000457763672,29.274999618530273,29.260000228881836,29.264999389648438,7888,0.0,0.0
2024-08-23 14:05:00-04:00,29.264999389648438,29.270000457763672,29.264999389648438,29.264999389648438,1727,0.0,0.0
2024-08-23 14:06:00-04:00,29.270000457763672,29.274999618530273,29.260000228881836,29.264999389648438,8362,0.0,0.0
2024-08-23 14:07:00-04:00,29.270000457763672,29.270000457763672,29.264999389648438,29.264999389648438,2445,0.0,0.0
2024-08-23 14:08:00-04:00,29.264999389648438,29.270000457763672,29.260000228881836,29.270000457763672,2377,0.0,0.0
2024-08-23 14:09:00-04:00,29.264999389648438,29.270000457763672,29.260000228881836,29.260000228881836,4071,0.0,0.0
2024-08-23 14:10:00-04:00,29.270000457763672,29.270000457763672,29.260000228881836,29.264999389648438,2730,0.0,0.0
2024-08-23 14:11:00-04:00,29.264999389648438,29.274999618530273,29.264999389648438,29.274999618530273,6509,0.0,0.0
2024-08-23 14:12:00-04:00,29.274999618530273,29.280000686645508,29.274999618530273,29.274999618530273,1726,0.0,0.0
2024-08-23 14:13:00-04:00,29.274999618530273,29.280000686645508,29.270000457763672,29.274999618530273,2550,0.0,0.0
2024-08-23 14:14:00-04:00,29.274999618530273,29.290000915527344,29.274999618530273,29.290000915527344,7619,0.0,0.0
2024-08-23 14:15:00-04:00,29.28499984741211,29.290000915527344,29.28499984741211,29.290000915527344,691,0.0,0.0
2024-08-23 14:16:00-04:00,29.290000915527344,29.290000915527344,29.28499984741211,29.28499984741211,1811,0.0,0.0
2024-08-23 14:17:00-04:00,29.290000915527344,29.290000915527344,29.280000686645508,29.28499984741211,3337,0.0,0.0
2024-08-23 14:18:00-04:00,29.28499984741211,29.290000915527344,29.280000686645508,29.28499984741211,3067,0.0,0.0
2024-08-23 14:19:00-04:00,29.290000915527344,29.290000915527344,29.280000686645508,29.290000915527344,3487,0.0,0.0
2024-08-23 14:20:00-04:00,29.286399841308594,29.290000915527344,29.280000686645508,29.290000915527344,3710,0.0,0.0
2024-08-23 14:21:00-04:00,29.28499984741211,29.290000915527344,29.28499984741211,29.28499984741211,2410,0.0,0.0
2024-08-23 14:22:00-04:00,29.28499984741211,29.290000915527344,29.280099868774414,29.28499984741211,2199,0.0,0.0
2024-08-23 14:23:00-04:00,29.28499984741211,29.290000915527344,29.283300399780273,29.28499984741211,12780,0.0,0.0
2024-08-23 14:24:00-04:00,29.28499984741211,29.290000915527344,29.280000686645508,29.28499984741211,2685,0.0,0.0
2024-08-23 14:25:00-04:00,29.28499984741211,29.290000915527344,29.274999618530273,29.274999618530273,8238,0.0,0.0
2024-08-23 14:26:00-04:00,29.274999618530273,29.280000686645508,29.274999618530273,29.274999618530273,1276,0.0,0.0
2024-08-23 14:27:00-04:00,29.280000686645508,29.280000686645508,29.270099639892578,29.274999618530273,2653,0.0,0.0
2024-08-23 14:28:00-04:00,29.274999618530273,29.290000915527344,29.274999618530273,29.28499984741211,6521,0.0,0.0
2024-08-23 14:29:00-04:00,29.290000915527344,29.290000915527344,29.280000686645508,29.28499984741211,4637,0.0,0.0
2024-08-23 14:30:00-04:00,29.28499984741211,29.290000915527344,29.28499984741211,29.290000915527344,2208,0.0,0.0
2024-08-23 14:31:00-04:00,29.28499984741211,29.28499984741211,29.274999618530273,29.274999618530273,4329,0.0,0.0
2024-08-23 14:32:00-04:00,29.274999618530273,29.28499984741211,29.274999618530273,29.28499984741211,6922,0.0,0.0
2024-08-23 14:33:00-04:00,29.28499984741211,29.290000915527344,29.28499984741211,29.290000915527344,1892,0.0,0.0
2024-08-23 14:34:00-04:00,29.28969955444336,29.309999465942383,29.28569984436035,29.295000076293945,16460,0.0,0.0
2024-08-23 14:35:00-04:00,29.299999237060547,29.299999237060547,29.290000915527344,29.29520034790039,1110,0.0,0.0
2024-08-23 14:36:00-04:00,29.295000076293945,29.299999237060547,29.280000686645508,29.280000686645508,5263,0.0,0.0
2024-08-23 14:37:00-04:00,29.28499984741211,29.290000915527344,29.28499984741211,29.28499984741211,1329,0.0,0.0
2024-08-23 14:38:00-04:00,29.290000915527344,29.299999237060547,29.290000915527344,29.297500610351562,6700,0.0,0.0
2024-08-23 14:39:00-04:00,29.299999237060547,29.299999237060547,29.295000076293945,29.298799514770508,1325,0.0,0.0
2024-08-23 14:40:00-04:00,29.295000076293945,29.299999237060547,29.295000076293945,29.295000076293945,3621,0.0,0.0
2024-08-23 14:41:00-04:00,29.295000076293945,29.295000076293945,29.28499984741211,29.290000915527344,3291,0.0,0.0
2024-08-23 14:42:00-04:00,29.290000915527344,29.290000915527344,29.287799835205078,29.289899826049805,6732,0.0,0.0
2024-08-23 14:43:00-04:00,29.290000915527344,29.290000915527344,29.28700065612793,29.290000915527344,2571,0.0,0.0
2024-08-23 14:44:00-04:00,29.290000915527344,29.290000915527344,29.28499984741211,29.28499984741211,1303,0.0,0.0
2024-08-23 14:45:00-04:00,29.28499984741211,29.290000915527344,29.28499984741211,29.290000915527344,1380,0.0,0.0
2024-08-23 14:46:00-04:00,29.290000915527344,29.299999237060547,29.280000686645508,29.28499984741211,8078,0.0,0.0
2024-08-23 14:47:00-04:00,29.290000915527344,29.290000915527344,29.280099868774414,29.28580093383789,2048,0.0,0.0
2024-08-23 14:48:00-04:00,29.290000915527344,29.290000915527344,29.28499984741211,29.290000915527344,4819,0.0,0.0
2024-08-23 14:49:00-04:00,29.28499984741211,29.290000915527344,29.28499984741211,29.28499984741211,5518,0.0,0.0
2024-08-23 14:50:00-04:00,29.28499984741211,29.290000915527344,29.28499984741211,29.290000915527344,2298,0.0,0.0
2024-08-23 14:51:00-04:00,29.290000915527344,29.290000915527344,29.28499984741211,29.290000915527344,1940,0.0,0.0
2024-08-23 14:52:00-04:00,29.290000915527344,29.290000915527344,29.28030014038086,29.28969955444336,3567,0.0,0.0
2024-08-23 14:53:00-04:00,29.28499984741211,29.290000915527344,29.275299072265625,29.28499984741211,12714,0.0,0.0
2024-08-23 14:54:00-04:00,29.28969955444336,29.290000915527344,29.281299591064453,29.281299591064453,4809,0.0,0.0
2024-08-23 14:55:00-04:00,29.28499984741211,29.290000915527344,29.28499984741211,29.290000915527344,1074,0.0,0.0
2024-08-23 14:56:00-04:00,29.28260040283203,29.290000915527344,29.28260040283203,29.28499984741211,3515,0.0,0.0
2024-08-23 14:57:00-04:00,29.28499984741211,29.290000915527344,29.280000686645508,29.280000686645508,10077,0.0,0.0
2024-08-23 14:58:00-04:00,29.280000686645508,29.290000915527344,29.274999618530273,29.290000915527344,2281,0.0,0.0
2024-08-23 14:59:00-04:00,29.28499984741211,29.295000076293945,29.280000686645508,29.290000915527344,7958,0.0,0.0
2024-08-23 15:00:00-04:00,29.280000686645508,29.280000686645508,29.270000457763672,29.274999618530273,8145,0.0,0.0
2024-08-23 15:01:00-04:00,29.274999618530273,29.280000686645508,29.270000457763672,29.270000457763672,3720,0.0,0.0
2024-08-23 15:02:00-04:00,29.274999618530273,29.280000686645508,29.2726993560791,29.274999618530273,5535,0.0,0.0
2024-08-23 15:03:00-04:00,29.274999618530273,29.280000686645508,29.274999618530273,29.280000686645508,1796,0.0,0.0
2024-08-23 15:04:00-04:00,29.280000686645508,29.280000686645508,29.274999618530273,29.274999618530273,2789,0.0,0.0
2024-08-23 15:05:00-04:00,29.274999618530273,29.280000686645508,29.270000457763672,29.274999618530273,5938,0.0,0.0
2024-08-23 15:06:00-04:00,29.274999618530273,29.280000686645508,29.274999618530273,29.280000686645508,680,0.0,0.0
2024-08-23 15:07:00-04:00,29.274999618530273,29.274999618530273,29.260000228881836,29.264999389648438,7698,0.0,0.0
2024-08-23 15:08:00-04:00,29.264999389648438,29.264999389648438,29.2549991607666,29.2549991607666,5888,0.0,0.0
2024-08-23 15:09:00-04:00,29.2549991607666,29.25749969482422,29.2549991607666,29.2549991607666,3759,0.0,0.0
2024-08-23 15:10:00-04:00,29.2549991607666,29.260000228881836,29.2549991607666,29.2549991607666,4814,0.0,0.0
2024-08-23 15:11:00-04:00,29.25,29.260000228881836,29.25,29.260000228881836,62574,0.0,0.0
2024-08-23 15:12:00-04:00,29.2549991607666,29.2549991607666,29.204999923706055,29.239999771118164,86211,0.0,0.0
2024-08-23 15:13:00-04:00,29.235000610351562,29.239999771118164,29.219999313354492,29.219999313354492,8632,0.0,0.0
2024-08-23 15:14:00-04:00,29.229999542236328,29.260000228881836,29.21500015258789,29.260000228881836,27975,0.0,0.0
2024-08-23 15:15:00-04:00,29.264999389648438,29.270000457763672,29.264999389648438,29.265499114990234,4688,0.0,0.0
2024-08-23 15:16:00-04:00,29.264999389648438,29.270000457763672,29.2549991607666,29.2549991607666,5495,0.0,0.0
2024-08-23 15:17:00-04:00,29.2549991607666,29.258699417114258,29.2549991607666,29.258699417114258,1467,0.0,0.0
2024-08-23 15:18:00-04:00,29.2549991607666,29.260000228881836,29.25,29.260000228881836,4396,0.0,0.0
2024-08-23 15:19:00-04:00,29.260000228881836,29.260000228881836,29.2549991607666,29.2549991607666,2786,0.0,0.0
2024-08-23 15:20:00-04:00,29.260000228881836,29.260000228881836,29.25,29.2549991607666,4635,0.0,0.0
2024-08-23 15:21:00-04:00,29.2549991607666,29.260000228881836,29.2549991607666,29.2549991607666,3036,0.0,0.0
2024-08-23 15:22:00-04:00,29.260000228881836,29.260000228881836,29.25,29.260000228881836,4561,0.0,0.0
2024-08-23 15:23:00-04:00,29.2549991607666,29.270000457763672,29.2549991607666,29.270000457763672,3745,0.0,0.0
2024-08-23 15:24:00-04:00,29.270000457763672,29.270000457763672,29.2544002532959,29.2549991607666,8870,0.0,0.0
2024-08-23 15:25:00-04:00,29.2549991607666,29.2549991607666,29.2450008392334,29.2549991607666,7624,0.0,0.0
2024-08-23 15:26:00-04:00,29.260000228881836,29.270000457763672,29.260000228881836,29.270000457763672,5342,0.0,0.0
2024-08-23 15:27:00-04:00,29.264999389648438,29.270000457763672,29.264999389648438,29.264999389648438,4441,0.0,0.0
2024-08-23 15:28:00-04:00,29.264999389648438,29.264999389648438,29.260000228881836,29.264999389648438,2584,0.0,0.0
2024-08-23 15:29:00-04:00,29.264999389648438,29.270000457763672,29.260000228881836,29.264999389648438,5199,0.0,0.0
2024-08-23 15:30:00-04:00,29.264999389648438,29.270000457763672,29.260000228881836,29.264999389648438,2493,0.0,0.0
2024-08-23 15:31:00-04:00,29.270000457763672,29.275100708007812,29.260000228881836,29.260000228881836,9584,0.0,0.0
2024-08-23 15:32:00-04:00,29.264999389648438,29.264999389648438,29.260000228881836,29.264999389648438,2260,0.0,0.0
2024-08-23 15:33:00-04:00,29.264999389648438,29.274999618530273,29.264999389648438,29.270000457763672,22510,0.0,0.0
2024-08-23 15:34:00-04:00,29.274999618530273,29.280000686645508,29.274999618530273,29.27989959716797,4091,0.0,0.0
2024-08-23 15:35:00-04:00,29.274999618530273,29.274999618530273,29.264999389648438,29.264999389648438,10101,0.0,0.0
2024-08-23 15:36:00-04:00,29.264999389648438,29.264999389648438,29.260000228881836,29.264999389648438,3111,0.0,0.0
2024-08-23 15:37:00-04:00,29.26420021057129,29.270000457763672,29.260000228881836,29.264999389648438,5812,0.0,0.0
2024-08-23 15:38:00-04:00,29.264999389648438,29.270000457763672,29.260000228881836,29.264999389648438,2766,0.0,0.0
2024-08-23 15:39:00-04:00,29.264999389648438,29.274999618530273,29.264999389648438,29.274999618530273,7619,0.0,0.0
2024-08-23 15:40:00-04:00,29.280000686645508,29.295000076293945,29.280000686645508,29.290000915527344,8500,0.0,0.0
2024-08-23 15:41:00-04:00,29.295000076293945,29.299999237060547,29.290000915527344,29.295000076293945,3488,0.0,0.0
2024-08-23 15:42:00-04:00,29.295000076293945,29.299999237060547,29.290000915527344,29.295000076293945,3850,0.0,0.0
2024-08-23 15:43:00-04:00,29.299999237060547,29.299999237060547,29.295000076293945,29.299999237060547,4529,0.0,0.0
2024-08-23 15:44:00-04:00,29.299999237060547,29.299999237060547,29.290000915527344,29.299999237060547,4227,0.0,0.0
2024-08-23 15:45:00-04:00,29.295000076293945,29.299999237060547,29.274999618530273,29.28070068359375,26896,0.0,0.0
2024-08-23 15:46:00-04:00,29.290000915527344,29.299999237060547,29.290000915527344,29.290300369262695,13228,0.0,0.0
2024-08-23 15:47:00-04:00,29.295000076293945,29.299999237060547,29.28499984741211,29.28499984741211,10912,0.0,0.0
2024-08-23 15:48:00-04:00,29.28499984741211,29.299999237060547,29.280099868774414,29.29010009765625,10124,0.0,0.0
2024-08-23 15:49:00-04:00,29.290300369262695,29.299999237060547,29.290000915527344,29.295000076293945,27217,0.0,0.0
2024-08-23 15:50:00-04:00,29.295000076293945,29.315000534057617,29.290000915527344,29.30500030517578,36324,0.0,0.0
2024-08-23 15:51:00-04:00,29.309999465942383,29.319900512695312,29.280000686645508,29.28969955444336,20206,0.0,0.0
2024-08-23 15:52:00-04:00,29.28499984741211,29.299999237060547,29.28499984741211,29.299999237060547,10835,0.0,0.0
2024-08-23 15:53:00-04:00,29.295000076293945,29.295000076293945,29.280000686645508,29.290000915527344,15379,0.0,0.0
2024-08-23 15:54:00-04:00,29.284299850463867,29.28499984741211,29.264999389648438,29.270099639892578,28378,0.0,0.0
2024-08-23 15:55:00-04:00,29.274999618530273,29.280000686645508,29.270000457763672,29.274999618530273,15998,0.0,0.0
2024-08-23 15:56:00-04:00,29.270000457763672,29.280000686645508,29.260000228881836,29.260000228881836,19779,0.0,0.0
2024-08-23 15:57:00-04:00,29.264999389648438,29.280000686645508,29.260000228881836,29.274999618530273,22687,0.0,0.0
2024-08-23 15:58:00-04:00,29.274999618530273,29.280000686645508,29.270000457763672,29.274999618530273,17396,0.0,0.0
2024-08-23 15:59:00-04:00,29.280000686645508,29.299999237060547,29.260000228881836,29.290000915527344,63642,0.0,0.0
