Datetime,Open,High,Low,Close,Volume,Dividends,Stock Splits,Capital Gains
2024-08-19 09:30:00-04:00,59.04999923706055,59.04999923706055,59.04999923706055,59.04999923706055,1210,0.0,0.0,0.0
2024-08-19 09:35:00-04:00,59.18000030517578,59.18000030517578,59.18000030517578,59.18000030517578,1925,0.0,0.0,0.0
2024-08-19 09:38:00-04:00,59.13999938964844,59.13999938964844,59.13999938964844,59.13999938964844,420,0.0,0.0,0.0
2024-08-19 09:45:00-04:00,59.119998931884766,59.119998931884766,59.119998931884766,59.119998931884766,108,0.0,0.0,0.0
2024-08-19 09:46:00-04:00,59.10850143432617,59.10850143432617,59.10850143432617,59.10850143432617,291,0.0,0.0,0.0
2024-08-19 09:52:00-04:00,59.119998931884766,59.119998931884766,59.119998931884766,59.119998931884766,108,0.0,0.0,0.0
2024-08-19 09:59:00-04:00,59.13529968261719,59.13529968261719,59.13529968261719,59.13529968261719,302,0.0,0.0,0.0
2024-08-19 10:16:00-04:00,59.13999938964844,59.13999938964844,59.13999938964844,59.13999938964844,246,0.0,0.0,0.0
2024-08-19 10:37:00-04:00,59.15999984741211,59.15999984741211,59.15999984741211,59.15999984741211,227,0.0,0.0,0.0
2024-08-19 10:38:00-04:00,59.150001525878906,59.150001525878906,59.150001525878906,59.150001525878906,348,0.0,0.0,0.0
2024-08-19 10:39:00-04:00,59.15999984741211,59.15999984741211,59.15999984741211,59.15999984741211,470,0.0,0.0,0.0
2024-08-19 10:43:00-04:00,59.16749954223633,59.16749954223633,59.165000915527344,59.165000915527344,621,0.0,0.0,0.0
2024-08-19 10:45:00-04:00,59.18000030517578,59.18000030517578,59.18000030517578,59.18000030517578,225,0.0,0.0,0.0
2024-08-19 10:47:00-04:00,59.189998626708984,59.189998626708984,59.18009948730469,59.18009948730469,2817,0.0,0.0,0.0
2024-08-19 10:48:00-04:00,59.18000030517578,59.18000030517578,59.18000030517578,59.18000030517578,132,0.0,0.0,0.0
2024-08-19 10:49:00-04:00,59.18000030517578,59.18000030517578,59.18000030517578,59.18000030517578,440,0.0,0.0,0.0
2024-08-19 11:05:00-04:00,59.201499938964844,59.201499938964844,59.201499938964844,59.201499938964844,136,0.0,0.0,0.0
2024-08-19 11:16:00-04:00,59.189998626708984,59.189998626708984,59.16999816894531,59.17499923706055,3357,0.0,0.0,0.0
2024-08-19 11:17:00-04:00,59.19499969482422,59.19499969482422,59.189998626708984,59.189998626708984,413,0.0,0.0,0.0
2024-08-19 11:23:00-04:00,59.16490173339844,59.16490173339844,59.16490173339844,59.16490173339844,157,0.0,0.0,0.0
2024-08-19 11:24:00-04:00,59.17499923706055,59.17499923706055,59.17499923706055,59.17499923706055,317,0.0,0.0,0.0
2024-08-19 11:25:00-04:00,59.189998626708984,59.19990158081055,59.189998626708984,59.19990158081055,730,0.0,0.0,0.0
2024-08-19 11:28:00-04:00,59.185001373291016,59.185001373291016,59.185001373291016,59.185001373291016,745,0.0,0.0,0.0
2024-08-19 11:32:00-04:00,59.20000076293945,59.20000076293945,59.20000076293945,59.20000076293945,102,0.0,0.0,0.0
2024-08-19 11:36:00-04:00,59.18920135498047,59.189998626708984,59.18920135498047,59.189998626708984,1599,0.0,0.0,0.0
2024-08-19 11:37:00-04:00,59.19499969482422,59.19499969482422,59.19499969482422,59.19499969482422,2647,0.0,0.0,0.0
2024-08-19 11:38:00-04:00,59.20000076293945,59.20000076293945,59.189998626708984,59.19900131225586,5202,0.0,0.0,0.0
2024-08-19 11:39:00-04:00,59.18000030517578,59.18000030517578,59.18000030517578,59.18000030517578,0,0.0,0.0,0.0
2024-08-19 11:49:00-04:00,59.16999816894531,59.16999816894531,59.165000915527344,59.165000915527344,26600,0.0,0.0,0.0
2024-08-19 11:52:00-04:00,59.197601318359375,59.197601318359375,59.189998626708984,59.189998626708984,225,0.0,0.0,0.0
2024-08-19 11:53:00-04:00,59.189998626708984,59.189998626708984,59.189998626708984,59.189998626708984,200,0.0,0.0,0.0
2024-08-19 11:54:00-04:00,59.189998626708984,59.189998626708984,59.18000030517578,59.18000030517578,242,0.0,0.0,0.0
2024-08-19 11:55:00-04:00,59.18000030517578,59.18000030517578,59.18000030517578,59.18000030517578,100,0.0,0.0,0.0
2024-08-19 11:57:00-04:00,59.150001525878906,59.150001525878906,59.150001525878906,59.150001525878906,432,0.0,0.0,0.0
2024-08-19 12:13:00-04:00,59.16999816894531,59.16999816894531,59.16999816894531,59.16999816894531,104,0.0,0.0,0.0
2024-08-19 12:14:00-04:00,59.16579818725586,59.16579818725586,59.16579818725586,59.16579818725586,520,0.0,0.0,0.0
2024-08-19 12:21:00-04:00,59.16999816894531,59.16999816894531,59.16999816894531,59.16999816894531,1104,0.0,0.0,0.0
2024-08-19 12:22:00-04:00,59.16999816894531,59.16999816894531,59.16999816894531,59.16999816894531,1443,0.0,0.0,0.0
2024-08-19 12:30:00-04:00,59.189998626708984,59.189998626708984,59.189998626708984,59.189998626708984,272,0.0,0.0,0.0
2024-08-19 12:48:00-04:00,59.209999084472656,59.209999084472656,59.209999084472656,59.209999084472656,100,0.0,0.0,0.0
2024-08-19 12:50:00-04:00,59.21879959106445,59.21879959106445,59.21879959106445,59.21879959106445,223,0.0,0.0,0.0
2024-08-19 12:54:00-04:00,59.2400016784668,59.2400016784668,59.2400016784668,59.2400016784668,315,0.0,0.0,0.0
2024-08-19 13:10:00-04:00,59.22999954223633,59.22999954223633,59.22999954223633,59.22999954223633,108,0.0,0.0,0.0
2024-08-19 13:13:00-04:00,59.209999084472656,59.209999084472656,59.20000076293945,59.20000076293945,344,0.0,0.0,0.0
2024-08-19 13:14:00-04:00,59.20000076293945,59.20000076293945,59.20000076293945,59.20000076293945,32732,0.0,0.0,0.0
2024-08-19 13:20:00-04:00,59.209999084472656,59.209999084472656,59.209999084472656,59.209999084472656,187,0.0,0.0,0.0
2024-08-19 13:25:00-04:00,59.20000076293945,59.20000076293945,59.20000076293945,59.20000076293945,156,0.0,0.0,0.0
2024-08-19 13:27:00-04:00,59.20000076293945,59.209999084472656,59.189998626708984,59.20000076293945,5476,0.0,0.0,0.0
2024-08-19 13:29:00-04:00,59.189998626708984,59.189998626708984,59.189998626708984,59.189998626708984,196,0.0,0.0,0.0
2024-08-19 13:31:00-04:00,59.18000030517578,59.18000030517578,59.18000030517578,59.18000030517578,100,0.0,0.0,0.0
2024-08-19 13:35:00-04:00,59.18000030517578,59.18000030517578,59.18000030517578,59.18000030517578,200,0.0,0.0,0.0
2024-08-19 13:36:00-04:00,59.16999816894531,59.16999816894531,59.16999816894531,59.16999816894531,101,0.0,0.0,0.0
2024-08-19 13:38:00-04:00,59.17499923706055,59.17499923706055,59.17499923706055,59.17499923706055,367,0.0,0.0,0.0
2024-08-19 13:40:00-04:00,59.18000030517578,59.18000030517578,59.18000030517578,59.18000030517578,100,0.0,0.0,0.0
2024-08-19 13:41:00-04:00,59.182498931884766,59.182498931884766,59.182498931884766,59.182498931884766,126,0.0,0.0,0.0
2024-08-19 13:43:00-04:00,59.183998107910156,59.183998107910156,59.183998107910156,59.183998107910156,511,0.0,0.0,0.0
2024-08-19 13:48:00-04:00,59.18000030517578,59.18000030517578,59.18000030517578,59.18000030517578,100,0.0,0.0,0.0
2024-08-19 13:49:00-04:00,59.189998626708984,59.189998626708984,59.189998626708984,59.189998626708984,123,0.0,0.0,0.0
2024-08-19 13:53:00-04:00,59.18000030517578,59.18000030517578,59.18000030517578,59.18000030517578,173,0.0,0.0,0.0
2024-08-19 13:59:00-04:00,59.20000076293945,59.20000076293945,59.20000076293945,59.20000076293945,538,0.0,0.0,0.0
2024-08-19 14:08:00-04:00,59.19810104370117,59.19810104370117,59.19810104370117,59.19810104370117,400,0.0,0.0,0.0
2024-08-19 14:10:00-04:00,59.18000030517578,59.18000030517578,59.18000030517578,59.18000030517578,185,0.0,0.0,0.0
2024-08-19 14:11:00-04:00,59.18000030517578,59.18000030517578,59.18000030517578,59.18000030517578,284,0.0,0.0,0.0
2024-08-19 14:15:00-04:00,59.1879997253418,59.1879997253418,59.1879997253418,59.1879997253418,280,0.0,0.0,0.0
2024-08-19 14:16:00-04:00,59.189998626708984,59.189998626708984,59.189998626708984,59.189998626708984,414,0.0,0.0,0.0
2024-08-19 14:22:00-04:00,59.18000030517578,59.18000030517578,59.18000030517578,59.18000030517578,100,0.0,0.0,0.0
2024-08-19 14:25:00-04:00,59.185001373291016,59.185001373291016,59.18000030517578,59.18000030517578,301,0.0,0.0,0.0
2024-08-19 14:28:00-04:00,59.1796989440918,59.18000030517578,59.1796989440918,59.179901123046875,936,0.0,0.0,0.0
2024-08-19 14:30:00-04:00,59.18009948730469,59.18009948730469,59.18009948730469,59.18009948730469,137,0.0,0.0,0.0
2024-08-19 14:31:00-04:00,59.18619918823242,59.18619918823242,59.18619918823242,59.18619918823242,270,0.0,0.0,0.0
2024-08-19 14:34:00-04:00,59.20909881591797,59.20909881591797,59.19900131225586,59.19900131225586,1035,0.0,0.0,0.0
2024-08-19 14:41:00-04:00,59.22999954223633,59.2400016784668,59.22999954223633,59.2400016784668,200,0.0,0.0,0.0
2024-08-19 14:42:00-04:00,59.25,59.25,59.25,59.25,267,0.0,0.0,0.0
2024-08-19 14:45:00-04:00,59.255001068115234,59.255001068115234,59.255001068115234,59.255001068115234,46097,0.0,0.0,0.0
2024-08-19 14:48:00-04:00,59.244998931884766,59.24549865722656,59.244998931884766,59.24549865722656,998,0.0,0.0,0.0
2024-08-19 14:49:00-04:00,59.25,59.25,59.25,59.25,119,0.0,0.0,0.0
2024-08-19 14:51:00-04:00,59.25,59.25,59.25,59.25,150,0.0,0.0,0.0
2024-08-19 14:52:00-04:00,59.255001068115234,59.255001068115234,59.255001068115234,59.255001068115234,507,0.0,0.0,0.0
2024-08-19 14:53:00-04:00,59.2400016784668,59.2400016784668,59.2400016784668,59.2400016784668,100,0.0,0.0,0.0
2024-08-19 14:55:00-04:00,59.2401008605957,59.2401008605957,59.2401008605957,59.2401008605957,179,0.0,0.0,0.0
2024-08-19 14:59:00-04:00,59.23509979248047,59.23509979248047,59.23509979248047,59.23509979248047,100,0.0,0.0,0.0
2024-08-19 15:00:00-04:00,59.22999954223633,59.22999954223633,59.22999954223633,59.22999954223633,118,0.0,0.0,0.0
2024-08-19 15:02:00-04:00,59.22999954223633,59.22999954223633,59.220001220703125,59.220001220703125,515,0.0,0.0,0.0
2024-08-19 15:04:00-04:00,59.209999084472656,59.209999084472656,59.209999084472656,59.209999084472656,458,0.0,0.0,0.0
2024-08-19 15:10:00-04:00,59.22999954223633,59.22999954223633,59.220001220703125,59.224998474121094,401,0.0,0.0,0.0
2024-08-19 15:11:00-04:00,59.209999084472656,59.209999084472656,59.209999084472656,59.209999084472656,205,0.0,0.0,0.0
2024-08-19 15:16:00-04:00,59.215599060058594,59.215599060058594,59.215599060058594,59.215599060058594,3847,0.0,0.0,0.0
2024-08-19 15:17:00-04:00,59.220001220703125,59.220001220703125,59.220001220703125,59.220001220703125,200,0.0,0.0,0.0
2024-08-19 15:21:00-04:00,59.220001220703125,59.220001220703125,59.220001220703125,59.220001220703125,101,0.0,0.0,0.0
2024-08-19 15:25:00-04:00,59.220001220703125,59.224998474121094,59.220001220703125,59.224998474121094,650,0.0,0.0,0.0
2024-08-19 15:27:00-04:00,59.209999084472656,59.220001220703125,59.209999084472656,59.220001220703125,2021,0.0,0.0,0.0
2024-08-19 15:28:00-04:00,59.22629928588867,59.22629928588867,59.22629928588867,59.22629928588867,187,0.0,0.0,0.0
2024-08-19 15:29:00-04:00,59.224998474121094,59.224998474121094,59.220001220703125,59.220001220703125,600,0.0,0.0,0.0
2024-08-19 15:30:00-04:00,59.220001220703125,59.220001220703125,59.220001220703125,59.220001220703125,121,0.0,0.0,0.0
2024-08-19 15:32:00-04:00,59.21500015258789,59.21500015258789,59.209999084472656,59.209999084472656,601,0.0,0.0,0.0
2024-08-19 15:33:00-04:00,59.209999084472656,59.209999084472656,59.209999084472656,59.209999084472656,369,0.0,0.0,0.0
2024-08-19 15:36:00-04:00,59.20000076293945,59.20000076293945,59.20000076293945,59.20000076293945,300,0.0,0.0,0.0
2024-08-19 15:39:00-04:00,59.20000076293945,59.21500015258789,59.20000076293945,59.21500015258789,412,0.0,0.0,0.0
2024-08-19 15:41:00-04:00,59.209999084472656,59.209999084472656,59.209999084472656,59.209999084472656,249,0.0,0.0,0.0
2024-08-19 15:49:00-04:00,59.22999954223633,59.25,59.22999954223633,59.25,2985,0.0,0.0,0.0
2024-08-19 15:50:00-04:00,59.2400016784668,59.2400016784668,59.2400016784668,59.2400016784668,192,0.0,0.0,0.0
2024-08-19 15:51:00-04:00,59.220001220703125,59.220001220703125,59.220001220703125,59.220001220703125,753,0.0,0.0,0.0
2024-08-19 15:53:00-04:00,59.25,59.25,59.25,59.25,446,0.0,0.0,0.0
2024-08-19 15:54:00-04:00,59.255001068115234,59.255001068115234,59.255001068115234,59.255001068115234,877,0.0,0.0,0.0
2024-08-19 15:55:00-04:00,59.290000915527344,59.290000915527344,59.27000045776367,59.27000045776367,657,0.0,0.0,0.0
2024-08-19 15:56:00-04:00,59.279998779296875,59.279998779296875,59.27000045776367,59.2776985168457,185810,0.0,0.0,0.0
2024-08-20 09:30:00-04:00,59.33000183105469,59.33000183105469,59.33000183105469,59.33000183105469,717,0.0,0.0,0.0
2024-08-20 09:35:00-04:00,59.3650016784668,59.3650016784668,59.3650016784668,59.3650016784668,221,0.0,0.0,0.0
2024-08-20 10:03:00-04:00,59.459999084472656,59.459999084472656,59.459999084472656,59.459999084472656,363,0.0,0.0,0.0
2024-08-20 10:16:00-04:00,59.380001068115234,59.380001068115234,59.380001068115234,59.380001068115234,102,0.0,0.0,0.0
2024-08-20 10:19:00-04:00,59.38999938964844,59.38999938964844,59.38999938964844,59.38999938964844,1420,0.0,0.0,0.0
2024-08-20 10:25:00-04:00,59.380001068115234,59.3849983215332,59.380001068115234,59.3849983215332,3760,0.0,0.0,0.0
2024-08-20 10:28:00-04:00,59.404998779296875,59.404998779296875,59.404998779296875,59.404998779296875,169,0.0,0.0,0.0
2024-08-20 10:29:00-04:00,59.41999816894531,59.41999816894531,59.41999816894531,59.41999816894531,202,0.0,0.0,0.0
2024-08-20 10:31:00-04:00,59.400001525878906,59.400001525878906,59.400001525878906,59.400001525878906,225,0.0,0.0,0.0
2024-08-20 10:34:00-04:00,59.40999984741211,59.40999984741211,59.40999984741211,59.40999984741211,100,0.0,0.0,0.0
2024-08-20 10:36:00-04:00,59.380001068115234,59.380001068115234,59.380001068115234,59.380001068115234,133,0.0,0.0,0.0
2024-08-20 10:40:00-04:00,59.40999984741211,59.40999984741211,59.40999984741211,59.40999984741211,224,0.0,0.0,0.0
2024-08-20 10:42:00-04:00,59.400001525878906,59.400001525878906,59.38999938964844,59.38999938964844,560,0.0,0.0,0.0
2024-08-20 10:47:00-04:00,59.406700134277344,59.406700134277344,59.406700134277344,59.406700134277344,498,0.0,0.0,0.0
2024-08-20 10:49:00-04:00,59.400001525878906,59.400001525878906,59.400001525878906,59.400001525878906,273,0.0,0.0,0.0
2024-08-20 10:54:00-04:00,59.404998779296875,59.404998779296875,59.404998779296875,59.404998779296875,225,0.0,0.0,0.0
2024-08-20 10:58:00-04:00,59.38999938964844,59.38999938964844,59.38999938964844,59.38999938964844,153,0.0,0.0,0.0
2024-08-20 11:05:00-04:00,59.38999938964844,59.38999938964844,59.38999938964844,59.38999938964844,626,0.0,0.0,0.0
2024-08-20 11:17:00-04:00,59.3650016784668,59.3650016784668,59.3650016784668,59.3650016784668,561,0.0,0.0,0.0
2024-08-20 11:20:00-04:00,59.3650016784668,59.37799835205078,59.3650016784668,59.37799835205078,1946,0.0,0.0,0.0
2024-08-20 11:26:00-04:00,59.36000061035156,59.36000061035156,59.36000061035156,59.36000061035156,211,0.0,0.0,0.0
2024-08-20 11:27:00-04:00,59.34000015258789,59.34000015258789,59.34000015258789,59.34000015258789,2516,0.0,0.0,0.0
2024-08-20 11:28:00-04:00,59.34000015258789,59.34000015258789,59.34000015258789,59.34000015258789,901,0.0,0.0,0.0
2024-08-20 11:30:00-04:00,59.329898834228516,59.329898834228516,59.329898834228516,59.329898834228516,126,0.0,0.0,0.0
2024-08-20 11:31:00-04:00,59.34000015258789,59.34000015258789,59.34000015258789,59.34000015258789,112,0.0,0.0,0.0
2024-08-20 11:33:00-04:00,59.33000183105469,59.33000183105469,59.33000183105469,59.33000183105469,100,0.0,0.0,0.0
2024-08-20 11:35:00-04:00,59.33000183105469,59.33000183105469,59.33000183105469,59.33000183105469,270,0.0,0.0,0.0
2024-08-20 11:38:00-04:00,59.34000015258789,59.34000015258789,59.34000015258789,59.34000015258789,100,0.0,0.0,0.0
2024-08-20 11:41:00-04:00,59.34000015258789,59.34000015258789,59.34000015258789,59.34000015258789,190,0.0,0.0,0.0
2024-08-20 11:43:00-04:00,59.34000015258789,59.34000015258789,59.34000015258789,59.34000015258789,202,0.0,0.0,0.0
2024-08-20 11:44:00-04:00,59.31999969482422,59.31999969482422,59.31999969482422,59.31999969482422,125,0.0,0.0,0.0
2024-08-20 11:48:00-04:00,59.31999969482422,59.31999969482422,59.31999969482422,59.31999969482422,101,0.0,0.0,0.0
2024-08-20 11:54:00-04:00,59.36000061035156,59.36000061035156,59.36000061035156,59.36000061035156,101,0.0,0.0,0.0
2024-08-20 11:58:00-04:00,59.401100158691406,59.401100158691406,59.401100158691406,59.401100158691406,337,0.0,0.0,0.0
2024-08-20 12:01:00-04:00,59.41999816894531,59.41999816894531,59.41999816894531,59.41999816894531,302,0.0,0.0,0.0
2024-08-20 12:03:00-04:00,59.40999984741211,59.40999984741211,59.38999938964844,59.38999938964844,579,0.0,0.0,0.0
2024-08-20 12:04:00-04:00,59.400001525878906,59.403499603271484,59.400001525878906,59.403499603271484,1505,0.0,0.0,0.0
2024-08-20 12:08:00-04:00,59.400001525878906,59.400001525878906,59.400001525878906,59.400001525878906,116,0.0,0.0,0.0
2024-08-20 12:13:00-04:00,59.4098014831543,59.4098014831543,59.4098014831543,59.4098014831543,182,0.0,0.0,0.0
2024-08-20 12:15:00-04:00,59.400001525878906,59.400001525878906,59.400001525878906,59.400001525878906,100,0.0,0.0,0.0
2024-08-20 12:16:00-04:00,59.380001068115234,59.380001068115234,59.380001068115234,59.380001068115234,248,0.0,0.0,0.0
2024-08-20 12:19:00-04:00,59.36000061035156,59.36000061035156,59.36000061035156,59.36000061035156,241,0.0,0.0,0.0
2024-08-20 12:23:00-04:00,59.369998931884766,59.369998931884766,59.369998931884766,59.369998931884766,167,0.0,0.0,0.0
2024-08-20 12:26:00-04:00,59.369998931884766,59.369998931884766,59.369998931884766,59.369998931884766,300,0.0,0.0,0.0
2024-08-20 12:32:00-04:00,59.38999938964844,59.38999938964844,59.38999938964844,59.38999938964844,109,0.0,0.0,0.0
2024-08-20 12:36:00-04:00,59.38999938964844,59.38999938964844,59.38999938964844,59.38999938964844,100,0.0,0.0,0.0
2024-08-20 12:37:00-04:00,59.400001525878906,59.400001525878906,59.400001525878906,59.400001525878906,189,0.0,0.0,0.0
2024-08-20 12:40:00-04:00,59.41999816894531,59.41999816894531,59.41999816894531,59.41999816894531,100,0.0,0.0,0.0
2024-08-20 12:42:00-04:00,59.40999984741211,59.40999984741211,59.400001525878906,59.400001525878906,4135,0.0,0.0,0.0
2024-08-20 12:50:00-04:00,59.38999938964844,59.38999938964844,59.38999938964844,59.38999938964844,107,0.0,0.0,0.0
2024-08-20 12:56:00-04:00,59.39500045776367,59.39500045776367,59.39500045776367,59.39500045776367,529,0.0,0.0,0.0
2024-08-20 13:00:00-04:00,59.380001068115234,59.380001068115234,59.380001068115234,59.380001068115234,100,0.0,0.0,0.0
2024-08-20 13:01:00-04:00,59.349998474121094,59.349998474121094,59.349998474121094,59.349998474121094,100,0.0,0.0,0.0
2024-08-20 13:03:00-04:00,59.34000015258789,59.34000015258789,59.34000015258789,59.34000015258789,43055,0.0,0.0,0.0
2024-08-20 13:20:00-04:00,59.369998931884766,59.375099182128906,59.369998931884766,59.375099182128906,3082,0.0,0.0,0.0
2024-08-20 13:21:00-04:00,59.380001068115234,59.380001068115234,59.369998931884766,59.375,1025,0.0,0.0,0.0
2024-08-20 13:27:00-04:00,59.380001068115234,59.380001068115234,59.380001068115234,59.380001068115234,213,0.0,0.0,0.0
2024-08-20 13:32:00-04:00,59.369998931884766,59.369998931884766,59.369998931884766,59.369998931884766,300,0.0,0.0,0.0
2024-08-20 13:33:00-04:00,59.369998931884766,59.369998931884766,59.36000061035156,59.36000061035156,1000,0.0,0.0,0.0
2024-08-20 13:34:00-04:00,59.36000061035156,59.36000061035156,59.36000061035156,59.36000061035156,400,0.0,0.0,0.0
2024-08-20 13:35:00-04:00,59.36000061035156,59.36000061035156,59.36000061035156,59.36000061035156,213,0.0,0.0,0.0
2024-08-20 13:38:00-04:00,59.34000015258789,59.34000015258789,59.34000015258789,59.34000015258789,7963,0.0,0.0,0.0
2024-08-20 13:42:00-04:00,59.36000061035156,59.36000061035156,59.36000061035156,59.36000061035156,101,0.0,0.0,0.0
2024-08-20 13:43:00-04:00,59.369998931884766,59.369998931884766,59.369998931884766,59.369998931884766,528,0.0,0.0,0.0
2024-08-20 13:52:00-04:00,59.380001068115234,59.380001068115234,59.380001068115234,59.380001068115234,100,0.0,0.0,0.0
2024-08-20 13:53:00-04:00,59.380001068115234,59.380001068115234,59.369998931884766,59.369998931884766,300,0.0,0.0,0.0
2024-08-20 13:54:00-04:00,59.370201110839844,59.370201110839844,59.370201110839844,59.370201110839844,963,0.0,0.0,0.0
2024-08-20 13:57:00-04:00,59.375,59.375,59.369998931884766,59.369998931884766,806,0.0,0.0,0.0
2024-08-20 14:04:00-04:00,59.38999938964844,59.38999938964844,59.38999938964844,59.38999938964844,198,0.0,0.0,0.0
2024-08-20 14:06:00-04:00,59.400001525878906,59.400001525878906,59.400001525878906,59.400001525878906,257,0.0,0.0,0.0
2024-08-20 14:08:00-04:00,59.40999984741211,59.40999984741211,59.40999984741211,59.40999984741211,100,0.0,0.0,0.0
2024-08-20 14:09:00-04:00,59.41999816894531,59.41999816894531,59.41999816894531,59.41999816894531,898,0.0,0.0,0.0
2024-08-20 14:15:00-04:00,59.439998626708984,59.439998626708984,59.439998626708984,59.439998626708984,202,0.0,0.0,0.0
2024-08-20 14:16:00-04:00,59.45000076293945,59.459999084472656,59.45000076293945,59.459999084472656,504,0.0,0.0,0.0
2024-08-20 14:17:00-04:00,59.459999084472656,59.459999084472656,59.459999084472656,59.459999084472656,185,0.0,0.0,0.0
2024-08-20 14:20:00-04:00,59.459999084472656,59.459999084472656,59.459999084472656,59.459999084472656,233,0.0,0.0,0.0
2024-08-20 14:34:00-04:00,59.470001220703125,59.470001220703125,59.470001220703125,59.470001220703125,439,0.0,0.0,0.0
2024-08-20 14:36:00-04:00,59.45000076293945,59.46269989013672,59.45000076293945,59.46269989013672,1801,0.0,0.0,0.0
2024-08-20 14:38:00-04:00,59.459999084472656,59.459999084472656,59.459999084472656,59.459999084472656,500,0.0,0.0,0.0
2024-08-20 14:53:00-04:00,59.43000030517578,59.43000030517578,59.43000030517578,59.43000030517578,187,0.0,0.0,0.0
2024-08-20 15:02:00-04:00,59.42499923706055,59.42499923706055,59.42499923706055,59.42499923706055,185,0.0,0.0,0.0
2024-08-20 15:08:00-04:00,59.439998626708984,59.439998626708984,59.439998626708984,59.439998626708984,627,0.0,0.0,0.0
2024-08-20 15:11:00-04:00,59.43000030517578,59.435001373291016,59.43000030517578,59.435001373291016,286,0.0,0.0,0.0
2024-08-20 15:14:00-04:00,59.43000030517578,59.43000030517578,59.41999816894531,59.43000030517578,638,0.0,0.0,0.0
2024-08-20 15:25:00-04:00,59.41999816894531,59.43000030517578,59.41999816894531,59.43000030517578,684,0.0,0.0,0.0
2024-08-20 15:26:00-04:00,59.41999816894531,59.41999816894531,59.41999816894531,59.41999816894531,266,0.0,0.0,0.0
2024-08-20 15:29:00-04:00,59.41999816894531,59.41999816894531,59.41999816894531,59.41999816894531,232,0.0,0.0,0.0
2024-08-20 15:31:00-04:00,59.42129898071289,59.42129898071289,59.42129898071289,59.42129898071289,384,0.0,0.0,0.0
2024-08-20 15:32:00-04:00,59.43000030517578,59.43000030517578,59.43000030517578,59.43000030517578,141,0.0,0.0,0.0
2024-08-20 15:39:00-04:00,59.41999816894531,59.41999816894531,59.41999816894531,59.41999816894531,219,0.0,0.0,0.0
2024-08-20 15:43:00-04:00,59.410099029541016,59.41999816894531,59.410099029541016,59.41999816894531,369,0.0,0.0,0.0
2024-08-20 15:46:00-04:00,59.40999984741211,59.40999984741211,59.40999984741211,59.40999984741211,100,0.0,0.0,0.0
2024-08-20 15:51:00-04:00,59.44779968261719,59.44779968261719,59.44779968261719,59.44779968261719,301,0.0,0.0,0.0
2024-08-20 15:53:00-04:00,59.439998626708984,59.439998626708984,59.43000030517578,59.43000030517578,1296,0.0,0.0,0.0
2024-08-20 15:54:00-04:00,59.43000030517578,59.43000030517578,59.43000030517578,59.43000030517578,267,0.0,0.0,0.0
2024-08-20 15:56:00-04:00,59.44499969482422,59.44499969482422,59.44499969482422,59.44499969482422,594,0.0,0.0,0.0
2024-08-20 15:57:00-04:00,59.45000076293945,59.45000076293945,59.45000076293945,59.45000076293945,190,0.0,0.0,0.0
2024-08-20 15:59:00-04:00,59.46900177001953,59.46900177001953,59.45000076293945,59.45000076293945,365,0.0,0.0,0.0
2024-08-21 09:30:00-04:00,59.529998779296875,59.529998779296875,59.529998779296875,59.529998779296875,1192,0.0,0.0,0.0
2024-08-21 09:48:00-04:00,59.55500030517578,59.55500030517578,59.55500030517578,59.55500030517578,770,0.0,0.0,0.0
2024-08-21 09:49:00-04:00,59.55500030517578,59.55500030517578,59.55500030517578,59.55500030517578,470,0.0,0.0,0.0
2024-08-21 10:14:00-04:00,59.529998779296875,59.529998779296875,59.529998779296875,59.529998779296875,439,0.0,0.0,0.0
2024-08-21 10:19:00-04:00,59.560001373291016,59.560001373291016,59.560001373291016,59.560001373291016,1284,0.0,0.0,0.0
2024-08-21 10:38:00-04:00,59.65409851074219,59.65409851074219,59.65409851074219,59.65409851074219,214,0.0,0.0,0.0
2024-08-21 10:55:00-04:00,59.459999084472656,59.459999084472656,59.459999084472656,59.459999084472656,277,0.0,0.0,0.0
2024-08-21 11:03:00-04:00,59.48550033569336,59.48550033569336,59.48550033569336,59.48550033569336,365,0.0,0.0,0.0
2024-08-21 11:08:00-04:00,59.51250076293945,59.51250076293945,59.51250076293945,59.51250076293945,738,0.0,0.0,0.0
2024-08-21 11:21:00-04:00,59.57500076293945,59.57500076293945,59.57500076293945,59.57500076293945,236,0.0,0.0,0.0
2024-08-21 11:30:00-04:00,59.540000915527344,59.540000915527344,59.540000915527344,59.540000915527344,201,0.0,0.0,0.0
2024-08-21 11:31:00-04:00,59.55950164794922,59.55950164794922,59.55950164794922,59.55950164794922,9623,0.0,0.0,0.0
2024-08-21 11:32:00-04:00,59.53499984741211,59.540000915527344,59.53499984741211,59.540000915527344,684,0.0,0.0,0.0
2024-08-21 11:34:00-04:00,59.560001373291016,59.560001373291016,59.560001373291016,59.560001373291016,262,0.0,0.0,0.0
2024-08-21 11:36:00-04:00,59.56909942626953,59.56999969482422,59.56909942626953,59.56999969482422,256,0.0,0.0,0.0
2024-08-21 11:38:00-04:00,59.560001373291016,59.560001373291016,59.560001373291016,59.560001373291016,305,0.0,0.0,0.0
2024-08-21 11:39:00-04:00,59.54999923706055,59.55500030517578,59.54999923706055,59.54999923706055,505,0.0,0.0,0.0
2024-08-21 11:45:00-04:00,59.54999923706055,59.54999923706055,59.54999923706055,59.54999923706055,102,0.0,0.0,0.0
2024-08-21 11:47:00-04:00,59.560001373291016,59.560001373291016,59.560001373291016,59.560001373291016,102,0.0,0.0,0.0
2024-08-21 11:53:00-04:00,59.470001220703125,59.470001220703125,59.470001220703125,59.470001220703125,102,0.0,0.0,0.0
2024-08-21 11:57:00-04:00,59.470001220703125,59.470001220703125,59.470001220703125,59.470001220703125,109,0.0,0.0,0.0
2024-08-21 12:05:00-04:00,59.45000076293945,59.45500183105469,59.45000076293945,59.45500183105469,224,0.0,0.0,0.0
2024-08-21 12:09:00-04:00,59.48939895629883,59.48939895629883,59.47999954223633,59.47999954223633,3856,0.0,0.0,0.0
2024-08-21 12:10:00-04:00,59.474998474121094,59.47999954223633,59.474998474121094,59.47999954223633,763,0.0,0.0,0.0
2024-08-21 12:13:00-04:00,59.474998474121094,59.47999954223633,59.474998474121094,59.47999954223633,788,0.0,0.0,0.0
2024-08-21 12:20:00-04:00,59.5,59.5,59.5,59.5,113,0.0,0.0,0.0
2024-08-21 12:30:00-04:00,59.529998779296875,59.529998779296875,59.529998779296875,59.529998779296875,156,0.0,0.0,0.0
2024-08-21 12:36:00-04:00,59.56999969482422,59.56999969482422,59.56999969482422,59.56999969482422,124,0.0,0.0,0.0
2024-08-21 12:45:00-04:00,59.57500076293945,59.57500076293945,59.57500076293945,59.57500076293945,454,0.0,0.0,0.0
2024-08-21 12:46:00-04:00,59.58000183105469,59.58000183105469,59.58000183105469,59.58000183105469,101,0.0,0.0,0.0
2024-08-21 12:58:00-04:00,59.59000015258789,59.59000015258789,59.59000015258789,59.59000015258789,130,0.0,0.0,0.0
2024-08-21 13:05:00-04:00,59.61000061035156,59.61000061035156,59.599998474121094,59.599998474121094,300,0.0,0.0,0.0
2024-08-21 13:06:00-04:00,59.60200119018555,59.60200119018555,59.60200119018555,59.60200119018555,421,0.0,0.0,0.0
2024-08-21 13:17:00-04:00,59.599998474121094,59.599998474121094,59.59000015258789,59.5900993347168,1487,0.0,0.0,0.0
2024-08-21 13:30:00-04:00,59.61000061035156,59.61000061035156,59.61000061035156,59.61000061035156,204,0.0,0.0,0.0
2024-08-21 13:32:00-04:00,59.619998931884766,59.619998931884766,59.61000061035156,59.61000061035156,4048,0.0,0.0,0.0
2024-08-21 13:38:00-04:00,59.61000061035156,59.61000061035156,59.61000061035156,59.61000061035156,103,0.0,0.0,0.0
2024-08-21 13:43:00-04:00,59.59000015258789,59.59000015258789,59.59000015258789,59.59000015258789,118,0.0,0.0,0.0
2024-08-21 13:47:00-04:00,59.59230041503906,59.59230041503906,59.59230041503906,59.59230041503906,496,0.0,0.0,0.0
2024-08-21 13:50:00-04:00,59.61000061035156,59.61000061035156,59.61000061035156,59.61000061035156,176,0.0,0.0,0.0
2024-08-21 13:56:00-04:00,59.599998474121094,59.599998474121094,59.599998474121094,59.599998474121094,101,0.0,0.0,0.0
2024-08-21 13:59:00-04:00,59.619998931884766,59.619998931884766,59.619998931884766,59.619998931884766,859,0.0,0.0,0.0
2024-08-21 14:01:00-04:00,59.630001068115234,59.630001068115234,59.630001068115234,59.630001068115234,100,0.0,0.0,0.0
2024-08-21 14:02:00-04:00,59.599998474121094,59.599998474121094,59.599998474121094,59.599998474121094,200,0.0,0.0,0.0
2024-08-21 14:14:00-04:00,59.599998474121094,59.599998474121094,59.599998474121094,59.599998474121094,120,0.0,0.0,0.0
2024-08-21 14:24:00-04:00,59.599998474121094,59.599998474121094,59.599998474121094,59.599998474121094,201,0.0,0.0,0.0
2024-08-21 14:29:00-04:00,59.64500045776367,59.64500045776367,59.64500045776367,59.64500045776367,840,0.0,0.0,0.0
2024-08-21 14:30:00-04:00,59.66999816894531,59.66999816894531,59.66999816894531,59.66999816894531,256,0.0,0.0,0.0
2024-08-21 14:31:00-04:00,59.66999816894531,59.66999816894531,59.66999816894531,59.66999816894531,300,0.0,0.0,0.0
2024-08-21 14:32:00-04:00,59.6702995300293,59.68000030517578,59.6702995300293,59.68000030517578,2429,0.0,0.0,0.0
2024-08-21 14:33:00-04:00,59.685001373291016,59.685001373291016,59.685001373291016,59.685001373291016,100,0.0,0.0,0.0
2024-08-21 14:34:00-04:00,59.68000030517578,59.68000030517578,59.68000030517578,59.68000030517578,714,0.0,0.0,0.0
2024-08-21 14:35:00-04:00,59.66999816894531,59.66999816894531,59.648799896240234,59.648799896240234,505,0.0,0.0,0.0
2024-08-21 14:38:00-04:00,59.63999938964844,59.63999938964844,59.63999938964844,59.63999938964844,39123,0.0,0.0,0.0
2024-08-21 14:43:00-04:00,59.630001068115234,59.630001068115234,59.630001068115234,59.630001068115234,200,0.0,0.0,0.0
2024-08-21 14:45:00-04:00,59.619998931884766,59.619998931884766,59.619998931884766,59.619998931884766,508,0.0,0.0,0.0
2024-08-21 14:49:00-04:00,59.63999938964844,59.63999938964844,59.63999938964844,59.63999938964844,105,0.0,0.0,0.0
2024-08-21 14:50:00-04:00,59.63999938964844,59.63999938964844,59.63999938964844,59.63999938964844,250,0.0,0.0,0.0
2024-08-21 14:52:00-04:00,59.63999938964844,59.63999938964844,59.63999938964844,59.63999938964844,318,0.0,0.0,0.0
2024-08-21 14:58:00-04:00,59.63999938964844,59.63999938964844,59.63999938964844,59.63999938964844,219,0.0,0.0,0.0
2024-08-21 15:02:00-04:00,59.630001068115234,59.630001068115234,59.630001068115234,59.630001068115234,40923,0.0,0.0,0.0
2024-08-21 15:04:00-04:00,59.619998931884766,59.619998931884766,59.61000061035156,59.61520004272461,1206,0.0,0.0,0.0
2024-08-21 15:07:00-04:00,59.61000061035156,59.61000061035156,59.599998474121094,59.599998474121094,43189,0.0,0.0,0.0
2024-08-21 15:11:00-04:00,59.61000061035156,59.61000061035156,59.599998474121094,59.599998474121094,424,0.0,0.0,0.0
2024-08-21 15:14:00-04:00,59.599998474121094,59.599998474121094,59.599998474121094,59.599998474121094,100,0.0,0.0,0.0
2024-08-21 15:16:00-04:00,59.59000015258789,59.59000015258789,59.59000015258789,59.59000015258789,200,0.0,0.0,0.0
2024-08-21 15:17:00-04:00,59.58000183105469,59.58000183105469,59.58000183105469,59.58000183105469,500,0.0,0.0,0.0
2024-08-21 15:20:00-04:00,59.560001373291016,59.560001373291016,59.54999923706055,59.54999923706055,900,0.0,0.0,0.0
2024-08-21 15:22:00-04:00,59.529998779296875,59.529998779296875,59.529998779296875,59.529998779296875,120,0.0,0.0,0.0
2024-08-21 15:30:00-04:00,59.57500076293945,59.57500076293945,59.57500076293945,59.57500076293945,291,0.0,0.0,0.0
2024-08-21 15:32:00-04:00,59.53499984741211,59.54999923706055,59.53499984741211,59.54999923706055,246,0.0,0.0,0.0
2024-08-21 15:36:00-04:00,59.54999923706055,59.54999923706055,59.540000915527344,59.540000915527344,502,0.0,0.0,0.0
2024-08-21 15:37:00-04:00,59.540000915527344,59.54499816894531,59.540000915527344,59.54499816894531,255,0.0,0.0,0.0
2024-08-21 15:39:00-04:00,59.54999923706055,59.56010055541992,59.54999923706055,59.56010055541992,402,0.0,0.0,0.0
2024-08-21 15:40:00-04:00,59.56999969482422,59.56999969482422,59.564998626708984,59.56999969482422,325,0.0,0.0,0.0
2024-08-21 15:41:00-04:00,59.56999969482422,59.56999969482422,59.56999969482422,59.56999969482422,500,0.0,0.0,0.0
2024-08-21 15:44:00-04:00,59.54999923706055,59.55009841918945,59.54999923706055,59.55009841918945,245,0.0,0.0,0.0
2024-08-21 15:46:00-04:00,59.54999923706055,59.54999923706055,59.54999923706055,59.54999923706055,189,0.0,0.0,0.0
2024-08-21 15:49:00-04:00,59.560001373291016,59.58000183105469,59.560001373291016,59.58000183105469,2331,0.0,0.0,0.0
2024-08-21 15:50:00-04:00,59.58000183105469,59.59000015258789,59.58000183105469,59.59000015258789,1017,0.0,0.0,0.0
2024-08-21 15:51:00-04:00,59.59000015258789,59.59000015258789,59.59000015258789,59.59000015258789,1300,0.0,0.0,0.0
2024-08-21 15:52:00-04:00,59.58000183105469,59.58000183105469,59.58000183105469,59.58000183105469,301,0.0,0.0,0.0
2024-08-21 15:54:00-04:00,59.60499954223633,59.60499954223633,59.60499954223633,59.60499954223633,329,0.0,0.0,0.0
2024-08-21 15:55:00-04:00,59.62120056152344,59.62120056152344,59.62120056152344,59.62120056152344,455,0.0,0.0,0.0
2024-08-21 15:56:00-04:00,59.630001068115234,59.630001068115234,59.630001068115234,59.630001068115234,300,0.0,0.0,0.0
2024-08-21 15:57:00-04:00,59.63999938964844,59.63999938964844,59.63999938964844,59.63999938964844,302,0.0,0.0,0.0
2024-08-21 15:59:00-04:00,59.619998931884766,59.619998931884766,59.619998931884766,59.619998931884766,55670,0.0,0.0,0.0
2024-08-22 09:30:00-04:00,59.77000045776367,59.77000045776367,59.77000045776367,59.77000045776367,2788,0.0,0.0,0.0
2024-08-22 09:36:00-04:00,59.779998779296875,59.779998779296875,59.775001525878906,59.775001525878906,1338,0.0,0.0,0.0
2024-08-22 09:38:00-04:00,59.77000045776367,59.809200286865234,59.77000045776367,59.809200286865234,939,0.0,0.0,0.0
2024-08-22 09:44:00-04:00,59.757999420166016,59.757999420166016,59.757999420166016,59.757999420166016,1084,0.0,0.0,0.0
2024-08-22 09:51:00-04:00,59.68000030517578,59.68000030517578,59.68000030517578,59.68000030517578,102,0.0,0.0,0.0
2024-08-22 09:59:00-04:00,59.720001220703125,59.720001220703125,59.720001220703125,59.720001220703125,6729,0.0,0.0,0.0
2024-08-22 10:09:00-04:00,59.642398834228516,59.642398834228516,59.642398834228516,59.642398834228516,112,0.0,0.0,0.0
2024-08-22 10:11:00-04:00,59.619998931884766,59.6349983215332,59.599998474121094,59.61000061035156,695,0.0,0.0,0.0
2024-08-22 10:30:00-04:00,59.619998931884766,59.619998931884766,59.61000061035156,59.61000061035156,200,0.0,0.0,0.0
2024-08-22 10:32:00-04:00,59.61000061035156,59.61000061035156,59.61000061035156,59.61000061035156,391,0.0,0.0,0.0
2024-08-22 10:35:00-04:00,59.63309860229492,59.63309860229492,59.63309860229492,59.63309860229492,172,0.0,0.0,0.0
2024-08-22 10:38:00-04:00,59.650699615478516,59.650699615478516,59.650699615478516,59.650699615478516,205,0.0,0.0,0.0
2024-08-22 10:40:00-04:00,59.64030075073242,59.64030075073242,59.64030075073242,59.64030075073242,525,0.0,0.0,0.0
2024-08-22 10:48:00-04:00,59.630001068115234,59.630001068115234,59.630001068115234,59.630001068115234,9329,0.0,0.0,0.0
2024-08-22 10:49:00-04:00,59.6265983581543,59.6265983581543,59.6265983581543,59.6265983581543,1066,0.0,0.0,0.0
2024-08-22 10:51:00-04:00,59.628299713134766,59.630001068115234,59.619998931884766,59.619998931884766,1285,0.0,0.0,0.0
2024-08-22 11:20:00-04:00,59.5,59.5,59.5,59.5,133,0.0,0.0,0.0
2024-08-22 11:29:00-04:00,59.48249816894531,59.48249816894531,59.47999954223633,59.47999954223633,302,0.0,0.0,0.0
2024-08-22 11:33:00-04:00,59.5099983215332,59.5099983215332,59.5099983215332,59.5099983215332,104,0.0,0.0,0.0
2024-08-22 11:38:00-04:00,59.529998779296875,59.529998779296875,59.52000045776367,59.52000045776367,200,0.0,0.0,0.0
2024-08-22 11:41:00-04:00,59.52000045776367,59.52000045776367,59.52000045776367,59.52000045776367,103,0.0,0.0,0.0
2024-08-22 11:43:00-04:00,59.47999954223633,59.47999954223633,59.47999954223633,59.47999954223633,100,0.0,0.0,0.0
2024-08-22 11:45:00-04:00,59.47999954223633,59.47999954223633,59.47999954223633,59.47999954223633,404,0.0,0.0,0.0
2024-08-22 11:47:00-04:00,59.4900016784668,59.4900016784668,59.4900016784668,59.4900016784668,263,0.0,0.0,0.0
2024-08-22 11:50:00-04:00,59.45500183105469,59.45500183105469,59.45500183105469,59.45500183105469,1764,0.0,0.0,0.0
2024-08-22 11:51:00-04:00,59.470001220703125,59.470001220703125,59.470001220703125,59.470001220703125,200,0.0,0.0,0.0
2024-08-22 11:52:00-04:00,59.470001220703125,59.470001220703125,59.470001220703125,59.470001220703125,110,0.0,0.0,0.0
2024-08-22 11:53:00-04:00,59.45000076293945,59.45000076293945,59.45000076293945,59.45000076293945,202,0.0,0.0,0.0
2024-08-22 11:54:00-04:00,59.439998626708984,59.439998626708984,59.439998626708984,59.439998626708984,333,0.0,0.0,0.0
2024-08-22 11:55:00-04:00,59.449100494384766,59.449100494384766,59.449100494384766,59.449100494384766,686,0.0,0.0,0.0
2024-08-22 11:58:00-04:00,59.48139953613281,59.48139953613281,59.48139953613281,59.48139953613281,470,0.0,0.0,0.0
2024-08-22 11:59:00-04:00,59.47999954223633,59.47999954223633,59.47999954223633,59.47999954223633,200,0.0,0.0,0.0
2024-08-22 12:00:00-04:00,59.45130157470703,59.45130157470703,59.45130157470703,59.45130157470703,106,0.0,0.0,0.0
2024-08-22 12:01:00-04:00,59.470001220703125,59.470001220703125,59.470001220703125,59.470001220703125,200,0.0,0.0,0.0
2024-08-22 12:04:00-04:00,59.51499938964844,59.51499938964844,59.51499938964844,59.51499938964844,200,0.0,0.0,0.0
2024-08-22 12:05:00-04:00,59.51499938964844,59.51499938964844,59.51499938964844,59.51499938964844,204,0.0,0.0,0.0
2024-08-22 12:06:00-04:00,59.51499938964844,59.52000045776367,59.51499938964844,59.52000045776367,1456,0.0,0.0,0.0
2024-08-22 12:07:00-04:00,59.51499938964844,59.52000045776367,59.51499938964844,59.51499938964844,20024,0.0,0.0,0.0
2024-08-22 12:08:00-04:00,59.525001525878906,59.529998779296875,59.5099983215332,59.52000045776367,1556,0.0,0.0,0.0
2024-08-22 12:09:00-04:00,59.51499938964844,59.51499938964844,59.5099983215332,59.5099983215332,1554,0.0,0.0,0.0
2024-08-22 12:10:00-04:00,59.525001525878906,59.525001525878906,59.525001525878906,59.525001525878906,210,0.0,0.0,0.0
2024-08-22 12:12:00-04:00,59.51499938964844,59.51499938964844,59.51499938964844,59.51499938964844,200,0.0,0.0,0.0
2024-08-22 12:13:00-04:00,59.52000045776367,59.52000045776367,59.52000045776367,59.52000045776367,320,0.0,0.0,0.0
2024-08-22 12:15:00-04:00,59.51499938964844,59.51499938964844,59.51499938964844,59.51499938964844,100,0.0,0.0,0.0
2024-08-22 12:17:00-04:00,59.52000045776367,59.52000045776367,59.52000045776367,59.52000045776367,23070,0.0,0.0,0.0
2024-08-22 12:18:00-04:00,59.529998779296875,59.529998779296875,59.529998779296875,59.529998779296875,100,0.0,0.0,0.0
2024-08-22 12:19:00-04:00,59.529998779296875,59.529998779296875,59.529998779296875,59.529998779296875,6772,0.0,0.0,0.0
2024-08-22 12:20:00-04:00,59.540000915527344,59.57500076293945,59.540000915527344,59.57500076293945,738,0.0,0.0,0.0
2024-08-22 12:21:00-04:00,59.563899993896484,59.56999969482422,59.563899993896484,59.563899993896484,55498,0.0,0.0,0.0
2024-08-22 12:26:00-04:00,59.56999969482422,59.56999969482422,59.56999969482422,59.56999969482422,203,0.0,0.0,0.0
2024-08-22 12:27:00-04:00,59.599998474121094,59.599998474121094,59.599998474121094,59.599998474121094,206,0.0,0.0,0.0
2024-08-22 12:29:00-04:00,59.582000732421875,59.582000732421875,59.582000732421875,59.582000732421875,296,0.0,0.0,0.0
2024-08-22 12:36:00-04:00,59.619998931884766,59.619998931884766,59.619998931884766,59.619998931884766,103,0.0,0.0,0.0
2024-08-22 12:43:00-04:00,59.599998474121094,59.599998474121094,59.599998474121094,59.599998474121094,104,0.0,0.0,0.0
2024-08-22 12:50:00-04:00,59.55110168457031,59.55110168457031,59.55110168457031,59.55110168457031,405,0.0,0.0,0.0
2024-08-22 12:51:00-04:00,59.52000045776367,59.52000045776367,59.52000045776367,59.52000045776367,100,0.0,0.0,0.0
2024-08-22 12:52:00-04:00,59.51279830932617,59.51279830932617,59.5099983215332,59.5099983215332,387,0.0,0.0,0.0
2024-08-22 13:05:00-04:00,59.36000061035156,59.36000061035156,59.36000061035156,59.36000061035156,251,0.0,0.0,0.0
2024-08-22 13:08:00-04:00,59.39500045776367,59.39500045776367,59.375,59.380001068115234,3705,0.0,0.0,0.0
2024-08-22 13:09:00-04:00,59.380001068115234,59.380001068115234,59.380001068115234,59.380001068115234,148,0.0,0.0,0.0
2024-08-22 13:15:00-04:00,59.38999938964844,59.38999938964844,59.38010025024414,59.38010025024414,208,0.0,0.0,0.0
2024-08-22 13:16:00-04:00,59.400001525878906,59.400001525878906,59.400001525878906,59.400001525878906,353,0.0,0.0,0.0
2024-08-22 13:22:00-04:00,59.40700149536133,59.40700149536133,59.40700149536133,59.40700149536133,123,0.0,0.0,0.0
2024-08-22 13:28:00-04:00,59.400001525878906,59.400001525878906,59.400001525878906,59.400001525878906,183,0.0,0.0,0.0
2024-08-22 13:33:00-04:00,59.29999923706055,59.29999923706055,59.29999923706055,59.29999923706055,298,0.0,0.0,0.0
2024-08-22 13:35:00-04:00,59.328800201416016,59.328800201416016,59.328800201416016,59.328800201416016,178,0.0,0.0,0.0
2024-08-22 13:42:00-04:00,59.32500076293945,59.32500076293945,59.32500076293945,59.32500076293945,306,0.0,0.0,0.0
2024-08-22 13:48:00-04:00,59.31999969482422,59.32500076293945,59.31999969482422,59.32500076293945,950,0.0,0.0,0.0
2024-08-22 13:49:00-04:00,59.29999923706055,59.29999923706055,59.29999923706055,59.29999923706055,185,0.0,0.0,0.0
2024-08-22 13:53:00-04:00,59.27000045776367,59.27000045776367,59.27000045776367,59.27000045776367,381,0.0,0.0,0.0
2024-08-22 13:54:00-04:00,59.25,59.25,59.220001220703125,59.220001220703125,680,0.0,0.0,0.0
2024-08-22 14:08:00-04:00,59.27000045776367,59.279998779296875,59.27000045776367,59.279998779296875,3709,0.0,0.0,0.0
2024-08-22 14:10:00-04:00,59.32500076293945,59.32500076293945,59.32500076293945,59.32500076293945,100,0.0,0.0,0.0
2024-08-22 14:11:00-04:00,59.314998626708984,59.33000183105469,59.314998626708984,59.33000183105469,208,0.0,0.0,0.0
2024-08-22 14:13:00-04:00,59.310001373291016,59.310001373291016,59.310001373291016,59.310001373291016,104,0.0,0.0,0.0
2024-08-22 14:15:00-04:00,59.380001068115234,59.380001068115234,59.380001068115234,59.380001068115234,101,0.0,0.0,0.0
2024-08-22 14:17:00-04:00,59.349998474121094,59.349998474121094,59.349998474121094,59.349998474121094,806,0.0,0.0,0.0
2024-08-22 14:18:00-04:00,59.36470031738281,59.3650016784668,59.36470031738281,59.3650016784668,853,0.0,0.0,0.0
2024-08-22 14:19:00-04:00,59.3849983215332,59.38999938964844,59.3849983215332,59.38999938964844,427,0.0,0.0,0.0
2024-08-22 14:23:00-04:00,59.380001068115234,59.380001068115234,59.380001068115234,59.380001068115234,101,0.0,0.0,0.0
2024-08-22 14:27:00-04:00,59.36840057373047,59.369998931884766,59.36840057373047,59.369998931884766,1629,0.0,0.0,0.0
2024-08-22 14:28:00-04:00,59.369998931884766,59.369998931884766,59.369998931884766,59.369998931884766,1277,0.0,0.0,0.0
2024-08-22 14:32:00-04:00,59.380001068115234,59.380001068115234,59.380001068115234,59.380001068115234,200,0.0,0.0,0.0
2024-08-22 14:38:00-04:00,59.38999938964844,59.38999938964844,59.38999938964844,59.38999938964844,751,0.0,0.0,0.0
2024-08-22 14:47:00-04:00,59.38999938964844,59.400001525878906,59.38999938964844,59.400001525878906,723,0.0,0.0,0.0
2024-08-22 14:53:00-04:00,59.36109924316406,59.3650016784668,59.36109924316406,59.3650016784668,701,0.0,0.0,0.0
2024-08-22 14:54:00-04:00,59.375,59.375,59.375,59.375,898,0.0,0.0,0.0
2024-08-22 14:55:00-04:00,59.36000061035156,59.36000061035156,59.36000061035156,59.36000061035156,134,0.0,0.0,0.0
2024-08-22 14:59:00-04:00,59.31999969482422,59.31999969482422,59.31999969482422,59.31999969482422,300,0.0,0.0,0.0
2024-08-22 15:01:00-04:00,59.34000015258789,59.349998474121094,59.34000015258789,59.349998474121094,383,0.0,0.0,0.0
2024-08-22 15:04:00-04:00,59.377899169921875,59.377899169921875,59.377899169921875,59.377899169921875,301,0.0,0.0,0.0
2024-08-22 15:13:00-04:00,59.369998931884766,59.369998931884766,59.369998931884766,59.369998931884766,868,0.0,0.0,0.0
2024-08-22 15:15:00-04:00,59.38999938964844,59.400001525878906,59.38999938964844,59.400001525878906,1674,0.0,0.0,0.0
2024-08-22 15:19:00-04:00,59.380001068115234,59.380001068115234,59.380001068115234,59.380001068115234,147,0.0,0.0,0.0
2024-08-22 15:21:00-04:00,59.35490036010742,59.35490036010742,59.35490036010742,59.35490036010742,280,0.0,0.0,0.0
2024-08-22 15:23:00-04:00,59.32500076293945,59.32500076293945,59.310001373291016,59.310001373291016,1111,0.0,0.0,0.0
2024-08-22 15:25:00-04:00,59.314998626708984,59.33000183105469,59.310001373291016,59.33000183105469,455,0.0,0.0,0.0
2024-08-22 15:26:00-04:00,59.32500076293945,59.32500076293945,59.32500076293945,59.32500076293945,168,0.0,0.0,0.0
2024-08-22 15:28:00-04:00,59.33000183105469,59.33000183105469,59.33000183105469,59.33000183105469,216,0.0,0.0,0.0
2024-08-22 15:37:00-04:00,59.334999084472656,59.35499954223633,59.334999084472656,59.349998474121094,1454,0.0,0.0,0.0
2024-08-22 15:44:00-04:00,59.34000015258789,59.34000015258789,59.34000015258789,59.34000015258789,299,0.0,0.0,0.0
2024-08-22 15:47:00-04:00,59.34000015258789,59.34000015258789,59.34000015258789,59.34000015258789,100,0.0,0.0,0.0
2024-08-22 15:49:00-04:00,59.369998931884766,59.369998931884766,59.369998931884766,59.369998931884766,600,0.0,0.0,0.0
2024-08-22 15:52:00-04:00,59.334999084472656,59.334999084472656,59.334999084472656,59.334999084472656,290,0.0,0.0,0.0
2024-08-22 15:53:00-04:00,59.29999923706055,59.29999923706055,59.29999923706055,59.29999923706055,200,0.0,0.0,0.0
2024-08-22 15:56:00-04:00,59.310001373291016,59.310001373291016,59.30939865112305,59.30939865112305,238,0.0,0.0,0.0
2024-08-23 09:30:00-04:00,59.56999969482422,59.56999969482422,59.56999969482422,59.56999969482422,326,0.0,0.0,0.0
2024-08-23 09:43:00-04:00,59.560001373291016,59.560001373291016,59.560001373291016,59.560001373291016,522,0.0,0.0,0.0
2024-08-23 09:56:00-04:00,59.56999969482422,59.58000183105469,59.56999969482422,59.58000183105469,786,0.0,0.0,0.0
2024-08-23 10:00:00-04:00,59.66999816894531,59.68000030517578,59.66999816894531,59.67499923706055,1209,0.0,0.0,0.0
2024-08-23 10:02:00-04:00,59.689998626708984,59.689998626708984,59.685001373291016,59.685001373291016,779,0.0,0.0,0.0
2024-08-23 10:05:00-04:00,59.689998626708984,59.689998626708984,59.689998626708984,59.689998626708984,189,0.0,0.0,0.0
2024-08-23 10:08:00-04:00,59.6776008605957,59.6776008605957,59.6776008605957,59.6776008605957,342,0.0,0.0,0.0
2024-08-23 10:13:00-04:00,59.77000045776367,59.77000045776367,59.77000045776367,59.77000045776367,562,0.0,0.0,0.0
2024-08-23 10:16:00-04:00,59.7400016784668,59.7400016784668,59.7400016784668,59.7400016784668,302,0.0,0.0,0.0
2024-08-23 10:19:00-04:00,59.610599517822266,59.610599517822266,59.610599517822266,59.610599517822266,2548,0.0,0.0,0.0
2024-08-23 10:23:00-04:00,59.720001220703125,59.720001220703125,59.720001220703125,59.720001220703125,327,0.0,0.0,0.0
2024-08-23 10:30:00-04:00,59.72999954223633,59.72999954223633,59.72999954223633,59.72999954223633,151,0.0,0.0,0.0
2024-08-23 10:35:00-04:00,59.650001525878906,59.650001525878906,59.630001068115234,59.630001068115234,567,0.0,0.0,0.0
2024-08-23 10:36:00-04:00,59.63999938964844,59.63999938964844,59.63999938964844,59.63999938964844,334,0.0,0.0,0.0
2024-08-23 10:38:00-04:00,59.63999938964844,59.63999938964844,59.63999938964844,59.63999938964844,107,0.0,0.0,0.0
2024-08-23 10:39:00-04:00,59.63999938964844,59.64099884033203,59.63999938964844,59.64099884033203,652,0.0,0.0,0.0
2024-08-23 10:43:00-04:00,59.63909912109375,59.63909912109375,59.63909912109375,59.63909912109375,549,0.0,0.0,0.0
2024-08-23 10:46:00-04:00,59.58000183105469,59.58000183105469,59.58000183105469,59.58000183105469,306,0.0,0.0,0.0
2024-08-23 10:47:00-04:00,59.578399658203125,59.578399658203125,59.578399658203125,59.578399658203125,336,0.0,0.0,0.0
2024-08-23 10:48:00-04:00,59.529998779296875,59.529998779296875,59.5,59.5,855,0.0,0.0,0.0
2024-08-23 11:03:00-04:00,59.584999084472656,59.584999084472656,59.584999084472656,59.584999084472656,517,0.0,0.0,0.0
2024-08-23 11:04:00-04:00,59.58000183105469,59.59000015258789,59.58000183105469,59.58000183105469,1156,0.0,0.0,0.0
2024-08-23 11:07:00-04:00,59.599998474121094,59.599998474121094,59.59000015258789,59.59000015258789,924,0.0,0.0,0.0
2024-08-23 11:20:00-04:00,59.70000076293945,59.70000076293945,59.69499969482422,59.70000076293945,1219,0.0,0.0,0.0
2024-08-23 11:21:00-04:00,59.69499969482422,59.69499969482422,59.69499969482422,59.69499969482422,5931,0.0,0.0,0.0
2024-08-23 11:23:00-04:00,59.70000076293945,59.70000076293945,59.70000076293945,59.70000076293945,167,0.0,0.0,0.0
2024-08-23 11:25:00-04:00,59.689998626708984,59.689998626708984,59.689998626708984,59.689998626708984,5034,0.0,0.0,0.0
2024-08-23 11:26:00-04:00,59.689998626708984,59.689998626708984,59.68000030517578,59.68000030517578,300,0.0,0.0,0.0
2024-08-23 11:27:00-04:00,59.66999816894531,59.66999816894531,59.63999938964844,59.63999938964844,1504,0.0,0.0,0.0
2024-08-23 11:29:00-04:00,59.650001525878906,59.650001525878906,59.650001525878906,59.650001525878906,153,0.0,0.0,0.0
2024-08-23 11:37:00-04:00,59.68000030517578,59.68000030517578,59.68000030517578,59.68000030517578,211,0.0,0.0,0.0
2024-08-23 11:44:00-04:00,59.65999984741211,59.65999984741211,59.619998931884766,59.619998931884766,909,0.0,0.0,0.0
2024-08-23 11:45:00-04:00,59.599998474121094,59.599998474121094,59.58000183105469,59.58000183105469,386,0.0,0.0,0.0
2024-08-23 11:50:00-04:00,59.599998474121094,59.599998474121094,59.599998474121094,59.599998474121094,200,0.0,0.0,0.0
2024-08-23 11:51:00-04:00,59.59000015258789,59.59000015258789,59.59000015258789,59.59000015258789,101,0.0,0.0,0.0
2024-08-23 11:52:00-04:00,59.58000183105469,59.58000183105469,59.56999969482422,59.56999969482422,333,0.0,0.0,0.0
2024-08-23 11:59:00-04:00,59.53350067138672,59.53350067138672,59.53350067138672,59.53350067138672,1058,0.0,0.0,0.0
2024-08-23 12:00:00-04:00,59.5099983215332,59.51599884033203,59.5099983215332,59.51599884033203,507,0.0,0.0,0.0
2024-08-23 12:01:00-04:00,59.47999954223633,59.47999954223633,59.47999954223633,59.47999954223633,100,0.0,0.0,0.0
2024-08-23 12:04:00-04:00,59.46009826660156,59.46009826660156,59.46009826660156,59.46009826660156,1452,0.0,0.0,0.0
2024-08-23 12:05:00-04:00,59.439998626708984,59.439998626708984,59.439998626708984,59.439998626708984,805,0.0,0.0,0.0
2024-08-23 12:13:00-04:00,59.45000076293945,59.45000076293945,59.45000076293945,59.45000076293945,4931,0.0,0.0,0.0
2024-08-23 12:14:00-04:00,59.439998626708984,59.439998626708984,59.43000030517578,59.43000030517578,200,0.0,0.0,0.0
2024-08-23 12:15:00-04:00,59.439998626708984,59.439998626708984,59.439998626708984,59.439998626708984,101,0.0,0.0,0.0
2024-08-23 12:17:00-04:00,59.400001525878906,59.400001525878906,59.400001525878906,59.400001525878906,370,0.0,0.0,0.0
2024-08-23 12:20:00-04:00,59.459999084472656,59.459999084472656,59.459999084472656,59.459999084472656,144,0.0,0.0,0.0
2024-08-23 12:23:00-04:00,59.439998626708984,59.439998626708984,59.439998626708984,59.439998626708984,198,0.0,0.0,0.0
2024-08-23 12:26:00-04:00,59.38999938964844,59.38999938964844,59.38999938964844,59.38999938964844,100,0.0,0.0,0.0
2024-08-23 12:28:00-04:00,59.369998931884766,59.369998931884766,59.369998931884766,59.369998931884766,137,0.0,0.0,0.0
2024-08-23 12:42:00-04:00,59.400001525878906,59.400001525878906,59.400001525878906,59.400001525878906,311,0.0,0.0,0.0
2024-08-23 12:51:00-04:00,59.43000030517578,59.43000030517578,59.43000030517578,59.43000030517578,300,0.0,0.0,0.0
2024-08-23 12:52:00-04:00,59.41999816894531,59.41999816894531,59.41999816894531,59.41999816894531,100,0.0,0.0,0.0
2024-08-23 12:54:00-04:00,59.43109893798828,59.43109893798828,59.43109893798828,59.43109893798828,510,0.0,0.0,0.0
2024-08-23 13:20:00-04:00,59.47999954223633,59.4900016784668,59.47999954223633,59.4900016784668,1248,0.0,0.0,0.0
2024-08-23 13:22:00-04:00,59.4900016784668,59.4900016784668,59.4900016784668,59.4900016784668,100,0.0,0.0,0.0
2024-08-23 13:29:00-04:00,59.529998779296875,59.529998779296875,59.529998779296875,59.529998779296875,1800,0.0,0.0,0.0
2024-08-23 13:31:00-04:00,59.540000915527344,59.540000915527344,59.540000915527344,59.540000915527344,2659,0.0,0.0,0.0
2024-08-23 13:33:00-04:00,59.529998779296875,59.529998779296875,59.529998779296875,59.529998779296875,171,0.0,0.0,0.0
2024-08-23 13:41:00-04:00,59.560001373291016,59.560001373291016,59.560001373291016,59.560001373291016,1000,0.0,0.0,0.0
2024-08-23 13:42:00-04:00,59.560001373291016,59.560001373291016,59.560001373291016,59.560001373291016,207,0.0,0.0,0.0
2024-08-23 13:43:00-04:00,59.560001373291016,59.560001373291016,59.560001373291016,59.560001373291016,206,0.0,0.0,0.0
2024-08-23 13:46:00-04:00,59.54999923706055,59.54999923706055,59.54999923706055,59.54999923706055,117,0.0,0.0,0.0
2024-08-23 13:48:00-04:00,59.579898834228516,59.579898834228516,59.579898834228516,59.579898834228516,3381,0.0,0.0,0.0
2024-08-23 13:56:00-04:00,59.54999923706055,59.54999923706055,59.54999923706055,59.54999923706055,200,0.0,0.0,0.0
2024-08-23 14:03:00-04:00,59.54999923706055,59.54999923706055,59.54999923706055,59.54999923706055,150,0.0,0.0,0.0
2024-08-23 14:05:00-04:00,59.58000183105469,59.58000183105469,59.58000183105469,59.58000183105469,108,0.0,0.0,0.0
2024-08-23 14:14:00-04:00,59.57419967651367,59.57419967651367,59.57419967651367,59.57419967651367,213,0.0,0.0,0.0
2024-08-23 14:16:00-04:00,59.60499954223633,59.60499954223633,59.60499954223633,59.60499954223633,100,0.0,0.0,0.0
2024-08-23 14:26:00-04:00,59.58000183105469,59.58000183105469,59.58000183105469,59.58000183105469,223,0.0,0.0,0.0
2024-08-23 14:28:00-04:00,59.59000015258789,59.59000015258789,59.59000015258789,59.59000015258789,510,0.0,0.0,0.0
2024-08-23 14:40:00-04:00,59.59000015258789,59.59000015258789,59.59000015258789,59.59000015258789,1216,0.0,0.0,0.0
2024-08-23 14:41:00-04:00,59.61000061035156,59.61000061035156,59.61000061035156,59.61000061035156,1405,0.0,0.0,0.0
2024-08-23 14:45:00-04:00,59.619998931884766,59.619998931884766,59.619998931884766,59.619998931884766,300,0.0,0.0,0.0
2024-08-23 14:46:00-04:00,59.630001068115234,59.630001068115234,59.630001068115234,59.630001068115234,200,0.0,0.0,0.0
2024-08-23 14:47:00-04:00,59.630001068115234,59.630001068115234,59.630001068115234,59.630001068115234,0,0.0,0.0,0.0
2024-08-23 14:51:00-04:00,59.61000061035156,59.61000061035156,59.60499954223633,59.60499954223633,58136,0.0,0.0,0.0
2024-08-23 14:52:00-04:00,59.61000061035156,59.61000061035156,59.606300354003906,59.606300354003906,994,0.0,0.0,0.0
2024-08-23 14:54:00-04:00,59.61000061035156,59.61000061035156,59.61000061035156,59.61000061035156,100,0.0,0.0,0.0
2024-08-23 14:57:00-04:00,59.595001220703125,59.60129928588867,59.58810043334961,59.58810043334961,2053,0.0,0.0,0.0
2024-08-23 14:59:00-04:00,59.600101470947266,59.600101470947266,59.600101470947266,59.600101470947266,321,0.0,0.0,0.0
2024-08-23 15:02:00-04:00,59.599998474121094,59.599998474121094,59.599998474121094,59.599998474121094,500,0.0,0.0,0.0
2024-08-23 15:04:00-04:00,59.61000061035156,59.61000061035156,59.61000061035156,59.61000061035156,154,0.0,0.0,0.0
2024-08-23 15:10:00-04:00,59.64500045776367,59.64500045776367,59.64500045776367,59.64500045776367,285,0.0,0.0,0.0
2024-08-23 15:12:00-04:00,59.654998779296875,59.654998779296875,59.631900787353516,59.63999938964844,2713,0.0,0.0,0.0
2024-08-23 15:13:00-04:00,59.66999816894531,59.70500183105469,59.66999816894531,59.70000076293945,832,0.0,0.0,0.0
2024-08-23 15:14:00-04:00,59.68000030517578,59.68000030517578,59.68000030517578,59.68000030517578,1003,0.0,0.0,0.0
2024-08-23 15:19:00-04:00,59.70000076293945,59.70000076293945,59.70000076293945,59.70000076293945,100,0.0,0.0,0.0
2024-08-23 15:20:00-04:00,59.692501068115234,59.692501068115234,59.692501068115234,59.692501068115234,1096,0.0,0.0,0.0
2024-08-23 15:23:00-04:00,59.709999084472656,59.709999084472656,59.709999084472656,59.709999084472656,705,0.0,0.0,0.0
2024-08-23 15:26:00-04:00,59.71910095214844,59.720001220703125,59.71910095214844,59.720001220703125,205,0.0,0.0,0.0
2024-08-23 15:30:00-04:00,59.75230026245117,59.75230026245117,59.7400016784668,59.7400016784668,950,0.0,0.0,0.0
2024-08-23 15:31:00-04:00,59.7400016784668,59.7400016784668,59.7400016784668,59.7400016784668,117,0.0,0.0,0.0
2024-08-23 15:32:00-04:00,59.72999954223633,59.72999954223633,59.72999954223633,59.72999954223633,104,0.0,0.0,0.0
2024-08-23 15:37:00-04:00,59.689998626708984,59.689998626708984,59.689998626708984,59.689998626708984,101,0.0,0.0,0.0
2024-08-23 15:39:00-04:00,59.685001373291016,59.685001373291016,59.685001373291016,59.685001373291016,136,0.0,0.0,0.0
2024-08-23 15:40:00-04:00,59.689998626708984,59.689998626708984,59.689998626708984,59.689998626708984,126,0.0,0.0,0.0
2024-08-23 15:49:00-04:00,59.70500183105469,59.70500183105469,59.70500183105469,59.70500183105469,460,0.0,0.0,0.0
2024-08-23 15:56:00-04:00,59.76499938964844,59.76499938964844,59.7599983215332,59.7599983215332,496,0.0,0.0,0.0
2024-08-23 15:59:00-04:00,59.75,59.75,59.72999954223633,59.72999954223633,355,0.0,0.0,0.0
