Datetime,Open,High,Low,Close,Volume,Dividends,Stock Splits,Capital Gains
2024-08-19 09:30:00-04:00,115.55999755859375,115.6500015258789,115.55999755859375,115.6500015258789,6595,0.0,0.0,0.0
2024-08-19 09:31:00-04:00,115.6500015258789,115.6500015258789,115.6500015258789,115.6500015258789,178,0.0,0.0,0.0
2024-08-19 09:32:00-04:00,115.68000030517578,115.69999694824219,115.68000030517578,115.69999694824219,527,0.0,0.0,0.0
2024-08-19 09:33:00-04:00,115.83999633789062,115.83999633789062,115.83999633789062,115.83999633789062,201,0.0,0.0,0.0
2024-08-19 09:34:00-04:00,115.81999969482422,115.86000061035156,115.81999969482422,115.81999969482422,1357,0.0,0.0,0.0
2024-08-19 09:35:00-04:00,115.86499786376953,115.86499786376953,115.83999633789062,115.83999633789062,721,0.0,0.0,0.0
2024-08-19 09:36:00-04:00,115.83000183105469,115.83000183105469,115.80000305175781,115.80000305175781,1120,0.0,0.0,0.0
2024-08-19 09:37:00-04:00,115.86000061035156,115.86000061035156,115.83999633789062,115.83999633789062,668,0.0,0.0,0.0
2024-08-19 09:40:00-04:00,115.80000305175781,115.80000305175781,115.80000305175781,115.80000305175781,814,0.0,0.0,0.0
2024-08-19 09:43:00-04:00,115.88999938964844,115.88999938964844,115.88999938964844,115.88999938964844,123,0.0,0.0,0.0
2024-08-19 09:44:00-04:00,115.80000305175781,115.80000305175781,115.80000305175781,115.80000305175781,421,0.0,0.0,0.0
2024-08-19 09:45:00-04:00,115.87999725341797,115.87999725341797,115.87999725341797,115.87999725341797,142,0.0,0.0,0.0
2024-08-19 09:46:00-04:00,115.81999969482422,115.81999969482422,115.81999969482422,115.81999969482422,737,0.0,0.0,0.0
2024-08-19 09:50:00-04:00,115.69999694824219,115.73999786376953,115.69999694824219,115.73999786376953,257,0.0,0.0,0.0
2024-08-19 09:51:00-04:00,115.77999877929688,115.80999755859375,115.76329803466797,115.80000305175781,1145,0.0,0.0,0.0
2024-08-19 09:53:00-04:00,115.77999877929688,115.77999877929688,115.73999786376953,115.73999786376953,498,0.0,0.0,0.0
2024-08-19 09:55:00-04:00,115.83000183105469,115.83000183105469,115.82330322265625,115.82330322265625,1008,0.0,0.0,0.0
2024-08-19 09:56:00-04:00,115.77999877929688,115.77999877929688,115.75869750976562,115.75869750976562,618,0.0,0.0,0.0
2024-08-19 09:58:00-04:00,115.83999633789062,115.83999633789062,115.83999633789062,115.83999633789062,111,0.0,0.0,0.0
2024-08-19 09:59:00-04:00,115.83399963378906,115.83399963378906,115.80000305175781,115.80000305175781,435,0.0,0.0,0.0
2024-08-19 10:00:00-04:00,115.80000305175781,115.8499984741211,115.80000305175781,115.8499984741211,677,0.0,0.0,0.0
2024-08-19 10:01:00-04:00,115.83000183105469,115.83000183105469,115.81999969482422,115.81999969482422,699,0.0,0.0,0.0
2024-08-19 10:02:00-04:00,115.83999633789062,115.83999633789062,115.83999633789062,115.83999633789062,434,0.0,0.0,0.0
2024-08-19 10:03:00-04:00,115.88999938964844,115.88999938964844,115.88999938964844,115.88999938964844,10010,0.0,0.0,0.0
2024-08-19 10:04:00-04:00,115.83999633789062,115.83999633789062,115.83999633789062,115.83999633789062,134,0.0,0.0,0.0
2024-08-19 10:05:00-04:00,115.8550033569336,115.8550033569336,115.8550033569336,115.8550033569336,824,0.0,0.0,0.0
2024-08-19 10:07:00-04:00,115.87000274658203,115.87000274658203,115.87000274658203,115.87000274658203,157,0.0,0.0,0.0
2024-08-19 10:08:00-04:00,115.89839935302734,115.89839935302734,115.89839935302734,115.89839935302734,407,0.0,0.0,0.0
2024-08-19 10:09:00-04:00,115.87000274658203,115.87000274658203,115.86000061035156,115.86000061035156,312,0.0,0.0,0.0
2024-08-19 10:10:00-04:00,115.83999633789062,115.83999633789062,115.83999633789062,115.83999633789062,403,0.0,0.0,0.0
2024-08-19 10:14:00-04:00,115.84380340576172,115.84380340576172,115.84380340576172,115.84380340576172,380,0.0,0.0,0.0
2024-08-19 10:15:00-04:00,115.9000015258789,115.9000015258789,115.9000015258789,115.9000015258789,163,0.0,0.0,0.0
2024-08-19 10:16:00-04:00,115.94999694824219,115.94999694824219,115.94999694824219,115.94999694824219,822,0.0,0.0,0.0
2024-08-19 10:23:00-04:00,116.0,116.0,116.0,116.0,1159,0.0,0.0,0.0
2024-08-19 10:24:00-04:00,115.98999786376953,115.98999786376953,115.98999786376953,115.98999786376953,232,0.0,0.0,0.0
2024-08-19 10:25:00-04:00,115.98999786376953,116.0,115.98999786376953,116.0,527,0.0,0.0,0.0
2024-08-19 10:28:00-04:00,116.08999633789062,116.08999633789062,116.08999633789062,116.08999633789062,206,0.0,0.0,0.0
2024-08-19 10:30:00-04:00,116.05879974365234,116.05879974365234,116.03980255126953,116.03980255126953,828,0.0,0.0,0.0
2024-08-19 10:32:00-04:00,116.07250213623047,116.09600067138672,116.07250213623047,116.09600067138672,589,0.0,0.0,0.0
2024-08-19 10:33:00-04:00,116.12999725341797,116.12999725341797,116.12999725341797,116.12999725341797,585,0.0,0.0,0.0
2024-08-19 10:35:00-04:00,116.1500015258789,116.16000366210938,116.1500015258789,116.16000366210938,372,0.0,0.0,0.0
2024-08-19 10:36:00-04:00,116.18000030517578,116.23999786376953,116.18000030517578,116.23999786376953,771,0.0,0.0,0.0
2024-08-19 10:37:00-04:00,116.25,116.25,116.25,116.25,113,0.0,0.0,0.0
2024-08-19 10:38:00-04:00,116.25,116.25,116.22000122070312,116.22000122070312,501,0.0,0.0,0.0
2024-08-19 10:39:00-04:00,116.22000122070312,116.22000122070312,116.22000122070312,116.22000122070312,123,0.0,0.0,0.0
2024-08-19 10:40:00-04:00,116.2249984741211,116.2249984741211,116.2249984741211,116.2249984741211,329,0.0,0.0,0.0
2024-08-19 10:41:00-04:00,116.2300033569336,116.23500061035156,116.20999908447266,116.20999908447266,995,0.0,0.0,0.0
2024-08-19 10:42:00-04:00,116.23580169677734,116.25990295410156,116.23580169677734,116.25990295410156,416,0.0,0.0,0.0
2024-08-19 10:43:00-04:00,116.2300033569336,116.2300033569336,116.2300033569336,116.2300033569336,100,0.0,0.0,0.0
2024-08-19 10:44:00-04:00,116.25,116.25,116.22000122070312,116.22000122070312,639,0.0,0.0,0.0
2024-08-19 10:47:00-04:00,116.23999786376953,116.23999786376953,116.23999786376953,116.23999786376953,130,0.0,0.0,0.0
2024-08-19 10:48:00-04:00,116.25,116.25,116.22319793701172,116.22319793701172,671,0.0,0.0,0.0
2024-08-19 10:49:00-04:00,116.22920227050781,116.26950073242188,116.22920227050781,116.25,1082,0.0,0.0,0.0
2024-08-19 10:50:00-04:00,116.27899932861328,116.27899932861328,116.26000213623047,116.26000213623047,1041,0.0,0.0,0.0
2024-08-19 10:51:00-04:00,116.24320220947266,116.25499725341797,116.24320220947266,116.25,593,0.0,0.0,0.0
2024-08-19 10:52:00-04:00,116.23500061035156,116.23500061035156,116.23500061035156,116.23500061035156,197,0.0,0.0,0.0
2024-08-19 10:53:00-04:00,116.27970123291016,116.27970123291016,116.27970123291016,116.27970123291016,341,0.0,0.0,0.0
2024-08-19 10:54:00-04:00,116.28500366210938,116.28500366210938,116.28500366210938,116.28500366210938,378,0.0,0.0,0.0
2024-08-19 10:56:00-04:00,116.28500366210938,116.28500366210938,116.28500366210938,116.28500366210938,455,0.0,0.0,0.0
2024-08-19 10:57:00-04:00,116.29000091552734,116.29000091552734,116.29000091552734,116.29000091552734,310,0.0,0.0,0.0
2024-08-19 10:58:00-04:00,116.31990051269531,116.31990051269531,116.31990051269531,116.31990051269531,1089,0.0,0.0,0.0
2024-08-19 10:59:00-04:00,116.30000305175781,116.31999969482422,116.30000305175781,116.31999969482422,737,0.0,0.0,0.0
2024-08-19 11:00:00-04:00,116.27999877929688,116.27999877929688,116.2750015258789,116.2750015258789,1043,0.0,0.0,0.0
2024-08-19 11:01:00-04:00,116.2699966430664,116.2750015258789,116.2699966430664,116.2750015258789,704,0.0,0.0,0.0
2024-08-19 11:02:00-04:00,116.2699966430664,116.2699966430664,116.2699966430664,116.2699966430664,392,0.0,0.0,0.0
2024-08-19 11:04:00-04:00,116.2302017211914,116.2302017211914,116.2302017211914,116.2302017211914,291,0.0,0.0,0.0
2024-08-19 11:05:00-04:00,116.23999786376953,116.23999786376953,116.23999786376953,116.23999786376953,378,0.0,0.0,0.0
2024-08-19 11:09:00-04:00,116.1552963256836,116.1552963256836,116.1552963256836,116.1552963256836,163,0.0,0.0,0.0
2024-08-19 11:10:00-04:00,116.16999816894531,116.16999816894531,116.16999816894531,116.16999816894531,376,0.0,0.0,0.0
2024-08-19 11:13:00-04:00,116.17169952392578,116.19000244140625,116.17169952392578,116.19000244140625,776,0.0,0.0,0.0
2024-08-19 11:14:00-04:00,116.19000244140625,116.19000244140625,116.19000244140625,116.19000244140625,203,0.0,0.0,0.0
2024-08-19 11:16:00-04:00,116.20500183105469,116.22000122070312,116.20500183105469,116.22000122070312,302,0.0,0.0,0.0
2024-08-19 11:18:00-04:00,116.2699966430664,116.2699966430664,116.2699966430664,116.2699966430664,207,0.0,0.0,0.0
2024-08-19 11:19:00-04:00,116.26000213623047,116.26000213623047,116.26000213623047,116.26000213623047,156,0.0,0.0,0.0
2024-08-19 11:20:00-04:00,116.25,116.25,116.19000244140625,116.19000244140625,342,0.0,0.0,0.0
2024-08-19 11:21:00-04:00,116.19999694824219,116.22000122070312,116.19499969482422,116.22000122070312,852,0.0,0.0,0.0
2024-08-19 11:23:00-04:00,116.23500061035156,116.23999786376953,116.23500061035156,116.23999786376953,500,0.0,0.0,0.0
2024-08-19 11:25:00-04:00,116.2249984741211,116.2249984741211,116.2249984741211,116.2249984741211,400,0.0,0.0,0.0
2024-08-19 11:27:00-04:00,116.20999908447266,116.20999908447266,116.20999908447266,116.20999908447266,562,0.0,0.0,0.0
2024-08-19 11:33:00-04:00,116.18499755859375,116.18499755859375,116.18499755859375,116.18499755859375,622,0.0,0.0,0.0
2024-08-19 11:35:00-04:00,116.16000366210938,116.16000366210938,116.16000366210938,116.16000366210938,295,0.0,0.0,0.0
2024-08-19 11:36:00-04:00,116.18000030517578,116.18180084228516,116.18000030517578,116.18180084228516,1137,0.0,0.0,0.0
2024-08-19 11:37:00-04:00,116.19000244140625,116.19000244140625,116.19000244140625,116.19000244140625,185,0.0,0.0,0.0
2024-08-19 11:38:00-04:00,116.19499969482422,116.19999694824219,116.19499969482422,116.19999694824219,1326,0.0,0.0,0.0
2024-08-19 11:39:00-04:00,116.16999816894531,116.16999816894531,116.16000366210938,116.16000366210938,281,0.0,0.0,0.0
2024-08-19 11:40:00-04:00,116.1500015258789,116.1500015258789,116.1500015258789,116.1500015258789,432,0.0,0.0,0.0
2024-08-19 11:41:00-04:00,116.11000061035156,116.11000061035156,116.11000061035156,116.11000061035156,211,0.0,0.0,0.0
2024-08-19 11:42:00-04:00,116.11000061035156,116.11000061035156,116.11000061035156,116.11000061035156,138,0.0,0.0,0.0
2024-08-19 11:43:00-04:00,116.11000061035156,116.11000061035156,116.11000061035156,116.11000061035156,356,0.0,0.0,0.0
2024-08-19 11:49:00-04:00,116.08000183105469,116.08999633789062,116.08000183105469,116.08999633789062,1371,0.0,0.0,0.0
2024-08-19 11:50:00-04:00,116.08499908447266,116.08499908447266,116.08499908447266,116.08499908447266,110,0.0,0.0,0.0
2024-08-19 11:51:00-04:00,116.11000061035156,116.11000061035156,116.11000061035156,116.11000061035156,129,0.0,0.0,0.0
2024-08-19 11:53:00-04:00,116.11129760742188,116.11129760742188,116.11129760742188,116.11129760742188,179,0.0,0.0,0.0
2024-08-19 11:55:00-04:00,116.11060333251953,116.11060333251953,116.11000061035156,116.11000061035156,341,0.0,0.0,0.0
2024-08-19 11:56:00-04:00,116.09989929199219,116.09989929199219,116.09989929199219,116.09989929199219,211,0.0,0.0,0.0
2024-08-19 11:58:00-04:00,116.02999877929688,116.02999877929688,116.02999877929688,116.02999877929688,433,0.0,0.0,0.0
2024-08-19 12:02:00-04:00,116.0999984741211,116.12000274658203,116.09709930419922,116.0999984741211,1721,0.0,0.0,0.0
2024-08-19 12:03:00-04:00,116.11499786376953,116.11499786376953,116.10099792480469,116.10099792480469,513,0.0,0.0,0.0
2024-08-19 12:04:00-04:00,116.04499816894531,116.04499816894531,116.02999877929688,116.02999877929688,1373,0.0,0.0,0.0
2024-08-19 12:06:00-04:00,116.0199966430664,116.0199966430664,116.0199966430664,116.0199966430664,100,0.0,0.0,0.0
2024-08-19 12:07:00-04:00,116.0199966430664,116.0199966430664,116.00260162353516,116.00260162353516,945,0.0,0.0,0.0
2024-08-19 12:09:00-04:00,116.08000183105469,116.08000183105469,116.06999969482422,116.06999969482422,264,0.0,0.0,0.0
2024-08-19 12:10:00-04:00,116.06999969482422,116.06999969482422,116.06999969482422,116.06999969482422,258,0.0,0.0,0.0
2024-08-19 12:12:00-04:00,116.06999969482422,116.06999969482422,116.06999969482422,116.06999969482422,860,0.0,0.0,0.0
2024-08-19 12:21:00-04:00,116.03500366210938,116.03500366210938,116.03500366210938,116.03500366210938,312,0.0,0.0,0.0
2024-08-19 12:22:00-04:00,116.0374984741211,116.0374984741211,116.0374984741211,116.0374984741211,175,0.0,0.0,0.0
2024-08-19 12:23:00-04:00,116.04329681396484,116.04329681396484,116.04329681396484,116.04329681396484,462,0.0,0.0,0.0
2024-08-19 12:25:00-04:00,116.04499816894531,116.04499816894531,116.04499816894531,116.04499816894531,235,0.0,0.0,0.0
2024-08-19 12:27:00-04:00,116.06629943847656,116.06629943847656,116.06629943847656,116.06629943847656,278,0.0,0.0,0.0
2024-08-19 12:28:00-04:00,116.0999984741211,116.0999984741211,116.0999984741211,116.0999984741211,532,0.0,0.0,0.0
2024-08-19 12:29:00-04:00,116.08760070800781,116.11000061035156,116.08760070800781,116.11000061035156,416,0.0,0.0,0.0
2024-08-19 12:33:00-04:00,116.06500244140625,116.07499694824219,116.05010223388672,116.07009887695312,767,0.0,0.0,0.0
2024-08-19 12:34:00-04:00,116.07499694824219,116.08999633789062,116.07499694824219,116.08999633789062,2410,0.0,0.0,0.0
2024-08-19 12:35:00-04:00,116.11000061035156,116.11000061035156,116.11000061035156,116.11000061035156,177,0.0,0.0,0.0
2024-08-19 12:36:00-04:00,116.11000061035156,116.11000061035156,116.11000061035156,116.11000061035156,316,0.0,0.0,0.0
2024-08-19 12:37:00-04:00,116.11000061035156,116.11000061035156,116.11000061035156,116.11000061035156,130,0.0,0.0,0.0
2024-08-19 12:39:00-04:00,116.0999984741211,116.0999984741211,116.0999984741211,116.0999984741211,131,0.0,0.0,0.0
2024-08-19 12:40:00-04:00,116.08999633789062,116.08999633789062,116.08550262451172,116.08550262451172,347,0.0,0.0,0.0
2024-08-19 12:42:00-04:00,116.08999633789062,116.08999633789062,116.08999633789062,116.08999633789062,127,0.0,0.0,0.0
2024-08-19 12:43:00-04:00,116.08000183105469,116.08000183105469,116.07009887695312,116.07009887695312,1127,0.0,0.0,0.0
2024-08-19 12:44:00-04:00,116.08000183105469,116.08000183105469,116.08000183105469,116.08000183105469,216,0.0,0.0,0.0
2024-08-19 12:46:00-04:00,116.05999755859375,116.05999755859375,116.05999755859375,116.05999755859375,187,0.0,0.0,0.0
2024-08-19 12:50:00-04:00,116.0999984741211,116.0999984741211,116.0999984741211,116.0999984741211,200,0.0,0.0,0.0
2024-08-19 12:51:00-04:00,116.08000183105469,116.08000183105469,116.08000183105469,116.08000183105469,134,0.0,0.0,0.0
2024-08-19 12:52:00-04:00,116.08000183105469,116.08000183105469,116.08000183105469,116.08000183105469,152,0.0,0.0,0.0
2024-08-19 12:53:00-04:00,116.08999633789062,116.0999984741211,116.08999633789062,116.0999984741211,621,0.0,0.0,0.0
2024-08-19 12:55:00-04:00,116.07599639892578,116.07599639892578,116.07599639892578,116.07599639892578,152,0.0,0.0,0.0
2024-08-19 12:56:00-04:00,116.0999984741211,116.12999725341797,116.0999984741211,116.12999725341797,372,0.0,0.0,0.0
2024-08-19 12:58:00-04:00,116.14800262451172,116.14800262451172,116.13999938964844,116.13999938964844,345,0.0,0.0,0.0
2024-08-19 12:59:00-04:00,116.12010192871094,116.12999725341797,116.12000274658203,116.12000274658203,7404,0.0,0.0,0.0
2024-08-19 13:01:00-04:00,116.08000183105469,116.08000183105469,116.08000183105469,116.08000183105469,125,0.0,0.0,0.0
2024-08-19 13:02:00-04:00,116.0885009765625,116.0885009765625,116.0885009765625,116.0885009765625,375,0.0,0.0,0.0
2024-08-19 13:03:00-04:00,116.09500122070312,116.0999984741211,116.08999633789062,116.08999633789062,1139,0.0,0.0,0.0
2024-08-19 13:05:00-04:00,116.12000274658203,116.12000274658203,116.11000061035156,116.11000061035156,219,0.0,0.0,0.0
2024-08-19 13:06:00-04:00,116.13999938964844,116.13999938964844,116.12999725341797,116.13999938964844,945,0.0,0.0,0.0
2024-08-19 13:08:00-04:00,116.16999816894531,116.16999816894531,116.16999816894531,116.16999816894531,211,0.0,0.0,0.0
2024-08-19 13:10:00-04:00,116.16670227050781,116.16670227050781,116.16670227050781,116.16670227050781,331,0.0,0.0,0.0
2024-08-19 13:11:00-04:00,116.16069793701172,116.18000030517578,116.16069793701172,116.16539764404297,524,0.0,0.0,0.0
2024-08-19 13:14:00-04:00,116.12850189208984,116.12850189208984,116.12850189208984,116.12850189208984,1072,0.0,0.0,0.0
2024-08-19 13:20:00-04:00,116.12999725341797,116.12999725341797,116.12999725341797,116.12999725341797,581,0.0,0.0,0.0
2024-08-19 13:22:00-04:00,116.11399841308594,116.11399841308594,116.11399841308594,116.11399841308594,384,0.0,0.0,0.0
2024-08-19 13:24:00-04:00,116.09500122070312,116.09500122070312,116.09500122070312,116.09500122070312,215,0.0,0.0,0.0
2024-08-19 13:26:00-04:00,116.04499816894531,116.04499816894531,116.04499816894531,116.04499816894531,216,0.0,0.0,0.0
2024-08-19 13:27:00-04:00,116.04499816894531,116.04499816894531,116.04000091552734,116.04499816894531,749,0.0,0.0,0.0
2024-08-19 13:30:00-04:00,116.0,116.01000213623047,116.0,116.01000213623047,312,0.0,0.0,0.0
2024-08-19 13:32:00-04:00,115.9749984741211,116.0,115.9749984741211,116.0,663,0.0,0.0,0.0
2024-08-19 13:35:00-04:00,115.96540069580078,115.96880340576172,115.94329833984375,115.96880340576172,462,0.0,0.0,0.0
2024-08-19 13:37:00-04:00,115.95999908447266,115.95999908447266,115.95999908447266,115.95999908447266,138,0.0,0.0,0.0
2024-08-19 13:38:00-04:00,115.97000122070312,115.97010040283203,115.95999908447266,115.97010040283203,372,0.0,0.0,0.0
2024-08-19 13:39:00-04:00,115.9800033569336,115.9800033569336,115.9800033569336,115.9800033569336,393,0.0,0.0,0.0
2024-08-19 13:40:00-04:00,115.98999786376953,115.98999786376953,115.98999786376953,115.98999786376953,395,0.0,0.0,0.0
2024-08-19 13:42:00-04:00,116.0282974243164,116.02999877929688,116.0282974243164,116.02999877929688,468,0.0,0.0,0.0
2024-08-19 13:44:00-04:00,116.0,116.0,116.0,116.0,105,0.0,0.0,0.0
2024-08-19 13:45:00-04:00,116.00520324707031,116.00520324707031,116.00520324707031,116.00520324707031,124,0.0,0.0,0.0
2024-08-19 13:46:00-04:00,115.9800033569336,115.9800033569336,115.9800033569336,115.9800033569336,139,0.0,0.0,0.0
2024-08-19 13:47:00-04:00,116.0,116.0,116.0,116.0,353,0.0,0.0,0.0
2024-08-19 13:48:00-04:00,116.01640319824219,116.01640319824219,116.0,116.0,327,0.0,0.0,0.0
2024-08-19 13:51:00-04:00,115.97010040283203,115.97010040283203,115.96800231933594,115.96800231933594,1775,0.0,0.0,0.0
2024-08-19 13:52:00-04:00,115.9800033569336,115.98999786376953,115.9800033569336,115.98999786376953,500,0.0,0.0,0.0
2024-08-19 13:53:00-04:00,116.0,116.0,116.0,116.0,370,0.0,0.0,0.0
2024-08-19 13:55:00-04:00,115.98999786376953,115.98999786376953,115.98999786376953,115.98999786376953,189,0.0,0.0,0.0
2024-08-19 13:56:00-04:00,116.0,116.01000213623047,116.0,116.01000213623047,551,0.0,0.0,0.0
2024-08-19 13:59:00-04:00,116.01000213623047,116.01000213623047,116.01000213623047,116.01000213623047,257,0.0,0.0,0.0
2024-08-19 14:00:00-04:00,116.01499938964844,116.01499938964844,116.01499938964844,116.01499938964844,738,0.0,0.0,0.0
2024-08-19 14:01:00-04:00,116.0199966430664,116.0199966430664,116.0199966430664,116.0199966430664,100,0.0,0.0,0.0
2024-08-19 14:02:00-04:00,116.02999877929688,116.02999877929688,116.02999877929688,116.02999877929688,439,0.0,0.0,0.0
2024-08-19 14:04:00-04:00,116.05500030517578,116.05500030517578,116.05500030517578,116.05500030517578,614,0.0,0.0,0.0
2024-08-19 14:05:00-04:00,116.04519653320312,116.04519653320312,116.04519653320312,116.04519653320312,147,0.0,0.0,0.0
2024-08-19 14:06:00-04:00,116.02020263671875,116.02020263671875,116.01000213623047,116.01000213623047,1138,0.0,0.0,0.0
2024-08-19 14:08:00-04:00,116.0,116.0,116.0,116.0,459,0.0,0.0,0.0
2024-08-19 14:12:00-04:00,115.94000244140625,115.94000244140625,115.94000244140625,115.94000244140625,180,0.0,0.0,0.0
2024-08-19 14:14:00-04:00,115.9800033569336,115.98999786376953,115.97000122070312,115.97000122070312,10265,0.0,0.0,0.0
2024-08-19 14:15:00-04:00,115.97000122070312,115.97000122070312,115.97000122070312,115.97000122070312,317,0.0,0.0,0.0
2024-08-19 14:18:00-04:00,115.97000122070312,115.97000122070312,115.97000122070312,115.97000122070312,400,0.0,0.0,0.0
2024-08-19 14:19:00-04:00,115.9636001586914,115.97000122070312,115.95999908447266,115.97000122070312,546,0.0,0.0,0.0
2024-08-19 14:20:00-04:00,115.94999694824219,115.94999694824219,115.94999694824219,115.94999694824219,344,0.0,0.0,0.0
2024-08-19 14:22:00-04:00,115.95999908447266,115.9800033569336,115.95999908447266,115.9800033569336,450,0.0,0.0,0.0
2024-08-19 14:23:00-04:00,115.9800033569336,115.99500274658203,115.9800033569336,115.99500274658203,2288,0.0,0.0,0.0
2024-08-19 14:24:00-04:00,115.97010040283203,115.97010040283203,115.97010040283203,115.97010040283203,265,0.0,0.0,0.0
2024-08-19 14:27:00-04:00,115.93000030517578,115.94999694824219,115.93000030517578,115.94999694824219,723,0.0,0.0,0.0
2024-08-19 14:29:00-04:00,115.95500183105469,115.95999908447266,115.94000244140625,115.95999908447266,840,0.0,0.0,0.0
2024-08-19 14:30:00-04:00,115.97000122070312,115.97000122070312,115.95999908447266,115.95999908447266,311,0.0,0.0,0.0
2024-08-19 14:31:00-04:00,115.98400115966797,115.98400115966797,115.98400115966797,115.98400115966797,740,0.0,0.0,0.0
2024-08-19 14:35:00-04:00,115.97000122070312,115.9800033569336,115.97000122070312,115.9800033569336,255,0.0,0.0,0.0
2024-08-19 14:36:00-04:00,116.00499725341797,116.0199966430664,116.00499725341797,116.0199966430664,707,0.0,0.0,0.0
2024-08-19 14:37:00-04:00,115.9800033569336,115.9800033569336,115.9800033569336,115.9800033569336,149,0.0,0.0,0.0
2024-08-19 14:38:00-04:00,116.0,116.0,115.9800033569336,115.9800033569336,1105,0.0,0.0,0.0
2024-08-19 14:40:00-04:00,116.01000213623047,116.01000213623047,116.01000213623047,116.01000213623047,320,0.0,0.0,0.0
2024-08-19 14:41:00-04:00,116.05000305175781,116.05000305175781,116.05000305175781,116.05000305175781,100,0.0,0.0,0.0
2024-08-19 14:42:00-04:00,116.05770111083984,116.05770111083984,116.05770111083984,116.05770111083984,652,0.0,0.0,0.0
2024-08-19 14:43:00-04:00,116.04010009765625,116.07499694824219,116.04010009765625,116.07499694824219,1254,0.0,0.0,0.0
2024-08-19 14:44:00-04:00,116.07499694824219,116.08930206298828,116.05840301513672,116.05840301513672,2674,0.0,0.0,0.0
2024-08-19 14:45:00-04:00,116.08999633789062,116.08999633789062,116.08999633789062,116.08999633789062,464,0.0,0.0,0.0
2024-08-19 14:46:00-04:00,116.05000305175781,116.05000305175781,116.05000305175781,116.05000305175781,118,0.0,0.0,0.0
2024-08-19 14:47:00-04:00,116.04499816894531,116.04499816894531,116.04499816894531,116.04499816894531,481,0.0,0.0,0.0
2024-08-19 14:51:00-04:00,116.05000305175781,116.05000305175781,116.03500366210938,116.03500366210938,1138,0.0,0.0,0.0
2024-08-19 14:53:00-04:00,116.02860260009766,116.02860260009766,116.02860260009766,116.02860260009766,171,0.0,0.0,0.0
2024-08-19 14:55:00-04:00,116.02999877929688,116.02999877929688,116.02999877929688,116.02999877929688,180,0.0,0.0,0.0
2024-08-19 14:56:00-04:00,116.02010345458984,116.02010345458984,116.02010345458984,116.02010345458984,298,0.0,0.0,0.0
2024-08-19 14:58:00-04:00,116.03589630126953,116.03589630126953,116.03589630126953,116.03589630126953,303,0.0,0.0,0.0
2024-08-19 14:59:00-04:00,116.05919647216797,116.05919647216797,116.05919647216797,116.05919647216797,152,0.0,0.0,0.0
2024-08-19 15:00:00-04:00,116.02999877929688,116.02999877929688,116.0199966430664,116.0199966430664,565,0.0,0.0,0.0
2024-08-19 15:02:00-04:00,116.01000213623047,116.01000213623047,116.01000213623047,116.01000213623047,606,0.0,0.0,0.0
2024-08-19 15:05:00-04:00,116.01000213623047,116.0199966430664,116.01000213623047,116.0199966430664,687,0.0,0.0,0.0
2024-08-19 15:06:00-04:00,116.02999877929688,116.02999877929688,116.02999877929688,116.02999877929688,550,0.0,0.0,0.0
2024-08-19 15:07:00-04:00,116.029296875,116.029296875,116.01000213623047,116.01000213623047,637,0.0,0.0,0.0
2024-08-19 15:09:00-04:00,116.01000213623047,116.01000213623047,116.0,116.0,1032,0.0,0.0,0.0
2024-08-19 15:10:00-04:00,116.00980377197266,116.00980377197266,116.00980377197266,116.00980377197266,224,0.0,0.0,0.0
2024-08-19 15:11:00-04:00,115.99510192871094,116.0,115.99510192871094,116.0,1230,0.0,0.0,0.0
2024-08-19 15:12:00-04:00,116.00990295410156,116.00990295410156,116.0,116.0,494,0.0,0.0,0.0
2024-08-19 15:13:00-04:00,115.98999786376953,116.0,115.98999786376953,116.0,278,0.0,0.0,0.0
2024-08-19 15:14:00-04:00,116.00090026855469,116.00090026855469,116.00090026855469,116.00090026855469,352,0.0,0.0,0.0
2024-08-19 15:15:00-04:00,115.98069763183594,115.99500274658203,115.98069763183594,115.98999786376953,743,0.0,0.0,0.0
2024-08-19 15:16:00-04:00,115.98999786376953,115.98999786376953,115.98999786376953,115.98999786376953,293,0.0,0.0,0.0
2024-08-19 15:18:00-04:00,116.00800323486328,116.00800323486328,116.00800323486328,116.00800323486328,598,0.0,0.0,0.0
2024-08-19 15:20:00-04:00,115.99140167236328,115.99500274658203,115.99140167236328,115.99500274658203,1802,0.0,0.0,0.0
2024-08-19 15:24:00-04:00,115.99009704589844,115.99009704589844,115.9800033569336,115.9800033569336,223,0.0,0.0,0.0
2024-08-19 15:25:00-04:00,115.99500274658203,115.99500274658203,115.99500274658203,115.99500274658203,544,0.0,0.0,0.0
2024-08-19 15:26:00-04:00,116.0,116.01000213623047,116.0,116.0,891,0.0,0.0,0.0
2024-08-19 15:27:00-04:00,115.98999786376953,115.98999786376953,115.98999786376953,115.98999786376953,609,0.0,0.0,0.0
2024-08-19 15:28:00-04:00,116.0199966430664,116.0199966430664,116.0199966430664,116.0199966430664,495,0.0,0.0,0.0
2024-08-19 15:30:00-04:00,116.0,116.0,115.9927978515625,115.9927978515625,747,0.0,0.0,0.0
2024-08-19 15:32:00-04:00,115.98989868164062,115.98989868164062,115.98989868164062,115.98989868164062,972,0.0,0.0,0.0
2024-08-19 15:34:00-04:00,115.95999908447266,115.97000122070312,115.95999908447266,115.97000122070312,275,0.0,0.0,0.0
2024-08-19 15:35:00-04:00,115.95999908447266,115.95999908447266,115.94999694824219,115.94999694824219,816,0.0,0.0,0.0
2024-08-19 15:37:00-04:00,115.95999908447266,115.95999908447266,115.95999908447266,115.95999908447266,140,0.0,0.0,0.0
2024-08-19 15:38:00-04:00,115.95999908447266,115.96749877929688,115.95999908447266,115.96749877929688,438,0.0,0.0,0.0
2024-08-19 15:39:00-04:00,115.95169830322266,115.97000122070312,115.95169830322266,115.97000122070312,400,0.0,0.0,0.0
2024-08-19 15:40:00-04:00,115.97000122070312,115.9749984741211,115.97000122070312,115.9749984741211,525,0.0,0.0,0.0
2024-08-19 15:41:00-04:00,115.95999908447266,115.9749984741211,115.95999908447266,115.9749984741211,467,0.0,0.0,0.0
2024-08-19 15:43:00-04:00,115.95999908447266,115.95999908447266,115.95999908447266,115.95999908447266,337,0.0,0.0,0.0
2024-08-19 15:44:00-04:00,115.97000122070312,115.9800033569336,115.97000122070312,115.9800033569336,566,0.0,0.0,0.0
2024-08-19 15:45:00-04:00,115.9800033569336,116.0,115.96829986572266,116.0,758,0.0,0.0,0.0
2024-08-19 15:47:00-04:00,116.0199966430664,116.02010345458984,116.0199966430664,116.02010345458984,6274,0.0,0.0,0.0
2024-08-19 15:48:00-04:00,116.04989624023438,116.04989624023438,116.04989624023438,116.04989624023438,525,0.0,0.0,0.0
2024-08-19 15:50:00-04:00,116.04000091552734,116.04000091552734,115.9800033569336,115.9800033569336,1275,0.0,0.0,0.0
2024-08-19 15:51:00-04:00,115.94999694824219,115.94999694824219,115.94999694824219,115.94999694824219,212,0.0,0.0,0.0
2024-08-19 15:52:00-04:00,115.93000030517578,115.94999694824219,115.93000030517578,115.94999694824219,394,0.0,0.0,0.0
2024-08-19 15:53:00-04:00,115.96499633789062,115.96499633789062,115.94000244140625,115.94000244140625,1223,0.0,0.0,0.0
2024-08-19 15:54:00-04:00,115.93000030517578,115.93000030517578,115.93000030517578,115.93000030517578,633,0.0,0.0,0.0
2024-08-19 15:55:00-04:00,115.95999908447266,115.95999908447266,115.91000366210938,115.93000030517578,1177,0.0,0.0,0.0
2024-08-19 15:56:00-04:00,115.9000015258789,115.91999816894531,115.9000015258789,115.91999816894531,510,0.0,0.0,0.0
2024-08-19 15:57:00-04:00,115.93000030517578,115.95999908447266,115.93000030517578,115.947998046875,802,0.0,0.0,0.0
2024-08-19 15:58:00-04:00,115.91999816894531,115.94000244140625,115.91999816894531,115.94000244140625,810,0.0,0.0,0.0
2024-08-19 15:59:00-04:00,116.0,116.0199966430664,116.0,116.0199966430664,760,0.0,0.0,0.0
2024-08-20 09:30:00-04:00,115.9800033569336,115.9800033569336,115.88999938964844,115.97000122070312,9599,0.0,0.0,0.0
2024-08-20 09:31:00-04:00,115.97000122070312,115.97000122070312,115.97000122070312,115.97000122070312,215,0.0,0.0,0.0
2024-08-20 09:32:00-04:00,115.9800033569336,116.0,115.9375991821289,116.0,1319,0.0,0.0,0.0
2024-08-20 09:33:00-04:00,115.94999694824219,116.01000213623047,115.94999694824219,115.9800033569336,1094,0.0,0.0,0.0
2024-08-20 09:34:00-04:00,115.97000122070312,115.97000122070312,115.97000122070312,115.97000122070312,437,0.0,0.0,0.0
2024-08-20 09:35:00-04:00,115.97000122070312,115.97000122070312,115.97000122070312,115.97000122070312,408,0.0,0.0,0.0
2024-08-20 09:36:00-04:00,115.87999725341797,115.87999725341797,115.87999725341797,115.87999725341797,1390,0.0,0.0,0.0
2024-08-20 09:37:00-04:00,115.88999938964844,115.91000366210938,115.88990020751953,115.91000366210938,4570,0.0,0.0,0.0
2024-08-20 09:38:00-04:00,115.88999938964844,115.91999816894531,115.88999938964844,115.91999816894531,1650,0.0,0.0,0.0
2024-08-20 09:39:00-04:00,115.88999938964844,115.91999816894531,115.88999938964844,115.9010009765625,1816,0.0,0.0,0.0
2024-08-20 09:41:00-04:00,115.95999908447266,115.95999908447266,115.94000244140625,115.94000244140625,1126,0.0,0.0,0.0
2024-08-20 09:42:00-04:00,115.86499786376953,115.88999938964844,115.86499786376953,115.88999938964844,1153,0.0,0.0,0.0
2024-08-20 09:43:00-04:00,115.93000030517578,115.94000244140625,115.93000030517578,115.94000244140625,921,0.0,0.0,0.0
2024-08-20 09:44:00-04:00,115.91999816894531,115.91999816894531,115.91999816894531,115.91999816894531,2106,0.0,0.0,0.0
2024-08-20 09:45:00-04:00,115.88999938964844,115.9010009765625,115.88999938964844,115.9010009765625,1298,0.0,0.0,0.0
2024-08-20 09:46:00-04:00,115.88999938964844,115.88999938964844,115.86000061035156,115.86000061035156,527,0.0,0.0,0.0
2024-08-20 09:47:00-04:00,115.87999725341797,115.87999725341797,115.80999755859375,115.80999755859375,742,0.0,0.0,0.0
2024-08-20 09:48:00-04:00,115.80000305175781,115.80000305175781,115.77999877929688,115.79000091552734,1686,0.0,0.0,0.0
2024-08-20 09:49:00-04:00,115.76000213623047,115.77999877929688,115.76000213623047,115.77999877929688,803,0.0,0.0,0.0
2024-08-20 09:50:00-04:00,115.79000091552734,115.81600189208984,115.79000091552734,115.81600189208984,1195,0.0,0.0,0.0
2024-08-20 09:51:00-04:00,115.80999755859375,115.8499984741211,115.80999755859375,115.8499984741211,898,0.0,0.0,0.0
2024-08-20 09:53:00-04:00,115.77999877929688,115.77999877929688,115.77999877929688,115.77999877929688,651,0.0,0.0,0.0
2024-08-20 09:54:00-04:00,115.79000091552734,115.79000091552734,115.79000091552734,115.79000091552734,441,0.0,0.0,0.0
2024-08-20 09:55:00-04:00,115.7699966430664,115.79000091552734,115.7699966430664,115.79000091552734,729,0.0,0.0,0.0
2024-08-20 09:56:00-04:00,115.80000305175781,115.83000183105469,115.80000305175781,115.82009887695312,941,0.0,0.0,0.0
2024-08-20 09:59:00-04:00,115.75,115.75,115.75,115.75,970,0.0,0.0,0.0
2024-08-20 10:00:00-04:00,115.7699966430664,115.79000091552734,115.7699966430664,115.79000091552734,476,0.0,0.0,0.0
2024-08-20 10:01:00-04:00,115.83999633789062,115.83999633789062,115.83999633789062,115.83999633789062,723,0.0,0.0,0.0
2024-08-20 10:02:00-04:00,115.83000183105469,115.83499908447266,115.80999755859375,115.83499908447266,983,0.0,0.0,0.0
2024-08-20 10:03:00-04:00,115.82969665527344,115.82969665527344,115.77999877929688,115.77999877929688,742,0.0,0.0,0.0
2024-08-20 10:04:00-04:00,115.76000213623047,115.76000213623047,115.7385025024414,115.7385025024414,1040,0.0,0.0,0.0
2024-08-20 10:05:00-04:00,115.76000213623047,115.77999877929688,115.75,115.76499938964844,1229,0.0,0.0,0.0
2024-08-20 10:06:00-04:00,115.7699966430664,115.77999877929688,115.7699966430664,115.77999877929688,604,0.0,0.0,0.0
2024-08-20 10:07:00-04:00,115.69999694824219,115.69999694824219,115.68000030517578,115.69999694824219,1426,0.0,0.0,0.0
2024-08-20 10:08:00-04:00,115.71499633789062,115.71499633789062,115.63999938964844,115.63999938964844,1634,0.0,0.0,0.0
2024-08-20 10:09:00-04:00,115.68000030517578,115.68000030517578,115.66999816894531,115.66999816894531,691,0.0,0.0,0.0
2024-08-20 10:10:00-04:00,115.69000244140625,115.69249725341797,115.69000244140625,115.69000244140625,1017,0.0,0.0,0.0
2024-08-20 10:11:00-04:00,115.69000244140625,115.69000244140625,115.68000030517578,115.68000030517578,544,0.0,0.0,0.0
2024-08-20 10:12:00-04:00,115.69999694824219,115.70999908447266,115.69999694824219,115.69999694824219,1294,0.0,0.0,0.0
2024-08-20 10:13:00-04:00,115.72000122070312,115.7300033569336,115.72000122070312,115.7300033569336,316,0.0,0.0,0.0
2024-08-20 10:14:00-04:00,115.70999908447266,115.72000122070312,115.68000030517578,115.68000030517578,967,0.0,0.0,0.0
2024-08-20 10:15:00-04:00,115.69000244140625,115.69999694824219,115.69000244140625,115.69000244140625,764,0.0,0.0,0.0
2024-08-20 10:16:00-04:00,115.66999816894531,115.69000244140625,115.66999816894531,115.69000244140625,622,0.0,0.0,0.0
2024-08-20 10:17:00-04:00,115.68000030517578,115.69999694824219,115.68000030517578,115.69999694824219,570,0.0,0.0,0.0
2024-08-20 10:20:00-04:00,115.5999984741211,115.5999984741211,115.5999984741211,115.5999984741211,275,0.0,0.0,0.0
2024-08-20 10:21:00-04:00,115.62000274658203,115.62000274658203,115.61000061035156,115.61000061035156,1425,0.0,0.0,0.0
2024-08-20 10:22:00-04:00,115.5199966430664,115.54000091552734,115.5,115.5199966430664,1839,0.0,0.0,0.0
2024-08-20 10:23:00-04:00,115.5199966430664,115.5199966430664,115.5199966430664,115.5199966430664,410,0.0,0.0,0.0
2024-08-20 10:24:00-04:00,115.52999877929688,115.52999877929688,115.52999877929688,115.52999877929688,707,0.0,0.0,0.0
2024-08-20 10:25:00-04:00,115.55000305175781,115.62000274658203,115.55000305175781,115.62000274658203,1073,0.0,0.0,0.0
2024-08-20 10:26:00-04:00,115.62999725341797,115.62999725341797,115.62999725341797,115.62999725341797,60390,0.0,0.0,0.0
2024-08-20 10:27:00-04:00,115.61000061035156,115.62999725341797,115.61000061035156,115.62999725341797,769,0.0,0.0,0.0
2024-08-20 10:28:00-04:00,115.62999725341797,115.66999816894531,115.62999725341797,115.66999816894531,595,0.0,0.0,0.0
2024-08-20 10:30:00-04:00,115.62999725341797,115.62999725341797,115.62999725341797,115.62999725341797,650,0.0,0.0,0.0
2024-08-20 10:31:00-04:00,115.62999725341797,115.62999725341797,115.62999725341797,115.62999725341797,1074,0.0,0.0,0.0
2024-08-20 10:32:00-04:00,115.6624984741211,115.6624984741211,115.6624984741211,115.6624984741211,650,0.0,0.0,0.0
2024-08-20 10:33:00-04:00,115.66999816894531,115.66999816894531,115.66999816894531,115.66999816894531,485,0.0,0.0,0.0
2024-08-20 10:36:00-04:00,115.62999725341797,115.62999725341797,115.62000274658203,115.62999725341797,1581,0.0,0.0,0.0
2024-08-20 10:37:00-04:00,115.6249008178711,115.6249008178711,115.6249008178711,115.6249008178711,545,0.0,0.0,0.0
2024-08-20 10:38:00-04:00,115.76000213623047,115.7699966430664,115.76000213623047,115.7699966430664,589,0.0,0.0,0.0
2024-08-20 10:40:00-04:00,115.75,115.75,115.72000122070312,115.72000122070312,1951,0.0,0.0,0.0
2024-08-20 10:41:00-04:00,115.69999694824219,115.69999694824219,115.69999694824219,115.69999694824219,1072,0.0,0.0,0.0
2024-08-20 10:42:00-04:00,115.76000213623047,115.76000213623047,115.70999908447266,115.76000213623047,598,0.0,0.0,0.0
2024-08-20 10:43:00-04:00,115.77999877929688,115.77999877929688,115.73999786376953,115.74629974365234,1721,0.0,0.0,0.0
2024-08-20 10:44:00-04:00,115.73999786376953,115.73999786376953,115.73999786376953,115.73999786376953,526,0.0,0.0,0.0
2024-08-20 10:45:00-04:00,115.72000122070312,115.72000122070312,115.72000122070312,115.72000122070312,171,0.0,0.0,0.0
2024-08-20 10:46:00-04:00,115.67500305175781,115.69499969482422,115.67500305175781,115.69499969482422,7307,0.0,0.0,0.0
2024-08-20 10:47:00-04:00,115.68000030517578,115.68000030517578,115.68000030517578,115.68000030517578,512,0.0,0.0,0.0
2024-08-20 10:48:00-04:00,115.66999816894531,115.66999816894531,115.6426010131836,115.66999816894531,3880,0.0,0.0,0.0
2024-08-20 10:49:00-04:00,115.66999816894531,115.66999816894531,115.66999816894531,115.66999816894531,220,0.0,0.0,0.0
2024-08-20 10:50:00-04:00,115.66000366210938,115.66999816894531,115.66000366210938,115.66000366210938,1083,0.0,0.0,0.0
2024-08-20 10:51:00-04:00,115.66999816894531,115.66999816894531,115.66999816894531,115.66999816894531,127,0.0,0.0,0.0
2024-08-20 10:52:00-04:00,115.62999725341797,115.62999725341797,115.62999725341797,115.62999725341797,86929,0.0,0.0,0.0
2024-08-20 10:54:00-04:00,115.61000061035156,115.62999725341797,115.61000061035156,115.625,1780,0.0,0.0,0.0
2024-08-20 10:55:00-04:00,115.62000274658203,115.62000274658203,115.62000274658203,115.62000274658203,335,0.0,0.0,0.0
2024-08-20 10:56:00-04:00,115.63999938964844,115.6500015258789,115.63999938964844,115.6500015258789,258,0.0,0.0,0.0
2024-08-20 10:57:00-04:00,115.62999725341797,115.62999725341797,115.62999725341797,115.62999725341797,529,0.0,0.0,0.0
2024-08-20 10:58:00-04:00,115.63999938964844,115.63999938964844,115.63999938964844,115.63999938964844,421,0.0,0.0,0.0
2024-08-20 10:59:00-04:00,115.6500015258789,115.6500015258789,115.6500015258789,115.6500015258789,290,0.0,0.0,0.0
2024-08-20 11:01:00-04:00,115.61000061035156,115.61000061035156,115.58000183105469,115.58000183105469,1083,0.0,0.0,0.0
2024-08-20 11:03:00-04:00,115.55999755859375,115.55999755859375,115.55999755859375,115.55999755859375,2255,0.0,0.0,0.0
2024-08-20 11:04:00-04:00,115.55999755859375,115.55999755859375,115.55999755859375,115.55999755859375,784,0.0,0.0,0.0
2024-08-20 11:05:00-04:00,115.55500030517578,115.56999969482422,115.55500030517578,115.56999969482422,470,0.0,0.0,0.0
2024-08-20 11:06:00-04:00,115.58999633789062,115.58999633789062,115.58999633789062,115.58999633789062,676,0.0,0.0,0.0
2024-08-20 11:08:00-04:00,115.5999984741211,115.5999984741211,115.5999984741211,115.5999984741211,604,0.0,0.0,0.0
2024-08-20 11:09:00-04:00,115.56999969482422,115.56999969482422,115.56999969482422,115.56999969482422,754,0.0,0.0,0.0
2024-08-20 11:11:00-04:00,115.55000305175781,115.55000305175781,115.54000091552734,115.54000091552734,1137,0.0,0.0,0.0
2024-08-20 11:12:00-04:00,115.53500366210938,115.54000091552734,115.53500366210938,115.54000091552734,527,0.0,0.0,0.0
2024-08-20 11:13:00-04:00,115.52999877929688,115.52999877929688,115.5,115.5,2000,0.0,0.0,0.0
2024-08-20 11:14:00-04:00,115.49500274658203,115.49500274658203,115.49500274658203,115.49500274658203,324,0.0,0.0,0.0
2024-08-20 11:16:00-04:00,115.44999694824219,115.44999694824219,115.44999694824219,115.44999694824219,1403,0.0,0.0,0.0
2024-08-20 11:18:00-04:00,115.41999816894531,115.49500274658203,115.41999816894531,115.49500274658203,1203,0.0,0.0,0.0
2024-08-20 11:19:00-04:00,115.47000122070312,115.4800033569336,115.47000122070312,115.4800033569336,801,0.0,0.0,0.0
2024-08-20 11:20:00-04:00,115.52999877929688,115.52999877929688,115.52999877929688,115.52999877929688,248,0.0,0.0,0.0
2024-08-20 11:21:00-04:00,115.55000305175781,115.55000305175781,115.5250015258789,115.54000091552734,983,0.0,0.0,0.0
2024-08-20 11:22:00-04:00,115.55000305175781,115.55419921875,115.55000305175781,115.55419921875,653,0.0,0.0,0.0
2024-08-20 11:23:00-04:00,115.5,115.5,115.5,115.5,482,0.0,0.0,0.0
2024-08-20 11:24:00-04:00,115.49259948730469,115.49259948730469,115.49259948730469,115.49259948730469,102,0.0,0.0,0.0
2024-08-20 11:25:00-04:00,115.5,115.5,115.5,115.5,818,0.0,0.0,0.0
2024-08-20 11:26:00-04:00,115.4800033569336,115.4800033569336,115.4800033569336,115.4800033569336,326,0.0,0.0,0.0
2024-08-20 11:27:00-04:00,115.44439697265625,115.47000122070312,115.44439697265625,115.47000122070312,426,0.0,0.0,0.0
2024-08-20 11:28:00-04:00,115.47000122070312,115.48999786376953,115.47000122070312,115.4800033569336,727,0.0,0.0,0.0
2024-08-20 11:29:00-04:00,115.46499633789062,115.47000122070312,115.46499633789062,115.47000122070312,583,0.0,0.0,0.0
2024-08-20 11:30:00-04:00,115.4800033569336,115.4800033569336,115.47000122070312,115.47000122070312,2603,0.0,0.0,0.0
2024-08-20 11:31:00-04:00,115.47000122070312,115.47000122070312,115.44999694824219,115.44999694824219,1002,0.0,0.0,0.0
2024-08-20 11:33:00-04:00,115.43569946289062,115.43569946289062,115.4000015258789,115.4000015258789,1078,0.0,0.0,0.0
2024-08-20 11:34:00-04:00,115.38999938964844,115.41999816894531,115.38999938964844,115.41999816894531,2160,0.0,0.0,0.0
2024-08-20 11:35:00-04:00,115.37000274658203,115.375,115.37000274658203,115.375,2938,0.0,0.0,0.0
2024-08-20 11:36:00-04:00,115.37999725341797,115.39990234375,115.37999725341797,115.39990234375,457,0.0,0.0,0.0
2024-08-20 11:37:00-04:00,115.37000274658203,115.4000015258789,115.37000274658203,115.4000015258789,829,0.0,0.0,0.0
2024-08-20 11:38:00-04:00,115.3949966430664,115.41000366210938,115.3949966430664,115.41000366210938,540,0.0,0.0,0.0
2024-08-20 11:41:00-04:00,115.37999725341797,115.37999725341797,115.37999725341797,115.37999725341797,864,0.0,0.0,0.0
2024-08-20 11:43:00-04:00,115.37000274658203,115.37999725341797,115.36000061035156,115.37999725341797,723,0.0,0.0,0.0
2024-08-20 11:44:00-04:00,115.36000061035156,115.36000061035156,115.3550033569336,115.36000061035156,1238,0.0,0.0,0.0
2024-08-20 11:45:00-04:00,115.36000061035156,115.36000061035156,115.36000061035156,115.36000061035156,299,0.0,0.0,0.0
2024-08-20 11:46:00-04:00,115.33999633789062,115.33999633789062,115.33999633789062,115.33999633789062,185,0.0,0.0,0.0
2024-08-20 11:48:00-04:00,115.3499984741211,115.3499984741211,115.3499984741211,115.3499984741211,1165,0.0,0.0,0.0
2024-08-20 11:49:00-04:00,115.36000061035156,115.36000061035156,115.3499984741211,115.3499984741211,3497,0.0,0.0,0.0
2024-08-20 11:50:00-04:00,115.36000061035156,115.37000274658203,115.36000061035156,115.3676986694336,895,0.0,0.0,0.0
2024-08-20 11:51:00-04:00,115.3499984741211,115.3499984741211,115.3499984741211,115.3499984741211,852,0.0,0.0,0.0
2024-08-20 11:52:00-04:00,115.36000061035156,115.40290069580078,115.36000061035156,115.3949966430664,1210,0.0,0.0,0.0
2024-08-20 11:53:00-04:00,115.4000015258789,115.41000366210938,115.4000015258789,115.41000366210938,1002,0.0,0.0,0.0
2024-08-20 11:54:00-04:00,115.44999694824219,115.44999694824219,115.44999694824219,115.44999694824219,463,0.0,0.0,0.0
2024-08-20 11:55:00-04:00,115.44999694824219,115.47000122070312,115.44999694824219,115.47000122070312,866,0.0,0.0,0.0
2024-08-20 11:56:00-04:00,115.5,115.5,115.5,115.5,215,0.0,0.0,0.0
2024-08-20 11:57:00-04:00,115.51000213623047,115.51000213623047,115.51000213623047,115.51000213623047,262,0.0,0.0,0.0
2024-08-20 11:58:00-04:00,115.51930236816406,115.52999877929688,115.51930236816406,115.52999877929688,1687,0.0,0.0,0.0
2024-08-20 11:59:00-04:00,115.5199966430664,115.5199966430664,115.5199966430664,115.5199966430664,803,0.0,0.0,0.0
2024-08-20 12:00:00-04:00,115.52999877929688,115.52999877929688,115.52999877929688,115.52999877929688,573,0.0,0.0,0.0
2024-08-20 12:01:00-04:00,115.54000091552734,115.55419921875,115.54000091552734,115.55000305175781,1017,0.0,0.0,0.0
2024-08-20 12:02:00-04:00,115.5510025024414,115.5510025024414,115.55000305175781,115.55000305175781,19411,0.0,0.0,0.0
2024-08-20 12:03:00-04:00,115.52999877929688,115.54000091552734,115.5199966430664,115.54000091552734,1445,0.0,0.0,0.0
2024-08-20 12:04:00-04:00,115.55580139160156,115.55580139160156,115.55580139160156,115.55580139160156,107,0.0,0.0,0.0
2024-08-20 12:05:00-04:00,115.56999969482422,115.56999969482422,115.56999969482422,115.56999969482422,242,0.0,0.0,0.0
2024-08-20 12:06:00-04:00,115.55780029296875,115.55780029296875,115.55780029296875,115.55780029296875,213,0.0,0.0,0.0
2024-08-20 12:07:00-04:00,115.54000091552734,115.54000091552734,115.5344009399414,115.5344009399414,1236,0.0,0.0,0.0
2024-08-20 12:08:00-04:00,115.5199966430664,115.52999877929688,115.5199966430664,115.52999877929688,1344,0.0,0.0,0.0
2024-08-20 12:09:00-04:00,115.55000305175781,115.56999969482422,115.55000305175781,115.56999969482422,761,0.0,0.0,0.0
2024-08-20 12:10:00-04:00,115.55000305175781,115.55000305175781,115.55000305175781,115.55000305175781,277,0.0,0.0,0.0
2024-08-20 12:11:00-04:00,115.56999969482422,115.56999969482422,115.56999969482422,115.56999969482422,727,0.0,0.0,0.0
2024-08-20 12:13:00-04:00,115.5697021484375,115.58000183105469,115.5697021484375,115.57379913330078,828,0.0,0.0,0.0
2024-08-20 12:15:00-04:00,115.58999633789062,115.58999633789062,115.55000305175781,115.55000305175781,882,0.0,0.0,0.0
2024-08-20 12:17:00-04:00,115.52999877929688,115.52999877929688,115.51000213623047,115.51000213623047,627,0.0,0.0,0.0
2024-08-20 12:18:00-04:00,115.4800033569336,115.4800033569336,115.4800033569336,115.4800033569336,346,0.0,0.0,0.0
2024-08-20 12:19:00-04:00,115.47010040283203,115.49250030517578,115.47010040283203,115.47010040283203,705,0.0,0.0,0.0
2024-08-20 12:20:00-04:00,115.4800033569336,115.4800033569336,115.47000122070312,115.47000122070312,1221,0.0,0.0,0.0
2024-08-20 12:21:00-04:00,115.51000213623047,115.51000213623047,115.51000213623047,115.51000213623047,281,0.0,0.0,0.0
2024-08-20 12:22:00-04:00,115.5199966430664,115.5199966430664,115.5199966430664,115.5199966430664,412,0.0,0.0,0.0
2024-08-20 12:23:00-04:00,115.5199966430664,115.52619934082031,115.51000213623047,115.52619934082031,1557,0.0,0.0,0.0
2024-08-20 12:25:00-04:00,115.5199966430664,115.5199966430664,115.5199966430664,115.5199966430664,467,0.0,0.0,0.0
2024-08-20 12:26:00-04:00,115.55000305175781,115.57640075683594,115.55000305175781,115.57640075683594,849,0.0,0.0,0.0
2024-08-20 12:27:00-04:00,115.58999633789062,115.5999984741211,115.58999633789062,115.59500122070312,459,0.0,0.0,0.0
2024-08-20 12:29:00-04:00,115.58999633789062,115.58999633789062,115.58270263671875,115.58270263671875,631,0.0,0.0,0.0
2024-08-20 12:30:00-04:00,115.55000305175781,115.55999755859375,115.55000305175781,115.55999755859375,924,0.0,0.0,0.0
2024-08-20 12:31:00-04:00,115.55000305175781,115.55970001220703,115.55000305175781,115.55970001220703,330,0.0,0.0,0.0
2024-08-20 12:32:00-04:00,115.53130340576172,115.53130340576172,115.52999877929688,115.52999877929688,576,0.0,0.0,0.0
2024-08-20 12:33:00-04:00,115.52999877929688,115.52999877929688,115.52999877929688,115.52999877929688,267,0.0,0.0,0.0
2024-08-20 12:34:00-04:00,115.54000091552734,115.55999755859375,115.54000091552734,115.55999755859375,1369,0.0,0.0,0.0
2024-08-20 12:35:00-04:00,115.55999755859375,115.55999755859375,115.55999755859375,115.55999755859375,322,0.0,0.0,0.0
2024-08-20 12:36:00-04:00,115.56999969482422,115.56999969482422,115.56999969482422,115.56999969482422,304,0.0,0.0,0.0
2024-08-20 12:37:00-04:00,115.56999969482422,115.5999984741211,115.56999969482422,115.5999984741211,1387,0.0,0.0,0.0
2024-08-20 12:38:00-04:00,115.5999984741211,115.5999984741211,115.5999984741211,115.5999984741211,242,0.0,0.0,0.0
2024-08-20 12:39:00-04:00,115.62000274658203,115.62000274658203,115.62000274658203,115.62000274658203,386,0.0,0.0,0.0
2024-08-20 12:41:00-04:00,115.62000274658203,115.62000274658203,115.62000274658203,115.62000274658203,103,0.0,0.0,0.0
2024-08-20 12:42:00-04:00,115.5999984741211,115.5999984741211,115.58000183105469,115.5999984741211,1615,0.0,0.0,0.0
2024-08-20 12:43:00-04:00,115.5999984741211,115.5999984741211,115.58000183105469,115.58000183105469,442,0.0,0.0,0.0
2024-08-20 12:44:00-04:00,115.5999984741211,115.5999984741211,115.58000183105469,115.58000183105469,249,0.0,0.0,0.0
2024-08-20 12:45:00-04:00,115.55999755859375,115.55999755859375,115.55999755859375,115.55999755859375,102,0.0,0.0,0.0
2024-08-20 12:46:00-04:00,115.55999755859375,115.55999755859375,115.54000091552734,115.54000091552734,592,0.0,0.0,0.0
2024-08-20 12:47:00-04:00,115.52999877929688,115.58000183105469,115.52999877929688,115.58000183105469,1959,0.0,0.0,0.0
2024-08-20 12:49:00-04:00,115.58999633789062,115.5989990234375,115.58999633789062,115.58999633789062,811,0.0,0.0,0.0
2024-08-20 12:51:00-04:00,115.58000183105469,115.6050033569336,115.58000183105469,115.6050033569336,1041,0.0,0.0,0.0
2024-08-20 12:52:00-04:00,115.58000183105469,115.58000183105469,115.58000183105469,115.58000183105469,595,0.0,0.0,0.0
2024-08-20 12:53:00-04:00,115.56999969482422,115.56999969482422,115.56999969482422,115.56999969482422,103,0.0,0.0,0.0
2024-08-20 12:54:00-04:00,115.58000183105469,115.58000183105469,115.58000183105469,115.58000183105469,1056,0.0,0.0,0.0
2024-08-20 12:55:00-04:00,115.58000183105469,115.58000183105469,115.58000183105469,115.58000183105469,265,0.0,0.0,0.0
2024-08-20 12:57:00-04:00,115.58000183105469,115.61000061035156,115.58000183105469,115.61000061035156,6358,0.0,0.0,0.0
2024-08-20 12:59:00-04:00,115.56999969482422,115.58000183105469,115.56999969482422,115.56999969482422,498,0.0,0.0,0.0
2024-08-20 13:00:00-04:00,115.55000305175781,115.55000305175781,115.4800033569336,115.4800033569336,3363,0.0,0.0,0.0
2024-08-20 13:01:00-04:00,115.51000213623047,115.51000213623047,115.51000213623047,115.51000213623047,386,0.0,0.0,0.0
2024-08-20 13:03:00-04:00,115.47000122070312,115.47000122070312,115.47000122070312,115.47000122070312,830,0.0,0.0,0.0
2024-08-20 13:05:00-04:00,115.45999908447266,115.46499633789062,115.43000030517578,115.43000030517578,2589,0.0,0.0,0.0
2024-08-20 13:06:00-04:00,115.43000030517578,115.45999908447266,115.43000030517578,115.45999908447266,1318,0.0,0.0,0.0
2024-08-20 13:07:00-04:00,115.47000122070312,115.4800033569336,115.47000122070312,115.4800033569336,1914,0.0,0.0,0.0
2024-08-20 13:08:00-04:00,115.48999786376953,115.50990295410156,115.48999786376953,115.50990295410156,879,0.0,0.0,0.0
2024-08-20 13:09:00-04:00,115.51000213623047,115.51000213623047,115.51000213623047,115.51000213623047,823,0.0,0.0,0.0
2024-08-20 13:10:00-04:00,115.5199966430664,115.52999877929688,115.5199966430664,115.52999877929688,458,0.0,0.0,0.0
2024-08-20 13:13:00-04:00,115.5199966430664,115.5199966430664,115.5199966430664,115.5199966430664,616,0.0,0.0,0.0
2024-08-20 13:14:00-04:00,115.51000213623047,115.51000213623047,115.51000213623047,115.51000213623047,100,0.0,0.0,0.0
2024-08-20 13:15:00-04:00,115.5,115.51000213623047,115.5,115.51000213623047,2408,0.0,0.0,0.0
2024-08-20 13:17:00-04:00,115.52999877929688,115.52999877929688,115.52999877929688,115.52999877929688,394,0.0,0.0,0.0
2024-08-20 13:18:00-04:00,115.55000305175781,115.55000305175781,115.55000305175781,115.55000305175781,950,0.0,0.0,0.0
2024-08-20 13:20:00-04:00,115.54000091552734,115.54000091552734,115.54000091552734,115.54000091552734,762,0.0,0.0,0.0
2024-08-20 13:21:00-04:00,115.54000091552734,115.54000091552734,115.53060150146484,115.54000091552734,1937,0.0,0.0,0.0
2024-08-20 13:22:00-04:00,115.54000091552734,115.55000305175781,115.54000091552734,115.55000305175781,1114,0.0,0.0,0.0
2024-08-20 13:23:00-04:00,115.52999877929688,115.54000091552734,115.52999877929688,115.52999877929688,605,0.0,0.0,0.0
2024-08-20 13:24:00-04:00,115.52999877929688,115.54000091552734,115.52999877929688,115.54000091552734,1141,0.0,0.0,0.0
2024-08-20 13:27:00-04:00,115.5250015258789,115.5250015258789,115.5250015258789,115.5250015258789,100,0.0,0.0,0.0
2024-08-20 13:28:00-04:00,115.5199966430664,115.5199966430664,115.51000213623047,115.51000213623047,794,0.0,0.0,0.0
2024-08-20 13:29:00-04:00,115.5,115.51000213623047,115.5,115.51000213623047,1863,0.0,0.0,0.0
2024-08-20 13:30:00-04:00,115.5199966430664,115.52330017089844,115.5199966430664,115.52330017089844,938,0.0,0.0,0.0
2024-08-20 13:31:00-04:00,115.5199966430664,115.5199966430664,115.51000213623047,115.5199966430664,1205,0.0,0.0,0.0
2024-08-20 13:32:00-04:00,115.5199966430664,115.5199966430664,115.51000213623047,115.51000213623047,321,0.0,0.0,0.0
2024-08-20 13:34:00-04:00,115.47000122070312,115.47000122070312,115.47000122070312,115.47000122070312,374,0.0,0.0,0.0
2024-08-20 13:35:00-04:00,115.47000122070312,115.47000122070312,115.45999908447266,115.47000122070312,2831,0.0,0.0,0.0
2024-08-20 13:36:00-04:00,115.45999908447266,115.45999908447266,115.44999694824219,115.44999694824219,1830,0.0,0.0,0.0
2024-08-20 13:37:00-04:00,115.43000030517578,115.43000030517578,115.43000030517578,115.43000030517578,744,0.0,0.0,0.0
2024-08-20 13:38:00-04:00,115.44999694824219,115.45999908447266,115.44999694824219,115.45999908447266,485,0.0,0.0,0.0
2024-08-20 13:39:00-04:00,115.45999908447266,115.45999908447266,115.44999694824219,115.44999694824219,619,0.0,0.0,0.0
2024-08-20 13:40:00-04:00,115.44999694824219,115.45999908447266,115.44999694824219,115.45999908447266,635,0.0,0.0,0.0
2024-08-20 13:41:00-04:00,115.45999908447266,115.45999908447266,115.44999694824219,115.44999694824219,560,0.0,0.0,0.0
2024-08-20 13:42:00-04:00,115.43499755859375,115.43499755859375,115.43499755859375,115.43499755859375,273,0.0,0.0,0.0
2024-08-20 13:43:00-04:00,115.41000366210938,115.41999816894531,115.41000366210938,115.41999816894531,981,0.0,0.0,0.0
2024-08-20 13:44:00-04:00,115.41999816894531,115.43000030517578,115.41999816894531,115.43000030517578,1142,0.0,0.0,0.0
2024-08-20 13:46:00-04:00,115.44000244140625,115.44000244140625,115.44000244140625,115.44000244140625,1039,0.0,0.0,0.0
2024-08-20 13:47:00-04:00,115.44999694824219,115.44999694824219,115.44999694824219,115.44999694824219,1200,0.0,0.0,0.0
2024-08-20 13:48:00-04:00,115.44100189208984,115.44999694824219,115.44100189208984,115.44999694824219,851,0.0,0.0,0.0
2024-08-20 13:49:00-04:00,115.44999694824219,115.44999694824219,115.44000244140625,115.44000244140625,1835,0.0,0.0,0.0
2024-08-20 13:50:00-04:00,115.41999816894531,115.43000030517578,115.41999816894531,115.43000030517578,1967,0.0,0.0,0.0
2024-08-20 13:51:00-04:00,115.43000030517578,115.43000030517578,115.43000030517578,115.43000030517578,188,0.0,0.0,0.0
2024-08-20 13:52:00-04:00,115.43000030517578,115.43000030517578,115.43000030517578,115.43000030517578,560,0.0,0.0,0.0
2024-08-20 13:53:00-04:00,115.44000244140625,115.44000244140625,115.44000244140625,115.44000244140625,149,0.0,0.0,0.0
2024-08-20 13:54:00-04:00,115.43499755859375,115.44000244140625,115.43499755859375,115.44000244140625,1491,0.0,0.0,0.0
2024-08-20 13:55:00-04:00,115.44999694824219,115.44999694824219,115.43000030517578,115.44499969482422,2542,0.0,0.0,0.0
2024-08-20 13:56:00-04:00,115.44000244140625,115.44000244140625,115.43000030517578,115.43000030517578,995,0.0,0.0,0.0
2024-08-20 13:57:00-04:00,115.41000366210938,115.43000030517578,115.41000366210938,115.43000030517578,941,0.0,0.0,0.0
2024-08-20 13:58:00-04:00,115.44000244140625,115.44000244140625,115.43000030517578,115.43000030517578,740,0.0,0.0,0.0
2024-08-20 13:59:00-04:00,115.42050170898438,115.43000030517578,115.42050170898438,115.43000030517578,1266,0.0,0.0,0.0
2024-08-20 14:00:00-04:00,115.44000244140625,115.44000244140625,115.44000244140625,115.44000244140625,280,0.0,0.0,0.0
2024-08-20 14:01:00-04:00,115.41999816894531,115.41999816894531,115.41999816894531,115.41999816894531,126,0.0,0.0,0.0
2024-08-20 14:02:00-04:00,115.44000244140625,115.44999694824219,115.44000244140625,115.44999694824219,941,0.0,0.0,0.0
2024-08-20 14:03:00-04:00,115.44999694824219,115.45999908447266,115.44999694824219,115.44999694824219,1300,0.0,0.0,0.0
2024-08-20 14:04:00-04:00,115.44999694824219,115.45999908447266,115.44999694824219,115.45999908447266,1950,0.0,0.0,0.0
2024-08-20 14:05:00-04:00,115.46260070800781,115.46260070800781,115.44999694824219,115.44999694824219,979,0.0,0.0,0.0
2024-08-20 14:06:00-04:00,115.45999908447266,115.47000122070312,115.45999908447266,115.47000122070312,563,0.0,0.0,0.0
2024-08-20 14:07:00-04:00,115.46499633789062,115.4800033569336,115.46499633789062,115.4800033569336,1158,0.0,0.0,0.0
2024-08-20 14:08:00-04:00,115.4906997680664,115.4906997680664,115.48999786376953,115.48999786376953,494,0.0,0.0,0.0
2024-08-20 14:09:00-04:00,115.48999786376953,115.5199966430664,115.48999786376953,115.5199966430664,1530,0.0,0.0,0.0
2024-08-20 14:10:00-04:00,115.5199966430664,115.5199966430664,115.5199966430664,115.5199966430664,637,0.0,0.0,0.0
2024-08-20 14:12:00-04:00,115.52249908447266,115.52999877929688,115.52249908447266,115.52999877929688,498,0.0,0.0,0.0
2024-08-20 14:13:00-04:00,115.51000213623047,115.53500366210938,115.51000213623047,115.53500366210938,2265,0.0,0.0,0.0
2024-08-20 14:14:00-04:00,115.5199966430664,115.52159881591797,115.5199966430664,115.52159881591797,511,0.0,0.0,0.0
2024-08-20 14:15:00-04:00,115.52999877929688,115.56990051269531,115.52999877929688,115.56990051269531,2271,0.0,0.0,0.0
2024-08-20 14:16:00-04:00,115.56999969482422,115.56999969482422,115.55000305175781,115.55000305175781,658,0.0,0.0,0.0
2024-08-20 14:17:00-04:00,115.55500030517578,115.55500030517578,115.55500030517578,115.55500030517578,299,0.0,0.0,0.0
2024-08-20 14:18:00-04:00,115.55999755859375,115.58000183105469,115.55999755859375,115.58000183105469,1996,0.0,0.0,0.0
2024-08-20 14:20:00-04:00,115.55999755859375,115.55999755859375,115.55999755859375,115.55999755859375,128,0.0,0.0,0.0
2024-08-20 14:21:00-04:00,115.56999969482422,115.56999969482422,115.56999969482422,115.56999969482422,1181,0.0,0.0,0.0
2024-08-20 14:22:00-04:00,115.58999633789062,115.61000061035156,115.58999633789062,115.61000061035156,636,0.0,0.0,0.0
2024-08-20 14:23:00-04:00,115.61000061035156,115.61000061035156,115.61000061035156,115.61000061035156,202,0.0,0.0,0.0
2024-08-20 14:24:00-04:00,115.5999984741211,115.5999984741211,115.5999984741211,115.5999984741211,423,0.0,0.0,0.0
2024-08-20 14:25:00-04:00,115.56999969482422,115.58000183105469,115.56999969482422,115.58000183105469,2498,0.0,0.0,0.0
2024-08-20 14:26:00-04:00,115.58000183105469,115.58999633789062,115.56999969482422,115.56999969482422,1853,0.0,0.0,0.0
2024-08-20 14:27:00-04:00,115.58999633789062,115.58999633789062,115.58999633789062,115.58999633789062,887,0.0,0.0,0.0
2024-08-20 14:28:00-04:00,115.5999984741211,115.5999984741211,115.5999984741211,115.5999984741211,381,0.0,0.0,0.0
2024-08-20 14:29:00-04:00,115.58999633789062,115.58999633789062,115.58000183105469,115.58000183105469,3025,0.0,0.0,0.0
2024-08-20 14:30:00-04:00,115.58000183105469,115.58000183105469,115.55000305175781,115.55000305175781,1740,0.0,0.0,0.0
2024-08-20 14:31:00-04:00,115.58000183105469,115.58000183105469,115.58000183105469,115.58000183105469,413,0.0,0.0,0.0
2024-08-20 14:32:00-04:00,115.58999633789062,115.58999633789062,115.58999633789062,115.58999633789062,1097,0.0,0.0,0.0
2024-08-20 14:34:00-04:00,115.55000305175781,115.55000305175781,115.55000305175781,115.55000305175781,290,0.0,0.0,0.0
2024-08-20 14:35:00-04:00,115.52999877929688,115.54049682617188,115.52999877929688,115.54049682617188,1629,0.0,0.0,0.0
2024-08-20 14:36:00-04:00,115.55000305175781,115.55000305175781,115.55000305175781,115.55000305175781,274,0.0,0.0,0.0
2024-08-20 14:37:00-04:00,115.56500244140625,115.56549835205078,115.55870056152344,115.56549835205078,1872,0.0,0.0,0.0
2024-08-20 14:38:00-04:00,115.55999755859375,115.55999755859375,115.55999755859375,115.55999755859375,119,0.0,0.0,0.0
2024-08-20 14:39:00-04:00,115.55010223388672,115.55010223388672,115.55010223388672,115.55010223388672,114,0.0,0.0,0.0
2024-08-20 14:40:00-04:00,115.55999755859375,115.56999969482422,115.55999755859375,115.56500244140625,1894,0.0,0.0,0.0
2024-08-20 14:41:00-04:00,115.55000305175781,115.55000305175781,115.55000305175781,115.55000305175781,992,0.0,0.0,0.0
2024-08-20 14:42:00-04:00,115.55000305175781,115.55000305175781,115.54000091552734,115.54000091552734,696,0.0,0.0,0.0
2024-08-20 14:43:00-04:00,115.5,115.51000213623047,115.48999786376953,115.48999786376953,2244,0.0,0.0,0.0
2024-08-20 14:44:00-04:00,115.5,115.5,115.48999786376953,115.48999786376953,1133,0.0,0.0,0.0
2024-08-20 14:45:00-04:00,115.47000122070312,115.48760223388672,115.47000122070312,115.47000122070312,831,0.0,0.0,0.0
2024-08-20 14:46:00-04:00,115.47209930419922,115.4800033569336,115.45999908447266,115.4800033569336,1616,0.0,0.0,0.0
2024-08-20 14:47:00-04:00,115.48999786376953,115.52999877929688,115.48999786376953,115.52999877929688,965,0.0,0.0,0.0
2024-08-20 14:49:00-04:00,115.52999877929688,115.55000305175781,115.52999877929688,115.55000305175781,1188,0.0,0.0,0.0
2024-08-20 14:51:00-04:00,115.55000305175781,115.55000305175781,115.54499816894531,115.54499816894531,627,0.0,0.0,0.0
2024-08-20 14:52:00-04:00,115.55000305175781,115.552001953125,115.54000091552734,115.54170227050781,1032,0.0,0.0,0.0
2024-08-20 14:53:00-04:00,115.51000213623047,115.5199966430664,115.51000213623047,115.51499938964844,1253,0.0,0.0,0.0
2024-08-20 14:54:00-04:00,115.5199966430664,115.5199966430664,115.5199966430664,115.5199966430664,1000,0.0,0.0,0.0
2024-08-20 14:55:00-04:00,115.5199966430664,115.5199966430664,115.5199966430664,115.5199966430664,353,0.0,0.0,0.0
2024-08-20 14:56:00-04:00,115.5199966430664,115.5199966430664,115.51000213623047,115.51499938964844,965,0.0,0.0,0.0
2024-08-20 14:57:00-04:00,115.51000213623047,115.51000213623047,115.48999786376953,115.48999786376953,1411,0.0,0.0,0.0
2024-08-20 14:58:00-04:00,115.4800033569336,115.4800033569336,115.4800033569336,115.4800033569336,181,0.0,0.0,0.0
2024-08-20 14:59:00-04:00,115.47000122070312,115.4800033569336,115.47000122070312,115.4800033569336,768,0.0,0.0,0.0
2024-08-20 15:00:00-04:00,115.4800033569336,115.4800033569336,115.44999694824219,115.46790313720703,1350,0.0,0.0,0.0
2024-08-20 15:01:00-04:00,115.47000122070312,115.47000122070312,115.45999908447266,115.45999908447266,1262,0.0,0.0,0.0
2024-08-20 15:02:00-04:00,115.47000122070312,115.47000122070312,115.47000122070312,115.47000122070312,678,0.0,0.0,0.0
2024-08-20 15:04:00-04:00,115.45999908447266,115.4800033569336,115.45999908447266,115.47000122070312,2891,0.0,0.0,0.0
2024-08-20 15:05:00-04:00,115.47000122070312,115.48999786376953,115.47000122070312,115.48999786376953,1541,0.0,0.0,0.0
2024-08-20 15:06:00-04:00,115.5,115.5,115.49099731445312,115.5,491,0.0,0.0,0.0
2024-08-20 15:07:00-04:00,115.51000213623047,115.52999877929688,115.51000213623047,115.5199966430664,404,0.0,0.0,0.0
2024-08-20 15:08:00-04:00,115.54000091552734,115.54000091552734,115.52149963378906,115.52149963378906,1033,0.0,0.0,0.0
2024-08-20 15:09:00-04:00,115.52999877929688,115.52999877929688,115.52999877929688,115.52999877929688,101,0.0,0.0,0.0
2024-08-20 15:10:00-04:00,115.5199966430664,115.52999877929688,115.51000213623047,115.5199966430664,1821,0.0,0.0,0.0
2024-08-20 15:12:00-04:00,115.54000091552734,115.54000091552734,115.54000091552734,115.54000091552734,403,0.0,0.0,0.0
2024-08-20 15:13:00-04:00,115.52999877929688,115.52999877929688,115.52999877929688,115.52999877929688,224,0.0,0.0,0.0
2024-08-20 15:14:00-04:00,115.51000213623047,115.51000213623047,115.4800033569336,115.4800033569336,1652,0.0,0.0,0.0
2024-08-20 15:15:00-04:00,115.5,115.5,115.48999786376953,115.48999786376953,524,0.0,0.0,0.0
2024-08-20 15:16:00-04:00,115.48999786376953,115.48999786376953,115.47000122070312,115.47000122070312,1097,0.0,0.0,0.0
2024-08-20 15:17:00-04:00,115.46499633789062,115.46499633789062,115.45999908447266,115.45999908447266,809,0.0,0.0,0.0
2024-08-20 15:18:00-04:00,115.45999908447266,115.47000122070312,115.45999908447266,115.47000122070312,1136,0.0,0.0,0.0
2024-08-20 15:19:00-04:00,115.5,115.51000213623047,115.5,115.51000213623047,505,0.0,0.0,0.0
2024-08-20 15:20:00-04:00,115.5,115.51589965820312,115.5,115.5,1411,0.0,0.0,0.0
2024-08-20 15:22:00-04:00,115.51000213623047,115.51000213623047,115.4800033569336,115.51000213623047,1718,0.0,0.0,0.0
2024-08-20 15:23:00-04:00,115.52999877929688,115.52999877929688,115.52999877929688,115.52999877929688,396,0.0,0.0,0.0
2024-08-20 15:24:00-04:00,115.52999877929688,115.52999877929688,115.52999877929688,115.52999877929688,225,0.0,0.0,0.0
2024-08-20 15:25:00-04:00,115.5199966430664,115.5250015258789,115.5199966430664,115.5199966430664,967,0.0,0.0,0.0
2024-08-20 15:27:00-04:00,115.5,115.51000213623047,115.5,115.51000213623047,732,0.0,0.0,0.0
2024-08-20 15:28:00-04:00,115.5199966430664,115.5199966430664,115.51000213623047,115.51000213623047,1490,0.0,0.0,0.0
2024-08-20 15:29:00-04:00,115.51000213623047,115.5199966430664,115.51000213623047,115.5199966430664,921,0.0,0.0,0.0
2024-08-20 15:30:00-04:00,115.51000213623047,115.5199966430664,115.51000213623047,115.5199966430664,561,0.0,0.0,0.0
2024-08-20 15:31:00-04:00,115.54000091552734,115.54000091552734,115.52999877929688,115.52999877929688,339,0.0,0.0,0.0
2024-08-20 15:32:00-04:00,115.5199966430664,115.54000091552734,115.5199966430664,115.54000091552734,1743,0.0,0.0,0.0
2024-08-20 15:33:00-04:00,115.54000091552734,115.54000091552734,115.54000091552734,115.54000091552734,100,0.0,0.0,0.0
2024-08-20 15:34:00-04:00,115.54000091552734,115.56999969482422,115.54000091552734,115.56999969482422,1515,0.0,0.0,0.0
2024-08-20 15:35:00-04:00,115.55999755859375,115.55999755859375,115.55999755859375,115.55999755859375,245,0.0,0.0,0.0
2024-08-20 15:37:00-04:00,115.54000091552734,115.54499816894531,115.5199966430664,115.5199966430664,3538,0.0,0.0,0.0
2024-08-20 15:39:00-04:00,115.51000213623047,115.51000213623047,115.48999786376953,115.5,3190,0.0,0.0,0.0
2024-08-20 15:40:00-04:00,115.48999786376953,115.50499725341797,115.48999786376953,115.50499725341797,1650,0.0,0.0,0.0
2024-08-20 15:41:00-04:00,115.48370361328125,115.48999786376953,115.4800033569336,115.4800033569336,1119,0.0,0.0,0.0
2024-08-20 15:42:00-04:00,115.4800033569336,115.4800033569336,115.47000122070312,115.47000122070312,672,0.0,0.0,0.0
2024-08-20 15:43:00-04:00,115.44000244140625,115.44999694824219,115.44000244140625,115.44999694824219,1539,0.0,0.0,0.0
2024-08-20 15:44:00-04:00,115.44000244140625,115.44000244140625,115.44000244140625,115.44000244140625,511,0.0,0.0,0.0
2024-08-20 15:45:00-04:00,115.43000030517578,115.43000030517578,115.41000366210938,115.41000366210938,1174,0.0,0.0,0.0
2024-08-20 15:46:00-04:00,115.4000015258789,115.4000015258789,115.38999938964844,115.38999938964844,963,0.0,0.0,0.0
2024-08-20 15:47:00-04:00,115.38999938964844,115.41999816894531,115.38999938964844,115.41999816894531,1360,0.0,0.0,0.0
2024-08-20 15:48:00-04:00,115.44000244140625,115.44989776611328,115.44000244140625,115.44989776611328,640,0.0,0.0,0.0
2024-08-20 15:49:00-04:00,115.44999694824219,115.45999908447266,115.43000030517578,115.45999908447266,739,0.0,0.0,0.0
2024-08-20 15:50:00-04:00,115.4800033569336,115.4800033569336,115.41000366210938,115.41000366210938,6409,0.0,0.0,0.0
2024-08-20 15:51:00-04:00,115.41999816894531,115.43000030517578,115.41999816894531,115.43000030517578,1155,0.0,0.0,0.0
2024-08-20 15:52:00-04:00,115.41000366210938,115.44999694824219,115.41000366210938,115.44999694824219,928,0.0,0.0,0.0
2024-08-20 15:53:00-04:00,115.4303970336914,115.4303970336914,115.40570068359375,115.40570068359375,659,0.0,0.0,0.0
2024-08-20 15:54:00-04:00,115.41000366210938,115.41000366210938,115.41000366210938,115.41000366210938,625,0.0,0.0,0.0
2024-08-20 15:55:00-04:00,115.38999938964844,115.41000366210938,115.38999938964844,115.4000015258789,2550,0.0,0.0,0.0
2024-08-20 15:56:00-04:00,115.41000366210938,115.43000030517578,115.41000366210938,115.41000366210938,857,0.0,0.0,0.0
2024-08-20 15:57:00-04:00,115.4000015258789,115.41000366210938,115.4000015258789,115.40049743652344,833,0.0,0.0,0.0
2024-08-20 15:58:00-04:00,115.41000366210938,115.41999816894531,115.40499877929688,115.41999816894531,1401,0.0,0.0,0.0
2024-08-20 15:59:00-04:00,115.38999938964844,115.4000015258789,115.37000274658203,115.4000015258789,2775,0.0,0.0,0.0
2024-08-21 09:30:00-04:00,115.83000183105469,116.0,115.7416000366211,115.97000122070312,6835,0.0,0.0,0.0
2024-08-21 09:31:00-04:00,115.91000366210938,115.91000366210938,115.91000366210938,115.91000366210938,200,0.0,0.0,0.0
2024-08-21 09:32:00-04:00,115.87000274658203,115.87000274658203,115.87000274658203,115.87000274658203,125,0.0,0.0,0.0
2024-08-21 09:33:00-04:00,115.8499984741211,115.87999725341797,115.83999633789062,115.87999725341797,1343,0.0,0.0,0.0
2024-08-21 09:35:00-04:00,115.90499877929688,115.90499877929688,115.90499877929688,115.90499877929688,151,0.0,0.0,0.0
2024-08-21 09:37:00-04:00,115.87000274658203,115.87000274658203,115.87000274658203,115.87000274658203,751,0.0,0.0,0.0
2024-08-21 09:38:00-04:00,115.8499984741211,115.8499984741211,115.83000183105469,115.83000183105469,627,0.0,0.0,0.0
2024-08-21 09:39:00-04:00,115.87999725341797,115.87999725341797,115.87999725341797,115.87999725341797,474,0.0,0.0,0.0
2024-08-21 09:40:00-04:00,115.89779663085938,115.89779663085938,115.89779663085938,115.89779663085938,122,0.0,0.0,0.0
2024-08-21 09:41:00-04:00,115.89620208740234,115.89620208740234,115.89620208740234,115.89620208740234,292,0.0,0.0,0.0
2024-08-21 09:42:00-04:00,115.83260345458984,115.83260345458984,115.83260345458984,115.83260345458984,208,0.0,0.0,0.0
2024-08-21 09:43:00-04:00,115.8135986328125,115.81400299072266,115.8135986328125,115.8135986328125,235,0.0,0.0,0.0
2024-08-21 09:44:00-04:00,115.89959716796875,115.89959716796875,115.89959716796875,115.89959716796875,9378,0.0,0.0,0.0
2024-08-21 09:46:00-04:00,115.80999755859375,115.80999755859375,115.80999755859375,115.80999755859375,181,0.0,0.0,0.0
2024-08-21 09:47:00-04:00,115.83999633789062,115.83999633789062,115.83999633789062,115.83999633789062,296,0.0,0.0,0.0
2024-08-21 09:49:00-04:00,115.88500213623047,115.88500213623047,115.87999725341797,115.87999725341797,564,0.0,0.0,0.0
2024-08-21 09:51:00-04:00,115.80999755859375,115.80999755859375,115.80999755859375,115.80999755859375,208,0.0,0.0,0.0
2024-08-21 09:52:00-04:00,115.8499984741211,115.88999938964844,115.83999633789062,115.88999938964844,1075,0.0,0.0,0.0
2024-08-21 09:55:00-04:00,115.8740005493164,115.8740005493164,115.8740005493164,115.8740005493164,436,0.0,0.0,0.0
2024-08-21 09:57:00-04:00,115.92780303955078,115.92780303955078,115.92780303955078,115.92780303955078,170,0.0,0.0,0.0
2024-08-21 09:58:00-04:00,115.93000030517578,115.93000030517578,115.91000366210938,115.91000366210938,748,0.0,0.0,0.0
2024-08-21 10:00:00-04:00,115.87000274658203,115.87999725341797,115.83999633789062,115.83999633789062,2631,0.0,0.0,0.0
2024-08-21 10:01:00-04:00,115.83000183105469,115.83000183105469,115.80000305175781,115.80000305175781,824,0.0,0.0,0.0
2024-08-21 10:02:00-04:00,115.75,115.75969696044922,115.7300033569336,115.7300033569336,2796,0.0,0.0,0.0
2024-08-21 10:03:00-04:00,115.72000122070312,115.72000122070312,115.72000122070312,115.72000122070312,228,0.0,0.0,0.0
2024-08-21 10:05:00-04:00,115.69020080566406,115.69020080566406,115.69020080566406,115.69020080566406,299,0.0,0.0,0.0
2024-08-21 10:06:00-04:00,115.66889953613281,115.66999816894531,115.66000366210938,115.66000366210938,838,0.0,0.0,0.0
2024-08-21 10:07:00-04:00,115.69000244140625,115.70999908447266,115.69000244140625,115.70999908447266,466,0.0,0.0,0.0
2024-08-21 10:08:00-04:00,115.69010162353516,115.69010162353516,115.69000244140625,115.69000244140625,290,0.0,0.0,0.0
2024-08-21 10:09:00-04:00,115.68000030517578,115.68000030517578,115.66000366210938,115.66000366210938,1252,0.0,0.0,0.0
2024-08-21 10:10:00-04:00,115.62000274658203,115.625,115.58999633789062,115.58999633789062,1229,0.0,0.0,0.0
2024-08-21 10:13:00-04:00,115.62000274658203,115.66500091552734,115.62000274658203,115.66500091552734,302,0.0,0.0,0.0
2024-08-21 10:14:00-04:00,115.58000183105469,115.58000183105469,115.58000183105469,115.58000183105469,105,0.0,0.0,0.0
2024-08-21 10:15:00-04:00,115.56500244140625,115.58000183105469,115.56500244140625,115.58000183105469,229,0.0,0.0,0.0
2024-08-21 10:16:00-04:00,115.55999755859375,115.56999969482422,115.55999755859375,115.56999969482422,248,0.0,0.0,0.0
2024-08-21 10:17:00-04:00,115.58000183105469,115.58000183105469,115.58000183105469,115.58000183105469,571,0.0,0.0,0.0
2024-08-21 10:21:00-04:00,115.65499877929688,115.65499877929688,115.65499877929688,115.65499877929688,276,0.0,0.0,0.0
2024-08-21 10:22:00-04:00,115.69499969482422,115.70999908447266,115.69499969482422,115.70999908447266,615,0.0,0.0,0.0
2024-08-21 10:24:00-04:00,115.69190216064453,115.7249984741211,115.69190216064453,115.7249984741211,2749,0.0,0.0,0.0
2024-08-21 10:25:00-04:00,115.72000122070312,115.72000122070312,115.72000122070312,115.72000122070312,350,0.0,0.0,0.0
2024-08-21 10:27:00-04:00,115.81990051269531,115.81990051269531,115.81990051269531,115.81990051269531,164,0.0,0.0,0.0
2024-08-21 10:29:00-04:00,115.80329895019531,115.80329895019531,115.80329895019531,115.80329895019531,273,0.0,0.0,0.0
2024-08-21 10:32:00-04:00,115.83999633789062,115.83999633789062,115.83999633789062,115.83999633789062,322,0.0,0.0,0.0
2024-08-21 10:33:00-04:00,115.8499984741211,115.8499984741211,115.8499984741211,115.8499984741211,266,0.0,0.0,0.0
2024-08-21 10:34:00-04:00,115.87000274658203,115.87149810791016,115.87000274658203,115.87149810791016,258,0.0,0.0,0.0
2024-08-21 10:36:00-04:00,115.94000244140625,115.94499969482422,115.94000244140625,115.94499969482422,559,0.0,0.0,0.0
2024-08-21 10:38:00-04:00,116.01000213623047,116.01000213623047,116.01000213623047,116.01000213623047,617,0.0,0.0,0.0
2024-08-21 10:39:00-04:00,115.97000122070312,115.97000122070312,115.97000122070312,115.97000122070312,237,0.0,0.0,0.0
2024-08-21 10:40:00-04:00,115.98999786376953,115.98999786376953,115.98999786376953,115.98999786376953,350,0.0,0.0,0.0
2024-08-21 10:44:00-04:00,116.05000305175781,116.06800079345703,116.05000305175781,116.05000305175781,342,0.0,0.0,0.0
2024-08-21 10:45:00-04:00,116.04499816894531,116.04499816894531,116.04499816894531,116.04499816894531,301,0.0,0.0,0.0
2024-08-21 10:48:00-04:00,115.91999816894531,115.91999816894531,115.91999816894531,115.91999816894531,204,0.0,0.0,0.0
2024-08-21 10:50:00-04:00,115.9000015258789,115.9000015258789,115.81999969482422,115.81999969482422,1852,0.0,0.0,0.0
2024-08-21 10:52:00-04:00,115.79499816894531,115.79499816894531,115.72000122070312,115.72000122070312,2685,0.0,0.0,0.0
2024-08-21 10:55:00-04:00,115.79000091552734,115.80000305175781,115.79000091552734,115.80000305175781,545,0.0,0.0,0.0
2024-08-21 10:56:00-04:00,115.81500244140625,115.83999633789062,115.81500244140625,115.83000183105469,782,0.0,0.0,0.0
2024-08-21 10:58:00-04:00,115.81999969482422,115.81999969482422,115.81999969482422,115.81999969482422,109,0.0,0.0,0.0
2024-08-21 11:00:00-04:00,115.83350372314453,115.83350372314453,115.80999755859375,115.80999755859375,372,0.0,0.0,0.0
2024-08-21 11:01:00-04:00,115.78289794921875,115.78289794921875,115.78289794921875,115.78289794921875,253,0.0,0.0,0.0
2024-08-21 11:02:00-04:00,115.8499984741211,115.8499984741211,115.80999755859375,115.80999755859375,772,0.0,0.0,0.0
2024-08-21 11:04:00-04:00,115.83999633789062,115.83999633789062,115.83999633789062,115.83999633789062,134,0.0,0.0,0.0
2024-08-21 11:05:00-04:00,115.83999633789062,115.88999938964844,115.83999633789062,115.88999938964844,2778,0.0,0.0,0.0
2024-08-21 11:09:00-04:00,115.8949966430664,115.8949966430664,115.8949966430664,115.8949966430664,208,0.0,0.0,0.0
2024-08-21 11:10:00-04:00,115.93990325927734,115.94499969482422,115.93000030517578,115.94000244140625,848,0.0,0.0,0.0
2024-08-21 11:13:00-04:00,115.99859619140625,115.99859619140625,115.99859619140625,115.99859619140625,292,0.0,0.0,0.0
2024-08-21 11:16:00-04:00,115.98999786376953,115.98999786376953,115.98999786376953,115.98999786376953,157,0.0,0.0,0.0
2024-08-21 11:17:00-04:00,116.0,116.0,115.98999786376953,115.98999786376953,418,0.0,0.0,0.0
2024-08-21 11:19:00-04:00,116.04000091552734,116.04000091552734,116.04000091552734,116.04000091552734,361,0.0,0.0,0.0
2024-08-21 11:21:00-04:00,116.03720092773438,116.03720092773438,116.03720092773438,116.03720092773438,695,0.0,0.0,0.0
2024-08-21 11:25:00-04:00,116.00779724121094,116.00779724121094,116.0,116.0,961,0.0,0.0,0.0
2024-08-21 11:27:00-04:00,115.99500274658203,115.99500274658203,115.9801025390625,115.9801025390625,497,0.0,0.0,0.0
2024-08-21 11:28:00-04:00,116.0,116.0,116.0,116.0,376,0.0,0.0,0.0
2024-08-21 11:31:00-04:00,115.99739837646484,115.99739837646484,115.99739837646484,115.99739837646484,347,0.0,0.0,0.0
2024-08-21 11:32:00-04:00,116.0000991821289,116.0000991821289,116.0000991821289,116.0000991821289,478,0.0,0.0,0.0
2024-08-21 11:39:00-04:00,115.99720001220703,115.99720001220703,115.99720001220703,115.99720001220703,631,0.0,0.0,0.0
2024-08-21 11:41:00-04:00,116.05699920654297,116.05699920654297,116.05699920654297,116.05699920654297,1346,0.0,0.0,0.0
2024-08-21 11:47:00-04:00,115.9800033569336,115.9800033569336,115.9800033569336,115.9800033569336,304,0.0,0.0,0.0
2024-08-21 11:49:00-04:00,115.91000366210938,115.91000366210938,115.91000366210938,115.91000366210938,162,0.0,0.0,0.0
2024-08-21 11:51:00-04:00,115.87889862060547,115.87889862060547,115.87889862060547,115.87889862060547,329,0.0,0.0,0.0
2024-08-21 11:52:00-04:00,115.83999633789062,115.86250305175781,115.83999633789062,115.83999633789062,741,0.0,0.0,0.0
2024-08-21 11:55:00-04:00,115.83499908447266,115.83499908447266,115.81999969482422,115.81999969482422,1094,0.0,0.0,0.0
2024-08-21 11:56:00-04:00,115.81700134277344,115.81700134277344,115.81700134277344,115.81700134277344,278,0.0,0.0,0.0
2024-08-21 11:58:00-04:00,115.79000091552734,115.80049896240234,115.79000091552734,115.79000091552734,317,0.0,0.0,0.0
2024-08-21 11:59:00-04:00,115.7699966430664,115.7699966430664,115.7699966430664,115.7699966430664,433,0.0,0.0,0.0
2024-08-21 12:01:00-04:00,115.74009704589844,115.75499725341797,115.74009704589844,115.75,357,0.0,0.0,0.0
2024-08-21 12:02:00-04:00,115.7249984741211,115.7249984741211,115.7249984741211,115.7249984741211,196,0.0,0.0,0.0
2024-08-21 12:03:00-04:00,115.73999786376953,115.73999786376953,115.73999786376953,115.73999786376953,287,0.0,0.0,0.0
2024-08-21 12:06:00-04:00,115.77999877929688,115.77999877929688,115.77999877929688,115.77999877929688,252,0.0,0.0,0.0
2024-08-21 12:10:00-04:00,115.80000305175781,115.80000305175781,115.80000305175781,115.80000305175781,253,0.0,0.0,0.0
2024-08-21 12:13:00-04:00,115.78299713134766,115.783203125,115.78299713134766,115.783203125,245,0.0,0.0,0.0
2024-08-21 12:14:00-04:00,115.80000305175781,115.80000305175781,115.79499816894531,115.79499816894531,997,0.0,0.0,0.0
2024-08-21 12:18:00-04:00,115.77300262451172,115.77300262451172,115.77300262451172,115.77300262451172,110,0.0,0.0,0.0
2024-08-21 12:19:00-04:00,115.79000091552734,115.79000091552734,115.79000091552734,115.79000091552734,206,0.0,0.0,0.0
2024-08-21 12:20:00-04:00,115.79000091552734,115.79000091552734,115.77999877929688,115.77999877929688,281,0.0,0.0,0.0
2024-08-21 12:23:00-04:00,115.87000274658203,115.87000274658203,115.87000274658203,115.87000274658203,225,0.0,0.0,0.0
2024-08-21 12:24:00-04:00,115.9000015258789,115.9000015258789,115.89990234375,115.89990234375,8487,0.0,0.0,0.0
2024-08-21 12:25:00-04:00,115.88500213623047,115.9000015258789,115.88500213623047,115.9000015258789,1270,0.0,0.0,0.0
2024-08-21 12:26:00-04:00,115.8927993774414,115.8927993774414,115.8927993774414,115.8927993774414,829,0.0,0.0,0.0
2024-08-21 12:29:00-04:00,115.8949966430664,115.8949966430664,115.8949966430664,115.8949966430664,138,0.0,0.0,0.0
2024-08-21 12:31:00-04:00,115.88999938964844,115.88999938964844,115.88999938964844,115.88999938964844,175,0.0,0.0,0.0
2024-08-21 12:32:00-04:00,115.88929748535156,115.88929748535156,115.88929748535156,115.88929748535156,252,0.0,0.0,0.0
2024-08-21 12:33:00-04:00,115.9000015258789,115.91000366210938,115.87000274658203,115.91000366210938,1140,0.0,0.0,0.0
2024-08-21 12:34:00-04:00,115.91999816894531,115.93000030517578,115.9000015258789,115.93000030517578,866,0.0,0.0,0.0
2024-08-21 12:36:00-04:00,115.9469985961914,115.95999908447266,115.93000030517578,115.93000030517578,1940,0.0,0.0,0.0
2024-08-21 12:40:00-04:00,115.97720336914062,115.97720336914062,115.97720336914062,115.97720336914062,310,0.0,0.0,0.0
2024-08-21 12:43:00-04:00,115.96990203857422,115.96990203857422,115.96109771728516,115.96109771728516,1153,0.0,0.0,0.0
2024-08-21 12:45:00-04:00,115.94999694824219,115.94999694824219,115.94999694824219,115.94999694824219,143,0.0,0.0,0.0
2024-08-21 12:46:00-04:00,115.94999694824219,115.97000122070312,115.94999694824219,115.97000122070312,563,0.0,0.0,0.0
2024-08-21 12:47:00-04:00,115.9800033569336,115.9800033569336,115.9800033569336,115.9800033569336,87379,0.0,0.0,0.0
2024-08-21 12:48:00-04:00,115.94999694824219,115.94999694824219,115.94999694824219,115.94999694824219,192,0.0,0.0,0.0
2024-08-21 12:52:00-04:00,115.95020294189453,115.95020294189453,115.95020294189453,115.95020294189453,277,0.0,0.0,0.0
2024-08-21 12:55:00-04:00,115.95500183105469,115.97000122070312,115.95500183105469,115.97000122070312,594,0.0,0.0,0.0
2024-08-21 12:59:00-04:00,115.9800033569336,115.9800033569336,115.9800033569336,115.9800033569336,460,0.0,0.0,0.0
2024-08-21 13:02:00-04:00,115.99500274658203,115.99500274658203,115.99500274658203,115.99500274658203,367,0.0,0.0,0.0
2024-08-21 13:08:00-04:00,115.99579620361328,115.99579620361328,115.99579620361328,115.99579620361328,100,0.0,0.0,0.0
2024-08-21 13:09:00-04:00,115.97869873046875,115.97869873046875,115.97869873046875,115.97869873046875,397,0.0,0.0,0.0
2024-08-21 13:14:00-04:00,115.94000244140625,115.94000244140625,115.93000030517578,115.93000030517578,431,0.0,0.0,0.0
2024-08-21 13:16:00-04:00,115.91649627685547,115.91649627685547,115.9000015258789,115.9000015258789,6242,0.0,0.0,0.0
2024-08-21 13:17:00-04:00,115.91000366210938,115.91000366210938,115.91000366210938,115.91000366210938,133,0.0,0.0,0.0
2024-08-21 13:18:00-04:00,115.91999816894531,115.91999816894531,115.91999816894531,115.91999816894531,288,0.0,0.0,0.0
2024-08-21 13:19:00-04:00,115.94730377197266,115.94730377197266,115.94730377197266,115.94730377197266,112,0.0,0.0,0.0
2024-08-21 13:21:00-04:00,115.9458999633789,115.9458999633789,115.93000030517578,115.93000030517578,364,0.0,0.0,0.0
2024-08-21 13:24:00-04:00,115.88990020751953,115.88990020751953,115.88990020751953,115.88990020751953,226,0.0,0.0,0.0
2024-08-21 13:29:00-04:00,115.90779876708984,115.90779876708984,115.90779876708984,115.90779876708984,515,0.0,0.0,0.0
2024-08-21 13:31:00-04:00,115.90850067138672,115.90850067138672,115.87999725341797,115.87999725341797,1764,0.0,0.0,0.0
2024-08-21 13:33:00-04:00,115.87000274658203,115.87000274658203,115.87000274658203,115.87000274658203,408,0.0,0.0,0.0
2024-08-21 13:34:00-04:00,115.87989807128906,115.87989807128906,115.87989807128906,115.87989807128906,999,0.0,0.0,0.0
2024-08-21 13:43:00-04:00,115.75,115.76119995117188,115.75,115.75,617,0.0,0.0,0.0
2024-08-21 13:45:00-04:00,115.77999877929688,115.78500366210938,115.77999877929688,115.78500366210938,695,0.0,0.0,0.0
2024-08-21 13:46:00-04:00,115.80960083007812,115.80960083007812,115.80960083007812,115.80960083007812,395,0.0,0.0,0.0
2024-08-21 13:47:00-04:00,115.80000305175781,115.80000305175781,115.80000305175781,115.80000305175781,304,0.0,0.0,0.0
2024-08-21 13:49:00-04:00,115.79000091552734,115.79000091552734,115.79000091552734,115.79000091552734,362,0.0,0.0,0.0
2024-08-21 13:52:00-04:00,115.78250122070312,115.78250122070312,115.78250122070312,115.78250122070312,309,0.0,0.0,0.0
2024-08-21 13:56:00-04:00,115.73169708251953,115.73169708251953,115.73169708251953,115.73169708251953,336,0.0,0.0,0.0
2024-08-21 14:00:00-04:00,115.7699966430664,115.77999877929688,115.74500274658203,115.76270294189453,1732,0.0,0.0,0.0
2024-08-21 14:01:00-04:00,115.779296875,115.779296875,115.779296875,115.779296875,271,0.0,0.0,0.0
2024-08-21 14:02:00-04:00,115.7300033569336,115.7300033569336,115.7300033569336,115.7300033569336,128,0.0,0.0,0.0
2024-08-21 14:04:00-04:00,115.76069641113281,115.76069641113281,115.76069641113281,115.76069641113281,160,0.0,0.0,0.0
2024-08-21 14:05:00-04:00,115.76699829101562,115.76699829101562,115.76699829101562,115.76699829101562,331,0.0,0.0,0.0
2024-08-21 14:06:00-04:00,115.73919677734375,115.73919677734375,115.73919677734375,115.73919677734375,554,0.0,0.0,0.0
2024-08-21 14:08:00-04:00,115.756103515625,115.756103515625,115.756103515625,115.756103515625,212,0.0,0.0,0.0
2024-08-21 14:10:00-04:00,115.7863998413086,115.7863998413086,115.7863998413086,115.7863998413086,104,0.0,0.0,0.0
2024-08-21 14:11:00-04:00,115.77999877929688,115.77999877929688,115.77999877929688,115.77999877929688,517,0.0,0.0,0.0
2024-08-21 14:14:00-04:00,115.79989624023438,115.80670166015625,115.77999877929688,115.80000305175781,1468,0.0,0.0,0.0
2024-08-21 14:15:00-04:00,115.8301010131836,115.8301010131836,115.81999969482422,115.81999969482422,1279,0.0,0.0,0.0
2024-08-21 14:16:00-04:00,115.8395004272461,115.8395004272461,115.8395004272461,115.8395004272461,326,0.0,0.0,0.0
2024-08-21 14:20:00-04:00,115.80000305175781,115.80000305175781,115.80000305175781,115.80000305175781,471,0.0,0.0,0.0
2024-08-21 14:22:00-04:00,115.78730010986328,115.78730010986328,115.78730010986328,115.78730010986328,321,0.0,0.0,0.0
2024-08-21 14:24:00-04:00,115.79000091552734,115.79000091552734,115.78070068359375,115.78070068359375,886,0.0,0.0,0.0
2024-08-21 14:26:00-04:00,115.84729766845703,115.84729766845703,115.84729766845703,115.84729766845703,255,0.0,0.0,0.0
2024-08-21 14:29:00-04:00,115.8656997680664,115.9000015258789,115.8656997680664,115.9000015258789,497,0.0,0.0,0.0
2024-08-21 14:32:00-04:00,115.95999908447266,115.95999908447266,115.95999908447266,115.95999908447266,489,0.0,0.0,0.0
2024-08-21 14:34:00-04:00,115.95110321044922,115.95110321044922,115.95110321044922,115.95110321044922,218,0.0,0.0,0.0
2024-08-21 14:35:00-04:00,115.88469696044922,115.88469696044922,115.87000274658203,115.87000274658203,312,0.0,0.0,0.0
2024-08-21 14:36:00-04:00,115.8949966430664,115.8949966430664,115.8949966430664,115.8949966430664,400,0.0,0.0,0.0
2024-08-21 14:40:00-04:00,115.88500213623047,115.88500213623047,115.88500213623047,115.88500213623047,538,0.0,0.0,0.0
2024-08-21 14:45:00-04:00,115.87999725341797,115.87999725341797,115.87999725341797,115.87999725341797,599,0.0,0.0,0.0
2024-08-21 14:51:00-04:00,115.88500213623047,115.88500213623047,115.88500213623047,115.88500213623047,454,0.0,0.0,0.0
2024-08-21 14:53:00-04:00,115.91000366210938,115.91999816894531,115.91000366210938,115.91519927978516,1075,0.0,0.0,0.0
2024-08-21 14:56:00-04:00,115.87370300292969,115.87370300292969,115.87370300292969,115.87370300292969,292,0.0,0.0,0.0
2024-08-21 14:57:00-04:00,115.88999938964844,115.88999938964844,115.88999938964844,115.88999938964844,205,0.0,0.0,0.0
2024-08-21 14:59:00-04:00,115.91000366210938,115.91000366210938,115.91000366210938,115.91000366210938,241,0.0,0.0,0.0
2024-08-21 15:00:00-04:00,115.91999816894531,115.91999816894531,115.91999816894531,115.91999816894531,1031,0.0,0.0,0.0
2024-08-21 15:09:00-04:00,115.80000305175781,115.81500244140625,115.80000305175781,115.81500244140625,819,0.0,0.0,0.0
2024-08-21 15:12:00-04:00,115.84660339355469,115.84660339355469,115.84660339355469,115.84660339355469,284,0.0,0.0,0.0
2024-08-21 15:13:00-04:00,115.85990142822266,115.85990142822266,115.85990142822266,115.85990142822266,100,0.0,0.0,0.0
2024-08-21 15:14:00-04:00,115.85810089111328,115.86009979248047,115.8499984741211,115.86009979248047,1550,0.0,0.0,0.0
2024-08-21 15:16:00-04:00,115.85009765625,115.85009765625,115.83999633789062,115.83999633789062,482,0.0,0.0,0.0
2024-08-21 15:18:00-04:00,115.86499786376953,115.86499786376953,115.86499786376953,115.86499786376953,300,0.0,0.0,0.0
2024-08-21 15:19:00-04:00,115.87000274658203,115.87000274658203,115.87000274658203,115.87000274658203,282,0.0,0.0,0.0
2024-08-21 15:20:00-04:00,115.875,115.875,115.83000183105469,115.83000183105469,1026,0.0,0.0,0.0
2024-08-21 15:22:00-04:00,115.79000091552734,115.79000091552734,115.79000091552734,115.79000091552734,216,0.0,0.0,0.0
2024-08-21 15:23:00-04:00,115.7750015258789,115.7750015258789,115.76000213623047,115.76000213623047,295,0.0,0.0,0.0
2024-08-21 15:24:00-04:00,115.7750015258789,115.7750015258789,115.77010345458984,115.77010345458984,458,0.0,0.0,0.0
2024-08-21 15:25:00-04:00,115.79000091552734,115.80000305175781,115.79000091552734,115.79000091552734,802,0.0,0.0,0.0
2024-08-21 15:26:00-04:00,115.80999755859375,115.83989715576172,115.80999755859375,115.81999969482422,1810,0.0,0.0,0.0
2024-08-21 15:29:00-04:00,115.80999755859375,115.83999633789062,115.80999755859375,115.83999633789062,2653,0.0,0.0,0.0
2024-08-21 15:30:00-04:00,115.83000183105469,115.83000183105469,115.80999755859375,115.80999755859375,705,0.0,0.0,0.0
2024-08-21 15:31:00-04:00,115.7699966430664,115.7699966430664,115.75180053710938,115.75180053710938,432,0.0,0.0,0.0
2024-08-21 15:32:00-04:00,115.76950073242188,115.76950073242188,115.73999786376953,115.76000213623047,935,0.0,0.0,0.0
2024-08-21 15:33:00-04:00,115.7698974609375,115.7699966430664,115.7698974609375,115.7699966430664,295,0.0,0.0,0.0
2024-08-21 15:34:00-04:00,115.7699966430664,115.77519989013672,115.7699966430664,115.77519989013672,652,0.0,0.0,0.0
2024-08-21 15:36:00-04:00,115.75299835205078,115.77999877929688,115.75299835205078,115.77999877929688,623,0.0,0.0,0.0
2024-08-21 15:37:00-04:00,115.78990173339844,115.78990173339844,115.78990173339844,115.78990173339844,303,0.0,0.0,0.0
2024-08-21 15:38:00-04:00,115.77999877929688,115.77999877929688,115.77999877929688,115.77999877929688,560,0.0,0.0,0.0
2024-08-21 15:39:00-04:00,115.83000183105469,115.83000183105469,115.83000183105469,115.83000183105469,535,0.0,0.0,0.0
2024-08-21 15:40:00-04:00,115.83000183105469,115.83000183105469,115.81999969482422,115.81999969482422,414,0.0,0.0,0.0
2024-08-21 15:41:00-04:00,115.83000183105469,115.83000183105469,115.83000183105469,115.83000183105469,497,0.0,0.0,0.0
2024-08-21 15:42:00-04:00,115.8499984741211,115.8499984741211,115.83499908447266,115.83999633789062,3795,0.0,0.0,0.0
2024-08-21 15:43:00-04:00,115.81999969482422,115.83000183105469,115.80000305175781,115.80000305175781,930,0.0,0.0,0.0
2024-08-21 15:44:00-04:00,115.80999755859375,115.81999969482422,115.80999755859375,115.81999969482422,865,0.0,0.0,0.0
2024-08-21 15:45:00-04:00,115.80000305175781,115.83000183105469,115.80000305175781,115.83000183105469,802,0.0,0.0,0.0
2024-08-21 15:46:00-04:00,115.79000091552734,115.79000091552734,115.77999877929688,115.77999877929688,421,0.0,0.0,0.0
2024-08-21 15:47:00-04:00,115.77999877929688,115.77999877929688,115.77999877929688,115.77999877929688,359,0.0,0.0,0.0
2024-08-21 15:49:00-04:00,115.7699966430664,115.79000091552734,115.7699966430664,115.79000091552734,275,0.0,0.0,0.0
2024-08-21 15:50:00-04:00,115.80999755859375,115.83999633789062,115.80999755859375,115.83999633789062,1412,0.0,0.0,0.0
2024-08-21 15:51:00-04:00,115.83000183105469,115.84619903564453,115.80999755859375,115.80999755859375,613,0.0,0.0,0.0
2024-08-21 15:53:00-04:00,115.81999969482422,115.81999969482422,115.8010025024414,115.8010025024414,370,0.0,0.0,0.0
2024-08-21 15:55:00-04:00,115.87999725341797,115.88500213623047,115.87999725341797,115.88500213623047,979,0.0,0.0,0.0
2024-08-21 15:56:00-04:00,115.87000274658203,115.87000274658203,115.87000274658203,115.87000274658203,460,0.0,0.0,0.0
2024-08-21 15:57:00-04:00,115.87100219726562,115.88999938964844,115.87100219726562,115.88999938964844,809,0.0,0.0,0.0
2024-08-21 15:58:00-04:00,115.88999938964844,115.88999938964844,115.88999938964844,115.88999938964844,115,0.0,0.0,0.0
2024-08-21 15:59:00-04:00,115.87000274658203,115.87999725341797,115.86000061035156,115.87999725341797,1617,0.0,0.0,0.0
2024-08-22 09:30:00-04:00,116.08000183105469,116.08000183105469,116.08000183105469,116.08000183105469,7061,0.0,0.0,0.0
2024-08-22 09:31:00-04:00,116.0,116.04000091552734,116.0,116.0250015258789,883,0.0,0.0,0.0
2024-08-22 09:32:00-04:00,116.06999969482422,116.06999969482422,116.06999969482422,116.06999969482422,118,0.0,0.0,0.0
2024-08-22 09:33:00-04:00,116.08999633789062,116.08999633789062,116.08999633789062,116.08999633789062,354,0.0,0.0,0.0
2024-08-22 09:34:00-04:00,116.13610076904297,116.13610076904297,116.05999755859375,116.05999755859375,737,0.0,0.0,0.0
2024-08-22 09:35:00-04:00,116.06009674072266,116.06009674072266,116.06009674072266,116.06009674072266,232,0.0,0.0,0.0
2024-08-22 09:36:00-04:00,116.05000305175781,116.05000305175781,116.05000305175781,116.05000305175781,205,0.0,0.0,0.0
2024-08-22 09:37:00-04:00,116.05000305175781,116.08999633789062,116.05000305175781,116.08999633789062,424,0.0,0.0,0.0
2024-08-22 09:40:00-04:00,116.10260009765625,116.10260009765625,116.0999984741211,116.0999984741211,602,0.0,0.0,0.0
2024-08-22 09:41:00-04:00,116.08000183105469,116.09549713134766,116.0728988647461,116.0728988647461,901,0.0,0.0,0.0
2024-08-22 09:42:00-04:00,116.11000061035156,116.11000061035156,116.06999969482422,116.06999969482422,1344,0.0,0.0,0.0
2024-08-22 09:43:00-04:00,116.07499694824219,116.0999984741211,116.07350158691406,116.0999984741211,836,0.0,0.0,0.0
2024-08-22 09:44:00-04:00,116.11000061035156,116.11000061035156,116.11000061035156,116.11000061035156,213,0.0,0.0,0.0
2024-08-22 09:45:00-04:00,116.16000366210938,116.16000366210938,116.01599884033203,116.01599884033203,2635,0.0,0.0,0.0
2024-08-22 09:47:00-04:00,115.95999908447266,115.95999908447266,115.93000030517578,115.93000030517578,398,0.0,0.0,0.0
2024-08-22 09:48:00-04:00,115.92500305175781,115.92500305175781,115.91999816894531,115.91999816894531,576,0.0,0.0,0.0
2024-08-22 09:49:00-04:00,115.93009948730469,115.93009948730469,115.93009948730469,115.93009948730469,4463,0.0,0.0,0.0
2024-08-22 09:50:00-04:00,115.95999908447266,115.95999908447266,115.95999908447266,115.95999908447266,918,0.0,0.0,0.0
2024-08-22 09:51:00-04:00,115.91999816894531,115.93000030517578,115.91999816894531,115.93000030517578,426,0.0,0.0,0.0
2024-08-22 09:52:00-04:00,115.91999816894531,115.91999816894531,115.9000015258789,115.9000015258789,501,0.0,0.0,0.0
2024-08-22 09:53:00-04:00,115.89900207519531,115.89900207519531,115.89900207519531,115.89900207519531,23962,0.0,0.0,0.0
2024-08-22 09:54:00-04:00,115.94000244140625,115.94000244140625,115.94000244140625,115.94000244140625,154,0.0,0.0,0.0
2024-08-22 09:55:00-04:00,115.90170288085938,115.90170288085938,115.90170288085938,115.90170288085938,447,0.0,0.0,0.0
2024-08-22 10:00:00-04:00,115.87950134277344,115.88179779052734,115.87000274658203,115.87000274658203,987,0.0,0.0,0.0
2024-08-22 10:01:00-04:00,115.8499984741211,115.87000274658203,115.8499984741211,115.86199951171875,913,0.0,0.0,0.0
2024-08-22 10:02:00-04:00,115.86000061035156,115.87999725341797,115.86000061035156,115.87999725341797,383,0.0,0.0,0.0
2024-08-22 10:03:00-04:00,115.83999633789062,115.83999633789062,115.83000183105469,115.83000183105469,393,0.0,0.0,0.0
2024-08-22 10:04:00-04:00,115.83000183105469,115.83000183105469,115.83000183105469,115.83000183105469,357,0.0,0.0,0.0
2024-08-22 10:05:00-04:00,115.80000305175781,115.80259704589844,115.80000305175781,115.80259704589844,643,0.0,0.0,0.0
2024-08-22 10:06:00-04:00,115.81999969482422,115.81999969482422,115.79000091552734,115.79000091552734,1624,0.0,0.0,0.0
2024-08-22 10:08:00-04:00,115.7699966430664,115.7699966430664,115.7699966430664,115.7699966430664,401,0.0,0.0,0.0
2024-08-22 10:09:00-04:00,115.75,115.75499725341797,115.73999786376953,115.75,1167,0.0,0.0,0.0
2024-08-22 10:10:00-04:00,115.81999969482422,115.81999969482422,115.79000091552734,115.79000091552734,5013,0.0,0.0,0.0
2024-08-22 10:11:00-04:00,115.77999877929688,115.77999877929688,115.7699966430664,115.7699966430664,441,0.0,0.0,0.0
2024-08-22 10:12:00-04:00,115.76000213623047,115.76000213623047,115.76000213623047,115.76000213623047,484,0.0,0.0,0.0
2024-08-22 10:16:00-04:00,115.79000091552734,115.80979919433594,115.79000091552734,115.80979919433594,287,0.0,0.0,0.0
2024-08-22 10:17:00-04:00,115.7699966430664,115.80999755859375,115.7699966430664,115.80999755859375,417,0.0,0.0,0.0
2024-08-22 10:20:00-04:00,115.783203125,115.783203125,115.783203125,115.783203125,147,0.0,0.0,0.0
2024-08-22 10:21:00-04:00,115.77999877929688,115.77999877929688,115.7699966430664,115.7750015258789,2090,0.0,0.0,0.0
2024-08-22 10:22:00-04:00,115.74469757080078,115.74469757080078,115.74469757080078,115.74469757080078,189,0.0,0.0,0.0
2024-08-22 10:24:00-04:00,115.75,115.75,115.73999786376953,115.73999786376953,912,0.0,0.0,0.0
2024-08-22 10:25:00-04:00,115.7300033569336,115.7300033569336,115.7300033569336,115.7300033569336,461,0.0,0.0,0.0
2024-08-22 10:28:00-04:00,115.73999786376953,115.75,115.73999786376953,115.75,456,0.0,0.0,0.0
2024-08-22 10:30:00-04:00,115.70999908447266,115.70999908447266,115.70999908447266,115.70999908447266,232,0.0,0.0,0.0
2024-08-22 10:31:00-04:00,115.76499938964844,115.76499938964844,115.76499938964844,115.76499938964844,274,0.0,0.0,0.0
2024-08-22 10:32:00-04:00,115.75330352783203,115.75330352783203,115.75330352783203,115.75330352783203,235,0.0,0.0,0.0
2024-08-22 10:33:00-04:00,115.76000213623047,115.76000213623047,115.75360107421875,115.75360107421875,534,0.0,0.0,0.0
2024-08-22 10:36:00-04:00,115.73500061035156,115.75990295410156,115.73500061035156,115.75990295410156,967,0.0,0.0,0.0
2024-08-22 10:40:00-04:00,115.78500366210938,115.78500366210938,115.78500366210938,115.78500366210938,1376,0.0,0.0,0.0
2024-08-22 10:41:00-04:00,115.79139709472656,115.79139709472656,115.79000091552734,115.79000091552734,313,0.0,0.0,0.0
2024-08-22 10:42:00-04:00,115.77999877929688,115.77999877929688,115.77999877929688,115.77999877929688,276,0.0,0.0,0.0
2024-08-22 10:44:00-04:00,115.79299926757812,115.79299926757812,115.79299926757812,115.79299926757812,144,0.0,0.0,0.0
2024-08-22 10:45:00-04:00,115.77999877929688,115.79000091552734,115.77100372314453,115.79000091552734,943,0.0,0.0,0.0
2024-08-22 10:48:00-04:00,115.76000213623047,115.76000213623047,115.76000213623047,115.76000213623047,416,0.0,0.0,0.0
2024-08-22 10:50:00-04:00,115.79989624023438,115.79989624023438,115.79989624023438,115.79989624023438,206,0.0,0.0,0.0
2024-08-22 10:53:00-04:00,115.82499694824219,115.82499694824219,115.82499694824219,115.82499694824219,574,0.0,0.0,0.0
2024-08-22 10:55:00-04:00,115.86000061035156,115.86000061035156,115.83999633789062,115.83999633789062,557,0.0,0.0,0.0
2024-08-22 10:56:00-04:00,115.83000183105469,115.83000183105469,115.83000183105469,115.83000183105469,1325,0.0,0.0,0.0
2024-08-22 10:57:00-04:00,115.81500244140625,115.83000183105469,115.81500244140625,115.83000183105469,328,0.0,0.0,0.0
2024-08-22 10:58:00-04:00,115.8301010131836,115.8301010131836,115.8301010131836,115.8301010131836,575,0.0,0.0,0.0
2024-08-22 10:59:00-04:00,115.83000183105469,115.83000183105469,115.81999969482422,115.81999969482422,847,0.0,0.0,0.0
2024-08-22 11:00:00-04:00,115.83000183105469,115.83719635009766,115.83000183105469,115.83719635009766,1220,0.0,0.0,0.0
2024-08-22 11:02:00-04:00,115.8499984741211,115.8759994506836,115.8499984741211,115.8759994506836,688,0.0,0.0,0.0
2024-08-22 11:03:00-04:00,115.86000061035156,115.86000061035156,115.86000061035156,115.86000061035156,202,0.0,0.0,0.0
2024-08-22 11:04:00-04:00,115.84510040283203,115.84510040283203,115.84510040283203,115.84510040283203,479,0.0,0.0,0.0
2024-08-22 11:06:00-04:00,115.8550033569336,115.8550033569336,115.8550033569336,115.8550033569336,836,0.0,0.0,0.0
2024-08-22 11:07:00-04:00,115.83999633789062,115.83999633789062,115.83999633789062,115.83999633789062,509,0.0,0.0,0.0
2024-08-22 11:09:00-04:00,115.73999786376953,115.75,115.73999786376953,115.75,2989,0.0,0.0,0.0
2024-08-22 11:10:00-04:00,115.76499938964844,115.76499938964844,115.76499938964844,115.76499938964844,769,0.0,0.0,0.0
2024-08-22 11:11:00-04:00,115.77999877929688,115.77999877929688,115.76000213623047,115.76000213623047,436,0.0,0.0,0.0
2024-08-22 11:13:00-04:00,115.75,115.75,115.7300033569336,115.7300033569336,370,0.0,0.0,0.0
2024-08-22 11:14:00-04:00,115.73999786376953,115.75499725341797,115.73999786376953,115.75499725341797,374,0.0,0.0,0.0
2024-08-22 11:15:00-04:00,115.73999786376953,115.73999786376953,115.7300033569336,115.7300033569336,505,0.0,0.0,0.0
2024-08-22 11:17:00-04:00,115.72000122070312,115.72000122070312,115.70999908447266,115.70999908447266,303,0.0,0.0,0.0
2024-08-22 11:18:00-04:00,115.69000244140625,115.72579956054688,115.69000244140625,115.69000244140625,658,0.0,0.0,0.0
2024-08-22 11:19:00-04:00,115.6500015258789,115.66000366210938,115.6500015258789,115.66000366210938,1733,0.0,0.0,0.0
2024-08-22 11:20:00-04:00,115.58999633789062,115.61000061035156,115.58999633789062,115.61000061035156,695,0.0,0.0,0.0
2024-08-22 11:21:00-04:00,115.5999984741211,115.5999984741211,115.5999984741211,115.5999984741211,122,0.0,0.0,0.0
2024-08-22 11:24:00-04:00,115.66500091552734,115.66500091552734,115.66500091552734,115.66500091552734,570,0.0,0.0,0.0
2024-08-22 11:25:00-04:00,115.69010162353516,115.69010162353516,115.69010162353516,115.69010162353516,397,0.0,0.0,0.0
2024-08-22 11:27:00-04:00,115.69999694824219,115.69999694824219,115.69999694824219,115.69999694824219,336,0.0,0.0,0.0
2024-08-22 11:30:00-04:00,115.69999694824219,115.69999694824219,115.69999694824219,115.69999694824219,251,0.0,0.0,0.0
2024-08-22 11:32:00-04:00,115.76000213623047,115.76000213623047,115.76000213623047,115.76000213623047,295,0.0,0.0,0.0
2024-08-22 11:33:00-04:00,115.80999755859375,115.80999755859375,115.80999755859375,115.80999755859375,498,0.0,0.0,0.0
2024-08-22 11:35:00-04:00,115.88369750976562,115.88369750976562,115.88369750976562,115.88369750976562,333,0.0,0.0,0.0
2024-08-22 11:36:00-04:00,115.87139892578125,115.87139892578125,115.87139892578125,115.87139892578125,196,0.0,0.0,0.0
2024-08-22 11:37:00-04:00,115.88999938964844,115.88999938964844,115.88999938964844,115.88999938964844,373,0.0,0.0,0.0
2024-08-22 11:38:00-04:00,115.9000015258789,115.9000015258789,115.9000015258789,115.9000015258789,330,0.0,0.0,0.0
2024-08-22 11:39:00-04:00,115.93000030517578,115.93000030517578,115.93000030517578,115.93000030517578,546,0.0,0.0,0.0
2024-08-22 11:43:00-04:00,115.90010070800781,115.90010070800781,115.9000015258789,115.9000015258789,632,0.0,0.0,0.0
2024-08-22 11:45:00-04:00,115.95500183105469,115.95800018310547,115.95500183105469,115.95800018310547,1002,0.0,0.0,0.0
2024-08-22 11:47:00-04:00,115.9000015258789,115.9000015258789,115.9000015258789,115.9000015258789,451,0.0,0.0,0.0
2024-08-22 11:49:00-04:00,115.79000091552734,115.79499816894531,115.79000091552734,115.79499816894531,364,0.0,0.0,0.0
2024-08-22 11:51:00-04:00,115.84510040283203,115.84510040283203,115.84510040283203,115.84510040283203,212,0.0,0.0,0.0
2024-08-22 11:52:00-04:00,115.8499984741211,115.8499984741211,115.82949829101562,115.82949829101562,451,0.0,0.0,0.0
2024-08-22 11:54:00-04:00,115.80000305175781,115.81999969482422,115.80000305175781,115.80999755859375,2753,0.0,0.0,0.0
2024-08-22 11:55:00-04:00,115.78299713134766,115.78299713134766,115.78299713134766,115.78299713134766,272,0.0,0.0,0.0
2024-08-22 11:56:00-04:00,115.79000091552734,115.79000091552734,115.79000091552734,115.79000091552734,170,0.0,0.0,0.0
2024-08-22 11:58:00-04:00,115.81500244140625,115.81500244140625,115.81500244140625,115.81500244140625,568,0.0,0.0,0.0
2024-08-22 11:59:00-04:00,115.80580139160156,115.80580139160156,115.80580139160156,115.80580139160156,400,0.0,0.0,0.0
2024-08-22 12:00:00-04:00,115.7969970703125,115.7969970703125,115.7969970703125,115.7969970703125,525,0.0,0.0,0.0
2024-08-22 12:01:00-04:00,115.80000305175781,115.80000305175781,115.80000305175781,115.80000305175781,367,0.0,0.0,0.0
2024-08-22 12:03:00-04:00,115.81500244140625,115.81500244140625,115.81500244140625,115.81500244140625,200,0.0,0.0,0.0
2024-08-22 12:04:00-04:00,115.83999633789062,115.86579895019531,115.80999755859375,115.86579895019531,12578,0.0,0.0,0.0
2024-08-22 12:05:00-04:00,115.8499984741211,115.8499984741211,115.8499984741211,115.8499984741211,151,0.0,0.0,0.0
2024-08-22 12:07:00-04:00,115.83110046386719,115.83110046386719,115.83110046386719,115.83110046386719,104,0.0,0.0,0.0
2024-08-22 12:08:00-04:00,115.80000305175781,115.80000305175781,115.80000305175781,115.80000305175781,276,0.0,0.0,0.0
2024-08-22 12:10:00-04:00,115.84269714355469,115.84269714355469,115.83999633789062,115.83999633789062,244,0.0,0.0,0.0
2024-08-22 12:11:00-04:00,115.8656997680664,115.8656997680664,115.8656997680664,115.8656997680664,173,0.0,0.0,0.0
2024-08-22 12:12:00-04:00,115.82499694824219,115.82499694824219,115.82499694824219,115.82499694824219,1161,0.0,0.0,0.0
2024-08-22 12:14:00-04:00,115.82550048828125,115.82550048828125,115.82550048828125,115.82550048828125,212,0.0,0.0,0.0
2024-08-22 12:17:00-04:00,115.8499984741211,115.8499984741211,115.8499984741211,115.8499984741211,227,0.0,0.0,0.0
2024-08-22 12:20:00-04:00,115.91999816894531,115.91999816894531,115.91999816894531,115.91999816894531,250,0.0,0.0,0.0
2024-08-22 12:21:00-04:00,115.91000366210938,115.91000366210938,115.91000366210938,115.91000366210938,218,0.0,0.0,0.0
2024-08-22 12:22:00-04:00,115.88500213623047,115.88500213623047,115.8727035522461,115.8727035522461,2837,0.0,0.0,0.0
2024-08-22 12:23:00-04:00,115.87000274658203,115.9000015258789,115.87000274658203,115.9000015258789,390,0.0,0.0,0.0
2024-08-22 12:26:00-04:00,115.9115982055664,115.94999694824219,115.9115982055664,115.94999694824219,1263,0.0,0.0,0.0
2024-08-22 12:28:00-04:00,115.94000244140625,115.94000244140625,115.94000244140625,115.94000244140625,128,0.0,0.0,0.0
2024-08-22 12:30:00-04:00,115.9000015258789,115.93000030517578,115.9000015258789,115.93000030517578,427,0.0,0.0,0.0
2024-08-22 12:32:00-04:00,115.90630340576172,115.93000030517578,115.90630340576172,115.93000030517578,1862,0.0,0.0,0.0
2024-08-22 12:33:00-04:00,115.91999816894531,115.94000244140625,115.91999816894531,115.94000244140625,662,0.0,0.0,0.0
2024-08-22 12:34:00-04:00,115.947998046875,115.947998046875,115.93730163574219,115.93730163574219,627,0.0,0.0,0.0
2024-08-22 12:35:00-04:00,115.94000244140625,115.94940185546875,115.94000244140625,115.94190216064453,5380,0.0,0.0,0.0
2024-08-22 12:36:00-04:00,115.94000244140625,115.94000244140625,115.94000244140625,115.94000244140625,315,0.0,0.0,0.0
2024-08-22 12:37:00-04:00,115.94999694824219,115.94999694824219,115.94999694824219,115.94999694824219,306,0.0,0.0,0.0
2024-08-22 12:38:00-04:00,115.9520034790039,115.9520034790039,115.9520034790039,115.9520034790039,464,0.0,0.0,0.0
2024-08-22 12:41:00-04:00,115.93000030517578,115.93000030517578,115.93000030517578,115.93000030517578,218,0.0,0.0,0.0
2024-08-22 12:42:00-04:00,115.9645004272461,115.9645004272461,115.9645004272461,115.9645004272461,166,0.0,0.0,0.0
2024-08-22 12:43:00-04:00,115.91999816894531,115.91999816894531,115.91999816894531,115.91999816894531,200,0.0,0.0,0.0
2024-08-22 12:44:00-04:00,115.91999816894531,115.92839813232422,115.90879821777344,115.91000366210938,5209,0.0,0.0,0.0
2024-08-22 12:45:00-04:00,115.89129638671875,115.89129638671875,115.89129638671875,115.89129638671875,130,0.0,0.0,0.0
2024-08-22 12:46:00-04:00,115.91609954833984,115.91609954833984,115.90190124511719,115.90190124511719,375,0.0,0.0,0.0
2024-08-22 12:47:00-04:00,115.91500091552734,115.91500091552734,115.91500091552734,115.91500091552734,345,0.0,0.0,0.0
2024-08-22 12:48:00-04:00,115.9000015258789,115.9000015258789,115.88999938964844,115.88999938964844,241,0.0,0.0,0.0
2024-08-22 12:49:00-04:00,115.87999725341797,115.87999725341797,115.87000274658203,115.87000274658203,1849,0.0,0.0,0.0
2024-08-22 12:50:00-04:00,115.87999725341797,115.87999725341797,115.87999725341797,115.87999725341797,1666,0.0,0.0,0.0
2024-08-22 12:51:00-04:00,115.87000274658203,115.87000274658203,115.87000274658203,115.87000274658203,195,0.0,0.0,0.0
2024-08-22 12:52:00-04:00,115.80500030517578,115.80999755859375,115.80500030517578,115.80999755859375,351,0.0,0.0,0.0
2024-08-22 12:53:00-04:00,115.79499816894531,115.79499816894531,115.79499816894531,115.79499816894531,900,0.0,0.0,0.0
2024-08-22 12:57:00-04:00,115.70999908447266,115.70999908447266,115.7029037475586,115.7029037475586,299,0.0,0.0,0.0
2024-08-22 13:00:00-04:00,115.72730255126953,115.72730255126953,115.72730255126953,115.72730255126953,301,0.0,0.0,0.0
2024-08-22 13:01:00-04:00,115.70500183105469,115.70500183105469,115.69000244140625,115.69000244140625,314,0.0,0.0,0.0
2024-08-22 13:02:00-04:00,115.66000366210938,115.68000030517578,115.66000366210938,115.68000030517578,330,0.0,0.0,0.0
2024-08-22 13:03:00-04:00,115.66999816894531,115.66999816894531,115.66000366210938,115.66000366210938,336,0.0,0.0,0.0
2024-08-22 13:04:00-04:00,115.67859649658203,115.67859649658203,115.67859649658203,115.67859649658203,190,0.0,0.0,0.0
2024-08-22 13:06:00-04:00,115.63999938964844,115.63999938964844,115.63999938964844,115.63999938964844,269,0.0,0.0,0.0
2024-08-22 13:11:00-04:00,115.83000183105469,115.83000183105469,115.80999755859375,115.80999755859375,200,0.0,0.0,0.0
2024-08-22 13:12:00-04:00,115.80999755859375,115.80999755859375,115.80999755859375,115.80999755859375,306,0.0,0.0,0.0
2024-08-22 13:13:00-04:00,115.77999877929688,115.77999877929688,115.76000213623047,115.76000213623047,540,0.0,0.0,0.0
2024-08-22 13:17:00-04:00,115.72000122070312,115.72000122070312,115.72000122070312,115.72000122070312,145,0.0,0.0,0.0
2024-08-22 13:18:00-04:00,115.78780364990234,115.78780364990234,115.7699966430664,115.78630065917969,1279,0.0,0.0,0.0
2024-08-22 13:23:00-04:00,115.7300033569336,115.7301025390625,115.7300033569336,115.7301025390625,520,0.0,0.0,0.0
2024-08-22 13:26:00-04:00,115.72000122070312,115.72000122070312,115.72000122070312,115.72000122070312,615,0.0,0.0,0.0
2024-08-22 13:30:00-04:00,115.62000274658203,115.62000274658203,115.62000274658203,115.62000274658203,488,0.0,0.0,0.0
2024-08-22 13:31:00-04:00,115.54000091552734,115.54000091552734,115.52999877929688,115.52999877929688,262,0.0,0.0,0.0
2024-08-22 13:32:00-04:00,115.5199966430664,115.5199966430664,115.5199966430664,115.5199966430664,216,0.0,0.0,0.0
2024-08-22 13:33:00-04:00,115.58000183105469,115.61969757080078,115.58000183105469,115.61969757080078,1943,0.0,0.0,0.0
2024-08-22 13:34:00-04:00,115.5999984741211,115.5999984741211,115.5999984741211,115.5999984741211,24468,0.0,0.0,0.0
2024-08-22 13:37:00-04:00,115.6698989868164,115.6698989868164,115.6698989868164,115.6698989868164,602,0.0,0.0,0.0
2024-08-22 13:42:00-04:00,115.66000366210938,115.66000366210938,115.66000366210938,115.66000366210938,225,0.0,0.0,0.0
2024-08-22 13:44:00-04:00,115.68000030517578,115.6885986328125,115.68000030517578,115.6885986328125,546,0.0,0.0,0.0
2024-08-22 13:48:00-04:00,115.66999816894531,115.66999816894531,115.66999816894531,115.66999816894531,106,0.0,0.0,0.0
2024-08-22 13:50:00-04:00,115.69000244140625,115.70580291748047,115.69000244140625,115.70580291748047,267,0.0,0.0,0.0
2024-08-22 13:53:00-04:00,115.54620361328125,115.54620361328125,115.54620361328125,115.54620361328125,1002,0.0,0.0,0.0
2024-08-22 13:54:00-04:00,115.55999755859375,115.55999755859375,115.55999755859375,115.55999755859375,471,0.0,0.0,0.0
2024-08-22 13:55:00-04:00,115.56919860839844,115.56919860839844,115.56919860839844,115.56919860839844,491,0.0,0.0,0.0
2024-08-22 13:56:00-04:00,115.5,115.5,115.5,115.5,1179,0.0,0.0,0.0
2024-08-22 13:57:00-04:00,115.4800033569336,115.4800033569336,115.47000122070312,115.47380065917969,512,0.0,0.0,0.0
2024-08-22 14:00:00-04:00,115.5,115.5,115.5,115.5,286,0.0,0.0,0.0
2024-08-22 14:03:00-04:00,115.52999877929688,115.52999877929688,115.52999877929688,115.52999877929688,136,0.0,0.0,0.0
2024-08-22 14:05:00-04:00,115.53610229492188,115.54000091552734,115.53610229492188,115.54000091552734,848,0.0,0.0,0.0
2024-08-22 14:07:00-04:00,115.59860229492188,115.59860229492188,115.58000183105469,115.58000183105469,1183,0.0,0.0,0.0
2024-08-22 14:08:00-04:00,115.5999984741211,115.5999984741211,115.58999633789062,115.58999633789062,675,0.0,0.0,0.0
2024-08-22 14:12:00-04:00,115.69670104980469,115.69670104980469,115.69670104980469,115.69670104980469,230,0.0,0.0,0.0
2024-08-22 14:15:00-04:00,115.77999877929688,115.77999877929688,115.77999877929688,115.77999877929688,150,0.0,0.0,0.0
2024-08-22 14:16:00-04:00,115.76100158691406,115.76100158691406,115.76100158691406,115.76100158691406,199,0.0,0.0,0.0
2024-08-22 14:17:00-04:00,115.75,115.75,115.75,115.75,132,0.0,0.0,0.0
2024-08-22 14:18:00-04:00,115.7750015258789,115.7750015258789,115.7750015258789,115.7750015258789,121,0.0,0.0,0.0
2024-08-22 14:19:00-04:00,115.84919738769531,115.84919738769531,115.84919738769531,115.84919738769531,374,0.0,0.0,0.0
2024-08-22 14:20:00-04:00,115.83999633789062,115.83999633789062,115.83999633789062,115.83999633789062,309,0.0,0.0,0.0
2024-08-22 14:21:00-04:00,115.82050323486328,115.83000183105469,115.82050323486328,115.83000183105469,2671,0.0,0.0,0.0
2024-08-22 14:30:00-04:00,115.7300033569336,115.7477035522461,115.7300033569336,115.7477035522461,1105,0.0,0.0,0.0
2024-08-22 14:32:00-04:00,115.74970245361328,115.74970245361328,115.74970245361328,115.74970245361328,210,0.0,0.0,0.0
2024-08-22 14:34:00-04:00,115.79000091552734,115.79000091552734,115.79000091552734,115.79000091552734,282,0.0,0.0,0.0
2024-08-22 14:35:00-04:00,115.77999877929688,115.77999877929688,115.76499938964844,115.77999877929688,495,0.0,0.0,0.0
2024-08-22 14:39:00-04:00,115.75,115.75,115.73999786376953,115.73999786376953,394,0.0,0.0,0.0
2024-08-22 14:41:00-04:00,115.72000122070312,115.72010040283203,115.72000122070312,115.72010040283203,531,0.0,0.0,0.0
2024-08-22 14:43:00-04:00,115.73509979248047,115.73509979248047,115.70939636230469,115.70939636230469,255,0.0,0.0,0.0
2024-08-22 14:44:00-04:00,115.70999908447266,115.70999908447266,115.70999908447266,115.70999908447266,521,0.0,0.0,0.0
2024-08-22 14:46:00-04:00,115.71959686279297,115.71959686279297,115.71959686279297,115.71959686279297,281,0.0,0.0,0.0
2024-08-22 14:48:00-04:00,115.7699966430664,115.7699966430664,115.73999786376953,115.75,3061,0.0,0.0,0.0
2024-08-22 14:53:00-04:00,115.75499725341797,115.75499725341797,115.75499725341797,115.75499725341797,326,0.0,0.0,0.0
2024-08-22 14:56:00-04:00,115.73999786376953,115.76000213623047,115.73999786376953,115.76000213623047,513,0.0,0.0,0.0
2024-08-22 14:58:00-04:00,115.73650360107422,115.73650360107422,115.69000244140625,115.69000244140625,617,0.0,0.0,0.0
2024-08-22 14:59:00-04:00,115.69550323486328,115.69999694824219,115.68099975585938,115.68099975585938,1087,0.0,0.0,0.0
2024-08-22 15:00:00-04:00,115.69000244140625,115.69000244140625,115.69000244140625,115.69000244140625,101,0.0,0.0,0.0
2024-08-22 15:01:00-04:00,115.69999694824219,115.70999908447266,115.69999694824219,115.69999694824219,517,0.0,0.0,0.0
2024-08-22 15:02:00-04:00,115.70999908447266,115.70999908447266,115.70999908447266,115.70999908447266,286,0.0,0.0,0.0
2024-08-22 15:03:00-04:00,115.79000091552734,115.79989624023438,115.7750015258789,115.7750015258789,776,0.0,0.0,0.0
2024-08-22 15:04:00-04:00,115.74500274658203,115.74500274658203,115.74500274658203,115.74500274658203,551,0.0,0.0,0.0
2024-08-22 15:11:00-04:00,115.76499938964844,115.76499938964844,115.76499938964844,115.76499938964844,145,0.0,0.0,0.0
2024-08-22 15:13:00-04:00,115.83999633789062,115.83999633789062,115.83999633789062,115.83999633789062,276,0.0,0.0,0.0
2024-08-22 15:14:00-04:00,115.83999633789062,115.83999633789062,115.83999633789062,115.83999633789062,417,0.0,0.0,0.0
2024-08-22 15:16:00-04:00,115.89730072021484,115.89730072021484,115.89730072021484,115.89730072021484,684,0.0,0.0,0.0
2024-08-22 15:19:00-04:00,115.86000061035156,115.86000061035156,115.83000183105469,115.8499984741211,3205,0.0,0.0,0.0
2024-08-22 15:20:00-04:00,115.83999633789062,115.8499984741211,115.83889770507812,115.8499984741211,1449,0.0,0.0,0.0
2024-08-22 15:22:00-04:00,115.83000183105469,115.83000183105469,115.83000183105469,115.83000183105469,550,0.0,0.0,0.0
2024-08-22 15:23:00-04:00,115.80000305175781,115.80000305175781,115.80000305175781,115.80000305175781,356,0.0,0.0,0.0
2024-08-22 15:24:00-04:00,115.7969970703125,115.7969970703125,115.7969970703125,115.7969970703125,252,0.0,0.0,0.0
2024-08-22 15:26:00-04:00,115.79879760742188,115.79879760742188,115.77999877929688,115.79000091552734,939,0.0,0.0,0.0
2024-08-22 15:27:00-04:00,115.78690338134766,115.78690338134766,115.78690338134766,115.78690338134766,526,0.0,0.0,0.0
2024-08-22 15:28:00-04:00,115.80500030517578,115.80500030517578,115.80500030517578,115.80500030517578,390,0.0,0.0,0.0
2024-08-22 15:30:00-04:00,115.86070251464844,115.87000274658203,115.86070251464844,115.87000274658203,1170,0.0,0.0,0.0
2024-08-22 15:31:00-04:00,115.87899780273438,115.87899780273438,115.87000274658203,115.87000274658203,491,0.0,0.0,0.0
2024-08-22 15:32:00-04:00,115.88500213623047,115.88500213623047,115.87999725341797,115.88500213623047,1488,0.0,0.0,0.0
2024-08-22 15:35:00-04:00,115.87999725341797,115.87999725341797,115.87000274658203,115.87000274658203,1264,0.0,0.0,0.0
2024-08-22 15:36:00-04:00,115.8499984741211,115.87999725341797,115.83999633789062,115.87999725341797,16329,0.0,0.0,0.0
2024-08-22 15:37:00-04:00,115.875,115.875,115.8499984741211,115.86000061035156,2098,0.0,0.0,0.0
2024-08-22 15:38:00-04:00,115.8499984741211,115.8499984741211,115.83999633789062,115.8499984741211,1789,0.0,0.0,0.0
2024-08-22 15:39:00-04:00,115.83000183105469,115.83000183105469,115.83000183105469,115.83000183105469,393,0.0,0.0,0.0
2024-08-22 15:40:00-04:00,115.81999969482422,115.81999969482422,115.79000091552734,115.80000305175781,2165,0.0,0.0,0.0
2024-08-22 15:41:00-04:00,115.80000305175781,115.80999755859375,115.77999877929688,115.80999755859375,1802,0.0,0.0,0.0
2024-08-22 15:42:00-04:00,115.82499694824219,115.82499694824219,115.81999969482422,115.81999969482422,568,0.0,0.0,0.0
2024-08-22 15:43:00-04:00,115.83999633789062,115.83999633789062,115.83999633789062,115.83999633789062,347,0.0,0.0,0.0
2024-08-22 15:44:00-04:00,115.83049774169922,115.83999633789062,115.83049774169922,115.83999633789062,613,0.0,0.0,0.0
2024-08-22 15:45:00-04:00,115.8499984741211,115.8499984741211,115.80000305175781,115.80000305175781,1888,0.0,0.0,0.0
2024-08-22 15:46:00-04:00,115.79000091552734,115.79000091552734,115.79000091552734,115.79000091552734,262,0.0,0.0,0.0
2024-08-22 15:47:00-04:00,115.7699966430664,115.80999755859375,115.76000213623047,115.80999755859375,2223,0.0,0.0,0.0
2024-08-22 15:48:00-04:00,115.80989837646484,115.80989837646484,115.79499816894531,115.79499816894531,812,0.0,0.0,0.0
2024-08-22 15:49:00-04:00,115.79000091552734,115.79000091552734,115.78500366210938,115.78500366210938,238,0.0,0.0,0.0
2024-08-22 15:50:00-04:00,115.80000305175781,115.83999633789062,115.73999786376953,115.77999877929688,2571,0.0,0.0,0.0
2024-08-22 15:51:00-04:00,115.79000091552734,115.79000091552734,115.72000122070312,115.72000122070312,383,0.0,0.0,0.0
2024-08-22 15:52:00-04:00,115.75,115.75,115.7300033569336,115.7300033569336,491,0.0,0.0,0.0
2024-08-22 15:53:00-04:00,115.70999908447266,115.70999908447266,115.66000366210938,115.66000366210938,811,0.0,0.0,0.0
2024-08-22 15:54:00-04:00,115.7300033569336,115.7300033569336,115.7300033569336,115.7300033569336,388,0.0,0.0,0.0
2024-08-22 15:55:00-04:00,115.75,115.75,115.75,115.75,118,0.0,0.0,0.0
2024-08-22 15:56:00-04:00,115.73999786376953,115.73999786376953,115.7208023071289,115.7208023071289,1073,0.0,0.0,0.0
2024-08-22 15:57:00-04:00,115.70999908447266,115.70999908447266,115.70999908447266,115.70999908447266,370,0.0,0.0,0.0
2024-08-22 15:58:00-04:00,115.75,115.75,115.73999786376953,115.73999786376953,1973,0.0,0.0,0.0
2024-08-22 15:59:00-04:00,115.73999786376953,115.94999694824219,115.73999786376953,115.94000244140625,3560,0.0,0.0,0.0
2024-08-23 09:30:00-04:00,116.29000091552734,116.31999969482422,116.25,116.25,4754,0.0,0.0,0.0
2024-08-23 09:31:00-04:00,116.34500122070312,116.34500122070312,116.30999755859375,116.31999969482422,637,0.0,0.0,0.0
2024-08-23 09:32:00-04:00,116.26000213623047,116.26000213623047,116.26000213623047,116.26000213623047,374,0.0,0.0,0.0
2024-08-23 09:33:00-04:00,116.33999633789062,116.33999633789062,116.33999633789062,116.33999633789062,1021,0.0,0.0,0.0
2024-08-23 09:34:00-04:00,116.41000366210938,116.41000366210938,116.41000366210938,116.41000366210938,465,0.0,0.0,0.0
2024-08-23 09:35:00-04:00,116.41999816894531,116.41999816894531,116.38999938964844,116.38999938964844,552,0.0,0.0,0.0
2024-08-23 09:36:00-04:00,116.43990325927734,116.43990325927734,116.43990325927734,116.43990325927734,100,0.0,0.0,0.0
2024-08-23 09:37:00-04:00,116.38999938964844,116.38999938964844,116.37999725341797,116.37999725341797,279,0.0,0.0,0.0
2024-08-23 09:39:00-04:00,116.33999633789062,116.33999633789062,116.30999755859375,116.30999755859375,1042,0.0,0.0,0.0
2024-08-23 09:41:00-04:00,116.30999755859375,116.30999755859375,116.30999755859375,116.30999755859375,789,0.0,0.0,0.0
2024-08-23 09:42:00-04:00,116.31999969482422,116.31999969482422,116.31999969482422,116.31999969482422,719,0.0,0.0,0.0
2024-08-23 09:44:00-04:00,116.33000183105469,116.33000183105469,116.28070068359375,116.28070068359375,645,0.0,0.0,0.0
2024-08-23 09:45:00-04:00,116.31529998779297,116.31529998779297,116.31529998779297,116.31529998779297,106,0.0,0.0,0.0
2024-08-23 09:46:00-04:00,116.27999877929688,116.27999877929688,116.25,116.27799987792969,955,0.0,0.0,0.0
2024-08-23 09:47:00-04:00,116.25,116.25,116.20999908447266,116.20999908447266,1130,0.0,0.0,0.0
2024-08-23 09:48:00-04:00,116.19999694824219,116.19999694824219,116.19999694824219,116.19999694824219,713,0.0,0.0,0.0
2024-08-23 09:51:00-04:00,116.13999938964844,116.13999938964844,116.13999938964844,116.13999938964844,252,0.0,0.0,0.0
2024-08-23 09:52:00-04:00,116.125,116.19000244140625,116.125,116.19000244140625,705,0.0,0.0,0.0
2024-08-23 09:53:00-04:00,116.25,116.25,116.25,116.25,1352,0.0,0.0,0.0
2024-08-23 09:54:00-04:00,116.2134017944336,116.2300033569336,116.2134017944336,116.2300033569336,274,0.0,0.0,0.0
2024-08-23 09:55:00-04:00,116.23999786376953,116.23999786376953,116.23999786376953,116.23999786376953,401,0.0,0.0,0.0
2024-08-23 09:56:00-04:00,116.23999786376953,116.2699966430664,116.23999786376953,116.2699966430664,252,0.0,0.0,0.0
2024-08-23 09:58:00-04:00,116.27999877929688,116.27999877929688,116.27999877929688,116.27999877929688,489,0.0,0.0,0.0
2024-08-23 10:01:00-04:00,116.43000030517578,116.43000030517578,116.43000030517578,116.43000030517578,1050,0.0,0.0,0.0
2024-08-23 10:02:00-04:00,116.46499633789062,116.46499633789062,116.44999694824219,116.44999694824219,869,0.0,0.0,0.0
2024-08-23 10:03:00-04:00,116.44010162353516,116.44010162353516,116.44010162353516,116.44010162353516,446,0.0,0.0,0.0
2024-08-23 10:04:00-04:00,116.52940368652344,116.52940368652344,116.52940368652344,116.52940368652344,568,0.0,0.0,0.0
2024-08-23 10:05:00-04:00,116.5199966430664,116.55000305175781,116.5,116.52999877929688,2871,0.0,0.0,0.0
2024-08-23 10:06:00-04:00,116.54000091552734,116.54000091552734,116.54000091552734,116.54000091552734,164,0.0,0.0,0.0
2024-08-23 10:07:00-04:00,116.54000091552734,116.54000091552734,116.54000091552734,116.54000091552734,701,0.0,0.0,0.0
2024-08-23 10:08:00-04:00,116.52999877929688,116.52999877929688,116.51000213623047,116.5199966430664,391,0.0,0.0,0.0
2024-08-23 10:12:00-04:00,116.66000366210938,116.66000366210938,116.66000366210938,116.66000366210938,101,0.0,0.0,0.0
2024-08-23 10:13:00-04:00,116.67500305175781,116.67500305175781,116.67500305175781,116.67500305175781,292,0.0,0.0,0.0
2024-08-23 10:14:00-04:00,116.69000244140625,116.69709777832031,116.68000030517578,116.68000030517578,1041,0.0,0.0,0.0
2024-08-23 10:15:00-04:00,116.66999816894531,116.66999816894531,116.66999816894531,116.66999816894531,118,0.0,0.0,0.0
2024-08-23 10:16:00-04:00,116.69000244140625,116.69000244140625,116.66000366210938,116.66000366210938,961,0.0,0.0,0.0
2024-08-23 10:17:00-04:00,116.61000061035156,116.61000061035156,116.55000305175781,116.55500030517578,1183,0.0,0.0,0.0
2024-08-23 10:18:00-04:00,116.52999877929688,116.52999877929688,116.489501953125,116.48999786376953,1249,0.0,0.0,0.0
2024-08-23 10:19:00-04:00,116.45999908447266,116.5,116.45999908447266,116.5,2488,0.0,0.0,0.0
2024-08-23 10:20:00-04:00,116.51000213623047,116.51000213623047,116.49500274658203,116.49500274658203,529,0.0,0.0,0.0
2024-08-23 10:21:00-04:00,116.51000213623047,116.55000305175781,116.51000213623047,116.51399993896484,3365,0.0,0.0,0.0
2024-08-23 10:22:00-04:00,116.54000091552734,116.54000091552734,116.54000091552734,116.54000091552734,460,0.0,0.0,0.0
2024-08-23 10:23:00-04:00,116.6500015258789,116.6500015258789,116.62999725341797,116.62999725341797,359,0.0,0.0,0.0
2024-08-23 10:24:00-04:00,116.66999816894531,116.68000030517578,116.66000366210938,116.66000366210938,545,0.0,0.0,0.0
2024-08-23 10:25:00-04:00,116.66000366210938,116.66000366210938,116.61000061035156,116.61000061035156,2600,0.0,0.0,0.0
2024-08-23 10:27:00-04:00,116.68000030517578,116.68000030517578,116.68000030517578,116.68000030517578,101,0.0,0.0,0.0
2024-08-23 10:28:00-04:00,116.69000244140625,116.69000244140625,116.69000244140625,116.69000244140625,481,0.0,0.0,0.0
2024-08-23 10:29:00-04:00,116.69000244140625,116.69000244140625,116.69000244140625,116.69000244140625,206,0.0,0.0,0.0
2024-08-23 10:30:00-04:00,116.66000366210938,116.68240356445312,116.66000366210938,116.68240356445312,1760,0.0,0.0,0.0
2024-08-23 10:31:00-04:00,116.68000030517578,116.68000030517578,116.66999816894531,116.67140197753906,1346,0.0,0.0,0.0
2024-08-23 10:33:00-04:00,116.63999938964844,116.6500015258789,116.63999938964844,116.63999938964844,1473,0.0,0.0,0.0
2024-08-23 10:34:00-04:00,116.66000366210938,116.66000366210938,116.61000061035156,116.61000061035156,1413,0.0,0.0,0.0
2024-08-23 10:35:00-04:00,116.58000183105469,116.58000183105469,116.55999755859375,116.56999969482422,2167,0.0,0.0,0.0
2024-08-23 10:36:00-04:00,116.56500244140625,116.56500244140625,116.56500244140625,116.56500244140625,447,0.0,0.0,0.0
2024-08-23 10:38:00-04:00,116.63999938964844,116.63999938964844,116.63999938964844,116.63999938964844,408,0.0,0.0,0.0
2024-08-23 10:42:00-04:00,116.68000030517578,116.68000030517578,116.68000030517578,116.68000030517578,605,0.0,0.0,0.0
2024-08-23 10:43:00-04:00,116.71499633789062,116.71499633789062,116.71499633789062,116.71499633789062,707,0.0,0.0,0.0
2024-08-23 10:45:00-04:00,116.74659729003906,116.74659729003906,116.74659729003906,116.74659729003906,210,0.0,0.0,0.0
2024-08-23 10:46:00-04:00,116.72000122070312,116.72000122070312,116.72000122070312,116.72000122070312,637,0.0,0.0,0.0
2024-08-23 10:47:00-04:00,116.65039825439453,116.65039825439453,116.65039825439453,116.65039825439453,265,0.0,0.0,0.0
2024-08-23 10:48:00-04:00,116.72000122070312,116.72000122070312,116.6500015258789,116.6500015258789,976,0.0,0.0,0.0
2024-08-23 10:49:00-04:00,116.61000061035156,116.61000061035156,116.59010314941406,116.59010314941406,356,0.0,0.0,0.0
2024-08-23 10:50:00-04:00,116.61100006103516,116.61100006103516,116.61100006103516,116.61100006103516,1443,0.0,0.0,0.0
2024-08-23 10:51:00-04:00,116.6448974609375,116.6448974609375,116.61000061035156,116.61499786376953,2493,0.0,0.0,0.0
2024-08-23 10:52:00-04:00,116.66000366210938,116.66000366210938,116.63500213623047,116.63500213623047,1363,0.0,0.0,0.0
2024-08-23 10:53:00-04:00,116.63089752197266,116.63089752197266,116.63089752197266,116.63089752197266,312,0.0,0.0,0.0
2024-08-23 10:55:00-04:00,116.69100189208984,116.69999694824219,116.69100189208984,116.69999694824219,1537,0.0,0.0,0.0
2024-08-23 10:56:00-04:00,116.66999816894531,116.70989990234375,116.66999816894531,116.70989990234375,547,0.0,0.0,0.0
2024-08-23 10:57:00-04:00,116.7300033569336,116.73999786376953,116.7300033569336,116.73999786376953,317,0.0,0.0,0.0
2024-08-23 10:58:00-04:00,116.76000213623047,116.76000213623047,116.76000213623047,116.76000213623047,6253,0.0,0.0,0.0
2024-08-23 11:00:00-04:00,116.69000244140625,116.72000122070312,116.69000244140625,116.69000244140625,553,0.0,0.0,0.0
2024-08-23 11:01:00-04:00,116.69010162353516,116.69010162353516,116.69010162353516,116.69010162353516,498,0.0,0.0,0.0
2024-08-23 11:02:00-04:00,116.74500274658203,116.74500274658203,116.73509979248047,116.73509979248047,884,0.0,0.0,0.0
2024-08-23 11:03:00-04:00,116.71640014648438,116.7300033569336,116.71640014648438,116.7300033569336,701,0.0,0.0,0.0
2024-08-23 11:04:00-04:00,116.7300033569336,116.7300033569336,116.7197036743164,116.72000122070312,980,0.0,0.0,0.0
2024-08-23 11:05:00-04:00,116.74500274658203,116.74500274658203,116.72869873046875,116.72869873046875,777,0.0,0.0,0.0
2024-08-23 11:06:00-04:00,116.7300033569336,116.76000213623047,116.72000122070312,116.76000213623047,6742,0.0,0.0,0.0
2024-08-23 11:07:00-04:00,116.77999877929688,116.79000091552734,116.77999877929688,116.79000091552734,444,0.0,0.0,0.0
2024-08-23 11:08:00-04:00,116.75340270996094,116.75340270996094,116.75,116.75,784,0.0,0.0,0.0
2024-08-23 11:10:00-04:00,116.74500274658203,116.74500274658203,116.72000122070312,116.72000122070312,812,0.0,0.0,0.0
2024-08-23 11:11:00-04:00,116.66999816894531,116.66999816894531,116.65519714355469,116.65519714355469,580,0.0,0.0,0.0
2024-08-23 11:12:00-04:00,116.68000030517578,116.68000030517578,116.66000366210938,116.66000366210938,653,0.0,0.0,0.0
2024-08-23 11:13:00-04:00,116.66500091552734,116.66500091552734,116.66500091552734,116.66500091552734,553,0.0,0.0,0.0
2024-08-23 11:14:00-04:00,116.7300033569336,116.79000091552734,116.7300033569336,116.79000091552734,1094,0.0,0.0,0.0
2024-08-23 11:15:00-04:00,116.80500030517578,116.80500030517578,116.80500030517578,116.80500030517578,562,0.0,0.0,0.0
2024-08-23 11:17:00-04:00,116.84719848632812,116.84719848632812,116.84719848632812,116.84719848632812,222,0.0,0.0,0.0
2024-08-23 11:18:00-04:00,116.87870025634766,116.87870025634766,116.87870025634766,116.87870025634766,131,0.0,0.0,0.0
2024-08-23 11:19:00-04:00,116.90969848632812,116.90969848632812,116.90969848632812,116.90969848632812,191,0.0,0.0,0.0
2024-08-23 11:20:00-04:00,116.87999725341797,116.87999725341797,116.8375015258789,116.8375015258789,581,0.0,0.0,0.0
2024-08-23 11:21:00-04:00,116.82129669189453,116.82129669189453,116.82129669189453,116.82129669189453,86266,0.0,0.0,0.0
2024-08-23 11:22:00-04:00,116.84940338134766,116.84940338134766,116.84940338134766,116.84940338134766,211,0.0,0.0,0.0
2024-08-23 11:25:00-04:00,116.83670043945312,116.83670043945312,116.80999755859375,116.80999755859375,476,0.0,0.0,0.0
2024-08-23 11:26:00-04:00,116.79000091552734,116.79740142822266,116.77999877929688,116.79740142822266,1554,0.0,0.0,0.0
2024-08-23 11:27:00-04:00,116.7699966430664,116.7699966430664,116.7699966430664,116.7699966430664,271,0.0,0.0,0.0
2024-08-23 11:28:00-04:00,116.77169799804688,116.81999969482422,116.77169799804688,116.81999969482422,2455,0.0,0.0,0.0
2024-08-23 11:31:00-04:00,116.80500030517578,116.81999969482422,116.80500030517578,116.81999969482422,840,0.0,0.0,0.0
2024-08-23 11:33:00-04:00,116.81800079345703,116.81800079345703,116.81800079345703,116.81800079345703,260,0.0,0.0,0.0
2024-08-23 11:35:00-04:00,116.80729675292969,116.80729675292969,116.80729675292969,116.80729675292969,132,0.0,0.0,0.0
2024-08-23 11:36:00-04:00,116.81500244140625,116.81500244140625,116.81500244140625,116.81500244140625,944,0.0,0.0,0.0
2024-08-23 11:38:00-04:00,116.81999969482422,116.81999969482422,116.81999969482422,116.81999969482422,1510,0.0,0.0,0.0
2024-08-23 11:39:00-04:00,116.83000183105469,116.8364028930664,116.80000305175781,116.80000305175781,1536,0.0,0.0,0.0
2024-08-23 11:40:00-04:00,116.83000183105469,116.83000183105469,116.83000183105469,116.83000183105469,216,0.0,0.0,0.0
2024-08-23 11:43:00-04:00,116.7699966430664,116.7699966430664,116.7699966430664,116.7699966430664,216,0.0,0.0,0.0
2024-08-23 11:44:00-04:00,116.76499938964844,116.76499938964844,116.72000122070312,116.72000122070312,493,0.0,0.0,0.0
2024-08-23 11:45:00-04:00,116.68000030517578,116.68000030517578,116.66999816894531,116.66999816894531,301,0.0,0.0,0.0
2024-08-23 11:48:00-04:00,116.70999908447266,116.70999908447266,116.70999908447266,116.70999908447266,448,0.0,0.0,0.0
2024-08-23 11:50:00-04:00,116.69000244140625,116.69000244140625,116.69000244140625,116.69000244140625,199,0.0,0.0,0.0
2024-08-23 11:51:00-04:00,116.65589904785156,116.65589904785156,116.63999938964844,116.63999938964844,1090,0.0,0.0,0.0
2024-08-23 11:57:00-04:00,116.61000061035156,116.61000061035156,116.58999633789062,116.58999633789062,418,0.0,0.0,0.0
2024-08-23 11:58:00-04:00,116.5696029663086,116.5696029663086,116.5696029663086,116.5696029663086,750,0.0,0.0,0.0
2024-08-23 11:59:00-04:00,116.58499908447266,116.58499908447266,116.55999755859375,116.55999755859375,652,0.0,0.0,0.0
2024-08-23 12:01:00-04:00,116.46379852294922,116.46379852294922,116.46299743652344,116.46299743652344,597,0.0,0.0,0.0
2024-08-23 12:02:00-04:00,116.44999694824219,116.45999908447266,116.44999694824219,116.45999908447266,215,0.0,0.0,0.0
2024-08-23 12:03:00-04:00,116.45999908447266,116.45999908447266,116.45999908447266,116.45999908447266,123,0.0,0.0,0.0
2024-08-23 12:04:00-04:00,116.46499633789062,116.46499633789062,116.46499633789062,116.46499633789062,549,0.0,0.0,0.0
2024-08-23 12:07:00-04:00,116.44550323486328,116.44550323486328,116.44550323486328,116.44550323486328,295,0.0,0.0,0.0
2024-08-23 12:11:00-04:00,116.55000305175781,116.55000305175781,116.55000305175781,116.55000305175781,494,0.0,0.0,0.0
2024-08-23 12:14:00-04:00,116.5,116.5,116.47000122070312,116.47000122070312,317,0.0,0.0,0.0
2024-08-23 12:16:00-04:00,116.49800109863281,116.49800109863281,116.43000030517578,116.44000244140625,4479,0.0,0.0,0.0
2024-08-23 12:17:00-04:00,116.43499755859375,116.43499755859375,116.41999816894531,116.41999816894531,427,0.0,0.0,0.0
2024-08-23 12:24:00-04:00,116.45999908447266,116.45999908447266,116.45909881591797,116.45909881591797,303,0.0,0.0,0.0
2024-08-23 12:25:00-04:00,116.41999816894531,116.43000030517578,116.41999816894531,116.41999816894531,602,0.0,0.0,0.0
2024-08-23 12:28:00-04:00,116.4177017211914,116.4177017211914,116.37999725341797,116.37999725341797,547,0.0,0.0,0.0
2024-08-23 12:30:00-04:00,116.4000015258789,116.4000015258789,116.4000015258789,116.4000015258789,111,0.0,0.0,0.0
2024-08-23 12:31:00-04:00,116.47000122070312,116.47000122070312,116.45999908447266,116.45999908447266,863,0.0,0.0,0.0
2024-08-23 12:33:00-04:00,116.41999816894531,116.41999816894531,116.41999816894531,116.41999816894531,188,0.0,0.0,0.0
2024-08-23 12:35:00-04:00,116.48049926757812,116.48049926757812,116.4800033569336,116.4800033569336,524,0.0,0.0,0.0
2024-08-23 12:37:00-04:00,116.5,116.5,116.5,116.5,111,0.0,0.0,0.0
2024-08-23 12:39:00-04:00,116.48999786376953,116.48999786376953,116.48999786376953,116.48999786376953,264,0.0,0.0,0.0
2024-08-23 12:41:00-04:00,116.5176010131836,116.5176010131836,116.49549865722656,116.5176010131836,114188,0.0,0.0,0.0
2024-08-23 12:42:00-04:00,116.4800033569336,116.4800033569336,116.41000366210938,116.41000366210938,675,0.0,0.0,0.0
2024-08-23 12:43:00-04:00,116.37000274658203,116.37000274658203,116.37000274658203,116.37000274658203,349,0.0,0.0,0.0
2024-08-23 12:44:00-04:00,116.38970184326172,116.38970184326172,116.38970184326172,116.38970184326172,929,0.0,0.0,0.0
2024-08-23 12:46:00-04:00,116.37999725341797,116.37999725341797,116.37999725341797,116.37999725341797,199,0.0,0.0,0.0
2024-08-23 12:50:00-04:00,116.4749984741211,116.4749984741211,116.45999908447266,116.45999908447266,659,0.0,0.0,0.0
2024-08-23 12:51:00-04:00,116.51000213623047,116.58999633789062,116.51000213623047,116.58999633789062,430,0.0,0.0,0.0
2024-08-23 12:52:00-04:00,116.5802993774414,116.5802993774414,116.58000183105469,116.58000183105469,995,0.0,0.0,0.0
2024-08-23 12:55:00-04:00,116.63249969482422,116.63249969482422,116.63249969482422,116.63249969482422,341,0.0,0.0,0.0
2024-08-23 12:57:00-04:00,116.66000366210938,116.66000366210938,116.6500015258789,116.6500015258789,328,0.0,0.0,0.0
2024-08-23 12:58:00-04:00,116.63999938964844,116.6449966430664,116.63999938964844,116.6449966430664,1047,0.0,0.0,0.0
2024-08-23 12:59:00-04:00,116.63999938964844,116.63999938964844,116.62999725341797,116.62999725341797,380,0.0,0.0,0.0
2024-08-23 13:03:00-04:00,116.66000366210938,116.66000366210938,116.6500015258789,116.6500015258789,854,0.0,0.0,0.0
2024-08-23 13:07:00-04:00,116.62899780273438,116.62899780273438,116.62899780273438,116.62899780273438,437,0.0,0.0,0.0
2024-08-23 13:12:00-04:00,116.62999725341797,116.63999938964844,116.62999725341797,116.63999938964844,293,0.0,0.0,0.0
2024-08-23 13:13:00-04:00,116.65499877929688,116.66999816894531,116.65499877929688,116.66999816894531,628,0.0,0.0,0.0
2024-08-23 13:18:00-04:00,116.66000366210938,116.66000366210938,116.66000366210938,116.66000366210938,166,0.0,0.0,0.0
2024-08-23 13:19:00-04:00,116.60790252685547,116.61019897460938,116.60790252685547,116.61019897460938,1058,0.0,0.0,0.0
2024-08-23 13:22:00-04:00,116.70670318603516,116.70670318603516,116.70670318603516,116.70670318603516,462,0.0,0.0,0.0
2024-08-23 13:30:00-04:00,116.69000244140625,116.69999694824219,116.69000244140625,116.69000244140625,1129,0.0,0.0,0.0
2024-08-23 13:34:00-04:00,116.68090057373047,116.68090057373047,116.68090057373047,116.68090057373047,728,0.0,0.0,0.0
2024-08-23 13:36:00-04:00,116.69000244140625,116.69000244140625,116.69000244140625,116.69000244140625,4301,0.0,0.0,0.0
2024-08-23 13:37:00-04:00,116.68000030517578,116.68000030517578,116.68000030517578,116.68000030517578,333,0.0,0.0,0.0
2024-08-23 13:42:00-04:00,116.69999694824219,116.69999694824219,116.69999694824219,116.69999694824219,105,0.0,0.0,0.0
2024-08-23 13:43:00-04:00,116.69999694824219,116.69999694824219,116.69999694824219,116.69999694824219,603,0.0,0.0,0.0
2024-08-23 13:49:00-04:00,116.73999786376953,116.73999786376953,116.73999786376953,116.73999786376953,192,0.0,0.0,0.0
2024-08-23 13:51:00-04:00,116.74349975585938,116.74349975585938,116.74349975585938,116.74349975585938,922,0.0,0.0,0.0
2024-08-23 13:52:00-04:00,116.72000122070312,116.72000122070312,116.72000122070312,116.72000122070312,133268,0.0,0.0,0.0
2024-08-23 13:54:00-04:00,116.74500274658203,116.74500274658203,116.74500274658203,116.74500274658203,110,0.0,0.0,0.0
2024-08-23 13:55:00-04:00,116.73500061035156,116.73500061035156,116.73500061035156,116.73500061035156,389,0.0,0.0,0.0
2024-08-23 13:59:00-04:00,116.76000213623047,116.76000213623047,116.76000213623047,116.76000213623047,224,0.0,0.0,0.0
2024-08-23 14:00:00-04:00,116.73259735107422,116.76000213623047,116.7300033569336,116.7300033569336,1756,0.0,0.0,0.0
2024-08-23 14:03:00-04:00,116.7249984741211,116.73999786376953,116.7249984741211,116.73999786376953,584,0.0,0.0,0.0
2024-08-23 14:08:00-04:00,116.75,116.75,116.75,116.75,2109,0.0,0.0,0.0
2024-08-23 14:13:00-04:00,116.77960205078125,116.77960205078125,116.77960205078125,116.77960205078125,217,0.0,0.0,0.0
2024-08-23 14:16:00-04:00,116.7699966430664,116.7699966430664,116.76730346679688,116.76730346679688,1408,0.0,0.0,0.0
2024-08-23 14:18:00-04:00,116.76000213623047,116.76000213623047,116.76000213623047,116.76000213623047,258,0.0,0.0,0.0
2024-08-23 14:19:00-04:00,116.75,116.75,116.75,116.75,111,0.0,0.0,0.0
2024-08-23 14:20:00-04:00,116.75,116.75,116.74700164794922,116.74700164794922,515,0.0,0.0,0.0
2024-08-23 14:21:00-04:00,116.75,116.75630187988281,116.75,116.75630187988281,3928,0.0,0.0,0.0
2024-08-23 14:23:00-04:00,116.69999694824219,116.69999694824219,116.69999694824219,116.69999694824219,249,0.0,0.0,0.0
2024-08-23 14:24:00-04:00,116.72000122070312,116.72000122070312,116.72000122070312,116.72000122070312,541,0.0,0.0,0.0
2024-08-23 14:31:00-04:00,116.76000213623047,116.76000213623047,116.76000213623047,116.76000213623047,100,0.0,0.0,0.0
2024-08-23 14:32:00-04:00,116.76000213623047,116.76000213623047,116.76000213623047,116.76000213623047,185,0.0,0.0,0.0
2024-08-23 14:34:00-04:00,116.77999877929688,116.77999877929688,116.7699966430664,116.7699966430664,200,0.0,0.0,0.0
2024-08-23 14:35:00-04:00,116.75579833984375,116.77639770507812,116.75579833984375,116.77639770507812,357,0.0,0.0,0.0
2024-08-23 14:36:00-04:00,116.7699966430664,116.7699966430664,116.7699966430664,116.7699966430664,101,0.0,0.0,0.0
2024-08-23 14:37:00-04:00,116.75,116.75,116.75,116.75,188,0.0,0.0,0.0
2024-08-23 14:38:00-04:00,116.77999877929688,116.77999877929688,116.77999877929688,116.77999877929688,138,0.0,0.0,0.0
2024-08-23 14:40:00-04:00,116.76000213623047,116.7699966430664,116.76000213623047,116.7699966430664,643,0.0,0.0,0.0
2024-08-23 14:41:00-04:00,116.77999877929688,116.79000091552734,116.77999877929688,116.79000091552734,602,0.0,0.0,0.0
2024-08-23 14:42:00-04:00,116.76000213623047,116.77999877929688,116.76000213623047,116.76000213623047,148789,0.0,0.0,0.0
2024-08-23 14:47:00-04:00,116.80999755859375,116.80999755859375,116.80999755859375,116.80999755859375,106,0.0,0.0,0.0
2024-08-23 14:48:00-04:00,116.80999755859375,116.80999755859375,116.80999755859375,116.80999755859375,392,0.0,0.0,0.0
2024-08-23 14:54:00-04:00,116.82630157470703,116.82630157470703,116.82630157470703,116.82630157470703,603,0.0,0.0,0.0
2024-08-23 14:58:00-04:00,116.80999755859375,116.80999755859375,116.80999755859375,116.80999755859375,1429,0.0,0.0,0.0
2024-08-23 14:59:00-04:00,116.80010223388672,116.80999755859375,116.80010223388672,116.80999755859375,234,0.0,0.0,0.0
2024-08-23 15:00:00-04:00,116.80000305175781,116.80999755859375,116.80000305175781,116.80999755859375,342,0.0,0.0,0.0
2024-08-23 15:02:00-04:00,116.79000091552734,116.79000091552734,116.79000091552734,116.79000091552734,341,0.0,0.0,0.0
2024-08-23 15:08:00-04:00,116.81500244140625,116.81500244140625,116.81500244140625,116.81500244140625,242,0.0,0.0,0.0
2024-08-23 15:09:00-04:00,116.81999969482422,116.81999969482422,116.81999969482422,116.81999969482422,582,0.0,0.0,0.0
2024-08-23 15:11:00-04:00,116.86990356445312,116.87999725341797,116.86990356445312,116.87999725341797,1895,0.0,0.0,0.0
2024-08-23 15:12:00-04:00,116.87000274658203,116.87000274658203,116.87000274658203,116.87000274658203,204,0.0,0.0,0.0
2024-08-23 15:13:00-04:00,116.86499786376953,116.91000366210938,116.86499786376953,116.91000366210938,278,0.0,0.0,0.0
2024-08-23 15:14:00-04:00,116.9000015258789,116.9000015258789,116.9000015258789,116.9000015258789,169,0.0,0.0,0.0
2024-08-23 15:15:00-04:00,116.88999938964844,116.88999938964844,116.87999725341797,116.87999725341797,504,0.0,0.0,0.0
2024-08-23 15:16:00-04:00,116.87000274658203,116.87999725341797,116.87000274658203,116.87999725341797,442,0.0,0.0,0.0
2024-08-23 15:18:00-04:00,116.88999938964844,116.88999938964844,116.88999938964844,116.88999938964844,357,0.0,0.0,0.0
2024-08-23 15:19:00-04:00,116.9000015258789,116.9000015258789,116.9000015258789,116.9000015258789,421,0.0,0.0,0.0
2024-08-23 15:20:00-04:00,116.91000366210938,116.91000366210938,116.9000015258789,116.9000015258789,564,0.0,0.0,0.0
2024-08-23 15:21:00-04:00,116.88999938964844,116.88999938964844,116.88999938964844,116.88999938964844,231,0.0,0.0,0.0
2024-08-23 15:22:00-04:00,116.88500213623047,116.88500213623047,116.87999725341797,116.87999725341797,784,0.0,0.0,0.0
2024-08-23 15:25:00-04:00,116.91000366210938,116.91000366210938,116.91000366210938,116.91000366210938,436,0.0,0.0,0.0
2024-08-23 15:27:00-04:00,116.91999816894531,116.91999816894531,116.91500091552734,116.91999816894531,598,0.0,0.0,0.0
2024-08-23 15:30:00-04:00,116.93000030517578,116.94000244140625,116.93000030517578,116.94000244140625,831,0.0,0.0,0.0
2024-08-23 15:31:00-04:00,116.94000244140625,116.94000244140625,116.94000244140625,116.94000244140625,254,0.0,0.0,0.0
2024-08-23 15:32:00-04:00,116.94999694824219,116.94999694824219,116.94000244140625,116.94000244140625,525,0.0,0.0,0.0
2024-08-23 15:33:00-04:00,116.93000030517578,116.93000030517578,116.93000030517578,116.93000030517578,448,0.0,0.0,0.0
2024-08-23 15:34:00-04:00,116.93000030517578,116.93000030517578,116.91000366210938,116.91000366210938,407,0.0,0.0,0.0
2024-08-23 15:35:00-04:00,116.93000030517578,116.93000030517578,116.93000030517578,116.93000030517578,601,0.0,0.0,0.0
2024-08-23 15:36:00-04:00,116.87999725341797,116.87999725341797,116.87000274658203,116.87000274658203,468,0.0,0.0,0.0
2024-08-23 15:37:00-04:00,116.87999725341797,116.87999725341797,116.87999725341797,116.87999725341797,363,0.0,0.0,0.0
2024-08-23 15:39:00-04:00,116.8499984741211,116.86000061035156,116.8499984741211,116.86000061035156,922,0.0,0.0,0.0
2024-08-23 15:40:00-04:00,116.87000274658203,116.88999938964844,116.87000274658203,116.88999938964844,917,0.0,0.0,0.0
2024-08-23 15:41:00-04:00,116.89959716796875,116.89959716796875,116.89959716796875,116.89959716796875,623,0.0,0.0,0.0
2024-08-23 15:42:00-04:00,116.88999938964844,116.88999938964844,116.87999725341797,116.87999725341797,539,0.0,0.0,0.0
2024-08-23 15:44:00-04:00,116.86499786376953,116.86499786376953,116.86499786376953,116.86499786376953,232,0.0,0.0,0.0
2024-08-23 15:45:00-04:00,116.83000183105469,116.83000183105469,116.80999755859375,116.80999755859375,691,0.0,0.0,0.0
2024-08-23 15:48:00-04:00,116.93000030517578,116.93499755859375,116.93000030517578,116.93499755859375,786,0.0,0.0,0.0
2024-08-23 15:49:00-04:00,116.91999816894531,116.93000030517578,116.91999816894531,116.93000030517578,512,0.0,0.0,0.0
2024-08-23 15:50:00-04:00,116.94000244140625,116.94000244140625,116.9000015258789,116.91999816894531,1028,0.0,0.0,0.0
2024-08-23 15:51:00-04:00,116.95500183105469,116.95500183105469,116.91000366210938,116.91000366210938,380,0.0,0.0,0.0
2024-08-23 15:52:00-04:00,116.94999694824219,116.94999694824219,116.94999694824219,116.94999694824219,211,0.0,0.0,0.0
2024-08-23 15:53:00-04:00,116.943603515625,116.943603515625,116.91000366210938,116.93000030517578,1109,0.0,0.0,0.0
2024-08-23 15:54:00-04:00,116.95999908447266,117.0,116.95999908447266,117.0,1207,0.0,0.0,0.0
2024-08-23 15:56:00-04:00,116.9800033569336,116.9800033569336,116.94999694824219,116.94999694824219,764,0.0,0.0,0.0
2024-08-23 15:57:00-04:00,116.98999786376953,116.98999786376953,116.98999786376953,116.98999786376953,250,0.0,0.0,0.0
2024-08-23 15:58:00-04:00,117.0,117.0,117.0,117.0,1138,0.0,0.0,0.0
2024-08-23 15:59:00-04:00,117.0,117.0,116.9800033569336,116.9800033569336,797,0.0,0.0,0.0
