Datetime,Open,High,Low,Close,Volume,Dividends,Stock Splits
2022-09-08 09:30:00-04:00,8.829999923706055,8.920000076293945,8.65999984741211,8.6899995803833,7289,0.0,0.0
2022-09-08 10:30:00-04:00,8.710000038146973,8.835000038146973,8.710000038146973,8.710000038146973,9687,0.0,0.0
2022-09-08 11:30:00-04:00,8.739999771118164,8.8100004196167,8.699999809265137,8.734999656677246,24169,0.0,0.0
2022-09-08 12:30:00-04:00,8.750100135803223,8.850000381469727,8.739999771118164,8.789999961853027,17861,0.0,0.0
2022-09-08 13:30:00-04:00,8.779999732971191,8.800000190734863,8.640000343322754,8.779999732971191,13238,0.0,0.0
2022-09-08 14:30:00-04:00,8.779999732971191,8.84000015258789,8.680000305175781,8.680000305175781,12924,0.0,0.0
2022-09-08 15:30:00-04:00,8.710000038146973,8.989999771118164,8.710000038146973,8.800000190734863,57586,0.0,0.0
2022-09-09 09:30:00-04:00,8.829999923706055,8.829999923706055,7.360000133514404,7.809999942779541,104139,0.0,0.0
2022-09-09 10:30:00-04:00,7.849999904632568,7.949999809265137,7.849999904632568,7.940000057220459,37796,0.0,0.0
2022-09-09 11:30:00-04:00,7.928899765014648,7.928899765014648,7.570000171661377,7.739999771118164,69677,0.0,0.0
2022-09-09 12:30:00-04:00,7.735799789428711,7.739999771118164,7.5,7.509200096130371,58578,0.0,0.0
2022-09-09 13:30:00-04:00,7.5,7.579999923706055,7.489999771118164,7.519999980926514,46531,0.0,0.0
2022-09-09 14:30:00-04:00,7.519999980926514,7.590000152587891,7.5,7.570000171661377,41205,0.0,0.0
2022-09-09 15:30:00-04:00,7.570000171661377,7.599999904632568,7.525000095367432,7.570000171661377,37327,0.0,0.0
2022-09-12 09:30:00-04:00,7.670000076293945,8.050000190734863,7.579999923706055,8.0,82168,0.0,0.0
2022-09-12 10:30:00-04:00,8.010000228881836,8.050000190734863,8.0,8.0,17435,0.0,0.0
2022-09-12 11:30:00-04:00,8.005000114440918,8.029999732971191,7.949999809265137,8.000100135803223,19548,0.0,0.0
2022-09-12 12:30:00-04:00,8.0,8.050000190734863,8.0,8.010000228881836,18469,0.0,0.0
2022-09-12 13:30:00-04:00,8.0,8.005000114440918,7.964300155639648,8.0,21393,0.0,0.0
2022-09-12 14:30:00-04:00,8.0,8.020000457763672,7.974999904632568,7.974999904632568,25896,0.0,0.0
2022-09-12 15:30:00-04:00,7.974999904632568,8.050000190734863,7.96999979019165,8.0,24728,0.0,0.0
2022-09-13 09:30:00-04:00,7.679999828338623,7.980000019073486,7.590000152587891,7.864999771118164,13884,0.0,0.0
2022-09-13 10:30:00-04:00,7.900000095367432,7.900000095367432,7.800000190734863,7.800000190734863,4636,0.0,0.0
2022-09-13 11:30:00-04:00,7.800000190734863,7.889999866485596,7.792500019073486,7.815000057220459,6587,0.0,0.0
2022-09-13 12:30:00-04:00,7.815000057220459,7.815000057220459,7.599999904632568,7.71999979019165,19244,0.0,0.0
2022-09-13 13:30:00-04:00,7.715000152587891,7.730000019073486,7.610000133514404,7.610000133514404,13856,0.0,0.0
2022-09-13 14:30:00-04:00,7.635000228881836,7.699999809265137,7.599999904632568,7.599999904632568,26301,0.0,0.0
2022-09-13 15:30:00-04:00,7.599999904632568,7.730000019073486,7.590000152587891,7.679999828338623,37876,0.0,0.0
2022-09-14 09:30:00-04:00,7.619999885559082,7.849999904632568,7.574999809265137,7.755000114440918,8084,0.0,0.0
2022-09-14 10:30:00-04:00,7.75,7.800000190734863,7.649199962615967,7.699999809265137,10214,0.0,0.0
2022-09-14 11:30:00-04:00,7.739999771118164,7.849999904632568,7.690000057220459,7.71999979019165,8671,0.0,0.0
2022-09-14 12:30:00-04:00,7.71999979019165,7.949999809265137,7.699999809265137,7.920000076293945,28104,0.0,0.0
2022-09-14 13:30:00-04:00,7.920000076293945,7.949999809265137,7.840000152587891,7.894999980926514,13368,0.0,0.0
2022-09-14 14:30:00-04:00,7.889999866485596,8.0,7.869999885559082,8.0,32443,0.0,0.0
2022-09-14 15:30:00-04:00,7.980000019073486,8.0,7.820000171661377,7.880000114440918,31616,0.0,0.0
2022-09-15 09:30:00-04:00,7.78000020980835,7.78000020980835,7.590000152587891,7.710000038146973,12483,0.0,0.0
2022-09-15 10:30:00-04:00,7.699999809265137,7.769999980926514,7.679999828338623,7.699999809265137,11010,0.0,0.0
2022-09-15 11:30:00-04:00,7.730000019073486,7.769999980926514,7.670000076293945,7.699999809265137,11759,0.0,0.0
2022-09-15 12:30:00-04:00,7.684999942779541,7.760000228881836,7.684999942779541,7.699999809265137,8008,0.0,0.0
2022-09-15 13:30:00-04:00,7.699999809265137,7.702300071716309,7.6392998695373535,7.690000057220459,20407,0.0,0.0
2022-09-15 14:30:00-04:00,7.710000038146973,7.710000038146973,7.670000076293945,7.679999828338623,35234,0.0,0.0
2022-09-15 15:30:00-04:00,7.690000057220459,7.739999771118164,7.670000076293945,7.699999809265137,26744,0.0,0.0
2022-09-16 09:30:00-04:00,7.610000133514404,7.639999866485596,7.579999923706055,7.610000133514404,24582,0.0,0.0
2022-09-16 10:30:00-04:00,7.659999847412109,7.78000020980835,7.599999904632568,7.599999904632568,10424,0.0,0.0
2022-09-16 11:30:00-04:00,7.614999771118164,7.630000114440918,7.570000171661377,7.579999923706055,12187,0.0,0.0
2022-09-16 12:30:00-04:00,7.570000171661377,7.610000133514404,7.570000171661377,7.610000133514404,7144,0.0,0.0
2022-09-16 13:30:00-04:00,7.619999885559082,7.619999885559082,7.579999923706055,7.579999923706055,6118,0.0,0.0
2022-09-16 14:30:00-04:00,7.585000038146973,7.610000133514404,7.579999923706055,7.599999904632568,20672,0.0,0.0
2022-09-16 15:30:00-04:00,7.599999904632568,7.650000095367432,7.570000171661377,7.590000152587891,30166,0.0,0.0
2022-09-19 09:30:00-04:00,7.599999904632568,7.630000114440918,7.519999980926514,7.619999885559082,7841,0.0,0.0
2022-09-19 10:30:00-04:00,7.619999885559082,7.639999866485596,7.599999904632568,7.630000114440918,4819,0.0,0.0
2022-09-19 11:30:00-04:00,7.630000114440918,7.630000114440918,7.610000133514404,7.610000133514404,6371,0.0,0.0
2022-09-19 12:30:00-04:00,7.619999885559082,7.659999847412109,7.610000133514404,7.610000133514404,5421,0.0,0.0
2022-09-19 13:30:00-04:00,7.610000133514404,7.659999847412109,7.610000133514404,7.639999866485596,5074,0.0,0.0
2022-09-19 14:30:00-04:00,7.639999866485596,7.679999828338623,7.610000133514404,7.679999828338623,13344,0.0,0.0
2022-09-19 15:30:00-04:00,7.650000095367432,7.710000038146973,7.619999885559082,7.679999828338623,22621,0.0,0.0
2022-09-20 09:30:00-04:00,7.599999904632568,7.75,7.590000152587891,7.610000133514404,11231,0.0,0.0
2022-09-20 10:30:00-04:00,7.599999904632568,7.650000095367432,7.59250020980835,7.599999904632568,8727,0.0,0.0
2022-09-20 11:30:00-04:00,7.599999904632568,7.670000076293945,7.599999904632568,7.659999847412109,4549,0.0,0.0
2022-09-20 12:30:00-04:00,7.650000095367432,7.699999809265137,7.650000095367432,7.659999847412109,2943,0.0,0.0
2022-09-20 13:30:00-04:00,7.650000095367432,7.679999828338623,7.630000114440918,7.650000095367432,12030,0.0,0.0
2022-09-20 14:30:00-04:00,7.639999866485596,7.679999828338623,7.639999866485596,7.659999847412109,11496,0.0,0.0
2022-09-20 15:30:00-04:00,7.650000095367432,7.699999809265137,7.610000133514404,7.630000114440918,24459,0.0,0.0
2022-09-21 09:30:00-04:00,7.599999904632568,7.625,7.550000190734863,7.625,5838,0.0,0.0
2022-09-21 10:30:00-04:00,7.579999923706055,7.650000095367432,7.570000171661377,7.619999885559082,12497,0.0,0.0
2022-09-21 11:30:00-04:00,7.610000133514404,7.610000133514404,7.599999904632568,7.599999904632568,4232,0.0,0.0
2022-09-21 12:30:00-04:00,7.599999904632568,7.6184000968933105,7.599999904632568,7.599999904632568,12305,0.0,0.0
2022-09-21 13:30:00-04:00,7.599999904632568,7.610000133514404,7.570000171661377,7.590000152587891,15902,0.0,0.0
2022-09-21 14:30:00-04:00,7.619999885559082,7.695499897003174,7.599999904632568,7.599999904632568,35283,0.0,0.0
2022-09-21 15:30:00-04:00,7.610000133514404,7.610000133514404,7.519999980926514,7.550000190734863,62264,0.0,0.0
2022-09-22 09:30:00-04:00,7.510000228881836,7.579999923706055,7.462399959564209,7.5,13447,0.0,0.0
2022-09-22 10:30:00-04:00,7.489999771118164,7.539999961853027,7.489999771118164,7.498600006103516,5251,0.0,0.0
2022-09-22 11:30:00-04:00,7.519999980926514,7.519999980926514,7.5,7.519999980926514,2468,0.0,0.0
2022-09-22 12:30:00-04:00,7.519999980926514,7.519999980926514,7.440000057220459,7.460000038146973,10903,0.0,0.0
2022-09-22 13:30:00-04:00,7.480000019073486,7.550000190734863,7.460000038146973,7.46999979019165,7934,0.0,0.0
2022-09-22 14:30:00-04:00,7.5,7.559999942779541,7.5,7.519999980926514,10665,0.0,0.0
2022-09-22 15:30:00-04:00,7.534900188446045,7.559999942779541,7.480000019073486,7.510000228881836,11342,0.0,0.0
2022-09-23 09:30:00-04:00,7.389999866485596,7.440000057220459,7.336999893188477,7.340000152587891,7319,0.0,0.0
2022-09-23 10:30:00-04:00,7.349999904632568,7.380000114440918,7.28000020980835,7.289999961853027,9013,0.0,0.0
2022-09-23 11:30:00-04:00,7.289999961853027,7.329999923706055,7.28000020980835,7.28000020980835,19798,0.0,0.0
2022-09-23 12:30:00-04:00,7.300000190734863,7.320000171661377,7.289999961853027,7.300000190734863,3233,0.0,0.0
2022-09-23 13:30:00-04:00,7.300000190734863,7.335000038146973,7.289999961853027,7.300000190734863,6402,0.0,0.0
2022-09-23 14:30:00-04:00,7.289999961853027,7.320000171661377,7.284999847412109,7.309999942779541,6125,0.0,0.0
2022-09-23 15:30:00-04:00,7.309999942779541,7.360000133514404,7.300000190734863,7.320000171661377,14595,0.0,0.0
2022-09-26 09:30:00-04:00,7.300000190734863,7.440000057220459,7.300000190734863,7.440000057220459,4506,0.0,0.0
2022-09-26 10:30:00-04:00,7.440000057220459,7.440000057220459,7.380000114440918,7.400000095367432,3934,0.0,0.0
2022-09-26 11:30:00-04:00,7.400000095367432,7.400000095367432,7.360000133514404,7.389999866485596,4598,0.0,0.0
2022-09-26 12:30:00-04:00,7.372099876403809,7.380000114440918,7.320000171661377,7.329999923706055,2563,0.0,0.0
2022-09-26 13:30:00-04:00,7.312699794769287,7.320000171661377,7.300000190734863,7.309999942779541,4513,0.0,0.0
2022-09-26 14:30:00-04:00,7.300000190734863,7.320000171661377,7.28000020980835,7.309999942779541,7535,0.0,0.0
2022-09-26 15:30:00-04:00,7.309999942779541,7.329999923706055,7.300000190734863,7.320000171661377,8036,0.0,0.0
2022-09-27 09:30:00-04:00,7.349999904632568,7.380000114440918,7.300000190734863,7.302000045776367,9363,0.0,0.0
2022-09-27 10:30:00-04:00,7.309999942779541,7.400000095367432,7.309899806976318,7.360000133514404,3509,0.0,0.0
2022-09-27 11:30:00-04:00,7.349999904632568,7.389999866485596,7.269999980926514,7.300000190734863,14193,0.0,0.0
2022-09-27 12:30:00-04:00,7.300000190734863,7.300000190734863,7.28000020980835,7.300000190734863,3414,0.0,0.0
2022-09-27 13:30:00-04:00,7.300000190734863,7.320000171661377,7.28410005569458,7.300000190734863,3444,0.0,0.0
2022-09-27 14:30:00-04:00,7.340000152587891,7.349999904632568,7.309999942779541,7.349999904632568,3024,0.0,0.0
2022-09-27 15:30:00-04:00,7.340000152587891,7.369999885559082,7.320000171661377,7.349999904632568,12954,0.0,0.0
2022-09-28 09:30:00-04:00,7.300000190734863,7.449999809265137,7.289999961853027,7.449999809265137,3825,0.0,0.0
2022-09-28 10:30:00-04:00,7.46999979019165,7.579999923706055,7.460000038146973,7.519999980926514,12254,0.0,0.0
2022-09-28 11:30:00-04:00,7.53000020980835,7.539999961853027,7.5117998123168945,7.53000020980835,1444,0.0,0.0
2022-09-28 12:30:00-04:00,7.53000020980835,7.539999961853027,7.5,7.539999961853027,3740,0.0,0.0
2022-09-28 13:30:00-04:00,7.550000190734863,7.610000133514404,7.510000228881836,7.610000133514404,9870,0.0,0.0
2022-09-28 14:30:00-04:00,7.610000133514404,7.625,7.579999923706055,7.590000152587891,12692,0.0,0.0
2022-09-28 15:30:00-04:00,7.573200225830078,7.610000133514404,7.510000228881836,7.53000020980835,10327,0.0,0.0
2022-09-29 09:30:00-04:00,7.380000114440918,7.480000019073486,7.369999885559082,7.480000019073486,5776,0.0,0.0
2022-09-29 10:30:00-04:00,7.489999771118164,7.489999771118164,7.429999828338623,7.429999828338623,4629,0.0,0.0
2022-09-29 11:30:00-04:00,7.460000038146973,7.539999961853027,7.429999828338623,7.440000057220459,7890,0.0,0.0
2022-09-29 12:30:00-04:00,7.449999809265137,7.53000020980835,7.449999809265137,7.519999980926514,5162,0.0,0.0
2022-09-29 13:30:00-04:00,7.519999980926514,7.539999961853027,7.440000057220459,7.460000038146973,5034,0.0,0.0
2022-09-29 14:30:00-04:00,7.460000038146973,7.460000038146973,7.389999866485596,7.389999866485596,3430,0.0,0.0
2022-09-29 15:30:00-04:00,7.362500190734863,7.429999828338623,7.362500190734863,7.429999828338623,8542,0.0,0.0
2022-09-30 09:30:00-04:00,7.380000114440918,7.449999809265137,7.380000114440918,7.440000057220459,2949,0.0,0.0
2022-09-30 10:30:00-04:00,7.46999979019165,7.539999961853027,7.46999979019165,7.5,1630,0.0,0.0
2022-09-30 11:30:00-04:00,7.53000020980835,7.53000020980835,7.409999847412109,7.409999847412109,3438,0.0,0.0
2022-09-30 12:30:00-04:00,7.420000076293945,7.510000228881836,7.409999847412109,7.5,6974,0.0,0.0
2022-09-30 13:30:00-04:00,7.489999771118164,7.489999771118164,7.429999828338623,7.460000038146973,7979,0.0,0.0
2022-09-30 14:30:00-04:00,7.460000038146973,7.460000038146973,7.349999904632568,7.360000133514404,5556,0.0,0.0
2022-09-30 15:30:00-04:00,7.380000114440918,7.380000114440918,7.349999904632568,7.369999885559082,13587,0.0,0.0
2022-10-03 09:30:00-04:00,7.360000133514404,7.590000152587891,7.360000133514404,7.5,8321,0.0,0.0
2022-10-03 10:30:00-04:00,7.5,7.539999961853027,7.460000038146973,7.519999980926514,5126,0.0,0.0
2022-10-03 11:30:00-04:00,7.539999961853027,7.590000152587891,7.539999961853027,7.570000171661377,4146,0.0,0.0
2022-10-03 12:30:00-04:00,7.579999923706055,7.630000114440918,7.579999923706055,7.590000152587891,7893,0.0,0.0
2022-10-03 13:30:00-04:00,7.610000133514404,7.715000152587891,7.610000133514404,7.690000057220459,6425,0.0,0.0
2022-10-03 14:30:00-04:00,7.71999979019165,7.789999961853027,7.71999979019165,7.764999866485596,8786,0.0,0.0
2022-10-03 15:30:00-04:00,7.78000020980835,7.800000190734863,7.739999771118164,7.760000228881836,19593,0.0,0.0
2022-10-04 09:30:00-04:00,7.960000038146973,8.052200317382812,7.940000057220459,7.960000038146973,15974,0.0,0.0
2022-10-04 10:30:00-04:00,7.949999809265137,7.989999771118164,7.920000076293945,7.920000076293945,4225,0.0,0.0
2022-10-04 11:30:00-04:00,7.920000076293945,7.920000076293945,7.829999923706055,7.909999847412109,9111,0.0,0.0
2022-10-04 12:30:00-04:00,7.920000076293945,7.929999828338623,7.880000114440918,7.929999828338623,5574,0.0,0.0
2022-10-04 13:30:00-04:00,7.949999809265137,7.96999979019165,7.894999980926514,7.894999980926514,5656,0.0,0.0
2022-10-04 14:30:00-04:00,7.900000095367432,7.949999809265137,7.900000095367432,7.934999942779541,5608,0.0,0.0
2022-10-04 15:30:00-04:00,7.940000057220459,7.940000057220459,7.840000152587891,7.860000133514404,9368,0.0,0.0
2022-10-05 09:30:00-04:00,7.769999980926514,7.809999942779541,7.629300117492676,7.710000038146973,4826,0.0,0.0
2022-10-05 10:30:00-04:00,7.699999809265137,7.699999809265137,7.610000133514404,7.610000133514404,4907,0.0,0.0
2022-10-05 11:30:00-04:00,7.599999904632568,7.638800144195557,7.53000020980835,7.619999885559082,8535,0.0,0.0
2022-10-05 12:30:00-04:00,7.585000038146973,7.639999866485596,7.565000057220459,7.635000228881836,7642,0.0,0.0
2022-10-05 13:30:00-04:00,7.639999866485596,7.78000020980835,7.639999866485596,7.78000020980835,18060,0.0,0.0
2022-10-05 14:30:00-04:00,7.789999961853027,7.820000171661377,7.78000020980835,7.78000020980835,5521,0.0,0.0
2022-10-05 15:30:00-04:00,7.78000020980835,7.800000190734863,7.730000019073486,7.75,12896,0.0,0.0
2022-10-06 09:30:00-04:00,7.690000057220459,7.920000076293945,7.690000057220459,7.800000190734863,2961,0.0,0.0
2022-10-06 10:30:00-04:00,7.755000114440918,7.78000020980835,7.710000038146973,7.710000038146973,4211,0.0,0.0
2022-10-06 11:30:00-04:00,7.730000019073486,7.75,7.679999828338623,7.690000057220459,4193,0.0,0.0
2022-10-06 12:30:00-04:00,7.710000038146973,7.724999904632568,7.659999847412109,7.659999847412109,2288,0.0,0.0
2022-10-06 13:30:00-04:00,7.630000114440918,7.671599864959717,7.590000152587891,7.639800071716309,4349,0.0,0.0
2022-10-06 14:30:00-04:00,7.650000095367432,7.71999979019165,7.599999904632568,7.699999809265137,19043,0.0,0.0
2022-10-06 15:30:00-04:00,7.710000038146973,7.739999771118164,7.699999809265137,7.71999979019165,4998,0.0,0.0
2022-10-07 09:30:00-04:00,7.670000076293945,7.670000076293945,7.570000171661377,7.610000133514404,3289,0.0,0.0
2022-10-07 10:30:00-04:00,7.590000152587891,7.599999904632568,7.53000020980835,7.53000020980835,3365,0.0,0.0
2022-10-07 11:30:00-04:00,7.5,7.5,7.440000057220459,7.46999979019165,4718,0.0,0.0
2022-10-07 12:30:00-04:00,7.449999809265137,7.46999979019165,7.420000076293945,7.46999979019165,2346,0.0,0.0
2022-10-07 13:30:00-04:00,7.449999809265137,7.449999809265137,7.389999866485596,7.389999866485596,1198,0.0,0.0
2022-10-07 14:30:00-04:00,7.360000133514404,7.420000076293945,7.360000133514404,7.364999771118164,4600,0.0,0.0
2022-10-07 15:30:00-04:00,7.360000133514404,7.400000095367432,7.360000133514404,7.380000114440918,6429,0.0,0.0
2022-10-10 09:30:00-04:00,7.400000095367432,7.409999847412109,7.349999904632568,7.409999847412109,5020,0.0,0.0
2022-10-10 10:30:00-04:00,7.420000076293945,7.420000076293945,7.340000152587891,7.420000076293945,10802,0.0,0.0
2022-10-10 11:30:00-04:00,7.389999866485596,7.389999866485596,7.34499979019165,7.389999866485596,4750,0.0,0.0
2022-10-10 12:30:00-04:00,7.360000133514404,7.389999866485596,7.340000152587891,7.389999866485596,4807,0.0,0.0
2022-10-10 13:30:00-04:00,7.409999847412109,7.460000038146973,7.400000095367432,7.460000038146973,5725,0.0,0.0
2022-10-10 14:30:00-04:00,7.460000038146973,7.510000228881836,7.454999923706055,7.454999923706055,8489,0.0,0.0
2022-10-10 15:30:00-04:00,7.454999923706055,7.5,7.420000076293945,7.420000076293945,13215,0.0,0.0
2022-10-11 09:30:00-04:00,7.349999904632568,7.360000133514404,7.21999979019165,7.269999980926514,16022,0.0,0.0
2022-10-11 10:30:00-04:00,7.269999980926514,7.360000133514404,7.260000228881836,7.349999904632568,6367,0.0,0.0
2022-10-11 11:30:00-04:00,7.349999904632568,7.369500160217285,7.300000190734863,7.320000171661377,7403,0.0,0.0
2022-10-11 12:30:00-04:00,7.349999904632568,7.380000114440918,7.320000171661377,7.349999904632568,8942,0.0,0.0
2022-10-11 13:30:00-04:00,7.349999904632568,7.360000133514404,7.329999923706055,7.360000133514404,8779,0.0,0.0
2022-10-11 14:30:00-04:00,7.349999904632568,7.380000114440918,7.340000152587891,7.369999885559082,10204,0.0,0.0
2022-10-11 15:30:00-04:00,7.360000133514404,7.420000076293945,7.340000152587891,7.389999866485596,28982,0.0,0.0
2022-10-12 09:30:00-04:00,7.349999904632568,7.349999904632568,7.079999923706055,7.079999923706055,23366,0.0,0.0
2022-10-12 10:30:00-04:00,7.09499979019165,7.138599872589111,7.019999980926514,7.114999771118164,6469,0.0,0.0
2022-10-12 11:30:00-04:00,7.11299991607666,7.224999904632568,7.11299991607666,7.224999904632568,8308,0.0,0.0
2022-10-12 12:30:00-04:00,7.210000038146973,7.239999771118164,7.179999828338623,7.239999771118164,3646,0.0,0.0
2022-10-12 13:30:00-04:00,7.215000152587891,7.239999771118164,7.215000152587891,7.230000019073486,3294,0.0,0.0
2022-10-12 14:30:00-04:00,7.244999885559082,7.260000228881836,7.199999809265137,7.260000228881836,6574,0.0,0.0
2022-10-12 15:30:00-04:00,7.28000020980835,7.329999923706055,7.25,7.289999961853027,14169,0.0,0.0
2022-10-13 09:30:00-04:00,7.210000038146973,7.210000038146973,7.070000171661377,7.110000133514404,6310,0.0,0.0
2022-10-13 10:30:00-04:00,7.080100059509277,7.355000019073486,7.059999942779541,7.289999961853027,6322,0.0,0.0
2022-10-13 11:30:00-04:00,7.25,7.309999942779541,7.25,7.260000228881836,3317,0.0,0.0
2022-10-13 12:30:00-04:00,7.210000038146973,7.380000114440918,7.210000038146973,7.380000114440918,5251,0.0,0.0
2022-10-13 13:30:00-04:00,7.370100021362305,7.449999809265137,7.370100021362305,7.389999866485596,4630,0.0,0.0
2022-10-13 14:30:00-04:00,7.389999866485596,7.480000019073486,7.389999866485596,7.460000038146973,10010,0.0,0.0
2022-10-13 15:30:00-04:00,7.460000038146973,7.519999980926514,7.449999809265137,7.5,13190,0.0,0.0
2022-10-14 09:30:00-04:00,7.53000020980835,7.53000020980835,7.369999885559082,7.420000076293945,2002,0.0,0.0
2022-10-14 10:30:00-04:00,7.380000114440918,7.419899940490723,7.309999942779541,7.309999942779541,1660,0.0,0.0
2022-10-14 11:30:00-04:00,7.300000190734863,7.355000019073486,7.260000228881836,7.355000019073486,4740,0.0,0.0
2022-10-14 12:30:00-04:00,7.320000171661377,7.349999904632568,7.300000190734863,7.349999904632568,2635,0.0,0.0
2022-10-14 13:30:00-04:00,7.369999885559082,7.380000114440918,7.320000171661377,7.335000038146973,1739,0.0,0.0
2022-10-14 14:30:00-04:00,7.349999904632568,7.409999847412109,7.309999942779541,7.380000114440918,7387,0.0,0.0
2022-10-14 15:30:00-04:00,7.349999904632568,7.360000133514404,7.300000190734863,7.309999942779541,8149,0.0,0.0
2022-10-17 09:30:00-04:00,7.489999771118164,7.619999885559082,7.460000038146973,7.619999885559082,5391,0.0,0.0
2022-10-17 10:30:00-04:00,7.570000171661377,7.570000171661377,7.510000228881836,7.559999942779541,6532,0.0,0.0
2022-10-17 11:30:00-04:00,7.554999828338623,7.559999942779541,7.519999980926514,7.539999961853027,10254,0.0,0.0
2022-10-17 12:30:00-04:00,7.539999961853027,7.539999961853027,7.510000228881836,7.53000020980835,9747,0.0,0.0
2022-10-17 13:30:00-04:00,7.519999980926514,7.559999942779541,7.480000019073486,7.485000133514404,9970,0.0,0.0
2022-10-17 14:30:00-04:00,7.460000038146973,7.460000038146973,7.369999885559082,7.369999885559082,5630,0.0,0.0
2022-10-17 15:30:00-04:00,7.409999847412109,7.449999809265137,7.409999847412109,7.449999809265137,7071,0.0,0.0
2022-10-18 09:30:00-04:00,7.559999942779541,7.579999923706055,7.519999980926514,7.550000190734863,7893,0.0,0.0
2022-10-18 10:30:00-04:00,7.510000228881836,7.519999980926514,7.460000038146973,7.460000038146973,4954,0.0,0.0
2022-10-18 11:30:00-04:00,7.440000057220459,7.510000228881836,7.434999942779541,7.488800048828125,3044,0.0,0.0
2022-10-18 12:30:00-04:00,7.505000114440918,7.505000114440918,7.400000095367432,7.400000095367432,3954,0.0,0.0
2022-10-18 13:30:00-04:00,7.389999866485596,7.46999979019165,7.389999866485596,7.46999979019165,5205,0.0,0.0
2022-10-18 14:30:00-04:00,7.440000057220459,7.445000171661377,7.320000171661377,7.360000133514404,4613,0.0,0.0
2022-10-18 15:30:00-04:00,7.389999866485596,7.46999979019165,7.389999866485596,7.460000038146973,4805,0.0,0.0
2022-10-19 09:30:00-04:00,7.429999828338623,7.46999979019165,7.329999923706055,7.385000228881836,5019,0.0,0.0
2022-10-19 10:30:00-04:00,7.380000114440918,7.380000114440918,7.329999923706055,7.360000133514404,3321,0.0,0.0
2022-10-19 11:30:00-04:00,7.389999866485596,7.389999866485596,7.335000038146973,7.349999904632568,3050,0.0,0.0
2022-10-19 12:30:00-04:00,7.360000133514404,7.369999885559082,7.360000133514404,7.360000133514404,3894,0.0,0.0
2022-10-19 13:30:00-04:00,7.360000133514404,7.380000114440918,7.349999904632568,7.369999885559082,3017,0.0,0.0
2022-10-19 14:30:00-04:00,7.360000133514404,7.380000114440918,7.330100059509277,7.360000133514404,7219,0.0,0.0
2022-10-19 15:30:00-04:00,7.351200103759766,7.400000095367432,7.351200103759766,7.389999866485596,15045,0.0,0.0
2022-10-20 09:30:00-04:00,7.409999847412109,7.480000019073486,7.409999847412109,7.480000019073486,1062,0.0,0.0
2022-10-20 10:30:00-04:00,7.480000019073486,7.53000020980835,7.429999828338623,7.5,5616,0.0,0.0
2022-10-20 11:30:00-04:00,7.5,7.534999847412109,7.489999771118164,7.510000228881836,9062,0.0,0.0
2022-10-20 12:30:00-04:00,7.510000228881836,7.519999980926514,7.400000095367432,7.400000095367432,3758,0.0,0.0
2022-10-20 13:30:00-04:00,7.320000171661377,7.329999923706055,7.320000171661377,7.329999923706055,592,0.0,0.0
2022-10-20 14:30:00-04:00,7.340000152587891,7.389999866485596,7.329999923706055,7.378300189971924,6794,0.0,0.0
2022-10-20 15:30:00-04:00,7.349999904632568,7.420000076293945,7.349999904632568,7.409999847412109,10340,0.0,0.0
2022-10-21 09:30:00-04:00,7.449999809265137,7.53000020980835,7.400599956512451,7.460000038146973,8554,0.0,0.0
2022-10-21 10:30:00-04:00,7.429999828338623,7.434999942779541,7.360000133514404,7.400000095367432,2300,0.0,0.0
2022-10-21 11:30:00-04:00,7.440000057220459,7.539999961853027,7.440000057220459,7.53000020980835,2262,0.0,0.0
2022-10-21 12:30:00-04:00,7.510000228881836,7.539999961853027,7.510000228881836,7.519999980926514,1638,0.0,0.0
2022-10-21 13:30:00-04:00,7.53000020980835,7.559999942779541,7.480000019073486,7.480000019073486,3586,0.0,0.0
2022-10-21 14:30:00-04:00,7.5,7.5,7.480000019073486,7.480000019073486,2240,0.0,0.0
2022-10-21 15:30:00-04:00,7.539999961853027,7.559999942779541,7.519999980926514,7.539999961853027,4850,0.0,0.0
2022-10-24 09:30:00-04:00,7.539999961853027,7.550000190734863,7.389999866485596,7.409999847412109,4883,0.0,0.0
2022-10-24 10:30:00-04:00,7.409999847412109,7.449999809265137,7.400000095367432,7.440000057220459,1151,0.0,0.0
2022-10-24 11:30:00-04:00,7.420000076293945,7.510000228881836,7.420000076293945,7.460000038146973,1542,0.0,0.0
2022-10-24 12:30:00-04:00,7.489999771118164,7.489999771118164,7.429999828338623,7.473800182342529,3186,0.0,0.0
2022-10-24 13:30:00-04:00,7.480000019073486,7.519999980926514,7.460000038146973,7.480000019073486,1341,0.0,0.0
2022-10-24 14:30:00-04:00,7.46999979019165,7.510000228881836,7.460000038146973,7.46999979019165,1974,0.0,0.0
2022-10-24 15:30:00-04:00,7.485000133514404,7.539999961853027,7.485000133514404,7.510000228881836,9257,0.0,0.0
2022-10-25 09:30:00-04:00,7.550000190734863,7.710000038146973,7.550000190734863,7.710000038146973,1556,0.0,0.0
2022-10-25 10:30:00-04:00,7.710000038146973,7.829999923706055,7.710000038146973,7.829999923706055,4317,0.0,0.0
2022-10-25 11:30:00-04:00,7.834199905395508,7.894999980926514,7.809999942779541,7.894999980926514,4149,0.0,0.0
2022-10-25 12:30:00-04:00,7.909999847412109,7.909999847412109,7.830100059509277,7.830100059509277,2593,0.0,0.0
2022-10-25 13:30:00-04:00,7.840000152587891,7.860000133514404,7.840000152587891,7.860000133514404,2575,0.0,0.0
2022-10-25 14:30:00-04:00,7.855000019073486,7.889999866485596,7.849999904632568,7.889999866485596,2808,0.0,0.0
2022-10-25 15:30:00-04:00,7.929999828338623,7.956999778747559,7.909999847412109,7.929999828338623,8046,0.0,0.0
2022-10-26 09:30:00-04:00,7.909999847412109,8.1899995803833,7.909999847412109,8.164999961853027,35959,0.0,0.0
2022-10-26 10:30:00-04:00,8.164999961853027,8.279999732971191,8.140000343322754,8.25,6036,0.0,0.0
2022-10-26 11:30:00-04:00,8.260000228881836,8.270000457763672,8.199999809265137,8.260000228881836,2866,0.0,0.0
2022-10-26 12:30:00-04:00,8.260000228881836,8.260000228881836,8.039999961853027,8.039999961853027,4829,0.0,0.0
2022-10-26 13:30:00-04:00,8.030699729919434,8.119999885559082,8.020099639892578,8.09000015258789,2733,0.0,0.0
2022-10-26 14:30:00-04:00,8.09000015258789,8.109999656677246,8.020000457763672,8.020000457763672,3143,0.0,0.0
2022-10-26 15:30:00-04:00,8.0,8.050000190734863,8.0,8.0,7777,0.0,0.0
2022-10-27 09:30:00-04:00,8.020000457763672,8.077500343322754,8.0,8.069999694824219,5856,0.0,0.0
2022-10-27 10:30:00-04:00,8.074999809265137,8.09000015258789,7.96999979019165,8.010000228881836,3591,0.0,0.0
2022-10-27 11:30:00-04:00,8.0,8.029999732971191,8.0,8.029999732971191,2189,0.0,0.0
2022-10-27 12:30:00-04:00,8.000100135803223,8.050000190734863,7.980000019073486,8.029999732971191,2856,0.0,0.0
2022-10-27 13:30:00-04:00,8.0,8.020000457763672,7.989999771118164,8.0,4561,0.0,0.0
2022-10-27 14:30:00-04:00,8.0,8.0,7.960000038146973,8.0,11470,0.0,0.0
2022-10-27 15:30:00-04:00,8.0,8.020000457763672,7.929999828338623,7.949999809265137,14820,0.0,0.0
2022-10-28 09:30:00-04:00,7.949999809265137,7.989999771118164,7.909999847412109,7.980000019073486,0,0.0,0.0
2022-10-28 10:30:00-04:00,7.889999866485596,7.909999847412109,7.889999866485596,7.909999847412109,1268,0.0,0.0
2022-10-28 11:30:00-04:00,7.840000152587891,8.069999694824219,7.820000171661377,8.069999694824219,3362,0.0,0.0
2022-10-28 12:30:00-04:00,8.100000381469727,8.119999885559082,7.980000019073486,7.980000019073486,5142,0.0,0.0
2022-10-28 13:30:00-04:00,7.989999771118164,7.994999885559082,7.889999866485596,7.909999847412109,3734,0.0,0.0
2022-10-28 14:30:00-04:00,7.920000076293945,7.96999979019165,7.849999904632568,7.864999771118164,11286,0.0,0.0
2022-10-28 15:30:00-04:00,7.840000152587891,7.96999979019165,7.840000152587891,7.860000133514404,21033,0.0,0.0
2022-10-31 09:30:00-04:00,7.880000114440918,7.929999828338623,7.489999771118164,7.909999847412109,2334,0.0,0.0
2022-10-31 10:30:00-04:00,7.929999828338623,8.0,7.929999828338623,8.0,1147,0.0,0.0
2022-10-31 11:30:00-04:00,8.029999732971191,8.055899620056152,7.989999771118164,8.055899620056152,5085,0.0,0.0
2022-10-31 12:30:00-04:00,8.055000305175781,8.130000114440918,8.055000305175781,8.130000114440918,8173,0.0,0.0
2022-10-31 13:30:00-04:00,8.130000114440918,8.130000114440918,8.010000228881836,8.020000457763672,1907,0.0,0.0
2022-10-31 14:30:00-04:00,8.029999732971191,8.069999694824219,8.010000228881836,8.0600004196167,4548,0.0,0.0
2022-10-31 15:30:00-04:00,8.0600004196167,8.089900016784668,8.024999618530273,8.050000190734863,9847,0.0,0.0
2022-11-01 09:30:00-04:00,8.119999885559082,8.420000076293945,8.079999923706055,8.180000305175781,3072,0.0,0.0
2022-11-01 10:30:00-04:00,8.239100456237793,8.270000457763672,8.220000267028809,8.220000267028809,6689,0.0,0.0
2022-11-01 11:30:00-04:00,8.210000038146973,8.25,8.160699844360352,8.220000267028809,13722,0.0,0.0
2022-11-01 12:30:00-04:00,8.21500015258789,8.220000267028809,8.140000343322754,8.220000267028809,5722,0.0,0.0
2022-11-01 13:30:00-04:00,8.220000267028809,8.260000228881836,8.1899995803833,8.199999809265137,11002,0.0,0.0
2022-11-01 14:30:00-04:00,8.199999809265137,8.220000267028809,8.149999618530273,8.199999809265137,14557,0.0,0.0
2022-11-01 15:30:00-04:00,8.199999809265137,8.229999542236328,8.180000305175781,8.199999809265137,17004,0.0,0.0
2022-11-02 09:30:00-04:00,8.15999984741211,8.15999984741211,8.125,8.125,2733,0.0,0.0
2022-11-02 10:30:00-04:00,8.149999618530273,8.220000267028809,8.100000381469727,8.100000381469727,2296,0.0,0.0
2022-11-02 11:30:00-04:00,8.104999542236328,8.140000343322754,8.100000381469727,8.1274995803833,1887,0.0,0.0
2022-11-02 12:30:00-04:00,8.119999885559082,8.210000038146973,8.119999885559082,8.1899995803833,2915,0.0,0.0
2022-11-02 13:30:00-04:00,8.1899995803833,8.319999694824219,8.180000305175781,8.319999694824219,11957,0.0,0.0
2022-11-02 14:30:00-04:00,8.3100004196167,8.3100004196167,8.069999694824219,8.069999694824219,14991,0.0,0.0
2022-11-02 15:30:00-04:00,8.0649995803833,8.130000114440918,8.0600004196167,8.130000114440918,11587,0.0,0.0
2022-11-03 09:30:00-04:00,8.100000381469727,8.100000381469727,8.09000015258789,8.09000015258789,1728,0.0,0.0
2022-11-03 10:30:00-04:00,7.949999809265137,7.949999809265137,7.809999942779541,7.909999847412109,6313,0.0,0.0
2022-11-03 11:30:00-04:00,7.889999866485596,7.889999866485596,7.78000020980835,7.78000020980835,779,0.0,0.0
2022-11-03 12:30:00-04:00,7.756899833679199,7.756899833679199,7.699999809265137,7.699999809265137,2751,0.0,0.0
2022-11-03 13:30:00-04:00,7.630000114440918,7.710000038146973,7.579999923706055,7.639999866485596,4038,0.0,0.0
2022-11-03 14:30:00-04:00,7.65500020980835,7.65500020980835,7.583000183105469,7.610000133514404,2704,0.0,0.0
2022-11-03 15:30:00-04:00,7.565000057220459,7.565000057220459,7.440000057220459,7.460000038146973,15002,0.0,0.0
2022-11-04 09:30:00-04:00,7.519999980926514,7.519999980926514,7.360000133514404,7.360000133514404,1756,0.0,0.0
2022-11-04 10:30:00-04:00,7.414999961853027,7.414999961853027,7.289999961853027,7.289999961853027,1767,0.0,0.0
2022-11-04 11:30:00-04:00,7.210000038146973,7.320000171661377,7.170000076293945,7.320000171661377,7384,0.0,0.0
2022-11-04 12:30:00-04:00,7.34499979019165,7.480000019073486,7.34499979019165,7.440000057220459,6648,0.0,0.0
2022-11-04 13:30:00-04:00,7.40500020980835,7.429999828338623,7.389999866485596,7.429999828338623,2688,0.0,0.0
2022-11-04 14:30:00-04:00,7.409999847412109,7.670000076293945,7.409999847412109,7.670000076293945,8225,0.0,0.0
2022-11-04 15:30:00-04:00,7.670000076293945,7.730000019073486,7.579999923706055,7.699999809265137,12086,0.0,0.0
2022-11-07 09:30:00-05:00,7.659999847412109,7.659999847412109,7.445199966430664,7.598199844360352,3007,0.0,0.0
2022-11-07 10:30:00-05:00,7.630000114440918,7.730000019073486,7.630000114440918,7.730000019073486,2046,0.0,0.0
2022-11-07 11:30:00-05:00,7.724999904632568,7.739999771118164,7.690000057220459,7.739999771118164,5134,0.0,0.0
2022-11-07 12:30:00-05:00,7.75,7.800000190734863,7.699999809265137,7.71999979019165,3385,0.0,0.0
2022-11-07 13:30:00-05:00,7.75,7.820000171661377,7.75,7.820000171661377,2411,0.0,0.0
2022-11-07 14:30:00-05:00,7.800000190734863,7.809999942779541,7.769999980926514,7.795000076293945,4574,0.0,0.0
2022-11-07 15:30:00-05:00,7.78000020980835,7.829999923706055,7.769999980926514,7.800000190734863,12133,0.0,0.0
2022-11-08 09:30:00-05:00,7.889999866485596,7.889999866485596,7.739999771118164,7.800000190734863,958,0.0,0.0
2022-11-08 10:30:00-05:00,7.805600166320801,7.980999946594238,7.805600166320801,7.920000076293945,9433,0.0,0.0
2022-11-08 11:30:00-05:00,7.880000114440918,7.900000095367432,7.849999904632568,7.869999885559082,2082,0.0,0.0
2022-11-08 12:30:00-05:00,7.880000114440918,7.934999942779541,7.820000171661377,7.820000171661377,4814,0.0,0.0
2022-11-08 13:30:00-05:00,7.849999904632568,7.869999885559082,7.760000228881836,7.760000228881836,8080,0.0,0.0
2022-11-08 14:30:00-05:00,7.789999961853027,7.809999942779541,7.760000228881836,7.789999961853027,3791,0.0,0.0
2022-11-08 15:30:00-05:00,7.815000057220459,7.860000133514404,7.809999942779541,7.860000133514404,6750,0.0,0.0
2022-11-09 09:30:00-05:00,7.75,7.75,7.670000076293945,7.670000076293945,363932,0.0,0.0
2022-11-09 10:30:00-05:00,7.550000190734863,7.550000190734863,7.369999885559082,7.53000020980835,8934,0.0,0.0
2022-11-09 11:30:00-05:00,7.5,7.539999961853027,7.5,7.519999980926514,852,0.0,0.0
2022-11-09 12:30:00-05:00,7.53000020980835,7.53000020980835,7.449999809265137,7.449999809265137,2576,0.0,0.0
2022-11-09 13:30:00-05:00,7.420000076293945,7.469900131225586,7.409999847412109,7.409999847412109,1731,0.0,0.0
2022-11-09 14:30:00-05:00,7.409999847412109,7.420000076293945,7.369999885559082,7.409999847412109,3195,0.0,0.0
2022-11-09 15:30:00-05:00,7.389999866485596,7.429999828338623,7.329999923706055,7.409999847412109,8204,0.0,0.0
2022-11-10 09:30:00-05:00,7.699999809265137,8.029999732971191,7.699999809265137,7.980000019073486,4917,0.0,0.0
2022-11-10 10:30:00-05:00,7.949999809265137,7.989999771118164,7.940000057220459,7.949999809265137,2445,0.0,0.0
2022-11-10 11:30:00-05:00,7.920000076293945,7.925000190734863,7.900000095367432,7.909999847412109,4469,0.0,0.0
2022-11-10 12:30:00-05:00,7.889999866485596,7.889999866485596,7.849999904632568,7.860000133514404,8904,0.0,0.0
2022-11-10 13:30:00-05:00,7.860000133514404,7.920000076293945,7.829999923706055,7.920000076293945,27045,0.0,0.0
2022-11-10 14:30:00-05:00,7.90500020980835,7.980000019073486,7.90500020980835,7.974999904632568,2343,0.0,0.0
2022-11-10 15:30:00-05:00,7.980000019073486,8.0,7.909999847412109,7.960000038146973,15213,0.0,0.0
2022-11-11 09:30:00-05:00,7.989999771118164,8.260000228881836,7.96999979019165,8.1899995803833,38637,0.0,0.0
2022-11-11 10:30:00-05:00,8.130000114440918,8.164999961853027,8.050000190734863,8.050000190734863,3259,0.0,0.0
2022-11-11 11:30:00-05:00,8.020000457763672,8.029999732971191,7.989999771118164,8.029999732971191,1696,0.0,0.0
2022-11-11 12:30:00-05:00,8.015000343322754,8.100000381469727,8.0,8.09000015258789,60184,0.0,0.0
2022-11-11 13:30:00-05:00,8.09000015258789,8.140000343322754,8.09000015258789,8.130000114440918,13117,0.0,0.0
2022-11-11 14:30:00-05:00,8.140000343322754,8.140000343322754,8.09000015258789,8.09000015258789,8236,0.0,0.0
2022-11-11 15:30:00-05:00,8.119999885559082,8.210000038146973,8.114500045776367,8.15999984741211,27787,0.0,0.0
2022-11-14 09:30:00-05:00,8.079999923706055,8.079999923706055,7.730000019073486,8.0,1357,0.0,0.0
2022-11-14 10:30:00-05:00,7.980000019073486,7.980000019073486,7.810699939727783,7.820000171661377,7309,0.0,0.0
2022-11-14 11:30:00-05:00,7.789999961853027,7.829999923706055,7.755000114440918,7.829899787902832,19082,0.0,0.0
2022-11-14 12:30:00-05:00,7.829999923706055,7.96999979019165,7.829999923706055,7.96999979019165,4471,0.0,0.0
2022-11-14 13:30:00-05:00,7.96999979019165,8.0,7.920100212097168,7.960000038146973,4054,0.0,0.0
2022-11-14 14:30:00-05:00,7.949999809265137,7.96999979019165,7.869999885559082,7.900000095367432,3682,0.0,0.0
2022-11-14 15:30:00-05:00,7.900000095367432,7.960000038146973,7.889999866485596,7.900000095367432,25454,0.0,0.0
2022-11-15 09:30:00-05:00,8.40999984741211,9.640000343322754,8.350000381469727,9.539999961853027,49792,0.0,0.0
2022-11-15 10:30:00-05:00,9.378800392150879,9.720000267028809,9.310099601745605,9.5,36949,0.0,0.0
2022-11-15 11:30:00-05:00,9.449999809265137,9.6899995803833,9.449999809265137,9.490099906921387,11319,0.0,0.0
2022-11-15 12:30:00-05:00,9.539999961853027,9.609999656677246,9.350099563598633,9.350099563598633,10753,0.0,0.0
2022-11-15 13:30:00-05:00,9.40999984741211,9.449999809265137,9.34000015258789,9.444999694824219,14357,0.0,0.0
2022-11-15 14:30:00-05:00,9.470000267028809,9.569999694824219,9.420000076293945,9.5,22049,0.0,0.0
2022-11-15 15:30:00-05:00,9.479999542236328,9.5,9.430000305175781,9.430000305175781,48026,0.0,0.0
2022-11-16 09:30:00-05:00,9.25,9.505000114440918,9.100000381469727,9.33329963684082,16353,0.0,0.0
2022-11-16 10:30:00-05:00,9.399999618530273,9.5,9.399999618530273,9.479999542236328,5755,0.0,0.0
2022-11-16 11:30:00-05:00,9.4399995803833,9.4399995803833,9.359999656677246,9.366700172424316,1771,0.0,0.0
2022-11-16 12:30:00-05:00,9.399999618530273,9.430000305175781,9.329999923706055,9.350000381469727,6159,0.0,0.0
2022-11-16 13:30:00-05:00,9.345000267028809,9.345000267028809,9.260000228881836,9.295000076293945,2615,0.0,0.0
2022-11-16 14:30:00-05:00,9.239999771118164,9.300000190734863,9.199999809265137,9.300000190734863,19510,0.0,0.0
2022-11-16 15:30:00-05:00,9.300000190734863,9.319999694824219,9.25,9.270000457763672,24559,0.0,0.0
2022-11-17 09:30:00-05:00,9.130000114440918,9.180899620056152,9.125,9.125,842,0.0,0.0
2022-11-17 10:30:00-05:00,9.138799667358398,9.199999809265137,9.130000114440918,9.199999809265137,2381,0.0,0.0
2022-11-17 11:30:00-05:00,9.1850004196167,9.199999809265137,9.119999885559082,9.119999885559082,2216,0.0,0.0
2022-11-17 12:30:00-05:00,9.149999618530273,9.329999923706055,9.130000114440918,9.329999923706055,6448,0.0,0.0
2022-11-17 13:30:00-05:00,9.289999961853027,9.300000190734863,9.218999862670898,9.2475004196167,3989,0.0,0.0
2022-11-17 14:30:00-05:00,9.25,9.270000457763672,9.130000114440918,9.149999618530273,4172,0.0,0.0
2022-11-17 15:30:00-05:00,9.204999923706055,9.204999923706055,9.079999923706055,9.170000076293945,14686,0.0,0.0
2022-11-18 09:30:00-05:00,9.100000381469727,9.199999809265137,8.90999984741211,9.0,22959,0.0,0.0
2022-11-18 10:30:00-05:00,9.050000190734863,9.079999923706055,9.010000228881836,9.010000228881836,2124,0.0,0.0
2022-11-18 11:30:00-05:00,8.949999809265137,9.0600004196167,8.930000305175781,8.960000038146973,1209,0.0,0.0
2022-11-18 12:30:00-05:00,9.010000228881836,9.010000228881836,8.9399995803833,8.9399995803833,815,0.0,0.0
2022-11-18 13:30:00-05:00,8.979999542236328,9.020000457763672,8.90999984741211,8.989999771118164,3495,0.0,0.0
2022-11-18 14:30:00-05:00,8.989999771118164,9.0,8.9399995803833,8.979999542236328,5382,0.0,0.0
2022-11-18 15:30:00-05:00,8.970000267028809,9.0,8.829999923706055,8.829999923706055,14392,0.0,0.0
2022-11-21 09:30:00-05:00,8.920000076293945,8.920000076293945,8.649999618530273,8.859999656677246,2435,0.0,0.0
2022-11-21 10:30:00-05:00,8.800000190734863,8.850000381469727,8.760000228881836,8.850000381469727,649,0.0,0.0
2022-11-21 11:30:00-05:00,8.760000228881836,8.760000228881836,8.760000228881836,8.760000228881836,544,0.0,0.0
2022-11-21 12:30:00-05:00,8.773900032043457,8.773900032043457,8.670000076293945,8.670000076293945,2892,0.0,0.0
2022-11-21 13:30:00-05:00,8.720000267028809,8.720000267028809,8.640000343322754,8.640000343322754,942,0.0,0.0
2022-11-21 14:30:00-05:00,8.649999618530273,8.649999618530273,8.619999885559082,8.619999885559082,1458,0.0,0.0
2022-11-21 15:30:00-05:00,8.635000228881836,8.704999923706055,8.550000190734863,8.59000015258789,17195,0.0,0.0
2022-11-22 09:30:00-05:00,8.680000305175781,8.980299949645996,8.34000015258789,8.430000305175781,5627,0.0,0.0
2022-11-22 10:30:00-05:00,8.4350004196167,8.444999694824219,8.4350004196167,8.444999694824219,592,0.0,0.0
2022-11-22 11:30:00-05:00,8.479999542236328,8.479999542236328,8.420000076293945,8.420000076293945,537,0.0,0.0
2022-11-22 12:30:00-05:00,8.470000267028809,8.470000267028809,8.430000305175781,8.4350004196167,1719,0.0,0.0
2022-11-22 13:30:00-05:00,8.40999984741211,8.420000076293945,8.329999923706055,8.329999923706055,2161,0.0,0.0
2022-11-22 14:30:00-05:00,8.359999656677246,8.414999961853027,8.350000381469727,8.40999984741211,10640,0.0,0.0
2022-11-22 15:30:00-05:00,8.399999618530273,8.401700019836426,8.25,8.380000114440918,18862,0.0,0.0
2022-11-23 09:30:00-05:00,8.369999885559082,8.430000305175781,8.327300071716309,8.430000305175781,1907,0.0,0.0
2022-11-23 10:30:00-05:00,8.439900398254395,8.505000114440918,8.439900398254395,8.470000267028809,3954,0.0,0.0
2022-11-23 11:30:00-05:00,8.510000228881836,8.510000228881836,8.399999618530273,8.399999618530273,1853,0.0,0.0
2022-11-23 12:30:00-05:00,8.369999885559082,8.380000114440918,8.350000381469727,8.350000381469727,4050,0.0,0.0
2022-11-23 13:30:00-05:00,8.350000381469727,8.470000267028809,8.34000015258789,8.458800315856934,2879,0.0,0.0
2022-11-23 14:30:00-05:00,8.399999618530273,8.5600004196167,8.399999618530273,8.555000305175781,11542,0.0,0.0
2022-11-23 15:30:00-05:00,8.555000305175781,8.609999656677246,8.520000457763672,8.539999961853027,15818,0.0,0.0
2022-11-25 09:30:00-05:00,8.5,8.59000015258789,8.489999771118164,8.59000015258789,1916,0.0,0.0
2022-11-25 10:30:00-05:00,8.550000190734863,8.550000190734863,8.550000190734863,8.550000190734863,261,0.0,0.0
2022-11-25 11:30:00-05:00,8.550000190734863,8.550000190734863,8.550000190734863,8.550000190734863,330,0.0,0.0
2022-11-28 09:30:00-05:00,8.34000015258789,8.520000457763672,8.34000015258789,8.520000457763672,6138,0.0,0.0
2022-11-28 10:30:00-05:00,8.550000190734863,8.550000190734863,8.430000305175781,8.505000114440918,5183,0.0,0.0
2022-11-28 11:30:00-05:00,8.510000228881836,8.569999694824219,8.5,8.569999694824219,3486,0.0,0.0
2022-11-28 12:30:00-05:00,8.579999923706055,8.579999923706055,8.489999771118164,8.489999771118164,7606,0.0,0.0
2022-11-28 13:30:00-05:00,8.5,8.5,8.470000267028809,8.479999542236328,2436,0.0,0.0
2022-11-28 14:30:00-05:00,8.460000038146973,8.460000038146973,8.369999885559082,8.369999885559082,6681,0.0,0.0
2022-11-28 15:30:00-05:00,8.34000015258789,8.380000114440918,8.239999771118164,8.354999542236328,10555,0.0,0.0
2022-11-29 09:30:00-05:00,8.48390007019043,8.48390007019043,8.468400001525879,8.468400001525879,609,0.0,0.0
2022-11-29 10:30:00-05:00,8.4350004196167,8.4350004196167,8.3100004196167,8.3100004196167,1186,0.0,0.0
2022-11-29 11:30:00-05:00,8.329999923706055,8.4399995803833,8.329999923706055,8.4399995803833,4445,0.0,0.0
2022-11-29 12:30:00-05:00,8.449999809265137,8.5,8.380000114440918,8.380000114440918,5177,0.0,0.0
2022-11-29 13:30:00-05:00,8.399999618530273,8.5,8.350000381469727,8.475000381469727,7969,0.0,0.0
2022-11-29 14:30:00-05:00,8.510000228881836,8.539999961853027,8.460000038146973,8.460000038146973,11003,0.0,0.0
2022-11-29 15:30:00-05:00,8.449999809265137,8.460000038146973,8.40999984741211,8.420000076293945,5053,0.0,0.0
2022-11-30 09:30:00-05:00,8.399999618530273,8.489999771118164,8.399999618530273,8.489999771118164,1279,0.0,0.0
2022-11-30 10:30:00-05:00,8.430000305175781,8.469900131225586,8.430000305175781,8.464699745178223,1278,0.0,0.0
2022-11-30 11:30:00-05:00,8.463000297546387,8.463000297546387,8.430000305175781,8.430000305175781,457,0.0,0.0
2022-11-30 12:30:00-05:00,8.435700416564941,8.4399995803833,8.430000305175781,8.430000305175781,1365,0.0,0.0
2022-11-30 13:30:00-05:00,8.4399995803833,8.739999771118164,8.4399995803833,8.720000267028809,12614,0.0,0.0
2022-11-30 14:30:00-05:00,8.720000267028809,8.770000457763672,8.600000381469727,8.704999923706055,26420,0.0,0.0
2022-11-30 15:30:00-05:00,8.729999542236328,8.8100004196167,8.720000267028809,8.8100004196167,11242,0.0,0.0
2022-12-01 09:30:00-05:00,8.710000038146973,8.890000343322754,8.65999984741211,8.770000457763672,22284,0.0,0.0
2022-12-01 10:30:00-05:00,8.770000457763672,8.770000457763672,8.649999618530273,8.760000228881836,15516,0.0,0.0
2022-12-01 11:30:00-05:00,8.75,8.979999542236328,8.75,8.8100004196167,10309,0.0,0.0
2022-12-01 12:30:00-05:00,8.8100004196167,8.8100004196167,8.649999618530273,8.729999542236328,11168,0.0,0.0
2022-12-01 13:30:00-05:00,8.720000267028809,8.800000190734863,8.65999984741211,8.800000190734863,5144,0.0,0.0
2022-12-01 14:30:00-05:00,8.729999542236328,8.819999694824219,8.699999809265137,8.75,8368,0.0,0.0
2022-12-01 15:30:00-05:00,8.760000228881836,8.819999694824219,8.739999771118164,8.779999732971191,21715,0.0,0.0
2022-12-02 09:30:00-05:00,8.699999809265137,8.770000457763672,8.699999809265137,8.770000457763672,598,0.0,0.0
2022-12-02 10:30:00-05:00,8.949999809265137,8.949999809265137,8.789999961853027,8.789999961853027,1197,0.0,0.0
2022-12-02 11:30:00-05:00,8.84000015258789,8.85990047454834,8.84000015258789,8.849900245666504,1824,0.0,0.0
2022-12-02 12:30:00-05:00,8.84000015258789,8.84000015258789,8.789999961853027,8.789999961853027,2194,0.0,0.0
2022-12-02 13:30:00-05:00,8.84000015258789,8.869999885559082,8.779999732971191,8.869999885559082,4904,0.0,0.0
2022-12-02 14:30:00-05:00,8.848299980163574,9.0,8.843199729919434,8.979999542236328,9975,0.0,0.0
2022-12-02 15:30:00-05:00,8.9399995803833,8.960000038146973,8.859999656677246,8.869999885559082,10179,0.0,0.0
2022-12-05 09:30:00-05:00,8.8100004196167,8.8100004196167,8.8100004196167,8.8100004196167,1155,0.0,0.0
2022-12-05 10:30:00-05:00,8.718600273132324,8.799400329589844,8.710000038146973,8.710000038146973,2394,0.0,0.0
2022-12-05 11:30:00-05:00,8.699999809265137,8.699999809265137,8.619999885559082,8.628000259399414,1368,0.0,0.0
2022-12-05 12:30:00-05:00,8.619999885559082,8.619999885559082,8.470000267028809,8.520000457763672,2379,0.0,0.0
2022-12-05 13:30:00-05:00,8.470000267028809,8.494999885559082,8.449999809265137,8.494999885559082,1958,0.0,0.0
2022-12-05 14:30:00-05:00,8.449999809265137,8.510000228881836,8.404999732971191,8.5,9926,0.0,0.0
2022-12-05 15:30:00-05:00,8.470000267028809,8.529999732971191,8.449999809265137,8.5,2426,0.0,0.0
2022-12-06 09:30:00-05:00,8.770000457763672,8.8100004196167,8.286999702453613,8.489999771118164,2718,0.0,0.0
2022-12-06 10:30:00-05:00,8.510000228881836,8.539999961853027,8.5,8.520000457763672,2674,0.0,0.0
2022-12-06 11:30:00-05:00,8.5,8.5,8.300000190734863,8.390000343322754,22510,0.0,0.0
2022-12-06 12:30:00-05:00,8.350000381469727,8.434499740600586,8.34000015258789,8.40999984741211,6085,0.0,0.0
2022-12-06 13:30:00-05:00,8.430000305175781,8.430000305175781,8.390000343322754,8.420000076293945,2947,0.0,0.0
2022-12-06 14:30:00-05:00,8.430000305175781,8.488900184631348,8.390000343322754,8.488900184631348,3895,0.0,0.0
2022-12-06 15:30:00-05:00,8.46500015258789,8.479999542236328,8.369999885559082,8.390000343322754,10134,0.0,0.0
2022-12-07 09:30:00-05:00,8.3100004196167,8.40470027923584,8.25,8.40470027923584,0,0.0,0.0
2022-12-07 10:30:00-05:00,8.359999656677246,8.510000228881836,8.359999656677246,8.420000076293945,1333,0.0,0.0
2022-12-07 11:30:00-05:00,8.359999656677246,8.369999885559082,8.359999656677246,8.369999885559082,566,0.0,0.0
2022-12-07 12:30:00-05:00,8.375,8.40999984741211,8.369999885559082,8.369999885559082,803,0.0,0.0
2022-12-07 13:30:00-05:00,8.460000038146973,8.460000038146973,8.359999656677246,8.359999656677246,1679,0.0,0.0
2022-12-07 14:30:00-05:00,8.369999885559082,8.420000076293945,8.319999694824219,8.350000381469727,7009,0.0,0.0
2022-12-07 15:30:00-05:00,8.369999885559082,8.380000114440918,8.279999732971191,8.289999961853027,4945,0.0,0.0
2022-12-08 09:30:00-05:00,8.270000457763672,8.470000267028809,8.069999694824219,8.260000228881836,11374,0.0,0.0
2022-12-08 10:30:00-05:00,8.299300193786621,8.359999656677246,8.299300193786621,8.359999656677246,1068,0.0,0.0
2022-12-08 11:30:00-05:00,8.350000381469727,8.5600004196167,8.350000381469727,8.520000457763672,4846,0.0,0.0
2022-12-08 13:30:00-05:00,8.600000381469727,8.645000457763672,8.5,8.539999961853027,10092,0.0,0.0
2022-12-08 14:30:00-05:00,8.520000457763672,8.5600004196167,8.520000457763672,8.539999961853027,1056,0.0,0.0
2022-12-08 15:30:00-05:00,8.5649995803833,8.65999984741211,8.54010009765625,8.609999656677246,8364,0.0,0.0
2022-12-09 09:30:00-05:00,8.5600004196167,8.5600004196167,8.430000305175781,8.430000305175781,1135,0.0,0.0
2022-12-09 10:30:00-05:00,8.595399856567383,8.595399856567383,8.529999732971191,8.529999732971191,1700,0.0,0.0
2022-12-09 11:30:00-05:00,8.479999542236328,8.604999542236328,8.46500015258789,8.604999542236328,2711,0.0,0.0
2022-12-09 12:30:00-05:00,8.508099555969238,8.574999809265137,8.479999542236328,8.520000457763672,14490,0.0,0.0
2022-12-09 13:30:00-05:00,8.479999542236328,8.539999961853027,8.479999542236328,8.515000343322754,1266,0.0,0.0
2022-12-09 14:30:00-05:00,8.4350004196167,8.4350004196167,8.430000305175781,8.430000305175781,903,0.0,0.0
2022-12-09 15:30:00-05:00,8.460000038146973,8.539999961853027,8.460000038146973,8.489999771118164,4391,0.0,0.0
2022-12-12 09:30:00-05:00,8.479999542236328,8.569999694824219,8.470000267028809,8.569999694824219,1930,0.0,0.0
2022-12-12 10:30:00-05:00,8.5649995803833,8.5649995803833,8.5,8.520000457763672,5753,0.0,0.0
2022-12-12 11:30:00-05:00,8.5,8.5600004196167,8.470000267028809,8.529999732971191,15576,0.0,0.0
2022-12-12 12:30:00-05:00,8.53499984741211,8.569999694824219,8.53499984741211,8.569999694824219,8643,0.0,0.0
2022-12-12 13:30:00-05:00,8.539999961853027,8.779999732971191,8.539999961853027,8.779999732971191,6738,0.0,0.0
2022-12-12 14:30:00-05:00,8.725000381469727,8.75,8.6899995803833,8.6899995803833,5301,0.0,0.0
2022-12-12 15:30:00-05:00,8.6899995803833,8.6899995803833,8.569999694824219,8.670000076293945,10438,0.0,0.0
2022-12-13 09:30:00-05:00,8.9399995803833,9.09000015258789,8.729999542236328,8.930000305175781,25758,0.0,0.0
2022-12-13 10:30:00-05:00,8.930000305175781,8.930000305175781,8.6899995803833,8.699999809265137,8982,0.0,0.0
2022-12-13 11:30:00-05:00,8.770000457763672,8.8100004196167,8.729999542236328,8.729999542236328,20224,0.0,0.0
2022-12-13 12:30:00-05:00,8.760000228881836,8.779999732971191,8.760000228881836,8.779999732971191,2471,0.0,0.0
2022-12-13 13:30:00-05:00,8.819999694824219,8.890000343322754,8.8100004196167,8.869999885559082,2760,0.0,0.0
2022-12-13 14:30:00-05:00,8.84000015258789,8.890000343322754,8.75,8.84000015258789,2678,0.0,0.0
2022-12-13 15:30:00-05:00,8.875,8.90999984741211,8.829999923706055,8.859999656677246,12541,0.0,0.0
2022-12-14 09:30:00-05:00,9.00730037689209,9.069999694824219,8.994999885559082,9.069999694824219,2175,0.0,0.0
2022-12-14 10:30:00-05:00,9.074999809265137,9.079999923706055,9.010000228881836,9.010000228881836,3311,0.0,0.0
2022-12-14 11:30:00-05:00,9.010100364685059,9.010100364685059,9.010000228881836,9.010000228881836,917,0.0,0.0
2022-12-14 12:30:00-05:00,8.880000114440918,8.979999542236328,8.869999885559082,8.96500015258789,1396,0.0,0.0
2022-12-14 13:30:00-05:00,8.989999771118164,9.050000190734863,8.890000343322754,8.890000343322754,2720,0.0,0.0
2022-12-14 14:30:00-05:00,8.890000343322754,8.960000038146973,8.869999885559082,8.960000038146973,7146,0.0,0.0
2022-12-14 15:30:00-05:00,8.944999694824219,8.960000038146973,8.84000015258789,8.899999618530273,8886,0.0,0.0
2022-12-15 09:30:00-05:00,8.789999961853027,8.789999961853027,8.729999542236328,8.779800415039062,4567,0.0,0.0
2022-12-15 10:30:00-05:00,8.720000267028809,8.760000228881836,8.720000267028809,8.75,2718,0.0,0.0
2022-12-15 11:30:00-05:00,8.739999771118164,8.800000190734863,8.6899995803833,8.800000190734863,4534,0.0,0.0
2022-12-15 12:30:00-05:00,8.739999771118164,8.760000228881836,8.699999809265137,8.729999542236328,7512,0.0,0.0
2022-12-15 13:30:00-05:00,8.760000228881836,8.789999961853027,8.75,8.789999961853027,3267,0.0,0.0
2022-12-15 14:30:00-05:00,8.774999618530273,8.774999618530273,8.75,8.75,4659,0.0,0.0
2022-12-15 15:30:00-05:00,8.729999542236328,8.829999923706055,8.729999542236328,8.770000457763672,10483,0.0,0.0
2022-12-16 09:30:00-05:00,8.65999984741211,8.710000038146973,8.600000381469727,8.65310001373291,39571,0.0,0.0
2022-12-16 10:30:00-05:00,8.5600004196167,8.5600004196167,8.529999732971191,8.539999961853027,1193,0.0,0.0
2022-12-16 11:30:00-05:00,8.539999961853027,8.5600004196167,8.529999732971191,8.529999732971191,1253,0.0,0.0
2022-12-16 12:30:00-05:00,8.529999732971191,8.550000190734863,8.529999732971191,8.529999732971191,4651,0.0,0.0
2022-12-16 13:30:00-05:00,8.529999732971191,8.5600004196167,8.529999732971191,8.5600004196167,4118,0.0,0.0
2022-12-16 14:30:00-05:00,8.529999732971191,8.599900245666504,8.529999732971191,8.599900245666504,6073,0.0,0.0
2022-12-16 15:30:00-05:00,8.600000381469727,8.739999771118164,8.59000015258789,8.680000305175781,15398,0.0,0.0
2022-12-19 09:30:00-05:00,8.670000076293945,8.800000190734863,8.670000076293945,8.800000190734863,19480,0.0,0.0
2022-12-19 10:30:00-05:00,8.84000015258789,8.84000015258789,8.710000038146973,8.710000038146973,1115,0.0,0.0
2022-12-19 11:30:00-05:00,8.710000038146973,8.75,8.6899995803833,8.729999542236328,1846,0.0,0.0
2022-12-19 13:30:00-05:00,8.75,8.760000228881836,8.720000267028809,8.741900444030762,1563,0.0,0.0
2022-12-19 14:30:00-05:00,8.75,8.789999961853027,8.720000267028809,8.789999961853027,2355,0.0,0.0
2022-12-19 15:30:00-05:00,8.739999771118164,8.770000457763672,8.6899995803833,8.770000457763672,8015,0.0,0.0
2022-12-20 09:30:00-05:00,8.699999809265137,8.729999542236328,8.619999885559082,8.619999885559082,2187,0.0,0.0
2022-12-20 10:30:00-05:00,8.779999732971191,8.789999961853027,8.770000457763672,8.789999961853027,1666,0.0,0.0
2022-12-20 11:30:00-05:00,8.84000015258789,9.02970027923584,8.84000015258789,8.954999923706055,2743,0.0,0.0
2022-12-20 12:30:00-05:00,8.931500434875488,8.931500434875488,8.859999656677246,8.890000343322754,2577,0.0,0.0
2022-12-20 13:30:00-05:00,8.920000076293945,9.0,8.920000076293945,8.949999809265137,3697,0.0,0.0
2022-12-20 14:30:00-05:00,8.880000114440918,8.944999694824219,8.880000114440918,8.930000305175781,825,0.0,0.0
2022-12-20 15:30:00-05:00,8.930000305175781,9.0,8.930000305175781,8.949999809265137,5562,0.0,0.0
2022-12-21 09:30:00-05:00,8.979999542236328,9.140000343322754,8.9399995803833,9.119999885559082,0,0.0,0.0
2022-12-21 10:30:00-05:00,9.21500015258789,9.21500015258789,9.029999732971191,9.029999732971191,27303,0.0,0.0
2022-12-21 11:30:00-05:00,9.050000190734863,9.135000228881836,9.029999732971191,9.050000190734863,1333,0.0,0.0
2022-12-21 12:30:00-05:00,9.069999694824219,9.1899995803833,9.069999694824219,9.1899995803833,4829,0.0,0.0
2022-12-21 13:30:00-05:00,9.199999809265137,9.239999771118164,9.170000076293945,9.225000381469727,1152,0.0,0.0
2022-12-21 14:30:00-05:00,9.25,9.25,9.136500358581543,9.136500358581543,3941,0.0,0.0
2022-12-21 15:30:00-05:00,9.180000305175781,9.1899995803833,9.114999771118164,9.15999984741211,9216,0.0,0.0
2022-12-22 09:30:00-05:00,9.069999694824219,9.069999694824219,8.949999809265137,9.020000457763672,1256,0.0,0.0
2022-12-22 11:30:00-05:00,8.930000305175781,8.930000305175781,8.800000190734863,8.800000190734863,1982,0.0,0.0
2022-12-22 12:30:00-05:00,8.800000190734863,8.800000190734863,8.729999542236328,8.729999542236328,1508,0.0,0.0
2022-12-22 13:30:00-05:00,8.729999542236328,8.824000358581543,8.729999542236328,8.824000358581543,2955,0.0,0.0
2022-12-22 14:30:00-05:00,8.770000457763672,8.829999923706055,8.720000267028809,8.819999694824219,3031,0.0,0.0
2022-12-22 15:30:00-05:00,8.819999694824219,8.84000015258789,8.800000190734863,8.819999694824219,4070,0.0,0.0
2022-12-23 09:30:00-05:00,8.839900016784668,8.839900016784668,8.839900016784668,8.839900016784668,676,0.0,0.0
2022-12-23 10:30:00-05:00,8.835000038146973,8.835000038146973,8.835000038146973,8.835000038146973,322,0.0,0.0
2022-12-23 11:30:00-05:00,8.847999572753906,8.847999572753906,8.800000190734863,8.829999923706055,1349,0.0,0.0
2022-12-23 12:30:00-05:00,8.800000190734863,8.890000343322754,8.800000190734863,8.890000343322754,2605,0.0,0.0
2022-12-23 13:30:00-05:00,8.859999656677246,8.859999656677246,8.859999656677246,8.859999656677246,177,0.0,0.0
2022-12-23 14:30:00-05:00,8.850000381469727,8.904999732971191,8.850000381469727,8.904999732971191,1440,0.0,0.0
2022-12-23 15:30:00-05:00,8.899999618530273,8.899999618530273,8.8100004196167,8.850000381469727,1672,0.0,0.0
2022-12-27 09:30:00-05:00,8.84000015258789,8.899999618530273,8.75,8.899999618530273,1732,0.0,0.0
2022-12-27 10:30:00-05:00,8.854999542236328,8.884400367736816,8.800000190734863,8.8100004196167,1717,0.0,0.0
2022-12-27 11:30:00-05:00,8.800000190734863,8.800000190734863,8.789999961853027,8.789999961853027,861,0.0,0.0
2022-12-27 12:30:00-05:00,8.720000267028809,8.75,8.710000038146973,8.710000038146973,3374,0.0,0.0
2022-12-27 13:30:00-05:00,8.699999809265137,8.699999809265137,8.670000076293945,8.680000305175781,1801,0.0,0.0
2022-12-27 14:30:00-05:00,8.6899995803833,8.770000457763672,8.670000076293945,8.75,13459,0.0,0.0
2022-12-27 15:30:00-05:00,8.75,8.789999961853027,8.6899995803833,8.75,9952,0.0,0.0
2022-12-28 09:30:00-05:00,8.680000305175781,8.710000038146973,8.680000305175781,8.710000038146973,1975,0.0,0.0
2022-12-28 10:30:00-05:00,8.680000305175781,8.680000305175781,8.555000305175781,8.555000305175781,8583,0.0,0.0
2022-12-28 11:30:00-05:00,8.510000228881836,8.59000015258789,8.510000228881836,8.59000015258789,1445,0.0,0.0
2022-12-28 12:30:00-05:00,8.619999885559082,8.619999885559082,8.579999923706055,8.579999923706055,775,0.0,0.0
2022-12-28 13:30:00-05:00,8.529999732971191,8.529999732971191,8.5,8.520000457763672,2419,0.0,0.0
2022-12-28 14:30:00-05:00,8.579999923706055,8.579999923706055,8.579999923706055,8.579999923706055,292,0.0,0.0
2022-12-28 15:30:00-05:00,8.579999923706055,8.579999923706055,8.539999961853027,8.539999961853027,2976,0.0,0.0
2022-12-29 09:30:00-05:00,8.600000381469727,8.789999961853027,8.577199935913086,8.789999961853027,5494,0.0,0.0
2022-12-29 10:30:00-05:00,8.789999961853027,8.859600067138672,8.710000038146973,8.710000038146973,3893,0.0,0.0
2022-12-29 11:30:00-05:00,8.755000114440918,8.755000114440918,8.720000267028809,8.733599662780762,2213,0.0,0.0
2022-12-29 12:30:00-05:00,8.699999809265137,8.699999809265137,8.6899995803833,8.699999809265137,2631,0.0,0.0
2022-12-29 13:30:00-05:00,8.699999809265137,8.720000267028809,8.690099716186523,8.699999809265137,4705,0.0,0.0
2022-12-29 14:30:00-05:00,8.690099716186523,8.880000114440918,8.690099716186523,8.840100288391113,8433,0.0,0.0
2022-12-29 15:30:00-05:00,8.899999618530273,8.920000076293945,8.850000381469727,8.899999618530273,3492,0.0,0.0
2022-12-30 09:30:00-05:00,8.720000267028809,8.890000343322754,8.720000267028809,8.890000343322754,4070,0.0,0.0
2022-12-30 10:30:00-05:00,8.944999694824219,8.949999809265137,8.920000076293945,8.949999809265137,2984,0.0,0.0
2022-12-30 11:30:00-05:00,8.97089958190918,9.100000381469727,8.97089958190918,9.074999809265137,14867,0.0,0.0
2022-12-30 12:30:00-05:00,9.074999809265137,9.079999923706055,8.880000114440918,9.020000457763672,16686,0.0,0.0
2022-12-30 13:30:00-05:00,9.039999961853027,9.050000190734863,8.989999771118164,8.989999771118164,1521,0.0,0.0
2022-12-30 14:30:00-05:00,8.979999542236328,9.020000457763672,8.979999542236328,8.979999542236328,1335,0.0,0.0
2022-12-30 15:30:00-05:00,8.968000411987305,9.050000190734863,8.968000411987305,9.029999732971191,7393,0.0,0.0
2023-01-03 09:30:00-05:00,9.199999809265137,9.199999809265137,9.029999732971191,9.029999732971191,4548,0.0,0.0
2023-01-03 10:30:00-05:00,9.050000190734863,9.050000190734863,9.0,9.0,5865,0.0,0.0
2023-01-03 11:30:00-05:00,9.050000190734863,9.09000015258789,9.0,9.039999961853027,2477,0.0,0.0
2023-01-03 12:30:00-05:00,9.0,9.125,9.0,9.125,4228,0.0,0.0
2023-01-03 13:30:00-05:00,9.135000228881836,9.135000228881836,9.079999923706055,9.109999656677246,833,0.0,0.0
2023-01-03 14:30:00-05:00,9.119999885559082,9.220000267028809,9.119999885559082,9.1899995803833,2266,0.0,0.0
2023-01-03 15:30:00-05:00,9.170000076293945,9.25,9.119999885559082,9.25,4104,0.0,0.0
2023-01-04 09:30:00-05:00,9.220000267028809,9.282500267028809,9.164999961853027,9.270000457763672,19441,0.0,0.0
2023-01-04 10:30:00-05:00,9.300000190734863,9.489999771118164,9.29010009765625,9.430000305175781,3613,0.0,0.0
2023-01-04 11:30:00-05:00,9.4399995803833,9.444999694824219,9.40999984741211,9.4350004196167,1369,0.0,0.0
2023-01-04 12:30:00-05:00,9.425000190734863,9.425000190734863,9.350000381469727,9.369999885559082,1855,0.0,0.0
2023-01-04 13:30:00-05:00,9.369999885559082,9.389200210571289,9.25,9.25,4050,0.0,0.0
2023-01-04 14:30:00-05:00,9.25,9.329999923706055,9.164999961853027,9.329999923706055,4825,0.0,0.0
2023-01-04 15:30:00-05:00,9.270000457763672,9.3149995803833,9.270000457763672,9.289999961853027,8008,0.0,0.0
2023-01-05 09:30:00-05:00,9.140000343322754,9.210000038146973,8.6899995803833,9.085000038146973,6717,0.0,0.0
2023-01-05 10:30:00-05:00,9.020000457763672,9.149999618530273,9.0,9.130000114440918,2814,0.0,0.0
2023-01-05 11:30:00-05:00,9.09000015258789,9.119999885559082,9.005000114440918,9.100000381469727,2526,0.0,0.0
2023-01-05 12:30:00-05:00,9.079999923706055,9.149999618530273,9.079999923706055,9.119999885559082,4725,0.0,0.0
2023-01-05 13:30:00-05:00,9.08080005645752,9.149999618530273,9.08080005645752,9.130000114440918,2808,0.0,0.0
2023-01-05 14:30:00-05:00,9.149999618530273,9.170000076293945,9.109999656677246,9.109999656677246,3141,0.0,0.0
2023-01-05 15:30:00-05:00,9.109999656677246,9.220000267028809,9.085000038146973,9.180000305175781,9094,0.0,0.0
2023-01-06 09:30:00-05:00,9.300000190734863,9.300000190734863,9.300000190734863,9.300000190734863,710,0.0,0.0
2023-01-06 10:30:00-05:00,9.25,9.369999885559082,9.25,9.359999656677246,6029,0.0,0.0
2023-01-06 11:30:00-05:00,9.393899917602539,9.399999618530273,9.360099792480469,9.364999771118164,4406,0.0,0.0
2023-01-06 12:30:00-05:00,9.369999885559082,9.399999618530273,9.34000015258789,9.350000381469727,2420,0.0,0.0
2023-01-06 13:30:00-05:00,9.390000343322754,9.479999542236328,9.380599975585938,9.444999694824219,2911,0.0,0.0
2023-01-06 14:30:00-05:00,9.470000267028809,9.470000267028809,9.420000076293945,9.430000305175781,4337,0.0,0.0
2023-01-06 15:30:00-05:00,9.430000305175781,9.619999885559082,9.430000305175781,9.479999542236328,11545,0.0,0.0
2023-01-09 09:30:00-05:00,9.489999771118164,9.619999885559082,9.489999771118164,9.569999694824219,1918,0.0,0.0
2023-01-09 10:30:00-05:00,9.569999694824219,9.640000343322754,9.569999694824219,9.640000343322754,1127,0.0,0.0
2023-01-09 12:30:00-05:00,9.640000343322754,9.670000076293945,9.640000343322754,9.670000076293945,1537,0.0,0.0
2023-01-09 13:30:00-05:00,9.619999885559082,9.864999771118164,9.5600004196167,9.864999771118164,16587,0.0,0.0
2023-01-09 14:30:00-05:00,9.880000114440918,9.899999618530273,9.6899995803833,9.6899995803833,7350,0.0,0.0
2023-01-09 15:30:00-05:00,9.789999961853027,9.789999961853027,9.65999984741211,9.720000267028809,7539,0.0,0.0
2023-01-10 09:30:00-05:00,9.600000381469727,9.786100387573242,9.600000381469727,9.699999809265137,0,0.0,0.0
2023-01-10 10:30:00-05:00,9.694899559020996,9.694899559020996,9.694899559020996,9.694899559020996,523,0.0,0.0
2023-01-10 11:30:00-05:00,9.609999656677246,9.65999984741211,9.510000228881836,9.604999542236328,3556,0.0,0.0
2023-01-10 12:30:00-05:00,9.638999938964844,9.640000343322754,9.638999938964844,9.640000343322754,1058,0.0,0.0
2023-01-10 13:30:00-05:00,9.630000114440918,9.649999618530273,9.630000114440918,9.649999618530273,1372,0.0,0.0
2023-01-10 14:30:00-05:00,9.699999809265137,9.699999809265137,9.6899995803833,9.6899995803833,1421,0.0,0.0
2023-01-10 15:30:00-05:00,9.550000190734863,9.699999809265137,9.550000190734863,9.699999809265137,6035,0.0,0.0
2023-01-11 09:30:00-05:00,9.6899995803833,9.6899995803833,9.649999618530273,9.654999732971191,776,0.0,0.0
2023-01-11 11:30:00-05:00,9.727899551391602,9.727899551391602,9.630000114440918,9.630000114440918,628,0.0,0.0
2023-01-11 12:30:00-05:00,9.760000228881836,9.899999618530273,9.59000015258789,9.71500015258789,26746,0.0,0.0
2023-01-11 13:30:00-05:00,9.710000038146973,9.710000038146973,9.699999809265137,9.699999809265137,245,0.0,0.0
2023-01-11 14:30:00-05:00,9.710000038146973,9.8100004196167,9.699999809265137,9.70009994506836,1813,0.0,0.0
2023-01-11 15:30:00-05:00,9.770000457763672,9.779999732971191,9.710000038146973,9.779999732971191,2578,0.0,0.0
2023-01-12 09:30:00-05:00,9.656200408935547,9.79319953918457,9.656200408935547,9.79319953918457,1541,0.0,0.0
2023-01-12 10:30:00-05:00,9.770000457763672,9.800000190734863,9.749899864196777,9.749899864196777,1926,0.0,0.0
2023-01-12 11:30:00-05:00,9.869999885559082,9.869999885559082,9.789999961853027,9.789999961853027,1398,0.0,0.0
2023-01-12 12:30:00-05:00,9.84000015258789,9.90999984741211,9.830599784851074,9.850000381469727,2952,0.0,0.0
2023-01-12 13:30:00-05:00,9.800000190734863,9.850000381469727,9.800000190734863,9.850000381469727,4261,0.0,0.0
2023-01-12 14:30:00-05:00,9.890000343322754,9.890000343322754,9.800100326538086,9.800100326538086,2242,0.0,0.0
2023-01-12 15:30:00-05:00,9.789999961853027,9.90999984741211,9.789999961853027,9.90999984741211,1725,0.0,0.0
2023-01-13 09:30:00-05:00,9.743800163269043,9.743800163269043,9.743800163269043,9.743800163269043,332,0.0,0.0
2023-01-13 10:30:00-05:00,9.819999694824219,9.819999694824219,9.819999694824219,9.819999694824219,226,0.0,0.0
2023-01-13 11:30:00-05:00,9.869999885559082,9.869999885559082,9.779999732971191,9.779999732971191,409,0.0,0.0
2023-01-13 12:30:00-05:00,9.869999885559082,9.869999885559082,9.869999885559082,9.869999885559082,755,0.0,0.0
2023-01-13 13:30:00-05:00,9.920000076293945,9.920000076293945,9.760100364685059,9.84000015258789,5901,0.0,0.0
2023-01-13 14:30:00-05:00,9.829999923706055,9.899999618530273,9.829999923706055,9.880000114440918,2042,0.0,0.0
2023-01-13 15:30:00-05:00,9.890000343322754,9.90999984741211,9.850000381469727,9.880000114440918,3357,0.0,0.0
2023-01-17 09:30:00-05:00,9.930000305175781,9.9399995803833,9.850000381469727,9.850000381469727,1990,0.0,0.0
2023-01-17 10:30:00-05:00,9.850000381469727,9.90999984741211,9.850000381469727,9.899999618530273,1507,0.0,0.0
2023-01-17 11:30:00-05:00,9.92140007019043,9.92140007019043,9.800000190734863,9.800000190734863,2688,0.0,0.0
2023-01-17 12:30:00-05:00,9.800000190734863,9.899999618530273,9.800000190734863,9.890800476074219,11242,0.0,0.0
2023-01-17 13:30:00-05:00,9.869999885559082,9.895000457763672,9.859999656677246,9.869999885559082,1926,0.0,0.0
2023-01-17 14:30:00-05:00,9.84000015258789,9.899999618530273,9.819999694824219,9.899999618530273,697,0.0,0.0
2023-01-17 15:30:00-05:00,9.859999656677246,9.859999656677246,9.859999656677246,9.859999656677246,1789,0.0,0.0
2023-01-18 09:30:00-05:00,9.9399995803833,10.199999809265137,9.9399995803833,10.030099868774414,10047,0.0,0.0
2023-01-18 10:30:00-05:00,10.029999732971191,10.256500244140625,10.020000457763672,10.074999809265137,3504,0.0,0.0
2023-01-18 11:30:00-05:00,10.119999885559082,10.128499984741211,10.04010009765625,10.099499702453613,3651,0.0,0.0
2023-01-18 12:30:00-05:00,10.069999694824219,10.08899974822998,9.875,9.949999809265137,4105,0.0,0.0
2023-01-18 13:30:00-05:00,9.835000038146973,9.979999542236328,9.835000038146973,9.979999542236328,1279,0.0,0.0
2023-01-18 14:30:00-05:00,9.960000038146973,9.960000038146973,9.850000381469727,9.852899551391602,1580,0.0,0.0
2023-01-18 15:30:00-05:00,9.90999984741211,9.920000076293945,9.850000381469727,9.850000381469727,5352,0.0,0.0
2023-01-19 09:30:00-05:00,9.829999923706055,10.130000114440918,9.829999923706055,10.069999694824219,1398,0.0,0.0
2023-01-19 10:30:00-05:00,10.0,10.0,10.0,10.0,1018,0.0,0.0
2023-01-19 11:30:00-05:00,9.850000381469727,9.970000267028809,9.819999694824219,9.890000343322754,5671,0.0,0.0
2023-01-19 12:30:00-05:00,9.920000076293945,9.920000076293945,9.869999885559082,9.880000114440918,2086,0.0,0.0
2023-01-19 13:30:00-05:00,9.869999885559082,9.890000343322754,9.869999885559082,9.890000343322754,1128,0.0,0.0
2023-01-19 14:30:00-05:00,9.9399995803833,9.970000267028809,9.880000114440918,9.960000038146973,2768,0.0,0.0
2023-01-19 15:30:00-05:00,10.050000190734863,10.050000190734863,9.850000381469727,10.020000457763672,3836,0.0,0.0
2023-01-20 09:30:00-05:00,10.079999923706055,10.079999923706055,9.930000305175781,9.930000305175781,8624,0.0,0.0
2023-01-20 11:30:00-05:00,9.920000076293945,9.949999809265137,9.920000076293945,9.930000305175781,742,0.0,0.0
2023-01-20 12:30:00-05:00,9.930000305175781,9.944999694824219,9.760000228881836,9.800000190734863,3545,0.0,0.0
2023-01-20 13:30:00-05:00,9.760000228881836,9.890000343322754,9.760000228881836,9.890000343322754,3205,0.0,0.0
2023-01-20 14:30:00-05:00,9.904999732971191,9.949999809265137,9.880000114440918,9.880000114440918,2142,0.0,0.0
2023-01-20 15:30:00-05:00,9.899999618530273,9.904999732971191,9.741000175476074,9.845000267028809,5013,0.0,0.0
2023-01-23 09:30:00-05:00,9.819999694824219,9.819999694824219,9.140000343322754,9.670100212097168,8967,0.0,0.0
2023-01-23 12:30:00-05:00,9.609999656677246,9.609999656677246,9.539999961853027,9.600000381469727,1795,0.0,0.0
2023-01-23 13:30:00-05:00,9.529999732971191,9.529999732971191,9.289999961853027,9.319999694824219,6027,0.0,0.0
2023-01-23 14:30:00-05:00,9.489899635314941,9.489899635314941,8.979999542236328,9.109999656677246,5578,0.0,0.0
2023-01-23 15:30:00-05:00,9.145000457763672,9.289999961853027,9.145000457763672,9.289999961853027,6786,0.0,0.0
2023-01-24 09:30:00-05:00,9.239999771118164,9.300000190734863,9.020000457763672,9.25,6227,0.0,0.0
2023-01-24 10:30:00-05:00,9.354999542236328,9.359999656677246,9.319999694824219,9.34000015258789,1238,0.0,0.0
2023-01-24 11:30:00-05:00,9.34000015258789,9.604999542236328,9.34000015258789,9.579999923706055,5634,0.0,0.0
2023-01-24 12:30:00-05:00,9.479999542236328,9.574999809265137,9.430000305175781,9.430000305175781,3126,0.0,0.0
2023-01-24 13:30:00-05:00,9.399999618530273,9.494999885559082,9.369999885559082,9.454999923706055,2992,0.0,0.0
2023-01-24 14:30:00-05:00,9.454999923706055,9.454999923706055,9.369999885559082,9.420000076293945,3058,0.0,0.0
2023-01-24 15:30:00-05:00,9.414999961853027,9.414999961853027,9.369999885559082,9.380000114440918,6638,0.0,0.0
2023-01-25 09:30:00-05:00,9.380399703979492,9.380399703979492,9.100099563598633,9.25,2925,0.0,0.0
2023-01-25 10:30:00-05:00,9.380000114440918,9.390000343322754,9.319999694824219,9.390000343322754,798,0.0,0.0
2023-01-25 11:30:00-05:00,9.300000190734863,9.449999809265137,9.300000190734863,9.449999809265137,1027,0.0,0.0
2023-01-25 12:30:00-05:00,9.270000457763672,9.369999885559082,9.270000457763672,9.369999885559082,667,0.0,0.0
2023-01-25 13:30:00-05:00,9.449999809265137,9.5649995803833,9.346500396728516,9.5,8120,0.0,0.0
2023-01-25 14:30:00-05:00,9.600000381469727,9.6899995803833,9.600000381469727,9.630000114440918,1545,0.0,0.0
2023-01-25 15:30:00-05:00,9.6899995803833,9.699999809265137,9.579999923706055,9.600000381469727,6027,0.0,0.0
2023-01-26 09:30:00-05:00,9.710000038146973,9.800000190734863,9.430000305175781,9.779999732971191,127268,0.0,0.0
2023-01-26 10:30:00-05:00,9.819999694824219,9.819999694824219,9.675000190734863,9.6899995803833,1317,0.0,0.0
2023-01-26 11:30:00-05:00,9.649999618530273,9.65999984741211,9.649999618530273,9.65999984741211,1876,0.0,0.0
2023-01-26 12:30:00-05:00,9.640000343322754,9.640000343322754,9.420000076293945,9.59000015258789,789,0.0,0.0
2023-01-26 13:30:00-05:00,9.522000312805176,9.522000312805176,9.522000312805176,9.522000312805176,855,0.0,0.0
2023-01-26 14:30:00-05:00,9.494799613952637,9.494799613952637,9.494799613952637,9.494799613952637,672,0.0,0.0
2023-01-26 15:30:00-05:00,9.472200393676758,9.649999618530273,9.472200393676758,9.649999618530273,9902,0.0,0.0
2023-01-27 09:30:00-05:00,9.600000381469727,9.75,9.550000190734863,9.739999771118164,4168,0.0,0.0
2023-01-27 10:30:00-05:00,9.75,9.890000343322754,9.75,9.84000015258789,1252,0.0,0.0
2023-01-27 11:30:00-05:00,9.829999923706055,9.829999923706055,9.829999923706055,9.829999923706055,249,0.0,0.0
2023-01-27 12:30:00-05:00,9.84000015258789,9.979999542236328,9.84000015258789,9.979999542236328,2912,0.0,0.0
2023-01-27 13:30:00-05:00,10.140000343322754,10.140000343322754,9.970000267028809,9.970000267028809,2823,0.0,0.0
2023-01-27 14:30:00-05:00,9.970000267028809,9.970000267028809,9.859999656677246,9.960000038146973,2367,0.0,0.0
2023-01-27 15:30:00-05:00,9.925000190734863,10.140000343322754,9.925000190734863,10.140000343322754,4491,0.0,0.0
2023-01-30 10:30:00-05:00,9.970000267028809,9.970000267028809,9.73009967803955,9.73009967803955,2019,0.0,0.0
2023-01-30 11:30:00-05:00,10.0,10.0,9.831700325012207,9.831700325012207,8267,0.0,0.0
2023-01-30 12:30:00-05:00,9.904999732971191,9.904999732971191,9.880000114440918,9.880000114440918,1423,0.0,0.0
2023-01-30 13:30:00-05:00,9.90999984741211,9.90999984741211,9.899999618530273,9.899999618530273,359,0.0,0.0
2023-01-30 14:30:00-05:00,9.869999885559082,9.90999984741211,9.84000015258789,9.85990047454834,4143,0.0,0.0
2023-01-30 15:30:00-05:00,9.824999809265137,9.824999809265137,9.729999542236328,9.729999542236328,2449,0.0,0.0
2023-01-31 10:30:00-05:00,9.989999771118164,9.989999771118164,9.989999771118164,9.989999771118164,1143,0.0,0.0
2023-01-31 11:30:00-05:00,9.850000381469727,9.930000305175781,9.779999732971191,9.850000381469727,13282,0.0,0.0
2023-01-31 12:30:00-05:00,9.920000076293945,9.920000076293945,9.770000457763672,9.829999923706055,1547,0.0,0.0
2023-01-31 13:30:00-05:00,9.770000457763672,9.829999923706055,9.770000457763672,9.800000190734863,1173,0.0,0.0
2023-01-31 14:30:00-05:00,9.813799858093262,9.829999923706055,9.770000457763672,9.800000190734863,6153,0.0,0.0
2023-01-31 15:30:00-05:00,9.800000190734863,9.800000190734863,9.675000190734863,9.675000190734863,8720,0.0,0.0
2023-02-01 10:30:00-05:00,9.781399726867676,9.781399726867676,9.779999732971191,9.779999732971191,1767,0.0,0.0
2023-02-01 11:30:00-05:00,9.760000228881836,9.760000228881836,9.65999984741211,9.65999984741211,1413,0.0,0.0
2023-02-01 12:30:00-05:00,9.520000457763672,9.5600004196167,9.520000457763672,9.5600004196167,1926,0.0,0.0
2023-02-01 13:30:00-05:00,9.600000381469727,9.699999809265137,9.600000381469727,9.670000076293945,3174,0.0,0.0
2023-02-01 14:30:00-05:00,9.65999984741211,9.880000114440918,9.65999984741211,9.880000114440918,7549,0.0,0.0
2023-02-01 15:30:00-05:00,9.899999618530273,9.9350004196167,9.770000457763672,9.770000457763672,8010,0.0,0.0
2023-02-02 09:30:00-05:00,9.869999885559082,10.1899995803833,9.869999885559082,9.890000343322754,17676,0.0,0.0
2023-02-02 10:30:00-05:00,9.970000267028809,9.970000267028809,9.797699928283691,9.88659954071045,6769,0.0,0.0
2023-02-02 11:30:00-05:00,9.920000076293945,9.920000076293945,9.869999885559082,9.869999885559082,4005,0.0,0.0
2023-02-02 12:30:00-05:00,9.869999885559082,9.949999809265137,9.869999885559082,9.890000343322754,2299,0.0,0.0
2023-02-02 13:30:00-05:00,9.920000076293945,9.920000076293945,9.880000114440918,9.920000076293945,4569,0.0,0.0
2023-02-02 14:30:00-05:00,9.90999984741211,9.920000076293945,9.850000381469727,9.850099563598633,6491,0.0,0.0
2023-02-02 15:30:00-05:00,9.859999656677246,9.930000305175781,9.789999961853027,9.869999885559082,6495,0.0,0.0
2023-02-03 09:30:00-05:00,9.729999542236328,9.954999923706055,9.729999542236328,9.954999923706055,445,0.0,0.0
2023-02-03 10:30:00-05:00,9.78499984741211,9.78499984741211,9.600000381469727,9.600000381469727,737,0.0,0.0
2023-02-03 11:30:00-05:00,9.970000267028809,9.970000267028809,9.781499862670898,9.781499862670898,1089,0.0,0.0
2023-02-03 12:30:00-05:00,9.682999610900879,9.84000015258789,9.682999610900879,9.84000015258789,1467,0.0,0.0
2023-02-03 13:30:00-05:00,9.82390022277832,9.970000267028809,9.739999771118164,9.739999771118164,4020,0.0,0.0
2023-02-03 15:30:00-05:00,9.864999771118164,9.979999542236328,9.859999656677246,9.859999656677246,2966,0.0,0.0
2023-02-06 09:30:00-05:00,9.75,9.75,9.75,9.75,498,0.0,0.0
2023-02-06 10:30:00-05:00,9.699999809265137,9.797200202941895,9.699999809265137,9.797200202941895,722,0.0,0.0
2023-02-06 11:30:00-05:00,9.680000305175781,9.859999656677246,9.680000305175781,9.859999656677246,1862,0.0,0.0
2023-02-06 12:30:00-05:00,9.90999984741211,9.90999984741211,9.779999732971191,9.779999732971191,633,0.0,0.0
2023-02-06 13:30:00-05:00,9.859999656677246,9.90999984741211,9.859999656677246,9.869999885559082,2804,0.0,0.0
2023-02-06 14:30:00-05:00,9.920000076293945,9.920000076293945,9.8100004196167,9.854999542236328,1413,0.0,0.0
2023-02-06 15:30:00-05:00,9.8100004196167,9.890000343322754,9.760000228881836,9.8100004196167,4719,0.0,0.0
2023-02-07 09:30:00-05:00,9.680000305175781,9.680000305175781,9.529999732971191,9.529999732971191,946,0.0,0.0
2023-02-07 10:30:00-05:00,9.569999694824219,9.81879997253418,9.547499656677246,9.675000190734863,1406,0.0,0.0
2023-02-07 11:30:00-05:00,9.649999618530273,9.734999656677246,9.59000015258789,9.630000114440918,11229,0.0,0.0
2023-02-07 12:30:00-05:00,9.649999618530273,9.649999618530273,9.649999618530273,9.649999618530273,17225,0.0,0.0
2023-02-07 13:30:00-05:00,9.84000015258789,9.84000015258789,9.84000015258789,9.84000015258789,187,0.0,0.0
2023-02-07 14:30:00-05:00,9.84000015258789,9.850000381469727,9.789999961853027,9.824999809265137,5707,0.0,0.0
2023-02-07 15:30:00-05:00,9.824999809265137,9.970000267028809,9.800000190734863,9.970000267028809,10754,0.0,0.0
2023-02-08 09:30:00-05:00,9.9399995803833,10.020000457763672,9.9399995803833,10.020000457763672,1333,0.0,0.0
2023-02-08 10:30:00-05:00,9.9399995803833,10.069999694824219,9.920000076293945,9.920000076293945,4502,0.0,0.0
2023-02-08 11:30:00-05:00,9.930000305175781,10.067099571228027,9.930000305175781,9.960000038146973,2226,0.0,0.0
2023-02-08 12:30:00-05:00,9.979999542236328,10.045000076293945,9.979999542236328,10.02340030670166,3898,0.0,0.0
2023-02-08 13:30:00-05:00,10.0,10.03499984741211,9.989999771118164,10.010000228881836,2601,0.0,0.0
2023-02-08 14:30:00-05:00,10.029999732971191,10.039999961853027,10.029999732971191,10.039999961853027,294,0.0,0.0
2023-02-08 15:30:00-05:00,10.020000457763672,10.0600004196167,10.020000457763672,10.0600004196167,2036,0.0,0.0
2023-02-09 09:30:00-05:00,10.0600004196167,10.350000381469727,9.949999809265137,10.199999809265137,4445,0.0,0.0
2023-02-09 10:30:00-05:00,10.130000114440918,10.145000457763672,10.055000305175781,10.055000305175781,1380,0.0,0.0
2023-02-09 11:30:00-05:00,10.0600004196167,10.0600004196167,10.050000190734863,10.050000190734863,716,0.0,0.0
2023-02-09 12:30:00-05:00,10.0,10.0,9.904999732971191,9.904999732971191,1732,0.0,0.0
2023-02-09 13:30:00-05:00,9.904999732971191,9.904999732971191,9.829999923706055,9.829999923706055,3135,0.0,0.0
2023-02-09 14:30:00-05:00,9.84000015258789,9.84000015258789,9.710000038146973,9.720000267028809,1181,0.0,0.0
2023-02-09 15:30:00-05:00,9.720000267028809,9.729999542236328,9.5,9.5,5891,0.0,0.0
2023-02-10 09:30:00-05:00,9.430000305175781,9.460000038146973,9.317999839782715,9.380000114440918,5783,0.0,0.0
2023-02-10 10:30:00-05:00,9.390000343322754,9.410499572753906,9.319999694824219,9.319999694824219,1741,0.0,0.0
2023-02-10 11:30:00-05:00,9.25,9.289999961853027,9.170000076293945,9.170000076293945,850,0.0,0.0
2023-02-10 12:30:00-05:00,9.170000076293945,9.350000381469727,9.170000076293945,9.319999694824219,16490,0.0,0.0
2023-02-10 13:30:00-05:00,9.324999809265137,9.324999809265137,9.270000457763672,9.270000457763672,1792,0.0,0.0
2023-02-10 14:30:00-05:00,9.210000038146973,9.260000228881836,9.1899995803833,9.1899995803833,2668,0.0,0.0
2023-02-10 15:30:00-05:00,9.1899995803833,9.460000038146973,9.1899995803833,9.449999809265137,9632,0.0,0.0
2023-02-13 09:30:00-05:00,8.989999771118164,9.359999656677246,8.579999923706055,9.170000076293945,15267,0.0,0.0
2023-02-13 10:30:00-05:00,9.225000381469727,9.225000381469727,9.220000267028809,9.220000267028809,427,0.0,0.0
2023-02-13 11:30:00-05:00,9.119999885559082,9.319999694824219,9.109999656677246,9.319999694824219,1784,0.0,0.0
2023-02-13 12:30:00-05:00,9.1358003616333,9.21500015258789,9.109999656677246,9.21500015258789,595,0.0,0.0
2023-02-13 13:30:00-05:00,9.149999618530273,9.149999618530273,8.979999542236328,8.979999542236328,4597,0.0,0.0
2023-02-13 14:30:00-05:00,8.954999923706055,8.954999923706055,8.65999984741211,8.739999771118164,3534,0.0,0.0
2023-02-13 15:30:00-05:00,8.75,8.770000457763672,8.649999618530273,8.720000267028809,19130,0.0,0.0
2023-02-14 09:30:00-05:00,8.829999923706055,8.889900207519531,8.6850004196167,8.889900207519531,6594,0.0,0.0
2023-02-14 10:30:00-05:00,8.854999542236328,8.890000343322754,8.8149995803833,8.839900016784668,2767,0.0,0.0
2023-02-14 11:30:00-05:00,8.839900016784668,8.989999771118164,8.819999694824219,8.989999771118164,4268,0.0,0.0
2023-02-14 12:30:00-05:00,9.0,9.0,8.920000076293945,8.960000038146973,4915,0.0,0.0
2023-02-14 13:30:00-05:00,8.960000038146973,8.960000038146973,8.880000114440918,8.920000076293945,2205,0.0,0.0
2023-02-14 14:30:00-05:00,8.911800384521484,8.949899673461914,8.8100004196167,8.8100004196167,10610,0.0,0.0
2023-02-14 15:30:00-05:00,8.8149995803833,8.899999618530273,8.8149995803833,8.863300323486328,8687,0.0,0.0
2023-02-15 09:30:00-05:00,8.180000305175781,8.181900024414062,7.860000133514404,8.010000228881836,16212,0.0,0.0
2023-02-15 10:30:00-05:00,8.09000015258789,8.09000015258789,8.002300262451172,8.03499984741211,2870,0.0,0.0
2023-02-15 11:30:00-05:00,8.029999732971191,8.059900283813477,7.860000133514404,7.96999979019165,14779,0.0,0.0
2023-02-15 12:30:00-05:00,7.960000038146973,7.989999771118164,7.929999828338623,7.949999809265137,9280,0.0,0.0
2023-02-15 13:30:00-05:00,7.980000019073486,8.028200149536133,7.976500034332275,8.0,4948,0.0,0.0
2023-02-15 14:30:00-05:00,8.00730037689209,8.039999961853027,7.71999979019165,7.900000095367432,22919,0.0,0.0
2023-02-15 15:30:00-05:00,7.900000095367432,7.949999809265137,7.820099830627441,7.840099811553955,10823,0.0,0.0
2023-02-16 09:30:00-05:00,7.820000171661377,7.989999771118164,7.820000171661377,7.855000019073486,6603,0.0,0.0
2023-02-16 10:30:00-05:00,7.880000114440918,7.900000095367432,7.860000133514404,7.860000133514404,2458,0.0,0.0
2023-02-16 11:30:00-05:00,7.880000114440918,7.889999866485596,7.858699798583984,7.889999866485596,3398,0.0,0.0
2023-02-16 12:30:00-05:00,7.929999828338623,7.949999809265137,7.894999980926514,7.925000190734863,6937,0.0,0.0
2023-02-16 13:30:00-05:00,7.925000190734863,7.960000038146973,7.925000190734863,7.940000057220459,6181,0.0,0.0
2023-02-16 14:30:00-05:00,7.940000057220459,7.940000057220459,7.71999979019165,7.78000020980835,11881,0.0,0.0
2023-02-16 15:30:00-05:00,7.775000095367432,7.789999961853027,7.71999979019165,7.71999979019165,10011,0.0,0.0
2023-02-17 09:30:00-05:00,7.789999961853027,7.789999961853027,7.695000171661377,7.739999771118164,0,0.0,0.0
2023-02-17 10:30:00-05:00,7.75,7.760000228881836,7.659999847412109,7.690000057220459,23130,0.0,0.0
2023-02-17 11:30:00-05:00,7.75,7.75,7.676199913024902,7.690000057220459,5001,0.0,0.0
2023-02-17 12:30:00-05:00,7.710000038146973,7.78000020980835,7.619999885559082,7.760000228881836,7766,0.0,0.0
2023-02-17 13:30:00-05:00,7.760000228881836,7.849999904632568,7.75,7.829999923706055,8763,0.0,0.0
2023-02-17 14:30:00-05:00,7.829999923706055,7.84499979019165,7.730000019073486,7.775000095367432,8482,0.0,0.0
2023-02-17 15:30:00-05:00,7.810999870300293,8.0,7.730000019073486,7.929999828338623,10136,0.0,0.0
2023-02-21 09:30:00-05:00,7.96999979019165,8.000499725341797,7.929999828338623,8.0,11559,0.0,0.0
2023-02-21 10:30:00-05:00,7.982699871063232,8.0,7.960000038146973,7.96999979019165,5141,0.0,0.0
2023-02-21 11:30:00-05:00,7.96999979019165,8.009900093078613,7.96999979019165,8.0,2580,0.0,0.0
2023-02-21 12:30:00-05:00,8.0,8.020000457763672,8.0,8.0,8747,0.0,0.0
2023-02-21 13:30:00-05:00,8.016300201416016,8.029899597167969,7.96999979019165,8.009300231933594,4467,0.0,0.0
2023-02-21 14:30:00-05:00,8.010000228881836,8.039999961853027,8.0,8.015000343322754,2969,0.0,0.0
2023-02-21 15:30:00-05:00,8.010000228881836,8.079999923706055,7.989999771118164,8.020000457763672,10164,0.0,0.0
2023-02-22 09:30:00-05:00,8.029999732971191,8.100000381469727,8.029999732971191,8.039999961853027,11744,0.0,0.0
2023-02-22 10:30:00-05:00,8.069999694824219,8.079999923706055,8.029999732971191,8.0600004196167,7316,0.0,0.0
2023-02-22 11:30:00-05:00,8.039999961853027,8.069999694824219,7.980000019073486,8.0,8886,0.0,0.0
2023-02-22 12:30:00-05:00,8.029999732971191,8.029999732971191,7.980000019073486,8.0,7181,0.0,0.0
2023-02-22 13:30:00-05:00,8.0,8.0,7.889999866485596,7.945000171661377,6372,0.0,0.0
2023-02-22 14:30:00-05:00,7.949999809265137,7.949999809265137,7.900000095367432,7.900000095367432,4149,0.0,0.0
2023-02-22 15:30:00-05:00,7.940000057220459,7.989999771118164,7.940000057220459,7.960000038146973,7927,0.0,0.0
2023-02-23 09:30:00-05:00,7.989999771118164,7.989999771118164,7.927499771118164,7.927499771118164,670,0.0,0.0
2023-02-23 10:30:00-05:00,7.855000019073486,7.925000190734863,7.840000152587891,7.840000152587891,4500,0.0,0.0
2023-02-23 11:30:00-05:00,7.849999904632568,7.860000133514404,7.849999904632568,7.860000133514404,1245,0.0,0.0
2023-02-23 12:30:00-05:00,7.869999885559082,7.929999828338623,7.800000190734863,7.820000171661377,14965,0.0,0.0
2023-02-23 13:30:00-05:00,7.920000076293945,7.940000057220459,7.920000076293945,7.940000057220459,989,0.0,0.0
2023-02-23 14:30:00-05:00,7.960000038146973,7.960000038146973,7.889999866485596,7.940000057220459,3440,0.0,0.0
2023-02-23 15:30:00-05:00,7.909999847412109,7.909999847412109,7.800000190734863,7.840000152587891,3002,0.0,0.0
2023-02-24 09:30:00-05:00,7.710000038146973,7.809999942779541,7.695000171661377,7.704999923706055,6173,0.0,0.0
2023-02-24 10:30:00-05:00,7.729400157928467,7.730000019073486,7.699999809265137,7.730000019073486,1828,0.0,0.0
2023-02-24 11:30:00-05:00,7.730000019073486,7.760000228881836,7.690000057220459,7.690000057220459,1260,0.0,0.0
2023-02-24 12:30:00-05:00,7.719900131225586,7.719900131225586,7.610000133514404,7.675000190734863,21903,0.0,0.0
2023-02-24 13:30:00-05:00,7.699999809265137,7.75,7.699999809265137,7.75,938,0.0,0.0
2023-02-24 14:30:00-05:00,7.739999771118164,7.739999771118164,7.724999904632568,7.724999904632568,3047,0.0,0.0
2023-02-24 15:30:00-05:00,7.71999979019165,7.71999979019165,7.659999847412109,7.71999979019165,5006,0.0,0.0
2023-02-27 09:30:00-05:00,7.809999942779541,7.880000114440918,7.809999942779541,7.880000114440918,2464,0.0,0.0
2023-02-27 10:30:00-05:00,7.889999866485596,7.949999809265137,7.860000133514404,7.894999980926514,3904,0.0,0.0
2023-02-27 11:30:00-05:00,7.860000133514404,7.889999866485596,7.860000133514404,7.860000133514404,1065,0.0,0.0
2023-02-27 12:30:00-05:00,7.875,7.875,7.820000171661377,7.840000152587891,6879,0.0,0.0
2023-02-27 13:30:00-05:00,7.889999866485596,7.909999847412109,7.860000133514404,7.909999847412109,7083,0.0,0.0
2023-02-27 14:30:00-05:00,7.909999847412109,7.909999847412109,7.909999847412109,7.909999847412109,1946,0.0,0.0
2023-02-27 15:30:00-05:00,7.889999866485596,7.929999828338623,7.880000114440918,7.900000095367432,4665,0.0,0.0
2023-02-28 09:30:00-05:00,7.860000133514404,7.949999809265137,7.860000133514404,7.949999809265137,2450,0.0,0.0
2023-02-28 10:30:00-05:00,7.949999809265137,7.980000019073486,7.929999828338623,7.960000038146973,3409,0.0,0.0
2023-02-28 11:30:00-05:00,7.940000057220459,7.940000057220459,7.928400039672852,7.928400039672852,2633,0.0,0.0
2023-02-28 12:30:00-05:00,7.909999847412109,7.929999828338623,7.860000133514404,7.90500020980835,7291,0.0,0.0
2023-02-28 13:30:00-05:00,7.920000076293945,7.920000076293945,7.869999885559082,7.889999866485596,3029,0.0,0.0
2023-02-28 14:30:00-05:00,7.900000095367432,7.900000095367432,7.78000020980835,7.78000020980835,10243,0.0,0.0
2023-02-28 15:30:00-05:00,7.800000190734863,7.829999923706055,7.760000228881836,7.809999942779541,10302,0.0,0.0
2023-03-01 09:30:00-05:00,7.829999923706055,7.909999847412109,7.829999923706055,7.909999847412109,563,0.0,0.0
2023-03-01 10:30:00-05:00,7.809999942779541,7.809999942779541,7.690000057220459,7.690000057220459,3332,0.0,0.0
2023-03-01 11:30:00-05:00,7.630000114440918,7.659999847412109,7.480000019073486,7.579999923706055,23393,0.0,0.0
2023-03-01 12:30:00-05:00,7.55810022354126,7.699999809265137,7.55810022354126,7.670000076293945,4060,0.0,0.0
2023-03-01 13:30:00-05:00,7.650000095367432,7.650000095367432,7.630000114440918,7.647299766540527,2382,0.0,0.0
2023-03-01 14:30:00-05:00,7.619999885559082,7.630000114440918,7.570000171661377,7.605000019073486,12025,0.0,0.0
2023-03-01 15:30:00-05:00,7.610000133514404,7.699999809265137,7.610000133514404,7.699999809265137,8037,0.0,0.0
2023-03-02 09:30:00-05:00,7.610000133514404,7.679999828338623,7.610000133514404,7.679999828338623,552,0.0,0.0
2023-03-02 10:30:00-05:00,7.809999942779541,7.921199798583984,7.736299991607666,7.849999904632568,7046,0.0,0.0
2023-03-02 11:30:00-05:00,7.840000152587891,7.909999847412109,7.78000020980835,7.804599761962891,7247,0.0,0.0
2023-03-02 12:30:00-05:00,7.795000076293945,7.809999942779541,7.78000020980835,7.809999942779541,2242,0.0,0.0
2023-03-02 13:30:00-05:00,7.809999942779541,7.820000171661377,7.804999828338623,7.820000171661377,2510,0.0,0.0
2023-03-02 14:30:00-05:00,7.829999923706055,7.860000133514404,7.800000190734863,7.840000152587891,6617,0.0,0.0
2023-03-02 15:30:00-05:00,7.820000171661377,7.900000095367432,7.807499885559082,7.900000095367432,7124,0.0,0.0
2023-03-03 09:30:00-05:00,7.869999885559082,7.949999809265137,7.829999923706055,7.829999923706055,3653,0.0,0.0
2023-03-03 10:30:00-05:00,7.900000095367432,7.900000095367432,7.829999923706055,7.875,2171,0.0,0.0
2023-03-03 11:30:00-05:00,7.869999885559082,7.969200134277344,7.869999885559082,7.969200134277344,3401,0.0,0.0
2023-03-03 12:30:00-05:00,7.924600124359131,7.96999979019165,7.924600124359131,7.960000038146973,1590,0.0,0.0
2023-03-03 13:30:00-05:00,7.960000038146973,8.0,7.949999809265137,7.9980998039245605,11193,0.0,0.0
2023-03-03 14:30:00-05:00,7.960000038146973,7.960000038146973,7.909999847412109,7.909999847412109,1332,0.0,0.0
2023-03-03 15:30:00-05:00,7.900000095367432,7.949999809265137,7.869999885559082,7.920000076293945,4146,0.0,0.0
2023-03-06 09:30:00-05:00,8.0,8.0,7.852700233459473,7.875,4372,0.0,0.0
2023-03-06 10:30:00-05:00,7.90500020980835,7.940000057220459,7.860000133514404,7.929999828338623,18593,0.0,0.0
2023-03-06 11:30:00-05:00,7.900000095367432,7.900000095367432,7.894999980926514,7.900000095367432,2660,0.0,0.0
2023-03-06 12:30:00-05:00,7.869999885559082,7.869999885559082,7.829999923706055,7.840000152587891,4999,0.0,0.0
2023-03-06 13:30:00-05:00,7.873300075531006,7.880000114440918,7.849999904632568,7.864999771118164,4390,0.0,0.0
2023-03-06 14:30:00-05:00,7.860000133514404,7.880000114440918,7.829999923706055,7.869999885559082,2212,0.0,0.0
2023-03-06 15:30:00-05:00,7.840000152587891,7.860000133514404,7.809999942779541,7.820000171661377,17288,0.0,0.0
2023-03-07 09:30:00-05:00,7.829999923706055,8.061300277709961,7.829999923706055,8.0,0,0.0,0.0
2023-03-07 10:30:00-05:00,7.840000152587891,7.980000019073486,7.840000152587891,7.980000019073486,2136,0.0,0.0
2023-03-07 11:30:00-05:00,7.900000095367432,7.900000095367432,7.900000095367432,7.900000095367432,249,0.0,0.0
2023-03-07 12:30:00-05:00,7.889999866485596,7.889999866485596,7.840000152587891,7.849999904632568,1340,0.0,0.0
2023-03-07 13:30:00-05:00,7.869999885559082,7.880000114440918,7.84499979019165,7.869999885559082,1813,0.0,0.0
2023-03-07 14:30:00-05:00,7.864999771118164,7.909999847412109,7.849999904632568,7.885000228881836,6595,0.0,0.0
2023-03-07 15:30:00-05:00,7.900000095367432,7.909999847412109,7.849999904632568,7.860000133514404,8700,0.0,0.0
2023-03-08 09:30:00-05:00,7.869999885559082,7.879300117492676,7.869999885559082,7.879300117492676,1029,0.0,0.0
2023-03-08 10:30:00-05:00,7.903500080108643,7.940000057220459,7.900000095367432,7.900000095367432,6029,0.0,0.0
2023-03-08 11:30:00-05:00,7.894999980926514,7.894999980926514,7.840000152587891,7.840000152587891,1499,0.0,0.0
2023-03-08 12:30:00-05:00,7.889999866485596,7.889999866485596,7.824999809265137,7.824999809265137,1235,0.0,0.0
2023-03-08 13:30:00-05:00,7.809999942779541,7.809999942779541,7.730000019073486,7.75,3175,0.0,0.0
2023-03-08 14:30:00-05:00,7.78000020980835,7.78000020980835,7.739999771118164,7.739999771118164,635,0.0,0.0
2023-03-08 15:30:00-05:00,7.760000228881836,7.820000171661377,7.730000019073486,7.730000019073486,8347,0.0,0.0
2023-03-09 09:30:00-05:00,7.889999866485596,7.915599822998047,7.889999866485596,7.915599822998047,328,0.0,0.0
2023-03-09 10:30:00-05:00,7.96999979019165,7.998499870300293,7.96999979019165,7.998499870300293,468,0.0,0.0
2023-03-09 11:30:00-05:00,7.8354997634887695,7.840000152587891,7.789999961853027,7.789999961853027,4205,0.0,0.0
2023-03-09 12:30:00-05:00,7.809999942779541,7.809999942779541,7.690000057220459,7.71999979019165,5108,0.0,0.0
2023-03-09 13:30:00-05:00,7.730000019073486,7.769999980926514,7.71999979019165,7.760000228881836,2808,0.0,0.0
2023-03-09 14:30:00-05:00,7.760000228881836,7.769999980926514,7.710000038146973,7.710000038146973,2459,0.0,0.0
2023-03-09 15:30:00-05:00,7.724999904632568,7.760000228881836,7.659999847412109,7.670000076293945,9776,0.0,0.0
2023-03-10 09:30:00-05:00,7.639900207519531,7.639900207519531,7.639900207519531,7.639900207519531,344,0.0,0.0
2023-03-10 11:30:00-05:00,7.630000114440918,7.630000114440918,7.489999771118164,7.5,7088,0.0,0.0
2023-03-10 12:30:00-05:00,7.489999771118164,7.5,7.460000038146973,7.480000019073486,7046,0.0,0.0
2023-03-10 13:30:00-05:00,7.480000019073486,7.480000019073486,7.460000038146973,7.474999904632568,5116,0.0,0.0
2023-03-10 14:30:00-05:00,7.489999771118164,7.519999980926514,7.460000038146973,7.480000019073486,9808,0.0,0.0
2023-03-10 15:30:00-05:00,7.494999885559082,7.5,7.440000057220459,7.440000057220459,2471,0.0,0.0
2023-03-13 09:30:00-04:00,7.309999942779541,7.360000133514404,7.147600173950195,7.320000171661377,6464,0.0,0.0
2023-03-13 10:30:00-04:00,7.349999904632568,7.550000190734863,7.317999839782715,7.539999961853027,5841,0.0,0.0
2023-03-13 11:30:00-04:00,7.539999961853027,7.635000228881836,7.525000095367432,7.559999942779541,6246,0.0,0.0
2023-03-13 12:30:00-04:00,7.5,7.559999942779541,7.5,7.545000076293945,3602,0.0,0.0
2023-03-13 13:30:00-04:00,7.599999904632568,7.639999866485596,7.559999942779541,7.639999866485596,3923,0.0,0.0
2023-03-13 14:30:00-04:00,7.630000114440918,7.630000114440918,7.525000095367432,7.550000190734863,2267,0.0,0.0
2023-03-13 15:30:00-04:00,7.545000076293945,7.631199836730957,7.519999980926514,7.519999980926514,7518,0.0,0.0
2023-03-14 09:30:00-04:00,7.710000038146973,7.710000038146973,7.269999980926514,7.599999904632568,8118,0.0,0.0
2023-03-14 10:30:00-04:00,7.599999904632568,7.630000114440918,7.557499885559082,7.585000038146973,2182,0.0,0.0
2023-03-14 11:30:00-04:00,7.570000171661377,7.630000114440918,7.559999942779541,7.630000114440918,3038,0.0,0.0
2023-03-14 12:30:00-04:00,7.639999866485596,7.659999847412109,7.593599796295166,7.610000133514404,11375,0.0,0.0
2023-03-14 13:30:00-04:00,7.639999866485596,7.659900188446045,7.590099811553955,7.639999866485596,6174,0.0,0.0
2023-03-14 14:30:00-04:00,7.65500020980835,7.659999847412109,7.610000133514404,7.610000133514404,4318,0.0,0.0
2023-03-14 15:30:00-04:00,7.635000228881836,7.650000095367432,7.550000190734863,7.639999866485596,6743,0.0,0.0
2023-03-15 09:30:00-04:00,7.449999809265137,7.53000020980835,7.420000076293945,7.510000228881836,9541,0.0,0.0
2023-03-15 10:30:00-04:00,7.550000190734863,7.550000190734863,7.5,7.5,4660,0.0,0.0
2023-03-15 11:30:00-04:00,7.500100135803223,7.550000190734863,7.489999771118164,7.550000190734863,4482,0.0,0.0
2023-03-15 12:30:00-04:00,7.554999828338623,7.559999942779541,7.5,7.53000020980835,832,0.0,0.0
2023-03-15 13:30:00-04:00,7.525000095367432,7.525000095367432,7.510000228881836,7.525000095367432,849,0.0,0.0
2023-03-15 14:30:00-04:00,7.525000095367432,7.550000190734863,7.489999771118164,7.510000228881836,2250,0.0,0.0
2023-03-15 15:30:00-04:00,7.480000019073486,7.480000019073486,7.409999847412109,7.409999847412109,16790,0.0,0.0
2023-03-16 09:30:00-04:00,7.320000171661377,7.369999885559082,7.28000020980835,7.304599761962891,15584,0.0,0.0
2023-03-16 10:30:00-04:00,7.320000171661377,7.460100173950195,7.320000171661377,7.430099964141846,12758,0.0,0.0
2023-03-16 11:30:00-04:00,7.480000019073486,7.550000190734863,7.480000019073486,7.53000020980835,4029,0.0,0.0
2023-03-16 12:30:00-04:00,7.5,7.500500202178955,7.400000095367432,7.470099925994873,11904,0.0,0.0
2023-03-16 13:30:00-04:00,7.46999979019165,7.519999980926514,7.445000171661377,7.445000171661377,5349,0.0,0.0
2023-03-16 14:30:00-04:00,7.474800109863281,7.519999980926514,7.425000190734863,7.519999980926514,6478,0.0,0.0
2023-03-16 15:30:00-04:00,7.505000114440918,7.505000114440918,7.409999847412109,7.420000076293945,5868,0.0,0.0
2023-03-17 09:30:00-04:00,7.46999979019165,7.533299922943115,7.46999979019165,7.533299922943115,29573,0.0,0.0
2023-03-17 10:30:00-04:00,7.510000228881836,7.570000171661377,7.480000019073486,7.559999942779541,7986,0.0,0.0
2023-03-17 11:30:00-04:00,7.559999942779541,7.570000171661377,7.5208001136779785,7.550000190734863,4324,0.0,0.0
2023-03-17 12:30:00-04:00,7.550000190734863,7.554999828338623,7.550000190734863,7.554999828338623,1124,0.0,0.0
2023-03-17 13:30:00-04:00,7.5625,7.570000171661377,7.5046000480651855,7.53000020980835,18963,0.0,0.0
2023-03-17 14:30:00-04:00,7.53000020980835,7.550000190734863,7.519999980926514,7.550000190734863,3049,0.0,0.0
2023-03-17 15:30:00-04:00,7.550000190734863,7.559999942779541,7.480000019073486,7.489999771118164,23881,0.0,0.0
2023-03-20 09:30:00-04:00,7.510000228881836,7.550000190734863,7.480000019073486,7.500199794769287,9225,0.0,0.0
2023-03-20 10:30:00-04:00,7.539999961853027,7.690000057220459,7.539999961853027,7.590000152587891,5606,0.0,0.0
2023-03-20 11:30:00-04:00,7.5,7.554999828338623,7.5,7.550000190734863,1114,0.0,0.0
2023-03-20 12:30:00-04:00,7.53000020980835,7.550000190734863,7.53000020980835,7.550000190734863,1029,0.0,0.0
2023-03-20 13:30:00-04:00,7.539999961853027,7.579999923706055,7.53000020980835,7.579999923706055,3284,0.0,0.0
2023-03-20 14:30:00-04:00,7.539999961853027,7.565000057220459,7.539999961853027,7.559999942779541,2678,0.0,0.0
2023-03-20 15:30:00-04:00,7.510000228881836,7.545000076293945,7.510000228881836,7.539999961853027,2635,0.0,0.0
2023-03-21 09:30:00-04:00,7.630000114440918,7.684999942779541,7.550000190734863,7.550000190734863,6116,0.0,0.0
2023-03-21 10:30:00-04:00,7.565000057220459,7.565000057220459,7.480000019073486,7.525000095367432,13557,0.0,0.0
2023-03-21 11:30:00-04:00,7.5,7.539999961853027,7.46999979019165,7.510000228881836,3511,0.0,0.0
2023-03-21 12:30:00-04:00,7.5,7.534999847412109,7.460000038146973,7.519999980926514,13874,0.0,0.0
2023-03-21 13:30:00-04:00,7.519999980926514,7.519999980926514,7.46999979019165,7.5,4790,0.0,0.0
2023-03-21 14:30:00-04:00,7.5,7.5,7.400000095367432,7.460000038146973,3852,0.0,0.0
2023-03-21 15:30:00-04:00,7.449999809265137,7.510000228881836,7.340000152587891,7.349999904632568,11159,0.0,0.0
2023-03-22 09:30:00-04:00,7.349999904632568,7.579999923706055,7.349999904632568,7.539999961853027,0,0.0,0.0
2023-03-22 10:30:00-04:00,7.510000228881836,7.510000228881836,7.489999771118164,7.505000114440918,3917,0.0,0.0
2023-03-22 11:30:00-04:00,7.5,7.5,7.449999809265137,7.474999904632568,2008,0.0,0.0
2023-03-22 12:30:00-04:00,7.460000038146973,7.494999885559082,7.340000152587891,7.340000152587891,1555,0.0,0.0
2023-03-22 13:30:00-04:00,7.360000133514404,7.480000019073486,7.360000133514404,7.465000152587891,2544,0.0,0.0
2023-03-22 14:30:00-04:00,7.380000114440918,7.445000171661377,7.309999942779541,7.409999847412109,7489,0.0,0.0
2023-03-22 15:30:00-04:00,7.389999866485596,7.400000095367432,7.230000019073486,7.239999771118164,11278,0.0,0.0
2023-03-23 09:30:00-04:00,7.239999771118164,7.239999771118164,7.239999771118164,7.239999771118164,747,0.0,0.0
2023-03-23 10:30:00-04:00,7.28000020980835,7.420000076293945,7.264999866485596,7.420000076293945,4481,0.0,0.0
2023-03-23 11:30:00-04:00,7.420000076293945,7.420000076293945,7.364999771118164,7.389999866485596,13571,0.0,0.0
2023-03-23 12:30:00-04:00,7.400000095367432,7.400000095367432,7.260000228881836,7.260000228881836,7656,0.0,0.0
2023-03-23 13:30:00-04:00,7.28000020980835,7.284999847412109,7.170000076293945,7.190000057220459,4290,0.0,0.0
2023-03-23 14:30:00-04:00,7.139999866485596,7.170000076293945,7.070000171661377,7.099999904632568,6867,0.0,0.0
2023-03-23 15:30:00-04:00,7.070000171661377,7.159999847412109,7.070000171661377,7.130000114440918,9197,0.0,0.0
2023-03-24 09:30:00-04:00,7.099999904632568,7.204999923706055,7.099999904632568,7.204999923706055,10959,0.0,0.0
2023-03-24 10:30:00-04:00,7.2093000411987305,7.380000114440918,7.179999828338623,7.380000114440918,8485,0.0,0.0
2023-03-24 11:30:00-04:00,7.389999866485596,7.489999771118164,7.349999904632568,7.46999979019165,12857,0.0,0.0
2023-03-24 12:30:00-04:00,7.369999885559082,7.420000076293945,7.28000020980835,7.329999923706055,2858,0.0,0.0
2023-03-24 13:30:00-04:00,7.315000057220459,7.320000171661377,7.280700206756592,7.320000171661377,2890,0.0,0.0
2023-03-24 14:30:00-04:00,7.329999923706055,7.4492998123168945,7.315000057220459,7.4492998123168945,4036,0.0,0.0
2023-03-24 15:30:00-04:00,7.468699932098389,7.468699932098389,7.340000152587891,7.349999904632568,12931,0.0,0.0
2023-03-27 09:30:00-04:00,7.389999866485596,7.590000152587891,7.389999866485596,7.5,5597,0.0,0.0
2023-03-27 10:30:00-04:00,7.474999904632568,7.5,7.474999904632568,7.5,1510,0.0,0.0
2023-03-27 11:30:00-04:00,7.519999980926514,7.519999980926514,7.440000057220459,7.510000228881836,2631,0.0,0.0
2023-03-27 12:30:00-04:00,7.519999980926514,7.519999980926514,7.480000019073486,7.509900093078613,4627,0.0,0.0
2023-03-27 13:30:00-04:00,7.494100093841553,7.510000228881836,7.494100093841553,7.510000228881836,1037,0.0,0.0
2023-03-27 14:30:00-04:00,7.480000019073486,7.539999961853027,7.480000019073486,7.5,7344,0.0,0.0
2023-03-27 15:30:00-04:00,7.510000228881836,7.510000228881836,7.449999809265137,7.460000038146973,6124,0.0,0.0
2023-03-28 09:30:00-04:00,7.533299922943115,7.550000190734863,7.489999771118164,7.489999771118164,2142,0.0,0.0
2023-03-28 10:30:00-04:00,7.454999923706055,7.53000020980835,7.454999923706055,7.514999866485596,2713,0.0,0.0
2023-03-28 11:30:00-04:00,7.514999866485596,7.570000171661377,7.5,7.510000228881836,979,0.0,0.0
2023-03-28 12:30:00-04:00,7.534999847412109,7.550000190734863,7.5,7.550000190734863,2309,0.0,0.0
2023-03-28 14:30:00-04:00,7.510000228881836,7.519999980926514,7.440000057220459,7.5,7812,0.0,0.0
2023-03-28 15:30:00-04:00,7.5,7.570000171661377,7.5,7.5,4244,0.0,0.0
2023-03-29 09:30:00-04:00,7.590000152587891,7.619999885559082,7.579999923706055,7.590000152587891,1711,0.0,0.0
2023-03-29 11:30:00-04:00,7.570000171661377,7.599999904632568,7.560200214385986,7.599999904632568,887,0.0,0.0
2023-03-29 12:30:00-04:00,7.574999809265137,7.574999809265137,7.550000190734863,7.550000190734863,1014,0.0,0.0
2023-03-29 13:30:00-04:00,7.5,7.510000228881836,7.465000152587891,7.510000228881836,1537,0.0,0.0
2023-03-29 14:30:00-04:00,7.463699817657471,7.539999961853027,7.449999809265137,7.539999961853027,8560,0.0,0.0
2023-03-29 15:30:00-04:00,7.519999980926514,7.519999980926514,7.480000019073486,7.489999771118164,1313,0.0,0.0
2023-03-30 09:30:00-04:00,7.5,7.550000190734863,7.5,7.550000190734863,3412,0.0,0.0
2023-03-30 10:30:00-04:00,7.530399799346924,7.579999923706055,7.519999980926514,7.519999980926514,3284,0.0,0.0
2023-03-30 11:30:00-04:00,7.519999980926514,7.519999980926514,7.480000019073486,7.5,1885,0.0,0.0
2023-03-30 12:30:00-04:00,7.539999961853027,7.539999961853027,7.489999771118164,7.510000228881836,1679,0.0,0.0
2023-03-30 13:30:00-04:00,7.5,7.510000228881836,7.480000019073486,7.480000019073486,2024,0.0,0.0
2023-03-30 14:30:00-04:00,7.482600212097168,7.505000114440918,7.460000038146973,7.480000019073486,10120,0.0,0.0
2023-03-30 15:30:00-04:00,7.510000228881836,7.539999961853027,7.489999771118164,7.489999771118164,759,0.0,0.0
2023-03-31 10:30:00-04:00,7.600900173187256,7.630099773406982,7.590000152587891,7.630099773406982,3071,0.0,0.0
2023-03-31 11:30:00-04:00,7.639999866485596,7.639999866485596,7.59499979019165,7.599999904632568,707,0.0,0.0
2023-03-31 12:30:00-04:00,7.59499979019165,7.59499979019165,7.579999923706055,7.590000152587891,1559,0.0,0.0
2023-03-31 13:30:00-04:00,7.550000190734863,7.579999923706055,7.519999980926514,7.539999961853027,2187,0.0,0.0
2023-03-31 14:30:00-04:00,7.555500030517578,7.579999923706055,7.53000020980835,7.579999923706055,4765,0.0,0.0
2023-03-31 15:30:00-04:00,7.590000152587891,7.599999904632568,7.53000020980835,7.539999961853027,10142,0.0,0.0
2023-04-03 09:30:00-04:00,7.610000133514404,7.679999828338623,7.570000171661377,7.6697998046875,26878,0.0,0.0
2023-04-03 10:30:00-04:00,7.679900169372559,7.679999828338623,7.519999980926514,7.579999923706055,8137,0.0,0.0
2023-04-03 11:30:00-04:00,7.599999904632568,7.630000114440918,7.579999923706055,7.590000152587891,8937,0.0,0.0
2023-04-03 12:30:00-04:00,7.630000114440918,7.650000095367432,7.579999923706055,7.610000133514404,4955,0.0,0.0
2023-04-03 13:30:00-04:00,7.599999904632568,7.630000114440918,7.59499979019165,7.628399848937988,5386,0.0,0.0
2023-04-03 14:30:00-04:00,7.630000114440918,7.650000095367432,7.620100021362305,7.650000095367432,4455,0.0,0.0
2023-04-03 15:30:00-04:00,7.650000095367432,7.659900188446045,7.619999885559082,7.639999866485596,12374,0.0,0.0
2023-04-04 09:30:00-04:00,7.650000095367432,7.650000095367432,7.619999885559082,7.650000095367432,2256,0.0,0.0
2023-04-04 10:30:00-04:00,7.650000095367432,7.650000095367432,7.579999923706055,7.610000133514404,8966,0.0,0.0
2023-04-04 11:30:00-04:00,7.590000152587891,7.610000133514404,7.567399978637695,7.599999904632568,4529,0.0,0.0
2023-04-04 12:30:00-04:00,7.599999904632568,7.645100116729736,7.599999904632568,7.645100116729736,1348,0.0,0.0
2023-04-04 13:30:00-04:00,7.650000095367432,7.65500020980835,7.614999771118164,7.650000095367432,2695,0.0,0.0
2023-04-04 14:30:00-04:00,7.625,7.650000095367432,7.619999885559082,7.639999866485596,1199,0.0,0.0
2023-04-04 15:30:00-04:00,7.619999885559082,7.630000114440918,7.570000171661377,7.599999904632568,5181,0.0,0.0
2023-04-05 09:30:00-04:00,7.599999904632568,7.599999904632568,7.51170015335083,7.525000095367432,4141,0.0,0.0
2023-04-05 10:30:00-04:00,7.525000095367432,7.525000095367432,7.434999942779541,7.489999771118164,7621,0.0,0.0
2023-04-05 11:30:00-04:00,7.489999771118164,7.519999980926514,7.489999771118164,7.5,7206,0.0,0.0
2023-04-05 12:30:00-04:00,7.489999771118164,7.550000190734863,7.46999979019165,7.480000019073486,4325,0.0,0.0
2023-04-05 13:30:00-04:00,7.480000019073486,7.505000114440918,7.480000019073486,7.489999771118164,1450,0.0,0.0
2023-04-05 14:30:00-04:00,7.46999979019165,7.489999771118164,7.440000057220459,7.46999979019165,8353,0.0,0.0
2023-04-05 15:30:00-04:00,7.440000057220459,7.449999809265137,7.369999885559082,7.369999885559082,13580,0.0,0.0
2023-04-06 09:30:00-04:00,7.269999980926514,7.389999866485596,7.269999980926514,7.385000228881836,5440,0.0,0.0
2023-04-06 10:30:00-04:00,7.375,7.380000114440918,7.340000152587891,7.340000152587891,3683,0.0,0.0
2023-04-06 11:30:00-04:00,7.369999885559082,7.449999809265137,7.349999904632568,7.400000095367432,3122,0.0,0.0
2023-04-06 12:30:00-04:00,7.380000114440918,7.400000095367432,7.360000133514404,7.375,5374,0.0,0.0
2023-04-06 13:30:00-04:00,7.369999885559082,7.375,7.360000133514404,7.375,3017,0.0,0.0
2023-04-06 14:30:00-04:00,7.369999885559082,7.389999866485596,7.360000133514404,7.380000114440918,9727,0.0,0.0
2023-04-06 15:30:00-04:00,7.364999771118164,7.400000095367432,7.340000152587891,7.340000152587891,14917,0.0,0.0
2023-04-10 09:30:00-04:00,7.300000190734863,7.46999979019165,7.289999961853027,7.375,8710,0.0,0.0
2023-04-10 10:30:00-04:00,7.375,7.46999979019165,7.360000133514404,7.46999979019165,1899,0.0,0.0
2023-04-10 11:30:00-04:00,7.480000019073486,7.550000190734863,7.480000019073486,7.519999980926514,6655,0.0,0.0
2023-04-10 12:30:00-04:00,7.510000228881836,7.579999923706055,7.510000228881836,7.53000020980835,4901,0.0,0.0
2023-04-10 13:30:00-04:00,7.53000020980835,7.610000133514404,7.53000020980835,7.53000020980835,4214,0.0,0.0
2023-04-10 14:30:00-04:00,7.570000171661377,7.570000171661377,7.5,7.510000228881836,3568,0.0,0.0
2023-04-10 15:30:00-04:00,7.514999866485596,7.550000190734863,7.460000038146973,7.460000038146973,8332,0.0,0.0
2023-04-11 10:30:00-04:00,7.517600059509277,7.517600059509277,7.517600059509277,7.517600059509277,589,0.0,0.0
2023-04-11 11:30:00-04:00,7.548399925231934,7.548399925231934,7.548399925231934,7.548399925231934,225,0.0,0.0
2023-04-11 12:30:00-04:00,7.550000190734863,7.579999923706055,7.550000190734863,7.570000171661377,4108,0.0,0.0
2023-04-11 13:30:00-04:00,7.570000171661377,7.630000114440918,7.570000171661377,7.590000152587891,3771,0.0,0.0
2023-04-11 14:30:00-04:00,7.579999923706055,7.639999866485596,7.570000171661377,7.585000038146973,3468,0.0,0.0
2023-04-11 15:30:00-04:00,7.585000038146973,7.585000038146973,7.519999980926514,7.539999961853027,3145,0.0,0.0
2023-04-12 09:30:00-04:00,7.559999942779541,7.583700180053711,7.460000038146973,7.480000019073486,875,0.0,0.0
2023-04-12 10:30:00-04:00,7.460000038146973,7.460000038146973,7.449999809265137,7.449999809265137,1544,0.0,0.0
2023-04-12 11:30:00-04:00,7.46999979019165,7.46999979019165,7.460000038146973,7.460000038146973,1195,0.0,0.0
2023-04-12 12:30:00-04:00,7.465000152587891,7.550000190734863,7.465000152587891,7.5,15623,0.0,0.0
2023-04-12 13:30:00-04:00,7.5,7.519999980926514,7.5,7.519700050354004,2028,0.0,0.0
2023-04-12 14:30:00-04:00,7.5,7.5,7.434999942779541,7.449999809265137,3291,0.0,0.0
2023-04-12 15:30:00-04:00,7.46999979019165,7.489999771118164,7.369999885559082,7.400000095367432,8098,0.0,0.0
2023-04-13 09:30:00-04:00,7.494999885559082,7.509699821472168,7.46999979019165,7.509699821472168,574,0.0,0.0
2023-04-13 10:30:00-04:00,7.5,7.539999961853027,7.5,7.519999980926514,3135,0.0,0.0
2023-04-13 11:30:00-04:00,7.510000228881836,7.519999980926514,7.510000228881836,7.519999980926514,736,0.0,0.0
2023-04-13 12:30:00-04:00,7.5,7.514999866485596,7.494999885559082,7.5,4388,0.0,0.0
2023-04-13 13:30:00-04:00,7.505000114440918,7.510000228881836,7.5,7.510000228881836,942,0.0,0.0
2023-04-13 14:30:00-04:00,7.5,7.529900074005127,7.5,7.5,6073,0.0,0.0
2023-04-13 15:30:00-04:00,7.46999979019165,7.46999979019165,7.449999809265137,7.46999979019165,1992,0.0,0.0
2023-04-14 09:30:00-04:00,7.489999771118164,7.5,7.449999809265137,7.449999809265137,0,0.0,0.0
2023-04-14 10:30:00-04:00,7.445000171661377,7.480000019073486,7.429999828338623,7.465000152587891,2228,0.0,0.0
2023-04-14 11:30:00-04:00,7.429999828338623,7.429999828338623,7.380000114440918,7.380000114440918,1176,0.0,0.0
2023-04-14 12:30:00-04:00,7.409999847412109,7.449999809265137,7.409999847412109,7.412199974060059,11373,0.0,0.0
2023-04-14 13:30:00-04:00,7.409999847412109,7.420000076293945,7.389999866485596,7.409999847412109,5083,0.0,0.0
2023-04-14 14:30:00-04:00,7.409999847412109,7.460000038146973,7.389999866485596,7.389999866485596,7389,0.0,0.0
2023-04-14 15:30:00-04:00,7.380000114440918,7.449999809265137,7.369999885559082,7.420000076293945,3572,0.0,0.0
2023-04-17 09:30:00-04:00,7.429999828338623,7.480000019073486,7.394999980926514,7.394999980926514,5722,0.0,0.0
2023-04-17 10:30:00-04:00,7.394999980926514,7.420000076293945,7.369999885559082,7.402699947357178,6956,0.0,0.0
2023-04-17 11:30:00-04:00,7.400000095367432,7.400000095367432,7.380000114440918,7.389999866485596,6129,0.0,0.0
2023-04-17 12:30:00-04:00,7.389999866485596,7.400000095367432,7.389999866485596,7.389999866485596,3837,0.0,0.0
2023-04-17 13:30:00-04:00,7.389999866485596,7.400000095367432,7.380000114440918,7.380000114440918,3581,0.0,0.0
2023-04-17 14:30:00-04:00,7.385000228881836,7.40500020980835,7.385000228881836,7.400000095367432,3060,0.0,0.0
2023-04-17 15:30:00-04:00,7.409999847412109,7.409999847412109,7.349999904632568,7.349999904632568,3596,0.0,0.0
2023-04-18 09:30:00-04:00,7.329999923706055,7.329999923706055,7.329999923706055,7.329999923706055,534,0.0,0.0
2023-04-18 10:30:00-04:00,7.329999923706055,7.329999923706055,7.329999923706055,7.329999923706055,598,0.0,0.0
2023-04-18 11:30:00-04:00,7.30109977722168,7.349999904632568,7.30109977722168,7.335000038146973,2343,0.0,0.0
2023-04-18 12:30:00-04:00,7.360000133514404,7.380000114440918,7.360000133514404,7.369999885559082,4763,0.0,0.0
2023-04-18 13:30:00-04:00,7.369999885559082,7.389999866485596,7.369999885559082,7.389999866485596,6828,0.0,0.0
2023-04-18 14:30:00-04:00,7.420000076293945,7.480000019073486,7.420000076293945,7.460000038146973,8122,0.0,0.0
2023-04-18 15:30:00-04:00,7.46999979019165,7.46999979019165,7.420000076293945,7.425000190734863,5812,0.0,0.0
2023-04-19 09:30:00-04:00,7.355000019073486,7.355000019073486,7.355000019073486,7.355000019073486,1706,0.0,0.0
2023-04-19 11:30:00-04:00,7.340000152587891,7.364999771118164,7.324999809265137,7.364999771118164,3000,0.0,0.0
2023-04-19 12:30:00-04:00,7.364999771118164,7.364999771118164,7.349999904632568,7.360000133514404,7999,0.0,0.0
2023-04-19 13:30:00-04:00,7.360000133514404,7.364999771118164,7.349999904632568,7.360000133514404,6869,0.0,0.0
2023-04-19 14:30:00-04:00,7.360000133514404,7.366600036621094,7.360000133514404,7.364999771118164,6505,0.0,0.0
2023-04-19 15:30:00-04:00,7.340000152587891,7.340000152587891,7.190000057220459,7.190000057220459,5447,0.0,0.0
2023-04-20 09:30:00-04:00,7.199999809265137,7.380000114440918,7.199999809265137,7.371300220489502,6130,0.0,0.0
2023-04-20 10:30:00-04:00,7.389999866485596,7.444399833679199,7.389999866485596,7.434999942779541,3163,0.0,0.0
2023-04-20 11:30:00-04:00,7.434999942779541,7.449999809265137,7.434999942779541,7.434999942779541,553,0.0,0.0
2023-04-20 12:30:00-04:00,7.440000057220459,7.440000057220459,7.440000057220459,7.440000057220459,2043,0.0,0.0
2023-04-20 13:30:00-04:00,7.429999828338623,7.445000171661377,7.380000114440918,7.380000114440918,5788,0.0,0.0
2023-04-20 14:30:00-04:00,7.369999885559082,7.369999885559082,7.320000171661377,7.320000171661377,8729,0.0,0.0
2023-04-20 15:30:00-04:00,7.289999961853027,7.289999961853027,7.179999828338623,7.179999828338623,5821,0.0,0.0
2023-04-21 09:30:00-04:00,7.210000038146973,7.289899826049805,7.179999828338623,7.210000038146973,14789,0.0,0.0
2023-04-21 10:30:00-04:00,7.269999980926514,7.289999961853027,7.21999979019165,7.289999961853027,4901,0.0,0.0
2023-04-21 11:30:00-04:00,7.300000190734863,7.329999923706055,7.300000190734863,7.309999942779541,4304,0.0,0.0
2023-04-21 12:30:00-04:00,7.300000190734863,7.300000190734863,7.25,7.25,3806,0.0,0.0
2023-04-21 13:30:00-04:00,7.239999771118164,7.266300201416016,7.239999771118164,7.25,2846,0.0,0.0
2023-04-21 14:30:00-04:00,7.239999771118164,7.28000020980835,7.190000057220459,7.21999979019165,12100,0.0,0.0
2023-04-21 15:30:00-04:00,7.210000038146973,7.210000038146973,7.179999828338623,7.190000057220459,8730,0.0,0.0
2023-04-24 09:30:00-04:00,7.150000095367432,7.25,7.150000095367432,7.199999809265137,6206,0.0,0.0
2023-04-24 10:30:00-04:00,7.199999809265137,7.199999809265137,7.090000152587891,7.090099811553955,13000,0.0,0.0
2023-04-24 11:30:00-04:00,7.150000095367432,7.150000095367432,7.059999942779541,7.072400093078613,6145,0.0,0.0
2023-04-24 12:30:00-04:00,7.099999904632568,7.130000114440918,7.099999904632568,7.125,4065,0.0,0.0
2023-04-24 13:30:00-04:00,7.150000095367432,7.150000095367432,7.150000095367432,7.150000095367432,4697,0.0,0.0
2023-04-24 14:30:00-04:00,7.184999942779541,7.269999980926514,7.184999942779541,7.269999980926514,10091,0.0,0.0
2023-04-24 15:30:00-04:00,7.269999980926514,7.46999979019165,7.260000228881836,7.349999904632568,40357,0.0,0.0
2023-04-25 09:30:00-04:00,7.300000190734863,7.4807000160217285,7.300000190734863,7.409999847412109,7278,0.0,0.0
2023-04-25 10:30:00-04:00,7.429999828338623,7.429999828338623,7.429999828338623,7.429999828338623,955,0.0,0.0
2023-04-25 11:30:00-04:00,7.465000152587891,7.489999771118164,7.460000038146973,7.485000133514404,2816,0.0,0.0
2023-04-25 12:30:00-04:00,7.505000114440918,7.510000228881836,7.5,7.510000228881836,5399,0.0,0.0
2023-04-25 13:30:00-04:00,7.519999980926514,7.550000190734863,7.510000228881836,7.550000190734863,2274,0.0,0.0
2023-04-25 14:30:00-04:00,7.539999961853027,7.539999961853027,7.5,7.5,3988,0.0,0.0
2023-04-25 15:30:00-04:00,7.46999979019165,7.480000019073486,7.400000095367432,7.429999828338623,5543,0.0,0.0
2023-04-26 09:30:00-04:00,7.369999885559082,7.459799766540527,7.369999885559082,7.449999809265137,3777,0.0,0.0
2023-04-26 10:30:00-04:00,7.449999809265137,7.449999809265137,7.426599979400635,7.429999828338623,5189,0.0,0.0
2023-04-26 11:30:00-04:00,7.454999923706055,7.489999771118164,7.420000076293945,7.474999904632568,2115,0.0,0.0
2023-04-26 12:30:00-04:00,7.449999809265137,7.480000019073486,7.449999809265137,7.460000038146973,2647,0.0,0.0
2023-04-26 13:30:00-04:00,7.460000038146973,7.46999979019165,7.460000038146973,7.460000038146973,4487,0.0,0.0
2023-04-26 14:30:00-04:00,7.460000038146973,7.460000038146973,7.380000114440918,7.394999980926514,2989,0.0,0.0
2023-04-26 15:30:00-04:00,7.369999885559082,7.382500171661377,7.269999980926514,7.269999980926514,16179,0.0,0.0
2023-04-27 09:30:00-04:00,7.289999961853027,7.304999828338623,7.289999961853027,7.300000190734863,1239,0.0,0.0
2023-04-27 10:30:00-04:00,7.302199840545654,7.309999942779541,7.300000190734863,7.304999828338623,3275,0.0,0.0
2023-04-27 11:30:00-04:00,7.300000190734863,7.409999847412109,7.300000190734863,7.380000114440918,3881,0.0,0.0
2023-04-27 12:30:00-04:00,7.389999866485596,7.400000095367432,7.389999866485596,7.391200065612793,3579,0.0,0.0
2023-04-27 13:30:00-04:00,7.400000095367432,7.409999847412109,7.360000133514404,7.369999885559082,9363,0.0,0.0
2023-04-27 14:30:00-04:00,7.369999885559082,7.375,7.360000133514404,7.375,776,0.0,0.0
2023-04-27 15:30:00-04:00,7.360000133514404,7.400000095367432,7.309999942779541,7.329999923706055,5855,0.0,0.0
2023-04-28 09:30:00-04:00,7.25,7.320000171661377,7.25,7.320000171661377,14005,0.0,0.0
2023-04-28 10:30:00-04:00,7.329999923706055,7.347799777984619,7.329999923706055,7.347799777984619,2025,0.0,0.0
2023-04-28 11:30:00-04:00,7.340000152587891,7.414999961853027,7.340000152587891,7.414999961853027,3903,0.0,0.0
2023-04-28 12:30:00-04:00,7.409999847412109,7.449999809265137,7.409999847412109,7.449999809265137,0,0.0,0.0
2023-04-28 13:30:00-04:00,7.449999809265137,7.53000020980835,7.420000076293945,7.53000020980835,27837,0.0,0.0
2023-04-28 14:30:00-04:00,7.5,7.53000020980835,7.5,7.53000020980835,1132,0.0,0.0
2023-04-28 15:30:00-04:00,7.53000020980835,7.53000020980835,7.329999923706055,7.329999923706055,17108,0.0,0.0
2023-05-01 09:30:00-04:00,7.28000020980835,7.28000020980835,7.28000020980835,7.28000020980835,232,0.0,0.0
2023-05-01 10:30:00-04:00,7.329999923706055,7.449999809265137,7.309999942779541,7.449999809265137,5534,0.0,0.0
2023-05-01 11:30:00-04:00,7.480000019073486,7.53000020980835,7.480000019073486,7.514999866485596,1416,0.0,0.0
2023-05-01 12:30:00-04:00,7.53000020980835,7.539999961853027,7.510000228881836,7.539999961853027,2100,0.0,0.0
2023-05-01 13:30:00-04:00,7.539999961853027,7.539999961853027,7.519999980926514,7.539999961853027,3069,0.0,0.0
2023-05-01 14:30:00-04:00,7.519999980926514,7.590000152587891,7.5,7.550000190734863,7188,0.0,0.0
2023-05-01 15:30:00-04:00,7.579999923706055,7.590000152587891,7.559999942779541,7.579999923706055,8490,0.0,0.0
2023-05-02 09:30:00-04:00,7.53000020980835,7.53000020980835,7.252500057220459,7.360000133514404,7000,0.0,0.0
2023-05-02 10:30:00-04:00,7.360000133514404,7.360000133514404,7.230000019073486,7.300000190734863,15055,0.0,0.0
2023-05-02 11:30:00-04:00,7.230000019073486,7.320000171661377,7.230000019073486,7.320000171661377,3185,0.0,0.0
2023-05-02 12:30:00-04:00,7.329999923706055,7.329999923706055,7.190000057220459,7.289999961853027,12701,0.0,0.0
2023-05-02 13:30:00-04:00,7.309999942779541,7.320000171661377,7.260000228881836,7.28000020980835,5875,0.0,0.0
2023-05-02 14:30:00-04:00,7.295000076293945,7.295000076293945,7.230000019073486,7.269999980926514,2839,0.0,0.0
2023-05-02 15:30:00-04:00,7.190000057220459,7.21999979019165,7.150000095367432,7.21999979019165,8590,0.0,0.0
2023-05-03 09:30:00-04:00,7.199999809265137,7.409999847412109,7.190000057220459,7.309999942779541,14843,0.0,0.0
2023-05-03 10:30:00-04:00,7.335000038146973,7.335000038146973,7.199999809265137,7.25,4055,0.0,0.0
2023-05-03 11:30:00-04:00,7.25,7.2846999168396,7.239999771118164,7.25,3273,0.0,0.0
2023-05-03 12:30:00-04:00,7.25,7.25,7.210000038146973,7.235000133514404,3719,0.0,0.0
2023-05-03 13:30:00-04:00,7.247300148010254,7.320000171661377,7.247300148010254,7.320000171661377,5909,0.0,0.0
2023-05-03 14:30:00-04:00,7.320000171661377,7.320000171661377,7.190000057220459,7.190000057220459,0,0.0,0.0
2023-05-03 15:30:00-04:00,7.159999847412109,7.190000057220459,7.119999885559082,7.190000057220459,45510,0.0,0.0
2023-05-04 09:30:00-04:00,7.34499979019165,7.34499979019165,7.179999828338623,7.230000019073486,1570,0.0,0.0
2023-05-04 10:30:00-04:00,7.230000019073486,7.239999771118164,7.139999866485596,7.139999866485596,4907,0.0,0.0
2023-05-04 11:30:00-04:00,7.150000095367432,7.199999809265137,7.125,7.199999809265137,7141,0.0,0.0
2023-05-04 12:30:00-04:00,7.199999809265137,7.230000019073486,7.199999809265137,7.210100173950195,5753,0.0,0.0
2023-05-04 13:30:00-04:00,7.210000038146973,7.260000228881836,7.210000038146973,7.210000038146973,7310,0.0,0.0
2023-05-04 14:30:00-04:00,7.210000038146973,7.224999904632568,7.199999809265137,7.21999979019165,9354,0.0,0.0
2023-05-04 15:30:00-04:00,7.210000038146973,7.210000038146973,7.179999828338623,7.199999809265137,4508,0.0,0.0
2023-05-05 09:30:00-04:00,7.289999961853027,7.349999904632568,7.289999961853027,7.309999942779541,3078,0.0,0.0
2023-05-05 10:30:00-04:00,7.309999942779541,7.355000019073486,7.309999942779541,7.340000152587891,4569,0.0,0.0
2023-05-05 11:30:00-04:00,7.349999904632568,7.355000019073486,7.300000190734863,7.300000190734863,4533,0.0,0.0
2023-05-05 12:30:00-04:00,7.320000171661377,7.320000171661377,7.304999828338623,7.320000171661377,4063,0.0,0.0
2023-05-05 13:30:00-04:00,7.329999923706055,7.360000133514404,7.329999923706055,7.34499979019165,4919,0.0,0.0
2023-05-05 14:30:00-04:00,7.349999904632568,7.375,7.349999904632568,7.375,5458,0.0,0.0
2023-05-05 15:30:00-04:00,7.369999885559082,7.369999885559082,7.329999923706055,7.329999923706055,2971,0.0,0.0
2023-05-08 09:30:00-04:00,7.269999980926514,7.485000133514404,7.269999980926514,7.46999979019165,14297,0.0,0.0
2023-05-08 10:30:00-04:00,7.471199989318848,7.479899883270264,7.434999942779541,7.434999942779541,4986,0.0,0.0
2023-05-08 11:30:00-04:00,7.429999828338623,7.429999828338623,7.360000133514404,7.369999885559082,2006,0.0,0.0
2023-05-08 12:30:00-04:00,7.385700225830078,7.400000095367432,7.369999885559082,7.400000095367432,788,0.0,0.0
2023-05-08 13:30:00-04:00,7.372499942779541,7.380000114440918,7.369999885559082,7.380000114440918,6155,0.0,0.0
2023-05-08 14:30:00-04:00,7.380000114440918,7.400000095367432,7.380000114440918,7.400000095367432,2767,0.0,0.0
2023-05-08 15:30:00-04:00,7.385000228881836,7.385000228881836,7.340000152587891,7.349999904632568,6774,0.0,0.0
2023-05-09 09:30:00-04:00,7.389999866485596,7.454999923706055,7.380000114440918,7.454999923706055,8842,0.0,0.0
2023-05-09 10:30:00-04:00,7.474999904632568,7.514999866485596,7.46999979019165,7.505000114440918,11811,0.0,0.0
2023-05-09 11:30:00-04:00,7.46999979019165,7.485000133514404,7.46999979019165,7.485000133514404,1716,0.0,0.0
2023-05-09 12:30:00-04:00,7.485000133514404,7.505000114440918,7.467700004577637,7.494999885559082,3901,0.0,0.0
2023-05-09 13:30:00-04:00,7.480000019073486,7.505000114440918,7.480000019073486,7.485000133514404,3745,0.0,0.0
2023-05-09 14:30:00-04:00,7.489999771118164,7.494999885559082,7.480000019073486,7.494999885559082,5548,0.0,0.0
2023-05-09 15:30:00-04:00,7.494999885559082,7.5,7.440000057220459,7.440000057220459,8254,0.0,0.0
2023-05-10 09:30:00-04:00,7.519999980926514,7.534999847412109,7.489999771118164,7.500100135803223,6242,0.0,0.0
2023-05-10 10:30:00-04:00,7.449999809265137,7.4695000648498535,7.420000076293945,7.420000076293945,0,0.0,0.0
2023-05-10 11:30:00-04:00,7.420000076293945,7.420000076293945,7.409999847412109,7.409999847412109,15746,0.0,0.0
2023-05-10 12:30:00-04:00,7.409999847412109,7.409999847412109,7.289999961853027,7.289999961853027,1211,0.0,0.0
2023-05-10 13:30:00-04:00,7.269999980926514,7.269999980926514,7.218699932098389,7.230000019073486,6294,0.0,0.0
2023-05-10 14:30:00-04:00,7.224999904632568,7.235000133514404,7.210000038146973,7.215000152587891,2675,0.0,0.0
2023-05-10 15:30:00-04:00,7.21999979019165,7.21999979019165,7.099999904632568,7.099999904632568,10855,0.0,0.0
2023-05-11 09:30:00-04:00,7.110000133514404,7.195000171661377,7.110000133514404,7.139999866485596,8146,0.0,0.0
2023-05-11 10:30:00-04:00,7.150000095367432,7.170000076293945,7.150000095367432,7.150000095367432,4357,0.0,0.0
2023-05-11 11:30:00-04:00,7.150000095367432,7.164999961853027,7.130000114440918,7.164999961853027,5047,0.0,0.0
2023-05-11 12:30:00-04:00,7.179999828338623,7.179999828338623,7.179999828338623,7.179999828338623,4415,0.0,0.0
2023-05-11 13:30:00-04:00,7.179999828338623,7.1996002197265625,7.170000076293945,7.190000057220459,7292,0.0,0.0
2023-05-11 14:30:00-04:00,7.204999923706055,7.210000038146973,7.190000057220459,7.190000057220459,3603,0.0,0.0
2023-05-11 15:30:00-04:00,7.164999961853027,7.190000057220459,7.119999885559082,7.130000114440918,6966,0.0,0.0
2023-05-12 09:30:00-04:00,6.809999942779541,7.335000038146973,6.809999942779541,7.199999809265137,20336,0.0,0.0
2023-05-12 10:30:00-04:00,7.199999809265137,7.21999979019165,7.119999885559082,7.119999885559082,4790,0.0,0.0
2023-05-12 11:30:00-04:00,7.110000133514404,7.119999885559082,7.099999904632568,7.099999904632568,1054,0.0,0.0
2023-05-12 12:30:00-04:00,7.095799922943115,7.099999904632568,6.960100173950195,6.989999771118164,3874,0.0,0.0
2023-05-12 13:30:00-04:00,6.96999979019165,6.96999979019165,6.875100135803223,6.875100135803223,1652,0.0,0.0
2023-05-12 14:30:00-04:00,6.849999904632568,6.860000133514404,6.800000190734863,6.809999942779541,9967,0.0,0.0
2023-05-12 15:30:00-04:00,6.820000171661377,6.909999847412109,6.769999980926514,6.769999980926514,6370,0.0,0.0
2023-05-15 09:30:00-04:00,6.769999980926514,7.02269983291626,6.769999980926514,7.010000228881836,0,0.0,0.0
2023-05-15 10:30:00-04:00,7.019999980926514,7.118000030517578,7.010000228881836,7.059999942779541,45468,0.0,0.0
2023-05-15 11:30:00-04:00,6.949999809265137,7.03000020980835,6.949999809265137,7.03000020980835,2699,0.0,0.0
2023-05-15 12:30:00-04:00,7.019999980926514,7.019999980926514,6.900300025939941,6.909999847412109,3277,0.0,0.0
2023-05-15 13:30:00-04:00,6.920000076293945,6.920000076293945,6.7835001945495605,6.880000114440918,4018,0.0,0.0
2023-05-15 14:30:00-04:00,6.889999866485596,6.889999866485596,6.849999904632568,6.849999904632568,1998,0.0,0.0
2023-05-15 15:30:00-04:00,6.869999885559082,6.869999885559082,6.820000171661377,6.835000038146973,4943,0.0,0.0
2023-05-16 09:30:00-04:00,6.8094000816345215,6.840000152587891,6.800000190734863,6.824999809265137,5635,0.0,0.0
2023-05-16 10:30:00-04:00,6.840000152587891,6.84499979019165,6.840000152587891,6.84499979019165,2766,0.0,0.0
2023-05-16 11:30:00-04:00,6.840000152587891,6.840000152587891,6.809999942779541,6.809999942779541,6845,0.0,0.0
2023-05-16 12:30:00-04:00,6.809999942779541,6.809999942779541,6.78000020980835,6.78000020980835,8032,0.0,0.0
2023-05-16 13:30:00-04:00,6.760000228881836,6.760000228881836,6.619999885559082,6.620100021362305,7421,0.0,0.0
2023-05-16 14:30:00-04:00,6.619999885559082,6.630000114440918,6.579999923706055,6.619999885559082,11709,0.0,0.0
2023-05-16 15:30:00-04:00,6.630000114440918,6.650000095367432,6.610000133514404,6.610000133514404,3844,0.0,0.0
2023-05-17 09:30:00-04:00,6.519999980926514,6.820000171661377,6.5,6.789999961853027,21727,0.0,0.0
2023-05-17 10:30:00-04:00,6.789999961853027,6.800000190734863,6.630000114440918,6.630000114440918,12386,0.0,0.0
2023-05-17 11:30:00-04:00,6.630000114440918,6.670000076293945,6.630000114440918,6.650000095367432,5340,0.0,0.0
2023-05-17 12:30:00-04:00,6.650000095367432,6.670000076293945,6.605800151824951,6.630000114440918,7468,0.0,0.0
2023-05-17 13:30:00-04:00,6.639999866485596,6.690000057220459,6.639999866485596,6.659999847412109,5846,0.0,0.0
2023-05-17 14:30:00-04:00,6.659999847412109,6.670000076293945,6.630000114440918,6.639999866485596,5361,0.0,0.0
2023-05-17 15:30:00-04:00,6.65500020980835,6.65500020980835,6.539999961853027,6.539999961853027,23613,0.0,0.0
2023-05-18 09:30:00-04:00,6.53000020980835,6.725299835205078,6.510000228881836,6.6819000244140625,25924,0.0,0.0
2023-05-18 10:30:00-04:00,6.68149995803833,6.875,6.670000076293945,6.800000190734863,14826,0.0,0.0
2023-05-18 11:30:00-04:00,6.800000190734863,6.880000114440918,6.800000190734863,6.840000152587891,7058,0.0,0.0
2023-05-18 12:30:00-04:00,6.829999923706055,6.96999979019165,6.809999942779541,6.949999809265137,7745,0.0,0.0
2023-05-18 13:30:00-04:00,6.960000038146973,7.0,6.860000133514404,6.869999885559082,12757,0.0,0.0
2023-05-18 14:30:00-04:00,6.875,6.890600204467773,6.820000171661377,6.840000152587891,16549,0.0,0.0
2023-05-18 15:30:00-04:00,6.869999885559082,6.879899978637695,6.78000020980835,6.789999961853027,37450,0.0,0.0
2023-05-19 09:30:00-04:00,6.860000133514404,6.989999771118164,6.769999980926514,6.96999979019165,18375,0.0,0.0
2023-05-19 10:30:00-04:00,6.96999979019165,6.989999771118164,6.960000038146973,6.960000038146973,5096,0.0,0.0
2023-05-19 11:30:00-04:00,6.960000038146973,6.980000019073486,6.929999828338623,6.929999828338623,14184,0.0,0.0
2023-05-19 12:30:00-04:00,6.929999828338623,7.019999980926514,6.909999847412109,6.980000019073486,10216,0.0,0.0
2023-05-19 13:30:00-04:00,6.929999828338623,6.989999771118164,6.860000133514404,6.869999885559082,8663,0.0,0.0
2023-05-19 14:30:00-04:00,6.909999847412109,6.929999828338623,6.860000133514404,6.920000076293945,13875,0.0,0.0
2023-05-19 15:30:00-04:00,6.900000095367432,7.0,6.849999904632568,6.889999866485596,27486,0.0,0.0
2023-05-22 09:30:00-04:00,6.880000114440918,7.070000171661377,6.849999904632568,6.960000038146973,0,0.0,0.0
2023-05-22 10:30:00-04:00,6.980000019073486,7.010000228881836,6.949999809265137,7.010000228881836,10758,0.0,0.0
2023-05-22 11:30:00-04:00,7.03000020980835,7.190000057220459,7.03000020980835,7.190000057220459,11438,0.0,0.0
2023-05-22 12:30:00-04:00,7.195000171661377,7.21999979019165,7.179999828338623,7.21999979019165,8604,0.0,0.0
2023-05-22 13:30:00-04:00,7.210000038146973,7.320000171661377,7.210000038146973,7.260000228881836,9302,0.0,0.0
2023-05-22 14:30:00-04:00,7.235000133514404,7.239999771118164,7.179999828338623,7.199999809265137,7202,0.0,0.0
2023-05-22 15:30:00-04:00,7.195000171661377,7.195000171661377,6.989999771118164,7.03000020980835,24628,0.0,0.0
2023-05-23 09:30:00-04:00,7.0,7.269999980926514,7.0,7.230000019073486,16654,0.0,0.0
2023-05-23 10:30:00-04:00,7.230000019073486,7.269999980926514,7.090000152587891,7.099999904632568,12767,0.0,0.0
2023-05-23 11:30:00-04:00,7.090000152587891,7.159999847412109,7.010000228881836,7.130000114440918,2456,0.0,0.0
2023-05-23 12:30:00-04:00,7.130000114440918,7.130000114440918,7.034999847412109,7.034999847412109,2648,0.0,0.0
2023-05-23 13:30:00-04:00,7.03000020980835,7.079999923706055,7.019999980926514,7.074999809265137,5356,0.0,0.0
2023-05-23 14:30:00-04:00,7.074999809265137,7.105400085449219,7.070000171661377,7.099999904632568,7214,0.0,0.0
2023-05-23 15:30:00-04:00,7.099999904632568,7.114999771118164,7.054999828338623,7.059999942779541,8412,0.0,0.0
2023-05-24 09:30:00-04:00,6.989999771118164,7.071300029754639,6.989999771118164,7.059999942779541,11521,0.0,0.0
2023-05-24 10:30:00-04:00,7.059999942779541,7.059999942779541,7.019999980926514,7.019999980926514,5189,0.0,0.0
2023-05-24 11:30:00-04:00,7.039999961853027,7.12470006942749,7.039999961853027,7.12470006942749,1820,0.0,0.0
2023-05-24 12:30:00-04:00,7.135000228881836,7.135000228881836,7.090000152587891,7.090000152587891,1825,0.0,0.0
2023-05-24 13:30:00-04:00,7.090000152587891,7.090000152587891,7.050000190734863,7.079999923706055,11054,0.0,0.0
2023-05-24 14:30:00-04:00,7.050000190734863,7.070000171661377,7.020299911499023,7.020299911499023,1759,0.0,0.0
2023-05-24 15:30:00-04:00,7.039999961853027,7.039999961853027,6.909999847412109,6.920000076293945,11576,0.0,0.0
2023-05-25 09:30:00-04:00,6.900000095367432,7.0,6.900000095367432,6.989999771118164,3838,0.0,0.0
2023-05-25 10:30:00-04:00,6.989999771118164,6.989999771118164,6.809999942779541,6.850100040435791,19282,0.0,0.0
2023-05-25 11:30:00-04:00,6.889999866485596,6.900000095367432,6.849999904632568,6.849999904632568,1874,0.0,0.0
2023-05-25 12:30:00-04:00,6.864999771118164,6.900000095367432,6.864999771118164,6.900000095367432,1831,0.0,0.0
2023-05-25 13:30:00-04:00,6.965000152587891,7.050000190734863,6.949999809265137,6.989999771118164,2849,0.0,0.0
2023-05-25 14:30:00-04:00,6.994999885559082,6.994999885559082,6.855000019073486,6.925099849700928,3628,0.0,0.0
2023-05-25 15:30:00-04:00,6.925000190734863,6.960000038146973,6.920000076293945,6.940000057220459,7390,0.0,0.0
2023-05-26 09:30:00-04:00,6.960000038146973,7.179200172424316,6.960000038146973,7.056399822235107,8543,0.0,0.0
2023-05-26 10:30:00-04:00,7.079999923706055,7.130000114440918,7.079999923706055,7.130000114440918,2549,0.0,0.0
2023-05-26 11:30:00-04:00,7.130099773406982,7.144999980926514,7.110000133514404,7.110000133514404,1983,0.0,0.0
2023-05-26 12:30:00-04:00,7.114999771118164,7.114999771118164,7.099999904632568,7.099999904632568,5241,0.0,0.0
2023-05-26 13:30:00-04:00,7.099999904632568,7.124000072479248,7.09499979019165,7.099999904632568,5538,0.0,0.0
2023-05-26 14:30:00-04:00,7.099999904632568,7.119900226593018,7.099999904632568,7.110000133514404,2687,0.0,0.0
2023-05-26 15:30:00-04:00,7.090000152587891,7.090000152587891,6.980000019073486,7.019999980926514,11052,0.0,0.0
2023-05-30 09:30:00-04:00,7.090000152587891,7.153800010681152,7.090000152587891,7.150000095367432,22855,0.0,0.0
2023-05-30 10:30:00-04:00,7.150000095367432,7.159999847412109,7.150000095367432,7.15500020980835,1777,0.0,0.0
2023-05-30 11:30:00-04:00,7.139999866485596,7.151199817657471,7.139999866485596,7.150000095367432,2149,0.0,0.0
2023-05-30 12:30:00-04:00,7.150000095367432,7.159999847412109,7.139999866485596,7.148499965667725,12778,0.0,0.0
2023-05-30 13:30:00-04:00,7.150000095367432,7.190000057220459,7.150000095367432,7.159999847412109,7923,0.0,0.0
2023-05-30 14:30:00-04:00,7.160999774932861,7.160999774932861,7.130000114440918,7.139999866485596,4186,0.0,0.0
2023-05-30 15:30:00-04:00,7.130000114440918,7.179999828338623,7.130000114440918,7.139999866485596,16329,0.0,0.0
2023-05-31 09:30:00-04:00,7.15500020980835,7.210000038146973,7.15500020980835,7.190000057220459,8375,0.0,0.0
2023-05-31 10:30:00-04:00,7.204999923706055,7.255000114440918,7.199999809265137,7.255000114440918,2624,0.0,0.0
2023-05-31 11:30:00-04:00,7.260000228881836,7.260000228881836,7.190000057220459,7.190000057220459,15747,0.0,0.0
2023-05-31 12:30:00-04:00,7.169300079345703,7.169300079345703,7.130000114440918,7.144999980926514,3818,0.0,0.0
2023-05-31 13:30:00-04:00,7.150000095367432,7.210000038146973,7.139999866485596,7.199999809265137,2585,0.0,0.0
2023-05-31 14:30:00-04:00,7.21999979019165,7.21999979019165,7.204999923706055,7.204999923706055,1013,0.0,0.0
2023-05-31 15:30:00-04:00,7.230000019073486,7.279900074005127,7.230000019073486,7.25,5484,0.0,0.0
2023-06-01 09:30:00-04:00,7.150000095367432,7.150000095367432,6.989999771118164,7.0,31740,0.0,0.0
2023-06-01 10:30:00-04:00,7.010000228881836,7.085000038146973,6.991300106048584,7.059999942779541,10225,0.0,0.0
2023-06-01 11:30:00-04:00,7.059999942779541,7.096199989318848,7.050099849700928,7.070099830627441,9792,0.0,0.0
2023-06-01 12:30:00-04:00,7.099999904632568,7.099999904632568,7.070000171661377,7.085000038146973,6768,0.0,0.0
2023-06-01 13:30:00-04:00,7.085000038146973,7.090000152587891,7.059999942779541,7.070000171661377,12977,0.0,0.0
2023-06-01 14:30:00-04:00,7.070000171661377,7.079999923706055,7.005000114440918,7.005000114440918,14371,0.0,0.0
2023-06-01 15:30:00-04:00,7.0,7.014999866485596,6.980000019073486,6.980000019073486,20038,0.0,0.0
2023-06-02 09:30:00-04:00,7.050000190734863,7.150000095367432,7.026599884033203,7.150000095367432,3364,0.0,0.0
2023-06-02 10:30:00-04:00,7.139999866485596,7.139999866485596,7.110000133514404,7.130000114440918,927,0.0,0.0
2023-06-02 11:30:00-04:00,7.130000114440918,7.130000114440918,7.043300151824951,7.043300151824951,14266,0.0,0.0
2023-06-02 12:30:00-04:00,7.039999961853027,7.072999954223633,7.039999961853027,7.070000171661377,12383,0.0,0.0
2023-06-02 13:30:00-04:00,7.073299884796143,7.079999923706055,7.059999942779541,7.079999923706055,3627,0.0,0.0
2023-06-02 14:30:00-04:00,7.090000152587891,7.150000095367432,7.090000152587891,7.119999885559082,20872,0.0,0.0
2023-06-02 15:30:00-04:00,7.135000228881836,7.25,7.130000114440918,7.239999771118164,10550,0.0,0.0
2023-06-05 09:30:00-04:00,7.170000076293945,7.170000076293945,7.150000095367432,7.150000095367432,3420,0.0,0.0
2023-06-05 10:30:00-04:00,7.135000228881836,7.159999847412109,7.074999809265137,7.1066999435424805,5317,0.0,0.0
2023-06-05 11:30:00-04:00,7.099999904632568,7.28000020980835,7.099999904632568,7.230000019073486,21672,0.0,0.0
2023-06-05 12:30:00-04:00,7.231599807739258,7.25,7.159999847412109,7.170000076293945,7469,0.0,0.0
2023-06-05 13:30:00-04:00,7.150000095367432,7.164999961853027,7.110000133514404,7.130000114440918,4310,0.0,0.0
2023-06-05 14:30:00-04:00,7.179999828338623,7.202700138092041,7.179999828338623,7.179999828338623,10517,0.0,0.0
2023-06-05 15:30:00-04:00,7.150000095367432,7.159999847412109,7.090000152587891,7.159999847412109,6033,0.0,0.0
2023-06-06 09:30:00-04:00,7.130000114440918,7.179999828338623,7.110000133514404,7.150000095367432,7259,0.0,0.0
2023-06-06 10:30:00-04:00,7.159999847412109,7.349999904632568,7.15500020980835,7.309999942779541,14045,0.0,0.0
2023-06-06 11:30:00-04:00,7.320000171661377,7.375,7.28000020980835,7.369999885559082,21187,0.0,0.0
2023-06-06 12:30:00-04:00,7.369999885559082,7.369999885559082,7.300000190734863,7.329999923706055,6072,0.0,0.0
2023-06-06 13:30:00-04:00,7.329999923706055,7.380000114440918,7.289999961853027,7.375,8395,0.0,0.0
2023-06-06 14:30:00-04:00,7.429999828338623,7.454999923706055,7.360099792480469,7.394999980926514,9808,0.0,0.0
2023-06-06 15:30:00-04:00,7.394999980926514,7.449999809265137,7.369999885559082,7.409999847412109,12290,0.0,0.0
2023-06-07 09:30:00-04:00,7.5,7.710000038146973,7.460000038146973,7.585000038146973,29229,0.0,0.0
2023-06-07 10:30:00-04:00,7.550000190734863,7.589900016784668,7.46999979019165,7.519999980926514,5205,0.0,0.0
2023-06-07 11:30:00-04:00,7.510000228881836,7.519999980926514,7.489999771118164,7.5,5204,0.0,0.0
2023-06-07 12:30:00-04:00,7.5,7.630000114440918,7.480000019073486,7.630000114440918,3815,0.0,0.0
2023-06-07 13:30:00-04:00,7.590000152587891,7.639999866485596,7.579999923706055,7.630000114440918,4652,0.0,0.0
2023-06-07 14:30:00-04:00,7.650000095367432,7.699999809265137,7.639999866485596,7.684999942779541,4396,0.0,0.0
2023-06-07 15:30:00-04:00,7.679999828338623,7.679999828338623,7.599999904632568,7.619999885559082,13314,0.0,0.0
2023-06-08 09:30:00-04:00,7.650000095367432,7.668499946594238,7.539999961853027,7.539999961853027,2568,0.0,0.0
2023-06-08 10:30:00-04:00,7.519999980926514,7.585000038146973,7.449999809265137,7.489999771118164,4933,0.0,0.0
2023-06-08 11:30:00-04:00,7.5,7.516900062561035,7.5,7.516900062561035,910,0.0,0.0
2023-06-08 12:30:00-04:00,7.489999771118164,7.5,7.429999828338623,7.429999828338623,4204,0.0,0.0
2023-06-08 13:30:00-04:00,7.429999828338623,7.429999828338623,7.369999885559082,7.414999961853027,7187,0.0,0.0
2023-06-08 14:30:00-04:00,7.429999828338623,7.489999771118164,7.429999828338623,7.489999771118164,11159,0.0,0.0
2023-06-08 15:30:00-04:00,7.514999866485596,7.519999980926514,7.400000095367432,7.440000057220459,8527,0.0,0.0
2023-06-09 09:30:00-04:00,7.460000038146973,7.460000038146973,7.409999847412109,7.440000057220459,3415,0.0,0.0
2023-06-09 10:30:00-04:00,7.440000057220459,7.5,7.440000057220459,7.460000038146973,4390,0.0,0.0
2023-06-09 11:30:00-04:00,7.518700122833252,7.518700122833252,7.5,7.5,2125,0.0,0.0
2023-06-09 12:30:00-04:00,7.5,7.510000228881836,7.5,7.5,3274,0.0,0.0
2023-06-09 13:30:00-04:00,7.5,7.505000114440918,7.480000019073486,7.489999771118164,7904,0.0,0.0
2023-06-09 14:30:00-04:00,7.489999771118164,7.590000152587891,7.489999771118164,7.525000095367432,8489,0.0,0.0
2023-06-09 15:30:00-04:00,7.519999980926514,7.519999980926514,7.46999979019165,7.510000228881836,7316,0.0,0.0
2023-06-12 09:30:00-04:00,7.480000019073486,7.53000020980835,7.449999809265137,7.519999980926514,4039,0.0,0.0
2023-06-12 10:30:00-04:00,7.525000095367432,7.570000171661377,7.525000095367432,7.570000171661377,1135,0.0,0.0
2023-06-12 11:30:00-04:00,7.559999942779541,7.559999942779541,7.5,7.510000228881836,3121,0.0,0.0
2023-06-12 12:30:00-04:00,7.565000057220459,7.590000152587891,7.539999961853027,7.539999961853027,2176,0.0,0.0
2023-06-12 13:30:00-04:00,7.579999923706055,7.579999923706055,7.53000020980835,7.532700061798096,1064,0.0,0.0
2023-06-12 14:30:00-04:00,7.510000228881836,7.539999961853027,7.510000228881836,7.539999961853027,3130,0.0,0.0
2023-06-12 15:30:00-04:00,7.519999980926514,7.570000171661377,7.510000228881836,7.539999961853027,14197,0.0,0.0
2023-06-13 09:30:00-04:00,7.599999904632568,7.664999961853027,7.599999904632568,7.635000228881836,4692,0.0,0.0
2023-06-13 10:30:00-04:00,7.635000228881836,7.739999771118164,7.619999885559082,7.670000076293945,19184,0.0,0.0
2023-06-13 11:30:00-04:00,7.659999847412109,7.730000019073486,7.659999847412109,7.71999979019165,4161,0.0,0.0
2023-06-13 12:30:00-04:00,7.71999979019165,7.769999980926514,7.710000038146973,7.744999885559082,5106,0.0,0.0
2023-06-13 13:30:00-04:00,7.739999771118164,7.739999771118164,7.659999847412109,7.659999847412109,4475,0.0,0.0
2023-06-13 14:30:00-04:00,7.659999847412109,7.690000057220459,7.659999847412109,7.690000057220459,12220,0.0,0.0
2023-06-13 15:30:00-04:00,7.679999828338623,7.710000038146973,7.650000095367432,7.675000190734863,12280,0.0,0.0
2023-06-14 09:30:00-04:00,7.670000076293945,7.670300006866455,7.619999885559082,7.670300006866455,2399,0.0,0.0
2023-06-14 10:30:00-04:00,7.639999866485596,7.769999980926514,7.631700038909912,7.769999980926514,7810,0.0,0.0
2023-06-14 11:30:00-04:00,7.78000020980835,7.78000020980835,7.743500232696533,7.75,901,0.0,0.0
2023-06-14 12:30:00-04:00,7.78000020980835,7.78000020980835,7.659999847412109,7.659999847412109,2214,0.0,0.0
2023-06-14 13:30:00-04:00,7.639999866485596,7.670000076293945,7.630000114440918,7.639999866485596,4685,0.0,0.0
2023-06-14 14:30:00-04:00,7.619999885559082,7.710000038146973,7.619999885559082,7.699999809265137,3223,0.0,0.0
2023-06-14 15:30:00-04:00,7.699999809265137,7.699999809265137,7.590000152587891,7.610000133514404,10146,0.0,0.0
2023-06-15 09:30:00-04:00,7.559999942779541,7.565000057220459,7.519999980926514,7.565000057220459,2647,0.0,0.0
2023-06-15 10:30:00-04:00,7.565000057220459,7.565000057220459,7.480000019073486,7.48199987411499,4952,0.0,0.0
2023-06-15 11:30:00-04:00,7.480000019073486,7.539999961853027,7.480000019073486,7.53000020980835,10751,0.0,0.0
2023-06-15 12:30:00-04:00,7.5,7.514999866485596,7.5,7.514999866485596,778,0.0,0.0
2023-06-15 13:30:00-04:00,7.519999980926514,7.53000020980835,7.5,7.514999866485596,2322,0.0,0.0
2023-06-15 14:30:00-04:00,7.519999980926514,7.570000171661377,7.510000228881836,7.53000020980835,6514,0.0,0.0
2023-06-15 15:30:00-04:00,7.545000076293945,7.559999942779541,7.480000019073486,7.489999771118164,6622,0.0,0.0
2023-06-16 09:30:00-04:00,7.559999942779541,7.635000228881836,7.460000038146973,7.460000038146973,33923,0.0,0.0
2023-06-16 10:30:00-04:00,7.460000038146973,7.460000038146973,7.449999809265137,7.449999809265137,4907,0.0,0.0
2023-06-16 11:30:00-04:00,7.519999980926514,7.519999980926514,7.474999904632568,7.519999980926514,2641,0.0,0.0
2023-06-16 12:30:00-04:00,7.525000095367432,7.585000038146973,7.525000095367432,7.570000171661377,1437,0.0,0.0
2023-06-16 13:30:00-04:00,7.619999885559082,7.619999885559082,7.559999942779541,7.559999942779541,3002,0.0,0.0
2023-06-16 14:30:00-04:00,7.579999923706055,7.630000114440918,7.559999942779541,7.599999904632568,6263,0.0,0.0
2023-06-16 15:30:00-04:00,7.599999904632568,7.667500019073486,7.550000190734863,7.619999885559082,15769,0.0,0.0
2023-06-20 09:30:00-04:00,7.610000133514404,7.650000095367432,7.474999904632568,7.494999885559082,12529,0.0,0.0
2023-06-20 10:30:00-04:00,7.485000133514404,7.53000020980835,7.485000133514404,7.53000020980835,2347,0.0,0.0
2023-06-20 11:30:00-04:00,7.559999942779541,7.570000171661377,7.559999942779541,7.570000171661377,2323,0.0,0.0
2023-06-20 12:30:00-04:00,7.534999847412109,7.534999847412109,7.534999847412109,7.534999847412109,393,0.0,0.0
2023-06-20 13:30:00-04:00,7.519999980926514,7.52269983291626,7.5,7.519999980926514,4125,0.0,0.0
2023-06-20 14:30:00-04:00,7.550000190734863,7.550000190734863,7.5,7.510000228881836,12834,0.0,0.0
2023-06-20 15:30:00-04:00,7.505000114440918,7.505000114440918,7.449999809265137,7.460000038146973,5693,0.0,0.0
2023-06-21 09:30:00-04:00,7.429999828338623,7.440000057220459,7.409999847412109,7.432799816131592,6358,0.0,0.0
2023-06-21 10:30:00-04:00,7.429999828338623,7.429999828338623,7.360000133514404,7.360000133514404,6171,0.0,0.0
2023-06-21 11:30:00-04:00,7.360000133514404,7.369999885559082,7.360000133514404,7.369999885559082,1945,0.0,0.0
2023-06-21 12:30:00-04:00,7.364999771118164,7.364999771118164,7.357500076293945,7.364999771118164,1151,0.0,0.0
2023-06-21 13:30:00-04:00,7.364999771118164,7.449999809265137,7.364999771118164,7.449999809265137,3869,0.0,0.0
2023-06-21 14:30:00-04:00,7.460000038146973,7.53000020980835,7.460000038146973,7.510000228881836,13364,0.0,0.0
2023-06-21 15:30:00-04:00,7.44890022277832,7.449999809265137,7.360000133514404,7.360000133514404,8802,0.0,0.0
2023-06-22 09:30:00-04:00,7.360000133514404,7.380000114440918,7.25,7.260000228881836,12550,0.0,0.0
2023-06-22 10:30:00-04:00,7.260000228881836,7.260000228881836,7.199999809265137,7.199999809265137,6688,0.0,0.0
2023-06-22 11:30:00-04:00,7.230000019073486,7.320000171661377,7.230000019073486,7.300000190734863,8047,0.0,0.0
2023-06-22 12:30:00-04:00,7.300000190734863,7.304999828338623,7.269999980926514,7.269999980926514,2873,0.0,0.0
2023-06-22 13:30:00-04:00,7.269999980926514,7.269999980926514,7.269999980926514,7.269999980926514,915,0.0,0.0
2023-06-22 14:30:00-04:00,7.274499893188477,7.320000171661377,7.274499893188477,7.309999942779541,11425,0.0,0.0
2023-06-22 15:30:00-04:00,7.309999942779541,7.340000152587891,7.289999961853027,7.300000190734863,12818,0.0,0.0
2023-06-23 09:30:00-04:00,7.190000057220459,7.260000228881836,7.190000057220459,7.230000019073486,4534,0.0,0.0
2023-06-23 10:30:00-04:00,7.244999885559082,7.269999980926514,7.199999809265137,7.199999809265137,10025,0.0,0.0
2023-06-23 11:30:00-04:00,7.21999979019165,7.21999979019165,7.199999809265137,7.204999923706055,5955,0.0,0.0
2023-06-23 12:30:00-04:00,7.210000038146973,7.230000019073486,7.210000038146973,7.21999979019165,7474,0.0,0.0
2023-06-23 13:30:00-04:00,7.21999979019165,7.21999979019165,7.210000038146973,7.210000038146973,2471,0.0,0.0
2023-06-23 14:30:00-04:00,7.210000038146973,7.210000038146973,7.119999885559082,7.119999885559082,16914,0.0,0.0
2023-06-23 15:30:00-04:00,7.130000114440918,7.340000152587891,7.110000133514404,7.21999979019165,45097,0.0,0.0
2023-06-26 09:30:00-04:00,7.199999809265137,7.199999809265137,6.949999809265137,7.110000133514404,18218,0.0,0.0
2023-06-26 10:30:00-04:00,7.150000095367432,7.199999809265137,7.150000095367432,7.170000076293945,3140,0.0,0.0
2023-06-26 11:30:00-04:00,7.179999828338623,7.239999771118164,7.179999828338623,7.235000133514404,6515,0.0,0.0
2023-06-26 12:30:00-04:00,7.230000019073486,7.230000019073486,7.230000019073486,7.230000019073486,510,0.0,0.0
2023-06-26 13:30:00-04:00,7.28000020980835,7.309999942779541,7.28000020980835,7.309999942779541,11675,0.0,0.0
2023-06-26 14:30:00-04:00,7.329999923706055,7.329999923706055,7.210000038146973,7.21999979019165,9070,0.0,0.0
2023-06-26 15:30:00-04:00,7.159999847412109,7.21999979019165,7.159999847412109,7.179999828338623,10581,0.0,0.0
2023-06-27 09:30:00-04:00,7.199999809265137,7.329999923706055,7.139999866485596,7.170000076293945,9410,0.0,0.0
2023-06-27 10:30:00-04:00,7.170000076293945,7.320000171661377,7.170000076293945,7.264999866485596,10430,0.0,0.0
2023-06-27 11:30:00-04:00,7.260000228881836,7.260000228881836,7.230000019073486,7.230000019073486,6249,0.0,0.0
2023-06-27 12:30:00-04:00,7.230000019073486,7.269999980926514,7.230000019073486,7.269999980926514,7649,0.0,0.0
2023-06-27 13:30:00-04:00,7.269999980926514,7.28000020980835,7.230100154876709,7.239999771118164,4016,0.0,0.0
2023-06-27 14:30:00-04:00,7.239999771118164,7.309999942779541,7.230000019073486,7.309999942779541,14020,0.0,0.0
2023-06-27 15:30:00-04:00,7.309999942779541,7.309999942779541,7.239999771118164,7.260000228881836,6399,0.0,0.0
2023-06-28 09:30:00-04:00,7.309999942779541,7.309999942779541,7.25,7.295000076293945,11618,0.0,0.0
2023-06-28 10:30:00-04:00,7.320000171661377,7.335000038146973,7.289999961853027,7.300000190734863,9484,0.0,0.0
2023-06-28 11:30:00-04:00,7.300000190734863,7.309999942779541,7.300000190734863,7.304999828338623,2833,0.0,0.0
2023-06-28 12:30:00-04:00,7.329999923706055,7.380000114440918,7.329999923706055,7.364999771118164,3873,0.0,0.0
2023-06-28 13:30:00-04:00,7.380000114440918,7.389999866485596,7.380000114440918,7.380000114440918,6558,0.0,0.0
2023-06-28 14:30:00-04:00,7.380000114440918,7.400000095367432,7.369999885559082,7.394999980926514,6241,0.0,0.0
2023-06-28 15:30:00-04:00,7.394999980926514,7.400000095367432,7.364999771118164,7.380000114440918,5125,0.0,0.0
2023-06-29 09:30:00-04:00,7.340000152587891,7.5,7.340000152587891,7.5,3961,0.0,0.0
2023-06-29 10:30:00-04:00,7.564499855041504,7.564499855041504,7.564499855041504,7.564499855041504,675,0.0,0.0
2023-06-29 11:30:00-04:00,7.545000076293945,7.545000076293945,7.440000057220459,7.5,16627,0.0,0.0
2023-06-29 12:30:00-04:00,7.5,7.519999980926514,7.489999771118164,7.489999771118164,5417,0.0,0.0
2023-06-29 13:30:00-04:00,7.489999771118164,7.500100135803223,7.480000019073486,7.500100135803223,5832,0.0,0.0
2023-06-29 14:30:00-04:00,7.514500141143799,7.559999942779541,7.514500141143799,7.53000020980835,3326,0.0,0.0
2023-06-29 15:30:00-04:00,7.510000228881836,7.53000020980835,7.460000038146973,7.460000038146973,2525,0.0,0.0
2023-06-30 09:30:00-04:00,7.539999961853027,7.550000190734863,7.5,7.510000228881836,4188,0.0,0.0
2023-06-30 10:30:00-04:00,7.505000114440918,7.515399932861328,7.505000114440918,7.515399932861328,3857,0.0,0.0
2023-06-30 11:30:00-04:00,7.519999980926514,7.519999980926514,7.519999980926514,7.519999980926514,264,0.0,0.0
2023-06-30 12:30:00-04:00,7.53000020980835,7.614999771118164,7.53000020980835,7.570000171661377,4989,0.0,0.0
2023-06-30 13:30:00-04:00,7.53000020980835,7.537099838256836,7.5100998878479,7.525000095367432,1251,0.0,0.0
2023-06-30 14:30:00-04:00,7.519999980926514,7.519999980926514,7.510000228881836,7.510000228881836,699,0.0,0.0
2023-06-30 15:30:00-04:00,7.510000228881836,7.510000228881836,7.46999979019165,7.480000019073486,3435,0.0,0.0
2023-07-03 09:30:00-04:00,7.489999771118164,7.767000198364258,7.489999771118164,7.539999961853027,6300,0.0,0.0
2023-07-03 10:30:00-04:00,7.539999961853027,7.559999942779541,7.5,7.550000190734863,22779,0.0,0.0
2023-07-03 11:30:00-04:00,7.53000020980835,7.550000190734863,7.460000038146973,7.519999980926514,3128,0.0,0.0
2023-07-05 09:30:00-04:00,7.599999904632568,7.599999904632568,7.409999847412109,7.449999809265137,0,0.0,0.0
2023-07-05 10:30:00-04:00,7.429500102996826,7.429999828338623,7.3454999923706055,7.360000133514404,5549,0.0,0.0
2023-07-05 11:30:00-04:00,7.340000152587891,7.340000152587891,7.320000171661377,7.320000171661377,1601,0.0,0.0
2023-07-05 12:30:00-04:00,7.349999904632568,7.360000133514404,7.329999923706055,7.34499979019165,5084,0.0,0.0
2023-07-05 13:30:00-04:00,7.324999809265137,7.329999923706055,7.300000190734863,7.300000190734863,6088,0.0,0.0
2023-07-05 14:30:00-04:00,7.309999942779541,7.320000171661377,7.269999980926514,7.271999835968018,5953,0.0,0.0
2023-07-05 15:30:00-04:00,7.271999835968018,7.288300037384033,7.21999979019165,7.21999979019165,17957,0.0,0.0
2023-07-06 09:30:00-04:00,7.139999866485596,7.139999866485596,6.973999977111816,6.973999977111816,6559,0.0,0.0
2023-07-06 10:30:00-04:00,7.049900054931641,7.049900054931641,6.96999979019165,6.998000144958496,8054,0.0,0.0
2023-07-06 11:30:00-04:00,7.010000228881836,7.114999771118164,7.0,7.079999923706055,2619,0.0,0.0
2023-07-06 12:30:00-04:00,7.065000057220459,7.110000133514404,7.059999942779541,7.110000133514404,1481,0.0,0.0
2023-07-06 13:30:00-04:00,7.100200176239014,7.100200176239014,7.059999942779541,7.09250020980835,1369,0.0,0.0
2023-07-06 14:30:00-04:00,7.054999828338623,7.082499980926514,7.054999828338623,7.082499980926514,3854,0.0,0.0
2023-07-06 15:30:00-04:00,7.074999809265137,7.085000038146973,7.039999961853027,7.039999961853027,5222,0.0,0.0
2023-07-07 09:30:00-04:00,7.059999942779541,7.190000057220459,7.059999942779541,7.130000114440918,1775,0.0,0.0
2023-07-07 10:30:00-04:00,7.099999904632568,7.105000019073486,7.079999923706055,7.079999923706055,3674,0.0,0.0
2023-07-07 11:30:00-04:00,7.079999923706055,7.085299968719482,7.074999809265137,7.085299968719482,1749,0.0,0.0
2023-07-07 12:30:00-04:00,7.089900016784668,7.090000152587891,7.074999809265137,7.079999923706055,3961,0.0,0.0
2023-07-07 13:30:00-04:00,7.079999923706055,7.085000038146973,7.070000171661377,7.085000038146973,5440,0.0,0.0
2023-07-07 14:30:00-04:00,7.085000038146973,7.099999904632568,7.085000038146973,7.090000152587891,6151,0.0,0.0
2023-07-07 15:30:00-04:00,7.090000152587891,7.119999885559082,7.019999980926514,7.039999961853027,17849,0.0,0.0
2023-07-10 09:30:00-04:00,7.010000228881836,7.099999904632568,7.010000228881836,7.079999923706055,5148,0.0,0.0
2023-07-10 10:30:00-04:00,7.101799964904785,7.119999885559082,7.101799964904785,7.119999885559082,1248,0.0,0.0
2023-07-10 11:30:00-04:00,7.150000095367432,7.164999961853027,7.150000095367432,7.161600112915039,2909,0.0,0.0
2023-07-10 12:30:00-04:00,7.178500175476074,7.179999828338623,7.150000095367432,7.164999961853027,3285,0.0,0.0
2023-07-10 13:30:00-04:00,7.170000076293945,7.190000057220459,7.170000076293945,7.190000057220459,2231,0.0,0.0
2023-07-10 14:30:00-04:00,7.199999809265137,7.210000038146973,7.179999828338623,7.199999809265137,4911,0.0,0.0
2023-07-10 15:30:00-04:00,7.195000171661377,7.195000171661377,7.150000095367432,7.159999847412109,8209,0.0,0.0
2023-07-11 09:30:00-04:00,7.150000095367432,7.215000152587891,7.150000095367432,7.179999828338623,4421,0.0,0.0
2023-07-11 10:30:00-04:00,7.190000057220459,7.190000057220459,7.164999961853027,7.170000076293945,2312,0.0,0.0
2023-07-11 11:30:00-04:00,7.164999961853027,7.190000057220459,7.164999961853027,7.179999828338623,2119,0.0,0.0
2023-07-11 12:30:00-04:00,7.210000038146973,7.210000038146973,7.179999828338623,7.179999828338623,2438,0.0,0.0
2023-07-11 13:30:00-04:00,7.179999828338623,7.190000057220459,7.170000076293945,7.170000076293945,2262,0.0,0.0
2023-07-11 14:30:00-04:00,7.175000190734863,7.179999828338623,7.170000076293945,7.170000076293945,1897,0.0,0.0
2023-07-11 15:30:00-04:00,7.170000076293945,7.170000076293945,7.090000152587891,7.099999904632568,9082,0.0,0.0
2023-07-12 09:30:00-04:00,7.199999809265137,7.204999923706055,7.099999904632568,7.159999847412109,8269,0.0,0.0
2023-07-12 10:30:00-04:00,7.150000095367432,7.159999847412109,7.079999923706055,7.100299835205078,5915,0.0,0.0
2023-07-12 11:30:00-04:00,7.080100059509277,7.080100059509277,7.080100059509277,7.080100059509277,941,0.0,0.0
2023-07-12 12:30:00-04:00,7.09499979019165,7.099999904632568,7.079999923706055,7.099999904632568,1533,0.0,0.0
2023-07-12 13:30:00-04:00,7.110099792480469,7.179999828338623,7.110099792480469,7.150000095367432,3191,0.0,0.0
2023-07-12 14:30:00-04:00,7.159999847412109,7.190000057220459,7.150100231170654,7.170000076293945,5731,0.0,0.0
2023-07-12 15:30:00-04:00,7.150000095367432,7.170000076293945,7.079999923706055,7.130000114440918,11442,0.0,0.0
2023-07-13 09:30:00-04:00,7.170000076293945,7.210000038146973,7.070000171661377,7.210000038146973,9943,0.0,0.0
2023-07-13 10:30:00-04:00,7.230000019073486,7.239999771118164,7.150000095367432,7.202199935913086,4530,0.0,0.0
2023-07-13 11:30:00-04:00,7.215000152587891,7.21999979019165,7.19379997253418,7.210000038146973,1076,0.0,0.0
2023-07-13 12:30:00-04:00,7.210000038146973,7.230000019073486,7.199999809265137,7.204999923706055,2461,0.0,0.0
2023-07-13 13:30:00-04:00,7.210000038146973,7.21999979019165,7.090000152587891,7.197199821472168,16068,0.0,0.0
2023-07-13 14:30:00-04:00,7.199999809265137,7.210000038146973,7.179999828338623,7.179999828338623,4607,0.0,0.0
2023-07-13 15:30:00-04:00,7.195000171661377,7.195000171661377,7.130000114440918,7.150000095367432,6669,0.0,0.0
2023-07-14 09:30:00-04:00,7.159999847412109,7.230000019073486,7.159999847412109,7.204500198364258,4753,0.0,0.0
2023-07-14 10:30:00-04:00,7.199999809265137,7.199999809265137,7.130000114440918,7.170000076293945,4650,0.0,0.0
2023-07-14 11:30:00-04:00,7.170000076293945,7.179999828338623,7.119999885559082,7.179999828338623,9297,0.0,0.0
2023-07-14 12:30:00-04:00,7.179999828338623,7.179999828338623,7.130000114440918,7.159999847412109,6091,0.0,0.0
2023-07-14 13:30:00-04:00,7.170000076293945,7.190000057220459,7.159999847412109,7.179999828338623,3108,0.0,0.0
2023-07-14 14:30:00-04:00,7.170000076293945,7.190000057220459,7.119999885559082,7.119999885559082,8722,0.0,0.0
2023-07-14 15:30:00-04:00,7.170000076293945,7.170000076293945,7.139999866485596,7.139999866485596,5154,0.0,0.0
2023-07-17 09:30:00-04:00,7.210000038146973,7.411200046539307,7.210000038146973,7.269999980926514,8865,0.0,0.0
2023-07-17 10:30:00-04:00,7.293799877166748,7.349999904632568,7.289999961853027,7.309999942779541,7267,0.0,0.0
2023-07-17 11:30:00-04:00,7.360000133514404,7.434999942779541,7.335000038146973,7.434999942779541,6108,0.0,0.0
2023-07-17 12:30:00-04:00,7.409999847412109,7.429999828338623,7.409999847412109,7.429999828338623,2018,0.0,0.0
2023-07-17 13:30:00-04:00,7.440000057220459,7.440000057220459,7.394999980926514,7.394999980926514,1146,0.0,0.0
2023-07-17 14:30:00-04:00,7.46999979019165,7.46999979019165,7.449999809265137,7.449999809265137,2086,0.0,0.0
2023-07-17 15:30:00-04:00,7.449999809265137,7.46999979019165,7.400000095367432,7.400000095367432,8056,0.0,0.0
2023-07-18 09:30:00-04:00,7.489999771118164,7.5,7.380000114440918,7.380000114440918,2751,0.0,0.0
2023-07-18 10:30:00-04:00,7.405200004577637,7.409999847412109,7.389999866485596,7.389999866485596,3863,0.0,0.0
2023-07-18 11:30:00-04:00,7.389999866485596,7.394999980926514,7.385000228881836,7.394999980926514,1825,0.0,0.0
2023-07-18 12:30:00-04:00,7.389999866485596,7.389999866485596,7.329999923706055,7.340000152587891,6814,0.0,0.0
2023-07-18 13:30:00-04:00,7.369999885559082,7.380000114440918,7.355000019073486,7.369999885559082,3923,0.0,0.0
2023-07-18 14:30:00-04:00,7.380099773406982,7.380099773406982,7.380099773406982,7.380099773406982,666,0.0,0.0
2023-07-18 15:30:00-04:00,7.380000114440918,7.380000114440918,7.309999942779541,7.320000171661377,11947,0.0,0.0
2023-07-19 09:30:00-04:00,7.320000171661377,7.320000171661377,7.320000171661377,7.320000171661377,954,0.0,0.0
2023-07-19 10:30:00-04:00,7.320000171661377,7.320000171661377,7.225399971008301,7.240300178527832,4767,0.0,0.0
2023-07-19 11:30:00-04:00,7.256199836730957,7.300000190734863,7.256199836730957,7.300000190734863,3194,0.0,0.0
2023-07-19 13:30:00-04:00,7.293399810791016,7.300000190734863,7.269999980926514,7.269999980926514,1837,0.0,0.0
2023-07-19 15:30:00-04:00,7.28000020980835,7.28000020980835,7.179999828338623,7.179999828338623,7950,0.0,0.0
2023-07-20 09:30:00-04:00,7.199999809265137,7.199999809265137,7.139999866485596,7.139999866485596,3465,0.0,0.0
2023-07-20 10:30:00-04:00,7.110000133514404,7.110000133514404,7.079999923706055,7.09499979019165,2336,0.0,0.0
2023-07-20 11:30:00-04:00,7.119999885559082,7.119999885559082,7.043099880218506,7.043099880218506,4327,0.0,0.0
2023-07-20 12:30:00-04:00,7.050000190734863,7.050000190734863,6.989999771118164,6.989999771118164,2509,0.0,0.0
2023-07-20 13:30:00-04:00,7.002099990844727,7.002099990844727,6.919099807739258,6.925000190734863,14732,0.0,0.0
2023-07-20 14:30:00-04:00,6.920000076293945,6.949999809265137,6.920000076293945,6.949999809265137,6125,0.0,0.0
2023-07-20 15:30:00-04:00,6.949999809265137,6.980000019073486,6.940000057220459,6.940000057220459,12968,0.0,0.0
2023-07-21 09:30:00-04:00,6.989999771118164,7.009900093078613,6.860000133514404,6.860000133514404,16737,0.0,0.0
2023-07-21 10:30:00-04:00,6.864999771118164,6.900000095367432,6.860000133514404,6.875,8781,0.0,0.0
2023-07-21 11:30:00-04:00,6.880000114440918,6.949999809265137,6.869999885559082,6.869999885559082,11409,0.0,0.0
2023-07-21 12:30:00-04:00,6.849999904632568,6.849999904632568,6.78000020980835,6.829999923706055,8795,0.0,0.0
2023-07-21 13:30:00-04:00,6.829999923706055,6.829999923706055,6.829999923706055,6.829999923706055,976,0.0,0.0
2023-07-21 14:30:00-04:00,6.809999942779541,6.880000114440918,6.800000190734863,6.800000190734863,20520,0.0,0.0
2023-07-21 15:30:00-04:00,6.789999961853027,6.800000190734863,6.769999980926514,6.789999961853027,7804,0.0,0.0
2023-07-24 09:30:00-04:00,6.849999904632568,7.045000076293945,6.820000171661377,6.85830020904541,4332,0.0,0.0
2023-07-24 10:30:00-04:00,6.909999847412109,6.909999847412109,6.875,6.894999980926514,6000,0.0,0.0
2023-07-24 11:30:00-04:00,6.889999866485596,6.929999828338623,6.885000228881836,6.914999961853027,2344,0.0,0.0
2023-07-24 12:30:00-04:00,6.909999847412109,6.949999809265137,6.909999847412109,6.929999828338623,1168,0.0,0.0
2023-07-24 13:30:00-04:00,6.940000057220459,6.940000057220459,6.909999847412109,6.914999961853027,3744,0.0,0.0
2023-07-24 14:30:00-04:00,6.909999847412109,6.925000190734863,6.909999847412109,6.925000190734863,3623,0.0,0.0
2023-07-24 15:30:00-04:00,6.909999847412109,6.925000190734863,6.869999885559082,6.869999885559082,16462,0.0,0.0
2023-07-25 09:30:00-04:00,6.929999828338623,6.929999828338623,6.840000152587891,6.840000152587891,5684,0.0,0.0
2023-07-25 10:30:00-04:00,6.860000133514404,6.880000114440918,6.800000190734863,6.800000190734863,6701,0.0,0.0
2023-07-25 11:30:00-04:00,6.820000171661377,6.820000171661377,6.775000095367432,6.800000190734863,6282,0.0,0.0
2023-07-25 12:30:00-04:00,6.800000190734863,6.804999828338623,6.75,6.75,7629,0.0,0.0
2023-07-25 13:30:00-04:00,6.75,6.764999866485596,6.75,6.764999866485596,1562,0.0,0.0
2023-07-25 14:30:00-04:00,6.764999866485596,6.78000020980835,6.699999809265137,6.699999809265137,7302,0.0,0.0
2023-07-25 15:30:00-04:00,6.699999809265137,6.760000228881836,6.679999828338623,6.690000057220459,13990,0.0,0.0
2023-07-26 09:30:00-04:00,6.724100112915039,6.909999847412109,6.690000057220459,6.820000171661377,13665,0.0,0.0
2023-07-26 10:30:00-04:00,6.860000133514404,6.869999885559082,6.840000152587891,6.840000152587891,2073,0.0,0.0
2023-07-26 11:30:00-04:00,6.900000095367432,6.920000076293945,6.849999904632568,6.855000019073486,3156,0.0,0.0
2023-07-26 12:30:00-04:00,6.869999885559082,6.869999885559082,6.829999923706055,6.829999923706055,2260,0.0,0.0
2023-07-26 13:30:00-04:00,6.815000057220459,6.815000057220459,6.75,6.75,5664,0.0,0.0
2023-07-26 14:30:00-04:00,6.75,6.762499809265137,6.699999809265137,6.710000038146973,6728,0.0,0.0
2023-07-26 15:30:00-04:00,6.724999904632568,6.849999904632568,6.710000038146973,6.849999904632568,22332,0.0,0.0
2023-07-27 09:30:00-04:00,6.849999904632568,7.014999866485596,6.849999904632568,6.949999809265137,8581,0.0,0.0
2023-07-27 10:30:00-04:00,6.949999809265137,7.0,6.940000057220459,6.960000038146973,80657,0.0,0.0
2023-07-27 11:30:00-04:00,6.949999809265137,6.949999809265137,6.909999847412109,6.934999942779541,28521,0.0,0.0
2023-07-27 12:30:00-04:00,6.934999942779541,6.934999942779541,6.900000095367432,6.900000095367432,26410,0.0,0.0
2023-07-27 13:30:00-04:00,6.900000095367432,6.920000076293945,6.860000133514404,6.889999866485596,37636,0.0,0.0
2023-07-27 14:30:00-04:00,6.889999866485596,6.920000076293945,6.869999885559082,6.920000076293945,63330,0.0,0.0
2023-07-27 15:30:00-04:00,6.920000076293945,6.965000152587891,6.920000076293945,6.940000057220459,11823,0.0,0.0
2023-07-28 09:30:00-04:00,7.010000228881836,7.199999809265137,6.983500003814697,7.15500020980835,5725,0.0,0.0
2023-07-28 10:30:00-04:00,7.170000076293945,7.289999961853027,7.139999866485596,7.21999979019165,13869,0.0,0.0
2023-07-28 11:30:00-04:00,7.244999885559082,7.244999885559082,7.159999847412109,7.190000057220459,12571,0.0,0.0
2023-07-28 12:30:00-04:00,7.190000057220459,7.239999771118164,7.179999828338623,7.196300029754639,10752,0.0,0.0
2023-07-28 13:30:00-04:00,7.190000057220459,7.278900146484375,7.179999828338623,7.224999904632568,8260,0.0,0.0
2023-07-28 14:30:00-04:00,7.210000038146973,7.239999771118164,7.210000038146973,7.215000152587891,10695,0.0,0.0
2023-07-28 15:30:00-04:00,7.190000057220459,7.210000038146973,7.170000076293945,7.199999809265137,12827,0.0,0.0
2023-07-31 09:30:00-04:00,7.159999847412109,7.21999979019165,7.150000095367432,7.150000095367432,5963,0.0,0.0
2023-07-31 10:30:00-04:00,7.170000076293945,7.260000228881836,7.150000095367432,7.2256999015808105,8352,0.0,0.0
2023-07-31 11:30:00-04:00,7.260000228881836,7.329999923706055,7.21999979019165,7.309999942779541,7124,0.0,0.0
2023-07-31 12:30:00-04:00,7.300000190734863,7.300000190734863,7.260000228881836,7.260000228881836,5331,0.0,0.0
2023-07-31 13:30:00-04:00,7.260000228881836,7.300000190734863,7.260000228881836,7.284999847412109,7005,0.0,0.0
2023-07-31 14:30:00-04:00,7.269999980926514,7.389900207519531,7.269999980926514,7.389900207519531,5641,0.0,0.0
2023-07-31 15:30:00-04:00,7.385000228881836,7.385000228881836,7.329999923706055,7.380000114440918,19494,0.0,0.0
2023-08-01 09:30:00-04:00,7.264599800109863,7.284999847412109,7.050000190734863,7.070000171661377,26641,0.0,0.0
2023-08-01 10:30:00-04:00,7.079999923706055,7.1016998291015625,7.059999942779541,7.070000171661377,13399,0.0,0.0
2023-08-01 11:30:00-04:00,7.110000133514404,7.21999979019165,7.110000133514404,7.150000095367432,22238,0.0,0.0
2023-08-01 12:30:00-04:00,7.159999847412109,7.25,7.15500020980835,7.239999771118164,4086,0.0,0.0
2023-08-01 13:30:00-04:00,7.21999979019165,7.239999771118164,7.21999979019165,7.239999771118164,15001,0.0,0.0
2023-08-01 14:30:00-04:00,7.25,7.260000228881836,7.210000038146973,7.260000228881836,53032,0.0,0.0
2023-08-01 15:30:00-04:00,7.239999771118164,7.269999980926514,7.210000038146973,7.260000228881836,57388,0.0,0.0
2023-08-02 09:30:00-04:00,7.179999828338623,7.389999866485596,7.164999961853027,7.170000076293945,2231,0.0,0.0
2023-08-02 10:30:00-04:00,7.150000095367432,7.150000095367432,7.110000133514404,7.150000095367432,6984,0.0,0.0
2023-08-02 11:30:00-04:00,7.135000228881836,7.135000228881836,7.074999809265137,7.079999923706055,7760,0.0,0.0
2023-08-02 12:30:00-04:00,7.093200206756592,7.110000133514404,7.070000171661377,7.099999904632568,9407,0.0,0.0
2023-08-02 13:30:00-04:00,7.099999904632568,7.15500020980835,7.099999904632568,7.139999866485596,25607,0.0,0.0
2023-08-02 14:30:00-04:00,7.139999866485596,7.199999809265137,7.130000114440918,7.150000095367432,218455,0.0,0.0
2023-08-02 15:30:00-04:00,7.190000057220459,7.28000020980835,7.170000076293945,7.21999979019165,19363,0.0,0.0
2023-08-03 09:30:00-04:00,7.25,7.440000057220459,7.239999771118164,7.289999961853027,6864,0.0,0.0
2023-08-03 10:30:00-04:00,7.210000038146973,7.269999980926514,7.210000038146973,7.269999980926514,4671,0.0,0.0
2023-08-03 11:30:00-04:00,7.269999980926514,7.289999961853027,7.220600128173828,7.220600128173828,5831,0.0,0.0
2023-08-03 12:30:00-04:00,7.21999979019165,7.235000133514404,7.210000038146973,7.210000038146973,3934,0.0,0.0
2023-08-03 13:30:00-04:00,7.190000057220459,7.190000057220459,7.099999904632568,7.099999904632568,943,0.0,0.0
2023-08-03 14:30:00-04:00,7.125,7.159999847412109,7.110000133514404,7.110000133514404,5265,0.0,0.0
2023-08-03 15:30:00-04:00,7.139999866485596,7.230000019073486,7.090000152587891,7.159999847412109,18115,0.0,0.0
2023-08-04 09:30:00-04:00,7.269999980926514,7.269999980926514,7.144999980926514,7.164999961853027,5798,0.0,0.0
2023-08-04 10:30:00-04:00,7.15939998626709,7.21999979019165,7.15939998626709,7.204999923706055,62212,0.0,0.0
2023-08-04 11:30:00-04:00,7.25,7.400000095367432,7.235000133514404,7.400000095367432,13468,0.0,0.0
2023-08-04 12:30:00-04:00,7.429999828338623,7.489999771118164,7.425000190734863,7.447999954223633,5413,0.0,0.0
2023-08-04 13:30:00-04:00,7.440000057220459,7.449999809265137,7.360000133514404,7.360000133514404,3048,0.0,0.0
2023-08-04 14:30:00-04:00,7.360000133514404,7.400000095367432,7.34499979019165,7.380000114440918,2480,0.0,0.0
2023-08-04 15:30:00-04:00,7.400000095367432,7.409999847412109,7.320000171661377,7.329999923706055,13698,0.0,0.0
2023-08-07 09:30:00-04:00,7.28000020980835,7.349999904632568,7.230000019073486,7.304999828338623,10799,0.0,0.0
2023-08-07 10:30:00-04:00,7.289999961853027,7.389999866485596,7.289999961853027,7.349999904632568,13851,0.0,0.0
2023-08-07 11:30:00-04:00,7.329999923706055,7.420000076293945,7.289999961853027,7.380000114440918,11932,0.0,0.0
2023-08-07 12:30:00-04:00,7.394999980926514,7.480000019073486,7.369999885559082,7.420000076293945,9216,0.0,0.0
2023-08-07 13:30:00-04:00,7.420000076293945,7.440000057220459,7.389999866485596,7.389999866485596,7614,0.0,0.0
2023-08-07 14:30:00-04:00,7.389999866485596,7.429999828338623,7.380000114440918,7.420000076293945,8674,0.0,0.0
2023-08-07 15:30:00-04:00,7.409999847412109,7.539999961853027,7.409999847412109,7.480000019073486,27320,0.0,0.0
2023-08-08 09:30:00-04:00,7.420000076293945,7.440000057220459,7.389999866485596,7.409999847412109,6284,0.0,0.0
2023-08-08 10:30:00-04:00,7.428299903869629,7.440000057220459,7.369999885559082,7.389999866485596,25086,0.0,0.0
2023-08-08 11:30:00-04:00,7.389999866485596,7.389999866485596,7.340000152587891,7.369999885559082,25228,0.0,0.0
2023-08-08 12:30:00-04:00,7.369999885559082,7.379899978637695,7.360000133514404,7.360000133514404,2217,0.0,0.0
2023-08-08 13:30:00-04:00,7.364999771118164,7.369999885559082,7.364999771118164,7.369999885559082,520,0.0,0.0
2023-08-08 14:30:00-04:00,7.375,7.389999866485596,7.349999904632568,7.355000019073486,8197,0.0,0.0
2023-08-08 15:30:00-04:00,7.355000019073486,7.369999885559082,7.320000171661377,7.320000171661377,8929,0.0,0.0
2023-08-09 09:30:00-04:00,7.340000152587891,7.360000133514404,7.199999809265137,7.199999809265137,2902,0.0,0.0
2023-08-09 10:30:00-04:00,7.199999809265137,7.199999809265137,7.0,7.040200233459473,50421,0.0,0.0
2023-08-09 11:30:00-04:00,7.039999961853027,7.150000095367432,7.039999961853027,7.139999866485596,2787,0.0,0.0
2023-08-09 12:30:00-04:00,7.110000133514404,7.170000076293945,7.110000133514404,7.170000076293945,64073,0.0,0.0
2023-08-09 13:30:00-04:00,7.179999828338623,7.28000020980835,7.179999828338623,7.260000228881836,3499,0.0,0.0
2023-08-09 14:30:00-04:00,7.25,7.260000228881836,7.190000057220459,7.190000057220459,3830,0.0,0.0
2023-08-09 15:30:00-04:00,7.210000038146973,7.215000152587891,7.159999847412109,7.170000076293945,9252,0.0,0.0
2023-08-10 09:30:00-04:00,7.190000057220459,7.349999904632568,7.159999847412109,7.329999923706055,9545,0.0,0.0
2023-08-10 10:30:00-04:00,7.309999942779541,7.349999904632568,7.309999942779541,7.324999809265137,2588,0.0,0.0
2023-08-10 11:30:00-04:00,7.324999809265137,7.340000152587891,7.309999942779541,7.309999942779541,1808,0.0,0.0
2023-08-10 12:30:00-04:00,7.255000114440918,7.255000114440918,7.25,7.25,447,0.0,0.0
2023-08-10 13:30:00-04:00,7.230000019073486,7.239999771118164,7.199999809265137,7.210000038146973,2161,0.0,0.0
2023-08-10 14:30:00-04:00,7.190000057220459,7.210000038146973,7.179999828338623,7.195000171661377,2481,0.0,0.0
2023-08-10 15:30:00-04:00,7.179999828338623,7.195000171661377,7.139999866485596,7.150000095367432,16511,0.0,0.0
2023-08-11 09:30:00-04:00,7.190000057220459,7.191800117492676,7.159999847412109,7.159999847412109,4822,0.0,0.0
2023-08-11 10:30:00-04:00,7.159999847412109,7.199999809265137,7.159999847412109,7.1819000244140625,2224,0.0,0.0
2023-08-11 11:30:00-04:00,7.195000171661377,7.230000019073486,7.195000171661377,7.230000019073486,3176,0.0,0.0
2023-08-11 12:30:00-04:00,7.236800193786621,7.244999885559082,7.236800193786621,7.244999885559082,2365,0.0,0.0
2023-08-11 13:30:00-04:00,7.239999771118164,7.239999771118164,7.224999904632568,7.235000133514404,4314,0.0,0.0
2023-08-11 14:30:00-04:00,7.235000133514404,7.25,7.235000133514404,7.244999885559082,6251,0.0,0.0
2023-08-11 15:30:00-04:00,7.244999885559082,7.244999885559082,7.21999979019165,7.230000019073486,11655,0.0,0.0
2023-08-14 09:30:00-04:00,7.190000057220459,7.230000019073486,7.150000095367432,7.230000019073486,13675,0.0,0.0
2023-08-14 10:30:00-04:00,7.210000038146973,7.21999979019165,7.140200138092041,7.164999961853027,15876,0.0,0.0
2023-08-14 11:30:00-04:00,7.164999961853027,7.179999828338623,7.110000133514404,7.179999828338623,10829,0.0,0.0
2023-08-14 12:30:00-04:00,7.179999828338623,7.210000038146973,7.175000190734863,7.210000038146973,1405,0.0,0.0
2023-08-14 13:30:00-04:00,7.190000057220459,7.190000057220459,7.139999866485596,7.139999866485596,1771,0.0,0.0
2023-08-14 14:30:00-04:00,7.139999866485596,7.139999866485596,7.119999885559082,7.130000114440918,1618,0.0,0.0
2023-08-14 15:30:00-04:00,7.110000133514404,7.170000076293945,7.110000133514404,7.139999866485596,27441,0.0,0.0
2023-08-15 09:30:00-04:00,7.139999866485596,7.15500020980835,7.119999885559082,7.135000228881836,2243,0.0,0.0
2023-08-15 10:30:00-04:00,7.130000114440918,7.177000045776367,7.119999885559082,7.175000190734863,4464,0.0,0.0
2023-08-15 11:30:00-04:00,7.175000190734863,7.199999809265137,7.150000095367432,7.15500020980835,1561,0.0,0.0
2023-08-15 12:30:00-04:00,7.139999866485596,7.139999866485596,7.130000114440918,7.130000114440918,976,0.0,0.0
2023-08-15 13:30:00-04:00,7.119999885559082,7.119999885559082,7.008299827575684,7.008299827575684,51436,0.0,0.0
2023-08-15 14:30:00-04:00,6.989999771118164,7.070000171661377,6.980000019073486,7.03000020980835,7746,0.0,0.0
2023-08-15 15:30:00-04:00,7.014999866485596,7.059999942779541,6.989999771118164,7.039999961853027,4198,0.0,0.0
2023-08-16 09:30:00-04:00,7.050000190734863,7.050000190734863,6.901500225067139,6.974299907684326,1850,0.0,0.0
2023-08-16 10:30:00-04:00,7.010000228881836,7.010000228881836,6.929999828338623,6.929999828338623,3279,0.0,0.0
2023-08-16 11:30:00-04:00,6.925000190734863,6.958199977874756,6.914999961853027,6.920000076293945,3386,0.0,0.0
2023-08-16 12:30:00-04:00,6.925000190734863,6.939899921417236,6.920000076293945,6.939899921417236,5240,0.0,0.0
2023-08-16 13:30:00-04:00,6.920000076293945,6.940000057220459,6.920000076293945,6.940000057220459,9347,0.0,0.0
2023-08-16 14:30:00-04:00,6.934100151062012,6.940000057220459,6.920000076293945,6.929999828338623,7157,0.0,0.0
2023-08-16 15:30:00-04:00,6.929999828338623,6.940000057220459,6.880000114440918,6.889999866485596,14700,0.0,0.0
2023-08-17 09:30:00-04:00,6.880000114440918,6.889999866485596,6.849999904632568,6.869999885559082,3818,0.0,0.0
2023-08-17 10:30:00-04:00,6.849999904632568,6.849999904632568,6.670000076293945,6.670000076293945,7870,0.0,0.0
2023-08-17 11:30:00-04:00,6.679999828338623,6.699999809265137,6.660099983215332,6.675000190734863,19180,0.0,0.0
2023-08-17 12:30:00-04:00,6.679999828338623,6.690000057220459,6.664999961853027,6.679999828338623,4189,0.0,0.0
2023-08-17 13:30:00-04:00,6.679999828338623,6.684999942779541,6.644999980926514,6.644999980926514,2530,0.0,0.0
2023-08-17 14:30:00-04:00,6.644999980926514,6.659999847412109,6.550000190734863,6.565000057220459,12397,0.0,0.0
2023-08-17 15:30:00-04:00,6.570000171661377,6.570000171661377,6.480000019073486,6.559999942779541,13708,0.0,0.0
2023-08-18 09:30:00-04:00,6.5,6.599999904632568,6.5,6.599999904632568,7113,0.0,0.0
2023-08-18 10:30:00-04:00,6.599999904632568,6.610000133514404,6.559999942779541,6.559999942779541,4614,0.0,0.0
2023-08-18 11:30:00-04:00,6.554999828338623,6.610000133514404,6.539999961853027,6.610000133514404,5859,0.0,0.0
2023-08-18 12:30:00-04:00,6.619999885559082,6.639999866485596,6.590000152587891,6.590000152587891,1918,0.0,0.0
2023-08-18 13:30:00-04:00,6.619999885559082,6.659900188446045,6.579999923706055,6.599999904632568,6976,0.0,0.0
2023-08-18 14:30:00-04:00,6.599999904632568,6.659999847412109,6.585000038146973,6.650000095367432,15226,0.0,0.0
2023-08-18 15:30:00-04:00,6.659999847412109,6.659999847412109,6.599999904632568,6.610000133514404,17463,0.0,0.0
2023-08-21 09:30:00-04:00,6.619999885559082,6.690000057220459,6.500100135803223,6.519999980926514,4513,0.0,0.0
2023-08-21 10:30:00-04:00,6.519999980926514,6.539999961853027,6.510000228881836,6.510000228881836,2613,0.0,0.0
2023-08-21 11:30:00-04:00,6.503499984741211,6.519999980926514,6.503499984741211,6.510000228881836,901,0.0,0.0
2023-08-21 13:30:00-04:00,6.519999980926514,6.53000020980835,6.510000228881836,6.510000228881836,2637,0.0,0.0
2023-08-21 14:30:00-04:00,6.500100135803223,6.510000228881836,6.420000076293945,6.445000171661377,21396,0.0,0.0
2023-08-21 15:30:00-04:00,6.429999828338623,6.449999809265137,6.409999847412109,6.409999847412109,12828,0.0,0.0
2023-08-22 09:30:00-04:00,6.400000095367432,6.429999828338623,6.309999942779541,6.309999942779541,5793,0.0,0.0
2023-08-22 10:30:00-04:00,6.295000076293945,6.460000038146973,6.295000076293945,6.460000038146973,3574,0.0,0.0
2023-08-22 11:30:00-04:00,6.460000038146973,6.480000019073486,6.449999809265137,6.449999809265137,2531,0.0,0.0
2023-08-22 12:30:00-04:00,6.46999979019165,6.510000228881836,6.46999979019165,6.510000228881836,2127,0.0,0.0
2023-08-22 13:30:00-04:00,6.510000228881836,6.519999980926514,6.5,6.519999980926514,2462,0.0,0.0
2023-08-22 14:30:00-04:00,6.519999980926514,6.590000152587891,6.519999980926514,6.570000171661377,7503,0.0,0.0
2023-08-22 15:30:00-04:00,6.579999923706055,6.579999923706055,6.53000020980835,6.570000171661377,9982,0.0,0.0
2023-08-23 09:30:00-04:00,6.579999923706055,6.64169979095459,6.503499984741211,6.64169979095459,2347,0.0,0.0
2023-08-23 10:30:00-04:00,6.625,6.690000057220459,6.625,6.690000057220459,1657,0.0,0.0
2023-08-23 11:30:00-04:00,6.71999979019165,6.71999979019165,6.71999979019165,6.71999979019165,146,0.0,0.0
2023-08-23 12:30:00-04:00,6.699999809265137,6.699999809265137,6.699999809265137,6.699999809265137,550,0.0,0.0
2023-08-23 13:30:00-04:00,6.699999809265137,6.744999885559082,6.699900150299072,6.739999771118164,3380,0.0,0.0
2023-08-23 14:30:00-04:00,6.730000019073486,6.730000019073486,6.65500020980835,6.65500020980835,11309,0.0,0.0
2023-08-23 15:30:00-04:00,6.640100002288818,6.659999847412109,6.610000133514404,6.619999885559082,13704,0.0,0.0
2023-08-24 09:30:00-04:00,6.579999923706055,6.579999923706055,6.430799961090088,6.489999771118164,2782,0.0,0.0
2023-08-24 10:30:00-04:00,6.420000076293945,6.429999828338623,6.320099830627441,6.349999904632568,2814,0.0,0.0
2023-08-24 11:30:00-04:00,6.340000152587891,6.440000057220459,6.340000152587891,6.440000057220459,4695,0.0,0.0
2023-08-24 12:30:00-04:00,6.432000160217285,6.440000057220459,6.320099830627441,6.320099830627441,2578,0.0,0.0
2023-08-24 13:30:00-04:00,6.309999942779541,6.360000133514404,6.289999961853027,6.289999961853027,2244,0.0,0.0
2023-08-24 14:30:00-04:00,6.284999847412109,6.360000133514404,6.269999980926514,6.34499979019165,9153,0.0,0.0
2023-08-24 15:30:00-04:00,6.360000133514404,6.360000133514404,6.28000020980835,6.289999961853027,10138,0.0,0.0
2023-08-25 09:30:00-04:00,6.300000190734863,6.3881001472473145,6.110000133514404,6.110000133514404,7063,0.0,0.0
2023-08-25 10:30:00-04:00,6.090000152587891,6.09499979019165,6.03000020980835,6.070000171661377,6009,0.0,0.0
2023-08-25 11:30:00-04:00,6.074399948120117,6.190000057220459,6.050000190734863,6.179999828338623,19604,0.0,0.0
2023-08-25 12:30:00-04:00,6.184999942779541,6.184999942779541,6.159999847412109,6.159999847412109,2307,0.0,0.0
2023-08-25 13:30:00-04:00,6.179999828338623,6.224999904632568,6.159999847412109,6.224999904632568,13848,0.0,0.0
2023-08-25 14:30:00-04:00,6.210000038146973,6.21999979019165,6.190000057220459,6.215000152587891,6988,0.0,0.0
2023-08-25 15:30:00-04:00,6.199999809265137,6.215000152587891,6.150000095367432,6.159999847412109,23917,0.0,0.0
2023-08-28 09:30:00-04:00,6.230000019073486,6.309999942779541,6.230000019073486,6.28000020980835,4747,0.0,0.0
2023-08-28 10:30:00-04:00,6.380000114440918,6.389999866485596,6.375,6.380000114440918,1155,0.0,0.0
2023-08-28 11:30:00-04:00,6.420000076293945,6.420000076293945,6.400000095367432,6.400000095367432,1430,0.0,0.0
2023-08-28 12:30:00-04:00,6.34499979019165,6.369999885559082,6.34499979019165,6.369999885559082,733,0.0,0.0
2023-08-28 13:30:00-04:00,6.380000114440918,6.400000095367432,6.369999885559082,6.400000095367432,5071,0.0,0.0
2023-08-28 14:30:00-04:00,6.420000076293945,6.488999843597412,6.420000076293945,6.485000133514404,9333,0.0,0.0
2023-08-28 15:30:00-04:00,6.480000019073486,6.664999961853027,6.465000152587891,6.550000190734863,24724,0.0,0.0
2023-08-29 09:30:00-04:00,6.5,6.579999923706055,6.5,6.579999923706055,4033,0.0,0.0
2023-08-29 10:30:00-04:00,6.659999847412109,6.659999847412109,6.525000095367432,6.599999904632568,1957,0.0,0.0
2023-08-29 11:30:00-04:00,6.559999942779541,6.75,6.559999942779541,6.724999904632568,4555,0.0,0.0
2023-08-29 12:30:00-04:00,6.723599910736084,6.723599910736084,6.670000076293945,6.670000076293945,4074,0.0,0.0
2023-08-29 13:30:00-04:00,6.690000057220459,6.690000057220459,6.690000057220459,6.690000057220459,292,0.0,0.0
2023-08-29 14:30:00-04:00,6.690000057220459,6.690000057220459,6.659999847412109,6.659999847412109,1760,0.0,0.0
2023-08-29 15:30:00-04:00,6.670000076293945,6.760000228881836,6.670000076293945,6.73799991607666,12632,0.0,0.0
2023-08-30 09:30:00-04:00,6.760000228881836,6.829999923706055,6.755000114440918,6.769999980926514,796,0.0,0.0
2023-08-30 10:30:00-04:00,6.760000228881836,6.900000095367432,6.744999885559082,6.869999885559082,3952,0.0,0.0
2023-08-30 11:30:00-04:00,6.864999771118164,6.869999885559082,6.84499979019165,6.869999885559082,3271,0.0,0.0
2023-08-30 12:30:00-04:00,6.889999866485596,6.898200035095215,6.869999885559082,6.880000114440918,1726,0.0,0.0
2023-08-30 13:30:00-04:00,6.860000133514404,6.860000133514404,6.78000020980835,6.800000190734863,1785,0.0,0.0
2023-08-30 14:30:00-04:00,6.795000076293945,6.815000057220459,6.769999980926514,6.769999980926514,5469,0.0,0.0
2023-08-30 15:30:00-04:00,6.760000228881836,6.829999923706055,6.75,6.829999923706055,6566,0.0,0.0
2023-08-31 09:30:00-04:00,6.840000152587891,6.840000152587891,6.775000095367432,6.789999961853027,1018,0.0,0.0
2023-08-31 10:30:00-04:00,6.760000228881836,6.789999961853027,6.75,6.789999961853027,568,0.0,0.0
2023-08-31 11:30:00-04:00,6.800000190734863,6.800000190734863,6.650000095367432,6.670000076293945,5763,0.0,0.0
2023-08-31 12:30:00-04:00,6.670000076293945,6.670000076293945,6.610000133514404,6.619999885559082,12938,0.0,0.0
2023-08-31 13:30:00-04:00,6.610000133514404,6.610000133514404,6.579999923706055,6.599999904632568,5461,0.0,0.0
2023-08-31 14:30:00-04:00,6.579999923706055,6.659999847412109,6.579999923706055,6.659999847412109,3349,0.0,0.0
2023-08-31 15:30:00-04:00,6.670000076293945,6.710000038146973,6.650000095367432,6.650000095367432,7540,0.0,0.0
2023-09-01 09:30:00-04:00,6.639999866485596,6.760000228881836,6.639999866485596,6.730000019073486,7355,0.0,0.0
2023-09-01 10:30:00-04:00,6.690000057220459,6.710000038146973,6.625,6.635000228881836,2860,0.0,0.0
2023-09-01 11:30:00-04:00,6.59499979019165,6.619999885559082,6.59499979019165,6.619999885559082,1612,0.0,0.0
2023-09-01 12:30:00-04:00,6.634399890899658,6.634399890899658,6.619999885559082,6.619999885559082,1589,0.0,0.0
2023-09-01 13:30:00-04:00,6.619999885559082,6.635000228881836,6.579999923706055,6.579999923706055,2464,0.0,0.0
2023-09-01 14:30:00-04:00,6.599999904632568,6.599999904632568,6.46999979019165,6.5,6595,0.0,0.0
2023-09-01 15:30:00-04:00,6.510000228881836,6.519999980926514,6.480000019073486,6.489999771118164,8304,0.0,0.0
2023-09-05 09:30:00-04:00,6.420000076293945,6.420000076293945,6.260000228881836,6.340000152587891,16275,0.0,0.0
2023-09-05 10:30:00-04:00,6.369999885559082,6.394599914550781,6.364999771118164,6.375,3324,0.0,0.0
2023-09-05 11:30:00-04:00,6.360000133514404,6.360000133514404,6.329999923706055,6.333000183105469,6893,0.0,0.0
2023-09-05 12:30:00-04:00,6.335000038146973,6.335000038146973,6.260000228881836,6.260000228881836,4413,0.0,0.0
2023-09-05 13:30:00-04:00,6.25,6.25,6.170000076293945,6.210000038146973,3284,0.0,0.0
2023-09-05 14:30:00-04:00,6.190100193023682,6.230000019073486,6.179999828338623,6.230000019073486,16793,0.0,0.0
2023-09-05 15:30:00-04:00,6.21999979019165,6.230000019073486,6.150000095367432,6.21999979019165,17027,0.0,0.0
2023-09-06 09:30:00-04:00,6.21999979019165,6.329999923706055,6.21999979019165,6.21999979019165,18795,0.0,0.0
2023-09-06 10:30:00-04:00,6.230000019073486,6.360000133514404,6.229899883270264,6.3566999435424805,6630,0.0,0.0
2023-09-06 11:30:00-04:00,6.375,6.377699851989746,6.263800144195557,6.263999938964844,5300,0.0,0.0
2023-09-06 12:30:00-04:00,6.260000228881836,6.320000171661377,6.260000228881836,6.295000076293945,4622,0.0,0.0
2023-09-06 13:30:00-04:00,6.269999980926514,6.28000020980835,6.230000019073486,6.255000114440918,10348,0.0,0.0
2023-09-06 14:30:00-04:00,6.260000228881836,6.289999961853027,6.25,6.264999866485596,49467,0.0,0.0
2023-09-06 15:30:00-04:00,6.264999866485596,6.304999828338623,6.244999885559082,6.300000190734863,31676,0.0,0.0
2023-09-07 09:30:00-04:00,6.269999980926514,6.329999923706055,6.21999979019165,6.239999771118164,12178,0.0,0.0
2023-09-07 10:30:00-04:00,6.255000114440918,6.260000228881836,6.21999979019165,6.260000228881836,22569,0.0,0.0
2023-09-07 11:30:00-04:00,6.230000019073486,6.269999980926514,6.199999809265137,6.21999979019165,3630,0.0,0.0
2023-09-07 12:30:00-04:00,6.21999979019165,6.255000114440918,6.21999979019165,6.25,2183,0.0,0.0
2023-09-07 13:30:00-04:00,6.25,6.260000228881836,6.21999979019165,6.248799800872803,3809,0.0,0.0
2023-09-07 14:30:00-04:00,6.239999771118164,6.269999980926514,6.230000019073486,6.255000114440918,11339,0.0,0.0
2023-09-07 15:30:00-04:00,6.239999771118164,6.269999980926514,6.179999828338623,6.260000228881836,18368,0.0,0.0
2023-09-08 09:30:00-04:00,6.239999771118164,6.289999961853027,6.190000057220459,6.230000019073486,2208,0.0,0.0
2023-09-08 10:30:00-04:00,6.25,6.25,6.230000019073486,6.230000019073486,5919,0.0,0.0
2023-09-08 11:30:00-04:00,6.25,6.25,6.25,6.25,1042,0.0,0.0
2023-09-08 12:30:00-04:00,6.25,6.25,6.199999809265137,6.199999809265137,5587,0.0,0.0
2023-09-08 13:30:00-04:00,6.184999942779541,6.25,6.183700084686279,6.25,2798,0.0,0.0
2023-09-08 14:30:00-04:00,6.25,6.25,6.25,6.25,583,0.0,0.0
2023-09-08 15:30:00-04:00,6.235000133514404,6.25,6.190000057220459,6.199999809265137,4009,0.0,0.0
2023-09-11 09:30:00-04:00,6.170000076293945,6.25,6.159999847412109,6.235000133514404,10573,0.0,0.0
2023-09-11 10:30:00-04:00,6.135000228881836,6.204999923706055,6.110000133514404,6.196100234985352,2013,0.0,0.0
2023-09-11 11:30:00-04:00,6.25,6.269999980926514,6.239999771118164,6.269999980926514,4381,0.0,0.0
2023-09-11 12:30:00-04:00,6.269999980926514,6.319799900054932,6.215000152587891,6.260000228881836,12485,0.0,0.0
2023-09-11 13:30:00-04:00,6.264999866485596,6.289999961853027,6.25,6.264999866485596,3913,0.0,0.0
2023-09-11 14:30:00-04:00,6.239999771118164,6.289999961853027,6.21999979019165,6.28000020980835,19713,0.0,0.0
2023-09-11 15:30:00-04:00,6.260000228881836,6.264999866485596,6.210000038146973,6.260000228881836,19275,0.0,0.0
2023-09-12 09:30:00-04:00,6.510700225830078,6.510700225830078,6.190000057220459,6.235000133514404,4682,0.0,0.0
2023-09-12 10:30:00-04:00,6.21999979019165,6.21999979019165,6.215000152587891,6.215000152587891,492,0.0,0.0
2023-09-12 11:30:00-04:00,6.199999809265137,6.210000038146973,6.199999809265137,6.210000038146973,752,0.0,0.0
2023-09-12 12:30:00-04:00,6.259699821472168,6.259699821472168,6.21999979019165,6.239999771118164,1017,0.0,0.0
2023-09-12 13:30:00-04:00,6.190000057220459,6.199999809265137,6.179999828338623,6.179999828338623,956,0.0,0.0
2023-09-12 14:30:00-04:00,6.21999979019165,6.21999979019165,6.179999828338623,6.195000171661377,2916,0.0,0.0
2023-09-12 15:30:00-04:00,6.195000171661377,6.199999809265137,6.150000095367432,6.150000095367432,6482,0.0,0.0
2023-09-13 09:30:00-04:00,6.170000076293945,6.170000076293945,6.056000232696533,6.099999904632568,0,0.0,0.0
2023-09-13 10:30:00-04:00,6.070000171661377,6.070000171661377,6.03000020980835,6.047299861907959,2072,0.0,0.0
2023-09-13 11:30:00-04:00,6.045000076293945,6.050000190734863,6.039999961853027,6.050000190734863,1221,0.0,0.0
2023-09-13 12:30:00-04:00,6.059999942779541,6.119999885559082,6.039999961853027,6.099999904632568,14177,0.0,0.0
2023-09-13 13:30:00-04:00,6.09499979019165,6.09499979019165,6.079999923706055,6.080100059509277,1360,0.0,0.0
2023-09-13 14:30:00-04:00,6.099999904632568,6.099999904632568,6.059999942779541,6.065000057220459,3764,0.0,0.0
2023-09-13 15:30:00-04:00,6.070000171661377,6.090000152587891,6.039999961853027,6.059999942779541,17739,0.0,0.0
2023-09-14 09:30:00-04:00,6.190000057220459,6.210000038146973,6.110000133514404,6.130000114440918,13789,0.0,0.0
2023-09-14 10:30:00-04:00,6.139999866485596,6.139999866485596,6.119999885559082,6.130000114440918,5739,0.0,0.0
2023-09-14 11:30:00-04:00,6.150000095367432,6.159999847412109,6.119999885559082,6.144999980926514,8688,0.0,0.0
2023-09-14 12:30:00-04:00,6.135200023651123,6.190000057220459,6.130000114440918,6.164999961853027,5188,0.0,0.0
2023-09-14 13:30:00-04:00,6.160299777984619,6.289999961853027,6.139999866485596,6.289999961853027,28823,0.0,0.0
2023-09-14 14:30:00-04:00,6.284999847412109,6.309999942779541,6.25,6.25,6427,0.0,0.0
2023-09-14 15:30:00-04:00,6.255000114440918,6.309999942779541,6.25,6.309999942779541,20897,0.0,0.0
2023-09-15 09:30:00-04:00,7.0,7.050000190734863,6.269999980926514,6.269999980926514,98217,0.0,0.0
2023-09-15 10:30:00-04:00,6.255000114440918,6.255000114440918,5.789999961853027,5.789999961853027,29303,0.0,0.0
2023-09-15 11:30:00-04:00,5.739999771118164,5.829999923706055,5.610000133514404,5.800000190734863,50327,0.0,0.0
2023-09-15 12:30:00-04:00,5.809999942779541,5.809999942779541,5.789999961853027,5.800000190734863,10905,0.0,0.0
2023-09-15 13:30:00-04:00,5.799300193786621,5.809999942779541,5.789999961853027,5.809999942779541,4738,0.0,0.0
2023-09-15 14:30:00-04:00,5.800000190734863,5.820000171661377,5.760000228881836,5.804999828338623,32244,0.0,0.0
2023-09-15 15:30:00-04:00,5.809999942779541,5.809999942779541,5.80079984664917,5.804999828338623,32065,0.0,0.0
2023-09-18 09:30:00-04:00,5.809999942779541,6.067299842834473,5.809999942779541,6.010000228881836,27880,0.0,0.0
2023-09-18 10:30:00-04:00,6.010000228881836,6.039999961853027,6.0,6.005000114440918,5282,0.0,0.0
2023-09-18 11:30:00-04:00,6.005000114440918,6.059999942779541,6.0,6.050000190734863,5962,0.0,0.0
2023-09-18 12:30:00-04:00,6.03000020980835,6.045000076293945,6.019999980926514,6.039999961853027,3697,0.0,0.0
2023-09-18 13:30:00-04:00,6.039999961853027,6.130000114440918,6.019999980926514,6.099999904632568,13242,0.0,0.0
2023-09-18 14:30:00-04:00,6.090000152587891,6.217299938201904,6.090000152587891,6.210000038146973,18587,0.0,0.0
2023-09-18 15:30:00-04:00,6.21999979019165,6.25,6.187300205230713,6.249000072479248,30032,0.0,0.0
2023-09-19 09:30:00-04:00,6.239999771118164,6.40500020980835,6.239999771118164,6.380000114440918,15263,0.0,0.0
2023-09-19 10:30:00-04:00,6.380000114440918,6.380000114440918,6.320000171661377,6.320199966430664,3032,0.0,0.0
2023-09-19 11:30:00-04:00,6.340000152587891,6.340000152587891,6.320000171661377,6.320000171661377,5998,0.0,0.0
2023-09-19 12:30:00-04:00,6.320000171661377,6.324999809265137,6.320000171661377,6.324999809265137,4274,0.0,0.0
2023-09-19 13:30:00-04:00,6.340000152587891,6.349999904632568,6.340000152587891,6.349999904632568,852,0.0,0.0
2023-09-19 14:30:00-04:00,6.335000038146973,6.355000019073486,6.320000171661377,6.320000171661377,12184,0.0,0.0
2023-09-19 15:30:00-04:00,6.320000171661377,6.360000133514404,6.320000171661377,6.349999904632568,12486,0.0,0.0
2023-09-20 09:30:00-04:00,6.389999866485596,6.474999904632568,6.369999885559082,6.440000057220459,7462,0.0,0.0
2023-09-20 10:30:00-04:00,6.440999984741211,6.460000038146973,6.440000057220459,6.440000057220459,10105,0.0,0.0
2023-09-20 11:30:00-04:00,6.440000057220459,6.445000171661377,6.340000152587891,6.360000133514404,6300,0.0,0.0
2023-09-20 12:30:00-04:00,6.360000133514404,6.489999771118164,6.349999904632568,6.489999771118164,27577,0.0,0.0
2023-09-20 13:30:00-04:00,6.489999771118164,6.489999771118164,6.445000171661377,6.465000152587891,5270,0.0,0.0
2023-09-20 14:30:00-04:00,6.440000057220459,6.449999809265137,6.360000133514404,6.360000133514404,15240,0.0,0.0
2023-09-20 15:30:00-04:00,6.349999904632568,6.380000114440918,6.349999904632568,6.360000133514404,10286,0.0,0.0
2023-09-21 09:30:00-04:00,6.340000152587891,6.340000152587891,6.179999828338623,6.21999979019165,5729,0.0,0.0
2023-09-21 10:30:00-04:00,6.199999809265137,6.210000038146973,6.125,6.125,3891,0.0,0.0
2023-09-21 11:30:00-04:00,6.130000114440918,6.15500020980835,6.079999923706055,6.099999904632568,9636,0.0,0.0
2023-09-21 12:30:00-04:00,6.110000133514404,6.190000057220459,6.110000133514404,6.190000057220459,3084,0.0,0.0
2023-09-21 13:30:00-04:00,6.199999809265137,6.204999923706055,6.139999866485596,6.150000095367432,4732,0.0,0.0
2023-09-21 14:30:00-04:00,6.130000114440918,6.159999847412109,6.119999885559082,6.150000095367432,7256,0.0,0.0
2023-09-21 15:30:00-04:00,6.164999961853027,6.178999900817871,6.119999885559082,6.139999866485596,13744,0.0,0.0
2023-09-22 09:30:00-04:00,6.099999904632568,6.209000110626221,6.0879998207092285,6.179999828338623,6228,0.0,0.0
2023-09-22 10:30:00-04:00,6.192500114440918,6.25,6.184999942779541,6.21999979019165,3304,0.0,0.0
2023-09-22 11:30:00-04:00,6.21999979019165,6.237500190734863,6.21999979019165,6.21999979019165,1805,0.0,0.0
2023-09-22 12:30:00-04:00,6.21999979019165,6.21999979019165,6.210000038146973,6.210000038146973,512,0.0,0.0
2023-09-22 13:30:00-04:00,6.170000076293945,6.170000076293945,6.110000133514404,6.119999885559082,2236,0.0,0.0
2023-09-22 14:30:00-04:00,6.114999771118164,6.119999885559082,6.110000133514404,6.119999885559082,1388,0.0,0.0
2023-09-22 15:30:00-04:00,6.119999885559082,6.119999885559082,6.070000171661377,6.090000152587891,9234,0.0,0.0
2023-09-25 09:30:00-04:00,6.090000152587891,6.179999828338623,5.960000038146973,6.149899959564209,11654,0.0,0.0
2023-09-25 10:30:00-04:00,6.130000114440918,6.14870023727417,6.059999942779541,6.09499979019165,13361,0.0,0.0
2023-09-25 11:30:00-04:00,6.107999801635742,6.107999801635742,6.060999870300293,6.074999809265137,12460,0.0,0.0
2023-09-25 12:30:00-04:00,6.071199893951416,6.071199893951416,5.929999828338623,5.96999979019165,7433,0.0,0.0
2023-09-25 13:30:00-04:00,5.974999904632568,5.99560022354126,5.949999809265137,5.99560022354126,8528,0.0,0.0
2023-09-25 14:30:00-04:00,6.0,6.0,5.960000038146973,5.96999979019165,7942,0.0,0.0
2023-09-25 15:30:00-04:00,5.96999979019165,5.96999979019165,5.940000057220459,5.949999809265137,22684,0.0,0.0
2023-09-26 09:30:00-04:00,5.960000038146973,6.164999961853027,5.960000038146973,6.164999961853027,9488,0.0,0.0
2023-09-26 10:30:00-04:00,6.199999809265137,6.260000228881836,6.199999809265137,6.210100173950195,7068,0.0,0.0
2023-09-26 11:30:00-04:00,6.210000038146973,6.25,6.199999809265137,6.21999979019165,24773,0.0,0.0
2023-09-26 12:30:00-04:00,6.204999923706055,6.204999923706055,6.110000133514404,6.110000133514404,4956,0.0,0.0
2023-09-26 13:30:00-04:00,6.079999923706055,6.090000152587891,6.059999942779541,6.059999942779541,4386,0.0,0.0
2023-09-26 14:30:00-04:00,6.054999828338623,6.059999942779541,6.010000228881836,6.019999980926514,3603,0.0,0.0
2023-09-26 15:30:00-04:00,6.0,6.005000114440918,5.965000152587891,5.980000019073486,10156,0.0,0.0
2023-09-27 09:30:00-04:00,6.023399829864502,6.079999923706055,6.019999980926514,6.045000076293945,8177,0.0,0.0
2023-09-27 10:30:00-04:00,6.03000020980835,6.139999866485596,6.010000228881836,6.103000164031982,15683,0.0,0.0
2023-09-27 11:30:00-04:00,6.127200126647949,6.300000190734863,6.099999904632568,6.105000019073486,30178,0.0,0.0
2023-09-27 12:30:00-04:00,6.119999885559082,6.144999980926514,6.119999885559082,6.135000228881836,1437,0.0,0.0
2023-09-27 13:30:00-04:00,6.135000228881836,6.15500020980835,6.119999885559082,6.139999866485596,5698,0.0,0.0
2023-09-27 14:30:00-04:00,6.144999980926514,6.195000171661377,6.130899906158447,6.140900135040283,16249,0.0,0.0
2023-09-27 15:30:00-04:00,6.144999980926514,6.329999923706055,6.144999980926514,6.320000171661377,32416,0.0,0.0
2023-09-28 09:30:00-04:00,6.309999942779541,6.309999942779541,6.150000095367432,6.204999923706055,764,0.0,0.0
2023-09-28 10:30:00-04:00,6.179999828338623,6.204999923706055,6.179999828338623,6.204999923706055,3088,0.0,0.0
2023-09-28 11:30:00-04:00,6.239999771118164,6.28000020980835,6.239999771118164,6.239999771118164,3004,0.0,0.0
2023-09-28 12:30:00-04:00,6.255000114440918,6.255000114440918,6.235000133514404,6.25,5167,0.0,0.0
2023-09-28 13:30:00-04:00,6.230100154876709,6.434999942779541,6.230100154876709,6.420000076293945,17199,0.0,0.0
2023-09-28 14:30:00-04:00,6.400000095367432,6.480000019073486,6.369999885559082,6.400000095367432,14461,0.0,0.0
2023-09-28 15:30:00-04:00,6.389999866485596,6.389999866485596,6.289999961853027,6.340000152587891,11263,0.0,0.0
2023-09-29 09:30:00-04:00,6.349999904632568,6.349999904632568,6.289999961853027,6.289999961853027,2107,0.0,0.0
2023-09-29 10:30:00-04:00,6.340000152587891,6.340000152587891,6.329999923706055,6.329999923706055,3064,0.0,0.0
2023-09-29 11:30:00-04:00,6.355000019073486,6.355000019073486,6.320000171661377,6.340000152587891,2016,0.0,0.0
2023-09-29 12:30:00-04:00,6.335000038146973,6.335000038146973,6.269999980926514,6.269999980926514,1537,0.0,0.0
2023-09-29 13:30:00-04:00,6.260000228881836,6.260000228881836,6.190000057220459,6.199999809265137,2743,0.0,0.0
2023-09-29 14:30:00-04:00,6.199999809265137,6.210000038146973,6.159999847412109,6.170000076293945,4810,0.0,0.0
2023-09-29 15:30:00-04:00,6.139999866485596,6.159999847412109,6.110000133514404,6.119999885559082,10963,0.0,0.0
2023-10-02 09:30:00-04:00,6.110000133514404,6.117000102996826,5.989999771118164,6.117000102996826,13108,0.0,0.0
2023-10-02 10:30:00-04:00,6.105000019073486,6.105000019073486,6.039999961853027,6.090000152587891,9837,0.0,0.0
2023-10-02 11:30:00-04:00,6.119999885559082,6.139999866485596,6.114999771118164,6.130000114440918,7441,0.0,0.0
2023-10-02 12:30:00-04:00,6.119999885559082,6.130000114440918,6.079999923706055,6.099999904632568,9476,0.0,0.0
2023-10-02 13:30:00-04:00,6.110000133514404,6.144999980926514,6.110000133514404,6.130000114440918,3750,0.0,0.0
2023-10-02 14:30:00-04:00,6.130000114440918,6.1479997634887695,6.105000019073486,6.130000114440918,8881,0.0,0.0
2023-10-02 15:30:00-04:00,6.132999897003174,6.199999809265137,6.132999897003174,6.179999828338623,10074,0.0,0.0
2023-10-03 09:30:00-04:00,6.050000190734863,6.144999980926514,6.025000095367432,6.119999885559082,20388,0.0,0.0
2023-10-03 10:30:00-04:00,6.135000228881836,6.159999847412109,6.12529993057251,6.150000095367432,2046,0.0,0.0
2023-10-03 11:30:00-04:00,6.144999980926514,6.239999771118164,6.144999980926514,6.199999809265137,5842,0.0,0.0
2023-10-03 12:30:00-04:00,6.199999809265137,6.199999809265137,6.159999847412109,6.159999847412109,4857,0.0,0.0
2023-10-03 13:30:00-04:00,6.170000076293945,6.170000076293945,6.099999904632568,6.099999904632568,3754,0.0,0.0
2023-10-03 14:30:00-04:00,6.090000152587891,6.159999847412109,6.090000152587891,6.139999866485596,7288,0.0,0.0
2023-10-03 15:30:00-04:00,6.130000114440918,6.130000114440918,6.039999961853027,6.059999942779541,10814,0.0,0.0
2023-10-04 09:30:00-04:00,6.135499954223633,6.190000057220459,6.130000114440918,6.15910005569458,9281,0.0,0.0
2023-10-04 10:30:00-04:00,6.199999809265137,6.199999809265137,6.150000095367432,6.170000076293945,2552,0.0,0.0
2023-10-04 11:30:00-04:00,6.190000057220459,6.230000019073486,6.190000057220459,6.190100193023682,4664,0.0,0.0
2023-10-04 12:30:00-04:00,6.230000019073486,6.260000228881836,6.190000057220459,6.190000057220459,3710,0.0,0.0
2023-10-04 13:30:00-04:00,6.260000228881836,6.28000020980835,6.21999979019165,6.25,3407,0.0,0.0
2023-10-04 14:30:00-04:00,6.289999961853027,6.329999923706055,6.25,6.309999942779541,6786,0.0,0.0
2023-10-04 15:30:00-04:00,6.28000020980835,6.320000171661377,6.25,6.289999961853027,11778,0.0,0.0
2023-10-05 09:30:00-04:00,6.260000228881836,6.559999942779541,6.260000228881836,6.559999942779541,17614,0.0,0.0
2023-10-05 10:30:00-04:00,6.559999942779541,6.559999942779541,6.440000057220459,6.440000057220459,5027,0.0,0.0
2023-10-05 11:30:00-04:00,6.454999923706055,6.460000038146973,6.429999828338623,6.456299781799316,1960,0.0,0.0
2023-10-05 12:30:00-04:00,6.449999809265137,6.449999809265137,6.409999847412109,6.449999809265137,3933,0.0,0.0
2023-10-05 13:30:00-04:00,6.460000038146973,6.460000038146973,6.409999847412109,6.434999942779541,2870,0.0,0.0
2023-10-05 14:30:00-04:00,6.409999847412109,6.409999847412109,6.409999847412109,6.409999847412109,528,0.0,0.0
2023-10-05 15:30:00-04:00,6.425000190734863,6.449999809265137,6.400000095367432,6.429999828338623,8216,0.0,0.0
2023-10-06 09:30:00-04:00,6.284299850463867,6.380000114440918,6.210000038146973,6.360000133514404,8706,0.0,0.0
2023-10-06 10:30:00-04:00,6.340000152587891,6.34499979019165,6.309999942779541,6.320000171661377,1505,0.0,0.0
2023-10-06 11:30:00-04:00,6.329999923706055,6.360000133514404,6.300000190734863,6.344299793243408,3950,0.0,0.0
2023-10-06 12:30:00-04:00,6.315000057220459,6.340000152587891,6.309999942779541,6.309999942779541,1642,0.0,0.0
2023-10-06 14:30:00-04:00,6.320000171661377,6.3491997718811035,6.309999942779541,6.3491997718811035,4875,0.0,0.0
2023-10-06 15:30:00-04:00,6.309999942779541,6.309999942779541,6.239999771118164,6.239999771118164,4387,0.0,0.0
2023-10-09 09:30:00-04:00,6.300000190734863,6.369999885559082,6.21999979019165,6.304200172424316,8201,0.0,0.0
2023-10-09 10:30:00-04:00,6.349999904632568,6.369999885559082,6.269999980926514,6.289999961853027,5960,0.0,0.0
2023-10-09 11:30:00-04:00,6.360000133514404,6.429999828338623,6.360000133514404,6.409999847412109,2507,0.0,0.0
2023-10-09 12:30:00-04:00,6.409999847412109,6.460000038146973,6.394999980926514,6.425000190734863,5586,0.0,0.0
2023-10-09 13:30:00-04:00,6.389999866485596,6.71999979019165,6.389999866485596,6.579999923706055,21113,0.0,0.0
2023-10-09 14:30:00-04:00,6.559999942779541,6.579999923706055,6.46999979019165,6.46999979019165,7699,0.0,0.0
2023-10-09 15:30:00-04:00,6.449999809265137,6.449999809265137,6.400000095367432,6.412700176239014,8855,0.0,0.0
2023-10-10 09:30:00-04:00,6.420000076293945,6.559999942779541,6.330100059509277,6.53000020980835,5170,0.0,0.0
2023-10-10 10:30:00-04:00,6.53000020980835,6.570000171661377,6.46999979019165,6.570000171661377,3905,0.0,0.0
2023-10-10 11:30:00-04:00,6.590000152587891,6.590000152587891,6.480000019073486,6.480000019073486,4181,0.0,0.0
2023-10-10 12:30:00-04:00,6.5,6.5065999031066895,6.460599899291992,6.460599899291992,1950,0.0,0.0
2023-10-10 13:30:00-04:00,6.53000020980835,6.539999961853027,6.5,6.5,1402,0.0,0.0
2023-10-10 14:30:00-04:00,6.550000190734863,6.550000190734863,6.480000019073486,6.480000019073486,4873,0.0,0.0
2023-10-10 15:30:00-04:00,6.46999979019165,6.46999979019165,6.329999923706055,6.380000114440918,11343,0.0,0.0
2023-10-11 09:30:00-04:00,6.300000190734863,6.329999923706055,6.090000152587891,6.308800220489502,9353,0.0,0.0
2023-10-11 10:30:00-04:00,6.28000020980835,6.289999961853027,6.239999771118164,6.289999961853027,5387,0.0,0.0
2023-10-11 11:30:00-04:00,6.289999961853027,6.289999961853027,6.199999809265137,6.210000038146973,3180,0.0,0.0
2023-10-11 12:30:00-04:00,6.199999809265137,6.210000038146973,6.139999866485596,6.139999866485596,3668,0.0,0.0
2023-10-11 13:30:00-04:00,6.139999866485596,6.139999866485596,6.130000114440918,6.139999866485596,4028,0.0,0.0
2023-10-11 14:30:00-04:00,6.139999866485596,6.150000095367432,6.119999885559082,6.150000095367432,20301,0.0,0.0
2023-10-11 15:30:00-04:00,6.150000095367432,6.179999828338623,6.0929999351501465,6.119999885559082,13885,0.0,0.0
2023-10-12 09:30:00-04:00,6.170000076293945,6.170000076293945,6.150000095367432,6.150000095367432,2341,0.0,0.0
2023-10-12 10:30:00-04:00,6.150000095367432,6.25,6.139999866485596,6.25,3696,0.0,0.0
2023-10-12 12:30:00-04:00,6.25,6.269999980926514,6.239999771118164,6.269999980926514,3534,0.0,0.0
2023-10-12 13:30:00-04:00,6.329999923706055,6.329999923706055,6.210000038146973,6.25,14910,0.0,0.0
2023-10-12 14:30:00-04:00,6.25,6.28000020980835,6.210000038146973,6.210000038146973,4880,0.0,0.0
2023-10-12 15:30:00-04:00,6.210000038146973,6.210000038146973,6.150000095367432,6.210000038146973,9458,0.0,0.0
2023-10-13 09:30:00-04:00,6.199999809265137,6.199999809265137,6.130000114440918,6.150000095367432,2596,0.0,0.0
2023-10-13 10:30:00-04:00,6.139999866485596,6.159999847412109,6.099999904632568,6.099999904632568,3003,0.0,0.0
2023-10-13 11:30:00-04:00,6.099999904632568,6.179999828338623,6.099999904632568,6.159999847412109,7527,0.0,0.0
2023-10-13 12:30:00-04:00,6.159999847412109,6.159999847412109,6.130000114440918,6.130000114440918,9555,0.0,0.0
2023-10-13 13:30:00-04:00,6.130000114440918,6.139999866485596,6.119999885559082,6.119999885559082,1019,0.0,0.0
2023-10-13 14:30:00-04:00,6.119999885559082,6.130000114440918,6.119999885559082,6.119999885559082,5178,0.0,0.0
2023-10-13 15:30:00-04:00,6.130000114440918,6.130000114440918,6.050000190734863,6.065000057220459,5552,0.0,0.0
2023-10-16 09:30:00-04:00,6.019999980926514,6.156700134277344,6.019999980926514,6.156700134277344,2419,0.0,0.0
2023-10-16 10:30:00-04:00,6.170000076293945,6.239200115203857,6.150000095367432,6.239200115203857,2657,0.0,0.0
2023-10-16 11:30:00-04:00,6.260000228881836,6.260000228881836,6.210000038146973,6.230000019073486,3384,0.0,0.0
2023-10-16 12:30:00-04:00,6.239999771118164,6.260000228881836,6.239999771118164,6.260000228881836,1646,0.0,0.0
2023-10-16 13:30:00-04:00,6.304999828338623,6.304999828338623,6.28000020980835,6.295000076293945,3817,0.0,0.0
2023-10-16 14:30:00-04:00,6.295000076293945,6.34499979019165,6.295000076293945,6.329999923706055,6581,0.0,0.0
2023-10-16 15:30:00-04:00,6.315000057220459,6.315000057220459,6.25,6.269999980926514,8886,0.0,0.0
2023-10-17 09:30:00-04:00,6.2769999504089355,6.75,6.269999980926514,6.630000114440918,17181,0.0,0.0
2023-10-17 10:30:00-04:00,6.664999961853027,6.670000076293945,6.53000020980835,6.619999885559082,12657,0.0,0.0
2023-10-17 11:30:00-04:00,6.625,6.699999809265137,6.590000152587891,6.65500020980835,7586,0.0,0.0
2023-10-17 12:30:00-04:00,6.65500020980835,6.65500020980835,6.510000228881836,6.539999961853027,2432,0.0,0.0
2023-10-17 13:30:00-04:00,6.5,6.510000228881836,6.46999979019165,6.485000133514404,2036,0.0,0.0
2023-10-17 14:30:00-04:00,6.5,6.539999961853027,6.445000171661377,6.445000171661377,7102,0.0,0.0
2023-10-17 15:30:00-04:00,6.420000076293945,6.422500133514404,6.369999885559082,6.389999866485596,11359,0.0,0.0
2023-10-18 09:30:00-04:00,6.320000171661377,6.329999923706055,6.260000228881836,6.320000171661377,1754,0.0,0.0
2023-10-18 10:30:00-04:00,6.320000171661377,6.460000038146973,6.289999961853027,6.300000190734863,9058,0.0,0.0
2023-10-18 11:30:00-04:00,6.260000228881836,6.260000228881836,6.210000038146973,6.210000038146973,5895,0.0,0.0
2023-10-18 12:30:00-04:00,6.190000057220459,6.195000171661377,6.190000057220459,6.190000057220459,1142,0.0,0.0
2023-10-18 13:30:00-04:00,6.184999942779541,6.195000171661377,6.166399955749512,6.195000171661377,3225,0.0,0.0
2023-10-18 14:30:00-04:00,6.210000038146973,6.21999979019165,6.179999828338623,6.179999828338623,5873,0.0,0.0
2023-10-18 15:30:00-04:00,6.179999828338623,6.179999828338623,6.099999904632568,6.139999866485596,6654,0.0,0.0
2023-10-19 09:30:00-04:00,6.135000228881836,6.135000228881836,6.135000228881836,6.135000228881836,1985,0.0,0.0
2023-10-19 10:30:00-04:00,6.090000152587891,6.149199962615967,6.090000152587891,6.149199962615967,306,0.0,0.0
2023-10-19 11:30:00-04:00,6.130000114440918,6.204999923706055,6.130000114440918,6.204999923706055,3034,0.0,0.0
2023-10-19 12:30:00-04:00,6.179999828338623,6.179999828338623,6.139999866485596,6.159999847412109,2908,0.0,0.0
2023-10-19 13:30:00-04:00,6.179999828338623,6.295000076293945,6.170000076293945,6.295000076293945,6172,0.0,0.0
2023-10-19 14:30:00-04:00,6.289999961853027,6.40500020980835,6.239999771118164,6.40500020980835,10142,0.0,0.0
2023-10-19 15:30:00-04:00,6.385000228881836,6.385000228881836,6.21999979019165,6.239999771118164,4733,0.0,0.0
2023-10-20 09:30:00-04:00,6.239999771118164,6.239999771118164,6.21999979019165,6.21999979019165,7067,0.0,0.0
2023-10-20 10:30:00-04:00,6.21999979019165,6.21999979019165,6.179999828338623,6.190000057220459,1261,0.0,0.0
2023-10-20 11:30:00-04:00,6.21999979019165,6.260000228881836,6.215000152587891,6.239999771118164,4615,0.0,0.0
2023-10-20 12:30:00-04:00,6.235000133514404,6.235000133514404,6.210000038146973,6.210000038146973,715,0.0,0.0
2023-10-20 13:30:00-04:00,6.21999979019165,6.230000019073486,6.199999809265137,6.224999904632568,2404,0.0,0.0
2023-10-20 14:30:00-04:00,6.224999904632568,6.230000019073486,6.199999809265137,6.199999809265137,6872,0.0,0.0
2023-10-20 15:30:00-04:00,6.230000019073486,6.230000019073486,6.150000095367432,6.150000095367432,5216,0.0,0.0
2023-10-23 09:30:00-04:00,6.09499979019165,6.300000190734863,5.989999771118164,6.300000190734863,12138,0.0,0.0
2023-10-23 10:30:00-04:00,6.289999961853027,6.389999866485596,6.289999961853027,6.349999904632568,9037,0.0,0.0
2023-10-23 11:30:00-04:00,6.340000152587891,6.360099792480469,6.320000171661377,6.329999923706055,4916,0.0,0.0
2023-10-23 12:30:00-04:00,6.309999942779541,6.309999942779541,6.240099906921387,6.240099906921387,5789,0.0,0.0
2023-10-23 13:30:00-04:00,6.28000020980835,6.320000171661377,6.230000019073486,6.25,7404,0.0,0.0
2023-10-23 14:30:00-04:00,6.199999809265137,6.199999809265137,6.161399841308594,6.161399841308594,511,0.0,0.0
2023-10-23 15:30:00-04:00,6.139999866485596,6.139999866485596,6.070000171661377,6.099999904632568,5153,0.0,0.0
2023-10-24 09:30:00-04:00,6.179999828338623,6.269999980926514,6.179999828338623,6.25,14299,0.0,0.0
2023-10-24 10:30:00-04:00,6.25,6.25,6.21999979019165,6.21999979019165,1568,0.0,0.0
2023-10-24 11:30:00-04:00,6.210000038146973,6.25,6.210000038146973,6.239999771118164,2588,0.0,0.0
2023-10-24 12:30:00-04:00,6.230000019073486,6.255000114440918,6.230000019073486,6.255000114440918,3400,0.0,0.0
2023-10-24 13:30:00-04:00,6.25,6.269999980926514,6.119999885559082,6.119999885559082,7737,0.0,0.0
2023-10-24 14:30:00-04:00,6.119999885559082,6.199999809265137,6.090000152587891,6.199999809265137,4840,0.0,0.0
2023-10-24 15:30:00-04:00,6.230000019073486,6.25,6.159999847412109,6.170000076293945,6581,0.0,0.0
2023-10-25 09:30:00-04:00,6.190000057220459,6.199999809265137,6.170000076293945,6.170000076293945,1780,0.0,0.0
2023-10-25 10:30:00-04:00,6.199999809265137,6.800000190734863,6.199999809265137,6.284999847412109,28962,0.0,0.0
2023-10-25 11:30:00-04:00,6.244999885559082,6.244999885559082,6.199999809265137,6.215000152587891,912,0.0,0.0
2023-10-25 12:30:00-04:00,6.21999979019165,6.239999771118164,6.090000152587891,6.143599987030029,5153,0.0,0.0
2023-10-25 13:30:00-04:00,6.139999866485596,6.159999847412109,6.03000020980835,6.110000133514404,11472,0.0,0.0
2023-10-25 14:30:00-04:00,6.070000171661377,6.085000038146973,5.989999771118164,5.989999771118164,14403,0.0,0.0
2023-10-25 15:30:00-04:00,5.989999771118164,5.989999771118164,5.909999847412109,5.929999828338623,23346,0.0,0.0
2023-10-26 09:30:00-04:00,5.960000038146973,5.96999979019165,5.960000038146973,5.96999979019165,1281,0.0,0.0
2023-10-26 10:30:00-04:00,5.960000038146973,5.96999979019165,5.960000038146973,5.96999979019165,838,0.0,0.0
2023-10-26 11:30:00-04:00,5.96999979019165,5.96999979019165,5.960000038146973,5.96999979019165,1263,0.0,0.0
2023-10-26 12:30:00-04:00,5.960000038146973,5.96999979019165,5.900000095367432,5.900000095367432,1916,0.0,0.0
2023-10-26 13:30:00-04:00,5.889999866485596,5.949999809265137,5.889999866485596,5.929999828338623,2089,0.0,0.0
2023-10-26 14:30:00-04:00,5.960000038146973,5.960000038146973,5.960000038146973,5.960000038146973,514,0.0,0.0
2023-10-26 15:30:00-04:00,5.954999923706055,5.954999923706055,5.869999885559082,5.889999866485596,1847,0.0,0.0
2023-10-27 09:30:00-04:00,5.820000171661377,5.820000171661377,5.820000171661377,5.820000171661377,981,0.0,0.0
2023-10-27 11:30:00-04:00,5.918900012969971,5.925000190734863,5.84499979019165,5.860000133514404,3058,0.0,0.0
2023-10-27 12:30:00-04:00,5.873499870300293,5.920000076293945,5.829999923706055,5.829999923706055,4239,0.0,0.0
2023-10-27 13:30:00-04:00,5.809999942779541,5.809999942779541,5.800000190734863,5.800000190734863,490,0.0,0.0
2023-10-27 14:30:00-04:00,5.809999942779541,5.869999885559082,5.809999942779541,5.820000171661377,4507,0.0,0.0
2023-10-27 15:30:00-04:00,5.829999923706055,5.829999923706055,5.78000020980835,5.78000020980835,3178,0.0,0.0
2023-10-30 09:30:00-04:00,5.920000076293945,5.949999809265137,5.880000114440918,5.940000057220459,5140,0.0,0.0
2023-10-30 10:30:00-04:00,5.9421000480651855,5.9421000480651855,5.900000095367432,5.909999847412109,1497,0.0,0.0
2023-10-30 11:30:00-04:00,5.929999828338623,5.954999923706055,5.929999828338623,5.954999923706055,1757,0.0,0.0
2023-10-30 12:30:00-04:00,5.945000171661377,5.949999809265137,5.934999942779541,5.940000057220459,2913,0.0,0.0
2023-10-30 13:30:00-04:00,5.96999979019165,6.0,5.96999979019165,6.0,3121,0.0,0.0
2023-10-30 14:30:00-04:00,5.980000019073486,6.019999980926514,5.960000038146973,6.0,17817,0.0,0.0
2023-10-30 15:30:00-04:00,5.985000133514404,5.989999771118164,5.949999809265137,5.96999979019165,3730,0.0,0.0
2023-10-31 10:30:00-04:00,6.03000020980835,6.050000190734863,5.920000076293945,5.985000133514404,2191,0.0,0.0
2023-10-31 11:30:00-04:00,6.070000171661377,6.070000171661377,5.980000019073486,6.039999961853027,1981,0.0,0.0
2023-10-31 12:30:00-04:00,6.033999919891357,6.033999919891357,5.940000057220459,6.019999980926514,1637,0.0,0.0
2023-10-31 13:30:00-04:00,6.059999942779541,6.059999942779541,5.929999828338623,6.039999961853027,3681,0.0,0.0
2023-10-31 14:30:00-04:00,6.014999866485596,6.039999961853027,5.989999771118164,6.019999980926514,2245,0.0,0.0
2023-10-31 15:30:00-04:00,6.0,6.039999961853027,5.989999771118164,5.989999771118164,3454,0.0,0.0
2023-11-01 09:30:00-04:00,6.050000190734863,6.050000190734863,5.980000019073486,5.980000019073486,2631,0.0,0.0
2023-11-01 10:30:00-04:00,6.03000020980835,6.054999828338623,5.977799892425537,5.977799892425537,5262,0.0,0.0
2023-11-01 11:30:00-04:00,5.914999961853027,5.914999961853027,5.909999847412109,5.909999847412109,486,0.0,0.0
2023-11-01 12:30:00-04:00,5.939899921417236,6.050000190734863,5.860000133514404,6.050000190734863,10475,0.0,0.0
2023-11-01 13:30:00-04:00,6.03000020980835,6.065000057220459,5.96999979019165,5.980000019073486,1948,0.0,0.0
2023-11-01 14:30:00-04:00,5.96999979019165,6.050000190734863,5.929999828338623,5.96999979019165,3013,0.0,0.0
2023-11-01 15:30:00-04:00,6.03000020980835,6.070000171661377,5.960000038146973,5.980000019073486,6588,0.0,0.0
2023-11-02 09:30:00-04:00,5.989999771118164,6.194399833679199,5.829999923706055,6.03000020980835,4479,0.0,0.0
2023-11-02 10:30:00-04:00,6.010799884796143,6.079999923706055,5.974999904632568,5.974999904632568,1697,0.0,0.0
2023-11-02 11:30:00-04:00,6.110000133514404,6.110000133514404,5.989999771118164,5.989999771118164,4565,0.0,0.0
2023-11-02 12:30:00-04:00,5.960000038146973,5.979700088500977,5.940000057220459,5.949999809265137,2236,0.0,0.0
2023-11-02 13:30:00-04:00,5.949999809265137,5.980000019073486,5.940000057220459,5.96999979019165,3102,0.0,0.0
2023-11-02 14:30:00-04:00,5.96999979019165,6.010000228881836,5.960000038146973,6.010000228881836,10515,0.0,0.0
2023-11-02 15:30:00-04:00,6.0,6.09499979019165,5.909999847412109,6.090000152587891,27338,0.0,0.0
2023-11-03 09:30:00-04:00,6.5,7.0,6.129700183868408,6.550000190734863,57115,0.0,0.0
2023-11-03 10:30:00-04:00,6.856599807739258,6.856599807739258,6.690000057220459,6.699999809265137,6443,0.0,0.0
2023-11-03 11:30:00-04:00,6.631899833679199,6.760000228881836,6.631899833679199,6.698200225830078,1900,0.0,0.0
2023-11-03 12:30:00-04:00,6.7642998695373535,6.889999866485596,6.679999828338623,6.679999828338623,3856,0.0,0.0
2023-11-03 13:30:00-04:00,6.679999828338623,6.8516998291015625,6.679999828338623,6.800000190734863,1787,0.0,0.0
2023-11-03 14:30:00-04:00,6.78000020980835,6.809999942779541,6.659999847412109,6.659999847412109,6592,0.0,0.0
2023-11-03 15:30:00-04:00,6.664999961853027,6.710000038146973,6.46999979019165,6.46999979019165,23706,0.0,0.0
2023-11-06 09:30:00-05:00,6.53000020980835,6.61299991607666,6.53000020980835,6.579999923706055,16702,0.0,0.0
2023-11-06 10:30:00-05:00,6.599999904632568,6.619999885559082,6.53000020980835,6.53000020980835,7372,0.0,0.0
2023-11-06 11:30:00-05:00,6.5,6.559599876403809,6.465000152587891,6.465000152587891,10845,0.0,0.0
2023-11-06 12:30:00-05:00,6.519999980926514,6.539999961853027,6.510000228881836,6.510000228881836,1638,0.0,0.0
2023-11-06 13:30:00-05:00,6.550000190734863,6.550000190734863,6.539999961853027,6.539999961853027,5052,0.0,0.0
2023-11-06 14:30:00-05:00,6.539999961853027,6.550000190734863,6.534999847412109,6.534999847412109,3768,0.0,0.0
2023-11-06 15:30:00-05:00,6.510000228881836,6.550000190734863,6.489999771118164,6.53000020980835,11155,0.0,0.0
2023-11-07 09:30:00-05:00,6.494999885559082,6.519999980926514,6.494999885559082,6.519999980926514,751,0.0,0.0
2023-11-07 10:30:00-05:00,6.539999961853027,6.610000133514404,6.539999961853027,6.590000152587891,2432,0.0,0.0
2023-11-07 11:30:00-05:00,6.603000164031982,6.630000114440918,6.539999961853027,6.539999961853027,11651,0.0,0.0
2023-11-07 12:30:00-05:00,6.539999961853027,6.539999961853027,6.539999961853027,6.539999961853027,402,0.0,0.0
2023-11-07 13:30:00-05:00,6.539999961853027,6.554999828338623,6.539999961853027,6.539999961853027,770,0.0,0.0
2023-11-07 14:30:00-05:00,6.539999961853027,6.639999866485596,6.539999961853027,6.610000133514404,12750,0.0,0.0
2023-11-07 15:30:00-05:00,6.610000133514404,6.610000133514404,6.559999942779541,6.570000171661377,8599,0.0,0.0
2023-11-08 09:30:00-05:00,6.670000076293945,6.670000076293945,6.579999923706055,6.59499979019165,10608,0.0,0.0
2023-11-08 10:30:00-05:00,6.599999904632568,6.635000228881836,6.599999904632568,6.632500171661377,3336,0.0,0.0
2023-11-08 11:30:00-05:00,6.630000114440918,6.75,6.570000171661377,6.630000114440918,28102,0.0,0.0
2023-11-08 12:30:00-05:00,6.560100078582764,6.619999885559082,6.559999942779541,6.574999809265137,14390,0.0,0.0
2023-11-08 13:30:00-05:00,6.554999828338623,6.65500020980835,6.550000190734863,6.619999885559082,2859,0.0,0.0
2023-11-08 14:30:00-05:00,6.574999809265137,6.574999809265137,6.539999961853027,6.539999961853027,2233,0.0,0.0
2023-11-08 15:30:00-05:00,6.539999961853027,6.559999942779541,6.519999980926514,6.519999980926514,3975,0.0,0.0
2023-11-09 09:30:00-05:00,6.510000228881836,6.539999961853027,6.46999979019165,6.480000019073486,4146,0.0,0.0
2023-11-09 10:30:00-05:00,6.449999809265137,6.449999809265137,6.369999885559082,6.389999866485596,2024,0.0,0.0
2023-11-09 11:30:00-05:00,6.440000057220459,6.46999979019165,6.420000076293945,6.46999979019165,1455,0.0,0.0
2023-11-09 12:30:00-05:00,6.489999771118164,6.53000020980835,6.420000076293945,6.420000076293945,4596,0.0,0.0
2023-11-09 13:30:00-05:00,6.420000076293945,6.420000076293945,6.380000114440918,6.400000095367432,2729,0.0,0.0
2023-11-09 14:30:00-05:00,6.387800216674805,6.387800216674805,6.320000171661377,6.320000171661377,2682,0.0,0.0
2023-11-09 15:30:00-05:00,6.340000152587891,6.429999828338623,6.340000152587891,6.429999828338623,10777,0.0,0.0
2023-11-10 09:30:00-05:00,6.610000133514404,7.0,6.480000019073486,6.489999771118164,38869,0.0,0.0
2023-11-10 11:30:00-05:00,6.460000038146973,6.460000038146973,6.449999809265137,6.449999809265137,1922,0.0,0.0
2023-11-10 12:30:00-05:00,6.460000038146973,6.568399906158447,6.449999809265137,6.568399906158447,13186,0.0,0.0
2023-11-10 14:30:00-05:00,6.567999839782715,6.574999809265137,6.561500072479248,6.561500072479248,1440,0.0,0.0
2023-11-10 15:30:00-05:00,6.539999961853027,6.570000171661377,6.5,6.53000020980835,7809,0.0,0.0
2023-11-13 09:30:00-05:00,6.21999979019165,6.95989990234375,6.21999979019165,6.889900207519531,74313,0.0,0.0
2023-11-13 10:30:00-05:00,6.860000133514404,6.989999771118164,6.832900047302246,6.909999847412109,19055,0.0,0.0
2023-11-13 11:30:00-05:00,6.869999885559082,6.965000152587891,6.800000190734863,6.900000095367432,11511,0.0,0.0
2023-11-13 12:30:00-05:00,6.889999866485596,6.900000095367432,6.855000019073486,6.855000019073486,5415,0.0,0.0
2023-11-13 13:30:00-05:00,6.876999855041504,6.916999816894531,6.670000076293945,6.889999866485596,9585,0.0,0.0
2023-11-13 14:30:00-05:00,6.920000076293945,6.920000076293945,6.739999771118164,6.739999771118164,9648,0.0,0.0
2023-11-13 15:30:00-05:00,6.75,6.889999866485596,6.75,6.880000114440918,9792,0.0,0.0
2023-11-14 09:30:00-05:00,6.980000019073486,7.199999809265137,6.882599830627441,6.985000133514404,30831,0.0,0.0
2023-11-14 10:30:00-05:00,6.949999809265137,6.9807000160217285,6.949999809265137,6.949999809265137,3132,0.0,0.0
2023-11-14 11:30:00-05:00,6.940000057220459,6.980000019073486,6.880000114440918,6.980000019073486,10232,0.0,0.0
2023-11-14 12:30:00-05:00,6.980299949645996,6.980299949645996,6.909999847412109,6.950099945068359,1518,0.0,0.0
2023-11-14 13:30:00-05:00,6.920000076293945,6.929999828338623,6.840000152587891,6.860000133514404,4528,0.0,0.0
2023-11-14 14:30:00-05:00,6.853300094604492,6.949999809265137,6.853300094604492,6.949999809265137,2908,0.0,0.0
2023-11-14 15:30:00-05:00,6.96999979019165,7.050000190734863,6.96999979019165,7.039999961853027,18270,0.0,0.0
2023-11-15 09:30:00-05:00,7.170000076293945,7.190000057220459,6.96999979019165,6.970099925994873,17943,0.0,0.0
2023-11-15 10:30:00-05:00,7.010000228881836,7.079999923706055,7.010000228881836,7.039999961853027,1965,0.0,0.0
2023-11-15 11:30:00-05:00,6.997900009155273,7.090000152587891,6.989999771118164,7.019999980926514,2957,0.0,0.0
2023-11-15 12:30:00-05:00,7.010000228881836,7.074999809265137,7.005000114440918,7.005000114440918,2147,0.0,0.0
2023-11-15 13:30:00-05:00,6.960000038146973,6.980000019073486,6.960000038146973,6.980000019073486,291,0.0,0.0
2023-11-15 14:30:00-05:00,6.985000133514404,7.010000228881836,6.960000038146973,6.974999904632568,4706,0.0,0.0
2023-11-15 15:30:00-05:00,6.977499961853027,6.989999771118164,6.909999847412109,6.96999979019165,3478,0.0,0.0
2023-11-16 09:30:00-05:00,6.829999923706055,6.940000057220459,6.829999923706055,6.880000114440918,7799,0.0,0.0
2023-11-16 10:30:00-05:00,6.75,6.800000190734863,6.71999979019165,6.800000190734863,1347,0.0,0.0
2023-11-16 11:30:00-05:00,6.764999866485596,6.769999980926514,6.764999866485596,6.769999980926514,989,0.0,0.0
2023-11-16 12:30:00-05:00,6.775000095367432,6.900000095367432,6.775000095367432,6.888999938964844,5184,0.0,0.0
2023-11-16 13:30:00-05:00,6.889999866485596,6.949999809265137,6.885000228881836,6.900000095367432,3614,0.0,0.0
2023-11-16 15:30:00-05:00,6.900000095367432,6.929999828338623,6.849999904632568,6.880000114440918,5390,0.0,0.0
2023-11-17 09:30:00-05:00,6.920000076293945,6.920000076293945,6.860000133514404,6.860000133514404,14344,0.0,0.0
2023-11-17 10:30:00-05:00,6.880000114440918,7.070000171661377,6.869999885559082,7.059999942779541,18349,0.0,0.0
2023-11-17 11:30:00-05:00,7.0,7.089900016784668,6.820000171661377,7.079999923706055,36497,0.0,0.0
2023-11-17 12:30:00-05:00,7.059999942779541,7.090000152587891,7.010000228881836,7.010000228881836,3285,0.0,0.0
2023-11-17 13:30:00-05:00,7.019999980926514,7.019999980926514,7.0,7.0,437,0.0,0.0
2023-11-17 14:30:00-05:00,6.989999771118164,6.989999771118164,6.960000038146973,6.960000038146973,551,0.0,0.0
2023-11-17 15:30:00-05:00,6.989999771118164,7.25,6.989999771118164,7.235000133514404,90255,0.0,0.0
2023-11-20 09:30:00-05:00,7.320000171661377,7.340000152587891,7.201000213623047,7.340000152587891,32538,0.0,0.0
2023-11-20 10:30:00-05:00,7.315000057220459,7.380000114440918,7.289999961853027,7.341400146484375,35643,0.0,0.0
2023-11-20 11:30:00-05:00,7.349999904632568,7.360000133514404,7.25,7.25,17208,0.0,0.0
2023-11-20 12:30:00-05:00,7.25,7.28000020980835,7.230000019073486,7.264999866485596,29968,0.0,0.0
2023-11-20 13:30:00-05:00,7.264999866485596,7.309999942779541,7.260000228881836,7.300000190734863,3224,0.0,0.0
2023-11-20 14:30:00-05:00,7.28000020980835,7.409999847412109,7.28000020980835,7.409999847412109,42532,0.0,0.0
2023-11-20 15:30:00-05:00,7.420000076293945,7.559999942779541,7.409999847412109,7.519999980926514,34381,0.0,0.0
2023-11-21 09:30:00-05:00,7.579999923706055,7.579999923706055,7.510000228881836,7.526899814605713,15505,0.0,0.0
2023-11-21 10:30:00-05:00,7.590000152587891,7.599999904632568,7.554999828338623,7.559999942779541,3558,0.0,0.0
2023-11-21 11:30:00-05:00,7.568699836730957,7.570000171661377,7.470099925994873,7.470099925994873,2777,0.0,0.0
2023-11-21 12:30:00-05:00,7.509900093078613,7.509900093078613,7.431600093841553,7.454999923706055,2767,0.0,0.0
2023-11-21 13:30:00-05:00,7.454999923706055,7.4552998542785645,7.369999885559082,7.369999885559082,5522,0.0,0.0
2023-11-21 14:30:00-05:00,7.389999866485596,7.510000228881836,7.369999885559082,7.5,15967,0.0,0.0
2023-11-21 15:30:00-05:00,7.5,7.519999980926514,7.5,7.5,3237,0.0,0.0
2023-11-22 09:30:00-05:00,7.519999980926514,7.619999885559082,7.519999980926514,7.53000020980835,7044,0.0,0.0
2023-11-22 10:30:00-05:00,7.549900054931641,7.549900054931641,7.5,7.519999980926514,2492,0.0,0.0
2023-11-22 11:30:00-05:00,7.380000114440918,7.5,7.380000114440918,7.480199813842773,4672,0.0,0.0
2023-11-22 12:30:00-05:00,7.494999885559082,7.53000020980835,7.46999979019165,7.53000020980835,4012,0.0,0.0
2023-11-22 13:30:00-05:00,7.539999961853027,7.59499979019165,7.480000019073486,7.590000152587891,12693,0.0,0.0
2023-11-22 14:30:00-05:00,7.570000171661377,7.570000171661377,7.480100154876709,7.519999980926514,8410,0.0,0.0
2023-11-22 15:30:00-05:00,7.559999942779541,7.599999904632568,7.559999942779541,7.599999904632568,7558,0.0,0.0
2023-11-24 09:30:00-05:00,7.539999961853027,7.599999904632568,7.474999904632568,7.599999904632568,1597,0.0,0.0
2023-11-24 10:30:00-05:00,7.599999904632568,7.679999828338623,7.550000190734863,7.610000133514404,4027,0.0,0.0
2023-11-24 11:30:00-05:00,7.610000133514404,7.639999866485596,7.591000080108643,7.635000228881836,3427,0.0,0.0
2023-11-27 09:30:00-05:00,7.75,7.75,7.696000099182129,7.739999771118164,22705,0.0,0.0
2023-11-27 10:30:00-05:00,7.760000228881836,7.900000095367432,7.760000228881836,7.829999923706055,6407,0.0,0.0
2023-11-27 11:30:00-05:00,7.849999904632568,7.849999904632568,7.761300086975098,7.761300086975098,3364,0.0,0.0
2023-11-27 12:30:00-05:00,7.740099906921387,7.789999961853027,7.740099906921387,7.760000228881836,3987,0.0,0.0
2023-11-27 13:30:00-05:00,7.789400100708008,7.789700031280518,7.672500133514404,7.699999809265137,12870,0.0,0.0
2023-11-27 14:30:00-05:00,7.676000118255615,7.71999979019165,7.630000114440918,7.630000114440918,3163,0.0,0.0
2023-11-27 15:30:00-05:00,7.630000114440918,7.670000076293945,7.570000171661377,7.610000133514404,7402,0.0,0.0
2023-11-28 09:30:00-05:00,7.630000114440918,7.639999866485596,7.54010009765625,7.546999931335449,8352,0.0,0.0
2023-11-28 10:30:00-05:00,7.559999942779541,7.619999885559082,7.559999942779541,7.619999885559082,761,0.0,0.0
2023-11-28 11:30:00-05:00,7.599999904632568,7.630000114440918,7.599999904632568,7.619999885559082,4493,0.0,0.0
2023-11-28 12:30:00-05:00,7.609799861907959,7.609799861907959,7.429999828338623,7.434999942779541,10929,0.0,0.0
2023-11-28 13:30:00-05:00,7.479499816894531,7.554999828338623,7.479499816894531,7.554999828338623,11555,0.0,0.0
2023-11-28 14:30:00-05:00,7.559999942779541,7.565000057220459,7.5,7.5,2814,0.0,0.0
2023-11-28 15:30:00-05:00,7.519999980926514,7.585000038146973,7.519599914550781,7.519999980926514,5040,0.0,0.0
2023-11-29 09:30:00-05:00,7.46999979019165,7.550000190734863,7.440000057220459,7.525000095367432,21305,0.0,0.0
2023-11-29 10:30:00-05:00,7.53000020980835,7.538599967956543,7.514100074768066,7.514100074768066,1156,0.0,0.0
2023-11-29 11:30:00-05:00,7.536300182342529,7.536300182342529,7.5,7.5,1856,0.0,0.0
2023-11-29 12:30:00-05:00,7.5,7.550000190734863,7.489999771118164,7.489999771118164,5381,0.0,0.0
2023-11-29 13:30:00-05:00,7.5,7.599999904632568,7.480000019073486,7.599999904632568,14119,0.0,0.0
2023-11-29 14:30:00-05:00,7.559999942779541,7.579999923706055,7.510000228881836,7.53000020980835,4089,0.0,0.0
2023-11-29 15:30:00-05:00,7.539999961853027,7.559999942779541,7.5,7.559999942779541,4614,0.0,0.0
2023-11-30 09:30:00-05:00,7.550000190734863,7.579999923706055,7.519999980926514,7.579999923706055,3555,0.0,0.0
2023-11-30 10:30:00-05:00,7.574999809265137,7.579899787902832,7.507400035858154,7.507400035858154,4908,0.0,0.0
2023-11-30 11:30:00-05:00,7.53000020980835,7.53000020980835,7.5,7.519999980926514,1336,0.0,0.0
2023-11-30 12:30:00-05:00,7.5,7.5,7.5,7.5,2258,0.0,0.0
2023-11-30 13:30:00-05:00,7.5,7.510000228881836,7.489999771118164,7.5,4401,0.0,0.0
2023-11-30 14:30:00-05:00,7.510000228881836,7.510000228881836,7.5,7.5,2739,0.0,0.0
2023-11-30 15:30:00-05:00,7.510000228881836,7.630000114440918,7.510000228881836,7.599999904632568,13419,0.0,0.0
2023-12-01 09:30:00-05:00,7.449999809265137,7.639999866485596,7.380000114440918,7.610000133514404,26817,0.0,0.0
2023-12-01 10:30:00-05:00,7.550000190734863,7.650000095367432,7.550000190734863,7.650000095367432,10560,0.0,0.0
2023-12-01 11:30:00-05:00,7.630000114440918,7.630099773406982,7.510000228881836,7.579999923706055,8414,0.0,0.0
2023-12-01 12:30:00-05:00,7.559999942779541,7.639999866485596,7.53000020980835,7.614999771118164,3492,0.0,0.0
2023-12-01 13:30:00-05:00,7.590000152587891,7.590000152587891,7.5,7.53000020980835,8070,0.0,0.0
2023-12-01 14:30:00-05:00,7.519999980926514,7.539999961853027,7.480000019073486,7.539999961853027,7270,0.0,0.0
2023-12-01 15:30:00-05:00,7.53000020980835,7.599999904632568,7.5,7.5,5772,0.0,0.0
2023-12-04 09:30:00-05:00,7.539999961853027,7.6844000816345215,7.519999980926514,7.610000133514404,23726,0.0,0.0
2023-12-04 10:30:00-05:00,7.610000133514404,7.679999828338623,7.550000190734863,7.599999904632568,14024,0.0,0.0
2023-12-04 11:30:00-05:00,7.642499923706055,7.679999828338623,7.585000038146973,7.659999847412109,16255,0.0,0.0
2023-12-04 12:30:00-05:00,7.679999828338623,7.789999961853027,7.670000076293945,7.749000072479248,23287,0.0,0.0
2023-12-04 13:30:00-05:00,7.71999979019165,7.73769998550415,7.619999885559082,7.710000038146973,9111,0.0,0.0
2023-12-04 14:30:00-05:00,7.718999862670898,7.760000228881836,7.718999862670898,7.75,17068,0.0,0.0
2023-12-04 15:30:00-05:00,7.75,8.020000457763672,7.75,7.989999771118164,49398,0.0,0.0
2023-12-05 09:30:00-05:00,8.09000015258789,8.100000381469727,7.980000019073486,8.010000228881836,11069,0.0,0.0
2023-12-05 10:30:00-05:00,8.010000228881836,8.239999771118164,7.940299987792969,8.069999694824219,24743,0.0,0.0
2023-12-05 11:30:00-05:00,8.104999542236328,8.15999984741211,8.079999923706055,8.085000038146973,1582,0.0,0.0
2023-12-05 12:30:00-05:00,8.09000015258789,8.140000343322754,8.09000015258789,8.130000114440918,2669,0.0,0.0
2023-12-05 13:30:00-05:00,8.130000114440918,8.25,8.088500022888184,8.229999542236328,17184,0.0,0.0
2023-12-05 14:30:00-05:00,8.239999771118164,8.239999771118164,8.180000305175781,8.210000038146973,5124,0.0,0.0
2023-12-05 15:30:00-05:00,8.210000038146973,8.210000038146973,8.149999618530273,8.170000076293945,7588,0.0,0.0
2023-12-06 09:30:00-05:00,8.039999961853027,8.079999923706055,7.849999904632568,7.889999866485596,20100,0.0,0.0
2023-12-06 10:30:00-05:00,7.889999866485596,7.960000038146973,7.860000133514404,7.960000038146973,6822,0.0,0.0
2023-12-06 11:30:00-05:00,7.929999828338623,7.968699932098389,7.840000152587891,7.9608001708984375,6524,0.0,0.0
2023-12-06 12:30:00-05:00,7.900000095367432,7.980000019073486,7.820000171661377,7.925000190734863,13325,0.0,0.0
2023-12-06 13:30:00-05:00,7.889999866485596,7.960000038146973,7.840000152587891,7.880000114440918,4732,0.0,0.0
2023-12-06 14:30:00-05:00,7.880000114440918,7.908299922943115,7.800000190734863,7.800000190734863,13036,0.0,0.0
2023-12-06 15:30:00-05:00,7.800000190734863,7.829999923706055,7.800000190734863,7.809999942779541,6275,0.0,0.0
2023-12-07 09:30:00-05:00,7.679999828338623,7.800000190734863,7.670000076293945,7.699999809265137,22607,0.0,0.0
2023-12-07 10:30:00-05:00,7.71999979019165,7.735499858856201,7.670000076293945,7.690000057220459,2139,0.0,0.0
2023-12-07 11:30:00-05:00,7.699999809265137,7.739999771118164,7.670000076293945,7.695000171661377,5117,0.0,0.0
2023-12-07 12:30:00-05:00,7.699999809265137,7.705599784851074,7.610000133514404,7.619999885559082,5678,0.0,0.0
2023-12-07 13:30:00-05:00,7.630000114440918,7.679999828338623,7.539999961853027,7.679999828338623,130617,0.0,0.0
2023-12-07 14:30:00-05:00,7.679999828338623,7.75,7.679999828338623,7.75,9377,0.0,0.0
2023-12-07 15:30:00-05:00,7.800000190734863,7.900000095367432,7.78000020980835,7.880000114440918,27583,0.0,0.0
2023-12-08 09:30:00-05:00,7.889999866485596,7.960000038146973,7.860000133514404,7.929999828338623,13001,0.0,0.0
2023-12-08 10:30:00-05:00,7.849999904632568,7.949999809265137,7.804999828338623,7.949999809265137,2611,0.0,0.0
2023-12-08 11:30:00-05:00,7.815000057220459,7.815000057220459,7.710000038146973,7.710000038146973,7143,0.0,0.0
2023-12-08 12:30:00-05:00,7.699999809265137,7.920000076293945,7.699999809265137,7.920000076293945,12846,0.0,0.0
2023-12-08 13:30:00-05:00,7.949999809265137,7.949999809265137,7.880000114440918,7.900000095367432,7900,0.0,0.0
2023-12-08 14:30:00-05:00,7.929999828338623,7.960000038146973,7.880000114440918,7.889999866485596,5618,0.0,0.0
2023-12-08 15:30:00-05:00,7.900000095367432,8.010000228881836,7.900000095367432,8.010000228881836,14142,0.0,0.0
2023-12-11 09:30:00-05:00,7.949999809265137,8.050000190734863,7.763000011444092,8.029999732971191,17533,0.0,0.0
2023-12-11 10:30:00-05:00,7.992300033569336,7.992300033569336,7.96999979019165,7.96999979019165,813,0.0,0.0
2023-12-11 11:30:00-05:00,7.989999771118164,8.055000305175781,7.989999771118164,8.055000305175781,7826,0.0,0.0
2023-12-11 12:30:00-05:00,8.069999694824219,8.069999694824219,8.005000114440918,8.039999961853027,9686,0.0,0.0
2023-12-11 13:30:00-05:00,8.026599884033203,8.026599884033203,8.0,8.020000457763672,2538,0.0,0.0
2023-12-11 14:30:00-05:00,8.050000190734863,8.0600004196167,7.980000019073486,8.0,5925,0.0,0.0
2023-12-11 15:30:00-05:00,8.0,8.01099967956543,7.960000038146973,7.960000038146973,6265,0.0,0.0
2023-12-12 09:30:00-05:00,7.900000095367432,7.900000095367432,7.784999847412109,7.809999942779541,7965,0.0,0.0
2023-12-12 10:30:00-05:00,7.849999904632568,7.880000114440918,7.809700012207031,7.809700012207031,3639,0.0,0.0
2023-12-12 11:30:00-05:00,7.798900127410889,7.820000171661377,7.798900127410889,7.820000171661377,604,0.0,0.0
2023-12-12 12:30:00-05:00,7.840000152587891,7.900000095367432,7.840000152587891,7.869999885559082,7872,0.0,0.0
2023-12-12 13:30:00-05:00,7.889699935913086,7.889699935913086,7.789999961853027,7.824999809265137,9693,0.0,0.0
2023-12-12 14:30:00-05:00,7.824999809265137,7.880000114440918,7.820000171661377,7.880000114440918,3023,0.0,0.0
2023-12-12 15:30:00-05:00,7.880000114440918,7.880000114440918,7.809999942779541,7.840000152587891,3935,0.0,0.0
2023-12-13 09:30:00-05:00,7.820000171661377,7.820000171661377,7.650000095367432,7.699999809265137,9322,0.0,0.0
2023-12-13 10:30:00-05:00,7.703999996185303,7.739999771118164,7.699999809265137,7.699999809265137,1990,0.0,0.0
2023-12-13 11:30:00-05:00,7.724999904632568,7.724999904632568,7.639999866485596,7.639999866485596,3311,0.0,0.0
2023-12-13 12:30:00-05:00,7.639999866485596,7.679999828338623,7.625,7.625,1882,0.0,0.0
2023-12-13 13:30:00-05:00,7.599999904632568,7.78849983215332,7.599999904632568,7.78849983215332,2801,0.0,0.0
2023-12-13 14:30:00-05:00,7.789999961853027,7.909999847412109,7.75,7.829999923706055,8555,0.0,0.0
2023-12-13 15:30:00-05:00,7.829999923706055,7.960000038146973,7.829999923706055,7.960000038146973,15786,0.0,0.0
2023-12-14 09:30:00-05:00,8.0600004196167,8.0600004196167,7.900000095367432,7.929999828338623,8554,0.0,0.0
2023-12-14 10:30:00-05:00,7.929999828338623,7.980000019073486,7.929999828338623,7.96999979019165,1429,0.0,0.0
2023-12-14 11:30:00-05:00,7.96999979019165,8.0,7.934999942779541,7.934999942779541,3046,0.0,0.0
2023-12-14 12:30:00-05:00,7.940000057220459,7.940000057220459,7.900000095367432,7.900000095367432,2023,0.0,0.0
2023-12-14 13:30:00-05:00,7.809999942779541,7.849999904632568,7.780099868774414,7.849999904632568,3910,0.0,0.0
2023-12-14 14:30:00-05:00,7.849999904632568,7.900000095367432,7.820000171661377,7.900000095367432,2861,0.0,0.0
2023-12-14 15:30:00-05:00,7.849999904632568,7.880000114440918,7.820000171661377,7.840000152587891,4601,0.0,0.0
2023-12-15 09:30:00-05:00,7.900000095367432,7.900000095367432,7.780099868774414,7.820000171661377,44541,0.0,0.0
2023-12-15 10:30:00-05:00,7.789999961853027,7.829999923706055,7.748199939727783,7.748199939727783,3528,0.0,0.0
2023-12-15 11:30:00-05:00,7.78000020980835,7.78000020980835,7.720099925994873,7.730000019073486,749,0.0,0.0
2023-12-15 12:30:00-05:00,7.730100154876709,7.760000228881836,7.630000114440918,7.690000057220459,2020,0.0,0.0
2023-12-15 13:30:00-05:00,7.684999942779541,7.710000038146973,7.630000114440918,7.690000057220459,1887,0.0,0.0
2023-12-15 14:30:00-05:00,7.6880998611450195,7.739999771118164,7.6880998611450195,7.730000019073486,1730,0.0,0.0
2023-12-15 15:30:00-05:00,7.730000019073486,7.752500057220459,7.699999809265137,7.739999771118164,3697,0.0,0.0
2023-12-18 09:30:00-05:00,7.75,7.838799953460693,7.699999809265137,7.800000190734863,13825,0.0,0.0
2023-12-18 10:30:00-05:00,7.849999904632568,7.849999904632568,7.728000164031982,7.789999961853027,6730,0.0,0.0
2023-12-18 11:30:00-05:00,7.75,7.842299938201904,7.75,7.76200008392334,35180,0.0,0.0
2023-12-18 12:30:00-05:00,7.815999984741211,7.940000057220459,7.789999961853027,7.900000095367432,7323,0.0,0.0
2023-12-18 13:30:00-05:00,7.89900016784668,7.900000095367432,7.840000152587891,7.840000152587891,1256,0.0,0.0
2023-12-18 14:30:00-05:00,7.829999923706055,7.889999866485596,7.829999923706055,7.889999866485596,3603,0.0,0.0
2023-12-18 15:30:00-05:00,7.864999771118164,7.949999809265137,7.840099811553955,7.920000076293945,20600,0.0,0.0
2023-12-19 09:30:00-05:00,8.029999732971191,8.045000076293945,7.960000038146973,7.980000019073486,2786,0.0,0.0
2023-12-19 10:30:00-05:00,7.978300094604492,8.069999694824219,7.96999979019165,8.045999526977539,14487,0.0,0.0
2023-12-19 11:30:00-05:00,8.039999961853027,8.100000381469727,8.029999732971191,8.029999732971191,8345,0.0,0.0
2023-12-19 12:30:00-05:00,8.050000190734863,8.199999809265137,8.050000190734863,8.199999809265137,8287,0.0,0.0
2023-12-19 13:30:00-05:00,8.199999809265137,8.210000038146973,8.15999984741211,8.1899995803833,6040,0.0,0.0
2023-12-19 14:30:00-05:00,8.1899995803833,8.199999809265137,8.170000076293945,8.180000305175781,3188,0.0,0.0
2023-12-19 15:30:00-05:00,8.1899995803833,8.220000267028809,8.170000076293945,8.199999809265137,10514,0.0,0.0
2023-12-20 09:30:00-05:00,8.25,8.25,8.130000114440918,8.135000228881836,11367,0.0,0.0
2023-12-20 10:30:00-05:00,8.25,8.25,8.125,8.170000076293945,7591,0.0,0.0
2023-12-20 11:30:00-05:00,8.140000343322754,8.239999771118164,8.119999885559082,8.1899995803833,5094,0.0,0.0
2023-12-20 12:30:00-05:00,8.229999542236328,8.25,8.164999961853027,8.170000076293945,5861,0.0,0.0
2023-12-20 13:30:00-05:00,8.199999809265137,8.210000038146973,8.15999984741211,8.164999961853027,4394,0.0,0.0
2023-12-20 14:30:00-05:00,8.1899995803833,8.1899995803833,7.929999828338623,7.929999828338623,8908,0.0,0.0
2023-12-20 15:30:00-05:00,7.929999828338623,7.940000057220459,7.855000019073486,7.864999771118164,13564,0.0,0.0
2023-12-21 09:30:00-05:00,8.010000228881836,8.140000343322754,7.952899932861328,8.005000114440918,4454,0.0,0.0
2023-12-21 10:30:00-05:00,8.0,8.069999694824219,7.994999885559082,8.028400421142578,7153,0.0,0.0
2023-12-21 11:30:00-05:00,8.0,8.0,7.920000076293945,7.920000076293945,3946,0.0,0.0
2023-12-21 12:30:00-05:00,7.949999809265137,8.0,7.949999809265137,7.960000038146973,1225,0.0,0.0
2023-12-21 13:30:00-05:00,7.989999771118164,7.989999771118164,7.960000038146973,7.964000225067139,1716,0.0,0.0
2023-12-21 14:30:00-05:00,7.960100173950195,8.199999809265137,7.960000038146973,8.199999809265137,25291,0.0,0.0
2023-12-21 15:30:00-05:00,8.180000305175781,8.3100004196167,8.180000305175781,8.279999732971191,35848,0.0,0.0
2023-12-22 09:30:00-05:00,8.350000381469727,8.350000381469727,8.050000190734863,8.204999923706055,11295,0.0,0.0
2023-12-22 10:30:00-05:00,8.239999771118164,8.350000381469727,8.239999771118164,8.289999961853027,9925,0.0,0.0
2023-12-22 11:30:00-05:00,8.329999923706055,8.329999923706055,8.22350025177002,8.329999923706055,4279,0.0,0.0
2023-12-22 12:30:00-05:00,8.329999923706055,8.329999923706055,8.229999542236328,8.319999694824219,7836,0.0,0.0
2023-12-22 13:30:00-05:00,8.279999732971191,8.319999694824219,8.229999542236328,8.260000228881836,9571,0.0,0.0
2023-12-22 14:30:00-05:00,8.289999961853027,8.300000190734863,8.255000114440918,8.300000190734863,9687,0.0,0.0
2023-12-22 15:30:00-05:00,8.300000190734863,8.3100004196167,8.270000457763672,8.3100004196167,33340,0.0,0.0
2023-12-26 09:30:00-05:00,8.399999618530273,8.520000457763672,8.399999618530273,8.5,36177,0.0,0.0
2023-12-26 10:30:00-05:00,8.5,8.5,8.430000305175781,8.430000305175781,6387,0.0,0.0
2023-12-26 11:30:00-05:00,8.449999809265137,8.46500015258789,8.430000305175781,8.449999809265137,6715,0.0,0.0
2023-12-26 12:30:00-05:00,8.40999984741211,8.40999984741211,8.385000228881836,8.40999984741211,1755,0.0,0.0
2023-12-26 13:30:00-05:00,8.399999618530273,8.420000076293945,8.369999885559082,8.390000343322754,2953,0.0,0.0
2023-12-26 14:30:00-05:00,8.399999618530273,8.489999771118164,8.399999618530273,8.475000381469727,5571,0.0,0.0
2023-12-26 15:30:00-05:00,8.460000038146973,8.460000038146973,8.390000343322754,8.449999809265137,12018,0.0,0.0
2023-12-27 09:30:00-05:00,8.449999809265137,8.460000038146973,8.369999885559082,8.369999885559082,5174,0.0,0.0
2023-12-27 10:30:00-05:00,8.369999885559082,8.369999885559082,8.3100004196167,8.324600219726562,5493,0.0,0.0
2023-12-27 11:30:00-05:00,8.369999885559082,8.399999618530273,8.369999885559082,8.380000114440918,1975,0.0,0.0
2023-12-27 12:30:00-05:00,8.350000381469727,8.380000114440918,8.319999694824219,8.369999885559082,12464,0.0,0.0
2023-12-27 13:30:00-05:00,8.364999771118164,8.369999885559082,8.319999694824219,8.350000381469727,3713,0.0,0.0
2023-12-27 14:30:00-05:00,8.350000381469727,8.375,8.350000381469727,8.369999885559082,2740,0.0,0.0
2023-12-27 15:30:00-05:00,8.369999885559082,8.489999771118164,8.369999885559082,8.489999771118164,32194,0.0,0.0
2023-12-28 09:30:00-05:00,8.470000267028809,8.51200008392334,8.399999618530273,8.420000076293945,5417,0.0,0.0
2023-12-28 10:30:00-05:00,8.388799667358398,8.445099830627441,8.324199676513672,8.369999885559082,5707,0.0,0.0
2023-12-28 11:30:00-05:00,8.420000076293945,8.420000076293945,8.390000343322754,8.399999618530273,834,0.0,0.0
2023-12-28 12:30:00-05:00,8.399999618530273,8.4399995803833,8.305000305175781,8.305000305175781,9159,0.0,0.0
2023-12-28 13:30:00-05:00,8.300000190734863,8.300000190734863,8.240099906921387,8.289999961853027,5663,0.0,0.0
2023-12-28 14:30:00-05:00,8.300000190734863,8.329999923706055,8.279999732971191,8.329999923706055,4475,0.0,0.0
2023-12-28 15:30:00-05:00,8.350000381469727,8.380000114440918,8.329999923706055,8.350000381469727,13239,0.0,0.0
2023-12-29 09:30:00-05:00,8.289999961853027,8.3100004196167,8.239999771118164,8.239999771118164,3147,0.0,0.0
2023-12-29 10:30:00-05:00,8.239999771118164,8.239999771118164,8.140000343322754,8.180000305175781,4181,0.0,0.0
2023-12-29 11:30:00-05:00,8.229999542236328,8.229999542236328,8.229999542236328,8.229999542236328,169,0.0,0.0
2023-12-29 12:30:00-05:00,8.229999542236328,8.289999961853027,8.210000038146973,8.239999771118164,7260,0.0,0.0
2023-12-29 13:30:00-05:00,8.239999771118164,8.239999771118164,8.220000267028809,8.229999542236328,893,0.0,0.0
2023-12-29 14:30:00-05:00,8.234999656677246,8.289999961853027,8.220000267028809,8.289999961853027,4027,0.0,0.0
2023-12-29 15:30:00-05:00,8.289999961853027,8.34000015258789,8.279999732971191,8.34000015258789,16025,0.0,0.0
2024-01-02 09:30:00-05:00,8.270000457763672,8.2923002243042,8.194000244140625,8.25,8937,0.0,0.0
2024-01-02 10:30:00-05:00,8.213899612426758,8.213899612426758,8.130000114440918,8.140000343322754,2717,0.0,0.0
2024-01-02 11:30:00-05:00,8.130000114440918,8.2524995803833,8.130000114440918,8.239999771118164,2756,0.0,0.0
2024-01-02 12:30:00-05:00,8.25,8.282999992370605,8.249899864196777,8.282999992370605,1021,0.0,0.0
2024-01-02 13:30:00-05:00,8.199999809265137,8.199999809265137,8.170000076293945,8.170000076293945,1656,0.0,0.0
2024-01-02 14:30:00-05:00,8.171600341796875,8.199999809265137,8.104999542236328,8.135499954223633,5790,0.0,0.0
2024-01-02 15:30:00-05:00,8.149999618530273,8.270000457763672,8.135000228881836,8.270000457763672,19572,0.0,0.0
2024-01-03 09:30:00-05:00,8.079999923706055,8.139900207519531,8.045000076293945,8.109999656677246,18152,0.0,0.0
2024-01-03 10:30:00-05:00,8.109999656677246,8.239999771118164,8.085000038146973,8.229999542236328,6333,0.0,0.0
2024-01-03 11:30:00-05:00,8.25,8.300000190734863,8.220000267028809,8.220000267028809,4481,0.0,0.0
2024-01-03 12:30:00-05:00,8.220000267028809,8.239999771118164,8.210000038146973,8.210000038146973,6741,0.0,0.0
2024-01-03 13:30:00-05:00,8.1899995803833,8.1899995803833,8.100000381469727,8.130000114440918,6568,0.0,0.0
2024-01-03 14:30:00-05:00,8.119999885559082,8.149999618530273,8.020000457763672,8.020000457763672,5658,0.0,0.0
2024-01-03 15:30:00-05:00,8.029999732971191,8.045000076293945,7.989999771118164,8.005000114440918,7001,0.0,0.0
2024-01-04 09:30:00-05:00,7.96999979019165,8.069999694824219,7.949999809265137,7.954999923706055,8846,0.0,0.0
2024-01-04 10:30:00-05:00,8.0,8.0,8.0,8.0,738,0.0,0.0
2024-01-04 11:30:00-05:00,7.989999771118164,7.989999771118164,7.940000057220459,7.940000057220459,2958,0.0,0.0
2024-01-04 12:30:00-05:00,7.939799785614014,7.949999809265137,7.909999847412109,7.926000118255615,6763,0.0,0.0
2024-01-04 13:30:00-05:00,7.960000038146973,7.980000019073486,7.949999809265137,7.960000038146973,2648,0.0,0.0
2024-01-04 14:30:00-05:00,7.980000019073486,8.079999923706055,7.96999979019165,8.079999923706055,8653,0.0,0.0
2024-01-04 15:30:00-05:00,8.079999923706055,8.130000114440918,8.039999961853027,8.039999961853027,19998,0.0,0.0
2024-01-05 09:30:00-05:00,8.020000457763672,8.289899826049805,7.965000152587891,8.074999809265137,2156,0.0,0.0
2024-01-05 10:30:00-05:00,8.050000190734863,8.0600004196167,8.020099639892578,8.029999732971191,864,0.0,0.0
2024-01-05 11:30:00-05:00,7.996200084686279,8.029999732971191,7.980000019073486,7.982500076293945,872,0.0,0.0
2024-01-05 12:30:00-05:00,7.980000019073486,8.050000190734863,7.954999923706055,8.050000190734863,10868,0.0,0.0
2024-01-05 13:30:00-05:00,8.069999694824219,8.069999694824219,8.029999732971191,8.029999732971191,1251,0.0,0.0
2024-01-05 14:30:00-05:00,8.010000228881836,8.010000228881836,7.929999828338623,7.94320011138916,2936,0.0,0.0
2024-01-05 15:30:00-05:00,7.929999828338623,7.949999809265137,7.889999866485596,7.920000076293945,12041,0.0,0.0
2024-01-08 09:30:00-05:00,7.909999847412109,8.055000305175781,7.909999847412109,8.055000305175781,11359,0.0,0.0
2024-01-08 10:30:00-05:00,8.100000381469727,8.125,7.960000038146973,7.960000038146973,14247,0.0,0.0
2024-01-08 11:30:00-05:00,8.010000228881836,8.010000228881836,7.96999979019165,7.980000019073486,5943,0.0,0.0
2024-01-08 12:30:00-05:00,7.980000019073486,7.980000019073486,7.949999809265137,7.949999809265137,1767,0.0,0.0
2024-01-08 13:30:00-05:00,7.974999904632568,7.980000019073486,7.900000095367432,7.929999828338623,4317,0.0,0.0
2024-01-08 14:30:00-05:00,7.945000171661377,7.979899883270264,7.940000057220459,7.954999923706055,4062,0.0,0.0
2024-01-08 15:30:00-05:00,7.940000057220459,7.974999904632568,7.940000057220459,7.949999809265137,5907,0.0,0.0
2024-01-09 09:30:00-05:00,7.869999885559082,7.920000076293945,7.800000190734863,7.885000228881836,10986,0.0,0.0
2024-01-09 10:30:00-05:00,7.889999866485596,7.8979997634887695,7.840000152587891,7.869999885559082,3613,0.0,0.0
2024-01-09 11:30:00-05:00,7.90500020980835,7.920000076293945,7.880000114440918,7.900000095367432,2112,0.0,0.0
2024-01-09 12:30:00-05:00,7.920000076293945,7.9756999015808105,7.889999866485596,7.929999828338623,4861,0.0,0.0
2024-01-09 13:30:00-05:00,7.929999828338623,7.96999979019165,7.889999866485596,7.940000057220459,3228,0.0,0.0
2024-01-09 14:30:00-05:00,7.940000057220459,7.945000171661377,7.900000095367432,7.940000057220459,9796,0.0,0.0
2024-01-09 15:30:00-05:00,7.9028000831604,7.940000057220459,7.829999923706055,7.833000183105469,9169,0.0,0.0
2024-01-10 09:30:00-05:00,7.800000190734863,7.800000190734863,7.630000114440918,7.690000057220459,3032,0.0,0.0
2024-01-10 10:30:00-05:00,7.730000019073486,7.829999923706055,7.650000095367432,7.800000190734863,2885,0.0,0.0
2024-01-10 11:30:00-05:00,7.760000228881836,7.889999866485596,7.760000228881836,7.840000152587891,33347,0.0,0.0
2024-01-10 12:30:00-05:00,7.880000114440918,7.929999828338623,7.840000152587891,7.929999828338623,4347,0.0,0.0
2024-01-10 13:30:00-05:00,7.909999847412109,8.010000228881836,7.909999847412109,7.929999828338623,64271,0.0,0.0
2024-01-10 14:30:00-05:00,7.954899787902832,8.010000228881836,7.909999847412109,7.909999847412109,11378,0.0,0.0
2024-01-10 15:30:00-05:00,7.920000076293945,7.949999809265137,7.900000095367432,7.909999847412109,20327,0.0,0.0
2024-01-11 09:30:00-05:00,8.020000457763672,8.020000457763672,7.763999938964844,7.795000076293945,11995,0.0,0.0
2024-01-11 10:30:00-05:00,7.739999771118164,7.739999771118164,7.624000072479248,7.659999847412109,11709,0.0,0.0
2024-01-11 11:30:00-05:00,7.659999847412109,7.700099945068359,7.619999885559082,7.700099945068359,7710,0.0,0.0
2024-01-11 12:30:00-05:00,7.679999828338623,7.71999979019165,7.619999885559082,7.679999828338623,6720,0.0,0.0
2024-01-11 13:30:00-05:00,7.710000038146973,7.710000038146973,7.679999828338623,7.710000038146973,1080,0.0,0.0
2024-01-11 14:30:00-05:00,7.670000076293945,7.679999828338623,7.590099811553955,7.610000133514404,4201,0.0,0.0
2024-01-11 15:30:00-05:00,7.619999885559082,7.730000019073486,7.619999885559082,7.690000057220459,19835,0.0,0.0
2024-01-12 09:30:00-05:00,7.840000152587891,7.840000152587891,7.75,7.75,4391,0.0,0.0
2024-01-12 10:30:00-05:00,7.769999980926514,7.769999980926514,7.769999980926514,7.769999980926514,300,0.0,0.0
2024-01-12 11:30:00-05:00,7.719900131225586,7.730000019073486,7.619999885559082,7.661099910736084,2045,0.0,0.0
2024-01-12 12:30:00-05:00,7.670000076293945,7.670000076293945,7.599999904632568,7.619999885559082,1736,0.0,0.0
2024-01-12 13:30:00-05:00,7.690000057220459,7.739999771118164,7.690000057220459,7.739999771118164,1623,0.0,0.0
2024-01-12 14:30:00-05:00,7.715000152587891,7.715000152587891,7.619999885559082,7.630000114440918,2857,0.0,0.0
2024-01-12 15:30:00-05:00,7.650000095367432,7.690000057220459,7.639999866485596,7.679999828338623,5146,0.0,0.0
2024-01-16 09:30:00-05:00,7.610000133514404,7.632699966430664,7.519999980926514,7.59499979019165,12088,0.0,0.0
2024-01-16 10:30:00-05:00,7.639999866485596,7.677499771118164,7.593999862670898,7.671199798583984,2426,0.0,0.0
2024-01-16 11:30:00-05:00,7.639999866485596,7.639999866485596,7.510000228881836,7.550000190734863,7387,0.0,0.0
2024-01-16 12:30:00-05:00,7.590000152587891,7.590000152587891,7.53000020980835,7.559999942779541,1835,0.0,0.0
2024-01-16 13:30:00-05:00,7.53000020980835,7.53000020980835,7.460000038146973,7.489999771118164,3445,0.0,0.0
2024-01-16 14:30:00-05:00,7.490099906921387,7.550000190734863,7.490099906921387,7.519999980926514,3562,0.0,0.0
2024-01-16 15:30:00-05:00,7.519999980926514,7.53000020980835,7.5,7.53000020980835,3221,0.0,0.0
2024-01-17 09:30:00-05:00,7.5,7.5,7.320000171661377,7.320000171661377,7370,0.0,0.0
2024-01-17 10:30:00-05:00,7.349999904632568,7.406000137329102,7.320000171661377,7.406000137329102,4257,0.0,0.0
2024-01-17 11:30:00-05:00,7.46999979019165,7.46999979019165,7.460000038146973,7.460000038146973,406,0.0,0.0
2024-01-17 12:30:00-05:00,7.425000190734863,7.559999942779541,7.425000190734863,7.559999942779541,1367,0.0,0.0
2024-01-17 13:30:00-05:00,7.5,7.550000190734863,7.46999979019165,7.5,1994,0.0,0.0
2024-01-17 14:30:00-05:00,7.450099945068359,7.510000228881836,7.450099945068359,7.510000228881836,1367,0.0,0.0
2024-01-17 15:30:00-05:00,7.510000228881836,7.510000228881836,7.482100009918213,7.5,3391,0.0,0.0
2024-01-18 09:30:00-05:00,7.519999980926514,7.550000190734863,7.480000019073486,7.480000019073486,5017,0.0,0.0
2024-01-18 10:30:00-05:00,7.53000020980835,7.53000020980835,7.5,7.5,1036,0.0,0.0
2024-01-18 11:30:00-05:00,7.519999980926514,7.519999980926514,7.460000038146973,7.480000019073486,4479,0.0,0.0
2024-01-18 12:30:00-05:00,7.485000133514404,7.5,7.451499938964844,7.451499938964844,2112,0.0,0.0
2024-01-18 13:30:00-05:00,7.486000061035156,7.486999988555908,7.486000061035156,7.486999988555908,613,0.0,0.0
2024-01-18 14:30:00-05:00,7.545000076293945,7.545000076293945,7.545000076293945,7.545000076293945,147,0.0,0.0
2024-01-18 15:30:00-05:00,7.559999942779541,7.638000011444092,7.559999942779541,7.638000011444092,5041,0.0,0.0
2024-01-19 09:30:00-05:00,7.650000095367432,7.650000095367432,7.5,7.5,5445,0.0,0.0
2024-01-19 10:30:00-05:00,7.511499881744385,7.53000020980835,7.449999809265137,7.53000020980835,5556,0.0,0.0
2024-01-19 11:30:00-05:00,7.46999979019165,7.519999980926514,7.460000038146973,7.515600204467773,3744,0.0,0.0
2024-01-19 12:30:00-05:00,7.560100078582764,7.560100078582764,7.560100078582764,7.560100078582764,1166,0.0,0.0
2024-01-19 13:30:00-05:00,7.590000152587891,7.639999866485596,7.590000152587891,7.639999866485596,909,0.0,0.0
2024-01-19 14:30:00-05:00,7.6296000480651855,7.6296000480651855,7.579999923706055,7.610000133514404,3749,0.0,0.0
2024-01-19 15:30:00-05:00,7.614999771118164,7.670000076293945,7.579999923706055,7.599999904632568,11999,0.0,0.0
2024-01-22 09:30:00-05:00,7.650000095367432,7.809999942779541,7.650000095367432,7.775000095367432,7308,0.0,0.0
2024-01-22 10:30:00-05:00,7.739999771118164,7.767499923706055,7.730000019073486,7.760000228881836,2766,0.0,0.0
2024-01-22 11:30:00-05:00,7.739999771118164,7.755000114440918,7.690000057220459,7.690000057220459,2591,0.0,0.0
2024-01-22 12:30:00-05:00,7.706900119781494,7.78000020980835,7.706900119781494,7.78000020980835,8018,0.0,0.0
2024-01-22 13:30:00-05:00,7.705900192260742,7.760000228881836,7.679999828338623,7.739999771118164,4059,0.0,0.0
2024-01-22 14:30:00-05:00,7.760000228881836,7.760000228881836,7.730000019073486,7.733799934387207,5441,0.0,0.0
2024-01-22 15:30:00-05:00,7.741199970245361,7.769999980926514,7.711999893188477,7.75,19707,0.0,0.0
2024-01-23 09:30:00-05:00,7.869999885559082,7.929999828338623,7.769999980926514,7.880000114440918,21353,0.0,0.0
2024-01-23 10:30:00-05:00,7.889999866485596,7.911300182342529,7.849999904632568,7.880000114440918,2849,0.0,0.0
2024-01-23 11:30:00-05:00,7.794000148773193,7.840000152587891,7.78000020980835,7.800000190734863,3198,0.0,0.0
2024-01-23 12:30:00-05:00,7.78000020980835,7.800000190734863,7.699999809265137,7.74370002746582,9381,0.0,0.0
2024-01-23 13:30:00-05:00,7.75,7.800000190734863,7.75,7.800000190734863,2268,0.0,0.0
2024-01-23 14:30:00-05:00,7.800000190734863,7.800000190734863,7.800000190734863,7.800000190734863,3641,0.0,0.0
2024-01-23 15:30:00-05:00,7.809999942779541,7.809999942779541,7.78000020980835,7.800000190734863,2433,0.0,0.0
2024-01-24 09:30:00-05:00,7.929999828338623,7.929999828338623,7.600100040435791,7.600100040435791,7094,0.0,0.0
2024-01-24 10:30:00-05:00,7.619999885559082,7.729899883270264,7.510000228881836,7.519999980926514,4914,0.0,0.0
2024-01-24 11:30:00-05:00,7.579999923706055,7.619999885559082,7.550000190734863,7.619999885559082,2136,0.0,0.0
2024-01-24 12:30:00-05:00,7.614999771118164,7.650000095367432,7.614999771118164,7.630000114440918,3325,0.0,0.0
2024-01-24 13:30:00-05:00,7.519999980926514,7.554999828338623,7.5,7.539999961853027,3769,0.0,0.0
2024-01-24 14:30:00-05:00,7.542399883270264,7.616099834442139,7.539999961853027,7.55649995803833,4343,0.0,0.0
2024-01-24 15:30:00-05:00,7.550000190734863,7.599999904632568,7.545000076293945,7.590000152587891,5891,0.0,0.0
2024-01-25 09:30:00-05:00,7.71999979019165,7.71999979019165,7.639999866485596,7.684999942779541,3413,0.0,0.0
2024-01-25 10:30:00-05:00,7.659999847412109,7.659999847412109,7.590000152587891,7.605000019073486,2482,0.0,0.0
2024-01-25 11:30:00-05:00,7.605000019073486,7.623700141906738,7.570000171661377,7.575300216674805,2422,0.0,0.0
2024-01-25 12:30:00-05:00,7.574999809265137,7.739999771118164,7.553999900817871,7.739999771118164,11710,0.0,0.0
2024-01-25 13:30:00-05:00,7.739999771118164,7.739999771118164,7.710000038146973,7.730000019073486,3057,0.0,0.0
2024-01-25 14:30:00-05:00,7.679999828338623,7.730000019073486,7.679999828338623,7.710000038146973,1781,0.0,0.0
2024-01-25 15:30:00-05:00,7.71999979019165,7.71999979019165,7.670000076293945,7.679999828338623,4128,0.0,0.0
2024-01-26 09:30:00-05:00,7.630000114440918,7.715000152587891,7.564000129699707,7.715000152587891,10855,0.0,0.0
2024-01-26 10:30:00-05:00,7.690000057220459,7.699999809265137,7.659999847412109,7.690000057220459,806,0.0,0.0
2024-01-26 11:30:00-05:00,7.635000228881836,7.684999942779541,7.635000228881836,7.684999942779541,421,0.0,0.0
2024-01-26 12:30:00-05:00,7.650000095367432,7.650000095367432,7.650000095367432,7.650000095367432,542,0.0,0.0
2024-01-26 13:30:00-05:00,7.6184000968933105,7.699999809265137,7.590000152587891,7.699999809265137,2863,0.0,0.0
2024-01-26 14:30:00-05:00,7.679999828338623,7.679999828338623,7.610000133514404,7.613999843597412,2923,0.0,0.0
2024-01-26 15:30:00-05:00,7.630000114440918,7.630000114440918,7.559999942779541,7.5920000076293945,5545,0.0,0.0
2024-01-29 09:30:00-05:00,7.599999904632568,7.599999904632568,7.5,7.5,8812,0.0,0.0
2024-01-29 10:30:00-05:00,7.579999923706055,7.650000095367432,7.569900035858154,7.570000171661377,5133,0.0,0.0
2024-01-29 11:30:00-05:00,7.599999904632568,7.639999866485596,7.599999904632568,7.619999885559082,2577,0.0,0.0
2024-01-29 12:30:00-05:00,7.630000114440918,7.630000114440918,7.619999885559082,7.619999885559082,1073,0.0,0.0
2024-01-29 13:30:00-05:00,7.619999885559082,7.650000095367432,7.619999885559082,7.650000095367432,982,0.0,0.0
2024-01-29 14:30:00-05:00,7.699999809265137,7.699999809265137,7.590000152587891,7.6585001945495605,7649,0.0,0.0
2024-01-29 15:30:00-05:00,7.699999809265137,7.75,7.635000228881836,7.739999771118164,10191,0.0,0.0
2024-01-30 09:30:00-05:00,7.78000020980835,7.8881001472473145,7.559999942779541,7.559999942779541,6391,0.0,0.0
2024-01-30 10:30:00-05:00,7.650000095367432,7.690000057220459,7.639999866485596,7.679999828338623,2907,0.0,0.0
2024-01-30 11:30:00-05:00,7.690000057220459,7.789999961853027,7.690000057220459,7.789999961853027,1245,0.0,0.0
2024-01-30 12:30:00-05:00,7.739999771118164,7.739999771118164,7.639999866485596,7.648600101470947,3694,0.0,0.0
2024-01-30 13:30:00-05:00,7.695000171661377,7.695000171661377,7.679999828338623,7.679999828338623,592,0.0,0.0
2024-01-30 14:30:00-05:00,7.659999847412109,7.679999828338623,7.613999843597412,7.639999866485596,3943,0.0,0.0
2024-01-30 15:30:00-05:00,7.670000076293945,7.735000133514404,7.659999847412109,7.679999828338623,3934,0.0,0.0
2024-01-31 09:30:00-05:00,7.630000114440918,7.650000095367432,7.53000020980835,7.559999942779541,9842,0.0,0.0
2024-01-31 10:30:00-05:00,7.559999942779541,7.565000057220459,7.510000228881836,7.53000020980835,3278,0.0,0.0
2024-01-31 11:30:00-05:00,7.525000095367432,7.570000171661377,7.5,7.53000020980835,7163,0.0,0.0
2024-01-31 12:30:00-05:00,7.550000190734863,7.550000190734863,7.519999980926514,7.534999847412109,2064,0.0,0.0
2024-01-31 13:30:00-05:00,7.550000190734863,7.550000190734863,7.504000186920166,7.519999980926514,4684,0.0,0.0
2024-01-31 14:30:00-05:00,7.539999961853027,7.630000114440918,7.5,7.590000152587891,9093,0.0,0.0
2024-01-31 15:30:00-05:00,7.570000171661377,7.5777997970581055,7.5,7.514999866485596,15322,0.0,0.0
2024-02-01 09:30:00-05:00,7.659999847412109,7.914999961853027,7.625,7.869999885559082,9523,0.0,0.0
2024-02-01 10:30:00-05:00,7.908999919891357,7.940000057220459,7.630000114440918,7.760000228881836,26754,0.0,0.0
2024-02-01 11:30:00-05:00,7.820000171661377,7.893799781799316,7.815000057220459,7.889999866485596,11429,0.0,0.0
2024-02-01 12:30:00-05:00,7.840000152587891,7.909999847412109,7.78000020980835,7.89900016784668,27944,0.0,0.0
2024-02-01 13:30:00-05:00,7.809599876403809,7.909999847412109,7.809599876403809,7.909999847412109,3339,0.0,0.0
2024-02-01 14:30:00-05:00,7.906000137329102,7.909999847412109,7.840000152587891,7.849999904632568,8414,0.0,0.0
2024-02-01 15:30:00-05:00,7.8460001945495605,7.849999904632568,7.800000190734863,7.829999923706055,17859,0.0,0.0
2024-02-02 09:30:00-05:00,7.730000019073486,7.730000019073486,7.679999828338623,7.690000057220459,2006,0.0,0.0
2024-02-02 10:30:00-05:00,7.75,7.800000190734863,7.679999828338623,7.730000019073486,10700,0.0,0.0
2024-02-02 11:30:00-05:00,7.760000228881836,7.800000190734863,7.710000038146973,7.760000228881836,6433,0.0,0.0
2024-02-02 12:30:00-05:00,7.789999961853027,7.800000190734863,7.730000019073486,7.800000190734863,3537,0.0,0.0
2024-02-02 13:30:00-05:00,7.800000190734863,7.960000038146973,7.789999961853027,7.838699817657471,9547,0.0,0.0
2024-02-02 14:30:00-05:00,7.869999885559082,7.889999866485596,7.840000152587891,7.885000228881836,5750,0.0,0.0
2024-02-02 15:30:00-05:00,7.903900146484375,7.909999847412109,7.800000190734863,7.800000190734863,18203,0.0,0.0
2024-02-05 09:30:00-05:00,7.920000076293945,7.920000076293945,7.659999847412109,7.693699836730957,29677,0.0,0.0
2024-02-05 10:30:00-05:00,7.710000038146973,7.710000038146973,7.670000076293945,7.670000076293945,1390,0.0,0.0
2024-02-05 11:30:00-05:00,7.690000057220459,7.75,7.67140007019043,7.739999771118164,5359,0.0,0.0
2024-02-05 12:30:00-05:00,7.75,7.75,7.730000019073486,7.735000133514404,1851,0.0,0.0
2024-02-05 13:30:00-05:00,7.739999771118164,7.760000228881836,7.730000019073486,7.760000228881836,4114,0.0,0.0
2024-02-05 14:30:00-05:00,7.75,7.800000190734863,7.71999979019165,7.75,8057,0.0,0.0
2024-02-05 15:30:00-05:00,7.75,7.764999866485596,7.690000057220459,7.711999893188477,14787,0.0,0.0
2024-02-06 09:30:00-05:00,7.679999828338623,7.754000186920166,7.650000095367432,7.710000038146973,10786,0.0,0.0
2024-02-06 10:30:00-05:00,7.715000152587891,7.829999923706055,7.679999828338623,7.829999923706055,5483,0.0,0.0
2024-02-06 11:30:00-05:00,7.795000076293945,7.820000171661377,7.739999771118164,7.739999771118164,2424,0.0,0.0
2024-02-06 12:30:00-05:00,7.71999979019165,7.75,7.682000160217285,7.75,2421,0.0,0.0
2024-02-06 13:30:00-05:00,7.800000190734863,7.809999942779541,7.744999885559082,7.760000228881836,3514,0.0,0.0
2024-02-06 14:30:00-05:00,7.760000228881836,7.78000020980835,7.710000038146973,7.760000228881836,5097,0.0,0.0
2024-02-06 15:30:00-05:00,7.769999980926514,7.769999980926514,7.71999979019165,7.769999980926514,15646,0.0,0.0
2024-02-07 09:30:00-05:00,7.829999923706055,7.829999923706055,7.690000057220459,7.760000228881836,3997,0.0,0.0
2024-02-07 10:30:00-05:00,7.75,7.769999980926514,7.711999893188477,7.75,2961,0.0,0.0
2024-02-07 11:30:00-05:00,7.730000019073486,7.730000019073486,7.659999847412109,7.695000171661377,3372,0.0,0.0
2024-02-07 12:30:00-05:00,7.71999979019165,7.71999979019165,7.633999824523926,7.633999824523926,616,0.0,0.0
2024-02-07 13:30:00-05:00,7.695000171661377,7.699999809265137,7.659999847412109,7.670100212097168,2333,0.0,0.0
2024-02-07 14:30:00-05:00,7.673999786376953,7.699999809265137,7.664999961853027,7.679999828338623,1716,0.0,0.0
2024-02-07 15:30:00-05:00,7.670000076293945,7.670000076293945,7.564000129699707,7.659999847412109,9481,0.0,0.0
2024-02-08 09:30:00-05:00,7.630000114440918,7.657700061798096,7.519999980926514,7.6350998878479,2828,0.0,0.0
2024-02-08 10:30:00-05:00,7.682000160217285,7.697400093078613,7.579999923706055,7.579999923706055,875,0.0,0.0
2024-02-08 11:30:00-05:00,7.679999828338623,7.679999828338623,7.610000133514404,7.650000095367432,2253,0.0,0.0
2024-02-08 12:30:00-05:00,7.619999885559082,7.650000095367432,7.610000133514404,7.650000095367432,12747,0.0,0.0
2024-02-08 13:30:00-05:00,7.619999885559082,7.650000095367432,7.619999885559082,7.619999885559082,2012,0.0,0.0
2024-02-08 14:30:00-05:00,7.610000133514404,7.619999885559082,7.53000020980835,7.579999923706055,4544,0.0,0.0
2024-02-08 15:30:00-05:00,7.630000114440918,7.670000076293945,7.579999923706055,7.639999866485596,11246,0.0,0.0
2024-02-09 09:30:00-05:00,6.739999771118164,6.739999771118164,5.605000019073486,5.71999979019165,103701,0.0,0.0
2024-02-09 10:30:00-05:00,5.730000019073486,6.0,5.71999979019165,5.989999771118164,51177,0.0,0.0
2024-02-09 11:30:00-05:00,5.974999904632568,6.010000228881836,5.809999942779541,5.833600044250488,29834,0.0,0.0
2024-02-09 12:30:00-05:00,5.829999923706055,5.829999923706055,5.679999828338623,5.731800079345703,88674,0.0,0.0
2024-02-09 13:30:00-05:00,5.730000019073486,5.78000020980835,5.699999809265137,5.769999980926514,41372,0.0,0.0
2024-02-09 14:30:00-05:00,5.764999866485596,5.829999923706055,5.730000019073486,5.767499923706055,44337,0.0,0.0
2024-02-09 15:30:00-05:00,5.775000095367432,5.820000171661377,5.760000228881836,5.775000095367432,34435,0.0,0.0
2024-02-12 09:30:00-05:00,5.670000076293945,5.730000019073486,5.5,5.5,158619,0.0,0.0
2024-02-12 10:30:00-05:00,5.5,5.659999847412109,5.5,5.559999942779541,30028,0.0,0.0
2024-02-12 11:30:00-05:00,5.5528998374938965,5.599999904632568,5.5528998374938965,5.599999904632568,29421,0.0,0.0
2024-02-12 12:30:00-05:00,5.599999904632568,5.840000152587891,5.550000190734863,5.789999961853027,43236,0.0,0.0
2024-02-12 13:30:00-05:00,5.800000190734863,5.820099830627441,5.679999828338623,5.78000020980835,26149,0.0,0.0
2024-02-12 14:30:00-05:00,5.760000228881836,5.840000152587891,5.75,5.840000152587891,18671,0.0,0.0
2024-02-12 15:30:00-05:00,5.840000152587891,5.949999809265137,5.840000152587891,5.880099773406982,29204,0.0,0.0
2024-02-13 09:30:00-05:00,5.829999923706055,5.920000076293945,5.75,5.849999904632568,22457,0.0,0.0
2024-02-13 10:30:00-05:00,5.811800003051758,5.829999923706055,5.730000019073486,5.760000228881836,12723,0.0,0.0
2024-02-13 11:30:00-05:00,5.760000228881836,5.78000020980835,5.688199996948242,5.71999979019165,8018,0.0,0.0
2024-02-13 12:30:00-05:00,5.71999979019165,5.920000076293945,5.71999979019165,5.889999866485596,37955,0.0,0.0
2024-02-13 13:30:00-05:00,5.909999847412109,5.909999847412109,5.795000076293945,5.795000076293945,6465,0.0,0.0
2024-02-13 14:30:00-05:00,5.800000190734863,5.800000190734863,5.610000133514404,5.610000133514404,14547,0.0,0.0
2024-02-13 15:30:00-05:00,5.619999885559082,5.715000152587891,5.619999885559082,5.679999828338623,16923,0.0,0.0
2024-02-14 09:30:00-05:00,5.710000038146973,5.849999904632568,5.710000038146973,5.849999904632568,8846,0.0,0.0
2024-02-14 10:30:00-05:00,5.854000091552734,5.96999979019165,5.849999904632568,5.96999979019165,8666,0.0,0.0
2024-02-14 11:30:00-05:00,5.984799861907959,6.0,5.920000076293945,5.929999828338623,31712,0.0,0.0
2024-02-14 12:30:00-05:00,5.922399997711182,6.0,5.922399997711182,6.0,9678,0.0,0.0
2024-02-14 13:30:00-05:00,6.0,6.019999980926514,5.935999870300293,5.935999870300293,24420,0.0,0.0
2024-02-14 14:30:00-05:00,5.949999809265137,6.005000114440918,5.929999828338623,6.0,6509,0.0,0.0
2024-02-14 15:30:00-05:00,5.989999771118164,6.0,5.980000019073486,5.989999771118164,8868,0.0,0.0
2024-02-15 09:30:00-05:00,6.110000133514404,6.110000133514404,5.920000076293945,5.989999771118164,16392,0.0,0.0
2024-02-15 10:30:00-05:00,5.980000019073486,5.980000019073486,5.820400238037109,5.823800086975098,8624,0.0,0.0
2024-02-15 11:30:00-05:00,5.868000030517578,5.889999866485596,5.862100124359131,5.889999866485596,2175,0.0,0.0
2024-02-15 12:30:00-05:00,5.880000114440918,6.039999961853027,5.880000114440918,6.0,17415,0.0,0.0
2024-02-15 13:30:00-05:00,6.019999980926514,6.059899806976318,5.929999828338623,5.989999771118164,16159,0.0,0.0
2024-02-15 14:30:00-05:00,6.050000190734863,6.070000171661377,5.989999771118164,6.014999866485596,25710,0.0,0.0
2024-02-15 15:30:00-05:00,6.014999866485596,6.014999866485596,5.96999979019165,5.980000019073486,9615,0.0,0.0
2024-02-16 09:30:00-05:00,5.96999979019165,5.986499786376953,5.909999847412109,5.909999847412109,9553,0.0,0.0
2024-02-16 10:30:00-05:00,5.900000095367432,5.929900169372559,5.860000133514404,5.860000133514404,5112,0.0,0.0
2024-02-16 11:30:00-05:00,5.915800094604492,5.920000076293945,5.849999904632568,5.920000076293945,21959,0.0,0.0
2024-02-16 12:30:00-05:00,5.949999809265137,5.96999979019165,5.940000057220459,5.96999979019165,2653,0.0,0.0
2024-02-16 13:30:00-05:00,5.980000019073486,6.0,5.96999979019165,5.970099925994873,13449,0.0,0.0
2024-02-16 14:30:00-05:00,5.96999979019165,6.0,5.949999809265137,5.96999979019165,10322,0.0,0.0
2024-02-16 15:30:00-05:00,5.96999979019165,5.989999771118164,5.929999828338623,5.929999828338623,5031,0.0,0.0
2024-02-20 09:30:00-05:00,5.860000133514404,5.929999828338623,5.849999904632568,5.900000095367432,27071,0.0,0.0
2024-02-20 10:30:00-05:00,5.940000057220459,6.010000228881836,5.940000057220459,5.96999979019165,14674,0.0,0.0
2024-02-20 11:30:00-05:00,5.96999979019165,5.96999979019165,5.920000076293945,5.920100212097168,5965,0.0,0.0
2024-02-20 12:30:00-05:00,5.900000095367432,5.940000057220459,5.900000095367432,5.940000057220459,9296,0.0,0.0
2024-02-20 13:30:00-05:00,5.940000057220459,5.989999771118164,5.940000057220459,5.980000019073486,8843,0.0,0.0
2024-02-20 14:30:00-05:00,5.980000019073486,6.0,5.920000076293945,5.989999771118164,20074,0.0,0.0
2024-02-20 15:30:00-05:00,5.980000019073486,5.980000019073486,5.860000133514404,5.880000114440918,8561,0.0,0.0
2024-02-21 09:30:00-05:00,5.840000152587891,6.069200038909912,5.840000152587891,5.949999809265137,16767,0.0,0.0
2024-02-21 10:30:00-05:00,5.949999809265137,5.949999809265137,5.849999904632568,5.849999904632568,9032,0.0,0.0
2024-02-21 11:30:00-05:00,5.849999904632568,5.940000057220459,5.849999904632568,5.909999847412109,12220,0.0,0.0
2024-02-21 12:30:00-05:00,5.909999847412109,5.957399845123291,5.900000095367432,5.9394001960754395,3215,0.0,0.0
2024-02-21 13:30:00-05:00,5.945000171661377,5.945000171661377,5.914999961853027,5.920000076293945,9819,0.0,0.0
2024-02-21 14:30:00-05:00,5.920000076293945,5.929999828338623,5.800000190734863,5.809999942779541,16924,0.0,0.0
2024-02-21 15:30:00-05:00,5.849999904632568,5.849999904632568,5.800000190734863,5.809999942779541,10151,0.0,0.0
2024-02-22 09:30:00-05:00,5.840000152587891,5.897900104522705,5.75,5.760000228881836,27322,0.0,0.0
2024-02-22 10:30:00-05:00,5.76639986038208,5.822999954223633,5.710000038146973,5.730000019073486,10652,0.0,0.0
2024-02-22 11:30:00-05:00,5.730000019073486,5.730000019073486,5.659999847412109,5.670000076293945,7569,0.0,0.0
2024-02-22 12:30:00-05:00,5.670000076293945,5.730000019073486,5.659999847412109,5.727200031280518,9372,0.0,0.0
2024-02-22 13:30:00-05:00,5.730000019073486,5.739999771118164,5.718999862670898,5.71999979019165,5191,0.0,0.0
2024-02-22 14:30:00-05:00,5.736199855804443,5.736199855804443,5.690000057220459,5.730000019073486,12773,0.0,0.0
2024-02-22 15:30:00-05:00,5.730000019073486,5.730000019073486,5.659999847412109,5.690000057220459,11724,0.0,0.0
2024-02-23 09:30:00-05:00,5.710000038146973,5.760000228881836,5.692399978637695,5.692399978637695,5068,0.0,0.0
2024-02-23 10:30:00-05:00,5.715000152587891,5.769999980926514,5.715000152587891,5.760000228881836,7226,0.0,0.0
2024-02-23 11:30:00-05:00,5.78000020980835,5.900000095367432,5.78000020980835,5.900000095367432,3771,0.0,0.0
2024-02-23 12:30:00-05:00,5.889999866485596,5.940000057220459,5.889999866485596,5.900000095367432,8718,0.0,0.0
2024-02-23 13:30:00-05:00,5.909999847412109,5.914999961853027,5.880000114440918,5.909999847412109,12560,0.0,0.0
2024-02-23 14:30:00-05:00,5.914999961853027,6.019999980926514,5.914999961853027,6.019999980926514,34307,0.0,0.0
2024-02-23 15:30:00-05:00,6.03000020980835,6.050000190734863,5.978000164031982,6.03000020980835,9097,0.0,0.0
2024-02-26 09:30:00-05:00,6.0,6.300000190734863,5.949999809265137,6.300000190734863,57388,0.0,0.0
2024-02-26 10:30:00-05:00,6.302000045776367,6.302000045776367,6.099999904632568,6.099999904632568,15808,0.0,0.0
2024-02-26 11:30:00-05:00,6.090000152587891,6.159999847412109,6.090000152587891,6.139999866485596,5710,0.0,0.0
2024-02-26 12:30:00-05:00,6.139999866485596,6.1479997634887695,6.050000190734863,6.130000114440918,15306,0.0,0.0
2024-02-26 13:30:00-05:00,6.119999885559082,6.190000057220459,6.119999885559082,6.150000095367432,15387,0.0,0.0
2024-02-26 14:30:00-05:00,6.15500020980835,6.260000228881836,6.119999885559082,6.21999979019165,23085,0.0,0.0
2024-02-26 15:30:00-05:00,6.21999979019165,6.21999979019165,6.150000095367432,6.210000038146973,10692,0.0,0.0
2024-02-27 09:30:00-05:00,6.099999904632568,6.38070011138916,6.099999904632568,6.320000171661377,37334,0.0,0.0
2024-02-27 10:30:00-05:00,6.320000171661377,6.360000133514404,6.199999809265137,6.210000038146973,18235,0.0,0.0
2024-02-27 11:30:00-05:00,6.210000038146973,6.210000038146973,6.099999904632568,6.110000133514404,13619,0.0,0.0
2024-02-27 12:30:00-05:00,6.110000133514404,6.164999961853027,6.110000133514404,6.130000114440918,9686,0.0,0.0
2024-02-27 13:30:00-05:00,6.135000228881836,6.195000171661377,6.119999885559082,6.190000057220459,9176,0.0,0.0
2024-02-27 14:30:00-05:00,6.139999866485596,6.190000057220459,6.139999866485596,6.175000190734863,9075,0.0,0.0
2024-02-27 15:30:00-05:00,6.164999961853027,6.179999828338623,6.130000114440918,6.170000076293945,8429,0.0,0.0
2024-02-28 09:30:00-05:00,6.130000114440918,6.139999866485596,6.079999923706055,6.110000133514404,4200,0.0,0.0
2024-02-28 10:30:00-05:00,6.119999885559082,6.119999885559082,6.014999866485596,6.014999866485596,8556,0.0,0.0
2024-02-28 11:30:00-05:00,6.03000020980835,6.059999942779541,6.0,6.010000228881836,7798,0.0,0.0
2024-02-28 12:30:00-05:00,6.010000228881836,6.070000171661377,6.010000228881836,6.070000171661377,7151,0.0,0.0
2024-02-28 13:30:00-05:00,6.074999809265137,6.074999809265137,6.050000190734863,6.050000190734863,8703,0.0,0.0
2024-02-28 14:30:00-05:00,6.050000190734863,6.070000171661377,6.03000020980835,6.059999942779541,11512,0.0,0.0
2024-02-28 15:30:00-05:00,6.065000057220459,6.070000171661377,6.010000228881836,6.059999942779541,10704,0.0,0.0
2024-02-29 09:30:00-05:00,6.070000171661377,6.130000114440918,6.0,6.112400054931641,35684,0.0,0.0
2024-02-29 10:30:00-05:00,6.099999904632568,6.175000190734863,6.099999904632568,6.170000076293945,5470,0.0,0.0
2024-02-29 11:30:00-05:00,6.170000076293945,6.170000076293945,6.130000114440918,6.151199817657471,15219,0.0,0.0
2024-02-29 12:30:00-05:00,6.150000095367432,6.198200225830078,6.150000095367432,6.190000057220459,3694,0.0,0.0
2024-02-29 13:30:00-05:00,6.199999809265137,6.25,6.199999809265137,6.210000038146973,6975,0.0,0.0
2024-02-29 14:30:00-05:00,6.199999809265137,6.244999885559082,6.159999847412109,6.159999847412109,14337,0.0,0.0
2024-02-29 15:30:00-05:00,6.150000095367432,6.179999828338623,6.135000228881836,6.150000095367432,9296,0.0,0.0
2024-03-01 09:30:00-05:00,6.150000095367432,6.170000076293945,6.119999885559082,6.170000076293945,1604,0.0,0.0
2024-03-01 10:30:00-05:00,6.204999923706055,6.25,6.190000057220459,6.199999809265137,6415,0.0,0.0
2024-03-01 11:30:00-05:00,6.239999771118164,6.28000020980835,6.230000019073486,6.269999980926514,2277,0.0,0.0
2024-03-01 12:30:00-05:00,6.284999847412109,6.369999885559082,6.25,6.300000190734863,33232,0.0,0.0
2024-03-01 13:30:00-05:00,6.340000152587891,6.380000114440918,6.320000171661377,6.340000152587891,8438,0.0,0.0
2024-03-01 14:30:00-05:00,6.329999923706055,6.349999904632568,6.25,6.25,10737,0.0,0.0
2024-03-01 15:30:00-05:00,6.25,6.25,6.170000076293945,6.190000057220459,10192,0.0,0.0
2024-03-04 09:30:00-05:00,6.159999847412109,6.224999904632568,6.039999961853027,6.050000190734863,21883,0.0,0.0
2024-03-04 10:30:00-05:00,6.070000171661377,6.210000038146973,6.070000171661377,6.199999809265137,4012,0.0,0.0
2024-03-04 11:30:00-05:00,6.210000038146973,6.239999771118164,6.159999847412109,6.159999847412109,10760,0.0,0.0
2024-03-04 12:30:00-05:00,6.139999866485596,6.215000152587891,6.130000114440918,6.184999942779541,6392,0.0,0.0
2024-03-04 13:30:00-05:00,6.160999774932861,6.210000038146973,6.150000095367432,6.190000057220459,6348,0.0,0.0
2024-03-04 14:30:00-05:00,6.189899921417236,6.24459981918335,6.159999847412109,6.190000057220459,10074,0.0,0.0
2024-03-04 15:30:00-05:00,6.170000076293945,6.210000038146973,6.139999866485596,6.170000076293945,74788,0.0,0.0
2024-03-05 09:30:00-05:00,6.139999866485596,6.21999979019165,6.079999923706055,6.099999904632568,24399,0.0,0.0
2024-03-05 10:30:00-05:00,6.130000114440918,6.159999847412109,6.039999961853027,6.099999904632568,13785,0.0,0.0
2024-03-05 11:30:00-05:00,6.050000190734863,6.074999809265137,6.010000228881836,6.057499885559082,0,0.0,0.0
2024-03-05 12:30:00-05:00,6.090000152587891,6.090000152587891,6.010000228881836,6.025000095367432,4186,0.0,0.0
2024-03-05 13:30:00-05:00,6.019999980926514,6.070000171661377,6.019999980926514,6.059999942779541,3847,0.0,0.0
2024-03-05 14:30:00-05:00,6.070000171661377,6.070000171661377,5.909999847412109,5.909999847412109,6859,0.0,0.0
2024-03-05 15:30:00-05:00,5.909999847412109,5.920000076293945,5.860000133514404,5.909999847412109,67665,0.0,0.0
2024-03-06 09:30:00-05:00,5.96999979019165,6.03000020980835,5.869999885559082,5.909999847412109,20795,0.0,0.0
2024-03-06 10:30:00-05:00,5.875,5.954999923706055,5.849999904632568,5.954999923706055,8362,0.0,0.0
2024-03-06 11:30:00-05:00,5.940000057220459,5.96999979019165,5.940000057220459,5.96999979019165,1434,0.0,0.0
2024-03-06 12:30:00-05:00,5.985000133514404,5.985000133514404,5.949999809265137,5.980000019073486,4876,0.0,0.0
2024-03-06 13:30:00-05:00,5.96999979019165,5.989999771118164,5.925000190734863,5.925000190734863,10943,0.0,0.0
2024-03-06 14:30:00-05:00,5.909999847412109,5.929999828338623,5.820000171661377,5.840000152587891,4988,0.0,0.0
2024-03-06 15:30:00-05:00,5.840000152587891,5.900000095367432,5.840000152587891,5.869999885559082,67198,0.0,0.0
2024-03-07 09:30:00-05:00,5.849999904632568,6.019999980926514,5.849999904632568,5.940000057220459,29672,0.0,0.0
2024-03-07 10:30:00-05:00,5.960000038146973,6.050000190734863,5.960000038146973,6.040599822998047,1951,0.0,0.0
2024-03-07 11:30:00-05:00,6.059999942779541,6.139999866485596,6.03000020980835,6.054999828338623,23182,0.0,0.0
2024-03-07 12:30:00-05:00,6.07480001449585,6.130000114440918,6.028200149536133,6.114999771118164,8557,0.0,0.0
2024-03-07 13:30:00-05:00,6.1168999671936035,6.210000038146973,6.099999904632568,6.099999904632568,22044,0.0,0.0
2024-03-07 14:30:00-05:00,6.114999771118164,6.149199962615967,6.070000171661377,6.114999771118164,17638,0.0,0.0
2024-03-07 15:30:00-05:00,6.083000183105469,6.099999904632568,6.019999980926514,6.020999908447266,12986,0.0,0.0
2024-03-08 09:30:00-05:00,6.119999885559082,6.260000228881836,6.119999885559082,6.159999847412109,12980,0.0,0.0
2024-03-08 10:30:00-05:00,6.170000076293945,6.300000190734863,6.164999961853027,6.25,15503,0.0,0.0
2024-03-08 11:30:00-05:00,6.170000076293945,6.260000228881836,6.150000095367432,6.199999809265137,14561,0.0,0.0
2024-03-08 12:30:00-05:00,6.21999979019165,6.25,6.150000095367432,6.179999828338623,18623,0.0,0.0
2024-03-08 13:30:00-05:00,6.199999809265137,6.269999980926514,6.110000133514404,6.135000228881836,17985,0.0,0.0
2024-03-08 14:30:00-05:00,6.119999885559082,6.230000019073486,6.099999904632568,6.159999847412109,21330,0.0,0.0
2024-03-08 15:30:00-05:00,6.130000114440918,6.199999809265137,6.110000133514404,6.110000133514404,16578,0.0,0.0
2024-03-11 09:30:00-04:00,6.25,6.4741997718811035,6.179999828338623,6.350299835205078,39940,0.0,0.0
2024-03-11 10:30:00-04:00,6.389999866485596,6.599999904632568,6.380000114440918,6.579999923706055,50717,0.0,0.0
2024-03-11 11:30:00-04:00,6.610000133514404,6.670000076293945,6.559999942779541,6.630000114440918,11912,0.0,0.0
2024-03-11 12:30:00-04:00,6.610000133514404,6.619999885559082,6.5,6.539999961853027,24354,0.0,0.0
2024-03-11 13:30:00-04:00,6.539999961853027,6.599999904632568,6.510000228881836,6.53000020980835,11260,0.0,0.0
2024-03-11 14:30:00-04:00,6.53000020980835,6.579999923706055,6.5,6.53000020980835,27632,0.0,0.0
2024-03-11 15:30:00-04:00,6.538000106811523,6.559999942779541,6.510000228881836,6.519999980926514,28286,0.0,0.0
2024-03-12 09:30:00-04:00,6.519999980926514,6.539999961853027,6.420000076293945,6.489999771118164,39231,0.0,0.0
2024-03-12 10:30:00-04:00,6.5,6.539999961853027,6.465000152587891,6.5,21185,0.0,0.0
2024-03-12 11:30:00-04:00,6.505000114440918,6.510000228881836,6.389999866485596,6.389999866485596,12802,0.0,0.0
2024-03-12 12:30:00-04:00,6.40500020980835,6.460000038146973,6.380000114440918,6.449999809265137,12625,0.0,0.0
2024-03-12 13:30:00-04:00,6.449999809265137,6.449999809265137,6.380000114440918,6.449999809265137,9916,0.0,0.0
2024-03-12 14:30:00-04:00,6.46999979019165,6.46999979019165,6.400000095367432,6.429999828338623,10119,0.0,0.0
2024-03-12 15:30:00-04:00,6.429999828338623,6.46999979019165,6.349999904632568,6.389999866485596,34758,0.0,0.0
2024-03-13 09:30:00-04:00,6.409999847412109,6.506999969482422,6.409999847412109,6.489999771118164,10088,0.0,0.0
2024-03-13 10:30:00-04:00,6.4899001121521,6.4899001121521,6.409999847412109,6.449999809265137,15249,0.0,0.0
2024-03-13 11:30:00-04:00,6.440000057220459,6.474999904632568,6.440000057220459,6.46999979019165,10884,0.0,0.0
2024-03-13 12:30:00-04:00,6.460000038146973,6.46999979019165,6.429999828338623,6.460000038146973,3568,0.0,0.0
2024-03-13 13:30:00-04:00,6.460000038146973,6.46999979019165,6.400000095367432,6.400000095367432,12519,0.0,0.0
2024-03-13 14:30:00-04:00,6.420000076293945,6.460000038146973,6.380000114440918,6.380000114440918,12349,0.0,0.0
2024-03-13 15:30:00-04:00,6.349999904632568,6.380000114440918,6.320000171661377,6.380000114440918,6960,0.0,0.0
2024-03-14 09:30:00-04:00,6.369999885559082,6.46999979019165,6.320000171661377,6.340000152587891,14735,0.0,0.0
2024-03-14 10:30:00-04:00,6.349999904632568,6.389999866485596,6.309999942779541,6.320000171661377,15083,0.0,0.0
2024-03-14 11:30:00-04:00,6.349999904632568,6.360000133514404,6.295000076293945,6.303199768066406,17028,0.0,0.0
2024-03-14 12:30:00-04:00,6.309999942779541,6.369999885559082,6.28000020980835,6.329999923706055,13719,0.0,0.0
2024-03-14 13:30:00-04:00,6.327899932861328,6.400000095367432,6.300099849700928,6.380000114440918,10742,0.0,0.0
2024-03-14 14:30:00-04:00,6.380000114440918,6.380000114440918,6.329999923706055,6.329999923706055,4269,0.0,0.0
2024-03-14 15:30:00-04:00,6.320000171661377,6.369999885559082,6.320000171661377,6.360000133514404,9921,0.0,0.0
2024-03-15 09:30:00-04:00,6.289999961853027,6.409999847412109,6.289999961853027,6.378699779510498,32759,0.0,0.0
2024-03-15 10:30:00-04:00,6.416900157928467,6.465000152587891,6.3821001052856445,6.400000095367432,6389,0.0,0.0
2024-03-15 11:30:00-04:00,6.389999866485596,6.429999828338623,6.380000114440918,6.389999866485596,927,0.0,0.0
2024-03-15 12:30:00-04:00,6.409999847412109,6.420000076293945,6.371600151062012,6.420000076293945,4900,0.0,0.0
2024-03-15 13:30:00-04:00,6.429999828338623,6.449999809265137,6.429999828338623,6.449999809265137,2510,0.0,0.0
2024-03-15 14:30:00-04:00,6.409999847412109,6.519999980926514,6.409999847412109,6.440000057220459,10604,0.0,0.0
2024-03-15 15:30:00-04:00,6.449999809265137,6.460000038146973,6.409999847412109,6.460000038146973,2620,0.0,0.0
2024-03-18 09:30:00-04:00,6.349999904632568,6.349999904632568,5.861999988555908,6.199999809265137,70912,0.0,0.0
2024-03-18 10:30:00-04:00,6.150000095367432,6.300000190734863,6.139999866485596,6.230000019073486,12358,0.0,0.0
2024-03-18 11:30:00-04:00,6.309999942779541,6.369999885559082,6.280099868774414,6.369999885559082,7019,0.0,0.0
2024-03-18 12:30:00-04:00,6.380000114440918,6.449999809265137,6.340000152587891,6.429999828338623,15909,0.0,0.0
2024-03-18 13:30:00-04:00,6.420000076293945,6.480000019073486,6.34499979019165,6.389999866485596,12838,0.0,0.0
2024-03-18 14:30:00-04:00,6.400000095367432,6.440000057220459,6.320000171661377,6.349999904632568,16584,0.0,0.0
2024-03-18 15:30:00-04:00,6.320000171661377,6.320000171661377,6.260000228881836,6.28000020980835,3611,0.0,0.0
2024-03-19 09:30:00-04:00,6.210000038146973,6.380000114440918,6.179999828338623,6.380000114440918,17806,0.0,0.0
2024-03-19 10:30:00-04:00,6.420000076293945,6.460000038146973,6.360000133514404,6.429999828338623,15524,0.0,0.0
2024-03-19 11:30:00-04:00,6.440000057220459,6.46999979019165,6.429999828338623,6.440000057220459,11427,0.0,0.0
2024-03-19 12:30:00-04:00,6.449999809265137,6.449999809265137,6.4029998779296875,6.440000057220459,14024,0.0,0.0
2024-03-19 13:30:00-04:00,6.440000057220459,6.449999809265137,6.414999961853027,6.414999961853027,10746,0.0,0.0
2024-03-19 14:30:00-04:00,6.449999809265137,6.449999809265137,6.364999771118164,6.400000095367432,13885,0.0,0.0
2024-03-19 15:30:00-04:00,6.400000095367432,6.409999847412109,6.380000114440918,6.389999866485596,5517,0.0,0.0
2024-03-20 09:30:00-04:00,6.380000114440918,6.46999979019165,6.380000114440918,6.469900131225586,9715,0.0,0.0
2024-03-20 10:30:00-04:00,6.460000038146973,6.46999979019165,6.409999847412109,6.420000076293945,6498,0.0,0.0
2024-03-20 11:30:00-04:00,6.434000015258789,6.480000019073486,6.409999847412109,6.429999828338623,19146,0.0,0.0
2024-03-20 12:30:00-04:00,6.4120001792907715,6.420000076293945,6.375,6.380000114440918,12067,0.0,0.0
2024-03-20 13:30:00-04:00,6.389999866485596,6.460000038146973,6.389999866485596,6.400000095367432,16533,0.0,0.0
2024-03-20 14:30:00-04:00,6.429999828338623,6.46999979019165,6.423699855804443,6.460000038146973,18316,0.0,0.0
2024-03-20 15:30:00-04:00,6.449999809265137,6.449999809265137,6.420000076293945,6.425000190734863,17019,0.0,0.0
2024-03-21 09:30:00-04:00,6.440000057220459,6.539999961853027,6.440000057220459,6.480000019073486,21889,0.0,0.0
2024-03-21 10:30:00-04:00,6.46999979019165,6.489999771118164,6.400000095367432,6.440000057220459,12194,0.0,0.0
2024-03-21 11:30:00-04:00,6.449999809265137,6.489999771118164,6.445400238037109,6.454999923706055,10190,0.0,0.0
2024-03-21 12:30:00-04:00,6.454999923706055,6.519999980926514,6.454999923706055,6.480000019073486,10369,0.0,0.0
2024-03-21 13:30:00-04:00,6.489999771118164,6.510000228881836,6.449999809265137,6.449999809265137,13483,0.0,0.0
2024-03-21 14:30:00-04:00,6.449999809265137,6.454999923706055,6.394999980926514,6.440000057220459,10983,0.0,0.0
2024-03-21 15:30:00-04:00,6.440000057220459,6.440000057220459,6.409999847412109,6.425000190734863,10348,0.0,0.0
2024-03-22 09:30:00-04:00,6.409999847412109,6.5,6.409999847412109,6.434999942779541,10859,0.0,0.0
2024-03-22 10:30:00-04:00,6.428299903869629,6.46999979019165,6.376999855041504,6.429999828338623,18573,0.0,0.0
2024-03-22 11:30:00-04:00,6.440000057220459,6.480000019073486,6.429999828338623,6.449999809265137,6010,0.0,0.0
2024-03-22 12:30:00-04:00,6.460000038146973,6.46999979019165,6.449999809265137,6.46999979019165,2743,0.0,0.0
2024-03-22 13:30:00-04:00,6.46999979019165,6.5,6.389999866485596,6.420000076293945,14988,0.0,0.0
2024-03-22 14:30:00-04:00,6.420000076293945,6.46999979019165,6.420000076293945,6.449999809265137,7338,0.0,0.0
2024-03-22 15:30:00-04:00,6.428199768066406,6.428199768066406,6.34499979019165,6.34499979019165,4576,0.0,0.0
2024-03-25 09:30:00-04:00,6.369999885559082,6.460000038146973,6.34499979019165,6.379899978637695,19894,0.0,0.0
2024-03-25 10:30:00-04:00,6.360000133514404,6.439199924468994,6.360000133514404,6.429999828338623,7640,0.0,0.0
2024-03-25 11:30:00-04:00,6.409999847412109,6.460000038146973,6.389999866485596,6.409999847412109,10165,0.0,0.0
2024-03-25 12:30:00-04:00,6.40500020980835,6.460000038146973,6.40500020980835,6.460000038146973,10520,0.0,0.0
2024-03-25 13:30:00-04:00,6.449999809265137,6.495999813079834,6.446899890899658,6.46999979019165,5611,0.0,0.0
2024-03-25 14:30:00-04:00,6.440000057220459,6.489999771118164,6.420000076293945,6.489999771118164,9034,0.0,0.0
2024-03-25 15:30:00-04:00,6.480000019073486,6.480000019073486,6.360000133514404,6.380000114440918,10023,0.0,0.0
2024-03-26 09:30:00-04:00,6.460000038146973,6.46999979019165,6.360000133514404,6.389999866485596,22919,0.0,0.0
2024-03-26 10:30:00-04:00,6.400000095367432,6.46999979019165,6.394999980926514,6.420000076293945,14091,0.0,0.0
2024-03-26 11:30:00-04:00,6.409999847412109,6.449999809265137,6.409999847412109,6.429999828338623,6585,0.0,0.0
2024-03-26 12:30:00-04:00,6.440000057220459,6.46999979019165,6.414999961853027,6.414999961853027,19271,0.0,0.0
2024-03-26 13:30:00-04:00,6.429999828338623,6.4375,6.42140007019043,6.429999828338623,5497,0.0,0.0
2024-03-26 14:30:00-04:00,6.429999828338623,6.480000019073486,6.420000076293945,6.449999809265137,22766,0.0,0.0
2024-03-26 15:30:00-04:00,6.429999828338623,6.440000057220459,6.349999904632568,6.360000133514404,29826,0.0,0.0
2024-03-27 09:30:00-04:00,6.349999904632568,6.449999809265137,6.349999904632568,6.420000076293945,10419,0.0,0.0
2024-03-27 10:30:00-04:00,6.409999847412109,6.460000038146973,6.380000114440918,6.420000076293945,22836,0.0,0.0
2024-03-27 11:30:00-04:00,6.409999847412109,6.449999809265137,6.380000114440918,6.400000095367432,15374,0.0,0.0
2024-03-27 12:30:00-04:00,6.389999866485596,6.4019999504089355,6.380000114440918,6.389999866485596,3035,0.0,0.0
2024-03-27 13:30:00-04:00,6.389999866485596,6.449999809265137,6.369999885559082,6.420000076293945,27308,0.0,0.0
2024-03-27 14:30:00-04:00,6.440000057220459,6.440000057220459,6.400000095367432,6.400000095367432,6537,0.0,0.0
2024-03-27 15:30:00-04:00,6.400000095367432,6.423999786376953,6.389900207519531,6.420000076293945,15287,0.0,0.0
2024-03-28 09:30:00-04:00,6.420000076293945,6.570000171661377,6.420000076293945,6.489999771118164,16662,0.0,0.0
2024-03-28 10:30:00-04:00,6.5,6.559999942779541,6.46999979019165,6.46999979019165,17413,0.0,0.0
2024-03-28 11:30:00-04:00,6.474699974060059,6.480000019073486,6.474699974060059,6.480000019073486,1027,0.0,0.0
2024-03-28 12:30:00-04:00,6.5,6.550000190734863,6.485000133514404,6.5,18429,0.0,0.0
2024-03-28 13:30:00-04:00,6.480000019073486,6.53000020980835,6.460000038146973,6.46999979019165,12189,0.0,0.0
2024-03-28 14:30:00-04:00,6.454699993133545,6.489999771118164,6.454699993133545,6.46999979019165,6941,0.0,0.0
2024-03-28 15:30:00-04:00,6.429999828338623,6.480000019073486,6.429999828338623,6.460000038146973,10093,0.0,0.0
2024-04-01 09:30:00-04:00,6.519999980926514,6.519999980926514,6.360000133514404,6.371799945831299,45480,0.0,0.0
2024-04-01 10:30:00-04:00,6.389999866485596,6.400000095367432,6.369999885559082,6.389900207519531,12467,0.0,0.0
2024-04-01 11:30:00-04:00,6.369999885559082,6.380000114440918,6.352399826049805,6.352399826049805,1962,0.0,0.0
2024-04-01 12:30:00-04:00,6.369999885559082,6.389999866485596,6.360000133514404,6.360000133514404,6497,0.0,0.0
2024-04-01 13:30:00-04:00,6.364999771118164,6.393199920654297,6.364999771118164,6.393199920654297,3209,0.0,0.0
2024-04-01 14:30:00-04:00,6.389999866485596,6.40500020980835,6.385000228881836,6.389999866485596,8273,0.0,0.0
2024-04-01 15:30:00-04:00,6.389999866485596,6.460000038146973,6.389999866485596,6.440000057220459,12866,0.0,0.0
2024-04-02 09:30:00-04:00,6.380000114440918,6.380000114440918,6.343999862670898,6.364999771118164,4916,0.0,0.0
2024-04-02 10:30:00-04:00,6.369999885559082,6.420000076293945,6.369999885559082,6.409999847412109,8005,0.0,0.0
2024-04-02 11:30:00-04:00,6.420000076293945,6.45989990234375,6.420000076293945,6.420000076293945,13308,0.0,0.0
2024-04-02 12:30:00-04:00,6.420000076293945,6.420100212097168,6.414999961853027,6.420000076293945,4743,0.0,0.0
2024-04-02 13:30:00-04:00,6.420000076293945,6.429999828338623,6.420000076293945,6.429999828338623,3779,0.0,0.0
2024-04-02 14:30:00-04:00,6.440000057220459,6.46999979019165,6.429999828338623,6.449999809265137,16374,0.0,0.0
2024-04-02 15:30:00-04:00,6.449999809265137,6.449999809265137,6.420000076293945,6.429999828338623,4973,0.0,0.0
2024-04-03 09:30:00-04:00,6.389999866485596,6.400000095367432,6.349999904632568,6.360000133514404,13587,0.0,0.0
2024-04-03 10:30:00-04:00,6.380000114440918,6.400000095367432,6.375,6.389999866485596,17109,0.0,0.0
2024-04-03 11:30:00-04:00,6.389999866485596,6.414999961853027,6.389999866485596,6.414999961853027,11876,0.0,0.0
2024-04-03 12:30:00-04:00,6.414999961853027,6.414999961853027,6.414999961853027,6.414999961853027,247,0.0,0.0
2024-04-03 13:30:00-04:00,6.409999847412109,6.420000076293945,6.409999847412109,6.414999961853027,11744,0.0,0.0
2024-04-03 14:30:00-04:00,6.409999847412109,6.409999847412109,6.28000020980835,6.28000020980835,9067,0.0,0.0
2024-04-03 15:30:00-04:00,6.260000228881836,6.320000171661377,6.260000228881836,6.289999961853027,8925,0.0,0.0
2024-04-04 09:30:00-04:00,6.320000171661377,6.380899906158447,6.320000171661377,6.380000114440918,7303,0.0,0.0
2024-04-04 11:30:00-04:00,6.389999866485596,6.394999980926514,6.380000114440918,6.380000114440918,20461,0.0,0.0
2024-04-04 12:30:00-04:00,6.389999866485596,6.400000095367432,6.389999866485596,6.389999866485596,1779,0.0,0.0
2024-04-04 13:30:00-04:00,6.389999866485596,6.389999866485596,6.380000114440918,6.380000114440918,21083,0.0,0.0
2024-04-04 14:30:00-04:00,6.385000228881836,6.385000228881836,6.309999942779541,6.309999942779541,3563,0.0,0.0
2024-04-04 15:30:00-04:00,6.284999847412109,6.284999847412109,6.25,6.25,7567,0.0,0.0
2024-04-05 09:30:00-04:00,6.251999855041504,6.309999942779541,6.25,6.300000190734863,7101,0.0,0.0
2024-04-05 10:30:00-04:00,6.300000190734863,6.300000190734863,6.25,6.25,4477,0.0,0.0
2024-04-05 11:30:00-04:00,6.255000114440918,6.269999980926514,6.25,6.269999980926514,6600,0.0,0.0
2024-04-05 12:30:00-04:00,6.260000228881836,6.260000228881836,6.260000228881836,6.260000228881836,1230,0.0,0.0
2024-04-05 13:30:00-04:00,6.273900032043457,6.289899826049805,6.269999980926514,6.289899826049805,6265,0.0,0.0
2024-04-05 14:30:00-04:00,6.289999961853027,6.315000057220459,6.289999961853027,6.309999942779541,5264,0.0,0.0
2024-04-05 15:30:00-04:00,6.309999942779541,6.360000133514404,6.28000020980835,6.329999923706055,11698,0.0,0.0
2024-04-08 09:30:00-04:00,6.349999904632568,6.40500020980835,6.349999904632568,6.40500020980835,5109,0.0,0.0
2024-04-08 10:30:00-04:00,6.414999961853027,6.414999961853027,6.380000114440918,6.380000114440918,14176,0.0,0.0
2024-04-08 11:30:00-04:00,6.380000114440918,6.389999866485596,6.369999885559082,6.380000114440918,4212,0.0,0.0
2024-04-08 12:30:00-04:00,6.380000114440918,6.389999866485596,6.349999904632568,6.369999885559082,11328,0.0,0.0
2024-04-08 13:30:00-04:00,6.360099792480469,6.3790998458862305,6.360000133514404,6.369999885559082,2638,0.0,0.0
2024-04-08 14:30:00-04:00,6.36299991607666,6.449999809265137,6.36299991607666,6.429999828338623,23286,0.0,0.0
2024-04-08 15:30:00-04:00,6.420000076293945,6.420000076293945,6.360000133514404,6.389999866485596,6582,0.0,0.0
2024-04-09 09:30:00-04:00,6.429999828338623,6.460000038146973,6.409999847412109,6.460000038146973,14010,0.0,0.0
2024-04-09 10:30:00-04:00,6.449999809265137,6.460000038146973,6.429999828338623,6.429999828338623,5350,0.0,0.0
2024-04-09 11:30:00-04:00,6.429999828338623,6.449999809265137,6.409999847412109,6.449999809265137,3408,0.0,0.0
2024-04-09 12:30:00-04:00,6.449999809265137,6.454999923706055,6.440000057220459,6.454999923706055,3948,0.0,0.0
2024-04-09 13:30:00-04:00,6.445000171661377,6.485000133514404,6.445000171661377,6.480000019073486,8885,0.0,0.0
2024-04-09 14:30:00-04:00,6.46999979019165,6.505000114440918,6.460000038146973,6.5,15925,0.0,0.0
2024-04-09 15:30:00-04:00,6.494999885559082,6.494999885559082,6.429999828338623,6.429999828338623,15888,0.0,0.0
2024-04-10 09:30:00-04:00,6.320000171661377,6.320000171661377,6.28000020980835,6.28000020980835,6026,0.0,0.0
2024-04-10 10:30:00-04:00,6.264999866485596,6.309999942779541,6.260000228881836,6.275000095367432,0,0.0,0.0
2024-04-10 11:30:00-04:00,6.269999980926514,6.269999980926514,6.239999771118164,6.244999885559082,22230,0.0,0.0
2024-04-10 12:30:00-04:00,6.239999771118164,6.255000114440918,6.224999904632568,6.235000133514404,7382,0.0,0.0
2024-04-10 13:30:00-04:00,6.21999979019165,6.21999979019165,6.210000038146973,6.210000038146973,4630,0.0,0.0
2024-04-10 14:30:00-04:00,6.210000038146973,6.429999828338623,6.130000114440918,6.139999866485596,14518,0.0,0.0
2024-04-10 15:30:00-04:00,6.139999866485596,6.199999809265137,6.130000114440918,6.159999847412109,15622,0.0,0.0
2024-04-11 09:30:00-04:00,6.190000057220459,6.210000038146973,6.175000190734863,6.175000190734863,6217,0.0,0.0
2024-04-11 10:30:00-04:00,6.159999847412109,6.179999828338623,6.159999847412109,6.179999828338623,7529,0.0,0.0
2024-04-11 11:30:00-04:00,6.170000076293945,6.177800178527832,6.170000076293945,6.177800178527832,3213,0.0,0.0
2024-04-11 12:30:00-04:00,6.170000076293945,6.204999923706055,6.170000076293945,6.204999923706055,2915,0.0,0.0
2024-04-11 13:30:00-04:00,6.210000038146973,6.260000228881836,6.210000038146973,6.260000228881836,5696,0.0,0.0
2024-04-11 14:30:00-04:00,6.25,6.289999961853027,6.25,6.289999961853027,14966,0.0,0.0
2024-04-11 15:30:00-04:00,6.25,6.28000020980835,6.25,6.28000020980835,1998,0.0,0.0
2024-04-12 09:30:00-04:00,6.230000019073486,6.349999904632568,6.230000019073486,6.309999942779541,13470,0.0,0.0
2024-04-12 10:30:00-04:00,6.309999942779541,6.335000038146973,6.300000190734863,6.335000038146973,5215,0.0,0.0
2024-04-12 11:30:00-04:00,6.329999923706055,6.369999885559082,6.324999809265137,6.340000152587891,5551,0.0,0.0
2024-04-12 12:30:00-04:00,6.340000152587891,6.34499979019165,6.309999942779541,6.320000171661377,9300,0.0,0.0
2024-04-12 13:30:00-04:00,6.320000171661377,6.324999809265137,6.269999980926514,6.269999980926514,20294,0.0,0.0
2024-04-12 14:30:00-04:00,6.269999980926514,6.269999980926514,6.239999771118164,6.239999771118164,4334,0.0,0.0
2024-04-12 15:30:00-04:00,6.21999979019165,6.239999771118164,6.215000152587891,6.230000019073486,5739,0.0,0.0
2024-04-15 09:30:00-04:00,6.119999885559082,6.159999847412109,6.110000133514404,6.119999885559082,13747,0.0,0.0
2024-04-15 10:30:00-04:00,6.119999885559082,6.119999885559082,6.079999923706055,6.098599910736084,3738,0.0,0.0
2024-04-15 11:30:00-04:00,6.079999923706055,6.099999904632568,6.079999923706055,6.099999904632568,2639,0.0,0.0
2024-04-15 12:30:00-04:00,6.099999904632568,6.099999904632568,6.050000190734863,6.050000190734863,10427,0.0,0.0
2024-04-15 13:30:00-04:00,6.050000190734863,6.079999923706055,6.034999847412109,6.079999923706055,12635,0.0,0.0
2024-04-15 14:30:00-04:00,6.090000152587891,6.25,6.085000038146973,6.121200084686279,21292,0.0,0.0
2024-04-15 15:30:00-04:00,6.1194000244140625,6.150000095367432,6.110000133514404,6.150000095367432,9504,0.0,0.0
2024-04-16 09:30:00-04:00,6.059999942779541,6.119999885559082,6.059999942779541,6.119999885559082,5608,0.0,0.0
2024-04-16 10:30:00-04:00,6.110000133514404,6.150000095367432,6.105000019073486,6.150000095367432,2076,0.0,0.0
2024-04-16 11:30:00-04:00,6.139999866485596,6.190000057220459,6.139999866485596,6.190000057220459,3599,0.0,0.0
2024-04-16 12:30:00-04:00,6.190000057220459,6.195000171661377,6.190000057220459,6.195000171661377,5257,0.0,0.0
2024-04-16 13:30:00-04:00,6.195000171661377,6.230000019073486,6.190000057220459,6.230000019073486,11927,0.0,0.0
2024-04-16 14:30:00-04:00,6.21999979019165,6.25,6.190000057220459,6.199999809265137,15771,0.0,0.0
2024-04-16 15:30:00-04:00,6.170000076293945,6.179999828338623,6.119999885559082,6.139999866485596,6399,0.0,0.0
2024-04-17 09:30:00-04:00,6.105000019073486,6.1417999267578125,6.105000019073486,6.1417999267578125,3748,0.0,0.0
2024-04-17 10:30:00-04:00,6.170000076293945,6.199999809265137,6.150000095367432,6.190000057220459,4520,0.0,0.0
2024-04-17 11:30:00-04:00,6.179999828338623,6.190000057220459,6.159999847412109,6.159999847412109,7537,0.0,0.0
2024-04-17 12:30:00-04:00,6.170000076293945,6.179999828338623,6.150000095367432,6.179999828338623,3561,0.0,0.0
2024-04-17 13:30:00-04:00,6.175000190734863,6.204999923706055,6.175000190734863,6.179999828338623,8192,0.0,0.0
2024-04-17 14:30:00-04:00,6.210000038146973,6.230000019073486,6.199999809265137,6.199999809265137,20208,0.0,0.0
2024-04-17 15:30:00-04:00,6.159999847412109,6.175000190734863,6.110000133514404,6.119999885559082,6735,0.0,0.0
2024-04-18 09:30:00-04:00,6.150000095367432,6.150000095367432,6.090000152587891,6.150000095367432,9098,0.0,0.0
2024-04-18 10:30:00-04:00,6.159999847412109,6.159999847412109,6.140100002288818,6.140100002288818,3261,0.0,0.0
2024-04-18 11:30:00-04:00,6.170000076293945,6.199900150299072,6.170000076293945,6.199900150299072,928,0.0,0.0
2024-04-18 12:30:00-04:00,6.179999828338623,6.184999942779541,6.170000076293945,6.184999942779541,8046,0.0,0.0
2024-04-18 13:30:00-04:00,6.190000057220459,6.199999809265137,6.135000228881836,6.135000228881836,19781,0.0,0.0
2024-04-18 14:30:00-04:00,6.119999885559082,6.119999885559082,6.110000133514404,6.119999885559082,3775,0.0,0.0
2024-04-18 15:30:00-04:00,6.110000133514404,6.110000133514404,6.039999961853027,6.059999942779541,9008,0.0,0.0
2024-04-19 09:30:00-04:00,6.03000020980835,6.119999885559082,6.03000020980835,6.110000133514404,8658,0.0,0.0
2024-04-19 10:30:00-04:00,6.09499979019165,6.09499979019165,6.090000152587891,6.090000152587891,1344,0.0,0.0
2024-04-19 11:30:00-04:00,6.090000152587891,6.130000114440918,6.090000152587891,6.125,15903,0.0,0.0
2024-04-19 12:30:00-04:00,6.119999885559082,6.150000095367432,6.119999885559082,6.150000095367432,11743,0.0,0.0
2024-04-19 13:30:00-04:00,6.144999980926514,6.144999980926514,6.085000038146973,6.085000038146973,6493,0.0,0.0
2024-04-19 14:30:00-04:00,6.079999923706055,6.079999923706055,6.059999942779541,6.070000171661377,4094,0.0,0.0
2024-04-19 15:30:00-04:00,6.079899787902832,6.130000114440918,6.070000171661377,6.130000114440918,5460,0.0,0.0
2024-04-22 09:30:00-04:00,6.150000095367432,6.150000095367432,6.095300197601318,6.110000133514404,15999,0.0,0.0
2024-04-22 10:30:00-04:00,6.119999885559082,6.119999885559082,6.050000190734863,6.050000190734863,8361,0.0,0.0
2024-04-22 11:30:00-04:00,6.039999961853027,6.059999942779541,6.03000020980835,6.059999942779541,2241,0.0,0.0
2024-04-22 12:30:00-04:00,6.059999942779541,6.125,6.059999942779541,6.125,8844,0.0,0.0
2024-04-22 13:30:00-04:00,6.125,6.170000076293945,6.125,6.170000076293945,4015,0.0,0.0
2024-04-22 14:30:00-04:00,6.184999942779541,6.210000038146973,6.130000114440918,6.130000114440918,16397,0.0,0.0
2024-04-22 15:30:00-04:00,6.119999885559082,6.124199867248535,6.070000171661377,6.099999904632568,5558,0.0,0.0
2024-04-23 09:30:00-04:00,6.1350998878479,6.199999809265137,6.1350998878479,6.199999809265137,3328,0.0,0.0
2024-04-23 10:30:00-04:00,6.199999809265137,6.224999904632568,6.199999809265137,6.224999904632568,2497,0.0,0.0
2024-04-23 11:30:00-04:00,6.21999979019165,6.260000228881836,6.21999979019165,6.25,6704,0.0,0.0
2024-04-23 12:30:00-04:00,6.230100154876709,6.25,6.230100154876709,6.25,7540,0.0,0.0
2024-04-23 13:30:00-04:00,6.25,6.275000095367432,6.244999885559082,6.269999980926514,10429,0.0,0.0
2024-04-23 14:30:00-04:00,6.28000020980835,6.304999828338623,6.250999927520752,6.260000228881836,12459,0.0,0.0
2024-04-23 15:30:00-04:00,6.250999927520752,6.260000228881836,6.2210001945495605,6.230000019073486,7410,0.0,0.0
2024-04-24 09:30:00-04:00,6.199999809265137,6.239999771118164,6.199999809265137,6.199999809265137,2434,0.0,0.0
2024-04-24 10:30:00-04:00,6.21999979019165,6.21999979019165,6.21999979019165,6.21999979019165,4197,0.0,0.0
2024-04-24 11:30:00-04:00,6.210000038146973,6.210000038146973,6.199999809265137,6.204999923706055,6293,0.0,0.0
2024-04-24 12:30:00-04:00,6.199999809265137,6.215000152587891,6.199999809265137,6.210000038146973,18048,0.0,0.0
2024-04-24 13:30:00-04:00,6.21999979019165,6.25,6.21999979019165,6.230000019073486,9104,0.0,0.0
2024-04-24 14:30:00-04:00,6.260000228881836,6.260000228881836,6.230000019073486,6.25,11666,0.0,0.0
2024-04-24 15:30:00-04:00,6.25,6.260000228881836,6.21999979019165,6.239999771118164,8427,0.0,0.0
2024-04-25 09:30:00-04:00,6.119999885559082,6.119999885559082,6.119999885559082,6.119999885559082,384,0.0,0.0
2024-04-25 10:30:00-04:00,6.110000133514404,6.130000114440918,6.050000190734863,6.050000190734863,14273,0.0,0.0
2024-04-25 11:30:00-04:00,6.070000171661377,6.099999904632568,6.070000171661377,6.099999904632568,3627,0.0,0.0
2024-04-25 12:30:00-04:00,6.099999904632568,6.135000228881836,6.099999904632568,6.120999813079834,2729,0.0,0.0
2024-04-25 13:30:00-04:00,6.119999885559082,6.199999809265137,6.119999885559082,6.159999847412109,11809,0.0,0.0
2024-04-25 14:30:00-04:00,6.170000076293945,6.200900077819824,6.150000095367432,6.190000057220459,7246,0.0,0.0
2024-04-25 15:30:00-04:00,6.179999828338623,6.199999809265137,6.170000076293945,6.199999809265137,4921,0.0,0.0
2024-04-26 09:30:00-04:00,6.230000019073486,6.28000020980835,6.230000019073486,6.230000019073486,3803,0.0,0.0
2024-04-26 10:30:00-04:00,6.260000228881836,6.269999980926514,6.210000038146973,6.255000114440918,1637,0.0,0.0
2024-04-26 11:30:00-04:00,6.260000228881836,6.260000228881836,6.21999979019165,6.260000228881836,15271,0.0,0.0
2024-04-26 12:30:00-04:00,6.257800102233887,6.289999961853027,6.25,6.284999847412109,13105,0.0,0.0
2024-04-26 13:30:00-04:00,6.269999980926514,6.289999961853027,6.249599933624268,6.249599933624268,1119,0.0,0.0
2024-04-26 14:30:00-04:00,6.255000114440918,6.269999980926514,6.255000114440918,6.255000114440918,1356,0.0,0.0
2024-04-26 15:30:00-04:00,6.230000019073486,6.25,6.230000019073486,6.230000019073486,2400,0.0,0.0
2024-04-29 09:30:00-04:00,6.210000038146973,6.289999961853027,6.210000038146973,6.289999961853027,7991,0.0,0.0
2024-04-29 11:30:00-04:00,6.320000171661377,6.320000171661377,6.239999771118164,6.260000228881836,6600,0.0,0.0
2024-04-29 12:30:00-04:00,6.276199817657471,6.300000190734863,6.25,6.300000190734863,5609,0.0,0.0
2024-04-29 13:30:00-04:00,6.289999961853027,6.299900054931641,6.28000020980835,6.289999961853027,9450,0.0,0.0
2024-04-29 14:30:00-04:00,6.284999847412109,6.300000190734863,6.269999980926514,6.280099868774414,15467,0.0,0.0
2024-04-29 15:30:00-04:00,6.28000020980835,6.28000020980835,6.269999980926514,6.28000020980835,2513,0.0,0.0
2024-04-30 09:30:00-04:00,6.235000133514404,6.269999980926514,6.235000133514404,6.244999885559082,5993,0.0,0.0
2024-04-30 10:30:00-04:00,6.239999771118164,6.260000228881836,6.23859977722168,6.23859977722168,3542,0.0,0.0
2024-04-30 11:30:00-04:00,6.25,6.25,6.25,6.25,1827,0.0,0.0
2024-04-30 12:30:00-04:00,6.25,6.255000114440918,6.25,6.25,7122,0.0,0.0
2024-04-30 13:30:00-04:00,6.255000114440918,6.260000228881836,6.239999771118164,6.239999771118164,5423,0.0,0.0
2024-04-30 14:30:00-04:00,6.239999771118164,6.260000228881836,6.239999771118164,6.260000228881836,4125,0.0,0.0
2024-04-30 15:30:00-04:00,6.239999771118164,6.239999771118164,6.21999979019165,6.21999979019165,3114,0.0,0.0
2024-05-01 09:30:00-04:00,6.190000057220459,6.25,6.190000057220459,6.25,3687,0.0,0.0
2024-05-01 10:30:00-04:00,6.25,6.269999980926514,6.235000133514404,6.25,6171,0.0,0.0
2024-05-01 11:30:00-04:00,6.260000228881836,6.289999961853027,6.25,6.269999980926514,3796,0.0,0.0
2024-05-01 12:30:00-04:00,6.28000020980835,6.309999942779541,6.28000020980835,6.309999942779541,8037,0.0,0.0
2024-05-01 13:30:00-04:00,6.309999942779541,6.329999923706055,6.309999942779541,6.320000171661377,6040,0.0,0.0
2024-05-01 14:30:00-04:00,6.320000171661377,6.400000095367432,6.320000171661377,6.349999904632568,16516,0.0,0.0
2024-05-01 15:30:00-04:00,6.340000152587891,6.340000152587891,6.230000019073486,6.25,6230,0.0,0.0
2024-05-02 09:30:00-04:00,6.329999923706055,6.329999923706055,6.309999942779541,6.320000171661377,9047,0.0,0.0
2024-05-02 10:30:00-04:00,6.349999904632568,6.355000019073486,6.340000152587891,6.355000019073486,6376,0.0,0.0
2024-05-02 11:30:00-04:00,6.349999904632568,6.420000076293945,6.349999904632568,6.380000114440918,15502,0.0,0.0
2024-05-02 12:30:00-04:00,6.389999866485596,6.400000095367432,6.360000133514404,6.380000114440918,11564,0.0,0.0
2024-05-02 13:30:00-04:00,6.420000076293945,6.440000057220459,6.420000076293945,6.420000076293945,9985,0.0,0.0
2024-05-02 14:30:00-04:00,6.420000076293945,6.440000057220459,6.400100231170654,6.420000076293945,6429,0.0,0.0
2024-05-02 15:30:00-04:00,6.420000076293945,6.420100212097168,6.360000133514404,6.389999866485596,8108,0.0,0.0
2024-05-03 09:30:00-04:00,6.482399940490723,6.510000228881836,6.380000114440918,6.400000095367432,8418,0.0,0.0
2024-05-03 10:30:00-04:00,6.420000076293945,6.420000076293945,6.380000114440918,6.400000095367432,3319,0.0,0.0
2024-05-03 11:30:00-04:00,6.420000076293945,6.440000057220459,6.400000095367432,6.409999847412109,5556,0.0,0.0
2024-05-03 12:30:00-04:00,6.426799774169922,6.449999809265137,6.380000114440918,6.409999847412109,12475,0.0,0.0
2024-05-03 13:30:00-04:00,6.400000095367432,6.427199840545654,6.349999904632568,6.400000095367432,8070,0.0,0.0
2024-05-03 14:30:00-04:00,6.381100177764893,6.381100177764893,6.370800018310547,6.370800018310547,2583,0.0,0.0
2024-05-03 15:30:00-04:00,6.349999904632568,6.389999866485596,6.340000152587891,6.389999866485596,4008,0.0,0.0
2024-05-06 09:30:00-04:00,6.380000114440918,6.440000057220459,6.369999885559082,6.409999847412109,14655,0.0,0.0
2024-05-06 10:30:00-04:00,6.409999847412109,6.409999847412109,6.360000133514404,6.360000133514404,4941,0.0,0.0
2024-05-06 11:30:00-04:00,6.360000133514404,6.389999866485596,6.349999904632568,6.355000019073486,8164,0.0,0.0
2024-05-06 12:30:00-04:00,6.360000133514404,6.371099948883057,6.360000133514404,6.371099948883057,1477,0.0,0.0
2024-05-06 13:30:00-04:00,6.380000114440918,6.420000076293945,6.375,6.400000095367432,10107,0.0,0.0
2024-05-06 14:30:00-04:00,6.40500020980835,6.410099983215332,6.349999904632568,6.400000095367432,6115,0.0,0.0
2024-05-06 15:30:00-04:00,6.389999866485596,6.389999866485596,6.355000019073486,6.360000133514404,5620,0.0,0.0
2024-05-07 09:30:00-04:00,6.360000133514404,6.449999809265137,6.329999923706055,6.434999942779541,6709,0.0,0.0
2024-05-07 10:30:00-04:00,6.424799919128418,6.466400146484375,6.409999847412109,6.449999809265137,9410,0.0,0.0
2024-05-07 11:30:00-04:00,6.460000038146973,6.485000133514404,6.440000057220459,6.480000019073486,9943,0.0,0.0
2024-05-07 12:30:00-04:00,6.485000133514404,6.489999771118164,6.429999828338623,6.46999979019165,23438,0.0,0.0
2024-05-07 13:30:00-04:00,6.460000038146973,6.460100173950195,6.389999866485596,6.389999866485596,10692,0.0,0.0
2024-05-07 14:30:00-04:00,6.389999866485596,6.40500020980835,6.380000114440918,6.380000114440918,7426,0.0,0.0
2024-05-07 15:30:00-04:00,6.369999885559082,6.414999961853027,6.369999885559082,6.369999885559082,13045,0.0,0.0
2024-05-08 09:30:00-04:00,6.300000190734863,6.380000114440918,6.300000190734863,6.364999771118164,5418,0.0,0.0
2024-05-08 10:30:00-04:00,6.355000019073486,6.420000076293945,6.355000019073486,6.409999847412109,7149,0.0,0.0
2024-05-08 11:30:00-04:00,6.428599834442139,6.460000038146973,6.400000095367432,6.400000095367432,9404,0.0,0.0
2024-05-08 12:30:00-04:00,6.409999847412109,6.449999809265137,6.409999847412109,6.429999828338623,11885,0.0,0.0
2024-05-08 13:30:00-04:00,6.429999828338623,6.449999809265137,6.420000076293945,6.420000076293945,9764,0.0,0.0
2024-05-08 14:30:00-04:00,6.429999828338623,6.434999942779541,6.389999866485596,6.389999866485596,5883,0.0,0.0
2024-05-08 15:30:00-04:00,6.389999866485596,6.389999866485596,6.380000114440918,6.389999866485596,1702,0.0,0.0
2024-05-09 09:30:00-04:00,6.349999904632568,6.539999961853027,6.349999904632568,6.539999961853027,14725,0.0,0.0
2024-05-09 10:30:00-04:00,6.579999923706055,6.639999866485596,6.570000171661377,6.639999866485596,24373,0.0,0.0
2024-05-09 11:30:00-04:00,6.639999866485596,6.650000095367432,6.599999904632568,6.630000114440918,9337,0.0,0.0
2024-05-09 12:30:00-04:00,6.599999904632568,6.659999847412109,6.599999904632568,6.646200180053711,10090,0.0,0.0
2024-05-09 13:30:00-04:00,6.630000114440918,6.650000095367432,6.620200157165527,6.639999866485596,9136,0.0,0.0
2024-05-09 14:30:00-04:00,6.650000095367432,6.670000076293945,6.619999885559082,6.619999885559082,13354,0.0,0.0
2024-05-09 15:30:00-04:00,6.630000114440918,6.639999866485596,6.579999923706055,6.610000133514404,27951,0.0,0.0
2024-05-10 09:30:00-04:00,6.510000228881836,6.679999828338623,6.114799976348877,6.329999923706055,29650,0.0,0.0
2024-05-10 10:30:00-04:00,6.309999942779541,6.329999923706055,6.019999980926514,6.039999961853027,27917,0.0,0.0
2024-05-10 11:30:00-04:00,6.023399829864502,6.050000190734863,5.840000152587891,5.840000152587891,31293,0.0,0.0
2024-05-10 12:30:00-04:00,5.800000190734863,5.800000190734863,5.71999979019165,5.730000019073486,10319,0.0,0.0
2024-05-10 13:30:00-04:00,5.71999979019165,5.71999979019165,5.630000114440918,5.650000095367432,14967,0.0,0.0
2024-05-10 14:30:00-04:00,5.650000095367432,5.7399001121521,5.545000076293945,5.695000171661377,23773,0.0,0.0
2024-05-10 15:30:00-04:00,5.695000171661377,5.800000190734863,5.695000171661377,5.789999961853027,20411,0.0,0.0
2024-05-13 09:30:00-04:00,5.789999961853027,5.889999866485596,5.599999904632568,5.889999866485596,53013,0.0,0.0
2024-05-13 10:30:00-04:00,5.920000076293945,6.098100185394287,5.920000076293945,6.059999942779541,40444,0.0,0.0
2024-05-13 11:30:00-04:00,6.059899806976318,6.090000152587891,5.96999979019165,6.090000152587891,25253,0.0,0.0
2024-05-13 12:30:00-04:00,6.074999809265137,6.079999923706055,6.03000020980835,6.034999847412109,19242,0.0,0.0
2024-05-13 13:30:00-04:00,6.036499977111816,6.139999866485596,6.034999847412109,6.089799880981445,13630,0.0,0.0
2024-05-13 14:30:00-04:00,6.090000152587891,6.139999866485596,6.079999923706055,6.079999923706055,11772,0.0,0.0
2024-05-13 15:30:00-04:00,6.059999942779541,6.139999866485596,6.050000190734863,6.139999866485596,20094,0.0,0.0
2024-05-14 09:30:00-04:00,6.110000133514404,6.190000057220459,6.110000133514404,6.175000190734863,11717,0.0,0.0
2024-05-14 10:30:00-04:00,6.159999847412109,6.25,6.159999847412109,6.190000057220459,10365,0.0,0.0
2024-05-14 11:30:00-04:00,6.190000057220459,6.21999979019165,6.170000076293945,6.190000057220459,7157,0.0,0.0
2024-05-14 12:30:00-04:00,6.170000076293945,6.264999866485596,6.170000076293945,6.25,11549,0.0,0.0
2024-05-14 13:30:00-04:00,6.25,6.269999980926514,6.239999771118164,6.260000228881836,6009,0.0,0.0
2024-05-14 14:30:00-04:00,6.25,6.269999980926514,6.199999809265137,6.210000038146973,16881,0.0,0.0
2024-05-14 15:30:00-04:00,6.215000152587891,6.269999980926514,6.215000152587891,6.25,15898,0.0,0.0
2024-05-15 09:30:00-04:00,6.21999979019165,6.21999979019165,6.099999904632568,6.099999904632568,7860,0.0,0.0
2024-05-15 10:30:00-04:00,6.099999904632568,6.199999809265137,6.099999904632568,6.179999828338623,17151,0.0,0.0
2024-05-15 11:30:00-04:00,6.190000057220459,6.199999809265137,6.159999847412109,6.195000171661377,4575,0.0,0.0
2024-05-15 12:30:00-04:00,6.199999809265137,6.239999771118164,6.170000076293945,6.170000076293945,28958,0.0,0.0
2024-05-15 13:30:00-04:00,6.179999828338623,6.179999828338623,6.110000133514404,6.110000133514404,3203,0.0,0.0
2024-05-15 14:30:00-04:00,6.099999904632568,6.099999904632568,6.059999942779541,6.059999942779541,2485,0.0,0.0
2024-05-15 15:30:00-04:00,6.059999942779541,6.059999942779541,6.0,6.010000228881836,10567,0.0,0.0
2024-05-16 09:30:00-04:00,6.03000020980835,6.110000133514404,6.03000020980835,6.110000133514404,2527,0.0,0.0
2024-05-16 10:30:00-04:00,6.104000091552734,6.150000095367432,6.090000152587891,6.139999866485596,25163,0.0,0.0
2024-05-16 11:30:00-04:00,6.144999980926514,6.229000091552734,6.144999980926514,6.188000202178955,16958,0.0,0.0
2024-05-16 12:30:00-04:00,6.199999809265137,6.199999809265137,6.170000076293945,6.184999942779541,5287,0.0,0.0
2024-05-16 13:30:00-04:00,6.184999942779541,6.199999809265137,6.179999828338623,6.184999942779541,7397,0.0,0.0
2024-05-16 14:30:00-04:00,6.190000057220459,6.195000171661377,6.159999847412109,6.159999847412109,9666,0.0,0.0
2024-05-16 15:30:00-04:00,6.159999847412109,6.179999828338623,6.159999847412109,6.170000076293945,9370,0.0,0.0
2024-05-17 09:30:00-04:00,6.230000019073486,6.300000190734863,6.199999809265137,6.199999809265137,23748,0.0,0.0
2024-05-17 10:30:00-04:00,6.230000019073486,6.309999942779541,6.199999809265137,6.295000076293945,8345,0.0,0.0
2024-05-17 11:30:00-04:00,6.28000020980835,6.349800109863281,6.239999771118164,6.300000190734863,30394,0.0,0.0
2024-05-17 12:30:00-04:00,6.300000190734863,6.335000038146973,6.300000190734863,6.309999942779541,11477,0.0,0.0
2024-05-17 13:30:00-04:00,6.329899787902832,6.329899787902832,6.28000020980835,6.28000020980835,6197,0.0,0.0
2024-05-17 14:30:00-04:00,6.270100116729736,6.349999904632568,6.260000228881836,6.269999980926514,28182,0.0,0.0
2024-05-17 15:30:00-04:00,6.260000228881836,6.300000190734863,6.25,6.300000190734863,10079,0.0,0.0
2024-05-20 09:30:00-04:00,6.25,6.480000019073486,6.239999771118164,6.434999942779541,31126,0.0,0.0
2024-05-20 10:30:00-04:00,6.425000190734863,6.453700065612793,6.409999847412109,6.409999847412109,12664,0.0,0.0
2024-05-20 11:30:00-04:00,6.40500020980835,6.40500020980835,6.230000019073486,6.230000019073486,19204,0.0,0.0
2024-05-20 12:30:00-04:00,6.260000228881836,6.309999942779541,6.260000228881836,6.289999961853027,5821,0.0,0.0
2024-05-20 13:30:00-04:00,6.269999980926514,6.289999961853027,6.260000228881836,6.269999980926514,3058,0.0,0.0
2024-05-20 14:30:00-04:00,6.28000020980835,6.340000152587891,6.277699947357178,6.309999942779541,7351,0.0,0.0
2024-05-20 15:30:00-04:00,6.300000190734863,6.349999904632568,6.300000190734863,6.320000171661377,23463,0.0,0.0
2024-05-21 09:30:00-04:00,6.309999942779541,6.320000171661377,6.230000019073486,6.320000171661377,4255,0.0,0.0
2024-05-21 10:30:00-04:00,6.315000057220459,6.340000152587891,6.289999961853027,6.289999961853027,7012,0.0,0.0
2024-05-21 11:30:00-04:00,6.28000020980835,6.349999904632568,6.28000020980835,6.349999904632568,5285,0.0,0.0
2024-05-21 12:30:00-04:00,6.364999771118164,6.380000114440918,6.329999923706055,6.360000133514404,15590,0.0,0.0
2024-05-21 13:30:00-04:00,6.380000114440918,6.409999847412109,6.360000133514404,6.380000114440918,9488,0.0,0.0
2024-05-21 14:30:00-04:00,6.380000114440918,6.429999828338623,6.320000171661377,6.320000171661377,13749,0.0,0.0
2024-05-21 15:30:00-04:00,6.300000190734863,6.329999923706055,6.28000020980835,6.309999942779541,12054,0.0,0.0
2024-05-22 09:30:00-04:00,6.269999980926514,6.309999942779541,6.260000228881836,6.260000228881836,4632,0.0,0.0
2024-05-22 10:30:00-04:00,6.329999923706055,6.340000152587891,6.300000190734863,6.340000152587891,7235,0.0,0.0
2024-05-22 11:30:00-04:00,6.329999923706055,6.389999866485596,6.329999923706055,6.329999923706055,11775,0.0,0.0
2024-05-22 12:30:00-04:00,6.349999904632568,6.360000133514404,6.28000020980835,6.28000020980835,21648,0.0,0.0
2024-05-22 13:30:00-04:00,6.297900199890137,6.297900199890137,6.190000057220459,6.190000057220459,4782,0.0,0.0
2024-05-22 14:30:00-04:00,6.150000095367432,6.150000095367432,6.119999885559082,6.13070011138916,15544,0.0,0.0
2024-05-22 15:30:00-04:00,6.110000133514404,6.170000076293945,6.090099811553955,6.159999847412109,19153,0.0,0.0
2024-05-23 09:30:00-04:00,6.150000095367432,6.409999847412109,6.139999866485596,6.367300033569336,21431,0.0,0.0
2024-05-23 10:30:00-04:00,6.400000095367432,6.639999866485596,6.400000095367432,6.465000152587891,32021,0.0,0.0
2024-05-23 11:30:00-04:00,6.46999979019165,6.579999923706055,6.46999979019165,6.550000190734863,18070,0.0,0.0
2024-05-23 12:30:00-04:00,6.550000190734863,6.577499866485596,6.440000057220459,6.460000038146973,9246,0.0,0.0
2024-05-23 13:30:00-04:00,6.449999809265137,6.449999809265137,6.380000114440918,6.389999866485596,6749,0.0,0.0
2024-05-23 14:30:00-04:00,6.394999980926514,6.399099826812744,6.360000133514404,6.360000133514404,4787,0.0,0.0
2024-05-23 15:30:00-04:00,6.364999771118164,6.420000076293945,6.340000152587891,6.420000076293945,14469,0.0,0.0
2024-05-24 09:30:00-04:00,6.360000133514404,6.429999828338623,6.289999961853027,6.340000152587891,8456,0.0,0.0
2024-05-24 10:30:00-04:00,6.340000152587891,6.389999866485596,6.340000152587891,6.389999866485596,4460,0.0,0.0
2024-05-24 11:30:00-04:00,6.389999866485596,6.394999980926514,6.349999904632568,6.380000114440918,10075,0.0,0.0
2024-05-24 12:30:00-04:00,6.400000095367432,6.400000095367432,6.385000228881836,6.385000228881836,2763,0.0,0.0
2024-05-24 13:30:00-04:00,6.400000095367432,6.429999828338623,6.369999885559082,6.380000114440918,15232,0.0,0.0
2024-05-24 14:30:00-04:00,6.380000114440918,6.389999866485596,6.349999904632568,6.349999904632568,5103,0.0,0.0
2024-05-24 15:30:00-04:00,6.369999885559082,6.369999885559082,6.309999942779541,6.329999923706055,8956,0.0,0.0
2024-05-28 09:30:00-04:00,6.309999942779541,6.311999797821045,6.119999885559082,6.119999885559082,29023,0.0,0.0
2024-05-28 10:30:00-04:00,6.125,6.150000095367432,6.125,6.130000114440918,7828,0.0,0.0
2024-05-28 11:30:00-04:00,6.130000114440918,6.224999904632568,6.130000114440918,6.199999809265137,28157,0.0,0.0
2024-05-28 12:30:00-04:00,6.199999809265137,6.199999809265137,6.150000095367432,6.159999847412109,3094,0.0,0.0
2024-05-28 13:30:00-04:00,6.119999885559082,6.150000095367432,6.119999885559082,6.119999885559082,2689,0.0,0.0
2024-05-28 14:30:00-04:00,6.119999885559082,6.119999885559082,6.079999923706055,6.095099925994873,2347,0.0,0.0
2024-05-28 15:30:00-04:00,6.090000152587891,6.090000152587891,6.059999942779541,6.079999923706055,6843,0.0,0.0
2024-05-29 09:30:00-04:00,6.0,6.070000171661377,5.96999979019165,6.0,3602,0.0,0.0
2024-05-29 10:30:00-04:00,6.014999866485596,6.014999866485596,5.96999979019165,5.96999979019165,5329,0.0,0.0
2024-05-29 11:30:00-04:00,5.974999904632568,5.989999771118164,5.960000038146973,5.96999979019165,2794,0.0,0.0
2024-05-29 12:30:00-04:00,5.965000152587891,5.999899864196777,5.960000038146973,5.980000019073486,3308,0.0,0.0
2024-05-29 13:30:00-04:00,5.985599994659424,6.010000228881836,5.96999979019165,5.96999979019165,29608,0.0,0.0
2024-05-29 14:30:00-04:00,5.96999979019165,5.989999771118164,5.960000038146973,5.989999771118164,3209,0.0,0.0
2024-05-29 15:30:00-04:00,5.980000019073486,5.980000019073486,5.960000038146973,5.96999979019165,11993,0.0,0.0
2024-05-30 09:30:00-04:00,6.0,6.0,5.929999828338623,5.96999979019165,7324,0.0,0.0
2024-05-30 10:30:00-04:00,6.010000228881836,6.010000228881836,5.96999979019165,6.0,4078,0.0,0.0
2024-05-30 11:30:00-04:00,6.009900093078613,6.010000228881836,5.985000133514404,5.989999771118164,30924,0.0,0.0
2024-05-30 12:30:00-04:00,6.0,6.010000228881836,5.989999771118164,5.989999771118164,11649,0.0,0.0
2024-05-30 13:30:00-04:00,5.978499889373779,5.980000019073486,5.96999979019165,5.96999979019165,2755,0.0,0.0
2024-05-30 14:30:00-04:00,5.980000019073486,5.989999771118164,5.929999828338623,5.954999923706055,10039,0.0,0.0
2024-05-30 15:30:00-04:00,5.96999979019165,5.96999979019165,5.909999847412109,5.940000057220459,12761,0.0,0.0
2024-05-31 09:30:00-04:00,6.340000152587891,6.400000095367432,6.059999942779541,6.190000057220459,31003,0.0,0.0
2024-05-31 10:30:00-04:00,6.150000095367432,6.1722002029418945,6.005000114440918,6.070000171661377,14937,0.0,0.0
2024-05-31 11:30:00-04:00,6.059999942779541,6.070000171661377,6.0,6.050000190734863,10355,0.0,0.0
2024-05-31 12:30:00-04:00,6.039999961853027,6.110000133514404,6.039999961853027,6.110000133514404,7960,0.0,0.0
2024-05-31 13:30:00-04:00,6.110000133514404,6.179999828338623,6.110000133514404,6.179999828338623,11134,0.0,0.0
2024-05-31 14:30:00-04:00,6.175000190734863,6.199900150299072,6.175000190734863,6.190000057220459,6041,0.0,0.0
2024-05-31 15:30:00-04:00,6.179999828338623,6.188000202178955,6.150000095367432,6.188000202178955,11128,0.0,0.0
2024-06-03 09:30:00-04:00,6.079999923706055,6.110000133514404,5.940000057220459,6.110000133514404,35579,0.0,0.0
2024-06-03 10:30:00-04:00,6.079999923706055,6.110000133514404,6.010000228881836,6.110000133514404,18207,0.0,0.0
2024-06-03 11:30:00-04:00,6.079999923706055,6.079999923706055,5.965000152587891,5.975200176239014,21660,0.0,0.0
2024-06-03 12:30:00-04:00,5.96999979019165,6.0,5.96999979019165,5.989999771118164,3025,0.0,0.0
2024-06-03 13:30:00-04:00,5.989999771118164,6.0,5.980000019073486,6.0,13059,0.0,0.0
2024-06-03 14:30:00-04:00,6.0,6.0,5.96999979019165,5.980000019073486,19666,0.0,0.0
2024-06-03 15:30:00-04:00,5.971499919891357,5.974999904632568,5.920000076293945,5.929999828338623,19632,0.0,0.0
2024-06-04 09:30:00-04:00,5.929999828338623,5.929999828338623,5.920000076293945,5.920000076293945,1468,0.0,0.0
2024-06-04 10:30:00-04:00,5.909999847412109,5.909999847412109,5.909999847412109,5.909999847412109,1663,0.0,0.0
2024-06-04 11:30:00-04:00,5.900100231170654,5.940000057220459,5.900000095367432,5.913400173187256,13557,0.0,0.0
2024-06-04 12:30:00-04:00,5.929999828338623,5.934999942779541,5.900000095367432,5.900000095367432,35022,0.0,0.0
2024-06-04 13:30:00-04:00,5.900000095367432,5.900000095367432,5.849999904632568,5.889999866485596,14585,0.0,0.0
2024-06-04 14:30:00-04:00,5.880000114440918,5.880000114440918,5.78000020980835,5.789999961853027,5880,0.0,0.0
2024-06-04 15:30:00-04:00,5.78000020980835,5.829999923706055,5.769999980926514,5.809999942779541,11310,0.0,0.0
2024-06-05 09:30:00-04:00,5.829999923706055,5.949999809265137,5.829999923706055,5.894999980926514,12150,0.0,0.0
2024-06-05 10:30:00-04:00,5.900000095367432,5.920000076293945,5.875,5.909999847412109,14540,0.0,0.0
2024-06-05 11:30:00-04:00,5.909999847412109,5.920000076293945,5.900000095367432,5.900000095367432,72479,0.0,0.0
2024-06-05 12:30:00-04:00,5.900000095367432,6.010000228881836,5.900000095367432,5.940000057220459,34613,0.0,0.0
2024-06-05 13:30:00-04:00,5.940000057220459,5.980000019073486,5.931399822235107,5.940000057220459,11967,0.0,0.0
2024-06-05 14:30:00-04:00,5.940000057220459,5.96999979019165,5.800000190734863,5.860000133514404,15042,0.0,0.0
2024-06-05 15:30:00-04:00,5.860000133514404,5.920000076293945,5.800000190734863,5.900000095367432,31502,0.0,0.0
2024-06-06 09:30:00-04:00,5.949999809265137,5.96999979019165,5.885000228881836,5.900000095367432,0,0.0,0.0
2024-06-06 10:30:00-04:00,5.900000095367432,5.920000076293945,5.875,5.920000076293945,12129,0.0,0.0
2024-06-06 11:30:00-04:00,5.889999866485596,5.909999847412109,5.860000133514404,5.880000114440918,18424,0.0,0.0
2024-06-06 12:30:00-04:00,5.900000095367432,5.909999847412109,5.880000114440918,5.900000095367432,10085,0.0,0.0
2024-06-06 13:30:00-04:00,5.900000095367432,5.989999771118164,5.889999866485596,5.989999771118164,15695,0.0,0.0
2024-06-06 14:30:00-04:00,5.989999771118164,6.03000020980835,5.980000019073486,6.03000020980835,14602,0.0,0.0
2024-06-06 15:30:00-04:00,6.03000020980835,6.03000020980835,5.920000076293945,5.940000057220459,16694,0.0,0.0
2024-06-07 09:30:00-04:00,5.909999847412109,5.934999942779541,5.820000171661377,5.934999942779541,16471,0.0,0.0
2024-06-07 10:30:00-04:00,5.934999942779541,5.960000038146973,5.920000076293945,5.960000038146973,15429,0.0,0.0
2024-06-07 11:30:00-04:00,5.96999979019165,5.994999885559082,5.960000038146973,5.989999771118164,7859,0.0,0.0
2024-06-07 12:30:00-04:00,5.980000019073486,5.989999771118164,5.96019983291626,5.96999979019165,10659,0.0,0.0
2024-06-07 13:30:00-04:00,5.965000152587891,5.989999771118164,5.929999828338623,5.980000019073486,14526,0.0,0.0
2024-06-07 14:30:00-04:00,5.96999979019165,5.96999979019165,5.679999828338623,5.900000095367432,48347,0.0,0.0
2024-06-07 15:30:00-04:00,5.900000095367432,5.949900150299072,5.889999866485596,5.909999847412109,19710,0.0,0.0
2024-06-10 09:30:00-04:00,5.829999923706055,5.954999923706055,5.829999923706055,5.940000057220459,12006,0.0,0.0
2024-06-10 10:30:00-04:00,5.921199798583984,6.014999866485596,5.920000076293945,6.005000114440918,19411,0.0,0.0
2024-06-10 11:30:00-04:00,6.0,6.139999866485596,6.0,6.099999904632568,20153,0.0,0.0
2024-06-10 12:30:00-04:00,6.090199947357178,6.130000114440918,6.079999923706055,6.099999904632568,33932,0.0,0.0
2024-06-10 13:30:00-04:00,6.099999904632568,6.119999885559082,6.090000152587891,6.119999885559082,14605,0.0,0.0
2024-06-10 14:30:00-04:00,6.114999771118164,6.195000171661377,6.114999771118164,6.159999847412109,25235,0.0,0.0
2024-06-10 15:30:00-04:00,6.159999847412109,6.179999828338623,6.130000114440918,6.159999847412109,17404,0.0,0.0
2024-06-11 09:30:00-04:00,6.101399898529053,6.25,6.101399898529053,6.25,13405,0.0,0.0
2024-06-11 10:30:00-04:00,6.240099906921387,6.349699974060059,6.21999979019165,6.21999979019165,21842,0.0,0.0
2024-06-11 11:30:00-04:00,6.199999809265137,6.289999961853027,6.190000057220459,6.289999961853027,13373,0.0,0.0
2024-06-11 12:30:00-04:00,6.28000020980835,6.320000171661377,6.275000095367432,6.300000190734863,19228,0.0,0.0
2024-06-11 13:30:00-04:00,6.309999942779541,6.349999904632568,6.309999942779541,6.349999904632568,8570,0.0,0.0
2024-06-11 14:30:00-04:00,6.369999885559082,6.400000095367432,6.349999904632568,6.380000114440918,41838,0.0,0.0
2024-06-11 15:30:00-04:00,6.360000133514404,6.389999866485596,6.349999904632568,6.389999866485596,14186,0.0,0.0
2024-06-12 09:30:00-04:00,6.420000076293945,6.519999980926514,6.409999847412109,6.5,37652,0.0,0.0
2024-06-12 10:30:00-04:00,6.5,6.539299964904785,6.498000144958496,6.53000020980835,24826,0.0,0.0
2024-06-12 11:30:00-04:00,6.539999961853027,6.539999961853027,6.510000228881836,6.519999980926514,14071,0.0,0.0
2024-06-12 12:30:00-04:00,6.525000095367432,6.525000095367432,6.440000057220459,6.460000038146973,21575,0.0,0.0
2024-06-12 13:30:00-04:00,6.440000057220459,6.440000057220459,6.360000133514404,6.400000095367432,10566,0.0,0.0
2024-06-12 14:30:00-04:00,6.460000038146973,6.46999979019165,6.400000095367432,6.400000095367432,27923,0.0,0.0
2024-06-12 15:30:00-04:00,6.389999866485596,6.389999866485596,6.375,6.380000114440918,6765,0.0,0.0
2024-06-13 09:30:00-04:00,6.380000114440918,6.380000114440918,6.332200050354004,6.332200050354004,12899,0.0,0.0
2024-06-13 10:30:00-04:00,6.28000020980835,6.319300174713135,6.28000020980835,6.309999942779541,13549,0.0,0.0
2024-06-13 11:30:00-04:00,6.300000190734863,6.300000190734863,6.239999771118164,6.25,8130,0.0,0.0
2024-06-13 12:30:00-04:00,6.260000228881836,6.299799919128418,6.260000228881836,6.299799919128418,5327,0.0,0.0
2024-06-13 13:30:00-04:00,6.289999961853027,6.289999961853027,6.28000020980835,6.289999961853027,1923,0.0,0.0
2024-06-13 14:30:00-04:00,6.309999942779541,6.329999923706055,6.289999961853027,6.289999961853027,9931,0.0,0.0
2024-06-13 15:30:00-04:00,6.235000133514404,6.239999771118164,6.210000038146973,6.21999979019165,7194,0.0,0.0
2024-06-14 09:30:00-04:00,6.099999904632568,6.159999847412109,6.099999904632568,6.159999847412109,19769,0.0,0.0
2024-06-14 10:30:00-04:00,6.170000076293945,6.210000038146973,6.170000076293945,6.210000038146973,6639,0.0,0.0
2024-06-14 11:30:00-04:00,6.199999809265137,6.21999979019165,6.170000076293945,6.170000076293945,5664,0.0,0.0
2024-06-14 12:30:00-04:00,6.164999961853027,6.179999828338623,6.164999961853027,6.179999828338623,6144,0.0,0.0
2024-06-14 13:30:00-04:00,6.170599937438965,6.179999828338623,6.170000076293945,6.179999828338623,6903,0.0,0.0
2024-06-14 14:30:00-04:00,6.195000171661377,6.199900150299072,6.190000057220459,6.190000057220459,6649,0.0,0.0
2024-06-14 15:30:00-04:00,6.190000057220459,6.190000057220459,6.130000114440918,6.150000095367432,6583,0.0,0.0
2024-06-17 09:30:00-04:00,6.079999923706055,6.21999979019165,6.079999923706055,6.199999809265137,18609,0.0,0.0
2024-06-17 10:30:00-04:00,6.181700229644775,6.259900093078613,6.179999828338623,6.259900093078613,10635,0.0,0.0
2024-06-17 11:30:00-04:00,6.255000114440918,6.255000114440918,6.210000038146973,6.210000038146973,9078,0.0,0.0
2024-06-17 12:30:00-04:00,6.210000038146973,6.239999771118164,6.204999923706055,6.239999771118164,2750,0.0,0.0
2024-06-17 13:30:00-04:00,6.239999771118164,6.309999942779541,6.239999771118164,6.309999942779541,13513,0.0,0.0
2024-06-17 14:30:00-04:00,6.309999942779541,6.320000171661377,6.21999979019165,6.21999979019165,18510,0.0,0.0
2024-06-17 15:30:00-04:00,6.230000019073486,6.25,6.230000019073486,6.25,6522,0.0,0.0
2024-06-18 09:30:00-04:00,6.239999771118164,6.340000152587891,6.21999979019165,6.304999828338623,12008,0.0,0.0
2024-06-18 10:30:00-04:00,6.269999980926514,6.309999942779541,6.269999980926514,6.289999961853027,9306,0.0,0.0
2024-06-18 11:30:00-04:00,6.295000076293945,6.349999904632568,6.269999980926514,6.349999904632568,13624,0.0,0.0
2024-06-18 12:30:00-04:00,6.380000114440918,6.380000114440918,6.269999980926514,6.280200004577637,19283,0.0,0.0
2024-06-18 13:30:00-04:00,6.289999961853027,6.320000171661377,6.28000020980835,6.28000020980835,7468,0.0,0.0
2024-06-18 14:30:00-04:00,6.289999961853027,6.309999942779541,6.260000228881836,6.28000020980835,8442,0.0,0.0
2024-06-18 15:30:00-04:00,6.275000095367432,6.275000095367432,6.190000057220459,6.210000038146973,11116,0.0,0.0
2024-06-20 09:30:00-04:00,6.190000057220459,6.28000020980835,6.161099910736084,6.180200099945068,11656,0.0,0.0
2024-06-20 10:30:00-04:00,6.190000057220459,6.224999904632568,6.159999847412109,6.224999904632568,23560,0.0,0.0
2024-06-20 11:30:00-04:00,6.210000038146973,6.239999771118164,6.210000038146973,6.239999771118164,4985,0.0,0.0
2024-06-20 12:30:00-04:00,6.239999771118164,6.239999771118164,6.224999904632568,6.224999904632568,4686,0.0,0.0
2024-06-20 13:30:00-04:00,6.239999771118164,6.269999980926514,6.21999979019165,6.269999980926514,11312,0.0,0.0
2024-06-20 14:30:00-04:00,6.260000228881836,6.260000228881836,6.190000057220459,6.210000038146973,12328,0.0,0.0
2024-06-20 15:30:00-04:00,6.210000038146973,6.21999979019165,6.170000076293945,6.21999979019165,13744,0.0,0.0
2024-06-21 09:30:00-04:00,6.21999979019165,6.239999771118164,6.210000038146973,6.239999771118164,35920,0.0,0.0
2024-06-21 10:30:00-04:00,6.260000228881836,6.289899826049805,6.260000228881836,6.28000020980835,5981,0.0,0.0
2024-06-21 11:30:00-04:00,6.28000020980835,6.300000190734863,6.269999980926514,6.269999980926514,6079,0.0,0.0
2024-06-21 12:30:00-04:00,6.28000020980835,6.349999904632568,6.28000020980835,6.335000038146973,15001,0.0,0.0
2024-06-21 13:30:00-04:00,6.340000152587891,6.380000114440918,6.329999923706055,6.375,11118,0.0,0.0
2024-06-21 14:30:00-04:00,6.360000133514404,6.380000114440918,6.269999980926514,6.300000190734863,13094,0.0,0.0
2024-06-21 15:30:00-04:00,6.289999961853027,6.329999923706055,6.289999961853027,6.289999961853027,7421,0.0,0.0
2024-06-24 09:30:00-04:00,6.320000171661377,6.349999904632568,6.281300067901611,6.335000038146973,5189,0.0,0.0
2024-06-24 10:30:00-04:00,6.315800189971924,6.360000133514404,6.28000020980835,6.28000020980835,16488,0.0,0.0
2024-06-24 11:30:00-04:00,6.260000228881836,6.28000020980835,6.239999771118164,6.244999885559082,13571,0.0,0.0
2024-06-24 12:30:00-04:00,6.239999771118164,6.239999771118164,6.179999828338623,6.190000057220459,3628,0.0,0.0
2024-06-24 13:30:00-04:00,6.190000057220459,6.239999771118164,6.190000057220459,6.230000019073486,10612,0.0,0.0
2024-06-24 14:30:00-04:00,6.249899864196777,6.249899864196777,6.199999809265137,6.210000038146973,10011,0.0,0.0
2024-06-24 15:30:00-04:00,6.199999809265137,6.199999809265137,6.170000076293945,6.170000076293945,10036,0.0,0.0
2024-06-25 09:30:00-04:00,6.1072998046875,6.159999847412109,6.099999904632568,6.130199909210205,6948,0.0,0.0
2024-06-25 10:30:00-04:00,6.125,6.125,6.010000228881836,6.090000152587891,17425,0.0,0.0
2024-06-25 11:30:00-04:00,6.059999942779541,6.099999904632568,6.0467000007629395,6.059999942779541,11651,0.0,0.0
2024-06-25 12:30:00-04:00,6.059999942779541,6.079999923706055,6.050000190734863,6.070000171661377,7188,0.0,0.0
2024-06-25 13:30:00-04:00,6.059999942779541,6.099999904632568,6.059999942779541,6.099999904632568,15852,0.0,0.0
2024-06-25 14:30:00-04:00,6.102700233459473,6.110000133514404,6.090000152587891,6.090000152587891,6879,0.0,0.0
2024-06-25 15:30:00-04:00,6.093900203704834,6.093900203704834,6.050000190734863,6.059999942779541,11510,0.0,0.0
2024-06-26 09:30:00-04:00,6.03000020980835,6.079999923706055,6.010000228881836,6.059999942779541,4423,0.0,0.0
2024-06-26 10:30:00-04:00,6.050000190734863,6.059999942779541,6.050000190734863,6.059999942779541,3331,0.0,0.0
2024-06-26 11:30:00-04:00,6.065000057220459,6.079999923706055,6.060400009155273,6.079999923706055,12593,0.0,0.0
2024-06-26 12:30:00-04:00,6.074999809265137,6.130000114440918,6.074999809265137,6.125,24369,0.0,0.0
2024-06-26 13:30:00-04:00,6.119999885559082,6.139999866485596,6.114999771118164,6.119999885559082,11854,0.0,0.0
2024-06-26 14:30:00-04:00,6.130000114440918,6.139999866485596,6.119999885559082,6.119999885559082,14021,0.0,0.0
2024-06-26 15:30:00-04:00,6.125,6.125,6.039999961853027,6.039999961853027,15545,0.0,0.0
2024-06-27 09:30:00-04:00,6.070000171661377,6.139999866485596,6.070000171661377,6.139900207519531,14181,0.0,0.0
2024-06-27 10:30:00-04:00,6.135000228881836,6.139999866485596,6.070000171661377,6.070099830627441,23279,0.0,0.0
2024-06-27 11:30:00-04:00,6.053199768066406,6.065000057220459,6.050000190734863,6.059999942779541,2195,0.0,0.0
2024-06-27 12:30:00-04:00,6.059999942779541,6.114999771118164,6.050000190734863,6.090000152587891,17600,0.0,0.0
2024-06-27 13:30:00-04:00,6.079999923706055,6.085000038146973,6.039999961853027,6.054999828338623,6868,0.0,0.0
2024-06-27 14:30:00-04:00,6.050000190734863,6.055799961090088,6.010000228881836,6.03000020980835,9345,0.0,0.0
2024-06-27 15:30:00-04:00,6.019999980926514,6.039999961853027,6.010000228881836,6.039999961853027,13093,0.0,0.0
2024-06-28 09:30:00-04:00,6.090000152587891,6.170000076293945,6.090000152587891,6.150000095367432,9110,0.0,0.0
2024-06-28 10:30:00-04:00,6.159999847412109,6.170000076293945,6.159999847412109,6.170000076293945,8345,0.0,0.0
2024-06-28 11:30:00-04:00,6.170000076293945,6.230000019073486,6.170000076293945,6.224999904632568,14414,0.0,0.0
2024-06-28 12:30:00-04:00,6.224999904632568,6.269999980926514,6.21999979019165,6.260000228881836,11536,0.0,0.0
2024-06-28 13:30:00-04:00,6.230000019073486,6.264999866485596,6.230000019073486,6.260000228881836,4938,0.0,0.0
2024-06-28 14:30:00-04:00,6.25,6.28000020980835,6.239999771118164,6.264999866485596,20958,0.0,0.0
2024-06-28 15:30:00-04:00,6.269999980926514,6.329999923706055,6.25,6.300000190734863,38442,0.0,0.0
2024-07-01 09:30:00-04:00,6.329999923706055,6.329999923706055,6.235000133514404,6.235000133514404,11372,0.0,0.0
2024-07-01 10:30:00-04:00,6.199999809265137,6.199999809265137,6.119999885559082,6.119999885559082,10579,0.0,0.0
2024-07-01 11:30:00-04:00,6.139999866485596,6.150000095367432,6.130000114440918,6.139999866485596,3383,0.0,0.0
2024-07-01 12:30:00-04:00,6.130000114440918,6.139999866485596,6.099999904632568,6.110000133514404,10463,0.0,0.0
2024-07-01 13:30:00-04:00,6.114999771118164,6.114999771118164,6.079999923706055,6.079999923706055,3218,0.0,0.0
2024-07-01 14:30:00-04:00,6.059999942779541,6.074999809265137,6.050000190734863,6.050000190734863,3417,0.0,0.0
2024-07-01 15:30:00-04:00,6.019999980926514,6.03000020980835,5.989999771118164,5.989999771118164,12613,0.0,0.0
2024-07-02 09:30:00-04:00,5.960000038146973,6.150000095367432,5.960000038146973,6.050000190734863,17850,0.0,0.0
2024-07-02 10:30:00-04:00,6.050000190734863,6.065000057220459,6.025000095367432,6.03000020980835,5210,0.0,0.0
2024-07-02 11:30:00-04:00,6.03000020980835,6.099999904632568,6.019999980926514,6.070000171661377,13255,0.0,0.0
2024-07-02 12:30:00-04:00,6.065000057220459,6.065000057220459,6.010000228881836,6.050000190734863,16878,0.0,0.0
2024-07-02 13:30:00-04:00,6.050000190734863,6.139999866485596,6.050000190734863,6.079999923706055,9437,0.0,0.0
2024-07-02 14:30:00-04:00,6.080100059509277,6.090000152587891,6.061999797821045,6.090000152587891,11053,0.0,0.0
2024-07-02 15:30:00-04:00,6.085000038146973,6.085000038146973,6.050000190734863,6.059999942779541,6326,0.0,0.0
2024-07-03 09:30:00-04:00,6.050000190734863,6.150000095367432,6.050000190734863,6.150000095367432,8968,0.0,0.0
2024-07-03 10:30:00-04:00,6.150000095367432,6.28000020980835,6.150000095367432,6.28000020980835,27994,0.0,0.0
2024-07-03 11:30:00-04:00,6.289999961853027,6.340000152587891,6.239999771118164,6.340000152587891,25435,0.0,0.0
2024-07-05 09:30:00-04:00,6.289999961853027,6.289999961853027,6.114999771118164,6.114999771118164,10139,0.0,0.0
2024-07-05 10:30:00-04:00,6.139999866485596,6.139999866485596,6.070000171661377,6.079999923706055,8196,0.0,0.0
2024-07-05 11:30:00-04:00,6.059999942779541,6.159999847412109,6.059999942779541,6.09499979019165,13317,0.0,0.0
2024-07-05 12:30:00-04:00,6.079999923706055,6.099999904632568,6.079999923706055,6.099999904632568,2752,0.0,0.0
2024-07-05 13:30:00-04:00,6.079999923706055,6.079999923706055,6.019999980926514,6.03000020980835,10000,0.0,0.0
2024-07-05 14:30:00-04:00,6.039999961853027,6.079999923706055,6.010000228881836,6.070000171661377,11280,0.0,0.0
2024-07-05 15:30:00-04:00,6.060500144958496,6.060500144958496,6.03000020980835,6.050000190734863,7360,0.0,0.0
2024-07-08 09:30:00-04:00,6.139999866485596,6.170000076293945,6.110000133514404,6.170000076293945,9900,0.0,0.0
2024-07-08 10:30:00-04:00,6.170000076293945,6.179999828338623,6.164999961853027,6.170000076293945,6500,0.0,0.0
2024-07-08 11:30:00-04:00,6.174200057983398,6.174200057983398,6.150000095367432,6.150000095367432,4156,0.0,0.0
2024-07-08 12:30:00-04:00,6.150000095367432,6.150000095367432,6.130000114440918,6.139999866485596,4294,0.0,0.0
2024-07-08 13:30:00-04:00,6.130000114440918,6.150000095367432,6.099999904632568,6.150000095367432,5508,0.0,0.0
2024-07-08 14:30:00-04:00,6.150000095367432,6.199999809265137,6.150000095367432,6.199999809265137,6705,0.0,0.0
2024-07-08 15:30:00-04:00,6.190000057220459,6.190000057220459,6.150000095367432,6.190000057220459,8681,0.0,0.0
2024-07-09 09:30:00-04:00,6.170000076293945,6.170000076293945,6.139999866485596,6.139999866485596,3842,0.0,0.0
2024-07-09 10:30:00-04:00,6.159999847412109,6.170000076293945,6.150000095367432,6.159999847412109,3559,0.0,0.0
2024-07-09 11:30:00-04:00,6.170000076293945,6.170000076293945,6.159999847412109,6.170000076293945,3690,0.0,0.0
2024-07-09 12:30:00-04:00,6.160099983215332,6.164999961853027,6.159999847412109,6.159999847412109,5970,0.0,0.0
2024-07-09 13:30:00-04:00,6.159999847412109,6.170000076293945,6.159999847412109,6.159999847412109,2579,0.0,0.0
2024-07-09 14:30:00-04:00,6.159999847412109,6.170000076293945,6.159999847412109,6.159999847412109,6126,0.0,0.0
2024-07-09 15:30:00-04:00,6.159999847412109,6.159999847412109,6.099999904632568,6.099999904632568,4228,0.0,0.0
2024-07-10 09:30:00-04:00,6.099999904632568,6.099999904632568,6.079999923706055,6.079999923706055,3047,0.0,0.0
2024-07-10 10:30:00-04:00,6.059999942779541,6.070000171661377,6.059999942779541,6.070000171661377,2400,0.0,0.0
2024-07-10 11:30:00-04:00,6.079999923706055,6.090000152587891,6.059999942779541,6.070000171661377,3910,0.0,0.0
2024-07-10 12:30:00-04:00,6.070000171661377,6.070000171661377,6.059999942779541,6.059999942779541,2804,0.0,0.0
2024-07-10 13:30:00-04:00,6.070000171661377,6.070000171661377,6.025000095367432,6.025000095367432,16098,0.0,0.0
2024-07-10 14:30:00-04:00,6.01669979095459,6.03000020980835,6.010000228881836,6.03000020980835,7482,0.0,0.0
2024-07-10 15:30:00-04:00,6.019999980926514,6.039899826049805,6.019999980926514,6.035999774932861,4245,0.0,0.0
2024-07-11 09:30:00-04:00,6.179999828338623,6.28000020980835,6.179999828338623,6.28000020980835,4384,0.0,0.0
2024-07-11 10:30:00-04:00,6.269999980926514,6.320000171661377,6.260000228881836,6.289999961853027,7402,0.0,0.0
2024-07-11 11:30:00-04:00,6.295000076293945,6.309999942779541,6.28000020980835,6.289999961853027,6734,0.0,0.0
2024-07-11 12:30:00-04:00,6.289999961853027,6.360000133514404,6.28000020980835,6.360000133514404,2899,0.0,0.0
2024-07-11 13:30:00-04:00,6.349999904632568,6.369999885559082,6.320000171661377,6.360000133514404,20263,0.0,0.0
2024-07-11 14:30:00-04:00,6.349999904632568,6.369999885559082,6.349999904632568,6.349999904632568,1847,0.0,0.0
2024-07-11 15:30:00-04:00,6.360000133514404,6.400000095367432,6.360000133514404,6.3979997634887695,12037,0.0,0.0
2024-07-12 09:30:00-04:00,6.440000057220459,6.880000114440918,6.400000095367432,6.849999904632568,43989,0.0,0.0
2024-07-12 10:30:00-04:00,6.849999904632568,6.869900226593018,6.699999809265137,6.710000038146973,11250,0.0,0.0
2024-07-12 11:30:00-04:00,6.71999979019165,6.71999979019165,6.699999809265137,6.71999979019165,4165,0.0,0.0
2024-07-12 12:30:00-04:00,6.699999809265137,6.699999809265137,6.633999824523926,6.650000095367432,10432,0.0,0.0
2024-07-12 13:30:00-04:00,6.650000095367432,6.650000095367432,6.550000190734863,6.550000190734863,3360,0.0,0.0
2024-07-12 14:30:00-04:00,6.565000057220459,6.565000057220459,6.5100998878479,6.559999942779541,5158,0.0,0.0
2024-07-12 15:30:00-04:00,6.550000190734863,6.550000190734863,6.53000020980835,6.53000020980835,5836,0.0,0.0
2024-07-15 09:30:00-04:00,6.5,6.610000133514404,6.40500020980835,6.605000019073486,20908,0.0,0.0
2024-07-15 10:30:00-04:00,6.599999904632568,6.679999828338623,6.590000152587891,6.670000076293945,12088,0.0,0.0
2024-07-15 11:30:00-04:00,6.670000076293945,6.699999809265137,6.659999847412109,6.679999828338623,7370,0.0,0.0
2024-07-15 12:30:00-04:00,6.679999828338623,6.679999828338623,6.619999885559082,6.630000114440918,3575,0.0,0.0
2024-07-15 13:30:00-04:00,6.630000114440918,6.695000171661377,6.630000114440918,6.650000095367432,13922,0.0,0.0
2024-07-15 14:30:00-04:00,6.650000095367432,6.730000019073486,6.614999771118164,6.730000019073486,8135,0.0,0.0
2024-07-15 15:30:00-04:00,6.730000019073486,6.758999824523926,6.619999885559082,6.639999866485596,10706,0.0,0.0
2024-07-16 09:30:00-04:00,6.71999979019165,6.939899921417236,6.71999979019165,6.929999828338623,12101,0.0,0.0
2024-07-16 10:30:00-04:00,6.929999828338623,6.989999771118164,6.929999828338623,6.980000019073486,5376,0.0,0.0
2024-07-16 11:30:00-04:00,6.96999979019165,6.994500160217285,6.949900150299072,6.949900150299072,7688,0.0,0.0
2024-07-16 12:30:00-04:00,6.940000057220459,6.953999996185303,6.920000076293945,6.953999996185303,5243,0.0,0.0
2024-07-16 13:30:00-04:00,6.960000038146973,6.989999771118164,6.960000038146973,6.989999771118164,4206,0.0,0.0
2024-07-16 14:30:00-04:00,7.0,7.050000190734863,7.0,7.039999961853027,14277,0.0,0.0
2024-07-16 15:30:00-04:00,7.058000087738037,7.071100234985352,7.010000228881836,7.03000020980835,10119,0.0,0.0
2024-07-17 09:30:00-04:00,7.059999942779541,7.169899940490723,7.054999828338623,7.070000171661377,20956,0.0,0.0
2024-07-17 10:30:00-04:00,7.059999942779541,7.070000171661377,7.039999961853027,7.059999942779541,6066,0.0,0.0
2024-07-17 11:30:00-04:00,7.054999828338623,7.059999942779541,7.03000020980835,7.03000020980835,3882,0.0,0.0
2024-07-17 12:30:00-04:00,7.050000190734863,7.070000171661377,7.019999980926514,7.050000190734863,11377,0.0,0.0
2024-07-17 13:30:00-04:00,7.099999904632568,7.159999847412109,7.099999904632568,7.159999847412109,3762,0.0,0.0
2024-07-17 14:30:00-04:00,7.150000095367432,7.170000076293945,7.139999866485596,7.170000076293945,8219,0.0,0.0
2024-07-17 15:30:00-04:00,7.175000190734863,7.186999797821045,7.099999904632568,7.130000114440918,12666,0.0,0.0
2024-07-18 09:30:00-04:00,7.019999980926514,7.238999843597412,7.019999980926514,7.238999843597412,7806,0.0,0.0
2024-07-18 10:30:00-04:00,7.182000160217285,7.315000057220459,7.159999847412109,7.309999942779541,13620,0.0,0.0
2024-07-18 11:30:00-04:00,7.28000020980835,7.309999942779541,7.199999809265137,7.199999809265137,11108,0.0,0.0
2024-07-18 12:30:00-04:00,7.1844000816345215,7.21999979019165,7.139999866485596,7.14109992980957,14192,0.0,0.0
2024-07-18 13:30:00-04:00,7.170000076293945,7.199999809265137,7.159999847412109,7.170000076293945,8881,0.0,0.0
2024-07-18 14:30:00-04:00,7.139999866485596,7.144999980926514,7.054999828338623,7.059999942779541,4216,0.0,0.0
2024-07-18 15:30:00-04:00,7.010000228881836,7.034999847412109,6.990099906921387,7.010000228881836,10952,0.0,0.0
2024-07-19 09:30:00-04:00,7.039999961853027,7.090000152587891,7.03000020980835,7.070000171661377,11432,0.0,0.0
2024-07-19 10:30:00-04:00,7.090000152587891,7.090000152587891,7.059999942779541,7.059999942779541,3284,0.0,0.0
2024-07-19 11:30:00-04:00,7.050000190734863,7.059999942779541,7.050000190734863,7.059999942779541,1278,0.0,0.0
2024-07-19 12:30:00-04:00,7.065000057220459,7.065000057220459,7.039999961853027,7.039999961853027,2846,0.0,0.0
2024-07-19 13:30:00-04:00,7.039999961853027,7.119999885559082,7.039999961853027,7.099999904632568,8944,0.0,0.0
2024-07-19 14:30:00-04:00,7.099999904632568,7.099999904632568,7.050000190734863,7.079999923706055,14321,0.0,0.0
2024-07-19 15:30:00-04:00,7.059999942779541,7.059999942779541,7.03000020980835,7.050000190734863,4148,0.0,0.0
2024-07-22 09:30:00-04:00,7.039999961853027,7.039999961853027,6.900000095367432,6.940000057220459,9898,0.0,0.0
2024-07-22 10:30:00-04:00,6.96999979019165,7.039999961853027,6.96999979019165,7.010000228881836,6817,0.0,0.0
2024-07-22 11:30:00-04:00,7.004499912261963,7.019999980926514,6.989999771118164,7.019999980926514,7082,0.0,0.0
2024-07-22 12:30:00-04:00,7.010000228881836,7.050000190734863,7.010000228881836,7.050000190734863,5292,0.0,0.0
2024-07-22 13:30:00-04:00,7.070000171661377,7.070000171661377,7.059999942779541,7.059999942779541,1908,0.0,0.0
2024-07-22 14:30:00-04:00,7.079999923706055,7.125,7.079999923706055,7.079999923706055,6849,0.0,0.0
2024-07-22 15:30:00-04:00,7.090000152587891,7.110000133514404,7.039999961853027,7.039999961853027,6901,0.0,0.0
2024-07-23 09:30:00-04:00,7.054999828338623,7.054999828338623,7.019999980926514,7.052999973297119,2012,0.0,0.0
2024-07-23 10:30:00-04:00,7.085000038146973,7.150000095367432,7.085000038146973,7.150000095367432,14673,0.0,0.0
2024-07-23 11:30:00-04:00,7.159999847412109,7.159999847412109,7.110000133514404,7.114999771118164,12707,0.0,0.0
2024-07-23 12:30:00-04:00,7.099999904632568,7.130000114440918,7.050099849700928,7.050099849700928,9109,0.0,0.0
2024-07-23 13:30:00-04:00,7.069799900054932,7.085000038146973,7.039999961853027,7.050000190734863,6952,0.0,0.0
2024-07-23 14:30:00-04:00,7.034999847412109,7.039999961853027,6.9695000648498535,6.9695000648498535,5733,0.0,0.0
2024-07-23 15:30:00-04:00,6.980000019073486,7.0,6.960000038146973,7.0,8800,0.0,0.0
2024-07-24 09:30:00-04:00,6.960000038146973,7.090000152587891,6.960000038146973,7.019999980926514,10191,0.0,0.0
2024-07-24 10:30:00-04:00,7.039999961853027,7.079999923706055,7.039999961853027,7.070000171661377,6383,0.0,0.0
2024-07-24 11:30:00-04:00,7.1595001220703125,7.175000190734863,7.150000095367432,7.175000190734863,4863,0.0,0.0
2024-07-24 12:30:00-04:00,7.170000076293945,7.170000076293945,7.110000133514404,7.110000133514404,9797,0.0,0.0
2024-07-24 13:30:00-04:00,7.110000133514404,7.230000019073486,7.110000133514404,7.230000019073486,6985,0.0,0.0
2024-07-24 14:30:00-04:00,7.199999809265137,7.210000038146973,7.150000095367432,7.210000038146973,7032,0.0,0.0
2024-07-24 15:30:00-04:00,7.210000038146973,7.21619987487793,7.130000114440918,7.170000076293945,5732,0.0,0.0
2024-07-25 09:30:00-04:00,7.159999847412109,7.289999961853027,7.159999847412109,7.289999961853027,5314,0.0,0.0
2024-07-25 10:30:00-04:00,7.300000190734863,7.424499988555908,7.289999961853027,7.424499988555908,6043,0.0,0.0
2024-07-25 11:30:00-04:00,7.400000095367432,7.449900150299072,7.400000095367432,7.449900150299072,3887,0.0,0.0
2024-07-25 12:30:00-04:00,7.446599960327148,7.480000019073486,7.446599960327148,7.46999979019165,7495,0.0,0.0
2024-07-25 13:30:00-04:00,7.5,7.519999980926514,7.460000038146973,7.460000038146973,11994,0.0,0.0
2024-07-25 14:30:00-04:00,7.480000019073486,7.480000019073486,7.389999866485596,7.420000076293945,4619,0.0,0.0
2024-07-25 15:30:00-04:00,7.429999828338623,7.439899921417236,7.300000190734863,7.300000190734863,8105,0.0,0.0
2024-07-26 09:30:00-04:00,7.429999828338623,7.510000228881836,7.420000076293945,7.480000019073486,7438,0.0,0.0
2024-07-26 10:30:00-04:00,7.480000019073486,7.480000019073486,7.389999866485596,7.460000038146973,8345,0.0,0.0
2024-07-26 11:30:00-04:00,7.461900234222412,7.539999961853027,7.454999923706055,7.480000019073486,10946,0.0,0.0
2024-07-26 12:30:00-04:00,7.480000019073486,7.489999771118164,7.474999904632568,7.474999904632568,1483,0.0,0.0
2024-07-26 13:30:00-04:00,7.480000019073486,7.502600193023682,7.474999904632568,7.480000019073486,2393,0.0,0.0
2024-07-26 14:30:00-04:00,7.498600006103516,7.53000020980835,7.480000019073486,7.53000020980835,4789,0.0,0.0
2024-07-26 15:30:00-04:00,7.519999980926514,7.53000020980835,7.5,7.519999980926514,8224,0.0,0.0
2024-07-29 09:30:00-04:00,7.559999942779541,7.599999904632568,7.480000019073486,7.5,10875,0.0,0.0
2024-07-29 10:30:00-04:00,7.5,7.5,7.350100040435791,7.350100040435791,15716,0.0,0.0
2024-07-29 11:30:00-04:00,7.349999904632568,7.409999847412109,7.309999942779541,7.409999847412109,2950,0.0,0.0
2024-07-29 12:30:00-04:00,7.420000076293945,7.429999828338623,7.380000114440918,7.394999980926514,5944,0.0,0.0
2024-07-29 13:30:00-04:00,7.376800060272217,7.380000114440918,7.329999923706055,7.329999923706055,7144,0.0,0.0
2024-07-29 14:30:00-04:00,7.269999980926514,7.269999980926514,7.230000019073486,7.244999885559082,10388,0.0,0.0
2024-07-29 15:30:00-04:00,7.295000076293945,7.309999942779541,7.199999809265137,7.199999809265137,8678,0.0,0.0
2024-07-30 09:30:00-04:00,7.190000057220459,7.260000228881836,7.190000057220459,7.235000133514404,4157,0.0,0.0
2024-07-30 10:30:00-04:00,7.329999923706055,7.329999923706055,7.215000152587891,7.215000152587891,24145,0.0,0.0
2024-07-30 11:30:00-04:00,7.199999809265137,7.199999809265137,7.110000133514404,7.110000133514404,3191,0.0,0.0
2024-07-30 12:30:00-04:00,7.15500020980835,7.184000015258789,7.139999866485596,7.144999980926514,1535,0.0,0.0
2024-07-30 13:30:00-04:00,7.099999904632568,7.139999866485596,7.099999904632568,7.135000228881836,3307,0.0,0.0
2024-07-30 14:30:00-04:00,7.139999866485596,7.139999866485596,7.110000133514404,7.122799873352051,3028,0.0,0.0
2024-07-30 15:30:00-04:00,7.139999866485596,7.21999979019165,7.139999866485596,7.170000076293945,5874,0.0,0.0
2024-07-31 09:30:00-04:00,7.179999828338623,7.179999828338623,7.170000076293945,7.179999828338623,8375,0.0,0.0
2024-07-31 10:30:00-04:00,7.300000190734863,7.335000038146973,7.289999961853027,7.300000190734863,8674,0.0,0.0
2024-07-31 11:30:00-04:00,7.289999961853027,7.380000114440918,7.289999961853027,7.349999904632568,12357,0.0,0.0
2024-07-31 12:30:00-04:00,7.360000133514404,7.389999866485596,7.360000133514404,7.389999866485596,4731,0.0,0.0
2024-07-31 13:30:00-04:00,7.369999885559082,7.389999866485596,7.349999904632568,7.349999904632568,7885,0.0,0.0
2024-07-31 14:30:00-04:00,7.340000152587891,7.449999809265137,7.340000152587891,7.340000152587891,13077,0.0,0.0
2024-07-31 15:30:00-04:00,7.320000171661377,7.329999923706055,7.190999984741211,7.260000228881836,14003,0.0,0.0
2024-08-01 09:30:00-04:00,7.335000038146973,7.349999904632568,7.21999979019165,7.21999979019165,9910,0.0,0.0
2024-08-01 10:30:00-04:00,7.144999980926514,7.144999980926514,7.050000190734863,7.050000190734863,4112,0.0,0.0
2024-08-01 11:30:00-04:00,7.019999980926514,7.079999923706055,7.0,7.070000171661377,4636,0.0,0.0
2024-08-01 12:30:00-04:00,7.02400016784668,7.03000020980835,6.909999847412109,6.909999847412109,15790,0.0,0.0
2024-08-01 13:30:00-04:00,6.909999847412109,6.909999847412109,6.880000114440918,6.889999866485596,6574,0.0,0.0
2024-08-01 14:30:00-04:00,6.949900150299072,6.989999771118164,6.889999866485596,6.989999771118164,13067,0.0,0.0
2024-08-01 15:30:00-04:00,6.980000019073486,6.980000019073486,6.920000076293945,6.920000076293945,8179,0.0,0.0
2024-08-02 09:30:00-04:00,6.679999828338623,6.804999828338623,6.640999794006348,6.739999771118164,11916,0.0,0.0
2024-08-02 10:30:00-04:00,6.760000228881836,6.78000020980835,6.731599807739258,6.78000020980835,2805,0.0,0.0
2024-08-02 11:30:00-04:00,6.760000228881836,6.78000020980835,6.760000228881836,6.78000020980835,1794,0.0,0.0
2024-08-02 12:30:00-04:00,6.784999847412109,6.784999847412109,6.755000114440918,6.760000228881836,5777,0.0,0.0
2024-08-02 13:30:00-04:00,6.775000095367432,6.78000020980835,6.75,6.78000020980835,5436,0.0,0.0
2024-08-02 14:30:00-04:00,6.804999828338623,6.820000171661377,6.804999828338623,6.820000171661377,6271,0.0,0.0
2024-08-02 15:30:00-04:00,6.764999866485596,6.769999980926514,6.75,6.75,3907,0.0,0.0
2024-08-05 09:30:00-04:00,6.5,6.570000171661377,6.440000057220459,6.529900074005127,11525,0.0,0.0
2024-08-05 10:30:00-04:00,6.460000038146973,6.510000228881836,6.429999828338623,6.489999771118164,4418,0.0,0.0
2024-08-05 11:30:00-04:00,6.494999885559082,6.514999866485596,6.47189998626709,6.514999866485596,3219,0.0,0.0
2024-08-05 12:30:00-04:00,6.53000020980835,6.53000020980835,6.400000095367432,6.449999809265137,13511,0.0,0.0
2024-08-05 13:30:00-04:00,6.452300071716309,6.46999979019165,6.440000057220459,6.449999809265137,4148,0.0,0.0
2024-08-05 14:30:00-04:00,6.445000171661377,6.445000171661377,6.400000095367432,6.440000057220459,15112,0.0,0.0
2024-08-05 15:30:00-04:00,6.440000057220459,6.449999809265137,6.400000095367432,6.429999828338623,20067,0.0,0.0
2024-08-06 09:30:00-04:00,6.429999828338623,6.549300193786621,6.420000076293945,6.519999980926514,24763,0.0,0.0
2024-08-06 10:30:00-04:00,6.53000020980835,6.550000190734863,6.5,6.510000228881836,7740,0.0,0.0
2024-08-06 11:30:00-04:00,6.465000152587891,6.514999866485596,6.465000152587891,6.514999866485596,1772,0.0,0.0
2024-08-06 12:30:00-04:00,6.531400203704834,6.531400203704834,6.531400203704834,6.531400203704834,1375,0.0,0.0
2024-08-06 13:30:00-04:00,6.550000190734863,6.619999885559082,6.550000190734863,6.614999771118164,4903,0.0,0.0
2024-08-06 14:30:00-04:00,6.610000133514404,6.610000133514404,6.545000076293945,6.579999923706055,15237,0.0,0.0
2024-08-06 15:30:00-04:00,6.554999828338623,6.570000171661377,6.530099868774414,6.558000087738037,4052,0.0,0.0
2024-08-07 09:30:00-04:00,6.679999828338623,6.679999828338623,6.670000076293945,6.670000076293945,10444,0.0,0.0
2024-08-07 10:30:00-04:00,6.690000057220459,6.690000057220459,6.639999866485596,6.639999866485596,7249,0.0,0.0
2024-08-07 11:30:00-04:00,6.550000190734863,6.574999809265137,6.550000190734863,6.574999809265137,2493,0.0,0.0
2024-08-07 12:30:00-04:00,6.570000171661377,6.570000171661377,6.53000020980835,6.570000171661377,4693,0.0,0.0
2024-08-07 13:30:00-04:00,6.567999839782715,6.567999839782715,6.480000019073486,6.5,2832,0.0,0.0
2024-08-07 14:30:00-04:00,6.470900058746338,6.5,6.380000114440918,6.400000095367432,28601,0.0,0.0
2024-08-07 15:30:00-04:00,6.409999847412109,6.429999828338623,6.375,6.380000114440918,12969,0.0,0.0
2024-08-08 09:30:00-04:00,6.369999885559082,6.485000133514404,6.369999885559082,6.485000133514404,3141,0.0,0.0
2024-08-08 10:30:00-04:00,6.46999979019165,6.514999866485596,6.46999979019165,6.514999866485596,4424,0.0,0.0
2024-08-08 11:30:00-04:00,6.534999847412109,6.579999923706055,6.534999847412109,6.559999942779541,13896,0.0,0.0
2024-08-08 12:30:00-04:00,6.559999942779541,6.590000152587891,6.559999942779541,6.590000152587891,8665,0.0,0.0
2024-08-08 13:30:00-04:00,6.605000019073486,6.679999828338623,6.605000019073486,6.679999828338623,9613,0.0,0.0
2024-08-08 14:30:00-04:00,6.679999828338623,6.690000057220459,6.619999885559082,6.619999885559082,11055,0.0,0.0
2024-08-08 15:30:00-04:00,6.599999904632568,6.599999904632568,6.545000076293945,6.599999904632568,5245,0.0,0.0
2024-08-09 09:30:00-04:00,6.679999828338623,6.755000114440918,6.679999828338623,6.739999771118164,8764,0.0,0.0
2024-08-09 10:30:00-04:00,6.800000190734863,6.860000133514404,6.766499996185303,6.829999923706055,7441,0.0,0.0
2024-08-09 11:30:00-04:00,6.800000190734863,6.800000190734863,6.730500221252441,6.755000114440918,18571,0.0,0.0
2024-08-09 12:30:00-04:00,6.753900051116943,6.909999847412109,6.753900051116943,6.900000095367432,11735,0.0,0.0
2024-08-09 13:30:00-04:00,6.900000095367432,6.900000095367432,6.840000152587891,6.849999904632568,8378,0.0,0.0
2024-08-09 14:30:00-04:00,6.849999904632568,6.872000217437744,6.800000190734863,6.800000190734863,9702,0.0,0.0
2024-08-09 15:30:00-04:00,6.809999942779541,6.920000076293945,6.809999942779541,6.909999847412109,7822,0.0,0.0
2024-08-12 09:30:00-04:00,6.869999885559082,6.909999847412109,6.869999885559082,6.909999847412109,8238,0.0,0.0
2024-08-12 10:30:00-04:00,6.920000076293945,7.0,6.920000076293945,6.940000057220459,8497,0.0,0.0
2024-08-12 11:30:00-04:00,6.909999847412109,6.940000057220459,6.900000095367432,6.934999942779541,9793,0.0,0.0
2024-08-12 12:30:00-04:00,6.960000038146973,6.96999979019165,6.929999828338623,6.954999923706055,4325,0.0,0.0
2024-08-12 13:30:00-04:00,6.949999809265137,7.0,6.929999828338623,7.0,6747,0.0,0.0
2024-08-12 14:30:00-04:00,6.980000019073486,6.989999771118164,6.945000171661377,6.989999771118164,13903,0.0,0.0
2024-08-12 15:30:00-04:00,6.980000019073486,6.980000019073486,6.860000133514404,6.889999866485596,11365,0.0,0.0
2024-08-13 09:30:00-04:00,6.630000114440918,6.909999847412109,6.630000114440918,6.909999847412109,2191,0.0,0.0
2024-08-13 10:30:00-04:00,6.960000038146973,6.980000019073486,6.960000038146973,6.980000019073486,810,0.0,0.0
2024-08-13 11:30:00-04:00,7.0,7.079999923706055,6.994999885559082,7.079999923706055,6598,0.0,0.0
2024-08-13 12:30:00-04:00,7.050000190734863,7.085000038146973,7.050000190734863,7.085000038146973,6668,0.0,0.0
2024-08-13 13:30:00-04:00,7.090000152587891,7.090000152587891,7.0,7.070000171661377,17876,0.0,0.0
2024-08-13 14:30:00-04:00,7.079999923706055,7.119999885559082,7.050000190734863,7.050000190734863,17155,0.0,0.0
2024-08-13 15:30:00-04:00,7.03000020980835,7.039999961853027,6.965000152587891,7.039999961853027,8155,0.0,0.0
2024-08-14 09:30:00-04:00,7.0,7.150000095367432,7.0,7.090000152587891,9062,0.0,0.0
2024-08-14 10:30:00-04:00,7.099999904632568,7.099999904632568,7.079999923706055,7.079999923706055,1506,0.0,0.0
2024-08-14 11:30:00-04:00,7.079999923706055,7.090000152587891,7.070000171661377,7.070000171661377,5473,0.0,0.0
2024-08-14 12:30:00-04:00,7.059999942779541,7.074999809265137,7.011000156402588,7.059999942779541,6216,0.0,0.0
2024-08-14 13:30:00-04:00,7.090000152587891,7.090000152587891,7.03000020980835,7.050000190734863,6315,0.0,0.0
2024-08-14 14:30:00-04:00,7.093699932098389,7.09499979019165,7.059999942779541,7.09499979019165,8590,0.0,0.0
2024-08-14 15:30:00-04:00,7.090000152587891,7.110000133514404,7.070000171661377,7.110000133514404,5324,0.0,0.0
2024-08-15 09:30:00-04:00,7.25,7.329999923706055,7.25,7.269999980926514,3752,0.0,0.0
2024-08-15 10:30:00-04:00,7.315000057220459,7.340000152587891,7.315000057220459,7.327300071716309,8203,0.0,0.0
2024-08-15 11:30:00-04:00,7.329999923706055,7.389999866485596,7.300000190734863,7.360000133514404,5295,0.0,0.0
2024-08-15 12:30:00-04:00,7.360000133514404,7.40500020980835,7.360000133514404,7.40500020980835,2001,0.0,0.0
2024-08-15 13:30:00-04:00,7.409999847412109,7.410099983215332,7.329999923706055,7.349999904632568,14581,0.0,0.0
2024-08-15 14:30:00-04:00,7.329999923706055,7.349999904632568,7.320000171661377,7.349999904632568,5336,0.0,0.0
2024-08-15 15:30:00-04:00,7.364999771118164,7.364999771118164,7.309999942779541,7.349999904632568,8074,0.0,0.0
2024-08-16 09:30:00-04:00,7.25,7.434999942779541,7.25,7.434999942779541,6138,0.0,0.0
2024-08-16 10:30:00-04:00,7.400000095367432,7.417600154876709,7.389999866485596,7.417600154876709,8151,0.0,0.0
2024-08-16 11:30:00-04:00,7.429999828338623,7.480000019073486,7.429999828338623,7.46999979019165,6499,0.0,0.0
2024-08-16 12:30:00-04:00,7.46999979019165,7.489999771118164,7.46999979019165,7.489799976348877,5112,0.0,0.0
2024-08-16 13:30:00-04:00,7.5,7.519999980926514,7.489999771118164,7.510000228881836,17283,0.0,0.0
2024-08-16 14:30:00-04:00,7.5,7.5,7.489999771118164,7.489999771118164,2994,0.0,0.0
2024-08-16 15:30:00-04:00,7.46999979019165,7.46999979019165,7.429999828338623,7.440000057220459,6858,0.0,0.0
2024-08-19 09:30:00-04:00,7.599999904632568,7.599999904632568,7.480000019073486,7.480000019073486,13707,0.0,0.0
2024-08-19 10:30:00-04:00,7.519999980926514,7.519999980926514,7.489999771118164,7.489999771118164,1608,0.0,0.0
2024-08-19 11:30:00-04:00,7.5,7.550000190734863,7.5,7.550000190734863,5073,0.0,0.0
2024-08-19 12:30:00-04:00,7.523499965667725,7.542200088500977,7.519999980926514,7.542200088500977,2250,0.0,0.0
2024-08-19 13:30:00-04:00,7.510000228881836,7.510000228881836,7.510000228881836,7.510000228881836,1112,0.0,0.0
2024-08-19 14:30:00-04:00,7.53000020980835,7.53000020980835,7.5,7.510000228881836,3127,0.0,0.0
2024-08-19 15:30:00-04:00,7.46999979019165,7.46999979019165,7.420000076293945,7.465000152587891,6001,0.0,0.0
2024-08-20 09:30:00-04:00,7.5,7.5,7.449999809265137,7.449999809265137,1727,0.0,0.0
2024-08-20 10:30:00-04:00,7.469900131225586,7.469900131225586,7.389999866485596,7.389999866485596,2194,0.0,0.0
2024-08-20 11:30:00-04:00,7.400000095367432,7.400000095367432,7.389999866485596,7.400000095367432,3476,0.0,0.0
2024-08-20 12:30:00-04:00,7.414000034332275,7.419899940490723,7.414000034332275,7.419899940490723,4245,0.0,0.0
2024-08-20 13:30:00-04:00,7.429999828338623,7.53000020980835,7.429999828338623,7.525000095367432,13872,0.0,0.0
2024-08-20 14:30:00-04:00,7.510000228881836,7.599999904632568,7.5,7.550000190734863,8591,0.0,0.0
2024-08-20 15:30:00-04:00,7.510000228881836,7.518199920654297,7.460000038146973,7.460000038146973,4020,0.0,0.0
2024-08-21 09:30:00-04:00,7.53000020980835,7.53000020980835,7.440000057220459,7.440000057220459,0,0.0,0.0
2024-08-21 10:30:00-04:00,7.5,7.5,7.429999828338623,7.429999828338623,3298,0.0,0.0
2024-08-21 11:30:00-04:00,7.440000057220459,7.449999809265137,7.409999847412109,7.449999809265137,3250,0.0,0.0
2024-08-21 12:30:00-04:00,7.46999979019165,7.525000095367432,7.454100131988525,7.525000095367432,5164,0.0,0.0
2024-08-21 13:30:00-04:00,7.53000020980835,7.559999942779541,7.53000020980835,7.557499885559082,2154,0.0,0.0
2024-08-21 14:30:00-04:00,7.559999942779541,7.579999923706055,7.5370001792907715,7.5370001792907715,9272,0.0,0.0
2024-08-21 15:30:00-04:00,7.539999961853027,7.54040002822876,7.46999979019165,7.46999979019165,7763,0.0,0.0
2024-08-22 09:30:00-04:00,7.430099964141846,7.4704999923706055,7.430099964141846,7.4704999923706055,592,0.0,0.0
2024-08-22 10:30:00-04:00,7.450099945068359,7.454999923706055,7.445400238037109,7.445400238037109,1601,0.0,0.0
2024-08-22 11:30:00-04:00,7.409999847412109,7.425000190734863,7.409999847412109,7.425000190734863,1576,0.0,0.0
2024-08-22 12:30:00-04:00,7.429999828338623,7.480000019073486,7.429999828338623,7.480000019073486,3165,0.0,0.0
2024-08-22 13:30:00-04:00,7.480000019073486,7.489999771118164,7.46999979019165,7.489999771118164,3892,0.0,0.0
2024-08-22 14:30:00-04:00,7.489999771118164,7.496300220489502,7.489999771118164,7.496300220489502,10955,0.0,0.0
2024-08-22 15:30:00-04:00,7.389999866485596,7.440000057220459,7.360000133514404,7.369999885559082,6787,0.0,0.0
2024-08-23 09:30:00-04:00,7.42519998550415,7.489999771118164,7.42519998550415,7.489999771118164,2174,0.0,0.0
2024-08-23 10:30:00-04:00,7.51800012588501,7.570000171661377,7.510000228881836,7.541500091552734,4593,0.0,0.0
2024-08-23 11:30:00-04:00,7.519999980926514,7.53000020980835,7.5,7.5,1190,0.0,0.0
2024-08-23 12:30:00-04:00,7.550000190734863,7.550000190734863,7.510000228881836,7.514999866485596,1850,0.0,0.0
2024-08-23 13:30:00-04:00,7.519999980926514,7.539999961853027,7.5,7.5,1839,0.0,0.0
2024-08-23 14:30:00-04:00,7.494999885559082,7.53000020980835,7.494999885559082,7.505000114440918,7003,0.0,0.0
2024-08-23 15:30:00-04:00,7.53000020980835,7.588600158691406,7.5,7.588600158691406,11525,0.0,0.0
2024-08-26 09:30:00-04:00,7.619999885559082,7.619999885559082,7.550000190734863,7.550000190734863,2802,0.0,0.0
2024-08-26 10:30:00-04:00,7.539999961853027,7.539999961853027,7.429999828338623,7.429999828338623,2202,0.0,0.0
2024-08-26 11:30:00-04:00,7.360000133514404,7.409999847412109,7.360000133514404,7.409999847412109,1315,0.0,0.0
2024-08-26 12:30:00-04:00,7.460000038146973,7.494500160217285,7.460000038146973,7.494500160217285,2332,0.0,0.0
2024-08-26 13:30:00-04:00,7.46999979019165,7.489999771118164,7.466700077056885,7.478799819946289,1789,0.0,0.0
2024-08-26 14:30:00-04:00,7.480000019073486,7.5,7.480000019073486,7.480000019073486,3050,0.0,0.0
2024-08-26 15:30:00-04:00,7.440000057220459,7.590000152587891,7.440000057220459,7.570000171661377,13755,0.0,0.0
2024-08-27 09:30:00-04:00,7.5,7.5467000007629395,7.46999979019165,7.47599983215332,3215,0.0,0.0
2024-08-27 11:30:00-04:00,7.409999847412109,7.460000038146973,7.409999847412109,7.460000038146973,1541,0.0,0.0
2024-08-27 12:30:00-04:00,7.409999847412109,7.409999847412109,7.409999847412109,7.409999847412109,1049,0.0,0.0
2024-08-27 13:30:00-04:00,7.400000095367432,7.40500020980835,7.330999851226807,7.355000019073486,11618,0.0,0.0
2024-08-27 14:30:00-04:00,7.360000133514404,7.360000133514404,7.304999828338623,7.320000171661377,3881,0.0,0.0
2024-08-27 15:30:00-04:00,7.309999942779541,7.320000171661377,7.300000190734863,7.320000171661377,4934,0.0,0.0
2024-08-28 09:30:00-04:00,7.324999809265137,7.324999809265137,7.324999809265137,7.324999809265137,469,0.0,0.0
2024-08-28 10:30:00-04:00,7.320000171661377,7.320000171661377,7.320000171661377,7.320000171661377,841,0.0,0.0
2024-08-28 11:30:00-04:00,7.210000038146973,7.210000038146973,7.210000038146973,7.210000038146973,344,0.0,0.0
2024-08-28 12:30:00-04:00,7.210000038146973,7.28000020980835,7.199999809265137,7.28000020980835,3118,0.0,0.0
2024-08-28 13:30:00-04:00,7.260000228881836,7.260000228881836,7.199999809265137,7.199999809265137,1714,0.0,0.0
2024-08-28 14:30:00-04:00,7.210000038146973,7.21999979019165,7.210000038146973,7.21999979019165,3023,0.0,0.0
2024-08-28 15:30:00-04:00,7.239999771118164,7.260000228881836,7.230000019073486,7.230000019073486,3878,0.0,0.0
2024-08-29 09:30:00-04:00,7.284999847412109,7.284999847412109,7.284999847412109,7.284999847412109,1238,0.0,0.0
2024-08-29 10:30:00-04:00,7.369999885559082,7.369999885559082,7.230000019073486,7.255000114440918,4315,0.0,0.0
2024-08-29 11:30:00-04:00,7.28410005569458,7.303500175476074,7.204999923706055,7.260000228881836,5803,0.0,0.0
2024-08-29 12:30:00-04:00,7.239999771118164,7.244999885559082,7.239999771118164,7.244999885559082,506,0.0,0.0
2024-08-29 13:30:00-04:00,7.239999771118164,7.289999961853027,7.239999771118164,7.289999961853027,595,0.0,0.0
2024-08-29 14:30:00-04:00,7.255000114440918,7.269999980926514,7.190000057220459,7.21999979019165,3798,0.0,0.0
2024-08-29 15:30:00-04:00,7.199999809265137,7.239999771118164,7.184999942779541,7.210000038146973,6708,0.0,0.0
2024-08-30 09:30:00-04:00,7.25,7.289999961853027,7.215000152587891,7.25,1358,0.0,0.0
2024-08-30 10:30:00-04:00,7.269899845123291,7.320000171661377,7.25,7.25,4494,0.0,0.0
2024-08-30 11:30:00-04:00,7.215000152587891,7.215000152587891,7.215000152587891,7.215000152587891,1494,0.0,0.0
2024-08-30 13:30:00-04:00,7.190800189971924,7.190800189971924,7.170000076293945,7.170000076293945,895,0.0,0.0
2024-08-30 14:30:00-04:00,7.190000057220459,7.190000057220459,7.130000114440918,7.130000114440918,6878,0.0,0.0
2024-08-30 15:30:00-04:00,7.139999866485596,7.150000095367432,7.060999870300293,7.139999866485596,18508,0.0,0.0
2024-09-03 09:30:00-04:00,7.059999942779541,7.059999942779541,6.940000057220459,7.034999847412109,5456,0.0,0.0
2024-09-03 10:30:00-04:00,6.940000057220459,6.940000057220459,6.869999885559082,6.869999885559082,3206,0.0,0.0
2024-09-03 11:30:00-04:00,6.849999904632568,6.849999904632568,6.769999980926514,6.78000020980835,2479,0.0,0.0
2024-09-03 12:30:00-04:00,6.760000228881836,6.760000228881836,6.760000228881836,6.760000228881836,702,0.0,0.0
2024-09-03 13:30:00-04:00,6.730000019073486,6.730000019073486,6.630000114440918,6.659999847412109,4237,0.0,0.0
2024-09-03 14:30:00-04:00,6.684999942779541,6.730000019073486,6.659999847412109,6.730000019073486,4913,0.0,0.0
2024-09-03 15:30:00-04:00,6.699999809265137,6.71999979019165,6.630000114440918,6.630000114440918,9859,0.0,0.0
2024-09-04 09:30:00-04:00,6.679999828338623,6.679999828338623,6.474999904632568,6.5,10973,0.0,0.0
2024-09-04 10:30:00-04:00,6.599999904632568,6.629899978637695,6.550000190734863,6.59499979019165,7191,0.0,0.0
2024-09-04 11:30:00-04:00,6.570000171661377,6.630000114440918,6.559999942779541,6.630000114440918,7395,0.0,0.0
2024-09-04 12:30:00-04:00,6.590099811553955,6.599999904632568,6.5,6.510000228881836,5059,0.0,0.0
2024-09-04 13:30:00-04:00,6.510000228881836,6.550000190734863,6.449999809265137,6.550000190734863,7777,0.0,0.0
2024-09-04 14:30:00-04:00,6.539999961853027,6.539999961853027,6.482100009918213,6.5,11360,0.0,0.0
2024-09-04 15:30:00-04:00,6.5,6.539999961853027,6.5,6.510000228881836,11946,0.0,0.0
2024-09-05 09:30:00-04:00,6.670000076293945,6.670000076293945,6.570000171661377,6.570000171661377,2183,0.0,0.0
2024-09-05 10:30:00-04:00,6.525000095367432,6.599899768829346,6.43779993057251,6.499899864196777,8961,0.0,0.0
2024-09-05 11:30:00-04:00,6.460000038146973,6.519999980926514,6.440000057220459,6.519999980926514,5995,0.0,0.0
2024-09-05 12:30:00-04:00,6.539999961853027,6.590000152587891,6.539999961853027,6.590000152587891,2846,0.0,0.0
2024-09-05 13:30:00-04:00,6.559999942779541,6.699999809265137,6.550000190734863,6.699999809265137,4961,0.0,0.0
2024-09-05 14:30:00-04:00,6.670000076293945,6.670000076293945,6.599999904632568,6.643099784851074,5828,0.0,0.0
2024-09-05 15:30:00-04:00,6.630000114440918,6.630000114440918,6.46999979019165,6.559999942779541,9471,0.0,0.0
2024-09-06 09:30:00-04:00,6.329999923706055,6.449999809265137,6.129899978637695,6.129899978637695,17929,0.0,0.0
2024-09-06 10:30:00-04:00,6.031000137329102,6.074999809265137,5.940000057220459,6.010000228881836,6386,0.0,0.0
2024-09-06 11:30:00-04:00,6.039899826049805,6.039899826049805,5.78000020980835,5.820000171661377,12015,0.0,0.0
2024-09-06 12:30:00-04:00,5.775000095367432,5.816500186920166,5.75,5.816500186920166,5758,0.0,0.0
2024-09-06 13:30:00-04:00,5.860000133514404,5.869999885559082,5.6774001121521,5.679999828338623,19869,0.0,0.0
2024-09-06 14:30:00-04:00,5.650000095367432,5.668000221252441,5.639999866485596,5.639999866485596,2529,0.0,0.0
2024-09-06 15:30:00-04:00,5.650000095367432,5.657100200653076,5.519999980926514,5.579999923706055,28034,0.0,0.0
