Datetime,Open,High,Low,Close,Volume,Dividends,Stock Splits,Capital Gains
2022-09-08 09:30:00-04:00,38.225399017333984,38.225399017333984,38.19839859008789,38.19839859008789,0,0.0,0.0,0.0
2022-09-08 11:30:00-04:00,38.16999816894531,38.220001220703125,38.15999984741211,38.15999984741211,1072,0.0,0.0,0.0
2022-09-08 13:30:00-04:00,38.150001525878906,38.1880989074707,38.13999938964844,38.1880989074707,5440,0.0,0.0,0.0
2022-09-08 14:30:00-04:00,38.150001525878906,38.150001525878906,38.150001525878906,38.150001525878906,39090,0.0,0.0,0.0
2022-09-08 15:30:00-04:00,38.140098571777344,38.217201232910156,38.130001068115234,38.217201232910156,11749,0.0,0.0,0.0
2022-09-09 09:30:00-04:00,38.119998931884766,38.2224006652832,38.119998931884766,38.2224006652832,0,0.0,0.0,0.0
2022-09-09 11:30:00-04:00,38.220001220703125,38.220001220703125,38.220001220703125,38.220001220703125,220,0.0,0.0,0.0
2022-09-09 12:30:00-04:00,38.189998626708984,38.189998626708984,38.189998626708984,38.189998626708984,200,0.0,0.0,0.0
2022-09-09 14:30:00-04:00,38.189998626708984,38.21500015258789,38.18000030517578,38.21500015258789,500,0.0,0.0,0.0
2022-09-12 14:30:00-04:00,38.21009826660156,38.23500061035156,38.21009826660156,38.23500061035156,4014,0.0,0.0,0.0
2022-09-13 10:30:00-04:00,38.099998474121094,38.099998474121094,38.07160186767578,38.07500076293945,2790,0.0,0.0,0.0
2022-09-14 13:30:00-04:00,38.178199768066406,38.178199768066406,38.125,38.178199768066406,606,0.0,0.0,0.0
2022-09-15 10:30:00-04:00,38.040000915527344,38.084999084472656,38.03390121459961,38.040000915527344,24804,0.0,0.0,0.0
2022-09-15 12:30:00-04:00,38.00310134887695,38.01060104370117,38.00310134887695,38.004398345947266,1046,0.0,0.0,0.0
2022-09-15 15:30:00-04:00,38.025001525878906,38.025001525878906,38.025001525878906,38.025001525878906,132,0.0,0.0,0.0
2022-09-16 09:30:00-04:00,38.02000045776367,38.02000045776367,38.02000045776367,38.02000045776367,0,0.0,0.0,0.0
2022-09-16 10:30:00-04:00,38.01499938964844,38.01499938964844,37.9900016784668,37.9900016784668,954,0.0,0.0,0.0
2022-09-16 13:30:00-04:00,38.01499938964844,38.01499938964844,38.01490020751953,38.01499938964844,828,0.0,0.0,0.0
2022-09-19 10:30:00-04:00,38.01499938964844,38.01499938964844,37.95000076293945,38.01499938964844,1780,0.0,0.0,0.0
2022-09-19 11:30:00-04:00,38.02000045776367,38.02000045776367,38.02000045776367,38.02000045776367,281,0.0,0.0,0.0
2022-09-19 13:30:00-04:00,38.013099670410156,38.0447998046875,38.013099670410156,38.0447998046875,758,0.0,0.0,0.0
2022-09-20 09:30:00-04:00,37.93000030517578,37.93000030517578,37.93000030517578,37.93000030517578,0,0.0,0.0,0.0
2022-09-20 10:30:00-04:00,37.91350173950195,37.91350173950195,37.91350173950195,37.91350173950195,125,0.0,0.0,0.0
2022-09-20 11:30:00-04:00,37.935001373291016,37.95119857788086,37.880001068115234,37.95119857788086,1580,0.0,0.0,0.0
2022-09-20 13:30:00-04:00,37.935001373291016,37.94779968261719,37.88999938964844,37.935699462890625,3116,0.0,0.0,0.0
2022-09-21 11:30:00-04:00,37.939998626708984,38.0,37.939998626708984,38.0,392,0.0,0.0,0.0
2022-09-21 14:30:00-04:00,37.939998626708984,37.939998626708984,37.88600158691406,37.93000030517578,7758,0.0,0.0,0.0
2022-09-21 15:30:00-04:00,37.88999938964844,37.88999938964844,37.88999938964844,37.88999938964844,165,0.0,0.0,0.0
2022-09-22 09:30:00-04:00,37.749698638916016,37.79999923706055,37.749698638916016,37.79999923706055,0,0.0,0.0,0.0
2022-09-22 10:30:00-04:00,37.79999923706055,37.86000061035156,37.7599983215332,37.7599983215332,2414,0.0,0.0,0.0
2022-09-22 11:30:00-04:00,37.78900146484375,37.78900146484375,37.78900146484375,37.78900146484375,277,0.0,0.0,0.0
2022-09-22 13:30:00-04:00,37.7401008605957,37.7401008605957,37.7401008605957,37.7401008605957,2500,0.0,0.0,0.0
2022-09-22 14:30:00-04:00,37.78499984741211,37.78499984741211,37.78499984741211,37.78499984741211,100,0.0,0.0,0.0
2022-09-23 11:30:00-04:00,37.776798248291016,37.776798248291016,37.776798248291016,37.776798248291016,2,0.0,0.0,0.0
2022-09-23 14:30:00-04:00,37.689998626708984,37.7400016784668,37.667701721191406,37.7400016784668,6435,0.0,0.0,0.0
2022-09-26 09:30:00-04:00,37.724998474121094,37.724998474121094,37.65999984741211,37.65999984741211,0,0.0,0.0,0.0
2022-09-26 10:30:00-04:00,37.74020004272461,37.74020004272461,37.74020004272461,37.74020004272461,100,0.0,0.0,0.0
2022-09-26 11:30:00-04:00,37.630001068115234,37.71500015258789,37.630001068115234,37.71500015258789,1005,0.0,0.0,0.0
2022-09-26 13:30:00-04:00,37.64500045776367,37.64500045776367,37.64500045776367,37.64500045776367,206,0.0,0.0,0.0
2022-09-26 14:30:00-04:00,37.64500045776367,37.660400390625,37.64500045776367,37.660400390625,370,0.0,0.0,0.0
2022-09-26 15:30:00-04:00,37.59000015258789,37.59000015258789,37.560001373291016,37.560001373291016,3895,0.0,0.0,0.0
2022-09-27 09:30:00-04:00,37.58000183105469,37.58000183105469,37.529998779296875,37.540000915527344,0,0.0,0.0,0.0
2022-09-27 10:30:00-04:00,37.529998779296875,37.529998779296875,37.529998779296875,37.529998779296875,3236,0.0,0.0,0.0
2022-09-27 11:30:00-04:00,37.5099983215332,37.5099983215332,37.446998596191406,37.47999954223633,3456,0.0,0.0,0.0
2022-09-27 12:30:00-04:00,37.4900016784668,37.4900016784668,37.4900016784668,37.4900016784668,665,0.0,0.0,0.0
2022-09-27 13:30:00-04:00,37.4900016784668,37.4900016784668,37.4900016784668,37.4900016784668,380,0.0,0.0,0.0
2022-09-27 14:30:00-04:00,37.4557991027832,37.459999084472656,37.4557991027832,37.459999084472656,200,0.0,0.0,0.0
2022-09-28 10:30:00-04:00,37.630001068115234,37.630001068115234,37.630001068115234,37.630001068115234,0,0.0,0.0,0.0
2022-09-28 11:30:00-04:00,37.650001525878906,37.650001525878906,37.650001525878906,37.650001525878906,302,0.0,0.0,0.0
2022-09-28 14:30:00-04:00,37.689998626708984,37.709999084472656,37.689998626708984,37.707000732421875,257,0.0,0.0,0.0
2022-09-29 10:30:00-04:00,37.33000183105469,37.36000061035156,37.30009841918945,37.314998626708984,6883,0.0,0.0,0.0
2022-09-29 12:30:00-04:00,37.36520004272461,37.36520004272461,37.36520004272461,37.36520004272461,100,0.0,0.0,0.0
2022-09-29 14:30:00-04:00,37.34000015258789,37.34000015258789,37.34000015258789,37.34000015258789,208,0.0,0.0,0.0
2022-09-29 15:30:00-04:00,37.33000183105469,37.39500045776367,37.33000183105469,37.39500045776367,545,0.0,0.0,0.0
2022-09-30 12:30:00-04:00,37.4900016784668,37.4900016784668,37.45000076293945,37.459999084472656,11138,0.0,0.0,0.0
2022-09-30 13:30:00-04:00,37.45000076293945,37.5099983215332,37.45000076293945,37.481998443603516,953,0.0,0.0,0.0
2022-09-30 14:30:00-04:00,37.473201751708984,37.473201751708984,37.45000076293945,37.45000076293945,428,0.0,0.0,0.0
2022-09-30 15:30:00-04:00,37.45589828491211,37.46500015258789,37.390098571777344,37.46500015258789,323,0.0,0.0,0.0
2022-10-03 09:30:00-04:00,37.5099983215332,37.52119827270508,37.5,37.52119827270508,0,0.0,0.0,0.0
2022-10-03 10:30:00-04:00,37.540000915527344,37.56399917602539,37.540000915527344,37.540000915527344,1201,0.0,0.0,0.0
2022-10-03 11:30:00-04:00,37.540000915527344,37.56549835205078,37.52159881591797,37.56549835205078,2450,0.0,0.0,0.0
2022-10-03 12:30:00-04:00,37.609901428222656,37.609901428222656,37.609901428222656,37.609901428222656,582,0.0,0.0,0.0
2022-10-03 13:30:00-04:00,37.529998779296875,37.54499816894531,37.5,37.54499816894531,1508,0.0,0.0,0.0
2022-10-04 09:30:00-04:00,37.560001373291016,37.560001373291016,37.560001373291016,37.560001373291016,0,0.0,0.0,0.0
2022-10-04 10:30:00-04:00,37.64500045776367,37.64500045776367,37.64500045776367,37.64500045776367,2159,0.0,0.0,0.0
2022-10-04 12:30:00-04:00,37.624000549316406,37.624000549316406,37.624000549316406,37.624000549316406,1902,0.0,0.0,0.0
2022-10-04 13:30:00-04:00,37.599998474121094,37.599998474121094,37.52000045776367,37.55009841918945,42250,0.0,0.0,0.0
2022-10-04 14:30:00-04:00,37.56999969482422,37.61470031738281,37.53499984741211,37.61470031738281,2781,0.0,0.0,0.0
2022-10-05 09:30:00-04:00,37.55500030517578,37.619998931884766,37.52000045776367,37.619998931884766,0,0.0,0.0,0.0
2022-10-06 10:30:00-04:00,37.529998779296875,37.529998779296875,37.529998779296875,37.529998779296875,0,0.0,0.0,0.0
2022-10-06 11:30:00-04:00,37.4900016784668,37.54880142211914,37.4900016784668,37.54880142211914,601,0.0,0.0,0.0
2022-10-06 12:30:00-04:00,37.54999923706055,37.54999923706055,37.47999954223633,37.47999954223633,3936,0.0,0.0,0.0
2022-10-06 14:30:00-04:00,37.4900016784668,37.54999923706055,37.4900016784668,37.53049850463867,7317,0.0,0.0,0.0
2022-10-07 09:30:00-04:00,37.4900016784668,37.4900016784668,37.400001525878906,37.46390151977539,0,0.0,0.0,0.0
2022-10-07 11:30:00-04:00,37.499298095703125,37.499298095703125,37.499298095703125,37.499298095703125,299,0.0,0.0,0.0
2022-10-07 13:30:00-04:00,37.40999984741211,37.40999984741211,37.400001525878906,37.400001525878906,600,0.0,0.0,0.0
2022-10-07 15:30:00-04:00,37.40999984741211,37.42499923706055,37.40999984741211,37.42499923706055,505,0.0,0.0,0.0
2022-10-10 09:30:00-04:00,37.46179962158203,37.560001373291016,37.46179962158203,37.47999954223633,2522,0.0,0.0,0.0
2022-10-10 10:30:00-04:00,37.400001525878906,37.54779815673828,37.400001525878906,37.54779815673828,8979,0.0,0.0,0.0
2022-10-10 12:30:00-04:00,37.39099884033203,37.39099884033203,37.38999938964844,37.38999938964844,2006,0.0,0.0,0.0
2022-10-10 13:30:00-04:00,37.47999954223633,37.47999954223633,37.47999954223633,37.47999954223633,153,0.0,0.0,0.0
2022-10-10 15:30:00-04:00,37.38999938964844,37.38999938964844,37.38999938964844,37.38999938964844,0,0.0,0.0,0.0
2022-10-11 09:30:00-04:00,37.380001068115234,37.45669937133789,37.37099838256836,37.45669937133789,2128,0.0,0.0,0.0
2022-10-11 10:30:00-04:00,37.40999984741211,37.44499969482422,37.40999984741211,37.44499969482422,1611,0.0,0.0,0.0
2022-10-12 09:30:00-04:00,37.46549987792969,37.46549987792969,37.41999816894531,37.41999816894531,0,0.0,0.0,0.0
2022-10-12 13:30:00-04:00,37.41999816894531,37.5010986328125,37.41999816894531,37.48500061035156,0,0.0,0.0,0.0
2022-10-13 09:30:00-04:00,37.270999908447266,37.270999908447266,37.270999908447266,37.270999908447266,245,0.0,0.0,0.0
2022-10-13 10:30:00-04:00,37.260101318359375,37.260101318359375,37.2599983215332,37.2599983215332,445,0.0,0.0,0.0
2022-10-13 11:30:00-04:00,37.345001220703125,37.345001220703125,37.31999969482422,37.320098876953125,2674,0.0,0.0,0.0
2022-10-13 13:30:00-04:00,37.34000015258789,37.345001220703125,37.34000015258789,37.34000015258789,2265,0.0,0.0,0.0
2022-10-13 15:30:00-04:00,37.33000183105469,37.34000015258789,37.33000183105469,37.33000183105469,676,0.0,0.0,0.0
2022-10-14 09:30:00-04:00,37.369998931884766,37.369998931884766,37.369998931884766,37.369998931884766,0,0.0,0.0,0.0
2022-10-14 10:30:00-04:00,37.369998931884766,37.380001068115234,37.29499816894531,37.380001068115234,11820,0.0,0.0,0.0
2022-10-14 11:30:00-04:00,37.314998626708984,37.314998626708984,37.244998931884766,37.244998931884766,1887,0.0,0.0,0.0
2022-10-17 09:30:00-04:00,37.430599212646484,37.430599212646484,37.430599212646484,37.430599212646484,0,0.0,0.0,0.0
2022-10-17 10:30:00-04:00,37.369998931884766,37.4281005859375,37.34000015258789,37.350101470947266,8056,0.0,0.0,0.0
2022-10-17 11:30:00-04:00,37.43299865722656,37.43920135498047,37.36000061035156,37.36000061035156,1354,0.0,0.0,0.0
2022-10-17 12:30:00-04:00,37.495601654052734,37.495601654052734,37.495601654052734,37.495601654052734,255,0.0,0.0,0.0
2022-10-17 13:30:00-04:00,37.34000015258789,37.34000015258789,37.34000015258789,37.34000015258789,500,0.0,0.0,0.0
2022-10-17 14:30:00-04:00,37.34000015258789,37.42679977416992,37.34000015258789,37.42679977416992,1700,0.0,0.0,0.0
2022-10-18 10:30:00-04:00,37.38999938964844,37.42620086669922,37.369998931884766,37.42620086669922,927,0.0,0.0,0.0
2022-10-18 11:30:00-04:00,37.40999984741211,37.40999984741211,37.34000015258789,37.34000015258789,2969,0.0,0.0,0.0
2022-10-18 12:30:00-04:00,37.349998474121094,37.47999954223633,37.349998474121094,37.47999954223633,706,0.0,0.0,0.0
2022-10-18 13:30:00-04:00,37.36000061035156,37.36000061035156,37.36000061035156,37.36000061035156,203,0.0,0.0,0.0
2022-10-18 14:30:00-04:00,37.47999954223633,37.47999954223633,37.41999816894531,37.41999816894531,122,0.0,0.0,0.0
2022-10-19 10:30:00-04:00,37.34450149536133,37.345001220703125,37.34450149536133,37.345001220703125,203,0.0,0.0,0.0
2022-10-19 11:30:00-04:00,37.3760986328125,37.3760986328125,37.3760986328125,37.3760986328125,201,0.0,0.0,0.0
2022-10-19 13:30:00-04:00,37.380001068115234,37.380001068115234,37.380001068115234,37.380001068115234,361,0.0,0.0,0.0
2022-10-19 14:30:00-04:00,37.348899841308594,37.348899841308594,37.29750061035156,37.29750061035156,700,0.0,0.0,0.0
2022-10-19 15:30:00-04:00,37.33509826660156,37.33509826660156,37.32500076293945,37.32500076293945,600,0.0,0.0,0.0
2022-10-20 10:30:00-04:00,37.27000045776367,37.27190017700195,37.27000045776367,37.27050018310547,1263,0.0,0.0,0.0
2022-10-20 13:30:00-04:00,37.332801818847656,37.332801818847656,37.25,37.25,1066,0.0,0.0,0.0
2022-10-21 10:30:00-04:00,37.260501861572266,37.30500030517578,37.260501861572266,37.30500030517578,2779,0.0,0.0,0.0
2022-10-21 11:30:00-04:00,37.27000045776367,37.32500076293945,37.27000045776367,37.32500076293945,915,0.0,0.0,0.0
2022-10-24 09:30:00-04:00,37.345001220703125,37.345001220703125,37.345001220703125,37.345001220703125,0,0.0,0.0,0.0
2022-10-24 10:30:00-04:00,37.4099006652832,37.4099006652832,37.345001220703125,37.345001220703125,2691,0.0,0.0,0.0
2022-10-24 11:30:00-04:00,37.345001220703125,37.345001220703125,37.345001220703125,37.345001220703125,566,0.0,0.0,0.0
2022-10-24 12:30:00-04:00,37.349998474121094,37.349998474121094,37.349998474121094,37.349998474121094,600,0.0,0.0,0.0
2022-10-24 13:30:00-04:00,37.29999923706055,37.400001525878906,37.29999923706055,37.400001525878906,731,0.0,0.0,0.0
2022-10-24 14:30:00-04:00,37.32569885253906,37.32569885253906,37.32569885253906,37.32569885253906,1305,0.0,0.0,0.0
2022-10-24 15:30:00-04:00,37.33919906616211,37.34389877319336,37.33919906616211,37.34389877319336,210,0.0,0.0,0.0
2022-10-25 09:30:00-04:00,37.3849983215332,37.3849983215332,37.34000015258789,37.34000015258789,0,0.0,0.0,0.0
2022-10-25 10:30:00-04:00,37.349998474121094,37.41630172729492,37.345001220703125,37.369998931884766,2803,0.0,0.0,0.0
2022-10-25 11:30:00-04:00,37.369998931884766,37.40919876098633,37.31999969482422,37.31999969482422,14652,0.0,0.0,0.0
2022-10-25 12:30:00-04:00,37.459800720214844,37.459800720214844,37.459800720214844,37.459800720214844,843,0.0,0.0,0.0
2022-10-25 14:30:00-04:00,37.400001525878906,37.400001525878906,37.320098876953125,37.37839889526367,595,0.0,0.0,0.0
2022-10-25 15:30:00-04:00,37.394500732421875,37.40230178833008,37.394500732421875,37.40230178833008,4201,0.0,0.0,0.0
2022-10-26 09:30:00-04:00,37.28010177612305,37.39500045776367,37.28010177612305,37.39500045776367,0,0.0,0.0,0.0
2022-10-26 10:30:00-04:00,37.34000015258789,37.349998474121094,37.334999084472656,37.349998474121094,1824,0.0,0.0,0.0
2022-10-26 12:30:00-04:00,37.387001037597656,37.387001037597656,37.387001037597656,37.387001037597656,104,0.0,0.0,0.0
2022-10-26 14:30:00-04:00,37.45800018310547,37.45800018310547,37.34000015258789,37.34000015258789,290,0.0,0.0,0.0
2022-10-26 15:30:00-04:00,37.3400993347168,37.400001525878906,37.290000915527344,37.39979934692383,6075,0.0,0.0,0.0
2022-10-27 09:30:00-04:00,37.369998931884766,37.369998931884766,37.36000061035156,37.36000061035156,0,0.0,0.0,0.0
2022-10-27 10:30:00-04:00,37.40340042114258,37.40340042114258,37.350399017333984,37.350399017333984,886,0.0,0.0,0.0
2022-10-27 11:30:00-04:00,37.350799560546875,37.350799560546875,37.350799560546875,37.350799560546875,770,0.0,0.0,0.0
2022-10-27 13:30:00-04:00,37.349998474121094,37.38880157470703,37.349998474121094,37.38880157470703,353,0.0,0.0,0.0
2022-10-28 10:30:00-04:00,37.38999938964844,37.38999938964844,37.33000183105469,37.34000015258789,2905,0.0,0.0,0.0
2022-10-28 11:30:00-04:00,37.34000015258789,37.34000015258789,37.32099914550781,37.33000183105469,4136,0.0,0.0,0.0
2022-10-28 13:30:00-04:00,37.378700256347656,37.38999938964844,37.34000015258789,37.34000015258789,1310,0.0,0.0,0.0
2022-10-28 14:30:00-04:00,37.320098876953125,37.37110137939453,37.320098876953125,37.33000183105469,856,0.0,0.0,0.0
2022-10-28 15:30:00-04:00,37.34000015258789,37.38999938964844,37.34000015258789,37.38999938964844,100,0.0,0.0,0.0
2022-10-31 10:30:00-04:00,37.28839874267578,37.28839874267578,37.20000076293945,37.20000076293945,466,0.0,0.0,0.0
2022-10-31 12:30:00-04:00,37.209999084472656,37.209999084472656,37.209999084472656,37.209999084472656,2750,0.0,0.0,0.0
2022-10-31 13:30:00-04:00,37.279998779296875,37.279998779296875,37.279998779296875,37.279998779296875,240,0.0,0.0,0.0
2022-11-01 10:30:00-04:00,37.29999923706055,37.29999923706055,37.29999923706055,37.29999923706055,0,0.0,0.0,0.0
2022-11-01 11:30:00-04:00,37.30500030517578,37.31050109863281,37.230098724365234,37.25,2219,0.0,0.0,0.0
2022-11-01 13:30:00-04:00,37.279998779296875,37.279998779296875,37.279998779296875,37.279998779296875,3179,0.0,0.0,0.0
2022-11-01 14:30:00-04:00,37.31610107421875,37.31610107421875,37.2599983215332,37.309898376464844,10976,0.0,0.0,0.0
2022-11-02 10:30:00-04:00,37.28499984741211,37.28499984741211,37.282901763916016,37.282901763916016,507,0.0,0.0,0.0
2022-11-02 14:30:00-04:00,37.400699615478516,37.400699615478516,37.310001373291016,37.31800079345703,2647,0.0,0.0,0.0
2022-11-02 15:30:00-04:00,37.279998779296875,37.279998779296875,37.220001220703125,37.224998474121094,6220,0.0,0.0,0.0
2022-11-03 09:30:00-04:00,37.099998474121094,37.220001220703125,37.099998474121094,37.220001220703125,0,0.0,0.0,0.0
2022-11-03 10:30:00-04:00,37.165000915527344,37.2400016784668,37.165000915527344,37.18000030517578,815,0.0,0.0,0.0
2022-11-03 11:30:00-04:00,37.14059829711914,37.16999816894531,37.14059829711914,37.15800094604492,1807,0.0,0.0,0.0
2022-11-03 12:30:00-04:00,37.13999938964844,37.13999938964844,37.06999969482422,37.06999969482422,4060,0.0,0.0,0.0
2022-11-03 13:30:00-04:00,37.249900817871094,37.25,37.172401428222656,37.172401428222656,2836,0.0,0.0,0.0
2022-11-03 14:30:00-04:00,37.130001068115234,37.16999816894531,37.0900993347168,37.16999816894531,640,0.0,0.0,0.0
2022-11-04 14:30:00-04:00,37.32099914550781,37.327999114990234,37.29999923706055,37.29999923706055,550,0.0,0.0,0.0
2022-11-07 11:30:00-05:00,37.25,37.25,37.2400016784668,37.25,0,0.0,0.0,0.0
2022-11-07 13:30:00-05:00,37.221500396728516,37.30339813232422,37.221500396728516,37.29499816894531,2900,0.0,0.0,0.0
2022-11-08 09:30:00-05:00,37.290000915527344,37.290000915527344,37.290000915527344,37.290000915527344,0,0.0,0.0,0.0
2022-11-08 10:30:00-05:00,37.32659912109375,37.32659912109375,37.32659912109375,37.32659912109375,110,0.0,0.0,0.0
2022-11-08 13:30:00-05:00,37.33000183105469,37.33000183105469,37.33000183105469,37.33000183105469,100,0.0,0.0,0.0
2022-11-08 14:30:00-05:00,37.310001373291016,37.32500076293945,37.310001373291016,37.32500076293945,295,0.0,0.0,0.0
2022-11-08 15:30:00-05:00,37.334999084472656,37.334999084472656,37.334999084472656,37.334999084472656,150,0.0,0.0,0.0
2022-11-09 09:30:00-05:00,37.349998474121094,37.349998474121094,37.310001373291016,37.310001373291016,0,0.0,0.0,0.0
2022-11-09 10:30:00-05:00,37.32099914550781,37.3484992980957,37.32099914550781,37.33000183105469,1890,0.0,0.0,0.0
2022-11-09 11:30:00-05:00,37.32109832763672,37.354000091552734,37.32109832763672,37.354000091552734,1380,0.0,0.0,0.0
2022-11-09 13:30:00-05:00,37.34000015258789,37.345001220703125,37.34000015258789,37.345001220703125,1123,0.0,0.0,0.0
2022-11-09 14:30:00-05:00,37.33169937133789,37.33169937133789,37.33169937133789,37.33169937133789,1501,0.0,0.0,0.0
2022-11-09 15:30:00-05:00,37.334999084472656,37.334999084472656,37.334999084472656,37.334999084472656,200,0.0,0.0,0.0
2022-11-10 11:30:00-05:00,37.64149856567383,37.64149856567383,37.64149856567383,37.64149856567383,0,0.0,0.0,0.0
2022-11-10 12:30:00-05:00,37.65639877319336,37.65639877319336,37.65639877319336,37.65639877319336,265,0.0,0.0,0.0
2022-11-10 14:30:00-05:00,37.70000076293945,37.70000076293945,37.70000076293945,37.70000076293945,100,0.0,0.0,0.0
2022-11-10 15:30:00-05:00,37.66999816894531,37.70220184326172,37.65999984741211,37.70220184326172,2250,0.0,0.0,0.0
2022-11-11 09:30:00-05:00,37.615501403808594,37.66999816894531,37.615501403808594,37.66999816894531,0,0.0,0.0,0.0
2022-11-11 10:30:00-05:00,37.66999816894531,37.66999816894531,37.61000061035156,37.61000061035156,1950,0.0,0.0,0.0
2022-11-11 11:30:00-05:00,37.61000061035156,37.61000061035156,37.61000061035156,37.61000061035156,180,0.0,0.0,0.0
2022-11-11 12:30:00-05:00,37.61000061035156,37.68000030517578,37.599998474121094,37.68000030517578,617,0.0,0.0,0.0
2022-11-11 13:30:00-05:00,37.68000030517578,37.68000030517578,37.68000030517578,37.68000030517578,200,0.0,0.0,0.0
2022-11-11 14:30:00-05:00,37.61000061035156,37.68000030517578,37.61000061035156,37.68000030517578,3661,0.0,0.0,0.0
2022-11-11 15:30:00-05:00,37.63349914550781,37.64500045776367,37.63349914550781,37.64500045776367,890,0.0,0.0,0.0
2022-11-14 09:30:00-05:00,37.65999984741211,37.65999984741211,37.63999938964844,37.63999938964844,0,0.0,0.0,0.0
2022-11-14 10:30:00-05:00,37.63999938964844,37.63999938964844,37.25,37.400001525878906,157546,0.0,0.0,0.0
2022-11-14 11:30:00-05:00,37.56999969482422,37.625,37.56999969482422,37.625,2399,0.0,0.0,0.0
2022-11-14 12:30:00-05:00,37.61000061035156,37.61000061035156,37.34000015258789,37.494998931884766,10826,0.0,0.0,0.0
2022-11-14 14:30:00-05:00,37.625,37.625,37.625,37.625,100,0.0,0.0,0.0
2022-11-14 15:30:00-05:00,37.60060119628906,37.60060119628906,37.60060119628906,37.60060119628906,550,0.0,0.0,0.0
2022-11-15 09:30:00-05:00,37.709999084472656,37.709999084472656,37.59000015258789,37.70000076293945,0,0.0,0.0,0.0
2022-11-15 10:30:00-05:00,37.630001068115234,37.630001068115234,37.630001068115234,37.630001068115234,100,0.0,0.0,0.0
2022-11-15 11:30:00-05:00,37.630001068115234,37.630001068115234,37.630001068115234,37.630001068115234,307,0.0,0.0,0.0
2022-11-15 12:30:00-05:00,37.630001068115234,37.630001068115234,37.630001068115234,37.630001068115234,117,0.0,0.0,0.0
2022-11-15 13:30:00-05:00,37.62329864501953,37.62329864501953,37.62329864501953,37.62329864501953,248,0.0,0.0,0.0
2022-11-16 09:30:00-05:00,37.7400016784668,37.7599983215332,37.70000076293945,37.736698150634766,0,0.0,0.0,0.0
2022-11-16 10:30:00-05:00,37.70000076293945,37.70000076293945,37.70000076293945,37.70000076293945,660,0.0,0.0,0.0
2022-11-16 11:30:00-05:00,37.70000076293945,37.70920181274414,37.70000076293945,37.70920181274414,520,0.0,0.0,0.0
2022-11-16 13:30:00-05:00,37.753299713134766,37.753299713134766,37.689998626708984,37.709999084472656,1671,0.0,0.0,0.0
2022-11-16 14:30:00-05:00,37.722999572753906,37.79999923706055,37.709999084472656,37.709999084472656,63640,0.0,0.0,0.0
2022-11-16 15:30:00-05:00,37.79999923706055,37.79999923706055,37.79999923706055,37.79999923706055,184,0.0,0.0,0.0
2022-11-17 09:30:00-05:00,37.73820114135742,37.73820114135742,37.570098876953125,37.570098876953125,0,0.0,0.0,0.0
2022-11-17 10:30:00-05:00,37.66999816894531,37.74150085449219,37.6161994934082,37.6161994934082,903,0.0,0.0,0.0
2022-11-17 11:30:00-05:00,37.7400016784668,37.7400016784668,37.61000061035156,37.61000061035156,947,0.0,0.0,0.0
2022-11-17 13:30:00-05:00,37.68239974975586,37.68239974975586,37.60900115966797,37.60900115966797,1450,0.0,0.0,0.0
2022-11-17 14:30:00-05:00,37.695701599121094,37.695701599121094,37.67499923706055,37.67499923706055,1080,0.0,0.0,0.0
2022-11-18 14:30:00-05:00,37.70500183105469,37.70500183105469,37.70500183105469,37.70500183105469,0,0.0,0.0,0.0
2022-11-21 10:30:00-05:00,37.70500183105469,37.70500183105469,37.63999938964844,37.69219970703125,806,0.0,0.0,0.0
2022-11-21 11:30:00-05:00,37.69070053100586,37.69070053100586,37.69070053100586,37.69070053100586,119,0.0,0.0,0.0
2022-11-21 12:30:00-05:00,37.632301330566406,37.70000076293945,37.632301330566406,37.70000076293945,183,0.0,0.0,0.0
2022-11-22 11:30:00-05:00,37.669898986816406,37.72999954223633,37.63999938964844,37.65999984741211,5496,0.0,0.0,0.0
2022-11-22 12:30:00-05:00,37.654998779296875,37.654998779296875,37.654998779296875,37.654998779296875,225,0.0,0.0,0.0
2022-11-22 14:30:00-05:00,37.749900817871094,37.749900817871094,37.73500061035156,37.73500061035156,382,0.0,0.0,0.0
2022-11-23 10:30:00-05:00,37.7599983215332,37.7599983215332,37.68000030517578,37.68000030517578,420,0.0,0.0,0.0
2022-11-23 11:30:00-05:00,37.83359909057617,37.83359909057617,37.83359909057617,37.83359909057617,141,0.0,0.0,0.0
2022-11-23 14:30:00-05:00,37.76499938964844,37.76499938964844,37.76499938964844,37.76499938964844,270,0.0,0.0,0.0
2022-11-25 10:30:00-05:00,37.66999816894531,37.66999816894531,37.66999816894531,37.66999816894531,0,0.0,0.0,0.0
2022-11-25 12:30:00-05:00,37.75,37.75,37.75,37.75,0,0.0,0.0,0.0
2022-11-28 09:30:00-05:00,37.717498779296875,37.717498779296875,37.717498779296875,37.717498779296875,375,0.0,0.0,0.0
2022-11-28 10:30:00-05:00,37.80699920654297,37.80699920654297,37.73500061035156,37.73500061035156,1286,0.0,0.0,0.0
2022-11-28 11:30:00-05:00,37.73500061035156,37.73500061035156,37.73500061035156,37.73500061035156,413,0.0,0.0,0.0
2022-11-28 12:30:00-05:00,37.66999816894531,37.66999816894531,37.66999816894531,37.66999816894531,100,0.0,0.0,0.0
2022-11-28 13:30:00-05:00,37.790000915527344,37.790000915527344,37.790000915527344,37.790000915527344,238,0.0,0.0,0.0
2022-11-28 14:30:00-05:00,37.7140007019043,37.71480178833008,37.7140007019043,37.71480178833008,189,0.0,0.0,0.0
2022-11-29 10:30:00-05:00,37.57720184326172,37.57720184326172,37.57720184326172,37.57720184326172,0,0.0,0.0,0.0
2022-11-29 11:30:00-05:00,37.59000015258789,37.599998474121094,37.58000183105469,37.597999572753906,3829,0.0,0.0,0.0
2022-11-29 13:30:00-05:00,37.58000183105469,37.58000183105469,37.58000183105469,37.58000183105469,232,0.0,0.0,0.0
2022-11-29 15:30:00-05:00,37.59960174560547,37.599998474121094,37.59000015258789,37.599998474121094,530,0.0,0.0,0.0
2022-11-30 10:30:00-05:00,37.599998474121094,37.599998474121094,37.599998474121094,37.599998474121094,0,0.0,0.0,0.0
2022-11-30 12:30:00-05:00,37.655799865722656,37.655799865722656,37.599998474121094,37.599998474121094,1666,0.0,0.0,0.0
2022-11-30 13:30:00-05:00,37.63999938964844,37.65999984741211,37.63999938964844,37.650001525878906,2444,0.0,0.0,0.0
2022-11-30 14:30:00-05:00,37.72760009765625,37.734901428222656,37.6526985168457,37.689998626708984,8171,0.0,0.0,0.0
2022-11-30 15:30:00-05:00,37.709999084472656,37.709999084472656,37.709999084472656,37.709999084472656,100,0.0,0.0,0.0
2022-12-01 09:30:00-05:00,37.68000030517578,37.68000030517578,37.68000030517578,37.68000030517578,0,0.0,0.0,0.0
2022-12-01 10:30:00-05:00,37.66999816894531,37.66999816894531,37.66999816894531,37.66999816894531,589,0.0,0.0,0.0
2022-12-01 12:30:00-05:00,37.82630157470703,37.82630157470703,37.82630157470703,37.82630157470703,267,0.0,0.0,0.0
2022-12-02 09:30:00-05:00,37.7400016784668,37.744998931884766,37.7400016784668,37.744998931884766,0,0.0,0.0,0.0
2022-12-02 12:30:00-05:00,37.7599983215332,37.7599983215332,37.750999450683594,37.750999450683594,240,0.0,0.0,0.0
2022-12-02 14:30:00-05:00,37.839900970458984,37.839900970458984,37.839900970458984,37.839900970458984,1100,0.0,0.0,0.0
2022-12-02 15:30:00-05:00,37.88999938964844,37.88999938964844,37.82490158081055,37.82490158081055,577,0.0,0.0,0.0
2022-12-05 09:30:00-05:00,37.80500030517578,37.80500030517578,37.80500030517578,37.80500030517578,0,0.0,0.0,0.0
2022-12-05 10:30:00-05:00,37.80500030517578,37.80500030517578,37.80500030517578,37.80500030517578,795,0.0,0.0,0.0
2022-12-05 11:30:00-05:00,37.795101165771484,37.79999923706055,37.7599983215332,37.7599983215332,1902,0.0,0.0,0.0
2022-12-05 15:30:00-05:00,37.80080032348633,37.80459976196289,37.779998779296875,37.779998779296875,390,0.0,0.0,0.0
2022-12-06 09:30:00-05:00,37.81999969482422,37.81999969482422,37.7599983215332,37.7599983215332,0,0.0,0.0,0.0
2022-12-06 10:30:00-05:00,37.7599983215332,37.7599983215332,37.75,37.75,5231,0.0,0.0,0.0
2022-12-06 11:30:00-05:00,37.790401458740234,37.790401458740234,37.7599983215332,37.7599983215332,624,0.0,0.0,0.0
2022-12-06 13:30:00-05:00,37.76129913330078,37.78499984741211,37.7599983215332,37.78499984741211,1572,0.0,0.0,0.0
2022-12-06 14:30:00-05:00,37.794700622558594,37.794700622558594,37.794700622558594,37.794700622558594,311,0.0,0.0,0.0
2022-12-06 15:30:00-05:00,37.78499984741211,37.78499984741211,37.78499984741211,37.78499984741211,0,0.0,0.0,0.0
2022-12-07 09:30:00-05:00,37.880001068115234,37.880001068115234,37.775001525878906,37.775001525878906,830,0.0,0.0,0.0
2022-12-07 10:30:00-05:00,37.8129997253418,37.8129997253418,37.8129997253418,37.8129997253418,528,0.0,0.0,0.0
2022-12-07 12:30:00-05:00,37.775001525878906,37.775001525878906,37.775001525878906,37.775001525878906,195,0.0,0.0,0.0
2022-12-07 13:30:00-05:00,37.8025016784668,37.8025016784668,37.8025016784668,37.8025016784668,331,0.0,0.0,0.0
2022-12-07 14:30:00-05:00,37.900001525878906,37.900001525878906,37.760101318359375,37.849998474121094,3009,0.0,0.0,0.0
2022-12-08 09:30:00-05:00,37.79159927368164,37.79159927368164,37.79159927368164,37.79159927368164,0,0.0,0.0,0.0
2022-12-08 10:30:00-05:00,37.79999923706055,37.8650016784668,37.79999923706055,37.8650016784668,1294,0.0,0.0,0.0
2022-12-08 12:30:00-05:00,37.837398529052734,37.837398529052734,37.837398529052734,37.837398529052734,135,0.0,0.0,0.0
2022-12-08 14:30:00-05:00,37.82419967651367,37.8650016784668,37.790000915527344,37.8650016784668,1898,0.0,0.0,0.0
2022-12-09 09:30:00-05:00,37.845001220703125,37.845001220703125,37.845001220703125,37.845001220703125,0,0.0,0.0,0.0
2022-12-09 11:30:00-05:00,37.87089920043945,37.87089920043945,37.87089920043945,37.87089920043945,227,0.0,0.0,0.0
2022-12-09 12:30:00-05:00,37.810001373291016,37.8568000793457,37.79999923706055,37.8568000793457,3192,0.0,0.0,0.0
2022-12-09 14:30:00-05:00,37.790000915527344,37.86000061035156,37.790000915527344,37.86000061035156,179,0.0,0.0,0.0
2022-12-12 11:30:00-05:00,37.850399017333984,37.850399017333984,37.850399017333984,37.850399017333984,0,0.0,0.0,0.0
2022-12-12 12:30:00-05:00,37.83409881591797,37.83409881591797,37.83409881591797,37.83409881591797,130,0.0,0.0,0.0
2022-12-12 13:30:00-05:00,37.849998474121094,37.849998474121094,37.76100158691406,37.779998779296875,690,0.0,0.0,0.0
2022-12-12 14:30:00-05:00,37.849998474121094,37.91910171508789,37.529998779296875,37.709999084472656,93764,0.0,0.0,0.0
2022-12-12 15:30:00-05:00,37.71099853515625,37.91120147705078,37.40999984741211,37.75,116700,0.0,0.0,0.0
2022-12-13 09:30:00-05:00,38.060001373291016,38.060001373291016,37.959999084472656,37.959999084472656,0,0.0,0.0,0.0
2022-12-13 10:30:00-05:00,37.970001220703125,38.005001068115234,37.95000076293945,38.005001068115234,1548,0.0,0.0,0.0
2022-12-13 12:30:00-05:00,37.91999816894531,37.97999954223633,37.849998474121094,37.849998474121094,7853,0.0,0.0,0.0
2022-12-13 14:30:00-05:00,37.91999816894531,37.91999816894531,37.869998931884766,37.89360046386719,580,0.0,0.0,0.0
2022-12-14 10:30:00-05:00,37.9640007019043,37.9640007019043,37.9640007019043,37.9640007019043,0,0.0,0.0,0.0
2022-12-14 12:30:00-05:00,37.89120101928711,37.89120101928711,37.89120101928711,37.89120101928711,187,0.0,0.0,0.0
2022-12-14 14:30:00-05:00,37.77410125732422,37.89500045776367,37.77410125732422,37.89500045776367,700,0.0,0.0,0.0
2022-12-15 10:30:00-05:00,37.851898193359375,37.93989944458008,37.851898193359375,37.880001068115234,2270,0.0,0.0,0.0
2022-12-15 12:30:00-05:00,37.870601654052734,37.870601654052734,37.870601654052734,37.870601654052734,211,0.0,0.0,0.0
2022-12-15 13:30:00-05:00,37.872100830078125,37.872100830078125,37.872100830078125,37.872100830078125,1016,0.0,0.0,0.0
2022-12-15 14:30:00-05:00,37.86009979248047,37.88999938964844,37.86009979248047,37.889198303222656,470,0.0,0.0,0.0
2022-12-15 15:30:00-05:00,37.867698669433594,37.900001525878906,37.867698669433594,37.900001525878906,1625,0.0,0.0,0.0
2022-12-16 10:30:00-05:00,37.869998931884766,37.900001525878906,37.849998474121094,37.900001525878906,2260,0.0,0.0,0.0
2022-12-16 11:30:00-05:00,37.900001525878906,37.900001525878906,37.8400993347168,37.86000061035156,4840,0.0,0.0,0.0
2022-12-16 12:30:00-05:00,37.90999984741211,37.91999816894531,37.880001068115234,37.91999816894531,1200,0.0,0.0,0.0
2022-12-16 13:30:00-05:00,37.93000030517578,37.93000030517578,37.869998931884766,37.93000030517578,4674,0.0,0.0,0.0
2022-12-16 14:30:00-05:00,37.8849983215332,37.939998626708984,37.8849983215332,37.88999938964844,700,0.0,0.0,0.0
2022-12-19 09:30:00-05:00,37.88999938964844,37.93000030517578,37.88999938964844,37.93000030517578,0,0.0,0.0,0.0
2022-12-19 10:30:00-05:00,37.8849983215332,37.910400390625,37.8849983215332,37.910400390625,288,0.0,0.0,0.0
2022-12-19 11:30:00-05:00,37.8849983215332,37.8849983215332,37.8849983215332,37.8849983215332,125,0.0,0.0,0.0
2022-12-19 12:30:00-05:00,37.87009811401367,37.90520095825195,37.87009811401367,37.87009811401367,159,0.0,0.0,0.0
2022-12-20 09:30:00-05:00,37.92679977416992,37.92679977416992,37.92679977416992,37.92679977416992,0,0.0,0.0,0.0
2022-12-20 10:30:00-05:00,37.92940139770508,37.92940139770508,37.89830017089844,37.89830017089844,784,0.0,0.0,0.0
2022-12-20 11:30:00-05:00,37.880001068115234,37.900001525878906,37.880001068115234,37.880001068115234,941,0.0,0.0,0.0
2022-12-20 12:30:00-05:00,37.880001068115234,37.8849983215332,37.880001068115234,37.880001068115234,619,0.0,0.0,0.0
2022-12-20 13:30:00-05:00,37.92660140991211,37.92660140991211,37.87009811401367,37.87009811401367,464,0.0,0.0,0.0
2022-12-20 15:30:00-05:00,37.88999938964844,37.88999938964844,37.88999938964844,37.88999938964844,100,0.0,0.0,0.0
2022-12-21 09:30:00-05:00,37.93000030517578,38.00469970703125,37.93000030517578,38.00469970703125,0,0.0,0.0,0.0
2022-12-21 14:30:00-05:00,37.986000061035156,37.986000061035156,37.97999954223633,37.97999954223633,103,0.0,0.0,0.0
2022-12-22 09:30:00-05:00,37.90879821777344,37.90879821777344,37.90879821777344,37.90879821777344,0,0.0,0.0,0.0
2022-12-22 10:30:00-05:00,37.95719909667969,37.95719909667969,37.95719909667969,37.95719909667969,503,0.0,0.0,0.0
2022-12-22 11:30:00-05:00,37.870399475097656,37.915000915527344,37.87009811401367,37.902801513671875,4909,0.0,0.0,0.0
2022-12-22 12:30:00-05:00,37.88999938964844,37.88999938964844,37.86000061035156,37.869998931884766,689,0.0,0.0,0.0
2022-12-22 14:30:00-05:00,37.88999938964844,37.88999938964844,37.88999938964844,37.88999938964844,100,0.0,0.0,0.0
2022-12-22 15:30:00-05:00,37.91999816894531,37.91999816894531,37.88999938964844,37.91469955444336,1140,0.0,0.0,0.0
2022-12-23 09:30:00-05:00,37.928001403808594,37.928001403808594,37.928001403808594,37.928001403808594,0,0.0,0.0,0.0
2022-12-23 11:30:00-05:00,37.9463996887207,37.9463996887207,37.93000030517578,37.93000030517578,790,0.0,0.0,0.0
2022-12-27 09:30:00-05:00,37.869998931884766,37.94779968261719,37.869998931884766,37.88999938964844,2260,0.0,0.0,0.0
2022-12-27 10:30:00-05:00,37.88610076904297,37.88610076904297,37.88610076904297,37.88610076904297,200,0.0,0.0,0.0
2022-12-27 11:30:00-05:00,37.94900131225586,37.94900131225586,37.86029815673828,37.86029815673828,435,0.0,0.0,0.0
2022-12-27 12:30:00-05:00,37.902400970458984,37.929901123046875,37.900001525878906,37.900001525878906,842,0.0,0.0,0.0
2022-12-27 15:30:00-05:00,37.89500045776367,37.92620086669922,37.89500045776367,37.89500045776367,0,0.0,0.0,0.0
2022-12-28 10:30:00-05:00,37.849998474121094,37.899898529052734,37.845001220703125,37.85499954223633,2830,0.0,0.0,0.0
2022-12-28 12:30:00-05:00,37.8307991027832,37.8307991027832,37.8307991027832,37.8307991027832,412,0.0,0.0,0.0
2022-12-28 14:30:00-05:00,37.84000015258789,37.86000061035156,37.79999923706055,37.79999923706055,1586,0.0,0.0,0.0
2022-12-29 09:30:00-05:00,37.650001525878906,37.794498443603516,37.650001525878906,37.794498443603516,3978,0.0,0.0,0.0
2022-12-29 10:30:00-05:00,37.744998931884766,37.744998931884766,37.6349983215332,37.72999954223633,892,0.0,0.0,0.0
2022-12-29 11:30:00-05:00,37.72999954223633,37.72999954223633,36.88999938964844,37.72999954223633,2700,0.0,0.0,0.0
2022-12-29 12:30:00-05:00,37.72060012817383,37.744998931884766,37.72060012817383,37.744998931884766,800,0.0,0.0,0.0
2022-12-29 13:30:00-05:00,37.757198333740234,37.769901275634766,37.757198333740234,37.769901275634766,1035,0.0,0.0,0.0
2022-12-29 14:30:00-05:00,37.744998931884766,37.744998931884766,37.72999954223633,37.72999954223633,370,0.0,0.0,0.0
2022-12-29 15:30:00-05:00,37.744998931884766,37.775001525878906,37.744998931884766,37.775001525878906,1610,0.0,0.0,0.0
2022-12-30 09:30:00-05:00,37.709999084472656,37.7239990234375,37.689998626708984,37.689998626708984,0,0.0,0.0,0.0
2022-12-30 10:30:00-05:00,37.71500015258789,37.757198333740234,37.71500015258789,37.757198333740234,1794,0.0,0.0,0.0
2023-01-03 09:30:00-05:00,37.76020050048828,37.7848014831543,37.76020050048828,37.7848014831543,0,0.0,0.0,0.0
2023-01-04 10:30:00-05:00,37.810001373291016,37.810001373291016,37.810001373291016,37.810001373291016,3497,0.0,0.0,0.0
2023-01-04 11:30:00-05:00,37.81999969482422,37.81999969482422,37.81999969482422,37.81999969482422,717,0.0,0.0,0.0
2023-01-04 13:30:00-05:00,37.81129837036133,37.81129837036133,37.81129837036133,37.81129837036133,1983,0.0,0.0,0.0
2023-01-04 14:30:00-05:00,37.810001373291016,37.814998626708984,37.810001373291016,37.814998626708984,580,0.0,0.0,0.0
2023-01-05 09:30:00-05:00,37.7599983215332,37.77000045776367,37.7599983215332,37.77000045776367,0,0.0,0.0,0.0
2023-01-05 12:30:00-05:00,37.75,37.75,37.75,37.75,249,0.0,0.0,0.0
2023-01-05 13:30:00-05:00,37.75,37.775001525878906,37.75,37.775001525878906,0,0.0,0.0,0.0
2023-01-06 13:30:00-05:00,37.98899841308594,37.98899841308594,37.91999816894531,37.93000030517578,501,0.0,0.0,0.0
2023-01-06 14:30:00-05:00,37.93000030517578,37.939998626708984,37.93000030517578,37.939998626708984,6233,0.0,0.0,0.0
2023-01-06 15:30:00-05:00,37.939998626708984,37.970001220703125,37.939998626708984,37.970001220703125,700,0.0,0.0,0.0
2023-01-09 09:30:00-05:00,37.972599029541016,38.00379943847656,37.972599029541016,38.00379943847656,0,0.0,0.0,0.0
2023-01-09 10:30:00-05:00,38.005001068115234,38.005001068115234,38.005001068115234,38.005001068115234,377,0.0,0.0,0.0
2023-01-09 12:30:00-05:00,38.02000045776367,38.02000045776367,38.02000045776367,38.02000045776367,474,0.0,0.0,0.0
2023-01-09 13:30:00-05:00,38.0,38.0,37.97999954223633,37.980098724365234,2600,0.0,0.0,0.0
2023-01-10 09:30:00-05:00,37.999000549316406,37.999000549316406,37.999000549316406,37.999000549316406,0,0.0,0.0,0.0
2023-01-10 10:30:00-05:00,38.013301849365234,38.013301849365234,38.013301849365234,38.013301849365234,419,0.0,0.0,0.0
2023-01-10 13:30:00-05:00,38.0,38.0,38.0,38.0,175,0.0,0.0,0.0
2023-01-10 14:30:00-05:00,38.005001068115234,38.005001068115234,38.005001068115234,38.005001068115234,887,0.0,0.0,0.0
2023-01-11 09:30:00-05:00,37.810001373291016,38.130001068115234,37.810001373291016,38.130001068115234,79,0.0,0.0,0.0
2023-01-11 10:30:00-05:00,38.04999923706055,38.084999084472656,38.04010009765625,38.04010009765625,796,0.0,0.0,0.0
2023-01-11 11:30:00-05:00,38.085201263427734,38.085201263427734,38.085201263427734,38.085201263427734,280,0.0,0.0,0.0
2023-01-11 13:30:00-05:00,38.097999572753906,38.097999572753906,38.097999572753906,38.097999572753906,178,0.0,0.0,0.0
2023-01-11 14:30:00-05:00,38.06999969482422,38.119998931884766,38.06999969482422,38.08000183105469,41757,0.0,0.0,0.0
2023-01-11 15:30:00-05:00,38.08150100708008,38.099998474121094,38.08000183105469,38.099998474121094,888,0.0,0.0,0.0
2023-01-12 11:30:00-05:00,38.15999984741211,38.15999984741211,38.15999984741211,38.15999984741211,0,0.0,0.0,0.0
2023-01-12 12:30:00-05:00,38.15999984741211,38.15999984741211,38.154998779296875,38.154998779296875,240,0.0,0.0,0.0
2023-01-12 13:30:00-05:00,38.19499969482422,38.19499969482422,38.19499969482422,38.19499969482422,145,0.0,0.0,0.0
2023-01-13 10:30:00-05:00,38.170501708984375,38.209999084472656,38.170501708984375,38.209999084472656,361,0.0,0.0,0.0
2023-01-13 11:30:00-05:00,38.16999816894531,38.209999084472656,38.15719985961914,38.15719985961914,521,0.0,0.0,0.0
2023-01-13 12:30:00-05:00,38.150001525878906,38.150001525878906,38.150001525878906,38.150001525878906,2970,0.0,0.0,0.0
2023-01-13 13:30:00-05:00,38.150001525878906,38.150001525878906,38.150001525878906,38.150001525878906,408,0.0,0.0,0.0
2023-01-13 14:30:00-05:00,38.150001525878906,38.16999816894531,38.150001525878906,38.16999816894531,1680,0.0,0.0,0.0
2023-01-13 15:30:00-05:00,38.130001068115234,38.16999816894531,38.130001068115234,38.16999816894531,560,0.0,0.0,0.0
2023-01-17 09:30:00-05:00,38.2400016784668,38.2400016784668,38.2400016784668,38.2400016784668,0,0.0,0.0,0.0
2023-01-17 11:30:00-05:00,38.21989822387695,38.21989822387695,38.20000076293945,38.20000076293945,471,0.0,0.0,0.0
2023-01-17 12:30:00-05:00,38.20000076293945,38.20000076293945,38.20000076293945,38.20000076293945,340,0.0,0.0,0.0
2023-01-17 13:30:00-05:00,38.2067985534668,38.2067985534668,38.20000076293945,38.20000076293945,1629,0.0,0.0,0.0
2023-01-17 15:30:00-05:00,38.20000076293945,38.20000076293945,38.20000076293945,38.20000076293945,200,0.0,0.0,0.0
2023-01-18 09:30:00-05:00,38.34000015258789,38.34000015258789,38.27560043334961,38.27560043334961,0,0.0,0.0,0.0
2023-01-18 10:30:00-05:00,38.274200439453125,38.30540084838867,38.274200439453125,38.30540084838867,1022,0.0,0.0,0.0
2023-01-18 12:30:00-05:00,38.22999954223633,38.22999954223633,38.22999954223633,38.22999954223633,216,0.0,0.0,0.0
2023-01-18 13:30:00-05:00,38.23099899291992,38.279598236083984,38.23099899291992,38.244998931884766,1937,0.0,0.0,0.0
2023-01-18 14:30:00-05:00,38.279998779296875,38.279998779296875,38.279998779296875,38.279998779296875,472,0.0,0.0,0.0
2023-01-18 15:30:00-05:00,38.239898681640625,38.239898681640625,38.239898681640625,38.239898681640625,440,0.0,0.0,0.0
2023-01-19 09:30:00-05:00,38.310001373291016,38.310001373291016,38.30059814453125,38.30500030517578,0,0.0,0.0,0.0
2023-01-19 10:30:00-05:00,38.29999923706055,38.310001373291016,38.29999923706055,38.30500030517578,800,0.0,0.0,0.0
2023-01-19 11:30:00-05:00,38.310001373291016,38.310001373291016,38.310001373291016,38.310001373291016,402,0.0,0.0,0.0
2023-01-19 12:30:00-05:00,38.310001373291016,38.310001373291016,38.29999923706055,38.310001373291016,0,0.0,0.0,0.0
2023-01-19 14:30:00-05:00,38.310001373291016,38.310001373291016,38.30500030517578,38.30500030517578,3,0.0,0.0,0.0
2023-01-20 11:30:00-05:00,38.220001220703125,38.309898376464844,38.220001220703125,38.26499938964844,7674,0.0,0.0,0.0
2023-01-23 10:30:00-05:00,38.29499816894531,38.29499816894531,38.25,38.290000915527344,898,0.0,0.0,0.0
2023-01-23 11:30:00-05:00,38.310001373291016,38.310001373291016,38.310001373291016,38.310001373291016,100,0.0,0.0,0.0
2023-01-23 12:30:00-05:00,38.279998779296875,38.310001373291016,38.27000045776367,38.30500030517578,1500,0.0,0.0,0.0
2023-01-24 09:30:00-05:00,38.25,38.25,38.25,38.25,0,0.0,0.0,0.0
2023-01-24 13:30:00-05:00,38.29499816894531,38.29499816894531,38.29499816894531,38.29499816894531,262,0.0,0.0,0.0
2023-01-24 14:30:00-05:00,38.279998779296875,38.310001373291016,38.279998779296875,38.310001373291016,610,0.0,0.0,0.0
2023-01-24 15:30:00-05:00,38.30500030517578,38.30500030517578,38.30500030517578,38.30500030517578,0,0.0,0.0,0.0
2023-01-25 10:30:00-05:00,38.29999923706055,38.29999923706055,38.29999923706055,38.29999923706055,1362,0.0,0.0,0.0
2023-01-25 11:30:00-05:00,38.279998779296875,38.29819869995117,38.275001525878906,38.29819869995117,1497,0.0,0.0,0.0
2023-01-25 12:30:00-05:00,38.2599983215332,38.2599983215332,38.2599983215332,38.2599983215332,192,0.0,0.0,0.0
2023-01-25 14:30:00-05:00,38.29999923706055,38.29999923706055,38.29499816894531,38.29999923706055,500,0.0,0.0,0.0
2023-01-25 15:30:00-05:00,38.342201232910156,38.37179946899414,38.334999084472656,38.334999084472656,1665,0.0,0.0,0.0
2023-01-26 15:30:00-05:00,38.349998474121094,38.349998474121094,38.349998474121094,38.349998474121094,310,0.0,0.0,0.0
2023-01-27 09:30:00-05:00,38.150001525878906,38.20000076293945,38.13999938964844,38.20000076293945,8190,0.0,0.0,0.0
2023-01-27 10:30:00-05:00,38.24300003051758,38.459999084472656,38.24300003051758,38.459999084472656,2112,0.0,0.0,0.0
2023-01-27 11:30:00-05:00,38.28499984741211,38.321998596191406,38.28369903564453,38.28369903564453,2347,0.0,0.0,0.0
2023-01-27 13:30:00-05:00,38.28499984741211,38.28499984741211,38.28499984741211,38.28499984741211,183,0.0,0.0,0.0
2023-01-30 11:30:00-05:00,38.18199920654297,38.18199920654297,38.18199920654297,38.18199920654297,0,0.0,0.0,0.0
2023-01-30 12:30:00-05:00,38.150001525878906,38.16999816894531,38.150001525878906,38.165000915527344,2787,0.0,0.0,0.0
2023-01-31 09:30:00-05:00,38.279998779296875,38.279998779296875,38.22809982299805,38.2400016784668,0,0.0,0.0,0.0
2023-01-31 10:30:00-05:00,38.290000915527344,38.290000915527344,38.220001220703125,38.275001525878906,11669,0.0,0.0,0.0
2023-01-31 13:30:00-05:00,38.29999923706055,38.29999923706055,38.29880142211914,38.29880142211914,539,0.0,0.0,0.0
2023-02-01 11:30:00-05:00,38.27000045776367,38.27000045776367,38.27000045776367,38.27000045776367,0,0.0,0.0,0.0
2023-02-01 12:30:00-05:00,38.29999923706055,38.29999923706055,38.29999923706055,38.29999923706055,278,0.0,0.0,0.0
2023-02-01 13:30:00-05:00,38.33340072631836,38.380001068115234,38.33340072631836,38.380001068115234,603,0.0,0.0,0.0
2023-02-01 14:30:00-05:00,38.310001373291016,38.404998779296875,38.310001373291016,38.404998779296875,800,0.0,0.0,0.0
2023-02-02 09:30:00-05:00,38.470001220703125,38.470001220703125,38.470001220703125,38.470001220703125,0,0.0,0.0,0.0
2023-02-02 10:30:00-05:00,38.487998962402344,38.487998962402344,38.487998962402344,38.487998962402344,535,0.0,0.0,0.0
2023-02-02 11:30:00-05:00,38.47999954223633,38.47999954223633,38.47999954223633,38.47999954223633,295,0.0,0.0,0.0
2023-02-02 13:30:00-05:00,38.48400115966797,38.48400115966797,38.47999954223633,38.48400115966797,219,0.0,0.0,0.0
2023-02-03 09:30:00-05:00,38.3849983215332,38.3849983215332,38.3849983215332,38.3849983215332,77,0.0,0.0,0.0
2023-02-03 11:30:00-05:00,38.375,38.41999816894531,38.320098876953125,38.320098876953125,1936,0.0,0.0,0.0
2023-02-03 12:30:00-05:00,38.34000015258789,38.375,38.334999084472656,38.375,653,0.0,0.0,0.0
2023-02-03 13:30:00-05:00,38.33000183105469,38.3650016784668,38.33000183105469,38.3650016784668,130,0.0,0.0,0.0
2023-02-06 09:30:00-05:00,38.314998626708984,38.314998626708984,38.314998626708984,38.314998626708984,0,0.0,0.0,0.0
2023-02-06 11:30:00-05:00,38.28799819946289,38.28799819946289,38.27000045776367,38.27000045776367,396,0.0,0.0,0.0
2023-02-07 10:30:00-05:00,38.255001068115234,38.2599983215332,38.255001068115234,38.2599983215332,105,0.0,0.0,0.0
2023-02-07 12:30:00-05:00,38.290000915527344,38.290000915527344,38.290000915527344,38.290000915527344,800,0.0,0.0,0.0
2023-02-07 14:30:00-05:00,38.2599983215332,38.29800033569336,38.2599983215332,38.290000915527344,455,0.0,0.0,0.0
2023-02-08 10:30:00-05:00,38.3307991027832,38.33810043334961,38.29999923706055,38.29999923706055,2700,0.0,0.0,0.0
2023-02-08 11:30:00-05:00,38.33000183105469,38.33000183105469,38.33000183105469,38.33000183105469,360,0.0,0.0,0.0
2023-02-08 12:30:00-05:00,38.27289962768555,38.27289962768555,38.27289962768555,38.27289962768555,196,0.0,0.0,0.0
2023-02-08 13:30:00-05:00,38.28390121459961,38.28390121459961,38.28390121459961,38.28390121459961,531,0.0,0.0,0.0
2023-02-08 14:30:00-05:00,38.322898864746094,38.33000183105469,38.31999969482422,38.33000183105469,3930,0.0,0.0,0.0
2023-02-08 15:30:00-05:00,38.22999954223633,38.27000045776367,38.22999954223633,38.27000045776367,1840,0.0,0.0,0.0
2023-02-09 09:30:00-05:00,38.250099182128906,38.250099182128906,38.250099182128906,38.250099182128906,0,0.0,0.0,0.0
2023-02-09 10:30:00-05:00,38.27000045776367,38.27000045776367,38.27000045776367,38.27000045776367,1000,0.0,0.0,0.0
2023-02-09 11:30:00-05:00,38.27000045776367,38.310001373291016,38.26499938964844,38.310001373291016,1697,0.0,0.0,0.0
2023-02-09 12:30:00-05:00,38.27000045776367,38.27000045776367,38.26499938964844,38.26499938964844,784,0.0,0.0,0.0
2023-02-09 14:30:00-05:00,38.2599983215332,38.2599983215332,38.2599983215332,38.2599983215332,600,0.0,0.0,0.0
2023-02-09 15:30:00-05:00,38.2599983215332,38.2599983215332,38.2599983215332,38.2599983215332,300,0.0,0.0,0.0
2023-02-10 10:30:00-05:00,38.20000076293945,38.20000076293945,38.20000076293945,38.20000076293945,0,0.0,0.0,0.0
2023-02-10 15:30:00-05:00,38.20090103149414,38.2400016784668,38.189701080322266,38.2400016784668,4960,0.0,0.0,0.0
2023-02-13 10:30:00-05:00,38.255001068115234,38.255001068115234,38.255001068115234,38.255001068115234,0,0.0,0.0,0.0
2023-02-13 11:30:00-05:00,38.20000076293945,38.25590133666992,38.19499969482422,38.25590133666992,2488,0.0,0.0,0.0
2023-02-13 12:30:00-05:00,38.255001068115234,38.26250076293945,38.255001068115234,38.26250076293945,800,0.0,0.0,0.0
2023-02-14 10:30:00-05:00,38.18000030517578,38.18000030517578,38.18000030517578,38.18000030517578,0,0.0,0.0,0.0
2023-02-14 11:30:00-05:00,38.22140121459961,38.224998474121094,38.18009948730469,38.21009826660156,7113,0.0,0.0,0.0
2023-02-14 12:30:00-05:00,38.224998474121094,38.224998474121094,38.224998474121094,38.224998474121094,211,0.0,0.0,0.0
2023-02-14 13:30:00-05:00,38.224998474121094,38.224998474121094,38.224998474121094,38.224998474121094,240,0.0,0.0,0.0
2023-02-14 14:30:00-05:00,38.224998474121094,38.224998474121094,38.224998474121094,38.224998474121094,144,0.0,0.0,0.0
2023-02-15 09:30:00-05:00,38.20000076293945,38.209999084472656,38.20000076293945,38.209999084472656,0,0.0,0.0,0.0
2023-02-15 11:30:00-05:00,38.21009826660156,38.21009826660156,38.11000061035156,38.18000030517578,20777,0.0,0.0,0.0
2023-02-15 12:30:00-05:00,38.1870002746582,38.2057991027832,38.099998474121094,38.189998626708984,53560,0.0,0.0,0.0
2023-02-15 13:30:00-05:00,38.18000030517578,38.19499969482422,38.18000030517578,38.19499969482422,1603,0.0,0.0,0.0
2023-02-15 14:30:00-05:00,38.18000030517578,38.195098876953125,38.18000030517578,38.195098876953125,275,0.0,0.0,0.0
2023-02-16 09:30:00-05:00,38.18000030517578,38.185001373291016,38.18000030517578,38.185001373291016,0,0.0,0.0,0.0
2023-02-16 10:30:00-05:00,38.185001373291016,38.1885986328125,38.185001373291016,38.1885986328125,1749,0.0,0.0,0.0
2023-02-16 11:30:00-05:00,38.185001373291016,38.209999084472656,38.185001373291016,38.20500183105469,2859,0.0,0.0,0.0
2023-02-16 12:30:00-05:00,38.20750045776367,38.20750045776367,38.15999984741211,38.15999984741211,5938,0.0,0.0,0.0
2023-02-16 13:30:00-05:00,38.20000076293945,38.20880126953125,38.189998626708984,38.20500183105469,12976,0.0,0.0,0.0
2023-02-16 14:30:00-05:00,38.209999084472656,38.218299865722656,38.20500183105469,38.209999084472656,1999,0.0,0.0,0.0
2023-02-16 15:30:00-05:00,38.20690155029297,38.20899963378906,38.205101013183594,38.205101013183594,0,0.0,0.0,0.0
2023-02-17 09:30:00-05:00,38.17689895629883,38.189998626708984,38.17689895629883,38.189998626708984,1444,0.0,0.0,0.0
2023-02-17 10:30:00-05:00,38.189998626708984,38.191001892089844,38.18000030517578,38.18000030517578,718,0.0,0.0,0.0
2023-02-17 11:30:00-05:00,38.2067985534668,38.2067985534668,38.2067985534668,38.2067985534668,259,0.0,0.0,0.0
2023-02-17 12:30:00-05:00,38.189998626708984,38.189998626708984,38.18009948730469,38.189998626708984,1492,0.0,0.0,0.0
2023-02-17 13:30:00-05:00,38.189998626708984,38.189998626708984,38.189998626708984,38.189998626708984,100,0.0,0.0,0.0
2023-02-17 14:30:00-05:00,38.209999084472656,38.212398529052734,38.209999084472656,38.209999084472656,2800,0.0,0.0,0.0
2023-02-17 15:30:00-05:00,38.209999084472656,38.21900177001953,38.209999084472656,38.21900177001953,1265,0.0,0.0,0.0
2023-02-21 09:30:00-05:00,38.13999938964844,38.15119934082031,38.13999938964844,38.15119934082031,0,0.0,0.0,0.0
2023-02-21 10:30:00-05:00,38.15520095825195,38.15520095825195,38.15520095825195,38.15520095825195,303,0.0,0.0,0.0
2023-02-21 11:30:00-05:00,38.13999938964844,38.13999938964844,38.13999938964844,38.13999938964844,200,0.0,0.0,0.0
2023-02-21 12:30:00-05:00,38.14659881591797,38.14659881591797,38.14659881591797,38.14659881591797,707,0.0,0.0,0.0
2023-02-21 14:30:00-05:00,38.12030029296875,38.12030029296875,38.12030029296875,38.12030029296875,1500,0.0,0.0,0.0
2023-02-21 15:30:00-05:00,38.119998931884766,38.119998931884766,38.118900299072266,38.118900299072266,200,0.0,0.0,0.0
2023-02-22 09:30:00-05:00,38.150001525878906,38.150001525878906,38.150001525878906,38.150001525878906,0,0.0,0.0,0.0
2023-02-22 10:30:00-05:00,38.150001525878906,38.150001525878906,38.150001525878906,38.150001525878906,500,0.0,0.0,0.0
2023-02-22 11:30:00-05:00,38.150001525878906,38.150001525878906,38.150001525878906,38.150001525878906,718,0.0,0.0,0.0
2023-02-22 13:30:00-05:00,38.15999984741211,38.15999984741211,38.13999938964844,38.13999938964844,1400,0.0,0.0,0.0
2023-02-22 14:30:00-05:00,38.13650131225586,38.13650131225586,38.119998931884766,38.12189865112305,2280,0.0,0.0,0.0
2023-02-22 15:30:00-05:00,38.119998931884766,38.12799835205078,38.119998931884766,38.12799835205078,318,0.0,0.0,0.0
2023-02-23 09:30:00-05:00,38.16999816894531,38.177799224853516,38.15999984741211,38.16999816894531,0,0.0,0.0,0.0
2023-02-23 10:30:00-05:00,38.16999816894531,38.17359924316406,38.119998931884766,38.150001525878906,16380,0.0,0.0,0.0
2023-02-23 11:30:00-05:00,38.15999984741211,38.15999984741211,38.150001525878906,38.150001525878906,248,0.0,0.0,0.0
2023-02-23 12:30:00-05:00,38.1599006652832,38.1599006652832,38.150001525878906,38.15420150756836,2189,0.0,0.0,0.0
2023-02-23 13:30:00-05:00,38.15999984741211,38.15999984741211,38.15999984741211,38.15999984741211,216,0.0,0.0,0.0
2023-02-23 15:30:00-05:00,38.165000915527344,38.169898986816406,38.165000915527344,38.165000915527344,7260,0.0,0.0,0.0
2023-02-24 09:30:00-05:00,38.08000183105469,38.08000183105469,38.08000183105469,38.08000183105469,0,0.0,0.0,0.0
2023-02-24 10:30:00-05:00,38.08000183105469,38.08100128173828,38.06999969482422,38.06999969482422,7264,0.0,0.0,0.0
2023-02-24 11:30:00-05:00,38.06999969482422,38.08000183105469,38.06999969482422,38.08000183105469,452,0.0,0.0,0.0
2023-02-24 12:30:00-05:00,38.07899856567383,38.08000183105469,38.07899856567383,38.08000183105469,2200,0.0,0.0,0.0
2023-02-24 13:30:00-05:00,38.08000183105469,38.08000183105469,38.08000183105469,38.08000183105469,100,0.0,0.0,0.0
2023-02-24 14:30:00-05:00,38.09000015258789,38.09260177612305,38.09000015258789,38.09260177612305,110,0.0,0.0,0.0
2023-02-27 09:30:00-05:00,37.994998931884766,37.994998931884766,37.9900016784668,37.9900016784668,0,0.0,0.0,0.0
2023-02-27 10:30:00-05:00,37.9900016784668,37.9900016784668,37.98979949951172,37.98979949951172,2986,0.0,0.0,0.0
2023-02-27 11:30:00-05:00,37.98849868774414,37.98849868774414,37.98849868774414,37.98849868774414,228,0.0,0.0,0.0
2023-02-27 13:30:00-05:00,37.98500061035156,37.98500061035156,37.98500061035156,37.98500061035156,330,0.0,0.0,0.0
2023-02-27 14:30:00-05:00,37.97999954223633,37.97999954223633,37.97999954223633,37.97999954223633,100,0.0,0.0,0.0
2023-02-27 15:30:00-05:00,37.97999954223633,37.98400115966797,37.97999954223633,37.98400115966797,700,0.0,0.0,0.0
2023-02-28 09:30:00-05:00,37.95100021362305,37.95100021362305,37.95100021362305,37.95100021362305,0,0.0,0.0,0.0
2023-02-28 11:30:00-05:00,37.95500183105469,37.95500183105469,37.95000076293945,37.95000076293945,581,0.0,0.0,0.0
2023-02-28 13:30:00-05:00,37.939998626708984,37.939998626708984,37.939998626708984,37.939998626708984,392,0.0,0.0,0.0
2023-02-28 14:30:00-05:00,37.95000076293945,37.95989990234375,37.95000076293945,37.95500183105469,3802,0.0,0.0,0.0
2023-02-28 15:30:00-05:00,37.95000076293945,37.95500183105469,37.95000076293945,37.95500183105469,116,0.0,0.0,0.0
2023-03-01 09:30:00-05:00,37.90999984741211,37.95000076293945,37.90999984741211,37.95000076293945,0,0.0,0.0,0.0
2023-03-01 10:30:00-05:00,37.91999816894531,37.931400299072266,37.91999816894531,37.931400299072266,326,0.0,0.0,0.0
2023-03-01 11:30:00-05:00,37.93009948730469,37.930999755859375,37.93000030517578,37.93009948730469,1414,0.0,0.0,0.0
2023-03-01 12:30:00-05:00,37.9297981262207,37.9297981262207,37.91999816894531,37.91999816894531,1206,0.0,0.0,0.0
2023-03-01 13:30:00-05:00,37.90999984741211,37.91849899291992,37.90999984741211,37.90999984741211,461,0.0,0.0,0.0
2023-03-01 14:30:00-05:00,37.90999984741211,37.91999816894531,37.90999984741211,37.91999816894531,616,0.0,0.0,0.0
2023-03-02 09:30:00-05:00,37.88999938964844,37.88999938964844,37.88999938964844,37.88999938964844,0,0.0,0.0,0.0
2023-03-02 10:30:00-05:00,37.8921012878418,37.8921012878418,37.8921012878418,37.8921012878418,753,0.0,0.0,0.0
2023-03-02 11:30:00-05:00,37.89500045776367,37.898101806640625,37.89500045776367,37.89500045776367,811,0.0,0.0,0.0
2023-03-02 12:30:00-05:00,37.88999938964844,37.899600982666016,37.88999938964844,37.899600982666016,501,0.0,0.0,0.0
2023-03-02 14:30:00-05:00,37.89500045776367,37.939998626708984,37.89500045776367,37.93000030517578,8870,0.0,0.0,0.0
2023-03-02 15:30:00-05:00,37.939998626708984,37.939998626708984,37.91999816894531,37.935001373291016,3195,0.0,0.0,0.0
2023-03-03 09:30:00-05:00,37.95000076293945,37.959999084472656,37.95000076293945,37.959999084472656,0,0.0,0.0,0.0
2023-03-03 11:30:00-05:00,37.959999084472656,37.970001220703125,37.959999084472656,37.970001220703125,6644,0.0,0.0,0.0
2023-03-03 13:30:00-05:00,37.970001220703125,37.974998474121094,37.970001220703125,37.970001220703125,3011,0.0,0.0,0.0
2023-03-03 14:30:00-05:00,37.97589874267578,37.995601654052734,37.97589874267578,37.995601654052734,230,0.0,0.0,0.0
2023-03-06 09:30:00-05:00,37.9900016784668,37.9900016784668,37.9900016784668,37.9900016784668,0,0.0,0.0,0.0
2023-03-06 11:30:00-05:00,37.9900016784668,37.9900016784668,37.98030090332031,37.98500061035156,3552,0.0,0.0,0.0
2023-03-06 13:30:00-05:00,37.98469924926758,37.98469924926758,37.98469924926758,37.98469924926758,0,0.0,0.0,0.0
2023-03-06 14:30:00-05:00,37.970001220703125,37.97999954223633,37.970001220703125,37.974998474121094,9143,0.0,0.0,0.0
2023-03-07 09:30:00-05:00,37.939998626708984,37.939998626708984,37.93000030517578,37.93000030517578,0,0.0,0.0,0.0
2023-03-07 10:30:00-05:00,37.93000030517578,37.93000030517578,37.93000030517578,37.93000030517578,203,0.0,0.0,0.0
2023-03-07 11:30:00-05:00,37.93000030517578,37.939998626708984,37.93000030517578,37.93989944458008,1676,0.0,0.0,0.0
2023-03-07 12:30:00-05:00,37.93989944458008,37.93989944458008,37.91999816894531,37.91999816894531,2421,0.0,0.0,0.0
2023-03-07 13:30:00-05:00,37.91999816894531,37.91999816894531,37.90999984741211,37.90999984741211,3421,0.0,0.0,0.0
2023-03-07 14:30:00-05:00,37.91270065307617,37.91270065307617,37.898101806640625,37.900001525878906,3256,0.0,0.0,0.0
2023-03-07 15:30:00-05:00,37.88999938964844,37.88999938964844,37.88999938964844,37.88999938964844,100,0.0,0.0,0.0
2023-03-08 09:30:00-05:00,37.900001525878906,37.900001525878906,37.900001525878906,37.900001525878906,0,0.0,0.0,0.0
2023-03-08 10:30:00-05:00,37.91999816894531,37.91999816894531,37.914398193359375,37.915000915527344,1525,0.0,0.0,0.0
2023-03-08 11:30:00-05:00,37.88359832763672,37.88359832763672,37.88359832763672,37.88359832763672,155,0.0,0.0,0.0
2023-03-08 12:30:00-05:00,37.875,37.875,37.86000061035156,37.86000061035156,1538,0.0,0.0,0.0
2023-03-08 13:30:00-05:00,37.8650016784668,37.869998931884766,37.8650016784668,37.8650016784668,1635,0.0,0.0,0.0
2023-03-08 15:30:00-05:00,37.869998931884766,37.880001068115234,37.869998931884766,37.875,2642,0.0,0.0,0.0
2023-03-09 09:30:00-05:00,37.939998626708984,37.939998626708984,37.939998626708984,37.939998626708984,0,0.0,0.0,0.0
2023-03-09 10:30:00-05:00,37.935001373291016,37.935001373291016,37.93000030517578,37.93000030517578,600,0.0,0.0,0.0
2023-03-09 12:30:00-05:00,37.922698974609375,37.939998626708984,37.922698974609375,37.939998626708984,210,0.0,0.0,0.0
2023-03-09 13:30:00-05:00,37.939998626708984,37.959999084472656,37.93989944458008,37.95000076293945,4420,0.0,0.0,0.0
2023-03-09 14:30:00-05:00,37.93000030517578,37.93880081176758,37.91999816894531,37.93330001831055,1137,0.0,0.0,0.0
2023-03-10 09:30:00-05:00,38.08000183105469,38.08000183105469,38.0099983215332,38.06999969482422,0,0.0,0.0,0.0
2023-03-10 10:30:00-05:00,38.08000183105469,38.08000183105469,38.08000183105469,38.08000183105469,12532,0.0,0.0,0.0
2023-03-10 11:30:00-05:00,38.04100036621094,38.04999923706055,38.02989959716797,38.04999923706055,6466,0.0,0.0,0.0
2023-03-10 12:30:00-05:00,38.04999923706055,38.060001373291016,38.04999923706055,38.04999923706055,1825,0.0,0.0,0.0
2023-03-10 13:30:00-05:00,38.060001373291016,38.060001373291016,38.060001373291016,38.060001373291016,200,0.0,0.0,0.0
2023-03-10 14:30:00-05:00,38.060001373291016,38.06650161743164,38.060001373291016,38.06650161743164,4169,0.0,0.0,0.0
2023-03-10 15:30:00-05:00,38.05950164794922,38.08000183105469,38.05950164794922,38.06999969482422,7285,0.0,0.0,0.0
2023-03-13 09:30:00-04:00,38.150001525878906,38.16699981689453,38.09000015258789,38.16699981689453,0,0.0,0.0,0.0
2023-03-13 10:30:00-04:00,38.16999816894531,38.2400016784668,38.16999816894531,38.2400016784668,970,0.0,0.0,0.0
2023-03-13 11:30:00-04:00,38.21099853515625,38.21099853515625,38.13999938964844,38.14500045776367,3429,0.0,0.0,0.0
2023-03-13 12:30:00-04:00,38.16080093383789,38.16080093383789,38.13999938964844,38.13999938964844,2005,0.0,0.0,0.0
2023-03-13 13:30:00-04:00,38.147300720214844,38.147300720214844,38.13999938964844,38.13999938964844,1000,0.0,0.0,0.0
2023-03-13 14:30:00-04:00,38.150001525878906,38.27000045776367,38.150001525878906,38.16999816894531,37705,0.0,0.0,0.0
2023-03-13 15:30:00-04:00,38.150001525878906,38.15489959716797,38.150001525878906,38.15489959716797,100,0.0,0.0,0.0
2023-03-14 09:30:00-04:00,38.07099914550781,38.07099914550781,38.06999969482422,38.070098876953125,0,0.0,0.0,0.0
2023-03-14 10:30:00-04:00,38.06999969482422,38.130001068115234,38.06999969482422,38.119998931884766,834,0.0,0.0,0.0
2023-03-14 11:30:00-04:00,38.119998931884766,38.119998931884766,38.077999114990234,38.08000183105469,4800,0.0,0.0,0.0
2023-03-14 12:30:00-04:00,38.08000183105469,38.08000183105469,38.040000915527344,38.040000915527344,4138,0.0,0.0,0.0
2023-03-14 13:30:00-04:00,38.04999923706055,38.04999923706055,38.04999923706055,38.04999923706055,300,0.0,0.0,0.0
2023-03-14 14:30:00-04:00,38.11000061035156,38.11000061035156,38.11000061035156,38.11000061035156,100,0.0,0.0,0.0
2023-03-14 15:30:00-04:00,38.11000061035156,38.11000061035156,38.10900115966797,38.10900115966797,488,0.0,0.0,0.0
2023-03-15 09:30:00-04:00,38.05099868774414,38.05099868774414,38.04999923706055,38.04999923706055,0,0.0,0.0,0.0
2023-03-15 10:30:00-04:00,38.05500030517578,38.099998474121094,38.05500030517578,38.099998474121094,1170,0.0,0.0,0.0
2023-03-15 11:30:00-04:00,38.060001373291016,38.06999969482422,38.029998779296875,38.029998779296875,2974,0.0,0.0,0.0
2023-03-15 12:30:00-04:00,38.041500091552734,38.060001373291016,38.03179931640625,38.0359992980957,1126,0.0,0.0,0.0
2023-03-15 13:30:00-04:00,38.060001373291016,38.09000015258789,38.060001373291016,38.09000015258789,30865,0.0,0.0,0.0
2023-03-15 14:30:00-04:00,38.08000183105469,38.08599853515625,38.02000045776367,38.060001373291016,7180,0.0,0.0,0.0
2023-03-15 15:30:00-04:00,38.060001373291016,38.150001525878906,38.060001373291016,38.13140106201172,2019,0.0,0.0,0.0
2023-03-16 09:30:00-04:00,38.08000183105469,38.08000183105469,38.060001373291016,38.060001373291016,0,0.0,0.0,0.0
2023-03-16 10:30:00-04:00,38.07500076293945,38.07500076293945,38.016998291015625,38.016998291015625,2534,0.0,0.0,0.0
2023-03-16 11:30:00-04:00,37.994998931884766,37.994998931884766,37.97999954223633,37.97999954223633,2300,0.0,0.0,0.0
2023-03-16 12:30:00-04:00,37.989898681640625,38.037601470947266,37.989898681640625,38.037601470947266,1816,0.0,0.0,0.0
2023-03-16 13:30:00-04:00,38.0359992980957,38.040000915527344,38.029998779296875,38.040000915527344,2290,0.0,0.0,0.0
2023-03-16 14:30:00-04:00,38.03499984741211,38.03499984741211,38.03310012817383,38.03310012817383,201,0.0,0.0,0.0
2023-03-17 09:30:00-04:00,38.04999923706055,38.064998626708984,38.04999923706055,38.064998626708984,0,0.0,0.0,0.0
2023-03-17 10:30:00-04:00,38.09000015258789,38.09000015258789,38.04499816894531,38.06999969482422,4537,0.0,0.0,0.0
2023-03-17 11:30:00-04:00,38.07500076293945,38.07500076293945,38.060001373291016,38.06999969482422,5508,0.0,0.0,0.0
2023-03-17 12:30:00-04:00,38.07500076293945,38.07699966430664,38.07500076293945,38.07699966430664,1056,0.0,0.0,0.0
2023-03-17 13:30:00-04:00,38.07040023803711,38.07500076293945,38.07040023803711,38.07500076293945,400,0.0,0.0,0.0
2023-03-17 14:30:00-04:00,38.08000183105469,38.12110137939453,38.08000183105469,38.12110137939453,305,0.0,0.0,0.0
2023-03-20 09:30:00-04:00,38.18000030517578,38.18000030517578,38.130001068115234,38.130001068115234,0,0.0,0.0,0.0
2023-03-20 10:30:00-04:00,38.1349983215332,38.1349983215332,38.1349983215332,38.1349983215332,200,0.0,0.0,0.0
2023-03-20 11:30:00-04:00,38.130001068115234,38.13420104980469,38.060001373291016,38.08000183105469,5067,0.0,0.0,0.0
2023-03-20 14:30:00-04:00,38.1150016784668,38.1150016784668,38.1150016784668,38.1150016784668,200,0.0,0.0,0.0
2023-03-20 15:30:00-04:00,38.111000061035156,38.115299224853516,38.111000061035156,38.115299224853516,755,0.0,0.0,0.0
2023-03-21 09:30:00-04:00,38.099998474121094,38.1150016784668,38.099998474121094,38.1150016784668,0,0.0,0.0,0.0
2023-03-21 10:30:00-04:00,38.1150016784668,38.1150016784668,38.1150016784668,38.1150016784668,1048,0.0,0.0,0.0
2023-03-21 11:30:00-04:00,38.1150016784668,38.1150016784668,38.1150016784668,38.1150016784668,200,0.0,0.0,0.0
2023-03-21 12:30:00-04:00,38.11600112915039,38.16999816894531,38.1150016784668,38.16999816894531,3295,0.0,0.0,0.0
2023-03-21 14:30:00-04:00,38.1349983215332,38.14500045776367,38.1349983215332,38.13999938964844,647,0.0,0.0,0.0
2023-03-21 15:30:00-04:00,38.130001068115234,38.144901275634766,38.130001068115234,38.144901275634766,200,0.0,0.0,0.0
2023-03-22 09:30:00-04:00,38.095001220703125,38.095001220703125,38.08000183105469,38.08000183105469,0,0.0,0.0,0.0
2023-03-22 10:30:00-04:00,38.095001220703125,38.095001220703125,38.095001220703125,38.095001220703125,1733,0.0,0.0,0.0
2023-03-22 11:30:00-04:00,38.095001220703125,38.09709930419922,38.0900993347168,38.09709930419922,3801,0.0,0.0,0.0
2023-03-22 13:30:00-04:00,38.099998474121094,38.220001220703125,38.099998474121094,38.220001220703125,642,0.0,0.0,0.0
2023-03-22 14:30:00-04:00,38.19060134887695,38.2599983215332,38.19060134887695,38.2599983215332,925,0.0,0.0,0.0
2023-03-22 15:30:00-04:00,38.22999954223633,38.22999954223633,38.222999572753906,38.222999572753906,100,0.0,0.0,0.0
2023-03-23 09:30:00-04:00,38.27000045776367,38.279998779296875,38.27000045776367,38.279998779296875,0,0.0,0.0,0.0
2023-03-23 10:30:00-04:00,38.290000915527344,38.33000183105469,38.290000915527344,38.32500076293945,676,0.0,0.0,0.0
2023-03-23 11:30:00-04:00,38.314998626708984,38.314998626708984,38.310001373291016,38.310001373291016,706,0.0,0.0,0.0
2023-03-23 12:30:00-04:00,38.323699951171875,38.32500076293945,38.314998626708984,38.314998626708984,2203,0.0,0.0,0.0
2023-03-23 13:30:00-04:00,38.29999923706055,38.30500030517578,38.29999923706055,38.29999923706055,2700,0.0,0.0,0.0
2023-03-23 14:30:00-04:00,38.27000045776367,38.27000045776367,38.27000045776367,38.27000045776367,113,0.0,0.0,0.0
2023-03-23 15:30:00-04:00,38.275001525878906,38.275001525878906,38.27000045776367,38.27000045776367,3900,0.0,0.0,0.0
2023-03-24 09:30:00-04:00,38.36000061035156,38.36000061035156,38.310001373291016,38.310001373291016,0,0.0,0.0,0.0
2023-03-24 10:30:00-04:00,38.314998626708984,38.314998626708984,38.310001373291016,38.314998626708984,1513,0.0,0.0,0.0
2023-03-24 11:30:00-04:00,38.31010055541992,38.314998626708984,38.310001373291016,38.314998626708984,326,0.0,0.0,0.0
2023-03-24 12:30:00-04:00,38.34000015258789,38.34000015258789,38.34000015258789,38.34000015258789,435,0.0,0.0,0.0
2023-03-24 14:30:00-04:00,38.33000183105469,38.33000183105469,38.33000183105469,38.33000183105469,115,0.0,0.0,0.0
2023-03-24 15:30:00-04:00,38.33000183105469,38.33000183105469,38.32979965209961,38.32979965209961,100,0.0,0.0,0.0
2023-03-27 09:30:00-04:00,38.2599983215332,38.27000045776367,38.25849914550781,38.26499938964844,0,0.0,0.0,0.0
2023-03-27 10:30:00-04:00,38.275001525878906,38.275001525878906,38.27000045776367,38.27000045776367,368,0.0,0.0,0.0
2023-03-27 11:30:00-04:00,38.27000045776367,38.27000045776367,38.25,38.25,802,0.0,0.0,0.0
2023-03-27 12:30:00-04:00,38.25199890136719,38.25199890136719,38.222999572753906,38.22999954223633,2804,0.0,0.0,0.0
2023-03-27 13:30:00-04:00,38.22999954223633,38.230499267578125,38.209999084472656,38.209999084472656,2677,0.0,0.0,0.0
2023-03-27 14:30:00-04:00,38.209999084472656,38.220001220703125,38.209999084472656,38.220001220703125,448,0.0,0.0,0.0
2023-03-27 15:30:00-04:00,38.20000076293945,38.20000076293945,38.20000076293945,38.20000076293945,111,0.0,0.0,0.0
2023-03-28 10:30:00-04:00,38.14630126953125,38.15999984741211,38.140098571777344,38.154998779296875,2112,0.0,0.0,0.0
2023-03-28 11:30:00-04:00,38.155601501464844,38.155601501464844,38.155601501464844,38.155601501464844,575,0.0,0.0,0.0
2023-03-28 12:30:00-04:00,38.150001525878906,38.154998779296875,38.13999938964844,38.149898529052734,2412,0.0,0.0,0.0
2023-03-28 13:30:00-04:00,38.14500045776367,38.14500045776367,38.13999938964844,38.13999938964844,1880,0.0,0.0,0.0
2023-03-28 14:30:00-04:00,38.13999938964844,38.14500045776367,38.13999938964844,38.14500045776367,100,0.0,0.0,0.0
2023-03-29 09:30:00-04:00,38.150001525878906,38.150001525878906,38.150001525878906,38.150001525878906,0,0.0,0.0,0.0
2023-03-29 10:30:00-04:00,38.150001525878906,38.154998779296875,38.150001525878906,38.154998779296875,4797,0.0,0.0,0.0
2023-03-29 11:30:00-04:00,38.15480041503906,38.154998779296875,38.150001525878906,38.150001525878906,1351,0.0,0.0,0.0
2023-03-29 12:30:00-04:00,38.15549850463867,38.15549850463867,38.154998779296875,38.154998779296875,358,0.0,0.0,0.0
2023-03-29 13:30:00-04:00,38.15250015258789,38.15999984741211,38.150001525878906,38.150001525878906,2035,0.0,0.0,0.0
2023-03-29 14:30:00-04:00,38.15589904785156,38.15589904785156,38.154998779296875,38.154998779296875,3300,0.0,0.0,0.0
2023-03-29 15:30:00-04:00,38.15999984741211,38.189998626708984,38.1599006652832,38.189998626708984,980,0.0,0.0,0.0
2023-03-30 10:30:00-04:00,38.095001220703125,38.095001220703125,38.09000015258789,38.0900993347168,2652,0.0,0.0,0.0
2023-03-30 11:30:00-04:00,38.092201232910156,38.092201232910156,38.092201232910156,38.092201232910156,2068,0.0,0.0,0.0
2023-03-30 12:30:00-04:00,38.09000015258789,38.09000015258789,38.09000015258789,38.09000015258789,150,0.0,0.0,0.0
2023-03-30 13:30:00-04:00,38.09000015258789,38.09989929199219,38.09000015258789,38.09479904174805,2683,0.0,0.0,0.0
2023-03-31 09:30:00-04:00,38.02000045776367,38.095001220703125,38.02000045776367,38.095001220703125,0,0.0,0.0,0.0
2023-03-31 10:30:00-04:00,38.095001220703125,38.095001220703125,38.095001220703125,38.095001220703125,630,0.0,0.0,0.0
2023-03-31 11:30:00-04:00,38.0900993347168,38.099998474121094,38.0900993347168,38.099998474121094,582,0.0,0.0,0.0
2023-03-31 12:30:00-04:00,38.099998474121094,38.099998474121094,38.099998474121094,38.099998474121094,628,0.0,0.0,0.0
2023-03-31 13:30:00-04:00,38.159000396728516,38.244998931884766,38.13999938964844,38.244998931884766,11040,0.0,0.0,0.0
2023-03-31 14:30:00-04:00,38.179901123046875,38.179901123046875,38.16999816894531,38.17499923706055,2434,0.0,0.0,0.0
2023-03-31 15:30:00-04:00,38.17499923706055,38.17499923706055,38.13999938964844,38.17499923706055,3041,0.0,0.0,0.0
2023-04-03 09:30:00-04:00,38.18000030517578,38.220001220703125,38.18000030517578,38.220001220703125,0,0.0,0.0,0.0
2023-04-03 11:30:00-04:00,38.22999954223633,38.22999954223633,38.22999954223633,38.22999954223633,148,0.0,0.0,0.0
2023-04-03 14:30:00-04:00,38.25,38.25,38.25,38.25,100,0.0,0.0,0.0
2023-04-03 15:30:00-04:00,38.2599983215332,38.26649856567383,38.25,38.26649856567383,505,0.0,0.0,0.0
2023-04-04 09:30:00-04:00,38.22999954223633,38.25,38.22999954223633,38.25,0,0.0,0.0,0.0
2023-04-04 10:30:00-04:00,38.310001373291016,38.310001373291016,38.29999923706055,38.29999923706055,200,0.0,0.0,0.0
2023-04-04 13:30:00-04:00,38.310001373291016,38.310001373291016,38.310001373291016,38.310001373291016,100,0.0,0.0,0.0
2023-04-04 14:30:00-04:00,38.3125,38.31480026245117,38.3125,38.31480026245117,1138,0.0,0.0,0.0
2023-04-05 09:30:00-04:00,38.40999984741211,38.40999984741211,38.40999984741211,38.40999984741211,0,0.0,0.0,0.0
2023-04-05 10:30:00-04:00,38.400001525878906,38.400001525878906,38.400001525878906,38.400001525878906,121,0.0,0.0,0.0
2023-04-05 11:30:00-04:00,38.40129852294922,38.40129852294922,38.40129852294922,38.40129852294922,371,0.0,0.0,0.0
2023-04-05 12:30:00-04:00,38.380001068115234,38.380001068115234,38.380001068115234,38.380001068115234,102,0.0,0.0,0.0
2023-04-05 14:30:00-04:00,38.37099838256836,38.380001068115234,38.36000061035156,38.36000061035156,1571,0.0,0.0,0.0
2023-04-06 09:30:00-04:00,38.36000061035156,38.36360168457031,38.36000061035156,38.36360168457031,0,0.0,0.0,0.0
2023-04-06 10:30:00-04:00,38.3650016784668,38.369998931884766,38.35100173950195,38.35100173950195,4217,0.0,0.0,0.0
2023-04-06 11:30:00-04:00,38.36000061035156,38.36000061035156,38.36000061035156,38.36000061035156,100,0.0,0.0,0.0
2023-04-06 12:30:00-04:00,38.36000061035156,38.36000061035156,38.36000061035156,38.36000061035156,101,0.0,0.0,0.0
2023-04-06 13:30:00-04:00,38.36000061035156,38.36000061035156,38.35499954223633,38.35499954223633,1351,0.0,0.0,0.0
2023-04-06 14:30:00-04:00,38.35499954223633,38.35499954223633,38.349998474121094,38.350101470947266,578,0.0,0.0,0.0
2023-04-06 15:30:00-04:00,38.33000183105469,38.334999084472656,38.33000183105469,38.334999084472656,100,0.0,0.0,0.0
2023-04-10 09:30:00-04:00,38.209999084472656,38.22999954223633,38.209999084472656,38.22999954223633,0,0.0,0.0,0.0
2023-04-10 10:30:00-04:00,38.23500061035156,38.23500061035156,38.23500061035156,38.23500061035156,578,0.0,0.0,0.0
2023-04-10 11:30:00-04:00,38.24599838256836,38.25,38.24409866333008,38.25,953,0.0,0.0,0.0
2023-04-10 12:30:00-04:00,38.244998931884766,38.244998931884766,38.244998931884766,38.244998931884766,300,0.0,0.0,0.0
2023-04-10 13:30:00-04:00,38.2599983215332,38.2599983215332,38.25600051879883,38.25600051879883,1457,0.0,0.0,0.0
2023-04-10 14:30:00-04:00,38.27000045776367,38.272098541259766,38.2599983215332,38.272098541259766,2825,0.0,0.0,0.0
2023-04-11 09:30:00-04:00,38.27539825439453,38.27539825439453,38.27000045776367,38.27000045776367,0,0.0,0.0,0.0
2023-04-11 10:30:00-04:00,38.2599983215332,38.260101318359375,38.189998626708984,38.2401008605957,10406,0.0,0.0,0.0
2023-04-11 11:30:00-04:00,38.24789810180664,38.24789810180664,38.24789810180664,38.24789810180664,1048,0.0,0.0,0.0
2023-04-11 13:30:00-04:00,38.244998931884766,38.25130081176758,38.220001220703125,38.25130081176758,5583,0.0,0.0,0.0
2023-04-11 14:30:00-04:00,38.2599983215332,38.26499938964844,38.2599983215332,38.2599983215332,976,0.0,0.0,0.0
2023-04-11 15:30:00-04:00,38.26499938964844,38.27000045776367,38.26319885253906,38.26319885253906,638,0.0,0.0,0.0
2023-04-12 09:30:00-04:00,38.33000183105469,38.33000183105469,38.33000183105469,38.33000183105469,0,0.0,0.0,0.0
2023-04-12 10:30:00-04:00,38.290000915527344,38.290000915527344,38.2599983215332,38.279998779296875,6436,0.0,0.0,0.0
2023-04-12 11:30:00-04:00,38.279998779296875,38.290000915527344,38.279998779296875,38.290000915527344,582,0.0,0.0,0.0
2023-04-12 12:30:00-04:00,38.290000915527344,38.290000915527344,38.290000915527344,38.290000915527344,2139,0.0,0.0,0.0
2023-04-12 14:30:00-04:00,38.29999923706055,38.29999923706055,38.28499984741211,38.28499984741211,100,0.0,0.0,0.0
2023-04-13 09:30:00-04:00,38.36000061035156,38.380001068115234,38.29999923706055,38.369998931884766,0,0.0,0.0,0.0
2023-04-13 10:30:00-04:00,38.36000061035156,38.369998931884766,38.350101470947266,38.35499954223633,4871,0.0,0.0,0.0
2023-04-13 11:30:00-04:00,38.35150146484375,38.36000061035156,38.349998474121094,38.36000061035156,3958,0.0,0.0,0.0
2023-04-13 12:30:00-04:00,38.36000061035156,38.36000061035156,38.36000061035156,38.36000061035156,189,0.0,0.0,0.0
2023-04-13 14:30:00-04:00,38.359901428222656,38.359901428222656,38.34000015258789,38.35499954223633,3701,0.0,0.0,0.0
2023-04-14 09:30:00-04:00,38.28200149536133,38.28499984741211,38.28200149536133,38.28499984741211,0,0.0,0.0,0.0
2023-04-14 11:30:00-04:00,38.279998779296875,38.28010177612305,38.279998779296875,38.28010177612305,731,0.0,0.0,0.0
2023-04-14 12:30:00-04:00,38.25,38.279998779296875,38.25,38.27000045776367,6061,0.0,0.0,0.0
2023-04-14 13:30:00-04:00,38.27000045776367,38.31999969482422,38.27000045776367,38.28010177612305,18684,0.0,0.0,0.0
2023-04-14 14:30:00-04:00,38.28499984741211,38.2932014465332,38.28499984741211,38.290000915527344,2453,0.0,0.0,0.0
2023-04-14 15:30:00-04:00,38.290000915527344,38.290000915527344,38.290000915527344,38.290000915527344,200,0.0,0.0,0.0
2023-04-17 11:30:00-04:00,38.209999084472656,38.21030044555664,38.189998626708984,38.189998626708984,0,0.0,0.0,0.0
2023-04-17 12:30:00-04:00,38.189998626708984,38.189998626708984,38.18600082397461,38.189998626708984,1930,0.0,0.0,0.0
2023-04-17 14:30:00-04:00,38.20000076293945,38.209999084472656,38.20000076293945,38.209999084472656,1204,0.0,0.0,0.0
2023-04-17 15:30:00-04:00,38.21500015258789,38.21500015258789,38.21500015258789,38.21500015258789,240,0.0,0.0,0.0
2023-04-18 09:30:00-04:00,38.245399475097656,38.245399475097656,38.245399475097656,38.245399475097656,0,0.0,0.0,0.0
2023-04-18 10:30:00-04:00,38.24100112915039,38.244998931884766,38.23500061035156,38.237998962402344,7871,0.0,0.0,0.0
2023-04-18 11:30:00-04:00,38.21969985961914,38.21969985961914,38.20000076293945,38.20500183105469,7148,0.0,0.0,0.0
2023-04-18 12:30:00-04:00,38.213199615478516,38.213199615478516,38.213199615478516,38.213199615478516,559,0.0,0.0,0.0
2023-04-18 14:30:00-04:00,38.220001220703125,38.220001220703125,38.21500015258789,38.21500015258789,200,0.0,0.0,0.0
2023-04-18 15:30:00-04:00,38.21099853515625,38.21500015258789,38.209999084472656,38.21500015258789,765,0.0,0.0,0.0
2023-04-19 09:30:00-04:00,38.191001892089844,38.191001892089844,38.185001373291016,38.185001373291016,0,0.0,0.0,0.0
2023-04-19 10:30:00-04:00,38.18000030517578,38.189998626708984,38.1702995300293,38.1702995300293,3946,0.0,0.0,0.0
2023-04-19 12:30:00-04:00,38.18000030517578,38.20000076293945,38.18000030517578,38.20000076293945,0,0.0,0.0,0.0
2023-04-19 13:30:00-04:00,38.18000030517578,38.18000030517578,38.18000030517578,38.18000030517578,7085,0.0,0.0,0.0
2023-04-19 15:30:00-04:00,38.17499923706055,38.18000030517578,38.17499923706055,38.17499923706055,1010,0.0,0.0,0.0
2023-04-20 09:30:00-04:00,38.22999954223633,38.240699768066406,38.220001220703125,38.240699768066406,0,0.0,0.0,0.0
2023-04-20 10:30:00-04:00,38.2400016784668,38.244998931884766,38.23500061035156,38.23500061035156,2986,0.0,0.0,0.0
2023-04-20 11:30:00-04:00,38.23099899291992,38.23970031738281,38.22999954223633,38.22999954223633,7071,0.0,0.0,0.0
2023-04-20 12:30:00-04:00,38.22999954223633,38.239498138427734,38.22999954223633,38.23500061035156,2167,0.0,0.0,0.0
2023-04-20 13:30:00-04:00,38.220001220703125,38.220001220703125,38.220001220703125,38.220001220703125,200,0.0,0.0,0.0
2023-04-20 15:30:00-04:00,38.224998474121094,38.224998474121094,38.224998474121094,38.224998474121094,501,0.0,0.0,0.0
2023-04-21 09:30:00-04:00,38.244998931884766,38.244998931884766,38.244998931884766,38.244998931884766,0,0.0,0.0,0.0
2023-04-21 10:30:00-04:00,38.25830078125,38.25830078125,38.2400016784668,38.25,0,0.0,0.0,0.0
2023-04-21 15:30:00-04:00,38.25,38.25400161743164,38.25,38.25400161743164,4066,0.0,0.0,0.0
2023-04-24 10:30:00-04:00,38.2942008972168,38.29999923706055,38.25,38.27000045776367,0,0.0,0.0,0.0
2023-04-24 11:30:00-04:00,38.285099029541016,38.285099029541016,38.279998779296875,38.279998779296875,22539,0.0,0.0,0.0
2023-04-24 12:30:00-04:00,38.279998779296875,38.28150177001953,38.279998779296875,38.28150177001953,1291,0.0,0.0,0.0
2023-04-24 13:30:00-04:00,38.28499984741211,38.28499984741211,38.28499984741211,38.28499984741211,0,0.0,0.0,0.0
2023-04-24 14:30:00-04:00,38.28499984741211,38.28499984741211,38.28499984741211,38.28499984741211,0,0.0,0.0,0.0
2023-04-24 15:30:00-04:00,38.28929901123047,38.28929901123047,38.28499984741211,38.28499984741211,24583,0.0,0.0,0.0
2023-04-25 09:30:00-04:00,38.38010025024414,38.38010025024414,38.38010025024414,38.38010025024414,0,0.0,0.0,0.0
2023-04-25 10:30:00-04:00,38.37009811401367,38.37009811401367,38.36000061035156,38.36000061035156,9216,0.0,0.0,0.0
2023-04-25 11:30:00-04:00,38.36000061035156,38.364200592041016,38.349998474121094,38.350799560546875,8929,0.0,0.0,0.0
2023-04-25 12:30:00-04:00,38.349998474121094,38.35499954223633,38.33000183105469,38.35499954223633,21841,0.0,0.0,0.0
2023-04-25 13:30:00-04:00,38.35499954223633,38.35499954223633,38.35499954223633,38.35499954223633,806,0.0,0.0,0.0
2023-04-25 14:30:00-04:00,38.35499954223633,38.359500885009766,38.349998474121094,38.35929870605469,9134,0.0,0.0,0.0
2023-04-25 15:30:00-04:00,38.35499954223633,38.39500045776367,38.35499954223633,38.39500045776367,1648,0.0,0.0,0.0
2023-04-26 09:30:00-04:00,38.40999984741211,38.40999984741211,38.40999984741211,38.40999984741211,0,0.0,0.0,0.0
2023-04-26 10:30:00-04:00,38.400001525878906,38.40999984741211,38.369998931884766,38.369998931884766,14819,0.0,0.0,0.0
2023-04-26 11:30:00-04:00,38.369998931884766,38.37009811401367,38.36149978637695,38.362998962402344,3309,0.0,0.0,0.0
2023-04-26 12:30:00-04:00,38.349998474121094,38.36000061035156,38.34000015258789,38.36000061035156,6348,0.0,0.0,0.0
2023-04-26 13:30:00-04:00,38.34989929199219,38.349998474121094,38.34989929199219,38.349998474121094,1120,0.0,0.0,0.0
2023-04-26 14:30:00-04:00,38.35499954223633,38.380001068115234,38.35499954223633,38.37120056152344,0,0.0,0.0,0.0
2023-04-27 10:30:00-04:00,38.21049880981445,38.21110153198242,38.21049880981445,38.21110153198242,841,0.0,0.0,0.0
2023-04-27 11:30:00-04:00,38.21049880981445,38.21110153198242,38.20000076293945,38.20180130004883,3313,0.0,0.0,0.0
2023-04-27 12:30:00-04:00,38.209999084472656,38.209999084472656,38.20249938964844,38.209999084472656,1944,0.0,0.0,0.0
2023-04-27 14:30:00-04:00,38.20000076293945,38.220001220703125,38.20000076293945,38.21989822387695,9123,0.0,0.0,0.0
2023-04-27 15:30:00-04:00,38.20819854736328,38.20819854736328,38.20819854736328,38.20819854736328,317,0.0,0.0,0.0
2023-04-28 09:30:00-04:00,38.244998931884766,38.25,38.244998931884766,38.25,0,0.0,0.0,0.0
2023-04-28 10:30:00-04:00,38.2588996887207,38.2588996887207,38.25,38.250099182128906,5630,0.0,0.0,0.0
2023-04-28 11:30:00-04:00,38.255001068115234,38.255001068115234,38.255001068115234,38.255001068115234,1678,0.0,0.0,0.0
2023-04-28 12:30:00-04:00,38.25,38.25,38.25,38.25,169,0.0,0.0,0.0
2023-04-28 13:30:00-04:00,38.2577018737793,38.2577018737793,38.2577018737793,38.2577018737793,287,0.0,0.0,0.0
2023-04-28 14:30:00-04:00,38.2400016784668,38.2400016784668,38.2400016784668,38.2400016784668,291,0.0,0.0,0.0
2023-04-28 15:30:00-04:00,38.2400016784668,38.2400016784668,38.2400016784668,38.2400016784668,115,0.0,0.0,0.0
2023-05-01 09:30:00-04:00,38.209999084472656,38.2599983215332,38.209999084472656,38.2598991394043,0,0.0,0.0,0.0
2023-05-01 10:30:00-04:00,38.22269821166992,38.22999954223633,38.209999084472656,38.21160125732422,7458,0.0,0.0,0.0
2023-05-01 11:30:00-04:00,38.22549819946289,38.22549819946289,38.20500183105469,38.21110153198242,7684,0.0,0.0,0.0
2023-05-01 12:30:00-04:00,38.220001220703125,38.22959899902344,38.220001220703125,38.22959899902344,14506,0.0,0.0,0.0
2023-05-01 13:30:00-04:00,38.21500015258789,38.220001220703125,38.209999084472656,38.209999084472656,3122,0.0,0.0,0.0
2023-05-01 14:30:00-04:00,38.19300079345703,38.20000076293945,38.19300079345703,38.20000076293945,0,0.0,0.0,0.0
2023-05-01 15:30:00-04:00,38.209999084472656,38.209999084472656,38.19580078125,38.19580078125,50,0.0,0.0,0.0
2023-05-02 09:30:00-04:00,38.220001220703125,38.220001220703125,38.220001220703125,38.220001220703125,184,0.0,0.0,0.0
2023-05-02 10:30:00-04:00,38.23889923095703,38.2400016784668,38.23889923095703,38.2400016784668,1777,0.0,0.0,0.0
2023-05-02 11:30:00-04:00,38.2400016784668,38.25,38.2400016784668,38.244998931884766,3272,0.0,0.0,0.0
2023-05-02 12:30:00-04:00,38.2400016784668,38.25,38.2400016784668,38.25,0,0.0,0.0,0.0
2023-05-02 14:30:00-04:00,38.239898681640625,38.245601654052734,38.239898681640625,38.244998931884766,28,0.0,0.0,0.0
2023-05-03 10:30:00-04:00,38.323001861572266,38.32419967651367,38.31990051269531,38.32419967651367,1195,0.0,0.0,0.0
2023-05-03 11:30:00-04:00,38.31999969482422,38.33000183105469,38.31999969482422,38.33000183105469,4558,0.0,0.0,0.0
2023-05-03 12:30:00-04:00,38.3218994140625,38.33000183105469,38.31999969482422,38.33000183105469,5405,0.0,0.0,0.0
2023-05-03 13:30:00-04:00,38.33000183105469,38.33000183105469,38.31999969482422,38.31999969482422,565,0.0,0.0,0.0
2023-05-03 14:30:00-04:00,38.310001373291016,38.310001373291016,38.308799743652344,38.310001373291016,3672,0.0,0.0,0.0
2023-05-03 15:30:00-04:00,38.36000061035156,38.36000061035156,38.36000061035156,38.36000061035156,658,0.0,0.0,0.0
2023-05-04 09:30:00-04:00,38.35100173950195,38.36000061035156,38.34000015258789,38.36000061035156,0,0.0,0.0,0.0
2023-05-04 11:30:00-04:00,38.38999938964844,38.439998626708984,38.38999938964844,38.439998626708984,3924,0.0,0.0,0.0
2023-05-04 14:30:00-04:00,38.38999938964844,38.38999938964844,38.38999938964844,38.38999938964844,150,0.0,0.0,0.0
2023-05-04 15:30:00-04:00,38.390899658203125,38.40190124511719,38.390899658203125,38.40190124511719,0,0.0,0.0,0.0
2023-05-05 09:30:00-04:00,38.369998931884766,38.369998931884766,38.369998931884766,38.369998931884766,1061,0.0,0.0,0.0
2023-05-05 10:30:00-04:00,38.380001068115234,38.380001068115234,38.36000061035156,38.36000061035156,1637,0.0,0.0,0.0
2023-05-05 11:30:00-04:00,38.36000061035156,38.36000061035156,38.36000061035156,38.36000061035156,0,0.0,0.0,0.0
2023-05-05 13:30:00-04:00,38.36199951171875,38.36989974975586,38.36199951171875,38.36989974975586,4773,0.0,0.0,0.0
2023-05-05 14:30:00-04:00,38.36000061035156,38.36000061035156,38.36000061035156,38.36000061035156,0,0.0,0.0,0.0
2023-05-08 09:30:00-04:00,38.279998779296875,38.279998779296875,38.279998779296875,38.279998779296875,0,0.0,0.0,0.0
2023-05-08 11:30:00-04:00,38.281898498535156,38.29949951171875,38.281898498535156,38.29949951171875,0,0.0,0.0,0.0
2023-05-08 12:30:00-04:00,38.309898376464844,38.309898376464844,38.29999923706055,38.29999923706055,3080,0.0,0.0,0.0
2023-05-08 13:30:00-04:00,38.290000915527344,38.290000915527344,38.279998779296875,38.28580093383789,3142,0.0,0.0,0.0
2023-05-08 14:30:00-04:00,38.27000045776367,38.279998779296875,38.27000045776367,38.27009963989258,1041,0.0,0.0,0.0
2023-05-08 15:30:00-04:00,38.27989959716797,38.279998779296875,38.27989959716797,38.27989959716797,1828,0.0,0.0,0.0
2023-05-09 09:30:00-04:00,38.2599983215332,38.26499938964844,38.2599983215332,38.26499938964844,0,0.0,0.0,0.0
2023-05-09 11:30:00-04:00,38.2599983215332,38.264198303222656,38.25019836425781,38.25019836425781,9993,0.0,0.0,0.0
2023-05-09 12:30:00-04:00,38.25,38.2599983215332,38.2400016784668,38.2588996887207,0,0.0,0.0,0.0
2023-05-10 09:30:00-04:00,38.33000183105469,38.33000183105469,38.33000183105469,38.33000183105469,700,0.0,0.0,0.0
2023-05-10 10:30:00-04:00,38.33000183105469,38.34000015258789,38.31999969482422,38.339900970458984,3730,0.0,0.0,0.0
2023-05-10 11:30:00-04:00,38.333499908447266,38.333499908447266,38.333499908447266,38.333499908447266,1098,0.0,0.0,0.0
2023-05-10 13:30:00-04:00,38.339900970458984,38.339900970458984,38.339900970458984,38.339900970458984,101,0.0,0.0,0.0
2023-05-10 14:30:00-04:00,38.33720016479492,38.33720016479492,38.33720016479492,38.33720016479492,0,0.0,0.0,0.0
2023-05-10 15:30:00-04:00,38.334999084472656,38.334999084472656,38.334999084472656,38.334999084472656,6192,0.0,0.0,0.0
2023-05-11 09:30:00-04:00,38.40999984741211,38.40999984741211,38.400001525878906,38.400001525878906,0,0.0,0.0,0.0
2023-05-11 10:30:00-04:00,38.400299072265625,38.40800094604492,38.380001068115234,38.38169860839844,8850,0.0,0.0,0.0
2023-05-11 11:30:00-04:00,38.380001068115234,38.38999938964844,38.380001068115234,38.38999938964844,5764,0.0,0.0,0.0
2023-05-11 12:30:00-04:00,38.4099006652832,38.4099006652832,38.39500045776367,38.39500045776367,650,0.0,0.0,0.0
2023-05-11 13:30:00-04:00,38.3849983215332,38.3849983215332,38.3849983215332,38.3849983215332,100,0.0,0.0,0.0
2023-05-11 14:30:00-04:00,38.380001068115234,38.38420104980469,38.36539840698242,38.36539840698242,3990,0.0,0.0,0.0
2023-05-11 15:30:00-04:00,38.3650016784668,38.369998931884766,38.36000061035156,38.36000061035156,806,0.0,0.0,0.0
2023-05-12 09:30:00-04:00,38.369998931884766,38.369998931884766,38.34090042114258,38.34090042114258,0,0.0,0.0,0.0
2023-05-12 10:30:00-04:00,38.34000015258789,38.34519958496094,38.334999084472656,38.34000015258789,7042,0.0,0.0,0.0
2023-05-12 11:30:00-04:00,38.34000015258789,38.34000015258789,38.320098876953125,38.33000183105469,6347,0.0,0.0,0.0
2023-05-12 12:30:00-04:00,38.33000183105469,38.3380012512207,38.33000183105469,38.3380012512207,1009,0.0,0.0,0.0
2023-05-12 13:30:00-04:00,38.33000183105469,38.33000183105469,38.32500076293945,38.32500076293945,4202,0.0,0.0,0.0
2023-05-12 14:30:00-04:00,38.31999969482422,38.31999969482422,38.28499984741211,38.314998626708984,21607,0.0,0.0,0.0
2023-05-12 15:30:00-04:00,38.310001373291016,38.369998931884766,38.310001373291016,38.33000183105469,1601,0.0,0.0,0.0
2023-05-15 09:30:00-04:00,38.310001373291016,38.310001373291016,38.310001373291016,38.310001373291016,0,0.0,0.0,0.0
2023-05-15 10:30:00-04:00,38.30500030517578,38.310001373291016,38.30500030517578,38.310001373291016,561,0.0,0.0,0.0
2023-05-15 11:30:00-04:00,38.30979919433594,38.314998626708984,38.28499984741211,38.314998626708984,7043,0.0,0.0,0.0
2023-05-15 12:30:00-04:00,38.310001373291016,38.314998626708984,38.310001373291016,38.310001373291016,2162,0.0,0.0,0.0
2023-05-15 13:30:00-04:00,38.315799713134766,38.315799713134766,38.310001373291016,38.310001373291016,1915,0.0,0.0,0.0
2023-05-15 14:30:00-04:00,38.310001373291016,38.310001373291016,38.310001373291016,38.310001373291016,287,0.0,0.0,0.0
2023-05-15 15:30:00-04:00,38.310001373291016,38.319000244140625,38.29999923706055,38.29999923706055,2025,0.0,0.0,0.0
2023-05-16 09:30:00-04:00,38.27000045776367,38.275001525878906,38.2599983215332,38.275001525878906,0,0.0,0.0,0.0
2023-05-16 10:30:00-04:00,38.2671012878418,38.270599365234375,38.266998291015625,38.266998291015625,2347,0.0,0.0,0.0
2023-05-16 11:30:00-04:00,38.25,38.25,38.25,38.25,375,0.0,0.0,0.0
2023-05-16 12:30:00-04:00,38.25,38.25,38.25,38.25,225,0.0,0.0,0.0
2023-05-16 13:30:00-04:00,38.2599983215332,38.2599983215332,38.244998931884766,38.244998931884766,0,0.0,0.0,0.0
2023-05-17 10:30:00-04:00,38.22100067138672,38.22100067138672,38.209999084472656,38.21849822998047,4466,0.0,0.0,0.0
2023-05-17 11:30:00-04:00,38.210899353027344,38.21099853515625,38.209999084472656,38.209999084472656,4652,0.0,0.0,0.0
2023-05-17 12:30:00-04:00,38.224998474121094,38.224998474121094,38.224998474121094,38.224998474121094,220,0.0,0.0,0.0
2023-05-17 13:30:00-04:00,38.2322998046875,38.2322998046875,38.220001220703125,38.220001220703125,825,0.0,0.0,0.0
2023-05-17 14:30:00-04:00,38.220001220703125,38.22919845581055,38.220001220703125,38.22629928588867,0,0.0,0.0,0.0
2023-05-18 10:30:00-04:00,38.19459915161133,38.19499969482422,38.189998626708984,38.192100524902344,5508,0.0,0.0,0.0
2023-05-18 11:30:00-04:00,38.18989944458008,38.18989944458008,38.18000030517578,38.185001373291016,2101,0.0,0.0,0.0
2023-05-18 12:30:00-04:00,38.185001373291016,38.18989944458008,38.18000030517578,38.18000030517578,3630,0.0,0.0,0.0
2023-05-18 13:30:00-04:00,38.18000030517578,38.18000030517578,38.16999816894531,38.17499923706055,5519,0.0,0.0,0.0
2023-05-18 14:30:00-04:00,38.1609992980957,38.165000915527344,38.15999984741211,38.165000915527344,450,0.0,0.0,0.0
2023-05-18 15:30:00-04:00,38.165000915527344,38.180999755859375,38.165000915527344,38.18000030517578,0,0.0,0.0,0.0
2023-05-19 09:30:00-04:00,38.15999984741211,38.15999984741211,38.15999984741211,38.15999984741211,149,0.0,0.0,0.0
2023-05-19 11:30:00-04:00,38.167999267578125,38.167999267578125,38.160099029541016,38.165000915527344,4961,0.0,0.0,0.0
2023-05-19 12:30:00-04:00,38.15999984741211,38.165000915527344,38.15999984741211,38.165000915527344,374,0.0,0.0,0.0
2023-05-19 13:30:00-04:00,38.16999816894531,38.185001373291016,38.16640090942383,38.185001373291016,4695,0.0,0.0,0.0
2023-05-22 10:30:00-04:00,38.15999984741211,38.16419982910156,38.15999984741211,38.15999984741211,0,0.0,0.0,0.0
2023-05-22 11:30:00-04:00,38.154998779296875,38.154998779296875,38.150001525878906,38.15019989013672,11824,0.0,0.0,0.0
2023-05-22 12:30:00-04:00,38.16999816894531,38.16999816894531,38.165000915527344,38.165199279785156,1445,0.0,0.0,0.0
2023-05-22 13:30:00-04:00,38.169898986816406,38.169898986816406,38.169898986816406,38.169898986816406,1317,0.0,0.0,0.0
2023-05-22 14:30:00-04:00,38.160301208496094,38.160301208496094,38.160301208496094,38.160301208496094,0,0.0,0.0,0.0
2023-05-22 15:30:00-04:00,38.150001525878906,38.15589904785156,38.150001525878906,38.154701232910156,18,0.0,0.0,0.0
2023-05-23 09:30:00-04:00,38.27000045776367,38.27000045776367,38.150001525878906,38.15999984741211,4239,0.0,0.0,0.0
2023-05-23 10:30:00-04:00,38.150001525878906,38.150001525878906,38.13750076293945,38.13999938964844,0,0.0,0.0,0.0
2023-05-23 11:30:00-04:00,38.1349983215332,38.1349983215332,38.130001068115234,38.130001068115234,16938,0.0,0.0,0.0
2023-05-23 12:30:00-04:00,38.1349983215332,38.1349983215332,38.1349983215332,38.1349983215332,400,0.0,0.0,0.0
2023-05-23 13:30:00-04:00,38.154998779296875,38.154998779296875,38.13999938964844,38.13999938964844,1257,0.0,0.0,0.0
2023-05-23 14:30:00-04:00,38.14500045776367,38.14500045776367,38.14500045776367,38.14500045776367,573,0.0,0.0,0.0
2023-05-23 15:30:00-04:00,38.14500045776367,38.14500045776367,38.14500045776367,38.14500045776367,748,0.0,0.0,0.0
2023-05-24 10:30:00-04:00,38.12070083618164,38.12070083618164,38.12070083618164,38.12070083618164,0,0.0,0.0,0.0
2023-05-24 11:30:00-04:00,38.125,38.125,38.09000015258789,38.09000015258789,1158,0.0,0.0,0.0
2023-05-24 14:30:00-04:00,38.095001220703125,38.095001220703125,38.095001220703125,38.095001220703125,2500,0.0,0.0,0.0
2023-05-24 15:30:00-04:00,38.09109878540039,38.09109878540039,38.09109878540039,38.09109878540039,600,0.0,0.0,0.0
2023-05-25 09:30:00-04:00,38.084999084472656,38.084999084472656,38.084999084472656,38.084999084472656,0,0.0,0.0,0.0
2023-05-25 10:30:00-04:00,38.08720016479492,38.08729934692383,38.08720016479492,38.08729934692383,2300,0.0,0.0,0.0
2023-05-25 11:30:00-04:00,38.08000183105469,38.080101013183594,38.08000183105469,38.08000183105469,1055,0.0,0.0,0.0
2023-05-25 13:30:00-04:00,38.06999969482422,38.06999969482422,38.0447998046875,38.0447998046875,0,0.0,0.0,0.0
2023-05-26 09:30:00-04:00,37.904998779296875,37.904998779296875,37.88999938964844,37.890098571777344,3582,0.0,0.0,0.0
2023-05-26 10:30:00-04:00,37.89500045776367,37.89500045776367,37.8849983215332,37.8849983215332,0,0.0,0.0,0.0
2023-05-26 11:30:00-04:00,37.8849983215332,37.88650131225586,37.88079833984375,37.8849983215332,0,0.0,0.0,0.0
2023-05-26 15:30:00-04:00,37.8849983215332,37.8849983215332,37.8849983215332,37.8849983215332,10945,0.0,0.0,0.0
2023-05-30 09:30:00-04:00,37.96500015258789,37.96500015258789,37.95500183105469,37.959999084472656,0,0.0,0.0,0.0
2023-05-30 10:30:00-04:00,37.96500015258789,37.96500015258789,37.96039962768555,37.96039962768555,7536,0.0,0.0,0.0
2023-05-30 11:30:00-04:00,37.979801177978516,37.97990036010742,37.970001220703125,37.97990036010742,0,0.0,0.0,0.0
2023-05-30 13:30:00-04:00,37.98569869995117,38.000301361083984,37.98569869995117,38.000301361083984,50,0.0,0.0,0.0
2023-05-31 10:30:00-04:00,38.01100158691406,38.018001556396484,38.01070022583008,38.018001556396484,2114,0.0,0.0,0.0
2023-05-31 11:30:00-04:00,38.018001556396484,38.018001556396484,38.0,38.005001068115234,4153,0.0,0.0,0.0
2023-05-31 12:30:00-04:00,38.005001068115234,38.02000045776367,38.0005989074707,38.01499938964844,24510,0.0,0.0,0.0
2023-05-31 13:30:00-04:00,38.01499938964844,38.040000915527344,38.01499938964844,38.03499984741211,11777,0.0,0.0,0.0
2023-05-31 14:30:00-04:00,38.03499984741211,38.03499984741211,38.02000045776367,38.029998779296875,10200,0.0,0.0,0.0
2023-05-31 15:30:00-04:00,38.029998779296875,38.04999923706055,37.959999084472656,38.03499984741211,0,0.0,0.0,0.0
2023-06-01 09:30:00-04:00,38.09400177001953,38.09400177001953,38.09400177001953,38.09400177001953,190,0.0,0.0,0.0
2023-06-01 10:30:00-04:00,38.08100128173828,38.09000015258789,38.08000183105469,38.080101013183594,4110,0.0,0.0,0.0
2023-06-01 11:30:00-04:00,38.080299377441406,38.099998474121094,38.080299377441406,38.099998474121094,16033,0.0,0.0,0.0
2023-06-01 12:30:00-04:00,38.095001220703125,38.099998474121094,38.095001220703125,38.095001220703125,955,0.0,0.0,0.0
2023-06-01 13:30:00-04:00,38.10499954223633,38.11000061035156,38.10499954223633,38.11000061035156,0,0.0,0.0,0.0
2023-06-01 14:30:00-04:00,38.11000061035156,38.11980056762695,38.11000061035156,38.11980056762695,25106,0.0,0.0,0.0
2023-06-01 15:30:00-04:00,38.10499954223633,38.11000061035156,38.099998474121094,38.11000061035156,1713,0.0,0.0,0.0
2023-06-02 09:30:00-04:00,38.09000015258789,38.09000015258789,38.08000183105469,38.08000183105469,0,0.0,0.0,0.0
2023-06-02 10:30:00-04:00,38.084999084472656,38.084999084472656,38.084999084472656,38.084999084472656,240,0.0,0.0,0.0
2023-06-02 11:30:00-04:00,38.09000015258789,38.09000015258789,38.08000183105469,38.08000183105469,3701,0.0,0.0,0.0
2023-06-02 13:30:00-04:00,38.08000183105469,38.08000183105469,38.06999969482422,38.06999969482422,2550,0.0,0.0,0.0
2023-06-02 14:30:00-04:00,38.06999969482422,38.06999969482422,38.064998626708984,38.064998626708984,100,0.0,0.0,0.0
2023-06-05 10:30:00-04:00,38.08000183105469,38.09000015258789,38.04999923706055,38.060001373291016,9934,0.0,0.0,0.0
2023-06-05 11:30:00-04:00,38.05699920654297,38.05699920654297,38.05699920654297,38.05699920654297,1000,0.0,0.0,0.0
2023-06-05 12:30:00-04:00,38.05830001831055,38.05830001831055,38.04999923706055,38.04999923706055,775,0.0,0.0,0.0
2023-06-05 13:30:00-04:00,38.040000915527344,38.040000915527344,38.040000915527344,38.040000915527344,5503,0.0,0.0,0.0
2023-06-05 14:30:00-04:00,38.04499816894531,38.04499816894531,38.04499816894531,38.04499816894531,2990,0.0,0.0,0.0
2023-06-05 15:30:00-04:00,38.04999923706055,38.05390167236328,38.04499816894531,38.05390167236328,5190,0.0,0.0,0.0
2023-06-06 10:30:00-04:00,38.03990173339844,38.03990173339844,38.029998779296875,38.029998779296875,1104,0.0,0.0,0.0
2023-06-06 11:30:00-04:00,38.03499984741211,38.03499984741211,38.03499984741211,38.03499984741211,857,0.0,0.0,0.0
2023-06-06 12:30:00-04:00,38.03499984741211,38.03499984741211,38.03499984741211,38.03499984741211,790,0.0,0.0,0.0
2023-06-06 14:30:00-04:00,38.03499984741211,38.04999923706055,38.03499984741211,38.040000915527344,2284,0.0,0.0,0.0
2023-06-06 15:30:00-04:00,38.040000915527344,38.040000915527344,38.029998779296875,38.029998779296875,1386,0.0,0.0,0.0
2023-06-07 09:30:00-04:00,38.019901275634766,38.019901275634766,38.0,38.0,200,0.0,0.0,0.0
2023-06-07 10:30:00-04:00,38.0098991394043,38.0098991394043,37.999900817871094,38.0098991394043,1299,0.0,0.0,0.0
2023-06-07 11:30:00-04:00,38.0,38.00899887084961,37.95000076293945,37.97999954223633,6599,0.0,0.0,0.0
2023-06-07 12:30:00-04:00,37.999900817871094,38.0,37.999900817871094,38.0,272,0.0,0.0,0.0
2023-06-07 14:30:00-04:00,38.02000045776367,38.02000045776367,38.02000045776367,38.02000045776367,125,0.0,0.0,0.0
2023-06-07 15:30:00-04:00,38.0099983215332,38.0099983215332,38.0099983215332,38.0099983215332,175,0.0,0.0,0.0
2023-06-08 09:30:00-04:00,38.060001373291016,38.060001373291016,38.04999923706055,38.04999923706055,0,0.0,0.0,0.0
2023-06-08 11:30:00-04:00,38.040000915527344,38.04999923706055,38.02000045776367,38.04999923706055,27175,0.0,0.0,0.0
2023-06-08 12:30:00-04:00,38.04999923706055,38.067501068115234,38.04999923706055,38.067501068115234,1200,0.0,0.0,0.0
2023-06-08 13:30:00-04:00,38.04999923706055,38.05970001220703,38.04999923706055,38.05970001220703,992,0.0,0.0,0.0
2023-06-08 14:30:00-04:00,38.04999923706055,38.04999923706055,38.04999923706055,38.04999923706055,200,0.0,0.0,0.0
2023-06-08 15:30:00-04:00,38.04999923706055,38.05849838256836,38.04999923706055,38.05849838256836,0,0.0,0.0,0.0
2023-06-09 09:30:00-04:00,38.02000045776367,38.02000045776367,38.02000045776367,38.02000045776367,100,0.0,0.0,0.0
2023-06-09 10:30:00-04:00,38.029998779296875,38.034698486328125,38.02000045776367,38.02000045776367,5372,0.0,0.0,0.0
2023-06-09 11:30:00-04:00,38.029998779296875,38.040000915527344,38.02000045776367,38.03900146484375,10822,0.0,0.0,0.0
2023-06-09 12:30:00-04:00,38.020999908447266,38.029998779296875,38.02000045776367,38.025001525878906,2707,0.0,0.0,0.0
2023-06-09 14:30:00-04:00,38.023399353027344,38.02510070800781,38.023399353027344,38.02510070800781,328,0.0,0.0,0.0
2023-06-12 10:30:00-04:00,38.040000915527344,38.040000915527344,38.040000915527344,38.040000915527344,0,0.0,0.0,0.0
2023-06-12 11:30:00-04:00,38.040401458740234,38.040401458740234,38.040401458740234,38.040401458740234,570,0.0,0.0,0.0
2023-06-12 12:30:00-04:00,38.04169845581055,38.04499816894531,38.040000915527344,38.04010009765625,5300,0.0,0.0,0.0
2023-06-12 13:30:00-04:00,38.05780029296875,38.05780029296875,38.04999923706055,38.05500030517578,0,0.0,0.0,0.0
2023-06-12 14:30:00-04:00,38.04999923706055,38.0609016418457,38.04999923706055,38.0609016418457,7921,0.0,0.0,0.0
2023-06-13 09:30:00-04:00,38.089900970458984,38.089900970458984,38.06999969482422,38.06999969482422,1795,0.0,0.0,0.0
2023-06-13 10:30:00-04:00,38.07099914550781,38.0797004699707,38.06039810180664,38.06039810180664,3974,0.0,0.0,0.0
2023-06-13 12:30:00-04:00,38.060001373291016,38.060001373291016,38.060001373291016,38.060001373291016,100,0.0,0.0,0.0
2023-06-13 13:30:00-04:00,38.040000915527344,38.04949951171875,38.029998779296875,38.029998779296875,2669,0.0,0.0,0.0
2023-06-13 14:30:00-04:00,38.02000045776367,38.02000045776367,38.0099983215332,38.0099983215332,0,0.0,0.0,0.0
2023-06-13 15:30:00-04:00,38.030399322509766,38.030399322509766,38.030399322509766,38.030399322509766,10145,0.0,0.0,0.0
2023-06-14 10:30:00-04:00,38.06999969482422,38.06999969482422,38.06999969482422,38.06999969482422,0,0.0,0.0,0.0
2023-06-14 11:30:00-04:00,38.07099914550781,38.08000183105469,38.06999969482422,38.070098876953125,3078,0.0,0.0,0.0
2023-06-14 12:30:00-04:00,38.06999969482422,38.07500076293945,38.06999969482422,38.07500076293945,346,0.0,0.0,0.0
2023-06-14 13:30:00-04:00,38.05500030517578,38.05500030517578,37.970001220703125,37.970001220703125,400,0.0,0.0,0.0
2023-06-14 14:30:00-04:00,38.00040054321289,38.020999908447266,38.00040054321289,38.020999908447266,0,0.0,0.0,0.0
2023-06-15 09:30:00-04:00,38.09000015258789,38.09000015258789,38.07500076293945,38.07500076293945,1418,0.0,0.0,0.0
2023-06-15 11:30:00-04:00,38.078399658203125,38.078399658203125,38.07500076293945,38.07500076293945,280,0.0,0.0,0.0
2023-06-15 12:30:00-04:00,38.07500076293945,38.07500076293945,38.07500076293945,38.07500076293945,1251,0.0,0.0,0.0
2023-06-15 13:30:00-04:00,38.07279968261719,38.07500076293945,38.07279968261719,38.07500076293945,600,0.0,0.0,0.0
2023-06-15 14:30:00-04:00,38.09000015258789,38.11000061035156,38.09000015258789,38.11000061035156,384,0.0,0.0,0.0
2023-06-16 09:30:00-04:00,38.06100082397461,38.09000015258789,38.04800033569336,38.04800033569336,2476,0.0,0.0,0.0
2023-06-16 10:30:00-04:00,38.04990005493164,38.07500076293945,38.04499816894531,38.06010055541992,2257,0.0,0.0,0.0
2023-06-16 11:30:00-04:00,38.07899856567383,38.08000183105469,38.06990051269531,38.08000183105469,2581,0.0,0.0,0.0
2023-06-16 15:30:00-04:00,38.07500076293945,38.08000183105469,38.07500076293945,38.07659912109375,1827,0.0,0.0,0.0
2023-06-20 10:30:00-04:00,38.09000015258789,38.09000015258789,38.09000015258789,38.09000015258789,0,0.0,0.0,0.0
2023-06-20 11:30:00-04:00,38.08100128173828,38.09000015258789,38.08000183105469,38.081600189208984,10438,0.0,0.0,0.0
2023-06-20 12:30:00-04:00,38.09000015258789,38.099998474121094,38.08000183105469,38.09000015258789,6628,0.0,0.0,0.0
2023-06-20 13:30:00-04:00,38.09000015258789,38.09000015258789,38.09000015258789,38.09000015258789,200,0.0,0.0,0.0
2023-06-20 15:30:00-04:00,38.0984992980957,38.0984992980957,38.09000015258789,38.094200134277344,600,0.0,0.0,0.0
2023-06-21 09:30:00-04:00,38.099998474121094,38.099998474121094,38.099998474121094,38.099998474121094,0,0.0,0.0,0.0
2023-06-21 10:30:00-04:00,38.0718994140625,38.0718994140625,38.07059860229492,38.07059860229492,2075,0.0,0.0,0.0
2023-06-21 11:30:00-04:00,38.089900970458984,38.099998474121094,38.07500076293945,38.07500076293945,15408,0.0,0.0,0.0
2023-06-21 12:30:00-04:00,38.08000183105469,38.08000183105469,38.08000183105469,38.08000183105469,2668,0.0,0.0,0.0
2023-06-21 13:30:00-04:00,38.099998474121094,38.11000061035156,38.095001220703125,38.095001220703125,942,0.0,0.0,0.0
2023-06-22 09:30:00-04:00,38.08100128173828,38.08100128173828,38.08000183105469,38.08000183105469,0,0.0,0.0,0.0
2023-06-22 10:30:00-04:00,38.062599182128906,38.062599182128906,38.062599182128906,38.062599182128906,1197,0.0,0.0,0.0
2023-06-22 12:30:00-04:00,38.06209945678711,38.06209945678711,38.06209945678711,38.06209945678711,115,0.0,0.0,0.0
2023-06-22 14:30:00-04:00,38.05189895629883,38.05189895629883,38.05189895629883,38.05189895629883,208,0.0,0.0,0.0
2023-06-22 15:30:00-04:00,38.06660079956055,38.06660079956055,38.06660079956055,38.06660079956055,0,0.0,0.0,0.0
2023-06-23 09:30:00-04:00,38.124900817871094,38.124900817871094,38.107601165771484,38.107601165771484,1121,0.0,0.0,0.0
2023-06-23 10:30:00-04:00,38.099998474121094,38.099998474121094,38.08689880371094,38.08689880371094,1923,0.0,0.0,0.0
2023-06-23 11:30:00-04:00,38.08000183105469,38.084999084472656,38.06999969482422,38.084999084472656,864,0.0,0.0,0.0
2023-06-26 09:30:00-04:00,38.06999969482422,38.06999969482422,38.06999969482422,38.06999969482422,0,0.0,0.0,0.0
2023-06-26 10:30:00-04:00,38.06039810180664,38.064998626708984,38.06039810180664,38.06039810180664,1274,0.0,0.0,0.0
2023-06-26 11:30:00-04:00,38.06039810180664,38.06999969482422,38.06010055541992,38.064998626708984,3291,0.0,0.0,0.0
2023-06-26 12:30:00-04:00,38.06999969482422,38.06999969482422,38.06999969482422,38.06999969482422,348,0.0,0.0,0.0
2023-06-26 14:30:00-04:00,38.06999969482422,38.0723991394043,38.06999969482422,38.0723991394043,320,0.0,0.0,0.0
2023-06-27 09:30:00-04:00,38.130001068115234,38.13079833984375,38.10490036010742,38.10490036010742,0,0.0,0.0,0.0
2023-06-27 10:30:00-04:00,38.10490036010742,38.10490036010742,38.08000183105469,38.08000183105469,7820,0.0,0.0,0.0
2023-06-27 15:30:00-04:00,38.09000015258789,38.099998474121094,38.09000015258789,38.099998474121094,258,0.0,0.0,0.0
2023-06-28 09:30:00-04:00,38.119998931884766,38.119998931884766,38.100101470947266,38.100101470947266,0,0.0,0.0,0.0
2023-06-28 10:30:00-04:00,38.11000061035156,38.130001068115234,38.11000061035156,38.130001068115234,1546,0.0,0.0,0.0
2023-06-28 11:30:00-04:00,38.130001068115234,38.13999938964844,38.119998931884766,38.13999938964844,400,0.0,0.0,0.0
2023-06-28 12:30:00-04:00,38.150001525878906,38.150001525878906,38.13999938964844,38.13999938964844,0,0.0,0.0,0.0
2023-06-28 13:30:00-04:00,38.13999938964844,38.150001525878906,38.130001068115234,38.150001525878906,8624,0.0,0.0,0.0
2023-06-28 14:30:00-04:00,38.150001525878906,38.150001525878906,38.14500045776367,38.150001525878906,3430,0.0,0.0,0.0
2023-06-28 15:30:00-04:00,38.150001525878906,38.16999816894531,38.150001525878906,38.16999816894531,7873,0.0,0.0,0.0
2023-06-29 09:30:00-04:00,37.929901123046875,37.939998626708984,37.929901123046875,37.93629837036133,0,0.0,0.0,0.0
2023-06-29 10:30:00-04:00,37.929901123046875,37.93000030517578,37.929901123046875,37.93000030517578,1001,0.0,0.0,0.0
2023-06-29 13:30:00-04:00,37.939998626708984,37.939998626708984,37.93989944458008,37.93989944458008,450,0.0,0.0,0.0
2023-06-29 14:30:00-04:00,37.933998107910156,37.933998107910156,37.933998107910156,37.933998107910156,282,0.0,0.0,0.0
2023-06-29 15:30:00-04:00,37.93989944458008,37.94499969482422,37.93989944458008,37.94499969482422,0,0.0,0.0,0.0
2023-06-30 09:30:00-04:00,37.959999084472656,37.959999084472656,37.959999084472656,37.959999084472656,201,0.0,0.0,0.0
2023-06-30 10:30:00-04:00,37.95000076293945,37.95669937133789,37.95000076293945,37.95560073852539,1219,0.0,0.0,0.0
2023-06-30 13:30:00-04:00,37.95500183105469,37.95500183105469,37.95500183105469,37.95500183105469,100,0.0,0.0,0.0
2023-06-30 14:30:00-04:00,37.974700927734375,37.974700927734375,37.974700927734375,37.974700927734375,3329,0.0,0.0,0.0
2023-06-30 15:30:00-04:00,37.981201171875,37.981201171875,37.97740173339844,37.97740173339844,411,0.0,0.0,0.0
2023-07-03 10:30:00-04:00,37.97819900512695,37.97819900512695,37.94490051269531,37.94490051269531,0,0.0,0.0,0.0
2023-07-05 09:30:00-04:00,37.970001220703125,37.970001220703125,37.95500183105469,37.95500183105469,17,0.0,0.0,0.0
2023-07-05 10:30:00-04:00,37.942501068115234,37.95500183105469,37.942501068115234,37.95500183105469,847,0.0,0.0,0.0
2023-07-05 11:30:00-04:00,37.95500183105469,37.95500183105469,37.95500183105469,37.95500183105469,140,0.0,0.0,0.0
2023-07-05 12:30:00-04:00,37.93119812011719,37.93470001220703,37.93000030517578,37.93470001220703,1440,0.0,0.0,0.0
2023-07-05 13:30:00-04:00,37.93000030517578,37.93000030517578,37.93000030517578,37.93000030517578,553,0.0,0.0,0.0
2023-07-05 14:30:00-04:00,37.93000030517578,37.939998626708984,37.93000030517578,37.93389892578125,1256,0.0,0.0,0.0
2023-07-06 10:30:00-04:00,37.84000015258789,37.84000015258789,37.83000183105469,37.83000183105469,0,0.0,0.0,0.0
2023-07-06 11:30:00-04:00,37.84000015258789,37.849998474121094,37.84000015258789,37.849998474121094,4260,0.0,0.0,0.0
2023-07-06 15:30:00-04:00,37.89390182495117,37.89390182495117,37.88999938964844,37.89390182495117,31220,0.0,0.0,0.0
2023-07-07 10:30:00-04:00,37.935001373291016,37.93619918823242,37.93000030517578,37.93619918823242,173,0.0,0.0,0.0
2023-07-07 14:30:00-04:00,37.91999816894531,37.91999816894531,37.90999984741211,37.90999984741211,380,0.0,0.0,0.0
2023-07-10 09:30:00-04:00,37.939998626708984,37.97999954223633,37.900001525878906,37.97999954223633,2191,0.0,0.0,0.0
2023-07-11 09:30:00-04:00,38.00400161743164,38.00400161743164,38.00400161743164,38.00400161743164,0,0.0,0.0,0.0
2023-07-11 10:30:00-04:00,38.000999450683594,38.0098991394043,38.0,38.0098991394043,0,0.0,0.0,0.0
2023-07-11 12:30:00-04:00,38.00960159301758,38.0098991394043,38.00960159301758,38.0098991394043,1627,0.0,0.0,0.0
2023-07-11 13:30:00-04:00,38.009700775146484,38.009700775146484,38.009700775146484,38.009700775146484,100,0.0,0.0,0.0
2023-07-11 14:30:00-04:00,38.005001068115234,38.019798278808594,38.005001068115234,38.019798278808594,0,0.0,0.0,0.0
2023-07-12 09:30:00-04:00,38.130001068115234,38.159000396728516,38.130001068115234,38.13999938964844,11615,0.0,0.0,0.0
2023-07-12 10:30:00-04:00,38.13999938964844,38.16780090332031,38.13999938964844,38.157798767089844,0,0.0,0.0,0.0
2023-07-12 12:30:00-04:00,38.13999938964844,38.13999938964844,38.13999938964844,38.13999938964844,0,0.0,0.0,0.0
2023-07-12 13:30:00-04:00,38.12990188598633,38.13999938964844,38.12990188598633,38.13999938964844,33506,0.0,0.0,0.0
2023-07-12 14:30:00-04:00,38.130001068115234,38.13999938964844,38.119998931884766,38.132999420166016,35573,0.0,0.0,0.0
2023-07-12 15:30:00-04:00,38.13999938964844,38.13999938964844,38.130001068115234,38.130001068115234,0,0.0,0.0,0.0
2023-07-13 09:30:00-04:00,38.209999084472656,38.209999084472656,38.209999084472656,38.209999084472656,2162,0.0,0.0,0.0
2023-07-13 10:30:00-04:00,38.2036018371582,38.2036018371582,38.2036018371582,38.2036018371582,3838,0.0,0.0,0.0
2023-07-13 11:30:00-04:00,38.219600677490234,38.219600677490234,38.219600677490234,38.219600677490234,260,0.0,0.0,0.0
2023-07-13 13:30:00-04:00,38.211299896240234,38.220001220703125,38.211299896240234,38.220001220703125,477,0.0,0.0,0.0
2023-07-13 14:30:00-04:00,38.25,38.25,38.25,38.25,361,0.0,0.0,0.0
2023-07-13 15:30:00-04:00,38.2400016784668,38.2400016784668,38.2400016784668,38.2400016784668,0,0.0,0.0,0.0
2023-07-14 11:30:00-04:00,38.21500015258789,38.21500015258789,38.21500015258789,38.21500015258789,354,0.0,0.0,0.0
2023-07-14 13:30:00-04:00,38.209999084472656,38.209999084472656,38.209999084472656,38.209999084472656,400,0.0,0.0,0.0
2023-07-14 14:30:00-04:00,38.18000030517578,38.18000030517578,38.165000915527344,38.165000915527344,1900,0.0,0.0,0.0
2023-07-14 15:30:00-04:00,38.16999816894531,38.16999816894531,38.15999984741211,38.15999984741211,1601,0.0,0.0,0.0
2023-07-17 09:30:00-04:00,38.15629959106445,38.15629959106445,38.15629959106445,38.15629959106445,0,0.0,0.0,0.0
2023-07-17 10:30:00-04:00,38.165000915527344,38.165000915527344,38.165000915527344,38.165000915527344,875,0.0,0.0,0.0
2023-07-17 12:30:00-04:00,38.165000915527344,38.165000915527344,38.165000915527344,38.165000915527344,663,0.0,0.0,0.0
2023-07-17 14:30:00-04:00,38.161598205566406,38.189998626708984,38.161598205566406,38.189998626708984,10219,0.0,0.0,0.0
2023-07-17 15:30:00-04:00,38.17499923706055,38.18000030517578,38.17499923706055,38.17499923706055,2551,0.0,0.0,0.0
2023-07-18 09:30:00-04:00,38.189998626708984,38.209999084472656,38.189998626708984,38.209999084472656,0,0.0,0.0,0.0
2023-07-18 10:30:00-04:00,38.21500015258789,38.21500015258789,38.21500015258789,38.21500015258789,335,0.0,0.0,0.0
2023-07-18 11:30:00-04:00,38.202999114990234,38.202999114990234,38.20000076293945,38.20000076293945,626,0.0,0.0,0.0
2023-07-18 12:30:00-04:00,38.20000076293945,38.20000076293945,38.19820022583008,38.19990158081055,1046,0.0,0.0,0.0
2023-07-18 13:30:00-04:00,38.19900131225586,38.19900131225586,38.1952018737793,38.1952018737793,940,0.0,0.0,0.0
2023-07-18 14:30:00-04:00,38.189998626708984,38.20000076293945,38.189998626708984,38.20000076293945,3501,0.0,0.0,0.0
2023-07-18 15:30:00-04:00,38.20000076293945,38.2599983215332,38.20000076293945,38.2599983215332,9692,0.0,0.0,0.0
2023-07-19 09:30:00-04:00,38.2599983215332,38.310001373291016,38.2599983215332,38.310001373291016,0,0.0,0.0,0.0
2023-07-19 12:30:00-04:00,38.30500030517578,38.309898376464844,38.27000045776367,38.27000045776367,5009,0.0,0.0,0.0
2023-07-19 14:30:00-04:00,38.278099060058594,38.310001373291016,38.278099060058594,38.310001373291016,11931,0.0,0.0,0.0
2023-07-19 15:30:00-04:00,38.29750061035156,38.29999923706055,38.290000915527344,38.29499816894531,14850,0.0,0.0,0.0
2023-07-20 10:30:00-04:00,38.23899841308594,38.23899841308594,38.23899841308594,38.23899841308594,263,0.0,0.0,0.0
2023-07-20 11:30:00-04:00,38.230098724365234,38.230098724365234,38.230098724365234,38.230098724365234,0,0.0,0.0,0.0
2023-07-20 12:30:00-04:00,38.23809814453125,38.23809814453125,38.23809814453125,38.23809814453125,1094,0.0,0.0,0.0
2023-07-20 14:30:00-04:00,38.23500061035156,38.23500061035156,38.23500061035156,38.23500061035156,587,0.0,0.0,0.0
2023-07-20 15:30:00-04:00,38.2400016784668,38.2400016784668,38.23500061035156,38.2400016784668,4572,0.0,0.0,0.0
2023-07-21 09:30:00-04:00,38.290000915527344,38.290000915527344,38.2599983215332,38.2599983215332,0,0.0,0.0,0.0
2023-07-21 10:30:00-04:00,38.244998931884766,38.25,38.244998931884766,38.244998931884766,0,0.0,0.0,0.0
2023-07-21 11:30:00-04:00,38.2400016784668,38.244998931884766,38.2400016784668,38.240299224853516,4570,0.0,0.0,0.0
2023-07-21 13:30:00-04:00,38.244998931884766,38.25,38.244998931884766,38.25,1799,0.0,0.0,0.0
2023-07-21 14:30:00-04:00,38.25,38.25,38.25,38.25,100,0.0,0.0,0.0
2023-07-21 15:30:00-04:00,38.25,38.2599983215332,38.25,38.25749969482422,2002,0.0,0.0,0.0
2023-07-24 09:30:00-04:00,38.279998779296875,38.279998779296875,38.279998779296875,38.279998779296875,0,0.0,0.0,0.0
2023-07-24 10:30:00-04:00,38.275001525878906,38.27880096435547,38.27000045776367,38.27000045776367,1235,0.0,0.0,0.0
2023-07-24 11:30:00-04:00,38.260501861572266,38.260501861572266,38.260501861572266,38.260501861572266,100,0.0,0.0,0.0
2023-07-24 12:30:00-04:00,38.26900100708008,38.26900100708008,38.26900100708008,38.26900100708008,297,0.0,0.0,0.0
2023-07-24 14:30:00-04:00,38.243099212646484,38.25,38.243099212646484,38.24869918823242,2084,0.0,0.0,0.0
2023-07-24 15:30:00-04:00,38.244998931884766,38.244998931884766,38.2328987121582,38.2328987121582,3940,0.0,0.0,0.0
2023-07-25 09:30:00-04:00,38.220001220703125,38.22999954223633,38.220001220703125,38.22999954223633,3710,0.0,0.0,0.0
2023-07-25 10:30:00-04:00,38.220001220703125,38.220001220703125,38.220001220703125,38.220001220703125,121,0.0,0.0,0.0
2023-07-25 12:30:00-04:00,38.22679901123047,38.22679901123047,38.22679901123047,38.22679901123047,130,0.0,0.0,0.0
2023-07-25 13:30:00-04:00,38.22269821166992,38.22269821166992,38.22269821166992,38.22269821166992,295,0.0,0.0,0.0
2023-07-26 09:30:00-04:00,38.2400016784668,38.2400016784668,38.23500061035156,38.23500061035156,832,0.0,0.0,0.0
2023-07-26 10:30:00-04:00,38.22999954223633,38.23500061035156,38.22999954223633,38.22999954223633,1905,0.0,0.0,0.0
2023-07-26 11:30:00-04:00,38.22999954223633,38.22999954223633,38.22999954223633,38.22999954223633,609,0.0,0.0,0.0
2023-07-26 12:30:00-04:00,38.220001220703125,38.220001220703125,38.220001220703125,38.220001220703125,435,0.0,0.0,0.0
2023-07-26 14:30:00-04:00,38.25,38.275001525878906,38.25,38.275001525878906,440,0.0,0.0,0.0
2023-07-26 15:30:00-04:00,38.279998779296875,38.28960037231445,38.279998779296875,38.28499984741211,0,0.0,0.0,0.0
2023-07-27 09:30:00-04:00,38.27000045776367,38.27000045776367,38.27000045776367,38.27000045776367,472,0.0,0.0,0.0
2023-07-27 10:30:00-04:00,38.2400016784668,38.2400016784668,38.23500061035156,38.23500061035156,621,0.0,0.0,0.0
2023-07-27 12:30:00-04:00,38.209999084472656,38.229400634765625,38.209999084472656,38.209999084472656,252,0.0,0.0,0.0
2023-07-28 09:30:00-04:00,38.15999984741211,38.16999816894531,38.150001525878906,38.16999816894531,0,0.0,0.0,0.0
2023-07-28 10:30:00-04:00,38.16999816894531,38.16999816894531,38.16999816894531,38.16999816894531,4075,0.0,0.0,0.0
2023-07-28 11:30:00-04:00,38.16999816894531,38.16999816894531,38.16999816894531,38.16999816894531,910,0.0,0.0,0.0
2023-07-28 12:30:00-04:00,38.16999816894531,38.16999816894531,38.15999984741211,38.15999984741211,0,0.0,0.0,0.0
2023-07-28 14:30:00-04:00,38.15999984741211,38.15999984741211,38.15999984741211,38.15999984741211,8723,0.0,0.0,0.0
2023-07-28 15:30:00-04:00,38.15999984741211,38.165000915527344,38.15999984741211,38.15999984741211,2325,0.0,0.0,0.0
2023-07-31 09:30:00-04:00,38.20840072631836,38.20840072631836,38.20840072631836,38.20840072631836,0,0.0,0.0,0.0
2023-07-31 11:30:00-04:00,38.220001220703125,38.22999954223633,38.220001220703125,38.22999954223633,9001,0.0,0.0,0.0
2023-07-31 12:30:00-04:00,38.22999954223633,38.2400016784668,38.22999954223633,38.2400016784668,1505,0.0,0.0,0.0
2023-07-31 13:30:00-04:00,38.2400016784668,38.2400016784668,38.2400016784668,38.2400016784668,904,0.0,0.0,0.0
2023-07-31 14:30:00-04:00,38.23899841308594,38.2400016784668,38.22999954223633,38.2400016784668,400,0.0,0.0,0.0
2023-08-01 09:30:00-04:00,38.25,38.25,38.15999984741211,38.15999984741211,0,0.0,0.0,0.0
2023-08-01 10:30:00-04:00,38.18000030517578,38.18000030517578,38.18000030517578,38.18000030517578,814,0.0,0.0,0.0
2023-08-01 13:30:00-04:00,38.16999816894531,38.22999954223633,38.16999816894531,38.18000030517578,8781,0.0,0.0,0.0
2023-08-01 14:30:00-04:00,38.16999816894531,38.17190170288086,38.16999816894531,38.17190170288086,1042,0.0,0.0,0.0
2023-08-02 09:30:00-04:00,38.13999938964844,38.159000396728516,38.13999938964844,38.159000396728516,0,0.0,0.0,0.0
2023-08-02 10:30:00-04:00,38.15999984741211,38.15999984741211,38.130001068115234,38.130001068115234,1369,0.0,0.0,0.0
2023-08-02 12:30:00-04:00,38.1411018371582,38.1411018371582,38.1411018371582,38.1411018371582,1050,0.0,0.0,0.0
2023-08-02 13:30:00-04:00,38.15999984741211,38.16999816894531,38.14500045776367,38.14500045776367,0,0.0,0.0,0.0
2023-08-03 09:30:00-04:00,38.150001525878906,38.18000030517578,38.150001525878906,38.17499923706055,2130,0.0,0.0,0.0
2023-08-03 10:30:00-04:00,38.18870162963867,38.18870162963867,38.18870162963867,38.18870162963867,394,0.0,0.0,0.0
2023-08-03 12:30:00-04:00,38.20000076293945,38.20000076293945,38.20000076293945,38.20000076293945,579,0.0,0.0,0.0
2023-08-04 09:30:00-04:00,38.26169967651367,38.26169967651367,38.26169967651367,38.26169967651367,260,0.0,0.0,0.0
2023-08-04 10:30:00-04:00,38.26499938964844,38.26499938964844,38.255001068115234,38.2598991394043,1356,0.0,0.0,0.0
2023-08-04 11:30:00-04:00,38.2599983215332,38.2599983215332,38.255001068115234,38.2599983215332,2996,0.0,0.0,0.0
2023-08-04 13:30:00-04:00,38.2599983215332,38.2599983215332,38.25,38.2599983215332,1266,0.0,0.0,0.0
2023-08-04 14:30:00-04:00,38.255001068115234,38.2599983215332,38.255001068115234,38.255001068115234,2100,0.0,0.0,0.0
2023-08-04 15:30:00-04:00,38.2599983215332,38.2599983215332,38.255001068115234,38.255001068115234,603,0.0,0.0,0.0
2023-08-07 10:30:00-04:00,38.290000915527344,38.29999923706055,38.279998779296875,38.29999923706055,700,0.0,0.0,0.0
2023-08-07 11:30:00-04:00,38.29999923706055,38.29999923706055,38.290000915527344,38.29999923706055,0,0.0,0.0,0.0
2023-08-07 12:30:00-04:00,38.29999923706055,38.29999923706055,38.29999923706055,38.29999923706055,2725,0.0,0.0,0.0
2023-08-07 13:30:00-04:00,38.29999923706055,38.310001373291016,38.29999923706055,38.310001373291016,0,0.0,0.0,0.0
2023-08-07 14:30:00-04:00,38.314998626708984,38.314998626708984,38.30500030517578,38.30500030517578,5448,0.0,0.0,0.0
2023-08-07 15:30:00-04:00,38.30500030517578,38.30500030517578,38.290000915527344,38.29999923706055,1845,0.0,0.0,0.0
2023-08-08 09:30:00-04:00,38.279998779296875,38.290000915527344,38.279998779296875,38.290000915527344,0,0.0,0.0,0.0
2023-08-08 10:30:00-04:00,38.279998779296875,38.279998779296875,38.279998779296875,38.279998779296875,106,0.0,0.0,0.0
2023-08-08 11:30:00-04:00,38.279998779296875,38.279998779296875,38.279998779296875,38.279998779296875,408,0.0,0.0,0.0
2023-08-08 13:30:00-04:00,38.29759979248047,38.29759979248047,38.29759979248047,38.29759979248047,304,0.0,0.0,0.0
2023-08-08 14:30:00-04:00,38.29999923706055,38.29999923706055,38.29819869995117,38.29819869995117,0,0.0,0.0,0.0
2023-08-09 09:30:00-04:00,38.310001373291016,38.31999969482422,38.310001373291016,38.31999969482422,830,0.0,0.0,0.0
2023-08-09 12:30:00-04:00,38.309898376464844,38.309898376464844,38.309898376464844,38.309898376464844,6851,0.0,0.0,0.0
2023-08-09 13:30:00-04:00,38.29999923706055,38.30939865112305,38.29999923706055,38.29999923706055,761,0.0,0.0,0.0
2023-08-09 14:30:00-04:00,38.309898376464844,38.310001373291016,38.29999923706055,38.308998107910156,863,0.0,0.0,0.0
2023-08-09 15:30:00-04:00,38.29999923706055,38.30500030517578,38.29869842529297,38.29999923706055,0,0.0,0.0,0.0
2023-08-10 09:30:00-04:00,38.31999969482422,38.34880065917969,38.31999969482422,38.34880065917969,0,0.0,0.0,0.0
2023-08-10 13:30:00-04:00,38.34000015258789,38.34000015258789,38.279998779296875,38.279998779296875,1332,0.0,0.0,0.0
2023-08-10 14:30:00-04:00,38.279701232910156,38.290000915527344,38.279701232910156,38.279701232910156,300,0.0,0.0,0.0
2023-08-11 09:30:00-04:00,38.23400115966797,38.23400115966797,38.23400115966797,38.23400115966797,0,0.0,0.0,0.0
2023-08-11 10:30:00-04:00,38.2599983215332,38.2599983215332,38.2599983215332,38.2599983215332,200,0.0,0.0,0.0
2023-08-11 11:30:00-04:00,38.2400016784668,38.2489013671875,38.239898681640625,38.2489013671875,855,0.0,0.0,0.0
2023-08-11 12:30:00-04:00,38.2400016784668,38.2400016784668,38.2400016784668,38.2400016784668,0,0.0,0.0,0.0
2023-08-11 13:30:00-04:00,38.2400016784668,38.2400016784668,38.23500061035156,38.23500061035156,3270,0.0,0.0,0.0
2023-08-14 09:30:00-04:00,38.209999084472656,38.2599983215332,38.20000076293945,38.209999084472656,35486,0.0,0.0,0.0
2023-08-14 10:30:00-04:00,38.209999084472656,38.209999084472656,38.209999084472656,38.209999084472656,70028,0.0,0.0,0.0
2023-08-14 12:30:00-04:00,38.21440124511719,38.21440124511719,38.21440124511719,38.21440124511719,190,0.0,0.0,0.0
2023-08-14 13:30:00-04:00,38.21200180053711,38.21200180053711,38.21200180053711,38.21200180053711,178,0.0,0.0,0.0
2023-08-14 14:30:00-04:00,38.20000076293945,38.209999084472656,38.20000076293945,38.20500183105469,0,0.0,0.0,0.0
2023-08-15 11:30:00-04:00,38.220001220703125,38.220001220703125,38.220001220703125,38.220001220703125,537,0.0,0.0,0.0
2023-08-15 12:30:00-04:00,38.20899963378906,38.209999084472656,38.20899963378906,38.209999084472656,9771,0.0,0.0,0.0
2023-08-15 14:30:00-04:00,38.20000076293945,38.20000076293945,38.20000076293945,38.20000076293945,1074,0.0,0.0,0.0
2023-08-15 15:30:00-04:00,38.19499969482422,38.19499969482422,38.19499969482422,38.19499969482422,0,0.0,0.0,0.0
2023-08-16 09:30:00-04:00,38.209999084472656,38.209999084472656,38.20000076293945,38.20000076293945,400,0.0,0.0,0.0
2023-08-16 10:30:00-04:00,38.20000076293945,38.20000076293945,38.189998626708984,38.20000076293945,0,0.0,0.0,0.0
2023-08-16 11:30:00-04:00,38.189998626708984,38.190101623535156,38.18000030517578,38.18000030517578,3458,0.0,0.0,0.0
2023-08-16 13:30:00-04:00,38.14500045776367,38.14500045776367,38.14500045776367,38.14500045776367,0,0.0,0.0,0.0
2023-08-17 10:30:00-04:00,38.17179870605469,38.17179870605469,38.16999816894531,38.16999816894531,3141,0.0,0.0,0.0
2023-08-17 12:30:00-04:00,38.155601501464844,38.155601501464844,38.154998779296875,38.154998779296875,933,0.0,0.0,0.0
2023-08-17 14:30:00-04:00,38.16999816894531,38.16999816894531,38.13999938964844,38.15999984741211,16645,0.0,0.0,0.0
2023-08-17 15:30:00-04:00,38.15999984741211,38.16999816894531,38.15999984741211,38.16999816894531,308,0.0,0.0,0.0
2023-08-18 09:30:00-04:00,38.185001373291016,38.20650100708008,38.18000030517578,38.20000076293945,0,0.0,0.0,0.0
2023-08-18 10:30:00-04:00,38.20000076293945,38.20719909667969,38.189998626708984,38.189998626708984,4482,0.0,0.0,0.0
2023-08-18 11:30:00-04:00,38.20000076293945,38.20759963989258,38.19499969482422,38.20000076293945,6281,0.0,0.0,0.0
2023-08-18 12:30:00-04:00,38.20000076293945,38.20000076293945,38.19380187988281,38.19660186767578,3882,0.0,0.0,0.0
2023-08-18 13:30:00-04:00,38.189998626708984,38.189998626708984,38.189998626708984,38.189998626708984,220,0.0,0.0,0.0
2023-08-18 14:30:00-04:00,38.189998626708984,38.19879913330078,38.189998626708984,38.19879913330078,472,0.0,0.0,0.0
2023-08-18 15:30:00-04:00,38.189998626708984,38.189998626708984,38.185001373291016,38.185001373291016,100,0.0,0.0,0.0
2023-08-21 09:30:00-04:00,38.16999816894531,38.16999816894531,38.16999816894531,38.16999816894531,0,0.0,0.0,0.0
2023-08-21 11:30:00-04:00,38.15999984741211,38.15999984741211,38.15999984741211,38.15999984741211,3708,0.0,0.0,0.0
2023-08-21 12:30:00-04:00,38.165000915527344,38.16999816894531,38.16019821166992,38.16019821166992,2350,0.0,0.0,0.0
2023-08-21 13:30:00-04:00,38.16999816894531,38.16999816894531,38.16999816894531,38.16999816894531,131,0.0,0.0,0.0
2023-08-21 14:30:00-04:00,38.169898986816406,38.169898986816406,38.169898986816406,38.169898986816406,276,0.0,0.0,0.0
2023-08-21 15:30:00-04:00,38.16999816894531,38.16999816894531,38.15999984741211,38.15999984741211,0,0.0,0.0,0.0
2023-08-22 09:30:00-04:00,38.15999984741211,38.15999984741211,38.15999984741211,38.15999984741211,1409,0.0,0.0,0.0
2023-08-22 10:30:00-04:00,38.158199310302734,38.158199310302734,38.158199310302734,38.158199310302734,417,0.0,0.0,0.0
2023-08-22 11:30:00-04:00,38.15999984741211,38.15999984741211,38.15999984741211,38.15999984741211,1093,0.0,0.0,0.0
2023-08-22 13:30:00-04:00,38.16400146484375,38.16999816894531,38.16400146484375,38.167701721191406,4279,0.0,0.0,0.0
2023-08-22 14:30:00-04:00,38.154998779296875,38.154998779296875,38.154998779296875,38.154998779296875,0,0.0,0.0,0.0
2023-08-23 09:30:00-04:00,38.22200012207031,38.2400016784668,38.22200012207031,38.2400016784668,1552,0.0,0.0,0.0
2023-08-23 10:30:00-04:00,38.2400016784668,38.2400016784668,38.22999954223633,38.22999954223633,802,0.0,0.0,0.0
2023-08-23 11:30:00-04:00,38.22999954223633,38.243900299072266,38.22999954223633,38.23500061035156,2045,0.0,0.0,0.0
2023-08-23 12:30:00-04:00,38.2400016784668,38.2400016784668,38.22999954223633,38.22999954223633,1118,0.0,0.0,0.0
2023-08-23 13:30:00-04:00,38.23400115966797,38.244998931884766,38.23400115966797,38.2400016784668,8445,0.0,0.0,0.0
2023-08-23 14:30:00-04:00,38.24409866333008,38.24909973144531,38.22999954223633,38.22999954223633,5884,0.0,0.0,0.0
2023-08-23 15:30:00-04:00,38.22999954223633,38.2400016784668,38.22999954223633,38.239898681640625,829,0.0,0.0,0.0
2023-08-24 09:30:00-04:00,38.25,38.25,38.2400016784668,38.2400016784668,0,0.0,0.0,0.0
2023-08-24 11:30:00-04:00,38.230201721191406,38.2400016784668,38.230201721191406,38.2400016784668,880,0.0,0.0,0.0
2023-08-24 12:30:00-04:00,38.2400016784668,38.25,38.2400016784668,38.25,5484,0.0,0.0,0.0
2023-08-24 13:30:00-04:00,38.23740005493164,38.23740005493164,38.23740005493164,38.23740005493164,1000,0.0,0.0,0.0
2023-08-24 14:30:00-04:00,38.23569869995117,38.23569869995117,38.23569869995117,38.23569869995117,294,0.0,0.0,0.0
2023-08-24 15:30:00-04:00,38.220001220703125,38.220001220703125,38.220001220703125,38.220001220703125,438,0.0,0.0,0.0
2023-08-25 09:30:00-04:00,38.2400016784668,38.2400016784668,38.220001220703125,38.220001220703125,0,0.0,0.0,0.0
2023-08-25 10:30:00-04:00,38.18000030517578,38.185001373291016,38.18000030517578,38.185001373291016,1369,0.0,0.0,0.0
2023-08-25 11:30:00-04:00,38.208900451660156,38.208900451660156,38.20000076293945,38.20000076293945,1817,0.0,0.0,0.0
2023-08-25 13:30:00-04:00,38.220001220703125,38.220001220703125,38.220001220703125,38.220001220703125,100,0.0,0.0,0.0
2023-08-25 14:30:00-04:00,38.220001220703125,38.220001220703125,38.21419906616211,38.21419906616211,1213,0.0,0.0,0.0
2023-08-28 09:30:00-04:00,38.220001220703125,38.22880172729492,38.220001220703125,38.22129821777344,0,0.0,0.0,0.0
2023-08-28 10:30:00-04:00,38.220001220703125,38.224998474121094,38.220001220703125,38.224998474121094,3985,0.0,0.0,0.0
2023-08-28 11:30:00-04:00,38.22999954223633,38.22999954223633,38.22999954223633,38.22999954223633,2550,0.0,0.0,0.0
2023-08-28 13:30:00-04:00,38.24869918823242,38.24869918823242,38.244998931884766,38.244998931884766,965,0.0,0.0,0.0
2023-08-28 15:30:00-04:00,38.25,38.25,38.25,38.25,411,0.0,0.0,0.0
2023-08-29 09:30:00-04:00,38.310001373291016,38.310001373291016,38.310001373291016,38.310001373291016,1000,0.0,0.0,0.0
2023-08-29 10:30:00-04:00,38.310001373291016,38.310001373291016,38.29999923706055,38.30500030517578,6744,0.0,0.0,0.0
2023-08-29 11:30:00-04:00,38.310001373291016,38.319400787353516,38.13999938964844,38.279998779296875,57560,0.0,0.0,0.0
2023-08-29 12:30:00-04:00,38.27000045776367,38.275001525878906,38.2599983215332,38.275001525878906,10200,0.0,0.0,0.0
2023-08-29 13:30:00-04:00,38.23149871826172,38.2599983215332,38.23149871826172,38.2599983215332,0,0.0,0.0,0.0
2023-08-29 14:30:00-04:00,38.27000045776367,38.275001525878906,38.27000045776367,38.275001525878906,111529,0.0,0.0,0.0
2023-08-30 09:30:00-04:00,38.22999954223633,38.22999954223633,38.22999954223633,38.22999954223633,312,0.0,0.0,0.0
2023-08-30 10:30:00-04:00,38.2400016784668,38.2400016784668,38.2400016784668,38.2400016784668,2715,0.0,0.0,0.0
2023-08-30 11:30:00-04:00,38.229698181152344,38.229698181152344,38.229698181152344,38.229698181152344,1140,0.0,0.0,0.0
2023-08-30 12:30:00-04:00,38.220001220703125,38.220001220703125,38.21500015258789,38.21500015258789,351,0.0,0.0,0.0
2023-08-30 15:30:00-04:00,38.20500183105469,38.20500183105469,38.19499969482422,38.19499969482422,850,0.0,0.0,0.0
2023-08-31 09:30:00-04:00,38.220001220703125,38.220001220703125,38.220001220703125,38.220001220703125,130,0.0,0.0,0.0
2023-08-31 11:30:00-04:00,38.22999954223633,38.22999954223633,38.22999954223633,38.22999954223633,5808,0.0,0.0,0.0
2023-08-31 12:30:00-04:00,38.239498138427734,38.239498138427734,38.239498138427734,38.239498138427734,177,0.0,0.0,0.0
2023-08-31 14:30:00-04:00,38.23630142211914,38.239898681640625,38.22999954223633,38.22999954223633,2182,0.0,0.0,0.0
2023-08-31 15:30:00-04:00,38.239200592041016,38.239200592041016,38.235198974609375,38.235198974609375,210,0.0,0.0,0.0
2023-09-01 09:30:00-04:00,38.27000045776367,38.27000045776367,38.23910140991211,38.23910140991211,0,0.0,0.0,0.0
2023-09-01 11:30:00-04:00,38.22999954223633,38.22999954223633,38.21329879760742,38.21329879760742,839,0.0,0.0,0.0
2023-09-01 12:30:00-04:00,38.224998474121094,38.224998474121094,38.224998474121094,38.224998474121094,100,0.0,0.0,0.0
2023-09-01 13:30:00-04:00,38.22050094604492,38.22050094604492,38.22050094604492,38.22050094604492,2485,0.0,0.0,0.0
2023-09-01 14:30:00-04:00,38.220001220703125,38.23500061035156,38.220001220703125,38.23500061035156,3885,0.0,0.0,0.0
2023-09-05 09:30:00-04:00,38.18000030517578,38.18000030517578,38.18000030517578,38.18000030517578,0,0.0,0.0,0.0
2023-09-05 10:30:00-04:00,38.189998626708984,38.19499969482422,38.18000030517578,38.18000030517578,850,0.0,0.0,0.0
2023-09-05 11:30:00-04:00,38.18000030517578,38.18830108642578,38.18000030517578,38.18000030517578,1145,0.0,0.0,0.0
2023-09-05 12:30:00-04:00,38.18000030517578,38.185001373291016,38.16999816894531,38.16999816894531,1637,0.0,0.0,0.0
2023-09-05 13:30:00-04:00,38.16999816894531,38.17110061645508,38.15999984741211,38.165000915527344,2613,0.0,0.0,0.0
2023-09-05 14:30:00-04:00,38.165000915527344,38.16999816894531,38.15999984741211,38.15999984741211,3600,0.0,0.0,0.0
2023-09-05 15:30:00-04:00,38.15999984741211,38.16999816894531,38.150001525878906,38.15999984741211,6892,0.0,0.0,0.0
2023-09-06 09:30:00-04:00,38.17070007324219,38.17070007324219,38.17070007324219,38.17070007324219,595,0.0,0.0,0.0
2023-09-06 11:30:00-04:00,38.12820053100586,38.12820053100586,38.12820053100586,38.12820053100586,335,0.0,0.0,0.0
2023-09-06 13:30:00-04:00,38.12879943847656,38.12879943847656,38.110198974609375,38.110198974609375,1549,0.0,0.0,0.0
2023-09-06 14:30:00-04:00,38.119998931884766,38.119998931884766,38.119998931884766,38.119998931884766,377,0.0,0.0,0.0
2023-09-06 15:30:00-04:00,38.119998931884766,38.119998931884766,38.119998931884766,38.119998931884766,385,0.0,0.0,0.0
2023-09-07 09:30:00-04:00,38.14400100708008,38.154998779296875,38.14400100708008,38.150001525878906,0,0.0,0.0,0.0
2023-09-07 10:30:00-04:00,38.15950012207031,38.15950012207031,38.15950012207031,38.15950012207031,501,0.0,0.0,0.0
2023-09-07 13:30:00-04:00,38.154998779296875,38.15999984741211,38.154998779296875,38.154998779296875,5985,0.0,0.0,0.0
2023-09-07 14:30:00-04:00,38.154998779296875,38.15999984741211,38.154998779296875,38.154998779296875,7592,0.0,0.0,0.0
2023-09-07 15:30:00-04:00,38.154998779296875,38.15999984741211,38.150001525878906,38.150001525878906,12219,0.0,0.0,0.0
2023-09-08 09:30:00-04:00,38.22999954223633,38.22999954223633,38.21989822387695,38.21989822387695,0,0.0,0.0,0.0
2023-09-08 10:30:00-04:00,38.21500015258789,38.21500015258789,38.21500015258789,38.21500015258789,878,0.0,0.0,0.0
2023-09-08 12:30:00-04:00,38.21500015258789,38.21500015258789,38.209999084472656,38.213600158691406,633,0.0,0.0,0.0
2023-09-08 14:30:00-04:00,38.20000076293945,38.20000076293945,38.20000076293945,38.20000076293945,1802,0.0,0.0,0.0
2023-09-08 15:30:00-04:00,38.20000076293945,38.20000076293945,38.194698333740234,38.194698333740234,296,0.0,0.0,0.0
2023-09-11 09:30:00-04:00,38.20000076293945,38.20000076293945,38.20000076293945,38.20000076293945,0,0.0,0.0,0.0
2023-09-11 13:30:00-04:00,38.20000076293945,38.209999084472656,38.19499969482422,38.209999084472656,9890,0.0,0.0,0.0
2023-09-11 14:30:00-04:00,38.209999084472656,38.209999084472656,38.209999084472656,38.209999084472656,247,0.0,0.0,0.0
2023-09-11 15:30:00-04:00,38.209999084472656,38.209999084472656,38.20000076293945,38.209999084472656,1108,0.0,0.0,0.0
2023-09-12 11:30:00-04:00,38.1864013671875,38.1864013671875,38.1864013671875,38.1864013671875,354,0.0,0.0,0.0
2023-09-12 12:30:00-04:00,38.18899917602539,38.18899917602539,38.18899917602539,38.18899917602539,1306,0.0,0.0,0.0
2023-09-12 14:30:00-04:00,38.18090057373047,38.185001373291016,38.18090057373047,38.185001373291016,0,0.0,0.0,0.0
2023-09-13 09:30:00-04:00,38.20600128173828,38.209999084472656,38.19499969482422,38.19499969482422,3424,0.0,0.0,0.0
2023-09-13 10:30:00-04:00,38.19499969482422,38.19499969482422,38.19499969482422,38.19499969482422,738,0.0,0.0,0.0
2023-09-13 11:30:00-04:00,38.19499969482422,38.19499969482422,38.19499969482422,38.19499969482422,100,0.0,0.0,0.0
2023-09-13 12:30:00-04:00,38.20000076293945,38.220001220703125,38.20000076293945,38.21910095214844,2207,0.0,0.0,0.0
2023-09-13 15:30:00-04:00,38.210601806640625,38.220001220703125,38.210601806640625,38.220001220703125,0,0.0,0.0,0.0
2023-09-14 09:30:00-04:00,38.25,38.25,38.22999954223633,38.22999954223633,2046,0.0,0.0,0.0
2023-09-14 10:30:00-04:00,38.22129821777344,38.224998474121094,38.209999084472656,38.22359848022461,8915,0.0,0.0,0.0
2023-09-14 11:30:00-04:00,38.22999954223633,38.22999954223633,38.22999954223633,38.22999954223633,3341,0.0,0.0,0.0
2023-09-14 12:30:00-04:00,38.22999954223633,38.22999954223633,38.22999954223633,38.22999954223633,286,0.0,0.0,0.0
2023-09-14 13:30:00-04:00,38.22999954223633,38.22999954223633,38.22999954223633,38.22999954223633,1067,0.0,0.0,0.0
2023-09-14 14:30:00-04:00,38.23500061035156,38.23500061035156,38.23500061035156,38.23500061035156,144,0.0,0.0,0.0
2023-09-14 15:30:00-04:00,38.220001220703125,38.224700927734375,38.21500015258789,38.21500015258789,0,0.0,0.0,0.0
2023-09-15 12:30:00-04:00,38.20000076293945,38.209999084472656,38.20000076293945,38.209999084472656,4924,0.0,0.0,0.0
2023-09-15 13:30:00-04:00,38.209999084472656,38.209999084472656,38.209999084472656,38.209999084472656,4724,0.0,0.0,0.0
2023-09-15 14:30:00-04:00,38.209999084472656,38.209999084472656,38.209999084472656,38.209999084472656,300,0.0,0.0,0.0
2023-09-15 15:30:00-04:00,38.209999084472656,38.209999084472656,38.2052001953125,38.2052001953125,100,0.0,0.0,0.0
2023-09-18 09:30:00-04:00,38.220001220703125,38.220001220703125,38.220001220703125,38.220001220703125,0,0.0,0.0,0.0
2023-09-18 10:30:00-04:00,38.21110153198242,38.21110153198242,38.21110153198242,38.21110153198242,1115,0.0,0.0,0.0
2023-09-18 15:30:00-04:00,38.22999954223633,38.22999954223633,38.22999954223633,38.22999954223633,11362,0.0,0.0,0.0
2023-09-19 12:30:00-04:00,38.20000076293945,38.209999084472656,38.20000076293945,38.209999084472656,3940,0.0,0.0,0.0
2023-09-19 13:30:00-04:00,38.21780014038086,38.21780014038086,38.21780014038086,38.21780014038086,1290,0.0,0.0,0.0
2023-09-19 14:30:00-04:00,38.209999084472656,38.21500015258789,38.209999084472656,38.209999084472656,1501,0.0,0.0,0.0
2023-09-19 15:30:00-04:00,38.209999084472656,38.220001220703125,38.20000076293945,38.209999084472656,12587,0.0,0.0,0.0
2023-09-20 09:30:00-04:00,38.2400016784668,38.25,38.232200622558594,38.25,0,0.0,0.0,0.0
2023-09-20 10:30:00-04:00,38.245601654052734,38.245601654052734,38.245601654052734,38.245601654052734,1355,0.0,0.0,0.0
2023-09-20 13:30:00-04:00,38.25,38.25,38.25,38.25,250,0.0,0.0,0.0
2023-09-20 15:30:00-04:00,38.189998626708984,38.189998626708984,38.17070007324219,38.17070007324219,0,0.0,0.0,0.0
2023-09-21 09:30:00-04:00,38.172000885009766,38.172000885009766,38.172000885009766,38.172000885009766,158,0.0,0.0,0.0
2023-09-21 10:30:00-04:00,38.16999816894531,38.16999816894531,38.16999816894531,38.16999816894531,658,0.0,0.0,0.0
2023-09-21 11:30:00-04:00,38.150001525878906,38.150001525878906,38.150001525878906,38.150001525878906,500,0.0,0.0,0.0
2023-09-21 13:30:00-04:00,38.18000030517578,38.18000030517578,38.165000915527344,38.16999816894531,14628,0.0,0.0,0.0
2023-09-21 14:30:00-04:00,38.16109848022461,38.16109848022461,38.16109848022461,38.16109848022461,1954,0.0,0.0,0.0
2023-09-22 10:30:00-04:00,38.22600173950195,38.22600173950195,38.20949935913086,38.220001220703125,2309,0.0,0.0,0.0
2023-09-22 11:30:00-04:00,38.220001220703125,38.22999954223633,38.209999084472656,38.220001220703125,1262,0.0,0.0,0.0
2023-09-22 12:30:00-04:00,38.220001220703125,38.220001220703125,38.220001220703125,38.220001220703125,1057,0.0,0.0,0.0
2023-09-22 13:30:00-04:00,38.220001220703125,38.220001220703125,38.209999084472656,38.209999084472656,1022,0.0,0.0,0.0
2023-09-22 14:30:00-04:00,38.20500183105469,38.209999084472656,38.20000076293945,38.20000076293945,18511,0.0,0.0,0.0
2023-09-22 15:30:00-04:00,38.220001220703125,38.220001220703125,38.209999084472656,38.209999084472656,3205,0.0,0.0,0.0
2023-09-25 10:30:00-04:00,38.220001220703125,38.22999954223633,38.220001220703125,38.224998474121094,0,0.0,0.0,0.0
2023-09-25 11:30:00-04:00,38.229801177978516,38.229801177978516,38.224998474121094,38.224998474121094,1458,0.0,0.0,0.0
2023-09-25 12:30:00-04:00,38.22209930419922,38.22880172729492,38.22209930419922,38.22880172729492,2755,0.0,0.0,0.0
2023-09-25 13:30:00-04:00,38.224998474121094,38.224998474121094,38.20750045776367,38.20750045776367,678,0.0,0.0,0.0
2023-09-25 14:30:00-04:00,38.20249938964844,38.20249938964844,38.20100021362305,38.20100021362305,811,0.0,0.0,0.0
2023-09-25 15:30:00-04:00,38.22999954223633,38.22999954223633,38.209999084472656,38.209999084472656,15682,0.0,0.0,0.0
2023-09-26 09:30:00-04:00,38.20000076293945,38.20000076293945,38.20000076293945,38.20000076293945,0,0.0,0.0,0.0
2023-09-26 11:30:00-04:00,38.18000030517578,38.18000030517578,38.18000030517578,38.18000030517578,3548,0.0,0.0,0.0
2023-09-26 12:30:00-04:00,38.17879867553711,38.17879867553711,38.17879867553711,38.17879867553711,360,0.0,0.0,0.0
2023-09-26 13:30:00-04:00,38.179500579833984,38.179500579833984,38.15999984741211,38.15999984741211,337,0.0,0.0,0.0
2023-09-26 14:30:00-04:00,38.15010070800781,38.16999816894531,38.15010070800781,38.16999816894531,920,0.0,0.0,0.0
2023-09-27 09:30:00-04:00,38.183998107910156,38.18899917602539,38.183998107910156,38.18899917602539,682,0.0,0.0,0.0
2023-09-27 10:30:00-04:00,38.18000030517578,38.18000030517578,38.18000030517578,38.18000030517578,4450,0.0,0.0,0.0
2023-09-27 11:30:00-04:00,38.17499923706055,38.179901123046875,38.17499923706055,38.17499923706055,4646,0.0,0.0,0.0
2023-09-27 12:30:00-04:00,38.17499923706055,38.1786994934082,38.174598693847656,38.17499923706055,2246,0.0,0.0,0.0
2023-09-27 13:30:00-04:00,38.17499923706055,38.17499923706055,38.125,38.125,1892,0.0,0.0,0.0
2023-09-27 14:30:00-04:00,38.13999938964844,38.18000030517578,38.130001068115234,38.18000030517578,16079,0.0,0.0,0.0
2023-09-27 15:30:00-04:00,38.165000915527344,38.165000915527344,38.1349983215332,38.13999938964844,2719,0.0,0.0,0.0
2023-09-28 09:30:00-04:00,38.02000045776367,38.02000045776367,38.02000045776367,38.02000045776367,0,0.0,0.0,0.0
2023-09-28 10:30:00-04:00,38.029998779296875,38.029998779296875,38.025001525878906,38.029998779296875,4413,0.0,0.0,0.0
2023-09-28 13:30:00-04:00,38.05379867553711,38.05379867553711,38.05379867553711,38.05379867553711,100,0.0,0.0,0.0
2023-09-28 14:30:00-04:00,38.06999969482422,38.06999969482422,38.06439971923828,38.06999969482422,1088,0.0,0.0,0.0
2023-09-28 15:30:00-04:00,38.08000183105469,38.099998474121094,38.07500076293945,38.08000183105469,35317,0.0,0.0,0.0
2023-09-29 09:30:00-04:00,38.127899169921875,38.12990188598633,38.11790084838867,38.11790084838867,0,0.0,0.0,0.0
2023-09-29 10:30:00-04:00,38.10969924926758,38.1150016784668,38.099998474121094,38.1150016784668,11397,0.0,0.0,0.0
2023-09-29 11:30:00-04:00,38.09400177001953,38.09400177001953,38.09400177001953,38.09400177001953,290,0.0,0.0,0.0
2023-09-29 12:30:00-04:00,38.095001220703125,38.09989929199219,38.095001220703125,38.09989929199219,489,0.0,0.0,0.0
2023-09-29 13:30:00-04:00,38.06999969482422,38.07500076293945,38.06999969482422,38.07500076293945,416,0.0,0.0,0.0
2023-09-29 14:30:00-04:00,38.099998474121094,38.099998474121094,38.099998474121094,38.099998474121094,14911,0.0,0.0,0.0
2023-09-29 15:30:00-04:00,38.084999084472656,38.084999084472656,38.07170104980469,38.07500076293945,1246,0.0,0.0,0.0
2023-10-02 09:30:00-04:00,38.02899932861328,38.040000915527344,38.025001525878906,38.029998779296875,0,0.0,0.0,0.0
2023-10-02 10:30:00-04:00,38.029998779296875,38.029998779296875,38.02000045776367,38.02000045776367,2844,0.0,0.0,0.0
2023-10-02 11:30:00-04:00,38.02000045776367,38.02109909057617,38.01499938964844,38.01499938964844,9428,0.0,0.0,0.0
2023-10-02 12:30:00-04:00,38.01499938964844,38.02000045776367,38.01499938964844,38.02000045776367,463,0.0,0.0,0.0
2023-10-02 13:30:00-04:00,38.05780029296875,38.05780029296875,38.020198822021484,38.020198822021484,1445,0.0,0.0,0.0
2023-10-02 14:30:00-04:00,38.025001525878906,38.025001525878906,38.025001525878906,38.025001525878906,359,0.0,0.0,0.0
2023-10-02 15:30:00-04:00,38.02000045776367,38.02000045776367,38.0099983215332,38.0099983215332,0,0.0,0.0,0.0
2023-10-03 09:30:00-04:00,38.0099983215332,38.0099983215332,37.97999954223633,37.97999954223633,850,0.0,0.0,0.0
2023-10-03 10:30:00-04:00,37.9900016784668,38.0,37.9900016784668,38.0,623,0.0,0.0,0.0
2023-10-03 12:30:00-04:00,37.9900016784668,37.99300003051758,37.9900016784668,37.99300003051758,92145,0.0,0.0,0.0
2023-10-03 13:30:00-04:00,37.9900016784668,37.9900016784668,37.95000076293945,37.963600158691406,3951,0.0,0.0,0.0
2023-10-03 14:30:00-04:00,37.96870040893555,37.970001220703125,37.96870040893555,37.970001220703125,18245,0.0,0.0,0.0
2023-10-03 15:30:00-04:00,37.959999084472656,37.970001220703125,37.959999084472656,37.970001220703125,545,0.0,0.0,0.0
2023-10-04 09:30:00-04:00,38.0099983215332,38.0099983215332,37.97999954223633,37.97999954223633,0,0.0,0.0,0.0
2023-10-04 11:30:00-04:00,38.01900100708008,38.01900100708008,38.016998291015625,38.016998291015625,364,0.0,0.0,0.0
2023-10-04 12:30:00-04:00,38.02000045776367,38.029998779296875,38.02000045776367,38.029998779296875,446,0.0,0.0,0.0
2023-10-04 13:30:00-04:00,38.029998779296875,38.029998779296875,38.02000045776367,38.02000045776367,2854,0.0,0.0,0.0
2023-10-04 14:30:00-04:00,38.040000915527344,38.04069900512695,38.040000915527344,38.04069900512695,11385,0.0,0.0,0.0
2023-10-05 09:30:00-04:00,38.06999969482422,38.06999969482422,38.069400787353516,38.069400787353516,0,0.0,0.0,0.0
2023-10-05 11:30:00-04:00,38.06999969482422,38.07699966430664,38.064998626708984,38.064998626708984,858,0.0,0.0,0.0
2023-10-05 12:30:00-04:00,38.064998626708984,38.064998626708984,38.064998626708984,38.064998626708984,612,0.0,0.0,0.0
2023-10-05 13:30:00-04:00,38.06999969482422,38.06999969482422,38.060001373291016,38.068599700927734,810,0.0,0.0,0.0
2023-10-05 14:30:00-04:00,38.06999969482422,38.06999969482422,38.064998626708984,38.064998626708984,12131,0.0,0.0,0.0
2023-10-05 15:30:00-04:00,38.064998626708984,38.064998626708984,38.064998626708984,38.064998626708984,0,0.0,0.0,0.0
2023-10-06 09:30:00-04:00,38.040000915527344,38.040000915527344,38.00130081176758,38.00130081176758,1117,0.0,0.0,0.0
2023-10-06 10:30:00-04:00,38.02000045776367,38.02000045776367,38.02000045776367,38.02000045776367,132,0.0,0.0,0.0
2023-10-06 13:30:00-04:00,38.039100646972656,38.040000915527344,38.039100646972656,38.040000915527344,308,0.0,0.0,0.0
2023-10-06 14:30:00-04:00,38.060001373291016,38.060001373291016,38.060001373291016,38.060001373291016,16202,0.0,0.0,0.0
2023-10-06 15:30:00-04:00,38.06999969482422,38.08000183105469,38.05500030517578,38.05500030517578,862,0.0,0.0,0.0
2023-10-09 10:30:00-04:00,38.150001525878906,38.150001525878906,38.130001068115234,38.13999938964844,242,0.0,0.0,0.0
2023-10-09 11:30:00-04:00,38.14500045776367,38.150001525878906,38.14500045776367,38.149898529052734,1846,0.0,0.0,0.0
2023-10-09 12:30:00-04:00,38.14500045776367,38.150001525878906,38.14500045776367,38.150001525878906,12820,0.0,0.0,0.0
2023-10-09 13:30:00-04:00,38.150001525878906,38.165000915527344,38.150001525878906,38.165000915527344,2006,0.0,0.0,0.0
2023-10-09 14:30:00-04:00,38.165000915527344,38.20000076293945,38.165000915527344,38.19499969482422,445,0.0,0.0,0.0
2023-10-09 15:30:00-04:00,38.19499969482422,38.279998779296875,38.19499969482422,38.279998779296875,849,0.0,0.0,0.0
2023-10-10 09:30:00-04:00,38.18000030517578,38.18000030517578,38.15999984741211,38.15999984741211,609,0.0,0.0,0.0
2023-10-10 10:30:00-04:00,38.15999984741211,38.16999816894531,38.15999984741211,38.16999816894531,4287,0.0,0.0,0.0
2023-10-10 11:30:00-04:00,38.16999816894531,38.185001373291016,38.15999984741211,38.16999816894531,4850,0.0,0.0,0.0
2023-10-10 12:30:00-04:00,38.16999816894531,38.18000030517578,38.15999984741211,38.15999984741211,1500,0.0,0.0,0.0
2023-10-10 13:30:00-04:00,38.18000030517578,38.189998626708984,38.16999816894531,38.189998626708984,1620,0.0,0.0,0.0
2023-10-10 14:30:00-04:00,38.16999816894531,38.189998626708984,38.16999816894531,38.16999816894531,300,0.0,0.0,0.0
2023-10-10 15:30:00-04:00,38.15999984741211,38.220001220703125,38.15999984741211,38.189998626708984,1548,0.0,0.0,0.0
2023-10-11 09:30:00-04:00,38.18000030517578,38.18000030517578,38.150001525878906,38.150001525878906,0,0.0,0.0,0.0
2023-10-11 10:30:00-04:00,38.14500045776367,38.14500045776367,38.099998474121094,38.13999938964844,40136,0.0,0.0,0.0
2023-10-11 11:30:00-04:00,38.13999938964844,38.13999938964844,38.13100051879883,38.13999938964844,7333,0.0,0.0,0.0
2023-10-11 12:30:00-04:00,38.13999938964844,38.15999984741211,38.13999938964844,38.150001525878906,1154,0.0,0.0,0.0
2023-10-11 13:30:00-04:00,38.165000915527344,38.16999816894531,38.14500045776367,38.14870071411133,10364,0.0,0.0,0.0
2023-10-11 14:30:00-04:00,38.15909957885742,38.15909957885742,38.150001525878906,38.154998779296875,2229,0.0,0.0,0.0
2023-10-11 15:30:00-04:00,38.154998779296875,38.15999984741211,38.150001525878906,38.15999984741211,2686,0.0,0.0,0.0
2023-10-12 10:30:00-04:00,38.13999938964844,38.13999938964844,38.130001068115234,38.13999938964844,18618,0.0,0.0,0.0
2023-10-12 11:30:00-04:00,38.130001068115234,38.15999984741211,38.113800048828125,38.113800048828125,1750,0.0,0.0,0.0
2023-10-12 12:30:00-04:00,38.13999938964844,38.13999938964844,38.130001068115234,38.130001068115234,1196,0.0,0.0,0.0
2023-10-12 13:30:00-04:00,38.150001525878906,38.150001525878906,38.11000061035156,38.130001068115234,697,0.0,0.0,0.0
2023-10-12 14:30:00-04:00,38.10380172729492,38.130001068115234,38.10380172729492,38.119998931884766,239,0.0,0.0,0.0
2023-10-13 09:30:00-04:00,38.15999984741211,38.15999984741211,38.13999938964844,38.13999938964844,0,0.0,0.0,0.0
2023-10-13 11:30:00-04:00,38.12080001831055,38.12080001831055,38.12080001831055,38.12080001831055,290,0.0,0.0,0.0
2023-10-13 12:30:00-04:00,38.130001068115234,38.130001068115234,38.130001068115234,38.130001068115234,5961,0.0,0.0,0.0
2023-10-13 13:30:00-04:00,38.119998931884766,38.119998931884766,38.110801696777344,38.110801696777344,1394,0.0,0.0,0.0
2023-10-13 14:30:00-04:00,38.119998931884766,38.119998931884766,38.119998931884766,38.119998931884766,1900,0.0,0.0,0.0
2023-10-13 15:30:00-04:00,38.11000061035156,38.119998931884766,38.11000061035156,38.1150016784668,1457,0.0,0.0,0.0
2023-10-16 09:30:00-04:00,38.14759826660156,38.14759826660156,38.14759826660156,38.14759826660156,0,0.0,0.0,0.0
2023-10-16 10:30:00-04:00,38.125,38.13999938964844,38.125,38.13999938964844,356,0.0,0.0,0.0
2023-10-16 11:30:00-04:00,38.13359832763672,38.198699951171875,38.12879943847656,38.150001525878906,23905,0.0,0.0,0.0
2023-10-16 12:30:00-04:00,38.150001525878906,38.150001525878906,38.130001068115234,38.130001068115234,400,0.0,0.0,0.0
2023-10-16 13:30:00-04:00,38.125,38.130001068115234,38.125,38.130001068115234,400,0.0,0.0,0.0
2023-10-16 14:30:00-04:00,38.130001068115234,38.130001068115234,38.125,38.125,434,0.0,0.0,0.0
2023-10-16 15:30:00-04:00,38.125,38.130001068115234,38.125,38.125,799,0.0,0.0,0.0
2023-10-17 09:30:00-04:00,38.040000915527344,38.060001373291016,38.03900146484375,38.05500030517578,0,0.0,0.0,0.0
2023-10-17 10:30:00-04:00,38.05500030517578,38.060001373291016,38.05500030517578,38.05500030517578,500,0.0,0.0,0.0
2023-10-17 11:30:00-04:00,38.060001373291016,38.060001373291016,38.05500030517578,38.05500030517578,300,0.0,0.0,0.0
2023-10-17 12:30:00-04:00,38.060001373291016,38.060001373291016,38.05220031738281,38.05500030517578,1366,0.0,0.0,0.0
2023-10-17 13:30:00-04:00,38.04999923706055,38.05500030517578,38.04999923706055,38.05500030517578,488,0.0,0.0,0.0
2023-10-17 14:30:00-04:00,38.05500030517578,38.05500030517578,38.05500030517578,38.05500030517578,510,0.0,0.0,0.0
2023-10-17 15:30:00-04:00,38.05500030517578,38.05500030517578,38.05500030517578,38.05500030517578,0,0.0,0.0,0.0
2023-10-18 09:30:00-04:00,38.029998779296875,38.040000915527344,38.0,38.040000915527344,16527,0.0,0.0,0.0
2023-10-18 10:30:00-04:00,38.040000915527344,38.040000915527344,38.03499984741211,38.03499984741211,560,0.0,0.0,0.0
2023-10-18 11:30:00-04:00,38.0,38.0099983215332,37.994998931884766,37.994998931884766,630,0.0,0.0,0.0
2023-10-18 12:30:00-04:00,38.0099983215332,38.040000915527344,38.0099983215332,38.040000915527344,292,0.0,0.0,0.0
2023-10-18 13:30:00-04:00,38.02000045776367,38.02000045776367,38.01499938964844,38.01499938964844,1218,0.0,0.0,0.0
2023-10-18 14:30:00-04:00,38.0,38.0099983215332,37.952301025390625,38.0099983215332,820,0.0,0.0,0.0
2023-10-18 15:30:00-04:00,37.9900016784668,38.0099983215332,37.9900016784668,38.0099983215332,20772,0.0,0.0,0.0
2023-10-19 10:30:00-04:00,38.0,38.0,37.99039840698242,37.99039840698242,335,0.0,0.0,0.0
2023-10-19 11:30:00-04:00,38.0,38.0,37.98040008544922,37.9900016784668,17847,0.0,0.0,0.0
2023-10-19 12:30:00-04:00,38.029998779296875,38.040000915527344,38.0,38.029998779296875,8511,0.0,0.0,0.0
2023-10-19 13:30:00-04:00,38.02799987792969,38.040000915527344,38.02000045776367,38.02000045776367,4177,0.0,0.0,0.0
2023-10-19 14:30:00-04:00,38.029998779296875,38.029998779296875,38.0099983215332,38.029998779296875,2142,0.0,0.0,0.0
2023-10-19 15:30:00-04:00,38.029998779296875,38.04999923706055,38.0099983215332,38.029998779296875,1633,0.0,0.0,0.0
2023-10-20 09:30:00-04:00,38.060001373291016,38.060001373291016,38.040000915527344,38.040000915527344,0,0.0,0.0,0.0
2023-10-20 10:30:00-04:00,38.040000915527344,38.04999923706055,38.040000915527344,38.04999923706055,2105,0.0,0.0,0.0
2023-10-20 11:30:00-04:00,38.04999923706055,38.04999923706055,38.040000915527344,38.040000915527344,507,0.0,0.0,0.0
2023-10-20 12:30:00-04:00,38.04999923706055,38.060001373291016,38.040000915527344,38.060001373291016,2300,0.0,0.0,0.0
2023-10-20 13:30:00-04:00,38.060001373291016,38.060001373291016,38.060001373291016,38.060001373291016,100,0.0,0.0,0.0
2023-10-20 14:30:00-04:00,38.040000915527344,38.060001373291016,38.040000915527344,38.060001373291016,5125,0.0,0.0,0.0
2023-10-20 15:30:00-04:00,38.060001373291016,38.060001373291016,38.040000915527344,38.04999923706055,2700,0.0,0.0,0.0
2023-10-23 09:30:00-04:00,38.040000915527344,38.060001373291016,38.040000915527344,38.060001373291016,0,0.0,0.0,0.0
2023-10-23 10:30:00-04:00,38.08000183105469,38.08000183105469,38.06999969482422,38.06999969482422,4200,0.0,0.0,0.0
2023-10-23 11:30:00-04:00,38.060001373291016,38.060001373291016,38.060001373291016,38.060001373291016,421,0.0,0.0,0.0
2023-10-23 12:30:00-04:00,38.05120086669922,38.060001373291016,38.05120086669922,38.05120086669922,8692,0.0,0.0,0.0
2023-10-23 13:30:00-04:00,38.060001373291016,38.060001373291016,38.060001373291016,38.060001373291016,400,0.0,0.0,0.0
2023-10-23 14:30:00-04:00,38.060001373291016,38.09000015258789,38.060001373291016,38.09000015258789,731,0.0,0.0,0.0
2023-10-23 15:30:00-04:00,38.08000183105469,38.09000015258789,38.08000183105469,38.084999084472656,2800,0.0,0.0,0.0
2023-10-24 09:30:00-04:00,38.119998931884766,38.119998931884766,38.119998931884766,38.119998931884766,32206,0.0,0.0,0.0
2023-10-24 10:30:00-04:00,38.09600067138672,38.09600067138672,38.09600067138672,38.09600067138672,546,0.0,0.0,0.0
2023-10-24 13:30:00-04:00,38.09000015258789,38.099998474121094,38.09000015258789,38.099998474121094,19169,0.0,0.0,0.0
2023-10-24 14:30:00-04:00,38.099998474121094,38.099998474121094,38.08000183105469,38.099998474121094,75800,0.0,0.0,0.0
2023-10-24 15:30:00-04:00,38.099998474121094,38.11000061035156,38.099998474121094,38.11000061035156,8742,0.0,0.0,0.0
2023-10-25 09:30:00-04:00,38.08000183105469,38.08000183105469,38.08000183105469,38.08000183105469,0,0.0,0.0,0.0
2023-10-25 10:30:00-04:00,38.09000015258789,38.119998931884766,38.09000015258789,38.119998931884766,30155,0.0,0.0,0.0
2023-10-25 11:30:00-04:00,38.119998931884766,38.119998931884766,38.102500915527344,38.119998931884766,2199,0.0,0.0,0.0
2023-10-25 12:30:00-04:00,38.119998931884766,38.119998931884766,38.10499954223633,38.10499954223633,621,0.0,0.0,0.0
2023-10-25 13:30:00-04:00,38.10499954223633,38.11000061035156,38.097999572753906,38.097999572753906,6026,0.0,0.0,0.0
2023-10-25 14:30:00-04:00,38.099998474121094,38.099998474121094,38.095001220703125,38.095001220703125,2272,0.0,0.0,0.0
2023-10-25 15:30:00-04:00,38.08000183105469,38.08000183105469,38.08000183105469,38.08000183105469,940,0.0,0.0,0.0
2023-10-26 09:30:00-04:00,38.09000015258789,38.11000061035156,38.08000183105469,38.09000015258789,8792,0.0,0.0,0.0
2023-10-26 10:30:00-04:00,38.095001220703125,38.11000061035156,38.08000183105469,38.09000015258789,3487,0.0,0.0,0.0
2023-10-26 11:30:00-04:00,38.09000015258789,38.099998474121094,38.084999084472656,38.09000015258789,1991,0.0,0.0,0.0
2023-10-26 12:30:00-04:00,38.09000015258789,38.119998931884766,38.08000183105469,38.084999084472656,1234,0.0,0.0,0.0
2023-10-26 13:30:00-04:00,38.09000015258789,38.099998474121094,38.084999084472656,38.09000015258789,7492,0.0,0.0,0.0
2023-10-26 14:30:00-04:00,38.09000015258789,38.1150016784668,38.08000183105469,38.09000015258789,5783,0.0,0.0,0.0
2023-10-26 15:30:00-04:00,38.095001220703125,38.11000061035156,38.09000015258789,38.099998474121094,5036,0.0,0.0,0.0
2023-10-27 09:30:00-04:00,38.025001525878906,38.025001525878906,38.025001525878906,38.025001525878906,0,0.0,0.0,0.0
2023-10-27 10:30:00-04:00,38.02000045776367,38.02000045776367,37.9900016784668,38.0099983215332,20522,0.0,0.0,0.0
2023-10-27 11:30:00-04:00,38.02859878540039,38.02859878540039,38.02859878540039,38.02859878540039,880,0.0,0.0,0.0
2023-10-27 12:30:00-04:00,38.018699645996094,38.018699645996094,38.01340103149414,38.01340103149414,1145,0.0,0.0,0.0
2023-10-27 13:30:00-04:00,38.029998779296875,38.040000915527344,38.02000045776367,38.02000045776367,31812,0.0,0.0,0.0
2023-10-27 14:30:00-04:00,38.01890182495117,38.01890182495117,38.01890182495117,38.01890182495117,230,0.0,0.0,0.0
2023-10-27 15:30:00-04:00,38.02000045776367,38.02000045776367,38.0166015625,38.0166015625,107083,0.0,0.0,0.0
2023-10-30 09:30:00-04:00,38.029998779296875,38.029998779296875,38.0,38.0099983215332,0,0.0,0.0,0.0
2023-10-30 10:30:00-04:00,38.0099983215332,38.0099983215332,38.005001068115234,38.005001068115234,1006,0.0,0.0,0.0
2023-10-30 11:30:00-04:00,38.005001068115234,38.0098991394043,38.002601623535156,38.002601623535156,1686,0.0,0.0,0.0
2023-10-30 12:30:00-04:00,38.00910186767578,38.00910186767578,38.005001068115234,38.005001068115234,2574,0.0,0.0,0.0
2023-10-30 14:30:00-04:00,38.0099983215332,38.0099983215332,37.9900016784668,37.994998931884766,10314,0.0,0.0,0.0
2023-10-30 15:30:00-04:00,38.0,38.0,37.999298095703125,38.0,0,0.0,0.0,0.0
2023-10-31 10:30:00-04:00,37.982601165771484,38.0099983215332,37.982601165771484,37.9900016784668,4059,0.0,0.0,0.0
2023-10-31 11:30:00-04:00,38.0099983215332,38.0099983215332,38.0,38.005001068115234,5985,0.0,0.0,0.0
2023-10-31 12:30:00-04:00,38.0099983215332,38.01499938964844,38.0099983215332,38.0099983215332,3476,0.0,0.0,0.0
2023-10-31 13:30:00-04:00,38.01499938964844,38.02000045776367,38.0099983215332,38.0099983215332,14063,0.0,0.0,0.0
2023-10-31 14:30:00-04:00,38.01499938964844,38.02000045776367,38.01499938964844,38.01499938964844,4491,0.0,0.0,0.0
2023-10-31 15:30:00-04:00,38.02000045776367,38.02000045776367,38.0099983215332,38.0099983215332,4233,0.0,0.0,0.0
2023-11-01 09:30:00-04:00,38.0,38.060001373291016,38.0,38.04499816894531,0,0.0,0.0,0.0
2023-11-01 10:30:00-04:00,38.04499816894531,38.04499816894531,38.040000915527344,38.04499816894531,2800,0.0,0.0,0.0
2023-11-01 11:30:00-04:00,38.03300094604492,38.03499984741211,38.03300094604492,38.03499984741211,423,0.0,0.0,0.0
2023-11-01 12:30:00-04:00,38.03499984741211,38.04499816894531,38.03499984741211,38.04499816894531,2715,0.0,0.0,0.0
2023-11-01 13:30:00-04:00,38.060001373291016,38.08000183105469,38.060001373291016,38.08000183105469,60119,0.0,0.0,0.0
2023-11-01 14:30:00-04:00,38.04999923706055,38.07500076293945,38.04999923706055,38.07500076293945,7214,0.0,0.0,0.0
2023-11-01 15:30:00-04:00,38.102500915527344,38.11989974975586,38.102500915527344,38.10499954223633,0,0.0,0.0,0.0
2023-11-02 09:30:00-04:00,38.119998931884766,38.119998931884766,38.11989974975586,38.11989974975586,292,0.0,0.0,0.0
2023-11-02 10:30:00-04:00,38.16999816894531,38.16999816894531,38.154998779296875,38.15999984741211,2885,0.0,0.0,0.0
2023-11-02 11:30:00-04:00,38.16999816894531,38.185001373291016,38.16999816894531,38.17499923706055,3190,0.0,0.0,0.0
2023-11-02 12:30:00-04:00,38.17060089111328,38.17060089111328,38.16999816894531,38.16999816894531,457,0.0,0.0,0.0
2023-11-02 13:30:00-04:00,38.18000030517578,38.18000030517578,38.165000915527344,38.165000915527344,20410,0.0,0.0,0.0
2023-11-02 14:30:00-04:00,38.18000030517578,38.18000030517578,38.15999984741211,38.16999816894531,5898,0.0,0.0,0.0
2023-11-02 15:30:00-04:00,38.15999984741211,38.165000915527344,38.15999984741211,38.15999984741211,3723,0.0,0.0,0.0
2023-11-03 09:30:00-04:00,38.30979919433594,38.31999969482422,38.2599983215332,38.2599983215332,0,0.0,0.0,0.0
2023-11-03 10:30:00-04:00,38.2599983215332,38.279998779296875,38.2599983215332,38.2599983215332,24341,0.0,0.0,0.0
2023-11-03 11:30:00-04:00,38.27000045776367,38.27000045776367,38.25,38.25,307352,0.0,0.0,0.0
2023-11-03 12:30:00-04:00,38.25,38.2599983215332,38.25,38.2599983215332,2714,0.0,0.0,0.0
2023-11-03 13:30:00-04:00,38.2599983215332,38.2599983215332,38.2400016784668,38.2400016784668,911,0.0,0.0,0.0
2023-11-03 14:30:00-04:00,38.2400016784668,38.2400016784668,38.2400016784668,38.2400016784668,804,0.0,0.0,0.0
2023-11-03 15:30:00-04:00,38.23860168457031,38.2400016784668,38.22999954223633,38.2400016784668,6669,0.0,0.0,0.0
2023-11-06 09:30:00-05:00,38.20949935913086,38.209999084472656,38.20000076293945,38.209999084472656,0,0.0,0.0,0.0
2023-11-06 10:30:00-05:00,38.20000076293945,38.209999084472656,38.19380187988281,38.209999084472656,921,0.0,0.0,0.0
2023-11-06 12:30:00-05:00,38.189998626708984,38.19810104370117,38.189998626708984,38.19810104370117,1926,0.0,0.0,0.0
2023-11-06 13:30:00-05:00,38.18000030517578,38.18000030517578,38.18000030517578,38.18000030517578,225,0.0,0.0,0.0
2023-11-06 14:30:00-05:00,38.15999984741211,38.15999984741211,38.150001525878906,38.150001525878906,714,0.0,0.0,0.0
2023-11-06 15:30:00-05:00,38.17399978637695,38.17499923706055,38.16999816894531,38.17499923706055,1735,0.0,0.0,0.0
2023-11-07 09:30:00-05:00,38.18000030517578,38.18000030517578,38.18000030517578,38.18000030517578,651,0.0,0.0,0.0
2023-11-07 10:30:00-05:00,38.209999084472656,38.209999084472656,38.20000076293945,38.20000076293945,5865,0.0,0.0,0.0
2023-11-07 11:30:00-05:00,38.22999954223633,38.22999954223633,38.21500015258789,38.21500015258789,362,0.0,0.0,0.0
2023-11-07 12:30:00-05:00,38.220001220703125,38.2400016784668,38.220001220703125,38.22999954223633,4821,0.0,0.0,0.0
2023-11-07 13:30:00-05:00,38.23500061035156,38.2400016784668,38.22999954223633,38.2400016784668,698,0.0,0.0,0.0
2023-11-07 14:30:00-05:00,38.22669982910156,38.22669982910156,38.210899353027344,38.210899353027344,665,0.0,0.0,0.0
2023-11-07 15:30:00-05:00,38.220001220703125,38.23500061035156,38.220001220703125,38.22999954223633,0,0.0,0.0,0.0
2023-11-08 09:30:00-05:00,38.2400016784668,38.2400016784668,38.224998474121094,38.22999954223633,12067,0.0,0.0,0.0
2023-11-08 10:30:00-05:00,38.2400016784668,38.25,38.220001220703125,38.244998931884766,116475,0.0,0.0,0.0
2023-11-08 11:30:00-05:00,38.25,38.25,38.2400016784668,38.2400016784668,751,0.0,0.0,0.0
2023-11-08 12:30:00-05:00,38.23500061035156,38.25,38.22999954223633,38.25,410,0.0,0.0,0.0
2023-11-08 13:30:00-05:00,38.2400016784668,38.2400016784668,38.2400016784668,38.2400016784668,1500,0.0,0.0,0.0
2023-11-08 14:30:00-05:00,38.22999954223633,38.23789978027344,38.220001220703125,38.22999954223633,1167,0.0,0.0,0.0
2023-11-08 15:30:00-05:00,38.23500061035156,38.23500061035156,38.220001220703125,38.220001220703125,0,0.0,0.0,0.0
2023-11-09 10:30:00-05:00,38.210201263427734,38.210201263427734,38.210201263427734,38.210201263427734,150,0.0,0.0,0.0
2023-11-09 12:30:00-05:00,38.215301513671875,38.22999954223633,38.189998626708984,38.220001220703125,9503,0.0,0.0,0.0
2023-11-09 13:30:00-05:00,38.220001220703125,38.220001220703125,38.220001220703125,38.220001220703125,149,0.0,0.0,0.0
2023-11-09 14:30:00-05:00,38.1609001159668,38.165000915527344,38.1609001159668,38.165000915527344,655,0.0,0.0,0.0
2023-11-09 15:30:00-05:00,38.1693000793457,38.1693000793457,38.15999984741211,38.165000915527344,1963,0.0,0.0,0.0
2023-11-10 09:30:00-05:00,38.220001220703125,38.220001220703125,38.189998626708984,38.189998626708984,878,0.0,0.0,0.0
2023-11-10 10:30:00-05:00,38.20000076293945,38.20000076293945,38.19350051879883,38.19350051879883,1324,0.0,0.0,0.0
2023-11-10 11:30:00-05:00,38.185001373291016,38.185001373291016,38.185001373291016,38.185001373291016,1316,0.0,0.0,0.0
2023-11-10 12:30:00-05:00,38.189998626708984,38.189998626708984,38.18000030517578,38.18000030517578,295,0.0,0.0,0.0
2023-11-10 15:30:00-05:00,38.18190002441406,38.18479919433594,38.18190002441406,38.18479919433594,500,0.0,0.0,0.0
2023-11-13 09:30:00-05:00,38.18130111694336,38.18790054321289,38.16019821166992,38.16999816894531,3210,0.0,0.0,0.0
2023-11-13 10:30:00-05:00,38.16999816894531,38.189998626708984,38.16999816894531,38.1864013671875,1236,0.0,0.0,0.0
2023-11-13 11:30:00-05:00,38.189998626708984,38.20000076293945,38.189998626708984,38.20000076293945,1008,0.0,0.0,0.0
2023-11-13 12:30:00-05:00,38.20000076293945,38.20000076293945,38.20000076293945,38.20000076293945,141,0.0,0.0,0.0
2023-11-13 13:30:00-05:00,38.209999084472656,38.209999084472656,38.209999084472656,38.209999084472656,859,0.0,0.0,0.0
2023-11-13 14:30:00-05:00,38.21500015258789,38.22999954223633,38.21500015258789,38.224998474121094,4395,0.0,0.0,0.0
2023-11-13 15:30:00-05:00,38.224998474121094,38.224998474121094,38.209999084472656,38.209999084472656,454,0.0,0.0,0.0
2023-11-14 09:30:00-05:00,38.38999938964844,38.41899871826172,38.38999938964844,38.415000915527344,0,0.0,0.0,0.0
2023-11-14 10:30:00-05:00,38.40999984741211,38.417301177978516,38.40999984741211,38.41569900512695,2235,0.0,0.0,0.0
2023-11-14 11:30:00-05:00,38.41299819946289,38.41889953613281,38.40999984741211,38.415000915527344,3375,0.0,0.0,0.0
2023-11-14 12:30:00-05:00,38.41999816894531,38.41999816894531,38.415000915527344,38.415000915527344,1521,0.0,0.0,0.0
2023-11-14 13:30:00-05:00,38.41999816894531,38.43000030517578,38.41999816894531,38.43000030517578,1078,0.0,0.0,0.0
2023-11-14 14:30:00-05:00,38.435001373291016,38.435001373291016,38.43000030517578,38.43000030517578,760,0.0,0.0,0.0
2023-11-14 15:30:00-05:00,38.435001373291016,38.435001373291016,38.432498931884766,38.43470001220703,890,0.0,0.0,0.0
2023-11-15 09:30:00-05:00,38.369998931884766,38.369998931884766,38.34000015258789,38.34000015258789,0,0.0,0.0,0.0
2023-11-15 10:30:00-05:00,38.345001220703125,38.345001220703125,38.345001220703125,38.345001220703125,229,0.0,0.0,0.0
2023-11-15 11:30:00-05:00,38.34000015258789,38.34000015258789,38.34000015258789,38.34000015258789,627,0.0,0.0,0.0
2023-11-15 12:30:00-05:00,38.345001220703125,38.34870147705078,38.34000015258789,38.34870147705078,1554,0.0,0.0,0.0
2023-11-15 13:30:00-05:00,38.345001220703125,38.345001220703125,38.34000015258789,38.34000015258789,473,0.0,0.0,0.0
2023-11-15 14:30:00-05:00,38.345001220703125,38.349998474121094,38.345001220703125,38.349998474121094,2519,0.0,0.0,0.0
2023-11-15 15:30:00-05:00,38.349998474121094,38.35499954223633,38.34000015258789,38.3484001159668,2653,0.0,0.0,0.0
2023-11-16 09:30:00-05:00,38.41999816894531,38.41999816894531,38.400001525878906,38.400001525878906,0,0.0,0.0,0.0
2023-11-16 10:30:00-05:00,38.41999816894531,38.41999816894531,38.40999984741211,38.41999816894531,1286,0.0,0.0,0.0
2023-11-16 11:30:00-05:00,38.40879821777344,38.40909957885742,38.38999938964844,38.400001525878906,1127,0.0,0.0,0.0
2023-11-16 12:30:00-05:00,38.4099006652832,38.41999816894531,38.400001525878906,38.417999267578125,5318,0.0,0.0,0.0
2023-11-16 13:30:00-05:00,38.40999984741211,38.40999984741211,38.40999984741211,38.40999984741211,460,0.0,0.0,0.0
2023-11-16 14:30:00-05:00,38.40999984741211,38.41999816894531,38.40999984741211,38.41999816894531,1203,0.0,0.0,0.0
2023-11-16 15:30:00-05:00,38.40999984741211,38.40999984741211,38.40999984741211,38.40999984741211,0,0.0,0.0,0.0
2023-11-17 10:30:00-05:00,38.40999984741211,38.40999984741211,38.40999984741211,38.40999984741211,278,0.0,0.0,0.0
2023-11-17 11:30:00-05:00,38.4385986328125,38.4385986328125,38.39630126953125,38.39630126953125,1671,0.0,0.0,0.0
2023-11-17 13:30:00-05:00,38.43989944458008,38.439998626708984,38.400001525878906,38.439998626708984,745,0.0,0.0,0.0
2023-11-17 14:30:00-05:00,38.43000030517578,38.436100006103516,38.41709899902344,38.43000030517578,3052,0.0,0.0,0.0
2023-11-17 15:30:00-05:00,38.41999816894531,38.41999816894531,38.400001525878906,38.400001525878906,1036,0.0,0.0,0.0
2023-11-20 12:30:00-05:00,38.41189956665039,38.470001220703125,38.41189956665039,38.470001220703125,1128,0.0,0.0,0.0
2023-11-20 13:30:00-05:00,38.44770050048828,38.45909881591797,38.439998626708984,38.44499969482422,2633,0.0,0.0,0.0
2023-11-20 14:30:00-05:00,38.44499969482422,38.46039962768555,38.44499969482422,38.46039962768555,1382,0.0,0.0,0.0
2023-11-20 15:30:00-05:00,38.45000076293945,38.459999084472656,38.44499969482422,38.45000076293945,3019,0.0,0.0,0.0
2023-11-21 09:30:00-05:00,38.4640007019043,38.48249816894531,38.459999084472656,38.470001220703125,0,0.0,0.0,0.0
2023-11-21 10:30:00-05:00,38.470001220703125,38.487300872802734,38.470001220703125,38.487300872802734,2786,0.0,0.0,0.0
2023-11-21 11:30:00-05:00,38.47999954223633,38.47999954223633,38.470001220703125,38.470001220703125,1330,0.0,0.0,0.0
2023-11-21 12:30:00-05:00,38.470001220703125,38.470001220703125,38.470001220703125,38.470001220703125,682,0.0,0.0,0.0
2023-11-21 13:30:00-05:00,38.46500015258789,38.470001220703125,38.400001525878906,38.470001220703125,7850,0.0,0.0,0.0
2023-11-21 14:30:00-05:00,38.464500427246094,38.470001220703125,38.45500183105469,38.45500183105469,2962,0.0,0.0,0.0
2023-11-21 15:30:00-05:00,38.470001220703125,38.470001220703125,38.470001220703125,38.470001220703125,1464,0.0,0.0,0.0
2023-11-22 09:30:00-05:00,38.505001068115234,38.505001068115234,38.494998931884766,38.494998931884766,2218,0.0,0.0,0.0
2023-11-22 10:30:00-05:00,38.494998931884766,38.494998931884766,38.47010040283203,38.47999954223633,3591,0.0,0.0,0.0
2023-11-22 11:30:00-05:00,38.4900016784668,38.4900016784668,38.474700927734375,38.47999954223633,448,0.0,0.0,0.0
2023-11-22 12:30:00-05:00,38.47999954223633,38.47999954223633,38.47999954223633,38.47999954223633,761,0.0,0.0,0.0
2023-11-22 14:30:00-05:00,38.4900016784668,38.504600524902344,38.4900016784668,38.494998931884766,642,0.0,0.0,0.0
2023-11-22 15:30:00-05:00,38.5,38.505001068115234,38.5,38.5,1081,0.0,0.0,0.0
2023-11-24 09:30:00-05:00,38.5098991394043,38.5098991394043,38.5098991394043,38.5098991394043,0,0.0,0.0,0.0
2023-11-24 10:30:00-05:00,38.4900016784668,38.4900016784668,38.474998474121094,38.474998474121094,403,0.0,0.0,0.0
2023-11-27 09:30:00-05:00,38.459999084472656,38.48680114746094,38.45000076293945,38.48680114746094,2574,0.0,0.0,0.0
2023-11-27 10:30:00-05:00,38.4900016784668,38.4900016784668,38.4900016784668,38.4900016784668,109,0.0,0.0,0.0
2023-11-27 11:30:00-05:00,38.4900016784668,38.50619888305664,38.4900016784668,38.5,4260,0.0,0.0,0.0
2023-11-27 12:30:00-05:00,38.5,38.52000045776367,38.5,38.52000045776367,1120,0.0,0.0,0.0
2023-11-27 13:30:00-05:00,38.52000045776367,38.52000045776367,38.52000045776367,38.52000045776367,7177,0.0,0.0,0.0
2023-11-27 14:30:00-05:00,38.52000045776367,38.529998779296875,38.52000045776367,38.52000045776367,300,0.0,0.0,0.0
2023-11-27 15:30:00-05:00,38.52000045776367,38.529998779296875,38.52000045776367,38.529998779296875,0,0.0,0.0,0.0
2023-11-28 10:30:00-05:00,38.38999938964844,38.41999816894531,38.38999938964844,38.41999816894531,2600,0.0,0.0,0.0
2023-11-28 11:30:00-05:00,38.41999816894531,38.43000030517578,38.41999816894531,38.43000030517578,1850,0.0,0.0,0.0
2023-11-28 12:30:00-05:00,38.43000030517578,38.439998626708984,38.43000030517578,38.43000030517578,5770,0.0,0.0,0.0
2023-11-28 13:30:00-05:00,38.43000030517578,38.439998626708984,38.43000030517578,38.439998626708984,4209,0.0,0.0,0.0
2023-11-28 14:30:00-05:00,38.439998626708984,38.45000076293945,38.439998626708984,38.45000076293945,499,0.0,0.0,0.0
2023-11-28 15:30:00-05:00,38.45500183105469,38.459999084472656,38.45000076293945,38.45000076293945,0,0.0,0.0,0.0
2023-11-29 09:30:00-05:00,38.55080032348633,38.55080032348633,38.55070114135742,38.55070114135742,538,0.0,0.0,0.0
2023-11-29 10:30:00-05:00,38.54999923706055,38.560001373291016,38.54999923706055,38.54999923706055,1775,0.0,0.0,0.0
2023-11-29 11:30:00-05:00,38.529998779296875,38.529998779296875,38.52000045776367,38.520599365234375,1002,0.0,0.0,0.0
2023-11-29 12:30:00-05:00,38.529998779296875,38.529998779296875,38.529998779296875,38.529998779296875,1696,0.0,0.0,0.0
2023-11-29 13:30:00-05:00,38.529998779296875,38.540000915527344,38.529998779296875,38.540000915527344,946,0.0,0.0,0.0
2023-11-29 14:30:00-05:00,38.54999923706055,38.54999923706055,38.540000915527344,38.540000915527344,25045,0.0,0.0,0.0
2023-11-29 15:30:00-05:00,38.540000915527344,38.540000915527344,38.540000915527344,38.540000915527344,0,0.0,0.0,0.0
2023-11-30 09:30:00-05:00,38.56999969482422,38.56999969482422,38.52909851074219,38.52909851074219,801,0.0,0.0,0.0
2023-11-30 10:30:00-05:00,38.529998779296875,38.53839874267578,38.52980041503906,38.53839874267578,990,0.0,0.0,0.0
2023-11-30 11:30:00-05:00,38.529998779296875,38.529998779296875,38.52000045776367,38.52299880981445,480,0.0,0.0,0.0
2023-11-30 13:30:00-05:00,38.51499938964844,38.52000045776367,38.51499938964844,38.52000045776367,818,0.0,0.0,0.0
2023-11-30 15:30:00-05:00,38.51499938964844,38.52000045776367,38.51499938964844,38.51499938964844,1789,0.0,0.0,0.0
2023-12-01 09:30:00-05:00,38.56999969482422,38.56999969482422,38.52000045776367,38.567501068115234,0,0.0,0.0,0.0
2023-12-01 10:30:00-05:00,38.560001373291016,38.57500076293945,38.54999923706055,38.57500076293945,5324,0.0,0.0,0.0
2023-12-01 11:30:00-05:00,38.58000183105469,38.58000183105469,38.56999969482422,38.57500076293945,2145,0.0,0.0,0.0
2023-12-01 12:30:00-05:00,38.570098876953125,38.58000183105469,38.570098876953125,38.58000183105469,685,0.0,0.0,0.0
2023-12-01 13:30:00-05:00,38.58000183105469,38.619998931884766,38.58000183105469,38.619998931884766,4004,0.0,0.0,0.0
2023-12-01 14:30:00-05:00,38.62269973754883,38.62269973754883,38.62269973754883,38.62269973754883,5295,0.0,0.0,0.0
2023-12-01 15:30:00-05:00,38.629798889160156,38.63999938964844,38.6150016784668,38.6150016784668,5279,0.0,0.0,0.0
2023-12-04 09:30:00-05:00,38.63999938964844,38.63999938964844,38.61000061035156,38.619998931884766,0,0.0,0.0,0.0
2023-12-04 10:30:00-05:00,38.60499954223633,38.60499954223633,38.58000183105469,38.58000183105469,861,0.0,0.0,0.0
2023-12-04 11:30:00-05:00,38.607398986816406,38.607398986816406,38.60300064086914,38.60300064086914,428,0.0,0.0,0.0
2023-12-04 13:30:00-05:00,38.599998474121094,38.630001068115234,38.599998474121094,38.60499954223633,1727,0.0,0.0,0.0
2023-12-04 15:30:00-05:00,38.595001220703125,38.595001220703125,38.595001220703125,38.595001220703125,0,0.0,0.0,0.0
2023-12-05 09:30:00-05:00,38.625,38.625,38.625,38.625,126,0.0,0.0,0.0
2023-12-05 10:30:00-05:00,38.625,38.630001068115234,38.619998931884766,38.630001068115234,3560,0.0,0.0,0.0
2023-12-05 12:30:00-05:00,38.625,38.630001068115234,38.61029815673828,38.619998931884766,13253,0.0,0.0,0.0
2023-12-05 13:30:00-05:00,38.61539840698242,38.63999938964844,38.61000061035156,38.63999938964844,9905,0.0,0.0,0.0
2023-12-05 14:30:00-05:00,38.63999938964844,38.65999984741211,38.63999938964844,38.650001525878906,8982,0.0,0.0,0.0
2023-12-05 15:30:00-05:00,38.654998779296875,38.65999984741211,38.650001525878906,38.650001525878906,4332,0.0,0.0,0.0
2023-12-06 09:30:00-05:00,38.63999938964844,38.662498474121094,38.63999938964844,38.65999984741211,0,0.0,0.0,0.0
2023-12-06 10:30:00-05:00,38.65999984741211,38.65999984741211,38.540000915527344,38.58000183105469,14676,0.0,0.0,0.0
2023-12-06 11:30:00-05:00,38.58000183105469,38.650001525878906,38.58000183105469,38.650001525878906,948,0.0,0.0,0.0
2023-12-06 12:30:00-05:00,38.64910125732422,38.650001525878906,38.64910125732422,38.650001525878906,1435,0.0,0.0,0.0
2023-12-06 13:30:00-05:00,38.650001525878906,38.650001525878906,38.650001525878906,38.650001525878906,200,0.0,0.0,0.0
2023-12-06 14:30:00-05:00,38.650001525878906,38.650001525878906,38.63999938964844,38.650001525878906,1717,0.0,0.0,0.0
2023-12-06 15:30:00-05:00,38.650001525878906,38.650001525878906,38.650001525878906,38.650001525878906,782,0.0,0.0,0.0
2023-12-07 09:30:00-05:00,38.706199645996094,38.70989990234375,38.706199645996094,38.70989990234375,359,0.0,0.0,0.0
2023-12-07 12:30:00-05:00,38.70000076293945,38.70000076293945,38.69409942626953,38.69409942626953,1049,0.0,0.0,0.0
2023-12-07 14:30:00-05:00,38.69499969482422,38.69499969482422,38.69499969482422,38.69499969482422,0,0.0,0.0,0.0
2023-12-08 09:30:00-05:00,38.63999938964844,38.63999938964844,38.63999938964844,38.63999938964844,226,0.0,0.0,0.0
2023-12-08 10:30:00-05:00,38.61000061035156,38.64070129394531,38.61000061035156,38.61009979248047,1830,0.0,0.0,0.0
2023-12-08 11:30:00-05:00,38.62269973754883,38.625,38.62269973754883,38.625,680,0.0,0.0,0.0
2023-12-11 09:30:00-05:00,38.63999938964844,38.63999938964844,38.599998474121094,38.619998931884766,15411,0.0,0.0,0.0
2023-12-11 10:30:00-05:00,38.61629867553711,38.619998931884766,38.61629867553711,38.619998931884766,511,0.0,0.0,0.0
2023-12-11 11:30:00-05:00,38.619998931884766,38.619998931884766,38.619998931884766,38.619998931884766,331,0.0,0.0,0.0
2023-12-11 12:30:00-05:00,38.61000061035156,38.61000061035156,38.61000061035156,38.61000061035156,100,0.0,0.0,0.0
2023-12-11 13:30:00-05:00,38.61000061035156,38.630001068115234,38.61000061035156,38.630001068115234,303,0.0,0.0,0.0
2023-12-11 14:30:00-05:00,38.63999938964844,38.63999938964844,38.630001068115234,38.630001068115234,2537,0.0,0.0,0.0
2023-12-11 15:30:00-05:00,38.63999938964844,38.68000030517578,38.630001068115234,38.650001525878906,5702,0.0,0.0,0.0
2023-12-12 09:30:00-05:00,38.65999984741211,38.65999984741211,38.63999938964844,38.63999938964844,0,0.0,0.0,0.0
2023-12-12 12:30:00-05:00,38.689998626708984,38.689998626708984,38.689998626708984,38.689998626708984,463,0.0,0.0,0.0
2023-12-12 13:30:00-05:00,38.65999984741211,38.65999984741211,38.65999984741211,38.65999984741211,420,0.0,0.0,0.0
2023-12-12 14:30:00-05:00,38.679901123046875,38.685298919677734,38.66429901123047,38.66429901123047,1150,0.0,0.0,0.0
2023-12-13 09:30:00-05:00,38.72999954223633,38.72999954223633,38.66999816894531,38.70000076293945,22695,0.0,0.0,0.0
2023-12-13 10:30:00-05:00,38.70000076293945,38.720001220703125,38.68000030517578,38.68000030517578,745,0.0,0.0,0.0
2023-12-13 11:30:00-05:00,38.72999954223633,38.7400016784668,38.72999954223633,38.7400016784668,300,0.0,0.0,0.0
2023-12-13 12:30:00-05:00,38.69900131225586,38.7400016784668,38.69900131225586,38.739898681640625,604,0.0,0.0,0.0
2023-12-13 13:30:00-05:00,38.72999954223633,38.84000015258789,38.72999954223633,38.84000015258789,331,0.0,0.0,0.0
2023-12-13 14:30:00-05:00,38.849998474121094,38.90999984741211,38.849998474121094,38.900001525878906,34383,0.0,0.0,0.0
2023-12-13 15:30:00-05:00,38.90999984741211,38.90999984741211,38.888999938964844,38.888999938964844,416,0.0,0.0,0.0
2023-12-14 09:30:00-05:00,38.959999084472656,39.0005989074707,38.959999084472656,38.9900016784668,0,0.0,0.0,0.0
2023-12-14 10:30:00-05:00,39.0099983215332,39.040000915527344,38.97999954223633,39.029998779296875,5580,0.0,0.0,0.0
2023-12-14 11:30:00-05:00,39.040000915527344,39.040000915527344,39.040000915527344,39.040000915527344,300,0.0,0.0,0.0
2023-12-14 12:30:00-05:00,39.04999923706055,39.04999923706055,38.93000030517578,39.0099983215332,17882,0.0,0.0,0.0
2023-12-14 13:30:00-05:00,39.0,39.0099983215332,38.959999084472656,38.959999084472656,3500,0.0,0.0,0.0
2023-12-14 14:30:00-05:00,38.959999084472656,39.02000045776367,38.959999084472656,38.9900016784668,4459,0.0,0.0,0.0
2023-12-14 15:30:00-05:00,39.0099983215332,39.0099983215332,38.959999084472656,39.0,8106,0.0,0.0,0.0
2023-12-15 10:30:00-05:00,38.95000076293945,38.970001220703125,38.95000076293945,38.96799850463867,2423,0.0,0.0,0.0
2023-12-15 11:30:00-05:00,38.97999954223633,38.97999954223633,38.97999954223633,38.97999954223633,425,0.0,0.0,0.0
2023-12-15 12:30:00-05:00,38.95719909667969,38.970001220703125,38.95719909667969,38.970001220703125,595,0.0,0.0,0.0
2023-12-15 13:30:00-05:00,38.94599914550781,38.94599914550781,38.94599914550781,38.94599914550781,185,0.0,0.0,0.0
2023-12-15 14:30:00-05:00,38.93000030517578,38.94110107421875,38.93000030517578,38.94110107421875,1115,0.0,0.0,0.0
2023-12-15 15:30:00-05:00,38.93000030517578,38.943199157714844,38.93000030517578,38.943199157714844,1480,0.0,0.0,0.0
2023-12-18 10:30:00-05:00,38.95000076293945,38.970001220703125,38.95000076293945,38.970001220703125,559,0.0,0.0,0.0
2023-12-18 11:30:00-05:00,38.959999084472656,38.97999954223633,38.959999084472656,38.97999954223633,2438,0.0,0.0,0.0
2023-12-18 12:30:00-05:00,38.97999954223633,38.97999954223633,38.97999954223633,38.97999954223633,262,0.0,0.0,0.0
2023-12-18 13:30:00-05:00,38.95090103149414,38.95500183105469,38.95090103149414,38.95500183105469,175,0.0,0.0,0.0
2023-12-19 09:30:00-05:00,38.9900016784668,38.9900016784668,38.97050094604492,38.97050094604492,0,0.0,0.0,0.0
2023-12-19 10:30:00-05:00,38.972801208496094,38.99580001831055,38.970001220703125,38.99580001831055,1053,0.0,0.0,0.0
2023-12-19 12:30:00-05:00,38.9900016784668,38.9900016784668,38.9900016784668,38.9900016784668,160,0.0,0.0,0.0
2023-12-19 13:30:00-05:00,38.96419906616211,38.974998474121094,38.96419906616211,38.974998474121094,0,0.0,0.0,0.0
2023-12-20 11:30:00-05:00,39.02000045776367,39.02000045776367,39.005001068115234,39.02000045776367,22005,0.0,0.0,0.0
2023-12-20 12:30:00-05:00,39.02000045776367,39.02000045776367,39.02000045776367,39.02000045776367,202,0.0,0.0,0.0
2023-12-20 13:30:00-05:00,38.97999954223633,39.029998779296875,38.97999954223633,39.029998779296875,557,0.0,0.0,0.0
2023-12-20 14:30:00-05:00,39.029998779296875,39.040000915527344,39.029998779296875,39.040000915527344,489,0.0,0.0,0.0
2023-12-20 15:30:00-05:00,39.040000915527344,39.040000915527344,39.029998779296875,39.029998779296875,1628,0.0,0.0,0.0
2023-12-21 09:30:00-05:00,39.04999923706055,39.04999923706055,39.04999923706055,39.04999923706055,0,0.0,0.0,0.0
2023-12-21 10:30:00-05:00,39.055599212646484,39.06999969482422,39.055599212646484,39.06999969482422,659,0.0,0.0,0.0
2023-12-21 11:30:00-05:00,39.09000015258789,39.09000015258789,39.04999923706055,39.04999923706055,1971,0.0,0.0,0.0
2023-12-21 12:30:00-05:00,39.06999969482422,39.0791015625,39.04999923706055,39.060001373291016,3061,0.0,0.0,0.0
2023-12-21 13:30:00-05:00,39.060001373291016,39.060001373291016,39.04999923706055,39.04999923706055,775,0.0,0.0,0.0
2023-12-21 14:30:00-05:00,39.06999969482422,39.07279968261719,39.040000915527344,39.07279968261719,425,0.0,0.0,0.0
2023-12-21 15:30:00-05:00,39.06990051269531,39.06990051269531,39.060001373291016,39.060001373291016,869,0.0,0.0,0.0
2023-12-22 09:30:00-05:00,39.10559844970703,39.10559844970703,39.09000015258789,39.09000015258789,686,0.0,0.0,0.0
2023-12-22 10:30:00-05:00,39.04999923706055,39.04999923706055,39.04999923706055,39.04999923706055,254,0.0,0.0,0.0
2023-12-22 13:30:00-05:00,39.060001373291016,39.06999969482422,38.849998474121094,39.04999923706055,39309,0.0,0.0,0.0
2023-12-22 14:30:00-05:00,39.09000015258789,39.09000015258789,39.09000015258789,39.09000015258789,401,0.0,0.0,0.0
2023-12-22 15:30:00-05:00,39.09000015258789,39.09000015258789,39.02000045776367,39.040000915527344,1054,0.0,0.0,0.0
2023-12-26 09:30:00-05:00,39.040000915527344,39.069801330566406,39.040000915527344,39.069801330566406,0,0.0,0.0,0.0
2023-12-26 10:30:00-05:00,39.060001373291016,39.060001373291016,39.060001373291016,39.060001373291016,358,0.0,0.0,0.0
2023-12-26 11:30:00-05:00,39.040000915527344,39.08000183105469,39.040000915527344,39.08000183105469,1273,0.0,0.0,0.0
2023-12-26 13:30:00-05:00,39.103599548339844,39.103599548339844,39.103599548339844,39.103599548339844,427,0.0,0.0,0.0
2023-12-26 15:30:00-05:00,39.0620002746582,39.06999969482422,39.060001373291016,39.06999969482422,2884,0.0,0.0,0.0
2023-12-27 09:30:00-05:00,39.1150016784668,39.1150016784668,39.1150016784668,39.1150016784668,109,0.0,0.0,0.0
2023-12-27 10:30:00-05:00,39.125999450683594,39.15520095825195,39.119998931884766,39.15520095825195,0,0.0,0.0,0.0
2023-12-28 10:30:00-05:00,38.97999954223633,38.97999954223633,38.97999954223633,38.97999954223633,114537,0.0,0.0,0.0
2023-12-28 11:30:00-05:00,38.95000076293945,38.970001220703125,38.95000076293945,38.970001220703125,995,0.0,0.0,0.0
2023-12-28 12:30:00-05:00,38.95000076293945,38.95000076293945,38.939998626708984,38.939998626708984,1683,0.0,0.0,0.0
2023-12-28 13:30:00-05:00,38.96500015258789,38.96500015258789,38.95000076293945,38.95000076293945,5938,0.0,0.0,0.0
2023-12-28 15:30:00-05:00,38.939998626708984,38.939998626708984,38.93000030517578,38.93000030517578,1450,0.0,0.0,0.0
2023-12-29 09:30:00-05:00,38.97999954223633,38.97999954223633,38.97919845581055,38.97919845581055,307,0.0,0.0,0.0
2023-12-29 10:30:00-05:00,38.977500915527344,38.977500915527344,38.977500915527344,38.977500915527344,1611,0.0,0.0,0.0
2023-12-29 11:30:00-05:00,38.97999954223633,38.97999954223633,38.97999954223633,38.97999954223633,324,0.0,0.0,0.0
2023-12-29 12:30:00-05:00,38.9900016784668,38.9900016784668,38.9900016784668,38.9900016784668,278,0.0,0.0,0.0
2023-12-29 14:30:00-05:00,38.97200012207031,38.97999954223633,38.970001220703125,38.97999954223633,4058,0.0,0.0,0.0
2023-12-29 15:30:00-05:00,38.97999954223633,38.97999954223633,38.97999954223633,38.97999954223633,200,0.0,0.0,0.0
2024-01-02 09:30:00-05:00,38.915000915527344,38.915000915527344,38.915000915527344,38.915000915527344,0,0.0,0.0,0.0
2024-01-02 11:30:00-05:00,38.900001525878906,38.90010070800781,38.900001525878906,38.90010070800781,346,0.0,0.0,0.0
2024-01-02 12:30:00-05:00,38.925201416015625,38.925201416015625,38.925201416015625,38.925201416015625,1074,0.0,0.0,0.0
2024-01-02 13:30:00-05:00,38.928001403808594,38.928001403808594,38.90999984741211,38.90999984741211,1804,0.0,0.0,0.0
2024-01-03 09:30:00-05:00,38.900001525878906,38.90739822387695,38.900001525878906,38.90739822387695,1530,0.0,0.0,0.0
2024-01-03 10:30:00-05:00,38.90999984741211,38.90999984741211,38.90119934082031,38.90119934082031,761,0.0,0.0,0.0
2024-01-03 12:30:00-05:00,38.900001525878906,38.90999984741211,38.900001525878906,38.90999984741211,6989,0.0,0.0,0.0
2024-01-03 13:30:00-05:00,38.88850021362305,38.90999984741211,38.88850021362305,38.90999984741211,1078,0.0,0.0,0.0
2024-01-03 14:30:00-05:00,38.91999816894531,38.91999816894531,38.91999816894531,38.91999816894531,211,0.0,0.0,0.0
2024-01-03 15:30:00-05:00,38.92359924316406,38.92359924316406,38.91999816894531,38.91999816894531,0,0.0,0.0,0.0
2024-01-04 09:30:00-05:00,38.875999450683594,38.89590072631836,38.875999450683594,38.89590072631836,688,0.0,0.0,0.0
2024-01-04 10:30:00-05:00,38.875,38.875,38.875,38.875,645,0.0,0.0,0.0
2024-01-04 11:30:00-05:00,38.8827018737793,38.8827018737793,38.869998931884766,38.869998931884766,865,0.0,0.0,0.0
2024-01-04 12:30:00-05:00,38.869998931884766,38.88999938964844,38.858001708984375,38.8656005859375,6109,0.0,0.0,0.0
2024-01-04 13:30:00-05:00,38.869998931884766,38.900001525878906,38.869998931884766,38.900001525878906,632,0.0,0.0,0.0
2024-01-04 14:30:00-05:00,38.89179992675781,38.89179992675781,38.856300354003906,38.873199462890625,1083,0.0,0.0,0.0
2024-01-05 09:30:00-05:00,38.849998474121094,38.86899948120117,38.849998474121094,38.86899948120117,584,0.0,0.0,0.0
2024-01-05 11:30:00-05:00,38.89540100097656,38.91469955444336,38.89540100097656,38.90570068359375,1898,0.0,0.0,0.0
2024-01-05 13:30:00-05:00,38.880001068115234,38.880001068115234,38.880001068115234,38.880001068115234,1737,0.0,0.0,0.0
2024-01-05 14:30:00-05:00,38.88999938964844,38.88999938964844,38.88999938964844,38.88999938964844,94646,0.0,0.0,0.0
2024-01-05 15:30:00-05:00,38.85139846801758,38.880001068115234,38.849998474121094,38.869998931884766,5054,0.0,0.0,0.0
2024-01-08 09:30:00-05:00,38.84000015258789,38.91999816894531,38.84000015258789,38.91999816894531,0,0.0,0.0,0.0
2024-01-08 11:30:00-05:00,38.9010009765625,38.90729904174805,38.90010070800781,38.90010070800781,401,0.0,0.0,0.0
2024-01-08 12:30:00-05:00,38.92729949951172,38.92729949951172,38.90999984741211,38.90999984741211,1683,0.0,0.0,0.0
2024-01-08 13:30:00-05:00,38.880001068115234,38.880001068115234,38.880001068115234,38.880001068115234,115,0.0,0.0,0.0
2024-01-08 15:30:00-05:00,38.88909912109375,38.89500045776367,38.880001068115234,38.880001068115234,14116,0.0,0.0,0.0
2024-01-09 09:30:00-05:00,38.86000061035156,38.88999938964844,38.86000061035156,38.88999938964844,0,0.0,0.0,0.0
2024-01-09 10:30:00-05:00,38.88999938964844,38.88999938964844,38.88999938964844,38.88999938964844,180,0.0,0.0,0.0
2024-01-09 11:30:00-05:00,38.900001525878906,38.900001525878906,38.900001525878906,38.900001525878906,400,0.0,0.0,0.0
2024-01-09 12:30:00-05:00,38.900001525878906,38.904998779296875,38.900001525878906,38.900001525878906,2730,0.0,0.0,0.0
2024-01-09 13:30:00-05:00,38.900001525878906,38.900001525878906,38.900001525878906,38.900001525878906,100,0.0,0.0,0.0
2024-01-09 14:30:00-05:00,38.89139938354492,38.93000030517578,38.89139938354492,38.9197998046875,0,0.0,0.0,0.0
2024-01-10 09:30:00-05:00,38.970699310302734,38.970699310302734,38.970699310302734,38.970699310302734,506,0.0,0.0,0.0
2024-01-10 10:30:00-05:00,38.97999954223633,38.97999954223633,38.97999954223633,38.97999954223633,284,0.0,0.0,0.0
2024-01-10 13:30:00-05:00,38.95029830932617,38.95500183105469,38.95029830932617,38.95500183105469,714,0.0,0.0,0.0
2024-01-10 14:30:00-05:00,38.95009994506836,38.95009994506836,38.95009994506836,38.95009994506836,850,0.0,0.0,0.0
2024-01-10 15:30:00-05:00,38.95000076293945,38.9556999206543,38.93000030517578,38.93000030517578,0,0.0,0.0,0.0
2024-01-11 09:30:00-05:00,38.959999084472656,38.959999084472656,38.959999084472656,38.959999084472656,577,0.0,0.0,0.0
2024-01-11 10:30:00-05:00,38.968299865722656,38.97890090942383,38.948001861572266,38.948001861572266,8194,0.0,0.0,0.0
2024-01-11 12:30:00-05:00,38.96189880371094,38.96189880371094,38.96080017089844,38.96080017089844,2510,0.0,0.0,0.0
2024-01-11 13:30:00-05:00,38.974998474121094,38.974998474121094,38.974998474121094,38.974998474121094,301,0.0,0.0,0.0
2024-01-11 14:30:00-05:00,38.97010040283203,38.974998474121094,38.97010040283203,38.974998474121094,2374,0.0,0.0,0.0
2024-01-11 15:30:00-05:00,38.97919845581055,38.97919845581055,38.97919845581055,38.97919845581055,610,0.0,0.0,0.0
2024-01-12 09:30:00-05:00,39.099998474121094,39.099998474121094,39.069801330566406,39.06999969482422,0,0.0,0.0,0.0
2024-01-12 11:30:00-05:00,39.07640075683594,39.09960174560547,39.064998626708984,39.064998626708984,7927,0.0,0.0,0.0
2024-01-12 12:30:00-05:00,39.060001373291016,39.067901611328125,39.060001373291016,39.067901611328125,875,0.0,0.0,0.0
2024-01-12 13:30:00-05:00,39.040000915527344,39.0609016418457,39.040000915527344,39.0609016418457,664,0.0,0.0,0.0
2024-01-12 14:30:00-05:00,39.06999969482422,39.11000061035156,39.06999969482422,39.11000061035156,1803,0.0,0.0,0.0
2024-01-12 15:30:00-05:00,39.08000183105469,39.08000183105469,39.07500076293945,39.08000183105469,995,0.0,0.0,0.0
2024-01-16 09:30:00-05:00,39.220001220703125,39.220001220703125,39.068199157714844,39.068199157714844,0,0.0,0.0,0.0
2024-01-16 10:30:00-05:00,39.040000915527344,39.04999923706055,39.040000915527344,39.04999923706055,2344,0.0,0.0,0.0
2024-01-16 11:30:00-05:00,39.000099182128906,39.025001525878906,39.0,39.025001525878906,1974,0.0,0.0,0.0
2024-01-16 12:30:00-05:00,39.0171012878418,39.0171012878418,39.0171012878418,39.0171012878418,2137,0.0,0.0,0.0
2024-01-16 14:30:00-05:00,39.040000915527344,39.040000915527344,39.0099983215332,39.012001037597656,21176,0.0,0.0,0.0
2024-01-16 15:30:00-05:00,39.01850128173828,39.040000915527344,39.01850128173828,39.040000915527344,0,0.0,0.0,0.0
2024-01-17 09:30:00-05:00,38.95100021362305,38.95100021362305,38.95100021362305,38.95100021362305,170,0.0,0.0,0.0
2024-01-17 12:30:00-05:00,38.95000076293945,38.95000076293945,38.95000076293945,38.95000076293945,278,0.0,0.0,0.0
2024-01-17 14:30:00-05:00,38.959999084472656,38.970001220703125,38.959999084472656,38.970001220703125,3107,0.0,0.0,0.0
2024-01-17 15:30:00-05:00,38.970001220703125,38.970001220703125,38.970001220703125,38.970001220703125,0,0.0,0.0,0.0
2024-01-18 09:30:00-05:00,38.98680114746094,38.999298095703125,38.98680114746094,38.999298095703125,2709,0.0,0.0,0.0
2024-01-18 10:30:00-05:00,38.97999954223633,38.99150085449219,38.97999954223633,38.99150085449219,818,0.0,0.0,0.0
2024-01-18 13:30:00-05:00,38.9900016784668,38.9900016784668,38.97999954223633,38.9900016784668,19011,0.0,0.0,0.0
2024-01-18 14:30:00-05:00,38.97999954223633,38.989898681640625,38.935001373291016,38.97999954223633,12450,0.0,0.0,0.0
2024-01-18 15:30:00-05:00,38.97999954223633,38.98500061035156,38.97999954223633,38.98500061035156,0,0.0,0.0,0.0
2024-01-19 09:30:00-05:00,38.95000076293945,38.95000076293945,38.91999816894531,38.94499969482422,14150,0.0,0.0,0.0
2024-01-19 10:30:00-05:00,38.959999084472656,38.959999084472656,38.959999084472656,38.959999084472656,448,0.0,0.0,0.0
2024-01-19 11:30:00-05:00,38.939998626708984,38.95000076293945,38.939998626708984,38.95000076293945,600,0.0,0.0,0.0
2024-01-19 12:30:00-05:00,38.95500183105469,38.959999084472656,38.95000076293945,38.959999084472656,447,0.0,0.0,0.0
2024-01-19 13:30:00-05:00,38.95500183105469,38.959999084472656,38.95500183105469,38.95500183105469,900,0.0,0.0,0.0
2024-01-19 14:30:00-05:00,38.965599060058594,38.965599060058594,38.965599060058594,38.965599060058594,228,0.0,0.0,0.0
2024-01-19 15:30:00-05:00,38.959999084472656,38.970001220703125,38.959999084472656,38.970001220703125,832,0.0,0.0,0.0
2024-01-22 09:30:00-05:00,39.01919937133789,39.01919937133789,39.01919937133789,39.01919937133789,0,0.0,0.0,0.0
2024-01-22 10:30:00-05:00,39.005001068115234,39.005001068115234,38.97999954223633,38.994598388671875,15625,0.0,0.0,0.0
2024-01-22 11:30:00-05:00,39.019901275634766,39.019901275634766,39.005001068115234,39.005001068115234,5600,0.0,0.0,0.0
2024-01-22 12:30:00-05:00,39.019901275634766,39.02000045776367,38.9900016784668,39.018001556396484,35382,0.0,0.0,0.0
2024-01-22 13:30:00-05:00,39.007999420166016,39.0098991394043,38.9900016784668,38.999900817871094,11000,0.0,0.0,0.0
2024-01-22 14:30:00-05:00,38.991600036621094,39.0192985534668,38.9901008605957,38.99330139160156,15812,0.0,0.0,0.0
2024-01-22 15:30:00-05:00,39.0098991394043,39.0098991394043,38.981998443603516,38.981998443603516,0,0.0,0.0,0.0
2024-01-23 09:30:00-05:00,39.029998779296875,39.029998779296875,39.029998779296875,39.029998779296875,3158,0.0,0.0,0.0
2024-01-23 13:30:00-05:00,39.00699996948242,39.00699996948242,38.9901008605957,38.9901008605957,3454,0.0,0.0,0.0
2024-01-23 14:30:00-05:00,39.0099983215332,39.02000045776367,39.0099983215332,39.02000045776367,0,0.0,0.0,0.0
2024-01-23 15:30:00-05:00,38.9900016784668,39.0,38.93199920654297,38.93199920654297,36167,0.0,0.0,0.0
2024-01-24 09:30:00-05:00,39.05569839477539,39.05569839477539,39.05569839477539,39.05569839477539,603,0.0,0.0,0.0
2024-01-24 11:30:00-05:00,39.01300048828125,39.01300048828125,39.01219940185547,39.01219940185547,801,0.0,0.0,0.0
2024-01-24 12:30:00-05:00,39.018001556396484,39.03990173339844,39.0098991394043,39.019901275634766,6374,0.0,0.0,0.0
2024-01-24 13:30:00-05:00,39.01499938964844,39.0276985168457,39.0,39.0,12674,0.0,0.0,0.0
2024-01-24 14:30:00-05:00,38.9900016784668,39.02000045776367,38.97999954223633,39.0098991394043,3935,0.0,0.0,0.0
2024-01-24 15:30:00-05:00,39.0,39.0099983215332,39.0,39.0,1350,0.0,0.0,0.0
2024-01-25 09:30:00-05:00,39.08000183105469,39.08000183105469,39.04999923706055,39.060001373291016,0,0.0,0.0,0.0
2024-01-25 10:30:00-05:00,39.06999969482422,39.06999969482422,39.06999969482422,39.06999969482422,100,0.0,0.0,0.0
2024-01-25 11:30:00-05:00,39.05500030517578,39.07609939575195,39.05500030517578,39.070098876953125,4309,0.0,0.0,0.0
2024-01-25 12:30:00-05:00,39.089698791503906,39.089698791503906,39.06999969482422,39.079898834228516,4251,0.0,0.0,0.0
2024-01-25 13:30:00-05:00,39.079200744628906,39.079200744628906,39.079200744628906,39.079200744628906,1250,0.0,0.0,0.0
2024-01-25 14:30:00-05:00,39.08000183105469,39.11000061035156,39.08000183105469,39.087799072265625,9622,0.0,0.0,0.0
2024-01-25 15:30:00-05:00,39.07500076293945,39.07500076293945,39.07500076293945,39.07500076293945,0,0.0,0.0,0.0
2024-01-26 09:30:00-05:00,39.05950164794922,39.05950164794922,39.05759811401367,39.05759811401367,475,0.0,0.0,0.0
2024-01-26 11:30:00-05:00,39.04999923706055,39.04999923706055,39.04999923706055,39.04999923706055,1879,0.0,0.0,0.0
2024-01-26 12:30:00-05:00,39.060001373291016,39.067901611328125,39.060001373291016,39.060001373291016,2357,0.0,0.0,0.0
2024-01-26 13:30:00-05:00,39.059898376464844,39.059898376464844,39.05799865722656,39.05799865722656,3700,0.0,0.0,0.0
2024-01-26 14:30:00-05:00,39.04499816894531,39.059898376464844,39.04499816894531,39.04999923706055,3398,0.0,0.0,0.0
2024-01-26 15:30:00-05:00,39.040000915527344,39.040000915527344,39.040000915527344,39.040000915527344,460,0.0,0.0,0.0
2024-01-29 09:30:00-05:00,38.97999954223633,38.97999954223633,38.97999954223633,38.97999954223633,0,0.0,0.0,0.0
2024-01-29 10:30:00-05:00,38.95000076293945,38.95000076293945,38.95000076293945,38.95000076293945,408,0.0,0.0,0.0
2024-01-29 12:30:00-05:00,38.95000076293945,38.95000076293945,38.95000076293945,38.95000076293945,512,0.0,0.0,0.0
2024-01-29 13:30:00-05:00,38.95399856567383,38.95399856567383,38.95399856567383,38.95399856567383,193,0.0,0.0,0.0
2024-01-29 14:30:00-05:00,38.95000076293945,38.96900177001953,38.95000076293945,38.96900177001953,3148,0.0,0.0,0.0
2024-01-29 15:30:00-05:00,38.95100021362305,38.95100021362305,38.95100021362305,38.95100021362305,0,0.0,0.0,0.0
2024-01-30 10:30:00-05:00,38.95000076293945,38.95000076293945,38.95000076293945,38.95000076293945,113,0.0,0.0,0.0
2024-01-30 11:30:00-05:00,38.91999816894531,38.93000030517578,38.919898986816406,38.93000030517578,0,0.0,0.0,0.0
2024-01-30 12:30:00-05:00,38.93000030517578,38.93000030517578,38.91999816894531,38.91999816894531,0,0.0,0.0,0.0
2024-01-30 14:30:00-05:00,38.939998626708984,38.939998626708984,38.93989944458008,38.939998626708984,5639,0.0,0.0,0.0
2024-01-30 15:30:00-05:00,38.93000030517578,38.934898376464844,38.93000030517578,38.934898376464844,103276,0.0,0.0,0.0
2024-01-31 09:30:00-05:00,38.97999954223633,39.040000915527344,38.97999954223633,39.02000045776367,0,0.0,0.0,0.0
2024-01-31 10:30:00-05:00,39.02000045776367,39.029998779296875,39.019901275634766,39.02009963989258,1201,0.0,0.0,0.0
2024-01-31 12:30:00-05:00,39.008399963378906,39.008399963378906,39.0,39.0,633,0.0,0.0,0.0
2024-01-31 13:30:00-05:00,38.994998931884766,38.999900817871094,38.994998931884766,38.999900817871094,1398,0.0,0.0,0.0
2024-01-31 14:30:00-05:00,38.99089813232422,38.99089813232422,38.99089813232422,38.99089813232422,300,0.0,0.0,0.0
2024-01-31 15:30:00-05:00,39.0099983215332,39.029998779296875,39.0099983215332,39.029998779296875,0,0.0,0.0,0.0
2024-02-01 09:30:00-05:00,39.06999969482422,39.06999969482422,39.060001373291016,39.060001373291016,333,0.0,0.0,0.0
2024-02-01 10:30:00-05:00,39.06999969482422,39.06999969482422,39.06999969482422,39.06999969482422,350,0.0,0.0,0.0
2024-02-01 11:30:00-05:00,39.041500091552734,39.05670166015625,39.041500091552734,39.048301696777344,1949,0.0,0.0,0.0
2024-02-01 12:30:00-05:00,39.04999923706055,39.0526008605957,39.04999923706055,39.0526008605957,1682,0.0,0.0,0.0
2024-02-01 13:30:00-05:00,39.059898376464844,39.062599182128906,39.04999923706055,39.04999923706055,13248,0.0,0.0,0.0
2024-02-01 14:30:00-05:00,39.060001373291016,39.06990051269531,39.05329895019531,39.05329895019531,1292,0.0,0.0,0.0
2024-02-02 09:30:00-05:00,38.93000030517578,38.9900016784668,38.93000030517578,38.95000076293945,0,0.0,0.0,0.0
2024-02-02 10:30:00-05:00,38.95029830932617,38.95029830932617,38.94860076904297,38.94860076904297,1037,0.0,0.0,0.0
2024-02-02 12:30:00-05:00,38.93109893798828,38.93109893798828,38.93109893798828,38.93109893798828,243,0.0,0.0,0.0
2024-02-02 13:30:00-05:00,38.970001220703125,38.970001220703125,38.960201263427734,38.960201263427734,2940,0.0,0.0,0.0
2024-02-02 14:30:00-05:00,38.9640998840332,38.97999954223633,38.9640998840332,38.97999954223633,811,0.0,0.0,0.0
2024-02-02 15:30:00-05:00,38.970001220703125,38.970001220703125,38.970001220703125,38.970001220703125,546,0.0,0.0,0.0
2024-02-05 09:30:00-05:00,38.97999954223633,38.97999954223633,38.93000030517578,38.9369010925293,0,0.0,0.0,0.0
2024-02-05 10:30:00-05:00,38.9452018737793,38.9452018737793,38.910499572753906,38.910499572753906,1376,0.0,0.0,0.0
2024-02-05 11:30:00-05:00,38.9208984375,38.937801361083984,38.9208984375,38.937801361083984,1541,0.0,0.0,0.0
2024-02-05 12:30:00-05:00,38.93000030517578,38.93000030517578,38.93000030517578,38.93000030517578,63221,0.0,0.0,0.0
2024-02-05 13:30:00-05:00,38.939998626708984,38.939998626708984,38.93000030517578,38.93000030517578,509,0.0,0.0,0.0
2024-02-05 14:30:00-05:00,38.93000030517578,38.959999084472656,38.91999816894531,38.91999816894531,6097,0.0,0.0,0.0
2024-02-05 15:30:00-05:00,38.93000030517578,38.93000030517578,38.921600341796875,38.92499923706055,0,0.0,0.0,0.0
2024-02-06 09:30:00-05:00,38.95000076293945,38.959999084472656,38.95000076293945,38.959999084472656,1677,0.0,0.0,0.0
2024-02-06 10:30:00-05:00,38.9541015625,38.97949981689453,38.95000076293945,38.95000076293945,1524,0.0,0.0,0.0
2024-02-06 12:30:00-05:00,38.97890090942383,39.0,38.97890090942383,38.999900817871094,2579,0.0,0.0,0.0
2024-02-06 13:30:00-05:00,38.99829864501953,38.99829864501953,38.98590087890625,38.98590087890625,1057,0.0,0.0,0.0
2024-02-06 14:30:00-05:00,38.994998931884766,38.994998931884766,38.959999084472656,38.989898681640625,5649,0.0,0.0,0.0
2024-02-06 15:30:00-05:00,38.970001220703125,38.97999954223633,38.970001220703125,38.97999954223633,439,0.0,0.0,0.0
2024-02-07 09:30:00-05:00,39.0099983215332,39.0099983215332,38.970001220703125,38.97999954223633,0,0.0,0.0,0.0
2024-02-07 11:30:00-05:00,38.962100982666016,38.97999954223633,38.962100982666016,38.97999954223633,2651,0.0,0.0,0.0
2024-02-07 12:30:00-05:00,38.97990036010742,38.98780059814453,38.959999084472656,38.96540069580078,4055,0.0,0.0,0.0
2024-02-07 13:30:00-05:00,38.97990036010742,38.97990036010742,38.96369934082031,38.97779846191406,3364,0.0,0.0,0.0
2024-02-07 14:30:00-05:00,38.97999954223633,38.97999954223633,38.95000076293945,38.96989822387695,29651,0.0,0.0,0.0
2024-02-07 15:30:00-05:00,38.95000076293945,38.97999954223633,38.95000076293945,38.952999114990234,2985,0.0,0.0,0.0
2024-02-08 09:30:00-05:00,39.0099983215332,39.0099983215332,38.959999084472656,38.959999084472656,0,0.0,0.0,0.0
2024-02-08 10:30:00-05:00,38.96580123901367,38.96580123901367,38.959999084472656,38.959999084472656,800,0.0,0.0,0.0
2024-02-08 11:30:00-05:00,38.96780014038086,38.96950149536133,38.95000076293945,38.959999084472656,2136,0.0,0.0,0.0
2024-02-08 12:30:00-05:00,38.959999084472656,38.970001220703125,38.959999084472656,38.959999084472656,3517,0.0,0.0,0.0
2024-02-08 13:30:00-05:00,38.96500015258789,38.96500015258789,38.96500015258789,38.96500015258789,257,0.0,0.0,0.0
2024-02-08 14:30:00-05:00,38.959999084472656,38.959999084472656,38.95500183105469,38.95500183105469,3900,0.0,0.0,0.0
2024-02-08 15:30:00-05:00,38.959999084472656,38.959999084472656,38.95000076293945,38.95500183105469,145463,0.0,0.0,0.0
2024-02-09 09:30:00-05:00,39.11000061035156,39.11000061035156,38.98500061035156,39.0,0,0.0,0.0,0.0
2024-02-09 10:30:00-05:00,38.97999954223633,38.98699951171875,38.97999954223633,38.980201721191406,599,0.0,0.0,0.0
2024-02-09 11:30:00-05:00,38.988800048828125,38.988800048828125,38.988800048828125,38.988800048828125,130,0.0,0.0,0.0
2024-02-09 12:30:00-05:00,38.983001708984375,38.98500061035156,38.97999954223633,38.98500061035156,2079,0.0,0.0,0.0
2024-02-09 13:30:00-05:00,38.98440170288086,38.98440170288086,38.970001220703125,38.970001220703125,519,0.0,0.0,0.0
2024-02-09 14:30:00-05:00,38.97999954223633,38.97999954223633,38.970001220703125,38.970001220703125,8014,0.0,0.0,0.0
2024-02-09 15:30:00-05:00,38.974998474121094,38.97999954223633,38.970001220703125,38.97999954223633,18764,0.0,0.0,0.0
2024-02-12 09:30:00-05:00,39.0,39.0,38.970001220703125,38.970001220703125,0,0.0,0.0,0.0
2024-02-12 10:30:00-05:00,38.970001220703125,38.970001220703125,38.970001220703125,38.970001220703125,964,0.0,0.0,0.0
2024-02-12 11:30:00-05:00,38.974998474121094,38.989898681640625,38.970001220703125,38.970001220703125,11972,0.0,0.0,0.0
2024-02-12 12:30:00-05:00,38.974998474121094,38.974998474121094,38.970001220703125,38.974998474121094,4095,0.0,0.0,0.0
2024-02-12 13:30:00-05:00,38.970001220703125,38.970001220703125,38.970001220703125,38.970001220703125,2251,0.0,0.0,0.0
2024-02-12 14:30:00-05:00,38.959999084472656,38.970001220703125,38.959999084472656,38.970001220703125,521,0.0,0.0,0.0
2024-02-12 15:30:00-05:00,38.970001220703125,38.970001220703125,38.970001220703125,38.970001220703125,0,0.0,0.0,0.0
2024-02-13 10:30:00-05:00,38.96009826660156,39.0,38.96009826660156,39.0,1740,0.0,0.0,0.0
2024-02-13 12:30:00-05:00,38.99509811401367,38.99509811401367,38.959999084472656,38.994300842285156,692,0.0,0.0,0.0
2024-02-13 13:30:00-05:00,39.00600051879883,39.00600051879883,39.00600051879883,39.00600051879883,1253,0.0,0.0,0.0
2024-02-13 14:30:00-05:00,38.966400146484375,38.974998474121094,38.966400146484375,38.970001220703125,448,0.0,0.0,0.0
2024-02-13 15:30:00-05:00,38.970001220703125,38.970001220703125,38.970001220703125,38.970001220703125,0,0.0,0.0,0.0
2024-02-14 09:30:00-05:00,38.9900016784668,38.9900016784668,38.81999969482422,38.88999938964844,19725,0.0,0.0,0.0
2024-02-14 10:30:00-05:00,38.93000030517578,38.939998626708984,38.93000030517578,38.939998626708984,496,0.0,0.0,0.0
2024-02-14 11:30:00-05:00,38.93980026245117,38.93980026245117,38.93000030517578,38.93000030517578,1534,0.0,0.0,0.0
2024-02-14 12:30:00-05:00,38.93429946899414,38.93429946899414,38.93429946899414,38.93429946899414,592,0.0,0.0,0.0
2024-02-14 13:30:00-05:00,38.935001373291016,38.939998626708984,38.935001373291016,38.939998626708984,368,0.0,0.0,0.0
2024-02-14 14:30:00-05:00,38.97999954223633,38.97999954223633,38.97999954223633,38.97999954223633,0,0.0,0.0,0.0
2024-02-15 10:30:00-05:00,38.9656982421875,38.970001220703125,38.72999954223633,38.93000030517578,53014,0.0,0.0,0.0
2024-02-15 11:30:00-05:00,38.93000030517578,38.93000030517578,38.9109001159668,38.91999816894531,4313,0.0,0.0,0.0
2024-02-15 12:30:00-05:00,38.91109848022461,38.939998626708984,38.90999984741211,38.939998626708984,2807,0.0,0.0,0.0
2024-02-15 13:30:00-05:00,38.94710159301758,38.94710159301758,38.939998626708984,38.941001892089844,2435,0.0,0.0,0.0
2024-02-15 14:30:00-05:00,38.94990158081055,38.94990158081055,38.939998626708984,38.946998596191406,4338,0.0,0.0,0.0
2024-02-15 15:30:00-05:00,38.94499969482422,38.949501037597656,38.790000915527344,38.939998626708984,23534,0.0,0.0,0.0
2024-02-16 09:30:00-05:00,38.9900016784668,38.9900016784668,38.970001220703125,38.98040008544922,0,0.0,0.0,0.0
2024-02-16 11:30:00-05:00,38.9900016784668,38.9900016784668,38.9900016784668,38.9900016784668,975,0.0,0.0,0.0
2024-02-16 12:30:00-05:00,38.983299255371094,38.983299255371094,38.97800064086914,38.97800064086914,2256,0.0,0.0,0.0
2024-02-16 13:30:00-05:00,38.959999084472656,38.970001220703125,38.93000030517578,38.94499969482422,2926,0.0,0.0,0.0
2024-02-16 15:30:00-05:00,38.95000076293945,38.95000076293945,38.93069839477539,38.939998626708984,4978,0.0,0.0,0.0
2024-02-20 09:30:00-05:00,38.890098571777344,38.95819854736328,38.890098571777344,38.95819854736328,0,0.0,0.0,0.0
2024-02-20 10:30:00-05:00,38.97159957885742,38.97489929199219,38.97159957885742,38.97489929199219,1357,0.0,0.0,0.0
2024-02-20 12:30:00-05:00,38.95600128173828,38.95600128173828,38.95600128173828,38.95600128173828,260,0.0,0.0,0.0
2024-02-20 13:30:00-05:00,38.95600128173828,38.95600128173828,38.95000076293945,38.95000076293945,1972,0.0,0.0,0.0
2024-02-20 14:30:00-05:00,38.96379852294922,38.977699279785156,38.96379852294922,38.977699279785156,1013,0.0,0.0,0.0
2024-02-20 15:30:00-05:00,38.96009826660156,38.970001220703125,38.96009826660156,38.970001220703125,1477,0.0,0.0,0.0
2024-02-21 09:30:00-05:00,39.02000045776367,39.02000045776367,39.02000045776367,39.02000045776367,0,0.0,0.0,0.0
2024-02-21 10:30:00-05:00,38.9900016784668,38.9900016784668,38.970001220703125,38.970001220703125,937,0.0,0.0,0.0
2024-02-21 13:30:00-05:00,38.964500427246094,39.0,38.964500427246094,39.0,1062,0.0,0.0,0.0
2024-02-21 14:30:00-05:00,38.96609878540039,38.98849868774414,38.96609878540039,38.98849868774414,6341,0.0,0.0,0.0
2024-02-21 15:30:00-05:00,38.9900016784668,38.9900016784668,38.970001220703125,38.970001220703125,663,0.0,0.0,0.0
2024-02-22 09:30:00-05:00,38.994998931884766,38.994998931884766,38.994998931884766,38.994998931884766,0,0.0,0.0,0.0
2024-02-22 10:30:00-05:00,38.97010040283203,38.97010040283203,38.97010040283203,38.97010040283203,1341,0.0,0.0,0.0
2024-02-22 12:30:00-05:00,38.97999954223633,38.97999954223633,38.970001220703125,38.970001220703125,361,0.0,0.0,0.0
2024-02-22 13:30:00-05:00,39.0099983215332,39.0099983215332,38.992698669433594,38.992698669433594,15446,0.0,0.0,0.0
2024-02-22 14:30:00-05:00,38.9900016784668,39.00550079345703,38.959999084472656,39.00550079345703,3552,0.0,0.0,0.0
2024-02-22 15:30:00-05:00,39.0,39.0,38.974998474121094,38.9900016784668,57588,0.0,0.0,0.0
2024-02-23 09:30:00-05:00,38.99079895019531,38.99079895019531,38.99079895019531,38.99079895019531,0,0.0,0.0,0.0
2024-02-23 10:30:00-05:00,38.98500061035156,38.98500061035156,38.959999084472656,38.970001220703125,3794,0.0,0.0,0.0
2024-02-23 12:30:00-05:00,38.970001220703125,38.970001220703125,38.970001220703125,38.970001220703125,139,0.0,0.0,0.0
2024-02-23 13:30:00-05:00,38.970001220703125,38.970001220703125,38.970001220703125,38.970001220703125,200,0.0,0.0,0.0
2024-02-23 14:30:00-05:00,38.99250030517578,38.99250030517578,38.970001220703125,38.970001220703125,495,0.0,0.0,0.0
2024-02-23 15:30:00-05:00,38.9900016784668,39.0,38.970001220703125,38.97999954223633,7199,0.0,0.0,0.0
2024-02-26 10:30:00-05:00,38.981201171875,38.981201171875,38.981201171875,38.981201171875,0,0.0,0.0,0.0
2024-02-26 11:30:00-05:00,38.97639846801758,39.00210189819336,38.974998474121094,38.974998474121094,2533,0.0,0.0,0.0
2024-02-26 12:30:00-05:00,38.9921989440918,39.0,38.9921989440918,39.0,920,0.0,0.0,0.0
2024-02-26 13:30:00-05:00,38.974998474121094,38.98500061035156,38.97480010986328,38.98500061035156,4053,0.0,0.0,0.0
2024-02-26 14:30:00-05:00,38.974998474121094,38.974998474121094,38.974998474121094,38.974998474121094,200,0.0,0.0,0.0
2024-02-26 15:30:00-05:00,38.98460006713867,38.98500061035156,38.98460006713867,38.98500061035156,240,0.0,0.0,0.0
2024-02-27 09:30:00-05:00,38.88999938964844,38.88999938964844,38.88999938964844,38.88999938964844,0,0.0,0.0,0.0
2024-02-27 10:30:00-05:00,38.83000183105469,38.8380012512207,38.83000183105469,38.833099365234375,2595,0.0,0.0,0.0
2024-02-27 11:30:00-05:00,38.86220169067383,38.86220169067383,38.86220169067383,38.86220169067383,985,0.0,0.0,0.0
2024-02-27 12:30:00-05:00,38.86000061035156,38.86000061035156,38.86000061035156,38.86000061035156,209,0.0,0.0,0.0
2024-02-27 13:30:00-05:00,38.83000183105469,38.880001068115234,38.83000183105469,38.880001068115234,222,0.0,0.0,0.0
2024-02-27 14:30:00-05:00,38.88999938964844,38.88999938964844,38.88309860229492,38.88309860229492,1181,0.0,0.0,0.0
2024-02-27 15:30:00-05:00,38.86000061035156,38.86000061035156,38.859901428222656,38.859901428222656,2058,0.0,0.0,0.0
2024-02-28 09:30:00-05:00,38.880001068115234,38.880001068115234,38.83000183105469,38.83000183105469,0,0.0,0.0,0.0
2024-02-28 10:30:00-05:00,38.883399963378906,38.883399963378906,38.838600158691406,38.838600158691406,1337,0.0,0.0,0.0
2024-02-28 11:30:00-05:00,38.86000061035156,38.88130187988281,38.85749816894531,38.85749816894531,563,0.0,0.0,0.0
2024-02-28 13:30:00-05:00,38.88119888305664,38.88999938964844,38.83689880371094,38.88999938964844,767,0.0,0.0,0.0
2024-02-28 14:30:00-05:00,38.83000183105469,38.86180114746094,38.83000183105469,38.84000015258789,775,0.0,0.0,0.0
2024-02-28 15:30:00-05:00,38.881099700927734,38.881099700927734,38.86000061035156,38.86000061035156,110,0.0,0.0,0.0
2024-02-29 09:30:00-05:00,38.90999984741211,38.90999984741211,38.849998474121094,38.849998474121094,0,0.0,0.0,0.0
2024-02-29 10:30:00-05:00,38.849998474121094,38.849998474121094,38.849998474121094,38.849998474121094,611,0.0,0.0,0.0
2024-02-29 12:30:00-05:00,38.880001068115234,38.90999984741211,38.880001068115234,38.90999984741211,721,0.0,0.0,0.0
2024-02-29 13:30:00-05:00,38.8661994934082,38.8661994934082,38.8661994934082,38.8661994934082,515,0.0,0.0,0.0
2024-02-29 14:30:00-05:00,38.880001068115234,38.90399932861328,38.849998474121094,38.880001068115234,9418,0.0,0.0,0.0
2024-03-01 09:30:00-05:00,38.939998626708984,38.939998626708984,38.900001525878906,38.900001525878906,0,0.0,0.0,0.0
2024-03-01 10:30:00-05:00,38.86000061035156,38.88999938964844,38.86000061035156,38.88999938964844,631,0.0,0.0,0.0
2024-03-01 11:30:00-05:00,38.910099029541016,38.910099029541016,38.880001068115234,38.880001068115234,2929,0.0,0.0,0.0
2024-03-01 12:30:00-05:00,38.86000061035156,38.8734016418457,38.86000061035156,38.87300109863281,2127,0.0,0.0,0.0
2024-03-01 13:30:00-05:00,38.8734016418457,38.8734016418457,38.8734016418457,38.8734016418457,1863,0.0,0.0,0.0
2024-03-01 14:30:00-05:00,38.86000061035156,38.86750030517578,38.86000061035156,38.86000061035156,1333,0.0,0.0,0.0
2024-03-01 15:30:00-05:00,38.8650016784668,38.8849983215332,38.86000061035156,38.8849983215332,1028,0.0,0.0,0.0
2024-03-04 09:30:00-05:00,38.939998626708984,38.939998626708984,38.923301696777344,38.923301696777344,0,0.0,0.0,0.0
2024-03-04 10:30:00-05:00,38.93000030517578,38.93000030517578,38.93000030517578,38.93000030517578,231,0.0,0.0,0.0
2024-03-04 11:30:00-05:00,38.900001525878906,38.900001525878906,38.7599983215332,38.869998931884766,28921,0.0,0.0,0.0
2024-03-04 13:30:00-05:00,38.81999969482422,38.81999969482422,38.81999969482422,38.81999969482422,261,0.0,0.0,0.0
2024-03-04 14:30:00-05:00,38.83599853515625,38.836700439453125,38.83599853515625,38.836700439453125,4143,0.0,0.0,0.0
2024-03-04 15:30:00-05:00,38.83760070800781,38.860198974609375,38.83760070800781,38.860198974609375,301,0.0,0.0,0.0
2024-03-05 09:30:00-05:00,38.93000030517578,38.93000030517578,38.900001525878906,38.91120147705078,0,0.0,0.0,0.0
2024-03-05 11:30:00-05:00,38.90769958496094,38.90769958496094,38.90010070800781,38.90010070800781,4417,0.0,0.0,0.0
2024-03-05 12:30:00-05:00,38.902400970458984,38.902400970458984,38.902400970458984,38.902400970458984,1438,0.0,0.0,0.0
2024-03-05 13:30:00-05:00,38.90380096435547,38.90999984741211,38.900001525878906,38.90999984741211,4905,0.0,0.0,0.0
2024-03-05 14:30:00-05:00,38.90999984741211,38.90999984741211,38.90999984741211,38.90999984741211,644,0.0,0.0,0.0
2024-03-05 15:30:00-05:00,38.93000030517578,38.93000030517578,38.88999938964844,38.90999984741211,0,0.0,0.0,0.0
2024-03-06 11:30:00-05:00,38.895198822021484,38.89699935913086,38.895198822021484,38.89699935913086,1566,0.0,0.0,0.0
2024-03-06 12:30:00-05:00,38.88999938964844,38.89619827270508,38.88999938964844,38.895301818847656,1972,0.0,0.0,0.0
2024-03-06 13:30:00-05:00,38.90999984741211,38.90999984741211,38.90999984741211,38.90999984741211,2000,0.0,0.0,0.0
2024-03-06 14:30:00-05:00,38.900001525878906,38.95000076293945,38.900001525878906,38.95000076293945,2422,0.0,0.0,0.0
2024-03-06 15:30:00-05:00,38.88999938964844,38.9197998046875,38.88999938964844,38.9197998046875,0,0.0,0.0,0.0
2024-03-07 09:30:00-05:00,38.91699981689453,38.91699981689453,38.91699981689453,38.91699981689453,2581,0.0,0.0,0.0
2024-03-07 14:30:00-05:00,38.921600341796875,38.921600341796875,38.921600341796875,38.921600341796875,2465,0.0,0.0,0.0
2024-03-07 15:30:00-05:00,38.95000076293945,38.95000076293945,38.95000076293945,38.95000076293945,0,0.0,0.0,0.0
2024-03-08 09:30:00-05:00,38.95000076293945,38.95000076293945,38.95000076293945,38.95000076293945,1190,0.0,0.0,0.0
2024-03-08 10:30:00-05:00,38.97999954223633,38.97999954223633,38.97999954223633,38.97999954223633,1058,0.0,0.0,0.0
2024-03-08 11:30:00-05:00,38.95399856567383,38.95399856567383,38.95399856567383,38.95399856567383,1659,0.0,0.0,0.0
2024-03-08 12:30:00-05:00,38.91999816894531,38.91999816894531,38.91999816894531,38.91999816894531,996,0.0,0.0,0.0
2024-03-08 15:30:00-05:00,38.972900390625,38.972900390625,38.972900390625,38.972900390625,250,0.0,0.0,0.0
2024-03-11 11:30:00-04:00,38.9900016784668,38.9900016784668,38.9900016784668,38.9900016784668,0,0.0,0.0,0.0
2024-03-11 12:30:00-04:00,38.959999084472656,38.959999084472656,38.93619918823242,38.93619918823242,1139,0.0,0.0,0.0
2024-03-11 13:30:00-04:00,38.959999084472656,38.959999084472656,38.959999084472656,38.959999084472656,2075,0.0,0.0,0.0
2024-03-11 14:30:00-04:00,38.936100006103516,38.965301513671875,38.93000030517578,38.93000030517578,1616,0.0,0.0,0.0
2024-03-11 15:30:00-04:00,38.930301666259766,38.974998474121094,38.930301666259766,38.959999084472656,395,0.0,0.0,0.0
2024-03-12 09:30:00-04:00,39.0,39.0,39.0,39.0,0,0.0,0.0,0.0
2024-03-12 10:30:00-04:00,39.0,39.0,38.939998626708984,38.939998626708984,499,0.0,0.0,0.0
2024-03-12 11:30:00-04:00,38.965599060058594,38.965599060058594,38.965599060058594,38.965599060058594,292,0.0,0.0,0.0
2024-03-12 12:30:00-04:00,38.95500183105469,38.95500183105469,38.939998626708984,38.939998626708984,1568,0.0,0.0,0.0
2024-03-12 13:30:00-04:00,38.970001220703125,38.970001220703125,38.970001220703125,38.970001220703125,1914,0.0,0.0,0.0
2024-03-12 14:30:00-04:00,38.9718017578125,39.0,38.95000076293945,38.9546012878418,1285,0.0,0.0,0.0
2024-03-12 15:30:00-04:00,38.9541015625,38.959999084472656,38.9541015625,38.959999084472656,0,0.0,0.0,0.0
2024-03-13 11:30:00-04:00,38.97999954223633,38.97999954223633,38.974998474121094,38.974998474121094,3461,0.0,0.0,0.0
2024-03-13 13:30:00-04:00,38.98659896850586,38.98659896850586,38.95000076293945,38.95000076293945,1255,0.0,0.0,0.0
2024-03-13 15:30:00-04:00,39.0,39.0099983215332,38.97999954223633,38.98979949951172,0,0.0,0.0,0.0
2024-03-14 09:30:00-04:00,39.012298583984375,39.012298583984375,39.012298583984375,39.012298583984375,746,0.0,0.0,0.0
2024-03-14 11:30:00-04:00,39.01390075683594,39.01390075683594,39.01390075683594,39.01390075683594,845,0.0,0.0,0.0
2024-03-14 13:30:00-04:00,39.02000045776367,39.02000045776367,38.9900016784668,38.9900016784668,2066,0.0,0.0,0.0
2024-03-14 14:30:00-04:00,38.970001220703125,38.970001220703125,38.959999084472656,38.959999084472656,915,0.0,0.0,0.0
2024-03-14 15:30:00-04:00,39.0,39.0,38.994998931884766,38.994998931884766,0,0.0,0.0,0.0
2024-03-15 10:30:00-04:00,39.029998779296875,39.029998779296875,38.97010040283203,38.97010040283203,370,0.0,0.0,0.0
2024-03-15 12:30:00-04:00,39.020999908447266,39.025001525878906,39.02000045776367,39.025001525878906,2600,0.0,0.0,0.0
2024-03-15 13:30:00-04:00,39.02009963989258,39.029998779296875,39.02009963989258,39.029998779296875,609,0.0,0.0,0.0
2024-03-15 15:30:00-04:00,39.02000045776367,39.02000045776367,39.02000045776367,39.02000045776367,715,0.0,0.0,0.0
2024-03-18 09:30:00-04:00,39.04999923706055,39.04999923706055,39.04999923706055,39.04999923706055,0,0.0,0.0,0.0
2024-03-18 11:30:00-04:00,39.0,39.0,39.0,39.0,334,0.0,0.0,0.0
2024-03-18 14:30:00-04:00,39.040000915527344,39.04999923706055,38.99610137939453,39.04999923706055,1607,0.0,0.0,0.0
2024-03-18 15:30:00-04:00,39.043701171875,39.043701171875,39.015201568603516,39.015201568603516,1103,0.0,0.0,0.0
2024-03-19 09:30:00-04:00,39.04999923706055,39.04999923706055,38.9900016784668,38.9900016784668,0,0.0,0.0,0.0
2024-03-19 10:30:00-04:00,38.9900016784668,38.9900016784668,38.9900016784668,38.9900016784668,1527,0.0,0.0,0.0
2024-03-19 12:30:00-04:00,38.9900016784668,38.9900016784668,38.9900016784668,38.9900016784668,771,0.0,0.0,0.0
2024-03-19 13:30:00-04:00,38.96039962768555,39.0,38.959999084472656,38.959999084472656,3673,0.0,0.0,0.0
2024-03-19 14:30:00-04:00,38.97999954223633,38.97999954223633,38.97999954223633,38.97999954223633,275,0.0,0.0,0.0
2024-03-20 09:30:00-04:00,38.97999954223633,38.97999954223633,38.97999954223633,38.97999954223633,0,0.0,0.0,0.0
2024-03-20 11:30:00-04:00,38.9900016784668,38.9900016784668,38.9900016784668,38.9900016784668,293,0.0,0.0,0.0
2024-03-20 12:30:00-04:00,38.97999954223633,38.97999954223633,38.97999954223633,38.97999954223633,294,0.0,0.0,0.0
2024-03-20 13:30:00-04:00,38.9900016784668,38.9900016784668,38.915000915527344,38.98500061035156,2516,0.0,0.0,0.0
2024-03-20 14:30:00-04:00,38.9900016784668,39.040000915527344,38.9900016784668,39.040000915527344,313,0.0,0.0,0.0
2024-03-20 15:30:00-04:00,39.0099983215332,39.0099983215332,38.97999954223633,39.0099983215332,0,0.0,0.0,0.0
2024-03-21 10:30:00-04:00,39.0099983215332,39.0099983215332,39.0099983215332,39.0099983215332,421,0.0,0.0,0.0
2024-03-21 11:30:00-04:00,39.06999969482422,39.06999969482422,39.06999969482422,39.06999969482422,176,0.0,0.0,0.0
2024-03-21 15:30:00-04:00,39.02000045776367,39.02000045776367,39.02000045776367,39.02000045776367,100,0.0,0.0,0.0
2024-03-22 10:30:00-04:00,39.04999923706055,39.04999923706055,39.04999923706055,39.04999923706055,0,0.0,0.0,0.0
2024-03-22 11:30:00-04:00,39.02000045776367,39.08000183105469,39.02000045776367,39.04999923706055,1034,0.0,0.0,0.0
2024-03-22 12:30:00-04:00,39.04999923706055,39.08000183105469,39.02050018310547,39.08000183105469,13567,0.0,0.0,0.0
2024-03-22 13:30:00-04:00,39.096900939941406,39.096900939941406,39.096900939941406,39.096900939941406,354,0.0,0.0,0.0
2024-03-22 14:30:00-04:00,39.097801208496094,39.097801208496094,39.06890106201172,39.06890106201172,720,0.0,0.0,0.0
2024-03-25 11:30:00-04:00,39.029998779296875,39.029998779296875,39.029998779296875,39.029998779296875,0,0.0,0.0,0.0
2024-03-25 12:30:00-04:00,39.077598571777344,39.08369827270508,39.060001373291016,39.08369827270508,2643,0.0,0.0,0.0
2024-03-25 14:30:00-04:00,39.08100128173828,39.089900970458984,39.029998779296875,39.029998779296875,0,0.0,0.0,0.0
2024-03-26 09:30:00-04:00,39.082801818847656,39.082801818847656,39.082801818847656,39.082801818847656,131,0.0,0.0,0.0
2024-03-26 11:30:00-04:00,39.03150177001953,39.03150177001953,39.03150177001953,39.03150177001953,0,0.0,0.0,0.0
2024-03-26 12:30:00-04:00,39.08000183105469,39.09000015258789,39.08000183105469,39.09000015258789,5484,0.0,0.0,0.0
2024-03-26 13:30:00-04:00,39.06850051879883,39.06999969482422,39.040000915527344,39.06999969482422,0,0.0,0.0,0.0
2024-03-27 09:30:00-04:00,38.880001068115234,38.880001068115234,38.880001068115234,38.880001068115234,492,0.0,0.0,0.0
2024-03-27 10:30:00-04:00,38.868900299072266,38.868900299072266,38.868900299072266,38.868900299072266,1650,0.0,0.0,0.0
2024-03-27 12:30:00-04:00,38.87519836425781,38.87519836425781,38.87519836425781,38.87519836425781,252,0.0,0.0,0.0
2024-03-27 14:30:00-04:00,38.880001068115234,38.880001068115234,38.880001068115234,38.880001068115234,249,0.0,0.0,0.0
2024-03-27 15:30:00-04:00,38.869998931884766,38.88999938964844,38.869998931884766,38.869998931884766,16856,0.0,0.0,0.0
2024-03-28 09:30:00-04:00,38.880001068115234,38.89030075073242,38.86000061035156,38.89030075073242,0,0.0,0.0,0.0
2024-03-28 10:30:00-04:00,38.86000061035156,38.86000061035156,38.86000061035156,38.86000061035156,1644,0.0,0.0,0.0
2024-03-28 11:30:00-04:00,38.91350173950195,38.91350173950195,38.86069869995117,38.86069869995117,1402,0.0,0.0,0.0
2024-03-28 14:30:00-04:00,38.919898986816406,38.91999816894531,38.880001068115234,38.880001068115234,2079,0.0,0.0,0.0
2024-03-28 15:30:00-04:00,38.90999984741211,38.95000076293945,38.880001068115234,38.95000076293945,4701,0.0,0.0,0.0
2024-04-01 09:30:00-04:00,38.95000076293945,38.95000076293945,38.91999816894531,38.95000076293945,0,0.0,0.0,0.0
2024-04-01 11:30:00-04:00,38.943199157714844,38.943199157714844,38.88999938964844,38.88999938964844,1298,0.0,0.0,0.0
2024-04-01 12:30:00-04:00,38.91999816894531,38.94419860839844,38.88999938964844,38.935298919677734,3858,0.0,0.0,0.0
2024-04-01 13:30:00-04:00,38.88999938964844,38.88999938964844,38.88999938964844,38.88999938964844,532,0.0,0.0,0.0
2024-04-02 09:30:00-04:00,38.95000076293945,38.95000076293945,38.91510009765625,38.943199157714844,0,0.0,0.0,0.0
2024-04-02 10:30:00-04:00,38.914798736572266,38.91999816894531,38.900001525878906,38.91999816894531,14213,0.0,0.0,0.0
2024-04-02 12:30:00-04:00,38.88999938964844,38.88999938964844,38.88999938964844,38.88999938964844,239,0.0,0.0,0.0
2024-04-02 13:30:00-04:00,38.94990158081055,38.94990158081055,38.90999984741211,38.90999984741211,5027,0.0,0.0,0.0
2024-04-02 15:30:00-04:00,38.94350051879883,38.94350051879883,38.88999938964844,38.88999938964844,850,0.0,0.0,0.0
2024-04-03 09:30:00-04:00,38.95000076293945,38.95000076293945,38.95000076293945,38.95000076293945,0,0.0,0.0,0.0
2024-04-03 11:30:00-04:00,38.900001525878906,38.900001525878906,38.900001525878906,38.900001525878906,674,0.0,0.0,0.0
2024-04-03 12:30:00-04:00,38.890098571777344,38.91999816894531,38.890098571777344,38.91999816894531,3181,0.0,0.0,0.0
2024-04-03 15:30:00-04:00,38.94350051879883,38.94350051879883,38.90999984741211,38.91999816894531,14711,0.0,0.0,0.0
2024-04-04 09:30:00-04:00,38.97999954223633,38.97999954223633,38.96009826660156,38.96009826660156,0,0.0,0.0,0.0
2024-04-04 12:30:00-04:00,38.959999084472656,38.97999954223633,38.959800720214844,38.959800720214844,1616,0.0,0.0,0.0
2024-04-05 09:30:00-04:00,38.959999084472656,38.959999084472656,38.95880126953125,38.95880126953125,0,0.0,0.0,0.0
2024-04-05 10:30:00-04:00,38.95199966430664,38.95199966430664,38.95199966430664,38.95199966430664,1026,0.0,0.0,0.0
2024-04-05 11:30:00-04:00,38.94850158691406,38.970001220703125,38.94850158691406,38.970001220703125,3173,0.0,0.0,0.0
2024-04-05 12:30:00-04:00,38.959999084472656,38.959999084472656,38.959999084472656,38.959999084472656,446,0.0,0.0,0.0
2024-04-05 14:30:00-04:00,38.940101623535156,38.940101623535156,38.940101623535156,38.940101623535156,190,0.0,0.0,0.0
2024-04-05 15:30:00-04:00,38.959999084472656,38.970001220703125,38.959999084472656,38.970001220703125,1509,0.0,0.0,0.0
2024-04-08 09:30:00-04:00,38.95000076293945,38.959999084472656,38.95000076293945,38.959999084472656,0,0.0,0.0,0.0
2024-04-08 12:30:00-04:00,38.95000076293945,38.983699798583984,38.95000076293945,38.959999084472656,2180,0.0,0.0,0.0
2024-04-08 13:30:00-04:00,38.97999954223633,38.97999954223633,38.959999084472656,38.959999084472656,298,0.0,0.0,0.0
2024-04-08 15:30:00-04:00,38.970001220703125,38.97520065307617,38.970001220703125,38.97520065307617,695,0.0,0.0,0.0
2024-04-09 09:30:00-04:00,39.0099983215332,39.0099983215332,39.0099983215332,39.0099983215332,0,0.0,0.0,0.0
2024-04-09 10:30:00-04:00,39.0,39.0,39.0,39.0,122,0.0,0.0,0.0
2024-04-09 11:30:00-04:00,39.0,39.0098991394043,38.97999954223633,39.0098991394043,2043,0.0,0.0,0.0
2024-04-09 13:30:00-04:00,38.940101623535156,39.0,38.940101623535156,39.0,313,0.0,0.0,0.0
2024-04-09 14:30:00-04:00,38.97999954223633,38.97999954223633,38.974998474121094,38.974998474121094,612,0.0,0.0,0.0
2024-04-09 15:30:00-04:00,39.0099983215332,39.0099983215332,38.939998626708984,38.939998626708984,0,0.0,0.0,0.0
2024-04-10 09:30:00-04:00,38.96500015258789,38.9900016784668,38.96500015258789,38.9900016784668,1005,0.0,0.0,0.0
2024-04-10 11:30:00-04:00,38.99440002441406,38.99440002441406,38.96889877319336,38.970001220703125,2693,0.0,0.0,0.0
2024-04-10 13:30:00-04:00,38.981201171875,38.981201171875,38.981201171875,38.981201171875,302,0.0,0.0,0.0
2024-04-10 15:30:00-04:00,38.98249816894531,38.98249816894531,38.95479965209961,38.95479965209961,0,0.0,0.0,0.0
2024-04-11 09:30:00-04:00,38.98500061035156,39.0099983215332,38.98500061035156,39.0099983215332,591,0.0,0.0,0.0
2024-04-11 13:30:00-04:00,39.02000045776367,39.02000045776367,39.02000045776367,39.02000045776367,156,0.0,0.0,0.0
2024-04-11 14:30:00-04:00,39.0099983215332,39.0099983215332,38.99769973754883,38.99769973754883,0,0.0,0.0,0.0
2024-04-12 11:30:00-04:00,38.9900016784668,38.9900016784668,38.9900016784668,38.9900016784668,333,0.0,0.0,0.0
2024-04-12 12:30:00-04:00,38.976600646972656,38.976600646972656,38.976600646972656,38.976600646972656,938,0.0,0.0,0.0
2024-04-12 13:30:00-04:00,39.005001068115234,39.005001068115234,39.00040054321289,39.00339889526367,831,0.0,0.0,0.0
2024-04-12 14:30:00-04:00,38.987300872802734,38.987300872802734,38.987300872802734,38.987300872802734,1385,0.0,0.0,0.0
2024-04-15 09:30:00-04:00,39.040000915527344,39.040000915527344,39.025699615478516,39.025699615478516,0,0.0,0.0,0.0
2024-04-15 10:30:00-04:00,39.040000915527344,39.040000915527344,39.040000915527344,39.040000915527344,255,0.0,0.0,0.0
2024-04-15 12:30:00-04:00,39.02000045776367,39.0359001159668,39.02000045776367,39.0359001159668,955,0.0,0.0,0.0
2024-04-15 13:30:00-04:00,39.03990173339844,39.040000915527344,39.0099983215332,39.040000915527344,4648,0.0,0.0,0.0
2024-04-15 14:30:00-04:00,39.029998779296875,39.029998779296875,38.970001220703125,39.0099983215332,3905,0.0,0.0,0.0
2024-04-15 15:30:00-04:00,39.0099983215332,39.02000045776367,39.0099983215332,39.02000045776367,0,0.0,0.0,0.0
2024-04-16 09:30:00-04:00,38.9900016784668,38.9900016784668,38.9900016784668,38.9900016784668,188,0.0,0.0,0.0
2024-04-16 10:30:00-04:00,39.040000915527344,39.04999923706055,38.97999954223633,39.04999923706055,5423,0.0,0.0,0.0
2024-04-16 11:30:00-04:00,39.040000915527344,39.040000915527344,39.040000915527344,39.040000915527344,230,0.0,0.0,0.0
2024-04-16 12:30:00-04:00,39.04999923706055,39.04999923706055,39.04999923706055,39.04999923706055,269,0.0,0.0,0.0
2024-04-16 13:30:00-04:00,38.987098693847656,39.03419876098633,38.987098693847656,39.03419876098633,1723,0.0,0.0,0.0
2024-04-16 14:30:00-04:00,39.04290008544922,39.04290008544922,39.0099983215332,39.0099983215332,33037,0.0,0.0,0.0
2024-04-16 15:30:00-04:00,39.04999923706055,39.04999923706055,39.02000045776367,39.02000045776367,29915,0.0,0.0,0.0
2024-04-17 09:30:00-04:00,39.0,39.04999923706055,39.0,39.04999923706055,0,0.0,0.0,0.0
2024-04-17 10:30:00-04:00,39.04389953613281,39.04999923706055,39.040000915527344,39.04999923706055,2785,0.0,0.0,0.0
2024-04-17 11:30:00-04:00,39.060001373291016,39.06999969482422,39.04999923706055,39.06999969482422,0,0.0,0.0,0.0
2024-04-17 12:30:00-04:00,39.06999969482422,39.08000183105469,39.06999969482422,39.06999969482422,16258,0.0,0.0,0.0
2024-04-17 13:30:00-04:00,39.06999969482422,39.079498291015625,39.064998626708984,39.064998626708984,4117,0.0,0.0,0.0
2024-04-17 14:30:00-04:00,39.06999969482422,39.08000183105469,39.04999923706055,39.04999923706055,2279,0.0,0.0,0.0
2024-04-17 15:30:00-04:00,39.060001373291016,39.060001373291016,39.04999923706055,39.04999923706055,0,0.0,0.0,0.0
2024-04-18 09:30:00-04:00,39.08000183105469,39.08000183105469,39.08000183105469,39.08000183105469,100,0.0,0.0,0.0
2024-04-18 10:30:00-04:00,39.06999969482422,39.08000183105469,39.0099983215332,39.08000183105469,25825,0.0,0.0,0.0
2024-04-18 11:30:00-04:00,39.060001373291016,39.08000183105469,39.060001373291016,39.08000183105469,2850,0.0,0.0,0.0
2024-04-18 12:30:00-04:00,39.08000183105469,39.08000183105469,39.060001373291016,39.060001373291016,910,0.0,0.0,0.0
2024-04-18 13:30:00-04:00,39.07040023803711,39.07040023803711,39.07040023803711,39.07040023803711,139,0.0,0.0,0.0
2024-04-18 14:30:00-04:00,39.06999969482422,39.08000183105469,39.06999969482422,39.06999969482422,2576,0.0,0.0,0.0
2024-04-18 15:30:00-04:00,39.06999969482422,39.06999969482422,39.06999969482422,39.06999969482422,0,0.0,0.0,0.0
2024-04-19 09:30:00-04:00,39.06999969482422,39.09000015258789,39.06999969482422,39.09000015258789,600,0.0,0.0,0.0
2024-04-19 11:30:00-04:00,39.08000183105469,39.08000183105469,39.08000183105469,39.08000183105469,1059,0.0,0.0,0.0
2024-04-19 12:30:00-04:00,39.084999084472656,39.09700012207031,39.084999084472656,39.09700012207031,678,0.0,0.0,0.0
2024-04-19 13:30:00-04:00,39.06999969482422,39.06999969482422,39.06999969482422,39.06999969482422,342,0.0,0.0,0.0
2024-04-19 14:30:00-04:00,39.06999969482422,39.06999969482422,39.06999969482422,39.06999969482422,166,0.0,0.0,0.0
2024-04-19 15:30:00-04:00,39.084999084472656,39.11000061035156,39.084999084472656,39.11000061035156,1086,0.0,0.0,0.0
2024-04-22 09:30:00-04:00,39.09000015258789,39.09000015258789,39.08610153198242,39.08610153198242,0,0.0,0.0,0.0
2024-04-22 10:30:00-04:00,39.09000015258789,39.09000015258789,39.09000015258789,39.09000015258789,118,0.0,0.0,0.0
2024-04-22 11:30:00-04:00,39.08489990234375,39.099998474121094,39.08000183105469,39.08000183105469,2546,0.0,0.0,0.0
2024-04-22 12:30:00-04:00,39.08000183105469,39.097801208496094,39.08000183105469,39.097801208496094,331,0.0,0.0,0.0
2024-04-22 13:30:00-04:00,39.09000015258789,39.0989990234375,39.041099548339844,39.041099548339844,5957,0.0,0.0,0.0
2024-04-22 14:30:00-04:00,39.09000015258789,39.09000015258789,39.09000015258789,39.09000015258789,100,0.0,0.0,0.0
2024-04-22 15:30:00-04:00,39.08000183105469,39.08000183105469,39.064998626708984,39.064998626708984,300,0.0,0.0,0.0
2024-04-23 09:30:00-04:00,39.04999923706055,39.099998474121094,39.04999923706055,39.099998474121094,0,0.0,0.0,0.0
2024-04-23 10:30:00-04:00,39.085899353027344,39.085899353027344,39.040000915527344,39.040000915527344,7450,0.0,0.0,0.0
2024-04-23 11:30:00-04:00,39.099998474121094,39.099998474121094,39.099998474121094,39.099998474121094,220,0.0,0.0,0.0
2024-04-23 12:30:00-04:00,39.09880065917969,39.09880065917969,39.09000015258789,39.09000015258789,2331,0.0,0.0,0.0
2024-04-23 13:30:00-04:00,39.09000015258789,39.099998474121094,39.09000015258789,39.09000015258789,3059,0.0,0.0,0.0
2024-04-23 14:30:00-04:00,39.06999969482422,39.09000015258789,39.06999969482422,39.09000015258789,864,0.0,0.0,0.0
2024-04-23 15:30:00-04:00,39.09000015258789,39.09000015258789,39.09000015258789,39.09000015258789,0,0.0,0.0,0.0
2024-04-24 09:30:00-04:00,39.094600677490234,39.094600677490234,39.094600677490234,39.094600677490234,495,0.0,0.0,0.0
2024-04-24 15:30:00-04:00,39.119998931884766,39.31999969482422,39.119998931884766,39.31999969482422,150210,0.0,0.0,0.0
2024-04-25 10:30:00-04:00,39.07149887084961,39.076900482177734,39.07149887084961,39.076900482177734,30228,0.0,0.0,0.0
2024-04-25 11:30:00-04:00,39.09000015258789,39.099998474121094,39.09000015258789,39.099998474121094,1671,0.0,0.0,0.0
2024-04-25 12:30:00-04:00,39.06999969482422,39.08000183105469,39.06999969482422,39.07749938964844,1424,0.0,0.0,0.0
2024-04-25 14:30:00-04:00,39.10210037231445,39.10210037231445,39.10200119018555,39.10200119018555,475,0.0,0.0,0.0
2024-04-25 15:30:00-04:00,39.0984001159668,39.0984001159668,39.060001373291016,39.08000183105469,0,0.0,0.0,0.0
2024-04-26 09:30:00-04:00,38.95989990234375,38.95989990234375,38.95000076293945,38.95000076293945,3527,0.0,0.0,0.0
2024-04-26 11:30:00-04:00,38.950199127197266,38.959999084472656,38.95000076293945,38.959999084472656,1145,0.0,0.0,0.0
2024-04-26 12:30:00-04:00,38.95000076293945,38.95989990234375,38.95000076293945,38.95000076293945,4491,0.0,0.0,0.0
2024-04-26 14:30:00-04:00,38.95690155029297,38.95690155029297,38.95690155029297,38.95690155029297,205,0.0,0.0,0.0
2024-04-26 15:30:00-04:00,38.95009994506836,38.95899963378906,38.95000076293945,38.95899963378906,1040,0.0,0.0,0.0
2024-04-29 09:30:00-04:00,38.93479919433594,38.93479919433594,38.93479919433594,38.93479919433594,0,0.0,0.0,0.0
2024-04-29 10:30:00-04:00,38.939998626708984,38.95500183105469,38.939998626708984,38.95000076293945,3729,0.0,0.0,0.0
2024-04-29 13:30:00-04:00,38.95000076293945,38.95000076293945,38.95000076293945,38.95000076293945,100,0.0,0.0,0.0
2024-04-29 15:30:00-04:00,38.93000030517578,38.959999084472656,38.93000030517578,38.95500183105469,3082,0.0,0.0,0.0
2024-04-30 09:30:00-04:00,38.959999084472656,38.97999954223633,38.959999084472656,38.97999954223633,0,0.0,0.0,0.0
2024-04-30 10:30:00-04:00,38.974998474121094,38.974998474121094,38.974998474121094,38.974998474121094,133,0.0,0.0,0.0
2024-04-30 11:30:00-04:00,38.959999084472656,38.97999954223633,38.959999084472656,38.97999954223633,352,0.0,0.0,0.0
2024-04-30 12:30:00-04:00,38.9900016784668,38.9900016784668,38.98619842529297,38.98619842529297,1728,0.0,0.0,0.0
2024-04-30 14:30:00-04:00,38.96009826660156,38.962799072265625,38.959999084472656,38.962799072265625,1738,0.0,0.0,0.0
2024-04-30 15:30:00-04:00,38.97999954223633,38.97999954223633,38.97480010986328,38.97480010986328,100,0.0,0.0,0.0
2024-05-01 09:30:00-04:00,38.959999084472656,38.97999954223633,38.959999084472656,38.974998474121094,0,0.0,0.0,0.0
2024-05-01 12:30:00-04:00,38.974998474121094,38.974998474121094,38.974998474121094,38.974998474121094,951,0.0,0.0,0.0
2024-05-01 14:30:00-04:00,38.970001220703125,38.970001220703125,38.970001220703125,38.970001220703125,158,0.0,0.0,0.0
2024-05-01 15:30:00-04:00,38.97919845581055,38.97919845581055,38.974998474121094,38.974998474121094,1173,0.0,0.0,0.0
2024-05-02 09:30:00-04:00,38.970001220703125,38.9900016784668,38.970001220703125,38.9900016784668,875,0.0,0.0,0.0
2024-05-02 10:30:00-04:00,38.970001220703125,38.970001220703125,38.970001220703125,38.970001220703125,145,0.0,0.0,0.0
2024-05-02 11:30:00-04:00,38.97999954223633,38.97999954223633,38.970001220703125,38.970001220703125,1468,0.0,0.0,0.0
2024-05-02 12:30:00-04:00,38.9900016784668,38.9900016784668,38.9900016784668,38.9900016784668,127,0.0,0.0,0.0
2024-05-02 13:30:00-04:00,38.98500061035156,38.99660110473633,38.98500061035156,38.99100112915039,1511,0.0,0.0,0.0
2024-05-02 14:30:00-04:00,38.970001220703125,39.0,38.970001220703125,39.0,464,0.0,0.0,0.0
2024-05-02 15:30:00-04:00,38.9900016784668,38.9900016784668,38.97999954223633,38.9900016784668,300,0.0,0.0,0.0
2024-05-03 09:30:00-04:00,39.02000045776367,39.02000045776367,38.956199645996094,39.0099983215332,0,0.0,0.0,0.0
2024-05-03 10:30:00-04:00,38.97999954223633,38.99290084838867,38.97999954223633,38.99290084838867,450,0.0,0.0,0.0
2024-05-03 11:30:00-04:00,39.0,39.0,38.993099212646484,38.993099212646484,1427,0.0,0.0,0.0
2024-05-03 12:30:00-04:00,39.0,39.02000045776367,39.0,39.00210189819336,3867,0.0,0.0,0.0
2024-05-03 13:30:00-04:00,39.02000045776367,39.02000045776367,39.003299713134766,39.003299713134766,1151,0.0,0.0,0.0
2024-05-03 14:30:00-04:00,39.0,39.0099983215332,39.0,39.0099983215332,400,0.0,0.0,0.0
2024-05-03 15:30:00-04:00,39.0099983215332,39.0099983215332,39.0099983215332,39.0099983215332,100,0.0,0.0,0.0
2024-05-06 09:30:00-04:00,38.970001220703125,39.02000045776367,38.970001220703125,39.005001068115234,0,0.0,0.0,0.0
2024-05-06 11:30:00-04:00,39.0,39.000099182128906,39.0,39.0,5719,0.0,0.0,0.0
2024-05-06 12:30:00-04:00,39.0099983215332,39.0099983215332,39.0099983215332,39.0099983215332,1038,0.0,0.0,0.0
2024-05-06 13:30:00-04:00,39.0099983215332,39.0099983215332,38.96609878540039,38.96609878540039,1101,0.0,0.0,0.0
2024-05-06 14:30:00-04:00,38.9901008605957,38.9922981262207,38.9901008605957,38.9922981262207,978,0.0,0.0,0.0
2024-05-06 15:30:00-04:00,38.970001220703125,38.970001220703125,38.970001220703125,38.970001220703125,298,0.0,0.0,0.0
2024-05-07 09:30:00-04:00,38.97999954223633,39.02000045776367,38.97999954223633,39.02000045776367,0,0.0,0.0,0.0
2024-05-07 10:30:00-04:00,38.9900016784668,38.9906005859375,38.9900016784668,38.9906005859375,646,0.0,0.0,0.0
2024-05-07 11:30:00-04:00,39.02000045776367,39.02000045776367,39.02000045776367,39.02000045776367,175,0.0,0.0,0.0
2024-05-07 12:30:00-04:00,38.9900016784668,38.9900016784668,38.9900016784668,38.9900016784668,470,0.0,0.0,0.0
2024-05-07 13:30:00-04:00,39.02000045776367,39.029998779296875,39.0099983215332,39.0099983215332,0,0.0,0.0,0.0
2024-05-08 09:30:00-04:00,39.0099983215332,39.0099983215332,39.0099983215332,39.0099983215332,1075,0.0,0.0,0.0
2024-05-08 10:30:00-04:00,39.029998779296875,39.029998779296875,39.029998779296875,39.029998779296875,493,0.0,0.0,0.0
2024-05-08 11:30:00-04:00,39.0099983215332,39.0099983215332,39.0099983215332,39.0099983215332,250,0.0,0.0,0.0
2024-05-08 14:30:00-04:00,39.02000045776367,39.02000045776367,39.02000045776367,39.02000045776367,2032,0.0,0.0,0.0
2024-05-08 15:30:00-04:00,39.02000045776367,39.029998779296875,39.02000045776367,39.025001525878906,410,0.0,0.0,0.0
2024-05-09 09:30:00-04:00,39.040000915527344,39.06380081176758,39.040000915527344,39.06380081176758,0,0.0,0.0,0.0
2024-05-09 10:30:00-04:00,39.06909942626953,39.06909942626953,39.06909942626953,39.06909942626953,841,0.0,0.0,0.0
2024-05-09 11:30:00-04:00,39.06999969482422,39.06999969482422,39.064998626708984,39.064998626708984,1606,0.0,0.0,0.0
2024-05-09 12:30:00-04:00,39.040000915527344,39.06999969482422,39.038700103759766,39.06999969482422,1409,0.0,0.0,0.0
2024-05-09 13:30:00-04:00,39.01539993286133,39.06999969482422,39.01539993286133,39.060001373291016,16267,0.0,0.0,0.0
2024-05-09 14:30:00-04:00,39.04999923706055,39.069698333740234,39.04999923706055,39.060001373291016,2237,0.0,0.0,0.0
2024-05-10 09:30:00-04:00,39.08000183105469,39.089900970458984,39.08000183105469,39.08000183105469,0,0.0,0.0,0.0
2024-05-10 11:30:00-04:00,39.029998779296875,39.08000183105469,39.029998779296875,39.08000183105469,1125,0.0,0.0,0.0
2024-05-10 13:30:00-04:00,39.09000015258789,39.09000015258789,39.060001373291016,39.08000183105469,3908,0.0,0.0,0.0
2024-05-10 15:30:00-04:00,39.08000183105469,39.0890007019043,39.08000183105469,39.0890007019043,1300,0.0,0.0,0.0
2024-05-13 09:30:00-04:00,39.099998474121094,39.099998474121094,39.064998626708984,39.064998626708984,0,0.0,0.0,0.0
2024-05-13 10:30:00-04:00,39.029998779296875,39.029998779296875,39.029998779296875,39.029998779296875,180,0.0,0.0,0.0
2024-05-13 11:30:00-04:00,39.09000015258789,39.09000015258789,39.09000015258789,39.09000015258789,15189,0.0,0.0,0.0
2024-05-13 12:30:00-04:00,39.097999572753906,39.097999572753906,39.097999572753906,39.097999572753906,500,0.0,0.0,0.0
2024-05-13 13:30:00-04:00,39.08869934082031,39.09000015258789,39.08869934082031,39.09000015258789,591,0.0,0.0,0.0
2024-05-13 14:30:00-04:00,39.099998474121094,39.099998474121094,39.09590148925781,39.09590148925781,690,0.0,0.0,0.0
2024-05-13 15:30:00-04:00,39.09550094604492,39.09550094604492,39.09000015258789,39.09450149536133,4282,0.0,0.0,0.0
2024-05-14 09:30:00-04:00,39.06999969482422,39.099998474121094,39.06999969482422,39.099998474121094,0,0.0,0.0,0.0
2024-05-14 10:30:00-04:00,39.10499954223633,39.11000061035156,39.10499954223633,39.10499954223633,742,0.0,0.0,0.0
2024-05-14 11:30:00-04:00,39.099998474121094,39.11000061035156,39.099998474121094,39.11000061035156,1075,0.0,0.0,0.0
2024-05-14 12:30:00-04:00,39.099998474121094,39.099998474121094,39.099998474121094,39.099998474121094,472,0.0,0.0,0.0
2024-05-14 14:30:00-04:00,39.099998474121094,39.099998474121094,39.040000915527344,39.040000915527344,3667,0.0,0.0,0.0
2024-05-14 15:30:00-04:00,39.04999923706055,39.04999923706055,39.029998779296875,39.029998779296875,1500,0.0,0.0,0.0
2024-05-15 09:30:00-04:00,39.09000015258789,39.099998474121094,39.09000015258789,39.099998474121094,108805,0.0,0.0,0.0
2024-05-15 10:30:00-04:00,39.119998931884766,39.150001525878906,39.099998474121094,39.099998474121094,0,0.0,0.0,0.0
2024-05-15 11:30:00-04:00,39.13850021362305,39.13850021362305,39.130001068115234,39.130001068115234,130676,0.0,0.0,0.0
2024-05-15 12:30:00-04:00,39.130001068115234,39.13999938964844,39.130001068115234,39.130001068115234,12967,0.0,0.0,0.0
2024-05-15 13:30:00-04:00,39.11000061035156,39.13999938964844,39.11000061035156,39.13999938964844,2935,0.0,0.0,0.0
2024-05-15 14:30:00-04:00,39.099998474121094,39.13999938964844,39.090999603271484,39.13999938964844,2456,0.0,0.0,0.0
2024-05-15 15:30:00-04:00,39.090999603271484,39.090999603271484,39.08000183105469,39.08000183105469,0,0.0,0.0,0.0
2024-05-16 09:30:00-04:00,39.130001068115234,39.130001068115234,39.10150146484375,39.10150146484375,563,0.0,0.0,0.0
2024-05-16 10:30:00-04:00,39.07550048828125,39.07550048828125,39.07550048828125,39.07550048828125,1060,0.0,0.0,0.0
2024-05-16 11:30:00-04:00,39.130001068115234,39.130001068115234,39.12799835205078,39.12799835205078,1741,0.0,0.0,0.0
2024-05-16 12:30:00-04:00,39.119998931884766,39.119998931884766,39.119998931884766,39.119998931884766,202,0.0,0.0,0.0
2024-05-16 13:30:00-04:00,39.130001068115234,39.130001068115234,39.119998931884766,39.119998931884766,744,0.0,0.0,0.0
2024-05-16 15:30:00-04:00,39.11000061035156,39.11000061035156,39.11000061035156,39.11000061035156,0,0.0,0.0,0.0
2024-05-17 11:30:00-04:00,39.13999938964844,39.13999938964844,39.11000061035156,39.11000061035156,2240,0.0,0.0,0.0
2024-05-17 12:30:00-04:00,39.13520050048828,39.13520050048828,39.08000183105469,39.08000183105469,1413,0.0,0.0,0.0
2024-05-17 14:30:00-04:00,39.150001525878906,39.150001525878906,39.150001525878906,39.150001525878906,236,0.0,0.0,0.0
2024-05-17 15:30:00-04:00,39.1349983215332,39.1349983215332,39.1349983215332,39.1349983215332,117,0.0,0.0,0.0
2024-05-20 09:30:00-04:00,39.130001068115234,39.15999984741211,39.130001068115234,39.158199310302734,0,0.0,0.0,0.0
2024-05-20 11:30:00-04:00,39.15999984741211,39.15999984741211,39.15169906616211,39.15169906616211,442,0.0,0.0,0.0
2024-05-20 12:30:00-04:00,39.15999984741211,39.15999984741211,39.13999938964844,39.14670181274414,1081,0.0,0.0,0.0
2024-05-20 13:30:00-04:00,39.13880157470703,39.13880157470703,39.108699798583984,39.108699798583984,1006,0.0,0.0,0.0
2024-05-20 14:30:00-04:00,39.13999938964844,39.13999938964844,39.104400634765625,39.119998931884766,1638,0.0,0.0,0.0
2024-05-20 15:30:00-04:00,39.139801025390625,39.13999938964844,39.130001068115234,39.130001068115234,609,0.0,0.0,0.0
2024-05-21 09:30:00-04:00,39.130001068115234,39.130001068115234,39.130001068115234,39.130001068115234,0,0.0,0.0,0.0
2024-05-21 11:30:00-04:00,39.154998779296875,39.154998779296875,39.13999938964844,39.13999938964844,800,0.0,0.0,0.0
2024-05-21 12:30:00-04:00,39.13999938964844,39.15999984741211,39.13999938964844,39.15999984741211,1345,0.0,0.0,0.0
2024-05-21 13:30:00-04:00,39.16999816894531,39.16999816894531,39.13999938964844,39.150901794433594,550,0.0,0.0,0.0
2024-05-21 14:30:00-04:00,39.1614990234375,39.1614990234375,39.1614990234375,39.1614990234375,121,0.0,0.0,0.0
2024-05-21 15:30:00-04:00,39.1349983215332,39.16999816894531,39.1349983215332,39.15999984741211,813,0.0,0.0,0.0
2024-05-22 12:30:00-04:00,39.099998474121094,39.099998474121094,39.099998474121094,39.099998474121094,902,0.0,0.0,0.0
2024-05-22 13:30:00-04:00,39.15439987182617,39.15439987182617,39.15439987182617,39.15439987182617,109,0.0,0.0,0.0
2024-05-22 14:30:00-04:00,39.152400970458984,39.152400970458984,39.150001525878906,39.150001525878906,43930,0.0,0.0,0.0
2024-05-22 15:30:00-04:00,39.150001525878906,39.150001525878906,39.10200119018555,39.130001068115234,1504,0.0,0.0,0.0
2024-05-23 09:30:00-04:00,39.189998626708984,39.189998626708984,39.165000915527344,39.165000915527344,0,0.0,0.0,0.0
2024-05-23 12:30:00-04:00,39.19300079345703,39.19300079345703,39.13059997558594,39.13059997558594,1774,0.0,0.0,0.0
2024-05-23 13:30:00-04:00,39.16419982910156,39.16419982910156,39.16419982910156,39.16419982910156,750,0.0,0.0,0.0
2024-05-23 14:30:00-04:00,39.13180160522461,39.1598014831543,39.13180160522461,39.1598014831543,0,0.0,0.0,0.0
2024-05-24 09:30:00-04:00,39.18000030517578,39.209999084472656,39.150001525878906,39.20000076293945,5385,0.0,0.0,0.0
2024-05-24 13:30:00-04:00,39.15999984741211,39.15999984741211,39.15999984741211,39.15999984741211,194397,0.0,0.0,0.0
2024-05-24 14:30:00-04:00,39.20000076293945,39.20000076293945,39.18000030517578,39.18000030517578,134,0.0,0.0,0.0
2024-05-28 09:30:00-04:00,39.203800201416016,39.203800201416016,39.16999816894531,39.16999816894531,0,0.0,0.0,0.0
2024-05-28 10:30:00-04:00,39.17250061035156,39.17250061035156,39.160099029541016,39.160099029541016,4365,0.0,0.0,0.0
2024-05-28 11:30:00-04:00,39.2047004699707,39.209999084472656,39.2047004699707,39.209999084472656,3423,0.0,0.0,0.0
2024-05-28 13:30:00-04:00,39.209999084472656,39.209999084472656,39.15999984741211,39.185001373291016,0,0.0,0.0,0.0
2024-05-29 09:30:00-04:00,39.18000030517578,39.209999084472656,39.150001525878906,39.150001525878906,2910,0.0,0.0,0.0
2024-05-29 10:30:00-04:00,39.189998626708984,39.211700439453125,39.189998626708984,39.211700439453125,37469,0.0,0.0,0.0
2024-05-29 11:30:00-04:00,39.15999984741211,39.15999984741211,39.15999984741211,39.15999984741211,213,0.0,0.0,0.0
2024-05-29 14:30:00-04:00,39.15999984741211,39.209999084472656,39.15999984741211,39.209999084472656,0,0.0,0.0,0.0
2024-05-30 09:30:00-04:00,38.98210144042969,38.988800048828125,38.93000030517578,38.93519973754883,1409,0.0,0.0,0.0
2024-05-30 10:30:00-04:00,38.97999954223633,38.97999954223633,38.97999954223633,38.97999954223633,12119,0.0,0.0,0.0
2024-05-30 13:30:00-04:00,38.939998626708984,38.939998626708984,38.939998626708984,38.939998626708984,4384,0.0,0.0,0.0
2024-05-30 14:30:00-04:00,38.94350051879883,38.94350051879883,38.94350051879883,38.94350051879883,149,0.0,0.0,0.0
2024-05-30 15:30:00-04:00,38.93000030517578,38.95000076293945,38.93000030517578,38.95000076293945,460,0.0,0.0,0.0
2024-05-31 09:30:00-04:00,38.91999816894531,38.97999954223633,38.91999816894531,38.970001220703125,0,0.0,0.0,0.0
2024-05-31 10:30:00-04:00,38.9640998840332,38.9640998840332,38.9640998840332,38.9640998840332,130,0.0,0.0,0.0
2024-05-31 12:30:00-04:00,38.970001220703125,38.970001220703125,38.970001220703125,38.970001220703125,100,0.0,0.0,0.0
2024-05-31 13:30:00-04:00,38.969398498535156,38.969398498535156,38.93000030517578,38.93000030517578,2432,0.0,0.0,0.0
2024-05-31 14:30:00-04:00,38.97999954223633,38.97999954223633,38.97999954223633,38.97999954223633,139,0.0,0.0,0.0
2024-05-31 15:30:00-04:00,38.973899841308594,38.973899841308594,38.90999984741211,38.90999984741211,862,0.0,0.0,0.0
2024-06-03 09:30:00-04:00,39.0,39.0,38.970001220703125,38.9900016784668,1808,0.0,0.0,0.0
2024-06-03 10:30:00-04:00,38.9900016784668,39.00529861450195,38.93000030517578,38.97990036010742,7042,0.0,0.0,0.0
2024-06-03 11:30:00-04:00,38.959999084472656,38.959999084472656,38.959999084472656,38.959999084472656,158,0.0,0.0,0.0
2024-06-03 13:30:00-04:00,38.9900016784668,38.9900016784668,38.98849868774414,38.98849868774414,2571,0.0,0.0,0.0
2024-06-04 09:30:00-04:00,38.95000076293945,39.0099983215332,38.95000076293945,39.0099983215332,0,0.0,0.0,0.0
2024-06-04 10:30:00-04:00,39.00279998779297,39.0078010559082,39.00279998779297,39.0078010559082,5938,0.0,0.0,0.0
2024-06-04 12:30:00-04:00,38.97999954223633,38.97999954223633,38.97999954223633,38.97999954223633,223,0.0,0.0,0.0
2024-06-04 13:30:00-04:00,38.97740173339844,38.9900016784668,38.97740173339844,38.9900016784668,2598,0.0,0.0,0.0
2024-06-04 14:30:00-04:00,38.999900817871094,38.999900817871094,38.940101623535156,38.9900016784668,3203,0.0,0.0,0.0
2024-06-04 15:30:00-04:00,38.994998931884766,38.994998931884766,38.994998931884766,38.994998931884766,500,0.0,0.0,0.0
2024-06-05 09:30:00-04:00,38.95000076293945,38.971500396728516,38.95000076293945,38.971500396728516,0,0.0,0.0,0.0
2024-06-05 10:30:00-04:00,38.9900016784668,39.00189971923828,38.9900016784668,39.0,1471,0.0,0.0,0.0
2024-06-05 12:30:00-04:00,39.000701904296875,39.000701904296875,39.000701904296875,39.000701904296875,295,0.0,0.0,0.0
2024-06-05 13:30:00-04:00,38.959999084472656,38.959999084472656,38.95000076293945,38.95000076293945,311,0.0,0.0,0.0
2024-06-05 14:30:00-04:00,38.95000076293945,38.96500015258789,38.939998626708984,38.96500015258789,861,0.0,0.0,0.0
2024-06-05 15:30:00-04:00,38.97200012207031,39.0,38.97200012207031,39.0,509,0.0,0.0,0.0
2024-06-06 09:30:00-04:00,39.0099983215332,39.01620101928711,39.0099983215332,39.0099983215332,0,0.0,0.0,0.0
2024-06-06 10:30:00-04:00,39.02000045776367,39.02009963989258,39.01300048828125,39.02009963989258,1650,0.0,0.0,0.0
2024-06-06 11:30:00-04:00,39.025001525878906,39.025001525878906,39.025001525878906,39.025001525878906,1220,0.0,0.0,0.0
2024-06-06 12:30:00-04:00,39.02000045776367,39.02000045776367,38.97200012207031,38.97200012207031,2852,0.0,0.0,0.0
2024-06-06 14:30:00-04:00,39.011199951171875,39.029998779296875,39.0,39.02000045776367,4342,0.0,0.0,0.0
2024-06-06 15:30:00-04:00,38.97999954223633,39.006900787353516,38.97999954223633,39.0,0,0.0,0.0,0.0
2024-06-07 09:30:00-04:00,39.02000045776367,39.02000045776367,39.02000045776367,39.02000045776367,220,0.0,0.0,0.0
2024-06-07 11:30:00-04:00,39.04859924316406,39.04859924316406,39.0,39.025001525878906,3740,0.0,0.0,0.0
2024-06-07 12:30:00-04:00,39.040000915527344,39.04880142211914,39.040000915527344,39.04880142211914,411,0.0,0.0,0.0
2024-06-07 13:30:00-04:00,39.03070068359375,39.03070068359375,39.03070068359375,39.03070068359375,1220,0.0,0.0,0.0
2024-06-07 14:30:00-04:00,39.029998779296875,39.029998779296875,39.00199890136719,39.00199890136719,4799,0.0,0.0,0.0
2024-06-07 15:30:00-04:00,39.03310012817383,39.0463981628418,39.025001525878906,39.025001525878906,1829,0.0,0.0,0.0
2024-06-10 09:30:00-04:00,39.060001373291016,39.060001373291016,39.000099182128906,39.00699996948242,0,0.0,0.0,0.0
2024-06-10 10:30:00-04:00,39.029998779296875,39.029998779296875,39.029998779296875,39.029998779296875,400,0.0,0.0,0.0
2024-06-10 11:30:00-04:00,39.055999755859375,39.055999755859375,39.055999755859375,39.055999755859375,2019,0.0,0.0,0.0
2024-06-10 12:30:00-04:00,39.029998779296875,39.029998779296875,39.029998779296875,39.029998779296875,250,0.0,0.0,0.0
2024-06-10 13:30:00-04:00,39.025001525878906,39.058799743652344,38.9900016784668,38.9900016784668,65349,0.0,0.0,0.0
2024-06-10 14:30:00-04:00,39.059898376464844,39.059898376464844,38.9900016784668,38.9900016784668,3545,0.0,0.0,0.0
2024-06-10 15:30:00-04:00,39.029998779296875,39.029998779296875,39.02510070800781,39.02510070800781,250,0.0,0.0,0.0
2024-06-11 09:30:00-04:00,39.040000915527344,39.06999969482422,39.040000915527344,39.06999969482422,0,0.0,0.0,0.0
2024-06-11 13:30:00-04:00,39.01070022583008,39.01070022583008,39.01060104370117,39.01060104370117,9514,0.0,0.0,0.0
2024-06-11 14:30:00-04:00,39.04999923706055,39.04999923706055,39.04999923706055,39.04999923706055,2001,0.0,0.0,0.0
2024-06-11 15:30:00-04:00,39.060001373291016,39.060001373291016,39.060001373291016,39.060001373291016,780,0.0,0.0,0.0
2024-06-12 09:30:00-04:00,39.01530075073242,39.01530075073242,39.01530075073242,39.01530075073242,793,0.0,0.0,0.0
2024-06-12 12:30:00-04:00,39.01139831542969,39.01139831542969,39.01139831542969,39.01139831542969,269,0.0,0.0,0.0
2024-06-12 13:30:00-04:00,39.010101318359375,39.06999969482422,39.0099983215332,39.03519821166992,3960,0.0,0.0,0.0
2024-06-12 14:30:00-04:00,39.000099182128906,39.040000915527344,39.000099182128906,39.040000915527344,501,0.0,0.0,0.0
2024-06-13 09:30:00-04:00,39.130001068115234,39.130001068115234,39.02009963989258,39.02009963989258,144,0.0,0.0,0.0
2024-06-13 10:30:00-04:00,39.025699615478516,39.025699615478516,39.025699615478516,39.025699615478516,701,0.0,0.0,0.0
2024-06-13 12:30:00-04:00,39.040000915527344,39.08000183105469,39.02000045776367,39.02360153198242,3281,0.0,0.0,0.0
2024-06-13 13:30:00-04:00,39.04999923706055,39.09989929199219,39.04999923706055,39.09989929199219,4840,0.0,0.0,0.0
2024-06-13 14:30:00-04:00,39.084999084472656,39.084999084472656,39.06999969482422,39.08089828491211,620,0.0,0.0,0.0
2024-06-13 15:30:00-04:00,39.080299377441406,39.080299377441406,39.05099868774414,39.05099868774414,499,0.0,0.0,0.0
2024-06-14 09:30:00-04:00,39.029998779296875,39.07789993286133,39.029998779296875,39.060001373291016,0,0.0,0.0,0.0
2024-06-14 10:30:00-04:00,39.06890106201172,39.06999969482422,39.062400817871094,39.062400817871094,747,0.0,0.0,0.0
2024-06-14 11:30:00-04:00,39.06399917602539,39.07780075073242,39.062400817871094,39.07780075073242,2435,0.0,0.0,0.0
2024-06-14 12:30:00-04:00,39.06999969482422,39.06999969482422,39.06999969482422,39.06999969482422,2013,0.0,0.0,0.0
2024-06-14 13:30:00-04:00,39.04999923706055,39.04999923706055,39.02000045776367,39.02000045776367,988,0.0,0.0,0.0
2024-06-14 14:30:00-04:00,39.060001373291016,39.060001373291016,39.04999923706055,39.04999923706055,3924,0.0,0.0,0.0
2024-06-17 09:30:00-04:00,39.09000015258789,39.09000015258789,39.09000015258789,39.09000015258789,0,0.0,0.0,0.0
2024-06-17 10:30:00-04:00,39.06869888305664,39.06869888305664,39.06869888305664,39.06869888305664,491,0.0,0.0,0.0
2024-06-17 12:30:00-04:00,39.099998474121094,39.099998474121094,39.099998474121094,39.099998474121094,280,0.0,0.0,0.0
2024-06-17 13:30:00-04:00,39.092098236083984,39.092098236083984,39.092098236083984,39.092098236083984,1021,0.0,0.0,0.0
2024-06-17 14:30:00-04:00,39.036598205566406,39.07830047607422,39.036598205566406,39.06380081176758,2267,0.0,0.0,0.0
2024-06-17 15:30:00-04:00,39.087501525878906,39.09000015258789,39.06370162963867,39.06370162963867,3539,0.0,0.0,0.0
2024-06-18 09:30:00-04:00,39.06999969482422,39.10129928588867,39.06999969482422,39.10129928588867,0,0.0,0.0,0.0
2024-06-18 10:30:00-04:00,39.08000183105469,39.08000183105469,39.05780029296875,39.05780029296875,315,0.0,0.0,0.0
2024-06-18 11:30:00-04:00,39.104000091552734,39.104000091552734,39.08599853515625,39.08599853515625,1735,0.0,0.0,0.0
2024-06-18 12:30:00-04:00,39.05670166015625,39.08000183105469,39.05670166015625,39.08000183105469,1076,0.0,0.0,0.0
2024-06-18 13:30:00-04:00,39.08000183105469,39.09000015258789,39.08000183105469,39.08000183105469,1939,0.0,0.0,0.0
2024-06-18 15:30:00-04:00,39.099998474121094,39.11000061035156,39.099998474121094,39.099998474121094,2172,0.0,0.0,0.0
2024-06-20 09:30:00-04:00,39.13999938964844,39.13999938964844,39.07630157470703,39.07630157470703,0,0.0,0.0,0.0
2024-06-20 10:30:00-04:00,39.117000579833984,39.119998931884766,39.11470031738281,39.11470031738281,2039,0.0,0.0,0.0
2024-06-20 12:30:00-04:00,39.099998474121094,39.099998474121094,39.099998474121094,39.099998474121094,1823,0.0,0.0,0.0
2024-06-20 14:30:00-04:00,39.07149887084961,39.11000061035156,39.070098876953125,39.070098876953125,11687,0.0,0.0,0.0
2024-06-20 15:30:00-04:00,39.11000061035156,39.11000061035156,39.071998596191406,39.09159851074219,9085,0.0,0.0,0.0
2024-06-21 09:30:00-04:00,39.119998931884766,39.119998931884766,39.0974006652832,39.0974006652832,0,0.0,0.0,0.0
2024-06-21 10:30:00-04:00,39.085601806640625,39.11750030517578,39.085601806640625,39.11750030517578,306,0.0,0.0,0.0
2024-06-21 11:30:00-04:00,39.099998474121094,39.130001068115234,39.099998474121094,39.108699798583984,6807,0.0,0.0,0.0
2024-06-21 12:30:00-04:00,39.11259841918945,39.11259841918945,39.11259841918945,39.11259841918945,367,0.0,0.0,0.0
2024-06-21 13:30:00-04:00,39.08000183105469,39.08000183105469,39.08000183105469,39.08000183105469,100,0.0,0.0,0.0
2024-06-21 14:30:00-04:00,39.129798889160156,39.129798889160156,39.08000183105469,39.08000183105469,4600,0.0,0.0,0.0
2024-06-21 15:30:00-04:00,39.12379837036133,39.12379837036133,39.10499954223633,39.119998931884766,1700,0.0,0.0,0.0
2024-06-24 09:30:00-04:00,39.08000183105469,39.08000183105469,39.08000183105469,39.08000183105469,0,0.0,0.0,0.0
2024-06-24 11:30:00-04:00,39.11899948120117,39.11899948120117,39.11899948120117,39.11899948120117,157,0.0,0.0,0.0
2024-06-24 12:30:00-04:00,39.13999938964844,39.13999938964844,39.09629821777344,39.13999938964844,1292,0.0,0.0,0.0
2024-06-24 13:30:00-04:00,39.150001525878906,39.150001525878906,39.099998474121094,39.099998474121094,4546,0.0,0.0,0.0
2024-06-24 14:30:00-04:00,39.09000015258789,39.16189956665039,39.09000015258789,39.15999984741211,4334,0.0,0.0,0.0
2024-06-24 15:30:00-04:00,39.150001525878906,39.150001525878906,39.119998931884766,39.150001525878906,1882,0.0,0.0,0.0
2024-06-25 09:30:00-04:00,39.119998931884766,39.119998931884766,39.119998931884766,39.119998931884766,0,0.0,0.0,0.0
2024-06-25 10:30:00-04:00,39.130001068115234,39.130001068115234,39.130001068115234,39.130001068115234,500,0.0,0.0,0.0
2024-06-25 12:30:00-04:00,39.15999984741211,39.15999984741211,39.150001525878906,39.150001525878906,2049,0.0,0.0,0.0
2024-06-25 13:30:00-04:00,39.15129852294922,39.15129852294922,39.15129852294922,39.15129852294922,452,0.0,0.0,0.0
2024-06-25 14:30:00-04:00,39.14540100097656,39.14540100097656,39.14500045776367,39.14500045776367,1771,0.0,0.0,0.0
2024-06-25 15:30:00-04:00,39.14250183105469,39.14250183105469,39.14250183105469,39.14250183105469,0,0.0,0.0,0.0
2024-06-26 09:30:00-04:00,39.130001068115234,39.130001068115234,39.130001068115234,39.130001068115234,1811,0.0,0.0,0.0
2024-06-26 10:30:00-04:00,39.142398834228516,39.142398834228516,39.112300872802734,39.123199462890625,2873,0.0,0.0,0.0
2024-06-26 11:30:00-04:00,39.11000061035156,39.15999984741211,39.099998474121094,39.15999984741211,2122,0.0,0.0,0.0
2024-06-26 12:30:00-04:00,39.10219955444336,39.139801025390625,39.10219955444336,39.139801025390625,2977,0.0,0.0,0.0
2024-06-26 13:30:00-04:00,39.130001068115234,39.15999984741211,39.099998474121094,39.099998474121094,3014,0.0,0.0,0.0
2024-06-26 14:30:00-04:00,39.130001068115234,39.13999938964844,39.130001068115234,39.13999938964844,3544,0.0,0.0,0.0
2024-06-26 15:30:00-04:00,39.140098571777344,39.14500045776367,39.140098571777344,39.14500045776367,0,0.0,0.0,0.0
2024-06-27 09:30:00-04:00,38.91529846191406,38.91529846191406,38.910099029541016,38.910099029541016,443,0.0,0.0,0.0
2024-06-27 10:30:00-04:00,38.955101013183594,38.955101013183594,38.955101013183594,38.955101013183594,2016,0.0,0.0,0.0
2024-06-27 12:30:00-04:00,38.90999984741211,38.90999984741211,38.90999984741211,38.90999984741211,184,0.0,0.0,0.0
2024-06-27 13:30:00-04:00,38.94200134277344,38.959999084472656,38.94200134277344,38.959999084472656,400,0.0,0.0,0.0
2024-06-27 15:30:00-04:00,38.939998626708984,38.939998626708984,38.915000915527344,38.915000915527344,1700,0.0,0.0,0.0
2024-06-28 09:30:00-04:00,38.9900016784668,38.9900016784668,38.9900016784668,38.9900016784668,0,0.0,0.0,0.0
2024-06-28 11:30:00-04:00,38.96500015258789,38.96500015258789,38.959999084472656,38.959999084472656,251,0.0,0.0,0.0
2024-06-28 12:30:00-04:00,38.96080017089844,38.98160171508789,38.96080017089844,38.98160171508789,436,0.0,0.0,0.0
2024-06-28 13:30:00-04:00,38.970001220703125,38.970001220703125,38.970001220703125,38.970001220703125,12201,0.0,0.0,0.0
2024-06-28 15:30:00-04:00,38.939998626708984,38.939998626708984,38.939998626708984,38.939998626708984,2298,0.0,0.0,0.0
2024-07-01 09:30:00-04:00,38.970001220703125,38.970001220703125,38.95500183105469,38.970001220703125,0,0.0,0.0,0.0
2024-07-01 10:30:00-04:00,39.00519943237305,39.00519943237305,39.00519943237305,39.00519943237305,128,0.0,0.0,0.0
2024-07-01 12:30:00-04:00,38.989898681640625,38.989898681640625,38.989898681640625,38.989898681640625,2075,0.0,0.0,0.0
2024-07-01 13:30:00-04:00,38.97999954223633,38.97999954223633,38.939998626708984,38.939998626708984,10169,0.0,0.0,0.0
2024-07-01 15:30:00-04:00,38.970001220703125,38.970001220703125,38.959999084472656,38.959999084472656,918,0.0,0.0,0.0
2024-07-02 09:30:00-04:00,38.970001220703125,38.970001220703125,38.970001220703125,38.970001220703125,0,0.0,0.0,0.0
2024-07-02 10:30:00-04:00,38.98400115966797,39.014801025390625,38.98400115966797,39.014801025390625,2466,0.0,0.0,0.0
2024-07-02 12:30:00-04:00,39.00389862060547,39.02000045776367,39.00279998779297,39.00279998779297,11423,0.0,0.0,0.0
2024-07-02 13:30:00-04:00,39.015201568603516,39.040000915527344,39.0099983215332,39.040000915527344,16837,0.0,0.0,0.0
2024-07-02 14:30:00-04:00,39.029998779296875,39.029998779296875,39.029998779296875,39.029998779296875,1371,0.0,0.0,0.0
2024-07-02 15:30:00-04:00,39.029998779296875,39.029998779296875,39.025001525878906,39.025001525878906,0,0.0,0.0,0.0
2024-07-03 10:30:00-04:00,39.029998779296875,39.03499984741211,39.029998779296875,39.03499984741211,593,0.0,0.0,0.0
2024-07-05 09:30:00-04:00,39.06999969482422,39.06999969482422,39.060001373291016,39.060001373291016,8288,0.0,0.0,0.0
2024-07-05 10:30:00-04:00,39.05289840698242,39.05289840698242,39.04999923706055,39.04999923706055,3506,0.0,0.0,0.0
2024-07-05 11:30:00-04:00,39.04999923706055,39.04999923706055,39.04999923706055,39.04999923706055,178,0.0,0.0,0.0
2024-07-05 13:30:00-04:00,39.040000915527344,39.04999923706055,39.040000915527344,39.04999923706055,200,0.0,0.0,0.0
2024-07-05 14:30:00-04:00,39.04999923706055,39.04999923706055,39.04999923706055,39.04999923706055,100,0.0,0.0,0.0
2024-07-05 15:30:00-04:00,39.04999923706055,39.04999923706055,39.04999923706055,39.04999923706055,367,0.0,0.0,0.0
2024-07-08 09:30:00-04:00,39.060001373291016,39.06999969482422,39.060001373291016,39.06999969482422,0,0.0,0.0,0.0
2024-07-08 10:30:00-04:00,39.060001373291016,39.060001373291016,39.060001373291016,39.060001373291016,262,0.0,0.0,0.0
2024-07-08 11:30:00-04:00,39.060001373291016,39.060001373291016,39.060001373291016,39.060001373291016,100,0.0,0.0,0.0
2024-07-08 12:30:00-04:00,39.060001373291016,39.0635986328125,39.060001373291016,39.060001373291016,707,0.0,0.0,0.0
2024-07-08 13:30:00-04:00,39.06990051269531,39.06990051269531,39.069698333740234,39.069698333740234,625,0.0,0.0,0.0
2024-07-08 14:30:00-04:00,39.06330108642578,39.06330108642578,39.06330108642578,39.06330108642578,183,0.0,0.0,0.0
2024-07-08 15:30:00-04:00,39.06999969482422,39.06999969482422,39.05500030517578,39.05500030517578,0,0.0,0.0,0.0
2024-07-09 09:30:00-04:00,39.09000015258789,39.09000015258789,39.060001373291016,39.09000015258789,5487,0.0,0.0,0.0
2024-07-09 12:30:00-04:00,39.06999969482422,39.079898834228516,39.06999969482422,39.079898834228516,1494,0.0,0.0,0.0
2024-07-09 13:30:00-04:00,39.08000183105469,39.08000183105469,39.08000183105469,39.08000183105469,258,0.0,0.0,0.0
2024-07-09 15:30:00-04:00,39.08000183105469,39.08000183105469,39.06999969482422,39.06999969482422,0,0.0,0.0,0.0
2024-07-10 09:30:00-04:00,39.08000183105469,39.099098205566406,39.08000183105469,39.099098205566406,5006,0.0,0.0,0.0
2024-07-10 12:30:00-04:00,39.081600189208984,39.081600189208984,39.070098876953125,39.08000183105469,4708,0.0,0.0,0.0
2024-07-10 13:30:00-04:00,39.06999969482422,39.06999969482422,39.060001373291016,39.06999969482422,1744,0.0,0.0,0.0
2024-07-10 14:30:00-04:00,39.07429885864258,39.07429885864258,39.07429885864258,39.07429885864258,139,0.0,0.0,0.0
2024-07-10 15:30:00-04:00,39.06999969482422,39.06999969482422,39.06999969482422,39.06999969482422,133,0.0,0.0,0.0
2024-07-11 09:30:00-04:00,39.15999984741211,39.15999984741211,39.09000015258789,39.09000015258789,0,0.0,0.0,0.0
2024-07-11 11:30:00-04:00,39.13999938964844,39.13999938964844,39.0880012512207,39.0880012512207,2094,0.0,0.0,0.0
2024-07-11 12:30:00-04:00,39.08000183105469,39.099998474121094,39.08000183105469,39.095001220703125,4232,0.0,0.0,0.0
2024-07-11 13:30:00-04:00,39.11000061035156,39.119998931884766,39.11000061035156,39.119998931884766,4659,0.0,0.0,0.0
2024-07-11 14:30:00-04:00,39.119998931884766,39.119998931884766,39.08000183105469,39.099998474121094,12543,0.0,0.0,0.0
2024-07-12 09:30:00-04:00,39.119998931884766,39.119998931884766,39.090999603271484,39.090999603271484,0,0.0,0.0,0.0
2024-07-12 12:30:00-04:00,39.099998474121094,39.11000061035156,39.099998474121094,39.11000061035156,3053,0.0,0.0,0.0
2024-07-12 13:30:00-04:00,39.119998931884766,39.119998931884766,39.106998443603516,39.106998443603516,1478,0.0,0.0,0.0
2024-07-12 14:30:00-04:00,39.10749816894531,39.10749816894531,39.10749816894531,39.10749816894531,639,0.0,0.0,0.0
2024-07-12 15:30:00-04:00,39.102901458740234,39.11000061035156,39.09000015258789,39.09000015258789,1839,0.0,0.0,0.0
2024-07-15 09:30:00-04:00,39.119998931884766,39.119998931884766,39.10580062866211,39.10580062866211,0,0.0,0.0,0.0
2024-07-15 10:30:00-04:00,39.100101470947266,39.100101470947266,39.100101470947266,39.100101470947266,902,0.0,0.0,0.0
2024-07-15 11:30:00-04:00,39.099998474121094,39.103599548339844,39.099998474121094,39.103599548339844,1529,0.0,0.0,0.0
2024-07-15 12:30:00-04:00,39.08000183105469,39.101898193359375,39.08000183105469,39.095001220703125,1043,0.0,0.0,0.0
2024-07-15 13:30:00-04:00,39.095001220703125,39.119998931884766,39.0,39.08000183105469,104291,0.0,0.0,0.0
2024-07-15 14:30:00-04:00,39.08000183105469,39.08000183105469,39.0099983215332,39.060001373291016,210686,0.0,0.0,0.0
2024-07-15 15:30:00-04:00,39.060001373291016,39.06999969482422,39.029998779296875,39.059898376464844,0,0.0,0.0,0.0
2024-07-16 09:30:00-04:00,39.06999969482422,39.06999969482422,39.06999969482422,39.06999969482422,1653,0.0,0.0,0.0
2024-07-16 10:30:00-04:00,39.094398498535156,39.094398498535156,39.040000915527344,39.040000915527344,1149,0.0,0.0,0.0
2024-07-16 12:30:00-04:00,39.09989929199219,39.09989929199219,39.09989929199219,39.09989929199219,0,0.0,0.0,0.0
2024-07-16 13:30:00-04:00,39.04010009765625,39.08530044555664,39.040000915527344,39.08530044555664,9393,0.0,0.0,0.0
2024-07-16 14:30:00-04:00,39.06999969482422,39.06999969482422,39.06999969482422,39.06999969482422,330,0.0,0.0,0.0
2024-07-16 15:30:00-04:00,39.060001373291016,39.060001373291016,39.060001373291016,39.060001373291016,552,0.0,0.0,0.0
2024-07-17 09:30:00-04:00,39.029998779296875,39.06999969482422,39.029998779296875,39.06999969482422,0,0.0,0.0,0.0
2024-07-17 11:30:00-04:00,39.07500076293945,39.07500076293945,39.07500076293945,39.07500076293945,106,0.0,0.0,0.0
2024-07-17 12:30:00-04:00,39.06999969482422,39.06999969482422,39.060001373291016,39.06999969482422,2372,0.0,0.0,0.0
2024-07-17 13:30:00-04:00,39.060001373291016,39.06990051269531,39.029998779296875,39.06990051269531,4121,0.0,0.0,0.0
2024-07-17 14:30:00-04:00,39.060001373291016,39.06990051269531,39.02439880371094,39.060001373291016,31309,0.0,0.0,0.0
2024-07-17 15:30:00-04:00,39.06399917602539,39.06990051269531,39.02000045776367,39.04890060424805,0,0.0,0.0,0.0
2024-07-18 10:30:00-04:00,39.08000183105469,39.109500885009766,39.04999923706055,39.04999923706055,8050,0.0,0.0,0.0
2024-07-18 12:30:00-04:00,39.08000183105469,39.084999084472656,39.08000183105469,39.084999084472656,3137,0.0,0.0,0.0
2024-07-18 13:30:00-04:00,39.11000061035156,39.11000061035156,39.11000061035156,39.11000061035156,200,0.0,0.0,0.0
2024-07-18 14:30:00-04:00,39.0640983581543,39.109901428222656,39.04999923706055,39.10380172729492,9964,0.0,0.0,0.0
2024-07-18 15:30:00-04:00,39.04999923706055,39.08000183105469,39.04999923706055,39.08000183105469,720,0.0,0.0,0.0
2024-07-19 09:30:00-04:00,39.071998596191406,39.071998596191406,39.06999969482422,39.06999969482422,0,0.0,0.0,0.0
2024-07-19 10:30:00-04:00,39.079898834228516,39.08000183105469,39.0796012878418,39.0796012878418,6320,0.0,0.0,0.0
2024-07-19 11:30:00-04:00,39.07500076293945,39.079898834228516,39.07500076293945,39.079898834228516,1600,0.0,0.0,0.0
2024-07-19 12:30:00-04:00,39.070899963378906,39.079898834228516,39.070899963378906,39.079898834228516,1230,0.0,0.0,0.0
2024-07-19 13:30:00-04:00,39.08000183105469,39.08000183105469,39.06999969482422,39.08000183105469,2243,0.0,0.0,0.0
2024-07-19 14:30:00-04:00,39.06999969482422,39.06999969482422,39.06999969482422,39.06999969482422,177,0.0,0.0,0.0
2024-07-19 15:30:00-04:00,39.06999969482422,39.08000183105469,39.064998626708984,39.06999969482422,6117,0.0,0.0,0.0
2024-07-22 09:30:00-04:00,39.099998474121094,39.099998474121094,39.08000183105469,39.08000183105469,0,0.0,0.0,0.0
2024-07-22 10:30:00-04:00,39.09000015258789,39.09000015258789,39.09000015258789,39.09000015258789,264,0.0,0.0,0.0
2024-07-22 11:30:00-04:00,39.09989929199219,39.09989929199219,39.091800689697266,39.091800689697266,2712,0.0,0.0,0.0
2024-07-22 12:30:00-04:00,39.08000183105469,39.099998474121094,39.08000183105469,39.09989929199219,3304,0.0,0.0,0.0
2024-07-22 14:30:00-04:00,39.09000015258789,39.09000015258789,39.09000015258789,39.09000015258789,2102,0.0,0.0,0.0
2024-07-22 15:30:00-04:00,39.09000015258789,39.09000015258789,38.84000015258789,38.91999816894531,3666,0.0,0.0,0.0
2024-07-23 09:30:00-04:00,39.119998931884766,39.119998931884766,39.119598388671875,39.119598388671875,0,0.0,0.0,0.0
2024-07-23 10:30:00-04:00,39.08000183105469,39.11989974975586,39.08000183105469,39.11989974975586,1406,0.0,0.0,0.0
2024-07-23 11:30:00-04:00,39.10179901123047,39.10179901123047,39.10179901123047,39.10179901123047,1130,0.0,0.0,0.0
2024-07-23 13:30:00-04:00,39.1067008972168,39.12189865112305,39.1067008972168,39.121700286865234,6516,0.0,0.0,0.0
2024-07-23 14:30:00-04:00,39.119998931884766,39.119998931884766,39.09870147705078,39.09870147705078,5713,0.0,0.0,0.0
2024-07-23 15:30:00-04:00,39.119998931884766,39.119998931884766,39.088199615478516,39.088199615478516,0,0.0,0.0,0.0
2024-07-24 10:30:00-04:00,39.09000015258789,39.09000015258789,39.09000015258789,39.09000015258789,175,0.0,0.0,0.0
2024-07-24 11:30:00-04:00,39.09000015258789,39.09000015258789,39.09000015258789,39.09000015258789,645,0.0,0.0,0.0
2024-07-24 12:30:00-04:00,39.142398834228516,39.142398834228516,39.142398834228516,39.142398834228516,603,0.0,0.0,0.0
2024-07-24 13:30:00-04:00,39.104000091552734,39.104000091552734,39.104000091552734,39.104000091552734,1036,0.0,0.0,0.0
2024-07-24 15:30:00-04:00,39.10850143432617,39.10850143432617,39.07400131225586,39.07400131225586,0,0.0,0.0,0.0
2024-07-25 09:30:00-04:00,39.099998474121094,39.099998474121094,39.099998474121094,39.099998474121094,108,0.0,0.0,0.0
2024-07-25 11:30:00-04:00,39.124000549316406,39.124000549316406,39.124000549316406,39.124000549316406,495,0.0,0.0,0.0
2024-07-25 12:30:00-04:00,39.119998931884766,39.119998931884766,39.119998931884766,39.119998931884766,383,0.0,0.0,0.0
2024-07-25 13:30:00-04:00,39.1150016784668,39.1150016784668,39.09000015258789,39.09000015258789,583,0.0,0.0,0.0
2024-07-25 14:30:00-04:00,39.09000015258789,39.1338005065918,39.09000015258789,39.1150016784668,2321,0.0,0.0,0.0
2024-07-26 09:30:00-04:00,39.15999984741211,39.15999984741211,39.130001068115234,39.130001068115234,0,0.0,0.0,0.0
2024-07-26 10:30:00-04:00,39.133399963378906,39.13999938964844,39.133399963378906,39.13999938964844,2232,0.0,0.0,0.0
2024-07-26 11:30:00-04:00,39.148101806640625,39.148101806640625,39.148101806640625,39.148101806640625,1399,0.0,0.0,0.0
2024-07-26 14:30:00-04:00,39.150001525878906,39.150001525878906,39.119998931884766,39.130001068115234,1274,0.0,0.0,0.0
2024-07-29 09:30:00-04:00,39.13970184326172,39.169700622558594,39.13970184326172,39.169700622558594,0,0.0,0.0,0.0
2024-07-29 11:30:00-04:00,39.162200927734375,39.16600036621094,39.154998779296875,39.154998779296875,2039,0.0,0.0,0.0
2024-07-29 12:30:00-04:00,39.154998779296875,39.16640090942383,39.140201568603516,39.140201568603516,4018,0.0,0.0,0.0
2024-07-29 13:30:00-04:00,39.154998779296875,39.154998779296875,39.154998779296875,39.154998779296875,667,0.0,0.0,0.0
2024-07-29 14:30:00-04:00,39.154998779296875,39.16999816894531,39.13999938964844,39.13999938964844,1923,0.0,0.0,0.0
2024-07-29 15:30:00-04:00,39.13999938964844,39.13999938964844,39.13999938964844,39.13999938964844,1161,0.0,0.0,0.0
2024-07-30 09:30:00-04:00,38.939998626708984,38.95429992675781,38.91709899902344,38.95429992675781,0,0.0,0.0,0.0
2024-07-30 10:30:00-04:00,38.959999084472656,38.959999084472656,38.959999084472656,38.959999084472656,336,0.0,0.0,0.0
2024-07-30 12:30:00-04:00,38.93000030517578,38.949501037597656,38.93000030517578,38.937198638916016,2802,0.0,0.0,0.0
2024-07-30 13:30:00-04:00,38.95000076293945,38.95000076293945,38.94609832763672,38.95000076293945,5769,0.0,0.0,0.0
2024-07-30 14:30:00-04:00,38.95000076293945,38.95000076293945,38.9281005859375,38.9281005859375,897,0.0,0.0,0.0
2024-07-31 09:30:00-04:00,38.970001220703125,38.970001220703125,38.970001220703125,38.970001220703125,1012,0.0,0.0,0.0
2024-07-31 10:30:00-04:00,38.90999984741211,38.970001220703125,38.90999984741211,38.96820068359375,3988,0.0,0.0,0.0
2024-07-31 11:30:00-04:00,38.96820068359375,38.96910095214844,38.96820068359375,38.96910095214844,1942,0.0,0.0,0.0
2024-07-31 12:30:00-04:00,38.970001220703125,38.970001220703125,38.970001220703125,38.970001220703125,102,0.0,0.0,0.0
2024-07-31 13:30:00-04:00,38.91320037841797,38.959999084472656,38.91320037841797,38.959999084472656,1226,0.0,0.0,0.0
2024-07-31 14:30:00-04:00,38.95439910888672,38.95439910888672,38.95439910888672,38.95439910888672,1160,0.0,0.0,0.0
2024-07-31 15:30:00-04:00,38.970001220703125,38.970001220703125,38.941001892089844,38.941001892089844,185,0.0,0.0,0.0
2024-08-01 09:30:00-04:00,38.95000076293945,38.97359848022461,38.95000076293945,38.95000076293945,360,0.0,0.0,0.0
2024-08-01 11:30:00-04:00,38.975799560546875,38.975799560546875,38.975799560546875,38.975799560546875,1035,0.0,0.0,0.0
2024-08-01 12:30:00-04:00,38.91999816894531,38.91999816894531,38.91999816894531,38.91999816894531,111,0.0,0.0,0.0
2024-08-01 13:30:00-04:00,38.97999954223633,38.97999954223633,38.869998931884766,38.869998931884766,14019,0.0,0.0,0.0
2024-08-01 14:30:00-04:00,38.88999938964844,38.88999938964844,38.88999938964844,38.88999938964844,3959,0.0,0.0,0.0
2024-08-01 15:30:00-04:00,38.88999938964844,38.93000030517578,38.88819885253906,38.93000030517578,0,0.0,0.0,0.0
2024-08-02 10:30:00-04:00,38.9640007019043,38.9640007019043,38.9640007019043,38.9640007019043,352,0.0,0.0,0.0
2024-08-02 11:30:00-04:00,39.0,39.0,39.0,39.0,6974,0.0,0.0,0.0
2024-08-02 14:30:00-04:00,38.97090148925781,38.97090148925781,38.9630012512207,38.9630012512207,1200,0.0,0.0,0.0
2024-08-05 09:30:00-04:00,38.93000030517578,38.93000030517578,38.88999938964844,38.88999938964844,0,0.0,0.0,0.0
2024-08-05 12:30:00-04:00,38.88999938964844,38.904998779296875,38.88999938964844,38.904998779296875,3381,0.0,0.0,0.0
2024-08-05 14:30:00-04:00,38.90999984741211,38.959999084472656,38.79999923706055,38.959999084472656,144990,0.0,0.0,0.0
2024-08-05 15:30:00-04:00,38.9900016784668,39.040000915527344,38.980098724365234,39.0,3551,0.0,0.0,0.0
2024-08-06 09:30:00-04:00,39.09000015258789,39.09000015258789,39.09000015258789,39.09000015258789,0,0.0,0.0,0.0
2024-08-06 11:30:00-04:00,38.99639892578125,38.99639892578125,38.99639892578125,38.99639892578125,1194,0.0,0.0,0.0
2024-08-06 12:30:00-04:00,39.0,39.0,39.0,39.0,500,0.0,0.0,0.0
2024-08-06 13:30:00-04:00,39.0,39.02000045776367,38.961700439453125,39.0,3244,0.0,0.0,0.0
2024-08-06 14:30:00-04:00,39.029998779296875,39.029998779296875,38.9900016784668,39.029998779296875,6704,0.0,0.0,0.0
2024-08-06 15:30:00-04:00,39.029998779296875,39.029998779296875,39.025001525878906,39.025001525878906,800,0.0,0.0,0.0
2024-08-07 09:30:00-04:00,38.95000076293945,38.95000076293945,38.95000076293945,38.95000076293945,0,0.0,0.0,0.0
2024-08-07 10:30:00-04:00,38.95000076293945,39.0,38.95000076293945,39.0,1723,0.0,0.0,0.0
2024-08-07 11:30:00-04:00,38.959999084472656,38.959999084472656,38.959999084472656,38.959999084472656,142,0.0,0.0,0.0
2024-08-07 12:30:00-04:00,38.97999954223633,38.97999954223633,38.97999954223633,38.97999954223633,668,0.0,0.0,0.0
2024-08-07 13:30:00-04:00,38.9922981262207,38.9922981262207,38.9922981262207,38.9922981262207,560,0.0,0.0,0.0
2024-08-07 14:30:00-04:00,38.970401763916016,39.00550079345703,38.970401763916016,39.00550079345703,2103,0.0,0.0,0.0
2024-08-08 09:30:00-04:00,38.97999954223633,38.9900016784668,38.97999954223633,38.982398986816406,5013,0.0,0.0,0.0
2024-08-08 10:30:00-04:00,38.9900016784668,39.04990005493164,38.9900016784668,39.0,5048,0.0,0.0,0.0
2024-08-08 11:30:00-04:00,39.0,39.0,39.0,39.0,1269,0.0,0.0,0.0
2024-08-08 12:30:00-04:00,38.9900016784668,39.0,38.97999954223633,38.999000549316406,2857,0.0,0.0,0.0
2024-08-08 13:30:00-04:00,38.97999954223633,39.0,38.97999954223633,39.0,673,0.0,0.0,0.0
2024-08-08 14:30:00-04:00,39.0099983215332,39.0099983215332,39.0,39.0,648,0.0,0.0,0.0
2024-08-08 15:30:00-04:00,39.0099983215332,39.0099983215332,39.0,39.00899887084961,3844,0.0,0.0,0.0
2024-08-09 09:30:00-04:00,38.959999084472656,38.959999084472656,38.959999084472656,38.959999084472656,0,0.0,0.0,0.0
2024-08-09 10:30:00-04:00,38.96229934692383,39.02000045776367,38.96229934692383,38.997501373291016,7979,0.0,0.0,0.0
2024-08-09 11:30:00-04:00,39.0099983215332,39.0099983215332,39.00450134277344,39.0099983215332,700,0.0,0.0,0.0
2024-08-09 12:30:00-04:00,38.98500061035156,39.0099983215332,38.98500061035156,38.9900016784668,725,0.0,0.0,0.0
2024-08-09 13:30:00-04:00,39.0099983215332,39.0099983215332,39.0099983215332,39.0099983215332,119,0.0,0.0,0.0
2024-08-09 14:30:00-04:00,39.0099983215332,39.0099983215332,39.0099983215332,39.0099983215332,100,0.0,0.0,0.0
2024-08-12 09:30:00-04:00,38.970001220703125,39.02000045776367,38.970001220703125,39.02000045776367,0,0.0,0.0,0.0
2024-08-12 13:30:00-04:00,39.005001068115234,39.005001068115234,39.005001068115234,39.005001068115234,619,0.0,0.0,0.0
2024-08-12 14:30:00-04:00,38.9900016784668,38.9900016784668,38.970001220703125,38.970001220703125,560,0.0,0.0,0.0
2024-08-12 15:30:00-04:00,39.02000045776367,39.150001525878906,39.02000045776367,39.09000015258789,0,0.0,0.0,0.0
2024-08-13 11:30:00-04:00,39.029998779296875,39.029998779296875,39.029998779296875,39.029998779296875,904,0.0,0.0,0.0
2024-08-13 14:30:00-04:00,39.01250076293945,39.02000045776367,39.01250076293945,39.015201568603516,1265,0.0,0.0,0.0
2024-08-14 09:30:00-04:00,39.029998779296875,39.060001373291016,39.010101318359375,39.060001373291016,5339,0.0,0.0,0.0
2024-08-14 11:30:00-04:00,39.02579879760742,39.02579879760742,39.02579879760742,39.02579879760742,719,0.0,0.0,0.0
2024-08-14 14:30:00-04:00,39.029998779296875,39.04999923706055,39.029998779296875,39.04999923706055,4036,0.0,0.0,0.0
2024-08-14 15:30:00-04:00,39.04999923706055,39.04999923706055,39.03020095825195,39.03020095825195,0,0.0,0.0,0.0
2024-08-15 09:30:00-04:00,39.029998779296875,39.06999969482422,39.029998779296875,39.06999969482422,9914,0.0,0.0,0.0
2024-08-15 10:30:00-04:00,39.06999969482422,39.06999969482422,39.016300201416016,39.016300201416016,1126,0.0,0.0,0.0
2024-08-15 11:30:00-04:00,39.029998779296875,39.06999969482422,39.029998779296875,39.06999969482422,13842,0.0,0.0,0.0
2024-08-15 12:30:00-04:00,39.06999969482422,39.06999969482422,39.04330062866211,39.060001373291016,14636,0.0,0.0,0.0
2024-08-15 13:30:00-04:00,39.06999969482422,39.06999969482422,39.06999969482422,39.06999969482422,582,0.0,0.0,0.0
2024-08-15 14:30:00-04:00,39.06999969482422,39.06999969482422,39.065101623535156,39.06999969482422,1480,0.0,0.0,0.0
2024-08-15 15:30:00-04:00,39.06999969482422,39.06999969482422,39.06800079345703,39.06800079345703,600,0.0,0.0,0.0
2024-08-16 09:30:00-04:00,39.08000183105469,39.08000183105469,39.08000183105469,39.08000183105469,0,0.0,0.0,0.0
2024-08-16 10:30:00-04:00,39.060001373291016,39.060001373291016,39.060001373291016,39.060001373291016,17282,0.0,0.0,0.0
2024-08-16 11:30:00-04:00,39.060001373291016,39.060001373291016,39.060001373291016,39.060001373291016,220,0.0,0.0,0.0
2024-08-16 12:30:00-04:00,39.075199127197266,39.08000183105469,39.060001373291016,39.08000183105469,1300,0.0,0.0,0.0
2024-08-16 13:30:00-04:00,39.06340026855469,39.08000183105469,39.055599212646484,39.08000183105469,2618,0.0,0.0,0.0
2024-08-16 14:30:00-04:00,39.08000183105469,39.08000183105469,39.07630157470703,39.08000183105469,896,0.0,0.0,0.0
2024-08-16 15:30:00-04:00,39.08000183105469,39.08000183105469,39.06520080566406,39.06520080566406,200,0.0,0.0,0.0
2024-08-19 09:30:00-04:00,39.15999984741211,39.15999984741211,39.06800079345703,39.06800079345703,0,0.0,0.0,0.0
2024-08-19 10:30:00-04:00,39.060001373291016,39.11000061035156,39.05009841918945,39.11000061035156,671,0.0,0.0,0.0
2024-08-19 11:30:00-04:00,39.119998931884766,39.119998931884766,39.11000061035156,39.11000061035156,1408,0.0,0.0,0.0
2024-08-19 12:30:00-04:00,39.05009841918945,39.11000061035156,39.05009841918945,39.11000061035156,4111,0.0,0.0,0.0
2024-08-19 13:30:00-04:00,39.11000061035156,39.119998931884766,39.084999084472656,39.084999084472656,2721,0.0,0.0,0.0
2024-08-19 14:30:00-04:00,39.11899948120117,39.209999084472656,39.11000061035156,39.12900161743164,5070,0.0,0.0,0.0
2024-08-19 15:30:00-04:00,39.12799835205078,39.12900161743164,39.11479949951172,39.11479949951172,200,0.0,0.0,0.0
2024-08-20 09:30:00-04:00,39.130001068115234,39.130001068115234,39.08000183105469,39.08000183105469,0,0.0,0.0,0.0
2024-08-20 10:30:00-04:00,39.119998931884766,39.119998931884766,39.09809875488281,39.09809875488281,804,0.0,0.0,0.0
2024-08-20 11:30:00-04:00,39.119998931884766,39.119998931884766,39.082698822021484,39.119998931884766,1221,0.0,0.0,0.0
2024-08-20 12:30:00-04:00,39.08000183105469,39.130001068115234,39.08000183105469,39.130001068115234,511,0.0,0.0,0.0
2024-08-20 13:30:00-04:00,39.1245002746582,39.130001068115234,39.1245002746582,39.130001068115234,11100,0.0,0.0,0.0
2024-08-20 14:30:00-04:00,39.119998931884766,39.12900161743164,39.10499954223633,39.12799835205078,2176,0.0,0.0,0.0
2024-08-20 15:30:00-04:00,39.12799835205078,39.12900161743164,39.104801177978516,39.104801177978516,200,0.0,0.0,0.0
2024-08-21 09:30:00-04:00,39.11000061035156,39.11470031738281,39.11000061035156,39.11470031738281,0,0.0,0.0,0.0
2024-08-21 10:30:00-04:00,39.13460159301758,39.13460159301758,39.13460159301758,39.13460159301758,307,0.0,0.0,0.0
2024-08-21 11:30:00-04:00,39.11000061035156,39.13520050048828,39.11000061035156,39.13520050048828,1381,0.0,0.0,0.0
2024-08-21 12:30:00-04:00,39.13999938964844,39.13999938964844,39.130001068115234,39.13999938964844,697,0.0,0.0,0.0
2024-08-21 13:30:00-04:00,39.13999938964844,39.13999938964844,39.13999938964844,39.13999938964844,750,0.0,0.0,0.0
2024-08-21 14:30:00-04:00,39.13999938964844,39.349998474121094,39.11000061035156,39.150001525878906,39954,0.0,0.0,0.0
2024-08-21 15:30:00-04:00,39.150001525878906,39.150001525878906,39.13010025024414,39.13999938964844,3402,0.0,0.0,0.0
2024-08-22 09:30:00-04:00,39.125,39.129600524902344,39.125,39.129600524902344,0,0.0,0.0,0.0
2024-08-22 11:30:00-04:00,39.130001068115234,39.29999923706055,39.130001068115234,39.16999816894531,18249,0.0,0.0,0.0
2024-08-22 12:30:00-04:00,39.16999816894531,39.18000030517578,39.16999816894531,39.18000030517578,375,0.0,0.0,0.0
2024-08-22 13:30:00-04:00,39.18000030517578,39.18000030517578,39.13999938964844,39.16999816894531,4952,0.0,0.0,0.0
2024-08-22 14:30:00-04:00,39.15999984741211,39.16999816894531,39.15999984741211,39.169700622558594,1021,0.0,0.0,0.0
2024-08-22 15:30:00-04:00,39.16999816894531,39.16999816894531,39.165000915527344,39.165000915527344,1058,0.0,0.0,0.0
2024-08-23 09:30:00-04:00,39.140098571777344,39.18000030517578,39.13999938964844,39.15399932861328,0,0.0,0.0,0.0
2024-08-23 10:30:00-04:00,39.150001525878906,39.15999984741211,39.04999923706055,39.15999984741211,40300,0.0,0.0,0.0
2024-08-23 13:30:00-04:00,39.130001068115234,39.15999984741211,39.099998474121094,39.15999984741211,3058,0.0,0.0,0.0
2024-08-23 14:30:00-04:00,39.15999984741211,39.15999984741211,39.15140151977539,39.15140151977539,468,0.0,0.0,0.0
2024-08-23 15:30:00-04:00,39.13999938964844,39.15999984741211,39.119998931884766,39.15999984741211,1765,0.0,0.0,0.0
2024-08-26 09:30:00-04:00,39.130001068115234,39.15999984741211,39.11000061035156,39.119998931884766,0,0.0,0.0,0.0
2024-08-26 11:30:00-04:00,39.119998931884766,39.119998931884766,39.119998931884766,39.119998931884766,389,0.0,0.0,0.0
2024-08-26 12:30:00-04:00,39.15999984741211,39.15999984741211,39.130001068115234,39.15999984741211,423,0.0,0.0,0.0
2024-08-26 13:30:00-04:00,39.130001068115234,39.13999938964844,39.119998931884766,39.13999938964844,1414,0.0,0.0,0.0
2024-08-26 14:30:00-04:00,39.15999984741211,39.15999984741211,39.15999984741211,39.15999984741211,294,0.0,0.0,0.0
2024-08-26 15:30:00-04:00,39.15999984741211,39.17499923706055,39.15999984741211,39.16999816894531,1437,0.0,0.0,0.0
2024-08-27 09:30:00-04:00,39.18000030517578,39.18000030517578,39.18000030517578,39.18000030517578,0,0.0,0.0,0.0
2024-08-27 10:30:00-04:00,39.12289810180664,39.12289810180664,39.12289810180664,39.12289810180664,200,0.0,0.0,0.0
2024-08-27 11:30:00-04:00,39.11050033569336,39.171600341796875,39.11050033569336,39.171600341796875,2635,0.0,0.0,0.0
2024-08-27 12:30:00-04:00,39.119998931884766,39.18000030517578,39.119998931884766,39.18000030517578,12131,0.0,0.0,0.0
2024-08-27 13:30:00-04:00,39.15999984741211,39.18000030517578,39.084999084472656,39.16999816894531,71124,0.0,0.0,0.0
2024-08-27 14:30:00-04:00,39.16999816894531,39.18000030517578,39.16999816894531,39.18000030517578,640,0.0,0.0,0.0
2024-08-27 15:30:00-04:00,39.16999816894531,39.18000030517578,39.16999816894531,39.16999816894531,506,0.0,0.0,0.0
2024-08-28 09:30:00-04:00,39.20000076293945,39.22999954223633,39.182701110839844,39.182701110839844,0,0.0,0.0,0.0
2024-08-28 10:30:00-04:00,39.16999816894531,39.18000030517578,39.16999816894531,39.18000030517578,4200,0.0,0.0,0.0
2024-08-28 12:30:00-04:00,39.18000030517578,39.18000030517578,39.176998138427734,39.18000030517578,1158,0.0,0.0,0.0
2024-08-28 13:30:00-04:00,39.16999816894531,39.18000030517578,39.16999816894531,39.18000030517578,1502,0.0,0.0,0.0
2024-08-28 15:30:00-04:00,39.18000030517578,39.18000030517578,39.18000030517578,39.18000030517578,0,0.0,0.0,0.0
2024-08-29 09:30:00-04:00,38.980098724365234,39.02000045776367,38.980098724365234,39.02000045776367,6480,0.0,0.0,0.0
2024-08-29 10:30:00-04:00,39.02000045776367,39.02000045776367,38.97999954223633,39.0099983215332,1100,0.0,0.0,0.0
2024-08-29 11:30:00-04:00,39.02000045776367,39.02000045776367,39.005001068115234,39.005001068115234,3822,0.0,0.0,0.0
2024-08-29 12:30:00-04:00,39.02000045776367,39.04999923706055,38.9900016784668,39.04999923706055,6821,0.0,0.0,0.0
2024-08-29 13:30:00-04:00,39.040000915527344,39.04999923706055,39.029998779296875,39.040000915527344,42317,0.0,0.0,0.0
2024-08-29 14:30:00-04:00,39.04999923706055,39.06999969482422,39.02009963989258,39.06999969482422,3193,0.0,0.0,0.0
2024-08-29 15:30:00-04:00,39.06999969482422,39.06999969482422,39.049800872802734,39.049800872802734,100,0.0,0.0,0.0
2024-08-30 09:30:00-04:00,39.02000045776367,39.02000045776367,38.980098724365234,39.02000045776367,0,0.0,0.0,0.0
2024-08-30 10:30:00-04:00,39.040000915527344,39.040000915527344,39.040000915527344,39.040000915527344,101,0.0,0.0,0.0
2024-08-30 11:30:00-04:00,39.040000915527344,39.04999923706055,39.03950119018555,39.04999923706055,2972,0.0,0.0,0.0
2024-08-30 12:30:00-04:00,39.04999923706055,39.04999923706055,39.04999923706055,39.04999923706055,100,0.0,0.0,0.0
2024-08-30 13:30:00-04:00,39.03499984741211,39.03499984741211,39.03499984741211,39.03499984741211,413,0.0,0.0,0.0
2024-08-30 14:30:00-04:00,39.03030014038086,39.0348014831543,39.03030014038086,39.0348014831543,415,0.0,0.0,0.0
2024-09-03 09:30:00-04:00,39.00120162963867,39.02000045776367,38.97999954223633,38.9900016784668,0,0.0,0.0,0.0
2024-09-03 10:30:00-04:00,38.9900016784668,39.02000045776367,38.9900016784668,39.02000045776367,812,0.0,0.0,0.0
2024-09-03 11:30:00-04:00,38.97999954223633,39.02000045776367,38.97999954223633,38.9900016784668,1969,0.0,0.0,0.0
2024-09-03 12:30:00-04:00,39.02000045776367,39.02000045776367,38.97999954223633,38.97999954223633,1149,0.0,0.0,0.0
2024-09-03 13:30:00-04:00,39.0099983215332,39.04999923706055,38.97999954223633,39.04999923706055,8869,0.0,0.0,0.0
2024-09-03 14:30:00-04:00,39.04999923706055,39.04999923706055,39.0,39.040000915527344,2926,0.0,0.0,0.0
2024-09-03 15:30:00-04:00,39.040000915527344,39.040000915527344,38.970001220703125,38.970001220703125,0,0.0,0.0,0.0
2024-09-04 09:30:00-04:00,39.029998779296875,39.096500396728516,39.029998779296875,39.05189895629883,38840,0.0,0.0,0.0
2024-09-04 10:30:00-04:00,39.109901428222656,39.109901428222656,39.08000183105469,39.099998474121094,737,0.0,0.0,0.0
2024-09-04 11:30:00-04:00,39.099998474121094,39.11000061035156,39.099998474121094,39.099998474121094,1580,0.0,0.0,0.0
2024-09-04 12:30:00-04:00,39.099998474121094,39.099998474121094,39.099998474121094,39.099998474121094,883,0.0,0.0,0.0
2024-09-04 13:30:00-04:00,39.099998474121094,39.10430145263672,39.060001373291016,39.09000015258789,2636,0.0,0.0,0.0
2024-09-04 14:30:00-04:00,39.09000015258789,39.09560012817383,39.060001373291016,39.06999969482422,4967,0.0,0.0,0.0
2024-09-04 15:30:00-04:00,39.06999969482422,39.06999969482422,39.06999969482422,39.06999969482422,0,0.0,0.0,0.0
2024-09-05 09:30:00-04:00,39.060001373291016,39.060001373291016,39.060001373291016,39.060001373291016,150,0.0,0.0,0.0
2024-09-05 10:30:00-04:00,39.040000915527344,39.040000915527344,39.040000915527344,39.040000915527344,166,0.0,0.0,0.0
2024-09-05 11:30:00-04:00,39.03499984741211,39.03499984741211,39.03499984741211,39.03499984741211,1024,0.0,0.0,0.0
2024-09-05 12:30:00-04:00,39.03499984741211,39.06999969482422,39.03499984741211,39.06999969482422,1194,0.0,0.0,0.0
2024-09-05 13:30:00-04:00,39.06999969482422,39.11000061035156,39.06999969482422,39.11000061035156,401,0.0,0.0,0.0
2024-09-05 14:30:00-04:00,39.11000061035156,39.11000061035156,39.09000015258789,39.09000015258789,739,0.0,0.0,0.0
2024-09-05 15:30:00-04:00,39.099998474121094,39.099998474121094,39.084800720214844,39.084800720214844,865,0.0,0.0,0.0
2024-09-06 09:30:00-04:00,39.04999923706055,39.04999923706055,39.02000045776367,39.04999923706055,0,0.0,0.0,0.0
2024-09-06 10:30:00-04:00,39.04930114746094,39.06589889526367,39.044498443603516,39.06589889526367,4568,0.0,0.0,0.0
2024-09-06 11:30:00-04:00,39.053001403808594,39.053001403808594,39.053001403808594,39.053001403808594,191,0.0,0.0,0.0
2024-09-06 12:30:00-04:00,39.029998779296875,39.06999969482422,39.029998779296875,39.064998626708984,4274,0.0,0.0,0.0
2024-09-06 15:30:00-04:00,39.060001373291016,39.060001373291016,38.880001068115234,39.04999923706055,1130,0.0,0.0,0.0
